Date,Hour,Minute,Generator,Output,Output DA,Curtailment,Unit Market Revenue,Unit Uplift Payment
2019-01-01,0,0,9,0.0,0.0,0.0,0.0,0.0
2019-01-01,0,0,17,0.0,0.0,0.0,0.0,0.0
2019-01-01,0,0,19,0.0,0.0,0.0,0.0,0.0
2019-01-01,0,0,20,0.0,0.0,0.0,0.0,0.0
2019-01-01,0,0,21,0.0,0.0,0.0,0.0,0.0
2019-01-01,0,0,22,0.0,0.0,0.0,0.0,0.0
2019-01-01,0,0,23,56.49,56.49,0.0,2539.707609,0.0
2019-01-01,0,0,24,99.95,99.95,0.0,4493.605514,0.0
2019-01-01,0,0,29,0.0,0.0,0.0,0.0,0.0
2019-01-01,0,0,30,0.0,0.0,0.0,0.0,0.0
2019-01-01,0,0,31,9.14,9.14,0.0,412.622179,0.0
2019-01-01,0,0,32,0.0,0.0,0.0,0.0,0.0
2019-01-01,0,0,33,0.0,0.0,0.0,0.0,0.0
2019-01-01,0,0,34,0.0,0.0,0.0,0.0,0.0
2019-01-01,0,0,35,0.0,0.0,0.0,0.0,0.0
2019-01-01,0,0,36,0.0,0.0,0.0,0.0,0.0
2019-01-01,0,0,37,0.0,0.0,0.0,0.0,0.0
2019-01-01,0,0,38,0.0,0.0,0.0,0.0,0.0
2019-01-01,0,0,39,0.0,0.0,0.0,0.0,0.0
2019-01-01,0,0,40,0.0,0.0,0.0,0.0,0.0
2019-01-01,0,0,41,4.67,4.67,0.0,164.682512,0.0
2019-01-01,0,0,42,0.0,0.0,0.0,0.0,0.0
2019-01-01,0,0,43,0.0,0.0,0.0,0.0,0.0
2019-01-01,0,0,46,0.0,0.0,0.0,0.0,0.0
2019-01-01,0,0,52,9.69,9.69,0.0,437.451741,0.0
2019-01-01,0,0,53,15.39,15.39,0.0,694.776294,0.0
2019-01-01,0,0,55,143.41,143.41,0.0,6447.50342,0.0
2019-01-01,0,0,56,0.0,0.0,0.0,0.0,0.0
2019-01-01,0,0,57,0.0,0.0,0.0,0.0,0.0
2019-01-01,0,0,58,0.0,0.0,0.0,0.0,0.0
2019-01-01,0,0,59,0.0,0.0,0.0,0.0,0.0
2019-01-01,0,0,63,170.0,170.0,0.0,15829.891694,0.0
2019-01-01,0,0,64,200.0,200.0,0.0,18623.401992,0.0
2019-01-01,0,0,65,0.0,0.0,0.0,0.0,0.0
2019-01-01,0,0,67,0.0,0.0,0.0,-0.0,0.0
2019-01-01,0,0,68,10.2,10.2,0.0,-4382.832519,0.0
2019-01-01,0,0,69,0.0,0.0,0.0,0.0,0.0
2019-01-01,0,0,74,0.0,0.0,0.0,0.0,0.0
2019-01-01,0,0,77,200.0,200.0,0.0,-62801.663519,0.0
2019-01-01,0,0,78,151.2,151.2,0.0,-47478.05762,0.0
2019-01-01,0,0,79,87.5,87.5,0.0,-27475.72779,0.0
2019-01-01,0,0,80,141.5,141.5,0.0,-44432.17694,0.0
2019-01-01,0,0,81,185.0,185.0,0.0,-58091.538755,0.0
2019-01-01,0,0,82,130.5,130.5,0.0,-40978.085446,0.0
2019-01-01,0,0,83,291.0,291.0,0.0,-91376.42042,0.0
2019-01-01,0,0,84,0.0,0.0,0.0,0.0,0.0
2019-01-01,0,0,86,0.0,0.0,0.0,0.0,0.0
2019-01-01,0,0,87,0.0,0.0,0.0,0.0,0.0
2019-01-01,0,0,88,170.6,170.6,0.0,-53569.818982,0.0
2019-01-01,0,0,89,164.0,164.0,0.0,-51497.364086,0.0
2019-01-01,0,0,90,220.2,220.2,0.0,-69144.631535,0.0
2019-01-01,0,0,91,785.5,785.5,0.0,-246653.533471,0.0
2019-01-01,0,0,92,282.5,282.5,0.0,-88707.349721,0.0
2019-01-01,0,0,95,9.51,9.51,0.0,184.929366,0.0
2019-01-01,0,0,96,3.62,3.62,0.0,164.127819,0.0
2019-01-01,0,0,97,22.27,22.27,0.0,1009.70346,0.0
2019-01-01,0,0,99,0.0,0.0,0.0,0.0,0.0
2019-01-01,0,0,101,0.0,0.0,0.0,0.0,0.0
2019-01-01,0,0,102,24.15,24.15,0.0,-10377.000523,0.0
2019-01-01,0,0,103,21.0,21.0,0.0,-9023.478716,0.0
2019-01-01,0,0,104,3.9,3.9,0.0,-1675.788904,0.0
2019-01-01,0,0,106,0.0,0.0,0.0,0.0,0.0
2019-01-01,0,0,109,0.0,0.0,0.0,0.0,0.0
2019-01-01,0,0,110,338.6,338.6,0.0,-338600.0,0.0
2019-01-01,0,0,111,0.0,0.0,0.0,0.0,0.0
2019-01-01,0,0,113,143.72,143.72,0.0,-40454.595538,0.0
2019-01-01,0,0,115,143.72,143.72,0.0,-40454.595538,0.0
2019-01-01,0,0,116,0.0,0.0,0.0,-0.0,0.0
2019-01-01,0,0,117,9.58,9.58,0.0,-2696.597727,0.0
2019-01-01,0,0,119,200.0,200.0,0.0,18623.401992,0.0
2019-01-01,0,0,120,117.6,117.6,0.0,10950.560372,0.0
2019-01-01,0,0,123,0.0,0.0,0.0,0.0,0.0
2019-01-01,0,0,125,90.45,90.45,0.0,4066.499438,0.0
2019-01-01,0,0,126,0.0,0.0,0.0,0.0,0.0
2019-01-01,0,0,127,0.0,0.0,0.0,0.0,0.0
2019-01-01,0,0,128,129.54,129.54,0.0,5823.928548,0.0
2019-01-01,0,0,131,30.0,30.0,0.0,-11765.865151,0.0
2019-01-01,0,0,132,44.1,44.1,0.0,-17295.821772,0.0
2019-01-01,0,0,133,0.0,0.0,0.0,0.0,0.0
2019-01-01,0,0,134,0.0,0.0,0.0,0.0,0.0
2019-01-01,0,0,135,0.0,0.0,0.0,0.0,0.0
2019-01-01,0,0,136,0.0,0.0,0.0,0.0,0.0
2019-01-01,0,0,139,6.04,6.04,0.0,212.994083,0.0
2019-01-01,0,0,140,250.6,250.6,0.0,-250600.0,0.0
2019-01-01,0,0,141,230.0,230.0,0.0,-131118.373481,0.0
2019-01-01,0,0,142,0.0,0.0,0.0,-0.0,0.0
2019-01-01,0,0,143,40.73,40.73,0.0,1838.741941,0.0
2019-01-01,0,0,145,2.04,2.04,0.0,79.766051,0.0
2019-01-01,0,0,146,268.0,268.0,0.0,-268000.0,0.0
2019-01-01,0,0,152,0.0,0.0,0.0,0.0,0.0
2019-01-01,0,0,153,0.0,0.0,0.0,0.0,0.0
2019-01-01,0,0,154,0.0,0.0,0.0,0.0,0.0
2019-01-01,0,0,157,250.0,250.0,0.0,-142519.971175,0.0
2019-01-01,0,0,158,0.0,0.0,0.0,-0.0,0.0
2019-01-01,0,0,159,0.0,0.0,0.0,0.0,0.0
2019-01-01,0,0,160,0.0,0.0,0.0,0.0,0.0
2019-01-01,0,0,161,0.0,0.0,0.0,-0.0,0.0
2019-01-01,0,0,162,14.06,14.06,0.0,284.15782,0.0
2019-01-01,0,0,163,185.4,185.4,0.0,-185400.0,0.0
2019-01-01,0,0,164,0.0,0.0,0.0,0.0,0.0
2019-01-01,0,0,167,0.0,0.0,0.0,0.0,0.0
2019-01-01,0,0,168,0.0,0.0,0.0,0.0,0.0
2019-01-01,0,0,169,0.0,0.0,0.0,0.0,0.0
2019-01-01,0,0,170,0.0,0.0,0.0,0.0,0.0
2019-01-01,0,0,172,0.0,0.0,0.0,0.0,0.0
2019-01-01,0,0,173,0.0,0.0,0.0,0.0,0.0
2019-01-01,0,0,188,0.0,0.0,0.0,0.0,0.0
2019-01-01,0,0,190,0.0,0.0,0.0,0.0,0.0
2019-01-01,0,0,191,0.0,0.0,0.0,0.0,0.0
2019-01-01,0,0,192,332.6,332.6,0.0,10785.405497,0.0
2019-01-01,0,0,194,176.5,176.5,0.0,-25880.884307,0.0
2019-01-01,0,0,196,0.0,0.0,0.0,0.0,0.0
2019-01-01,0,0,198,0.0,0.0,0.0,0.0,0.0
2019-01-01,0,0,199,0.0,0.0,0.0,-0.0,0.0
2019-01-01,0,0,200,0.0,0.0,0.0,-0.0,0.0
2019-01-01,0,0,204,0.0,0.0,0.0,0.0,0.0
2019-01-01,0,0,205,0.0,0.0,0.0,0.0,0.0
2019-01-01,0,0,206,65.45,65.45,0.0,2967.449101,0.0
2019-01-01,0,0,210,0.0,0.0,0.0,0.0,0.0
2019-01-01,0,0,214,0.0,0.0,0.0,0.0,0.0
2019-01-01,0,0,217,0.0,0.0,0.0,0.0,0.0
2019-01-01,0,0,218,0.0,0.0,0.0,0.0,0.0
2019-01-01,0,0,219,0.0,0.0,0.0,0.0,0.0
2019-01-01,0,0,221,0.0,0.0,0.0,0.0,0.0
2019-01-01,0,0,225,0.0,0.0,0.0,0.0,0.0
2019-01-01,0,0,233,0.0,0.0,0.0,0.0,0.0
2019-01-01,0,0,236,0.0,0.0,0.0,0.0,0.0
2019-01-01,0,0,237,0.0,0.0,0.0,0.0,0.0
2019-01-01,0,0,238,0.0,0.0,0.0,0.0,0.0
2019-01-01,0,0,240,0.0,0.0,0.0,0.0,0.0
2019-01-01,0,0,245,0.0,0.0,0.0,0.0,0.0
2019-01-01,0,0,247,0.0,0.0,0.0,0.0,0.0
2019-01-01,0,0,248,0.0,0.0,0.0,0.0,0.0
2019-01-01,0,0,249,0.0,0.0,0.0,0.0,0.0
2019-01-01,0,0,251,9.9,9.9,0.0,159.961957,0.0
2019-01-01,0,0,252,0.0,0.0,0.0,0.0,0.0
2019-01-01,0,0,254,0.0,0.0,0.0,0.0,0.0
2019-01-01,0,0,255,0.0,0.0,0.0,0.0,0.0
2019-01-01,0,0,258,0.0,0.0,0.0,0.0,0.0
2019-01-01,0,0,260,0.0,0.0,0.0,0.0,0.0
2019-01-01,0,0,265,0.0,0.0,0.0,0.0,0.0
2019-01-01,0,0,266,3.91,3.91,0.0,137.881931,0.0
2019-01-01,0,0,267,4.8,4.8,0.0,169.266821,0.0
2019-01-01,0,0,270,579.0,579.0,0.0,-579000.0,0.0
2019-01-01,0,0,272,480.32,480.32,0.0,-135201.442588,0.0
2019-01-01,0,0,273,0.0,0.0,0.0,-0.0,0.0
2019-01-01,0,0,274,746.4,746.4,0.0,-746400.0,0.0
2019-01-01,0,0,275,1039.0,1039.0,0.0,-1039000.0,0.0
2019-01-01,0,0,276,0.0,0.0,0.0,-0.0,0.0
2019-01-01,0,0,277,0.0,0.0,0.0,-0.0,0.0
2019-01-01,0,0,278,0.0,0.0,0.0,-0.0,0.0
2019-01-01,0,0,279,264.6,264.6,0.0,-77930.610115,0.0
2019-01-01,0,0,281,4.1,4.1,0.0,185.0931,0.0
2019-01-01,0,0,282,0.0,0.0,0.0,0.0,0.0
2019-01-01,1,0,9,0.0,0.0,0.0,0.0,0.0
2019-01-01,1,0,17,0.0,0.0,0.0,0.0,0.0
2019-01-01,1,0,19,0.0,0.0,0.0,0.0,0.0
2019-01-01,1,0,20,0.0,0.0,0.0,0.0,0.0
2019-01-01,1,0,21,0.0,0.0,0.0,0.0,0.0
2019-01-01,1,0,22,0.0,0.0,0.0,0.0,0.0
2019-01-01,1,0,23,108.8,108.8,0.0,4671.667545,0.0
2019-01-01,1,0,24,192.5,192.5,0.0,8265.588258,0.0
2019-01-01,1,0,29,0.0,0.0,0.0,0.0,0.0
2019-01-01,1,0,30,0.0,0.0,0.0,0.0,0.0
2019-01-01,1,0,31,40.67,40.67,0.0,1753.338241,0.0
2019-01-01,1,0,32,0.0,0.0,0.0,0.0,0.0
2019-01-01,1,0,33,0.0,0.0,0.0,0.0,0.0
2019-01-01,1,0,34,0.0,0.0,0.0,0.0,0.0
2019-01-01,1,0,35,0.0,0.0,0.0,0.0,0.0
2019-01-01,1,0,36,0.0,0.0,0.0,0.0,0.0
2019-01-01,1,0,37,0.0,0.0,0.0,0.0,0.0
2019-01-01,1,0,38,0.0,0.0,0.0,0.0,0.0
2019-01-01,1,0,39,0.0,0.0,0.0,0.0,0.0
2019-01-01,1,0,40,0.0,0.0,0.0,0.0,0.0
2019-01-01,1,0,41,13.69,13.69,0.0,464.304943,0.0
2019-01-01,1,0,42,0.0,0.0,0.0,0.0,0.0
2019-01-01,1,0,43,0.0,0.0,0.0,0.0,0.0
2019-01-01,1,0,46,0.0,0.0,0.0,0.0,0.0
2019-01-01,1,0,52,43.3,43.3,0.0,1866.721068,0.0
2019-01-01,1,0,53,70.77,70.77,0.0,3050.989607,0.0
2019-01-01,1,0,55,276.23,276.23,0.0,11860.797115,0.0
2019-01-01,1,0,56,0.0,0.0,0.0,0.0,0.0
2019-01-01,1,0,57,0.0,0.0,0.0,0.0,0.0
2019-01-01,1,0,58,0.0,0.0,0.0,0.0,0.0
2019-01-01,1,0,59,0.0,0.0,0.0,0.0,0.0
2019-01-01,1,0,63,170.0,170.0,0.0,15979.242676,0.0
2019-01-01,1,0,64,200.0,200.0,0.0,18799.109031,0.0
2019-01-01,1,0,65,0.0,0.0,0.0,0.0,0.0
2019-01-01,1,0,67,0.0,0.0,0.0,-0.0,0.0
2019-01-01,1,0,68,10.2,10.2,0.0,-4373.252591,0.0
2019-01-01,1,0,69,0.0,0.0,0.0,0.0,0.0
2019-01-01,1,0,74,2.94,2.94,0.0,62.659966,0.0
2019-01-01,1,0,77,200.0,200.0,0.0,-62558.67375,0.0
2019-01-01,1,0,78,151.2,151.2,0.0,-47294.357355,0.0
2019-01-01,1,0,79,87.5,87.5,0.0,-27369.419766,0.0
2019-01-01,1,0,80,141.5,141.5,0.0,-44260.261678,0.0
2019-01-01,1,0,81,185.0,185.0,0.0,-57866.773219,0.0
2019-01-01,1,0,82,130.5,130.5,0.0,-40819.534622,0.0
2019-01-01,1,0,83,291.0,291.0,0.0,-91022.870306,0.0
2019-01-01,1,0,84,0.0,0.0,0.0,0.0,0.0
2019-01-01,1,0,86,0.0,0.0,0.0,0.0,0.0
2019-01-01,1,0,87,0.0,0.0,0.0,0.0,0.0
2019-01-01,1,0,88,170.6,170.6,0.0,-53362.548709,0.0
2019-01-01,1,0,89,164.0,164.0,0.0,-51298.112475,0.0
2019-01-01,1,0,90,220.2,220.2,0.0,-68877.099799,0.0
2019-01-01,1,0,91,785.5,785.5,0.0,-245699.191152,0.0
2019-01-01,1,0,92,282.5,282.5,0.0,-88364.126672,0.0
2019-01-01,1,0,95,29.18,29.18,0.0,567.427855,0.0
2019-01-01,1,0,96,13.09,13.09,0.0,566.697166,0.0
2019-01-01,1,0,97,80.48,80.48,0.0,3484.1702,0.0
2019-01-01,1,0,99,0.57,0.57,0.0,12.148361,0.0
2019-01-01,1,0,101,0.0,0.0,0.0,0.0,0.0
2019-01-01,1,0,102,24.15,24.15,0.0,-10354.318634,0.0
2019-01-01,1,0,103,21.0,21.0,0.0,-9003.755334,0.0
2019-01-01,1,0,104,3.9,3.9,0.0,-1672.125991,0.0
2019-01-01,1,0,106,0.0,0.0,0.0,0.0,0.0
2019-01-01,1,0,109,15.46,15.46,0.0,432.232137,0.0
2019-01-01,1,0,110,338.6,338.6,0.0,-338600.0,0.0
2019-01-01,1,0,111,0.0,0.0,0.0,0.0,0.0
2019-01-01,1,0,113,84.36,84.36,0.0,-23662.425196,0.0
2019-01-01,1,0,115,84.36,84.36,0.0,-23662.425196,0.0
2019-01-01,1,0,116,0.0,0.0,0.0,-0.0,0.0
2019-01-01,1,0,117,5.76,5.76,0.0,-1615.642119,0.0
2019-01-01,1,0,119,200.0,200.0,0.0,18799.109031,0.0
2019-01-01,1,0,120,117.6,117.6,0.0,11053.87611,0.0
2019-01-01,1,0,123,0.0,0.0,0.0,0.0,0.0
2019-01-01,1,0,125,174.2,174.2,0.0,7479.820647,0.0
2019-01-01,1,0,126,0.0,0.0,0.0,0.0,0.0
2019-01-01,1,0,127,0.0,0.0,0.0,0.0,0.0
2019-01-01,1,0,128,249.5,249.5,0.0,10713.061145,0.0
2019-01-01,1,0,131,30.0,30.0,0.0,-11735.836498,0.0
2019-01-01,1,0,132,44.1,44.1,0.0,-17251.679652,0.0
2019-01-01,1,0,133,0.0,0.0,0.0,0.0,0.0
2019-01-01,1,0,134,0.0,0.0,0.0,0.0,0.0
2019-01-01,1,0,135,0.0,0.0,0.0,0.0,0.0
2019-01-01,1,0,136,0.0,0.0,0.0,0.0,0.0
2019-01-01,1,0,139,17.68,17.68,0.0,599.628298,0.0
2019-01-01,1,0,140,250.6,250.6,0.0,-250600.0,0.0
2019-01-01,1,0,141,230.0,230.0,0.0,-130955.531531,0.0
2019-01-01,1,0,142,0.0,0.0,0.0,-0.0,0.0
2019-01-01,1,0,143,96.32,96.32,0.0,4152.484372,0.0
2019-01-01,1,0,145,9.53,9.53,0.0,357.248153,0.0
2019-01-01,1,0,146,268.0,268.0,0.0,-268000.0,0.0
2019-01-01,1,0,152,0.0,0.0,0.0,0.0,0.0
2019-01-01,1,0,153,0.0,0.0,0.0,0.0,0.0
2019-01-01,1,0,154,0.0,0.0,0.0,0.0,0.0
2019-01-01,1,0,157,250.0,250.0,0.0,-142342.969056,0.0
2019-01-01,1,0,158,0.0,0.0,0.0,-0.0,0.0
2019-01-01,1,0,159,0.0,0.0,0.0,0.0,0.0
2019-01-01,1,0,160,0.0,0.0,0.0,0.0,0.0
2019-01-01,1,0,161,0.0,0.0,0.0,-0.0,0.0
2019-01-01,1,0,162,25.6,25.6,0.0,517.434072,0.0
2019-01-01,1,0,163,185.4,185.4,0.0,-185400.0,0.0
2019-01-01,1,0,164,0.0,0.0,0.0,0.0,0.0
2019-01-01,1,0,167,0.0,0.0,0.0,0.0,0.0
2019-01-01,1,0,168,0.0,0.0,0.0,0.0,0.0
2019-01-01,1,0,169,0.0,0.0,0.0,0.0,0.0
2019-01-01,1,0,170,0.0,0.0,0.0,0.0,0.0
2019-01-01,1,0,172,0.0,0.0,0.0,0.0,0.0
2019-01-01,1,0,173,0.0,0.0,0.0,0.0,0.0
2019-01-01,1,0,188,0.0,0.0,0.0,0.0,0.0
2019-01-01,1,0,190,0.0,0.0,0.0,0.0,0.0
2019-01-01,1,0,191,0.0,0.0,0.0,0.0,0.0
2019-01-01,1,0,192,332.6,332.6,0.0,10785.405497,0.0
2019-01-01,1,0,194,176.5,176.5,0.0,-25713.297838,0.0
2019-01-01,1,0,196,0.0,0.0,0.0,0.0,0.0
2019-01-01,1,0,198,0.0,0.0,0.0,0.0,0.0
2019-01-01,1,0,199,0.0,0.0,0.0,-0.0,0.0
2019-01-01,1,0,200,0.0,0.0,0.0,-0.0,0.0
2019-01-01,1,0,204,53.03,53.03,0.0,1518.840239,0.0
2019-01-01,1,0,205,81.8,81.8,0.0,2286.97211,0.0
2019-01-01,1,0,206,236.48,236.48,0.0,10237.78043,0.0
2019-01-01,1,0,210,0.0,0.0,0.0,0.0,0.0
2019-01-01,1,0,214,0.0,0.0,0.0,0.0,0.0
2019-01-01,1,0,217,0.0,0.0,0.0,0.0,0.0
2019-01-01,1,0,218,0.0,0.0,0.0,0.0,0.0
2019-01-01,1,0,219,0.0,0.0,0.0,0.0,0.0
2019-01-01,1,0,221,0.0,0.0,0.0,0.0,0.0
2019-01-01,1,0,225,0.0,0.0,0.0,0.0,0.0
2019-01-01,1,0,233,0.0,0.0,0.0,0.0,0.0
2019-01-01,1,0,236,0.0,0.0,0.0,0.0,0.0
2019-01-01,1,0,237,7.04,7.04,0.0,150.042913,0.0
2019-01-01,1,0,238,0.0,0.0,0.0,0.0,0.0
2019-01-01,1,0,240,0.0,0.0,0.0,0.0,0.0
2019-01-01,1,0,245,0.0,0.0,0.0,0.0,0.0
2019-01-01,1,0,247,0.0,0.0,0.0,0.0,0.0
2019-01-01,1,0,248,0.71,0.71,0.0,15.132169,0.0
2019-01-01,1,0,249,0.0,0.0,0.0,0.0,0.0
2019-01-01,1,0,251,6.71,6.71,0.0,108.259776,0.0
2019-01-01,1,0,252,0.0,0.0,0.0,0.0,0.0
2019-01-01,1,0,254,0.0,0.0,0.0,0.0,0.0
2019-01-01,1,0,255,0.0,0.0,0.0,0.0,0.0
2019-01-01,1,0,258,0.0,0.0,0.0,0.0,0.0
2019-01-01,1,0,260,0.0,0.0,0.0,0.0,0.0
2019-01-01,1,0,265,0.0,0.0,0.0,0.0,0.0
2019-01-01,1,0,266,11.45,11.45,0.0,388.333937,0.0
2019-01-01,1,0,267,14.07,14.07,0.0,477.192882,0.0
2019-01-01,1,0,270,579.0,579.0,0.0,-579000.0,0.0
2019-01-01,1,0,272,281.35,281.35,0.0,-78916.824668,0.0
2019-01-01,1,0,273,0.0,0.0,0.0,-0.0,0.0
2019-01-01,1,0,274,746.4,746.4,0.0,-746400.0,0.0
2019-01-01,1,0,275,1039.0,1039.0,0.0,-1039000.0,0.0
2019-01-01,1,0,276,0.0,0.0,0.0,-0.0,0.0
2019-01-01,1,0,277,0.0,0.0,0.0,-0.0,0.0
2019-01-01,1,0,278,0.0,0.0,0.0,-0.0,0.0
2019-01-01,1,0,279,264.6,264.6,0.0,-77645.015875,0.0
2019-01-01,1,0,281,16.79,16.79,0.0,723.839417,0.0
2019-01-01,1,0,282,0.0,0.0,0.0,0.0,0.0
2019-01-01,2,0,9,0.0,0.0,0.0,0.0,0.0
2019-01-01,2,0,17,0.0,0.0,0.0,0.0,0.0
2019-01-01,2,0,19,0.0,0.0,0.0,0.0,0.0
2019-01-01,2,0,20,0.0,0.0,0.0,0.0,0.0
2019-01-01,2,0,21,0.0,0.0,0.0,0.0,0.0
2019-01-01,2,0,22,0.0,0.0,0.0,0.0,0.0
2019-01-01,2,0,23,108.8,108.8,0.0,4671.667545,0.0
2019-01-01,2,0,24,192.5,192.5,0.0,8265.588258,0.0
2019-01-01,2,0,29,0.0,0.0,0.0,0.0,0.0
2019-01-01,2,0,30,0.0,0.0,0.0,0.0,0.0
2019-01-01,2,0,31,23.52,23.52,0.0,1013.978742,0.0
2019-01-01,2,0,32,0.0,0.0,0.0,0.0,0.0
2019-01-01,2,0,33,0.0,0.0,0.0,0.0,0.0
2019-01-01,2,0,34,0.0,0.0,0.0,0.0,0.0
2019-01-01,2,0,35,0.0,0.0,0.0,0.0,0.0
2019-01-01,2,0,36,0.0,0.0,0.0,0.0,0.0
2019-01-01,2,0,37,0.0,0.0,0.0,0.0,0.0
2019-01-01,2,0,38,0.0,0.0,0.0,0.0,0.0
2019-01-01,2,0,39,0.0,0.0,0.0,0.0,0.0
2019-01-01,2,0,40,0.0,0.0,0.0,0.0,0.0
2019-01-01,2,0,41,13.12,13.12,0.0,444.973036,0.0
2019-01-01,2,0,42,0.0,0.0,0.0,0.0,0.0
2019-01-01,2,0,43,0.0,0.0,0.0,0.0,0.0
2019-01-01,2,0,46,0.0,0.0,0.0,0.0,0.0
2019-01-01,2,0,52,24.93,24.93,0.0,1074.765733,0.0
2019-01-01,2,0,53,39.6,39.6,0.0,1707.209106,0.0
2019-01-01,2,0,55,545.86,545.86,0.0,23438.202632,0.0
2019-01-01,2,0,56,0.0,0.0,0.0,0.0,0.0
2019-01-01,2,0,57,0.0,0.0,0.0,0.0,0.0
2019-01-01,2,0,58,0.0,0.0,0.0,0.0,0.0
2019-01-01,2,0,59,0.0,0.0,0.0,0.0,0.0
2019-01-01,2,0,63,170.0,170.0,0.0,15897.107014,0.0
2019-01-01,2,0,64,200.0,200.0,0.0,18702.47884,0.0
2019-01-01,2,0,65,0.0,0.0,0.0,0.0,0.0
2019-01-01,2,0,67,0.0,0.0,0.0,-0.0,0.0
2019-01-01,2,0,68,10.2,10.2,0.0,-4375.76533,0.0
2019-01-01,2,0,69,0.0,0.0,0.0,0.0,0.0
2019-01-01,2,0,74,0.0,0.0,0.0,0.0,0.0
2019-01-01,2,0,77,200.0,200.0,0.0,-62618.040631,0.0
2019-01-01,2,0,78,151.2,151.2,0.0,-47339.238717,0.0
2019-01-01,2,0,79,87.5,87.5,0.0,-27395.392776,0.0
2019-01-01,2,0,80,141.5,141.5,0.0,-44302.263747,0.0
2019-01-01,2,0,81,185.0,185.0,0.0,-57921.687584,0.0
2019-01-01,2,0,82,130.5,130.5,0.0,-40858.271512,0.0
2019-01-01,2,0,83,291.0,291.0,0.0,-91109.249118,0.0
2019-01-01,2,0,84,0.0,0.0,0.0,0.0,0.0
2019-01-01,2,0,86,0.0,0.0,0.0,0.0,0.0
2019-01-01,2,0,87,0.0,0.0,0.0,0.0,0.0
2019-01-01,2,0,88,170.6,170.6,0.0,-53413.188658,0.0
2019-01-01,2,0,89,164.0,164.0,0.0,-51346.793318,0.0
2019-01-01,2,0,90,220.2,220.2,0.0,-68942.462735,0.0
2019-01-01,2,0,91,785.5,785.5,0.0,-245932.354579,0.0
2019-01-01,2,0,92,282.5,282.5,0.0,-88447.982392,0.0
2019-01-01,2,0,95,20.26,20.26,0.0,393.971499,0.0
2019-01-01,2,0,96,15.01,15.01,0.0,649.818523,0.0
2019-01-01,2,0,97,92.3,92.3,0.0,3995.886052,0.0
2019-01-01,2,0,99,0.0,0.0,0.0,0.0,0.0
2019-01-01,2,0,101,0.0,0.0,0.0,0.0,0.0
2019-01-01,2,0,102,24.15,24.15,0.0,-10360.267913,0.0
2019-01-01,2,0,103,21.0,21.0,0.0,-9008.92862,0.0
2019-01-01,2,0,104,3.9,3.9,0.0,-1673.086744,0.0
2019-01-01,2,0,106,0.0,0.0,0.0,0.0,0.0
2019-01-01,2,0,109,23.45,23.45,0.0,655.61731,0.0
2019-01-01,2,0,110,338.6,338.6,0.0,-338600.0,0.0
2019-01-01,2,0,111,0.0,0.0,0.0,0.0,0.0
2019-01-01,2,0,113,92.76,92.76,0.0,-26047.24955,0.0
2019-01-01,2,0,115,92.76,92.76,0.0,-26047.24955,0.0
2019-01-01,2,0,116,0.0,0.0,0.0,-0.0,0.0
2019-01-01,2,0,117,4.96,4.96,0.0,-1392.780916,0.0
2019-01-01,2,0,119,200.0,200.0,0.0,18702.47884,0.0
2019-01-01,2,0,120,117.6,117.6,0.0,10997.057558,0.0
2019-01-01,2,0,123,0.0,0.0,0.0,0.0,0.0
2019-01-01,2,0,125,174.2,174.2,0.0,7479.820647,0.0
2019-01-01,2,0,126,0.0,0.0,0.0,0.0,0.0
2019-01-01,2,0,127,0.0,0.0,0.0,0.0,0.0
2019-01-01,2,0,128,249.5,249.5,0.0,10713.061145,0.0
2019-01-01,2,0,131,30.0,30.0,0.0,-11743.712775,0.0
2019-01-01,2,0,132,44.1,44.1,0.0,-17263.257779,0.0
2019-01-01,2,0,133,0.0,0.0,0.0,0.0,0.0
2019-01-01,2,0,134,0.0,0.0,0.0,0.0,0.0
2019-01-01,2,0,135,0.0,0.0,0.0,0.0,0.0
2019-01-01,2,0,136,0.0,0.0,0.0,0.0,0.0
2019-01-01,2,0,139,16.94,16.94,0.0,574.530733,0.0
2019-01-01,2,0,140,250.6,250.6,0.0,-250600.0,0.0
2019-01-01,2,0,141,230.0,230.0,0.0,-130998.243678,0.0
2019-01-01,2,0,142,0.0,0.0,0.0,-0.0,0.0
2019-01-01,2,0,143,71.92,71.92,0.0,3100.567649,0.0
2019-01-01,2,0,145,9.1,9.1,0.0,341.128876,0.0
2019-01-01,2,0,146,268.0,268.0,0.0,-268000.0,0.0
2019-01-01,2,0,152,0.0,0.0,0.0,0.0,0.0
2019-01-01,2,0,153,0.0,0.0,0.0,0.0,0.0
2019-01-01,2,0,154,0.0,0.0,0.0,0.0,0.0
2019-01-01,2,0,157,250.0,250.0,0.0,-142389.395303,0.0
2019-01-01,2,0,158,0.0,0.0,0.0,-0.0,0.0
2019-01-01,2,0,159,0.0,0.0,0.0,0.0,0.0
2019-01-01,2,0,160,0.0,0.0,0.0,0.0,0.0
2019-01-01,2,0,161,0.0,0.0,0.0,-0.0,0.0
2019-01-01,2,0,162,39.45,39.45,0.0,797.412472,0.0
2019-01-01,2,0,163,185.4,185.4,0.0,-185400.0,0.0
2019-01-01,2,0,164,0.0,0.0,0.0,0.0,0.0
2019-01-01,2,0,167,0.0,0.0,0.0,0.0,0.0
2019-01-01,2,0,168,0.0,0.0,0.0,0.0,0.0
2019-01-01,2,0,169,0.0,0.0,0.0,0.0,0.0
2019-01-01,2,0,170,0.0,0.0,0.0,0.0,0.0
2019-01-01,2,0,172,0.0,0.0,0.0,0.0,0.0
2019-01-01,2,0,173,0.0,0.0,0.0,0.0,0.0
2019-01-01,2,0,188,0.0,0.0,0.0,0.0,0.0
2019-01-01,2,0,190,0.0,0.0,0.0,0.0,0.0
2019-01-01,2,0,191,0.0,0.0,0.0,0.0,0.0
2019-01-01,2,0,192,332.6,332.6,0.0,10785.405497,0.0
2019-01-01,2,0,194,176.5,176.5,0.0,-25777.868451,0.0
2019-01-01,2,0,196,0.0,0.0,0.0,0.0,0.0
2019-01-01,2,0,198,0.0,0.0,0.0,0.0,0.0
2019-01-01,2,0,199,2.23,2.23,0.0,-108.826323,0.0
2019-01-01,2,0,200,0.0,0.0,0.0,-0.0,0.0
2019-01-01,2,0,204,92.6,92.6,0.0,2652.170586,0.0
2019-01-01,2,0,205,115.14,115.14,0.0,3219.094972,0.0
2019-01-01,2,0,206,271.22,271.22,0.0,11741.757477,0.0
2019-01-01,2,0,210,0.0,0.0,0.0,0.0,0.0
2019-01-01,2,0,214,0.0,0.0,0.0,0.0,0.0
2019-01-01,2,0,217,0.0,0.0,0.0,0.0,0.0
2019-01-01,2,0,218,0.0,0.0,0.0,0.0,0.0
2019-01-01,2,0,219,0.0,0.0,0.0,0.0,0.0
2019-01-01,2,0,221,0.0,0.0,0.0,0.0,0.0
2019-01-01,2,0,225,0.0,0.0,0.0,0.0,0.0
2019-01-01,2,0,233,0.0,0.0,0.0,0.0,0.0
2019-01-01,2,0,236,0.0,0.0,0.0,0.0,0.0
2019-01-01,2,0,237,0.0,0.0,0.0,0.0,0.0
2019-01-01,2,0,238,0.0,0.0,0.0,0.0,0.0
2019-01-01,2,0,240,0.0,0.0,0.0,0.0,0.0
2019-01-01,2,0,245,0.0,0.0,0.0,0.0,0.0
2019-01-01,2,0,247,0.0,0.0,0.0,0.0,0.0
2019-01-01,2,0,248,0.0,0.0,0.0,0.0,0.0
2019-01-01,2,0,249,0.0,0.0,0.0,0.0,0.0
2019-01-01,2,0,251,0.0,0.0,0.0,0.0,0.0
2019-01-01,2,0,252,0.0,0.0,0.0,0.0,0.0
2019-01-01,2,0,254,0.0,0.0,0.0,0.0,0.0
2019-01-01,2,0,255,0.0,0.0,0.0,0.0,0.0
2019-01-01,2,0,258,0.0,0.0,0.0,0.0,0.0
2019-01-01,2,0,260,0.0,0.0,0.0,0.0,0.0
2019-01-01,2,0,265,0.0,0.0,0.0,0.0,0.0
2019-01-01,2,0,266,10.97,10.97,0.0,372.054436,0.0
2019-01-01,2,0,267,13.48,13.48,0.0,457.182661,0.0
2019-01-01,2,0,270,579.0,579.0,0.0,-579000.0,0.0
2019-01-01,2,0,272,400.13,400.13,0.0,-112357.545952,0.0
2019-01-01,2,0,273,0.0,0.0,0.0,-0.0,0.0
2019-01-01,2,0,274,746.39,746.39,0.0,-746390.0,0.0
2019-01-01,2,0,275,1038.99,1038.99,0.0,-1038990.0,0.0
2019-01-01,2,0,276,0.0,0.0,0.0,-0.0,0.0
2019-01-01,2,0,277,0.0,0.0,0.0,-0.0,0.0
2019-01-01,2,0,278,0.0,0.0,0.0,-0.0,0.0
2019-01-01,2,0,279,264.6,264.6,0.0,-77725.515356,0.0
2019-01-01,2,0,281,10.56,10.56,0.0,455.255762,0.0
2019-01-01,2,0,282,0.0,0.0,0.0,0.0,0.0
2019-01-01,3,0,9,0.0,0.0,0.0,0.0,0.0
2019-01-01,3,0,17,0.0,0.0,0.0,0.0,0.0
2019-01-01,3,0,19,0.0,0.0,0.0,0.0,0.0
2019-01-01,3,0,20,0.0,0.0,0.0,0.0,0.0
2019-01-01,3,0,21,0.0,0.0,0.0,0.0,0.0
2019-01-01,3,0,22,0.0,0.0,0.0,0.0,0.0
2019-01-01,3,0,23,108.8,108.8,0.0,2563.051971,0.0
2019-01-01,3,0,24,192.5,192.5,0.0,4534.811621,0.0
2019-01-01,3,0,29,0.0,0.0,0.0,0.0,0.0
2019-01-01,3,0,30,0.0,0.0,0.0,0.0,0.0
2019-01-01,3,0,31,30.11,30.11,0.0,711.200627,0.0
2019-01-01,3,0,32,0.0,0.0,0.0,0.0,0.0
2019-01-01,3,0,33,0.0,0.0,0.0,0.0,0.0
2019-01-01,3,0,34,0.0,0.0,0.0,0.0,0.0
2019-01-01,3,0,35,0.0,0.0,0.0,0.0,0.0
2019-01-01,3,0,36,0.0,0.0,0.0,0.0,0.0
2019-01-01,3,0,37,0.0,0.0,0.0,0.0,0.0
2019-01-01,3,0,38,0.0,0.0,0.0,0.0,0.0
2019-01-01,3,0,39,0.0,0.0,0.0,0.0,0.0
2019-01-01,3,0,40,0.0,0.0,0.0,0.0,0.0
2019-01-01,3,0,41,14.75,14.75,0.0,299.364646,0.0
2019-01-01,3,0,42,0.0,0.0,0.0,0.0,0.0
2019-01-01,3,0,43,0.0,0.0,0.0,0.0,0.0
2019-01-01,3,0,46,0.0,0.0,0.0,0.0,0.0
2019-01-01,3,0,52,31.91,31.91,0.0,753.716772,0.0
2019-01-01,3,0,53,50.7,50.7,0.0,1197.538087,0.0
2019-01-01,3,0,55,623.0,623.0,0.0,14676.299428,0.0
2019-01-01,3,0,56,0.0,0.0,0.0,0.0,0.0
2019-01-01,3,0,57,0.0,0.0,0.0,0.0,0.0
2019-01-01,3,0,58,0.0,0.0,0.0,0.0,0.0
2019-01-01,3,0,59,0.0,0.0,0.0,0.0,0.0
2019-01-01,3,0,63,170.0,170.0,0.0,16310.224134,0.0
2019-01-01,3,0,64,200.0,200.0,0.0,19188.498981,0.0
2019-01-01,3,0,65,0.0,0.0,0.0,0.0,0.0
2019-01-01,3,0,67,0.0,0.0,0.0,-0.0,0.0
2019-01-01,3,0,68,10.2,10.2,0.0,-4321.037639,0.0
2019-01-01,3,0,69,0.0,0.0,0.0,0.0,0.0
2019-01-01,3,0,74,0.0,0.0,0.0,0.0,0.0
2019-01-01,3,0,77,200.0,200.0,0.0,-61182.304558,0.0
2019-01-01,3,0,78,151.2,151.2,0.0,-46253.822246,0.0
2019-01-01,3,0,79,87.5,87.5,0.0,-26767.258244,0.0
2019-01-01,3,0,80,141.5,141.5,0.0,-43286.480475,0.0
2019-01-01,3,0,81,185.0,185.0,0.0,-56593.631716,0.0
2019-01-01,3,0,82,130.5,130.5,0.0,-39921.453724,0.0
2019-01-01,3,0,83,291.0,291.0,0.0,-89020.253131,0.0
2019-01-01,3,0,84,0.0,0.0,0.0,0.0,0.0
2019-01-01,3,0,86,0.0,0.0,0.0,0.0,0.0
2019-01-01,3,0,87,0.0,0.0,0.0,0.0,0.0
2019-01-01,3,0,88,170.6,170.6,0.0,-52188.505788,0.0
2019-01-01,3,0,89,164.0,164.0,0.0,-50169.489737,0.0
2019-01-01,3,0,90,220.2,220.2,0.0,-67361.717318,0.0
2019-01-01,3,0,91,785.5,785.5,0.0,-240293.50115,0.0
2019-01-01,3,0,92,282.5,282.5,0.0,-86420.005188,0.0
2019-01-01,3,0,95,31.98,31.98,0.0,621.876038,0.0
2019-01-01,3,0,96,17.29,17.29,0.0,409.522679,0.0
2019-01-01,3,0,97,106.35,106.35,0.0,2518.955288,0.0
2019-01-01,3,0,99,0.0,0.0,0.0,0.0,0.0
2019-01-01,3,0,101,0.0,0.0,0.0,0.0,0.0
2019-01-01,3,0,102,24.15,24.15,0.0,-10230.692056,0.0
2019-01-01,3,0,103,21.0,21.0,0.0,-8896.253962,0.0
2019-01-01,3,0,104,3.9,3.9,0.0,-1652.16145,0.0
2019-01-01,3,0,106,0.0,0.0,0.0,0.0,0.0
2019-01-01,3,0,109,41.41,41.41,0.0,751.273074,0.0
2019-01-01,3,0,110,338.6,338.6,0.0,-338600.0,0.0
2019-01-01,3,0,111,0.0,0.0,0.0,0.0,0.0
2019-01-01,3,0,113,78.82,78.82,0.0,-21730.566068,0.0
2019-01-01,3,0,115,78.82,78.82,0.0,-21730.566068,0.0
2019-01-01,3,0,116,0.0,0.0,0.0,-0.0,0.0
2019-01-01,3,0,117,4.05,4.05,0.0,-1116.579454,0.0
2019-01-01,3,0,119,200.0,200.0,0.0,19188.498981,0.0
2019-01-01,3,0,120,117.6,117.6,0.0,11282.837401,0.0
2019-01-01,3,0,123,0.0,0.0,0.0,0.0,0.0
2019-01-01,3,0,125,174.2,174.2,0.0,4103.710049,0.0
2019-01-01,3,0,126,0.0,0.0,0.0,0.0,0.0
2019-01-01,3,0,127,0.0,0.0,0.0,0.0,0.0
2019-01-01,3,0,128,249.5,249.5,0.0,5877.58701,0.0
2019-01-01,3,0,131,30.0,30.0,0.0,-11572.166726,0.0
2019-01-01,3,0,132,44.1,44.1,0.0,-17011.085087,0.0
2019-01-01,3,0,133,0.0,0.0,0.0,0.0,0.0
2019-01-01,3,0,134,0.0,0.0,0.0,0.0,0.0
2019-01-01,3,0,135,0.0,0.0,0.0,0.0,0.0
2019-01-01,3,0,136,1.21,1.21,0.0,16.645937,0.0
2019-01-01,3,0,139,19.05,19.05,0.0,386.637052,0.0
2019-01-01,3,0,140,250.6,250.6,0.0,-250600.0,0.0
2019-01-01,3,0,141,230.0,230.0,0.0,-130067.969087,0.0
2019-01-01,3,0,142,0.0,0.0,0.0,-0.0,0.0
2019-01-01,3,0,143,49.82,49.82,0.0,1176.752416,0.0
2019-01-01,3,0,145,9.48,9.48,0.0,204.643024,0.0
2019-01-01,3,0,146,268.0,268.0,0.0,-268000.0,0.0
2019-01-01,3,0,152,0.0,0.0,0.0,0.0,0.0
2019-01-01,3,0,153,0.0,0.0,0.0,0.0,0.0
2019-01-01,3,0,154,0.0,0.0,0.0,0.0,0.0
2019-01-01,3,0,157,250.0,250.0,0.0,-141378.227268,0.0
2019-01-01,3,0,158,0.0,0.0,0.0,-0.0,0.0
2019-01-01,3,0,159,0.0,0.0,0.0,0.0,0.0
2019-01-01,3,0,160,0.0,0.0,0.0,0.0,0.0
2019-01-01,3,0,161,0.0,0.0,0.0,-0.0,0.0
2019-01-01,3,0,162,48.75,48.75,0.0,986.629912,0.0
2019-01-01,3,0,163,185.4,185.4,0.0,-185400.0,0.0
2019-01-01,3,0,164,0.0,0.0,0.0,0.0,0.0
2019-01-01,3,0,167,0.0,0.0,0.0,0.0,0.0
2019-01-01,3,0,168,0.0,0.0,0.0,0.0,0.0
2019-01-01,3,0,169,0.0,0.0,0.0,0.0,0.0
2019-01-01,3,0,170,0.0,0.0,0.0,0.0,0.0
2019-01-01,3,0,172,0.0,0.0,0.0,0.0,0.0
2019-01-01,3,0,173,0.0,0.0,0.0,0.0,0.0
2019-01-01,3,0,188,0.0,0.0,0.0,0.0,0.0
2019-01-01,3,0,190,0.0,0.0,0.0,0.0,0.0
2019-01-01,3,0,191,0.0,0.0,0.0,0.0,0.0
2019-01-01,3,0,192,332.6,332.6,0.0,10785.405497,0.0
2019-01-01,3,0,194,176.5,176.5,0.0,-25045.14808,0.0
2019-01-01,3,0,196,0.0,0.0,0.0,0.0,0.0
2019-01-01,3,0,198,0.0,0.0,0.0,0.0,0.0
2019-01-01,3,0,199,5.75,5.75,0.0,-214.209339,0.0
2019-01-01,3,0,200,0.0,0.0,0.0,-0.0,0.0
2019-01-01,3,0,204,171.27,171.27,0.0,3149.52336,0.0
2019-01-01,3,0,205,219.08,219.08,0.0,3974.617364,0.0
2019-01-01,3,0,206,312.52,312.52,0.0,7402.199404,0.0
2019-01-01,3,0,210,0.0,0.0,0.0,0.0,0.0
2019-01-01,3,0,214,0.0,0.0,0.0,0.0,0.0
2019-01-01,3,0,217,0.0,0.0,0.0,0.0,0.0
2019-01-01,3,0,218,0.0,0.0,0.0,0.0,0.0
2019-01-01,3,0,219,0.0,0.0,0.0,0.0,0.0
2019-01-01,3,0,221,0.0,0.0,0.0,0.0,0.0
2019-01-01,3,0,225,0.0,0.0,0.0,0.0,0.0
2019-01-01,3,0,233,0.0,0.0,0.0,0.0,0.0
2019-01-01,3,0,236,0.0,0.0,0.0,0.0,0.0
2019-01-01,3,0,237,0.0,0.0,0.0,0.0,0.0
2019-01-01,3,0,238,0.0,0.0,0.0,0.0,0.0
2019-01-01,3,0,240,0.0,0.0,0.0,0.0,0.0
2019-01-01,3,0,245,0.0,0.0,0.0,0.0,0.0
2019-01-01,3,0,247,0.0,0.0,0.0,0.0,0.0
2019-01-01,3,0,248,0.0,0.0,0.0,0.0,0.0
2019-01-01,3,0,249,0.0,0.0,0.0,0.0,0.0
2019-01-01,3,0,251,0.0,0.0,0.0,0.0,0.0
2019-01-01,3,0,252,0.0,0.0,0.0,0.0,0.0
2019-01-01,3,0,254,0.0,0.0,0.0,0.0,0.0
2019-01-01,3,0,255,0.0,0.0,0.0,0.0,0.0
2019-01-01,3,0,258,0.0,0.0,0.0,0.0,0.0
2019-01-01,3,0,260,0.0,0.0,0.0,0.0,0.0
2019-01-01,3,0,265,0.0,0.0,0.0,0.0,0.0
2019-01-01,3,0,266,12.34,12.34,0.0,250.451507,0.0
2019-01-01,3,0,267,15.16,15.16,0.0,307.685969,0.0
2019-01-01,3,0,270,579.0,579.0,0.0,-579000.0,0.0
2019-01-01,3,0,272,321.97,321.97,0.0,-88766.688109,0.0
2019-01-01,3,0,273,0.0,0.0,0.0,-0.0,0.0
2019-01-01,3,0,274,746.4,746.4,0.0,-746400.0,0.0
2019-01-01,3,0,275,1039.0,1039.0,0.0,-1039000.0,0.0
2019-01-01,3,0,276,0.0,0.0,0.0,-0.0,0.0
2019-01-01,3,0,277,0.0,0.0,0.0,-0.0,0.0
2019-01-01,3,0,278,0.0,0.0,0.0,-0.0,0.0
2019-01-01,3,0,279,264.6,264.6,0.0,-76154.914081,0.0
2019-01-01,3,0,281,13.51,13.51,0.0,319.107289,0.0
2019-01-01,3,0,282,0.0,0.0,0.0,0.0,0.0
2019-01-01,4,0,9,0.0,0.0,0.0,0.0,0.0
2019-01-01,4,0,17,0.0,0.0,0.0,0.0,0.0
2019-01-01,4,0,19,25.32,25.32,0.0,396.857312,0.0
2019-01-01,4,0,20,30.7,30.7,0.0,481.181654,0.0
2019-01-01,4,0,21,0.0,0.0,0.0,0.0,0.0
2019-01-01,4,0,22,0.0,0.0,0.0,0.0,0.0
2019-01-01,4,0,23,98.16,98.16,0.0,1890.020002,0.0
2019-01-01,4,0,24,162.22,162.22,0.0,3123.462152,0.0
2019-01-01,4,0,29,0.0,0.0,0.0,0.0,0.0
2019-01-01,4,0,30,0.0,0.0,0.0,0.0,0.0
2019-01-01,4,0,31,37.5,37.5,0.0,725.180835,0.0
2019-01-01,4,0,32,0.0,0.0,0.0,0.0,0.0
2019-01-01,4,0,33,0.0,0.0,0.0,0.0,0.0
2019-01-01,4,0,34,0.0,0.0,0.0,0.0,0.0
2019-01-01,4,0,35,0.0,0.0,0.0,0.0,0.0
2019-01-01,4,0,36,0.0,0.0,0.0,0.0,0.0
2019-01-01,4,0,37,0.0,0.0,0.0,0.0,0.0
2019-01-01,4,0,38,0.0,0.0,0.0,0.0,0.0
2019-01-01,4,0,39,0.0,0.0,0.0,0.0,0.0
2019-01-01,4,0,40,0.0,0.0,0.0,0.0,0.0
2019-01-01,4,0,41,19.01,19.01,0.0,288.315708,0.0
2019-01-01,4,0,42,0.0,0.0,0.0,0.0,0.0
2019-01-01,4,0,43,0.0,0.0,0.0,0.0,0.0
2019-01-01,4,0,46,0.0,0.0,0.0,0.0,0.0
2019-01-01,4,0,52,39.75,39.75,0.0,768.691685,0.0
2019-01-01,4,0,53,63.15,63.15,0.0,1221.204526,0.0
2019-01-01,4,0,55,623.0,623.0,0.0,11995.542599,0.0
2019-01-01,4,0,56,0.0,0.0,0.0,0.0,0.0
2019-01-01,4,0,57,0.0,0.0,0.0,0.0,0.0
2019-01-01,4,0,58,0.0,0.0,0.0,0.0,0.0
2019-01-01,4,0,59,0.0,0.0,0.0,0.0,0.0
2019-01-01,4,0,63,170.0,170.0,0.0,16254.404793,0.0
2019-01-01,4,0,64,200.0,200.0,0.0,19122.829169,0.0
2019-01-01,4,0,65,2.05,2.05,0.0,32.423281,0.0
2019-01-01,4,0,67,0.0,0.0,0.0,-0.0,0.0
2019-01-01,4,0,68,10.2,10.2,0.0,-4331.566554,0.0
2019-01-01,4,0,69,0.0,0.0,0.0,0.0,0.0
2019-01-01,4,0,74,0.0,0.0,0.0,0.0,0.0
2019-01-01,4,0,77,200.0,200.0,0.0,-61459.042739,0.0
2019-01-01,4,0,78,151.2,151.2,0.0,-46463.036311,0.0
2019-01-01,4,0,79,87.5,87.5,0.0,-26888.331198,0.0
2019-01-01,4,0,80,141.5,141.5,0.0,-43482.272738,0.0
2019-01-01,4,0,81,185.0,185.0,0.0,-56849.614534,0.0
2019-01-01,4,0,82,130.5,130.5,0.0,-40102.025387,0.0
2019-01-01,4,0,83,291.0,291.0,0.0,-89422.907186,0.0
2019-01-01,4,0,84,0.0,0.0,0.0,0.0,0.0
2019-01-01,4,0,86,0.0,0.0,0.0,0.0,0.0
2019-01-01,4,0,87,0.0,0.0,0.0,0.0,0.0
2019-01-01,4,0,88,170.6,170.6,0.0,-52424.563457,0.0
2019-01-01,4,0,89,164.0,164.0,0.0,-50396.415046,0.0
2019-01-01,4,0,90,220.2,220.2,0.0,-67666.406056,0.0
2019-01-01,4,0,91,785.5,785.5,0.0,-241380.390359,0.0
2019-01-01,4,0,92,282.5,282.5,0.0,-86810.897869,0.0
2019-01-01,4,0,95,84.17,84.17,0.0,1636.751286,0.0
2019-01-01,4,0,96,19.95,19.95,0.0,387.540764,0.0
2019-01-01,4,0,97,122.69,122.69,0.0,2383.327137,0.0
2019-01-01,4,0,99,0.0,0.0,0.0,0.0,0.0
2019-01-01,4,0,101,0.0,0.0,0.0,0.0,0.0
2019-01-01,4,0,102,24.15,24.15,0.0,-10255.620812,0.0
2019-01-01,4,0,103,21.0,21.0,0.0,-8917.931141,0.0
2019-01-01,4,0,104,3.9,3.9,0.0,-1656.187212,0.0
2019-01-01,4,0,106,0.0,0.0,0.0,0.0,0.0
2019-01-01,4,0,109,70.49,70.49,0.0,822.07395,0.0
2019-01-01,4,0,110,338.6,338.6,0.0,-338600.0,0.0
2019-01-01,4,0,111,0.0,0.0,0.0,0.0,0.0
2019-01-01,4,0,113,45.0,45.0,0.0,-12450.35805,0.0
2019-01-01,4,0,115,45.0,45.0,0.0,-12450.35805,0.0
2019-01-01,4,0,116,0.0,0.0,0.0,-0.0,0.0
2019-01-01,4,0,117,3.0,3.0,0.0,-830.02387,0.0
2019-01-01,4,0,119,200.0,200.0,0.0,19122.829169,0.0
2019-01-01,4,0,120,117.6,117.6,0.0,11244.223551,0.0
2019-01-01,4,0,123,0.0,0.0,0.0,0.0,0.0
2019-01-01,4,0,125,148.85,148.85,0.0,2866.02972,0.0
2019-01-01,4,0,126,0.0,0.0,0.0,0.0,0.0
2019-01-01,4,0,127,0.0,0.0,0.0,0.0,0.0
2019-01-01,4,0,128,202.15,202.15,0.0,3892.293638,0.0
2019-01-01,4,0,131,30.0,30.0,0.0,-11605.170015,0.0
2019-01-01,4,0,132,44.1,44.1,0.0,-17059.599923,0.0
2019-01-01,4,0,133,2.82,2.82,0.0,44.16187,0.0
2019-01-01,4,0,134,0.0,0.0,0.0,0.0,0.0
2019-01-01,4,0,135,3.89,3.89,0.0,60.918325,0.0
2019-01-01,4,0,136,2.79,2.79,0.0,44.14913,0.0
2019-01-01,4,0,139,24.55,24.55,0.0,372.338276,0.0
2019-01-01,4,0,140,250.6,250.6,0.0,-250600.0,0.0
2019-01-01,4,0,141,230.0,230.0,0.0,-130246.942149,0.0
2019-01-01,4,0,142,0.0,0.0,0.0,-0.0,0.0
2019-01-01,4,0,143,64.2,64.2,0.0,1241.50959,0.0
2019-01-01,4,0,145,10.7,10.7,0.0,177.056805,0.0
2019-01-01,4,0,146,268.0,268.0,0.0,-268000.0,0.0
2019-01-01,4,0,152,0.0,0.0,0.0,0.0,0.0
2019-01-01,4,0,153,0.0,0.0,0.0,0.0,0.0
2019-01-01,4,0,154,0.0,0.0,0.0,0.0,0.0
2019-01-01,4,0,157,250.0,250.0,0.0,-141572.763206,0.0
2019-01-01,4,0,158,0.0,0.0,0.0,-0.0,0.0
2019-01-01,4,0,159,0.0,0.0,0.0,0.0,0.0
2019-01-01,4,0,160,0.0,0.0,0.0,0.0,0.0
2019-01-01,4,0,161,0.0,0.0,0.0,-0.0,0.0
2019-01-01,4,0,162,48.75,48.75,0.0,986.333334,0.0
2019-01-01,4,0,163,185.4,185.4,0.0,-185400.0,0.0
2019-01-01,4,0,164,0.0,0.0,0.0,0.0,0.0
2019-01-01,4,0,167,0.0,0.0,0.0,0.0,0.0
2019-01-01,4,0,168,0.0,0.0,0.0,0.0,0.0
2019-01-01,4,0,169,0.0,0.0,0.0,0.0,0.0
2019-01-01,4,0,170,0.0,0.0,0.0,0.0,0.0
2019-01-01,4,0,172,0.0,0.0,0.0,0.0,0.0
2019-01-01,4,0,173,0.0,0.0,0.0,0.0,0.0
2019-01-01,4,0,188,0.0,0.0,0.0,0.0,0.0
2019-01-01,4,0,190,0.0,0.0,0.0,0.0,0.0
2019-01-01,4,0,191,0.0,0.0,0.0,0.0,0.0
2019-01-01,4,0,192,332.6,332.6,0.0,10785.405497,0.0
2019-01-01,4,0,194,176.5,176.5,0.0,-25183.656404,0.0
2019-01-01,4,0,196,0.0,0.0,0.0,0.0,0.0
2019-01-01,4,0,198,0.0,0.0,0.0,0.0,0.0
2019-01-01,4,0,199,11.79,11.79,0.0,-477.344197,0.0
2019-01-01,4,0,200,0.0,0.0,0.0,-0.0,0.0
2019-01-01,4,0,204,304.45,304.45,0.0,3695.402738,0.0
2019-01-01,4,0,205,372.92,372.92,0.0,4349.096574,0.0
2019-01-01,4,0,206,360.51,360.51,0.0,7003.123858,0.0
2019-01-01,4,0,210,0.0,0.0,0.0,0.0,0.0
2019-01-01,4,0,214,0.0,0.0,0.0,0.0,0.0
2019-01-01,4,0,217,0.0,0.0,0.0,0.0,0.0
2019-01-01,4,0,218,0.0,0.0,0.0,0.0,0.0
2019-01-01,4,0,219,0.0,0.0,0.0,0.0,0.0
2019-01-01,4,0,221,0.0,0.0,0.0,0.0,0.0
2019-01-01,4,0,225,0.0,0.0,0.0,0.0,0.0
2019-01-01,4,0,233,0.0,0.0,0.0,0.0,0.0
2019-01-01,4,0,236,0.0,0.0,0.0,0.0,0.0
2019-01-01,4,0,237,0.0,0.0,0.0,0.0,0.0
2019-01-01,4,0,238,0.0,0.0,0.0,0.0,0.0
2019-01-01,4,0,240,0.0,0.0,0.0,0.0,0.0
2019-01-01,4,0,245,2.46,2.46,0.0,37.267564,0.0
2019-01-01,4,0,247,5.43,5.43,0.0,82.261331,0.0
2019-01-01,4,0,248,0.0,0.0,0.0,0.0,0.0
2019-01-01,4,0,249,4.74,4.74,0.0,71.808234,0.0
2019-01-01,4,0,251,8.77,8.77,0.0,140.761152,0.0
2019-01-01,4,0,252,13.23,13.23,0.0,209.248782,0.0
2019-01-01,4,0,254,0.0,0.0,0.0,0.0,0.0
2019-01-01,4,0,255,0.0,0.0,0.0,0.0,0.0
2019-01-01,4,0,258,0.0,0.0,0.0,0.0,0.0
2019-01-01,4,0,260,0.0,0.0,0.0,0.0,0.0
2019-01-01,4,0,265,0.0,0.0,0.0,0.0,0.0
2019-01-01,4,0,266,15.89,15.89,0.0,240.996139,0.0
2019-01-01,4,0,267,19.53,19.53,0.0,296.202303,0.0
2019-01-01,4,0,270,579.0,579.0,0.0,-579000.0,0.0
2019-01-01,4,0,272,150.39,150.39,0.0,-41609.096603,0.0
2019-01-01,4,0,273,0.0,0.0,0.0,-0.0,0.0
2019-01-01,4,0,274,746.4,746.4,0.0,-746400.0,0.0
2019-01-01,4,0,275,1039.0,1039.0,0.0,-1039000.0,0.0
2019-01-01,4,0,276,0.0,0.0,0.0,-0.0,0.0
2019-01-01,4,0,277,0.0,0.0,0.0,-0.0,0.0
2019-01-01,4,0,278,0.0,0.0,0.0,-0.0,0.0
2019-01-01,4,0,279,264.6,264.6,0.0,-76456.411356,0.0
2019-01-01,4,0,281,16.83,16.83,0.0,325.461159,0.0
2019-01-01,4,0,282,0.0,0.0,0.0,0.0,0.0
2019-01-01,5,0,9,0.0,0.0,0.0,0.0,0.0
2019-01-01,5,0,17,0.0,0.0,0.0,0.0,0.0
2019-01-01,5,0,19,42.5,42.5,0.0,666.075114,0.0
2019-01-01,5,0,20,51.55,51.55,0.0,807.909932,0.0
2019-01-01,5,0,21,0.0,0.0,0.0,0.0,0.0
2019-01-01,5,0,22,0.0,0.0,0.0,0.0,0.0
2019-01-01,5,0,23,108.8,108.8,0.0,2046.48831,0.0
2019-01-01,5,0,24,192.5,192.5,0.0,3620.854776,0.0
2019-01-01,5,0,29,0.0,0.0,0.0,0.0,0.0
2019-01-01,5,0,30,0.0,0.0,0.0,0.0,0.0
2019-01-01,5,0,31,36.52,36.52,0.0,689.965591,0.0
2019-01-01,5,0,32,0.0,0.0,0.0,0.0,0.0
2019-01-01,5,0,33,0.0,0.0,0.0,0.0,0.0
2019-01-01,5,0,34,0.0,0.0,0.0,0.0,0.0
2019-01-01,5,0,35,0.0,0.0,0.0,0.0,0.0
2019-01-01,5,0,36,0.0,0.0,0.0,0.0,0.0
2019-01-01,5,0,37,0.0,0.0,0.0,0.0,0.0
2019-01-01,5,0,38,0.0,0.0,0.0,0.0,0.0
2019-01-01,5,0,39,0.0,0.0,0.0,0.0,0.0
2019-01-01,5,0,40,0.0,0.0,0.0,0.0,0.0
2019-01-01,5,0,41,21.31,21.31,0.0,314.48609,0.0
2019-01-01,5,0,42,0.0,0.0,0.0,0.0,0.0
2019-01-01,5,0,43,0.0,0.0,0.0,0.0,0.0
2019-01-01,5,0,46,0.0,0.0,0.0,0.0,0.0
2019-01-01,5,0,52,38.71,38.71,0.0,731.340855,0.0
2019-01-01,5,0,53,61.5,61.5,0.0,1161.9081,0.0
2019-01-01,5,0,55,460.36,460.36,0.0,8659.203661,0.0
2019-01-01,5,0,56,0.0,0.0,0.0,0.0,0.0
2019-01-01,5,0,57,0.0,0.0,0.0,0.0,0.0
2019-01-01,5,0,58,0.0,0.0,0.0,0.0,0.0
2019-01-01,5,0,59,0.0,0.0,0.0,0.0,0.0
2019-01-01,5,0,63,170.0,170.0,0.0,16282.717425,0.0
2019-01-01,5,0,64,200.0,200.0,0.0,19156.138148,0.0
2019-01-01,5,0,65,2.57,2.57,0.0,40.647723,0.0
2019-01-01,5,0,67,0.0,0.0,0.0,-0.0,0.0
2019-01-01,5,0,68,10.2,10.2,0.0,-4331.197891,0.0
2019-01-01,5,0,69,0.0,0.0,0.0,0.0,0.0
2019-01-01,5,0,74,0.0,0.0,0.0,0.0,0.0
2019-01-01,5,0,77,200.0,200.0,0.0,-61449.726321,0.0
2019-01-01,5,0,78,151.2,151.2,0.0,-46455.993098,0.0
2019-01-01,5,0,79,87.5,87.5,0.0,-26884.255265,0.0
2019-01-01,5,0,80,141.5,141.5,0.0,-43475.681372,0.0
2019-01-01,5,0,81,185.0,185.0,0.0,-56840.996847,0.0
2019-01-01,5,0,82,130.5,130.5,0.0,-40095.946424,0.0
2019-01-01,5,0,83,291.0,291.0,0.0,-89409.351796,0.0
2019-01-01,5,0,84,0.0,0.0,0.0,0.0,0.0
2019-01-01,5,0,86,0.0,0.0,0.0,0.0,0.0
2019-01-01,5,0,87,0.0,0.0,0.0,0.0,0.0
2019-01-01,5,0,88,170.6,170.6,0.0,-52416.616551,0.0
2019-01-01,5,0,89,164.0,164.0,0.0,-50388.775583,0.0
2019-01-01,5,0,90,220.2,220.2,0.0,-67656.148679,0.0
2019-01-01,5,0,91,785.5,785.5,0.0,-241343.800124,0.0
2019-01-01,5,0,92,282.5,282.5,0.0,-86797.738428,0.0
2019-01-01,5,0,95,36.0,36.0,0.0,807.470518,0.0
2019-01-01,5,0,96,21.04,21.04,0.0,399.333842,0.0
2019-01-01,5,0,97,129.37,129.37,0.0,2455.409654,0.0
2019-01-01,5,0,99,0.0,0.0,0.0,0.0,0.0
2019-01-01,5,0,101,0.0,0.0,0.0,0.0,0.0
2019-01-01,5,0,102,24.15,24.15,0.0,-10254.747948,0.0
2019-01-01,5,0,103,21.0,21.0,0.0,-8917.172129,0.0
2019-01-01,5,0,104,3.9,3.9,0.0,-1656.046253,0.0
2019-01-01,5,0,106,0.0,0.0,0.0,0.0,0.0
2019-01-01,5,0,109,93.96,93.96,0.0,1056.728064,0.0
2019-01-01,5,0,110,338.6,338.6,0.0,-338600.0,0.0
2019-01-01,5,0,111,0.0,0.0,0.0,0.0,0.0
2019-01-01,5,0,113,106.15,106.15,0.0,-29364.931061,0.0
2019-01-01,5,0,115,106.15,106.15,0.0,-29364.931061,0.0
2019-01-01,5,0,116,0.0,0.0,0.0,-0.0,0.0
2019-01-01,5,0,117,5.11,5.11,0.0,-1413.610906,0.0
2019-01-01,5,0,119,200.0,200.0,0.0,19156.138148,0.0
2019-01-01,5,0,120,117.6,117.6,0.0,11263.809231,0.0
2019-01-01,5,0,123,0.0,0.0,0.0,0.0,0.0
2019-01-01,5,0,125,174.2,174.2,0.0,3276.638452,0.0
2019-01-01,5,0,126,0.0,0.0,0.0,0.0,0.0
2019-01-01,5,0,127,0.0,0.0,0.0,0.0,0.0
2019-01-01,5,0,128,249.5,249.5,0.0,4693.003983,0.0
2019-01-01,5,0,131,30.0,30.0,0.0,-11604.014428,0.0
2019-01-01,5,0,132,44.1,44.1,0.0,-17057.901209,0.0
2019-01-01,5,0,133,2.07,2.07,0.0,32.413716,0.0
2019-01-01,5,0,134,0.0,0.0,0.0,0.0,0.0
2019-01-01,5,0,135,2.95,2.95,0.0,46.19346,0.0
2019-01-01,5,0,136,3.25,3.25,0.0,51.428433,0.0
2019-01-01,5,0,139,27.51,27.51,0.0,405.983686,0.0
2019-01-01,5,0,140,250.6,250.6,0.0,-250600.0,0.0
2019-01-01,5,0,141,230.0,230.0,0.0,-130240.67553,0.0
2019-01-01,5,0,142,0.0,0.0,0.0,-0.0,0.0
2019-01-01,5,0,143,107.65,107.65,0.0,2033.811496,0.0
2019-01-01,5,0,145,12.86,12.86,0.0,207.242055,0.0
2019-01-01,5,0,146,268.0,268.0,0.0,-268000.0,0.0
2019-01-01,5,0,152,0.0,0.0,0.0,0.0,0.0
2019-01-01,5,0,153,0.0,0.0,0.0,0.0,0.0
2019-01-01,5,0,154,0.0,0.0,0.0,0.0,0.0
2019-01-01,5,0,157,250.0,250.0,0.0,-141565.951663,0.0
2019-01-01,5,0,158,0.0,0.0,0.0,-0.0,0.0
2019-01-01,5,0,159,0.0,0.0,0.0,0.0,0.0
2019-01-01,5,0,160,0.0,0.0,0.0,0.0,0.0
2019-01-01,5,0,161,0.0,0.0,0.0,-0.0,0.0
2019-01-01,5,0,162,48.75,48.75,0.0,1132.141625,0.0
2019-01-01,5,0,163,185.4,185.4,0.0,-185400.0,0.0
2019-01-01,5,0,164,0.0,0.0,0.0,0.0,0.0
2019-01-01,5,0,167,0.0,0.0,0.0,0.0,0.0
2019-01-01,5,0,168,0.0,0.0,0.0,0.0,0.0
2019-01-01,5,0,169,0.0,0.0,0.0,0.0,0.0
2019-01-01,5,0,170,0.0,0.0,0.0,0.0,0.0
2019-01-01,5,0,172,0.0,0.0,0.0,0.0,0.0
2019-01-01,5,0,173,0.0,0.0,0.0,0.0,0.0
2019-01-01,5,0,188,0.0,0.0,0.0,0.0,0.0
2019-01-01,5,0,190,0.0,0.0,0.0,0.0,0.0
2019-01-01,5,0,191,0.0,0.0,0.0,0.0,0.0
2019-01-01,5,0,192,332.6,332.6,0.0,10785.405497,0.0
2019-01-01,5,0,194,176.5,176.5,0.0,-25177.044284,0.0
2019-01-01,5,0,196,0.0,0.0,0.0,0.0,0.0
2019-01-01,5,0,198,0.0,0.0,0.0,0.0,0.0
2019-01-01,5,0,199,17.34,17.34,0.0,-702.418782,0.0
2019-01-01,5,0,200,0.0,0.0,0.0,-0.0,0.0
2019-01-01,5,0,204,395.39,395.39,0.0,4636.286062,0.0
2019-01-01,5,0,205,497.04,497.04,0.0,5589.996989,0.0
2019-01-01,5,0,206,380.16,380.16,0.0,7215.339986,0.0
2019-01-01,5,0,210,0.0,0.0,0.0,0.0,0.0
2019-01-01,5,0,214,0.0,0.0,0.0,0.0,0.0
2019-01-01,5,0,217,0.0,0.0,0.0,0.0,0.0
2019-01-01,5,0,218,0.0,0.0,0.0,0.0,0.0
2019-01-01,5,0,219,0.0,0.0,0.0,0.0,0.0
2019-01-01,5,0,221,0.0,0.0,0.0,0.0,0.0
2019-01-01,5,0,225,0.0,0.0,0.0,0.0,0.0
2019-01-01,5,0,233,0.0,0.0,0.0,0.0,0.0
2019-01-01,5,0,236,0.0,0.0,0.0,0.0,0.0
2019-01-01,5,0,237,0.0,0.0,0.0,0.0,0.0
2019-01-01,5,0,238,0.0,0.0,0.0,0.0,0.0
2019-01-01,5,0,240,0.0,0.0,0.0,0.0,0.0
2019-01-01,5,0,245,3.77,3.77,0.0,57.090131,0.0
2019-01-01,5,0,247,7.37,7.37,0.0,111.605907,0.0
2019-01-01,5,0,248,0.0,0.0,0.0,0.0,0.0
2019-01-01,5,0,249,7.25,7.25,0.0,109.788714,0.0
2019-01-01,5,0,251,12.02,12.02,0.0,192.950564,0.0
2019-01-01,5,0,252,16.55,16.55,0.0,261.75868,0.0
2019-01-01,5,0,254,0.0,0.0,0.0,0.0,0.0
2019-01-01,5,0,255,0.0,0.0,0.0,0.0,0.0
2019-01-01,5,0,258,0.0,0.0,0.0,0.0,0.0
2019-01-01,5,0,260,0.0,0.0,0.0,0.0,0.0
2019-01-01,5,0,265,0.0,0.0,0.0,0.0,0.0
2019-01-01,5,0,266,17.82,17.82,0.0,262.981798,0.0
2019-01-01,5,0,267,21.89,21.89,0.0,323.045543,0.0
2019-01-01,5,0,270,579.0,579.0,0.0,-579000.0,0.0
2019-01-01,5,0,272,364.92,364.92,0.0,-100950.076709,0.0
2019-01-01,5,0,273,0.0,0.0,0.0,-0.0,0.0
2019-01-01,5,0,274,746.4,746.4,0.0,-746400.0,0.0
2019-01-01,5,0,275,1039.0,1039.0,0.0,-1039000.0,0.0
2019-01-01,5,0,276,0.0,0.0,0.0,-0.0,0.0
2019-01-01,5,0,277,0.0,0.0,0.0,-0.0,0.0
2019-01-01,5,0,278,0.0,0.0,0.0,-0.0,0.0
2019-01-01,5,0,279,264.6,264.6,0.0,-76445.376698,0.0
2019-01-01,5,0,281,16.39,16.39,0.0,309.653232,0.0
2019-01-01,5,0,282,0.0,0.0,0.0,0.0,0.0
2019-01-01,6,0,9,0.0,0.0,0.0,0.0,0.0
2019-01-01,6,0,17,0.0,0.0,0.0,0.0,0.0
2019-01-01,6,0,19,67.73,67.73,0.0,2112.171185,0.0
2019-01-01,6,0,20,82.14,82.14,0.0,2561.549404,0.0
2019-01-01,6,0,21,0.0,0.0,0.0,0.0,0.0
2019-01-01,6,0,22,0.0,0.0,0.0,0.0,0.0
2019-01-01,6,0,23,108.8,108.8,0.0,3998.74112,0.0
2019-01-01,6,0,24,192.5,192.5,0.0,7074.978544,0.0
2019-01-01,6,0,29,0.0,0.0,0.0,0.0,0.0
2019-01-01,6,0,30,0.0,0.0,0.0,0.0,0.0
2019-01-01,6,0,31,34.69,34.69,0.0,1283.329183,0.0
2019-01-01,6,0,32,0.0,0.0,0.0,0.0,0.0
2019-01-01,6,0,33,0.0,0.0,0.0,0.0,0.0
2019-01-01,6,0,34,0.0,0.0,0.0,0.0,0.0
2019-01-01,6,0,35,0.0,0.0,0.0,0.0,0.0
2019-01-01,6,0,36,0.0,0.0,0.0,0.0,0.0
2019-01-01,6,0,37,0.0,0.0,0.0,0.0,0.0
2019-01-01,6,0,38,0.0,0.0,0.0,0.0,0.0
2019-01-01,6,0,39,0.0,0.0,0.0,0.0,0.0
2019-01-01,6,0,40,0.0,0.0,0.0,0.0,0.0
2019-01-01,6,0,41,25.12,25.12,0.0,630.728082,0.0
2019-01-01,6,0,42,0.0,0.0,0.0,0.0,0.0
2019-01-01,6,0,43,0.0,0.0,0.0,0.0,0.0
2019-01-01,6,0,46,0.0,0.0,0.0,0.0,0.0
2019-01-01,6,0,52,36.77,36.77,0.0,1360.277142,0.0
2019-01-01,6,0,53,58.39,58.39,0.0,2160.091986,0.0
2019-01-01,6,0,55,186.9,186.9,0.0,6869.160986,0.0
2019-01-01,6,0,56,0.0,0.0,0.0,0.0,0.0
2019-01-01,6,0,57,0.0,0.0,0.0,0.0,0.0
2019-01-01,6,0,58,0.0,0.0,0.0,0.0,0.0
2019-01-01,6,0,59,0.0,0.0,0.0,0.0,0.0
2019-01-01,6,0,63,170.0,170.0,0.0,15991.217942,0.0
2019-01-01,6,0,64,200.0,200.0,0.0,18813.197579,0.0
2019-01-01,6,0,65,3.16,3.16,0.0,99.919658,0.0
2019-01-01,6,0,67,0.0,0.0,0.0,-0.0,0.0
2019-01-01,6,0,68,10.2,10.2,0.0,-4398.103201,0.0
2019-01-01,6,0,69,0.0,0.0,0.0,0.0,0.0
2019-01-01,6,0,74,0.0,0.0,0.0,0.0,0.0
2019-01-01,6,0,77,200.0,200.0,0.0,-63236.092113,0.0
2019-01-01,6,0,78,151.2,151.2,0.0,-47806.485637,0.0
2019-01-01,6,0,79,87.5,87.5,0.0,-27665.790299,0.0
2019-01-01,6,0,80,141.5,141.5,0.0,-44739.53517,0.0
2019-01-01,6,0,81,185.0,185.0,0.0,-58493.385204,0.0
2019-01-01,6,0,82,130.5,130.5,0.0,-41261.550103,0.0
2019-01-01,6,0,83,291.0,291.0,0.0,-92008.514024,0.0
2019-01-01,6,0,84,0.0,0.0,0.0,0.0,0.0
2019-01-01,6,0,86,0.0,0.0,0.0,0.0,0.0
2019-01-01,6,0,87,0.0,0.0,0.0,0.0,0.0
2019-01-01,6,0,88,170.6,170.6,0.0,-53940.386572,0.0
2019-01-01,6,0,89,164.0,164.0,0.0,-51853.595532,0.0
2019-01-01,6,0,90,220.2,220.2,0.0,-69622.937416,0.0
2019-01-01,6,0,91,785.5,785.5,0.0,-248359.751772,0.0
2019-01-01,6,0,92,282.5,282.5,0.0,-89320.980109,0.0
2019-01-01,6,0,95,36.0,36.0,0.0,807.470518,0.0
2019-01-01,6,0,96,22.28,22.28,0.0,829.844423,0.0
2019-01-01,6,0,97,137.03,137.03,0.0,5103.841172,0.0
2019-01-01,6,0,99,0.0,0.0,0.0,0.0,0.0
2019-01-01,6,0,101,0.0,0.0,0.0,0.0,0.0
2019-01-01,6,0,102,24.15,24.15,0.0,-10413.156108,0.0
2019-01-01,6,0,103,21.0,21.0,0.0,-9054.918355,0.0
2019-01-01,6,0,104,3.9,3.9,0.0,-1681.627694,0.0
2019-01-01,6,0,106,0.0,0.0,0.0,0.0,0.0
2019-01-01,6,0,109,123.37,123.37,0.0,1813.886155,0.0
2019-01-01,6,0,110,338.6,338.6,0.0,-338600.0,0.0
2019-01-01,6,0,111,0.0,0.0,0.0,0.0,0.0
2019-01-01,6,0,113,137.43,137.43,0.0,-38826.720846,0.0
2019-01-01,6,0,115,137.43,137.43,0.0,-38826.720846,0.0
2019-01-01,6,0,116,0.0,0.0,0.0,-0.0,0.0
2019-01-01,6,0,117,5.45,5.45,0.0,-1539.733891,0.0
2019-01-01,6,0,119,200.0,200.0,0.0,18813.197579,0.0
2019-01-01,6,0,120,117.6,117.6,0.0,11062.160176,0.0
2019-01-01,6,0,123,0.0,0.0,0.0,0.0,0.0
2019-01-01,6,0,125,174.2,174.2,0.0,6402.396168,0.0
2019-01-01,6,0,126,0.0,0.0,0.0,0.0,0.0
2019-01-01,6,0,127,0.0,0.0,0.0,0.0,0.0
2019-01-01,6,0,128,249.5,249.5,0.0,9169.907255,0.0
2019-01-01,6,0,131,30.0,30.0,0.0,-11813.73169,0.0
2019-01-01,6,0,132,44.1,44.1,0.0,-17366.185584,0.0
2019-01-01,6,0,133,2.96,2.96,0.0,92.186781,0.0
2019-01-01,6,0,134,0.0,0.0,0.0,0.0,0.0
2019-01-01,6,0,135,3.96,3.96,0.0,123.330963,0.0
2019-01-01,6,0,136,3.75,3.75,0.0,118.665092,0.0
2019-01-01,6,0,139,32.44,32.44,0.0,814.523048,0.0
2019-01-01,6,0,140,250.6,250.6,0.0,-250600.0,0.0
2019-01-01,6,0,141,230.0,230.0,0.0,-131377.948241,0.0
2019-01-01,6,0,142,0.0,0.0,0.0,-0.0,0.0
2019-01-01,6,0,143,167.34,167.34,0.0,6190.611285,0.0
2019-01-01,6,0,145,15.5,15.5,0.0,448.213779,0.0
2019-01-01,6,0,146,268.0,268.0,0.0,-268000.0,0.0
2019-01-01,6,0,152,0.0,0.0,0.0,0.0,0.0
2019-01-01,6,0,153,0.0,0.0,0.0,0.0,0.0
2019-01-01,6,0,154,0.0,0.0,0.0,0.0,0.0
2019-01-01,6,0,157,250.0,250.0,0.0,-142802.117654,0.0
2019-01-01,6,0,158,0.0,0.0,0.0,-0.0,0.0
2019-01-01,6,0,159,0.0,0.0,0.0,0.0,0.0
2019-01-01,6,0,160,0.0,0.0,0.0,0.0,0.0
2019-01-01,6,0,161,0.0,0.0,0.0,-0.0,0.0
2019-01-01,6,0,162,48.75,48.75,0.0,1130.592807,0.0
2019-01-01,6,0,163,185.4,185.4,0.0,-185400.0,0.0
2019-01-01,6,0,164,0.0,0.0,0.0,0.0,0.0
2019-01-01,6,0,167,0.0,0.0,0.0,0.0,0.0
2019-01-01,6,0,168,0.0,0.0,0.0,0.0,0.0
2019-01-01,6,0,169,0.0,0.0,0.0,0.0,0.0
2019-01-01,6,0,170,0.0,0.0,0.0,0.0,0.0
2019-01-01,6,0,172,0.0,0.0,0.0,0.0,0.0
2019-01-01,6,0,173,0.0,0.0,0.0,0.0,0.0
2019-01-01,6,0,188,0.0,0.0,0.0,0.0,0.0
2019-01-01,6,0,190,0.0,0.0,0.0,0.0,0.0
2019-01-01,6,0,191,0.0,0.0,0.0,0.0,0.0
2019-01-01,6,0,192,332.6,332.6,0.0,10785.405497,0.0
2019-01-01,6,0,194,176.5,176.5,0.0,-25925.730582,0.0
2019-01-01,6,0,196,0.0,0.0,0.0,0.0,0.0
2019-01-01,6,0,198,0.0,0.0,0.0,0.0,0.0
2019-01-01,6,0,199,24.47,24.47,0.0,-1285.429463,0.0
2019-01-01,6,0,200,0.0,0.0,0.0,-0.0,0.0
2019-01-01,6,0,204,510.32,510.32,0.0,8239.284998,0.0
2019-01-01,6,0,205,652.65,652.65,0.0,9595.791516,0.0
2019-01-01,6,0,206,402.65,402.65,0.0,14997.165934,0.0
2019-01-01,6,0,210,0.0,0.0,0.0,0.0,0.0
2019-01-01,6,0,214,0.0,0.0,0.0,0.0,0.0
2019-01-01,6,0,217,0.0,0.0,0.0,0.0,0.0
2019-01-01,6,0,218,0.0,0.0,0.0,0.0,0.0
2019-01-01,6,0,219,0.0,0.0,0.0,0.0,0.0
2019-01-01,6,0,221,0.0,0.0,0.0,0.0,0.0
2019-01-01,6,0,225,0.0,0.0,0.0,0.0,0.0
2019-01-01,6,0,233,0.0,0.0,0.0,0.0,0.0
2019-01-01,6,0,236,0.0,0.0,0.0,0.0,0.0
2019-01-01,6,0,237,0.0,0.0,0.0,0.0,0.0
2019-01-01,6,0,238,0.0,0.0,0.0,0.0,0.0
2019-01-01,6,0,240,0.0,0.0,0.0,0.0,0.0
2019-01-01,6,0,245,6.48,6.48,0.0,191.714773,0.0
2019-01-01,6,0,247,10.7,10.7,0.0,316.56606,0.0
2019-01-01,6,0,248,0.0,0.0,0.0,0.0,0.0
2019-01-01,6,0,249,12.47,12.47,0.0,368.932595,0.0
2019-01-01,6,0,251,17.01,17.01,0.0,550.006629,0.0
2019-01-01,6,0,252,20.4,20.4,0.0,645.050958,0.0
2019-01-01,6,0,254,0.0,0.0,0.0,0.0,0.0
2019-01-01,6,0,255,0.0,0.0,0.0,0.0,0.0
2019-01-01,6,0,258,0.0,0.0,0.0,0.0,0.0
2019-01-01,6,0,260,0.0,0.0,0.0,0.0,0.0
2019-01-01,6,0,265,0.0,0.0,0.0,0.0,0.0
2019-01-01,6,0,266,21.01,21.01,0.0,527.531728,0.0
2019-01-01,6,0,267,25.82,25.82,0.0,648.304103,0.0
2019-01-01,6,0,270,579.0,579.0,0.0,-579000.0,0.0
2019-01-01,6,0,272,484.95,484.95,0.0,-137008.064284,0.0
2019-01-01,6,0,273,0.0,0.0,0.0,-0.0,0.0
2019-01-01,6,0,274,746.4,746.4,0.0,-746400.0,0.0
2019-01-01,6,0,275,1039.0,1039.0,0.0,-1039000.0,0.0
2019-01-01,6,0,276,0.0,0.0,0.0,-0.0,0.0
2019-01-01,6,0,277,0.0,0.0,0.0,-0.0,0.0
2019-01-01,6,0,278,0.0,0.0,0.0,-0.0,0.0
2019-01-01,6,0,279,264.6,264.6,0.0,-78325.571603,0.0
2019-01-01,6,0,281,15.6,15.6,0.0,577.109693,0.0
2019-01-01,6,0,282,0.0,0.0,0.0,0.0,0.0
2019-01-01,7,0,9,0.0,0.0,0.0,0.0,0.0
2019-01-01,7,0,17,0.0,0.0,0.0,0.0,0.0
2019-01-01,7,0,19,102.4,102.4,0.0,1499.49416,0.0
2019-01-01,7,0,20,124.19,124.19,0.0,1818.575974,0.0
2019-01-01,7,0,21,0.0,0.0,0.0,0.0,0.0
2019-01-01,7,0,22,0.0,0.0,0.0,0.0,0.0
2019-01-01,7,0,23,108.8,108.8,0.0,1936.889815,0.0
2019-01-01,7,0,24,192.5,192.5,0.0,3426.941999,0.0
2019-01-01,7,0,29,0.0,0.0,0.0,0.0,0.0
2019-01-01,7,0,30,0.0,0.0,0.0,0.0,0.0
2019-01-01,7,0,31,81.04,81.04,0.0,1449.329996,0.0
2019-01-01,7,0,32,0.0,0.0,0.0,0.0,0.0
2019-01-01,7,0,33,0.0,0.0,0.0,0.0,0.0
2019-01-01,7,0,34,0.0,0.0,0.0,0.0,0.0
2019-01-01,7,0,35,0.0,0.0,0.0,0.0,0.0
2019-01-01,7,0,36,0.0,0.0,0.0,0.0,0.0
2019-01-01,7,0,37,0.0,0.0,0.0,0.0,0.0
2019-01-01,7,0,38,0.0,0.0,0.0,0.0,0.0
2019-01-01,7,0,39,0.0,0.0,0.0,0.0,0.0
2019-01-01,7,0,40,0.0,0.0,0.0,0.0,0.0
2019-01-01,7,0,41,22.47,22.47,0.0,310.395905,0.0
2019-01-01,7,0,42,0.0,0.0,0.0,0.0,0.0
2019-01-01,7,0,43,0.0,0.0,0.0,0.0,0.0
2019-01-01,7,0,46,0.0,0.0,0.0,0.0,0.0
2019-01-01,7,0,52,85.9,85.9,0.0,1536.246874,0.0
2019-01-01,7,0,53,136.52,136.52,0.0,2441.541598,0.0
2019-01-01,7,0,55,186.9,186.9,0.0,3327.249141,0.0
2019-01-01,7,0,56,0.0,0.0,0.0,0.0,0.0
2019-01-01,7,0,57,0.0,0.0,0.0,0.0,0.0
2019-01-01,7,0,58,0.0,0.0,0.0,0.0,0.0
2019-01-01,7,0,59,0.0,0.0,0.0,0.0,0.0
2019-01-01,7,0,63,170.0,170.0,0.0,18041.997003,0.0
2019-01-01,7,0,64,200.0,200.0,0.0,21225.878827,0.0
2019-01-01,7,0,65,3.88,3.88,0.0,57.364569,0.0
2019-01-01,7,0,67,0.0,0.0,0.0,-0.0,0.0
2019-01-01,7,0,68,10.2,10.2,0.0,-4277.248722,0.0
2019-01-01,7,0,69,0.0,0.0,0.0,0.0,0.0
2019-01-01,7,0,74,0.0,0.0,0.0,0.0,0.0
2019-01-01,7,0,77,200.0,200.0,0.0,-60173.349393,0.0
2019-01-01,7,0,78,151.2,151.2,0.0,-45491.052141,0.0
2019-01-01,7,0,79,87.5,87.5,0.0,-26325.84036,0.0
2019-01-01,7,0,80,141.5,141.5,0.0,-42572.644696,0.0
2019-01-01,7,0,81,185.0,185.0,0.0,-55660.348189,0.0
2019-01-01,7,0,82,130.5,130.5,0.0,-39263.110479,0.0
2019-01-01,7,0,83,291.0,291.0,0.0,-87552.223367,0.0
2019-01-01,7,0,84,0.0,0.0,0.0,0.0,0.0
2019-01-01,7,0,86,0.0,0.0,0.0,0.0,0.0
2019-01-01,7,0,87,0.0,0.0,0.0,0.0,0.0
2019-01-01,7,0,88,170.6,170.6,0.0,-51327.867032,0.0
2019-01-01,7,0,89,164.0,164.0,0.0,-49342.146502,0.0
2019-01-01,7,0,90,220.2,220.2,0.0,-66250.857682,0.0
2019-01-01,7,0,91,785.5,785.5,0.0,-236330.829742,0.0
2019-01-01,7,0,92,282.5,282.5,0.0,-84994.856018,0.0
2019-01-01,7,0,95,36.0,36.0,0.0,807.470518,0.0
2019-01-01,7,0,96,23.48,23.48,0.0,421.927547,0.0
2019-01-01,7,0,97,144.39,144.39,0.0,2594.638778,0.0
2019-01-01,7,0,99,0.0,0.0,0.0,0.0,0.0
2019-01-01,7,0,101,0.0,0.0,0.0,0.0,0.0
2019-01-01,7,0,102,24.15,24.15,0.0,-10127.015356,0.0
2019-01-01,7,0,103,21.0,21.0,0.0,-8806.10031,0.0
2019-01-01,7,0,104,3.9,3.9,0.0,-1635.418629,0.0
2019-01-01,7,0,106,0.0,0.0,0.0,0.0,0.0
2019-01-01,7,0,109,158.84,158.84,0.0,1646.239907,0.0
2019-01-01,7,0,110,338.6,338.6,0.0,-338600.0,0.0
2019-01-01,7,0,111,0.0,0.0,0.0,0.0,0.0
2019-01-01,7,0,113,75.93,75.93,0.0,-20502.469068,0.0
2019-01-01,7,0,115,75.93,75.93,0.0,-20502.469068,0.0
2019-01-01,7,0,116,0.0,0.0,0.0,-0.0,0.0
2019-01-01,7,0,117,3.11,3.11,0.0,-839.756075,0.0
2019-01-01,7,0,119,200.0,200.0,0.0,21225.878827,0.0
2019-01-01,7,0,120,117.6,117.6,0.0,12480.81675,0.0
2019-01-01,7,0,123,0.0,0.0,0.0,0.0,0.0
2019-01-01,7,0,125,174.2,174.2,0.0,3101.15998,0.0
2019-01-01,7,0,126,0.0,0.0,0.0,0.0,0.0
2019-01-01,7,0,127,0.0,0.0,0.0,0.0,0.0
2019-01-01,7,0,128,249.5,249.5,0.0,4441.672876,0.0
2019-01-01,7,0,131,30.0,30.0,0.0,-11434.908684,0.0
2019-01-01,7,0,132,44.1,44.1,0.0,-16809.315766,0.0
2019-01-01,7,0,133,5.0,5.0,0.0,73.150979,0.0
2019-01-01,7,0,134,0.0,0.0,0.0,0.0,0.0
2019-01-01,7,0,135,6.7,6.7,0.0,98.022312,0.0
2019-01-01,7,0,136,4.32,4.32,0.0,63.903313,0.0
2019-01-01,7,0,139,29.02,29.02,0.0,400.876242,0.0
2019-01-01,7,0,140,250.6,250.6,0.0,-250600.0,0.0
2019-01-01,7,0,141,230.0,230.0,0.0,-129323.634436,0.0
2019-01-01,7,0,142,0.0,0.0,0.0,-0.0,0.0
2019-01-01,7,0,143,108.39,108.39,0.0,1938.460986,0.0
2019-01-01,7,0,145,18.62,18.62,0.0,282.130348,0.0
2019-01-01,7,0,146,268.0,268.0,0.0,-268000.0,0.0
2019-01-01,7,0,152,0.0,0.0,0.0,0.0,0.0
2019-01-01,7,0,153,0.0,0.0,0.0,0.0,0.0
2019-01-01,7,0,154,0.0,0.0,0.0,0.0,0.0
2019-01-01,7,0,157,237.53,237.53,0.0,-133557.577772,0.0
2019-01-01,7,0,158,0.0,0.0,0.0,-0.0,0.0
2019-01-01,7,0,159,0.0,0.0,0.0,0.0,0.0
2019-01-01,7,0,160,0.0,0.0,0.0,0.0,0.0
2019-01-01,7,0,161,0.0,0.0,0.0,-0.0,0.0
2019-01-01,7,0,162,48.75,48.75,0.0,1131.113862,0.0
2019-01-01,7,0,163,185.4,185.4,0.0,-185400.0,0.0
2019-01-01,7,0,164,0.0,0.0,0.0,0.0,0.0
2019-01-01,7,0,167,0.0,0.0,0.0,0.0,0.0
2019-01-01,7,0,168,0.0,0.0,0.0,0.0,0.0
2019-01-01,7,0,169,0.0,0.0,0.0,0.0,0.0
2019-01-01,7,0,170,0.0,0.0,0.0,0.0,0.0
2019-01-01,7,0,172,0.0,0.0,0.0,0.0,0.0
2019-01-01,7,0,173,0.0,0.0,0.0,0.0,0.0
2019-01-01,7,0,188,0.0,0.0,0.0,0.0,0.0
2019-01-01,7,0,190,0.0,0.0,0.0,0.0,0.0
2019-01-01,7,0,191,0.0,0.0,0.0,0.0,0.0
2019-01-01,7,0,192,332.6,332.6,0.0,10785.405497,0.0
2019-01-01,7,0,194,176.5,176.5,0.0,-23798.976354,0.0
2019-01-01,7,0,196,0.0,0.0,0.0,0.0,0.0
2019-01-01,7,0,198,0.0,0.0,0.0,0.0,0.0
2019-01-01,7,0,199,33.41,33.41,0.0,-1297.179827,0.0
2019-01-01,7,0,200,0.0,0.0,0.0,-0.0,0.0
2019-01-01,7,0,204,649.64,649.64,0.0,7038.57702,0.0
2019-01-01,7,0,205,840.25,840.25,0.0,8708.468157,0.0
2019-01-01,7,0,206,424.27,424.27,0.0,7623.986386,0.0
2019-01-01,7,0,210,0.0,0.0,0.0,0.0,0.0
2019-01-01,7,0,214,0.0,0.0,0.0,0.0,0.0
2019-01-01,7,0,217,0.0,0.0,0.0,0.0,0.0
2019-01-01,7,0,218,0.0,0.0,0.0,0.0,0.0
2019-01-01,7,0,219,0.0,0.0,0.0,0.0,0.0
2019-01-01,7,0,221,0.0,0.0,0.0,0.0,0.0
2019-01-01,7,0,225,0.0,0.0,0.0,0.0,0.0
2019-01-01,7,0,233,0.0,0.0,0.0,0.0,0.0
2019-01-01,7,0,236,0.0,0.0,0.0,0.0,0.0
2019-01-01,7,0,237,0.0,0.0,0.0,0.0,0.0
2019-01-01,7,0,238,0.0,0.0,0.0,0.0,0.0
2019-01-01,7,0,240,0.0,0.0,0.0,0.0,0.0
2019-01-01,7,0,245,11.24,11.24,0.0,158.757341,0.0
2019-01-01,7,0,247,15.96,15.96,0.0,225.424125,0.0
2019-01-01,7,0,248,0.0,0.0,0.0,0.0,0.0
2019-01-01,7,0,249,21.61,21.61,0.0,305.226525,0.0
2019-01-01,7,0,251,23.95,23.95,0.0,359.644822,0.0
2019-01-01,7,0,252,25.06,25.06,0.0,370.50415,0.0
2019-01-01,7,0,254,0.0,0.0,0.0,0.0,0.0
2019-01-01,7,0,255,0.0,0.0,0.0,0.0,0.0
2019-01-01,7,0,258,0.0,0.0,0.0,0.0,0.0
2019-01-01,7,0,260,0.0,0.0,0.0,0.0,0.0
2019-01-01,7,0,265,0.0,0.0,0.0,0.0,0.0
2019-01-01,7,0,266,18.79,18.79,0.0,259.56115,0.0
2019-01-01,7,0,267,23.09,23.09,0.0,318.960456,0.0
2019-01-01,7,0,270,579.0,579.0,0.0,-579000.0,0.0
2019-01-01,7,0,272,270.16,270.16,0.0,-72948.071165,0.0
2019-01-01,7,0,273,0.0,0.0,0.0,-0.0,0.0
2019-01-01,7,0,274,746.4,746.4,0.0,-746400.0,0.0
2019-01-01,7,0,275,1039.0,1039.0,0.0,-1039000.0,0.0
2019-01-01,7,0,276,0.0,0.0,0.0,-0.0,0.0
2019-01-01,7,0,277,0.0,0.0,0.0,-0.0,0.0
2019-01-01,7,0,278,0.0,0.0,0.0,-0.0,0.0
2019-01-01,7,0,279,264.6,264.6,0.0,-74719.277086,0.0
2019-01-01,7,0,281,36.34,36.34,0.0,649.909329,0.0
2019-01-01,7,0,282,0.0,0.0,0.0,0.0,0.0
2019-01-01,8,0,9,0.0,0.0,0.0,0.0,0.0
2019-01-01,8,0,17,0.0,0.0,0.0,0.0,0.0
2019-01-01,8,0,19,207.92,207.92,0.0,2834.38266,0.0
2019-01-01,8,0,20,258.78,258.78,0.0,3527.710392,0.0
2019-01-01,8,0,21,0.0,0.0,0.0,0.0,0.0
2019-01-01,8,0,22,0.0,0.0,0.0,0.0,0.0
2019-01-01,8,0,23,108.8,108.8,0.0,1807.923879,0.0
2019-01-01,8,0,24,192.5,192.5,0.0,3198.762377,0.0
2019-01-01,8,0,29,0.0,0.0,0.0,0.0,0.0
2019-01-01,8,0,30,0.0,0.0,0.0,0.0,0.0
2019-01-01,8,0,31,30.17,30.17,0.0,503.472277,0.0
2019-01-01,8,0,32,0.0,0.0,0.0,0.0,0.0
2019-01-01,8,0,33,0.0,0.0,0.0,0.0,0.0
2019-01-01,8,0,34,0.0,0.0,0.0,0.0,0.0
2019-01-01,8,0,35,0.0,0.0,0.0,0.0,0.0
2019-01-01,8,0,36,0.0,0.0,0.0,0.0,0.0
2019-01-01,8,0,37,0.0,0.0,0.0,0.0,0.0
2019-01-01,8,0,38,0.0,0.0,0.0,0.0,0.0
2019-01-01,8,0,39,0.0,0.0,0.0,0.0,0.0
2019-01-01,8,0,40,0.0,0.0,0.0,0.0,0.0
2019-01-01,8,0,41,13.5,13.5,0.0,177.586455,0.0
2019-01-01,8,0,42,0.0,0.0,0.0,0.0,0.0
2019-01-01,8,0,43,0.0,0.0,0.0,0.0,0.0
2019-01-01,8,0,46,0.0,0.0,0.0,0.0,0.0
2019-01-01,8,0,52,31.98,31.98,0.0,533.677276,0.0
2019-01-01,8,0,53,50.8,50.8,0.0,847.742514,0.0
2019-01-01,8,0,55,186.9,186.9,0.0,3105.707472,0.0
2019-01-01,8,0,56,0.0,0.0,0.0,0.0,0.0
2019-01-01,8,0,57,0.0,0.0,0.0,0.0,0.0
2019-01-01,8,0,58,0.0,0.0,0.0,0.0,0.0
2019-01-01,8,0,59,0.0,0.0,0.0,0.0,0.0
2019-01-01,8,0,63,96.01,96.01,0.0,10875.313749,0.0
2019-01-01,8,0,64,112.86,112.86,0.0,12783.959064,0.0
2019-01-01,8,0,65,4.55,4.55,0.0,62.576746,0.0
2019-01-01,8,0,67,0.0,0.0,0.0,-0.0,0.0
2019-01-01,8,0,68,10.2,10.2,0.0,-4233.469774,0.0
2019-01-01,8,0,69,0.0,0.0,0.0,0.0,0.0
2019-01-01,8,0,74,2.28,2.28,0.0,28.074355,0.0
2019-01-01,8,0,77,147.17,147.17,0.0,-43506.960318,0.0
2019-01-01,8,0,78,111.12,111.12,0.0,-32849.720938,0.0
2019-01-01,8,0,79,64.1,64.1,0.0,-18949.48805,0.0
2019-01-01,8,0,80,103.96,103.96,0.0,-30733.054254,0.0
2019-01-01,8,0,81,136.09,136.09,0.0,-40231.448187,0.0
2019-01-01,8,0,82,95.84,95.84,0.0,-28332.588685,0.0
2019-01-01,8,0,83,214.4,214.4,0.0,-63381.750982,0.0
2019-01-01,8,0,84,0.0,0.0,0.0,0.0,0.0
2019-01-01,8,0,86,0.0,0.0,0.0,0.0,0.0
2019-01-01,8,0,87,0.0,0.0,0.0,0.0,0.0
2019-01-01,8,0,88,123.33,123.33,0.0,-36459.288007,0.0
2019-01-01,8,0,89,119.02,119.02,0.0,-35185.149263,0.0
2019-01-01,8,0,90,155.3,155.3,0.0,-45910.382125,0.0
2019-01-01,8,0,91,486.84,486.84,0.0,-143921.509553,0.0
2019-01-01,8,0,92,194.81,194.81,0.0,-57590.479985,0.0
2019-01-01,8,0,95,36.0,36.0,0.0,807.470518,0.0
2019-01-01,8,0,96,29.26,29.26,0.0,490.454349,0.0
2019-01-01,8,0,97,179.95,179.95,0.0,3016.311008,0.0
2019-01-01,8,0,99,0.44,0.44,0.0,5.417858,0.0
2019-01-01,8,0,101,0.0,0.0,0.0,0.0,0.0
2019-01-01,8,0,102,24.15,24.15,0.0,-10023.362259,0.0
2019-01-01,8,0,103,21.0,21.0,0.0,-8715.967182,0.0
2019-01-01,8,0,104,3.9,3.9,0.0,-1618.67962,0.0
2019-01-01,8,0,106,0.0,0.0,0.0,0.0,0.0
2019-01-01,8,0,109,165.48,165.48,0.0,1684.941574,0.0
2019-01-01,8,0,110,338.6,338.6,0.0,-338600.0,0.0
2019-01-01,8,0,111,0.0,0.0,0.0,0.0,0.0
2019-01-01,8,0,113,141.55,141.55,0.0,-37481.579946,0.0
2019-01-01,8,0,115,141.55,141.55,0.0,-37481.579946,0.0
2019-01-01,8,0,116,0.0,0.0,0.0,-0.0,0.0
2019-01-01,8,0,117,7.33,7.33,0.0,-1940.939463,0.0
2019-01-01,8,0,119,112.86,112.86,0.0,12783.959064,0.0
2019-01-01,8,0,120,66.59,66.59,0.0,7542.830357,0.0
2019-01-01,8,0,123,0.0,0.0,0.0,0.0,0.0
2019-01-01,8,0,125,174.2,174.2,0.0,2894.672239,0.0
2019-01-01,8,0,126,0.0,0.0,0.0,0.0,0.0
2019-01-01,8,0,127,0.0,0.0,0.0,0.0,0.0
2019-01-01,8,0,128,249.5,249.5,0.0,4145.92838,0.0
2019-01-01,8,0,131,30.0,30.0,0.0,-11297.681892,0.0
2019-01-01,8,0,132,44.1,44.1,0.0,-16607.592381,0.0
2019-01-01,8,0,133,10.19,10.19,0.0,138.794711,0.0
2019-01-01,8,0,134,0.0,0.0,0.0,0.0,0.0
2019-01-01,8,0,135,13.65,13.65,0.0,185.922258,0.0
2019-01-01,8,0,136,5.74,5.74,0.0,78.981116,0.0
2019-01-01,8,0,139,17.44,17.44,0.0,229.415391,0.0
2019-01-01,8,0,140,250.6,250.6,0.0,-250600.0,0.0
2019-01-01,8,0,141,230.0,230.0,0.0,-128579.469245,0.0
2019-01-01,8,0,142,0.0,0.0,0.0,-0.0,0.0
2019-01-01,8,0,143,41.83,41.83,0.0,698.052546,0.0
2019-01-01,8,0,145,22.89,22.89,0.0,327.848712,0.0
2019-01-01,8,0,146,268.0,268.0,0.0,-268000.0,0.0
2019-01-01,8,0,152,0.0,0.0,0.0,0.0,0.0
2019-01-01,8,0,153,0.0,0.0,0.0,0.0,0.0
2019-01-01,8,0,154,0.0,0.0,0.0,0.0,0.0
2019-01-01,8,0,157,192.06,192.06,0.0,-107369.447231,0.0
2019-01-01,8,0,158,0.0,0.0,0.0,-0.0,0.0
2019-01-01,8,0,159,0.0,0.0,0.0,0.0,0.0
2019-01-01,8,0,160,0.0,0.0,0.0,0.0,0.0
2019-01-01,8,0,161,0.0,0.0,0.0,-0.0,0.0
2019-01-01,8,0,162,48.75,48.75,0.0,1132.939683,0.0
2019-01-01,8,0,163,185.4,185.4,0.0,-185400.0,0.0
2019-01-01,8,0,164,0.0,0.0,0.0,0.0,0.0
2019-01-01,8,0,167,0.0,0.0,0.0,0.0,0.0
2019-01-01,8,0,168,0.0,0.0,0.0,0.0,0.0
2019-01-01,8,0,169,0.0,0.0,0.0,0.0,0.0
2019-01-01,8,0,170,0.0,0.0,0.0,0.0,0.0
2019-01-01,8,0,172,0.0,0.0,0.0,0.0,0.0
2019-01-01,8,0,173,0.0,0.0,0.0,0.0,0.0
2019-01-01,8,0,188,0.0,0.0,0.0,0.0,0.0
2019-01-01,8,0,190,0.0,0.0,0.0,0.0,0.0
2019-01-01,8,0,191,0.0,0.0,0.0,0.0,0.0
2019-01-01,8,0,192,332.6,332.6,0.0,10785.405497,0.0
2019-01-01,8,0,194,176.5,176.5,0.0,-22741.208664,0.0
2019-01-01,8,0,196,0.0,0.0,0.0,0.0,0.0
2019-01-01,8,0,198,0.0,0.0,0.0,0.0,0.0
2019-01-01,8,0,199,39.0,39.0,0.0,-1416.761291,0.0
2019-01-01,8,0,200,0.0,0.0,0.0,-0.0,0.0
2019-01-01,8,0,204,673.8,673.8,0.0,7132.810852,0.0
2019-01-01,8,0,205,875.39,875.39,0.0,8913.34907,0.0
2019-01-01,8,0,206,528.78,528.78,0.0,8863.378353,0.0
2019-01-01,8,0,210,0.0,0.0,0.0,0.0,0.0
2019-01-01,8,0,214,0.0,0.0,0.0,0.0,0.0
2019-01-01,8,0,217,0.0,0.0,0.0,0.0,0.0
2019-01-01,8,0,218,0.0,0.0,0.0,0.0,0.0
2019-01-01,8,0,219,0.0,0.0,0.0,0.0,0.0
2019-01-01,8,0,221,0.0,0.0,0.0,0.0,0.0
2019-01-01,8,0,225,0.0,0.0,0.0,0.0,0.0
2019-01-01,8,0,233,0.0,0.0,0.0,0.0,0.0
2019-01-01,8,0,236,0.0,0.0,0.0,0.0,0.0
2019-01-01,8,0,237,5.47,5.47,0.0,67.353825,0.0
2019-01-01,8,0,238,0.0,0.0,0.0,0.0,0.0
2019-01-01,8,0,240,0.0,0.0,0.0,0.0,0.0
2019-01-01,8,0,245,17.55,17.55,0.0,231.431024,0.0
2019-01-01,8,0,247,21.13,21.13,0.0,278.640315,0.0
2019-01-01,8,0,248,0.55,0.55,0.0,6.772322,0.0
2019-01-01,8,0,249,33.74,33.74,0.0,444.927792,0.0
2019-01-01,8,0,251,25.75,25.75,0.0,359.260708,0.0
2019-01-01,8,0,252,29.35,29.35,0.0,403.654397,0.0
2019-01-01,8,0,254,0.0,0.0,0.0,0.0,0.0
2019-01-01,8,0,255,0.0,0.0,0.0,0.0,0.0
2019-01-01,8,0,258,0.0,0.0,0.0,0.0,0.0
2019-01-01,8,0,260,0.0,0.0,0.0,0.0,0.0
2019-01-01,8,0,265,0.0,0.0,0.0,0.0,0.0
2019-01-01,8,0,266,11.29,11.29,0.0,148.514895,0.0
2019-01-01,8,0,267,13.88,13.88,0.0,182.585185,0.0
2019-01-01,8,0,270,579.0,579.0,0.0,-579000.0,0.0
2019-01-01,8,0,272,490.05,490.05,0.0,-129762.262469,0.0
2019-01-01,8,0,273,0.0,0.0,0.0,-0.0,0.0
2019-01-01,8,0,274,746.4,746.4,0.0,-746400.0,0.0
2019-01-01,8,0,275,1039.0,1039.0,0.0,-1039000.0,0.0
2019-01-01,8,0,276,0.0,0.0,0.0,-0.0,0.0
2019-01-01,8,0,277,0.0,0.0,0.0,-0.0,0.0
2019-01-01,8,0,278,0.0,0.0,0.0,-0.0,0.0
2019-01-01,8,0,279,264.6,264.6,0.0,-73334.98393,0.0
2019-01-01,8,0,281,13.54,13.54,0.0,225.953418,0.0
2019-01-01,8,0,282,0.0,0.0,0.0,0.0,0.0
2019-01-01,9,0,9,0.13,0.13,0.0,1.744706,0.0
2019-01-01,9,0,17,8.06,8.06,0.0,76.784454,0.0
2019-01-01,9,0,19,310.69,310.69,0.0,2959.821591,0.0
2019-01-01,9,0,20,385.8,385.8,0.0,3675.365058,0.0
2019-01-01,9,0,21,2.87,2.87,0.0,38.517736,0.0
2019-01-01,9,0,22,10.18,10.18,0.0,136.623885,0.0
2019-01-01,9,0,23,108.8,108.8,0.0,1460.184548,0.0
2019-01-01,9,0,24,192.5,192.5,0.0,2583.506669,0.0
2019-01-01,9,0,29,1.46,1.46,0.0,10.335581,0.0
2019-01-01,9,0,30,20.7,20.7,0.0,278.537803,0.0
2019-01-01,9,0,31,36.96,36.96,0.0,497.331266,0.0
2019-01-01,9,0,32,0.56,0.56,0.0,28.842297,0.0
2019-01-01,9,0,33,0.43,0.43,0.0,3.58774,0.0
2019-01-01,9,0,34,0.7,0.7,0.0,5.840507,0.0
2019-01-01,9,0,35,0.7,0.7,0.0,5.840507,0.0
2019-01-01,9,0,36,1.31,1.31,0.0,12.211235,0.0
2019-01-01,9,0,37,0.63,0.63,0.0,5.907894,0.0
2019-01-01,9,0,38,0.81,0.81,0.0,7.595864,0.0
2019-01-01,9,0,39,0.54,0.54,0.0,5.063909,0.0
2019-01-01,9,0,40,0.54,0.54,0.0,5.063909,0.0
2019-01-01,9,0,41,21.27,21.27,0.0,247.53626,0.0
2019-01-01,9,0,42,8.65,8.65,0.0,84.623344,0.0
2019-01-01,9,0,43,4.13,4.13,0.0,38.038047,0.0
2019-01-01,9,0,46,3.3,3.3,0.0,32.325765,0.0
2019-01-01,9,0,52,39.21,39.21,0.0,527.607114,0.0
2019-01-01,9,0,53,62.63,62.63,0.0,842.745053,0.0
2019-01-01,9,0,55,186.9,186.9,0.0,2508.350111,0.0
2019-01-01,9,0,56,6.11,6.11,0.0,82.215748,0.0
2019-01-01,9,0,57,5.81,5.81,0.0,78.178968,0.0
2019-01-01,9,0,58,11.17,11.17,0.0,150.302766,0.0
2019-01-01,9,0,59,10.98,10.98,0.0,147.746139,0.0
2019-01-01,9,0,63,51.0,51.0,0.0,6124.249078,0.0
2019-01-01,9,0,64,60.0,60.0,0.0,7204.998915,0.0
2019-01-01,9,0,65,5.56,5.56,0.0,53.232795,0.0
2019-01-01,9,0,67,8.92,8.92,0.0,-4954.369676,0.0
2019-01-01,9,0,68,19.12,19.12,0.0,-7843.900725,0.0
2019-01-01,9,0,69,0.43,0.43,0.0,3.58774,0.0
2019-01-01,9,0,74,4.28,4.28,0.0,42.58004,0.0
2019-01-01,9,0,77,60.0,60.0,0.0,-17376.375878,0.0
2019-01-01,9,0,78,45.36,45.36,0.0,-13136.540164,0.0
2019-01-01,9,0,79,26.25,26.25,0.0,-7602.164447,0.0
2019-01-01,9,0,80,42.45,42.45,0.0,-12293.785934,0.0
2019-01-01,9,0,81,55.5,55.5,0.0,-16073.147687,0.0
2019-01-01,9,0,82,39.15,39.15,0.0,-11338.085261,0.0
2019-01-01,9,0,83,87.3,87.3,0.0,-25282.626903,0.0
2019-01-01,9,0,84,0.0,0.0,0.0,0.0,0.0
2019-01-01,9,0,86,2.2,2.2,0.0,18.35588,0.0
2019-01-01,9,0,87,11.24,11.24,0.0,93.781862,0.0
2019-01-01,9,0,88,155.83,155.83,0.0,-45129.344218,0.0
2019-01-01,9,0,89,148.85,148.85,0.0,-43107.892491,0.0
2019-01-01,9,0,90,208.93,208.93,0.0,-60507.43687,0.0
2019-01-01,9,0,91,785.09,785.09,0.0,-227366.982303,0.0
2019-01-01,9,0,92,276.23,276.23,0.0,-79997.93848,0.0
2019-01-01,9,0,95,36.0,36.0,0.0,807.470518,0.0
2019-01-01,9,0,96,29.88,29.88,0.0,403.159932,0.0
2019-01-01,9,0,97,183.75,183.75,0.0,2479.271673,0.0
2019-01-01,9,0,99,0.83,0.83,0.0,8.257344,0.0
2019-01-01,9,0,101,0.42,0.42,0.0,5.651492,0.0
2019-01-01,9,0,102,45.2,45.2,0.0,-18543.112594,0.0
2019-01-01,9,0,103,39.31,39.31,0.0,-16126.764515,0.0
2019-01-01,9,0,104,7.33,7.33,0.0,-3007.102109,0.0
2019-01-01,9,0,106,10.03,10.03,0.0,134.610763,0.0
2019-01-01,9,0,109,165.56,165.56,0.0,1709.05373,0.0
2019-01-01,9,0,110,338.6,338.6,0.0,-338600.0,0.0
2019-01-01,9,0,111,1.64,1.64,0.0,19.086012,0.0
2019-01-01,9,0,113,84.3,84.3,0.0,-21859.239247,0.0
2019-01-01,9,0,115,84.3,84.3,0.0,-21859.239247,0.0
2019-01-01,9,0,116,5.75,5.75,0.0,-5750.0,0.0
2019-01-01,9,0,117,5.73,5.73,0.0,-1485.805942,0.0
2019-01-01,9,0,119,60.0,60.0,0.0,7204.998915,0.0
2019-01-01,9,0,120,35.28,35.28,0.0,4236.539362,0.0
2019-01-01,9,0,123,0.17,0.17,0.0,2.281538,0.0
2019-01-01,9,0,125,174.2,174.2,0.0,2337.905775,0.0
2019-01-01,9,0,126,7.52,7.52,0.0,100.92452,0.0
2019-01-01,9,0,127,9.65,9.65,0.0,129.510854,0.0
2019-01-01,9,0,128,249.5,249.5,0.0,3348.493059,0.0
2019-01-01,9,0,131,30.0,30.0,0.0,-11144.208419,0.0
2019-01-01,9,0,132,44.1,44.1,0.0,-16381.986376,0.0
2019-01-01,9,0,133,20.51,20.51,0.0,195.298663,0.0
2019-01-01,9,0,134,0.0,0.0,0.0,0.0,0.0
2019-01-01,9,0,135,27.48,27.48,0.0,261.667833,0.0
2019-01-01,9,0,136,7.49,7.49,0.0,71.730673,0.0
2019-01-01,9,0,139,27.47,27.47,0.0,319.690694,0.0
2019-01-01,9,0,140,250.6,250.6,0.0,-250600.0,0.0
2019-01-01,9,0,141,230.0,230.0,0.0,-127747.200167,0.0
2019-01-01,9,0,142,11.76,11.76,0.0,-6531.769887,0.0
2019-01-01,9,0,143,78.23,78.23,0.0,1052.6576,0.0
2019-01-01,9,0,145,28.04,28.04,0.0,344.975215,0.0
2019-01-01,9,0,146,243.76,243.76,0.0,-243760.0,0.0
2019-01-01,9,0,152,0.86,0.86,0.0,9.865852,0.0
2019-01-01,9,0,153,1.12,1.12,0.0,12.960362,0.0
2019-01-01,9,0,154,6.79,6.79,0.0,79.020743,0.0
2019-01-01,9,0,157,153.55,153.55,0.0,-85285.141676,0.0
2019-01-01,9,0,158,0.0,0.0,0.0,-0.0,0.0
2019-01-01,9,0,159,0.0,0.0,0.0,0.0,0.0
2019-01-01,9,0,160,0.33,0.33,0.0,2.839203,0.0
2019-01-01,9,0,161,2.75,2.75,0.0,-1128.176098,0.0
2019-01-01,9,0,162,48.75,48.75,0.0,1133.049646,0.0
2019-01-01,9,0,163,185.4,185.4,0.0,-185400.0,0.0
2019-01-01,9,0,164,0.59,0.59,0.0,7.939,0.0
2019-01-01,9,0,167,0.68,0.68,0.0,13.018776,0.0
2019-01-01,9,0,168,0.34,0.34,0.0,6.509388,0.0
2019-01-01,9,0,169,0.0,0.0,0.0,0.0,0.0
2019-01-01,9,0,170,0.74,0.74,0.0,14.167492,0.0
2019-01-01,9,0,172,0.92,0.92,0.0,62.050505,0.0
2019-01-01,9,0,173,1.4,1.4,0.0,94.424681,0.0
2019-01-01,9,0,188,1.13,1.13,0.0,35.123369,0.0
2019-01-01,9,0,190,0.49,0.49,0.0,15.889503,0.0
2019-01-01,9,0,191,1.27,1.27,0.0,41.182998,0.0
2019-01-01,9,0,192,332.6,332.6,0.0,10785.405497,0.0
2019-01-01,9,0,194,130.37,130.37,0.0,-16031.099898,0.0
2019-01-01,9,0,196,0.37,0.37,0.0,101.244468,0.0
2019-01-01,9,0,198,1.62,1.62,0.0,12.234488,0.0
2019-01-01,9,0,199,39.0,39.0,0.0,-1259.384492,0.0
2019-01-01,9,0,200,2.36,2.36,0.0,-76.208908,0.0
2019-01-01,9,0,204,404.71,404.71,0.0,4243.897059,0.0
2019-01-01,9,0,205,932.43,932.43,0.0,9625.350142,0.0
2019-01-01,9,0,206,539.94,539.94,0.0,7285.213317,0.0
2019-01-01,9,0,210,0.42,0.42,0.0,2.883235,0.0
2019-01-01,9,0,214,2.38,2.38,0.0,18.108552,0.0
2019-01-01,9,0,217,1.68,1.68,0.0,12.174852,0.0
2019-01-01,9,0,218,2.31,2.31,0.0,16.740421,0.0
2019-01-01,9,0,219,1.58,1.58,0.0,11.450158,0.0
2019-01-01,9,0,221,1.27,1.27,0.0,9.662967,0.0
2019-01-01,9,0,225,1.33,1.33,0.0,9.442818,0.0
2019-01-01,9,0,233,1.25,1.25,0.0,10.429477,0.0
2019-01-01,9,0,236,5.53,5.53,0.0,57.110076,0.0
2019-01-01,9,0,237,10.26,10.26,0.0,102.072712,0.0
2019-01-01,9,0,238,11.25,11.25,0.0,110.059263,0.0
2019-01-01,9,0,240,1.49,1.49,0.0,13.889115,0.0
2019-01-01,9,0,245,31.48,31.48,0.0,294.383136,0.0
2019-01-01,9,0,247,32.22,32.22,0.0,301.303197,0.0
2019-01-01,9,0,248,1.03,1.03,0.0,10.247066,0.0
2019-01-01,9,0,249,60.53,60.53,0.0,566.042287,0.0
2019-01-01,9,0,251,29.86,29.86,0.0,288.222304,0.0
2019-01-01,9,0,252,35.9,35.9,0.0,343.715349,0.0
2019-01-01,9,0,254,2.45,2.45,0.0,22.19205,0.0
2019-01-01,9,0,255,1.12,1.12,0.0,10.144937,0.0
2019-01-01,9,0,258,1.85,1.85,0.0,17.211597,0.0
2019-01-01,9,0,260,0.81,0.81,0.0,6.968952,0.0
2019-01-01,9,0,265,7.03,7.03,0.0,81.813818,0.0
2019-01-01,9,0,266,17.79,17.79,0.0,207.036674,0.0
2019-01-01,9,0,267,21.86,21.86,0.0,254.402569,0.0
2019-01-01,9,0,270,579.0,579.0,0.0,-579000.0,0.0
2019-01-01,9,0,272,281.31,281.31,0.0,-72944.514741,0.0
2019-01-01,9,0,273,1.38,1.38,0.0,-1380.0,0.0
2019-01-01,9,0,274,746.4,746.4,0.0,-746400.0,0.0
2019-01-01,9,0,275,1039.0,1039.0,0.0,-1039000.0,0.0
2019-01-01,9,0,276,0.32,0.32,0.0,-288.235281,0.0
2019-01-01,9,0,277,0.53,0.53,0.0,-143.869582,0.0
2019-01-01,9,0,278,0.85,0.85,0.0,-230.734236,0.0
2019-01-01,9,0,279,264.6,264.6,0.0,-71826.210276,0.0
2019-01-01,9,0,281,16.47,16.47,0.0,221.619208,0.0
2019-01-01,9,0,282,11.35,11.35,0.0,152.724834,0.0
2019-01-01,10,0,9,1.15,1.15,0.0,9.884505,0.0
2019-01-01,10,0,17,20.24,20.24,0.0,158.218098,0.0
2019-01-01,10,0,19,349.46,349.46,0.0,2731.763663,0.0
2019-01-01,10,0,20,433.01,433.01,0.0,3384.882344,0.0
2019-01-01,10,0,21,26.29,26.29,0.0,225.968383,0.0
2019-01-01,10,0,22,93.44,93.44,0.0,803.137533,0.0
2019-01-01,10,0,23,108.8,108.8,0.0,935.160141,0.0
2019-01-01,10,0,24,192.5,192.5,0.0,1654.580213,0.0
2019-01-01,10,0,29,3.79,3.79,0.0,28.565057,0.0
2019-01-01,10,0,30,215.99,215.99,0.0,1857.547764,0.0
2019-01-01,10,0,31,74.33,74.33,0.0,639.249619,0.0
2019-01-01,10,0,32,2.07,2.07,0.0,108.865355,0.0
2019-01-01,10,0,33,1.3,1.3,0.0,9.984179,0.0
2019-01-01,10,0,34,2.09,2.09,0.0,16.051488,0.0
2019-01-01,10,0,35,2.09,2.09,0.0,16.051488,0.0
2019-01-01,10,0,36,4.75,4.75,0.0,38.118008,0.0
2019-01-01,10,0,37,2.22,2.22,0.0,17.81983,0.0
2019-01-01,10,0,38,2.85,2.85,0.0,22.876809,0.0
2019-01-01,10,0,39,1.9,1.9,0.0,15.251206,0.0
2019-01-01,10,0,40,1.9,1.9,0.0,15.251206,0.0
2019-01-01,10,0,41,33.66,33.66,0.0,280.663906,0.0
2019-01-01,10,0,42,26.05,26.05,0.0,204.408834,0.0
2019-01-01,10,0,43,14.81,14.81,0.0,118.288151,0.0
2019-01-01,10,0,46,12.91,12.91,0.0,104.302825,0.0
2019-01-01,10,0,52,78.83,78.83,0.0,677.950323,0.0
2019-01-01,10,0,53,125.7,125.7,0.0,1081.03965,0.0
2019-01-01,10,0,55,186.9,186.9,0.0,1606.44697,0.0
2019-01-01,10,0,56,63.71,63.71,0.0,547.915959,0.0
2019-01-01,10,0,57,60.6,60.6,0.0,521.169473,0.0
2019-01-01,10,0,58,116.54,116.54,0.0,1002.262218,0.0
2019-01-01,10,0,59,114.6,114.6,0.0,985.577914,0.0
2019-01-01,10,0,63,51.0,51.0,0.0,6194.28095,0.0
2019-01-01,10,0,64,60.0,60.0,0.0,7287.389353,0.0
2019-01-01,10,0,65,6.97,6.97,0.0,54.523625,0.0
2019-01-01,10,0,67,116.46,116.46,0.0,-64523.530015,0.0
2019-01-01,10,0,68,34.0,34.0,0.0,-13886.011856,0.0
2019-01-01,10,0,69,1.3,1.3,0.0,9.984179,0.0
2019-01-01,10,0,74,12.31,12.31,0.0,98.2239,0.0
2019-01-01,10,0,77,60.0,60.0,0.0,-17232.076311,0.0
2019-01-01,10,0,78,45.36,45.36,0.0,-13027.449691,0.0
2019-01-01,10,0,79,26.25,26.25,0.0,-7539.033386,0.0
2019-01-01,10,0,80,42.45,42.45,0.0,-12191.69399,0.0
2019-01-01,10,0,81,55.5,55.5,0.0,-15939.670587,0.0
2019-01-01,10,0,82,39.15,39.15,0.0,-11243.929793,0.0
2019-01-01,10,0,83,87.3,87.3,0.0,-25072.671032,0.0
2019-01-01,10,0,84,0.0,0.0,0.0,0.0,0.0
2019-01-01,10,0,86,6.61,6.61,0.0,50.76571,0.0
2019-01-01,10,0,87,33.73,33.73,0.0,259.051045,0.0
2019-01-01,10,0,88,103.48,103.48,0.0,-29719.58761,0.0
2019-01-01,10,0,89,99.0,99.0,0.0,-28432.925912,0.0
2019-01-01,10,0,90,137.47,137.47,0.0,-39481.55884,0.0
2019-01-01,10,0,91,509.29,509.29,0.0,-146268.735737,0.0
2019-01-01,10,0,92,180.45,180.45,0.0,-51825.469504,0.0
2019-01-01,10,0,95,88.65,88.65,0.0,1988.396151,0.0
2019-01-01,10,0,96,29.88,29.88,0.0,257.126761,0.0
2019-01-01,10,0,97,183.75,183.75,0.0,1581.226317,0.0
2019-01-01,10,0,99,2.53,2.53,0.0,20.187365,0.0
2019-01-01,10,0,101,4.35,4.35,0.0,37.41068,0.0
2019-01-01,10,0,102,80.5,80.5,0.0,-32877.175129,0.0
2019-01-01,10,0,103,70.0,70.0,0.0,-28588.847939,0.0
2019-01-01,10,0,104,13.0,13.0,0.0,-5309.357474,0.0
2019-01-01,10,0,106,91.99,91.99,0.0,790.674461,0.0
2019-01-01,10,0,109,167.52,167.52,0.0,1368.386048,0.0
2019-01-01,10,0,110,338.6,338.6,0.0,-338600.0,0.0
2019-01-01,10,0,111,7.38,7.38,0.0,61.535937,0.0
2019-01-01,10,0,113,150.0,150.0,0.0,-38617.187875,0.0
2019-01-01,10,0,115,150.0,150.0,0.0,-38617.187875,0.0
2019-01-01,10,0,116,32.71,32.71,0.0,-32710.0,0.0
2019-01-01,10,0,117,10.0,10.0,0.0,-2574.479192,0.0
2019-01-01,10,0,119,60.0,60.0,0.0,7287.389353,0.0
2019-01-01,10,0,120,35.28,35.28,0.0,4284.984939,0.0
2019-01-01,10,0,123,1.53,1.53,0.0,13.150689,0.0
2019-01-01,10,0,125,174.2,174.2,0.0,1497.287652,0.0
2019-01-01,10,0,126,68.99,68.99,0.0,592.984358,0.0
2019-01-01,10,0,127,88.54,88.54,0.0,761.020946,0.0
2019-01-01,10,0,128,249.5,249.5,0.0,2144.50786,0.0
2019-01-01,10,0,131,40.31,40.31,0.0,-14895.323702,0.0
2019-01-01,10,0,132,65.03,65.03,0.0,-24029.841239,0.0
2019-01-01,10,0,133,38.03,38.03,0.0,297.264542,0.0
2019-01-01,10,0,134,0.0,0.0,0.0,0.0,0.0
2019-01-01,10,0,135,50.96,50.96,0.0,398.332922,0.0
2019-01-01,10,0,136,9.6,9.6,0.0,75.100008,0.0
2019-01-01,10,0,139,43.47,43.47,0.0,362.461675,0.0
2019-01-01,10,0,140,250.6,250.6,0.0,-250600.0,0.0
2019-01-01,10,0,141,230.0,230.0,0.0,-127429.262438,0.0
2019-01-01,10,0,142,153.58,153.58,0.0,-85089.504892,0.0
2019-01-01,10,0,143,145.68,145.68,0.0,1252.870773,0.0
2019-01-01,10,0,145,56.19,56.19,0.0,474.239654,0.0
2019-01-01,10,0,146,195.02,195.02,0.0,-195020.0,0.0
2019-01-01,10,0,152,3.36,3.36,0.0,26.788527,0.0
2019-01-01,10,0,153,4.23,4.23,0.0,33.754514,0.0
2019-01-01,10,0,154,30.43,30.43,0.0,253.731511,0.0
2019-01-01,10,0,157,120.54,120.54,0.0,-66784.014323,0.0
2019-01-01,10,0,158,68.49,68.49,0.0,-37946.218193,0.0
2019-01-01,10,0,159,0.0,0.0,0.0,0.0,0.0
2019-01-01,10,0,160,1.16,1.16,0.0,9.122513,0.0
2019-01-01,10,0,161,22.72,22.72,0.0,-9279.123217,0.0
2019-01-01,10,0,162,91.77,91.77,0.0,2133.942069,0.0
2019-01-01,10,0,163,104.02,104.02,0.0,-104020.0,0.0
2019-01-01,10,0,164,7.93,7.93,0.0,68.19924,0.0
2019-01-01,10,0,167,2.38,2.38,0.0,45.454671,0.0
2019-01-01,10,0,168,1.19,1.19,0.0,22.727336,0.0
2019-01-01,10,0,169,0.0,0.0,0.0,0.0,0.0
2019-01-01,10,0,170,2.61,2.61,0.0,49.847349,0.0
2019-01-01,10,0,172,3.39,3.39,0.0,249.004946,0.0
2019-01-01,10,0,173,5.17,5.17,0.0,379.750905,0.0
2019-01-01,10,0,188,4.24,4.24,0.0,134.795298,0.0
2019-01-01,10,0,190,2.49,2.49,0.0,80.744617,0.0
2019-01-01,10,0,191,6.43,6.43,0.0,208.509192,0.0
2019-01-01,10,0,192,332.6,332.6,0.0,10785.405497,0.0
2019-01-01,10,0,194,52.95,52.95,0.0,-6422.212497,0.0
2019-01-01,10,0,196,1.86,1.86,0.0,512.465926,0.0
2019-01-01,10,0,198,5.3,5.3,0.0,40.574025,0.0
2019-01-01,10,0,199,39.0,39.0,0.0,-1148.713609,0.0
2019-01-01,10,0,200,8.51,8.51,0.0,-250.6552,0.0
2019-01-01,10,0,204,238.4,238.4,0.0,1952.007635,0.0
2019-01-01,10,0,205,989.35,989.35,0.0,8081.499147,0.0
2019-01-01,10,0,206,539.94,539.94,0.0,4646.352859,0.0
2019-01-01,10,0,210,1.18,1.18,0.0,8.860744,0.0
2019-01-01,10,0,214,6.88,6.88,0.0,52.282094,0.0
2019-01-01,10,0,217,4.71,4.71,0.0,35.60049,0.0
2019-01-01,10,0,218,6.51,6.51,0.0,49.205773,0.0
2019-01-01,10,0,219,4.43,4.43,0.0,33.484113,0.0
2019-01-01,10,0,221,3.67,3.67,0.0,27.888849,0.0
2019-01-01,10,0,225,3.44,3.44,0.0,25.936375,0.0
2019-01-01,10,0,233,3.74,3.74,0.0,28.723715,0.0
2019-01-01,10,0,236,12.63,12.63,0.0,99.680375,0.0
2019-01-01,10,0,237,28.76,28.76,0.0,229.481671,0.0
2019-01-01,10,0,238,33.91,33.91,0.0,266.08459,0.0
2019-01-01,10,0,240,5.38,5.38,0.0,43.173659,0.0
2019-01-01,10,0,245,56.05,56.05,0.0,437.011728,0.0
2019-01-01,10,0,247,50.7,50.7,0.0,395.298744,0.0
2019-01-01,10,0,248,3.14,3.14,0.0,25.054675,0.0
2019-01-01,10,0,249,107.8,107.8,0.0,840.497132,0.0
2019-01-01,10,0,251,36.93,36.93,0.0,289.223552,0.0
2019-01-01,10,0,252,44.97,44.97,0.0,351.782984,0.0
2019-01-01,10,0,254,8.14,8.14,0.0,64.7637,0.0
2019-01-01,10,0,255,3.73,3.73,0.0,29.676733,0.0
2019-01-01,10,0,258,6.7,6.7,0.0,53.725552,0.0
2019-01-01,10,0,260,2.83,2.83,0.0,22.255787,0.0
2019-01-01,10,0,265,31.51,31.51,0.0,262.73677,0.0
2019-01-01,10,0,266,28.15,28.15,0.0,234.720408,0.0
2019-01-01,10,0,267,34.59,34.59,0.0,288.418434,0.0
2019-01-01,10,0,270,324.69,324.69,0.0,-324690.0,0.0
2019-01-01,10,0,272,501.3,501.3,0.0,-129058.641878,0.0
2019-01-01,10,0,273,7.82,7.82,0.0,-7820.0,0.0
2019-01-01,10,0,274,418.54,418.54,0.0,-418540.0,0.0
2019-01-01,10,0,275,582.57,582.57,0.0,-582570.0,0.0
2019-01-01,10,0,276,1.85,1.85,0.0,-1665.789221,0.0
2019-01-01,10,0,277,3.18,3.18,0.0,-856.617329,0.0
2019-01-01,10,0,278,5.08,5.08,0.0,-1368.432713,0.0
2019-01-01,10,0,279,264.6,264.6,0.0,-71277.02677,0.0
2019-01-01,10,0,281,33.13,33.13,0.0,284.923179,0.0
2019-01-01,10,0,282,118.48,118.48,0.0,1018.946521,0.0
2019-01-01,11,0,9,1.97,1.97,0.0,-70.763267,0.0
2019-01-01,11,0,17,30.49,30.49,0.0,197.153652,0.0
2019-01-01,11,0,19,192.99,192.99,0.0,1247.906966,0.0
2019-01-01,11,0,20,234.06,234.06,0.0,1513.472741,0.0
2019-01-01,11,0,21,44.93,44.93,0.0,-1613.905377,0.0
2019-01-01,11,0,22,159.69,159.69,0.0,-5736.13509,0.0
2019-01-01,11,0,23,61.07,61.07,0.0,-2193.661281,0.0
2019-01-01,11,0,24,108.0,108.0,0.0,-3879.407538,0.0
2019-01-01,11,0,29,5.55,5.55,0.0,27.979162,0.0
2019-01-01,11,0,30,372.55,372.55,0.0,-13477.971923,0.0
2019-01-01,11,0,31,103.73,103.73,0.0,-3752.704409,0.0
2019-01-01,11,0,32,3.22,3.22,0.0,608.851884,0.0
2019-01-01,11,0,33,1.95,1.95,0.0,28.339213,0.0
2019-01-01,11,0,34,3.13,3.13,0.0,45.48807,0.0
2019-01-01,11,0,35,3.13,3.13,0.0,45.48807,0.0
2019-01-01,11,0,36,7.32,7.32,0.0,-47.537999,0.0
2019-01-01,11,0,37,3.41,3.41,0.0,-22.967525,0.0
2019-01-01,11,0,38,4.38,4.38,0.0,-29.50081,0.0
2019-01-01,11,0,39,2.92,2.92,0.0,-19.667207,0.0
2019-01-01,11,0,40,2.92,2.92,0.0,-19.667207,0.0
2019-01-01,11,0,41,33.63,33.63,0.0,-752.725692,0.0
2019-01-01,11,0,42,39.68,39.68,0.0,187.193751,0.0
2019-01-01,11,0,43,22.77,22.77,0.0,-115.376009,0.0
2019-01-01,11,0,46,20.13,20.13,0.0,-192.541495,0.0
2019-01-01,11,0,52,110.27,110.27,0.0,-3989.306037,0.0
2019-01-01,11,0,53,179.6,179.6,0.0,-6497.500355,0.0
2019-01-01,11,0,55,460.54,460.54,0.0,-16542.799514,0.0
2019-01-01,11,0,56,109.89,109.89,0.0,-3975.558541,0.0
2019-01-01,11,0,57,104.53,104.53,0.0,-3781.646504,0.0
2019-01-01,11,0,58,201.02,201.02,0.0,-7272.424952,0.0
2019-01-01,11,0,59,197.67,197.67,0.0,-7151.229929,0.0
2019-01-01,11,0,63,51.0,51.0,0.0,11775.076784,0.0
2019-01-01,11,0,64,60.0,60.0,0.0,13853.031511,0.0
2019-01-01,11,0,65,8.9,8.9,0.0,54.658039,0.0
2019-01-01,11,0,67,203.21,203.21,0.0,-102515.221659,0.0
2019-01-01,11,0,68,33.99,33.99,0.0,-11647.247777,0.0
2019-01-01,11,0,69,1.95,1.95,0.0,28.339213,0.0
2019-01-01,11,0,74,36.38,36.38,0.0,-108.195292,0.0
2019-01-01,11,0,77,60.0,60.0,0.0,-12377.575693,0.0
2019-01-01,11,0,78,45.36,45.36,0.0,-9357.447224,0.0
2019-01-01,11,0,79,26.25,26.25,0.0,-5415.189366,0.0
2019-01-01,11,0,80,42.45,42.45,0.0,-8757.134803,0.0
2019-01-01,11,0,81,55.5,55.5,0.0,-11449.257516,0.0
2019-01-01,11,0,82,39.15,39.15,0.0,-8076.36814,0.0
2019-01-01,11,0,83,87.3,87.3,0.0,-18009.372633,0.0
2019-01-01,11,0,84,0.0,0.0,0.0,0.0,0.0
2019-01-01,11,0,86,9.9,9.9,0.0,143.876004,0.0
2019-01-01,11,0,87,50.52,50.52,0.0,734.203607,0.0
2019-01-01,11,0,88,51.18,51.18,0.0,-10558.072066,0.0
2019-01-01,11,0,89,49.2,49.2,0.0,-10149.612068,0.0
2019-01-01,11,0,90,66.06,66.06,0.0,-13627.710838,0.0
2019-01-01,11,0,91,235.65,235.65,0.0,-48612.928534,0.0
2019-01-01,11,0,92,84.75,84.75,0.0,-17483.325666,0.0
2019-01-01,11,0,95,96.29,96.29,0.0,2159.759339,0.0
2019-01-01,11,0,96,31.88,31.88,0.0,-1161.911104,0.0
2019-01-01,11,0,97,234.28,234.28,0.0,-8538.661652,0.0
2019-01-01,11,0,99,7.81,7.81,0.0,-23.227192,0.0
2019-01-01,11,0,101,7.5,7.5,0.0,-271.332142,0.0
2019-01-01,11,0,102,80.49,80.49,0.0,-27581.258415,0.0
2019-01-01,11,0,103,69.99,69.99,0.0,-23983.256013,0.0
2019-01-01,11,0,104,12.99,12.99,0.0,-4451.242972,0.0
2019-01-01,11,0,106,157.2,157.2,0.0,-5646.693194,0.0
2019-01-01,11,0,109,83.48,83.48,0.0,-1151.318759,0.0
2019-01-01,11,0,110,248.37,248.37,0.0,-248370.0,0.0
2019-01-01,11,0,111,11.79,11.79,0.0,-263.890452,0.0
2019-01-01,11,0,113,84.2,84.2,0.0,-15054.257053,0.0
2019-01-01,11,0,115,84.2,84.2,0.0,-15054.257053,0.0
2019-01-01,11,0,116,54.83,54.83,0.0,-54830.0,0.0
2019-01-01,11,0,117,5.66,5.66,0.0,-1011.960747,0.0
2019-01-01,11,0,119,60.0,60.0,0.0,13853.031511,0.0
2019-01-01,11,0,120,35.28,35.28,0.0,8145.582528,0.0
2019-01-01,11,0,123,2.62,2.62,0.0,-94.111553,0.0
2019-01-01,11,0,125,97.74,97.74,0.0,-3510.863822,0.0
2019-01-01,11,0,126,117.9,117.9,0.0,-4235.019896,0.0
2019-01-01,11,0,127,151.31,151.31,0.0,-5435.121801,0.0
2019-01-01,11,0,128,139.96,139.96,0.0,-5027.424806,0.0
2019-01-01,11,0,131,30.0,30.0,0.0,-8983.55425,0.0
2019-01-01,11,0,132,44.1,44.1,0.0,-13205.824748,0.0
2019-01-01,11,0,133,36.28,36.28,0.0,235.703083,0.0
2019-01-01,11,0,134,0.0,0.0,0.0,0.0,0.0
2019-01-01,11,0,135,48.62,48.62,0.0,315.873316,0.0
2019-01-01,11,0,136,12.75,12.75,0.0,78.074889,0.0
2019-01-01,11,0,139,43.43,43.43,0.0,-972.074838,0.0
2019-01-01,11,0,140,183.82,183.82,0.0,-183820.0,0.0
2019-01-01,11,0,141,230.0,230.0,0.0,-116030.219879,0.0
2019-01-01,11,0,142,267.98,267.98,0.0,-135190.340536,0.0
2019-01-01,11,0,143,164.86,164.86,0.0,-5964.242252,0.0
2019-01-01,11,0,145,100.0,100.0,0.0,-2786.559722,0.0
2019-01-01,11,0,146,125.29,125.29,0.0,-125290.0,0.0
2019-01-01,11,0,152,5.16,5.16,0.0,-14.28513,0.0
2019-01-01,11,0,153,6.5,6.5,0.0,-20.708199,0.0
2019-01-01,11,0,154,48.64,48.64,0.0,-1088.688007,0.0
2019-01-01,11,0,157,75.91,75.91,0.0,-38295.017352,0.0
2019-01-01,11,0,158,131.04,131.04,0.0,-66106.956578,0.0
2019-01-01,11,0,159,0.0,0.0,0.0,-0.0,0.0
2019-01-01,11,0,160,1.78,1.78,0.0,0.646359,0.0
2019-01-01,11,0,161,38.55,38.55,0.0,-13209.80882,0.0
2019-01-01,11,0,162,162.5,162.5,0.0,3772.509491,0.0
2019-01-01,11,0,163,160.49,160.49,0.0,-160490.0,0.0
2019-01-01,11,0,164,13.99,13.99,0.0,-506.124888,0.0
2019-01-01,11,0,167,3.69,3.69,0.0,51.58013,0.0
2019-01-01,11,0,168,1.84,1.84,0.0,25.720173,0.0
2019-01-01,11,0,169,0.0,0.0,0.0,0.0,0.0
2019-01-01,11,0,170,4.03,4.03,0.0,56.332771,0.0
2019-01-01,11,0,172,5.22,5.22,0.0,573.285843,0.0
2019-01-01,11,0,173,7.96,7.96,0.0,874.205998,0.0
2019-01-01,11,0,188,6.6,6.6,0.0,885.909495,0.0
2019-01-01,11,0,190,4.11,4.11,0.0,133.27726,0.0
2019-01-01,11,0,191,10.62,10.62,0.0,344.380657,0.0
2019-01-01,11,0,192,332.6,332.6,0.0,10785.405497,0.0
2019-01-01,11,0,194,52.95,52.95,0.0,-1730.743387,0.0
2019-01-01,11,0,196,3.06,3.06,0.0,1234.396589,0.0
2019-01-01,11,0,198,8.02,8.02,0.0,69.510203,0.0
2019-01-01,11,0,199,56.82,56.82,0.0,735.092705,0.0
2019-01-01,11,0,200,13.06,13.06,0.0,168.960062,0.0
2019-01-01,11,0,204,257.1,257.1,0.0,-3823.071305,0.0
2019-01-01,11,0,205,545.8,545.8,0.0,-7527.429066,0.0
2019-01-01,11,0,206,895.48,895.48,0.0,-32637.018681,0.0
2019-01-01,11,0,210,1.73,1.73,0.0,12.309791,0.0
2019-01-01,11,0,214,10.15,10.15,0.0,195.968933,0.0
2019-01-01,11,0,217,6.98,6.98,0.0,98.050681,0.0
2019-01-01,11,0,218,9.63,9.63,0.0,135.276226,0.0
2019-01-01,11,0,219,6.56,6.56,0.0,92.150783,0.0
2019-01-01,11,0,221,5.41,5.41,0.0,104.452407,0.0
2019-01-01,11,0,225,5.08,5.08,0.0,24.592174,0.0
2019-01-01,11,0,233,5.6,5.6,0.0,81.384406,0.0
2019-01-01,11,0,236,30.69,30.69,0.0,61.921779,0.0
2019-01-01,11,0,237,81.11,81.11,0.0,-241.223753,0.0
2019-01-01,11,0,238,51.64,51.64,0.0,243.616061,0.0
2019-01-01,11,0,240,8.29,8.29,0.0,-53.837433,0.0
2019-01-01,11,0,245,55.66,55.66,0.0,426.391125,0.0
2019-01-01,11,0,247,58.47,58.47,0.0,447.917519,0.0
2019-01-01,11,0,248,9.66,9.66,0.0,-28.729151,0.0
2019-01-01,11,0,249,107.05,107.05,0.0,820.071325,0.0
2019-01-01,11,0,251,42.05,42.05,0.0,235.818492,0.0
2019-01-01,11,0,252,57.38,57.38,0.0,352.390819,0.0
2019-01-01,11,0,254,12.33,12.33,0.0,-45.675296,0.0
2019-01-01,11,0,255,5.65,5.65,0.0,-20.92988,0.0
2019-01-01,11,0,258,10.34,10.34,0.0,-64.767182,0.0
2019-01-01,11,0,260,4.33,4.33,0.0,1.572323,0.0
2019-01-01,11,0,265,50.36,50.36,0.0,-1127.18602,0.0
2019-01-01,11,0,266,28.12,28.12,0.0,-629.397754,0.0
2019-01-01,11,0,267,34.56,34.56,0.0,-773.541478,0.0
2019-01-01,11,0,270,542.91,542.91,0.0,-542910.0,0.0
2019-01-01,11,0,272,281.17,281.17,0.0,-50270.848641,0.0
2019-01-01,11,0,273,13.11,13.11,0.0,-13110.0,0.0
2019-01-01,11,0,274,708.99,708.99,0.0,-708990.0,0.0
2019-01-01,11,0,275,1000.33,1000.33,0.0,-1000330.0,0.0
2019-01-01,11,0,276,3.09,3.09,0.0,-2748.124466,0.0
2019-01-01,11,0,277,5.24,5.24,0.0,-994.642951,0.0
2019-01-01,11,0,278,8.38,8.38,0.0,-1590.669453,0.0
2019-01-01,11,0,279,264.6,264.6,0.0,-50225.672694,0.0
2019-01-01,11,0,281,45.23,45.23,0.0,-1636.313703,0.0
2019-01-01,11,0,282,204.37,204.37,0.0,-7393.619975,0.0
2019-01-01,12,0,9,2.8,2.8,0.0,-61.905836,0.0
2019-01-01,12,0,17,39.7,39.7,0.0,611.751521,0.0
2019-01-01,12,0,19,192.99,192.99,0.0,2973.85204,0.0
2019-01-01,12,0,20,234.06,234.06,0.0,3606.714382,0.0
2019-01-01,12,0,21,64.08,64.08,0.0,-1416.75927,0.0
2019-01-01,12,0,22,227.73,227.73,0.0,-5034.934279,0.0
2019-01-01,12,0,23,46.17,46.17,0.0,-1020.783013,0.0
2019-01-01,12,0,24,77.3,77.3,0.0,-1709.043252,0.0
2019-01-01,12,0,29,7.1,7.1,0.0,59.475876,0.0
2019-01-01,12,0,30,536.84,536.84,0.0,-11994.011728,0.0
2019-01-01,12,0,31,125.0,125.0,0.0,-2792.734271,0.0
2019-01-01,12,0,32,4.33,4.33,0.0,801.935296,0.0
2019-01-01,12,0,33,2.54,2.54,0.0,56.612822,0.0
2019-01-01,12,0,34,4.06,4.06,0.0,90.491361,0.0
2019-01-01,12,0,35,4.06,4.06,0.0,90.491361,0.0
2019-01-01,12,0,36,9.95,9.95,0.0,46.22606,0.0
2019-01-01,12,0,37,4.7,4.7,0.0,21.088296,0.0
2019-01-01,12,0,38,6.05,6.05,0.0,27.145572,0.0
2019-01-01,12,0,39,4.03,4.03,0.0,18.082092,0.0
2019-01-01,12,0,40,4.03,4.03,0.0,18.082092,0.0
2019-01-01,12,0,41,34.12,34.12,0.0,-338.701134,0.0
2019-01-01,12,0,42,55.23,55.23,0.0,768.702115,0.0
2019-01-01,12,0,43,30.44,30.44,0.0,188.161086,0.0
2019-01-01,12,0,46,26.94,26.94,0.0,53.19247,0.0
2019-01-01,12,0,52,132.5,132.5,0.0,-2960.298327,0.0
2019-01-01,12,0,53,210.5,210.5,0.0,-4702.964512,0.0
2019-01-01,12,0,55,623.0,623.0,0.0,-13774.048459,0.0
2019-01-01,12,0,56,158.35,158.35,0.0,-3537.835774,0.0
2019-01-01,12,0,57,150.62,150.62,0.0,-3365.133087,0.0
2019-01-01,12,0,58,289.66,289.66,0.0,-6471.547271,0.0
2019-01-01,12,0,59,284.83,284.83,0.0,-6363.636019,0.0
2019-01-01,12,0,63,51.0,51.0,0.0,11675.076866,0.0
2019-01-01,12,0,64,60.0,60.0,0.0,13735.384548,0.0
2019-01-01,12,0,65,11.36,11.36,0.0,171.903581,0.0
2019-01-01,12,0,67,288.77,288.77,0.0,-146087.818914,0.0
2019-01-01,12,0,68,34.0,34.0,0.0,-11714.61127,0.0
2019-01-01,12,0,69,2.54,2.54,0.0,56.612822,0.0
2019-01-01,12,0,74,106.25,106.25,0.0,777.362699,0.0
2019-01-01,12,0,77,60.0,60.0,0.0,-12522.956103,0.0
2019-01-01,12,0,78,45.36,45.36,0.0,-9467.354814,0.0
2019-01-01,12,0,79,26.25,26.25,0.0,-5478.793295,0.0
2019-01-01,12,0,80,42.45,42.45,0.0,-8859.991443,0.0
2019-01-01,12,0,81,55.5,55.5,0.0,-11583.734396,0.0
2019-01-01,12,0,82,39.15,39.15,0.0,-8171.228857,0.0
2019-01-01,12,0,83,87.3,87.3,0.0,-18220.90113,0.0
2019-01-01,12,0,84,0.0,0.0,0.0,0.0,0.0
2019-01-01,12,0,86,12.86,12.86,0.0,286.630271,0.0
2019-01-01,12,0,87,65.64,65.64,0.0,1463.017963,0.0
2019-01-01,12,0,88,51.18,51.18,0.0,-10682.081556,0.0
2019-01-01,12,0,89,49.2,49.2,0.0,-10268.824005,0.0
2019-01-01,12,0,90,66.06,66.06,0.0,-13787.77467,0.0
2019-01-01,12,0,91,235.65,235.65,0.0,-49183.910096,0.0
2019-01-01,12,0,92,84.75,84.75,0.0,-17688.675496,0.0
2019-01-01,12,0,95,120.0,120.0,0.0,3291.568394,0.0
2019-01-01,12,0,96,29.88,29.88,0.0,-674.840197,0.0
2019-01-01,12,0,97,183.76,183.76,0.0,-4150.222041,0.0
2019-01-01,12,0,99,20.51,20.51,0.0,150.058437,0.0
2019-01-01,12,0,101,10.81,10.81,0.0,-241.51566,0.0
2019-01-01,12,0,102,80.5,80.5,0.0,-27736.064918,0.0
2019-01-01,12,0,103,70.0,70.0,0.0,-24118.31732,0.0
2019-01-01,12,0,104,13.0,13.0,0.0,-4479.116074,0.0
2019-01-01,12,0,106,224.18,224.18,0.0,-4956.446523,0.0
2019-01-01,12,0,109,60.0,60.0,0.0,-122.447259,0.0
2019-01-01,12,0,110,171.9,171.9,0.0,-171900.0,0.0
2019-01-01,12,0,111,16.01,16.01,0.0,-158.927466,0.0
2019-01-01,12,0,113,45.0,45.0,0.0,-8135.680729,0.0
2019-01-01,12,0,115,45.0,45.0,0.0,-8135.680729,0.0
2019-01-01,12,0,116,76.64,76.64,0.0,-76640.0,0.0
2019-01-01,12,0,117,3.0,3.0,0.0,-542.378715,0.0
2019-01-01,12,0,119,60.0,60.0,0.0,13735.384548,0.0
2019-01-01,12,0,120,35.28,35.28,0.0,8076.406114,0.0
2019-01-01,12,0,123,3.74,3.74,0.0,-82.688509,0.0
2019-01-01,12,0,125,70.73,70.73,0.0,-1563.78563,0.0
2019-01-01,12,0,126,168.14,168.14,0.0,-3717.445438,0.0
2019-01-01,12,0,127,215.78,215.78,0.0,-4770.729015,0.0
2019-01-01,12,0,128,96.96,96.96,0.0,-2143.710656,0.0
2019-01-01,12,0,131,30.0,30.0,0.0,-9043.677979,0.0
2019-01-01,12,0,132,44.1,44.1,0.0,-13294.20663,0.0
2019-01-01,12,0,133,34.82,34.82,0.0,537.462574,0.0
2019-01-01,12,0,134,0.0,0.0,0.0,0.0,0.0
2019-01-01,12,0,135,46.66,46.66,0.0,720.218372,0.0
2019-01-01,12,0,136,16.62,16.62,0.0,251.247044,0.0
2019-01-01,12,0,139,44.06,44.06,0.0,-437.373152,0.0
2019-01-01,12,0,140,127.23,127.23,0.0,-127230.0,0.0
2019-01-01,12,0,141,230.0,230.0,0.0,-116356.263983,0.0
2019-01-01,12,0,142,380.82,380.82,0.0,-192655.619348,0.0
2019-01-01,12,0,143,189.24,189.24,0.0,-4227.976267,0.0
2019-01-01,12,0,145,56.25,56.25,0.0,-832.793415,0.0
2019-01-01,12,0,146,75.5,75.5,0.0,-75500.0,0.0
2019-01-01,12,0,152,7.18,7.18,0.0,54.283974,0.0
2019-01-01,12,0,153,9.06,9.06,0.0,65.287871,0.0
2019-01-01,12,0,154,66.02,66.02,0.0,-655.364855,0.0
2019-01-01,12,0,157,43.98,43.98,0.0,-22249.341261,0.0
2019-01-01,12,0,158,186.5,186.5,0.0,-94349.753186,0.0
2019-01-01,12,0,159,0.0,0.0,0.0,0.0,0.0
2019-01-01,12,0,160,2.4,2.4,0.0,27.673676,0.0
2019-01-01,12,0,161,54.48,54.48,0.0,-18770.941823,0.0
2019-01-01,12,0,162,162.5,162.5,0.0,4585.227522,0.0
2019-01-01,12,0,163,185.4,185.4,0.0,-185400.0,0.0
2019-01-01,12,0,164,20.18,20.18,0.0,-450.859021,0.0
2019-01-01,12,0,167,4.93,4.93,0.0,95.161095,0.0
2019-01-01,12,0,168,2.46,2.46,0.0,47.484035,0.0
2019-01-01,12,0,169,0.0,0.0,0.0,0.0,0.0
2019-01-01,12,0,170,5.39,5.39,0.0,104.040223,0.0
2019-01-01,12,0,172,6.91,6.91,0.0,755.180765,0.0
2019-01-01,12,0,173,10.53,10.53,0.0,1150.803685,0.0
2019-01-01,12,0,188,9.02,9.02,0.0,1195.462675,0.0
2019-01-01,12,0,190,5.69,5.69,0.0,212.9628,0.0
2019-01-01,12,0,191,14.69,14.69,0.0,549.810814,0.0
2019-01-01,12,0,192,332.6,332.6,0.0,12448.405497,0.0
2019-01-01,12,0,194,52.95,52.95,0.0,-1834.119039,0.0
2019-01-01,12,0,196,4.2,4.2,0.0,1683.530301,0.0
2019-01-01,12,0,198,10.55,10.55,0.0,141.409308,0.0
2019-01-01,12,0,199,113.69,113.69,0.0,1520.898096,0.0
2019-01-01,12,0,200,17.7,17.7,0.0,236.783326,0.0
2019-01-01,12,0,204,257.1,257.1,0.0,-768.057296,0.0
2019-01-01,12,0,205,317.4,317.4,0.0,-647.746001,0.0
2019-01-01,12,0,206,539.95,539.95,0.0,-12194.777923,0.0
2019-01-01,12,0,210,2.19,2.19,0.0,22.747857,0.0
2019-01-01,12,0,214,13.27,13.27,0.0,349.776495,0.0
2019-01-01,12,0,217,8.97,8.97,0.0,173.744817,0.0
2019-01-01,12,0,218,12.38,12.38,0.0,239.794965,0.0
2019-01-01,12,0,219,8.43,8.43,0.0,163.285263,0.0
2019-01-01,12,0,221,7.08,7.08,0.0,186.617753,0.0
2019-01-01,12,0,225,6.38,6.38,0.0,52.205923,0.0
2019-01-01,12,0,233,7.27,7.27,0.0,162.037486,0.0
2019-01-01,12,0,236,66.99,66.99,0.0,778.579263,0.0
2019-01-01,12,0,237,254.88,254.88,0.0,1864.792514,0.0
2019-01-01,12,0,238,71.88,71.88,0.0,1000.440123,0.0
2019-01-01,12,0,240,11.28,11.28,0.0,52.40502,0.0
2019-01-01,12,0,245,55.97,55.97,0.0,919.473551,0.0
2019-01-01,12,0,247,69.73,69.73,0.0,1145.522435,0.0
2019-01-01,12,0,248,25.59,25.59,0.0,187.22552,0.0
2019-01-01,12,0,249,107.64,107.64,0.0,1768.306825,0.0
2019-01-01,12,0,251,49.34,49.34,0.0,724.191216,0.0
2019-01-01,12,0,252,73.27,73.27,0.0,1108.74783,0.0
2019-01-01,12,0,254,16.78,16.78,0.0,126.247862,0.0
2019-01-01,12,0,255,7.69,7.69,0.0,57.857334,0.0
2019-01-01,12,0,258,13.97,13.97,0.0,68.36691,0.0
2019-01-01,12,0,260,5.82,5.82,0.0,67.108665,0.0
2019-01-01,12,0,265,68.36,68.36,0.0,-678.593479,0.0
2019-01-01,12,0,266,28.53,28.53,0.0,-283.210532,0.0
2019-01-01,12,0,267,35.06,35.06,0.0,-348.032291,0.0
2019-01-01,12,0,270,579.0,579.0,0.0,-579000.0,0.0
2019-01-01,12,0,272,150.39,150.39,0.0,-27189.444996,0.0
2019-01-01,12,0,273,18.33,18.33,0.0,-18330.0,0.0
2019-01-01,12,0,274,746.4,746.4,0.0,-746400.0,0.0
2019-01-01,12,0,275,1039.0,1039.0,0.0,-1039000.0,0.0
2019-01-01,12,0,276,4.3,4.3,0.0,-3825.611896,0.0
2019-01-01,12,0,277,7.25,7.25,0.0,-1391.910813,0.0
2019-01-01,12,0,278,11.6,11.6,0.0,-2227.057302,0.0
2019-01-01,12,0,279,264.6,264.6,0.0,-50799.945,0.0
2019-01-01,12,0,281,56.1,56.1,0.0,-1253.379141,0.0
2019-01-01,12,0,282,294.49,294.49,0.0,-6579.458524,0.0
2019-01-01,13,0,9,3.37,3.37,0.0,-1306.547812,0.0
2019-01-01,13,0,17,27.69,27.69,0.0,288.776973,0.0
2019-01-01,13,0,19,192.99,192.99,0.0,2012.678512,0.0
2019-01-01,13,0,20,234.06,234.06,0.0,2440.994521,0.0
2019-01-01,13,0,21,77.02,77.02,0.0,-29860.626857,0.0
2019-01-01,13,0,22,273.74,273.74,0.0,-106128.90153,0.0
2019-01-01,13,0,23,90.35,90.35,0.0,-35028.663159,0.0
2019-01-01,13,0,24,157.79,157.79,0.0,-61175.127393,0.0
2019-01-01,13,0,29,6.96,6.96,0.0,34.815894,0.0
2019-01-01,13,0,30,656.83,656.83,0.0,-656830.0,0.0
2019-01-01,13,0,31,125.0,125.0,0.0,-125000.0,0.0
2019-01-01,13,0,32,4.83,4.83,0.0,148.824806,0.0
2019-01-01,13,0,33,2.49,2.49,0.0,33.403933,0.0
2019-01-01,13,0,34,3.99,3.99,0.0,53.526784,0.0
2019-01-01,13,0,35,3.99,3.99,0.0,53.526784,0.0
2019-01-01,13,0,36,11.42,11.42,0.0,76.51775,0.0
2019-01-01,13,0,37,5.44,5.44,0.0,37.065065,0.0
2019-01-01,13,0,38,6.99,6.99,0.0,47.625883,0.0
2019-01-01,13,0,39,4.66,4.66,0.0,31.750589,0.0
2019-01-01,13,0,40,4.66,4.66,0.0,31.750589,0.0
2019-01-01,13,0,41,34.8,34.8,0.0,-242.277156,0.0
2019-01-01,13,0,42,52.06,52.06,0.0,509.230076,0.0
2019-01-01,13,0,43,34.64,34.64,0.0,271.344098,0.0
2019-01-01,13,0,46,31.25,31.25,0.0,193.128222,0.0
2019-01-01,13,0,52,132.5,132.5,0.0,-132500.0,0.0
2019-01-01,13,0,53,210.5,210.5,0.0,-210500.0,0.0
2019-01-01,13,0,55,623.0,623.0,0.0,-241536.880446,0.0
2019-01-01,13,0,56,193.74,193.74,0.0,-193740.0,0.0
2019-01-01,13,0,57,184.29,184.29,0.0,-184290.0,0.0
2019-01-01,13,0,58,354.4,354.4,0.0,-354400.0,0.0
2019-01-01,13,0,59,348.5,348.5,0.0,-348500.0,0.0
2019-01-01,13,0,63,51.0,51.0,0.0,1494.574441,0.0
2019-01-01,13,0,64,60.0,60.0,0.0,1758.322871,0.0
2019-01-01,13,0,65,14.36,14.36,0.0,148.032612,0.0
2019-01-01,13,0,67,318.21,318.21,0.0,10308.047548,0.0
2019-01-01,13,0,68,34.0,34.0,0.0,1122.834679,0.0
2019-01-01,13,0,69,2.49,2.49,0.0,33.403933,0.0
2019-01-01,13,0,74,187.02,187.02,0.0,1224.037411,0.0
2019-01-01,13,0,77,60.0,60.0,0.0,2055.475464,0.0
2019-01-01,13,0,78,45.36,45.36,0.0,1553.93945,0.0
2019-01-01,13,0,79,26.25,26.25,0.0,899.270515,0.0
2019-01-01,13,0,80,42.45,42.45,0.0,1454.24889,0.0
2019-01-01,13,0,81,55.5,55.5,0.0,1901.314804,0.0
2019-01-01,13,0,82,39.15,39.15,0.0,1341.19774,0.0
2019-01-01,13,0,83,87.3,87.3,0.0,2990.7168,0.0
2019-01-01,13,0,84,0.0,0.0,0.0,0.0,0.0
2019-01-01,13,0,86,12.62,12.62,0.0,169.300255,0.0
2019-01-01,13,0,87,64.45,64.45,0.0,864.611842,0.0
2019-01-01,13,0,88,51.18,51.18,0.0,1753.32057,0.0
2019-01-01,13,0,89,49.2,49.2,0.0,1685.48988,0.0
2019-01-01,13,0,90,66.06,66.06,0.0,2263.078485,0.0
2019-01-01,13,0,91,235.65,235.65,0.0,8072.879883,0.0
2019-01-01,13,0,92,84.75,84.75,0.0,2903.359092,0.0
2019-01-01,13,0,95,120.0,120.0,0.0,2691.568394,0.0
2019-01-01,13,0,96,29.88,29.88,0.0,1332.24956,0.0
2019-01-01,13,0,97,183.75,183.75,0.0,8192.799756,0.0
2019-01-01,13,0,99,36.1,36.1,0.0,236.272861,0.0
2019-01-01,13,0,101,13.23,13.23,0.0,-13230.0,0.0
2019-01-01,13,0,102,80.5,80.5,0.0,2658.476225,0.0
2019-01-01,13,0,103,70.0,70.0,0.0,2311.718456,0.0
2019-01-01,13,0,104,13.0,13.0,0.0,429.319142,0.0
2019-01-01,13,0,106,269.47,269.47,0.0,-104473.424035,0.0
2019-01-01,13,0,109,60.0,60.0,0.0,266.307781,0.0
2019-01-01,13,0,110,115.27,115.27,0.0,3511.407169,0.0
2019-01-01,13,0,111,19.02,19.02,0.0,-132.416997,0.0
2019-01-01,13,0,113,45.0,45.0,0.0,1442.707347,0.0
2019-01-01,13,0,115,45.0,45.0,0.0,1442.707347,0.0
2019-01-01,13,0,116,84.23,84.23,0.0,2565.852571,0.0
2019-01-01,13,0,117,3.0,3.0,0.0,96.18049,0.0
2019-01-01,13,0,119,60.0,60.0,0.0,1758.322871,0.0
2019-01-01,13,0,120,35.28,35.28,0.0,1033.893848,0.0
2019-01-01,13,0,123,4.49,4.49,0.0,-1740.771418,0.0
2019-01-01,13,0,125,143.27,143.27,0.0,-55545.72851,0.0
2019-01-01,13,0,126,202.1,202.1,0.0,-78354.098777,0.0
2019-01-01,13,0,127,259.37,259.37,0.0,-100557.657594,0.0
2019-01-01,13,0,128,202.25,202.25,0.0,-78412.253724,0.0
2019-01-01,13,0,131,30.0,30.0,0.0,995.789679,0.0
2019-01-01,13,0,132,44.1,44.1,0.0,1463.810828,0.0
2019-01-01,13,0,133,33.56,33.56,0.0,350.374981,0.0
2019-01-01,13,0,134,0.0,0.0,0.0,0.0,0.0
2019-01-01,13,0,135,44.97,44.97,0.0,469.498299,0.0
2019-01-01,13,0,136,21.33,21.33,0.0,219.743288,0.0
2019-01-01,13,0,139,44.94,44.94,0.0,-312.871706,0.0
2019-01-01,13,0,140,85.31,85.31,0.0,2598.752022,0.0
2019-01-01,13,0,141,230.0,230.0,0.0,7450.58589,0.0
2019-01-01,13,0,142,419.63,419.63,0.0,13593.431987,0.0
2019-01-01,13,0,143,219.45,219.45,0.0,-219450.0,0.0
2019-01-01,13,0,145,100.0,100.0,0.0,47.585467,0.0
2019-01-01,13,0,146,43.08,43.08,0.0,1312.322554,0.0
2019-01-01,13,0,152,8.44,8.44,0.0,61.183979,0.0
2019-01-01,13,0,153,10.6,10.6,0.0,75.369869,0.0
2019-01-01,13,0,154,78.48,78.48,0.0,-546.376758,0.0
2019-01-01,13,0,157,23.0,23.0,0.0,745.058589,0.0
2019-01-01,13,0,158,235.55,235.55,0.0,7630.371767,0.0
2019-01-01,13,0,159,0.0,0.0,0.0,0.0,0.0
2019-01-01,13,0,160,2.71,2.71,0.0,28.859373,0.0
2019-01-01,13,0,161,63.56,63.56,0.0,2099.040358,0.0
2019-01-01,13,0,162,162.5,162.5,0.0,3645.663168,0.0
2019-01-01,13,0,163,104.55,104.55,0.0,3184.849653,0.0
2019-01-01,13,0,164,24.5,24.5,0.0,-24500.0,0.0
2019-01-01,13,0,167,5.64,5.64,0.0,124.753315,0.0
2019-01-01,13,0,168,2.82,2.82,0.0,62.376657,0.0
2019-01-01,13,0,169,0.0,0.0,0.0,0.0,0.0
2019-01-01,13,0,170,6.16,6.16,0.0,136.255393,0.0
2019-01-01,13,0,172,8.06,8.06,0.0,216.426012,0.0
2019-01-01,13,0,173,12.28,12.28,0.0,329.740871,0.0
2019-01-01,13,0,188,10.13,10.13,0.0,289.888375,0.0
2019-01-01,13,0,190,6.71,6.71,0.0,196.639108,0.0
2019-01-01,13,0,191,17.33,17.33,0.0,507.862256,0.0
2019-01-01,13,0,192,326.46,326.46,0.0,9567.034744,0.0
2019-01-01,13,0,194,52.95,52.95,0.0,1613.868089,0.0
2019-01-01,13,0,196,4.26,4.26,0.0,127.712045,0.0
2019-01-01,13,0,198,11.95,11.95,0.0,92.352501,0.0
2019-01-01,13,0,199,73.53,73.53,0.0,1506.802999,0.0
2019-01-01,13,0,200,20.71,20.71,0.0,424.39671,0.0
2019-01-01,13,0,204,257.1,257.1,0.0,1087.602825,0.0
2019-01-01,13,0,205,317.4,317.4,0.0,1408.76816,0.0
2019-01-01,13,0,206,539.94,539.94,0.0,24074.124083,0.0
2019-01-01,13,0,210,2.38,2.38,0.0,14.24541,0.0
2019-01-01,13,0,214,14.18,14.18,0.0,215.091281,0.0
2019-01-01,13,0,217,9.57,9.57,0.0,106.352359,0.0
2019-01-01,13,0,218,13.2,13.2,0.0,146.692909,0.0
2019-01-01,13,0,219,8.99,8.99,0.0,99.906761,0.0
2019-01-01,13,0,221,7.56,7.56,0.0,114.6749,0.0
2019-01-01,13,0,225,6.58,6.58,0.0,32.290263,0.0
2019-01-01,13,0,233,7.14,7.14,0.0,95.784772,0.0
2019-01-01,13,0,236,259.04,259.04,0.0,2290.4488,0.0
2019-01-01,13,0,237,448.64,448.64,0.0,2936.328437,0.0
2019-01-01,13,0,238,67.76,67.76,0.0,662.801189,0.0
2019-01-01,13,0,240,12.94,12.94,0.0,86.702249,0.0
2019-01-01,13,0,245,57.21,57.21,0.0,621.936561,0.0
2019-01-01,13,0,247,85.34,85.34,0.0,927.741061,0.0
2019-01-01,13,0,248,45.04,45.04,0.0,294.784756,0.0
2019-01-01,13,0,249,110.02,110.02,0.0,1196.04021,0.0
2019-01-01,13,0,251,59.06,59.06,0.0,597.170383,0.0
2019-01-01,13,0,252,92.66,92.66,0.0,955.202077,0.0
2019-01-01,13,0,254,19.29,19.29,0.0,164.734329,0.0
2019-01-01,13,0,255,8.84,8.84,0.0,75.492559,0.0
2019-01-01,13,0,258,15.97,15.97,0.0,109.926395,0.0
2019-01-01,13,0,260,6.58,6.58,0.0,70.071836,0.0
2019-01-01,13,0,265,81.25,81.25,0.0,-565.661462,0.0
2019-01-01,13,0,266,29.1,29.1,0.0,-202.593828,0.0
2019-01-01,13,0,267,35.76,35.76,0.0,-248.960663,0.0
2019-01-01,13,0,270,325.32,325.32,0.0,9910.045806,0.0
2019-01-01,13,0,272,150.39,150.39,0.0,4821.527953,0.0
2019-01-01,13,0,273,20.14,20.14,0.0,613.51384,0.0
2019-01-01,13,0,274,419.18,419.18,0.0,12769.251817,0.0
2019-01-01,13,0,275,583.24,583.24,0.0,17766.922157,0.0
2019-01-01,13,0,276,4.61,4.61,0.0,142.419934,0.0
2019-01-01,13,0,277,7.71,7.71,0.0,253.977278,0.0
2019-01-01,13,0,278,12.34,12.34,0.0,406.49541,0.0
2019-01-01,13,0,279,378.16,378.16,0.0,12457.074885,0.0
2019-01-01,13,0,281,56.1,56.1,0.0,-56100.0,0.0
2019-01-01,13,0,282,360.31,360.31,0.0,-360310.0,0.0
2019-01-01,14,0,9,3.51,3.51,0.0,-1397.938437,0.0
2019-01-01,14,0,17,27.77,27.77,0.0,113.782992,0.0
2019-01-01,14,0,19,192.99,192.99,0.0,790.744677,0.0
2019-01-01,14,0,20,234.06,234.06,0.0,959.022224,0.0
2019-01-01,14,0,21,80.17,80.17,0.0,-31929.551139,0.0
2019-01-01,14,0,22,284.9,284.9,0.0,-113467.994505,0.0
2019-01-01,14,0,23,42.61,42.61,0.0,-16970.415043,0.0
2019-01-01,14,0,24,73.27,73.27,0.0,-29181.467032,0.0
2019-01-01,14,0,29,6.99,6.99,0.0,34.573753,0.0
2019-01-01,14,0,30,685.6,685.6,0.0,-685600.0,0.0
2019-01-01,14,0,31,125.0,125.0,0.0,-125000.0,0.0
2019-01-01,14,0,32,4.9,4.9,0.0,713.51639,0.0
2019-01-01,14,0,33,2.59,2.59,0.0,24.369497,0.0
2019-01-01,14,0,34,4.14,4.14,0.0,38.953558,0.0
2019-01-01,14,0,35,4.14,4.14,0.0,38.953558,0.0
2019-01-01,14,0,36,11.86,11.86,0.0,-43.487766,0.0
2019-01-01,14,0,37,5.59,5.59,0.0,-20.52643,0.0
2019-01-01,14,0,38,7.18,7.18,0.0,-26.364896,0.0
2019-01-01,14,0,39,4.79,4.79,0.0,-17.588837,0.0
2019-01-01,14,0,40,4.79,4.79,0.0,-17.588837,0.0
2019-01-01,14,0,41,29.75,29.75,0.0,-618.185081,0.0
2019-01-01,14,0,42,54.12,54.12,0.0,159.434089,0.0
2019-01-01,14,0,43,36.02,36.02,0.0,-87.975371,0.0
2019-01-01,14,0,46,31.96,31.96,0.0,-160.809115,0.0
2019-01-01,14,0,52,132.5,132.5,0.0,-132500.0,0.0
2019-01-01,14,0,53,210.5,210.5,0.0,-210500.0,0.0
2019-01-01,14,0,55,623.0,623.0,0.0,-248124.115748,0.0
2019-01-01,14,0,56,202.23,202.23,0.0,-202230.0,0.0
2019-01-01,14,0,57,192.36,192.36,0.0,-192360.0,0.0
2019-01-01,14,0,58,369.93,369.93,0.0,-369930.0,0.0
2019-01-01,14,0,59,363.76,363.76,0.0,-363760.0,0.0
2019-01-01,14,0,63,51.0,51.0,0.0,9959.291872,0.0
2019-01-01,14,0,64,60.0,60.0,0.0,11716.813967,0.0
2019-01-01,14,0,65,13.28,13.28,0.0,51.572202,0.0
2019-01-01,14,0,67,329.24,329.24,0.0,-171548.896589,0.0
2019-01-01,14,0,68,19.16,19.16,0.0,-6986.548379,0.0
2019-01-01,14,0,69,2.59,2.59,0.0,24.369497,0.0
2019-01-01,14,0,74,171.15,171.15,0.0,-420.999281,0.0
2019-01-01,14,0,77,60.0,60.0,0.0,-13999.765654,0.0
2019-01-01,14,0,78,45.36,45.36,0.0,-10583.822835,0.0
2019-01-01,14,0,79,26.25,26.25,0.0,-6124.897474,0.0
2019-01-01,14,0,80,42.45,42.45,0.0,-9904.8342,0.0
2019-01-01,14,0,81,55.5,55.5,0.0,-12949.78323,0.0
2019-01-01,14,0,82,39.15,39.15,0.0,-9134.847089,0.0
2019-01-01,14,0,83,87.3,87.3,0.0,-20369.659027,0.0
2019-01-01,14,0,84,0.0,0.0,0.0,0.0,0.0
2019-01-01,14,0,86,13.11,13.11,0.0,123.352934,0.0
2019-01-01,14,0,87,66.92,66.92,0.0,629.655099,0.0
2019-01-01,14,0,88,51.18,51.18,0.0,-11941.800103,0.0
2019-01-01,14,0,89,49.2,49.2,0.0,-11479.807837,0.0
2019-01-01,14,0,90,66.06,66.06,0.0,-15413.741985,0.0
2019-01-01,14,0,91,235.65,235.65,0.0,-54984.079607,0.0
2019-01-01,14,0,92,84.75,84.75,0.0,-19774.668987,0.0
2019-01-01,14,0,95,120.0,120.0,0.0,2691.568394,0.0
2019-01-01,14,0,96,31.39,31.39,0.0,827.927695,0.0
2019-01-01,14,0,97,210.51,210.51,0.0,5552.311531,0.0
2019-01-01,14,0,99,33.03,33.03,0.0,-81.248065,0.0
2019-01-01,14,0,101,13.81,13.81,0.0,-13810.0,0.0
2019-01-01,14,0,102,45.25,45.25,0.0,-16500.068588,0.0
2019-01-01,14,0,103,39.36,39.36,0.0,-14352.324854,0.0
2019-01-01,14,0,104,7.37,7.37,0.0,-2687.414486,0.0
2019-01-01,14,0,106,280.46,280.46,0.0,-111699.662123,0.0
2019-01-01,14,0,109,60.0,60.0,0.0,-455.351662,0.0
2019-01-01,14,0,110,104.91,104.91,0.0,-104910.0,0.0
2019-01-01,14,0,111,20.41,20.41,0.0,-424.106134,0.0
2019-01-01,14,0,113,45.0,45.0,0.0,-9229.473986,0.0
2019-01-01,14,0,115,45.0,45.0,0.0,-9229.473986,0.0
2019-01-01,14,0,116,85.58,85.58,0.0,-85580.0,0.0
2019-01-01,14,0,117,3.0,3.0,0.0,-615.298266,0.0
2019-01-01,14,0,119,60.0,60.0,0.0,11716.813967,0.0
2019-01-01,14,0,120,35.28,35.28,0.0,6889.486613,0.0
2019-01-01,14,0,123,4.67,4.67,0.0,-1859.935185,0.0
2019-01-01,14,0,125,66.79,66.79,0.0,-26600.65761,0.0
2019-01-01,14,0,126,210.35,210.35,0.0,-83776.737958,0.0
2019-01-01,14,0,127,269.95,269.95,0.0,-107513.812273,0.0
2019-01-01,14,0,128,92.7,92.7,0.0,-36919.912568,0.0
2019-01-01,14,0,131,30.0,30.0,0.0,-9686.161483,0.0
2019-01-01,14,0,132,44.1,44.1,0.0,-14238.65738,0.0
2019-01-01,14,0,133,31.35,31.35,0.0,129.083195,0.0
2019-01-01,14,0,134,0.0,0.0,0.0,0.0,0.0
2019-01-01,14,0,135,42.01,42.01,0.0,172.975599,0.0
2019-01-01,14,0,136,20.75,20.75,0.0,80.33792,0.0
2019-01-01,14,0,139,38.42,38.42,0.0,-798.341876,0.0
2019-01-01,14,0,140,77.65,77.65,0.0,-77650.0,0.0
2019-01-01,14,0,141,219.57,219.57,0.0,-114405.877852,0.0
2019-01-01,14,0,142,434.19,434.19,0.0,-226232.582341,0.0
2019-01-01,14,0,143,220.15,220.15,0.0,-220150.0,0.0
2019-01-01,14,0,145,56.12,56.12,0.0,-835.603683,0.0
2019-01-01,14,0,146,33.61,33.61,0.0,-33610.0,0.0
2019-01-01,14,0,152,8.98,8.98,0.0,-15.930294,0.0
2019-01-01,14,0,153,11.17,11.17,0.0,-22.732802,0.0
2019-01-01,14,0,154,84.19,84.19,0.0,-1749.41183,0.0
2019-01-01,14,0,157,17.69,17.69,0.0,-9217.288242,0.0
2019-01-01,14,0,158,251.16,251.16,0.0,-130865.693316,0.0
2019-01-01,14,0,159,0.0,0.0,0.0,-0.0,0.0
2019-01-01,14,0,160,2.79,2.79,0.0,3.421689,0.0
2019-01-01,14,0,161,64.88,64.88,0.0,-23657.998895,0.0
2019-01-01,14,0,162,162.5,162.5,0.0,3771.1588,0.0
2019-01-01,14,0,163,130.61,130.61,0.0,-130610.0,0.0
2019-01-01,14,0,164,26.26,26.26,0.0,-26260.0,0.0
2019-01-01,14,0,167,5.59,5.59,0.0,87.276858,0.0
2019-01-01,14,0,168,2.79,2.79,0.0,43.560364,0.0
2019-01-01,14,0,169,0.0,0.0,0.0,0.0,0.0
2019-01-01,14,0,170,6.11,6.11,0.0,95.395636,0.0
2019-01-01,14,0,172,8.11,8.11,0.0,671.523457,0.0
2019-01-01,14,0,173,12.35,12.35,0.0,1022.603538,0.0
2019-01-01,14,0,188,10.09,10.09,0.0,1026.217849,0.0
2019-01-01,14,0,190,6.75,6.75,0.0,218.886011,0.0
2019-01-01,14,0,191,17.44,17.44,0.0,565.536596,0.0
2019-01-01,14,0,192,287.85,287.85,0.0,9334.272316,0.0
2019-01-01,14,0,194,52.95,52.95,0.0,-3300.951109,0.0
2019-01-01,14,0,196,4.29,4.29,0.0,1550.97507,0.0
2019-01-01,14,0,198,12.21,12.21,0.0,85.710237,0.0
2019-01-01,14,0,199,130.0,130.0,0.0,-1228.701931,0.0
2019-01-01,14,0,200,21.09,21.09,0.0,-199.333259,0.0
2019-01-01,14,0,204,257.1,257.1,0.0,-2078.75581,0.0
2019-01-01,14,0,205,317.4,317.4,0.0,-2408.810293,0.0
2019-01-01,14,0,206,745.19,745.19,0.0,19654.776638,0.0
2019-01-01,14,0,210,2.38,2.38,0.0,14.377168,0.0
2019-01-01,14,0,214,14.13,14.13,0.0,177.197743,0.0
2019-01-01,14,0,217,9.55,9.55,0.0,94.359363,0.0
2019-01-01,14,0,218,13.19,13.19,0.0,130.324607,0.0
2019-01-01,14,0,219,8.98,8.98,0.0,88.727443,0.0
2019-01-01,14,0,221,7.53,7.53,0.0,94.43022,0.0
2019-01-01,14,0,225,6.66,6.66,0.0,32.237461,0.0
2019-01-01,14,0,233,7.42,7.42,0.0,69.815314,0.0
2019-01-01,14,0,236,121.16,121.16,0.0,147.895445,0.0
2019-01-01,14,0,237,410.57,410.57,0.0,-1009.930908,0.0
2019-01-01,14,0,238,70.44,70.44,0.0,207.511774,0.0
2019-01-01,14,0,240,13.44,13.44,0.0,-49.281245,0.0
2019-01-01,14,0,245,52.65,52.65,0.0,257.135058,0.0
2019-01-01,14,0,247,73.55,73.55,0.0,359.207664,0.0
2019-01-01,14,0,248,41.21,41.21,0.0,-101.369444,0.0
2019-01-01,14,0,249,101.24,101.24,0.0,494.441657,0.0
2019-01-01,14,0,251,56.57,56.57,0.0,199.82128,0.0
2019-01-01,14,0,252,85.69,85.69,0.0,332.772738,0.0
2019-01-01,14,0,254,19.61,19.61,0.0,-29.841865,0.0
2019-01-01,14,0,255,8.99,8.99,0.0,-13.680692,0.0
2019-01-01,14,0,258,16.53,16.53,0.0,-57.342832,0.0
2019-01-01,14,0,260,6.78,6.78,0.0,8.315071,0.0
2019-01-01,14,0,265,87.17,87.17,0.0,-1811.334235,0.0
2019-01-01,14,0,266,24.88,24.88,0.0,-516.989741,0.0
2019-01-01,14,0,267,30.57,30.57,0.0,-635.224132,0.0
2019-01-01,14,0,270,454.05,454.05,0.0,-454050.0,0.0
2019-01-01,14,0,272,150.39,150.39,0.0,-30844.902063,0.0
2019-01-01,14,0,273,20.47,20.47,0.0,-20470.0,0.0
2019-01-01,14,0,274,605.65,605.65,0.0,-605650.0,0.0
2019-01-01,14,0,275,880.86,880.86,0.0,-880860.0,0.0
2019-01-01,14,0,276,4.66,4.66,0.0,-4161.657205,0.0
2019-01-01,14,0,277,7.95,7.95,0.0,-1720.51743,0.0
2019-01-01,14,0,278,12.72,12.72,0.0,-2752.827888,0.0
2019-01-01,14,0,279,264.6,264.6,0.0,-57264.014075,0.0
2019-01-01,14,0,281,56.1,56.1,0.0,-56100.0,0.0
2019-01-01,14,0,282,376.09,376.09,0.0,-376090.0,0.0
2019-01-01,15,0,9,3.28,3.28,0.0,-1259.058316,0.0
2019-01-01,15,0,17,26.25,26.25,0.0,244.815306,0.0
2019-01-01,15,0,19,192.99,192.99,0.0,1799.882132,0.0
2019-01-01,15,0,20,234.06,234.06,0.0,2182.913165,0.0
2019-01-01,15,0,21,75.1,75.1,0.0,-28827.829131,0.0
2019-01-01,15,0,22,266.9,266.9,0.0,-102452.031891,0.0
2019-01-01,15,0,23,32.64,32.64,0.0,-12529.165683,0.0
2019-01-01,15,0,24,57.75,57.75,0.0,-22167.871269,0.0
2019-01-01,15,0,29,6.24,6.24,0.0,45.326632,0.0
2019-01-01,15,0,30,638.2,638.2,0.0,-638200.0,0.0
2019-01-01,15,0,31,125.0,125.0,0.0,-125000.0,0.0
2019-01-01,15,0,32,4.42,4.42,0.0,438.157956,0.0
2019-01-01,15,0,33,2.4,2.4,0.0,27.197108,0.0
2019-01-01,15,0,34,3.84,3.84,0.0,43.515373,0.0
2019-01-01,15,0,35,3.84,3.84,0.0,43.515373,0.0
2019-01-01,15,0,36,11.15,11.15,0.0,74.836358,0.0
2019-01-01,15,0,37,5.24,5.24,0.0,35.526832,0.0
2019-01-01,15,0,38,6.73,6.73,0.0,45.628928,0.0
2019-01-01,15,0,39,4.49,4.49,0.0,30.441885,0.0
2019-01-01,15,0,40,4.49,4.49,0.0,30.441885,0.0
2019-01-01,15,0,41,41.75,41.75,0.0,-142.399927,0.0
2019-01-01,15,0,42,51.34,51.34,0.0,456.489792,0.0
2019-01-01,15,0,43,33.57,33.57,0.0,240.333882,0.0
2019-01-01,15,0,46,29.72,29.72,0.0,197.763174,0.0
2019-01-01,15,0,52,132.5,132.5,0.0,-132500.0,0.0
2019-01-01,15,0,53,210.5,210.5,0.0,-210500.0,0.0
2019-01-01,15,0,55,623.0,623.0,0.0,-239144.308235,0.0
2019-01-01,15,0,56,188.25,188.25,0.0,-188250.0,0.0
2019-01-01,15,0,57,179.06,179.06,0.0,-179060.0,0.0
2019-01-01,15,0,58,344.35,344.35,0.0,-344350.0,0.0
2019-01-01,15,0,59,338.61,338.61,0.0,-338610.0,0.0
2019-01-01,15,0,63,51.0,51.0,0.0,8033.621618,0.0
2019-01-01,15,0,64,60.0,60.0,0.0,9451.31955,0.0
2019-01-01,15,0,65,12.3,12.3,0.0,113.720009,0.0
2019-01-01,15,0,67,306.75,306.75,0.0,-165200.257509,0.0
2019-01-01,15,0,68,34.0,34.0,0.0,-13187.365396,0.0
2019-01-01,15,0,69,2.4,2.4,0.0,27.197108,0.0
2019-01-01,15,0,74,158.36,158.36,0.0,1054.088998,0.0
2019-01-01,15,0,77,60.0,60.0,0.0,-15722.5786,0.0
2019-01-01,15,0,78,45.36,45.36,0.0,-11886.269422,0.0
2019-01-01,15,0,79,26.25,26.25,0.0,-6878.628137,0.0
2019-01-01,15,0,80,42.45,42.45,0.0,-11123.724359,0.0
2019-01-01,15,0,81,55.5,55.5,0.0,-14543.385205,0.0
2019-01-01,15,0,82,39.15,39.15,0.0,-10258.982536,0.0
2019-01-01,15,0,83,87.3,87.3,0.0,-22876.351863,0.0
2019-01-01,15,0,84,0.0,0.0,0.0,0.0,0.0
2019-01-01,15,0,86,12.16,12.16,0.0,137.798681,0.0
2019-01-01,15,0,87,62.06,62.06,0.0,703.271888,0.0
2019-01-01,15,0,88,51.18,51.18,0.0,-13411.359546,0.0
2019-01-01,15,0,89,49.2,49.2,0.0,-12892.514452,0.0
2019-01-01,15,0,90,66.06,66.06,0.0,-17310.559039,0.0
2019-01-01,15,0,91,235.65,235.65,0.0,-61750.427451,0.0
2019-01-01,15,0,92,84.75,84.75,0.0,-22208.142272,0.0
2019-01-01,15,0,95,120.0,120.0,0.0,2691.568394,0.0
2019-01-01,15,0,96,29.88,29.88,0.0,1532.410463,0.0
2019-01-01,15,0,97,183.75,183.75,0.0,9423.708924,0.0
2019-01-01,15,0,99,30.56,30.56,0.0,203.416013,0.0
2019-01-01,15,0,101,12.86,12.86,0.0,-12860.0,0.0
2019-01-01,15,0,102,80.5,80.5,0.0,-31223.026894,0.0
2019-01-01,15,0,103,70.0,70.0,0.0,-27150.458169,0.0
2019-01-01,15,0,104,13.0,13.0,0.0,-5042.227946,0.0
2019-01-01,15,0,106,262.74,262.74,0.0,-100855.177441,0.0
2019-01-01,15,0,109,60.0,60.0,0.0,365.451802,0.0
2019-01-01,15,0,110,97.2,97.2,0.0,-97200.0,0.0
2019-01-01,15,0,111,19.46,19.46,0.0,-66.373714,0.0
2019-01-01,15,0,113,45.0,45.0,0.0,-10465.597069,0.0
2019-01-01,15,0,115,45.0,45.0,0.0,-10465.597069,0.0
2019-01-01,15,0,116,78.91,78.91,0.0,-78910.0,0.0
2019-01-01,15,0,117,3.0,3.0,0.0,-697.706471,0.0
2019-01-01,15,0,119,60.0,60.0,0.0,9451.31955,0.0
2019-01-01,15,0,120,35.28,35.28,0.0,5557.375896,0.0
2019-01-01,15,0,123,4.38,4.38,0.0,-1681.303483,0.0
2019-01-01,15,0,125,52.26,52.26,0.0,-20060.484026,0.0
2019-01-01,15,0,126,197.05,197.05,0.0,-75639.463784,0.0
2019-01-01,15,0,127,252.89,252.89,0.0,-97074.1639,0.0
2019-01-01,15,0,128,74.85,74.85,0.0,-28731.86432,0.0
2019-01-01,15,0,131,73.62,73.62,0.0,-25591.782654,0.0
2019-01-01,15,0,132,108.35,108.35,0.0,-37664.62443,0.0
2019-01-01,15,0,133,29.74,29.74,0.0,277.590393,0.0
2019-01-01,15,0,134,0.0,0.0,0.0,0.0,0.0
2019-01-01,15,0,135,39.85,39.85,0.0,371.956193,0.0
2019-01-01,15,0,136,20.21,20.21,0.0,186.762534,0.0
2019-01-01,15,0,139,54.29,54.29,0.0,-185.171066,0.0
2019-01-01,15,0,140,71.94,71.94,0.0,-71940.0,0.0
2019-01-01,15,0,141,201.59,201.59,0.0,-108566.324079,0.0
2019-01-01,15,0,142,404.52,404.52,0.0,-217854.305354,0.0
2019-01-01,15,0,143,228.03,228.03,0.0,-228030.0,0.0
2019-01-01,15,0,145,30.0,30.0,0.0,152.460905,0.0
2019-01-01,15,0,146,27.84,27.84,0.0,-27840.0,0.0
2019-01-01,15,0,152,8.32,8.32,0.0,60.138777,0.0
2019-01-01,15,0,153,10.42,10.42,0.0,74.371344,0.0
2019-01-01,15,0,154,80.28,80.28,0.0,-273.817153,0.0
2019-01-01,15,0,157,15.6,15.6,0.0,-8401.382289,0.0
2019-01-01,15,0,158,235.95,235.95,0.0,-127070.90712,0.0
2019-01-01,15,0,159,0.0,0.0,0.0,0.0,0.0
2019-01-01,15,0,160,2.61,2.61,0.0,21.287083,0.0
2019-01-01,15,0,161,59.79,59.79,0.0,-23190.369913,0.0
2019-01-01,15,0,162,162.5,162.5,0.0,3770.696704,0.0
2019-01-01,15,0,163,142.89,142.89,0.0,-142890.0,0.0
2019-01-01,15,0,164,24.46,24.46,0.0,-24460.0,0.0
2019-01-01,15,0,167,5.05,5.05,0.0,87.64632,0.0
2019-01-01,15,0,168,2.53,2.53,0.0,43.909939,0.0
2019-01-01,15,0,169,0.0,0.0,0.0,0.0,0.0
2019-01-01,15,0,170,5.52,5.52,0.0,95.803503,0.0
2019-01-01,15,0,172,7.44,7.44,0.0,395.815961,0.0
2019-01-01,15,0,173,11.34,11.34,0.0,603.300134,0.0
2019-01-01,15,0,188,9.08,9.08,0.0,606.584459,0.0
2019-01-01,15,0,190,6.31,6.31,0.0,204.617885,0.0
2019-01-01,15,0,191,16.29,16.29,0.0,528.244905,0.0
2019-01-01,15,0,192,252.72,252.72,0.0,8195.092235,0.0
2019-01-01,15,0,194,52.95,52.95,0.0,-4919.291013,0.0
2019-01-01,15,0,196,4.0,4.0,0.0,1269.144032,0.0
2019-01-01,15,0,198,11.36,11.36,0.0,108.604203,0.0
2019-01-01,15,0,199,130.0,130.0,0.0,-2472.768689,0.0
2019-01-01,15,0,200,19.14,19.14,0.0,-364.067636,0.0
2019-01-01,15,0,204,257.1,257.1,0.0,1557.669819,0.0
2019-01-01,15,0,205,317.4,317.4,0.0,1933.24003,0.0
2019-01-01,15,0,206,539.94,539.94,0.0,27691.087873,0.0
2019-01-01,15,0,210,2.16,2.16,0.0,16.720875,0.0
2019-01-01,15,0,214,12.77,12.77,0.0,159.722498,0.0
2019-01-01,15,0,217,8.62,8.62,0.0,90.392023,0.0
2019-01-01,15,0,218,11.9,11.9,0.0,124.787131,0.0
2019-01-01,15,0,219,8.1,8.1,0.0,84.93914,0.0
2019-01-01,15,0,221,6.81,6.81,0.0,85.176994,0.0
2019-01-01,15,0,225,5.97,5.97,0.0,43.090222,0.0
2019-01-01,15,0,233,6.88,6.88,0.0,77.965043,0.0
2019-01-01,15,0,236,131.35,131.35,0.0,1086.248662,0.0
2019-01-01,15,0,237,379.88,379.88,0.0,2528.588838,0.0
2019-01-01,15,0,238,66.82,66.82,0.0,594.130267,0.0
2019-01-01,15,0,240,12.64,12.64,0.0,84.836912,0.0
2019-01-01,15,0,245,48.92,48.92,0.0,470.772112,0.0
2019-01-01,15,0,247,64.74,64.74,0.0,623.012807,0.0
2019-01-01,15,0,248,38.13,38.13,0.0,253.804076,0.0
2019-01-01,15,0,249,94.08,94.08,0.0,905.360594,0.0
2019-01-01,15,0,251,54.53,54.53,0.0,496.927598,0.0
2019-01-01,15,0,252,79.32,79.32,0.0,733.355377,0.0
2019-01-01,15,0,254,18.35,18.35,0.0,135.960924,0.0
2019-01-01,15,0,255,8.41,8.41,0.0,62.312336,0.0
2019-01-01,15,0,258,15.54,15.54,0.0,105.423991,0.0
2019-01-01,15,0,260,6.33,6.33,0.0,51.627292,0.0
2019-01-01,15,0,265,83.12,83.12,0.0,-283.503758,0.0
2019-01-01,15,0,266,34.72,34.72,0.0,-118.422167,0.0
2019-01-01,15,0,267,42.94,42.94,0.0,-146.458751,0.0
2019-01-01,15,0,270,466.38,466.38,0.0,-466380.0,0.0
2019-01-01,15,0,272,150.39,150.39,0.0,-34976.025405,0.0
2019-01-01,15,0,273,18.87,18.87,0.0,-18870.0,0.0
2019-01-01,15,0,274,614.3,614.3,0.0,-614300.0,0.0
2019-01-01,15,0,275,881.73,881.73,0.0,-881730.0,0.0
2019-01-01,15,0,276,4.3,4.3,0.0,-3856.962349,0.0
2019-01-01,15,0,277,7.36,7.36,0.0,-1798.677187,0.0
2019-01-01,15,0,278,11.77,11.77,0.0,-2876.417186,0.0
2019-01-01,15,0,279,264.6,264.6,0.0,-64664.39994,0.0
2019-01-01,15,0,281,56.1,56.1,0.0,-56100.0,0.0
2019-01-01,15,0,282,350.09,350.09,0.0,-350090.0,0.0
2019-01-01,16,0,9,2.66,2.66,0.0,5.737435,0.0
2019-01-01,16,0,17,17.72,17.72,0.0,173.950241,0.0
2019-01-01,16,0,19,323.88,323.88,0.0,3179.402035,0.0
2019-01-01,16,0,20,408.78,408.78,0.0,4012.831802,0.0
2019-01-01,16,0,21,60.84,60.84,0.0,131.227644,0.0
2019-01-01,16,0,22,216.22,216.22,0.0,466.371486,0.0
2019-01-01,16,0,23,32.64,32.64,0.0,70.402207,0.0
2019-01-01,16,0,24,57.75,57.75,0.0,124.562729,0.0
2019-01-01,16,0,29,4.3,4.3,0.0,33.971136,0.0
2019-01-01,16,0,30,515.95,515.95,0.0,1089.46096,0.0
2019-01-01,16,0,31,125.0,125.0,0.0,263.945382,0.0
2019-01-01,16,0,32,3.69,3.69,0.0,87.749942,0.0
2019-01-01,16,0,33,1.35,1.35,0.0,15.298373,0.0
2019-01-01,16,0,34,2.15,2.15,0.0,24.364076,0.0
2019-01-01,16,0,35,2.15,2.15,0.0,24.364076,0.0
2019-01-01,16,0,36,9.07,9.07,0.0,66.372262,0.0
2019-01-01,16,0,37,4.26,4.26,0.0,30.936846,0.0
2019-01-01,16,0,38,5.48,5.48,0.0,39.796693,0.0
2019-01-01,16,0,39,3.65,3.65,0.0,26.506922,0.0
2019-01-01,16,0,40,3.65,3.65,0.0,26.506922,0.0
2019-01-01,16,0,41,47.78,47.78,0.0,217.840422,0.0
2019-01-01,16,0,42,36.61,36.61,0.0,347.359073,0.0
2019-01-01,16,0,43,27.59,27.59,0.0,207.351716,0.0
2019-01-01,16,0,46,23.82,23.82,0.0,160.846176,0.0
2019-01-01,16,0,52,132.5,132.5,0.0,279.782105,0.0
2019-01-01,16,0,53,210.5,210.5,0.0,444.484024,0.0
2019-01-01,16,0,55,623.0,623.0,0.0,1343.767624,0.0
2019-01-01,16,0,56,152.19,152.19,0.0,321.358782,0.0
2019-01-01,16,0,57,144.76,144.76,0.0,305.669868,0.0
2019-01-01,16,0,58,278.39,278.39,0.0,587.83804,0.0
2019-01-01,16,0,59,273.75,273.75,0.0,578.040388,0.0
2019-01-01,16,0,63,51.0,51.0,0.0,1520.225267,0.0
2019-01-01,16,0,64,60.0,60.0,0.0,1788.500314,0.0
2019-01-01,16,0,65,11.41,11.41,0.0,111.311167,0.0
2019-01-01,16,0,67,271.18,271.18,0.0,-6756.469194,0.0
2019-01-01,16,0,68,34.0,34.0,0.0,-431.011534,0.0
2019-01-01,16,0,69,1.35,1.35,0.0,15.298373,0.0
2019-01-01,16,0,74,91.55,91.55,0.0,737.203936,0.0
2019-01-01,16,0,77,60.0,60.0,0.0,-131.743775,0.0
2019-01-01,16,0,78,45.36,45.36,0.0,-99.598294,0.0
2019-01-01,16,0,79,26.25,26.25,0.0,-57.637901,0.0
2019-01-01,16,0,80,42.45,42.45,0.0,-93.208721,0.0
2019-01-01,16,0,81,55.5,55.5,0.0,-121.862992,0.0
2019-01-01,16,0,82,39.15,39.15,0.0,-85.962813,0.0
2019-01-01,16,0,83,87.3,87.3,0.0,-191.687192,0.0
2019-01-01,16,0,84,0.0,0.0,0.0,0.0,0.0
2019-01-01,16,0,86,6.82,6.82,0.0,77.285116,0.0
2019-01-01,16,0,87,34.81,34.81,0.0,394.471389,0.0
2019-01-01,16,0,88,51.18,51.18,0.0,-112.37744,0.0
2019-01-01,16,0,89,49.2,49.2,0.0,-108.029895,0.0
2019-01-01,16,0,90,66.06,66.06,0.0,-145.049896,0.0
2019-01-01,16,0,91,235.65,235.65,0.0,-517.423676,0.0
2019-01-01,16,0,92,84.75,84.75,0.0,-186.088082,0.0
2019-01-01,16,0,95,120.0,120.0,0.0,2691.568394,0.0
2019-01-01,16,0,96,29.88,29.88,0.0,61.676795,0.0
2019-01-01,16,0,97,183.75,183.75,0.0,379.287517,0.0
2019-01-01,16,0,99,20.08,20.08,0.0,161.693665,0.0
2019-01-01,16,0,101,10.39,10.39,0.0,21.93914,0.0
2019-01-01,16,0,102,80.5,80.5,0.0,-1020.483191,0.0
2019-01-01,16,0,103,70.0,70.0,0.0,-887.376688,0.0
2019-01-01,16,0,104,13.0,13.0,0.0,-164.798528,0.0
2019-01-01,16,0,106,212.85,212.85,0.0,459.10263,0.0
2019-01-01,16,0,109,60.0,60.0,0.0,362.964373,0.0
2019-01-01,16,0,110,93.59,93.59,0.0,-5839.316133,0.0
2019-01-01,16,0,111,16.15,16.15,0.0,73.631704,0.0
2019-01-01,16,0,113,45.0,45.0,0.0,-29.857131,0.0
2019-01-01,16,0,115,45.0,45.0,0.0,-29.857131,0.0
2019-01-01,16,0,116,69.36,69.36,0.0,-4327.545325,0.0
2019-01-01,16,0,117,3.0,3.0,0.0,-1.990475,0.0
2019-01-01,16,0,119,60.0,60.0,0.0,1788.500314,0.0
2019-01-01,16,0,120,35.28,35.28,0.0,1051.638184,0.0
2019-01-01,16,0,123,3.55,3.55,0.0,7.657103,0.0
2019-01-01,16,0,125,52.26,52.26,0.0,112.721181,0.0
2019-01-01,16,0,126,159.64,159.64,0.0,344.332365,0.0
2019-01-01,16,0,127,204.87,204.87,0.0,441.890326,0.0
2019-01-01,16,0,128,74.85,74.85,0.0,161.446239,0.0
2019-01-01,16,0,131,30.0,30.0,0.0,-282.250409,0.0
2019-01-01,16,0,132,44.1,44.1,0.0,-414.908102,0.0
2019-01-01,16,0,133,34.57,34.57,0.0,339.558796,0.0
2019-01-01,16,0,134,0.0,0.0,0.0,0.0,0.0
2019-01-01,16,0,135,43.95,43.95,0.0,431.692481,0.0
2019-01-01,16,0,136,19.61,19.61,0.0,191.241226,0.0
2019-01-01,16,0,139,62.22,62.22,0.0,283.675828,0.0
2019-01-01,16,0,140,69.27,69.27,0.0,-4321.929998,0.0
2019-01-01,16,0,141,193.79,193.79,0.0,-4828.291781,0.0
2019-01-01,16,0,142,357.61,357.61,0.0,-8909.878857,0.0
2019-01-01,16,0,143,238.5,238.5,0.0,503.60779,0.0
2019-01-01,16,0,145,30.0,30.0,0.0,107.218912,0.0
2019-01-01,16,0,146,25.21,25.21,0.0,-1572.915479,0.0
2019-01-01,16,0,152,6.85,6.85,0.0,55.319816,0.0
2019-01-01,16,0,153,8.48,8.48,0.0,67.815252,0.0
2019-01-01,16,0,154,66.63,66.63,0.0,303.78207,0.0
2019-01-01,16,0,157,16.47,16.47,0.0,-410.351234,0.0
2019-01-01,16,0,158,225.08,225.08,0.0,-5607.88438,0.0
2019-01-01,16,0,159,0.0,0.0,0.0,0.0,0.0
2019-01-01,16,0,160,2.1,2.1,0.0,17.590944,0.0
2019-01-01,16,0,161,49.6,49.6,0.0,-628.769767,0.0
2019-01-01,16,0,162,162.5,162.5,0.0,3655.844463,0.0
2019-01-01,16,0,163,146.36,146.36,0.0,-9131.769518,0.0
2019-01-01,16,0,164,19.63,19.63,0.0,41.449983,0.0
2019-01-01,16,0,167,4.21,4.21,0.0,93.425252,0.0
2019-01-01,16,0,168,2.11,2.11,0.0,46.823582,0.0
2019-01-01,16,0,169,0.0,0.0,0.0,0.0,0.0
2019-01-01,16,0,170,4.61,4.61,0.0,102.30176,0.0
2019-01-01,16,0,172,5.89,5.89,0.0,126.293038,0.0
2019-01-01,16,0,173,8.97,8.97,0.0,192.334219,0.0
2019-01-01,16,0,188,7.53,7.53,0.0,167.716682,0.0
2019-01-01,16,0,190,6.25,6.25,0.0,186.302116,0.0
2019-01-01,16,0,191,16.15,16.15,0.0,481.404668,0.0
2019-01-01,16,0,192,219.62,219.62,0.0,6546.507315,0.0
2019-01-01,16,0,194,52.95,52.95,0.0,522.921015,0.0
2019-01-01,16,0,196,3.91,3.91,0.0,166.788934,0.0
2019-01-01,16,0,198,8.91,8.91,0.0,85.400177,0.0
2019-01-01,16,0,199,130.0,130.0,0.0,1498.488594,0.0
2019-01-01,16,0,200,15.32,15.32,0.0,176.591117,0.0
2019-01-01,16,0,204,257.1,257.1,0.0,1504.744728,0.0
2019-01-01,16,0,205,317.4,317.4,0.0,1920.081534,0.0
2019-01-01,16,0,206,539.94,539.94,0.0,1114.517016,0.0
2019-01-01,16,0,210,1.52,1.52,0.0,12.644222,0.0
2019-01-01,16,0,214,6.81,6.81,0.0,83.282485,0.0
2019-01-01,16,0,217,5.02,5.02,0.0,52.906394,0.0
2019-01-01,16,0,218,6.93,6.93,0.0,73.036117,0.0
2019-01-01,16,0,219,4.72,4.72,0.0,49.744657,0.0
2019-01-01,16,0,221,3.63,3.63,0.0,44.392867,0.0
2019-01-01,16,0,225,3.94,3.94,0.0,30.967877,0.0
2019-01-01,16,0,233,3.86,3.86,0.0,43.742016,0.0
2019-01-01,16,0,236,114.79,114.79,0.0,1030.744949,0.0
2019-01-01,16,0,237,209.38,209.38,0.0,1686.026871,0.0
2019-01-01,16,0,238,47.66,47.66,0.0,452.202498,0.0
2019-01-01,16,0,240,10.28,10.28,0.0,75.226776,0.0
2019-01-01,16,0,245,46.2,46.2,0.0,463.894765,0.0
2019-01-01,16,0,247,58.11,58.11,0.0,583.483221,0.0
2019-01-01,16,0,248,24.66,24.66,0.0,198.573993,0.0
2019-01-01,16,0,249,88.85,88.85,0.0,892.143937,0.0
2019-01-01,16,0,251,53.04,53.04,0.0,512.121718,0.0
2019-01-01,16,0,252,73.58,73.58,0.0,717.81557,0.0
2019-01-01,16,0,254,13.25,13.25,0.0,102.443241,0.0
2019-01-01,16,0,255,6.08,6.08,0.0,47.007917,0.0
2019-01-01,16,0,258,12.65,12.65,0.0,92.973803,0.0
2019-01-01,16,0,260,5.09,5.09,0.0,42.637098,0.0
2019-01-01,16,0,265,68.99,68.99,0.0,314.541873,0.0
2019-01-01,16,0,266,39.67,39.67,0.0,180.864997,0.0
2019-01-01,16,0,267,49.15,49.15,0.0,224.086579,0.0
2019-01-01,16,0,270,395.58,395.58,0.0,-24681.233847,0.0
2019-01-01,16,0,272,150.39,150.39,0.0,-99.782532,0.0
2019-01-01,16,0,273,16.59,16.59,0.0,-1035.09194,0.0
2019-01-01,16,0,274,493.67,493.67,0.0,-30801.316328,0.0
2019-01-01,16,0,275,661.83,661.83,0.0,-41293.242825,0.0
2019-01-01,16,0,276,3.72,3.72,0.0,-200.971506,0.0
2019-01-01,16,0,277,5.8,5.8,0.0,-7.411186,0.0
2019-01-01,16,0,278,9.27,9.27,0.0,-11.845119,0.0
2019-01-01,16,0,279,604.22,604.22,0.0,-772.066669,0.0
2019-01-01,16,0,281,56.1,56.1,0.0,118.458688,0.0
2019-01-01,16,0,282,283.03,283.03,0.0,597.635693,0.0
2019-01-01,17,0,9,1.76,1.76,0.0,-7.23937,0.0
2019-01-01,17,0,17,11.75,11.75,0.0,102.392913,0.0
2019-01-01,17,0,19,274.39,274.39,0.0,2391.114166,0.0
2019-01-01,17,0,20,330.42,330.42,0.0,2879.375862,0.0
2019-01-01,17,0,21,40.3,40.3,0.0,-165.765122,0.0
2019-01-01,17,0,22,143.22,143.22,0.0,-589.103742,0.0
2019-01-01,17,0,23,47.2,47.2,0.0,-194.146744,0.0
2019-01-01,17,0,24,83.96,83.96,0.0,-345.35086,0.0
2019-01-01,17,0,29,2.76,2.76,0.0,17.735053,0.0
2019-01-01,17,0,30,347.93,347.93,0.0,-1457.762764,0.0
2019-01-01,17,0,31,125.0,125.0,0.0,-523.72703,0.0
2019-01-01,17,0,32,2.39,2.39,0.0,321.200375,0.0
2019-01-01,17,0,33,0.89,0.89,0.0,9.988482,0.0
2019-01-01,17,0,34,1.42,1.42,0.0,15.93668,0.0
2019-01-01,17,0,35,1.42,1.42,0.0,15.93668,0.0
2019-01-01,17,0,36,6.14,6.14,0.0,28.299484,0.0
2019-01-01,17,0,37,2.84,2.84,0.0,12.842526,0.0
2019-01-01,17,0,38,3.65,3.65,0.0,16.505359,0.0
2019-01-01,17,0,39,2.43,2.43,0.0,10.9885,0.0
2019-01-01,17,0,40,2.43,2.43,0.0,10.9885,0.0
2019-01-01,17,0,41,25.55,25.55,0.0,-1.7319,0.0
2019-01-01,17,0,42,24.56,24.56,0.0,200.667165,0.0
2019-01-01,17,0,43,18.17,18.17,0.0,90.316669,0.0
2019-01-01,17,0,46,16.03,16.03,0.0,58.793485,0.0
2019-01-01,17,0,52,132.5,132.5,0.0,-555.150652,0.0
2019-01-01,17,0,53,210.5,210.5,0.0,-881.956318,0.0
2019-01-01,17,0,55,623.0,623.0,0.0,-2562.572485,0.0
2019-01-01,17,0,56,102.63,102.63,0.0,-430.000841,0.0
2019-01-01,17,0,57,97.62,97.62,0.0,-409.009861,0.0
2019-01-01,17,0,58,187.73,187.73,0.0,-786.554203,0.0
2019-01-01,17,0,59,184.6,184.6,0.0,-773.440078,0.0
2019-01-01,17,0,63,95.49,95.49,0.0,17727.020741,0.0
2019-01-01,17,0,64,112.31,112.31,0.0,20849.530835,0.0
2019-01-01,17,0,65,11.0,11.0,0.0,94.745998,0.0
2019-01-01,17,0,67,179.92,179.92,0.0,-94813.288126,0.0
2019-01-01,17,0,68,19.11,19.11,0.0,-7118.633227,0.0
2019-01-01,17,0,69,0.89,0.89,0.0,9.988482,0.0
2019-01-01,17,0,74,79.36,79.36,0.0,459.449534,0.0
2019-01-01,17,0,77,60.0,60.0,0.0,-14604.862437,0.0
2019-01-01,17,0,78,45.36,45.36,0.0,-11041.276002,0.0
2019-01-01,17,0,79,26.25,26.25,0.0,-6389.627316,0.0
2019-01-01,17,0,80,42.45,42.45,0.0,-10332.940174,0.0
2019-01-01,17,0,81,55.5,55.5,0.0,-13509.497754,0.0
2019-01-01,17,0,82,39.15,39.15,0.0,-9529.67274,0.0
2019-01-01,17,0,83,87.3,87.3,0.0,-21250.074845,0.0
2019-01-01,17,0,84,0.0,0.0,0.0,0.0,0.0
2019-01-01,17,0,86,4.5,4.5,0.0,50.503563,0.0
2019-01-01,17,0,87,23.0,23.0,0.0,258.129321,0.0
2019-01-01,17,0,88,51.18,51.18,0.0,-12457.947658,0.0
2019-01-01,17,0,89,49.2,49.2,0.0,-11975.987198,0.0
2019-01-01,17,0,90,66.06,66.06,0.0,-16079.953543,0.0
2019-01-01,17,0,91,235.65,235.65,0.0,-57360.59722,0.0
2019-01-01,17,0,92,84.75,84.75,0.0,-20629.368192,0.0
2019-01-01,17,0,95,120.0,120.0,0.0,2691.568394,0.0
2019-01-01,17,0,96,29.88,29.88,0.0,-127.581796,0.0
2019-01-01,17,0,97,183.75,183.75,0.0,-784.576805,0.0
2019-01-01,17,0,99,16.14,16.14,0.0,93.441475,0.0
2019-01-01,17,0,101,7.01,7.01,0.0,-29.370612,0.0
2019-01-01,17,0,102,45.19,45.19,0.0,-16833.649164,0.0
2019-01-01,17,0,103,39.3,39.3,0.0,-14639.575396,0.0
2019-01-01,17,0,104,7.33,7.33,0.0,-2730.485691,0.0
2019-01-01,17,0,106,140.99,140.99,0.0,-579.931131,0.0
2019-01-01,17,0,109,60.0,60.0,0.0,147.563134,0.0
2019-01-01,17,0,110,64.5,64.5,0.0,-64500.0,0.0
2019-01-01,17,0,111,11.64,11.64,0.0,-0.789014,0.0
2019-01-01,17,0,113,45.0,45.0,0.0,-9611.328482,0.0
2019-01-01,17,0,115,45.0,45.0,0.0,-9611.328482,0.0
2019-01-01,17,0,116,46.64,46.64,0.0,-46640.0,0.0
2019-01-01,17,0,117,3.0,3.0,0.0,-640.755232,0.0
2019-01-01,17,0,119,112.31,112.31,0.0,20849.530835,0.0
2019-01-01,17,0,120,66.1,66.1,0.0,12270.981998,0.0
2019-01-01,17,0,123,2.35,2.35,0.0,-9.666204,0.0
2019-01-01,17,0,125,75.89,75.89,0.0,-312.156703,0.0
2019-01-01,17,0,126,105.74,105.74,0.0,-434.938065,0.0
2019-01-01,17,0,127,135.7,135.7,0.0,-558.171888,0.0
2019-01-01,17,0,128,109.23,109.23,0.0,-449.293407,0.0
2019-01-01,17,0,131,30.0,30.0,0.0,-9937.651694,0.0
2019-01-01,17,0,132,44.1,44.1,0.0,-14608.347991,0.0
2019-01-01,17,0,133,70.29,70.29,0.0,613.196459,0.0
2019-01-01,17,0,134,0.0,0.0,0.0,0.0,0.0
2019-01-01,17,0,135,92.02,92.02,0.0,802.764805,0.0
2019-01-01,17,0,136,19.49,19.49,0.0,167.764596,0.0
2019-01-01,17,0,139,32.99,32.99,0.0,-2.236219,0.0
2019-01-01,17,0,140,47.74,47.74,0.0,-47740.0,0.0
2019-01-01,17,0,141,207.37,207.37,0.0,-109278.743657,0.0
2019-01-01,17,0,142,237.27,237.27,0.0,-125035.287204,0.0
2019-01-01,17,0,143,238.5,238.5,0.0,-999.271173,0.0
2019-01-01,17,0,145,30.0,30.0,0.0,-51.619032,0.0
2019-01-01,17,0,146,18.63,18.63,0.0,-18630.0,0.0
2019-01-01,17,0,152,4.57,4.57,0.0,26.668747,0.0
2019-01-01,17,0,153,5.65,5.65,0.0,32.235218,0.0
2019-01-01,17,0,154,48.01,48.01,0.0,-3.254346,0.0
2019-01-01,17,0,157,15.57,15.57,0.0,-8204.996088,0.0
2019-01-01,17,0,158,150.37,150.37,0.0,-79241.185725,0.0
2019-01-01,17,0,159,0.0,0.0,0.0,0.0,0.0
2019-01-01,17,0,160,1.39,1.39,0.0,8.998528,0.0
2019-01-01,17,0,161,33.23,33.23,0.0,-12378.450138,0.0
2019-01-01,17,0,162,162.5,162.5,0.0,3769.62103,0.0
2019-01-01,17,0,163,179.29,179.29,0.0,-179290.0,0.0
2019-01-01,17,0,164,13.66,13.66,0.0,-57.23289,0.0
2019-01-01,17,0,167,2.71,2.71,0.0,43.480782,0.0
2019-01-01,17,0,168,1.35,1.35,0.0,21.660168,0.0
2019-01-01,17,0,169,0.0,0.0,0.0,0.0,0.0
2019-01-01,17,0,170,2.96,2.96,0.0,47.491924,0.0
2019-01-01,17,0,172,3.8,3.8,0.0,290.838576,0.0
2019-01-01,17,0,173,5.79,5.79,0.0,443.146147,0.0
2019-01-01,17,0,188,4.88,4.88,0.0,456.058461,0.0
2019-01-01,17,0,190,4.13,4.13,0.0,766.704322,0.0
2019-01-01,17,0,191,10.66,10.66,0.0,1978.951106,0.0
2019-01-01,17,0,192,134.98,134.98,0.0,25058.050682,0.0
2019-01-01,17,0,194,52.95,52.95,0.0,-3747.573995,0.0
2019-01-01,17,0,196,2.61,2.61,0.0,912.945242,0.0
2019-01-01,17,0,198,5.88,5.88,0.0,50.834527,0.0
2019-01-01,17,0,199,130.0,130.0,0.0,-1273.819099,0.0
2019-01-01,17,0,200,10.07,10.07,0.0,-98.671987,0.0
2019-01-01,17,0,204,257.1,257.1,0.0,547.869752,0.0
2019-01-01,17,0,205,317.4,317.4,0.0,780.608979,0.0
2019-01-01,17,0,206,539.94,539.94,0.0,-2305.438912,0.0
2019-01-01,17,0,210,0.98,0.98,0.0,6.973176,0.0
2019-01-01,17,0,214,4.46,4.46,0.0,56.678632,0.0
2019-01-01,17,0,217,3.24,3.24,0.0,33.321415,0.0
2019-01-01,17,0,218,4.47,4.47,0.0,45.971211,0.0
2019-01-01,17,0,219,3.04,3.04,0.0,31.264537,0.0
2019-01-01,17,0,221,2.38,2.38,0.0,30.245548,0.0
2019-01-01,17,0,225,2.54,2.54,0.0,16.152199,0.0
2019-01-01,17,0,233,2.55,2.55,0.0,28.618686,0.0
2019-01-01,17,0,236,120.31,120.31,0.0,881.767063,0.0
2019-01-01,17,0,237,196.1,196.1,0.0,1135.308136,0.0
2019-01-01,17,0,238,31.96,31.96,0.0,261.12877,0.0
2019-01-01,17,0,240,6.96,6.96,0.0,32.078894,0.0
2019-01-01,17,0,245,41.46,41.46,0.0,376.695744,0.0
2019-01-01,17,0,247,50.5,50.5,0.0,458.831044,0.0
2019-01-01,17,0,248,19.95,19.95,0.0,115.499221,0.0
2019-01-01,17,0,249,79.73,79.73,0.0,724.407904,0.0
2019-01-01,17,0,251,48.43,48.43,0.0,409.108442,0.0
2019-01-01,17,0,252,70.96,70.96,0.0,611.197817,0.0
2019-01-01,17,0,254,8.82,8.82,0.0,47.16788,0.0
2019-01-01,17,0,255,4.04,4.04,0.0,21.605242,0.0
2019-01-01,17,0,258,8.61,8.61,0.0,40.186656,0.0
2019-01-01,17,0,260,3.38,3.38,0.0,21.881313,0.0
2019-01-01,17,0,265,49.71,49.71,0.0,-3.36958,0.0
2019-01-01,17,0,266,21.36,21.36,0.0,-1.447882,0.0
2019-01-01,17,0,267,26.25,26.25,0.0,-1.77935,0.0
2019-01-01,17,0,270,559.91,559.91,0.0,-559910.0,0.0
2019-01-01,17,0,272,150.39,150.39,0.0,-32121.059788,0.0
2019-01-01,17,0,273,11.15,11.15,0.0,-11150.0,0.0
2019-01-01,17,0,274,721.8,721.8,0.0,-721800.0,0.0
2019-01-01,17,0,275,1004.76,1004.76,0.0,-1004760.0,0.0
2019-01-01,17,0,276,2.5,2.5,0.0,-2235.958588,0.0
2019-01-01,17,0,277,3.87,3.87,0.0,-872.855759,0.0
2019-01-01,17,0,278,6.19,6.19,0.0,-1396.118126,0.0
2019-01-01,17,0,279,264.6,264.6,0.0,-59678.975145,0.0
2019-01-01,17,0,281,56.1,56.1,0.0,-235.048691,0.0
2019-01-01,17,0,282,190.86,190.86,0.0,-799.668327,0.0
2019-01-01,18,0,9,0.83,0.83,0.0,1.696534,0.0
2019-01-01,18,0,17,5.04,5.04,0.0,51.501273,0.0
2019-01-01,18,0,19,323.19,323.19,0.0,3302.519103,0.0
2019-01-01,18,0,20,393.55,393.55,0.0,4021.493218,0.0
2019-01-01,18,0,21,18.9,18.9,0.0,38.631929,0.0
2019-01-01,18,0,22,67.17,67.17,0.0,137.296649,0.0
2019-01-01,18,0,23,94.93,94.93,0.0,194.038572,0.0
2019-01-01,18,0,24,168.46,168.46,0.0,344.335172,0.0
2019-01-01,18,0,29,0.91,0.91,0.0,7.126096,0.0
2019-01-01,18,0,30,173.85,173.85,0.0,346.69528,0.0
2019-01-01,18,0,31,92.34,92.34,0.0,184.146345,0.0
2019-01-01,18,0,32,0.79,0.79,0.0,20.048098,0.0
2019-01-01,18,0,33,0.37,0.37,0.0,4.352634,0.0
2019-01-01,18,0,34,0.59,0.59,0.0,6.940687,0.0
2019-01-01,18,0,35,0.59,0.59,0.0,6.940687,0.0
2019-01-01,18,0,36,2.59,2.59,0.0,20.064958,0.0
2019-01-01,18,0,37,1.2,1.2,0.0,9.243301,0.0
2019-01-01,18,0,38,1.54,1.54,0.0,11.862236,0.0
2019-01-01,18,0,39,1.03,1.03,0.0,7.933833,0.0
2019-01-01,18,0,40,1.03,1.03,0.0,7.933833,0.0
2019-01-01,18,0,41,31.65,31.65,0.0,147.576706,0.0
2019-01-01,18,0,42,11.89,11.89,0.0,117.515107,0.0
2019-01-01,18,0,43,7.45,7.45,0.0,59.846791,0.0
2019-01-01,18,0,46,6.56,6.56,0.0,46.948252,0.0
2019-01-01,18,0,52,97.89,97.89,0.0,195.21427,0.0
2019-01-01,18,0,53,155.55,155.55,0.0,310.20104,0.0
2019-01-01,18,0,55,460.54,460.54,0.0,941.351775,0.0
2019-01-01,18,0,56,51.28,51.28,0.0,102.263641,0.0
2019-01-01,18,0,57,48.78,48.78,0.0,97.278089,0.0
2019-01-01,18,0,58,93.8,93.8,0.0,187.057908,0.0
2019-01-01,18,0,59,92.24,92.24,0.0,183.946923,0.0
2019-01-01,18,0,63,165.47,165.47,0.0,5365.787876,0.0
2019-01-01,18,0,64,194.68,194.68,0.0,6312.99682,0.0
2019-01-01,18,0,65,11.45,11.45,0.0,116.289401,0.0
2019-01-01,18,0,67,83.27,83.27,0.0,-2302.837414,0.0
2019-01-01,18,0,68,10.2,10.2,0.0,-145.176592,0.0
2019-01-01,18,0,69,0.37,0.37,0.0,4.352634,0.0
2019-01-01,18,0,74,55.41,55.41,0.0,465.905752,0.0
2019-01-01,18,0,77,60.0,60.0,0.0,-164.25306,0.0
2019-01-01,18,0,78,45.36,45.36,0.0,-124.175313,0.0
2019-01-01,18,0,79,26.25,26.25,0.0,-71.860714,0.0
2019-01-01,18,0,80,42.45,42.45,0.0,-116.20904,0.0
2019-01-01,18,0,81,55.5,55.5,0.0,-151.93408,0.0
2019-01-01,18,0,82,39.15,39.15,0.0,-107.175121,0.0
2019-01-01,18,0,83,87.3,87.3,0.0,-238.988202,0.0
2019-01-01,18,0,84,0.0,0.0,0.0,0.0,0.0
2019-01-01,18,0,86,1.86,1.86,0.0,21.880809,0.0
2019-01-01,18,0,87,9.47,9.47,0.0,111.403905,0.0
2019-01-01,18,0,88,51.18,51.18,0.0,-140.10786,0.0
2019-01-01,18,0,89,49.2,49.2,0.0,-134.687509,0.0
2019-01-01,18,0,90,66.06,66.06,0.0,-180.842619,0.0
2019-01-01,18,0,91,235.65,235.65,0.0,-645.103892,0.0
2019-01-01,18,0,92,84.75,84.75,0.0,-232.007447,0.0
2019-01-01,18,0,95,120.0,120.0,0.0,3078.88687,0.0
2019-01-01,18,0,96,29.88,29.88,0.0,58.03229,0.0
2019-01-01,18,0,97,183.75,183.75,0.0,356.875276,0.0
2019-01-01,18,0,99,10.69,10.69,0.0,89.885084,0.0
2019-01-01,18,0,101,3.5,3.5,0.0,6.979773,0.0
2019-01-01,18,0,102,24.15,24.15,0.0,-343.72693,0.0
2019-01-01,18,0,103,21.0,21.0,0.0,-298.892983,0.0
2019-01-01,18,0,104,3.9,3.9,0.0,-55.508697,0.0
2019-01-01,18,0,106,66.12,66.12,0.0,135.150431,0.0
2019-01-01,18,0,109,60.0,60.0,0.0,379.845266,0.0
2019-01-01,18,0,110,46.14,46.14,0.0,-3172.480555,0.0
2019-01-01,18,0,111,5.49,5.49,0.0,25.598613,0.0
2019-01-01,18,0,113,45.0,45.0,0.0,-47.648475,0.0
2019-01-01,18,0,115,45.0,45.0,0.0,-47.648475,0.0
2019-01-01,18,0,116,19.05,19.05,0.0,-1309.834299,0.0
2019-01-01,18,0,117,3.0,3.0,0.0,-3.176565,0.0
2019-01-01,18,0,119,194.68,194.68,0.0,6312.99682,0.0
2019-01-01,18,0,120,114.47,114.47,0.0,3711.982463,0.0
2019-01-01,18,0,123,1.1,1.1,0.0,2.248419,0.0
2019-01-01,18,0,125,152.35,152.35,0.0,311.406051,0.0
2019-01-01,18,0,126,49.59,49.59,0.0,101.362823,0.0
2019-01-01,18,0,127,63.64,63.64,0.0,130.081268,0.0
2019-01-01,18,0,128,218.77,218.77,0.0,447.169687,0.0
2019-01-01,18,0,131,30.0,30.0,0.0,-319.45135,0.0
2019-01-01,18,0,132,44.1,44.1,0.0,-469.593484,0.0
2019-01-01,18,0,133,85.2,85.2,0.0,871.116254,0.0
2019-01-01,18,0,134,0.0,0.0,0.0,0.0,0.0
2019-01-01,18,0,135,114.17,114.17,0.0,1167.31623,0.0
2019-01-01,18,0,136,19.67,19.67,0.0,199.706823,0.0
2019-01-01,18,0,139,40.87,40.87,0.0,190.567456,0.0
2019-01-01,18,0,140,34.15,34.15,0.0,-2348.07566,0.0
2019-01-01,18,0,141,222.16,222.16,0.0,-6143.849644,0.0
2019-01-01,18,0,142,109.81,109.81,0.0,-3036.802887,0.0
2019-01-01,18,0,143,176.17,176.17,0.0,351.321872,0.0
2019-01-01,18,0,145,30.0,30.0,0.0,108.130277,0.0
2019-01-01,18,0,146,16.82,16.82,0.0,-1156.504615,0.0
2019-01-01,18,0,152,2.0,2.0,0.0,16.900889,0.0
2019-01-01,18,0,153,2.46,2.46,0.0,20.591534,0.0
2019-01-01,18,0,154,22.64,22.64,0.0,105.565138,0.0
2019-01-01,18,0,157,15.34,15.34,0.0,-424.228725,0.0
2019-01-01,18,0,158,68.38,68.38,0.0,-1891.053469,0.0
2019-01-01,18,0,159,0.0,0.0,0.0,0.0,0.0
2019-01-01,18,0,160,0.55,0.55,0.0,5.006028,0.0
2019-01-01,18,0,161,14.83,14.83,0.0,-211.075378,0.0
2019-01-01,18,0,162,121.92,121.92,0.0,3137.339995,0.0
2019-01-01,18,0,163,153.08,153.08,0.0,-10525.429636,0.0
2019-01-01,18,0,164,7.26,7.26,0.0,14.478043,0.0
2019-01-01,18,0,167,0.85,0.85,0.0,21.639848,0.0
2019-01-01,18,0,168,0.42,0.42,0.0,10.692631,0.0
2019-01-01,18,0,169,0.0,0.0,0.0,0.0,0.0
2019-01-01,18,0,170,0.93,0.93,0.0,23.67654,0.0
2019-01-01,18,0,172,1.23,1.23,0.0,28.807262,0.0
2019-01-01,18,0,173,1.88,1.88,0.0,44.030613,0.0
2019-01-01,18,0,188,1.63,1.63,0.0,39.352879,0.0
2019-01-01,18,0,190,1.54,1.54,0.0,49.938438,0.0
2019-01-01,18,0,191,3.98,3.98,0.0,129.061677,0.0
2019-01-01,18,0,192,77.7,77.7,0.0,2519.621188,0.0
2019-01-01,18,0,194,98.98,98.98,0.0,1039.112829,0.0
2019-01-01,18,0,196,1.03,1.03,0.0,47.886943,0.0
2019-01-01,18,0,198,2.22,2.22,0.0,21.085353,0.0
2019-01-01,18,0,199,130.0,130.0,0.0,1609.974635,0.0
2019-01-01,18,0,200,3.62,3.62,0.0,44.831601,0.0
2019-01-01,18,0,204,250.46,250.46,0.0,1533.58912,0.0
2019-01-01,18,0,205,317.4,317.4,0.0,2009.38146,0.0
2019-01-01,18,0,206,539.94,539.94,0.0,1048.659791,0.0
2019-01-01,18,0,210,0.32,0.32,0.0,2.655373,0.0
2019-01-01,18,0,214,1.63,1.63,0.0,20.665874,0.0
2019-01-01,18,0,217,1.13,1.13,0.0,12.163592,0.0
2019-01-01,18,0,218,1.56,1.56,0.0,16.792216,0.0
2019-01-01,18,0,219,1.06,1.06,0.0,11.410095,0.0
2019-01-01,18,0,221,0.87,0.87,0.0,11.030252,0.0
2019-01-01,18,0,225,0.86,0.86,0.0,6.695753,0.0
2019-01-01,18,0,233,1.05,1.05,0.0,12.35207,0.0
2019-01-01,18,0,236,125.55,125.55,0.0,1175.970579,0.0
2019-01-01,18,0,237,132.92,132.92,0.0,1117.635671,0.0
2019-01-01,18,0,238,15.47,15.47,0.0,152.898125,0.0
2019-01-01,18,0,240,2.94,2.94,0.0,22.776438,0.0
2019-01-01,18,0,245,39.99,39.99,0.0,417.788849,0.0
2019-01-01,18,0,247,48.32,48.32,0.0,504.815133,0.0
2019-01-01,18,0,248,13.34,13.34,0.0,112.167167,0.0
2019-01-01,18,0,249,76.9,76.9,0.0,803.399912,0.0
2019-01-01,18,0,251,55.29,55.29,0.0,555.891925,0.0
2019-01-01,18,0,252,73.86,73.86,0.0,750.142808,0.0
2019-01-01,18,0,254,3.56,3.56,0.0,29.552669,0.0
2019-01-01,18,0,255,1.63,1.63,0.0,13.531138,0.0
2019-01-01,18,0,258,3.62,3.62,0.0,28.211693,0.0
2019-01-01,18,0,260,1.35,1.35,0.0,12.287522,0.0
2019-01-01,18,0,265,23.44,23.44,0.0,109.295355,0.0
2019-01-01,18,0,266,26.47,26.47,0.0,123.423551,0.0
2019-01-01,18,0,267,32.52,32.52,0.0,151.633317,0.0
2019-01-01,18,0,270,478.06,478.06,0.0,-32870.308934,0.0
2019-01-01,18,0,272,150.39,150.39,0.0,-159.241204,0.0
2019-01-01,18,0,273,4.56,4.56,0.0,-313.535139,0.0
2019-01-01,18,0,274,616.27,616.27,0.0,-42373.311481,0.0
2019-01-01,18,0,275,857.86,857.86,0.0,-58984.485676,0.0
2019-01-01,18,0,276,1.04,1.04,0.0,-61.963568,0.0
2019-01-01,18,0,277,1.65,1.65,0.0,-2.857588,0.0
2019-01-01,18,0,278,2.64,2.64,0.0,-4.57214,0.0
2019-01-01,18,0,279,264.6,264.6,0.0,-458.25315,0.0
2019-01-01,18,0,281,41.41,41.41,0.0,82.580682,0.0
2019-01-01,18,0,282,95.37,95.37,0.0,190.188834,0.0
2019-01-01,19,0,9,0.0,0.0,0.0,0.0,0.0
2019-01-01,19,0,17,0.0,0.0,0.0,0.0,0.0
2019-01-01,19,0,19,615.51,615.51,0.0,3428.072012,0.0
2019-01-01,19,0,20,748.14,748.14,0.0,4166.752441,0.0
2019-01-01,19,0,21,0.0,0.0,0.0,0.0,0.0
2019-01-01,19,0,22,0.0,0.0,0.0,0.0,0.0
2019-01-01,19,0,23,108.8,108.8,0.0,673.050136,0.0
2019-01-01,19,0,24,192.5,192.5,0.0,1190.828596,0.0
2019-01-01,19,0,29,0.0,0.0,0.0,0.0,0.0
2019-01-01,19,0,30,0.0,0.0,0.0,0.0,0.0
2019-01-01,19,0,31,37.5,37.5,0.0,230.967434,0.0
2019-01-01,19,0,32,0.0,0.0,0.0,0.0,0.0
2019-01-01,19,0,33,0.0,0.0,0.0,0.0,0.0
2019-01-01,19,0,34,0.0,0.0,0.0,0.0,0.0
2019-01-01,19,0,35,0.0,0.0,0.0,0.0,0.0
2019-01-01,19,0,36,0.0,0.0,0.0,0.0,0.0
2019-01-01,19,0,37,0.0,0.0,0.0,0.0,0.0
2019-01-01,19,0,38,0.0,0.0,0.0,0.0,0.0
2019-01-01,19,0,39,0.0,0.0,0.0,0.0,0.0
2019-01-01,19,0,40,0.0,0.0,0.0,0.0,0.0
2019-01-01,19,0,41,34.8,34.8,0.0,265.506728,0.0
2019-01-01,19,0,42,0.0,0.0,0.0,0.0,0.0
2019-01-01,19,0,43,0.0,0.0,0.0,0.0,0.0
2019-01-01,19,0,46,0.0,0.0,0.0,0.0,0.0
2019-01-01,19,0,52,39.75,39.75,0.0,244.82548,0.0
2019-01-01,19,0,53,63.15,63.15,0.0,388.949158,0.0
2019-01-01,19,0,55,186.9,186.9,0.0,1156.18631,0.0
2019-01-01,19,0,56,0.0,0.0,0.0,0.0,0.0
2019-01-01,19,0,57,0.0,0.0,0.0,0.0,0.0
2019-01-01,19,0,58,0.0,0.0,0.0,0.0,0.0
2019-01-01,19,0,59,0.0,0.0,0.0,0.0,0.0
2019-01-01,19,0,63,113.24,113.24,0.0,3375.496259,0.0
2019-01-01,19,0,64,133.22,133.22,0.0,3971.066863,0.0
2019-01-01,19,0,65,12.68,12.68,0.0,96.728235,0.0
2019-01-01,19,0,67,0.0,0.0,0.0,-0.0,0.0
2019-01-01,19,0,68,12.55,12.55,0.0,-57.771526,0.0
2019-01-01,19,0,69,0.0,0.0,0.0,0.0,0.0
2019-01-01,19,0,74,61.55,61.55,0.0,603.366037,0.0
2019-01-01,19,0,77,60.0,60.0,0.0,215.97708,0.0
2019-01-01,19,0,78,45.36,45.36,0.0,163.278673,0.0
2019-01-01,19,0,79,26.25,26.25,0.0,94.489973,0.0
2019-01-01,19,0,80,42.45,42.45,0.0,152.803784,0.0
2019-01-01,19,0,81,55.5,55.5,0.0,199.778799,0.0
2019-01-01,19,0,82,39.15,39.15,0.0,140.925045,0.0
2019-01-01,19,0,83,87.3,87.3,0.0,314.246652,0.0
2019-01-01,19,0,84,0.0,0.0,0.0,0.0,0.0
2019-01-01,19,0,86,0.0,0.0,0.0,0.0,0.0
2019-01-01,19,0,87,0.0,0.0,0.0,0.0,0.0
2019-01-01,19,0,88,51.18,51.18,0.0,184.22845,0.0
2019-01-01,19,0,89,49.2,49.2,0.0,177.101206,0.0
2019-01-01,19,0,90,66.06,66.06,0.0,237.790766,0.0
2019-01-01,19,0,91,235.65,235.65,0.0,848.249983,0.0
2019-01-01,19,0,92,84.75,84.75,0.0,305.067626,0.0
2019-01-01,19,0,95,69.75,69.75,0.0,1749.410179,0.0
2019-01-01,19,0,96,29.88,29.88,0.0,183.191988,0.0
2019-01-01,19,0,97,183.75,183.75,0.0,1126.557156,0.0
2019-01-01,19,0,99,11.88,11.88,0.0,116.457977,0.0
2019-01-01,19,0,101,0.0,0.0,0.0,0.0,0.0
2019-01-01,19,0,102,35.91,35.91,0.0,-165.30482,0.0
2019-01-01,19,0,103,30.13,30.13,0.0,-138.697695,0.0
2019-01-01,19,0,104,4.3,4.3,0.0,-19.794228,0.0
2019-01-01,19,0,106,0.0,0.0,0.0,0.0,0.0
2019-01-01,19,0,109,46.58,46.58,0.0,395.455809,0.0
2019-01-01,19,0,110,36.04,36.04,0.0,-1577.883414,0.0
2019-01-01,19,0,111,0.0,0.0,0.0,0.0,0.0
2019-01-01,19,0,113,45.0,45.0,0.0,224.686723,0.0
2019-01-01,19,0,115,45.0,45.0,0.0,224.686723,0.0
2019-01-01,19,0,116,0.0,0.0,0.0,-0.0,0.0
2019-01-01,19,0,117,3.0,3.0,0.0,14.979115,0.0
2019-01-01,19,0,119,133.22,133.22,0.0,3971.066863,0.0
2019-01-01,19,0,120,78.33,78.33,0.0,2334.88716,0.0
2019-01-01,19,0,123,0.0,0.0,0.0,0.0,0.0
2019-01-01,19,0,125,174.2,174.2,0.0,1077.622553,0.0
2019-01-01,19,0,126,0.0,0.0,0.0,0.0,0.0
2019-01-01,19,0,127,0.0,0.0,0.0,0.0,0.0
2019-01-01,19,0,128,249.5,249.5,0.0,1543.437583,0.0
2019-01-01,19,0,131,30.0,30.0,0.0,-60.828545,0.0
2019-01-01,19,0,132,44.1,44.1,0.0,-89.417962,0.0
2019-01-01,19,0,133,85.0,85.0,0.0,757.624701,0.0
2019-01-01,19,0,134,0.0,0.0,0.0,0.0,0.0
2019-01-01,19,0,135,115.18,115.18,0.0,1026.626036,0.0
2019-01-01,19,0,136,19.94,19.94,0.0,154.364326,0.0
2019-01-01,19,0,139,44.94,44.94,0.0,342.869895,0.0
2019-01-01,19,0,140,26.67,26.67,0.0,-1167.651239,0.0
2019-01-01,19,0,141,230.0,230.0,0.0,-3276.945872,0.0
2019-01-01,19,0,142,0.0,0.0,0.0,-0.0,0.0
2019-01-01,19,0,143,71.55,71.55,0.0,440.685863,0.0
2019-01-01,19,0,145,26.62,26.62,0.0,187.013894,0.0
2019-01-01,19,0,146,19.35,19.35,0.0,-847.171034,0.0
2019-01-01,19,0,152,0.0,0.0,0.0,0.0,0.0
2019-01-01,19,0,153,0.0,0.0,0.0,0.0,0.0
2019-01-01,19,0,154,0.0,0.0,0.0,0.0,0.0
2019-01-01,19,0,157,15.68,15.68,0.0,-223.402223,0.0
2019-01-01,19,0,158,0.0,0.0,0.0,-0.0,0.0
2019-01-01,19,0,159,0.0,0.0,0.0,0.0,0.0
2019-01-01,19,0,160,0.0,0.0,0.0,0.0,0.0
2019-01-01,19,0,161,0.0,0.0,0.0,-0.0,0.0
2019-01-01,19,0,162,60.56,60.56,0.0,1522.026106,0.0
2019-01-01,19,0,163,132.8,132.8,0.0,-5814.176398,0.0
2019-01-01,19,0,164,0.0,0.0,0.0,0.0,0.0
2019-01-01,19,0,167,0.0,0.0,0.0,0.0,0.0
2019-01-01,19,0,168,0.0,0.0,0.0,0.0,0.0
2019-01-01,19,0,169,0.0,0.0,0.0,0.0,0.0
2019-01-01,19,0,170,0.0,0.0,0.0,0.0,0.0
2019-01-01,19,0,172,0.0,0.0,0.0,0.0,0.0
2019-01-01,19,0,173,0.0,0.0,0.0,0.0,0.0
2019-01-01,19,0,188,0.0,0.0,0.0,0.0,0.0
2019-01-01,19,0,190,0.0,0.0,0.0,0.0,0.0
2019-01-01,19,0,191,0.0,0.0,0.0,0.0,0.0
2019-01-01,19,0,192,42.13,42.13,0.0,1255.825304,0.0
2019-01-01,19,0,194,176.5,176.5,0.0,2377.792608,0.0
2019-01-01,19,0,196,0.0,0.0,0.0,0.0,0.0
2019-01-01,19,0,198,0.0,0.0,0.0,0.0,0.0
2019-01-01,19,0,199,130.0,130.0,0.0,1559.066883,0.0
2019-01-01,19,0,200,0.0,0.0,0.0,0.0,0.0
2019-01-01,19,0,204,169.39,169.39,0.0,1417.502809,0.0
2019-01-01,19,0,205,246.43,246.43,0.0,2092.146309,0.0
2019-01-01,19,0,206,539.94,539.94,0.0,3310.330725,0.0
2019-01-01,19,0,210,0.0,0.0,0.0,0.0,0.0
2019-01-01,19,0,214,0.0,0.0,0.0,0.0,0.0
2019-01-01,19,0,217,0.0,0.0,0.0,0.0,0.0
2019-01-01,19,0,218,0.0,0.0,0.0,0.0,0.0
2019-01-01,19,0,219,0.0,0.0,0.0,0.0,0.0
2019-01-01,19,0,221,0.0,0.0,0.0,0.0,0.0
2019-01-01,19,0,225,0.0,0.0,0.0,0.0,0.0
2019-01-01,19,0,233,0.0,0.0,0.0,0.0,0.0
2019-01-01,19,0,236,131.27,131.27,0.0,1353.086634,0.0
2019-01-01,19,0,237,147.64,147.64,0.0,1447.294259,0.0
2019-01-01,19,0,238,0.0,0.0,0.0,0.0,0.0
2019-01-01,19,0,240,0.0,0.0,0.0,0.0,0.0
2019-01-01,19,0,245,41.64,41.64,0.0,372.480327,0.0
2019-01-01,19,0,247,51.09,51.09,0.0,457.012965,0.0
2019-01-01,19,0,248,14.82,14.82,0.0,145.278386,0.0
2019-01-01,19,0,249,80.09,80.09,0.0,716.425297,0.0
2019-01-01,19,0,251,74.81,74.81,0.0,626.767271,0.0
2019-01-01,19,0,252,81.8,81.8,0.0,624.003911,0.0
2019-01-01,19,0,254,0.0,0.0,0.0,0.0,0.0
2019-01-01,19,0,255,0.0,0.0,0.0,0.0,0.0
2019-01-01,19,0,258,0.0,0.0,0.0,0.0,0.0
2019-01-01,19,0,260,0.0,0.0,0.0,0.0,0.0
2019-01-01,19,0,265,0.0,0.0,0.0,0.0,0.0
2019-01-01,19,0,266,29.1,29.1,0.0,222.018557,0.0
2019-01-01,19,0,267,35.76,35.76,0.0,272.831052,0.0
2019-01-01,19,0,270,414.72,414.72,0.0,-18157.042439,0.0
2019-01-01,19,0,272,150.39,150.39,0.0,750.903028,0.0
2019-01-01,19,0,273,0.0,0.0,0.0,-0.0,0.0
2019-01-01,19,0,274,534.62,534.62,0.0,-23406.438148,0.0
2019-01-01,19,0,275,744.21,744.21,0.0,-32582.591999,0.0
2019-01-01,19,0,276,0.0,0.0,0.0,-0.0,0.0
2019-01-01,19,0,277,0.0,0.0,0.0,0.0,0.0
2019-01-01,19,0,278,0.0,0.0,0.0,0.0,0.0
2019-01-01,19,0,279,264.6,264.6,0.0,1173.340549,0.0
2019-01-01,19,0,281,16.83,16.83,0.0,103.658184,0.0
2019-01-01,19,0,282,0.0,0.0,0.0,0.0,0.0
2019-01-01,20,0,9,0.0,0.0,0.0,0.0,0.0
2019-01-01,20,0,17,0.0,0.0,0.0,0.0,0.0
2019-01-01,20,0,19,643.3,643.3,0.0,3478.266491,0.0
2019-01-01,20,0,20,780.2,780.2,0.0,4218.472745,0.0
2019-01-01,20,0,21,0.0,0.0,0.0,0.0,0.0
2019-01-01,20,0,22,0.0,0.0,0.0,0.0,0.0
2019-01-01,20,0,23,86.41,86.41,0.0,878.188287,0.0
2019-01-01,20,0,24,152.88,152.88,0.0,1553.725557,0.0
2019-01-01,20,0,29,0.0,0.0,0.0,0.0,0.0
2019-01-01,20,0,30,0.0,0.0,0.0,0.0,0.0
2019-01-01,20,0,31,37.5,37.5,0.0,380.70095,0.0
2019-01-01,20,0,32,0.0,0.0,0.0,0.0,0.0
2019-01-01,20,0,33,0.0,0.0,0.0,0.0,0.0
2019-01-01,20,0,34,0.0,0.0,0.0,0.0,0.0
2019-01-01,20,0,35,0.0,0.0,0.0,0.0,0.0
2019-01-01,20,0,36,0.0,0.0,0.0,0.0,0.0
2019-01-01,20,0,37,0.0,0.0,0.0,0.0,0.0
2019-01-01,20,0,38,0.0,0.0,0.0,0.0,0.0
2019-01-01,20,0,39,0.0,0.0,0.0,0.0,0.0
2019-01-01,20,0,40,0.0,0.0,0.0,0.0,0.0
2019-01-01,20,0,41,49.52,49.52,0.0,534.857055,0.0
2019-01-01,20,0,42,0.0,0.0,0.0,0.0,0.0
2019-01-01,20,0,43,0.0,0.0,0.0,0.0,0.0
2019-01-01,20,0,46,0.0,0.0,0.0,0.0,0.0
2019-01-01,20,0,52,39.75,39.75,0.0,403.543007,0.0
2019-01-01,20,0,53,63.15,63.15,0.0,641.1004,0.0
2019-01-01,20,0,55,186.9,186.9,0.0,1899.472178,0.0
2019-01-01,20,0,56,0.0,0.0,0.0,0.0,0.0
2019-01-01,20,0,57,0.0,0.0,0.0,0.0,0.0
2019-01-01,20,0,58,0.0,0.0,0.0,0.0,0.0
2019-01-01,20,0,59,0.0,0.0,0.0,0.0,0.0
2019-01-01,20,0,63,87.18,87.18,0.0,2370.347482,0.0
2019-01-01,20,0,64,102.56,102.56,0.0,2788.516147,0.0
2019-01-01,20,0,65,13.87,13.87,0.0,110.216687,0.0
2019-01-01,20,0,67,0.0,0.0,0.0,0.0,0.0
2019-01-01,20,0,68,8.23,8.23,0.0,92.491817,0.0
2019-01-01,20,0,69,0.0,0.0,0.0,0.0,0.0
2019-01-01,20,0,74,59.36,59.36,0.0,710.302654,0.0
2019-01-01,20,0,77,75.45,75.45,0.0,687.964974,0.0
2019-01-01,20,0,78,57.28,57.28,0.0,522.288054,0.0
2019-01-01,20,0,79,33.34,33.34,0.0,303.999367,0.0
2019-01-01,20,0,80,53.65,53.65,0.0,489.189143,0.0
2019-01-01,20,0,81,69.88,69.88,0.0,637.176837,0.0
2019-01-01,20,0,82,49.53,49.53,0.0,451.622335,0.0
2019-01-01,20,0,83,108.93,108.93,0.0,993.240883,0.0
2019-01-01,20,0,84,0.0,0.0,0.0,0.0,0.0
2019-01-01,20,0,86,0.0,0.0,0.0,0.0,0.0
2019-01-01,20,0,87,0.0,0.0,0.0,0.0,0.0
2019-01-01,20,0,88,77.96,77.96,0.0,710.851549,0.0
2019-01-01,20,0,89,74.95,74.95,0.0,683.405895,0.0
2019-01-01,20,0,90,100.56,100.56,0.0,916.921905,0.0
2019-01-01,20,0,91,358.03,358.03,0.0,3264.573884,0.0
2019-01-01,20,0,92,128.94,128.94,0.0,1175.695212,0.0
2019-01-01,20,0,95,80.23,80.23,0.0,2182.75177,0.0
2019-01-01,20,0,96,23.22,23.22,0.0,235.462733,0.0
2019-01-01,20,0,97,167.68,167.68,0.0,1700.361373,0.0
2019-01-01,20,0,99,11.46,11.46,0.0,137.130533,0.0
2019-01-01,20,0,101,0.0,0.0,0.0,0.0,0.0
2019-01-01,20,0,102,19.49,19.49,0.0,219.035907,0.0
2019-01-01,20,0,103,16.95,16.95,0.0,190.490437,0.0
2019-01-01,20,0,104,3.15,3.15,0.0,35.400878,0.0
2019-01-01,20,0,106,0.0,0.0,0.0,0.0,0.0
2019-01-01,20,0,109,37.58,37.58,0.0,415.758927,0.0
2019-01-01,20,0,110,0.0,0.0,0.0,0.0,0.0
2019-01-01,20,0,111,0.0,0.0,0.0,0.0,0.0
2019-01-01,20,0,113,36.6,36.6,0.0,305.693653,0.0
2019-01-01,20,0,115,36.6,36.6,0.0,305.693653,0.0
2019-01-01,20,0,116,0.0,0.0,0.0,0.0,0.0
2019-01-01,20,0,117,2.44,2.44,0.0,20.379577,0.0
2019-01-01,20,0,119,102.56,102.56,0.0,2788.516147,0.0
2019-01-01,20,0,120,60.31,60.31,0.0,1639.775827,0.0
2019-01-01,20,0,123,0.0,0.0,0.0,0.0,0.0
2019-01-01,20,0,125,138.35,138.35,0.0,1406.056586,0.0
2019-01-01,20,0,126,0.0,0.0,0.0,0.0,0.0
2019-01-01,20,0,127,0.0,0.0,0.0,0.0,0.0
2019-01-01,20,0,128,198.16,198.16,0.0,2013.908009,0.0
2019-01-01,20,0,131,28.67,28.67,0.0,302.059994,0.0
2019-01-01,20,0,132,42.15,42.15,0.0,444.081923,0.0
2019-01-01,20,0,133,74.23,74.23,0.0,645.478924,0.0
2019-01-01,20,0,134,0.0,0.0,0.0,0.0,0.0
2019-01-01,20,0,135,98.92,98.92,0.0,860.174797,0.0
2019-01-01,20,0,136,20.61,20.61,0.0,166.648787,0.0
2019-01-01,20,0,139,66.28,66.28,0.0,715.87895,0.0
2019-01-01,20,0,140,0.0,0.0,0.0,0.0,0.0
2019-01-01,20,0,141,138.07,138.07,0.0,1914.925513,0.0
2019-01-01,20,0,142,0.0,0.0,0.0,0.0,0.0
2019-01-01,20,0,143,60.02,60.02,0.0,609.324561,0.0
2019-01-01,20,0,145,17.0,17.0,0.0,178.367129,0.0
2019-01-01,20,0,146,5.32,5.32,0.0,116.645125,0.0
2019-01-01,20,0,152,0.0,0.0,0.0,0.0,0.0
2019-01-01,20,0,153,0.0,0.0,0.0,0.0,0.0
2019-01-01,20,0,154,0.0,0.0,0.0,0.0,0.0
2019-01-01,20,0,157,5.34,5.34,0.0,74.061724,0.0
2019-01-01,20,0,158,0.0,0.0,0.0,0.0,0.0
2019-01-01,20,0,159,0.0,0.0,0.0,0.0,0.0
2019-01-01,20,0,160,0.0,0.0,0.0,0.0,0.0
2019-01-01,20,0,161,0.0,0.0,0.0,0.0,0.0
2019-01-01,20,0,162,64.72,64.72,0.0,1761.125604,0.0
2019-01-01,20,0,163,83.3,83.3,0.0,1826.417084,0.0
2019-01-01,20,0,164,0.0,0.0,0.0,0.0,0.0
2019-01-01,20,0,167,0.0,0.0,0.0,0.0,0.0
2019-01-01,20,0,168,0.0,0.0,0.0,0.0,0.0
2019-01-01,20,0,169,0.0,0.0,0.0,0.0,0.0
2019-01-01,20,0,170,0.0,0.0,0.0,0.0,0.0
2019-01-01,20,0,172,0.0,0.0,0.0,0.0,0.0
2019-01-01,20,0,173,0.0,0.0,0.0,0.0,0.0
2019-01-01,20,0,188,0.0,0.0,0.0,0.0,0.0
2019-01-01,20,0,190,0.0,0.0,0.0,0.0,0.0
2019-01-01,20,0,191,0.0,0.0,0.0,0.0,0.0
2019-01-01,20,0,192,24.76,24.76,0.0,673.202611,0.0
2019-01-01,20,0,194,156.76,156.76,0.0,890.305171,0.0
2019-01-01,20,0,196,0.0,0.0,0.0,0.0,0.0
2019-01-01,20,0,198,0.0,0.0,0.0,0.0,0.0
2019-01-01,20,0,199,130.0,130.0,0.0,1186.049756,0.0
2019-01-01,20,0,200,0.0,0.0,0.0,0.0,0.0
2019-01-01,20,0,204,254.68,254.68,0.0,2800.071943,0.0
2019-01-01,20,0,205,198.8,198.8,0.0,2199.384639,0.0
2019-01-01,20,0,206,635.21,635.21,0.0,6441.355841,0.0
2019-01-01,20,0,210,0.0,0.0,0.0,0.0,0.0
2019-01-01,20,0,214,0.0,0.0,0.0,0.0,0.0
2019-01-01,20,0,217,0.0,0.0,0.0,0.0,0.0
2019-01-01,20,0,218,0.0,0.0,0.0,0.0,0.0
2019-01-01,20,0,219,0.0,0.0,0.0,0.0,0.0
2019-01-01,20,0,221,0.0,0.0,0.0,0.0,0.0
2019-01-01,20,0,225,0.0,0.0,0.0,0.0,0.0
2019-01-01,20,0,233,0.0,0.0,0.0,0.0,0.0
2019-01-01,20,0,236,126.13,126.13,0.0,1537.529936,0.0
2019-01-01,20,0,237,142.4,142.4,0.0,1703.960546,0.0
2019-01-01,20,0,238,0.0,0.0,0.0,0.0,0.0
2019-01-01,20,0,240,0.0,0.0,0.0,0.0,0.0
2019-01-01,20,0,245,98.55,98.55,0.0,893.523773,0.0
2019-01-01,20,0,247,67.04,67.04,0.0,607.8319,0.0
2019-01-01,20,0,248,14.29,14.29,0.0,170.994355,0.0
2019-01-01,20,0,249,189.44,189.44,0.0,1717.596587,0.0
2019-01-01,20,0,251,71.35,71.35,0.0,641.593737,0.0
2019-01-01,20,0,252,89.45,89.45,0.0,710.806245,0.0
2019-01-01,20,0,254,0.0,0.0,0.0,0.0,0.0
2019-01-01,20,0,255,0.0,0.0,0.0,0.0,0.0
2019-01-01,20,0,258,0.0,0.0,0.0,0.0,0.0
2019-01-01,20,0,260,0.0,0.0,0.0,0.0,0.0
2019-01-01,20,0,265,0.0,0.0,0.0,0.0,0.0
2019-01-01,20,0,266,40.39,40.39,0.0,436.245486,0.0
2019-01-01,20,0,267,51.08,51.08,0.0,551.706348,0.0
2019-01-01,20,0,270,260.16,260.16,0.0,5704.209707,0.0
2019-01-01,20,0,272,122.3,122.3,0.0,1021.484528,0.0
2019-01-01,20,0,273,0.0,0.0,0.0,0.0,0.0
2019-01-01,20,0,274,335.37,335.37,0.0,7353.247269,0.0
2019-01-01,20,0,275,466.85,466.85,0.0,10236.048208,0.0
2019-01-01,20,0,276,0.0,0.0,0.0,0.0,0.0
2019-01-01,20,0,277,0.0,0.0,0.0,0.0,0.0
2019-01-01,20,0,278,0.0,0.0,0.0,0.0,0.0
2019-01-01,20,0,279,541.43,541.43,0.0,4688.424262,0.0
2019-01-01,20,0,281,16.83,16.83,0.0,170.858586,0.0
2019-01-01,20,0,282,0.0,0.0,0.0,0.0,0.0
2019-01-01,21,0,9,0.0,0.0,0.0,0.0,0.0
2019-01-01,21,0,17,0.0,0.0,0.0,0.0,0.0
2019-01-01,21,0,19,643.3,643.3,0.0,291.991847,0.0
2019-01-01,21,0,20,780.2,780.2,0.0,354.130327,0.0
2019-01-01,21,0,21,0.0,0.0,0.0,0.0,0.0
2019-01-01,21,0,22,0.0,0.0,0.0,0.0,0.0
2019-01-01,21,0,23,51.2,51.2,0.0,641.851855,0.0
2019-01-01,21,0,24,90.59,90.59,0.0,1135.651553,0.0
2019-01-01,21,0,29,0.0,0.0,0.0,0.0,0.0
2019-01-01,21,0,30,0.0,0.0,0.0,0.0,0.0
2019-01-01,21,0,31,28.29,28.29,0.0,354.212388,0.0
2019-01-01,21,0,32,0.0,0.0,0.0,0.0,0.0
2019-01-01,21,0,33,0.0,0.0,0.0,0.0,0.0
2019-01-01,21,0,34,0.0,0.0,0.0,0.0,0.0
2019-01-01,21,0,35,0.0,0.0,0.0,0.0,0.0
2019-01-01,21,0,36,0.0,0.0,0.0,0.0,0.0
2019-01-01,21,0,37,0.0,0.0,0.0,0.0,0.0
2019-01-01,21,0,38,0.0,0.0,0.0,0.0,0.0
2019-01-01,21,0,39,0.0,0.0,0.0,0.0,0.0
2019-01-01,21,0,40,0.0,0.0,0.0,0.0,0.0
2019-01-01,21,0,41,65.0,65.0,0.0,879.684945,0.0
2019-01-01,21,0,42,0.0,0.0,0.0,0.0,0.0
2019-01-01,21,0,43,0.0,0.0,0.0,0.0,0.0
2019-01-01,21,0,46,0.0,0.0,0.0,0.0,0.0
2019-01-01,21,0,52,29.99,29.99,0.0,375.497686,0.0
2019-01-01,21,0,53,47.65,47.65,0.0,596.614362,0.0
2019-01-01,21,0,55,130.7,130.7,0.0,1638.477294,0.0
2019-01-01,21,0,56,0.0,0.0,0.0,0.0,0.0
2019-01-01,21,0,57,0.0,0.0,0.0,0.0,0.0
2019-01-01,21,0,58,0.0,0.0,0.0,0.0,0.0
2019-01-01,21,0,59,0.0,0.0,0.0,0.0,0.0
2019-01-01,21,0,63,67.18,67.18,0.0,2178.483287,0.0
2019-01-01,21,0,64,79.04,79.04,0.0,2563.074115,0.0
2019-01-01,21,0,65,15.49,15.49,0.0,69.387227,0.0
2019-01-01,21,0,67,0.0,0.0,0.0,0.0,0.0
2019-01-01,21,0,68,4.8,4.8,0.0,65.210841,0.0
2019-01-01,21,0,69,0.0,0.0,0.0,0.0,0.0
2019-01-01,21,0,74,58.25,58.25,0.0,921.36361,0.0
2019-01-01,21,0,77,91.86,91.86,0.0,1019.435315,0.0
2019-01-01,21,0,78,69.58,69.58,0.0,772.178415,0.0
2019-01-01,21,0,79,40.36,40.36,0.0,447.903433,0.0
2019-01-01,21,0,80,65.14,65.14,0.0,722.904598,0.0
2019-01-01,21,0,81,85.02,85.02,0.0,943.527003,0.0
2019-01-01,21,0,82,60.1,60.1,0.0,666.972158,0.0
2019-01-01,21,0,83,133.17,133.17,0.0,1477.881569,0.0
2019-01-01,21,0,84,0.0,0.0,0.0,0.0,0.0
2019-01-01,21,0,86,0.0,0.0,0.0,0.0,0.0
2019-01-01,21,0,87,0.0,0.0,0.0,0.0,0.0
2019-01-01,21,0,88,85.71,85.71,0.0,951.18442,0.0
2019-01-01,21,0,89,82.4,82.4,0.0,914.451012,0.0
2019-01-01,21,0,90,110.63,110.63,0.0,1227.739265,0.0
2019-01-01,21,0,91,394.65,394.65,0.0,4379.709853,0.0
2019-01-01,21,0,92,141.93,141.93,0.0,1575.097477,0.0
2019-01-01,21,0,95,91.94,91.94,0.0,2986.634992,0.0
2019-01-01,21,0,96,14.08,14.08,0.0,176.065647,0.0
2019-01-01,21,0,97,86.6,86.6,0.0,1082.903764,0.0
2019-01-01,21,0,99,11.24,11.24,0.0,177.787587,0.0
2019-01-01,21,0,101,0.0,0.0,0.0,0.0,0.0
2019-01-01,21,0,102,11.37,11.37,0.0,154.468179,0.0
2019-01-01,21,0,103,9.89,9.89,0.0,134.361503,0.0
2019-01-01,21,0,104,1.84,1.84,0.0,24.997489,0.0
2019-01-01,21,0,106,0.0,0.0,0.0,0.0,0.0
2019-01-01,21,0,109,42.64,42.64,0.0,584.475208,0.0
2019-01-01,21,0,110,0.0,0.0,0.0,0.0,0.0
2019-01-01,21,0,111,0.0,0.0,0.0,0.0,0.0
2019-01-01,21,0,113,43.79,43.79,0.0,444.418508,0.0
2019-01-01,21,0,115,43.79,43.79,0.0,444.418508,0.0
2019-01-01,21,0,116,0.0,0.0,0.0,0.0,0.0
2019-01-01,21,0,117,2.95,2.95,0.0,29.939132,0.0
2019-01-01,21,0,119,79.04,79.04,0.0,2563.074115,0.0
2019-01-01,21,0,120,46.48,46.48,0.0,1507.232855,0.0
2019-01-01,21,0,123,0.0,0.0,0.0,0.0,0.0
2019-01-01,21,0,125,81.98,81.98,0.0,1027.715138,0.0
2019-01-01,21,0,126,0.0,0.0,0.0,0.0,0.0
2019-01-01,21,0,127,0.0,0.0,0.0,0.0,0.0
2019-01-01,21,0,128,117.41,117.41,0.0,1471.871607,0.0
2019-01-01,21,0,131,16.98,16.98,0.0,216.6065,0.0
2019-01-01,21,0,132,24.97,24.97,0.0,318.531467,0.0
2019-01-01,21,0,133,74.19,74.19,0.0,5.536438,0.0
2019-01-01,21,0,134,0.0,0.0,0.0,0.0,0.0
2019-01-01,21,0,135,96.46,96.46,0.0,7.19834,0.0
2019-01-01,21,0,136,21.38,21.38,0.0,100.496304,0.0
2019-01-01,21,0,139,85.62,85.62,0.0,1158.748076,0.0
2019-01-01,21,0,140,0.0,0.0,0.0,0.0,0.0
2019-01-01,21,0,141,71.2,71.2,0.0,1188.310254,0.0
2019-01-01,21,0,142,0.0,0.0,0.0,0.0,0.0
2019-01-01,21,0,143,45.18,45.18,0.0,565.688077,0.0
2019-01-01,21,0,145,10.44,10.44,0.0,135.383291,0.0
2019-01-01,21,0,146,7.23,7.23,0.0,189.394713,0.0
2019-01-01,21,0,152,0.0,0.0,0.0,0.0,0.0
2019-01-01,21,0,153,0.0,0.0,0.0,0.0,0.0
2019-01-01,21,0,154,0.0,0.0,0.0,0.0,0.0
2019-01-01,21,0,157,5.41,5.41,0.0,90.291552,0.0
2019-01-01,21,0,158,0.0,0.0,0.0,0.0,0.0
2019-01-01,21,0,159,0.0,0.0,0.0,0.0,0.0
2019-01-01,21,0,160,0.0,0.0,0.0,0.0,0.0
2019-01-01,21,0,161,0.0,0.0,0.0,0.0,0.0
2019-01-01,21,0,162,68.89,68.89,0.0,2238.245535,0.0
2019-01-01,21,0,163,50.71,50.71,0.0,1328.382558,0.0
2019-01-01,21,0,164,0.0,0.0,0.0,0.0,0.0
2019-01-01,21,0,167,0.0,0.0,0.0,0.0,0.0
2019-01-01,21,0,168,0.0,0.0,0.0,0.0,0.0
2019-01-01,21,0,169,0.0,0.0,0.0,0.0,0.0
2019-01-01,21,0,170,0.0,0.0,0.0,0.0,0.0
2019-01-01,21,0,172,0.0,0.0,0.0,0.0,0.0
2019-01-01,21,0,173,0.0,0.0,0.0,0.0,0.0
2019-01-01,21,0,188,0.0,0.0,0.0,0.0,0.0
2019-01-01,21,0,190,0.0,0.0,0.0,0.0,0.0
2019-01-01,21,0,191,0.0,0.0,0.0,0.0,0.0
2019-01-01,21,0,192,14.64,14.64,0.0,474.739436,0.0
2019-01-01,21,0,194,116.08,116.08,0.0,807.100496,0.0
2019-01-01,21,0,196,0.0,0.0,0.0,0.0,0.0
2019-01-01,21,0,198,0.0,0.0,0.0,0.0,0.0
2019-01-01,21,0,199,117.59,117.59,0.0,1116.961247,0.0
2019-01-01,21,0,200,0.0,0.0,0.0,0.0,0.0
2019-01-01,21,0,204,385.16,385.16,0.0,5227.831466,0.0
2019-01-01,21,0,205,197.9,197.9,0.0,2712.655806,0.0
2019-01-01,21,0,206,254.46,254.46,0.0,3181.936395,0.0
2019-01-01,21,0,210,0.0,0.0,0.0,0.0,0.0
2019-01-01,21,0,214,0.0,0.0,0.0,0.0,0.0
2019-01-01,21,0,217,0.0,0.0,0.0,0.0,0.0
2019-01-01,21,0,218,0.0,0.0,0.0,0.0,0.0
2019-01-01,21,0,219,0.0,0.0,0.0,0.0,0.0
2019-01-01,21,0,221,0.0,0.0,0.0,0.0,0.0
2019-01-01,21,0,225,0.0,0.0,0.0,0.0,0.0
2019-01-01,21,0,233,0.0,0.0,0.0,0.0,0.0
2019-01-01,21,0,236,123.81,123.81,0.0,1978.42244,0.0
2019-01-01,21,0,237,139.73,139.73,0.0,2210.165445,0.0
2019-01-01,21,0,238,0.0,0.0,0.0,0.0,0.0
2019-01-01,21,0,240,0.0,0.0,0.0,0.0,0.0
2019-01-01,21,0,245,218.22,218.22,0.0,779.488754,0.0
2019-01-01,21,0,247,85.6,85.6,0.0,305.765912,0.0
2019-01-01,21,0,248,14.03,14.03,0.0,221.918136,0.0
2019-01-01,21,0,249,419.66,419.66,0.0,1499.038816,0.0
2019-01-01,21,0,251,74.75,74.75,0.0,506.962615,0.0
2019-01-01,21,0,252,99.9,99.9,0.0,447.500577,0.0
2019-01-01,21,0,254,0.0,0.0,0.0,0.0,0.0
2019-01-01,21,0,255,0.0,0.0,0.0,0.0,0.0
2019-01-01,21,0,258,0.0,0.0,0.0,0.0,0.0
2019-01-01,21,0,260,0.0,0.0,0.0,0.0,0.0
2019-01-01,21,0,265,0.0,0.0,0.0,0.0,0.0
2019-01-01,21,0,266,53.62,53.62,0.0,725.672411,0.0
2019-01-01,21,0,267,66.94,66.94,0.0,905.940157,0.0
2019-01-01,21,0,270,158.37,158.37,0.0,4148.608672,0.0
2019-01-01,21,0,272,146.25,146.25,0.0,1484.270537,0.0
2019-01-01,21,0,273,0.0,0.0,0.0,0.0,0.0
2019-01-01,21,0,274,204.16,204.16,0.0,5348.108521,0.0
2019-01-01,21,0,275,284.19,284.19,0.0,7444.548201,0.0
2019-01-01,21,0,276,0.0,0.0,0.0,0.0,0.0
2019-01-01,21,0,277,0.0,0.0,0.0,0.0,0.0
2019-01-01,21,0,278,0.0,0.0,0.0,0.0,0.0
2019-01-01,21,0,279,333.17,333.17,0.0,3508.035847,0.0
2019-01-01,21,0,281,12.7,12.7,0.0,159.013692,0.0
2019-01-01,21,0,282,0.0,0.0,0.0,0.0,0.0
2019-01-01,22,0,9,0.0,0.0,0.0,0.0,0.0
2019-01-01,22,0,17,0.0,0.0,0.0,-0.0,0.0
2019-01-01,22,0,19,643.3,643.3,0.0,-6457.658101,0.0
2019-01-01,22,0,20,780.2,780.2,0.0,-7831.905566,0.0
2019-01-01,22,0,21,0.0,0.0,0.0,0.0,0.0
2019-01-01,22,0,22,0.0,0.0,0.0,0.0,0.0
2019-01-01,22,0,23,29.02,29.02,0.0,889.118352,0.0
2019-01-01,22,0,24,51.34,51.34,0.0,1572.961274,0.0
2019-01-01,22,0,29,0.0,0.0,0.0,0.0,0.0
2019-01-01,22,0,30,0.0,0.0,0.0,0.0,0.0
2019-01-01,22,0,31,21.2,21.2,0.0,649.6201,0.0
2019-01-01,22,0,32,0.0,0.0,0.0,0.0,0.0
2019-01-01,22,0,33,0.0,0.0,0.0,0.0,0.0
2019-01-01,22,0,34,0.0,0.0,0.0,0.0,0.0
2019-01-01,22,0,35,0.0,0.0,0.0,0.0,0.0
2019-01-01,22,0,36,0.0,0.0,0.0,0.0,0.0
2019-01-01,22,0,37,0.0,0.0,0.0,0.0,0.0
2019-01-01,22,0,38,0.0,0.0,0.0,0.0,0.0
2019-01-01,22,0,39,0.0,0.0,0.0,0.0,0.0
2019-01-01,22,0,40,0.0,0.0,0.0,0.0,0.0
2019-01-01,22,0,41,46.85,46.85,0.0,1451.157119,0.0
2019-01-01,22,0,42,0.0,0.0,0.0,0.0,0.0
2019-01-01,22,0,43,0.0,0.0,0.0,0.0,0.0
2019-01-01,22,0,46,0.0,0.0,0.0,0.0,0.0
2019-01-01,22,0,52,22.48,22.48,0.0,688.842446,0.0
2019-01-01,22,0,53,35.71,35.71,0.0,1094.242159,0.0
2019-01-01,22,0,55,169.94,169.94,0.0,5206.642752,0.0
2019-01-01,22,0,56,0.0,0.0,0.0,0.0,0.0
2019-01-01,22,0,57,0.0,0.0,0.0,0.0,0.0
2019-01-01,22,0,58,0.0,0.0,0.0,0.0,0.0
2019-01-01,22,0,59,0.0,0.0,0.0,0.0,0.0
2019-01-01,22,0,63,52.79,52.79,0.0,1711.85074,0.0
2019-01-01,22,0,64,62.11,62.11,0.0,2014.075573,0.0
2019-01-01,22,0,65,17.45,17.45,0.0,20.561357,0.0
2019-01-01,22,0,67,0.0,0.0,0.0,0.0,0.0
2019-01-01,22,0,68,2.72,2.72,0.0,85.254686,0.0
2019-01-01,22,0,69,0.0,0.0,0.0,0.0,0.0
2019-01-01,22,0,74,57.92,57.92,0.0,1968.662242,0.0
2019-01-01,22,0,77,61.88,61.88,0.0,1929.25418,0.0
2019-01-01,22,0,78,46.78,46.78,0.0,1458.476253,0.0
2019-01-01,22,0,79,27.07,27.07,0.0,843.97076,0.0
2019-01-01,22,0,80,43.78,43.78,0.0,1364.944215,0.0
2019-01-01,22,0,81,57.24,57.24,0.0,1784.591294,0.0
2019-01-01,22,0,82,40.38,40.38,0.0,1258.941238,0.0
2019-01-01,22,0,83,90.04,90.04,0.0,2807.208248,0.0
2019-01-01,22,0,84,0.0,0.0,0.0,0.0,0.0
2019-01-01,22,0,86,0.0,0.0,0.0,0.0,0.0
2019-01-01,22,0,87,0.0,0.0,0.0,0.0,0.0
2019-01-01,22,0,88,51.99,51.99,0.0,1620.910227,0.0
2019-01-01,22,0,89,49.98,49.98,0.0,1558.243761,0.0
2019-01-01,22,0,90,67.1,67.1,0.0,2091.999927,0.0
2019-01-01,22,0,91,239.38,239.38,0.0,7463.233123,0.0
2019-01-01,22,0,92,86.09,86.09,0.0,2684.057731,0.0
2019-01-01,22,0,95,104.75,104.75,0.0,3444.733777,0.0
2019-01-01,22,0,96,9.26,9.26,0.0,283.791098,0.0
2019-01-01,22,0,97,56.92,56.92,0.0,1744.426488,0.0
2019-01-01,22,0,99,11.18,11.18,0.0,380.000757,0.0
2019-01-01,22,0,101,0.0,0.0,0.0,0.0,0.0
2019-01-01,22,0,102,6.43,6.43,0.0,201.539571,0.0
2019-01-01,22,0,103,5.59,5.59,0.0,175.210918,0.0
2019-01-01,22,0,104,1.04,1.04,0.0,32.59738,0.0
2019-01-01,22,0,106,0.0,0.0,0.0,0.0,0.0
2019-01-01,22,0,109,71.97,71.97,0.0,2144.656094,0.0
2019-01-01,22,0,110,13.82,13.82,0.0,441.929873,0.0
2019-01-01,22,0,111,0.0,0.0,0.0,0.0,0.0
2019-01-01,22,0,113,50.13,50.13,0.0,1567.31542,0.0
2019-01-01,22,0,115,50.13,50.13,0.0,1567.31542,0.0
2019-01-01,22,0,116,0.0,0.0,0.0,0.0,0.0
2019-01-01,22,0,117,3.34,3.34,0.0,104.425165,0.0
2019-01-01,22,0,119,62.11,62.11,0.0,2014.075573,0.0
2019-01-01,22,0,120,36.52,36.52,0.0,1184.254386,0.0
2019-01-01,22,0,123,0.0,0.0,0.0,0.0,0.0
2019-01-01,22,0,125,46.46,46.46,0.0,1423.44723,0.0
2019-01-01,22,0,126,0.0,0.0,0.0,0.0,0.0
2019-01-01,22,0,127,0.0,0.0,0.0,0.0,0.0
2019-01-01,22,0,128,66.55,66.55,0.0,2038.967136,0.0
2019-01-01,22,0,131,9.72,9.72,0.0,304.255037,0.0
2019-01-01,22,0,132,14.28,14.28,0.0,446.991968,0.0
2019-01-01,22,0,133,127.65,127.65,0.0,-1416.290558,0.0
2019-01-01,22,0,134,0.0,0.0,0.0,-0.0,0.0
2019-01-01,22,0,135,171.04,171.04,0.0,-1897.707301,0.0
2019-01-01,22,0,136,22.27,22.27,0.0,39.953977,0.0
2019-01-01,22,0,139,60.5,60.5,0.0,1873.959567,0.0
2019-01-01,22,0,140,10.23,10.23,0.0,327.130434,0.0
2019-01-01,22,0,141,30.7,30.7,0.0,967.040321,0.0
2019-01-01,22,0,142,0.0,0.0,0.0,0.0,0.0
2019-01-01,22,0,143,33.79,33.79,0.0,1035.408641,0.0
2019-01-01,22,0,145,15.42,15.42,0.0,467.969081,0.0
2019-01-01,22,0,146,28.36,28.36,0.0,906.883589,0.0
2019-01-01,22,0,152,0.0,0.0,0.0,0.0,0.0
2019-01-01,22,0,153,0.0,0.0,0.0,0.0,0.0
2019-01-01,22,0,154,0.0,0.0,0.0,0.0,0.0
2019-01-01,22,0,157,15.79,15.79,0.0,497.380022,0.0
2019-01-01,22,0,158,0.0,0.0,0.0,0.0,0.0
2019-01-01,22,0,159,0.0,0.0,0.0,0.0,0.0
2019-01-01,22,0,160,0.0,0.0,0.0,0.0,0.0
2019-01-01,22,0,161,0.0,0.0,0.0,0.0,0.0
2019-01-01,22,0,162,43.35,43.35,0.0,1425.213975,0.0
2019-01-01,22,0,163,31.25,31.25,0.0,999.298736,0.0
2019-01-01,22,0,164,0.0,0.0,0.0,0.0,0.0
2019-01-01,22,0,167,0.0,0.0,0.0,0.0,0.0
2019-01-01,22,0,168,0.0,0.0,0.0,0.0,0.0
2019-01-01,22,0,169,0.0,0.0,0.0,0.0,0.0
2019-01-01,22,0,170,0.0,0.0,0.0,0.0,0.0
2019-01-01,22,0,172,0.0,0.0,0.0,0.0,0.0
2019-01-01,22,0,173,0.0,0.0,0.0,0.0,0.0
2019-01-01,22,0,188,0.0,0.0,0.0,0.0,0.0
2019-01-01,22,0,190,0.0,0.0,0.0,0.0,0.0
2019-01-01,22,0,191,0.0,0.0,0.0,0.0,0.0
2019-01-01,22,0,192,9.93,9.93,0.0,322.005642,0.0
2019-01-01,22,0,194,85.99,85.99,0.0,2685.524644,0.0
2019-01-01,22,0,196,0.0,0.0,0.0,0.0,0.0
2019-01-01,22,0,198,0.0,0.0,0.0,0.0,0.0
2019-01-01,22,0,199,96.05,96.05,0.0,1923.56121,0.0
2019-01-01,22,0,200,0.0,0.0,0.0,0.0,0.0
2019-01-01,22,0,204,334.68,334.68,0.0,9907.681214,0.0
2019-01-01,22,0,205,358.07,358.07,0.0,10670.237706,0.0
2019-01-01,22,0,206,167.26,167.26,0.0,5126.015009,0.0
2019-01-01,22,0,210,0.0,0.0,0.0,0.0,0.0
2019-01-01,22,0,214,0.0,0.0,0.0,0.0,0.0
2019-01-01,22,0,217,0.0,0.0,0.0,0.0,0.0
2019-01-01,22,0,218,0.0,0.0,0.0,0.0,0.0
2019-01-01,22,0,219,0.0,0.0,0.0,0.0,0.0
2019-01-01,22,0,221,0.0,0.0,0.0,0.0,0.0
2019-01-01,22,0,225,0.0,0.0,0.0,0.0,0.0
2019-01-01,22,0,233,0.0,0.0,0.0,0.0,0.0
2019-01-01,22,0,236,124.2,124.2,0.0,4182.995505,0.0
2019-01-01,22,0,237,138.94,138.94,0.0,4722.478107,0.0
2019-01-01,22,0,238,0.0,0.0,0.0,0.0,0.0
2019-01-01,22,0,240,0.0,0.0,0.0,0.0,0.0
2019-01-01,22,0,245,260.0,260.0,0.0,-405.532476,0.0
2019-01-01,22,0,247,107.92,107.92,0.0,-168.327172,0.0
2019-01-01,22,0,248,13.95,13.95,0.0,474.151213,0.0
2019-01-01,22,0,249,500.0,500.0,0.0,-779.870145,0.0
2019-01-01,22,0,251,175.88,175.88,0.0,1344.521814,0.0
2019-01-01,22,0,252,112.59,112.59,0.0,132.664939,0.0
2019-01-01,22,0,254,0.0,0.0,0.0,0.0,0.0
2019-01-01,22,0,255,0.0,0.0,0.0,0.0,0.0
2019-01-01,22,0,258,0.0,0.0,0.0,0.0,0.0
2019-01-01,22,0,260,0.0,0.0,0.0,0.0,0.0
2019-01-01,22,0,265,0.0,0.0,0.0,0.0,0.0
2019-01-01,22,0,266,39.17,39.17,0.0,1213.272665,0.0
2019-01-01,22,0,267,48.14,48.14,0.0,1491.114274,0.0
2019-01-01,22,0,270,97.59,97.59,0.0,3120.690036,0.0
2019-01-01,22,0,272,167.54,167.54,0.0,5238.141343,0.0
2019-01-01,22,0,273,0.0,0.0,0.0,0.0,0.0
2019-01-01,22,0,274,125.81,125.81,0.0,4023.096767,0.0
2019-01-01,22,0,275,175.13,175.13,0.0,5600.230003,0.0
2019-01-01,22,0,276,0.0,0.0,0.0,0.0,0.0
2019-01-01,22,0,277,0.0,0.0,0.0,0.0,0.0
2019-01-01,22,0,278,0.0,0.0,0.0,0.0,0.0
2019-01-01,22,0,279,82.34,82.34,0.0,2571.467476,0.0
2019-01-01,22,0,281,9.52,9.52,0.0,291.716196,0.0
2019-01-01,22,0,282,0.0,0.0,0.0,0.0,0.0
2019-01-01,23,0,9,0.0,0.0,0.0,0.0,0.0
2019-01-01,23,0,17,0.0,0.0,0.0,0.0,0.0
2019-01-01,23,0,19,584.39,584.39,0.0,588.215512,0.0
2019-01-01,23,0,20,708.75,708.75,0.0,713.389593,0.0
2019-01-01,23,0,21,0.0,0.0,0.0,0.0,0.0
2019-01-01,23,0,22,0.0,0.0,0.0,0.0,0.0
2019-01-01,23,0,23,32.4,32.4,0.0,436.111273,0.0
2019-01-01,23,0,24,57.32,57.32,0.0,771.540067,0.0
2019-01-01,23,0,29,0.0,0.0,0.0,0.0,0.0
2019-01-01,23,0,30,0.0,0.0,0.0,0.0,0.0
2019-01-01,23,0,31,26.36,26.36,0.0,354.698381,0.0
2019-01-01,23,0,32,0.0,0.0,0.0,0.0,0.0
2019-01-01,23,0,33,0.0,0.0,0.0,0.0,0.0
2019-01-01,23,0,34,0.0,0.0,0.0,0.0,0.0
2019-01-01,23,0,35,0.0,0.0,0.0,0.0,0.0
2019-01-01,23,0,36,0.0,0.0,0.0,0.0,0.0
2019-01-01,23,0,37,0.0,0.0,0.0,0.0,0.0
2019-01-01,23,0,38,0.0,0.0,0.0,0.0,0.0
2019-01-01,23,0,39,0.0,0.0,0.0,0.0,0.0
2019-01-01,23,0,40,0.0,0.0,0.0,0.0,0.0
2019-01-01,23,0,41,54.73,54.73,0.0,757.29221,0.0
2019-01-01,23,0,42,0.0,0.0,0.0,0.0,0.0
2019-01-01,23,0,43,0.0,0.0,0.0,0.0,0.0
2019-01-01,23,0,46,0.0,0.0,0.0,0.0,0.0
2019-01-01,23,0,52,27.94,27.94,0.0,375.958754,0.0
2019-01-01,23,0,53,44.39,44.39,0.0,597.308844,0.0
2019-01-01,23,0,55,366.89,366.89,0.0,4938.421757,0.0
2019-01-01,23,0,56,0.0,0.0,0.0,0.0,0.0
2019-01-01,23,0,57,0.0,0.0,0.0,0.0,0.0
2019-01-01,23,0,58,0.0,0.0,0.0,0.0,0.0
2019-01-01,23,0,59,0.0,0.0,0.0,0.0,0.0
2019-01-01,23,0,63,46.82,46.82,0.0,1272.994598,0.0
2019-01-01,23,0,64,55.08,55.08,0.0,1497.57673,0.0
2019-01-01,23,0,65,20.8,20.8,0.0,95.54731,0.0
2019-01-01,23,0,67,0.0,0.0,0.0,0.0,0.0
2019-01-01,23,0,68,2.16,2.16,0.0,26.690107,0.0
2019-01-01,23,0,69,0.0,0.0,0.0,0.0,0.0
2019-01-01,23,0,74,51.07,51.07,0.0,770.303171,0.0
2019-01-01,23,0,77,55.08,55.08,0.0,720.502789,0.0
2019-01-01,23,0,78,41.64,41.64,0.0,544.69383,0.0
2019-01-01,23,0,79,24.1,24.1,0.0,315.252673,0.0
2019-01-01,23,0,80,38.97,38.97,0.0,509.767496,0.0
2019-01-01,23,0,81,50.95,50.95,0.0,666.478161,0.0
2019-01-01,23,0,82,35.94,35.94,0.0,470.131994,0.0
2019-01-01,23,0,83,80.15,80.15,0.0,1048.444055,0.0
2019-01-01,23,0,84,0.0,0.0,0.0,0.0,0.0
2019-01-01,23,0,86,0.0,0.0,0.0,0.0,0.0
2019-01-01,23,0,87,0.0,0.0,0.0,0.0,0.0
2019-01-01,23,0,88,48.03,48.03,0.0,628.281572,0.0
2019-01-01,23,0,89,46.17,46.17,0.0,603.950868,0.0
2019-01-01,23,0,90,62.0,62.0,0.0,811.023474,0.0
2019-01-01,23,0,91,221.16,221.16,0.0,2892.999217,0.0
2019-01-01,23,0,92,79.54,79.54,0.0,1040.464631,0.0
2019-01-01,23,0,95,98.16,98.16,0.0,2585.843068,0.0
2019-01-01,23,0,96,9.57,9.57,0.0,128.730348,0.0
2019-01-01,23,0,97,58.86,58.86,0.0,791.75217,0.0
2019-01-01,23,0,99,9.86,9.86,0.0,148.721153,0.0
2019-01-01,23,0,101,0.0,0.0,0.0,0.0,0.0
2019-01-01,23,0,102,5.11,5.11,0.0,63.141875,0.0
2019-01-01,23,0,103,4.44,4.44,0.0,54.862999,0.0
2019-01-01,23,0,104,0.82,0.82,0.0,10.132356,0.0
2019-01-01,23,0,106,0.0,0.0,0.0,0.0,0.0
2019-01-01,23,0,109,92.64,92.64,0.0,1269.535824,0.0
2019-01-01,23,0,110,25.13,25.13,0.0,224.798098,0.0
2019-01-01,23,0,111,0.0,0.0,0.0,0.0,0.0
2019-01-01,23,0,113,40.71,40.71,0.0,536.091915,0.0
2019-01-01,23,0,115,40.71,40.71,0.0,536.091915,0.0
2019-01-01,23,0,116,0.0,0.0,0.0,0.0,0.0
2019-01-01,23,0,117,2.71,2.71,0.0,35.686787,0.0
2019-01-01,23,0,119,55.08,55.08,0.0,1497.57673,0.0
2019-01-01,23,0,120,32.39,32.39,0.0,880.655597,0.0
2019-01-01,23,0,123,0.0,0.0,0.0,0.0,0.0
2019-01-01,23,0,125,51.87,51.87,0.0,698.181843,0.0
2019-01-01,23,0,126,0.0,0.0,0.0,0.0,0.0
2019-01-01,23,0,127,0.0,0.0,0.0,0.0,0.0
2019-01-01,23,0,128,74.29,74.29,0.0,999.960076,0.0
2019-01-01,23,0,131,8.17,8.17,0.0,102.785045,0.0
2019-01-01,23,0,132,12.01,12.01,0.0,151.095275,0.0
2019-01-01,23,0,133,96.41,96.41,0.0,64.458677,0.0
2019-01-01,23,0,134,0.0,0.0,0.0,0.0,0.0
2019-01-01,23,0,135,129.18,129.18,0.0,86.368343,0.0
2019-01-01,23,0,136,29.02,29.02,0.0,139.021582,0.0
2019-01-01,23,0,139,70.68,70.68,0.0,977.990378,0.0
2019-01-01,23,0,140,18.6,18.6,0.0,166.384585,0.0
2019-01-01,23,0,141,28.11,28.11,0.0,323.738161,0.0
2019-01-01,23,0,142,0.0,0.0,0.0,0.0,0.0
2019-01-01,23,0,143,41.5,41.5,0.0,558.421199,0.0
2019-01-01,23,0,145,7.49,7.49,0.0,101.515568,0.0
2019-01-01,23,0,146,48.07,48.07,0.0,430.005753,0.0
2019-01-01,23,0,152,0.0,0.0,0.0,0.0,0.0
2019-01-01,23,0,153,0.0,0.0,0.0,0.0,0.0
2019-01-01,23,0,154,0.0,0.0,0.0,0.0,0.0
2019-01-01,23,0,157,20.43,20.43,0.0,235.288887,0.0
2019-01-01,23,0,158,0.0,0.0,0.0,0.0,0.0
2019-01-01,23,0,159,0.0,0.0,0.0,0.0,0.0
2019-01-01,23,0,160,0.0,0.0,0.0,0.0,0.0
2019-01-01,23,0,161,0.0,0.0,0.0,0.0,0.0
2019-01-01,23,0,162,21.9,21.9,0.0,577.143625,0.0
2019-01-01,23,0,163,23.94,23.94,0.0,214.153063,0.0
2019-01-01,23,0,164,0.0,0.0,0.0,0.0,0.0
2019-01-01,23,0,167,0.0,0.0,0.0,0.0,0.0
2019-01-01,23,0,168,0.0,0.0,0.0,0.0,0.0
2019-01-01,23,0,169,0.0,0.0,0.0,0.0,0.0
2019-01-01,23,0,170,0.0,0.0,0.0,0.0,0.0
2019-01-01,23,0,172,0.0,0.0,0.0,0.0,0.0
2019-01-01,23,0,173,0.0,0.0,0.0,0.0,0.0
2019-01-01,23,0,188,0.0,0.0,0.0,0.0,0.0
2019-01-01,23,0,190,0.0,0.0,0.0,0.0,0.0
2019-01-01,23,0,191,0.0,0.0,0.0,0.0,0.0
2019-01-01,23,0,192,9.65,9.65,0.0,262.375008,0.0
2019-01-01,23,0,194,80.23,80.23,0.0,1113.212192,0.0
2019-01-01,23,0,196,0.0,0.0,0.0,0.0,0.0
2019-01-01,23,0,198,0.0,0.0,0.0,0.0,0.0
2019-01-01,23,0,199,79.38,79.38,0.0,973.524245,0.0
2019-01-01,23,0,200,0.0,0.0,0.0,0.0,0.0
2019-01-01,23,0,204,374.32,374.32,0.0,5102.356187,0.0
2019-01-01,23,0,205,490.06,490.06,0.0,6715.767767,0.0
2019-01-01,23,0,206,172.96,172.96,0.0,2326.562271,0.0
2019-01-01,23,0,210,0.0,0.0,0.0,0.0,0.0
2019-01-01,23,0,214,0.0,0.0,0.0,0.0,0.0
2019-01-01,23,0,217,0.0,0.0,0.0,0.0,0.0
2019-01-01,23,0,218,0.0,0.0,0.0,0.0,0.0
2019-01-01,23,0,219,0.0,0.0,0.0,0.0,0.0
2019-01-01,23,0,221,0.0,0.0,0.0,0.0,0.0
2019-01-01,23,0,225,0.0,0.0,0.0,0.0,0.0
2019-01-01,23,0,233,0.0,0.0,0.0,0.0,0.0
2019-01-01,23,0,236,118.83,118.83,0.0,1782.091458,0.0
2019-01-01,23,0,237,122.5,122.5,0.0,1847.701948,0.0
2019-01-01,23,0,238,0.0,0.0,0.0,0.0,0.0
2019-01-01,23,0,240,0.0,0.0,0.0,0.0,0.0
2019-01-01,23,0,245,202.1,202.1,0.0,750.818536,0.0
2019-01-01,23,0,247,87.48,87.48,0.0,324.995574,0.0
2019-01-01,23,0,248,12.3,12.3,0.0,185.524359,0.0
2019-01-01,23,0,249,388.64,388.64,0.0,1443.830361,0.0
2019-01-01,23,0,251,102.07,102.07,0.0,680.01292,0.0
2019-01-01,23,0,252,134.19,134.19,0.0,616.417956,0.0
2019-01-01,23,0,254,0.0,0.0,0.0,0.0,0.0
2019-01-01,23,0,255,0.0,0.0,0.0,0.0,0.0
2019-01-01,23,0,258,0.0,0.0,0.0,0.0,0.0
2019-01-01,23,0,260,0.0,0.0,0.0,0.0,0.0
2019-01-01,23,0,265,0.0,0.0,0.0,0.0,0.0
2019-01-01,23,0,266,45.77,45.77,0.0,633.313803,0.0
2019-01-01,23,0,267,56.24,56.24,0.0,778.185892,0.0
2019-01-01,23,0,270,74.77,74.77,0.0,668.848141,0.0
2019-01-01,23,0,272,136.07,136.07,0.0,1791.845414,0.0
2019-01-01,23,0,273,0.0,0.0,0.0,0.0,0.0
2019-01-01,23,0,274,96.38,96.38,0.0,862.158404,0.0
2019-01-01,23,0,275,134.17,134.17,0.0,1200.205365,0.0
2019-01-01,23,0,276,0.0,0.0,0.0,0.0,0.0
2019-01-01,23,0,277,0.0,0.0,0.0,0.0,0.0
2019-01-01,23,0,278,0.0,0.0,0.0,0.0,0.0
2019-01-01,23,0,279,66.96,66.96,0.0,879.416677,0.0
2019-01-01,23,0,281,11.83,11.83,0.0,159.183682,0.0
2019-01-01,23,0,282,0.0,0.0,0.0,0.0,0.0
2019-01-02,0,0,9,0.0,0.0,0.0,0.0,0.0
2019-01-02,0,0,17,0.0,0.0,0.0,0.0,0.0
2019-01-02,0,0,19,430.82,430.82,0.0,2469.482856,0.0
2019-01-02,0,0,20,522.5,522.5,0.0,2994.997429,0.0
2019-01-02,0,0,21,0.0,0.0,0.0,0.0,0.0
2019-01-02,0,0,22,0.0,0.0,0.0,0.0,0.0
2019-01-02,0,0,23,36.46,36.46,0.0,414.088924,0.0
2019-01-02,0,0,24,64.5,64.5,0.0,732.548973,0.0
2019-01-02,0,0,29,0.0,0.0,0.0,0.0,0.0
2019-01-02,0,0,30,0.0,0.0,0.0,0.0,0.0
2019-01-02,0,0,31,32.31,32.31,0.0,366.970432,0.0
2019-01-02,0,0,32,0.0,0.0,0.0,0.0,0.0
2019-01-02,0,0,33,0.0,0.0,0.0,0.0,0.0
2019-01-02,0,0,34,0.0,0.0,0.0,0.0,0.0
2019-01-02,0,0,35,0.0,0.0,0.0,0.0,0.0
2019-01-02,0,0,36,0.0,0.0,0.0,0.0,0.0
2019-01-02,0,0,37,0.0,0.0,0.0,0.0,0.0
2019-01-02,0,0,38,0.0,0.0,0.0,0.0,0.0
2019-01-02,0,0,39,0.0,0.0,0.0,0.0,0.0
2019-01-02,0,0,40,0.0,0.0,0.0,0.0,0.0
2019-01-02,0,0,41,63.14,63.14,0.0,718.546548,0.0
2019-01-02,0,0,42,0.0,0.0,0.0,0.0,0.0
2019-01-02,0,0,43,0.0,0.0,0.0,0.0,0.0
2019-01-02,0,0,46,0.0,0.0,0.0,0.0,0.0
2019-01-02,0,0,52,34.25,34.25,0.0,389.004559,0.0
2019-01-02,0,0,53,54.41,54.41,0.0,617.977754,0.0
2019-01-02,0,0,55,450.75,450.75,0.0,5119.324802,0.0
2019-01-02,0,0,56,0.0,0.0,0.0,0.0,0.0
2019-01-02,0,0,57,0.0,0.0,0.0,0.0,0.0
2019-01-02,0,0,58,0.0,0.0,0.0,0.0,0.0
2019-01-02,0,0,59,0.0,0.0,0.0,0.0,0.0
2019-01-02,0,0,63,41.53,41.53,0.0,827.033379,0.0
2019-01-02,0,0,64,48.85,48.85,0.0,972.804734,0.0
2019-01-02,0,0,65,25.22,25.22,0.0,207.257761,0.0
2019-01-02,0,0,67,0.0,0.0,0.0,0.0,0.0
2019-01-02,0,0,68,1.7,1.7,0.0,18.690268,0.0
2019-01-02,0,0,69,0.0,0.0,0.0,0.0,0.0
2019-01-02,0,0,74,45.02,45.02,0.0,522.213624,0.0
2019-01-02,0,0,77,49.46,49.46,0.0,564.367843,0.0
2019-01-02,0,0,78,37.39,37.39,0.0,426.642007,0.0
2019-01-02,0,0,79,21.64,21.64,0.0,246.925195,0.0
2019-01-02,0,0,80,34.99,34.99,0.0,399.256588,0.0
2019-01-02,0,0,81,45.75,45.75,0.0,522.03455,0.0
2019-01-02,0,0,82,32.27,32.27,0.0,368.21978,0.0
2019-01-02,0,0,83,71.97,71.97,0.0,821.220253,0.0
2019-01-02,0,0,84,0.0,0.0,0.0,0.0,0.0
2019-01-02,0,0,86,0.0,0.0,0.0,0.0,0.0
2019-01-02,0,0,87,0.0,0.0,0.0,0.0,0.0
2019-01-02,0,0,88,44.67,44.67,0.0,509.711111,0.0
2019-01-02,0,0,89,42.94,42.94,0.0,489.970788,0.0
2019-01-02,0,0,90,57.66,57.66,0.0,657.934692,0.0
2019-01-02,0,0,91,205.67,205.67,0.0,2346.816303,0.0
2019-01-02,0,0,92,73.97,73.97,0.0,844.041435,0.0
2019-01-02,0,0,95,51.82,51.82,0.0,1005.657153,0.0
2019-01-02,0,0,96,10.18,10.18,0.0,115.627153,0.0
2019-01-02,0,0,97,62.62,62.62,0.0,711.25465,0.0
2019-01-02,0,0,99,8.69,8.69,0.0,100.800453,0.0
2019-01-02,0,0,101,0.0,0.0,0.0,0.0,0.0
2019-01-02,0,0,102,4.03,4.03,0.0,44.306929,0.0
2019-01-02,0,0,103,3.5,3.5,0.0,38.479964,0.0
2019-01-02,0,0,104,0.65,0.65,0.0,7.146279,0.0
2019-01-02,0,0,106,0.0,0.0,0.0,0.0,0.0
2019-01-02,0,0,109,102.43,102.43,0.0,1155.532564,0.0
2019-01-02,0,0,110,41.91,41.91,0.0,374.902041,0.0
2019-01-02,0,0,111,0.0,0.0,0.0,0.0,0.0
2019-01-02,0,0,113,32.61,32.61,0.0,375.83218,0.0
2019-01-02,0,0,115,32.61,32.61,0.0,375.83218,0.0
2019-01-02,0,0,116,0.0,0.0,0.0,0.0,0.0
2019-01-02,0,0,117,2.17,2.17,0.0,25.009378,0.0
2019-01-02,0,0,119,48.85,48.85,0.0,972.804734,0.0
2019-01-02,0,0,120,28.73,28.73,0.0,572.132651,0.0
2019-01-02,0,0,123,0.0,0.0,0.0,0.0,0.0
2019-01-02,0,0,125,58.37,58.37,0.0,662.928428,0.0
2019-01-02,0,0,126,0.0,0.0,0.0,0.0,0.0
2019-01-02,0,0,127,0.0,0.0,0.0,0.0,0.0
2019-01-02,0,0,128,83.6,83.6,0.0,949.474328,0.0
2019-01-02,0,0,131,6.93,6.93,0.0,77.123791,0.0
2019-01-02,0,0,132,10.19,10.19,0.0,113.404246,0.0
2019-01-02,0,0,133,76.34,76.34,0.0,758.93721,0.0
2019-01-02,0,0,134,0.0,0.0,0.0,0.0,0.0
2019-01-02,0,0,135,102.29,102.29,0.0,1016.920189,0.0
2019-01-02,0,0,136,36.98,36.98,0.0,308.948123,0.0
2019-01-02,0,0,139,81.54,81.54,0.0,927.942437,0.0
2019-01-02,0,0,140,31.01,31.01,0.0,277.397096,0.0
2019-01-02,0,0,141,26.12,26.12,0.0,273.996608,0.0
2019-01-02,0,0,142,0.0,0.0,0.0,0.0,0.0
2019-01-02,0,0,143,127.11,127.11,0.0,1443.689621,0.0
2019-01-02,0,0,145,8.95,8.95,0.0,101.408766,0.0
2019-01-02,0,0,146,76.15,76.15,0.0,681.192804,0.0
2019-01-02,0,0,152,0.0,0.0,0.0,0.0,0.0
2019-01-02,0,0,153,0.0,0.0,0.0,0.0,0.0
2019-01-02,0,0,154,0.0,0.0,0.0,0.0,0.0
2019-01-02,0,0,157,26.56,26.56,0.0,278.612171,0.0
2019-01-02,0,0,158,0.0,0.0,0.0,0.0,0.0
2019-01-02,0,0,159,0.0,0.0,0.0,0.0,0.0
2019-01-02,0,0,160,0.0,0.0,0.0,0.0,0.0
2019-01-02,0,0,161,0.0,0.0,0.0,0.0,0.0
2019-01-02,0,0,162,21.74,21.74,0.0,422.03845,0.0
2019-01-02,0,0,163,17.9,17.9,0.0,160.1228,0.0
2019-01-02,0,0,164,0.0,0.0,0.0,0.0,0.0
2019-01-02,0,0,167,0.0,0.0,0.0,0.0,0.0
2019-01-02,0,0,168,0.0,0.0,0.0,0.0,0.0
2019-01-02,0,0,169,0.0,0.0,0.0,0.0,0.0
2019-01-02,0,0,170,0.0,0.0,0.0,0.0,0.0
2019-01-02,0,0,172,0.0,0.0,0.0,0.0,0.0
2019-01-02,0,0,173,0.0,0.0,0.0,0.0,0.0
2019-01-02,0,0,188,0.0,0.0,0.0,0.0,0.0
2019-01-02,0,0,190,0.0,0.0,0.0,0.0,0.0
2019-01-02,0,0,191,0.0,0.0,0.0,0.0,0.0
2019-01-02,0,0,192,9.49,9.49,0.0,188.984993,0.0
2019-01-02,0,0,194,74.86,74.86,0.0,898.86519,0.0
2019-01-02,0,0,196,0.0,0.0,0.0,0.0,0.0
2019-01-02,0,0,198,0.0,0.0,0.0,0.0,0.0
2019-01-02,0,0,199,36.08,36.08,0.0,420.427972,0.0
2019-01-02,0,0,200,0.0,0.0,0.0,0.0,0.0
2019-01-02,0,0,204,418.81,418.81,0.0,4717.422986,0.0
2019-01-02,0,0,205,541.83,541.83,0.0,6112.48862,0.0
2019-01-02,0,0,206,184.0,184.0,0.0,2089.921041,0.0
2019-01-02,0,0,210,0.0,0.0,0.0,0.0,0.0
2019-01-02,0,0,214,0.0,0.0,0.0,0.0,0.0
2019-01-02,0,0,217,0.0,0.0,0.0,0.0,0.0
2019-01-02,0,0,218,0.0,0.0,0.0,0.0,0.0
2019-01-02,0,0,219,0.0,0.0,0.0,0.0,0.0
2019-01-02,0,0,221,0.0,0.0,0.0,0.0,0.0
2019-01-02,0,0,225,0.0,0.0,0.0,0.0,0.0
2019-01-02,0,0,233,0.0,0.0,0.0,0.0,0.0
2019-01-02,0,0,236,114.0,114.0,0.0,1328.280461,0.0
2019-01-02,0,0,237,108.0,108.0,0.0,1252.755918,0.0
2019-01-02,0,0,238,0.0,0.0,0.0,0.0,0.0
2019-01-02,0,0,240,0.0,0.0,0.0,0.0,0.0
2019-01-02,0,0,245,108.91,108.91,0.0,1060.028343,0.0
2019-01-02,0,0,247,77.09,77.09,0.0,750.322147,0.0
2019-01-02,0,0,248,10.84,10.84,0.0,125.739575,0.0
2019-01-02,0,0,249,204.04,204.04,0.0,1985.935021,0.0
2019-01-02,0,0,251,122.59,122.59,0.0,1120.617775,0.0
2019-01-02,0,0,252,162.69,162.69,0.0,1336.985139,0.0
2019-01-02,0,0,254,0.0,0.0,0.0,0.0,0.0
2019-01-02,0,0,255,0.0,0.0,0.0,0.0,0.0
2019-01-02,0,0,258,0.0,0.0,0.0,0.0,0.0
2019-01-02,0,0,260,0.0,0.0,0.0,0.0,0.0
2019-01-02,0,0,265,0.0,0.0,0.0,0.0,0.0
2019-01-02,0,0,266,52.8,52.8,0.0,600.875162,0.0
2019-01-02,0,0,267,64.88,64.88,0.0,738.348115,0.0
2019-01-02,0,0,270,55.9,55.9,0.0,500.048296,0.0
2019-01-02,0,0,272,108.99,108.99,0.0,1256.116201,0.0
2019-01-02,0,0,273,0.0,0.0,0.0,0.0,0.0
2019-01-02,0,0,274,72.06,72.06,0.0,644.606086,0.0
2019-01-02,0,0,275,100.3,100.3,0.0,897.224402,0.0
2019-01-02,0,0,276,0.0,0.0,0.0,0.0,0.0
2019-01-02,0,0,277,0.0,0.0,0.0,0.0,0.0
2019-01-02,0,0,278,0.0,0.0,0.0,0.0,0.0
2019-01-02,0,0,279,53.51,53.51,0.0,614.250234,0.0
2019-01-02,0,0,281,14.5,14.5,0.0,164.688062,0.0
2019-01-02,0,0,282,0.0,0.0,0.0,0.0,0.0
2019-01-02,1,0,9,0.0,0.0,0.0,0.0,0.0
2019-01-02,1,0,17,0.0,0.0,0.0,0.0,0.0
2019-01-02,1,0,19,329.85,329.85,0.0,4546.778761,0.0
2019-01-02,1,0,20,400.04,400.04,0.0,5514.304609,0.0
2019-01-02,1,0,21,0.0,0.0,0.0,0.0,0.0
2019-01-02,1,0,22,0.0,0.0,0.0,0.0,0.0
2019-01-02,1,0,23,41.21,41.21,0.0,446.132035,0.0
2019-01-02,1,0,24,72.91,72.91,0.0,789.310523,0.0
2019-01-02,1,0,29,0.0,0.0,0.0,0.0,0.0
2019-01-02,1,0,30,0.0,0.0,0.0,0.0,0.0
2019-01-02,1,0,31,84.11,84.11,0.0,909.393315,0.0
2019-01-02,1,0,32,0.0,0.0,0.0,0.0,0.0
2019-01-02,1,0,33,0.0,0.0,0.0,0.0,0.0
2019-01-02,1,0,34,0.0,0.0,0.0,0.0,0.0
2019-01-02,1,0,35,0.0,0.0,0.0,0.0,0.0
2019-01-02,1,0,36,0.0,0.0,0.0,0.0,0.0
2019-01-02,1,0,37,0.0,0.0,0.0,0.0,0.0
2019-01-02,1,0,38,0.0,0.0,0.0,0.0,0.0
2019-01-02,1,0,39,0.0,0.0,0.0,0.0,0.0
2019-01-02,1,0,40,0.0,0.0,0.0,0.0,0.0
2019-01-02,1,0,41,72.93,72.93,0.0,846.576733,0.0
2019-01-02,1,0,42,0.0,0.0,0.0,0.0,0.0
2019-01-02,1,0,43,0.0,0.0,0.0,0.0,0.0
2019-01-02,1,0,46,0.0,0.0,0.0,0.0,0.0
2019-01-02,1,0,52,89.55,89.55,0.0,968.210336,0.0
2019-01-02,1,0,53,146.38,146.38,0.0,1582.653589,0.0
2019-01-02,1,0,55,460.41,460.41,0.0,4984.315704,0.0
2019-01-02,1,0,56,0.0,0.0,0.0,0.0,0.0
2019-01-02,1,0,57,0.0,0.0,0.0,0.0,0.0
2019-01-02,1,0,58,0.0,0.0,0.0,0.0,0.0
2019-01-02,1,0,59,0.0,0.0,0.0,0.0,0.0
2019-01-02,1,0,63,37.03,37.03,0.0,710.482221,0.0
2019-01-02,1,0,64,43.57,43.57,0.0,835.963013,0.0
2019-01-02,1,0,65,30.71,30.71,0.0,422.358655,0.0
2019-01-02,1,0,67,0.0,0.0,0.0,0.0,0.0
2019-01-02,1,0,68,1.33,1.33,0.0,12.418173,0.0
2019-01-02,1,0,69,0.0,0.0,0.0,0.0,0.0
2019-01-02,1,0,74,39.43,39.43,0.0,509.075622,0.0
2019-01-02,1,0,77,45.14,45.14,0.0,429.091659,0.0
2019-01-02,1,0,78,34.13,34.13,0.0,324.432838,0.0
2019-01-02,1,0,79,19.75,19.75,0.0,187.739483,0.0
2019-01-02,1,0,80,31.94,31.94,0.0,303.615144,0.0
2019-01-02,1,0,81,41.76,41.76,0.0,396.962066,0.0
2019-01-02,1,0,82,29.46,29.46,0.0,280.040768,0.0
2019-01-02,1,0,83,65.68,65.68,0.0,624.340721,0.0
2019-01-02,1,0,84,0.0,0.0,0.0,0.0,0.0
2019-01-02,1,0,86,0.0,0.0,0.0,0.0,0.0
2019-01-02,1,0,87,0.0,0.0,0.0,0.0,0.0
2019-01-02,1,0,88,42.22,42.22,0.0,401.334733,0.0
2019-01-02,1,0,89,40.58,40.58,0.0,385.745226,0.0
2019-01-02,1,0,90,54.49,54.49,0.0,517.970857,0.0
2019-01-02,1,0,91,194.37,194.37,0.0,1847.641687,0.0
2019-01-02,1,0,92,69.9,69.9,0.0,664.455183,0.0
2019-01-02,1,0,95,64.12,64.12,0.0,1194.051414,0.0
2019-01-02,1,0,96,11.04,11.04,0.0,119.203953,0.0
2019-01-02,1,0,97,67.91,67.91,0.0,733.255477,0.0
2019-01-02,1,0,99,7.61,7.61,0.0,98.251724,0.0
2019-01-02,1,0,101,0.0,0.0,0.0,0.0,0.0
2019-01-02,1,0,102,3.16,3.16,0.0,29.504833,0.0
2019-01-02,1,0,103,2.75,2.75,0.0,25.676674,0.0
2019-01-02,1,0,104,0.51,0.51,0.0,4.761856,0.0
2019-01-02,1,0,106,0.0,0.0,0.0,0.0,0.0
2019-01-02,1,0,109,112.53,112.53,0.0,1347.878033,0.0
2019-01-02,1,0,110,64.51,64.51,0.0,577.068257,0.0
2019-01-02,1,0,111,0.0,0.0,0.0,0.0,0.0
2019-01-02,1,0,113,14.68,14.68,0.0,135.562776,0.0
2019-01-02,1,0,115,14.68,14.68,0.0,135.562776,0.0
2019-01-02,1,0,116,0.0,0.0,0.0,0.0,0.0
2019-01-02,1,0,117,1.0,1.0,0.0,9.234522,0.0
2019-01-02,1,0,119,43.57,43.57,0.0,835.963013,0.0
2019-01-02,1,0,120,25.62,25.62,0.0,491.562368,0.0
2019-01-02,1,0,123,0.0,0.0,0.0,0.0,0.0
2019-01-02,1,0,125,65.98,65.98,0.0,714.287592,0.0
2019-01-02,1,0,126,0.0,0.0,0.0,0.0,0.0
2019-01-02,1,0,127,0.0,0.0,0.0,0.0,0.0
2019-01-02,1,0,128,94.5,94.5,0.0,1023.039973,0.0
2019-01-02,1,0,131,5.94,5.94,0.0,55.614528,0.0
2019-01-02,1,0,132,8.74,8.74,0.0,81.83013,0.0
2019-01-02,1,0,133,65.96,65.96,0.0,909.412122,0.0
2019-01-02,1,0,134,0.0,0.0,0.0,0.0,0.0
2019-01-02,1,0,135,88.38,88.38,0.0,1218.524005,0.0
2019-01-02,1,0,136,45.9,45.9,0.0,631.189966,0.0
2019-01-02,1,0,139,94.18,94.18,0.0,1093.248275,0.0
2019-01-02,1,0,140,47.74,47.74,0.0,427.053768,0.0
2019-01-02,1,0,141,24.68,24.68,0.0,228.057589,0.0
2019-01-02,1,0,142,0.0,0.0,0.0,0.0,0.0
2019-01-02,1,0,143,200.21,200.21,0.0,2164.660986,0.0
2019-01-02,1,0,145,10.54,10.54,0.0,118.53148,0.0
2019-01-02,1,0,146,113.81,113.81,0.0,1018.076862,0.0
2019-01-02,1,0,152,0.0,0.0,0.0,0.0,0.0
2019-01-02,1,0,153,0.0,0.0,0.0,0.0,0.0
2019-01-02,1,0,154,0.0,0.0,0.0,0.0,0.0
2019-01-02,1,0,157,34.35,34.35,0.0,317.414027,0.0
2019-01-02,1,0,158,0.0,0.0,0.0,0.0,0.0
2019-01-02,1,0,159,0.0,0.0,0.0,0.0,0.0
2019-01-02,1,0,160,0.0,0.0,0.0,0.0,0.0
2019-01-02,1,0,161,0.0,0.0,0.0,0.0,0.0
2019-01-02,1,0,162,21.6,21.6,0.0,402.422121,0.0
2019-01-02,1,0,163,13.02,13.02,0.0,116.46921,0.0
2019-01-02,1,0,164,0.0,0.0,0.0,0.0,0.0
2019-01-02,1,0,167,0.0,0.0,0.0,0.0,0.0
2019-01-02,1,0,168,0.0,0.0,0.0,0.0,0.0
2019-01-02,1,0,169,0.0,0.0,0.0,0.0,0.0
2019-01-02,1,0,170,0.0,0.0,0.0,0.0,0.0
2019-01-02,1,0,172,0.0,0.0,0.0,0.0,0.0
2019-01-02,1,0,173,0.0,0.0,0.0,0.0,0.0
2019-01-02,1,0,188,0.0,0.0,0.0,0.0,0.0
2019-01-02,1,0,190,0.0,0.0,0.0,0.0,0.0
2019-01-02,1,0,191,0.0,0.0,0.0,0.0,0.0
2019-01-02,1,0,192,9.33,9.33,0.0,179.011588,0.0
2019-01-02,1,0,194,69.81,69.81,0.0,632.001621,0.0
2019-01-02,1,0,196,0.0,0.0,0.0,0.0,0.0
2019-01-02,1,0,198,0.0,0.0,0.0,0.0,0.0
2019-01-02,1,0,199,95.96,95.96,0.0,942.140387,0.0
2019-01-02,1,0,200,0.0,0.0,0.0,0.0,0.0
2019-01-02,1,0,204,464.84,464.84,0.0,5529.814274,0.0
2019-01-02,1,0,205,595.26,595.26,0.0,7129.990915,0.0
2019-01-02,1,0,206,199.55,199.55,0.0,2154.633051,0.0
2019-01-02,1,0,210,0.0,0.0,0.0,0.0,0.0
2019-01-02,1,0,214,0.0,0.0,0.0,0.0,0.0
2019-01-02,1,0,217,0.0,0.0,0.0,0.0,0.0
2019-01-02,1,0,218,0.0,0.0,0.0,0.0,0.0
2019-01-02,1,0,219,0.0,0.0,0.0,0.0,0.0
2019-01-02,1,0,221,0.0,0.0,0.0,0.0,0.0
2019-01-02,1,0,225,0.0,0.0,0.0,0.0,0.0
2019-01-02,1,0,233,0.0,0.0,0.0,0.0,0.0
2019-01-02,1,0,236,109.12,109.12,0.0,1456.863487,0.0
2019-01-02,1,0,237,94.59,94.59,0.0,1221.239237,0.0
2019-01-02,1,0,238,0.0,0.0,0.0,0.0,0.0
2019-01-02,1,0,240,0.0,0.0,0.0,0.0,0.0
2019-01-02,1,0,245,51.9,51.9,0.0,721.373979,0.0
2019-01-02,1,0,247,75.6,75.6,0.0,1050.78753,0.0
2019-01-02,1,0,248,9.49,9.49,0.0,122.524161,0.0
2019-01-02,1,0,249,99.8,99.8,0.0,1387.150734,0.0
2019-01-02,1,0,251,146.64,146.64,0.0,2009.234947,0.0
2019-01-02,1,0,252,198.08,198.08,0.0,2724.2202,0.0
2019-01-02,1,0,254,0.0,0.0,0.0,0.0,0.0
2019-01-02,1,0,255,0.0,0.0,0.0,0.0,0.0
2019-01-02,1,0,258,0.0,0.0,0.0,0.0,0.0
2019-01-02,1,0,260,0.0,0.0,0.0,0.0,0.0
2019-01-02,1,0,265,0.0,0.0,0.0,0.0,0.0
2019-01-02,1,0,266,60.99,60.99,0.0,707.976346,0.0
2019-01-02,1,0,267,74.94,74.94,0.0,869.908959,0.0
2019-01-02,1,0,270,40.65,40.65,0.0,363.630827,0.0
2019-01-02,1,0,272,48.96,48.96,0.0,452.122174,0.0
2019-01-02,1,0,273,0.0,0.0,0.0,0.0,0.0
2019-01-02,1,0,274,52.4,52.4,0.0,468.739369,0.0
2019-01-02,1,0,275,72.94,72.94,0.0,652.478045,0.0
2019-01-02,1,0,276,0.0,0.0,0.0,0.0,0.0
2019-01-02,1,0,277,0.0,0.0,0.0,0.0,0.0
2019-01-02,1,0,278,0.0,0.0,0.0,0.0,0.0
2019-01-02,1,0,279,42.35,42.35,0.0,395.687912,0.0
2019-01-02,1,0,281,34.73,34.73,0.0,375.499106,0.0
2019-01-02,1,0,282,0.0,0.0,0.0,0.0,0.0
2019-01-02,2,0,9,0.0,0.0,0.0,0.0,0.0
2019-01-02,2,0,17,0.0,0.0,0.0,0.0,0.0
2019-01-02,2,0,19,256.9,256.9,0.0,2708.701137,0.0
2019-01-02,2,0,20,311.57,311.57,0.0,3285.130453,0.0
2019-01-02,2,0,21,0.0,0.0,0.0,0.0,0.0
2019-01-02,2,0,22,0.0,0.0,0.0,0.0,0.0
2019-01-02,2,0,23,50.47,50.47,0.0,416.417223,0.0
2019-01-02,2,0,24,89.3,89.3,0.0,736.795284,0.0
2019-01-02,2,0,29,0.0,0.0,0.0,0.0,0.0
2019-01-02,2,0,30,0.0,0.0,0.0,0.0,0.0
2019-01-02,2,0,31,37.5,37.5,0.0,308.941515,0.0
2019-01-02,2,0,32,0.0,0.0,0.0,0.0,0.0
2019-01-02,2,0,33,0.0,0.0,0.0,0.0,0.0
2019-01-02,2,0,34,0.0,0.0,0.0,0.0,0.0
2019-01-02,2,0,35,0.0,0.0,0.0,0.0,0.0
2019-01-02,2,0,36,0.0,0.0,0.0,0.0,0.0
2019-01-02,2,0,37,0.0,0.0,0.0,0.0,0.0
2019-01-02,2,0,38,0.0,0.0,0.0,0.0,0.0
2019-01-02,2,0,39,0.0,0.0,0.0,0.0,0.0
2019-01-02,2,0,40,0.0,0.0,0.0,0.0,0.0
2019-01-02,2,0,41,66.25,66.25,0.0,591.000432,0.0
2019-01-02,2,0,42,0.0,0.0,0.0,0.0,0.0
2019-01-02,2,0,43,0.0,0.0,0.0,0.0,0.0
2019-01-02,2,0,46,0.0,0.0,0.0,0.0,0.0
2019-01-02,2,0,52,39.75,39.75,0.0,327.478006,0.0
2019-01-02,2,0,53,63.15,63.15,0.0,520.257511,0.0
2019-01-02,2,0,55,595.81,595.81,0.0,4915.901436,0.0
2019-01-02,2,0,56,0.0,0.0,0.0,0.0,0.0
2019-01-02,2,0,57,0.0,0.0,0.0,0.0,0.0
2019-01-02,2,0,58,0.0,0.0,0.0,0.0,0.0
2019-01-02,2,0,59,0.0,0.0,0.0,0.0,0.0
2019-01-02,2,0,63,38.77,38.77,0.0,677.519277,0.0
2019-01-02,2,0,64,45.62,45.62,0.0,797.225417,0.0
2019-01-02,2,0,65,21.72,21.72,0.0,228.558113,0.0
2019-01-02,2,0,67,0.0,0.0,0.0,0.0,0.0
2019-01-02,2,0,68,1.79,1.79,0.0,14.781834,0.0
2019-01-02,2,0,69,0.0,0.0,0.0,0.0,0.0
2019-01-02,2,0,74,38.33,38.33,0.0,381.414429,0.0
2019-01-02,2,0,77,58.57,58.57,0.0,414.075053,0.0
2019-01-02,2,0,78,44.28,44.28,0.0,313.048375,0.0
2019-01-02,2,0,79,25.63,25.63,0.0,181.197603,0.0
2019-01-02,2,0,80,41.44,41.44,0.0,292.970295,0.0
2019-01-02,2,0,81,54.18,54.18,0.0,383.038865,0.0
2019-01-02,2,0,82,38.22,38.22,0.0,270.205711,0.0
2019-01-02,2,0,83,85.22,85.22,0.0,602.483797,0.0
2019-01-02,2,0,84,0.0,0.0,0.0,0.0,0.0
2019-01-02,2,0,86,0.0,0.0,0.0,0.0,0.0
2019-01-02,2,0,87,0.0,0.0,0.0,0.0,0.0
2019-01-02,2,0,88,51.83,51.83,0.0,366.424961,0.0
2019-01-02,2,0,89,49.82,49.82,0.0,352.214771,0.0
2019-01-02,2,0,90,66.89,66.89,0.0,472.895343,0.0
2019-01-02,2,0,91,238.63,238.63,0.0,1687.053607,0.0
2019-01-02,2,0,92,85.82,85.82,0.0,606.725645,0.0
2019-01-02,2,0,95,27.47,27.47,0.0,477.462115,0.0
2019-01-02,2,0,96,13.52,13.52,0.0,111.209259,0.0
2019-01-02,2,0,97,83.12,83.12,0.0,683.706628,0.0
2019-01-02,2,0,99,7.4,7.4,0.0,73.635971,0.0
2019-01-02,2,0,101,0.0,0.0,0.0,0.0,0.0
2019-01-02,2,0,102,4.25,4.25,0.0,35.096533,0.0
2019-01-02,2,0,103,3.69,3.69,0.0,30.472048,0.0
2019-01-02,2,0,104,0.69,0.69,0.0,5.698025,0.0
2019-01-02,2,0,106,0.0,0.0,0.0,0.0,0.0
2019-01-02,2,0,109,102.08,102.08,0.0,949.077775,0.0
2019-01-02,2,0,110,39.18,39.18,0.0,565.865031,0.0
2019-01-02,2,0,111,0.0,0.0,0.0,0.0,0.0
2019-01-02,2,0,113,19.75,19.75,0.0,128.364874,0.0
2019-01-02,2,0,115,19.75,19.75,0.0,128.364874,0.0
2019-01-02,2,0,116,0.0,0.0,0.0,0.0,0.0
2019-01-02,2,0,117,1.06,1.06,0.0,6.889457,0.0
2019-01-02,2,0,119,45.62,45.62,0.0,797.225417,0.0
2019-01-02,2,0,120,26.82,26.82,0.0,468.688858,0.0
2019-01-02,2,0,123,0.0,0.0,0.0,0.0,0.0
2019-01-02,2,0,125,80.81,80.81,0.0,666.746102,0.0
2019-01-02,2,0,126,0.0,0.0,0.0,0.0,0.0
2019-01-02,2,0,127,0.0,0.0,0.0,0.0,0.0
2019-01-02,2,0,128,115.74,115.74,0.0,954.946094,0.0
2019-01-02,2,0,131,8.06,8.06,0.0,63.28234,0.0
2019-01-02,2,0,132,11.85,11.85,0.0,93.039173,0.0
2019-01-02,2,0,133,48.22,48.22,0.0,508.516612,0.0
2019-01-02,2,0,134,0.0,0.0,0.0,0.0,0.0
2019-01-02,2,0,135,64.61,64.61,0.0,681.36164,0.0
2019-01-02,2,0,136,35.28,35.28,0.0,371.208684,0.0
2019-01-02,2,0,139,85.55,85.55,0.0,763.171124,0.0
2019-01-02,2,0,140,29.0,29.0,0.0,418.838334,0.0
2019-01-02,2,0,141,30.35,30.35,0.0,296.83702,0.0
2019-01-02,2,0,142,0.0,0.0,0.0,0.0,0.0
2019-01-02,2,0,143,112.94,112.94,0.0,930.449458,0.0
2019-01-02,2,0,145,10.67,10.67,0.0,92.103539,0.0
2019-01-02,2,0,146,96.17,96.17,0.0,1388.95457,0.0
2019-01-02,2,0,152,0.0,0.0,0.0,0.0,0.0
2019-01-02,2,0,153,0.0,0.0,0.0,0.0,0.0
2019-01-02,2,0,154,0.0,0.0,0.0,0.0,0.0
2019-01-02,2,0,157,31.01,31.01,0.0,303.292125,0.0
2019-01-02,2,0,158,0.0,0.0,0.0,0.0,0.0
2019-01-02,2,0,159,0.0,0.0,0.0,0.0,0.0
2019-01-02,2,0,160,0.0,0.0,0.0,0.0,0.0
2019-01-02,2,0,161,0.0,0.0,0.0,0.0,0.0
2019-01-02,2,0,162,22.21,22.21,0.0,386.148753,0.0
2019-01-02,2,0,163,12.05,12.05,0.0,174.034549,0.0
2019-01-02,2,0,164,0.0,0.0,0.0,0.0,0.0
2019-01-02,2,0,167,0.0,0.0,0.0,0.0,0.0
2019-01-02,2,0,168,0.0,0.0,0.0,0.0,0.0
2019-01-02,2,0,169,0.0,0.0,0.0,0.0,0.0
2019-01-02,2,0,170,0.0,0.0,0.0,0.0,0.0
2019-01-02,2,0,172,0.0,0.0,0.0,0.0,0.0
2019-01-02,2,0,173,0.0,0.0,0.0,0.0,0.0
2019-01-02,2,0,188,0.0,0.0,0.0,0.0,0.0
2019-01-02,2,0,190,0.0,0.0,0.0,0.0,0.0
2019-01-02,2,0,191,0.0,0.0,0.0,0.0,0.0
2019-01-02,2,0,192,9.06,9.06,0.0,158.326661,0.0
2019-01-02,2,0,194,75.34,75.34,0.0,364.207013,0.0
2019-01-02,2,0,196,0.0,0.0,0.0,0.0,0.0
2019-01-02,2,0,198,0.0,0.0,0.0,0.0,0.0
2019-01-02,2,0,199,38.66,38.66,0.0,324.566175,0.0
2019-01-02,2,0,200,0.0,0.0,0.0,0.0,0.0
2019-01-02,2,0,204,422.66,422.66,0.0,3903.923509,0.0
2019-01-02,2,0,205,501.14,501.14,0.0,4659.295023,0.0
2019-01-02,2,0,206,244.24,244.24,0.0,2009.005136,0.0
2019-01-02,2,0,210,0.0,0.0,0.0,0.0,0.0
2019-01-02,2,0,214,0.0,0.0,0.0,0.0,0.0
2019-01-02,2,0,217,0.0,0.0,0.0,0.0,0.0
2019-01-02,2,0,218,0.0,0.0,0.0,0.0,0.0
2019-01-02,2,0,219,0.0,0.0,0.0,0.0,0.0
2019-01-02,2,0,221,0.0,0.0,0.0,0.0,0.0
2019-01-02,2,0,225,0.0,0.0,0.0,0.0,0.0
2019-01-02,2,0,233,0.0,0.0,0.0,0.0,0.0
2019-01-02,2,0,236,101.95,101.95,0.0,1045.601783,0.0
2019-01-02,2,0,237,91.96,91.96,0.0,915.076203,0.0
2019-01-02,2,0,238,0.0,0.0,0.0,0.0,0.0
2019-01-02,2,0,240,0.0,0.0,0.0,0.0,0.0
2019-01-02,2,0,245,41.09,41.09,0.0,436.396876,0.0
2019-01-02,2,0,247,64.79,64.79,0.0,688.103033,0.0
2019-01-02,2,0,248,9.23,9.23,0.0,91.845948,0.0
2019-01-02,2,0,249,79.02,79.02,0.0,839.232932,0.0
2019-01-02,2,0,251,110.97,110.97,0.0,1163.928909,0.0
2019-01-02,2,0,252,140.08,140.08,0.0,1474.052509,0.0
2019-01-02,2,0,254,0.0,0.0,0.0,0.0,0.0
2019-01-02,2,0,255,0.0,0.0,0.0,0.0,0.0
2019-01-02,2,0,258,0.0,0.0,0.0,0.0,0.0
2019-01-02,2,0,260,0.0,0.0,0.0,0.0,0.0
2019-01-02,2,0,265,0.0,0.0,0.0,0.0,0.0
2019-01-02,2,0,266,55.4,55.4,0.0,494.210173,0.0
2019-01-02,2,0,267,68.08,68.08,0.0,607.325425,0.0
2019-01-02,2,0,270,37.64,37.64,0.0,543.623272,0.0
2019-01-02,2,0,272,85.21,85.21,0.0,553.821312,0.0
2019-01-02,2,0,273,0.0,0.0,0.0,0.0,0.0
2019-01-02,2,0,274,48.52,48.52,0.0,700.75986,0.0
2019-01-02,2,0,275,67.54,67.54,0.0,975.460036,0.0
2019-01-02,2,0,276,0.0,0.0,0.0,0.0,0.0
2019-01-02,2,0,277,0.0,0.0,0.0,0.0,0.0
2019-01-02,2,0,278,0.0,0.0,0.0,0.0,0.0
2019-01-02,2,0,279,53.21,53.21,0.0,358.002915,0.0
2019-01-02,2,0,281,16.83,16.83,0.0,138.652952,0.0
2019-01-02,2,0,282,0.0,0.0,0.0,0.0,0.0
2019-01-02,3,0,9,0.0,0.0,0.0,0.0,0.0
2019-01-02,3,0,17,0.0,0.0,0.0,0.0,0.0
2019-01-02,3,0,19,208.66,208.66,0.0,2878.075415,0.0
2019-01-02,3,0,20,253.07,253.07,0.0,3490.628512,0.0
2019-01-02,3,0,21,0.0,0.0,0.0,0.0,0.0
2019-01-02,3,0,22,0.0,0.0,0.0,0.0,0.0
2019-01-02,3,0,23,61.14,61.14,0.0,597.942552,0.0
2019-01-02,3,0,24,108.18,108.18,0.0,1057.988637,0.0
2019-01-02,3,0,29,0.0,0.0,0.0,0.0,0.0
2019-01-02,3,0,30,0.0,0.0,0.0,0.0,0.0
2019-01-02,3,0,31,37.5,37.5,0.0,365.997862,0.0
2019-01-02,3,0,32,0.0,0.0,0.0,0.0,0.0
2019-01-02,3,0,33,0.0,0.0,0.0,0.0,0.0
2019-01-02,3,0,34,0.0,0.0,0.0,0.0,0.0
2019-01-02,3,0,35,0.0,0.0,0.0,0.0,0.0
2019-01-02,3,0,36,0.0,0.0,0.0,0.0,0.0
2019-01-02,3,0,37,0.0,0.0,0.0,0.0,0.0
2019-01-02,3,0,38,0.0,0.0,0.0,0.0,0.0
2019-01-02,3,0,39,0.0,0.0,0.0,0.0,0.0
2019-01-02,3,0,40,0.0,0.0,0.0,0.0,0.0
2019-01-02,3,0,41,60.24,60.24,0.0,655.791581,0.0
2019-01-02,3,0,42,0.0,0.0,0.0,0.0,0.0
2019-01-02,3,0,43,0.0,0.0,0.0,0.0,0.0
2019-01-02,3,0,46,0.0,0.0,0.0,0.0,0.0
2019-01-02,3,0,52,39.75,39.75,0.0,387.957734,0.0
2019-01-02,3,0,53,63.15,63.15,0.0,616.3404,0.0
2019-01-02,3,0,55,623.0,623.0,0.0,6092.87226,0.0
2019-01-02,3,0,56,0.0,0.0,0.0,0.0,0.0
2019-01-02,3,0,57,0.0,0.0,0.0,0.0,0.0
2019-01-02,3,0,58,0.0,0.0,0.0,0.0,0.0
2019-01-02,3,0,59,0.0,0.0,0.0,0.0,0.0
2019-01-02,3,0,63,40.84,40.84,0.0,719.697617,0.0
2019-01-02,3,0,64,48.04,48.04,0.0,846.578685,0.0
2019-01-02,3,0,65,15.57,15.57,0.0,214.136251,0.0
2019-01-02,3,0,67,0.0,0.0,0.0,0.0,0.0
2019-01-02,3,0,68,2.38,2.38,0.0,21.281749,0.0
2019-01-02,3,0,69,0.0,0.0,0.0,0.0,0.0
2019-01-02,3,0,74,37.23,37.23,0.0,471.629479,0.0
2019-01-02,3,0,77,75.35,75.35,0.0,593.526753,0.0
2019-01-02,3,0,78,56.97,56.97,0.0,448.748761,0.0
2019-01-02,3,0,79,32.97,32.97,0.0,259.702416,0.0
2019-01-02,3,0,80,53.31,53.31,0.0,419.919193,0.0
2019-01-02,3,0,81,69.7,69.7,0.0,549.022093,0.0
2019-01-02,3,0,82,49.17,49.17,0.0,387.308699,0.0
2019-01-02,3,0,83,109.64,109.64,0.0,863.626719,0.0
2019-01-02,3,0,84,0.0,0.0,0.0,0.0,0.0
2019-01-02,3,0,86,0.0,0.0,0.0,0.0,0.0
2019-01-02,3,0,87,0.0,0.0,0.0,0.0,0.0
2019-01-02,3,0,88,63.54,63.54,0.0,500.500198,0.0
2019-01-02,3,0,89,61.08,61.08,0.0,481.122948,0.0
2019-01-02,3,0,90,82.01,82.01,0.0,645.987114,0.0
2019-01-02,3,0,91,292.54,292.54,0.0,2304.317405,0.0
2019-01-02,3,0,92,105.21,105.21,0.0,828.731914,0.0
2019-01-02,3,0,95,28.94,28.94,0.0,505.364333,0.0
2019-01-02,3,0,96,16.43,16.43,0.0,160.013332,0.0
2019-01-02,3,0,97,101.02,101.02,0.0,983.843384,0.0
2019-01-02,3,0,99,7.19,7.19,0.0,91.082889,0.0
2019-01-02,3,0,101,0.0,0.0,0.0,0.0,0.0
2019-01-02,3,0,102,5.63,5.63,0.0,50.342962,0.0
2019-01-02,3,0,103,4.89,4.89,0.0,43.725947,0.0
2019-01-02,3,0,104,0.91,0.91,0.0,8.137139,0.0
2019-01-02,3,0,106,0.0,0.0,0.0,0.0,0.0
2019-01-02,3,0,109,97.3,97.3,0.0,1114.283046,0.0
2019-01-02,3,0,110,21.58,21.58,0.0,318.551566,0.0
2019-01-02,3,0,111,0.0,0.0,0.0,0.0,0.0
2019-01-02,3,0,113,20.68,20.68,0.0,148.190587,0.0
2019-01-02,3,0,115,20.68,20.68,0.0,148.190587,0.0
2019-01-02,3,0,116,0.0,0.0,0.0,0.0,0.0
2019-01-02,3,0,117,1.06,1.06,0.0,7.595842,0.0
2019-01-02,3,0,119,48.04,48.04,0.0,846.578685,0.0
2019-01-02,3,0,120,28.25,28.25,0.0,497.83197,0.0
2019-01-02,3,0,123,0.0,0.0,0.0,0.0,0.0
2019-01-02,3,0,125,97.9,97.9,0.0,957.451355,0.0
2019-01-02,3,0,126,0.0,0.0,0.0,0.0,0.0
2019-01-02,3,0,127,0.0,0.0,0.0,0.0,0.0
2019-01-02,3,0,128,140.22,140.22,0.0,1371.336354,0.0
2019-01-02,3,0,131,10.71,10.71,0.0,91.670305,0.0
2019-01-02,3,0,132,15.74,15.74,0.0,134.723679,0.0
2019-01-02,3,0,133,19.32,19.32,0.0,266.556171,0.0
2019-01-02,3,0,134,0.0,0.0,0.0,0.0,0.0
2019-01-02,3,0,135,25.85,25.85,0.0,356.64995,0.0
2019-01-02,3,0,136,28.5,28.5,0.0,391.901646,0.0
2019-01-02,3,0,139,77.79,77.79,0.0,846.846399,0.0
2019-01-02,3,0,140,15.97,15.97,0.0,235.739968,0.0
2019-01-02,3,0,141,38.36,38.36,0.0,397.964726,0.0
2019-01-02,3,0,142,0.0,0.0,0.0,0.0,0.0
2019-01-02,3,0,143,59.63,59.63,0.0,581.9854,0.0
2019-01-02,3,0,145,10.96,10.96,0.0,113.866521,0.0
2019-01-02,3,0,146,82.24,82.24,0.0,1213.979645,0.0
2019-01-02,3,0,152,0.0,0.0,0.0,0.0,0.0
2019-01-02,3,0,153,0.0,0.0,0.0,0.0,0.0
2019-01-02,3,0,154,0.0,0.0,0.0,0.0,0.0
2019-01-02,3,0,157,28.32,28.32,0.0,293.805032,0.0
2019-01-02,3,0,158,0.0,0.0,0.0,0.0,0.0
2019-01-02,3,0,159,0.0,0.0,0.0,0.0,0.0
2019-01-02,3,0,160,0.0,0.0,0.0,0.0,0.0
2019-01-02,3,0,161,0.0,0.0,0.0,0.0,0.0
2019-01-02,3,0,162,22.77,22.77,0.0,397.759675,0.0
2019-01-02,3,0,163,12.28,12.28,0.0,181.270307,0.0
2019-01-02,3,0,164,0.0,0.0,0.0,0.0,0.0
2019-01-02,3,0,167,0.0,0.0,0.0,0.0,0.0
2019-01-02,3,0,168,0.0,0.0,0.0,0.0,0.0
2019-01-02,3,0,169,0.0,0.0,0.0,0.0,0.0
2019-01-02,3,0,170,0.0,0.0,0.0,0.0,0.0
2019-01-02,3,0,172,0.0,0.0,0.0,0.0,0.0
2019-01-02,3,0,173,0.0,0.0,0.0,0.0,0.0
2019-01-02,3,0,188,0.0,0.0,0.0,0.0,0.0
2019-01-02,3,0,190,0.0,0.0,0.0,0.0,0.0
2019-01-02,3,0,191,0.0,0.0,0.0,0.0,0.0
2019-01-02,3,0,192,10.08,10.08,0.0,177.633496,0.0
2019-01-02,3,0,194,81.69,81.69,0.0,444.078466,0.0
2019-01-02,3,0,196,0.0,0.0,0.0,0.0,0.0
2019-01-02,3,0,198,0.0,0.0,0.0,0.0,0.0
2019-01-02,3,0,199,37.46,37.46,0.0,334.62999,0.0
2019-01-02,3,0,200,0.0,0.0,0.0,0.0,0.0
2019-01-02,3,0,204,383.86,383.86,0.0,4354.092359,0.0
2019-01-02,3,0,205,514.74,514.74,0.0,5894.820711,0.0
2019-01-02,3,0,206,296.83,296.83,0.0,2890.855591,0.0
2019-01-02,3,0,210,0.0,0.0,0.0,0.0,0.0
2019-01-02,3,0,214,0.0,0.0,0.0,0.0,0.0
2019-01-02,3,0,217,0.0,0.0,0.0,0.0,0.0
2019-01-02,3,0,218,0.0,0.0,0.0,0.0,0.0
2019-01-02,3,0,219,0.0,0.0,0.0,0.0,0.0
2019-01-02,3,0,221,0.0,0.0,0.0,0.0,0.0
2019-01-02,3,0,225,0.0,0.0,0.0,0.0,0.0
2019-01-02,3,0,233,0.0,0.0,0.0,0.0,0.0
2019-01-02,3,0,236,95.28,95.28,0.0,1261.459966,0.0
2019-01-02,3,0,237,89.32,89.32,0.0,1131.505374,0.0
2019-01-02,3,0,238,0.0,0.0,0.0,0.0,0.0
2019-01-02,3,0,240,0.0,0.0,0.0,0.0,0.0
2019-01-02,3,0,245,33.36,33.36,0.0,465.046347,0.0
2019-01-02,3,0,247,57.82,57.82,0.0,806.024574,0.0
2019-01-02,3,0,248,8.97,8.97,0.0,113.631921,0.0
2019-01-02,3,0,249,64.15,64.15,0.0,894.266281,0.0
2019-01-02,3,0,251,83.03,83.03,0.0,1136.469164,0.0
2019-01-02,3,0,252,100.45,100.45,0.0,1381.502015,0.0
2019-01-02,3,0,254,0.0,0.0,0.0,0.0,0.0
2019-01-02,3,0,255,0.0,0.0,0.0,0.0,0.0
2019-01-02,3,0,258,0.0,0.0,0.0,0.0,0.0
2019-01-02,3,0,260,0.0,0.0,0.0,0.0,0.0
2019-01-02,3,0,265,0.0,0.0,0.0,0.0,0.0
2019-01-02,3,0,266,50.37,50.37,0.0,548.343657,0.0
2019-01-02,3,0,267,61.9,61.9,0.0,673.862862,0.0
2019-01-02,3,0,270,38.35,38.35,0.0,566.100674,0.0
2019-01-02,3,0,272,84.46,84.46,0.0,605.230996,0.0
2019-01-02,3,0,273,0.0,0.0,0.0,0.0,0.0
2019-01-02,3,0,274,49.43,49.43,0.0,729.65727,0.0
2019-01-02,3,0,275,68.81,68.81,0.0,1015.733699,0.0
2019-01-02,3,0,276,0.0,0.0,0.0,0.0,0.0
2019-01-02,3,0,277,0.0,0.0,0.0,0.0,0.0
2019-01-02,3,0,278,0.0,0.0,0.0,0.0,0.0
2019-01-02,3,0,279,66.75,66.75,0.0,497.3514,0.0
2019-01-02,3,0,281,16.83,16.83,0.0,164.25984,0.0
2019-01-02,3,0,282,0.0,0.0,0.0,0.0,0.0
2019-01-02,4,0,9,0.0,0.0,0.0,0.0,0.0
2019-01-02,4,0,17,0.0,0.0,0.0,0.0,0.0
2019-01-02,4,0,19,183.1,183.1,0.0,2606.563699,0.0
2019-01-02,4,0,20,222.06,222.06,0.0,3161.188067,0.0
2019-01-02,4,0,21,0.0,0.0,0.0,0.0,0.0
2019-01-02,4,0,22,0.0,0.0,0.0,0.0,0.0
2019-01-02,4,0,23,65.91,65.91,0.0,469.557181,0.0
2019-01-02,4,0,24,108.92,108.92,0.0,775.96978,0.0
2019-01-02,4,0,29,0.0,0.0,0.0,0.0,0.0
2019-01-02,4,0,30,0.0,0.0,0.0,0.0,0.0
2019-01-02,4,0,31,37.5,37.5,0.0,265.717614,0.0
2019-01-02,4,0,32,0.0,0.0,0.0,0.0,0.0
2019-01-02,4,0,33,0.0,0.0,0.0,0.0,0.0
2019-01-02,4,0,34,0.0,0.0,0.0,0.0,0.0
2019-01-02,4,0,35,0.0,0.0,0.0,0.0,0.0
2019-01-02,4,0,36,0.0,0.0,0.0,0.0,0.0
2019-01-02,4,0,37,0.0,0.0,0.0,0.0,0.0
2019-01-02,4,0,38,0.0,0.0,0.0,0.0,0.0
2019-01-02,4,0,39,0.0,0.0,0.0,0.0,0.0
2019-01-02,4,0,40,0.0,0.0,0.0,0.0,0.0
2019-01-02,4,0,41,54.54,54.54,0.0,502.147523,0.0
2019-01-02,4,0,42,0.0,0.0,0.0,0.0,0.0
2019-01-02,4,0,43,0.0,0.0,0.0,0.0,0.0
2019-01-02,4,0,46,0.0,0.0,0.0,0.0,0.0
2019-01-02,4,0,52,39.75,39.75,0.0,281.660671,0.0
2019-01-02,4,0,53,63.15,63.15,0.0,447.468462,0.0
2019-01-02,4,0,55,623.0,623.0,0.0,4438.387559,0.0
2019-01-02,4,0,56,0.0,0.0,0.0,0.0,0.0
2019-01-02,4,0,57,0.0,0.0,0.0,0.0,0.0
2019-01-02,4,0,58,0.0,0.0,0.0,0.0,0.0
2019-01-02,4,0,59,0.0,0.0,0.0,0.0,0.0
2019-01-02,4,0,63,43.29,43.29,0.0,1290.402976,0.0
2019-01-02,4,0,64,50.93,50.93,0.0,1518.138683,0.0
2019-01-02,4,0,65,11.69,11.69,0.0,165.662423,0.0
2019-01-02,4,0,67,0.0,0.0,0.0,0.0,0.0
2019-01-02,4,0,68,3.11,3.11,0.0,19.966913,0.0
2019-01-02,4,0,69,0.0,0.0,0.0,0.0,0.0
2019-01-02,4,0,74,36.18,36.18,0.0,448.743956,0.0
2019-01-02,4,0,77,95.42,95.42,0.0,329.125026,0.0
2019-01-02,4,0,78,72.14,72.14,0.0,248.827074,0.0
2019-01-02,4,0,79,41.74,41.74,0.0,143.970641,0.0
2019-01-02,4,0,80,67.51,67.51,0.0,232.857163,0.0
2019-01-02,4,0,81,88.26,88.26,0.0,304.428577,0.0
2019-01-02,4,0,82,62.26,62.26,0.0,214.748733,0.0
2019-01-02,4,0,83,138.83,138.83,0.0,478.855873,0.0
2019-01-02,4,0,84,0.0,0.0,0.0,0.0,0.0
2019-01-02,4,0,86,0.0,0.0,0.0,0.0,0.0
2019-01-02,4,0,87,0.0,0.0,0.0,0.0,0.0
2019-01-02,4,0,88,77.39,77.39,0.0,266.935504,0.0
2019-01-02,4,0,89,74.39,74.39,0.0,256.587829,0.0
2019-01-02,4,0,90,99.88,99.88,0.0,344.508568,0.0
2019-01-02,4,0,91,356.31,356.31,0.0,1228.993272,0.0
2019-01-02,4,0,92,128.14,128.14,0.0,441.98366,0.0
2019-01-02,4,0,95,71.47,71.47,0.0,2105.631034,0.0
2019-01-02,4,0,96,20.0,20.0,0.0,140.913121,0.0
2019-01-02,4,0,97,123.0,123.0,0.0,866.615696,0.0
2019-01-02,4,0,99,6.98,6.98,0.0,86.573599,0.0
2019-01-02,4,0,101,0.0,0.0,0.0,0.0,0.0
2019-01-02,4,0,102,7.35,7.35,0.0,47.188684,0.0
2019-01-02,4,0,103,6.39,6.39,0.0,41.025264,0.0
2019-01-02,4,0,104,1.19,1.19,0.0,7.640073,0.0
2019-01-02,4,0,106,0.0,0.0,0.0,0.0,0.0
2019-01-02,4,0,109,90.42,90.42,0.0,938.735219,0.0
2019-01-02,4,0,110,10.44,10.44,0.0,230.935151,0.0
2019-01-02,4,0,111,0.0,0.0,0.0,0.0,0.0
2019-01-02,4,0,113,14.54,14.54,0.0,26.934189,0.0
2019-01-02,4,0,115,14.54,14.54,0.0,26.934189,0.0
2019-01-02,4,0,116,0.0,0.0,0.0,0.0,0.0
2019-01-02,4,0,117,0.97,0.97,0.0,1.796848,0.0
2019-01-02,4,0,119,50.93,50.93,0.0,1518.138683,0.0
2019-01-02,4,0,120,29.94,29.94,0.0,892.461657,0.0
2019-01-02,4,0,123,0.0,0.0,0.0,0.0,0.0
2019-01-02,4,0,125,99.95,99.95,0.0,712.065548,0.0
2019-01-02,4,0,126,0.0,0.0,0.0,0.0,0.0
2019-01-02,4,0,127,0.0,0.0,0.0,0.0,0.0
2019-01-02,4,0,128,135.73,135.73,0.0,966.970054,0.0
2019-01-02,4,0,131,13.92,13.92,0.0,75.001842,0.0
2019-01-02,4,0,132,20.46,20.46,0.0,110.239777,0.0
2019-01-02,4,0,133,19.01,19.01,0.0,270.736809,0.0
2019-01-02,4,0,134,0.0,0.0,0.0,0.0,0.0
2019-01-02,4,0,135,26.22,26.22,0.0,373.42026,0.0
2019-01-02,4,0,136,25.52,25.52,0.0,361.561128,0.0
2019-01-02,4,0,139,70.43,70.43,0.0,648.446096,0.0
2019-01-02,4,0,140,7.73,7.73,0.0,170.989341,0.0
2019-01-02,4,0,141,49.15,49.15,0.0,505.508571,0.0
2019-01-02,4,0,142,0.0,0.0,0.0,0.0,0.0
2019-01-02,4,0,143,59.48,59.48,0.0,421.463565,0.0
2019-01-02,4,0,145,11.4,11.4,0.0,94.743223,0.0
2019-01-02,4,0,146,71.93,71.93,0.0,1591.107801,0.0
2019-01-02,4,0,152,0.0,0.0,0.0,0.0,0.0
2019-01-02,4,0,153,0.0,0.0,0.0,0.0,0.0
2019-01-02,4,0,154,0.0,0.0,0.0,0.0,0.0
2019-01-02,4,0,157,26.31,26.31,0.0,270.598789,0.0
2019-01-02,4,0,158,0.0,0.0,0.0,0.0,0.0
2019-01-02,4,0,159,0.0,0.0,0.0,0.0,0.0
2019-01-02,4,0,160,0.0,0.0,0.0,0.0,0.0
2019-01-02,4,0,161,0.0,0.0,0.0,0.0,0.0
2019-01-02,4,0,162,23.34,23.34,0.0,687.983429,0.0
2019-01-02,4,0,163,13.87,13.87,0.0,306.807524,0.0
2019-01-02,4,0,164,0.0,0.0,0.0,0.0,0.0
2019-01-02,4,0,167,0.0,0.0,0.0,0.0,0.0
2019-01-02,4,0,168,0.0,0.0,0.0,0.0,0.0
2019-01-02,4,0,169,0.0,0.0,0.0,0.0,0.0
2019-01-02,4,0,170,0.0,0.0,0.0,0.0,0.0
2019-01-02,4,0,172,0.0,0.0,0.0,0.0,0.0
2019-01-02,4,0,173,0.0,0.0,0.0,0.0,0.0
2019-01-02,4,0,188,0.0,0.0,0.0,0.0,0.0
2019-01-02,4,0,190,0.0,0.0,0.0,0.0,0.0
2019-01-02,4,0,191,0.0,0.0,0.0,0.0,0.0
2019-01-02,4,0,192,12.56,12.56,0.0,374.392732,0.0
2019-01-02,4,0,194,88.26,88.26,0.0,-221.903327,0.0
2019-01-02,4,0,196,0.0,0.0,0.0,0.0,0.0
2019-01-02,4,0,198,0.0,0.0,0.0,0.0,0.0
2019-01-02,4,0,199,36.64,36.64,0.0,291.690859,0.0
2019-01-02,4,0,200,0.0,0.0,0.0,0.0,0.0
2019-01-02,4,0,204,345.53,345.53,0.0,3522.148603,0.0
2019-01-02,4,0,205,478.32,478.32,0.0,4965.890623,0.0
2019-01-02,4,0,206,361.43,361.43,0.0,2546.511473,0.0
2019-01-02,4,0,210,0.0,0.0,0.0,0.0,0.0
2019-01-02,4,0,214,0.0,0.0,0.0,0.0,0.0
2019-01-02,4,0,217,0.0,0.0,0.0,0.0,0.0
2019-01-02,4,0,218,0.0,0.0,0.0,0.0,0.0
2019-01-02,4,0,219,0.0,0.0,0.0,0.0,0.0
2019-01-02,4,0,221,0.0,0.0,0.0,0.0,0.0
2019-01-02,4,0,225,0.0,0.0,0.0,0.0,0.0
2019-01-02,4,0,233,0.0,0.0,0.0,0.0,0.0
2019-01-02,4,0,236,88.65,88.65,0.0,1183.206273,0.0
2019-01-02,4,0,237,86.8,86.8,0.0,1076.588594,0.0
2019-01-02,4,0,238,0.0,0.0,0.0,0.0,0.0
2019-01-02,4,0,240,0.0,0.0,0.0,0.0,0.0
2019-01-02,4,0,245,28.09,28.09,0.0,406.538718,0.0
2019-01-02,4,0,247,54.98,54.98,0.0,795.710171,0.0
2019-01-02,4,0,248,8.71,8.71,0.0,108.030952,0.0
2019-01-02,4,0,249,54.01,54.01,0.0,781.671632,0.0
2019-01-02,4,0,251,62.11,62.11,0.0,873.607347,0.0
2019-01-02,4,0,252,75.42,75.42,0.0,1068.79897,0.0
2019-01-02,4,0,254,0.0,0.0,0.0,0.0,0.0
2019-01-02,4,0,255,0.0,0.0,0.0,0.0,0.0
2019-01-02,4,0,258,0.0,0.0,0.0,0.0,0.0
2019-01-02,4,0,260,0.0,0.0,0.0,0.0,0.0
2019-01-02,4,0,265,0.0,0.0,0.0,0.0,0.0
2019-01-02,4,0,266,45.6,45.6,0.0,419.837313,0.0
2019-01-02,4,0,267,56.04,56.04,0.0,515.957961,0.0
2019-01-02,4,0,270,43.3,43.3,0.0,957.805752,0.0
2019-01-02,4,0,272,48.59,48.59,0.0,90.009096,0.0
2019-01-02,4,0,273,0.0,0.0,0.0,0.0,0.0
2019-01-02,4,0,274,55.82,55.82,0.0,1234.750972,0.0
2019-01-02,4,0,275,77.7,77.7,0.0,1718.7415,0.0
2019-01-02,4,0,276,0.0,0.0,0.0,0.0,0.0
2019-01-02,4,0,277,0.0,0.0,0.0,0.0,0.0
2019-01-02,4,0,278,0.0,0.0,0.0,0.0,0.0
2019-01-02,4,0,279,83.51,83.51,0.0,208.157435,0.0
2019-01-02,4,0,281,16.83,16.83,0.0,119.254065,0.0
2019-01-02,4,0,282,0.0,0.0,0.0,0.0,0.0
2019-01-02,5,0,9,0.0,0.0,0.0,0.0,0.0
2019-01-02,5,0,17,0.0,0.0,0.0,0.0,0.0
2019-01-02,5,0,19,332.84,332.84,0.0,4586.303075,0.0
2019-01-02,5,0,20,403.68,403.68,0.0,5562.428871,0.0
2019-01-02,5,0,21,0.0,0.0,0.0,0.0,0.0
2019-01-02,5,0,22,0.0,0.0,0.0,0.0,0.0
2019-01-02,5,0,23,68.28,68.28,0.0,776.258861,0.0
2019-01-02,5,0,24,120.8,120.8,0.0,1373.346082,0.0
2019-01-02,5,0,29,0.0,0.0,0.0,0.0,0.0
2019-01-02,5,0,30,0.0,0.0,0.0,0.0,0.0
2019-01-02,5,0,31,32.32,32.32,0.0,367.08401,0.0
2019-01-02,5,0,32,0.0,0.0,0.0,0.0,0.0
2019-01-02,5,0,33,0.0,0.0,0.0,0.0,0.0
2019-01-02,5,0,34,0.0,0.0,0.0,0.0,0.0
2019-01-02,5,0,35,0.0,0.0,0.0,0.0,0.0
2019-01-02,5,0,36,0.0,0.0,0.0,0.0,0.0
2019-01-02,5,0,37,0.0,0.0,0.0,0.0,0.0
2019-01-02,5,0,38,0.0,0.0,0.0,0.0,0.0
2019-01-02,5,0,39,0.0,0.0,0.0,0.0,0.0
2019-01-02,5,0,40,0.0,0.0,0.0,0.0,0.0
2019-01-02,5,0,41,60.53,60.53,0.0,725.917032,0.0
2019-01-02,5,0,42,0.0,0.0,0.0,0.0,0.0
2019-01-02,5,0,43,0.0,0.0,0.0,0.0,0.0
2019-01-02,5,0,46,0.0,0.0,0.0,0.0,0.0
2019-01-02,5,0,52,34.26,34.26,0.0,389.118137,0.0
2019-01-02,5,0,53,54.42,54.42,0.0,618.091332,0.0
2019-01-02,5,0,55,437.1,437.1,0.0,4969.284539,0.0
2019-01-02,5,0,56,0.0,0.0,0.0,0.0,0.0
2019-01-02,5,0,57,0.0,0.0,0.0,0.0,0.0
2019-01-02,5,0,58,0.0,0.0,0.0,0.0,0.0
2019-01-02,5,0,59,0.0,0.0,0.0,0.0,0.0
2019-01-02,5,0,63,46.26,46.26,0.0,1378.933742,0.0
2019-01-02,5,0,64,54.42,54.42,0.0,1622.169785,0.0
2019-01-02,5,0,65,8.35,8.35,0.0,114.838644,0.0
2019-01-02,5,0,67,0.0,0.0,0.0,0.0,0.0
2019-01-02,5,0,68,3.22,3.22,0.0,40.622713,0.0
2019-01-02,5,0,69,0.0,0.0,0.0,0.0,0.0
2019-01-02,5,0,74,36.36,36.36,0.0,474.49344,0.0
2019-01-02,5,0,77,93.66,93.66,0.0,967.185358,0.0
2019-01-02,5,0,78,70.81,70.81,0.0,731.223523,0.0
2019-01-02,5,0,79,40.98,40.98,0.0,423.182319,0.0
2019-01-02,5,0,80,66.26,66.26,0.0,684.237687,0.0
2019-01-02,5,0,81,86.63,86.63,0.0,894.58966,0.0
2019-01-02,5,0,82,61.11,61.11,0.0,631.055917,0.0
2019-01-02,5,0,83,136.27,136.27,0.0,1407.199965,0.0
2019-01-02,5,0,84,0.0,0.0,0.0,0.0,0.0
2019-01-02,5,0,86,0.0,0.0,0.0,0.0,0.0
2019-01-02,5,0,87,0.0,0.0,0.0,0.0,0.0
2019-01-02,5,0,88,76.62,76.62,0.0,791.220821,0.0
2019-01-02,5,0,89,73.66,73.66,0.0,760.654211,0.0
2019-01-02,5,0,90,98.9,98.9,0.0,1021.296518,0.0
2019-01-02,5,0,91,352.79,352.79,0.0,3643.106153,0.0
2019-01-02,5,0,92,126.88,126.88,0.0,1310.233591,0.0
2019-01-02,5,0,95,25.91,25.91,0.0,773.975044,0.0
2019-01-02,5,0,96,18.26,18.26,0.0,207.184194,0.0
2019-01-02,5,0,97,112.29,112.29,0.0,1274.080676,0.0
2019-01-02,5,0,99,7.02,7.02,0.0,91.61012,0.0
2019-01-02,5,0,101,0.0,0.0,0.0,0.0,0.0
2019-01-02,5,0,102,7.63,7.63,0.0,96.258169,0.0
2019-01-02,5,0,103,6.63,6.63,0.0,83.642419,0.0
2019-01-02,5,0,104,1.23,1.23,0.0,15.517372,0.0
2019-01-02,5,0,106,0.0,0.0,0.0,0.0,0.0
2019-01-02,5,0,109,79.98,79.98,0.0,981.760095,0.0
2019-01-02,5,0,110,11.4,11.4,0.0,275.045351,0.0
2019-01-02,5,0,111,0.0,0.0,0.0,0.0,0.0
2019-01-02,5,0,113,34.97,34.97,0.0,332.913929,0.0
2019-01-02,5,0,115,34.97,34.97,0.0,332.913929,0.0
2019-01-02,5,0,116,0.0,0.0,0.0,0.0,0.0
2019-01-02,5,0,117,1.68,1.68,0.0,15.993577,0.0
2019-01-02,5,0,119,54.42,54.42,0.0,1622.169785,0.0
2019-01-02,5,0,120,32.0,32.0,0.0,953.866834,0.0
2019-01-02,5,0,123,0.0,0.0,0.0,0.0,0.0
2019-01-02,5,0,125,109.32,109.32,0.0,1242.832729,0.0
2019-01-02,5,0,126,0.0,0.0,0.0,0.0,0.0
2019-01-02,5,0,127,0.0,0.0,0.0,0.0,0.0
2019-01-02,5,0,128,156.57,156.57,0.0,1780.006589,0.0
2019-01-02,5,0,131,13.76,13.76,0.0,163.179549,0.0
2019-01-02,5,0,132,20.23,20.23,0.0,239.907142,0.0
2019-01-02,5,0,133,16.46,16.46,0.0,226.847907,0.0
2019-01-02,5,0,134,0.0,0.0,0.0,0.0,0.0
2019-01-02,5,0,135,23.46,23.46,0.0,323.320286,0.0
2019-01-02,5,0,136,18.52,18.52,0.0,254.681378,0.0
2019-01-02,5,0,139,78.17,78.17,0.0,937.46794,0.0
2019-01-02,5,0,140,8.44,8.44,0.0,203.630067,0.0
2019-01-02,5,0,141,48.3,48.3,0.0,746.204192,0.0
2019-01-02,5,0,142,0.0,0.0,0.0,0.0,0.0
2019-01-02,5,0,143,81.43,81.43,0.0,924.865438,0.0
2019-01-02,5,0,145,11.25,11.25,0.0,131.61673,0.0
2019-01-02,5,0,146,58.38,58.38,0.0,1408.521718,0.0
2019-01-02,5,0,152,0.0,0.0,0.0,0.0,0.0
2019-01-02,5,0,153,0.0,0.0,0.0,0.0,0.0
2019-01-02,5,0,154,0.0,0.0,0.0,0.0,0.0
2019-01-02,5,0,157,23.89,23.89,0.0,369.085262,0.0
2019-01-02,5,0,158,0.0,0.0,0.0,0.0,0.0
2019-01-02,5,0,159,0.0,0.0,0.0,0.0,0.0
2019-01-02,5,0,160,0.0,0.0,0.0,0.0,0.0
2019-01-02,5,0,161,0.0,0.0,0.0,0.0,0.0
2019-01-02,5,0,162,21.75,21.75,0.0,649.813947,0.0
2019-01-02,5,0,163,17.27,17.27,0.0,416.66958,0.0
2019-01-02,5,0,164,0.0,0.0,0.0,0.0,0.0
2019-01-02,5,0,167,0.0,0.0,0.0,0.0,0.0
2019-01-02,5,0,168,0.0,0.0,0.0,0.0,0.0
2019-01-02,5,0,169,0.0,0.0,0.0,0.0,0.0
2019-01-02,5,0,170,0.0,0.0,0.0,0.0,0.0
2019-01-02,5,0,172,0.0,0.0,0.0,0.0,0.0
2019-01-02,5,0,173,0.0,0.0,0.0,0.0,0.0
2019-01-02,5,0,188,0.0,0.0,0.0,0.0,0.0
2019-01-02,5,0,190,0.0,0.0,0.0,0.0,0.0
2019-01-02,5,0,191,0.0,0.0,0.0,0.0,0.0
2019-01-02,5,0,192,13.69,13.69,0.0,408.076155,0.0
2019-01-02,5,0,194,79.98,79.98,0.0,532.524868,0.0
2019-01-02,5,0,196,0.0,0.0,0.0,0.0,0.0
2019-01-02,5,0,198,0.0,0.0,0.0,0.0,0.0
2019-01-02,5,0,199,31.08,31.08,0.0,289.050074,0.0
2019-01-02,5,0,200,0.0,0.0,0.0,0.0,0.0
2019-01-02,5,0,204,298.57,298.57,0.0,3644.913823,0.0
2019-01-02,5,0,205,423.09,423.09,0.0,5193.459348,0.0
2019-01-02,5,0,206,329.97,329.97,0.0,3743.952272,0.0
2019-01-02,5,0,210,0.0,0.0,0.0,0.0,0.0
2019-01-02,5,0,214,0.0,0.0,0.0,0.0,0.0
2019-01-02,5,0,217,0.0,0.0,0.0,0.0,0.0
2019-01-02,5,0,218,0.0,0.0,0.0,0.0,0.0
2019-01-02,5,0,219,0.0,0.0,0.0,0.0,0.0
2019-01-02,5,0,221,0.0,0.0,0.0,0.0,0.0
2019-01-02,5,0,225,0.0,0.0,0.0,0.0,0.0
2019-01-02,5,0,233,0.0,0.0,0.0,0.0,0.0
2019-01-02,5,0,236,81.46,81.46,0.0,1092.87305,0.0
2019-01-02,5,0,237,87.22,87.22,0.0,1138.210062,0.0
2019-01-02,5,0,238,0.0,0.0,0.0,0.0,0.0
2019-01-02,5,0,240,0.0,0.0,0.0,0.0,0.0
2019-01-02,5,0,245,35.56,35.56,0.0,493.414309,0.0
2019-01-02,5,0,247,49.03,49.03,0.0,680.317873,0.0
2019-01-02,5,0,248,8.76,8.76,0.0,114.316901,0.0
2019-01-02,5,0,249,68.39,68.39,0.0,948.948386,0.0
2019-01-02,5,0,251,46.78,46.78,0.0,641.361367,0.0
2019-01-02,5,0,252,53.88,53.88,0.0,741.018701,0.0
2019-01-02,5,0,254,0.0,0.0,0.0,0.0,0.0
2019-01-02,5,0,255,0.0,0.0,0.0,0.0,0.0
2019-01-02,5,0,258,0.0,0.0,0.0,0.0,0.0
2019-01-02,5,0,260,0.0,0.0,0.0,0.0,0.0
2019-01-02,5,0,265,0.0,0.0,0.0,0.0,0.0
2019-01-02,5,0,266,50.62,50.62,0.0,607.069555,0.0
2019-01-02,5,0,267,62.2,62.2,0.0,745.944811,0.0
2019-01-02,5,0,270,53.93,53.93,0.0,1301.157524,0.0
2019-01-02,5,0,272,120.22,120.22,0.0,1144.492782,0.0
2019-01-02,5,0,273,0.0,0.0,0.0,0.0,0.0
2019-01-02,5,0,274,69.53,69.53,0.0,1677.535372,0.0
2019-01-02,5,0,275,96.78,96.78,0.0,2334.990268,0.0
2019-01-02,5,0,276,0.0,0.0,0.0,0.0,0.0
2019-01-02,5,0,277,0.0,0.0,0.0,0.0,0.0
2019-01-02,5,0,278,0.0,0.0,0.0,0.0,0.0
2019-01-02,5,0,279,87.36,87.36,0.0,859.915386,0.0
2019-01-02,5,0,281,14.51,14.51,0.0,164.80164,0.0
2019-01-02,5,0,282,0.0,0.0,0.0,0.0,0.0
2019-01-02,6,0,9,0.0,0.0,0.0,0.0,0.0
2019-01-02,6,0,17,0.0,0.0,0.0,0.0,0.0
2019-01-02,6,0,19,548.85,548.85,0.0,6815.911103,0.0
2019-01-02,6,0,20,665.65,665.65,0.0,8266.395601,0.0
2019-01-02,6,0,21,0.0,0.0,0.0,0.0,0.0
2019-01-02,6,0,22,0.0,0.0,0.0,0.0,0.0
2019-01-02,6,0,23,64.07,64.07,0.0,795.669784,0.0
2019-01-02,6,0,24,113.36,113.36,0.0,1407.790335,0.0
2019-01-02,6,0,29,0.0,0.0,0.0,0.0,0.0
2019-01-02,6,0,30,0.0,0.0,0.0,0.0,0.0
2019-01-02,6,0,31,24.79,24.79,0.0,307.566182,0.0
2019-01-02,6,0,32,0.0,0.0,0.0,0.0,0.0
2019-01-02,6,0,33,0.0,0.0,0.0,0.0,0.0
2019-01-02,6,0,34,0.0,0.0,0.0,0.0,0.0
2019-01-02,6,0,35,0.0,0.0,0.0,0.0,0.0
2019-01-02,6,0,36,0.0,0.0,0.0,0.0,0.0
2019-01-02,6,0,37,0.0,0.0,0.0,0.0,0.0
2019-01-02,6,0,38,0.0,0.0,0.0,0.0,0.0
2019-01-02,6,0,39,0.0,0.0,0.0,0.0,0.0
2019-01-02,6,0,40,0.0,0.0,0.0,0.0,0.0
2019-01-02,6,0,41,72.13,72.13,0.0,945.347281,0.0
2019-01-02,6,0,42,0.0,0.0,0.0,0.0,0.0
2019-01-02,6,0,43,0.0,0.0,0.0,0.0,0.0
2019-01-02,6,0,46,0.0,0.0,0.0,0.0,0.0
2019-01-02,6,0,52,26.28,26.28,0.0,326.052411,0.0
2019-01-02,6,0,53,41.72,41.72,0.0,517.614406,0.0
2019-01-02,6,0,55,149.79,149.79,0.0,1860.205666,0.0
2019-01-02,6,0,56,0.0,0.0,0.0,0.0,0.0
2019-01-02,6,0,57,0.0,0.0,0.0,0.0,0.0
2019-01-02,6,0,58,0.0,0.0,0.0,0.0,0.0
2019-01-02,6,0,59,0.0,0.0,0.0,0.0,0.0
2019-01-02,6,0,63,49.23,49.23,0.0,1467.464507,0.0
2019-01-02,6,0,64,57.92,57.92,0.0,1726.49897,0.0
2019-01-02,6,0,65,5.79,5.79,0.0,79.630629,0.0
2019-01-02,6,0,67,0.0,0.0,0.0,0.0,0.0
2019-01-02,6,0,68,3.33,3.33,0.0,44.811968,0.0
2019-01-02,6,0,69,0.0,0.0,0.0,0.0,0.0
2019-01-02,6,0,74,36.89,36.89,0.0,527.668786,0.0
2019-01-02,6,0,77,92.24,92.24,0.0,1041.42146,0.0
2019-01-02,6,0,78,69.74,69.74,0.0,787.388688,0.0
2019-01-02,6,0,79,40.36,40.36,0.0,455.67834,0.0
2019-01-02,6,0,80,65.26,65.26,0.0,736.807941,0.0
2019-01-02,6,0,81,85.32,85.32,0.0,963.292269,0.0
2019-01-02,6,0,82,60.19,60.19,0.0,679.56589,0.0
2019-01-02,6,0,83,134.21,134.21,0.0,1515.277256,0.0
2019-01-02,6,0,84,0.0,0.0,0.0,0.0,0.0
2019-01-02,6,0,86,0.0,0.0,0.0,0.0,0.0
2019-01-02,6,0,87,0.0,0.0,0.0,0.0,0.0
2019-01-02,6,0,88,76.19,76.19,0.0,860.211416,0.0
2019-01-02,6,0,89,73.25,73.25,0.0,827.0178,0.0
2019-01-02,6,0,90,98.35,98.35,0.0,1110.40547,0.0
2019-01-02,6,0,91,350.82,350.82,0.0,3960.878973,0.0
2019-01-02,6,0,92,126.17,126.17,0.0,1424.502879,0.0
2019-01-02,6,0,95,21.82,21.82,0.0,651.948099,0.0
2019-01-02,6,0,96,16.66,16.66,0.0,206.491307,0.0
2019-01-02,6,0,97,102.42,102.42,0.0,1269.438155,0.0
2019-01-02,6,0,99,7.12,7.12,0.0,101.843366,0.0
2019-01-02,6,0,101,0.0,0.0,0.0,0.0,0.0
2019-01-02,6,0,102,7.89,7.89,0.0,106.176104,0.0
2019-01-02,6,0,103,6.86,6.86,0.0,92.315345,0.0
2019-01-02,6,0,104,1.27,1.27,0.0,17.09045,0.0
2019-01-02,6,0,106,0.0,0.0,0.0,0.0,0.0
2019-01-02,6,0,109,80.22,80.22,0.0,1074.450964,0.0
2019-01-02,6,0,110,12.46,12.46,0.0,304.006772,0.0
2019-01-02,6,0,111,0.0,0.0,0.0,0.0,0.0
2019-01-02,6,0,113,46.13,46.13,0.0,484.057209,0.0
2019-01-02,6,0,115,46.13,46.13,0.0,484.057209,0.0
2019-01-02,6,0,116,0.0,0.0,0.0,0.0,0.0
2019-01-02,6,0,117,1.83,1.83,0.0,19.20279,0.0
2019-01-02,6,0,119,57.92,57.92,0.0,1726.49897,0.0
2019-01-02,6,0,120,34.06,34.06,0.0,1015.272011,0.0
2019-01-02,6,0,123,0.0,0.0,0.0,0.0,0.0
2019-01-02,6,0,125,102.58,102.58,0.0,1273.916131,0.0
2019-01-02,6,0,126,0.0,0.0,0.0,0.0,0.0
2019-01-02,6,0,127,0.0,0.0,0.0,0.0,0.0
2019-01-02,6,0,128,146.93,146.93,0.0,1824.68802,0.0
2019-01-02,6,0,131,13.68,13.68,0.0,174.251944,0.0
2019-01-02,6,0,132,20.12,20.12,0.0,256.28283,0.0
2019-01-02,6,0,133,23.31,23.31,0.0,358.165044,0.0
2019-01-02,6,0,134,0.0,0.0,0.0,0.0,0.0
2019-01-02,6,0,135,31.23,31.23,0.0,479.858187,0.0
2019-01-02,6,0,136,13.05,13.05,0.0,180.434492,0.0
2019-01-02,6,0,139,93.14,93.14,0.0,1220.707692,0.0
2019-01-02,6,0,140,9.22,9.22,0.0,224.955252,0.0
2019-01-02,6,0,141,50.36,50.36,0.0,813.338054,0.0
2019-01-02,6,0,142,0.0,0.0,0.0,0.0,0.0
2019-01-02,6,0,143,103.98,103.98,0.0,1290.065817,0.0
2019-01-02,6,0,145,11.22,11.22,0.0,143.329456,0.0
2019-01-02,6,0,146,48.11,48.11,0.0,1173.817481,0.0
2019-01-02,6,0,152,0.0,0.0,0.0,0.0,0.0
2019-01-02,6,0,153,0.0,0.0,0.0,0.0,0.0
2019-01-02,6,0,154,0.0,0.0,0.0,0.0,0.0
2019-01-02,6,0,157,23.22,23.22,0.0,375.014091,0.0
2019-01-02,6,0,158,0.0,0.0,0.0,0.0,0.0
2019-01-02,6,0,159,0.0,0.0,0.0,0.0,0.0
2019-01-02,6,0,160,0.0,0.0,0.0,0.0,0.0
2019-01-02,6,0,161,0.0,0.0,0.0,0.0,0.0
2019-01-02,6,0,162,20.45,20.45,0.0,611.104649,0.0
2019-01-02,6,0,163,21.1,21.1,0.0,514.810826,0.0
2019-01-02,6,0,164,0.0,0.0,0.0,0.0,0.0
2019-01-02,6,0,167,0.0,0.0,0.0,0.0,0.0
2019-01-02,6,0,168,0.0,0.0,0.0,0.0,0.0
2019-01-02,6,0,169,0.0,0.0,0.0,0.0,0.0
2019-01-02,6,0,170,0.0,0.0,0.0,0.0,0.0
2019-01-02,6,0,172,0.0,0.0,0.0,0.0,0.0
2019-01-02,6,0,173,0.0,0.0,0.0,0.0,0.0
2019-01-02,6,0,188,0.0,0.0,0.0,0.0,0.0
2019-01-02,6,0,190,0.0,0.0,0.0,0.0,0.0
2019-01-02,6,0,191,0.0,0.0,0.0,0.0,0.0
2019-01-02,6,0,192,14.94,14.94,0.0,445.336578,0.0
2019-01-02,6,0,194,72.33,72.33,0.0,560.183246,0.0
2019-01-02,6,0,196,0.0,0.0,0.0,0.0,0.0
2019-01-02,6,0,198,0.0,0.0,0.0,0.0,0.0
2019-01-02,6,0,199,27.94,27.94,0.0,269.744161,0.0
2019-01-02,6,0,200,0.0,0.0,0.0,0.0,0.0
2019-01-02,6,0,204,304.19,304.19,0.0,4050.63532,0.0
2019-01-02,6,0,205,424.36,424.36,0.0,5683.794702,0.0
2019-01-02,6,0,206,300.96,300.96,0.0,3730.229517,0.0
2019-01-02,6,0,210,0.0,0.0,0.0,0.0,0.0
2019-01-02,6,0,214,0.0,0.0,0.0,0.0,0.0
2019-01-02,6,0,217,0.0,0.0,0.0,0.0,0.0
2019-01-02,6,0,218,0.0,0.0,0.0,0.0,0.0
2019-01-02,6,0,219,0.0,0.0,0.0,0.0,0.0
2019-01-02,6,0,221,0.0,0.0,0.0,0.0,0.0
2019-01-02,6,0,225,0.0,0.0,0.0,0.0,0.0
2019-01-02,6,0,233,0.0,0.0,0.0,0.0,0.0
2019-01-02,6,0,236,74.96,74.96,0.0,1104.773693,0.0
2019-01-02,6,0,237,88.48,88.48,0.0,1265.604071,0.0
2019-01-02,6,0,238,0.0,0.0,0.0,0.0,0.0
2019-01-02,6,0,240,0.0,0.0,0.0,0.0,0.0
2019-01-02,6,0,245,44.3,44.3,0.0,665.254236,0.0
2019-01-02,6,0,247,43.94,43.94,0.0,659.848107,0.0
2019-01-02,6,0,248,8.88,8.88,0.0,127.01813,0.0
2019-01-02,6,0,249,85.19,85.19,0.0,1279.300415,0.0
2019-01-02,6,0,251,36.03,36.03,0.0,509.481915,0.0
2019-01-02,6,0,252,37.37,37.37,0.0,513.954508,0.0
2019-01-02,6,0,254,0.0,0.0,0.0,0.0,0.0
2019-01-02,6,0,255,0.0,0.0,0.0,0.0,0.0
2019-01-02,6,0,258,0.0,0.0,0.0,0.0,0.0
2019-01-02,6,0,260,0.0,0.0,0.0,0.0,0.0
2019-01-02,6,0,265,0.0,0.0,0.0,0.0,0.0
2019-01-02,6,0,266,60.31,60.31,0.0,790.432477,0.0
2019-01-02,6,0,267,74.12,74.12,0.0,971.428539,0.0
2019-01-02,6,0,270,65.89,65.89,0.0,1607.624898,0.0
2019-01-02,6,0,272,162.79,162.79,0.0,1708.208826,0.0
2019-01-02,6,0,273,0.0,0.0,0.0,0.0,0.0
2019-01-02,6,0,274,84.94,84.94,0.0,2072.418559,0.0
2019-01-02,6,0,275,118.23,118.23,0.0,2884.648531,0.0
2019-01-02,6,0,276,0.0,0.0,0.0,0.0,0.0
2019-01-02,6,0,277,0.0,0.0,0.0,0.0,0.0
2019-01-02,6,0,278,0.0,0.0,0.0,0.0,0.0
2019-01-02,6,0,279,91.27,91.27,0.0,986.890188,0.0
2019-01-02,6,0,281,11.15,11.15,0.0,138.336544,0.0
2019-01-02,6,0,282,0.0,0.0,0.0,0.0,0.0
2019-01-02,7,0,9,0.0,0.0,0.0,0.0,0.0
2019-01-02,7,0,17,0.0,0.0,0.0,0.0,0.0
2019-01-02,7,0,19,643.3,643.3,0.0,3687.429371,0.0
2019-01-02,7,0,20,780.2,780.2,0.0,4472.147357,0.0
2019-01-02,7,0,21,0.0,0.0,0.0,0.0,0.0
2019-01-02,7,0,22,0.0,0.0,0.0,0.0,0.0
2019-01-02,7,0,23,60.42,60.42,0.0,609.692752,0.0
2019-01-02,7,0,24,106.91,106.91,0.0,1078.819134,0.0
2019-01-02,7,0,29,0.0,0.0,0.0,0.0,0.0
2019-01-02,7,0,30,0.0,0.0,0.0,0.0,0.0
2019-01-02,7,0,31,46.34,46.34,0.0,467.490928,0.0
2019-01-02,7,0,32,0.0,0.0,0.0,0.0,0.0
2019-01-02,7,0,33,0.0,0.0,0.0,0.0,0.0
2019-01-02,7,0,34,0.0,0.0,0.0,0.0,0.0
2019-01-02,7,0,35,0.0,0.0,0.0,0.0,0.0
2019-01-02,7,0,36,0.0,0.0,0.0,0.0,0.0
2019-01-02,7,0,37,0.0,0.0,0.0,0.0,0.0
2019-01-02,7,0,38,0.0,0.0,0.0,0.0,0.0
2019-01-02,7,0,39,0.0,0.0,0.0,0.0,0.0
2019-01-02,7,0,40,0.0,0.0,0.0,0.0,0.0
2019-01-02,7,0,41,66.76,66.76,0.0,682.739994,0.0
2019-01-02,7,0,42,0.0,0.0,0.0,0.0,0.0
2019-01-02,7,0,43,0.0,0.0,0.0,0.0,0.0
2019-01-02,7,0,46,0.0,0.0,0.0,0.0,0.0
2019-01-02,7,0,52,49.13,49.13,0.0,495.637231,0.0
2019-01-02,7,0,53,78.07,78.07,0.0,787.592075,0.0
2019-01-02,7,0,55,126.53,126.53,0.0,1276.802778,0.0
2019-01-02,7,0,56,0.0,0.0,0.0,0.0,0.0
2019-01-02,7,0,57,0.0,0.0,0.0,0.0,0.0
2019-01-02,7,0,58,0.0,0.0,0.0,0.0,0.0
2019-01-02,7,0,59,0.0,0.0,0.0,0.0,0.0
2019-01-02,7,0,63,52.07,52.07,0.0,1552.120189,0.0
2019-01-02,7,0,64,61.26,61.26,0.0,1826.05882,0.0
2019-01-02,7,0,65,3.87,3.87,0.0,31.319012,0.0
2019-01-02,7,0,67,0.0,0.0,0.0,0.0,0.0
2019-01-02,7,0,68,3.48,3.48,0.0,33.658801,0.0
2019-01-02,7,0,69,0.0,0.0,0.0,0.0,0.0
2019-01-02,7,0,74,38.34,38.34,0.0,399.180282,0.0
2019-01-02,7,0,77,90.76,90.76,0.0,892.894256,0.0
2019-01-02,7,0,78,68.61,68.61,0.0,674.983197,0.0
2019-01-02,7,0,79,39.71,39.71,0.0,390.665832,0.0
2019-01-02,7,0,80,64.21,64.21,0.0,631.696124,0.0
2019-01-02,7,0,81,83.95,83.95,0.0,825.897673,0.0
2019-01-02,7,0,82,59.22,59.22,0.0,582.604648,0.0
2019-01-02,7,0,83,132.05,132.05,0.0,1299.104083,0.0
2019-01-02,7,0,84,0.0,0.0,0.0,0.0,0.0
2019-01-02,7,0,86,0.0,0.0,0.0,0.0,0.0
2019-01-02,7,0,87,0.0,0.0,0.0,0.0,0.0
2019-01-02,7,0,88,75.47,75.47,0.0,742.471678,0.0
2019-01-02,7,0,89,72.55,72.55,0.0,713.744803,0.0
2019-01-02,7,0,90,97.41,97.41,0.0,958.316764,0.0
2019-01-02,7,0,91,347.49,347.49,0.0,3418.596575,0.0
2019-01-02,7,0,92,124.97,124.97,0.0,1229.451247,0.0
2019-01-02,7,0,95,18.18,18.18,0.0,525.297444,0.0
2019-01-02,7,0,96,15.1,15.1,0.0,152.291554,0.0
2019-01-02,7,0,97,92.88,92.88,0.0,936.744339,0.0
2019-01-02,7,0,99,7.4,7.4,0.0,77.045751,0.0
2019-01-02,7,0,101,0.0,0.0,0.0,0.0,0.0
2019-01-02,7,0,102,8.24,8.24,0.0,79.697852,0.0
2019-01-02,7,0,103,7.16,7.16,0.0,69.252017,0.0
2019-01-02,7,0,104,1.33,1.33,0.0,12.863852,0.0
2019-01-02,7,0,106,0.0,0.0,0.0,0.0,0.0
2019-01-02,7,0,109,91.75,91.75,0.0,946.779531,0.0
2019-01-02,7,0,110,13.4,13.4,0.0,119.868465,0.0
2019-01-02,7,0,111,0.0,0.0,0.0,0.0,0.0
2019-01-02,7,0,113,25.94,25.94,0.0,254.695397,0.0
2019-01-02,7,0,115,25.94,25.94,0.0,254.695397,0.0
2019-01-02,7,0,116,0.0,0.0,0.0,0.0,0.0
2019-01-02,7,0,117,1.06,1.06,0.0,10.407753,0.0
2019-01-02,7,0,119,61.26,61.26,0.0,1826.05882,0.0
2019-01-02,7,0,120,36.02,36.02,0.0,1073.696355,0.0
2019-01-02,7,0,123,0.0,0.0,0.0,0.0,0.0
2019-01-02,7,0,125,96.74,96.74,0.0,976.194585,0.0
2019-01-02,7,0,126,0.0,0.0,0.0,0.0,0.0
2019-01-02,7,0,127,0.0,0.0,0.0,0.0,0.0
2019-01-02,7,0,128,138.56,138.56,0.0,1398.19642,0.0
2019-01-02,7,0,131,13.64,13.64,0.0,132.578649,0.0
2019-01-02,7,0,132,20.05,20.05,0.0,194.882838,0.0
2019-01-02,7,0,133,36.64,36.64,0.0,396.682087,0.0
2019-01-02,7,0,134,0.0,0.0,0.0,0.0,0.0
2019-01-02,7,0,135,49.1,49.1,0.0,531.579979,0.0
2019-01-02,7,0,136,8.79,8.79,0.0,72.274602,0.0
2019-01-02,7,0,139,86.22,86.22,0.0,881.75318,0.0
2019-01-02,7,0,140,9.91,9.91,0.0,88.648991,0.0
2019-01-02,7,0,141,55.31,55.31,0.0,525.068384,0.0
2019-01-02,7,0,142,0.0,0.0,0.0,0.0,0.0
2019-01-02,7,0,143,56.16,56.16,0.0,566.557845,0.0
2019-01-02,7,0,145,11.37,11.37,0.0,115.677557,0.0
2019-01-02,7,0,146,41.31,41.31,0.0,369.534796,0.0
2019-01-02,7,0,152,0.0,0.0,0.0,0.0,0.0
2019-01-02,7,0,153,0.0,0.0,0.0,0.0,0.0
2019-01-02,7,0,154,0.0,0.0,0.0,0.0,0.0
2019-01-02,7,0,157,24.41,24.41,0.0,231.728788,0.0
2019-01-02,7,0,158,0.0,0.0,0.0,0.0,0.0
2019-01-02,7,0,159,0.0,0.0,0.0,0.0,0.0
2019-01-02,7,0,160,0.0,0.0,0.0,0.0,0.0
2019-01-02,7,0,161,0.0,0.0,0.0,0.0,0.0
2019-01-02,7,0,162,19.34,19.34,0.0,559.064087,0.0
2019-01-02,7,0,163,25.8,25.8,0.0,230.791521,0.0
2019-01-02,7,0,164,0.0,0.0,0.0,0.0,0.0
2019-01-02,7,0,167,0.0,0.0,0.0,0.0,0.0
2019-01-02,7,0,168,0.0,0.0,0.0,0.0,0.0
2019-01-02,7,0,169,0.0,0.0,0.0,0.0,0.0
2019-01-02,7,0,170,0.0,0.0,0.0,0.0,0.0
2019-01-02,7,0,172,0.0,0.0,0.0,0.0,0.0
2019-01-02,7,0,173,0.0,0.0,0.0,0.0,0.0
2019-01-02,7,0,188,0.0,0.0,0.0,0.0,0.0
2019-01-02,7,0,190,0.0,0.0,0.0,0.0,0.0
2019-01-02,7,0,191,0.0,0.0,0.0,0.0,0.0
2019-01-02,7,0,192,16.42,16.42,0.0,489.452919,0.0
2019-01-02,7,0,194,66.29,66.29,0.0,658.507909,0.0
2019-01-02,7,0,196,0.0,0.0,0.0,0.0,0.0
2019-01-02,7,0,198,0.0,0.0,0.0,0.0,0.0
2019-01-02,7,0,199,26.87,26.87,0.0,285.959599,0.0
2019-01-02,7,0,200,0.0,0.0,0.0,0.0,0.0
2019-01-02,7,0,204,363.72,363.72,0.0,3749.640302,0.0
2019-01-02,7,0,205,485.35,485.35,0.0,5008.386325,0.0
2019-01-02,7,0,206,272.93,272.93,0.0,2752.644623,0.0
2019-01-02,7,0,210,0.0,0.0,0.0,0.0,0.0
2019-01-02,7,0,214,0.0,0.0,0.0,0.0,0.0
2019-01-02,7,0,217,0.0,0.0,0.0,0.0,0.0
2019-01-02,7,0,218,0.0,0.0,0.0,0.0,0.0
2019-01-02,7,0,219,0.0,0.0,0.0,0.0,0.0
2019-01-02,7,0,221,0.0,0.0,0.0,0.0,0.0
2019-01-02,7,0,225,0.0,0.0,0.0,0.0,0.0
2019-01-02,7,0,233,0.0,0.0,0.0,0.0,0.0
2019-01-02,7,0,236,68.71,68.71,0.0,718.643762,0.0
2019-01-02,7,0,237,91.96,91.96,0.0,957.449628,0.0
2019-01-02,7,0,238,0.0,0.0,0.0,0.0,0.0
2019-01-02,7,0,240,0.0,0.0,0.0,0.0,0.0
2019-01-02,7,0,245,54.57,54.57,0.0,547.893,0.0
2019-01-02,7,0,247,38.99,38.99,0.0,391.466888,0.0
2019-01-02,7,0,248,9.23,9.23,0.0,96.098957,0.0
2019-01-02,7,0,249,104.95,104.95,0.0,1053.717616,0.0
2019-01-02,7,0,251,29.18,29.18,0.0,258.161838,0.0
2019-01-02,7,0,252,24.95,24.95,0.0,201.914562,0.0
2019-01-02,7,0,254,0.0,0.0,0.0,0.0,0.0
2019-01-02,7,0,255,0.0,0.0,0.0,0.0,0.0
2019-01-02,7,0,258,0.0,0.0,0.0,0.0,0.0
2019-01-02,7,0,260,0.0,0.0,0.0,0.0,0.0
2019-01-02,7,0,265,0.0,0.0,0.0,0.0,0.0
2019-01-02,7,0,266,55.82,55.82,0.0,570.858995,0.0
2019-01-02,7,0,267,68.6,68.6,0.0,701.557274,0.0
2019-01-02,7,0,270,80.56,80.56,0.0,720.642052,0.0
2019-01-02,7,0,272,92.3,92.3,0.0,906.260027,0.0
2019-01-02,7,0,273,0.0,0.0,0.0,0.0,0.0
2019-01-02,7,0,274,103.86,103.86,0.0,929.070054,0.0
2019-01-02,7,0,275,144.57,144.57,0.0,1293.237606,0.0
2019-01-02,7,0,276,0.0,0.0,0.0,0.0,0.0
2019-01-02,7,0,277,0.0,0.0,0.0,0.0,0.0
2019-01-02,7,0,278,0.0,0.0,0.0,0.0,0.0
2019-01-02,7,0,279,95.65,95.65,0.0,939.893941,0.0
2019-01-02,7,0,281,20.78,20.78,0.0,209.634473,0.0
2019-01-02,7,0,282,0.0,0.0,0.0,0.0,0.0
2019-01-02,8,0,9,0.0,0.0,0.0,0.0,0.0
2019-01-02,8,0,17,0.0,0.0,0.0,0.0,0.0
2019-01-02,8,0,19,605.38,605.38,0.0,8169.366879,0.0
2019-01-02,8,0,20,753.44,753.44,0.0,10167.378806,0.0
2019-01-02,8,0,21,0.0,0.0,0.0,0.0,0.0
2019-01-02,8,0,22,0.0,0.0,0.0,0.0,0.0
2019-01-02,8,0,23,56.02,56.02,0.0,813.568676,0.0
2019-01-02,8,0,24,99.12,99.12,0.0,1439.502449,0.0
2019-01-02,8,0,29,0.0,0.0,0.0,0.0,0.0
2019-01-02,8,0,30,0.0,0.0,0.0,0.0,0.0
2019-01-02,8,0,31,16.99,16.99,0.0,246.853921,0.0
2019-01-02,8,0,32,0.0,0.0,0.0,0.0,0.0
2019-01-02,8,0,33,0.0,0.0,0.0,0.0,0.0
2019-01-02,8,0,34,0.0,0.0,0.0,0.0,0.0
2019-01-02,8,0,35,0.0,0.0,0.0,0.0,0.0
2019-01-02,8,0,36,0.0,0.0,0.0,0.0,0.0
2019-01-02,8,0,37,0.0,0.0,0.0,0.0,0.0
2019-01-02,8,0,38,0.0,0.0,0.0,0.0,0.0
2019-01-02,8,0,39,0.0,0.0,0.0,0.0,0.0
2019-01-02,8,0,40,0.0,0.0,0.0,0.0,0.0
2019-01-02,8,0,41,18.1,18.1,0.0,256.70162,0.0
2019-01-02,8,0,42,0.0,0.0,0.0,0.0,0.0
2019-01-02,8,0,43,0.0,0.0,0.0,0.0,0.0
2019-01-02,8,0,46,0.0,0.0,0.0,0.0,0.0
2019-01-02,8,0,52,18.01,18.01,0.0,261.673873,0.0
2019-01-02,8,0,53,28.61,28.61,0.0,415.685148,0.0
2019-01-02,8,0,55,115.63,115.63,0.0,1679.274295,0.0
2019-01-02,8,0,56,0.0,0.0,0.0,0.0,0.0
2019-01-02,8,0,57,0.0,0.0,0.0,0.0,0.0
2019-01-02,8,0,58,0.0,0.0,0.0,0.0,0.0
2019-01-02,8,0,59,0.0,0.0,0.0,0.0,0.0
2019-01-02,8,0,63,25.73,25.73,0.0,766.968551,0.0
2019-01-02,8,0,64,30.24,30.24,0.0,901.404158,0.0
2019-01-02,8,0,65,3.92,3.92,0.0,52.927275,0.0
2019-01-02,8,0,67,0.0,0.0,0.0,0.0,0.0
2019-01-02,8,0,68,2.45,2.45,0.0,34.621027,0.0
2019-01-02,8,0,69,0.0,0.0,0.0,0.0,0.0
2019-01-02,8,0,74,28.96,28.96,0.0,396.976851,0.0
2019-01-02,8,0,77,55.18,55.18,0.0,836.065079,0.0
2019-01-02,8,0,78,41.67,41.67,0.0,631.367014,0.0
2019-01-02,8,0,79,24.03,24.03,0.0,364.092857,0.0
2019-01-02,8,0,80,38.98,38.98,0.0,590.60922,0.0
2019-01-02,8,0,81,51.03,51.03,0.0,773.185955,0.0
2019-01-02,8,0,82,35.94,35.94,0.0,544.548368,0.0
2019-01-02,8,0,83,80.39,80.39,0.0,1218.036819,0.0
2019-01-02,8,0,84,0.0,0.0,0.0,0.0,0.0
2019-01-02,8,0,86,0.0,0.0,0.0,0.0,0.0
2019-01-02,8,0,87,0.0,0.0,0.0,0.0,0.0
2019-01-02,8,0,88,46.74,46.74,0.0,708.185607,0.0
2019-01-02,8,0,89,45.11,45.11,0.0,683.488505,0.0
2019-01-02,8,0,90,58.86,58.86,0.0,891.822953,0.0
2019-01-02,8,0,91,184.52,184.52,0.0,2795.772533,0.0
2019-01-02,8,0,92,73.84,73.84,0.0,1118.793864,0.0
2019-01-02,8,0,95,17.84,17.84,0.0,515.840101,0.0
2019-01-02,8,0,96,14.35,14.35,0.0,208.59448,0.0
2019-01-02,8,0,97,88.26,88.26,0.0,1282.965073,0.0
2019-01-02,8,0,99,5.59,5.59,0.0,76.626402,0.0
2019-01-02,8,0,101,0.0,0.0,0.0,0.0,0.0
2019-01-02,8,0,102,5.81,5.81,0.0,82.101294,0.0
2019-01-02,8,0,103,5.05,5.05,0.0,71.36171,0.0
2019-01-02,8,0,104,0.94,0.94,0.0,13.28317,0.0
2019-01-02,8,0,106,0.0,0.0,0.0,0.0,0.0
2019-01-02,8,0,109,85.18,85.18,0.0,1188.860769,0.0
2019-01-02,8,0,110,17.52,17.52,0.0,156.723545,0.0
2019-01-02,8,0,111,0.0,0.0,0.0,0.0,0.0
2019-01-02,8,0,113,38.78,38.78,0.0,603.032133,0.0
2019-01-02,8,0,115,38.78,38.78,0.0,603.032133,0.0
2019-01-02,8,0,116,0.0,0.0,0.0,0.0,0.0
2019-01-02,8,0,117,2.01,2.01,0.0,31.255662,0.0
2019-01-02,8,0,119,30.24,30.24,0.0,901.404158,0.0
2019-01-02,8,0,120,17.84,17.84,0.0,531.78076,0.0
2019-01-02,8,0,123,0.0,0.0,0.0,0.0,0.0
2019-01-02,8,0,125,89.7,89.7,0.0,1302.697434,0.0
2019-01-02,8,0,126,0.0,0.0,0.0,0.0,0.0
2019-01-02,8,0,127,0.0,0.0,0.0,0.0,0.0
2019-01-02,8,0,128,128.47,128.47,0.0,1865.747373,0.0
2019-01-02,8,0,131,10.81,10.81,0.0,156.441783,0.0
2019-01-02,8,0,132,15.89,15.89,0.0,229.959291,0.0
2019-01-02,8,0,133,32.67,32.67,0.0,440.846599,0.0
2019-01-02,8,0,134,0.0,0.0,0.0,0.0,0.0
2019-01-02,8,0,135,43.77,43.77,0.0,590.62919,0.0
2019-01-02,8,0,136,8.31,8.31,0.0,112.203727,0.0
2019-01-02,8,0,139,23.37,23.37,0.0,331.442921,0.0
2019-01-02,8,0,140,12.97,12.97,0.0,116.021939,0.0
2019-01-02,8,0,141,40.22,40.22,0.0,517.008519,0.0
2019-01-02,8,0,142,0.0,0.0,0.0,0.0,0.0
2019-01-02,8,0,143,20.03,20.03,0.0,291.023192,0.0
2019-01-02,8,0,145,10.9,10.9,0.0,156.05456,0.0
2019-01-02,8,0,146,56.72,56.72,0.0,507.38353,0.0
2019-01-02,8,0,152,0.0,0.0,0.0,0.0,0.0
2019-01-02,8,0,153,0.0,0.0,0.0,0.0,0.0
2019-01-02,8,0,154,0.0,0.0,0.0,0.0,0.0
2019-01-02,8,0,157,31.47,31.47,0.0,404.531529,0.0
2019-01-02,8,0,158,0.0,0.0,0.0,0.0,0.0
2019-01-02,8,0,159,0.0,0.0,0.0,0.0,0.0
2019-01-02,8,0,160,0.0,0.0,0.0,0.0,0.0
2019-01-02,8,0,161,0.0,0.0,0.0,0.0,0.0
2019-01-02,8,0,162,20.85,20.85,0.0,603.076704,0.0
2019-01-02,8,0,163,14.22,14.22,0.0,127.203699,0.0
2019-01-02,8,0,164,0.0,0.0,0.0,0.0,0.0
2019-01-02,8,0,167,0.0,0.0,0.0,0.0,0.0
2019-01-02,8,0,168,0.0,0.0,0.0,0.0,0.0
2019-01-02,8,0,169,0.0,0.0,0.0,0.0,0.0
2019-01-02,8,0,170,0.0,0.0,0.0,0.0,0.0
2019-01-02,8,0,172,0.0,0.0,0.0,0.0,0.0
2019-01-02,8,0,173,0.0,0.0,0.0,0.0,0.0
2019-01-02,8,0,188,0.0,0.0,0.0,0.0,0.0
2019-01-02,8,0,190,0.0,0.0,0.0,0.0,0.0
2019-01-02,8,0,191,0.0,0.0,0.0,0.0,0.0
2019-01-02,8,0,192,13.34,13.34,0.0,397.643236,0.0
2019-01-02,8,0,194,66.79,66.79,0.0,1126.884735,0.0
2019-01-02,8,0,196,0.0,0.0,0.0,0.0,0.0
2019-01-02,8,0,198,0.0,0.0,0.0,0.0,0.0
2019-01-02,8,0,199,29.22,29.22,0.0,407.982157,0.0
2019-01-02,8,0,200,0.0,0.0,0.0,0.0,0.0
2019-01-02,8,0,204,343.17,343.17,0.0,4798.450514,0.0
2019-01-02,8,0,205,450.62,450.62,0.0,6289.321901,0.0
2019-01-02,8,0,206,259.35,259.35,0.0,3769.963648,0.0
2019-01-02,8,0,210,0.0,0.0,0.0,0.0,0.0
2019-01-02,8,0,214,0.0,0.0,0.0,0.0,0.0
2019-01-02,8,0,217,0.0,0.0,0.0,0.0,0.0
2019-01-02,8,0,218,0.0,0.0,0.0,0.0,0.0
2019-01-02,8,0,219,0.0,0.0,0.0,0.0,0.0
2019-01-02,8,0,221,0.0,0.0,0.0,0.0,0.0
2019-01-02,8,0,225,0.0,0.0,0.0,0.0,0.0
2019-01-02,8,0,233,0.0,0.0,0.0,0.0,0.0
2019-01-02,8,0,236,67.12,67.12,0.0,912.392352,0.0
2019-01-02,8,0,237,69.47,69.47,0.0,952.278378,0.0
2019-01-02,8,0,238,0.0,0.0,0.0,0.0,0.0
2019-01-02,8,0,240,0.0,0.0,0.0,0.0,0.0
2019-01-02,8,0,245,51.5,51.5,0.0,693.600159,0.0
2019-01-02,8,0,247,46.01,46.01,0.0,619.661035,0.0
2019-01-02,8,0,248,6.97,6.97,0.0,95.543116,0.0
2019-01-02,8,0,249,99.04,99.04,0.0,1333.867179,0.0
2019-01-02,8,0,251,23.62,23.62,0.0,319.194833,0.0
2019-01-02,8,0,252,25.26,25.26,0.0,341.056877,0.0
2019-01-02,8,0,254,0.0,0.0,0.0,0.0,0.0
2019-01-02,8,0,255,0.0,0.0,0.0,0.0,0.0
2019-01-02,8,0,258,0.0,0.0,0.0,0.0,0.0
2019-01-02,8,0,260,0.0,0.0,0.0,0.0,0.0
2019-01-02,8,0,265,0.0,0.0,0.0,0.0,0.0
2019-01-02,8,0,266,15.13,15.13,0.0,214.579863,0.0
2019-01-02,8,0,267,18.59,18.59,0.0,263.651001,0.0
2019-01-02,8,0,270,44.4,44.4,0.0,397.176106,0.0
2019-01-02,8,0,272,134.24,134.24,0.0,2087.442845,0.0
2019-01-02,8,0,273,0.0,0.0,0.0,0.0,0.0
2019-01-02,8,0,274,57.24,57.24,0.0,512.035142,0.0
2019-01-02,8,0,275,79.68,79.68,0.0,712.770094,0.0
2019-01-02,8,0,276,0.0,0.0,0.0,0.0,0.0
2019-01-02,8,0,277,0.0,0.0,0.0,0.0,0.0
2019-01-02,8,0,278,0.0,0.0,0.0,0.0,0.0
2019-01-02,8,0,279,70.34,70.34,0.0,1082.555242,0.0
2019-01-02,8,0,281,7.62,7.62,0.0,110.713765,0.0
2019-01-02,8,0,282,0.0,0.0,0.0,0.0,0.0
2019-01-02,9,0,9,0.07,0.07,0.0,1.387406,0.0
2019-01-02,9,0,17,2.21,2.21,0.0,35.693459,0.0
2019-01-02,9,0,19,444.65,444.65,0.0,7181.491649,0.0
2019-01-02,9,0,20,552.13,552.13,0.0,8917.388922,0.0
2019-01-02,9,0,21,1.65,1.65,0.0,32.703152,0.0
2019-01-02,9,0,22,5.85,5.85,0.0,115.947537,0.0
2019-01-02,9,0,23,51.9,51.9,0.0,1028.662768,0.0
2019-01-02,9,0,24,91.83,91.83,0.0,1820.079036,0.0
2019-01-02,9,0,29,0.43,0.43,0.0,6.398244,0.0
2019-01-02,9,0,30,13.04,13.04,0.0,258.760087,0.0
2019-01-02,9,0,31,19.95,19.95,0.0,395.879121,0.0
2019-01-02,9,0,32,0.2,0.2,0.0,6.278472,0.0
2019-01-02,9,0,33,0.13,0.13,0.0,2.017046,0.0
2019-01-02,9,0,34,0.21,0.21,0.0,3.258306,0.0
2019-01-02,9,0,35,0.21,0.21,0.0,3.258306,0.0
2019-01-02,9,0,36,0.39,0.39,0.0,6.66958,0.0
2019-01-02,9,0,37,0.2,0.2,0.0,3.421839,0.0
2019-01-02,9,0,38,0.26,0.26,0.0,4.44839,0.0
2019-01-02,9,0,39,0.17,0.17,0.0,2.908563,0.0
2019-01-02,9,0,40,0.17,0.17,0.0,2.908563,0.0
2019-01-02,9,0,41,12.14,12.14,0.0,225.803556,0.0
2019-01-02,9,0,42,3.03,3.03,0.0,49.354348,0.0
2019-01-02,9,0,43,1.27,1.27,0.0,21.478375,0.0
2019-01-02,9,0,46,0.96,0.96,0.0,16.66178,0.0
2019-01-02,9,0,52,21.17,21.17,0.0,420.08827,0.0
2019-01-02,9,0,53,33.81,33.81,0.0,670.910931,0.0
2019-01-02,9,0,55,105.11,105.11,0.0,2083.289855,0.0
2019-01-02,9,0,56,3.85,3.85,0.0,76.397725,0.0
2019-01-02,9,0,57,3.66,3.66,0.0,72.627448,0.0
2019-01-02,9,0,58,7.03,7.03,0.0,139.500262,0.0
2019-01-02,9,0,59,6.92,6.92,0.0,137.317469,0.0
2019-01-02,9,0,63,12.46,12.46,0.0,404.047362,0.0
2019-01-02,9,0,64,14.66,14.66,0.0,475.387987,0.0
2019-01-02,9,0,65,3.99,3.99,0.0,64.544082,0.0
2019-01-02,9,0,67,5.97,5.97,0.0,103.016105,0.0
2019-01-02,9,0,68,3.21,3.21,0.0,64.101555,0.0
2019-01-02,9,0,69,0.13,0.13,0.0,2.017046,0.0
2019-01-02,9,0,74,21.26,21.26,0.0,359.389127,0.0
2019-01-02,9,0,77,19.01,19.01,0.0,419.686437,0.0
2019-01-02,9,0,78,14.37,14.37,0.0,317.248506,0.0
2019-01-02,9,0,79,8.32,8.32,0.0,183.681807,0.0
2019-01-02,9,0,80,13.45,13.45,0.0,296.937537,0.0
2019-01-02,9,0,81,17.59,17.59,0.0,388.336897,0.0
2019-01-02,9,0,82,12.41,12.41,0.0,273.977311,0.0
2019-01-02,9,0,83,27.66,27.66,0.0,610.6537,0.0
2019-01-02,9,0,84,0.0,0.0,0.0,0.0,0.0
2019-01-02,9,0,86,0.68,0.68,0.0,10.550704,0.0
2019-01-02,9,0,87,3.46,3.46,0.0,53.684463,0.0
2019-01-02,9,0,88,52.82,52.82,0.0,1166.114549,0.0
2019-01-02,9,0,89,50.46,50.46,0.0,1114.012498,0.0
2019-01-02,9,0,90,70.82,70.82,0.0,1563.503074,0.0
2019-01-02,9,0,91,266.14,266.14,0.0,5875.610112,0.0
2019-01-02,9,0,92,93.64,93.64,0.0,2067.303415,0.0
2019-01-02,9,0,95,17.71,17.71,0.0,557.71365,0.0
2019-01-02,9,0,96,14.51,14.51,0.0,288.286082,0.0
2019-01-02,9,0,97,89.24,89.24,0.0,1773.028943,0.0
2019-01-02,9,0,99,4.1,4.1,0.0,69.308345,0.0
2019-01-02,9,0,101,0.26,0.26,0.0,5.159327,0.0
2019-01-02,9,0,102,7.59,7.59,0.0,151.567228,0.0
2019-01-02,9,0,103,6.6,6.6,0.0,131.79759,0.0
2019-01-02,9,0,104,1.23,1.23,0.0,24.562278,0.0
2019-01-02,9,0,106,5.76,5.76,0.0,114.163729,0.0
2019-01-02,9,0,109,90.45,90.45,0.0,1608.940371,0.0
2019-01-02,9,0,110,25.12,25.12,0.0,224.708644,0.0
2019-01-02,9,0,111,0.34,0.34,0.0,6.323988,0.0
2019-01-02,9,0,113,19.82,19.82,0.0,458.379815,0.0
2019-01-02,9,0,115,19.82,19.82,0.0,458.379815,0.0
2019-01-02,9,0,116,3.14,3.14,0.0,28.08858,0.0
2019-01-02,9,0,117,1.35,1.35,0.0,31.221632,0.0
2019-01-02,9,0,119,14.66,14.66,0.0,475.387987,0.0
2019-01-02,9,0,120,8.62,8.62,0.0,279.525542,0.0
2019-01-02,9,0,123,0.1,0.1,0.0,1.982009,0.0
2019-01-02,9,0,125,83.1,83.1,0.0,1647.049634,0.0
2019-01-02,9,0,126,4.32,4.32,0.0,85.622797,0.0
2019-01-02,9,0,127,5.55,5.55,0.0,110.00151,0.0
2019-01-02,9,0,128,119.02,119.02,0.0,2358.987333,0.0
2019-01-02,9,0,131,8.54,8.54,0.0,176.727428,0.0
2019-01-02,9,0,132,12.56,12.56,0.0,259.917622,0.0
2019-01-02,9,0,133,28.97,28.97,0.0,467.821374,0.0
2019-01-02,9,0,134,0.0,0.0,0.0,0.0,0.0
2019-01-02,9,0,135,38.82,38.82,0.0,626.883871,0.0
2019-01-02,9,0,136,7.83,7.83,0.0,126.672688,0.0
2019-01-02,9,0,139,15.68,15.68,0.0,291.647426,0.0
2019-01-02,9,0,140,18.59,18.59,0.0,166.295131,0.0
2019-01-02,9,0,141,28.85,28.85,0.0,497.824894,0.0
2019-01-02,9,0,142,7.87,7.87,0.0,135.801799,0.0
2019-01-02,9,0,143,33.36,33.36,0.0,661.981327,0.0
2019-01-02,9,0,145,12.23,12.23,0.0,233.356748,0.0
2019-01-02,9,0,146,75.33,75.33,0.0,673.85757,0.0
2019-01-02,9,0,152,0.21,0.21,0.0,3.543048,0.0
2019-01-02,9,0,153,0.29,0.29,0.0,4.902193,0.0
2019-01-02,9,0,154,1.4,1.4,0.0,26.039949,0.0
2019-01-02,9,0,157,40.27,40.27,0.0,694.884176,0.0
2019-01-02,9,0,158,0.0,0.0,0.0,0.0,0.0
2019-01-02,9,0,159,0.0,0.0,0.0,0.0,0.0
2019-01-02,9,0,160,0.09,0.09,0.0,1.467969,0.0
2019-01-02,9,0,161,1.58,1.58,0.0,31.551544,0.0
2019-01-02,9,0,162,22.39,22.39,0.0,705.237405,0.0
2019-01-02,9,0,163,7.64,7.64,0.0,68.342916,0.0
2019-01-02,9,0,164,0.51,0.51,0.0,10.120218,0.0
2019-01-02,9,0,167,0.3,0.3,0.0,9.437368,0.0
2019-01-02,9,0,168,0.15,0.15,0.0,4.718684,0.0
2019-01-02,9,0,169,0.0,0.0,0.0,0.0,0.0
2019-01-02,9,0,170,0.33,0.33,0.0,10.381105,0.0
2019-01-02,9,0,172,0.27,0.27,0.0,8.687033,0.0
2019-01-02,9,0,173,0.42,0.42,0.0,13.513163,0.0
2019-01-02,9,0,188,0.38,0.38,0.0,11.908372,0.0
2019-01-02,9,0,190,0.4,0.4,0.0,12.971023,0.0
2019-01-02,9,0,191,1.03,1.03,0.0,33.400384,0.0
2019-01-02,9,0,192,14.55,14.55,0.0,471.820956,0.0
2019-01-02,9,0,194,53.67,53.67,0.0,1402.223062,0.0
2019-01-02,9,0,196,0.2,0.2,0.0,7.039445,0.0
2019-01-02,9,0,198,0.39,0.39,0.0,5.956175,0.0
2019-01-02,9,0,199,31.56,31.56,0.0,586.440171,0.0
2019-01-02,9,0,200,0.62,0.62,0.0,11.520688,0.0
2019-01-02,9,0,204,226.21,226.21,0.0,4044.544517,0.0
2019-01-02,9,0,205,509.45,509.45,0.0,9062.185427,0.0
2019-01-02,9,0,206,262.24,262.24,0.0,5210.209659,0.0
2019-01-02,9,0,210,0.11,0.11,0.0,1.628769,0.0
2019-01-02,9,0,214,0.73,0.73,0.0,11.052345,0.0
2019-01-02,9,0,217,0.47,0.47,0.0,7.028438,0.0
2019-01-02,9,0,218,0.64,0.64,0.0,9.570639,0.0
2019-01-02,9,0,219,0.44,0.44,0.0,6.579814,0.0
2019-01-02,9,0,221,0.39,0.39,0.0,5.904677,0.0
2019-01-02,9,0,225,0.45,0.45,0.0,6.698994,0.0
2019-01-02,9,0,233,0.38,0.38,0.0,5.895981,0.0
2019-01-02,9,0,236,67.81,67.81,0.0,1118.835059,0.0
2019-01-02,9,0,237,51.0,51.0,0.0,862.128199,0.0
2019-01-02,9,0,238,3.95,3.95,0.0,64.339827,0.0
2019-01-02,9,0,240,0.44,0.44,0.0,7.524654,0.0
2019-01-02,9,0,245,48.63,48.63,0.0,780.844074,0.0
2019-01-02,9,0,247,53.88,53.88,0.0,865.142478,0.0
2019-01-02,9,0,248,5.12,5.12,0.0,86.550909,0.0
2019-01-02,9,0,249,93.51,93.51,0.0,1501.475003,0.0
2019-01-02,9,0,251,20.22,20.22,0.0,327.937097,0.0
2019-01-02,9,0,252,25.73,25.73,0.0,416.220358,0.0
2019-01-02,9,0,254,0.57,0.57,0.0,9.55389,0.0
2019-01-02,9,0,255,0.26,0.26,0.0,4.357915,0.0
2019-01-02,9,0,258,0.53,0.53,0.0,9.047577,0.0
2019-01-02,9,0,260,0.21,0.21,0.0,3.425262,0.0
2019-01-02,9,0,265,1.45,1.45,0.0,26.969947,0.0
2019-01-02,9,0,266,10.16,10.16,0.0,188.975628,0.0
2019-01-02,9,0,267,12.48,12.48,0.0,232.127543,0.0
2019-01-02,9,0,270,23.86,23.86,0.0,213.43743,0.0
2019-01-02,9,0,272,66.14,66.14,0.0,1529.628708,0.0
2019-01-02,9,0,273,0.75,0.75,0.0,6.709056,0.0
2019-01-02,9,0,274,30.76,30.76,0.0,275.160744,0.0
2019-01-02,9,0,275,42.82,42.82,0.0,383.042362,0.0
2019-01-02,9,0,276,0.16,0.16,0.0,1.728145,0.0
2019-01-02,9,0,277,0.19,0.19,0.0,4.314173,0.0
2019-01-02,9,0,278,0.3,0.3,0.0,6.811853,0.0
2019-01-02,9,0,279,53.11,53.11,0.0,1205.924963,0.0
2019-01-02,9,0,281,8.89,8.89,0.0,176.409292,0.0
2019-01-02,9,0,282,7.15,7.15,0.0,141.881489,0.0
2019-01-02,10,0,9,0.64,0.64,0.0,9.885392,0.0
2019-01-02,10,0,17,5.85,5.85,0.0,86.470669,0.0
2019-01-02,10,0,19,271.92,271.92,0.0,4019.334086,0.0
2019-01-02,10,0,20,336.93,336.93,0.0,4980.267114,0.0
2019-01-02,10,0,21,14.71,14.71,0.0,227.209567,0.0
2019-01-02,10,0,22,52.29,52.29,0.0,807.667455,0.0
2019-01-02,10,0,23,48.03,48.03,0.0,741.867811,0.0
2019-01-02,10,0,24,84.99,84.99,0.0,1312.749225,0.0
2019-01-02,10,0,29,1.21,1.21,0.0,16.488272,0.0
2019-01-02,10,0,30,111.66,111.66,0.0,1725.233817,0.0
2019-01-02,10,0,31,37.43,37.43,0.0,578.322602,0.0
2019-01-02,10,0,32,0.62,0.62,0.0,19.440701,0.0
2019-01-02,10,0,33,0.38,0.38,0.0,5.585079,0.0
2019-01-02,10,0,34,0.61,0.61,0.0,8.965521,0.0
2019-01-02,10,0,35,0.61,0.61,0.0,8.965521,0.0
2019-01-02,10,0,36,1.54,1.54,0.0,22.897582,0.0
2019-01-02,10,0,37,0.6,0.6,0.0,8.918058,0.0
2019-01-02,10,0,38,0.77,0.77,0.0,11.444841,0.0
2019-01-02,10,0,39,0.52,0.52,0.0,7.728983,0.0
2019-01-02,10,0,40,0.52,0.52,0.0,7.728983,0.0
2019-01-02,10,0,41,8.54,8.54,0.0,129.81666,0.0
2019-01-02,10,0,42,10.61,10.61,0.0,157.022291,0.0
2019-01-02,10,0,43,4.38,4.38,0.0,64.831094,0.0
2019-01-02,10,0,46,2.6,2.6,0.0,38.763592,0.0
2019-01-02,10,0,52,39.7,39.7,0.0,613.395867,0.0
2019-01-02,10,0,53,63.31,63.31,0.0,978.188724,0.0
2019-01-02,10,0,55,95.39,95.39,0.0,1473.386853,0.0
2019-01-02,10,0,56,32.94,32.94,0.0,508.948611,0.0
2019-01-02,10,0,57,31.33,31.33,0.0,484.072859,0.0
2019-01-02,10,0,58,60.25,60.25,0.0,930.909345,0.0
2019-01-02,10,0,59,59.25,59.25,0.0,915.458568,0.0
2019-01-02,10,0,63,12.09,12.09,0.0,392.049166,0.0
2019-01-02,10,0,64,14.23,14.23,0.0,461.444138,0.0
2019-01-02,10,0,65,4.1,4.1,0.0,60.617199,0.0
2019-01-02,10,0,67,66.97,66.97,0.0,892.359659,0.0
2019-01-02,10,0,68,3.98,3.98,0.0,58.724291,0.0
2019-01-02,10,0,69,0.38,0.38,0.0,5.585079,0.0
2019-01-02,10,0,74,24.53,24.53,0.0,365.160379,0.0
2019-01-02,10,0,77,16.46,16.46,0.0,261.945089,0.0
2019-01-02,10,0,78,12.44,12.44,0.0,197.970651,0.0
2019-01-02,10,0,79,7.2,7.2,0.0,114.581084,0.0
2019-01-02,10,0,80,11.64,11.64,0.0,185.239419,0.0
2019-01-02,10,0,81,15.22,15.22,0.0,242.21168,0.0
2019-01-02,10,0,82,10.74,10.74,0.0,170.916784,0.0
2019-01-02,10,0,83,23.94,23.94,0.0,380.982104,0.0
2019-01-02,10,0,84,0.0,0.0,0.0,0.0,0.0
2019-01-02,10,0,86,1.92,1.92,0.0,28.219345,0.0
2019-01-02,10,0,87,9.82,9.82,0.0,144.330189,0.0
2019-01-02,10,0,88,33.02,33.02,0.0,525.481583,0.0
2019-01-02,10,0,89,31.59,31.59,0.0,502.724506,0.0
2019-01-02,10,0,90,43.87,43.87,0.0,698.148911,0.0
2019-01-02,10,0,91,162.52,162.52,0.0,2586.349691,0.0
2019-01-02,10,0,92,57.58,57.58,0.0,916.330391,0.0
2019-01-02,10,0,95,43.75,43.75,0.0,1373.711275,0.0
2019-01-02,10,0,96,15.6,15.6,0.0,241.111231,0.0
2019-01-02,10,0,97,95.91,95.91,0.0,1482.370395,0.0
2019-01-02,10,0,99,5.04,5.04,0.0,75.026837,0.0
2019-01-02,10,0,101,2.25,2.25,0.0,34.764249,0.0
2019-01-02,10,0,102,9.43,9.43,0.0,139.138208,0.0
2019-01-02,10,0,103,8.2,8.2,0.0,120.989746,0.0
2019-01-02,10,0,104,1.52,1.52,0.0,22.427368,0.0
2019-01-02,10,0,106,51.47,51.47,0.0,795.001796,0.0
2019-01-02,10,0,109,110.5,110.5,0.0,1659.73288,0.0
2019-01-02,10,0,110,36.55,36.55,0.0,326.954655,0.0
2019-01-02,10,0,111,2.32,2.32,0.0,35.266353,0.0
2019-01-02,10,0,113,32.93,32.93,0.0,537.035071,0.0
2019-01-02,10,0,115,32.93,32.93,0.0,537.035071,0.0
2019-01-02,10,0,116,23.3,23.3,0.0,208.428002,0.0
2019-01-02,10,0,117,2.2,2.2,0.0,35.878444,0.0
2019-01-02,10,0,119,14.23,14.23,0.0,461.444138,0.0
2019-01-02,10,0,120,8.37,8.37,0.0,271.418653,0.0
2019-01-02,10,0,123,0.86,0.86,0.0,13.283496,0.0
2019-01-02,10,0,125,76.91,76.91,0.0,1187.946146,0.0
2019-01-02,10,0,126,38.61,38.61,0.0,596.367191,0.0
2019-01-02,10,0,127,49.54,49.54,0.0,765.191159,0.0
2019-01-02,10,0,128,110.15,110.15,0.0,1701.368716,0.0
2019-01-02,10,0,131,9.04,9.04,0.0,136.836468,0.0
2019-01-02,10,0,132,14.59,14.59,0.0,220.845582,0.0
2019-01-02,10,0,133,25.61,25.61,0.0,378.541239,0.0
2019-01-02,10,0,134,0.0,0.0,0.0,0.0,0.0
2019-01-02,10,0,135,34.32,34.32,0.0,507.283691,0.0
2019-01-02,10,0,136,7.41,7.41,0.0,109.555871,0.0
2019-01-02,10,0,139,11.03,11.03,0.0,167.667185,0.0
2019-01-02,10,0,140,27.05,27.05,0.0,241.973281,0.0
2019-01-02,10,0,141,20.61,20.61,0.0,274.623452,0.0
2019-01-02,10,0,142,88.31,88.31,0.0,1176.710191,0.0
2019-01-02,10,0,143,53.48,53.48,0.0,826.307581,0.0
2019-01-02,10,0,145,29.15,29.15,0.0,445.735632,0.0
2019-01-02,10,0,146,97.69,97.69,0.0,873.876888,0.0
2019-01-02,10,0,152,0.79,0.79,0.0,11.749581,0.0
2019-01-02,10,0,153,1.09,1.09,0.0,16.215865,0.0
2019-01-02,10,0,154,9.59,9.59,0.0,145.777725,0.0
2019-01-02,10,0,157,50.65,50.65,0.0,674.899459,0.0
2019-01-02,10,0,158,96.33,96.33,0.0,1283.574824,0.0
2019-01-02,10,0,159,0.0,0.0,0.0,0.0,0.0
2019-01-02,10,0,160,0.26,0.26,0.0,3.80318,0.0
2019-01-02,10,0,161,11.95,11.95,0.0,176.320423,0.0
2019-01-02,10,0,162,45.49,45.49,0.0,1428.864845,0.0
2019-01-02,10,0,163,2.66,2.66,0.0,23.794785,0.0
2019-01-02,10,0,164,6.71,6.71,0.0,103.674717,0.0
2019-01-02,10,0,167,0.71,0.71,0.0,22.271893,0.0
2019-01-02,10,0,168,0.35,0.35,0.0,10.979102,0.0
2019-01-02,10,0,169,0.0,0.0,0.0,0.0,0.0
2019-01-02,10,0,170,0.78,0.78,0.0,24.467713,0.0
2019-01-02,10,0,172,0.84,0.84,0.0,26.307883,0.0
2019-01-02,10,0,173,1.28,1.28,0.0,40.088203,0.0
2019-01-02,10,0,188,1.14,1.14,0.0,35.361365,0.0
2019-01-02,10,0,190,1.97,1.97,0.0,63.882288,0.0
2019-01-02,10,0,191,5.1,5.1,0.0,165.380541,0.0
2019-01-02,10,0,192,20.21,20.21,0.0,655.360929,0.0
2019-01-02,10,0,194,25.17,25.17,0.0,446.535989,0.0
2019-01-02,10,0,196,1.02,1.02,0.0,34.878025,0.0
2019-01-02,10,0,198,1.26,1.26,0.0,17.994074,0.0
2019-01-02,10,0,199,34.08,34.08,0.0,496.722013,0.0
2019-01-02,10,0,200,2.03,2.03,0.0,29.587608,0.0
2019-01-02,10,0,204,167.55,167.55,0.0,2519.250263,0.0
2019-01-02,10,0,205,652.6,652.6,0.0,9802.187124,0.0
2019-01-02,10,0,206,281.83,281.83,0.0,4355.92168,0.0
2019-01-02,10,0,210,0.29,0.29,0.0,3.953701,0.0
2019-01-02,10,0,214,2.29,2.29,0.0,33.544533,0.0
2019-01-02,10,0,217,1.87,1.87,0.0,26.560551,0.0
2019-01-02,10,0,218,2.58,2.58,0.0,36.645038,0.0
2019-01-02,10,0,219,1.76,1.76,0.0,24.998166,0.0
2019-01-02,10,0,221,1.22,1.22,0.0,17.870887,0.0
2019-01-02,10,0,225,1.31,1.31,0.0,17.850081,0.0
2019-01-02,10,0,233,1.09,1.09,0.0,16.020357,0.0
2019-01-02,10,0,236,71.11,71.11,0.0,1054.306267,0.0
2019-01-02,10,0,237,57.31,57.31,0.0,853.132544,0.0
2019-01-02,10,0,238,13.81,13.81,0.0,204.38057,0.0
2019-01-02,10,0,240,1.74,1.74,0.0,25.871294,0.0
2019-01-02,10,0,245,45.86,45.86,0.0,677.302306,0.0
2019-01-02,10,0,247,62.79,62.79,0.0,927.339987,0.0
2019-01-02,10,0,248,6.25,6.25,0.0,93.039232,0.0
2019-01-02,10,0,249,88.2,88.2,0.0,1302.618042,0.0
2019-01-02,10,0,251,18.26,18.26,0.0,270.069392,0.0
2019-01-02,10,0,252,26.45,26.45,0.0,391.054859,0.0
2019-01-02,10,0,254,1.67,1.67,0.0,24.645787,0.0
2019-01-02,10,0,255,0.76,0.76,0.0,11.216047,0.0
2019-01-02,10,0,258,2.33,2.33,0.0,34.618553,0.0
2019-01-02,10,0,260,0.64,0.64,0.0,9.361675,0.0
2019-01-02,10,0,265,9.93,9.93,0.0,150.94607,0.0
2019-01-02,10,0,266,7.14,7.14,0.0,108.53524,0.0
2019-01-02,10,0,267,8.78,8.78,0.0,133.464903,0.0
2019-01-02,10,0,270,8.29,8.29,0.0,74.157431,0.0
2019-01-02,10,0,272,110.07,110.07,0.0,1795.063778,0.0
2019-01-02,10,0,273,5.57,5.57,0.0,49.825921,0.0
2019-01-02,10,0,274,10.69,10.69,0.0,95.626409,0.0
2019-01-02,10,0,275,14.88,14.88,0.0,133.107668,0.0
2019-01-02,10,0,276,1.11,1.11,0.0,11.014781,0.0
2019-01-02,10,0,277,0.91,0.91,0.0,14.696759,0.0
2019-01-02,10,0,278,1.45,1.45,0.0,23.417913,0.0
2019-01-02,10,0,279,43.1,43.1,0.0,696.077268,0.0
2019-01-02,10,0,281,16.69,16.69,0.0,257.873477,0.0
2019-01-02,10,0,282,61.25,61.25,0.0,946.360123,0.0
2019-01-02,11,0,9,1.1,1.1,0.0,20.292676,0.0
2019-01-02,11,0,17,8.89,8.89,0.0,140.458832,0.0
2019-01-02,11,0,19,111.23,111.23,0.0,1757.394367,0.0
2019-01-02,11,0,20,134.9,134.9,0.0,2131.371933,0.0
2019-01-02,11,0,21,25.16,25.16,0.0,464.148848,0.0
2019-01-02,11,0,22,89.42,89.42,0.0,1649.610096,0.0
2019-01-02,11,0,23,8.42,8.42,0.0,155.331212,0.0
2019-01-02,11,0,24,14.9,14.9,0.0,274.873523,0.0
2019-01-02,11,0,29,1.8,1.8,0.0,24.606495,0.0
2019-01-02,11,0,30,193.24,193.24,0.0,3568.315393,0.0
2019-01-02,11,0,31,17.25,17.25,0.0,318.53364,0.0
2019-01-02,11,0,32,0.97,0.97,0.0,30.342452,0.0
2019-01-02,11,0,33,0.58,0.58,0.0,8.924821,0.0
2019-01-02,11,0,34,0.92,0.92,0.0,14.156612,0.0
2019-01-02,11,0,35,0.92,0.92,0.0,14.156612,0.0
2019-01-02,11,0,36,2.39,2.39,0.0,39.100123,0.0
2019-01-02,11,0,37,0.93,0.93,0.0,15.210872,0.0
2019-01-02,11,0,38,1.2,1.2,0.0,19.626932,0.0
2019-01-02,11,0,39,0.8,0.8,0.0,13.084621,0.0
2019-01-02,11,0,40,0.8,0.8,0.0,13.084621,0.0
2019-01-02,11,0,41,6.89,6.89,0.0,120.794372,0.0
2019-01-02,11,0,42,16.34,16.34,0.0,259.625535,0.0
2019-01-02,11,0,43,6.78,6.78,0.0,109.665416,0.0
2019-01-02,11,0,46,4.08,4.08,0.0,67.464068,0.0
2019-01-02,11,0,52,18.34,18.34,0.0,338.661273,0.0
2019-01-02,11,0,53,29.87,29.87,0.0,551.571004,0.0
2019-01-02,11,0,55,81.67,81.67,0.0,1506.638968,0.0
2019-01-02,11,0,56,57.0,57.0,0.0,1052.54594,0.0
2019-01-02,11,0,57,54.22,54.22,0.0,1001.211243,0.0
2019-01-02,11,0,58,104.27,104.27,0.0,1925.420441,0.0
2019-01-02,11,0,59,102.53,102.53,0.0,1893.290091,0.0
2019-01-02,11,0,63,10.23,10.23,0.0,331.733909,0.0
2019-01-02,11,0,64,12.04,12.04,0.0,390.427788,0.0
2019-01-02,11,0,65,2.67,2.67,0.0,42.229346,0.0
2019-01-02,11,0,67,116.96,116.96,0.0,1814.44932,0.0
2019-01-02,11,0,68,1.43,1.43,0.0,25.903704,0.0
2019-01-02,11,0,69,0.58,0.58,0.0,8.924821,0.0
2019-01-02,11,0,74,21.36,21.36,0.0,348.100082,0.0
2019-01-02,11,0,77,5.57,5.57,0.0,112.317698,0.0
2019-01-02,11,0,78,4.21,4.21,0.0,84.893628,0.0
2019-01-02,11,0,79,2.44,2.44,0.0,49.202008,0.0
2019-01-02,11,0,80,3.94,3.94,0.0,79.449144,0.0
2019-01-02,11,0,81,5.16,5.16,0.0,104.050148,0.0
2019-01-02,11,0,82,3.64,3.64,0.0,73.399716,0.0
2019-01-02,11,0,83,8.11,8.11,0.0,163.536182,0.0
2019-01-02,11,0,84,0.0,0.0,0.0,0.0,0.0
2019-01-02,11,0,86,2.92,2.92,0.0,44.931855,0.0
2019-01-02,11,0,87,14.9,14.9,0.0,229.275563,0.0
2019-01-02,11,0,88,6.64,6.64,0.0,133.893988,0.0
2019-01-02,11,0,89,6.39,6.39,0.0,128.852799,0.0
2019-01-02,11,0,90,8.58,8.58,0.0,173.013617,0.0
2019-01-02,11,0,91,30.59,30.59,0.0,616.839925,0.0
2019-01-02,11,0,92,11.0,11.0,0.0,221.81233,0.0
2019-01-02,11,0,95,53.06,53.06,0.0,1664.511744,0.0
2019-01-02,11,0,96,6.39,6.39,0.0,118.115017,0.0
2019-01-02,11,0,97,46.96,46.96,0.0,868.025225,0.0
2019-01-02,11,0,99,4.58,4.58,0.0,74.639437,0.0
2019-01-02,11,0,101,3.89,3.89,0.0,71.831644,0.0
2019-01-02,11,0,102,3.37,3.37,0.0,61.045791,0.0
2019-01-02,11,0,103,2.93,2.93,0.0,53.075421,0.0
2019-01-02,11,0,104,0.54,0.54,0.0,9.781818,0.0
2019-01-02,11,0,106,88.03,88.03,0.0,1623.967532,0.0
2019-01-02,11,0,109,30.3,30.3,0.0,511.94579,0.0
2019-01-02,11,0,110,54.11,54.11,0.0,408.430039,0.0
2019-01-02,11,0,111,3.74,3.74,0.0,65.569079,0.0
2019-01-02,11,0,113,9.66,9.66,0.0,203.562884,0.0
2019-01-02,11,0,115,9.66,9.66,0.0,203.562884,0.0
2019-01-02,11,0,116,39.06,39.06,0.0,294.830481,0.0
2019-01-02,11,0,117,0.65,0.65,0.0,13.697296,0.0
2019-01-02,11,0,119,12.04,12.04,0.0,390.427788,0.0
2019-01-02,11,0,120,7.08,7.08,0.0,229.587104,0.0
2019-01-02,11,0,123,1.47,1.47,0.0,27.118395,0.0
2019-01-02,11,0,125,13.48,13.48,0.0,248.677523,0.0
2019-01-02,11,0,126,66.02,66.02,0.0,1217.929529,0.0
2019-01-02,11,0,127,84.73,84.73,0.0,1563.089504,0.0
2019-01-02,11,0,128,19.31,19.31,0.0,356.228707,0.0
2019-01-02,11,0,131,2.07,2.07,0.0,38.934922,0.0
2019-01-02,11,0,132,3.05,3.05,0.0,57.36788,0.0
2019-01-02,11,0,133,16.75,16.75,0.0,264.61785,0.0
2019-01-02,11,0,134,0.0,0.0,0.0,0.0,0.0
2019-01-02,11,0,135,22.44,22.44,0.0,354.508928,0.0
2019-01-02,11,0,136,4.97,4.97,0.0,78.611212,0.0
2019-01-02,11,0,139,8.9,8.9,0.0,156.033369,0.0
2019-01-02,11,0,140,40.05,40.05,0.0,302.303143,0.0
2019-01-02,11,0,141,0.0,0.0,0.0,0.0,0.0
2019-01-02,11,0,142,154.24,154.24,0.0,2392.789527,0.0
2019-01-02,11,0,143,19.97,19.97,0.0,368.760393,0.0
2019-01-02,11,0,145,22.93,22.93,0.0,410.063234,0.0
2019-01-02,11,0,146,129.0,129.0,0.0,973.710499,0.0
2019-01-02,11,0,152,1.22,1.22,0.0,19.839765,0.0
2019-01-02,11,0,153,1.69,1.69,0.0,27.517969,0.0
2019-01-02,11,0,154,15.41,15.41,0.0,270.165642,0.0
2019-01-02,11,0,157,62.65,62.65,0.0,971.915611,0.0
2019-01-02,11,0,158,183.64,183.64,0.0,2848.884004,0.0
2019-01-02,11,0,159,0.0,0.0,0.0,0.0,0.0
2019-01-02,11,0,160,0.4,0.4,0.0,6.257758,0.0
2019-01-02,11,0,161,20.29,20.29,0.0,367.542759,0.0
2019-01-02,11,0,162,79.53,79.53,0.0,2495.580287,0.0
2019-01-02,11,0,163,0.0,0.0,0.0,0.0,0.0
2019-01-02,11,0,164,11.79,11.79,0.0,217.710818,0.0
2019-01-02,11,0,167,1.1,1.1,0.0,34.468198,0.0
2019-01-02,11,0,168,0.55,0.55,0.0,17.234099,0.0
2019-01-02,11,0,169,0.0,0.0,0.0,0.0,0.0
2019-01-02,11,0,170,1.2,1.2,0.0,37.60167,0.0
2019-01-02,11,0,172,1.3,1.3,0.0,41.381412,0.0
2019-01-02,11,0,173,1.98,1.98,0.0,63.027074,0.0
2019-01-02,11,0,188,1.78,1.78,0.0,55.430229,0.0
2019-01-02,11,0,190,3.26,3.26,0.0,105.713836,0.0
2019-01-02,11,0,191,8.42,8.42,0.0,273.040031,0.0
2019-01-02,11,0,192,11.41,11.41,0.0,369.998427,0.0
2019-01-02,11,0,194,16.61,16.61,0.0,396.249167,0.0
2019-01-02,11,0,196,1.68,1.68,0.0,59.068673,0.0
2019-01-02,11,0,198,1.92,1.92,0.0,28.147187,0.0
2019-01-02,11,0,199,44.41,44.41,0.0,772.247295,0.0
2019-01-02,11,0,200,3.14,3.14,0.0,54.601588,0.0
2019-01-02,11,0,204,94.79,94.79,0.0,1607.683103,0.0
2019-01-02,11,0,205,198.09,198.09,0.0,3346.908961,0.0
2019-01-02,11,0,206,179.51,179.51,0.0,3318.126238,0.0
2019-01-02,11,0,210,0.43,0.43,0.0,5.878007,0.0
2019-01-02,11,0,214,3.45,3.45,0.0,52.247856,0.0
2019-01-02,11,0,217,2.81,2.81,0.0,40.643779,0.0
2019-01-02,11,0,218,3.88,3.88,0.0,56.120236,0.0
2019-01-02,11,0,219,2.64,2.64,0.0,38.184903,0.0
2019-01-02,11,0,221,1.84,1.84,0.0,27.865523,0.0
2019-01-02,11,0,225,1.96,1.96,0.0,26.793832,0.0
2019-01-02,11,0,233,1.65,1.65,0.0,25.389576,0.0
2019-01-02,11,0,236,37.94,37.94,0.0,607.971302,0.0
2019-01-02,11,0,237,47.62,47.62,0.0,776.054583,0.0
2019-01-02,11,0,238,21.27,21.27,0.0,337.958086,0.0
2019-01-02,11,0,240,2.7,2.7,0.0,44.171687,0.0
2019-01-02,11,0,245,26.55,26.55,0.0,417.860748,0.0
2019-01-02,11,0,247,34.07,34.07,0.0,536.21528,0.0
2019-01-02,11,0,248,5.67,5.67,0.0,92.402971,0.0
2019-01-02,11,0,249,51.05,51.05,0.0,803.457296,0.0
2019-01-02,11,0,251,13.21,13.21,0.0,209.292288,0.0
2019-01-02,11,0,252,17.24,17.24,0.0,272.671882,0.0
2019-01-02,11,0,254,2.55,2.55,0.0,40.906418,0.0
2019-01-02,11,0,255,1.17,1.17,0.0,18.768827,0.0
2019-01-02,11,0,258,3.62,3.62,0.0,59.114593,0.0
2019-01-02,11,0,260,0.98,0.98,0.0,15.331506,0.0
2019-01-02,11,0,265,15.95,15.95,0.0,279.632835,0.0
2019-01-02,11,0,266,5.76,5.76,0.0,100.983394,0.0
2019-01-02,11,0,267,7.08,7.08,0.0,124.125422,0.0
2019-01-02,11,0,270,0.0,0.0,0.0,0.0,0.0
2019-01-02,11,0,272,32.25,32.25,0.0,679.596586,0.0
2019-01-02,11,0,273,9.34,9.34,0.0,70.499659,0.0
2019-01-02,11,0,274,0.0,0.0,0.0,0.0,0.0
2019-01-02,11,0,275,0.0,0.0,0.0,0.0,0.0
2019-01-02,11,0,276,1.85,1.85,0.0,17.254249,0.0
2019-01-02,11,0,277,1.5,1.5,0.0,31.063093,0.0
2019-01-02,11,0,278,2.4,2.4,0.0,49.700948,0.0
2019-01-02,11,0,279,21.61,21.61,0.0,447.515622,0.0
2019-01-02,11,0,281,7.52,7.52,0.0,138.862201,0.0
2019-01-02,11,0,282,106.01,106.01,0.0,1957.550791,0.0
2019-01-02,12,0,9,1.57,1.57,0.0,28.963183,0.0
2019-01-02,12,0,17,11.66,11.66,0.0,300.274429,0.0
2019-01-02,12,0,19,85.59,85.59,0.0,2204.158526,0.0
2019-01-02,12,0,20,103.81,103.81,0.0,2673.369512,0.0
2019-01-02,12,0,21,35.88,35.88,0.0,661.910202,0.0
2019-01-02,12,0,22,127.5,127.5,0.0,2352.10565,0.0
2019-01-02,12,0,23,1.09,1.09,0.0,20.108197,0.0
2019-01-02,12,0,24,1.83,1.83,0.0,33.759634,0.0
2019-01-02,12,0,29,2.33,2.33,0.0,20.956745,0.0
2019-01-02,12,0,30,279.16,279.16,0.0,3756.35812,0.0
2019-01-02,12,0,31,4.78,4.78,0.0,64.319357,0.0
2019-01-02,12,0,32,1.3,1.3,0.0,40.251027,0.0
2019-01-02,12,0,33,0.76,0.76,0.0,20.639642,0.0
2019-01-02,12,0,34,1.21,1.21,0.0,32.860482,0.0
2019-01-02,12,0,35,1.21,1.21,0.0,32.860482,0.0
2019-01-02,12,0,36,3.27,3.27,0.0,74.664315,0.0
2019-01-02,12,0,37,1.29,1.29,0.0,29.262986,0.0
2019-01-02,12,0,38,1.66,1.66,0.0,37.656245,0.0
2019-01-02,12,0,39,1.11,1.11,0.0,25.179778,0.0
2019-01-02,12,0,40,1.11,1.11,0.0,25.179778,0.0
2019-01-02,12,0,41,6.31,6.31,0.0,141.216345,0.0
2019-01-02,12,0,42,23.0,23.0,0.0,585.303793,0.0
2019-01-02,12,0,43,9.13,9.13,0.0,204.028369,0.0
2019-01-02,12,0,46,5.5,5.5,0.0,123.342708,0.0
2019-01-02,12,0,52,5.07,5.07,0.0,68.221578,0.0
2019-01-02,12,0,53,8.06,8.06,0.0,108.454816,0.0
2019-01-02,12,0,55,21.19,21.19,0.0,390.910735,0.0
2019-01-02,12,0,56,82.34,82.34,0.0,1107.961483,0.0
2019-01-02,12,0,57,78.32,78.32,0.0,1053.868634,0.0
2019-01-02,12,0,58,150.62,150.62,0.0,2026.732555,0.0
2019-01-02,12,0,59,148.11,148.11,0.0,1992.958164,0.0
2019-01-02,12,0,63,8.69,8.69,0.0,281.795471,0.0
2019-01-02,12,0,64,10.23,10.23,0.0,331.733909,0.0
2019-01-02,12,0,65,1.61,1.61,0.0,41.370485,0.0
2019-01-02,12,0,67,166.2,166.2,0.0,2521.604175,0.0
2019-01-02,12,0,68,0.0,0.0,0.0,0.0,0.0
2019-01-02,12,0,69,0.76,0.76,0.0,20.639642,0.0
2019-01-02,12,0,74,19.08,19.08,0.0,461.816241,0.0
2019-01-02,12,0,77,0.0,0.0,0.0,0.0,0.0
2019-01-02,12,0,78,0.0,0.0,0.0,0.0,0.0
2019-01-02,12,0,79,0.0,0.0,0.0,0.0,0.0
2019-01-02,12,0,80,0.0,0.0,0.0,0.0,0.0
2019-01-02,12,0,81,0.0,0.0,0.0,0.0,0.0
2019-01-02,12,0,82,0.0,0.0,0.0,0.0,0.0
2019-01-02,12,0,83,0.0,0.0,0.0,0.0,0.0
2019-01-02,12,0,84,0.0,0.0,0.0,0.0,0.0
2019-01-02,12,0,86,3.84,3.84,0.0,104.284506,0.0
2019-01-02,12,0,87,19.61,19.61,0.0,532.557075,0.0
2019-01-02,12,0,88,1.85,1.85,0.0,38.217719,0.0
2019-01-02,12,0,89,1.78,1.78,0.0,36.771643,0.0
2019-01-02,12,0,90,2.39,2.39,0.0,49.373162,0.0
2019-01-02,12,0,91,8.53,8.53,0.0,176.214673,0.0
2019-01-02,12,0,92,3.07,3.07,0.0,63.420756,0.0
2019-01-02,12,0,95,75.0,75.0,0.0,2328.245085,0.0
2019-01-02,12,0,96,1.77,1.77,0.0,38.827278,0.0
2019-01-02,12,0,97,10.89,10.89,0.0,238.886474,0.0
2019-01-02,12,0,99,3.68,3.68,0.0,89.071476,0.0
2019-01-02,12,0,101,5.62,5.62,0.0,75.622341,0.0
2019-01-02,12,0,102,0.0,0.0,0.0,0.0,0.0
2019-01-02,12,0,103,0.0,0.0,0.0,0.0,0.0
2019-01-02,12,0,104,0.0,0.0,0.0,0.0,0.0
2019-01-02,12,0,106,125.51,125.51,0.0,2315.394354,0.0
2019-01-02,12,0,109,10.98,10.98,0.0,248.617028,0.0
2019-01-02,12,0,110,83.45,83.45,0.0,513.290853,0.0
2019-01-02,12,0,111,5.1,5.1,0.0,114.136824,0.0
2019-01-02,12,0,113,2.23,2.23,0.0,46.763421,0.0
2019-01-02,12,0,115,2.23,2.23,0.0,46.763421,0.0
2019-01-02,12,0,116,54.55,54.55,0.0,335.530449,0.0
2019-01-02,12,0,117,0.15,0.15,0.0,3.145522,0.0
2019-01-02,12,0,119,10.23,10.23,0.0,331.733909,0.0
2019-01-02,12,0,120,6.01,6.01,0.0,194.889618,0.0
2019-01-02,12,0,123,2.09,2.09,0.0,38.556085,0.0
2019-01-02,12,0,125,1.67,1.67,0.0,30.807972,0.0
2019-01-02,12,0,126,94.14,94.14,0.0,1736.684124,0.0
2019-01-02,12,0,127,120.81,120.81,0.0,2228.689283,0.0
2019-01-02,12,0,128,2.29,2.29,0.0,42.245662,0.0
2019-01-02,12,0,131,0.0,0.0,0.0,0.0,0.0
2019-01-02,12,0,132,0.0,0.0,0.0,0.0,0.0
2019-01-02,12,0,133,10.92,10.92,0.0,281.275763,0.0
2019-01-02,12,0,134,0.0,0.0,0.0,0.0,0.0
2019-01-02,12,0,135,14.63,14.63,0.0,376.837401,0.0
2019-01-02,12,0,136,3.19,3.19,0.0,81.960184,0.0
2019-01-02,12,0,139,8.15,8.15,0.0,182.39512,0.0
2019-01-02,12,0,140,61.76,61.76,0.0,379.878287,0.0
2019-01-02,12,0,141,0.0,0.0,0.0,0.0,0.0
2019-01-02,12,0,142,219.18,219.18,0.0,3325.422401,0.0
2019-01-02,12,0,143,5.6,5.6,0.0,75.353222,0.0
2019-01-02,12,0,145,4.43,4.43,0.0,97.33821,0.0
2019-01-02,12,0,146,174.87,174.87,0.0,1075.604211,0.0
2019-01-02,12,0,152,1.71,1.71,0.0,41.18606,0.0
2019-01-02,12,0,153,2.37,2.37,0.0,56.901026,0.0
2019-01-02,12,0,154,21.02,21.02,0.0,470.422752,0.0
2019-01-02,12,0,157,79.95,79.95,0.0,1213.009951,0.0
2019-01-02,12,0,158,260.1,260.1,0.0,3946.265018,0.0
2019-01-02,12,0,159,0.0,0.0,0.0,0.0,0.0
2019-01-02,12,0,160,0.55,0.55,0.0,11.896603,0.0
2019-01-02,12,0,161,28.65,28.65,0.0,519.080388,0.0
2019-01-02,12,0,162,78.93,78.93,0.0,2451.337827,0.0
2019-01-02,12,0,163,0.0,0.0,0.0,0.0,0.0
2019-01-02,12,0,164,16.92,16.92,0.0,227.674378,0.0
2019-01-02,12,0,167,1.48,1.48,0.0,45.880364,0.0
2019-01-02,12,0,168,0.74,0.74,0.0,22.940182,0.0
2019-01-02,12,0,169,0.0,0.0,0.0,0.0,0.0
2019-01-02,12,0,170,1.61,1.61,0.0,49.910396,0.0
2019-01-02,12,0,172,1.73,1.73,0.0,53.70906,0.0
2019-01-02,12,0,173,2.63,2.63,0.0,81.65019,0.0
2019-01-02,12,0,188,2.44,2.44,0.0,74.939065,0.0
2019-01-02,12,0,190,4.51,4.51,0.0,146.248283,0.0
2019-01-02,12,0,191,11.64,11.64,0.0,377.456765,0.0
2019-01-02,12,0,192,0.0,0.0,0.0,0.0,0.0
2019-01-02,12,0,194,10.28,10.28,0.0,241.106679,0.0
2019-01-02,12,0,196,2.3,2.3,0.0,81.695401,0.0
2019-01-02,12,0,198,2.54,2.54,0.0,49.268528,0.0
2019-01-02,12,0,199,81.24,81.24,0.0,1295.187163,0.0
2019-01-02,12,0,200,4.28,4.28,0.0,68.234873,0.0
2019-01-02,12,0,204,48.25,48.25,0.0,1086.543116,0.0
2019-01-02,12,0,205,58.06,58.06,0.0,1314.636124,0.0
2019-01-02,12,0,206,31.98,31.98,0.0,701.523364,0.0
2019-01-02,12,0,210,0.56,0.56,0.0,5.462852,0.0
2019-01-02,12,0,214,4.61,4.61,0.0,129.044877,0.0
2019-01-02,12,0,217,3.67,3.67,0.0,73.49664,0.0
2019-01-02,12,0,218,5.06,5.06,0.0,101.333242,0.0
2019-01-02,12,0,219,3.45,3.45,0.0,69.090847,0.0
2019-01-02,12,0,221,2.46,2.46,0.0,68.861257,0.0
2019-01-02,12,0,225,2.49,2.49,0.0,22.212893,0.0
2019-01-02,12,0,233,2.17,2.17,0.0,58.931609,0.0
2019-01-02,12,0,236,17.42,17.42,0.0,434.855688,0.0
2019-01-02,12,0,237,45.77,45.77,0.0,1107.826485,0.0
2019-01-02,12,0,238,29.93,29.93,0.0,761.65837,0.0
2019-01-02,12,0,240,3.7,3.7,0.0,84.482558,0.0
2019-01-02,12,0,245,13.93,13.93,0.0,361.630473,0.0
2019-01-02,12,0,247,15.88,15.88,0.0,412.253547,0.0
2019-01-02,12,0,248,4.59,4.59,0.0,111.097303,0.0
2019-01-02,12,0,249,26.79,26.79,0.0,695.483157,0.0
2019-01-02,12,0,251,10.68,10.68,0.0,273.440827,0.0
2019-01-02,12,0,252,10.37,10.37,0.0,266.467036,0.0
2019-01-02,12,0,254,3.51,3.51,0.0,77.806687,0.0
2019-01-02,12,0,255,1.61,1.61,0.0,35.689107,0.0
2019-01-02,12,0,258,4.93,4.93,0.0,112.180254,0.0
2019-01-02,12,0,260,1.33,1.33,0.0,28.768148,0.0
2019-01-02,12,0,265,21.76,21.76,0.0,486.983781,0.0
2019-01-02,12,0,266,5.27,5.27,0.0,117.941384,0.0
2019-01-02,12,0,267,6.48,6.48,0.0,145.020905,0.0
2019-01-02,12,0,270,0.0,0.0,0.0,0.0,0.0
2019-01-02,12,0,272,7.47,7.47,0.0,156.646975,0.0
2019-01-02,12,0,273,13.04,13.04,0.0,80.207462,0.0
2019-01-02,12,0,274,0.0,0.0,0.0,0.0,0.0
2019-01-02,12,0,275,0.0,0.0,0.0,0.0,0.0
2019-01-02,12,0,276,2.57,2.57,0.0,20.984381,0.0
2019-01-02,12,0,277,2.08,2.08,0.0,43.35779,0.0
2019-01-02,12,0,278,3.33,3.33,0.0,69.414154,0.0
2019-01-02,12,0,279,8.92,8.92,0.0,185.938214,0.0
2019-01-02,12,0,281,2.15,2.15,0.0,28.930255,0.0
2019-01-02,12,0,282,153.13,153.13,0.0,2060.506945,0.0
2019-01-02,13,0,9,2.1,2.1,0.0,36.309475,0.0
2019-01-02,13,0,17,13.57,13.57,0.0,376.548744,0.0
2019-01-02,13,0,19,71.35,71.35,0.0,1979.863882,0.0
2019-01-02,13,0,20,86.54,86.54,0.0,2401.365386,0.0
2019-01-02,13,0,21,47.98,47.98,0.0,829.585055,0.0
2019-01-02,13,0,22,170.52,170.52,0.0,2948.329377,0.0
2019-01-02,13,0,23,0.0,0.0,0.0,0.0,0.0
2019-01-02,13,0,24,0.0,0.0,0.0,0.0,0.0
2019-01-02,13,0,29,2.55,2.55,0.0,29.69372,0.0
2019-01-02,13,0,30,621.73,621.73,0.0,3490.84001,0.0
2019-01-02,13,0,31,0.0,0.0,0.0,0.0,0.0
2019-01-02,13,0,32,1.49,1.49,0.0,54.684446,0.0
2019-01-02,13,0,33,0.8,0.8,0.0,23.151968,0.0
2019-01-02,13,0,34,1.28,1.28,0.0,37.04315,0.0
2019-01-02,13,0,35,1.28,1.28,0.0,37.04315,0.0
2019-01-02,13,0,36,2.95,2.95,0.0,74.353129,0.0
2019-01-02,13,0,37,1.15,1.15,0.0,28.82786,0.0
2019-01-02,13,0,38,1.48,1.48,0.0,37.100202,0.0
2019-01-02,13,0,39,0.99,0.99,0.0,24.817027,0.0
2019-01-02,13,0,40,0.99,0.99,0.0,24.817027,0.0
2019-01-02,13,0,41,6.74,6.74,0.0,168.596337,0.0
2019-01-02,13,0,42,30.05,30.05,0.0,826.085813,0.0
2019-01-02,13,0,43,8.75,8.75,0.0,216.209927,0.0
2019-01-02,13,0,46,7.12,7.12,0.0,177.156757,0.0
2019-01-02,13,0,52,0.0,0.0,0.0,0.0,0.0
2019-01-02,13,0,53,0.0,0.0,0.0,0.0,0.0
2019-01-02,13,0,55,0.0,0.0,0.0,0.0,0.0
2019-01-02,13,0,56,183.39,183.39,0.0,1029.683543,0.0
2019-01-02,13,0,57,174.44,174.44,0.0,979.431797,0.0
2019-01-02,13,0,58,335.47,335.47,0.0,1883.570196,0.0
2019-01-02,13,0,59,329.88,329.88,0.0,1852.18391,0.0
2019-01-02,13,0,63,7.53,7.53,0.0,291.776111,0.0
2019-01-02,13,0,64,8.86,8.86,0.0,343.3116,0.0
2019-01-02,13,0,65,0.89,0.89,0.0,24.653575,0.0
2019-01-02,13,0,67,219.04,219.04,0.0,3571.345426,0.0
2019-01-02,13,0,68,0.0,0.0,0.0,0.0,0.0
2019-01-02,13,0,69,0.8,0.8,0.0,23.151968,0.0
2019-01-02,13,0,74,10.23,10.23,0.0,270.511373,0.0
2019-01-02,13,0,77,0.0,0.0,0.0,0.0,0.0
2019-01-02,13,0,78,0.0,0.0,0.0,0.0,0.0
2019-01-02,13,0,79,0.0,0.0,0.0,0.0,0.0
2019-01-02,13,0,80,0.0,0.0,0.0,0.0,0.0
2019-01-02,13,0,81,0.0,0.0,0.0,0.0,0.0
2019-01-02,13,0,82,0.0,0.0,0.0,0.0,0.0
2019-01-02,13,0,83,0.0,0.0,0.0,0.0,0.0
2019-01-02,13,0,84,0.0,0.0,0.0,0.0,0.0
2019-01-02,13,0,86,4.04,4.04,0.0,116.917441,0.0
2019-01-02,13,0,87,20.62,20.62,0.0,596.741987,0.0
2019-01-02,13,0,88,0.0,0.0,0.0,0.0,0.0
2019-01-02,13,0,89,0.0,0.0,0.0,0.0,0.0
2019-01-02,13,0,90,0.0,0.0,0.0,0.0,0.0
2019-01-02,13,0,91,0.0,0.0,0.0,0.0,0.0
2019-01-02,13,0,92,0.0,0.0,0.0,0.0,0.0
2019-01-02,13,0,95,86.4,86.4,0.0,3182.385736,0.0
2019-01-02,13,0,96,0.6,0.6,0.0,15.309758,0.0
2019-01-02,13,0,97,3.71,3.71,0.0,94.665339,0.0
2019-01-02,13,0,99,1.98,1.98,0.0,52.35704,0.0
2019-01-02,13,0,101,12.52,12.52,0.0,70.296297,0.0
2019-01-02,13,0,102,0.0,0.0,0.0,0.0,0.0
2019-01-02,13,0,103,0.0,0.0,0.0,0.0,0.0
2019-01-02,13,0,104,0.0,0.0,0.0,0.0,0.0
2019-01-02,13,0,106,167.87,167.87,0.0,2902.510277,0.0
2019-01-02,13,0,109,4.95,4.95,0.0,124.637176,0.0
2019-01-02,13,0,110,128.36,128.36,0.0,287.260869,0.0
2019-01-02,13,0,111,6.59,6.59,0.0,164.844193,0.0
2019-01-02,13,0,113,0.0,0.0,0.0,0.0,0.0
2019-01-02,13,0,115,0.0,0.0,0.0,0.0,0.0
2019-01-02,13,0,116,49.63,49.63,0.0,111.068533,0.0
2019-01-02,13,0,117,0.0,0.0,0.0,0.0,0.0
2019-01-02,13,0,119,8.86,8.86,0.0,343.3116,0.0
2019-01-02,13,0,120,5.21,5.21,0.0,201.87962,0.0
2019-01-02,13,0,123,2.8,2.8,0.0,48.412633,0.0
2019-01-02,13,0,125,0.0,0.0,0.0,0.0,0.0
2019-01-02,13,0,126,125.9,125.9,0.0,2176.839482,0.0
2019-01-02,13,0,127,161.57,161.57,0.0,2793.581852,0.0
2019-01-02,13,0,128,0.0,0.0,0.0,0.0,0.0
2019-01-02,13,0,131,0.0,0.0,0.0,0.0,0.0
2019-01-02,13,0,132,0.0,0.0,0.0,0.0,0.0
2019-01-02,13,0,133,7.51,7.51,0.0,208.426062,0.0
2019-01-02,13,0,134,0.0,0.0,0.0,0.0,0.0
2019-01-02,13,0,135,10.06,10.06,0.0,279.196563,0.0
2019-01-02,13,0,136,1.92,1.92,0.0,53.180185,0.0
2019-01-02,13,0,139,8.71,8.71,0.0,217.874495,0.0
2019-01-02,13,0,140,95.0,95.0,0.0,212.603479,0.0
2019-01-02,13,0,141,0.0,0.0,0.0,0.0,0.0
2019-01-02,13,0,142,288.87,288.87,0.0,4709.891131,0.0
2019-01-02,13,0,143,0.0,0.0,0.0,0.0,0.0
2019-01-02,13,0,145,2.07,2.07,0.0,51.421493,0.0
2019-01-02,13,0,146,239.2,239.2,0.0,535.31318,0.0
2019-01-02,13,0,152,1.6,1.6,0.0,42.128713,0.0
2019-01-02,13,0,153,2.09,2.09,0.0,54.894362,0.0
2019-01-02,13,0,154,27.17,27.17,0.0,679.63835,0.0
2019-01-02,13,0,157,103.86,103.86,0.0,1693.389043,0.0
2019-01-02,13,0,158,313.94,313.94,0.0,5118.645832,0.0
2019-01-02,13,0,159,0.0,0.0,0.0,0.0,0.0
2019-01-02,13,0,160,0.56,0.56,0.0,13.388904,0.0
2019-01-02,13,0,161,35.5,35.5,0.0,741.878474,0.0
2019-01-02,13,0,162,78.84,78.84,0.0,2905.331484,0.0
2019-01-02,13,0,163,0.0,0.0,0.0,0.0,0.0
2019-01-02,13,0,164,24.29,24.29,0.0,136.381554,0.0
2019-01-02,13,0,167,1.67,1.67,0.0,61.408585,0.0
2019-01-02,13,0,168,0.83,0.83,0.0,30.520434,0.0
2019-01-02,13,0,169,0.0,0.0,0.0,0.0,0.0
2019-01-02,13,0,170,1.83,1.83,0.0,67.292042,0.0
2019-01-02,13,0,172,2.05,2.05,0.0,75.995044,0.0
2019-01-02,13,0,173,3.13,3.13,0.0,116.031458,0.0
2019-01-02,13,0,188,2.98,2.98,0.0,108.631854,0.0
2019-01-02,13,0,190,4.2,4.2,0.0,162.743648,0.0
2019-01-02,13,0,191,10.85,10.85,0.0,420.42109,0.0
2019-01-02,13,0,192,0.0,0.0,0.0,0.0,0.0
2019-01-02,13,0,194,5.81,5.81,0.0,172.421296,0.0
2019-01-02,13,0,196,2.09,2.09,0.0,90.813161,0.0
2019-01-02,13,0,198,2.45,2.45,0.0,52.893434,0.0
2019-01-02,13,0,199,49.23,49.23,0.0,941.709689,0.0
2019-01-02,13,0,200,5.16,5.16,0.0,98.704489,0.0
2019-01-02,13,0,204,21.09,21.09,0.0,529.027262,0.0
2019-01-02,13,0,205,26.2,26.2,0.0,659.695759,0.0
2019-01-02,13,0,206,10.92,10.92,0.0,278.637601,0.0
2019-01-02,13,0,210,0.72,0.72,0.0,8.881431,0.0
2019-01-02,13,0,214,5.76,5.76,0.0,170.773982,0.0
2019-01-02,13,0,217,3.92,3.92,0.0,86.572294,0.0
2019-01-02,13,0,218,5.41,5.41,0.0,119.478599,0.0
2019-01-02,13,0,219,3.68,3.68,0.0,81.271949,0.0
2019-01-02,13,0,221,3.07,3.07,0.0,91.020161,0.0
2019-01-02,13,0,225,2.27,2.27,0.0,26.281811,0.0
2019-01-02,13,0,233,2.29,2.29,0.0,66.27251,0.0
2019-01-02,13,0,236,13.23,13.23,0.0,358.241881,0.0
2019-01-02,13,0,237,24.55,24.55,0.0,649.17441,0.0
2019-01-02,13,0,238,39.11,39.11,0.0,1075.148624,0.0
2019-01-02,13,0,240,3.35,3.35,0.0,84.434909,0.0
2019-01-02,13,0,245,6.49,6.49,0.0,181.233398,0.0
2019-01-02,13,0,247,5.64,5.64,0.0,157.497129,0.0
2019-01-02,13,0,248,2.46,2.46,0.0,65.049656,0.0
2019-01-02,13,0,249,12.47,12.47,0.0,348.225035,0.0
2019-01-02,13,0,251,10.21,10.21,0.0,282.019449,0.0
2019-01-02,13,0,252,5.72,5.72,0.0,158.447697,0.0
2019-01-02,13,0,254,4.94,4.94,0.0,121.073074,0.0
2019-01-02,13,0,255,2.27,2.27,0.0,55.634793,0.0
2019-01-02,13,0,258,4.44,4.44,0.0,111.552981,0.0
2019-01-02,13,0,260,1.36,1.36,0.0,32.51591,0.0
2019-01-02,13,0,265,28.13,28.13,0.0,703.652072,0.0
2019-01-02,13,0,266,5.64,5.64,0.0,141.080614,0.0
2019-01-02,13,0,267,6.93,6.93,0.0,173.349053,0.0
2019-01-02,13,0,270,0.0,0.0,0.0,0.0,0.0
2019-01-02,13,0,272,0.0,0.0,0.0,0.0,0.0
2019-01-02,13,0,273,11.87,11.87,0.0,26.564245,0.0
2019-01-02,13,0,274,0.0,0.0,0.0,0.0,0.0
2019-01-02,13,0,275,0.0,0.0,0.0,0.0,0.0
2019-01-02,13,0,276,2.5,2.5,0.0,13.446768,0.0
2019-01-02,13,0,277,3.31,3.31,0.0,83.521957,0.0
2019-01-02,13,0,278,5.3,5.3,0.0,133.736064,0.0
2019-01-02,13,0,279,0.0,0.0,0.0,0.0,0.0
2019-01-02,13,0,281,0.0,0.0,0.0,0.0,0.0
2019-01-02,13,0,282,341.06,341.06,0.0,1914.956482,0.0
2019-01-02,14,0,9,2.18,2.18,0.0,35.168992,0.0
2019-01-02,14,0,17,13.67,13.67,0.0,336.554653,0.0
2019-01-02,14,0,19,97.88,97.88,0.0,2409.800248,0.0
2019-01-02,14,0,20,118.71,118.71,0.0,2922.633709,0.0
2019-01-02,14,0,21,49.82,49.82,0.0,803.724388,0.0
2019-01-02,14,0,22,177.05,177.05,0.0,2856.270632,0.0
2019-01-02,14,0,23,0.0,0.0,0.0,0.0,0.0
2019-01-02,14,0,24,0.0,0.0,0.0,0.0,0.0
2019-01-02,14,0,29,2.59,2.59,0.0,31.533467,0.0
2019-01-02,14,0,30,646.77,646.77,0.0,3631.432604,0.0
2019-01-02,14,0,31,0.0,0.0,0.0,0.0,0.0
2019-01-02,14,0,32,1.51,1.51,0.0,46.75531,0.0
2019-01-02,14,0,33,0.83,0.83,0.0,21.199973,0.0
2019-01-02,14,0,34,1.33,1.33,0.0,33.971042,0.0
2019-01-02,14,0,35,1.33,1.33,0.0,33.971042,0.0
2019-01-02,14,0,36,3.07,3.07,0.0,69.541884,0.0
2019-01-02,14,0,37,1.19,1.19,0.0,26.830338,0.0
2019-01-02,14,0,38,1.53,1.53,0.0,34.496149,0.0
2019-01-02,14,0,39,1.02,1.02,0.0,22.997432,0.0
2019-01-02,14,0,40,1.02,1.02,0.0,22.997432,0.0
2019-01-02,14,0,41,7.52,7.52,0.0,169.16574,0.0
2019-01-02,14,0,42,31.32,31.32,0.0,764.83586,0.0
2019-01-02,14,0,43,9.11,9.11,0.0,202.881477,0.0
2019-01-02,14,0,46,7.29,7.29,0.0,163.315635,0.0
2019-01-02,14,0,52,0.0,0.0,0.0,0.0,0.0
2019-01-02,14,0,53,0.0,0.0,0.0,0.0,0.0
2019-01-02,14,0,55,0.0,0.0,0.0,0.0,0.0
2019-01-02,14,0,56,190.77,190.77,0.0,1071.120179,0.0
2019-01-02,14,0,57,181.47,181.47,0.0,1018.90328,0.0
2019-01-02,14,0,58,348.98,348.98,0.0,1959.425066,0.0
2019-01-02,14,0,59,343.16,343.16,0.0,1926.747395,0.0
2019-01-02,14,0,63,7.93,7.93,0.0,257.150528,0.0
2019-01-02,14,0,64,9.33,9.33,0.0,302.549108,0.0
2019-01-02,14,0,65,1.11,1.11,0.0,27.286921,0.0
2019-01-02,14,0,67,226.09,226.09,0.0,3678.098182,0.0
2019-01-02,14,0,68,0.0,0.0,0.0,0.0,0.0
2019-01-02,14,0,69,0.83,0.83,0.0,21.199973,0.0
2019-01-02,14,0,74,24.21,24.21,0.0,571.568996,0.0
2019-01-02,14,0,77,0.0,0.0,0.0,0.0,0.0
2019-01-02,14,0,78,0.0,0.0,0.0,0.0,0.0
2019-01-02,14,0,79,0.0,0.0,0.0,0.0,0.0
2019-01-02,14,0,80,0.0,0.0,0.0,0.0,0.0
2019-01-02,14,0,81,0.0,0.0,0.0,0.0,0.0
2019-01-02,14,0,82,0.0,0.0,0.0,0.0,0.0
2019-01-02,14,0,83,0.0,0.0,0.0,0.0,0.0
2019-01-02,14,0,84,0.0,0.0,0.0,0.0,0.0
2019-01-02,14,0,86,4.21,4.21,0.0,107.532395,0.0
2019-01-02,14,0,87,21.5,21.5,0.0,549.155935,0.0
2019-01-02,14,0,88,0.0,0.0,0.0,0.0,0.0
2019-01-02,14,0,89,0.0,0.0,0.0,0.0,0.0
2019-01-02,14,0,90,0.0,0.0,0.0,0.0,0.0
2019-01-02,14,0,91,0.0,0.0,0.0,0.0,0.0
2019-01-02,14,0,92,0.0,0.0,0.0,0.0,0.0
2019-01-02,14,0,95,75.67,75.67,0.0,2350.283356,0.0
2019-01-02,14,0,96,1.23,1.23,0.0,28.217268,0.0
2019-01-02,14,0,97,8.24,8.24,0.0,189.032753,0.0
2019-01-02,14,0,99,4.67,4.67,0.0,110.253086,0.0
2019-01-02,14,0,101,13.03,13.03,0.0,73.159805,0.0
2019-01-02,14,0,102,0.0,0.0,0.0,0.0,0.0
2019-01-02,14,0,103,0.0,0.0,0.0,0.0,0.0
2019-01-02,14,0,104,0.0,0.0,0.0,0.0,0.0
2019-01-02,14,0,106,174.29,174.29,0.0,2811.744753,0.0
2019-01-02,14,0,109,7.63,7.63,0.0,172.684594,0.0
2019-01-02,14,0,110,73.26,73.26,0.0,450.613396,0.0
2019-01-02,14,0,111,7.07,7.07,0.0,159.04279,0.0
2019-01-02,14,0,113,0.0,0.0,0.0,0.0,0.0
2019-01-02,14,0,115,0.0,0.0,0.0,0.0,0.0
2019-01-02,14,0,116,50.39,50.39,0.0,309.942793,0.0
2019-01-02,14,0,117,0.0,0.0,0.0,0.0,0.0
2019-01-02,14,0,119,9.33,9.33,0.0,302.549108,0.0
2019-01-02,14,0,120,5.49,5.49,0.0,178.027289,0.0
2019-01-02,14,0,123,2.9,2.9,0.0,46.784438,0.0
2019-01-02,14,0,125,0.0,0.0,0.0,0.0,0.0
2019-01-02,14,0,126,130.72,130.72,0.0,2108.848896,0.0
2019-01-02,14,0,127,167.76,167.76,0.0,2706.399103,0.0
2019-01-02,14,0,128,0.0,0.0,0.0,0.0,0.0
2019-01-02,14,0,131,0.0,0.0,0.0,0.0,0.0
2019-01-02,14,0,132,0.0,0.0,0.0,0.0,0.0
2019-01-02,14,0,133,11.85,11.85,0.0,291.78781,0.0
2019-01-02,14,0,134,0.0,0.0,0.0,0.0,0.0
2019-01-02,14,0,135,15.87,15.87,0.0,390.774054,0.0
2019-01-02,14,0,136,1.92,1.92,0.0,47.195085,0.0
2019-01-02,14,0,139,9.72,9.72,0.0,218.655717,0.0
2019-01-02,14,0,140,54.22,54.22,0.0,333.500659,0.0
2019-01-02,14,0,141,0.0,0.0,0.0,0.0,0.0
2019-01-02,14,0,142,298.16,298.16,0.0,4850.554,0.0
2019-01-02,14,0,143,0.0,0.0,0.0,0.0,0.0
2019-01-02,14,0,145,2.59,2.59,0.0,57.940591,0.0
2019-01-02,14,0,146,144.47,144.47,0.0,888.617489,0.0
2019-01-02,14,0,152,1.7,1.7,0.0,39.98817,0.0
2019-01-02,14,0,153,2.21,2.21,0.0,51.873122,0.0
2019-01-02,14,0,154,29.18,29.18,0.0,656.41706,0.0
2019-01-02,14,0,157,52.3,52.3,0.0,850.831682,0.0
2019-01-02,14,0,158,333.9,333.9,0.0,5431.982763,0.0
2019-01-02,14,0,159,0.0,0.0,0.0,0.0,0.0
2019-01-02,14,0,160,0.58,0.58,0.0,12.558206,0.0
2019-01-02,14,0,161,36.16,36.16,0.0,707.728353,0.0
2019-01-02,14,0,162,75.0,75.0,0.0,2330.420419,0.0
2019-01-02,14,0,163,0.0,0.0,0.0,0.0,0.0
2019-01-02,14,0,164,25.95,25.95,0.0,145.70199,0.0
2019-01-02,14,0,167,1.66,1.66,0.0,51.485785,0.0
2019-01-02,14,0,168,0.83,0.83,0.0,25.742892,0.0
2019-01-02,14,0,169,0.0,0.0,0.0,0.0,0.0
2019-01-02,14,0,170,1.81,1.81,0.0,56.138115,0.0
2019-01-02,14,0,172,2.07,2.07,0.0,64.69399,0.0
2019-01-02,14,0,173,3.15,3.15,0.0,98.447375,0.0
2019-01-02,14,0,188,2.96,2.96,0.0,91.138188,0.0
2019-01-02,14,0,190,4.23,4.23,0.0,137.168567,0.0
2019-01-02,14,0,191,10.92,10.92,0.0,354.108924,0.0
2019-01-02,14,0,192,0.0,0.0,0.0,0.0,0.0
2019-01-02,14,0,194,6.32,6.32,0.0,163.498683,0.0
2019-01-02,14,0,196,2.11,2.11,0.0,75.550791,0.0
2019-01-02,14,0,198,2.51,2.51,0.0,49.850655,0.0
2019-01-02,14,0,199,71.93,71.93,0.0,1287.095942,0.0
2019-01-02,14,0,200,5.26,5.26,0.0,94.121016,0.0
2019-01-02,14,0,204,30.12,30.12,0.0,679.47617,0.0
2019-01-02,14,0,205,40.36,40.36,0.0,913.440394,0.0
2019-01-02,14,0,206,29.16,29.16,0.0,668.955712,0.0
2019-01-02,14,0,210,0.73,0.73,0.0,9.277739,0.0
2019-01-02,14,0,214,5.76,5.76,0.0,150.280698,0.0
2019-01-02,14,0,217,3.95,3.95,0.0,79.966173,0.0
2019-01-02,14,0,218,5.45,5.45,0.0,110.333074,0.0
2019-01-02,14,0,219,3.71,3.71,0.0,75.107469,0.0
2019-01-02,14,0,221,3.07,3.07,0.0,80.097525,0.0
2019-01-02,14,0,225,2.32,2.32,0.0,28.126519,0.0
2019-01-02,14,0,233,2.38,2.38,0.0,60.790285,0.0
2019-01-02,14,0,236,17.61,17.61,0.0,424.416898,0.0
2019-01-02,14,0,237,58.08,58.08,0.0,1371.198979,0.0
2019-01-02,14,0,238,40.76,40.76,0.0,995.3611,0.0
2019-01-02,14,0,240,3.48,3.48,0.0,78.829237,0.0
2019-01-02,14,0,245,11.8,11.8,0.0,292.126658,0.0
2019-01-02,14,0,247,10.76,10.76,0.0,266.379901,0.0
2019-01-02,14,0,248,5.83,5.83,0.0,137.639291,0.0
2019-01-02,14,0,249,22.7,22.7,0.0,561.972468,0.0
2019-01-02,14,0,251,12.17,12.17,0.0,298.430848,0.0
2019-01-02,14,0,252,7.18,7.18,0.0,176.504588,0.0
2019-01-02,14,0,254,5.04,5.04,0.0,111.460044,0.0
2019-01-02,14,0,255,2.31,2.31,0.0,51.085854,0.0
2019-01-02,14,0,258,4.6,4.6,0.0,103.91585,0.0
2019-01-02,14,0,260,1.4,1.4,0.0,30.312912,0.0
2019-01-02,14,0,265,30.22,30.22,0.0,679.812322,0.0
2019-01-02,14,0,266,6.29,6.29,0.0,141.496344,0.0
2019-01-02,14,0,267,7.73,7.73,0.0,173.889783,0.0
2019-01-02,14,0,270,0.0,0.0,0.0,0.0,0.0
2019-01-02,14,0,272,0.0,0.0,0.0,0.0,0.0
2019-01-02,14,0,273,12.05,12.05,0.0,74.118092,0.0
2019-01-02,14,0,274,0.0,0.0,0.0,0.0,0.0
2019-01-02,14,0,275,0.0,0.0,0.0,0.0,0.0
2019-01-02,14,0,276,2.53,2.53,0.0,21.277006,0.0
2019-01-02,14,0,277,3.41,3.41,0.0,77.363806,0.0
2019-01-02,14,0,278,5.46,5.46,0.0,123.872839,0.0
2019-01-02,14,0,279,0.0,0.0,0.0,0.0,0.0
2019-01-02,14,0,281,0.0,0.0,0.0,0.0,0.0
2019-01-02,14,0,282,354.79,354.79,0.0,1992.046591,0.0
2019-01-02,15,0,9,2.04,2.04,0.0,32.910433,0.0
2019-01-02,15,0,17,12.98,12.98,0.0,318.337122,0.0
2019-01-02,15,0,19,133.79,133.79,0.0,3281.226777,0.0
2019-01-02,15,0,20,162.26,162.26,0.0,3979.459279,0.0
2019-01-02,15,0,21,46.56,46.56,0.0,751.132226,0.0
2019-01-02,15,0,22,165.47,165.47,0.0,2669.45553,0.0
2019-01-02,15,0,23,1.17,1.17,0.0,18.875101,0.0
2019-01-02,15,0,24,2.07,2.07,0.0,33.39441,0.0
2019-01-02,15,0,29,2.34,2.34,0.0,29.417991,0.0
2019-01-02,15,0,30,600.06,600.06,0.0,3532.508748,0.0
2019-01-02,15,0,31,4.28,4.28,0.0,25.196043,0.0
2019-01-02,15,0,32,1.36,1.36,0.0,42.258605,0.0
2019-01-02,15,0,33,0.77,0.77,0.0,19.532027,0.0
2019-01-02,15,0,34,1.24,1.24,0.0,31.454173,0.0
2019-01-02,15,0,35,1.24,1.24,0.0,31.454173,0.0
2019-01-02,15,0,36,2.89,2.89,0.0,65.624333,0.0
2019-01-02,15,0,37,1.11,1.11,0.0,25.094246,0.0
2019-01-02,15,0,38,1.43,1.43,0.0,32.328623,0.0
2019-01-02,15,0,39,0.95,0.95,0.0,21.477057,0.0
2019-01-02,15,0,40,0.95,0.95,0.0,21.477057,0.0
2019-01-02,15,0,41,14.14,14.14,0.0,320.104016,0.0
2019-01-02,15,0,42,29.78,29.78,0.0,724.93121,0.0
2019-01-02,15,0,43,8.51,8.51,0.0,190.049627,0.0
2019-01-02,15,0,46,6.79,6.79,0.0,152.678492,0.0
2019-01-02,15,0,52,4.53,4.53,0.0,26.667774,0.0
2019-01-02,15,0,53,7.2,7.2,0.0,42.385866,0.0
2019-01-02,15,0,55,14.01,14.01,0.0,226.017236,0.0
2019-01-02,15,0,56,177.0,177.0,0.0,1041.985882,0.0
2019-01-02,15,0,57,168.36,168.36,0.0,991.122842,0.0
2019-01-02,15,0,58,323.77,323.77,0.0,1906.009995,0.0
2019-01-02,15,0,59,318.38,318.38,0.0,1874.279464,0.0
2019-01-02,15,0,63,8.43,8.43,0.0,273.364307,0.0
2019-01-02,15,0,64,9.91,9.91,0.0,321.357091,0.0
2019-01-02,15,0,65,1.41,1.41,0.0,34.532782,0.0
2019-01-02,15,0,67,210.17,210.17,0.0,3587.656538,0.0
2019-01-02,15,0,68,0.0,0.0,0.0,0.0,0.0
2019-01-02,15,0,69,0.77,0.77,0.0,19.532027,0.0
2019-01-02,15,0,74,51.57,51.57,0.0,1217.358261,0.0
2019-01-02,15,0,77,0.0,0.0,0.0,0.0,0.0
2019-01-02,15,0,78,0.0,0.0,0.0,0.0,0.0
2019-01-02,15,0,79,0.0,0.0,0.0,0.0,0.0
2019-01-02,15,0,80,0.0,0.0,0.0,0.0,0.0
2019-01-02,15,0,81,0.0,0.0,0.0,0.0,0.0
2019-01-02,15,0,82,0.0,0.0,0.0,0.0,0.0
2019-01-02,15,0,83,0.0,0.0,0.0,0.0,0.0
2019-01-02,15,0,84,0.0,0.0,0.0,0.0,0.0
2019-01-02,15,0,86,3.92,3.92,0.0,99.435774,0.0
2019-01-02,15,0,87,20.02,20.02,0.0,507.832704,0.0
2019-01-02,15,0,88,0.0,0.0,0.0,0.0,0.0
2019-01-02,15,0,89,0.0,0.0,0.0,0.0,0.0
2019-01-02,15,0,90,0.0,0.0,0.0,0.0,0.0
2019-01-02,15,0,91,0.0,0.0,0.0,0.0,0.0
2019-01-02,15,0,92,0.0,0.0,0.0,0.0,0.0
2019-01-02,15,0,95,67.18,67.18,0.0,2093.67091,0.0
2019-01-02,15,0,96,2.01,2.01,0.0,46.666206,0.0
2019-01-02,15,0,97,12.38,12.38,0.0,287.426679,0.0
2019-01-02,15,0,99,9.95,9.95,0.0,234.87909,0.0
2019-01-02,15,0,101,12.09,12.09,0.0,71.172934,0.0
2019-01-02,15,0,102,0.0,0.0,0.0,0.0,0.0
2019-01-02,15,0,103,0.0,0.0,0.0,0.0,0.0
2019-01-02,15,0,104,0.0,0.0,0.0,0.0,0.0
2019-01-02,15,0,106,162.89,162.89,0.0,2627.833512,0.0
2019-01-02,15,0,109,11.17,11.17,0.0,253.902295,0.0
2019-01-02,15,0,110,39.08,39.08,0.0,294.981444,0.0
2019-01-02,15,0,111,6.76,6.76,0.0,153.034169,0.0
2019-01-02,15,0,113,0.0,0.0,0.0,0.0,0.0
2019-01-02,15,0,115,0.0,0.0,0.0,0.0,0.0
2019-01-02,15,0,116,46.43,46.43,0.0,350.460298,0.0
2019-01-02,15,0,117,0.0,0.0,0.0,0.0,0.0
2019-01-02,15,0,119,9.91,9.91,0.0,321.357091,0.0
2019-01-02,15,0,120,5.83,5.83,0.0,189.052658,0.0
2019-01-02,15,0,123,2.71,2.71,0.0,43.719251,0.0
2019-01-02,15,0,125,1.87,1.87,0.0,30.167897,0.0
2019-01-02,15,0,126,122.17,122.17,0.0,1970.915465,0.0
2019-01-02,15,0,127,156.78,156.78,0.0,2529.26354,0.0
2019-01-02,15,0,128,2.68,2.68,0.0,43.235274,0.0
2019-01-02,15,0,131,0.0,0.0,0.0,0.0,0.0
2019-01-02,15,0,132,0.0,0.0,0.0,0.0,0.0
2019-01-02,15,0,133,18.79,18.79,0.0,460.888501,0.0
2019-01-02,15,0,134,0.0,0.0,0.0,0.0,0.0
2019-01-02,15,0,135,25.18,25.18,0.0,617.624931,0.0
2019-01-02,15,0,136,1.94,1.94,0.0,47.509583,0.0
2019-01-02,15,0,139,18.38,18.38,0.0,416.089945,0.0
2019-01-02,15,0,140,28.93,28.93,0.0,218.367789,0.0
2019-01-02,15,0,141,0.0,0.0,0.0,0.0,0.0
2019-01-02,15,0,142,277.16,277.16,0.0,4731.193253,0.0
2019-01-02,15,0,143,0.0,0.0,0.0,0.0,0.0
2019-01-02,15,0,145,2.71,2.71,0.0,61.141362,0.0
2019-01-02,15,0,146,83.57,83.57,0.0,630.798344,0.0
2019-01-02,15,0,152,1.58,1.58,0.0,37.165476,0.0
2019-01-02,15,0,153,2.06,2.06,0.0,48.361222,0.0
2019-01-02,15,0,154,27.87,27.87,0.0,630.926375,0.0
2019-01-02,15,0,157,23.13,23.13,0.0,394.835113,0.0
2019-01-02,15,0,158,312.97,312.97,0.0,5342.479263,0.0
2019-01-02,15,0,159,0.0,0.0,0.0,0.0,0.0
2019-01-02,15,0,160,0.54,0.54,0.0,11.722126,0.0
2019-01-02,15,0,161,33.25,33.25,0.0,670.975268,0.0
2019-01-02,15,0,162,72.74,72.74,0.0,2267.776664,0.0
2019-01-02,15,0,163,0.0,0.0,0.0,0.0,0.0
2019-01-02,15,0,164,24.09,24.09,0.0,141.816045,0.0
2019-01-02,15,0,167,1.5,1.5,0.0,46.685949,0.0
2019-01-02,15,0,168,0.75,0.75,0.0,23.342975,0.0
2019-01-02,15,0,169,0.0,0.0,0.0,0.0,0.0
2019-01-02,15,0,170,1.64,1.64,0.0,51.043305,0.0
2019-01-02,15,0,172,1.9,1.9,0.0,59.681421,0.0
2019-01-02,15,0,173,2.89,2.89,0.0,90.778582,0.0
2019-01-02,15,0,188,2.67,2.67,0.0,82.556315,0.0
2019-01-02,15,0,190,3.95,3.95,0.0,128.088851,0.0
2019-01-02,15,0,191,10.21,10.21,0.0,331.085358,0.0
2019-01-02,15,0,192,0.0,0.0,0.0,0.0,0.0
2019-01-02,15,0,194,6.86,6.86,0.0,179.408062,0.0
2019-01-02,15,0,196,1.96,1.96,0.0,69.779622,0.0
2019-01-02,15,0,198,2.34,2.34,0.0,46.656999,0.0
2019-01-02,15,0,199,58.86,58.86,0.0,1064.322962,0.0
2019-01-02,15,0,200,4.78,4.78,0.0,86.433295,0.0
2019-01-02,15,0,204,41.57,41.57,0.0,942.249523,0.0
2019-01-02,15,0,205,59.08,59.08,0.0,1342.931743,0.0
2019-01-02,15,0,206,36.38,36.38,0.0,844.635104,0.0
2019-01-02,15,0,210,0.67,0.67,0.0,8.759255,0.0
2019-01-02,15,0,214,5.22,5.22,0.0,135.022646,0.0
2019-01-02,15,0,217,3.6,3.6,0.0,72.998091,0.0
2019-01-02,15,0,218,4.96,4.96,0.0,100.575147,0.0
2019-01-02,15,0,219,3.38,3.38,0.0,68.537096,0.0
2019-01-02,15,0,221,2.78,2.78,0.0,71.908612,0.0
2019-01-02,15,0,225,2.11,2.11,0.0,26.424243,0.0
2019-01-02,15,0,233,2.22,2.22,0.0,56.313117,0.0
2019-01-02,15,0,236,42.6,42.6,0.0,1024.588232,0.0
2019-01-02,15,0,237,123.72,123.72,0.0,2920.526741,0.0
2019-01-02,15,0,238,38.77,38.77,0.0,943.773775,0.0
2019-01-02,15,0,240,3.28,3.28,0.0,74.480212,0.0
2019-01-02,15,0,245,21.64,21.64,0.0,533.420391,0.0
2019-01-02,15,0,247,22.48,22.48,0.0,554.126174,0.0
2019-01-02,15,0,248,12.42,12.42,0.0,293.185759,0.0
2019-01-02,15,0,249,41.62,41.62,0.0,1025.922213,0.0
2019-01-02,15,0,251,14.49,14.49,0.0,354.073743,0.0
2019-01-02,15,0,252,9.08,9.08,0.0,222.381322,0.0
2019-01-02,15,0,254,4.72,4.72,0.0,104.669329,0.0
2019-01-02,15,0,255,2.16,2.16,0.0,47.899523,0.0
2019-01-02,15,0,258,4.33,4.33,0.0,98.060801,0.0
2019-01-02,15,0,260,1.31,1.31,0.0,28.437009,0.0
2019-01-02,15,0,265,28.86,28.86,0.0,653.338183,0.0
2019-01-02,15,0,266,11.75,11.75,0.0,265.998741,0.0
2019-01-02,15,0,267,14.54,14.54,0.0,329.159293,0.0
2019-01-02,15,0,270,0.0,0.0,0.0,0.0,0.0
2019-01-02,15,0,272,0.0,0.0,0.0,0.0,0.0
2019-01-02,15,0,273,11.1,11.1,0.0,83.784392,0.0
2019-01-02,15,0,274,0.0,0.0,0.0,0.0,0.0
2019-01-02,15,0,275,0.0,0.0,0.0,0.0,0.0
2019-01-02,15,0,276,2.33,2.33,0.0,22.540958,0.0
2019-01-02,15,0,277,3.15,3.15,0.0,72.827632,0.0
2019-01-02,15,0,278,5.04,5.04,0.0,116.524211,0.0
2019-01-02,15,0,279,0.0,0.0,0.0,0.0,0.0
2019-01-02,15,0,281,1.92,1.92,0.0,11.302898,0.0
2019-01-02,15,0,282,329.17,329.17,0.0,1937.799394,0.0
2019-01-02,16,0,9,2.37,2.37,0.0,38.234179,0.0
2019-01-02,16,0,17,11.76,11.76,0.0,198.538159,0.0
2019-01-02,16,0,19,311.28,311.28,0.0,5255.183505,0.0
2019-01-02,16,0,20,392.87,392.87,0.0,6632.626393,0.0
2019-01-02,16,0,21,54.29,54.29,0.0,875.836954,0.0
2019-01-02,16,0,22,192.93,192.93,0.0,3112.455764,0.0
2019-01-02,16,0,23,2.38,2.38,0.0,38.395505,0.0
2019-01-02,16,0,24,4.21,4.21,0.0,67.918099,0.0
2019-01-02,16,0,29,1.39,1.39,0.0,22.464795,0.0
2019-01-02,16,0,30,509.15,509.15,0.0,5782.822522,0.0
2019-01-02,16,0,31,11.6,11.6,0.0,131.750449,0.0
2019-01-02,16,0,32,1.13,1.13,0.0,32.450487,0.0
2019-01-02,16,0,33,0.53,0.53,0.0,8.761025,0.0
2019-01-02,16,0,34,0.85,0.85,0.0,14.050701,0.0
2019-01-02,16,0,35,0.85,0.85,0.0,14.050701,0.0
2019-01-02,16,0,36,2.59,2.59,0.0,45.121832,0.0
2019-01-02,16,0,37,1.24,1.24,0.0,21.610667,0.0
2019-01-02,16,0,38,1.59,1.59,0.0,27.710453,0.0
2019-01-02,16,0,39,1.06,1.06,0.0,18.473635,0.0
2019-01-02,16,0,40,1.06,1.06,0.0,18.473635,0.0
2019-01-02,16,0,41,21.99,21.99,0.0,399.817852,0.0
2019-01-02,16,0,42,24.62,24.62,0.0,417.52699,0.0
2019-01-02,16,0,43,5.98,5.98,0.0,103.606062,0.0
2019-01-02,16,0,46,8.01,8.01,0.0,140.707119,0.0
2019-01-02,16,0,52,12.3,12.3,0.0,139.700907,0.0
2019-01-02,16,0,53,19.54,19.54,0.0,221.93136,0.0
2019-01-02,16,0,55,43.55,43.55,0.0,702.573205,0.0
2019-01-02,16,0,56,150.18,150.18,0.0,1705.714006,0.0
2019-01-02,16,0,57,142.85,142.85,0.0,1622.461352,0.0
2019-01-02,16,0,58,274.72,274.72,0.0,3120.214089,0.0
2019-01-02,16,0,59,270.14,270.14,0.0,3068.195377,0.0
2019-01-02,16,0,63,8.92,8.92,0.0,265.89038,0.0
2019-01-02,16,0,64,10.49,10.49,0.0,312.689472,0.0
2019-01-02,16,0,65,1.77,1.77,0.0,29.907125,0.0
2019-01-02,16,0,67,223.72,223.72,0.0,3510.592745,0.0
2019-01-02,16,0,68,0.0,0.0,0.0,0.0,0.0
2019-01-02,16,0,69,0.53,0.53,0.0,8.761025,0.0
2019-01-02,16,0,74,59.56,59.56,0.0,1030.210859,0.0
2019-01-02,16,0,77,1.4,1.4,0.0,28.67647,0.0
2019-01-02,16,0,78,1.06,1.06,0.0,21.712185,0.0
2019-01-02,16,0,79,0.61,0.61,0.0,12.494748,0.0
2019-01-02,16,0,80,0.99,0.99,0.0,20.278361,0.0
2019-01-02,16,0,81,1.29,1.29,0.0,26.423319,0.0
2019-01-02,16,0,82,0.91,0.91,0.0,18.639706,0.0
2019-01-02,16,0,83,2.04,2.04,0.0,41.785714,0.0
2019-01-02,16,0,84,0.0,0.0,0.0,0.0,0.0
2019-01-02,16,0,86,2.68,2.68,0.0,44.301033,0.0
2019-01-02,16,0,87,13.68,13.68,0.0,226.133629,0.0
2019-01-02,16,0,88,0.0,0.0,0.0,0.0,0.0
2019-01-02,16,0,89,0.0,0.0,0.0,0.0,0.0
2019-01-02,16,0,90,0.0,0.0,0.0,0.0,0.0
2019-01-02,16,0,91,0.0,0.0,0.0,0.0,0.0
2019-01-02,16,0,92,0.0,0.0,0.0,0.0,0.0
2019-01-02,16,0,95,60.02,60.02,0.0,1728.903006,0.0
2019-01-02,16,0,96,3.16,3.16,0.0,60.943935,0.0
2019-01-02,16,0,97,19.46,19.46,0.0,375.306636,0.0
2019-01-02,16,0,99,13.06,13.06,0.0,225.899157,0.0
2019-01-02,16,0,101,10.26,10.26,0.0,116.531001,0.0
2019-01-02,16,0,102,0.0,0.0,0.0,0.0,0.0
2019-01-02,16,0,103,0.0,0.0,0.0,0.0,0.0
2019-01-02,16,0,104,0.0,0.0,0.0,0.0,0.0
2019-01-02,16,0,106,189.92,189.92,0.0,3063.896744,0.0
2019-01-02,16,0,109,15.62,15.62,0.0,278.020088,0.0
2019-01-02,16,0,110,19.87,19.87,0.0,149.981609,0.0
2019-01-02,16,0,111,7.49,7.49,0.0,136.181706,0.0
2019-01-02,16,0,113,0.0,0.0,0.0,0.0,0.0
2019-01-02,16,0,115,0.0,0.0,0.0,0.0,0.0
2019-01-02,16,0,116,36.2,36.2,0.0,273.242791,0.0
2019-01-02,16,0,117,0.0,0.0,0.0,0.0,0.0
2019-01-02,16,0,119,10.49,10.49,0.0,312.689472,0.0
2019-01-02,16,0,120,6.17,6.17,0.0,183.917449,0.0
2019-01-02,16,0,123,3.17,3.17,0.0,51.140231,0.0
2019-01-02,16,0,125,3.81,3.81,0.0,61.465073,0.0
2019-01-02,16,0,126,142.44,142.44,0.0,2297.922558,0.0
2019-01-02,16,0,127,182.8,182.8,0.0,2949.032881,0.0
2019-01-02,16,0,128,5.46,5.46,0.0,88.083805,0.0
2019-01-02,16,0,131,1.0,1.0,0.0,19.061478,0.0
2019-01-02,16,0,132,1.47,1.47,0.0,28.020373,0.0
2019-01-02,16,0,133,35.04,35.04,0.0,591.51585,0.0
2019-01-02,16,0,134,0.0,0.0,0.0,0.0,0.0
2019-01-02,16,0,135,44.54,44.54,0.0,751.886871,0.0
2019-01-02,16,0,136,1.95,1.95,0.0,32.950046,0.0
2019-01-02,16,0,139,28.63,28.63,0.0,520.545026,0.0
2019-01-02,16,0,140,14.7,14.7,0.0,110.957708,0.0
2019-01-02,16,0,141,5.81,5.81,0.0,91.169962,0.0
2019-01-02,16,0,142,295.03,295.03,0.0,4629.582413,0.0
2019-01-02,16,0,143,11.26,11.26,0.0,127.888798,0.0
2019-01-02,16,0,145,4.77,4.77,0.0,88.311742,0.0
2019-01-02,16,0,146,48.41,48.41,0.0,365.405622,0.0
2019-01-02,16,0,152,2.38,2.38,0.0,41.136746,0.0
2019-01-02,16,0,153,2.81,2.81,0.0,48.61998,0.0
2019-01-02,16,0,154,30.9,30.9,0.0,561.817719,0.0
2019-01-02,16,0,157,9.98,9.98,0.0,156.605201,0.0
2019-01-02,16,0,158,219.2,219.2,0.0,3439.665339,0.0
2019-01-02,16,0,159,0.0,0.0,0.0,0.0,0.0
2019-01-02,16,0,160,0.54,0.54,0.0,9.184307,0.0
2019-01-02,16,0,161,35.33,35.33,0.0,648.34963,0.0
2019-01-02,16,0,162,71.87,71.87,0.0,2070.827509,0.0
2019-01-02,16,0,163,0.0,0.0,0.0,0.0,0.0
2019-01-02,16,0,164,19.02,19.02,0.0,216.025306,0.0
2019-01-02,16,0,167,1.25,1.25,0.0,35.964128,0.0
2019-01-02,16,0,168,0.62,0.62,0.0,17.838208,0.0
2019-01-02,16,0,169,0.0,0.0,0.0,0.0,0.0
2019-01-02,16,0,170,1.36,1.36,0.0,39.128971,0.0
2019-01-02,16,0,172,1.61,1.61,0.0,47.079252,0.0
2019-01-02,16,0,173,2.46,2.46,0.0,71.934757,0.0
2019-01-02,16,0,188,2.24,2.24,0.0,64.118345,0.0
2019-01-02,16,0,190,2.89,2.89,0.0,86.146098,0.0
2019-01-02,16,0,191,7.46,7.46,0.0,222.370206,0.0
2019-01-02,16,0,192,0.0,0.0,0.0,0.0,0.0
2019-01-02,16,0,194,7.38,7.38,0.0,177.344604,0.0
2019-01-02,16,0,196,1.91,1.91,0.0,62.132642,0.0
2019-01-02,16,0,198,2.56,2.56,0.0,42.159139,0.0
2019-01-02,16,0,199,47.42,47.42,0.0,832.988378,0.0
2019-01-02,16,0,200,4.14,4.14,0.0,72.723996,0.0
2019-01-02,16,0,204,55.52,55.52,0.0,991.070064,0.0
2019-01-02,16,0,205,82.64,82.64,0.0,1470.907817,0.0
2019-01-02,16,0,206,57.17,57.17,0.0,1102.58378,0.0
2019-01-02,16,0,210,0.44,0.44,0.0,7.079581,0.0
2019-01-02,16,0,214,2.37,2.37,0.0,38.682741,0.0
2019-01-02,16,0,217,1.88,1.88,0.0,30.488365,0.0
2019-01-02,16,0,218,2.59,2.59,0.0,42.002588,0.0
2019-01-02,16,0,219,1.76,1.76,0.0,28.542299,0.0
2019-01-02,16,0,221,1.26,1.26,0.0,20.565508,0.0
2019-01-02,16,0,225,1.45,1.45,0.0,23.444548,0.0
2019-01-02,16,0,233,1.52,1.52,0.0,25.125959,0.0
2019-01-02,16,0,236,69.76,69.76,0.0,1191.249797,0.0
2019-01-02,16,0,237,136.22,136.22,0.0,2356.20086,0.0
2019-01-02,16,0,238,32.04,32.04,0.0,543.361688,0.0
2019-01-02,16,0,240,2.94,2.94,0.0,51.219377,0.0
2019-01-02,16,0,245,37.46,37.46,0.0,630.464403,0.0
2019-01-02,16,0,247,44.17,44.17,0.0,743.39596,0.0
2019-01-02,16,0,248,16.04,16.04,0.0,277.444294,0.0
2019-01-02,16,0,249,72.03,72.03,0.0,1212.289133,0.0
2019-01-02,16,0,251,17.7,17.7,0.0,299.483455,0.0
2019-01-02,16,0,252,11.44,11.44,0.0,193.298029,0.0
2019-01-02,16,0,254,2.35,2.35,0.0,40.527556,0.0
2019-01-02,16,0,255,1.08,1.08,0.0,18.62543,0.0
2019-01-02,16,0,258,3.35,3.35,0.0,58.310205,0.0
2019-01-02,16,0,260,1.31,1.31,0.0,22.280449,0.0
2019-01-02,16,0,265,32.0,32.0,0.0,581.817702,0.0
2019-01-02,16,0,266,18.26,18.26,0.0,331.999726,0.0
2019-01-02,16,0,267,22.62,22.62,0.0,411.272388,0.0
2019-01-02,16,0,270,0.0,0.0,0.0,0.0,0.0
2019-01-02,16,0,272,0.0,0.0,0.0,0.0,0.0
2019-01-02,16,0,273,8.66,8.66,0.0,65.366922,0.0
2019-01-02,16,0,274,0.0,0.0,0.0,0.0,0.0
2019-01-02,16,0,275,0.0,0.0,0.0,0.0,0.0
2019-01-02,16,0,276,2.15,2.15,0.0,20.137917,0.0
2019-01-02,16,0,277,3.07,3.07,0.0,64.375045,0.0
2019-01-02,16,0,278,4.91,4.91,0.0,102.958134,0.0
2019-01-02,16,0,279,0.0,0.0,0.0,0.0,0.0
2019-01-02,16,0,281,5.21,5.21,0.0,59.174124,0.0
2019-01-02,16,0,282,279.3,279.3,0.0,3172.232801,0.0
2019-01-02,17,0,9,1.57,1.57,0.0,31.214272,0.0
2019-01-02,17,0,17,7.81,7.81,0.0,155.324267,0.0
2019-01-02,17,0,19,262.62,262.62,0.0,5222.952496,0.0
2019-01-02,17,0,20,316.25,316.25,0.0,6289.538979,0.0
2019-01-02,17,0,21,35.96,35.96,0.0,714.945992,0.0
2019-01-02,17,0,22,127.81,127.81,0.0,2541.080289,0.0
2019-01-02,17,0,23,3.94,3.94,0.0,78.333905,0.0
2019-01-02,17,0,24,7.01,7.01,0.0,139.370729,0.0
2019-01-02,17,0,29,0.89,0.89,0.0,12.032409,0.0
2019-01-02,17,0,30,343.27,343.27,0.0,4258.90453,0.0
2019-01-02,17,0,31,10.61,10.61,0.0,131.636837,0.0
2019-01-02,17,0,32,0.73,0.73,0.0,24.090424,0.0
2019-01-02,17,0,33,0.35,0.35,0.0,5.914806,0.0
2019-01-02,17,0,34,0.56,0.56,0.0,9.463689,0.0
2019-01-02,17,0,35,0.56,0.56,0.0,9.463689,0.0
2019-01-02,17,0,36,1.76,1.76,0.0,47.568737,0.0
2019-01-02,17,0,37,0.83,0.83,0.0,22.820713,0.0
2019-01-02,17,0,38,1.06,1.06,0.0,29.144525,0.0
2019-01-02,17,0,39,0.71,0.71,0.0,19.521333,0.0
2019-01-02,17,0,40,0.71,0.71,0.0,19.521333,0.0
2019-01-02,17,0,41,9.18,9.18,0.0,225.644501,0.0
2019-01-02,17,0,42,16.55,16.55,0.0,339.865111,0.0
2019-01-02,17,0,43,3.94,3.94,0.0,114.534806,0.0
2019-01-02,17,0,46,5.38,5.38,0.0,149.283473,0.0
2019-01-02,17,0,52,11.24,11.24,0.0,139.453162,0.0
2019-01-02,17,0,53,17.86,17.86,0.0,221.586608,0.0
2019-01-02,17,0,55,41.72,41.72,0.0,829.464593,0.0
2019-01-02,17,0,56,101.25,101.25,0.0,1256.195076,0.0
2019-01-02,17,0,57,96.31,96.31,0.0,1194.905163,0.0
2019-01-02,17,0,58,185.22,185.22,0.0,2297.999525,0.0
2019-01-02,17,0,59,182.13,182.13,0.0,2259.662312,0.0
2019-01-02,17,0,63,10.88,10.88,0.0,352.811821,0.0
2019-01-02,17,0,64,12.8,12.8,0.0,415.072731,0.0
2019-01-02,17,0,65,2.8,2.8,0.0,56.022972,0.0
2019-01-02,17,0,67,148.39,148.39,0.0,2704.728236,0.0
2019-01-02,17,0,68,0.59,0.59,0.0,12.542288,0.0
2019-01-02,17,0,69,0.35,0.35,0.0,5.914806,0.0
2019-01-02,17,0,74,30.53,30.53,0.0,703.332234,0.0
2019-01-02,17,0,77,3.01,3.01,0.0,71.842713,0.0
2019-01-02,17,0,78,2.28,2.28,0.0,54.419065,0.0
2019-01-02,17,0,79,1.32,1.32,0.0,31.505775,0.0
2019-01-02,17,0,80,2.13,2.13,0.0,50.838864,0.0
2019-01-02,17,0,81,2.79,2.79,0.0,66.591751,0.0
2019-01-02,17,0,82,1.97,1.97,0.0,47.019982,0.0
2019-01-02,17,0,83,4.39,4.39,0.0,104.780569,0.0
2019-01-02,17,0,84,0.0,0.0,0.0,0.0,0.0
2019-01-02,17,0,86,1.76,1.76,0.0,29.743022,0.0
2019-01-02,17,0,87,9.01,9.01,0.0,152.263993,0.0
2019-01-02,17,0,88,2.16,2.16,0.0,51.554904,0.0
2019-01-02,17,0,89,2.08,2.08,0.0,49.645463,0.0
2019-01-02,17,0,90,2.79,2.79,0.0,66.591751,0.0
2019-01-02,17,0,91,9.96,9.96,0.0,237.72539,0.0
2019-01-02,17,0,92,3.58,3.58,0.0,85.44748,0.0
2019-01-02,17,0,95,35.92,35.92,0.0,912.859869,0.0
2019-01-02,17,0,96,4.4,4.4,0.0,110.567707,0.0
2019-01-02,17,0,97,27.08,27.08,0.0,680.493976,0.0
2019-01-02,17,0,99,6.21,6.21,0.0,143.062338,0.0
2019-01-02,17,0,101,6.91,6.91,0.0,85.731437,0.0
2019-01-02,17,0,102,1.41,1.41,0.0,29.973944,0.0
2019-01-02,17,0,103,1.22,1.22,0.0,25.934902,0.0
2019-01-02,17,0,104,0.23,0.23,0.0,4.889367,0.0
2019-01-02,17,0,106,125.82,125.82,0.0,2501.515703,0.0
2019-01-02,17,0,109,20.0,20.0,0.0,520.075772,0.0
2019-01-02,17,0,110,8.68,8.68,0.0,77.64614,0.0
2019-01-02,17,0,111,5.39,5.39,0.0,132.486259,0.0
2019-01-02,17,0,113,1.45,1.45,0.0,35.091587,0.0
2019-01-02,17,0,115,1.45,1.45,0.0,35.091587,0.0
2019-01-02,17,0,116,24.38,24.38,0.0,218.089042,0.0
2019-01-02,17,0,117,0.1,0.1,0.0,2.420109,0.0
2019-01-02,17,0,119,12.8,12.8,0.0,415.072731,0.0
2019-01-02,17,0,120,7.53,7.53,0.0,244.179505,0.0
2019-01-02,17,0,123,2.1,2.1,0.0,41.751573,0.0
2019-01-02,17,0,125,6.34,6.34,0.0,126.049989,0.0
2019-01-02,17,0,126,94.36,94.36,0.0,1876.037368,0.0
2019-01-02,17,0,127,121.1,121.1,0.0,2407.674071,0.0
2019-01-02,17,0,128,9.13,9.13,0.0,181.519936,0.0
2019-01-02,17,0,131,1.68,1.68,0.0,37.073553,0.0
2019-01-02,17,0,132,2.48,2.48,0.0,54.727626,0.0
2019-01-02,17,0,133,67.4,67.4,0.0,1339.678324,0.0
2019-01-02,17,0,134,0.0,0.0,0.0,0.0,0.0
2019-01-02,17,0,135,88.24,88.24,0.0,1753.905271,0.0
2019-01-02,17,0,136,3.58,3.58,0.0,71.653021,0.0
2019-01-02,17,0,139,11.85,11.85,0.0,291.273131,0.0
2019-01-02,17,0,140,6.43,6.43,0.0,57.518972,0.0
2019-01-02,17,0,141,6.45,6.45,0.0,117.56518,0.0
2019-01-02,17,0,142,195.69,195.69,0.0,3566.872893,0.0
2019-01-02,17,0,143,10.87,10.87,0.0,134.862622,0.0
2019-01-02,17,0,145,6.5,6.5,0.0,163.11942,0.0
2019-01-02,17,0,146,20.5,20.5,0.0,183.38086,0.0
2019-01-02,17,0,152,1.59,1.59,0.0,37.4007,0.0
2019-01-02,17,0,153,1.88,1.88,0.0,44.53917,0.0
2019-01-02,17,0,154,22.23,22.23,0.0,546.413645,0.0
2019-01-02,17,0,157,0.0,0.0,0.0,0.0,0.0
2019-01-02,17,0,158,146.97,146.97,0.0,2678.845669,0.0
2019-01-02,17,0,159,0.0,0.0,0.0,0.0,0.0
2019-01-02,17,0,160,0.36,0.36,0.0,11.827123,0.0
2019-01-02,17,0,161,23.64,23.64,0.0,502.541863,0.0
2019-01-02,17,0,162,46.81,46.81,0.0,1189.943131,0.0
2019-01-02,17,0,163,0.0,0.0,0.0,0.0,0.0
2019-01-02,17,0,164,13.24,13.24,0.0,164.266892,0.0
2019-01-02,17,0,167,0.8,0.8,0.0,20.079859,0.0
2019-01-02,17,0,168,0.4,0.4,0.0,10.03993,0.0
2019-01-02,17,0,169,0.0,0.0,0.0,0.0,0.0
2019-01-02,17,0,170,0.88,0.88,0.0,22.087845,0.0
2019-01-02,17,0,172,1.04,1.04,0.0,31.824696,0.0
2019-01-02,17,0,173,1.59,1.59,0.0,48.655065,0.0
2019-01-02,17,0,188,1.45,1.45,0.0,44.972351,0.0
2019-01-02,17,0,190,1.91,1.91,0.0,61.936634,0.0
2019-01-02,17,0,191,4.93,4.93,0.0,159.867857,0.0
2019-01-02,17,0,192,0.0,0.0,0.0,0.0,0.0
2019-01-02,17,0,194,6.79,6.79,0.0,181.754593,0.0
2019-01-02,17,0,196,1.28,1.28,0.0,45.604347,0.0
2019-01-02,17,0,198,1.69,1.69,0.0,14.79525,0.0
2019-01-02,17,0,199,53.21,53.21,0.0,940.199284,0.0
2019-01-02,17,0,200,2.72,2.72,0.0,48.061305,0.0
2019-01-02,17,0,204,72.27,72.27,0.0,1892.660291,0.0
2019-01-02,17,0,205,105.79,105.79,0.0,2750.940798,0.0
2019-01-02,17,0,206,79.57,79.57,0.0,1999.516457,0.0
2019-01-02,17,0,210,0.28,0.28,0.0,3.757242,0.0
2019-01-02,17,0,214,1.55,1.55,0.0,23.43316,0.0
2019-01-02,17,0,217,1.21,1.21,0.0,16.971683,0.0
2019-01-02,17,0,218,1.67,1.67,0.0,23.423727,0.0
2019-01-02,17,0,219,1.13,1.13,0.0,15.849588,0.0
2019-01-02,17,0,221,0.83,0.83,0.0,12.548079,0.0
2019-01-02,17,0,225,0.93,0.93,0.0,12.582247,0.0
2019-01-02,17,0,233,1.0,1.0,0.0,16.899444,0.0
2019-01-02,17,0,236,43.14,43.14,0.0,931.369264,0.0
2019-01-02,17,0,237,75.44,75.44,0.0,1737.942473,0.0
2019-01-02,17,0,238,21.54,21.54,0.0,442.338036,0.0
2019-01-02,17,0,240,1.99,1.99,0.0,53.785106,0.0
2019-01-02,17,0,245,32.41,32.41,0.0,630.224339,0.0
2019-01-02,17,0,247,36.75,36.75,0.0,714.617231,0.0
2019-01-02,17,0,248,7.68,7.68,0.0,176.927336,0.0
2019-01-02,17,0,249,62.32,62.32,0.0,1211.83526,0.0
2019-01-02,17,0,251,21.41,21.41,0.0,432.605595,0.0
2019-01-02,17,0,252,18.06,18.06,0.0,361.34817,0.0
2019-01-02,17,0,254,1.56,1.56,0.0,46.829842,0.0
2019-01-02,17,0,255,0.72,0.72,0.0,21.613773,0.0
2019-01-02,17,0,258,2.28,2.28,0.0,62.375101,0.0
2019-01-02,17,0,260,0.87,0.87,0.0,28.582214,0.0
2019-01-02,17,0,265,23.01,23.01,0.0,565.586054,0.0
2019-01-02,17,0,266,7.67,7.67,0.0,188.528685,0.0
2019-01-02,17,0,267,9.43,9.43,0.0,231.789504,0.0
2019-01-02,17,0,270,0.0,0.0,0.0,0.0,0.0
2019-01-02,17,0,272,4.83,4.83,0.0,116.891286,0.0
2019-01-02,17,0,273,5.83,5.83,0.0,52.151727,0.0
2019-01-02,17,0,274,0.0,0.0,0.0,0.0,0.0
2019-01-02,17,0,275,0.0,0.0,0.0,0.0,0.0
2019-01-02,17,0,276,1.44,1.44,0.0,15.865671,0.0
2019-01-02,17,0,277,2.05,2.05,0.0,49.33849,0.0
2019-01-02,17,0,278,3.28,3.28,0.0,78.941583,0.0
2019-01-02,17,0,279,5.51,5.51,0.0,132.612233,0.0
2019-01-02,17,0,281,4.76,4.76,0.0,59.056677,0.0
2019-01-02,17,0,282,188.3,188.3,0.0,2336.212669,0.0
2019-01-02,18,0,9,0.74,0.74,0.0,23.648493,0.0
2019-01-02,18,0,17,3.38,3.38,0.0,83.486134,0.0
2019-01-02,18,0,19,303.66,303.66,0.0,7500.41407,0.0
2019-01-02,18,0,20,369.77,369.77,0.0,9133.333698,0.0
2019-01-02,18,0,21,16.97,16.97,0.0,542.317461,0.0
2019-01-02,18,0,22,60.32,60.32,0.0,1927.671729,0.0
2019-01-02,18,0,23,9.04,9.04,0.0,288.8951,0.0
2019-01-02,18,0,24,16.04,16.04,0.0,512.597058,0.0
2019-01-02,18,0,29,0.3,0.3,0.0,2.999779,0.0
2019-01-02,18,0,30,172.32,172.32,0.0,5506.91141,0.0
2019-01-02,18,0,31,7.2,7.2,0.0,230.093792,0.0
2019-01-02,18,0,32,0.24,0.24,0.0,8.459419,0.0
2019-01-02,18,0,33,0.14,0.14,0.0,2.943328,0.0
2019-01-02,18,0,34,0.23,0.23,0.0,4.835467,0.0
2019-01-02,18,0,35,0.23,0.23,0.0,4.835467,0.0
2019-01-02,18,0,36,0.75,0.75,0.0,24.858834,0.0
2019-01-02,18,0,37,0.35,0.35,0.0,11.782664,0.0
2019-01-02,18,0,38,0.46,0.46,0.0,15.485787,0.0
2019-01-02,18,0,39,0.3,0.3,0.0,10.099426,0.0
2019-01-02,18,0,40,0.3,0.3,0.0,10.099426,0.0
2019-01-02,18,0,41,9.1,9.1,0.0,285.665656,0.0
2019-01-02,18,0,42,8.07,8.07,0.0,205.760193,0.0
2019-01-02,18,0,43,1.63,1.63,0.0,57.527717,0.0
2019-01-02,18,0,46,2.22,2.22,0.0,75.659027,0.0
2019-01-02,18,0,52,7.64,7.64,0.0,244.155079,0.0
2019-01-02,18,0,53,12.14,12.14,0.0,387.963698,0.0
2019-01-02,18,0,55,29.37,29.37,0.0,938.589501,0.0
2019-01-02,18,0,56,50.83,50.83,0.0,1624.398253,0.0
2019-01-02,18,0,57,48.35,48.35,0.0,1545.143725,0.0
2019-01-02,18,0,58,92.98,92.98,0.0,2971.405658,0.0
2019-01-02,18,0,59,91.43,91.43,0.0,2921.871578,0.0
2019-01-02,18,0,63,15.33,15.33,0.0,497.114451,0.0
2019-01-02,18,0,64,18.04,18.04,0.0,584.99313,0.0
2019-01-02,18,0,65,4.18,4.18,0.0,103.864937,0.0
2019-01-02,18,0,67,69.09,69.09,0.0,2210.35925,0.0
2019-01-02,18,0,68,0.63,0.63,0.0,20.0998,0.0
2019-01-02,18,0,69,0.14,0.14,0.0,2.943328,0.0
2019-01-02,18,0,74,12.63,12.63,0.0,361.569703,0.0
2019-01-02,18,0,77,5.54,5.54,0.0,176.389571,0.0
2019-01-02,18,0,78,4.19,4.19,0.0,133.406553,0.0
2019-01-02,18,0,79,2.43,2.43,0.0,77.369433,0.0
2019-01-02,18,0,80,3.92,3.92,0.0,124.809949,0.0
2019-01-02,18,0,81,5.13,5.13,0.0,163.33547,0.0
2019-01-02,18,0,82,3.62,3.62,0.0,115.258168,0.0
2019-01-02,18,0,83,8.07,8.07,0.0,256.942932,0.0
2019-01-02,18,0,84,0.0,0.0,0.0,0.0,0.0
2019-01-02,18,0,86,0.73,0.73,0.0,15.347352,0.0
2019-01-02,18,0,87,3.73,3.73,0.0,78.418664,0.0
2019-01-02,18,0,88,4.44,4.44,0.0,141.366371,0.0
2019-01-02,18,0,89,4.27,4.27,0.0,135.953695,0.0
2019-01-02,18,0,90,5.73,5.73,0.0,182.439033,0.0
2019-01-02,18,0,91,20.43,20.43,0.0,650.476344,0.0
2019-01-02,18,0,92,7.35,7.35,0.0,234.018655,0.0
2019-01-02,18,0,95,19.41,19.41,0.0,493.27979,0.0
2019-01-02,18,0,96,6.0,6.0,0.0,191.74513,0.0
2019-01-02,18,0,97,36.9,36.9,0.0,1179.232551,0.0
2019-01-02,18,0,99,2.44,2.44,0.0,69.851946,0.0
2019-01-02,18,0,101,3.47,3.47,0.0,110.892425,0.0
2019-01-02,18,0,102,1.5,1.5,0.0,47.856666,0.0
2019-01-02,18,0,103,1.31,1.31,0.0,41.794822,0.0
2019-01-02,18,0,104,0.24,0.24,0.0,7.657067,0.0
2019-01-02,18,0,106,59.38,59.38,0.0,1897.631752,0.0
2019-01-02,18,0,109,25.25,25.25,0.0,817.99714,0.0
2019-01-02,18,0,110,7.76,7.76,0.0,250.353152,0.0
2019-01-02,18,0,111,2.55,2.55,0.0,80.049167,0.0
2019-01-02,18,0,113,3.41,3.41,0.0,108.420001,0.0
2019-01-02,18,0,115,3.41,3.41,0.0,108.420001,0.0
2019-01-02,18,0,116,10.06,10.06,0.0,324.555762,0.0
2019-01-02,18,0,117,0.23,0.23,0.0,7.312786,0.0
2019-01-02,18,0,119,18.04,18.04,0.0,584.99313,0.0
2019-01-02,18,0,120,10.6,10.6,0.0,343.732105,0.0
2019-01-02,18,0,123,0.99,0.99,0.0,31.637848,0.0
2019-01-02,18,0,125,14.51,14.51,0.0,463.702201,0.0
2019-01-02,18,0,126,44.53,44.53,0.0,1423.064027,0.0
2019-01-02,18,0,127,57.15,57.15,0.0,1826.3667,0.0
2019-01-02,18,0,128,20.83,20.83,0.0,665.673112,0.0
2019-01-02,18,0,131,2.68,2.68,0.0,85.440911,0.0
2019-01-02,18,0,132,3.94,3.94,0.0,125.610891,0.0
2019-01-02,18,0,133,73.05,73.05,0.0,1803.31909,0.0
2019-01-02,18,0,134,0.0,0.0,0.0,0.0,0.0
2019-01-02,18,0,135,97.89,97.89,0.0,2416.52164,0.0
2019-01-02,18,0,136,5.99,5.99,0.0,148.888623,0.0
2019-01-02,18,0,139,11.75,11.75,0.0,368.854007,0.0
2019-01-02,18,0,140,5.75,5.75,0.0,185.506524,0.0
2019-01-02,18,0,141,8.73,8.73,0.0,279.2942,0.0
2019-01-02,18,0,142,91.11,91.11,0.0,2914.83328,0.0
2019-01-02,18,0,143,7.79,7.79,0.0,248.948699,0.0
2019-01-02,18,0,145,8.62,8.62,0.0,276.785558,0.0
2019-01-02,18,0,146,6.18,6.18,0.0,199.379186,0.0
2019-01-02,18,0,152,0.7,0.7,0.0,20.396907,0.0
2019-01-02,18,0,153,0.82,0.82,0.0,24.061833,0.0
2019-01-02,18,0,154,10.52,10.52,0.0,330.242055,0.0
2019-01-02,18,0,157,0.0,0.0,0.0,0.0,0.0
2019-01-02,18,0,158,67.54,67.54,0.0,2160.770933,0.0
2019-01-02,18,0,159,0.0,0.0,0.0,0.0,0.0
2019-01-02,18,0,160,0.14,0.14,0.0,5.478748,0.0
2019-01-02,18,0,161,10.61,10.61,0.0,338.506151,0.0
2019-01-02,18,0,162,29.04,29.04,0.0,737.630583,0.0
2019-01-02,18,0,163,4.74,4.74,0.0,152.9219,0.0
2019-01-02,18,0,164,7.08,7.08,0.0,226.258895,0.0
2019-01-02,18,0,167,0.25,0.25,0.0,6.267286,0.0
2019-01-02,18,0,168,0.13,0.13,0.0,3.258988,0.0
2019-01-02,18,0,169,0.0,0.0,0.0,0.0,0.0
2019-01-02,18,0,170,0.28,0.28,0.0,7.01936,0.0
2019-01-02,18,0,172,0.34,0.34,0.0,11.125992,0.0
2019-01-02,18,0,173,0.52,0.52,0.0,17.016223,0.0
2019-01-02,18,0,188,0.49,0.49,0.0,16.198939,0.0
2019-01-02,18,0,190,0.72,0.72,0.0,23.347841,0.0
2019-01-02,18,0,191,1.86,1.86,0.0,60.315256,0.0
2019-01-02,18,0,192,7.34,7.34,0.0,238.018269,0.0
2019-01-02,18,0,194,16.12,16.12,0.0,510.804717,0.0
2019-01-02,18,0,196,0.51,0.51,0.0,16.509939,0.0
2019-01-02,18,0,198,0.65,0.65,0.0,5.21509,0.0
2019-01-02,18,0,199,59.12,59.12,0.0,1178.924021,0.0
2019-01-02,18,0,200,0.99,0.99,0.0,19.741793,0.0
2019-01-02,18,0,204,94.98,94.98,0.0,3101.156282,0.0
2019-01-02,18,0,205,133.57,133.57,0.0,4327.123883,0.0
2019-01-02,18,0,206,108.42,108.42,0.0,3464.834503,0.0
2019-01-02,18,0,210,0.09,0.09,0.0,0.912414,0.0
2019-01-02,18,0,214,0.57,0.57,0.0,10.735623,0.0
2019-01-02,18,0,217,0.42,0.42,0.0,6.108075,0.0
2019-01-02,18,0,218,0.59,0.59,0.0,8.580391,0.0
2019-01-02,18,0,219,0.4,0.4,0.0,5.817214,0.0
2019-01-02,18,0,221,0.31,0.31,0.0,5.838672,0.0
2019-01-02,18,0,225,0.32,0.32,0.0,3.195479,0.0
2019-01-02,18,0,233,0.41,0.41,0.0,8.619746,0.0
2019-01-02,18,0,236,26.95,26.95,0.0,721.857431,0.0
2019-01-02,18,0,237,30.3,30.3,0.0,867.423753,0.0
2019-01-02,18,0,238,10.5,10.5,0.0,267.717724,0.0
2019-01-02,18,0,240,0.85,0.85,0.0,28.173345,0.0
2019-01-02,18,0,245,28.01,28.01,0.0,676.600755,0.0
2019-01-02,18,0,247,31.09,31.09,0.0,751.000267,0.0
2019-01-02,18,0,248,3.04,3.04,0.0,87.028654,0.0
2019-01-02,18,0,249,53.86,53.86,0.0,1301.025229,0.0
2019-01-02,18,0,251,25.91,25.91,0.0,650.110752,0.0
2019-01-02,18,0,252,27.0,27.0,0.0,670.897915,0.0
2019-01-02,18,0,254,0.64,0.64,0.0,23.204403,0.0
2019-01-02,18,0,255,0.29,0.29,0.0,10.514495,0.0
2019-01-02,18,0,258,0.97,0.97,0.0,32.487265,0.0
2019-01-02,18,0,260,0.35,0.35,0.0,13.69687,0.0
2019-01-02,18,0,265,10.89,10.89,0.0,341.857033,0.0
2019-01-02,18,0,266,7.61,7.61,0.0,238.891829,0.0
2019-01-02,18,0,267,9.35,9.35,0.0,293.513614,0.0
2019-01-02,18,0,270,14.8,14.8,0.0,477.477662,0.0
2019-01-02,18,0,272,11.39,11.39,0.0,362.14188,0.0
2019-01-02,18,0,273,2.41,2.41,0.0,77.75143,0.0
2019-01-02,18,0,274,19.08,19.08,0.0,615.55904,0.0
2019-01-02,18,0,275,26.55,26.55,0.0,856.556211,0.0
2019-01-02,18,0,276,0.61,0.61,0.0,19.643111,0.0
2019-01-02,18,0,277,0.88,0.88,0.0,27.995073,0.0
2019-01-02,18,0,278,1.41,1.41,0.0,44.855742,0.0
2019-01-02,18,0,279,15.89,15.89,0.0,505.501943,0.0
2019-01-02,18,0,281,3.23,3.23,0.0,103.222631,0.0
2019-01-02,18,0,282,94.53,94.53,0.0,3020.939738,0.0
2019-01-02,19,0,9,0.0,0.0,0.0,0.0,0.0
2019-01-02,19,0,17,0.0,0.0,0.0,0.0,0.0
2019-01-02,19,0,19,560.01,560.01,0.0,13755.446504,0.0
2019-01-02,19,0,20,680.68,680.68,0.0,16719.446664,0.0
2019-01-02,19,0,21,0.0,0.0,0.0,0.0,0.0
2019-01-02,19,0,22,0.0,0.0,0.0,0.0,0.0
2019-01-02,19,0,23,11.77,11.77,0.0,376.754997,0.0
2019-01-02,19,0,24,20.82,20.82,0.0,666.443419,0.0
2019-01-02,19,0,29,0.0,0.0,0.0,0.0,0.0
2019-01-02,19,0,30,0.0,0.0,0.0,0.0,0.0
2019-01-02,19,0,31,2.7,2.7,0.0,86.42563,0.0
2019-01-02,19,0,32,0.0,0.0,0.0,0.0,0.0
2019-01-02,19,0,33,0.0,0.0,0.0,0.0,0.0
2019-01-02,19,0,34,0.0,0.0,0.0,0.0,0.0
2019-01-02,19,0,35,0.0,0.0,0.0,0.0,0.0
2019-01-02,19,0,36,0.0,0.0,0.0,0.0,0.0
2019-01-02,19,0,37,0.0,0.0,0.0,0.0,0.0
2019-01-02,19,0,38,0.0,0.0,0.0,0.0,0.0
2019-01-02,19,0,39,0.0,0.0,0.0,0.0,0.0
2019-01-02,19,0,40,0.0,0.0,0.0,0.0,0.0
2019-01-02,19,0,41,9.12,9.12,0.0,286.75517,0.0
2019-01-02,19,0,42,0.0,0.0,0.0,0.0,0.0
2019-01-02,19,0,43,0.0,0.0,0.0,0.0,0.0
2019-01-02,19,0,46,0.0,0.0,0.0,0.0,0.0
2019-01-02,19,0,52,2.86,2.86,0.0,91.547149,0.0
2019-01-02,19,0,53,4.55,4.55,0.0,145.643192,0.0
2019-01-02,19,0,55,11.48,11.48,0.0,367.472164,0.0
2019-01-02,19,0,56,0.0,0.0,0.0,0.0,0.0
2019-01-02,19,0,57,0.0,0.0,0.0,0.0,0.0
2019-01-02,19,0,58,0.0,0.0,0.0,0.0,0.0
2019-01-02,19,0,59,0.0,0.0,0.0,0.0,0.0
2019-01-02,19,0,63,16.46,16.46,0.0,533.75759,0.0
2019-01-02,19,0,64,19.37,19.37,0.0,628.121781,0.0
2019-01-02,19,0,65,5.95,5.95,0.0,147.05689,0.0
2019-01-02,19,0,67,0.0,0.0,0.0,0.0,0.0
2019-01-02,19,0,68,1.39,1.39,0.0,44.364818,0.0
2019-01-02,19,0,69,0.0,0.0,0.0,0.0,0.0
2019-01-02,19,0,74,8.96,8.96,0.0,256.349625,0.0
2019-01-02,19,0,77,9.22,9.22,0.0,293.714001,0.0
2019-01-02,19,0,78,6.97,6.97,0.0,222.037591,0.0
2019-01-02,19,0,79,4.03,4.03,0.0,128.380415,0.0
2019-01-02,19,0,80,6.52,6.52,0.0,207.702309,0.0
2019-01-02,19,0,81,8.53,8.53,0.0,271.733235,0.0
2019-01-02,19,0,82,6.01,6.01,0.0,191.455656,0.0
2019-01-02,19,0,83,13.41,13.41,0.0,427.191405,0.0
2019-01-02,19,0,84,0.0,0.0,0.0,0.0,0.0
2019-01-02,19,0,86,0.0,0.0,0.0,0.0,0.0
2019-01-02,19,0,87,0.0,0.0,0.0,0.0,0.0
2019-01-02,19,0,88,8.14,8.14,0.0,259.309324,0.0
2019-01-02,19,0,89,7.83,7.83,0.0,249.433908,0.0
2019-01-02,19,0,90,10.51,10.51,0.0,334.808476,0.0
2019-01-02,19,0,91,37.5,37.5,0.0,1194.606837,0.0
2019-01-02,19,0,92,13.49,13.49,0.0,429.739899,0.0
2019-01-02,19,0,95,9.05,9.05,0.0,229.993926,0.0
2019-01-02,19,0,96,8.0,8.0,0.0,256.07362,0.0
2019-01-02,19,0,97,49.2,49.2,0.0,1574.85276,0.0
2019-01-02,19,0,99,1.73,1.73,0.0,49.496077,0.0
2019-01-02,19,0,101,0.0,0.0,0.0,0.0,0.0
2019-01-02,19,0,102,3.97,3.97,0.0,126.711026,0.0
2019-01-02,19,0,103,3.33,3.33,0.0,106.28406,0.0
2019-01-02,19,0,104,0.47,0.47,0.0,15.001054,0.0
2019-01-02,19,0,106,0.0,0.0,0.0,0.0,0.0
2019-01-02,19,0,109,31.76,31.76,0.0,1031.920402,0.0
2019-01-02,19,0,110,16.27,16.27,0.0,524.963704,0.0
2019-01-02,19,0,111,0.0,0.0,0.0,0.0,0.0
2019-01-02,19,0,113,7.49,7.49,0.0,238.213823,0.0
2019-01-02,19,0,115,7.49,7.49,0.0,238.213823,0.0
2019-01-02,19,0,116,0.0,0.0,0.0,0.0,0.0
2019-01-02,19,0,117,0.5,0.5,0.0,15.902124,0.0
2019-01-02,19,0,119,19.37,19.37,0.0,628.121781,0.0
2019-01-02,19,0,120,11.39,11.39,0.0,369.349876,0.0
2019-01-02,19,0,123,0.0,0.0,0.0,0.0,0.0
2019-01-02,19,0,125,18.84,18.84,0.0,603.064074,0.0
2019-01-02,19,0,126,0.0,0.0,0.0,0.0,0.0
2019-01-02,19,0,127,0.0,0.0,0.0,0.0,0.0
2019-01-02,19,0,128,26.99,26.99,0.0,863.943702,0.0
2019-01-02,19,0,131,4.06,4.06,0.0,129.490518,0.0
2019-01-02,19,0,132,5.97,5.97,0.0,190.408471,0.0
2019-01-02,19,0,133,61.85,61.85,0.0,1518.323665,0.0
2019-01-02,19,0,134,0.0,0.0,0.0,0.0,0.0
2019-01-02,19,0,135,83.81,83.81,0.0,2057.408349,0.0
2019-01-02,19,0,136,9.34,9.34,0.0,230.920482,0.0
2019-01-02,19,0,139,11.78,11.78,0.0,370.392095,0.0
2019-01-02,19,0,140,12.04,12.04,0.0,388.479594,0.0
2019-01-02,19,0,141,13.13,13.13,0.0,420.198748,0.0
2019-01-02,19,0,142,0.0,0.0,0.0,0.0,0.0
2019-01-02,19,0,143,3.09,3.09,0.0,98.909332,0.0
2019-01-02,19,0,145,11.24,11.24,0.0,361.674183,0.0
2019-01-02,19,0,146,0.0,0.0,0.0,0.0,0.0
2019-01-02,19,0,152,0.0,0.0,0.0,0.0,0.0
2019-01-02,19,0,153,0.0,0.0,0.0,0.0,0.0
2019-01-02,19,0,154,0.0,0.0,0.0,0.0,0.0
2019-01-02,19,0,157,0.0,0.0,0.0,0.0,0.0
2019-01-02,19,0,158,0.0,0.0,0.0,0.0,0.0
2019-01-02,19,0,159,0.0,0.0,0.0,0.0,0.0
2019-01-02,19,0,160,0.0,0.0,0.0,0.0,0.0
2019-01-02,19,0,161,0.0,0.0,0.0,0.0,0.0
2019-01-02,19,0,162,17.39,17.39,0.0,441.715526,0.0
2019-01-02,19,0,163,16.44,16.44,0.0,530.448881,0.0
2019-01-02,19,0,164,0.0,0.0,0.0,0.0,0.0
2019-01-02,19,0,167,0.0,0.0,0.0,0.0,0.0
2019-01-02,19,0,168,0.0,0.0,0.0,0.0,0.0
2019-01-02,19,0,169,0.0,0.0,0.0,0.0,0.0
2019-01-02,19,0,170,0.0,0.0,0.0,0.0,0.0
2019-01-02,19,0,172,0.0,0.0,0.0,0.0,0.0
2019-01-02,19,0,173,0.0,0.0,0.0,0.0,0.0
2019-01-02,19,0,188,0.0,0.0,0.0,0.0,0.0
2019-01-02,19,0,190,0.0,0.0,0.0,0.0,0.0
2019-01-02,19,0,191,0.0,0.0,0.0,0.0,0.0
2019-01-02,19,0,192,15.04,15.04,0.0,487.710459,0.0
2019-01-02,19,0,194,44.46,44.46,0.0,1409.022599,0.0
2019-01-02,19,0,196,0.0,0.0,0.0,0.0,0.0
2019-01-02,19,0,198,0.0,0.0,0.0,0.0,0.0
2019-01-02,19,0,199,65.46,65.46,0.0,1304.488987,0.0
2019-01-02,19,0,200,0.0,0.0,0.0,0.0,0.0
2019-01-02,19,0,204,124.36,124.36,0.0,4073.171456,0.0
2019-01-02,19,0,205,167.99,167.99,0.0,5458.196107,0.0
2019-01-02,19,0,206,144.58,144.58,0.0,4627.890489,0.0
2019-01-02,19,0,210,0.0,0.0,0.0,0.0,0.0
2019-01-02,19,0,214,0.0,0.0,0.0,0.0,0.0
2019-01-02,19,0,217,0.0,0.0,0.0,0.0,0.0
2019-01-02,19,0,218,0.0,0.0,0.0,0.0,0.0
2019-01-02,19,0,219,0.0,0.0,0.0,0.0,0.0
2019-01-02,19,0,221,0.0,0.0,0.0,0.0,0.0
2019-01-02,19,0,225,0.0,0.0,0.0,0.0,0.0
2019-01-02,19,0,233,0.0,0.0,0.0,0.0,0.0
2019-01-02,19,0,236,18.66,18.66,0.0,498.449355,0.0
2019-01-02,19,0,237,21.5,21.5,0.0,615.124658,0.0
2019-01-02,19,0,238,0.0,0.0,0.0,0.0,0.0
2019-01-02,19,0,240,0.0,0.0,0.0,0.0,0.0
2019-01-02,19,0,245,24.17,24.17,0.0,580.122507,0.0
2019-01-02,19,0,247,27.25,27.25,0.0,654.047924,0.0
2019-01-02,19,0,248,2.16,2.16,0.0,61.79857,0.0
2019-01-02,19,0,249,46.49,46.49,0.0,1115.841761,0.0
2019-01-02,19,0,251,31.58,31.58,0.0,788.425114,0.0
2019-01-02,19,0,252,38.37,38.37,0.0,948.331577,0.0
2019-01-02,19,0,254,0.0,0.0,0.0,0.0,0.0
2019-01-02,19,0,255,0.0,0.0,0.0,0.0,0.0
2019-01-02,19,0,258,0.0,0.0,0.0,0.0,0.0
2019-01-02,19,0,260,0.0,0.0,0.0,0.0,0.0
2019-01-02,19,0,265,0.0,0.0,0.0,0.0,0.0
2019-01-02,19,0,266,7.63,7.63,0.0,239.905915,0.0
2019-01-02,19,0,267,9.38,9.38,0.0,294.930208,0.0
2019-01-02,19,0,270,51.35,51.35,0.0,1656.846108,0.0
2019-01-02,19,0,272,25.04,25.04,0.0,796.378388,0.0
2019-01-02,19,0,273,0.0,0.0,0.0,0.0,0.0
2019-01-02,19,0,274,66.19,66.19,0.0,2135.669794,0.0
2019-01-02,19,0,275,92.14,92.14,0.0,2972.965928,0.0
2019-01-02,19,0,276,0.0,0.0,0.0,0.0,0.0
2019-01-02,19,0,277,0.0,0.0,0.0,0.0,0.0
2019-01-02,19,0,278,0.0,0.0,0.0,0.0,0.0
2019-01-02,19,0,279,36.05,36.05,0.0,1147.293764,0.0
2019-01-02,19,0,281,1.21,1.21,0.0,38.731486,0.0
2019-01-02,19,0,282,0.0,0.0,0.0,0.0,0.0
2019-01-02,20,0,9,0.0,0.0,0.0,0.0,0.0
2019-01-02,20,0,17,0.0,0.0,0.0,0.0,0.0
2019-01-02,20,0,19,543.45,543.45,0.0,13785.924024,0.0
2019-01-02,20,0,20,659.1,659.1,0.0,16719.666067,0.0
2019-01-02,20,0,21,0.0,0.0,0.0,0.0,0.0
2019-01-02,20,0,22,0.0,0.0,0.0,0.0,0.0
2019-01-02,20,0,23,13.34,13.34,0.0,368.488846,0.0
2019-01-02,20,0,24,23.61,23.61,0.0,652.175536,0.0
2019-01-02,20,0,29,0.0,0.0,0.0,0.0,0.0
2019-01-02,20,0,30,0.0,0.0,0.0,0.0,0.0
2019-01-02,20,0,31,2.8,2.8,0.0,77.259393,0.0
2019-01-02,20,0,32,0.0,0.0,0.0,0.0,0.0
2019-01-02,20,0,33,0.0,0.0,0.0,0.0,0.0
2019-01-02,20,0,34,0.0,0.0,0.0,0.0,0.0
2019-01-02,20,0,35,0.0,0.0,0.0,0.0,0.0
2019-01-02,20,0,36,0.0,0.0,0.0,0.0,0.0
2019-01-02,20,0,37,0.0,0.0,0.0,0.0,0.0
2019-01-02,20,0,38,0.0,0.0,0.0,0.0,0.0
2019-01-02,20,0,39,0.0,0.0,0.0,0.0,0.0
2019-01-02,20,0,40,0.0,0.0,0.0,0.0,0.0
2019-01-02,20,0,41,14.4,14.4,0.0,412.578603,0.0
2019-01-02,20,0,42,0.0,0.0,0.0,0.0,0.0
2019-01-02,20,0,43,0.0,0.0,0.0,0.0,0.0
2019-01-02,20,0,46,0.0,0.0,0.0,0.0,0.0
2019-01-02,20,0,52,2.97,2.97,0.0,81.950142,0.0
2019-01-02,20,0,53,4.72,4.72,0.0,130.237262,0.0
2019-01-02,20,0,55,11.38,11.38,0.0,314.348056,0.0
2019-01-02,20,0,56,0.0,0.0,0.0,0.0,0.0
2019-01-02,20,0,57,0.0,0.0,0.0,0.0,0.0
2019-01-02,20,0,58,0.0,0.0,0.0,0.0,0.0
2019-01-02,20,0,59,0.0,0.0,0.0,0.0,0.0
2019-01-02,20,0,63,14.86,14.86,0.0,481.873499,0.0
2019-01-02,20,0,64,17.48,17.48,0.0,566.833698,0.0
2019-01-02,20,0,65,8.23,8.23,0.0,209.675152,0.0
2019-01-02,20,0,67,0.0,0.0,0.0,0.0,0.0
2019-01-02,20,0,68,1.46,1.46,0.0,31.782068,0.0
2019-01-02,20,0,69,0.0,0.0,0.0,0.0,0.0
2019-01-02,20,0,74,11.03,11.03,0.0,310.78719,0.0
2019-01-02,20,0,77,15.26,15.26,0.0,375.390618,0.0
2019-01-02,20,0,78,11.59,11.59,0.0,285.109912,0.0
2019-01-02,20,0,79,6.74,6.74,0.0,165.801623,0.0
2019-01-02,20,0,80,10.85,10.85,0.0,266.906173,0.0
2019-01-02,20,0,81,14.14,14.14,0.0,347.839013,0.0
2019-01-02,20,0,82,10.02,10.02,0.0,246.488466,0.0
2019-01-02,20,0,83,22.04,22.04,0.0,542.176227,0.0
2019-01-02,20,0,84,0.0,0.0,0.0,0.0,0.0
2019-01-02,20,0,86,0.0,0.0,0.0,0.0,0.0
2019-01-02,20,0,87,0.0,0.0,0.0,0.0,0.0
2019-01-02,20,0,88,15.25,15.25,0.0,375.144621,0.0
2019-01-02,20,0,89,14.66,14.66,0.0,360.63083,0.0
2019-01-02,20,0,90,19.67,19.67,0.0,483.875063,0.0
2019-01-02,20,0,91,70.05,70.05,0.0,1723.205294,0.0
2019-01-02,20,0,92,25.23,25.23,0.0,620.649102,0.0
2019-01-02,20,0,95,15.21,15.21,0.0,386.542277,0.0
2019-01-02,20,0,96,8.49,8.49,0.0,233.993451,0.0
2019-01-02,20,0,97,61.27,61.27,0.0,1688.666521,0.0
2019-01-02,20,0,99,2.13,2.13,0.0,60.016021,0.0
2019-01-02,20,0,101,0.0,0.0,0.0,0.0,0.0
2019-01-02,20,0,102,3.46,3.46,0.0,75.319146,0.0
2019-01-02,20,0,103,3.01,3.01,0.0,65.523304,0.0
2019-01-02,20,0,104,0.56,0.56,0.0,12.190382,0.0
2019-01-02,20,0,106,0.0,0.0,0.0,0.0,0.0
2019-01-02,20,0,109,15.45,15.45,0.0,473.761752,0.0
2019-01-02,20,0,110,20.63,20.63,0.0,184.543763,0.0
2019-01-02,20,0,111,0.0,0.0,0.0,0.0,0.0
2019-01-02,20,0,113,6.6,6.6,0.0,162.197365,0.0
2019-01-02,20,0,115,6.6,6.6,0.0,162.197365,0.0
2019-01-02,20,0,116,0.0,0.0,0.0,0.0,0.0
2019-01-02,20,0,117,0.44,0.44,0.0,10.813158,0.0
2019-01-02,20,0,119,17.48,17.48,0.0,566.833698,0.0
2019-01-02,20,0,120,10.28,10.28,0.0,333.355287,0.0
2019-01-02,20,0,123,0.0,0.0,0.0,0.0,0.0
2019-01-02,20,0,125,21.36,21.36,0.0,590.024119,0.0
2019-01-02,20,0,126,0.0,0.0,0.0,0.0,0.0
2019-01-02,20,0,127,0.0,0.0,0.0,0.0,0.0
2019-01-02,20,0,128,30.6,30.6,0.0,845.259272,0.0
2019-01-02,20,0,131,5.21,5.21,0.0,117.806286,0.0
2019-01-02,20,0,132,7.67,7.67,0.0,173.430752,0.0
2019-01-02,20,0,133,50.0,50.0,0.0,1267.855076,0.0
2019-01-02,20,0,134,0.0,0.0,0.0,0.0,0.0
2019-01-02,20,0,135,66.63,66.63,0.0,1689.543675,0.0
2019-01-02,20,0,136,11.06,11.06,0.0,281.841363,0.0
2019-01-02,20,0,139,19.28,19.28,0.0,552.396908,0.0
2019-01-02,20,0,140,15.27,15.27,0.0,136.596377,0.0
2019-01-02,20,0,141,17.35,17.35,0.0,322.917069,0.0
2019-01-02,20,0,142,0.0,0.0,0.0,0.0,0.0
2019-01-02,20,0,143,2.48,2.48,0.0,68.429748,0.0
2019-01-02,20,0,145,8.55,8.55,0.0,245.577899,0.0
2019-01-02,20,0,146,0.0,0.0,0.0,0.0,0.0
2019-01-02,20,0,152,0.0,0.0,0.0,0.0,0.0
2019-01-02,20,0,153,0.0,0.0,0.0,0.0,0.0
2019-01-02,20,0,154,0.0,0.0,0.0,0.0,0.0
2019-01-02,20,0,157,0.0,0.0,0.0,0.0,0.0
2019-01-02,20,0,158,0.0,0.0,0.0,0.0,0.0
2019-01-02,20,0,159,0.0,0.0,0.0,0.0,0.0
2019-01-02,20,0,160,0.0,0.0,0.0,0.0,0.0
2019-01-02,20,0,161,0.0,0.0,0.0,0.0,0.0
2019-01-02,20,0,162,21.46,21.46,0.0,545.573121,0.0
2019-01-02,20,0,163,18.73,18.73,0.0,167.547488,0.0
2019-01-02,20,0,164,0.0,0.0,0.0,0.0,0.0
2019-01-02,20,0,167,0.0,0.0,0.0,0.0,0.0
2019-01-02,20,0,168,0.0,0.0,0.0,0.0,0.0
2019-01-02,20,0,169,0.0,0.0,0.0,0.0,0.0
2019-01-02,20,0,170,0.0,0.0,0.0,0.0,0.0
2019-01-02,20,0,172,0.0,0.0,0.0,0.0,0.0
2019-01-02,20,0,173,0.0,0.0,0.0,0.0,0.0
2019-01-02,20,0,188,0.0,0.0,0.0,0.0,0.0
2019-01-02,20,0,190,0.0,0.0,0.0,0.0,0.0
2019-01-02,20,0,191,0.0,0.0,0.0,0.0,0.0
2019-01-02,20,0,192,15.23,15.23,0.0,493.871695,0.0
2019-01-02,20,0,194,28.23,28.23,0.0,759.453075,0.0
2019-01-02,20,0,196,0.0,0.0,0.0,0.0,0.0
2019-01-02,20,0,198,0.0,0.0,0.0,0.0,0.0
2019-01-02,20,0,199,44.83,44.83,0.0,743.202559,0.0
2019-01-02,20,0,200,0.0,0.0,0.0,0.0,0.0
2019-01-02,20,0,204,102.87,102.87,0.0,3167.520024,0.0
2019-01-02,20,0,205,81.75,81.75,0.0,2506.79762,0.0
2019-01-02,20,0,206,232.08,232.08,0.0,6396.372226,0.0
2019-01-02,20,0,210,0.0,0.0,0.0,0.0,0.0
2019-01-02,20,0,214,0.0,0.0,0.0,0.0,0.0
2019-01-02,20,0,217,0.0,0.0,0.0,0.0,0.0
2019-01-02,20,0,218,0.0,0.0,0.0,0.0,0.0
2019-01-02,20,0,219,0.0,0.0,0.0,0.0,0.0
2019-01-02,20,0,221,0.0,0.0,0.0,0.0,0.0
2019-01-02,20,0,225,0.0,0.0,0.0,0.0,0.0
2019-01-02,20,0,233,0.0,0.0,0.0,0.0,0.0
2019-01-02,20,0,236,17.71,17.71,0.0,476.838327,0.0
2019-01-02,20,0,237,26.47,26.47,0.0,745.832903,0.0
2019-01-02,20,0,238,0.0,0.0,0.0,0.0,0.0
2019-01-02,20,0,240,0.0,0.0,0.0,0.0,0.0
2019-01-02,20,0,245,55.7,55.7,0.0,1390.534248,0.0
2019-01-02,20,0,247,37.66,37.66,0.0,940.170912,0.0
2019-01-02,20,0,248,2.66,2.66,0.0,74.949585,0.0
2019-01-02,20,0,249,107.08,107.08,0.0,2673.220957,0.0
2019-01-02,20,0,251,48.6,48.6,0.0,1246.917283,0.0
2019-01-02,20,0,252,53.06,53.06,0.0,1351.806023,0.0
2019-01-02,20,0,254,0.0,0.0,0.0,0.0,0.0
2019-01-02,20,0,255,0.0,0.0,0.0,0.0,0.0
2019-01-02,20,0,258,0.0,0.0,0.0,0.0,0.0
2019-01-02,20,0,260,0.0,0.0,0.0,0.0,0.0
2019-01-02,20,0,265,0.0,0.0,0.0,0.0,0.0
2019-01-02,20,0,266,11.75,11.75,0.0,336.65268,0.0
2019-01-02,20,0,267,14.86,14.86,0.0,425.758198,0.0
2019-01-02,20,0,270,58.5,58.5,0.0,523.306356,0.0
2019-01-02,20,0,272,22.06,22.06,0.0,542.132403,0.0
2019-01-02,20,0,273,0.0,0.0,0.0,0.0,0.0
2019-01-02,20,0,274,75.41,75.41,0.0,674.573202,0.0
2019-01-02,20,0,275,104.97,104.97,0.0,938.999457,0.0
2019-01-02,20,0,276,0.0,0.0,0.0,0.0,0.0
2019-01-02,20,0,277,0.0,0.0,0.0,0.0,0.0
2019-01-02,20,0,278,0.0,0.0,0.0,0.0,0.0
2019-01-02,20,0,279,89.23,89.23,0.0,2193.728128,0.0
2019-01-02,20,0,281,1.26,1.26,0.0,34.766727,0.0
2019-01-02,20,0,282,0.0,0.0,0.0,0.0,0.0
2019-01-02,21,0,9,0.0,0.0,0.0,0.0,0.0
2019-01-02,21,0,17,0.0,0.0,0.0,0.0,0.0
2019-01-02,21,0,19,526.94,526.94,0.0,7349.300985,0.0
2019-01-02,21,0,20,639.08,639.08,0.0,8913.332208,0.0
2019-01-02,21,0,21,0.0,0.0,0.0,0.0,0.0
2019-01-02,21,0,22,0.0,0.0,0.0,0.0,0.0
2019-01-02,21,0,23,16.24,16.24,0.0,391.592317,0.0
2019-01-02,21,0,24,28.74,28.74,0.0,693.002659,0.0
2019-01-02,21,0,29,0.0,0.0,0.0,0.0,0.0
2019-01-02,21,0,30,0.0,0.0,0.0,0.0,0.0
2019-01-02,21,0,31,3.06,3.06,0.0,73.757632,0.0
2019-01-02,21,0,32,0.0,0.0,0.0,0.0,0.0
2019-01-02,21,0,33,0.0,0.0,0.0,0.0,0.0
2019-01-02,21,0,34,0.0,0.0,0.0,0.0,0.0
2019-01-02,21,0,35,0.0,0.0,0.0,0.0,0.0
2019-01-02,21,0,36,0.0,0.0,0.0,0.0,0.0
2019-01-02,21,0,37,0.0,0.0,0.0,0.0,0.0
2019-01-02,21,0,38,0.0,0.0,0.0,0.0,0.0
2019-01-02,21,0,39,0.0,0.0,0.0,0.0,0.0
2019-01-02,21,0,40,0.0,0.0,0.0,0.0,0.0
2019-01-02,21,0,41,24.95,24.95,0.0,605.349983,0.0
2019-01-02,21,0,42,0.0,0.0,0.0,0.0,0.0
2019-01-02,21,0,43,0.0,0.0,0.0,0.0,0.0
2019-01-02,21,0,46,0.0,0.0,0.0,0.0,0.0
2019-01-02,21,0,52,3.25,3.25,0.0,78.337354,0.0
2019-01-02,21,0,53,5.16,5.16,0.0,124.375615,0.0
2019-01-02,21,0,55,12.39,12.39,0.0,298.757931,0.0
2019-01-02,21,0,56,0.0,0.0,0.0,0.0,0.0
2019-01-02,21,0,57,0.0,0.0,0.0,0.0,0.0
2019-01-02,21,0,58,0.0,0.0,0.0,0.0,0.0
2019-01-02,21,0,59,0.0,0.0,0.0,0.0,0.0
2019-01-02,21,0,63,13.38,13.38,0.0,433.880714,0.0
2019-01-02,21,0,64,15.74,15.74,0.0,510.409749,0.0
2019-01-02,21,0,65,12.23,12.23,0.0,193.432547,0.0
2019-01-02,21,0,67,0.0,0.0,0.0,0.0,0.0
2019-01-02,21,0,68,1.89,1.89,0.0,38.678823,0.0
2019-01-02,21,0,69,0.0,0.0,0.0,0.0,0.0
2019-01-02,21,0,74,14.12,14.12,0.0,330.958238,0.0
2019-01-02,21,0,77,36.35,36.35,0.0,842.42031,0.0
2019-01-02,21,0,78,27.53,27.53,0.0,638.014611,0.0
2019-01-02,21,0,79,15.97,15.97,0.0,370.10873,0.0
2019-01-02,21,0,80,25.78,25.78,0.0,597.457925,0.0
2019-01-02,21,0,81,33.64,33.64,0.0,779.615384,0.0
2019-01-02,21,0,82,23.78,23.78,0.0,551.107427,0.0
2019-01-02,21,0,83,52.69,52.69,0.0,1221.103882,0.0
2019-01-02,21,0,84,0.0,0.0,0.0,0.0,0.0
2019-01-02,21,0,86,0.0,0.0,0.0,0.0,0.0
2019-01-02,21,0,87,0.0,0.0,0.0,0.0,0.0
2019-01-02,21,0,88,27.25,27.25,0.0,631.525542,0.0
2019-01-02,21,0,89,26.2,26.2,0.0,607.19153,0.0
2019-01-02,21,0,90,35.17,35.17,0.0,815.073516,0.0
2019-01-02,21,0,91,125.47,125.47,0.0,2907.798522,0.0
2019-01-02,21,0,92,45.12,45.12,0.0,1045.667246,0.0
2019-01-02,21,0,95,24.24,24.24,0.0,543.696816,0.0
2019-01-02,21,0,96,8.04,8.04,0.0,193.718721,0.0
2019-01-02,21,0,97,49.42,49.42,0.0,1190.743678,0.0
2019-01-02,21,0,99,2.73,2.73,0.0,63.988385,0.0
2019-01-02,21,0,101,0.0,0.0,0.0,0.0,0.0
2019-01-02,21,0,102,4.47,4.47,0.0,91.478485,0.0
2019-01-02,21,0,103,3.89,3.89,0.0,79.608794,0.0
2019-01-02,21,0,104,0.72,0.72,0.0,14.73479,0.0
2019-01-02,21,0,106,0.0,0.0,0.0,0.0,0.0
2019-01-02,21,0,109,8.38,8.38,0.0,210.688698,0.0
2019-01-02,21,0,110,25.84,25.84,0.0,195.044025,0.0
2019-01-02,21,0,111,0.0,0.0,0.0,0.0,0.0
2019-01-02,21,0,113,11.12,11.12,0.0,262.605573,0.0
2019-01-02,21,0,115,11.12,11.12,0.0,262.605573,0.0
2019-01-02,21,0,116,0.0,0.0,0.0,0.0,0.0
2019-01-02,21,0,117,0.75,0.75,0.0,17.711707,0.0
2019-01-02,21,0,119,15.74,15.74,0.0,510.409749,0.0
2019-01-02,21,0,120,9.26,9.26,0.0,300.279179,0.0
2019-01-02,21,0,123,0.0,0.0,0.0,0.0,0.0
2019-01-02,21,0,125,26.01,26.01,0.0,627.17464,0.0
2019-01-02,21,0,126,0.0,0.0,0.0,0.0,0.0
2019-01-02,21,0,127,0.0,0.0,0.0,0.0,0.0
2019-01-02,21,0,128,37.25,37.25,0.0,898.20282,0.0
2019-01-02,21,0,131,6.71,6.71,0.0,143.018136,0.0
2019-01-02,21,0,132,9.86,9.86,0.0,210.157797,0.0
2019-01-02,21,0,133,47.44,47.44,0.0,653.297783,0.0
2019-01-02,21,0,134,0.0,0.0,0.0,0.0,0.0
2019-01-02,21,0,135,61.67,61.67,0.0,849.259576,0.0
2019-01-02,21,0,136,15.69,15.69,0.0,249.76667,0.0
2019-01-02,21,0,139,32.86,32.86,0.0,797.266551,0.0
2019-01-02,21,0,140,19.13,19.13,0.0,144.395983,0.0
2019-01-02,21,0,141,31.06,31.06,0.0,536.881812,0.0
2019-01-02,21,0,142,0.0,0.0,0.0,0.0,0.0
2019-01-02,21,0,143,2.11,2.11,0.0,50.859021,0.0
2019-01-02,21,0,145,6.55,6.55,0.0,160.372903,0.0
2019-01-02,21,0,146,0.0,0.0,0.0,0.0,0.0
2019-01-02,21,0,152,0.0,0.0,0.0,0.0,0.0
2019-01-02,21,0,153,0.0,0.0,0.0,0.0,0.0
2019-01-02,21,0,154,0.0,0.0,0.0,0.0,0.0
2019-01-02,21,0,157,10.15,10.15,0.0,175.445924,0.0
2019-01-02,21,0,158,0.0,0.0,0.0,0.0,0.0
2019-01-02,21,0,159,0.0,0.0,0.0,0.0,0.0
2019-01-02,21,0,160,0.0,0.0,0.0,0.0,0.0
2019-01-02,21,0,161,0.0,0.0,0.0,0.0,0.0
2019-01-02,21,0,162,26.15,26.15,0.0,586.643922,0.0
2019-01-02,21,0,163,21.58,21.58,0.0,162.888935,0.0
2019-01-02,21,0,164,0.0,0.0,0.0,0.0,0.0
2019-01-02,21,0,167,0.0,0.0,0.0,0.0,0.0
2019-01-02,21,0,168,0.0,0.0,0.0,0.0,0.0
2019-01-02,21,0,169,0.0,0.0,0.0,0.0,0.0
2019-01-02,21,0,170,0.0,0.0,0.0,0.0,0.0
2019-01-02,21,0,172,0.0,0.0,0.0,0.0,0.0
2019-01-02,21,0,173,0.0,0.0,0.0,0.0,0.0
2019-01-02,21,0,188,0.0,0.0,0.0,0.0,0.0
2019-01-02,21,0,190,0.0,0.0,0.0,0.0,0.0
2019-01-02,21,0,191,0.0,0.0,0.0,0.0,0.0
2019-01-02,21,0,192,15.64,15.64,0.0,507.166993,0.0
2019-01-02,21,0,194,16.78,16.78,0.0,442.879315,0.0
2019-01-02,21,0,196,0.0,0.0,0.0,0.0,0.0
2019-01-02,21,0,198,0.0,0.0,0.0,0.0,0.0
2019-01-02,21,0,199,29.43,29.43,0.0,460.772104,0.0
2019-01-02,21,0,200,0.0,0.0,0.0,0.0,0.0
2019-01-02,21,0,204,65.02,65.02,0.0,1642.249001,0.0
2019-01-02,21,0,205,38.89,38.89,0.0,977.766526,0.0
2019-01-02,21,0,206,145.22,145.22,0.0,3498.984154,0.0
2019-01-02,21,0,210,0.0,0.0,0.0,0.0,0.0
2019-01-02,21,0,214,0.0,0.0,0.0,0.0,0.0
2019-01-02,21,0,217,0.0,0.0,0.0,0.0,0.0
2019-01-02,21,0,218,0.0,0.0,0.0,0.0,0.0
2019-01-02,21,0,219,0.0,0.0,0.0,0.0,0.0
2019-01-02,21,0,221,0.0,0.0,0.0,0.0,0.0
2019-01-02,21,0,225,0.0,0.0,0.0,0.0,0.0
2019-01-02,21,0,233,0.0,0.0,0.0,0.0,0.0
2019-01-02,21,0,236,18.42,18.42,0.0,409.331143,0.0
2019-01-02,21,0,237,33.88,33.88,0.0,794.112261,0.0
2019-01-02,21,0,238,0.0,0.0,0.0,0.0,0.0
2019-01-02,21,0,240,0.0,0.0,0.0,0.0,0.0
2019-01-02,21,0,245,122.16,122.16,0.0,1824.003432,0.0
2019-01-02,21,0,247,50.72,50.72,0.0,757.313802,0.0
2019-01-02,21,0,248,3.4,3.4,0.0,79.692494,0.0
2019-01-02,21,0,249,234.91,234.91,0.0,3507.503653,0.0
2019-01-02,21,0,251,73.23,73.23,0.0,1244.673621,0.0
2019-01-02,21,0,252,78.86,78.86,0.0,1247.268249,0.0
2019-01-02,21,0,254,0.0,0.0,0.0,0.0,0.0
2019-01-02,21,0,255,0.0,0.0,0.0,0.0,0.0
2019-01-02,21,0,258,0.0,0.0,0.0,0.0,0.0
2019-01-02,21,0,260,0.0,0.0,0.0,0.0,0.0
2019-01-02,21,0,265,0.0,0.0,0.0,0.0,0.0
2019-01-02,21,0,266,20.58,20.58,0.0,499.322752,0.0
2019-01-02,21,0,267,25.69,25.69,0.0,623.304252,0.0
2019-01-02,21,0,270,67.4,67.4,0.0,508.744865,0.0
2019-01-02,21,0,272,37.15,37.15,0.0,877.319879,0.0
2019-01-02,21,0,273,0.0,0.0,0.0,0.0,0.0
2019-01-02,21,0,274,86.88,86.88,0.0,655.782699,0.0
2019-01-02,21,0,275,120.94,120.94,0.0,912.872463,0.0
2019-01-02,21,0,276,0.0,0.0,0.0,0.0,0.0
2019-01-02,21,0,277,0.0,0.0,0.0,0.0,0.0
2019-01-02,21,0,278,0.0,0.0,0.0,0.0,0.0
2019-01-02,21,0,279,90.28,90.28,0.0,2116.078494,0.0
2019-01-02,21,0,281,1.37,1.37,0.0,33.022208,0.0
2019-01-02,21,0,282,0.0,0.0,0.0,0.0,0.0
2019-01-02,22,0,9,0.0,0.0,0.0,0.0,0.0
2019-01-02,22,0,17,0.0,0.0,0.0,0.0,0.0
2019-01-02,22,0,19,536.83,536.83,0.0,6829.645833,0.0
2019-01-02,22,0,20,651.07,651.07,0.0,8283.027238,0.0
2019-01-02,22,0,21,0.0,0.0,0.0,0.0,0.0
2019-01-02,22,0,22,0.0,0.0,0.0,0.0,0.0
2019-01-02,22,0,23,20.78,20.78,0.0,359.290901,0.0
2019-01-02,22,0,24,36.76,36.76,0.0,635.588716,0.0
2019-01-02,22,0,29,0.0,0.0,0.0,0.0,0.0
2019-01-02,22,0,30,0.0,0.0,0.0,0.0,0.0
2019-01-02,22,0,31,3.5,3.5,0.0,60.609773,0.0
2019-01-02,22,0,32,0.0,0.0,0.0,0.0,0.0
2019-01-02,22,0,33,0.0,0.0,0.0,0.0,0.0
2019-01-02,22,0,34,0.0,0.0,0.0,0.0,0.0
2019-01-02,22,0,35,0.0,0.0,0.0,0.0,0.0
2019-01-02,22,0,36,0.0,0.0,0.0,0.0,0.0
2019-01-02,22,0,37,0.0,0.0,0.0,0.0,0.0
2019-01-02,22,0,38,0.0,0.0,0.0,0.0,0.0
2019-01-02,22,0,39,0.0,0.0,0.0,0.0,0.0
2019-01-02,22,0,40,0.0,0.0,0.0,0.0,0.0
2019-01-02,22,0,41,25.79,25.79,0.0,409.17596,0.0
2019-01-02,22,0,42,0.0,0.0,0.0,0.0,0.0
2019-01-02,22,0,43,0.0,0.0,0.0,0.0,0.0
2019-01-02,22,0,46,0.0,0.0,0.0,0.0,0.0
2019-01-02,22,0,52,3.71,3.71,0.0,64.246359,0.0
2019-01-02,22,0,53,5.89,5.89,0.0,101.997589,0.0
2019-01-02,22,0,55,28.02,28.02,0.0,484.472139,0.0
2019-01-02,22,0,56,0.0,0.0,0.0,0.0,0.0
2019-01-02,22,0,57,0.0,0.0,0.0,0.0,0.0
2019-01-02,22,0,58,0.0,0.0,0.0,0.0,0.0
2019-01-02,22,0,59,0.0,0.0,0.0,0.0,0.0
2019-01-02,22,0,63,12.11,12.11,0.0,360.97898,0.0
2019-01-02,22,0,64,14.24,14.24,0.0,424.470741,0.0
2019-01-02,22,0,65,18.43,18.43,0.0,235.148356,0.0
2019-01-02,22,0,67,0.0,0.0,0.0,0.0,0.0
2019-01-02,22,0,68,2.39,2.39,0.0,42.815062,0.0
2019-01-02,22,0,69,0.0,0.0,0.0,0.0,0.0
2019-01-02,22,0,74,18.4,18.4,0.0,253.643924,0.0
2019-01-02,22,0,77,49.24,49.24,0.0,978.195483,0.0
2019-01-02,22,0,78,37.22,37.22,0.0,739.407714,0.0
2019-01-02,22,0,79,21.54,21.54,0.0,427.910859,0.0
2019-01-02,22,0,80,34.84,34.84,0.0,692.126942,0.0
2019-01-02,22,0,81,45.55,45.55,0.0,904.890419,0.0
2019-01-02,22,0,82,32.13,32.13,0.0,638.290432,0.0
2019-01-02,22,0,83,71.64,71.64,0.0,1423.19099,0.0
2019-01-02,22,0,84,0.0,0.0,0.0,0.0,0.0
2019-01-02,22,0,86,0.0,0.0,0.0,0.0,0.0
2019-01-02,22,0,87,0.0,0.0,0.0,0.0,0.0
2019-01-02,22,0,88,27.53,27.53,0.0,546.907426,0.0
2019-01-02,22,0,89,26.46,26.46,0.0,525.650944,0.0
2019-01-02,22,0,90,35.53,35.53,0.0,705.834393,0.0
2019-01-02,22,0,91,126.75,126.75,0.0,2517.999135,0.0
2019-01-02,22,0,92,45.58,45.58,0.0,905.486395,0.0
2019-01-02,22,0,95,36.72,36.72,0.0,1062.052725,0.0
2019-01-02,22,0,96,8.08,8.08,0.0,140.148737,0.0
2019-01-02,22,0,97,49.71,49.71,0.0,862.226945,0.0
2019-01-02,22,0,99,3.55,3.55,0.0,48.936735,0.0
2019-01-02,22,0,101,0.0,0.0,0.0,0.0,0.0
2019-01-02,22,0,102,5.67,5.67,0.0,101.573808,0.0
2019-01-02,22,0,103,4.93,4.93,0.0,88.317261,0.0
2019-01-02,22,0,104,0.91,0.91,0.0,16.301969,0.0
2019-01-02,22,0,106,0.0,0.0,0.0,0.0,0.0
2019-01-02,22,0,109,4.27,4.27,0.0,64.000786,0.0
2019-01-02,22,0,110,32.38,32.38,0.0,244.408883,0.0
2019-01-02,22,0,111,0.0,0.0,0.0,0.0,0.0
2019-01-02,22,0,113,18.32,18.32,0.0,383.860673,0.0
2019-01-02,22,0,115,18.32,18.32,0.0,383.860673,0.0
2019-01-02,22,0,116,0.0,0.0,0.0,0.0,0.0
2019-01-02,22,0,117,1.22,1.22,0.0,25.562774,0.0
2019-01-02,22,0,119,14.24,14.24,0.0,424.470741,0.0
2019-01-02,22,0,120,8.38,8.38,0.0,249.793877,0.0
2019-01-02,22,0,123,0.0,0.0,0.0,0.0,0.0
2019-01-02,22,0,125,33.27,33.27,0.0,575.245827,0.0
2019-01-02,22,0,126,0.0,0.0,0.0,0.0,0.0
2019-01-02,22,0,127,0.0,0.0,0.0,0.0,0.0
2019-01-02,22,0,128,47.65,47.65,0.0,823.87928,0.0
2019-01-02,22,0,131,8.64,8.64,0.0,160.667292,0.0
2019-01-02,22,0,132,12.69,12.69,0.0,235.980086,0.0
2019-01-02,22,0,133,79.58,79.58,0.0,1012.154693,0.0
2019-01-02,22,0,134,0.0,0.0,0.0,0.0,0.0
2019-01-02,22,0,135,106.63,106.63,0.0,1356.195714,0.0
2019-01-02,22,0,136,24.05,24.05,0.0,306.902549,0.0
2019-01-02,22,0,139,33.31,33.31,0.0,528.485894,0.0
2019-01-02,22,0,140,23.96,23.96,0.0,180.853516,0.0
2019-01-02,22,0,141,58.83,58.83,0.0,903.7747,0.0
2019-01-02,22,0,142,0.0,0.0,0.0,0.0,0.0
2019-01-02,22,0,143,2.0,2.0,0.0,34.634156,0.0
2019-01-02,22,0,145,12.71,12.71,0.0,209.10812,0.0
2019-01-02,22,0,146,18.15,18.15,0.0,136.998803,0.0
2019-01-02,22,0,152,0.0,0.0,0.0,0.0,0.0
2019-01-02,22,0,153,0.0,0.0,0.0,0.0,0.0
2019-01-02,22,0,154,0.0,0.0,0.0,0.0,0.0
2019-01-02,22,0,157,20.03,20.03,0.0,307.710475,0.0
2019-01-02,22,0,158,0.0,0.0,0.0,0.0,0.0
2019-01-02,22,0,159,0.0,0.0,0.0,0.0,0.0
2019-01-02,22,0,160,0.0,0.0,0.0,0.0,0.0
2019-01-02,22,0,161,0.0,0.0,0.0,0.0,0.0
2019-01-02,22,0,162,18.73,18.73,0.0,541.84201,0.0
2019-01-02,22,0,163,24.81,24.81,0.0,187.269438,0.0
2019-01-02,22,0,164,0.0,0.0,0.0,0.0,0.0
2019-01-02,22,0,167,0.0,0.0,0.0,0.0,0.0
2019-01-02,22,0,168,0.0,0.0,0.0,0.0,0.0
2019-01-02,22,0,169,0.0,0.0,0.0,0.0,0.0
2019-01-02,22,0,170,0.0,0.0,0.0,0.0,0.0
2019-01-02,22,0,172,0.0,0.0,0.0,0.0,0.0
2019-01-02,22,0,173,0.0,0.0,0.0,0.0,0.0
2019-01-02,22,0,188,0.0,0.0,0.0,0.0,0.0
2019-01-02,22,0,190,0.0,0.0,0.0,0.0,0.0
2019-01-02,22,0,191,0.0,0.0,0.0,0.0,0.0
2019-01-02,22,0,192,15.95,15.95,0.0,475.443,0.0
2019-01-02,22,0,194,9.41,9.41,0.0,224.587671,0.0
2019-01-02,22,0,196,0.0,0.0,0.0,0.0,0.0
2019-01-02,22,0,198,0.0,0.0,0.0,0.0,0.0
2019-01-02,22,0,199,18.68,18.68,0.0,331.680828,0.0
2019-01-02,22,0,200,0.0,0.0,0.0,0.0,0.0
2019-01-02,22,0,204,0.0,0.0,0.0,0.0,0.0
2019-01-02,22,0,205,21.27,21.27,0.0,318.80485,0.0
2019-01-02,22,0,206,146.06,146.06,0.0,2533.431254,0.0
2019-01-02,22,0,210,0.0,0.0,0.0,0.0,0.0
2019-01-02,22,0,214,0.0,0.0,0.0,0.0,0.0
2019-01-02,22,0,217,0.0,0.0,0.0,0.0,0.0
2019-01-02,22,0,218,0.0,0.0,0.0,0.0,0.0
2019-01-02,22,0,219,0.0,0.0,0.0,0.0,0.0
2019-01-02,22,0,221,0.0,0.0,0.0,0.0,0.0
2019-01-02,22,0,225,0.0,0.0,0.0,0.0,0.0
2019-01-02,22,0,233,0.0,0.0,0.0,0.0,0.0
2019-01-02,22,0,236,20.91,20.91,0.0,276.589374,0.0
2019-01-02,22,0,237,44.15,44.15,0.0,608.607568,0.0
2019-01-02,22,0,238,0.0,0.0,0.0,0.0,0.0
2019-01-02,22,0,240,0.0,0.0,0.0,0.0,0.0
2019-01-02,22,0,245,148.88,148.88,0.0,1873.917867,0.0
2019-01-02,22,0,247,66.67,66.67,0.0,839.159754,0.0
2019-01-02,22,0,248,4.43,4.43,0.0,61.067532,0.0
2019-01-02,22,0,249,286.31,286.31,0.0,3603.717252,0.0
2019-01-02,22,0,251,221.53,221.53,0.0,2839.894215,0.0
2019-01-02,22,0,252,118.9,118.9,0.0,1517.045008,0.0
2019-01-02,22,0,254,0.0,0.0,0.0,0.0,0.0
2019-01-02,22,0,255,0.0,0.0,0.0,0.0,0.0
2019-01-02,22,0,258,0.0,0.0,0.0,0.0,0.0
2019-01-02,22,0,260,0.0,0.0,0.0,0.0,0.0
2019-01-02,22,0,265,0.0,0.0,0.0,0.0,0.0
2019-01-02,22,0,266,21.57,21.57,0.0,342.222778,0.0
2019-01-02,22,0,267,26.51,26.51,0.0,420.599251,0.0
2019-01-02,22,0,270,77.48,77.48,0.0,584.830151,0.0
2019-01-02,22,0,272,61.23,61.23,0.0,1282.957915,0.0
2019-01-02,22,0,273,0.0,0.0,0.0,0.0,0.0
2019-01-02,22,0,274,99.88,99.88,0.0,753.908563,0.0
2019-01-02,22,0,275,139.03,139.03,0.0,1049.418377,0.0
2019-01-02,22,0,276,0.0,0.0,0.0,0.0,0.0
2019-01-02,22,0,277,0.0,0.0,0.0,0.0,0.0
2019-01-02,22,0,278,0.0,0.0,0.0,0.0,0.0
2019-01-02,22,0,279,37.07,37.07,0.0,760.572916,0.0
2019-01-02,22,0,281,1.57,1.57,0.0,27.187812,0.0
2019-01-02,22,0,282,0.0,0.0,0.0,0.0,0.0
2019-01-02,23,0,9,0.0,0.0,0.0,0.0,0.0
2019-01-02,23,0,17,0.0,0.0,0.0,0.0,0.0
2019-01-02,23,0,19,281.95,281.95,0.0,3888.47175,0.0
2019-01-02,23,0,20,341.95,341.95,0.0,4715.952881,0.0
2019-01-02,23,0,21,0.0,0.0,0.0,0.0,0.0
2019-01-02,23,0,22,0.0,0.0,0.0,0.0,0.0
2019-01-02,23,0,23,10.37,10.37,0.0,242.318809,0.0
2019-01-02,23,0,24,18.34,18.34,0.0,428.55612,0.0
2019-01-02,23,0,29,0.0,0.0,0.0,0.0,0.0
2019-01-02,23,0,30,0.0,0.0,0.0,0.0,0.0
2019-01-02,23,0,31,1.63,1.63,0.0,38.067763,0.0
2019-01-02,23,0,32,0.0,0.0,0.0,0.0,0.0
2019-01-02,23,0,33,0.0,0.0,0.0,0.0,0.0
2019-01-02,23,0,34,0.0,0.0,0.0,0.0,0.0
2019-01-02,23,0,35,0.0,0.0,0.0,0.0,0.0
2019-01-02,23,0,36,0.0,0.0,0.0,0.0,0.0
2019-01-02,23,0,37,0.0,0.0,0.0,0.0,0.0
2019-01-02,23,0,38,0.0,0.0,0.0,0.0,0.0
2019-01-02,23,0,39,0.0,0.0,0.0,0.0,0.0
2019-01-02,23,0,40,0.0,0.0,0.0,0.0,0.0
2019-01-02,23,0,41,16.43,16.43,0.0,390.556743,0.0
2019-01-02,23,0,42,0.0,0.0,0.0,0.0,0.0
2019-01-02,23,0,43,0.0,0.0,0.0,0.0,0.0
2019-01-02,23,0,46,0.0,0.0,0.0,0.0,0.0
2019-01-02,23,0,52,1.73,1.73,0.0,40.403208,0.0
2019-01-02,23,0,53,2.75,2.75,0.0,64.224753,0.0
2019-01-02,23,0,55,26.01,26.01,0.0,607.783243,0.0
2019-01-02,23,0,56,0.0,0.0,0.0,0.0,0.0
2019-01-02,23,0,57,0.0,0.0,0.0,0.0,0.0
2019-01-02,23,0,58,0.0,0.0,0.0,0.0,0.0
2019-01-02,23,0,59,0.0,0.0,0.0,0.0,0.0
2019-01-02,23,0,63,7.74,7.74,0.0,230.71654,0.0
2019-01-02,23,0,64,9.1,9.1,0.0,271.255881,0.0
2019-01-02,23,0,65,17.71,17.71,0.0,280.105512,0.0
2019-01-02,23,0,67,0.0,0.0,0.0,0.0,0.0
2019-01-02,23,0,68,1.53,1.53,0.0,30.248614,0.0
2019-01-02,23,0,69,0.0,0.0,0.0,0.0,0.0
2019-01-02,23,0,74,13.81,13.81,0.0,324.613424,0.0
2019-01-02,23,0,77,28.28,28.28,0.0,624.298549,0.0
2019-01-02,23,0,78,21.38,21.38,0.0,471.976767,0.0
2019-01-02,23,0,79,12.37,12.37,0.0,273.075426,0.0
2019-01-02,23,0,80,20.0,20.0,0.0,441.512411,0.0
2019-01-02,23,0,81,26.15,26.15,0.0,577.277477,0.0
2019-01-02,23,0,82,18.45,18.45,0.0,407.295199,0.0
2019-01-02,23,0,83,41.14,41.14,0.0,908.191029,0.0
2019-01-02,23,0,84,0.0,0.0,0.0,0.0,0.0
2019-01-02,23,0,86,0.0,0.0,0.0,0.0,0.0
2019-01-02,23,0,87,0.0,0.0,0.0,0.0,0.0
2019-01-02,23,0,88,16.06,16.06,0.0,354.534466,0.0
2019-01-02,23,0,89,15.44,15.44,0.0,340.847581,0.0
2019-01-02,23,0,90,20.73,20.73,0.0,457.627614,0.0
2019-01-02,23,0,91,73.94,73.94,0.0,1632.271382,0.0
2019-01-02,23,0,92,26.59,26.59,0.0,586.99075,0.0
2019-01-02,23,0,95,23.89,23.89,0.0,685.933605,0.0
2019-01-02,23,0,96,4.08,4.08,0.0,95.231449,0.0
2019-01-02,23,0,97,25.11,25.11,0.0,586.093548,0.0
2019-01-02,23,0,99,2.67,2.67,0.0,62.760162,0.0
2019-01-02,23,0,101,0.0,0.0,0.0,0.0,0.0
2019-01-02,23,0,102,3.63,3.63,0.0,71.766318,0.0
2019-01-02,23,0,103,3.16,3.16,0.0,62.474261,0.0
2019-01-02,23,0,104,0.59,0.59,0.0,11.664498,0.0
2019-01-02,23,0,106,0.0,0.0,0.0,0.0,0.0
2019-01-02,23,0,109,6.51,6.51,0.0,160.678156,0.0
2019-01-02,23,0,110,19.99,19.99,0.0,178.818702,0.0
2019-01-02,23,0,111,0.0,0.0,0.0,0.0,0.0
2019-01-02,23,0,113,10.48,10.48,0.0,234.051387,0.0
2019-01-02,23,0,115,10.48,10.48,0.0,234.051387,0.0
2019-01-02,23,0,116,0.0,0.0,0.0,0.0,0.0
2019-01-02,23,0,117,0.7,0.7,0.0,15.633203,0.0
2019-01-02,23,0,119,9.1,9.1,0.0,271.255881,0.0
2019-01-02,23,0,120,5.35,5.35,0.0,159.474611,0.0
2019-01-02,23,0,123,0.0,0.0,0.0,0.0,0.0
2019-01-02,23,0,125,16.6,16.6,0.0,387.897033,0.0
2019-01-02,23,0,126,0.0,0.0,0.0,0.0,0.0
2019-01-02,23,0,127,0.0,0.0,0.0,0.0,0.0
2019-01-02,23,0,128,23.77,23.77,0.0,555.440511,0.0
2019-01-02,23,0,131,5.37,5.37,0.0,109.988337,0.0
2019-01-02,23,0,132,7.89,7.89,0.0,161.602976,0.0
2019-01-02,23,0,133,45.21,45.21,0.0,614.882106,0.0
2019-01-02,23,0,134,0.0,0.0,0.0,0.0,0.0
2019-01-02,23,0,135,60.57,60.57,0.0,823.786976,0.0
2019-01-02,23,0,136,20.05,20.05,0.0,319.344298,0.0
2019-01-02,23,0,139,21.21,21.21,0.0,504.181894,0.0
2019-01-02,23,0,140,14.79,14.79,0.0,132.302581,0.0
2019-01-02,23,0,141,35.8,35.8,0.0,612.381147,0.0
2019-01-02,23,0,142,0.0,0.0,0.0,0.0,0.0
2019-01-02,23,0,143,0.0,0.0,0.0,0.0,0.0
2019-01-02,23,0,145,2.49,2.49,0.0,59.370546,0.0
2019-01-02,23,0,146,0.0,0.0,0.0,0.0,0.0
2019-01-02,23,0,152,0.0,0.0,0.0,0.0,0.0
2019-01-02,23,0,153,0.0,0.0,0.0,0.0,0.0
2019-01-02,23,0,154,0.0,0.0,0.0,0.0,0.0
2019-01-02,23,0,157,10.09,10.09,0.0,172.595692,0.0
2019-01-02,23,0,158,0.0,0.0,0.0,0.0,0.0
2019-01-02,23,0,159,0.0,0.0,0.0,0.0,0.0
2019-01-02,23,0,160,0.0,0.0,0.0,0.0,0.0
2019-01-02,23,0,161,0.0,0.0,0.0,0.0,0.0
2019-01-02,23,0,162,6.86,6.86,0.0,197.03489,0.0
2019-01-02,23,0,163,11.94,11.94,0.0,106.808169,0.0
2019-01-02,23,0,164,0.0,0.0,0.0,0.0,0.0
2019-01-02,23,0,167,0.0,0.0,0.0,0.0,0.0
2019-01-02,23,0,168,0.0,0.0,0.0,0.0,0.0
2019-01-02,23,0,169,0.0,0.0,0.0,0.0,0.0
2019-01-02,23,0,170,0.0,0.0,0.0,0.0,0.0
2019-01-02,23,0,172,0.0,0.0,0.0,0.0,0.0
2019-01-02,23,0,173,0.0,0.0,0.0,0.0,0.0
2019-01-02,23,0,188,0.0,0.0,0.0,0.0,0.0
2019-01-02,23,0,190,0.0,0.0,0.0,0.0,0.0
2019-01-02,23,0,191,0.0,0.0,0.0,0.0,0.0
2019-01-02,23,0,192,7.8,7.8,0.0,232.505041,0.0
2019-01-02,23,0,194,8.11,8.11,0.0,199.156676,0.0
2019-01-02,23,0,196,0.0,0.0,0.0,0.0,0.0
2019-01-02,23,0,198,0.0,0.0,0.0,0.0,0.0
2019-01-02,23,0,199,10.85,10.85,0.0,178.122657,0.0
2019-01-02,23,0,200,0.0,0.0,0.0,0.0,0.0
2019-01-02,23,0,204,0.0,0.0,0.0,0.0,0.0
2019-01-02,23,0,205,34.42,34.42,0.0,849.545642,0.0
2019-01-02,23,0,206,73.79,73.79,0.0,1722.33544,0.0
2019-01-02,23,0,210,0.0,0.0,0.0,0.0,0.0
2019-01-02,23,0,214,0.0,0.0,0.0,0.0,0.0
2019-01-02,23,0,217,0.0,0.0,0.0,0.0,0.0
2019-01-02,23,0,218,0.0,0.0,0.0,0.0,0.0
2019-01-02,23,0,219,0.0,0.0,0.0,0.0,0.0
2019-01-02,23,0,221,0.0,0.0,0.0,0.0,0.0
2019-01-02,23,0,225,0.0,0.0,0.0,0.0,0.0
2019-01-02,23,0,233,0.0,0.0,0.0,0.0,0.0
2019-01-02,23,0,236,18.78,18.78,0.0,422.65689,0.0
2019-01-02,23,0,237,33.13,33.13,0.0,778.743138,0.0
2019-01-02,23,0,238,0.0,0.0,0.0,0.0,0.0
2019-01-02,23,0,240,0.0,0.0,0.0,0.0,0.0
2019-01-02,23,0,245,79.35,79.35,0.0,1187.638308,0.0
2019-01-02,23,0,247,39.24,39.24,0.0,587.308472,0.0
2019-01-02,23,0,248,3.33,3.33,0.0,78.27391,0.0
2019-01-02,23,0,249,152.59,152.59,0.0,2283.827719,0.0
2019-01-02,23,0,251,120.14,120.14,0.0,2050.649233,0.0
2019-01-02,23,0,252,114.25,114.25,0.0,1807.004786,0.0
2019-01-02,23,0,254,0.0,0.0,0.0,0.0,0.0
2019-01-02,23,0,255,0.0,0.0,0.0,0.0,0.0
2019-01-02,23,0,258,0.0,0.0,0.0,0.0,0.0
2019-01-02,23,0,260,0.0,0.0,0.0,0.0,0.0
2019-01-02,23,0,265,0.0,0.0,0.0,0.0,0.0
2019-01-02,23,0,266,13.74,13.74,0.0,326.612882,0.0
2019-01-02,23,0,267,16.88,16.88,0.0,401.253671,0.0
2019-01-02,23,0,270,37.29,37.29,0.0,333.574257,0.0
2019-01-02,23,0,272,35.02,35.02,0.0,782.10683,0.0
2019-01-02,23,0,273,0.0,0.0,0.0,0.0,0.0
2019-01-02,23,0,274,48.07,48.07,0.0,430.005753,0.0
2019-01-02,23,0,275,66.91,66.91,0.0,598.537236,0.0
2019-01-02,23,0,276,0.0,0.0,0.0,0.0,0.0
2019-01-02,23,0,277,0.0,0.0,0.0,0.0,0.0
2019-01-02,23,0,278,0.0,0.0,0.0,0.0,0.0
2019-01-02,23,0,279,24.95,24.95,0.0,554.636027,0.0
2019-01-02,23,0,281,0.73,0.73,0.0,17.048753,0.0
2019-01-02,23,0,282,0.0,0.0,0.0,0.0,0.0
2019-01-03,0,0,9,0.0,0.0,0.0,0.0,0.0
2019-01-03,0,0,17,0.0,0.0,0.0,0.0,0.0
2019-01-03,0,0,19,176.39,176.39,0.0,2776.181169,0.0
2019-01-03,0,0,20,213.93,213.93,0.0,3367.018751,0.0
2019-01-03,0,0,21,0.0,0.0,0.0,0.0,0.0
2019-01-03,0,0,22,0.0,0.0,0.0,0.0,0.0
2019-01-03,0,0,23,4.76,4.76,0.0,111.853722,0.0
2019-01-03,0,0,24,8.42,8.42,0.0,197.858895,0.0
2019-01-03,0,0,29,0.0,0.0,0.0,0.0,0.0
2019-01-03,0,0,30,0.0,0.0,0.0,0.0,0.0
2019-01-03,0,0,31,0.0,0.0,0.0,0.0,0.0
2019-01-03,0,0,32,0.0,0.0,0.0,0.0,0.0
2019-01-03,0,0,33,0.0,0.0,0.0,0.0,0.0
2019-01-03,0,0,34,0.0,0.0,0.0,0.0,0.0
2019-01-03,0,0,35,0.0,0.0,0.0,0.0,0.0
2019-01-03,0,0,36,0.0,0.0,0.0,0.0,0.0
2019-01-03,0,0,37,0.0,0.0,0.0,0.0,0.0
2019-01-03,0,0,38,0.0,0.0,0.0,0.0,0.0
2019-01-03,0,0,39,0.0,0.0,0.0,0.0,0.0
2019-01-03,0,0,40,0.0,0.0,0.0,0.0,0.0
2019-01-03,0,0,41,10.91,10.91,0.0,233.031719,0.0
2019-01-03,0,0,42,0.0,0.0,0.0,0.0,0.0
2019-01-03,0,0,43,0.0,0.0,0.0,0.0,0.0
2019-01-03,0,0,46,0.0,0.0,0.0,0.0,0.0
2019-01-03,0,0,52,0.0,0.0,0.0,0.0,0.0
2019-01-03,0,0,53,0.0,0.0,0.0,0.0,0.0
2019-01-03,0,0,55,13.47,13.47,0.0,316.527235,0.0
2019-01-03,0,0,56,0.0,0.0,0.0,0.0,0.0
2019-01-03,0,0,57,0.0,0.0,0.0,0.0,0.0
2019-01-03,0,0,58,0.0,0.0,0.0,0.0,0.0
2019-01-03,0,0,59,0.0,0.0,0.0,0.0,0.0
2019-01-03,0,0,63,7.7,7.7,0.0,229.524207,0.0
2019-01-03,0,0,64,9.06,9.06,0.0,270.063547,0.0
2019-01-03,0,0,65,17.83,17.83,0.0,282.00346,0.0
2019-01-03,0,0,67,0.0,0.0,0.0,0.0,0.0
2019-01-03,0,0,68,1.17,1.17,0.0,32.414426,0.0
2019-01-03,0,0,69,0.0,0.0,0.0,0.0,0.0
2019-01-03,0,0,74,10.15,10.15,0.0,181.832444,0.0
2019-01-03,0,0,77,17.61,17.61,0.0,478.602686,0.0
2019-01-03,0,0,78,13.31,13.31,0.0,361.737748,0.0
2019-01-03,0,0,79,7.7,7.7,0.0,209.269772,0.0
2019-01-03,0,0,80,12.46,12.46,0.0,338.63654,0.0
2019-01-03,0,0,81,16.29,16.29,0.0,442.727868,0.0
2019-01-03,0,0,82,11.49,11.49,0.0,312.273984,0.0
2019-01-03,0,0,83,25.62,25.62,0.0,696.297604,0.0
2019-01-03,0,0,84,0.0,0.0,0.0,0.0,0.0
2019-01-03,0,0,86,0.0,0.0,0.0,0.0,0.0
2019-01-03,0,0,87,0.0,0.0,0.0,0.0,0.0
2019-01-03,0,0,88,11.2,11.2,0.0,304.392395,0.0
2019-01-03,0,0,89,10.76,10.76,0.0,292.434123,0.0
2019-01-03,0,0,90,14.45,14.45,0.0,392.720546,0.0
2019-01-03,0,0,91,51.55,51.55,0.0,1401.020355,0.0
2019-01-03,0,0,92,18.54,18.54,0.0,503.878126,0.0
2019-01-03,0,0,95,8.17,8.17,0.0,248.676624,0.0
2019-01-03,0,0,96,1.93,1.93,0.0,45.504686,0.0
2019-01-03,0,0,97,11.86,11.86,0.0,279.629829,0.0
2019-01-03,0,0,99,1.96,1.96,0.0,35.112472,0.0
2019-01-03,0,0,101,0.0,0.0,0.0,0.0,0.0
2019-01-03,0,0,102,2.77,2.77,0.0,76.741845,0.0
2019-01-03,0,0,103,2.41,2.41,0.0,66.768176,0.0
2019-01-03,0,0,104,0.45,0.45,0.0,12.467087,0.0
2019-01-03,0,0,106,0.0,0.0,0.0,0.0,0.0
2019-01-03,0,0,109,11.98,11.98,0.0,242.783769,0.0
2019-01-03,0,0,110,15.12,15.12,0.0,439.540635,0.0
2019-01-03,0,0,111,0.0,0.0,0.0,0.0,0.0
2019-01-03,0,0,113,8.74,8.74,0.0,244.023412,0.0
2019-01-03,0,0,115,8.74,8.74,0.0,244.023412,0.0
2019-01-03,0,0,116,0.0,0.0,0.0,0.0,0.0
2019-01-03,0,0,117,0.58,0.58,0.0,16.193773,0.0
2019-01-03,0,0,119,9.06,9.06,0.0,270.063547,0.0
2019-01-03,0,0,120,5.33,5.33,0.0,158.878445,0.0
2019-01-03,0,0,123,0.0,0.0,0.0,0.0,0.0
2019-01-03,0,0,125,7.62,7.62,0.0,179.05995,0.0
2019-01-03,0,0,126,0.0,0.0,0.0,0.0,0.0
2019-01-03,0,0,127,0.0,0.0,0.0,0.0,0.0
2019-01-03,0,0,128,10.91,10.91,0.0,256.370611,0.0
2019-01-03,0,0,131,3.58,3.58,0.0,98.861215,0.0
2019-01-03,0,0,132,5.26,5.26,0.0,145.254187,0.0
2019-01-03,0,0,133,26.81,26.81,0.0,421.764003,0.0
2019-01-03,0,0,134,0.0,0.0,0.0,0.0,0.0
2019-01-03,0,0,135,35.92,35.92,0.0,565.078814,0.0
2019-01-03,0,0,136,17.14,17.14,0.0,271.163045,0.0
2019-01-03,0,0,139,14.09,14.09,0.0,300.954805,0.0
2019-01-03,0,0,140,11.19,11.19,0.0,325.294954,0.0
2019-01-03,0,0,141,21.01,21.01,0.0,589.136747,0.0
2019-01-03,0,0,142,0.0,0.0,0.0,0.0,0.0
2019-01-03,0,0,143,0.0,0.0,0.0,0.0,0.0
2019-01-03,0,0,145,1.2,1.2,0.0,26.784583,0.0
2019-01-03,0,0,146,0.0,0.0,0.0,0.0,0.0
2019-01-03,0,0,152,0.0,0.0,0.0,0.0,0.0
2019-01-03,0,0,153,0.0,0.0,0.0,0.0,0.0
2019-01-03,0,0,154,0.0,0.0,0.0,0.0,0.0
2019-01-03,0,0,157,0.0,0.0,0.0,0.0,0.0
2019-01-03,0,0,158,0.0,0.0,0.0,0.0,0.0
2019-01-03,0,0,159,0.0,0.0,0.0,0.0,0.0
2019-01-03,0,0,160,0.0,0.0,0.0,0.0,0.0
2019-01-03,0,0,161,0.0,0.0,0.0,0.0,0.0
2019-01-03,0,0,162,5.0,5.0,0.0,152.132496,0.0
2019-01-03,0,0,163,8.58,8.58,0.0,249.421868,0.0
2019-01-03,0,0,164,0.0,0.0,0.0,0.0,0.0
2019-01-03,0,0,167,0.0,0.0,0.0,0.0,0.0
2019-01-03,0,0,168,0.0,0.0,0.0,0.0,0.0
2019-01-03,0,0,169,0.0,0.0,0.0,0.0,0.0
2019-01-03,0,0,170,0.0,0.0,0.0,0.0,0.0
2019-01-03,0,0,172,0.0,0.0,0.0,0.0,0.0
2019-01-03,0,0,173,0.0,0.0,0.0,0.0,0.0
2019-01-03,0,0,188,0.0,0.0,0.0,0.0,0.0
2019-01-03,0,0,190,0.0,0.0,0.0,0.0,0.0
2019-01-03,0,0,191,0.0,0.0,0.0,0.0,0.0
2019-01-03,0,0,192,11.58,11.58,0.0,345.180561,0.0
2019-01-03,0,0,194,9.06,9.06,0.0,256.966628,0.0
2019-01-03,0,0,196,0.0,0.0,0.0,0.0,0.0
2019-01-03,0,0,198,0.0,0.0,0.0,0.0,0.0
2019-01-03,0,0,199,3.41,3.41,0.0,68.64887,0.0
2019-01-03,0,0,200,0.0,0.0,0.0,0.0,0.0
2019-01-03,0,0,204,35.36,35.36,0.0,724.057726,0.0
2019-01-03,0,0,205,63.35,63.35,0.0,1283.835705,0.0
2019-01-03,0,0,206,34.85,34.85,0.0,821.677871,0.0
2019-01-03,0,0,210,0.0,0.0,0.0,0.0,0.0
2019-01-03,0,0,214,0.0,0.0,0.0,0.0,0.0
2019-01-03,0,0,217,0.0,0.0,0.0,0.0,0.0
2019-01-03,0,0,218,0.0,0.0,0.0,0.0,0.0
2019-01-03,0,0,219,0.0,0.0,0.0,0.0,0.0
2019-01-03,0,0,221,0.0,0.0,0.0,0.0,0.0
2019-01-03,0,0,225,0.0,0.0,0.0,0.0,0.0
2019-01-03,0,0,233,0.0,0.0,0.0,0.0,0.0
2019-01-03,0,0,236,17.35,17.35,0.0,291.643592,0.0
2019-01-03,0,0,237,24.34,24.34,0.0,436.039574,0.0
2019-01-03,0,0,238,0.0,0.0,0.0,0.0,0.0
2019-01-03,0,0,240,0.0,0.0,0.0,0.0,0.0
2019-01-03,0,0,245,31.56,31.56,0.0,487.741758,0.0
2019-01-03,0,0,247,25.04,25.04,0.0,386.978886,0.0
2019-01-03,0,0,248,2.44,2.44,0.0,43.711445,0.0
2019-01-03,0,0,249,59.13,59.13,0.0,913.820348,0.0
2019-01-03,0,0,251,140.22,140.22,0.0,2235.560612,0.0
2019-01-03,0,0,252,115.03,115.03,0.0,1819.341449,0.0
2019-01-03,0,0,254,0.0,0.0,0.0,0.0,0.0
2019-01-03,0,0,255,0.0,0.0,0.0,0.0,0.0
2019-01-03,0,0,258,0.0,0.0,0.0,0.0,0.0
2019-01-03,0,0,260,0.0,0.0,0.0,0.0,0.0
2019-01-03,0,0,265,0.0,0.0,0.0,0.0,0.0
2019-01-03,0,0,266,9.12,9.12,0.0,194.798284,0.0
2019-01-03,0,0,267,11.21,11.21,0.0,239.439557,0.0
2019-01-03,0,0,270,26.79,26.79,0.0,778.78926,0.0
2019-01-03,0,0,272,29.19,29.19,0.0,814.993525,0.0
2019-01-03,0,0,273,0.0,0.0,0.0,0.0,0.0
2019-01-03,0,0,274,34.53,34.53,0.0,1003.792205,0.0
2019-01-03,0,0,275,48.07,48.07,0.0,1397.402006,0.0
2019-01-03,0,0,276,0.0,0.0,0.0,0.0,0.0
2019-01-03,0,0,277,0.0,0.0,0.0,0.0,0.0
2019-01-03,0,0,278,0.0,0.0,0.0,0.0,0.0
2019-01-03,0,0,279,23.11,23.11,0.0,638.359584,0.0
2019-01-03,0,0,281,0.0,0.0,0.0,0.0,0.0
2019-01-03,0,0,282,0.0,0.0,0.0,0.0,0.0
2019-01-03,1,0,9,0.0,0.0,0.0,0.0,0.0
2019-01-03,1,0,17,0.0,0.0,0.0,0.0,0.0
2019-01-03,1,0,19,175.19,175.19,0.0,2504.770038,0.0
2019-01-03,1,0,20,212.47,212.47,0.0,3037.778925,0.0
2019-01-03,1,0,21,0.0,0.0,0.0,0.0,0.0
2019-01-03,1,0,22,0.0,0.0,0.0,0.0,0.0
2019-01-03,1,0,23,2.41,2.41,0.0,44.459409,0.0
2019-01-03,1,0,24,4.26,4.26,0.0,78.588001,0.0
2019-01-03,1,0,29,0.0,0.0,0.0,0.0,0.0
2019-01-03,1,0,30,0.0,0.0,0.0,0.0,0.0
2019-01-03,1,0,31,0.0,0.0,0.0,0.0,0.0
2019-01-03,1,0,32,0.0,0.0,0.0,0.0,0.0
2019-01-03,1,0,33,0.0,0.0,0.0,0.0,0.0
2019-01-03,1,0,34,0.0,0.0,0.0,0.0,0.0
2019-01-03,1,0,35,0.0,0.0,0.0,0.0,0.0
2019-01-03,1,0,36,0.0,0.0,0.0,0.0,0.0
2019-01-03,1,0,37,0.0,0.0,0.0,0.0,0.0
2019-01-03,1,0,38,0.0,0.0,0.0,0.0,0.0
2019-01-03,1,0,39,0.0,0.0,0.0,0.0,0.0
2019-01-03,1,0,40,0.0,0.0,0.0,0.0,0.0
2019-01-03,1,0,41,8.35,8.35,0.0,144.31918,0.0
2019-01-03,1,0,42,0.0,0.0,0.0,0.0,0.0
2019-01-03,1,0,43,0.0,0.0,0.0,0.0,0.0
2019-01-03,1,0,46,0.0,0.0,0.0,0.0,0.0
2019-01-03,1,0,52,0.0,0.0,0.0,0.0,0.0
2019-01-03,1,0,53,0.0,0.0,0.0,0.0,0.0
2019-01-03,1,0,55,0.0,0.0,0.0,0.0,0.0
2019-01-03,1,0,56,0.0,0.0,0.0,0.0,0.0
2019-01-03,1,0,57,0.0,0.0,0.0,0.0,0.0
2019-01-03,1,0,58,0.0,0.0,0.0,0.0,0.0
2019-01-03,1,0,59,0.0,0.0,0.0,0.0,0.0
2019-01-03,1,0,63,11.81,11.81,0.0,352.036478,0.0
2019-01-03,1,0,64,13.89,13.89,0.0,414.037823,0.0
2019-01-03,1,0,65,18.69,18.69,0.0,267.972916,0.0
2019-01-03,1,0,67,0.0,0.0,0.0,0.0,0.0
2019-01-03,1,0,68,1.2,1.2,0.0,22.341902,0.0
2019-01-03,1,0,69,0.0,0.0,0.0,0.0,0.0
2019-01-03,1,0,74,7.38,7.38,0.0,113.908774,0.0
2019-01-03,1,0,77,14.13,14.13,0.0,289.174266,0.0
2019-01-03,1,0,78,10.68,10.68,0.0,218.569085,0.0
2019-01-03,1,0,79,6.18,6.18,0.0,126.475369,0.0
2019-01-03,1,0,80,10.0,10.0,0.0,204.652701,0.0
2019-01-03,1,0,81,13.07,13.07,0.0,267.48108,0.0
2019-01-03,1,0,82,9.22,9.22,0.0,188.68979,0.0
2019-01-03,1,0,83,20.56,20.56,0.0,420.765953,0.0
2019-01-03,1,0,84,0.0,0.0,0.0,0.0,0.0
2019-01-03,1,0,86,0.0,0.0,0.0,0.0,0.0
2019-01-03,1,0,87,0.0,0.0,0.0,0.0,0.0
2019-01-03,1,0,88,11.26,11.26,0.0,230.438941,0.0
2019-01-03,1,0,89,10.82,10.82,0.0,221.434222,0.0
2019-01-03,1,0,90,14.53,14.53,0.0,297.360374,0.0
2019-01-03,1,0,91,51.84,51.84,0.0,1060.919601,0.0
2019-01-03,1,0,92,18.64,18.64,0.0,381.472634,0.0
2019-01-03,1,0,95,5.97,5.97,0.0,173.440634,0.0
2019-01-03,1,0,96,1.01,1.01,0.0,18.676011,0.0
2019-01-03,1,0,97,6.19,6.19,0.0,114.45991,0.0
2019-01-03,1,0,99,1.43,1.43,0.0,22.071754,0.0
2019-01-03,1,0,101,0.0,0.0,0.0,0.0,0.0
2019-01-03,1,0,102,2.84,2.84,0.0,52.875835,0.0
2019-01-03,1,0,103,2.47,2.47,0.0,45.987082,0.0
2019-01-03,1,0,104,0.46,0.46,0.0,8.564396,0.0
2019-01-03,1,0,106,0.0,0.0,0.0,0.0,0.0
2019-01-03,1,0,109,23.13,23.13,0.0,385.589995,0.0
2019-01-03,1,0,110,15.8,15.8,0.0,141.337443,0.0
2019-01-03,1,0,111,0.0,0.0,0.0,0.0,0.0
2019-01-03,1,0,113,6.94,6.94,0.0,148.478911,0.0
2019-01-03,1,0,115,6.94,6.94,0.0,148.478911,0.0
2019-01-03,1,0,116,0.0,0.0,0.0,0.0,0.0
2019-01-03,1,0,117,0.47,0.47,0.0,10.055488,0.0
2019-01-03,1,0,119,13.89,13.89,0.0,414.037823,0.0
2019-01-03,1,0,120,8.17,8.17,0.0,243.534126,0.0
2019-01-03,1,0,123,0.0,0.0,0.0,0.0,0.0
2019-01-03,1,0,125,3.86,3.86,0.0,71.208846,0.0
2019-01-03,1,0,126,0.0,0.0,0.0,0.0,0.0
2019-01-03,1,0,127,0.0,0.0,0.0,0.0,0.0
2019-01-03,1,0,128,5.52,5.52,0.0,101.832339,0.0
2019-01-03,1,0,131,2.95,2.95,0.0,56.799813,0.0
2019-01-03,1,0,132,4.34,4.34,0.0,83.563115,0.0
2019-01-03,1,0,133,19.61,19.61,0.0,280.298473,0.0
2019-01-03,1,0,134,0.0,0.0,0.0,0.0,0.0
2019-01-03,1,0,135,26.27,26.27,0.0,375.494181,0.0
2019-01-03,1,0,136,15.1,15.1,0.0,216.533747,0.0
2019-01-03,1,0,139,10.79,10.79,0.0,186.491491,0.0
2019-01-03,1,0,140,11.69,11.69,0.0,104.571817,0.0
2019-01-03,1,0,141,12.69,12.69,0.0,206.049272,0.0
2019-01-03,1,0,142,0.0,0.0,0.0,0.0,0.0
2019-01-03,1,0,143,4.88,4.88,0.0,90.128805,0.0
2019-01-03,1,0,145,0.82,0.82,0.0,14.59622,0.0
2019-01-03,1,0,146,0.0,0.0,0.0,0.0,0.0
2019-01-03,1,0,152,0.0,0.0,0.0,0.0,0.0
2019-01-03,1,0,153,0.0,0.0,0.0,0.0,0.0
2019-01-03,1,0,154,0.0,0.0,0.0,0.0,0.0
2019-01-03,1,0,157,0.0,0.0,0.0,0.0,0.0
2019-01-03,1,0,158,0.0,0.0,0.0,0.0,0.0
2019-01-03,1,0,159,0.0,0.0,0.0,0.0,0.0
2019-01-03,1,0,160,0.0,0.0,0.0,0.0,0.0
2019-01-03,1,0,161,0.0,0.0,0.0,0.0,0.0
2019-01-03,1,0,162,3.82,3.82,0.0,110.995381,0.0
2019-01-03,1,0,163,12.35,12.35,0.0,110.475786,0.0
2019-01-03,1,0,164,0.0,0.0,0.0,0.0,0.0
2019-01-03,1,0,167,0.0,0.0,0.0,0.0,0.0
2019-01-03,1,0,168,0.0,0.0,0.0,0.0,0.0
2019-01-03,1,0,169,0.0,0.0,0.0,0.0,0.0
2019-01-03,1,0,170,0.0,0.0,0.0,0.0,0.0
2019-01-03,1,0,172,0.0,0.0,0.0,0.0,0.0
2019-01-03,1,0,173,0.0,0.0,0.0,0.0,0.0
2019-01-03,1,0,188,0.0,0.0,0.0,0.0,0.0
2019-01-03,1,0,190,0.0,0.0,0.0,0.0,0.0
2019-01-03,1,0,191,0.0,0.0,0.0,0.0,0.0
2019-01-03,1,0,192,31.41,31.41,0.0,936.279914,0.0
2019-01-03,1,0,194,12.51,12.51,0.0,300.667636,0.0
2019-01-03,1,0,196,0.0,0.0,0.0,0.0,0.0
2019-01-03,1,0,198,0.0,0.0,0.0,0.0,0.0
2019-01-03,1,0,199,6.34,6.34,0.0,97.694382,0.0
2019-01-03,1,0,200,0.0,0.0,0.0,0.0,0.0
2019-01-03,1,0,204,89.76,89.76,0.0,1506.407056,0.0
2019-01-03,1,0,205,122.36,122.36,0.0,2039.809416,0.0
2019-01-03,1,0,206,18.2,18.2,0.0,336.538023,0.0
2019-01-03,1,0,210,0.0,0.0,0.0,0.0,0.0
2019-01-03,1,0,214,0.0,0.0,0.0,0.0,0.0
2019-01-03,1,0,217,0.0,0.0,0.0,0.0,0.0
2019-01-03,1,0,218,0.0,0.0,0.0,0.0,0.0
2019-01-03,1,0,219,0.0,0.0,0.0,0.0,0.0
2019-01-03,1,0,221,0.0,0.0,0.0,0.0,0.0
2019-01-03,1,0,225,0.0,0.0,0.0,0.0,0.0
2019-01-03,1,0,233,0.0,0.0,0.0,0.0,0.0
2019-01-03,1,0,236,16.41,16.41,0.0,243.77009,0.0
2019-01-03,1,0,237,17.71,17.71,0.0,273.350188,0.0
2019-01-03,1,0,238,0.0,0.0,0.0,0.0,0.0
2019-01-03,1,0,240,0.0,0.0,0.0,0.0,0.0
2019-01-03,1,0,245,14.6,14.6,0.0,206.577977,0.0
2019-01-03,1,0,247,20.61,20.61,0.0,291.614528,0.0
2019-01-03,1,0,248,1.78,1.78,0.0,27.473932,0.0
2019-01-03,1,0,249,28.07,28.07,0.0,397.167384,0.0
2019-01-03,1,0,251,167.61,167.61,0.0,2414.249432,0.0
2019-01-03,1,0,252,120.59,120.59,0.0,1728.99165,0.0
2019-01-03,1,0,254,0.0,0.0,0.0,0.0,0.0
2019-01-03,1,0,255,0.0,0.0,0.0,0.0,0.0
2019-01-03,1,0,258,0.0,0.0,0.0,0.0,0.0
2019-01-03,1,0,260,0.0,0.0,0.0,0.0,0.0
2019-01-03,1,0,265,0.0,0.0,0.0,0.0,0.0
2019-01-03,1,0,266,6.98,6.98,0.0,120.640464,0.0
2019-01-03,1,0,267,8.58,8.58,0.0,148.294438,0.0
2019-01-03,1,0,270,38.56,38.56,0.0,344.934925,0.0
2019-01-03,1,0,272,23.15,23.15,0.0,495.286279,0.0
2019-01-03,1,0,273,0.0,0.0,0.0,0.0,0.0
2019-01-03,1,0,274,49.7,49.7,0.0,444.586768,0.0
2019-01-03,1,0,275,69.19,69.19,0.0,618.932766,0.0
2019-01-03,1,0,276,0.0,0.0,0.0,0.0,0.0
2019-01-03,1,0,277,0.0,0.0,0.0,0.0,0.0
2019-01-03,1,0,278,0.0,0.0,0.0,0.0,0.0
2019-01-03,1,0,279,30.73,30.73,0.0,646.007597,0.0
2019-01-03,1,0,281,0.0,0.0,0.0,0.0,0.0
2019-01-03,1,0,282,0.0,0.0,0.0,0.0,0.0
2019-01-03,2,0,9,0.0,0.0,0.0,0.0,0.0
2019-01-03,2,0,17,0.0,0.0,0.0,0.0,0.0
2019-01-03,2,0,19,56.54,56.54,0.0,839.829987,0.0
2019-01-03,2,0,20,68.57,68.57,0.0,1018.520379,0.0
2019-01-03,2,0,21,0.0,0.0,0.0,0.0,0.0
2019-01-03,2,0,22,0.0,0.0,0.0,0.0,0.0
2019-01-03,2,0,23,5.3,5.3,0.0,100.37932,0.0
2019-01-03,2,0,24,9.38,9.38,0.0,177.652457,0.0
2019-01-03,2,0,29,0.0,0.0,0.0,0.0,0.0
2019-01-03,2,0,30,0.0,0.0,0.0,0.0,0.0
2019-01-03,2,0,31,0.0,0.0,0.0,0.0,0.0
2019-01-03,2,0,32,0.0,0.0,0.0,0.0,0.0
2019-01-03,2,0,33,0.0,0.0,0.0,0.0,0.0
2019-01-03,2,0,34,0.0,0.0,0.0,0.0,0.0
2019-01-03,2,0,35,0.0,0.0,0.0,0.0,0.0
2019-01-03,2,0,36,0.0,0.0,0.0,0.0,0.0
2019-01-03,2,0,37,0.0,0.0,0.0,0.0,0.0
2019-01-03,2,0,38,0.0,0.0,0.0,0.0,0.0
2019-01-03,2,0,39,0.0,0.0,0.0,0.0,0.0
2019-01-03,2,0,40,0.0,0.0,0.0,0.0,0.0
2019-01-03,2,0,41,6.63,6.63,0.0,119.699075,0.0
2019-01-03,2,0,42,0.0,0.0,0.0,0.0,0.0
2019-01-03,2,0,43,0.0,0.0,0.0,0.0,0.0
2019-01-03,2,0,46,0.0,0.0,0.0,0.0,0.0
2019-01-03,2,0,52,0.0,0.0,0.0,0.0,0.0
2019-01-03,2,0,53,0.0,0.0,0.0,0.0,0.0
2019-01-03,2,0,55,0.0,0.0,0.0,0.0,0.0
2019-01-03,2,0,56,0.0,0.0,0.0,0.0,0.0
2019-01-03,2,0,57,0.0,0.0,0.0,0.0,0.0
2019-01-03,2,0,58,0.0,0.0,0.0,0.0,0.0
2019-01-03,2,0,59,0.0,0.0,0.0,0.0,0.0
2019-01-03,2,0,63,23.4,23.4,0.0,697.515122,0.0
2019-01-03,2,0,64,27.53,27.53,0.0,820.623561,0.0
2019-01-03,2,0,65,7.97,7.97,0.0,118.810161,0.0
2019-01-03,2,0,67,0.0,0.0,0.0,0.0,0.0
2019-01-03,2,0,68,1.72,1.72,0.0,31.283683,0.0
2019-01-03,2,0,69,0.0,0.0,0.0,0.0,0.0
2019-01-03,2,0,74,4.91,4.91,0.0,80.117474,0.0
2019-01-03,2,0,77,21.22,21.22,0.0,430.319382,0.0
2019-01-03,2,0,78,16.04,16.04,0.0,325.274405,0.0
2019-01-03,2,0,79,9.28,9.28,0.0,188.188683,0.0
2019-01-03,2,0,80,15.01,15.01,0.0,304.387084,0.0
2019-01-03,2,0,81,19.63,19.63,0.0,398.075846,0.0
2019-01-03,2,0,82,13.84,13.84,0.0,280.660709,0.0
2019-01-03,2,0,83,30.87,30.87,0.0,626.011277,0.0
2019-01-03,2,0,84,0.0,0.0,0.0,0.0,0.0
2019-01-03,2,0,86,0.0,0.0,0.0,0.0,0.0
2019-01-03,2,0,87,0.0,0.0,0.0,0.0,0.0
2019-01-03,2,0,88,15.79,15.79,0.0,320.204667,0.0
2019-01-03,2,0,89,15.18,15.18,0.0,307.834506,0.0
2019-01-03,2,0,90,20.39,20.39,0.0,413.487851,0.0
2019-01-03,2,0,91,72.72,72.72,0.0,1474.685458,0.0
2019-01-03,2,0,92,26.15,26.15,0.0,530.29462,0.0
2019-01-03,2,0,95,5.66,5.66,0.0,163.545368,0.0
2019-01-03,2,0,96,1.48,1.48,0.0,28.073605,0.0
2019-01-03,2,0,97,9.08,9.08,0.0,172.235362,0.0
2019-01-03,2,0,99,0.95,0.95,0.0,15.501344,0.0
2019-01-03,2,0,101,0.0,0.0,0.0,0.0,0.0
2019-01-03,2,0,102,4.07,4.07,0.0,74.025924,0.0
2019-01-03,2,0,103,3.54,3.54,0.0,64.386184,0.0
2019-01-03,2,0,104,0.66,0.66,0.0,12.004204,0.0
2019-01-03,2,0,106,0.0,0.0,0.0,0.0,0.0
2019-01-03,2,0,109,20.13,20.13,0.0,358.690869,0.0
2019-01-03,2,0,110,0.0,0.0,0.0,0.0,0.0
2019-01-03,2,0,111,0.0,0.0,0.0,0.0,0.0
2019-01-03,2,0,113,10.91,10.91,0.0,230.280644,0.0
2019-01-03,2,0,115,10.91,10.91,0.0,230.280644,0.0
2019-01-03,2,0,116,0.0,0.0,0.0,0.0,0.0
2019-01-03,2,0,117,0.58,0.58,0.0,12.242234,0.0
2019-01-03,2,0,119,27.53,27.53,0.0,820.623561,0.0
2019-01-03,2,0,120,16.19,16.19,0.0,482.597001,0.0
2019-01-03,2,0,123,0.0,0.0,0.0,0.0,0.0
2019-01-03,2,0,125,8.48,8.48,0.0,160.606912,0.0
2019-01-03,2,0,126,0.0,0.0,0.0,0.0,0.0
2019-01-03,2,0,127,0.0,0.0,0.0,0.0,0.0
2019-01-03,2,0,128,12.15,12.15,0.0,230.114857,0.0
2019-01-03,2,0,131,4.47,4.47,0.0,84.428004,0.0
2019-01-03,2,0,132,6.57,6.57,0.0,124.092167,0.0
2019-01-03,2,0,133,11.91,11.91,0.0,176.847978,0.0
2019-01-03,2,0,134,0.0,0.0,0.0,0.0,0.0
2019-01-03,2,0,135,15.96,15.96,0.0,236.9852,0.0
2019-01-03,2,0,136,5.67,5.67,0.0,84.5403,0.0
2019-01-03,2,0,139,8.57,8.57,0.0,154.724143,0.0
2019-01-03,2,0,140,0.0,0.0,0.0,0.0,0.0
2019-01-03,2,0,141,22.79,22.79,0.0,354.817111,0.0
2019-01-03,2,0,142,0.0,0.0,0.0,0.0,0.0
2019-01-03,2,0,143,0.0,0.0,0.0,0.0,0.0
2019-01-03,2,0,145,1.02,1.02,0.0,18.900374,0.0
2019-01-03,2,0,146,0.0,0.0,0.0,0.0,0.0
2019-01-03,2,0,152,0.0,0.0,0.0,0.0,0.0
2019-01-03,2,0,153,0.0,0.0,0.0,0.0,0.0
2019-01-03,2,0,154,0.0,0.0,0.0,0.0,0.0
2019-01-03,2,0,157,0.0,0.0,0.0,0.0,0.0
2019-01-03,2,0,158,0.0,0.0,0.0,0.0,0.0
2019-01-03,2,0,159,0.0,0.0,0.0,0.0,0.0
2019-01-03,2,0,160,0.0,0.0,0.0,0.0,0.0
2019-01-03,2,0,161,0.0,0.0,0.0,0.0,0.0
2019-01-03,2,0,162,6.41,6.41,0.0,185.25806,0.0
2019-01-03,2,0,163,24.13,24.13,0.0,182.1367,0.0
2019-01-03,2,0,164,0.0,0.0,0.0,0.0,0.0
2019-01-03,2,0,167,0.0,0.0,0.0,0.0,0.0
2019-01-03,2,0,168,0.0,0.0,0.0,0.0,0.0
2019-01-03,2,0,169,0.0,0.0,0.0,0.0,0.0
2019-01-03,2,0,170,0.0,0.0,0.0,0.0,0.0
2019-01-03,2,0,172,0.0,0.0,0.0,0.0,0.0
2019-01-03,2,0,173,0.0,0.0,0.0,0.0,0.0
2019-01-03,2,0,188,0.0,0.0,0.0,0.0,0.0
2019-01-03,2,0,190,0.0,0.0,0.0,0.0,0.0
2019-01-03,2,0,191,0.0,0.0,0.0,0.0,0.0
2019-01-03,2,0,192,39.37,39.37,0.0,1173.554289,0.0
2019-01-03,2,0,194,16.2,16.2,0.0,386.042482,0.0
2019-01-03,2,0,196,0.0,0.0,0.0,0.0,0.0
2019-01-03,2,0,198,0.0,0.0,0.0,0.0,0.0
2019-01-03,2,0,199,3.24,3.24,0.0,49.700168,0.0
2019-01-03,2,0,200,0.0,0.0,0.0,0.0,0.0
2019-01-03,2,0,204,75.22,75.22,0.0,1349.40533,0.0
2019-01-03,2,0,205,98.84,98.84,0.0,1761.202459,0.0
2019-01-03,2,0,206,26.68,26.68,0.0,506.083641,0.0
2019-01-03,2,0,210,0.0,0.0,0.0,0.0,0.0
2019-01-03,2,0,214,0.0,0.0,0.0,0.0,0.0
2019-01-03,2,0,217,0.0,0.0,0.0,0.0,0.0
2019-01-03,2,0,218,0.0,0.0,0.0,0.0,0.0
2019-01-03,2,0,219,0.0,0.0,0.0,0.0,0.0
2019-01-03,2,0,221,0.0,0.0,0.0,0.0,0.0
2019-01-03,2,0,225,0.0,0.0,0.0,0.0,0.0
2019-01-03,2,0,233,0.0,0.0,0.0,0.0,0.0
2019-01-03,2,0,236,12.28,12.28,0.0,191.560971,0.0
2019-01-03,2,0,237,11.77,11.77,0.0,192.053496,0.0
2019-01-03,2,0,238,0.0,0.0,0.0,0.0,0.0
2019-01-03,2,0,240,0.0,0.0,0.0,0.0,0.0
2019-01-03,2,0,245,7.97,7.97,0.0,116.81801,0.0
2019-01-03,2,0,247,9.03,9.03,0.0,132.354659,0.0
2019-01-03,2,0,248,1.18,1.18,0.0,19.254301,0.0
2019-01-03,2,0,249,15.32,15.32,0.0,224.548546,0.0
2019-01-03,2,0,251,83.44,83.44,0.0,1251.175472,0.0
2019-01-03,2,0,252,51.42,51.42,0.0,766.526784,0.0
2019-01-03,2,0,254,0.0,0.0,0.0,0.0,0.0
2019-01-03,2,0,255,0.0,0.0,0.0,0.0,0.0
2019-01-03,2,0,258,0.0,0.0,0.0,0.0,0.0
2019-01-03,2,0,260,0.0,0.0,0.0,0.0,0.0
2019-01-03,2,0,265,0.0,0.0,0.0,0.0,0.0
2019-01-03,2,0,266,5.55,5.55,0.0,100.200583,0.0
2019-01-03,2,0,267,6.82,6.82,0.0,123.129365,0.0
2019-01-03,2,0,270,75.35,75.35,0.0,568.752605,0.0
2019-01-03,2,0,272,47.08,47.08,0.0,993.731688,0.0
2019-01-03,2,0,273,0.0,0.0,0.0,0.0,0.0
2019-01-03,2,0,274,97.14,97.14,0.0,733.22665,0.0
2019-01-03,2,0,275,135.22,135.22,0.0,1020.659951,0.0
2019-01-03,2,0,276,0.0,0.0,0.0,0.0,0.0
2019-01-03,2,0,277,0.0,0.0,0.0,0.0,0.0
2019-01-03,2,0,278,0.0,0.0,0.0,0.0,0.0
2019-01-03,2,0,279,42.29,42.29,0.0,878.583307,0.0
2019-01-03,2,0,281,0.0,0.0,0.0,0.0,0.0
2019-01-03,2,0,282,0.0,0.0,0.0,0.0,0.0
2019-01-03,3,0,9,0.0,0.0,0.0,0.0,0.0
2019-01-03,3,0,17,0.0,0.0,0.0,0.0,0.0
2019-01-03,3,0,19,0.0,0.0,0.0,0.0,0.0
2019-01-03,3,0,20,0.0,0.0,0.0,0.0,0.0
2019-01-03,3,0,21,0.0,0.0,0.0,0.0,0.0
2019-01-03,3,0,22,0.0,0.0,0.0,0.0,0.0
2019-01-03,3,0,23,9.91,9.91,0.0,183.280485,0.0
2019-01-03,3,0,24,17.53,17.53,0.0,324.208567,0.0
2019-01-03,3,0,29,0.0,0.0,0.0,0.0,0.0
2019-01-03,3,0,30,0.0,0.0,0.0,0.0,0.0
2019-01-03,3,0,31,0.0,0.0,0.0,0.0,0.0
2019-01-03,3,0,32,0.0,0.0,0.0,0.0,0.0
2019-01-03,3,0,33,0.0,0.0,0.0,0.0,0.0
2019-01-03,3,0,34,0.0,0.0,0.0,0.0,0.0
2019-01-03,3,0,35,0.0,0.0,0.0,0.0,0.0
2019-01-03,3,0,36,0.0,0.0,0.0,0.0,0.0
2019-01-03,3,0,37,0.0,0.0,0.0,0.0,0.0
2019-01-03,3,0,38,0.0,0.0,0.0,0.0,0.0
2019-01-03,3,0,39,0.0,0.0,0.0,0.0,0.0
2019-01-03,3,0,40,0.0,0.0,0.0,0.0,0.0
2019-01-03,3,0,41,5.23,5.23,0.0,95.000023,0.0
2019-01-03,3,0,42,0.0,0.0,0.0,0.0,0.0
2019-01-03,3,0,43,0.0,0.0,0.0,0.0,0.0
2019-01-03,3,0,46,0.0,0.0,0.0,0.0,0.0
2019-01-03,3,0,52,0.0,0.0,0.0,0.0,0.0
2019-01-03,3,0,53,0.0,0.0,0.0,0.0,0.0
2019-01-03,3,0,55,12.48,12.48,0.0,230.811347,0.0
2019-01-03,3,0,56,0.0,0.0,0.0,0.0,0.0
2019-01-03,3,0,57,0.0,0.0,0.0,0.0,0.0
2019-01-03,3,0,58,0.0,0.0,0.0,0.0,0.0
2019-01-03,3,0,59,0.0,0.0,0.0,0.0,0.0
2019-01-03,3,0,63,40.99,40.99,0.0,1114.482029,0.0
2019-01-03,3,0,64,48.22,48.22,0.0,1311.059366,0.0
2019-01-03,3,0,65,2.79,2.79,0.0,44.127294,0.0
2019-01-03,3,0,67,0.0,0.0,0.0,0.0,0.0
2019-01-03,3,0,68,2.37,2.37,0.0,39.3744,0.0
2019-01-03,3,0,69,0.0,0.0,0.0,0.0,0.0
2019-01-03,3,0,74,3.27,3.27,0.0,55.878105,0.0
2019-01-03,3,0,77,30.22,30.22,0.0,566.366443,0.0
2019-01-03,3,0,78,22.85,22.85,0.0,428.242,0.0
2019-01-03,3,0,79,13.22,13.22,0.0,247.761892,0.0
2019-01-03,3,0,80,21.38,21.38,0.0,400.692077,0.0
2019-01-03,3,0,81,27.95,27.95,0.0,523.823365,0.0
2019-01-03,3,0,82,19.72,19.72,0.0,369.581279,0.0
2019-01-03,3,0,83,43.97,43.97,0.0,824.061301,0.0
2019-01-03,3,0,84,0.0,0.0,0.0,0.0,0.0
2019-01-03,3,0,86,0.0,0.0,0.0,0.0,0.0
2019-01-03,3,0,87,0.0,0.0,0.0,0.0,0.0
2019-01-03,3,0,88,21.37,21.37,0.0,400.504662,0.0
2019-01-03,3,0,89,20.54,20.54,0.0,384.949264,0.0
2019-01-03,3,0,90,27.58,27.58,0.0,516.889031,0.0
2019-01-03,3,0,91,98.39,98.39,0.0,1843.970694,0.0
2019-01-03,3,0,92,35.39,35.39,0.0,663.25971,0.0
2019-01-03,3,0,95,10.99,10.99,0.0,287.809366,0.0
2019-01-03,3,0,96,2.06,2.06,0.0,38.111168,0.0
2019-01-03,3,0,97,12.64,12.64,0.0,233.847165,0.0
2019-01-03,3,0,99,0.63,0.63,0.0,10.765507,0.0
2019-01-03,3,0,101,0.0,0.0,0.0,0.0,0.0
2019-01-03,3,0,102,5.6,5.6,0.0,93.036556,0.0
2019-01-03,3,0,103,4.87,4.87,0.0,80.908576,0.0
2019-01-03,3,0,104,0.9,0.9,0.0,14.952304,0.0
2019-01-03,3,0,106,0.0,0.0,0.0,0.0,0.0
2019-01-03,3,0,109,18.44,18.44,0.0,338.851654,0.0
2019-01-03,3,0,110,0.0,0.0,0.0,0.0,0.0
2019-01-03,3,0,111,0.0,0.0,0.0,0.0,0.0
2019-01-03,3,0,113,12.8,12.8,0.0,247.296766,0.0
2019-01-03,3,0,115,12.8,12.8,0.0,247.296766,0.0
2019-01-03,3,0,116,0.0,0.0,0.0,0.0,0.0
2019-01-03,3,0,117,0.66,0.66,0.0,12.75124,0.0
2019-01-03,3,0,119,48.22,48.22,0.0,1311.059366,0.0
2019-01-03,3,0,120,28.36,28.36,0.0,771.083443,0.0
2019-01-03,3,0,123,0.0,0.0,0.0,0.0,0.0
2019-01-03,3,0,125,15.86,15.86,0.0,293.322753,0.0
2019-01-03,3,0,126,0.0,0.0,0.0,0.0,0.0
2019-01-03,3,0,127,0.0,0.0,0.0,0.0,0.0
2019-01-03,3,0,128,22.72,22.72,0.0,420.195016,0.0
2019-01-03,3,0,131,6.46,6.46,0.0,111.767862,0.0
2019-01-03,3,0,132,9.5,9.5,0.0,164.364503,0.0
2019-01-03,3,0,133,3.7,3.7,0.0,58.319896,0.0
2019-01-03,3,0,134,0.0,0.0,0.0,0.0,0.0
2019-01-03,3,0,135,4.96,4.96,0.0,78.180184,0.0
2019-01-03,3,0,136,2.72,2.72,0.0,43.027541,0.0
2019-01-03,3,0,139,6.75,6.75,0.0,122.609973,0.0
2019-01-03,3,0,140,0.0,0.0,0.0,0.0,0.0
2019-01-03,3,0,141,38.94,38.94,0.0,546.643571,0.0
2019-01-03,3,0,142,0.0,0.0,0.0,0.0,0.0
2019-01-03,3,0,143,1.46,1.46,0.0,27.0063,0.0
2019-01-03,3,0,145,1.35,1.35,0.0,24.906235,0.0
2019-01-03,3,0,146,0.0,0.0,0.0,0.0,0.0
2019-01-03,3,0,152,0.0,0.0,0.0,0.0,0.0
2019-01-03,3,0,153,0.0,0.0,0.0,0.0,0.0
2019-01-03,3,0,154,0.0,0.0,0.0,0.0,0.0
2019-01-03,3,0,157,5.06,5.06,0.0,71.03278,0.0
2019-01-03,3,0,158,0.0,0.0,0.0,0.0,0.0
2019-01-03,3,0,159,0.0,0.0,0.0,0.0,0.0
2019-01-03,3,0,160,0.0,0.0,0.0,0.0,0.0
2019-01-03,3,0,161,0.0,0.0,0.0,0.0,0.0
2019-01-03,3,0,162,10.19,10.19,0.0,266.945203,0.0
2019-01-03,3,0,163,41.66,41.66,0.0,256.245619,0.0
2019-01-03,3,0,164,0.0,0.0,0.0,0.0,0.0
2019-01-03,3,0,167,0.0,0.0,0.0,0.0,0.0
2019-01-03,3,0,168,0.0,0.0,0.0,0.0,0.0
2019-01-03,3,0,169,0.0,0.0,0.0,0.0,0.0
2019-01-03,3,0,170,0.0,0.0,0.0,0.0,0.0
2019-01-03,3,0,172,0.0,0.0,0.0,0.0,0.0
2019-01-03,3,0,173,0.0,0.0,0.0,0.0,0.0
2019-01-03,3,0,188,0.0,0.0,0.0,0.0,0.0
2019-01-03,3,0,190,0.0,0.0,0.0,0.0,0.0
2019-01-03,3,0,191,0.0,0.0,0.0,0.0,0.0
2019-01-03,3,0,192,48.98,48.98,0.0,1331.723098,0.0
2019-01-03,3,0,194,20.68,20.68,0.0,450.349639,0.0
2019-01-03,3,0,196,0.0,0.0,0.0,0.0,0.0
2019-01-03,3,0,198,0.0,0.0,0.0,0.0,0.0
2019-01-03,3,0,199,4.07,4.07,0.0,60.049773,0.0
2019-01-03,3,0,200,0.0,0.0,0.0,0.0,0.0
2019-01-03,3,0,204,63.53,63.53,0.0,1173.204425,0.0
2019-01-03,3,0,205,97.57,97.57,0.0,1792.936871,0.0
2019-01-03,3,0,206,37.14,37.14,0.0,687.111053,0.0
2019-01-03,3,0,210,0.0,0.0,0.0,0.0,0.0
2019-01-03,3,0,214,0.0,0.0,0.0,0.0,0.0
2019-01-03,3,0,217,0.0,0.0,0.0,0.0,0.0
2019-01-03,3,0,218,0.0,0.0,0.0,0.0,0.0
2019-01-03,3,0,219,0.0,0.0,0.0,0.0,0.0
2019-01-03,3,0,221,0.0,0.0,0.0,0.0,0.0
2019-01-03,3,0,225,0.0,0.0,0.0,0.0,0.0
2019-01-03,3,0,233,0.0,0.0,0.0,0.0,0.0
2019-01-03,3,0,236,9.01,9.01,0.0,148.320228,0.0
2019-01-03,3,0,237,7.84,7.84,0.0,133.970748,0.0
2019-01-03,3,0,238,0.0,0.0,0.0,0.0,0.0
2019-01-03,3,0,240,0.0,0.0,0.0,0.0,0.0
2019-01-03,3,0,245,3.86,3.86,0.0,60.158017,0.0
2019-01-03,3,0,247,0.0,0.0,0.0,0.0,0.0
2019-01-03,3,0,248,0.79,0.79,0.0,13.499603,0.0
2019-01-03,3,0,249,7.43,7.43,0.0,115.79639,0.0
2019-01-03,3,0,251,37.59,37.59,0.0,597.583658,0.0
2019-01-03,3,0,252,17.97,17.97,0.0,284.217733,0.0
2019-01-03,3,0,254,0.0,0.0,0.0,0.0,0.0
2019-01-03,3,0,255,0.0,0.0,0.0,0.0,0.0
2019-01-03,3,0,258,0.0,0.0,0.0,0.0,0.0
2019-01-03,3,0,260,0.0,0.0,0.0,0.0,0.0
2019-01-03,3,0,265,0.0,0.0,0.0,0.0,0.0
2019-01-03,3,0,266,4.37,4.37,0.0,79.378604,0.0
2019-01-03,3,0,267,5.37,5.37,0.0,97.543045,0.0
2019-01-03,3,0,270,130.09,130.09,0.0,800.167849,0.0
2019-01-03,3,0,272,52.28,52.28,0.0,1010.052731,0.0
2019-01-03,3,0,273,0.0,0.0,0.0,0.0,0.0
2019-01-03,3,0,274,167.71,167.71,0.0,1031.563917,0.0
2019-01-03,3,0,275,233.45,233.45,0.0,1435.922703,0.0
2019-01-03,3,0,276,0.0,0.0,0.0,0.0,0.0
2019-01-03,3,0,277,0.0,0.0,0.0,0.0,0.0
2019-01-03,3,0,278,0.0,0.0,0.0,0.0,0.0
2019-01-03,3,0,279,56.64,56.64,0.0,1081.14905,0.0
2019-01-03,3,0,281,0.0,0.0,0.0,0.0,0.0
2019-01-03,3,0,282,0.0,0.0,0.0,0.0,0.0
2019-01-03,4,0,9,0.0,0.0,0.0,0.0,0.0
2019-01-03,4,0,17,0.0,0.0,0.0,0.0,0.0
2019-01-03,4,0,19,0.0,0.0,0.0,0.0,0.0
2019-01-03,4,0,20,0.0,0.0,0.0,0.0,0.0
2019-01-03,4,0,21,0.0,0.0,0.0,0.0,0.0
2019-01-03,4,0,22,0.0,0.0,0.0,0.0,0.0
2019-01-03,4,0,23,15.06,15.06,0.0,260.390807,0.0
2019-01-03,4,0,24,24.88,24.88,0.0,430.180829,0.0
2019-01-03,4,0,29,0.0,0.0,0.0,0.0,0.0
2019-01-03,4,0,30,0.0,0.0,0.0,0.0,0.0
2019-01-03,4,0,31,0.0,0.0,0.0,0.0,0.0
2019-01-03,4,0,32,0.0,0.0,0.0,0.0,0.0
2019-01-03,4,0,33,0.0,0.0,0.0,0.0,0.0
2019-01-03,4,0,34,0.0,0.0,0.0,0.0,0.0
2019-01-03,4,0,35,0.0,0.0,0.0,0.0,0.0
2019-01-03,4,0,36,0.0,0.0,0.0,0.0,0.0
2019-01-03,4,0,37,0.0,0.0,0.0,0.0,0.0
2019-01-03,4,0,38,0.0,0.0,0.0,0.0,0.0
2019-01-03,4,0,39,0.0,0.0,0.0,0.0,0.0
2019-01-03,4,0,40,0.0,0.0,0.0,0.0,0.0
2019-01-03,4,0,41,4.07,4.07,0.0,67.197281,0.0
2019-01-03,4,0,42,0.0,0.0,0.0,0.0,0.0
2019-01-03,4,0,43,0.0,0.0,0.0,0.0,0.0
2019-01-03,4,0,46,0.0,0.0,0.0,0.0,0.0
2019-01-03,4,0,52,0.0,0.0,0.0,0.0,0.0
2019-01-03,4,0,53,0.0,0.0,0.0,0.0,0.0
2019-01-03,4,0,55,16.85,16.85,0.0,291.340312,0.0
2019-01-03,4,0,56,0.0,0.0,0.0,0.0,0.0
2019-01-03,4,0,57,0.0,0.0,0.0,0.0,0.0
2019-01-03,4,0,58,0.0,0.0,0.0,0.0,0.0
2019-01-03,4,0,59,0.0,0.0,0.0,0.0,0.0
2019-01-03,4,0,63,65.49,65.49,0.0,1952.148092,0.0
2019-01-03,4,0,64,77.05,77.05,0.0,2296.732486,0.0
2019-01-03,4,0,65,1.02,1.02,0.0,14.359555,0.0
2019-01-03,4,0,67,0.0,0.0,0.0,0.0,0.0
2019-01-03,4,0,68,3.15,3.15,0.0,49.921773,0.0
2019-01-03,4,0,69,0.0,0.0,0.0,0.0,0.0
2019-01-03,4,0,74,2.24,2.24,0.0,33.83372,0.0
2019-01-03,4,0,77,41.78,41.78,0.0,774.727621,0.0
2019-01-03,4,0,78,31.59,31.59,0.0,585.774187,0.0
2019-01-03,4,0,79,18.28,18.28,0.0,338.966513,0.0
2019-01-03,4,0,80,29.56,29.56,0.0,548.131845,0.0
2019-01-03,4,0,81,38.65,38.65,0.0,716.68795,0.0
2019-01-03,4,0,82,27.26,27.26,0.0,505.482885,0.0
2019-01-03,4,0,83,60.79,60.79,0.0,1127.230543,0.0
2019-01-03,4,0,84,0.0,0.0,0.0,0.0,0.0
2019-01-03,4,0,86,0.0,0.0,0.0,0.0,0.0
2019-01-03,4,0,87,0.0,0.0,0.0,0.0,0.0
2019-01-03,4,0,88,28.09,28.09,0.0,520.873597,0.0
2019-01-03,4,0,89,27.01,27.01,0.0,500.847129,0.0
2019-01-03,4,0,90,36.26,36.26,0.0,672.370118,0.0
2019-01-03,4,0,91,129.35,129.35,0.0,2398.540397,0.0
2019-01-03,4,0,92,46.52,46.52,0.0,862.621564,0.0
2019-01-03,4,0,95,44.14,44.14,0.0,1256.673284,0.0
2019-01-03,4,0,96,2.76,2.76,0.0,47.795741,0.0
2019-01-03,4,0,97,16.98,16.98,0.0,294.047712,0.0
2019-01-03,4,0,99,0.43,0.43,0.0,6.494866,0.0
2019-01-03,4,0,101,0.0,0.0,0.0,0.0,0.0
2019-01-03,4,0,102,7.46,7.46,0.0,118.227437,0.0
2019-01-03,4,0,103,6.49,6.49,0.0,102.854701,0.0
2019-01-03,4,0,104,1.21,1.21,0.0,19.1763,0.0
2019-01-03,4,0,106,0.0,0.0,0.0,0.0,0.0
2019-01-03,4,0,109,16.59,16.59,0.0,269.032087,0.0
2019-01-03,4,0,110,0.0,0.0,0.0,0.0,0.0
2019-01-03,4,0,111,0.0,0.0,0.0,0.0,0.0
2019-01-03,4,0,113,9.77,9.77,0.0,190.501614,0.0
2019-01-03,4,0,115,9.77,9.77,0.0,190.501614,0.0
2019-01-03,4,0,116,0.0,0.0,0.0,0.0,0.0
2019-01-03,4,0,117,0.65,0.65,0.0,12.674109,0.0
2019-01-03,4,0,119,77.05,77.05,0.0,2296.732486,0.0
2019-01-03,4,0,120,45.31,45.31,0.0,1350.61582,0.0
2019-01-03,4,0,123,0.0,0.0,0.0,0.0,0.0
2019-01-03,4,0,125,22.83,22.83,0.0,394.735865,0.0
2019-01-03,4,0,126,0.0,0.0,0.0,0.0,0.0
2019-01-03,4,0,127,0.0,0.0,0.0,0.0,0.0
2019-01-03,4,0,128,31.01,31.01,0.0,536.169915,0.0
2019-01-03,4,0,131,8.97,8.97,0.0,150.1543,0.0
2019-01-03,4,0,132,13.19,13.19,0.0,220.795453,0.0
2019-01-03,4,0,133,2.49,2.49,0.0,34.949199,0.0
2019-01-03,4,0,134,0.0,0.0,0.0,0.0,0.0
2019-01-03,4,0,135,3.44,3.44,0.0,48.283231,0.0
2019-01-03,4,0,136,3.74,3.74,0.0,52.659614,0.0
2019-01-03,4,0,139,5.25,5.25,0.0,86.679539,0.0
2019-01-03,4,0,140,0.0,0.0,0.0,0.0,0.0
2019-01-03,4,0,141,62.88,62.88,0.0,786.651817,0.0
2019-01-03,4,0,142,0.0,0.0,0.0,0.0,0.0
2019-01-03,4,0,143,2.15,2.15,0.0,37.202446,0.0
2019-01-03,4,0,145,1.82,1.82,0.0,30.754939,0.0
2019-01-03,4,0,146,0.0,0.0,0.0,0.0,0.0
2019-01-03,4,0,152,0.0,0.0,0.0,0.0,0.0
2019-01-03,4,0,153,0.0,0.0,0.0,0.0,0.0
2019-01-03,4,0,154,0.0,0.0,0.0,0.0,0.0
2019-01-03,4,0,157,7.5,7.5,0.0,93.827745,0.0
2019-01-03,4,0,158,0.0,0.0,0.0,0.0,0.0
2019-01-03,4,0,159,0.0,0.0,0.0,0.0,0.0
2019-01-03,4,0,160,0.0,0.0,0.0,0.0,0.0
2019-01-03,4,0,161,0.0,0.0,0.0,0.0,0.0
2019-01-03,4,0,162,15.31,15.31,0.0,436.057687,0.0
2019-01-03,4,0,163,66.19,66.19,0.0,151.503111,0.0
2019-01-03,4,0,164,0.0,0.0,0.0,0.0,0.0
2019-01-03,4,0,167,0.0,0.0,0.0,0.0,0.0
2019-01-03,4,0,168,0.0,0.0,0.0,0.0,0.0
2019-01-03,4,0,169,0.0,0.0,0.0,0.0,0.0
2019-01-03,4,0,170,0.0,0.0,0.0,0.0,0.0
2019-01-03,4,0,172,0.0,0.0,0.0,0.0,0.0
2019-01-03,4,0,173,0.0,0.0,0.0,0.0,0.0
2019-01-03,4,0,188,0.0,0.0,0.0,0.0,0.0
2019-01-03,4,0,190,0.0,0.0,0.0,0.0,0.0
2019-01-03,4,0,191,0.0,0.0,0.0,0.0,0.0
2019-01-03,4,0,192,59.69,59.69,0.0,1779.259729,0.0
2019-01-03,4,0,194,25.79,25.79,0.0,589.939761,0.0
2019-01-03,4,0,196,0.0,0.0,0.0,0.0,0.0
2019-01-03,4,0,198,0.0,0.0,0.0,0.0,0.0
2019-01-03,4,0,199,5.14,5.14,0.0,86.228984,0.0
2019-01-03,4,0,200,0.0,0.0,0.0,0.0,0.0
2019-01-03,4,0,204,54.38,54.38,0.0,886.913878,0.0
2019-01-03,4,0,205,87.78,87.78,0.0,1423.486231,0.0
2019-01-03,4,0,206,49.89,49.89,0.0,863.959974,0.0
2019-01-03,4,0,210,0.0,0.0,0.0,0.0,0.0
2019-01-03,4,0,214,0.0,0.0,0.0,0.0,0.0
2019-01-03,4,0,217,0.0,0.0,0.0,0.0,0.0
2019-01-03,4,0,218,0.0,0.0,0.0,0.0,0.0
2019-01-03,4,0,219,0.0,0.0,0.0,0.0,0.0
2019-01-03,4,0,221,0.0,0.0,0.0,0.0,0.0
2019-01-03,4,0,225,0.0,0.0,0.0,0.0,0.0
2019-01-03,4,0,233,0.0,0.0,0.0,0.0,0.0
2019-01-03,4,0,236,6.41,6.41,0.0,93.430799,0.0
2019-01-03,4,0,237,5.36,5.36,0.0,80.959258,0.0
2019-01-03,4,0,238,0.0,0.0,0.0,0.0,0.0
2019-01-03,4,0,240,0.0,0.0,0.0,0.0,0.0
2019-01-03,4,0,245,1.65,1.65,0.0,22.931253,0.0
2019-01-03,4,0,247,0.0,0.0,0.0,0.0,0.0
2019-01-03,4,0,248,0.54,0.54,0.0,8.156343,0.0
2019-01-03,4,0,249,3.18,3.18,0.0,44.194778,0.0
2019-01-03,4,0,251,17.99,17.99,0.0,254.401486,0.0
2019-01-03,4,0,252,6.59,6.59,0.0,92.773986,0.0
2019-01-03,4,0,254,0.0,0.0,0.0,0.0,0.0
2019-01-03,4,0,255,0.0,0.0,0.0,0.0,0.0
2019-01-03,4,0,258,0.0,0.0,0.0,0.0,0.0
2019-01-03,4,0,260,0.0,0.0,0.0,0.0,0.0
2019-01-03,4,0,265,0.0,0.0,0.0,0.0,0.0
2019-01-03,4,0,266,3.4,3.4,0.0,56.135321,0.0
2019-01-03,4,0,267,4.18,4.18,0.0,69.013424,0.0
2019-01-03,4,0,270,206.7,206.7,0.0,473.118189,0.0
2019-01-03,4,0,272,32.67,32.67,0.0,637.02024,0.0
2019-01-03,4,0,273,0.0,0.0,0.0,0.0,0.0
2019-01-03,4,0,274,266.46,266.46,0.0,609.903593,0.0
2019-01-03,4,0,275,370.92,370.92,0.0,849.003381,0.0
2019-01-03,4,0,276,0.0,0.0,0.0,0.0,0.0
2019-01-03,4,0,277,0.0,0.0,0.0,0.0,0.0
2019-01-03,4,0,278,0.0,0.0,0.0,0.0,0.0
2019-01-03,4,0,279,73.43,73.43,0.0,1403.652108,0.0
2019-01-03,4,0,281,0.0,0.0,0.0,0.0,0.0
2019-01-03,4,0,282,0.0,0.0,0.0,0.0,0.0
2019-01-03,5,0,9,0.0,0.0,0.0,0.0,0.0
2019-01-03,5,0,17,0.0,0.0,0.0,0.0,0.0
2019-01-03,5,0,19,38.83,38.83,0.0,811.435388,0.0
2019-01-03,5,0,20,47.1,47.1,0.0,984.254617,0.0
2019-01-03,5,0,21,0.0,0.0,0.0,0.0,0.0
2019-01-03,5,0,22,0.0,0.0,0.0,0.0,0.0
2019-01-03,5,0,23,5.88,5.88,0.0,136.301933,0.0
2019-01-03,5,0,24,10.4,10.4,0.0,241.07825,0.0
2019-01-03,5,0,29,0.0,0.0,0.0,0.0,0.0
2019-01-03,5,0,30,0.0,0.0,0.0,0.0,0.0
2019-01-03,5,0,31,1.19,1.19,0.0,27.562422,0.0
2019-01-03,5,0,32,0.0,0.0,0.0,0.0,0.0
2019-01-03,5,0,33,0.0,0.0,0.0,0.0,0.0
2019-01-03,5,0,34,0.0,0.0,0.0,0.0,0.0
2019-01-03,5,0,35,0.0,0.0,0.0,0.0,0.0
2019-01-03,5,0,36,0.0,0.0,0.0,0.0,0.0
2019-01-03,5,0,37,0.0,0.0,0.0,0.0,0.0
2019-01-03,5,0,38,0.0,0.0,0.0,0.0,0.0
2019-01-03,5,0,39,0.0,0.0,0.0,0.0,0.0
2019-01-03,5,0,40,0.0,0.0,0.0,0.0,0.0
2019-01-03,5,0,41,0.0,0.0,0.0,0.0,0.0
2019-01-03,5,0,42,0.0,0.0,0.0,0.0,0.0
2019-01-03,5,0,43,0.0,0.0,0.0,0.0,0.0
2019-01-03,5,0,46,0.0,0.0,0.0,0.0,0.0
2019-01-03,5,0,52,1.27,1.27,0.0,29.415358,0.0
2019-01-03,5,0,53,2.01,2.01,0.0,46.555016,0.0
2019-01-03,5,0,55,0.0,0.0,0.0,0.0,0.0
2019-01-03,5,0,56,0.0,0.0,0.0,0.0,0.0
2019-01-03,5,0,57,0.0,0.0,0.0,0.0,0.0
2019-01-03,5,0,58,0.0,0.0,0.0,0.0,0.0
2019-01-03,5,0,59,0.0,0.0,0.0,0.0,0.0
2019-01-03,5,0,63,56.86,56.86,0.0,1694.902131,0.0
2019-01-03,5,0,64,66.89,66.89,0.0,1993.879766,0.0
2019-01-03,5,0,65,2.34,2.34,0.0,49.101267,0.0
2019-01-03,5,0,67,0.0,0.0,0.0,0.0,0.0
2019-01-03,5,0,68,1.6,1.6,0.0,29.753297,0.0
2019-01-03,5,0,69,0.0,0.0,0.0,0.0,0.0
2019-01-03,5,0,74,0.0,0.0,0.0,0.0,0.0
2019-01-03,5,0,77,20.95,20.95,0.0,445.698622,0.0
2019-01-03,5,0,78,15.84,15.84,0.0,336.986452,0.0
2019-01-03,5,0,79,9.17,9.17,0.0,195.086223,0.0
2019-01-03,5,0,80,14.82,14.82,0.0,315.286567,0.0
2019-01-03,5,0,81,19.38,19.38,0.0,412.297818,0.0
2019-01-03,5,0,82,13.67,13.67,0.0,290.82101,0.0
2019-01-03,5,0,83,30.48,30.48,0.0,648.443628,0.0
2019-01-03,5,0,84,0.0,0.0,0.0,0.0,0.0
2019-01-03,5,0,86,0.0,0.0,0.0,0.0,0.0
2019-01-03,5,0,87,0.0,0.0,0.0,0.0,0.0
2019-01-03,5,0,88,17.25,17.25,0.0,366.983352,0.0
2019-01-03,5,0,89,16.58,16.58,0.0,352.729506,0.0
2019-01-03,5,0,90,22.26,22.26,0.0,473.568082,0.0
2019-01-03,5,0,91,79.42,79.42,0.0,1689.612628,0.0
2019-01-03,5,0,92,28.56,28.56,0.0,607.596785,0.0
2019-01-03,5,0,95,15.89,15.89,0.0,453.019453,0.0
2019-01-03,5,0,96,0.82,0.82,0.0,18.976395,0.0
2019-01-03,5,0,97,5.04,5.04,0.0,116.635405,0.0
2019-01-03,5,0,99,0.0,0.0,0.0,0.0,0.0
2019-01-03,5,0,101,0.0,0.0,0.0,0.0,0.0
2019-01-03,5,0,102,3.79,3.79,0.0,70.478123,0.0
2019-01-03,5,0,103,3.3,3.3,0.0,61.366176,0.0
2019-01-03,5,0,104,0.61,0.61,0.0,11.343445,0.0
2019-01-03,5,0,106,0.0,0.0,0.0,0.0,0.0
2019-01-03,5,0,109,0.0,0.0,0.0,0.0,0.0
2019-01-03,5,0,110,7.34,7.34,0.0,45.147452,0.0
2019-01-03,5,0,111,0.0,0.0,0.0,0.0,0.0
2019-01-03,5,0,113,15.76,15.76,0.0,338.485521,0.0
2019-01-03,5,0,115,15.76,15.76,0.0,338.485521,0.0
2019-01-03,5,0,116,0.0,0.0,0.0,0.0,0.0
2019-01-03,5,0,117,0.76,0.76,0.0,16.322906,0.0
2019-01-03,5,0,119,66.89,66.89,0.0,1993.879766,0.0
2019-01-03,5,0,120,39.33,39.33,0.0,1172.361956,0.0
2019-01-03,5,0,123,0.0,0.0,0.0,0.0,0.0
2019-01-03,5,0,125,9.41,9.41,0.0,218.129455,0.0
2019-01-03,5,0,126,0.0,0.0,0.0,0.0,0.0
2019-01-03,5,0,127,0.0,0.0,0.0,0.0,0.0
2019-01-03,5,0,128,13.48,13.48,0.0,312.4745,0.0
2019-01-03,5,0,131,3.95,3.95,0.0,76.685216,0.0
2019-01-03,5,0,132,5.81,5.81,0.0,112.795217,0.0
2019-01-03,5,0,133,0.0,0.0,0.0,0.0,0.0
2019-01-03,5,0,134,0.0,0.0,0.0,0.0,0.0
2019-01-03,5,0,135,0.0,0.0,0.0,0.0,0.0
2019-01-03,5,0,136,9.8,9.8,0.0,205.684228,0.0
2019-01-03,5,0,139,0.0,0.0,0.0,0.0,0.0
2019-01-03,5,0,140,5.43,5.43,0.0,33.399273,0.0
2019-01-03,5,0,141,26.05,26.05,0.0,404.616566,0.0
2019-01-03,5,0,142,0.0,0.0,0.0,0.0,0.0
2019-01-03,5,0,143,5.65,5.65,0.0,130.863602,0.0
2019-01-03,5,0,145,0.0,0.0,0.0,0.0,0.0
2019-01-03,5,0,146,0.0,0.0,0.0,0.0,0.0
2019-01-03,5,0,152,0.0,0.0,0.0,0.0,0.0
2019-01-03,5,0,153,0.0,0.0,0.0,0.0,0.0
2019-01-03,5,0,154,0.0,0.0,0.0,0.0,0.0
2019-01-03,5,0,157,4.91,4.91,0.0,76.263621,0.0
2019-01-03,5,0,158,0.0,0.0,0.0,0.0,0.0
2019-01-03,5,0,159,0.0,0.0,0.0,0.0,0.0
2019-01-03,5,0,160,0.0,0.0,0.0,0.0,0.0
2019-01-03,5,0,161,0.0,0.0,0.0,0.0,0.0
2019-01-03,5,0,162,12.45,12.45,0.0,355.100814,0.0
2019-01-03,5,0,163,50.55,50.55,0.0,310.926933,0.0
2019-01-03,5,0,164,0.0,0.0,0.0,0.0,0.0
2019-01-03,5,0,167,0.0,0.0,0.0,0.0,0.0
2019-01-03,5,0,168,0.0,0.0,0.0,0.0,0.0
2019-01-03,5,0,169,0.0,0.0,0.0,0.0,0.0
2019-01-03,5,0,170,0.0,0.0,0.0,0.0,0.0
2019-01-03,5,0,172,0.0,0.0,0.0,0.0,0.0
2019-01-03,5,0,173,0.0,0.0,0.0,0.0,0.0
2019-01-03,5,0,188,0.0,0.0,0.0,0.0,0.0
2019-01-03,5,0,190,0.0,0.0,0.0,0.0,0.0
2019-01-03,5,0,191,0.0,0.0,0.0,0.0,0.0
2019-01-03,5,0,192,64.94,64.94,0.0,1935.753506,0.0
2019-01-03,5,0,194,24.14,24.14,0.0,578.08919,0.0
2019-01-03,5,0,196,0.0,0.0,0.0,0.0,0.0
2019-01-03,5,0,198,0.0,0.0,0.0,0.0,0.0
2019-01-03,5,0,199,4.39,4.39,0.0,66.053646,0.0
2019-01-03,5,0,200,0.0,0.0,0.0,0.0,0.0
2019-01-03,5,0,204,0.0,0.0,0.0,0.0,0.0
2019-01-03,5,0,205,0.0,0.0,0.0,0.0,0.0
2019-01-03,5,0,206,14.81,14.81,0.0,342.732212,0.0
2019-01-03,5,0,210,0.0,0.0,0.0,0.0,0.0
2019-01-03,5,0,214,0.0,0.0,0.0,0.0,0.0
2019-01-03,5,0,217,0.0,0.0,0.0,0.0,0.0
2019-01-03,5,0,218,0.0,0.0,0.0,0.0,0.0
2019-01-03,5,0,219,0.0,0.0,0.0,0.0,0.0
2019-01-03,5,0,221,0.0,0.0,0.0,0.0,0.0
2019-01-03,5,0,225,0.0,0.0,0.0,0.0,0.0
2019-01-03,5,0,233,0.0,0.0,0.0,0.0,0.0
2019-01-03,5,0,236,0.0,0.0,0.0,0.0,0.0
2019-01-03,5,0,237,0.0,0.0,0.0,0.0,0.0
2019-01-03,5,0,238,0.0,0.0,0.0,0.0,0.0
2019-01-03,5,0,240,0.0,0.0,0.0,0.0,0.0
2019-01-03,5,0,245,0.0,0.0,0.0,0.0,0.0
2019-01-03,5,0,247,0.0,0.0,0.0,0.0,0.0
2019-01-03,5,0,248,0.0,0.0,0.0,0.0,0.0
2019-01-03,5,0,249,0.0,0.0,0.0,0.0,0.0
2019-01-03,5,0,251,18.58,18.58,0.0,392.505732,0.0
2019-01-03,5,0,252,15.1,15.1,0.0,316.850059,0.0
2019-01-03,5,0,254,0.0,0.0,0.0,0.0,0.0
2019-01-03,5,0,255,0.0,0.0,0.0,0.0,0.0
2019-01-03,5,0,258,0.0,0.0,0.0,0.0,0.0
2019-01-03,5,0,260,0.0,0.0,0.0,0.0,0.0
2019-01-03,5,0,265,0.0,0.0,0.0,0.0,0.0
2019-01-03,5,0,266,0.0,0.0,0.0,0.0,0.0
2019-01-03,5,0,267,0.0,0.0,0.0,0.0,0.0
2019-01-03,5,0,270,157.86,157.86,0.0,970.977759,0.0
2019-01-03,5,0,272,54.16,54.16,0.0,1163.221817,0.0
2019-01-03,5,0,273,0.0,0.0,0.0,0.0,0.0
2019-01-03,5,0,274,203.5,203.5,0.0,1251.703877,0.0
2019-01-03,5,0,275,283.28,283.28,0.0,1742.421003,0.0
2019-01-03,5,0,276,0.0,0.0,0.0,0.0,0.0
2019-01-03,5,0,277,0.0,0.0,0.0,0.0,0.0
2019-01-03,5,0,278,0.0,0.0,0.0,0.0,0.0
2019-01-03,5,0,279,45.32,45.32,0.0,969.670229,0.0
2019-01-03,5,0,281,0.54,0.54,0.0,12.507318,0.0
2019-01-03,5,0,282,0.0,0.0,0.0,0.0,0.0
2019-01-03,6,0,9,0.0,0.0,0.0,0.0,0.0
2019-01-03,6,0,17,0.0,0.0,0.0,0.0,0.0
2019-01-03,6,0,19,165.82,165.82,0.0,3925.934883,0.0
2019-01-03,6,0,20,201.11,201.11,0.0,4761.456786,0.0
2019-01-03,6,0,21,0.0,0.0,0.0,0.0,0.0
2019-01-03,6,0,22,0.0,0.0,0.0,0.0,0.0
2019-01-03,6,0,23,3.83,3.83,0.0,93.945813,0.0
2019-01-03,6,0,24,6.77,6.77,0.0,166.060876,0.0
2019-01-03,6,0,29,0.0,0.0,0.0,0.0,0.0
2019-01-03,6,0,30,0.0,0.0,0.0,0.0,0.0
2019-01-03,6,0,31,2.59,2.59,0.0,63.444911,0.0
2019-01-03,6,0,32,0.0,0.0,0.0,0.0,0.0
2019-01-03,6,0,33,0.0,0.0,0.0,0.0,0.0
2019-01-03,6,0,34,0.0,0.0,0.0,0.0,0.0
2019-01-03,6,0,35,0.0,0.0,0.0,0.0,0.0
2019-01-03,6,0,36,0.0,0.0,0.0,0.0,0.0
2019-01-03,6,0,37,0.0,0.0,0.0,0.0,0.0
2019-01-03,6,0,38,0.0,0.0,0.0,0.0,0.0
2019-01-03,6,0,39,0.0,0.0,0.0,0.0,0.0
2019-01-03,6,0,40,0.0,0.0,0.0,0.0,0.0
2019-01-03,6,0,41,4.59,4.59,0.0,118.286721,0.0
2019-01-03,6,0,42,0.0,0.0,0.0,0.0,0.0
2019-01-03,6,0,43,0.0,0.0,0.0,0.0,0.0
2019-01-03,6,0,46,0.0,0.0,0.0,0.0,0.0
2019-01-03,6,0,52,2.74,2.74,0.0,67.119327,0.0
2019-01-03,6,0,53,4.36,4.36,0.0,106.803017,0.0
2019-01-03,6,0,55,0.0,0.0,0.0,0.0,0.0
2019-01-03,6,0,56,0.0,0.0,0.0,0.0,0.0
2019-01-03,6,0,57,0.0,0.0,0.0,0.0,0.0
2019-01-03,6,0,58,0.0,0.0,0.0,0.0,0.0
2019-01-03,6,0,59,0.0,0.0,0.0,0.0,0.0
2019-01-03,6,0,63,50.09,50.09,0.0,1395.448514,0.0
2019-01-03,6,0,64,58.93,58.93,0.0,1641.720521,0.0
2019-01-03,6,0,65,5.99,5.99,0.0,142.335987,0.0
2019-01-03,6,0,67,0.0,0.0,0.0,0.0,0.0
2019-01-03,6,0,68,1.01,1.01,0.0,18.942872,0.0
2019-01-03,6,0,69,0.0,0.0,0.0,0.0,0.0
2019-01-03,6,0,74,1.73,1.73,0.0,44.743007,0.0
2019-01-03,6,0,77,18.02,18.02,0.0,383.303004,0.0
2019-01-03,6,0,78,13.62,13.62,0.0,289.710706,0.0
2019-01-03,6,0,79,7.88,7.88,0.0,167.615298,0.0
2019-01-03,6,0,80,12.75,12.75,0.0,271.204956,0.0
2019-01-03,6,0,81,16.67,16.67,0.0,354.587185,0.0
2019-01-03,6,0,82,11.76,11.76,0.0,250.146689,0.0
2019-01-03,6,0,83,26.22,26.22,0.0,557.725015,0.0
2019-01-03,6,0,84,0.0,0.0,0.0,0.0,0.0
2019-01-03,6,0,86,0.0,0.0,0.0,0.0,0.0
2019-01-03,6,0,87,0.0,0.0,0.0,0.0,0.0
2019-01-03,6,0,88,18.42,18.42,0.0,391.811395,0.0
2019-01-03,6,0,89,17.71,17.71,0.0,376.709001,0.0
2019-01-03,6,0,90,23.78,23.78,0.0,505.823831,0.0
2019-01-03,6,0,91,84.83,84.83,0.0,1804.416972,0.0
2019-01-03,6,0,92,30.51,30.51,0.0,648.977506,0.0
2019-01-03,6,0,95,13.84,13.84,0.0,368.195985,0.0
2019-01-03,6,0,96,1.12,1.12,0.0,27.397212,0.0
2019-01-03,6,0,97,6.9,6.9,0.0,168.786394,0.0
2019-01-03,6,0,99,0.33,0.33,0.0,8.534793,0.0
2019-01-03,6,0,101,0.0,0.0,0.0,0.0,0.0
2019-01-03,6,0,102,2.4,2.4,0.0,45.012766,0.0
2019-01-03,6,0,103,2.09,2.09,0.0,39.198617,0.0
2019-01-03,6,0,104,0.39,0.39,0.0,7.314575,0.0
2019-01-03,6,0,106,0.0,0.0,0.0,0.0,0.0
2019-01-03,6,0,109,0.0,0.0,0.0,0.0,0.0
2019-01-03,6,0,110,10.21,10.21,0.0,77.066544,0.0
2019-01-03,6,0,111,0.0,0.0,0.0,0.0,0.0
2019-01-03,6,0,113,19.79,19.79,0.0,417.846783,0.0
2019-01-03,6,0,115,19.79,19.79,0.0,417.846783,0.0
2019-01-03,6,0,116,0.0,0.0,0.0,0.0,0.0
2019-01-03,6,0,117,0.78,0.78,0.0,16.468949,0.0
2019-01-03,6,0,119,58.93,58.93,0.0,1641.720521,0.0
2019-01-03,6,0,120,34.65,34.65,0.0,965.308265,0.0
2019-01-03,6,0,123,0.0,0.0,0.0,0.0,0.0
2019-01-03,6,0,125,6.13,6.13,0.0,150.362359,0.0
2019-01-03,6,0,126,0.0,0.0,0.0,0.0,0.0
2019-01-03,6,0,127,0.0,0.0,0.0,0.0,0.0
2019-01-03,6,0,128,8.78,8.78,0.0,215.364031,0.0
2019-01-03,6,0,131,2.31,2.31,0.0,45.026782,0.0
2019-01-03,6,0,132,3.4,3.4,0.0,66.273185,0.0
2019-01-03,6,0,133,2.22,2.22,0.0,52.542392,0.0
2019-01-03,6,0,134,0.0,0.0,0.0,0.0,0.0
2019-01-03,6,0,135,2.98,2.98,0.0,70.529877,0.0
2019-01-03,6,0,136,20.93,20.93,0.0,497.443535,0.0
2019-01-03,6,0,139,5.93,5.93,0.0,152.819228,0.0
2019-01-03,6,0,140,7.55,7.55,0.0,56.988483,0.0
2019-01-03,6,0,141,12.08,12.08,0.0,193.237795,0.0
2019-01-03,6,0,142,0.0,0.0,0.0,0.0,0.0
2019-01-03,6,0,143,16.05,16.05,0.0,393.162482,0.0
2019-01-03,6,0,145,0.65,0.65,0.0,16.698491,0.0
2019-01-03,6,0,146,0.0,0.0,0.0,0.0,0.0
2019-01-03,6,0,152,0.0,0.0,0.0,0.0,0.0
2019-01-03,6,0,153,0.0,0.0,0.0,0.0,0.0
2019-01-03,6,0,154,0.0,0.0,0.0,0.0,0.0
2019-01-03,6,0,157,0.0,0.0,0.0,0.0,0.0
2019-01-03,6,0,158,0.0,0.0,0.0,0.0,0.0
2019-01-03,6,0,159,0.0,0.0,0.0,0.0,0.0
2019-01-03,6,0,160,0.0,0.0,0.0,0.0,0.0
2019-01-03,6,0,161,0.0,0.0,0.0,0.0,0.0
2019-01-03,6,0,162,10.04,10.04,0.0,267.232524,0.0
2019-01-03,6,0,163,39.75,39.75,0.0,300.0387,0.0
2019-01-03,6,0,164,0.0,0.0,0.0,0.0,0.0
2019-01-03,6,0,167,0.0,0.0,0.0,0.0,0.0
2019-01-03,6,0,168,0.0,0.0,0.0,0.0,0.0
2019-01-03,6,0,169,0.0,0.0,0.0,0.0,0.0
2019-01-03,6,0,170,0.0,0.0,0.0,0.0,0.0
2019-01-03,6,0,172,0.0,0.0,0.0,0.0,0.0
2019-01-03,6,0,173,0.0,0.0,0.0,0.0,0.0
2019-01-03,6,0,188,0.0,0.0,0.0,0.0,0.0
2019-01-03,6,0,190,0.0,0.0,0.0,0.0,0.0
2019-01-03,6,0,191,0.0,0.0,0.0,0.0,0.0
2019-01-03,6,0,192,70.11,70.11,0.0,1953.182178,0.0
2019-01-03,6,0,194,27.31,27.31,0.0,628.70773,0.0
2019-01-03,6,0,196,0.0,0.0,0.0,0.0,0.0
2019-01-03,6,0,198,0.0,0.0,0.0,0.0,0.0
2019-01-03,6,0,199,4.34,4.34,0.0,64.814505,0.0
2019-01-03,6,0,200,0.0,0.0,0.0,0.0,0.0
2019-01-03,6,0,204,0.0,0.0,0.0,0.0,0.0
2019-01-03,6,0,205,0.0,0.0,0.0,0.0,0.0
2019-01-03,6,0,206,20.26,20.26,0.0,495.595991,0.0
2019-01-03,6,0,210,0.0,0.0,0.0,0.0,0.0
2019-01-03,6,0,214,0.0,0.0,0.0,0.0,0.0
2019-01-03,6,0,217,0.0,0.0,0.0,0.0,0.0
2019-01-03,6,0,218,0.0,0.0,0.0,0.0,0.0
2019-01-03,6,0,219,0.0,0.0,0.0,0.0,0.0
2019-01-03,6,0,221,0.0,0.0,0.0,0.0,0.0
2019-01-03,6,0,225,0.0,0.0,0.0,0.0,0.0
2019-01-03,6,0,233,0.0,0.0,0.0,0.0,0.0
2019-01-03,6,0,236,0.0,0.0,0.0,0.0,0.0
2019-01-03,6,0,237,4.15,4.15,0.0,107.331492,0.0
2019-01-03,6,0,238,0.0,0.0,0.0,0.0,0.0
2019-01-03,6,0,240,0.0,0.0,0.0,0.0,0.0
2019-01-03,6,0,245,2.62,2.62,0.0,61.19853,0.0
2019-01-03,6,0,247,5.23,5.23,0.0,122.163478,0.0
2019-01-03,6,0,248,0.42,0.42,0.0,10.862464,0.0
2019-01-03,6,0,249,5.03,5.03,0.0,117.491835,0.0
2019-01-03,6,0,251,32.42,32.42,0.0,774.970894,0.0
2019-01-03,6,0,252,38.61,38.61,0.0,917.461181,0.0
2019-01-03,6,0,254,0.0,0.0,0.0,0.0,0.0
2019-01-03,6,0,255,0.0,0.0,0.0,0.0,0.0
2019-01-03,6,0,258,0.0,0.0,0.0,0.0,0.0
2019-01-03,6,0,260,0.0,0.0,0.0,0.0,0.0
2019-01-03,6,0,265,0.0,0.0,0.0,0.0,0.0
2019-01-03,6,0,266,3.84,3.84,0.0,98.958826,0.0
2019-01-03,6,0,267,4.72,4.72,0.0,121.63689,0.0
2019-01-03,6,0,270,124.14,124.14,0.0,937.026522,0.0
2019-01-03,6,0,272,69.84,69.84,0.0,1474.604313,0.0
2019-01-03,6,0,273,0.0,0.0,0.0,0.0,0.0
2019-01-03,6,0,274,160.03,160.03,0.0,1207.929388,0.0
2019-01-03,6,0,275,222.77,222.77,0.0,1681.499905,0.0
2019-01-03,6,0,276,0.0,0.0,0.0,0.0,0.0
2019-01-03,6,0,277,0.0,0.0,0.0,0.0,0.0
2019-01-03,6,0,278,0.0,0.0,0.0,0.0,0.0
2019-01-03,6,0,279,35.42,35.42,0.0,750.087799,0.0
2019-01-03,6,0,281,1.16,1.16,0.0,28.415482,0.0
2019-01-03,6,0,282,0.0,0.0,0.0,0.0,0.0
2019-01-03,7,0,9,0.0,0.0,0.0,0.0,0.0
2019-01-03,7,0,17,0.0,0.0,0.0,0.0,0.0
2019-01-03,7,0,19,440.98,440.98,0.0,10229.254488,0.0
2019-01-03,7,0,20,534.82,534.82,0.0,12406.027224,0.0
2019-01-03,7,0,21,0.0,0.0,0.0,0.0,0.0
2019-01-03,7,0,22,0.0,0.0,0.0,0.0,0.0
2019-01-03,7,0,23,8.32,8.32,0.0,207.702516,0.0
2019-01-03,7,0,24,14.72,14.72,0.0,367.473683,0.0
2019-01-03,7,0,29,0.0,0.0,0.0,0.0,0.0
2019-01-03,7,0,30,0.0,0.0,0.0,0.0,0.0
2019-01-03,7,0,31,13.1,13.1,0.0,326.667407,0.0
2019-01-03,7,0,32,0.0,0.0,0.0,0.0,0.0
2019-01-03,7,0,33,0.0,0.0,0.0,0.0,0.0
2019-01-03,7,0,34,0.0,0.0,0.0,0.0,0.0
2019-01-03,7,0,35,0.0,0.0,0.0,0.0,0.0
2019-01-03,7,0,36,0.0,0.0,0.0,0.0,0.0
2019-01-03,7,0,37,0.0,0.0,0.0,0.0,0.0
2019-01-03,7,0,38,0.0,0.0,0.0,0.0,0.0
2019-01-03,7,0,39,0.0,0.0,0.0,0.0,0.0
2019-01-03,7,0,40,0.0,0.0,0.0,0.0,0.0
2019-01-03,7,0,41,26.19,26.19,0.0,679.225871,0.0
2019-01-03,7,0,42,0.0,0.0,0.0,0.0,0.0
2019-01-03,7,0,43,0.0,0.0,0.0,0.0,0.0
2019-01-03,7,0,46,0.0,0.0,0.0,0.0,0.0
2019-01-03,7,0,52,13.88,13.88,0.0,346.117833,0.0
2019-01-03,7,0,53,22.06,22.06,0.0,550.097939,0.0
2019-01-03,7,0,55,9.25,9.25,0.0,230.919264,0.0
2019-01-03,7,0,56,0.0,0.0,0.0,0.0,0.0
2019-01-03,7,0,57,0.0,0.0,0.0,0.0,0.0
2019-01-03,7,0,58,0.0,0.0,0.0,0.0,0.0
2019-01-03,7,0,59,0.0,0.0,0.0,0.0,0.0
2019-01-03,7,0,63,45.06,45.06,0.0,1343.163736,0.0
2019-01-03,7,0,64,53.01,53.01,0.0,1580.140027,0.0
2019-01-03,7,0,65,13.33,13.33,0.0,310.47079,0.0
2019-01-03,7,0,67,0.0,0.0,0.0,0.0,0.0
2019-01-03,7,0,68,1.12,1.12,0.0,21.887829,0.0
2019-01-03,7,0,69,0.0,0.0,0.0,0.0,0.0
2019-01-03,7,0,74,4.97,4.97,0.0,127.306077,0.0
2019-01-03,7,0,77,30.97,30.97,0.0,687.145108,0.0
2019-01-03,7,0,78,23.41,23.41,0.0,519.40804,0.0
2019-01-03,7,0,79,13.55,13.55,0.0,300.639852,0.0
2019-01-03,7,0,80,21.91,21.91,0.0,486.126875,0.0
2019-01-03,7,0,81,28.64,28.64,0.0,635.448366,0.0
2019-01-03,7,0,82,20.2,20.2,0.0,448.186348,0.0
2019-01-03,7,0,83,45.05,45.05,0.0,999.544305,0.0
2019-01-03,7,0,84,0.0,0.0,0.0,0.0,0.0
2019-01-03,7,0,86,0.0,0.0,0.0,0.0,0.0
2019-01-03,7,0,87,0.0,0.0,0.0,0.0,0.0
2019-01-03,7,0,88,32.12,32.12,0.0,712.660668,0.0
2019-01-03,7,0,89,30.87,30.87,0.0,684.926364,0.0
2019-01-03,7,0,90,41.45,41.45,0.0,919.669511,0.0
2019-01-03,7,0,91,147.87,147.87,0.0,3280.85719,0.0
2019-01-03,7,0,92,53.18,53.18,0.0,1179.928216,0.0
2019-01-03,7,0,95,12.57,12.57,0.0,358.520179,0.0
2019-01-03,7,0,96,4.14,4.14,0.0,103.116587,0.0
2019-01-03,7,0,97,25.47,25.47,0.0,634.391173,0.0
2019-01-03,7,0,99,0.96,0.96,0.0,24.590309,0.0
2019-01-03,7,0,101,0.0,0.0,0.0,0.0,0.0
2019-01-03,7,0,102,2.64,2.64,0.0,51.592741,0.0
2019-01-03,7,0,103,2.3,2.3,0.0,44.948221,0.0
2019-01-03,7,0,104,0.43,0.43,0.0,8.403363,0.0
2019-01-03,7,0,106,0.0,0.0,0.0,0.0,0.0
2019-01-03,7,0,109,13.35,13.35,0.0,370.384386,0.0
2019-01-03,7,0,110,13.9,13.9,0.0,104.919193,0.0
2019-01-03,7,0,111,0.0,0.0,0.0,0.0,0.0
2019-01-03,7,0,113,15.3,15.3,0.0,339.292972,0.0
2019-01-03,7,0,115,15.3,15.3,0.0,339.292972,0.0
2019-01-03,7,0,116,0.0,0.0,0.0,0.0,0.0
2019-01-03,7,0,117,0.63,0.63,0.0,13.970887,0.0
2019-01-03,7,0,119,53.01,53.01,0.0,1580.140027,0.0
2019-01-03,7,0,120,31.17,31.17,0.0,929.125913,0.0
2019-01-03,7,0,123,0.0,0.0,0.0,0.0,0.0
2019-01-03,7,0,125,13.32,13.32,0.0,332.52374,0.0
2019-01-03,7,0,126,0.0,0.0,0.0,0.0,0.0
2019-01-03,7,0,127,0.0,0.0,0.0,0.0,0.0
2019-01-03,7,0,128,19.08,19.08,0.0,476.31779,0.0
2019-01-03,7,0,131,2.96,2.96,0.0,60.180541,0.0
2019-01-03,7,0,132,4.35,4.35,0.0,88.440998,0.0
2019-01-03,7,0,133,7.74,7.74,0.0,179.473091,0.0
2019-01-03,7,0,134,0.0,0.0,0.0,0.0,0.0
2019-01-03,7,0,135,10.37,10.37,0.0,240.456842,0.0
2019-01-03,7,0,136,38.77,38.77,0.0,903.198303,0.0
2019-01-03,7,0,139,33.83,33.83,0.0,877.365835,0.0
2019-01-03,7,0,140,10.29,10.29,0.0,77.670396,0.0
2019-01-03,7,0,141,12.03,12.03,0.0,199.578484,0.0
2019-01-03,7,0,142,0.0,0.0,0.0,0.0,0.0
2019-01-03,7,0,143,19.55,19.55,0.0,487.507466,0.0
2019-01-03,7,0,145,3.51,3.51,0.0,91.153608,0.0
2019-01-03,7,0,146,0.0,0.0,0.0,0.0,0.0
2019-01-03,7,0,152,0.0,0.0,0.0,0.0,0.0
2019-01-03,7,0,153,0.0,0.0,0.0,0.0,0.0
2019-01-03,7,0,154,0.0,0.0,0.0,0.0,0.0
2019-01-03,7,0,157,0.0,0.0,0.0,0.0,0.0
2019-01-03,7,0,158,0.0,0.0,0.0,0.0,0.0
2019-01-03,7,0,159,0.0,0.0,0.0,0.0,0.0
2019-01-03,7,0,160,0.0,0.0,0.0,0.0,0.0
2019-01-03,7,0,161,0.0,0.0,0.0,0.0,0.0
2019-01-03,7,0,162,7.89,7.89,0.0,225.138394,0.0
2019-01-03,7,0,163,33.08,33.08,0.0,249.692584,0.0
2019-01-03,7,0,164,0.0,0.0,0.0,0.0,0.0
2019-01-03,7,0,167,0.0,0.0,0.0,0.0,0.0
2019-01-03,7,0,168,0.0,0.0,0.0,0.0,0.0
2019-01-03,7,0,169,0.0,0.0,0.0,0.0,0.0
2019-01-03,7,0,170,0.0,0.0,0.0,0.0,0.0
2019-01-03,7,0,172,0.0,0.0,0.0,0.0,0.0
2019-01-03,7,0,173,0.0,0.0,0.0,0.0,0.0
2019-01-03,7,0,188,0.0,0.0,0.0,0.0,0.0
2019-01-03,7,0,190,0.0,0.0,0.0,0.0,0.0
2019-01-03,7,0,191,0.0,0.0,0.0,0.0,0.0
2019-01-03,7,0,192,75.57,75.57,0.0,2252.616145,0.0
2019-01-03,7,0,194,36.05,36.05,0.0,878.292158,0.0
2019-01-03,7,0,196,0.0,0.0,0.0,0.0,0.0
2019-01-03,7,0,198,0.0,0.0,0.0,0.0,0.0
2019-01-03,7,0,199,4.95,4.95,0.0,75.180955,0.0
2019-01-03,7,0,200,0.0,0.0,0.0,0.0,0.0
2019-01-03,7,0,204,51.87,51.87,0.0,1444.604304,0.0
2019-01-03,7,0,205,70.65,70.65,0.0,1960.124108,0.0
2019-01-03,7,0,206,74.85,74.85,0.0,1864.317995,0.0
2019-01-03,7,0,210,0.0,0.0,0.0,0.0,0.0
2019-01-03,7,0,214,0.0,0.0,0.0,0.0,0.0
2019-01-03,7,0,217,0.0,0.0,0.0,0.0,0.0
2019-01-03,7,0,218,0.0,0.0,0.0,0.0,0.0
2019-01-03,7,0,219,0.0,0.0,0.0,0.0,0.0
2019-01-03,7,0,221,0.0,0.0,0.0,0.0,0.0
2019-01-03,7,0,225,0.0,0.0,0.0,0.0,0.0
2019-01-03,7,0,233,0.0,0.0,0.0,0.0,0.0
2019-01-03,7,0,236,6.1,6.1,0.0,149.701704,0.0
2019-01-03,7,0,237,11.92,11.92,0.0,305.329666,0.0
2019-01-03,7,0,238,0.0,0.0,0.0,0.0,0.0
2019-01-03,7,0,240,0.0,0.0,0.0,0.0,0.0
2019-01-03,7,0,245,14.77,14.77,0.0,337.482198,0.0
2019-01-03,7,0,247,16.25,16.25,0.0,371.298965,0.0
2019-01-03,7,0,248,1.2,1.2,0.0,30.737886,0.0
2019-01-03,7,0,249,28.4,28.4,0.0,648.916345,0.0
2019-01-03,7,0,251,65.6,65.6,0.0,1538.075411,0.0
2019-01-03,7,0,252,86.01,86.01,0.0,2003.270264,0.0
2019-01-03,7,0,254,0.0,0.0,0.0,0.0,0.0
2019-01-03,7,0,255,0.0,0.0,0.0,0.0,0.0
2019-01-03,7,0,258,0.0,0.0,0.0,0.0,0.0
2019-01-03,7,0,260,0.0,0.0,0.0,0.0,0.0
2019-01-03,7,0,265,0.0,0.0,0.0,0.0,0.0
2019-01-03,7,0,266,21.9,21.9,0.0,567.966651,0.0
2019-01-03,7,0,267,26.91,26.91,0.0,697.898747,0.0
2019-01-03,7,0,270,103.31,103.31,0.0,779.798695,0.0
2019-01-03,7,0,272,54.44,54.44,0.0,1207.262051,0.0
2019-01-03,7,0,273,0.0,0.0,0.0,0.0,0.0
2019-01-03,7,0,274,133.18,133.18,0.0,1005.261738,0.0
2019-01-03,7,0,275,185.39,185.39,0.0,1399.350305,0.0
2019-01-03,7,0,276,0.0,0.0,0.0,0.0,0.0
2019-01-03,7,0,277,0.0,0.0,0.0,0.0,0.0
2019-01-03,7,0,278,0.0,0.0,0.0,0.0,0.0
2019-01-03,7,0,279,40.49,40.49,0.0,898.092267,0.0
2019-01-03,7,0,281,5.87,5.87,0.0,146.376922,0.0
2019-01-03,7,0,282,0.0,0.0,0.0,0.0,0.0
2019-01-03,8,0,9,0.0,0.0,0.0,0.0,0.0
2019-01-03,8,0,17,0.0,0.0,0.0,0.0,0.0
2019-01-03,8,0,19,502.69,502.69,0.0,4721.376579,0.0
2019-01-03,8,0,20,625.64,625.64,0.0,5876.150396,0.0
2019-01-03,8,0,21,0.0,0.0,0.0,0.0,0.0
2019-01-03,8,0,22,0.0,0.0,0.0,0.0,0.0
2019-01-03,8,0,23,17.3,17.3,0.0,396.354123,0.0
2019-01-03,8,0,24,30.61,30.61,0.0,701.29478,0.0
2019-01-03,8,0,29,0.0,0.0,0.0,0.0,0.0
2019-01-03,8,0,30,0.0,0.0,0.0,0.0,0.0
2019-01-03,8,0,31,10.71,10.71,0.0,245.23045,0.0
2019-01-03,8,0,32,0.0,0.0,0.0,0.0,0.0
2019-01-03,8,0,33,0.0,0.0,0.0,0.0,0.0
2019-01-03,8,0,34,0.0,0.0,0.0,0.0,0.0
2019-01-03,8,0,35,0.0,0.0,0.0,0.0,0.0
2019-01-03,8,0,36,0.0,0.0,0.0,0.0,0.0
2019-01-03,8,0,37,0.0,0.0,0.0,0.0,0.0
2019-01-03,8,0,38,0.0,0.0,0.0,0.0,0.0
2019-01-03,8,0,39,0.0,0.0,0.0,0.0,0.0
2019-01-03,8,0,40,0.0,0.0,0.0,0.0,0.0
2019-01-03,8,0,41,23.31,23.31,0.0,545.204016,0.0
2019-01-03,8,0,42,0.0,0.0,0.0,0.0,0.0
2019-01-03,8,0,43,0.0,0.0,0.0,0.0,0.0
2019-01-03,8,0,46,0.0,0.0,0.0,0.0,0.0
2019-01-03,8,0,52,11.36,11.36,0.0,260.113717,0.0
2019-01-03,8,0,53,18.04,18.04,0.0,413.06791,0.0
2019-01-03,8,0,55,30.9,30.9,0.0,707.938867,0.0
2019-01-03,8,0,56,0.0,0.0,0.0,0.0,0.0
2019-01-03,8,0,57,0.0,0.0,0.0,0.0,0.0
2019-01-03,8,0,58,0.0,0.0,0.0,0.0,0.0
2019-01-03,8,0,59,0.0,0.0,0.0,0.0,0.0
2019-01-03,8,0,63,18.46,18.46,0.0,550.26193,0.0
2019-01-03,8,0,64,21.7,21.7,0.0,646.840947,0.0
2019-01-03,8,0,65,16.08,16.08,0.0,254.32505,0.0
2019-01-03,8,0,67,0.0,0.0,0.0,0.0,0.0
2019-01-03,8,0,68,0.93,0.93,0.0,17.784531,0.0
2019-01-03,8,0,69,0.0,0.0,0.0,0.0,0.0
2019-01-03,8,0,74,9.88,9.88,0.0,230.22478,0.0
2019-01-03,8,0,77,22.78,22.78,0.0,491.694029,0.0
2019-01-03,8,0,78,17.2,17.2,0.0,371.252735,0.0
2019-01-03,8,0,79,9.92,9.92,0.0,214.117856,0.0
2019-01-03,8,0,80,16.09,16.09,0.0,347.293983,0.0
2019-01-03,8,0,81,21.06,21.06,0.0,454.568756,0.0
2019-01-03,8,0,82,14.83,14.83,0.0,320.097562,0.0
2019-01-03,8,0,83,33.18,33.18,0.0,716.172427,0.0
2019-01-03,8,0,84,0.0,0.0,0.0,0.0,0.0
2019-01-03,8,0,86,0.0,0.0,0.0,0.0,0.0
2019-01-03,8,0,87,0.0,0.0,0.0,0.0,0.0
2019-01-03,8,0,88,24.2,24.2,0.0,522.343964,0.0
2019-01-03,8,0,89,23.35,23.35,0.0,503.997172,0.0
2019-01-03,8,0,90,30.47,30.47,0.0,657.678537,0.0
2019-01-03,8,0,91,95.52,95.52,0.0,2061.747747,0.0
2019-01-03,8,0,92,38.22,38.22,0.0,824.958112,0.0
2019-01-03,8,0,95,9.35,9.35,0.0,267.566628,0.0
2019-01-03,8,0,96,5.84,5.84,0.0,133.639204,0.0
2019-01-03,8,0,97,35.91,35.91,0.0,821.743806,0.0
2019-01-03,8,0,99,1.91,1.91,0.0,44.507017,0.0
2019-01-03,8,0,101,0.0,0.0,0.0,0.0,0.0
2019-01-03,8,0,102,2.2,2.2,0.0,42.070933,0.0
2019-01-03,8,0,103,1.91,1.91,0.0,36.525219,0.0
2019-01-03,8,0,104,0.36,0.36,0.0,6.884335,0.0
2019-01-03,8,0,106,0.0,0.0,0.0,0.0,0.0
2019-01-03,8,0,109,38.1,38.1,0.0,923.178574,0.0
2019-01-03,8,0,110,27.4,27.4,0.0,206.819129,0.0
2019-01-03,8,0,111,0.0,0.0,0.0,0.0,0.0
2019-01-03,8,0,113,26.94,26.94,0.0,589.232382,0.0
2019-01-03,8,0,115,26.94,26.94,0.0,589.232382,0.0
2019-01-03,8,0,116,0.0,0.0,0.0,0.0,0.0
2019-01-03,8,0,117,1.39,1.39,0.0,30.402116,0.0
2019-01-03,8,0,119,21.7,21.7,0.0,646.840947,0.0
2019-01-03,8,0,120,12.8,12.8,0.0,381.546734,0.0
2019-01-03,8,0,123,0.0,0.0,0.0,0.0,0.0
2019-01-03,8,0,125,27.7,27.7,0.0,634.624809,0.0
2019-01-03,8,0,126,0.0,0.0,0.0,0.0,0.0
2019-01-03,8,0,127,0.0,0.0,0.0,0.0,0.0
2019-01-03,8,0,128,39.67,39.67,0.0,908.865205,0.0
2019-01-03,8,0,131,2.86,2.86,0.0,56.868606,0.0
2019-01-03,8,0,132,4.21,4.21,0.0,83.712178,0.0
2019-01-03,8,0,133,12.05,12.05,0.0,278.903831,0.0
2019-01-03,8,0,134,0.0,0.0,0.0,0.0,0.0
2019-01-03,8,0,135,16.15,16.15,0.0,373.80057,0.0
2019-01-03,8,0,136,40.06,40.06,0.0,647.726123,0.0
2019-01-03,8,0,139,30.1,30.1,0.0,704.017198,0.0
2019-01-03,8,0,140,20.28,20.28,0.0,153.076348,0.0
2019-01-03,8,0,141,26.03,26.03,0.0,423.606781,0.0
2019-01-03,8,0,142,0.0,0.0,0.0,0.0,0.0
2019-01-03,8,0,143,15.58,15.58,0.0,356.740468,0.0
2019-01-03,8,0,145,5.11,5.11,0.0,119.51314,0.0
2019-01-03,8,0,146,8.13,8.13,0.0,61.366406,0.0
2019-01-03,8,0,152,0.0,0.0,0.0,0.0,0.0
2019-01-03,8,0,153,0.0,0.0,0.0,0.0,0.0
2019-01-03,8,0,154,0.0,0.0,0.0,0.0,0.0
2019-01-03,8,0,157,6.42,6.42,0.0,104.477738,0.0
2019-01-03,8,0,158,0.0,0.0,0.0,0.0,0.0
2019-01-03,8,0,159,0.0,0.0,0.0,0.0,0.0
2019-01-03,8,0,160,0.0,0.0,0.0,0.0,0.0
2019-01-03,8,0,161,0.0,0.0,0.0,0.0,0.0
2019-01-03,8,0,162,8.22,8.22,0.0,235.321777,0.0
2019-01-03,8,0,163,26.58,26.58,0.0,200.629652,0.0
2019-01-03,8,0,164,0.0,0.0,0.0,0.0,0.0
2019-01-03,8,0,167,0.0,0.0,0.0,0.0,0.0
2019-01-03,8,0,168,0.0,0.0,0.0,0.0,0.0
2019-01-03,8,0,169,0.0,0.0,0.0,0.0,0.0
2019-01-03,8,0,170,0.0,0.0,0.0,0.0,0.0
2019-01-03,8,0,172,0.0,0.0,0.0,0.0,0.0
2019-01-03,8,0,173,0.0,0.0,0.0,0.0,0.0
2019-01-03,8,0,188,0.0,0.0,0.0,0.0,0.0
2019-01-03,8,0,190,0.0,0.0,0.0,0.0,0.0
2019-01-03,8,0,191,0.0,0.0,0.0,0.0,0.0
2019-01-03,8,0,192,50.62,50.62,0.0,1508.898098,0.0
2019-01-03,8,0,194,40.48,40.48,0.0,982.096265,0.0
2019-01-03,8,0,196,0.0,0.0,0.0,0.0,0.0
2019-01-03,8,0,198,0.0,0.0,0.0,0.0,0.0
2019-01-03,8,0,199,8.06,8.06,0.0,131.190615,0.0
2019-01-03,8,0,200,0.0,0.0,0.0,0.0,0.0
2019-01-03,8,0,204,151.99,151.99,0.0,3689.506444,0.0
2019-01-03,8,0,205,201.55,201.55,0.0,4883.638885,0.0
2019-01-03,8,0,206,105.51,105.51,0.0,2414.430214,0.0
2019-01-03,8,0,210,0.0,0.0,0.0,0.0,0.0
2019-01-03,8,0,214,0.0,0.0,0.0,0.0,0.0
2019-01-03,8,0,217,0.0,0.0,0.0,0.0,0.0
2019-01-03,8,0,218,0.0,0.0,0.0,0.0,0.0
2019-01-03,8,0,219,0.0,0.0,0.0,0.0,0.0
2019-01-03,8,0,221,0.0,0.0,0.0,0.0,0.0
2019-01-03,8,0,225,0.0,0.0,0.0,0.0,0.0
2019-01-03,8,0,233,0.0,0.0,0.0,0.0,0.0
2019-01-03,8,0,236,17.49,17.49,0.0,399.594601,0.0
2019-01-03,8,0,237,23.71,23.71,0.0,552.492868,0.0
2019-01-03,8,0,238,0.0,0.0,0.0,0.0,0.0
2019-01-03,8,0,240,0.0,0.0,0.0,0.0,0.0
2019-01-03,8,0,245,24.48,24.48,0.0,510.349145,0.0
2019-01-03,8,0,247,32.43,32.43,0.0,676.087532,0.0
2019-01-03,8,0,248,2.38,2.38,0.0,55.459006,0.0
2019-01-03,8,0,249,47.07,47.07,0.0,981.296334,0.0
2019-01-03,8,0,251,97.55,97.55,0.0,1749.428032,0.0
2019-01-03,8,0,252,103.71,103.71,0.0,1640.301675,0.0
2019-01-03,8,0,254,0.0,0.0,0.0,0.0,0.0
2019-01-03,8,0,255,0.0,0.0,0.0,0.0,0.0
2019-01-03,8,0,258,0.0,0.0,0.0,0.0,0.0
2019-01-03,8,0,260,0.0,0.0,0.0,0.0,0.0
2019-01-03,8,0,265,0.0,0.0,0.0,0.0,0.0
2019-01-03,8,0,266,19.49,19.49,0.0,455.856983,0.0
2019-01-03,8,0,267,23.95,23.95,0.0,560.173153,0.0
2019-01-03,8,0,270,83.02,83.02,0.0,626.646865,0.0
2019-01-03,8,0,272,93.26,93.26,0.0,2039.785152,0.0
2019-01-03,8,0,273,0.0,0.0,0.0,0.0,0.0
2019-01-03,8,0,274,107.02,107.02,0.0,807.802307,0.0
2019-01-03,8,0,275,148.98,148.98,0.0,1124.522404,0.0
2019-01-03,8,0,276,0.0,0.0,0.0,0.0,0.0
2019-01-03,8,0,277,0.0,0.0,0.0,0.0,0.0
2019-01-03,8,0,278,0.0,0.0,0.0,0.0,0.0
2019-01-03,8,0,279,35.74,35.74,0.0,777.585771,0.0
2019-01-03,8,0,281,4.81,4.81,0.0,110.136178,0.0
2019-01-03,8,0,282,0.0,0.0,0.0,0.0,0.0
2019-01-03,9,0,9,0.12,0.12,0.0,2.431463,0.0
2019-01-03,9,0,17,2.35,2.35,0.0,30.205544,0.0
2019-01-03,9,0,19,475.02,475.02,0.0,6105.633036,0.0
2019-01-03,9,0,20,589.85,589.85,0.0,7581.59161,0.0
2019-01-03,9,0,21,2.64,2.64,0.0,53.492175,0.0
2019-01-03,9,0,22,9.37,9.37,0.0,189.856697,0.0
2019-01-03,9,0,23,32.32,32.32,0.0,654.8739,0.0
2019-01-03,9,0,24,57.18,57.18,0.0,1158.591881,0.0
2019-01-03,9,0,29,0.37,0.37,0.0,3.134732,0.0
2019-01-03,9,0,30,18.93,18.93,0.0,383.874119,0.0
2019-01-03,9,0,31,25.03,25.03,0.0,507.57365,0.0
2019-01-03,9,0,32,0.13,0.13,0.0,4.062027,0.0
2019-01-03,9,0,33,0.19,0.19,0.0,3.616091,0.0
2019-01-03,9,0,34,0.31,0.31,0.0,5.899938,0.0
2019-01-03,9,0,35,0.31,0.31,0.0,5.899938,0.0
2019-01-03,9,0,36,1.05,1.05,0.0,19.081422,0.0
2019-01-03,9,0,37,0.52,0.52,0.0,9.410187,0.0
2019-01-03,9,0,38,0.66,0.66,0.0,11.943699,0.0
2019-01-03,9,0,39,0.44,0.44,0.0,7.962466,0.0
2019-01-03,9,0,40,0.44,0.44,0.0,7.962466,0.0
2019-01-03,9,0,41,34.8,34.8,0.0,678.485866,0.0
2019-01-03,9,0,42,7.59,7.59,0.0,131.201729,0.0
2019-01-03,9,0,43,2.48,2.48,0.0,43.902646,0.0
2019-01-03,9,0,46,1.96,1.96,0.0,35.679658,0.0
2019-01-03,9,0,52,26.56,26.56,0.0,538.599926,0.0
2019-01-03,9,0,53,42.42,42.42,0.0,860.218707,0.0
2019-01-03,9,0,55,73.4,73.4,0.0,1487.244563,0.0
2019-01-03,9,0,56,5.58,5.58,0.0,113.154653,0.0
2019-01-03,9,0,57,5.31,5.31,0.0,107.679428,0.0
2019-01-03,9,0,58,10.21,10.21,0.0,207.044625,0.0
2019-01-03,9,0,59,10.04,10.04,0.0,203.597261,0.0
2019-01-03,9,0,63,6.87,6.87,0.0,222.777317,0.0
2019-01-03,9,0,64,8.08,8.08,0.0,262.014662,0.0
2019-01-03,9,0,65,19.48,19.48,0.0,308.100247,0.0
2019-01-03,9,0,67,7.38,7.38,0.0,122.282722,0.0
2019-01-03,9,0,68,1.44,1.44,0.0,28.102162,0.0
2019-01-03,9,0,69,0.19,0.19,0.0,3.616091,0.0
2019-01-03,9,0,74,18.84,18.84,0.0,353.08891,0.0
2019-01-03,9,0,77,9.26,9.26,0.0,202.430064,0.0
2019-01-03,9,0,78,7.0,7.0,0.0,153.024887,0.0
2019-01-03,9,0,79,4.05,4.05,0.0,88.535827,0.0
2019-01-03,9,0,80,6.55,6.55,0.0,143.187572,0.0
2019-01-03,9,0,81,8.56,8.56,0.0,187.127576,0.0
2019-01-03,9,0,82,6.04,6.04,0.0,132.038616,0.0
2019-01-03,9,0,83,13.47,13.47,0.0,294.463603,0.0
2019-01-03,9,0,84,0.0,0.0,0.0,0.0,0.0
2019-01-03,9,0,86,0.98,0.98,0.0,18.651417,0.0
2019-01-03,9,0,87,5.01,5.01,0.0,95.35061,0.0
2019-01-03,9,0,88,31.94,31.94,0.0,698.230697,0.0
2019-01-03,9,0,89,30.51,30.51,0.0,666.969898,0.0
2019-01-03,9,0,90,42.83,42.83,0.0,936.293699,0.0
2019-01-03,9,0,91,160.92,160.92,0.0,3517.823535,0.0
2019-01-03,9,0,92,56.62,56.62,0.0,1237.752725,0.0
2019-01-03,9,0,95,10.35,10.35,0.0,324.442349,0.0
2019-01-03,9,0,96,7.9,7.9,0.0,160.336634,0.0
2019-01-03,9,0,97,48.56,48.56,0.0,985.562908,0.0
2019-01-03,9,0,99,3.64,3.64,0.0,68.218876,0.0
2019-01-03,9,0,101,0.38,0.38,0.0,7.705872,0.0
2019-01-03,9,0,102,3.41,3.41,0.0,66.547481,0.0
2019-01-03,9,0,103,2.97,2.97,0.0,57.960709,0.0
2019-01-03,9,0,104,0.55,0.55,0.0,10.733465,0.0
2019-01-03,9,0,106,9.23,9.23,0.0,187.019991,0.0
2019-01-03,9,0,109,80.93,80.93,0.0,1519.146975,0.0
2019-01-03,9,0,110,49.57,49.57,0.0,374.161468,0.0
2019-01-03,9,0,111,1.58,1.58,0.0,30.804818,0.0
2019-01-03,9,0,113,15.12,15.12,0.0,344.931123,0.0
2019-01-03,9,0,115,15.12,15.12,0.0,344.931123,0.0
2019-01-03,9,0,116,1.54,1.54,0.0,11.624141,0.0
2019-01-03,9,0,117,1.03,1.03,0.0,23.497292,0.0
2019-01-03,9,0,119,8.08,8.08,0.0,262.014662,0.0
2019-01-03,9,0,120,4.75,4.75,0.0,154.030896,0.0
2019-01-03,9,0,123,0.15,0.15,0.0,3.039328,0.0
2019-01-03,9,0,125,51.74,51.74,0.0,1048.365581,0.0
2019-01-03,9,0,126,6.92,6.92,0.0,140.214338,0.0
2019-01-03,9,0,127,8.88,8.88,0.0,179.928225,0.0
2019-01-03,9,0,128,74.11,74.11,0.0,1501.630716,0.0
2019-01-03,9,0,131,2.78,2.78,0.0,56.439988,0.0
2019-01-03,9,0,132,4.08,4.08,0.0,82.832787,0.0
2019-01-03,9,0,133,19.47,19.47,0.0,374.828217,0.0
2019-01-03,9,0,134,0.0,0.0,0.0,0.0,0.0
2019-01-03,9,0,135,26.09,26.09,0.0,502.273661,0.0
2019-01-03,9,0,136,41.28,41.28,0.0,659.608448,0.0
2019-01-03,9,0,139,44.94,44.94,0.0,876.18261,0.0
2019-01-03,9,0,140,36.69,36.69,0.0,276.941381,0.0
2019-01-03,9,0,141,49.65,49.65,0.0,822.674411,0.0
2019-01-03,9,0,142,9.73,9.73,0.0,161.220987,0.0
2019-01-03,9,0,143,51.12,51.12,0.0,1036.642628,0.0
2019-01-03,9,0,145,7.17,7.17,0.0,141.397523,0.0
2019-01-03,9,0,146,23.65,23.65,0.0,178.513591,0.0
2019-01-03,9,0,152,0.85,0.85,0.0,15.846012,0.0
2019-01-03,9,0,153,1.05,1.05,0.0,19.56438,0.0
2019-01-03,9,0,154,6.51,6.51,0.0,126.923649,0.0
2019-01-03,9,0,157,11.82,11.82,0.0,195.851189,0.0
2019-01-03,9,0,158,0.0,0.0,0.0,0.0,0.0
2019-01-03,9,0,159,0.0,0.0,0.0,0.0,0.0
2019-01-03,9,0,160,0.18,0.18,0.0,3.002079,0.0
2019-01-03,9,0,161,2.07,2.07,0.0,40.396858,0.0
2019-01-03,9,0,162,10.9,10.9,0.0,341.773887,0.0
2019-01-03,9,0,163,20.9,20.9,0.0,157.756197,0.0
2019-01-03,9,0,164,0.51,0.51,0.0,10.342092,0.0
2019-01-03,9,0,167,0.15,0.15,0.0,4.696459,0.0
2019-01-03,9,0,168,0.07,0.07,0.0,2.191681,0.0
2019-01-03,9,0,169,0.0,0.0,0.0,0.0,0.0
2019-01-03,9,0,170,0.16,0.16,0.0,5.009556,0.0
2019-01-03,9,0,172,0.33,0.33,0.0,10.530567,0.0
2019-01-03,9,0,173,0.51,0.51,0.0,16.274512,0.0
2019-01-03,9,0,188,0.26,0.26,0.0,8.100859,0.0
2019-01-03,9,0,190,0.15,0.15,0.0,4.864134,0.0
2019-01-03,9,0,191,0.38,0.38,0.0,12.322472,0.0
2019-01-03,9,0,192,33.22,33.22,0.0,1077.243447,0.0
2019-01-03,9,0,194,33.69,33.69,0.0,872.373571,0.0
2019-01-03,9,0,196,0.11,0.11,0.0,3.898161,0.0
2019-01-03,9,0,198,0.66,0.66,0.0,9.465292,0.0
2019-01-03,9,0,199,12.29,12.29,0.0,223.742196,0.0
2019-01-03,9,0,200,0.59,0.59,0.0,10.741082,0.0
2019-01-03,9,0,204,196.84,196.84,0.0,3699.624472,0.0
2019-01-03,9,0,205,455.79,455.79,0.0,8555.690098,0.0
2019-01-03,9,0,206,142.7,142.7,0.0,2896.207309,0.0
2019-01-03,9,0,210,0.11,0.11,0.0,0.978324,0.0
2019-01-03,9,0,214,0.61,0.61,0.0,11.65905,0.0
2019-01-03,9,0,217,0.69,0.69,0.0,10.047516,0.0
2019-01-03,9,0,218,0.95,0.95,0.0,13.833537,0.0
2019-01-03,9,0,219,0.64,0.64,0.0,9.319435,0.0
2019-01-03,9,0,221,0.33,0.33,0.0,6.307355,0.0
2019-01-03,9,0,225,0.5,0.5,0.0,4.215766,0.0
2019-01-03,9,0,233,0.56,0.56,0.0,10.657952,0.0
2019-01-03,9,0,236,38.16,38.16,0.0,715.603548,0.0
2019-01-03,9,0,237,45.19,45.19,0.0,846.926106,0.0
2019-01-03,9,0,238,9.88,9.88,0.0,170.786968,0.0
2019-01-03,9,0,240,1.19,1.19,0.0,21.625612,0.0
2019-01-03,9,0,245,42.65,42.65,0.0,779.262752,0.0
2019-01-03,9,0,247,64.99,64.99,0.0,1187.439303,0.0
2019-01-03,9,0,248,4.54,4.54,0.0,85.086181,0.0
2019-01-03,9,0,249,82.01,82.01,0.0,1498.41356,0.0
2019-01-03,9,0,251,144.19,144.19,0.0,2416.699118,0.0
2019-01-03,9,0,252,125.66,125.66,0.0,1987.468021,0.0
2019-01-03,9,0,254,1.57,1.57,0.0,27.389601,0.0
2019-01-03,9,0,255,0.72,0.72,0.0,12.560836,0.0
2019-01-03,9,0,258,1.43,1.43,0.0,25.878506,0.0
2019-01-03,9,0,260,0.43,0.43,0.0,7.171633,0.0
2019-01-03,9,0,265,6.74,6.74,0.0,131.407895,0.0
2019-01-03,9,0,266,29.1,29.1,0.0,567.354561,0.0
2019-01-03,9,0,267,35.76,35.76,0.0,697.202718,0.0
2019-01-03,9,0,270,65.28,65.28,0.0,492.742801,0.0
2019-01-03,9,0,272,50.45,50.45,0.0,1150.911055,0.0
2019-01-03,9,0,273,0.37,0.37,0.0,2.792813,0.0
2019-01-03,9,0,274,84.16,84.16,0.0,635.251749,0.0
2019-01-03,9,0,275,117.15,117.15,0.0,884.264999,0.0
2019-01-03,9,0,276,0.1,0.1,0.0,0.956242,0.0
2019-01-03,9,0,277,0.23,0.23,0.0,5.159164,0.0
2019-01-03,9,0,278,0.36,0.36,0.0,8.075214,0.0
2019-01-03,9,0,279,31.6,31.6,0.0,708.824335,0.0
2019-01-03,9,0,281,11.15,11.15,0.0,226.10652,0.0
2019-01-03,9,0,282,10.38,10.38,0.0,210.491989,0.0
2019-01-03,10,0,9,1.12,1.12,0.0,12.718541,0.0
2019-01-03,10,0,17,18.45,18.45,0.0,208.442945,0.0
2019-01-03,10,0,19,349.46,349.46,0.0,3948.101446,0.0
2019-01-03,10,0,20,433.01,433.01,0.0,4892.026004,0.0
2019-01-03,10,0,21,25.52,25.52,0.0,289.801036,0.0
2019-01-03,10,0,22,90.68,90.68,0.0,1029.747567,0.0
2019-01-03,10,0,23,55.11,55.11,0.0,625.82034,0.0
2019-01-03,10,0,24,97.5,97.5,0.0,1107.194396,0.0
2019-01-03,10,0,29,1.28,1.28,0.0,11.512719,0.0
2019-01-03,10,0,30,211.12,211.12,0.0,2397.858177,0.0
2019-01-03,10,0,31,85.87,85.87,0.0,975.294059,0.0
2019-01-03,10,0,32,0.46,0.46,0.0,14.478522,0.0
2019-01-03,10,0,33,1.05,1.05,0.0,11.938913,0.0
2019-01-03,10,0,34,1.67,1.67,0.0,18.988557,0.0
2019-01-03,10,0,35,1.67,1.67,0.0,18.988557,0.0
2019-01-03,10,0,36,4.55,4.55,0.0,50.451958,0.0
2019-01-03,10,0,37,2.07,2.07,0.0,22.917426,0.0
2019-01-03,10,0,38,2.66,2.66,0.0,29.449446,0.0
2019-01-03,10,0,39,1.77,1.77,0.0,19.59606,0.0
2019-01-03,10,0,40,1.77,1.77,0.0,19.59606,0.0
2019-01-03,10,0,41,34.8,34.8,0.0,392.312397,0.0
2019-01-03,10,0,42,25.64,25.64,0.0,289.269651,0.0
2019-01-03,10,0,43,13.27,13.27,0.0,145.958105,0.0
2019-01-03,10,0,46,10.3,10.3,0.0,114.099306,0.0
2019-01-03,10,0,52,91.07,91.07,0.0,1034.354605,0.0
2019-01-03,10,0,53,145.22,145.22,0.0,1649.379332,0.0
2019-01-03,10,0,55,144.53,144.53,0.0,1641.259549,0.0
2019-01-03,10,0,56,62.27,62.27,0.0,707.250041,0.0
2019-01-03,10,0,57,59.24,59.24,0.0,672.835915,0.0
2019-01-03,10,0,58,113.92,113.92,0.0,1293.880274,0.0
2019-01-03,10,0,59,112.02,112.02,0.0,1272.300459,0.0
2019-01-03,10,0,63,4.65,4.65,0.0,150.788141,0.0
2019-01-03,10,0,64,5.47,5.47,0.0,177.378737,0.0
2019-01-03,10,0,65,23.8,23.8,0.0,268.816105,0.0
2019-01-03,10,0,67,109.44,109.44,0.0,1158.08061,0.0
2019-01-03,10,0,68,2.1,2.1,0.0,23.344158,0.0
2019-01-03,10,0,69,1.05,1.05,0.0,11.938913,0.0
2019-01-03,10,0,74,54.55,54.55,0.0,612.396485,0.0
2019-01-03,10,0,77,9.25,9.25,0.0,106.821325,0.0
2019-01-03,10,0,78,6.99,6.99,0.0,80.722277,0.0
2019-01-03,10,0,79,4.04,4.04,0.0,46.654935,0.0
2019-01-03,10,0,80,6.54,6.54,0.0,75.525564,0.0
2019-01-03,10,0,81,8.55,8.55,0.0,98.737549,0.0
2019-01-03,10,0,82,6.03,6.03,0.0,69.635956,0.0
2019-01-03,10,0,83,13.45,13.45,0.0,155.323981,0.0
2019-01-03,10,0,84,0.0,0.0,0.0,0.0,0.0
2019-01-03,10,0,86,5.3,5.3,0.0,60.263086,0.0
2019-01-03,10,0,87,27.07,27.07,0.0,307.796555,0.0
2019-01-03,10,0,88,22.13,22.13,0.0,255.562803,0.0
2019-01-03,10,0,89,21.17,21.17,0.0,244.476481,0.0
2019-01-03,10,0,90,29.4,29.4,0.0,339.51859,0.0
2019-01-03,10,0,91,108.9,108.9,0.0,1257.604573,0.0
2019-01-03,10,0,92,38.59,38.59,0.0,445.64702,0.0
2019-01-03,10,0,95,39.4,39.4,0.0,1240.758609,0.0
2019-01-03,10,0,96,10.43,10.43,0.0,118.483163,0.0
2019-01-03,10,0,97,64.17,64.17,0.0,728.961127,0.0
2019-01-03,10,0,99,11.21,11.21,0.0,125.847197,0.0
2019-01-03,10,0,101,4.25,4.25,0.0,48.270639,0.0
2019-01-03,10,0,102,4.97,4.97,0.0,55.247842,0.0
2019-01-03,10,0,103,4.32,4.32,0.0,48.022269,0.0
2019-01-03,10,0,104,0.8,0.8,0.0,8.893013,0.0
2019-01-03,10,0,106,89.27,89.27,0.0,1013.735833,0.0
2019-01-03,10,0,109,143.48,143.48,0.0,1602.853219,0.0
2019-01-03,10,0,110,82.14,82.14,0.0,734.775797,0.0
2019-01-03,10,0,111,7.59,7.59,0.0,85.564687,0.0
2019-01-03,10,0,113,25.24,25.24,0.0,295.294899,0.0
2019-01-03,10,0,115,25.24,25.24,0.0,295.294899,0.0
2019-01-03,10,0,116,9.04,9.04,0.0,80.866487,0.0
2019-01-03,10,0,117,1.68,1.68,0.0,19.655128,0.0
2019-01-03,10,0,119,5.47,5.47,0.0,177.378737,0.0
2019-01-03,10,0,120,3.21,3.21,0.0,104.092458,0.0
2019-01-03,10,0,123,1.49,1.49,0.0,16.920202,0.0
2019-01-03,10,0,125,88.23,88.23,0.0,1001.925759,0.0
2019-01-03,10,0,126,66.95,66.95,0.0,760.273485,0.0
2019-01-03,10,0,127,85.92,85.92,0.0,975.693769,0.0
2019-01-03,10,0,128,126.37,126.37,0.0,1435.037495,0.0
2019-01-03,10,0,131,3.6,3.6,0.0,40.532345,0.0
2019-01-03,10,0,132,5.81,5.81,0.0,65.414702,0.0
2019-01-03,10,0,133,30.83,30.83,0.0,348.317226,0.0
2019-01-03,10,0,134,0.0,0.0,0.0,0.0,0.0
2019-01-03,10,0,135,41.31,41.31,0.0,466.720228,0.0
2019-01-03,10,0,136,42.58,42.58,0.0,480.925502,0.0
2019-01-03,10,0,139,44.94,44.94,0.0,506.624112,0.0
2019-01-03,10,0,140,60.79,60.79,0.0,543.79134,0.0
2019-01-03,10,0,141,85.22,85.22,0.0,901.787551,0.0
2019-01-03,10,0,142,144.32,144.32,0.0,1527.176477,0.0
2019-01-03,10,0,143,146.92,146.92,0.0,1668.687587,0.0
2019-01-03,10,0,145,18.23,18.23,0.0,205.797075,0.0
2019-01-03,10,0,146,53.58,53.58,0.0,479.29495,0.0
2019-01-03,10,0,152,3.41,3.41,0.0,38.212933,0.0
2019-01-03,10,0,153,4.19,4.19,0.0,46.935668,0.0
2019-01-03,10,0,154,31.32,31.32,0.0,353.081157,0.0
2019-01-03,10,0,157,19.42,19.42,0.0,205.50005,0.0
2019-01-03,10,0,158,97.28,97.28,0.0,1029.404987,0.0
2019-01-03,10,0,159,0.0,0.0,0.0,0.0,0.0
2019-01-03,10,0,160,0.83,0.83,0.0,8.978615,0.0
2019-01-03,10,0,161,14.93,14.93,0.0,165.96585,0.0
2019-01-03,10,0,162,31.38,31.38,0.0,988.57192,0.0
2019-01-03,10,0,163,9.2,9.2,0.0,82.297752,0.0
2019-01-03,10,0,164,7.89,7.89,0.0,89.613021,0.0
2019-01-03,10,0,167,0.56,0.56,0.0,17.621022,0.0
2019-01-03,10,0,168,0.28,0.28,0.0,8.810511,0.0
2019-01-03,10,0,169,0.0,0.0,0.0,0.0,0.0
2019-01-03,10,0,170,0.61,0.61,0.0,19.194328,0.0
2019-01-03,10,0,172,0.95,0.95,0.0,29.657447,0.0
2019-01-03,10,0,173,1.45,1.45,0.0,45.266629,0.0
2019-01-03,10,0,188,0.93,0.93,0.0,28.845236,0.0
2019-01-03,10,0,190,0.67,0.67,0.0,21.726463,0.0
2019-01-03,10,0,191,1.72,1.72,0.0,55.775398,0.0
2019-01-03,10,0,192,22.07,22.07,0.0,715.676186,0.0
2019-01-03,10,0,194,15.4,15.4,0.0,188.470689,0.0
2019-01-03,10,0,196,0.53,0.53,0.0,17.729683,0.0
2019-01-03,10,0,198,2.39,2.39,0.0,24.813834,0.0
2019-01-03,10,0,199,17.91,17.91,0.0,179.612442,0.0
2019-01-03,10,0,200,3.06,3.06,0.0,30.687553,0.0
2019-01-03,10,0,204,205.7,205.7,0.0,2297.707833,0.0
2019-01-03,10,0,205,847.36,847.36,0.0,9466.083802,0.0
2019-01-03,10,0,206,188.55,188.55,0.0,2141.898402,0.0
2019-01-03,10,0,210,0.38,0.38,0.0,3.446012,0.0
2019-01-03,10,0,214,2.86,2.86,0.0,32.643751,0.0
2019-01-03,10,0,217,1.83,1.83,0.0,19.01078,0.0
2019-01-03,10,0,218,2.53,2.53,0.0,26.282663,0.0
2019-01-03,10,0,219,1.72,1.72,0.0,17.868056,0.0
2019-01-03,10,0,221,1.53,1.53,0.0,17.463265,0.0
2019-01-03,10,0,225,1.29,1.29,0.0,11.593425,0.0
2019-01-03,10,0,233,3.0,3.0,0.0,34.111181,0.0
2019-01-03,10,0,236,71.43,71.43,0.0,803.983164,0.0
2019-01-03,10,0,237,127.47,127.47,0.0,1431.020713,0.0
2019-01-03,10,0,238,33.37,33.37,0.0,376.479261,0.0
2019-01-03,10,0,240,5.15,5.15,0.0,57.104964,0.0
2019-01-03,10,0,245,72.23,72.23,0.0,816.811617,0.0
2019-01-03,10,0,247,119.48,119.48,0.0,1351.137368,0.0
2019-01-03,10,0,248,13.91,13.91,0.0,156.158297,0.0
2019-01-03,10,0,249,138.9,138.9,0.0,1570.748078,0.0
2019-01-03,10,0,251,208.93,208.93,0.0,2358.817572,0.0
2019-01-03,10,0,252,153.5,153.5,0.0,1733.750927,0.0
2019-01-03,10,0,254,5.44,5.44,0.0,59.587367,0.0
2019-01-03,10,0,255,2.49,2.49,0.0,27.274365,0.0
2019-01-03,10,0,258,6.42,6.42,0.0,71.094629,0.0
2019-01-03,10,0,260,2.02,2.02,0.0,21.851569,0.0
2019-01-03,10,0,265,32.42,32.42,0.0,365.481836,0.0
2019-01-03,10,0,266,29.1,29.1,0.0,328.054332,0.0
2019-01-03,10,0,267,35.76,35.76,0.0,403.134808,0.0
2019-01-03,10,0,270,28.71,28.71,0.0,256.822658,0.0
2019-01-03,10,0,272,84.34,84.34,0.0,986.734222,0.0
2019-01-03,10,0,273,2.16,2.16,0.0,19.322081,0.0
2019-01-03,10,0,274,37.01,37.01,0.0,331.069543,0.0
2019-01-03,10,0,275,51.52,51.52,0.0,460.86741,0.0
2019-01-03,10,0,276,0.62,0.62,0.0,5.772694,0.0
2019-01-03,10,0,277,1.54,1.54,0.0,17.92383,0.0
2019-01-03,10,0,278,2.46,2.46,0.0,28.631572,0.0
2019-01-03,10,0,279,27.71,27.71,0.0,322.512549,0.0
2019-01-03,10,0,281,38.28,38.28,0.0,434.776483,0.0
2019-01-03,10,0,282,115.81,115.81,0.0,1315.346511,0.0
2019-01-03,11,0,9,1.91,1.91,0.0,31.392954,0.0
2019-01-03,11,0,17,27.86,27.86,0.0,608.025038,0.0
2019-01-03,11,0,19,192.99,192.99,0.0,4211.871937,0.0
2019-01-03,11,0,20,234.06,234.06,0.0,5108.195998,0.0
2019-01-03,11,0,21,43.69,43.69,0.0,718.093289,0.0
2019-01-03,11,0,22,155.28,155.28,0.0,2552.197892,0.0
2019-01-03,11,0,23,55.13,55.13,0.0,906.122294,0.0
2019-01-03,11,0,24,97.5,97.5,0.0,1602.519929,0.0
2019-01-03,11,0,29,1.9,1.9,0.0,13.70278,0.0
2019-01-03,11,0,30,364.85,364.85,0.0,5988.44895,0.0
2019-01-03,11,0,31,119.91,119.91,0.0,1968.137354,0.0
2019-01-03,11,0,32,0.72,0.72,0.0,20.497685,0.0
2019-01-03,11,0,33,1.58,1.58,0.0,36.930778,0.0
2019-01-03,11,0,34,2.52,2.52,0.0,58.902253,0.0
2019-01-03,11,0,35,2.52,2.52,0.0,58.902253,0.0
2019-01-03,11,0,36,7.01,7.01,0.0,131.471513,0.0
2019-01-03,11,0,37,3.18,3.18,0.0,59.195557,0.0
2019-01-03,11,0,38,4.09,4.09,0.0,76.135167,0.0
2019-01-03,11,0,39,2.73,2.73,0.0,50.818828,0.0
2019-01-03,11,0,40,2.73,2.73,0.0,50.818828,0.0
2019-01-03,11,0,41,34.8,34.8,0.0,617.937831,0.0
2019-01-03,11,0,42,39.33,39.33,0.0,845.138798,0.0
2019-01-03,11,0,43,20.38,20.38,0.0,374.786448,0.0
2019-01-03,11,0,46,16.07,16.07,0.0,293.613755,0.0
2019-01-03,11,0,52,127.48,127.48,0.0,2092.387206,0.0
2019-01-03,11,0,53,207.62,207.62,0.0,3407.761466,0.0
2019-01-03,11,0,55,460.54,460.54,0.0,7569.482338,0.0
2019-01-03,11,0,56,107.62,107.62,0.0,1766.415996,0.0
2019-01-03,11,0,57,102.37,102.37,0.0,1680.245358,0.0
2019-01-03,11,0,58,196.86,196.86,0.0,3231.152694,0.0
2019-01-03,11,0,59,193.58,193.58,0.0,3177.316562,0.0
2019-01-03,11,0,63,5.51,5.51,0.0,164.243945,0.0
2019-01-03,11,0,64,6.49,6.49,0.0,193.456117,0.0
2019-01-03,11,0,65,36.37,36.37,0.0,791.480443,0.0
2019-01-03,11,0,67,191.35,191.35,0.0,2134.0557,0.0
2019-01-03,11,0,68,5.47,5.47,0.0,69.939155,0.0
2019-01-03,11,0,69,1.58,1.58,0.0,36.930778,0.0
2019-01-03,11,0,74,129.53,129.53,0.0,2603.081407,0.0
2019-01-03,11,0,77,23.34,23.34,0.0,333.523463,0.0
2019-01-03,11,0,78,17.64,17.64,0.0,252.071717,0.0
2019-01-03,11,0,79,10.21,10.21,0.0,145.898653,0.0
2019-01-03,11,0,80,16.51,16.51,0.0,235.924266,0.0
2019-01-03,11,0,81,21.59,21.59,0.0,308.516348,0.0
2019-01-03,11,0,82,15.23,15.23,0.0,217.633348,0.0
2019-01-03,11,0,83,33.96,33.96,0.0,485.280925,0.0
2019-01-03,11,0,84,0.0,0.0,0.0,0.0,0.0
2019-01-03,11,0,86,7.99,7.99,0.0,186.757541,0.0
2019-01-03,11,0,87,40.77,40.77,0.0,952.954309,0.0
2019-01-03,11,0,88,20.6,20.6,0.0,294.369466,0.0
2019-01-03,11,0,89,19.81,19.81,0.0,283.08054,0.0
2019-01-03,11,0,90,26.59,26.59,0.0,379.965248,0.0
2019-01-03,11,0,91,94.86,94.86,0.0,1355.528521,0.0
2019-01-03,11,0,92,34.12,34.12,0.0,487.56729,0.0
2019-01-03,11,0,95,42.8,42.8,0.0,1219.726519,0.0
2019-01-03,11,0,96,25.45,25.45,0.0,417.12006,0.0
2019-01-03,11,0,97,187.06,187.06,0.0,3065.873413,0.0
2019-01-03,11,0,99,27.8,27.8,0.0,558.678786,0.0
2019-01-03,11,0,101,7.35,7.35,0.0,120.638892,0.0
2019-01-03,11,0,102,12.94,12.94,0.0,165.450213,0.0
2019-01-03,11,0,103,11.26,11.26,0.0,143.969814,0.0
2019-01-03,11,0,104,2.09,2.09,0.0,26.722639,0.0
2019-01-03,11,0,106,152.86,152.86,0.0,2512.422526,0.0
2019-01-03,11,0,109,83.48,83.48,0.0,1526.320707,0.0
2019-01-03,11,0,110,68.48,68.48,0.0,421.212194,0.0
2019-01-03,11,0,111,12.16,12.16,0.0,215.923104,0.0
2019-01-03,11,0,113,21.13,21.13,0.0,298.976045,0.0
2019-01-03,11,0,115,21.13,21.13,0.0,298.976045,0.0
2019-01-03,11,0,116,15.23,15.23,0.0,93.677887,0.0
2019-01-03,11,0,117,1.42,1.42,0.0,20.092096,0.0
2019-01-03,11,0,119,6.49,6.49,0.0,193.456117,0.0
2019-01-03,11,0,120,3.81,3.81,0.0,113.56977,0.0
2019-01-03,11,0,123,2.55,2.55,0.0,41.91206,0.0
2019-01-03,11,0,125,88.24,88.24,0.0,1450.321626,0.0
2019-01-03,11,0,126,114.64,114.64,0.0,1884.234714,0.0
2019-01-03,11,0,127,147.13,147.13,0.0,2418.243663,0.0
2019-01-03,11,0,128,126.36,126.36,0.0,2076.865827,0.0
2019-01-03,11,0,131,8.07,8.07,0.0,106.702843,0.0
2019-01-03,11,0,132,11.87,11.87,0.0,156.947057,0.0
2019-01-03,11,0,133,41.94,41.94,0.0,915.55776,0.0
2019-01-03,11,0,134,0.0,0.0,0.0,0.0,0.0
2019-01-03,11,0,135,56.2,56.2,0.0,1226.85613,0.0
2019-01-03,11,0,136,45.9,45.9,0.0,998.714156,0.0
2019-01-03,11,0,139,44.94,44.94,0.0,797.99213,0.0
2019-01-03,11,0,140,50.68,50.68,0.0,311.726548,0.0
2019-01-03,11,0,141,135.56,135.56,0.0,1511.850487,0.0
2019-01-03,11,0,142,252.34,252.34,0.0,2814.254587,0.0
2019-01-03,11,0,143,218.47,218.47,0.0,3585.84745,0.0
2019-01-03,11,0,145,68.94,68.94,0.0,1179.58321,0.0
2019-01-03,11,0,146,56.38,56.38,0.0,346.786558,0.0
2019-01-03,11,0,152,5.25,5.25,0.0,104.988683,0.0
2019-01-03,11,0,153,6.45,6.45,0.0,128.446748,0.0
2019-01-03,11,0,154,50.16,50.16,0.0,890.682805,0.0
2019-01-03,11,0,157,27.85,27.85,0.0,310.600738,0.0
2019-01-03,11,0,158,185.84,185.84,0.0,2072.60471,0.0
2019-01-03,11,0,159,0.0,0.0,0.0,0.0,0.0
2019-01-03,11,0,160,1.28,1.28,0.0,23.028064,0.0
2019-01-03,11,0,161,25.42,25.42,0.0,325.018888,0.0
2019-01-03,11,0,162,52.29,52.29,0.0,1491.02438,0.0
2019-01-03,11,0,163,16.36,16.36,0.0,100.62838,0.0
2019-01-03,11,0,164,13.93,13.93,0.0,228.639424,0.0
2019-01-03,11,0,167,0.87,0.87,0.0,24.762231,0.0
2019-01-03,11,0,168,0.44,0.44,0.0,12.523427,0.0
2019-01-03,11,0,169,0.0,0.0,0.0,0.0,0.0
2019-01-03,11,0,170,0.95,0.95,0.0,27.039217,0.0
2019-01-03,11,0,172,1.48,1.48,0.0,41.312101,0.0
2019-01-03,11,0,173,2.25,2.25,0.0,62.805558,0.0
2019-01-03,11,0,188,1.45,1.45,0.0,40.638538,0.0
2019-01-03,11,0,190,1.1,1.1,0.0,32.789172,0.0
2019-01-03,11,0,191,2.85,2.85,0.0,84.953765,0.0
2019-01-03,11,0,192,27.78,27.78,0.0,828.075645,0.0
2019-01-03,11,0,194,14.64,14.64,0.0,223.027655,0.0
2019-01-03,11,0,196,0.87,0.87,0.0,27.66542,0.0
2019-01-03,11,0,198,3.64,3.64,0.0,59.670368,0.0
2019-01-03,11,0,199,25.81,25.81,0.0,328.267422,0.0
2019-01-03,11,0,200,4.71,4.71,0.0,59.904671,0.0
2019-01-03,11,0,204,257.1,257.1,0.0,4661.372348,0.0
2019-01-03,11,0,205,545.8,545.8,0.0,9979.226661,0.0
2019-01-03,11,0,206,715.0,715.0,0.0,11718.697156,0.0
2019-01-03,11,0,210,0.56,0.56,0.0,4.456241,0.0
2019-01-03,11,0,214,4.28,4.28,0.0,103.978932,0.0
2019-01-03,11,0,217,2.76,2.76,0.0,47.364177,0.0
2019-01-03,11,0,218,3.8,3.8,0.0,65.211549,0.0
2019-01-03,11,0,219,2.59,2.59,0.0,44.446819,0.0
2019-01-03,11,0,221,2.28,2.28,0.0,55.390646,0.0
2019-01-03,11,0,225,1.93,1.93,0.0,13.780173,0.0
2019-01-03,11,0,233,4.52,4.52,0.0,105.650073,0.0
2019-01-03,11,0,236,134.68,134.68,0.0,2822.431189,0.0
2019-01-03,11,0,237,288.78,288.78,0.0,5803.426609,0.0
2019-01-03,11,0,238,51.19,51.19,0.0,1099.991229,0.0
2019-01-03,11,0,240,7.94,7.94,0.0,148.913525,0.0
2019-01-03,11,0,245,78.0,78.0,0.0,1720.192947,0.0
2019-01-03,11,0,247,171.72,171.72,0.0,3787.070935,0.0
2019-01-03,11,0,248,34.38,34.38,0.0,690.912829,0.0
2019-01-03,11,0,249,150.0,150.0,0.0,3308.06336,0.0
2019-01-03,11,0,251,283.52,283.52,0.0,6140.889349,0.0
2019-01-03,11,0,252,234.61,234.61,0.0,5105.560262,0.0
2019-01-03,11,0,254,8.27,8.27,0.0,151.256074,0.0
2019-01-03,11,0,255,3.79,3.79,0.0,69.31808,0.0
2019-01-03,11,0,258,9.9,9.9,0.0,185.089525,0.0
2019-01-03,11,0,260,3.1,3.1,0.0,55.771093,0.0
2019-01-03,11,0,265,51.93,51.93,0.0,922.112401,0.0
2019-01-03,11,0,266,29.1,29.1,0.0,516.723876,0.0
2019-01-03,11,0,267,35.76,35.76,0.0,634.984392,0.0
2019-01-03,11,0,270,55.35,55.35,0.0,340.451153,0.0
2019-01-03,11,0,272,70.55,70.55,0.0,998.237576,0.0
2019-01-03,11,0,273,3.64,3.64,0.0,22.3892,0.0
2019-01-03,11,0,274,72.29,72.29,0.0,444.647043,0.0
2019-01-03,11,0,275,101.99,101.99,0.0,627.328149,0.0
2019-01-03,11,0,276,1.03,1.03,0.0,7.485694,0.0
2019-01-03,11,0,277,2.54,2.54,0.0,36.082373,0.0
2019-01-03,11,0,278,4.07,4.07,0.0,57.81703,0.0
2019-01-03,11,0,279,44.85,44.85,0.0,637.123786,0.0
2019-01-03,11,0,281,52.29,52.29,0.0,858.259547,0.0
2019-01-03,11,0,282,200.14,200.14,0.0,3284.988825,0.0
2019-01-03,12,0,9,2.73,2.73,0.0,-1050.459468,0.0
2019-01-03,12,0,17,36.32,36.32,0.0,681.491663,0.0
2019-01-03,12,0,19,192.99,192.99,0.0,3621.175004,0.0
2019-01-03,12,0,20,234.06,234.06,0.0,4391.793468,0.0
2019-01-03,12,0,21,62.33,62.33,0.0,-23983.567268,0.0
2019-01-03,12,0,22,221.52,221.52,0.0,-85237.28255,0.0
2019-01-03,12,0,23,46.17,46.17,0.0,-17765.462872,0.0
2019-01-03,12,0,24,77.3,77.3,0.0,-29743.779077,0.0
2019-01-03,12,0,29,2.47,2.47,0.0,12.451987,0.0
2019-01-03,12,0,30,525.9,525.9,0.0,-525900.0,0.0
2019-01-03,12,0,31,125.0,125.0,0.0,-125000.0,0.0
2019-01-03,12,0,32,0.98,0.98,0.0,39.970324,0.0
2019-01-03,12,0,33,2.06,2.06,0.0,43.989821,0.0
2019-01-03,12,0,34,3.29,3.29,0.0,70.255588,0.0
2019-01-03,12,0,35,3.29,3.29,0.0,70.255588,0.0
2019-01-03,12,0,36,9.52,9.52,0.0,160.658139,0.0
2019-01-03,12,0,37,4.38,4.38,0.0,75.316241,0.0
2019-01-03,12,0,38,5.64,5.64,0.0,96.982557,0.0
2019-01-03,12,0,39,3.76,3.76,0.0,64.655038,0.0
2019-01-03,12,0,40,3.76,3.76,0.0,64.655038,0.0
2019-01-03,12,0,41,34.8,34.8,0.0,-10.324682,0.0
2019-01-03,12,0,42,55.1,55.1,0.0,1002.927679,0.0
2019-01-03,12,0,43,27.2,27.2,0.0,524.003962,0.0
2019-01-03,12,0,46,21.49,21.49,0.0,350.067021,0.0
2019-01-03,12,0,52,132.5,132.5,0.0,-132500.0,0.0
2019-01-03,12,0,53,210.5,210.5,0.0,-210500.0,0.0
2019-01-03,12,0,55,623.0,623.0,0.0,-239720.237578,0.0
2019-01-03,12,0,56,155.12,155.12,0.0,-155120.0,0.0
2019-01-03,12,0,57,147.56,147.56,0.0,-147560.0,0.0
2019-01-03,12,0,58,283.76,283.76,0.0,-283760.0,0.0
2019-01-03,12,0,59,279.03,279.03,0.0,-279030.0,0.0
2019-01-03,12,0,63,6.74,6.74,0.0,299.845736,0.0
2019-01-03,12,0,64,7.93,7.93,0.0,352.785859,0.0
2019-01-03,12,0,65,41.4,41.4,0.0,772.491553,0.0
2019-01-03,12,0,67,272.02,272.02,0.0,6026.476441,0.0
2019-01-03,12,0,68,12.67,12.67,0.0,362.89138,0.0
2019-01-03,12,0,69,2.06,2.06,0.0,43.989821,0.0
2019-01-03,12,0,74,217.6,217.6,0.0,3299.604283,0.0
2019-01-03,12,0,77,49.53,49.53,0.0,1735.09278,0.0
2019-01-03,12,0,78,37.45,37.45,0.0,1311.916507,0.0
2019-01-03,12,0,79,21.67,21.67,0.0,759.124986,0.0
2019-01-03,12,0,80,35.05,35.05,0.0,1227.841751,0.0
2019-01-03,12,0,81,45.82,45.82,0.0,1605.127219,0.0
2019-01-03,12,0,82,32.32,32.32,0.0,1132.206716,0.0
2019-01-03,12,0,83,72.07,72.07,0.0,2524.694865,0.0
2019-01-03,12,0,84,0.0,0.0,0.0,0.0,0.0
2019-01-03,12,0,86,10.42,10.42,0.0,222.51162,0.0
2019-01-03,12,0,87,53.21,53.21,0.0,1136.261355,0.0
2019-01-03,12,0,88,37.91,37.91,0.0,1328.030836,0.0
2019-01-03,12,0,89,36.45,36.45,0.0,1276.885359,0.0
2019-01-03,12,0,90,48.93,48.93,0.0,1714.074091,0.0
2019-01-03,12,0,91,174.56,174.56,0.0,6115.037263,0.0
2019-01-03,12,0,92,62.78,62.78,0.0,2199.255496,0.0
2019-01-03,12,0,95,53.73,53.73,0.0,2196.135336,0.0
2019-01-03,12,0,96,29.88,29.88,0.0,1477.41137,0.0
2019-01-03,12,0,97,183.76,183.76,0.0,9085.981034,0.0
2019-01-03,12,0,99,42.0,42.0,0.0,636.87215,0.0
2019-01-03,12,0,101,10.59,10.59,0.0,-10590.0,0.0
2019-01-03,12,0,102,29.99,29.99,0.0,858.967047,0.0
2019-01-03,12,0,103,26.08,26.08,0.0,746.977678,0.0
2019-01-03,12,0,104,4.84,4.84,0.0,138.626226,0.0
2019-01-03,12,0,106,218.06,218.06,0.0,-83905.930989,0.0
2019-01-03,12,0,109,60.0,60.0,0.0,782.82823,0.0
2019-01-03,12,0,110,57.03,57.03,0.0,130.514228,0.0
2019-01-03,12,0,111,16.52,16.52,0.0,-4.901257,0.0
2019-01-03,12,0,113,18.27,18.27,0.0,604.842166,0.0
2019-01-03,12,0,115,18.27,18.27,0.0,604.842166,0.0
2019-01-03,12,0,116,21.36,21.36,0.0,48.882762,0.0
2019-01-03,12,0,117,1.22,1.22,0.0,40.389023,0.0
2019-01-03,12,0,119,7.93,7.93,0.0,352.785859,0.0
2019-01-03,12,0,120,4.66,4.66,0.0,207.31174,0.0
2019-01-03,12,0,123,3.63,3.63,0.0,-1396.764787,0.0
2019-01-03,12,0,125,70.73,70.73,0.0,-27215.750247,0.0
2019-01-03,12,0,126,163.55,163.55,0.0,-62931.37216,0.0
2019-01-03,12,0,127,209.89,209.89,0.0,-80762.248259,0.0
2019-01-03,12,0,128,96.96,96.96,0.0,-37308.626381,0.0
2019-01-03,12,0,131,18.61,18.61,0.0,565.266211,0.0
2019-01-03,12,0,132,27.36,27.36,0.0,831.041565,0.0
2019-01-03,12,0,133,41.94,41.94,0.0,787.354953,0.0
2019-01-03,12,0,134,0.0,0.0,0.0,0.0,0.0
2019-01-03,12,0,135,56.2,56.2,0.0,1055.063146,0.0
2019-01-03,12,0,136,45.9,45.9,0.0,856.195157,0.0
2019-01-03,12,0,139,44.94,44.94,0.0,-13.33308,0.0
2019-01-03,12,0,140,42.21,42.21,0.0,96.598379,0.0
2019-01-03,12,0,141,202.93,202.93,0.0,4495.819661,0.0
2019-01-03,12,0,142,358.73,358.73,0.0,7947.496116,0.0
2019-01-03,12,0,143,238.5,238.5,0.0,-238500.0,0.0
2019-01-03,12,0,145,56.25,56.25,0.0,371.944845,0.0
2019-01-03,12,0,146,60.07,60.07,0.0,137.471325,0.0
2019-01-03,12,0,152,7.31,7.31,0.0,118.03133,0.0
2019-01-03,12,0,153,9.0,9.0,0.0,144.317523,0.0
2019-01-03,12,0,154,68.15,68.15,0.0,-20.219168,0.0
2019-01-03,12,0,157,39.51,39.51,0.0,875.325653,0.0
2019-01-03,12,0,158,263.56,263.56,0.0,5839.04908,0.0
2019-01-03,12,0,159,0.0,0.0,0.0,0.0,0.0
2019-01-03,12,0,160,1.71,1.71,0.0,42.415839,0.0
2019-01-03,12,0,161,35.99,35.99,0.0,1030.817739,0.0
2019-01-03,12,0,162,49.66,49.66,0.0,2031.98254,0.0
2019-01-03,12,0,163,25.39,25.39,0.0,58.105493,0.0
2019-01-03,12,0,164,20.05,20.05,0.0,-20050.0,0.0
2019-01-03,12,0,167,1.17,1.17,0.0,47.705221,0.0
2019-01-03,12,0,168,0.59,0.59,0.0,24.056479,0.0
2019-01-03,12,0,169,0.0,0.0,0.0,0.0,0.0
2019-01-03,12,0,170,1.28,1.28,0.0,52.190327,0.0
2019-01-03,12,0,172,1.97,1.97,0.0,76.16166,0.0
2019-01-03,12,0,173,3.01,3.01,0.0,116.368831,0.0
2019-01-03,12,0,188,1.99,1.99,0.0,79.615518,0.0
2019-01-03,12,0,190,1.53,1.53,0.0,68.065872,0.0
2019-01-03,12,0,191,3.96,3.96,0.0,176.170492,0.0
2019-01-03,12,0,192,34.4,34.4,0.0,1530.369928,0.0
2019-01-03,12,0,194,16.53,16.53,0.0,597.364142,0.0
2019-01-03,12,0,196,1.2,1.2,0.0,61.377709,0.0
2019-01-03,12,0,198,4.81,4.81,0.0,39.006337,0.0
2019-01-03,12,0,199,52.33,52.33,0.0,1329.750841,0.0
2019-01-03,12,0,200,6.4,6.4,0.0,162.62957,0.0
2019-01-03,12,0,204,257.1,257.1,0.0,3285.935049,0.0
2019-01-03,12,0,205,317.4,317.4,0.0,4141.161336,0.0
2019-01-03,12,0,206,539.95,539.95,0.0,26697.733236,0.0
2019-01-03,12,0,210,0.73,0.73,0.0,4.687264,0.0
2019-01-03,12,0,214,5.67,5.67,0.0,129.656508,0.0
2019-01-03,12,0,217,3.6,3.6,0.0,55.586636,0.0
2019-01-03,12,0,218,4.97,4.97,0.0,76.740439,0.0
2019-01-03,12,0,219,3.38,3.38,0.0,52.189675,0.0
2019-01-03,12,0,221,3.02,3.02,0.0,69.058669,0.0
2019-01-03,12,0,225,2.46,2.46,0.0,12.073819,0.0
2019-01-03,12,0,233,5.9,5.9,0.0,125.990265,0.0
2019-01-03,12,0,236,159.03,159.03,0.0,2770.680614,0.0
2019-01-03,12,0,237,522.0,522.0,0.0,7915.411011,0.0
2019-01-03,12,0,238,71.72,71.72,0.0,1305.444159,0.0
2019-01-03,12,0,240,10.79,10.79,0.0,182.090475,0.0
2019-01-03,12,0,245,78.0,78.0,0.0,1493.478083,0.0
2019-01-03,12,0,247,171.72,171.72,0.0,3287.94944,0.0
2019-01-03,12,0,248,52.4,52.4,0.0,794.573826,0.0
2019-01-03,12,0,249,150.0,150.0,0.0,2872.073236,0.0
2019-01-03,12,0,251,326.4,326.4,0.0,6034.463276,0.0
2019-01-03,12,0,252,267.06,267.06,0.0,4983.130295,0.0
2019-01-03,12,0,254,11.29,11.29,0.0,233.194574,0.0
2019-01-03,12,0,255,5.18,5.18,0.0,106.992727,0.0
2019-01-03,12,0,258,13.35,13.35,0.0,230.44366,0.0
2019-01-03,12,0,260,4.16,4.16,0.0,103.18707,0.0
2019-01-03,12,0,265,70.56,70.56,0.0,-20.934182,0.0
2019-01-03,12,0,266,29.1,29.1,0.0,-8.63357,0.0
2019-01-03,12,0,267,35.76,35.76,0.0,-10.609501,0.0
2019-01-03,12,0,270,79.3,79.3,0.0,181.479542,0.0
2019-01-03,12,0,272,61.06,61.06,0.0,2021.437474,0.0
2019-01-03,12,0,273,5.11,5.11,0.0,11.694331,0.0
2019-01-03,12,0,274,102.23,102.23,0.0,233.955278,0.0
2019-01-03,12,0,275,142.31,142.31,0.0,325.679113,0.0
2019-01-03,12,0,276,1.44,1.44,0.0,9.68282,0.0
2019-01-03,12,0,277,3.53,3.53,0.0,119.5882,0.0
2019-01-03,12,0,278,5.65,5.65,0.0,191.408875,0.0
2019-01-03,12,0,279,82.69,82.69,0.0,2801.345111,0.0
2019-01-03,12,0,281,56.1,56.1,0.0,-56100.0,0.0
2019-01-03,12,0,282,288.49,288.49,0.0,-288490.0,0.0
2019-01-03,13,0,9,3.33,3.33,0.0,-1295.895315,0.0
2019-01-03,13,0,17,53.2,53.2,0.0,610.792981,0.0
2019-01-03,13,0,19,192.99,192.99,0.0,2215.731906,0.0
2019-01-03,13,0,20,234.06,234.06,0.0,2687.259495,0.0
2019-01-03,13,0,21,76.25,76.25,0.0,-29673.278607,0.0
2019-01-03,13,0,22,271.0,271.0,0.0,-105461.750853,0.0
2019-01-03,13,0,23,90.35,90.35,0.0,-35160.402913,0.0
2019-01-03,13,0,24,157.79,157.79,0.0,-61405.201723,0.0
2019-01-03,13,0,29,4.85,4.85,0.0,52.264441,0.0
2019-01-03,13,0,30,653.73,653.73,0.0,-653730.0,0.0
2019-01-03,13,0,31,125.0,125.0,0.0,-125000.0,0.0
2019-01-03,13,0,32,1.26,1.26,0.0,41.469523,0.0
2019-01-03,13,0,33,3.19,3.19,0.0,48.835528,0.0
2019-01-03,13,0,34,5.1,5.1,0.0,78.075608,0.0
2019-01-03,13,0,35,5.1,5.1,0.0,78.075608,0.0
2019-01-03,13,0,36,12.22,12.22,0.0,75.634128,0.0
2019-01-03,13,0,37,5.85,5.85,0.0,36.522677,0.0
2019-01-03,13,0,38,7.52,7.52,0.0,46.948809,0.0
2019-01-03,13,0,39,5.01,5.01,0.0,31.278395,0.0
2019-01-03,13,0,40,5.01,5.01,0.0,31.278395,0.0
2019-01-03,13,0,41,34.8,34.8,0.0,-291.390859,0.0
2019-01-03,13,0,42,67.3,67.3,0.0,716.834015,0.0
2019-01-03,13,0,43,36.95,36.95,0.0,267.51748,0.0
2019-01-03,13,0,46,32.64,32.64,0.0,175.779474,0.0
2019-01-03,13,0,52,132.5,132.5,0.0,-132500.0,0.0
2019-01-03,13,0,53,210.5,210.5,0.0,-210500.0,0.0
2019-01-03,13,0,55,623.0,623.0,0.0,-242445.279635,0.0
2019-01-03,13,0,56,192.83,192.83,0.0,-192830.0,0.0
2019-01-03,13,0,57,183.42,183.42,0.0,-183420.0,0.0
2019-01-03,13,0,58,352.73,352.73,0.0,-352730.0,0.0
2019-01-03,13,0,59,346.85,346.85,0.0,-346850.0,0.0
2019-01-03,13,0,63,8.46,8.46,0.0,294.478544,0.0
2019-01-03,13,0,64,9.96,9.96,0.0,346.691052,0.0
2019-01-03,13,0,65,41.4,41.4,0.0,468.935124,0.0
2019-01-03,13,0,67,341.8,341.8,0.0,6342.851086,0.0
2019-01-03,13,0,68,25.52,25.52,0.0,570.301513,0.0
2019-01-03,13,0,69,3.19,3.19,0.0,48.835528,0.0
2019-01-03,13,0,74,217.6,217.6,0.0,1445.718334,0.0
2019-01-03,13,0,77,60.0,60.0,0.0,1807.113085,0.0
2019-01-03,13,0,78,45.36,45.36,0.0,1366.177492,0.0
2019-01-03,13,0,79,26.25,26.25,0.0,790.611975,0.0
2019-01-03,13,0,80,42.45,42.45,0.0,1278.532508,0.0
2019-01-03,13,0,81,55.5,55.5,0.0,1671.579604,0.0
2019-01-03,13,0,82,39.15,39.15,0.0,1179.141288,0.0
2019-01-03,13,0,83,87.3,87.3,0.0,2629.349539,0.0
2019-01-03,13,0,84,0.0,0.0,0.0,0.0,0.0
2019-01-03,13,0,86,16.14,16.14,0.0,247.086337,0.0
2019-01-03,13,0,87,82.41,82.41,0.0,1261.609979,0.0
2019-01-03,13,0,88,51.18,51.18,0.0,1541.467462,0.0
2019-01-03,13,0,89,49.2,49.2,0.0,1481.83273,0.0
2019-01-03,13,0,90,66.06,66.06,0.0,1989.631507,0.0
2019-01-03,13,0,91,235.65,235.65,0.0,7097.436642,0.0
2019-01-03,13,0,92,84.75,84.75,0.0,2552.547233,0.0
2019-01-03,13,0,95,53.91,53.91,0.0,1639.602214,0.0
2019-01-03,13,0,96,29.88,29.88,0.0,1256.488425,0.0
2019-01-03,13,0,97,183.75,183.75,0.0,7726.899203,0.0
2019-01-03,13,0,99,42.0,42.0,0.0,279.044899,0.0
2019-01-03,13,0,101,13.17,13.17,0.0,-13170.0,0.0
2019-01-03,13,0,102,60.42,60.42,0.0,1350.220119,0.0
2019-01-03,13,0,103,52.54,52.54,0.0,1174.123883,0.0
2019-01-03,13,0,104,9.76,9.76,0.0,218.109043,0.0
2019-01-03,13,0,106,266.78,266.78,0.0,-103819.505138,0.0
2019-01-03,13,0,109,60.0,60.0,0.0,209.982597,0.0
2019-01-03,13,0,110,48.54,48.54,0.0,337.396686,0.0
2019-01-03,13,0,111,20.18,20.18,0.0,-168.973205,0.0
2019-01-03,13,0,113,29.69,29.69,0.0,837.341074,0.0
2019-01-03,13,0,115,29.69,29.69,0.0,837.341074,0.0
2019-01-03,13,0,116,22.72,22.72,0.0,157.924448,0.0
2019-01-03,13,0,117,1.98,1.98,0.0,55.84154,0.0
2019-01-03,13,0,119,9.96,9.96,0.0,346.691052,0.0
2019-01-03,13,0,120,5.86,5.86,0.0,203.976864,0.0
2019-01-03,13,0,123,4.45,4.45,0.0,-1731.751997,0.0
2019-01-03,13,0,125,143.27,143.27,0.0,-55754.631161,0.0
2019-01-03,13,0,126,200.08,200.08,0.0,-77862.683065,0.0
2019-01-03,13,0,127,256.77,256.77,0.0,-99924.036038,0.0
2019-01-03,13,0,128,202.25,202.25,0.0,-78707.155387,0.0
2019-01-03,13,0,131,30.0,30.0,0.0,814.712622,0.0
2019-01-03,13,0,132,44.1,44.1,0.0,1197.627555,0.0
2019-01-03,13,0,133,41.94,41.94,0.0,482.125171,0.0
2019-01-03,13,0,134,0.0,0.0,0.0,0.0,0.0
2019-01-03,13,0,135,56.2,56.2,0.0,646.052327,0.0
2019-01-03,13,0,136,45.9,45.9,0.0,519.517939,0.0
2019-01-03,13,0,139,44.94,44.94,0.0,-376.296126,0.0
2019-01-03,13,0,140,35.93,35.93,0.0,249.745837,0.0
2019-01-03,13,0,141,230.0,230.0,0.0,4268.156085,0.0
2019-01-03,13,0,142,450.75,450.75,0.0,8364.658066,0.0
2019-01-03,13,0,143,238.5,238.5,0.0,-238500.0,0.0
2019-01-03,13,0,145,100.0,100.0,0.0,-138.407215,0.0
2019-01-03,13,0,146,64.28,64.28,0.0,446.803852,0.0
2019-01-03,13,0,152,9.19,9.19,0.0,67.257743,0.0
2019-01-03,13,0,153,11.49,11.49,0.0,81.979281,0.0
2019-01-03,13,0,154,83.23,83.23,0.0,-696.909804,0.0
2019-01-03,13,0,157,54.59,54.59,0.0,1013.037568,0.0
2019-01-03,13,0,158,327.52,327.52,0.0,6077.854264,0.0
2019-01-03,13,0,159,0.0,0.0,0.0,0.0,0.0
2019-01-03,13,0,160,2.9,2.9,0.0,29.295732,0.0
2019-01-03,13,0,161,58.22,58.22,0.0,1301.056195,0.0
2019-01-03,13,0,162,47.18,47.18,0.0,1436.315973,0.0
2019-01-03,13,0,163,21.09,21.09,0.0,146.594481,0.0
2019-01-03,13,0,164,24.63,24.63,0.0,-24630.0,0.0
2019-01-03,13,0,167,1.42,1.42,0.0,42.962617,0.0
2019-01-03,13,0,168,0.71,0.71,0.0,21.481309,0.0
2019-01-03,13,0,169,0.0,0.0,0.0,0.0,0.0
2019-01-03,13,0,170,1.56,1.56,0.0,47.198368,0.0
2019-01-03,13,0,172,2.11,2.11,0.0,64.118255,0.0
2019-01-03,13,0,173,3.22,3.22,0.0,97.848712,0.0
2019-01-03,13,0,188,2.63,2.63,0.0,83.506997,0.0
2019-01-03,13,0,190,1.84,1.84,0.0,64.047343,0.0
2019-01-03,13,0,191,4.76,4.76,0.0,165.687692,0.0
2019-01-03,13,0,192,42.15,42.15,0.0,1467.17147,0.0
2019-01-03,13,0,194,21.35,21.35,0.0,635.15209,0.0
2019-01-03,13,0,196,1.25,1.25,0.0,49.095364,0.0
2019-01-03,13,0,198,10.72,10.72,0.0,135.222844,0.0
2019-01-03,13,0,199,35.23,35.23,0.0,713.739473,0.0
2019-01-03,13,0,200,10.55,10.55,0.0,213.736913,0.0
2019-01-03,13,0,204,257.1,257.1,0.0,822.203554,0.0
2019-01-03,13,0,205,317.4,317.4,0.0,1110.80794,0.0
2019-01-03,13,0,206,539.94,539.94,0.0,22705.099078,0.0
2019-01-03,13,0,210,1.56,1.56,0.0,18.145301,0.0
2019-01-03,13,0,214,13.31,13.31,0.0,233.744562,0.0
2019-01-03,13,0,217,8.33,8.33,0.0,125.588729,0.0
2019-01-03,13,0,218,11.5,11.5,0.0,173.381798,0.0
2019-01-03,13,0,219,7.83,7.83,0.0,118.05039,0.0
2019-01-03,13,0,221,7.1,7.1,0.0,124.687182,0.0
2019-01-03,13,0,225,5.15,5.15,0.0,55.071844,0.0
2019-01-03,13,0,233,9.13,9.13,0.0,139.770648,0.0
2019-01-03,13,0,236,319.85,319.85,0.0,3014.662211,0.0
2019-01-03,13,0,237,522.0,522.0,0.0,3468.12946,0.0
2019-01-03,13,0,238,87.59,87.59,0.0,932.949352,0.0
2019-01-03,13,0,240,13.85,13.85,0.0,85.722805,0.0
2019-01-03,13,0,245,78.0,78.0,0.0,939.734119,0.0
2019-01-03,13,0,247,171.72,171.72,0.0,2068.860806,0.0
2019-01-03,13,0,248,52.4,52.4,0.0,348.141731,0.0
2019-01-03,13,0,249,150.0,150.0,0.0,1807.180997,0.0
2019-01-03,13,0,251,326.4,326.4,0.0,3614.511206,0.0
2019-01-03,13,0,252,267.06,267.06,0.0,3024.971356,0.0
2019-01-03,13,0,254,20.91,20.91,0.0,166.405142,0.0
2019-01-03,13,0,255,9.58,9.58,0.0,76.23918,0.0
2019-01-03,13,0,258,17.04,17.04,0.0,108.358295,0.0
2019-01-03,13,0,260,7.03,7.03,0.0,71.016896,0.0
2019-01-03,13,0,265,86.17,86.17,0.0,-721.527308,0.0
2019-01-03,13,0,266,29.1,29.1,0.0,-243.663046,0.0
2019-01-03,13,0,267,35.76,35.76,0.0,-299.429227,0.0
2019-01-03,13,0,270,65.63,65.63,0.0,456.187567,0.0
2019-01-03,13,0,272,99.23,99.23,0.0,2798.56365,0.0
2019-01-03,13,0,273,5.43,5.43,0.0,37.743387,0.0
2019-01-03,13,0,274,84.57,84.57,0.0,587.837614,0.0
2019-01-03,13,0,275,117.67,117.67,0.0,817.912404,0.0
2019-01-03,13,0,276,1.6,1.6,0.0,15.267747,0.0
2019-01-03,13,0,277,4.9,4.9,0.0,141.957187,0.0
2019-01-03,13,0,278,7.84,7.84,0.0,227.131499,0.0
2019-01-03,13,0,279,214.16,214.16,0.0,6204.398198,0.0
2019-01-03,13,0,281,56.1,56.1,0.0,-56100.0,0.0
2019-01-03,13,0,282,358.61,358.61,0.0,-358610.0,0.0
2019-01-03,14,0,9,3.47,3.47,0.0,-1351.150949,0.0
2019-01-03,14,0,17,53.24,53.24,0.0,617.874479,0.0
2019-01-03,14,0,19,192.99,192.99,0.0,2239.736959,0.0
2019-01-03,14,0,20,234.06,234.06,0.0,2716.373038,0.0
2019-01-03,14,0,21,79.34,79.34,0.0,-30893.462912,0.0
2019-01-03,14,0,22,281.97,281.97,0.0,-109793.66949,0.0
2019-01-03,14,0,23,42.61,42.61,0.0,-16591.510646,0.0
2019-01-03,14,0,24,73.27,73.27,0.0,-28529.922203,0.0
2019-01-03,14,0,29,4.9,4.9,0.0,51.828874,0.0
2019-01-03,14,0,30,682.92,682.92,0.0,-682920.0,0.0
2019-01-03,14,0,31,125.0,125.0,0.0,-125000.0,0.0
2019-01-03,14,0,32,1.28,1.28,0.0,46.739393,0.0
2019-01-03,14,0,33,3.3,3.3,0.0,51.233539,0.0
2019-01-03,14,0,34,5.28,5.28,0.0,81.973663,0.0
2019-01-03,14,0,35,5.28,5.28,0.0,81.973663,0.0
2019-01-03,14,0,36,12.67,12.67,0.0,78.13136,0.0
2019-01-03,14,0,37,6.0,6.0,0.0,37.306872,0.0
2019-01-03,14,0,38,7.71,7.71,0.0,47.93933,0.0
2019-01-03,14,0,39,5.14,5.14,0.0,31.959554,0.0
2019-01-03,14,0,40,5.14,5.14,0.0,31.959554,0.0
2019-01-03,14,0,41,34.8,34.8,0.0,-298.518954,0.0
2019-01-03,14,0,42,69.91,69.91,0.0,751.935744,0.0
2019-01-03,14,0,43,38.35,38.35,0.0,277.442638,0.0
2019-01-03,14,0,46,33.32,33.32,0.0,177.503385,0.0
2019-01-03,14,0,52,132.5,132.5,0.0,-132500.0,0.0
2019-01-03,14,0,53,210.5,210.5,0.0,-210500.0,0.0
2019-01-03,14,0,55,623.0,623.0,0.0,-242584.161764,0.0
2019-01-03,14,0,56,201.44,201.44,0.0,-201440.0,0.0
2019-01-03,14,0,57,191.61,191.61,0.0,-191610.0,0.0
2019-01-03,14,0,58,368.48,368.48,0.0,-368480.0,0.0
2019-01-03,14,0,59,362.34,362.34,0.0,-362340.0,0.0
2019-01-03,14,0,63,9.82,9.82,0.0,367.538611,0.0
2019-01-03,14,0,64,11.55,11.55,0.0,432.288285,0.0
2019-01-03,14,0,65,41.4,41.4,0.0,473.931315,0.0
2019-01-03,14,0,67,353.39,353.39,0.0,6476.555807,0.0
2019-01-03,14,0,68,13.81,13.81,0.0,330.608193,0.0
2019-01-03,14,0,69,3.3,3.3,0.0,51.233539,0.0
2019-01-03,14,0,74,217.6,217.6,0.0,1449.356998,0.0
2019-01-03,14,0,77,60.0,60.0,0.0,1767.011104,0.0
2019-01-03,14,0,78,45.36,45.36,0.0,1335.860395,0.0
2019-01-03,14,0,79,26.25,26.25,0.0,773.067358,0.0
2019-01-03,14,0,80,42.45,42.45,0.0,1250.160356,0.0
2019-01-03,14,0,81,55.5,55.5,0.0,1634.485271,0.0
2019-01-03,14,0,82,39.15,39.15,0.0,1152.974746,0.0
2019-01-03,14,0,83,87.3,87.3,0.0,2571.001157,0.0
2019-01-03,14,0,84,0.0,0.0,0.0,0.0,0.0
2019-01-03,14,0,86,16.72,16.72,0.0,259.583265,0.0
2019-01-03,14,0,87,85.34,85.34,0.0,1324.930371,0.0
2019-01-03,14,0,88,51.18,51.18,0.0,1507.260472,0.0
2019-01-03,14,0,89,49.2,49.2,0.0,1448.949105,0.0
2019-01-03,14,0,90,66.06,66.06,0.0,1945.479226,0.0
2019-01-03,14,0,91,235.65,235.65,0.0,6939.936112,0.0
2019-01-03,14,0,92,84.75,84.75,0.0,2495.903185,0.0
2019-01-03,14,0,95,35.98,35.98,0.0,986.921923,0.0
2019-01-03,14,0,96,31.39,31.39,0.0,1307.787161,0.0
2019-01-03,14,0,97,210.51,210.51,0.0,8770.381502,0.0
2019-01-03,14,0,99,42.0,42.0,0.0,279.747215,0.0
2019-01-03,14,0,101,13.76,13.76,0.0,-13760.0,0.0
2019-01-03,14,0,102,32.62,32.62,0.0,780.915224,0.0
2019-01-03,14,0,103,28.37,28.37,0.0,679.171211,0.0
2019-01-03,14,0,104,5.31,5.31,0.0,127.120167,0.0
2019-01-03,14,0,106,277.57,277.57,0.0,-108080.394512,0.0
2019-01-03,14,0,109,60.0,60.0,0.0,203.513196,0.0
2019-01-03,14,0,110,37.74,37.74,0.0,42.972996,0.0
2019-01-03,14,0,111,21.64,21.64,0.0,-185.630752,0.0
2019-01-03,14,0,113,33.15,33.15,0.0,922.980015,0.0
2019-01-03,14,0,115,33.15,33.15,0.0,922.980015,0.0
2019-01-03,14,0,116,23.12,23.12,0.0,26.325799,0.0
2019-01-03,14,0,117,2.21,2.21,0.0,61.532001,0.0
2019-01-03,14,0,119,11.55,11.55,0.0,432.288285,0.0
2019-01-03,14,0,120,6.79,6.79,0.0,254.133113,0.0
2019-01-03,14,0,123,4.63,4.63,0.0,-1802.832534,0.0
2019-01-03,14,0,125,66.79,66.79,0.0,-26006.735416,0.0
2019-01-03,14,0,126,208.18,208.18,0.0,-81061.269335,0.0
2019-01-03,14,0,127,267.16,267.16,0.0,-104026.941664,0.0
2019-01-03,14,0,128,92.7,92.7,0.0,-36095.588757,0.0
2019-01-03,14,0,131,30.0,30.0,0.0,763.163469,0.0
2019-01-03,14,0,132,44.1,44.1,0.0,1121.8503,0.0
2019-01-03,14,0,133,41.94,41.94,0.0,487.356512,0.0
2019-01-03,14,0,134,0.0,0.0,0.0,0.0,0.0
2019-01-03,14,0,135,56.2,56.2,0.0,653.062374,0.0
2019-01-03,14,0,136,45.9,45.9,0.0,525.047861,0.0
2019-01-03,14,0,139,44.94,44.94,0.0,-385.501202,0.0
2019-01-03,14,0,140,27.93,27.93,0.0,31.80275,0.0
2019-01-03,14,0,141,230.0,230.0,0.0,4215.195211,0.0
2019-01-03,14,0,142,466.03,466.03,0.0,8540.901844,0.0
2019-01-03,14,0,143,238.5,238.5,0.0,-238500.0,0.0
2019-01-03,14,0,145,56.12,56.12,0.0,-92.916287,0.0
2019-01-03,14,0,146,61.83,61.83,0.0,70.403295,0.0
2019-01-03,14,0,152,9.77,9.77,0.0,71.689021,0.0
2019-01-03,14,0,153,12.1,12.1,0.0,86.504921,0.0
2019-01-03,14,0,154,89.28,89.28,0.0,-765.855524,0.0
2019-01-03,14,0,157,64.53,64.53,0.0,1182.637161,0.0
2019-01-03,14,0,158,348.44,348.44,0.0,6385.837475,0.0
2019-01-03,14,0,159,0.0,0.0,0.0,0.0,0.0
2019-01-03,14,0,160,2.97,2.97,0.0,30.177478,0.0
2019-01-03,14,0,161,59.32,59.32,0.0,1420.107023,0.0
2019-01-03,14,0,162,35.42,35.42,0.0,972.719776,0.0
2019-01-03,14,0,163,30.88,30.88,0.0,35.161794,0.0
2019-01-03,14,0,164,26.37,26.37,0.0,-26370.0,0.0
2019-01-03,14,0,167,1.42,1.42,0.0,38.363907,0.0
2019-01-03,14,0,168,0.71,0.71,0.0,19.181953,0.0
2019-01-03,14,0,169,0.0,0.0,0.0,0.0,0.0
2019-01-03,14,0,170,1.55,1.55,0.0,41.876096,0.0
2019-01-03,14,0,172,2.13,2.13,0.0,67.17031,0.0
2019-01-03,14,0,173,3.24,3.24,0.0,102.174555,0.0
2019-01-03,14,0,188,2.62,2.62,0.0,88.208471,0.0
2019-01-03,14,0,190,1.86,1.86,0.0,69.615256,0.0
2019-01-03,14,0,191,4.8,4.8,0.0,179.652274,0.0
2019-01-03,14,0,192,49.6,49.6,0.0,1856.406833,0.0
2019-01-03,14,0,194,28.07,28.07,0.0,856.711484,0.0
2019-01-03,14,0,196,1.26,1.26,0.0,54.599314,0.0
2019-01-03,14,0,198,10.91,10.91,0.0,137.004535,0.0
2019-01-03,14,0,199,62.64,62.64,0.0,1318.926429,0.0
2019-01-03,14,0,200,10.73,10.73,0.0,225.927212,0.0
2019-01-03,14,0,204,257.1,257.1,0.0,791.276673,0.0
2019-01-03,14,0,205,317.4,317.4,0.0,1076.584809,0.0
2019-01-03,14,0,206,745.19,745.19,0.0,31046.508915,0.0
2019-01-03,14,0,210,1.56,1.56,0.0,17.909345,0.0
2019-01-03,14,0,214,13.27,13.27,0.0,236.635808,0.0
2019-01-03,14,0,217,8.34,8.34,0.0,126.381069,0.0
2019-01-03,14,0,218,11.51,11.51,0.0,174.417998,0.0
2019-01-03,14,0,219,7.84,7.84,0.0,118.804266,0.0
2019-01-03,14,0,221,7.08,7.08,0.0,126.253318,0.0
2019-01-03,14,0,225,5.24,5.24,0.0,54.968192,0.0
2019-01-03,14,0,233,9.46,9.46,0.0,146.869479,0.0
2019-01-03,14,0,236,159.05,159.05,0.0,1510.799589,0.0
2019-01-03,14,0,237,522.0,522.0,0.0,3476.85824,0.0
2019-01-03,14,0,238,90.99,90.99,0.0,978.667335,0.0
2019-01-03,14,0,240,14.36,14.36,0.0,88.552985,0.0
2019-01-03,14,0,245,78.0,78.0,0.0,950.498564,0.0
2019-01-03,14,0,247,171.72,171.72,0.0,2092.559145,0.0
2019-01-03,14,0,248,52.4,52.4,0.0,349.017954,0.0
2019-01-03,14,0,249,150.0,150.0,0.0,1827.881853,0.0
2019-01-03,14,0,251,326.4,326.4,0.0,3651.916503,0.0
2019-01-03,14,0,252,267.06,267.06,0.0,3057.200408,0.0
2019-01-03,14,0,254,21.19,21.19,0.0,168.858777,0.0
2019-01-03,14,0,255,9.71,9.71,0.0,77.377005,0.0
2019-01-03,14,0,258,17.62,17.62,0.0,111.695088,0.0
2019-01-03,14,0,260,7.22,7.22,0.0,73.360738,0.0
2019-01-03,14,0,265,92.43,92.43,0.0,-792.876637,0.0
2019-01-03,14,0,266,29.1,29.1,0.0,-249.623608,0.0
2019-01-03,14,0,267,35.76,35.76,0.0,-306.75396,0.0
2019-01-03,14,0,270,107.34,107.34,0.0,122.223673,0.0
2019-01-03,14,0,272,110.79,110.79,0.0,3084.674386,0.0
2019-01-03,14,0,273,5.53,5.53,0.0,6.296785,0.0
2019-01-03,14,0,274,143.18,143.18,0.0,163.033216,0.0
2019-01-03,14,0,275,208.24,208.24,0.0,237.11438,0.0
2019-01-03,14,0,276,1.62,1.62,0.0,8.06183,0.0
2019-01-03,14,0,277,5.05,5.05,0.0,143.859691,0.0
2019-01-03,14,0,278,8.08,8.08,0.0,230.175505,0.0
2019-01-03,14,0,279,161.75,161.75,0.0,4607.783168,0.0
2019-01-03,14,0,281,56.1,56.1,0.0,-56100.0,0.0
2019-01-03,14,0,282,374.62,374.62,0.0,-374620.0,0.0
2019-01-03,15,0,9,3.25,3.25,0.0,-1274.860164,0.0
2019-01-03,15,0,17,50.22,50.22,0.0,328.358328,0.0
2019-01-03,15,0,19,192.99,192.99,0.0,1261.845353,0.0
2019-01-03,15,0,20,234.06,234.06,0.0,1530.377343,0.0
2019-01-03,15,0,21,74.32,74.32,0.0,-29153.109965,0.0
2019-01-03,15,0,22,264.15,264.15,0.0,-103616.71148,0.0
2019-01-03,15,0,23,32.64,32.64,0.0,-12803.518693,0.0
2019-01-03,15,0,24,57.75,57.75,0.0,-22653.284452,0.0
2019-01-03,15,0,29,4.4,4.4,0.0,22.997406,0.0
2019-01-03,15,0,30,636.43,636.43,0.0,-636430.0,0.0
2019-01-03,15,0,31,125.0,125.0,0.0,-125000.0,0.0
2019-01-03,15,0,32,1.16,1.16,0.0,33.534953,0.0
2019-01-03,15,0,33,3.05,3.05,0.0,32.209894,0.0
2019-01-03,15,0,34,4.89,4.89,0.0,51.641437,0.0
2019-01-03,15,0,35,4.89,4.89,0.0,51.641437,0.0
2019-01-03,15,0,36,11.91,11.91,0.0,8.763543,0.0
2019-01-03,15,0,37,5.62,5.62,0.0,4.224065,0.0
2019-01-03,15,0,38,7.22,7.22,0.0,5.426645,0.0
2019-01-03,15,0,39,4.82,4.82,0.0,3.622774,0.0
2019-01-03,15,0,40,4.82,4.82,0.0,3.622774,0.0
2019-01-03,15,0,41,58.96,58.96,0.0,-795.115823,0.0
2019-01-03,15,0,42,66.27,66.27,0.0,375.520318,0.0
2019-01-03,15,0,43,35.68,35.68,0.0,57.258103,0.0
2019-01-03,15,0,46,30.93,30.93,0.0,-3.401108,0.0
2019-01-03,15,0,52,132.5,132.5,0.0,-132500.0,0.0
2019-01-03,15,0,53,210.5,210.5,0.0,-210500.0,0.0
2019-01-03,15,0,55,623.0,623.0,0.0,-244380.886814,0.0
2019-01-03,15,0,56,187.72,187.72,0.0,-187720.0,0.0
2019-01-03,15,0,57,178.57,178.57,0.0,-178570.0,0.0
2019-01-03,15,0,58,343.4,343.4,0.0,-343400.0,0.0
2019-01-03,15,0,59,337.67,337.67,0.0,-337670.0,0.0
2019-01-03,15,0,63,12.21,12.21,0.0,363.959814,0.0
2019-01-03,15,0,64,14.37,14.37,0.0,428.345825,0.0
2019-01-03,15,0,65,41.4,41.4,0.0,263.98445,0.0
2019-01-03,15,0,67,329.12,329.12,0.0,4461.690225,0.0
2019-01-03,15,0,68,23.54,23.54,0.0,408.480399,0.0
2019-01-03,15,0,69,3.05,3.05,0.0,32.209894,0.0
2019-01-03,15,0,74,217.6,217.6,0.0,327.330876,0.0
2019-01-03,15,0,77,60.0,60.0,0.0,1505.776421,0.0
2019-01-03,15,0,78,45.36,45.36,0.0,1138.366974,0.0
2019-01-03,15,0,79,26.25,26.25,0.0,658.777184,0.0
2019-01-03,15,0,80,42.45,42.45,0.0,1065.336818,0.0
2019-01-03,15,0,81,55.5,55.5,0.0,1392.843189,0.0
2019-01-03,15,0,82,39.15,39.15,0.0,982.519115,0.0
2019-01-03,15,0,83,87.3,87.3,0.0,2190.904693,0.0
2019-01-03,15,0,84,0.0,0.0,0.0,0.0,0.0
2019-01-03,15,0,86,15.47,15.47,0.0,163.372807,0.0
2019-01-03,15,0,87,79.0,79.0,0.0,834.289062,0.0
2019-01-03,15,0,88,51.18,51.18,0.0,1284.427287,0.0
2019-01-03,15,0,89,49.2,49.2,0.0,1234.736665,0.0
2019-01-03,15,0,90,66.06,66.06,0.0,1657.859839,0.0
2019-01-03,15,0,91,235.65,235.65,0.0,5913.936893,0.0
2019-01-03,15,0,92,84.75,84.75,0.0,2126.909195,0.0
2019-01-03,15,0,95,23.58,23.58,0.0,528.893189,0.0
2019-01-03,15,0,96,29.88,29.88,0.0,1098.296225,0.0
2019-01-03,15,0,97,183.75,183.75,0.0,6754.080703,0.0
2019-01-03,15,0,99,42.0,42.0,0.0,63.179673,0.0
2019-01-03,15,0,101,12.82,12.82,0.0,-12820.0,0.0
2019-01-03,15,0,102,55.73,55.73,0.0,967.06086,0.0
2019-01-03,15,0,103,48.46,48.46,0.0,840.907398,0.0
2019-01-03,15,0,104,9.0,9.0,0.0,156.173475,0.0
2019-01-03,15,0,106,260.03,260.03,0.0,-102000.581056,0.0
2019-01-03,15,0,109,60.0,60.0,0.0,-109.305979,0.0
2019-01-03,15,0,110,29.99,29.99,0.0,57.919688,0.0
2019-01-03,15,0,111,20.64,20.64,0.0,-278.344481,0.0
2019-01-03,15,0,113,36.84,36.84,0.0,856.272986,0.0
2019-01-03,15,0,115,36.84,36.84,0.0,856.272986,0.0
2019-01-03,15,0,116,21.37,21.37,0.0,41.271882,0.0
2019-01-03,15,0,117,2.46,2.46,0.0,57.177838,0.0
2019-01-03,15,0,119,14.37,14.37,0.0,428.345825,0.0
2019-01-03,15,0,120,8.45,8.45,0.0,251.880461,0.0
2019-01-03,15,0,123,4.33,4.33,0.0,-1698.506003,0.0
2019-01-03,15,0,125,52.26,52.26,0.0,-20499.751436,0.0
2019-01-03,15,0,126,195.02,195.02,0.0,-76499.455131,0.0
2019-01-03,15,0,127,250.28,250.28,0.0,-98176.000565,0.0
2019-01-03,15,0,128,74.85,74.85,0.0,-29361.010238,0.0
2019-01-03,15,0,131,73.62,73.62,0.0,1630.681833,0.0
2019-01-03,15,0,132,108.35,108.35,0.0,2399.950783,0.0
2019-01-03,15,0,133,41.94,41.94,0.0,274.860368,0.0
2019-01-03,15,0,134,0.0,0.0,0.0,0.0,0.0
2019-01-03,15,0,135,56.2,56.2,0.0,368.315515,0.0
2019-01-03,15,0,136,45.9,45.9,0.0,292.270298,0.0
2019-01-03,15,0,139,76.67,76.67,0.0,-1033.947255,0.0
2019-01-03,15,0,140,22.19,22.19,0.0,42.855548,0.0
2019-01-03,15,0,141,230.0,230.0,0.0,3117.97749,0.0
2019-01-03,15,0,142,434.02,434.02,0.0,5883.759089,0.0
2019-01-03,15,0,143,238.5,238.5,0.0,-238500.0,0.0
2019-01-03,15,0,145,30.0,30.0,0.0,-196.230579,0.0
2019-01-03,15,0,146,59.96,59.96,0.0,115.80075,0.0
2019-01-03,15,0,152,9.06,9.06,0.0,19.340452,0.0
2019-01-03,15,0,153,11.28,11.28,0.0,21.87966,0.0
2019-01-03,15,0,154,85.15,85.15,0.0,-1148.30584,0.0
2019-01-03,15,0,157,75.89,75.89,0.0,1028.797008,0.0
2019-01-03,15,0,158,326.75,326.75,0.0,4429.5615,0.0
2019-01-03,15,0,159,0.0,0.0,0.0,0.0,0.0
2019-01-03,15,0,160,2.77,2.77,0.0,11.392564,0.0
2019-01-03,15,0,161,54.58,54.58,0.0,947.10536,0.0
2019-01-03,15,0,162,29.12,29.12,0.0,653.942642,0.0
2019-01-03,15,0,163,39.65,39.65,0.0,76.576046,0.0
2019-01-03,15,0,164,24.54,24.54,0.0,-24540.0,0.0
2019-01-03,15,0,167,1.28,1.28,0.0,28.325736,0.0
2019-01-03,15,0,168,0.64,0.64,0.0,14.162868,0.0
2019-01-03,15,0,169,0.0,0.0,0.0,0.0,0.0
2019-01-03,15,0,170,1.4,1.4,0.0,30.981274,0.0
2019-01-03,15,0,172,1.96,1.96,0.0,49.068137,0.0
2019-01-03,15,0,173,2.98,2.98,0.0,74.603596,0.0
2019-01-03,15,0,188,2.37,2.37,0.0,63.529642,0.0
2019-01-03,15,0,190,1.74,1.74,0.0,51.866509,0.0
2019-01-03,15,0,191,4.5,4.5,0.0,134.137524,0.0
2019-01-03,15,0,192,62.26,62.26,0.0,1855.867159,0.0
2019-01-03,15,0,194,35.96,35.96,0.0,893.63199,0.0
2019-01-03,15,0,196,1.18,1.18,0.0,40.52629,0.0
2019-01-03,15,0,198,10.13,10.13,0.0,80.350249,0.0
2019-01-03,15,0,199,63.77,63.77,0.0,984.33488,0.0
2019-01-03,15,0,200,9.73,9.73,0.0,150.189405,0.0
2019-01-03,15,0,204,257.1,257.1,0.0,-548.244073,0.0
2019-01-03,15,0,205,317.4,317.4,0.0,-578.228627,0.0
2019-01-03,15,0,206,539.94,539.94,0.0,19846.52155,0.0
2019-01-03,15,0,210,1.42,1.42,0.0,8.705284,0.0
2019-01-03,15,0,214,12.01,12.01,0.0,155.281875,0.0
2019-01-03,15,0,217,7.55,7.55,0.0,76.07892,0.0
2019-01-03,15,0,218,10.41,10.41,0.0,104.898219,0.0
2019-01-03,15,0,219,7.09,7.09,0.0,71.443648,0.0
2019-01-03,15,0,221,6.4,6.4,0.0,82.748043,0.0
2019-01-03,15,0,225,4.71,4.71,0.0,24.206577,0.0
2019-01-03,15,0,233,8.75,8.75,0.0,92.405434,0.0
2019-01-03,15,0,236,179.56,179.56,0.0,784.801283,0.0
2019-01-03,15,0,237,522.0,522.0,0.0,785.233075,0.0
2019-01-03,15,0,238,86.26,86.26,0.0,488.794064,0.0
2019-01-03,15,0,240,13.5,13.5,0.0,9.933487,0.0
2019-01-03,15,0,245,78.0,78.0,0.0,556.450281,0.0
2019-01-03,15,0,247,171.72,171.72,0.0,1225.046697,0.0
2019-01-03,15,0,248,52.4,52.4,0.0,78.824163,0.0
2019-01-03,15,0,249,150.0,150.0,0.0,1070.096695,0.0
2019-01-03,15,0,251,284.71,284.71,0.0,1739.726697,0.0
2019-01-03,15,0,252,267.06,267.06,0.0,1702.890995,0.0
2019-01-03,15,0,254,19.77,19.77,0.0,44.168779,0.0
2019-01-03,15,0,255,9.06,9.06,0.0,20.241231,0.0
2019-01-03,15,0,258,16.55,16.55,0.0,14.500398,0.0
2019-01-03,15,0,260,6.73,6.73,0.0,27.679406,0.0
2019-01-03,15,0,265,88.16,88.16,0.0,-1188.897743,0.0
2019-01-03,15,0,266,49.03,49.03,0.0,-661.202999,0.0
2019-01-03,15,0,267,60.63,60.63,0.0,-817.636912,0.0
2019-01-03,15,0,270,129.43,129.43,0.0,249.968162,0.0
2019-01-03,15,0,272,123.11,123.11,0.0,2861.448625,0.0
2019-01-03,15,0,273,5.11,5.11,0.0,9.868943,0.0
2019-01-03,15,0,274,170.47,170.47,0.0,329.228716,0.0
2019-01-03,15,0,275,244.69,244.69,0.0,472.569804,0.0
2019-01-03,15,0,276,1.49,1.49,0.0,6.745148,0.0
2019-01-03,15,0,277,4.67,4.67,0.0,112.01472,0.0
2019-01-03,15,0,278,7.48,7.48,0.0,179.41544,0.0
2019-01-03,15,0,279,176.04,176.04,0.0,4222.49921,0.0
2019-01-03,15,0,281,56.1,56.1,0.0,-56100.0,0.0
2019-01-03,15,0,282,349.12,349.12,0.0,-349120.0,0.0
2019-01-03,16,0,9,2.66,2.66,0.0,-1041.957516,0.0
2019-01-03,16,0,17,42.22,42.22,0.0,320.226118,0.0
2019-01-03,16,0,19,321.13,321.13,0.0,2435.675349,0.0
2019-01-03,16,0,20,405.3,405.3,0.0,3074.079715,0.0
2019-01-03,16,0,21,60.83,60.83,0.0,-23827.923184,0.0
2019-01-03,16,0,22,216.17,216.17,0.0,-84676.675236,0.0
2019-01-03,16,0,23,32.64,32.64,0.0,-12785.523799,0.0
2019-01-03,16,0,24,57.75,57.75,0.0,-22621.44606,0.0
2019-01-03,16,0,29,6.26,6.26,0.0,27.633464,0.0
2019-01-03,16,0,30,519.32,519.32,0.0,-519320.0,0.0
2019-01-03,16,0,31,125.0,125.0,0.0,-125000.0,0.0
2019-01-03,16,0,32,1.27,1.27,0.0,37.697502,0.0
2019-01-03,16,0,33,2.47,2.47,0.0,28.93932,0.0
2019-01-03,16,0,34,3.95,3.95,0.0,46.27948,0.0
2019-01-03,16,0,35,3.95,3.95,0.0,46.27948,0.0
2019-01-03,16,0,36,9.65,9.65,0.0,14.648003,0.0
2019-01-03,16,0,37,4.59,4.59,0.0,6.959408,0.0
2019-01-03,16,0,38,5.91,5.91,0.0,8.960806,0.0
2019-01-03,16,0,39,3.94,3.94,0.0,5.973871,0.0
2019-01-03,16,0,40,3.94,3.94,0.0,5.973871,0.0
2019-01-03,16,0,41,82.36,82.36,0.0,-1038.506466,0.0
2019-01-03,16,0,42,61.03,61.03,0.0,408.236454,0.0
2019-01-03,16,0,43,29.24,29.24,0.0,67.493071,0.0
2019-01-03,16,0,46,24.49,24.49,0.0,15.854791,0.0
2019-01-03,16,0,52,132.5,132.5,0.0,-132500.0,0.0
2019-01-03,16,0,53,210.5,210.5,0.0,-210500.0,0.0
2019-01-03,16,0,55,623.0,623.0,0.0,-244037.418106,0.0
2019-01-03,16,0,56,153.18,153.18,0.0,-153180.0,0.0
2019-01-03,16,0,57,145.71,145.71,0.0,-145710.0,0.0
2019-01-03,16,0,58,280.21,280.21,0.0,-280210.0,0.0
2019-01-03,16,0,59,275.54,275.54,0.0,-275540.0,0.0
2019-01-03,16,0,63,15.8,15.8,0.0,512.355402,0.0
2019-01-03,16,0,64,18.59,18.59,0.0,602.828287,0.0
2019-01-03,16,0,65,34.8,34.8,0.0,258.158067,0.0
2019-01-03,16,0,67,274.91,274.91,0.0,4555.236131,0.0
2019-01-03,16,0,68,22.61,22.61,0.0,482.437667,0.0
2019-01-03,16,0,69,2.47,2.47,0.0,28.93932,0.0
2019-01-03,16,0,74,134.72,134.72,0.0,328.095659,0.0
2019-01-03,16,0,77,60.0,60.0,0.0,1566.107474,0.0
2019-01-03,16,0,78,45.36,45.36,0.0,1183.97725,0.0
2019-01-03,16,0,79,26.25,26.25,0.0,685.17202,0.0
2019-01-03,16,0,80,42.45,42.45,0.0,1108.021038,0.0
2019-01-03,16,0,81,55.5,55.5,0.0,1448.649413,0.0
2019-01-03,16,0,82,39.15,39.15,0.0,1021.885126,0.0
2019-01-03,16,0,83,87.3,87.3,0.0,2278.686374,0.0
2019-01-03,16,0,84,0.0,0.0,0.0,0.0,0.0
2019-01-03,16,0,86,12.51,12.51,0.0,146.571214,0.0
2019-01-03,16,0,87,63.88,63.88,0.0,748.438782,0.0
2019-01-03,16,0,88,51.18,51.18,0.0,1335.889675,0.0
2019-01-03,16,0,89,49.2,49.2,0.0,1284.208128,0.0
2019-01-03,16,0,90,66.06,66.06,0.0,1724.284328,0.0
2019-01-03,16,0,91,235.65,235.65,0.0,6150.887102,0.0
2019-01-03,16,0,92,84.75,84.75,0.0,2212.126806,0.0
2019-01-03,16,0,95,15.72,15.72,0.0,467.566462,0.0
2019-01-03,16,0,96,29.88,29.88,0.0,1126.459142,0.0
2019-01-03,16,0,97,183.75,183.75,0.0,6927.271327,0.0
2019-01-03,16,0,99,29.54,29.54,0.0,71.941403,0.0
2019-01-03,16,0,101,10.46,10.46,0.0,-10460.0,0.0
2019-01-03,16,0,102,53.53,53.53,0.0,1142.18878,0.0
2019-01-03,16,0,103,46.55,46.55,0.0,993.25402,0.0
2019-01-03,16,0,104,8.64,8.64,0.0,184.354774,0.0
2019-01-03,16,0,106,212.8,212.8,0.0,-83356.601241,0.0
2019-01-03,16,0,109,60.0,60.0,0.0,-59.684267,0.0
2019-01-03,16,0,110,24.98,24.98,0.0,49.22309,0.0
2019-01-03,16,0,111,16.95,16.95,0.0,-213.728565,0.0
2019-01-03,16,0,113,40.88,40.88,0.0,999.943855,0.0
2019-01-03,16,0,115,40.88,40.88,0.0,999.943855,0.0
2019-01-03,16,0,116,18.93,18.93,0.0,37.301565,0.0
2019-01-03,16,0,117,2.73,2.73,0.0,66.777073,0.0
2019-01-03,16,0,119,18.59,18.59,0.0,602.828287,0.0
2019-01-03,16,0,120,10.93,10.93,0.0,354.433199,0.0
2019-01-03,16,0,123,3.55,3.55,0.0,-1390.582399,0.0
2019-01-03,16,0,125,52.26,52.26,0.0,-20470.93976,0.0
2019-01-03,16,0,126,159.6,159.6,0.0,-62517.450931,0.0
2019-01-03,16,0,127,204.82,204.82,0.0,-80230.728694,0.0
2019-01-03,16,0,128,74.85,74.85,0.0,-29319.744374,0.0
2019-01-03,16,0,131,28.2,28.2,0.0,637.618766,0.0
2019-01-03,16,0,132,41.46,41.46,0.0,937.43525,0.0
2019-01-03,16,0,133,44.11,44.11,0.0,335.252597,0.0
2019-01-03,16,0,134,0.0,0.0,0.0,0.0,0.0
2019-01-03,16,0,135,56.07,56.07,0.0,426.153097,0.0
2019-01-03,16,0,136,40.14,40.14,0.0,297.40537,0.0
2019-01-03,16,0,139,107.25,107.25,0.0,-1352.353308,0.0
2019-01-03,16,0,140,18.49,18.49,0.0,36.434545,0.0
2019-01-03,16,0,141,230.0,230.0,0.0,3811.081118,0.0
2019-01-03,16,0,142,362.54,362.54,0.0,6007.258038,0.0
2019-01-03,16,0,143,238.5,238.5,0.0,-238500.0,0.0
2019-01-03,16,0,145,30.0,30.0,0.0,-170.034153,0.0
2019-01-03,16,0,146,57.85,57.85,0.0,113.993424,0.0
2019-01-03,16,0,152,7.4,7.4,0.0,22.554427,0.0
2019-01-03,16,0,153,9.17,9.17,0.0,26.104221,0.0
2019-01-03,16,0,154,69.93,69.93,0.0,-881.772185,0.0
2019-01-03,16,0,157,88.59,88.59,0.0,1467.929027,0.0
2019-01-03,16,0,158,260.63,260.63,0.0,4318.617704,0.0
2019-01-03,16,0,159,0.0,0.0,0.0,0.0,0.0
2019-01-03,16,0,160,2.25,2.25,0.0,10.503679,0.0
2019-01-03,16,0,161,51.02,51.02,0.0,1088.632011,0.0
2019-01-03,16,0,162,27.42,27.42,0.0,816.476082,0.0
2019-01-03,16,0,163,47.98,47.98,0.0,94.544589,0.0
2019-01-03,16,0,164,19.75,19.75,0.0,-19750.0,0.0
2019-01-03,16,0,167,1.4,1.4,0.0,41.537612,0.0
2019-01-03,16,0,168,0.7,0.7,0.0,20.768806,0.0
2019-01-03,16,0,169,0.0,0.0,0.0,0.0,0.0
2019-01-03,16,0,170,1.54,1.54,0.0,45.691373,0.0
2019-01-03,16,0,172,2.42,2.42,0.0,67.8172,0.0
2019-01-03,16,0,173,3.69,3.69,0.0,103.407219,0.0
2019-01-03,16,0,188,2.67,2.67,0.0,77.686649,0.0
2019-01-03,16,0,190,1.49,1.49,0.0,48.31706,0.0
2019-01-03,16,0,191,3.84,3.84,0.0,124.521819,0.0
2019-01-03,16,0,192,80.89,80.89,0.0,2623.065095,0.0
2019-01-03,16,0,194,45.19,45.19,0.0,1196.530709,0.0
2019-01-03,16,0,196,1.02,1.02,0.0,38.057259,0.0
2019-01-03,16,0,198,9.67,9.67,0.0,78.418145,0.0
2019-01-03,16,0,199,65.32,65.32,0.0,1151.698782,0.0
2019-01-03,16,0,200,12.94,12.94,0.0,228.153433,0.0
2019-01-03,16,0,204,257.1,257.1,0.0,-337.187386,0.0
2019-01-03,16,0,205,317.4,317.4,0.0,-315.729773,0.0
2019-01-03,16,0,206,539.94,539.94,0.0,20355.433363,0.0
2019-01-03,16,0,210,1.86,1.86,0.0,10.138669,0.0
2019-01-03,16,0,214,11.76,11.76,0.0,166.407488,0.0
2019-01-03,16,0,217,7.8,7.8,0.0,81.360707,0.0
2019-01-03,16,0,218,10.77,10.77,0.0,112.340361,0.0
2019-01-03,16,0,219,7.34,7.34,0.0,76.562512,0.0
2019-01-03,16,0,221,6.27,6.27,0.0,88.722359,0.0
2019-01-03,16,0,225,5.82,5.82,0.0,25.108546,0.0
2019-01-03,16,0,233,7.08,7.08,0.0,82.951574,0.0
2019-01-03,16,0,236,159.03,159.03,0.0,851.556128,0.0
2019-01-03,16,0,237,308.11,308.11,0.0,750.367825,0.0
2019-01-03,16,0,238,79.44,79.44,0.0,531.382991,0.0
2019-01-03,16,0,240,10.94,10.94,0.0,16.60613,0.0
2019-01-03,16,0,245,78.0,78.0,0.0,639.32554,0.0
2019-01-03,16,0,247,171.72,171.72,0.0,1407.499765,0.0
2019-01-03,16,0,248,36.28,36.28,0.0,88.355927,0.0
2019-01-03,16,0,249,150.0,150.0,0.0,1229.472191,0.0
2019-01-03,16,0,251,234.61,234.61,0.0,1676.332723,0.0
2019-01-03,16,0,252,224.5,224.5,0.0,1665.416264,0.0
2019-01-03,16,0,254,15.75,15.75,0.0,45.682347,0.0
2019-01-03,16,0,255,7.22,7.22,0.0,20.941368,0.0
2019-01-03,16,0,258,13.41,13.41,0.0,22.067099,0.0
2019-01-03,16,0,260,5.46,5.46,0.0,25.488927,0.0
2019-01-03,16,0,265,72.4,72.4,0.0,-912.917291,0.0
2019-01-03,16,0,266,68.38,68.38,0.0,-862.227685,0.0
2019-01-03,16,0,267,84.71,84.71,0.0,-1068.138449,0.0
2019-01-03,16,0,270,129.68,129.68,0.0,255.534438,0.0
2019-01-03,16,0,272,136.63,136.63,0.0,3342.033486,0.0
2019-01-03,16,0,273,4.53,4.53,0.0,8.926365,0.0
2019-01-03,16,0,274,161.83,161.83,0.0,318.886013,0.0
2019-01-03,16,0,275,216.96,216.96,0.0,427.519677,0.0
2019-01-03,16,0,276,2.8,2.8,0.0,14.644677,0.0
2019-01-03,16,0,277,6.57,6.57,0.0,165.028544,0.0
2019-01-03,16,0,278,10.5,10.5,0.0,263.744248,0.0
2019-01-03,16,0,279,437.87,437.87,0.0,10998.637525,0.0
2019-01-03,16,0,281,56.1,56.1,0.0,-56100.0,0.0
2019-01-03,16,0,282,284.88,284.88,0.0,-284880.0,0.0
2019-01-03,17,0,9,1.77,1.77,0.0,-286.282081,0.0
2019-01-03,17,0,17,28.19,28.19,0.0,368.662477,0.0
2019-01-03,17,0,19,207.43,207.43,0.0,2712.722866,0.0
2019-01-03,17,0,20,249.79,249.79,0.0,3266.697415,0.0
2019-01-03,17,0,21,40.52,40.52,0.0,-6553.757017,0.0
2019-01-03,17,0,22,144.02,144.02,0.0,-23293.980394,0.0
2019-01-03,17,0,23,47.2,47.2,0.0,-7634.188825,0.0
2019-01-03,17,0,24,83.96,83.96,0.0,-13579.798597,0.0
2019-01-03,17,0,29,4.05,4.05,0.0,23.445107,0.0
2019-01-03,17,0,30,351.93,351.93,0.0,-148942.829608,0.0
2019-01-03,17,0,31,125.0,125.0,0.0,-52902.150146,0.0
2019-01-03,17,0,32,0.83,0.83,0.0,21.080098,0.0
2019-01-03,17,0,33,1.64,1.64,0.0,25.711717,0.0
2019-01-03,17,0,34,2.63,2.63,0.0,41.232815,0.0
2019-01-03,17,0,35,2.63,2.63,0.0,41.232815,0.0
2019-01-03,17,0,36,6.58,6.58,0.0,58.597349,0.0
2019-01-03,17,0,37,3.08,3.08,0.0,27.230832,0.0
2019-01-03,17,0,38,3.96,3.96,0.0,35.01107,0.0
2019-01-03,17,0,39,2.64,2.64,0.0,23.340713,0.0
2019-01-03,17,0,40,2.64,2.64,0.0,23.340713,0.0
2019-01-03,17,0,41,34.8,34.8,0.0,71.750403,0.0
2019-01-03,17,0,42,41.19,41.19,0.0,515.458422,0.0
2019-01-03,17,0,43,19.38,19.38,0.0,176.857479,0.0
2019-01-03,17,0,46,16.59,16.59,0.0,137.056676,0.0
2019-01-03,17,0,52,132.5,132.5,0.0,-56076.279155,0.0
2019-01-03,17,0,53,210.5,210.5,0.0,-89087.220846,0.0
2019-01-03,17,0,55,623.0,623.0,0.0,-100764.822842,0.0
2019-01-03,17,0,56,103.81,103.81,0.0,-43934.177653,0.0
2019-01-03,17,0,57,98.74,98.74,0.0,-41788.466443,0.0
2019-01-03,17,0,58,189.89,189.89,0.0,-80364.71433,0.0
2019-01-03,17,0,59,186.73,186.73,0.0,-79027.347974,0.0
2019-01-03,17,0,63,22.48,22.48,0.0,611.211418,0.0
2019-01-03,17,0,64,26.44,26.44,0.0,718.880333,0.0
2019-01-03,17,0,65,15.27,15.27,0.0,198.098894,0.0
2019-01-03,17,0,67,183.72,183.72,0.0,2149.839034,0.0
2019-01-03,17,0,68,6.76,6.76,0.0,94.828145,0.0
2019-01-03,17,0,69,1.64,1.64,0.0,25.711717,0.0
2019-01-03,17,0,74,93.49,93.49,0.0,928.858634,0.0
2019-01-03,17,0,77,44.97,44.97,0.0,737.655658,0.0
2019-01-03,17,0,78,34.0,34.0,0.0,557.711638,0.0
2019-01-03,17,0,79,19.67,19.67,0.0,322.652586,0.0
2019-01-03,17,0,80,31.81,31.81,0.0,521.788447,0.0
2019-01-03,17,0,81,41.59,41.59,0.0,682.212559,0.0
2019-01-03,17,0,82,29.34,29.34,0.0,481.272337,0.0
2019-01-03,17,0,83,65.43,65.43,0.0,1073.266837,0.0
2019-01-03,17,0,84,0.0,0.0,0.0,0.0,0.0
2019-01-03,17,0,86,8.33,8.33,0.0,130.59671,0.0
2019-01-03,17,0,87,42.51,42.51,0.0,666.466525,0.0
2019-01-03,17,0,88,36.67,36.67,0.0,601.508405,0.0
2019-01-03,17,0,89,35.25,35.25,0.0,578.215742,0.0
2019-01-03,17,0,90,47.34,47.34,0.0,776.531439,0.0
2019-01-03,17,0,91,168.85,168.85,0.0,2769.694414,0.0
2019-01-03,17,0,92,60.73,60.73,0.0,996.171405,0.0
2019-01-03,17,0,95,14.97,14.97,0.0,380.442991,0.0
2019-01-03,17,0,96,27.54,27.54,0.0,627.989014,0.0
2019-01-03,17,0,97,169.37,169.37,0.0,3862.109636,0.0
2019-01-03,17,0,99,19.02,19.02,0.0,188.970919,0.0
2019-01-03,17,0,101,7.09,7.09,0.0,-3000.609956,0.0
2019-01-03,17,0,102,15.99,15.99,0.0,224.305035,0.0
2019-01-03,17,0,103,13.91,13.91,0.0,195.127144,0.0
2019-01-03,17,0,104,2.59,2.59,0.0,36.332085,0.0
2019-01-03,17,0,106,141.78,141.78,0.0,-22931.679908,0.0
2019-01-03,17,0,109,60.0,60.0,0.0,447.949303,0.0
2019-01-03,17,0,110,15.04,15.04,0.0,68.859194,0.0
2019-01-03,17,0,111,12.28,12.28,0.0,25.31882,0.0
2019-01-03,17,0,113,23.49,23.49,0.0,362.582481,0.0
2019-01-03,17,0,115,23.49,23.49,0.0,362.582481,0.0
2019-01-03,17,0,116,12.79,12.79,0.0,58.557785,0.0
2019-01-03,17,0,117,1.57,1.57,0.0,24.233908,0.0
2019-01-03,17,0,119,26.44,26.44,0.0,718.880333,0.0
2019-01-03,17,0,120,15.56,15.56,0.0,423.062707,0.0
2019-01-03,17,0,123,2.36,2.36,0.0,-381.709441,0.0
2019-01-03,17,0,125,75.89,75.89,0.0,-12274.546397,0.0
2019-01-03,17,0,126,106.33,106.33,0.0,-17197.951224,0.0
2019-01-03,17,0,127,136.46,136.46,0.0,-22071.216252,0.0
2019-01-03,17,0,128,109.23,109.23,0.0,-17667.000961,0.0
2019-01-03,17,0,131,17.82,17.82,0.0,261.046362,0.0
2019-01-03,17,0,132,26.19,26.19,0.0,383.659048,0.0
2019-01-03,17,0,133,71.15,71.15,0.0,931.185521,0.0
2019-01-03,17,0,134,0.0,0.0,0.0,0.0,0.0
2019-01-03,17,0,135,93.14,93.14,0.0,1218.982705,0.0
2019-01-03,17,0,136,18.21,18.21,0.0,236.135076,0.0
2019-01-03,17,0,139,44.94,44.94,0.0,92.656986,0.0
2019-01-03,17,0,140,11.13,11.13,0.0,50.957635,0.0
2019-01-03,17,0,141,185.22,185.22,0.0,2167.391606,0.0
2019-01-03,17,0,142,242.28,242.28,0.0,2835.091449,0.0
2019-01-03,17,0,143,238.5,238.5,0.0,-100937.302479,0.0
2019-01-03,17,0,145,30.0,30.0,0.0,139.620106,0.0
2019-01-03,17,0,146,35.7,35.7,0.0,163.449018,0.0
2019-01-03,17,0,152,4.98,4.98,0.0,50.608795,0.0
2019-01-03,17,0,153,6.15,6.15,0.0,61.695899,0.0
2019-01-03,17,0,154,50.67,50.67,0.0,104.471061,0.0
2019-01-03,17,0,157,71.12,71.12,0.0,832.225953,0.0
2019-01-03,17,0,158,176.28,176.28,0.0,2062.778276,0.0
2019-01-03,17,0,159,0.0,0.0,0.0,0.0,0.0
2019-01-03,17,0,160,1.5,1.5,0.0,15.144996,0.0
2019-01-03,17,0,161,34.39,34.39,0.0,482.417145,0.0
2019-01-03,17,0,162,23.01,23.01,0.0,585.311638,0.0
2019-01-03,17,0,163,34.83,34.83,0.0,159.465806,0.0
2019-01-03,17,0,164,13.79,13.79,0.0,-5836.165204,0.0
2019-01-03,17,0,167,0.91,0.91,0.0,23.084298,0.0
2019-01-03,17,0,168,0.45,0.45,0.0,11.415312,0.0
2019-01-03,17,0,169,0.0,0.0,0.0,0.0,0.0
2019-01-03,17,0,170,0.99,0.99,0.0,25.113687,0.0
2019-01-03,17,0,172,1.57,1.57,0.0,37.783062,0.0
2019-01-03,17,0,173,2.39,2.39,0.0,57.516891,0.0
2019-01-03,17,0,188,1.74,1.74,0.0,43.244303,0.0
2019-01-03,17,0,190,0.99,0.99,0.0,26.917229,0.0
2019-01-03,17,0,191,2.55,2.55,0.0,69.332256,0.0
2019-01-03,17,0,192,49.79,49.79,0.0,1353.746285,0.0
2019-01-03,17,0,194,29.3,29.3,0.0,476.541806,0.0
2019-01-03,17,0,196,0.68,0.68,0.0,20.274611,0.0
2019-01-03,17,0,198,6.42,6.42,0.0,71.259869,0.0
2019-01-03,17,0,199,42.35,42.35,0.0,613.576161,0.0
2019-01-03,17,0,200,8.54,8.54,0.0,123.729408,0.0
2019-01-03,17,0,204,257.1,257.1,0.0,1861.895887,0.0
2019-01-03,17,0,205,317.4,317.4,0.0,2369.651813,0.0
2019-01-03,17,0,206,497.69,497.69,0.0,11348.723768,0.0
2019-01-03,17,0,210,1.21,1.21,0.0,8.003188,0.0
2019-01-03,17,0,214,7.75,7.75,0.0,133.402014,0.0
2019-01-03,17,0,217,5.07,5.07,0.0,63.902421,0.0
2019-01-03,17,0,218,6.99,6.99,0.0,88.102155,0.0
2019-01-03,17,0,219,4.76,4.76,0.0,59.995173,0.0
2019-01-03,17,0,221,4.14,4.14,0.0,71.262495,0.0
2019-01-03,17,0,225,3.78,3.78,0.0,21.580831,0.0
2019-01-03,17,0,233,4.71,4.71,0.0,73.842798,0.0
2019-01-03,17,0,236,119.74,119.74,0.0,1396.080111,0.0
2019-01-03,17,0,237,231.03,231.03,0.0,2295.370737,0.0
2019-01-03,17,0,238,53.62,53.62,0.0,671.009482,0.0
2019-01-03,17,0,240,7.45,7.45,0.0,66.345022,0.0
2019-01-03,17,0,245,62.06,62.06,0.0,835.500021,0.0
2019-01-03,17,0,247,116.98,116.98,0.0,1574.875806,0.0
2019-01-03,17,0,248,23.51,23.51,0.0,233.580773,0.0
2019-01-03,17,0,249,119.35,119.35,0.0,1606.78259,0.0
2019-01-03,17,0,251,93.73,93.73,0.0,1199.854758,0.0
2019-01-03,17,0,252,98.52,98.52,0.0,1278.107597,0.0
2019-01-03,17,0,254,10.55,10.55,0.0,98.847211,0.0
2019-01-03,17,0,255,4.83,4.83,0.0,45.254221,0.0
2019-01-03,17,0,258,9.18,9.18,0.0,82.078092,0.0
2019-01-03,17,0,260,3.65,3.65,0.0,36.852824,0.0
2019-01-03,17,0,265,52.46,52.46,0.0,108.16167,0.0
2019-01-03,17,0,266,29.1,29.1,0.0,59.998182,0.0
2019-01-03,17,0,267,35.76,35.76,0.0,73.729724,0.0
2019-01-03,17,0,270,108.76,108.76,0.0,497.947203,0.0
2019-01-03,17,0,272,78.51,78.51,0.0,1211.849748,0.0
2019-01-03,17,0,273,3.06,3.06,0.0,14.009916,0.0
2019-01-03,17,0,274,140.2,140.2,0.0,641.892221,0.0
2019-01-03,17,0,275,195.17,195.17,0.0,893.567081,0.0
2019-01-03,17,0,276,1.89,1.89,0.0,11.6592,0.0
2019-01-03,17,0,277,4.41,4.41,0.0,69.781926,0.0
2019-01-03,17,0,278,7.06,7.06,0.0,111.714376,0.0
2019-01-03,17,0,279,95.57,95.57,0.0,1512.258199,0.0
2019-01-03,17,0,281,56.1,56.1,0.0,-23742.484986,0.0
2019-01-03,17,0,282,193.05,193.05,0.0,-81702.080686,0.0
2019-01-03,18,0,9,0.85,0.85,0.0,7.344833,0.0
2019-01-03,18,0,17,12.35,12.35,0.0,127.050455,0.0
2019-01-03,18,0,19,179.2,179.2,0.0,1843.517527,0.0
2019-01-03,18,0,20,218.21,218.21,0.0,2244.832364,0.0
2019-01-03,18,0,21,19.35,19.35,0.0,167.202954,0.0
2019-01-03,18,0,22,68.76,68.76,0.0,594.153751,0.0
2019-01-03,18,0,23,57.16,57.16,0.0,493.918389,0.0
2019-01-03,18,0,24,101.43,101.43,0.0,876.454552,0.0
2019-01-03,18,0,29,1.38,1.38,0.0,12.56245,0.0
2019-01-03,18,0,30,178.43,178.43,0.0,1540.167657,0.0
2019-01-03,18,0,31,73.66,73.66,0.0,635.816565,0.0
2019-01-03,18,0,32,0.28,0.28,0.0,8.385031,0.0
2019-01-03,18,0,33,0.69,0.69,0.0,7.342871,0.0
2019-01-03,18,0,34,1.11,1.11,0.0,11.812445,0.0
2019-01-03,18,0,35,1.11,1.11,0.0,11.812445,0.0
2019-01-03,18,0,36,2.84,2.84,0.0,27.470769,0.0
2019-01-03,18,0,37,1.33,1.33,0.0,12.84101,0.0
2019-01-03,18,0,38,1.71,1.71,0.0,16.50987,0.0
2019-01-03,18,0,39,1.14,1.14,0.0,11.00658,0.0
2019-01-03,18,0,40,1.14,1.14,0.0,11.00658,0.0
2019-01-03,18,0,41,29.47,29.47,0.0,269.22468,0.0
2019-01-03,18,0,42,20.26,20.26,0.0,206.868258,0.0
2019-01-03,18,0,43,8.13,8.13,0.0,78.743165,0.0
2019-01-03,18,0,46,6.95,6.95,0.0,66.346131,0.0
2019-01-03,18,0,52,78.08,78.08,0.0,673.969011,0.0
2019-01-03,18,0,53,124.07,124.07,0.0,1070.944355,0.0
2019-01-03,18,0,55,324.36,324.36,0.0,2802.788114,0.0
2019-01-03,18,0,56,52.63,52.63,0.0,454.290331,0.0
2019-01-03,18,0,57,50.06,50.06,0.0,432.106669,0.0
2019-01-03,18,0,58,96.28,96.28,0.0,831.067321,0.0
2019-01-03,18,0,59,94.67,94.67,0.0,817.170162,0.0
2019-01-03,18,0,63,29.38,29.38,0.0,875.768987,0.0
2019-01-03,18,0,64,34.57,34.57,0.0,1030.474264,0.0
2019-01-03,18,0,65,5.32,5.32,0.0,54.653517,0.0
2019-01-03,18,0,67,86.73,86.73,0.0,1177.657183,0.0
2019-01-03,18,0,68,1.63,1.63,0.0,16.904419,0.0
2019-01-03,18,0,69,0.69,0.69,0.0,7.342871,0.0
2019-01-03,18,0,74,34.44,34.44,0.0,340.24948,0.0
2019-01-03,18,0,77,25.1,25.1,0.0,194.762563,0.0
2019-01-03,18,0,78,18.98,18.98,0.0,147.274639,0.0
2019-01-03,18,0,79,10.98,10.98,0.0,85.198922,0.0
2019-01-03,18,0,80,17.76,17.76,0.0,137.808092,0.0
2019-01-03,18,0,81,23.22,23.22,0.0,180.174769,0.0
2019-01-03,18,0,82,16.38,16.38,0.0,127.100031,0.0
2019-01-03,18,0,83,36.52,36.52,0.0,283.375649,0.0
2019-01-03,18,0,84,0.0,0.0,0.0,0.0,0.0
2019-01-03,18,0,86,3.51,3.51,0.0,37.352868,0.0
2019-01-03,18,0,87,17.92,17.92,0.0,190.701821,0.0
2019-01-03,18,0,88,18.57,18.57,0.0,144.093258,0.0
2019-01-03,18,0,89,17.86,17.86,0.0,138.584038,0.0
2019-01-03,18,0,90,23.97,23.97,0.0,185.994367,0.0
2019-01-03,18,0,91,85.52,85.52,0.0,663.589416,0.0
2019-01-03,18,0,92,30.76,30.76,0.0,238.681132,0.0
2019-01-03,18,0,95,14.89,14.89,0.0,444.41422,0.0
2019-01-03,18,0,96,14.99,14.99,0.0,129.246117,0.0
2019-01-03,18,0,97,92.2,92.2,0.0,794.962772,0.0
2019-01-03,18,0,99,6.65,6.65,0.0,65.698578,0.0
2019-01-03,18,0,101,3.59,3.59,0.0,30.988073,0.0
2019-01-03,18,0,102,3.85,3.85,0.0,39.927616,0.0
2019-01-03,18,0,103,3.35,3.35,0.0,34.742211,0.0
2019-01-03,18,0,104,0.62,0.62,0.0,6.429902,0.0
2019-01-03,18,0,106,67.68,67.68,0.0,584.821493,0.0
2019-01-03,18,0,109,45.1,45.1,0.0,425.069749,0.0
2019-01-03,18,0,110,8.37,8.37,0.0,195.867896,0.0
2019-01-03,18,0,111,5.89,5.89,0.0,53.808394,0.0
2019-01-03,18,0,113,12.26,12.26,0.0,84.742691,0.0
2019-01-03,18,0,115,12.26,12.26,0.0,84.742691,0.0
2019-01-03,18,0,116,5.34,5.34,0.0,124.962314,0.0
2019-01-03,18,0,117,0.82,0.82,0.0,5.667945,0.0
2019-01-03,18,0,119,34.57,34.57,0.0,1030.474264,0.0
2019-01-03,18,0,120,20.33,20.33,0.0,606.003523,0.0
2019-01-03,18,0,123,1.13,1.13,0.0,9.764307,0.0
2019-01-03,18,0,125,91.73,91.73,0.0,792.637051,0.0
2019-01-03,18,0,126,50.76,50.76,0.0,438.61612,0.0
2019-01-03,18,0,127,65.15,65.15,0.0,562.959815,0.0
2019-01-03,18,0,128,131.72,131.72,0.0,1138.189821,0.0
2019-01-03,18,0,131,10.35,10.35,0.0,98.47148,0.0
2019-01-03,18,0,132,15.22,15.22,0.0,144.805404,0.0
2019-01-03,18,0,133,62.71,62.71,0.0,645.212563,0.0
2019-01-03,18,0,134,0.0,0.0,0.0,0.0,0.0
2019-01-03,18,0,135,84.04,84.04,0.0,864.673318,0.0
2019-01-03,18,0,136,6.55,6.55,0.0,67.284443,0.0
2019-01-03,18,0,139,38.06,38.06,0.0,347.699061,0.0
2019-01-03,18,0,140,6.2,6.2,0.0,145.087331,0.0
2019-01-03,18,0,141,113.35,113.35,0.0,1539.114974,0.0
2019-01-03,18,0,142,114.37,114.37,0.0,1552.964972,0.0
2019-01-03,18,0,143,143.23,143.23,0.0,1236.329168,0.0
2019-01-03,18,0,145,16.96,16.96,0.0,151.393605,0.0
2019-01-03,18,0,146,20.69,20.69,0.0,484.170463,0.0
2019-01-03,18,0,152,2.23,2.23,0.0,22.027317,0.0
2019-01-03,18,0,153,2.73,2.73,0.0,26.915384,0.0
2019-01-03,18,0,154,24.31,24.31,0.0,222.085239,0.0
2019-01-03,18,0,157,57.9,57.9,0.0,786.191063,0.0
2019-01-03,18,0,158,82.28,82.28,0.0,1117.233172,0.0
2019-01-03,18,0,159,0.0,0.0,0.0,0.0,0.0
2019-01-03,18,0,160,0.61,0.61,0.0,5.984838,0.0
2019-01-03,18,0,161,15.66,15.66,0.0,162.406873,0.0
2019-01-03,18,0,162,19.02,19.02,0.0,567.796331,0.0
2019-01-03,18,0,163,17.6,17.6,0.0,411.86081,0.0
2019-01-03,18,0,164,7.42,7.42,0.0,64.047772,0.0
2019-01-03,18,0,167,0.29,0.29,0.0,8.658683,0.0
2019-01-03,18,0,168,0.15,0.15,0.0,4.478629,0.0
2019-01-03,18,0,169,0.0,0.0,0.0,0.0,0.0
2019-01-03,18,0,170,0.32,0.32,0.0,9.554408,0.0
2019-01-03,18,0,172,0.53,0.53,0.0,15.336176,0.0
2019-01-03,18,0,173,0.8,0.8,0.0,23.148945,0.0
2019-01-03,18,0,188,0.6,0.6,0.0,17.606365,0.0
2019-01-03,18,0,190,0.38,0.38,0.0,11.327169,0.0
2019-01-03,18,0,191,0.98,0.98,0.0,29.212172,0.0
2019-01-03,18,0,192,27.95,27.95,0.0,833.143063,0.0
2019-01-03,18,0,194,33.2,33.2,0.0,123.966695,0.0
2019-01-03,18,0,196,0.28,0.28,0.0,7.652492,0.0
2019-01-03,18,0,198,2.49,2.49,0.0,24.716276,0.0
2019-01-03,18,0,199,26.04,26.04,0.0,217.842055,0.0
2019-01-03,18,0,200,3.16,3.16,0.0,26.435518,0.0
2019-01-03,18,0,204,185.1,185.1,0.0,1736.590971,0.0
2019-01-03,18,0,205,238.56,238.56,0.0,2248.439895,0.0
2019-01-03,18,0,206,270.91,270.91,0.0,2335.82825,0.0
2019-01-03,18,0,210,0.41,0.41,0.0,3.780813,0.0
2019-01-03,18,0,214,2.93,2.93,0.0,31.79581,0.0
2019-01-03,18,0,217,1.82,1.82,0.0,18.45805,0.0
2019-01-03,18,0,218,2.51,2.51,0.0,25.455882,0.0
2019-01-03,18,0,219,1.71,1.71,0.0,17.342453,0.0
2019-01-03,18,0,221,1.56,1.56,0.0,16.928827,0.0
2019-01-03,18,0,225,1.32,1.32,0.0,12.00118,0.0
2019-01-03,18,0,233,1.99,1.99,0.0,21.177267,0.0
2019-01-03,18,0,236,74.92,74.92,0.0,756.020776,0.0
2019-01-03,18,0,237,82.61,82.61,0.0,816.144295,0.0
2019-01-03,18,0,238,26.37,26.37,0.0,269.255477,0.0
2019-01-03,18,0,240,3.22,3.22,0.0,31.146435,0.0
2019-01-03,18,0,245,42.23,42.23,0.0,436.656368,0.0
2019-01-03,18,0,247,68.45,68.45,0.0,707.770031,0.0
2019-01-03,18,0,248,8.29,8.29,0.0,81.900935,0.0
2019-01-03,18,0,249,81.22,81.22,0.0,839.811277,0.0
2019-01-03,18,0,251,27.39,27.39,0.0,280.741762,0.0
2019-01-03,18,0,252,34.29,34.29,0.0,352.268626,0.0
2019-01-03,18,0,254,4.35,4.35,0.0,42.269166,0.0
2019-01-03,18,0,255,1.99,1.99,0.0,19.336929,0.0
2019-01-03,18,0,258,3.95,3.95,0.0,38.215686,0.0
2019-01-03,18,0,260,1.49,1.49,0.0,14.618702,0.0
2019-01-03,18,0,265,25.17,25.17,0.0,229.941812,0.0
2019-01-03,18,0,266,24.64,24.64,0.0,225.09997,0.0
2019-01-03,18,0,267,30.29,30.29,0.0,276.715832,0.0
2019-01-03,18,0,270,54.96,54.96,0.0,1286.128983,0.0
2019-01-03,18,0,272,40.98,40.98,0.0,283.25901,0.0
2019-01-03,18,0,273,1.28,1.28,0.0,29.953513,0.0
2019-01-03,18,0,274,70.85,70.85,0.0,1657.973771,0.0
2019-01-03,18,0,275,98.63,98.63,0.0,2308.058617,0.0
2019-01-03,18,0,276,0.8,0.8,0.0,16.966375,0.0
2019-01-03,18,0,277,1.92,1.92,0.0,13.923531,0.0
2019-01-03,18,0,278,3.07,3.07,0.0,22.263146,0.0
2019-01-03,18,0,279,40.1,40.1,0.0,290.798744,0.0
2019-01-03,18,0,281,33.03,33.03,0.0,285.107536,0.0
2019-01-03,18,0,282,97.88,97.88,0.0,844.878161,0.0
2019-01-03,19,0,9,0.0,0.0,0.0,0.0,0.0
2019-01-03,19,0,17,0.0,0.0,0.0,0.0,0.0
2019-01-03,19,0,19,239.71,239.71,0.0,4771.307733,0.0
2019-01-03,19,0,20,291.36,291.36,0.0,5799.375166,0.0
2019-01-03,19,0,21,0.0,0.0,0.0,0.0,0.0
2019-01-03,19,0,22,0.0,0.0,0.0,0.0,0.0
2019-01-03,19,0,23,34.14,34.14,0.0,1315.930379,0.0
2019-01-03,19,0,24,60.4,60.4,0.0,2328.125217,0.0
2019-01-03,19,0,29,0.0,0.0,0.0,0.0,0.0
2019-01-03,19,0,30,0.0,0.0,0.0,0.0,0.0
2019-01-03,19,0,31,20.03,20.03,0.0,774.460819,0.0
2019-01-03,19,0,32,0.0,0.0,0.0,0.0,0.0
2019-01-03,19,0,33,0.0,0.0,0.0,0.0,0.0
2019-01-03,19,0,34,0.0,0.0,0.0,0.0,0.0
2019-01-03,19,0,35,0.0,0.0,0.0,0.0,0.0
2019-01-03,19,0,36,0.0,0.0,0.0,0.0,0.0
2019-01-03,19,0,37,0.0,0.0,0.0,0.0,0.0
2019-01-03,19,0,38,0.0,0.0,0.0,0.0,0.0
2019-01-03,19,0,39,0.0,0.0,0.0,0.0,0.0
2019-01-03,19,0,40,0.0,0.0,0.0,0.0,0.0
2019-01-03,19,0,41,13.07,13.07,0.0,422.41807,0.0
2019-01-03,19,0,42,0.0,0.0,0.0,0.0,0.0
2019-01-03,19,0,43,0.0,0.0,0.0,0.0,0.0
2019-01-03,19,0,46,0.0,0.0,0.0,0.0,0.0
2019-01-03,19,0,52,21.23,21.23,0.0,820.858871,0.0
2019-01-03,19,0,53,33.73,33.73,0.0,1304.171913,0.0
2019-01-03,19,0,55,79.76,79.76,0.0,3074.35873,0.0
2019-01-03,19,0,56,0.0,0.0,0.0,0.0,0.0
2019-01-03,19,0,57,0.0,0.0,0.0,0.0,0.0
2019-01-03,19,0,58,0.0,0.0,0.0,0.0,0.0
2019-01-03,19,0,59,0.0,0.0,0.0,0.0,0.0
2019-01-03,19,0,63,20.9,20.9,0.0,1207.769006,0.0
2019-01-03,19,0,64,24.58,24.58,0.0,1420.428812,0.0
2019-01-03,19,0,65,1.55,1.55,0.0,31.051171,0.0
2019-01-03,19,0,67,0.0,0.0,0.0,0.0,0.0
2019-01-03,19,0,68,0.7,0.7,0.0,36.17207,0.0
2019-01-03,19,0,69,0.0,0.0,0.0,0.0,0.0
2019-01-03,19,0,74,17.99,17.99,0.0,426.318581,0.0
2019-01-03,19,0,77,12.35,12.35,0.0,618.465237,0.0
2019-01-03,19,0,78,9.34,9.34,0.0,467.729985,0.0
2019-01-03,19,0,79,5.4,5.4,0.0,270.422047,0.0
2019-01-03,19,0,80,8.74,8.74,0.0,437.683091,0.0
2019-01-03,19,0,81,11.42,11.42,0.0,571.892551,0.0
2019-01-03,19,0,82,8.06,8.06,0.0,403.629944,0.0
2019-01-03,19,0,83,17.97,17.97,0.0,899.904479,0.0
2019-01-03,19,0,84,0.0,0.0,0.0,0.0,0.0
2019-01-03,19,0,86,0.0,0.0,0.0,0.0,0.0
2019-01-03,19,0,87,0.0,0.0,0.0,0.0,0.0
2019-01-03,19,0,88,8.01,8.01,0.0,401.126036,0.0
2019-01-03,19,0,89,7.7,7.7,0.0,385.601808,0.0
2019-01-03,19,0,90,10.34,10.34,0.0,517.808142,0.0
2019-01-03,19,0,91,36.89,36.89,0.0,1847.383206,0.0
2019-01-03,19,0,92,13.27,13.27,0.0,664.537141,0.0
2019-01-03,19,0,95,15.54,15.54,0.0,925.160558,0.0
2019-01-03,19,0,96,7.02,7.02,0.0,272.308437,0.0
2019-01-03,19,0,97,43.18,43.18,0.0,1674.968421,0.0
2019-01-03,19,0,99,3.47,3.47,0.0,82.230432,0.0
2019-01-03,19,0,101,0.0,0.0,0.0,0.0,0.0
2019-01-03,19,0,102,2.02,2.02,0.0,104.38226,0.0
2019-01-03,19,0,103,1.69,1.69,0.0,87.329712,0.0
2019-01-03,19,0,104,0.24,0.24,0.0,12.401853,0.0
2019-01-03,19,0,106,0.0,0.0,0.0,0.0,0.0
2019-01-03,19,0,109,19.01,19.01,0.0,535.276493,0.0
2019-01-03,19,0,110,0.0,0.0,0.0,0.0,0.0
2019-01-03,19,0,111,0.0,0.0,0.0,0.0,0.0
2019-01-03,19,0,113,5.59,5.59,0.0,293.023641,0.0
2019-01-03,19,0,115,5.59,5.59,0.0,293.023641,0.0
2019-01-03,19,0,116,0.0,0.0,0.0,0.0,0.0
2019-01-03,19,0,117,0.37,0.37,0.0,19.395125,0.0
2019-01-03,19,0,119,24.58,24.58,0.0,1420.428812,0.0
2019-01-03,19,0,120,14.45,14.45,0.0,835.036466,0.0
2019-01-03,19,0,123,0.0,0.0,0.0,0.0,0.0
2019-01-03,19,0,125,54.65,54.65,0.0,2106.49078,0.0
2019-01-03,19,0,126,0.0,0.0,0.0,0.0,0.0
2019-01-03,19,0,127,0.0,0.0,0.0,0.0,0.0
2019-01-03,19,0,128,78.28,78.28,0.0,3017.311953,0.0
2019-01-03,19,0,131,5.4,5.4,0.0,277.617481,0.0
2019-01-03,19,0,132,7.94,7.94,0.0,408.200519,0.0
2019-01-03,19,0,133,41.85,41.85,0.0,832.496615,0.0
2019-01-03,19,0,134,0.0,0.0,0.0,0.0,0.0
2019-01-03,19,0,135,56.71,56.71,0.0,1128.097563,0.0
2019-01-03,19,0,136,1.76,1.76,0.0,35.270521,0.0
2019-01-03,19,0,139,16.87,16.87,0.0,545.232811,0.0
2019-01-03,19,0,140,0.0,0.0,0.0,0.0,0.0
2019-01-03,19,0,141,62.93,62.93,0.0,3314.014973,0.0
2019-01-03,19,0,142,0.0,0.0,0.0,0.0,0.0
2019-01-03,19,0,143,42.26,42.26,0.0,1633.984734,0.0
2019-01-03,19,0,145,7.36,7.36,0.0,255.872205,0.0
2019-01-03,19,0,146,10.93,10.93,0.0,608.648913,0.0
2019-01-03,19,0,152,0.0,0.0,0.0,0.0,0.0
2019-01-03,19,0,153,0.0,0.0,0.0,0.0,0.0
2019-01-03,19,0,154,0.0,0.0,0.0,0.0,0.0
2019-01-03,19,0,157,48.13,48.13,0.0,2534.618475,0.0
2019-01-03,19,0,158,0.0,0.0,0.0,0.0,0.0
2019-01-03,19,0,159,0.0,0.0,0.0,0.0,0.0
2019-01-03,19,0,160,0.0,0.0,0.0,0.0,0.0
2019-01-03,19,0,161,0.0,0.0,0.0,0.0,0.0
2019-01-03,19,0,162,15.66,15.66,0.0,931.816529,0.0
2019-01-03,19,0,163,7.31,7.31,0.0,407.065284,0.0
2019-01-03,19,0,164,0.0,0.0,0.0,0.0,0.0
2019-01-03,19,0,167,0.0,0.0,0.0,0.0,0.0
2019-01-03,19,0,168,0.0,0.0,0.0,0.0,0.0
2019-01-03,19,0,169,0.0,0.0,0.0,0.0,0.0
2019-01-03,19,0,170,0.0,0.0,0.0,0.0,0.0
2019-01-03,19,0,172,0.0,0.0,0.0,0.0,0.0
2019-01-03,19,0,173,0.0,0.0,0.0,0.0,0.0
2019-01-03,19,0,188,0.0,0.0,0.0,0.0,0.0
2019-01-03,19,0,190,0.0,0.0,0.0,0.0,0.0
2019-01-03,19,0,191,0.0,0.0,0.0,0.0,0.0
2019-01-03,19,0,192,13.58,13.58,0.0,784.760914,0.0
2019-01-03,19,0,194,32.72,32.72,0.0,1762.575415,0.0
2019-01-03,19,0,196,0.0,0.0,0.0,0.0,0.0
2019-01-03,19,0,198,0.0,0.0,0.0,0.0,0.0
2019-01-03,19,0,199,14.88,14.88,0.0,510.132057,0.0
2019-01-03,19,0,200,0.0,0.0,0.0,0.0,0.0
2019-01-03,19,0,204,78.49,78.49,0.0,2246.464414,0.0
2019-01-03,19,0,205,100.57,100.57,0.0,2831.812569,0.0
2019-01-03,19,0,206,126.88,126.88,0.0,4921.722865,0.0
2019-01-03,19,0,210,0.0,0.0,0.0,0.0,0.0
2019-01-03,19,0,214,0.0,0.0,0.0,0.0,0.0
2019-01-03,19,0,217,0.0,0.0,0.0,0.0,0.0
2019-01-03,19,0,218,0.0,0.0,0.0,0.0,0.0
2019-01-03,19,0,219,0.0,0.0,0.0,0.0,0.0
2019-01-03,19,0,221,0.0,0.0,0.0,0.0,0.0
2019-01-03,19,0,225,0.0,0.0,0.0,0.0,0.0
2019-01-03,19,0,233,0.0,0.0,0.0,0.0,0.0
2019-01-03,19,0,236,42.96,42.96,0.0,930.323702,0.0
2019-01-03,19,0,237,43.17,43.17,0.0,1023.022409,0.0
2019-01-03,19,0,238,0.0,0.0,0.0,0.0,0.0
2019-01-03,19,0,240,0.0,0.0,0.0,0.0,0.0
2019-01-03,19,0,245,28.48,28.48,0.0,553.421028,0.0
2019-01-03,19,0,247,38.13,38.13,0.0,740.939038,0.0
2019-01-03,19,0,248,4.33,4.33,0.0,102.610309,0.0
2019-01-03,19,0,249,54.77,54.77,0.0,1064.286155,0.0
2019-01-03,19,0,251,0.0,0.0,0.0,0.0,0.0
2019-01-03,19,0,252,10.0,10.0,0.0,200.330137,0.0
2019-01-03,19,0,254,0.0,0.0,0.0,0.0,0.0
2019-01-03,19,0,255,0.0,0.0,0.0,0.0,0.0
2019-01-03,19,0,258,0.0,0.0,0.0,0.0,0.0
2019-01-03,19,0,260,0.0,0.0,0.0,0.0,0.0
2019-01-03,19,0,265,0.0,0.0,0.0,0.0,0.0
2019-01-03,19,0,266,10.93,10.93,0.0,353.253979,0.0
2019-01-03,19,0,267,13.43,13.43,0.0,434.05315,0.0
2019-01-03,19,0,270,22.84,22.84,0.0,1271.870191,0.0
2019-01-03,19,0,272,18.68,18.68,0.0,979.191702,0.0
2019-01-03,19,0,273,0.0,0.0,0.0,0.0,0.0
2019-01-03,19,0,274,29.45,29.45,0.0,1639.955215,0.0
2019-01-03,19,0,275,40.99,40.99,0.0,2282.572641,0.0
2019-01-03,19,0,276,0.0,0.0,0.0,0.0,0.0
2019-01-03,19,0,277,0.0,0.0,0.0,0.0,0.0
2019-01-03,19,0,278,0.0,0.0,0.0,0.0,0.0
2019-01-03,19,0,279,13.68,13.68,0.0,704.255587,0.0
2019-01-03,19,0,281,8.99,8.99,0.0,347.59874,0.0
2019-01-03,19,0,282,0.0,0.0,0.0,0.0,0.0
2019-01-03,20,0,9,0.0,0.0,0.0,0.0,0.0
2019-01-03,20,0,17,0.0,0.0,0.0,0.0,0.0
2019-01-03,20,0,19,167.89,167.89,0.0,2475.367185,0.0
2019-01-03,20,0,20,203.62,203.62,0.0,3002.169672,0.0
2019-01-03,20,0,21,0.0,0.0,0.0,0.0,0.0
2019-01-03,20,0,22,0.0,0.0,0.0,0.0,0.0
2019-01-03,20,0,23,33.67,33.67,0.0,700.74349,0.0
2019-01-03,20,0,24,59.58,59.58,0.0,1239.985065,0.0
2019-01-03,20,0,29,0.0,0.0,0.0,0.0,0.0
2019-01-03,20,0,30,0.0,0.0,0.0,0.0,0.0
2019-01-03,20,0,31,16.79,16.79,0.0,350.099735,0.0
2019-01-03,20,0,32,0.0,0.0,0.0,0.0,0.0
2019-01-03,20,0,33,0.0,0.0,0.0,0.0,0.0
2019-01-03,20,0,34,0.0,0.0,0.0,0.0,0.0
2019-01-03,20,0,35,0.0,0.0,0.0,0.0,0.0
2019-01-03,20,0,36,0.0,0.0,0.0,0.0,0.0
2019-01-03,20,0,37,0.0,0.0,0.0,0.0,0.0
2019-01-03,20,0,38,0.0,0.0,0.0,0.0,0.0
2019-01-03,20,0,39,0.0,0.0,0.0,0.0,0.0
2019-01-03,20,0,40,0.0,0.0,0.0,0.0,0.0
2019-01-03,20,0,41,18.79,18.79,0.0,352.575568,0.0
2019-01-03,20,0,42,0.0,0.0,0.0,0.0,0.0
2019-01-03,20,0,43,0.0,0.0,0.0,0.0,0.0
2019-01-03,20,0,46,0.0,0.0,0.0,0.0,0.0
2019-01-03,20,0,52,17.8,17.8,0.0,371.159934,0.0
2019-01-03,20,0,53,28.28,28.28,0.0,589.685557,0.0
2019-01-03,20,0,55,73.34,73.34,0.0,1526.359595,0.0
2019-01-03,20,0,56,0.0,0.0,0.0,0.0,0.0
2019-01-03,20,0,57,0.0,0.0,0.0,0.0,0.0
2019-01-03,20,0,58,0.0,0.0,0.0,0.0,0.0
2019-01-03,20,0,59,0.0,0.0,0.0,0.0,0.0
2019-01-03,20,0,63,45.15,45.15,0.0,1227.588768,0.0
2019-01-03,20,0,64,53.11,53.11,0.0,1444.014163,0.0
2019-01-03,20,0,65,0.0,0.0,0.0,0.0,0.0
2019-01-03,20,0,67,0.0,0.0,0.0,0.0,0.0
2019-01-03,20,0,68,0.54,0.54,0.0,13.580622,0.0
2019-01-03,20,0,69,0.0,0.0,0.0,0.0,0.0
2019-01-03,20,0,74,9.54,9.54,0.0,152.166358,0.0
2019-01-03,20,0,77,15.28,15.28,0.0,376.191177,0.0
2019-01-03,20,0,78,11.6,11.6,0.0,285.590161,0.0
2019-01-03,20,0,79,6.75,6.75,0.0,166.18393,0.0
2019-01-03,20,0,80,10.87,10.87,0.0,267.617676,0.0
2019-01-03,20,0,81,14.16,14.16,0.0,348.616955,0.0
2019-01-03,20,0,82,10.03,10.03,0.0,246.93701,0.0
2019-01-03,20,0,83,22.07,22.07,0.0,543.359901,0.0
2019-01-03,20,0,84,0.0,0.0,0.0,0.0,0.0
2019-01-03,20,0,86,0.0,0.0,0.0,0.0,0.0
2019-01-03,20,0,87,0.0,0.0,0.0,0.0,0.0
2019-01-03,20,0,88,14.01,14.01,0.0,344.923979,0.0
2019-01-03,20,0,89,13.47,13.47,0.0,331.629264,0.0
2019-01-03,20,0,90,18.07,18.07,0.0,444.880535,0.0
2019-01-03,20,0,91,64.33,64.33,0.0,1583.7944,0.0
2019-01-03,20,0,92,23.17,23.17,0.0,570.441726,0.0
2019-01-03,20,0,95,25.25,25.25,0.0,701.336314,0.0
2019-01-03,20,0,96,5.88,5.88,0.0,122.851109,0.0
2019-01-03,20,0,97,42.49,42.49,0.0,887.745517,0.0
2019-01-03,20,0,99,1.84,1.84,0.0,29.348648,0.0
2019-01-03,20,0,101,0.0,0.0,0.0,0.0,0.0
2019-01-03,20,0,102,1.29,1.29,0.0,32.442598,0.0
2019-01-03,20,0,103,1.12,1.12,0.0,28.167217,0.0
2019-01-03,20,0,104,0.21,0.21,0.0,5.281353,0.0
2019-01-03,20,0,106,0.0,0.0,0.0,0.0,0.0
2019-01-03,20,0,109,17.36,17.36,0.0,301.694756,0.0
2019-01-03,20,0,110,14.38,14.38,0.0,380.864979,0.0
2019-01-03,20,0,111,0.0,0.0,0.0,0.0,0.0
2019-01-03,20,0,113,4.98,4.98,0.0,126.453083,0.0
2019-01-03,20,0,115,4.98,4.98,0.0,126.453083,0.0
2019-01-03,20,0,116,0.0,0.0,0.0,0.0,0.0
2019-01-03,20,0,117,0.33,0.33,0.0,8.379421,0.0
2019-01-03,20,0,119,53.11,53.11,0.0,1444.014163,0.0
2019-01-03,20,0,120,31.23,31.23,0.0,849.116218,0.0
2019-01-03,20,0,123,0.0,0.0,0.0,0.0,0.0
2019-01-03,20,0,125,53.92,53.92,0.0,1122.188565,0.0
2019-01-03,20,0,126,0.0,0.0,0.0,0.0,0.0
2019-01-03,20,0,127,0.0,0.0,0.0,0.0,0.0
2019-01-03,20,0,128,77.22,77.22,0.0,1607.110552,0.0
2019-01-03,20,0,131,4.65,4.65,0.0,116.535692,0.0
2019-01-03,20,0,132,6.84,6.84,0.0,171.420243,0.0
2019-01-03,20,0,133,23.44,23.44,0.0,345.509062,0.0
2019-01-03,20,0,134,0.0,0.0,0.0,0.0,0.0
2019-01-03,20,0,135,31.24,31.24,0.0,460.482213,0.0
2019-01-03,20,0,136,0.0,0.0,0.0,0.0,0.0
2019-01-03,20,0,139,25.15,25.15,0.0,471.914611,0.0
2019-01-03,20,0,140,10.64,10.64,0.0,281.808301,0.0
2019-01-03,20,0,141,65.27,65.27,0.0,1662.967718,0.0
2019-01-03,20,0,142,0.0,0.0,0.0,0.0,0.0
2019-01-03,20,0,143,33.61,33.61,0.0,700.825021,0.0
2019-01-03,20,0,145,5.17,5.17,0.0,101.139816,0.0
2019-01-03,20,0,146,20.66,20.66,0.0,547.195442,0.0
2019-01-03,20,0,152,0.0,0.0,0.0,0.0,0.0
2019-01-03,20,0,153,0.0,0.0,0.0,0.0,0.0
2019-01-03,20,0,154,0.0,0.0,0.0,0.0,0.0
2019-01-03,20,0,157,47.54,47.54,0.0,1211.237709,0.0
2019-01-03,20,0,158,0.0,0.0,0.0,0.0,0.0
2019-01-03,20,0,159,0.0,0.0,0.0,0.0,0.0
2019-01-03,20,0,160,0.0,0.0,0.0,0.0,0.0
2019-01-03,20,0,161,0.0,0.0,0.0,0.0,0.0
2019-01-03,20,0,162,32.49,32.49,0.0,902.091972,0.0
2019-01-03,20,0,163,12.76,12.76,0.0,337.958076,0.0
2019-01-03,20,0,164,0.0,0.0,0.0,0.0,0.0
2019-01-03,20,0,167,0.0,0.0,0.0,0.0,0.0
2019-01-03,20,0,168,0.0,0.0,0.0,0.0,0.0
2019-01-03,20,0,169,0.0,0.0,0.0,0.0,0.0
2019-01-03,20,0,170,0.0,0.0,0.0,0.0,0.0
2019-01-03,20,0,172,0.0,0.0,0.0,0.0,0.0
2019-01-03,20,0,173,0.0,0.0,0.0,0.0,0.0
2019-01-03,20,0,188,0.0,0.0,0.0,0.0,0.0
2019-01-03,20,0,190,0.0,0.0,0.0,0.0,0.0
2019-01-03,20,0,191,0.0,0.0,0.0,0.0,0.0
2019-01-03,20,0,192,28.06,28.06,0.0,762.926707,0.0
2019-01-03,20,0,194,37.48,37.48,0.0,969.529158,0.0
2019-01-03,20,0,196,0.0,0.0,0.0,0.0,0.0
2019-01-03,20,0,198,0.0,0.0,0.0,0.0,0.0
2019-01-03,20,0,199,27.26,27.26,0.0,521.377532,0.0
2019-01-03,20,0,200,0.0,0.0,0.0,0.0,0.0
2019-01-03,20,0,204,130.4,130.4,0.0,2285.745283,0.0
2019-01-03,20,0,205,91.84,91.84,0.0,1596.062578,0.0
2019-01-03,20,0,206,160.94,160.94,0.0,3362.526794,0.0
2019-01-03,20,0,210,0.0,0.0,0.0,0.0,0.0
2019-01-03,20,0,214,0.0,0.0,0.0,0.0,0.0
2019-01-03,20,0,217,0.0,0.0,0.0,0.0,0.0
2019-01-03,20,0,218,0.0,0.0,0.0,0.0,0.0
2019-01-03,20,0,219,0.0,0.0,0.0,0.0,0.0
2019-01-03,20,0,221,0.0,0.0,0.0,0.0,0.0
2019-01-03,20,0,225,0.0,0.0,0.0,0.0,0.0
2019-01-03,20,0,233,0.0,0.0,0.0,0.0,0.0
2019-01-03,20,0,236,24.54,24.54,0.0,375.407149,0.0
2019-01-03,20,0,237,22.87,22.87,0.0,364.784551,0.0
2019-01-03,20,0,238,0.0,0.0,0.0,0.0,0.0
2019-01-03,20,0,240,0.0,0.0,0.0,0.0,0.0
2019-01-03,20,0,245,36.84,36.84,0.0,537.654553,0.0
2019-01-03,20,0,247,22.95,22.95,0.0,334.939522,0.0
2019-01-03,20,0,248,2.3,2.3,0.0,36.68581,0.0
2019-01-03,20,0,249,70.83,70.83,0.0,1033.71531,0.0
2019-01-03,20,0,251,0.0,0.0,0.0,0.0,0.0
2019-01-03,20,0,252,0.0,0.0,0.0,0.0,0.0
2019-01-03,20,0,254,0.0,0.0,0.0,0.0,0.0
2019-01-03,20,0,255,0.0,0.0,0.0,0.0,0.0
2019-01-03,20,0,258,0.0,0.0,0.0,0.0,0.0
2019-01-03,20,0,260,0.0,0.0,0.0,0.0,0.0
2019-01-03,20,0,265,0.0,0.0,0.0,0.0,0.0
2019-01-03,20,0,266,15.32,15.32,0.0,287.464487,0.0
2019-01-03,20,0,267,19.38,19.38,0.0,363.646329,0.0
2019-01-03,20,0,270,39.85,39.85,0.0,1055.456843,0.0
2019-01-03,20,0,272,16.65,16.65,0.0,422.779885,0.0
2019-01-03,20,0,273,0.0,0.0,0.0,0.0,0.0
2019-01-03,20,0,274,51.38,51.38,0.0,1360.837455,0.0
2019-01-03,20,0,275,71.52,71.52,0.0,1894.260311,0.0
2019-01-03,20,0,276,0.0,0.0,0.0,0.0,0.0
2019-01-03,20,0,277,0.0,0.0,0.0,0.0,0.0
2019-01-03,20,0,278,0.0,0.0,0.0,0.0,0.0
2019-01-03,20,0,279,31.2,31.2,0.0,782.575253,0.0
2019-01-03,20,0,281,7.54,7.54,0.0,157.22168,0.0
2019-01-03,20,0,282,0.0,0.0,0.0,0.0,0.0
2019-01-03,21,0,9,0.0,0.0,0.0,0.0,0.0
2019-01-03,21,0,17,0.0,0.0,0.0,0.0,0.0
2019-01-03,21,0,19,105.61,105.61,0.0,1559.258947,0.0
2019-01-03,21,0,20,128.09,128.09,0.0,1891.160672,0.0
2019-01-03,21,0,21,0.0,0.0,0.0,0.0,0.0
2019-01-03,21,0,22,0.0,0.0,0.0,0.0,0.0
2019-01-03,21,0,23,35.35,35.35,0.0,652.132821,0.0
2019-01-03,21,0,24,62.54,62.54,0.0,1153.730881,0.0
2019-01-03,21,0,29,0.0,0.0,0.0,0.0,0.0
2019-01-03,21,0,30,0.0,0.0,0.0,0.0,0.0
2019-01-03,21,0,31,14.16,14.16,0.0,261.591514,0.0
2019-01-03,21,0,32,0.0,0.0,0.0,0.0,0.0
2019-01-03,21,0,33,0.0,0.0,0.0,0.0,0.0
2019-01-03,21,0,34,0.0,0.0,0.0,0.0,0.0
2019-01-03,21,0,35,0.0,0.0,0.0,0.0,0.0
2019-01-03,21,0,36,0.0,0.0,0.0,0.0,0.0
2019-01-03,21,0,37,0.0,0.0,0.0,0.0,0.0
2019-01-03,21,0,38,0.0,0.0,0.0,0.0,0.0
2019-01-03,21,0,39,0.0,0.0,0.0,0.0,0.0
2019-01-03,21,0,40,0.0,0.0,0.0,0.0,0.0
2019-01-03,21,0,41,28.06,28.06,0.0,480.454663,0.0
2019-01-03,21,0,42,0.0,0.0,0.0,0.0,0.0
2019-01-03,21,0,43,0.0,0.0,0.0,0.0,0.0
2019-01-03,21,0,46,0.0,0.0,0.0,0.0,0.0
2019-01-03,21,0,52,15.0,15.0,0.0,277.109655,0.0
2019-01-03,21,0,53,23.84,23.84,0.0,440.419612,0.0
2019-01-03,21,0,55,68.63,68.63,0.0,1266.078516,0.0
2019-01-03,21,0,56,0.0,0.0,0.0,0.0,0.0
2019-01-03,21,0,57,0.0,0.0,0.0,0.0,0.0
2019-01-03,21,0,58,0.0,0.0,0.0,0.0,0.0
2019-01-03,21,0,59,0.0,0.0,0.0,0.0,0.0
2019-01-03,21,0,63,83.09,83.09,0.0,2476.774851,0.0
2019-01-03,21,0,64,97.76,97.76,0.0,2914.063178,0.0
2019-01-03,21,0,65,0.0,0.0,0.0,0.0,0.0
2019-01-03,21,0,67,0.0,0.0,0.0,0.0,0.0
2019-01-03,21,0,68,0.78,0.78,0.0,17.293333,0.0
2019-01-03,21,0,69,0.0,0.0,0.0,0.0,0.0
2019-01-03,21,0,74,4.38,4.38,0.0,67.400246,0.0
2019-01-03,21,0,77,31.98,31.98,0.0,670.403377,0.0
2019-01-03,21,0,78,24.22,24.22,0.0,507.728887,0.0
2019-01-03,21,0,79,14.05,14.05,0.0,294.533066,0.0
2019-01-03,21,0,80,22.68,22.68,0.0,475.445547,0.0
2019-01-03,21,0,81,29.6,29.6,0.0,620.510943,0.0
2019-01-03,21,0,82,20.92,20.92,0.0,438.550302,0.0
2019-01-03,21,0,83,46.36,46.36,0.0,971.854302,0.0
2019-01-03,21,0,84,0.0,0.0,0.0,0.0,0.0
2019-01-03,21,0,86,0.0,0.0,0.0,0.0,0.0
2019-01-03,21,0,87,0.0,0.0,0.0,0.0,0.0
2019-01-03,21,0,88,26.81,26.81,0.0,562.023594,0.0
2019-01-03,21,0,89,25.78,25.78,0.0,540.43149,0.0
2019-01-03,21,0,90,34.61,34.61,0.0,725.536613,0.0
2019-01-03,21,0,91,123.46,123.46,0.0,2588.117603,0.0
2019-01-03,21,0,92,44.4,44.4,0.0,930.766415,0.0
2019-01-03,21,0,95,41.03,41.03,0.0,1245.9767,0.0
2019-01-03,21,0,96,4.82,4.82,0.0,89.175992,0.0
2019-01-03,21,0,97,29.66,29.66,0.0,548.746872,0.0
2019-01-03,21,0,99,0.84,0.84,0.0,12.926075,0.0
2019-01-03,21,0,101,0.0,0.0,0.0,0.0,0.0
2019-01-03,21,0,102,1.85,1.85,0.0,41.016239,0.0
2019-01-03,21,0,103,1.61,1.61,0.0,35.695214,0.0
2019-01-03,21,0,104,0.3,0.3,0.0,6.651282,0.0
2019-01-03,21,0,106,0.0,0.0,0.0,0.0,0.0
2019-01-03,21,0,109,22.21,22.21,0.0,359.033103,0.0
2019-01-03,21,0,110,34.82,34.82,0.0,948.501701,0.0
2019-01-03,21,0,111,0.0,0.0,0.0,0.0,0.0
2019-01-03,21,0,113,9.44,9.44,0.0,200.728565,0.0
2019-01-03,21,0,115,9.44,9.44,0.0,200.728565,0.0
2019-01-03,21,0,116,0.0,0.0,0.0,0.0,0.0
2019-01-03,21,0,117,0.63,0.63,0.0,13.39608,0.0
2019-01-03,21,0,119,97.76,97.76,0.0,2914.063178,0.0
2019-01-03,21,0,120,57.48,57.48,0.0,1713.383301,0.0
2019-01-03,21,0,123,0.0,0.0,0.0,0.0,0.0
2019-01-03,21,0,125,56.6,56.6,0.0,1044.15043,0.0
2019-01-03,21,0,126,0.0,0.0,0.0,0.0,0.0
2019-01-03,21,0,127,0.0,0.0,0.0,0.0,0.0
2019-01-03,21,0,128,81.06,81.06,0.0,1495.385757,0.0
2019-01-03,21,0,131,4.99,4.99,0.0,108.97,0.0
2019-01-03,21,0,132,7.33,7.33,0.0,160.070161,0.0
2019-01-03,21,0,133,14.54,14.54,0.0,214.645184,0.0
2019-01-03,21,0,134,0.0,0.0,0.0,0.0,0.0
2019-01-03,21,0,135,18.9,18.9,0.0,279.009215,0.0
2019-01-03,21,0,136,0.0,0.0,0.0,0.0,0.0
2019-01-03,21,0,139,36.96,36.96,0.0,632.84406,0.0
2019-01-03,21,0,140,25.77,25.77,0.0,701.978427,0.0
2019-01-03,21,0,141,71.55,71.55,0.0,1675.615089,0.0
2019-01-03,21,0,142,0.0,0.0,0.0,0.0,0.0
2019-01-03,21,0,143,26.45,26.45,0.0,488.636692,0.0
2019-01-03,21,0,145,3.8,3.8,0.0,66.94721,0.0
2019-01-03,21,0,146,36.22,36.22,0.0,986.637898,0.0
2019-01-03,21,0,152,0.0,0.0,0.0,0.0,0.0
2019-01-03,21,0,153,0.0,0.0,0.0,0.0,0.0
2019-01-03,21,0,154,0.0,0.0,0.0,0.0,0.0
2019-01-03,21,0,157,47.08,47.08,0.0,1102.557071,0.0
2019-01-03,21,0,158,0.0,0.0,0.0,0.0,0.0
2019-01-03,21,0,159,0.0,0.0,0.0,0.0,0.0
2019-01-03,21,0,160,0.0,0.0,0.0,0.0,0.0
2019-01-03,21,0,161,0.0,0.0,0.0,0.0,0.0
2019-01-03,21,0,162,61.32,61.32,0.0,1861.642268,0.0
2019-01-03,21,0,163,20.42,20.42,0.0,556.243674,0.0
2019-01-03,21,0,164,0.0,0.0,0.0,0.0,0.0
2019-01-03,21,0,167,0.0,0.0,0.0,0.0,0.0
2019-01-03,21,0,168,0.0,0.0,0.0,0.0,0.0
2019-01-03,21,0,169,0.0,0.0,0.0,0.0,0.0
2019-01-03,21,0,170,0.0,0.0,0.0,0.0,0.0
2019-01-03,21,0,172,0.0,0.0,0.0,0.0,0.0
2019-01-03,21,0,173,0.0,0.0,0.0,0.0,0.0
2019-01-03,21,0,188,0.0,0.0,0.0,0.0,0.0
2019-01-03,21,0,190,0.0,0.0,0.0,0.0,0.0
2019-01-03,21,0,191,0.0,0.0,0.0,0.0,0.0
2019-01-03,21,0,192,50.98,50.98,0.0,1519.6291,0.0
2019-01-03,21,0,194,43.26,43.26,0.0,891.807153,0.0
2019-01-03,21,0,196,0.0,0.0,0.0,0.0,0.0
2019-01-03,21,0,198,0.0,0.0,0.0,0.0,0.0
2019-01-03,21,0,199,45.69,45.69,0.0,632.293391,0.0
2019-01-03,21,0,200,0.0,0.0,0.0,0.0,0.0
2019-01-03,21,0,204,217.02,217.02,0.0,3527.257439,0.0
2019-01-03,21,0,205,103.08,103.08,0.0,1666.32743,0.0
2019-01-03,21,0,206,87.16,87.16,0.0,1612.568354,0.0
2019-01-03,21,0,210,0.0,0.0,0.0,0.0,0.0
2019-01-03,21,0,214,0.0,0.0,0.0,0.0,0.0
2019-01-03,21,0,217,0.0,0.0,0.0,0.0,0.0
2019-01-03,21,0,218,0.0,0.0,0.0,0.0,0.0
2019-01-03,21,0,219,0.0,0.0,0.0,0.0,0.0
2019-01-03,21,0,221,0.0,0.0,0.0,0.0,0.0
2019-01-03,21,0,225,0.0,0.0,0.0,0.0,0.0
2019-01-03,21,0,233,0.0,0.0,0.0,0.0,0.0
2019-01-03,21,0,236,12.93,12.93,0.0,194.44645,0.0
2019-01-03,21,0,237,10.5,10.5,0.0,161.575933,0.0
2019-01-03,21,0,238,0.0,0.0,0.0,0.0,0.0
2019-01-03,21,0,240,0.0,0.0,0.0,0.0,0.0
2019-01-03,21,0,245,43.21,43.21,0.0,634.72901,0.0
2019-01-03,21,0,247,12.43,12.43,0.0,182.589252,0.0
2019-01-03,21,0,248,1.05,1.05,0.0,16.157593,0.0
2019-01-03,21,0,249,83.1,83.1,0.0,1220.68921,0.0
2019-01-03,21,0,251,0.0,0.0,0.0,0.0,0.0
2019-01-03,21,0,252,0.0,0.0,0.0,0.0,0.0
2019-01-03,21,0,254,0.0,0.0,0.0,0.0,0.0
2019-01-03,21,0,255,0.0,0.0,0.0,0.0,0.0
2019-01-03,21,0,258,0.0,0.0,0.0,0.0,0.0
2019-01-03,21,0,260,0.0,0.0,0.0,0.0,0.0
2019-01-03,21,0,265,0.0,0.0,0.0,0.0,0.0
2019-01-03,21,0,266,23.15,23.15,0.0,396.383658,0.0
2019-01-03,21,0,267,28.89,28.89,0.0,494.666258,0.0
2019-01-03,21,0,270,63.76,63.76,0.0,1736.831374,0.0
2019-01-03,21,0,272,31.53,31.53,0.0,670.441912,0.0
2019-01-03,21,0,273,0.0,0.0,0.0,0.0,0.0
2019-01-03,21,0,274,82.2,82.2,0.0,2239.13957,0.0
2019-01-03,21,0,275,114.42,114.42,0.0,3116.816905,0.0
2019-01-03,21,0,276,0.0,0.0,0.0,0.0,0.0
2019-01-03,21,0,277,0.0,0.0,0.0,0.0,0.0
2019-01-03,21,0,278,0.0,0.0,0.0,0.0,0.0
2019-01-03,21,0,279,43.49,43.49,0.0,919.516867,0.0
2019-01-03,21,0,281,6.35,6.35,0.0,117.309754,0.0
2019-01-03,21,0,282,0.0,0.0,0.0,0.0,0.0
2019-01-03,22,0,9,0.0,0.0,0.0,0.0,0.0
2019-01-03,22,0,17,0.0,0.0,0.0,0.0,0.0
2019-01-03,22,0,19,61.99,61.99,0.0,1086.963956,0.0
2019-01-03,22,0,20,75.18,75.18,0.0,1318.244076,0.0
2019-01-03,22,0,21,0.0,0.0,0.0,0.0,0.0
2019-01-03,22,0,22,0.0,0.0,0.0,0.0,0.0
2019-01-03,22,0,23,39.11,39.11,0.0,721.490726,0.0
2019-01-03,22,0,24,69.2,69.2,0.0,1276.582925,0.0
2019-01-03,22,0,29,0.0,0.0,0.0,0.0,0.0
2019-01-03,22,0,30,0.0,0.0,0.0,0.0,0.0
2019-01-03,22,0,31,11.89,11.89,0.0,219.441038,0.0
2019-01-03,22,0,32,0.0,0.0,0.0,-0.0,0.0
2019-01-03,22,0,33,0.0,0.0,0.0,0.0,0.0
2019-01-03,22,0,34,0.0,0.0,0.0,0.0,0.0
2019-01-03,22,0,35,0.0,0.0,0.0,0.0,0.0
2019-01-03,22,0,36,0.0,0.0,0.0,0.0,0.0
2019-01-03,22,0,37,0.0,0.0,0.0,0.0,0.0
2019-01-03,22,0,38,0.0,0.0,0.0,0.0,0.0
2019-01-03,22,0,39,0.0,0.0,0.0,0.0,0.0
2019-01-03,22,0,40,0.0,0.0,0.0,0.0,0.0
2019-01-03,22,0,41,23.47,23.47,0.0,423.634095,0.0
2019-01-03,22,0,42,0.0,0.0,0.0,0.0,0.0
2019-01-03,22,0,43,0.0,0.0,0.0,0.0,0.0
2019-01-03,22,0,46,0.0,0.0,0.0,0.0,0.0
2019-01-03,22,0,52,12.61,12.61,0.0,232.729309,0.0
2019-01-03,22,0,53,20.03,20.03,0.0,369.672328,0.0
2019-01-03,22,0,55,124.73,124.73,0.0,2300.985379,0.0
2019-01-03,22,0,56,0.0,0.0,0.0,0.0,0.0
2019-01-03,22,0,57,0.0,0.0,0.0,0.0,0.0
2019-01-03,22,0,58,0.0,0.0,0.0,0.0,0.0
2019-01-03,22,0,59,0.0,0.0,0.0,0.0,0.0
2019-01-03,22,0,63,138.23,138.23,0.0,5173.61122,0.0
2019-01-03,22,0,64,162.62,162.62,0.0,6086.469339,0.0
2019-01-03,22,0,65,0.0,0.0,0.0,0.0,0.0
2019-01-03,22,0,67,0.0,0.0,0.0,0.0,0.0
2019-01-03,22,0,68,1.37,1.37,0.0,28.632338,0.0
2019-01-03,22,0,69,0.0,0.0,0.0,0.0,0.0
2019-01-03,22,0,74,1.72,1.72,0.0,30.26862,0.0
2019-01-03,22,0,77,44.29,44.29,0.0,852.258185,0.0
2019-01-03,22,0,78,33.49,33.49,0.0,644.437268,0.0
2019-01-03,22,0,79,19.38,19.38,0.0,372.923089,0.0
2019-01-03,22,0,80,31.34,31.34,0.0,603.065512,0.0
2019-01-03,22,0,81,40.97,40.97,0.0,788.372496,0.0
2019-01-03,22,0,82,28.9,28.9,0.0,556.113379,0.0
2019-01-03,22,0,83,64.45,64.45,0.0,1240.190562,0.0
2019-01-03,22,0,84,0.0,0.0,0.0,0.0,0.0
2019-01-03,22,0,86,0.0,0.0,0.0,0.0,0.0
2019-01-03,22,0,87,0.0,0.0,0.0,0.0,0.0
2019-01-03,22,0,88,32.86,32.86,0.0,632.314381,0.0
2019-01-03,22,0,89,31.59,31.59,0.0,607.876181,0.0
2019-01-03,22,0,90,42.41,42.41,0.0,816.081951,0.0
2019-01-03,22,0,91,151.3,151.3,0.0,2911.4171,0.0
2019-01-03,22,0,92,54.41,54.41,0.0,1046.994081,0.0
2019-01-03,22,0,95,64.62,64.62,0.0,16717.895162,0.0
2019-01-03,22,0,96,4.83,4.83,0.0,89.183558,0.0
2019-01-03,22,0,97,29.72,29.72,0.0,548.765083,0.0
2019-01-03,22,0,99,0.33,0.33,0.0,5.807352,0.0
2019-01-03,22,0,101,0.0,0.0,0.0,0.0,0.0
2019-01-03,22,0,102,3.25,3.25,0.0,67.923428,0.0
2019-01-03,22,0,103,2.83,2.83,0.0,59.145632,0.0
2019-01-03,22,0,104,0.52,0.52,0.0,10.867749,0.0
2019-01-03,22,0,106,0.0,0.0,0.0,0.0,0.0
2019-01-03,22,0,109,42.06,42.06,0.0,745.100188,0.0
2019-01-03,22,0,110,69.81,69.81,0.0,2005.185459,0.0
2019-01-03,22,0,111,0.0,0.0,0.0,0.0,0.0
2019-01-03,22,0,113,19.38,19.38,0.0,368.720324,0.0
2019-01-03,22,0,115,19.38,19.38,0.0,368.720324,0.0
2019-01-03,22,0,116,0.0,0.0,0.0,0.0,0.0
2019-01-03,22,0,117,1.29,1.29,0.0,24.543303,0.0
2019-01-03,22,0,119,162.62,162.62,0.0,6086.469339,0.0
2019-01-03,22,0,120,95.62,95.62,0.0,3578.823012,0.0
2019-01-03,22,0,123,0.0,0.0,0.0,0.0,0.0
2019-01-03,22,0,125,62.62,62.62,0.0,1155.196861,0.0
2019-01-03,22,0,126,0.0,0.0,0.0,0.0,0.0
2019-01-03,22,0,127,0.0,0.0,0.0,0.0,0.0
2019-01-03,22,0,128,89.68,89.68,0.0,1654.392438,0.0
2019-01-03,22,0,131,6.42,6.42,0.0,130.872636,0.0
2019-01-03,22,0,132,9.44,9.44,0.0,192.435777,0.0
2019-01-03,22,0,133,14.95,14.95,0.0,262.138867,0.0
2019-01-03,22,0,134,0.0,0.0,0.0,0.0,0.0
2019-01-03,22,0,135,20.03,20.03,0.0,351.213478,0.0
2019-01-03,22,0,136,0.0,0.0,0.0,0.0,0.0
2019-01-03,22,0,139,30.31,30.31,0.0,547.096269,0.0
2019-01-03,22,0,140,51.66,51.66,0.0,1483.854474,0.0
2019-01-03,22,0,141,82.23,82.23,0.0,1876.940789,0.0
2019-01-03,22,0,142,0.0,0.0,0.0,0.0,0.0
2019-01-03,22,0,143,20.33,20.33,0.0,375.209108,0.0
2019-01-03,22,0,145,7.68,7.68,0.0,139.634121,0.0
2019-01-03,22,0,146,60.18,60.18,0.0,1728.578441,0.0
2019-01-03,22,0,152,0.0,0.0,0.0,0.0,0.0
2019-01-03,22,0,153,0.0,0.0,0.0,0.0,0.0
2019-01-03,22,0,154,0.0,0.0,0.0,0.0,0.0
2019-01-03,22,0,157,46.6,46.6,0.0,1063.668257,0.0
2019-01-03,22,0,158,0.0,0.0,0.0,0.0,0.0
2019-01-03,22,0,159,0.0,0.0,0.0,0.0,0.0
2019-01-03,22,0,160,0.0,0.0,0.0,0.0,0.0
2019-01-03,22,0,161,0.0,0.0,0.0,0.0,0.0
2019-01-03,22,0,162,62.22,62.22,0.0,16107.042515,0.0
2019-01-03,22,0,163,30.81,30.81,0.0,884.970119,0.0
2019-01-03,22,0,164,0.0,0.0,0.0,0.0,0.0
2019-01-03,22,0,167,0.0,0.0,0.0,0.0,0.0
2019-01-03,22,0,168,0.0,0.0,0.0,0.0,0.0
2019-01-03,22,0,169,0.0,0.0,0.0,0.0,0.0
2019-01-03,22,0,170,0.0,0.0,0.0,0.0,0.0
2019-01-03,22,0,172,0.0,0.0,0.0,0.0,0.0
2019-01-03,22,0,173,0.0,0.0,0.0,0.0,0.0
2019-01-03,22,0,188,0.0,0.0,0.0,0.0,0.0
2019-01-03,22,0,190,0.0,0.0,0.0,0.0,0.0
2019-01-03,22,0,191,0.0,0.0,0.0,0.0,0.0
2019-01-03,22,0,192,84.65,84.65,0.0,3168.24271,0.0
2019-01-03,22,0,194,49.74,49.74,0.0,864.97175,0.0
2019-01-03,22,0,196,0.0,0.0,0.0,0.0,0.0
2019-01-03,22,0,198,0.0,0.0,0.0,0.0,0.0
2019-01-03,22,0,199,72.03,72.03,0.0,1171.264923,0.0
2019-01-03,22,0,200,0.0,0.0,0.0,0.0,0.0
2019-01-03,22,0,204,204.34,204.34,0.0,3623.800198,0.0
2019-01-03,22,0,205,209.27,209.27,0.0,3707.254311,0.0
2019-01-03,22,0,206,87.34,87.34,0.0,1612.68985,0.0
2019-01-03,22,0,210,0.0,0.0,0.0,0.0,0.0
2019-01-03,22,0,214,0.0,0.0,0.0,0.0,0.0
2019-01-03,22,0,217,0.0,0.0,0.0,0.0,0.0
2019-01-03,22,0,218,0.0,0.0,0.0,0.0,0.0
2019-01-03,22,0,219,0.0,0.0,0.0,0.0,0.0
2019-01-03,22,0,221,0.0,0.0,0.0,0.0,0.0
2019-01-03,22,0,225,0.0,0.0,0.0,0.0,0.0
2019-01-03,22,0,233,0.0,0.0,0.0,0.0,0.0
2019-01-03,22,0,236,6.35,6.35,0.0,111.444256,0.0
2019-01-03,22,0,237,4.12,4.12,0.0,72.503905,0.0
2019-01-03,22,0,238,0.0,0.0,0.0,0.0,0.0
2019-01-03,22,0,240,0.0,0.0,0.0,0.0,0.0
2019-01-03,22,0,245,26.55,26.55,0.0,465.403783,0.0
2019-01-03,22,0,247,5.89,5.89,0.0,103.24777,0.0
2019-01-03,22,0,248,0.41,0.41,0.0,7.215194,0.0
2019-01-03,22,0,249,51.05,51.05,0.0,894.872434,0.0
2019-01-03,22,0,251,0.0,0.0,0.0,0.0,0.0
2019-01-03,22,0,252,0.0,0.0,0.0,0.0,0.0
2019-01-03,22,0,254,0.0,0.0,0.0,0.0,0.0
2019-01-03,22,0,255,0.0,0.0,0.0,0.0,0.0
2019-01-03,22,0,258,0.0,0.0,0.0,0.0,0.0
2019-01-03,22,0,260,0.0,0.0,0.0,0.0,0.0
2019-01-03,22,0,265,0.0,0.0,0.0,0.0,0.0
2019-01-03,22,0,266,19.63,19.63,0.0,354.321998,0.0
2019-01-03,22,0,267,24.12,24.12,0.0,435.366612,0.0
2019-01-03,22,0,270,96.22,96.22,0.0,2763.772309,0.0
2019-01-03,22,0,272,64.78,64.78,0.0,1232.492393,0.0
2019-01-03,22,0,273,0.0,0.0,0.0,0.0,0.0
2019-01-03,22,0,274,124.04,124.04,0.0,3562.859252,0.0
2019-01-03,22,0,275,172.67,172.67,0.0,4959.681611,0.0
2019-01-03,22,0,276,0.0,0.0,0.0,0.0,0.0
2019-01-03,22,0,277,0.0,0.0,0.0,0.0,0.0
2019-01-03,22,0,278,0.0,0.0,0.0,0.0,0.0
2019-01-03,22,0,279,30.45,30.45,0.0,581.983529,0.0
2019-01-03,22,0,281,5.34,5.34,0.0,98.55468,0.0
2019-01-03,22,0,282,0.0,0.0,0.0,0.0,0.0
2019-01-03,23,0,9,0.0,0.0,0.0,0.0,0.0
2019-01-03,23,0,17,0.0,0.0,0.0,0.0,0.0
2019-01-03,23,0,19,47.75,47.75,0.0,1203.682529,0.0
2019-01-03,23,0,20,57.92,57.92,0.0,1460.048002,0.0
2019-01-03,23,0,21,0.0,0.0,0.0,0.0,0.0
2019-01-03,23,0,22,0.0,0.0,0.0,0.0,0.0
2019-01-03,23,0,23,43.1,43.1,0.0,1378.481048,0.0
2019-01-03,23,0,24,76.26,76.26,0.0,2439.047906,0.0
2019-01-03,23,0,29,0.0,0.0,0.0,0.0,0.0
2019-01-03,23,0,30,0.0,0.0,0.0,0.0,0.0
2019-01-03,23,0,31,13.7,13.7,0.0,438.346955,0.0
2019-01-03,23,0,32,0.0,0.0,0.0,0.0,0.0
2019-01-03,23,0,33,0.0,0.0,0.0,0.0,0.0
2019-01-03,23,0,34,0.0,0.0,0.0,0.0,0.0
2019-01-03,23,0,35,0.0,0.0,0.0,0.0,0.0
2019-01-03,23,0,36,0.0,0.0,0.0,0.0,0.0
2019-01-03,23,0,37,0.0,0.0,0.0,0.0,0.0
2019-01-03,23,0,38,0.0,0.0,0.0,0.0,0.0
2019-01-03,23,0,39,0.0,0.0,0.0,0.0,0.0
2019-01-03,23,0,40,0.0,0.0,0.0,0.0,0.0
2019-01-03,23,0,41,17.31,17.31,0.0,535.688969,0.0
2019-01-03,23,0,42,0.0,0.0,0.0,0.0,0.0
2019-01-03,23,0,43,0.0,0.0,0.0,0.0,0.0
2019-01-03,23,0,46,0.0,0.0,0.0,0.0,0.0
2019-01-03,23,0,52,14.53,14.53,0.0,464.903742,0.0
2019-01-03,23,0,53,23.08,23.08,0.0,738.470637,0.0
2019-01-03,23,0,55,248.1,248.1,0.0,7935.061441,0.0
2019-01-03,23,0,56,0.0,0.0,0.0,0.0,0.0
2019-01-03,23,0,57,0.0,0.0,0.0,0.0,0.0
2019-01-03,23,0,58,0.0,0.0,0.0,0.0,0.0
2019-01-03,23,0,59,0.0,0.0,0.0,0.0,0.0
2019-01-03,23,0,63,113.95,113.95,0.0,3966.410179,0.0
2019-01-03,23,0,64,134.06,134.06,0.0,4666.405868,0.0
2019-01-03,23,0,65,0.0,0.0,0.0,0.0,0.0
2019-01-03,23,0,67,0.0,0.0,0.0,0.0,0.0
2019-01-03,23,0,68,1.36,1.36,0.0,45.405381,0.0
2019-01-03,23,0,69,0.0,0.0,0.0,0.0,0.0
2019-01-03,23,0,74,1.43,1.43,0.0,40.331947,0.0
2019-01-03,23,0,77,48.08,48.08,0.0,1593.0887,0.0
2019-01-03,23,0,78,36.35,36.35,0.0,1204.425421,0.0
2019-01-03,23,0,79,21.04,21.04,0.0,697.141977,0.0
2019-01-03,23,0,80,34.02,34.02,0.0,1127.222912,0.0
2019-01-03,23,0,81,44.48,44.48,0.0,1473.805853,0.0
2019-01-03,23,0,82,31.37,31.37,0.0,1039.417482,0.0
2019-01-03,23,0,83,69.96,69.96,0.0,2318.063342,0.0
2019-01-03,23,0,84,0.0,0.0,0.0,0.0,0.0
2019-01-03,23,0,86,0.0,0.0,0.0,0.0,0.0
2019-01-03,23,0,87,0.0,0.0,0.0,0.0,0.0
2019-01-03,23,0,88,31.36,31.36,0.0,1039.086141,0.0
2019-01-03,23,0,89,30.14,30.14,0.0,998.662509,0.0
2019-01-03,23,0,90,40.47,40.47,0.0,1340.938014,0.0
2019-01-03,23,0,91,144.37,144.37,0.0,4783.573537,0.0
2019-01-03,23,0,92,51.92,51.92,0.0,1720.323738,0.0
2019-01-03,23,0,95,77.32,77.32,0.0,2734.472792,0.0
2019-01-03,23,0,96,5.93,5.93,0.0,189.816424,0.0
2019-01-03,23,0,97,36.46,36.46,0.0,1167.066915,0.0
2019-01-03,23,0,99,0.28,0.28,0.0,7.897164,0.0
2019-01-03,23,0,101,0.0,0.0,0.0,0.0,0.0
2019-01-03,23,0,102,3.23,3.23,0.0,107.83778,0.0
2019-01-03,23,0,103,2.81,2.81,0.0,93.81553,0.0
2019-01-03,23,0,104,0.52,0.52,0.0,17.360881,0.0
2019-01-03,23,0,106,0.0,0.0,0.0,0.0,0.0
2019-01-03,23,0,109,39.42,39.42,0.0,1228.562585,0.0
2019-01-03,23,0,110,54.09,54.09,0.0,1852.0697,0.0
2019-01-03,23,0,111,0.0,0.0,0.0,0.0,0.0
2019-01-03,23,0,113,18.46,18.46,0.0,615.541137,0.0
2019-01-03,23,0,115,18.46,18.46,0.0,615.541137,0.0
2019-01-03,23,0,116,0.0,0.0,0.0,0.0,0.0
2019-01-03,23,0,117,1.23,1.23,0.0,41.013846,0.0
2019-01-03,23,0,119,134.06,134.06,0.0,4666.405868,0.0
2019-01-03,23,0,120,78.82,78.82,0.0,2743.593245,0.0
2019-01-03,23,0,123,0.0,0.0,0.0,0.0,0.0
2019-01-03,23,0,125,69.01,69.01,0.0,2207.168843,0.0
2019-01-03,23,0,126,0.0,0.0,0.0,0.0,0.0
2019-01-03,23,0,127,0.0,0.0,0.0,0.0,0.0
2019-01-03,23,0,128,98.85,98.85,0.0,3161.551082,0.0
2019-01-03,23,0,131,7.32,7.32,0.0,243.976706,0.0
2019-01-03,23,0,132,10.75,10.75,0.0,358.299125,0.0
2019-01-03,23,0,133,12.8,12.8,0.0,322.528222,0.0
2019-01-03,23,0,134,0.0,0.0,0.0,0.0,0.0
2019-01-03,23,0,135,17.15,17.15,0.0,432.137422,0.0
2019-01-03,23,0,136,0.0,0.0,0.0,0.0,0.0
2019-01-03,23,0,139,22.36,22.36,0.0,691.970268,0.0
2019-01-03,23,0,140,40.03,40.03,0.0,1370.647996,0.0
2019-01-03,23,0,141,85.17,85.17,0.0,2861.42123,0.0
2019-01-03,23,0,142,0.0,0.0,0.0,0.0,0.0
2019-01-03,23,0,143,22.64,22.64,0.0,724.392341,0.0
2019-01-03,23,0,145,3.81,3.81,0.0,120.704925,0.0
2019-01-03,23,0,146,68.58,68.58,0.0,2348.214827,0.0
2019-01-03,23,0,152,0.0,0.0,0.0,0.0,0.0
2019-01-03,23,0,153,0.0,0.0,0.0,0.0,0.0
2019-01-03,23,0,154,0.0,0.0,0.0,0.0,0.0
2019-01-03,23,0,157,47.22,47.22,0.0,1586.430791,0.0
2019-01-03,23,0,158,0.0,0.0,0.0,0.0,0.0
2019-01-03,23,0,159,0.0,0.0,0.0,0.0,0.0
2019-01-03,23,0,160,0.0,0.0,0.0,0.0,0.0
2019-01-03,23,0,161,0.0,0.0,0.0,0.0,0.0
2019-01-03,23,0,162,33.3,33.3,0.0,1177.338121,0.0
2019-01-03,23,0,163,25.22,25.22,0.0,863.545902,0.0
2019-01-03,23,0,164,0.0,0.0,0.0,0.0,0.0
2019-01-03,23,0,167,0.0,0.0,0.0,0.0,0.0
2019-01-03,23,0,168,0.0,0.0,0.0,0.0,0.0
2019-01-03,23,0,169,0.0,0.0,0.0,0.0,0.0
2019-01-03,23,0,170,0.0,0.0,0.0,0.0,0.0
2019-01-03,23,0,172,0.0,0.0,0.0,0.0,0.0
2019-01-03,23,0,173,0.0,0.0,0.0,0.0,0.0
2019-01-03,23,0,188,0.0,0.0,0.0,0.0,0.0
2019-01-03,23,0,190,0.0,0.0,0.0,0.0,0.0
2019-01-03,23,0,191,0.0,0.0,0.0,0.0,0.0
2019-01-03,23,0,192,72.69,72.69,0.0,2530.21813,0.0
2019-01-03,23,0,194,43.97,43.97,0.0,1467.913655,0.0
2019-01-03,23,0,196,0.0,0.0,0.0,0.0,0.0
2019-01-03,23,0,198,0.0,0.0,0.0,0.0,0.0
2019-01-03,23,0,199,37.88,37.88,0.0,793.190342,0.0
2019-01-03,23,0,200,0.0,0.0,0.0,0.0,0.0
2019-01-03,23,0,204,164.81,164.81,0.0,5172.301914,0.0
2019-01-03,23,0,205,208.54,208.54,0.0,6499.351635,0.0
2019-01-03,23,0,206,107.13,107.13,0.0,3429.179337,0.0
2019-01-03,23,0,210,0.0,0.0,0.0,0.0,0.0
2019-01-03,23,0,214,0.0,0.0,0.0,0.0,0.0
2019-01-03,23,0,217,0.0,0.0,0.0,0.0,0.0
2019-01-03,23,0,218,0.0,0.0,0.0,0.0,0.0
2019-01-03,23,0,219,0.0,0.0,0.0,0.0,0.0
2019-01-03,23,0,221,0.0,0.0,0.0,0.0,0.0
2019-01-03,23,0,225,0.0,0.0,0.0,0.0,0.0
2019-01-03,23,0,233,0.0,0.0,0.0,0.0,0.0
2019-01-03,23,0,236,3.86,3.86,0.0,103.3342,0.0
2019-01-03,23,0,237,3.44,3.44,0.0,97.022305,0.0
2019-01-03,23,0,238,0.0,0.0,0.0,0.0,0.0
2019-01-03,23,0,240,0.0,0.0,0.0,0.0,0.0
2019-01-03,23,0,245,22.78,22.78,0.0,564.908287,0.0
2019-01-03,23,0,247,6.48,6.48,0.0,160.693841,0.0
2019-01-03,23,0,248,0.34,0.34,0.0,9.589414,0.0
2019-01-03,23,0,249,43.81,43.81,0.0,1086.419318,0.0
2019-01-03,23,0,251,0.0,0.0,0.0,0.0,0.0
2019-01-03,23,0,252,0.0,0.0,0.0,0.0,0.0
2019-01-03,23,0,254,0.0,0.0,0.0,0.0,0.0
2019-01-03,23,0,255,0.0,0.0,0.0,0.0,0.0
2019-01-03,23,0,258,0.0,0.0,0.0,0.0,0.0
2019-01-03,23,0,260,0.0,0.0,0.0,0.0,0.0
2019-01-03,23,0,265,0.0,0.0,0.0,0.0,0.0
2019-01-03,23,0,266,14.48,14.48,0.0,448.109548,0.0
2019-01-03,23,0,267,17.79,17.79,0.0,550.543429,0.0
2019-01-03,23,0,270,78.76,78.76,0.0,2696.783316,0.0
2019-01-03,23,0,272,61.68,61.68,0.0,2056.69433,0.0
2019-01-03,23,0,273,0.0,0.0,0.0,0.0,0.0
2019-01-03,23,0,274,101.53,101.53,0.0,3476.439945,0.0
2019-01-03,23,0,275,141.34,141.34,0.0,4839.555026,0.0
2019-01-03,23,0,276,0.0,0.0,0.0,0.0,0.0
2019-01-03,23,0,277,0.0,0.0,0.0,0.0,0.0
2019-01-03,23,0,278,0.0,0.0,0.0,0.0,0.0
2019-01-03,23,0,279,27.63,27.63,0.0,918.979633,0.0
2019-01-03,23,0,281,6.15,6.15,0.0,196.776188,0.0
2019-01-03,23,0,282,0.0,0.0,0.0,0.0,0.0
2019-01-04,0,0,9,0.0,0.0,0.0,0.0,0.0
2019-01-04,0,0,17,0.0,0.0,0.0,0.0,0.0
2019-01-04,0,0,19,37.35,37.35,0.0,589.730474,0.0
2019-01-04,0,0,20,45.3,45.3,0.0,715.255435,0.0
2019-01-04,0,0,21,0.0,0.0,0.0,0.0,0.0
2019-01-04,0,0,22,0.0,0.0,0.0,0.0,0.0
2019-01-04,0,0,23,47.22,47.22,0.0,986.608092,0.0
2019-01-04,0,0,24,83.55,83.55,0.0,1745.682043,0.0
2019-01-04,0,0,29,0.0,0.0,0.0,0.0,0.0
2019-01-04,0,0,30,0.0,0.0,0.0,0.0,0.0
2019-01-04,0,0,31,15.74,15.74,0.0,329.448153,0.0
2019-01-04,0,0,32,0.0,0.0,0.0,0.0,0.0
2019-01-04,0,0,33,0.0,0.0,0.0,0.0,0.0
2019-01-04,0,0,34,0.0,0.0,0.0,0.0,0.0
2019-01-04,0,0,35,0.0,0.0,0.0,0.0,0.0
2019-01-04,0,0,36,0.0,0.0,0.0,0.0,0.0
2019-01-04,0,0,37,0.0,0.0,0.0,0.0,0.0
2019-01-04,0,0,38,0.0,0.0,0.0,0.0,0.0
2019-01-04,0,0,39,0.0,0.0,0.0,0.0,0.0
2019-01-04,0,0,40,0.0,0.0,0.0,0.0,0.0
2019-01-04,0,0,41,18.02,18.02,0.0,342.964548,0.0
2019-01-04,0,0,42,0.0,0.0,0.0,0.0,0.0
2019-01-04,0,0,43,0.0,0.0,0.0,0.0,0.0
2019-01-04,0,0,46,0.0,0.0,0.0,0.0,0.0
2019-01-04,0,0,52,16.69,16.69,0.0,349.332253,0.0
2019-01-04,0,0,53,26.51,26.51,0.0,554.871063,0.0
2019-01-04,0,0,55,280.41,280.41,0.0,5858.847415,0.0
2019-01-04,0,0,56,0.0,0.0,0.0,0.0,0.0
2019-01-04,0,0,57,0.0,0.0,0.0,0.0,0.0
2019-01-04,0,0,58,0.0,0.0,0.0,0.0,0.0
2019-01-04,0,0,59,0.0,0.0,0.0,0.0,0.0
2019-01-04,0,0,63,92.76,92.76,0.0,2522.062771,0.0
2019-01-04,0,0,64,109.13,109.13,0.0,2967.148666,0.0
2019-01-04,0,0,65,0.0,0.0,0.0,0.0,0.0
2019-01-04,0,0,67,0.0,0.0,0.0,0.0,0.0
2019-01-04,0,0,68,1.36,1.36,0.0,33.959559,0.0
2019-01-04,0,0,69,0.0,0.0,0.0,0.0,0.0
2019-01-04,0,0,74,1.72,1.72,0.0,28.588754,0.0
2019-01-04,0,0,77,52.32,52.32,0.0,1278.729459,0.0
2019-01-04,0,0,78,39.55,39.55,0.0,966.623664,0.0
2019-01-04,0,0,79,22.89,22.89,0.0,559.444138,0.0
2019-01-04,0,0,80,37.02,37.02,0.0,904.789078,0.0
2019-01-04,0,0,81,48.4,48.4,0.0,1182.922511,0.0
2019-01-04,0,0,82,34.14,34.14,0.0,834.4003,0.0
2019-01-04,0,0,83,76.13,76.13,0.0,1860.658901,0.0
2019-01-04,0,0,84,0.0,0.0,0.0,0.0,0.0
2019-01-04,0,0,86,0.0,0.0,0.0,0.0,0.0
2019-01-04,0,0,87,0.0,0.0,0.0,0.0,0.0
2019-01-04,0,0,88,30.16,30.16,0.0,737.12692,0.0
2019-01-04,0,0,89,28.99,28.99,0.0,708.53148,0.0
2019-01-04,0,0,90,38.93,38.93,0.0,951.470524,0.0
2019-01-04,0,0,91,138.85,138.85,0.0,3393.570056,0.0
2019-01-04,0,0,92,49.94,49.94,0.0,1220.560955,0.0
2019-01-04,0,0,95,51.72,51.72,0.0,1442.255496,0.0
2019-01-04,0,0,96,7.39,7.39,0.0,154.961372,0.0
2019-01-04,0,0,97,45.43,45.43,0.0,952.62451,0.0
2019-01-04,0,0,99,0.33,0.33,0.0,5.485052,0.0
2019-01-04,0,0,101,0.0,0.0,0.0,0.0,0.0
2019-01-04,0,0,102,3.22,3.22,0.0,80.40425,0.0
2019-01-04,0,0,103,2.8,2.8,0.0,69.916739,0.0
2019-01-04,0,0,104,0.52,0.52,0.0,12.984537,0.0
2019-01-04,0,0,106,0.0,0.0,0.0,0.0,0.0
2019-01-04,0,0,109,41.33,41.33,0.0,730.361498,0.0
2019-01-04,0,0,110,40.96,40.96,0.0,1081.07305,0.0
2019-01-04,0,0,111,0.0,0.0,0.0,0.0,0.0
2019-01-04,0,0,113,17.44,17.44,0.0,438.634282,0.0
2019-01-04,0,0,115,17.44,17.44,0.0,438.634282,0.0
2019-01-04,0,0,116,0.0,0.0,0.0,0.0,0.0
2019-01-04,0,0,117,1.16,1.16,0.0,29.175216,0.0
2019-01-04,0,0,119,109.13,109.13,0.0,2967.148666,0.0
2019-01-04,0,0,120,64.17,64.17,0.0,1744.72583,0.0
2019-01-04,0,0,123,0.0,0.0,0.0,0.0,0.0
2019-01-04,0,0,125,75.6,75.6,0.0,1579.575852,0.0
2019-01-04,0,0,126,0.0,0.0,0.0,0.0,0.0
2019-01-04,0,0,127,0.0,0.0,0.0,0.0,0.0
2019-01-04,0,0,128,108.28,108.28,0.0,2262.387212,0.0
2019-01-04,0,0,131,8.22,8.22,0.0,204.486503,0.0
2019-01-04,0,0,132,12.09,12.09,0.0,300.759345,0.0
2019-01-04,0,0,133,10.89,10.89,0.0,171.91788,0.0
2019-01-04,0,0,134,0.0,0.0,0.0,0.0,0.0
2019-01-04,0,0,135,14.59,14.59,0.0,230.328914,0.0
2019-01-04,0,0,136,0.0,0.0,0.0,0.0,0.0
2019-01-04,0,0,139,23.27,23.27,0.0,442.884852,0.0
2019-01-04,0,0,140,30.31,30.31,0.0,799.9835,0.0
2019-01-04,0,0,141,88.6,88.6,0.0,2243.403945,0.0
2019-01-04,0,0,142,0.0,0.0,0.0,0.0,0.0
2019-01-04,0,0,143,64.07,64.07,0.0,1341.025612,0.0
2019-01-04,0,0,145,5.46,5.46,0.0,107.681498,0.0
2019-01-04,0,0,146,77.89,77.89,0.0,2055.780758,0.0
2019-01-04,0,0,152,0.0,0.0,0.0,0.0,0.0
2019-01-04,0,0,153,0.0,0.0,0.0,0.0,0.0
2019-01-04,0,0,154,0.0,0.0,0.0,0.0,0.0
2019-01-04,0,0,157,47.81,47.81,0.0,1210.57723,0.0
2019-01-04,0,0,158,0.0,0.0,0.0,0.0,0.0
2019-01-04,0,0,159,0.0,0.0,0.0,0.0,0.0
2019-01-04,0,0,160,0.0,0.0,0.0,0.0,0.0
2019-01-04,0,0,161,0.0,0.0,0.0,0.0,0.0
2019-01-04,0,0,162,35.52,35.52,0.0,990.06004,0.0
2019-01-04,0,0,163,20.94,20.94,0.0,552.677482,0.0
2019-01-04,0,0,164,0.0,0.0,0.0,0.0,0.0
2019-01-04,0,0,167,0.0,0.0,0.0,0.0,0.0
2019-01-04,0,0,168,0.0,0.0,0.0,0.0,0.0
2019-01-04,0,0,169,0.0,0.0,0.0,0.0,0.0
2019-01-04,0,0,170,0.0,0.0,0.0,0.0,0.0
2019-01-04,0,0,172,0.0,0.0,0.0,0.0,0.0
2019-01-04,0,0,173,0.0,0.0,0.0,0.0,0.0
2019-01-04,0,0,188,0.0,0.0,0.0,0.0,0.0
2019-01-04,0,0,190,0.0,0.0,0.0,0.0,0.0
2019-01-04,0,0,191,0.0,0.0,0.0,0.0,0.0
2019-01-04,0,0,192,62.23,62.23,0.0,1691.978938,0.0
2019-01-04,0,0,194,38.77,38.77,0.0,990.697058,0.0
2019-01-04,0,0,196,0.0,0.0,0.0,0.0,0.0
2019-01-04,0,0,198,0.0,0.0,0.0,0.0,0.0
2019-01-04,0,0,199,10.76,10.76,0.0,163.10357,0.0
2019-01-04,0,0,200,0.0,0.0,0.0,0.0,0.0
2019-01-04,0,0,204,168.71,168.71,0.0,3001.704721,0.0
2019-01-04,0,0,205,218.62,218.62,0.0,3863.334883,0.0
2019-01-04,0,0,206,133.49,133.49,0.0,2799.160154,0.0
2019-01-04,0,0,210,0.0,0.0,0.0,0.0,0.0
2019-01-04,0,0,214,0.0,0.0,0.0,0.0,0.0
2019-01-04,0,0,217,0.0,0.0,0.0,0.0,0.0
2019-01-04,0,0,218,0.0,0.0,0.0,0.0,0.0
2019-01-04,0,0,219,0.0,0.0,0.0,0.0,0.0
2019-01-04,0,0,221,0.0,0.0,0.0,0.0,0.0
2019-01-04,0,0,225,0.0,0.0,0.0,0.0,0.0
2019-01-04,0,0,233,0.0,0.0,0.0,0.0,0.0
2019-01-04,0,0,236,0.0,0.0,0.0,0.0,0.0
2019-01-04,0,0,237,4.12,4.12,0.0,68.480038,0.0
2019-01-04,0,0,238,0.0,0.0,0.0,0.0,0.0
2019-01-04,0,0,240,0.0,0.0,0.0,0.0,0.0
2019-01-04,0,0,245,12.47,12.47,0.0,195.657655,0.0
2019-01-04,0,0,247,7.29,7.29,0.0,114.382061,0.0
2019-01-04,0,0,248,0.41,0.41,0.0,6.814761,0.0
2019-01-04,0,0,249,23.35,23.35,0.0,366.367782,0.0
2019-01-04,0,0,251,0.0,0.0,0.0,0.0,0.0
2019-01-04,0,0,252,0.0,0.0,0.0,0.0,0.0
2019-01-04,0,0,254,0.0,0.0,0.0,0.0,0.0
2019-01-04,0,0,255,0.0,0.0,0.0,0.0,0.0
2019-01-04,0,0,258,0.0,0.0,0.0,0.0,0.0
2019-01-04,0,0,260,0.0,0.0,0.0,0.0,0.0
2019-01-04,0,0,265,0.0,0.0,0.0,0.0,0.0
2019-01-04,0,0,266,15.07,15.07,0.0,286.818853,0.0
2019-01-04,0,0,267,18.52,18.52,0.0,352.480767,0.0
2019-01-04,0,0,270,65.41,65.41,0.0,1726.391314,0.0
2019-01-04,0,0,272,58.29,58.29,0.0,1466.054603,0.0
2019-01-04,0,0,273,0.0,0.0,0.0,0.0,0.0
2019-01-04,0,0,274,84.32,84.32,0.0,2225.490224,0.0
2019-01-04,0,0,275,117.37,117.37,0.0,3097.791599,0.0
2019-01-04,0,0,276,0.0,0.0,0.0,0.0,0.0
2019-01-04,0,0,277,0.0,0.0,0.0,0.0,0.0
2019-01-04,0,0,278,0.0,0.0,0.0,0.0,0.0
2019-01-04,0,0,279,24.82,24.82,0.0,617.179013,0.0
2019-01-04,0,0,281,7.07,7.07,0.0,147.97957,0.0
2019-01-04,0,0,282,0.0,0.0,0.0,0.0,0.0
2019-01-04,1,0,9,0.0,0.0,0.0,0.0,0.0
2019-01-04,1,0,17,0.0,0.0,0.0,0.0,0.0
2019-01-04,1,0,19,30.5,30.5,0.0,419.789269,0.0
2019-01-04,1,0,20,36.99,36.99,0.0,509.11492,0.0
2019-01-04,1,0,21,0.0,0.0,0.0,0.0,0.0
2019-01-04,1,0,22,0.0,0.0,0.0,0.0,0.0
2019-01-04,1,0,23,51.64,51.64,0.0,694.762802,0.0
2019-01-04,1,0,24,91.36,91.36,0.0,1229.154331,0.0
2019-01-04,1,0,29,0.0,0.0,0.0,0.0,0.0
2019-01-04,1,0,30,0.0,0.0,0.0,0.0,0.0
2019-01-04,1,0,31,40.51,40.51,0.0,545.099826,0.0
2019-01-04,1,0,32,0.0,0.0,0.0,0.0,0.0
2019-01-04,1,0,33,0.0,0.0,0.0,0.0,0.0
2019-01-04,1,0,34,0.0,0.0,0.0,0.0,0.0
2019-01-04,1,0,35,0.0,0.0,0.0,0.0,0.0
2019-01-04,1,0,36,0.0,0.0,0.0,0.0,0.0
2019-01-04,1,0,37,0.0,0.0,0.0,0.0,0.0
2019-01-04,1,0,38,0.0,0.0,0.0,0.0,0.0
2019-01-04,1,0,39,0.0,0.0,0.0,0.0,0.0
2019-01-04,1,0,40,0.0,0.0,0.0,0.0,0.0
2019-01-04,1,0,41,25.78,25.78,0.0,345.44342,0.0
2019-01-04,1,0,42,0.0,0.0,0.0,0.0,0.0
2019-01-04,1,0,43,0.0,0.0,0.0,0.0,0.0
2019-01-04,1,0,46,0.0,0.0,0.0,0.0,0.0
2019-01-04,1,0,52,43.13,43.13,0.0,580.354369,0.0
2019-01-04,1,0,53,70.51,70.51,0.0,948.777801,0.0
2019-01-04,1,0,55,266.43,266.43,0.0,3584.540152,0.0
2019-01-04,1,0,56,0.0,0.0,0.0,0.0,0.0
2019-01-04,1,0,57,0.0,0.0,0.0,0.0,0.0
2019-01-04,1,0,58,0.0,0.0,0.0,0.0,0.0
2019-01-04,1,0,59,0.0,0.0,0.0,0.0,0.0
2019-01-04,1,0,63,75.0,75.0,0.0,2039.184,0.0
2019-01-04,1,0,64,88.24,88.24,0.0,2399.167949,0.0
2019-01-04,1,0,65,1.22,1.22,0.0,16.77882,0.0
2019-01-04,1,0,67,0.0,0.0,0.0,0.0,0.0
2019-01-04,1,0,68,1.35,1.35,0.0,20.650116,0.0
2019-01-04,1,0,69,0.0,0.0,0.0,0.0,0.0
2019-01-04,1,0,74,2.65,2.65,0.0,35.755287,0.0
2019-01-04,1,0,77,56.93,56.93,0.0,777.294379,0.0
2019-01-04,1,0,78,43.04,43.04,0.0,587.647112,0.0
2019-01-04,1,0,79,24.91,24.91,0.0,340.108958,0.0
2019-01-04,1,0,80,40.28,40.28,0.0,549.963422,0.0
2019-01-04,1,0,81,52.66,52.66,0.0,718.993887,0.0
2019-01-04,1,0,82,37.15,37.15,0.0,507.227932,0.0
2019-01-04,1,0,83,82.83,82.83,0.0,1130.920313,0.0
2019-01-04,1,0,84,0.0,0.0,0.0,0.0,0.0
2019-01-04,1,0,86,0.0,0.0,0.0,0.0,0.0
2019-01-04,1,0,87,0.0,0.0,0.0,0.0,0.0
2019-01-04,1,0,88,29.16,29.16,0.0,398.13638,0.0
2019-01-04,1,0,89,28.03,28.03,0.0,382.707912,0.0
2019-01-04,1,0,90,37.63,37.63,0.0,513.781618,0.0
2019-01-04,1,0,91,134.25,134.25,0.0,1832.983847,0.0
2019-01-04,1,0,92,48.28,48.28,0.0,659.191509,0.0
2019-01-04,1,0,95,80.42,80.42,0.0,2202.650728,0.0
2019-01-04,1,0,96,9.18,9.18,0.0,123.544328,0.0
2019-01-04,1,0,97,56.46,56.46,0.0,759.837988,0.0
2019-01-04,1,0,99,0.51,0.51,0.0,6.881206,0.0
2019-01-04,1,0,101,0.0,0.0,0.0,0.0,0.0
2019-01-04,1,0,102,3.2,3.2,0.0,48.948423,0.0
2019-01-04,1,0,103,2.79,2.79,0.0,42.676906,0.0
2019-01-04,1,0,104,0.52,0.52,0.0,7.954119,0.0
2019-01-04,1,0,106,0.0,0.0,0.0,0.0,0.0
2019-01-04,1,0,109,55.21,55.21,0.0,731.314805,0.0
2019-01-04,1,0,110,30.19,30.19,0.0,701.831039,0.0
2019-01-04,1,0,111,0.0,0.0,0.0,0.0,0.0
2019-01-04,1,0,113,9.31,9.31,0.0,123.814387,0.0
2019-01-04,1,0,115,9.31,9.31,0.0,123.814387,0.0
2019-01-04,1,0,116,0.0,0.0,0.0,0.0,0.0
2019-01-04,1,0,117,0.64,0.64,0.0,8.511408,0.0
2019-01-04,1,0,119,88.24,88.24,0.0,2399.167949,0.0
2019-01-04,1,0,120,51.89,51.89,0.0,1410.843437,0.0
2019-01-04,1,0,123,0.0,0.0,0.0,0.0,0.0
2019-01-04,1,0,125,82.68,82.68,0.0,1112.373906,0.0
2019-01-04,1,0,126,0.0,0.0,0.0,0.0,0.0
2019-01-04,1,0,127,0.0,0.0,0.0,0.0,0.0
2019-01-04,1,0,128,118.41,118.41,0.0,1593.08411,0.0
2019-01-04,1,0,131,9.21,9.21,0.0,136.065549,0.0
2019-01-04,1,0,132,13.54,13.54,0.0,200.035563,0.0
2019-01-04,1,0,133,9.25,9.25,0.0,127.322247,0.0
2019-01-04,1,0,134,0.0,0.0,0.0,0.0,0.0
2019-01-04,1,0,135,12.4,12.4,0.0,170.680634,0.0
2019-01-04,1,0,136,1.92,1.92,0.0,26.40491,0.0
2019-01-04,1,0,139,33.29,33.29,0.0,446.074921,0.0
2019-01-04,1,0,140,22.35,22.35,0.0,519.573492,0.0
2019-01-04,1,0,141,92.17,92.17,0.0,1590.262327,0.0
2019-01-04,1,0,142,0.0,0.0,0.0,0.0,0.0
2019-01-04,1,0,143,94.05,94.05,0.0,1265.530453,0.0
2019-01-04,1,0,145,8.31,8.31,0.0,111.178906,0.0
2019-01-04,1,0,146,88.77,88.77,0.0,2063.648273,0.0
2019-01-04,1,0,152,0.0,0.0,0.0,0.0,0.0
2019-01-04,1,0,153,0.0,0.0,0.0,0.0,0.0
2019-01-04,1,0,154,0.0,0.0,0.0,0.0,0.0
2019-01-04,1,0,157,48.5,48.5,0.0,836.798556,0.0
2019-01-04,1,0,158,0.0,0.0,0.0,0.0,0.0
2019-01-04,1,0,159,0.0,0.0,0.0,0.0,0.0
2019-01-04,1,0,160,0.0,0.0,0.0,0.0,0.0
2019-01-04,1,0,161,0.0,0.0,0.0,0.0,0.0
2019-01-04,1,0,162,37.98,37.98,0.0,1040.260633,0.0
2019-01-04,1,0,163,17.54,17.54,0.0,407.754768,0.0
2019-01-04,1,0,164,0.0,0.0,0.0,0.0,0.0
2019-01-04,1,0,167,0.0,0.0,0.0,0.0,0.0
2019-01-04,1,0,168,0.0,0.0,0.0,0.0,0.0
2019-01-04,1,0,169,0.0,0.0,0.0,0.0,0.0
2019-01-04,1,0,170,0.0,0.0,0.0,0.0,0.0
2019-01-04,1,0,172,0.0,0.0,0.0,0.0,0.0
2019-01-04,1,0,173,0.0,0.0,0.0,0.0,0.0
2019-01-04,1,0,188,0.0,0.0,0.0,0.0,0.0
2019-01-04,1,0,190,0.0,0.0,0.0,0.0,0.0
2019-01-04,1,0,191,0.0,0.0,0.0,0.0,0.0
2019-01-04,1,0,192,52.76,52.76,0.0,1434.497971,0.0
2019-01-04,1,0,194,34.46,34.46,0.0,396.687239,0.0
2019-01-04,1,0,196,0.0,0.0,0.0,0.0,0.0
2019-01-04,1,0,198,0.0,0.0,0.0,0.0,0.0
2019-01-04,1,0,199,18.34,18.34,0.0,203.562592,0.0
2019-01-04,1,0,200,0.0,0.0,0.0,0.0,0.0
2019-01-04,1,0,204,215.71,215.71,0.0,2854.286746,0.0
2019-01-04,1,0,205,292.08,292.08,0.0,3868.908317,0.0
2019-01-04,1,0,206,165.9,165.9,0.0,2232.680167,0.0
2019-01-04,1,0,210,0.0,0.0,0.0,0.0,0.0
2019-01-04,1,0,214,0.0,0.0,0.0,0.0,0.0
2019-01-04,1,0,217,0.0,0.0,0.0,0.0,0.0
2019-01-04,1,0,218,0.0,0.0,0.0,0.0,0.0
2019-01-04,1,0,219,0.0,0.0,0.0,0.0,0.0
2019-01-04,1,0,221,0.0,0.0,0.0,0.0,0.0
2019-01-04,1,0,225,0.0,0.0,0.0,0.0,0.0
2019-01-04,1,0,233,0.0,0.0,0.0,0.0,0.0
2019-01-04,1,0,236,0.0,0.0,0.0,0.0,0.0
2019-01-04,1,0,237,6.35,6.35,0.0,85.677762,0.0
2019-01-04,1,0,238,0.0,0.0,0.0,0.0,0.0
2019-01-04,1,0,240,0.0,0.0,0.0,0.0,0.0
2019-01-04,1,0,245,5.28,5.28,0.0,72.874644,0.0
2019-01-04,1,0,247,8.38,8.38,0.0,115.660893,0.0
2019-01-04,1,0,248,0.64,0.64,0.0,8.635239,0.0
2019-01-04,1,0,249,10.15,10.15,0.0,140.090461,0.0
2019-01-04,1,0,251,0.0,0.0,0.0,0.0,0.0
2019-01-04,1,0,252,7.86,7.86,0.0,108.09961,0.0
2019-01-04,1,0,254,0.0,0.0,0.0,0.0,0.0
2019-01-04,1,0,255,0.0,0.0,0.0,0.0,0.0
2019-01-04,1,0,258,0.0,0.0,0.0,0.0,0.0
2019-01-04,1,0,260,0.0,0.0,0.0,0.0,0.0
2019-01-04,1,0,265,0.0,0.0,0.0,0.0,0.0
2019-01-04,1,0,266,21.56,21.56,0.0,288.896825,0.0
2019-01-04,1,0,267,26.49,26.49,0.0,354.957184,0.0
2019-01-04,1,0,270,54.78,54.78,0.0,1273.478117,0.0
2019-01-04,1,0,272,31.05,31.05,0.0,412.936276,0.0
2019-01-04,1,0,273,0.0,0.0,0.0,0.0,0.0
2019-01-04,1,0,274,70.62,70.62,0.0,1641.712753,0.0
2019-01-04,1,0,275,98.3,98.3,0.0,2285.193481,0.0
2019-01-04,1,0,276,0.0,0.0,0.0,0.0,0.0
2019-01-04,1,0,277,0.0,0.0,0.0,0.0,0.0
2019-01-04,1,0,278,0.0,0.0,0.0,0.0,0.0
2019-01-04,1,0,279,22.26,22.26,0.0,299.200534,0.0
2019-01-04,1,0,281,16.73,16.73,0.0,225.117751,0.0
2019-01-04,1,0,282,0.0,0.0,0.0,0.0,0.0
2019-01-04,2,0,9,0.0,0.0,0.0,0.0,0.0
2019-01-04,2,0,17,0.0,0.0,0.0,0.0,0.0
2019-01-04,2,0,19,34.25,34.25,0.0,471.547039,0.0
2019-01-04,2,0,20,41.54,41.54,0.0,571.914277,0.0
2019-01-04,2,0,21,0.0,0.0,0.0,0.0,0.0
2019-01-04,2,0,22,0.0,0.0,0.0,0.0,0.0
2019-01-04,2,0,23,52.77,52.77,0.0,673.95017,0.0
2019-01-04,2,0,24,93.36,93.36,0.0,1192.343906,0.0
2019-01-04,2,0,29,0.0,0.0,0.0,0.0,0.0
2019-01-04,2,0,30,0.0,0.0,0.0,0.0,0.0
2019-01-04,2,0,31,18.71,18.71,0.0,238.903598,0.0
2019-01-04,2,0,32,0.0,0.0,0.0,0.0,0.0
2019-01-04,2,0,33,0.0,0.0,0.0,0.0,0.0
2019-01-04,2,0,34,0.0,0.0,0.0,0.0,0.0
2019-01-04,2,0,35,0.0,0.0,0.0,0.0,0.0
2019-01-04,2,0,36,0.0,0.0,0.0,0.0,0.0
2019-01-04,2,0,37,0.0,0.0,0.0,0.0,0.0
2019-01-04,2,0,38,0.0,0.0,0.0,0.0,0.0
2019-01-04,2,0,39,0.0,0.0,0.0,0.0,0.0
2019-01-04,2,0,40,0.0,0.0,0.0,0.0,0.0
2019-01-04,2,0,41,30.55,30.55,0.0,395.817224,0.0
2019-01-04,2,0,42,0.0,0.0,0.0,0.0,0.0
2019-01-04,2,0,43,0.0,0.0,0.0,0.0,0.0
2019-01-04,2,0,46,0.0,0.0,0.0,0.0,0.0
2019-01-04,2,0,52,19.83,19.83,0.0,253.204615,0.0
2019-01-04,2,0,53,31.51,31.51,0.0,402.343793,0.0
2019-01-04,2,0,55,327.74,327.74,0.0,4185.719704,0.0
2019-01-04,2,0,56,0.0,0.0,0.0,0.0,0.0
2019-01-04,2,0,57,0.0,0.0,0.0,0.0,0.0
2019-01-04,2,0,58,0.0,0.0,0.0,0.0,0.0
2019-01-04,2,0,59,0.0,0.0,0.0,0.0,0.0
2019-01-04,2,0,63,60.51,60.51,0.0,1132.250098,0.0
2019-01-04,2,0,64,71.19,71.19,0.0,1332.09196,0.0
2019-01-04,2,0,65,1.57,1.57,0.0,21.592416,0.0
2019-01-04,2,0,67,0.0,0.0,0.0,0.0,0.0
2019-01-04,2,0,68,1.85,1.85,0.0,24.516195,0.0
2019-01-04,2,0,69,0.0,0.0,0.0,0.0,0.0
2019-01-04,2,0,74,2.92,2.92,0.0,39.040554,0.0
2019-01-04,2,0,77,62.45,62.45,0.0,781.978361,0.0
2019-01-04,2,0,78,47.21,47.21,0.0,591.148093,0.0
2019-01-04,2,0,79,27.32,27.32,0.0,342.092055,0.0
2019-01-04,2,0,80,44.18,44.18,0.0,553.20743,0.0
2019-01-04,2,0,81,57.76,57.76,0.0,723.251723,0.0
2019-01-04,2,0,82,40.75,40.75,0.0,510.258098,0.0
2019-01-04,2,0,83,90.86,90.86,0.0,1137.719037,0.0
2019-01-04,2,0,84,0.0,0.0,0.0,0.0,0.0
2019-01-04,2,0,86,0.0,0.0,0.0,0.0,0.0
2019-01-04,2,0,87,0.0,0.0,0.0,0.0,0.0
2019-01-04,2,0,88,37.58,37.58,0.0,470.5644,0.0
2019-01-04,2,0,89,36.13,36.13,0.0,452.407977,0.0
2019-01-04,2,0,90,48.51,48.51,0.0,607.426266,0.0
2019-01-04,2,0,91,173.04,173.04,0.0,2166.749969,0.0
2019-01-04,2,0,92,62.23,62.23,0.0,779.223593,0.0
2019-01-04,2,0,95,26.87,26.87,0.0,504.729753,0.0
2019-01-04,2,0,96,9.31,9.31,0.0,118.850943,0.0
2019-01-04,2,0,97,57.27,57.27,0.0,731.105642,0.0
2019-01-04,2,0,99,0.56,0.56,0.0,7.487229,0.0
2019-01-04,2,0,101,0.0,0.0,0.0,0.0,0.0
2019-01-04,2,0,102,4.37,4.37,0.0,57.911227,0.0
2019-01-04,2,0,103,3.8,3.8,0.0,50.357589,0.0
2019-01-04,2,0,104,0.71,0.71,0.0,9.408918,0.0
2019-01-04,2,0,106,0.0,0.0,0.0,0.0,0.0
2019-01-04,2,0,109,63.7,63.7,0.0,826.190583,0.0
2019-01-04,2,0,110,46.73,46.73,0.0,789.609048,0.0
2019-01-04,2,0,111,0.0,0.0,0.0,0.0,0.0
2019-01-04,2,0,113,14.68,14.68,0.0,180.328631,0.0
2019-01-04,2,0,115,14.68,14.68,0.0,180.328631,0.0
2019-01-04,2,0,116,0.0,0.0,0.0,0.0,0.0
2019-01-04,2,0,117,0.78,0.78,0.0,9.581494,0.0
2019-01-04,2,0,119,71.19,71.19,0.0,1332.09196,0.0
2019-01-04,2,0,120,41.86,41.86,0.0,783.275312,0.0
2019-01-04,2,0,123,0.0,0.0,0.0,0.0,0.0
2019-01-04,2,0,125,84.49,84.49,0.0,1079.061017,0.0
2019-01-04,2,0,126,0.0,0.0,0.0,0.0,0.0
2019-01-04,2,0,127,0.0,0.0,0.0,0.0,0.0
2019-01-04,2,0,128,121.01,121.01,0.0,1545.474893,0.0
2019-01-04,2,0,131,9.54,9.54,0.0,124.137784,0.0
2019-01-04,2,0,132,14.02,14.02,0.0,182.433095,0.0
2019-01-04,2,0,133,8.46,8.46,0.0,116.48725,0.0
2019-01-04,2,0,134,0.0,0.0,0.0,0.0,0.0
2019-01-04,2,0,135,11.34,11.34,0.0,156.142484,0.0
2019-01-04,2,0,136,2.68,2.68,0.0,36.856234,0.0
2019-01-04,2,0,139,39.45,39.45,0.0,511.128952,0.0
2019-01-04,2,0,140,34.59,34.59,0.0,584.476289,0.0
2019-01-04,2,0,141,94.64,94.64,0.0,1339.092901,0.0
2019-01-04,2,0,142,0.0,0.0,0.0,0.0,0.0
2019-01-04,2,0,143,53.4,53.4,0.0,681.852065,0.0
2019-01-04,2,0,145,8.76,8.76,0.0,112.516053,0.0
2019-01-04,2,0,146,99.25,99.25,0.0,1677.053243,0.0
2019-01-04,2,0,152,0.0,0.0,0.0,0.0,0.0
2019-01-04,2,0,153,0.0,0.0,0.0,0.0,0.0
2019-01-04,2,0,154,0.0,0.0,0.0,0.0,0.0
2019-01-04,2,0,157,62.91,62.91,0.0,890.134556,0.0
2019-01-04,2,0,158,0.0,0.0,0.0,0.0,0.0
2019-01-04,2,0,159,0.0,0.0,0.0,0.0,0.0
2019-01-04,2,0,160,0.0,0.0,0.0,0.0,0.0
2019-01-04,2,0,161,0.0,0.0,0.0,0.0,0.0
2019-01-04,2,0,162,31.43,31.43,0.0,590.402213,0.0
2019-01-04,2,0,163,26.36,26.36,0.0,445.411824,0.0
2019-01-04,2,0,164,0.0,0.0,0.0,0.0,0.0
2019-01-04,2,0,167,0.0,0.0,0.0,0.0,0.0
2019-01-04,2,0,168,0.0,0.0,0.0,0.0,0.0
2019-01-04,2,0,169,0.0,0.0,0.0,0.0,0.0
2019-01-04,2,0,170,0.0,0.0,0.0,0.0,0.0
2019-01-04,2,0,172,0.0,0.0,0.0,0.0,0.0
2019-01-04,2,0,173,0.0,0.0,0.0,0.0,0.0
2019-01-04,2,0,188,0.0,0.0,0.0,0.0,0.0
2019-01-04,2,0,190,0.0,0.0,0.0,0.0,0.0
2019-01-04,2,0,191,0.0,0.0,0.0,0.0,0.0
2019-01-04,2,0,192,46.43,46.43,0.0,868.788168,0.0
2019-01-04,2,0,194,37.35,37.35,0.0,425.575113,0.0
2019-01-04,2,0,196,0.0,0.0,0.0,0.0,0.0
2019-01-04,2,0,198,0.0,0.0,0.0,0.0,0.0
2019-01-04,2,0,199,6.43,6.43,0.0,70.414739,0.0
2019-01-04,2,0,200,0.0,0.0,0.0,0.0,0.0
2019-01-04,2,0,204,251.86,251.86,0.0,3258.903796,0.0
2019-01-04,2,0,205,312.72,312.72,0.0,4055.986173,0.0
2019-01-04,2,0,206,168.28,168.28,0.0,2148.253143,0.0
2019-01-04,2,0,210,0.0,0.0,0.0,0.0,0.0
2019-01-04,2,0,214,0.0,0.0,0.0,0.0,0.0
2019-01-04,2,0,217,0.0,0.0,0.0,0.0,0.0
2019-01-04,2,0,218,0.0,0.0,0.0,0.0,0.0
2019-01-04,2,0,219,0.0,0.0,0.0,0.0,0.0
2019-01-04,2,0,221,0.0,0.0,0.0,0.0,0.0
2019-01-04,2,0,225,0.0,0.0,0.0,0.0,0.0
2019-01-04,2,0,233,0.0,0.0,0.0,0.0,0.0
2019-01-04,2,0,236,3.32,3.32,0.0,45.027689,0.0
2019-01-04,2,0,237,7.0,7.0,0.0,93.590368,0.0
2019-01-04,2,0,238,0.0,0.0,0.0,0.0,0.0
2019-01-04,2,0,240,0.0,0.0,0.0,0.0,0.0
2019-01-04,2,0,245,5.73,5.73,0.0,79.198495,0.0
2019-01-04,2,0,247,9.58,9.58,0.0,132.412143,0.0
2019-01-04,2,0,248,0.7,0.7,0.0,9.359037,0.0
2019-01-04,2,0,249,11.03,11.03,0.0,152.453647,0.0
2019-01-04,2,0,251,0.0,0.0,0.0,0.0,0.0
2019-01-04,2,0,252,10.13,10.13,0.0,139.319218,0.0
2019-01-04,2,0,254,0.0,0.0,0.0,0.0,0.0
2019-01-04,2,0,255,0.0,0.0,0.0,0.0,0.0
2019-01-04,2,0,258,0.0,0.0,0.0,0.0,0.0
2019-01-04,2,0,260,0.0,0.0,0.0,0.0,0.0
2019-01-04,2,0,265,0.0,0.0,0.0,0.0,0.0
2019-01-04,2,0,266,25.54,25.54,0.0,330.905791,0.0
2019-01-04,2,0,267,31.39,31.39,0.0,406.700578,0.0
2019-01-04,2,0,270,82.32,82.32,0.0,1390.982599,0.0
2019-01-04,2,0,272,63.32,63.32,0.0,777.820771,0.0
2019-01-04,2,0,273,0.0,0.0,0.0,0.0,0.0
2019-01-04,2,0,274,106.12,106.12,0.0,1793.137432,0.0
2019-01-04,2,0,275,147.72,147.72,0.0,2496.063527,0.0
2019-01-04,2,0,276,0.0,0.0,0.0,0.0,0.0
2019-01-04,2,0,277,0.0,0.0,0.0,0.0,0.0
2019-01-04,2,0,278,0.0,0.0,0.0,0.0,0.0
2019-01-04,2,0,279,35.65,35.65,0.0,441.320841,0.0
2019-01-04,2,0,281,8.4,8.4,0.0,107.257628,0.0
2019-01-04,2,0,282,0.0,0.0,0.0,0.0,0.0
2019-01-04,3,0,9,0.0,0.0,0.0,0.0,0.0
2019-01-04,3,0,17,0.0,0.0,0.0,0.0,0.0
2019-01-04,3,0,19,45.35,45.35,0.0,624.889657,0.0
2019-01-04,3,0,20,55.0,55.0,0.0,757.859562,0.0
2019-01-04,3,0,21,0.0,0.0,0.0,0.0,0.0
2019-01-04,3,0,22,0.0,0.0,0.0,0.0,0.0
2019-01-04,3,0,23,54.17,54.17,0.0,615.846619,0.0
2019-01-04,3,0,24,95.84,95.84,0.0,1089.583532,0.0
2019-01-04,3,0,29,0.0,0.0,0.0,0.0,0.0
2019-01-04,3,0,30,0.0,0.0,0.0,0.0,0.0
2019-01-04,3,0,31,19.42,19.42,0.0,220.568425,0.0
2019-01-04,3,0,32,0.0,0.0,0.0,0.0,0.0
2019-01-04,3,0,33,0.0,0.0,0.0,0.0,0.0
2019-01-04,3,0,34,0.0,0.0,0.0,0.0,0.0
2019-01-04,3,0,35,0.0,0.0,0.0,0.0,0.0
2019-01-04,3,0,36,0.0,0.0,0.0,0.0,0.0
2019-01-04,3,0,37,0.0,0.0,0.0,0.0,0.0
2019-01-04,3,0,38,0.0,0.0,0.0,0.0,0.0
2019-01-04,3,0,39,0.0,0.0,0.0,0.0,0.0
2019-01-04,3,0,40,0.0,0.0,0.0,0.0,0.0
2019-01-04,3,0,41,36.09,36.09,0.0,432.841481,0.0
2019-01-04,3,0,42,0.0,0.0,0.0,0.0,0.0
2019-01-04,3,0,43,0.0,0.0,0.0,0.0,0.0
2019-01-04,3,0,46,0.0,0.0,0.0,0.0,0.0
2019-01-04,3,0,52,20.58,20.58,0.0,233.74347,0.0
2019-01-04,3,0,53,32.7,32.7,0.0,371.399973,0.0
2019-01-04,3,0,55,338.16,338.16,0.0,3844.465435,0.0
2019-01-04,3,0,56,0.0,0.0,0.0,0.0,0.0
2019-01-04,3,0,57,0.0,0.0,0.0,0.0,0.0
2019-01-04,3,0,58,0.0,0.0,0.0,0.0,0.0
2019-01-04,3,0,59,0.0,0.0,0.0,0.0,0.0
2019-01-04,3,0,63,48.05,48.05,0.0,1306.437216,0.0
2019-01-04,3,0,64,56.53,56.53,0.0,1537.000954,0.0
2019-01-04,3,0,65,1.98,1.98,0.0,27.231199,0.0
2019-01-04,3,0,67,0.0,0.0,0.0,0.0,0.0
2019-01-04,3,0,68,2.45,2.45,0.0,29.644559,0.0
2019-01-04,3,0,69,0.0,0.0,0.0,0.0,0.0
2019-01-04,3,0,74,3.5,3.5,0.0,45.677747,0.0
2019-01-04,3,0,77,69.51,69.51,0.0,717.680173,0.0
2019-01-04,3,0,78,52.55,52.55,0.0,542.570754,0.0
2019-01-04,3,0,79,30.41,30.41,0.0,313.978623,0.0
2019-01-04,3,0,80,49.18,49.18,0.0,507.776016,0.0
2019-01-04,3,0,81,64.3,64.3,0.0,663.887716,0.0
2019-01-04,3,0,82,45.35,45.35,0.0,468.231849,0.0
2019-01-04,3,0,83,101.14,101.14,0.0,1044.25511,0.0
2019-01-04,3,0,84,0.0,0.0,0.0,0.0,0.0
2019-01-04,3,0,86,0.0,0.0,0.0,0.0,0.0
2019-01-04,3,0,87,0.0,0.0,0.0,0.0,0.0
2019-01-04,3,0,88,47.53,47.53,0.0,490.740017,0.0
2019-01-04,3,0,89,45.69,45.69,0.0,471.742297,0.0
2019-01-04,3,0,90,61.35,61.35,0.0,633.429415,0.0
2019-01-04,3,0,91,218.83,218.83,0.0,2259.386451,0.0
2019-01-04,3,0,92,78.7,78.7,0.0,812.565524,0.0
2019-01-04,3,0,95,21.84,21.84,0.0,592.963915,0.0
2019-01-04,3,0,96,9.77,9.77,0.0,110.853577,0.0
2019-01-04,3,0,97,60.06,60.06,0.0,681.460168,0.0
2019-01-04,3,0,99,0.68,0.68,0.0,8.874534,0.0
2019-01-04,3,0,101,0.0,0.0,0.0,0.0,0.0
2019-01-04,3,0,102,5.8,5.8,0.0,70.178956,0.0
2019-01-04,3,0,103,5.04,5.04,0.0,60.983093,0.0
2019-01-04,3,0,104,0.94,0.94,0.0,11.373831,0.0
2019-01-04,3,0,106,0.0,0.0,0.0,0.0,0.0
2019-01-04,3,0,109,77.05,77.05,0.0,945.925109,0.0
2019-01-04,3,0,110,68.94,68.94,0.0,1454.796135,0.0
2019-01-04,3,0,111,0.0,0.0,0.0,0.0,0.0
2019-01-04,3,0,113,17.36,17.36,0.0,167.413168,0.0
2019-01-04,3,0,115,17.36,17.36,0.0,167.413168,0.0
2019-01-04,3,0,116,0.0,0.0,0.0,0.0,0.0
2019-01-04,3,0,117,0.89,0.89,0.0,8.582818,0.0
2019-01-04,3,0,119,56.53,56.53,0.0,1537.000954,0.0
2019-01-04,3,0,120,33.24,33.24,0.0,903.766349,0.0
2019-01-04,3,0,123,0.0,0.0,0.0,0.0,0.0
2019-01-04,3,0,125,86.73,86.73,0.0,986.013979,0.0
2019-01-04,3,0,126,0.0,0.0,0.0,0.0,0.0
2019-01-04,3,0,127,0.0,0.0,0.0,0.0,0.0
2019-01-04,3,0,128,124.22,124.22,0.0,1412.229407,0.0
2019-01-04,3,0,131,9.92,9.92,0.0,114.159023,0.0
2019-01-04,3,0,132,14.58,14.58,0.0,167.786145,0.0
2019-01-04,3,0,133,5.09,5.09,0.0,70.14899,0.0
2019-01-04,3,0,134,0.0,0.0,0.0,0.0,0.0
2019-01-04,3,0,135,6.81,6.81,0.0,93.853561,0.0
2019-01-04,3,0,136,3.62,3.62,0.0,49.781141,0.0
2019-01-04,3,0,139,46.61,46.61,0.0,559.011954,0.0
2019-01-04,3,0,140,51.02,51.02,0.0,1076.641991,0.0
2019-01-04,3,0,141,97.45,97.45,0.0,1395.087099,0.0
2019-01-04,3,0,142,0.0,0.0,0.0,0.0,0.0
2019-01-04,3,0,143,28.15,28.15,0.0,319.721995,0.0
2019-01-04,3,0,145,9.35,9.35,0.0,109.393988,0.0
2019-01-04,3,0,146,112.31,112.31,0.0,2370.005134,0.0
2019-01-04,3,0,152,0.0,0.0,0.0,0.0,0.0
2019-01-04,3,0,153,0.0,0.0,0.0,0.0,0.0
2019-01-04,3,0,154,0.0,0.0,0.0,0.0,0.0
2019-01-04,3,0,157,80.91,80.91,0.0,1158.301664,0.0
2019-01-04,3,0,158,0.0,0.0,0.0,0.0,0.0
2019-01-04,3,0,159,0.0,0.0,0.0,0.0,0.0
2019-01-04,3,0,160,0.0,0.0,0.0,0.0,0.0
2019-01-04,3,0,161,0.0,0.0,0.0,0.0,0.0
2019-01-04,3,0,162,25.69,25.69,0.0,697.624854,0.0
2019-01-04,3,0,163,38.45,38.45,0.0,811.385428,0.0
2019-01-04,3,0,164,0.0,0.0,0.0,0.0,0.0
2019-01-04,3,0,167,0.0,0.0,0.0,0.0,0.0
2019-01-04,3,0,168,0.0,0.0,0.0,0.0,0.0
2019-01-04,3,0,169,0.0,0.0,0.0,0.0,0.0
2019-01-04,3,0,170,0.0,0.0,0.0,0.0,0.0
2019-01-04,3,0,172,0.0,0.0,0.0,0.0,0.0
2019-01-04,3,0,173,0.0,0.0,0.0,0.0,0.0
2019-01-04,3,0,188,0.0,0.0,0.0,0.0,0.0
2019-01-04,3,0,190,0.0,0.0,0.0,0.0,0.0
2019-01-04,3,0,191,0.0,0.0,0.0,0.0,0.0
2019-01-04,3,0,192,40.92,40.92,0.0,1112.57879,0.0
2019-01-04,3,0,194,40.7,40.7,0.0,299.488586,0.0
2019-01-04,3,0,196,0.0,0.0,0.0,0.0,0.0
2019-01-04,3,0,198,0.0,0.0,0.0,0.0,0.0
2019-01-04,3,0,199,6.21,6.21,0.0,59.095786,0.0
2019-01-04,3,0,200,0.0,0.0,0.0,0.0,0.0
2019-01-04,3,0,204,292.93,292.93,0.0,3576.567886,0.0
2019-01-04,3,0,205,407.6,407.6,0.0,5004.011351,0.0
2019-01-04,3,0,206,176.48,176.48,0.0,2002.399108,0.0
2019-01-04,3,0,210,0.0,0.0,0.0,0.0,0.0
2019-01-04,3,0,214,0.0,0.0,0.0,0.0,0.0
2019-01-04,3,0,217,0.0,0.0,0.0,0.0,0.0
2019-01-04,3,0,218,0.0,0.0,0.0,0.0,0.0
2019-01-04,3,0,219,0.0,0.0,0.0,0.0,0.0
2019-01-04,3,0,221,0.0,0.0,0.0,0.0,0.0
2019-01-04,3,0,225,0.0,0.0,0.0,0.0,0.0
2019-01-04,3,0,233,0.0,0.0,0.0,0.0,0.0
2019-01-04,3,0,236,5.18,5.18,0.0,69.497851,0.0
2019-01-04,3,0,237,8.39,8.39,0.0,109.496084,0.0
2019-01-04,3,0,238,0.0,0.0,0.0,0.0,0.0
2019-01-04,3,0,240,0.0,0.0,0.0,0.0,0.0
2019-01-04,3,0,245,6.67,6.67,0.0,92.548692,0.0
2019-01-04,3,0,247,10.98,10.98,0.0,152.351519,0.0
2019-01-04,3,0,248,0.84,0.84,0.0,10.962659,0.0
2019-01-04,3,0,249,12.83,12.83,0.0,178.020946,0.0
2019-01-04,3,0,251,8.03,8.03,0.0,110.093098,0.0
2019-01-04,3,0,252,12.79,12.79,0.0,175.902546,0.0
2019-01-04,3,0,254,0.0,0.0,0.0,0.0,0.0
2019-01-04,3,0,255,0.0,0.0,0.0,0.0,0.0
2019-01-04,3,0,258,0.0,0.0,0.0,0.0,0.0
2019-01-04,3,0,260,0.0,0.0,0.0,0.0,0.0
2019-01-04,3,0,265,0.0,0.0,0.0,0.0,0.0
2019-01-04,3,0,266,30.18,30.18,0.0,361.96054,0.0
2019-01-04,3,0,267,37.09,37.09,0.0,444.834872,0.0
2019-01-04,3,0,270,120.08,120.08,0.0,2533.970408,0.0
2019-01-04,3,0,272,70.89,70.89,0.0,683.635913,0.0
2019-01-04,3,0,273,0.0,0.0,0.0,0.0,0.0
2019-01-04,3,0,274,154.79,154.79,0.0,3266.43304,0.0
2019-01-04,3,0,275,215.47,215.47,0.0,4546.923749,0.0
2019-01-04,3,0,276,0.0,0.0,0.0,0.0,0.0
2019-01-04,3,0,277,0.0,0.0,0.0,0.0,0.0
2019-01-04,3,0,278,0.0,0.0,0.0,0.0,0.0
2019-01-04,3,0,279,53.88,53.88,0.0,534.313554,0.0
2019-01-04,3,0,281,8.71,8.71,0.0,98.926415,0.0
2019-01-04,3,0,282,0.0,0.0,0.0,0.0,0.0
2019-01-04,4,0,9,0.0,0.0,0.0,0.0,0.0
2019-01-04,4,0,17,0.0,0.0,0.0,0.0,0.0
2019-01-04,4,0,19,65.74,65.74,0.0,973.759601,0.0
2019-01-04,4,0,20,79.72,79.72,0.0,1180.835342,0.0
2019-01-04,4,0,21,0.0,0.0,0.0,0.0,0.0
2019-01-04,4,0,22,0.0,0.0,0.0,0.0,0.0
2019-01-04,4,0,23,50.5,50.5,0.0,627.058374,0.0
2019-01-04,4,0,24,83.45,83.45,0.0,1036.198441,0.0
2019-01-04,4,0,29,0.0,0.0,0.0,0.0,0.0
2019-01-04,4,0,30,0.0,0.0,0.0,0.0,0.0
2019-01-04,4,0,31,20.02,20.02,0.0,248.385436,0.0
2019-01-04,4,0,32,0.0,0.0,0.0,0.0,0.0
2019-01-04,4,0,33,0.0,0.0,0.0,0.0,0.0
2019-01-04,4,0,34,0.0,0.0,0.0,0.0,0.0
2019-01-04,4,0,35,0.0,0.0,0.0,0.0,0.0
2019-01-04,4,0,36,0.0,0.0,0.0,0.0,0.0
2019-01-04,4,0,37,0.0,0.0,0.0,0.0,0.0
2019-01-04,4,0,38,0.0,0.0,0.0,0.0,0.0
2019-01-04,4,0,39,0.0,0.0,0.0,0.0,0.0
2019-01-04,4,0,40,0.0,0.0,0.0,0.0,0.0
2019-01-04,4,0,41,42.33,42.33,0.0,550.573892,0.0
2019-01-04,4,0,42,0.0,0.0,0.0,0.0,0.0
2019-01-04,4,0,43,0.0,0.0,0.0,0.0,0.0
2019-01-04,4,0,46,0.0,0.0,0.0,0.0,0.0
2019-01-04,4,0,52,21.22,21.22,0.0,263.273674,0.0
2019-01-04,4,0,53,33.71,33.71,0.0,418.235417,0.0
2019-01-04,4,0,55,348.25,348.25,0.0,4324.219378,0.0
2019-01-04,4,0,56,0.0,0.0,0.0,0.0,0.0
2019-01-04,4,0,57,0.0,0.0,0.0,0.0,0.0
2019-01-04,4,0,58,0.0,0.0,0.0,0.0,0.0
2019-01-04,4,0,59,0.0,0.0,0.0,0.0,0.0
2019-01-04,4,0,63,37.26,37.26,0.0,1013.066611,0.0
2019-01-04,4,0,64,43.84,43.84,0.0,1191.971021,0.0
2019-01-04,4,0,65,2.48,2.48,0.0,36.666013,0.0
2019-01-04,4,0,67,0.0,0.0,0.0,0.0,0.0
2019-01-04,4,0,68,3.17,3.17,0.0,31.20429,0.0
2019-01-04,4,0,69,0.0,0.0,0.0,0.0,0.0
2019-01-04,4,0,74,4.53,4.53,0.0,63.635409,0.0
2019-01-04,4,0,77,78.36,78.36,0.0,897.727416,0.0
2019-01-04,4,0,78,59.24,59.24,0.0,678.680094,0.0
2019-01-04,4,0,79,34.28,34.28,0.0,392.727104,0.0
2019-01-04,4,0,80,55.44,55.44,0.0,635.145584,0.0
2019-01-04,4,0,81,72.48,72.48,0.0,830.363491,0.0
2019-01-04,4,0,82,51.13,51.13,0.0,585.768285,0.0
2019-01-04,4,0,83,114.01,114.01,0.0,1306.149856,0.0
2019-01-04,4,0,84,0.0,0.0,0.0,0.0,0.0
2019-01-04,4,0,86,0.0,0.0,0.0,0.0,0.0
2019-01-04,4,0,87,0.0,0.0,0.0,0.0,0.0
2019-01-04,4,0,88,59.75,59.75,0.0,684.522883,0.0
2019-01-04,4,0,89,57.44,57.44,0.0,658.058484,0.0
2019-01-04,4,0,90,77.12,77.12,0.0,883.521418,0.0
2019-01-04,4,0,91,275.12,275.12,0.0,3151.898504,0.0
2019-01-04,4,0,92,98.94,98.94,0.0,1133.501156,0.0
2019-01-04,4,0,95,41.18,41.18,0.0,1064.806118,0.0
2019-01-04,4,0,96,10.52,10.52,0.0,130.408818,0.0
2019-01-04,4,0,97,64.71,64.71,0.0,802.162983,0.0
2019-01-04,4,0,99,0.87,0.87,0.0,12.22137,0.0
2019-01-04,4,0,101,0.0,0.0,0.0,0.0,0.0
2019-01-04,4,0,102,7.51,7.51,0.0,73.925621,0.0
2019-01-04,4,0,103,6.53,6.53,0.0,64.278869,0.0
2019-01-04,4,0,104,1.21,1.21,0.0,11.910786,0.0
2019-01-04,4,0,106,0.0,0.0,0.0,0.0,0.0
2019-01-04,4,0,109,90.08,90.08,0.0,1193.070044,0.0
2019-01-04,4,0,110,98.25,98.25,0.0,224.846974,0.0
2019-01-04,4,0,111,0.0,0.0,0.0,0.0,0.0
2019-01-04,4,0,113,13.4,13.4,0.0,155.75397,0.0
2019-01-04,4,0,115,13.4,13.4,0.0,155.75397,0.0
2019-01-04,4,0,116,0.0,0.0,0.0,0.0,0.0
2019-01-04,4,0,117,0.89,0.89,0.0,10.344853,0.0
2019-01-04,4,0,119,43.84,43.84,0.0,1191.971021,0.0
2019-01-04,4,0,120,25.78,25.78,0.0,700.935514,0.0
2019-01-04,4,0,123,0.0,0.0,0.0,0.0,0.0
2019-01-04,4,0,125,76.57,76.57,0.0,950.769498,0.0
2019-01-04,4,0,126,0.0,0.0,0.0,0.0,0.0
2019-01-04,4,0,127,0.0,0.0,0.0,0.0,0.0
2019-01-04,4,0,128,103.99,103.99,0.0,1291.24357,0.0
2019-01-04,4,0,131,10.45,10.45,0.0,108.056348,0.0
2019-01-04,4,0,132,15.36,15.36,0.0,158.82732,0.0
2019-01-04,4,0,133,8.7,8.7,0.0,128.889502,0.0
2019-01-04,4,0,134,0.0,0.0,0.0,0.0,0.0
2019-01-04,4,0,135,12.0,12.0,0.0,177.778624,0.0
2019-01-04,4,0,136,4.76,4.76,0.0,70.367877,0.0
2019-01-04,4,0,139,54.66,54.66,0.0,710.946585,0.0
2019-01-04,4,0,140,72.72,72.72,0.0,166.421088,0.0
2019-01-04,4,0,141,100.39,100.39,0.0,801.495983,0.0
2019-01-04,4,0,142,0.0,0.0,0.0,0.0,0.0
2019-01-04,4,0,143,28.21,28.21,0.0,349.99766,0.0
2019-01-04,4,0,145,10.13,10.13,0.0,128.84309,0.0
2019-01-04,4,0,146,129.94,129.94,0.0,297.370135,0.0
2019-01-04,4,0,152,0.0,0.0,0.0,0.0,0.0
2019-01-04,4,0,153,0.0,0.0,0.0,0.0,0.0
2019-01-04,4,0,154,0.0,0.0,0.0,0.0,0.0
2019-01-04,4,0,157,102.9,102.9,0.0,821.535379,0.0
2019-01-04,4,0,158,0.0,0.0,0.0,0.0,0.0
2019-01-04,4,0,159,0.0,0.0,0.0,0.0,0.0
2019-01-04,4,0,160,0.0,0.0,0.0,0.0,0.0
2019-01-04,4,0,161,0.0,0.0,0.0,0.0,0.0
2019-01-04,4,0,162,20.63,20.63,0.0,533.763932,0.0
2019-01-04,4,0,163,54.19,54.19,0.0,124.014835,0.0
2019-01-04,4,0,164,0.0,0.0,0.0,0.0,0.0
2019-01-04,4,0,167,0.0,0.0,0.0,0.0,0.0
2019-01-04,4,0,168,0.0,0.0,0.0,0.0,0.0
2019-01-04,4,0,169,0.0,0.0,0.0,0.0,0.0
2019-01-04,4,0,170,0.0,0.0,0.0,0.0,0.0
2019-01-04,4,0,172,0.0,0.0,0.0,0.0,0.0
2019-01-04,4,0,173,0.0,0.0,0.0,0.0,0.0
2019-01-04,4,0,188,0.0,0.0,0.0,0.0,0.0
2019-01-04,4,0,190,0.0,0.0,0.0,0.0,0.0
2019-01-04,4,0,191,0.0,0.0,0.0,0.0,0.0
2019-01-04,4,0,192,35.62,35.62,0.0,968.476454,0.0
2019-01-04,4,0,194,44.59,44.59,0.0,586.964199,0.0
2019-01-04,4,0,196,0.0,0.0,0.0,0.0,0.0
2019-01-04,4,0,198,0.0,0.0,0.0,0.0,0.0
2019-01-04,4,0,199,6.7,6.7,0.0,77.357245,0.0
2019-01-04,4,0,200,0.0,0.0,0.0,0.0,0.0
2019-01-04,4,0,204,343.58,343.58,0.0,4527.219633,0.0
2019-01-04,4,0,205,476.52,476.52,0.0,6311.29815,0.0
2019-01-04,4,0,206,190.13,190.13,0.0,2356.903848,0.0
2019-01-04,4,0,210,0.0,0.0,0.0,0.0,0.0
2019-01-04,4,0,214,0.0,0.0,0.0,0.0,0.0
2019-01-04,4,0,217,0.0,0.0,0.0,0.0,0.0
2019-01-04,4,0,218,0.0,0.0,0.0,0.0,0.0
2019-01-04,4,0,219,0.0,0.0,0.0,0.0,0.0
2019-01-04,4,0,221,0.0,0.0,0.0,0.0,0.0
2019-01-04,4,0,225,0.0,0.0,0.0,0.0,0.0
2019-01-04,4,0,233,0.0,0.0,0.0,0.0,0.0
2019-01-04,4,0,236,7.73,7.73,0.0,111.532268,0.0
2019-01-04,4,0,237,10.87,10.87,0.0,152.696888,0.0
2019-01-04,4,0,238,0.0,0.0,0.0,0.0,0.0
2019-01-04,4,0,240,0.0,0.0,0.0,0.0,0.0
2019-01-04,4,0,245,8.05,8.05,0.0,120.055973,0.0
2019-01-04,4,0,247,12.62,12.62,0.0,188.211973,0.0
2019-01-04,4,0,248,1.09,1.09,0.0,15.311831,0.0
2019-01-04,4,0,249,15.48,15.48,0.0,230.865399,0.0
2019-01-04,4,0,251,10.65,10.65,0.0,156.974235,0.0
2019-01-04,4,0,252,15.98,15.98,0.0,236.25923,0.0
2019-01-04,4,0,254,0.0,0.0,0.0,0.0,0.0
2019-01-04,4,0,255,0.0,0.0,0.0,0.0,0.0
2019-01-04,4,0,258,0.0,0.0,0.0,0.0,0.0
2019-01-04,4,0,260,0.0,0.0,0.0,0.0,0.0
2019-01-04,4,0,265,0.0,0.0,0.0,0.0,0.0
2019-01-04,4,0,266,35.4,35.4,0.0,460.437415,0.0
2019-01-04,4,0,267,43.5,43.5,0.0,565.791739,0.0
2019-01-04,4,0,270,169.24,169.24,0.0,387.308924,0.0
2019-01-04,4,0,272,44.8,44.8,0.0,520.729692,0.0
2019-01-04,4,0,273,0.0,0.0,0.0,0.0,0.0
2019-01-04,4,0,274,218.17,218.17,0.0,499.28615,0.0
2019-01-04,4,0,275,303.69,303.69,0.0,695.000279,0.0
2019-01-04,4,0,276,0.0,0.0,0.0,0.0,0.0
2019-01-04,4,0,277,0.0,0.0,0.0,0.0,0.0
2019-01-04,4,0,278,0.0,0.0,0.0,0.0,0.0
2019-01-04,4,0,279,77.37,77.37,0.0,894.125273,0.0
2019-01-04,4,0,281,8.98,8.98,0.0,111.413647,0.0
2019-01-04,4,0,282,0.0,0.0,0.0,0.0,0.0
2019-01-04,5,0,9,0.0,0.0,0.0,0.0,0.0
2019-01-04,5,0,17,0.0,0.0,0.0,0.0,0.0
2019-01-04,5,0,19,110.25,110.25,0.0,1518.216219,0.0
2019-01-04,5,0,20,133.72,133.72,0.0,1841.413812,0.0
2019-01-04,5,0,21,0.0,0.0,0.0,0.0,0.0
2019-01-04,5,0,22,0.0,0.0,0.0,0.0,0.0
2019-01-04,5,0,23,48.92,48.92,0.0,607.181334,0.0
2019-01-04,5,0,24,86.56,86.56,0.0,1074.358469,0.0
2019-01-04,5,0,29,0.0,0.0,0.0,0.0,0.0
2019-01-04,5,0,30,0.0,0.0,0.0,0.0,0.0
2019-01-04,5,0,31,19.47,19.47,0.0,241.56166,0.0
2019-01-04,5,0,32,0.0,0.0,0.0,0.0,0.0
2019-01-04,5,0,33,0.0,0.0,0.0,0.0,0.0
2019-01-04,5,0,34,0.0,0.0,0.0,0.0,0.0
2019-01-04,5,0,35,0.0,0.0,0.0,0.0,0.0
2019-01-04,5,0,36,0.0,0.0,0.0,0.0,0.0
2019-01-04,5,0,37,0.0,0.0,0.0,0.0,0.0
2019-01-04,5,0,38,0.0,0.0,0.0,0.0,0.0
2019-01-04,5,0,39,0.0,0.0,0.0,0.0,0.0
2019-01-04,5,0,40,0.0,0.0,0.0,0.0,0.0
2019-01-04,5,0,41,39.3,39.3,0.0,499.529772,0.0
2019-01-04,5,0,42,0.0,0.0,0.0,0.0,0.0
2019-01-04,5,0,43,0.0,0.0,0.0,0.0,0.0
2019-01-04,5,0,46,0.0,0.0,0.0,0.0,0.0
2019-01-04,5,0,52,20.64,20.64,0.0,256.077692,0.0
2019-01-04,5,0,53,32.79,32.79,0.0,406.821102,0.0
2019-01-04,5,0,55,238.53,238.53,0.0,2960.567533,0.0
2019-01-04,5,0,56,0.0,0.0,0.0,0.0,0.0
2019-01-04,5,0,57,0.0,0.0,0.0,0.0,0.0
2019-01-04,5,0,58,0.0,0.0,0.0,0.0,0.0
2019-01-04,5,0,59,0.0,0.0,0.0,0.0,0.0
2019-01-04,5,0,63,38.19,38.19,0.0,1138.38045,0.0
2019-01-04,5,0,64,44.93,44.93,0.0,1339.288652,0.0
2019-01-04,5,0,65,2.59,2.59,0.0,35.620609,0.0
2019-01-04,5,0,67,0.0,0.0,0.0,0.0,0.0
2019-01-04,5,0,68,3.0,3.0,0.0,35.877415,0.0
2019-01-04,5,0,69,0.0,0.0,0.0,0.0,0.0
2019-01-04,5,0,74,5.42,5.42,0.0,72.030913,0.0
2019-01-04,5,0,77,68.75,68.75,0.0,821.910628,0.0
2019-01-04,5,0,78,51.98,51.98,0.0,621.42421,0.0
2019-01-04,5,0,79,30.08,30.08,0.0,359.608315,0.0
2019-01-04,5,0,80,48.64,48.64,0.0,581.494297,0.0
2019-01-04,5,0,81,63.59,63.59,0.0,760.222499,0.0
2019-01-04,5,0,82,44.86,44.86,0.0,536.304157,0.0
2019-01-04,5,0,83,100.03,100.03,0.0,1195.86502,0.0
2019-01-04,5,0,84,0.0,0.0,0.0,0.0,0.0
2019-01-04,5,0,86,0.0,0.0,0.0,0.0,0.0
2019-01-04,5,0,87,0.0,0.0,0.0,0.0,0.0
2019-01-04,5,0,88,53.41,53.41,0.0,638.519951,0.0
2019-01-04,5,0,89,51.34,51.34,0.0,613.772969,0.0
2019-01-04,5,0,90,68.93,68.93,0.0,824.062539,0.0
2019-01-04,5,0,91,245.9,245.9,0.0,2939.750158,0.0
2019-01-04,5,0,92,88.44,88.44,0.0,1057.305832,0.0
2019-01-04,5,0,95,23.68,23.68,0.0,688.663064,0.0
2019-01-04,5,0,96,9.8,9.8,0.0,121.537553,0.0
2019-01-04,5,0,97,60.28,60.28,0.0,747.579968,0.0
2019-01-04,5,0,99,1.05,1.05,0.0,13.954328,0.0
2019-01-04,5,0,101,0.0,0.0,0.0,0.0,0.0
2019-01-04,5,0,102,7.1,7.1,0.0,84.909883,0.0
2019-01-04,5,0,103,6.17,6.17,0.0,73.787884,0.0
2019-01-04,5,0,104,1.15,1.15,0.0,13.753009,0.0
2019-01-04,5,0,106,0.0,0.0,0.0,0.0,0.0
2019-01-04,5,0,109,79.22,79.22,0.0,1013.646512,0.0
2019-01-04,5,0,110,90.09,90.09,0.0,1092.656166,0.0
2019-01-04,5,0,111,0.0,0.0,0.0,0.0,0.0
2019-01-04,5,0,113,30.4,30.4,0.0,360.117401,0.0
2019-01-04,5,0,115,30.4,30.4,0.0,360.117401,0.0
2019-01-04,5,0,116,0.0,0.0,0.0,0.0,0.0
2019-01-04,5,0,117,1.46,1.46,0.0,17.295112,0.0
2019-01-04,5,0,119,44.93,44.93,0.0,1339.288652,0.0
2019-01-04,5,0,120,26.42,26.42,0.0,787.536305,0.0
2019-01-04,5,0,123,0.0,0.0,0.0,0.0,0.0
2019-01-04,5,0,125,78.33,78.33,0.0,972.210015,0.0
2019-01-04,5,0,126,0.0,0.0,0.0,0.0,0.0
2019-01-04,5,0,127,0.0,0.0,0.0,0.0,0.0
2019-01-04,5,0,128,112.2,112.2,0.0,1392.594966,0.0
2019-01-04,5,0,131,9.65,9.65,0.0,115.298242,0.0
2019-01-04,5,0,132,14.18,14.18,0.0,169.422702,0.0
2019-01-04,5,0,133,6.14,6.14,0.0,84.562051,0.0
2019-01-04,5,0,134,0.0,0.0,0.0,0.0,0.0
2019-01-04,5,0,135,8.74,8.74,0.0,120.370085,0.0
2019-01-04,5,0,136,4.88,4.88,0.0,67.110581,0.0
2019-01-04,5,0,139,50.75,50.75,0.0,645.067072,0.0
2019-01-04,5,0,140,66.68,66.68,0.0,808.728085,0.0
2019-01-04,5,0,141,87.21,87.21,0.0,1046.592226,0.0
2019-01-04,5,0,142,0.0,0.0,0.0,0.0,0.0
2019-01-04,5,0,143,49.1,49.1,0.0,609.177069,0.0
2019-01-04,5,0,145,9.48,9.48,0.0,118.99221,0.0
2019-01-04,5,0,146,119.4,119.4,0.0,1448.142371,0.0
2019-01-04,5,0,152,0.0,0.0,0.0,0.0,0.0
2019-01-04,5,0,153,0.0,0.0,0.0,0.0,0.0
2019-01-04,5,0,154,0.0,0.0,0.0,0.0,0.0
2019-01-04,5,0,157,88.97,88.97,0.0,1067.713684,0.0
2019-01-04,5,0,158,0.0,0.0,0.0,0.0,0.0
2019-01-04,5,0,159,0.0,0.0,0.0,0.0,0.0
2019-01-04,5,0,160,0.0,0.0,0.0,0.0,0.0
2019-01-04,5,0,161,0.0,0.0,0.0,0.0,0.0
2019-01-04,5,0,162,23.75,23.75,0.0,690.948078,0.0
2019-01-04,5,0,163,50.15,50.15,0.0,608.244053,0.0
2019-01-04,5,0,164,0.0,0.0,0.0,0.0,0.0
2019-01-04,5,0,167,0.0,0.0,0.0,0.0,0.0
2019-01-04,5,0,168,0.0,0.0,0.0,0.0,0.0
2019-01-04,5,0,169,0.0,0.0,0.0,0.0,0.0
2019-01-04,5,0,170,0.0,0.0,0.0,0.0,0.0
2019-01-04,5,0,172,0.0,0.0,0.0,0.0,0.0
2019-01-04,5,0,173,0.0,0.0,0.0,0.0,0.0
2019-01-04,5,0,188,0.0,0.0,0.0,0.0,0.0
2019-01-04,5,0,190,0.0,0.0,0.0,0.0,0.0
2019-01-04,5,0,191,0.0,0.0,0.0,0.0,0.0
2019-01-04,5,0,192,42.86,42.86,0.0,1277.585391,0.0
2019-01-04,5,0,194,46.02,46.02,0.0,539.039018,0.0
2019-01-04,5,0,196,0.0,0.0,0.0,0.0,0.0
2019-01-04,5,0,198,0.0,0.0,0.0,0.0,0.0
2019-01-04,5,0,199,8.04,8.04,0.0,90.95276,0.0
2019-01-04,5,0,200,0.0,0.0,0.0,0.0,0.0
2019-01-04,5,0,204,302.07,302.07,0.0,3853.01192,0.0
2019-01-04,5,0,205,419.1,419.1,0.0,5362.525287,0.0
2019-01-04,5,0,206,177.12,177.12,0.0,2196.60524,0.0
2019-01-04,5,0,210,0.0,0.0,0.0,0.0,0.0
2019-01-04,5,0,214,0.0,0.0,0.0,0.0,0.0
2019-01-04,5,0,217,0.0,0.0,0.0,0.0,0.0
2019-01-04,5,0,218,0.0,0.0,0.0,0.0,0.0
2019-01-04,5,0,219,0.0,0.0,0.0,0.0,0.0
2019-01-04,5,0,221,0.0,0.0,0.0,0.0,0.0
2019-01-04,5,0,225,0.0,0.0,0.0,0.0,0.0
2019-01-04,5,0,233,0.0,0.0,0.0,0.0,0.0
2019-01-04,5,0,236,9.03,9.03,0.0,122.140135,0.0
2019-01-04,5,0,237,12.99,12.99,0.0,172.634975,0.0
2019-01-04,5,0,238,0.0,0.0,0.0,0.0,0.0
2019-01-04,5,0,240,0.0,0.0,0.0,0.0,0.0
2019-01-04,5,0,245,10.56,10.56,0.0,146.099284,0.0
2019-01-04,5,0,247,14.59,14.59,0.0,201.854977,0.0
2019-01-04,5,0,248,1.3,1.3,0.0,17.276787,0.0
2019-01-04,5,0,249,20.31,20.31,0.0,280.99209,0.0
2019-01-04,5,0,251,14.18,14.18,0.0,194.611102,0.0
2019-01-04,5,0,252,16.68,16.68,0.0,229.402226,0.0
2019-01-04,5,0,254,0.0,0.0,0.0,0.0,0.0
2019-01-04,5,0,255,0.0,0.0,0.0,0.0,0.0
2019-01-04,5,0,258,0.0,0.0,0.0,0.0,0.0
2019-01-04,5,0,260,0.0,0.0,0.0,0.0,0.0
2019-01-04,5,0,265,0.0,0.0,0.0,0.0,0.0
2019-01-04,5,0,266,32.86,32.86,0.0,417.672985,0.0
2019-01-04,5,0,267,40.39,40.39,0.0,513.384415,0.0
2019-01-04,5,0,270,156.61,156.61,0.0,1899.443692,0.0
2019-01-04,5,0,272,104.51,104.51,0.0,1238.022026,0.0
2019-01-04,5,0,273,0.0,0.0,0.0,0.0,0.0
2019-01-04,5,0,274,201.89,201.89,0.0,2448.621971,0.0
2019-01-04,5,0,275,281.04,281.04,0.0,3408.592396,0.0
2019-01-04,5,0,276,0.0,0.0,0.0,0.0,0.0
2019-01-04,5,0,277,0.0,0.0,0.0,0.0,0.0
2019-01-04,5,0,278,0.0,0.0,0.0,0.0,0.0
2019-01-04,5,0,279,72.69,72.69,0.0,864.262707,0.0
2019-01-04,5,0,281,8.74,8.74,0.0,108.436,0.0
2019-01-04,5,0,282,0.0,0.0,0.0,0.0,0.0
2019-01-04,6,0,9,0.0,0.0,0.0,0.0,0.0
2019-01-04,6,0,17,0.0,0.0,0.0,0.0,0.0
2019-01-04,6,0,19,178.39,178.39,0.0,3698.932351,0.0
2019-01-04,6,0,20,216.35,216.35,0.0,4486.036292,0.0
2019-01-04,6,0,21,0.0,0.0,0.0,0.0,0.0
2019-01-04,6,0,22,0.0,0.0,0.0,0.0,0.0
2019-01-04,6,0,23,43.7,43.7,0.0,993.099314,0.0
2019-01-04,6,0,24,77.32,77.32,0.0,1757.126749,0.0
2019-01-04,6,0,29,0.0,0.0,0.0,0.0,0.0
2019-01-04,6,0,30,0.0,0.0,0.0,0.0,0.0
2019-01-04,6,0,31,18.95,18.95,0.0,430.188245,0.0
2019-01-04,6,0,32,0.0,0.0,0.0,0.0,0.0
2019-01-04,6,0,33,0.0,0.0,0.0,0.0,0.0
2019-01-04,6,0,34,0.0,0.0,0.0,0.0,0.0
2019-01-04,6,0,35,0.0,0.0,0.0,0.0,0.0
2019-01-04,6,0,36,0.0,0.0,0.0,0.0,0.0
2019-01-04,6,0,37,0.0,0.0,0.0,0.0,0.0
2019-01-04,6,0,38,0.0,0.0,0.0,0.0,0.0
2019-01-04,6,0,39,0.0,0.0,0.0,0.0,0.0
2019-01-04,6,0,40,0.0,0.0,0.0,0.0,0.0
2019-01-04,6,0,41,42.29,42.29,0.0,995.22097,0.0
2019-01-04,6,0,42,0.0,0.0,0.0,0.0,0.0
2019-01-04,6,0,43,0.0,0.0,0.0,0.0,0.0
2019-01-04,6,0,46,0.0,0.0,0.0,0.0,0.0
2019-01-04,6,0,52,20.09,20.09,0.0,456.067643,0.0
2019-01-04,6,0,53,31.9,31.9,0.0,724.16913,0.0
2019-01-04,6,0,55,90.49,90.49,0.0,2056.420066,0.0
2019-01-04,6,0,56,0.0,0.0,0.0,0.0,0.0
2019-01-04,6,0,57,0.0,0.0,0.0,0.0,0.0
2019-01-04,6,0,58,0.0,0.0,0.0,0.0,0.0
2019-01-04,6,0,59,0.0,0.0,0.0,0.0,0.0
2019-01-04,6,0,63,41.81,41.81,0.0,1246.286635,0.0
2019-01-04,6,0,64,49.19,49.19,0.0,1466.272174,0.0
2019-01-04,6,0,65,2.87,2.87,0.0,59.771969,0.0
2019-01-04,6,0,67,0.0,0.0,0.0,0.0,0.0
2019-01-04,6,0,68,2.92,2.92,0.0,50.114989,0.0
2019-01-04,6,0,69,0.0,0.0,0.0,0.0,0.0
2019-01-04,6,0,74,6.85,6.85,0.0,158.115085,0.0
2019-01-04,6,0,77,61.33,61.33,0.0,1245.292356,0.0
2019-01-04,6,0,78,46.37,46.37,0.0,941.532798,0.0
2019-01-04,6,0,79,26.83,26.83,0.0,544.777334,0.0
2019-01-04,6,0,80,43.39,43.39,0.0,881.024544,0.0
2019-01-04,6,0,81,56.73,56.73,0.0,1151.890353,0.0
2019-01-04,6,0,82,40.02,40.02,0.0,812.597425,0.0
2019-01-04,6,0,83,89.24,89.24,0.0,1811.998856,0.0
2019-01-04,6,0,84,0.0,0.0,0.0,0.0,0.0
2019-01-04,6,0,86,0.0,0.0,0.0,0.0,0.0
2019-01-04,6,0,87,0.0,0.0,0.0,0.0,0.0
2019-01-04,6,0,88,48.09,48.09,0.0,976.457026,0.0
2019-01-04,6,0,89,46.23,46.23,0.0,938.690129,0.0
2019-01-04,6,0,90,62.07,62.07,0.0,1260.317895,0.0
2019-01-04,6,0,91,221.42,221.42,0.0,4495.885103,0.0
2019-01-04,6,0,92,79.63,79.63,0.0,1616.869889,0.0
2019-01-04,6,0,95,31.49,31.49,0.0,887.785451,0.0
2019-01-04,6,0,96,9.09,9.09,0.0,206.12465,0.0
2019-01-04,6,0,97,55.92,55.92,0.0,1268.040749,0.0
2019-01-04,6,0,99,1.32,1.32,0.0,30.468892,0.0
2019-01-04,6,0,101,0.0,0.0,0.0,0.0,0.0
2019-01-04,6,0,102,6.92,6.92,0.0,118.765659,0.0
2019-01-04,6,0,103,6.02,6.02,0.0,103.319259,0.0
2019-01-04,6,0,104,1.12,1.12,0.0,19.222188,0.0
2019-01-04,6,0,106,0.0,0.0,0.0,0.0,0.0
2019-01-04,6,0,109,77.22,77.22,0.0,1943.529248,0.0
2019-01-04,6,0,110,91.0,91.0,0.0,238.831776,0.0
2019-01-04,6,0,111,0.0,0.0,0.0,0.0,0.0
2019-01-04,6,0,113,38.51,38.51,0.0,789.430808,0.0
2019-01-04,6,0,115,38.51,38.51,0.0,789.430808,0.0
2019-01-04,6,0,116,0.0,0.0,0.0,0.0,0.0
2019-01-04,6,0,117,1.53,1.53,0.0,31.364039,0.0
2019-01-04,6,0,119,49.19,49.19,0.0,1466.272174,0.0
2019-01-04,6,0,120,28.92,28.92,0.0,862.057151,0.0
2019-01-04,6,0,123,0.0,0.0,0.0,0.0,0.0
2019-01-04,6,0,125,69.97,69.97,0.0,1590.095171,0.0
2019-01-04,6,0,126,0.0,0.0,0.0,0.0,0.0
2019-01-04,6,0,127,0.0,0.0,0.0,0.0,0.0
2019-01-04,6,0,128,100.22,100.22,0.0,2277.53806,0.0
2019-01-04,6,0,131,9.22,9.22,0.0,167.052104,0.0
2019-01-04,6,0,132,13.56,13.56,0.0,245.686175,0.0
2019-01-04,6,0,133,7.62,7.62,0.0,157.935766,0.0
2019-01-04,6,0,134,0.0,0.0,0.0,0.0,0.0
2019-01-04,6,0,135,10.21,10.21,0.0,211.617345,0.0
2019-01-04,6,0,136,5.27,5.27,0.0,109.781936,0.0
2019-01-04,6,0,139,54.62,54.62,0.0,1285.385892,0.0
2019-01-04,6,0,140,67.35,67.35,0.0,176.761759,0.0
2019-01-04,6,0,141,77.07,77.07,0.0,1046.91021,0.0
2019-01-04,6,0,142,0.0,0.0,0.0,0.0,0.0
2019-01-04,6,0,143,80.26,80.26,0.0,1822.000451,0.0
2019-01-04,6,0,145,9.16,9.16,0.0,216.255738,0.0
2019-01-04,6,0,146,109.57,109.57,0.0,287.569205,0.0
2019-01-04,6,0,152,0.0,0.0,0.0,0.0,0.0
2019-01-04,6,0,153,0.0,0.0,0.0,0.0,0.0
2019-01-04,6,0,154,0.0,0.0,0.0,0.0,0.0
2019-01-04,6,0,157,76.37,76.37,0.0,1037.401488,0.0
2019-01-04,6,0,158,0.0,0.0,0.0,0.0,0.0
2019-01-04,6,0,159,0.0,0.0,0.0,0.0,0.0
2019-01-04,6,0,160,0.0,0.0,0.0,0.0,0.0
2019-01-04,6,0,161,0.0,0.0,0.0,0.0,0.0
2019-01-04,6,0,162,27.1,27.1,0.0,764.466601,0.0
2019-01-04,6,0,163,48.41,48.41,0.0,127.053256,0.0
2019-01-04,6,0,164,0.0,0.0,0.0,0.0,0.0
2019-01-04,6,0,167,0.0,0.0,0.0,0.0,0.0
2019-01-04,6,0,168,0.0,0.0,0.0,0.0,0.0
2019-01-04,6,0,169,0.0,0.0,0.0,0.0,0.0
2019-01-04,6,0,170,0.0,0.0,0.0,0.0,0.0
2019-01-04,6,0,172,0.0,0.0,0.0,0.0,0.0
2019-01-04,6,0,173,0.0,0.0,0.0,0.0,0.0
2019-01-04,6,0,188,0.0,0.0,0.0,0.0,0.0
2019-01-04,6,0,190,0.0,0.0,0.0,0.0,0.0
2019-01-04,6,0,191,0.0,0.0,0.0,0.0,0.0
2019-01-04,6,0,192,54.56,54.56,0.0,1626.342952,0.0
2019-01-04,6,0,194,47.63,47.63,0.0,1111.913721,0.0
2019-01-04,6,0,196,0.0,0.0,0.0,0.0,0.0
2019-01-04,6,0,198,0.0,0.0,0.0,0.0,0.0
2019-01-04,6,0,199,9.79,9.79,0.0,154.060264,0.0
2019-01-04,6,0,200,0.0,0.0,0.0,0.0,0.0
2019-01-04,6,0,204,304.0,304.0,0.0,7684.230422,0.0
2019-01-04,6,0,205,408.5,408.5,0.0,10281.425767,0.0
2019-01-04,6,0,206,164.31,164.31,0.0,3725.890119,0.0
2019-01-04,6,0,210,0.0,0.0,0.0,0.0,0.0
2019-01-04,6,0,214,0.0,0.0,0.0,0.0,0.0
2019-01-04,6,0,217,0.0,0.0,0.0,0.0,0.0
2019-01-04,6,0,218,0.0,0.0,0.0,0.0,0.0
2019-01-04,6,0,219,0.0,0.0,0.0,0.0,0.0
2019-01-04,6,0,221,0.0,0.0,0.0,0.0,0.0
2019-01-04,6,0,225,0.0,0.0,0.0,0.0,0.0
2019-01-04,6,0,233,0.0,0.0,0.0,0.0,0.0
2019-01-04,6,0,236,11.07,11.07,0.0,243.917705,0.0
2019-01-04,6,0,237,16.43,16.43,0.0,379.24538,0.0
2019-01-04,6,0,238,0.0,0.0,0.0,0.0,0.0
2019-01-04,6,0,240,0.0,0.0,0.0,0.0,0.0
2019-01-04,6,0,245,13.92,13.92,0.0,283.954761,0.0
2019-01-04,6,0,247,17.51,17.51,0.0,357.187347,0.0
2019-01-04,6,0,248,1.65,1.65,0.0,38.086115,0.0
2019-01-04,6,0,249,26.76,26.76,0.0,545.87855,0.0
2019-01-04,6,0,251,19.29,19.29,0.0,404.636773,0.0
2019-01-04,6,0,252,18.48,18.48,0.0,384.873169,0.0
2019-01-04,6,0,254,0.0,0.0,0.0,0.0,0.0
2019-01-04,6,0,255,0.0,0.0,0.0,0.0,0.0
2019-01-04,6,0,258,0.0,0.0,0.0,0.0,0.0
2019-01-04,6,0,260,0.0,0.0,0.0,0.0,0.0
2019-01-04,6,0,265,0.0,0.0,0.0,0.0,0.0
2019-01-04,6,0,266,35.37,35.37,0.0,832.370908,0.0
2019-01-04,6,0,267,43.46,43.46,0.0,1022.754867,0.0
2019-01-04,6,0,270,151.18,151.18,0.0,396.77569,0.0
2019-01-04,6,0,272,135.9,135.9,0.0,2785.864628,0.0
2019-01-04,6,0,273,0.0,0.0,0.0,0.0,0.0
2019-01-04,6,0,274,194.89,194.89,0.0,511.493678,0.0
2019-01-04,6,0,275,271.29,271.29,0.0,712.007389,0.0
2019-01-04,6,0,276,0.0,0.0,0.0,0.0,0.0
2019-01-04,6,0,277,0.0,0.0,0.0,0.0,0.0
2019-01-04,6,0,278,0.0,0.0,0.0,0.0,0.0
2019-01-04,6,0,279,69.05,69.05,0.0,1410.094777,0.0
2019-01-04,6,0,281,8.52,8.52,0.0,193.414451,0.0
2019-01-04,6,0,282,0.0,0.0,0.0,0.0,0.0
2019-01-04,7,0,9,0.0,0.0,0.0,0.0,0.0
2019-01-04,7,0,17,0.0,0.0,0.0,0.0,0.0
2019-01-04,7,0,19,276.33,276.33,0.0,6995.541074,0.0
2019-01-04,7,0,20,335.14,335.14,0.0,8484.368818,0.0
2019-01-04,7,0,21,0.0,0.0,0.0,0.0,0.0
2019-01-04,7,0,22,0.0,0.0,0.0,0.0,0.0
2019-01-04,7,0,23,39.78,39.78,0.0,1137.830985,0.0
2019-01-04,7,0,24,70.38,70.38,0.0,2013.085589,0.0
2019-01-04,7,0,29,0.0,0.0,0.0,0.0,0.0
2019-01-04,7,0,30,0.0,0.0,0.0,0.0,0.0
2019-01-04,7,0,31,45.44,45.44,0.0,1298.888718,0.0
2019-01-04,7,0,32,0.0,0.0,0.0,0.0,0.0
2019-01-04,7,0,33,0.0,0.0,0.0,0.0,0.0
2019-01-04,7,0,34,0.0,0.0,0.0,0.0,0.0
2019-01-04,7,0,35,0.0,0.0,0.0,0.0,0.0
2019-01-04,7,0,36,0.0,0.0,0.0,0.0,0.0
2019-01-04,7,0,37,0.0,0.0,0.0,0.0,0.0
2019-01-04,7,0,38,0.0,0.0,0.0,0.0,0.0
2019-01-04,7,0,39,0.0,0.0,0.0,0.0,0.0
2019-01-04,7,0,40,0.0,0.0,0.0,0.0,0.0
2019-01-04,7,0,41,38.31,38.31,0.0,1114.075403,0.0
2019-01-04,7,0,42,0.0,0.0,0.0,0.0,0.0
2019-01-04,7,0,43,0.0,0.0,0.0,0.0,0.0
2019-01-04,7,0,46,0.0,0.0,0.0,0.0,0.0
2019-01-04,7,0,52,48.17,48.17,0.0,1376.924946,0.0
2019-01-04,7,0,53,76.56,76.56,0.0,2188.444548,0.0
2019-01-04,7,0,55,84.44,84.44,0.0,2415.245058,0.0
2019-01-04,7,0,56,0.0,0.0,0.0,0.0,0.0
2019-01-04,7,0,57,0.0,0.0,0.0,0.0,0.0
2019-01-04,7,0,58,0.0,0.0,0.0,0.0,0.0
2019-01-04,7,0,59,0.0,0.0,0.0,0.0,0.0
2019-01-04,7,0,63,48.15,48.15,0.0,1802.136875,0.0
2019-01-04,7,0,64,56.64,56.64,0.0,2119.896835,0.0
2019-01-04,7,0,65,3.33,3.33,0.0,84.654043,0.0
2019-01-04,7,0,67,0.0,0.0,0.0,0.0,0.0
2019-01-04,7,0,68,2.96,2.96,0.0,69.334567,0.0
2019-01-04,7,0,69,0.0,0.0,0.0,0.0,0.0
2019-01-04,7,0,74,8.86,8.86,0.0,248.635374,0.0
2019-01-04,7,0,77,55.41,55.41,0.0,1481.117878,0.0
2019-01-04,7,0,78,41.89,41.89,0.0,1119.726185,0.0
2019-01-04,7,0,79,24.24,24.24,0.0,647.938953,0.0
2019-01-04,7,0,80,39.2,39.2,0.0,1047.822069,0.0
2019-01-04,7,0,81,51.26,51.26,0.0,1370.187736,0.0
2019-01-04,7,0,82,36.16,36.16,0.0,966.562398,0.0
2019-01-04,7,0,83,80.63,80.63,0.0,2155.252383,0.0
2019-01-04,7,0,84,0.0,0.0,0.0,0.0,0.0
2019-01-04,7,0,86,0.0,0.0,0.0,0.0,0.0
2019-01-04,7,0,87,0.0,0.0,0.0,0.0,0.0
2019-01-04,7,0,88,43.57,43.57,0.0,1164.632845,0.0
2019-01-04,7,0,89,41.89,41.89,0.0,1119.726185,0.0
2019-01-04,7,0,90,56.24,56.24,0.0,1503.303907,0.0
2019-01-04,7,0,91,200.63,200.63,0.0,5362.870961,0.0
2019-01-04,7,0,92,72.15,72.15,0.0,1928.58067,0.0
2019-01-04,7,0,95,36.0,36.0,0.0,1287.177218,0.0
2019-01-04,7,0,96,8.47,8.47,0.0,241.949588,0.0
2019-01-04,7,0,97,52.1,52.1,0.0,1488.261335,0.0
2019-01-04,7,0,99,1.71,1.71,0.0,47.987188,0.0
2019-01-04,7,0,101,0.0,0.0,0.0,0.0,0.0
2019-01-04,7,0,102,7.0,7.0,0.0,163.966881,0.0
2019-01-04,7,0,103,6.09,6.09,0.0,142.651186,0.0
2019-01-04,7,0,104,1.13,1.13,0.0,26.468939,0.0
2019-01-04,7,0,106,0.0,0.0,0.0,0.0,0.0
2019-01-04,7,0,109,84.0,84.0,0.0,2568.008184,0.0
2019-01-04,7,0,110,102.4,102.4,0.0,809.493129,0.0
2019-01-04,7,0,111,0.0,0.0,0.0,0.0,0.0
2019-01-04,7,0,113,21.06,21.06,0.0,570.611618,0.0
2019-01-04,7,0,115,21.06,21.06,0.0,570.611618,0.0
2019-01-04,7,0,116,0.0,0.0,0.0,0.0,0.0
2019-01-04,7,0,117,0.86,0.86,0.0,23.301329,0.0
2019-01-04,7,0,119,56.64,56.64,0.0,2119.896835,0.0
2019-01-04,7,0,120,33.31,33.31,0.0,1246.711928,0.0
2019-01-04,7,0,123,0.0,0.0,0.0,0.0,0.0
2019-01-04,7,0,125,63.69,63.69,0.0,1821.730906,0.0
2019-01-04,7,0,126,0.0,0.0,0.0,0.0,0.0
2019-01-04,7,0,127,0.0,0.0,0.0,0.0,0.0
2019-01-04,7,0,128,91.22,91.22,0.0,2609.174019,0.0
2019-01-04,7,0,131,9.08,9.08,0.0,221.952269,0.0
2019-01-04,7,0,132,13.35,13.35,0.0,326.328502,0.0
2019-01-04,7,0,133,10.93,10.93,0.0,276.593836,0.0
2019-01-04,7,0,134,0.0,0.0,0.0,0.0,0.0
2019-01-04,7,0,135,14.64,14.64,0.0,370.478844,0.0
2019-01-04,7,0,136,5.98,5.98,0.0,152.056089,0.0
2019-01-04,7,0,139,49.48,49.48,0.0,1438.905011,0.0
2019-01-04,7,0,140,75.79,75.79,0.0,599.135589,0.0
2019-01-04,7,0,141,69.94,69.94,0.0,1371.082608,0.0
2019-01-04,7,0,142,0.0,0.0,0.0,0.0,0.0
2019-01-04,7,0,143,55.3,55.3,0.0,1580.733849,0.0
2019-01-04,7,0,145,9.19,9.19,0.0,269.388263,0.0
2019-01-04,7,0,146,100.64,100.64,0.0,795.579966,0.0
2019-01-04,7,0,152,0.0,0.0,0.0,0.0,0.0
2019-01-04,7,0,153,0.0,0.0,0.0,0.0,0.0
2019-01-04,7,0,154,0.0,0.0,0.0,0.0,0.0
2019-01-04,7,0,157,65.07,65.07,0.0,1275.612601,0.0
2019-01-04,7,0,158,0.0,0.0,0.0,0.0,0.0
2019-01-04,7,0,159,0.0,0.0,0.0,0.0,0.0
2019-01-04,7,0,160,0.0,0.0,0.0,0.0,0.0
2019-01-04,7,0,161,0.0,0.0,0.0,0.0,0.0
2019-01-04,7,0,162,30.94,30.94,0.0,1106.767941,0.0
2019-01-04,7,0,163,48.42,48.42,0.0,382.770091,0.0
2019-01-04,7,0,164,0.0,0.0,0.0,0.0,0.0
2019-01-04,7,0,167,0.0,0.0,0.0,0.0,0.0
2019-01-04,7,0,168,0.0,0.0,0.0,0.0,0.0
2019-01-04,7,0,169,0.0,0.0,0.0,0.0,0.0
2019-01-04,7,0,170,0.0,0.0,0.0,0.0,0.0
2019-01-04,7,0,172,0.0,0.0,0.0,0.0,0.0
2019-01-04,7,0,173,0.0,0.0,0.0,0.0,0.0
2019-01-04,7,0,188,0.0,0.0,0.0,0.0,0.0
2019-01-04,7,0,190,0.0,0.0,0.0,0.0,0.0
2019-01-04,7,0,191,0.0,0.0,0.0,0.0,0.0
2019-01-04,7,0,192,71.12,71.12,0.0,2661.847862,0.0
2019-01-04,7,0,194,49.19,49.19,0.0,1489.380952,0.0
2019-01-04,7,0,196,0.0,0.0,0.0,0.0,0.0
2019-01-04,7,0,198,0.0,0.0,0.0,0.0,0.0
2019-01-04,7,0,199,12.14,12.14,0.0,264.518093,0.0
2019-01-04,7,0,200,0.0,0.0,0.0,0.0,0.0
2019-01-04,7,0,204,348.21,348.21,0.0,10695.694067,0.0
2019-01-04,7,0,205,444.37,444.37,0.0,13585.06901,0.0
2019-01-04,7,0,206,153.08,153.08,0.0,4372.803171,0.0
2019-01-04,7,0,210,0.0,0.0,0.0,0.0,0.0
2019-01-04,7,0,214,0.0,0.0,0.0,0.0,0.0
2019-01-04,7,0,217,0.0,0.0,0.0,0.0,0.0
2019-01-04,7,0,218,0.0,0.0,0.0,0.0,0.0
2019-01-04,7,0,219,0.0,0.0,0.0,0.0,0.0
2019-01-04,7,0,221,0.0,0.0,0.0,0.0,0.0
2019-01-04,7,0,225,0.0,0.0,0.0,0.0,0.0
2019-01-04,7,0,233,0.0,0.0,0.0,0.0,0.0
2019-01-04,7,0,236,13.99,13.99,0.0,375.13239,0.0
2019-01-04,7,0,237,21.25,21.25,0.0,596.33202,0.0
2019-01-04,7,0,238,0.0,0.0,0.0,0.0,0.0
2019-01-04,7,0,240,0.0,0.0,0.0,0.0,0.0
2019-01-04,7,0,245,18.26,18.26,0.0,455.168045,0.0
2019-01-04,7,0,247,21.52,21.52,0.0,536.430248,0.0
2019-01-04,7,0,248,2.13,2.13,0.0,59.773515,0.0
2019-01-04,7,0,249,35.11,35.11,0.0,875.188941,0.0
2019-01-04,7,0,251,26.22,26.22,0.0,671.107263,0.0
2019-01-04,7,0,252,21.5,21.5,0.0,546.565144,0.0
2019-01-04,7,0,254,0.0,0.0,0.0,0.0,0.0
2019-01-04,7,0,255,0.0,0.0,0.0,0.0,0.0
2019-01-04,7,0,258,0.0,0.0,0.0,0.0,0.0
2019-01-04,7,0,260,0.0,0.0,0.0,0.0,0.0
2019-01-04,7,0,265,0.0,0.0,0.0,0.0,0.0
2019-01-04,7,0,266,32.03,32.03,0.0,931.449626,0.0
2019-01-04,7,0,267,39.37,39.37,0.0,1144.900774,0.0
2019-01-04,7,0,270,151.22,151.22,0.0,1195.425303,0.0
2019-01-04,7,0,272,74.92,74.92,0.0,2029.92509,0.0
2019-01-04,7,0,273,0.0,0.0,0.0,0.0,0.0
2019-01-04,7,0,274,194.94,194.94,0.0,1541.040924,0.0
2019-01-04,7,0,275,271.35,271.35,0.0,2145.077741,0.0
2019-01-04,7,0,276,0.0,0.0,0.0,0.0,0.0
2019-01-04,7,0,277,0.0,0.0,0.0,0.0,0.0
2019-01-04,7,0,278,0.0,0.0,0.0,0.0,0.0
2019-01-04,7,0,279,67.04,67.04,0.0,1806.625383,0.0
2019-01-04,7,0,281,20.38,20.38,0.0,582.556164,0.0
2019-01-04,7,0,282,0.0,0.0,0.0,0.0,0.0
2019-01-04,8,0,9,0.0,0.0,0.0,0.0,0.0
2019-01-04,8,0,17,0.0,0.0,0.0,0.0,0.0
2019-01-04,8,0,19,253.49,253.49,0.0,4973.987392,0.0
2019-01-04,8,0,20,315.49,315.49,0.0,6190.553009,0.0
2019-01-04,8,0,21,0.0,0.0,0.0,0.0,0.0
2019-01-04,8,0,22,0.0,0.0,0.0,0.0,0.0
2019-01-04,8,0,23,38.27,38.27,0.0,991.695838,0.0
2019-01-04,8,0,24,67.71,67.71,0.0,1754.578657,0.0
2019-01-04,8,0,29,0.0,0.0,0.0,0.0,0.0
2019-01-04,8,0,30,0.0,0.0,0.0,0.0,0.0
2019-01-04,8,0,31,19.21,19.21,0.0,497.776548,0.0
2019-01-04,8,0,32,0.0,0.0,0.0,0.0,0.0
2019-01-04,8,0,33,0.0,0.0,0.0,0.0,0.0
2019-01-04,8,0,34,0.0,0.0,0.0,0.0,0.0
2019-01-04,8,0,35,0.0,0.0,0.0,0.0,0.0
2019-01-04,8,0,36,0.0,0.0,0.0,0.0,0.0
2019-01-04,8,0,37,0.0,0.0,0.0,0.0,0.0
2019-01-04,8,0,38,0.0,0.0,0.0,0.0,0.0
2019-01-04,8,0,39,0.0,0.0,0.0,0.0,0.0
2019-01-04,8,0,40,0.0,0.0,0.0,0.0,0.0
2019-01-04,8,0,41,16.44,16.44,0.0,418.485753,0.0
2019-01-04,8,0,42,0.0,0.0,0.0,0.0,0.0
2019-01-04,8,0,43,0.0,0.0,0.0,0.0,0.0
2019-01-04,8,0,46,0.0,0.0,0.0,0.0,0.0
2019-01-04,8,0,52,20.36,20.36,0.0,527.575768,0.0
2019-01-04,8,0,53,32.35,32.35,0.0,838.265034,0.0
2019-01-04,8,0,55,82.34,82.34,0.0,2133.687884,0.0
2019-01-04,8,0,56,0.0,0.0,0.0,0.0,0.0
2019-01-04,8,0,57,0.0,0.0,0.0,0.0,0.0
2019-01-04,8,0,58,0.0,0.0,0.0,0.0,0.0
2019-01-04,8,0,59,0.0,0.0,0.0,0.0,0.0
2019-01-04,8,0,63,27.66,27.66,0.0,1128.3731,0.0
2019-01-04,8,0,64,32.51,32.51,0.0,1326.225939,0.0
2019-01-04,8,0,65,2.07,2.07,0.0,40.886767,0.0
2019-01-04,8,0,67,0.0,0.0,0.0,0.0,0.0
2019-01-04,8,0,68,2.96,2.96,0.0,64.316147,0.0
2019-01-04,8,0,69,0.0,0.0,0.0,0.0,0.0
2019-01-04,8,0,74,8.42,8.42,0.0,194.24708,0.0
2019-01-04,8,0,77,42.42,42.42,0.0,1091.473123,0.0
2019-01-04,8,0,78,32.03,32.03,0.0,824.136825,0.0
2019-01-04,8,0,79,18.48,18.48,0.0,475.493242,0.0
2019-01-04,8,0,80,29.97,29.97,0.0,771.132708,0.0
2019-01-04,8,0,81,39.23,39.23,0.0,1009.393932,0.0
2019-01-04,8,0,82,27.63,27.63,0.0,710.924148,0.0
2019-01-04,8,0,83,61.8,61.8,0.0,1590.123502,0.0
2019-01-04,8,0,84,0.0,0.0,0.0,0.0,0.0
2019-01-04,8,0,86,0.0,0.0,0.0,0.0,0.0
2019-01-04,8,0,87,0.0,0.0,0.0,0.0,0.0
2019-01-04,8,0,88,34.26,34.26,0.0,881.515068,0.0
2019-01-04,8,0,89,33.07,33.07,0.0,850.896185,0.0
2019-01-04,8,0,90,43.14,43.14,0.0,1109.998833,0.0
2019-01-04,8,0,91,135.24,135.24,0.0,3479.745995,0.0
2019-01-04,8,0,92,54.12,54.12,0.0,1392.515922,0.0
2019-01-04,8,0,95,36.0,36.0,0.0,1398.407781,0.0
2019-01-04,8,0,96,7.53,7.53,0.0,195.114028,0.0
2019-01-04,8,0,97,46.28,46.28,0.0,1199.186883,0.0
2019-01-04,8,0,99,1.63,1.63,0.0,37.603651,0.0
2019-01-04,8,0,101,0.0,0.0,0.0,0.0,0.0
2019-01-04,8,0,102,7.0,7.0,0.0,152.098996,0.0
2019-01-04,8,0,103,6.09,6.09,0.0,132.326127,0.0
2019-01-04,8,0,104,1.13,1.13,0.0,24.553124,0.0
2019-01-04,8,0,106,0.0,0.0,0.0,0.0,0.0
2019-01-04,8,0,109,99.33,99.33,0.0,2619.493934,0.0
2019-01-04,8,0,110,71.6,71.6,0.0,162.046916,0.0
2019-01-04,8,0,111,0.0,0.0,0.0,0.0,0.0
2019-01-04,8,0,113,37.08,37.08,0.0,988.732376,0.0
2019-01-04,8,0,115,37.08,37.08,0.0,988.732376,0.0
2019-01-04,8,0,116,0.0,0.0,0.0,0.0,0.0
2019-01-04,8,0,117,1.92,1.92,0.0,51.196498,0.0
2019-01-04,8,0,119,32.51,32.51,0.0,1326.225939,0.0
2019-01-04,8,0,120,19.18,19.18,0.0,782.436589,0.0
2019-01-04,8,0,123,0.0,0.0,0.0,0.0,0.0
2019-01-04,8,0,125,61.27,61.27,0.0,1587.698041,0.0
2019-01-04,8,0,126,0.0,0.0,0.0,0.0,0.0
2019-01-04,8,0,127,0.0,0.0,0.0,0.0,0.0
2019-01-04,8,0,128,87.76,87.76,0.0,2274.137099,0.0
2019-01-04,8,0,131,9.15,9.15,0.0,210.524389,0.0
2019-01-04,8,0,132,13.45,13.45,0.0,309.459347,0.0
2019-01-04,8,0,133,11.04,11.04,0.0,216.491914,0.0
2019-01-04,8,0,134,0.0,0.0,0.0,0.0,0.0
2019-01-04,8,0,135,14.79,14.79,0.0,290.028569,0.0
2019-01-04,8,0,136,3.96,3.96,0.0,78.246432,0.0
2019-01-04,8,0,139,21.23,21.23,0.0,540.416821,0.0
2019-01-04,8,0,140,52.99,52.99,0.0,119.928297,0.0
2019-01-04,8,0,141,51.23,51.23,0.0,867.671176,0.0
2019-01-04,8,0,142,0.0,0.0,0.0,0.0,0.0
2019-01-04,8,0,143,19.33,19.33,0.0,500.886031,0.0
2019-01-04,8,0,145,8.83,8.83,0.0,230.22924,0.0
2019-01-04,8,0,146,85.85,85.85,0.0,194.297874,0.0
2019-01-04,8,0,152,0.0,0.0,0.0,0.0,0.0
2019-01-04,8,0,153,0.0,0.0,0.0,0.0,0.0
2019-01-04,8,0,154,0.0,0.0,0.0,0.0,0.0
2019-01-04,8,0,157,51.28,51.28,0.0,868.518015,0.0
2019-01-04,8,0,158,0.0,0.0,0.0,0.0,0.0
2019-01-04,8,0,159,0.0,0.0,0.0,0.0,0.0
2019-01-04,8,0,160,0.0,0.0,0.0,0.0,0.0
2019-01-04,8,0,161,0.0,0.0,0.0,0.0,0.0
2019-01-04,8,0,162,28.76,28.76,0.0,1117.677934,0.0
2019-01-04,8,0,163,59.84,59.84,0.0,135.431389,0.0
2019-01-04,8,0,164,0.0,0.0,0.0,0.0,0.0
2019-01-04,8,0,167,0.0,0.0,0.0,0.0,0.0
2019-01-04,8,0,168,0.0,0.0,0.0,0.0,0.0
2019-01-04,8,0,169,0.0,0.0,0.0,0.0,0.0
2019-01-04,8,0,170,0.0,0.0,0.0,0.0,0.0
2019-01-04,8,0,172,0.0,0.0,0.0,0.0,0.0
2019-01-04,8,0,173,0.0,0.0,0.0,0.0,0.0
2019-01-04,8,0,188,0.0,0.0,0.0,0.0,0.0
2019-01-04,8,0,190,0.0,0.0,0.0,0.0,0.0
2019-01-04,8,0,191,0.0,0.0,0.0,0.0,0.0
2019-01-04,8,0,192,66.24,66.24,0.0,2702.221046,0.0
2019-01-04,8,0,194,54.41,54.41,0.0,1692.347976,0.0
2019-01-04,8,0,196,0.0,0.0,0.0,0.0,0.0
2019-01-04,8,0,198,0.0,0.0,0.0,0.0,0.0
2019-01-04,8,0,199,10.11,10.11,0.0,198.821556,0.0
2019-01-04,8,0,200,0.0,0.0,0.0,0.0,0.0
2019-01-04,8,0,204,443.11,443.11,0.0,11783.940823,0.0
2019-01-04,8,0,205,525.45,525.45,0.0,13856.972592,0.0
2019-01-04,8,0,206,135.98,135.98,0.0,3523.453594,0.0
2019-01-04,8,0,210,0.0,0.0,0.0,0.0,0.0
2019-01-04,8,0,214,0.0,0.0,0.0,0.0,0.0
2019-01-04,8,0,217,0.0,0.0,0.0,0.0,0.0
2019-01-04,8,0,218,0.0,0.0,0.0,0.0,0.0
2019-01-04,8,0,219,0.0,0.0,0.0,0.0,0.0
2019-01-04,8,0,221,0.0,0.0,0.0,0.0,0.0
2019-01-04,8,0,225,0.0,0.0,0.0,0.0,0.0
2019-01-04,8,0,233,0.0,0.0,0.0,0.0,0.0
2019-01-04,8,0,236,11.72,11.72,0.0,251.440595,0.0
2019-01-04,8,0,237,20.21,20.21,0.0,466.239131,0.0
2019-01-04,8,0,238,0.0,0.0,0.0,0.0,0.0
2019-01-04,8,0,240,0.0,0.0,0.0,0.0,0.0
2019-01-04,8,0,245,17.15,17.15,0.0,328.317006,0.0
2019-01-04,8,0,247,16.9,16.9,0.0,323.531044,0.0
2019-01-04,8,0,248,2.03,2.03,0.0,46.831541,0.0
2019-01-04,8,0,249,32.99,32.99,0.0,631.55557,0.0
2019-01-04,8,0,251,15.09,15.09,0.0,301.28026,0.0
2019-01-04,8,0,252,13.32,13.32,0.0,263.097455,0.0
2019-01-04,8,0,254,0.0,0.0,0.0,0.0,0.0
2019-01-04,8,0,255,0.0,0.0,0.0,0.0,0.0
2019-01-04,8,0,258,0.0,0.0,0.0,0.0,0.0
2019-01-04,8,0,260,0.0,0.0,0.0,0.0,0.0
2019-01-04,8,0,265,0.0,0.0,0.0,0.0,0.0
2019-01-04,8,0,266,13.75,13.75,0.0,350.010894,0.0
2019-01-04,8,0,267,16.89,16.89,0.0,429.940655,0.0
2019-01-04,8,0,270,186.87,186.87,0.0,422.928872,0.0
2019-01-04,8,0,272,128.37,128.37,0.0,3422.965886,0.0
2019-01-04,8,0,273,0.0,0.0,0.0,0.0,0.0
2019-01-04,8,0,274,240.9,240.9,0.0,545.210923,0.0
2019-01-04,8,0,275,335.34,335.34,0.0,758.9499,0.0
2019-01-04,8,0,276,0.0,0.0,0.0,0.0,0.0
2019-01-04,8,0,277,0.0,0.0,0.0,0.0,0.0
2019-01-04,8,0,278,0.0,0.0,0.0,0.0,0.0
2019-01-04,8,0,279,70.55,70.55,0.0,1854.767328,0.0
2019-01-04,8,0,281,8.62,8.62,0.0,223.364593,0.0
2019-01-04,8,0,282,0.0,0.0,0.0,0.0,0.0
2019-01-04,9,0,9,0.12,0.12,0.0,2.487126,0.0
2019-01-04,9,0,17,8.5,8.5,0.0,214.720545,0.0
2019-01-04,9,0,19,195.18,195.18,0.0,4930.488942,0.0
2019-01-04,9,0,20,242.36,242.36,0.0,6122.314274,0.0
2019-01-04,9,0,21,2.74,2.74,0.0,56.789384,0.0
2019-01-04,9,0,22,9.72,9.72,0.0,201.45723,0.0
2019-01-04,9,0,23,36.71,36.71,0.0,760.853387,0.0
2019-01-04,9,0,24,64.96,64.96,0.0,1346.364369,0.0
2019-01-04,9,0,29,1.49,1.49,0.0,12.674693,0.0
2019-01-04,9,0,30,19.69,19.69,0.0,407.781717,0.0
2019-01-04,9,0,31,26.24,26.24,0.0,543.432821,0.0
2019-01-04,9,0,32,0.45,0.45,0.0,13.796556,0.0
2019-01-04,9,0,33,0.44,0.44,0.0,11.760041,0.0
2019-01-04,9,0,34,0.7,0.7,0.0,18.709157,0.0
2019-01-04,9,0,35,0.7,0.7,0.0,18.709157,0.0
2019-01-04,9,0,36,1.31,1.31,0.0,29.13269,0.0
2019-01-04,9,0,37,0.63,0.63,0.0,13.914944,0.0
2019-01-04,9,0,38,0.8,0.8,0.0,17.66977,0.0
2019-01-04,9,0,39,0.54,0.54,0.0,11.927095,0.0
2019-01-04,9,0,40,0.54,0.54,0.0,11.927095,0.0
2019-01-04,9,0,41,20.81,20.81,0.0,451.871092,0.0
2019-01-04,9,0,42,8.99,8.99,0.0,224.241489,0.0
2019-01-04,9,0,43,4.11,4.11,0.0,89.445252,0.0
2019-01-04,9,0,46,3.26,3.26,0.0,71.076092,0.0
2019-01-04,9,0,52,27.84,27.84,0.0,576.568968,0.0
2019-01-04,9,0,53,44.46,44.46,0.0,920.770702,0.0
2019-01-04,9,0,55,80.84,80.84,0.0,1675.494083,0.0
2019-01-04,9,0,56,5.81,5.81,0.0,120.325636,0.0
2019-01-04,9,0,57,5.52,5.52,0.0,114.319709,0.0
2019-01-04,9,0,58,10.62,10.62,0.0,219.94118,0.0
2019-01-04,9,0,59,10.45,10.45,0.0,216.420464,0.0
2019-01-04,9,0,63,14.95,14.95,0.0,484.791979,0.0
2019-01-04,9,0,64,17.59,17.59,0.0,570.40073,0.0
2019-01-04,9,0,65,1.35,1.35,0.0,34.022976,0.0
2019-01-04,9,0,67,8.33,8.33,0.0,105.814958,0.0
2019-01-04,9,0,68,5.57,5.57,0.0,90.275963,0.0
2019-01-04,9,0,69,0.44,0.44,0.0,11.760041,0.0
2019-01-04,9,0,74,8.01,8.01,0.0,189.387305,0.0
2019-01-04,9,0,77,17.99,17.99,0.0,345.875107,0.0
2019-01-04,9,0,78,13.6,13.6,0.0,261.473121,0.0
2019-01-04,9,0,79,7.87,7.87,0.0,151.308343,0.0
2019-01-04,9,0,80,12.73,12.73,0.0,244.746532,0.0
2019-01-04,9,0,81,16.64,16.64,0.0,319.920054,0.0
2019-01-04,9,0,82,11.74,11.74,0.0,225.712827,0.0
2019-01-04,9,0,83,26.18,26.18,0.0,503.335759,0.0
2019-01-04,9,0,84,0.0,0.0,0.0,0.0,0.0
2019-01-04,9,0,86,2.21,2.21,0.0,59.06748,0.0
2019-01-04,9,0,87,11.27,11.27,0.0,301.217421,0.0
2019-01-04,9,0,88,46.78,46.78,0.0,899.390633,0.0
2019-01-04,9,0,89,44.68,44.68,0.0,859.016107,0.0
2019-01-04,9,0,90,62.72,62.72,0.0,1205.852512,0.0
2019-01-04,9,0,91,235.66,235.66,0.0,4530.790865,0.0
2019-01-04,9,0,92,82.92,82.92,0.0,1594.217001,0.0
2019-01-04,9,0,95,36.0,36.0,0.0,1107.025118,0.0
2019-01-04,9,0,96,6.64,6.64,0.0,137.404257,0.0
2019-01-04,9,0,97,40.83,40.83,0.0,844.912022,0.0
2019-01-04,9,0,99,1.55,1.55,0.0,36.64798,0.0
2019-01-04,9,0,101,0.4,0.4,0.0,8.284037,0.0
2019-01-04,9,0,102,13.16,13.16,0.0,213.291144,0.0
2019-01-04,9,0,103,11.44,11.44,0.0,185.414186,0.0
2019-01-04,9,0,104,2.14,2.14,0.0,34.684122,0.0
2019-01-04,9,0,106,9.57,9.57,0.0,198.348322,0.0
2019-01-04,9,0,109,112.51,112.51,0.0,2473.311476,0.0
2019-01-04,9,0,110,49.01,49.01,0.0,96.574204,0.0
2019-01-04,9,0,111,1.63,1.63,0.0,35.394036,0.0
2019-01-04,9,0,113,20.89,20.89,0.0,409.631978,0.0
2019-01-04,9,0,115,20.89,20.89,0.0,409.631978,0.0
2019-01-04,9,0,116,6.04,6.04,0.0,11.90182,0.0
2019-01-04,9,0,117,1.42,1.42,0.0,27.844778,0.0
2019-01-04,9,0,119,17.59,17.59,0.0,570.40073,0.0
2019-01-04,9,0,120,10.34,10.34,0.0,335.300941,0.0
2019-01-04,9,0,123,0.16,0.16,0.0,3.316168,0.0
2019-01-04,9,0,125,58.78,58.78,0.0,1218.277365,0.0
2019-01-04,9,0,126,7.18,7.18,0.0,148.813057,0.0
2019-01-04,9,0,127,9.21,9.21,0.0,190.886943,0.0
2019-01-04,9,0,128,84.19,84.19,0.0,1744.926358,0.0
2019-01-04,9,0,131,9.28,9.28,0.0,159.091864,0.0
2019-01-04,9,0,132,13.65,13.65,0.0,234.009046,0.0
2019-01-04,9,0,133,11.21,11.21,0.0,283.240858,0.0
2019-01-04,9,0,134,0.0,0.0,0.0,0.0,0.0
2019-01-04,9,0,135,15.02,15.02,0.0,379.507377,0.0
2019-01-04,9,0,136,2.62,2.62,0.0,66.021285,0.0
2019-01-04,9,0,139,26.87,26.87,0.0,583.458733,0.0
2019-01-04,9,0,140,36.27,36.27,0.0,71.470034,0.0
2019-01-04,9,0,141,36.99,36.99,0.0,469.879387,0.0
2019-01-04,9,0,142,10.99,10.99,0.0,139.604608,0.0
2019-01-04,9,0,143,30.88,30.88,0.0,639.527649,0.0
2019-01-04,9,0,145,8.54,8.54,0.0,180.924341,0.0
2019-01-04,9,0,146,72.78,72.78,0.0,143.412989,0.0
2019-01-04,9,0,152,0.94,0.94,0.0,22.111106,0.0
2019-01-04,9,0,153,1.19,1.19,0.0,27.896738,0.0
2019-01-04,9,0,154,6.71,6.71,0.0,145.701827,0.0
2019-01-04,9,0,157,39.77,39.77,0.0,505.193383,0.0
2019-01-04,9,0,158,0.0,0.0,0.0,0.0,0.0
2019-01-04,9,0,159,0.0,0.0,0.0,0.0,0.0
2019-01-04,9,0,160,0.33,0.33,0.0,6.959833,0.0
2019-01-04,9,0,161,2.61,2.61,0.0,42.301663,0.0
2019-01-04,9,0,162,27.35,27.35,0.0,841.501772,0.0
2019-01-04,9,0,163,73.71,73.71,0.0,145.245554,0.0
2019-01-04,9,0,164,0.51,0.51,0.0,10.562147,0.0
2019-01-04,9,0,167,0.42,0.42,0.0,12.893674,0.0
2019-01-04,9,0,168,0.21,0.21,0.0,6.446837,0.0
2019-01-04,9,0,169,0.0,0.0,0.0,0.0,0.0
2019-01-04,9,0,170,0.46,0.46,0.0,14.121643,0.0
2019-01-04,9,0,172,0.7,0.7,0.0,21.443999,0.0
2019-01-04,9,0,173,1.07,1.07,0.0,32.778684,0.0
2019-01-04,9,0,188,0.98,0.98,0.0,29.74633,0.0
2019-01-04,9,0,190,0.55,0.55,0.0,17.835156,0.0
2019-01-04,9,0,191,1.41,1.41,0.0,45.722856,0.0
2019-01-04,9,0,192,61.27,61.27,0.0,1986.836425,0.0
2019-01-04,9,0,194,44.53,44.53,0.0,1005.268893,0.0
2019-01-04,9,0,196,0.4,0.4,0.0,14.443541,0.0
2019-01-04,9,0,198,1.57,1.57,0.0,29.714439,0.0
2019-01-04,9,0,199,10.08,10.08,0.0,156.115676,0.0
2019-01-04,9,0,200,2.28,2.28,0.0,35.311879,0.0
2019-01-04,9,0,204,319.92,319.92,0.0,6990.01029,0.0
2019-01-04,9,0,205,633.66,633.66,0.0,13929.771133,0.0
2019-01-04,9,0,206,119.98,119.98,0.0,2482.795603,0.0
2019-01-04,9,0,210,0.42,0.42,0.0,3.898796,0.0
2019-01-04,9,0,214,2.38,2.38,0.0,65.684798,0.0
2019-01-04,9,0,217,1.68,1.68,0.0,32.925879,0.0
2019-01-04,9,0,218,2.32,2.32,0.0,45.46907,0.0
2019-01-04,9,0,219,1.58,1.58,0.0,30.966005,0.0
2019-01-04,9,0,221,1.27,1.27,0.0,35.050291,0.0
2019-01-04,9,0,225,1.36,1.36,0.0,11.466883,0.0
2019-01-04,9,0,233,1.25,1.25,0.0,33.409208,0.0
2019-01-04,9,0,236,9.74,9.74,0.0,238.021902,0.0
2019-01-04,9,0,237,19.21,19.21,0.0,454.198519,0.0
2019-01-04,9,0,238,11.7,11.7,0.0,291.8382,0.0
2019-01-04,9,0,240,1.48,1.48,0.0,32.913268,0.0
2019-01-04,9,0,245,16.11,16.11,0.0,410.455951,0.0
2019-01-04,9,0,247,13.36,13.36,0.0,340.390535,0.0
2019-01-04,9,0,248,1.93,1.93,0.0,45.632647,0.0
2019-01-04,9,0,249,30.98,30.98,0.0,789.318769,0.0
2019-01-04,9,0,251,9.22,9.22,0.0,231.470656,0.0
2019-01-04,9,0,252,8.68,8.68,0.0,218.755136,0.0
2019-01-04,9,0,254,2.45,2.45,0.0,52.905541,0.0
2019-01-04,9,0,255,1.12,1.12,0.0,24.18539,0.0
2019-01-04,9,0,258,1.83,1.83,0.0,40.556166,0.0
2019-01-04,9,0,260,0.8,0.8,0.0,16.872323,0.0
2019-01-04,9,0,265,6.95,6.95,0.0,150.913219,0.0
2019-01-04,9,0,266,17.4,17.4,0.0,377.825901,0.0
2019-01-04,9,0,267,21.38,21.38,0.0,464.248147,0.0
2019-01-04,9,0,270,230.19,230.19,0.0,453.589392,0.0
2019-01-04,9,0,272,69.69,69.69,0.0,1366.551103,0.0
2019-01-04,9,0,273,1.44,1.44,0.0,2.83752,0.0
2019-01-04,9,0,274,296.74,296.74,0.0,584.726166,0.0
2019-01-04,9,0,275,413.07,413.07,0.0,813.954429,0.0
2019-01-04,9,0,276,0.35,0.35,0.0,1.528385,0.0
2019-01-04,9,0,277,0.5,0.5,0.0,9.727717,0.0
2019-01-04,9,0,278,0.8,0.8,0.0,15.564347,0.0
2019-01-04,9,0,279,74.15,74.15,0.0,1442.620438,0.0
2019-01-04,9,0,281,11.69,11.69,0.0,242.100979,0.0
2019-01-04,9,0,282,10.8,10.8,0.0,223.668996,0.0
2019-01-04,10,0,9,1.15,1.15,0.0,12.886001,0.0
2019-01-04,10,0,17,26.29,26.29,0.0,362.289881,0.0
2019-01-04,10,0,19,140.37,140.37,0.0,1934.371648,0.0
2019-01-04,10,0,20,173.93,173.93,0.0,2396.845912,0.0
2019-01-04,10,0,21,26.2,26.2,0.0,293.576729,0.0
2019-01-04,10,0,22,93.13,93.13,0.0,1043.542015,0.0
2019-01-04,10,0,23,35.21,35.21,0.0,394.53575,0.0
2019-01-04,10,0,24,62.3,62.3,0.0,698.085123,0.0
2019-01-04,10,0,29,4.22,4.22,0.0,35.703646,0.0
2019-01-04,10,0,30,217.27,217.27,0.0,2431.954406,0.0
2019-01-04,10,0,31,57.25,57.25,0.0,640.812766,0.0
2019-01-04,10,0,32,1.96,1.96,0.0,63.886136,0.0
2019-01-04,10,0,33,1.4,1.4,0.0,20.245006,0.0
2019-01-04,10,0,34,2.25,2.25,0.0,32.536617,0.0
2019-01-04,10,0,35,2.25,2.25,0.0,32.536617,0.0
2019-01-04,10,0,36,4.91,4.91,0.0,61.264181,0.0
2019-01-04,10,0,37,2.31,2.31,0.0,28.697508,0.0
2019-01-04,10,0,38,2.97,2.97,0.0,36.896796,0.0
2019-01-04,10,0,39,1.98,1.98,0.0,24.597864,0.0
2019-01-04,10,0,40,1.98,1.98,0.0,24.597864,0.0
2019-01-04,10,0,41,29.58,29.58,0.0,351.487693,0.0
2019-01-04,10,0,42,30.57,30.57,0.0,416.763171,0.0
2019-01-04,10,0,43,15.3,15.3,0.0,189.199929,0.0
2019-01-04,10,0,46,13.19,13.19,0.0,161.668869,0.0
2019-01-04,10,0,52,60.72,60.72,0.0,679.653296,0.0
2019-01-04,10,0,53,96.82,96.82,0.0,1083.729119,0.0
2019-01-04,10,0,55,78.84,78.84,0.0,883.41944,0.0
2019-01-04,10,0,56,64.09,64.09,0.0,717.374501,0.0
2019-01-04,10,0,57,60.96,60.96,0.0,682.339672,0.0
2019-01-04,10,0,58,117.23,117.23,0.0,1312.183067,0.0
2019-01-04,10,0,59,115.28,115.28,0.0,1290.356257,0.0
2019-01-04,10,0,63,15.23,15.23,0.0,493.871695,0.0
2019-01-04,10,0,64,17.91,17.91,0.0,580.777548,0.0
2019-01-04,10,0,65,1.02,1.02,0.0,14.028194,0.0
2019-01-04,10,0,67,115.98,115.98,0.0,1849.772535,0.0
2019-01-04,10,0,68,9.97,9.97,0.0,126.583236,0.0
2019-01-04,10,0,69,1.4,1.4,0.0,20.245006,0.0
2019-01-04,10,0,74,12.43,12.43,0.0,161.782893,0.0
2019-01-04,10,0,77,18.77,18.77,0.0,188.918782,0.0
2019-01-04,10,0,78,14.19,14.19,0.0,142.821391,0.0
2019-01-04,10,0,79,8.21,8.21,0.0,82.633095,0.0
2019-01-04,10,0,80,13.28,13.28,0.0,133.662303,0.0
2019-01-04,10,0,81,17.36,17.36,0.0,174.727227,0.0
2019-01-04,10,0,82,12.25,12.25,0.0,123.295422,0.0
2019-01-04,10,0,83,27.31,27.31,0.0,274.873304,0.0
2019-01-04,10,0,84,0.0,0.0,0.0,0.0,0.0
2019-01-04,10,0,86,7.11,7.11,0.0,102.81571,0.0
2019-01-04,10,0,87,36.31,36.31,0.0,525.068698,0.0
2019-01-04,10,0,88,33.66,33.66,0.0,338.785625,0.0
2019-01-04,10,0,89,32.21,32.21,0.0,324.191473,0.0
2019-01-04,10,0,90,44.72,44.72,0.0,450.103778,0.0
2019-01-04,10,0,91,165.68,165.68,0.0,1667.558004,0.0
2019-01-04,10,0,92,58.7,58.7,0.0,590.811533,0.0
2019-01-04,10,0,95,88.65,88.65,0.0,2880.751522,0.0
2019-01-04,10,0,96,5.91,5.91,0.0,66.078015,0.0
2019-01-04,10,0,97,36.36,36.36,0.0,406.530729,0.0
2019-01-04,10,0,99,2.55,2.55,0.0,33.189572,0.0
2019-01-04,10,0,101,4.38,4.38,0.0,49.026374,0.0
2019-01-04,10,0,102,23.61,23.61,0.0,299.762306,0.0
2019-01-04,10,0,103,20.53,20.53,0.0,260.657355,0.0
2019-01-04,10,0,104,3.81,3.81,0.0,48.373333,0.0
2019-01-04,10,0,106,91.68,91.68,0.0,1027.294448,0.0
2019-01-04,10,0,109,126.5,126.5,0.0,1543.248669,0.0
2019-01-04,10,0,110,32.75,32.75,0.0,848.543316,0.0
2019-01-04,10,0,111,7.71,7.71,0.0,91.614946,0.0
2019-01-04,10,0,113,35.06,35.06,0.0,320.849091,0.0
2019-01-04,10,0,115,35.06,35.06,0.0,320.849091,0.0
2019-01-04,10,0,116,45.99,45.99,0.0,1191.588003,0.0
2019-01-04,10,0,117,2.34,2.34,0.0,21.414343,0.0
2019-01-04,10,0,119,17.91,17.91,0.0,580.777548,0.0
2019-01-04,10,0,120,10.53,10.53,0.0,341.462176,0.0
2019-01-04,10,0,123,1.53,1.53,0.0,17.143985,0.0
2019-01-04,10,0,125,56.38,56.38,0.0,631.750229,0.0
2019-01-04,10,0,126,68.76,68.76,0.0,770.470836,0.0
2019-01-04,10,0,127,88.24,88.24,0.0,988.748496,0.0
2019-01-04,10,0,128,80.74,80.74,0.0,904.709356,0.0
2019-01-04,10,0,131,12.56,12.56,0.0,148.556284,0.0
2019-01-04,10,0,132,20.27,20.27,0.0,239.748079,0.0
2019-01-04,10,0,133,11.37,11.37,0.0,156.713857,0.0
2019-01-04,10,0,134,0.0,0.0,0.0,0.0,0.0
2019-01-04,10,0,135,15.24,15.24,0.0,210.054458,0.0
2019-01-04,10,0,136,1.74,1.74,0.0,23.927832,0.0
2019-01-04,10,0,139,38.2,38.2,0.0,453.915817,0.0
2019-01-04,10,0,140,24.24,24.24,0.0,628.051602,0.0
2019-01-04,10,0,141,26.38,26.38,0.0,420.736329,0.0
2019-01-04,10,0,142,152.95,152.95,0.0,2439.409461,0.0
2019-01-04,10,0,143,46.62,46.62,0.0,521.828667,0.0
2019-01-04,10,0,145,15.58,15.58,0.0,180.225955,0.0
2019-01-04,10,0,146,60.86,60.86,0.0,1576.865533,0.0
2019-01-04,10,0,152,3.52,3.52,0.0,45.699478,0.0
2019-01-04,10,0,153,4.42,4.42,0.0,57.222925,0.0
2019-01-04,10,0,154,31.79,31.79,0.0,377.748268,0.0
2019-01-04,10,0,157,30.24,30.24,0.0,482.29972,0.0
2019-01-04,10,0,158,93.14,93.14,0.0,1485.495895,0.0
2019-01-04,10,0,159,0.0,0.0,0.0,0.0,0.0
2019-01-04,10,0,160,1.2,1.2,0.0,14.760987,0.0
2019-01-04,10,0,161,23.24,23.24,0.0,295.064633,0.0
2019-01-04,10,0,162,50.14,50.14,0.0,1629.621028,0.0
2019-01-04,10,0,163,50.36,50.36,0.0,1304.813477,0.0
2019-01-04,10,0,164,7.94,7.94,0.0,88.874295,0.0
2019-01-04,10,0,167,2.05,2.05,0.0,66.640363,0.0
2019-01-04,10,0,168,1.03,1.03,0.0,33.482719,0.0
2019-01-04,10,0,169,0.0,0.0,0.0,0.0,0.0
2019-01-04,10,0,170,2.25,2.25,0.0,73.141862,0.0
2019-01-04,10,0,172,2.82,2.82,0.0,89.225603,0.0
2019-01-04,10,0,173,4.29,4.29,0.0,135.736821,0.0
2019-01-04,10,0,188,4.19,4.19,0.0,134.06249,0.0
2019-01-04,10,0,190,3.6,3.6,0.0,116.739206,0.0
2019-01-04,10,0,191,9.29,9.29,0.0,301.252006,0.0
2019-01-04,10,0,192,56.67,56.67,0.0,1837.669662,0.0
2019-01-04,10,0,194,20.11,20.11,0.0,118.206233,0.0
2019-01-04,10,0,196,2.56,2.56,0.0,76.545719,0.0
2019-01-04,10,0,198,5.44,5.44,0.0,64.426696,0.0
2019-01-04,10,0,199,12.09,12.09,0.0,110.835716,0.0
2019-01-04,10,0,200,8.51,8.51,0.0,78.015876,0.0
2019-01-04,10,0,204,221.16,221.16,0.0,2682.288215,0.0
2019-01-04,10,0,205,747.05,747.05,0.0,9113.706866,0.0
2019-01-04,10,0,206,106.84,106.84,0.0,1194.547389,0.0
2019-01-04,10,0,210,1.22,1.22,0.0,10.688864,0.0
2019-01-04,10,0,214,7.18,7.18,0.0,106.726522,0.0
2019-01-04,10,0,217,4.96,4.96,0.0,60.514521,0.0
2019-01-04,10,0,218,6.85,6.85,0.0,83.573482,0.0
2019-01-04,10,0,219,4.66,4.66,0.0,56.854369,0.0
2019-01-04,10,0,221,3.83,3.83,0.0,56.930721,0.0
2019-01-04,10,0,225,3.88,3.88,0.0,32.714344,0.0
2019-01-04,10,0,233,4.02,4.02,0.0,58.132089,0.0
2019-01-04,10,0,236,8.1,8.1,0.0,108.545164,0.0
2019-01-04,10,0,237,29.04,29.04,0.0,377.970652,0.0
2019-01-04,10,0,238,39.79,39.79,0.0,542.460143,0.0
2019-01-04,10,0,240,5.57,5.57,0.0,69.499285,0.0
2019-01-04,10,0,245,15.21,15.21,0.0,211.133645,0.0
2019-01-04,10,0,247,10.52,10.52,0.0,146.030634,0.0
2019-01-04,10,0,248,3.17,3.17,0.0,41.259193,0.0
2019-01-04,10,0,249,29.25,29.25,0.0,406.026241,0.0
2019-01-04,10,0,251,6.94,6.94,0.0,95.134647,0.0
2019-01-04,10,0,252,6.55,6.55,0.0,90.083008,0.0
2019-01-04,10,0,254,8.5,8.5,0.0,104.972034,0.0
2019-01-04,10,0,255,3.89,3.89,0.0,48.040143,0.0
2019-01-04,10,0,258,6.92,6.92,0.0,86.219287,0.0
2019-01-04,10,0,260,2.92,2.92,0.0,35.918403,0.0
2019-01-04,10,0,265,32.92,32.92,0.0,391.17562,0.0
2019-01-04,10,0,266,24.73,24.73,0.0,293.85702,0.0
2019-01-04,10,0,267,30.4,30.4,0.0,361.231435,0.0
2019-01-04,10,0,270,157.2,157.2,0.0,4073.007916,0.0
2019-01-04,10,0,272,117.16,117.16,0.0,1072.181389,0.0
2019-01-04,10,0,273,11.0,11.0,0.0,285.006915,0.0
2019-01-04,10,0,274,202.64,202.64,0.0,5250.345573,0.0
2019-01-04,10,0,275,282.05,282.05,0.0,7307.836404,0.0
2019-01-04,10,0,276,2.54,2.54,0.0,60.161718,0.0
2019-01-04,10,0,277,3.15,3.15,0.0,29.980651,0.0
2019-01-04,10,0,278,5.04,5.04,0.0,47.969042,0.0
2019-01-04,10,0,279,78.24,78.24,0.0,744.662274,0.0
2019-01-04,10,0,281,25.52,25.52,0.0,285.651385,0.0
2019-01-04,10,0,282,119.19,119.19,0.0,1334.12181,0.0
2019-01-04,11,0,9,1.95,1.95,0.0,10.166198,0.0
2019-01-04,11,0,17,39.54,39.54,0.0,445.017515,0.0
2019-01-04,11,0,19,89.8,89.8,0.0,1010.687224,0.0
2019-01-04,11,0,20,108.91,108.91,0.0,1225.767768,0.0
2019-01-04,11,0,21,44.65,44.65,0.0,232.779869,0.0
2019-01-04,11,0,22,158.69,158.69,0.0,827.319988,0.0
2019-01-04,11,0,23,22.9,22.9,0.0,119.38766,0.0
2019-01-04,11,0,24,40.51,40.51,0.0,211.196249,0.0
2019-01-04,11,0,29,6.22,6.22,0.0,52.673534,0.0
2019-01-04,11,0,30,374.13,374.13,0.0,1937.461047,0.0
2019-01-04,11,0,31,66.77,66.77,0.0,345.773592,0.0
2019-01-04,11,0,32,3.04,3.04,0.0,80.739602,0.0
2019-01-04,11,0,33,2.1,2.1,0.0,26.246783,0.0
2019-01-04,11,0,34,3.37,3.37,0.0,42.119837,0.0
2019-01-04,11,0,35,3.37,3.37,0.0,42.119837,0.0
2019-01-04,11,0,36,7.56,7.56,0.0,69.197102,0.0
2019-01-04,11,0,37,3.54,3.54,0.0,32.210944,0.0
2019-01-04,11,0,38,4.55,4.55,0.0,41.401072,0.0
2019-01-04,11,0,39,3.04,3.04,0.0,27.661376,0.0
2019-01-04,11,0,40,3.04,3.04,0.0,27.661376,0.0
2019-01-04,11,0,41,24.53,24.53,0.0,173.460667,0.0
2019-01-04,11,0,42,46.58,46.58,0.0,511.695281,0.0
2019-01-04,11,0,43,23.49,23.49,0.0,217.486302,0.0
2019-01-04,11,0,46,20.5,20.5,0.0,178.322101,0.0
2019-01-04,11,0,52,70.98,70.98,0.0,367.575402,0.0
2019-01-04,11,0,53,115.61,115.61,0.0,598.695297,0.0
2019-01-04,11,0,55,226.81,226.81,0.0,1182.459175,0.0
2019-01-04,11,0,56,110.36,110.36,0.0,571.507768,0.0
2019-01-04,11,0,57,104.97,104.97,0.0,543.595237,0.0
2019-01-04,11,0,58,201.87,201.87,0.0,1045.399357,0.0
2019-01-04,11,0,59,198.51,198.51,0.0,1027.999338,0.0
2019-01-04,11,0,63,18.69,18.69,0.0,606.071043,0.0
2019-01-04,11,0,64,21.99,21.99,0.0,713.081981,0.0
2019-01-04,11,0,65,2.72,2.72,0.0,30.477038,0.0
2019-01-04,11,0,67,201.84,201.84,0.0,-3871.589492,0.0
2019-01-04,11,0,68,11.05,11.05,0.0,-86.359955,0.0
2019-01-04,11,0,69,2.1,2.1,0.0,26.246783,0.0
2019-01-04,11,0,74,33.38,33.38,0.0,327.619355,0.0
2019-01-04,11,0,77,21.29,21.29,0.0,39.849078,0.0
2019-01-04,11,0,78,16.09,16.09,0.0,30.116095,0.0
2019-01-04,11,0,79,9.31,9.31,0.0,17.425783,0.0
2019-01-04,11,0,80,15.06,15.06,0.0,28.188216,0.0
2019-01-04,11,0,81,19.69,19.69,0.0,36.854314,0.0
2019-01-04,11,0,82,13.89,13.89,0.0,25.998295,0.0
2019-01-04,11,0,83,30.97,30.97,0.0,57.9674,0.0
2019-01-04,11,0,84,0.0,0.0,0.0,0.0,0.0
2019-01-04,11,0,86,10.66,10.66,0.0,133.23367,0.0
2019-01-04,11,0,87,54.41,54.41,0.0,680.041648,0.0
2019-01-04,11,0,88,18.05,18.05,0.0,33.784681,0.0
2019-01-04,11,0,89,17.35,17.35,0.0,32.474472,0.0
2019-01-04,11,0,90,23.29,23.29,0.0,43.592533,0.0
2019-01-04,11,0,91,83.1,83.1,0.0,155.540553,0.0
2019-01-04,11,0,92,29.89,29.89,0.0,55.945934,0.0
2019-01-04,11,0,95,96.29,96.29,0.0,2581.25578,0.0
2019-01-04,11,0,96,7.39,7.39,0.0,38.000468,0.0
2019-01-04,11,0,97,54.28,54.28,0.0,279.115751,0.0
2019-01-04,11,0,99,7.16,7.16,0.0,70.274253,0.0
2019-01-04,11,0,101,7.54,7.54,0.0,39.046471,0.0
2019-01-04,11,0,102,26.16,26.16,0.0,-204.450356,0.0
2019-01-04,11,0,103,22.75,22.75,0.0,-177.799908,0.0
2019-01-04,11,0,104,4.22,4.22,0.0,-32.980906,0.0
2019-01-04,11,0,106,156.22,156.22,0.0,814.442804,0.0
2019-01-04,11,0,109,54.87,54.87,0.0,449.641628,0.0
2019-01-04,11,0,110,26.97,26.97,0.0,-1456.058573,0.0
2019-01-04,11,0,111,12.32,12.32,0.0,87.119259,0.0
2019-01-04,11,0,113,23.03,23.03,0.0,79.435956,0.0
2019-01-04,11,0,115,23.03,23.03,0.0,79.435956,0.0
2019-01-04,11,0,116,76.69,76.69,0.0,-4140.346013,0.0
2019-01-04,11,0,117,1.55,1.55,0.0,5.346319,0.0
2019-01-04,11,0,119,21.99,21.99,0.0,713.081981,0.0
2019-01-04,11,0,120,12.93,12.93,0.0,419.288314,0.0
2019-01-04,11,0,123,2.6,2.6,0.0,13.554931,0.0
2019-01-04,11,0,125,36.66,36.66,0.0,191.124524,0.0
2019-01-04,11,0,126,117.16,117.16,0.0,610.806036,0.0
2019-01-04,11,0,127,150.36,150.36,0.0,783.892075,0.0
2019-01-04,11,0,128,52.49,52.49,0.0,273.653199,0.0
2019-01-04,11,0,131,10.72,10.72,0.0,-51.23995,0.0
2019-01-04,11,0,132,15.76,15.76,0.0,-75.330374,0.0
2019-01-04,11,0,133,16.03,16.03,0.0,180.491176,0.0
2019-01-04,11,0,134,0.0,0.0,0.0,0.0,0.0
2019-01-04,11,0,135,21.48,21.48,0.0,241.855923,0.0
2019-01-04,11,0,136,3.39,3.39,0.0,37.97493,0.0
2019-01-04,11,0,139,31.67,31.67,0.0,223.950238,0.0
2019-01-04,11,0,140,19.96,19.96,0.0,-1077.602118,0.0
2019-01-04,11,0,141,39.48,39.48,0.0,-757.284746,0.0
2019-01-04,11,0,142,266.17,266.17,0.0,-5105.533963,0.0
2019-01-04,11,0,143,57.01,57.01,0.0,295.23068,0.0
2019-01-04,11,0,145,29.15,29.15,0.0,183.612804,0.0
2019-01-04,11,0,146,68.65,68.65,0.0,-3706.281833,0.0
2019-01-04,11,0,152,5.4,5.4,0.0,53.037881,0.0
2019-01-04,11,0,153,6.79,6.79,0.0,66.249091,0.0
2019-01-04,11,0,154,50.8,50.8,0.0,359.225516,0.0
2019-01-04,11,0,157,31.52,31.52,0.0,-604.600182,0.0
2019-01-04,11,0,158,177.69,177.69,0.0,-3408.356802,0.0
2019-01-04,11,0,159,0.0,0.0,0.0,0.0,0.0
2019-01-04,11,0,160,1.84,1.84,0.0,18.101194,0.0
2019-01-04,11,0,161,39.34,39.34,0.0,-307.457072,0.0
2019-01-04,11,0,162,95.79,95.79,0.0,2573.748433,0.0
2019-01-04,11,0,163,83.28,83.28,0.0,-4496.127473,0.0
2019-01-04,11,0,164,13.96,13.96,0.0,72.292936,0.0
2019-01-04,11,0,167,3.17,3.17,0.0,84.450521,0.0
2019-01-04,11,0,168,1.58,1.58,0.0,42.092058,0.0
2019-01-04,11,0,169,0.0,0.0,0.0,0.0,0.0
2019-01-04,11,0,170,3.47,3.47,0.0,92.442684,0.0
2019-01-04,11,0,172,4.33,4.33,0.0,109.138835,0.0
2019-01-04,11,0,173,6.6,6.6,0.0,166.354806,0.0
2019-01-04,11,0,188,6.5,6.5,0.0,166.166807,0.0
2019-01-04,11,0,190,5.91,5.91,0.0,191.646863,0.0
2019-01-04,11,0,191,15.28,15.28,0.0,495.493073,0.0
2019-01-04,11,0,192,68.6,68.6,0.0,2224.530418,0.0
2019-01-04,11,0,194,21.5,21.5,0.0,287.702641,0.0
2019-01-04,11,0,196,4.19,4.19,0.0,185.683677,0.0
2019-01-04,11,0,198,8.23,8.23,0.0,86.795288,0.0
2019-01-04,11,0,199,21.49,21.49,0.0,272.402051,0.0
2019-01-04,11,0,200,13.02,13.02,0.0,165.038376,0.0
2019-01-04,11,0,204,190.75,190.75,0.0,1533.267157,0.0
2019-01-04,11,0,205,358.77,358.77,0.0,2940.002314,0.0
2019-01-04,11,0,206,207.47,207.47,0.0,1066.841284,0.0
2019-01-04,11,0,210,1.8,1.8,0.0,15.930577,0.0
2019-01-04,11,0,214,10.61,10.61,0.0,140.423903,0.0
2019-01-04,11,0,217,7.37,7.37,0.0,83.488165,0.0
2019-01-04,11,0,218,10.17,10.17,0.0,115.206871,0.0
2019-01-04,11,0,219,6.93,6.93,0.0,78.503797,0.0
2019-01-04,11,0,221,5.66,5.66,0.0,74.910395,0.0
2019-01-04,11,0,225,5.75,5.75,0.0,48.481309,0.0
2019-01-04,11,0,233,6.03,6.03,0.0,75.365763,0.0
2019-01-04,11,0,236,21.9,21.9,0.0,231.410962,0.0
2019-01-04,11,0,237,74.42,74.42,0.0,730.420383,0.0
2019-01-04,11,0,238,60.63,60.63,0.0,666.038748,0.0
2019-01-04,11,0,240,8.57,8.57,0.0,78.441688,0.0
2019-01-04,11,0,245,25.28,25.28,0.0,289.178214,0.0
2019-01-04,11,0,247,26.26,26.26,0.0,300.388445,0.0
2019-01-04,11,0,248,8.86,8.86,0.0,86.959481,0.0
2019-01-04,11,0,249,48.61,48.61,0.0,556.050354,0.0
2019-01-04,11,0,251,18.54,18.54,0.0,206.212585,0.0
2019-01-04,11,0,252,17.55,17.55,0.0,196.644121,0.0
2019-01-04,11,0,254,12.85,12.85,0.0,120.840757,0.0
2019-01-04,11,0,255,5.89,5.89,0.0,55.389265,0.0
2019-01-04,11,0,258,10.66,10.66,0.0,97.753419,0.0
2019-01-04,11,0,260,4.46,4.46,0.0,43.875719,0.0
2019-01-04,11,0,265,52.6,52.6,0.0,371.953979,0.0
2019-01-04,11,0,266,20.51,20.51,0.0,145.033766,0.0
2019-01-04,11,0,267,25.2,25.2,0.0,178.198484,0.0
2019-01-04,11,0,270,281.74,281.74,0.0,-15210.602238,0.0
2019-01-04,11,0,272,76.89,76.89,0.0,265.211926,0.0
2019-01-04,11,0,273,18.34,18.34,0.0,-990.141425,0.0
2019-01-04,11,0,274,367.93,367.93,0.0,-19863.83503,0.0
2019-01-04,11,0,275,519.13,519.13,0.0,-28026.833037,0.0
2019-01-04,11,0,276,4.21,4.21,0.0,-194.571474,0.0
2019-01-04,11,0,277,5.18,5.18,0.0,14.590965,0.0
2019-01-04,11,0,278,8.28,8.28,0.0,23.32301,0.0
2019-01-04,11,0,279,85.76,85.76,0.0,241.567799,0.0
2019-01-04,11,0,281,29.11,29.11,0.0,150.748379,0.0
2019-01-04,11,0,282,205.24,205.24,0.0,1062.851162,0.0
2019-01-04,12,0,9,2.77,2.77,0.0,-21.49563,0.0
2019-01-04,12,0,17,51.31,51.31,0.0,836.813,0.0
2019-01-04,12,0,19,103.2,103.2,0.0,1683.0852,0.0
2019-01-04,12,0,20,125.17,125.17,0.0,2041.393164,0.0
2019-01-04,12,0,21,63.35,63.35,0.0,-491.605828,0.0
2019-01-04,12,0,22,225.12,225.12,0.0,-1746.966123,0.0
2019-01-04,12,0,23,19.99,19.99,0.0,-155.125501,0.0
2019-01-04,12,0,24,33.46,33.46,0.0,-259.654791,0.0
2019-01-04,12,0,29,7.98,7.98,0.0,40.737292,0.0
2019-01-04,12,0,30,536.89,536.89,0.0,-4240.871277,0.0
2019-01-04,12,0,31,70.41,70.41,0.0,-556.165596,0.0
2019-01-04,12,0,32,4.07,4.07,0.0,220.387966,0.0
2019-01-04,12,0,33,2.73,2.73,0.0,58.059476,0.0
2019-01-04,12,0,34,4.37,4.37,0.0,92.937696,0.0
2019-01-04,12,0,35,4.37,4.37,0.0,92.937696,0.0
2019-01-04,12,0,36,10.26,10.26,0.0,81.312533,0.0
2019-01-04,12,0,37,4.87,4.87,0.0,37.545781,0.0
2019-01-04,12,0,38,6.26,6.26,0.0,48.262133,0.0
2019-01-04,12,0,39,4.17,4.17,0.0,32.149057,0.0
2019-01-04,12,0,40,4.17,4.17,0.0,32.149057,0.0
2019-01-04,12,0,41,21.82,21.82,0.0,-7.876668,0.0
2019-01-04,12,0,42,64.78,64.78,0.0,986.870959,0.0
2019-01-04,12,0,43,31.31,31.31,0.0,261.191116,0.0
2019-01-04,12,0,46,27.31,27.31,0.0,166.97694,0.0
2019-01-04,12,0,52,74.64,74.64,0.0,-589.578186,0.0
2019-01-04,12,0,53,118.58,118.58,0.0,-936.658377,0.0
2019-01-04,12,0,55,357.35,357.35,0.0,-2773.091436,0.0
2019-01-04,12,0,56,158.36,158.36,0.0,-1250.878905,0.0
2019-01-04,12,0,57,150.64,150.64,0.0,-1189.898953,0.0
2019-01-04,12,0,58,289.69,289.69,0.0,-2288.24899,0.0
2019-01-04,12,0,59,284.86,284.86,0.0,-2250.097025,0.0
2019-01-04,12,0,63,22.81,22.81,0.0,1667.302167,0.0
2019-01-04,12,0,64,26.83,26.83,0.0,1961.144987,0.0
2019-01-04,12,0,65,5.79,5.79,0.0,93.272923,0.0
2019-01-04,12,0,67,285.38,285.38,0.0,-25118.842813,0.0
2019-01-04,12,0,68,12.15,12.15,0.0,-631.448826,0.0
2019-01-04,12,0,69,2.73,2.73,0.0,58.059476,0.0
2019-01-04,12,0,74,87.74,87.74,0.0,927.246712,0.0
2019-01-04,12,0,77,24.01,24.01,0.0,-505.806061,0.0
2019-01-04,12,0,78,18.15,18.15,0.0,-382.356518,0.0
2019-01-04,12,0,79,10.5,10.5,0.0,-221.197986,0.0
2019-01-04,12,0,80,16.99,16.99,0.0,-357.919408,0.0
2019-01-04,12,0,81,22.21,22.21,0.0,-467.886406,0.0
2019-01-04,12,0,82,15.67,15.67,0.0,-330.111661,0.0
2019-01-04,12,0,83,34.94,34.94,0.0,-736.062631,0.0
2019-01-04,12,0,84,0.0,0.0,0.0,0.0,0.0
2019-01-04,12,0,86,13.83,13.83,0.0,294.125478,0.0
2019-01-04,12,0,87,70.62,70.62,0.0,1501.890185,0.0
2019-01-04,12,0,88,19.68,19.68,0.0,-414.588225,0.0
2019-01-04,12,0,89,18.91,18.91,0.0,-398.367039,0.0
2019-01-04,12,0,90,25.4,25.4,0.0,-535.088461,0.0
2019-01-04,12,0,91,90.59,90.59,0.0,-1908.411956,0.0
2019-01-04,12,0,92,32.58,32.58,0.0,-686.34575,0.0
2019-01-04,12,0,95,120.0,120.0,0.0,6587.967399,0.0
2019-01-04,12,0,96,8.13,8.13,0.0,-65.397879,0.0
2019-01-04,12,0,97,50.02,50.02,0.0,-402.361859,0.0
2019-01-04,12,0,99,16.93,16.93,0.0,178.918245,0.0
2019-01-04,12,0,101,10.82,10.82,0.0,-85.46672,0.0
2019-01-04,12,0,102,28.78,28.78,0.0,-1495.728166,0.0
2019-01-04,12,0,103,25.02,25.02,0.0,-1300.316842,0.0
2019-01-04,12,0,104,4.65,4.65,0.0,-241.6656,0.0
2019-01-04,12,0,106,221.62,221.62,0.0,-1719.80558,0.0
2019-01-04,12,0,109,34.99,34.99,0.0,143.817254,0.0
2019-01-04,12,0,110,30.82,30.82,0.0,-6114.961259,0.0
2019-01-04,12,0,111,16.68,16.68,0.0,-6.021211,0.0
2019-01-04,12,0,113,14.28,14.28,0.0,-237.908132,0.0
2019-01-04,12,0,115,14.28,14.28,0.0,-237.908132,0.0
2019-01-04,12,0,116,106.41,106.41,0.0,-21112.687461,0.0
2019-01-04,12,0,117,0.95,0.95,0.0,-15.827222,0.0
2019-01-04,12,0,119,26.83,26.83,0.0,1961.144987,0.0
2019-01-04,12,0,120,15.78,15.78,0.0,1153.442709,0.0
2019-01-04,12,0,123,3.69,3.69,0.0,-28.634972,0.0
2019-01-04,12,0,125,30.62,30.62,0.0,-237.61595,0.0
2019-01-04,12,0,126,166.21,166.21,0.0,-1289.815384,0.0
2019-01-04,12,0,127,213.3,213.3,0.0,-1655.24109,0.0
2019-01-04,12,0,128,41.97,41.97,0.0,-325.693711,0.0
2019-01-04,12,0,131,12.19,12.19,0.0,-516.171292,0.0
2019-01-04,12,0,132,17.92,17.92,0.0,-758.801439,0.0
2019-01-04,12,0,133,21.71,21.71,0.0,354.476003,0.0
2019-01-04,12,0,134,0.0,0.0,0.0,0.0,0.0
2019-01-04,12,0,135,29.09,29.09,0.0,474.974986,0.0
2019-01-04,12,0,136,5.92,5.92,0.0,95.302248,0.0
2019-01-04,12,0,139,28.18,28.18,0.0,-10.172526,0.0
2019-01-04,12,0,140,22.81,22.81,0.0,-4525.70624,0.0
2019-01-04,12,0,141,56.59,56.59,0.0,-4980.991362,0.0
2019-01-04,12,0,142,376.35,376.35,0.0,-33125.925057,0.0
2019-01-04,12,0,143,68.83,68.83,0.0,-543.685243,0.0
2019-01-04,12,0,145,17.27,17.27,0.0,-59.377068,0.0
2019-01-04,12,0,146,77.68,77.68,0.0,-15412.400733,0.0
2019-01-04,12,0,152,7.49,7.49,0.0,79.35714,0.0
2019-01-04,12,0,153,9.45,9.45,0.0,97.675459,0.0
2019-01-04,12,0,154,68.81,68.81,0.0,-24.8393,0.0
2019-01-04,12,0,157,32.84,32.84,0.0,-2890.541727,0.0
2019-01-04,12,0,158,251.46,251.46,0.0,-22133.24064,0.0
2019-01-04,12,0,159,0.0,0.0,0.0,0.0,0.0
2019-01-04,12,0,160,2.46,2.46,0.0,26.176361,0.0
2019-01-04,12,0,161,55.3,55.3,0.0,-2874.001653,0.0
2019-01-04,12,0,162,102.94,102.94,0.0,5672.249968,0.0
2019-01-04,12,0,163,103.75,103.75,0.0,-20584.919877,0.0
2019-01-04,12,0,164,20.03,20.03,0.0,-158.216118,0.0
2019-01-04,12,0,167,4.23,4.23,0.0,229.967391,0.0
2019-01-04,12,0,168,2.11,2.11,0.0,114.711867,0.0
2019-01-04,12,0,169,0.0,0.0,0.0,0.0,0.0
2019-01-04,12,0,170,4.62,4.62,0.0,251.170059,0.0
2019-01-04,12,0,172,5.72,5.72,0.0,279.421428,0.0
2019-01-04,12,0,173,8.72,8.72,0.0,425.971128,0.0
2019-01-04,12,0,188,8.84,8.84,0.0,449.312122,0.0
2019-01-04,12,0,190,8.14,8.14,0.0,263.960315,0.0
2019-01-04,12,0,191,21.02,21.02,0.0,681.627251,0.0
2019-01-04,12,0,192,83.68,83.68,0.0,2713.53798,0.0
2019-01-04,12,0,194,23.17,23.17,0.0,330.944816,0.0
2019-01-04,12,0,196,5.72,5.72,0.0,634.140085,0.0
2019-01-04,12,0,198,10.8,10.8,0.0,145.205749,0.0
2019-01-04,12,0,199,51.85,51.85,0.0,980.70522,0.0
2019-01-04,12,0,200,17.59,17.59,0.0,332.702118,0.0
2019-01-04,12,0,204,163.04,163.04,0.0,568.411855,0.0
2019-01-04,12,0,205,185.09,185.09,0.0,760.764089,0.0
2019-01-04,12,0,206,146.98,146.98,0.0,-1182.309997,0.0
2019-01-04,12,0,210,2.3,2.3,0.0,15.248714,0.0
2019-01-04,12,0,214,13.89,13.89,0.0,336.193499,0.0
2019-01-04,12,0,217,9.49,9.49,0.0,157.160831,0.0
2019-01-04,12,0,218,13.1,13.1,0.0,216.944877,0.0
2019-01-04,12,0,219,8.92,8.92,0.0,147.721245,0.0
2019-01-04,12,0,221,7.41,7.41,0.0,179.351607,0.0
2019-01-04,12,0,225,7.23,7.23,0.0,35.843843,0.0
2019-01-04,12,0,233,7.83,7.83,0.0,166.522234,0.0
2019-01-04,12,0,236,48.12,48.12,0.0,652.756679,0.0
2019-01-04,12,0,237,210.47,210.47,0.0,2224.271888,0.0
2019-01-04,12,0,238,84.31,84.31,0.0,1284.394729,0.0
2019-01-04,12,0,240,11.62,11.62,0.0,92.090802,0.0
2019-01-04,12,0,245,39.1,39.1,0.0,666.386933,0.0
2019-01-04,12,0,247,52.94,52.94,0.0,902.264047,0.0
2019-01-04,12,0,248,21.13,21.13,0.0,223.304343,0.0
2019-01-04,12,0,249,75.2,75.2,0.0,1281.644433,0.0
2019-01-04,12,0,251,39.81,39.81,0.0,628.262221,0.0
2019-01-04,12,0,252,37.36,37.36,0.0,601.843939,0.0
2019-01-04,12,0,254,17.44,17.44,0.0,155.546029,0.0
2019-01-04,12,0,255,7.99,7.99,0.0,71.2622,0.0
2019-01-04,12,0,258,14.37,14.37,0.0,114.852671,0.0
2019-01-04,12,0,260,5.97,5.97,0.0,63.525559,0.0
2019-01-04,12,0,265,71.25,71.25,0.0,-25.720101,0.0
2019-01-04,12,0,266,18.25,18.25,0.0,-6.587956,0.0
2019-01-04,12,0,267,22.43,22.43,0.0,-8.096868,0.0
2019-01-04,12,0,270,324.02,324.02,0.0,-64288.440853,0.0
2019-01-04,12,0,272,47.73,47.73,0.0,-795.192935,0.0
2019-01-04,12,0,273,25.45,25.45,0.0,-5049.505647,0.0
2019-01-04,12,0,274,417.7,417.7,0.0,-82875.383447,0.0
2019-01-04,12,0,275,581.45,581.45,0.0,-115364.835301,0.0
2019-01-04,12,0,276,5.82,5.82,0.0,-1011.289742,0.0
2019-01-04,12,0,277,7.14,7.14,0.0,-131.567114,0.0
2019-01-04,12,0,278,11.42,11.42,0.0,-210.433675,0.0
2019-01-04,12,0,279,93.48,93.48,0.0,-1722.534146,0.0
2019-01-04,12,0,281,31.6,31.6,0.0,-249.607056,0.0
2019-01-04,12,0,282,294.52,294.52,0.0,-2326.400954,0.0
2019-01-04,13,0,9,3.33,3.33,0.0,-1306.015694,0.0
2019-01-04,13,0,17,56.09,56.09,0.0,463.238636,0.0
2019-01-04,13,0,19,118.03,118.03,0.0,974.791517,0.0
2019-01-04,13,0,20,143.15,143.15,0.0,1182.253712,0.0
2019-01-04,13,0,21,76.08,76.08,0.0,-29838.340541,0.0
2019-01-04,13,0,22,270.39,270.39,0.0,-106046.121172,0.0
2019-01-04,13,0,23,44.72,44.72,0.0,-17539.045596,0.0
2019-01-04,13,0,24,78.09,78.09,0.0,-30626.65632,0.0
2019-01-04,13,0,29,9.1,9.1,0.0,32.774536,0.0
2019-01-04,13,0,30,656.95,656.95,0.0,-656950.0,0.0
2019-01-04,13,0,31,71.12,71.12,0.0,-71120.0,0.0
2019-01-04,13,0,32,5.33,5.33,0.0,167.783105,0.0
2019-01-04,13,0,33,3.18,3.18,0.0,40.429984,0.0
2019-01-04,13,0,34,5.09,5.09,0.0,64.713403,0.0
2019-01-04,13,0,35,5.09,5.09,0.0,64.713403,0.0
2019-01-04,13,0,36,12.06,12.06,0.0,19.565577,0.0
2019-01-04,13,0,37,5.78,5.78,0.0,9.264457,0.0
2019-01-04,13,0,38,7.43,7.43,0.0,11.909155,0.0
2019-01-04,13,0,39,4.95,4.95,0.0,7.934094,0.0
2019-01-04,13,0,40,4.95,4.95,0.0,7.934094,0.0
2019-01-04,13,0,41,21.22,21.22,0.0,-275.028575,0.0
2019-01-04,13,0,42,75.85,75.85,0.0,553.186225,0.0
2019-01-04,13,0,43,36.44,36.44,0.0,88.003384,0.0
2019-01-04,13,0,46,32.22,32.22,0.0,20.532261,0.0
2019-01-04,13,0,52,75.39,75.39,0.0,-75390.0,0.0
2019-01-04,13,0,53,119.77,119.77,0.0,-119770.0,0.0
2019-01-04,13,0,55,411.68,411.68,0.0,-161459.621894,0.0
2019-01-04,13,0,56,193.78,193.78,0.0,-193780.0,0.0
2019-01-04,13,0,57,184.32,184.32,0.0,-184320.0,0.0
2019-01-04,13,0,58,354.47,354.47,0.0,-354470.0,0.0
2019-01-04,13,0,59,348.56,348.56,0.0,-348560.0,0.0
2019-01-04,13,0,63,27.33,27.33,0.0,886.245136,0.0
2019-01-04,13,0,64,32.15,32.15,0.0,1042.545961,0.0
2019-01-04,13,0,65,10.72,10.72,0.0,86.611788,0.0
2019-01-04,13,0,67,346.69,346.69,0.0,4619.194401,0.0
2019-01-04,13,0,68,13.35,13.35,0.0,253.144425,0.0
2019-01-04,13,0,69,3.18,3.18,0.0,40.429984,0.0
2019-01-04,13,0,74,140.45,140.45,0.0,384.650356,0.0
2019-01-04,13,0,77,27.06,27.06,0.0,663.057212,0.0
2019-01-04,13,0,78,20.46,20.46,0.0,501.335941,0.0
2019-01-04,13,0,79,11.84,11.84,0.0,290.118159,0.0
2019-01-04,13,0,80,19.15,19.15,0.0,469.236719,0.0
2019-01-04,13,0,81,25.03,25.03,0.0,613.315669,0.0
2019-01-04,13,0,82,17.66,17.66,0.0,432.726917,0.0
2019-01-04,13,0,83,39.37,39.37,0.0,964.691886,0.0
2019-01-04,13,0,84,0.0,0.0,0.0,0.0,0.0
2019-01-04,13,0,86,16.13,16.13,0.0,205.074104,0.0
2019-01-04,13,0,87,82.36,82.36,0.0,1047.11117,0.0
2019-01-04,13,0,88,21.4,21.4,0.0,524.36897,0.0
2019-01-04,13,0,89,20.57,20.57,0.0,504.031295,0.0
2019-01-04,13,0,90,27.62,27.62,0.0,676.779017,0.0
2019-01-04,13,0,91,98.54,98.54,0.0,2414.547585,0.0
2019-01-04,13,0,92,35.44,35.44,0.0,868.39422,0.0
2019-01-04,13,0,95,120.0,120.0,0.0,2691.568394,0.0
2019-01-04,13,0,96,9.47,9.47,0.0,348.990167,0.0
2019-01-04,13,0,97,58.21,58.21,0.0,2145.165538,0.0
2019-01-04,13,0,99,27.11,27.11,0.0,74.246146,0.0
2019-01-04,13,0,101,13.23,13.23,0.0,-13230.0,0.0
2019-01-04,13,0,102,31.6,31.6,0.0,599.203283,0.0
2019-01-04,13,0,103,27.48,27.48,0.0,521.07931,0.0
2019-01-04,13,0,104,5.1,5.1,0.0,96.706859,0.0
2019-01-04,13,0,106,266.17,266.17,0.0,-104391.050232,0.0
2019-01-04,13,0,109,30.81,30.81,0.0,-34.0145,0.0
2019-01-04,13,0,110,45.33,45.33,0.0,-178.73407,0.0
2019-01-04,13,0,111,20.21,20.21,0.0,-261.938148,0.0
2019-01-04,13,0,113,16.5,16.5,0.0,377.355301,0.0
2019-01-04,13,0,115,16.5,16.5,0.0,377.355301,0.0
2019-01-04,13,0,116,124.89,124.89,0.0,-492.43543,0.0
2019-01-04,13,0,117,1.1,1.1,0.0,25.15702,0.0
2019-01-04,13,0,119,32.15,32.15,0.0,1042.545961,0.0
2019-01-04,13,0,120,18.91,18.91,0.0,613.205105,0.0
2019-01-04,13,0,123,4.44,4.44,0.0,-1741.354259,0.0
2019-01-04,13,0,125,70.91,70.91,0.0,-27810.682541,0.0
2019-01-04,13,0,126,199.63,199.63,0.0,-78294.268167,0.0
2019-01-04,13,0,127,256.19,256.19,0.0,-100476.925119,0.0
2019-01-04,13,0,128,100.1,100.1,0.0,-39258.910201,0.0
2019-01-04,13,0,131,13.81,13.81,0.0,282.662794,0.0
2019-01-04,13,0,132,20.3,20.3,0.0,415.49998,0.0
2019-01-04,13,0,133,28.72,28.72,0.0,237.679436,0.0
2019-01-04,13,0,134,0.0,0.0,0.0,0.0,0.0
2019-01-04,13,0,135,38.48,38.48,0.0,318.450721,0.0
2019-01-04,13,0,136,9.59,9.59,0.0,77.387558,0.0
2019-01-04,13,0,139,27.4,27.4,0.0,-355.126435,0.0
2019-01-04,13,0,140,33.55,33.55,0.0,-132.286081,0.0
2019-01-04,13,0,141,78.28,78.28,0.0,1042.979427,0.0
2019-01-04,13,0,142,457.2,457.2,0.0,6091.596758,0.0
2019-01-04,13,0,143,82.33,82.33,0.0,-82330.0,0.0
2019-01-04,13,0,145,32.36,32.36,0.0,-201.022244,0.0
2019-01-04,13,0,146,87.86,87.86,0.0,-346.427872,0.0
2019-01-04,13,0,152,9.16,9.16,0.0,30.660361,0.0
2019-01-04,13,0,153,11.42,11.42,0.0,35.732786,0.0
2019-01-04,13,0,154,83.36,83.36,0.0,-1080.413854,0.0
2019-01-04,13,0,157,34.21,34.21,0.0,455.803861,0.0
2019-01-04,13,0,158,313.01,313.01,0.0,4170.452103,0.0
2019-01-04,13,0,159,0.0,0.0,0.0,0.0,0.0
2019-01-04,13,0,160,2.84,2.84,0.0,13.829064,0.0
2019-01-04,13,0,161,66.6,66.6,0.0,1262.877805,0.0
2019-01-04,13,0,162,111.07,111.07,0.0,2494.956169,0.0
2019-01-04,13,0,163,63.09,63.09,0.0,-248.76092,0.0
2019-01-04,13,0,164,24.3,24.3,0.0,-24300.0,0.0
2019-01-04,13,0,167,6.1,6.1,0.0,134.307076,0.0
2019-01-04,13,0,168,3.05,3.05,0.0,67.153538,0.0
2019-01-04,13,0,169,0.0,0.0,0.0,0.0,0.0
2019-01-04,13,0,170,6.68,6.68,0.0,147.077258,0.0
2019-01-04,13,0,172,8.09,8.09,0.0,214.119254,0.0
2019-01-04,13,0,173,12.33,12.33,0.0,326.339975,0.0
2019-01-04,13,0,188,11.04,11.04,0.0,316.085014,0.0
2019-01-04,13,0,190,8.6,8.6,0.0,278.876991,0.0
2019-01-04,13,0,191,22.21,22.21,0.0,720.216044,0.0
2019-01-04,13,0,192,102.41,102.41,0.0,3320.906124,0.0
2019-01-04,13,0,194,25.35,25.35,0.0,647.520898,0.0
2019-01-04,13,0,196,6.63,6.63,0.0,254.334885,0.0
2019-01-04,13,0,198,12.53,12.53,0.0,104.878675,0.0
2019-01-04,13,0,199,40.01,40.01,0.0,653.075624,0.0
2019-01-04,13,0,200,20.92,20.92,0.0,341.473183,0.0
2019-01-04,13,0,204,139.03,139.03,0.0,-202.922071,0.0
2019-01-04,13,0,205,162.99,162.99,0.0,-179.942335,0.0
2019-01-04,13,0,206,171.04,171.04,0.0,6303.197279,0.0
2019-01-04,13,0,210,2.69,2.69,0.0,12.703483,0.0
2019-01-04,13,0,214,16.29,16.29,0.0,249.879853,0.0
2019-01-04,13,0,217,10.9,10.9,0.0,117.765887,0.0
2019-01-04,13,0,218,15.04,15.04,0.0,162.495316,0.0
2019-01-04,13,0,219,10.25,10.25,0.0,110.743151,0.0
2019-01-04,13,0,221,8.69,8.69,0.0,133.299934,0.0
2019-01-04,13,0,225,8.24,8.24,0.0,28.785204,0.0
2019-01-04,13,0,233,9.13,9.13,0.0,116.077282,0.0
2019-01-04,13,0,236,182.21,182.21,0.0,1065.808102,0.0
2019-01-04,13,0,237,336.94,336.94,0.0,922.777436,0.0
2019-01-04,13,0,238,98.73,98.73,0.0,720.053737,0.0
2019-01-04,13,0,240,13.67,13.67,0.0,22.177566,0.0
2019-01-04,13,0,245,57.36,57.36,0.0,511.565502,0.0
2019-01-04,13,0,247,93.43,93.43,0.0,833.256011,0.0
2019-01-04,13,0,248,33.82,33.82,0.0,92.62282,0.0
2019-01-04,13,0,249,110.31,110.31,0.0,983.800392,0.0
2019-01-04,13,0,251,73.5,73.5,0.0,572.192596,0.0
2019-01-04,13,0,252,69.14,69.14,0.0,558.613713,0.0
2019-01-04,13,0,254,20.47,20.47,0.0,62.042711,0.0
2019-01-04,13,0,255,9.38,9.38,0.0,28.429928,0.0
2019-01-04,13,0,258,16.81,16.81,0.0,29.423811,0.0
2019-01-04,13,0,260,6.89,6.89,0.0,33.550088,0.0
2019-01-04,13,0,265,86.31,86.31,0.0,-1118.648269,0.0
2019-01-04,13,0,266,17.74,17.74,0.0,-229.924925,0.0
2019-01-04,13,0,267,21.8,21.8,0.0,-282.545849,0.0
2019-01-04,13,0,270,196.3,196.3,0.0,-774.001721,0.0
2019-01-04,13,0,272,55.15,55.15,0.0,1261.281505,0.0
2019-01-04,13,0,273,29.87,29.87,0.0,-117.776013,0.0
2019-01-04,13,0,274,252.94,252.94,0.0,-997.330593,0.0
2019-01-04,13,0,275,351.94,351.94,0.0,-1387.682964,0.0
2019-01-04,13,0,276,6.97,6.97,0.0,-0.611084,0.0
2019-01-04,13,0,277,8.69,8.69,0.0,204.43048,0.0
2019-01-04,13,0,278,13.9,13.9,0.0,326.994669,0.0
2019-01-04,13,0,279,145.7,145.7,0.0,3427.562826,0.0
2019-01-04,13,0,281,31.92,31.92,0.0,-31920.0,0.0
2019-01-04,13,0,282,360.38,360.38,0.0,-360380.0,0.0
2019-01-04,14,0,9,3.45,3.45,0.0,-1343.19231,0.0
2019-01-04,14,0,17,56.19,56.19,0.0,793.006565,0.0
2019-01-04,14,0,19,71.35,71.35,0.0,1006.958862,0.0
2019-01-04,14,0,20,86.53,86.53,0.0,1221.193417,0.0
2019-01-04,14,0,21,78.95,78.95,0.0,-30737.690695,0.0
2019-01-04,14,0,22,280.58,280.58,0.0,-109238.521283,0.0
2019-01-04,14,0,23,19.49,19.49,0.0,-7588.063225,0.0
2019-01-04,14,0,24,33.52,33.52,0.0,-13050.378621,0.0
2019-01-04,14,0,29,9.18,9.18,0.0,32.292649,0.0
2019-01-04,14,0,30,684.08,684.08,0.0,-684080.0,0.0
2019-01-04,14,0,31,57.78,57.78,0.0,-57780.0,0.0
2019-01-04,14,0,32,5.4,5.4,0.0,155.375462,0.0
2019-01-04,14,0,33,3.31,3.31,0.0,62.913286,0.0
2019-01-04,14,0,34,5.29,5.29,0.0,100.547216,0.0
2019-01-04,14,0,35,5.29,5.29,0.0,100.547216,0.0
2019-01-04,14,0,36,12.5,12.5,0.0,81.786432,0.0
2019-01-04,14,0,37,5.93,5.93,0.0,38.388519,0.0
2019-01-04,14,0,38,7.62,7.62,0.0,49.328923,0.0
2019-01-04,14,0,39,5.08,5.08,0.0,32.885949,0.0
2019-01-04,14,0,40,5.08,5.08,0.0,32.885949,0.0
2019-01-04,14,0,41,15.62,15.62,0.0,-126.768353,0.0
2019-01-04,14,0,42,78.83,78.83,0.0,1028.895614,0.0
2019-01-04,14,0,43,37.82,37.82,0.0,270.760423,0.0
2019-01-04,14,0,46,32.86,32.86,0.0,178.631436,0.0
2019-01-04,14,0,52,61.25,61.25,0.0,-61250.0,0.0
2019-01-04,14,0,53,97.3,97.3,0.0,-97300.0,0.0
2019-01-04,14,0,55,345.06,345.06,0.0,-134342.590897,0.0
2019-01-04,14,0,56,201.78,201.78,0.0,-201780.0,0.0
2019-01-04,14,0,57,191.94,191.94,0.0,-191940.0,0.0
2019-01-04,14,0,58,369.11,369.11,0.0,-369110.0,0.0
2019-01-04,14,0,59,362.96,362.96,0.0,-362960.0,0.0
2019-01-04,14,0,63,20.09,20.09,0.0,598.849522,0.0
2019-01-04,14,0,64,23.63,23.63,0.0,704.37104,0.0
2019-01-04,14,0,65,6.7,6.7,0.0,93.236394,0.0
2019-01-04,14,0,67,357.63,357.63,0.0,4848.461568,0.0
2019-01-04,14,0,68,6.04,6.04,0.0,104.777317,0.0
2019-01-04,14,0,69,3.31,3.31,0.0,62.913286,0.0
2019-01-04,14,0,74,95.95,95.95,0.0,778.297648,0.0
2019-01-04,14,0,77,24.46,24.46,0.0,628.234364,0.0
2019-01-04,14,0,78,18.5,18.5,0.0,475.156816,0.0
2019-01-04,14,0,79,10.7,10.7,0.0,274.820429,0.0
2019-01-04,14,0,80,17.31,17.31,0.0,444.592675,0.0
2019-01-04,14,0,81,22.63,22.63,0.0,581.232365,0.0
2019-01-04,14,0,82,15.96,15.96,0.0,409.91907,0.0
2019-01-04,14,0,83,35.6,35.6,0.0,914.35582,0.0
2019-01-04,14,0,84,0.0,0.0,0.0,0.0,0.0
2019-01-04,14,0,86,16.75,16.75,0.0,318.367837,0.0
2019-01-04,14,0,87,85.5,85.5,0.0,1625.101498,0.0
2019-01-04,14,0,88,20.07,20.07,0.0,515.480935,0.0
2019-01-04,14,0,89,19.3,19.3,0.0,495.704138,0.0
2019-01-04,14,0,90,25.91,25.91,0.0,665.476385,0.0
2019-01-04,14,0,91,92.42,92.42,0.0,2373.72935,0.0
2019-01-04,14,0,92,33.24,33.24,0.0,853.741221,0.0
2019-01-04,14,0,95,99.46,99.46,0.0,2230.861604,0.0
2019-01-04,14,0,96,9.92,9.92,0.0,413.996824,0.0
2019-01-04,14,0,97,66.5,66.5,0.0,2775.281129,0.0
2019-01-04,14,0,99,18.52,18.52,0.0,150.22483,0.0
2019-01-04,14,0,101,13.78,13.78,0.0,-13780.0,0.0
2019-01-04,14,0,102,14.26,14.26,0.0,247.371614,0.0
2019-01-04,14,0,103,12.41,12.41,0.0,215.279223,0.0
2019-01-04,14,0,104,2.32,2.32,0.0,40.245592,0.0
2019-01-04,14,0,106,276.21,276.21,0.0,-107537.144357,0.0
2019-01-04,14,0,109,27.7,27.7,0.0,105.134981,0.0
2019-01-04,14,0,110,44.94,44.94,0.0,87.673446,0.0
2019-01-04,14,0,111,21.67,21.67,0.0,-175.868771,0.0
2019-01-04,14,0,113,14.88,14.88,0.0,351.273285,0.0
2019-01-04,14,0,115,14.88,14.88,0.0,351.273285,0.0
2019-01-04,14,0,116,126.54,126.54,0.0,246.866887,0.0
2019-01-04,14,0,117,0.99,0.99,0.0,23.371005,0.0
2019-01-04,14,0,119,23.63,23.63,0.0,704.37104,0.0
2019-01-04,14,0,120,13.9,13.9,0.0,414.335906,0.0
2019-01-04,14,0,123,4.6,4.6,0.0,-1790.92308,0.0
2019-01-04,14,0,125,30.55,30.55,0.0,-11894.065241,0.0
2019-01-04,14,0,126,207.16,207.16,0.0,-80653.831595,0.0
2019-01-04,14,0,127,265.85,265.85,0.0,-103503.674115,0.0
2019-01-04,14,0,128,42.4,42.4,0.0,-16507.638828,0.0
2019-01-04,14,0,131,11.8,11.8,0.0,267.548095,0.0
2019-01-04,14,0,132,17.35,17.35,0.0,393.386394,0.0
2019-01-04,14,0,133,16.65,16.65,0.0,235.289728,0.0
2019-01-04,14,0,134,0.0,0.0,0.0,0.0,0.0
2019-01-04,14,0,135,22.31,22.31,0.0,315.274104,0.0
2019-01-04,14,0,136,6.36,6.36,0.0,88.436188,0.0
2019-01-04,14,0,139,20.18,20.18,0.0,-163.776271,0.0
2019-01-04,14,0,140,33.26,33.26,0.0,64.886934,0.0
2019-01-04,14,0,141,66.97,66.97,0.0,907.925709,0.0
2019-01-04,14,0,142,471.62,471.62,0.0,6393.846837,0.0
2019-01-04,14,0,143,69.19,69.19,0.0,-69190.0,0.0
2019-01-04,14,0,145,18.76,18.76,0.0,-27.346484,0.0
2019-01-04,14,0,146,47.0,47.0,0.0,91.6923,0.0
2019-01-04,14,0,152,9.74,9.74,0.0,84.529993,0.0
2019-01-04,14,0,153,12.02,12.02,0.0,101.405288,0.0
2019-01-04,14,0,154,89.37,89.37,0.0,-725.30651,0.0
2019-01-04,14,0,157,24.79,24.79,0.0,336.082997,0.0
2019-01-04,14,0,158,333.23,333.23,0.0,4517.665879,0.0
2019-01-04,14,0,159,0.0,0.0,0.0,0.0,0.0
2019-01-04,14,0,160,2.92,2.92,0.0,27.25263,0.0
2019-01-04,14,0,161,67.77,67.77,0.0,1175.622318,0.0
2019-01-04,14,0,162,87.07,87.07,0.0,1955.487758,0.0
2019-01-04,14,0,163,53.4,53.4,0.0,104.17806,0.0
2019-01-04,14,0,164,26.01,26.01,0.0,-26010.0,0.0
2019-01-04,14,0,167,6.05,6.05,0.0,133.901548,0.0
2019-01-04,14,0,168,3.02,3.02,0.0,66.840111,0.0
2019-01-04,14,0,169,0.0,0.0,0.0,0.0,0.0
2019-01-04,14,0,170,6.61,6.61,0.0,146.29574,0.0
2019-01-04,14,0,172,8.13,8.13,0.0,201.070973,0.0
2019-01-04,14,0,173,12.39,12.39,0.0,306.429195,0.0
2019-01-04,14,0,188,10.98,10.98,0.0,292.765284,0.0
2019-01-04,14,0,190,8.65,8.65,0.0,257.842129,0.0
2019-01-04,14,0,191,22.35,22.35,0.0,666.216367,0.0
2019-01-04,14,0,192,54.46,54.46,0.0,1623.362118,0.0
2019-01-04,14,0,194,22.99,22.99,0.0,576.429185,0.0
2019-01-04,14,0,196,6.65,6.65,0.0,228.888269,0.0
2019-01-04,14,0,198,12.78,12.78,0.0,153.50475,0.0
2019-01-04,14,0,199,46.9,46.9,0.0,757.836544,0.0
2019-01-04,14,0,200,21.26,21.26,0.0,343.531022,0.0
2019-01-04,14,0,204,118.48,118.48,0.0,403.290232,0.0
2019-01-04,14,0,205,146.52,146.52,0.0,556.114708,0.0
2019-01-04,14,0,206,235.42,235.42,0.0,9824.912534,0.0
2019-01-04,14,0,210,2.7,2.7,0.0,13.147311,0.0
2019-01-04,14,0,214,16.28,16.28,0.0,356.429867,0.0
2019-01-04,14,0,217,10.92,10.92,0.0,159.144405,0.0
2019-01-04,14,0,218,15.07,15.07,0.0,219.625109,0.0
2019-01-04,14,0,219,10.27,10.27,0.0,149.671524,0.0
2019-01-04,14,0,221,8.68,8.68,0.0,190.037546,0.0
2019-01-04,14,0,225,8.38,8.38,0.0,28.384603,0.0
2019-01-04,14,0,233,9.48,9.48,0.0,180.186692,0.0
2019-01-04,14,0,236,56.74,56.74,0.0,650.029213,0.0
2019-01-04,14,0,237,230.16,230.16,0.0,1866.940977,0.0
2019-01-04,14,0,238,102.6,102.6,0.0,1339.1436,0.0
2019-01-04,14,0,240,14.17,14.17,0.0,92.713099,0.0
2019-01-04,14,0,245,32.61,32.61,0.0,483.855036,0.0
2019-01-04,14,0,247,55.36,55.36,0.0,821.411063,0.0
2019-01-04,14,0,248,23.1,23.1,0.0,187.375463,0.0
2019-01-04,14,0,249,62.7,62.7,0.0,930.31925,0.0
2019-01-04,14,0,251,45.82,45.82,0.0,622.800361,0.0
2019-01-04,14,0,252,43.22,43.22,0.0,601.444318,0.0
2019-01-04,14,0,254,20.8,20.8,0.0,160.257682,0.0
2019-01-04,14,0,255,9.53,9.53,0.0,73.425755,0.0
2019-01-04,14,0,258,17.37,17.37,0.0,115.379312,0.0
2019-01-04,14,0,260,7.09,7.09,0.0,66.171625,0.0
2019-01-04,14,0,265,92.53,92.53,0.0,-750.952349,0.0
2019-01-04,14,0,266,13.06,13.06,0.0,-105.991977,0.0
2019-01-04,14,0,267,16.05,16.05,0.0,-130.258135,0.0
2019-01-04,14,0,270,185.65,185.65,0.0,362.184586,0.0
2019-01-04,14,0,272,49.71,49.71,0.0,1173.507727,0.0
2019-01-04,14,0,273,30.26,30.26,0.0,59.034234,0.0
2019-01-04,14,0,274,247.63,247.63,0.0,483.101368,0.0
2019-01-04,14,0,275,360.16,360.16,0.0,702.636146,0.0
2019-01-04,14,0,276,7.02,7.02,0.0,31.88724,0.0
2019-01-04,14,0,277,8.93,8.93,0.0,218.247496,0.0
2019-01-04,14,0,278,14.29,14.29,0.0,349.244873,0.0
2019-01-04,14,0,279,85.99,85.99,0.0,2101.579188,0.0
2019-01-04,14,0,281,25.93,25.93,0.0,-25930.0,0.0
2019-01-04,14,0,282,375.26,375.26,0.0,-375260.0,0.0
2019-01-04,15,0,9,3.23,3.23,0.0,31.900017,0.0
2019-01-04,15,0,17,53.08,53.08,0.0,580.755872,0.0
2019-01-04,15,0,19,40.55,40.55,0.0,443.66335,0.0
2019-01-04,15,0,20,49.17,49.17,0.0,537.976003,0.0
2019-01-04,15,0,21,73.78,73.78,0.0,728.663548,0.0
2019-01-04,15,0,22,262.2,262.2,0.0,2589.530797,0.0
2019-01-04,15,0,23,13.78,13.78,0.0,136.093571,0.0
2019-01-04,15,0,24,24.38,24.38,0.0,240.780934,0.0
2019-01-04,15,0,29,8.23,8.23,0.0,89.409029,0.0
2019-01-04,15,0,30,635.51,635.51,0.0,6272.314336,0.0
2019-01-04,15,0,31,46.93,46.93,0.0,463.186593,0.0
2019-01-04,15,0,32,4.87,4.87,0.0,65.439061,0.0
2019-01-04,15,0,33,3.07,3.07,0.0,34.216169,0.0
2019-01-04,15,0,34,4.91,4.91,0.0,54.723579,0.0
2019-01-04,15,0,35,4.91,4.91,0.0,54.723579,0.0
2019-01-04,15,0,36,11.75,11.75,0.0,124.684118,0.0
2019-01-04,15,0,37,5.55,5.55,0.0,58.857986,0.0
2019-01-04,15,0,38,7.14,7.14,0.0,75.720004,0.0
2019-01-04,15,0,39,4.76,4.76,0.0,50.480002,0.0
2019-01-04,15,0,40,4.76,4.76,0.0,50.480002,0.0
2019-01-04,15,0,41,19.31,19.31,0.0,197.254688,0.0
2019-01-04,15,0,42,74.76,74.76,0.0,814.650903,0.0
2019-01-04,15,0,43,35.2,35.2,0.0,374.728684,0.0
2019-01-04,15,0,46,30.49,30.49,0.0,321.18148,0.0
2019-01-04,15,0,52,49.74,49.74,0.0,490.920544,0.0
2019-01-04,15,0,53,79.02,79.02,0.0,779.906341,0.0
2019-01-04,15,0,55,288.4,288.4,0.0,2848.286353,0.0
2019-01-04,15,0,56,187.45,187.45,0.0,1850.081545,0.0
2019-01-04,15,0,57,178.31,178.31,0.0,1759.87218,0.0
2019-01-04,15,0,58,342.9,342.9,0.0,3384.331617,0.0
2019-01-04,15,0,59,337.18,337.18,0.0,3327.876741,0.0
2019-01-04,15,0,63,15.39,15.39,0.0,219.804525,0.0
2019-01-04,15,0,64,18.1,18.1,0.0,258.509546,0.0
2019-01-04,15,0,65,4.05,4.05,0.0,44.27833,0.0
2019-01-04,15,0,67,332.34,332.34,0.0,2159.153335,0.0
2019-01-04,15,0,68,8.64,8.64,0.0,68.958354,0.0
2019-01-04,15,0,69,3.07,3.07,0.0,34.216169,0.0
2019-01-04,15,0,74,61.74,61.74,0.0,660.768343,0.0
2019-01-04,15,0,77,22.06,22.06,0.0,204.245408,0.0
2019-01-04,15,0,78,16.68,16.68,0.0,154.433971,0.0
2019-01-04,15,0,79,9.65,9.65,0.0,89.345793,0.0
2019-01-04,15,0,80,15.61,15.61,0.0,144.527235,0.0
2019-01-04,15,0,81,20.4,20.4,0.0,188.87608,0.0
2019-01-04,15,0,82,14.39,14.39,0.0,133.231705,0.0
2019-01-04,15,0,83,32.1,32.1,0.0,297.202066,0.0
2019-01-04,15,0,84,0.0,0.0,0.0,0.0,0.0
2019-01-04,15,0,86,15.54,15.54,0.0,173.198457,0.0
2019-01-04,15,0,87,79.36,79.36,0.0,884.493534,0.0
2019-01-04,15,0,88,18.76,18.76,0.0,173.691924,0.0
2019-01-04,15,0,89,18.03,18.03,0.0,166.933123,0.0
2019-01-04,15,0,90,24.21,24.21,0.0,224.151465,0.0
2019-01-04,15,0,91,86.38,86.38,0.0,799.760576,0.0
2019-01-04,15,0,92,31.07,31.07,0.0,287.665676,0.0
2019-01-04,15,0,95,78.38,78.38,0.0,1055.48669,0.0
2019-01-04,15,0,96,9.42,9.42,0.0,92.90956,0.0
2019-01-04,15,0,97,57.95,57.95,0.0,571.561465,0.0
2019-01-04,15,0,99,11.92,11.92,0.0,127.573026,0.0
2019-01-04,15,0,101,12.8,12.8,0.0,126.332589,0.0
2019-01-04,15,0,102,20.45,20.45,0.0,163.2174,0.0
2019-01-04,15,0,103,17.78,17.78,0.0,141.907353,0.0
2019-01-04,15,0,104,3.3,3.3,0.0,26.33826,0.0
2019-01-04,15,0,106,258.11,258.11,0.0,2549.137277,0.0
2019-01-04,15,0,109,25.66,25.66,0.0,267.617937,0.0
2019-01-04,15,0,110,45.22,45.22,0.0,88.219698,0.0
2019-01-04,15,0,111,20.66,20.66,0.0,211.04515,0.0
2019-01-04,15,0,113,13.55,13.55,0.0,127.705285,0.0
2019-01-04,15,0,115,13.55,13.55,0.0,127.705285,0.0
2019-01-04,15,0,116,116.42,116.42,0.0,227.123779,0.0
2019-01-04,15,0,117,0.9,0.9,0.0,8.48227,0.0
2019-01-04,15,0,119,18.1,18.1,0.0,258.509546,0.0
2019-01-04,15,0,120,10.64,10.64,0.0,151.963622,0.0
2019-01-04,15,0,123,4.3,4.3,0.0,42.467515,0.0
2019-01-04,15,0,125,22.06,22.06,0.0,217.868228,0.0
2019-01-04,15,0,126,193.58,193.58,0.0,1911.828267,0.0
2019-01-04,15,0,127,248.43,248.43,0.0,2453.535987,0.0
2019-01-04,15,0,128,31.6,31.6,0.0,312.086854,0.0
2019-01-04,15,0,131,24.78,24.78,0.0,207.600578,0.0
2019-01-04,15,0,132,36.47,36.47,0.0,305.536444,0.0
2019-01-04,15,0,133,9.02,9.02,0.0,98.696097,0.0
2019-01-04,15,0,134,0.0,0.0,0.0,0.0,0.0
2019-01-04,15,0,135,12.09,12.09,0.0,132.287785,0.0
2019-01-04,15,0,136,4.04,4.04,0.0,44.167177,0.0
2019-01-04,15,0,139,25.11,25.11,0.0,256.502601,0.0
2019-01-04,15,0,140,33.47,33.47,0.0,65.296623,0.0
2019-01-04,15,0,141,56.89,56.89,0.0,369.60412,0.0
2019-01-04,15,0,142,438.27,438.27,0.0,2847.361534,0.0
2019-01-04,15,0,143,59.28,59.28,0.0,585.077802,0.0
2019-01-04,15,0,145,10.51,10.51,0.0,105.914943,0.0
2019-01-04,15,0,146,24.06,24.06,0.0,46.938654,0.0
2019-01-04,15,0,152,9.03,9.03,0.0,96.686394,0.0
2019-01-04,15,0,153,11.21,11.21,0.0,119.909621,0.0
2019-01-04,15,0,154,85.21,85.21,0.0,870.433556,0.0
2019-01-04,15,0,157,17.15,17.15,0.0,111.420472,0.0
2019-01-04,15,0,158,312.77,312.77,0.0,2032.010557,0.0
2019-01-04,15,0,159,0.0,0.0,0.0,0.0,0.0
2019-01-04,15,0,160,2.73,2.73,0.0,29.426666,0.0
2019-01-04,15,0,161,62.28,62.28,0.0,497.074801,0.0
2019-01-04,15,0,162,66.77,66.77,0.0,899.770544,0.0
2019-01-04,15,0,163,38.38,38.38,0.0,74.875542,0.0
2019-01-04,15,0,164,24.21,24.21,0.0,238.946248,0.0
2019-01-04,15,0,167,5.46,5.46,0.0,73.397632,0.0
2019-01-04,15,0,168,2.73,2.73,0.0,36.698816,0.0
2019-01-04,15,0,169,0.0,0.0,0.0,0.0,0.0
2019-01-04,15,0,170,5.97,5.97,0.0,80.253455,0.0
2019-01-04,15,0,172,7.46,7.46,0.0,98.074555,0.0
2019-01-04,15,0,173,11.36,11.36,0.0,149.346775,0.0
2019-01-04,15,0,188,9.87,9.87,0.0,130.909235,0.0
2019-01-04,15,0,190,8.09,8.09,0.0,115.543769,0.0
2019-01-04,15,0,191,20.89,20.89,0.0,298.35715,0.0
2019-01-04,15,0,192,31.9,31.9,0.0,455.605221,0.0
2019-01-04,15,0,194,20.78,20.78,0.0,222.02821,0.0
2019-01-04,15,0,196,6.19,6.19,0.0,98.257395,0.0
2019-01-04,15,0,198,11.89,11.89,0.0,130.552196,0.0
2019-01-04,15,0,199,30.45,30.45,0.0,343.581752,0.0
2019-01-04,15,0,200,19.26,19.26,0.0,217.319689,0.0
2019-01-04,15,0,204,104.16,104.16,0.0,1083.497315,0.0
2019-01-04,15,0,205,135.74,135.74,0.0,1415.684287,0.0
2019-01-04,15,0,206,170.27,170.27,0.0,1679.374818,0.0
2019-01-04,15,0,210,2.46,2.46,0.0,26.85655,0.0
2019-01-04,15,0,214,14.77,14.77,0.0,166.401641,0.0
2019-01-04,15,0,217,9.9,9.9,0.0,110.042682,0.0
2019-01-04,15,0,218,13.66,13.66,0.0,151.836671,0.0
2019-01-04,15,0,219,9.3,9.3,0.0,103.373429,0.0
2019-01-04,15,0,221,7.88,7.88,0.0,88.777585,0.0
2019-01-04,15,0,225,7.54,7.54,0.0,81.874053,0.0
2019-01-04,15,0,233,8.8,8.8,0.0,98.07892,0.0
2019-01-04,15,0,236,37.03,37.03,0.0,400.979445,0.0
2019-01-04,15,0,237,148.1,148.1,0.0,1585.030637,0.0
2019-01-04,15,0,238,97.3,97.3,0.0,1060.266625,0.0
2019-01-04,15,0,240,13.31,13.31,0.0,141.237925,0.0
2019-01-04,15,0,245,17.26,17.26,0.0,189.36598,0.0
2019-01-04,15,0,247,30.99,30.99,0.0,340.002997,0.0
2019-01-04,15,0,248,14.87,14.87,0.0,159.14521,0.0
2019-01-04,15,0,249,33.19,33.19,0.0,364.140028,0.0
2019-01-04,15,0,251,26.64,26.64,0.0,290.893398,0.0
2019-01-04,15,0,252,26.12,26.12,0.0,285.567897,0.0
2019-01-04,15,0,254,19.46,19.46,0.0,207.816264,0.0
2019-01-04,15,0,255,8.92,8.92,0.0,95.25802,0.0
2019-01-04,15,0,258,16.31,16.31,0.0,173.162486,0.0
2019-01-04,15,0,260,6.62,6.62,0.0,71.35697,0.0
2019-01-04,15,0,265,88.23,88.23,0.0,901.283331,0.0
2019-01-04,15,0,266,16.06,16.06,0.0,164.055427,0.0
2019-01-04,15,0,267,19.86,19.86,0.0,202.873025,0.0
2019-01-04,15,0,270,125.28,125.28,0.0,244.408753,0.0
2019-01-04,15,0,272,45.27,45.27,0.0,426.658174,0.0
2019-01-04,15,0,273,27.84,27.84,0.0,54.313056,0.0
2019-01-04,15,0,274,165.02,165.02,0.0,321.937519,0.0
2019-01-04,15,0,275,236.86,236.86,0.0,462.090175,0.0
2019-01-04,15,0,276,6.45,6.45,0.0,19.130107,0.0
2019-01-04,15,0,277,8.25,8.25,0.0,77.204712,0.0
2019-01-04,15,0,278,13.19,13.19,0.0,123.433958,0.0
2019-01-04,15,0,279,73.47,73.47,0.0,687.543055,0.0
2019-01-04,15,0,281,21.06,21.06,0.0,207.856588,0.0
2019-01-04,15,0,282,348.61,348.61,0.0,3440.687795,0.0
2019-01-04,16,0,9,2.61,2.61,0.0,20.591102,0.0
2019-01-04,16,0,17,42.34,42.34,0.0,396.547676,0.0
2019-01-04,16,0,19,38.22,38.22,0.0,357.960609,0.0
2019-01-04,16,0,20,48.24,48.24,0.0,451.805855,0.0
2019-01-04,16,0,21,59.68,59.68,0.0,470.834076,0.0
2019-01-04,16,0,22,212.11,212.11,0.0,1673.40174,0.0
2019-01-04,16,0,23,12.68,12.68,0.0,100.036463,0.0
2019-01-04,16,0,24,22.44,22.44,0.0,177.036137,0.0
2019-01-04,16,0,29,6.47,6.47,0.0,64.035965,0.0
2019-01-04,16,0,30,514.89,514.89,0.0,4057.306355,0.0
2019-01-04,16,0,31,38.12,38.12,0.0,300.383612,0.0
2019-01-04,16,0,32,3.78,3.78,0.0,62.475483,0.0
2019-01-04,16,0,33,2.45,2.45,0.0,23.58291,0.0
2019-01-04,16,0,34,3.92,3.92,0.0,37.732656,0.0
2019-01-04,16,0,35,3.92,3.92,0.0,37.732656,0.0
2019-01-04,16,0,36,9.57,9.57,0.0,85.858213,0.0
2019-01-04,16,0,37,4.56,4.56,0.0,40.892266,0.0
2019-01-04,16,0,38,5.86,5.86,0.0,52.550149,0.0
2019-01-04,16,0,39,3.91,3.91,0.0,35.063325,0.0
2019-01-04,16,0,40,3.91,3.91,0.0,35.063325,0.0
2019-01-04,16,0,41,19.41,19.41,0.0,162.59763,0.0
2019-01-04,16,0,42,61.93,61.93,0.0,576.534805,0.0
2019-01-04,16,0,43,29.0,29.0,0.0,262.256308,0.0
2019-01-04,16,0,46,24.3,24.3,0.0,215.502302,0.0
2019-01-04,16,0,52,40.41,40.41,0.0,318.428693,0.0
2019-01-04,16,0,53,64.2,64.2,0.0,505.892653,0.0
2019-01-04,16,0,55,240.51,240.51,0.0,1897.45817,0.0
2019-01-04,16,0,56,151.87,151.87,0.0,1196.727682,0.0
2019-01-04,16,0,57,144.47,144.47,0.0,1138.416068,0.0
2019-01-04,16,0,58,277.82,277.82,0.0,2189.207115,0.0
2019-01-04,16,0,59,273.19,273.19,0.0,2152.722956,0.0
2019-01-04,16,0,63,12.84,12.84,0.0,212.830847,0.0
2019-01-04,16,0,64,15.11,15.11,0.0,250.457484,0.0
2019-01-04,16,0,65,2.39,2.39,0.0,22.359235,0.0
2019-01-04,16,0,67,267.79,267.79,0.0,2543.783105,0.0
2019-01-04,16,0,68,6.96,6.96,0.0,56.352059,0.0
2019-01-04,16,0,69,2.45,2.45,0.0,23.58291,0.0
2019-01-04,16,0,74,23.11,23.11,0.0,209.335388,0.0
2019-01-04,16,0,77,19.84,19.84,0.0,138.666253,0.0
2019-01-04,16,0,78,15.0,15.0,0.0,104.838397,0.0
2019-01-04,16,0,79,8.68,8.68,0.0,60.666486,0.0
2019-01-04,16,0,80,14.04,14.04,0.0,98.12874,0.0
2019-01-04,16,0,81,18.36,18.36,0.0,128.322198,0.0
2019-01-04,16,0,82,12.95,12.95,0.0,90.510483,0.0
2019-01-04,16,0,83,28.87,28.87,0.0,201.778968,0.0
2019-01-04,16,0,84,0.0,0.0,0.0,0.0,0.0
2019-01-04,16,0,86,12.4,12.4,0.0,119.358402,0.0
2019-01-04,16,0,87,63.32,63.32,0.0,609.497905,0.0
2019-01-04,16,0,88,17.61,17.61,0.0,123.080278,0.0
2019-01-04,16,0,89,16.93,16.93,0.0,118.327604,0.0
2019-01-04,16,0,90,22.73,22.73,0.0,158.865118,0.0
2019-01-04,16,0,91,81.09,81.09,0.0,566.756374,0.0
2019-01-04,16,0,92,29.16,29.16,0.0,203.805844,0.0
2019-01-04,16,0,95,60.73,60.73,0.0,1000.527819,0.0
2019-01-04,16,0,96,9.42,9.42,0.0,74.136931,0.0
2019-01-04,16,0,97,57.94,57.94,0.0,455.997218,0.0
2019-01-04,16,0,99,5.07,5.07,0.0,45.925159,0.0
2019-01-04,16,0,101,10.37,10.37,0.0,81.715059,0.0
2019-01-04,16,0,102,16.47,16.47,0.0,133.350347,0.0
2019-01-04,16,0,103,14.32,14.32,0.0,115.942743,0.0
2019-01-04,16,0,104,2.66,2.66,0.0,21.53685,0.0
2019-01-04,16,0,106,208.8,208.8,0.0,1647.288121,0.0
2019-01-04,16,0,109,24.51,24.51,0.0,213.213108,0.0
2019-01-04,16,0,110,46.92,46.92,0.0,647.233846,0.0
2019-01-04,16,0,111,16.95,16.95,0.0,141.990203,0.0
2019-01-04,16,0,113,12.4,12.4,0.0,80.665313,0.0
2019-01-04,16,0,115,12.4,12.4,0.0,80.665313,0.0
2019-01-04,16,0,116,91.25,91.25,0.0,1258.740164,0.0
2019-01-04,16,0,117,0.83,0.83,0.0,5.399372,0.0
2019-01-04,16,0,119,15.11,15.11,0.0,250.457484,0.0
2019-01-04,16,0,120,8.88,8.88,0.0,147.191427,0.0
2019-01-04,16,0,123,3.48,3.48,0.0,27.454802,0.0
2019-01-04,16,0,125,20.3,20.3,0.0,160.153012,0.0
2019-01-04,16,0,126,156.6,156.6,0.0,1235.466091,0.0
2019-01-04,16,0,127,200.97,200.97,0.0,1585.514816,0.0
2019-01-04,16,0,128,29.08,29.08,0.0,229.421162,0.0
2019-01-04,16,0,131,8.59,8.59,0.0,66.331688,0.0
2019-01-04,16,0,132,12.63,12.63,0.0,97.528431,0.0
2019-01-04,16,0,133,5.75,5.75,0.0,53.858979,0.0
2019-01-04,16,0,134,0.0,0.0,0.0,0.0,0.0
2019-01-04,16,0,135,7.31,7.31,0.0,68.471154,0.0
2019-01-04,16,0,136,2.47,2.47,0.0,23.106242,0.0
2019-01-04,16,0,139,25.28,25.28,0.0,211.770638,0.0
2019-01-04,16,0,140,34.73,34.73,0.0,479.079955,0.0
2019-01-04,16,0,141,48.44,48.44,0.0,460.139862,0.0
2019-01-04,16,0,142,353.14,353.14,0.0,3354.537383,0.0
2019-01-04,16,0,143,51.52,51.52,0.0,405.974914,0.0
2019-01-04,16,0,145,11.07,11.07,0.0,90.596623,0.0
2019-01-04,16,0,146,13.11,13.11,0.0,180.844751,0.0
2019-01-04,16,0,152,7.37,7.37,0.0,66.848838,0.0
2019-01-04,16,0,153,9.12,9.12,0.0,82.600644,0.0
2019-01-04,16,0,154,69.94,69.94,0.0,585.887597,0.0
2019-01-04,16,0,157,11.3,11.3,0.0,107.340637,0.0
2019-01-04,16,0,158,250.33,250.33,0.0,2377.927573,0.0
2019-01-04,16,0,159,0.0,0.0,0.0,0.0,0.0
2019-01-04,16,0,160,2.22,2.22,0.0,20.593503,0.0
2019-01-04,16,0,161,50.5,50.5,0.0,408.876292,0.0
2019-01-04,16,0,162,50.05,50.05,0.0,824.820021,0.0
2019-01-04,16,0,163,25.3,25.3,0.0,348.998643,0.0
2019-01-04,16,0,164,19.46,19.46,0.0,153.343785,0.0
2019-01-04,16,0,167,4.23,4.23,0.0,69.701136,0.0
2019-01-04,16,0,168,2.12,2.12,0.0,34.932957,0.0
2019-01-04,16,0,169,0.0,0.0,0.0,0.0,0.0
2019-01-04,16,0,170,4.63,4.63,0.0,76.29226,0.0
2019-01-04,16,0,172,5.81,5.81,0.0,91.915887,0.0
2019-01-04,16,0,173,8.86,8.86,0.0,140.167773,0.0
2019-01-04,16,0,188,7.76,7.76,0.0,125.780967,0.0
2019-01-04,16,0,190,6.73,6.73,0.0,111.553863,0.0
2019-01-04,16,0,191,17.39,17.39,0.0,288.249877,0.0
2019-01-04,16,0,192,26.72,26.72,0.0,442.900329,0.0
2019-01-04,16,0,194,18.88,18.88,0.0,94.582822,0.0
2019-01-04,16,0,196,4.75,4.75,0.0,73.750482,0.0
2019-01-04,16,0,198,9.47,9.47,0.0,91.598311,0.0
2019-01-04,16,0,199,20.2,20.2,0.0,184.241828,0.0
2019-01-04,16,0,200,15.33,15.33,0.0,139.82313,0.0
2019-01-04,16,0,204,95.63,95.63,0.0,828.357007,0.0
2019-01-04,16,0,205,129.66,129.66,0.0,1127.915612,0.0
2019-01-04,16,0,206,170.27,170.27,0.0,1340.052576,0.0
2019-01-04,16,0,210,1.98,1.98,0.0,19.701416,0.0
2019-01-04,16,0,214,11.57,11.57,0.0,113.14728,0.0
2019-01-04,16,0,217,7.71,7.71,0.0,75.993633,0.0
2019-01-04,16,0,218,10.64,10.64,0.0,104.873184,0.0
2019-01-04,16,0,219,7.25,7.25,0.0,71.459642,0.0
2019-01-04,16,0,221,6.17,6.17,0.0,60.338696,0.0
2019-01-04,16,0,225,5.9,5.9,0.0,58.364357,0.0
2019-01-04,16,0,233,7.02,7.02,0.0,67.572257,0.0
2019-01-04,16,0,236,16.7,16.7,0.0,154.024214,0.0
2019-01-04,16,0,237,52.86,52.86,0.0,478.817335,0.0
2019-01-04,16,0,238,80.6,80.6,0.0,750.342407,0.0
2019-01-04,16,0,240,10.84,10.84,0.0,97.252145,0.0
2019-01-04,16,0,245,8.73,8.73,0.0,82.099319,0.0
2019-01-04,16,0,247,16.98,16.98,0.0,159.684585,0.0
2019-01-04,16,0,248,6.22,6.22,0.0,56.342108,0.0
2019-01-04,16,0,249,16.8,16.8,0.0,157.991816,0.0
2019-01-04,16,0,251,14.9,14.9,0.0,139.138391,0.0
2019-01-04,16,0,252,15.43,15.43,0.0,144.352716,0.0
2019-01-04,16,0,254,15.65,15.65,0.0,142.443121,0.0
2019-01-04,16,0,255,7.17,7.17,0.0,65.259884,0.0
2019-01-04,16,0,258,13.29,13.29,0.0,119.38651,0.0
2019-01-04,16,0,260,5.4,5.4,0.0,50.092304,0.0
2019-01-04,16,0,265,72.41,72.41,0.0,606.578795,0.0
2019-01-04,16,0,266,16.12,16.12,0.0,135.03729,0.0
2019-01-04,16,0,267,19.97,19.97,0.0,167.288752,0.0
2019-01-04,16,0,270,68.39,68.39,0.0,943.399888,0.0
2019-01-04,16,0,272,41.45,41.45,0.0,269.643325,0.0
2019-01-04,16,0,273,21.82,21.82,0.0,300.994086,0.0
2019-01-04,16,0,274,85.34,85.34,0.0,1177.215184,0.0
2019-01-04,16,0,275,114.42,114.42,0.0,1578.356707,0.0
2019-01-04,16,0,276,5.1,5.1,0.0,65.460418,0.0
2019-01-04,16,0,277,6.57,6.57,0.0,44.014363,0.0
2019-01-04,16,0,278,10.51,10.51,0.0,70.409583,0.0
2019-01-04,16,0,279,145.44,145.44,0.0,974.345359,0.0
2019-01-04,16,0,281,17.11,17.11,0.0,134.825908,0.0
2019-01-04,16,0,282,282.45,282.45,0.0,2225.691274,0.0
2019-01-04,17,0,9,1.75,1.75,0.0,19.877203,0.0
2019-01-04,17,0,17,28.37,28.37,0.0,324.940384,0.0
2019-01-04,17,0,19,12.32,12.32,0.0,141.109113,0.0
2019-01-04,17,0,20,14.83,14.83,0.0,169.857804,0.0
2019-01-04,17,0,21,40.0,40.0,0.0,454.336058,0.0
2019-01-04,17,0,22,142.15,142.15,0.0,1614.596765,0.0
2019-01-04,17,0,23,18.0,18.0,0.0,204.451226,0.0
2019-01-04,17,0,24,32.02,32.02,0.0,363.696014,0.0
2019-01-04,17,0,29,4.21,4.21,0.0,48.364303,0.0
2019-01-04,17,0,30,350.66,350.66,0.0,3982.72522,0.0
2019-01-04,17,0,31,35.28,35.28,0.0,400.703091,0.0
2019-01-04,17,0,32,2.47,2.47,0.0,42.882613,0.0
2019-01-04,17,0,33,1.63,1.63,0.0,18.696799,0.0
2019-01-04,17,0,34,2.61,2.61,0.0,29.93782,0.0
2019-01-04,17,0,35,2.61,2.61,0.0,29.93782,0.0
2019-01-04,17,0,36,6.54,6.54,0.0,74.740618,0.0
2019-01-04,17,0,37,3.07,3.07,0.0,35.083871,0.0
2019-01-04,17,0,38,3.94,3.94,0.0,45.026206,0.0
2019-01-04,17,0,39,2.63,2.63,0.0,30.055564,0.0
2019-01-04,17,0,40,2.63,2.63,0.0,30.055564,0.0
2019-01-04,17,0,41,7.06,7.06,0.0,80.412458,0.0
2019-01-04,17,0,42,41.91,41.91,0.0,479.870639,0.0
2019-01-04,17,0,43,19.28,19.28,0.0,220.425471,0.0
2019-01-04,17,0,46,16.51,16.51,0.0,188.570141,0.0
2019-01-04,17,0,52,37.4,37.4,0.0,424.781621,0.0
2019-01-04,17,0,53,59.42,59.42,0.0,674.880319,0.0
2019-01-04,17,0,55,214.95,214.95,0.0,2441.48839,0.0
2019-01-04,17,0,56,103.43,103.43,0.0,1174.73698,0.0
2019-01-04,17,0,57,98.39,98.39,0.0,1117.493682,0.0
2019-01-04,17,0,58,189.2,189.2,0.0,2148.895259,0.0
2019-01-04,17,0,59,186.05,186.05,0.0,2113.118197,0.0
2019-01-04,17,0,63,8.78,8.78,0.0,151.878335,0.0
2019-01-04,17,0,64,10.32,10.32,0.0,178.517588,0.0
2019-01-04,17,0,65,0.0,0.0,0.0,0.0,0.0
2019-01-04,17,0,67,179.9,179.9,0.0,2319.190461,0.0
2019-01-04,17,0,68,2.44,2.44,0.0,29.331521,0.0
2019-01-04,17,0,69,1.63,1.63,0.0,18.696799,0.0
2019-01-04,17,0,74,14.99,14.99,0.0,171.392923,0.0
2019-01-04,17,0,77,15.45,15.45,0.0,174.590089,0.0
2019-01-04,17,0,78,11.68,11.68,0.0,131.987847,0.0
2019-01-04,17,0,79,6.76,6.76,0.0,76.390227,0.0
2019-01-04,17,0,80,10.93,10.93,0.0,123.5126,0.0
2019-01-04,17,0,81,14.29,14.29,0.0,161.481707,0.0
2019-01-04,17,0,82,10.08,10.08,0.0,113.90732,0.0
2019-01-04,17,0,83,22.48,22.48,0.0,254.031405,0.0
2019-01-04,17,0,84,0.0,0.0,0.0,0.0,0.0
2019-01-04,17,0,86,8.27,8.27,0.0,94.860449,0.0
2019-01-04,17,0,87,42.23,42.23,0.0,484.39622,0.0
2019-01-04,17,0,88,12.64,12.64,0.0,142.836164,0.0
2019-01-04,17,0,89,12.15,12.15,0.0,137.299002,0.0
2019-01-04,17,0,90,16.31,16.31,0.0,184.308373,0.0
2019-01-04,17,0,91,58.2,58.2,0.0,657.679172,0.0
2019-01-04,17,0,92,20.93,20.93,0.0,236.515895,0.0
2019-01-04,17,0,95,37.97,37.97,0.0,658.263263,0.0
2019-01-04,17,0,96,7.73,7.73,0.0,87.790893,0.0
2019-01-04,17,0,97,47.51,47.51,0.0,539.578958,0.0
2019-01-04,17,0,99,3.05,3.05,0.0,34.873143,0.0
2019-01-04,17,0,101,7.06,7.06,0.0,80.186049,0.0
2019-01-04,17,0,102,5.76,5.76,0.0,69.241623,0.0
2019-01-04,17,0,103,5.01,5.01,0.0,60.225786,0.0
2019-01-04,17,0,104,0.93,0.93,0.0,11.179637,0.0
2019-01-04,17,0,106,139.93,139.93,0.0,1589.381114,0.0
2019-01-04,17,0,109,20.38,20.38,0.0,232.548903,0.0
2019-01-04,17,0,110,66.96,66.96,0.0,1041.704252,0.0
2019-01-04,17,0,111,12.34,12.34,0.0,140.550954,0.0
2019-01-04,17,0,113,6.59,6.59,0.0,73.216972,0.0
2019-01-04,17,0,115,6.59,6.59,0.0,73.216972,0.0
2019-01-04,17,0,116,62.14,62.14,0.0,966.71897,0.0
2019-01-04,17,0,117,0.44,0.44,0.0,4.888538,0.0
2019-01-04,17,0,119,10.32,10.32,0.0,178.517588,0.0
2019-01-04,17,0,120,6.07,6.07,0.0,105.00017,0.0
2019-01-04,17,0,123,2.33,2.33,0.0,26.465075,0.0
2019-01-04,17,0,125,28.94,28.94,0.0,328.712138,0.0
2019-01-04,17,0,126,104.95,104.95,0.0,1192.064231,0.0
2019-01-04,17,0,127,134.68,134.68,0.0,1529.749506,0.0
2019-01-04,17,0,128,41.66,41.66,0.0,473.191004,0.0
2019-01-04,17,0,131,6.6,6.6,0.0,77.805075,0.0
2019-01-04,17,0,132,9.71,9.71,0.0,114.46777,0.0
2019-01-04,17,0,133,4.83,4.83,0.0,55.321493,0.0
2019-01-04,17,0,134,0.0,0.0,0.0,0.0,0.0
2019-01-04,17,0,135,6.32,6.32,0.0,72.387544,0.0
2019-01-04,17,0,136,0.0,0.0,0.0,0.0,0.0
2019-01-04,17,0,139,9.11,9.11,0.0,103.761685,0.0
2019-01-04,17,0,140,49.55,49.55,0.0,770.854924,0.0
2019-01-04,17,0,141,47.56,47.56,0.0,613.122281,0.0
2019-01-04,17,0,142,237.24,237.24,0.0,3058.392134,0.0
2019-01-04,17,0,143,45.53,45.53,0.0,517.120513,0.0
2019-01-04,17,0,145,8.55,8.55,0.0,97.27688,0.0
2019-01-04,17,0,146,27.87,27.87,0.0,433.576725,0.0
2019-01-04,17,0,152,4.98,4.98,0.0,56.944325,0.0
2019-01-04,17,0,153,6.14,6.14,0.0,70.203192,0.0
2019-01-04,17,0,154,50.92,50.92,0.0,579.972006,0.0
2019-01-04,17,0,157,15.02,15.02,0.0,193.631132,0.0
2019-01-04,17,0,158,169.88,169.88,0.0,2190.017096,0.0
2019-01-04,17,0,159,0.0,0.0,0.0,0.0,0.0
2019-01-04,17,0,160,1.49,1.49,0.0,17.057358,0.0
2019-01-04,17,0,161,34.24,34.24,0.0,411.60298,0.0
2019-01-04,17,0,162,26.64,26.64,0.0,461.871808,0.0
2019-01-04,17,0,163,8.66,8.66,0.0,134.724594,0.0
2019-01-04,17,0,164,13.67,13.67,0.0,155.26109,0.0
2019-01-04,17,0,167,2.75,2.75,0.0,47.684674,0.0
2019-01-04,17,0,168,1.37,1.37,0.0,23.755638,0.0
2019-01-04,17,0,169,0.0,0.0,0.0,0.0,0.0
2019-01-04,17,0,170,3.01,3.01,0.0,52.193043,0.0
2019-01-04,17,0,172,3.79,3.79,0.0,64.997895,0.0
2019-01-04,17,0,173,5.78,5.78,0.0,99.126078,0.0
2019-01-04,17,0,188,5.08,5.08,0.0,87.433706,0.0
2019-01-04,17,0,190,4.51,4.51,0.0,78.014954,0.0
2019-01-04,17,0,191,11.64,11.64,0.0,201.351233,0.0
2019-01-04,17,0,192,0.0,0.0,0.0,0.0,0.0
2019-01-04,17,0,194,10.23,10.23,0.0,105.216682,0.0
2019-01-04,17,0,196,3.22,3.22,0.0,53.511443,0.0
2019-01-04,17,0,198,6.31,6.31,0.0,72.397458,0.0
2019-01-04,17,0,199,8.2,8.2,0.0,91.719075,0.0
2019-01-04,17,0,200,10.17,10.17,0.0,113.754023,0.0
2019-01-04,17,0,204,76.06,76.06,0.0,867.712319,0.0
2019-01-04,17,0,205,107.83,107.83,0.0,1230.409628,0.0
2019-01-04,17,0,206,139.6,139.6,0.0,1585.460376,0.0
2019-01-04,17,0,210,1.29,1.29,0.0,14.823864,0.0
2019-01-04,17,0,214,7.65,7.65,0.0,87.824639,0.0
2019-01-04,17,0,217,5.02,5.02,0.0,57.656314,0.0
2019-01-04,17,0,218,6.93,6.93,0.0,79.593278,0.0
2019-01-04,17,0,219,4.72,4.72,0.0,54.210718,0.0
2019-01-04,17,0,221,4.08,4.08,0.0,46.839807,0.0
2019-01-04,17,0,225,3.85,3.85,0.0,44.227371,0.0
2019-01-04,17,0,233,4.68,4.68,0.0,53.681608,0.0
2019-01-04,17,0,236,12.49,12.49,0.0,142.941173,0.0
2019-01-04,17,0,237,37.04,37.04,0.0,423.508597,0.0
2019-01-04,17,0,238,54.56,54.56,0.0,624.713483,0.0
2019-01-04,17,0,240,7.42,7.42,0.0,84.797459,0.0
2019-01-04,17,0,245,3.61,3.61,0.0,41.356682,0.0
2019-01-04,17,0,247,6.72,6.72,0.0,76.985291,0.0
2019-01-04,17,0,248,3.77,3.77,0.0,43.105492,0.0
2019-01-04,17,0,249,6.94,6.94,0.0,79.505643,0.0
2019-01-04,17,0,251,0.0,0.0,0.0,0.0,0.0
2019-01-04,17,0,252,0.0,0.0,0.0,0.0,0.0
2019-01-04,17,0,254,10.51,10.51,0.0,120.198972,0.0
2019-01-04,17,0,255,4.82,4.82,0.0,55.124552,0.0
2019-01-04,17,0,258,9.14,9.14,0.0,104.460844,0.0
2019-01-04,17,0,260,3.62,3.62,0.0,41.441366,0.0
2019-01-04,17,0,265,52.72,52.72,0.0,600.473766,0.0
2019-01-04,17,0,266,5.9,5.9,0.0,67.200213,0.0
2019-01-04,17,0,267,7.25,7.25,0.0,82.576533,0.0
2019-01-04,17,0,270,27.03,27.03,0.0,420.50875,0.0
2019-01-04,17,0,272,22.04,22.04,0.0,244.871329,0.0
2019-01-04,17,0,273,14.86,14.86,0.0,231.178692,0.0
2019-01-04,17,0,274,34.85,34.85,0.0,542.16537,0.0
2019-01-04,17,0,275,48.51,48.51,0.0,754.675527,0.0
2019-01-04,17,0,276,3.47,3.47,0.0,51.917964,0.0
2019-01-04,17,0,277,4.44,4.44,0.0,49.668035,0.0
2019-01-04,17,0,278,7.1,7.1,0.0,79.424111,0.0
2019-01-04,17,0,279,33.98,33.98,0.0,380.117082,0.0
2019-01-04,17,0,281,15.84,15.84,0.0,179.90751,0.0
2019-01-04,17,0,282,192.36,192.36,0.0,2184.785899,0.0
2019-01-04,18,0,9,0.84,0.84,0.0,17.553039,0.0
2019-01-04,18,0,17,12.55,12.55,0.0,233.250905,0.0
2019-01-04,18,0,19,8.8,8.8,0.0,163.554419,0.0
2019-01-04,18,0,20,10.72,10.72,0.0,199.23902,0.0
2019-01-04,18,0,21,19.32,19.32,0.0,403.719899,0.0
2019-01-04,18,0,22,68.66,68.66,0.0,1434.751982,0.0
2019-01-04,18,0,23,35.82,35.82,0.0,748.511739,0.0
2019-01-04,18,0,24,63.57,63.57,0.0,1328.388923,0.0
2019-01-04,18,0,29,1.46,1.46,0.0,12.067824,0.0
2019-01-04,18,0,30,179.53,179.53,0.0,3755.401481,0.0
2019-01-04,18,0,31,24.18,24.18,0.0,505.796289,0.0
2019-01-04,18,0,32,0.86,0.86,0.0,21.826869,0.0
2019-01-04,18,0,33,0.7,0.7,0.0,12.974841,0.0
2019-01-04,18,0,34,1.11,1.11,0.0,20.57439,0.0
2019-01-04,18,0,35,1.11,1.11,0.0,20.57439,0.0
2019-01-04,18,0,36,2.86,2.86,0.0,52.153812,0.0
2019-01-04,18,0,37,1.34,1.34,0.0,24.344521,0.0
2019-01-04,18,0,38,1.73,1.73,0.0,31.429867,0.0
2019-01-04,18,0,39,1.15,1.15,0.0,20.892686,0.0
2019-01-04,18,0,40,1.15,1.15,0.0,20.892686,0.0
2019-01-04,18,0,41,6.85,6.85,0.0,136.048097,0.0
2019-01-04,18,0,42,20.77,20.77,0.0,386.251803,0.0
2019-01-04,18,0,43,8.19,8.19,0.0,145.386932,0.0
2019-01-04,18,0,46,7.0,7.0,0.0,128.334146,0.0
2019-01-04,18,0,52,25.63,25.63,0.0,536.127332,0.0
2019-01-04,18,0,53,40.73,40.73,0.0,851.988538,0.0
2019-01-04,18,0,55,141.61,141.61,0.0,2959.149842,0.0
2019-01-04,18,0,56,52.96,52.96,0.0,1107.815198,0.0
2019-01-04,18,0,57,50.37,50.37,0.0,1053.637679,0.0
2019-01-04,18,0,58,96.87,96.87,0.0,2026.322851,0.0
2019-01-04,18,0,59,95.25,95.25,0.0,1992.435755,0.0
2019-01-04,18,0,63,3.48,3.48,0.0,86.591702,0.0
2019-01-04,18,0,64,4.09,4.09,0.0,101.770133,0.0
2019-01-04,18,0,65,0.0,0.0,0.0,0.0,0.0
2019-01-04,18,0,67,85.9,85.9,0.0,2024.002769,0.0
2019-01-04,18,0,68,0.75,0.75,0.0,17.490727,0.0
2019-01-04,18,0,69,0.7,0.7,0.0,12.974841,0.0
2019-01-04,18,0,74,8.86,8.86,0.0,165.753478,0.0
2019-01-04,18,0,77,11.85,11.85,0.0,272.31493,0.0
2019-01-04,18,0,78,8.96,8.96,0.0,205.902259,0.0
2019-01-04,18,0,79,5.19,5.19,0.0,119.267045,0.0
2019-01-04,18,0,80,8.39,8.39,0.0,192.803566,0.0
2019-01-04,18,0,81,10.96,10.96,0.0,251.862585,0.0
2019-01-04,18,0,82,7.73,7.73,0.0,177.636659,0.0
2019-01-04,18,0,83,17.25,17.25,0.0,396.407809,0.0
2019-01-04,18,0,84,0.0,0.0,0.0,0.0,0.0
2019-01-04,18,0,86,3.52,3.52,0.0,65.244914,0.0
2019-01-04,18,0,87,17.99,17.99,0.0,333.453408,0.0
2019-01-04,18,0,88,8.64,8.64,0.0,198.548607,0.0
2019-01-04,18,0,89,8.31,8.31,0.0,190.965153,0.0
2019-01-04,18,0,90,11.16,11.16,0.0,256.458617,0.0
2019-01-04,18,0,91,39.8,39.8,0.0,914.610481,0.0
2019-01-04,18,0,92,14.31,14.31,0.0,328.84613,0.0
2019-01-04,18,0,95,25.0,25.0,0.0,635.342336,0.0
2019-01-04,18,0,96,6.29,6.29,0.0,131.715212,0.0
2019-01-04,18,0,97,38.67,38.67,0.0,809.765856,0.0
2019-01-04,18,0,99,1.71,1.71,0.0,31.990795,0.0
2019-01-04,18,0,101,3.62,3.62,0.0,75.723018,0.0
2019-01-04,18,0,102,1.77,1.77,0.0,41.278115,0.0
2019-01-04,18,0,103,1.54,1.54,0.0,35.914292,0.0
2019-01-04,18,0,104,0.29,0.29,0.0,6.763081,0.0
2019-01-04,18,0,106,67.59,67.59,0.0,1412.392753,0.0
2019-01-04,18,0,109,16.86,16.86,0.0,319.878439,0.0
2019-01-04,18,0,110,95.62,95.62,0.0,2323.698795,0.0
2019-01-04,18,0,111,5.98,5.98,0.0,118.768996,0.0
2019-01-04,18,0,113,2.93,2.93,0.0,68.533885,0.0
2019-01-04,18,0,115,2.93,2.93,0.0,68.533885,0.0
2019-01-04,18,0,116,26.4,26.4,0.0,641.556664,0.0
2019-01-04,18,0,117,0.2,0.2,0.0,4.678081,0.0
2019-01-04,18,0,119,4.09,4.09,0.0,101.770133,0.0
2019-01-04,18,0,120,2.41,2.41,0.0,59.967242,0.0
2019-01-04,18,0,123,1.13,1.13,0.0,23.613017,0.0
2019-01-04,18,0,125,57.49,57.49,0.0,1201.338355,0.0
2019-01-04,18,0,126,50.69,50.69,0.0,1059.242324,0.0
2019-01-04,18,0,127,65.06,65.06,0.0,1359.524671,0.0
2019-01-04,18,0,128,82.56,82.56,0.0,1725.212986,0.0
2019-01-04,18,0,131,4.98,4.98,0.0,115.817436,0.0
2019-01-04,18,0,132,7.31,7.31,0.0,170.005112,0.0
2019-01-04,18,0,133,3.94,3.94,0.0,73.227023,0.0
2019-01-04,18,0,134,0.0,0.0,0.0,0.0,0.0
2019-01-04,18,0,135,5.28,5.28,0.0,98.131645,0.0
2019-01-04,18,0,136,0.0,0.0,0.0,0.0,0.0
2019-01-04,18,0,139,8.85,8.85,0.0,175.77017,0.0
2019-01-04,18,0,140,70.77,70.77,0.0,1719.809284,0.0
2019-01-04,18,0,141,47.41,47.41,0.0,1117.089305,0.0
2019-01-04,18,0,142,113.28,113.28,0.0,2669.138926,0.0
2019-01-04,18,0,143,29.73,29.73,0.0,621.890971,0.0
2019-01-04,18,0,145,6.45,6.45,0.0,130.273526,0.0
2019-01-04,18,0,146,51.35,51.35,0.0,1247.876314,0.0
2019-01-04,18,0,152,2.26,2.26,0.0,42.045552,0.0
2019-01-04,18,0,153,2.76,2.76,0.0,51.347806,0.0
2019-01-04,18,0,154,24.68,24.68,0.0,490.170372,0.0
2019-01-04,18,0,157,20.05,20.05,0.0,472.424395,0.0
2019-01-04,18,0,158,80.11,80.11,0.0,1887.576971,0.0
2019-01-04,18,0,159,0.0,0.0,0.0,0.0,0.0
2019-01-04,18,0,160,0.62,0.62,0.0,10.320562,0.0
2019-01-04,18,0,161,15.79,15.79,0.0,368.238102,0.0
2019-01-04,18,0,162,14.08,14.08,0.0,357.689662,0.0
2019-01-04,18,0,163,0.0,0.0,0.0,0.0,0.0
2019-01-04,18,0,164,7.43,7.43,0.0,155.420448,0.0
2019-01-04,18,0,167,0.91,0.91,0.0,23.135553,0.0
2019-01-04,18,0,168,0.46,0.46,0.0,11.694895,0.0
2019-01-04,18,0,169,0.0,0.0,0.0,0.0,0.0
2019-01-04,18,0,170,1.0,1.0,0.0,25.423685,0.0
2019-01-04,18,0,172,1.3,1.3,0.0,34.453153,0.0
2019-01-04,18,0,173,1.97,1.97,0.0,52.209778,0.0
2019-01-04,18,0,188,1.79,1.79,0.0,45.795068,0.0
2019-01-04,18,0,190,1.76,1.76,0.0,43.793505,0.0
2019-01-04,18,0,191,4.55,4.55,0.0,113.216163,0.0
2019-01-04,18,0,192,15.71,15.71,0.0,390.906795,0.0
2019-01-04,18,0,194,9.69,9.69,0.0,228.621179,0.0
2019-01-04,18,0,196,1.33,1.33,0.0,32.636859,0.0
2019-01-04,18,0,198,2.48,2.48,0.0,35.269517,0.0
2019-01-04,18,0,199,0.0,0.0,0.0,0.0,0.0
2019-01-04,18,0,200,3.82,3.82,0.0,54.075369,0.0
2019-01-04,18,0,204,59.95,59.95,0.0,1140.220594,0.0
2019-01-04,18,0,205,89.21,89.21,0.0,1692.547778,0.0
2019-01-04,18,0,206,113.62,113.62,0.0,2379.249975,0.0
2019-01-04,18,0,210,0.44,0.44,0.0,3.765093,0.0
2019-01-04,18,0,214,2.92,2.92,0.0,54.043494,0.0
2019-01-04,18,0,217,1.83,1.83,0.0,25.84179,0.0
2019-01-04,18,0,218,2.53,2.53,0.0,35.726628,0.0
2019-01-04,18,0,219,1.72,1.72,0.0,24.288458,0.0
2019-01-04,18,0,221,1.56,1.56,0.0,28.872551,0.0
2019-01-04,18,0,225,1.36,1.36,0.0,11.202989,0.0
2019-01-04,18,0,233,1.99,1.99,0.0,36.885619,0.0
2019-01-04,18,0,236,12.13,12.13,0.0,225.662208,0.0
2019-01-04,18,0,237,21.25,21.25,0.0,397.546434,0.0
2019-01-04,18,0,238,27.04,27.04,0.0,502.852612,0.0
2019-01-04,18,0,240,3.24,3.24,0.0,59.08334,0.0
2019-01-04,18,0,245,2.4,2.4,0.0,44.587896,0.0
2019-01-04,18,0,247,3.91,3.91,0.0,72.641114,0.0
2019-01-04,18,0,248,2.13,2.13,0.0,39.848184,0.0
2019-01-04,18,0,249,4.61,4.61,0.0,85.645916,0.0
2019-01-04,18,0,251,0.0,0.0,0.0,0.0,0.0
2019-01-04,18,0,252,0.0,0.0,0.0,0.0,0.0
2019-01-04,18,0,254,4.39,4.39,0.0,76.712195,0.0
2019-01-04,18,0,255,2.01,2.01,0.0,35.123351,0.0
2019-01-04,18,0,258,3.98,3.98,0.0,72.266671,0.0
2019-01-04,18,0,260,1.49,1.49,0.0,24.802641,0.0
2019-01-04,18,0,265,25.55,25.55,0.0,507.449473,0.0
2019-01-04,18,0,266,5.73,5.73,0.0,113.803737,0.0
2019-01-04,18,0,267,7.04,7.04,0.0,139.821694,0.0
2019-01-04,18,0,270,0.0,0.0,0.0,0.0,0.0
2019-01-04,18,0,272,9.8,9.8,0.0,229.225964,0.0
2019-01-04,18,0,273,6.31,6.31,0.0,153.341763,0.0
2019-01-04,18,0,274,0.0,0.0,0.0,0.0,0.0
2019-01-04,18,0,275,0.0,0.0,0.0,0.0,0.0
2019-01-04,18,0,276,1.5,1.5,0.0,36.204553,0.0
2019-01-04,18,0,277,1.96,1.96,0.0,45.522827,0.0
2019-01-04,18,0,278,3.13,3.13,0.0,72.697167,0.0
2019-01-04,18,0,279,15.25,15.25,0.0,354.195463,0.0
2019-01-04,18,0,281,10.84,10.84,0.0,226.750694,0.0
2019-01-04,18,0,282,98.48,98.48,0.0,2060.000768,0.0
2019-01-04,19,0,9,0.0,0.0,0.0,0.0,0.0
2019-01-04,19,0,17,0.0,0.0,0.0,0.0,0.0
2019-01-04,19,0,19,29.8,29.8,0.0,590.482417,0.0
2019-01-04,19,0,20,36.22,36.22,0.0,717.693729,0.0
2019-01-04,19,0,21,0.0,0.0,0.0,0.0,0.0
2019-01-04,19,0,22,0.0,0.0,0.0,0.0,0.0
2019-01-04,19,0,23,40.83,40.83,0.0,1027.120371,0.0
2019-01-04,19,0,24,72.24,72.24,0.0,1817.271017,0.0
2019-01-04,19,0,29,0.0,0.0,0.0,0.0,0.0
2019-01-04,19,0,30,0.0,0.0,0.0,0.0,0.0
2019-01-04,19,0,31,9.14,9.14,0.0,230.304055,0.0
2019-01-04,19,0,32,0.0,0.0,0.0,0.0,0.0
2019-01-04,19,0,33,0.0,0.0,0.0,0.0,0.0
2019-01-04,19,0,34,0.0,0.0,0.0,0.0,0.0
2019-01-04,19,0,35,0.0,0.0,0.0,0.0,0.0
2019-01-04,19,0,36,0.0,0.0,0.0,0.0,0.0
2019-01-04,19,0,37,0.0,0.0,0.0,0.0,0.0
2019-01-04,19,0,38,0.0,0.0,0.0,0.0,0.0
2019-01-04,19,0,39,0.0,0.0,0.0,0.0,0.0
2019-01-04,19,0,40,0.0,0.0,0.0,0.0,0.0
2019-01-04,19,0,41,7.57,7.57,0.0,174.817794,0.0
2019-01-04,19,0,42,0.0,0.0,0.0,0.0,0.0
2019-01-04,19,0,43,0.0,0.0,0.0,0.0,0.0
2019-01-04,19,0,46,0.0,0.0,0.0,0.0,0.0
2019-01-04,19,0,52,9.68,9.68,0.0,243.91064,0.0
2019-01-04,19,0,53,15.39,15.39,0.0,387.787681,0.0
2019-01-04,19,0,55,51.6,51.6,0.0,1298.050726,0.0
2019-01-04,19,0,56,0.0,0.0,0.0,0.0,0.0
2019-01-04,19,0,57,0.0,0.0,0.0,0.0,0.0
2019-01-04,19,0,58,0.0,0.0,0.0,0.0,0.0
2019-01-04,19,0,59,0.0,0.0,0.0,0.0,0.0
2019-01-04,19,0,63,0.0,0.0,0.0,0.0,0.0
2019-01-04,19,0,64,0.0,0.0,0.0,0.0,0.0
2019-01-04,19,0,65,0.0,0.0,0.0,0.0,0.0
2019-01-04,19,0,67,0.0,0.0,0.0,0.0,0.0
2019-01-04,19,0,68,0.49,0.49,0.0,14.585867,0.0
2019-01-04,19,0,69,0.0,0.0,0.0,0.0,0.0
2019-01-04,19,0,74,9.49,9.49,0.0,194.867962,0.0
2019-01-04,19,0,77,8.89,8.89,0.0,259.160028,0.0
2019-01-04,19,0,78,6.72,6.72,0.0,195.900494,0.0
2019-01-04,19,0,79,3.89,3.89,0.0,113.400732,0.0
2019-01-04,19,0,80,6.29,6.29,0.0,183.365194,0.0
2019-01-04,19,0,81,8.22,8.22,0.0,239.628283,0.0
2019-01-04,19,0,82,5.8,5.8,0.0,169.080783,0.0
2019-01-04,19,0,83,12.93,12.93,0.0,376.933539,0.0
2019-01-04,19,0,84,0.0,0.0,0.0,0.0,0.0
2019-01-04,19,0,86,0.0,0.0,0.0,0.0,0.0
2019-01-04,19,0,87,0.0,0.0,0.0,0.0,0.0
2019-01-04,19,0,88,5.66,5.66,0.0,164.999523,0.0
2019-01-04,19,0,89,5.44,5.44,0.0,158.586114,0.0
2019-01-04,19,0,90,7.3,7.3,0.0,212.808572,0.0
2019-01-04,19,0,91,26.05,26.05,0.0,759.405932,0.0
2019-01-04,19,0,92,9.37,9.37,0.0,273.152921,0.0
2019-01-04,19,0,95,19.37,19.37,0.0,644.793207,0.0
2019-01-04,19,0,96,5.12,5.12,0.0,129.231891,0.0
2019-01-04,19,0,97,31.51,31.51,0.0,795.331423,0.0
2019-01-04,19,0,99,1.83,1.83,0.0,37.577278,0.0
2019-01-04,19,0,101,0.0,0.0,0.0,0.0,0.0
2019-01-04,19,0,102,1.39,1.39,0.0,41.376236,0.0
2019-01-04,19,0,103,1.17,1.17,0.0,34.827479,0.0
2019-01-04,19,0,104,0.17,0.17,0.0,5.060403,0.0
2019-01-04,19,0,106,0.0,0.0,0.0,0.0,0.0
2019-01-04,19,0,109,13.89,13.89,0.0,298.735955,0.0
2019-01-04,19,0,110,133.82,133.82,0.0,4210.009206,0.0
2019-01-04,19,0,111,0.0,0.0,0.0,0.0,0.0
2019-01-04,19,0,113,0.97,0.97,0.0,29.049432,0.0
2019-01-04,19,0,115,0.97,0.97,0.0,29.049432,0.0
2019-01-04,19,0,116,0.0,0.0,0.0,0.0,0.0
2019-01-04,19,0,117,0.06,0.06,0.0,1.796872,0.0
2019-01-04,19,0,119,0.0,0.0,0.0,0.0,0.0
2019-01-04,19,0,120,0.0,0.0,0.0,0.0,0.0
2019-01-04,19,0,123,0.0,0.0,0.0,0.0,0.0
2019-01-04,19,0,125,65.37,65.37,0.0,1644.449147,0.0
2019-01-04,19,0,126,0.0,0.0,0.0,0.0,0.0
2019-01-04,19,0,127,0.0,0.0,0.0,0.0,0.0
2019-01-04,19,0,128,93.62,93.62,0.0,2355.106764,0.0
2019-01-04,19,0,131,3.71,3.71,0.0,110.022878,0.0
2019-01-04,19,0,132,5.46,5.46,0.0,161.920462,0.0
2019-01-04,19,0,133,7.27,7.27,0.0,144.038778,0.0
2019-01-04,19,0,134,0.0,0.0,0.0,0.0,0.0
2019-01-04,19,0,135,9.86,9.86,0.0,195.353831,0.0
2019-01-04,19,0,136,0.0,0.0,0.0,0.0,0.0
2019-01-04,19,0,139,9.78,9.78,0.0,225.854428,0.0
2019-01-04,19,0,140,99.04,99.04,0.0,3115.822088,0.0
2019-01-04,19,0,141,47.68,47.68,0.0,1439.167076,0.0
2019-01-04,19,0,142,0.0,0.0,0.0,0.0,0.0
2019-01-04,19,0,143,10.56,10.56,0.0,266.084335,0.0
2019-01-04,19,0,145,4.74,4.74,0.0,112.95127,0.0
2019-01-04,19,0,146,85.02,85.02,0.0,2674.749534,0.0
2019-01-04,19,0,152,0.0,0.0,0.0,0.0,0.0
2019-01-04,19,0,153,0.0,0.0,0.0,0.0,0.0
2019-01-04,19,0,154,0.0,0.0,0.0,0.0,0.0
2019-01-04,19,0,157,26.6,26.6,0.0,802.891028,0.0
2019-01-04,19,0,158,0.0,0.0,0.0,0.0,0.0
2019-01-04,19,0,159,0.0,0.0,0.0,0.0,0.0
2019-01-04,19,0,160,0.0,0.0,0.0,0.0,0.0
2019-01-04,19,0,161,0.0,0.0,0.0,0.0,0.0
2019-01-04,19,0,162,8.97,8.97,0.0,298.456432,0.0
2019-01-04,19,0,163,0.0,0.0,0.0,0.0,0.0
2019-01-04,19,0,164,0.01,0.01,0.0,0.251974,0.0
2019-01-04,19,0,167,0.0,0.0,0.0,0.0,0.0
2019-01-04,19,0,168,0.0,0.0,0.0,0.0,0.0
2019-01-04,19,0,169,0.0,0.0,0.0,0.0,0.0
2019-01-04,19,0,170,0.0,0.0,0.0,0.0,0.0
2019-01-04,19,0,172,0.0,0.0,0.0,0.0,0.0
2019-01-04,19,0,173,0.0,0.0,0.0,0.0,0.0
2019-01-04,19,0,188,0.0,0.0,0.0,0.0,0.0
2019-01-04,19,0,190,0.0,0.0,0.0,0.0,0.0
2019-01-04,19,0,191,0.0,0.0,0.0,0.0,0.0
2019-01-04,19,0,192,83.76,83.76,0.0,2716.132184,0.0
2019-01-04,19,0,194,9.18,9.18,0.0,278.891204,0.0
2019-01-04,19,0,196,0.0,0.0,0.0,0.0,0.0
2019-01-04,19,0,198,0.0,0.0,0.0,0.0,0.0
2019-01-04,19,0,199,0.0,0.0,0.0,0.0,0.0
2019-01-04,19,0,200,0.0,0.0,0.0,0.0,0.0
2019-01-04,19,0,204,47.02,47.02,0.0,1016.991171,0.0
2019-01-04,19,0,205,73.5,73.5,0.0,1580.784213,0.0
2019-01-04,19,0,206,92.59,92.59,0.0,2337.027497,0.0
2019-01-04,19,0,210,0.0,0.0,0.0,0.0,0.0
2019-01-04,19,0,214,0.0,0.0,0.0,0.0,0.0
2019-01-04,19,0,217,0.0,0.0,0.0,0.0,0.0
2019-01-04,19,0,218,0.0,0.0,0.0,0.0,0.0
2019-01-04,19,0,219,0.0,0.0,0.0,0.0,0.0
2019-01-04,19,0,221,0.0,0.0,0.0,0.0,0.0
2019-01-04,19,0,225,0.0,0.0,0.0,0.0,0.0
2019-01-04,19,0,233,0.0,0.0,0.0,0.0,0.0
2019-01-04,19,0,236,15.56,15.56,0.0,312.851013,0.0
2019-01-04,19,0,237,22.75,22.75,0.0,467.149225,0.0
2019-01-04,19,0,238,0.0,0.0,0.0,0.0,0.0
2019-01-04,19,0,240,0.0,0.0,0.0,0.0,0.0
2019-01-04,19,0,245,4.1,4.1,0.0,80.907301,0.0
2019-01-04,19,0,247,6.23,6.23,0.0,122.93963,0.0
2019-01-04,19,0,248,2.28,2.28,0.0,46.817593,0.0
2019-01-04,19,0,249,7.88,7.88,0.0,155.499886,0.0
2019-01-04,19,0,251,0.0,0.0,0.0,0.0,0.0
2019-01-04,19,0,252,0.0,0.0,0.0,0.0,0.0
2019-01-04,19,0,254,0.0,0.0,0.0,0.0,0.0
2019-01-04,19,0,255,0.0,0.0,0.0,0.0,0.0
2019-01-04,19,0,258,0.0,0.0,0.0,0.0,0.0
2019-01-04,19,0,260,0.0,0.0,0.0,0.0,0.0
2019-01-04,19,0,265,0.0,0.0,0.0,0.0,0.0
2019-01-04,19,0,266,6.33,6.33,0.0,146.181854,0.0
2019-01-04,19,0,267,7.78,7.78,0.0,179.667429,0.0
2019-01-04,19,0,270,0.0,0.0,0.0,0.0,0.0
2019-01-04,19,0,272,3.24,3.24,0.0,97.031092,0.0
2019-01-04,19,0,273,0.0,0.0,0.0,0.0,0.0
2019-01-04,19,0,274,0.0,0.0,0.0,0.0,0.0
2019-01-04,19,0,275,0.0,0.0,0.0,0.0,0.0
2019-01-04,19,0,276,0.0,0.0,0.0,0.0,0.0
2019-01-04,19,0,277,0.0,0.0,0.0,0.0,0.0
2019-01-04,19,0,278,0.0,0.0,0.0,0.0,0.0
2019-01-04,19,0,279,0.0,0.0,0.0,0.0,0.0
2019-01-04,19,0,281,4.1,4.1,0.0,103.309259,0.0
2019-01-04,19,0,282,0.0,0.0,0.0,0.0,0.0
2019-01-04,20,0,9,0.0,0.0,0.0,0.0,0.0
2019-01-04,20,0,17,0.0,0.0,0.0,0.0,0.0
2019-01-04,20,0,19,29.44,29.44,0.0,511.759722,0.0
2019-01-04,20,0,20,35.71,35.71,0.0,620.752027,0.0
2019-01-04,20,0,21,0.0,0.0,0.0,0.0,0.0
2019-01-04,20,0,22,0.0,0.0,0.0,0.0,0.0
2019-01-04,20,0,23,43.11,43.11,0.0,795.288428,0.0
2019-01-04,20,0,24,76.27,76.27,0.0,1407.020376,0.0
2019-01-04,20,0,29,0.0,0.0,0.0,0.0,0.0
2019-01-04,20,0,30,0.0,0.0,0.0,0.0,0.0
2019-01-04,20,0,31,8.89,8.89,0.0,164.122903,0.0
2019-01-04,20,0,32,0.0,0.0,0.0,0.0,0.0
2019-01-04,20,0,33,0.0,0.0,0.0,0.0,0.0
2019-01-04,20,0,34,0.0,0.0,0.0,0.0,0.0
2019-01-04,20,0,35,0.0,0.0,0.0,0.0,0.0
2019-01-04,20,0,36,0.0,0.0,0.0,0.0,0.0
2019-01-04,20,0,37,0.0,0.0,0.0,0.0,0.0
2019-01-04,20,0,38,0.0,0.0,0.0,0.0,0.0
2019-01-04,20,0,39,0.0,0.0,0.0,0.0,0.0
2019-01-04,20,0,40,0.0,0.0,0.0,0.0,0.0
2019-01-04,20,0,41,12.5,12.5,0.0,222.776525,0.0
2019-01-04,20,0,42,0.0,0.0,0.0,0.0,0.0
2019-01-04,20,0,43,0.0,0.0,0.0,0.0,0.0
2019-01-04,20,0,46,0.0,0.0,0.0,0.0,0.0
2019-01-04,20,0,52,9.43,9.43,0.0,174.092124,0.0
2019-01-04,20,0,53,14.98,14.98,0.0,276.553554,0.0
2019-01-04,20,0,55,58.71,58.71,0.0,1083.075472,0.0
2019-01-04,20,0,56,0.0,0.0,0.0,0.0,0.0
2019-01-04,20,0,57,0.0,0.0,0.0,0.0,0.0
2019-01-04,20,0,58,0.0,0.0,0.0,0.0,0.0
2019-01-04,20,0,59,0.0,0.0,0.0,0.0,0.0
2019-01-04,20,0,63,0.0,0.0,0.0,0.0,0.0
2019-01-04,20,0,64,0.0,0.0,0.0,0.0,0.0
2019-01-04,20,0,65,1.04,1.04,0.0,18.071284,0.0
2019-01-04,20,0,67,0.0,0.0,0.0,0.0,0.0
2019-01-04,20,0,68,0.77,0.77,0.0,16.457986,0.0
2019-01-04,20,0,69,0.0,0.0,0.0,0.0,0.0
2019-01-04,20,0,74,6.05,6.05,0.0,104.322726,0.0
2019-01-04,20,0,77,17.1,17.1,0.0,338.181234,0.0
2019-01-04,20,0,78,12.98,12.98,0.0,256.701311,0.0
2019-01-04,20,0,79,7.55,7.55,0.0,149.313936,0.0
2019-01-04,20,0,80,12.16,12.16,0.0,240.484433,0.0
2019-01-04,20,0,81,15.83,15.83,0.0,313.064849,0.0
2019-01-04,20,0,82,11.22,11.22,0.0,221.894353,0.0
2019-01-04,20,0,83,24.68,24.68,0.0,488.08847,0.0
2019-01-04,20,0,84,0.0,0.0,0.0,0.0,0.0
2019-01-04,20,0,86,0.0,0.0,0.0,0.0,0.0
2019-01-04,20,0,87,0.0,0.0,0.0,0.0,0.0
2019-01-04,20,0,88,15.2,15.2,0.0,300.605541,0.0
2019-01-04,20,0,89,14.62,14.62,0.0,289.135066,0.0
2019-01-04,20,0,90,19.61,19.61,0.0,387.820701,0.0
2019-01-04,20,0,91,69.82,69.82,0.0,1380.80782,0.0
2019-01-04,20,0,92,25.15,25.15,0.0,497.38351,0.0
2019-01-04,20,0,95,17.86,17.86,0.0,587.168134,0.0
2019-01-04,20,0,96,6.71,6.71,0.0,123.972385,0.0
2019-01-04,20,0,97,48.47,48.47,0.0,895.52034,0.0
2019-01-04,20,0,99,1.17,1.17,0.0,20.174808,0.0
2019-01-04,20,0,101,0.0,0.0,0.0,0.0,0.0
2019-01-04,20,0,102,1.83,1.83,0.0,39.114434,0.0
2019-01-04,20,0,103,1.59,1.59,0.0,33.984672,0.0
2019-01-04,20,0,104,0.3,0.3,0.0,6.412202,0.0
2019-01-04,20,0,106,0.0,0.0,0.0,0.0,0.0
2019-01-04,20,0,109,13.05,13.05,0.0,224.496482,0.0
2019-01-04,20,0,110,133.84,133.84,0.0,3845.58085,0.0
2019-01-04,20,0,111,0.0,0.0,0.0,0.0,0.0
2019-01-04,20,0,113,1.91,1.91,0.0,37.628656,0.0
2019-01-04,20,0,115,1.91,1.91,0.0,37.628656,0.0
2019-01-04,20,0,116,0.0,0.0,0.0,0.0,0.0
2019-01-04,20,0,117,0.13,0.13,0.0,2.561113,0.0
2019-01-04,20,0,119,0.0,0.0,0.0,0.0,0.0
2019-01-04,20,0,120,0.0,0.0,0.0,0.0,0.0
2019-01-04,20,0,123,0.0,0.0,0.0,0.0,0.0
2019-01-04,20,0,125,69.02,69.02,0.0,1273.273192,0.0
2019-01-04,20,0,126,0.0,0.0,0.0,0.0,0.0
2019-01-04,20,0,127,0.0,0.0,0.0,0.0,0.0
2019-01-04,20,0,128,98.85,98.85,0.0,1823.573674,0.0
2019-01-04,20,0,131,5.21,5.21,0.0,108.83808,0.0
2019-01-04,20,0,132,7.66,7.66,0.0,160.019135,0.0
2019-01-04,20,0,133,5.09,5.09,0.0,88.483509,0.0
2019-01-04,20,0,134,0.0,0.0,0.0,0.0,0.0
2019-01-04,20,0,135,6.78,6.78,0.0,117.86212,0.0
2019-01-04,20,0,136,1.04,1.04,0.0,18.07089,0.0
2019-01-04,20,0,139,16.74,16.74,0.0,298.342323,0.0
2019-01-04,20,0,140,99.05,99.05,0.0,2845.971184,0.0
2019-01-04,20,0,141,58.52,58.52,0.0,1356.812674,0.0
2019-01-04,20,0,142,0.0,0.0,0.0,0.0,0.0
2019-01-04,20,0,143,10.19,10.19,0.0,188.122878,0.0
2019-01-04,20,0,145,5.08,5.08,0.0,91.419046,0.0
2019-01-04,20,0,146,97.77,97.77,0.0,2809.193363,0.0
2019-01-04,20,0,152,0.0,0.0,0.0,0.0,0.0
2019-01-04,20,0,153,0.0,0.0,0.0,0.0,0.0
2019-01-04,20,0,154,0.0,0.0,0.0,0.0,0.0
2019-01-04,20,0,157,33.98,33.98,0.0,787.841672,0.0
2019-01-04,20,0,158,0.0,0.0,0.0,0.0,0.0
2019-01-04,20,0,159,0.0,0.0,0.0,0.0,0.0
2019-01-04,20,0,160,0.0,0.0,0.0,0.0,0.0
2019-01-04,20,0,161,0.0,0.0,0.0,0.0,0.0
2019-01-04,20,0,162,5.03,5.03,0.0,165.343495,0.0
2019-01-04,20,0,163,0.0,0.0,0.0,0.0,0.0
2019-01-04,20,0,164,0.0,0.0,0.0,0.0,0.0
2019-01-04,20,0,167,0.0,0.0,0.0,0.0,0.0
2019-01-04,20,0,168,0.0,0.0,0.0,0.0,0.0
2019-01-04,20,0,169,0.0,0.0,0.0,0.0,0.0
2019-01-04,20,0,170,0.0,0.0,0.0,0.0,0.0
2019-01-04,20,0,172,0.0,0.0,0.0,0.0,0.0
2019-01-04,20,0,173,0.0,0.0,0.0,0.0,0.0
2019-01-04,20,0,188,0.0,0.0,0.0,0.0,0.0
2019-01-04,20,0,190,0.0,0.0,0.0,0.0,0.0
2019-01-04,20,0,191,0.0,0.0,0.0,0.0,0.0
2019-01-04,20,0,192,41.24,41.24,0.0,1337.312456,0.0
2019-01-04,20,0,194,5.48,5.48,0.0,100.184091,0.0
2019-01-04,20,0,196,0.0,0.0,0.0,0.0,0.0
2019-01-04,20,0,198,0.0,0.0,0.0,0.0,0.0
2019-01-04,20,0,199,0.0,0.0,0.0,0.0,0.0
2019-01-04,20,0,200,0.0,0.0,0.0,0.0,0.0
2019-01-04,20,0,204,72.72,72.72,0.0,1252.126744,0.0
2019-01-04,20,0,205,69.06,69.06,0.0,1188.025063,0.0
2019-01-04,20,0,206,183.61,183.61,0.0,3392.335251,0.0
2019-01-04,20,0,210,0.0,0.0,0.0,0.0,0.0
2019-01-04,20,0,214,0.0,0.0,0.0,0.0,0.0
2019-01-04,20,0,217,0.0,0.0,0.0,0.0,0.0
2019-01-04,20,0,218,0.0,0.0,0.0,0.0,0.0
2019-01-04,20,0,219,0.0,0.0,0.0,0.0,0.0
2019-01-04,20,0,221,0.0,0.0,0.0,0.0,0.0
2019-01-04,20,0,225,0.0,0.0,0.0,0.0,0.0
2019-01-04,20,0,233,0.0,0.0,0.0,0.0,0.0
2019-01-04,20,0,236,9.22,9.22,0.0,159.313616,0.0
2019-01-04,20,0,237,14.5,14.5,0.0,250.029673,0.0
2019-01-04,20,0,238,0.0,0.0,0.0,0.0,0.0
2019-01-04,20,0,240,0.0,0.0,0.0,0.0,0.0
2019-01-04,20,0,245,7.45,7.45,0.0,129.693654,0.0
2019-01-04,20,0,247,6.2,6.2,0.0,107.932974,0.0
2019-01-04,20,0,248,1.46,1.46,0.0,25.175402,0.0
2019-01-04,20,0,249,14.33,14.33,0.0,249.464439,0.0
2019-01-04,20,0,251,8.26,8.26,0.0,143.434023,0.0
2019-01-04,20,0,252,6.69,6.69,0.0,116.247013,0.0
2019-01-04,20,0,254,0.0,0.0,0.0,0.0,0.0
2019-01-04,20,0,255,0.0,0.0,0.0,0.0,0.0
2019-01-04,20,0,258,0.0,0.0,0.0,0.0,0.0
2019-01-04,20,0,260,0.0,0.0,0.0,0.0,0.0
2019-01-04,20,0,265,0.0,0.0,0.0,0.0,0.0
2019-01-04,20,0,266,10.2,10.2,0.0,181.785645,0.0
2019-01-04,20,0,267,12.9,12.9,0.0,229.905374,0.0
2019-01-04,20,0,270,0.0,0.0,0.0,0.0,0.0
2019-01-04,20,0,272,6.37,6.37,0.0,125.494521,0.0
2019-01-04,20,0,273,0.0,0.0,0.0,0.0,0.0
2019-01-04,20,0,274,0.0,0.0,0.0,0.0,0.0
2019-01-04,20,0,275,0.0,0.0,0.0,0.0,0.0
2019-01-04,20,0,276,0.0,0.0,0.0,0.0,0.0
2019-01-04,20,0,277,0.0,0.0,0.0,0.0,0.0
2019-01-04,20,0,278,0.0,0.0,0.0,0.0,0.0
2019-01-04,20,0,279,31.55,31.55,0.0,622.521305,0.0
2019-01-04,20,0,281,3.99,3.99,0.0,73.661461,0.0
2019-01-04,20,0,282,0.0,0.0,0.0,0.0,0.0
2019-01-04,21,0,9,0.0,0.0,0.0,0.0,0.0
2019-01-04,21,0,17,0.0,0.0,0.0,0.0,0.0
2019-01-04,21,0,19,32.55,32.55,0.0,536.372969,0.0
2019-01-04,21,0,20,39.47,39.47,0.0,650.40372,0.0
2019-01-04,21,0,21,0.0,0.0,0.0,0.0,0.0
2019-01-04,21,0,22,0.0,0.0,0.0,0.0,0.0
2019-01-04,21,0,23,45.56,45.56,0.0,613.604094,0.0
2019-01-04,21,0,24,80.62,80.62,0.0,1085.793723,0.0
2019-01-04,21,0,29,0.0,0.0,0.0,0.0,0.0
2019-01-04,21,0,30,0.0,0.0,0.0,0.0,0.0
2019-01-04,21,0,31,8.76,8.76,0.0,117.873969,0.0
2019-01-04,21,0,32,0.0,0.0,0.0,0.0,0.0
2019-01-04,21,0,33,0.0,0.0,0.0,0.0,0.0
2019-01-04,21,0,34,0.0,0.0,0.0,0.0,0.0
2019-01-04,21,0,35,0.0,0.0,0.0,0.0,0.0
2019-01-04,21,0,36,0.0,0.0,0.0,0.0,0.0
2019-01-04,21,0,37,0.0,0.0,0.0,0.0,0.0
2019-01-04,21,0,38,0.0,0.0,0.0,0.0,0.0
2019-01-04,21,0,39,0.0,0.0,0.0,0.0,0.0
2019-01-04,21,0,40,0.0,0.0,0.0,0.0,0.0
2019-01-04,21,0,41,21.94,21.94,0.0,311.205161,0.0
2019-01-04,21,0,42,0.0,0.0,0.0,0.0,0.0
2019-01-04,21,0,43,0.0,0.0,0.0,0.0,0.0
2019-01-04,21,0,46,0.0,0.0,0.0,0.0,0.0
2019-01-04,21,0,52,9.29,9.29,0.0,125.005613,0.0
2019-01-04,21,0,53,14.75,14.75,0.0,198.475005,0.0
2019-01-04,21,0,55,66.67,66.67,0.0,897.914506,0.0
2019-01-04,21,0,56,0.0,0.0,0.0,0.0,0.0
2019-01-04,21,0,57,0.0,0.0,0.0,0.0,0.0
2019-01-04,21,0,58,0.0,0.0,0.0,0.0,0.0
2019-01-04,21,0,59,0.0,0.0,0.0,0.0,0.0
2019-01-04,21,0,63,3.68,3.68,0.0,119.33341,0.0
2019-01-04,21,0,64,4.33,4.33,0.0,140.411322,0.0
2019-01-04,21,0,65,1.94,1.94,0.0,31.898321,0.0
2019-01-04,21,0,67,0.0,0.0,0.0,0.0,0.0
2019-01-04,21,0,68,1.34,1.34,0.0,19.668759,0.0
2019-01-04,21,0,69,0.0,0.0,0.0,0.0,0.0
2019-01-04,21,0,74,3.68,3.68,0.0,56.983278,0.0
2019-01-04,21,0,77,46.04,46.04,0.0,567.322038,0.0
2019-01-04,21,0,78,34.87,34.87,0.0,429.681135,0.0
2019-01-04,21,0,79,20.23,20.23,0.0,249.281599,0.0
2019-01-04,21,0,80,32.64,32.64,0.0,402.202244,0.0
2019-01-04,21,0,81,42.61,42.61,0.0,525.056299,0.0
2019-01-04,21,0,82,30.12,30.12,0.0,371.149865,0.0
2019-01-04,21,0,83,66.74,66.74,0.0,822.395152,0.0
2019-01-04,21,0,84,0.0,0.0,0.0,0.0,0.0
2019-01-04,21,0,86,0.0,0.0,0.0,0.0,0.0
2019-01-04,21,0,87,0.0,0.0,0.0,0.0,0.0
2019-01-04,21,0,88,38.31,38.31,0.0,472.070097,0.0
2019-01-04,21,0,89,36.83,36.83,0.0,453.832985,0.0
2019-01-04,21,0,90,49.45,49.45,0.0,609.341329,0.0
2019-01-04,21,0,91,176.39,176.39,0.0,2173.543315,0.0
2019-01-04,21,0,92,63.44,63.44,0.0,781.731322,0.0
2019-01-04,21,0,95,18.74,18.74,0.0,609.8553,0.0
2019-01-04,21,0,96,7.8,7.8,0.0,104.857542,0.0
2019-01-04,21,0,97,47.94,47.94,0.0,644.470585,0.0
2019-01-04,21,0,99,0.71,0.71,0.0,10.994056,0.0
2019-01-04,21,0,101,0.0,0.0,0.0,0.0,0.0
2019-01-04,21,0,102,3.17,3.17,0.0,46.529825,0.0
2019-01-04,21,0,103,2.76,2.76,0.0,40.511772,0.0
2019-01-04,21,0,104,0.51,0.51,0.0,7.485871,0.0
2019-01-04,21,0,106,0.0,0.0,0.0,0.0,0.0
2019-01-04,21,0,109,18.81,18.81,0.0,271.771763,0.0
2019-01-04,21,0,110,137.75,137.75,0.0,3656.998039,0.0
2019-01-04,21,0,111,0.0,0.0,0.0,0.0,0.0
2019-01-04,21,0,113,7.03,7.03,0.0,80.669555,0.0
2019-01-04,21,0,115,7.03,7.03,0.0,80.669555,0.0
2019-01-04,21,0,116,0.0,0.0,0.0,0.0,0.0
2019-01-04,21,0,117,0.47,0.47,0.0,5.39327,0.0
2019-01-04,21,0,119,4.33,4.33,0.0,140.411322,0.0
2019-01-04,21,0,120,2.54,2.54,0.0,82.365995,0.0
2019-01-04,21,0,123,0.0,0.0,0.0,0.0,0.0
2019-01-04,21,0,125,72.95,72.95,0.0,982.493824,0.0
2019-01-04,21,0,126,0.0,0.0,0.0,0.0,0.0
2019-01-04,21,0,127,0.0,0.0,0.0,0.0,0.0
2019-01-04,21,0,128,104.49,104.49,0.0,1407.275938,0.0
2019-01-04,21,0,131,7.06,7.06,0.0,98.118572,0.0
2019-01-04,21,0,132,10.39,10.39,0.0,144.398296,0.0
2019-01-04,21,0,133,4.87,4.87,0.0,80.266482,0.0
2019-01-04,21,0,134,0.0,0.0,0.0,0.0,0.0
2019-01-04,21,0,135,6.33,6.33,0.0,104.329945,0.0
2019-01-04,21,0,136,2.19,2.19,0.0,36.004601,0.0
2019-01-04,21,0,139,28.9,28.9,0.0,409.928403,0.0
2019-01-04,21,0,140,101.95,101.95,0.0,2706.57677,0.0
2019-01-04,21,0,141,71.87,71.87,0.0,1264.921434,0.0
2019-01-04,21,0,142,0.0,0.0,0.0,0.0,0.0
2019-01-04,21,0,143,10.01,10.01,0.0,134.693884,0.0
2019-01-04,21,0,145,5.83,5.83,0.0,80.604803,0.0
2019-01-04,21,0,146,113.26,113.26,0.0,3006.835557,0.0
2019-01-04,21,0,152,0.0,0.0,0.0,0.0,0.0
2019-01-04,21,0,153,0.0,0.0,0.0,0.0,0.0
2019-01-04,21,0,154,0.0,0.0,0.0,0.0,0.0
2019-01-04,21,0,157,42.67,42.67,0.0,750.997601,0.0
2019-01-04,21,0,158,0.0,0.0,0.0,0.0,0.0
2019-01-04,21,0,159,0.0,0.0,0.0,0.0,0.0
2019-01-04,21,0,160,0.0,0.0,0.0,0.0,0.0
2019-01-04,21,0,161,0.0,0.0,0.0,0.0,0.0
2019-01-04,21,0,162,4.79,4.79,0.0,155.900132,0.0
2019-01-04,21,0,163,14.56,14.56,0.0,386.540047,0.0
2019-01-04,21,0,164,0.0,0.0,0.0,0.0,0.0
2019-01-04,21,0,167,0.0,0.0,0.0,0.0,0.0
2019-01-04,21,0,168,0.0,0.0,0.0,0.0,0.0
2019-01-04,21,0,169,0.0,0.0,0.0,0.0,0.0
2019-01-04,21,0,170,0.0,0.0,0.0,0.0,0.0
2019-01-04,21,0,172,0.0,0.0,0.0,0.0,0.0
2019-01-04,21,0,173,0.0,0.0,0.0,0.0,0.0
2019-01-04,21,0,188,0.0,0.0,0.0,0.0,0.0
2019-01-04,21,0,190,0.0,0.0,0.0,0.0,0.0
2019-01-04,21,0,191,0.0,0.0,0.0,0.0,0.0
2019-01-04,21,0,192,17.24,17.24,0.0,559.051085,0.0
2019-01-04,21,0,194,8.2,8.2,0.0,69.77788,0.0
2019-01-04,21,0,196,0.0,0.0,0.0,0.0,0.0
2019-01-04,21,0,198,0.0,0.0,0.0,0.0,0.0
2019-01-04,21,0,199,9.26,9.26,0.0,89.457794,0.0
2019-01-04,21,0,200,0.0,0.0,0.0,0.0,0.0
2019-01-04,21,0,204,127.86,127.86,0.0,1836.308324,0.0
2019-01-04,21,0,205,87.3,87.3,0.0,1261.333061,0.0
2019-01-04,21,0,206,140.88,140.88,0.0,1893.888527,0.0
2019-01-04,21,0,210,0.0,0.0,0.0,0.0,0.0
2019-01-04,21,0,214,0.0,0.0,0.0,0.0,0.0
2019-01-04,21,0,217,0.0,0.0,0.0,0.0,0.0
2019-01-04,21,0,218,0.0,0.0,0.0,0.0,0.0
2019-01-04,21,0,219,0.0,0.0,0.0,0.0,0.0
2019-01-04,21,0,221,0.0,0.0,0.0,0.0,0.0
2019-01-04,21,0,225,0.0,0.0,0.0,0.0,0.0
2019-01-04,21,0,233,0.0,0.0,0.0,0.0,0.0
2019-01-04,21,0,236,6.47,6.47,0.0,103.373436,0.0
2019-01-04,21,0,237,8.82,8.82,0.0,136.574052,0.0
2019-01-04,21,0,238,0.0,0.0,0.0,0.0,0.0
2019-01-04,21,0,240,0.0,0.0,0.0,0.0,0.0
2019-01-04,21,0,245,15.35,15.35,0.0,254.975939,0.0
2019-01-04,21,0,247,7.34,7.34,0.0,121.923348,0.0
2019-01-04,21,0,248,0.89,0.89,0.0,13.781282,0.0
2019-01-04,21,0,249,29.51,29.51,0.0,490.185013,0.0
2019-01-04,21,0,251,14.82,14.82,0.0,242.800942,0.0
2019-01-04,21,0,252,12.52,12.52,0.0,205.859267,0.0
2019-01-04,21,0,254,0.0,0.0,0.0,0.0,0.0
2019-01-04,21,0,255,0.0,0.0,0.0,0.0,0.0
2019-01-04,21,0,258,0.0,0.0,0.0,0.0,0.0
2019-01-04,21,0,260,0.0,0.0,0.0,0.0,0.0
2019-01-04,21,0,265,0.0,0.0,0.0,0.0,0.0
2019-01-04,21,0,266,18.1,18.1,0.0,256.737166,0.0
2019-01-04,21,0,267,22.59,22.59,0.0,320.425004,0.0
2019-01-04,21,0,270,45.46,45.46,0.0,1206.875723,0.0
2019-01-04,21,0,272,23.47,23.47,0.0,269.31927,0.0
2019-01-04,21,0,273,0.0,0.0,0.0,0.0,0.0
2019-01-04,21,0,274,58.6,58.6,0.0,1555.717496,0.0
2019-01-04,21,0,275,81.58,81.58,0.0,2165.792378,0.0
2019-01-04,21,0,276,0.0,0.0,0.0,0.0,0.0
2019-01-04,21,0,277,0.0,0.0,0.0,0.0,0.0
2019-01-04,21,0,278,0.0,0.0,0.0,0.0,0.0
2019-01-04,21,0,279,65.8,65.8,0.0,777.410642,0.0
2019-01-04,21,0,281,3.93,3.93,0.0,52.881815,0.0
2019-01-04,21,0,282,0.0,0.0,0.0,0.0,0.0
2019-01-04,22,0,9,0.0,0.0,0.0,0.0,0.0
2019-01-04,22,0,17,0.0,0.0,0.0,0.0,0.0
2019-01-04,22,0,19,41.43,41.43,0.0,652.291761,0.0
2019-01-04,22,0,20,50.24,50.24,0.0,791.000195,0.0
2019-01-04,22,0,21,0.0,0.0,0.0,0.0,0.0
2019-01-04,22,0,22,0.0,0.0,0.0,0.0,0.0
2019-01-04,22,0,23,48.09,48.09,0.0,647.471519,0.0
2019-01-04,22,0,24,85.09,85.09,0.0,1145.6301,0.0
2019-01-04,22,0,29,0.0,0.0,0.0,0.0,0.0
2019-01-04,22,0,30,0.0,0.0,0.0,0.0,0.0
2019-01-04,22,0,31,8.89,8.89,0.0,119.62324,0.0
2019-01-04,22,0,32,0.0,0.0,0.0,0.0,0.0
2019-01-04,22,0,33,0.0,0.0,0.0,0.0,0.0
2019-01-04,22,0,34,0.0,0.0,0.0,0.0,0.0
2019-01-04,22,0,35,0.0,0.0,0.0,0.0,0.0
2019-01-04,22,0,36,0.0,0.0,0.0,0.0,0.0
2019-01-04,22,0,37,0.0,0.0,0.0,0.0,0.0
2019-01-04,22,0,38,0.0,0.0,0.0,0.0,0.0
2019-01-04,22,0,39,0.0,0.0,0.0,0.0,0.0
2019-01-04,22,0,40,0.0,0.0,0.0,0.0,0.0
2019-01-04,22,0,41,21.72,21.72,0.0,303.040525,0.0
2019-01-04,22,0,42,0.0,0.0,0.0,0.0,0.0
2019-01-04,22,0,43,0.0,0.0,0.0,0.0,0.0
2019-01-04,22,0,46,0.0,0.0,0.0,0.0,0.0
2019-01-04,22,0,52,9.42,9.42,0.0,126.754884,0.0
2019-01-04,22,0,53,14.96,14.96,0.0,201.30075,0.0
2019-01-04,22,0,55,144.33,144.33,0.0,1943.222381,0.0
2019-01-04,22,0,56,0.0,0.0,0.0,0.0,0.0
2019-01-04,22,0,57,0.0,0.0,0.0,0.0,0.0
2019-01-04,22,0,58,0.0,0.0,0.0,0.0,0.0
2019-01-04,22,0,59,0.0,0.0,0.0,0.0,0.0
2019-01-04,22,0,63,8.92,8.92,0.0,265.89038,0.0
2019-01-04,22,0,64,10.49,10.49,0.0,312.689472,0.0
2019-01-04,22,0,65,3.33,3.33,0.0,52.3286,0.0
2019-01-04,22,0,67,0.0,0.0,0.0,0.0,0.0
2019-01-04,22,0,68,2.12,2.12,0.0,26.174939,0.0
2019-01-04,22,0,69,0.0,0.0,0.0,0.0,0.0
2019-01-04,22,0,74,2.21,2.21,0.0,32.972901,0.0
2019-01-04,22,0,77,69.4,69.4,0.0,883.492572,0.0
2019-01-04,22,0,78,52.46,52.46,0.0,667.83891,0.0
2019-01-04,22,0,79,30.36,30.36,0.0,386.496174,0.0
2019-01-04,22,0,80,49.1,49.1,0.0,625.06463,0.0
2019-01-04,22,0,81,64.19,64.19,0.0,817.166977,0.0
2019-01-04,22,0,82,45.28,45.28,0.0,576.434347,0.0
2019-01-04,22,0,83,100.97,100.97,0.0,1285.39258,0.0
2019-01-04,22,0,84,0.0,0.0,0.0,0.0,0.0
2019-01-04,22,0,86,0.0,0.0,0.0,0.0,0.0
2019-01-04,22,0,87,0.0,0.0,0.0,0.0,0.0
2019-01-04,22,0,88,52.93,52.93,0.0,673.822217,0.0
2019-01-04,22,0,89,50.88,50.88,0.0,647.724814,0.0
2019-01-04,22,0,90,68.31,68.31,0.0,869.616392,0.0
2019-01-04,22,0,91,243.69,243.69,0.0,3102.281051,0.0
2019-01-04,22,0,92,87.64,87.64,0.0,1115.695807,0.0
2019-01-04,22,0,95,22.22,22.22,0.0,643.725662,0.0
2019-01-04,22,0,96,9.74,9.74,0.0,130.981253,0.0
2019-01-04,22,0,97,59.91,59.91,0.0,805.655734,0.0
2019-01-04,22,0,99,0.43,0.43,0.0,6.415542,0.0
2019-01-04,22,0,101,0.0,0.0,0.0,0.0,0.0
2019-01-04,22,0,102,5.03,5.03,0.0,62.103748,0.0
2019-01-04,22,0,103,4.37,4.37,0.0,53.954946,0.0
2019-01-04,22,0,104,0.81,0.81,0.0,10.000802,0.0
2019-01-04,22,0,106,0.0,0.0,0.0,0.0,0.0
2019-01-04,22,0,109,43.2,43.2,0.0,608.056045,0.0
2019-01-04,22,0,110,146.25,146.25,0.0,1566.941034,0.0
2019-01-04,22,0,111,0.0,0.0,0.0,0.0,0.0
2019-01-04,22,0,113,22.99,22.99,0.0,290.839775,0.0
2019-01-04,22,0,115,22.99,22.99,0.0,290.839775,0.0
2019-01-04,22,0,116,0.0,0.0,0.0,0.0,0.0
2019-01-04,22,0,117,1.53,1.53,0.0,19.355583,0.0
2019-01-04,22,0,119,10.49,10.49,0.0,312.689472,0.0
2019-01-04,22,0,120,6.17,6.17,0.0,183.917449,0.0
2019-01-04,22,0,123,0.0,0.0,0.0,0.0,0.0
2019-01-04,22,0,125,77.0,77.0,0.0,1036.7084,0.0
2019-01-04,22,0,126,0.0,0.0,0.0,0.0,0.0
2019-01-04,22,0,127,0.0,0.0,0.0,0.0,0.0
2019-01-04,22,0,128,110.28,110.28,0.0,1484.781848,0.0
2019-01-04,22,0,131,9.39,9.39,0.0,116.943041,0.0
2019-01-04,22,0,132,13.8,13.8,0.0,171.865171,0.0
2019-01-04,22,0,133,9.5,9.5,0.0,149.599064,0.0
2019-01-04,22,0,134,0.0,0.0,0.0,0.0,0.0
2019-01-04,22,0,135,12.72,12.72,0.0,200.305274,0.0
2019-01-04,22,0,136,4.1,4.1,0.0,64.421823,0.0
2019-01-04,22,0,139,28.05,28.05,0.0,391.357584,0.0
2019-01-04,22,0,140,108.24,108.24,0.0,1159.697077,0.0
2019-01-04,22,0,141,87.51,87.51,0.0,1045.288999,0.0
2019-01-04,22,0,142,0.0,0.0,0.0,0.0,0.0
2019-01-04,22,0,143,10.05,10.05,0.0,135.232122,0.0
2019-01-04,22,0,145,17.34,17.34,0.0,237.339189,0.0
2019-01-04,22,0,146,132.08,132.08,0.0,1415.121859,0.0
2019-01-04,22,0,152,0.0,0.0,0.0,0.0,0.0
2019-01-04,22,0,153,0.0,0.0,0.0,0.0,0.0
2019-01-04,22,0,154,0.0,0.0,0.0,0.0,0.0
2019-01-04,22,0,157,53.44,53.44,0.0,638.329838,0.0
2019-01-04,22,0,158,0.0,0.0,0.0,0.0,0.0
2019-01-04,22,0,159,0.0,0.0,0.0,0.0,0.0
2019-01-04,22,0,160,0.0,0.0,0.0,0.0,0.0
2019-01-04,22,0,161,0.0,0.0,0.0,0.0,0.0
2019-01-04,22,0,162,4.88,4.88,0.0,141.431095,0.0
2019-01-04,22,0,163,42.72,42.72,0.0,457.707494,0.0
2019-01-04,22,0,164,0.0,0.0,0.0,0.0,0.0
2019-01-04,22,0,167,0.0,0.0,0.0,0.0,0.0
2019-01-04,22,0,168,0.0,0.0,0.0,0.0,0.0
2019-01-04,22,0,169,0.0,0.0,0.0,0.0,0.0
2019-01-04,22,0,170,0.0,0.0,0.0,0.0,0.0
2019-01-04,22,0,172,0.0,0.0,0.0,0.0,0.0
2019-01-04,22,0,173,0.0,0.0,0.0,0.0,0.0
2019-01-04,22,0,188,0.0,0.0,0.0,0.0,0.0
2019-01-04,22,0,190,0.0,0.0,0.0,0.0,0.0
2019-01-04,22,0,191,0.0,0.0,0.0,0.0,0.0
2019-01-04,22,0,192,0.0,0.0,0.0,0.0,0.0
2019-01-04,22,0,194,19.57,19.57,0.0,251.97266,0.0
2019-01-04,22,0,196,0.0,0.0,0.0,0.0,0.0
2019-01-04,22,0,198,0.0,0.0,0.0,0.0,0.0
2019-01-04,22,0,199,35.3,35.3,0.0,398.968941,0.0
2019-01-04,22,0,200,0.0,0.0,0.0,0.0,0.0
2019-01-04,22,0,204,144.18,144.18,0.0,2019.637311,0.0
2019-01-04,22,0,205,214.94,214.94,0.0,3025.360334,0.0
2019-01-04,22,0,206,176.04,176.04,0.0,2367.344942,0.0
2019-01-04,22,0,210,0.0,0.0,0.0,0.0,0.0
2019-01-04,22,0,214,0.0,0.0,0.0,0.0,0.0
2019-01-04,22,0,217,0.0,0.0,0.0,0.0,0.0
2019-01-04,22,0,218,0.0,0.0,0.0,0.0,0.0
2019-01-04,22,0,219,0.0,0.0,0.0,0.0,0.0
2019-01-04,22,0,221,0.0,0.0,0.0,0.0,0.0
2019-01-04,22,0,225,0.0,0.0,0.0,0.0,0.0
2019-01-04,22,0,233,0.0,0.0,0.0,0.0,0.0
2019-01-04,22,0,236,6.57,6.57,0.0,100.67737,0.0
2019-01-04,22,0,237,5.29,5.29,0.0,78.926084,0.0
2019-01-04,22,0,238,0.0,0.0,0.0,0.0,0.0
2019-01-04,22,0,240,0.0,0.0,0.0,0.0,0.0
2019-01-04,22,0,245,20.1,20.1,0.0,318.69055,0.0
2019-01-04,22,0,247,9.8,9.8,0.0,155.381462,0.0
2019-01-04,22,0,248,0.53,0.53,0.0,7.907528,0.0
2019-01-04,22,0,249,38.65,38.65,0.0,612.805461,0.0
2019-01-04,22,0,251,50.95,50.95,0.0,798.122329,0.0
2019-01-04,22,0,252,21.49,21.49,0.0,337.700182,0.0
2019-01-04,22,0,254,0.0,0.0,0.0,0.0,0.0
2019-01-04,22,0,255,0.0,0.0,0.0,0.0,0.0
2019-01-04,22,0,258,0.0,0.0,0.0,0.0,0.0
2019-01-04,22,0,260,0.0,0.0,0.0,0.0,0.0
2019-01-04,22,0,265,0.0,0.0,0.0,0.0,0.0
2019-01-04,22,0,266,18.16,18.16,0.0,253.370899,0.0
2019-01-04,22,0,267,22.32,22.32,0.0,311.41181,0.0
2019-01-04,22,0,270,133.43,133.43,0.0,1429.58593,0.0
2019-01-04,22,0,272,76.84,76.84,0.0,972.080395,0.0
2019-01-04,22,0,273,0.0,0.0,0.0,0.0,0.0
2019-01-04,22,0,274,172.0,172.0,0.0,1842.829798,0.0
2019-01-04,22,0,275,239.43,239.43,0.0,2565.283363,0.0
2019-01-04,22,0,276,0.0,0.0,0.0,0.0,0.0
2019-01-04,22,0,277,0.0,0.0,0.0,0.0,0.0
2019-01-04,22,0,278,0.0,0.0,0.0,0.0,0.0
2019-01-04,22,0,279,48.77,48.77,0.0,618.534011,0.0
2019-01-04,22,0,281,3.99,3.99,0.0,53.689171,0.0
2019-01-04,22,0,282,0.0,0.0,0.0,0.0,0.0
2019-01-04,23,0,9,0.0,0.0,0.0,0.0,0.0
2019-01-04,23,0,17,0.0,0.0,0.0,0.0,0.0
2019-01-04,23,0,19,29.61,29.61,0.0,340.0628,0.0
2019-01-04,23,0,20,35.91,35.91,0.0,412.416588,0.0
2019-01-04,23,0,21,0.0,0.0,0.0,0.0,0.0
2019-01-04,23,0,22,0.0,0.0,0.0,0.0,0.0
2019-01-04,23,0,23,48.42,48.42,0.0,549.848752,0.0
2019-01-04,23,0,24,85.67,85.67,0.0,972.853007,0.0
2019-01-04,23,0,29,0.0,0.0,0.0,0.0,0.0
2019-01-04,23,0,30,0.0,0.0,0.0,0.0,0.0
2019-01-04,23,0,31,10.26,10.26,0.0,116.531001,0.0
2019-01-04,23,0,32,0.0,0.0,0.0,0.0,0.0
2019-01-04,23,0,33,0.0,0.0,0.0,0.0,0.0
2019-01-04,23,0,34,0.0,0.0,0.0,0.0,0.0
2019-01-04,23,0,35,0.0,0.0,0.0,0.0,0.0
2019-01-04,23,0,36,0.0,0.0,0.0,0.0,0.0
2019-01-04,23,0,37,0.0,0.0,0.0,0.0,0.0
2019-01-04,23,0,38,0.0,0.0,0.0,0.0,0.0
2019-01-04,23,0,39,0.0,0.0,0.0,0.0,0.0
2019-01-04,23,0,40,0.0,0.0,0.0,0.0,0.0
2019-01-04,23,0,41,15.55,15.55,0.0,175.513028,0.0
2019-01-04,23,0,42,0.0,0.0,0.0,0.0,0.0
2019-01-04,23,0,43,0.0,0.0,0.0,0.0,0.0
2019-01-04,23,0,46,0.0,0.0,0.0,0.0,0.0
2019-01-04,23,0,52,10.88,10.88,0.0,123.572835,0.0
2019-01-04,23,0,53,17.28,17.28,0.0,196.262738,0.0
2019-01-04,23,0,55,266.45,266.45,0.0,3025.757951,0.0
2019-01-04,23,0,56,0.0,0.0,0.0,0.0,0.0
2019-01-04,23,0,57,0.0,0.0,0.0,0.0,0.0
2019-01-04,23,0,58,0.0,0.0,0.0,0.0,0.0
2019-01-04,23,0,59,0.0,0.0,0.0,0.0,0.0
2019-01-04,23,0,63,17.03,17.03,0.0,463.030714,0.0
2019-01-04,23,0,64,20.03,20.03,0.0,544.598074,0.0
2019-01-04,23,0,65,2.45,2.45,0.0,28.120953,0.0
2019-01-04,23,0,67,0.0,0.0,0.0,0.0,0.0
2019-01-04,23,0,68,2.76,2.76,0.0,27.56887,0.0
2019-01-04,23,0,69,0.0,0.0,0.0,0.0,0.0
2019-01-04,23,0,74,0.0,0.0,0.0,0.0,0.0
2019-01-04,23,0,77,75.83,75.83,0.0,876.100189,0.0
2019-01-04,23,0,78,57.33,57.33,0.0,662.360858,0.0
2019-01-04,23,0,79,33.18,33.18,0.0,383.344379,0.0
2019-01-04,23,0,80,53.65,53.65,0.0,619.844061,0.0
2019-01-04,23,0,81,70.15,70.15,0.0,810.476437,0.0
2019-01-04,23,0,82,49.48,49.48,0.0,571.66606,0.0
2019-01-04,23,0,83,110.34,110.34,0.0,1274.810693,0.0
2019-01-04,23,0,84,0.0,0.0,0.0,0.0,0.0
2019-01-04,23,0,86,0.0,0.0,0.0,0.0,0.0
2019-01-04,23,0,87,0.0,0.0,0.0,0.0,0.0
2019-01-04,23,0,88,60.76,60.76,0.0,701.989285,0.0
2019-01-04,23,0,89,58.41,58.41,0.0,674.838613,0.0
2019-01-04,23,0,90,78.42,78.42,0.0,906.023695,0.0
2019-01-04,23,0,91,279.74,279.74,0.0,3231.969759,0.0
2019-01-04,23,0,92,100.61,100.61,0.0,1162.395358,0.0
2019-01-04,23,0,95,25.23,25.23,0.0,655.288549,0.0
2019-01-04,23,0,96,10.01,10.01,0.0,113.712249,0.0
2019-01-04,23,0,97,61.57,61.57,0.0,699.426889,0.0
2019-01-04,23,0,99,0.0,0.0,0.0,0.0,0.0
2019-01-04,23,0,101,0.0,0.0,0.0,0.0,0.0
2019-01-04,23,0,102,6.53,6.53,0.0,65.226347,0.0
2019-01-04,23,0,103,5.68,5.68,0.0,56.735935,0.0
2019-01-04,23,0,104,1.05,1.05,0.0,10.488157,0.0
2019-01-04,23,0,106,0.0,0.0,0.0,0.0,0.0
2019-01-04,23,0,109,51.23,51.23,0.0,571.614196,0.0
2019-01-04,23,0,110,122.57,122.57,0.0,280.551991,0.0
2019-01-04,23,0,111,0.0,0.0,0.0,0.0,0.0
2019-01-04,23,0,113,29.44,29.44,0.0,352.778787,0.0
2019-01-04,23,0,115,29.44,29.44,0.0,352.778787,0.0
2019-01-04,23,0,116,0.0,0.0,0.0,0.0,0.0
2019-01-04,23,0,117,1.96,1.96,0.0,23.486631,0.0
2019-01-04,23,0,119,20.03,20.03,0.0,544.598074,0.0
2019-01-04,23,0,120,11.78,11.78,0.0,320.287834,0.0
2019-01-04,23,0,123,0.0,0.0,0.0,0.0,0.0
2019-01-04,23,0,125,77.53,77.53,0.0,880.416641,0.0
2019-01-04,23,0,126,0.0,0.0,0.0,0.0,0.0
2019-01-04,23,0,127,0.0,0.0,0.0,0.0,0.0
2019-01-04,23,0,128,111.04,111.04,0.0,1260.950133,0.0
2019-01-04,23,0,131,10.77,10.77,0.0,113.030394,0.0
2019-01-04,23,0,132,15.83,15.83,0.0,166.134739,0.0
2019-01-04,23,0,133,6.2,6.2,0.0,71.20928,0.0
2019-01-04,23,0,134,0.0,0.0,0.0,0.0,0.0
2019-01-04,23,0,135,8.31,8.31,0.0,95.443405,0.0
2019-01-04,23,0,136,3.06,3.06,0.0,35.121356,0.0
2019-01-04,23,0,139,20.07,20.07,0.0,226.53032,0.0
2019-01-04,23,0,140,90.71,90.71,0.0,207.627242,0.0
2019-01-04,23,0,141,93.42,93.42,0.0,756.075946,0.0
2019-01-04,23,0,142,0.0,0.0,0.0,0.0,0.0
2019-01-04,23,0,143,11.62,11.62,0.0,131.977605,0.0
2019-01-04,23,0,145,7.18,7.18,0.0,81.020572,0.0
2019-01-04,23,0,146,130.24,130.24,0.0,298.107949,0.0
2019-01-04,23,0,152,0.0,0.0,0.0,0.0,0.0
2019-01-04,23,0,153,0.0,0.0,0.0,0.0,0.0
2019-01-04,23,0,154,0.0,0.0,0.0,0.0,0.0
2019-01-04,23,0,157,49.33,49.33,0.0,399.242415,0.0
2019-01-04,23,0,158,0.0,0.0,0.0,0.0,0.0
2019-01-04,23,0,159,0.0,0.0,0.0,0.0,0.0
2019-01-04,23,0,160,0.0,0.0,0.0,0.0,0.0
2019-01-04,23,0,161,0.0,0.0,0.0,0.0,0.0
2019-01-04,23,0,162,4.09,4.09,0.0,106.283297,0.0
2019-01-04,23,0,163,46.61,46.61,0.0,106.686206,0.0
2019-01-04,23,0,164,0.0,0.0,0.0,0.0,0.0
2019-01-04,23,0,167,0.0,0.0,0.0,0.0,0.0
2019-01-04,23,0,168,0.0,0.0,0.0,0.0,0.0
2019-01-04,23,0,169,0.0,0.0,0.0,0.0,0.0
2019-01-04,23,0,170,0.0,0.0,0.0,0.0,0.0
2019-01-04,23,0,172,0.0,0.0,0.0,0.0,0.0
2019-01-04,23,0,173,0.0,0.0,0.0,0.0,0.0
2019-01-04,23,0,188,0.0,0.0,0.0,0.0,0.0
2019-01-04,23,0,190,0.0,0.0,0.0,0.0,0.0
2019-01-04,23,0,191,0.0,0.0,0.0,0.0,0.0
2019-01-04,23,0,192,6.84,6.84,0.0,185.973581,0.0
2019-01-04,23,0,194,28.99,28.99,0.0,399.904694,0.0
2019-01-04,23,0,196,0.0,0.0,0.0,0.0,0.0
2019-01-04,23,0,198,0.0,0.0,0.0,0.0,0.0
2019-01-04,23,0,199,25.87,25.87,0.0,297.135645,0.0
2019-01-04,23,0,200,0.0,0.0,0.0,0.0,0.0
2019-01-04,23,0,204,152.47,152.47,0.0,1700.059664,0.0
2019-01-04,23,0,205,271.0,271.0,0.0,3023.764338,0.0
2019-01-04,23,0,206,180.92,180.92,0.0,2055.226778,0.0
2019-01-04,23,0,210,0.0,0.0,0.0,0.0,0.0
2019-01-04,23,0,214,0.0,0.0,0.0,0.0,0.0
2019-01-04,23,0,217,0.0,0.0,0.0,0.0,0.0
2019-01-04,23,0,218,0.0,0.0,0.0,0.0,0.0
2019-01-04,23,0,219,0.0,0.0,0.0,0.0,0.0
2019-01-04,23,0,221,0.0,0.0,0.0,0.0,0.0
2019-01-04,23,0,225,0.0,0.0,0.0,0.0,0.0
2019-01-04,23,0,233,0.0,0.0,0.0,0.0,0.0
2019-01-04,23,0,236,5.35,5.35,0.0,60.926567,0.0
2019-01-04,23,0,237,0.0,0.0,0.0,0.0,0.0
2019-01-04,23,0,238,0.0,0.0,0.0,0.0,0.0
2019-01-04,23,0,240,0.0,0.0,0.0,0.0,0.0
2019-01-04,23,0,245,13.43,13.43,0.0,154.575132,0.0
2019-01-04,23,0,247,6.37,6.37,0.0,73.316723,0.0
2019-01-04,23,0,248,0.0,0.0,0.0,0.0,0.0
2019-01-04,23,0,249,25.83,25.83,0.0,297.295284,0.0
2019-01-04,23,0,251,21.76,21.76,0.0,249.517467,0.0
2019-01-04,23,0,252,15.78,15.78,0.0,181.121895,0.0
2019-01-04,23,0,254,0.0,0.0,0.0,0.0,0.0
2019-01-04,23,0,255,0.0,0.0,0.0,0.0,0.0
2019-01-04,23,0,258,0.0,0.0,0.0,0.0,0.0
2019-01-04,23,0,260,0.0,0.0,0.0,0.0,0.0
2019-01-04,23,0,265,0.0,0.0,0.0,0.0,0.0
2019-01-04,23,0,266,13.0,13.0,0.0,146.731149,0.0
2019-01-04,23,0,267,15.97,15.97,0.0,180.253573,0.0
2019-01-04,23,0,270,145.56,145.56,0.0,333.174086,0.0
2019-01-04,23,0,272,98.38,98.38,0.0,1178.885089,0.0
2019-01-04,23,0,273,0.0,0.0,0.0,0.0,0.0
2019-01-04,23,0,274,187.65,187.65,0.0,429.514408,0.0
2019-01-04,23,0,275,261.21,261.21,0.0,597.886803,0.0
2019-01-04,23,0,276,0.0,0.0,0.0,0.0,0.0
2019-01-04,23,0,277,0.0,0.0,0.0,0.0,0.0
2019-01-04,23,0,278,0.0,0.0,0.0,0.0,0.0
2019-01-04,23,0,279,65.72,65.72,0.0,776.204627,0.0
2019-01-04,23,0,281,4.61,4.61,0.0,52.359446,0.0
2019-01-04,23,0,282,0.0,0.0,0.0,0.0,0.0
2019-01-05,0,0,9,0.0,0.0,0.0,0.0,0.0
2019-01-05,0,0,17,0.0,0.0,0.0,0.0,0.0
2019-01-05,0,0,19,20.25,20.25,0.0,279.024621,0.0
2019-01-05,0,0,20,24.56,24.56,0.0,338.412083,0.0
2019-01-05,0,0,21,0.0,0.0,0.0,0.0,0.0
2019-01-05,0,0,22,0.0,0.0,0.0,0.0,0.0
2019-01-05,0,0,23,48.59,48.59,0.0,552.41493,0.0
2019-01-05,0,0,24,85.98,85.98,0.0,977.498162,0.0
2019-01-05,0,0,29,0.0,0.0,0.0,0.0,0.0
2019-01-05,0,0,30,0.0,0.0,0.0,0.0,0.0
2019-01-05,0,0,31,11.73,11.73,0.0,133.226963,0.0
2019-01-05,0,0,32,0.0,0.0,0.0,0.0,0.0
2019-01-05,0,0,33,0.0,0.0,0.0,0.0,0.0
2019-01-05,0,0,34,0.0,0.0,0.0,0.0,0.0
2019-01-05,0,0,35,0.0,0.0,0.0,0.0,0.0
2019-01-05,0,0,36,0.0,0.0,0.0,0.0,0.0
2019-01-05,0,0,37,0.0,0.0,0.0,0.0,0.0
2019-01-05,0,0,38,0.0,0.0,0.0,0.0,0.0
2019-01-05,0,0,39,0.0,0.0,0.0,0.0,0.0
2019-01-05,0,0,40,0.0,0.0,0.0,0.0,0.0
2019-01-05,0,0,41,11.94,11.94,0.0,143.261771,0.0
2019-01-05,0,0,42,0.0,0.0,0.0,0.0,0.0
2019-01-05,0,0,43,0.0,0.0,0.0,0.0,0.0
2019-01-05,0,0,46,0.0,0.0,0.0,0.0,0.0
2019-01-05,0,0,52,12.43,12.43,0.0,141.177421,0.0
2019-01-05,0,0,53,19.75,19.75,0.0,224.316498,0.0
2019-01-05,0,0,55,280.45,280.45,0.0,3188.40846,0.0
2019-01-05,0,0,56,0.0,0.0,0.0,0.0,0.0
2019-01-05,0,0,57,0.0,0.0,0.0,0.0,0.0
2019-01-05,0,0,58,0.0,0.0,0.0,0.0,0.0
2019-01-05,0,0,59,0.0,0.0,0.0,0.0,0.0
2019-01-05,0,0,63,29.45,29.45,0.0,534.516606,0.0
2019-01-05,0,0,64,34.64,34.64,0.0,628.714949,0.0
2019-01-05,0,0,65,1.87,1.87,0.0,25.718355,0.0
2019-01-05,0,0,67,0.0,0.0,0.0,0.0,0.0
2019-01-05,0,0,68,3.51,3.51,0.0,39.296481,0.0
2019-01-05,0,0,69,0.0,0.0,0.0,0.0,0.0
2019-01-05,0,0,74,0.0,0.0,0.0,0.0,0.0
2019-01-05,0,0,77,82.55,82.55,0.0,851.304816,0.0
2019-01-05,0,0,78,62.41,62.41,0.0,643.609128,0.0
2019-01-05,0,0,79,36.11,36.11,0.0,372.387849,0.0
2019-01-05,0,0,80,58.4,58.4,0.0,602.255618,0.0
2019-01-05,0,0,81,76.36,76.36,0.0,787.469845,0.0
2019-01-05,0,0,82,53.86,53.86,0.0,555.436431,0.0
2019-01-05,0,0,83,120.11,120.11,0.0,1238.645929,0.0
2019-01-05,0,0,84,0.0,0.0,0.0,0.0,0.0
2019-01-05,0,0,86,0.0,0.0,0.0,0.0,0.0
2019-01-05,0,0,87,0.0,0.0,0.0,0.0,0.0
2019-01-05,0,0,88,69.47,69.47,0.0,716.416058,0.0
2019-01-05,0,0,89,66.78,66.78,0.0,688.675174,0.0
2019-01-05,0,0,90,89.66,89.66,0.0,924.627375,0.0
2019-01-05,0,0,91,319.85,319.85,0.0,3298.483892,0.0
2019-01-05,0,0,92,115.03,115.03,0.0,1186.25794,0.0
2019-01-05,0,0,95,16.02,16.02,0.0,290.123155,0.0
2019-01-05,0,0,96,10.27,10.27,0.0,116.525395,0.0
2019-01-05,0,0,97,63.17,63.17,0.0,716.738967,0.0
2019-01-05,0,0,99,0.0,0.0,0.0,0.0,0.0
2019-01-05,0,0,101,0.0,0.0,0.0,0.0,0.0
2019-01-05,0,0,102,8.3,8.3,0.0,92.923302,0.0
2019-01-05,0,0,103,7.22,7.22,0.0,80.832078,0.0
2019-01-05,0,0,104,1.34,1.34,0.0,15.002075,0.0
2019-01-05,0,0,106,0.0,0.0,0.0,0.0,0.0
2019-01-05,0,0,109,51.86,51.86,0.0,637.305052,0.0
2019-01-05,0,0,110,109.51,109.51,0.0,1735.713566,0.0
2019-01-05,0,0,111,0.0,0.0,0.0,0.0,0.0
2019-01-05,0,0,113,37.26,37.26,0.0,366.882788,0.0
2019-01-05,0,0,115,37.26,37.26,0.0,366.882788,0.0
2019-01-05,0,0,116,0.0,0.0,0.0,0.0,0.0
2019-01-05,0,0,117,2.48,2.48,0.0,24.419466,0.0
2019-01-05,0,0,119,34.64,34.64,0.0,628.714949,0.0
2019-01-05,0,0,120,20.37,20.37,0.0,369.714882,0.0
2019-01-05,0,0,123,0.0,0.0,0.0,0.0,0.0
2019-01-05,0,0,125,77.8,77.8,0.0,884.500546,0.0
2019-01-05,0,0,126,0.0,0.0,0.0,0.0,0.0
2019-01-05,0,0,127,0.0,0.0,0.0,0.0,0.0
2019-01-05,0,0,128,111.43,111.43,0.0,1266.836708,0.0
2019-01-05,0,0,131,12.29,12.29,0.0,133.833119,0.0
2019-01-05,0,0,132,18.07,18.07,0.0,196.774976,0.0
2019-01-05,0,0,133,3.77,3.77,0.0,51.955992,0.0
2019-01-05,0,0,134,0.0,0.0,0.0,0.0,0.0
2019-01-05,0,0,135,5.05,5.05,0.0,69.596223,0.0
2019-01-05,0,0,136,2.28,2.28,0.0,31.353902,0.0
2019-01-05,0,0,139,15.42,15.42,0.0,185.016458,0.0
2019-01-05,0,0,140,81.05,81.05,0.0,1284.627746,0.0
2019-01-05,0,0,141,99.45,99.45,0.0,1227.341177,0.0
2019-01-05,0,0,142,0.0,0.0,0.0,0.0,0.0
2019-01-05,0,0,143,34.23,34.23,0.0,388.777403,0.0
2019-01-05,0,0,145,7.45,7.45,0.0,87.197664,0.0
2019-01-05,0,0,146,130.71,130.71,0.0,2071.729707,0.0
2019-01-05,0,0,152,0.0,0.0,0.0,0.0,0.0
2019-01-05,0,0,153,0.0,0.0,0.0,0.0,0.0
2019-01-05,0,0,154,0.0,0.0,0.0,0.0,0.0
2019-01-05,0,0,157,45.65,45.65,0.0,563.379836,0.0
2019-01-05,0,0,158,0.0,0.0,0.0,0.0,0.0
2019-01-05,0,0,159,0.0,0.0,0.0,0.0,0.0
2019-01-05,0,0,160,0.0,0.0,0.0,0.0,0.0
2019-01-05,0,0,161,0.0,0.0,0.0,0.0,0.0
2019-01-05,0,0,162,6.95,6.95,0.0,125.887171,0.0
2019-01-05,0,0,163,51.72,51.72,0.0,819.752585,0.0
2019-01-05,0,0,164,0.0,0.0,0.0,0.0,0.0
2019-01-05,0,0,167,0.0,0.0,0.0,0.0,0.0
2019-01-05,0,0,168,0.0,0.0,0.0,0.0,0.0
2019-01-05,0,0,169,0.0,0.0,0.0,0.0,0.0
2019-01-05,0,0,170,0.0,0.0,0.0,0.0,0.0
2019-01-05,0,0,172,0.0,0.0,0.0,0.0,0.0
2019-01-05,0,0,173,0.0,0.0,0.0,0.0,0.0
2019-01-05,0,0,188,0.0,0.0,0.0,0.0,0.0
2019-01-05,0,0,190,0.0,0.0,0.0,0.0,0.0
2019-01-05,0,0,191,0.0,0.0,0.0,0.0,0.0
2019-01-05,0,0,192,9.06,9.06,0.0,164.438725,0.0
2019-01-05,0,0,194,42.06,42.06,0.0,359.988297,0.0
2019-01-05,0,0,196,0.0,0.0,0.0,0.0,0.0
2019-01-05,0,0,198,0.0,0.0,0.0,0.0,0.0
2019-01-05,0,0,199,10.9,10.9,0.0,108.758507,0.0
2019-01-05,0,0,200,0.0,0.0,0.0,0.0,0.0
2019-01-05,0,0,204,161.92,161.92,0.0,1978.990917,0.0
2019-01-05,0,0,205,274.32,274.32,0.0,3371.105317,0.0
2019-01-05,0,0,206,185.64,185.64,0.0,2106.307138,0.0
2019-01-05,0,0,210,0.0,0.0,0.0,0.0,0.0
2019-01-05,0,0,214,0.0,0.0,0.0,0.0,0.0
2019-01-05,0,0,217,0.0,0.0,0.0,0.0,0.0
2019-01-05,0,0,218,0.0,0.0,0.0,0.0,0.0
2019-01-05,0,0,219,0.0,0.0,0.0,0.0,0.0
2019-01-05,0,0,221,0.0,0.0,0.0,0.0,0.0
2019-01-05,0,0,225,0.0,0.0,0.0,0.0,0.0
2019-01-05,0,0,233,0.0,0.0,0.0,0.0,0.0
2019-01-05,0,0,236,4.33,4.33,0.0,58.109393,0.0
2019-01-05,0,0,237,0.0,0.0,0.0,0.0,0.0
2019-01-05,0,0,238,0.0,0.0,0.0,0.0,0.0
2019-01-05,0,0,240,0.0,0.0,0.0,0.0,0.0
2019-01-05,0,0,245,5.44,5.44,0.0,75.475092,0.0
2019-01-05,0,0,247,3.99,3.99,0.0,55.35765,0.0
2019-01-05,0,0,248,0.0,0.0,0.0,0.0,0.0
2019-01-05,0,0,249,10.18,10.18,0.0,141.238316,0.0
2019-01-05,0,0,251,21.24,21.24,0.0,291.21461,0.0
2019-01-05,0,0,252,12.06,12.06,0.0,165.862761,0.0
2019-01-05,0,0,254,0.0,0.0,0.0,0.0,0.0
2019-01-05,0,0,255,0.0,0.0,0.0,0.0,0.0
2019-01-05,0,0,258,0.0,0.0,0.0,0.0,0.0
2019-01-05,0,0,260,0.0,0.0,0.0,0.0,0.0
2019-01-05,0,0,265,0.0,0.0,0.0,0.0,0.0
2019-01-05,0,0,266,9.98,9.98,0.0,119.744763,0.0
2019-01-05,0,0,267,12.27,12.27,0.0,147.221267,0.0
2019-01-05,0,0,270,161.52,161.52,0.0,2560.062599,0.0
2019-01-05,0,0,272,124.52,124.52,0.0,1226.093524,0.0
2019-01-05,0,0,273,0.0,0.0,0.0,0.0,0.0
2019-01-05,0,0,274,208.22,208.22,0.0,3300.249098,0.0
2019-01-05,0,0,275,289.85,289.85,0.0,4594.069739,0.0
2019-01-05,0,0,276,0.0,0.0,0.0,0.0,0.0
2019-01-05,0,0,277,0.0,0.0,0.0,0.0,0.0
2019-01-05,0,0,278,0.0,0.0,0.0,0.0,0.0
2019-01-05,0,0,279,86.46,86.46,0.0,867.487835,0.0
2019-01-05,0,0,281,5.26,5.26,0.0,59.742014,0.0
2019-01-05,0,0,282,0.0,0.0,0.0,0.0,0.0
2019-01-05,1,0,9,0.0,0.0,0.0,0.0,0.0
2019-01-05,1,0,17,0.0,0.0,0.0,0.0,0.0
2019-01-05,1,0,19,13.24,13.24,0.0,196.26833,0.0
2019-01-05,1,0,20,16.05,16.05,0.0,237.923466,0.0
2019-01-05,1,0,21,0.0,0.0,0.0,0.0,0.0
2019-01-05,1,0,22,0.0,0.0,0.0,0.0,0.0
2019-01-05,1,0,23,48.74,48.74,0.0,535.390192,0.0
2019-01-05,1,0,24,86.23,86.23,0.0,947.203453,0.0
2019-01-05,1,0,29,0.0,0.0,0.0,0.0,0.0
2019-01-05,1,0,30,0.0,0.0,0.0,0.0,0.0
2019-01-05,1,0,31,30.02,30.02,0.0,329.19872,0.0
2019-01-05,1,0,32,0.0,0.0,0.0,0.0,0.0
2019-01-05,1,0,33,0.0,0.0,0.0,0.0,0.0
2019-01-05,1,0,34,0.0,0.0,0.0,0.0,0.0
2019-01-05,1,0,35,0.0,0.0,0.0,0.0,0.0
2019-01-05,1,0,36,0.0,0.0,0.0,0.0,0.0
2019-01-05,1,0,37,0.0,0.0,0.0,0.0,0.0
2019-01-05,1,0,38,0.0,0.0,0.0,0.0,0.0
2019-01-05,1,0,39,0.0,0.0,0.0,0.0,0.0
2019-01-05,1,0,40,0.0,0.0,0.0,0.0,0.0
2019-01-05,1,0,41,10.58,10.58,0.0,127.227189,0.0
2019-01-05,1,0,42,0.0,0.0,0.0,0.0,0.0
2019-01-05,1,0,43,0.0,0.0,0.0,0.0,0.0
2019-01-05,1,0,46,0.0,0.0,0.0,0.0,0.0
2019-01-05,1,0,52,31.96,31.96,0.0,350.472721,0.0
2019-01-05,1,0,53,52.25,52.25,0.0,572.972456,0.0
2019-01-05,1,0,55,248.51,248.51,0.0,2729.786966,0.0
2019-01-05,1,0,56,0.0,0.0,0.0,0.0,0.0
2019-01-05,1,0,57,0.0,0.0,0.0,0.0,0.0
2019-01-05,1,0,58,0.0,0.0,0.0,0.0,0.0
2019-01-05,1,0,59,0.0,0.0,0.0,0.0,0.0
2019-01-05,1,0,63,47.11,47.11,0.0,892.304129,0.0
2019-01-05,1,0,64,55.42,55.42,0.0,1049.702714,0.0
2019-01-05,1,0,65,1.54,1.54,0.0,22.768411,0.0
2019-01-05,1,0,67,0.0,0.0,0.0,0.0,0.0
2019-01-05,1,0,68,4.37,4.37,0.0,34.665148,0.0
2019-01-05,1,0,69,0.0,0.0,0.0,0.0,0.0
2019-01-05,1,0,74,1.5,1.5,0.0,20.586023,0.0
2019-01-05,1,0,77,89.89,89.89,0.0,827.738511,0.0
2019-01-05,1,0,78,67.96,67.96,0.0,625.799413,0.0
2019-01-05,1,0,79,39.33,39.33,0.0,362.164375,0.0
2019-01-05,1,0,80,63.6,63.6,0.0,585.65101,0.0
2019-01-05,1,0,81,83.15,83.15,0.0,765.674237,0.0
2019-01-05,1,0,82,58.65,58.65,0.0,540.069681,0.0
2019-01-05,1,0,83,130.79,130.79,0.0,1204.359994,0.0
2019-01-05,1,0,84,0.0,0.0,0.0,0.0,0.0
2019-01-05,1,0,86,0.0,0.0,0.0,0.0,0.0
2019-01-05,1,0,87,0.0,0.0,0.0,0.0,0.0
2019-01-05,1,0,88,79.67,79.67,0.0,733.629182,0.0
2019-01-05,1,0,89,76.59,76.59,0.0,705.267466,0.0
2019-01-05,1,0,90,102.83,102.83,0.0,946.89455,0.0
2019-01-05,1,0,91,366.82,366.82,0.0,3377.806659,0.0
2019-01-05,1,0,92,131.93,131.93,0.0,1214.857512,0.0
2019-01-05,1,0,95,23.69,23.69,0.0,423.336995,0.0
2019-01-05,1,0,96,10.54,10.54,0.0,115.376146,0.0
2019-01-05,1,0,97,64.79,64.79,0.0,709.223954,0.0
2019-01-05,1,0,99,0.29,0.29,0.0,3.979965,0.0
2019-01-05,1,0,101,0.0,0.0,0.0,0.0,0.0
2019-01-05,1,0,102,10.36,10.36,0.0,82.180993,0.0
2019-01-05,1,0,103,9.01,9.01,0.0,71.47208,0.0
2019-01-05,1,0,104,1.67,1.67,0.0,13.247322,0.0
2019-01-05,1,0,106,0.0,0.0,0.0,0.0,0.0
2019-01-05,1,0,109,52.71,52.71,0.0,661.050748,0.0
2019-01-05,1,0,110,105.41,105.41,0.0,241.274254,0.0
2019-01-05,1,0,111,0.0,0.0,0.0,0.0,0.0
2019-01-05,1,0,113,26.41,26.41,0.0,240.32406,0.0
2019-01-05,1,0,115,26.41,26.41,0.0,240.32406,0.0
2019-01-05,1,0,116,0.0,0.0,0.0,0.0,0.0
2019-01-05,1,0,117,1.8,1.8,0.0,16.379527,0.0
2019-01-05,1,0,119,55.42,55.42,0.0,1049.702714,0.0
2019-01-05,1,0,120,32.59,32.59,0.0,617.282776,0.0
2019-01-05,1,0,123,0.0,0.0,0.0,0.0,0.0
2019-01-05,1,0,125,78.03,78.03,0.0,857.1296,0.0
2019-01-05,1,0,126,0.0,0.0,0.0,0.0,0.0
2019-01-05,1,0,127,0.0,0.0,0.0,0.0,0.0
2019-01-05,1,0,128,111.76,111.76,0.0,1227.640704,0.0
2019-01-05,1,0,131,13.93,13.93,0.0,115.668546,0.0
2019-01-05,1,0,132,20.48,20.48,0.0,170.056843,0.0
2019-01-05,1,0,133,0.0,0.0,0.0,0.0,0.0
2019-01-05,1,0,134,0.0,0.0,0.0,0.0,0.0
2019-01-05,1,0,135,0.0,0.0,0.0,0.0,0.0
2019-01-05,1,0,136,1.72,1.72,0.0,25.425952,0.0
2019-01-05,1,0,139,13.66,13.66,0.0,164.264971,0.0
2019-01-05,1,0,140,78.01,78.01,0.0,178.558055,0.0
2019-01-05,1,0,141,105.92,105.92,0.0,693.062973,0.0
2019-01-05,1,0,142,0.0,0.0,0.0,0.0,0.0
2019-01-05,1,0,143,51.58,51.58,0.0,565.625249,0.0
2019-01-05,1,0,145,7.77,7.77,0.0,89.759146,0.0
2019-01-05,1,0,146,133.49,133.49,0.0,305.546914,0.0
2019-01-05,1,0,152,0.0,0.0,0.0,0.0,0.0
2019-01-05,1,0,153,0.0,0.0,0.0,0.0,0.0
2019-01-05,1,0,154,0.0,0.0,0.0,0.0,0.0
2019-01-05,1,0,157,42.52,42.52,0.0,278.219766,0.0
2019-01-05,1,0,158,0.0,0.0,0.0,0.0,0.0
2019-01-05,1,0,159,0.0,0.0,0.0,0.0,0.0
2019-01-05,1,0,160,0.0,0.0,0.0,0.0,0.0
2019-01-05,1,0,161,0.0,0.0,0.0,0.0,0.0
2019-01-05,1,0,162,11.33,11.33,0.0,202.620234,0.0
2019-01-05,1,0,163,58.05,58.05,0.0,132.871364,0.0
2019-01-05,1,0,164,0.0,0.0,0.0,0.0,0.0
2019-01-05,1,0,167,0.0,0.0,0.0,0.0,0.0
2019-01-05,1,0,168,0.0,0.0,0.0,0.0,0.0
2019-01-05,1,0,169,0.0,0.0,0.0,0.0,0.0
2019-01-05,1,0,170,0.0,0.0,0.0,0.0,0.0
2019-01-05,1,0,172,0.0,0.0,0.0,0.0,0.0
2019-01-05,1,0,173,0.0,0.0,0.0,0.0,0.0
2019-01-05,1,0,188,0.0,0.0,0.0,0.0,0.0
2019-01-05,1,0,190,0.0,0.0,0.0,0.0,0.0
2019-01-05,1,0,191,0.0,0.0,0.0,0.0,0.0
2019-01-05,1,0,192,13.43,13.43,0.0,254.375811,0.0
2019-01-05,1,0,194,59.68,59.68,0.0,598.740082,0.0
2019-01-05,1,0,196,0.0,0.0,0.0,0.0,0.0
2019-01-05,1,0,198,0.0,0.0,0.0,0.0,0.0
2019-01-05,1,0,199,28.88,28.88,0.0,307.989972,0.0
2019-01-05,1,0,200,0.0,0.0,0.0,0.0,0.0
2019-01-05,1,0,204,172.85,172.85,0.0,2149.593277,0.0
2019-01-05,1,0,205,278.85,278.85,0.0,3497.13529,0.0
2019-01-05,1,0,206,190.37,190.37,0.0,2083.885849,0.0
2019-01-05,1,0,210,0.0,0.0,0.0,0.0,0.0
2019-01-05,1,0,214,0.0,0.0,0.0,0.0,0.0
2019-01-05,1,0,217,0.0,0.0,0.0,0.0,0.0
2019-01-05,1,0,218,0.0,0.0,0.0,0.0,0.0
2019-01-05,1,0,219,0.0,0.0,0.0,0.0,0.0
2019-01-05,1,0,221,0.0,0.0,0.0,0.0,0.0
2019-01-05,1,0,225,0.0,0.0,0.0,0.0,0.0
2019-01-05,1,0,233,0.0,0.0,0.0,0.0,0.0
2019-01-05,1,0,236,3.53,3.53,0.0,50.411226,0.0
2019-01-05,1,0,237,3.59,3.59,0.0,49.269216,0.0
2019-01-05,1,0,238,0.0,0.0,0.0,0.0,0.0
2019-01-05,1,0,240,0.0,0.0,0.0,0.0,0.0
2019-01-05,1,0,245,1.53,1.53,0.0,22.901156,0.0
2019-01-05,1,0,247,0.0,0.0,0.0,0.0,0.0
2019-01-05,1,0,248,0.36,0.36,0.0,4.940646,0.0
2019-01-05,1,0,249,2.94,2.94,0.0,44.006143,0.0
2019-01-05,1,0,251,23.18,23.18,0.0,341.216734,0.0
2019-01-05,1,0,252,9.96,9.96,0.0,147.25544,0.0
2019-01-05,1,0,254,0.0,0.0,0.0,0.0,0.0
2019-01-05,1,0,255,0.0,0.0,0.0,0.0,0.0
2019-01-05,1,0,258,0.0,0.0,0.0,0.0,0.0
2019-01-05,1,0,260,0.0,0.0,0.0,0.0,0.0
2019-01-05,1,0,265,0.0,0.0,0.0,0.0,0.0
2019-01-05,1,0,266,8.85,8.85,0.0,106.423499,0.0
2019-01-05,1,0,267,10.87,10.87,0.0,130.714512,0.0
2019-01-05,1,0,270,181.29,181.29,0.0,414.956926,0.0
2019-01-05,1,0,272,88.09,88.09,0.0,801.595851,0.0
2019-01-05,1,0,273,0.0,0.0,0.0,0.0,0.0
2019-01-05,1,0,274,233.71,233.71,0.0,534.941713,0.0
2019-01-05,1,0,275,325.32,325.32,0.0,744.628976,0.0
2019-01-05,1,0,276,0.0,0.0,0.0,0.0,0.0
2019-01-05,1,0,277,0.0,0.0,0.0,0.0,0.0
2019-01-05,1,0,278,0.0,0.0,0.0,0.0,0.0
2019-01-05,1,0,279,111.54,111.54,0.0,1019.84162,0.0
2019-01-05,1,0,281,12.39,12.39,0.0,135.868492,0.0
2019-01-05,1,0,282,0.0,0.0,0.0,0.0,0.0
2019-01-05,2,0,9,0.0,0.0,0.0,0.0,0.0
2019-01-05,2,0,17,0.0,0.0,0.0,0.0,0.0
2019-01-05,2,0,19,0.0,0.0,0.0,0.0,0.0
2019-01-05,2,0,20,0.0,0.0,0.0,0.0,0.0
2019-01-05,2,0,21,0.0,0.0,0.0,0.0,0.0
2019-01-05,2,0,22,0.0,0.0,0.0,0.0,0.0
2019-01-05,2,0,23,48.3,48.3,0.0,530.556961,0.0
2019-01-05,2,0,24,85.46,85.46,0.0,938.745298,0.0
2019-01-05,2,0,29,0.0,0.0,0.0,0.0,0.0
2019-01-05,2,0,30,0.0,0.0,0.0,0.0,0.0
2019-01-05,2,0,31,12.81,12.81,0.0,140.474204,0.0
2019-01-05,2,0,32,0.0,0.0,0.0,0.0,0.0
2019-01-05,2,0,33,0.0,0.0,0.0,0.0,0.0
2019-01-05,2,0,34,0.0,0.0,0.0,0.0,0.0
2019-01-05,2,0,35,0.0,0.0,0.0,0.0,0.0
2019-01-05,2,0,36,0.0,0.0,0.0,0.0,0.0
2019-01-05,2,0,37,0.0,0.0,0.0,0.0,0.0
2019-01-05,2,0,38,0.0,0.0,0.0,0.0,0.0
2019-01-05,2,0,39,0.0,0.0,0.0,0.0,0.0
2019-01-05,2,0,40,0.0,0.0,0.0,0.0,0.0
2019-01-05,2,0,41,11.09,11.09,0.0,133.360068,0.0
2019-01-05,2,0,42,0.0,0.0,0.0,0.0,0.0
2019-01-05,2,0,43,0.0,0.0,0.0,0.0,0.0
2019-01-05,2,0,46,0.0,0.0,0.0,0.0,0.0
2019-01-05,2,0,52,13.58,13.58,0.0,148.918009,0.0
2019-01-05,2,0,53,21.57,21.57,0.0,236.536189,0.0
2019-01-05,2,0,55,292.56,292.56,0.0,3213.659309,0.0
2019-01-05,2,0,56,0.0,0.0,0.0,0.0,0.0
2019-01-05,2,0,57,0.0,0.0,0.0,0.0,0.0
2019-01-05,2,0,58,0.0,0.0,0.0,0.0,0.0
2019-01-05,2,0,59,0.0,0.0,0.0,0.0,0.0
2019-01-05,2,0,63,50.26,50.26,0.0,951.967853,0.0
2019-01-05,2,0,64,59.13,59.13,0.0,1119.973321,0.0
2019-01-05,2,0,65,0.0,0.0,0.0,0.0,0.0
2019-01-05,2,0,67,0.0,0.0,0.0,0.0,0.0
2019-01-05,2,0,68,4.34,4.34,0.0,34.427173,0.0
2019-01-05,2,0,69,0.0,0.0,0.0,0.0,0.0
2019-01-05,2,0,74,0.0,0.0,0.0,0.0,0.0
2019-01-05,2,0,77,88.04,88.04,0.0,810.703065,0.0
2019-01-05,2,0,78,66.56,66.56,0.0,612.907724,0.0
2019-01-05,2,0,79,38.52,38.52,0.0,354.705612,0.0
2019-01-05,2,0,80,62.29,62.29,0.0,573.588073,0.0
2019-01-05,2,0,81,81.44,81.44,0.0,749.92796,0.0
2019-01-05,2,0,82,57.45,57.45,0.0,529.019662,0.0
2019-01-05,2,0,83,128.1,128.1,0.0,1179.589534,0.0
2019-01-05,2,0,84,0.0,0.0,0.0,0.0,0.0
2019-01-05,2,0,86,0.0,0.0,0.0,0.0,0.0
2019-01-05,2,0,87,0.0,0.0,0.0,0.0,0.0
2019-01-05,2,0,88,79.11,79.11,0.0,728.472506,0.0
2019-01-05,2,0,89,76.05,76.05,0.0,700.294958,0.0
2019-01-05,2,0,90,102.11,102.11,0.0,940.264538,0.0
2019-01-05,2,0,91,364.26,364.26,0.0,3354.233285,0.0
2019-01-05,2,0,92,131.0,131.0,0.0,1206.293747,0.0
2019-01-05,2,0,95,9.37,9.37,0.0,167.440593,0.0
2019-01-05,2,0,96,11.24,11.24,0.0,123.038698,0.0
2019-01-05,2,0,97,69.14,69.14,0.0,756.841244,0.0
2019-01-05,2,0,99,0.0,0.0,0.0,0.0,0.0
2019-01-05,2,0,101,0.0,0.0,0.0,0.0,0.0
2019-01-05,2,0,102,10.28,10.28,0.0,81.54639,0.0
2019-01-05,2,0,103,8.94,8.94,0.0,70.916803,0.0
2019-01-05,2,0,104,1.66,1.66,0.0,13.167997,0.0
2019-01-05,2,0,106,0.0,0.0,0.0,0.0,0.0
2019-01-05,2,0,109,58.6,58.6,0.0,734.918874,0.0
2019-01-05,2,0,110,74.16,74.16,0.0,169.745742,0.0
2019-01-05,2,0,111,0.0,0.0,0.0,0.0,0.0
2019-01-05,2,0,113,31.17,31.17,0.0,283.638809,0.0
2019-01-05,2,0,115,31.17,31.17,0.0,283.638809,0.0
2019-01-05,2,0,116,0.0,0.0,0.0,0.0,0.0
2019-01-05,2,0,117,1.67,1.67,0.0,15.196561,0.0
2019-01-05,2,0,119,59.13,59.13,0.0,1119.973321,0.0
2019-01-05,2,0,120,34.77,34.77,0.0,658.573861,0.0
2019-01-05,2,0,123,0.0,0.0,0.0,0.0,0.0
2019-01-05,2,0,125,77.33,77.33,0.0,849.440369,0.0
2019-01-05,2,0,126,0.0,0.0,0.0,0.0,0.0
2019-01-05,2,0,127,0.0,0.0,0.0,0.0,0.0
2019-01-05,2,0,128,110.76,110.76,0.0,1216.656088,0.0
2019-01-05,2,0,131,13.64,13.64,0.0,113.260515,0.0
2019-01-05,2,0,132,20.05,20.05,0.0,166.486314,0.0
2019-01-05,2,0,133,0.0,0.0,0.0,0.0,0.0
2019-01-05,2,0,134,0.0,0.0,0.0,0.0,0.0
2019-01-05,2,0,135,0.0,0.0,0.0,0.0,0.0
2019-01-05,2,0,136,0.93,0.93,0.0,13.747753,0.0
2019-01-05,2,0,139,14.32,14.32,0.0,172.201639,0.0
2019-01-05,2,0,140,54.89,54.89,0.0,125.638401,0.0
2019-01-05,2,0,141,104.59,104.59,0.0,684.360427,0.0
2019-01-05,2,0,142,0.0,0.0,0.0,0.0,0.0
2019-01-05,2,0,143,27.35,27.35,0.0,299.919553,0.0
2019-01-05,2,0,145,8.75,8.75,0.0,101.080119,0.0
2019-01-05,2,0,146,130.98,130.98,0.0,299.801744,0.0
2019-01-05,2,0,152,0.0,0.0,0.0,0.0,0.0
2019-01-05,2,0,153,0.0,0.0,0.0,0.0,0.0
2019-01-05,2,0,154,0.0,0.0,0.0,0.0,0.0
2019-01-05,2,0,157,45.73,45.73,0.0,299.223657,0.0
2019-01-05,2,0,158,0.0,0.0,0.0,0.0,0.0
2019-01-05,2,0,159,0.0,0.0,0.0,0.0,0.0
2019-01-05,2,0,160,0.0,0.0,0.0,0.0,0.0
2019-01-05,2,0,161,0.0,0.0,0.0,0.0,0.0
2019-01-05,2,0,162,11.16,11.16,0.0,199.580037,0.0
2019-01-05,2,0,163,62.96,62.96,0.0,144.109924,0.0
2019-01-05,2,0,164,0.0,0.0,0.0,0.0,0.0
2019-01-05,2,0,167,0.0,0.0,0.0,0.0,0.0
2019-01-05,2,0,168,0.0,0.0,0.0,0.0,0.0
2019-01-05,2,0,169,0.0,0.0,0.0,0.0,0.0
2019-01-05,2,0,170,0.0,0.0,0.0,0.0,0.0
2019-01-05,2,0,172,0.0,0.0,0.0,0.0,0.0
2019-01-05,2,0,173,0.0,0.0,0.0,0.0,0.0
2019-01-05,2,0,188,0.0,0.0,0.0,0.0,0.0
2019-01-05,2,0,190,0.0,0.0,0.0,0.0,0.0
2019-01-05,2,0,191,0.0,0.0,0.0,0.0,0.0
2019-01-05,2,0,192,20.99,20.99,0.0,397.568747,0.0
2019-01-05,2,0,194,63.33,63.33,0.0,635.358736,0.0
2019-01-05,2,0,196,0.0,0.0,0.0,0.0,0.0
2019-01-05,2,0,198,0.0,0.0,0.0,0.0,0.0
2019-01-05,2,0,199,10.69,10.69,0.0,114.003213,0.0
2019-01-05,2,0,200,0.0,0.0,0.0,0.0,0.0
2019-01-05,2,0,204,199.42,199.42,0.0,2480.022513,0.0
2019-01-05,2,0,205,287.7,287.7,0.0,3608.125598,0.0
2019-01-05,2,0,206,203.16,203.16,0.0,2223.891627,0.0
2019-01-05,2,0,210,0.0,0.0,0.0,0.0,0.0
2019-01-05,2,0,214,0.0,0.0,0.0,0.0,0.0
2019-01-05,2,0,217,0.0,0.0,0.0,0.0,0.0
2019-01-05,2,0,218,0.0,0.0,0.0,0.0,0.0
2019-01-05,2,0,219,0.0,0.0,0.0,0.0,0.0
2019-01-05,2,0,221,0.0,0.0,0.0,0.0,0.0
2019-01-05,2,0,225,0.0,0.0,0.0,0.0,0.0
2019-01-05,2,0,233,0.0,0.0,0.0,0.0,0.0
2019-01-05,2,0,236,0.0,0.0,0.0,0.0,0.0
2019-01-05,2,0,237,0.0,0.0,0.0,0.0,0.0
2019-01-05,2,0,238,0.0,0.0,0.0,0.0,0.0
2019-01-05,2,0,240,0.0,0.0,0.0,0.0,0.0
2019-01-05,2,0,245,0.0,0.0,0.0,0.0,0.0
2019-01-05,2,0,247,0.0,0.0,0.0,0.0,0.0
2019-01-05,2,0,248,0.0,0.0,0.0,0.0,0.0
2019-01-05,2,0,249,0.0,0.0,0.0,0.0,0.0
2019-01-05,2,0,251,12.75,12.75,0.0,187.683924,0.0
2019-01-05,2,0,252,0.0,0.0,0.0,0.0,0.0
2019-01-05,2,0,254,0.0,0.0,0.0,0.0,0.0
2019-01-05,2,0,255,0.0,0.0,0.0,0.0,0.0
2019-01-05,2,0,258,0.0,0.0,0.0,0.0,0.0
2019-01-05,2,0,260,0.0,0.0,0.0,0.0,0.0
2019-01-05,2,0,265,0.0,0.0,0.0,0.0,0.0
2019-01-05,2,0,266,9.27,9.27,0.0,111.474106,0.0
2019-01-05,2,0,267,11.4,11.4,0.0,137.087897,0.0
2019-01-05,2,0,270,196.63,196.63,0.0,450.068842,0.0
2019-01-05,2,0,272,134.47,134.47,0.0,1223.641662,0.0
2019-01-05,2,0,273,0.0,0.0,0.0,0.0,0.0
2019-01-05,2,0,274,253.48,253.48,0.0,580.19351,0.0
2019-01-05,2,0,275,352.85,352.85,0.0,807.642734,0.0
2019-01-05,2,0,276,0.0,0.0,0.0,0.0,0.0
2019-01-05,2,0,277,0.0,0.0,0.0,0.0,0.0
2019-01-05,2,0,278,0.0,0.0,0.0,0.0,0.0
2019-01-05,2,0,279,114.72,114.72,0.0,1048.917255,0.0
2019-01-05,2,0,281,5.75,5.75,0.0,63.054385,0.0
2019-01-05,2,0,282,0.0,0.0,0.0,0.0,0.0
2019-01-05,3,0,9,0.0,0.0,0.0,0.0,0.0
2019-01-05,3,0,17,0.0,0.0,0.0,0.0,0.0
2019-01-05,3,0,19,0.0,0.0,0.0,0.0,0.0
2019-01-05,3,0,20,0.0,0.0,0.0,0.0,0.0
2019-01-05,3,0,21,0.0,0.0,0.0,0.0,0.0
2019-01-05,3,0,22,0.0,0.0,0.0,0.0,0.0
2019-01-05,3,0,23,48.13,48.13,0.0,502.003545,0.0
2019-01-05,3,0,24,85.16,85.16,0.0,888.232328,0.0
2019-01-05,3,0,29,0.0,0.0,0.0,0.0,0.0
2019-01-05,3,0,30,0.0,0.0,0.0,0.0,0.0
2019-01-05,3,0,31,12.23,12.23,0.0,127.356235,0.0
2019-01-05,3,0,32,0.0,0.0,0.0,0.0,0.0
2019-01-05,3,0,33,0.0,0.0,0.0,0.0,0.0
2019-01-05,3,0,34,0.0,0.0,0.0,0.0,0.0
2019-01-05,3,0,35,0.0,0.0,0.0,0.0,0.0
2019-01-05,3,0,36,0.0,0.0,0.0,0.0,0.0
2019-01-05,3,0,37,0.0,0.0,0.0,0.0,0.0
2019-01-05,3,0,38,0.0,0.0,0.0,0.0,0.0
2019-01-05,3,0,39,0.0,0.0,0.0,0.0,0.0
2019-01-05,3,0,40,0.0,0.0,0.0,0.0,0.0
2019-01-05,3,0,41,11.63,11.63,0.0,132.085925,0.0
2019-01-05,3,0,42,0.0,0.0,0.0,0.0,0.0
2019-01-05,3,0,43,0.0,0.0,0.0,0.0,0.0
2019-01-05,3,0,46,0.0,0.0,0.0,0.0,0.0
2019-01-05,3,0,52,12.96,12.96,0.0,134.958039,0.0
2019-01-05,3,0,53,20.59,20.59,0.0,214.412501,0.0
2019-01-05,3,0,55,289.88,289.88,0.0,3023.494447,0.0
2019-01-05,3,0,56,0.0,0.0,0.0,0.0,0.0
2019-01-05,3,0,57,0.0,0.0,0.0,0.0,0.0
2019-01-05,3,0,58,0.0,0.0,0.0,0.0,0.0
2019-01-05,3,0,59,0.0,0.0,0.0,0.0,0.0
2019-01-05,3,0,63,54.27,54.27,0.0,1023.506014,0.0
2019-01-05,3,0,64,63.85,63.85,0.0,1204.180191,0.0
2019-01-05,3,0,65,0.0,0.0,0.0,0.0,0.0
2019-01-05,3,0,67,0.0,0.0,0.0,0.0,0.0
2019-01-05,3,0,68,4.31,4.31,0.0,32.893302,0.0
2019-01-05,3,0,69,0.0,0.0,0.0,0.0,0.0
2019-01-05,3,0,74,0.0,0.0,0.0,0.0,0.0
2019-01-05,3,0,77,86.64,86.64,0.0,765.382127,0.0
2019-01-05,3,0,78,65.5,65.5,0.0,578.630301,0.0
2019-01-05,3,0,79,37.91,37.91,0.0,334.898851,0.0
2019-01-05,3,0,80,61.3,61.3,0.0,541.52729,0.0
2019-01-05,3,0,81,80.14,80.14,0.0,707.960799,0.0
2019-01-05,3,0,82,56.53,56.53,0.0,499.388869,0.0
2019-01-05,3,0,83,126.06,126.06,0.0,1113.620394,0.0
2019-01-05,3,0,84,0.0,0.0,0.0,0.0,0.0
2019-01-05,3,0,86,0.0,0.0,0.0,0.0,0.0
2019-01-05,3,0,87,0.0,0.0,0.0,0.0,0.0
2019-01-05,3,0,88,78.76,78.76,0.0,695.76981,0.0
2019-01-05,3,0,89,75.72,75.72,0.0,668.914297,0.0
2019-01-05,3,0,90,101.66,101.66,0.0,898.069564,0.0
2019-01-05,3,0,91,362.66,362.66,0.0,3203.75672,0.0
2019-01-05,3,0,92,130.43,130.43,0.0,1152.225194,0.0
2019-01-05,3,0,95,9.11,9.11,0.0,162.234526,0.0
2019-01-05,3,0,96,12.06,12.06,0.0,125.37509,0.0
2019-01-05,3,0,97,74.16,74.16,0.0,770.963241,0.0
2019-01-05,3,0,99,0.0,0.0,0.0,0.0,0.0
2019-01-05,3,0,101,0.0,0.0,0.0,0.0,0.0
2019-01-05,3,0,102,10.21,10.21,0.0,77.921257,0.0
2019-01-05,3,0,103,8.88,8.88,0.0,67.770887,0.0
2019-01-05,3,0,104,1.65,1.65,0.0,12.592564,0.0
2019-01-05,3,0,106,0.0,0.0,0.0,0.0,0.0
2019-01-05,3,0,109,68.19,68.19,0.0,806.899517,0.0
2019-01-05,3,0,110,55.3,55.3,0.0,126.55509,0.0
2019-01-05,3,0,111,0.0,0.0,0.0,0.0,0.0
2019-01-05,3,0,113,28.28,28.28,0.0,247.452413,0.0
2019-01-05,3,0,115,28.28,28.28,0.0,247.452413,0.0
2019-01-05,3,0,116,0.0,0.0,0.0,0.0,0.0
2019-01-05,3,0,117,1.45,1.45,0.0,12.687624,0.0
2019-01-05,3,0,119,63.85,63.85,0.0,1204.180191,0.0
2019-01-05,3,0,120,37.54,37.54,0.0,707.986286,0.0
2019-01-05,3,0,123,0.0,0.0,0.0,0.0,0.0
2019-01-05,3,0,125,77.06,77.06,0.0,803.748041,0.0
2019-01-05,3,0,126,0.0,0.0,0.0,0.0,0.0
2019-01-05,3,0,127,0.0,0.0,0.0,0.0,0.0
2019-01-05,3,0,128,110.38,110.38,0.0,1151.280934,0.0
2019-01-05,3,0,131,13.44,13.44,0.0,107.293456,0.0
2019-01-05,3,0,132,19.76,19.76,0.0,157.746927,0.0
2019-01-05,3,0,133,0.0,0.0,0.0,0.0,0.0
2019-01-05,3,0,134,0.0,0.0,0.0,0.0,0.0
2019-01-05,3,0,135,0.0,0.0,0.0,0.0,0.0
2019-01-05,3,0,136,0.0,0.0,0.0,0.0,0.0
2019-01-05,3,0,139,15.02,15.02,0.0,170.587325,0.0
2019-01-05,3,0,140,40.93,40.93,0.0,93.669075,0.0
2019-01-05,3,0,141,104.01,104.01,0.0,656.980683,0.0
2019-01-05,3,0,142,0.0,0.0,0.0,0.0,0.0
2019-01-05,3,0,143,13.43,13.43,0.0,139.85235,0.0
2019-01-05,3,0,145,9.79,9.79,0.0,107.116638,0.0
2019-01-05,3,0,146,129.0,129.0,0.0,295.218927,0.0
2019-01-05,3,0,152,0.0,0.0,0.0,0.0,0.0
2019-01-05,3,0,153,0.0,0.0,0.0,0.0,0.0
2019-01-05,3,0,154,0.0,0.0,0.0,0.0,0.0
2019-01-05,3,0,157,49.91,49.91,0.0,315.257244,0.0
2019-01-05,3,0,158,0.0,0.0,0.0,0.0,0.0
2019-01-05,3,0,159,0.0,0.0,0.0,0.0,0.0
2019-01-05,3,0,160,0.0,0.0,0.0,0.0,0.0
2019-01-05,3,0,161,0.0,0.0,0.0,0.0,0.0
2019-01-05,3,0,162,11.0,11.0,0.0,196.040648,0.0
2019-01-05,3,0,163,68.43,68.43,0.0,156.603342,0.0
2019-01-05,3,0,164,0.0,0.0,0.0,0.0,0.0
2019-01-05,3,0,167,0.0,0.0,0.0,0.0,0.0
2019-01-05,3,0,168,0.0,0.0,0.0,0.0,0.0
2019-01-05,3,0,169,0.0,0.0,0.0,0.0,0.0
2019-01-05,3,0,170,0.0,0.0,0.0,0.0,0.0
2019-01-05,3,0,172,0.0,0.0,0.0,0.0,0.0
2019-01-05,3,0,173,0.0,0.0,0.0,0.0,0.0
2019-01-05,3,0,188,0.0,0.0,0.0,0.0,0.0
2019-01-05,3,0,190,0.0,0.0,0.0,0.0,0.0
2019-01-05,3,0,191,0.0,0.0,0.0,0.0,0.0
2019-01-05,3,0,192,31.79,31.79,0.0,599.544061,0.0
2019-01-05,3,0,194,67.3,67.3,0.0,649.500903,0.0
2019-01-05,3,0,196,0.0,0.0,0.0,0.0,0.0
2019-01-05,3,0,198,0.0,0.0,0.0,0.0,0.0
2019-01-05,3,0,199,9.77,9.77,0.0,103.349883,0.0
2019-01-05,3,0,200,0.0,0.0,0.0,0.0,0.0
2019-01-05,3,0,204,233.26,233.26,0.0,2738.921276,0.0
2019-01-05,3,0,205,360.71,360.71,0.0,4268.319767,0.0
2019-01-05,3,0,206,217.91,217.91,0.0,2265.380257,0.0
2019-01-05,3,0,210,0.0,0.0,0.0,0.0,0.0
2019-01-05,3,0,214,0.0,0.0,0.0,0.0,0.0
2019-01-05,3,0,217,0.0,0.0,0.0,0.0,0.0
2019-01-05,3,0,218,0.0,0.0,0.0,0.0,0.0
2019-01-05,3,0,219,0.0,0.0,0.0,0.0,0.0
2019-01-05,3,0,221,0.0,0.0,0.0,0.0,0.0
2019-01-05,3,0,225,0.0,0.0,0.0,0.0,0.0
2019-01-05,3,0,233,0.0,0.0,0.0,0.0,0.0
2019-01-05,3,0,236,0.0,0.0,0.0,0.0,0.0
2019-01-05,3,0,237,0.0,0.0,0.0,0.0,0.0
2019-01-05,3,0,238,0.0,0.0,0.0,0.0,0.0
2019-01-05,3,0,240,0.0,0.0,0.0,0.0,0.0
2019-01-05,3,0,245,0.0,0.0,0.0,0.0,0.0
2019-01-05,3,0,247,0.0,0.0,0.0,0.0,0.0
2019-01-05,3,0,248,0.0,0.0,0.0,0.0,0.0
2019-01-05,3,0,249,0.0,0.0,0.0,0.0,0.0
2019-01-05,3,0,251,0.0,0.0,0.0,0.0,0.0
2019-01-05,3,0,252,0.0,0.0,0.0,0.0,0.0
2019-01-05,3,0,254,0.0,0.0,0.0,0.0,0.0
2019-01-05,3,0,255,0.0,0.0,0.0,0.0,0.0
2019-01-05,3,0,258,0.0,0.0,0.0,0.0,0.0
2019-01-05,3,0,260,0.0,0.0,0.0,0.0,0.0
2019-01-05,3,0,265,0.0,0.0,0.0,0.0,0.0
2019-01-05,3,0,266,9.72,9.72,0.0,110.393395,0.0
2019-01-05,3,0,267,11.95,11.95,0.0,135.720275,0.0
2019-01-05,3,0,270,213.71,213.71,0.0,489.079356,0.0
2019-01-05,3,0,272,115.5,115.5,0.0,1010.634856,0.0
2019-01-05,3,0,273,0.0,0.0,0.0,0.0,0.0
2019-01-05,3,0,274,275.49,275.49,0.0,630.464048,0.0
2019-01-05,3,0,275,383.49,383.49,0.0,877.62408,0.0
2019-01-05,3,0,276,0.0,0.0,0.0,0.0,0.0
2019-01-05,3,0,277,0.0,0.0,0.0,0.0,0.0
2019-01-05,3,0,278,0.0,0.0,0.0,0.0,0.0
2019-01-05,3,0,279,118.46,118.46,0.0,1040.522822,0.0
2019-01-05,3,0,281,5.49,5.49,0.0,57.169725,0.0
2019-01-05,3,0,282,0.0,0.0,0.0,0.0,0.0
2019-01-05,4,0,9,0.0,0.0,0.0,0.0,0.0
2019-01-05,4,0,17,0.0,0.0,0.0,0.0,0.0
2019-01-05,4,0,19,0.0,0.0,0.0,0.0,0.0
2019-01-05,4,0,20,0.0,0.0,0.0,0.0,0.0
2019-01-05,4,0,21,0.0,0.0,0.0,0.0,0.0
2019-01-05,4,0,22,0.0,0.0,0.0,0.0,0.0
2019-01-05,4,0,23,43.53,43.53,0.0,495.057263,0.0
2019-01-05,4,0,24,71.94,71.94,0.0,818.158041,0.0
2019-01-05,4,0,29,0.0,0.0,0.0,0.0,0.0
2019-01-05,4,0,30,0.0,0.0,0.0,0.0,0.0
2019-01-05,4,0,31,11.7,11.7,0.0,132.886229,0.0
2019-01-05,4,0,32,0.0,0.0,0.0,0.0,0.0
2019-01-05,4,0,33,0.0,0.0,0.0,0.0,0.0
2019-01-05,4,0,34,0.0,0.0,0.0,0.0,0.0
2019-01-05,4,0,35,0.0,0.0,0.0,0.0,0.0
2019-01-05,4,0,36,0.0,0.0,0.0,0.0,0.0
2019-01-05,4,0,37,0.0,0.0,0.0,0.0,0.0
2019-01-05,4,0,38,0.0,0.0,0.0,0.0,0.0
2019-01-05,4,0,39,0.0,0.0,0.0,0.0,0.0
2019-01-05,4,0,40,0.0,0.0,0.0,0.0,0.0
2019-01-05,4,0,41,12.16,12.16,0.0,148.530815,0.0
2019-01-05,4,0,42,0.0,0.0,0.0,0.0,0.0
2019-01-05,4,0,43,0.0,0.0,0.0,0.0,0.0
2019-01-05,4,0,46,0.0,0.0,0.0,0.0,0.0
2019-01-05,4,0,52,12.4,12.4,0.0,140.836687,0.0
2019-01-05,4,0,53,19.7,19.7,0.0,223.748608,0.0
2019-01-05,4,0,55,286.96,286.96,0.0,3263.533937,0.0
2019-01-05,4,0,56,0.0,0.0,0.0,0.0,0.0
2019-01-05,4,0,57,0.0,0.0,0.0,0.0,0.0
2019-01-05,4,0,58,0.0,0.0,0.0,0.0,0.0
2019-01-05,4,0,59,0.0,0.0,0.0,0.0,0.0
2019-01-05,4,0,63,58.86,58.86,0.0,1208.714509,0.0
2019-01-05,4,0,64,69.25,69.25,0.0,1422.077468,0.0
2019-01-05,4,0,65,0.0,0.0,0.0,0.0,0.0
2019-01-05,4,0,67,0.0,0.0,0.0,0.0,0.0
2019-01-05,4,0,68,4.29,4.29,0.0,36.717551,0.0
2019-01-05,4,0,69,0.0,0.0,0.0,0.0,0.0
2019-01-05,4,0,74,0.0,0.0,0.0,0.0,0.0
2019-01-05,4,0,77,85.6,85.6,0.0,851.337248,0.0
2019-01-05,4,0,78,64.72,64.72,0.0,643.674611,0.0
2019-01-05,4,0,79,37.45,37.45,0.0,372.460046,0.0
2019-01-05,4,0,80,60.57,60.57,0.0,602.400667,0.0
2019-01-05,4,0,81,79.18,79.18,0.0,787.486955,0.0
2019-01-05,4,0,82,55.86,55.86,0.0,555.557228,0.0
2019-01-05,4,0,83,124.55,124.55,0.0,1238.715587,0.0
2019-01-05,4,0,84,0.0,0.0,0.0,0.0,0.0
2019-01-05,4,0,86,0.0,0.0,0.0,0.0,0.0
2019-01-05,4,0,87,0.0,0.0,0.0,0.0,0.0
2019-01-05,4,0,88,78.82,78.82,0.0,783.906564,0.0
2019-01-05,4,0,89,75.77,75.77,0.0,753.572702,0.0
2019-01-05,4,0,90,101.74,101.74,0.0,1011.85808,0.0
2019-01-05,4,0,91,362.92,362.92,0.0,3609.43124,0.0
2019-01-05,4,0,92,130.52,130.52,0.0,1298.090393,0.0
2019-01-05,4,0,95,20.9,20.9,0.0,406.075086,0.0
2019-01-05,4,0,96,12.89,12.89,0.0,146.200125,0.0
2019-01-05,4,0,97,79.24,79.24,0.0,898.75081,0.0
2019-01-05,4,0,99,0.0,0.0,0.0,0.0,0.0
2019-01-05,4,0,101,0.0,0.0,0.0,0.0,0.0
2019-01-05,4,0,102,10.16,10.16,0.0,86.958116,0.0
2019-01-05,4,0,103,8.84,8.84,0.0,75.660408,0.0
2019-01-05,4,0,104,1.64,1.64,0.0,14.036546,0.0
2019-01-05,4,0,106,0.0,0.0,0.0,0.0,0.0
2019-01-05,4,0,109,77.73,77.73,0.0,980.99502,0.0
2019-01-05,4,0,110,46.82,46.82,0.0,105.820349,0.0
2019-01-05,4,0,111,0.0,0.0,0.0,0.0,0.0
2019-01-05,4,0,113,17.17,17.17,0.0,170.784314,0.0
2019-01-05,4,0,115,17.17,17.17,0.0,170.784314,0.0
2019-01-05,4,0,116,0.0,0.0,0.0,0.0,0.0
2019-01-05,4,0,117,1.14,1.14,0.0,11.339203,0.0
2019-01-05,4,0,119,69.25,69.25,0.0,1422.077468,0.0
2019-01-05,4,0,120,40.72,40.72,0.0,836.202087,0.0
2019-01-05,4,0,123,0.0,0.0,0.0,0.0,0.0
2019-01-05,4,0,125,66.01,66.01,0.0,750.717435,0.0
2019-01-05,4,0,126,0.0,0.0,0.0,0.0,0.0
2019-01-05,4,0,127,0.0,0.0,0.0,0.0,0.0
2019-01-05,4,0,128,89.65,89.65,0.0,1019.570036,0.0
2019-01-05,4,0,131,13.2,13.2,0.0,118.443159,0.0
2019-01-05,4,0,132,19.41,19.41,0.0,174.165282,0.0
2019-01-05,4,0,133,0.0,0.0,0.0,0.0,0.0
2019-01-05,4,0,134,0.0,0.0,0.0,0.0,0.0
2019-01-05,4,0,135,0.0,0.0,0.0,0.0,0.0
2019-01-05,4,0,136,0.0,0.0,0.0,0.0,0.0
2019-01-05,4,0,139,15.71,15.71,0.0,191.893018,0.0
2019-01-05,4,0,140,34.65,34.65,0.0,78.314291,0.0
2019-01-05,4,0,141,103.16,103.16,0.0,722.981057,0.0
2019-01-05,4,0,142,0.0,0.0,0.0,0.0,0.0
2019-01-05,4,0,143,12.54,12.54,0.0,142.426779,0.0
2019-01-05,4,0,145,11.0,11.0,0.0,130.104224,0.0
2019-01-05,4,0,146,128.26,128.26,0.0,289.887185,0.0
2019-01-05,4,0,152,0.0,0.0,0.0,0.0,0.0
2019-01-05,4,0,153,0.0,0.0,0.0,0.0,0.0
2019-01-05,4,0,154,0.0,0.0,0.0,0.0,0.0
2019-01-05,4,0,157,55.5,55.5,0.0,388.963248,0.0
2019-01-05,4,0,158,0.0,0.0,0.0,0.0,0.0
2019-01-05,4,0,159,0.0,0.0,0.0,0.0,0.0
2019-01-05,4,0,160,0.0,0.0,0.0,0.0,0.0
2019-01-05,4,0,161,0.0,0.0,0.0,0.0,0.0
2019-01-05,4,0,162,10.97,10.97,0.0,213.29003,0.0
2019-01-05,4,0,163,73.85,73.85,0.0,166.912277,0.0
2019-01-05,4,0,164,0.0,0.0,0.0,0.0,0.0
2019-01-05,4,0,167,0.0,0.0,0.0,0.0,0.0
2019-01-05,4,0,168,0.0,0.0,0.0,0.0,0.0
2019-01-05,4,0,169,0.0,0.0,0.0,0.0,0.0
2019-01-05,4,0,170,0.0,0.0,0.0,0.0,0.0
2019-01-05,4,0,172,0.0,0.0,0.0,0.0,0.0
2019-01-05,4,0,173,0.0,0.0,0.0,0.0,0.0
2019-01-05,4,0,188,0.0,0.0,0.0,0.0,0.0
2019-01-05,4,0,190,0.0,0.0,0.0,0.0,0.0
2019-01-05,4,0,191,0.0,0.0,0.0,0.0,0.0
2019-01-05,4,0,192,45.9,45.9,0.0,942.575535,0.0
2019-01-05,4,0,194,71.71,71.71,0.0,796.115676,0.0
2019-01-05,4,0,196,0.0,0.0,0.0,0.0,0.0
2019-01-05,4,0,198,0.0,0.0,0.0,0.0,0.0
2019-01-05,4,0,199,9.01,9.01,0.0,98.701787,0.0
2019-01-05,4,0,200,0.0,0.0,0.0,0.0,0.0
2019-01-05,4,0,204,271.74,271.74,0.0,3405.914141,0.0
2019-01-05,4,0,205,411.17,411.17,0.0,5189.189791,0.0
2019-01-05,4,0,206,232.85,232.85,0.0,2641.016231,0.0
2019-01-05,4,0,210,0.0,0.0,0.0,0.0,0.0
2019-01-05,4,0,214,0.0,0.0,0.0,0.0,0.0
2019-01-05,4,0,217,0.0,0.0,0.0,0.0,0.0
2019-01-05,4,0,218,0.0,0.0,0.0,0.0,0.0
2019-01-05,4,0,219,0.0,0.0,0.0,0.0,0.0
2019-01-05,4,0,221,0.0,0.0,0.0,0.0,0.0
2019-01-05,4,0,225,0.0,0.0,0.0,0.0,0.0
2019-01-05,4,0,233,0.0,0.0,0.0,0.0,0.0
2019-01-05,4,0,236,0.0,0.0,0.0,0.0,0.0
2019-01-05,4,0,237,0.0,0.0,0.0,0.0,0.0
2019-01-05,4,0,238,0.0,0.0,0.0,0.0,0.0
2019-01-05,4,0,240,0.0,0.0,0.0,0.0,0.0
2019-01-05,4,0,245,0.0,0.0,0.0,0.0,0.0
2019-01-05,4,0,247,0.0,0.0,0.0,0.0,0.0
2019-01-05,4,0,248,0.0,0.0,0.0,0.0,0.0
2019-01-05,4,0,249,0.0,0.0,0.0,0.0,0.0
2019-01-05,4,0,251,0.0,0.0,0.0,0.0,0.0
2019-01-05,4,0,252,0.0,0.0,0.0,0.0,0.0
2019-01-05,4,0,254,0.0,0.0,0.0,0.0,0.0
2019-01-05,4,0,255,0.0,0.0,0.0,0.0,0.0
2019-01-05,4,0,258,0.0,0.0,0.0,0.0,0.0
2019-01-05,4,0,260,0.0,0.0,0.0,0.0,0.0
2019-01-05,4,0,265,0.0,0.0,0.0,0.0,0.0
2019-01-05,4,0,266,10.17,10.17,0.0,124.223551,0.0
2019-01-05,4,0,267,12.5,12.5,0.0,152.683814,0.0
2019-01-05,4,0,270,230.63,230.63,0.0,521.259016,0.0
2019-01-05,4,0,272,57.38,57.38,0.0,570.73989,0.0
2019-01-05,4,0,273,0.0,0.0,0.0,0.0,0.0
2019-01-05,4,0,274,297.31,297.31,0.0,671.965998,0.0
2019-01-05,4,0,275,413.86,413.86,0.0,935.386795,0.0
2019-01-05,4,0,276,0.0,0.0,0.0,0.0,0.0
2019-01-05,4,0,277,0.0,0.0,0.0,0.0,0.0
2019-01-05,4,0,278,0.0,0.0,0.0,0.0,0.0
2019-01-05,4,0,279,121.97,121.97,0.0,1213.139482,0.0
2019-01-05,4,0,281,5.25,5.25,0.0,59.628436,0.0
2019-01-05,4,0,282,0.0,0.0,0.0,0.0,0.0
2019-01-05,5,0,9,0.0,0.0,0.0,0.0,0.0
2019-01-05,5,0,17,0.0,0.0,0.0,0.0,0.0
2019-01-05,5,0,19,0.0,0.0,0.0,0.0,0.0
2019-01-05,5,0,20,0.0,0.0,0.0,0.0,0.0
2019-01-05,5,0,21,0.0,0.0,0.0,0.0,0.0
2019-01-05,5,0,22,0.0,0.0,0.0,0.0,0.0
2019-01-05,5,0,23,44.26,44.26,0.0,549.825294,0.0
2019-01-05,5,0,24,78.3,78.3,0.0,972.691381,0.0
2019-01-05,5,0,29,0.0,0.0,0.0,0.0,0.0
2019-01-05,5,0,30,0.0,0.0,0.0,0.0,0.0
2019-01-05,5,0,31,12.6,12.6,0.0,156.326498,0.0
2019-01-05,5,0,32,0.0,0.0,0.0,0.0,0.0
2019-01-05,5,0,33,0.0,0.0,0.0,0.0,0.0
2019-01-05,5,0,34,0.0,0.0,0.0,0.0,0.0
2019-01-05,5,0,35,0.0,0.0,0.0,0.0,0.0
2019-01-05,5,0,36,0.0,0.0,0.0,0.0,0.0
2019-01-05,5,0,37,0.0,0.0,0.0,0.0,0.0
2019-01-05,5,0,38,0.0,0.0,0.0,0.0,0.0
2019-01-05,5,0,39,0.0,0.0,0.0,0.0,0.0
2019-01-05,5,0,40,0.0,0.0,0.0,0.0,0.0
2019-01-05,5,0,41,12.79,12.79,0.0,170.405302,0.0
2019-01-05,5,0,42,0.0,0.0,0.0,0.0,0.0
2019-01-05,5,0,43,0.0,0.0,0.0,0.0,0.0
2019-01-05,5,0,46,0.0,0.0,0.0,0.0,0.0
2019-01-05,5,0,52,13.36,13.36,0.0,165.755716,0.0
2019-01-05,5,0,53,21.22,21.22,0.0,263.273674,0.0
2019-01-05,5,0,55,207.97,207.97,0.0,2583.532906,0.0
2019-01-05,5,0,56,0.0,0.0,0.0,0.0,0.0
2019-01-05,5,0,57,0.0,0.0,0.0,0.0,0.0
2019-01-05,5,0,58,0.0,0.0,0.0,0.0,0.0
2019-01-05,5,0,59,0.0,0.0,0.0,0.0,0.0
2019-01-05,5,0,63,55.21,55.21,0.0,1501.111315,0.0
2019-01-05,5,0,64,64.95,64.95,0.0,1765.933344,0.0
2019-01-05,5,0,65,0.0,0.0,0.0,0.0,0.0
2019-01-05,5,0,67,0.0,0.0,0.0,0.0,0.0
2019-01-05,5,0,68,4.03,4.03,0.0,37.772548,0.0
2019-01-05,5,0,69,0.0,0.0,0.0,0.0,0.0
2019-01-05,5,0,74,0.0,0.0,0.0,0.0,0.0
2019-01-05,5,0,77,78.67,78.67,0.0,859.486104,0.0
2019-01-05,5,0,78,59.48,59.48,0.0,649.831365,0.0
2019-01-05,5,0,79,34.42,34.42,0.0,376.045655,0.0
2019-01-05,5,0,80,55.66,55.66,0.0,608.097071,0.0
2019-01-05,5,0,81,72.77,72.77,0.0,795.027378,0.0
2019-01-05,5,0,82,51.33,51.33,0.0,560.790921,0.0
2019-01-05,5,0,83,114.47,114.47,0.0,1250.608546,0.0
2019-01-05,5,0,84,0.0,0.0,0.0,0.0,0.0
2019-01-05,5,0,86,0.0,0.0,0.0,0.0,0.0
2019-01-05,5,0,87,0.0,0.0,0.0,0.0,0.0
2019-01-05,5,0,88,72.44,72.44,0.0,791.422059,0.0
2019-01-05,5,0,89,69.64,69.64,0.0,760.831477,0.0
2019-01-05,5,0,90,93.5,93.5,0.0,1021.506937,0.0
2019-01-05,5,0,91,333.55,333.55,0.0,3644.10309,0.0
2019-01-05,5,0,92,119.96,119.96,0.0,1310.587938,0.0
2019-01-05,5,0,95,8.49,8.49,0.0,219.174714,0.0
2019-01-05,5,0,96,10.52,10.52,0.0,130.346968,0.0
2019-01-05,5,0,97,64.69,64.69,0.0,801.534732,0.0
2019-01-05,5,0,99,0.0,0.0,0.0,0.0,0.0
2019-01-05,5,0,101,0.0,0.0,0.0,0.0,0.0
2019-01-05,5,0,102,9.55,9.55,0.0,89.510628,0.0
2019-01-05,5,0,103,8.3,8.3,0.0,77.794577,0.0
2019-01-05,5,0,104,1.54,1.54,0.0,14.434175,0.0
2019-01-05,5,0,106,0.0,0.0,0.0,0.0,0.0
2019-01-05,5,0,109,72.16,72.16,0.0,990.218876,0.0
2019-01-05,5,0,110,56.94,56.94,0.0,130.308261,0.0
2019-01-05,5,0,111,0.0,0.0,0.0,0.0,0.0
2019-01-05,5,0,113,36.02,36.02,0.0,394.428928,0.0
2019-01-05,5,0,115,36.02,36.02,0.0,394.428928,0.0
2019-01-05,5,0,116,0.0,0.0,0.0,0.0,0.0
2019-01-05,5,0,117,1.73,1.73,0.0,18.943977,0.0
2019-01-05,5,0,119,64.95,64.95,0.0,1765.933344,0.0
2019-01-05,5,0,120,38.19,38.19,0.0,1038.352493,0.0
2019-01-05,5,0,123,0.0,0.0,0.0,0.0,0.0
2019-01-05,5,0,125,70.86,70.86,0.0,880.267066,0.0
2019-01-05,5,0,126,0.0,0.0,0.0,0.0,0.0
2019-01-05,5,0,127,0.0,0.0,0.0,0.0,0.0
2019-01-05,5,0,128,101.49,101.49,0.0,1260.772009,0.0
2019-01-05,5,0,131,12.57,12.57,0.0,123.671021,0.0
2019-01-05,5,0,132,18.47,18.47,0.0,181.718676,0.0
2019-01-05,5,0,133,0.0,0.0,0.0,0.0,0.0
2019-01-05,5,0,134,0.0,0.0,0.0,0.0,0.0
2019-01-05,5,0,135,0.0,0.0,0.0,0.0,0.0
2019-01-05,5,0,136,0.0,0.0,0.0,0.0,0.0
2019-01-05,5,0,139,16.52,16.52,0.0,220.101297,0.0
2019-01-05,5,0,140,42.14,42.14,0.0,96.438183,0.0
2019-01-05,5,0,141,91.14,91.14,0.0,695.30063,0.0
2019-01-05,5,0,142,0.0,0.0,0.0,0.0,0.0
2019-01-05,5,0,143,25.52,25.52,0.0,316.623193,0.0
2019-01-05,5,0,145,9.2,9.2,0.0,118.649815,0.0
2019-01-05,5,0,146,126.01,126.01,0.0,288.376256,0.0
2019-01-05,5,0,152,0.0,0.0,0.0,0.0,0.0
2019-01-05,5,0,153,0.0,0.0,0.0,0.0,0.0
2019-01-05,5,0,154,0.0,0.0,0.0,0.0,0.0
2019-01-05,5,0,157,51.71,51.71,0.0,394.491942,0.0
2019-01-05,5,0,158,0.0,0.0,0.0,0.0,0.0
2019-01-05,5,0,159,0.0,0.0,0.0,0.0,0.0
2019-01-05,5,0,160,0.0,0.0,0.0,0.0,0.0
2019-01-05,5,0,161,0.0,0.0,0.0,0.0,0.0
2019-01-05,5,0,162,10.29,10.29,0.0,265.816944,0.0
2019-01-05,5,0,163,69.89,69.89,0.0,159.94458,0.0
2019-01-05,5,0,164,0.0,0.0,0.0,0.0,0.0
2019-01-05,5,0,167,0.0,0.0,0.0,0.0,0.0
2019-01-05,5,0,168,0.0,0.0,0.0,0.0,0.0
2019-01-05,5,0,169,0.0,0.0,0.0,0.0,0.0
2019-01-05,5,0,170,0.0,0.0,0.0,0.0,0.0
2019-01-05,5,0,172,0.0,0.0,0.0,0.0,0.0
2019-01-05,5,0,173,0.0,0.0,0.0,0.0,0.0
2019-01-05,5,0,188,0.0,0.0,0.0,0.0,0.0
2019-01-05,5,0,190,0.0,0.0,0.0,0.0,0.0
2019-01-05,5,0,191,0.0,0.0,0.0,0.0,0.0
2019-01-05,5,0,192,33.92,33.92,0.0,922.25495,0.0
2019-01-05,5,0,194,65.34,65.34,0.0,801.836703,0.0
2019-01-05,5,0,196,0.0,0.0,0.0,0.0,0.0
2019-01-05,5,0,198,0.0,0.0,0.0,0.0,0.0
2019-01-05,5,0,199,8.48,8.48,0.0,94.219635,0.0
2019-01-05,5,0,200,0.0,0.0,0.0,0.0,0.0
2019-01-05,5,0,204,243.14,243.14,0.0,3312.608971,0.0
2019-01-05,5,0,205,381.74,381.74,0.0,5238.444482,0.0
2019-01-05,5,0,206,190.09,190.09,0.0,2355.290418,0.0
2019-01-05,5,0,210,0.0,0.0,0.0,0.0,0.0
2019-01-05,5,0,214,0.0,0.0,0.0,0.0,0.0
2019-01-05,5,0,217,0.0,0.0,0.0,0.0,0.0
2019-01-05,5,0,218,0.0,0.0,0.0,0.0,0.0
2019-01-05,5,0,219,0.0,0.0,0.0,0.0,0.0
2019-01-05,5,0,221,0.0,0.0,0.0,0.0,0.0
2019-01-05,5,0,225,0.0,0.0,0.0,0.0,0.0
2019-01-05,5,0,233,0.0,0.0,0.0,0.0,0.0
2019-01-05,5,0,236,0.0,0.0,0.0,0.0,0.0
2019-01-05,5,0,237,0.0,0.0,0.0,0.0,0.0
2019-01-05,5,0,238,0.0,0.0,0.0,0.0,0.0
2019-01-05,5,0,240,0.0,0.0,0.0,0.0,0.0
2019-01-05,5,0,245,0.0,0.0,0.0,0.0,0.0
2019-01-05,5,0,247,0.0,0.0,0.0,0.0,0.0
2019-01-05,5,0,248,0.0,0.0,0.0,0.0,0.0
2019-01-05,5,0,249,0.0,0.0,0.0,0.0,0.0
2019-01-05,5,0,251,0.0,0.0,0.0,0.0,0.0
2019-01-05,5,0,252,0.0,0.0,0.0,0.0,0.0
2019-01-05,5,0,254,0.0,0.0,0.0,0.0,0.0
2019-01-05,5,0,255,0.0,0.0,0.0,0.0,0.0
2019-01-05,5,0,258,0.0,0.0,0.0,0.0,0.0
2019-01-05,5,0,260,0.0,0.0,0.0,0.0,0.0
2019-01-05,5,0,265,0.0,0.0,0.0,0.0,0.0
2019-01-05,5,0,266,10.7,10.7,0.0,142.559557,0.0
2019-01-05,5,0,267,13.15,13.15,0.0,175.201699,0.0
2019-01-05,5,0,270,218.25,218.25,0.0,499.469231,0.0
2019-01-05,5,0,272,123.83,123.83,0.0,1355.972632,0.0
2019-01-05,5,0,273,0.0,0.0,0.0,0.0,0.0
2019-01-05,5,0,274,281.36,281.36,0.0,643.897654,0.0
2019-01-05,5,0,275,391.65,391.65,0.0,896.298394,0.0
2019-01-05,5,0,276,0.0,0.0,0.0,0.0,0.0
2019-01-05,5,0,277,0.0,0.0,0.0,0.0,0.0
2019-01-05,5,0,278,0.0,0.0,0.0,0.0,0.0
2019-01-05,5,0,279,111.47,111.47,0.0,1219.506944,0.0
2019-01-05,5,0,281,5.65,5.65,0.0,70.098787,0.0
2019-01-05,5,0,282,0.0,0.0,0.0,0.0,0.0
2019-01-05,6,0,9,0.0,0.0,0.0,0.0,0.0
2019-01-05,6,0,17,0.0,0.0,0.0,0.0,0.0
2019-01-05,6,0,19,0.0,0.0,0.0,0.0,0.0
2019-01-05,6,0,20,0.0,0.0,0.0,0.0,0.0
2019-01-05,6,0,21,0.0,0.0,0.0,0.0,0.0
2019-01-05,6,0,22,0.0,0.0,0.0,0.0,0.0
2019-01-05,6,0,23,41.1,41.1,0.0,620.471334,0.0
2019-01-05,6,0,24,72.72,72.72,0.0,1097.826652,0.0
2019-01-05,6,0,29,0.0,0.0,0.0,0.0,0.0
2019-01-05,6,0,30,0.0,0.0,0.0,0.0,0.0
2019-01-05,6,0,31,13.61,13.61,0.0,205.205867,0.0
2019-01-05,6,0,32,0.0,0.0,0.0,0.0,0.0
2019-01-05,6,0,33,0.0,0.0,0.0,0.0,0.0
2019-01-05,6,0,34,0.0,0.0,0.0,0.0,0.0
2019-01-05,6,0,35,0.0,0.0,0.0,0.0,0.0
2019-01-05,6,0,36,0.0,0.0,0.0,0.0,0.0
2019-01-05,6,0,37,0.0,0.0,0.0,0.0,0.0
2019-01-05,6,0,38,0.0,0.0,0.0,0.0,0.0
2019-01-05,6,0,39,0.0,0.0,0.0,0.0,0.0
2019-01-05,6,0,40,0.0,0.0,0.0,0.0,0.0
2019-01-05,6,0,41,13.41,13.41,0.0,217.359052,0.0
2019-01-05,6,0,42,0.0,0.0,0.0,0.0,0.0
2019-01-05,6,0,43,0.0,0.0,0.0,0.0,0.0
2019-01-05,6,0,46,0.0,0.0,0.0,0.0,0.0
2019-01-05,6,0,52,14.43,14.43,0.0,217.569482,0.0
2019-01-05,6,0,53,22.91,22.91,0.0,345.427362,0.0
2019-01-05,6,0,55,83.3,83.3,0.0,1257.548956,0.0
2019-01-05,6,0,56,0.0,0.0,0.0,0.0,0.0
2019-01-05,6,0,57,0.0,0.0,0.0,0.0,0.0
2019-01-05,6,0,58,0.0,0.0,0.0,0.0,0.0
2019-01-05,6,0,59,0.0,0.0,0.0,0.0,0.0
2019-01-05,6,0,63,52.3,52.3,0.0,1695.961237,0.0
2019-01-05,6,0,64,61.53,61.53,0.0,1995.267589,0.0
2019-01-05,6,0,65,0.0,0.0,0.0,0.0,0.0
2019-01-05,6,0,67,0.0,0.0,0.0,0.0,0.0
2019-01-05,6,0,68,3.84,3.84,0.0,43.451837,0.0
2019-01-05,6,0,69,0.0,0.0,0.0,0.0,0.0
2019-01-05,6,0,74,0.0,0.0,0.0,0.0,0.0
2019-01-05,6,0,77,73.53,73.53,0.0,977.353432,0.0
2019-01-05,6,0,78,55.59,55.59,0.0,738.89674,0.0
2019-01-05,6,0,79,32.17,32.17,0.0,427.600434,0.0
2019-01-05,6,0,80,52.02,52.02,0.0,691.444656,0.0
2019-01-05,6,0,81,68.01,68.01,0.0,903.982143,0.0
2019-01-05,6,0,82,47.98,47.98,0.0,637.745379,0.0
2019-01-05,6,0,83,106.98,106.98,0.0,1421.967499,0.0
2019-01-05,6,0,84,0.0,0.0,0.0,0.0,0.0
2019-01-05,6,0,86,0.0,0.0,0.0,0.0,0.0
2019-01-05,6,0,87,0.0,0.0,0.0,0.0,0.0
2019-01-05,6,0,88,67.46,67.46,0.0,896.671597,0.0
2019-01-05,6,0,89,64.85,64.85,0.0,861.979737,0.0
2019-01-05,6,0,90,87.07,87.07,0.0,1157.325763,0.0
2019-01-05,6,0,91,310.59,310.59,0.0,4128.331329,0.0
2019-01-05,6,0,92,111.7,111.7,0.0,1484.705269,0.0
2019-01-05,6,0,95,8.12,8.12,0.0,250.086812,0.0
2019-01-05,6,0,96,8.58,8.58,0.0,129.194854,0.0
2019-01-05,6,0,97,52.79,52.79,0.0,794.894681,0.0
2019-01-05,6,0,99,0.0,0.0,0.0,0.0,0.0
2019-01-05,6,0,101,0.0,0.0,0.0,0.0,0.0
2019-01-05,6,0,102,9.1,9.1,0.0,102.971801,0.0
2019-01-05,6,0,103,7.91,7.91,0.0,89.506258,0.0
2019-01-05,6,0,104,1.47,1.47,0.0,16.633906,0.0
2019-01-05,6,0,106,0.0,0.0,0.0,0.0,0.0
2019-01-05,6,0,109,67.4,67.4,0.0,1122.163955,0.0
2019-01-05,6,0,110,68.12,68.12,0.0,154.170893,0.0
2019-01-05,6,0,111,0.0,0.0,0.0,0.0,0.0
2019-01-05,6,0,113,41.74,41.74,0.0,557.141544,0.0
2019-01-05,6,0,115,41.74,41.74,0.0,557.141544,0.0
2019-01-05,6,0,116,0.0,0.0,0.0,0.0,0.0
2019-01-05,6,0,117,1.66,1.66,0.0,22.157522,0.0
2019-01-05,6,0,119,61.53,61.53,0.0,1995.267589,0.0
2019-01-05,6,0,120,36.18,36.18,0.0,1173.229017,0.0
2019-01-05,6,0,123,0.0,0.0,0.0,0.0,0.0
2019-01-05,6,0,125,65.8,65.8,0.0,993.357999,0.0
2019-01-05,6,0,126,0.0,0.0,0.0,0.0,0.0
2019-01-05,6,0,127,0.0,0.0,0.0,0.0,0.0
2019-01-05,6,0,128,94.25,94.25,0.0,1422.857012,0.0
2019-01-05,6,0,131,12.02,12.02,0.0,143.16676,0.0
2019-01-05,6,0,132,17.67,17.67,0.0,210.462283,0.0
2019-01-05,6,0,133,0.0,0.0,0.0,0.0,0.0
2019-01-05,6,0,134,0.0,0.0,0.0,0.0,0.0
2019-01-05,6,0,135,0.0,0.0,0.0,0.0,0.0
2019-01-05,6,0,136,0.0,0.0,0.0,0.0,0.0
2019-01-05,6,0,139,17.32,17.32,0.0,280.735181,0.0
2019-01-05,6,0,140,50.42,50.42,0.0,114.111809,0.0
2019-01-05,6,0,141,82.1,82.1,0.0,746.059947,0.0
2019-01-05,6,0,142,0.0,0.0,0.0,0.0,0.0
2019-01-05,6,0,143,48.17,48.17,0.0,726.287038,0.0
2019-01-05,6,0,145,7.65,7.65,0.0,119.823701,0.0
2019-01-05,6,0,146,123.38,123.38,0.0,279.236711,0.0
2019-01-05,6,0,152,0.0,0.0,0.0,0.0,0.0
2019-01-05,6,0,153,0.0,0.0,0.0,0.0,0.0
2019-01-05,6,0,154,0.0,0.0,0.0,0.0,0.0
2019-01-05,6,0,157,48.41,48.41,0.0,439.911839,0.0
2019-01-05,6,0,158,0.0,0.0,0.0,0.0,0.0
2019-01-05,6,0,159,0.0,0.0,0.0,0.0,0.0
2019-01-05,6,0,160,0.0,0.0,0.0,0.0,0.0
2019-01-05,6,0,161,0.0,0.0,0.0,0.0,0.0
2019-01-05,6,0,162,9.66,9.66,0.0,297.705809,0.0
2019-01-05,6,0,163,67.4,67.4,0.0,152.541371,0.0
2019-01-05,6,0,164,0.0,0.0,0.0,0.0,0.0
2019-01-05,6,0,167,0.0,0.0,0.0,0.0,0.0
2019-01-05,6,0,168,0.0,0.0,0.0,0.0,0.0
2019-01-05,6,0,169,0.0,0.0,0.0,0.0,0.0
2019-01-05,6,0,170,0.0,0.0,0.0,0.0,0.0
2019-01-05,6,0,172,0.0,0.0,0.0,0.0,0.0
2019-01-05,6,0,173,0.0,0.0,0.0,0.0,0.0
2019-01-05,6,0,188,0.0,0.0,0.0,0.0,0.0
2019-01-05,6,0,190,0.0,0.0,0.0,0.0,0.0
2019-01-05,6,0,191,0.0,0.0,0.0,0.0,0.0
2019-01-05,6,0,192,26.49,26.49,0.0,859.005988,0.0
2019-01-05,6,0,194,59.98,59.98,0.0,903.230692,0.0
2019-01-05,6,0,196,0.0,0.0,0.0,0.0,0.0
2019-01-05,6,0,198,0.0,0.0,0.0,0.0,0.0
2019-01-05,6,0,199,7.95,7.95,0.0,96.715285,0.0
2019-01-05,6,0,200,0.0,0.0,0.0,0.0,0.0
2019-01-05,6,0,204,218.1,218.1,0.0,3603.000192,0.0
2019-01-05,6,0,205,356.55,356.55,0.0,5936.313921,0.0
2019-01-05,6,0,206,155.11,155.11,0.0,2335.596021,0.0
2019-01-05,6,0,210,0.0,0.0,0.0,0.0,0.0
2019-01-05,6,0,214,0.0,0.0,0.0,0.0,0.0
2019-01-05,6,0,217,0.0,0.0,0.0,0.0,0.0
2019-01-05,6,0,218,0.0,0.0,0.0,0.0,0.0
2019-01-05,6,0,219,0.0,0.0,0.0,0.0,0.0
2019-01-05,6,0,221,0.0,0.0,0.0,0.0,0.0
2019-01-05,6,0,225,0.0,0.0,0.0,0.0,0.0
2019-01-05,6,0,233,0.0,0.0,0.0,0.0,0.0
2019-01-05,6,0,236,0.0,0.0,0.0,0.0,0.0
2019-01-05,6,0,237,0.0,0.0,0.0,0.0,0.0
2019-01-05,6,0,238,0.0,0.0,0.0,0.0,0.0
2019-01-05,6,0,240,0.0,0.0,0.0,0.0,0.0
2019-01-05,6,0,245,0.0,0.0,0.0,0.0,0.0
2019-01-05,6,0,247,0.0,0.0,0.0,0.0,0.0
2019-01-05,6,0,248,0.0,0.0,0.0,0.0,0.0
2019-01-05,6,0,249,0.0,0.0,0.0,0.0,0.0
2019-01-05,6,0,251,0.0,0.0,0.0,0.0,0.0
2019-01-05,6,0,252,0.0,0.0,0.0,0.0,0.0
2019-01-05,6,0,254,0.0,0.0,0.0,0.0,0.0
2019-01-05,6,0,255,0.0,0.0,0.0,0.0,0.0
2019-01-05,6,0,258,0.0,0.0,0.0,0.0,0.0
2019-01-05,6,0,260,0.0,0.0,0.0,0.0,0.0
2019-01-05,6,0,265,0.0,0.0,0.0,0.0,0.0
2019-01-05,6,0,266,11.21,11.21,0.0,181.699848,0.0
2019-01-05,6,0,267,13.78,13.78,0.0,223.356281,0.0
2019-01-05,6,0,270,210.48,210.48,0.0,476.363616,0.0
2019-01-05,6,0,272,147.3,147.3,0.0,1966.146368,0.0
2019-01-05,6,0,273,0.0,0.0,0.0,0.0,0.0
2019-01-05,6,0,274,271.34,271.34,0.0,614.103495,0.0
2019-01-05,6,0,275,377.71,377.71,0.0,854.842747,0.0
2019-01-05,6,0,276,0.0,0.0,0.0,0.0,0.0
2019-01-05,6,0,277,0.0,0.0,0.0,0.0,0.0
2019-01-05,6,0,278,0.0,0.0,0.0,0.0,0.0
2019-01-05,6,0,279,102.3,102.3,0.0,1363.193706,0.0
2019-01-05,6,0,281,6.12,6.12,0.0,92.274791,0.0
2019-01-05,6,0,282,0.0,0.0,0.0,0.0,0.0
2019-01-05,7,0,9,0.0,0.0,0.0,0.0,0.0
2019-01-05,7,0,17,0.0,0.0,0.0,0.0,0.0
2019-01-05,7,0,19,0.0,0.0,0.0,0.0,0.0
2019-01-05,7,0,20,0.0,0.0,0.0,0.0,0.0
2019-01-05,7,0,21,0.0,0.0,0.0,0.0,0.0
2019-01-05,7,0,22,0.0,0.0,0.0,0.0,0.0
2019-01-05,7,0,23,38.57,38.57,0.0,644.411915,0.0
2019-01-05,7,0,24,68.25,68.25,0.0,1140.293316,0.0
2019-01-05,7,0,29,0.0,0.0,0.0,0.0,0.0
2019-01-05,7,0,30,0.0,0.0,0.0,0.0,0.0
2019-01-05,7,0,31,35.89,35.89,0.0,599.81039,0.0
2019-01-05,7,0,32,0.0,0.0,0.0,0.0,0.0
2019-01-05,7,0,33,0.0,0.0,0.0,0.0,0.0
2019-01-05,7,0,34,0.0,0.0,0.0,0.0,0.0
2019-01-05,7,0,35,0.0,0.0,0.0,0.0,0.0
2019-01-05,7,0,36,0.0,0.0,0.0,0.0,0.0
2019-01-05,7,0,37,0.0,0.0,0.0,0.0,0.0
2019-01-05,7,0,38,0.0,0.0,0.0,0.0,0.0
2019-01-05,7,0,39,0.0,0.0,0.0,0.0,0.0
2019-01-05,7,0,40,0.0,0.0,0.0,0.0,0.0
2019-01-05,7,0,41,10.5,10.5,0.0,172.658512,0.0
2019-01-05,7,0,42,0.0,0.0,0.0,0.0,0.0
2019-01-05,7,0,43,0.0,0.0,0.0,0.0,0.0
2019-01-05,7,0,46,0.0,0.0,0.0,0.0,0.0
2019-01-05,7,0,52,38.04,38.04,0.0,635.742191,0.0
2019-01-05,7,0,53,60.46,60.46,0.0,1010.43567,0.0
2019-01-05,7,0,55,82.49,82.49,0.0,1378.20946,0.0
2019-01-05,7,0,56,0.0,0.0,0.0,0.0,0.0
2019-01-05,7,0,57,0.0,0.0,0.0,0.0,0.0
2019-01-05,7,0,58,0.0,0.0,0.0,0.0,0.0
2019-01-05,7,0,59,0.0,0.0,0.0,0.0,0.0
2019-01-05,7,0,63,50.17,50.17,0.0,1626.890541,0.0
2019-01-05,7,0,64,59.02,59.02,0.0,1913.874421,0.0
2019-01-05,7,0,65,0.0,0.0,0.0,0.0,0.0
2019-01-05,7,0,67,0.0,0.0,0.0,0.0,0.0
2019-01-05,7,0,68,3.69,3.69,0.0,54.106556,0.0
2019-01-05,7,0,69,0.0,0.0,0.0,0.0,0.0
2019-01-05,7,0,74,0.0,0.0,0.0,0.0,0.0
2019-01-05,7,0,77,69.45,69.45,0.0,1192.709786,0.0
2019-01-05,7,0,78,52.51,52.51,0.0,901.788206,0.0
2019-01-05,7,0,79,30.39,30.39,0.0,521.907133,0.0
2019-01-05,7,0,80,49.14,49.14,0.0,843.913015,0.0
2019-01-05,7,0,81,64.24,64.24,0.0,1103.235085,0.0
2019-01-05,7,0,82,45.32,45.32,0.0,778.309683,0.0
2019-01-05,7,0,83,101.05,101.05,0.0,1735.397033,0.0
2019-01-05,7,0,84,0.0,0.0,0.0,0.0,0.0
2019-01-05,7,0,86,0.0,0.0,0.0,0.0,0.0
2019-01-05,7,0,87,0.0,0.0,0.0,0.0,0.0
2019-01-05,7,0,88,63.35,63.35,0.0,1087.950539,0.0
2019-01-05,7,0,89,60.9,60.9,0.0,1045.875104,0.0
2019-01-05,7,0,90,81.77,81.77,0.0,1404.289118,0.0
2019-01-05,7,0,91,291.69,291.69,0.0,5009.381103,0.0
2019-01-05,7,0,92,104.91,104.91,0.0,1801.68731,0.0
2019-01-05,7,0,95,7.72,7.72,0.0,239.318558,0.0
2019-01-05,7,0,96,6.94,6.94,0.0,116.019842,0.0
2019-01-05,7,0,97,42.67,42.67,0.0,713.338136,0.0
2019-01-05,7,0,99,0.0,0.0,0.0,0.0,0.0
2019-01-05,7,0,101,0.0,0.0,0.0,0.0,0.0
2019-01-05,7,0,102,8.73,8.73,0.0,128.008193,0.0
2019-01-05,7,0,103,7.59,7.59,0.0,111.292346,0.0
2019-01-05,7,0,104,1.41,1.41,0.0,20.674863,0.0
2019-01-05,7,0,106,0.0,0.0,0.0,0.0,0.0
2019-01-05,7,0,109,62.84,62.84,0.0,1023.937109,0.0
2019-01-05,7,0,110,81.7,81.7,0.0,184.654475,0.0
2019-01-05,7,0,111,0.0,0.0,0.0,0.0,0.0
2019-01-05,7,0,113,20.78,20.78,0.0,371.919673,0.0
2019-01-05,7,0,115,20.78,20.78,0.0,371.919673,0.0
2019-01-05,7,0,116,0.0,0.0,0.0,0.0,0.0
2019-01-05,7,0,117,0.85,0.85,0.0,15.213269,0.0
2019-01-05,7,0,119,59.02,59.02,0.0,1913.874421,0.0
2019-01-05,7,0,120,34.71,34.71,0.0,1125.560508,0.0
2019-01-05,7,0,123,0.0,0.0,0.0,0.0,0.0
2019-01-05,7,0,125,61.76,61.76,0.0,1031.861028,0.0
2019-01-05,7,0,126,0.0,0.0,0.0,0.0,0.0
2019-01-05,7,0,127,0.0,0.0,0.0,0.0,0.0
2019-01-05,7,0,128,88.46,88.46,0.0,1477.953798,0.0
2019-01-05,7,0,131,11.66,11.66,0.0,180.478445,0.0
2019-01-05,7,0,132,17.15,17.15,0.0,265.455003,0.0
2019-01-05,7,0,133,0.0,0.0,0.0,0.0,0.0
2019-01-05,7,0,134,0.0,0.0,0.0,0.0,0.0
2019-01-05,7,0,135,0.0,0.0,0.0,0.0,0.0
2019-01-05,7,0,136,0.0,0.0,0.0,0.0,0.0
2019-01-05,7,0,139,13.57,13.57,0.0,223.140572,0.0
2019-01-05,7,0,140,60.47,60.47,0.0,136.671433,0.0
2019-01-05,7,0,141,75.5,75.5,0.0,876.545347,0.0
2019-01-05,7,0,142,0.0,0.0,0.0,0.0,0.0
2019-01-05,7,0,143,38.04,38.04,0.0,635.742191,0.0
2019-01-05,7,0,145,6.3,6.3,0.0,104.30959,0.0
2019-01-05,7,0,146,122.32,122.32,0.0,276.461878,0.0
2019-01-05,7,0,152,0.0,0.0,0.0,0.0,0.0
2019-01-05,7,0,153,0.0,0.0,0.0,0.0,0.0
2019-01-05,7,0,154,0.0,0.0,0.0,0.0,0.0
2019-01-05,7,0,157,45.27,45.27,0.0,525.578912,0.0
2019-01-05,7,0,158,0.0,0.0,0.0,0.0,0.0
2019-01-05,7,0,159,0.0,0.0,0.0,0.0,0.0
2019-01-05,7,0,160,0.0,0.0,0.0,0.0,0.0
2019-01-05,7,0,161,0.0,0.0,0.0,0.0,0.0
2019-01-05,7,0,162,9.08,9.08,0.0,281.602085,0.0
2019-01-05,7,0,163,66.79,66.79,0.0,150.955599,0.0
2019-01-05,7,0,164,0.0,0.0,0.0,0.0,0.0
2019-01-05,7,0,167,0.0,0.0,0.0,0.0,0.0
2019-01-05,7,0,168,0.0,0.0,0.0,0.0,0.0
2019-01-05,7,0,169,0.0,0.0,0.0,0.0,0.0
2019-01-05,7,0,170,0.0,0.0,0.0,0.0,0.0
2019-01-05,7,0,172,0.0,0.0,0.0,0.0,0.0
2019-01-05,7,0,173,0.0,0.0,0.0,0.0,0.0
2019-01-05,7,0,188,0.0,0.0,0.0,0.0,0.0
2019-01-05,7,0,190,0.0,0.0,0.0,0.0,0.0
2019-01-05,7,0,191,0.0,0.0,0.0,0.0,0.0
2019-01-05,7,0,192,23.0,23.0,0.0,745.833814,0.0
2019-01-05,7,0,194,55.21,55.21,0.0,1150.929463,0.0
2019-01-05,7,0,196,0.0,0.0,0.0,0.0,0.0
2019-01-05,7,0,198,0.0,0.0,0.0,0.0,0.0
2019-01-05,7,0,199,7.47,7.47,0.0,103.030757,0.0
2019-01-05,7,0,200,0.0,0.0,0.0,0.0,0.0
2019-01-05,7,0,204,194.2,194.2,0.0,3168.988914,0.0
2019-01-05,7,0,205,332.41,332.41,0.0,5416.405704,0.0
2019-01-05,7,0,206,125.39,125.39,0.0,2096.214409,0.0
2019-01-05,7,0,210,0.0,0.0,0.0,0.0,0.0
2019-01-05,7,0,214,0.0,0.0,0.0,0.0,0.0
2019-01-05,7,0,217,0.0,0.0,0.0,0.0,0.0
2019-01-05,7,0,218,0.0,0.0,0.0,0.0,0.0
2019-01-05,7,0,219,0.0,0.0,0.0,0.0,0.0
2019-01-05,7,0,221,0.0,0.0,0.0,0.0,0.0
2019-01-05,7,0,225,0.0,0.0,0.0,0.0,0.0
2019-01-05,7,0,233,0.0,0.0,0.0,0.0,0.0
2019-01-05,7,0,236,0.0,0.0,0.0,0.0,0.0
2019-01-05,7,0,237,0.0,0.0,0.0,0.0,0.0
2019-01-05,7,0,238,0.0,0.0,0.0,0.0,0.0
2019-01-05,7,0,240,0.0,0.0,0.0,0.0,0.0
2019-01-05,7,0,245,0.0,0.0,0.0,0.0,0.0
2019-01-05,7,0,247,0.0,0.0,0.0,0.0,0.0
2019-01-05,7,0,248,0.0,0.0,0.0,0.0,0.0
2019-01-05,7,0,249,0.0,0.0,0.0,0.0,0.0
2019-01-05,7,0,251,0.0,0.0,0.0,0.0,0.0
2019-01-05,7,0,252,0.0,0.0,0.0,0.0,0.0
2019-01-05,7,0,254,0.0,0.0,0.0,0.0,0.0
2019-01-05,7,0,255,0.0,0.0,0.0,0.0,0.0
2019-01-05,7,0,258,0.0,0.0,0.0,0.0,0.0
2019-01-05,7,0,260,0.0,0.0,0.0,0.0,0.0
2019-01-05,7,0,265,0.0,0.0,0.0,0.0,0.0
2019-01-05,7,0,266,8.78,8.78,0.0,144.375403,0.0
2019-01-05,7,0,267,10.79,10.79,0.0,177.427176,0.0
2019-01-05,7,0,270,208.57,208.57,0.0,471.400048,0.0
2019-01-05,7,0,272,73.95,73.95,0.0,1323.554369,0.0
2019-01-05,7,0,273,0.0,0.0,0.0,0.0,0.0
2019-01-05,7,0,274,268.88,268.88,0.0,607.709857,0.0
2019-01-05,7,0,275,374.28,374.28,0.0,845.929951,0.0
2019-01-05,7,0,276,0.0,0.0,0.0,0.0,0.0
2019-01-05,7,0,277,0.0,0.0,0.0,0.0,0.0
2019-01-05,7,0,278,0.0,0.0,0.0,0.0,0.0
2019-01-05,7,0,279,94.82,94.82,0.0,1669.550079,0.0
2019-01-05,7,0,281,16.09,16.09,0.0,268.903571,0.0
2019-01-05,7,0,282,0.0,0.0,0.0,0.0,0.0
2019-01-05,8,0,9,0.0,0.0,0.0,0.0,0.0
2019-01-05,8,0,17,0.0,0.0,0.0,0.0,0.0
2019-01-05,8,0,19,0.0,0.0,0.0,0.0,0.0
2019-01-05,8,0,20,0.0,0.0,0.0,0.0,0.0
2019-01-05,8,0,21,0.0,0.0,0.0,0.0,0.0
2019-01-05,8,0,22,0.0,0.0,0.0,0.0,0.0
2019-01-05,8,0,23,31.04,31.04,0.0,539.257878,0.0
2019-01-05,8,0,24,54.93,54.93,0.0,954.298816,0.0
2019-01-05,8,0,29,0.0,0.0,0.0,0.0,0.0
2019-01-05,8,0,30,0.0,0.0,0.0,0.0,0.0
2019-01-05,8,0,31,9.48,9.48,0.0,164.838196,0.0
2019-01-05,8,0,32,0.0,0.0,0.0,0.0,0.0
2019-01-05,8,0,33,0.0,0.0,0.0,0.0,0.0
2019-01-05,8,0,34,0.0,0.0,0.0,0.0,0.0
2019-01-05,8,0,35,0.0,0.0,0.0,0.0,0.0
2019-01-05,8,0,36,0.0,0.0,0.0,0.0,0.0
2019-01-05,8,0,37,0.0,0.0,0.0,0.0,0.0
2019-01-05,8,0,38,0.0,0.0,0.0,0.0,0.0
2019-01-05,8,0,39,0.0,0.0,0.0,0.0,0.0
2019-01-05,8,0,40,0.0,0.0,0.0,0.0,0.0
2019-01-05,8,0,41,2.35,2.35,0.0,39.138336,0.0
2019-01-05,8,0,42,0.0,0.0,0.0,0.0,0.0
2019-01-05,8,0,43,0.0,0.0,0.0,0.0,0.0
2019-01-05,8,0,46,0.0,0.0,0.0,0.0,0.0
2019-01-05,8,0,52,10.05,10.05,0.0,174.749353,0.0
2019-01-05,8,0,53,15.97,15.97,0.0,277.686285,0.0
2019-01-05,8,0,55,55.52,55.52,0.0,964.548885,0.0
2019-01-05,8,0,56,0.0,0.0,0.0,0.0,0.0
2019-01-05,8,0,57,0.0,0.0,0.0,0.0,0.0
2019-01-05,8,0,58,0.0,0.0,0.0,0.0,0.0
2019-01-05,8,0,59,0.0,0.0,0.0,0.0,0.0
2019-01-05,8,0,63,27.9,27.9,0.0,904.728844,0.0
2019-01-05,8,0,64,32.79,32.79,0.0,1063.299598,0.0
2019-01-05,8,0,65,0.0,0.0,0.0,0.0,0.0
2019-01-05,8,0,67,0.0,0.0,0.0,0.0,0.0
2019-01-05,8,0,68,2.98,2.98,0.0,47.805539,0.0
2019-01-05,8,0,69,0.0,0.0,0.0,0.0,0.0
2019-01-05,8,0,74,0.0,0.0,0.0,0.0,0.0
2019-01-05,8,0,77,44.14,44.14,0.0,831.082666,0.0
2019-01-05,8,0,78,33.33,33.33,0.0,627.548374,0.0
2019-01-05,8,0,79,19.22,19.22,0.0,361.880581,0.0
2019-01-05,8,0,80,31.18,31.18,0.0,587.067456,0.0
2019-01-05,8,0,81,40.81,40.81,0.0,768.384313,0.0
2019-01-05,8,0,82,28.74,28.74,0.0,541.126321,0.0
2019-01-05,8,0,83,64.3,64.3,0.0,1210.66188,0.0
2019-01-05,8,0,84,0.0,0.0,0.0,0.0,0.0
2019-01-05,8,0,86,0.0,0.0,0.0,0.0,0.0
2019-01-05,8,0,87,0.0,0.0,0.0,0.0,0.0
2019-01-05,8,0,88,42.15,42.15,0.0,793.614281,0.0
2019-01-05,8,0,89,40.68,40.68,0.0,765.93663,0.0
2019-01-05,8,0,90,53.08,53.08,0.0,999.407972,0.0
2019-01-05,8,0,91,166.4,166.4,0.0,3133.034788,0.0
2019-01-05,8,0,92,66.59,66.59,0.0,1253.778765,0.0
2019-01-05,8,0,95,6.22,6.22,0.0,193.239723,0.0
2019-01-05,8,0,96,5.65,5.65,0.0,98.330726,0.0
2019-01-05,8,0,97,34.77,34.77,0.0,605.125547,0.0
2019-01-05,8,0,99,0.0,0.0,0.0,0.0,0.0
2019-01-05,8,0,101,0.0,0.0,0.0,0.0,0.0
2019-01-05,8,0,102,7.07,7.07,0.0,113.41784,0.0
2019-01-05,8,0,103,6.14,6.14,0.0,98.498661,0.0
2019-01-05,8,0,104,1.14,1.14,0.0,18.288025,0.0
2019-01-05,8,0,106,0.0,0.0,0.0,0.0,0.0
2019-01-05,8,0,109,55.41,55.41,0.0,888.042966,0.0
2019-01-05,8,0,110,64.11,64.11,0.0,126.328754,0.0
2019-01-05,8,0,111,0.0,0.0,0.0,0.0,0.0
2019-01-05,8,0,113,34.02,34.02,0.0,675.447348,0.0
2019-01-05,8,0,115,34.02,34.02,0.0,675.447348,0.0
2019-01-05,8,0,116,0.0,0.0,0.0,0.0,0.0
2019-01-05,8,0,117,1.76,1.76,0.0,34.943778,0.0
2019-01-05,8,0,119,32.79,32.79,0.0,1063.299598,0.0
2019-01-05,8,0,120,19.35,19.35,0.0,627.47323,0.0
2019-01-05,8,0,123,0.0,0.0,0.0,0.0,0.0
2019-01-05,8,0,125,49.71,49.71,0.0,863.611763,0.0
2019-01-05,8,0,126,0.0,0.0,0.0,0.0,0.0
2019-01-05,8,0,127,0.0,0.0,0.0,0.0,0.0
2019-01-05,8,0,128,71.19,71.19,0.0,1236.783774,0.0
2019-01-05,8,0,131,9.81,9.81,0.0,166.448615,0.0
2019-01-05,8,0,132,14.42,14.42,0.0,244.667587,0.0
2019-01-05,8,0,133,0.0,0.0,0.0,0.0,0.0
2019-01-05,8,0,134,0.0,0.0,0.0,0.0,0.0
2019-01-05,8,0,135,0.0,0.0,0.0,0.0,0.0
2019-01-05,8,0,136,0.0,0.0,0.0,0.0,0.0
2019-01-05,8,0,139,3.04,3.04,0.0,50.630018,0.0
2019-01-05,8,0,140,47.45,47.45,0.0,93.500224,0.0
2019-01-05,8,0,141,53.81,53.81,0.0,676.832237,0.0
2019-01-05,8,0,142,0.0,0.0,0.0,0.0,0.0
2019-01-05,8,0,143,9.69,9.69,0.0,168.489675,0.0
2019-01-05,8,0,145,6.15,6.15,0.0,103.835984,0.0
2019-01-05,8,0,146,100.09,100.09,0.0,197.227344,0.0
2019-01-05,8,0,152,0.0,0.0,0.0,0.0,0.0
2019-01-05,8,0,153,0.0,0.0,0.0,0.0,0.0
2019-01-05,8,0,154,0.0,0.0,0.0,0.0,0.0
2019-01-05,8,0,157,48.26,48.26,0.0,607.0233,0.0
2019-01-05,8,0,158,0.0,0.0,0.0,0.0,0.0
2019-01-05,8,0,159,0.0,0.0,0.0,0.0,0.0
2019-01-05,8,0,160,0.0,0.0,0.0,0.0,0.0
2019-01-05,8,0,161,0.0,0.0,0.0,0.0,0.0
2019-01-05,8,0,162,6.85,6.85,0.0,212.88931,0.0
2019-01-05,8,0,163,74.08,74.08,0.0,145.974639,0.0
2019-01-05,8,0,164,0.0,0.0,0.0,0.0,0.0
2019-01-05,8,0,167,0.0,0.0,0.0,0.0,0.0
2019-01-05,8,0,168,0.0,0.0,0.0,0.0,0.0
2019-01-05,8,0,169,0.0,0.0,0.0,0.0,0.0
2019-01-05,8,0,170,0.0,0.0,0.0,0.0,0.0
2019-01-05,8,0,172,0.0,0.0,0.0,0.0,0.0
2019-01-05,8,0,173,0.0,0.0,0.0,0.0,0.0
2019-01-05,8,0,188,0.0,0.0,0.0,0.0,0.0
2019-01-05,8,0,190,0.0,0.0,0.0,0.0,0.0
2019-01-05,8,0,191,0.0,0.0,0.0,0.0,0.0
2019-01-05,8,0,192,17.92,17.92,0.0,581.101824,0.0
2019-01-05,8,0,194,55.28,55.28,0.0,1293.009115,0.0
2019-01-05,8,0,196,0.0,0.0,0.0,0.0,0.0
2019-01-05,8,0,198,0.0,0.0,0.0,0.0,0.0
2019-01-05,8,0,199,5.99,5.99,0.0,86.957306,0.0
2019-01-05,8,0,200,0.0,0.0,0.0,0.0,0.0
2019-01-05,8,0,204,158.89,158.89,0.0,2551.38262,0.0
2019-01-05,8,0,205,293.11,293.11,0.0,4697.604652,0.0
2019-01-05,8,0,206,102.18,102.18,0.0,1778.306828,0.0
2019-01-05,8,0,210,0.0,0.0,0.0,0.0,0.0
2019-01-05,8,0,214,0.0,0.0,0.0,0.0,0.0
2019-01-05,8,0,217,0.0,0.0,0.0,0.0,0.0
2019-01-05,8,0,218,0.0,0.0,0.0,0.0,0.0
2019-01-05,8,0,219,0.0,0.0,0.0,0.0,0.0
2019-01-05,8,0,221,0.0,0.0,0.0,0.0,0.0
2019-01-05,8,0,225,0.0,0.0,0.0,0.0,0.0
2019-01-05,8,0,233,0.0,0.0,0.0,0.0,0.0
2019-01-05,8,0,236,0.0,0.0,0.0,0.0,0.0
2019-01-05,8,0,237,0.0,0.0,0.0,0.0,0.0
2019-01-05,8,0,238,0.0,0.0,0.0,0.0,0.0
2019-01-05,8,0,240,0.0,0.0,0.0,0.0,0.0
2019-01-05,8,0,245,0.0,0.0,0.0,0.0,0.0
2019-01-05,8,0,247,0.0,0.0,0.0,0.0,0.0
2019-01-05,8,0,248,0.0,0.0,0.0,0.0,0.0
2019-01-05,8,0,249,0.0,0.0,0.0,0.0,0.0
2019-01-05,8,0,251,0.0,0.0,0.0,0.0,0.0
2019-01-05,8,0,252,0.0,0.0,0.0,0.0,0.0
2019-01-05,8,0,254,0.0,0.0,0.0,0.0,0.0
2019-01-05,8,0,255,0.0,0.0,0.0,0.0,0.0
2019-01-05,8,0,258,0.0,0.0,0.0,0.0,0.0
2019-01-05,8,0,260,0.0,0.0,0.0,0.0,0.0
2019-01-05,8,0,265,0.0,0.0,0.0,0.0,0.0
2019-01-05,8,0,266,1.97,1.97,0.0,32.809584,0.0
2019-01-05,8,0,267,2.42,2.42,0.0,40.304159,0.0
2019-01-05,8,0,270,231.35,231.35,0.0,455.875172,0.0
2019-01-05,8,0,272,117.78,117.78,0.0,2338.453517,0.0
2019-01-05,8,0,273,0.0,0.0,0.0,0.0,0.0
2019-01-05,8,0,274,298.23,298.23,0.0,587.662211,0.0
2019-01-05,8,0,275,415.15,415.15,0.0,818.053069,0.0
2019-01-05,8,0,276,0.0,0.0,0.0,0.0,0.0
2019-01-05,8,0,277,0.0,0.0,0.0,0.0,0.0
2019-01-05,8,0,278,0.0,0.0,0.0,0.0,0.0
2019-01-05,8,0,279,81.0,81.0,0.0,1574.886664,0.0
2019-01-05,8,0,281,4.26,4.26,0.0,74.07286,0.0
2019-01-05,8,0,282,0.0,0.0,0.0,0.0,0.0
2019-01-05,9,0,9,0.12,0.12,0.0,2.155647,0.0
2019-01-05,9,0,17,8.28,8.28,0.0,132.067286,0.0
2019-01-05,9,0,19,0.0,0.0,0.0,0.0,0.0
2019-01-05,9,0,20,0.0,0.0,0.0,0.0,0.0
2019-01-05,9,0,21,2.68,2.68,0.0,48.142793,0.0
2019-01-05,9,0,22,9.51,9.51,0.0,170.835061,0.0
2019-01-05,9,0,23,25.15,25.15,0.0,451.787778,0.0
2019-01-05,9,0,24,44.49,44.49,0.0,799.206293,0.0
2019-01-05,9,0,29,1.5,1.5,0.0,12.398449,0.0
2019-01-05,9,0,30,18.97,18.97,0.0,341.112287,0.0
2019-01-05,9,0,31,7.58,7.58,0.0,136.301062,0.0
2019-01-05,9,0,32,0.55,0.55,0.0,17.035376,0.0
2019-01-05,9,0,33,0.43,0.43,0.0,6.822222,0.0
2019-01-05,9,0,34,0.69,0.69,0.0,10.947287,0.0
2019-01-05,9,0,35,0.69,0.69,0.0,10.947287,0.0
2019-01-05,9,0,36,1.31,1.31,0.0,20.639799,0.0
2019-01-05,9,0,37,0.63,0.63,0.0,9.894005,0.0
2019-01-05,9,0,38,0.8,0.8,0.0,12.563815,0.0
2019-01-05,9,0,39,0.54,0.54,0.0,8.480575,0.0
2019-01-05,9,0,40,0.54,0.54,0.0,8.480575,0.0
2019-01-05,9,0,41,1.11,1.11,0.0,18.97274,0.0
2019-01-05,9,0,42,8.68,8.68,0.0,138.606378,0.0
2019-01-05,9,0,43,4.13,4.13,0.0,63.50464,0.0
2019-01-05,9,0,46,3.31,3.31,0.0,52.457254,0.0
2019-01-05,9,0,52,8.04,8.04,0.0,144.57263,0.0
2019-01-05,9,0,53,12.85,12.85,0.0,231.064465,0.0
2019-01-05,9,0,55,35.61,35.61,0.0,639.688381,0.0
2019-01-05,9,0,56,5.6,5.6,0.0,100.697354,0.0
2019-01-05,9,0,57,5.32,5.32,0.0,95.662486,0.0
2019-01-05,9,0,58,10.24,10.24,0.0,184.132305,0.0
2019-01-05,9,0,59,10.07,10.07,0.0,181.075421,0.0
2019-01-05,9,0,63,14.57,14.57,0.0,472.469507,0.0
2019-01-05,9,0,64,17.14,17.14,0.0,555.808329,0.0
2019-01-05,9,0,65,0.0,0.0,0.0,0.0,0.0
2019-01-05,9,0,67,8.04,8.04,0.0,106.405561,0.0
2019-01-05,9,0,68,4.55,4.55,0.0,76.565556,0.0
2019-01-05,9,0,69,0.43,0.43,0.0,6.822222,0.0
2019-01-05,9,0,74,0.0,0.0,0.0,0.0,0.0
2019-01-05,9,0,77,15.79,15.79,0.0,311.099322,0.0
2019-01-05,9,0,78,11.94,11.94,0.0,235.245466,0.0
2019-01-05,9,0,79,6.91,6.91,0.0,136.142895,0.0
2019-01-05,9,0,80,11.17,11.17,0.0,220.074695,0.0
2019-01-05,9,0,81,14.61,14.61,0.0,287.850608,0.0
2019-01-05,9,0,82,10.3,10.3,0.0,202.933694,0.0
2019-01-05,9,0,83,22.97,22.97,0.0,452.561839,0.0
2019-01-05,9,0,84,0.0,0.0,0.0,0.0,0.0
2019-01-05,9,0,86,2.19,2.19,0.0,34.745737,0.0
2019-01-05,9,0,87,11.2,11.2,0.0,177.695096,0.0
2019-01-05,9,0,88,49.78,49.78,0.0,980.780511,0.0
2019-01-05,9,0,89,47.55,47.55,0.0,936.844382,0.0
2019-01-05,9,0,90,66.74,66.74,0.0,1314.931525,0.0
2019-01-05,9,0,91,250.8,250.8,0.0,4941.336927,0.0
2019-01-05,9,0,92,88.24,88.24,0.0,1738.530983,0.0
2019-01-05,9,0,95,4.93,4.93,0.0,153.296569,0.0
2019-01-05,9,0,96,4.6,4.6,0.0,82.801937,0.0
2019-01-05,9,0,97,28.28,28.28,0.0,509.05191,0.0
2019-01-05,9,0,99,0.0,0.0,0.0,0.0,0.0
2019-01-05,9,0,101,0.38,0.38,0.0,6.833035,0.0
2019-01-05,9,0,102,10.76,10.76,0.0,181.064919,0.0
2019-01-05,9,0,103,9.36,9.36,0.0,157.506286,0.0
2019-01-05,9,0,104,1.75,1.75,0.0,29.448291,0.0
2019-01-05,9,0,106,9.36,9.36,0.0,168.140501,0.0
2019-01-05,9,0,109,45.74,45.74,0.0,748.413189,0.0
2019-01-05,9,0,110,58.01,58.01,0.0,129.443114,0.0
2019-01-05,9,0,111,1.57,1.57,0.0,26.835316,0.0
2019-01-05,9,0,113,17.78,17.78,0.0,370.12818,0.0
2019-01-05,9,0,115,17.78,17.78,0.0,370.12818,0.0
2019-01-05,9,0,116,6.07,6.07,0.0,13.544556,0.0
2019-01-05,9,0,117,1.21,1.21,0.0,25.188701,0.0
2019-01-05,9,0,119,17.14,17.14,0.0,555.808329,0.0
2019-01-05,9,0,120,10.08,10.08,0.0,326.869776,0.0
2019-01-05,9,0,123,0.16,0.16,0.0,2.874197,0.0
2019-01-05,9,0,125,40.26,40.26,0.0,723.21972,0.0
2019-01-05,9,0,126,7.02,7.02,0.0,126.105376,0.0
2019-01-05,9,0,127,9.01,9.01,0.0,161.853196,0.0
2019-01-05,9,0,128,57.66,57.66,0.0,1035.788601,0.0
2019-01-05,9,0,131,8.31,8.31,0.0,147.811579,0.0
2019-01-05,9,0,132,12.21,12.21,0.0,217.181634,0.0
2019-01-05,9,0,133,0.0,0.0,0.0,0.0,0.0
2019-01-05,9,0,134,0.0,0.0,0.0,0.0,0.0
2019-01-05,9,0,135,0.0,0.0,0.0,0.0,0.0
2019-01-05,9,0,136,0.0,0.0,0.0,0.0,0.0
2019-01-05,9,0,139,1.44,1.44,0.0,24.613284,0.0
2019-01-05,9,0,140,42.93,42.93,0.0,95.793706,0.0
2019-01-05,9,0,141,41.02,41.02,0.0,542.880115,0.0
2019-01-05,9,0,142,10.6,10.6,0.0,140.285939,0.0
2019-01-05,9,0,143,10.53,10.53,0.0,189.346989,0.0
2019-01-05,9,0,145,6.01,6.01,0.0,104.464511,0.0
2019-01-05,9,0,146,88.07,88.07,0.0,196.51879,0.0
2019-01-05,9,0,152,0.93,0.93,0.0,14.895804,0.0
2019-01-05,9,0,153,1.18,1.18,0.0,18.902907,0.0
2019-01-05,9,0,154,6.5,6.5,0.0,111.101628,0.0
2019-01-05,9,0,157,53.6,53.6,0.0,709.370409,0.0
2019-01-05,9,0,158,0.0,0.0,0.0,0.0,0.0
2019-01-05,9,0,159,0.0,0.0,0.0,0.0,0.0
2019-01-05,9,0,160,0.33,0.33,0.0,4.784212,0.0
2019-01-05,9,0,161,2.59,2.59,0.0,43.58347,0.0
2019-01-05,9,0,162,5.04,5.04,0.0,156.769696,0.0
2019-01-05,9,0,163,82.89,82.89,0.0,184.960174,0.0
2019-01-05,9,0,164,0.5,0.5,0.0,8.990835,0.0
2019-01-05,9,0,167,0.66,0.66,0.0,20.492243,0.0
2019-01-05,9,0,168,0.33,0.33,0.0,10.246122,0.0
2019-01-05,9,0,169,0.0,0.0,0.0,0.0,0.0
2019-01-05,9,0,170,0.73,0.73,0.0,22.665663,0.0
2019-01-05,9,0,172,0.9,0.9,0.0,28.56623,0.0
2019-01-05,9,0,173,1.37,1.37,0.0,43.484151,0.0
2019-01-05,9,0,188,1.11,1.11,0.0,34.251849,0.0
2019-01-05,9,0,190,0.56,0.56,0.0,18.159432,0.0
2019-01-05,9,0,191,1.44,1.44,0.0,46.695682,0.0
2019-01-05,9,0,192,14.71,14.71,0.0,477.009365,0.0
2019-01-05,9,0,194,40.92,40.92,0.0,1003.839908,0.0
2019-01-05,9,0,196,0.41,0.41,0.0,14.800892,0.0
2019-01-05,9,0,198,1.61,1.61,0.0,20.27176,0.0
2019-01-05,9,0,199,4.9,4.9,0.0,74.729261,0.0
2019-01-05,9,0,200,2.36,2.36,0.0,35.992052,0.0
2019-01-05,9,0,204,72.15,72.15,0.0,1183.580968,0.0
2019-01-05,9,0,205,257.59,257.59,0.0,4214.773795,0.0
2019-01-05,9,0,206,83.09,83.09,0.0,1495.654994,0.0
2019-01-05,9,0,210,0.43,0.43,0.0,3.658694,0.0
2019-01-05,9,0,214,2.4,2.4,0.0,37.961685,0.0
2019-01-05,9,0,217,1.7,1.7,0.0,21.371947,0.0
2019-01-05,9,0,218,2.35,2.35,0.0,29.543574,0.0
2019-01-05,9,0,219,1.6,1.6,0.0,20.114774,0.0
2019-01-05,9,0,221,1.28,1.28,0.0,20.246232,0.0
2019-01-05,9,0,225,1.37,1.37,0.0,11.291772,0.0
2019-01-05,9,0,233,1.24,1.24,0.0,19.673386,0.0
2019-01-05,9,0,236,0.0,0.0,0.0,0.0,0.0
2019-01-05,9,0,237,0.0,0.0,0.0,0.0,0.0
2019-01-05,9,0,238,11.3,11.3,0.0,180.443787,0.0
2019-01-05,9,0,240,1.48,1.48,0.0,23.318247,0.0
2019-01-05,9,0,245,0.0,0.0,0.0,0.0,0.0
2019-01-05,9,0,247,0.0,0.0,0.0,0.0,0.0
2019-01-05,9,0,248,0.0,0.0,0.0,0.0,0.0
2019-01-05,9,0,249,0.0,0.0,0.0,0.0,0.0
2019-01-05,9,0,251,0.0,0.0,0.0,0.0,0.0
2019-01-05,9,0,252,0.0,0.0,0.0,0.0,0.0
2019-01-05,9,0,254,2.47,2.47,0.0,37.435074,0.0
2019-01-05,9,0,255,1.13,1.13,0.0,17.126168,0.0
2019-01-05,9,0,258,1.83,1.83,0.0,28.720637,0.0
2019-01-05,9,0,260,0.81,0.81,0.0,11.743066,0.0
2019-01-05,9,0,265,6.73,6.73,0.0,115.032916,0.0
2019-01-05,9,0,266,0.93,0.93,0.0,15.896079,0.0
2019-01-05,9,0,267,1.15,1.15,0.0,19.656442,0.0
2019-01-05,9,0,270,258.87,258.87,0.0,577.640731,0.0
2019-01-05,9,0,272,59.32,59.32,0.0,1234.870847,0.0
2019-01-05,9,0,273,1.45,1.45,0.0,3.23552,0.0
2019-01-05,9,0,274,333.71,333.71,0.0,744.63819,0.0
2019-01-05,9,0,275,464.53,464.53,0.0,1036.549035,0.0
2019-01-05,9,0,276,0.36,0.36,0.0,1.687737,0.0
2019-01-05,9,0,277,0.51,0.51,0.0,10.388783,0.0
2019-01-05,9,0,278,0.82,0.82,0.0,16.703534,0.0
2019-01-05,9,0,279,69.01,69.01,0.0,1405.744992,0.0
2019-01-05,9,0,281,3.38,3.38,0.0,60.778046,0.0
2019-01-05,9,0,282,10.41,10.41,0.0,187.189189,0.0
2019-01-05,10,0,9,1.13,1.13,0.0,15.216013,0.0
2019-01-05,10,0,17,25.7,25.7,0.0,407.208761,0.0
2019-01-05,10,0,19,0.0,0.0,0.0,0.0,0.0
2019-01-05,10,0,20,0.0,0.0,0.0,0.0,0.0
2019-01-05,10,0,21,25.81,25.81,0.0,347.544511,0.0
2019-01-05,10,0,22,91.71,91.71,0.0,1234.92085,0.0
2019-01-05,10,0,23,20.9,20.9,0.0,281.428915,0.0
2019-01-05,10,0,24,36.99,36.99,0.0,498.088782,0.0
2019-01-05,10,0,29,4.25,4.25,0.0,37.267142,0.0
2019-01-05,10,0,30,213.58,213.58,0.0,2873.918066,0.0
2019-01-05,10,0,31,8.9,8.9,0.0,119.757799,0.0
2019-01-05,10,0,32,2.23,2.23,0.0,59.852092,0.0
2019-01-05,10,0,33,1.39,1.39,0.0,23.00672,0.0
2019-01-05,10,0,34,2.23,2.23,0.0,36.910061,0.0
2019-01-05,10,0,35,2.23,2.23,0.0,36.910061,0.0
2019-01-05,10,0,36,4.9,4.9,0.0,70.696702,0.0
2019-01-05,10,0,37,2.3,2.3,0.0,33.031228,0.0
2019-01-05,10,0,38,2.96,2.96,0.0,42.509755,0.0
2019-01-05,10,0,39,1.98,1.98,0.0,28.435579,0.0
2019-01-05,10,0,40,1.98,1.98,0.0,28.435579,0.0
2019-01-05,10,0,41,0.0,0.0,0.0,0.0,0.0
2019-01-05,10,0,42,29.73,29.73,0.0,466.507349,0.0
2019-01-05,10,0,43,15.3,15.3,0.0,217.920052,0.0
2019-01-05,10,0,46,13.27,13.27,0.0,188.568973,0.0
2019-01-05,10,0,52,9.44,9.44,0.0,127.024003,0.0
2019-01-05,10,0,53,15.05,15.05,0.0,202.511784,0.0
2019-01-05,10,0,55,21.61,21.61,0.0,290.989418,0.0
2019-01-05,10,0,56,63.0,63.0,0.0,847.723748,0.0
2019-01-05,10,0,57,59.93,59.93,0.0,806.414035,0.0
2019-01-05,10,0,58,115.24,115.24,0.0,1550.661663,0.0
2019-01-05,10,0,59,113.32,113.32,0.0,1524.826272,0.0
2019-01-05,10,0,63,14.35,14.35,0.0,390.163872,0.0
2019-01-05,10,0,64,16.88,16.88,0.0,458.952346,0.0
2019-01-05,10,0,65,0.0,0.0,0.0,0.0,0.0
2019-01-05,10,0,67,113.85,113.85,0.0,1581.66275,0.0
2019-01-05,10,0,68,6.66,6.66,0.0,87.463244,0.0
2019-01-05,10,0,69,1.39,1.39,0.0,23.00672,0.0
2019-01-05,10,0,74,0.0,0.0,0.0,0.0,0.0
2019-01-05,10,0,77,14.22,14.22,0.0,178.612798,0.0
2019-01-05,10,0,78,10.75,10.75,0.0,135.027256,0.0
2019-01-05,10,0,79,6.22,6.22,0.0,78.127398,0.0
2019-01-05,10,0,80,10.06,10.06,0.0,126.36039,0.0
2019-01-05,10,0,81,13.16,13.16,0.0,165.298483,0.0
2019-01-05,10,0,82,9.28,9.28,0.0,116.563064,0.0
2019-01-05,10,0,83,20.7,20.7,0.0,260.005972,0.0
2019-01-05,10,0,84,0.0,0.0,0.0,0.0,0.0
2019-01-05,10,0,86,7.06,7.06,0.0,116.854274,0.0
2019-01-05,10,0,87,36.07,36.07,0.0,597.016101,0.0
2019-01-05,10,0,88,31.44,31.44,0.0,394.907621,0.0
2019-01-05,10,0,89,30.07,30.07,0.0,377.699496,0.0
2019-01-05,10,0,90,41.76,41.76,0.0,524.533787,0.0
2019-01-05,10,0,91,154.72,154.72,0.0,1943.387632,0.0
2019-01-05,10,0,92,54.82,54.82,0.0,688.576202,0.0
2019-01-05,10,0,95,9.52,9.52,0.0,255.264295,0.0
2019-01-05,10,0,96,3.72,3.72,0.0,50.018879,0.0
2019-01-05,10,0,97,22.87,22.87,0.0,307.508541,0.0
2019-01-05,10,0,99,0.0,0.0,0.0,0.0,0.0
2019-01-05,10,0,101,4.3,4.3,0.0,57.86051,0.0
2019-01-05,10,0,102,15.78,15.78,0.0,207.23273,0.0
2019-01-05,10,0,103,13.72,13.72,0.0,180.179535,0.0
2019-01-05,10,0,104,2.55,2.55,0.0,33.488179,0.0
2019-01-05,10,0,106,90.28,90.28,0.0,1215.665187,0.0
2019-01-05,10,0,109,37.28,37.28,0.0,530.851318,0.0
2019-01-05,10,0,110,61.34,61.34,0.0,994.907488,0.0
2019-01-05,10,0,111,7.54,7.54,0.0,105.796598,0.0
2019-01-05,10,0,113,27.78,27.78,0.0,339.09918,0.0
2019-01-05,10,0,115,27.78,27.78,0.0,339.09918,0.0
2019-01-05,10,0,116,45.88,45.88,0.0,744.153171,0.0
2019-01-05,10,0,117,1.85,1.85,0.0,22.582199,0.0
2019-01-05,10,0,119,16.88,16.88,0.0,458.952346,0.0
2019-01-05,10,0,120,9.92,9.92,0.0,269.71607,0.0
2019-01-05,10,0,123,1.5,1.5,0.0,20.198247,0.0
2019-01-05,10,0,125,33.47,33.47,0.0,450.690228,0.0
2019-01-05,10,0,126,67.71,67.71,0.0,911.74889,0.0
2019-01-05,10,0,127,86.9,86.9,0.0,1170.151803,0.0
2019-01-05,10,0,128,47.94,47.94,0.0,645.535989,0.0
2019-01-05,10,0,131,9.66,9.66,0.0,124.900656,0.0
2019-01-05,10,0,132,15.58,15.58,0.0,201.44433,0.0
2019-01-05,10,0,133,0.0,0.0,0.0,0.0,0.0
2019-01-05,10,0,134,0.0,0.0,0.0,0.0,0.0
2019-01-05,10,0,135,0.0,0.0,0.0,0.0,0.0
2019-01-05,10,0,136,0.0,0.0,0.0,0.0,0.0
2019-01-05,10,0,139,0.0,0.0,0.0,0.0,0.0
2019-01-05,10,0,140,45.4,45.4,0.0,736.367785,0.0
2019-01-05,10,0,141,35.72,35.72,0.0,496.24061,0.0
2019-01-05,10,0,142,150.14,150.14,0.0,2085.822092,0.0
2019-01-05,10,0,143,9.8,9.8,0.0,131.868139,0.0
2019-01-05,10,0,145,11.01,11.01,0.0,151.366276,0.0
2019-01-05,10,0,146,83.32,83.32,0.0,1351.413301,0.0
2019-01-05,10,0,152,3.48,3.48,0.0,52.234823,0.0
2019-01-05,10,0,153,4.39,4.39,0.0,65.726039,0.0
2019-01-05,10,0,154,31.09,31.09,0.0,436.235573,0.0
2019-01-05,10,0,157,61.29,61.29,0.0,851.4722,0.0
2019-01-05,10,0,158,92.86,92.86,0.0,1290.058875,0.0
2019-01-05,10,0,159,0.0,0.0,0.0,0.0,0.0
2019-01-05,10,0,160,1.21,1.21,0.0,16.963909,0.0
2019-01-05,10,0,161,22.98,22.98,0.0,301.787588,0.0
2019-01-05,10,0,162,6.67,6.67,0.0,178.89217,0.0
2019-01-05,10,0,163,52.08,52.08,0.0,844.714411,0.0
2019-01-05,10,0,164,7.87,7.87,0.0,105.898189,0.0
2019-01-05,10,0,167,2.62,2.62,0.0,70.233384,0.0
2019-01-05,10,0,168,1.31,1.31,0.0,35.116692,0.0
2019-01-05,10,0,169,0.0,0.0,0.0,0.0,0.0
2019-01-05,10,0,170,2.87,2.87,0.0,76.935042,0.0
2019-01-05,10,0,172,3.45,3.45,0.0,91.008459,0.0
2019-01-05,10,0,173,5.26,5.26,0.0,138.754926,0.0
2019-01-05,10,0,188,4.56,4.56,0.0,120.683599,0.0
2019-01-05,10,0,190,3.6,3.6,0.0,97.880832,0.0
2019-01-05,10,0,191,9.3,9.3,0.0,252.858816,0.0
2019-01-05,10,0,192,12.65,12.65,0.0,343.942368,0.0
2019-01-05,10,0,194,16.69,16.69,0.0,188.773893,0.0
2019-01-05,10,0,196,2.59,2.59,0.0,69.506846,0.0
2019-01-05,10,0,198,5.52,5.52,0.0,72.861719,0.0
2019-01-05,10,0,199,4.05,4.05,0.0,44.35735,0.0
2019-01-05,10,0,200,8.7,8.7,0.0,95.286158,0.0
2019-01-05,10,0,204,31.23,31.23,0.0,442.569235,0.0
2019-01-05,10,0,205,220.15,220.15,0.0,3134.842212,0.0
2019-01-05,10,0,206,67.2,67.2,0.0,903.566853,0.0
2019-01-05,10,0,210,1.24,1.24,0.0,11.307297,0.0
2019-01-05,10,0,214,7.23,7.23,0.0,122.70377,0.0
2019-01-05,10,0,217,5.0,5.0,0.0,67.711623,0.0
2019-01-05,10,0,218,6.9,6.9,0.0,93.44204,0.0
2019-01-05,10,0,219,4.7,4.7,0.0,63.648926,0.0
2019-01-05,10,0,221,3.85,3.85,0.0,65.340182,0.0
2019-01-05,10,0,225,3.9,3.9,0.0,34.066242,0.0
2019-01-05,10,0,233,4.0,4.0,0.0,66.206388,0.0
2019-01-05,10,0,236,0.0,0.0,0.0,0.0,0.0
2019-01-05,10,0,237,0.0,0.0,0.0,0.0,0.0
2019-01-05,10,0,238,38.7,38.7,0.0,607.259818,0.0
2019-01-05,10,0,240,5.55,5.55,0.0,80.074836,0.0
2019-01-05,10,0,245,0.0,0.0,0.0,0.0,0.0
2019-01-05,10,0,247,0.0,0.0,0.0,0.0,0.0
2019-01-05,10,0,248,0.0,0.0,0.0,0.0,0.0
2019-01-05,10,0,249,0.0,0.0,0.0,0.0,0.0
2019-01-05,10,0,251,0.0,0.0,0.0,0.0,0.0
2019-01-05,10,0,252,0.0,0.0,0.0,0.0,0.0
2019-01-05,10,0,254,8.54,8.54,0.0,121.157718,0.0
2019-01-05,10,0,255,3.92,3.92,0.0,55.613379,0.0
2019-01-05,10,0,258,6.9,6.9,0.0,99.346604,0.0
2019-01-05,10,0,260,2.94,2.94,0.0,41.218093,0.0
2019-01-05,10,0,265,32.19,32.19,0.0,451.67009,0.0
2019-01-05,10,0,266,0.0,0.0,0.0,0.0,0.0
2019-01-05,10,0,267,0.0,0.0,0.0,0.0,0.0
2019-01-05,10,0,270,162.57,162.57,0.0,2636.813014,0.0
2019-01-05,10,0,272,92.84,92.84,0.0,1133.260182,0.0
2019-01-05,10,0,273,10.97,10.97,0.0,177.928515,0.0
2019-01-05,10,0,274,209.56,209.56,0.0,3398.969891,0.0
2019-01-05,10,0,275,291.69,291.69,0.0,4731.081921,0.0
2019-01-05,10,0,276,2.53,2.53,0.0,39.720939,0.0
2019-01-05,10,0,277,3.16,3.16,0.0,39.02142,0.0
2019-01-05,10,0,278,5.06,5.06,0.0,62.483667,0.0
2019-01-05,10,0,279,59.3,59.3,0.0,732.269059,0.0
2019-01-05,10,0,281,3.97,3.97,0.0,53.420052,0.0
2019-01-05,10,0,282,117.16,117.16,0.0,1576.497053,0.0
2019-01-05,11,0,9,1.92,1.92,0.0,15.458647,0.0
2019-01-05,11,0,17,38.73,38.73,0.0,615.329983,0.0
2019-01-05,11,0,19,0.0,0.0,0.0,0.0,0.0
2019-01-05,11,0,20,0.0,0.0,0.0,0.0,0.0
2019-01-05,11,0,21,43.99,43.99,0.0,354.180145,0.0
2019-01-05,11,0,22,156.33,156.33,0.0,1258.672016,0.0
2019-01-05,11,0,23,10.22,10.22,0.0,82.285089,0.0
2019-01-05,11,0,24,18.08,18.08,0.0,145.568925,0.0
2019-01-05,11,0,29,6.24,6.24,0.0,48.869138,0.0
2019-01-05,11,0,30,367.99,367.99,0.0,2947.326356,0.0
2019-01-05,11,0,31,4.4,4.4,0.0,35.240729,0.0
2019-01-05,11,0,32,3.46,3.46,0.0,77.59542,0.0
2019-01-05,11,0,33,2.09,2.09,0.0,36.913748,0.0
2019-01-05,11,0,34,3.35,3.35,0.0,59.167969,0.0
2019-01-05,11,0,35,3.35,3.35,0.0,59.167969,0.0
2019-01-05,11,0,36,7.55,7.55,0.0,96.064553,0.0
2019-01-05,11,0,37,3.54,3.54,0.0,44.675569,0.0
2019-01-05,11,0,38,4.55,4.55,0.0,57.421989,0.0
2019-01-05,11,0,39,3.03,3.03,0.0,38.239258,0.0
2019-01-05,11,0,40,3.03,3.03,0.0,38.239258,0.0
2019-01-05,11,0,41,1.01,1.01,0.0,10.441493,0.0
2019-01-05,11,0,42,45.31,45.31,0.0,702.443492,0.0
2019-01-05,11,0,43,23.51,23.51,0.0,298.403335,0.0
2019-01-05,11,0,46,20.64,20.64,0.0,249.858667,0.0
2019-01-05,11,0,52,4.67,4.67,0.0,37.403229,0.0
2019-01-05,11,0,53,7.61,7.61,0.0,60.950443,0.0
2019-01-05,11,0,55,36.0,36.0,0.0,289.84963,0.0
2019-01-05,11,0,56,108.54,108.54,0.0,869.324717,0.0
2019-01-05,11,0,57,103.25,103.25,0.0,826.95575,0.0
2019-01-05,11,0,58,198.55,198.55,0.0,1590.237909,0.0
2019-01-05,11,0,59,195.24,195.24,0.0,1563.727269,0.0
2019-01-05,11,0,63,13.54,13.54,0.0,368.140685,0.0
2019-01-05,11,0,64,15.92,15.92,0.0,432.85079,0.0
2019-01-05,11,0,65,0.83,0.83,0.0,13.127475,0.0
2019-01-05,11,0,67,198.27,198.27,0.0,-2537.254854,0.0
2019-01-05,11,0,68,6.91,6.91,0.0,-26.02588,0.0
2019-01-05,11,0,69,2.09,2.09,0.0,36.913748,0.0
2019-01-05,11,0,74,0.0,0.0,0.0,0.0,0.0
2019-01-05,11,0,77,14.21,14.21,0.0,57.157767,0.0
2019-01-05,11,0,78,10.75,10.75,0.0,43.240394,0.0
2019-01-05,11,0,79,6.22,6.22,0.0,25.019093,0.0
2019-01-05,11,0,80,10.06,10.06,0.0,40.464964,0.0
2019-01-05,11,0,81,13.15,13.15,0.0,52.894063,0.0
2019-01-05,11,0,82,9.27,9.27,0.0,37.287298,0.0
2019-01-05,11,0,83,20.68,20.68,0.0,83.182451,0.0
2019-01-05,11,0,84,0.0,0.0,0.0,0.0,0.0
2019-01-05,11,0,86,10.6,10.6,0.0,187.21805,0.0
2019-01-05,11,0,87,54.11,54.11,0.0,955.695157,0.0
2019-01-05,11,0,88,14.16,14.16,0.0,56.956649,0.0
2019-01-05,11,0,89,13.61,13.61,0.0,54.74435,0.0
2019-01-05,11,0,90,18.27,18.27,0.0,73.488558,0.0
2019-01-05,11,0,91,65.19,65.19,0.0,262.217793,0.0
2019-01-05,11,0,92,23.44,23.44,0.0,94.28417,0.0
2019-01-05,11,0,95,11.75,11.75,0.0,265.68767,0.0
2019-01-05,11,0,96,3.89,3.89,0.0,30.984764,0.0
2019-01-05,11,0,97,28.61,28.61,0.0,227.885376,0.0
2019-01-05,11,0,99,0.0,0.0,0.0,0.0,0.0
2019-01-05,11,0,101,7.41,7.41,0.0,59.348592,0.0
2019-01-05,11,0,102,16.35,16.35,0.0,-61.580772,0.0
2019-01-05,11,0,103,14.22,14.22,0.0,-53.558323,0.0
2019-01-05,11,0,104,2.64,2.64,0.0,-9.943317,0.0
2019-01-05,11,0,106,153.89,153.89,0.0,1239.026653,0.0
2019-01-05,11,0,109,18.28,18.28,0.0,212.434798,0.0
2019-01-05,11,0,110,82.02,82.02,0.0,-3317.825001,0.0
2019-01-05,11,0,111,12.07,12.07,0.0,124.781011,0.0
2019-01-05,11,0,113,15.84,15.84,0.0,78.771211,0.0
2019-01-05,11,0,115,15.84,15.84,0.0,78.771211,0.0
2019-01-05,11,0,116,76.54,76.54,0.0,-3096.151251,0.0
2019-01-05,11,0,117,1.07,1.07,0.0,5.321035,0.0
2019-01-05,11,0,119,15.92,15.92,0.0,432.85079,0.0
2019-01-05,11,0,120,9.36,9.36,0.0,254.490163,0.0
2019-01-05,11,0,123,2.56,2.56,0.0,20.611529,0.0
2019-01-05,11,0,125,16.36,16.36,0.0,131.720554,0.0
2019-01-05,11,0,126,115.42,115.42,0.0,929.290118,0.0
2019-01-05,11,0,127,148.12,148.12,0.0,1192.570198,0.0
2019-01-05,11,0,128,23.43,23.43,0.0,188.643801,0.0
2019-01-05,11,0,131,7.53,7.53,0.0,-10.200316,0.0
2019-01-05,11,0,132,11.06,11.06,0.0,-14.982138,0.0
2019-01-05,11,0,133,0.0,0.0,0.0,0.0,0.0
2019-01-05,11,0,134,0.0,0.0,0.0,0.0,0.0
2019-01-05,11,0,135,0.0,0.0,0.0,0.0,0.0
2019-01-05,11,0,136,1.1,1.1,0.0,17.393543,0.0
2019-01-05,11,0,139,1.31,1.31,0.0,13.542927,0.0
2019-01-05,11,0,140,60.7,60.7,0.0,-2455.400848,0.0
2019-01-05,11,0,141,30.48,30.48,0.0,-390.051586,0.0
2019-01-05,11,0,142,261.47,261.47,0.0,-3346.023235,0.0
2019-01-05,11,0,143,4.67,4.67,0.0,37.403229,0.0
2019-01-05,11,0,145,18.54,18.54,0.0,173.380014,0.0
2019-01-05,11,0,146,111.33,111.33,0.0,-4503.455954,0.0
2019-01-05,11,0,152,5.35,5.35,0.0,73.980058,0.0
2019-01-05,11,0,153,6.75,6.75,0.0,92.707024,0.0
2019-01-05,11,0,154,49.78,49.78,0.0,514.631211,0.0
2019-01-05,11,0,157,59.4,59.4,0.0,-760.139902,0.0
2019-01-05,11,0,158,177.35,177.35,0.0,-2269.542283,0.0
2019-01-05,11,0,159,0.0,0.0,0.0,0.0,0.0
2019-01-05,11,0,160,1.85,1.85,0.0,24.250157,0.0
2019-01-05,11,0,161,38.89,38.89,0.0,-146.47561,0.0
2019-01-05,11,0,162,13.03,13.03,0.0,295.298292,0.0
2019-01-05,11,0,163,72.04,72.04,0.0,-2914.119886,0.0
2019-01-05,11,0,164,13.82,13.82,0.0,110.687927,0.0
2019-01-05,11,0,167,4.04,4.04,0.0,90.810111,0.0
2019-01-05,11,0,168,2.02,2.02,0.0,45.405055,0.0
2019-01-05,11,0,169,0.0,0.0,0.0,0.0,0.0
2019-01-05,11,0,170,4.41,4.41,0.0,99.126878,0.0
2019-01-05,11,0,172,5.29,5.29,0.0,111.263305,0.0
2019-01-05,11,0,173,8.07,8.07,0.0,169.73438,0.0
2019-01-05,11,0,188,7.07,7.07,0.0,152.598769,0.0
2019-01-05,11,0,190,5.93,5.93,0.0,161.231482,0.0
2019-01-05,11,0,191,15.31,15.31,0.0,416.265427,0.0
2019-01-05,11,0,192,20.07,20.07,0.0,545.685638,0.0
2019-01-05,11,0,194,15.38,15.38,0.0,193.507928,0.0
2019-01-05,11,0,196,4.24,4.24,0.0,155.366447,0.0
2019-01-05,11,0,198,8.33,8.33,0.0,110.044681,0.0
2019-01-05,11,0,199,5.22,5.22,0.0,68.330313,0.0
2019-01-05,11,0,200,13.31,13.31,0.0,174.229208,0.0
2019-01-05,11,0,204,35.49,35.49,0.0,405.052502,0.0
2019-01-05,11,0,205,119.55,119.55,0.0,1389.309631,0.0
2019-01-05,11,0,206,109.35,109.35,0.0,870.998456,0.0
2019-01-05,11,0,210,1.81,1.81,0.0,15.340274,0.0
2019-01-05,11,0,214,10.68,10.68,0.0,199.864821,0.0
2019-01-05,11,0,217,7.42,7.42,0.0,105.740273,0.0
2019-01-05,11,0,218,10.23,10.23,0.0,145.78477,0.0
2019-01-05,11,0,219,6.97,6.97,0.0,99.327453,0.0
2019-01-05,11,0,221,5.7,5.7,0.0,106.669427,0.0
2019-01-05,11,0,225,5.77,5.77,0.0,44.829605,0.0
2019-01-05,11,0,233,6.0,6.0,0.0,105.972481,0.0
2019-01-05,11,0,236,0.0,0.0,0.0,0.0,0.0
2019-01-05,11,0,237,0.0,0.0,0.0,0.0,0.0
2019-01-05,11,0,238,58.97,58.97,0.0,914.215244,0.0
2019-01-05,11,0,240,8.55,8.55,0.0,108.788334,0.0
2019-01-05,11,0,245,0.0,0.0,0.0,0.0,0.0
2019-01-05,11,0,247,0.0,0.0,0.0,0.0,0.0
2019-01-05,11,0,248,0.0,0.0,0.0,0.0,0.0
2019-01-05,11,0,249,0.0,0.0,0.0,0.0,0.0
2019-01-05,11,0,251,12.87,12.87,0.0,202.04519,0.0
2019-01-05,11,0,252,5.38,5.38,0.0,85.091341,0.0
2019-01-05,11,0,254,12.92,12.92,0.0,165.335908,0.0
2019-01-05,11,0,255,5.92,5.92,0.0,75.757629,0.0
2019-01-05,11,0,258,10.64,10.64,0.0,135.327477,0.0
2019-01-05,11,0,260,4.49,4.49,0.0,58.855787,0.0
2019-01-05,11,0,265,51.54,51.54,0.0,532.826288,0.0
2019-01-05,11,0,266,0.85,0.85,0.0,8.787395,0.0
2019-01-05,11,0,267,1.04,1.04,0.0,10.751636,0.0
2019-01-05,11,0,270,243.69,243.69,0.0,-9857.605151,0.0
2019-01-05,11,0,272,52.88,52.88,0.0,262.968539,0.0
2019-01-05,11,0,273,18.3,18.3,0.0,-740.260882,0.0
2019-01-05,11,0,274,318.24,318.24,0.0,-12873.258087,0.0
2019-01-05,11,0,275,449.01,449.01,0.0,-18163.089535,0.0
2019-01-05,11,0,276,4.21,4.21,0.0,-144.30516,0.0
2019-01-05,11,0,277,5.2,5.2,0.0,23.877527,0.0
2019-01-05,11,0,278,8.31,8.31,0.0,38.158124,0.0
2019-01-05,11,0,279,59.01,59.01,0.0,270.964009,0.0
2019-01-05,11,0,281,1.92,1.92,0.0,15.377773,0.0
2019-01-05,11,0,282,201.86,201.86,0.0,1616.748548,0.0
2019-01-05,12,0,9,2.73,2.73,0.0,15.444117,0.0
2019-01-05,12,0,17,50.33,50.33,0.0,672.861827,0.0
2019-01-05,12,0,19,0.0,0.0,0.0,0.0,0.0
2019-01-05,12,0,20,0.0,0.0,0.0,0.0,0.0
2019-01-05,12,0,21,62.4,62.4,0.0,353.008392,0.0
2019-01-05,12,0,22,221.76,221.76,0.0,1254.537516,0.0
2019-01-05,12,0,23,7.06,7.06,0.0,39.939732,0.0
2019-01-05,12,0,24,11.82,11.82,0.0,66.867936,0.0
2019-01-05,12,0,29,8.0,8.0,0.0,55.166325,0.0
2019-01-05,12,0,30,528.11,528.11,0.0,2965.189902,0.0
2019-01-05,12,0,31,0.0,0.0,0.0,0.0,0.0
2019-01-05,12,0,32,4.64,4.64,0.0,100.742937,0.0
2019-01-05,12,0,33,2.72,2.72,0.0,40.969634,0.0
2019-01-05,12,0,34,4.35,4.35,0.0,65.521289,0.0
2019-01-05,12,0,35,4.35,4.35,0.0,65.521289,0.0
2019-01-05,12,0,36,10.24,10.24,0.0,106.482834,0.0
2019-01-05,12,0,37,4.87,4.87,0.0,50.199031,0.0
2019-01-05,12,0,38,6.26,6.26,0.0,64.526886,0.0
2019-01-05,12,0,39,4.17,4.17,0.0,42.983565,0.0
2019-01-05,12,0,40,4.17,4.17,0.0,42.983565,0.0
2019-01-05,12,0,41,2.13,2.13,0.0,16.92911,0.0
2019-01-05,12,0,42,62.98,62.98,0.0,818.862127,0.0
2019-01-05,12,0,43,31.36,31.36,0.0,326.869161,0.0
2019-01-05,12,0,46,27.5,27.5,0.0,269.492971,0.0
2019-01-05,12,0,52,0.0,0.0,0.0,0.0,0.0
2019-01-05,12,0,53,0.0,0.0,0.0,0.0,0.0
2019-01-05,12,0,55,35.15,35.15,0.0,198.85008,0.0
2019-01-05,12,0,56,155.77,155.77,0.0,874.60497,0.0
2019-01-05,12,0,57,148.17,148.17,0.0,831.933097,0.0
2019-01-05,12,0,58,284.95,284.95,0.0,1599.91453,0.0
2019-01-05,12,0,59,280.2,280.2,0.0,1573.244609,0.0
2019-01-05,12,0,63,13.08,13.08,0.0,351.365049,0.0
2019-01-05,12,0,64,15.38,15.38,0.0,413.149423,0.0
2019-01-05,12,0,65,2.87,2.87,0.0,38.173339,0.0
2019-01-05,12,0,67,280.42,280.42,0.0,-4655.859984,0.0
2019-01-05,12,0,68,7.4,7.4,0.0,-50.490873,0.0
2019-01-05,12,0,69,2.72,2.72,0.0,40.969634,0.0
2019-01-05,12,0,74,0.0,0.0,0.0,0.0,0.0
2019-01-05,12,0,77,14.69,14.69,0.0,23.388135,0.0
2019-01-05,12,0,78,11.1,11.1,0.0,17.672451,0.0
2019-01-05,12,0,79,6.43,6.43,0.0,10.237285,0.0
2019-01-05,12,0,80,10.39,10.39,0.0,16.542051,0.0
2019-01-05,12,0,81,13.58,13.58,0.0,21.62089,0.0
2019-01-05,12,0,82,9.58,9.58,0.0,15.25244,0.0
2019-01-05,12,0,83,21.37,21.37,0.0,34.023448,0.0
2019-01-05,12,0,84,0.0,0.0,0.0,0.0,0.0
2019-01-05,12,0,86,13.76,13.76,0.0,207.258147,0.0
2019-01-05,12,0,87,70.27,70.27,0.0,1058.432413,0.0
2019-01-05,12,0,88,13.32,13.32,0.0,21.206941,0.0
2019-01-05,12,0,89,12.81,12.81,0.0,20.394964,0.0
2019-01-05,12,0,90,17.2,17.2,0.0,27.384338,0.0
2019-01-05,12,0,91,61.34,61.34,0.0,97.660193,0.0
2019-01-05,12,0,92,22.06,22.06,0.0,35.122006,0.0
2019-01-05,12,0,95,16.99,16.99,0.0,372.313137,0.0
2019-01-05,12,0,96,3.8,3.8,0.0,21.16729,0.0
2019-01-05,12,0,97,23.34,23.34,0.0,130.011725,0.0
2019-01-05,12,0,99,0.0,0.0,0.0,0.0,0.0
2019-01-05,12,0,101,10.64,10.64,0.0,59.740623,0.0
2019-01-05,12,0,102,17.51,17.51,0.0,-119.472324,0.0
2019-01-05,12,0,103,15.23,15.23,0.0,-103.915676,0.0
2019-01-05,12,0,104,2.83,2.83,0.0,-19.309348,0.0
2019-01-05,12,0,106,218.31,218.31,0.0,1235.020225,0.0
2019-01-05,12,0,109,14.03,14.03,0.0,130.0243,0.0
2019-01-05,12,0,110,112.08,112.08,0.0,-5217.645459,0.0
2019-01-05,12,0,111,16.38,16.38,0.0,130.187238,0.0
2019-01-05,12,0,113,8.81,8.81,0.0,23.675237,0.0
2019-01-05,12,0,115,8.81,8.81,0.0,23.675237,0.0
2019-01-05,12,0,116,106.18,106.18,0.0,-4942.983538,0.0
2019-01-05,12,0,117,0.59,0.59,0.0,1.585515,0.0
2019-01-05,12,0,119,15.38,15.38,0.0,413.149423,0.0
2019-01-05,12,0,120,9.05,9.05,0.0,243.108081,0.0
2019-01-05,12,0,123,3.64,3.64,0.0,20.592156,0.0
2019-01-05,12,0,125,10.82,10.82,0.0,61.21075,0.0
2019-01-05,12,0,126,163.73,163.73,0.0,926.251026,0.0
2019-01-05,12,0,127,210.12,210.12,0.0,1188.687874,0.0
2019-01-05,12,0,128,14.83,14.83,0.0,83.896065,0.0
2019-01-05,12,0,131,8.06,8.06,0.0,-33.94174,0.0
2019-01-05,12,0,132,11.85,11.85,0.0,-49.901938,0.0
2019-01-05,12,0,133,0.0,0.0,0.0,0.0,0.0
2019-01-05,12,0,134,0.0,0.0,0.0,0.0,0.0
2019-01-05,12,0,135,0.0,0.0,0.0,0.0,0.0
2019-01-05,12,0,136,2.89,2.89,0.0,38.428537,0.0
2019-01-05,12,0,139,2.75,2.75,0.0,21.856832,0.0
2019-01-05,12,0,140,82.95,82.95,0.0,-3861.560411,0.0
2019-01-05,12,0,141,28.09,28.09,0.0,-466.38295,0.0
2019-01-05,12,0,142,369.8,369.8,0.0,-6139.851017,0.0
2019-01-05,12,0,143,0.0,0.0,0.0,0.0,0.0
2019-01-05,12,0,145,10.2,10.2,0.0,71.115252,0.0
2019-01-05,12,0,146,150.16,150.16,0.0,-6990.378678,0.0
2019-01-05,12,0,152,7.45,7.45,0.0,84.988658,0.0
2019-01-05,12,0,153,9.4,9.4,0.0,106.396417,0.0
2019-01-05,12,0,154,67.57,67.57,0.0,537.042225,0.0
2019-01-05,12,0,157,58.09,58.09,0.0,-964.477949,0.0
2019-01-05,12,0,158,251.16,251.16,0.0,-4170.051329,0.0
2019-01-05,12,0,159,0.0,0.0,0.0,0.0,0.0
2019-01-05,12,0,160,2.48,2.48,0.0,27.136019,0.0
2019-01-05,12,0,161,54.66,54.66,0.0,-372.950155,0.0
2019-01-05,12,0,162,15.72,15.72,0.0,345.3521,0.0
2019-01-05,12,0,163,75.46,75.46,0.0,-3512.879429,0.0
2019-01-05,12,0,164,19.78,19.78,0.0,111.059166,0.0
2019-01-05,12,0,167,5.37,5.37,0.0,116.897752,0.0
2019-01-05,12,0,168,2.69,2.69,0.0,58.557719,0.0
2019-01-05,12,0,169,0.0,0.0,0.0,0.0,0.0
2019-01-05,12,0,170,5.87,5.87,0.0,127.782086,0.0
2019-01-05,12,0,172,6.97,6.97,0.0,141.008963,0.0
2019-01-05,12,0,173,10.62,10.62,0.0,214.851534,0.0
2019-01-05,12,0,188,9.61,9.61,0.0,199.924939,0.0
2019-01-05,12,0,190,8.16,8.16,0.0,219.200214,0.0
2019-01-05,12,0,191,21.07,21.07,0.0,565.998592,0.0
2019-01-05,12,0,192,30.82,30.82,0.0,827.910613,0.0
2019-01-05,12,0,194,14.69,14.69,0.0,161.428798,0.0
2019-01-05,12,0,196,5.78,5.78,0.0,214.464762,0.0
2019-01-05,12,0,198,10.92,10.92,0.0,123.508112,0.0
2019-01-05,12,0,199,10.13,10.13,0.0,119.727475,0.0
2019-01-05,12,0,200,17.95,17.95,0.0,212.152831,0.0
2019-01-05,12,0,204,44.04,44.04,0.0,399.200287,0.0
2019-01-05,12,0,205,74.22,74.22,0.0,687.840594,0.0
2019-01-05,12,0,206,68.59,68.59,0.0,382.069591,0.0
2019-01-05,12,0,210,2.31,2.31,0.0,17.280364,0.0
2019-01-05,12,0,214,13.97,13.97,0.0,224.440936,0.0
2019-01-05,12,0,217,9.54,9.54,0.0,117.583711,0.0
2019-01-05,12,0,218,13.17,13.17,0.0,162.324683,0.0
2019-01-05,12,0,219,8.97,8.97,0.0,110.558269,0.0
2019-01-05,12,0,221,7.45,7.45,0.0,119.691122,0.0
2019-01-05,12,0,225,7.25,7.25,0.0,49.584971,0.0
2019-01-05,12,0,233,7.79,7.79,0.0,117.335826,0.0
2019-01-05,12,0,236,0.0,0.0,0.0,0.0,0.0
2019-01-05,12,0,237,0.0,0.0,0.0,0.0,0.0
2019-01-05,12,0,238,81.97,81.97,0.0,1065.768951,0.0
2019-01-05,12,0,240,11.61,11.61,0.0,120.729072,0.0
2019-01-05,12,0,245,2.25,2.25,0.0,30.644419,0.0
2019-01-05,12,0,247,5.76,5.76,0.0,78.449712,0.0
2019-01-05,12,0,248,0.0,0.0,0.0,0.0,0.0
2019-01-05,12,0,249,4.32,4.32,0.0,58.837284,0.0
2019-01-05,12,0,251,40.48,40.48,0.0,533.885239,0.0
2019-01-05,12,0,252,18.5,18.5,0.0,246.065077,0.0
2019-01-05,12,0,254,17.52,17.52,0.0,184.89406,0.0
2019-01-05,12,0,255,8.03,8.03,0.0,84.743111,0.0
2019-01-05,12,0,258,14.35,14.35,0.0,149.278122,0.0
2019-01-05,12,0,260,6.01,6.01,0.0,65.761078,0.0
2019-01-05,12,0,265,69.96,69.96,0.0,556.037799,0.0
2019-01-05,12,0,266,1.78,1.78,0.0,14.147331,0.0
2019-01-05,12,0,267,2.19,2.19,0.0,17.405986,0.0
2019-01-05,12,0,270,235.66,235.66,0.0,-10970.648902,0.0
2019-01-05,12,0,272,29.45,29.45,0.0,79.141398,0.0
2019-01-05,12,0,273,25.39,25.39,0.0,-1181.977322,0.0
2019-01-05,12,0,274,303.8,303.8,0.0,-14142.761336,0.0
2019-01-05,12,0,275,422.89,422.89,0.0,-19686.742402,0.0
2019-01-05,12,0,276,5.82,5.82,0.0,-232.01856,0.0
2019-01-05,12,0,277,7.16,7.16,0.0,16.097328,0.0
2019-01-05,12,0,278,11.46,11.46,0.0,25.764717,0.0
2019-01-05,12,0,279,60.53,60.53,0.0,136.085371,0.0
2019-01-05,12,0,281,0.0,0.0,0.0,0.0,0.0
2019-01-05,12,0,282,289.7,289.7,0.0,1626.584451,0.0
2019-01-05,13,0,9,3.28,3.28,0.0,19.796452,0.0
2019-01-05,13,0,17,55.01,55.01,0.0,546.511816,0.0
2019-01-05,13,0,19,4.33,4.33,0.0,43.017563,0.0
2019-01-05,13,0,20,5.25,5.25,0.0,52.157554,0.0
2019-01-05,13,0,21,74.93,74.93,0.0,452.240298,0.0
2019-01-05,13,0,22,266.28,266.28,0.0,1607.133946,0.0
2019-01-05,13,0,23,13.34,13.34,0.0,80.51362,0.0
2019-01-05,13,0,24,23.3,23.3,0.0,140.627238,0.0
2019-01-05,13,0,29,9.13,9.13,0.0,77.184555,0.0
2019-01-05,13,0,30,647.56,647.56,0.0,3812.137728,0.0
2019-01-05,13,0,31,0.0,0.0,0.0,0.0,0.0
2019-01-05,13,0,32,5.4,5.4,0.0,93.549723,0.0
2019-01-05,13,0,33,3.17,3.17,0.0,33.953976,0.0
2019-01-05,13,0,34,5.07,5.07,0.0,54.304939,0.0
2019-01-05,13,0,35,5.07,5.07,0.0,54.304939,0.0
2019-01-05,13,0,36,12.06,12.06,0.0,104.118774,0.0
2019-01-05,13,0,37,5.78,5.78,0.0,49.716416,0.0
2019-01-05,13,0,38,7.43,7.43,0.0,63.908819,0.0
2019-01-05,13,0,39,4.95,4.95,0.0,42.577208,0.0
2019-01-05,13,0,40,4.95,4.95,0.0,42.577208,0.0
2019-01-05,13,0,41,3.98,3.98,0.0,29.03673,0.0
2019-01-05,13,0,42,73.32,73.32,0.0,716.080216,0.0
2019-01-05,13,0,43,36.4,36.4,0.0,317.076011,0.0
2019-01-05,13,0,46,32.24,32.24,0.0,269.13891,0.0
2019-01-05,13,0,52,0.0,0.0,0.0,0.0,0.0
2019-01-05,13,0,53,0.0,0.0,0.0,0.0,0.0
2019-01-05,13,0,55,29.3,29.3,0.0,176.840261,0.0
2019-01-05,13,0,56,191.01,191.01,0.0,1124.461714,0.0
2019-01-05,13,0,57,181.69,181.69,0.0,1069.595564,0.0
2019-01-05,13,0,58,349.4,349.4,0.0,2056.891905,0.0
2019-01-05,13,0,59,343.58,343.58,0.0,2022.629996,0.0
2019-01-05,13,0,63,13.19,13.19,0.0,263.296265,0.0
2019-01-05,13,0,64,15.52,15.52,0.0,309.807281,0.0
2019-01-05,13,0,65,6.86,6.86,0.0,67.938111,0.0
2019-01-05,13,0,67,341.75,341.75,0.0,-1540.270001,0.0
2019-01-05,13,0,68,8.1,8.1,0.0,0.42736,0.0
2019-01-05,13,0,69,3.17,3.17,0.0,33.953976,0.0
2019-01-05,13,0,74,5.92,5.92,0.0,53.482992,0.0
2019-01-05,13,0,77,15.61,15.61,0.0,62.316996,0.0
2019-01-05,13,0,78,11.8,11.8,0.0,47.107018,0.0
2019-01-05,13,0,79,6.83,6.83,0.0,27.266181,0.0
2019-01-05,13,0,80,11.05,11.05,0.0,44.112928,0.0
2019-01-05,13,0,81,14.44,14.44,0.0,57.646215,0.0
2019-01-05,13,0,82,10.19,10.19,0.0,40.679705,0.0
2019-01-05,13,0,83,22.72,22.72,0.0,90.700971,0.0
2019-01-05,13,0,84,0.0,0.0,0.0,0.0,0.0
2019-01-05,13,0,86,16.05,16.05,0.0,171.912085,0.0
2019-01-05,13,0,87,81.95,81.95,0.0,877.769181,0.0
2019-01-05,13,0,88,12.97,12.97,0.0,51.777799,0.0
2019-01-05,13,0,89,12.47,12.47,0.0,49.781739,0.0
2019-01-05,13,0,90,16.75,16.75,0.0,66.868013,0.0
2019-01-05,13,0,91,59.74,59.74,0.0,238.48926,0.0
2019-01-05,13,0,92,21.49,21.49,0.0,85.790663,0.0
2019-01-05,13,0,95,19.99,19.99,0.0,348.058048,0.0
2019-01-05,13,0,96,4.15,4.15,0.0,25.229005,0.0
2019-01-05,13,0,97,25.54,25.54,0.0,155.26477,0.0
2019-01-05,13,0,99,1.14,1.14,0.0,10.29909,0.0
2019-01-05,13,0,101,13.04,13.04,0.0,76.765514,0.0
2019-01-05,13,0,102,19.18,19.18,0.0,1.011947,0.0
2019-01-05,13,0,103,16.68,16.68,0.0,0.880045,0.0
2019-01-05,13,0,104,3.1,3.1,0.0,0.163558,0.0
2019-01-05,13,0,106,262.13,262.13,0.0,1582.086606,0.0
2019-01-05,13,0,109,15.84,15.84,0.0,127.01492,0.0
2019-01-05,13,0,110,154.62,154.62,0.0,-2855.903973,0.0
2019-01-05,13,0,111,19.91,19.91,0.0,145.256604,0.0
2019-01-05,13,0,113,9.42,9.42,0.0,41.922764,0.0
2019-01-05,13,0,115,9.42,9.42,0.0,41.922764,0.0
2019-01-05,13,0,116,124.03,124.03,0.0,-2290.892315,0.0
2019-01-05,13,0,117,0.63,0.63,0.0,2.803752,0.0
2019-01-05,13,0,119,15.52,15.52,0.0,309.807281,0.0
2019-01-05,13,0,120,9.12,9.12,0.0,182.051701,0.0
2019-01-05,13,0,123,4.37,4.37,0.0,26.375152,0.0
2019-01-05,13,0,125,21.16,21.16,0.0,127.71126,0.0
2019-01-05,13,0,126,196.6,196.6,0.0,1186.580043,0.0
2019-01-05,13,0,127,252.3,252.3,0.0,1522.757604,0.0
2019-01-05,13,0,128,29.87,29.87,0.0,180.280498,0.0
2019-01-05,13,0,131,8.84,8.84,0.0,11.231523,0.0
2019-01-05,13,0,132,13.0,13.0,0.0,16.516945,0.0
2019-01-05,13,0,133,1.33,1.33,0.0,13.217164,0.0
2019-01-05,13,0,134,0.0,0.0,0.0,0.0,0.0
2019-01-05,13,0,135,1.78,1.78,0.0,17.689136,0.0
2019-01-05,13,0,136,6.0,6.0,0.0,59.410792,0.0
2019-01-05,13,0,139,5.14,5.14,0.0,37.499696,0.0
2019-01-05,13,0,140,114.43,114.43,0.0,-2113.575809,0.0
2019-01-05,13,0,141,28.73,28.73,0.0,-129.486341,0.0
2019-01-05,13,0,142,450.68,450.68,0.0,-2031.218388,0.0
2019-01-05,13,0,143,0.0,0.0,0.0,0.0,0.0
2019-01-05,13,0,145,18.28,18.28,0.0,124.45316,0.0
2019-01-05,13,0,146,200.78,200.78,0.0,-3708.500839,0.0
2019-01-05,13,0,152,9.14,9.14,0.0,82.637024,0.0
2019-01-05,13,0,153,11.4,11.4,0.0,102.608675,0.0
2019-01-05,13,0,154,82.11,82.11,0.0,599.046699,0.0
2019-01-05,13,0,157,56.95,56.95,0.0,-256.674108,0.0
2019-01-05,13,0,158,312.36,312.36,0.0,-1407.809035,0.0
2019-01-05,13,0,159,0.0,0.0,0.0,0.0,0.0
2019-01-05,13,0,160,2.84,2.84,0.0,25.838912,0.0
2019-01-05,13,0,161,65.61,65.61,0.0,3.461617,0.0
2019-01-05,13,0,162,19.9,19.9,0.0,347.079714,0.0
2019-01-05,13,0,163,39.21,39.21,0.0,-724.227104,0.0
2019-01-05,13,0,164,23.82,23.82,0.0,140.226575,0.0
2019-01-05,13,0,167,6.2,6.2,0.0,107.498995,0.0
2019-01-05,13,0,168,3.1,3.1,0.0,53.749498,0.0
2019-01-05,13,0,169,0.0,0.0,0.0,0.0,0.0
2019-01-05,13,0,170,6.78,6.78,0.0,117.555353,0.0
2019-01-05,13,0,172,8.2,8.2,0.0,134.248753,0.0
2019-01-05,13,0,173,12.49,12.49,0.0,204.483772,0.0
2019-01-05,13,0,188,11.19,11.19,0.0,187.611132,0.0
2019-01-05,13,0,190,9.49,9.49,0.0,189.43757,0.0
2019-01-05,13,0,191,24.52,24.52,0.0,489.463565,0.0
2019-01-05,13,0,192,45.99,45.99,0.0,918.043611,0.0
2019-01-05,13,0,194,14.43,14.43,0.0,119.366108,0.0
2019-01-05,13,0,196,6.62,6.62,0.0,164.62687,0.0
2019-01-05,13,0,198,12.6,12.6,0.0,120.934919,0.0
2019-01-05,13,0,199,6.93,6.93,0.0,70.422001,0.0
2019-01-05,13,0,200,21.18,21.18,0.0,215.229147,0.0
2019-01-05,13,0,204,57.02,57.02,0.0,451.595947,0.0
2019-01-05,13,0,205,83.78,83.78,0.0,671.799873,0.0
2019-01-05,13,0,206,75.03,75.03,0.0,456.128258,0.0
2019-01-05,13,0,210,2.7,2.7,0.0,23.452402,0.0
2019-01-05,13,0,214,16.37,16.37,0.0,182.865257,0.0
2019-01-05,13,0,217,10.95,10.95,0.0,110.494415,0.0
2019-01-05,13,0,218,15.11,15.11,0.0,152.472202,0.0
2019-01-05,13,0,219,10.29,10.29,0.0,103.834478,0.0
2019-01-05,13,0,221,8.73,8.73,0.0,97.52069,0.0
2019-01-05,13,0,225,8.25,8.25,0.0,69.560138,0.0
2019-01-05,13,0,233,9.08,9.08,0.0,97.256183,0.0
2019-01-05,13,0,236,11.87,11.87,0.0,112.829907,0.0
2019-01-05,13,0,237,14.21,14.21,0.0,128.37725,0.0
2019-01-05,13,0,238,95.44,95.44,0.0,932.115328,0.0
2019-01-05,13,0,240,13.67,13.67,0.0,118.018544,0.0
2019-01-05,13,0,245,5.97,5.97,0.0,59.996799,0.0
2019-01-05,13,0,247,16.56,16.56,0.0,166.423281,0.0
2019-01-05,13,0,248,1.43,1.43,0.0,12.919034,0.0
2019-01-05,13,0,249,11.48,11.48,0.0,115.370729,0.0
2019-01-05,13,0,251,93.05,93.05,0.0,916.746757,0.0
2019-01-05,13,0,252,44.23,44.23,0.0,438.032455,0.0
2019-01-05,13,0,254,20.53,20.53,0.0,180.829758,0.0
2019-01-05,13,0,255,9.41,9.41,0.0,82.883976,0.0
2019-01-05,13,0,258,16.8,16.8,0.0,145.251312,0.0
2019-01-05,13,0,260,6.91,6.91,0.0,62.868619,0.0
2019-01-05,13,0,265,85.01,85.01,0.0,620.204114,0.0
2019-01-05,13,0,266,3.33,3.33,0.0,24.29455,0.0
2019-01-05,13,0,267,4.09,4.09,0.0,29.839252,0.0
2019-01-05,13,0,270,122.02,122.02,0.0,-2253.766672,0.0
2019-01-05,13,0,272,31.49,31.49,0.0,140.143082,0.0
2019-01-05,13,0,273,29.66,29.66,0.0,-547.834121,0.0
2019-01-05,13,0,274,157.23,157.23,0.0,-2904.111898,0.0
2019-01-05,13,0,275,218.76,218.76,0.0,-4040.599878,0.0
2019-01-05,13,0,276,6.9,6.9,0.0,-105.93379,0.0
2019-01-05,13,0,277,8.61,8.61,0.0,36.736011,0.0
2019-01-05,13,0,278,13.78,13.78,0.0,58.794685,0.0
2019-01-05,13,0,279,91.47,91.47,0.0,390.272119,0.0
2019-01-05,13,0,281,0.0,0.0,0.0,0.0,0.0
2019-01-05,13,0,282,355.23,355.23,0.0,2091.212683,0.0
2019-01-05,14,0,9,3.4,3.4,0.0,7.487494,0.0
2019-01-05,14,0,17,55.19,55.19,0.0,553.760102,0.0
2019-01-05,14,0,19,12.04,12.04,0.0,120.805791,0.0
2019-01-05,14,0,20,14.6,14.6,0.0,146.492073,0.0
2019-01-05,14,0,21,77.71,77.71,0.0,171.133283,0.0
2019-01-05,14,0,22,276.16,276.16,0.0,608.160692,0.0
2019-01-05,14,0,23,9.39,9.39,0.0,20.678697,0.0
2019-01-05,14,0,24,16.15,16.15,0.0,35.565597,0.0
2019-01-05,14,0,29,9.2,9.2,0.0,58.585505,0.0
2019-01-05,14,0,30,673.51,673.51,0.0,1452.79833,0.0
2019-01-05,14,0,31,0.0,0.0,0.0,0.0,0.0
2019-01-05,14,0,32,5.47,5.47,0.0,122.087988,0.0
2019-01-05,14,0,33,3.29,3.29,0.0,38.321022,0.0
2019-01-05,14,0,34,5.26,5.26,0.0,61.267045,0.0
2019-01-05,14,0,35,5.26,5.26,0.0,61.267045,0.0
2019-01-05,14,0,36,12.51,12.51,0.0,91.371068,0.0
2019-01-05,14,0,37,5.93,5.93,0.0,42.894898,0.0
2019-01-05,14,0,38,7.63,7.63,0.0,55.191918,0.0
2019-01-05,14,0,39,5.08,5.08,0.0,36.746389,0.0
2019-01-05,14,0,40,5.08,5.08,0.0,36.746389,0.0
2019-01-05,14,0,41,5.61,5.61,0.0,25.857345,0.0
2019-01-05,14,0,42,76.15,76.15,0.0,737.424408,0.0
2019-01-05,14,0,43,37.81,37.81,0.0,281.258268,0.0
2019-01-05,14,0,46,32.9,32.9,0.0,220.90491,0.0
2019-01-05,14,0,52,0.0,0.0,0.0,0.0,0.0
2019-01-05,14,0,53,0.0,0.0,0.0,0.0,0.0
2019-01-05,14,0,55,50.24,50.24,0.0,110.638735,0.0
2019-01-05,14,0,56,198.66,198.66,0.0,428.52061,0.0
2019-01-05,14,0,57,188.97,188.97,0.0,407.618744,0.0
2019-01-05,14,0,58,363.4,363.4,0.0,783.873904,0.0
2019-01-05,14,0,59,357.35,357.35,0.0,770.823719,0.0
2019-01-05,14,0,63,13.42,13.42,0.0,382.169847,0.0
2019-01-05,14,0,64,15.79,15.79,0.0,449.661839,0.0
2019-01-05,14,0,65,9.29,9.29,0.0,92.609337,0.0
2019-01-05,14,0,67,352.21,352.21,0.0,-8413.532786,0.0
2019-01-05,14,0,68,5.43,5.43,0.0,-66.089327,0.0
2019-01-05,14,0,69,3.29,3.29,0.0,38.321022,0.0
2019-01-05,14,0,74,11.67,11.67,0.0,95.285954,0.0
2019-01-05,14,0,77,18.78,18.78,0.0,-39.925453,0.0
2019-01-05,14,0,78,14.19,14.19,0.0,-30.167315,0.0
2019-01-05,14,0,79,8.21,8.21,0.0,-17.454099,0.0
2019-01-05,14,0,80,13.28,13.28,0.0,-28.232695,0.0
2019-01-05,14,0,81,17.37,17.37,0.0,-36.927855,0.0
2019-01-05,14,0,82,12.25,12.25,0.0,-26.042961,0.0
2019-01-05,14,0,83,27.32,27.32,0.0,-58.081117,0.0
2019-01-05,14,0,84,0.0,0.0,0.0,0.0,0.0
2019-01-05,14,0,86,16.65,16.65,0.0,193.934657,0.0
2019-01-05,14,0,87,85.0,85.0,0.0,990.056806,0.0
2019-01-05,14,0,88,15.74,15.74,0.0,-33.462547,0.0
2019-01-05,14,0,89,15.13,15.13,0.0,-32.165714,0.0
2019-01-05,14,0,90,20.31,20.31,0.0,-43.178166,0.0
2019-01-05,14,0,91,72.45,72.45,0.0,-154.02551,0.0
2019-01-05,14,0,92,26.06,26.06,0.0,-55.402413,0.0
2019-01-05,14,0,95,26.52,26.52,0.0,598.382285,0.0
2019-01-05,14,0,96,6.16,6.16,0.0,12.996802,0.0
2019-01-05,14,0,97,41.33,41.33,0.0,87.200943,0.0
2019-01-05,14,0,99,2.25,2.25,0.0,18.371328,0.0
2019-01-05,14,0,101,13.57,13.57,0.0,29.271241,0.0
2019-01-05,14,0,102,12.81,12.81,0.0,-155.912391,0.0
2019-01-05,14,0,103,11.15,11.15,0.0,-135.708287,0.0
2019-01-05,14,0,104,2.09,2.09,0.0,-25.437697,0.0
2019-01-05,14,0,106,271.86,271.86,0.0,598.691215,0.0
2019-01-05,14,0,109,17.42,17.42,0.0,105.62072,0.0
2019-01-05,14,0,110,207.9,207.9,0.0,-12425.775867,0.0
2019-01-05,14,0,111,21.36,21.36,0.0,98.451494,0.0
2019-01-05,14,0,113,11.33,11.33,0.0,-7.868578,0.0
2019-01-05,14,0,115,11.33,11.33,0.0,-7.868578,0.0
2019-01-05,14,0,116,125.62,125.62,0.0,-7508.061397,0.0
2019-01-05,14,0,117,0.76,0.76,0.0,-0.527813,0.0
2019-01-05,14,0,119,15.79,15.79,0.0,449.661839,0.0
2019-01-05,14,0,120,9.29,9.29,0.0,264.557219,0.0
2019-01-05,14,0,123,4.53,4.53,0.0,9.975985,0.0
2019-01-05,14,0,125,14.72,14.72,0.0,32.416445,0.0
2019-01-05,14,0,126,203.89,203.89,0.0,449.0074,0.0
2019-01-05,14,0,127,261.66,261.66,0.0,576.228733,0.0
2019-01-05,14,0,128,20.43,20.43,0.0,44.99103,0.0
2019-01-05,14,0,131,10.31,10.31,0.0,-93.22283,0.0
2019-01-05,14,0,132,15.16,15.16,0.0,-137.07644,0.0
2019-01-05,14,0,133,3.1,3.1,0.0,31.123463,0.0
2019-01-05,14,0,134,0.0,0.0,0.0,0.0,0.0
2019-01-05,14,0,135,4.15,4.15,0.0,41.665281,0.0
2019-01-05,14,0,136,9.08,9.08,0.0,90.483511,0.0
2019-01-05,14,0,139,7.24,7.24,0.0,33.370263,0.0
2019-01-05,14,0,140,153.87,153.87,0.0,-9196.508575,0.0
2019-01-05,14,0,141,58.13,58.13,0.0,-1388.599588,0.0
2019-01-05,14,0,142,464.48,464.48,0.0,-11095.419518,0.0
2019-01-05,14,0,143,0.0,0.0,0.0,0.0,0.0
2019-01-05,14,0,145,11.75,11.75,0.0,42.393821,0.0
2019-01-05,14,0,146,239.32,239.32,0.0,-14303.687737,0.0
2019-01-05,14,0,152,9.7,9.7,0.0,79.284235,0.0
2019-01-05,14,0,153,12.0,12.0,0.0,97.071609,0.0
2019-01-05,14,0,154,88.09,88.09,0.0,406.020231,0.0
2019-01-05,14,0,157,74.32,74.32,0.0,-1775.343564,0.0
2019-01-05,14,0,158,332.17,332.17,0.0,-7934.820663,0.0
2019-01-05,14,0,159,0.0,0.0,0.0,0.0,0.0
2019-01-05,14,0,160,2.93,2.93,0.0,23.982467,0.0
2019-01-05,14,0,161,66.71,66.71,0.0,-811.937207,0.0
2019-01-05,14,0,162,27.27,27.27,0.0,617.102086,0.0
2019-01-05,14,0,163,48.21,48.21,0.0,-2881.41729,0.0
2019-01-05,14,0,164,25.46,25.46,0.0,54.918628,0.0
2019-01-05,14,0,167,6.14,6.14,0.0,137.473952,0.0
2019-01-05,14,0,168,3.07,3.07,0.0,68.736976,0.0
2019-01-05,14,0,169,0.0,0.0,0.0,0.0,0.0
2019-01-05,14,0,170,6.72,6.72,0.0,150.460091,0.0
2019-01-05,14,0,172,8.23,8.23,0.0,169.511328,0.0
2019-01-05,14,0,173,12.54,12.54,0.0,258.28336,0.0
2019-01-05,14,0,188,11.13,11.13,0.0,236.397728,0.0
2019-01-05,14,0,190,9.53,9.53,0.0,271.391851,0.0
2019-01-05,14,0,191,24.63,24.63,0.0,701.404123,0.0
2019-01-05,14,0,192,52.61,52.61,0.0,1498.208319,0.0
2019-01-05,14,0,194,15.85,15.85,0.0,148.395458,0.0
2019-01-05,14,0,196,6.64,6.64,0.0,270.603423,0.0
2019-01-05,14,0,198,12.85,12.85,0.0,116.855847,0.0
2019-01-05,14,0,199,20.0,20.0,0.0,217.294125,0.0
2019-01-05,14,0,200,21.51,21.51,0.0,233.699831,0.0
2019-01-05,14,0,204,65.37,65.37,0.0,383.078754,0.0
2019-01-05,14,0,205,92.15,92.15,0.0,558.722697,0.0
2019-01-05,14,0,206,146.32,146.32,0.0,308.716233,0.0
2019-01-05,14,0,210,2.7,2.7,0.0,18.535084,0.0
2019-01-05,14,0,214,16.33,16.33,0.0,205.818816,0.0
2019-01-05,14,0,217,10.96,10.96,0.0,110.780724,0.0
2019-01-05,14,0,218,15.12,15.12,0.0,152.828882,0.0
2019-01-05,14,0,219,10.3,10.3,0.0,104.109622,0.0
2019-01-05,14,0,221,8.71,8.71,0.0,109.778438,0.0
2019-01-05,14,0,225,8.39,8.39,0.0,53.024857,0.0
2019-01-05,14,0,233,9.42,9.42,0.0,109.72159,0.0
2019-01-05,14,0,236,11.08,11.08,0.0,101.276984,0.0
2019-01-05,14,0,237,27.99,27.99,0.0,228.539319,0.0
2019-01-05,14,0,238,99.11,99.11,0.0,959.765372,0.0
2019-01-05,14,0,240,14.18,14.18,0.0,103.568484,0.0
2019-01-05,14,0,245,11.1,11.1,0.0,114.026925,0.0
2019-01-05,14,0,247,25.56,25.56,0.0,262.570109,0.0
2019-01-05,14,0,248,2.81,2.81,0.0,22.943747,0.0
2019-01-05,14,0,249,21.35,21.35,0.0,219.322059,0.0
2019-01-05,14,0,251,107.85,107.85,0.0,1063.617474,0.0
2019-01-05,14,0,252,59.91,59.91,0.0,597.22555,0.0
2019-01-05,14,0,254,20.84,20.84,0.0,158.926445,0.0
2019-01-05,14,0,255,9.55,9.55,0.0,72.828577,0.0
2019-01-05,14,0,258,17.38,17.38,0.0,127.319403,0.0
2019-01-05,14,0,260,7.11,7.11,0.0,58.196361,0.0
2019-01-05,14,0,265,91.2,91.2,0.0,420.354695,0.0
2019-01-05,14,0,266,4.69,4.69,0.0,21.616925,0.0
2019-01-05,14,0,267,5.76,5.76,0.0,26.548718,0.0
2019-01-05,14,0,270,167.59,167.59,0.0,-10016.526107,0.0
2019-01-05,14,0,272,37.86,37.86,0.0,-26.293413,0.0
2019-01-05,14,0,273,30.04,30.04,0.0,-1795.431972,0.0
2019-01-05,14,0,274,223.55,223.55,0.0,-13361.14572,0.0
2019-01-05,14,0,275,325.13,325.13,0.0,-19432.383395,0.0
2019-01-05,14,0,276,6.96,6.96,0.0,-360.226965,0.0
2019-01-05,14,0,277,8.85,8.85,0.0,-11.225235,0.0
2019-01-05,14,0,278,14.16,14.16,0.0,-17.960376,0.0
2019-01-05,14,0,279,73.71,73.71,0.0,-93.492891,0.0
2019-01-05,14,0,281,0.0,0.0,0.0,0.0,0.0
2019-01-05,14,0,282,369.46,369.46,0.0,796.945659,0.0
2019-01-05,15,0,9,3.17,3.17,0.0,6.93222,0.0
2019-01-05,15,0,17,52.22,52.22,0.0,509.647276,0.0
2019-01-05,15,0,19,27.11,27.11,0.0,264.583256,0.0
2019-01-05,15,0,20,32.88,32.88,0.0,320.896255,0.0
2019-01-05,15,0,21,72.58,72.58,0.0,158.719413,0.0
2019-01-05,15,0,22,257.95,257.95,0.0,564.090282,0.0
2019-01-05,15,0,23,10.28,10.28,0.0,22.480512,0.0
2019-01-05,15,0,24,18.18,18.18,0.0,39.756392,0.0
2019-01-05,15,0,29,8.25,8.25,0.0,53.825955,0.0
2019-01-05,15,0,30,625.02,625.02,0.0,1339.385051,0.0
2019-01-05,15,0,31,2.46,2.46,0.0,5.271651,0.0
2019-01-05,15,0,32,4.93,4.93,0.0,108.68349,0.0
2019-01-05,15,0,33,3.05,3.05,0.0,34.492721,0.0
2019-01-05,15,0,34,4.88,4.88,0.0,55.188353,0.0
2019-01-05,15,0,35,4.88,4.88,0.0,55.188353,0.0
2019-01-05,15,0,36,11.77,11.77,0.0,84.160391,0.0
2019-01-05,15,0,37,5.56,5.56,0.0,39.391369,0.0
2019-01-05,15,0,38,7.15,7.15,0.0,50.656167,0.0
2019-01-05,15,0,39,4.76,4.76,0.0,33.723546,0.0
2019-01-05,15,0,40,4.76,4.76,0.0,33.723546,0.0
2019-01-05,15,0,41,12.92,12.92,0.0,58.435067,0.0
2019-01-05,15,0,42,72.18,72.18,0.0,680.206103,0.0
2019-01-05,15,0,43,35.23,35.23,0.0,256.916787,0.0
2019-01-05,15,0,46,30.54,30.54,0.0,201.029079,0.0
2019-01-05,15,0,52,2.6,2.6,0.0,5.571664,0.0
2019-01-05,15,0,53,4.14,4.14,0.0,8.871803,0.0
2019-01-05,15,0,55,80.39,80.39,0.0,175.798479,0.0
2019-01-05,15,0,56,184.36,184.36,0.0,395.073803,0.0
2019-01-05,15,0,57,175.36,175.36,0.0,375.787275,0.0
2019-01-05,15,0,58,337.24,337.24,0.0,722.687618,0.0
2019-01-05,15,0,59,331.62,331.62,0.0,710.644253,0.0
2019-01-05,15,0,63,13.95,13.95,0.0,391.975825,0.0
2019-01-05,15,0,64,16.41,16.41,0.0,461.098444,0.0
2019-01-05,15,0,65,12.36,12.36,0.0,119.857719,0.0
2019-01-05,15,0,67,327.09,327.09,0.0,-7657.843592,0.0
2019-01-05,15,0,68,11.35,11.35,0.0,-134.980085,0.0
2019-01-05,15,0,69,3.05,3.05,0.0,34.492721,0.0
2019-01-05,15,0,74,20.1,20.1,0.0,160.076293,0.0
2019-01-05,15,0,77,22.6,22.6,0.0,-45.643926,0.0
2019-01-05,15,0,78,17.08,17.08,0.0,-34.495498,0.0
2019-01-05,15,0,79,9.89,9.89,0.0,-19.974267,0.0
2019-01-05,15,0,80,15.99,15.99,0.0,-32.294087,0.0
2019-01-05,15,0,81,20.9,20.9,0.0,-42.210533,0.0
2019-01-05,15,0,82,14.74,14.74,0.0,-29.769534,0.0
2019-01-05,15,0,83,32.88,32.88,0.0,-66.405853,0.0
2019-01-05,15,0,84,0.0,0.0,0.0,0.0,0.0
2019-01-05,15,0,86,15.44,15.44,0.0,174.612331,0.0
2019-01-05,15,0,87,78.84,78.84,0.0,891.60856,0.0
2019-01-05,15,0,88,18.94,18.94,0.0,-38.252033,0.0
2019-01-05,15,0,89,18.2,18.2,0.0,-36.757498,0.0
2019-01-05,15,0,90,24.44,24.44,0.0,-49.360068,0.0
2019-01-05,15,0,91,87.19,87.19,0.0,-176.09265,0.0
2019-01-05,15,0,92,31.36,31.36,0.0,-63.335996,0.0
2019-01-05,15,0,95,34.19,34.19,0.0,761.934154,0.0
2019-01-05,15,0,96,8.02,8.02,0.0,16.818711,0.0
2019-01-05,15,0,97,49.3,49.3,0.0,103.386842,0.0
2019-01-05,15,0,99,3.88,3.88,0.0,30.900299,0.0
2019-01-05,15,0,101,12.59,12.59,0.0,26.979709,0.0
2019-01-05,15,0,102,26.87,26.87,0.0,-319.551972,0.0
2019-01-05,15,0,103,23.36,23.36,0.0,-277.809232,0.0
2019-01-05,15,0,104,4.34,4.34,0.0,-51.61353,0.0
2019-01-05,15,0,106,253.93,253.93,0.0,555.299264,0.0
2019-01-05,15,0,109,19.64,19.64,0.0,116.680425,0.0
2019-01-05,15,0,110,272.32,272.32,0.0,-15982.044375,0.0
2019-01-05,15,0,111,20.38,20.38,0.0,92.175438,0.0
2019-01-05,15,0,113,13.55,13.55,0.0,-8.150303,0.0
2019-01-05,15,0,115,13.55,13.55,0.0,-8.150303,0.0
2019-01-05,15,0,116,115.55,115.55,0.0,-6781.452804,0.0
2019-01-05,15,0,117,0.9,0.9,0.0,-0.541349,0.0
2019-01-05,15,0,119,16.41,16.41,0.0,461.098444,0.0
2019-01-05,15,0,120,9.65,9.65,0.0,271.151736,0.0
2019-01-05,15,0,123,4.23,4.23,0.0,9.25025,0.0
2019-01-05,15,0,125,16.46,16.46,0.0,35.995061,0.0
2019-01-05,15,0,126,190.45,190.45,0.0,416.479915,0.0
2019-01-05,15,0,127,244.4,244.4,0.0,534.458867,0.0
2019-01-05,15,0,128,23.57,23.57,0.0,51.543353,0.0
2019-01-05,15,0,131,29.63,29.63,0.0,-261.218364,0.0
2019-01-05,15,0,132,43.61,43.61,0.0,-384.466178,0.0
2019-01-05,15,0,133,6.18,6.18,0.0,60.35077,0.0
2019-01-05,15,0,134,0.0,0.0,0.0,0.0,0.0
2019-01-05,15,0,135,8.28,8.28,0.0,80.858313,0.0
2019-01-05,15,0,136,13.22,13.22,0.0,128.152052,0.0
2019-01-05,15,0,139,16.8,16.8,0.0,75.983678,0.0
2019-01-05,15,0,140,201.55,201.55,0.0,-11828.661295,0.0
2019-01-05,15,0,141,103.6,103.6,0.0,-2425.487163,0.0
2019-01-05,15,0,142,431.35,431.35,0.0,-10098.782701,0.0
2019-01-05,15,0,143,5.02,5.02,0.0,10.757596,0.0
2019-01-05,15,0,145,7.31,7.31,0.0,25.97726,0.0
2019-01-05,15,0,146,268.0,268.0,0.0,-15728.510181,0.0
2019-01-05,15,0,152,8.99,8.99,0.0,71.695076,0.0
2019-01-05,15,0,153,11.19,11.19,0.0,88.334863,0.0
2019-01-05,15,0,154,84.06,84.06,0.0,380.189761,0.0
2019-01-05,15,0,157,95.67,95.67,0.0,-2239.8297,0.0
2019-01-05,15,0,158,311.51,311.51,0.0,-7293.084036,0.0
2019-01-05,15,0,159,0.0,0.0,0.0,0.0,0.0
2019-01-05,15,0,160,2.73,2.73,0.0,21.942844,0.0
2019-01-05,15,0,161,61.28,61.28,0.0,-728.773534,0.0
2019-01-05,15,0,162,36.32,36.32,0.0,811.754081,0.0
2019-01-05,15,0,163,53.09,53.09,0.0,-3115.770916,0.0
2019-01-05,15,0,164,23.66,23.66,0.0,50.702138,0.0
2019-01-05,15,0,167,5.54,5.54,0.0,122.51537,0.0
2019-01-05,15,0,168,2.77,2.77,0.0,61.257685,0.0
2019-01-05,15,0,169,0.0,0.0,0.0,0.0,0.0
2019-01-05,15,0,170,6.06,6.06,0.0,134.015007,0.0
2019-01-05,15,0,172,7.54,7.54,0.0,153.485476,0.0
2019-01-05,15,0,173,11.5,11.5,0.0,234.095886,0.0
2019-01-05,15,0,188,10.0,10.0,0.0,209.843478,0.0
2019-01-05,15,0,190,8.89,8.89,0.0,249.79678,0.0
2019-01-05,15,0,191,22.98,22.98,0.0,645.706413,0.0
2019-01-05,15,0,192,62.29,62.29,0.0,1750.263381,0.0
2019-01-05,15,0,194,17.77,17.77,0.0,165.195116,0.0
2019-01-05,15,0,196,6.18,6.18,0.0,248.241236,0.0
2019-01-05,15,0,198,11.95,11.95,0.0,107.230122,0.0
2019-01-05,15,0,199,30.9,30.9,0.0,334.307756,0.0
2019-01-05,15,0,200,19.49,19.49,0.0,210.862724,0.0
2019-01-05,15,0,204,77.73,77.73,0.0,446.557481,0.0
2019-01-05,15,0,205,103.88,103.88,0.0,617.146771,0.0
2019-01-05,15,0,206,144.88,144.88,0.0,303.827295,0.0
2019-01-05,15,0,210,2.47,2.47,0.0,17.276342,0.0
2019-01-05,15,0,214,14.79,14.79,0.0,180.834216,0.0
2019-01-05,15,0,217,9.92,9.92,0.0,98.722136,0.0
2019-01-05,15,0,218,13.69,13.69,0.0,136.240529,0.0
2019-01-05,15,0,219,9.32,9.32,0.0,92.751039,0.0
2019-01-05,15,0,221,7.89,7.89,0.0,96.469369,0.0
2019-01-05,15,0,225,7.55,7.55,0.0,48.916132,0.0
2019-01-05,15,0,233,8.74,8.74,0.0,98.841436,0.0
2019-01-05,15,0,236,21.08,21.08,0.0,187.663027,0.0
2019-01-05,15,0,237,48.22,48.22,0.0,384.023823,0.0
2019-01-05,15,0,238,93.95,93.95,0.0,885.361088,0.0
2019-01-05,15,0,240,13.34,13.34,0.0,95.386544,0.0
2019-01-05,15,0,245,19.26,19.26,0.0,192.389147,0.0
2019-01-05,15,0,247,38.77,38.77,0.0,387.275557,0.0
2019-01-05,15,0,248,4.84,4.84,0.0,38.545734,0.0
2019-01-05,15,0,249,37.05,37.05,0.0,370.094387,0.0
2019-01-05,15,0,251,124.55,124.55,0.0,1195.030978,0.0
2019-01-05,15,0,252,79.71,79.71,0.0,772.965918,0.0
2019-01-05,15,0,254,19.47,19.47,0.0,145.626503,0.0
2019-01-05,15,0,255,8.93,8.93,0.0,66.792228,0.0
2019-01-05,15,0,258,16.34,16.34,0.0,117.212908,0.0
2019-01-05,15,0,260,6.64,6.64,0.0,53.370141,0.0
2019-01-05,15,0,265,87.03,87.03,0.0,393.622589,0.0
2019-01-05,15,0,266,10.74,10.74,0.0,48.57528,0.0
2019-01-05,15,0,267,13.29,13.29,0.0,60.108517,0.0
2019-01-05,15,0,270,173.28,173.28,0.0,-10169.538225,0.0
2019-01-05,15,0,272,45.29,45.29,0.0,-27.241862,0.0
2019-01-05,15,0,273,27.63,27.63,0.0,-1621.562449,0.0
2019-01-05,15,0,274,228.24,228.24,0.0,-13395.056581,0.0
2019-01-05,15,0,275,327.6,327.6,0.0,-19226.343043,0.0
2019-01-05,15,0,276,6.39,6.39,0.0,-324.688604,0.0
2019-01-05,15,0,277,8.17,8.17,0.0,-9.559352,0.0
2019-01-05,15,0,278,13.08,13.08,0.0,-15.304324,0.0
2019-01-05,15,0,279,84.99,84.99,0.0,-99.443004,0.0
2019-01-05,15,0,281,1.1,1.1,0.0,2.357242,0.0
2019-01-05,15,0,282,342.86,342.86,0.0,734.730983,0.0
2019-01-05,16,0,9,2.57,2.57,0.0,7.029993,0.0
2019-01-05,16,0,17,41.74,41.74,0.0,395.068456,0.0
2019-01-05,16,0,19,89.54,89.54,0.0,847.494718,0.0
2019-01-05,16,0,20,113.01,113.01,0.0,1069.637906,0.0
2019-01-05,16,0,21,58.78,58.78,0.0,160.787147,0.0
2019-01-05,16,0,22,208.91,208.91,0.0,571.453606,0.0
2019-01-05,16,0,23,14.05,14.05,0.0,38.43245,0.0
2019-01-05,16,0,24,24.86,24.86,0.0,68.002186,0.0
2019-01-05,16,0,29,6.52,6.52,0.0,48.67424,0.0
2019-01-05,16,0,30,507.68,507.68,0.0,1368.608191,0.0
2019-01-05,16,0,31,3.96,3.96,0.0,10.675403,0.0
2019-01-05,16,0,32,3.81,3.81,0.0,82.032073,0.0
2019-01-05,16,0,33,2.43,2.43,0.0,26.26861,0.0
2019-01-05,16,0,34,3.89,3.89,0.0,42.051397,0.0
2019-01-05,16,0,35,3.89,3.89,0.0,42.051397,0.0
2019-01-05,16,0,36,9.53,9.53,0.0,68.926364,0.0
2019-01-05,16,0,37,4.54,4.54,0.0,32.601131,0.0
2019-01-05,16,0,38,5.84,5.84,0.0,41.936257,0.0
2019-01-05,16,0,39,3.89,3.89,0.0,27.933568,0.0
2019-01-05,16,0,40,3.89,3.89,0.0,27.933568,0.0
2019-01-05,16,0,41,23.82,23.82,0.0,115.183715,0.0
2019-01-05,16,0,42,59.32,59.32,0.0,544.166366,0.0
2019-01-05,16,0,43,28.88,28.88,0.0,213.481672,0.0
2019-01-05,16,0,46,24.19,24.19,0.0,162.884607,0.0
2019-01-05,16,0,52,4.2,4.2,0.0,11.322397,0.0
2019-01-05,16,0,53,6.67,6.67,0.0,17.981044,0.0
2019-01-05,16,0,55,121.29,121.29,0.0,331.777358,0.0
2019-01-05,16,0,56,149.75,149.75,0.0,403.697362,0.0
2019-01-05,16,0,57,142.44,142.44,0.0,383.991,0.0
2019-01-05,16,0,58,273.93,273.93,0.0,738.462894,0.0
2019-01-05,16,0,59,269.36,269.36,0.0,726.143048,0.0
2019-01-05,16,0,63,14.86,14.86,0.0,404.030323,0.0
2019-01-05,16,0,64,17.48,17.48,0.0,475.265818,0.0
2019-01-05,16,0,65,16.19,16.19,0.0,152.361178,0.0
2019-01-05,16,0,67,265.17,265.17,0.0,-5584.995423,0.0
2019-01-05,16,0,68,13.36,13.36,0.0,-137.445033,0.0
2019-01-05,16,0,69,2.43,2.43,0.0,26.26861,0.0
2019-01-05,16,0,74,19.93,19.93,0.0,157.47338,0.0
2019-01-05,16,0,77,27.15,27.15,0.0,-28.857235,0.0
2019-01-05,16,0,78,20.53,20.53,0.0,-21.820959,0.0
2019-01-05,16,0,79,11.88,11.88,0.0,-12.627033,0.0
2019-01-05,16,0,80,19.21,19.21,0.0,-20.417955,0.0
2019-01-05,16,0,81,25.12,25.12,0.0,-26.699585,0.0
2019-01-05,16,0,82,17.72,17.72,0.0,-18.834262,0.0
2019-01-05,16,0,83,39.51,39.51,0.0,-41.994451,0.0
2019-01-05,16,0,84,0.0,0.0,0.0,0.0,0.0
2019-01-05,16,0,86,12.3,12.3,0.0,132.964571,0.0
2019-01-05,16,0,87,62.82,62.82,0.0,679.092224,0.0
2019-01-05,16,0,88,22.85,22.85,0.0,-24.286844,0.0
2019-01-05,16,0,89,21.97,21.97,0.0,-23.351508,0.0
2019-01-05,16,0,90,29.5,29.5,0.0,-31.355007,0.0
2019-01-05,16,0,91,105.22,105.22,0.0,-111.8364,0.0
2019-01-05,16,0,92,37.84,37.84,0.0,-40.219439,0.0
2019-01-05,16,0,95,43.55,43.55,0.0,947.460076,0.0
2019-01-05,16,0,96,10.68,10.68,0.0,28.34927,0.0
2019-01-05,16,0,97,65.66,65.66,0.0,174.289615,0.0
2019-01-05,16,0,99,4.37,4.37,0.0,34.528784,0.0
2019-01-05,16,0,101,10.23,10.23,0.0,27.578124,0.0
2019-01-05,16,0,102,31.62,31.62,0.0,-325.300294,0.0
2019-01-05,16,0,103,27.5,27.5,0.0,-282.914551,0.0
2019-01-05,16,0,104,5.11,5.11,0.0,-52.570667,0.0
2019-01-05,16,0,106,205.65,205.65,0.0,562.536183,0.0
2019-01-05,16,0,109,22.72,22.72,0.0,139.2757,0.0
2019-01-05,16,0,110,338.6,338.6,0.0,-18303.290248,0.0
2019-01-05,16,0,111,16.73,16.73,0.0,80.899394,0.0
2019-01-05,16,0,113,16.15,16.15,0.0,4.739482,0.0
2019-01-05,16,0,115,16.15,16.15,0.0,4.739482,0.0
2019-01-05,16,0,116,91.81,91.81,0.0,-4962.862013,0.0
2019-01-05,16,0,117,1.08,1.08,0.0,0.316944,0.0
2019-01-05,16,0,119,17.48,17.48,0.0,475.265818,0.0
2019-01-05,16,0,120,10.28,10.28,0.0,279.504154,0.0
2019-01-05,16,0,123,3.43,3.43,0.0,9.382442,0.0
2019-01-05,16,0,125,22.5,22.5,0.0,61.546628,0.0
2019-01-05,16,0,126,154.24,154.24,0.0,421.908976,0.0
2019-01-05,16,0,127,197.94,197.94,0.0,541.446205,0.0
2019-01-05,16,0,128,32.23,32.23,0.0,88.162126,0.0
2019-01-05,16,0,131,14.06,14.06,0.0,-104.18967,0.0
2019-01-05,16,0,132,20.67,20.67,0.0,-153.172154,0.0
2019-01-05,16,0,133,13.24,13.24,0.0,125.383961,0.0
2019-01-05,16,0,134,0.0,0.0,0.0,0.0,0.0
2019-01-05,16,0,135,16.84,16.84,0.0,159.476277,0.0
2019-01-05,16,0,136,18.67,18.67,0.0,175.644496,0.0
2019-01-05,16,0,139,31.02,31.02,0.0,149.999951,0.0
2019-01-05,16,0,140,250.6,250.6,0.0,-13546.380792,0.0
2019-01-05,16,0,141,168.92,168.92,0.0,-3557.78341,0.0
2019-01-05,16,0,142,349.69,349.69,0.0,-7365.150845,0.0
2019-01-05,16,0,143,7.69,7.69,0.0,20.730769,0.0
2019-01-05,16,0,145,8.59,8.59,0.0,34.113181,0.0
2019-01-05,16,0,146,268.0,268.0,0.0,-14486.951525,0.0
2019-01-05,16,0,152,7.32,7.32,0.0,57.964501,0.0
2019-01-05,16,0,153,9.07,9.07,0.0,71.186959,0.0
2019-01-05,16,0,154,68.99,68.99,0.0,333.607242,0.0
2019-01-05,16,0,157,121.14,121.14,0.0,-2551.443774,0.0
2019-01-05,16,0,158,251.8,251.8,0.0,-5303.397246,0.0
2019-01-05,16,0,159,0.0,0.0,0.0,0.0,0.0
2019-01-05,16,0,160,2.22,2.22,0.0,18.026984,0.0
2019-01-05,16,0,161,49.78,49.78,0.0,-512.126776,0.0
2019-01-05,16,0,162,47.2,47.2,0.0,1029.72333,0.0
2019-01-05,16,0,163,55.71,55.71,0.0,-3011.44802,0.0
2019-01-05,16,0,164,18.92,18.92,0.0,51.004702,0.0
2019-01-05,16,0,167,4.26,4.26,0.0,91.999644,0.0
2019-01-05,16,0,168,2.13,2.13,0.0,45.999822,0.0
2019-01-05,16,0,169,0.0,0.0,0.0,0.0,0.0
2019-01-05,16,0,170,4.65,4.65,0.0,100.422146,0.0
2019-01-05,16,0,172,5.86,5.86,0.0,116.987709,0.0
2019-01-05,16,0,173,8.94,8.94,0.0,178.47613,0.0
2019-01-05,16,0,188,7.81,7.81,0.0,160.42039,0.0
2019-01-05,16,0,190,7.1,7.1,0.0,193.042752,0.0
2019-01-05,16,0,191,18.33,18.33,0.0,498.37657,0.0
2019-01-05,16,0,192,75.41,75.41,0.0,2050.331539,0.0
2019-01-05,16,0,194,20.22,20.22,0.0,193.682769,0.0
2019-01-05,16,0,196,4.83,4.83,0.0,185.855952,0.0
2019-01-05,16,0,198,9.5,9.5,0.0,86.569731,0.0
2019-01-05,16,0,199,45.55,45.55,0.0,506.990211,0.0
2019-01-05,16,0,200,15.54,15.54,0.0,172.966584,0.0
2019-01-05,16,0,204,94.03,94.03,0.0,560.128099,0.0
2019-01-05,16,0,205,120.21,120.21,0.0,736.89841,0.0
2019-01-05,16,0,206,192.94,192.94,0.0,512.144963,0.0
2019-01-05,16,0,210,2.0,2.0,0.0,15.707815,0.0
2019-01-05,16,0,214,11.6,11.6,0.0,134.636999,0.0
2019-01-05,16,0,217,7.76,7.76,0.0,77.422581,0.0
2019-01-05,16,0,218,10.71,10.71,0.0,106.855135,0.0
2019-01-05,16,0,219,7.3,7.3,0.0,72.833098,0.0
2019-01-05,16,0,221,6.19,6.19,0.0,71.845088,0.0
2019-01-05,16,0,225,5.94,5.94,0.0,44.121444,0.0
2019-01-05,16,0,233,6.96,6.96,0.0,75.238489,0.0
2019-01-05,16,0,236,29.38,29.38,0.0,256.239669,0.0
2019-01-05,16,0,237,45.58,45.58,0.0,360.142331,0.0
2019-01-05,16,0,238,77.2,77.2,0.0,708.186842,0.0
2019-01-05,16,0,240,10.8,10.8,0.0,78.111724,0.0
2019-01-05,16,0,245,31.07,31.07,0.0,300.26555,0.0
2019-01-05,16,0,247,57.12,57.12,0.0,552.017,0.0
2019-01-05,16,0,248,5.37,5.37,0.0,42.430108,0.0
2019-01-05,16,0,249,59.75,59.75,0.0,577.43375,0.0
2019-01-05,16,0,251,143.85,143.85,0.0,1340.954029,0.0
2019-01-05,16,0,252,104.41,104.41,0.0,982.583727,0.0
2019-01-05,16,0,254,15.59,15.59,0.0,118.090594,0.0
2019-01-05,16,0,255,7.15,7.15,0.0,54.159573,0.0
2019-01-05,16,0,258,13.23,13.23,0.0,96.027584,0.0
2019-01-05,16,0,260,5.39,5.39,0.0,43.768219,0.0
2019-01-05,16,0,265,71.43,71.43,0.0,345.406078,0.0
2019-01-05,16,0,266,19.78,19.78,0.0,95.647938,0.0
2019-01-05,16,0,267,24.5,24.5,0.0,118.471915,0.0
2019-01-05,16,0,270,150.56,150.56,0.0,-8138.639633,0.0
2019-01-05,16,0,272,53.96,53.96,0.0,15.835447,0.0
2019-01-05,16,0,273,21.95,21.95,0.0,-1186.524575,0.0
2019-01-05,16,0,274,187.89,187.89,0.0,-10156.542247,0.0
2019-01-05,16,0,275,251.89,251.89,0.0,-13616.11276,0.0
2019-01-05,16,0,276,5.06,5.06,0.0,-236.246137,0.0
2019-01-05,16,0,277,6.49,6.49,0.0,-1.624547,0.0
2019-01-05,16,0,278,10.38,10.38,0.0,-2.598274,0.0
2019-01-05,16,0,279,223.51,223.51,0.0,-55.947993,0.0
2019-01-05,16,0,281,1.78,1.78,0.0,4.79854,0.0
2019-01-05,16,0,282,278.49,278.49,0.0,750.755782,0.0
2019-01-05,17,0,9,1.73,1.73,0.0,-13.508582,0.0
2019-01-05,17,0,17,28.09,28.09,0.0,391.898567,0.0
2019-01-05,17,0,19,98.06,98.06,0.0,1368.087344,0.0
2019-01-05,17,0,20,118.08,118.08,0.0,1647.397039,0.0
2019-01-05,17,0,21,39.52,39.52,0.0,-308.589105,0.0
2019-01-05,17,0,22,140.44,140.44,0.0,-1096.615735,0.0
2019-01-05,17,0,23,19.09,19.09,0.0,-149.062905,0.0
2019-01-05,17,0,24,33.95,33.95,0.0,-265.096156,0.0
2019-01-05,17,0,29,4.27,4.27,0.0,24.464109,0.0
2019-01-05,17,0,30,346.61,346.61,0.0,-2750.434225,0.0
2019-01-05,17,0,31,3.05,3.05,0.0,-24.202488,0.0
2019-01-05,17,0,32,2.51,2.51,0.0,127.16246,0.0
2019-01-05,17,0,33,1.63,1.63,0.0,29.934668,0.0
2019-01-05,17,0,34,2.61,2.61,0.0,47.932199,0.0
2019-01-05,17,0,35,2.61,2.61,0.0,47.932199,0.0
2019-01-05,17,0,36,6.55,6.55,0.0,42.967884,0.0
2019-01-05,17,0,37,3.07,3.07,0.0,19.585095,0.0
2019-01-05,17,0,38,3.95,3.95,0.0,25.199064,0.0
2019-01-05,17,0,39,2.63,2.63,0.0,16.778111,0.0
2019-01-05,17,0,40,2.63,2.63,0.0,16.778111,0.0
2019-01-05,17,0,41,10.06,10.06,0.0,-10.726388,0.0
2019-01-05,17,0,42,40.34,40.34,0.0,524.213693,0.0
2019-01-05,17,0,43,19.33,19.33,0.0,135.485561,0.0
2019-01-05,17,0,46,16.55,16.55,0.0,81.674805,0.0
2019-01-05,17,0,52,3.24,3.24,0.0,-25.710184,0.0
2019-01-05,17,0,53,5.14,5.14,0.0,-40.787144,0.0
2019-01-05,17,0,55,104.4,104.4,0.0,-815.199962,0.0
2019-01-05,17,0,56,102.24,102.24,0.0,-811.299141,0.0
2019-01-05,17,0,57,97.25,97.25,0.0,-771.702283,0.0
2019-01-05,17,0,58,187.02,187.02,0.0,-1484.048956,0.0
2019-01-05,17,0,59,183.9,183.9,0.0,-1459.291001,0.0
2019-01-05,17,0,63,31.29,31.29,0.0,2140.1911,0.0
2019-01-05,17,0,64,36.81,36.81,0.0,2517.751179,0.0
2019-01-05,17,0,65,15.89,15.89,0.0,218.866071,0.0
2019-01-05,17,0,67,178.89,178.89,0.0,-14785.630009,0.0
2019-01-05,17,0,68,7.16,7.16,0.0,-350.068249,0.0
2019-01-05,17,0,69,1.63,1.63,0.0,29.934668,0.0
2019-01-05,17,0,74,15.99,15.99,0.0,141.211066,0.0
2019-01-05,17,0,77,25.46,25.46,0.0,-508.418597,0.0
2019-01-05,17,0,78,19.25,19.25,0.0,-384.409191,0.0
2019-01-05,17,0,79,11.14,11.14,0.0,-222.458098,0.0
2019-01-05,17,0,80,18.01,18.01,0.0,-359.647248,0.0
2019-01-05,17,0,81,23.55,23.55,0.0,-470.277218,0.0
2019-01-05,17,0,82,16.61,16.61,0.0,-331.690216,0.0
2019-01-05,17,0,83,37.04,37.04,0.0,-739.663191,0.0
2019-01-05,17,0,84,0.0,0.0,0.0,0.0,0.0
2019-01-05,17,0,86,8.27,8.27,0.0,151.87712,0.0
2019-01-05,17,0,87,42.21,42.21,0.0,775.179349,0.0
2019-01-05,17,0,88,21.89,21.89,0.0,-437.128166,0.0
2019-01-05,17,0,89,21.04,21.04,0.0,-420.154253,0.0
2019-01-05,17,0,90,28.25,28.25,0.0,-564.132968,0.0
2019-01-05,17,0,91,100.77,100.77,0.0,-2012.307229,0.0
2019-01-05,17,0,92,36.24,36.24,0.0,-723.687744,0.0
2019-01-05,17,0,95,41.6,41.6,0.0,2136.834756,0.0
2019-01-05,17,0,96,10.97,10.97,0.0,-88.503484,0.0
2019-01-05,17,0,97,67.49,67.49,0.0,-544.494087,0.0
2019-01-05,17,0,99,3.25,3.25,0.0,28.701436,0.0
2019-01-05,17,0,101,6.98,6.98,0.0,-55.387989,0.0
2019-01-05,17,0,102,16.93,16.93,0.0,-827.745176,0.0
2019-01-05,17,0,103,14.73,14.73,0.0,-720.182306,0.0
2019-01-05,17,0,104,2.75,2.75,0.0,-134.453587,0.0
2019-01-05,17,0,106,138.25,138.25,0.0,-1079.515276,0.0
2019-01-05,17,0,109,22.61,22.61,0.0,68.97656,0.0
2019-01-05,17,0,110,296.98,296.98,0.0,-55248.826671,0.0
2019-01-05,17,0,111,12.22,12.22,0.0,-13.029469,0.0
2019-01-05,17,0,113,16.21,16.21,0.0,-255.736011,0.0
2019-01-05,17,0,115,16.21,16.21,0.0,-255.736011,0.0
2019-01-05,17,0,116,63.03,63.03,0.0,-11725.818389,0.0
2019-01-05,17,0,117,1.08,1.08,0.0,-17.03855,0.0
2019-01-05,17,0,119,36.81,36.81,0.0,2517.751179,0.0
2019-01-05,17,0,120,21.66,21.66,0.0,1481.512919,0.0
2019-01-05,17,0,123,2.3,2.3,0.0,-17.959386,0.0
2019-01-05,17,0,125,30.69,30.69,0.0,-239.640679,0.0
2019-01-05,17,0,126,103.69,103.69,0.0,-809.655978,0.0
2019-01-05,17,0,127,133.07,133.07,0.0,-1039.067615,0.0
2019-01-05,17,0,128,44.17,44.17,0.0,-344.898298,0.0
2019-01-05,17,0,131,13.14,13.14,0.0,-523.970561,0.0
2019-01-05,17,0,132,19.31,19.31,0.0,-770.005444,0.0
2019-01-05,17,0,133,33.46,33.46,0.0,467.378517,0.0
2019-01-05,17,0,134,0.0,0.0,0.0,0.0,0.0
2019-01-05,17,0,135,43.81,43.81,0.0,611.950174,0.0
2019-01-05,17,0,136,20.74,20.74,0.0,285.466783,0.0
2019-01-05,17,0,139,12.99,12.99,0.0,-13.850475,0.0
2019-01-05,17,0,140,219.8,219.8,0.0,-40890.605772,0.0
2019-01-05,17,0,141,141.37,141.37,0.0,-11684.52409,0.0
2019-01-05,17,0,142,235.91,235.91,0.0,-19498.451426,0.0
2019-01-05,17,0,143,5.58,5.58,0.0,-44.27865,0.0
2019-01-05,17,0,145,9.08,9.08,0.0,-35.002194,0.0
2019-01-05,17,0,146,268.0,268.0,0.0,-49857.517502,0.0
2019-01-05,17,0,152,4.96,4.96,0.0,44.005398,0.0
2019-01-05,17,0,153,6.13,6.13,0.0,52.974817,0.0
2019-01-05,17,0,154,50.43,50.43,0.0,-53.770551,0.0
2019-01-05,17,0,157,108.06,108.06,0.0,-8931.383413,0.0
2019-01-05,17,0,158,171.29,171.29,0.0,-14157.474226,0.0
2019-01-05,17,0,159,0.0,0.0,0.0,0.0,0.0
2019-01-05,17,0,160,1.5,1.5,0.0,13.84682,0.0
2019-01-05,17,0,161,33.91,33.91,0.0,-1657.934963,0.0
2019-01-05,17,0,162,48.15,48.15,0.0,2482.417424,0.0
2019-01-05,17,0,163,71.45,71.45,0.0,-13292.237409,0.0
2019-01-05,17,0,164,13.35,13.35,0.0,-105.935481,0.0
2019-01-05,17,0,167,2.78,2.78,0.0,141.408272,0.0
2019-01-05,17,0,168,1.39,1.39,0.0,70.704136,0.0
2019-01-05,17,0,169,0.0,0.0,0.0,0.0,0.0
2019-01-05,17,0,170,3.04,3.04,0.0,154.633506,0.0
2019-01-05,17,0,172,3.86,3.86,0.0,176.509277,0.0
2019-01-05,17,0,173,5.88,5.88,0.0,268.879416,0.0
2019-01-05,17,0,188,5.16,5.16,0.0,245.385772,0.0
2019-01-05,17,0,190,4.78,4.78,0.0,326.945141,0.0
2019-01-05,17,0,191,12.34,12.34,0.0,844.038292,0.0
2019-01-05,17,0,192,82.79,82.79,0.0,5662.717199,0.0
2019-01-05,17,0,194,20.51,20.51,0.0,272.064862,0.0
2019-01-05,17,0,196,3.29,3.29,0.0,341.413608,0.0
2019-01-05,17,0,198,6.38,6.38,0.0,77.306261,0.0
2019-01-05,17,0,199,45.54,45.54,0.0,814.435407,0.0
2019-01-05,17,0,200,10.4,10.4,0.0,185.993154,0.0
2019-01-05,17,0,204,94.79,94.79,0.0,235.911068,0.0
2019-01-05,17,0,205,119.6,119.6,0.0,364.864951,0.0
2019-01-05,17,0,206,198.31,198.31,0.0,-1599.920319,0.0
2019-01-05,17,0,210,1.31,1.31,0.0,9.227995,0.0
2019-01-05,17,0,214,7.74,7.74,0.0,162.373303,0.0
2019-01-05,17,0,217,5.1,5.1,0.0,76.105512,0.0
2019-01-05,17,0,218,7.03,7.03,0.0,104.906226,0.0
2019-01-05,17,0,219,4.79,4.79,0.0,71.479491,0.0
2019-01-05,17,0,221,4.13,4.13,0.0,86.641052,0.0
2019-01-05,17,0,225,3.9,3.9,0.0,21.849004,0.0
2019-01-05,17,0,233,4.68,4.68,0.0,85.947391,0.0
2019-01-05,17,0,236,27.89,27.89,0.0,321.039654,0.0
2019-01-05,17,0,237,39.51,39.51,0.0,348.921152,0.0
2019-01-05,17,0,238,52.5,52.5,0.0,682.231504,0.0
2019-01-05,17,0,240,7.42,7.42,0.0,48.675068,0.0
2019-01-05,17,0,245,34.27,34.27,0.0,500.514046,0.0
2019-01-05,17,0,247,56.75,56.75,0.0,828.834902,0.0
2019-01-05,17,0,248,4.02,4.02,0.0,35.501469,0.0
2019-01-05,17,0,249,65.91,65.91,0.0,962.616888,0.0
2019-01-05,17,0,251,147.85,147.85,0.0,1993.322018,0.0
2019-01-05,17,0,252,102.48,102.48,0.0,1411.541531,0.0
2019-01-05,17,0,254,10.55,10.55,0.0,79.828619,0.0
2019-01-05,17,0,255,4.83,4.83,0.0,36.547131,0.0
2019-01-05,17,0,258,9.15,9.15,0.0,60.687517,0.0
2019-01-05,17,0,260,3.64,3.64,0.0,33.601618,0.0
2019-01-05,17,0,265,52.21,52.21,0.0,-55.668461,0.0
2019-01-05,17,0,266,8.41,8.41,0.0,-8.96709,0.0
2019-01-05,17,0,267,10.34,10.34,0.0,-11.024936,0.0
2019-01-05,17,0,270,223.14,223.14,0.0,-41511.964386,0.0
2019-01-05,17,0,272,54.17,54.17,0.0,-854.609483,0.0
2019-01-05,17,0,273,15.07,15.07,0.0,-2803.555182,0.0
2019-01-05,17,0,274,287.66,287.66,0.0,-53514.975689,0.0
2019-01-05,17,0,275,400.42,400.42,0.0,-74492.340143,0.0
2019-01-05,17,0,276,3.46,3.46,0.0,-563.814522,0.0
2019-01-05,17,0,277,4.41,4.41,0.0,-76.987247,0.0
2019-01-05,17,0,278,7.06,7.06,0.0,-123.249425,0.0
2019-01-05,17,0,279,94.25,94.25,0.0,-1645.362371,0.0
2019-01-05,17,0,281,1.37,1.37,0.0,-10.871282,0.0
2019-01-05,17,0,282,190.14,190.14,0.0,-1508.806911,0.0
2019-01-05,18,0,9,0.84,0.84,0.0,6.652087,0.0
2019-01-05,18,0,17,12.57,12.57,0.0,186.625641,0.0
2019-01-05,18,0,19,144.34,144.34,0.0,2143.002785,0.0
2019-01-05,18,0,20,175.76,175.76,0.0,2609.492653,0.0
2019-01-05,18,0,21,19.26,19.26,0.0,152.522841,0.0
2019-01-05,18,0,22,68.46,68.46,0.0,542.14505,0.0
2019-01-05,18,0,23,36.93,36.93,0.0,292.454232,0.0
2019-01-05,18,0,24,65.53,65.53,0.0,518.941939,0.0
2019-01-05,18,0,29,1.51,1.51,0.0,12.634392,0.0
2019-01-05,18,0,30,178.77,178.77,0.0,1408.969534,0.0
2019-01-05,18,0,31,2.61,2.61,0.0,20.570624,0.0
2019-01-05,18,0,32,0.89,0.89,0.0,19.108178,0.0
2019-01-05,18,0,33,0.71,0.71,0.0,11.638498,0.0
2019-01-05,18,0,34,1.13,1.13,0.0,18.523244,0.0
2019-01-05,18,0,35,1.13,1.13,0.0,18.523244,0.0
2019-01-05,18,0,36,2.9,2.9,0.0,35.128043,0.0
2019-01-05,18,0,37,1.36,1.36,0.0,16.355936,0.0
2019-01-05,18,0,38,1.75,1.75,0.0,21.046241,0.0
2019-01-05,18,0,39,1.17,1.17,0.0,14.070916,0.0
2019-01-05,18,0,40,1.17,1.17,0.0,14.070916,0.0
2019-01-05,18,0,41,10.37,10.37,0.0,103.270378,0.0
2019-01-05,18,0,42,20.18,20.18,0.0,292.850798,0.0
2019-01-05,18,0,43,8.33,8.33,0.0,100.875309,0.0
2019-01-05,18,0,46,7.13,7.13,0.0,82.49934,0.0
2019-01-05,18,0,52,2.77,2.77,0.0,21.831659,0.0
2019-01-05,18,0,53,4.4,4.4,0.0,34.678447,0.0
2019-01-05,18,0,55,72.09,72.09,0.0,570.891567,0.0
2019-01-05,18,0,56,52.73,52.73,0.0,415.58966,0.0
2019-01-05,18,0,57,50.16,50.16,0.0,395.334294,0.0
2019-01-05,18,0,58,96.46,96.46,0.0,760.246133,0.0
2019-01-05,18,0,59,94.85,94.85,0.0,747.556974,0.0
2019-01-05,18,0,63,62.63,62.63,0.0,1621.188057,0.0
2019-01-05,18,0,64,73.68,73.68,0.0,1907.219161,0.0
2019-01-05,18,0,65,15.66,15.66,0.0,231.528132,0.0
2019-01-05,18,0,67,86.32,86.32,0.0,-973.828097,0.0
2019-01-05,18,0,68,3.79,3.79,0.0,-11.005508,0.0
2019-01-05,18,0,69,0.71,0.71,0.0,11.638498,0.0
2019-01-05,18,0,74,11.1,11.1,0.0,145.137686,0.0
2019-01-05,18,0,77,24.9,24.9,0.0,107.395848,0.0
2019-01-05,18,0,78,18.82,18.82,0.0,81.172283,0.0
2019-01-05,18,0,79,10.89,10.89,0.0,46.969509,0.0
2019-01-05,18,0,80,17.61,17.61,0.0,75.953449,0.0
2019-01-05,18,0,81,23.03,23.03,0.0,99.330377,0.0
2019-01-05,18,0,82,16.24,16.24,0.0,70.044521,0.0
2019-01-05,18,0,83,36.22,36.22,0.0,156.219984,0.0
2019-01-05,18,0,84,0.0,0.0,0.0,0.0,0.0
2019-01-05,18,0,86,3.58,3.58,0.0,58.684259,0.0
2019-01-05,18,0,87,18.26,18.26,0.0,299.322506,0.0
2019-01-05,18,0,88,21.68,21.68,0.0,93.50771,0.0
2019-01-05,18,0,89,20.84,20.84,0.0,89.884718,0.0
2019-01-05,18,0,90,27.98,27.98,0.0,120.680154,0.0
2019-01-05,18,0,91,99.82,99.82,0.0,430.532271,0.0
2019-01-05,18,0,92,35.9,35.9,0.0,154.839797,0.0
2019-01-05,18,0,95,40.26,40.26,0.0,871.317824,0.0
2019-01-05,18,0,96,11.53,11.53,0.0,90.419185,0.0
2019-01-05,18,0,97,70.88,70.88,0.0,555.846648,0.0
2019-01-05,18,0,99,2.14,2.14,0.0,27.9815,0.0
2019-01-05,18,0,101,3.6,3.6,0.0,28.373275,0.0
2019-01-05,18,0,102,8.97,8.97,0.0,-26.047336,0.0
2019-01-05,18,0,103,7.8,7.8,0.0,-22.649858,0.0
2019-01-05,18,0,104,1.45,1.45,0.0,-4.21055,0.0
2019-01-05,18,0,106,67.4,67.4,0.0,533.75075,0.0
2019-01-05,18,0,109,23.68,23.68,0.0,263.274696,0.0
2019-01-05,18,0,110,251.03,251.03,0.0,-9272.30022,0.0
2019-01-05,18,0,111,5.98,5.98,0.0,59.552253,0.0
2019-01-05,18,0,113,16.97,16.97,0.0,88.650655,0.0
2019-01-05,18,0,115,16.97,16.97,0.0,88.650655,0.0
2019-01-05,18,0,116,27.23,27.23,0.0,-1005.795064,0.0
2019-01-05,18,0,117,1.13,1.13,0.0,5.903078,0.0
2019-01-05,18,0,119,73.68,73.68,0.0,1907.219161,0.0
2019-01-05,18,0,120,43.32,43.32,0.0,1121.345468,0.0
2019-01-05,18,0,123,1.12,1.12,0.0,8.869449,0.0
2019-01-05,18,0,125,59.26,59.26,0.0,469.288865,0.0
2019-01-05,18,0,126,50.55,50.55,0.0,400.313063,0.0
2019-01-05,18,0,127,64.87,64.87,0.0,513.715299,0.0
2019-01-05,18,0,128,85.09,85.09,0.0,673.840525,0.0
2019-01-05,18,0,131,12.69,12.69,0.0,-8.456385,0.0
2019-01-05,18,0,132,18.66,18.66,0.0,-12.434685,0.0
2019-01-05,18,0,133,48.11,48.11,0.0,714.566823,0.0
2019-01-05,18,0,134,0.0,0.0,0.0,0.0,0.0
2019-01-05,18,0,135,64.47,64.47,0.0,957.55816,0.0
2019-01-05,18,0,136,23.05,23.05,0.0,340.708197,0.0
2019-01-05,18,0,139,13.4,13.4,0.0,133.444847,0.0
2019-01-05,18,0,140,185.79,185.79,0.0,-6862.529012,0.0
2019-01-05,18,0,141,118.33,118.33,0.0,-1334.952256,0.0
2019-01-05,18,0,142,113.83,113.83,0.0,-1284.185036,0.0
2019-01-05,18,0,143,4.28,4.28,0.0,33.732671,0.0
2019-01-05,18,0,145,10.32,10.32,0.0,93.749504,0.0
2019-01-05,18,0,146,214.51,214.51,0.0,-7923.360237,0.0
2019-01-05,18,0,152,2.27,2.27,0.0,29.635105,0.0
2019-01-05,18,0,153,2.79,2.79,0.0,36.196508,0.0
2019-01-05,18,0,154,24.67,24.67,0.0,245.677939,0.0
2019-01-05,18,0,157,97.01,97.01,0.0,-1094.428449,0.0
2019-01-05,18,0,158,81.53,81.53,0.0,-919.789212,0.0
2019-01-05,18,0,159,0.0,0.0,0.0,0.0,0.0
2019-01-05,18,0,160,0.63,0.63,0.0,7.891235,0.0
2019-01-05,18,0,161,15.82,15.82,0.0,-45.938557,0.0
2019-01-05,18,0,162,49.34,49.34,0.0,1070.170817,0.0
2019-01-05,18,0,163,74.43,74.43,0.0,-2749.222425,0.0
2019-01-05,18,0,164,7.31,7.31,0.0,57.613511,0.0
2019-01-05,18,0,167,0.95,0.95,0.0,20.442127,0.0
2019-01-05,18,0,168,0.47,0.47,0.0,10.113473,0.0
2019-01-05,18,0,169,0.0,0.0,0.0,0.0,0.0
2019-01-05,18,0,170,1.03,1.03,0.0,22.163569,0.0
2019-01-05,18,0,172,1.35,1.35,0.0,27.255761,0.0
2019-01-05,18,0,173,2.06,2.06,0.0,41.590272,0.0
2019-01-05,18,0,188,1.86,1.86,0.0,38.48386,0.0
2019-01-05,18,0,190,1.9,1.9,0.0,49.181819,0.0
2019-01-05,18,0,191,4.9,4.9,0.0,126.837322,0.0
2019-01-05,18,0,192,91.3,91.3,0.0,2363.315817,0.0
2019-01-05,18,0,194,40.18,40.18,0.0,494.611234,0.0
2019-01-05,18,0,196,1.38,1.38,0.0,47.826863,0.0
2019-01-05,18,0,198,2.55,2.55,0.0,32.472818,0.0
2019-01-05,18,0,199,46.15,46.15,0.0,595.56006,0.0
2019-01-05,18,0,200,3.99,3.99,0.0,51.490458,0.0
2019-01-05,18,0,204,99.63,99.63,0.0,1089.437484,0.0
2019-01-05,18,0,205,125.27,125.27,0.0,1392.754272,0.0
2019-01-05,18,0,206,208.28,208.28,0.0,1633.348475,0.0
2019-01-05,18,0,210,0.46,0.46,0.0,4.100792,0.0
2019-01-05,18,0,214,3.01,3.01,0.0,52.097706,0.0
2019-01-05,18,0,217,1.9,1.9,0.0,25.935336,0.0
2019-01-05,18,0,218,2.62,2.62,0.0,35.763464,0.0
2019-01-05,18,0,219,1.78,1.78,0.0,24.297315,0.0
2019-01-05,18,0,221,1.61,1.61,0.0,27.866215,0.0
2019-01-05,18,0,225,1.41,1.41,0.0,11.723109,0.0
2019-01-05,18,0,233,2.02,2.02,0.0,33.112347,0.0
2019-01-05,18,0,236,28.78,28.78,0.0,402.60356,0.0
2019-01-05,18,0,237,26.63,26.63,0.0,348.199692,0.0
2019-01-05,18,0,238,26.27,26.27,0.0,381.228466,0.0
2019-01-05,18,0,240,3.29,3.29,0.0,39.852159,0.0
2019-01-05,18,0,245,37.89,37.89,0.0,571.219455,0.0
2019-01-05,18,0,247,57.12,57.12,0.0,861.125766,0.0
2019-01-05,18,0,248,2.67,2.67,0.0,34.911497,0.0
2019-01-05,18,0,249,72.86,72.86,0.0,1098.417775,0.0
2019-01-05,18,0,251,152.3,152.3,0.0,2236.147535,0.0
2019-01-05,18,0,252,100.99,100.99,0.0,1493.105112,0.0
2019-01-05,18,0,254,4.47,4.47,0.0,54.597664,0.0
2019-01-05,18,0,255,2.05,2.05,0.0,25.039197,0.0
2019-01-05,18,0,258,4.04,4.04,0.0,48.934885,0.0
2019-01-05,18,0,260,1.53,1.53,0.0,19.164429,0.0
2019-01-05,18,0,265,25.55,25.55,0.0,254.441481,0.0
2019-01-05,18,0,266,8.67,8.67,0.0,86.340808,0.0
2019-01-05,18,0,267,10.66,10.66,0.0,106.158363,0.0
2019-01-05,18,0,270,232.43,232.43,0.0,-8585.271642,0.0
2019-01-05,18,0,272,56.73,56.73,0.0,296.35543,0.0
2019-01-05,18,0,273,6.51,6.51,0.0,-240.460003,0.0
2019-01-05,18,0,274,299.64,299.64,0.0,-11067.80878,0.0
2019-01-05,18,0,275,417.1,417.1,0.0,-15406.431191,0.0
2019-01-05,18,0,276,1.52,1.52,0.0,-47.437235,0.0
2019-01-05,18,0,277,1.97,1.97,0.0,9.571792,0.0
2019-01-05,18,0,278,3.16,3.16,0.0,15.353738,0.0
2019-01-05,18,0,279,94.46,94.46,0.0,458.960162,0.0
2019-01-05,18,0,281,1.17,1.17,0.0,9.221314,0.0
2019-01-05,18,0,282,98.07,98.07,0.0,772.935292,0.0
2019-01-05,19,0,9,0.0,0.0,0.0,0.0,0.0
2019-01-05,19,0,17,0.0,0.0,0.0,0.0,0.0
2019-01-05,19,0,19,330.98,330.98,0.0,4921.639503,0.0
2019-01-05,19,0,20,402.31,402.31,0.0,5982.309471,0.0
2019-01-05,19,0,21,0.0,0.0,0.0,0.0,0.0
2019-01-05,19,0,22,0.0,0.0,0.0,0.0,0.0
2019-01-05,19,0,23,41.59,41.59,0.0,560.244562,0.0
2019-01-05,19,0,24,73.58,73.58,0.0,991.170831,0.0
2019-01-05,19,0,29,0.0,0.0,0.0,0.0,0.0
2019-01-05,19,0,30,0.0,0.0,0.0,0.0,0.0
2019-01-05,19,0,31,1.69,1.69,0.0,22.740526,0.0
2019-01-05,19,0,32,0.0,0.0,0.0,0.0,0.0
2019-01-05,19,0,33,0.0,0.0,0.0,0.0,0.0
2019-01-05,19,0,34,0.0,0.0,0.0,0.0,0.0
2019-01-05,19,0,35,0.0,0.0,0.0,0.0,0.0
2019-01-05,19,0,36,0.0,0.0,0.0,0.0,0.0
2019-01-05,19,0,37,0.0,0.0,0.0,0.0,0.0
2019-01-05,19,0,38,0.0,0.0,0.0,0.0,0.0
2019-01-05,19,0,39,0.0,0.0,0.0,0.0,0.0
2019-01-05,19,0,40,0.0,0.0,0.0,0.0,0.0
2019-01-05,19,0,41,11.04,11.04,0.0,158.091376,0.0
2019-01-05,19,0,42,0.0,0.0,0.0,0.0,0.0
2019-01-05,19,0,43,0.0,0.0,0.0,0.0,0.0
2019-01-05,19,0,46,0.0,0.0,0.0,0.0,0.0
2019-01-05,19,0,52,1.79,1.79,0.0,24.086119,0.0
2019-01-05,19,0,53,2.84,2.84,0.0,38.214848,0.0
2019-01-05,19,0,55,29.48,29.48,0.0,397.114924,0.0
2019-01-05,19,0,56,0.0,0.0,0.0,0.0,0.0
2019-01-05,19,0,57,0.0,0.0,0.0,0.0,0.0
2019-01-05,19,0,58,0.0,0.0,0.0,0.0,0.0
2019-01-05,19,0,59,0.0,0.0,0.0,0.0,0.0
2019-01-05,19,0,63,70.79,70.79,0.0,1356.876573,0.0
2019-01-05,19,0,64,83.28,83.28,0.0,1596.28028,0.0
2019-01-05,19,0,65,15.32,15.32,0.0,242.304712,0.0
2019-01-05,19,0,67,0.0,0.0,0.0,0.0,0.0
2019-01-05,19,0,68,4.8,4.8,0.0,46.707191,0.0
2019-01-05,19,0,69,0.0,0.0,0.0,0.0,0.0
2019-01-05,19,0,74,13.01,13.01,0.0,205.482452,0.0
2019-01-05,19,0,77,25.24,25.24,0.0,304.72942,0.0
2019-01-05,19,0,78,19.08,19.08,0.0,230.358056,0.0
2019-01-05,19,0,79,11.04,11.04,0.0,133.288938,0.0
2019-01-05,19,0,80,17.86,17.86,0.0,215.628663,0.0
2019-01-05,19,0,81,23.35,23.35,0.0,281.910933,0.0
2019-01-05,19,0,82,16.47,16.47,0.0,198.846813,0.0
2019-01-05,19,0,83,36.73,36.73,0.0,443.451331,0.0
2019-01-05,19,0,84,0.0,0.0,0.0,0.0,0.0
2019-01-05,19,0,86,0.0,0.0,0.0,0.0,0.0
2019-01-05,19,0,87,0.0,0.0,0.0,0.0,0.0
2019-01-05,19,0,88,22.29,22.29,0.0,269.113264,0.0
2019-01-05,19,0,89,21.42,21.42,0.0,258.609516,0.0
2019-01-05,19,0,90,28.76,28.76,0.0,347.227342,0.0
2019-01-05,19,0,91,102.61,102.61,0.0,1238.838581,0.0
2019-01-05,19,0,92,36.9,36.9,0.0,445.503788,0.0
2019-01-05,19,0,95,39.72,39.72,0.0,709.742759,0.0
2019-01-05,19,0,96,12.41,12.41,0.0,166.79717,0.0
2019-01-05,19,0,97,76.34,76.34,0.0,1026.051247,0.0
2019-01-05,19,0,99,2.51,2.51,0.0,39.643425,0.0
2019-01-05,19,0,101,0.0,0.0,0.0,0.0,0.0
2019-01-05,19,0,102,13.74,13.74,0.0,133.699335,0.0
2019-01-05,19,0,103,11.53,11.53,0.0,112.194566,0.0
2019-01-05,19,0,104,1.64,1.64,0.0,15.95829,0.0
2019-01-05,19,0,106,0.0,0.0,0.0,0.0,0.0
2019-01-05,19,0,109,25.93,25.93,0.0,380.63103,0.0
2019-01-05,19,0,110,208.79,208.79,0.0,-259.379709,0.0
2019-01-05,19,0,111,0.0,0.0,0.0,0.0,0.0
2019-01-05,19,0,113,18.66,18.66,0.0,229.803151,0.0
2019-01-05,19,0,115,18.66,18.66,0.0,229.803151,0.0
2019-01-05,19,0,116,0.0,0.0,0.0,-0.0,0.0
2019-01-05,19,0,117,1.24,1.24,0.0,15.270949,0.0
2019-01-05,19,0,119,83.28,83.28,0.0,1596.28028,0.0
2019-01-05,19,0,120,48.97,48.97,0.0,938.638873,0.0
2019-01-05,19,0,123,0.0,0.0,0.0,0.0,0.0
2019-01-05,19,0,125,66.58,66.58,0.0,896.876243,0.0
2019-01-05,19,0,126,0.0,0.0,0.0,0.0,0.0
2019-01-05,19,0,127,0.0,0.0,0.0,0.0,0.0
2019-01-05,19,0,128,95.37,95.37,0.0,1284.696415,0.0
2019-01-05,19,0,131,12.7,12.7,0.0,132.741175,0.0
2019-01-05,19,0,132,18.67,18.67,0.0,195.13998,0.0
2019-01-05,19,0,133,53.6,53.6,0.0,910.952964,0.0
2019-01-05,19,0,134,0.0,0.0,0.0,0.0,0.0
2019-01-05,19,0,135,72.64,72.64,0.0,1234.545211,0.0
2019-01-05,19,0,136,25.44,25.44,0.0,403.686659,0.0
2019-01-05,19,0,139,14.26,14.26,0.0,204.201361,0.0
2019-01-05,19,0,140,154.52,154.52,0.0,-191.960116,0.0
2019-01-05,19,0,141,100.1,100.1,0.0,703.653596,0.0
2019-01-05,19,0,142,0.0,0.0,0.0,0.0,0.0
2019-01-05,19,0,143,2.5,2.5,0.0,33.639831,0.0
2019-01-05,19,0,145,12.38,12.38,0.0,172.224532,0.0
2019-01-05,19,0,146,169.96,169.96,0.0,-211.14122,0.0
2019-01-05,19,0,152,0.0,0.0,0.0,0.0,0.0
2019-01-05,19,0,153,0.0,0.0,0.0,0.0,0.0
2019-01-05,19,0,154,0.0,0.0,0.0,0.0,0.0
2019-01-05,19,0,157,88.21,88.21,0.0,620.072764,0.0
2019-01-05,19,0,158,0.0,0.0,0.0,0.0,0.0
2019-01-05,19,0,159,0.0,0.0,0.0,0.0,0.0
2019-01-05,19,0,160,0.0,0.0,0.0,0.0,0.0
2019-01-05,19,0,161,0.0,0.0,0.0,0.0,0.0
2019-01-05,19,0,162,51.17,51.17,0.0,915.053327,0.0
2019-01-05,19,0,163,79.08,79.08,0.0,-98.241043,0.0
2019-01-05,19,0,164,0.01,0.01,0.0,0.134559,0.0
2019-01-05,19,0,167,0.0,0.0,0.0,0.0,0.0
2019-01-05,19,0,168,0.0,0.0,0.0,0.0,0.0
2019-01-05,19,0,169,0.0,0.0,0.0,0.0,0.0
2019-01-05,19,0,170,0.0,0.0,0.0,0.0,0.0
2019-01-05,19,0,172,0.0,0.0,0.0,0.0,0.0
2019-01-05,19,0,173,0.0,0.0,0.0,0.0,0.0
2019-01-05,19,0,188,0.0,0.0,0.0,0.0,0.0
2019-01-05,19,0,190,0.0,0.0,0.0,0.0,0.0
2019-01-05,19,0,191,0.0,0.0,0.0,0.0,0.0
2019-01-05,19,0,192,102.16,102.16,0.0,1958.165147,0.0
2019-01-05,19,0,194,77.44,77.44,0.0,1126.884153,0.0
2019-01-05,19,0,196,0.0,0.0,0.0,0.0,0.0
2019-01-05,19,0,198,0.0,0.0,0.0,0.0,0.0
2019-01-05,19,0,199,47.61,47.61,0.0,577.116889,0.0
2019-01-05,19,0,200,0.0,0.0,0.0,0.0,0.0
2019-01-05,19,0,204,109.88,109.88,0.0,1602.474725,0.0
2019-01-05,19,0,205,137.17,137.17,0.0,2013.542552,0.0
2019-01-05,19,0,206,224.31,224.31,0.0,3014.848771,0.0
2019-01-05,19,0,210,0.0,0.0,0.0,0.0,0.0
2019-01-05,19,0,214,0.0,0.0,0.0,0.0,0.0
2019-01-05,19,0,217,0.0,0.0,0.0,0.0,0.0
2019-01-05,19,0,218,0.0,0.0,0.0,0.0,0.0
2019-01-05,19,0,219,0.0,0.0,0.0,0.0,0.0
2019-01-05,19,0,221,0.0,0.0,0.0,0.0,0.0
2019-01-05,19,0,225,0.0,0.0,0.0,0.0,0.0
2019-01-05,19,0,233,0.0,0.0,0.0,0.0,0.0
2019-01-05,19,0,236,31.93,31.93,0.0,521.245274,0.0
2019-01-05,19,0,237,31.22,31.22,0.0,493.094707,0.0
2019-01-05,19,0,238,0.0,0.0,0.0,0.0,0.0
2019-01-05,19,0,240,0.0,0.0,0.0,0.0,0.0
2019-01-05,19,0,245,42.32,42.32,0.0,710.992908,0.0
2019-01-05,19,0,247,58.66,58.66,0.0,985.511436,0.0
2019-01-05,19,0,248,3.13,3.13,0.0,49.435824,0.0
2019-01-05,19,0,249,81.38,81.38,0.0,1367.216514,0.0
2019-01-05,19,0,251,156.56,156.56,0.0,2515.882241,0.0
2019-01-05,19,0,252,98.84,98.84,0.0,1563.276613,0.0
2019-01-05,19,0,254,0.0,0.0,0.0,0.0,0.0
2019-01-05,19,0,255,0.0,0.0,0.0,0.0,0.0
2019-01-05,19,0,258,0.0,0.0,0.0,0.0,0.0
2019-01-05,19,0,260,0.0,0.0,0.0,0.0,0.0
2019-01-05,19,0,265,0.0,0.0,0.0,0.0,0.0
2019-01-05,19,0,266,9.23,9.23,0.0,132.17241,0.0
2019-01-05,19,0,267,11.34,11.34,0.0,162.387337,0.0
2019-01-05,19,0,270,246.98,246.98,0.0,-306.823126,0.0
2019-01-05,19,0,272,62.37,62.37,0.0,768.104103,0.0
2019-01-05,19,0,273,0.0,0.0,0.0,-0.0,0.0
2019-01-05,19,0,274,318.39,318.39,0.0,-395.535732,0.0
2019-01-05,19,0,275,443.2,443.2,0.0,-550.587131,0.0
2019-01-05,19,0,276,0.0,0.0,0.0,0.0,0.0
2019-01-05,19,0,277,0.0,0.0,0.0,0.0,0.0
2019-01-05,19,0,278,0.0,0.0,0.0,0.0,0.0
2019-01-05,19,0,279,98.56,98.56,0.0,1204.23136,0.0
2019-01-05,19,0,281,0.76,0.76,0.0,10.226509,0.0
2019-01-05,19,0,282,0.0,0.0,0.0,0.0,0.0
2019-01-05,20,0,9,0.0,0.0,0.0,0.0,0.0
2019-01-05,20,0,17,0.0,0.0,0.0,0.0,0.0
2019-01-05,20,0,19,304.98,304.98,0.0,4524.848248,0.0
2019-01-05,20,0,20,369.88,369.88,0.0,5487.739753,0.0
2019-01-05,20,0,21,0.0,0.0,0.0,0.0,0.0
2019-01-05,20,0,22,0.0,0.0,0.0,0.0,0.0
2019-01-05,20,0,23,45.05,45.05,0.0,426.878183,0.0
2019-01-05,20,0,24,79.71,79.71,0.0,755.304328,0.0
2019-01-05,20,0,29,0.0,0.0,0.0,0.0,0.0
2019-01-05,20,0,30,0.0,0.0,0.0,0.0,0.0
2019-01-05,20,0,31,2.4,2.4,0.0,22.675813,0.0
2019-01-05,20,0,32,0.0,0.0,0.0,0.0,0.0
2019-01-05,20,0,33,0.0,0.0,0.0,0.0,0.0
2019-01-05,20,0,34,0.0,0.0,0.0,0.0,0.0
2019-01-05,20,0,35,0.0,0.0,0.0,0.0,0.0
2019-01-05,20,0,36,0.0,0.0,0.0,0.0,0.0
2019-01-05,20,0,37,0.0,0.0,0.0,0.0,0.0
2019-01-05,20,0,38,0.0,0.0,0.0,0.0,0.0
2019-01-05,20,0,39,0.0,0.0,0.0,0.0,0.0
2019-01-05,20,0,40,0.0,0.0,0.0,0.0,0.0
2019-01-05,20,0,41,21.45,21.45,0.0,235.596896,0.0
2019-01-05,20,0,42,0.0,0.0,0.0,0.0,0.0
2019-01-05,20,0,43,0.0,0.0,0.0,0.0,0.0
2019-01-05,20,0,46,0.0,0.0,0.0,0.0,0.0
2019-01-05,20,0,52,2.54,2.54,0.0,23.998568,0.0
2019-01-05,20,0,53,4.04,4.04,0.0,38.170951,0.0
2019-01-05,20,0,55,41.1,41.1,0.0,389.449352,0.0
2019-01-05,20,0,56,0.0,0.0,0.0,0.0,0.0
2019-01-05,20,0,57,0.0,0.0,0.0,0.0,0.0
2019-01-05,20,0,58,0.0,0.0,0.0,0.0,0.0
2019-01-05,20,0,59,0.0,0.0,0.0,0.0,0.0
2019-01-05,20,0,63,70.98,70.98,0.0,1496.384956,0.0
2019-01-05,20,0,64,83.51,83.51,0.0,1760.539696,0.0
2019-01-05,20,0,65,14.18,14.18,0.0,209.646802,0.0
2019-01-05,20,0,67,0.0,0.0,0.0,-0.0,0.0
2019-01-05,20,0,68,4.17,4.17,0.0,8.632233,0.0
2019-01-05,20,0,69,0.0,0.0,0.0,0.0,0.0
2019-01-05,20,0,74,11.0,11.0,0.0,147.103608,0.0
2019-01-05,20,0,77,38.1,38.1,0.0,261.345575,0.0
2019-01-05,20,0,78,28.93,28.93,0.0,198.444291,0.0
2019-01-05,20,0,79,16.83,16.83,0.0,115.444778,0.0
2019-01-05,20,0,80,27.09,27.09,0.0,185.822877,0.0
2019-01-05,20,0,81,35.29,35.29,0.0,242.070481,0.0
2019-01-05,20,0,82,25.01,25.01,0.0,171.555192,0.0
2019-01-05,20,0,83,55.01,55.01,0.0,377.33911,0.0
2019-01-05,20,0,84,0.0,0.0,0.0,0.0,0.0
2019-01-05,20,0,86,0.0,0.0,0.0,0.0,0.0
2019-01-05,20,0,87,0.0,0.0,0.0,0.0,0.0
2019-01-05,20,0,88,44.52,44.52,0.0,305.383333,0.0
2019-01-05,20,0,89,42.8,42.8,0.0,293.585055,0.0
2019-01-05,20,0,90,57.42,57.42,0.0,393.870418,0.0
2019-01-05,20,0,91,204.44,204.44,0.0,1402.348801,0.0
2019-01-05,20,0,92,73.62,73.62,0.0,504.993733,0.0
2019-01-05,20,0,95,38.8,38.8,0.0,709.794403,0.0
2019-01-05,20,0,96,13.22,13.22,0.0,124.527398,0.0
2019-01-05,20,0,97,95.46,95.46,0.0,899.19708,0.0
2019-01-05,20,0,99,2.12,2.12,0.0,28.350877,0.0
2019-01-05,20,0,101,0.0,0.0,0.0,0.0,0.0
2019-01-05,20,0,102,9.88,9.88,0.0,20.452388,0.0
2019-01-05,20,0,103,8.59,8.59,0.0,17.781985,0.0
2019-01-05,20,0,104,1.6,1.6,0.0,3.312128,0.0
2019-01-05,20,0,106,0.0,0.0,0.0,0.0,0.0
2019-01-05,20,0,109,24.85,24.85,0.0,292.770159,0.0
2019-01-05,20,0,110,220.77,220.77,0.0,-4513.083752,0.0
2019-01-05,20,0,111,0.0,0.0,0.0,0.0,0.0
2019-01-05,20,0,113,19.51,19.51,0.0,144.591567,0.0
2019-01-05,20,0,115,19.51,19.51,0.0,144.591567,0.0
2019-01-05,20,0,116,0.0,0.0,0.0,-0.0,0.0
2019-01-05,20,0,117,1.3,1.3,0.0,9.634497,0.0
2019-01-05,20,0,119,83.51,83.51,0.0,1760.539696,0.0
2019-01-05,20,0,120,49.1,49.1,0.0,1035.115544,0.0
2019-01-05,20,0,123,0.0,0.0,0.0,0.0,0.0
2019-01-05,20,0,125,72.14,72.14,0.0,683.573632,0.0
2019-01-05,20,0,126,0.0,0.0,0.0,0.0,0.0
2019-01-05,20,0,127,0.0,0.0,0.0,0.0,0.0
2019-01-05,20,0,128,103.32,103.32,0.0,979.024503,0.0
2019-01-05,20,0,131,13.02,13.02,0.0,46.222608,0.0
2019-01-05,20,0,132,19.14,19.14,0.0,67.949363,0.0
2019-01-05,20,0,133,37.33,37.33,0.0,554.03046,0.0
2019-01-05,20,0,134,0.0,0.0,0.0,0.0,0.0
2019-01-05,20,0,135,49.75,49.75,0.0,738.36098,0.0
2019-01-05,20,0,136,22.49,22.49,0.0,332.443488,0.0
2019-01-05,20,0,139,28.71,28.71,0.0,315.337384,0.0
2019-01-05,20,0,140,163.39,163.39,0.0,-3340.094914,0.0
2019-01-05,20,0,141,108.63,108.63,0.0,-377.132819,0.0
2019-01-05,20,0,142,0.0,0.0,0.0,-0.0,0.0
2019-01-05,20,0,143,3.78,3.78,0.0,35.714405,0.0
2019-01-05,20,0,145,12.38,12.38,0.0,127.709957,0.0
2019-01-05,20,0,146,209.46,209.46,0.0,-4281.879434,0.0
2019-01-05,20,0,152,0.0,0.0,0.0,0.0,0.0
2019-01-05,20,0,153,0.0,0.0,0.0,0.0,0.0
2019-01-05,20,0,154,0.0,0.0,0.0,0.0,0.0
2019-01-05,20,0,157,93.22,93.22,0.0,-323.633631,0.0
2019-01-05,20,0,158,0.0,0.0,0.0,-0.0,0.0
2019-01-05,20,0,159,0.0,0.0,0.0,0.0,0.0
2019-01-05,20,0,160,0.0,0.0,0.0,0.0,0.0
2019-01-05,20,0,161,0.0,0.0,0.0,0.0,0.0
2019-01-05,20,0,162,49.32,49.32,0.0,903.774979,0.0
2019-01-05,20,0,163,79.81,79.81,0.0,-1631.513404,0.0
2019-01-05,20,0,164,0.0,0.0,0.0,0.0,0.0
2019-01-05,20,0,167,0.0,0.0,0.0,0.0,0.0
2019-01-05,20,0,168,0.0,0.0,0.0,0.0,0.0
2019-01-05,20,0,169,0.0,0.0,0.0,0.0,0.0
2019-01-05,20,0,170,0.0,0.0,0.0,0.0,0.0
2019-01-05,20,0,172,0.0,0.0,0.0,0.0,0.0
2019-01-05,20,0,173,0.0,0.0,0.0,0.0,0.0
2019-01-05,20,0,188,0.0,0.0,0.0,0.0,0.0
2019-01-05,20,0,190,0.0,0.0,0.0,0.0,0.0
2019-01-05,20,0,191,0.0,0.0,0.0,0.0,0.0
2019-01-05,20,0,192,105.07,105.07,0.0,2215.062937,0.0
2019-01-05,20,0,194,80.62,80.62,0.0,971.548753,0.0
2019-01-05,20,0,196,0.0,0.0,0.0,0.0,0.0
2019-01-05,20,0,198,0.0,0.0,0.0,0.0,0.0
2019-01-05,20,0,199,44.32,44.32,0.0,506.885652,0.0
2019-01-05,20,0,200,0.0,0.0,0.0,0.0,0.0
2019-01-05,20,0,204,191.09,191.09,0.0,2223.701365,0.0
2019-01-05,20,0,205,131.47,131.47,0.0,1548.913192,0.0
2019-01-05,20,0,206,361.6,361.6,0.0,3406.135179,0.0
2019-01-05,20,0,210,0.0,0.0,0.0,0.0,0.0
2019-01-05,20,0,214,0.0,0.0,0.0,0.0,0.0
2019-01-05,20,0,217,0.0,0.0,0.0,0.0,0.0
2019-01-05,20,0,218,0.0,0.0,0.0,0.0,0.0
2019-01-05,20,0,219,0.0,0.0,0.0,0.0,0.0
2019-01-05,20,0,221,0.0,0.0,0.0,0.0,0.0
2019-01-05,20,0,225,0.0,0.0,0.0,0.0,0.0
2019-01-05,20,0,233,0.0,0.0,0.0,0.0,0.0
2019-01-05,20,0,236,27.98,27.98,0.0,395.066455,0.0
2019-01-05,20,0,237,26.4,26.4,0.0,353.04866,0.0
2019-01-05,20,0,238,0.0,0.0,0.0,0.0,0.0
2019-01-05,20,0,240,0.0,0.0,0.0,0.0,0.0
2019-01-05,20,0,245,71.61,71.61,0.0,1076.100554,0.0
2019-01-05,20,0,247,49.87,49.87,0.0,749.408387,0.0
2019-01-05,20,0,248,2.65,2.65,0.0,35.438597,0.0
2019-01-05,20,0,249,137.66,137.66,0.0,2068.649661,0.0
2019-01-05,20,0,251,154.5,154.5,0.0,2271.078973,0.0
2019-01-05,20,0,252,91.46,91.46,0.0,1352.207085,0.0
2019-01-05,20,0,254,0.0,0.0,0.0,0.0,0.0
2019-01-05,20,0,255,0.0,0.0,0.0,0.0,0.0
2019-01-05,20,0,258,0.0,0.0,0.0,0.0,0.0
2019-01-05,20,0,260,0.0,0.0,0.0,0.0,0.0
2019-01-05,20,0,265,0.0,0.0,0.0,0.0,0.0
2019-01-05,20,0,266,17.5,17.5,0.0,192.21192,0.0
2019-01-05,20,0,267,22.13,22.13,0.0,243.065702,0.0
2019-01-05,20,0,270,249.26,249.26,0.0,-5095.489677,0.0
2019-01-05,20,0,272,65.2,65.2,0.0,483.207083,0.0
2019-01-05,20,0,273,0.0,0.0,0.0,-0.0,0.0
2019-01-05,20,0,274,321.32,321.32,0.0,-6568.573951,0.0
2019-01-05,20,0,275,447.29,447.29,0.0,-9143.711698,0.0
2019-01-05,20,0,276,0.0,0.0,0.0,-0.0,0.0
2019-01-05,20,0,277,0.0,0.0,0.0,0.0,0.0
2019-01-05,20,0,278,0.0,0.0,0.0,0.0,0.0
2019-01-05,20,0,279,260.4,260.4,0.0,1872.268473,0.0
2019-01-05,20,0,281,1.08,1.08,0.0,10.204116,0.0
2019-01-05,20,0,282,0.0,0.0,0.0,0.0,0.0
2019-01-05,21,0,9,0.0,0.0,0.0,0.0,0.0
2019-01-05,21,0,17,0.0,0.0,0.0,0.0,0.0
2019-01-05,21,0,19,268.57,268.57,0.0,3710.200699,0.0
2019-01-05,21,0,20,325.72,325.72,0.0,4499.707979,0.0
2019-01-05,21,0,21,0.0,0.0,0.0,0.0,0.0
2019-01-05,21,0,22,0.0,0.0,0.0,0.0,0.0
2019-01-05,21,0,23,48.8,48.8,0.0,341.939449,0.0
2019-01-05,21,0,24,86.35,86.35,0.0,605.050643,0.0
2019-01-05,21,0,29,0.0,0.0,0.0,0.0,0.0
2019-01-05,21,0,30,0.0,0.0,0.0,0.0,0.0
2019-01-05,21,0,31,3.29,3.29,0.0,22.931631,0.0
2019-01-05,21,0,32,0.0,0.0,0.0,0.0,0.0
2019-01-05,21,0,33,0.0,0.0,0.0,0.0,0.0
2019-01-05,21,0,34,0.0,0.0,0.0,0.0,0.0
2019-01-05,21,0,35,0.0,0.0,0.0,0.0,0.0
2019-01-05,21,0,36,0.0,0.0,0.0,0.0,0.0
2019-01-05,21,0,37,0.0,0.0,0.0,0.0,0.0
2019-01-05,21,0,38,0.0,0.0,0.0,0.0,0.0
2019-01-05,21,0,39,0.0,0.0,0.0,0.0,0.0
2019-01-05,21,0,40,0.0,0.0,0.0,0.0,0.0
2019-01-05,21,0,41,43.97,43.97,0.0,395.90482,0.0
2019-01-05,21,0,42,0.0,0.0,0.0,0.0,0.0
2019-01-05,21,0,43,0.0,0.0,0.0,0.0,0.0
2019-01-05,21,0,46,0.0,0.0,0.0,0.0,0.0
2019-01-05,21,0,52,3.49,3.49,0.0,24.325652,0.0
2019-01-05,21,0,53,5.54,5.54,0.0,38.614358,0.0
2019-01-05,21,0,55,56.62,56.62,0.0,396.733844,0.0
2019-01-05,21,0,56,0.0,0.0,0.0,0.0,0.0
2019-01-05,21,0,57,0.0,0.0,0.0,0.0,0.0
2019-01-05,21,0,58,0.0,0.0,0.0,0.0,0.0
2019-01-05,21,0,59,0.0,0.0,0.0,0.0,0.0
2019-01-05,21,0,63,71.5,71.5,0.0,1733.649582,0.0
2019-01-05,21,0,64,84.12,84.12,0.0,2039.644794,0.0
2019-01-05,21,0,65,13.09,13.09,0.0,180.028486,0.0
2019-01-05,21,0,67,0.0,0.0,0.0,-0.0,0.0
2019-01-05,21,0,68,4.46,4.46,0.0,-15.519797,0.0
2019-01-05,21,0,69,0.0,0.0,0.0,0.0,0.0
2019-01-05,21,0,74,9.71,9.71,0.0,117.147296,0.0
2019-01-05,21,0,77,83.01,83.01,0.0,288.948268,0.0
2019-01-05,21,0,78,62.88,62.88,0.0,218.878052,0.0
2019-01-05,21,0,79,36.47,36.47,0.0,126.947878,0.0
2019-01-05,21,0,80,58.86,58.86,0.0,204.884894,0.0
2019-01-05,21,0,81,76.83,76.83,0.0,267.436398,0.0
2019-01-05,21,0,82,54.31,54.31,0.0,189.046867,0.0
2019-01-05,21,0,83,120.34,120.34,0.0,418.889707,0.0
2019-01-05,21,0,84,0.0,0.0,0.0,0.0,0.0
2019-01-05,21,0,86,0.0,0.0,0.0,0.0,0.0
2019-01-05,21,0,87,0.0,0.0,0.0,0.0,0.0
2019-01-05,21,0,88,84.51,84.51,0.0,294.169595,0.0
2019-01-05,21,0,89,81.24,81.24,0.0,282.787101,0.0
2019-01-05,21,0,90,109.09,109.09,0.0,379.72975,0.0
2019-01-05,21,0,91,389.13,389.13,0.0,1354.516799,0.0
2019-01-05,21,0,92,139.95,139.95,0.0,487.149863,0.0
2019-01-05,21,0,95,38.86,38.86,0.0,783.230981,0.0
2019-01-05,21,0,96,12.51,12.51,0.0,86.714109,0.0
2019-01-05,21,0,97,76.91,76.91,0.0,533.108082,0.0
2019-01-05,21,0,99,1.87,1.87,0.0,22.560808,0.0
2019-01-05,21,0,101,0.0,0.0,0.0,0.0,0.0
2019-01-05,21,0,102,10.56,10.56,0.0,-36.746426,0.0
2019-01-05,21,0,103,9.18,9.18,0.0,-31.944336,0.0
2019-01-05,21,0,104,1.7,1.7,0.0,-5.915618,0.0
2019-01-05,21,0,106,0.0,0.0,0.0,0.0,0.0
2019-01-05,21,0,109,34.53,34.53,0.0,349.905099,0.0
2019-01-05,21,0,110,231.76,231.76,0.0,-8410.294085,0.0
2019-01-05,21,0,111,0.0,0.0,0.0,0.0,0.0
2019-01-05,21,0,113,38.28,38.28,0.0,166.443106,0.0
2019-01-05,21,0,115,38.28,38.28,0.0,166.443106,0.0
2019-01-05,21,0,116,0.0,0.0,0.0,-0.0,0.0
2019-01-05,21,0,117,2.57,2.57,0.0,11.174472,0.0
2019-01-05,21,0,119,84.12,84.12,0.0,2039.644794,0.0
2019-01-05,21,0,120,49.46,49.46,0.0,1199.249067,0.0
2019-01-05,21,0,123,0.0,0.0,0.0,0.0,0.0
2019-01-05,21,0,125,78.14,78.14,0.0,547.523535,0.0
2019-01-05,21,0,126,0.0,0.0,0.0,0.0,0.0
2019-01-05,21,0,127,0.0,0.0,0.0,0.0,0.0
2019-01-05,21,0,128,111.92,111.92,0.0,784.218506,0.0
2019-01-05,21,0,131,13.31,13.31,0.0,-17.60659,0.0
2019-01-05,21,0,132,19.57,19.57,0.0,-25.887375,0.0
2019-01-05,21,0,133,30.01,30.01,0.0,414.751603,0.0
2019-01-05,21,0,134,0.0,0.0,0.0,0.0,0.0
2019-01-05,21,0,135,39.02,39.02,0.0,539.273827,0.0
2019-01-05,21,0,136,19.8,19.8,0.0,272.245125,0.0
2019-01-05,21,0,139,57.92,57.92,0.0,521.510283,0.0
2019-01-05,21,0,140,171.53,171.53,0.0,-6224.619194,0.0
2019-01-05,21,0,141,117.46,117.46,0.0,-1357.392027,0.0
2019-01-05,21,0,142,0.0,0.0,0.0,-0.0,0.0
2019-01-05,21,0,143,5.48,5.48,0.0,38.196152,0.0
2019-01-05,21,0,145,12.45,12.45,0.0,101.413985,0.0
2019-01-05,21,0,146,257.48,257.48,0.0,-9343.64222,0.0
2019-01-05,21,0,152,0.0,0.0,0.0,0.0,0.0
2019-01-05,21,0,153,0.0,0.0,0.0,0.0,0.0
2019-01-05,21,0,154,0.0,0.0,0.0,0.0,0.0
2019-01-05,21,0,157,98.29,98.29,0.0,-1135.859546,0.0
2019-01-05,21,0,158,0.0,0.0,0.0,-0.0,0.0
2019-01-05,21,0,159,0.0,0.0,0.0,0.0,0.0
2019-01-05,21,0,160,0.0,0.0,0.0,0.0,0.0
2019-01-05,21,0,161,0.0,0.0,0.0,-0.0,0.0
2019-01-05,21,0,162,48.42,48.42,0.0,978.131084,0.0
2019-01-05,21,0,163,80.55,80.55,0.0,-2923.063464,0.0
2019-01-05,21,0,164,0.0,0.0,0.0,0.0,0.0
2019-01-05,21,0,167,0.0,0.0,0.0,0.0,0.0
2019-01-05,21,0,168,0.0,0.0,0.0,0.0,0.0
2019-01-05,21,0,169,0.0,0.0,0.0,0.0,0.0
2019-01-05,21,0,170,0.0,0.0,0.0,0.0,0.0
2019-01-05,21,0,172,0.0,0.0,0.0,0.0,0.0
2019-01-05,21,0,173,0.0,0.0,0.0,0.0,0.0
2019-01-05,21,0,188,0.0,0.0,0.0,0.0,0.0
2019-01-05,21,0,190,0.0,0.0,0.0,0.0,0.0
2019-01-05,21,0,191,0.0,0.0,0.0,0.0,0.0
2019-01-05,21,0,192,108.19,108.19,0.0,2623.266409,0.0
2019-01-05,21,0,194,84.92,84.92,0.0,948.460295,0.0
2019-01-05,21,0,196,0.0,0.0,0.0,0.0,0.0
2019-01-05,21,0,198,0.0,0.0,0.0,0.0,0.0
2019-01-05,21,0,199,41.91,41.91,0.0,490.173874,0.0
2019-01-05,21,0,200,0.0,0.0,0.0,0.0,0.0
2019-01-05,21,0,204,344.6,344.6,0.0,3429.828729,0.0
2019-01-05,21,0,205,160.25,160.25,0.0,1623.871769,0.0
2019-01-05,21,0,206,226.0,226.0,0.0,1566.537856,0.0
2019-01-05,21,0,210,0.0,0.0,0.0,0.0,0.0
2019-01-05,21,0,214,0.0,0.0,0.0,0.0,0.0
2019-01-05,21,0,217,0.0,0.0,0.0,0.0,0.0
2019-01-05,21,0,218,0.0,0.0,0.0,0.0,0.0
2019-01-05,21,0,219,0.0,0.0,0.0,0.0,0.0
2019-01-05,21,0,221,0.0,0.0,0.0,0.0,0.0
2019-01-05,21,0,225,0.0,0.0,0.0,0.0,0.0
2019-01-05,21,0,233,0.0,0.0,0.0,0.0,0.0
2019-01-05,21,0,236,24.61,24.61,0.0,319.100318,0.0
2019-01-05,21,0,237,23.29,23.29,0.0,280.984605,0.0
2019-01-05,21,0,238,0.0,0.0,0.0,0.0,0.0
2019-01-05,21,0,240,0.0,0.0,0.0,0.0,0.0
2019-01-05,21,0,245,115.94,115.94,0.0,1627.899138,0.0
2019-01-05,21,0,247,41.93,41.93,0.0,588.733922,0.0
2019-01-05,21,0,248,2.34,2.34,0.0,28.231171,0.0
2019-01-05,21,0,249,222.96,222.96,0.0,3130.553665,0.0
2019-01-05,21,0,251,152.22,152.22,0.0,2078.126661,0.0
2019-01-05,21,0,252,84.44,84.44,0.0,1161.314387,0.0
2019-01-05,21,0,254,0.0,0.0,0.0,0.0,0.0
2019-01-05,21,0,255,0.0,0.0,0.0,0.0,0.0
2019-01-05,21,0,258,0.0,0.0,0.0,0.0,0.0
2019-01-05,21,0,260,0.0,0.0,0.0,0.0,0.0
2019-01-05,21,0,265,0.0,0.0,0.0,0.0,0.0
2019-01-05,21,0,266,36.27,36.27,0.0,326.574205,0.0
2019-01-05,21,0,267,45.28,45.28,0.0,407.700028,0.0
2019-01-05,21,0,270,251.56,251.56,0.0,-9128.812478,0.0
2019-01-05,21,0,272,127.84,127.84,0.0,555.853885,0.0
2019-01-05,21,0,273,0.0,0.0,0.0,-0.0,0.0
2019-01-05,21,0,274,324.28,324.28,0.0,-11767.734578,0.0
2019-01-05,21,0,275,451.41,451.41,0.0,-16381.130707,0.0
2019-01-05,21,0,276,0.0,0.0,0.0,-0.0,0.0
2019-01-05,21,0,277,0.0,0.0,0.0,0.0,0.0
2019-01-05,21,0,278,0.0,0.0,0.0,0.0,0.0
2019-01-05,21,0,279,281.07,281.07,0.0,1124.38841,0.0
2019-01-05,21,0,281,1.48,1.48,0.0,10.315749,0.0
2019-01-05,21,0,282,0.0,0.0,0.0,0.0,0.0
2019-01-05,22,0,9,0.0,0.0,0.0,0.0,0.0
2019-01-05,22,0,17,0.0,0.0,0.0,0.0,0.0
2019-01-05,22,0,19,235.44,235.44,0.0,3524.415143,0.0
2019-01-05,22,0,20,285.54,285.54,0.0,4274.386256,0.0
2019-01-05,22,0,21,0.0,0.0,0.0,0.0,0.0
2019-01-05,22,0,22,0.0,0.0,0.0,0.0,0.0
2019-01-05,22,0,23,52.76,52.76,0.0,-397.111257,0.0
2019-01-05,22,0,24,93.34,93.34,0.0,-702.546715,0.0
2019-01-05,22,0,29,0.0,0.0,0.0,0.0,0.0
2019-01-05,22,0,30,0.0,0.0,0.0,0.0,0.0
2019-01-05,22,0,31,4.36,4.36,0.0,-33.385999,0.0
2019-01-05,22,0,32,0.0,0.0,0.0,0.0,0.0
2019-01-05,22,0,33,0.0,0.0,0.0,0.0,0.0
2019-01-05,22,0,34,0.0,0.0,0.0,0.0,0.0
2019-01-05,22,0,35,0.0,0.0,0.0,0.0,0.0
2019-01-05,22,0,36,0.0,0.0,0.0,0.0,0.0
2019-01-05,22,0,37,0.0,0.0,0.0,0.0,0.0
2019-01-05,22,0,38,0.0,0.0,0.0,0.0,0.0
2019-01-05,22,0,39,0.0,0.0,0.0,0.0,0.0
2019-01-05,22,0,40,0.0,0.0,0.0,0.0,0.0
2019-01-05,22,0,41,50.83,50.83,0.0,-29.32328,0.0
2019-01-05,22,0,42,0.0,0.0,0.0,0.0,0.0
2019-01-05,22,0,43,0.0,0.0,0.0,0.0,0.0
2019-01-05,22,0,46,0.0,0.0,0.0,0.0,0.0
2019-01-05,22,0,52,4.62,4.62,0.0,-35.376907,0.0
2019-01-05,22,0,53,7.35,7.35,0.0,-56.281443,0.0
2019-01-05,22,0,55,145.04,145.04,0.0,-1091.679618,0.0
2019-01-05,22,0,56,0.0,0.0,0.0,0.0,0.0
2019-01-05,22,0,57,0.0,0.0,0.0,0.0,0.0
2019-01-05,22,0,58,0.0,0.0,0.0,0.0,0.0
2019-01-05,22,0,59,0.0,0.0,0.0,0.0,0.0
2019-01-05,22,0,63,72.12,72.12,0.0,5052.454142,0.0
2019-01-05,22,0,64,84.84,84.84,0.0,5943.569182,0.0
2019-01-05,22,0,65,12.09,12.09,0.0,178.746815,0.0
2019-01-05,22,0,67,0.0,0.0,0.0,-0.0,0.0
2019-01-05,22,0,68,4.78,4.78,0.0,-236.942525,0.0
2019-01-05,22,0,69,0.0,0.0,0.0,0.0,0.0
2019-01-05,22,0,74,9.3,9.3,0.0,89.735014,0.0
2019-01-05,22,0,77,103.01,103.01,0.0,-2065.182675,0.0
2019-01-05,22,0,78,77.88,77.88,0.0,-1561.367117,0.0
2019-01-05,22,0,79,45.07,45.07,0.0,-903.580072,0.0
2019-01-05,22,0,80,72.88,72.88,0.0,-1461.125263,0.0
2019-01-05,22,0,81,95.29,95.29,0.0,-1910.409253,0.0
2019-01-05,22,0,82,67.22,67.22,0.0,-1347.651485,0.0
2019-01-05,22,0,83,149.88,149.88,0.0,-3004.849814,0.0
2019-01-05,22,0,84,0.0,0.0,0.0,0.0,0.0
2019-01-05,22,0,86,0.0,0.0,0.0,0.0,0.0
2019-01-05,22,0,87,0.0,0.0,0.0,0.0,0.0
2019-01-05,22,0,88,90.76,90.76,0.0,-1819.590133,0.0
2019-01-05,22,0,89,87.24,87.24,0.0,-1749.019868,0.0
2019-01-05,22,0,90,117.14,117.14,0.0,-2348.466155,0.0
2019-01-05,22,0,91,417.87,417.87,0.0,-8377.612703,0.0
2019-01-05,22,0,92,150.28,150.28,0.0,-3012.869163,0.0
2019-01-05,22,0,95,39.57,39.57,0.0,2084.26629,0.0
2019-01-05,22,0,96,12.64,12.64,0.0,-98.513875,0.0
2019-01-05,22,0,97,77.73,77.73,0.0,-605.813569,0.0
2019-01-05,22,0,99,1.79,1.79,0.0,17.271578,0.0
2019-01-05,22,0,101,0.0,0.0,0.0,0.0,0.0
2019-01-05,22,0,102,11.31,11.31,0.0,-560.631789,0.0
2019-01-05,22,0,103,9.84,9.84,0.0,-487.764528,0.0
2019-01-05,22,0,104,1.83,1.83,0.0,-90.712305,0.0
2019-01-05,22,0,106,0.0,0.0,0.0,0.0,0.0
2019-01-05,22,0,109,73.2,73.2,0.0,267.214425,0.0
2019-01-05,22,0,110,243.15,243.15,0.0,-46080.334968,0.0
2019-01-05,22,0,111,0.0,0.0,0.0,0.0,0.0
2019-01-05,22,0,113,71.71,71.71,0.0,-1132.631818,0.0
2019-01-05,22,0,115,71.71,71.71,0.0,-1132.631818,0.0
2019-01-05,22,0,116,0.0,0.0,0.0,-0.0,0.0
2019-01-05,22,0,117,4.78,4.78,0.0,-75.498258,0.0
2019-01-05,22,0,119,84.84,84.84,0.0,5943.569182,0.0
2019-01-05,22,0,120,49.89,49.89,0.0,3495.104509,0.0
2019-01-05,22,0,123,0.0,0.0,0.0,0.0,0.0
2019-01-05,22,0,125,84.47,84.47,0.0,-635.784455,0.0
2019-01-05,22,0,126,0.0,0.0,0.0,0.0,0.0
2019-01-05,22,0,127,0.0,0.0,0.0,0.0,0.0
2019-01-05,22,0,128,120.98,120.98,0.0,-910.586047,0.0
2019-01-05,22,0,131,13.71,13.71,0.0,-553.461587,0.0
2019-01-05,22,0,132,20.15,20.15,0.0,-813.439167,0.0
2019-01-05,22,0,133,41.55,41.55,0.0,622.705458,0.0
2019-01-05,22,0,134,0.0,0.0,0.0,0.0,0.0
2019-01-05,22,0,135,55.67,55.67,0.0,834.320406,0.0
2019-01-05,22,0,136,17.48,17.48,0.0,258.258917,0.0
2019-01-05,22,0,139,65.65,65.65,0.0,-37.872778,0.0
2019-01-05,22,0,140,179.96,179.96,0.0,-34104.943783,0.0
2019-01-05,22,0,141,127.22,127.22,0.0,-10688.894112,0.0
2019-01-05,22,0,142,0.0,0.0,0.0,-0.0,0.0
2019-01-05,22,0,143,7.61,7.61,0.0,-58.272351,0.0
2019-01-05,22,0,145,31.33,31.33,0.0,-108.316953,0.0
2019-01-05,22,0,146,268.0,268.0,0.0,-50789.758468,0.0
2019-01-05,22,0,152,0.0,0.0,0.0,0.0,0.0
2019-01-05,22,0,153,0.0,0.0,0.0,0.0,0.0
2019-01-05,22,0,154,0.0,0.0,0.0,0.0,0.0
2019-01-05,22,0,157,104.24,104.24,0.0,-8758.138046,0.0
2019-01-05,22,0,158,0.0,0.0,0.0,-0.0,0.0
2019-01-05,22,0,159,0.0,0.0,0.0,0.0,0.0
2019-01-05,22,0,160,0.0,0.0,0.0,0.0,0.0
2019-01-05,22,0,161,0.0,0.0,0.0,-0.0,0.0
2019-01-05,22,0,162,28.32,28.32,0.0,1497.180253,0.0
2019-01-05,22,0,163,81.33,81.33,0.0,-15413.175583,0.0
2019-01-05,22,0,164,0.0,0.0,0.0,0.0,0.0
2019-01-05,22,0,167,0.0,0.0,0.0,0.0,0.0
2019-01-05,22,0,168,0.0,0.0,0.0,0.0,0.0
2019-01-05,22,0,169,0.0,0.0,0.0,0.0,0.0
2019-01-05,22,0,170,0.0,0.0,0.0,0.0,0.0
2019-01-05,22,0,172,0.0,0.0,0.0,0.0,0.0
2019-01-05,22,0,173,0.0,0.0,0.0,0.0,0.0
2019-01-05,22,0,188,0.0,0.0,0.0,0.0,0.0
2019-01-05,22,0,190,0.0,0.0,0.0,0.0,0.0
2019-01-05,22,0,191,0.0,0.0,0.0,0.0,0.0
2019-01-05,22,0,192,110.5,110.5,0.0,7741.211629,0.0
2019-01-05,22,0,194,89.67,89.67,0.0,1238.959637,0.0
2019-01-05,22,0,196,0.0,0.0,0.0,0.0,0.0
2019-01-05,22,0,198,0.0,0.0,0.0,0.0,0.0
2019-01-05,22,0,199,40.63,40.63,0.0,748.603919,0.0
2019-01-05,22,0,200,0.0,0.0,0.0,0.0,0.0
2019-01-05,22,0,204,361.7,361.7,0.0,1109.950421,0.0
2019-01-05,22,0,205,364.16,364.16,0.0,1329.355257,0.0
2019-01-05,22,0,206,228.41,228.41,0.0,-1780.186252,0.0
2019-01-05,22,0,210,0.0,0.0,0.0,0.0,0.0
2019-01-05,22,0,214,0.0,0.0,0.0,0.0,0.0
2019-01-05,22,0,217,0.0,0.0,0.0,0.0,0.0
2019-01-05,22,0,218,0.0,0.0,0.0,0.0,0.0
2019-01-05,22,0,219,0.0,0.0,0.0,0.0,0.0
2019-01-05,22,0,221,0.0,0.0,0.0,0.0,0.0
2019-01-05,22,0,225,0.0,0.0,0.0,0.0,0.0
2019-01-05,22,0,233,0.0,0.0,0.0,0.0,0.0
2019-01-05,22,0,236,22.0,22.0,0.0,273.478577,0.0
2019-01-05,22,0,237,22.31,22.31,0.0,215.267545,0.0
2019-01-05,22,0,238,0.0,0.0,0.0,0.0,0.0
2019-01-05,22,0,240,0.0,0.0,0.0,0.0,0.0
2019-01-05,22,0,245,105.06,105.06,0.0,1644.08909,0.0
2019-01-05,22,0,247,34.82,34.82,0.0,544.899887,0.0
2019-01-05,22,0,248,2.24,2.24,0.0,21.613595,0.0
2019-01-05,22,0,249,202.04,202.04,0.0,3161.733863,0.0
2019-01-05,22,0,251,312.51,312.51,0.0,4525.541999,0.0
2019-01-05,22,0,252,78.0,78.0,0.0,1153.205255,0.0
2019-01-05,22,0,254,0.0,0.0,0.0,0.0,0.0
2019-01-05,22,0,255,0.0,0.0,0.0,0.0,0.0
2019-01-05,22,0,258,0.0,0.0,0.0,0.0,0.0
2019-01-05,22,0,260,0.0,0.0,0.0,0.0,0.0
2019-01-05,22,0,265,0.0,0.0,0.0,0.0,0.0
2019-01-05,22,0,266,42.51,42.51,0.0,-24.523561,0.0
2019-01-05,22,0,267,52.24,52.24,0.0,-30.136694,0.0
2019-01-05,22,0,270,253.99,253.99,0.0,-48134.66699,0.0
2019-01-05,22,0,272,239.68,239.68,0.0,-3785.653245,0.0
2019-01-05,22,0,273,0.0,0.0,0.0,-0.0,0.0
2019-01-05,22,0,274,327.42,327.42,0.0,-62050.681782,0.0
2019-01-05,22,0,275,455.77,455.77,0.0,-86374.80678,0.0
2019-01-05,22,0,276,0.0,0.0,0.0,-0.0,0.0
2019-01-05,22,0,277,0.0,0.0,0.0,0.0,0.0
2019-01-05,22,0,278,0.0,0.0,0.0,0.0,0.0
2019-01-05,22,0,279,123.67,123.67,0.0,-2164.22675,0.0
2019-01-05,22,0,281,1.96,1.96,0.0,-15.008385,0.0
2019-01-05,22,0,282,0.0,0.0,0.0,0.0,0.0
2019-01-05,23,0,9,0.0,0.0,0.0,0.0,0.0
2019-01-05,23,0,17,0.0,0.0,0.0,0.0,0.0
2019-01-05,23,0,19,216.81,216.81,0.0,2392.108021,0.0
2019-01-05,23,0,20,262.95,262.95,0.0,2901.179853,0.0
2019-01-05,23,0,21,0.0,0.0,0.0,0.0,0.0
2019-01-05,23,0,22,0.0,0.0,0.0,0.0,0.0
2019-01-05,23,0,23,54.52,54.52,0.0,226.962304,0.0
2019-01-05,23,0,24,96.46,96.46,0.0,401.555097,0.0
2019-01-05,23,0,29,0.0,0.0,0.0,0.0,0.0
2019-01-05,23,0,30,0.0,0.0,0.0,0.0,0.0
2019-01-05,23,0,31,4.96,4.96,0.0,20.455686,0.0
2019-01-05,23,0,32,0.0,0.0,0.0,0.0,0.0
2019-01-05,23,0,33,0.0,0.0,0.0,0.0,0.0
2019-01-05,23,0,34,0.0,0.0,0.0,0.0,0.0
2019-01-05,23,0,35,0.0,0.0,0.0,0.0,0.0
2019-01-05,23,0,36,0.0,0.0,0.0,0.0,0.0
2019-01-05,23,0,37,0.0,0.0,0.0,0.0,0.0
2019-01-05,23,0,38,0.0,0.0,0.0,0.0,0.0
2019-01-05,23,0,39,0.0,0.0,0.0,0.0,0.0
2019-01-05,23,0,40,0.0,0.0,0.0,0.0,0.0
2019-01-05,23,0,41,51.13,51.13,0.0,319.143256,0.0
2019-01-05,23,0,42,0.0,0.0,0.0,0.0,0.0
2019-01-05,23,0,43,0.0,0.0,0.0,0.0,0.0
2019-01-05,23,0,46,0.0,0.0,0.0,0.0,0.0
2019-01-05,23,0,52,5.26,5.26,0.0,21.692925,0.0
2019-01-05,23,0,53,8.36,8.36,0.0,34.477729,0.0
2019-01-05,23,0,55,253.1,253.1,0.0,1053.634615,0.0
2019-01-05,23,0,56,0.0,0.0,0.0,0.0,0.0
2019-01-05,23,0,57,0.0,0.0,0.0,0.0,0.0
2019-01-05,23,0,58,0.0,0.0,0.0,0.0,0.0
2019-01-05,23,0,59,0.0,0.0,0.0,0.0,0.0
2019-01-05,23,0,63,70.87,70.87,0.0,1792.612917,0.0
2019-01-05,23,0,64,83.37,83.37,0.0,2108.792703,0.0
2019-01-05,23,0,65,9.44,9.44,0.0,103.598936,0.0
2019-01-05,23,0,67,0.0,0.0,0.0,-0.0,0.0
2019-01-05,23,0,68,4.75,4.75,0.0,-36.852386,0.0
2019-01-05,23,0,69,0.0,0.0,0.0,0.0,0.0
2019-01-05,23,0,74,11.65,11.65,0.0,108.937138,0.0
2019-01-05,23,0,77,116.79,116.79,0.0,52.198372,0.0
2019-01-05,23,0,78,88.29,88.29,0.0,39.460521,0.0
2019-01-05,23,0,79,51.09,51.09,0.0,22.834274,0.0
2019-01-05,23,0,80,82.63,82.63,0.0,36.930828,0.0
2019-01-05,23,0,81,108.03,108.03,0.0,48.283159,0.0
2019-01-05,23,0,82,76.2,76.2,0.0,34.05699,0.0
2019-01-05,23,0,83,169.92,169.92,0.0,75.944407,0.0
2019-01-05,23,0,84,0.0,0.0,0.0,0.0,0.0
2019-01-05,23,0,86,0.0,0.0,0.0,0.0,0.0
2019-01-05,23,0,87,0.0,0.0,0.0,0.0,0.0
2019-01-05,23,0,88,100.16,100.16,0.0,44.765724,0.0
2019-01-05,23,0,89,96.28,96.28,0.0,43.031589,0.0
2019-01-05,23,0,90,129.28,129.28,0.0,57.780679,0.0
2019-01-05,23,0,91,461.16,461.16,0.0,206.111834,0.0
2019-01-05,23,0,92,165.85,165.85,0.0,74.125353,0.0
2019-01-05,23,0,95,38.52,38.52,0.0,788.336522,0.0
2019-01-05,23,0,96,13.03,13.03,0.0,53.209217,0.0
2019-01-05,23,0,97,80.14,80.14,0.0,327.259146,0.0
2019-01-05,23,0,99,2.25,2.25,0.0,21.039361,0.0
2019-01-05,23,0,101,0.0,0.0,0.0,0.0,0.0
2019-01-05,23,0,102,11.24,11.24,0.0,-87.204382,0.0
2019-01-05,23,0,103,9.78,9.78,0.0,-75.877123,0.0
2019-01-05,23,0,104,1.82,1.82,0.0,-14.120283,0.0
2019-01-05,23,0,106,0.0,0.0,0.0,0.0,0.0
2019-01-05,23,0,109,85.46,85.46,0.0,638.49428,0.0
2019-01-05,23,0,110,226.7,226.7,0.0,-10559.336563,0.0
2019-01-05,23,0,111,0.0,0.0,0.0,0.0,0.0
2019-01-05,23,0,113,71.5,71.5,0.0,112.5037,0.0
2019-01-05,23,0,115,71.5,71.5,0.0,112.5037,0.0
2019-01-05,23,0,116,0.0,0.0,0.0,-0.0,0.0
2019-01-05,23,0,117,4.77,4.77,0.0,7.505492,0.0
2019-01-05,23,0,119,83.37,83.37,0.0,2108.792703,0.0
2019-01-05,23,0,120,49.02,49.02,0.0,1239.93065,0.0
2019-01-05,23,0,123,0.0,0.0,0.0,0.0,0.0
2019-01-05,23,0,125,87.29,87.29,0.0,363.381136,0.0
2019-01-05,23,0,126,0.0,0.0,0.0,0.0,0.0
2019-01-05,23,0,127,0.0,0.0,0.0,0.0,0.0
2019-01-05,23,0,128,125.02,125.02,0.0,520.448042,0.0
2019-01-05,23,0,131,14.09,14.09,0.0,-73.356027,0.0
2019-01-05,23,0,132,20.71,20.71,0.0,-107.821386,0.0
2019-01-05,23,0,133,39.07,39.07,0.0,431.283318,0.0
2019-01-05,23,0,134,0.0,0.0,0.0,0.0,0.0
2019-01-05,23,0,135,52.35,52.35,0.0,577.877699,0.0
2019-01-05,23,0,136,13.22,13.22,0.0,145.039781,0.0
2019-01-05,23,0,139,66.02,66.02,0.0,412.083665,0.0
2019-01-05,23,0,140,167.78,167.78,0.0,-7814.933782,0.0
2019-01-05,23,0,141,129.9,129.9,0.0,-2249.157785,0.0
2019-01-05,23,0,142,0.0,0.0,0.0,-0.0,0.0
2019-01-05,23,0,143,9.22,9.22,0.0,38.024481,0.0
2019-01-05,23,0,145,12.38,12.38,0.0,66.45125,0.0
2019-01-05,23,0,146,268.0,268.0,0.0,-12483.026902,0.0
2019-01-05,23,0,152,0.0,0.0,0.0,0.0,0.0
2019-01-05,23,0,153,0.0,0.0,0.0,0.0,0.0
2019-01-05,23,0,154,0.0,0.0,0.0,0.0,0.0
2019-01-05,23,0,157,102.43,102.43,0.0,-1773.527575,0.0
2019-01-05,23,0,158,0.0,0.0,0.0,-0.0,0.0
2019-01-05,23,0,159,0.0,0.0,0.0,0.0,0.0
2019-01-05,23,0,160,0.0,0.0,0.0,0.0,0.0
2019-01-05,23,0,161,0.0,0.0,0.0,-0.0,0.0
2019-01-05,23,0,162,13.53,13.53,0.0,277.629002,0.0
2019-01-05,23,0,163,78.39,78.39,0.0,-3651.285369,0.0
2019-01-05,23,0,164,0.0,0.0,0.0,0.0,0.0
2019-01-05,23,0,167,0.0,0.0,0.0,0.0,0.0
2019-01-05,23,0,168,0.0,0.0,0.0,0.0,0.0
2019-01-05,23,0,169,0.0,0.0,0.0,0.0,0.0
2019-01-05,23,0,170,0.0,0.0,0.0,0.0,0.0
2019-01-05,23,0,172,0.0,0.0,0.0,0.0,0.0
2019-01-05,23,0,173,0.0,0.0,0.0,0.0,0.0
2019-01-05,23,0,188,0.0,0.0,0.0,0.0,0.0
2019-01-05,23,0,190,0.0,0.0,0.0,0.0,0.0
2019-01-05,23,0,191,0.0,0.0,0.0,0.0,0.0
2019-01-05,23,0,192,104.1,104.1,0.0,2633.145261,0.0
2019-01-05,23,0,194,97.54,97.54,0.0,949.81866,0.0
2019-01-05,23,0,196,0.0,0.0,0.0,0.0,0.0
2019-01-05,23,0,198,0.0,0.0,0.0,0.0,0.0
2019-01-05,23,0,199,29.35,29.35,0.0,316.648742,0.0
2019-01-05,23,0,200,0.0,0.0,0.0,0.0,0.0
2019-01-05,23,0,204,362.42,362.42,0.0,2642.713321,0.0
2019-01-05,23,0,205,452.09,452.09,0.0,3377.684053,0.0
2019-01-05,23,0,206,235.47,235.47,0.0,961.563651,0.0
2019-01-05,23,0,210,0.0,0.0,0.0,0.0,0.0
2019-01-05,23,0,214,0.0,0.0,0.0,0.0,0.0
2019-01-05,23,0,217,0.0,0.0,0.0,0.0,0.0
2019-01-05,23,0,218,0.0,0.0,0.0,0.0,0.0
2019-01-05,23,0,219,0.0,0.0,0.0,0.0,0.0
2019-01-05,23,0,221,0.0,0.0,0.0,0.0,0.0
2019-01-05,23,0,225,0.0,0.0,0.0,0.0,0.0
2019-01-05,23,0,233,0.0,0.0,0.0,0.0,0.0
2019-01-05,23,0,236,21.81,21.81,0.0,223.007095,0.0
2019-01-05,23,0,237,27.96,27.96,0.0,261.449132,0.0
2019-01-05,23,0,238,0.0,0.0,0.0,0.0,0.0
2019-01-05,23,0,240,0.0,0.0,0.0,0.0,0.0
2019-01-05,23,0,245,96.38,96.38,0.0,1084.196875,0.0
2019-01-05,23,0,247,31.38,31.38,0.0,352.999564,0.0
2019-01-05,23,0,248,2.81,2.81,0.0,26.275825,0.0
2019-01-05,23,0,249,185.34,185.34,0.0,2084.924765,0.0
2019-01-05,23,0,251,135.18,135.18,0.0,1470.491926,0.0
2019-01-05,23,0,252,60.92,60.92,0.0,668.564323,0.0
2019-01-05,23,0,254,0.0,0.0,0.0,0.0,0.0
2019-01-05,23,0,255,0.0,0.0,0.0,0.0,0.0
2019-01-05,23,0,258,0.0,0.0,0.0,0.0,0.0
2019-01-05,23,0,260,0.0,0.0,0.0,0.0,0.0
2019-01-05,23,0,265,0.0,0.0,0.0,0.0,0.0
2019-01-05,23,0,266,42.75,42.75,0.0,266.836968,0.0
2019-01-05,23,0,267,52.54,52.54,0.0,327.944195,0.0
2019-01-05,23,0,270,244.8,244.8,0.0,-11402.406663,0.0
2019-01-05,23,0,272,238.97,238.97,0.0,376.014114,0.0
2019-01-05,23,0,273,0.0,0.0,0.0,-0.0,0.0
2019-01-05,23,0,274,315.58,315.58,0.0,-14699.229962,0.0
2019-01-05,23,0,275,439.29,439.29,0.0,-20461.451074,0.0
2019-01-05,23,0,276,0.0,0.0,0.0,-0.0,0.0
2019-01-05,23,0,277,0.0,0.0,0.0,0.0,0.0
2019-01-05,23,0,278,0.0,0.0,0.0,0.0,0.0
2019-01-05,23,0,279,124.19,124.19,0.0,139.320289,0.0
2019-01-05,23,0,281,2.23,2.23,0.0,9.196811,0.0
2019-01-05,23,0,282,0.0,0.0,0.0,0.0,0.0
2019-01-06,0,0,9,0.0,0.0,0.0,0.0,0.0
2019-01-06,0,0,17,0.0,0.0,0.0,0.0,0.0
2019-01-06,0,0,19,198.34,198.34,0.0,1775.846532,0.0
2019-01-06,0,0,20,240.55,240.55,0.0,2153.775755,0.0
2019-01-06,0,0,21,0.0,0.0,0.0,0.0,0.0
2019-01-06,0,0,22,0.0,0.0,0.0,0.0,0.0
2019-01-06,0,0,23,56.4,56.4,0.0,341.912271,0.0
2019-01-06,0,0,24,99.78,99.78,0.0,604.893731,0.0
2019-01-06,0,0,29,0.0,0.0,0.0,0.0,0.0
2019-01-06,0,0,30,0.0,0.0,0.0,0.0,0.0
2019-01-06,0,0,31,5.6,5.6,0.0,33.849455,0.0
2019-01-06,0,0,32,0.0,0.0,0.0,0.0,0.0
2019-01-06,0,0,33,0.0,0.0,0.0,0.0,0.0
2019-01-06,0,0,34,0.0,0.0,0.0,0.0,0.0
2019-01-06,0,0,35,0.0,0.0,0.0,0.0,0.0
2019-01-06,0,0,36,0.0,0.0,0.0,0.0,0.0
2019-01-06,0,0,37,0.0,0.0,0.0,0.0,0.0
2019-01-06,0,0,38,0.0,0.0,0.0,0.0,0.0
2019-01-06,0,0,39,0.0,0.0,0.0,0.0,0.0
2019-01-06,0,0,40,0.0,0.0,0.0,0.0,0.0
2019-01-06,0,0,41,51.34,51.34,0.0,359.027358,0.0
2019-01-06,0,0,42,0.0,0.0,0.0,0.0,0.0
2019-01-06,0,0,43,0.0,0.0,0.0,0.0,0.0
2019-01-06,0,0,46,0.0,0.0,0.0,0.0,0.0
2019-01-06,0,0,52,5.93,5.93,0.0,35.844155,0.0
2019-01-06,0,0,53,9.43,9.43,0.0,57.000065,0.0
2019-01-06,0,0,55,252.1,252.1,0.0,1528.299354,0.0
2019-01-06,0,0,56,0.0,0.0,0.0,0.0,0.0
2019-01-06,0,0,57,0.0,0.0,0.0,0.0,0.0
2019-01-06,0,0,58,0.0,0.0,0.0,0.0,0.0
2019-01-06,0,0,59,0.0,0.0,0.0,0.0,0.0
2019-01-06,0,0,63,71.15,71.15,0.0,1298.227664,0.0
2019-01-06,0,0,64,83.7,83.7,0.0,1527.219332,0.0
2019-01-06,0,0,65,7.26,7.26,0.0,64.844732,0.0
2019-01-06,0,0,67,0.0,0.0,0.0,-0.0,0.0
2019-01-06,0,0,68,4.8,4.8,0.0,-0.645242,0.0
2019-01-06,0,0,69,0.0,0.0,0.0,0.0,0.0
2019-01-06,0,0,74,14.54,14.54,0.0,120.963929,0.0
2019-01-06,0,0,77,132.85,132.85,0.0,579.173779,0.0
2019-01-06,0,0,78,100.43,100.43,0.0,437.835323,0.0
2019-01-06,0,0,79,58.12,58.12,0.0,253.380354,0.0
2019-01-06,0,0,80,93.99,93.99,0.0,409.759454,0.0
2019-01-06,0,0,81,122.88,122.88,0.0,535.708498,0.0
2019-01-06,0,0,82,86.68,86.68,0.0,377.890728,0.0
2019-01-06,0,0,83,193.29,193.29,0.0,842.668422,0.0
2019-01-06,0,0,84,0.0,0.0,0.0,0.0,0.0
2019-01-06,0,0,86,0.0,0.0,0.0,0.0,0.0
2019-01-06,0,0,87,0.0,0.0,0.0,0.0,0.0
2019-01-06,0,0,88,112.71,112.71,0.0,491.371296,0.0
2019-01-06,0,0,89,108.35,108.35,0.0,472.36341,0.0
2019-01-06,0,0,90,145.48,145.48,0.0,634.235615,0.0
2019-01-06,0,0,91,518.95,518.95,0.0,2262.418012,0.0
2019-01-06,0,0,92,186.64,186.64,0.0,813.677036,0.0
2019-01-06,0,0,95,21.16,21.16,0.0,330.044385,0.0
2019-01-06,0,0,96,13.51,13.51,0.0,81.411494,0.0
2019-01-06,0,0,97,83.08,83.08,0.0,500.641521,0.0
2019-01-06,0,0,99,2.81,2.81,0.0,23.377486,0.0
2019-01-06,0,0,101,0.0,0.0,0.0,0.0,0.0
2019-01-06,0,0,102,11.37,11.37,0.0,-1.528417,0.0
2019-01-06,0,0,103,9.89,9.89,0.0,-1.329468,0.0
2019-01-06,0,0,104,1.84,1.84,0.0,-0.247343,0.0
2019-01-06,0,0,106,0.0,0.0,0.0,0.0,0.0
2019-01-06,0,0,109,86.03,86.03,0.0,652.934172,0.0
2019-01-06,0,0,110,211.96,211.96,0.0,-4558.176702,0.0
2019-01-06,0,0,111,0.0,0.0,0.0,0.0,0.0
2019-01-06,0,0,113,73.19,73.19,0.0,370.000332,0.0
2019-01-06,0,0,115,73.19,73.19,0.0,370.000332,0.0
2019-01-06,0,0,116,0.0,0.0,0.0,-0.0,0.0
2019-01-06,0,0,117,4.88,4.88,0.0,24.670059,0.0
2019-01-06,0,0,119,83.7,83.7,0.0,1527.219332,0.0
2019-01-06,0,0,120,49.22,49.22,0.0,898.085251,0.0
2019-01-06,0,0,123,0.0,0.0,0.0,0.0,0.0
2019-01-06,0,0,125,90.3,90.3,0.0,547.42337,0.0
2019-01-06,0,0,126,0.0,0.0,0.0,0.0,0.0
2019-01-06,0,0,127,0.0,0.0,0.0,0.0,0.0
2019-01-06,0,0,128,129.33,129.33,0.0,784.033937,0.0
2019-01-06,0,0,131,14.54,14.54,0.0,18.473568,0.0
2019-01-06,0,0,132,21.38,21.38,0.0,27.164022,0.0
2019-01-06,0,0,133,36.74,36.74,0.0,329.028662,0.0
2019-01-06,0,0,134,0.0,0.0,0.0,0.0,0.0
2019-01-06,0,0,135,49.23,49.23,0.0,440.884078,0.0
2019-01-06,0,0,136,9.77,9.77,0.0,87.251829,0.0
2019-01-06,0,0,139,66.31,66.31,0.0,463.714533,0.0
2019-01-06,0,0,140,156.87,156.87,0.0,-3373.472255,0.0
2019-01-06,0,0,141,132.98,132.98,0.0,-717.438196,0.0
2019-01-06,0,0,142,0.0,0.0,0.0,-0.0,0.0
2019-01-06,0,0,143,28.22,28.22,0.0,170.577077,0.0
2019-01-06,0,0,145,12.37,12.37,0.0,81.866992,0.0
2019-01-06,0,0,146,268.0,268.0,0.0,-5763.310795,0.0
2019-01-06,0,0,152,0.0,0.0,0.0,0.0,0.0
2019-01-06,0,0,153,0.0,0.0,0.0,0.0,0.0
2019-01-06,0,0,154,0.0,0.0,0.0,0.0,0.0
2019-01-06,0,0,157,102.73,102.73,0.0,-554.236922,0.0
2019-01-06,0,0,158,0.0,0.0,0.0,-0.0,0.0
2019-01-06,0,0,159,0.0,0.0,0.0,0.0,0.0
2019-01-06,0,0,160,0.0,0.0,0.0,0.0,0.0
2019-01-06,0,0,161,0.0,0.0,0.0,-0.0,0.0
2019-01-06,0,0,162,12.73,12.73,0.0,198.931683,0.0
2019-01-06,0,0,163,78.44,78.44,0.0,-1686.843652,0.0
2019-01-06,0,0,164,0.0,0.0,0.0,0.0,0.0
2019-01-06,0,0,167,0.0,0.0,0.0,0.0,0.0
2019-01-06,0,0,168,0.0,0.0,0.0,0.0,0.0
2019-01-06,0,0,169,0.0,0.0,0.0,0.0,0.0
2019-01-06,0,0,170,0.0,0.0,0.0,0.0,0.0
2019-01-06,0,0,172,0.0,0.0,0.0,0.0,0.0
2019-01-06,0,0,173,0.0,0.0,0.0,0.0,0.0
2019-01-06,0,0,188,0.0,0.0,0.0,0.0,0.0
2019-01-06,0,0,190,0.0,0.0,0.0,0.0,0.0
2019-01-06,0,0,191,0.0,0.0,0.0,0.0,0.0
2019-01-06,0,0,192,98.9,98.9,0.0,1804.563822,0.0
2019-01-06,0,0,194,107.96,107.96,0.0,1038.605352,0.0
2019-01-06,0,0,196,0.0,0.0,0.0,0.0,0.0
2019-01-06,0,0,198,0.0,0.0,0.0,0.0,0.0
2019-01-06,0,0,199,11.69,11.69,0.0,122.981709,0.0
2019-01-06,0,0,200,0.0,0.0,0.0,0.0,0.0
2019-01-06,0,0,204,365.66,365.66,0.0,2748.426742,0.0
2019-01-06,0,0,205,455.12,455.12,0.0,3454.183428,0.0
2019-01-06,0,0,206,244.13,244.13,0.0,1471.131614,0.0
2019-01-06,0,0,210,0.0,0.0,0.0,0.0,0.0
2019-01-06,0,0,214,0.0,0.0,0.0,0.0,0.0
2019-01-06,0,0,217,0.0,0.0,0.0,0.0,0.0
2019-01-06,0,0,218,0.0,0.0,0.0,0.0,0.0
2019-01-06,0,0,219,0.0,0.0,0.0,0.0,0.0
2019-01-06,0,0,221,0.0,0.0,0.0,0.0,0.0
2019-01-06,0,0,225,0.0,0.0,0.0,0.0,0.0
2019-01-06,0,0,233,0.0,0.0,0.0,0.0,0.0
2019-01-06,0,0,236,21.63,21.63,0.0,187.222849,0.0
2019-01-06,0,0,237,34.88,34.88,0.0,290.180319,0.0
2019-01-06,0,0,238,0.0,0.0,0.0,0.0,0.0
2019-01-06,0,0,240,0.0,0.0,0.0,0.0,0.0
2019-01-06,0,0,245,55.35,55.35,0.0,500.009001,0.0
2019-01-06,0,0,247,28.11,28.11,0.0,253.93411,0.0
2019-01-06,0,0,248,3.5,3.5,0.0,29.117865,0.0
2019-01-06,0,0,249,103.69,103.69,0.0,936.692561,0.0
2019-01-06,0,0,251,121.92,121.92,0.0,1084.605868,0.0
2019-01-06,0,0,252,46.8,46.8,0.0,418.007365,0.0
2019-01-06,0,0,254,0.0,0.0,0.0,0.0,0.0
2019-01-06,0,0,255,0.0,0.0,0.0,0.0,0.0
2019-01-06,0,0,258,0.0,0.0,0.0,0.0,0.0
2019-01-06,0,0,260,0.0,0.0,0.0,0.0,0.0
2019-01-06,0,0,265,0.0,0.0,0.0,0.0,0.0
2019-01-06,0,0,266,42.93,42.93,0.0,300.215124,0.0
2019-01-06,0,0,267,52.76,52.76,0.0,368.957605,0.0
2019-01-06,0,0,270,244.97,244.97,0.0,-5268.053155,0.0
2019-01-06,0,0,272,244.59,244.59,0.0,1236.485603,0.0
2019-01-06,0,0,273,0.0,0.0,0.0,-0.0,0.0
2019-01-06,0,0,274,315.79,315.79,0.0,-6791.029538,0.0
2019-01-06,0,0,275,439.58,439.58,0.0,-9453.119998,0.0
2019-01-06,0,0,276,0.0,0.0,0.0,-0.0,0.0
2019-01-06,0,0,277,0.0,0.0,0.0,0.0,0.0
2019-01-06,0,0,278,0.0,0.0,0.0,0.0,0.0
2019-01-06,0,0,279,128.41,128.41,0.0,613.338726,0.0
2019-01-06,0,0,281,2.51,2.51,0.0,15.171809,0.0
2019-01-06,0,0,282,0.0,0.0,0.0,0.0,0.0
2019-01-06,1,0,9,0.0,0.0,0.0,0.0,0.0
2019-01-06,1,0,17,0.0,0.0,0.0,0.0,0.0
2019-01-06,1,0,19,181.49,181.49,0.0,1543.485637,0.0
2019-01-06,1,0,20,220.11,220.11,0.0,1871.930263,0.0
2019-01-06,1,0,21,0.0,0.0,0.0,0.0,0.0
2019-01-06,1,0,22,0.0,0.0,0.0,0.0,0.0
2019-01-06,1,0,23,58.33,58.33,0.0,386.721857,0.0
2019-01-06,1,0,24,103.21,103.21,0.0,684.271607,0.0
2019-01-06,1,0,29,0.0,0.0,0.0,0.0,0.0
2019-01-06,1,0,30,0.0,0.0,0.0,0.0,0.0
2019-01-06,1,0,31,14.16,14.16,0.0,93.711001,0.0
2019-01-06,1,0,32,0.0,0.0,0.0,0.0,0.0
2019-01-06,1,0,33,0.0,0.0,0.0,0.0,0.0
2019-01-06,1,0,34,0.0,0.0,0.0,0.0,0.0
2019-01-06,1,0,35,0.0,0.0,0.0,0.0,0.0
2019-01-06,1,0,36,0.0,0.0,0.0,0.0,0.0
2019-01-06,1,0,37,0.0,0.0,0.0,0.0,0.0
2019-01-06,1,0,38,0.0,0.0,0.0,0.0,0.0
2019-01-06,1,0,39,0.0,0.0,0.0,0.0,0.0
2019-01-06,1,0,40,0.0,0.0,0.0,0.0,0.0
2019-01-06,1,0,41,51.61,51.61,0.0,374.125948,0.0
2019-01-06,1,0,42,0.0,0.0,0.0,0.0,0.0
2019-01-06,1,0,43,0.0,0.0,0.0,0.0,0.0
2019-01-06,1,0,46,0.0,0.0,0.0,0.0,0.0
2019-01-06,1,0,52,15.08,15.08,0.0,99.799569,0.0
2019-01-06,1,0,53,24.64,24.64,0.0,163.06773,0.0
2019-01-06,1,0,55,211.55,211.55,0.0,1402.554582,0.0
2019-01-06,1,0,56,0.0,0.0,0.0,0.0,0.0
2019-01-06,1,0,57,0.0,0.0,0.0,0.0,0.0
2019-01-06,1,0,58,0.0,0.0,0.0,0.0,0.0
2019-01-06,1,0,59,0.0,0.0,0.0,0.0,0.0
2019-01-06,1,0,63,71.89,71.89,0.0,1110.717125,0.0
2019-01-06,1,0,64,84.58,84.58,0.0,1306.78056,0.0
2019-01-06,1,0,65,5.56,5.56,0.0,47.211267,0.0
2019-01-06,1,0,67,0.0,0.0,0.0,-0.0,0.0
2019-01-06,1,0,68,4.93,4.93,0.0,11.251011,0.0
2019-01-06,1,0,69,0.0,0.0,0.0,0.0,0.0
2019-01-06,1,0,74,17.84,17.84,0.0,144.753856,0.0
2019-01-06,1,0,77,152.2,152.2,0.0,835.136345,0.0
2019-01-06,1,0,78,115.07,115.07,0.0,631.400389,0.0
2019-01-06,1,0,79,66.59,66.59,0.0,365.385869,0.0
2019-01-06,1,0,80,107.68,107.68,0.0,590.850734,0.0
2019-01-06,1,0,81,140.79,140.79,0.0,772.528555,0.0
2019-01-06,1,0,82,99.31,99.31,0.0,544.923722,0.0
2019-01-06,1,0,83,221.46,221.46,0.0,1215.172766,0.0
2019-01-06,1,0,84,0.0,0.0,0.0,0.0,0.0
2019-01-06,1,0,86,0.0,0.0,0.0,0.0,0.0
2019-01-06,1,0,87,0.0,0.0,0.0,0.0,0.0
2019-01-06,1,0,88,127.91,127.91,0.0,701.85473,0.0
2019-01-06,1,0,89,122.96,122.96,0.0,674.693594,0.0
2019-01-06,1,0,90,165.1,165.1,0.0,905.919912,0.0
2019-01-06,1,0,91,588.95,588.95,0.0,3231.626482,0.0
2019-01-06,1,0,92,211.81,211.81,0.0,1162.222269,0.0
2019-01-06,1,0,95,27.18,27.18,0.0,368.570335,0.0
2019-01-06,1,0,96,14.05,14.05,0.0,92.808463,0.0
2019-01-06,1,0,97,86.38,86.38,0.0,570.590391,0.0
2019-01-06,1,0,99,3.44,3.44,0.0,27.912178,0.0
2019-01-06,1,0,101,0.0,0.0,0.0,0.0,0.0
2019-01-06,1,0,102,11.66,11.66,0.0,26.609897,0.0
2019-01-06,1,0,103,10.14,10.14,0.0,23.141025,0.0
2019-01-06,1,0,104,1.88,1.88,0.0,4.290447,0.0
2019-01-06,1,0,106,0.0,0.0,0.0,0.0,0.0
2019-01-06,1,0,109,87.71,87.71,0.0,671.67928,0.0
2019-01-06,1,0,110,199.5,199.5,0.0,-2589.852781,0.0
2019-01-06,1,0,111,0.0,0.0,0.0,0.0,0.0
2019-01-06,1,0,113,43.39,43.39,0.0,260.348015,0.0
2019-01-06,1,0,115,43.39,43.39,0.0,260.348015,0.0
2019-01-06,1,0,116,0.0,0.0,0.0,-0.0,0.0
2019-01-06,1,0,117,2.96,2.96,0.0,17.760547,0.0
2019-01-06,1,0,119,84.58,84.58,0.0,1306.78056,0.0
2019-01-06,1,0,120,49.73,49.73,0.0,768.34,0.0
2019-01-06,1,0,123,0.0,0.0,0.0,0.0,0.0
2019-01-06,1,0,125,93.39,93.39,0.0,619.166024,0.0
2019-01-06,1,0,126,0.0,0.0,0.0,0.0,0.0
2019-01-06,1,0,127,0.0,0.0,0.0,0.0,0.0
2019-01-06,1,0,128,133.76,133.76,0.0,886.814942,0.0
2019-01-06,1,0,131,15.14,15.14,0.0,49.744679,0.0
2019-01-06,1,0,132,22.25,22.25,0.0,73.105621,0.0
2019-01-06,1,0,133,34.54,34.54,0.0,293.789415,0.0
2019-01-06,1,0,134,0.0,0.0,0.0,0.0,0.0
2019-01-06,1,0,135,46.29,46.29,0.0,393.732253,0.0
2019-01-06,1,0,136,7.06,7.06,0.0,59.94297,0.0
2019-01-06,1,0,139,66.65,66.65,0.0,483.152382,0.0
2019-01-06,1,0,140,147.65,147.65,0.0,-1916.750692,0.0
2019-01-06,1,0,141,135.91,135.91,0.0,-200.504814,0.0
2019-01-06,1,0,142,0.0,0.0,0.0,-0.0,0.0
2019-01-06,1,0,143,44.09,44.09,0.0,291.787996,0.0
2019-01-06,1,0,145,12.78,12.78,0.0,89.511386,0.0
2019-01-06,1,0,146,268.0,268.0,0.0,-3479.100478,0.0
2019-01-06,1,0,152,0.0,0.0,0.0,0.0,0.0
2019-01-06,1,0,153,0.0,0.0,0.0,0.0,0.0
2019-01-06,1,0,154,0.0,0.0,0.0,0.0,0.0
2019-01-06,1,0,157,104.27,104.27,0.0,-153.827069,0.0
2019-01-06,1,0,158,0.0,0.0,0.0,-0.0,0.0
2019-01-06,1,0,159,0.0,0.0,0.0,0.0,0.0
2019-01-06,1,0,160,0.0,0.0,0.0,0.0,0.0
2019-01-06,1,0,161,0.0,0.0,0.0,0.0,0.0
2019-01-06,1,0,162,11.98,11.98,0.0,162.704328,0.0
2019-01-06,1,0,163,80.85,80.85,0.0,-1049.571917,0.0
2019-01-06,1,0,164,0.0,0.0,0.0,0.0,0.0
2019-01-06,1,0,167,0.0,0.0,0.0,0.0,0.0
2019-01-06,1,0,168,0.0,0.0,0.0,0.0,0.0
2019-01-06,1,0,169,0.0,0.0,0.0,0.0,0.0
2019-01-06,1,0,170,0.0,0.0,0.0,0.0,0.0
2019-01-06,1,0,172,0.0,0.0,0.0,0.0,0.0
2019-01-06,1,0,173,0.0,0.0,0.0,0.0,0.0
2019-01-06,1,0,188,0.0,0.0,0.0,0.0,0.0
2019-01-06,1,0,190,0.0,0.0,0.0,0.0,0.0
2019-01-06,1,0,191,0.0,0.0,0.0,0.0,0.0
2019-01-06,1,0,192,95.73,95.73,0.0,1479.050638,0.0
2019-01-06,1,0,194,122.41,122.41,0.0,1135.447275,0.0
2019-01-06,1,0,196,0.0,0.0,0.0,0.0,0.0
2019-01-06,1,0,198,0.0,0.0,0.0,0.0,0.0
2019-01-06,1,0,199,28.28,28.28,0.0,282.440745,0.0
2019-01-06,1,0,200,0.0,0.0,0.0,0.0,0.0
2019-01-06,1,0,204,375.09,375.09,0.0,2854.839347,0.0
2019-01-06,1,0,205,463.98,463.98,0.0,3553.13821,0.0
2019-01-06,1,0,206,253.81,253.81,0.0,1676.563408,0.0
2019-01-06,1,0,210,0.0,0.0,0.0,0.0,0.0
2019-01-06,1,0,214,0.0,0.0,0.0,0.0,0.0
2019-01-06,1,0,217,0.0,0.0,0.0,0.0,0.0
2019-01-06,1,0,218,0.0,0.0,0.0,0.0,0.0
2019-01-06,1,0,219,0.0,0.0,0.0,0.0,0.0
2019-01-06,1,0,221,0.0,0.0,0.0,0.0,0.0
2019-01-06,1,0,225,0.0,0.0,0.0,0.0,0.0
2019-01-06,1,0,233,0.0,0.0,0.0,0.0,0.0
2019-01-06,1,0,236,21.64,21.64,0.0,180.114746,0.0
2019-01-06,1,0,237,42.81,42.81,0.0,347.36057,0.0
2019-01-06,1,0,238,0.0,0.0,0.0,0.0,0.0
2019-01-06,1,0,240,0.0,0.0,0.0,0.0,0.0
2019-01-06,1,0,245,23.9,23.9,0.0,204.425788,0.0
2019-01-06,1,0,247,25.3,25.3,0.0,216.400521,0.0
2019-01-06,1,0,248,4.3,4.3,0.0,34.890223,0.0
2019-01-06,1,0,249,45.95,45.95,0.0,393.027823,0.0
2019-01-06,1,0,251,110.46,110.46,0.0,935.532218,0.0
2019-01-06,1,0,252,35.86,35.86,0.0,304.495691,0.0
2019-01-06,1,0,254,0.0,0.0,0.0,0.0,0.0
2019-01-06,1,0,255,0.0,0.0,0.0,0.0,0.0
2019-01-06,1,0,258,0.0,0.0,0.0,0.0,0.0
2019-01-06,1,0,260,0.0,0.0,0.0,0.0,0.0
2019-01-06,1,0,265,0.0,0.0,0.0,0.0,0.0
2019-01-06,1,0,266,43.16,43.16,0.0,312.87107,0.0
2019-01-06,1,0,267,53.04,53.04,0.0,384.492158,0.0
2019-01-06,1,0,270,252.49,252.49,0.0,-3277.754029,0.0
2019-01-06,1,0,272,144.7,144.7,0.0,868.226731,0.0
2019-01-06,1,0,273,0.0,0.0,0.0,-0.0,0.0
2019-01-06,1,0,274,325.49,325.49,0.0,-4225.419457,0.0
2019-01-06,1,0,275,453.09,453.09,0.0,-5881.8867,0.0
2019-01-06,1,0,276,0.0,0.0,0.0,-0.0,0.0
2019-01-06,1,0,277,0.0,0.0,0.0,0.0,0.0
2019-01-06,1,0,278,0.0,0.0,0.0,0.0,0.0
2019-01-06,1,0,279,135.96,135.96,0.0,787.817509,0.0
2019-01-06,1,0,281,5.85,5.85,0.0,38.71535,0.0
2019-01-06,1,0,282,0.0,0.0,0.0,0.0,0.0
2019-01-06,2,0,9,0.0,0.0,0.0,0.0,0.0
2019-01-06,2,0,17,0.0,0.0,0.0,0.0,0.0
2019-01-06,2,0,19,205.77,205.77,0.0,1886.267693,0.0
2019-01-06,2,0,20,249.56,249.56,0.0,2287.685112,0.0
2019-01-06,2,0,21,0.0,0.0,0.0,0.0,0.0
2019-01-06,2,0,22,0.0,0.0,0.0,0.0,0.0
2019-01-06,2,0,23,56.22,56.22,0.0,460.676291,0.0
2019-01-06,2,0,24,99.48,99.48,0.0,815.156126,0.0
2019-01-06,2,0,29,0.0,0.0,0.0,0.0,0.0
2019-01-06,2,0,30,0.0,0.0,0.0,0.0,0.0
2019-01-06,2,0,31,4.47,4.47,0.0,36.600372,0.0
2019-01-06,2,0,32,0.0,0.0,0.0,0.0,0.0
2019-01-06,2,0,33,0.0,0.0,0.0,0.0,0.0
2019-01-06,2,0,34,0.0,0.0,0.0,0.0,0.0
2019-01-06,2,0,35,0.0,0.0,0.0,0.0,0.0
2019-01-06,2,0,36,0.0,0.0,0.0,0.0,0.0
2019-01-06,2,0,37,0.0,0.0,0.0,0.0,0.0
2019-01-06,2,0,38,0.0,0.0,0.0,0.0,0.0
2019-01-06,2,0,39,0.0,0.0,0.0,0.0,0.0
2019-01-06,2,0,40,0.0,0.0,0.0,0.0,0.0
2019-01-06,2,0,41,52.28,52.28,0.0,445.188327,0.0
2019-01-06,2,0,42,0.0,0.0,0.0,0.0,0.0
2019-01-06,2,0,43,0.0,0.0,0.0,0.0,0.0
2019-01-06,2,0,46,0.0,0.0,0.0,0.0,0.0
2019-01-06,2,0,52,4.74,4.74,0.0,38.811132,0.0
2019-01-06,2,0,53,7.53,7.53,0.0,61.655659,0.0
2019-01-06,2,0,55,234.45,234.45,0.0,1921.123379,0.0
2019-01-06,2,0,56,0.0,0.0,0.0,0.0,0.0
2019-01-06,2,0,57,0.0,0.0,0.0,0.0,0.0
2019-01-06,2,0,58,0.0,0.0,0.0,0.0,0.0
2019-01-06,2,0,59,0.0,0.0,0.0,0.0,0.0
2019-01-06,2,0,63,74.58,74.58,0.0,952.45038,0.0
2019-01-06,2,0,64,87.74,87.74,0.0,1120.514834,0.0
2019-01-06,2,0,65,4.65,4.65,0.0,42.593907,0.0
2019-01-06,2,0,67,0.0,0.0,0.0,0.0,0.0
2019-01-06,2,0,68,4.77,4.77,0.0,28.325305,0.0
2019-01-06,2,0,69,0.0,0.0,0.0,0.0,0.0
2019-01-06,2,0,74,15.68,15.68,0.0,140.559339,0.0
2019-01-06,2,0,77,151.59,151.59,0.0,1152.265492,0.0
2019-01-06,2,0,78,114.6,114.6,0.0,871.097206,0.0
2019-01-06,2,0,79,66.32,66.32,0.0,504.111402,0.0
2019-01-06,2,0,80,107.25,107.25,0.0,815.228406,0.0
2019-01-06,2,0,81,140.22,140.22,0.0,1065.83988,0.0
2019-01-06,2,0,82,98.91,98.91,0.0,751.834421,0.0
2019-01-06,2,0,83,220.56,220.56,0.0,1676.520067,0.0
2019-01-06,2,0,84,0.0,0.0,0.0,0.0,0.0
2019-01-06,2,0,86,0.0,0.0,0.0,0.0,0.0
2019-01-06,2,0,87,0.0,0.0,0.0,0.0,0.0
2019-01-06,2,0,88,125.57,125.57,0.0,954.48234,0.0
2019-01-06,2,0,89,120.71,120.71,0.0,917.540521,0.0
2019-01-06,2,0,90,162.08,162.08,0.0,1232.002052,0.0
2019-01-06,2,0,91,578.17,578.17,0.0,4394.784219,0.0
2019-01-06,2,0,92,207.94,207.94,0.0,1580.592958,0.0
2019-01-06,2,0,95,10.96,10.96,0.0,129.220991,0.0
2019-01-06,2,0,96,13.68,13.68,0.0,111.923687,0.0
2019-01-06,2,0,97,84.12,84.12,0.0,688.232494,0.0
2019-01-06,2,0,99,3.03,3.03,0.0,27.161658,0.0
2019-01-06,2,0,101,0.0,0.0,0.0,0.0,0.0
2019-01-06,2,0,102,11.3,11.3,0.0,67.101875,0.0
2019-01-06,2,0,103,9.82,9.82,0.0,58.313311,0.0
2019-01-06,2,0,104,1.82,1.82,0.0,10.807559,0.0
2019-01-06,2,0,106,0.0,0.0,0.0,0.0,0.0
2019-01-06,2,0,109,82.28,82.28,0.0,718.107667,0.0
2019-01-06,2,0,110,176.76,176.76,0.0,-350.316919,0.0
2019-01-06,2,0,111,0.0,0.0,0.0,0.0,0.0
2019-01-06,2,0,113,45.74,45.74,0.0,359.856109,0.0
2019-01-06,2,0,115,45.74,45.74,0.0,359.856109,0.0
2019-01-06,2,0,116,0.0,0.0,0.0,-0.0,0.0
2019-01-06,2,0,117,2.44,2.44,0.0,19.196522,0.0
2019-01-06,2,0,119,87.74,87.74,0.0,1120.514834,0.0
2019-01-06,2,0,120,51.59,51.59,0.0,658.848419,0.0
2019-01-06,2,0,123,0.0,0.0,0.0,0.0,0.0
2019-01-06,2,0,125,90.02,90.02,0.0,737.639269,0.0
2019-01-06,2,0,126,0.0,0.0,0.0,0.0,0.0
2019-01-06,2,0,127,0.0,0.0,0.0,0.0,0.0
2019-01-06,2,0,128,128.93,128.93,0.0,1056.47446,0.0
2019-01-06,2,0,131,14.8,14.8,0.0,95.591875,0.0
2019-01-06,2,0,132,21.76,21.76,0.0,140.545892,0.0
2019-01-06,2,0,133,36.8,36.8,0.0,337.364871,0.0
2019-01-06,2,0,134,0.0,0.0,0.0,0.0,0.0
2019-01-06,2,0,135,49.31,49.31,0.0,452.050593,0.0
2019-01-06,2,0,136,6.57,6.57,0.0,60.178582,0.0
2019-01-06,2,0,139,67.51,67.51,0.0,574.878806,0.0
2019-01-06,2,0,140,130.82,130.82,0.0,-259.269401,0.0
2019-01-06,2,0,141,133.15,133.15,0.0,531.077976,0.0
2019-01-06,2,0,142,0.0,0.0,0.0,0.0,0.0
2019-01-06,2,0,143,17.77,17.77,0.0,145.500806,0.0
2019-01-06,2,0,145,11.73,11.73,0.0,98.394714,0.0
2019-01-06,2,0,146,268.0,268.0,0.0,-531.143553,0.0
2019-01-06,2,0,152,0.0,0.0,0.0,0.0,0.0
2019-01-06,2,0,153,0.0,0.0,0.0,0.0,0.0
2019-01-06,2,0,154,0.0,0.0,0.0,0.0,0.0
2019-01-06,2,0,157,104.79,104.79,0.0,417.962156,0.0
2019-01-06,2,0,158,0.0,0.0,0.0,0.0,0.0
2019-01-06,2,0,159,0.0,0.0,0.0,0.0,0.0
2019-01-06,2,0,160,0.0,0.0,0.0,0.0,0.0
2019-01-06,2,0,161,0.0,0.0,0.0,0.0,0.0
2019-01-06,2,0,162,11.65,11.65,0.0,137.48307,0.0
2019-01-06,2,0,163,76.79,76.79,0.0,-152.188483,0.0
2019-01-06,2,0,164,0.0,0.0,0.0,0.0,0.0
2019-01-06,2,0,167,0.0,0.0,0.0,0.0,0.0
2019-01-06,2,0,168,0.0,0.0,0.0,0.0,0.0
2019-01-06,2,0,169,0.0,0.0,0.0,0.0,0.0
2019-01-06,2,0,170,0.0,0.0,0.0,0.0,0.0
2019-01-06,2,0,172,0.0,0.0,0.0,0.0,0.0
2019-01-06,2,0,173,0.0,0.0,0.0,0.0,0.0
2019-01-06,2,0,188,0.0,0.0,0.0,0.0,0.0
2019-01-06,2,0,190,0.0,0.0,0.0,0.0,0.0
2019-01-06,2,0,191,0.0,0.0,0.0,0.0,0.0
2019-01-06,2,0,192,88.4,88.4,0.0,1128.943599,0.0
2019-01-06,2,0,194,133.99,133.99,0.0,1281.890323,0.0
2019-01-06,2,0,196,0.0,0.0,0.0,0.0,0.0
2019-01-06,2,0,198,0.0,0.0,0.0,0.0,0.0
2019-01-06,2,0,199,11.36,11.36,0.0,112.875851,0.0
2019-01-06,2,0,200,0.0,0.0,0.0,0.0,0.0
2019-01-06,2,0,204,367.91,367.91,0.0,3202.025718,0.0
2019-01-06,2,0,205,403.92,403.92,0.0,3525.25582,0.0
2019-01-06,2,0,206,247.18,247.18,0.0,2022.317021,0.0
2019-01-06,2,0,210,0.0,0.0,0.0,0.0,0.0
2019-01-06,2,0,214,0.0,0.0,0.0,0.0,0.0
2019-01-06,2,0,217,0.0,0.0,0.0,0.0,0.0
2019-01-06,2,0,218,0.0,0.0,0.0,0.0,0.0
2019-01-06,2,0,219,0.0,0.0,0.0,0.0,0.0
2019-01-06,2,0,221,0.0,0.0,0.0,0.0,0.0
2019-01-06,2,0,225,0.0,0.0,0.0,0.0,0.0
2019-01-06,2,0,233,0.0,0.0,0.0,0.0,0.0
2019-01-06,2,0,236,17.69,17.69,0.0,160.497954,0.0
2019-01-06,2,0,237,37.61,37.61,0.0,337.1452,0.0
2019-01-06,2,0,238,0.0,0.0,0.0,0.0,0.0
2019-01-06,2,0,240,0.0,0.0,0.0,0.0,0.0
2019-01-06,2,0,245,24.84,24.84,0.0,228.33489,0.0
2019-01-06,2,0,247,21.84,21.84,0.0,200.758212,0.0
2019-01-06,2,0,248,3.78,3.78,0.0,33.884841,0.0
2019-01-06,2,0,249,47.76,47.76,0.0,439.020706,0.0
2019-01-06,2,0,251,78.52,78.52,0.0,718.352865,0.0
2019-01-06,2,0,252,30.02,30.02,0.0,274.982601,0.0
2019-01-06,2,0,254,0.0,0.0,0.0,0.0,0.0
2019-01-06,2,0,255,0.0,0.0,0.0,0.0,0.0
2019-01-06,2,0,258,0.0,0.0,0.0,0.0,0.0
2019-01-06,2,0,260,0.0,0.0,0.0,0.0,0.0
2019-01-06,2,0,265,0.0,0.0,0.0,0.0,0.0
2019-01-06,2,0,266,43.72,43.72,0.0,372.295977,0.0
2019-01-06,2,0,267,53.72,53.72,0.0,457.450592,0.0
2019-01-06,2,0,270,239.83,239.83,0.0,-475.314023,0.0
2019-01-06,2,0,272,197.3,197.3,0.0,1552.243338,0.0
2019-01-06,2,0,273,0.0,0.0,0.0,-0.0,0.0
2019-01-06,2,0,274,309.17,309.17,0.0,-612.737508,0.0
2019-01-06,2,0,275,430.36,430.36,0.0,-852.921416,0.0
2019-01-06,2,0,276,0.0,0.0,0.0,-0.0,0.0
2019-01-06,2,0,277,0.0,0.0,0.0,0.0,0.0
2019-01-06,2,0,278,0.0,0.0,0.0,0.0,0.0
2019-01-06,2,0,279,130.98,130.98,0.0,1016.49533,0.0
2019-01-06,2,0,281,2.01,2.01,0.0,16.457885,0.0
2019-01-06,2,0,282,0.0,0.0,0.0,0.0,0.0
2019-01-06,3,0,9,0.0,0.0,0.0,0.0,0.0
2019-01-06,3,0,17,0.0,0.0,0.0,0.0,0.0
2019-01-06,3,0,19,231.65,231.65,0.0,2132.518248,0.0
2019-01-06,3,0,20,280.95,280.95,0.0,2586.363055,0.0
2019-01-06,3,0,21,0.0,0.0,0.0,0.0,0.0
2019-01-06,3,0,22,0.0,0.0,0.0,0.0,0.0
2019-01-06,3,0,23,54.73,54.73,0.0,337.904968,0.0
2019-01-06,3,0,24,96.83,96.83,0.0,597.831867,0.0
2019-01-06,3,0,29,0.0,0.0,0.0,0.0,0.0
2019-01-06,3,0,30,0.0,0.0,0.0,0.0,0.0
2019-01-06,3,0,31,3.21,3.21,0.0,19.761039,0.0
2019-01-06,3,0,32,0.0,0.0,0.0,0.0,0.0
2019-01-06,3,0,33,0.0,0.0,0.0,0.0,0.0
2019-01-06,3,0,34,0.0,0.0,0.0,0.0,0.0
2019-01-06,3,0,35,0.0,0.0,0.0,0.0,0.0
2019-01-06,3,0,36,0.0,0.0,0.0,0.0,0.0
2019-01-06,3,0,37,0.0,0.0,0.0,0.0,0.0
2019-01-06,3,0,38,0.0,0.0,0.0,0.0,0.0
2019-01-06,3,0,39,0.0,0.0,0.0,0.0,0.0
2019-01-06,3,0,40,0.0,0.0,0.0,0.0,0.0
2019-01-06,3,0,41,54.49,54.49,0.0,388.217634,0.0
2019-01-06,3,0,42,0.0,0.0,0.0,0.0,0.0
2019-01-06,3,0,43,0.0,0.0,0.0,0.0,0.0
2019-01-06,3,0,46,0.0,0.0,0.0,0.0,0.0
2019-01-06,3,0,52,3.41,3.41,0.0,20.992256,0.0
2019-01-06,3,0,53,5.41,5.41,0.0,33.30443,0.0
2019-01-06,3,0,55,224.97,224.97,0.0,1388.972787,0.0
2019-01-06,3,0,56,0.0,0.0,0.0,0.0,0.0
2019-01-06,3,0,57,0.0,0.0,0.0,0.0,0.0
2019-01-06,3,0,58,0.0,0.0,0.0,0.0,0.0
2019-01-06,3,0,59,0.0,0.0,0.0,0.0,0.0
2019-01-06,3,0,63,78.11,78.11,0.0,1362.866766,0.0
2019-01-06,3,0,64,91.9,91.9,0.0,1603.475301,0.0
2019-01-06,3,0,65,3.88,3.88,0.0,35.624632,0.0
2019-01-06,3,0,67,0.0,0.0,0.0,-0.0,0.0
2019-01-06,3,0,68,4.63,4.63,0.0,0.994036,0.0
2019-01-06,3,0,69,0.0,0.0,0.0,0.0,0.0
2019-01-06,3,0,74,13.65,13.65,0.0,116.122016,0.0
2019-01-06,3,0,77,150.71,150.71,0.0,670.962742,0.0
2019-01-06,3,0,78,113.94,113.94,0.0,507.262258,0.0
2019-01-06,3,0,79,65.94,65.94,0.0,293.565677,0.0
2019-01-06,3,0,80,106.63,106.63,0.0,474.718049,0.0
2019-01-06,3,0,81,139.41,139.41,0.0,620.655006,0.0
2019-01-06,3,0,82,98.34,98.34,0.0,437.810869,0.0
2019-01-06,3,0,83,219.28,219.28,0.0,976.237211,0.0
2019-01-06,3,0,84,0.0,0.0,0.0,0.0,0.0
2019-01-06,3,0,86,0.0,0.0,0.0,0.0,0.0
2019-01-06,3,0,87,0.0,0.0,0.0,0.0,0.0
2019-01-06,3,0,88,123.6,123.6,0.0,550.268694,0.0
2019-01-06,3,0,89,118.82,118.82,0.0,528.988077,0.0
2019-01-06,3,0,90,159.53,159.53,0.0,710.229489,0.0
2019-01-06,3,0,91,569.09,569.09,0.0,2533.59556,0.0
2019-01-06,3,0,92,204.67,204.67,0.0,911.193315,0.0
2019-01-06,3,0,95,11.05,11.05,0.0,165.219651,0.0
2019-01-06,3,0,96,13.28,13.28,0.0,81.503725,0.0
2019-01-06,3,0,97,81.67,81.67,0.0,501.235637,0.0
2019-01-06,3,0,99,2.64,2.64,0.0,22.458763,0.0
2019-01-06,3,0,101,0.0,0.0,0.0,0.0,0.0
2019-01-06,3,0,102,10.97,10.97,0.0,2.355199,0.0
2019-01-06,3,0,103,9.54,9.54,0.0,2.048186,0.0
2019-01-06,3,0,104,1.77,1.77,0.0,0.380009,0.0
2019-01-06,3,0,106,0.0,0.0,0.0,0.0,0.0
2019-01-06,3,0,109,84.7,84.7,0.0,653.370468,0.0
2019-01-06,3,0,110,156.0,156.0,0.0,-3103.906767,0.0
2019-01-06,3,0,111,0.0,0.0,0.0,0.0,0.0
2019-01-06,3,0,113,37.66,37.66,0.0,191.327596,0.0
2019-01-06,3,0,115,37.66,37.66,0.0,191.327596,0.0
2019-01-06,3,0,116,0.0,0.0,0.0,-0.0,0.0
2019-01-06,3,0,117,1.93,1.93,0.0,9.805158,0.0
2019-01-06,3,0,119,91.9,91.9,0.0,1603.475301,0.0
2019-01-06,3,0,120,54.04,54.04,0.0,942.892332,0.0
2019-01-06,3,0,123,0.0,0.0,0.0,0.0,0.0
2019-01-06,3,0,125,87.63,87.63,0.0,541.030739,0.0
2019-01-06,3,0,126,0.0,0.0,0.0,0.0,0.0
2019-01-06,3,0,127,0.0,0.0,0.0,0.0,0.0
2019-01-06,3,0,128,125.5,125.5,0.0,774.841467,0.0
2019-01-06,3,0,131,14.45,14.45,0.0,22.208034,0.0
2019-01-06,3,0,132,21.24,21.24,0.0,32.643505,0.0
2019-01-06,3,0,133,22.21,22.21,0.0,204.510885,0.0
2019-01-06,3,0,134,0.0,0.0,0.0,0.0,0.0
2019-01-06,3,0,135,29.72,29.72,0.0,273.663373,0.0
2019-01-06,3,0,136,6.14,6.14,0.0,56.366915,0.0
2019-01-06,3,0,139,70.37,70.37,0.0,501.355752,0.0
2019-01-06,3,0,140,115.46,115.46,0.0,-2297.288944,0.0
2019-01-06,3,0,141,131.52,131.52,0.0,-622.8864,0.0
2019-01-06,3,0,142,0.0,0.0,0.0,-0.0,0.0
2019-01-06,3,0,143,6.92,6.92,0.0,42.600121,0.0
2019-01-06,3,0,145,11.05,11.05,0.0,74.417652,0.0
2019-01-06,3,0,146,250.2,250.2,0.0,-4978.18893,0.0
2019-01-06,3,0,152,0.0,0.0,0.0,0.0,0.0
2019-01-06,3,0,153,0.0,0.0,0.0,0.0,0.0
2019-01-06,3,0,154,0.0,0.0,0.0,0.0,0.0
2019-01-06,3,0,157,105.46,105.46,0.0,-499.464719,0.0
2019-01-06,3,0,158,0.0,0.0,0.0,-0.0,0.0
2019-01-06,3,0,159,0.0,0.0,0.0,0.0,0.0
2019-01-06,3,0,160,0.0,0.0,0.0,0.0,0.0
2019-01-06,3,0,161,0.0,0.0,0.0,0.0,0.0
2019-01-06,3,0,162,11.55,11.55,0.0,173.016505,0.0
2019-01-06,3,0,163,73.21,73.21,0.0,-1456.647528,0.0
2019-01-06,3,0,164,0.0,0.0,0.0,0.0,0.0
2019-01-06,3,0,167,0.0,0.0,0.0,0.0,0.0
2019-01-06,3,0,168,0.0,0.0,0.0,0.0,0.0
2019-01-06,3,0,169,0.0,0.0,0.0,0.0,0.0
2019-01-06,3,0,170,0.0,0.0,0.0,0.0,0.0
2019-01-06,3,0,172,0.0,0.0,0.0,0.0,0.0
2019-01-06,3,0,173,0.0,0.0,0.0,0.0,0.0
2019-01-06,3,0,188,0.0,0.0,0.0,0.0,0.0
2019-01-06,3,0,190,0.0,0.0,0.0,0.0,0.0
2019-01-06,3,0,191,0.0,0.0,0.0,0.0,0.0
2019-01-06,3,0,192,82.63,82.63,0.0,1441.731927,0.0
2019-01-06,3,0,194,148.27,148.27,0.0,1386.593102,0.0
2019-01-06,3,0,196,0.0,0.0,0.0,0.0,0.0
2019-01-06,3,0,198,0.0,0.0,0.0,0.0,0.0
2019-01-06,3,0,199,11.35,11.35,0.0,114.483259,0.0
2019-01-06,3,0,200,0.0,0.0,0.0,0.0,0.0
2019-01-06,3,0,204,376.41,376.41,0.0,2874.301001,0.0
2019-01-06,3,0,205,448.06,448.06,0.0,3456.306633,0.0
2019-01-06,3,0,206,239.97,239.97,0.0,1472.774774,0.0
2019-01-06,3,0,210,0.0,0.0,0.0,0.0,0.0
2019-01-06,3,0,214,0.0,0.0,0.0,0.0,0.0
2019-01-06,3,0,217,0.0,0.0,0.0,0.0,0.0
2019-01-06,3,0,218,0.0,0.0,0.0,0.0,0.0
2019-01-06,3,0,219,0.0,0.0,0.0,0.0,0.0
2019-01-06,3,0,221,0.0,0.0,0.0,0.0,0.0
2019-01-06,3,0,225,0.0,0.0,0.0,0.0,0.0
2019-01-06,3,0,233,0.0,0.0,0.0,0.0,0.0
2019-01-06,3,0,236,14.74,14.74,0.0,130.805219,0.0
2019-01-06,3,0,237,32.76,32.76,0.0,278.692838,0.0
2019-01-06,3,0,238,0.0,0.0,0.0,0.0,0.0
2019-01-06,3,0,240,0.0,0.0,0.0,0.0,0.0
2019-01-06,3,0,245,25.84,25.84,0.0,240.174012,0.0
2019-01-06,3,0,247,18.66,18.66,0.0,173.438354,0.0
2019-01-06,3,0,248,3.29,3.29,0.0,27.988383,0.0
2019-01-06,3,0,249,49.7,49.7,0.0,461.944596,0.0
2019-01-06,3,0,251,53.92,53.92,0.0,492.932433,0.0
2019-01-06,3,0,252,25.06,25.06,0.0,230.091054,0.0
2019-01-06,3,0,254,0.0,0.0,0.0,0.0,0.0
2019-01-06,3,0,255,0.0,0.0,0.0,0.0,0.0
2019-01-06,3,0,258,0.0,0.0,0.0,0.0,0.0
2019-01-06,3,0,260,0.0,0.0,0.0,0.0,0.0
2019-01-06,3,0,265,0.0,0.0,0.0,0.0,0.0
2019-01-06,3,0,266,45.57,45.57,0.0,324.6665,0.0
2019-01-06,3,0,267,55.99,55.99,0.0,398.904484,0.0
2019-01-06,3,0,270,228.64,228.64,0.0,-4549.213097,0.0
2019-01-06,3,0,272,153.84,153.84,0.0,781.567642,0.0
2019-01-06,3,0,273,0.0,0.0,0.0,-0.0,0.0
2019-01-06,3,0,274,294.74,294.74,0.0,-5864.394106,0.0
2019-01-06,3,0,275,410.29,410.29,0.0,-8163.473765,0.0
2019-01-06,3,0,276,0.0,0.0,0.0,-0.0,0.0
2019-01-06,3,0,277,0.0,0.0,0.0,0.0,0.0
2019-01-06,3,0,278,0.0,0.0,0.0,0.0,0.0
2019-01-06,3,0,279,125.75,125.75,0.0,607.179459,0.0
2019-01-06,3,0,281,1.44,1.44,0.0,8.864765,0.0
2019-01-06,3,0,282,0.0,0.0,0.0,0.0,0.0
2019-01-06,4,0,9,0.0,0.0,0.0,0.0,0.0
2019-01-06,4,0,17,0.0,0.0,0.0,0.0,0.0
2019-01-06,4,0,19,260.74,260.74,0.0,2587.835791,0.0
2019-01-06,4,0,20,316.23,316.23,0.0,3138.572187,0.0
2019-01-06,4,0,21,0.0,0.0,0.0,0.0,0.0
2019-01-06,4,0,22,0.0,0.0,0.0,0.0,0.0
2019-01-06,4,0,23,48.23,48.23,0.0,377.982831,0.0
2019-01-06,4,0,24,79.71,79.71,0.0,624.694412,0.0
2019-01-06,4,0,29,0.0,0.0,0.0,0.0,0.0
2019-01-06,4,0,30,0.0,0.0,0.0,0.0,0.0
2019-01-06,4,0,31,2.41,2.41,0.0,18.860299,0.0
2019-01-06,4,0,32,0.0,0.0,0.0,0.0,0.0
2019-01-06,4,0,33,0.0,0.0,0.0,0.0,0.0
2019-01-06,4,0,34,0.0,0.0,0.0,0.0,0.0
2019-01-06,4,0,35,0.0,0.0,0.0,0.0,0.0
2019-01-06,4,0,36,0.0,0.0,0.0,0.0,0.0
2019-01-06,4,0,37,0.0,0.0,0.0,0.0,0.0
2019-01-06,4,0,38,0.0,0.0,0.0,0.0,0.0
2019-01-06,4,0,39,0.0,0.0,0.0,0.0,0.0
2019-01-06,4,0,40,0.0,0.0,0.0,0.0,0.0
2019-01-06,4,0,41,57.83,57.83,0.0,488.490951,0.0
2019-01-06,4,0,42,0.0,0.0,0.0,0.0,0.0
2019-01-06,4,0,43,0.0,0.0,0.0,0.0,0.0
2019-01-06,4,0,46,0.0,0.0,0.0,0.0,0.0
2019-01-06,4,0,52,2.55,2.55,0.0,19.955918,0.0
2019-01-06,4,0,53,4.05,4.05,0.0,31.694694,0.0
2019-01-06,4,0,55,222.55,222.55,0.0,1744.14429,0.0
2019-01-06,4,0,56,0.0,0.0,0.0,0.0,0.0
2019-01-06,4,0,57,0.0,0.0,0.0,0.0,0.0
2019-01-06,4,0,58,0.0,0.0,0.0,0.0,0.0
2019-01-06,4,0,59,0.0,0.0,0.0,0.0,0.0
2019-01-06,4,0,63,83.07,83.07,0.0,1077.811803,0.0
2019-01-06,4,0,64,97.74,97.74,0.0,1268.151266,0.0
2019-01-06,4,0,65,3.21,3.21,0.0,31.798147,0.0
2019-01-06,4,0,67,0.0,0.0,0.0,0.0,0.0
2019-01-06,4,0,68,4.49,4.49,0.0,20.988695,0.0
2019-01-06,4,0,69,0.0,0.0,0.0,0.0,0.0
2019-01-06,4,0,74,11.95,11.95,0.0,112.149301,0.0
2019-01-06,4,0,77,150.34,150.34,0.0,1016.596361,0.0
2019-01-06,4,0,78,113.65,113.65,0.0,768.499245,0.0
2019-01-06,4,0,79,65.77,65.77,0.0,444.735551,0.0
2019-01-06,4,0,80,106.36,106.36,0.0,719.204396,0.0
2019-01-06,4,0,81,139.06,139.06,0.0,940.321205,0.0
2019-01-06,4,0,82,98.09,98.09,0.0,663.282806,0.0
2019-01-06,4,0,83,218.74,218.74,0.0,1479.115924,0.0
2019-01-06,4,0,84,0.0,0.0,0.0,0.0,0.0
2019-01-06,4,0,86,0.0,0.0,0.0,0.0,0.0
2019-01-06,4,0,87,0.0,0.0,0.0,0.0,0.0
2019-01-06,4,0,88,121.82,121.82,0.0,823.744637,0.0
2019-01-06,4,0,89,117.1,117.1,0.0,791.828082,0.0
2019-01-06,4,0,90,157.23,157.23,0.0,1063.186416,0.0
2019-01-06,4,0,91,560.88,560.88,0.0,3792.660416,0.0
2019-01-06,4,0,92,201.72,201.72,0.0,1364.026992,0.0
2019-01-06,4,0,95,26.36,26.36,0.0,309.674931,0.0
2019-01-06,4,0,96,12.97,12.97,0.0,101.34893,0.0
2019-01-06,4,0,97,79.77,79.77,0.0,623.331081,0.0
2019-01-06,4,0,99,2.31,2.31,0.0,21.67907,0.0
2019-01-06,4,0,101,0.0,0.0,0.0,0.0,0.0
2019-01-06,4,0,102,10.64,10.64,0.0,49.73713,0.0
2019-01-06,4,0,103,9.25,9.25,0.0,43.239516,0.0
2019-01-06,4,0,104,1.72,1.72,0.0,8.040213,0.0
2019-01-06,4,0,106,0.0,0.0,0.0,0.0,0.0
2019-01-06,4,0,109,89.23,89.23,0.0,784.313478,0.0
2019-01-06,4,0,110,136.99,136.99,0.0,-706.705068,0.0
2019-01-06,4,0,111,0.0,0.0,0.0,0.0,0.0
2019-01-06,4,0,113,20.82,20.82,0.0,146.111667,0.0
2019-01-06,4,0,115,20.82,20.82,0.0,146.111667,0.0
2019-01-06,4,0,116,0.0,0.0,0.0,-0.0,0.0
2019-01-06,4,0,117,1.39,1.39,0.0,9.754813,0.0
2019-01-06,4,0,119,97.74,97.74,0.0,1268.151266,0.0
2019-01-06,4,0,120,57.47,57.47,0.0,745.658413,0.0
2019-01-06,4,0,123,0.0,0.0,0.0,0.0,0.0
2019-01-06,4,0,125,73.14,73.14,0.0,573.204733,0.0
2019-01-06,4,0,126,0.0,0.0,0.0,0.0,0.0
2019-01-06,4,0,127,0.0,0.0,0.0,0.0,0.0
2019-01-06,4,0,128,99.32,99.32,0.0,778.379739,0.0
2019-01-06,4,0,131,14.08,14.08,0.0,74.919916,0.0
2019-01-06,4,0,132,20.7,20.7,0.0,110.145047,0.0
2019-01-06,4,0,133,33.79,33.79,0.0,335.425115,0.0
2019-01-06,4,0,134,0.0,0.0,0.0,0.0,0.0
2019-01-06,4,0,135,46.62,46.62,0.0,462.785405,0.0
2019-01-06,4,0,136,5.73,5.73,0.0,56.7552,0.0
2019-01-06,4,0,139,74.69,74.69,0.0,630.907646,0.0
2019-01-06,4,0,140,101.39,101.39,0.0,-523.051514,0.0
2019-01-06,4,0,141,132.14,132.14,0.0,297.832582,0.0
2019-01-06,4,0,142,0.0,0.0,0.0,0.0,0.0
2019-01-06,4,0,143,5.56,5.56,0.0,43.511728,0.0
2019-01-06,4,0,145,10.76,10.76,0.0,88.061024,0.0
2019-01-06,4,0,146,223.27,223.27,0.0,-1151.806997,0.0
2019-01-06,4,0,152,0.0,0.0,0.0,0.0,0.0
2019-01-06,4,0,153,0.0,0.0,0.0,0.0,0.0
2019-01-06,4,0,154,0.0,0.0,0.0,0.0,0.0
2019-01-06,4,0,157,106.57,106.57,0.0,240.199926,0.0
2019-01-06,4,0,158,0.0,0.0,0.0,0.0,0.0
2019-01-06,4,0,159,0.0,0.0,0.0,0.0,0.0
2019-01-06,4,0,160,0.0,0.0,0.0,0.0,0.0
2019-01-06,4,0,161,0.0,0.0,0.0,0.0,0.0
2019-01-06,4,0,162,11.74,11.74,0.0,138.081676,0.0
2019-01-06,4,0,163,69.82,69.82,0.0,-360.187954,0.0
2019-01-06,4,0,164,0.0,0.0,0.0,0.0,0.0
2019-01-06,4,0,167,0.0,0.0,0.0,0.0,0.0
2019-01-06,4,0,168,0.0,0.0,0.0,0.0,0.0
2019-01-06,4,0,169,0.0,0.0,0.0,0.0,0.0
2019-01-06,4,0,170,0.0,0.0,0.0,0.0,0.0
2019-01-06,4,0,172,0.0,0.0,0.0,0.0,0.0
2019-01-06,4,0,173,0.0,0.0,0.0,0.0,0.0
2019-01-06,4,0,188,0.0,0.0,0.0,0.0,0.0
2019-01-06,4,0,190,0.0,0.0,0.0,0.0,0.0
2019-01-06,4,0,191,0.0,0.0,0.0,0.0,0.0
2019-01-06,4,0,192,79.11,79.11,0.0,1026.431826,0.0
2019-01-06,4,0,194,165.3,165.3,0.0,1497.35226,0.0
2019-01-06,4,0,196,0.0,0.0,0.0,0.0,0.0
2019-01-06,4,0,198,0.0,0.0,0.0,0.0,0.0
2019-01-06,4,0,199,11.4,11.4,0.0,104.870887,0.0
2019-01-06,4,0,200,0.0,0.0,0.0,0.0,0.0
2019-01-06,4,0,204,402.64,402.64,0.0,3516.818537,0.0
2019-01-06,4,0,205,472.01,472.01,0.0,4148.871511,0.0
2019-01-06,4,0,206,234.41,234.41,0.0,1831.704135,0.0
2019-01-06,4,0,210,0.0,0.0,0.0,0.0,0.0
2019-01-06,4,0,214,0.0,0.0,0.0,0.0,0.0
2019-01-06,4,0,217,0.0,0.0,0.0,0.0,0.0
2019-01-06,4,0,218,0.0,0.0,0.0,0.0,0.0
2019-01-06,4,0,219,0.0,0.0,0.0,0.0,0.0
2019-01-06,4,0,221,0.0,0.0,0.0,0.0,0.0
2019-01-06,4,0,225,0.0,0.0,0.0,0.0,0.0
2019-01-06,4,0,233,0.0,0.0,0.0,0.0,0.0
2019-01-06,4,0,236,12.5,12.5,0.0,120.785694,0.0
2019-01-06,4,0,237,28.66,28.66,0.0,268.970625,0.0
2019-01-06,4,0,238,0.0,0.0,0.0,0.0,0.0
2019-01-06,4,0,240,0.0,0.0,0.0,0.0,0.0
2019-01-06,4,0,245,27.19,27.19,0.0,271.759763,0.0
2019-01-06,4,0,247,16.19,16.19,0.0,161.816498,0.0
2019-01-06,4,0,248,2.88,2.88,0.0,27.028451,0.0
2019-01-06,4,0,249,52.29,52.29,0.0,522.630306,0.0
2019-01-06,4,0,251,35.44,35.44,0.0,349.961728,0.0
2019-01-06,4,0,252,20.72,20.72,0.0,205.251587,0.0
2019-01-06,4,0,254,0.0,0.0,0.0,0.0,0.0
2019-01-06,4,0,255,0.0,0.0,0.0,0.0,0.0
2019-01-06,4,0,258,0.0,0.0,0.0,0.0,0.0
2019-01-06,4,0,260,0.0,0.0,0.0,0.0,0.0
2019-01-06,4,0,265,0.0,0.0,0.0,0.0,0.0
2019-01-06,4,0,266,48.36,48.36,0.0,408.497707,0.0
2019-01-06,4,0,267,59.43,59.43,0.0,502.006178,0.0
2019-01-06,4,0,270,218.05,218.05,0.0,-1124.878021,0.0
2019-01-06,4,0,272,69.59,69.59,0.0,488.372281,0.0
2019-01-06,4,0,273,0.0,0.0,0.0,-0.0,0.0
2019-01-06,4,0,274,281.09,281.09,0.0,-1450.089259,0.0
2019-01-06,4,0,275,391.29,391.29,0.0,-2018.589869,0.0
2019-01-06,4,0,276,0.0,0.0,0.0,-0.0,0.0
2019-01-06,4,0,277,0.0,0.0,0.0,0.0,0.0
2019-01-06,4,0,278,0.0,0.0,0.0,0.0,0.0
2019-01-06,4,0,279,121.23,121.23,0.0,838.338087,0.0
2019-01-06,4,0,281,1.08,1.08,0.0,8.451918,0.0
2019-01-06,4,0,282,0.0,0.0,0.0,0.0,0.0
2019-01-06,5,0,9,0.0,0.0,0.0,0.0,0.0
2019-01-06,5,0,17,0.0,0.0,0.0,0.0,0.0
2019-01-06,5,0,19,225.78,225.78,0.0,2288.116842,0.0
2019-01-06,5,0,20,273.83,273.83,0.0,2775.068805,0.0
2019-01-06,5,0,21,0.0,0.0,0.0,0.0,0.0
2019-01-06,5,0,22,0.0,0.0,0.0,0.0,0.0
2019-01-06,5,0,23,56.42,56.42,0.0,352.979612,0.0
2019-01-06,5,0,24,99.82,99.82,0.0,624.50239,0.0
2019-01-06,5,0,29,0.0,0.0,0.0,0.0,0.0
2019-01-06,5,0,30,0.0,0.0,0.0,0.0,0.0
2019-01-06,5,0,31,2.49,2.49,0.0,15.524478,0.0
2019-01-06,5,0,32,0.0,0.0,0.0,0.0,0.0
2019-01-06,5,0,33,0.0,0.0,0.0,0.0,0.0
2019-01-06,5,0,34,0.0,0.0,0.0,0.0,0.0
2019-01-06,5,0,35,0.0,0.0,0.0,0.0,0.0
2019-01-06,5,0,36,0.0,0.0,0.0,0.0,0.0
2019-01-06,5,0,37,0.0,0.0,0.0,0.0,0.0
2019-01-06,5,0,38,0.0,0.0,0.0,0.0,0.0
2019-01-06,5,0,39,0.0,0.0,0.0,0.0,0.0
2019-01-06,5,0,40,0.0,0.0,0.0,0.0,0.0
2019-01-06,5,0,41,72.91,72.91,0.0,540.716401,0.0
2019-01-06,5,0,42,0.0,0.0,0.0,0.0,0.0
2019-01-06,5,0,43,0.0,0.0,0.0,0.0,0.0
2019-01-06,5,0,46,0.0,0.0,0.0,0.0,0.0
2019-01-06,5,0,52,2.64,2.64,0.0,16.459688,0.0
2019-01-06,5,0,53,4.19,4.19,0.0,26.123519,0.0
2019-01-06,5,0,55,153.75,153.75,0.0,961.903852,0.0
2019-01-06,5,0,56,0.0,0.0,0.0,0.0,0.0
2019-01-06,5,0,57,0.0,0.0,0.0,0.0,0.0
2019-01-06,5,0,58,0.0,0.0,0.0,0.0,0.0
2019-01-06,5,0,59,0.0,0.0,0.0,0.0,0.0
2019-01-06,5,0,63,99.23,99.23,0.0,1725.59465,0.0
2019-01-06,5,0,64,116.74,116.74,0.0,2030.090894,0.0
2019-01-06,5,0,65,3.21,3.21,0.0,32.422314,0.0
2019-01-06,5,0,67,0.0,0.0,0.0,-0.0,0.0
2019-01-06,5,0,68,4.7,4.7,0.0,-0.884004,0.0
2019-01-06,5,0,69,0.0,0.0,0.0,0.0,0.0
2019-01-06,5,0,74,11.03,11.03,0.0,101.110067,0.0
2019-01-06,5,0,77,169.02,169.02,0.0,708.578856,0.0
2019-01-06,5,0,78,127.78,127.78,0.0,535.689304,0.0
2019-01-06,5,0,79,73.94,73.94,0.0,309.977048,0.0
2019-01-06,5,0,80,119.58,119.58,0.0,501.312623,0.0
2019-01-06,5,0,81,156.34,156.34,0.0,655.420769,0.0
2019-01-06,5,0,82,110.28,110.28,0.0,462.324436,0.0
2019-01-06,5,0,83,245.92,245.92,0.0,1030.965047,0.0
2019-01-06,5,0,84,0.0,0.0,0.0,0.0,0.0
2019-01-06,5,0,86,0.0,0.0,0.0,0.0,0.0
2019-01-06,5,0,87,0.0,0.0,0.0,0.0,0.0
2019-01-06,5,0,88,149.79,149.79,0.0,627.961347,0.0
2019-01-06,5,0,89,143.99,143.99,0.0,603.646133,0.0
2019-01-06,5,0,90,193.34,193.34,0.0,810.535061,0.0
2019-01-06,5,0,91,689.67,689.67,0.0,2891.288484,0.0
2019-01-06,5,0,92,248.04,248.04,0.0,1039.852677,0.0
2019-01-06,5,0,95,13.63,13.63,0.0,201.901851,0.0
2019-01-06,5,0,96,13.91,13.91,0.0,86.411743,0.0
2019-01-06,5,0,97,85.53,85.53,0.0,531.32972,0.0
2019-01-06,5,0,99,2.13,2.13,0.0,19.525335,0.0
2019-01-06,5,0,101,0.0,0.0,0.0,0.0,0.0
2019-01-06,5,0,102,11.12,11.12,0.0,-2.091516,0.0
2019-01-06,5,0,103,9.67,9.67,0.0,-1.818792,0.0
2019-01-06,5,0,104,1.8,1.8,0.0,-0.338555,0.0
2019-01-06,5,0,106,0.0,0.0,0.0,0.0,0.0
2019-01-06,5,0,109,108.19,108.19,0.0,875.377803,0.0
2019-01-06,5,0,110,164.69,164.69,0.0,-3439.655455,0.0
2019-01-06,5,0,111,0.0,0.0,0.0,0.0,0.0
2019-01-06,5,0,113,51.75,51.75,0.0,247.089198,0.0
2019-01-06,5,0,115,51.75,51.75,0.0,247.089198,0.0
2019-01-06,5,0,116,0.0,0.0,0.0,-0.0,0.0
2019-01-06,5,0,117,2.49,2.49,0.0,11.88893,0.0
2019-01-06,5,0,119,116.74,116.74,0.0,2030.090894,0.0
2019-01-06,5,0,120,68.64,68.64,0.0,1193.639189,0.0
2019-01-06,5,0,123,0.0,0.0,0.0,0.0,0.0
2019-01-06,5,0,125,90.33,90.33,0.0,565.130243,0.0
2019-01-06,5,0,126,0.0,0.0,0.0,0.0,0.0
2019-01-06,5,0,127,0.0,0.0,0.0,0.0,0.0
2019-01-06,5,0,128,129.38,129.38,0.0,809.438181,0.0
2019-01-06,5,0,131,15.24,15.24,0.0,17.870945,0.0
2019-01-06,5,0,132,22.41,22.41,0.0,26.278733,0.0
2019-01-06,5,0,133,12.41,12.41,0.0,125.805963,0.0
2019-01-06,5,0,134,0.0,0.0,0.0,0.0,0.0
2019-01-06,5,0,135,17.68,17.68,0.0,179.230413,0.0
2019-01-06,5,0,136,5.95,5.95,0.0,60.086373,0.0
2019-01-06,5,0,139,94.16,94.16,0.0,698.311018,0.0
2019-01-06,5,0,140,121.89,121.89,0.0,-2545.750218,0.0
2019-01-06,5,0,141,129.58,129.58,0.0,-684.583567,0.0
2019-01-06,5,0,142,0.0,0.0,0.0,-0.0,0.0
2019-01-06,5,0,143,10.72,10.72,0.0,66.836307,0.0
2019-01-06,5,0,145,11.38,11.38,0.0,78.800663,0.0
2019-01-06,5,0,146,237.6,237.6,0.0,-4962.427204,0.0
2019-01-06,5,0,152,0.0,0.0,0.0,0.0,0.0
2019-01-06,5,0,153,0.0,0.0,0.0,0.0,0.0
2019-01-06,5,0,154,0.0,0.0,0.0,0.0,0.0
2019-01-06,5,0,157,114.74,114.74,0.0,-606.182424,0.0
2019-01-06,5,0,158,0.0,0.0,0.0,-0.0,0.0
2019-01-06,5,0,159,0.0,0.0,0.0,0.0,0.0
2019-01-06,5,0,160,0.0,0.0,0.0,0.0,0.0
2019-01-06,5,0,161,0.0,0.0,0.0,-0.0,0.0
2019-01-06,5,0,162,11.65,11.65,0.0,172.90724,0.0
2019-01-06,5,0,163,71.9,71.9,0.0,-1501.677256,0.0
2019-01-06,5,0,164,0.0,0.0,0.0,0.0,0.0
2019-01-06,5,0,167,0.0,0.0,0.0,0.0,0.0
2019-01-06,5,0,168,0.0,0.0,0.0,0.0,0.0
2019-01-06,5,0,169,0.0,0.0,0.0,0.0,0.0
2019-01-06,5,0,170,0.0,0.0,0.0,0.0,0.0
2019-01-06,5,0,172,0.0,0.0,0.0,0.0,0.0
2019-01-06,5,0,173,0.0,0.0,0.0,0.0,0.0
2019-01-06,5,0,188,0.0,0.0,0.0,0.0,0.0
2019-01-06,5,0,190,0.0,0.0,0.0,0.0,0.0
2019-01-06,5,0,191,0.0,0.0,0.0,0.0,0.0
2019-01-06,5,0,192,82.62,82.62,0.0,1436.749269,0.0
2019-01-06,5,0,194,176.5,176.5,0.0,1608.013892,0.0
2019-01-06,5,0,196,0.0,0.0,0.0,0.0,0.0
2019-01-06,5,0,198,0.0,0.0,0.0,0.0,0.0
2019-01-06,5,0,199,11.18,11.18,0.0,107.253539,0.0
2019-01-06,5,0,200,0.0,0.0,0.0,0.0,0.0
2019-01-06,5,0,204,508.58,508.58,0.0,4063.200719,0.0
2019-01-06,5,0,205,572.33,572.33,0.0,4630.788225,0.0
2019-01-06,5,0,206,251.31,251.31,0.0,1561.188728,0.0
2019-01-06,5,0,210,0.0,0.0,0.0,0.0,0.0
2019-01-06,5,0,214,0.0,0.0,0.0,0.0,0.0
2019-01-06,5,0,217,0.0,0.0,0.0,0.0,0.0
2019-01-06,5,0,218,0.0,0.0,0.0,0.0,0.0
2019-01-06,5,0,219,0.0,0.0,0.0,0.0,0.0
2019-01-06,5,0,221,0.0,0.0,0.0,0.0,0.0
2019-01-06,5,0,225,0.0,0.0,0.0,0.0,0.0
2019-01-06,5,0,233,0.0,0.0,0.0,0.0,0.0
2019-01-06,5,0,236,12.07,12.07,0.0,116.691227,0.0
2019-01-06,5,0,237,26.46,26.46,0.0,242.554158,0.0
2019-01-06,5,0,238,0.0,0.0,0.0,0.0,0.0
2019-01-06,5,0,240,0.0,0.0,0.0,0.0,0.0
2019-01-06,5,0,245,21.24,21.24,0.0,217.897202,0.0
2019-01-06,5,0,247,14.77,14.77,0.0,151.522677,0.0
2019-01-06,5,0,248,2.66,2.66,0.0,24.383751,0.0
2019-01-06,5,0,249,40.85,40.85,0.0,419.072537,0.0
2019-01-06,5,0,251,37.48,37.48,0.0,376.479328,0.0
2019-01-06,5,0,252,20.68,20.68,0.0,208.876466,0.0
2019-01-06,5,0,254,0.0,0.0,0.0,0.0,0.0
2019-01-06,5,0,255,0.0,0.0,0.0,0.0,0.0
2019-01-06,5,0,258,0.0,0.0,0.0,0.0,0.0
2019-01-06,5,0,260,0.0,0.0,0.0,0.0,0.0
2019-01-06,5,0,265,0.0,0.0,0.0,0.0,0.0
2019-01-06,5,0,266,60.97,60.97,0.0,452.166767,0.0
2019-01-06,5,0,267,74.93,74.93,0.0,555.69716,0.0
2019-01-06,5,0,270,224.54,224.54,0.0,-4689.660793,0.0
2019-01-06,5,0,272,177.91,177.91,0.0,849.461627,0.0
2019-01-06,5,0,273,0.0,0.0,0.0,-0.0,0.0
2019-01-06,5,0,274,289.46,289.46,0.0,-6045.556306,0.0
2019-01-06,5,0,275,402.93,402.93,0.0,-8415.449466,0.0
2019-01-06,5,0,276,0.0,0.0,0.0,-0.0,0.0
2019-01-06,5,0,277,0.0,0.0,0.0,0.0,0.0
2019-01-06,5,0,278,0.0,0.0,0.0,0.0,0.0
2019-01-06,5,0,279,132.23,132.23,0.0,600.480233,0.0
2019-01-06,5,0,281,1.12,1.12,0.0,6.982898,0.0
2019-01-06,5,0,282,0.0,0.0,0.0,0.0,0.0
2019-01-06,6,0,9,0.0,0.0,0.0,0.0,0.0
2019-01-06,6,0,17,0.0,0.0,0.0,0.0,0.0
2019-01-06,6,0,19,195.18,195.18,0.0,1846.510443,0.0
2019-01-06,6,0,20,236.71,236.71,0.0,2239.407148,0.0
2019-01-06,6,0,21,0.0,0.0,0.0,0.0,0.0
2019-01-06,6,0,22,0.0,0.0,0.0,0.0,0.0
2019-01-06,6,0,23,59.25,59.25,0.0,350.014446,0.0
2019-01-06,6,0,24,104.84,104.84,0.0,619.333579,0.0
2019-01-06,6,0,29,0.0,0.0,0.0,0.0,0.0
2019-01-06,6,0,30,0.0,0.0,0.0,0.0,0.0
2019-01-06,6,0,31,2.58,2.58,0.0,15.188269,0.0
2019-01-06,6,0,32,0.0,0.0,0.0,0.0,0.0
2019-01-06,6,0,33,0.0,0.0,0.0,0.0,0.0
2019-01-06,6,0,34,0.0,0.0,0.0,0.0,0.0
2019-01-06,6,0,35,0.0,0.0,0.0,0.0,0.0
2019-01-06,6,0,36,0.0,0.0,0.0,0.0,0.0
2019-01-06,6,0,37,0.0,0.0,0.0,0.0,0.0
2019-01-06,6,0,38,0.0,0.0,0.0,0.0,0.0
2019-01-06,6,0,39,0.0,0.0,0.0,0.0,0.0
2019-01-06,6,0,40,0.0,0.0,0.0,0.0,0.0
2019-01-06,6,0,41,89.75,89.75,0.0,628.225177,0.0
2019-01-06,6,0,42,0.0,0.0,0.0,0.0,0.0
2019-01-06,6,0,43,0.0,0.0,0.0,0.0,0.0
2019-01-06,6,0,46,0.0,0.0,0.0,0.0,0.0
2019-01-06,6,0,52,2.74,2.74,0.0,16.130177,0.0
2019-01-06,6,0,53,4.34,4.34,0.0,25.549258,0.0
2019-01-06,6,0,55,58.14,58.14,0.0,343.457214,0.0
2019-01-06,6,0,56,0.0,0.0,0.0,0.0,0.0
2019-01-06,6,0,57,0.0,0.0,0.0,0.0,0.0
2019-01-06,6,0,58,0.0,0.0,0.0,0.0,0.0
2019-01-06,6,0,59,0.0,0.0,0.0,0.0,0.0
2019-01-06,6,0,63,117.53,117.53,0.0,2097.316094,0.0
2019-01-06,6,0,64,138.27,138.27,0.0,2467.420202,0.0
2019-01-06,6,0,65,3.21,3.21,0.0,30.273766,0.0
2019-01-06,6,0,67,0.0,0.0,0.0,-0.0,0.0
2019-01-06,6,0,68,4.91,4.91,0.0,-3.042372,0.0
2019-01-06,6,0,69,0.0,0.0,0.0,0.0,0.0
2019-01-06,6,0,74,10.17,10.17,0.0,87.595316,0.0
2019-01-06,6,0,77,189.12,189.12,0.0,745.709066,0.0
2019-01-06,6,0,78,142.97,142.97,0.0,563.737443,0.0
2019-01-06,6,0,79,82.74,82.74,0.0,326.247716,0.0
2019-01-06,6,0,80,133.8,133.8,0.0,527.579701,0.0
2019-01-06,6,0,81,174.93,174.93,0.0,689.757228,0.0
2019-01-06,6,0,82,123.4,123.4,0.0,486.572011,0.0
2019-01-06,6,0,83,275.17,275.17,0.0,1085.008269,0.0
2019-01-06,6,0,84,0.0,0.0,0.0,0.0,0.0
2019-01-06,6,0,86,0.0,0.0,0.0,0.0,0.0
2019-01-06,6,0,87,0.0,0.0,0.0,0.0,0.0
2019-01-06,6,0,88,170.6,170.6,0.0,672.683834,0.0
2019-01-06,6,0,89,164.0,164.0,0.0,646.659723,0.0
2019-01-06,6,0,90,220.2,220.2,0.0,868.25897,0.0
2019-01-06,6,0,91,785.5,785.5,0.0,3097.263492,0.0
2019-01-06,6,0,92,282.5,282.5,0.0,1113.910804,0.0
2019-01-06,6,0,95,16.61,16.61,0.0,251.784452,0.0
2019-01-06,6,0,96,14.97,14.97,0.0,87.806697,0.0
2019-01-06,6,0,97,92.06,92.06,0.0,539.978929,0.0
2019-01-06,6,0,99,1.96,1.96,0.0,16.881693,0.0
2019-01-06,6,0,101,0.0,0.0,0.0,0.0,0.0
2019-01-06,6,0,102,11.62,11.62,0.0,-7.200073,0.0
2019-01-06,6,0,103,10.1,10.1,0.0,-6.258239,0.0
2019-01-06,6,0,104,1.88,1.88,0.0,-1.1649,0.0
2019-01-06,6,0,106,0.0,0.0,0.0,0.0,0.0
2019-01-06,6,0,109,130.19,130.19,0.0,997.230718,0.0
2019-01-06,6,0,110,197.0,197.0,0.0,-4381.151777,0.0
2019-01-06,6,0,111,0.0,0.0,0.0,0.0,0.0
2019-01-06,6,0,113,70.55,70.55,0.0,324.078878,0.0
2019-01-06,6,0,115,70.55,70.55,0.0,324.078878,0.0
2019-01-06,6,0,116,0.0,0.0,0.0,-0.0,0.0
2019-01-06,6,0,117,2.8,2.8,0.0,12.862096,0.0
2019-01-06,6,0,119,138.27,138.27,0.0,2467.420202,0.0
2019-01-06,6,0,120,81.3,81.3,0.0,1450.793827,0.0
2019-01-06,6,0,123,0.0,0.0,0.0,0.0,0.0
2019-01-06,6,0,125,94.87,94.87,0.0,560.436633,0.0
2019-01-06,6,0,126,0.0,0.0,0.0,0.0,0.0
2019-01-06,6,0,127,0.0,0.0,0.0,0.0,0.0
2019-01-06,6,0,128,135.88,135.88,0.0,802.699797,0.0
2019-01-06,6,0,131,16.42,16.42,0.0,13.164225,0.0
2019-01-06,6,0,132,24.14,24.14,0.0,19.353495,0.0
2019-01-06,6,0,133,8.26,8.26,0.0,78.167091,0.0
2019-01-06,6,0,134,0.0,0.0,0.0,0.0,0.0
2019-01-06,6,0,135,11.06,11.06,0.0,104.66441,0.0
2019-01-06,6,0,136,6.21,6.21,0.0,58.556958,0.0
2019-01-06,6,0,139,115.9,115.9,0.0,811.267944,0.0
2019-01-06,6,0,140,145.8,145.8,0.0,-3242.497102,0.0
2019-01-06,6,0,141,127.43,127.43,0.0,-757.143653,0.0
2019-01-06,6,0,142,0.0,0.0,0.0,-0.0,0.0
2019-01-06,6,0,143,19.32,19.32,0.0,113.735408,0.0
2019-01-06,6,0,145,12.05,12.05,0.0,78.8728,0.0
2019-01-06,6,0,146,253.93,253.93,0.0,-5647.237923,0.0
2019-01-06,6,0,152,0.0,0.0,0.0,0.0,0.0
2019-01-06,6,0,153,0.0,0.0,0.0,0.0,0.0
2019-01-06,6,0,154,0.0,0.0,0.0,0.0,0.0
2019-01-06,6,0,157,123.48,123.48,0.0,-733.67416,0.0
2019-01-06,6,0,158,0.0,0.0,0.0,-0.0,0.0
2019-01-06,6,0,159,0.0,0.0,0.0,0.0,0.0
2019-01-06,6,0,160,0.0,0.0,0.0,0.0,0.0
2019-01-06,6,0,161,0.0,0.0,0.0,-0.0,0.0
2019-01-06,6,0,162,11.81,11.81,0.0,179.37667,0.0
2019-01-06,6,0,163,74.47,74.47,0.0,-1656.164329,0.0
2019-01-06,6,0,164,0.0,0.0,0.0,0.0,0.0
2019-01-06,6,0,167,0.0,0.0,0.0,0.0,0.0
2019-01-06,6,0,168,0.0,0.0,0.0,0.0,0.0
2019-01-06,6,0,169,0.0,0.0,0.0,0.0,0.0
2019-01-06,6,0,170,0.0,0.0,0.0,0.0,0.0
2019-01-06,6,0,172,0.0,0.0,0.0,0.0,0.0
2019-01-06,6,0,173,0.0,0.0,0.0,0.0,0.0
2019-01-06,6,0,188,0.0,0.0,0.0,0.0,0.0
2019-01-06,6,0,190,0.0,0.0,0.0,0.0,0.0
2019-01-06,6,0,191,0.0,0.0,0.0,0.0,0.0
2019-01-06,6,0,192,85.89,85.89,0.0,1532.702113,0.0
2019-01-06,6,0,194,176.5,176.5,0.0,1617.105192,0.0
2019-01-06,6,0,196,0.0,0.0,0.0,0.0,0.0
2019-01-06,6,0,198,0.0,0.0,0.0,0.0,0.0
2019-01-06,6,0,199,11.1,11.1,0.0,109.289545,0.0
2019-01-06,6,0,200,0.0,0.0,0.0,0.0,0.0
2019-01-06,6,0,204,630.83,630.83,0.0,4773.938019,0.0
2019-01-06,6,0,205,688.7,688.7,0.0,5275.311431,0.0
2019-01-06,6,0,206,270.51,270.51,0.0,1586.67934,0.0
2019-01-06,6,0,210,0.0,0.0,0.0,0.0,0.0
2019-01-06,6,0,214,0.0,0.0,0.0,0.0,0.0
2019-01-06,6,0,217,0.0,0.0,0.0,0.0,0.0
2019-01-06,6,0,218,0.0,0.0,0.0,0.0,0.0
2019-01-06,6,0,219,0.0,0.0,0.0,0.0,0.0
2019-01-06,6,0,221,0.0,0.0,0.0,0.0,0.0
2019-01-06,6,0,225,0.0,0.0,0.0,0.0,0.0
2019-01-06,6,0,233,0.0,0.0,0.0,0.0,0.0
2019-01-06,6,0,236,11.75,11.75,0.0,106.402452,0.0
2019-01-06,6,0,237,24.38,24.38,0.0,209.987592,0.0
2019-01-06,6,0,238,0.0,0.0,0.0,0.0,0.0
2019-01-06,6,0,240,0.0,0.0,0.0,0.0,0.0
2019-01-06,6,0,245,16.46,16.46,0.0,157.50455,0.0
2019-01-06,6,0,247,13.81,13.81,0.0,132.146891,0.0
2019-01-06,6,0,248,2.45,2.45,0.0,21.102116,0.0
2019-01-06,6,0,249,31.66,31.66,0.0,302.95225,0.0
2019-01-06,6,0,251,40.32,40.32,0.0,378.310146,0.0
2019-01-06,6,0,252,20.7,20.7,0.0,195.223352,0.0
2019-01-06,6,0,254,0.0,0.0,0.0,0.0,0.0
2019-01-06,6,0,255,0.0,0.0,0.0,0.0,0.0
2019-01-06,6,0,258,0.0,0.0,0.0,0.0,0.0
2019-01-06,6,0,260,0.0,0.0,0.0,0.0,0.0
2019-01-06,6,0,265,0.0,0.0,0.0,0.0,0.0
2019-01-06,6,0,266,75.05,75.05,0.0,525.329242,0.0
2019-01-06,6,0,267,92.22,92.22,0.0,645.514493,0.0
2019-01-06,6,0,270,232.58,232.58,0.0,-5172.427819,0.0
2019-01-06,6,0,272,248.94,248.94,0.0,1143.53219,0.0
2019-01-06,6,0,273,0.0,0.0,0.0,-0.0,0.0
2019-01-06,6,0,274,299.82,299.82,0.0,-6667.801654,0.0
2019-01-06,6,0,275,417.35,417.35,0.0,-9281.592356,0.0
2019-01-06,6,0,276,0.0,0.0,0.0,-0.0,0.0
2019-01-06,6,0,277,0.0,0.0,0.0,0.0,0.0
2019-01-06,6,0,278,0.0,0.0,0.0,0.0,0.0
2019-01-06,6,0,279,143.35,143.35,0.0,621.104905,0.0
2019-01-06,6,0,281,1.16,1.16,0.0,6.828834,0.0
2019-01-06,6,0,282,0.0,0.0,0.0,0.0,0.0
2019-01-06,7,0,9,0.0,0.0,0.0,0.0,0.0
2019-01-06,7,0,17,0.0,0.0,0.0,0.0,0.0
2019-01-06,7,0,19,167.41,167.41,0.0,1732.658155,0.0
2019-01-06,7,0,20,203.04,203.04,0.0,2101.421133,0.0
2019-01-06,7,0,21,0.0,0.0,0.0,0.0,0.0
2019-01-06,7,0,22,0.0,0.0,0.0,0.0,0.0
2019-01-06,7,0,23,62.57,62.57,0.0,352.970192,0.0
2019-01-06,7,0,24,110.7,110.7,0.0,624.481384,0.0
2019-01-06,7,0,29,0.0,0.0,0.0,0.0,0.0
2019-01-06,7,0,30,0.0,0.0,0.0,0.0,0.0
2019-01-06,7,0,31,6.58,6.58,0.0,36.944859,0.0
2019-01-06,7,0,32,0.0,0.0,0.0,0.0,0.0
2019-01-06,7,0,33,0.0,0.0,0.0,0.0,0.0
2019-01-06,7,0,34,0.0,0.0,0.0,0.0,0.0
2019-01-06,7,0,35,0.0,0.0,0.0,0.0,0.0
2019-01-06,7,0,36,0.0,0.0,0.0,0.0,0.0
2019-01-06,7,0,37,0.0,0.0,0.0,0.0,0.0
2019-01-06,7,0,38,0.0,0.0,0.0,0.0,0.0
2019-01-06,7,0,39,0.0,0.0,0.0,0.0,0.0
2019-01-06,7,0,40,0.0,0.0,0.0,0.0,0.0
2019-01-06,7,0,41,80.56,80.56,0.0,568.917871,0.0
2019-01-06,7,0,42,0.0,0.0,0.0,0.0,0.0
2019-01-06,7,0,43,0.0,0.0,0.0,0.0,0.0
2019-01-06,7,0,46,0.0,0.0,0.0,0.0,0.0
2019-01-06,7,0,52,6.97,6.97,0.0,39.1346,0.0
2019-01-06,7,0,53,11.08,11.08,0.0,62.2111,0.0
2019-01-06,7,0,55,54.1,54.1,0.0,305.189186,0.0
2019-01-06,7,0,56,0.0,0.0,0.0,0.0,0.0
2019-01-06,7,0,57,0.0,0.0,0.0,0.0,0.0
2019-01-06,7,0,58,0.0,0.0,0.0,0.0,0.0
2019-01-06,7,0,59,0.0,0.0,0.0,0.0,0.0
2019-01-06,7,0,63,138.15,138.15,0.0,2748.11038,0.0
2019-01-06,7,0,64,162.52,162.52,0.0,3232.883815,0.0
2019-01-06,7,0,65,3.24,3.24,0.0,33.402216,0.0
2019-01-06,7,0,67,0.0,0.0,0.0,-0.0,0.0
2019-01-06,7,0,68,5.14,5.14,0.0,-12.573115,0.0
2019-01-06,7,0,69,0.0,0.0,0.0,0.0,0.0
2019-01-06,7,0,74,9.25,9.25,0.0,85.022027,0.0
2019-01-06,7,0,77,200.0,200.0,0.0,620.841826,0.0
2019-01-06,7,0,78,151.2,151.2,0.0,469.356421,0.0
2019-01-06,7,0,79,87.5,87.5,0.0,271.618299,0.0
2019-01-06,7,0,80,141.5,141.5,0.0,439.245592,0.0
2019-01-06,7,0,81,185.0,185.0,0.0,574.278689,0.0
2019-01-06,7,0,82,130.5,130.5,0.0,405.099292,0.0
2019-01-06,7,0,83,291.0,291.0,0.0,903.324858,0.0
2019-01-06,7,0,84,0.0,0.0,0.0,0.0,0.0
2019-01-06,7,0,86,0.0,0.0,0.0,0.0,0.0
2019-01-06,7,0,87,0.0,0.0,0.0,0.0,0.0
2019-01-06,7,0,88,170.6,170.6,0.0,529.578078,0.0
2019-01-06,7,0,89,164.0,164.0,0.0,509.090298,0.0
2019-01-06,7,0,90,220.2,220.2,0.0,683.546851,0.0
2019-01-06,7,0,91,785.5,785.5,0.0,2438.356273,0.0
2019-01-06,7,0,92,282.5,282.5,0.0,876.93908,0.0
2019-01-06,7,0,95,20.44,20.44,0.0,339.839591,0.0
2019-01-06,7,0,96,16.1,16.1,0.0,89.951362,0.0
2019-01-06,7,0,97,99.01,99.01,0.0,553.172942,0.0
2019-01-06,7,0,99,1.79,1.79,0.0,16.452911,0.0
2019-01-06,7,0,101,0.0,0.0,0.0,0.0,0.0
2019-01-06,7,0,102,12.17,12.17,0.0,-29.769418,0.0
2019-01-06,7,0,103,10.58,10.58,0.0,-25.880069,0.0
2019-01-06,7,0,104,1.97,1.97,0.0,-4.818879,0.0
2019-01-06,7,0,106,0.0,0.0,0.0,0.0,0.0
2019-01-06,7,0,109,155.32,155.32,0.0,1226.887563,0.0
2019-01-06,7,0,110,233.65,233.65,0.0,-6705.180212,0.0
2019-01-06,7,0,111,0.0,0.0,0.0,0.0,0.0
2019-01-06,7,0,113,40.98,40.98,0.0,158.211207,0.0
2019-01-06,7,0,115,40.98,40.98,0.0,158.211207,0.0
2019-01-06,7,0,116,0.0,0.0,0.0,-0.0,0.0
2019-01-06,7,0,117,1.68,1.68,0.0,6.485965,0.0
2019-01-06,7,0,119,162.52,162.52,0.0,3232.883815,0.0
2019-01-06,7,0,120,95.56,95.56,0.0,1900.900673,0.0
2019-01-06,7,0,123,0.0,0.0,0.0,0.0,0.0
2019-01-06,7,0,125,100.18,100.18,0.0,565.135908,0.0
2019-01-06,7,0,126,0.0,0.0,0.0,0.0,0.0
2019-01-06,7,0,127,0.0,0.0,0.0,0.0,0.0
2019-01-06,7,0,128,143.48,143.48,0.0,809.400081,0.0
2019-01-06,7,0,131,17.71,17.71,0.0,-12.75622,0.0
2019-01-06,7,0,132,26.03,26.03,0.0,-18.748979,0.0
2019-01-06,7,0,133,6.5,6.5,0.0,67.298407,0.0
2019-01-06,7,0,134,0.0,0.0,0.0,0.0,0.0
2019-01-06,7,0,135,8.71,8.71,0.0,90.179865,0.0
2019-01-06,7,0,136,6.53,6.53,0.0,67.305394,0.0
2019-01-06,7,0,139,104.05,104.05,0.0,734.80517,0.0
2019-01-06,7,0,140,172.92,172.92,0.0,-4962.37861,0.0
2019-01-06,7,0,141,124.78,124.78,0.0,-1111.578427,0.0
2019-01-06,7,0,142,0.0,0.0,0.0,-0.0,0.0
2019-01-06,7,0,143,14.68,14.68,0.0,82.424093,0.0
2019-01-06,7,0,145,12.69,12.69,0.0,82.020772,0.0
2019-01-06,7,0,146,268.0,268.0,0.0,-7690.940709,0.0
2019-01-06,7,0,152,0.0,0.0,0.0,0.0,0.0
2019-01-06,7,0,153,0.0,0.0,0.0,0.0,0.0
2019-01-06,7,0,154,0.0,0.0,0.0,0.0,0.0
2019-01-06,7,0,157,132.26,132.26,0.0,-1178.212556,0.0
2019-01-06,7,0,158,0.0,0.0,0.0,-0.0,0.0
2019-01-06,7,0,159,0.0,0.0,0.0,0.0,0.0
2019-01-06,7,0,160,0.0,0.0,0.0,0.0,0.0
2019-01-06,7,0,161,0.0,0.0,0.0,-0.0,0.0
2019-01-06,7,0,162,12.29,12.29,0.0,204.783938,0.0
2019-01-06,7,0,163,77.08,77.08,0.0,-2212.00638,0.0
2019-01-06,7,0,164,0.0,0.0,0.0,0.0,0.0
2019-01-06,7,0,167,0.0,0.0,0.0,0.0,0.0
2019-01-06,7,0,168,0.0,0.0,0.0,0.0,0.0
2019-01-06,7,0,169,0.0,0.0,0.0,0.0,0.0
2019-01-06,7,0,170,0.0,0.0,0.0,0.0,0.0
2019-01-06,7,0,172,0.0,0.0,0.0,0.0,0.0
2019-01-06,7,0,173,0.0,0.0,0.0,0.0,0.0
2019-01-06,7,0,188,0.0,0.0,0.0,0.0,0.0
2019-01-06,7,0,190,0.0,0.0,0.0,0.0,0.0
2019-01-06,7,0,191,0.0,0.0,0.0,0.0,0.0
2019-01-06,7,0,192,89.42,89.42,0.0,1778.762434,0.0
2019-01-06,7,0,194,176.5,176.5,0.0,1654.982708,0.0
2019-01-06,7,0,196,0.0,0.0,0.0,0.0,0.0
2019-01-06,7,0,198,0.0,0.0,0.0,0.0,0.0
2019-01-06,7,0,199,11.07,11.07,0.0,111.41697,0.0
2019-01-06,7,0,200,0.0,0.0,0.0,0.0,0.0
2019-01-06,7,0,204,774.65,774.65,0.0,6023.660992,0.0
2019-01-06,7,0,205,821.66,821.66,0.0,6490.371072,0.0
2019-01-06,7,0,206,290.94,290.94,0.0,1625.493747,0.0
2019-01-06,7,0,210,0.0,0.0,0.0,0.0,0.0
2019-01-06,7,0,214,0.0,0.0,0.0,0.0,0.0
2019-01-06,7,0,217,0.0,0.0,0.0,0.0,0.0
2019-01-06,7,0,218,0.0,0.0,0.0,0.0,0.0
2019-01-06,7,0,219,0.0,0.0,0.0,0.0,0.0
2019-01-06,7,0,221,0.0,0.0,0.0,0.0,0.0
2019-01-06,7,0,225,0.0,0.0,0.0,0.0,0.0
2019-01-06,7,0,233,0.0,0.0,0.0,0.0,0.0
2019-01-06,7,0,236,11.35,11.35,0.0,111.149478,0.0
2019-01-06,7,0,237,22.19,22.19,0.0,203.96095,0.0
2019-01-06,7,0,238,0.0,0.0,0.0,0.0,0.0
2019-01-06,7,0,240,0.0,0.0,0.0,0.0,0.0
2019-01-06,7,0,245,12.54,12.54,0.0,131.652224,0.0
2019-01-06,7,0,247,13.08,13.08,0.0,137.321458,0.0
2019-01-06,7,0,248,2.23,2.23,0.0,20.497202,0.0
2019-01-06,7,0,249,24.12,24.12,0.0,253.225809,0.0
2019-01-06,7,0,251,44.38,44.38,0.0,454.579586,0.0
2019-01-06,7,0,252,20.89,20.89,0.0,215.361822,0.0
2019-01-06,7,0,254,0.0,0.0,0.0,0.0,0.0
2019-01-06,7,0,255,0.0,0.0,0.0,0.0,0.0
2019-01-06,7,0,258,0.0,0.0,0.0,0.0,0.0
2019-01-06,7,0,260,0.0,0.0,0.0,0.0,0.0
2019-01-06,7,0,265,0.0,0.0,0.0,0.0,0.0
2019-01-06,7,0,266,67.36,67.36,0.0,475.698955,0.0
2019-01-06,7,0,267,82.79,82.79,0.0,584.666218,0.0
2019-01-06,7,0,270,240.71,240.71,0.0,-6907.784844,0.0
2019-01-06,7,0,272,145.81,145.81,0.0,562.927675,0.0
2019-01-06,7,0,273,0.0,0.0,0.0,-0.0,0.0
2019-01-06,7,0,274,310.3,310.3,0.0,-8904.84665,0.0
2019-01-06,7,0,275,431.94,431.94,0.0,-12395.61541,0.0
2019-01-06,7,0,276,0.0,0.0,0.0,-0.0,0.0
2019-01-06,7,0,277,0.0,0.0,0.0,0.0,0.0
2019-01-06,7,0,278,0.0,0.0,0.0,0.0,0.0
2019-01-06,7,0,279,155.09,155.09,0.0,551.718179,0.0
2019-01-06,7,0,281,2.95,2.95,0.0,16.563425,0.0
2019-01-06,7,0,282,0.0,0.0,0.0,0.0,0.0
2019-01-06,8,0,9,0.0,0.0,0.0,0.0,0.0
2019-01-06,8,0,17,0.0,0.0,0.0,0.0,0.0
2019-01-06,8,0,19,159.07,159.07,0.0,1154.606772,0.0
2019-01-06,8,0,20,197.97,197.97,0.0,1436.961732,0.0
2019-01-06,8,0,21,0.0,0.0,0.0,0.0,0.0
2019-01-06,8,0,22,0.0,0.0,0.0,0.0,0.0
2019-01-06,8,0,23,88.31,88.31,0.0,1184.844606,0.0
2019-01-06,8,0,24,156.25,156.25,0.0,2096.387382,0.0
2019-01-06,8,0,29,0.0,0.0,0.0,0.0,0.0
2019-01-06,8,0,30,0.0,0.0,0.0,0.0,0.0
2019-01-06,8,0,31,3.48,3.48,0.0,46.826645,0.0
2019-01-06,8,0,32,0.0,0.0,0.0,0.0,0.0
2019-01-06,8,0,33,0.0,0.0,0.0,0.0,0.0
2019-01-06,8,0,34,0.0,0.0,0.0,0.0,0.0
2019-01-06,8,0,35,0.0,0.0,0.0,0.0,0.0
2019-01-06,8,0,36,0.0,0.0,0.0,0.0,0.0
2019-01-06,8,0,37,0.0,0.0,0.0,0.0,0.0
2019-01-06,8,0,38,0.0,0.0,0.0,0.0,0.0
2019-01-06,8,0,39,0.0,0.0,0.0,0.0,0.0
2019-01-06,8,0,40,0.0,0.0,0.0,0.0,0.0
2019-01-06,8,0,41,34.8,34.8,0.0,396.1186,0.0
2019-01-06,8,0,42,0.0,0.0,0.0,0.0,0.0
2019-01-06,8,0,43,0.0,0.0,0.0,0.0,0.0
2019-01-06,8,0,46,0.0,0.0,0.0,0.0,0.0
2019-01-06,8,0,52,3.69,3.69,0.0,49.652391,0.0
2019-01-06,8,0,53,5.86,5.86,0.0,78.851765,0.0
2019-01-06,8,0,55,57.36,57.36,0.0,769.592193,0.0
2019-01-06,8,0,56,0.0,0.0,0.0,0.0,0.0
2019-01-06,8,0,57,0.0,0.0,0.0,0.0,0.0
2019-01-06,8,0,58,0.0,0.0,0.0,0.0,0.0
2019-01-06,8,0,59,0.0,0.0,0.0,0.0,0.0
2019-01-06,8,0,63,96.01,96.01,0.0,10497.380772,0.0
2019-01-06,8,0,64,112.86,112.86,0.0,12339.697885,0.0
2019-01-06,8,0,65,4.32,4.32,0.0,31.545203,0.0
2019-01-06,8,0,67,0.0,0.0,0.0,-0.0,0.0
2019-01-06,8,0,68,7.16,7.16,0.0,-2980.86631,0.0
2019-01-06,8,0,69,0.0,0.0,0.0,0.0,0.0
2019-01-06,8,0,74,7.89,7.89,0.0,67.391496,0.0
2019-01-06,8,0,77,147.17,147.17,0.0,-43702.501053,0.0
2019-01-06,8,0,78,111.12,111.12,0.0,-32997.363029,0.0
2019-01-06,8,0,79,64.1,64.1,0.0,-19034.655959,0.0
2019-01-06,8,0,80,103.96,103.96,0.0,-30871.18305,0.0
2019-01-06,8,0,81,136.09,136.09,0.0,-40412.26723,0.0
2019-01-06,8,0,82,95.84,95.84,0.0,-28459.92866,0.0
2019-01-06,8,0,83,214.4,214.4,0.0,-63666.618371,0.0
2019-01-06,8,0,84,0.0,0.0,0.0,0.0,0.0
2019-01-06,8,0,86,0.0,0.0,0.0,0.0,0.0
2019-01-06,8,0,87,0.0,0.0,0.0,0.0,0.0
2019-01-06,8,0,88,123.33,123.33,0.0,-36623.153189,0.0
2019-01-06,8,0,89,119.02,119.02,0.0,-35343.287866,0.0
2019-01-06,8,0,90,155.3,155.3,0.0,-46116.724968,0.0
2019-01-06,8,0,91,486.84,486.84,0.0,-144568.360485,0.0
2019-01-06,8,0,92,194.81,194.81,0.0,-57849.31868,0.0
2019-01-06,8,0,95,21.59,21.59,0.0,548.681641,0.0
2019-01-06,8,0,96,23.58,23.58,0.0,318.253295,0.0
2019-01-06,8,0,97,145.0,145.0,0.0,1957.028318,0.0
2019-01-06,8,0,99,1.52,1.52,0.0,12.982899,0.0
2019-01-06,8,0,101,0.0,0.0,0.0,0.0,0.0
2019-01-06,8,0,102,16.96,16.96,0.0,-7060.822992,0.0
2019-01-06,8,0,103,14.75,14.75,0.0,-6140.751128,0.0
2019-01-06,8,0,104,2.74,2.74,0.0,-1140.722582,0.0
2019-01-06,8,0,106,0.0,0.0,0.0,0.0,0.0
2019-01-06,8,0,109,197.34,197.34,0.0,1981.207998,0.0
2019-01-06,8,0,110,277.85,277.85,0.0,-277850.0,0.0
2019-01-06,8,0,111,0.0,0.0,0.0,0.0,0.0
2019-01-06,8,0,113,115.37,115.37,0.0,-30789.094919,0.0
2019-01-06,8,0,115,115.37,115.37,0.0,-30789.094919,0.0
2019-01-06,8,0,116,0.0,0.0,0.0,-0.0,0.0
2019-01-06,8,0,117,5.97,5.97,0.0,-1593.22958,0.0
2019-01-06,8,0,119,112.86,112.86,0.0,12339.697885,0.0
2019-01-06,8,0,120,66.59,66.59,0.0,7280.706027,0.0
2019-01-06,8,0,123,0.0,0.0,0.0,0.0,0.0
2019-01-06,8,0,125,141.4,141.4,0.0,1897.146725,0.0
2019-01-06,8,0,126,0.0,0.0,0.0,0.0,0.0
2019-01-06,8,0,127,0.0,0.0,0.0,0.0,0.0
2019-01-06,8,0,128,202.52,202.52,0.0,2717.186384,0.0
2019-01-06,8,0,131,25.53,25.53,0.0,-9649.046706,0.0
2019-01-06,8,0,132,37.54,37.54,0.0,-14188.218305,0.0
2019-01-06,8,0,133,6.19,6.19,0.0,44.90455,0.0
2019-01-06,8,0,134,0.0,0.0,0.0,0.0,0.0
2019-01-06,8,0,135,8.3,8.3,0.0,60.21127,0.0
2019-01-06,8,0,136,8.07,8.07,0.0,58.94753,0.0
2019-01-06,8,0,139,44.94,44.94,0.0,511.539365,0.0
2019-01-06,8,0,140,205.64,205.64,0.0,-205640.0,0.0
2019-01-06,8,0,141,174.9,174.9,0.0,-97944.543069,0.0
2019-01-06,8,0,142,0.0,0.0,0.0,-0.0,0.0
2019-01-06,8,0,143,5.73,5.73,0.0,77.102493,0.0
2019-01-06,8,0,145,17.84,17.84,0.0,217.430888,0.0
2019-01-06,8,0,146,268.0,268.0,0.0,-268000.0,0.0
2019-01-06,8,0,152,0.0,0.0,0.0,0.0,0.0
2019-01-06,8,0,153,0.0,0.0,0.0,0.0,0.0
2019-01-06,8,0,154,0.0,0.0,0.0,0.0,0.0
2019-01-06,8,0,157,126.7,126.7,0.0,-70952.393406,0.0
2019-01-06,8,0,158,0.0,0.0,0.0,-0.0,0.0
2019-01-06,8,0,159,0.0,0.0,0.0,0.0,0.0
2019-01-06,8,0,160,0.0,0.0,0.0,0.0,0.0
2019-01-06,8,0,161,0.0,0.0,0.0,-0.0,0.0
2019-01-06,8,0,162,15.22,15.22,0.0,398.627123,0.0
2019-01-06,8,0,163,111.05,111.05,0.0,-111050.0,0.0
2019-01-06,8,0,164,0.0,0.0,0.0,0.0,0.0
2019-01-06,8,0,167,0.0,0.0,0.0,0.0,0.0
2019-01-06,8,0,168,0.0,0.0,0.0,0.0,0.0
2019-01-06,8,0,169,0.0,0.0,0.0,0.0,0.0
2019-01-06,8,0,170,0.0,0.0,0.0,0.0,0.0
2019-01-06,8,0,172,0.0,0.0,0.0,0.0,0.0
2019-01-06,8,0,173,0.0,0.0,0.0,0.0,0.0
2019-01-06,8,0,188,0.0,0.0,0.0,0.0,0.0
2019-01-06,8,0,190,0.0,0.0,0.0,0.0,0.0
2019-01-06,8,0,191,0.0,0.0,0.0,0.0,0.0
2019-01-06,8,0,192,118.31,118.31,0.0,3836.504283,0.0
2019-01-06,8,0,194,176.5,176.5,0.0,-23272.880572,0.0
2019-01-06,8,0,196,0.0,0.0,0.0,0.0,0.0
2019-01-06,8,0,198,0.0,0.0,0.0,0.0,0.0
2019-01-06,8,0,199,13.77,13.77,0.0,-502.436719,0.0
2019-01-06,8,0,200,0.0,0.0,0.0,-0.0,0.0
2019-01-06,8,0,204,856.99,856.99,0.0,8735.782742,0.0
2019-01-06,8,0,205,1043.97,1043.97,0.0,10481.00595,0.0
2019-01-06,8,0,206,426.08,426.08,0.0,5750.69397,0.0
2019-01-06,8,0,210,0.0,0.0,0.0,0.0,0.0
2019-01-06,8,0,214,0.0,0.0,0.0,0.0,0.0
2019-01-06,8,0,217,0.0,0.0,0.0,0.0,0.0
2019-01-06,8,0,218,0.0,0.0,0.0,0.0,0.0
2019-01-06,8,0,219,0.0,0.0,0.0,0.0,0.0
2019-01-06,8,0,221,0.0,0.0,0.0,0.0,0.0
2019-01-06,8,0,225,0.0,0.0,0.0,0.0,0.0
2019-01-06,8,0,233,0.0,0.0,0.0,0.0,0.0
2019-01-06,8,0,236,8.1,8.1,0.0,63.617744,0.0
2019-01-06,8,0,237,18.92,18.92,0.0,161.602928,0.0
2019-01-06,8,0,238,0.0,0.0,0.0,0.0,0.0
2019-01-06,8,0,240,0.0,0.0,0.0,0.0,0.0
2019-01-06,8,0,245,12.63,12.63,0.0,89.647426,0.0
2019-01-06,8,0,247,13.61,13.61,0.0,96.603442,0.0
2019-01-06,8,0,248,1.9,1.9,0.0,16.228624,0.0
2019-01-06,8,0,249,24.28,24.28,0.0,172.338837,0.0
2019-01-06,8,0,251,48.13,48.13,0.0,354.900678,0.0
2019-01-06,8,0,252,27.86,27.86,0.0,203.437353,0.0
2019-01-06,8,0,254,0.0,0.0,0.0,0.0,0.0
2019-01-06,8,0,255,0.0,0.0,0.0,0.0,0.0
2019-01-06,8,0,258,0.0,0.0,0.0,0.0,0.0
2019-01-06,8,0,260,0.0,0.0,0.0,0.0,0.0
2019-01-06,8,0,265,0.0,0.0,0.0,0.0,0.0
2019-01-06,8,0,266,29.1,29.1,0.0,331.237105,0.0
2019-01-06,8,0,267,35.76,35.76,0.0,407.04601,0.0
2019-01-06,8,0,270,346.82,346.82,0.0,-346820.0,0.0
2019-01-06,8,0,272,399.4,399.4,0.0,-106588.927024,0.0
2019-01-06,8,0,273,0.0,0.0,0.0,-0.0,0.0
2019-01-06,8,0,274,447.09,447.09,0.0,-447090.0,0.0
2019-01-06,8,0,275,622.36,622.36,0.0,-622360.0,0.0
2019-01-06,8,0,276,0.0,0.0,0.0,-0.0,0.0
2019-01-06,8,0,277,0.0,0.0,0.0,-0.0,0.0
2019-01-06,8,0,278,0.0,0.0,0.0,-0.0,0.0
2019-01-06,8,0,279,217.96,217.96,0.0,-60796.04872,0.0
2019-01-06,8,0,281,1.56,1.56,0.0,20.991255,0.0
2019-01-06,8,0,282,0.0,0.0,0.0,0.0,0.0
2019-01-06,9,0,9,0.11,0.11,0.0,1.361301,0.0
2019-01-06,9,0,17,7.23,7.23,0.0,53.669084,0.0
2019-01-06,9,0,19,126.84,126.84,0.0,941.547245,0.0
2019-01-06,9,0,20,157.5,157.5,0.0,1169.13979,0.0
2019-01-06,9,0,21,2.45,2.45,0.0,30.319876,0.0
2019-01-06,9,0,22,8.71,8.71,0.0,107.790255,0.0
2019-01-06,9,0,23,108.8,108.8,0.0,1346.450025,0.0
2019-01-06,9,0,24,192.5,192.5,0.0,2382.276008,0.0
2019-01-06,9,0,29,1.44,1.44,0.0,8.121784,0.0
2019-01-06,9,0,30,17.59,17.59,0.0,218.236754,0.0
2019-01-06,9,0,31,6.1,6.1,0.0,75.681876,0.0
2019-01-06,9,0,32,0.55,0.55,0.0,22.017517,0.0
2019-01-06,9,0,33,0.42,0.42,0.0,2.751595,0.0
2019-01-06,9,0,34,0.67,0.67,0.0,4.389449,0.0
2019-01-06,9,0,35,0.67,0.67,0.0,4.389449,0.0
2019-01-06,9,0,36,1.28,1.28,0.0,11.193976,0.0
2019-01-06,9,0,37,0.61,0.61,0.0,5.342809,0.0
2019-01-06,9,0,38,0.79,0.79,0.0,6.919376,0.0
2019-01-06,9,0,39,0.53,0.53,0.0,4.642113,0.0
2019-01-06,9,0,40,0.53,0.53,0.0,4.642113,0.0
2019-01-06,9,0,41,34.8,34.8,0.0,373.740326,0.0
2019-01-06,9,0,42,7.29,7.29,0.0,55.491934,0.0
2019-01-06,9,0,43,4.06,4.06,0.0,34.529208,0.0
2019-01-06,9,0,46,3.27,3.27,0.0,29.728937,0.0
2019-01-06,9,0,52,6.47,6.47,0.0,80.272416,0.0
2019-01-06,9,0,53,10.34,10.34,0.0,128.286984,0.0
2019-01-06,9,0,55,62.77,62.77,0.0,776.807611,0.0
2019-01-06,9,0,56,5.19,5.19,0.0,64.391629,0.0
2019-01-06,9,0,57,4.94,4.94,0.0,61.289913,0.0
2019-01-06,9,0,58,9.49,9.49,0.0,117.741148,0.0
2019-01-06,9,0,59,9.33,9.33,0.0,115.75605,0.0
2019-01-06,9,0,63,51.0,51.0,0.0,5642.54606,0.0
2019-01-06,9,0,64,60.0,60.0,0.0,6638.289483,0.0
2019-01-06,9,0,65,5.65,5.65,0.0,42.138886,0.0
2019-01-06,9,0,67,7.19,7.19,0.0,-4021.165744,0.0
2019-01-06,9,0,68,18.14,18.14,0.0,-7534.490263,0.0
2019-01-06,9,0,69,0.42,0.42,0.0,2.751595,0.0
2019-01-06,9,0,74,6.77,6.77,0.0,57.238782,0.0
2019-01-06,9,0,77,60.0,60.0,0.0,-17744.074078,0.0
2019-01-06,9,0,78,45.36,45.36,0.0,-13414.520003,0.0
2019-01-06,9,0,79,26.25,26.25,0.0,-7763.032409,0.0
2019-01-06,9,0,80,42.45,42.45,0.0,-12553.93241,0.0
2019-01-06,9,0,81,55.5,55.5,0.0,-16413.268522,0.0
2019-01-06,9,0,82,39.15,39.15,0.0,-11578.008336,0.0
2019-01-06,9,0,83,87.3,87.3,0.0,-25817.627783,0.0
2019-01-06,9,0,84,0.0,0.0,0.0,0.0,0.0
2019-01-06,9,0,86,2.14,2.14,0.0,14.020031,0.0
2019-01-06,9,0,87,10.91,10.91,0.0,71.475955,0.0
2019-01-06,9,0,88,155.83,155.83,0.0,-46084.317725,0.0
2019-01-06,9,0,89,148.85,148.85,0.0,-44020.090441,0.0
2019-01-06,9,0,90,208.93,208.93,0.0,-61787.823284,0.0
2019-01-06,9,0,91,785.09,785.09,0.0,-232178.25196,0.0
2019-01-06,9,0,92,276.23,276.23,0.0,-81690.759708,0.0
2019-01-06,9,0,95,23.02,23.02,0.0,585.023223,0.0
2019-01-06,9,0,96,29.88,29.88,0.0,371.69783,0.0
2019-01-06,9,0,97,183.75,183.75,0.0,2285.792381,0.0
2019-01-06,9,0,99,1.31,1.31,0.0,11.075747,0.0
2019-01-06,9,0,101,0.35,0.35,0.0,4.342403,0.0
2019-01-06,9,0,102,42.88,42.88,0.0,-17810.30554,0.0
2019-01-06,9,0,103,37.3,37.3,0.0,-15492.639847,0.0
2019-01-06,9,0,104,6.96,6.96,0.0,-2890.851832,0.0
2019-01-06,9,0,106,8.58,8.58,0.0,106.181445,0.0
2019-01-06,9,0,109,186.24,186.24,0.0,1798.99503,0.0
2019-01-06,9,0,110,327.78,327.78,0.0,-327780.0,0.0
2019-01-06,9,0,111,1.52,1.52,0.0,16.32429,0.0
2019-01-06,9,0,113,84.3,84.3,0.0,-22404.253958,0.0
2019-01-06,9,0,115,84.3,84.3,0.0,-22404.253958,0.0
2019-01-06,9,0,116,5.88,5.88,0.0,-5880.0,0.0
2019-01-06,9,0,117,5.73,5.73,0.0,-1522.851426,0.0
2019-01-06,9,0,119,60.0,60.0,0.0,6638.289483,0.0
2019-01-06,9,0,120,35.28,35.28,0.0,3903.314216,0.0
2019-01-06,9,0,123,0.14,0.14,0.0,1.732564,0.0
2019-01-06,9,0,125,174.2,174.2,0.0,2155.805094,0.0
2019-01-06,9,0,126,6.43,6.43,0.0,79.574206,0.0
2019-01-06,9,0,127,8.26,8.26,0.0,102.221298,0.0
2019-01-06,9,0,128,249.5,249.5,0.0,3087.677216,0.0
2019-01-06,9,0,131,30.0,30.0,0.0,-11307.472397,0.0
2019-01-06,9,0,132,44.1,44.1,0.0,-16621.984423,0.0
2019-01-06,9,0,133,5.91,5.91,0.0,43.851035,0.0
2019-01-06,9,0,134,0.0,0.0,0.0,0.0,0.0
2019-01-06,9,0,135,7.93,7.93,0.0,58.839036,0.0
2019-01-06,9,0,136,9.88,9.88,0.0,73.706153,0.0
2019-01-06,9,0,139,44.94,44.94,0.0,482.640525,0.0
2019-01-06,9,0,140,242.59,242.59,0.0,-242590.0,0.0
2019-01-06,9,0,141,230.0,230.0,0.0,-128632.562033,0.0
2019-01-06,9,0,142,9.48,9.48,0.0,-5301.898644,0.0
2019-01-06,9,0,143,10.89,10.89,0.0,135.110759,0.0
2019-01-06,9,0,145,24.24,24.24,0.0,276.023423,0.0
2019-01-06,9,0,146,268.0,268.0,0.0,-268000.0,0.0
2019-01-06,9,0,152,0.91,0.91,0.0,7.656657,0.0
2019-01-06,9,0,153,1.16,1.16,0.0,9.811922,0.0
2019-01-06,9,0,154,6.28,6.28,0.0,67.445093,0.0
2019-01-06,9,0,157,121.2,121.2,0.0,-67783.767471,0.0
2019-01-06,9,0,158,0.0,0.0,0.0,-0.0,0.0
2019-01-06,9,0,159,0.0,0.0,0.0,0.0,0.0
2019-01-06,9,0,160,0.33,0.33,0.0,2.548625,0.0
2019-01-06,9,0,161,2.32,2.32,0.0,-963.617277,0.0
2019-01-06,9,0,162,18.59,18.59,0.0,486.914964,0.0
2019-01-06,9,0,163,154.05,154.05,0.0,-154050.0,0.0
2019-01-06,9,0,164,0.44,0.44,0.0,5.459021,0.0
2019-01-06,9,0,167,0.67,0.67,0.0,15.177582,0.0
2019-01-06,9,0,168,0.34,0.34,0.0,7.702057,0.0
2019-01-06,9,0,169,0.0,0.0,0.0,0.0,0.0
2019-01-06,9,0,170,0.73,0.73,0.0,16.536769,0.0
2019-01-06,9,0,172,0.91,0.91,0.0,14.620279,0.0
2019-01-06,9,0,173,1.38,1.38,0.0,22.171412,0.0
2019-01-06,9,0,188,1.12,1.12,0.0,25.7894,0.0
2019-01-06,9,0,190,0.56,0.56,0.0,18.159432,0.0
2019-01-06,9,0,191,1.44,1.44,0.0,46.695682,0.0
2019-01-06,9,0,192,152.18,152.18,0.0,4934.825642,0.0
2019-01-06,9,0,194,130.37,130.37,0.0,-17036.925861,0.0
2019-01-06,9,0,196,0.4,0.4,0.0,105.028064,0.0
2019-01-06,9,0,198,1.57,1.57,0.0,10.039303,0.0
2019-01-06,9,0,199,16.88,16.88,0.0,-594.55528,0.0
2019-01-06,9,0,200,2.33,2.33,0.0,-82.068353,0.0
2019-01-06,9,0,204,480.72,480.72,0.0,4703.072131,0.0
2019-01-06,9,0,205,1048.92,1048.92,0.0,10132.097654,0.0
2019-01-06,9,0,206,539.94,539.94,0.0,6716.68429,0.0
2019-01-06,9,0,210,0.42,0.42,0.0,2.294411,0.0
2019-01-06,9,0,214,2.31,2.31,0.0,13.942969,0.0
2019-01-06,9,0,217,1.64,1.64,0.0,9.474599,0.0
2019-01-06,9,0,218,2.27,2.27,0.0,13.114232,0.0
2019-01-06,9,0,219,1.54,1.54,0.0,8.89688,0.0
2019-01-06,9,0,221,1.23,1.23,0.0,7.424178,0.0
2019-01-06,9,0,225,1.31,1.31,0.0,7.410991,0.0
2019-01-06,9,0,233,1.21,1.21,0.0,7.927214,0.0
2019-01-06,9,0,236,5.64,5.64,0.0,44.567487,0.0
2019-01-06,9,0,237,16.23,16.23,0.0,137.220892,0.0
2019-01-06,9,0,238,9.49,9.49,0.0,72.238471,0.0
2019-01-06,9,0,240,1.45,1.45,0.0,12.680676,0.0
2019-01-06,9,0,245,12.81,12.81,0.0,93.436602,0.0
2019-01-06,9,0,247,14.36,14.36,0.0,104.742358,0.0
2019-01-06,9,0,248,1.63,1.63,0.0,13.781273,0.0
2019-01-06,9,0,249,24.64,24.64,0.0,179.725048,0.0
2019-01-06,9,0,251,52.07,52.07,0.0,391.34972,0.0
2019-01-06,9,0,252,36.46,36.46,0.0,271.926336,0.0
2019-01-06,9,0,254,2.41,2.41,0.0,20.023711,0.0
2019-01-06,9,0,255,1.11,1.11,0.0,9.222539,0.0
2019-01-06,9,0,258,1.8,1.8,0.0,15.671594,0.0
2019-01-06,9,0,260,0.79,0.79,0.0,6.101254,0.0
2019-01-06,9,0,265,6.5,6.5,0.0,69.80782,0.0
2019-01-06,9,0,266,29.1,29.1,0.0,312.524238,0.0
2019-01-06,9,0,267,35.76,35.76,0.0,384.050404,0.0
2019-01-06,9,0,270,481.1,481.1,0.0,-481100.0,0.0
2019-01-06,9,0,272,281.31,281.31,0.0,-74763.234648,0.0
2019-01-06,9,0,273,1.41,1.41,0.0,-1410.0,0.0
2019-01-06,9,0,274,620.2,620.2,0.0,-620200.0,0.0
2019-01-06,9,0,275,863.32,863.32,0.0,-863320.0,0.0
2019-01-06,9,0,276,0.34,0.34,0.0,-306.542212,0.0
2019-01-06,9,0,277,0.49,0.49,0.0,-136.11326,0.0
2019-01-06,9,0,278,0.78,0.78,0.0,-216.670087,0.0
2019-01-06,9,0,279,264.6,264.6,0.0,-73501.160282,0.0
2019-01-06,9,0,281,2.72,2.72,0.0,33.746673,0.0
2019-01-06,9,0,282,9.65,9.65,0.0,119.726247,0.0
2019-01-06,10,0,9,1.05,1.05,0.0,6.476026,0.0
2019-01-06,10,0,17,18.0,18.0,0.0,137.427645,0.0
2019-01-06,10,0,19,94.83,94.83,0.0,724.014642,0.0
2019-01-06,10,0,20,117.5,117.5,0.0,897.097125,0.0
2019-01-06,10,0,21,23.97,23.97,0.0,147.838419,0.0
2019-01-06,10,0,22,85.19,85.19,0.0,525.421564,0.0
2019-01-06,10,0,23,108.8,108.8,0.0,671.039631,0.0
2019-01-06,10,0,24,192.5,192.5,0.0,1187.271406,0.0
2019-01-06,10,0,29,4.05,4.05,0.0,28.451118,0.0
2019-01-06,10,0,30,194.35,194.35,0.0,1197.027219,0.0
2019-01-06,10,0,31,17.18,17.18,0.0,105.81388,0.0
2019-01-06,10,0,32,2.15,2.15,0.0,75.602387,0.0
2019-01-06,10,0,33,1.26,1.26,0.0,9.997424,0.0
2019-01-06,10,0,34,2.01,2.01,0.0,15.948271,0.0
2019-01-06,10,0,35,2.01,2.01,0.0,15.948271,0.0
2019-01-06,10,0,36,4.5,4.5,0.0,32.089525,0.0
2019-01-06,10,0,37,2.12,2.12,0.0,15.091043,0.0
2019-01-06,10,0,38,2.73,2.73,0.0,19.433277,0.0
2019-01-06,10,0,39,1.82,1.82,0.0,12.955518,0.0
2019-01-06,10,0,40,1.82,1.82,0.0,12.955518,0.0
2019-01-06,10,0,41,34.8,34.8,0.0,230.400891,0.0
2019-01-06,10,0,42,24.44,24.44,0.0,185.009032,0.0
2019-01-06,10,0,43,14.27,14.27,0.0,102.161587,0.0
2019-01-06,10,0,46,12.46,12.46,0.0,87.482644,0.0
2019-01-06,10,0,52,18.23,18.23,0.0,112.280968,0.0
2019-01-06,10,0,53,29.06,29.06,0.0,178.984363,0.0
2019-01-06,10,0,55,70.24,70.24,0.0,433.215291,0.0
2019-01-06,10,0,56,57.33,57.33,0.0,353.103013,0.0
2019-01-06,10,0,57,54.53,54.53,0.0,335.857444,0.0
2019-01-06,10,0,58,104.87,104.87,0.0,645.908127,0.0
2019-01-06,10,0,59,103.12,103.12,0.0,635.129647,0.0
2019-01-06,10,0,63,51.0,51.0,0.0,5471.888634,0.0
2019-01-06,10,0,64,60.0,60.0,0.0,6437.51604,0.0
2019-01-06,10,0,65,7.22,7.22,0.0,55.036656,0.0
2019-01-06,10,0,67,106.09,106.09,0.0,-59353.665726,0.0
2019-01-06,10,0,68,34.0,34.0,0.0,-14130.691914,0.0
2019-01-06,10,0,69,1.26,1.26,0.0,9.997424,0.0
2019-01-06,10,0,74,9.66,9.66,0.0,70.398093,0.0
2019-01-06,10,0,77,60.0,60.0,0.0,-17747.160638,0.0
2019-01-06,10,0,78,45.36,45.36,0.0,-13416.853442,0.0
2019-01-06,10,0,79,26.25,26.25,0.0,-7764.382779,0.0
2019-01-06,10,0,80,42.45,42.45,0.0,-12556.116151,0.0
2019-01-06,10,0,81,55.5,55.5,0.0,-16416.12359,0.0
2019-01-06,10,0,82,39.15,39.15,0.0,-11580.022316,0.0
2019-01-06,10,0,83,87.3,87.3,0.0,-25822.118728,0.0
2019-01-06,10,0,84,0.0,0.0,0.0,-0.0,0.0
2019-01-06,10,0,86,6.37,6.37,0.0,50.542531,0.0
2019-01-06,10,0,87,32.51,32.51,0.0,257.949403,0.0
2019-01-06,10,0,88,103.48,103.48,0.0,-30607.93638,0.0
2019-01-06,10,0,89,99.0,99.0,0.0,-29282.815053,0.0
2019-01-06,10,0,90,137.47,137.47,0.0,-40661.702882,0.0
2019-01-06,10,0,91,509.29,509.29,0.0,-150640.857355,0.0
2019-01-06,10,0,92,180.45,180.45,0.0,-53374.585619,0.0
2019-01-06,10,0,95,61.64,61.64,0.0,1566.500064,0.0
2019-01-06,10,0,96,29.88,29.88,0.0,183.769039,0.0
2019-01-06,10,0,97,183.75,183.75,0.0,1130.105788,0.0
2019-01-06,10,0,99,1.99,1.99,0.0,14.502299,0.0
2019-01-06,10,0,101,3.91,3.91,0.0,24.082204,0.0
2019-01-06,10,0,102,80.5,80.5,0.0,-33456.491149,0.0
2019-01-06,10,0,103,70.0,70.0,0.0,-29092.600999,0.0
2019-01-06,10,0,104,13.0,13.0,0.0,-5402.911614,0.0
2019-01-06,10,0,106,83.86,83.86,0.0,517.218598,0.0
2019-01-06,10,0,109,171.07,171.07,0.0,1179.722397,0.0
2019-01-06,10,0,110,338.6,338.6,0.0,-338600.0,0.0
2019-01-06,10,0,111,7.14,7.14,0.0,47.271907,0.0
2019-01-06,10,0,113,150.0,150.0,0.0,-40001.666109,0.0
2019-01-06,10,0,115,150.0,150.0,0.0,-40001.666109,0.0
2019-01-06,10,0,116,37.53,37.53,0.0,-37530.0,0.0
2019-01-06,10,0,117,10.0,10.0,0.0,-2666.777741,0.0
2019-01-06,10,0,119,60.0,60.0,0.0,6437.51604,0.0
2019-01-06,10,0,120,35.28,35.28,0.0,3785.259431,0.0
2019-01-06,10,0,123,1.4,1.4,0.0,8.634701,0.0
2019-01-06,10,0,125,174.2,174.2,0.0,1074.403526,0.0
2019-01-06,10,0,126,62.9,62.9,0.0,387.944787,0.0
2019-01-06,10,0,127,80.72,80.72,0.0,497.852197,0.0
2019-01-06,10,0,128,249.5,249.5,0.0,1538.827094,0.0
2019-01-06,10,0,131,40.31,40.31,0.0,-15204.48489,0.0
2019-01-06,10,0,132,65.03,65.03,0.0,-24528.594701,0.0
2019-01-06,10,0,133,5.65,5.65,0.0,43.143432,0.0
2019-01-06,10,0,134,0.0,0.0,0.0,0.0,0.0
2019-01-06,10,0,135,7.57,7.57,0.0,57.804563,0.0
2019-01-06,10,0,136,11.98,11.98,0.0,91.313276,0.0
2019-01-06,10,0,139,44.94,44.94,0.0,297.534944,0.0
2019-01-06,10,0,140,250.6,250.6,0.0,-250600.0,0.0
2019-01-06,10,0,141,230.0,230.0,0.0,-128677.001763,0.0
2019-01-06,10,0,142,139.9,139.9,0.0,-78269.184986,0.0
2019-01-06,10,0,143,20.55,20.55,0.0,126.570154,0.0
2019-01-06,10,0,145,56.19,56.19,0.0,361.463444,0.0
2019-01-06,10,0,146,268.0,268.0,0.0,-268000.0,0.0
2019-01-06,10,0,152,3.23,3.23,0.0,23.546254,0.0
2019-01-06,10,0,153,4.08,4.08,0.0,29.678839,0.0
2019-01-06,10,0,154,29.44,29.44,0.0,194.913858,0.0
2019-01-06,10,0,157,115.51,115.51,0.0,-64623.828147,0.0
2019-01-06,10,0,158,70.07,70.07,0.0,-39201.72832,0.0
2019-01-06,10,0,159,0.0,0.0,0.0,0.0,0.0
2019-01-06,10,0,160,1.14,1.14,0.0,8.327506,0.0
2019-01-06,10,0,161,21.2,21.2,0.0,-8810.902017,0.0
2019-01-06,10,0,162,42.67,42.67,0.0,1118.062177,0.0
2019-01-06,10,0,163,104.02,104.02,0.0,-104020.0,0.0
2019-01-06,10,0,164,6.98,6.98,0.0,42.990738,0.0
2019-01-06,10,0,167,2.53,2.53,0.0,57.743371,0.0
2019-01-06,10,0,168,1.26,1.26,0.0,28.757568,0.0
2019-01-06,10,0,169,0.0,0.0,0.0,0.0,0.0
2019-01-06,10,0,170,2.76,2.76,0.0,62.992768,0.0
2019-01-06,10,0,172,3.32,3.32,0.0,39.407512,0.0
2019-01-06,10,0,173,5.07,5.07,0.0,60.179544,0.0
2019-01-06,10,0,188,4.38,4.38,0.0,83.925765,0.0
2019-01-06,10,0,190,3.1,3.1,0.0,100.525427,0.0
2019-01-06,10,0,191,8.01,8.01,0.0,259.744733,0.0
2019-01-06,10,0,192,193.0,193.0,0.0,6258.518524,0.0
2019-01-06,10,0,194,52.95,52.95,0.0,-7012.626122,0.0
2019-01-06,10,0,196,2.29,2.29,0.0,593.394794,0.0
2019-01-06,10,0,198,5.23,5.23,0.0,39.16855,0.0
2019-01-06,10,0,199,20.51,20.51,0.0,-656.155874,0.0
2019-01-06,10,0,200,8.28,8.28,0.0,-264.893741,0.0
2019-01-06,10,0,204,257.1,257.1,0.0,1763.239854,0.0
2019-01-06,10,0,205,1010.31,1010.31,0.0,6967.237593,0.0
2019-01-06,10,0,206,539.94,539.94,0.0,3320.758199,0.0
2019-01-06,10,0,210,1.19,1.19,0.0,8.467429,0.0
2019-01-06,10,0,214,6.85,6.85,0.0,55.566514,0.0
2019-01-06,10,0,217,4.76,4.76,0.0,36.550662,0.0
2019-01-06,10,0,218,6.57,6.57,0.0,50.449128,0.0
2019-01-06,10,0,219,4.48,4.48,0.0,34.400623,0.0
2019-01-06,10,0,221,3.65,3.65,0.0,29.608434,0.0
2019-01-06,10,0,225,3.72,3.72,0.0,26.10036,0.0
2019-01-06,10,0,233,3.6,3.6,0.0,28.564068,0.0
2019-01-06,10,0,236,3.87,3.87,0.0,28.90558,0.0
2019-01-06,10,0,237,22.58,22.58,0.0,164.553721,0.0
2019-01-06,10,0,238,31.81,31.81,0.0,240.799398,0.0
2019-01-06,10,0,240,5.1,5.1,0.0,36.368128,0.0
2019-01-06,10,0,245,12.9,12.9,0.0,99.062077,0.0
2019-01-06,10,0,247,15.12,15.12,0.0,116.109969,0.0
2019-01-06,10,0,248,2.46,2.46,0.0,17.927465,0.0
2019-01-06,10,0,249,24.81,24.81,0.0,190.521716,0.0
2019-01-06,10,0,251,56.65,56.65,0.0,430.709891,0.0
2019-01-06,10,0,252,46.59,46.59,0.0,355.146508,0.0
2019-01-06,10,0,254,8.01,8.01,0.0,57.637824,0.0
2019-01-06,10,0,255,3.67,3.67,0.0,26.408341,0.0
2019-01-06,10,0,258,6.38,6.38,0.0,45.524853,0.0
2019-01-06,10,0,260,2.76,2.76,0.0,20.16133,0.0
2019-01-06,10,0,265,30.48,30.48,0.0,201.799401,0.0
2019-01-06,10,0,266,29.1,29.1,0.0,192.662814,0.0
2019-01-06,10,0,267,35.76,35.76,0.0,236.756778,0.0
2019-01-06,10,0,270,324.69,324.69,0.0,-324690.0,0.0
2019-01-06,10,0,272,501.3,501.3,0.0,-133685.568137,0.0
2019-01-06,10,0,273,8.98,8.98,0.0,-8980.0,0.0
2019-01-06,10,0,274,418.54,418.54,0.0,-418540.0,0.0
2019-01-06,10,0,275,582.57,582.57,0.0,-582570.0,0.0
2019-01-06,10,0,276,2.25,2.25,0.0,-2028.685238,0.0
2019-01-06,10,0,277,2.96,2.96,0.0,-823.909298,0.0
2019-01-06,10,0,278,4.73,4.73,0.0,-1316.584791,0.0
2019-01-06,10,0,279,264.6,264.6,0.0,-73650.810904,0.0
2019-01-06,10,0,281,7.66,7.66,0.0,47.178948,0.0
2019-01-06,10,0,282,106.61,106.61,0.0,656.625016,0.0
2019-01-06,11,0,9,1.78,1.78,0.0,-16.285064,0.0
2019-01-06,11,0,17,27.25,27.25,0.0,216.039512,0.0
2019-01-06,11,0,19,90.56,90.56,0.0,717.964706,0.0
2019-01-06,11,0,20,109.83,109.83,0.0,870.738335,0.0
2019-01-06,11,0,21,40.81,40.81,0.0,-373.367122,0.0
2019-01-06,11,0,22,145.04,145.04,0.0,-1326.95828,0.0
2019-01-06,11,0,23,61.07,61.07,0.0,-558.724091,0.0
2019-01-06,11,0,24,108.0,108.0,0.0,-988.082558,0.0
2019-01-06,11,0,29,5.97,5.97,0.0,30.096504,0.0
2019-01-06,11,0,30,334.28,334.28,0.0,-3092.492463,0.0
2019-01-06,11,0,31,17.13,17.13,0.0,-158.473124,0.0
2019-01-06,11,0,32,3.32,3.32,0.0,131.327978,0.0
2019-01-06,11,0,33,1.89,1.89,0.0,21.25689,0.0
2019-01-06,11,0,34,3.02,3.02,0.0,33.966037,0.0
2019-01-06,11,0,35,3.02,3.02,0.0,33.966037,0.0
2019-01-06,11,0,36,6.95,6.95,0.0,17.509229,0.0
2019-01-06,11,0,37,3.27,3.27,0.0,7.87352,0.0
2019-01-06,11,0,38,4.2,4.2,0.0,10.112778,0.0
2019-01-06,11,0,39,2.8,2.8,0.0,6.741852,0.0
2019-01-06,11,0,40,2.8,2.8,0.0,6.741852,0.0
2019-01-06,11,0,41,34.8,34.8,0.0,-130.408583,0.0
2019-01-06,11,0,42,37.49,37.49,0.0,270.25108,0.0
2019-01-06,11,0,43,21.96,21.96,0.0,66.372163,0.0
2019-01-06,11,0,46,19.39,19.39,0.0,24.622916,0.0
2019-01-06,11,0,52,18.22,18.22,0.0,-168.556936,0.0
2019-01-06,11,0,53,29.67,29.67,0.0,-274.483222,0.0
2019-01-06,11,0,55,186.84,186.84,0.0,-1709.382825,0.0
2019-01-06,11,0,56,98.6,98.6,0.0,-912.168712,0.0
2019-01-06,11,0,57,93.79,93.79,0.0,-867.67042,0.0
2019-01-06,11,0,58,180.37,180.37,0.0,-1668.63966,0.0
2019-01-06,11,0,59,177.36,177.36,0.0,-1640.793536,0.0
2019-01-06,11,0,63,51.0,51.0,0.0,5697.768926,0.0
2019-01-06,11,0,64,60.0,60.0,0.0,6703.257561,0.0
2019-01-06,11,0,65,17.21,17.21,0.0,134.141819,0.0
2019-01-06,11,0,67,184.42,184.42,0.0,-102419.75184,0.0
2019-01-06,11,0,68,33.99,33.99,0.0,-13941.497274,0.0
2019-01-06,11,0,69,1.89,1.89,0.0,21.25689,0.0
2019-01-06,11,0,74,19.73,19.73,0.0,80.009939,0.0
2019-01-06,11,0,77,60.0,60.0,0.0,-17317.337831,0.0
2019-01-06,11,0,78,45.36,45.36,0.0,-13091.9074,0.0
2019-01-06,11,0,79,26.25,26.25,0.0,-7576.335301,0.0
2019-01-06,11,0,80,42.45,42.45,0.0,-12252.016516,0.0
2019-01-06,11,0,81,55.5,55.5,0.0,-16018.537494,0.0
2019-01-06,11,0,82,39.15,39.15,0.0,-11299.562935,0.0
2019-01-06,11,0,83,87.3,87.3,0.0,-25196.726544,0.0
2019-01-06,11,0,84,0.0,0.0,0.0,-0.0,0.0
2019-01-06,11,0,86,9.57,9.57,0.0,107.634096,0.0
2019-01-06,11,0,87,48.84,48.84,0.0,549.305041,0.0
2019-01-06,11,0,88,51.18,51.18,0.0,-14771.68917,0.0
2019-01-06,11,0,89,49.2,49.2,0.0,-14200.217022,0.0
2019-01-06,11,0,90,66.06,66.06,0.0,-19066.388952,0.0
2019-01-06,11,0,91,235.65,235.65,0.0,-68013.844332,0.0
2019-01-06,11,0,92,84.75,84.75,0.0,-24460.739687,0.0
2019-01-06,11,0,95,90.96,90.96,0.0,2311.629556,0.0
2019-01-06,11,0,96,31.88,31.88,0.0,-298.3365,0.0
2019-01-06,11,0,97,234.28,234.28,0.0,-2192.41767,0.0
2019-01-06,11,0,99,4.23,4.23,0.0,17.153677,0.0
2019-01-06,11,0,101,6.73,6.73,0.0,-62.260603,0.0
2019-01-06,11,0,102,80.49,80.49,0.0,-33014.15462,0.0
2019-01-06,11,0,103,69.99,69.99,0.0,-28707.425542,0.0
2019-01-06,11,0,104,12.99,12.99,0.0,-5328.039117,0.0
2019-01-06,11,0,106,142.78,142.78,0.0,-1306.281737,0.0
2019-01-06,11,0,109,83.48,83.48,0.0,-30.101153,0.0
2019-01-06,11,0,110,338.6,338.6,0.0,-338600.0,0.0
2019-01-06,11,0,111,11.44,11.44,0.0,-42.869948,0.0
2019-01-06,11,0,113,84.2,84.2,0.0,-21995.16396,0.0
2019-01-06,11,0,115,84.2,84.2,0.0,-21995.16396,0.0
2019-01-06,11,0,116,62.62,62.62,0.0,-62620.0,0.0
2019-01-06,11,0,117,5.66,5.66,0.0,-1478.534774,0.0
2019-01-06,11,0,119,60.0,60.0,0.0,6703.257561,0.0
2019-01-06,11,0,120,35.28,35.28,0.0,3941.515446,0.0
2019-01-06,11,0,123,2.38,2.38,0.0,-21.774412,0.0
2019-01-06,11,0,125,97.74,97.74,0.0,-894.214715,0.0
2019-01-06,11,0,126,107.08,107.08,0.0,-979.665558,0.0
2019-01-06,11,0,127,137.42,137.42,0.0,-1257.243566,0.0
2019-01-06,11,0,128,139.96,139.96,0.0,-1280.481804,0.0
2019-01-06,11,0,131,30.0,30.0,0.0,-11141.612917,0.0
2019-01-06,11,0,132,44.1,44.1,0.0,-16378.170989,0.0
2019-01-06,11,0,133,13.12,13.12,0.0,104.181286,0.0
2019-01-06,11,0,134,0.0,0.0,0.0,0.0,0.0
2019-01-06,11,0,135,17.58,17.58,0.0,139.596571,0.0
2019-01-06,11,0,136,24.16,24.16,0.0,188.13572,0.0
2019-01-06,11,0,139,44.94,44.94,0.0,-168.406947,0.0
2019-01-06,11,0,140,250.6,250.6,0.0,-250600.0,0.0
2019-01-06,11,0,141,230.0,230.0,0.0,-127733.125059,0.0
2019-01-06,11,0,142,243.21,243.21,0.0,-135069.449328,0.0
2019-01-06,11,0,143,15.14,15.14,0.0,-140.063228,0.0
2019-01-06,11,0,145,100.0,100.0,0.0,-594.976722,0.0
2019-01-06,11,0,146,268.0,268.0,0.0,-268000.0,0.0
2019-01-06,11,0,152,4.97,4.97,0.0,20.484685,0.0
2019-01-06,11,0,153,6.27,6.27,0.0,24.76314,0.0
2019-01-06,11,0,154,47.19,47.19,0.0,-176.838536,0.0
2019-01-06,11,0,157,117.83,117.83,0.0,-65438.235329,0.0
2019-01-06,11,0,158,133.97,133.97,0.0,-74401.76854,0.0
2019-01-06,11,0,159,0.0,0.0,0.0,0.0,0.0
2019-01-06,11,0,160,1.74,1.74,0.0,8.816104,0.0
2019-01-06,11,0,161,35.83,35.83,0.0,-14696.200274,0.0
2019-01-06,11,0,162,119.34,119.34,0.0,3128.808358,0.0
2019-01-06,11,0,163,160.49,160.49,0.0,-160490.0,0.0
2019-01-06,11,0,164,12.3,12.3,0.0,-113.789809,0.0
2019-01-06,11,0,167,3.89,3.89,0.0,88.075145,0.0
2019-01-06,11,0,168,1.94,1.94,0.0,43.924366,0.0
2019-01-06,11,0,169,0.0,0.0,0.0,0.0,0.0
2019-01-06,11,0,170,4.25,4.25,0.0,96.226059,0.0
2019-01-06,11,0,172,5.09,5.09,0.0,66.883014,0.0
2019-01-06,11,0,173,7.76,7.76,0.0,101.967032,0.0
2019-01-06,11,0,188,6.77,6.77,0.0,150.053336,0.0
2019-01-06,11,0,190,5.1,5.1,0.0,165.380541,0.0
2019-01-06,11,0,191,13.18,13.18,0.0,427.395203,0.0
2019-01-06,11,0,192,227.22,227.22,0.0,7368.189528,0.0
2019-01-06,11,0,194,52.95,52.95,0.0,-6755.631736,0.0
2019-01-06,11,0,196,3.74,3.74,0.0,991.124078,0.0
2019-01-06,11,0,198,7.91,7.91,0.0,63.778571,0.0
2019-01-06,11,0,199,43.54,43.54,0.0,-1197.428783,0.0
2019-01-06,11,0,200,12.67,12.67,0.0,-348.447926,0.0
2019-01-06,11,0,204,257.1,257.1,0.0,-204.951797,0.0
2019-01-06,11,0,205,545.8,545.8,0.0,-196.804133,0.0
2019-01-06,11,0,206,895.48,895.48,0.0,-8379.999042,0.0
2019-01-06,11,0,210,1.75,1.75,0.0,10.293083,0.0
2019-01-06,11,0,214,10.14,10.14,0.0,133.967584,0.0
2019-01-06,11,0,217,7.07,7.07,0.0,71.242114,0.0
2019-01-06,11,0,218,9.76,9.76,0.0,98.348378,0.0
2019-01-06,11,0,219,6.65,6.65,0.0,67.009909,0.0
2019-01-06,11,0,221,5.41,5.41,0.0,71.475802,0.0
2019-01-06,11,0,225,5.52,5.52,0.0,27.379882,0.0
2019-01-06,11,0,233,5.41,5.41,0.0,60.846443,0.0
2019-01-06,11,0,236,12.43,12.43,0.0,75.773613,0.0
2019-01-06,11,0,237,43.99,43.99,0.0,178.390127,0.0
2019-01-06,11,0,238,48.79,48.79,0.0,351.70846,0.0
2019-01-06,11,0,240,7.87,7.87,0.0,19.826998,0.0
2019-01-06,11,0,245,32.38,32.38,0.0,272.623552,0.0
2019-01-06,11,0,247,44.62,44.62,0.0,375.678286,0.0
2019-01-06,11,0,248,5.24,5.24,0.0,21.249472,0.0
2019-01-06,11,0,249,62.27,62.27,0.0,524.282538,0.0
2019-01-06,11,0,251,141.43,141.43,0.0,1071.330801,0.0
2019-01-06,11,0,252,110.99,110.99,0.0,865.101711,0.0
2019-01-06,11,0,254,12.13,12.13,0.0,42.884436,0.0
2019-01-06,11,0,255,5.56,5.56,0.0,19.65684,0.0
2019-01-06,11,0,258,9.85,9.85,0.0,25.615595,0.0
2019-01-06,11,0,260,4.22,4.22,0.0,21.381586,0.0
2019-01-06,11,0,265,48.86,48.86,0.0,-183.096649,0.0
2019-01-06,11,0,266,29.1,29.1,0.0,-109.048557,0.0
2019-01-06,11,0,267,35.76,35.76,0.0,-134.006062,0.0
2019-01-06,11,0,270,542.91,542.91,0.0,-542910.0,0.0
2019-01-06,11,0,272,281.17,281.17,0.0,-73448.696562,0.0
2019-01-06,11,0,273,14.97,14.97,0.0,-14970.0,0.0
2019-01-06,11,0,274,708.99,708.99,0.0,-708990.0,0.0
2019-01-06,11,0,275,1000.33,1000.33,0.0,-1000330.0,0.0
2019-01-06,11,0,276,3.74,3.74,0.0,-3368.698743,0.0
2019-01-06,11,0,277,4.85,4.85,0.0,-1320.214394,0.0
2019-01-06,11,0,278,7.76,7.76,0.0,-2112.343031,0.0
2019-01-06,11,0,279,264.6,264.6,0.0,-72026.542008,0.0
2019-01-06,11,0,281,7.47,7.47,0.0,-69.106494,0.0
2019-01-06,11,0,282,183.37,183.37,0.0,-1696.393272,0.0
2019-01-06,12,0,9,2.53,2.53,0.0,-48.684226,0.0
2019-01-06,12,0,17,35.57,35.57,0.0,170.612706,0.0
2019-01-06,12,0,19,143.49,143.49,0.0,688.254631,0.0
2019-01-06,12,0,20,174.02,174.02,0.0,834.692807,0.0
2019-01-06,12,0,21,57.79,57.79,0.0,-1112.040085,0.0
2019-01-06,12,0,22,205.39,205.39,0.0,-3952.273975,0.0
2019-01-06,12,0,23,46.17,46.17,0.0,-888.439016,0.0
2019-01-06,12,0,24,77.3,77.3,0.0,-1487.466665,0.0
2019-01-06,12,0,29,7.66,7.66,0.0,38.616285,0.0
2019-01-06,12,0,30,478.64,478.64,0.0,-9280.827613,0.0
2019-01-06,12,0,31,15.25,15.25,0.0,-295.697437,0.0
2019-01-06,12,0,32,4.44,4.44,0.0,174.770129,0.0
2019-01-06,12,0,33,2.45,2.45,0.0,22.786241,0.0
2019-01-06,12,0,34,3.93,3.93,0.0,36.55099,0.0
2019-01-06,12,0,35,3.93,3.93,0.0,36.55099,0.0
2019-01-06,12,0,36,9.44,9.44,0.0,-22.289622,0.0
2019-01-06,12,0,37,4.5,4.5,0.0,-11.173998,0.0
2019-01-06,12,0,38,5.78,5.78,0.0,-14.35238,0.0
2019-01-06,12,0,39,3.85,3.85,0.0,-9.559976,0.0
2019-01-06,12,0,40,3.85,3.85,0.0,-9.559976,0.0
2019-01-06,12,0,41,34.8,34.8,0.0,-400.569384,0.0
2019-01-06,12,0,42,52.44,52.44,0.0,200.332882,0.0
2019-01-06,12,0,43,29.31,29.31,0.0,-43.311016,0.0
2019-01-06,12,0,46,25.83,25.83,0.0,-105.644707,0.0
2019-01-06,12,0,52,16.17,16.17,0.0,-313.536233,0.0
2019-01-06,12,0,53,25.69,25.69,0.0,-498.128993,0.0
2019-01-06,12,0,55,272.45,272.45,0.0,-5242.694603,0.0
2019-01-06,12,0,56,141.18,141.18,0.0,-2737.479614,0.0
2019-01-06,12,0,57,134.29,134.29,0.0,-2603.882542,0.0
2019-01-06,12,0,58,258.26,258.26,0.0,-5007.660328,0.0
2019-01-06,12,0,59,253.95,253.95,0.0,-4924.089446,0.0
2019-01-06,12,0,63,51.0,51.0,0.0,5671.516438,0.0
2019-01-06,12,0,64,60.0,60.0,0.0,6672.37228,0.0
2019-01-06,12,0,65,36.65,36.65,0.0,169.146117,0.0
2019-01-06,12,0,67,260.26,260.26,0.0,-144293.656508,0.0
2019-01-06,12,0,68,34.0,34.0,0.0,-13903.191894,0.0
2019-01-06,12,0,69,2.45,2.45,0.0,22.786241,0.0
2019-01-06,12,0,74,53.83,53.83,0.0,-26.154723,0.0
2019-01-06,12,0,77,60.0,60.0,0.0,-17209.76408,0.0
2019-01-06,12,0,78,45.36,45.36,0.0,-13010.581644,0.0
2019-01-06,12,0,79,26.25,26.25,0.0,-7529.271785,0.0
2019-01-06,12,0,80,42.45,42.45,0.0,-12175.908086,0.0
2019-01-06,12,0,81,55.5,55.5,0.0,-15919.031774,0.0
2019-01-06,12,0,82,39.15,39.15,0.0,-11229.371062,0.0
2019-01-06,12,0,83,87.3,87.3,0.0,-25040.206736,0.0
2019-01-06,12,0,84,0.0,0.0,0.0,-0.0,0.0
2019-01-06,12,0,86,12.44,12.44,0.0,115.698299,0.0
2019-01-06,12,0,87,63.5,63.5,0.0,590.582155,0.0
2019-01-06,12,0,88,51.18,51.18,0.0,-14679.92876,0.0
2019-01-06,12,0,89,49.2,49.2,0.0,-14112.006545,0.0
2019-01-06,12,0,90,66.06,66.06,0.0,-18947.950252,0.0
2019-01-06,12,0,91,235.65,235.65,0.0,-67591.348422,0.0
2019-01-06,12,0,92,84.75,84.75,0.0,-24308.791762,0.0
2019-01-06,12,0,95,120.0,120.0,0.0,2691.568394,0.0
2019-01-06,12,0,96,29.88,29.88,0.0,-583.970357,0.0
2019-01-06,12,0,97,183.76,183.76,0.0,-3591.37861,0.0
2019-01-06,12,0,99,10.39,10.39,0.0,-5.048255,0.0
2019-01-06,12,0,101,9.64,9.64,0.0,-186.91956,0.0
2019-01-06,12,0,102,80.5,80.5,0.0,-32917.851396,0.0
2019-01-06,12,0,103,70.0,70.0,0.0,-28624.218606,0.0
2019-01-06,12,0,104,13.0,13.0,0.0,-5315.926312,0.0
2019-01-06,12,0,106,202.19,202.19,0.0,-3890.697088,0.0
2019-01-06,12,0,109,60.0,60.0,0.0,-393.699871,0.0
2019-01-06,12,0,110,338.6,338.6,0.0,-338600.0,0.0
2019-01-06,12,0,111,15.53,15.53,0.0,-178.759843,0.0
2019-01-06,12,0,113,45.0,45.0,0.0,-11714.502342,0.0
2019-01-06,12,0,115,45.0,45.0,0.0,-11714.502342,0.0
2019-01-06,12,0,116,86.86,86.86,0.0,-86860.0,0.0
2019-01-06,12,0,117,3.0,3.0,0.0,-780.966823,0.0
2019-01-06,12,0,119,60.0,60.0,0.0,6672.37228,0.0
2019-01-06,12,0,120,35.28,35.28,0.0,3923.354901,0.0
2019-01-06,12,0,123,3.37,3.37,0.0,-64.848159,0.0
2019-01-06,12,0,125,70.73,70.73,0.0,-1361.04162,0.0
2019-01-06,12,0,126,151.64,151.64,0.0,-2917.974709,0.0
2019-01-06,12,0,127,194.61,194.61,0.0,-3744.836839,0.0
2019-01-06,12,0,128,96.96,96.96,0.0,-1865.779661,0.0
2019-01-06,12,0,131,30.0,30.0,0.0,-11101.734982,0.0
2019-01-06,12,0,132,44.1,44.1,0.0,-16319.550423,0.0
2019-01-06,12,0,133,25.21,25.21,0.0,121.351377,0.0
2019-01-06,12,0,134,0.0,0.0,0.0,0.0,0.0
2019-01-06,12,0,135,33.78,33.78,0.0,162.604106,0.0
2019-01-06,12,0,136,44.53,44.53,0.0,205.070331,0.0
2019-01-06,12,0,139,44.94,44.94,0.0,-517.287014,0.0
2019-01-06,12,0,140,250.6,250.6,0.0,-250600.0,0.0
2019-01-06,12,0,141,230.0,230.0,0.0,-127516.871578,0.0
2019-01-06,12,0,142,343.22,343.22,0.0,-190288.437665,0.0
2019-01-06,12,0,143,11.19,11.19,0.0,-216.974054,0.0
2019-01-06,12,0,145,56.25,56.25,0.0,-822.775547,0.0
2019-01-06,12,0,146,268.0,268.0,0.0,-268000.0,0.0
2019-01-06,12,0,152,6.92,6.92,0.0,-2.43847,0.0
2019-01-06,12,0,153,8.74,8.74,0.0,-5.112795,0.0
2019-01-06,12,0,154,64.08,64.08,0.0,-737.600175,0.0
2019-01-06,12,0,157,121.38,121.38,0.0,-67295.642922,0.0
2019-01-06,12,0,158,189.91,189.91,0.0,-105290.126441,0.0
2019-01-06,12,0,159,0.0,0.0,0.0,0.0,0.0
2019-01-06,12,0,160,2.33,2.33,0.0,4.076674,0.0
2019-01-06,12,0,161,50.27,50.27,0.0,-20556.278133,0.0
2019-01-06,12,0,162,162.5,162.5,0.0,3776.294122,0.0
2019-01-06,12,0,163,185.4,185.4,0.0,-185400.0,0.0
2019-01-06,12,0,164,17.65,17.65,0.0,-342.233427,0.0
2019-01-06,12,0,167,5.17,5.17,0.0,101.078437,0.0
2019-01-06,12,0,168,2.58,2.58,0.0,50.441464,0.0
2019-01-06,12,0,169,0.0,0.0,0.0,0.0,0.0
2019-01-06,12,0,170,5.65,5.65,0.0,110.462896,0.0
2019-01-06,12,0,172,6.7,6.7,0.0,75.324798,0.0
2019-01-06,12,0,173,10.21,10.21,0.0,114.785998,0.0
2019-01-06,12,0,188,9.18,9.18,0.0,194.34905,0.0
2019-01-06,12,0,190,7.01,7.01,0.0,227.317175,0.0
2019-01-06,12,0,191,18.12,18.12,0.0,587.587335,0.0
2019-01-06,12,0,192,274.32,274.32,0.0,8895.527469,0.0
2019-01-06,12,0,194,52.95,52.95,0.0,-6739.685004,0.0
2019-01-06,12,0,196,5.09,5.09,0.0,1348.071108,0.0
2019-01-06,12,0,198,10.36,10.36,0.0,70.642781,0.0
2019-01-06,12,0,199,113.69,113.69,0.0,-3120.288924,0.0
2019-01-06,12,0,200,17.09,17.09,0.0,-469.045103,0.0
2019-01-06,12,0,204,257.1,257.1,0.0,-1843.694681,0.0
2019-01-06,12,0,205,317.4,317.4,0.0,-2082.672318,0.0
2019-01-06,12,0,206,539.95,539.95,0.0,-10552.703964,0.0
2019-01-06,12,0,210,2.22,2.22,0.0,13.373744,0.0
2019-01-06,12,0,214,13.27,13.27,0.0,158.786023,0.0
2019-01-06,12,0,217,9.11,9.11,0.0,86.527366,0.0
2019-01-06,12,0,218,12.58,12.58,0.0,119.485649,0.0
2019-01-06,12,0,219,8.57,8.57,0.0,81.398411,0.0
2019-01-06,12,0,221,7.08,7.08,0.0,84.717788,0.0
2019-01-06,12,0,225,6.95,6.95,0.0,34.377251,0.0
2019-01-06,12,0,233,7.04,7.04,0.0,65.475565,0.0
2019-01-06,12,0,236,36.65,36.65,0.0,84.828008,0.0
2019-01-06,12,0,237,129.13,129.13,0.0,-62.74121,0.0
2019-01-06,12,0,238,68.26,68.26,0.0,260.768927,0.0
2019-01-06,12,0,240,10.7,10.7,0.0,-25.26472,0.0
2019-01-06,12,0,245,66.34,66.34,0.0,362.445134,0.0
2019-01-06,12,0,247,109.39,109.39,0.0,597.646566,0.0
2019-01-06,12,0,248,12.96,12.96,0.0,-6.296957,0.0
2019-01-06,12,0,249,127.57,127.57,0.0,696.972049,0.0
2019-01-06,12,0,251,320.97,320.97,0.0,1385.759289,0.0
2019-01-06,12,0,252,236.39,236.39,0.0,1090.980914,0.0
2019-01-06,12,0,254,16.46,16.46,0.0,-10.992567,0.0
2019-01-06,12,0,255,7.54,7.54,0.0,-5.035477,0.0
2019-01-06,12,0,258,13.3,13.3,0.0,-29.505998,0.0
2019-01-06,12,0,260,5.66,5.66,0.0,9.902994,0.0
2019-01-06,12,0,265,66.35,66.35,0.0,-763.72927,0.0
2019-01-06,12,0,266,29.1,29.1,0.0,-334.958881,0.0
2019-01-06,12,0,267,35.76,35.76,0.0,-411.619574,0.0
2019-01-06,12,0,270,579.0,579.0,0.0,-579000.0,0.0
2019-01-06,12,0,272,150.39,150.39,0.0,-39149.866828,0.0
2019-01-06,12,0,273,20.77,20.77,0.0,-20770.0,0.0
2019-01-06,12,0,274,746.4,746.4,0.0,-746400.0,0.0
2019-01-06,12,0,275,1039.0,1039.0,0.0,-1039000.0,0.0
2019-01-06,12,0,276,5.16,5.16,0.0,-4646.64014,0.0
2019-01-06,12,0,277,6.68,6.68,0.0,-1809.942054,0.0
2019-01-06,12,0,278,10.68,10.68,0.0,-2893.739691,0.0
2019-01-06,12,0,279,264.6,264.6,0.0,-71693.213693,0.0
2019-01-06,12,0,281,6.85,6.85,0.0,-132.821472,0.0
2019-01-06,12,0,282,262.56,262.56,0.0,-5091.03731,0.0
2019-01-06,13,0,9,3.02,3.02,0.0,-121.291929,0.0
2019-01-06,13,0,17,36.7,36.7,0.0,0.238295,0.0
2019-01-06,13,0,19,192.99,192.99,0.0,1.253094,0.0
2019-01-06,13,0,20,234.06,234.06,0.0,1.519763,0.0
2019-01-06,13,0,21,69.1,69.1,0.0,-2775.255721,0.0
2019-01-06,13,0,22,245.58,245.58,0.0,-9863.202606,0.0
2019-01-06,13,0,23,90.35,90.35,0.0,-3628.717141,0.0
2019-01-06,13,0,24,157.79,157.79,0.0,-6337.302464,0.0
2019-01-06,13,0,29,8.65,8.65,0.0,39.816998,0.0
2019-01-06,13,0,30,594.71,594.71,0.0,-24033.196975,0.0
2019-01-06,13,0,31,13.09,13.09,0.0,-528.98816,0.0
2019-01-06,13,0,32,5.12,5.12,0.0,189.105585,0.0
2019-01-06,13,0,33,2.67,2.67,0.0,19.731219,0.0
2019-01-06,13,0,34,4.27,4.27,0.0,31.55517,0.0
2019-01-06,13,0,35,4.27,4.27,0.0,31.55517,0.0
2019-01-06,13,0,36,10.63,10.63,0.0,-122.958484,0.0
2019-01-06,13,0,37,5.12,5.12,0.0,-60.11457,0.0
2019-01-06,13,0,38,6.58,6.58,0.0,-77.256615,0.0
2019-01-06,13,0,39,4.39,4.39,0.0,-51.543547,0.0
2019-01-06,13,0,40,4.39,4.39,0.0,-51.543547,0.0
2019-01-06,13,0,41,34.8,34.8,0.0,-944.251485,0.0
2019-01-06,13,0,42,59.7,59.7,0.0,-95.160952,0.0
2019-01-06,13,0,43,32.77,32.77,0.0,-325.80436,0.0
2019-01-06,13,0,46,29.44,29.44,0.0,-424.833344,0.0
2019-01-06,13,0,52,13.87,13.87,0.0,-560.509226,0.0
2019-01-06,13,0,53,22.04,22.04,0.0,-890.672195,0.0
2019-01-06,13,0,55,292.15,292.15,0.0,-11733.588408,0.0
2019-01-06,13,0,56,175.42,175.42,0.0,-7089.007101,0.0
2019-01-06,13,0,57,166.86,166.86,0.0,-6743.083599,0.0
2019-01-06,13,0,58,320.89,320.89,0.0,-12967.686061,0.0
2019-01-06,13,0,59,315.54,315.54,0.0,-12751.483872,0.0
2019-01-06,13,0,63,51.0,51.0,0.0,5628.909279,0.0
2019-01-06,13,0,64,60.0,60.0,0.0,6622.246211,0.0
2019-01-06,13,0,65,41.4,41.4,0.0,-12.039745,0.0
2019-01-06,13,0,67,315.46,315.46,0.0,-174174.317529,0.0
2019-01-06,13,0,68,34.0,34.0,0.0,-13799.765914,0.0
2019-01-06,13,0,69,2.67,2.67,0.0,19.731219,0.0
2019-01-06,13,0,74,98.49,98.49,0.0,-854.570643,0.0
2019-01-06,13,0,77,60.0,60.0,0.0,-16950.552423,0.0
2019-01-06,13,0,78,45.36,45.36,0.0,-12814.617631,0.0
2019-01-06,13,0,79,26.25,26.25,0.0,-7415.866685,0.0
2019-01-06,13,0,80,42.45,42.45,0.0,-11992.515839,0.0
2019-01-06,13,0,81,55.5,55.5,0.0,-15679.260991,0.0
2019-01-06,13,0,82,39.15,39.15,0.0,-11060.235456,0.0
2019-01-06,13,0,83,87.3,87.3,0.0,-24663.053775,0.0
2019-01-06,13,0,84,0.0,0.0,0.0,-0.0,0.0
2019-01-06,13,0,86,13.51,13.51,0.0,99.838488,0.0
2019-01-06,13,0,87,68.96,68.96,0.0,509.612297,0.0
2019-01-06,13,0,88,51.18,51.18,0.0,-14458.821216,0.0
2019-01-06,13,0,89,49.2,49.2,0.0,-13899.452987,0.0
2019-01-06,13,0,90,66.06,66.06,0.0,-18662.558217,0.0
2019-01-06,13,0,91,235.65,235.65,0.0,-66573.29464,0.0
2019-01-06,13,0,92,84.75,84.75,0.0,-23942.655297,0.0
2019-01-06,13,0,95,120.0,120.0,0.0,2691.568394,0.0
2019-01-06,13,0,96,29.88,29.88,0.0,-1215.266673,0.0
2019-01-06,13,0,97,183.75,183.75,0.0,-7473.401978,0.0
2019-01-06,13,0,99,19.01,19.01,0.0,-164.944542,0.0
2019-01-06,13,0,101,11.98,11.98,0.0,-484.131257,0.0
2019-01-06,13,0,102,80.5,80.5,0.0,-32672.97518,0.0
2019-01-06,13,0,103,70.0,70.0,0.0,-28411.282765,0.0
2019-01-06,13,0,104,13.0,13.0,0.0,-5276.381085,0.0
2019-01-06,13,0,106,241.75,241.75,0.0,-9709.378736,0.0
2019-01-06,13,0,109,60.0,60.0,0.0,-1122.614704,0.0
2019-01-06,13,0,110,338.6,338.6,0.0,-338600.0,0.0
2019-01-06,13,0,111,18.66,18.66,0.0,-506.314158,0.0
2019-01-06,13,0,113,45.0,45.0,0.0,-11610.009378,0.0
2019-01-06,13,0,115,45.0,45.0,0.0,-11610.009378,0.0
2019-01-06,13,0,116,114.8,114.8,0.0,-114800.0,0.0
2019-01-06,13,0,117,3.0,3.0,0.0,-774.000625,0.0
2019-01-06,13,0,119,60.0,60.0,0.0,6622.246211,0.0
2019-01-06,13,0,120,35.28,35.28,0.0,3893.880772,0.0
2019-01-06,13,0,123,4.03,4.03,0.0,-161.856448,0.0
2019-01-06,13,0,125,143.27,143.27,0.0,-5754.137297,0.0
2019-01-06,13,0,126,181.31,181.31,0.0,-7281.933645,0.0
2019-01-06,13,0,127,232.68,232.68,0.0,-9345.101321,0.0
2019-01-06,13,0,128,202.25,202.25,0.0,-8122.944568,0.0
2019-01-06,13,0,131,30.0,30.0,0.0,-11004.47717,0.0
2019-01-06,13,0,132,44.1,44.1,0.0,-16176.581441,0.0
2019-01-06,13,0,133,41.94,41.94,0.0,1.447098,0.0
2019-01-06,13,0,134,0.0,0.0,0.0,0.0,0.0
2019-01-06,13,0,135,56.2,56.2,0.0,1.939125,0.0
2019-01-06,13,0,136,45.9,45.9,0.0,-14.097575,0.0
2019-01-06,13,0,139,44.94,44.94,0.0,-1219.386831,0.0
2019-01-06,13,0,140,250.6,250.6,0.0,-250600.0,0.0
2019-01-06,13,0,141,230.0,230.0,0.0,-126989.453597,0.0
2019-01-06,13,0,142,416.02,416.02,0.0,-229696.315154,0.0
2019-01-06,13,0,143,8.59,8.59,0.0,-347.135851,0.0
2019-01-06,13,0,145,100.0,100.0,0.0,-3235.503365,0.0
2019-01-06,13,0,146,268.0,268.0,0.0,-268000.0,0.0
2019-01-06,13,0,152,8.13,8.13,0.0,-68.4525,0.0
2019-01-06,13,0,153,10.27,10.27,0.0,-90.377168,0.0
2019-01-06,13,0,154,76.99,76.99,0.0,-2089.020742,0.0
2019-01-06,13,0,157,127.81,127.81,0.0,-70567.487236,0.0
2019-01-06,13,0,158,187.79,187.79,0.0,-103684.128222,0.0
2019-01-06,13,0,159,0.0,0.0,0.0,-0.0,0.0
2019-01-06,13,0,160,2.61,2.61,0.0,-11.100075,0.0
2019-01-06,13,0,161,60.9,60.9,0.0,-24717.816006,0.0
2019-01-06,13,0,162,162.5,162.5,0.0,3779.448375,0.0
2019-01-06,13,0,163,104.55,104.55,0.0,-104550.0,0.0
2019-01-06,13,0,164,21.64,21.64,0.0,-874.507546,0.0
2019-01-06,13,0,167,5.9,5.9,0.0,115.752632,0.0
2019-01-06,13,0,168,2.95,2.95,0.0,57.876316,0.0
2019-01-06,13,0,169,0.0,0.0,0.0,0.0,0.0
2019-01-06,13,0,170,6.46,6.46,0.0,126.739322,0.0
2019-01-06,13,0,172,7.78,7.78,0.0,59.710696,0.0
2019-01-06,13,0,173,11.85,11.85,0.0,90.947525,0.0
2019-01-06,13,0,188,10.59,10.59,0.0,200.765995,0.0
2019-01-06,13,0,190,7.83,7.83,0.0,253.907772,0.0
2019-01-06,13,0,191,20.23,20.23,0.0,656.00948,0.0
2019-01-06,13,0,192,332.6,332.6,0.0,10785.405497,0.0
2019-01-06,13,0,194,52.95,52.95,0.0,-6685.931139,0.0
2019-01-06,13,0,196,5.93,5.93,0.0,1570.131517,0.0
2019-01-06,13,0,198,11.78,11.78,0.0,58.186881,0.0
2019-01-06,13,0,199,73.53,73.53,0.0,-1669.245434,0.0
2019-01-06,13,0,200,19.88,19.88,0.0,-451.306939,0.0
2019-01-06,13,0,204,257.1,257.1,0.0,-5071.11318,0.0
2019-01-06,13,0,205,317.4,317.4,0.0,-5938.631782,0.0
2019-01-06,13,0,206,539.94,539.94,0.0,-21960.210416,0.0
2019-01-06,13,0,210,2.59,2.59,0.0,15.932532,0.0
2019-01-06,13,0,214,15.36,15.36,0.0,180.608742,0.0
2019-01-06,13,0,217,10.36,10.36,0.0,98.399946,0.0
2019-01-06,13,0,218,14.29,14.29,0.0,135.727339,0.0
2019-01-06,13,0,219,9.73,9.73,0.0,92.416166,0.0
2019-01-06,13,0,221,8.19,8.19,0.0,96.301146,0.0
2019-01-06,13,0,225,7.87,7.87,0.0,35.049706,0.0
2019-01-06,13,0,233,7.64,7.64,0.0,56.459367,0.0
2019-01-06,13,0,236,172.89,172.89,0.0,-701.700975,0.0
2019-01-06,13,0,237,236.26,236.26,0.0,-2049.963044,0.0
2019-01-06,13,0,238,77.71,77.71,0.0,-123.868637,0.0
2019-01-06,13,0,240,12.05,12.05,0.0,-139.383794,0.0
2019-01-06,13,0,245,78.0,78.0,0.0,85.783019,0.0
2019-01-06,13,0,247,171.72,171.72,0.0,188.854615,0.0
2019-01-06,13,0,248,23.72,23.72,0.0,-205.811917,0.0
2019-01-06,13,0,249,150.0,150.0,0.0,164.967344,0.0
2019-01-06,13,0,251,326.4,326.4,0.0,-254.247864,0.0
2019-01-06,13,0,252,267.06,267.06,0.0,-77.665077,0.0
2019-01-06,13,0,254,18.59,18.59,0.0,-158.284902,0.0
2019-01-06,13,0,255,8.52,8.52,0.0,-72.543699,0.0
2019-01-06,13,0,258,14.89,14.89,0.0,-168.326603,0.0
2019-01-06,13,0,260,6.35,6.35,0.0,-27.005931,0.0
2019-01-06,13,0,265,79.71,79.71,0.0,-2162.824307,0.0
2019-01-06,13,0,266,29.1,29.1,0.0,-789.589604,0.0
2019-01-06,13,0,267,35.76,35.76,0.0,-970.299802,0.0
2019-01-06,13,0,270,325.32,325.32,0.0,-325320.0,0.0
2019-01-06,13,0,272,150.39,150.39,0.0,-38800.651343,0.0
2019-01-06,13,0,273,27.45,27.45,0.0,-27450.0,0.0
2019-01-06,13,0,274,419.18,419.18,0.0,-419180.0,0.0
2019-01-06,13,0,275,583.24,583.24,0.0,-583240.0,0.0
2019-01-06,13,0,276,6.33,6.33,0.0,-5696.99778,0.0
2019-01-06,13,0,277,7.76,7.76,0.0,-2078.331789,0.0
2019-01-06,13,0,278,12.42,12.42,0.0,-3326.402168,0.0
2019-01-06,13,0,279,378.16,378.16,0.0,-101281.179041,0.0
2019-01-06,13,0,281,5.87,5.87,0.0,-237.216234,0.0
2019-01-06,13,0,282,326.23,326.23,0.0,-13183.484134,0.0
2019-01-06,14,0,9,3.14,3.14,0.0,-117.033093,0.0
2019-01-06,14,0,17,36.91,36.91,0.0,-1.706128,0.0
2019-01-06,14,0,19,192.99,192.99,0.0,-8.920772,0.0
2019-01-06,14,0,20,234.06,234.06,0.0,-10.819192,0.0
2019-01-06,14,0,21,71.79,71.79,0.0,-2675.734309,0.0
2019-01-06,14,0,22,255.15,255.15,0.0,-9509.870581,0.0
2019-01-06,14,0,23,42.61,42.61,0.0,-1588.146523,0.0
2019-01-06,14,0,24,73.27,73.27,0.0,-2730.896404,0.0
2019-01-06,14,0,29,8.74,8.74,0.0,40.76609,0.0
2019-01-06,14,0,30,618.95,618.95,0.0,-23212.44737,0.0
2019-01-06,14,0,31,23.48,23.48,0.0,-880.569132,0.0
2019-01-06,14,0,32,5.2,5.2,0.0,188.606416,0.0
2019-01-06,14,0,33,2.77,2.77,0.0,18.716308,0.0
2019-01-06,14,0,34,4.44,4.44,0.0,30.000148,0.0
2019-01-06,14,0,35,4.44,4.44,0.0,30.000148,0.0
2019-01-06,14,0,36,11.05,11.05,0.0,-117.847165,0.0
2019-01-06,14,0,37,5.26,5.26,0.0,-56.902447,0.0
2019-01-06,14,0,38,6.76,6.76,0.0,-73.129381,0.0
2019-01-06,14,0,39,4.51,4.51,0.0,-48.78898,0.0
2019-01-06,14,0,40,4.51,4.51,0.0,-48.78898,0.0
2019-01-06,14,0,41,34.8,34.8,0.0,-875.822057,0.0
2019-01-06,14,0,42,62.22,62.22,0.0,-94.629088,0.0
2019-01-06,14,0,43,34.1,34.1,0.0,-310.924267,0.0
2019-01-06,14,0,46,30.11,30.11,0.0,-400.805908,0.0
2019-01-06,14,0,52,24.89,24.89,0.0,-933.448283,0.0
2019-01-06,14,0,53,39.55,39.55,0.0,-1483.241447,0.0
2019-01-06,14,0,55,381.51,381.51,0.0,-14219.520773,0.0
2019-01-06,14,0,56,182.57,182.57,0.0,-6846.91254,0.0
2019-01-06,14,0,57,173.66,173.66,0.0,-6512.761306,0.0
2019-01-06,14,0,58,333.97,333.97,0.0,-12524.858306,0.0
2019-01-06,14,0,59,328.4,328.4,0.0,-12315.966906,0.0
2019-01-06,14,0,63,51.0,51.0,0.0,5585.897328,0.0
2019-01-06,14,0,64,60.0,60.0,0.0,6571.643915,0.0
2019-01-06,14,0,65,41.4,41.4,0.0,-13.254576,0.0
2019-01-06,14,0,67,325.44,325.44,0.0,-179989.09136,0.0
2019-01-06,14,0,68,19.16,19.16,0.0,-7800.358059,0.0
2019-01-06,14,0,69,2.77,2.77,0.0,18.716308,0.0
2019-01-06,14,0,74,106.75,106.75,0.0,-859.705122,0.0
2019-01-06,14,0,77,60.0,60.0,0.0,-17047.048986,0.0
2019-01-06,14,0,78,45.36,45.36,0.0,-12887.569034,0.0
2019-01-06,14,0,79,26.25,26.25,0.0,-7458.083932,0.0
2019-01-06,14,0,80,42.45,42.45,0.0,-12060.787158,0.0
2019-01-06,14,0,81,55.5,55.5,0.0,-15768.520312,0.0
2019-01-06,14,0,82,39.15,39.15,0.0,-11123.199464,0.0
2019-01-06,14,0,83,87.3,87.3,0.0,-24803.456275,0.0
2019-01-06,14,0,84,0.0,0.0,0.0,-0.0,0.0
2019-01-06,14,0,86,14.06,14.06,0.0,95.000467,0.0
2019-01-06,14,0,87,71.76,71.76,0.0,484.86725,0.0
2019-01-06,14,0,88,51.18,51.18,0.0,-14541.132785,0.0
2019-01-06,14,0,89,49.2,49.2,0.0,-13978.580169,0.0
2019-01-06,14,0,90,66.06,66.06,0.0,-18768.800934,0.0
2019-01-06,14,0,91,235.65,235.65,0.0,-66952.284894,0.0
2019-01-06,14,0,92,84.75,84.75,0.0,-24078.956693,0.0
2019-01-06,14,0,95,120.0,120.0,0.0,2691.568394,0.0
2019-01-06,14,0,96,31.39,31.39,0.0,-1184.80401,0.0
2019-01-06,14,0,97,210.51,210.51,0.0,-7945.622563,0.0
2019-01-06,14,0,99,20.6,20.6,0.0,-165.900942,0.0
2019-01-06,14,0,101,12.47,12.47,0.0,-467.661715,0.0
2019-01-06,14,0,102,45.25,45.25,0.0,-18422.035605,0.0
2019-01-06,14,0,103,39.36,39.36,0.0,-16024.1176,0.0
2019-01-06,14,0,104,7.37,7.37,0.0,-3000.450882,0.0
2019-01-06,14,0,106,251.17,251.17,0.0,-9361.529272,0.0
2019-01-06,14,0,109,60.0,60.0,0.0,-1039.127153,0.0
2019-01-06,14,0,110,338.6,338.6,0.0,-338600.0,0.0
2019-01-06,14,0,111,20.06,20.06,0.0,-504.856048,0.0
2019-01-06,14,0,113,45.0,45.0,0.0,-11668.550737,0.0
2019-01-06,14,0,115,45.0,45.0,0.0,-11668.550737,0.0
2019-01-06,14,0,116,116.25,116.25,0.0,-116250.0,0.0
2019-01-06,14,0,117,3.0,3.0,0.0,-777.903382,0.0
2019-01-06,14,0,119,60.0,60.0,0.0,6571.643915,0.0
2019-01-06,14,0,120,35.28,35.28,0.0,3864.126622,0.0
2019-01-06,14,0,123,4.19,4.19,0.0,-156.168363,0.0
2019-01-06,14,0,125,66.79,66.79,0.0,-2489.375881,0.0
2019-01-06,14,0,126,188.38,188.38,0.0,-7021.240133,0.0
2019-01-06,14,0,127,241.75,241.75,0.0,-9010.429994,0.0
2019-01-06,14,0,128,92.7,92.7,0.0,-3455.085255,0.0
2019-01-06,14,0,131,30.0,30.0,0.0,-11044.165683,0.0
2019-01-06,14,0,132,44.1,44.1,0.0,-16234.923554,0.0
2019-01-06,14,0,133,41.94,41.94,0.0,-0.856213,0.0
2019-01-06,14,0,134,0.0,0.0,0.0,-0.0,0.0
2019-01-06,14,0,135,56.2,56.2,0.0,-1.147333,0.0
2019-01-06,14,0,136,45.9,45.9,0.0,-15.385557,0.0
2019-01-06,14,0,139,44.94,44.94,0.0,-1131.018484,0.0
2019-01-06,14,0,140,250.6,250.6,0.0,-250600.0,0.0
2019-01-06,14,0,141,230.0,230.0,0.0,-127204.679857,0.0
2019-01-06,14,0,142,429.18,429.18,0.0,-237363.932614,0.0
2019-01-06,14,0,143,15.03,15.03,0.0,-563.669253,0.0
2019-01-06,14,0,145,56.12,56.12,0.0,-1684.149752,0.0
2019-01-06,14,0,146,268.0,268.0,0.0,-268000.0,0.0
2019-01-06,14,0,152,8.66,8.66,0.0,-67.59942,0.0
2019-01-06,14,0,153,10.82,10.82,0.0,-88.249432,0.0
2019-01-06,14,0,154,82.75,82.75,0.0,-2082.594116,0.0
2019-01-06,14,0,157,157.0,157.0,0.0,-86831.020598,0.0
2019-01-06,14,0,158,200.12,200.12,0.0,-110679.132752,0.0
2019-01-06,14,0,159,0.0,0.0,0.0,-0.0,0.0
2019-01-06,14,0,160,2.7,2.7,0.0,-10.162621,0.0
2019-01-06,14,0,161,62.01,62.01,0.0,-25245.313323,0.0
2019-01-06,14,0,162,162.5,162.5,0.0,3778.567032,0.0
2019-01-06,14,0,163,130.61,130.61,0.0,-130610.0,0.0
2019-01-06,14,0,164,23.28,23.28,0.0,-873.068543,0.0
2019-01-06,14,0,167,5.85,5.85,0.0,114.95176,0.0
2019-01-06,14,0,168,2.93,2.93,0.0,57.57413,0.0
2019-01-06,14,0,169,0.0,0.0,0.0,0.0,0.0
2019-01-06,14,0,170,6.4,6.4,0.0,125.759191,0.0
2019-01-06,14,0,172,7.82,7.82,0.0,61.215061,0.0
2019-01-06,14,0,173,11.92,11.92,0.0,93.309914,0.0
2019-01-06,14,0,188,10.55,10.55,0.0,195.885478,0.0
2019-01-06,14,0,190,7.86,7.86,0.0,254.880599,0.0
2019-01-06,14,0,191,20.31,20.31,0.0,658.603685,0.0
2019-01-06,14,0,192,332.6,332.6,0.0,10785.405497,0.0
2019-01-06,14,0,194,52.95,52.95,0.0,-6751.674326,0.0
2019-01-06,14,0,196,5.96,5.96,0.0,1570.885078,0.0
2019-01-06,14,0,198,12.03,12.03,0.0,59.595517,0.0
2019-01-06,14,0,199,130.0,130.0,0.0,-3574.935334,0.0
2019-01-06,14,0,200,20.24,20.24,0.0,-556.589932,0.0
2019-01-06,14,0,204,257.1,257.1,0.0,-4693.953503,0.0
2019-01-06,14,0,205,317.4,317.4,0.0,-5496.982639,0.0
2019-01-06,14,0,206,745.19,745.19,0.0,-28126.922605,0.0
2019-01-06,14,0,210,2.6,2.6,0.0,15.530699,0.0
2019-01-06,14,0,214,15.37,15.37,0.0,165.712165,0.0
2019-01-06,14,0,217,10.39,10.39,0.0,92.673091,0.0
2019-01-06,14,0,218,14.34,14.34,0.0,127.904921,0.0
2019-01-06,14,0,219,9.77,9.77,0.0,87.143032,0.0
2019-01-06,14,0,221,8.2,8.2,0.0,88.408572,0.0
2019-01-06,14,0,225,8.02,8.02,0.0,36.393918,0.0
2019-01-06,14,0,233,7.95,7.95,0.0,53.71648,0.0
2019-01-06,14,0,236,96.73,96.73,0.0,-366.680334,0.0
2019-01-06,14,0,237,256.08,256.08,0.0,-2062.325879,0.0
2019-01-06,14,0,238,80.98,80.98,0.0,-123.160777,0.0
2019-01-06,14,0,240,12.52,12.52,0.0,-133.524571,0.0
2019-01-06,14,0,245,78.0,78.0,0.0,74.966951,0.0
2019-01-06,14,0,247,171.72,171.72,0.0,165.042625,0.0
2019-01-06,14,0,248,25.71,25.71,0.0,-207.054039,0.0
2019-01-06,14,0,249,150.0,150.0,0.0,144.167213,0.0
2019-01-06,14,0,251,326.4,326.4,0.0,-251.300042,0.0
2019-01-06,14,0,252,267.06,267.06,0.0,-85.501622,0.0
2019-01-06,14,0,254,18.9,18.9,0.0,-146.937774,0.0
2019-01-06,14,0,255,8.66,8.66,0.0,-67.327043,0.0
2019-01-06,14,0,258,15.42,15.42,0.0,-160.60033,0.0
2019-01-06,14,0,260,6.55,6.55,0.0,-24.653765,0.0
2019-01-06,14,0,265,85.68,85.68,0.0,-2156.334306,0.0
2019-01-06,14,0,266,29.1,29.1,0.0,-732.368444,0.0
2019-01-06,14,0,267,35.76,35.76,0.0,-899.982666,0.0
2019-01-06,14,0,270,454.05,454.05,0.0,-454050.0,0.0
2019-01-06,14,0,272,150.39,150.39,0.0,-38996.296563,0.0
2019-01-06,14,0,273,27.8,27.8,0.0,-27800.0,0.0
2019-01-06,14,0,274,605.65,605.65,0.0,-605650.0,0.0
2019-01-06,14,0,275,880.86,880.86,0.0,-880860.0,0.0
2019-01-06,14,0,276,6.39,6.39,0.0,-5752.332866,0.0
2019-01-06,14,0,277,7.99,7.99,0.0,-2151.310735,0.0
2019-01-06,14,0,278,12.79,12.79,0.0,-3443.712679,0.0
2019-01-06,14,0,279,264.6,264.6,0.0,-71243.657146,0.0
2019-01-06,14,0,281,10.54,10.54,0.0,-395.281033,0.0
2019-01-06,14,0,282,339.53,339.53,0.0,-12733.374676,0.0
2019-01-06,15,0,9,2.94,2.94,0.0,-75.792907,0.0
2019-01-06,15,0,17,35.02,35.02,0.0,101.33096,0.0
2019-01-06,15,0,19,192.99,192.99,0.0,558.419816,0.0
2019-01-06,15,0,20,234.06,234.06,0.0,677.256553,0.0
2019-01-06,15,0,21,67.2,67.2,0.0,-1732.409292,0.0
2019-01-06,15,0,22,238.81,238.81,0.0,-6156.497962,0.0
2019-01-06,15,0,23,32.64,32.64,0.0,-841.455942,0.0
2019-01-06,15,0,24,57.75,57.75,0.0,-1488.789235,0.0
2019-01-06,15,0,29,7.87,7.87,0.0,38.910355,0.0
2019-01-06,15,0,30,574.89,574.89,0.0,-14922.316428,0.0
2019-01-06,15,0,31,40.02,40.02,0.0,-1038.791949,0.0
2019-01-06,15,0,32,4.69,4.69,0.0,165.244637,0.0
2019-01-06,15,0,33,2.58,2.58,0.0,21.147661,0.0
2019-01-06,15,0,34,4.13,4.13,0.0,33.852651,0.0
2019-01-06,15,0,35,4.13,4.13,0.0,33.852651,0.0
2019-01-06,15,0,36,10.41,10.41,0.0,-56.806731,0.0
2019-01-06,15,0,37,4.94,4.94,0.0,-27.604671,0.0
2019-01-06,15,0,38,6.35,6.35,0.0,-35.483737,0.0
2019-01-06,15,0,39,4.23,4.23,0.0,-23.637198,0.0
2019-01-06,15,0,40,4.23,4.23,0.0,-23.637198,0.0
2019-01-06,15,0,41,58.96,58.96,0.0,-973.107653,0.0
2019-01-06,15,0,42,59.2,59.2,0.0,103.242313,0.0
2019-01-06,15,0,43,31.83,31.83,0.0,-137.863345,0.0
2019-01-06,15,0,46,28.05,28.05,0.0,-210.563041,0.0
2019-01-06,15,0,52,42.43,42.43,0.0,-1101.347886,0.0
2019-01-06,15,0,53,67.4,67.4,0.0,-1749.489689,0.0
2019-01-06,15,0,55,488.36,488.36,0.0,-12589.872053,0.0
2019-01-06,15,0,56,169.57,169.57,0.0,-4401.49802,0.0
2019-01-06,15,0,57,161.3,161.3,0.0,-4186.835116,0.0
2019-01-06,15,0,58,310.2,310.2,0.0,-8051.80566,0.0
2019-01-06,15,0,59,305.03,305.03,0.0,-7917.608899,0.0
2019-01-06,15,0,63,51.0,51.0,0.0,5518.999738,0.0
2019-01-06,15,0,64,60.0,60.0,0.0,6492.940868,0.0
2019-01-06,15,0,65,41.4,41.4,0.0,110.950862,0.0
2019-01-06,15,0,67,302.58,302.58,0.0,-167894.940375,0.0
2019-01-06,15,0,68,34.0,34.0,0.0,-13923.788987,0.0
2019-01-06,15,0,69,2.58,2.58,0.0,21.147661,0.0
2019-01-06,15,0,74,133.95,133.95,0.0,-447.090318,0.0
2019-01-06,15,0,77,60.0,60.0,0.0,-17242.059892,0.0
2019-01-06,15,0,78,45.36,45.36,0.0,-13034.997278,0.0
2019-01-06,15,0,79,26.25,26.25,0.0,-7543.401203,0.0
2019-01-06,15,0,80,42.45,42.45,0.0,-12198.757373,0.0
2019-01-06,15,0,81,55.5,55.5,0.0,-15948.9054,0.0
2019-01-06,15,0,82,39.15,39.15,0.0,-11250.444079,0.0
2019-01-06,15,0,83,87.3,87.3,0.0,-25087.197142,0.0
2019-01-06,15,0,84,0.0,0.0,0.0,-0.0,0.0
2019-01-06,15,0,86,13.08,13.08,0.0,107.213721,0.0
2019-01-06,15,0,87,66.78,66.78,0.0,547.380146,0.0
2019-01-06,15,0,88,51.18,51.18,0.0,-14707.477087,0.0
2019-01-06,15,0,89,49.2,49.2,0.0,-14138.489111,0.0
2019-01-06,15,0,90,66.06,66.06,0.0,-18983.507941,0.0
2019-01-06,15,0,91,235.65,235.65,0.0,-67718.190224,0.0
2019-01-06,15,0,92,84.75,84.75,0.0,-24354.409597,0.0
2019-01-06,15,0,95,120.0,120.0,0.0,2691.568394,0.0
2019-01-06,15,0,96,29.88,29.88,0.0,-781.114571,0.0
2019-01-06,15,0,97,183.75,183.75,0.0,-4803.540913,0.0
2019-01-06,15,0,99,25.85,25.85,0.0,-86.280588,0.0
2019-01-06,15,0,101,11.58,11.58,0.0,-300.579979,0.0
2019-01-06,15,0,102,80.5,80.5,0.0,-32966.618044,0.0
2019-01-06,15,0,103,70.0,70.0,0.0,-28666.624386,0.0
2019-01-06,15,0,104,13.0,13.0,0.0,-5323.801672,0.0
2019-01-06,15,0,106,235.09,235.09,0.0,-6060.596734,0.0
2019-01-06,15,0,109,60.0,60.0,0.0,-631.632117,0.0
2019-01-06,15,0,110,338.6,338.6,0.0,-338600.0,0.0
2019-01-06,15,0,111,19.18,19.18,0.0,-316.557069,0.0
2019-01-06,15,0,113,45.0,45.0,0.0,-11768.419919,0.0
2019-01-06,15,0,115,45.0,45.0,0.0,-11768.419919,0.0
2019-01-06,15,0,116,106.95,106.95,0.0,-106950.0,0.0
2019-01-06,15,0,117,3.0,3.0,0.0,-784.561328,0.0
2019-01-06,15,0,119,60.0,60.0,0.0,6492.940868,0.0
2019-01-06,15,0,120,35.28,35.28,0.0,3817.84923,0.0
2019-01-06,15,0,123,3.92,3.92,0.0,-101.057209,0.0
2019-01-06,15,0,125,52.26,52.26,0.0,-1347.257583,0.0
2019-01-06,15,0,126,176.32,176.32,0.0,-4545.512,0.0
2019-01-06,15,0,127,226.27,226.27,0.0,-5833.218014,0.0
2019-01-06,15,0,128,74.85,74.85,0.0,-1929.625529,0.0
2019-01-06,15,0,131,73.62,73.62,0.0,-27291.18847,0.0
2019-01-06,15,0,132,108.35,108.35,0.0,-40165.719515,0.0
2019-01-06,15,0,133,41.94,41.94,0.0,122.197893,0.0
2019-01-06,15,0,134,0.0,0.0,0.0,0.0,0.0
2019-01-06,15,0,135,56.2,56.2,0.0,163.746342,0.0
2019-01-06,15,0,136,45.9,45.9,0.0,122.472645,0.0
2019-01-06,15,0,139,76.67,76.67,0.0,-1265.403049,0.0
2019-01-06,15,0,140,250.6,250.6,0.0,-250600.0,0.0
2019-01-06,15,0,141,230.0,230.0,0.0,-127621.905897,0.0
2019-01-06,15,0,142,399.03,399.03,0.0,-221412.909174,0.0
2019-01-06,15,0,143,27.44,27.44,0.0,-712.255149,0.0
2019-01-06,15,0,145,30.0,30.0,0.0,-606.853789,0.0
2019-01-06,15,0,146,268.0,268.0,0.0,-268000.0,0.0
2019-01-06,15,0,152,8.04,8.04,0.0,-25.423364,0.0
2019-01-06,15,0,153,10.11,10.11,0.0,-34.733292,0.0
2019-01-06,15,0,154,79.14,79.14,0.0,-1306.169262,0.0
2019-01-06,15,0,157,192.27,192.27,0.0,-106686.364551,0.0
2019-01-06,15,0,158,188.13,188.13,0.0,-104389.170245,0.0
2019-01-06,15,0,159,0.0,0.0,0.0,-0.0,0.0
2019-01-06,15,0,160,2.52,2.52,0.0,-0.852826,0.0
2019-01-06,15,0,161,57.05,57.05,0.0,-23363.298875,0.0
2019-01-06,15,0,162,162.5,162.5,0.0,3777.258936,0.0
2019-01-06,15,0,163,142.89,142.89,0.0,-142890.0,0.0
2019-01-06,15,0,164,21.78,21.78,0.0,-565.339546,0.0
2019-01-06,15,0,167,5.3,5.3,0.0,104.40119,0.0
2019-01-06,15,0,168,2.65,2.65,0.0,52.200595,0.0
2019-01-06,15,0,169,0.0,0.0,0.0,0.0,0.0
2019-01-06,15,0,170,5.79,5.79,0.0,114.053376,0.0
2019-01-06,15,0,172,7.19,7.19,0.0,57.388065,0.0
2019-01-06,15,0,173,10.95,10.95,0.0,87.399069,0.0
2019-01-06,15,0,188,9.5,9.5,0.0,170.50112,0.0
2019-01-06,15,0,190,7.34,7.34,0.0,238.018269,0.0
2019-01-06,15,0,191,18.96,18.96,0.0,614.826483,0.0
2019-01-06,15,0,192,332.6,332.6,0.0,10785.405497,0.0
2019-01-06,15,0,194,52.95,52.95,0.0,-6841.606831,0.0
2019-01-06,15,0,196,5.55,5.55,0.0,1452.124721,0.0
2019-01-06,15,0,198,11.21,11.21,0.0,67.899092,0.0
2019-01-06,15,0,199,130.0,130.0,0.0,-3639.393574,0.0
2019-01-06,15,0,200,18.38,18.38,0.0,-514.554261,0.0
2019-01-06,15,0,204,257.1,257.1,0.0,-2892.898785,0.0
2019-01-06,15,0,205,317.4,317.4,0.0,-3341.333901,0.0
2019-01-06,15,0,206,539.94,539.94,0.0,-14114.959893,0.0
2019-01-06,15,0,210,2.37,2.37,0.0,14.298847,0.0
2019-01-06,15,0,214,13.97,13.97,0.0,158.344652,0.0
2019-01-06,15,0,217,9.44,9.44,0.0,86.713824,0.0
2019-01-06,15,0,218,13.02,13.02,0.0,119.598939,0.0
2019-01-06,15,0,219,8.87,8.87,0.0,81.477925,0.0
2019-01-06,15,0,221,7.45,7.45,0.0,84.442925,0.0
2019-01-06,15,0,225,7.24,7.24,0.0,35.03404,0.0
2019-01-06,15,0,233,7.4,7.4,0.0,60.656081,0.0
2019-01-06,15,0,236,130.24,130.24,0.0,-3.538445,0.0
2019-01-06,15,0,237,321.33,321.33,0.0,-1072.516102,0.0
2019-01-06,15,0,238,77.06,77.06,0.0,134.389402,0.0
2019-01-06,15,0,240,11.79,11.79,0.0,-64.337306,0.0
2019-01-06,15,0,245,78.0,78.0,0.0,286.944999,0.0
2019-01-06,15,0,247,171.72,171.72,0.0,631.720452,0.0
2019-01-06,15,0,248,32.26,32.26,0.0,-107.675503,0.0
2019-01-06,15,0,249,150.0,150.0,0.0,551.817306,0.0
2019-01-06,15,0,251,326.4,326.4,0.0,760.305769,0.0
2019-01-06,15,0,252,267.06,267.06,0.0,715.713457,0.0
2019-01-06,15,0,254,17.71,17.71,0.0,-58.961907,0.0
2019-01-06,15,0,255,8.12,8.12,0.0,-27.033918,0.0
2019-01-06,15,0,258,14.53,14.53,0.0,-76.647624,0.0
2019-01-06,15,0,260,6.13,6.13,0.0,-2.074533,0.0
2019-01-06,15,0,265,81.93,81.93,0.0,-1352.216927,0.0
2019-01-06,15,0,266,49.03,49.03,0.0,-809.217575,0.0
2019-01-06,15,0,267,60.63,60.63,0.0,-1000.670234,0.0
2019-01-06,15,0,270,466.38,466.38,0.0,-466380.0,0.0
2019-01-06,15,0,272,150.39,150.39,0.0,-39330.05937,0.0
2019-01-06,15,0,273,25.57,25.57,0.0,-25570.0,0.0
2019-01-06,15,0,274,614.3,614.3,0.0,-614300.0,0.0
2019-01-06,15,0,275,881.73,881.73,0.0,-881730.0,0.0
2019-01-06,15,0,276,5.88,5.88,0.0,-5295.608086,0.0
2019-01-06,15,0,277,7.4,7.4,0.0,-2011.934282,0.0
2019-01-06,15,0,278,11.84,11.84,0.0,-3219.094852,0.0
2019-01-06,15,0,279,264.6,264.6,0.0,-71940.244749,0.0
2019-01-06,15,0,281,17.96,17.96,0.0,-466.184493,0.0
2019-01-06,15,0,282,315.36,315.36,0.0,-8185.742853,0.0
2019-01-06,16,0,9,2.38,2.38,0.0,-72.134968,0.0
2019-01-06,16,0,17,27.51,27.51,0.0,58.879622,0.0
2019-01-06,16,0,19,332.0,332.0,0.0,710.57923,0.0
2019-01-06,16,0,20,419.03,419.03,0.0,896.849442,0.0
2019-01-06,16,0,21,54.53,54.53,0.0,-1652.739424,0.0
2019-01-06,16,0,22,193.8,193.8,0.0,-5873.847431,0.0
2019-01-06,16,0,23,32.64,32.64,0.0,-989.279567,0.0
2019-01-06,16,0,24,57.75,57.75,0.0,-1750.333793,0.0
2019-01-06,16,0,29,6.28,6.28,0.0,31.862067,0.0
2019-01-06,16,0,30,464.74,464.74,0.0,-14179.029258,0.0
2019-01-06,16,0,31,64.0,64.0,0.0,-1952.614091,0.0
2019-01-06,16,0,32,3.64,3.64,0.0,127.882123,0.0
2019-01-06,16,0,33,1.93,1.93,0.0,15.656617,0.0
2019-01-06,16,0,34,3.1,3.1,0.0,25.147933,0.0
2019-01-06,16,0,35,3.1,3.1,0.0,25.147933,0.0
2019-01-06,16,0,36,8.77,8.77,0.0,-63.401219,0.0
2019-01-06,16,0,37,4.15,4.15,0.0,-30.591557,0.0
2019-01-06,16,0,38,5.33,5.33,0.0,-39.28988,0.0
2019-01-06,16,0,39,3.56,3.56,0.0,-26.242396,0.0
2019-01-06,16,0,40,3.56,3.56,0.0,-26.242396,0.0
2019-01-06,16,0,41,82.36,82.36,0.0,-1629.858802,0.0
2019-01-06,16,0,42,49.11,49.11,0.0,41.536853,0.0
2019-01-06,16,0,43,26.93,26.93,0.0,-159.546841,0.0
2019-01-06,16,0,46,22.75,22.75,0.0,-217.119488,0.0
2019-01-06,16,0,52,67.84,67.84,0.0,-2069.770936,0.0
2019-01-06,16,0,53,107.78,107.78,0.0,-3288.324167,0.0
2019-01-06,16,0,55,613.38,613.38,0.0,-18590.818046,0.0
2019-01-06,16,0,56,137.08,137.08,0.0,-4182.255306,0.0
2019-01-06,16,0,57,130.39,130.39,0.0,-3978.146114,0.0
2019-01-06,16,0,58,250.76,250.76,0.0,-7650.586084,0.0
2019-01-06,16,0,59,246.58,246.58,0.0,-7523.055976,0.0
2019-01-06,16,0,63,51.0,51.0,0.0,5526.153905,0.0
2019-01-06,16,0,64,60.0,60.0,0.0,6501.357535,0.0
2019-01-06,16,0,65,41.4,41.4,0.0,78.65291,0.0
2019-01-06,16,0,67,243.99,243.99,0.0,-135235.920547,0.0
2019-01-06,16,0,68,34.0,34.0,0.0,-13896.296194,0.0
2019-01-06,16,0,69,1.93,1.93,0.0,15.656617,0.0
2019-01-06,16,0,74,114.17,114.17,0.0,-557.336013,0.0
2019-01-06,16,0,77,60.0,60.0,0.0,-17174.362421,0.0
2019-01-06,16,0,78,45.36,45.36,0.0,-12983.81799,0.0
2019-01-06,16,0,79,26.25,26.25,0.0,-7513.783559,0.0
2019-01-06,16,0,80,42.45,42.45,0.0,-12150.861413,0.0
2019-01-06,16,0,81,55.5,55.5,0.0,-15886.285239,0.0
2019-01-06,16,0,82,39.15,39.15,0.0,-11206.27148,0.0
2019-01-06,16,0,83,87.3,87.3,0.0,-24988.697323,0.0
2019-01-06,16,0,84,0.0,0.0,0.0,-0.0,0.0
2019-01-06,16,0,86,9.8,9.8,0.0,79.499918,0.0
2019-01-06,16,0,87,50.04,50.04,0.0,405.936318,0.0
2019-01-06,16,0,88,51.18,51.18,0.0,-14649.731145,0.0
2019-01-06,16,0,89,49.2,49.2,0.0,-14082.977185,0.0
2019-01-06,16,0,90,66.06,66.06,0.0,-18908.973026,0.0
2019-01-06,16,0,91,235.65,235.65,0.0,-67452.308409,0.0
2019-01-06,16,0,92,84.75,84.75,0.0,-24258.78692,0.0
2019-01-06,16,0,95,120.0,120.0,0.0,2691.568394,0.0
2019-01-06,16,0,96,29.88,29.88,0.0,-917.896722,0.0
2019-01-06,16,0,97,183.75,183.75,0.0,-5644.696206,0.0
2019-01-06,16,0,99,25.04,25.04,0.0,-122.236084,0.0
2019-01-06,16,0,101,9.36,9.36,0.0,-285.569811,0.0
2019-01-06,16,0,102,80.5,80.5,0.0,-32901.524813,0.0
2019-01-06,16,0,103,70.0,70.0,0.0,-28610.021577,0.0
2019-01-06,16,0,104,13.0,13.0,0.0,-5313.289721,0.0
2019-01-06,16,0,106,190.78,190.78,0.0,-5782.314824,0.0
2019-01-06,16,0,109,60.0,60.0,0.0,-779.583174,0.0
2019-01-06,16,0,110,338.6,338.6,0.0,-338600.0,0.0
2019-01-06,16,0,111,15.88,15.88,0.0,-314.256408,0.0
2019-01-06,16,0,113,45.0,45.0,0.0,-11738.57671,0.0
2019-01-06,16,0,115,45.0,45.0,0.0,-11738.57671,0.0
2019-01-06,16,0,116,85.26,85.26,0.0,-85260.0,0.0
2019-01-06,16,0,117,3.0,3.0,0.0,-782.571781,0.0
2019-01-06,16,0,119,60.0,60.0,0.0,6501.357535,0.0
2019-01-06,16,0,120,35.28,35.28,0.0,3822.798231,0.0
2019-01-06,16,0,123,3.18,3.18,0.0,-96.382017,0.0
2019-01-06,16,0,125,52.26,52.26,0.0,-1583.938425,0.0
2019-01-06,16,0,126,143.09,143.09,0.0,-4336.887662,0.0
2019-01-06,16,0,127,183.63,183.63,0.0,-5565.606831,0.0
2019-01-06,16,0,128,74.85,74.85,0.0,-2268.614449,0.0
2019-01-06,16,0,131,30.0,30.0,0.0,-11095.250531,0.0
2019-01-06,16,0,132,44.1,44.1,0.0,-16310.018281,0.0
2019-01-06,16,0,133,50.5,50.5,0.0,109.229219,0.0
2019-01-06,16,0,134,0.0,0.0,0.0,0.0,0.0
2019-01-06,16,0,135,64.2,64.2,0.0,138.8617,0.0
2019-01-06,16,0,136,45.9,45.9,0.0,86.596198,0.0
2019-01-06,16,0,139,107.25,107.25,0.0,-2122.418122,0.0
2019-01-06,16,0,140,250.6,250.6,0.0,-250600.0,0.0
2019-01-06,16,0,141,230.0,230.0,0.0,-127481.707143,0.0
2019-01-06,16,0,142,321.77,321.77,0.0,-178346.908294,0.0
2019-01-06,16,0,143,47.43,47.43,0.0,-1447.070099,0.0
2019-01-06,16,0,145,30.0,30.0,0.0,-720.197476,0.0
2019-01-06,16,0,146,268.0,268.0,0.0,-268000.0,0.0
2019-01-06,16,0,152,6.42,6.42,0.0,-30.018807,0.0
2019-01-06,16,0,153,8.12,8.12,0.0,-40.466279,0.0
2019-01-06,16,0,154,65.52,65.52,0.0,-1296.604526,0.0
2019-01-06,16,0,157,233.63,233.63,0.0,-129493.701043,0.0
2019-01-06,16,0,158,140.52,140.52,0.0,-77885.780382,0.0
2019-01-06,16,0,159,0.0,0.0,0.0,-0.0,0.0
2019-01-06,16,0,160,2.07,2.07,0.0,-2.782708,0.0
2019-01-06,16,0,161,45.91,45.91,0.0,-18764.087008,0.0
2019-01-06,16,0,162,162.5,162.5,0.0,3777.924119,0.0
2019-01-06,16,0,163,146.36,146.36,0.0,-146360.0,0.0
2019-01-06,16,0,164,17.06,17.06,0.0,-520.493694,0.0
2019-01-06,16,0,167,4.08,4.08,0.0,80.368103,0.0
2019-01-06,16,0,168,2.04,2.04,0.0,40.184052,0.0
2019-01-06,16,0,169,0.0,0.0,0.0,0.0,0.0
2019-01-06,16,0,170,4.47,4.47,0.0,88.050349,0.0
2019-01-06,16,0,172,5.64,5.64,0.0,47.053146,0.0
2019-01-06,16,0,173,8.59,8.59,0.0,71.664278,0.0
2019-01-06,16,0,188,7.45,7.45,0.0,132.646238,0.0
2019-01-06,16,0,190,6.63,6.63,0.0,214.994704,0.0
2019-01-06,16,0,191,17.14,17.14,0.0,555.808329,0.0
2019-01-06,16,0,192,332.6,332.6,0.0,10785.405497,0.0
2019-01-06,16,0,194,52.95,52.95,0.0,-6821.623653,0.0
2019-01-06,16,0,196,4.49,4.49,0.0,1176.299672,0.0
2019-01-06,16,0,198,8.99,8.99,0.0,54.329441,0.0
2019-01-06,16,0,199,130.0,130.0,0.0,-3684.429581,0.0
2019-01-06,16,0,200,14.83,14.83,0.0,-420.30839,0.0
2019-01-06,16,0,204,257.1,257.1,0.0,-3551.175561,0.0
2019-01-06,16,0,205,317.4,317.4,0.0,-4123.994992,0.0
2019-01-06,16,0,206,539.94,539.94,0.0,-16586.651808,0.0
2019-01-06,16,0,210,1.94,1.94,0.0,12.12501,0.0
2019-01-06,16,0,214,11.16,11.16,0.0,129.964469,0.0
2019-01-06,16,0,217,7.52,7.52,0.0,71.425444,0.0
2019-01-06,16,0,218,10.38,10.38,0.0,98.589908,0.0
2019-01-06,16,0,219,7.07,7.07,0.0,67.151315,0.0
2019-01-06,16,0,221,5.95,5.95,0.0,69.291093,0.0
2019-01-06,16,0,225,5.76,5.76,0.0,28.569407,0.0
2019-01-06,16,0,233,5.55,5.55,0.0,45.022913,0.0
2019-01-06,16,0,236,143.77,143.77,0.0,-165.032018,0.0
2019-01-06,16,0,237,261.11,261.11,0.0,-1274.643131,0.0
2019-01-06,16,0,238,63.92,63.92,0.0,54.063034,0.0
2019-01-06,16,0,240,9.94,9.94,0.0,-71.859535,0.0
2019-01-06,16,0,245,78.0,78.0,0.0,235.917097,0.0
2019-01-06,16,0,247,171.72,171.72,0.0,519.380562,0.0
2019-01-06,16,0,248,30.75,30.75,0.0,-150.110207,0.0
2019-01-06,16,0,249,150.0,150.0,0.0,453.686725,0.0
2019-01-06,16,0,251,326.4,326.4,0.0,491.237452,0.0
2019-01-06,16,0,252,267.06,267.06,0.0,507.368263,0.0
2019-01-06,16,0,254,12.99,12.99,0.0,-62.029433,0.0
2019-01-06,16,0,255,5.95,5.95,0.0,-28.41225,0.0
2019-01-06,16,0,258,12.27,12.27,0.0,-86.118089,0.0
2019-01-06,16,0,260,5.03,5.03,0.0,-6.761847,0.0
2019-01-06,16,0,265,67.84,67.84,0.0,-1342.516041,0.0
2019-01-06,16,0,266,68.38,68.38,0.0,-1353.202342,0.0
2019-01-06,16,0,267,84.71,84.71,0.0,-1676.364001,0.0
2019-01-06,16,0,270,395.58,395.58,0.0,-395580.0,0.0
2019-01-06,16,0,272,150.39,150.39,0.0,-39230.323365,0.0
2019-01-06,16,0,273,20.39,20.39,0.0,-20390.0,0.0
2019-01-06,16,0,274,493.67,493.67,0.0,-493670.0,0.0
2019-01-06,16,0,275,661.83,661.83,0.0,-661830.0,0.0
2019-01-06,16,0,276,4.7,4.7,0.0,-4232.244335,0.0
2019-01-06,16,0,277,6.05,6.05,0.0,-1639.751823,0.0
2019-01-06,16,0,278,9.68,9.68,0.0,-2623.602916,0.0
2019-01-06,16,0,279,604.22,604.22,0.0,-163763.776246,0.0
2019-01-06,16,0,281,28.72,28.72,0.0,-876.235573,0.0
2019-01-06,16,0,282,254.94,254.94,0.0,-7778.116192,0.0
2019-01-06,17,0,9,1.6,1.6,0.0,-4.743139,0.0
2019-01-06,17,0,17,18.49,18.49,0.0,88.600355,0.0
2019-01-06,17,0,19,284.63,284.63,0.0,1363.889621,0.0
2019-01-06,17,0,20,342.76,342.76,0.0,1642.436871,0.0
2019-01-06,17,0,21,36.67,36.67,0.0,-108.706817,0.0
2019-01-06,17,0,22,130.34,130.34,0.0,-386.387961,0.0
2019-01-06,17,0,23,47.2,47.2,0.0,-139.922601,0.0
2019-01-06,17,0,24,83.96,83.96,0.0,-248.896219,0.0
2019-01-06,17,0,29,4.11,4.11,0.0,27.997751,0.0
2019-01-06,17,0,30,318.03,318.03,0.0,-958.259514,0.0
2019-01-06,17,0,31,41.44,41.44,0.0,-124.863297,0.0
2019-01-06,17,0,32,2.4,2.4,0.0,97.287985,0.0
2019-01-06,17,0,33,1.3,1.3,0.0,8.040592,0.0
2019-01-06,17,0,34,2.08,2.08,0.0,12.864948,0.0
2019-01-06,17,0,35,2.08,2.08,0.0,12.864948,0.0
2019-01-06,17,0,36,6.02,6.02,0.0,15.922547,0.0
2019-01-06,17,0,37,2.81,2.81,0.0,7.356846,0.0
2019-01-06,17,0,38,3.61,3.61,0.0,9.451321,0.0
2019-01-06,17,0,39,2.41,2.41,0.0,6.309608,0.0
2019-01-06,17,0,40,2.41,2.41,0.0,6.309608,0.0
2019-01-06,17,0,41,34.8,34.8,0.0,-14.752741,0.0
2019-01-06,17,0,42,33.32,33.32,0.0,149.599667,0.0
2019-01-06,17,0,43,18.01,18.01,0.0,53.894414,0.0
2019-01-06,17,0,46,15.55,15.55,0.0,32.621448,0.0
2019-01-06,17,0,52,43.93,43.93,0.0,-132.365942,0.0
2019-01-06,17,0,53,69.79,69.79,0.0,-210.284978,0.0
2019-01-06,17,0,55,394.64,394.64,0.0,-1169.895235,0.0
2019-01-06,17,0,56,93.81,93.81,0.0,-282.659891,0.0
2019-01-06,17,0,57,89.23,89.23,0.0,-268.859845,0.0
2019-01-06,17,0,58,171.6,171.6,0.0,-517.049752,0.0
2019-01-06,17,0,59,168.74,168.74,0.0,-508.432256,0.0
2019-01-06,17,0,63,95.49,95.49,0.0,10620.183073,0.0
2019-01-06,17,0,64,112.31,112.31,0.0,12490.86565,0.0
2019-01-06,17,0,65,41.4,41.4,0.0,196.057818,0.0
2019-01-06,17,0,67,164.61,164.61,0.0,-91654.959561,0.0
2019-01-06,17,0,68,19.11,19.11,0.0,-7874.73281,0.0
2019-01-06,17,0,69,1.3,1.3,0.0,8.040592,0.0
2019-01-06,17,0,74,65.13,65.13,0.0,205.015673,0.0
2019-01-06,17,0,77,60.0,60.0,0.0,-17476.076598,0.0
2019-01-06,17,0,78,45.36,45.36,0.0,-13211.913908,0.0
2019-01-06,17,0,79,26.25,26.25,0.0,-7645.783511,0.0
2019-01-06,17,0,80,42.45,42.45,0.0,-12364.324193,0.0
2019-01-06,17,0,81,55.5,55.5,0.0,-16165.370853,0.0
2019-01-06,17,0,82,39.15,39.15,0.0,-11403.13998,0.0
2019-01-06,17,0,83,87.3,87.3,0.0,-25427.69145,0.0
2019-01-06,17,0,84,0.0,0.0,0.0,0.0,0.0
2019-01-06,17,0,86,6.57,6.57,0.0,40.635916,0.0
2019-01-06,17,0,87,33.56,33.56,0.0,207.570981,0.0
2019-01-06,17,0,88,51.18,51.18,0.0,-14907.093338,0.0
2019-01-06,17,0,89,49.2,49.2,0.0,-14330.38281,0.0
2019-01-06,17,0,90,66.06,66.06,0.0,-19241.160334,0.0
2019-01-06,17,0,91,235.65,235.65,0.0,-68637.290837,0.0
2019-01-06,17,0,92,84.75,84.75,0.0,-24684.958194,0.0
2019-01-06,17,0,95,120.0,120.0,0.0,2691.568394,0.0
2019-01-06,17,0,96,29.88,29.88,0.0,-91.550915,0.0
2019-01-06,17,0,97,183.75,183.75,0.0,-563.00136,0.0
2019-01-06,17,0,99,13.25,13.25,0.0,41.70824,0.0
2019-01-06,17,0,101,6.41,6.41,0.0,-19.314038,0.0
2019-01-06,17,0,102,45.19,45.19,0.0,-18621.620914,0.0
2019-01-06,17,0,103,39.3,39.3,0.0,-16194.505464,0.0
2019-01-06,17,0,104,7.33,7.33,0.0,-3020.50191,0.0
2019-01-06,17,0,106,128.3,128.3,0.0,-380.340459,0.0
2019-01-06,17,0,109,60.0,60.0,0.0,74.248408,0.0
2019-01-06,17,0,110,338.6,338.6,0.0,-338600.0,0.0
2019-01-06,17,0,111,11.58,11.58,0.0,-4.909102,0.0
2019-01-06,17,0,113,45.0,45.0,0.0,-11827.493218,0.0
2019-01-06,17,0,115,45.0,45.0,0.0,-11827.493218,0.0
2019-01-06,17,0,116,58.53,58.53,0.0,-58530.0,0.0
2019-01-06,17,0,117,3.0,3.0,0.0,-788.499548,0.0
2019-01-06,17,0,119,112.31,112.31,0.0,12490.86565,0.0
2019-01-06,17,0,120,66.1,66.1,0.0,7351.493362,0.0
2019-01-06,17,0,123,2.14,2.14,0.0,-6.343948,0.0
2019-01-06,17,0,125,75.89,75.89,0.0,-224.973012,0.0
2019-01-06,17,0,126,96.23,96.23,0.0,-285.270166,0.0
2019-01-06,17,0,127,123.49,123.49,0.0,-366.081397,0.0
2019-01-06,17,0,128,109.23,109.23,0.0,-323.808171,0.0
2019-01-06,17,0,131,30.0,30.0,0.0,-11202.656216,0.0
2019-01-06,17,0,132,44.1,44.1,0.0,-16467.904637,0.0
2019-01-06,17,0,133,111.85,111.85,0.0,536.553874,0.0
2019-01-06,17,0,134,0.0,0.0,0.0,0.0,0.0
2019-01-06,17,0,135,146.43,146.43,0.0,702.437048,0.0
2019-01-06,17,0,136,45.9,45.9,0.0,217.227082,0.0
2019-01-06,17,0,139,44.94,44.94,0.0,-19.051385,0.0
2019-01-06,17,0,140,250.6,250.6,0.0,-250600.0,0.0
2019-01-06,17,0,141,230.0,230.0,0.0,-128064.155878,0.0
2019-01-06,17,0,142,217.08,217.08,0.0,-120870.291121,0.0
2019-01-06,17,0,143,29.6,29.6,0.0,-89.188069,0.0
2019-01-06,17,0,145,30.0,30.0,0.0,-43.057087,0.0
2019-01-06,17,0,146,268.0,268.0,0.0,-268000.0,0.0
2019-01-06,17,0,152,4.35,4.35,0.0,13.942255,0.0
2019-01-06,17,0,153,5.49,5.49,0.0,17.203238,0.0
2019-01-06,17,0,154,47.77,47.77,0.0,-20.251105,0.0
2019-01-06,17,0,157,250.0,250.0,0.0,-139200.169432,0.0
2019-01-06,17,0,158,95.42,95.42,0.0,-53129.920669,0.0
2019-01-06,17,0,159,0.0,0.0,0.0,0.0,0.0
2019-01-06,17,0,160,1.4,1.4,0.0,5.821673,0.0
2019-01-06,17,0,161,31.27,31.27,0.0,-12885.551803,0.0
2019-01-06,17,0,162,162.5,162.5,0.0,3773.695603,0.0
2019-01-06,17,0,163,185.4,185.4,0.0,-185400.0,0.0
2019-01-06,17,0,164,12.0,12.0,0.0,-36.157325,0.0
2019-01-06,17,0,167,2.68,2.68,0.0,52.330038,0.0
2019-01-06,17,0,168,1.34,1.34,0.0,26.165019,0.0
2019-01-06,17,0,169,0.0,0.0,0.0,0.0,0.0
2019-01-06,17,0,170,2.93,2.93,0.0,57.211571,0.0
2019-01-06,17,0,172,3.71,3.71,0.0,50.57275,0.0
2019-01-06,17,0,173,5.66,5.66,0.0,77.154115,0.0
2019-01-06,17,0,188,4.93,4.93,0.0,110.29362,0.0
2019-01-06,17,0,190,4.47,4.47,0.0,144.95118,0.0
2019-01-06,17,0,191,11.54,11.54,0.0,374.214009,0.0
2019-01-06,17,0,192,332.6,332.6,0.0,10785.405497,0.0
2019-01-06,17,0,194,52.95,52.95,0.0,-6808.032423,0.0
2019-01-06,17,0,196,3.07,3.07,0.0,810.733877,0.0
2019-01-06,17,0,198,6.03,6.03,0.0,36.766507,0.0
2019-01-06,17,0,199,130.0,130.0,0.0,-3698.231774,0.0
2019-01-06,17,0,200,9.92,9.92,0.0,-282.203532,0.0
2019-01-06,17,0,204,257.1,257.1,0.0,268.068602,0.0
2019-01-06,17,0,205,317.4,317.4,0.0,392.774081,0.0
2019-01-06,17,0,206,539.94,539.94,0.0,-1654.350772,0.0
2019-01-06,17,0,210,1.27,1.27,0.0,9.036667,0.0
2019-01-06,17,0,214,7.45,7.45,0.0,52.218531,0.0
2019-01-06,17,0,217,4.95,4.95,0.0,34.989119,0.0
2019-01-06,17,0,218,6.83,6.83,0.0,48.277916,0.0
2019-01-06,17,0,219,4.65,4.65,0.0,32.868566,0.0
2019-01-06,17,0,221,3.97,3.97,0.0,27.826519,0.0
2019-01-06,17,0,225,3.79,3.79,0.0,25.706837,0.0
2019-01-06,17,0,233,3.72,3.72,0.0,23.008464,0.0
2019-01-06,17,0,236,117.3,117.3,0.0,472.196128,0.0
2019-01-06,17,0,237,160.94,160.94,0.0,506.605595,0.0
2019-01-06,17,0,238,43.37,43.37,0.0,194.722016,0.0
2019-01-06,17,0,240,6.83,6.83,0.0,18.06495,0.0
2019-01-06,17,0,245,78.0,78.0,0.0,389.852094,0.0
2019-01-06,17,0,247,171.72,171.72,0.0,858.274379,0.0
2019-01-06,17,0,248,16.38,16.38,0.0,51.560828,0.0
2019-01-06,17,0,249,150.0,150.0,0.0,749.715565,0.0
2019-01-06,17,0,251,326.4,326.4,0.0,1515.666196,0.0
2019-01-06,17,0,252,267.06,267.06,0.0,1264.714997,0.0
2019-01-06,17,0,254,8.77,8.77,0.0,28.809703,0.0
2019-01-06,17,0,255,4.02,4.02,0.0,13.205816,0.0
2019-01-06,17,0,258,8.47,8.47,0.0,22.878066,0.0
2019-01-06,17,0,260,3.39,3.39,0.0,14.096766,0.0
2019-01-06,17,0,265,49.46,49.46,0.0,-20.967546,0.0
2019-01-06,17,0,266,29.1,29.1,0.0,-12.336344,0.0
2019-01-06,17,0,267,35.76,35.76,0.0,-15.159714,0.0
2019-01-06,17,0,270,578.99,578.99,0.0,-578990.0,0.0
2019-01-06,17,0,272,150.39,150.39,0.0,-39527.482333,0.0
2019-01-06,17,0,273,14.0,14.0,0.0,-14000.0,0.0
2019-01-06,17,0,274,746.39,746.39,0.0,-746390.0,0.0
2019-01-06,17,0,275,1038.99,1038.99,0.0,-1038990.0,0.0
2019-01-06,17,0,276,3.22,3.22,0.0,-2901.358288,0.0
2019-01-06,17,0,277,4.11,4.11,0.0,-1127.098193,0.0
2019-01-06,17,0,278,6.58,6.58,0.0,-1804.454042,0.0
2019-01-06,17,0,279,264.6,264.6,0.0,-72562.088061,0.0
2019-01-06,17,0,281,18.6,18.6,0.0,-56.043854,0.0
2019-01-06,17,0,282,174.46,174.46,0.0,-525.667248,0.0
2019-01-06,18,0,9,0.79,0.79,0.0,4.4471,0.0
2019-01-06,18,0,17,8.32,8.32,0.0,65.885924,0.0
2019-01-06,18,0,19,332.94,332.94,0.0,2636.545598,0.0
2019-01-06,18,0,20,405.43,405.43,0.0,3210.592544,0.0
2019-01-06,18,0,21,17.99,17.99,0.0,101.270037,0.0
2019-01-06,18,0,22,63.94,63.94,0.0,359.93364,0.0
2019-01-06,18,0,23,74.13,74.13,0.0,417.295602,0.0
2019-01-06,18,0,24,131.55,131.55,0.0,740.526594,0.0
2019-01-06,18,0,29,1.47,1.47,0.0,12.852725,0.0
2019-01-06,18,0,30,165.19,165.19,0.0,927.495635,0.0
2019-01-06,18,0,31,19.09,19.09,0.0,107.185009,0.0
2019-01-06,18,0,32,0.87,0.87,0.0,34.645555,0.0
2019-01-06,18,0,33,0.56,0.56,0.0,4.660327,0.0
2019-01-06,18,0,34,0.9,0.9,0.0,7.489811,0.0
2019-01-06,18,0,35,0.9,0.9,0.0,7.489811,0.0
2019-01-06,18,0,36,2.68,2.68,0.0,19.584538,0.0
2019-01-06,18,0,37,1.25,1.25,0.0,9.12683,0.0
2019-01-06,18,0,38,1.61,1.61,0.0,11.755357,0.0
2019-01-06,18,0,39,1.07,1.07,0.0,7.812566,0.0
2019-01-06,18,0,40,1.07,1.07,0.0,7.812566,0.0
2019-01-06,18,0,41,34.8,34.8,0.0,222.217405,0.0
2019-01-06,18,0,42,16.71,16.71,0.0,130.86634,0.0
2019-01-06,18,0,43,7.82,7.82,0.0,58.015711,0.0
2019-01-06,18,0,46,6.74,6.74,0.0,48.175037,0.0
2019-01-06,18,0,52,20.23,20.23,0.0,113.58579,0.0
2019-01-06,18,0,53,32.15,32.15,0.0,180.513255,0.0
2019-01-06,18,0,55,178.28,178.28,0.0,1003.581004,0.0
2019-01-06,18,0,56,48.72,48.72,0.0,273.54917,0.0
2019-01-06,18,0,57,46.35,46.35,0.0,260.242283,0.0
2019-01-06,18,0,58,89.13,89.13,0.0,500.440014,0.0
2019-01-06,18,0,59,87.65,87.65,0.0,492.130228,0.0
2019-01-06,18,0,63,170.0,170.0,0.0,18883.378758,0.0
2019-01-06,18,0,64,200.0,200.0,0.0,22215.739715,0.0
2019-01-06,18,0,65,41.4,41.4,0.0,327.173952,0.0
2019-01-06,18,0,67,79.93,79.93,0.0,-44583.192408,0.0
2019-01-06,18,0,68,8.68,8.68,0.0,-3588.054597,0.0
2019-01-06,18,0,69,0.56,0.56,0.0,4.660327,0.0
2019-01-06,18,0,74,29.8,29.8,0.0,221.771281,0.0
2019-01-06,18,0,77,60.0,60.0,0.0,-17583.008733,0.0
2019-01-06,18,0,78,45.36,45.36,0.0,-13292.754602,0.0
2019-01-06,18,0,79,26.25,26.25,0.0,-7692.566321,0.0
2019-01-06,18,0,80,42.45,42.45,0.0,-12439.978679,0.0
2019-01-06,18,0,81,55.5,55.5,0.0,-16264.283078,0.0
2019-01-06,18,0,82,39.15,39.15,0.0,-11472.913198,0.0
2019-01-06,18,0,83,87.3,87.3,0.0,-25583.277706,0.0
2019-01-06,18,0,84,0.0,0.0,0.0,0.0,0.0
2019-01-06,18,0,86,2.86,2.86,0.0,23.800955,0.0
2019-01-06,18,0,87,14.6,14.6,0.0,121.50138,0.0
2019-01-06,18,0,88,51.18,51.18,0.0,-14998.306449,0.0
2019-01-06,18,0,89,49.2,49.2,0.0,-14418.067161,0.0
2019-01-06,18,0,90,66.06,66.06,0.0,-19358.892615,0.0
2019-01-06,18,0,91,235.65,235.65,0.0,-69057.266799,0.0
2019-01-06,18,0,92,84.75,84.75,0.0,-24835.999835,0.0
2019-01-06,18,0,95,120.0,120.0,0.0,3049.643213,0.0
2019-01-06,18,0,96,27.62,27.62,0.0,154.659435,0.0
2019-01-06,18,0,97,169.88,169.88,0.0,951.250717,0.0
2019-01-06,18,0,99,5.75,5.75,0.0,42.791439,0.0
2019-01-06,18,0,101,3.33,3.33,0.0,18.697018,0.0
2019-01-06,18,0,102,20.56,20.56,0.0,-8498.894299,0.0
2019-01-06,18,0,103,17.88,17.88,0.0,-7391.061774,0.0
2019-01-06,18,0,104,3.32,3.32,0.0,-1372.389546,0.0
2019-01-06,18,0,106,62.94,62.94,0.0,354.3044,0.0
2019-01-06,18,0,109,60.0,60.0,0.0,413.097132,0.0
2019-01-06,18,0,110,338.6,338.6,0.0,-338600.0,0.0
2019-01-06,18,0,111,5.68,5.68,0.0,36.269967,0.0
2019-01-06,18,0,113,45.0,45.0,0.0,-11878.08848,0.0
2019-01-06,18,0,115,45.0,45.0,0.0,-11878.08848,0.0
2019-01-06,18,0,116,25.51,25.51,0.0,-25510.0,0.0
2019-01-06,18,0,117,3.0,3.0,0.0,-791.872565,0.0
2019-01-06,18,0,119,200.0,200.0,0.0,22215.739715,0.0
2019-01-06,18,0,120,117.6,117.6,0.0,13062.854953,0.0
2019-01-06,18,0,123,1.05,1.05,0.0,5.910703,0.0
2019-01-06,18,0,125,118.97,118.97,0.0,669.710748,0.0
2019-01-06,18,0,126,47.2,47.2,0.0,265.700154,0.0
2019-01-06,18,0,127,60.58,60.58,0.0,341.019392,0.0
2019-01-06,18,0,128,170.84,170.84,0.0,961.699455,0.0
2019-01-06,18,0,131,27.06,27.06,0.0,-10142.183225,0.0
2019-01-06,18,0,132,39.78,39.78,0.0,-14909.683987,0.0
2019-01-06,18,0,133,139.8,139.8,0.0,1107.287324,0.0
2019-01-06,18,0,134,0.0,0.0,0.0,0.0,0.0
2019-01-06,18,0,135,187.33,187.33,0.0,1483.749173,0.0
2019-01-06,18,0,136,45.9,45.9,0.0,362.695445,0.0
2019-01-06,18,0,139,44.94,44.94,0.0,286.966959,0.0
2019-01-06,18,0,140,250.6,250.6,0.0,-250600.0,0.0
2019-01-06,18,0,141,191.0,191.0,0.0,-106535.590515,0.0
2019-01-06,18,0,142,105.41,105.41,0.0,-58795.374849,0.0
2019-01-06,18,0,143,22.11,22.11,0.0,124.141464,0.0
2019-01-06,18,0,145,23.93,23.93,0.0,145.643023,0.0
2019-01-06,18,0,146,268.0,268.0,0.0,-268000.0,0.0
2019-01-06,18,0,152,2.0,2.0,0.0,14.921762,0.0
2019-01-06,18,0,153,2.51,2.51,0.0,18.675,0.0
2019-01-06,18,0,154,23.45,23.45,0.0,149.741326,0.0
2019-01-06,18,0,157,250.0,250.0,0.0,-139444.490203,0.0
2019-01-06,18,0,158,45.64,45.64,0.0,-25456.986132,0.0
2019-01-06,18,0,159,0.0,0.0,0.0,0.0,0.0
2019-01-06,18,0,160,0.59,0.59,0.0,4.590363,0.0
2019-01-06,18,0,161,14.68,14.68,0.0,-6068.276669,0.0
2019-01-06,18,0,162,162.5,162.5,0.0,4257.976904,0.0
2019-01-06,18,0,163,185.4,185.4,0.0,-185400.0,0.0
2019-01-06,18,0,164,6.57,6.57,0.0,36.888712,0.0
2019-01-06,18,0,167,0.92,0.92,0.0,20.836959,0.0
2019-01-06,18,0,168,0.46,0.46,0.0,10.418479,0.0
2019-01-06,18,0,169,0.0,0.0,0.0,0.0,0.0
2019-01-06,18,0,170,1.01,1.01,0.0,22.875357,0.0
2019-01-06,18,0,172,1.32,1.32,0.0,19.556867,0.0
2019-01-06,18,0,173,2.01,2.01,0.0,29.779775,0.0
2019-01-06,18,0,188,1.8,1.8,0.0,40.781389,0.0
2019-01-06,18,0,190,1.8,1.8,0.0,58.369603,0.0
2019-01-06,18,0,191,4.64,4.64,0.0,150.463865,0.0
2019-01-06,18,0,192,268.54,268.54,0.0,8708.096188,0.0
2019-01-06,18,0,194,98.98,98.98,0.0,-12800.374067,0.0
2019-01-06,18,0,196,1.3,1.3,0.0,342.619037,0.0
2019-01-06,18,0,198,2.44,2.44,0.0,20.48278,0.0
2019-01-06,18,0,199,122.09,122.09,0.0,-3613.965808,0.0
2019-01-06,18,0,200,3.85,3.85,0.0,-113.96321,0.0
2019-01-06,18,0,204,257.1,257.1,0.0,1755.400248,0.0
2019-01-06,18,0,205,317.4,317.4,0.0,2185.283829,0.0
2019-01-06,18,0,206,499.17,499.17,0.0,2795.124915,0.0
2019-01-06,18,0,210,0.45,0.45,0.0,3.971385,0.0
2019-01-06,18,0,214,2.94,2.94,0.0,25.167446,0.0
2019-01-06,18,0,217,1.87,1.87,0.0,16.231557,0.0
2019-01-06,18,0,218,2.57,2.57,0.0,22.307541,0.0
2019-01-06,18,0,219,1.75,1.75,0.0,15.18996,0.0
2019-01-06,18,0,221,1.57,1.57,0.0,13.439758,0.0
2019-01-06,18,0,225,1.39,1.39,0.0,12.142257,0.0
2019-01-06,18,0,233,1.62,1.62,0.0,13.48166,0.0
2019-01-06,18,0,236,98.09,98.09,0.0,755.052405,0.0
2019-01-06,18,0,237,71.49,71.49,0.0,532.027816,0.0
2019-01-06,18,0,238,21.75,21.75,0.0,170.337695,0.0
2019-01-06,18,0,240,3.04,3.04,0.0,22.215297,0.0
2019-01-06,18,0,245,78.0,78.0,0.0,622.335401,0.0
2019-01-06,18,0,247,171.72,171.72,0.0,1370.095322,0.0
2019-01-06,18,0,248,7.18,7.18,0.0,53.433483,0.0
2019-01-06,18,0,249,150.0,150.0,0.0,1196.798849,0.0
2019-01-06,18,0,251,326.4,326.4,0.0,2570.761515,0.0
2019-01-06,18,0,252,267.06,267.06,0.0,2110.509072,0.0
2019-01-06,18,0,254,3.74,3.74,0.0,28.085806,0.0
2019-01-06,18,0,255,1.72,1.72,0.0,12.916467,0.0
2019-01-06,18,0,258,3.76,3.76,0.0,27.544359,0.0
2019-01-06,18,0,260,1.44,1.44,0.0,11.203598,0.0
2019-01-06,18,0,265,24.28,24.28,0.0,155.041339,0.0
2019-01-06,18,0,266,29.1,29.1,0.0,185.819727,0.0
2019-01-06,18,0,267,35.76,35.76,0.0,228.34754,0.0
2019-01-06,18,0,270,579.0,579.0,0.0,-579000.0,0.0
2019-01-06,18,0,272,150.39,150.39,0.0,-39696.5717,0.0
2019-01-06,18,0,273,6.1,6.1,0.0,-6100.0,0.0
2019-01-06,18,0,274,746.4,746.4,0.0,-746400.0,0.0
2019-01-06,18,0,275,1039.0,1039.0,0.0,-1039000.0,0.0
2019-01-06,18,0,276,1.43,1.43,0.0,-1288.803449,0.0
2019-01-06,18,0,277,1.85,1.85,0.0,-509.899265,0.0
2019-01-06,18,0,278,2.96,2.96,0.0,-815.838823,0.0
2019-01-06,18,0,279,264.6,264.6,0.0,-72929.375906,0.0
2019-01-06,18,0,281,8.56,8.56,0.0,48.062005,0.0
2019-01-06,18,0,282,90.62,90.62,0.0,508.805947,0.0
2019-01-06,19,0,9,0.0,0.0,0.0,0.0,0.0
2019-01-06,19,0,17,0.0,0.0,0.0,0.0,0.0
2019-01-06,19,0,19,615.51,615.51,0.0,718.340679,0.0
2019-01-06,19,0,20,748.14,748.14,0.0,873.128618,0.0
2019-01-06,19,0,21,0.0,0.0,0.0,0.0,0.0
2019-01-06,19,0,22,0.0,0.0,0.0,0.0,0.0
2019-01-06,19,0,23,47.82,47.82,0.0,641.673446,0.0
2019-01-06,19,0,24,84.6,84.6,0.0,1135.206473,0.0
2019-01-06,19,0,29,0.0,0.0,0.0,0.0,0.0
2019-01-06,19,0,30,0.0,0.0,0.0,0.0,0.0
2019-01-06,19,0,31,4.74,4.74,0.0,63.78112,0.0
2019-01-06,19,0,32,0.0,0.0,0.0,0.0,0.0
2019-01-06,19,0,33,0.0,0.0,0.0,0.0,0.0
2019-01-06,19,0,34,0.0,0.0,0.0,0.0,0.0
2019-01-06,19,0,35,0.0,0.0,0.0,0.0,0.0
2019-01-06,19,0,36,0.0,0.0,0.0,0.0,0.0
2019-01-06,19,0,37,0.0,0.0,0.0,0.0,0.0
2019-01-06,19,0,38,0.0,0.0,0.0,0.0,0.0
2019-01-06,19,0,39,0.0,0.0,0.0,0.0,0.0
2019-01-06,19,0,40,0.0,0.0,0.0,0.0,0.0
2019-01-06,19,0,41,34.8,34.8,0.0,399.094076,0.0
2019-01-06,19,0,42,0.0,0.0,0.0,0.0,0.0
2019-01-06,19,0,43,0.0,0.0,0.0,0.0,0.0
2019-01-06,19,0,46,0.0,0.0,0.0,0.0,0.0
2019-01-06,19,0,52,5.03,5.03,0.0,67.683341,0.0
2019-01-06,19,0,53,7.99,7.99,0.0,107.512901,0.0
2019-01-06,19,0,55,41.7,41.7,0.0,559.552127,0.0
2019-01-06,19,0,56,0.0,0.0,0.0,0.0,0.0
2019-01-06,19,0,57,0.0,0.0,0.0,0.0,0.0
2019-01-06,19,0,58,0.0,0.0,0.0,0.0,0.0
2019-01-06,19,0,59,0.0,0.0,0.0,0.0,0.0
2019-01-06,19,0,63,170.0,170.0,0.0,18799.256453,0.0
2019-01-06,19,0,64,200.0,200.0,0.0,22116.772298,0.0
2019-01-06,19,0,65,41.4,41.4,0.0,180.248112,0.0
2019-01-06,19,0,67,0.0,0.0,0.0,-0.0,0.0
2019-01-06,19,0,68,5.99,5.99,0.0,-2489.455206,0.0
2019-01-06,19,0,69,0.0,0.0,0.0,0.0,0.0
2019-01-06,19,0,74,22.03,22.03,0.0,192.484846,0.0
2019-01-06,19,0,77,50.13,50.13,0.0,-14842.193621,0.0
2019-01-06,19,0,78,37.9,37.9,0.0,-11221.207625,0.0
2019-01-06,19,0,79,21.93,21.93,0.0,-6492.90457,0.0
2019-01-06,19,0,80,35.47,35.47,0.0,-10501.747611,0.0
2019-01-06,19,0,81,46.37,46.37,0.0,-13728.955081,0.0
2019-01-06,19,0,82,32.71,32.71,0.0,-9684.583151,0.0
2019-01-06,19,0,83,72.94,72.94,0.0,-21595.643381,0.0
2019-01-06,19,0,84,0.0,0.0,0.0,0.0,0.0
2019-01-06,19,0,86,0.0,0.0,0.0,0.0,0.0
2019-01-06,19,0,87,0.0,0.0,0.0,0.0,0.0
2019-01-06,19,0,88,51.18,51.18,0.0,-15153.071405,0.0
2019-01-06,19,0,89,49.2,49.2,0.0,-14566.844727,0.0
2019-01-06,19,0,90,66.06,66.06,0.0,-19558.653712,0.0
2019-01-06,19,0,91,235.65,235.65,0.0,-69769.856907,0.0
2019-01-06,19,0,92,84.75,84.75,0.0,-25092.278264,0.0
2019-01-06,19,0,95,120.0,120.0,0.0,3049.643213,0.0
2019-01-06,19,0,96,12.73,12.73,0.0,171.791811,0.0
2019-01-06,19,0,97,78.27,78.27,0.0,1056.256484,0.0
2019-01-06,19,0,99,4.25,4.25,0.0,37.133935,0.0
2019-01-06,19,0,101,0.0,0.0,0.0,0.0,0.0
2019-01-06,19,0,102,17.13,17.13,0.0,-7119.260048,0.0
2019-01-06,19,0,103,14.37,14.37,0.0,-5972.198884,0.0
2019-01-06,19,0,104,2.05,2.05,0.0,-851.983835,0.0
2019-01-06,19,0,106,0.0,0.0,0.0,0.0,0.0
2019-01-06,19,0,109,39.65,39.65,0.0,403.793048,0.0
2019-01-06,19,0,110,338.6,338.6,0.0,-338600.0,0.0
2019-01-06,19,0,111,0.0,0.0,0.0,0.0,0.0
2019-01-06,19,0,113,32.4,32.4,0.0,-8618.168479,0.0
2019-01-06,19,0,115,32.4,32.4,0.0,-8618.168479,0.0
2019-01-06,19,0,116,0.0,0.0,0.0,-0.0,0.0
2019-01-06,19,0,117,2.16,2.16,0.0,-574.544565,0.0
2019-01-06,19,0,119,200.0,200.0,0.0,22116.772298,0.0
2019-01-06,19,0,120,117.6,117.6,0.0,13004.662111,0.0
2019-01-06,19,0,123,0.0,0.0,0.0,0.0,0.0
2019-01-06,19,0,125,76.56,76.56,0.0,1027.321602,0.0
2019-01-06,19,0,126,0.0,0.0,0.0,0.0,0.0
2019-01-06,19,0,127,0.0,0.0,0.0,0.0,0.0
2019-01-06,19,0,128,109.65,109.65,0.0,1471.340304,0.0
2019-01-06,19,0,131,14.17,14.17,0.0,-5344.665425,0.0
2019-01-06,19,0,132,20.83,20.83,0.0,-7856.695892,0.0
2019-01-06,19,0,133,135.62,135.62,0.0,1076.97064,0.0
2019-01-06,19,0,134,0.0,0.0,0.0,0.0,0.0
2019-01-06,19,0,135,183.78,183.78,0.0,1459.41354,0.0
2019-01-06,19,0,136,45.9,45.9,0.0,207.870335,0.0
2019-01-06,19,0,139,44.94,44.94,0.0,515.381832,0.0
2019-01-06,19,0,140,250.6,250.6,0.0,-250600.0,0.0
2019-01-06,19,0,141,121.26,121.26,0.0,-67840.139387,0.0
2019-01-06,19,0,142,0.0,0.0,0.0,-0.0,0.0
2019-01-06,19,0,143,14.72,14.72,0.0,198.071327,0.0
2019-01-06,19,0,145,13.21,13.21,0.0,161.708458,0.0
2019-01-06,19,0,146,268.0,268.0,0.0,-268000.0,0.0
2019-01-06,19,0,152,0.0,0.0,0.0,0.0,0.0
2019-01-06,19,0,153,0.0,0.0,0.0,0.0,0.0
2019-01-06,19,0,154,0.0,0.0,0.0,0.0,0.0
2019-01-06,19,0,157,250.0,250.0,0.0,-139865.040794,0.0
2019-01-06,19,0,158,0.0,0.0,0.0,-0.0,0.0
2019-01-06,19,0,159,0.0,0.0,0.0,0.0,0.0
2019-01-06,19,0,160,0.0,0.0,0.0,0.0,0.0
2019-01-06,19,0,161,0.0,0.0,0.0,-0.0,0.0
2019-01-06,19,0,162,162.5,162.5,0.0,4256.039081,0.0
2019-01-06,19,0,163,157.38,157.38,0.0,-157380.0,0.0
2019-01-06,19,0,164,0.08,0.08,0.0,1.076475,0.0
2019-01-06,19,0,167,0.0,0.0,0.0,0.0,0.0
2019-01-06,19,0,168,0.0,0.0,0.0,0.0,0.0
2019-01-06,19,0,169,0.0,0.0,0.0,0.0,0.0
2019-01-06,19,0,170,0.0,0.0,0.0,0.0,0.0
2019-01-06,19,0,172,0.0,0.0,0.0,0.0,0.0
2019-01-06,19,0,173,0.0,0.0,0.0,0.0,0.0
2019-01-06,19,0,188,0.0,0.0,0.0,0.0,0.0
2019-01-06,19,0,190,0.0,0.0,0.0,0.0,0.0
2019-01-06,19,0,191,0.0,0.0,0.0,0.0,0.0
2019-01-06,19,0,192,191.07,191.07,0.0,6195.933339,0.0
2019-01-06,19,0,194,176.5,176.5,0.0,-23094.086728,0.0
2019-01-06,19,0,196,0.0,0.0,0.0,0.0,0.0
2019-01-06,19,0,198,0.0,0.0,0.0,0.0,0.0
2019-01-06,19,0,199,74.99,74.99,0.0,-2685.594308,0.0
2019-01-06,19,0,200,0.0,0.0,0.0,-0.0,0.0
2019-01-06,19,0,204,216.15,216.15,0.0,2233.259222,0.0
2019-01-06,19,0,205,209.74,209.74,0.0,2135.978658,0.0
2019-01-06,19,0,206,230.0,230.0,0.0,3103.858329,0.0
2019-01-06,19,0,210,0.0,0.0,0.0,0.0,0.0
2019-01-06,19,0,214,0.0,0.0,0.0,0.0,0.0
2019-01-06,19,0,217,0.0,0.0,0.0,0.0,0.0
2019-01-06,19,0,218,0.0,0.0,0.0,0.0,0.0
2019-01-06,19,0,219,0.0,0.0,0.0,0.0,0.0
2019-01-06,19,0,221,0.0,0.0,0.0,0.0,0.0
2019-01-06,19,0,225,0.0,0.0,0.0,0.0,0.0
2019-01-06,19,0,233,0.0,0.0,0.0,0.0,0.0
2019-01-06,19,0,236,85.0,85.0,0.0,686.843061,0.0
2019-01-06,19,0,237,52.85,52.85,0.0,461.771408,0.0
2019-01-06,19,0,238,0.0,0.0,0.0,0.0,0.0
2019-01-06,19,0,240,0.0,0.0,0.0,0.0,0.0
2019-01-06,19,0,245,78.0,78.0,0.0,525.022274,0.0
2019-01-06,19,0,247,171.72,171.72,0.0,1155.85673,0.0
2019-01-06,19,0,248,5.31,5.31,0.0,46.395576,0.0
2019-01-06,19,0,249,150.0,150.0,0.0,1009.65822,0.0
2019-01-06,19,0,251,326.4,326.4,0.0,1773.240779,0.0
2019-01-06,19,0,252,267.06,267.06,0.0,1162.730938,0.0
2019-01-06,19,0,254,0.0,0.0,0.0,0.0,0.0
2019-01-06,19,0,255,0.0,0.0,0.0,0.0,0.0
2019-01-06,19,0,258,0.0,0.0,0.0,0.0,0.0
2019-01-06,19,0,260,0.0,0.0,0.0,0.0,0.0
2019-01-06,19,0,265,0.0,0.0,0.0,0.0,0.0
2019-01-06,19,0,266,29.1,29.1,0.0,333.725218,0.0
2019-01-06,19,0,267,35.76,35.76,0.0,410.103567,0.0
2019-01-06,19,0,270,491.49,491.49,0.0,-491490.0,0.0
2019-01-06,19,0,272,108.28,108.28,0.0,-28801.706263,0.0
2019-01-06,19,0,273,0.0,0.0,0.0,-0.0,0.0
2019-01-06,19,0,274,633.59,633.59,0.0,-633590.0,0.0
2019-01-06,19,0,275,881.97,881.97,0.0,-881970.0,0.0
2019-01-06,19,0,276,0.0,0.0,0.0,-0.0,0.0
2019-01-06,19,0,277,0.0,0.0,0.0,-0.0,0.0
2019-01-06,19,0,278,0.0,0.0,0.0,-0.0,0.0
2019-01-06,19,0,279,169.55,169.55,0.0,-47143.869712,0.0
2019-01-06,19,0,281,2.13,2.13,0.0,28.661136,0.0
2019-01-06,19,0,282,0.0,0.0,0.0,0.0,0.0
2019-01-06,20,0,9,0.0,0.0,0.0,0.0,0.0
2019-01-06,20,0,17,0.0,0.0,0.0,0.0,0.0
2019-01-06,20,0,19,643.3,643.3,0.0,696.524669,0.0
2019-01-06,20,0,20,780.2,780.2,0.0,844.751356,0.0
2019-01-06,20,0,21,0.0,0.0,0.0,0.0,0.0
2019-01-06,20,0,22,0.0,0.0,0.0,0.0,0.0
2019-01-06,20,0,23,60.79,60.79,0.0,695.88546,0.0
2019-01-06,20,0,24,107.56,107.56,0.0,1231.27883,0.0
2019-01-06,20,0,29,0.0,0.0,0.0,0.0,0.0
2019-01-06,20,0,30,0.0,0.0,0.0,0.0,0.0
2019-01-06,20,0,31,4.26,4.26,0.0,48.890921,0.0
2019-01-06,20,0,32,0.0,0.0,0.0,0.0,0.0
2019-01-06,20,0,33,0.0,0.0,0.0,0.0,0.0
2019-01-06,20,0,34,0.0,0.0,0.0,0.0,0.0
2019-01-06,20,0,35,0.0,0.0,0.0,0.0,0.0
2019-01-06,20,0,36,0.0,0.0,0.0,0.0,0.0
2019-01-06,20,0,37,0.0,0.0,0.0,0.0,0.0
2019-01-06,20,0,38,0.0,0.0,0.0,0.0,0.0
2019-01-06,20,0,39,0.0,0.0,0.0,0.0,0.0
2019-01-06,20,0,40,0.0,0.0,0.0,0.0,0.0
2019-01-06,20,0,41,60.5,60.5,0.0,599.921905,0.0
2019-01-06,20,0,42,0.0,0.0,0.0,0.0,0.0
2019-01-06,20,0,43,0.0,0.0,0.0,0.0,0.0
2019-01-06,20,0,46,0.0,0.0,0.0,0.0,0.0
2019-01-06,20,0,52,4.52,4.52,0.0,51.874874,0.0
2019-01-06,20,0,53,7.18,7.18,0.0,82.403008,0.0
2019-01-06,20,0,55,44.74,44.74,0.0,512.155214,0.0
2019-01-06,20,0,56,0.0,0.0,0.0,0.0,0.0
2019-01-06,20,0,57,0.0,0.0,0.0,0.0,0.0
2019-01-06,20,0,58,0.0,0.0,0.0,0.0,0.0
2019-01-06,20,0,59,0.0,0.0,0.0,0.0,0.0
2019-01-06,20,0,63,170.0,170.0,0.0,18025.987195,0.0
2019-01-06,20,0,64,200.0,200.0,0.0,21207.043758,0.0
2019-01-06,20,0,65,41.4,41.4,0.0,163.700614,0.0
2019-01-06,20,0,67,0.0,0.0,0.0,-0.0,0.0
2019-01-06,20,0,68,6.39,6.39,0.0,-2668.997314,0.0
2019-01-06,20,0,69,0.0,0.0,0.0,0.0,0.0
2019-01-06,20,0,74,23.66,23.66,0.0,183.865176,0.0
2019-01-06,20,0,77,84.7,84.7,0.0,-25285.524793,0.0
2019-01-06,20,0,78,64.3,64.3,0.0,-19195.504654,0.0
2019-01-06,20,0,79,37.43,37.43,0.0,-11173.992834,0.0
2019-01-06,20,0,80,60.23,60.23,0.0,-17980.48593,0.0
2019-01-06,20,0,81,78.45,78.45,0.0,-23419.7098,0.0
2019-01-06,20,0,82,55.6,55.6,0.0,-16598.290183,0.0
2019-01-06,20,0,83,122.29,122.29,0.0,-36507.282491,0.0
2019-01-06,20,0,84,0.0,0.0,0.0,0.0,0.0
2019-01-06,20,0,86,0.0,0.0,0.0,0.0,0.0
2019-01-06,20,0,87,0.0,0.0,0.0,0.0,0.0
2019-01-06,20,0,88,95.98,95.98,0.0,-28652.947694,0.0
2019-01-06,20,0,89,92.28,92.28,0.0,-27548.385218,0.0
2019-01-06,20,0,90,123.8,123.8,0.0,-36958.063393,0.0
2019-01-06,20,0,91,440.78,440.78,0.0,-131586.229261,0.0
2019-01-06,20,0,92,158.74,158.74,0.0,-47388.715534,0.0
2019-01-06,20,0,95,120.0,120.0,0.0,3049.643213,0.0
2019-01-06,20,0,96,17.96,17.96,0.0,206.673652,0.0
2019-01-06,20,0,97,129.72,129.72,0.0,1492.745331,0.0
2019-01-06,20,0,99,4.57,4.57,0.0,35.514111,0.0
2019-01-06,20,0,101,0.0,0.0,0.0,0.0,0.0
2019-01-06,20,0,102,15.13,15.13,0.0,-6319.550761,0.0
2019-01-06,20,0,103,13.16,13.16,0.0,-5496.714343,0.0
2019-01-06,20,0,104,2.45,2.45,0.0,-1023.324479,0.0
2019-01-06,20,0,106,0.0,0.0,0.0,0.0,0.0
2019-01-06,20,0,109,60.0,60.0,0.0,534.485976,0.0
2019-01-06,20,0,110,338.6,338.6,0.0,-338600.0,0.0
2019-01-06,20,0,111,0.0,0.0,0.0,0.0,0.0
2019-01-06,20,0,113,40.12,40.12,0.0,-10781.202291,0.0
2019-01-06,20,0,115,40.12,40.12,0.0,-10781.202291,0.0
2019-01-06,20,0,116,0.0,0.0,0.0,-0.0,0.0
2019-01-06,20,0,117,2.68,2.68,0.0,-720.180013,0.0
2019-01-06,20,0,119,200.0,200.0,0.0,21207.043758,0.0
2019-01-06,20,0,120,117.6,117.6,0.0,12469.74173,0.0
2019-01-06,20,0,123,0.0,0.0,0.0,0.0,0.0
2019-01-06,20,0,125,97.33,97.33,0.0,1114.172262,0.0
2019-01-06,20,0,126,0.0,0.0,0.0,0.0,0.0
2019-01-06,20,0,127,0.0,0.0,0.0,0.0,0.0
2019-01-06,20,0,128,139.41,139.41,0.0,1595.877479,0.0
2019-01-06,20,0,131,20.29,20.29,0.0,-7698.029893,0.0
2019-01-06,20,0,132,29.82,29.82,0.0,-11313.713722,0.0
2019-01-06,20,0,133,103.8,103.8,0.0,747.079169,0.0
2019-01-06,20,0,134,0.0,0.0,0.0,0.0,0.0
2019-01-06,20,0,135,138.32,138.32,0.0,995.529775,0.0
2019-01-06,20,0,136,45.9,45.9,0.0,188.729523,0.0
2019-01-06,20,0,139,80.98,80.98,0.0,803.002906,0.0
2019-01-06,20,0,140,250.6,250.6,0.0,-250600.0,0.0
2019-01-06,20,0,141,168.02,168.02,0.0,-94264.149497,0.0
2019-01-06,20,0,142,0.0,0.0,0.0,-0.0,0.0
2019-01-06,20,0,143,21.42,21.42,0.0,245.831816,0.0
2019-01-06,20,0,145,17.66,17.66,0.0,185.840698,0.0
2019-01-06,20,0,146,268.0,268.0,0.0,-268000.0,0.0
2019-01-06,20,0,152,0.0,0.0,0.0,0.0,0.0
2019-01-06,20,0,153,0.0,0.0,0.0,0.0,0.0
2019-01-06,20,0,154,0.0,0.0,0.0,0.0,0.0
2019-01-06,20,0,157,250.0,250.0,0.0,-140257.334687,0.0
2019-01-06,20,0,158,0.0,0.0,0.0,-0.0,0.0
2019-01-06,20,0,159,0.0,0.0,0.0,0.0,0.0
2019-01-06,20,0,160,0.0,0.0,0.0,0.0,0.0
2019-01-06,20,0,161,0.0,0.0,0.0,-0.0,0.0
2019-01-06,20,0,162,162.5,162.5,0.0,4256.591501,0.0
2019-01-06,20,0,163,176.5,176.5,0.0,-176500.0,0.0
2019-01-06,20,0,164,0.0,0.0,0.0,0.0,0.0
2019-01-06,20,0,167,0.0,0.0,0.0,0.0,0.0
2019-01-06,20,0,168,0.0,0.0,0.0,0.0,0.0
2019-01-06,20,0,169,0.0,0.0,0.0,0.0,0.0
2019-01-06,20,0,170,0.0,0.0,0.0,0.0,0.0
2019-01-06,20,0,172,0.0,0.0,0.0,0.0,0.0
2019-01-06,20,0,173,0.0,0.0,0.0,0.0,0.0
2019-01-06,20,0,188,0.0,0.0,0.0,0.0,0.0
2019-01-06,20,0,190,0.0,0.0,0.0,0.0,0.0
2019-01-06,20,0,191,0.0,0.0,0.0,0.0,0.0
2019-01-06,20,0,192,196.0,196.0,0.0,6355.801195,0.0
2019-01-06,20,0,194,176.5,176.5,0.0,-23688.672909,0.0
2019-01-06,20,0,196,0.0,0.0,0.0,0.0,0.0
2019-01-06,20,0,198,0.0,0.0,0.0,0.0,0.0
2019-01-06,20,0,199,103.86,103.86,0.0,-3782.851006,0.0
2019-01-06,20,0,200,0.0,0.0,0.0,-0.0,0.0
2019-01-06,20,0,204,465.33,465.33,0.0,4199.320555,0.0
2019-01-06,20,0,205,317.4,317.4,0.0,2827.430815,0.0
2019-01-06,20,0,206,491.38,491.38,0.0,5654.526677,0.0
2019-01-06,20,0,210,0.0,0.0,0.0,0.0,0.0
2019-01-06,20,0,214,0.0,0.0,0.0,0.0,0.0
2019-01-06,20,0,217,0.0,0.0,0.0,0.0,0.0
2019-01-06,20,0,218,0.0,0.0,0.0,0.0,0.0
2019-01-06,20,0,219,0.0,0.0,0.0,0.0,0.0
2019-01-06,20,0,221,0.0,0.0,0.0,0.0,0.0
2019-01-06,20,0,225,0.0,0.0,0.0,0.0,0.0
2019-01-06,20,0,233,0.0,0.0,0.0,0.0,0.0
2019-01-06,20,0,236,85.75,85.75,0.0,622.16953,0.0
2019-01-06,20,0,237,56.77,56.77,0.0,441.167627,0.0
2019-01-06,20,0,238,0.0,0.0,0.0,0.0,0.0
2019-01-06,20,0,240,0.0,0.0,0.0,0.0,0.0
2019-01-06,20,0,245,145.89,145.89,0.0,893.247645,0.0
2019-01-06,20,0,247,171.72,171.72,0.0,1051.398215,0.0
2019-01-06,20,0,248,5.7,5.7,0.0,44.295499,0.0
2019-01-06,20,0,249,280.44,280.44,0.0,1717.063333,0.0
2019-01-06,20,0,251,326.4,326.4,0.0,1605.83906,0.0
2019-01-06,20,0,252,267.06,267.06,0.0,1055.987583,0.0
2019-01-06,20,0,254,0.0,0.0,0.0,0.0,0.0
2019-01-06,20,0,255,0.0,0.0,0.0,0.0,0.0
2019-01-06,20,0,258,0.0,0.0,0.0,0.0,0.0
2019-01-06,20,0,260,0.0,0.0,0.0,0.0,0.0
2019-01-06,20,0,265,0.0,0.0,0.0,0.0,0.0
2019-01-06,20,0,266,49.35,49.35,0.0,489.357785,0.0
2019-01-06,20,0,267,62.41,62.41,0.0,618.861588,0.0
2019-01-06,20,0,270,551.21,551.21,0.0,-551210.0,0.0
2019-01-06,20,0,272,134.06,134.06,0.0,-36025.124105,0.0
2019-01-06,20,0,273,0.0,0.0,0.0,-0.0,0.0
2019-01-06,20,0,274,710.58,710.58,0.0,-710580.0,0.0
2019-01-06,20,0,275,989.14,989.14,0.0,-989140.0,0.0
2019-01-06,20,0,276,0.0,0.0,0.0,-0.0,0.0
2019-01-06,20,0,277,0.0,0.0,0.0,-0.0,0.0
2019-01-06,20,0,278,0.0,0.0,0.0,-0.0,0.0
2019-01-06,20,0,279,542.96,542.96,0.0,-152394.645269,0.0
2019-01-06,20,0,281,1.91,1.91,0.0,21.920577,0.0
2019-01-06,20,0,282,0.0,0.0,0.0,0.0,0.0
2019-01-06,21,0,9,0.0,0.0,0.0,0.0,0.0
2019-01-06,21,0,17,0.0,0.0,0.0,0.0,0.0
2019-01-06,21,0,19,643.3,643.3,0.0,157.225888,0.0
2019-01-06,21,0,20,780.2,780.2,0.0,190.684965,0.0
2019-01-06,21,0,21,0.0,0.0,0.0,0.0,0.0
2019-01-06,21,0,22,0.0,0.0,0.0,0.0,0.0
2019-01-06,21,0,23,78.24,78.24,0.0,1049.544465,0.0
2019-01-06,21,0,24,138.42,138.42,0.0,1856.824449,0.0
2019-01-06,21,0,29,0.0,0.0,0.0,0.0,0.0
2019-01-06,21,0,30,0.0,0.0,0.0,0.0,0.0
2019-01-06,21,0,31,4.82,4.82,0.0,64.857595,0.0
2019-01-06,21,0,32,0.0,0.0,0.0,0.0,0.0
2019-01-06,21,0,33,0.0,0.0,0.0,0.0,0.0
2019-01-06,21,0,34,0.0,0.0,0.0,0.0,0.0
2019-01-06,21,0,35,0.0,0.0,0.0,0.0,0.0
2019-01-06,21,0,36,0.0,0.0,0.0,0.0,0.0
2019-01-06,21,0,37,0.0,0.0,0.0,0.0,0.0
2019-01-06,21,0,38,0.0,0.0,0.0,0.0,0.0
2019-01-06,21,0,39,0.0,0.0,0.0,0.0,0.0
2019-01-06,21,0,40,0.0,0.0,0.0,0.0,0.0
2019-01-06,21,0,41,111.37,111.37,0.0,1253.009467,0.0
2019-01-06,21,0,42,0.0,0.0,0.0,0.0,0.0
2019-01-06,21,0,43,0.0,0.0,0.0,0.0,0.0
2019-01-06,21,0,46,0.0,0.0,0.0,0.0,0.0
2019-01-06,21,0,52,5.11,5.11,0.0,68.759815,0.0
2019-01-06,21,0,53,8.12,8.12,0.0,109.262172,0.0
2019-01-06,21,0,55,52.99,52.99,0.0,710.830281,0.0
2019-01-06,21,0,56,0.0,0.0,0.0,0.0,0.0
2019-01-06,21,0,57,0.0,0.0,0.0,0.0,0.0
2019-01-06,21,0,58,0.0,0.0,0.0,0.0,0.0
2019-01-06,21,0,59,0.0,0.0,0.0,0.0,0.0
2019-01-06,21,0,63,170.0,170.0,0.0,16144.857574,0.0
2019-01-06,21,0,64,200.0,200.0,0.0,18993.950087,0.0
2019-01-06,21,0,65,41.4,41.4,0.0,147.8383,0.0
2019-01-06,21,0,67,0.0,0.0,0.0,-0.0,0.0
2019-01-06,21,0,68,8.44,8.44,0.0,-3576.504409,0.0
2019-01-06,21,0,69,0.0,0.0,0.0,0.0,0.0
2019-01-06,21,0,74,25.68,25.68,0.0,211.137935,0.0
2019-01-06,21,0,77,172.48,172.48,0.0,-52766.167925,0.0
2019-01-06,21,0,78,130.65,130.65,0.0,-39969.270869,0.0
2019-01-06,21,0,79,75.79,75.79,0.0,-23186.154146,0.0
2019-01-06,21,0,80,122.31,122.31,0.0,-37417.845541,0.0
2019-01-06,21,0,81,159.64,159.64,0.0,-48838.074255,0.0
2019-01-06,21,0,82,112.85,112.85,0.0,-34523.78276,0.0
2019-01-06,21,0,83,250.05,250.05,0.0,-76496.870882,0.0
2019-01-06,21,0,84,0.0,0.0,0.0,-0.0,0.0
2019-01-06,21,0,86,0.0,0.0,0.0,0.0,0.0
2019-01-06,21,0,87,0.0,0.0,0.0,0.0,0.0
2019-01-06,21,0,88,170.6,170.6,0.0,-52191.026484,0.0
2019-01-06,21,0,89,164.0,164.0,0.0,-50171.912916,0.0
2019-01-06,21,0,90,220.2,220.2,0.0,-67364.970879,0.0
2019-01-06,21,0,91,785.5,785.5,0.0,-240305.107289,0.0
2019-01-06,21,0,92,282.5,282.5,0.0,-86424.179261,0.0
2019-01-06,21,0,95,120.0,120.0,0.0,2824.261982,0.0
2019-01-06,21,0,96,22.65,22.65,0.0,305.75946,0.0
2019-01-06,21,0,97,139.29,139.29,0.0,1880.319434,0.0
2019-01-06,21,0,99,4.96,4.96,0.0,40.780536,0.0
2019-01-06,21,0,101,0.0,0.0,0.0,0.0,0.0
2019-01-06,21,0,102,19.98,19.98,0.0,-8466.653801,0.0
2019-01-06,21,0,103,17.37,17.37,0.0,-7360.649476,0.0
2019-01-06,21,0,104,3.23,3.23,0.0,-1368.733322,0.0
2019-01-06,21,0,106,0.0,0.0,0.0,0.0,0.0
2019-01-06,21,0,109,83.6,83.6,0.0,821.447151,0.0
2019-01-06,21,0,110,338.6,338.6,0.0,-338600.0,0.0
2019-01-06,21,0,111,0.0,0.0,0.0,0.0,0.0
2019-01-06,21,0,113,84.18,84.18,0.0,-23247.740631,0.0
2019-01-06,21,0,115,84.18,84.18,0.0,-23247.740631,0.0
2019-01-06,21,0,116,0.0,0.0,0.0,-0.0,0.0
2019-01-06,21,0,117,5.66,5.66,0.0,-1563.105393,0.0
2019-01-06,21,0,119,200.0,200.0,0.0,18993.950087,0.0
2019-01-06,21,0,120,117.6,117.6,0.0,11168.442651,0.0
2019-01-06,21,0,123,0.0,0.0,0.0,0.0,0.0
2019-01-06,21,0,125,125.26,125.26,0.0,1680.290641,0.0
2019-01-06,21,0,126,0.0,0.0,0.0,0.0,0.0
2019-01-06,21,0,127,0.0,0.0,0.0,0.0,0.0
2019-01-06,21,0,128,179.41,179.41,0.0,2406.681653,0.0
2019-01-06,21,0,131,28.8,28.8,0.0,-11113.126107,0.0
2019-01-06,21,0,132,42.34,42.34,0.0,-16337.838868,0.0
2019-01-06,21,0,133,91.59,91.59,0.0,669.474194,0.0
2019-01-06,21,0,134,0.0,0.0,0.0,0.0,0.0
2019-01-06,21,0,135,119.08,119.08,0.0,870.411475,0.0
2019-01-06,21,0,136,45.9,45.9,0.0,172.290025,0.0
2019-01-06,21,0,139,146.7,146.7,0.0,1650.502728,0.0
2019-01-06,21,0,140,250.6,250.6,0.0,-250600.0,0.0
2019-01-06,21,0,141,227.88,227.88,0.0,-128890.607187,0.0
2019-01-06,21,0,142,0.0,0.0,0.0,-0.0,0.0
2019-01-06,21,0,143,34.06,34.06,0.0,458.309061,0.0
2019-01-06,21,0,145,24.65,24.65,0.0,298.473934,0.0
2019-01-06,21,0,146,268.0,268.0,0.0,-268000.0,0.0
2019-01-06,21,0,152,0.0,0.0,0.0,0.0,0.0
2019-01-06,21,0,153,0.0,0.0,0.0,0.0,0.0
2019-01-06,21,0,154,0.0,0.0,0.0,0.0,0.0
2019-01-06,21,0,157,250.0,250.0,0.0,-141401.842183,0.0
2019-01-06,21,0,158,0.0,0.0,0.0,-0.0,0.0
2019-01-06,21,0,159,0.0,0.0,0.0,0.0,0.0
2019-01-06,21,0,160,0.0,0.0,0.0,0.0,0.0
2019-01-06,21,0,161,0.0,0.0,0.0,-0.0,0.0
2019-01-06,21,0,162,162.5,162.5,0.0,3953.375145,0.0
2019-01-06,21,0,163,185.4,185.4,0.0,-185400.0,0.0
2019-01-06,21,0,164,0.0,0.0,0.0,0.0,0.0
2019-01-06,21,0,167,0.0,0.0,0.0,0.0,0.0
2019-01-06,21,0,168,0.0,0.0,0.0,0.0,0.0
2019-01-06,21,0,169,0.0,0.0,0.0,0.0,0.0
2019-01-06,21,0,170,0.0,0.0,0.0,0.0,0.0
2019-01-06,21,0,172,0.0,0.0,0.0,0.0,0.0
2019-01-06,21,0,173,0.0,0.0,0.0,0.0,0.0
2019-01-06,21,0,188,0.0,0.0,0.0,0.0,0.0
2019-01-06,21,0,190,0.0,0.0,0.0,0.0,0.0
2019-01-06,21,0,191,0.0,0.0,0.0,0.0,0.0
2019-01-06,21,0,192,202.45,202.45,0.0,6564.958939,0.0
2019-01-06,21,0,194,176.5,176.5,0.0,-25206.574331,0.0
2019-01-06,21,0,196,0.0,0.0,0.0,0.0,0.0
2019-01-06,21,0,198,0.0,0.0,0.0,0.0,0.0
2019-01-06,21,0,199,130.0,130.0,0.0,-5215.31354,0.0
2019-01-06,21,0,200,0.0,0.0,0.0,-0.0,0.0
2019-01-06,21,0,204,841.64,841.64,0.0,8408.099295,0.0
2019-01-06,21,0,205,387.97,387.97,0.0,3812.16329,0.0
2019-01-06,21,0,206,409.28,409.28,0.0,5524.999195,0.0
2019-01-06,21,0,210,0.0,0.0,0.0,0.0,0.0
2019-01-06,21,0,214,0.0,0.0,0.0,0.0,0.0
2019-01-06,21,0,217,0.0,0.0,0.0,0.0,0.0
2019-01-06,21,0,218,0.0,0.0,0.0,0.0,0.0
2019-01-06,21,0,219,0.0,0.0,0.0,0.0,0.0
2019-01-06,21,0,221,0.0,0.0,0.0,0.0,0.0
2019-01-06,21,0,225,0.0,0.0,0.0,0.0,0.0
2019-01-06,21,0,233,0.0,0.0,0.0,0.0,0.0
2019-01-06,21,0,236,87.35,87.35,0.0,654.515647,0.0
2019-01-06,21,0,237,61.61,61.61,0.0,506.550163,0.0
2019-01-06,21,0,238,0.0,0.0,0.0,0.0,0.0
2019-01-06,21,0,240,0.0,0.0,0.0,0.0,0.0
2019-01-06,21,0,245,260.0,260.0,0.0,1569.737088,0.0
2019-01-06,21,0,247,171.72,171.72,0.0,1036.750972,0.0
2019-01-06,21,0,248,6.18,6.18,0.0,50.811232,0.0
2019-01-06,21,0,249,500.0,500.0,0.0,3018.72517,0.0
2019-01-06,21,0,251,326.4,326.4,0.0,1534.351311,0.0
2019-01-06,21,0,252,267.06,267.06,0.0,953.664163,0.0
2019-01-06,21,0,254,0.0,0.0,0.0,0.0,0.0
2019-01-06,21,0,255,0.0,0.0,0.0,0.0,0.0
2019-01-06,21,0,258,0.0,0.0,0.0,0.0,0.0
2019-01-06,21,0,260,0.0,0.0,0.0,0.0,0.0
2019-01-06,21,0,265,0.0,0.0,0.0,0.0,0.0
2019-01-06,21,0,266,91.87,91.87,0.0,1033.617489,0.0
2019-01-06,21,0,267,114.69,114.69,0.0,1290.362357,0.0
2019-01-06,21,0,270,579.0,579.0,0.0,-579000.0,0.0
2019-01-06,21,0,272,281.15,281.15,0.0,-77644.360637,0.0
2019-01-06,21,0,273,0.0,0.0,0.0,-0.0,0.0
2019-01-06,21,0,274,746.4,746.4,0.0,-746400.0,0.0
2019-01-06,21,0,275,1039.0,1039.0,0.0,-1039000.0,0.0
2019-01-06,21,0,276,0.0,0.0,0.0,-0.0,0.0
2019-01-06,21,0,277,0.0,0.0,0.0,-0.0,0.0
2019-01-06,21,0,278,0.0,0.0,0.0,-0.0,0.0
2019-01-06,21,0,279,651.69,651.69,0.0,-187750.586415,0.0
2019-01-06,21,0,281,2.16,2.16,0.0,29.064814,0.0
2019-01-06,21,0,282,0.0,0.0,0.0,0.0,0.0
2019-01-06,22,0,9,0.0,0.0,0.0,0.0,0.0
2019-01-06,22,0,17,0.0,0.0,0.0,0.0,0.0
2019-01-06,22,0,19,643.3,643.3,0.0,593.633165,0.0
2019-01-06,22,0,20,780.2,780.2,0.0,719.963618,0.0
2019-01-06,22,0,21,0.0,0.0,0.0,0.0,0.0
2019-01-06,22,0,22,0.0,0.0,0.0,0.0,0.0
2019-01-06,22,0,23,100.83,100.83,0.0,1141.687406,0.0
2019-01-06,22,0,24,178.4,178.4,0.0,2020.004296,0.0
2019-01-06,22,0,29,0.0,0.0,0.0,0.0,0.0
2019-01-06,22,0,30,0.0,0.0,0.0,0.0,0.0
2019-01-06,22,0,31,6.6,6.6,0.0,74.961463,0.0
2019-01-06,22,0,32,0.0,0.0,0.0,0.0,0.0
2019-01-06,22,0,33,0.0,0.0,0.0,0.0,0.0
2019-01-06,22,0,34,0.0,0.0,0.0,0.0,0.0
2019-01-06,22,0,35,0.0,0.0,0.0,0.0,0.0
2019-01-06,22,0,36,0.0,0.0,0.0,0.0,0.0
2019-01-06,22,0,37,0.0,0.0,0.0,0.0,0.0
2019-01-06,22,0,38,0.0,0.0,0.0,0.0,0.0
2019-01-06,22,0,39,0.0,0.0,0.0,0.0,0.0
2019-01-06,22,0,40,0.0,0.0,0.0,0.0,0.0
2019-01-06,22,0,41,116.0,116.0,0.0,1100.410904,0.0
2019-01-06,22,0,42,0.0,0.0,0.0,0.0,0.0
2019-01-06,22,0,43,0.0,0.0,0.0,0.0,0.0
2019-01-06,22,0,46,0.0,0.0,0.0,0.0,0.0
2019-01-06,22,0,52,7.0,7.0,0.0,79.504581,0.0
2019-01-06,22,0,53,11.12,11.12,0.0,126.298707,0.0
2019-01-06,22,0,55,128.9,128.9,0.0,1459.521041,0.0
2019-01-06,22,0,56,0.0,0.0,0.0,0.0,0.0
2019-01-06,22,0,57,0.0,0.0,0.0,0.0,0.0
2019-01-06,22,0,58,0.0,0.0,0.0,0.0,0.0
2019-01-06,22,0,59,0.0,0.0,0.0,0.0,0.0
2019-01-06,22,0,63,170.0,170.0,0.0,15903.977894,0.0
2019-01-06,22,0,64,200.0,200.0,0.0,18710.562228,0.0
2019-01-06,22,0,65,41.4,41.4,0.0,127.122032,0.0
2019-01-06,22,0,67,0.0,0.0,0.0,-0.0,0.0
2019-01-06,22,0,68,10.2,10.2,0.0,-4327.658421,0.0
2019-01-06,22,0,69,0.0,0.0,0.0,0.0,0.0
2019-01-06,22,0,74,28.46,28.46,0.0,194.463885,0.0
2019-01-06,22,0,77,200.0,200.0,0.0,-61302.911831,0.0
2019-01-06,22,0,78,151.2,151.2,0.0,-46345.001344,0.0
2019-01-06,22,0,79,87.5,87.5,0.0,-26820.023926,0.0
2019-01-06,22,0,80,141.5,141.5,0.0,-43371.810121,0.0
2019-01-06,22,0,81,185.0,185.0,0.0,-56705.193444,0.0
2019-01-06,22,0,82,130.5,130.5,0.0,-40000.14997,0.0
2019-01-06,22,0,83,291.0,291.0,0.0,-89195.736714,0.0
2019-01-06,22,0,84,0.0,0.0,0.0,-0.0,0.0
2019-01-06,22,0,86,0.0,0.0,0.0,0.0,0.0
2019-01-06,22,0,87,0.0,0.0,0.0,0.0,0.0
2019-01-06,22,0,88,170.6,170.6,0.0,-52291.383792,0.0
2019-01-06,22,0,89,164.0,164.0,0.0,-50268.387702,0.0
2019-01-06,22,0,90,220.2,220.2,0.0,-67494.505926,0.0
2019-01-06,22,0,91,785.5,785.5,0.0,-240767.186217,0.0
2019-01-06,22,0,92,282.5,282.5,0.0,-86590.362962,0.0
2019-01-06,22,0,95,120.0,120.0,0.0,2691.568394,0.0
2019-01-06,22,0,96,29.88,29.88,0.0,340.46093,0.0
2019-01-06,22,0,97,183.75,183.75,0.0,2093.697986,0.0
2019-01-06,22,0,99,5.49,5.49,0.0,37.512534,0.0
2019-01-06,22,0,101,0.0,0.0,0.0,0.0,0.0
2019-01-06,22,0,102,24.15,24.15,0.0,-10246.367733,0.0
2019-01-06,22,0,103,21.0,21.0,0.0,-8909.884985,0.0
2019-01-06,22,0,104,3.9,3.9,0.0,-1654.692926,0.0
2019-01-06,22,0,106,0.0,0.0,0.0,0.0,0.0
2019-01-06,22,0,109,171.41,171.41,0.0,1426.124713,0.0
2019-01-06,22,0,110,338.6,338.6,0.0,-338600.0,0.0
2019-01-06,22,0,111,0.0,0.0,0.0,0.0,0.0
2019-01-06,22,0,113,149.99,149.99,0.0,-41535.585217,0.0
2019-01-06,22,0,115,149.99,149.99,0.0,-41535.585217,0.0
2019-01-06,22,0,116,0.0,0.0,0.0,-0.0,0.0
2019-01-06,22,0,117,10.0,10.0,0.0,-2769.223629,0.0
2019-01-06,22,0,119,200.0,200.0,0.0,18710.562228,0.0
2019-01-06,22,0,120,117.6,117.6,0.0,11001.81059,0.0
2019-01-06,22,0,123,0.0,0.0,0.0,0.0,0.0
2019-01-06,22,0,125,161.44,161.44,0.0,1827.968013,0.0
2019-01-06,22,0,126,0.0,0.0,0.0,0.0,0.0
2019-01-06,22,0,127,0.0,0.0,0.0,0.0,0.0
2019-01-06,22,0,128,231.23,231.23,0.0,2618.192788,0.0
2019-01-06,22,0,131,30.0,30.0,0.0,-11592.919823,0.0
2019-01-06,22,0,132,44.1,44.1,0.0,-17041.59214,0.0
2019-01-06,22,0,133,139.8,139.8,0.0,751.735342,0.0
2019-01-06,22,0,134,0.0,0.0,0.0,0.0,0.0
2019-01-06,22,0,135,187.33,187.33,0.0,1007.314604,0.0
2019-01-06,22,0,136,45.9,45.9,0.0,146.351675,0.0
2019-01-06,22,0,139,149.8,149.8,0.0,1421.047875,0.0
2019-01-06,22,0,140,250.6,250.6,0.0,-250600.0,0.0
2019-01-06,22,0,141,230.0,230.0,0.0,-130180.51076,0.0
2019-01-06,22,0,142,0.0,0.0,0.0,-0.0,0.0
2019-01-06,22,0,143,54.28,54.28,0.0,616.50124,0.0
2019-01-06,22,0,145,73.71,73.71,0.0,754.01837,0.0
2019-01-06,22,0,146,268.0,268.0,0.0,-268000.0,0.0
2019-01-06,22,0,152,0.0,0.0,0.0,0.0,0.0
2019-01-06,22,0,153,0.0,0.0,0.0,0.0,0.0
2019-01-06,22,0,154,0.0,0.0,0.0,0.0,0.0
2019-01-06,22,0,157,250.0,250.0,0.0,-141500.555173,0.0
2019-01-06,22,0,158,0.0,0.0,0.0,-0.0,0.0
2019-01-06,22,0,159,0.0,0.0,0.0,0.0,0.0
2019-01-06,22,0,160,0.0,0.0,0.0,0.0,0.0
2019-01-06,22,0,161,0.0,0.0,0.0,-0.0,0.0
2019-01-06,22,0,162,96.21,96.21,0.0,2233.430371,0.0
2019-01-06,22,0,163,185.4,185.4,0.0,-185400.0,0.0
2019-01-06,22,0,164,0.0,0.0,0.0,0.0,0.0
2019-01-06,22,0,167,0.0,0.0,0.0,0.0,0.0
2019-01-06,22,0,168,0.0,0.0,0.0,0.0,0.0
2019-01-06,22,0,169,0.0,0.0,0.0,0.0,0.0
2019-01-06,22,0,170,0.0,0.0,0.0,0.0,0.0
2019-01-06,22,0,172,0.0,0.0,0.0,0.0,0.0
2019-01-06,22,0,173,0.0,0.0,0.0,0.0,0.0
2019-01-06,22,0,188,0.0,0.0,0.0,0.0,0.0
2019-01-06,22,0,190,0.0,0.0,0.0,0.0,0.0
2019-01-06,22,0,191,0.0,0.0,0.0,0.0,0.0
2019-01-06,22,0,192,209.61,209.61,0.0,6797.140247,0.0
2019-01-06,22,0,194,176.5,176.5,0.0,-25384.343102,0.0
2019-01-06,22,0,196,0.0,0.0,0.0,0.0,0.0
2019-01-06,22,0,198,0.0,0.0,0.0,0.0,0.0
2019-01-06,22,0,199,130.0,130.0,0.0,-5216.061649,0.0
2019-01-06,22,0,200,0.0,0.0,0.0,-0.0,0.0
2019-01-06,22,0,204,857.0,857.0,0.0,7253.956289,0.0
2019-01-06,22,0,205,852.76,852.76,0.0,7094.930929,0.0
2019-01-06,22,0,206,539.94,539.94,0.0,6152.224709,0.0
2019-01-06,22,0,210,0.0,0.0,0.0,0.0,0.0
2019-01-06,22,0,214,0.0,0.0,0.0,0.0,0.0
2019-01-06,22,0,217,0.0,0.0,0.0,0.0,0.0
2019-01-06,22,0,218,0.0,0.0,0.0,0.0,0.0
2019-01-06,22,0,219,0.0,0.0,0.0,0.0,0.0
2019-01-06,22,0,221,0.0,0.0,0.0,0.0,0.0
2019-01-06,22,0,225,0.0,0.0,0.0,0.0,0.0
2019-01-06,22,0,233,0.0,0.0,0.0,0.0,0.0
2019-01-06,22,0,236,89.07,89.07,0.0,555.826307,0.0
2019-01-06,22,0,237,68.28,68.28,0.0,466.549336,0.0
2019-01-06,22,0,238,0.0,0.0,0.0,0.0,0.0
2019-01-06,22,0,240,0.0,0.0,0.0,0.0,0.0
2019-01-06,22,0,245,260.0,260.0,0.0,1144.361107,0.0
2019-01-06,22,0,247,171.72,171.72,0.0,755.806497,0.0
2019-01-06,22,0,248,6.85,6.85,0.0,46.805257,0.0
2019-01-06,22,0,249,500.0,500.0,0.0,2200.694437,0.0
2019-01-06,22,0,251,678.68,678.68,0.0,2621.70687,0.0
2019-01-06,22,0,252,267.06,267.06,0.0,820.029224,0.0
2019-01-06,22,0,254,0.0,0.0,0.0,0.0,0.0
2019-01-06,22,0,255,0.0,0.0,0.0,0.0,0.0
2019-01-06,22,0,258,0.0,0.0,0.0,0.0,0.0
2019-01-06,22,0,260,0.0,0.0,0.0,0.0,0.0
2019-01-06,22,0,265,0.0,0.0,0.0,0.0,0.0
2019-01-06,22,0,266,97.0,97.0,0.0,920.171187,0.0
2019-01-06,22,0,267,119.2,119.2,0.0,1130.767067,0.0
2019-01-06,22,0,270,579.0,579.0,0.0,-579000.0,0.0
2019-01-06,22,0,272,501.3,501.3,0.0,-138821.180541,0.0
2019-01-06,22,0,273,0.0,0.0,0.0,-0.0,0.0
2019-01-06,22,0,274,746.4,746.4,0.0,-746400.0,0.0
2019-01-06,22,0,275,1039.0,1039.0,0.0,-1039000.0,0.0
2019-01-06,22,0,276,0.0,0.0,0.0,-0.0,0.0
2019-01-06,22,0,277,0.0,0.0,0.0,-0.0,0.0
2019-01-06,22,0,278,0.0,0.0,0.0,-0.0,0.0
2019-01-06,22,0,279,264.61,264.61,0.0,-76415.75659,0.0
2019-01-06,22,0,281,2.96,2.96,0.0,33.61908,0.0
2019-01-06,22,0,282,0.0,0.0,0.0,0.0,0.0
2019-01-06,23,0,9,0.0,0.0,0.0,0.0,0.0
2019-01-06,23,0,17,0.0,0.0,0.0,0.0,0.0
2019-01-06,23,0,19,643.3,643.3,0.0,1175.70437,0.0
2019-01-06,23,0,20,780.2,780.2,0.0,1425.904787,0.0
2019-01-06,23,0,21,0.0,0.0,0.0,0.0,0.0
2019-01-06,23,0,22,0.0,0.0,0.0,0.0,0.0
2019-01-06,23,0,23,102.44,102.44,0.0,630.190581,0.0
2019-01-06,23,0,24,181.24,181.24,0.0,1114.952566,0.0
2019-01-06,23,0,29,0.0,0.0,0.0,0.0,0.0
2019-01-06,23,0,30,0.0,0.0,0.0,0.0,0.0
2019-01-06,23,0,31,6.58,6.58,0.0,40.527086,0.0
2019-01-06,23,0,32,0.0,0.0,0.0,0.0,0.0
2019-01-06,23,0,33,0.0,0.0,0.0,0.0,0.0
2019-01-06,23,0,34,0.0,0.0,0.0,0.0,0.0
2019-01-06,23,0,35,0.0,0.0,0.0,0.0,0.0
2019-01-06,23,0,36,0.0,0.0,0.0,0.0,0.0
2019-01-06,23,0,37,0.0,0.0,0.0,0.0,0.0
2019-01-06,23,0,38,0.0,0.0,0.0,0.0,0.0
2019-01-06,23,0,39,0.0,0.0,0.0,0.0,0.0
2019-01-06,23,0,40,0.0,0.0,0.0,0.0,0.0
2019-01-06,23,0,41,116.0,116.0,0.0,669.241302,0.0
2019-01-06,23,0,42,0.0,0.0,0.0,0.0,0.0
2019-01-06,23,0,43,0.0,0.0,0.0,0.0,0.0
2019-01-06,23,0,46,0.0,0.0,0.0,0.0,0.0
2019-01-06,23,0,52,6.97,6.97,0.0,42.929147,0.0
2019-01-06,23,0,53,11.08,11.08,0.0,68.243178,0.0
2019-01-06,23,0,55,269.73,269.73,0.0,1659.325511,0.0
2019-01-06,23,0,56,0.0,0.0,0.0,0.0,0.0
2019-01-06,23,0,57,0.0,0.0,0.0,0.0,0.0
2019-01-06,23,0,58,0.0,0.0,0.0,0.0,0.0
2019-01-06,23,0,59,0.0,0.0,0.0,0.0,0.0
2019-01-06,23,0,63,170.0,170.0,0.0,15449.095679,0.0
2019-01-06,23,0,64,200.0,200.0,0.0,18175.406681,0.0
2019-01-06,23,0,65,40.53,40.53,0.0,137.991862,0.0
2019-01-06,23,0,67,0.0,0.0,0.0,-0.0,0.0
2019-01-06,23,0,68,10.2,10.2,0.0,-4330.679752,0.0
2019-01-06,23,0,69,0.0,0.0,0.0,0.0,0.0
2019-01-06,23,0,74,21.42,21.42,0.0,112.064331,0.0
2019-01-06,23,0,77,200.0,200.0,0.0,-61338.767882,0.0
2019-01-06,23,0,78,151.2,151.2,0.0,-46372.108519,0.0
2019-01-06,23,0,79,87.5,87.5,0.0,-26835.710948,0.0
2019-01-06,23,0,80,141.5,141.5,0.0,-43397.178276,0.0
2019-01-06,23,0,81,185.0,185.0,0.0,-56738.360291,0.0
2019-01-06,23,0,82,130.5,130.5,0.0,-40023.546043,0.0
2019-01-06,23,0,83,291.0,291.0,0.0,-89247.907268,0.0
2019-01-06,23,0,84,0.0,0.0,0.0,-0.0,0.0
2019-01-06,23,0,86,0.0,0.0,0.0,0.0,0.0
2019-01-06,23,0,87,0.0,0.0,0.0,0.0,0.0
2019-01-06,23,0,88,170.6,170.6,0.0,-52321.969003,0.0
2019-01-06,23,0,89,164.0,164.0,0.0,-50297.789663,0.0
2019-01-06,23,0,90,220.2,220.2,0.0,-67533.983438,0.0
2019-01-06,23,0,91,785.5,785.5,0.0,-240908.010856,0.0
2019-01-06,23,0,92,282.5,282.5,0.0,-86641.009633,0.0
2019-01-06,23,0,95,120.0,120.0,0.0,2333.493576,0.0
2019-01-06,23,0,96,27.01,27.01,0.0,166.565048,0.0
2019-01-06,23,0,97,166.13,166.13,0.0,1024.489129,0.0
2019-01-06,23,0,99,4.13,4.13,0.0,21.607175,0.0
2019-01-06,23,0,101,0.0,0.0,0.0,0.0,0.0
2019-01-06,23,0,102,24.15,24.15,0.0,-10253.521177,0.0
2019-01-06,23,0,103,21.0,21.0,0.0,-8916.105372,0.0
2019-01-06,23,0,104,3.9,3.9,0.0,-1655.84814,0.0
2019-01-06,23,0,106,0.0,0.0,0.0,0.0,0.0
2019-01-06,23,0,109,200.0,200.0,0.0,1103.702455,0.0
2019-01-06,23,0,110,338.6,338.6,0.0,-338600.0,0.0
2019-01-06,23,0,111,0.0,0.0,0.0,0.0,0.0
2019-01-06,23,0,113,150.0,150.0,0.0,-41654.981874,0.0
2019-01-06,23,0,115,150.0,150.0,0.0,-41654.981874,0.0
2019-01-06,23,0,116,0.0,0.0,0.0,-0.0,0.0
2019-01-06,23,0,117,10.0,10.0,0.0,-2776.998792,0.0
2019-01-06,23,0,119,200.0,200.0,0.0,18175.406681,0.0
2019-01-06,23,0,120,117.6,117.6,0.0,10687.139128,0.0
2019-01-06,23,0,123,0.0,0.0,0.0,0.0,0.0
2019-01-06,23,0,125,164.01,164.01,0.0,1008.95702,0.0
2019-01-06,23,0,126,0.0,0.0,0.0,0.0,0.0
2019-01-06,23,0,127,0.0,0.0,0.0,0.0,0.0
2019-01-06,23,0,128,234.91,234.91,0.0,1445.119771,0.0
2019-01-06,23,0,131,30.0,30.0,0.0,-11602.3903,0.0
2019-01-06,23,0,132,44.1,44.1,0.0,-17055.513741,0.0
2019-01-06,23,0,133,139.8,139.8,0.0,728.09081,0.0
2019-01-06,23,0,134,0.0,0.0,0.0,0.0,0.0
2019-01-06,23,0,135,187.33,187.33,0.0,975.631269,0.0
2019-01-06,23,0,136,45.9,45.9,0.0,160.248946,0.0
2019-01-06,23,0,139,149.8,149.8,0.0,864.244371,0.0
2019-01-06,23,0,140,250.6,250.6,0.0,-250600.0,0.0
2019-01-06,23,0,141,230.0,230.0,0.0,-130231.868072,0.0
2019-01-06,23,0,142,0.0,0.0,0.0,-0.0,0.0
2019-01-06,23,0,143,45.24,45.24,0.0,278.639112,0.0
2019-01-06,23,0,145,28.67,28.67,0.0,169.764195,0.0
2019-01-06,23,0,146,268.0,268.0,0.0,-268000.0,0.0
2019-01-06,23,0,152,0.0,0.0,0.0,0.0,0.0
2019-01-06,23,0,153,0.0,0.0,0.0,0.0,0.0
2019-01-06,23,0,154,0.0,0.0,0.0,0.0,0.0
2019-01-06,23,0,157,250.0,250.0,0.0,-141556.378339,0.0
2019-01-06,23,0,158,0.0,0.0,0.0,-0.0,0.0
2019-01-06,23,0,159,0.0,0.0,0.0,0.0,0.0
2019-01-06,23,0,160,0.0,0.0,0.0,0.0,0.0
2019-01-06,23,0,161,0.0,0.0,0.0,-0.0,0.0
2019-01-06,23,0,162,48.75,48.75,0.0,986.590081,0.0
2019-01-06,23,0,163,185.4,185.4,0.0,-185400.0,0.0
2019-01-06,23,0,164,0.0,0.0,0.0,0.0,0.0
2019-01-06,23,0,167,0.0,0.0,0.0,0.0,0.0
2019-01-06,23,0,168,0.0,0.0,0.0,0.0,0.0
2019-01-06,23,0,169,0.0,0.0,0.0,0.0,0.0
2019-01-06,23,0,170,0.0,0.0,0.0,0.0,0.0
2019-01-06,23,0,172,0.0,0.0,0.0,0.0,0.0
2019-01-06,23,0,173,0.0,0.0,0.0,0.0,0.0
2019-01-06,23,0,188,0.0,0.0,0.0,0.0,0.0
2019-01-06,23,0,190,0.0,0.0,0.0,0.0,0.0
2019-01-06,23,0,191,0.0,0.0,0.0,0.0,0.0
2019-01-06,23,0,192,205.54,205.54,0.0,6665.16009,0.0
2019-01-06,23,0,194,176.5,176.5,0.0,-25629.669651,0.0
2019-01-06,23,0,196,0.0,0.0,0.0,0.0,0.0
2019-01-06,23,0,198,0.0,0.0,0.0,0.0,0.0
2019-01-06,23,0,199,95.85,95.85,0.0,-3692.372177,0.0
2019-01-06,23,0,200,0.0,0.0,0.0,-0.0,0.0
2019-01-06,23,0,204,857.0,857.0,0.0,4754.352808,0.0
2019-01-06,23,0,205,1058.0,1058.0,0.0,5838.585988,0.0
2019-01-06,23,0,206,488.16,488.16,0.0,3010.381106,0.0
2019-01-06,23,0,210,0.0,0.0,0.0,0.0,0.0
2019-01-06,23,0,214,0.0,0.0,0.0,0.0,0.0
2019-01-06,23,0,217,0.0,0.0,0.0,0.0,0.0
2019-01-06,23,0,218,0.0,0.0,0.0,0.0,0.0
2019-01-06,23,0,219,0.0,0.0,0.0,0.0,0.0
2019-01-06,23,0,221,0.0,0.0,0.0,0.0,0.0
2019-01-06,23,0,225,0.0,0.0,0.0,0.0,0.0
2019-01-06,23,0,233,0.0,0.0,0.0,0.0,0.0
2019-01-06,23,0,236,74.95,74.95,0.0,382.512958,0.0
2019-01-06,23,0,237,51.39,51.39,0.0,268.860222,0.0
2019-01-06,23,0,238,0.0,0.0,0.0,0.0,0.0
2019-01-06,23,0,240,0.0,0.0,0.0,0.0,0.0
2019-01-06,23,0,245,260.0,260.0,0.0,1208.960425,0.0
2019-01-06,23,0,247,152.81,152.81,0.0,710.54324,0.0
2019-01-06,23,0,248,5.16,5.16,0.0,26.995889,0.0
2019-01-06,23,0,249,500.0,500.0,0.0,2324.923893,0.0
2019-01-06,23,0,251,326.4,326.4,0.0,1280.174707,0.0
2019-01-06,23,0,252,261.42,261.42,0.0,890.052618,0.0
2019-01-06,23,0,254,0.0,0.0,0.0,0.0,0.0
2019-01-06,23,0,255,0.0,0.0,0.0,0.0,0.0
2019-01-06,23,0,258,0.0,0.0,0.0,0.0,0.0
2019-01-06,23,0,260,0.0,0.0,0.0,0.0,0.0
2019-01-06,23,0,265,0.0,0.0,0.0,0.0,0.0
2019-01-06,23,0,266,97.0,97.0,0.0,559.624192,0.0
2019-01-06,23,0,267,119.2,119.2,0.0,687.703131,0.0
2019-01-06,23,0,270,579.0,579.0,0.0,-579000.0,0.0
2019-01-06,23,0,272,501.3,501.3,0.0,-139210.949422,0.0
2019-01-06,23,0,273,0.0,0.0,0.0,-0.0,0.0
2019-01-06,23,0,274,746.4,746.4,0.0,-746400.0,0.0
2019-01-06,23,0,275,1039.0,1039.0,0.0,-1039000.0,0.0
2019-01-06,23,0,276,0.0,0.0,0.0,-0.0,0.0
2019-01-06,23,0,277,0.0,0.0,0.0,-0.0,0.0
2019-01-06,23,0,278,0.0,0.0,0.0,-0.0,0.0
2019-01-06,23,0,279,264.6,264.6,0.0,-76555.137205,0.0
2019-01-06,23,0,281,2.95,2.95,0.0,18.169438,0.0
2019-01-06,23,0,282,0.0,0.0,0.0,0.0,0.0
2019-01-07,0,0,9,0.0,0.0,0.0,0.0,0.0
2019-01-07,0,0,17,0.0,0.0,0.0,0.0,0.0
2019-01-07,0,0,19,643.3,643.3,0.0,1125.759202,0.0
2019-01-07,0,0,20,780.2,780.2,0.0,1365.33084,0.0
2019-01-07,0,0,21,0.0,0.0,0.0,0.0,0.0
2019-01-07,0,0,22,0.0,0.0,0.0,0.0,0.0
2019-01-07,0,0,23,108.8,108.8,0.0,669.537934,0.0
2019-01-07,0,0,24,192.5,192.5,0.0,1184.614451,0.0
2019-01-07,0,0,29,0.0,0.0,0.0,0.0,0.0
2019-01-07,0,0,30,0.0,0.0,0.0,0.0,0.0
2019-01-07,0,0,31,6.83,6.83,0.0,42.066869,0.0
2019-01-07,0,0,32,0.0,0.0,0.0,0.0,0.0
2019-01-07,0,0,33,0.0,0.0,0.0,0.0,0.0
2019-01-07,0,0,34,0.0,0.0,0.0,0.0,0.0
2019-01-07,0,0,35,0.0,0.0,0.0,0.0,0.0
2019-01-07,0,0,36,0.0,0.0,0.0,0.0,0.0
2019-01-07,0,0,37,0.0,0.0,0.0,0.0,0.0
2019-01-07,0,0,38,0.0,0.0,0.0,0.0,0.0
2019-01-07,0,0,39,0.0,0.0,0.0,0.0,0.0
2019-01-07,0,0,40,0.0,0.0,0.0,0.0,0.0
2019-01-07,0,0,41,116.0,116.0,0.0,681.790192,0.0
2019-01-07,0,0,42,0.0,0.0,0.0,0.0,0.0
2019-01-07,0,0,43,0.0,0.0,0.0,0.0,0.0
2019-01-07,0,0,46,0.0,0.0,0.0,0.0,0.0
2019-01-07,0,0,52,7.24,7.24,0.0,44.592113,0.0
2019-01-07,0,0,53,11.5,11.5,0.0,70.830013,0.0
2019-01-07,0,0,55,339.12,339.12,0.0,2086.890663,0.0
2019-01-07,0,0,56,0.0,0.0,0.0,0.0,0.0
2019-01-07,0,0,57,0.0,0.0,0.0,0.0,0.0
2019-01-07,0,0,58,0.0,0.0,0.0,0.0,0.0
2019-01-07,0,0,59,0.0,0.0,0.0,0.0,0.0
2019-01-07,0,0,63,170.0,170.0,0.0,15424.355267,0.0
2019-01-07,0,0,64,200.0,200.0,0.0,18146.300314,0.0
2019-01-07,0,0,65,36.94,36.94,0.0,130.157042,0.0
2019-01-07,0,0,67,0.0,0.0,0.0,-0.0,0.0
2019-01-07,0,0,68,10.2,10.2,0.0,-4330.800398,0.0
2019-01-07,0,0,69,0.0,0.0,0.0,0.0,0.0
2019-01-07,0,0,74,16.19,16.19,0.0,88.847174,0.0
2019-01-07,0,0,77,200.0,200.0,0.0,-61338.986364,0.0
2019-01-07,0,0,78,151.2,151.2,0.0,-46372.273691,0.0
2019-01-07,0,0,79,87.5,87.5,0.0,-26835.806534,0.0
2019-01-07,0,0,80,141.5,141.5,0.0,-43397.332853,0.0
2019-01-07,0,0,81,185.0,185.0,0.0,-56738.562387,0.0
2019-01-07,0,0,82,130.5,130.5,0.0,-40023.688603,0.0
2019-01-07,0,0,83,291.0,291.0,0.0,-89248.22516,0.0
2019-01-07,0,0,84,0.0,0.0,0.0,-0.0,0.0
2019-01-07,0,0,86,0.0,0.0,0.0,0.0,0.0
2019-01-07,0,0,87,0.0,0.0,0.0,0.0,0.0
2019-01-07,0,0,88,170.6,170.6,0.0,-52322.155369,0.0
2019-01-07,0,0,89,164.0,164.0,0.0,-50297.968819,0.0
2019-01-07,0,0,90,220.2,220.2,0.0,-67534.223987,0.0
2019-01-07,0,0,91,785.5,785.5,0.0,-240908.868945,0.0
2019-01-07,0,0,92,282.5,282.5,0.0,-86641.318239,0.0
2019-01-07,0,0,95,67.44,67.44,0.0,1311.42339,0.0
2019-01-07,0,0,96,25.37,25.37,0.0,156.397434,0.0
2019-01-07,0,0,97,156.0,156.0,0.0,961.687023,0.0
2019-01-07,0,0,99,3.13,3.13,0.0,17.176754,0.0
2019-01-07,0,0,101,0.0,0.0,0.0,0.0,0.0
2019-01-07,0,0,102,24.15,24.15,0.0,-10253.806825,0.0
2019-01-07,0,0,103,21.0,21.0,0.0,-8916.353761,0.0
2019-01-07,0,0,104,3.9,3.9,0.0,-1655.89427,0.0
2019-01-07,0,0,106,0.0,0.0,0.0,0.0,0.0
2019-01-07,0,0,109,200.0,200.0,0.0,1139.399477,0.0
2019-01-07,0,0,110,338.6,338.6,0.0,-338600.0,0.0
2019-01-07,0,0,111,0.0,0.0,0.0,0.0,0.0
2019-01-07,0,0,113,150.0,150.0,0.0,-41661.71757,0.0
2019-01-07,0,0,115,150.0,150.0,0.0,-41661.71757,0.0
2019-01-07,0,0,116,0.0,0.0,0.0,-0.0,0.0
2019-01-07,0,0,117,10.0,10.0,0.0,-2777.447838,0.0
2019-01-07,0,0,119,200.0,200.0,0.0,18146.300314,0.0
2019-01-07,0,0,120,117.6,117.6,0.0,10670.024585,0.0
2019-01-07,0,0,123,0.0,0.0,0.0,0.0,0.0
2019-01-07,0,0,125,174.2,174.2,0.0,1071.999155,0.0
2019-01-07,0,0,126,0.0,0.0,0.0,0.0,0.0
2019-01-07,0,0,127,0.0,0.0,0.0,0.0,0.0
2019-01-07,0,0,128,249.5,249.5,0.0,1535.383405,0.0
2019-01-07,0,0,131,30.0,30.0,0.0,-11602.768471,0.0
2019-01-07,0,0,132,44.1,44.1,0.0,-17056.069652,0.0
2019-01-07,0,0,133,139.8,139.8,0.0,777.136291,0.0
2019-01-07,0,0,134,0.0,0.0,0.0,0.0,0.0
2019-01-07,0,0,135,187.33,187.33,0.0,1041.351513,0.0
2019-01-07,0,0,136,45.9,45.9,0.0,166.196235,0.0
2019-01-07,0,0,139,149.8,149.8,0.0,880.449748,0.0
2019-01-07,0,0,140,250.6,250.6,0.0,-250600.0,0.0
2019-01-07,0,0,141,230.0,230.0,0.0,-130233.918848,0.0
2019-01-07,0,0,142,0.0,0.0,0.0,-0.0,0.0
2019-01-07,0,0,143,95.23,95.23,0.0,586.534099,0.0
2019-01-07,0,0,145,25.07,25.07,0.0,150.108279,0.0
2019-01-07,0,0,146,268.0,268.0,0.0,-268000.0,0.0
2019-01-07,0,0,152,0.0,0.0,0.0,0.0,0.0
2019-01-07,0,0,153,0.0,0.0,0.0,0.0,0.0
2019-01-07,0,0,154,0.0,0.0,0.0,0.0,0.0
2019-01-07,0,0,157,250.0,250.0,0.0,-141558.607444,0.0
2019-01-07,0,0,158,0.0,0.0,0.0,-0.0,0.0
2019-01-07,0,0,159,0.0,0.0,0.0,0.0,0.0
2019-01-07,0,0,160,0.0,0.0,0.0,0.0,0.0
2019-01-07,0,0,161,0.0,0.0,0.0,-0.0,0.0
2019-01-07,0,0,162,48.75,48.75,0.0,986.37133,0.0
2019-01-07,0,0,163,185.4,185.4,0.0,-185400.0,0.0
2019-01-07,0,0,164,0.0,0.0,0.0,0.0,0.0
2019-01-07,0,0,167,0.0,0.0,0.0,0.0,0.0
2019-01-07,0,0,168,0.0,0.0,0.0,0.0,0.0
2019-01-07,0,0,169,0.0,0.0,0.0,0.0,0.0
2019-01-07,0,0,170,0.0,0.0,0.0,0.0,0.0
2019-01-07,0,0,172,0.0,0.0,0.0,-0.0,0.0
2019-01-07,0,0,173,0.0,0.0,0.0,-0.0,0.0
2019-01-07,0,0,188,0.0,0.0,0.0,0.0,0.0
2019-01-07,0,0,190,0.0,0.0,0.0,0.0,0.0
2019-01-07,0,0,191,0.0,0.0,0.0,0.0,0.0
2019-01-07,0,0,192,215.43,215.43,0.0,6985.86863,0.0
2019-01-07,0,0,194,176.5,176.5,0.0,-25645.192684,0.0
2019-01-07,0,0,196,0.0,0.0,0.0,0.0,0.0
2019-01-07,0,0,198,0.0,0.0,0.0,0.0,0.0
2019-01-07,0,0,199,39.0,39.0,0.0,-1485.801751,0.0
2019-01-07,0,0,200,0.0,0.0,0.0,-0.0,0.0
2019-01-07,0,0,204,857.0,857.0,0.0,4900.44998,0.0
2019-01-07,0,0,205,1058.0,1058.0,0.0,6027.423232,0.0
2019-01-07,0,0,206,458.4,458.4,0.0,2825.880329,0.0
2019-01-07,0,0,210,0.0,0.0,0.0,0.0,0.0
2019-01-07,0,0,214,0.0,0.0,0.0,0.0,0.0
2019-01-07,0,0,217,0.0,0.0,0.0,0.0,0.0
2019-01-07,0,0,218,0.0,0.0,0.0,0.0,0.0
2019-01-07,0,0,219,0.0,0.0,0.0,0.0,0.0
2019-01-07,0,0,221,0.0,0.0,0.0,0.0,0.0
2019-01-07,0,0,225,0.0,0.0,0.0,0.0,0.0
2019-01-07,0,0,233,0.0,0.0,0.0,0.0,0.0
2019-01-07,0,0,236,62.64,62.64,0.0,337.979928,0.0
2019-01-07,0,0,237,38.84,38.84,0.0,213.145413,0.0
2019-01-07,0,0,238,0.0,0.0,0.0,0.0,0.0
2019-01-07,0,0,240,0.0,0.0,0.0,0.0,0.0
2019-01-07,0,0,245,164.49,164.49,0.0,812.885743,0.0
2019-01-07,0,0,247,123.04,123.04,0.0,608.04585,0.0
2019-01-07,0,0,248,3.9,3.9,0.0,21.402346,0.0
2019-01-07,0,0,249,308.16,308.16,0.0,1522.882063,0.0
2019-01-07,0,0,251,326.4,326.4,0.0,1338.559423,0.0
2019-01-07,0,0,252,238.29,238.29,0.0,839.608056,0.0
2019-01-07,0,0,254,0.0,0.0,0.0,0.0,0.0
2019-01-07,0,0,255,0.0,0.0,0.0,0.0,0.0
2019-01-07,0,0,258,0.0,0.0,0.0,0.0,0.0
2019-01-07,0,0,260,0.0,0.0,0.0,0.0,0.0
2019-01-07,0,0,265,0.0,0.0,0.0,0.0,0.0
2019-01-07,0,0,266,97.0,97.0,0.0,570.117661,0.0
2019-01-07,0,0,267,119.2,119.2,0.0,700.598198,0.0
2019-01-07,0,0,270,579.0,579.0,0.0,-579000.0,0.0
2019-01-07,0,0,272,501.3,501.3,0.0,-139233.460117,0.0
2019-01-07,0,0,273,0.0,0.0,0.0,-0.0,0.0
2019-01-07,0,0,274,746.4,746.4,0.0,-746400.0,0.0
2019-01-07,0,0,275,1039.0,1039.0,0.0,-1039000.0,0.0
2019-01-07,0,0,276,0.0,0.0,0.0,-0.0,0.0
2019-01-07,0,0,277,0.0,0.0,0.0,-0.0,0.0
2019-01-07,0,0,278,0.0,0.0,0.0,-0.0,0.0
2019-01-07,0,0,279,264.6,264.6,0.0,-76562.371266,0.0
2019-01-07,0,0,281,3.07,3.07,0.0,18.908534,0.0
2019-01-07,0,0,282,0.0,0.0,0.0,0.0,0.0
2019-01-07,1,0,9,0.0,0.0,0.0,0.0,0.0
2019-01-07,1,0,17,0.0,0.0,0.0,0.0,0.0
2019-01-07,1,0,19,643.3,643.3,0.0,1098.103904,0.0
2019-01-07,1,0,20,780.2,780.2,0.0,1331.790247,0.0
2019-01-07,1,0,21,0.0,0.0,0.0,0.0,0.0
2019-01-07,1,0,22,0.0,0.0,0.0,0.0,0.0
2019-01-07,1,0,23,108.8,108.8,0.0,663.114817,0.0
2019-01-07,1,0,24,192.5,192.5,0.0,1173.25002,0.0
2019-01-07,1,0,29,0.0,0.0,0.0,0.0,0.0
2019-01-07,1,0,30,0.0,0.0,0.0,0.0,0.0
2019-01-07,1,0,31,16.58,16.58,0.0,101.135033,0.0
2019-01-07,1,0,32,0.0,0.0,0.0,0.0,0.0
2019-01-07,1,0,33,0.0,0.0,0.0,0.0,0.0
2019-01-07,1,0,34,0.0,0.0,0.0,0.0,0.0
2019-01-07,1,0,35,0.0,0.0,0.0,0.0,0.0
2019-01-07,1,0,36,0.0,0.0,0.0,0.0,0.0
2019-01-07,1,0,37,0.0,0.0,0.0,0.0,0.0
2019-01-07,1,0,38,0.0,0.0,0.0,0.0,0.0
2019-01-07,1,0,39,0.0,0.0,0.0,0.0,0.0
2019-01-07,1,0,40,0.0,0.0,0.0,0.0,0.0
2019-01-07,1,0,41,116.0,116.0,0.0,676.599785,0.0
2019-01-07,1,0,42,0.0,0.0,0.0,0.0,0.0
2019-01-07,1,0,43,0.0,0.0,0.0,0.0,0.0
2019-01-07,1,0,46,0.0,0.0,0.0,0.0,0.0
2019-01-07,1,0,52,17.65,17.65,0.0,107.661842,0.0
2019-01-07,1,0,53,28.85,28.85,0.0,175.979838,0.0
2019-01-07,1,0,55,369.53,369.53,0.0,2252.213403,0.0
2019-01-07,1,0,56,0.0,0.0,0.0,0.0,0.0
2019-01-07,1,0,57,0.0,0.0,0.0,0.0,0.0
2019-01-07,1,0,58,0.0,0.0,0.0,0.0,0.0
2019-01-07,1,0,59,0.0,0.0,0.0,0.0,0.0
2019-01-07,1,0,63,170.0,170.0,0.0,13830.754355,0.0
2019-01-07,1,0,64,200.0,200.0,0.0,16271.475712,0.0
2019-01-07,1,0,65,33.7,33.7,0.0,117.736432,0.0
2019-01-07,1,0,67,0.0,0.0,0.0,-0.0,0.0
2019-01-07,1,0,68,10.2,10.2,0.0,-4377.540648,0.0
2019-01-07,1,0,69,0.0,0.0,0.0,0.0,0.0
2019-01-07,1,0,74,12.3,12.3,0.0,67.194527,0.0
2019-01-07,1,0,77,200.0,200.0,0.0,-62442.93425,0.0
2019-01-07,1,0,78,151.2,151.2,0.0,-47206.858293,0.0
2019-01-07,1,0,79,87.5,87.5,0.0,-27318.783734,0.0
2019-01-07,1,0,80,141.5,141.5,0.0,-44178.375982,0.0
2019-01-07,1,0,81,185.0,185.0,0.0,-57759.714181,0.0
2019-01-07,1,0,82,130.5,130.5,0.0,-40744.014598,0.0
2019-01-07,1,0,83,291.0,291.0,0.0,-90854.469333,0.0
2019-01-07,1,0,84,0.0,0.0,0.0,-0.0,0.0
2019-01-07,1,0,86,0.0,0.0,0.0,0.0,0.0
2019-01-07,1,0,87,0.0,0.0,0.0,0.0,0.0
2019-01-07,1,0,88,170.6,170.6,0.0,-53263.822915,0.0
2019-01-07,1,0,89,164.0,164.0,0.0,-51203.206085,0.0
2019-01-07,1,0,90,220.2,220.2,0.0,-68749.670609,0.0
2019-01-07,1,0,91,785.5,785.5,0.0,-245244.624265,0.0
2019-01-07,1,0,92,282.5,282.5,0.0,-88200.644628,0.0
2019-01-07,1,0,95,88.63,88.63,0.0,926.851221,0.0
2019-01-07,1,0,96,25.15,25.15,0.0,153.542336,0.0
2019-01-07,1,0,97,154.65,154.65,0.0,944.148001,0.0
2019-01-07,1,0,99,2.37,2.37,0.0,12.947238,0.0
2019-01-07,1,0,101,0.0,0.0,0.0,0.0,0.0
2019-01-07,1,0,102,24.15,24.15,0.0,-10364.471241,0.0
2019-01-07,1,0,103,21.0,21.0,0.0,-9012.583688,0.0
2019-01-07,1,0,104,3.9,3.9,0.0,-1673.765542,0.0
2019-01-07,1,0,106,0.0,0.0,0.0,0.0,0.0
2019-01-07,1,0,109,200.0,200.0,0.0,1132.340773,0.0
2019-01-07,1,0,110,338.6,338.6,0.0,-338600.0,0.0
2019-01-07,1,0,111,0.0,0.0,0.0,0.0,0.0
2019-01-07,1,0,113,84.36,84.36,0.0,-23916.059677,0.0
2019-01-07,1,0,115,84.36,84.36,0.0,-23916.059677,0.0
2019-01-07,1,0,116,0.0,0.0,0.0,-0.0,0.0
2019-01-07,1,0,117,5.76,5.76,0.0,-1632.959978,0.0
2019-01-07,1,0,119,200.0,200.0,0.0,16271.475712,0.0
2019-01-07,1,0,120,117.6,117.6,0.0,9567.627718,0.0
2019-01-07,1,0,123,0.0,0.0,0.0,0.0,0.0
2019-01-07,1,0,125,174.2,174.2,0.0,1061.715083,0.0
2019-01-07,1,0,126,0.0,0.0,0.0,0.0,0.0
2019-01-07,1,0,127,0.0,0.0,0.0,0.0,0.0
2019-01-07,1,0,128,249.5,249.5,0.0,1520.653923,0.0
2019-01-07,1,0,131,30.0,30.0,0.0,-11749.27758,0.0
2019-01-07,1,0,132,44.1,44.1,0.0,-17271.438042,0.0
2019-01-07,1,0,133,139.8,139.8,0.0,775.194125,0.0
2019-01-07,1,0,134,0.0,0.0,0.0,0.0,0.0
2019-01-07,1,0,135,187.32,187.32,0.0,1038.693587,0.0
2019-01-07,1,0,136,45.9,45.9,0.0,164.861216,0.0
2019-01-07,1,0,139,149.8,149.8,0.0,873.746964,0.0
2019-01-07,1,0,140,250.6,250.6,0.0,-250600.0,0.0
2019-01-07,1,0,141,230.0,230.0,0.0,-131028.420979,0.0
2019-01-07,1,0,142,0.0,0.0,0.0,-0.0,0.0
2019-01-07,1,0,143,102.06,102.06,0.0,622.547739,0.0
2019-01-07,1,0,145,23.48,23.48,0.0,139.404751,0.0
2019-01-07,1,0,146,268.0,268.0,0.0,-268000.0,0.0
2019-01-07,1,0,152,0.0,0.0,0.0,0.0,0.0
2019-01-07,1,0,153,0.0,0.0,0.0,0.0,0.0
2019-01-07,1,0,154,0.0,0.0,0.0,0.0,0.0
2019-01-07,1,0,157,250.0,250.0,0.0,-142422.196716,0.0
2019-01-07,1,0,158,0.0,0.0,0.0,-0.0,0.0
2019-01-07,1,0,159,0.0,0.0,0.0,0.0,0.0
2019-01-07,1,0,160,0.0,0.0,0.0,0.0,0.0
2019-01-07,1,0,161,0.0,0.0,0.0,-0.0,0.0
2019-01-07,1,0,162,48.75,48.75,0.0,548.063065,0.0
2019-01-07,1,0,163,185.4,185.4,0.0,-185400.0,0.0
2019-01-07,1,0,164,0.0,0.0,0.0,0.0,0.0
2019-01-07,1,0,167,0.0,0.0,0.0,0.0,0.0
2019-01-07,1,0,168,0.0,0.0,0.0,0.0,0.0
2019-01-07,1,0,169,0.0,0.0,0.0,0.0,0.0
2019-01-07,1,0,170,0.0,0.0,0.0,0.0,0.0
2019-01-07,1,0,172,0.0,0.0,0.0,-0.0,0.0
2019-01-07,1,0,173,0.0,0.0,0.0,-0.0,0.0
2019-01-07,1,0,188,0.0,0.0,0.0,-0.0,0.0
2019-01-07,1,0,190,0.0,0.0,0.0,0.0,0.0
2019-01-07,1,0,191,0.0,0.0,0.0,0.0,0.0
2019-01-07,1,0,192,239.97,239.97,0.0,7781.640882,0.0
2019-01-07,1,0,194,176.5,176.5,0.0,-26847.962896,0.0
2019-01-07,1,0,196,0.0,0.0,0.0,0.0,0.0
2019-01-07,1,0,198,0.0,0.0,0.0,0.0,0.0
2019-01-07,1,0,199,95.96,95.96,0.0,-3840.230694,0.0
2019-01-07,1,0,200,0.0,0.0,0.0,-0.0,0.0
2019-01-07,1,0,204,857.0,857.0,0.0,4869.277709,0.0
2019-01-07,1,0,205,1058.0,1058.0,0.0,5990.082689,0.0
2019-01-07,1,0,206,454.42,454.42,0.0,2774.262751,0.0
2019-01-07,1,0,210,0.0,0.0,0.0,0.0,0.0
2019-01-07,1,0,214,0.0,0.0,0.0,0.0,0.0
2019-01-07,1,0,217,0.0,0.0,0.0,0.0,0.0
2019-01-07,1,0,218,0.0,0.0,0.0,0.0,0.0
2019-01-07,1,0,219,0.0,0.0,0.0,0.0,0.0
2019-01-07,1,0,221,0.0,0.0,0.0,0.0,0.0
2019-01-07,1,0,225,0.0,0.0,0.0,0.0,0.0
2019-01-07,1,0,233,0.0,0.0,0.0,0.0,0.0
2019-01-07,1,0,236,51.55,51.55,0.0,277.113178,0.0
2019-01-07,1,0,237,29.5,29.5,0.0,161.157604,0.0
2019-01-07,1,0,238,0.0,0.0,0.0,0.0,0.0
2019-01-07,1,0,240,0.0,0.0,0.0,0.0,0.0
2019-01-07,1,0,245,76.65,76.65,0.0,377.464077,0.0
2019-01-07,1,0,247,97.94,97.94,0.0,482.307002,0.0
2019-01-07,1,0,248,2.96,2.96,0.0,16.17039,0.0
2019-01-07,1,0,249,147.41,147.41,0.0,725.92276,0.0
2019-01-07,1,0,251,291.22,291.22,0.0,1186.721082,0.0
2019-01-07,1,0,252,217.37,217.37,0.0,759.417453,0.0
2019-01-07,1,0,254,0.0,0.0,0.0,0.0,0.0
2019-01-07,1,0,255,0.0,0.0,0.0,0.0,0.0
2019-01-07,1,0,258,0.0,0.0,0.0,0.0,0.0
2019-01-07,1,0,260,0.0,0.0,0.0,0.0,0.0
2019-01-07,1,0,265,0.0,0.0,0.0,0.0,0.0
2019-01-07,1,0,266,97.0,97.0,0.0,565.777407,0.0
2019-01-07,1,0,267,119.2,119.2,0.0,695.264607,0.0
2019-01-07,1,0,270,579.0,579.0,0.0,-579000.0,0.0
2019-01-07,1,0,272,281.35,281.35,0.0,-79762.723924,0.0
2019-01-07,1,0,273,0.0,0.0,0.0,-0.0,0.0
2019-01-07,1,0,274,746.4,746.4,0.0,-746400.0,0.0
2019-01-07,1,0,275,1039.0,1039.0,0.0,-1039000.0,0.0
2019-01-07,1,0,276,0.0,0.0,0.0,-0.0,0.0
2019-01-07,1,0,277,0.0,0.0,0.0,-0.0,0.0
2019-01-07,1,0,278,0.0,0.0,0.0,-0.0,0.0
2019-01-07,1,0,279,264.6,264.6,0.0,-78060.220923,0.0
2019-01-07,1,0,281,6.84,6.84,0.0,41.722776,0.0
2019-01-07,1,0,282,0.0,0.0,0.0,0.0,0.0
2019-01-07,2,0,9,0.0,0.0,0.0,0.0,0.0
2019-01-07,2,0,17,0.0,0.0,0.0,0.0,0.0
2019-01-07,2,0,19,623.69,623.69,0.0,911.440579,0.0
2019-01-07,2,0,20,756.41,756.41,0.0,1105.393333,0.0
2019-01-07,2,0,21,0.0,0.0,0.0,0.0,0.0
2019-01-07,2,0,22,0.0,0.0,0.0,0.0,0.0
2019-01-07,2,0,23,108.8,108.8,0.0,1232.432611,0.0
2019-01-07,2,0,24,192.5,192.5,0.0,2180.544831,0.0
2019-01-07,2,0,29,0.0,0.0,0.0,0.0,0.0
2019-01-07,2,0,30,0.0,0.0,0.0,0.0,0.0
2019-01-07,2,0,31,8.59,8.59,0.0,97.563479,0.0
2019-01-07,2,0,32,0.0,0.0,0.0,0.0,0.0
2019-01-07,2,0,33,0.0,0.0,0.0,0.0,0.0
2019-01-07,2,0,34,0.0,0.0,0.0,0.0,0.0
2019-01-07,2,0,35,0.0,0.0,0.0,0.0,0.0
2019-01-07,2,0,36,0.0,0.0,0.0,0.0,0.0
2019-01-07,2,0,37,0.0,0.0,0.0,0.0,0.0
2019-01-07,2,0,38,0.0,0.0,0.0,0.0,0.0
2019-01-07,2,0,39,0.0,0.0,0.0,0.0,0.0
2019-01-07,2,0,40,0.0,0.0,0.0,0.0,0.0
2019-01-07,2,0,41,67.51,67.51,0.0,658.126867,0.0
2019-01-07,2,0,42,0.0,0.0,0.0,0.0,0.0
2019-01-07,2,0,43,0.0,0.0,0.0,0.0,0.0
2019-01-07,2,0,46,0.0,0.0,0.0,0.0,0.0
2019-01-07,2,0,52,9.11,9.11,0.0,103.469534,0.0
2019-01-07,2,0,53,14.47,14.47,0.0,164.347328,0.0
2019-01-07,2,0,55,454.73,454.73,0.0,5150.95663,0.0
2019-01-07,2,0,56,0.0,0.0,0.0,0.0,0.0
2019-01-07,2,0,57,0.0,0.0,0.0,0.0,0.0
2019-01-07,2,0,58,0.0,0.0,0.0,0.0,0.0
2019-01-07,2,0,59,0.0,0.0,0.0,0.0,0.0
2019-01-07,2,0,63,170.0,170.0,0.0,13685.958532,0.0
2019-01-07,2,0,64,200.0,200.0,0.0,16101.127684,0.0
2019-01-07,2,0,65,24.53,24.53,0.0,98.496219,0.0
2019-01-07,2,0,67,0.0,0.0,0.0,-0.0,0.0
2019-01-07,2,0,68,10.2,10.2,0.0,-4391.100281,0.0
2019-01-07,2,0,69,0.0,0.0,0.0,0.0,0.0
2019-01-07,2,0,74,8.25,8.25,0.0,62.186975,0.0
2019-01-07,2,0,77,200.0,200.0,0.0,-62795.913752,0.0
2019-01-07,2,0,78,151.2,151.2,0.0,-47473.710796,0.0
2019-01-07,2,0,79,87.5,87.5,0.0,-27473.212266,0.0
2019-01-07,2,0,80,141.5,141.5,0.0,-44428.108979,0.0
2019-01-07,2,0,81,185.0,185.0,0.0,-58086.220221,0.0
2019-01-07,2,0,82,130.5,130.5,0.0,-40974.333723,0.0
2019-01-07,2,0,83,291.0,291.0,0.0,-91368.054509,0.0
2019-01-07,2,0,84,0.0,0.0,0.0,-0.0,0.0
2019-01-07,2,0,86,0.0,0.0,0.0,0.0,0.0
2019-01-07,2,0,87,0.0,0.0,0.0,0.0,0.0
2019-01-07,2,0,88,170.6,170.6,0.0,-53564.91443,0.0
2019-01-07,2,0,89,164.0,164.0,0.0,-51492.649277,0.0
2019-01-07,2,0,90,220.2,220.2,0.0,-69138.301041,0.0
2019-01-07,2,0,91,785.5,785.5,0.0,-246630.951261,0.0
2019-01-07,2,0,92,282.5,282.5,0.0,-88699.228175,0.0
2019-01-07,2,0,95,36.0,36.0,0.0,357.573712,0.0
2019-01-07,2,0,96,22.33,22.33,0.0,254.326535,0.0
2019-01-07,2,0,97,137.33,137.33,0.0,1564.113882,0.0
2019-01-07,2,0,99,1.59,1.59,0.0,11.985126,0.0
2019-01-07,2,0,101,0.0,0.0,0.0,0.0,0.0
2019-01-07,2,0,102,24.15,24.15,0.0,-10396.575665,0.0
2019-01-07,2,0,103,21.0,21.0,0.0,-9040.500578,0.0
2019-01-07,2,0,104,3.9,3.9,0.0,-1678.950107,0.0
2019-01-07,2,0,106,0.0,0.0,0.0,0.0,0.0
2019-01-07,2,0,109,195.26,195.26,0.0,1700.484584,0.0
2019-01-07,2,0,110,338.6,338.6,0.0,-338600.0,0.0
2019-01-07,2,0,111,0.0,0.0,0.0,0.0,0.0
2019-01-07,2,0,113,92.76,92.76,0.0,-26417.672375,0.0
2019-01-07,2,0,115,92.76,92.76,0.0,-26417.672375,0.0
2019-01-07,2,0,116,0.0,0.0,0.0,-0.0,0.0
2019-01-07,2,0,117,4.96,4.96,0.0,-1412.587915,0.0
2019-01-07,2,0,119,200.0,200.0,0.0,16101.127684,0.0
2019-01-07,2,0,120,117.6,117.6,0.0,9467.463078,0.0
2019-01-07,2,0,123,0.0,0.0,0.0,0.0,0.0
2019-01-07,2,0,125,174.2,174.2,0.0,1973.251479,0.0
2019-01-07,2,0,126,0.0,0.0,0.0,0.0,0.0
2019-01-07,2,0,127,0.0,0.0,0.0,0.0,0.0
2019-01-07,2,0,128,249.5,249.5,0.0,2826.212652,0.0
2019-01-07,2,0,131,30.0,30.0,0.0,-11791.780768,0.0
2019-01-07,2,0,132,44.1,44.1,0.0,-17333.91773,0.0
2019-01-07,2,0,133,109.6,109.6,0.0,755.092185,0.0
2019-01-07,2,0,134,0.0,0.0,0.0,0.0,0.0
2019-01-07,2,0,135,146.86,146.86,0.0,1011.795969,0.0
2019-01-07,2,0,136,36.42,36.42,0.0,151.344943,0.0
2019-01-07,2,0,139,87.18,87.18,0.0,849.881503,0.0
2019-01-07,2,0,140,250.6,250.6,0.0,-250600.0,0.0
2019-01-07,2,0,141,230.0,230.0,0.0,-131258.910907,0.0
2019-01-07,2,0,142,0.0,0.0,0.0,-0.0,0.0
2019-01-07,2,0,143,64.0,64.0,0.0,726.899031,0.0
2019-01-07,2,0,145,24.19,24.19,0.0,250.959105,0.0
2019-01-07,2,0,146,268.0,268.0,0.0,-268000.0,0.0
2019-01-07,2,0,152,0.0,0.0,0.0,0.0,0.0
2019-01-07,2,0,153,0.0,0.0,0.0,0.0,0.0
2019-01-07,2,0,154,0.0,0.0,0.0,0.0,0.0
2019-01-07,2,0,157,250.0,250.0,0.0,-142672.729247,0.0
2019-01-07,2,0,158,0.0,0.0,0.0,-0.0,0.0
2019-01-07,2,0,159,0.0,0.0,0.0,0.0,0.0
2019-01-07,2,0,160,0.0,0.0,0.0,0.0,0.0
2019-01-07,2,0,161,0.0,0.0,0.0,-0.0,0.0
2019-01-07,2,0,162,48.75,48.75,0.0,522.21715,0.0
2019-01-07,2,0,163,185.4,185.4,0.0,-185400.0,0.0
2019-01-07,2,0,164,0.0,0.0,0.0,0.0,0.0
2019-01-07,2,0,167,0.0,0.0,0.0,0.0,0.0
2019-01-07,2,0,168,0.0,0.0,0.0,0.0,0.0
2019-01-07,2,0,169,0.0,0.0,0.0,0.0,0.0
2019-01-07,2,0,170,0.0,0.0,0.0,0.0,0.0
2019-01-07,2,0,172,0.0,0.0,0.0,-0.0,0.0
2019-01-07,2,0,173,0.0,0.0,0.0,-0.0,0.0
2019-01-07,2,0,188,0.0,0.0,0.0,-0.0,0.0
2019-01-07,2,0,190,0.0,0.0,0.0,0.0,0.0
2019-01-07,2,0,191,0.0,0.0,0.0,0.0,0.0
2019-01-07,2,0,192,210.68,210.68,0.0,6831.837734,0.0
2019-01-07,2,0,194,176.5,176.5,0.0,-27042.468319,0.0
2019-01-07,2,0,196,0.0,0.0,0.0,0.0,0.0
2019-01-07,2,0,198,0.0,0.0,0.0,0.0,0.0
2019-01-07,2,0,199,37.65,37.65,0.0,-1585.831312,0.0
2019-01-07,2,0,200,0.0,0.0,0.0,-0.0,0.0
2019-01-07,2,0,204,857.0,857.0,0.0,7566.177997,0.0
2019-01-07,2,0,205,958.56,958.56,0.0,8347.928418,0.0
2019-01-07,2,0,206,403.53,403.53,0.0,4595.986855,0.0
2019-01-07,2,0,210,0.0,0.0,0.0,0.0,0.0
2019-01-07,2,0,214,0.0,0.0,0.0,0.0,0.0
2019-01-07,2,0,217,0.0,0.0,0.0,0.0,0.0
2019-01-07,2,0,218,0.0,0.0,0.0,0.0,0.0
2019-01-07,2,0,219,0.0,0.0,0.0,0.0,0.0
2019-01-07,2,0,221,0.0,0.0,0.0,0.0,0.0
2019-01-07,2,0,225,0.0,0.0,0.0,0.0,0.0
2019-01-07,2,0,233,0.0,0.0,0.0,0.0,0.0
2019-01-07,2,0,236,30.01,30.01,0.0,210.249823,0.0
2019-01-07,2,0,237,19.8,19.8,0.0,149.248739,0.0
2019-01-07,2,0,238,0.0,0.0,0.0,0.0,0.0
2019-01-07,2,0,240,0.0,0.0,0.0,0.0,0.0
2019-01-07,2,0,245,54.08,54.08,0.0,320.081037,0.0
2019-01-07,2,0,247,66.84,66.84,0.0,395.603117,0.0
2019-01-07,2,0,248,1.99,1.99,0.0,15.000252,0.0
2019-01-07,2,0,249,104.0,104.0,0.0,615.540457,0.0
2019-01-07,2,0,251,224.27,224.27,0.0,1094.539974,0.0
2019-01-07,2,0,252,158.22,158.22,0.0,635.306633,0.0
2019-01-07,2,0,254,0.0,0.0,0.0,0.0,0.0
2019-01-07,2,0,255,0.0,0.0,0.0,0.0,0.0
2019-01-07,2,0,258,0.0,0.0,0.0,0.0,0.0
2019-01-07,2,0,260,0.0,0.0,0.0,0.0,0.0
2019-01-07,2,0,265,0.0,0.0,0.0,0.0,0.0
2019-01-07,2,0,266,56.45,56.45,0.0,550.307534,0.0
2019-01-07,2,0,267,69.37,69.37,0.0,676.259232,0.0
2019-01-07,2,0,270,579.0,579.0,0.0,-579000.0,0.0
2019-01-07,2,0,272,400.13,400.13,0.0,-113955.403704,0.0
2019-01-07,2,0,273,0.0,0.0,0.0,-0.0,0.0
2019-01-07,2,0,274,746.39,746.39,0.0,-746390.0,0.0
2019-01-07,2,0,275,1038.99,1038.99,0.0,-1038990.0,0.0
2019-01-07,2,0,276,0.0,0.0,0.0,-0.0,0.0
2019-01-07,2,0,277,0.0,0.0,0.0,-0.0,0.0
2019-01-07,2,0,278,0.0,0.0,0.0,-0.0,0.0
2019-01-07,2,0,279,264.6,264.6,0.0,-78452.877073,0.0
2019-01-07,2,0,281,3.86,3.86,0.0,43.841098,0.0
2019-01-07,2,0,282,0.0,0.0,0.0,0.0,0.0
2019-01-07,3,0,9,0.0,0.0,0.0,0.0,0.0
2019-01-07,3,0,17,0.0,0.0,0.0,0.0,0.0
2019-01-07,3,0,19,499.74,499.74,0.0,3285.22373,0.0
2019-01-07,3,0,20,606.09,606.09,0.0,3984.354365,0.0
2019-01-07,3,0,21,0.0,0.0,0.0,0.0,0.0
2019-01-07,3,0,22,0.0,0.0,0.0,0.0,0.0
2019-01-07,3,0,23,108.8,108.8,0.0,1232.44847,0.0
2019-01-07,3,0,24,192.5,192.5,0.0,2180.572891,0.0
2019-01-07,3,0,29,0.0,0.0,0.0,0.0,0.0
2019-01-07,3,0,30,0.0,0.0,0.0,0.0,0.0
2019-01-07,3,0,31,9.96,9.96,0.0,113.123662,0.0
2019-01-07,3,0,32,0.0,0.0,0.0,0.0,0.0
2019-01-07,3,0,33,0.0,0.0,0.0,0.0,0.0
2019-01-07,3,0,34,0.0,0.0,0.0,0.0,0.0
2019-01-07,3,0,35,0.0,0.0,0.0,0.0,0.0
2019-01-07,3,0,36,0.0,0.0,0.0,0.0,0.0
2019-01-07,3,0,37,0.0,0.0,0.0,0.0,0.0
2019-01-07,3,0,38,0.0,0.0,0.0,0.0,0.0
2019-01-07,3,0,39,0.0,0.0,0.0,0.0,0.0
2019-01-07,3,0,40,0.0,0.0,0.0,0.0,0.0
2019-01-07,3,0,41,32.47,32.47,0.0,316.824186,0.0
2019-01-07,3,0,42,0.0,0.0,0.0,0.0,0.0
2019-01-07,3,0,43,0.0,0.0,0.0,0.0,0.0
2019-01-07,3,0,46,0.0,0.0,0.0,0.0,0.0
2019-01-07,3,0,52,10.55,10.55,0.0,119.824762,0.0
2019-01-07,3,0,53,16.77,16.77,0.0,190.470262,0.0
2019-01-07,3,0,55,472.46,472.46,0.0,5351.862172,0.0
2019-01-07,3,0,56,0.0,0.0,0.0,0.0,0.0
2019-01-07,3,0,57,0.0,0.0,0.0,0.0,0.0
2019-01-07,3,0,58,0.0,0.0,0.0,0.0,0.0
2019-01-07,3,0,59,0.0,0.0,0.0,0.0,0.0
2019-01-07,3,0,63,170.0,170.0,0.0,13686.253297,0.0
2019-01-07,3,0,64,200.0,200.0,0.0,16101.474467,0.0
2019-01-07,3,0,65,17.66,17.66,0.0,116.689487,0.0
2019-01-07,3,0,67,0.0,0.0,0.0,-0.0,0.0
2019-01-07,3,0,68,10.2,10.2,0.0,-4391.038741,0.0
2019-01-07,3,0,69,0.0,0.0,0.0,0.0,0.0
2019-01-07,3,0,74,5.47,5.47,0.0,41.375956,0.0
2019-01-07,3,0,77,200.0,200.0,0.0,-62794.275056,0.0
2019-01-07,3,0,78,151.2,151.2,0.0,-47472.471942,0.0
2019-01-07,3,0,79,87.5,87.5,0.0,-27472.495337,0.0
2019-01-07,3,0,80,141.5,141.5,0.0,-44426.949602,0.0
2019-01-07,3,0,81,185.0,185.0,0.0,-58084.704427,0.0
2019-01-07,3,0,82,130.5,130.5,0.0,-40973.264474,0.0
2019-01-07,3,0,83,291.0,291.0,0.0,-91365.670206,0.0
2019-01-07,3,0,84,0.0,0.0,0.0,-0.0,0.0
2019-01-07,3,0,86,0.0,0.0,0.0,0.0,0.0
2019-01-07,3,0,87,0.0,0.0,0.0,0.0,0.0
2019-01-07,3,0,88,170.6,170.6,0.0,-53563.516623,0.0
2019-01-07,3,0,89,164.0,164.0,0.0,-51491.305546,0.0
2019-01-07,3,0,90,220.2,220.2,0.0,-69136.496836,0.0
2019-01-07,3,0,91,785.5,785.5,0.0,-246624.515281,0.0
2019-01-07,3,0,92,282.5,282.5,0.0,-88696.913516,0.0
2019-01-07,3,0,95,36.0,36.0,0.0,357.573712,0.0
2019-01-07,3,0,96,19.79,19.79,0.0,225.394304,0.0
2019-01-07,3,0,97,121.73,121.73,0.0,1386.419837,0.0
2019-01-07,3,0,99,1.06,1.06,0.0,8.01801,0.0
2019-01-07,3,0,101,0.0,0.0,0.0,0.0,0.0
2019-01-07,3,0,102,24.15,24.15,0.0,-10396.429961,0.0
2019-01-07,3,0,103,21.0,21.0,0.0,-9040.373879,0.0
2019-01-07,3,0,104,3.9,3.9,0.0,-1678.926578,0.0
2019-01-07,3,0,106,0.0,0.0,0.0,0.0,0.0
2019-01-07,3,0,109,200.0,200.0,0.0,1744.127654,0.0
2019-01-07,3,0,110,338.6,338.6,0.0,-338600.0,0.0
2019-01-07,3,0,111,0.0,0.0,0.0,0.0,0.0
2019-01-07,3,0,113,78.82,78.82,0.0,-22447.186284,0.0
2019-01-07,3,0,115,78.82,78.82,0.0,-22447.186284,0.0
2019-01-07,3,0,116,0.0,0.0,0.0,-0.0,0.0
2019-01-07,3,0,117,4.05,4.05,0.0,-1153.401477,0.0
2019-01-07,3,0,119,200.0,200.0,0.0,16101.474467,0.0
2019-01-07,3,0,120,117.6,117.6,0.0,9467.666986,0.0
2019-01-07,3,0,123,0.0,0.0,0.0,0.0,0.0
2019-01-07,3,0,125,174.2,174.2,0.0,1973.276871,0.0
2019-01-07,3,0,126,0.0,0.0,0.0,0.0,0.0
2019-01-07,3,0,127,0.0,0.0,0.0,0.0,0.0
2019-01-07,3,0,128,249.5,249.5,0.0,2826.24902,0.0
2019-01-07,3,0,131,30.0,30.0,0.0,-11791.58787,0.0
2019-01-07,3,0,132,44.1,44.1,0.0,-17333.634168,0.0
2019-01-07,3,0,133,44.61,44.61,0.0,293.118547,0.0
2019-01-07,3,0,134,0.0,0.0,0.0,0.0,0.0
2019-01-07,3,0,135,59.7,59.7,0.0,392.270282,0.0
2019-01-07,3,0,136,28.53,28.53,0.0,188.566421,0.0
2019-01-07,3,0,139,41.93,41.93,0.0,409.1296,0.0
2019-01-07,3,0,140,250.6,250.6,0.0,-250600.0,0.0
2019-01-07,3,0,141,230.0,230.0,0.0,-131257.864839,0.0
2019-01-07,3,0,142,0.0,0.0,0.0,-0.0,0.0
2019-01-07,3,0,143,37.39,37.39,0.0,424.668043,0.0
2019-01-07,3,0,145,25.38,25.38,0.0,263.417106,0.0
2019-01-07,3,0,146,268.0,268.0,0.0,-268000.0,0.0
2019-01-07,3,0,152,0.0,0.0,0.0,0.0,0.0
2019-01-07,3,0,153,0.0,0.0,0.0,0.0,0.0
2019-01-07,3,0,154,0.0,0.0,0.0,0.0,0.0
2019-01-07,3,0,157,250.0,250.0,0.0,-142671.592216,0.0
2019-01-07,3,0,158,0.0,0.0,0.0,-0.0,0.0
2019-01-07,3,0,159,0.0,0.0,0.0,0.0,0.0
2019-01-07,3,0,160,0.0,0.0,0.0,0.0,0.0
2019-01-07,3,0,161,0.0,0.0,0.0,-0.0,0.0
2019-01-07,3,0,162,48.75,48.75,0.0,522.218563,0.0
2019-01-07,3,0,163,185.4,185.4,0.0,-185400.0,0.0
2019-01-07,3,0,164,0.0,0.0,0.0,0.0,0.0
2019-01-07,3,0,167,0.0,0.0,0.0,0.0,0.0
2019-01-07,3,0,168,0.0,0.0,0.0,0.0,0.0
2019-01-07,3,0,169,0.0,0.0,0.0,0.0,0.0
2019-01-07,3,0,170,0.0,0.0,0.0,0.0,0.0
2019-01-07,3,0,172,0.0,0.0,0.0,-0.0,0.0
2019-01-07,3,0,173,0.0,0.0,0.0,-0.0,0.0
2019-01-07,3,0,188,0.0,0.0,0.0,-0.0,0.0
2019-01-07,3,0,190,0.0,0.0,0.0,0.0,0.0
2019-01-07,3,0,191,0.0,0.0,0.0,0.0,0.0
2019-01-07,3,0,192,188.11,188.11,0.0,6099.947769,0.0
2019-01-07,3,0,194,176.5,176.5,0.0,-27041.758855,0.0
2019-01-07,3,0,196,0.0,0.0,0.0,0.0,0.0
2019-01-07,3,0,198,0.0,0.0,0.0,0.0,0.0
2019-01-07,3,0,199,29.21,29.21,0.0,-1229.997447,0.0
2019-01-07,3,0,200,0.0,0.0,0.0,-0.0,0.0
2019-01-07,3,0,204,802.05,802.05,0.0,7089.730938,0.0
2019-01-07,3,0,205,1058.0,1058.0,0.0,9226.435288,0.0
2019-01-07,3,0,206,357.7,357.7,0.0,4073.953632,0.0
2019-01-07,3,0,210,0.0,0.0,0.0,0.0,0.0
2019-01-07,3,0,214,0.0,0.0,0.0,0.0,0.0
2019-01-07,3,0,217,0.0,0.0,0.0,0.0,0.0
2019-01-07,3,0,218,0.0,0.0,0.0,0.0,0.0
2019-01-07,3,0,219,0.0,0.0,0.0,0.0,0.0
2019-01-07,3,0,221,0.0,0.0,0.0,0.0,0.0
2019-01-07,3,0,225,0.0,0.0,0.0,0.0,0.0
2019-01-07,3,0,233,0.0,0.0,0.0,0.0,0.0
2019-01-07,3,0,236,15.62,15.62,0.0,109.86468,0.0
2019-01-07,3,0,237,13.12,13.12,0.0,99.241781,0.0
2019-01-07,3,0,238,0.0,0.0,0.0,0.0,0.0
2019-01-07,3,0,240,0.0,0.0,0.0,0.0,0.0
2019-01-07,3,0,245,36.52,36.52,0.0,235.552808,0.0
2019-01-07,3,0,247,43.66,43.66,0.0,281.605575,0.0
2019-01-07,3,0,248,1.32,1.32,0.0,9.984691,0.0
2019-01-07,3,0,249,70.24,70.24,0.0,453.045707,0.0
2019-01-07,3,0,251,172.82,172.82,0.0,1151.478368,0.0
2019-01-07,3,0,252,113.94,113.94,0.0,752.865241,0.0
2019-01-07,3,0,254,0.0,0.0,0.0,0.0,0.0
2019-01-07,3,0,255,0.0,0.0,0.0,0.0,0.0
2019-01-07,3,0,258,0.0,0.0,0.0,0.0,0.0
2019-01-07,3,0,260,0.0,0.0,0.0,0.0,0.0
2019-01-07,3,0,265,0.0,0.0,0.0,0.0,0.0
2019-01-07,3,0,266,27.15,27.15,0.0,264.914587,0.0
2019-01-07,3,0,267,33.36,33.36,0.0,325.508311,0.0
2019-01-07,3,0,270,579.0,579.0,0.0,-579000.0,0.0
2019-01-07,3,0,272,321.97,321.97,0.0,-91693.993504,0.0
2019-01-07,3,0,273,0.0,0.0,0.0,-0.0,0.0
2019-01-07,3,0,274,746.4,746.4,0.0,-746400.0,0.0
2019-01-07,3,0,275,1039.0,1039.0,0.0,-1039000.0,0.0
2019-01-07,3,0,276,0.0,0.0,0.0,-0.0,0.0
2019-01-07,3,0,277,0.0,0.0,0.0,-0.0,0.0
2019-01-07,3,0,278,0.0,0.0,0.0,-0.0,0.0
2019-01-07,3,0,279,264.6,264.6,0.0,-78451.142015,0.0
2019-01-07,3,0,281,4.47,4.47,0.0,50.769354,0.0
2019-01-07,3,0,282,0.0,0.0,0.0,0.0,0.0
2019-01-07,4,0,9,0.0,0.0,0.0,0.0,0.0
2019-01-07,4,0,17,0.0,0.0,0.0,0.0,0.0
2019-01-07,4,0,19,394.68,394.68,0.0,2679.060344,0.0
2019-01-07,4,0,20,478.68,478.68,0.0,3249.246492,0.0
2019-01-07,4,0,21,0.0,0.0,0.0,0.0,0.0
2019-01-07,4,0,22,0.0,0.0,0.0,0.0,0.0
2019-01-07,4,0,23,98.16,98.16,0.0,1111.717526,0.0
2019-01-07,4,0,24,162.22,162.22,0.0,1837.233263,0.0
2019-01-07,4,0,29,0.0,0.0,0.0,0.0,0.0
2019-01-07,4,0,30,0.0,0.0,0.0,0.0,0.0
2019-01-07,4,0,31,11.43,11.43,0.0,129.819624,0.0
2019-01-07,4,0,32,0.0,0.0,0.0,0.0,0.0
2019-01-07,4,0,33,0.0,0.0,0.0,0.0,0.0
2019-01-07,4,0,34,0.0,0.0,0.0,0.0,0.0
2019-01-07,4,0,35,0.0,0.0,0.0,0.0,0.0
2019-01-07,4,0,36,0.0,0.0,0.0,0.0,0.0
2019-01-07,4,0,37,0.0,0.0,0.0,0.0,0.0
2019-01-07,4,0,38,0.0,0.0,0.0,0.0,0.0
2019-01-07,4,0,39,0.0,0.0,0.0,0.0,0.0
2019-01-07,4,0,40,0.0,0.0,0.0,0.0,0.0
2019-01-07,4,0,41,12.72,12.72,0.0,122.901209,0.0
2019-01-07,4,0,42,0.0,0.0,0.0,0.0,0.0
2019-01-07,4,0,43,0.0,0.0,0.0,0.0,0.0
2019-01-07,4,0,46,0.0,0.0,0.0,0.0,0.0
2019-01-07,4,0,52,12.12,12.12,0.0,137.656504,0.0
2019-01-07,4,0,53,19.25,19.25,0.0,218.637599,0.0
2019-01-07,4,0,55,492.63,492.63,0.0,5579.313415,0.0
2019-01-07,4,0,56,0.0,0.0,0.0,0.0,0.0
2019-01-07,4,0,57,0.0,0.0,0.0,0.0,0.0
2019-01-07,4,0,58,0.0,0.0,0.0,0.0,0.0
2019-01-07,4,0,59,0.0,0.0,0.0,0.0,0.0
2019-01-07,4,0,63,170.0,170.0,0.0,14308.369475,0.0
2019-01-07,4,0,64,200.0,200.0,0.0,16833.375853,0.0
2019-01-07,4,0,65,12.75,12.75,0.0,87.040871,0.0
2019-01-07,4,0,67,0.0,0.0,0.0,-0.0,0.0
2019-01-07,4,0,68,10.2,10.2,0.0,-4373.558973,0.0
2019-01-07,4,0,69,0.0,0.0,0.0,0.0,0.0
2019-01-07,4,0,74,3.77,3.77,0.0,28.667574,0.0
2019-01-07,4,0,77,200.0,200.0,0.0,-62384.028939,0.0
2019-01-07,4,0,78,151.2,151.2,0.0,-47162.325878,0.0
2019-01-07,4,0,79,87.5,87.5,0.0,-27293.012661,0.0
2019-01-07,4,0,80,141.5,141.5,0.0,-44136.700474,0.0
2019-01-07,4,0,81,185.0,185.0,0.0,-57705.226768,0.0
2019-01-07,4,0,82,130.5,130.5,0.0,-40705.578882,0.0
2019-01-07,4,0,83,291.0,291.0,0.0,-90768.762106,0.0
2019-01-07,4,0,84,0.0,0.0,0.0,-0.0,0.0
2019-01-07,4,0,86,0.0,0.0,0.0,0.0,0.0
2019-01-07,4,0,87,0.0,0.0,0.0,0.0,0.0
2019-01-07,4,0,88,170.6,170.6,0.0,-53213.576685,0.0
2019-01-07,4,0,89,164.0,164.0,0.0,-51154.90373,0.0
2019-01-07,4,0,90,220.2,220.2,0.0,-68684.815861,0.0
2019-01-07,4,0,91,785.5,785.5,0.0,-245013.273656,0.0
2019-01-07,4,0,92,282.5,282.5,0.0,-88117.440876,0.0
2019-01-07,4,0,95,84.17,84.17,0.0,1133.456426,0.0
2019-01-07,4,0,96,17.45,17.45,0.0,198.781372,0.0
2019-01-07,4,0,97,107.31,107.31,0.0,1222.420001,0.0
2019-01-07,4,0,99,0.73,0.73,0.0,5.551016,0.0
2019-01-07,4,0,101,0.0,0.0,0.0,0.0,0.0
2019-01-07,4,0,102,24.15,24.15,0.0,-10355.04404,0.0
2019-01-07,4,0,103,21.0,21.0,0.0,-9004.386122,0.0
2019-01-07,4,0,104,3.9,3.9,0.0,-1672.243137,0.0
2019-01-07,4,0,106,0.0,0.0,0.0,0.0,0.0
2019-01-07,4,0,109,200.0,200.0,0.0,1703.597407,0.0
2019-01-07,4,0,110,338.6,338.6,0.0,-338600.0,0.0
2019-01-07,4,0,111,0.0,0.0,0.0,0.0,0.0
2019-01-07,4,0,113,45.0,45.0,0.0,-12717.37906,0.0
2019-01-07,4,0,115,45.0,45.0,0.0,-12717.37906,0.0
2019-01-07,4,0,116,0.0,0.0,0.0,-0.0,0.0
2019-01-07,4,0,117,3.0,3.0,0.0,-847.825271,0.0
2019-01-07,4,0,119,200.0,200.0,0.0,16833.375853,0.0
2019-01-07,4,0,120,117.6,117.6,0.0,9898.025001,0.0
2019-01-07,4,0,123,0.0,0.0,0.0,0.0,0.0
2019-01-07,4,0,125,148.85,148.85,0.0,1685.81045,0.0
2019-01-07,4,0,126,0.0,0.0,0.0,0.0,0.0
2019-01-07,4,0,127,0.0,0.0,0.0,0.0,0.0
2019-01-07,4,0,128,202.15,202.15,0.0,2289.4631,0.0
2019-01-07,4,0,131,30.0,30.0,0.0,-11736.796866,0.0
2019-01-07,4,0,132,44.1,44.1,0.0,-17253.091393,0.0
2019-01-07,4,0,133,43.79,43.79,0.0,297.083373,0.0
2019-01-07,4,0,134,0.0,0.0,0.0,0.0,0.0
2019-01-07,4,0,135,60.4,60.4,0.0,409.77017,0.0
2019-01-07,4,0,136,22.47,22.47,0.0,153.444604,0.0
2019-01-07,4,0,139,16.43,16.43,0.0,158.747395,0.0
2019-01-07,4,0,140,250.6,250.6,0.0,-250600.0,0.0
2019-01-07,4,0,141,230.0,230.0,0.0,-130960.739498,0.0
2019-01-07,4,0,142,0.0,0.0,0.0,-0.0,0.0
2019-01-07,4,0,143,41.14,41.14,0.0,467.259783,0.0
2019-01-07,4,0,145,27.02,27.02,0.0,278.495498,0.0
2019-01-07,4,0,146,268.0,268.0,0.0,-268000.0,0.0
2019-01-07,4,0,152,0.0,0.0,0.0,0.0,0.0
2019-01-07,4,0,153,0.0,0.0,0.0,0.0,0.0
2019-01-07,4,0,154,0.0,0.0,0.0,0.0,0.0
2019-01-07,4,0,157,250.0,250.0,0.0,-142348.629889,0.0
2019-01-07,4,0,158,0.0,0.0,0.0,-0.0,0.0
2019-01-07,4,0,159,0.0,0.0,0.0,0.0,0.0
2019-01-07,4,0,160,0.0,0.0,0.0,0.0,0.0
2019-01-07,4,0,161,0.0,0.0,0.0,-0.0,0.0
2019-01-07,4,0,162,48.75,48.75,0.0,694.51557,0.0
2019-01-07,4,0,163,185.4,185.4,0.0,-185400.0,0.0
2019-01-07,4,0,164,0.0,0.0,0.0,0.0,0.0
2019-01-07,4,0,167,0.0,0.0,0.0,0.0,0.0
2019-01-07,4,0,168,0.0,0.0,0.0,0.0,0.0
2019-01-07,4,0,169,0.0,0.0,0.0,0.0,0.0
2019-01-07,4,0,170,0.0,0.0,0.0,0.0,0.0
2019-01-07,4,0,172,0.0,0.0,0.0,-0.0,0.0
2019-01-07,4,0,173,0.0,0.0,0.0,-0.0,0.0
2019-01-07,4,0,188,0.0,0.0,0.0,-0.0,0.0
2019-01-07,4,0,190,0.0,0.0,0.0,0.0,0.0
2019-01-07,4,0,191,0.0,0.0,0.0,0.0,0.0
2019-01-07,4,0,192,172.34,172.34,0.0,5588.565194,0.0
2019-01-07,4,0,194,176.5,176.5,0.0,-26579.656399,0.0
2019-01-07,4,0,196,0.0,0.0,0.0,0.0,0.0
2019-01-07,4,0,198,0.0,0.0,0.0,0.0,0.0
2019-01-07,4,0,199,22.77,22.77,0.0,-946.244202,0.0
2019-01-07,4,0,200,0.0,0.0,0.0,-0.0,0.0
2019-01-07,4,0,204,782.07,782.07,0.0,6767.524133,0.0
2019-01-07,4,0,205,1058.0,1058.0,0.0,9012.030281,0.0
2019-01-07,4,0,206,315.32,315.32,0.0,3591.962304,0.0
2019-01-07,4,0,210,0.0,0.0,0.0,0.0,0.0
2019-01-07,4,0,214,0.0,0.0,0.0,0.0,0.0
2019-01-07,4,0,217,0.0,0.0,0.0,0.0,0.0
2019-01-07,4,0,218,0.0,0.0,0.0,0.0,0.0
2019-01-07,4,0,219,0.0,0.0,0.0,0.0,0.0
2019-01-07,4,0,221,0.0,0.0,0.0,0.0,0.0
2019-01-07,4,0,225,0.0,0.0,0.0,0.0,0.0
2019-01-07,4,0,233,0.0,0.0,0.0,0.0,0.0
2019-01-07,4,0,236,6.92,6.92,0.0,50.982307,0.0
2019-01-07,4,0,237,9.05,9.05,0.0,68.817385,0.0
2019-01-07,4,0,238,0.0,0.0,0.0,0.0,0.0
2019-01-07,4,0,240,0.0,0.0,0.0,0.0,0.0
2019-01-07,4,0,245,23.63,23.63,0.0,157.026883,0.0
2019-01-07,4,0,247,26.84,26.84,0.0,178.358084,0.0
2019-01-07,4,0,248,0.91,0.91,0.0,6.919759,0.0
2019-01-07,4,0,249,45.43,45.43,0.0,301.892987,0.0
2019-01-07,4,0,251,134.39,134.39,0.0,926.007018,0.0
2019-01-07,4,0,252,82.23,82.23,0.0,561.36242,0.0
2019-01-07,4,0,254,0.0,0.0,0.0,0.0,0.0
2019-01-07,4,0,255,0.0,0.0,0.0,0.0,0.0
2019-01-07,4,0,258,0.0,0.0,0.0,0.0,0.0
2019-01-07,4,0,260,0.0,0.0,0.0,0.0,0.0
2019-01-07,4,0,265,0.0,0.0,0.0,0.0,0.0
2019-01-07,4,0,266,10.64,10.64,0.0,102.804156,0.0
2019-01-07,4,0,267,13.07,13.07,0.0,126.282925,0.0
2019-01-07,4,0,270,579.0,579.0,0.0,-579000.0,0.0
2019-01-07,4,0,272,150.39,150.39,0.0,-42501.48082,0.0
2019-01-07,4,0,273,0.0,0.0,0.0,-0.0,0.0
2019-01-07,4,0,274,746.4,746.4,0.0,-746400.0,0.0
2019-01-07,4,0,275,1039.0,1039.0,0.0,-1039000.0,0.0
2019-01-07,4,0,276,0.0,0.0,0.0,-0.0,0.0
2019-01-07,4,0,277,0.0,0.0,0.0,-0.0,0.0
2019-01-07,4,0,278,0.0,0.0,0.0,-0.0,0.0
2019-01-07,4,0,279,264.6,264.6,0.0,-77887.646895,0.0
2019-01-07,4,0,281,5.13,5.13,0.0,58.2655,0.0
2019-01-07,4,0,282,0.0,0.0,0.0,0.0,0.0
2019-01-07,5,0,9,0.0,0.0,0.0,0.0,0.0
2019-01-07,5,0,17,0.0,0.0,0.0,0.0,0.0
2019-01-07,5,0,19,301.22,301.22,0.0,2099.86743,0.0
2019-01-07,5,0,20,365.32,365.32,0.0,2546.721896,0.0
2019-01-07,5,0,21,0.0,0.0,0.0,0.0,0.0
2019-01-07,5,0,22,0.0,0.0,0.0,0.0,0.0
2019-01-07,5,0,23,108.8,108.8,0.0,1345.694119,0.0
2019-01-07,5,0,24,192.5,192.5,0.0,2380.938585,0.0
2019-01-07,5,0,29,0.0,0.0,0.0,0.0,0.0
2019-01-07,5,0,30,0.0,0.0,0.0,0.0,0.0
2019-01-07,5,0,31,12.98,12.98,0.0,161.041107,0.0
2019-01-07,5,0,32,0.0,0.0,0.0,0.0,0.0
2019-01-07,5,0,33,0.0,0.0,0.0,0.0,0.0
2019-01-07,5,0,34,0.0,0.0,0.0,0.0,0.0
2019-01-07,5,0,35,0.0,0.0,0.0,0.0,0.0
2019-01-07,5,0,36,0.0,0.0,0.0,0.0,0.0
2019-01-07,5,0,37,0.0,0.0,0.0,0.0,0.0
2019-01-07,5,0,38,0.0,0.0,0.0,0.0,0.0
2019-01-07,5,0,39,0.0,0.0,0.0,0.0,0.0
2019-01-07,5,0,40,0.0,0.0,0.0,0.0,0.0
2019-01-07,5,0,41,7.47,7.47,0.0,77.606798,0.0
2019-01-07,5,0,42,0.0,0.0,0.0,0.0,0.0
2019-01-07,5,0,43,0.0,0.0,0.0,0.0,0.0
2019-01-07,5,0,46,0.0,0.0,0.0,0.0,0.0
2019-01-07,5,0,52,13.76,13.76,0.0,170.718462,0.0
2019-01-07,5,0,53,21.86,21.86,0.0,271.214068,0.0
2019-01-07,5,0,55,345.67,345.67,0.0,4275.423587,0.0
2019-01-07,5,0,56,0.0,0.0,0.0,0.0,0.0
2019-01-07,5,0,57,0.0,0.0,0.0,0.0,0.0
2019-01-07,5,0,58,0.0,0.0,0.0,0.0,0.0
2019-01-07,5,0,59,0.0,0.0,0.0,0.0,0.0
2019-01-07,5,0,63,170.0,170.0,0.0,14872.534014,0.0
2019-01-07,5,0,64,200.0,200.0,0.0,17497.09884,0.0
2019-01-07,5,0,65,9.2,9.2,0.0,64.560017,0.0
2019-01-07,5,0,67,0.0,0.0,0.0,-0.0,0.0
2019-01-07,5,0,68,9.85,9.85,0.0,-4209.270472,0.0
2019-01-07,5,0,69,0.0,0.0,0.0,0.0,0.0
2019-01-07,5,0,74,4.21,4.21,0.0,33.433673,0.0
2019-01-07,5,0,77,200.0,200.0,0.0,-62044.144203,0.0
2019-01-07,5,0,78,151.2,151.2,0.0,-46905.373018,0.0
2019-01-07,5,0,79,87.5,87.5,0.0,-27144.313089,0.0
2019-01-07,5,0,80,141.5,141.5,0.0,-43896.232024,0.0
2019-01-07,5,0,81,185.0,185.0,0.0,-57390.833388,0.0
2019-01-07,5,0,82,130.5,130.5,0.0,-40483.804093,0.0
2019-01-07,5,0,83,291.0,291.0,0.0,-90274.229816,0.0
2019-01-07,5,0,84,0.0,0.0,0.0,-0.0,0.0
2019-01-07,5,0,86,0.0,0.0,0.0,0.0,0.0
2019-01-07,5,0,87,0.0,0.0,0.0,0.0,0.0
2019-01-07,5,0,88,170.6,170.6,0.0,-52923.655006,0.0
2019-01-07,5,0,89,164.0,164.0,0.0,-50876.198247,0.0
2019-01-07,5,0,90,220.2,220.2,0.0,-68310.602768,0.0
2019-01-07,5,0,91,785.5,785.5,0.0,-243678.376359,0.0
2019-01-07,5,0,92,282.5,282.5,0.0,-87637.353687,0.0
2019-01-07,5,0,95,36.0,36.0,0.0,593.100634,0.0
2019-01-07,5,0,96,14.63,14.63,0.0,182.098841,0.0
2019-01-07,5,0,97,89.98,89.98,0.0,1119.976328,0.0
2019-01-07,5,0,99,0.81,0.81,0.0,6.432607,0.0
2019-01-07,5,0,101,0.0,0.0,0.0,0.0,0.0
2019-01-07,5,0,102,23.31,23.31,0.0,-9961.227888,0.0
2019-01-07,5,0,103,20.27,20.27,0.0,-8662.123093,0.0
2019-01-07,5,0,104,3.77,3.77,0.0,-1611.060881,0.0
2019-01-07,5,0,106,0.0,0.0,0.0,0.0,0.0
2019-01-07,5,0,109,193.86,193.86,0.0,1750.103733,0.0
2019-01-07,5,0,110,338.6,338.6,0.0,-338600.0,0.0
2019-01-07,5,0,111,0.0,0.0,0.0,0.0,0.0
2019-01-07,5,0,113,106.15,106.15,0.0,-29797.029139,0.0
2019-01-07,5,0,115,106.15,106.15,0.0,-29797.029139,0.0
2019-01-07,5,0,116,0.0,0.0,0.0,-0.0,0.0
2019-01-07,5,0,117,5.11,5.11,0.0,-1434.41186,0.0
2019-01-07,5,0,119,200.0,200.0,0.0,17497.09884,0.0
2019-01-07,5,0,120,117.6,117.6,0.0,10288.294118,0.0
2019-01-07,5,0,123,0.0,0.0,0.0,0.0,0.0
2019-01-07,5,0,125,174.2,174.2,0.0,2154.594813,0.0
2019-01-07,5,0,126,0.0,0.0,0.0,0.0,0.0
2019-01-07,5,0,127,0.0,0.0,0.0,0.0,0.0
2019-01-07,5,0,128,249.5,249.5,0.0,3085.943776,0.0
2019-01-07,5,0,131,30.0,30.0,0.0,-11690.654846,0.0
2019-01-07,5,0,132,44.1,44.1,0.0,-17185.262624,0.0
2019-01-07,5,0,133,14.25,14.25,0.0,99.277715,0.0
2019-01-07,5,0,134,0.0,0.0,0.0,0.0,0.0
2019-01-07,5,0,135,20.3,20.3,0.0,141.427202,0.0
2019-01-07,5,0,136,18.85,18.85,0.0,132.325655,0.0
2019-01-07,5,0,139,9.65,9.65,0.0,100.255101,0.0
2019-01-07,5,0,140,250.6,250.6,0.0,-250600.0,0.0
2019-01-07,5,0,141,230.0,230.0,0.0,-130710.516605,0.0
2019-01-07,5,0,142,0.0,0.0,0.0,-0.0,0.0
2019-01-07,5,0,143,73.45,73.45,0.0,911.28423,0.0
2019-01-07,5,0,145,22.61,22.61,0.0,252.248691,0.0
2019-01-07,5,0,146,268.0,268.0,0.0,-268000.0,0.0
2019-01-07,5,0,152,0.0,0.0,0.0,0.0,0.0
2019-01-07,5,0,153,0.0,0.0,0.0,0.0,0.0
2019-01-07,5,0,154,0.0,0.0,0.0,0.0,0.0
2019-01-07,5,0,157,250.0,250.0,0.0,-142076.648483,0.0
2019-01-07,5,0,158,0.0,0.0,0.0,-0.0,0.0
2019-01-07,5,0,159,0.0,0.0,0.0,0.0,0.0
2019-01-07,5,0,160,0.0,0.0,0.0,0.0,0.0
2019-01-07,5,0,161,0.0,0.0,0.0,-0.0,0.0
2019-01-07,5,0,162,48.75,48.75,0.0,841.525417,0.0
2019-01-07,5,0,163,185.4,185.4,0.0,-185400.0,0.0
2019-01-07,5,0,164,0.0,0.0,0.0,0.0,0.0
2019-01-07,5,0,167,0.0,0.0,0.0,0.0,0.0
2019-01-07,5,0,168,0.0,0.0,0.0,0.0,0.0
2019-01-07,5,0,169,0.0,0.0,0.0,0.0,0.0
2019-01-07,5,0,170,0.0,0.0,0.0,0.0,0.0
2019-01-07,5,0,172,0.0,0.0,0.0,0.0,0.0
2019-01-07,5,0,173,0.0,0.0,0.0,0.0,0.0
2019-01-07,5,0,188,0.0,0.0,0.0,0.0,0.0
2019-01-07,5,0,190,0.0,0.0,0.0,0.0,0.0
2019-01-07,5,0,191,0.0,0.0,0.0,0.0,0.0
2019-01-07,5,0,192,156.88,156.88,0.0,5087.235161,0.0
2019-01-07,5,0,194,176.5,176.5,0.0,-26164.055715,0.0
2019-01-07,5,0,196,0.0,0.0,0.0,0.0,0.0
2019-01-07,5,0,198,0.0,0.0,0.0,0.0,0.0
2019-01-07,5,0,199,28.5,28.5,0.0,-1180.751642,0.0
2019-01-07,5,0,200,0.0,0.0,0.0,-0.0,0.0
2019-01-07,5,0,204,667.71,667.71,0.0,6135.431864,0.0
2019-01-07,5,0,205,1025.5,1025.5,0.0,9257.873612,0.0
2019-01-07,5,0,206,264.42,264.42,0.0,3291.221835,0.0
2019-01-07,5,0,210,0.0,0.0,0.0,0.0,0.0
2019-01-07,5,0,214,0.0,0.0,0.0,0.0,0.0
2019-01-07,5,0,217,0.0,0.0,0.0,0.0,0.0
2019-01-07,5,0,218,0.0,0.0,0.0,0.0,0.0
2019-01-07,5,0,219,0.0,0.0,0.0,0.0,0.0
2019-01-07,5,0,221,0.0,0.0,0.0,0.0,0.0
2019-01-07,5,0,225,0.0,0.0,0.0,0.0,0.0
2019-01-07,5,0,233,0.0,0.0,0.0,0.0,0.0
2019-01-07,5,0,236,5.83,5.83,0.0,44.663881,0.0
2019-01-07,5,0,237,10.1,10.1,0.0,80.209049,0.0
2019-01-07,5,0,238,0.0,0.0,0.0,0.0,0.0
2019-01-07,5,0,240,0.0,0.0,0.0,0.0,0.0
2019-01-07,5,0,245,13.78,13.78,0.0,93.722932,0.0
2019-01-07,5,0,247,13.27,13.27,0.0,90.254231,0.0
2019-01-07,5,0,248,1.01,1.01,0.0,8.020905,0.0
2019-01-07,5,0,249,26.51,26.51,0.0,180.304422,0.0
2019-01-07,5,0,251,87.99,87.99,0.0,624.132497,0.0
2019-01-07,5,0,252,59.37,59.37,0.0,416.622634,0.0
2019-01-07,5,0,254,0.0,0.0,0.0,0.0,0.0
2019-01-07,5,0,255,0.0,0.0,0.0,0.0,0.0
2019-01-07,5,0,258,0.0,0.0,0.0,0.0,0.0
2019-01-07,5,0,260,0.0,0.0,0.0,0.0,0.0
2019-01-07,5,0,265,0.0,0.0,0.0,0.0,0.0
2019-01-07,5,0,266,6.25,6.25,0.0,64.93206,0.0
2019-01-07,5,0,267,7.68,7.68,0.0,79.788515,0.0
2019-01-07,5,0,270,579.0,579.0,0.0,-579000.0,0.0
2019-01-07,5,0,272,364.92,364.92,0.0,-102435.533429,0.0
2019-01-07,5,0,273,0.0,0.0,0.0,-0.0,0.0
2019-01-07,5,0,274,746.4,746.4,0.0,-746400.0,0.0
2019-01-07,5,0,275,1039.0,1039.0,0.0,-1039000.0,0.0
2019-01-07,5,0,276,0.0,0.0,0.0,-0.0,0.0
2019-01-07,5,0,277,0.0,0.0,0.0,-0.0,0.0
2019-01-07,5,0,278,0.0,0.0,0.0,-0.0,0.0
2019-01-07,5,0,279,264.6,264.6,0.0,-77405.930615,0.0
2019-01-07,5,0,281,5.83,5.83,0.0,72.332023,0.0
2019-01-07,5,0,282,0.0,0.0,0.0,0.0,0.0
2019-01-07,6,0,9,0.0,0.0,0.0,0.0,0.0
2019-01-07,6,0,17,0.0,0.0,0.0,0.0,0.0
2019-01-07,6,0,19,222.26,222.26,0.0,1576.941463,0.0
2019-01-07,6,0,20,269.56,269.56,0.0,1912.536403,0.0
2019-01-07,6,0,21,0.0,0.0,0.0,0.0,0.0
2019-01-07,6,0,22,0.0,0.0,0.0,0.0,0.0
2019-01-07,6,0,23,108.8,108.8,0.0,1459.644399,0.0
2019-01-07,6,0,24,192.5,192.5,0.0,2582.550981,0.0
2019-01-07,6,0,29,0.0,0.0,0.0,0.0,0.0
2019-01-07,6,0,30,0.0,0.0,0.0,0.0,0.0
2019-01-07,6,0,31,14.77,14.77,0.0,198.744123,0.0
2019-01-07,6,0,32,0.0,0.0,0.0,0.0,0.0
2019-01-07,6,0,33,0.0,0.0,0.0,0.0,0.0
2019-01-07,6,0,34,0.0,0.0,0.0,0.0,0.0
2019-01-07,6,0,35,0.0,0.0,0.0,0.0,0.0
2019-01-07,6,0,36,0.0,0.0,0.0,0.0,0.0
2019-01-07,6,0,37,0.0,0.0,0.0,0.0,0.0
2019-01-07,6,0,38,0.0,0.0,0.0,0.0,0.0
2019-01-07,6,0,39,0.0,0.0,0.0,0.0,0.0
2019-01-07,6,0,40,0.0,0.0,0.0,0.0,0.0
2019-01-07,6,0,41,4.38,4.38,0.0,49.616812,0.0
2019-01-07,6,0,42,0.0,0.0,0.0,0.0,0.0
2019-01-07,6,0,43,0.0,0.0,0.0,0.0,0.0
2019-01-07,6,0,46,0.0,0.0,0.0,0.0,0.0
2019-01-07,6,0,52,15.65,15.65,0.0,210.585344,0.0
2019-01-07,6,0,53,24.85,24.85,0.0,334.379923,0.0
2019-01-07,6,0,55,133.18,133.18,0.0,1786.722803,0.0
2019-01-07,6,0,56,0.0,0.0,0.0,0.0,0.0
2019-01-07,6,0,57,0.0,0.0,0.0,0.0,0.0
2019-01-07,6,0,58,0.0,0.0,0.0,0.0,0.0
2019-01-07,6,0,59,0.0,0.0,0.0,0.0,0.0
2019-01-07,6,0,63,170.0,170.0,0.0,16281.443739,0.0
2019-01-07,6,0,64,200.0,200.0,0.0,19154.639693,0.0
2019-01-07,6,0,65,6.49,6.49,0.0,46.337495,0.0
2019-01-07,6,0,67,0.0,0.0,0.0,-0.0,0.0
2019-01-07,6,0,68,7.22,7.22,0.0,-3055.614129,0.0
2019-01-07,6,0,69,0.0,0.0,0.0,0.0,0.0
2019-01-07,6,0,74,4.8,4.8,0.0,40.376469,0.0
2019-01-07,6,0,77,200.0,200.0,0.0,-61053.002226,0.0
2019-01-07,6,0,78,151.2,151.2,0.0,-46156.069683,0.0
2019-01-07,6,0,79,87.5,87.5,0.0,-26710.688474,0.0
2019-01-07,6,0,80,141.5,141.5,0.0,-43194.999075,0.0
2019-01-07,6,0,81,185.0,185.0,0.0,-56474.027059,0.0
2019-01-07,6,0,82,130.5,130.5,0.0,-39837.083952,0.0
2019-01-07,6,0,83,291.0,291.0,0.0,-88832.118238,0.0
2019-01-07,6,0,84,0.0,0.0,0.0,-0.0,0.0
2019-01-07,6,0,86,0.0,0.0,0.0,0.0,0.0
2019-01-07,6,0,87,0.0,0.0,0.0,0.0,0.0
2019-01-07,6,0,88,170.6,170.6,0.0,-52078.210899,0.0
2019-01-07,6,0,89,164.0,164.0,0.0,-50063.461825,0.0
2019-01-07,6,0,90,220.2,220.2,0.0,-67219.355451,0.0
2019-01-07,6,0,91,785.5,785.5,0.0,-239785.666242,0.0
2019-01-07,6,0,92,282.5,282.5,0.0,-86237.365644,0.0
2019-01-07,6,0,95,36.0,36.0,0.0,700.048073,0.0
2019-01-07,6,0,96,12.59,12.59,0.0,169.937597,0.0
2019-01-07,6,0,97,77.43,77.43,0.0,1045.136471,0.0
2019-01-07,6,0,99,0.93,0.93,0.0,7.822941,0.0
2019-01-07,6,0,101,0.0,0.0,0.0,0.0,0.0
2019-01-07,6,0,102,17.1,17.1,0.0,-7236.980832,0.0
2019-01-07,6,0,103,14.87,14.87,0.0,-6293.210817,0.0
2019-01-07,6,0,104,2.76,2.76,0.0,-1168.074099,0.0
2019-01-07,6,0,106,0.0,0.0,0.0,0.0,0.0
2019-01-07,6,0,109,166.82,166.82,0.0,1659.769389,0.0
2019-01-07,6,0,110,338.6,338.6,0.0,-338600.0,0.0
2019-01-07,6,0,111,0.0,0.0,0.0,0.0,0.0
2019-01-07,6,0,113,121.07,121.07,0.0,-33355.846466,0.0
2019-01-07,6,0,115,121.07,121.07,0.0,-33355.846466,0.0
2019-01-07,6,0,116,0.0,0.0,0.0,-0.0,0.0
2019-01-07,6,0,117,4.8,4.8,0.0,-1322.442083,0.0
2019-01-07,6,0,119,200.0,200.0,0.0,19154.639693,0.0
2019-01-07,6,0,120,117.6,117.6,0.0,11262.928139,0.0
2019-01-07,6,0,123,0.0,0.0,0.0,0.0,0.0
2019-01-07,6,0,125,174.2,174.2,0.0,2337.04094,0.0
2019-01-07,6,0,126,0.0,0.0,0.0,0.0,0.0
2019-01-07,6,0,127,0.0,0.0,0.0,0.0,0.0
2019-01-07,6,0,128,249.5,249.5,0.0,3347.254388,0.0
2019-01-07,6,0,131,23.75,23.75,0.0,-9150.771959,0.0
2019-01-07,6,0,132,34.91,34.91,0.0,-13450.67154,0.0
2019-01-07,6,0,133,8.19,8.19,0.0,58.073731,0.0
2019-01-07,6,0,134,0.0,0.0,0.0,0.0,0.0
2019-01-07,6,0,135,10.97,10.97,0.0,77.786182,0.0
2019-01-07,6,0,136,15.78,15.78,0.0,112.705323,0.0
2019-01-07,6,0,139,5.66,5.66,0.0,64.116703,0.0
2019-01-07,6,0,140,250.6,250.6,0.0,-250600.0,0.0
2019-01-07,6,0,141,173.05,173.05,0.0,-97807.755878,0.0
2019-01-07,6,0,142,0.0,0.0,0.0,-0.0,0.0
2019-01-07,6,0,143,123.2,123.2,0.0,1657.770885,0.0
2019-01-07,6,0,145,18.75,18.75,0.0,227.89472,0.0
2019-01-07,6,0,146,268.0,268.0,0.0,-268000.0,0.0
2019-01-07,6,0,152,0.0,0.0,0.0,0.0,0.0
2019-01-07,6,0,153,0.0,0.0,0.0,0.0,0.0
2019-01-07,6,0,154,0.0,0.0,0.0,0.0,0.0
2019-01-07,6,0,157,250.0,250.0,0.0,-141299.849578,0.0
2019-01-07,6,0,158,0.0,0.0,0.0,-0.0,0.0
2019-01-07,6,0,159,0.0,0.0,0.0,0.0,0.0
2019-01-07,6,0,160,0.0,0.0,0.0,0.0,0.0
2019-01-07,6,0,161,0.0,0.0,0.0,-0.0,0.0
2019-01-07,6,0,162,48.75,48.75,0.0,985.955417,0.0
2019-01-07,6,0,163,185.4,185.4,0.0,-185400.0,0.0
2019-01-07,6,0,164,0.0,0.0,0.0,0.0,0.0
2019-01-07,6,0,167,0.0,0.0,0.0,0.0,0.0
2019-01-07,6,0,168,0.0,0.0,0.0,0.0,0.0
2019-01-07,6,0,169,0.0,0.0,0.0,0.0,0.0
2019-01-07,6,0,170,0.0,0.0,0.0,0.0,0.0
2019-01-07,6,0,172,0.0,0.0,0.0,0.0,0.0
2019-01-07,6,0,173,0.0,0.0,0.0,0.0,0.0
2019-01-07,6,0,188,0.0,0.0,0.0,0.0,0.0
2019-01-07,6,0,190,0.0,0.0,0.0,0.0,0.0
2019-01-07,6,0,191,0.0,0.0,0.0,0.0,0.0
2019-01-07,6,0,192,152.26,152.26,0.0,4937.419847,0.0
2019-01-07,6,0,194,176.5,176.5,0.0,-25073.386159,0.0
2019-01-07,6,0,196,0.0,0.0,0.0,0.0,0.0
2019-01-07,6,0,198,0.0,0.0,0.0,0.0,0.0
2019-01-07,6,0,199,35.36,35.36,0.0,-1400.881597,0.0
2019-01-07,6,0,200,0.0,0.0,0.0,-0.0,0.0
2019-01-07,6,0,204,563.5,563.5,0.0,5695.588954,0.0
2019-01-07,6,0,205,882.5,882.5,0.0,8780.400947,0.0
2019-01-07,6,0,206,227.53,227.53,0.0,3071.159772,0.0
2019-01-07,6,0,210,0.0,0.0,0.0,0.0,0.0
2019-01-07,6,0,214,0.0,0.0,0.0,0.0,0.0
2019-01-07,6,0,217,0.0,0.0,0.0,0.0,0.0
2019-01-07,6,0,218,0.0,0.0,0.0,0.0,0.0
2019-01-07,6,0,219,0.0,0.0,0.0,0.0,0.0
2019-01-07,6,0,221,0.0,0.0,0.0,0.0,0.0
2019-01-07,6,0,225,0.0,0.0,0.0,0.0,0.0
2019-01-07,6,0,233,0.0,0.0,0.0,0.0,0.0
2019-01-07,6,0,236,5.1,5.1,0.0,39.30212,0.0
2019-01-07,6,0,237,11.51,11.51,0.0,96.819408,0.0
2019-01-07,6,0,238,0.0,0.0,0.0,0.0,0.0
2019-01-07,6,0,240,0.0,0.0,0.0,0.0,0.0
2019-01-07,6,0,245,7.28,7.28,0.0,50.452512,0.0
2019-01-07,6,0,247,5.85,5.85,0.0,40.542197,0.0
2019-01-07,6,0,248,1.16,1.16,0.0,9.757647,0.0
2019-01-07,6,0,249,14.0,14.0,0.0,97.024062,0.0
2019-01-07,6,0,251,55.31,55.31,0.0,398.972204,0.0
2019-01-07,6,0,252,41.9,41.9,0.0,299.158867,0.0
2019-01-07,6,0,254,0.0,0.0,0.0,0.0,0.0
2019-01-07,6,0,255,0.0,0.0,0.0,0.0,0.0
2019-01-07,6,0,258,0.0,0.0,0.0,0.0,0.0
2019-01-07,6,0,260,0.0,0.0,0.0,0.0,0.0
2019-01-07,6,0,265,0.0,0.0,0.0,0.0,0.0
2019-01-07,6,0,266,3.67,3.67,0.0,41.573904,0.0
2019-01-07,6,0,267,4.51,4.51,0.0,51.089458,0.0
2019-01-07,6,0,270,579.0,579.0,0.0,-579000.0,0.0
2019-01-07,6,0,272,427.2,427.2,0.0,-117697.345423,0.0
2019-01-07,6,0,273,0.0,0.0,0.0,-0.0,0.0
2019-01-07,6,0,274,746.4,746.4,0.0,-746400.0,0.0
2019-01-07,6,0,275,1039.0,1039.0,0.0,-1039000.0,0.0
2019-01-07,6,0,276,0.0,0.0,0.0,-0.0,0.0
2019-01-07,6,0,277,0.0,0.0,0.0,-0.0,0.0
2019-01-07,6,0,278,0.0,0.0,0.0,-0.0,0.0
2019-01-07,6,0,279,264.6,264.6,0.0,-76056.233899,0.0
2019-01-07,6,0,281,6.64,6.64,0.0,89.347392,0.0
2019-01-07,6,0,282,0.0,0.0,0.0,0.0,0.0
2019-01-07,7,0,9,0.0,0.0,0.0,0.0,0.0
2019-01-07,7,0,17,0.0,0.0,0.0,0.0,0.0
2019-01-07,7,0,19,159.71,159.71,0.0,1221.160568,0.0
2019-01-07,7,0,20,193.7,193.7,0.0,1481.051919,0.0
2019-01-07,7,0,21,0.0,0.0,0.0,0.0,0.0
2019-01-07,7,0,22,0.0,0.0,0.0,0.0,0.0
2019-01-07,7,0,23,100.41,100.41,0.0,1463.141472,0.0
2019-01-07,7,0,24,177.66,177.66,0.0,2588.803047,0.0
2019-01-07,7,0,29,0.0,0.0,0.0,0.0,0.0
2019-01-07,7,0,30,0.0,0.0,0.0,0.0,0.0
2019-01-07,7,0,31,40.71,40.71,0.0,595.000631,0.0
2019-01-07,7,0,32,0.0,0.0,0.0,0.0,0.0
2019-01-07,7,0,33,0.0,0.0,0.0,0.0,0.0
2019-01-07,7,0,34,0.0,0.0,0.0,0.0,0.0
2019-01-07,7,0,35,0.0,0.0,0.0,0.0,0.0
2019-01-07,7,0,36,0.0,0.0,0.0,0.0,0.0
2019-01-07,7,0,37,0.0,0.0,0.0,0.0,0.0
2019-01-07,7,0,38,0.0,0.0,0.0,0.0,0.0
2019-01-07,7,0,39,0.0,0.0,0.0,0.0,0.0
2019-01-07,7,0,40,0.0,0.0,0.0,0.0,0.0
2019-01-07,7,0,41,2.11,2.11,0.0,25.919475,0.0
2019-01-07,7,0,42,0.0,0.0,0.0,0.0,0.0
2019-01-07,7,0,43,0.0,0.0,0.0,0.0,0.0
2019-01-07,7,0,46,0.0,0.0,0.0,0.0,0.0
2019-01-07,7,0,52,43.16,43.16,0.0,630.808824,0.0
2019-01-07,7,0,53,68.59,68.59,0.0,1002.483254,0.0
2019-01-07,7,0,55,125.68,125.68,0.0,1831.367595,0.0
2019-01-07,7,0,56,0.0,0.0,0.0,0.0,0.0
2019-01-07,7,0,57,0.0,0.0,0.0,0.0,0.0
2019-01-07,7,0,58,0.0,0.0,0.0,0.0,0.0
2019-01-07,7,0,59,0.0,0.0,0.0,0.0,0.0
2019-01-07,7,0,63,170.0,170.0,0.0,16321.758483,0.0
2019-01-07,7,0,64,200.0,200.0,0.0,19202.068804,0.0
2019-01-07,7,0,65,4.51,4.51,0.0,34.705341,0.0
2019-01-07,7,0,67,0.0,0.0,0.0,-0.0,0.0
2019-01-07,7,0,68,5.33,5.33,0.0,-2255.45313,0.0
2019-01-07,7,0,69,0.0,0.0,0.0,0.0,0.0
2019-01-07,7,0,74,5.48,5.48,0.0,49.806754,0.0
2019-01-07,7,0,77,184.41,184.41,0.0,-56286.636647,0.0
2019-01-07,7,0,78,139.41,139.41,0.0,-42551.488612,0.0
2019-01-07,7,0,79,80.68,80.68,0.0,-24625.594299,0.0
2019-01-07,7,0,80,130.47,130.47,0.0,-39822.772536,0.0
2019-01-07,7,0,81,170.58,170.58,0.0,-52065.367818,0.0
2019-01-07,7,0,82,120.33,120.33,0.0,-36727.785845,0.0
2019-01-07,7,0,83,268.32,268.32,0.0,-81898.10935,0.0
2019-01-07,7,0,84,0.0,0.0,0.0,-0.0,0.0
2019-01-07,7,0,86,0.0,0.0,0.0,0.0,0.0
2019-01-07,7,0,87,0.0,0.0,0.0,0.0,0.0
2019-01-07,7,0,88,170.6,170.6,0.0,-52071.472328,0.0
2019-01-07,7,0,89,164.0,164.0,0.0,-50056.98395,0.0
2019-01-07,7,0,90,220.2,220.2,0.0,-67210.657718,0.0
2019-01-07,7,0,91,785.5,785.5,0.0,-239754.639588,0.0
2019-01-07,7,0,92,282.5,282.5,0.0,-86226.207108,0.0
2019-01-07,7,0,95,36.0,36.0,0.0,700.048073,0.0
2019-01-07,7,0,96,11.3,11.3,0.0,165.674813,0.0
2019-01-07,7,0,97,69.49,69.49,0.0,1018.826795,0.0
2019-01-07,7,0,99,1.06,1.06,0.0,9.634153,0.0
2019-01-07,7,0,101,0.0,0.0,0.0,0.0,0.0
2019-01-07,7,0,102,12.61,12.61,0.0,-5336.072039,0.0
2019-01-07,7,0,103,10.96,10.96,0.0,-4637.854841,0.0
2019-01-07,7,0,104,2.04,2.04,0.0,-863.250354,0.0
2019-01-07,7,0,106,0.0,0.0,0.0,0.0,0.0
2019-01-07,7,0,109,142.89,142.89,0.0,1539.44547,0.0
2019-01-07,7,0,110,338.6,338.6,0.0,-338600.0,0.0
2019-01-07,7,0,111,0.0,0.0,0.0,0.0,0.0
2019-01-07,7,0,113,51.81,51.81,0.0,-14267.71425,0.0
2019-01-07,7,0,115,51.81,51.81,0.0,-14267.71425,0.0
2019-01-07,7,0,116,0.0,0.0,0.0,-0.0,0.0
2019-01-07,7,0,117,2.12,2.12,0.0,-583.816912,0.0
2019-01-07,7,0,119,200.0,200.0,0.0,19202.068804,0.0
2019-01-07,7,0,120,117.6,117.6,0.0,11290.816457,0.0
2019-01-07,7,0,123,0.0,0.0,0.0,0.0,0.0
2019-01-07,7,0,125,160.77,160.77,0.0,2342.687526,0.0
2019-01-07,7,0,126,0.0,0.0,0.0,0.0,0.0
2019-01-07,7,0,127,0.0,0.0,0.0,0.0,0.0
2019-01-07,7,0,128,230.27,230.27,0.0,3355.418651,0.0
2019-01-07,7,0,131,16.8,16.8,0.0,-6472.012529,0.0
2019-01-07,7,0,132,24.7,24.7,0.0,-9515.399374,0.0
2019-01-07,7,0,133,5.37,5.37,0.0,41.034788,0.0
2019-01-07,7,0,134,0.0,0.0,0.0,0.0,0.0
2019-01-07,7,0,135,7.2,7.2,0.0,55.01871,0.0
2019-01-07,7,0,136,13.22,13.22,0.0,101.766136,0.0
2019-01-07,7,0,139,2.72,2.72,0.0,33.412783,0.0
2019-01-07,7,0,140,250.6,250.6,0.0,-250600.0,0.0
2019-01-07,7,0,141,121.72,121.72,0.0,-68791.178723,0.0
2019-01-07,7,0,142,0.0,0.0,0.0,-0.0,0.0
2019-01-07,7,0,143,86.54,86.54,0.0,1264.833078,0.0
2019-01-07,7,0,145,15.48,15.48,0.0,204.173723,0.0
2019-01-07,7,0,146,268.0,268.0,0.0,-268000.0,0.0
2019-01-07,7,0,152,0.0,0.0,0.0,0.0,0.0
2019-01-07,7,0,153,0.0,0.0,0.0,0.0,0.0
2019-01-07,7,0,154,0.0,0.0,0.0,0.0,0.0
2019-01-07,7,0,157,250.0,250.0,0.0,-141289.801846,0.0
2019-01-07,7,0,158,0.0,0.0,0.0,-0.0,0.0
2019-01-07,7,0,159,0.0,0.0,0.0,0.0,0.0
2019-01-07,7,0,160,0.0,0.0,0.0,0.0,0.0
2019-01-07,7,0,161,0.0,0.0,0.0,-0.0,0.0
2019-01-07,7,0,162,48.75,48.75,0.0,986.424133,0.0
2019-01-07,7,0,163,165.56,165.56,0.0,-165560.0,0.0
2019-01-07,7,0,164,0.0,0.0,0.0,0.0,0.0
2019-01-07,7,0,167,0.0,0.0,0.0,0.0,0.0
2019-01-07,7,0,168,0.0,0.0,0.0,0.0,0.0
2019-01-07,7,0,169,0.0,0.0,0.0,0.0,0.0
2019-01-07,7,0,170,0.0,0.0,0.0,0.0,0.0
2019-01-07,7,0,172,0.0,0.0,0.0,0.0,0.0
2019-01-07,7,0,173,0.0,0.0,0.0,0.0,0.0
2019-01-07,7,0,188,0.0,0.0,0.0,0.0,0.0
2019-01-07,7,0,190,0.0,0.0,0.0,0.0,0.0
2019-01-07,7,0,191,0.0,0.0,0.0,0.0,0.0
2019-01-07,7,0,192,158.95,158.95,0.0,5154.360204,0.0
2019-01-07,7,0,194,176.5,176.5,0.0,-25036.054573,0.0
2019-01-07,7,0,196,0.0,0.0,0.0,0.0,0.0
2019-01-07,7,0,198,0.0,0.0,0.0,0.0,0.0
2019-01-07,7,0,199,39.0,39.0,0.0,-1543.260365,0.0
2019-01-07,7,0,200,0.0,0.0,0.0,-0.0,0.0
2019-01-07,7,0,204,470.19,470.19,0.0,5147.086386,0.0
2019-01-07,7,0,205,755.89,755.89,0.0,8143.687004,0.0
2019-01-07,7,0,206,204.19,204.19,0.0,2993.729216,0.0
2019-01-07,7,0,210,0.0,0.0,0.0,0.0,0.0
2019-01-07,7,0,214,0.0,0.0,0.0,0.0,0.0
2019-01-07,7,0,217,0.0,0.0,0.0,0.0,0.0
2019-01-07,7,0,218,0.0,0.0,0.0,0.0,0.0
2019-01-07,7,0,219,0.0,0.0,0.0,0.0,0.0
2019-01-07,7,0,221,0.0,0.0,0.0,0.0,0.0
2019-01-07,7,0,225,0.0,0.0,0.0,0.0,0.0
2019-01-07,7,0,233,0.0,0.0,0.0,0.0,0.0
2019-01-07,7,0,236,4.73,4.73,0.0,39.334028,0.0
2019-01-07,7,0,237,13.14,13.14,0.0,119.427143,0.0
2019-01-07,7,0,238,0.0,0.0,0.0,0.0,0.0
2019-01-07,7,0,240,0.0,0.0,0.0,0.0,0.0
2019-01-07,7,0,245,3.37,3.37,0.0,25.159107,0.0
2019-01-07,7,0,247,0.0,0.0,0.0,0.0,0.0
2019-01-07,7,0,248,1.32,1.32,0.0,11.997247,0.0
2019-01-07,7,0,249,6.49,6.49,0.0,48.451812,0.0
2019-01-07,7,0,251,33.03,33.03,0.0,256.834271,0.0
2019-01-07,7,0,252,29.07,29.07,0.0,223.699394,0.0
2019-01-07,7,0,254,0.0,0.0,0.0,0.0,0.0
2019-01-07,7,0,255,0.0,0.0,0.0,0.0,0.0
2019-01-07,7,0,258,0.0,0.0,0.0,0.0,0.0
2019-01-07,7,0,260,0.0,0.0,0.0,0.0,0.0
2019-01-07,7,0,265,0.0,0.0,0.0,0.0,0.0
2019-01-07,7,0,266,1.76,1.76,0.0,21.620036,0.0
2019-01-07,7,0,267,2.16,2.16,0.0,26.53368,0.0
2019-01-07,7,0,270,517.05,517.05,0.0,-517050.0,0.0
2019-01-07,7,0,272,184.33,184.33,0.0,-50761.778957,0.0
2019-01-07,7,0,273,0.0,0.0,0.0,-0.0,0.0
2019-01-07,7,0,274,666.54,666.54,0.0,-666540.0,0.0
2019-01-07,7,0,275,927.83,927.83,0.0,-927830.0,0.0
2019-01-07,7,0,276,0.0,0.0,0.0,-0.0,0.0
2019-01-07,7,0,277,0.0,0.0,0.0,-0.0,0.0
2019-01-07,7,0,278,0.0,0.0,0.0,-0.0,0.0
2019-01-07,7,0,279,214.82,214.82,0.0,-61728.257181,0.0
2019-01-07,7,0,281,18.26,18.26,0.0,266.880656,0.0
2019-01-07,7,0,282,0.0,0.0,0.0,0.0,0.0
2019-01-07,8,0,9,0.0,0.0,0.0,0.0,0.0
2019-01-07,8,0,17,0.0,0.0,0.0,0.0,0.0
2019-01-07,8,0,19,113.25,113.25,0.0,878.892542,0.0
2019-01-07,8,0,20,140.94,140.94,0.0,1093.784679,0.0
2019-01-07,8,0,21,0.0,0.0,0.0,0.0,0.0
2019-01-07,8,0,22,0.0,0.0,0.0,0.0,0.0
2019-01-07,8,0,23,103.2,103.2,0.0,1549.694588,0.0
2019-01-07,8,0,24,182.59,182.59,0.0,2741.848205,0.0
2019-01-07,8,0,29,0.0,0.0,0.0,0.0,0.0
2019-01-07,8,0,30,0.0,0.0,0.0,0.0,0.0
2019-01-07,8,0,31,20.73,20.73,0.0,312.24423,0.0
2019-01-07,8,0,32,0.0,0.0,0.0,0.0,0.0
2019-01-07,8,0,33,0.0,0.0,0.0,0.0,0.0
2019-01-07,8,0,34,0.0,0.0,0.0,0.0,0.0
2019-01-07,8,0,35,0.0,0.0,0.0,0.0,0.0
2019-01-07,8,0,36,0.0,0.0,0.0,0.0,0.0
2019-01-07,8,0,37,0.0,0.0,0.0,0.0,0.0
2019-01-07,8,0,38,0.0,0.0,0.0,0.0,0.0
2019-01-07,8,0,39,0.0,0.0,0.0,0.0,0.0
2019-01-07,8,0,40,0.0,0.0,0.0,0.0,0.0
2019-01-07,8,0,41,1.05,1.05,0.0,13.250776,0.0
2019-01-07,8,0,42,0.0,0.0,0.0,0.0,0.0
2019-01-07,8,0,43,0.0,0.0,0.0,0.0,0.0
2019-01-07,8,0,46,0.0,0.0,0.0,0.0,0.0
2019-01-07,8,0,52,21.97,21.97,0.0,330.921647,0.0
2019-01-07,8,0,53,34.91,34.91,0.0,525.829526,0.0
2019-01-07,8,0,55,140.94,140.94,0.0,2116.414295,0.0
2019-01-07,8,0,56,0.0,0.0,0.0,0.0,0.0
2019-01-07,8,0,57,0.0,0.0,0.0,0.0,0.0
2019-01-07,8,0,58,0.0,0.0,0.0,0.0,0.0
2019-01-07,8,0,59,0.0,0.0,0.0,0.0,0.0
2019-01-07,8,0,63,93.72,93.72,0.0,9975.341655,0.0
2019-01-07,8,0,64,110.16,110.16,0.0,11725.177516,0.0
2019-01-07,8,0,65,1.71,1.71,0.0,13.358634,0.0
2019-01-07,8,0,67,0.0,0.0,0.0,-0.0,0.0
2019-01-07,8,0,68,4.95,4.95,0.0,-2068.558682,0.0
2019-01-07,8,0,69,0.0,0.0,0.0,0.0,0.0
2019-01-07,8,0,74,3.95,3.95,0.0,36.624964,0.0
2019-01-07,8,0,77,124.03,124.03,0.0,-37071.004802,0.0
2019-01-07,8,0,78,93.65,93.65,0.0,-27990.805448,0.0
2019-01-07,8,0,79,54.02,54.02,0.0,-16145.897601,0.0
2019-01-07,8,0,80,87.62,87.62,0.0,-26188.514398,0.0
2019-01-07,8,0,81,114.69,114.69,0.0,-34279.396442,0.0
2019-01-07,8,0,82,80.77,80.77,0.0,-24141.135676,0.0
2019-01-07,8,0,83,180.69,180.69,0.0,-54005.965151,0.0
2019-01-07,8,0,84,0.0,0.0,0.0,0.0,0.0
2019-01-07,8,0,86,0.0,0.0,0.0,0.0,0.0
2019-01-07,8,0,87,0.0,0.0,0.0,0.0,0.0
2019-01-07,8,0,88,118.89,118.89,0.0,-35534.723542,0.0
2019-01-07,8,0,89,114.74,114.74,0.0,-34294.340812,0.0
2019-01-07,8,0,90,149.71,149.71,0.0,-44746.433354,0.0
2019-01-07,8,0,91,469.33,469.33,0.0,-140276.825636,0.0
2019-01-07,8,0,92,187.8,187.8,0.0,-56131.054598,0.0
2019-01-07,8,0,95,36.0,36.0,0.0,700.048073,0.0
2019-01-07,8,0,96,12.24,12.24,0.0,184.952766,0.0
2019-01-07,8,0,97,75.28,75.28,0.0,1137.519951,0.0
2019-01-07,8,0,99,0.76,0.76,0.0,7.046829,0.0
2019-01-07,8,0,101,0.0,0.0,0.0,0.0,0.0
2019-01-07,8,0,102,11.72,11.72,0.0,-4897.678335,0.0
2019-01-07,8,0,103,10.19,10.19,0.0,-4258.305651,0.0
2019-01-07,8,0,104,1.89,1.89,0.0,-789.813315,0.0
2019-01-07,8,0,106,0.0,0.0,0.0,0.0,0.0
2019-01-07,8,0,109,127.5,127.5,0.0,1407.254992,0.0
2019-01-07,8,0,110,338.6,338.6,0.0,-338600.0,0.0
2019-01-07,8,0,111,0.0,0.0,0.0,0.0,0.0
2019-01-07,8,0,113,81.0,81.0,0.0,-21767.832508,0.0
2019-01-07,8,0,115,81.0,81.0,0.0,-21767.832508,0.0
2019-01-07,8,0,116,0.0,0.0,0.0,-0.0,0.0
2019-01-07,8,0,117,4.19,4.19,0.0,-1126.01504,0.0
2019-01-07,8,0,119,110.16,110.16,0.0,11725.177516,0.0
2019-01-07,8,0,120,65.0,65.0,0.0,6918.450785,0.0
2019-01-07,8,0,123,0.0,0.0,0.0,0.0,0.0
2019-01-07,8,0,125,165.23,165.23,0.0,2481.163147,0.0
2019-01-07,8,0,126,0.0,0.0,0.0,0.0,0.0
2019-01-07,8,0,127,0.0,0.0,0.0,0.0,0.0
2019-01-07,8,0,128,236.65,236.65,0.0,3553.635893,0.0
2019-01-07,8,0,131,17.27,17.27,0.0,-6556.05458,0.0
2019-01-07,8,0,132,25.38,25.38,0.0,-9634.780848,0.0
2019-01-07,8,0,133,4.11,4.11,0.0,31.876319,0.0
2019-01-07,8,0,134,0.0,0.0,0.0,0.0,0.0
2019-01-07,8,0,135,5.51,5.51,0.0,42.734433,0.0
2019-01-07,8,0,136,6.41,6.41,0.0,50.093443,0.0
2019-01-07,8,0,139,1.36,1.36,0.0,17.16291,0.0
2019-01-07,8,0,140,250.6,250.6,0.0,-250600.0,0.0
2019-01-07,8,0,141,127.3,127.3,0.0,-71438.916686,0.0
2019-01-07,8,0,142,0.0,0.0,0.0,-0.0,0.0
2019-01-07,8,0,143,31.5,31.5,0.0,474.46663,0.0
2019-01-07,8,0,145,15.81,15.81,0.0,214.515825,0.0
2019-01-07,8,0,146,268.0,268.0,0.0,-268000.0,0.0
2019-01-07,8,0,152,0.0,0.0,0.0,0.0,0.0
2019-01-07,8,0,153,0.0,0.0,0.0,0.0,0.0
2019-01-07,8,0,154,0.0,0.0,0.0,0.0,0.0
2019-01-07,8,0,157,250.0,250.0,0.0,-140296.37998,0.0
2019-01-07,8,0,158,0.0,0.0,0.0,-0.0,0.0
2019-01-07,8,0,159,0.0,0.0,0.0,0.0,0.0
2019-01-07,8,0,160,0.0,0.0,0.0,0.0,0.0
2019-01-07,8,0,161,0.0,0.0,0.0,-0.0,0.0
2019-01-07,8,0,162,48.75,48.75,0.0,985.653203,0.0
2019-01-07,8,0,163,154.53,154.53,0.0,-154530.0,0.0
2019-01-07,8,0,164,0.0,0.0,0.0,0.0,0.0
2019-01-07,8,0,167,0.0,0.0,0.0,0.0,0.0
2019-01-07,8,0,168,0.0,0.0,0.0,0.0,0.0
2019-01-07,8,0,169,0.0,0.0,0.0,0.0,0.0
2019-01-07,8,0,170,0.0,0.0,0.0,0.0,0.0
2019-01-07,8,0,172,0.0,0.0,0.0,0.0,0.0
2019-01-07,8,0,173,0.0,0.0,0.0,0.0,0.0
2019-01-07,8,0,188,0.0,0.0,0.0,0.0,0.0
2019-01-07,8,0,190,0.0,0.0,0.0,0.0,0.0
2019-01-07,8,0,191,0.0,0.0,0.0,0.0,0.0
2019-01-07,8,0,192,132.05,132.05,0.0,4282.058917,0.0
2019-01-07,8,0,194,176.5,176.5,0.0,-23641.628096,0.0
2019-01-07,8,0,196,0.0,0.0,0.0,0.0,0.0
2019-01-07,8,0,198,0.0,0.0,0.0,0.0,0.0
2019-01-07,8,0,199,39.0,39.0,0.0,-1461.045043,0.0
2019-01-07,8,0,200,0.0,0.0,0.0,-0.0,0.0
2019-01-07,8,0,204,436.85,436.85,0.0,4900.903775,0.0
2019-01-07,8,0,205,674.51,674.51,0.0,7444.765213,0.0
2019-01-07,8,0,206,221.21,221.21,0.0,3342.598145,0.0
2019-01-07,8,0,210,0.0,0.0,0.0,0.0,0.0
2019-01-07,8,0,214,0.0,0.0,0.0,0.0,0.0
2019-01-07,8,0,217,0.0,0.0,0.0,0.0,0.0
2019-01-07,8,0,218,0.0,0.0,0.0,0.0,0.0
2019-01-07,8,0,219,0.0,0.0,0.0,0.0,0.0
2019-01-07,8,0,221,0.0,0.0,0.0,0.0,0.0
2019-01-07,8,0,225,0.0,0.0,0.0,0.0,0.0
2019-01-07,8,0,233,0.0,0.0,0.0,0.0,0.0
2019-01-07,8,0,236,3.74,3.74,0.0,31.649097,0.0
2019-01-07,8,0,237,9.47,9.47,0.0,87.807192,0.0
2019-01-07,8,0,238,0.0,0.0,0.0,0.0,0.0
2019-01-07,8,0,240,0.0,0.0,0.0,0.0,0.0
2019-01-07,8,0,245,2.68,2.68,0.0,20.291706,0.0
2019-01-07,8,0,247,0.0,0.0,0.0,0.0,0.0
2019-01-07,8,0,248,0.95,0.95,0.0,8.808536,0.0
2019-01-07,8,0,249,5.15,5.15,0.0,38.993391,0.0
2019-01-07,8,0,251,12.14,12.14,0.0,95.863502,0.0
2019-01-07,8,0,252,11.0,11.0,0.0,85.932731,0.0
2019-01-07,8,0,254,0.0,0.0,0.0,0.0,0.0
2019-01-07,8,0,255,0.0,0.0,0.0,0.0,0.0
2019-01-07,8,0,258,0.0,0.0,0.0,0.0,0.0
2019-01-07,8,0,260,0.0,0.0,0.0,0.0,0.0
2019-01-07,8,0,265,0.0,0.0,0.0,0.0,0.0
2019-01-07,8,0,266,0.88,0.88,0.0,11.105412,0.0
2019-01-07,8,0,267,1.08,1.08,0.0,13.629369,0.0
2019-01-07,8,0,270,482.58,482.58,0.0,-482580.0,0.0
2019-01-07,8,0,272,280.41,280.41,0.0,-75357.011277,0.0
2019-01-07,8,0,273,0.0,0.0,0.0,-0.0,0.0
2019-01-07,8,0,274,622.1,622.1,0.0,-622100.0,0.0
2019-01-07,8,0,275,865.98,865.98,0.0,-865980.0,0.0
2019-01-07,8,0,276,0.0,0.0,0.0,-0.0,0.0
2019-01-07,8,0,277,0.0,0.0,0.0,-0.0,0.0
2019-01-07,8,0,278,0.0,0.0,0.0,-0.0,0.0
2019-01-07,8,0,279,188.22,188.22,0.0,-52857.029444,0.0
2019-01-07,8,0,281,9.3,9.3,0.0,140.080624,0.0
2019-01-07,8,0,282,0.0,0.0,0.0,0.0,0.0
2019-01-07,9,0,9,0.11,0.11,0.0,1.476559,0.0
2019-01-07,9,0,17,7.45,7.45,0.0,61.627542,0.0
2019-01-07,9,0,19,65.14,65.14,0.0,538.848067,0.0
2019-01-07,9,0,20,80.88,80.88,0.0,669.05176,0.0
2019-01-07,9,0,21,2.54,2.54,0.0,34.095098,0.0
2019-01-07,9,0,22,9.03,9.03,0.0,121.2121,0.0
2019-01-07,9,0,23,106.75,106.75,0.0,1432.933741,0.0
2019-01-07,9,0,24,188.87,188.87,0.0,2535.252419,0.0
2019-01-07,9,0,29,1.33,1.33,0.0,8.535423,0.0
2019-01-07,9,0,30,17.81,17.81,0.0,239.650158,0.0
2019-01-07,9,0,31,33.61,33.61,0.0,452.253892,0.0
2019-01-07,9,0,32,0.4,0.4,0.0,20.862597,0.0
2019-01-07,9,0,33,0.39,0.39,0.0,2.872535,0.0
2019-01-07,9,0,34,0.63,0.63,0.0,4.640249,0.0
2019-01-07,9,0,35,0.63,0.63,0.0,4.640249,0.0
2019-01-07,9,0,36,1.12,1.12,0.0,10.805092,0.0
2019-01-07,9,0,37,0.54,0.54,0.0,5.21713,0.0
2019-01-07,9,0,38,0.69,0.69,0.0,6.666332,0.0
2019-01-07,9,0,39,0.46,0.46,0.0,4.444222,0.0
2019-01-07,9,0,40,0.46,0.46,0.0,4.444222,0.0
2019-01-07,9,0,41,1.31,1.31,0.0,15.355582,0.0
2019-01-07,9,0,42,8.01,8.01,0.0,67.834203,0.0
2019-01-07,9,0,43,3.54,3.54,0.0,33.266037,0.0
2019-01-07,9,0,46,2.27,2.27,0.0,22.716842,0.0
2019-01-07,9,0,52,35.66,35.66,0.0,479.838553,0.0
2019-01-07,9,0,53,56.96,56.96,0.0,766.449916,0.0
2019-01-07,9,0,55,157.54,157.54,0.0,2114.701467,0.0
2019-01-07,9,0,56,5.25,5.25,0.0,70.643646,0.0
2019-01-07,9,0,57,5.0,5.0,0.0,67.279663,0.0
2019-01-07,9,0,58,9.61,9.61,0.0,129.311511,0.0
2019-01-07,9,0,59,9.45,9.45,0.0,127.158562,0.0
2019-01-07,9,0,63,42.34,42.34,0.0,5024.889213,0.0
2019-01-07,9,0,64,49.81,49.81,0.0,5911.424934,0.0
2019-01-07,9,0,65,0.0,0.0,0.0,0.0,0.0
2019-01-07,9,0,67,7.43,7.43,0.0,-4131.146611,0.0
2019-01-07,9,0,68,8.61,8.61,0.0,-3538.913919,0.0
2019-01-07,9,0,69,0.39,0.39,0.0,2.872535,0.0
2019-01-07,9,0,74,2.76,2.76,0.0,25.792801,0.0
2019-01-07,9,0,77,46.1,46.1,0.0,-13393.29418,0.0
2019-01-07,9,0,78,34.86,34.86,0.0,-10127.770827,0.0
2019-01-07,9,0,79,20.17,20.17,0.0,-5859.929362,0.0
2019-01-07,9,0,80,32.62,32.62,0.0,-9476.990372,0.0
2019-01-07,9,0,81,42.65,42.65,0.0,-12390.976069,0.0
2019-01-07,9,0,82,30.08,30.08,0.0,-8739.051821,0.0
2019-01-07,9,0,83,67.08,67.08,0.0,-19488.550403,0.0
2019-01-07,9,0,84,0.0,0.0,0.0,0.0,0.0
2019-01-07,9,0,86,1.99,1.99,0.0,14.657294,0.0
2019-01-07,9,0,87,10.16,10.16,0.0,74.833221,0.0
2019-01-07,9,0,88,137.54,137.54,0.0,-39959.082029,0.0
2019-01-07,9,0,89,131.37,131.37,0.0,-38166.530508,0.0
2019-01-07,9,0,90,184.4,184.4,0.0,-53573.17672,0.0
2019-01-07,9,0,91,692.92,692.92,0.0,-201311.961024,0.0
2019-01-07,9,0,92,243.8,243.8,0.0,-70830.47985,0.0
2019-01-07,9,0,95,36.0,36.0,0.0,700.048073,0.0
2019-01-07,9,0,96,13.31,13.31,0.0,179.552849,0.0
2019-01-07,9,0,97,81.83,81.83,0.0,1103.892534,0.0
2019-01-07,9,0,99,0.53,0.53,0.0,4.952965,0.0
2019-01-07,9,0,101,0.36,0.36,0.0,4.844136,0.0
2019-01-07,9,0,102,20.37,20.37,0.0,-8372.552442,0.0
2019-01-07,9,0,103,17.71,17.71,0.0,-7279.229443,0.0
2019-01-07,9,0,104,3.3,3.3,0.0,-1356.378157,0.0
2019-01-07,9,0,106,8.89,8.89,0.0,119.332843,0.0
2019-01-07,9,0,109,106.61,106.61,0.0,1129.890729,0.0
2019-01-07,9,0,110,240.44,240.44,0.0,-240440.0,0.0
2019-01-07,9,0,111,1.08,1.08,0.0,12.659564,0.0
2019-01-07,9,0,113,39.89,39.89,0.0,-10384.041628,0.0
2019-01-07,9,0,115,39.89,39.89,0.0,-10384.041628,0.0
2019-01-07,9,0,116,5.75,5.75,0.0,-5750.0,0.0
2019-01-07,9,0,117,2.71,2.71,0.0,-705.458832,0.0
2019-01-07,9,0,119,49.81,49.81,0.0,5911.424934,0.0
2019-01-07,9,0,120,29.29,29.29,0.0,3476.12199,0.0
2019-01-07,9,0,123,0.15,0.15,0.0,2.01349,0.0
2019-01-07,9,0,125,170.91,170.91,0.0,2294.170545,0.0
2019-01-07,9,0,126,6.67,6.67,0.0,89.53319,0.0
2019-01-07,9,0,127,8.56,8.56,0.0,114.903165,0.0
2019-01-07,9,0,128,244.79,244.79,0.0,3285.881504,0.0
2019-01-07,9,0,131,17.65,17.65,0.0,-6571.140555,0.0
2019-01-07,9,0,132,25.95,25.95,0.0,-9661.251977,0.0
2019-01-07,9,0,133,3.07,3.07,0.0,25.384951,0.0
2019-01-07,9,0,134,0.0,0.0,0.0,0.0,0.0
2019-01-07,9,0,135,4.11,4.11,0.0,33.984413,0.0
2019-01-07,9,0,136,2.6,2.6,0.0,21.607733,0.0
2019-01-07,9,0,139,1.69,1.69,0.0,19.809874,0.0
2019-01-07,9,0,140,177.95,177.95,0.0,-177950.0,0.0
2019-01-07,9,0,141,133.9,133.9,0.0,-74449.600425,0.0
2019-01-07,9,0,142,9.8,9.8,0.0,-5448.887858,0.0
2019-01-07,9,0,143,52.64,52.64,0.0,708.320287,0.0
2019-01-07,9,0,145,16.3,16.3,0.0,202.04248,0.0
2019-01-07,9,0,146,268.0,268.0,0.0,-268000.0,0.0
2019-01-07,9,0,152,0.81,0.81,0.0,7.535202,0.0
2019-01-07,9,0,153,1.03,1.03,0.0,9.62963,0.0
2019-01-07,9,0,154,4.47,4.47,0.0,52.39653,0.0
2019-01-07,9,0,157,250.0,250.0,0.0,-139002.241272,0.0
2019-01-07,9,0,158,0.0,0.0,0.0,-0.0,0.0
2019-01-07,9,0,159,0.0,0.0,0.0,0.0,0.0
2019-01-07,9,0,160,0.28,0.28,0.0,2.403573,0.0
2019-01-07,9,0,161,2.44,2.44,0.0,-1002.897789,0.0
2019-01-07,9,0,162,48.09,48.09,0.0,972.223812,0.0
2019-01-07,9,0,163,145.03,145.03,0.0,-145030.0,0.0
2019-01-07,9,0,164,0.48,0.48,0.0,6.458848,0.0
2019-01-07,9,0,167,0.32,0.32,0.0,5.128134,0.0
2019-01-07,9,0,168,0.16,0.16,0.0,2.564067,0.0
2019-01-07,9,0,169,0.0,0.0,0.0,0.0,0.0
2019-01-07,9,0,170,0.35,0.35,0.0,5.608897,0.0
2019-01-07,9,0,172,0.58,0.58,0.0,12.836057,0.0
2019-01-07,9,0,173,0.89,0.89,0.0,19.696708,0.0
2019-01-07,9,0,188,0.93,0.93,0.0,28.64713,0.0
2019-01-07,9,0,190,0.53,0.53,0.0,17.186605,0.0
2019-01-07,9,0,191,1.36,1.36,0.0,44.101478,0.0
2019-01-07,9,0,192,108.95,108.95,0.0,3532.982348,0.0
2019-01-07,9,0,194,118.95,118.95,0.0,-14774.736607,0.0
2019-01-07,9,0,196,0.39,0.39,0.0,106.068426,0.0
2019-01-07,9,0,198,1.3,1.3,0.0,9.362884,0.0
2019-01-07,9,0,199,39.0,39.0,0.0,-1283.37317,0.0
2019-01-07,9,0,200,1.43,1.43,0.0,-47.057016,0.0
2019-01-07,9,0,204,230.68,230.68,0.0,2474.542604,0.0
2019-01-07,9,0,205,600.45,600.45,0.0,6363.782838,0.0
2019-01-07,9,0,206,240.45,240.45,0.0,3243.687642,0.0
2019-01-07,9,0,210,0.34,0.34,0.0,2.119306,0.0
2019-01-07,9,0,214,2.17,2.17,0.0,14.81955,0.0
2019-01-07,9,0,217,1.53,1.53,0.0,10.037074,0.0
2019-01-07,9,0,218,2.11,2.11,0.0,13.841978,0.0
2019-01-07,9,0,219,1.44,1.44,0.0,9.446658,0.0
2019-01-07,9,0,221,1.16,1.16,0.0,7.921971,0.0
2019-01-07,9,0,225,1.23,1.23,0.0,7.915561,0.0
2019-01-07,9,0,233,1.13,1.13,0.0,8.322986,0.0
2019-01-07,9,0,236,0.0,0.0,0.0,0.0,0.0
2019-01-07,9,0,237,6.62,6.62,0.0,61.865342,0.0
2019-01-07,9,0,238,10.42,10.42,0.0,88.243744,0.0
2019-01-07,9,0,240,1.26,1.26,0.0,12.155729,0.0
2019-01-07,9,0,245,2.09,2.09,0.0,17.008209,0.0
2019-01-07,9,0,247,0.0,0.0,0.0,0.0,0.0
2019-01-07,9,0,248,0.66,0.66,0.0,6.167844,0.0
2019-01-07,9,0,249,4.03,4.03,0.0,32.795734,0.0
2019-01-07,9,0,251,0.0,0.0,0.0,0.0,0.0
2019-01-07,9,0,252,0.0,0.0,0.0,0.0,0.0
2019-01-07,9,0,254,1.74,1.74,0.0,15.996127,0.0
2019-01-07,9,0,255,0.8,0.8,0.0,7.354541,0.0
2019-01-07,9,0,258,1.56,1.56,0.0,14.986907,0.0
2019-01-07,9,0,260,0.68,0.68,0.0,5.83725,0.0
2019-01-07,9,0,265,4.62,4.62,0.0,54.154802,0.0
2019-01-07,9,0,266,1.09,1.09,0.0,12.776782,0.0
2019-01-07,9,0,267,1.35,1.35,0.0,15.824455,0.0
2019-01-07,9,0,270,452.92,452.92,0.0,-452920.0,0.0
2019-01-07,9,0,272,133.12,133.12,0.0,-34653.387354,0.0
2019-01-07,9,0,273,1.38,1.38,0.0,-1380.0,0.0
2019-01-07,9,0,274,583.86,583.86,0.0,-583860.0,0.0
2019-01-07,9,0,275,812.75,812.75,0.0,-812750.0,0.0
2019-01-07,9,0,276,0.34,0.34,0.0,-306.294499,0.0
2019-01-07,9,0,277,0.47,0.47,0.0,-128.041451,0.0
2019-01-07,9,0,278,0.76,0.76,0.0,-207.045751,0.0
2019-01-07,9,0,279,164.07,164.07,0.0,-44697.363586,0.0
2019-01-07,9,0,281,14.97,14.97,0.0,201.43531,0.0
2019-01-07,9,0,282,9.77,9.77,0.0,131.464461,0.0
2019-01-07,10,0,9,1.06,1.06,0.0,13.15135,0.0
2019-01-07,10,0,17,22.78,22.78,0.0,282.877982,0.0
2019-01-07,10,0,19,34.24,34.24,0.0,425.18622,0.0
2019-01-07,10,0,20,42.42,42.42,0.0,526.764003,0.0
2019-01-07,10,0,21,24.27,24.27,0.0,301.116288,0.0
2019-01-07,10,0,22,86.26,86.26,0.0,1070.222126,0.0
2019-01-07,10,0,23,108.8,108.8,0.0,1349.874418,0.0
2019-01-07,10,0,24,192.5,192.5,0.0,2388.334793,0.0
2019-01-07,10,0,29,3.58,3.58,0.0,44.469836,0.0
2019-01-07,10,0,30,195.68,195.68,0.0,2427.775333,0.0
2019-01-07,10,0,31,86.42,86.42,0.0,1072.201269,0.0
2019-01-07,10,0,32,2.01,2.01,0.0,25.01792,0.0
2019-01-07,10,0,33,1.22,1.22,0.0,15.152081,0.0
2019-01-07,10,0,34,1.95,1.95,0.0,24.21849,0.0
2019-01-07,10,0,35,1.95,1.95,0.0,24.21849,0.0
2019-01-07,10,0,36,4.1,4.1,0.0,50.901151,0.0
2019-01-07,10,0,37,1.93,1.93,0.0,23.960729,0.0
2019-01-07,10,0,38,2.48,2.48,0.0,30.788916,0.0
2019-01-07,10,0,39,1.65,1.65,0.0,20.484561,0.0
2019-01-07,10,0,40,1.65,1.65,0.0,20.484561,0.0
2019-01-07,10,0,41,1.62,1.62,0.0,20.105059,0.0
2019-01-07,10,0,42,26.64,26.64,0.0,330.799707,0.0
2019-01-07,10,0,43,12.64,12.64,0.0,156.931211,0.0
2019-01-07,10,0,46,10.53,10.53,0.0,130.721042,0.0
2019-01-07,10,0,52,91.67,91.67,0.0,1137.33731,0.0
2019-01-07,10,0,53,146.16,146.16,0.0,1813.38738,0.0
2019-01-07,10,0,55,175.03,175.03,0.0,2171.585656,0.0
2019-01-07,10,0,56,57.72,57.72,0.0,716.124245,0.0
2019-01-07,10,0,57,54.9,54.9,0.0,681.136886,0.0
2019-01-07,10,0,58,105.58,105.58,0.0,1309.916801,0.0
2019-01-07,10,0,59,103.82,103.82,0.0,1288.080719,0.0
2019-01-07,10,0,63,35.78,35.78,0.0,445.753059,0.0
2019-01-07,10,0,64,42.09,42.09,0.0,524.364065,0.0
2019-01-07,10,0,65,0.0,0.0,0.0,0.0,0.0
2019-01-07,10,0,67,109.28,109.28,0.0,1350.685394,0.0
2019-01-07,10,0,68,14.25,14.25,0.0,176.438972,0.0
2019-01-07,10,0,69,1.22,1.22,0.0,15.152081,0.0
2019-01-07,10,0,74,3.08,3.08,0.0,38.239905,0.0
2019-01-07,10,0,77,41.81,41.81,0.0,518.456401,0.0
2019-01-07,10,0,78,31.61,31.61,0.0,391.973376,0.0
2019-01-07,10,0,79,18.29,18.29,0.0,226.801425,0.0
2019-01-07,10,0,80,29.58,29.58,0.0,366.800773,0.0
2019-01-07,10,0,81,38.67,38.67,0.0,479.51947,0.0
2019-01-07,10,0,82,27.28,27.28,0.0,338.280091,0.0
2019-01-07,10,0,83,60.83,60.83,0.0,754.310042,0.0
2019-01-07,10,0,84,0.0,0.0,0.0,0.0,0.0
2019-01-07,10,0,86,6.19,6.19,0.0,76.87818,0.0
2019-01-07,10,0,87,31.6,31.6,0.0,392.46373,0.0
2019-01-07,10,0,88,83.11,83.11,0.0,1030.588651,0.0
2019-01-07,10,0,89,79.51,79.51,0.0,985.947583,0.0
2019-01-07,10,0,90,110.41,110.41,0.0,1369.116748,0.0
2019-01-07,10,0,91,409.02,409.02,0.0,5071.969316,0.0
2019-01-07,10,0,92,144.92,144.92,0.0,1797.050983,0.0
2019-01-07,10,0,95,88.65,88.65,0.0,1103.443054,0.0
2019-01-07,10,0,96,14.6,14.6,0.0,181.139175,0.0
2019-01-07,10,0,97,89.8,89.8,0.0,1114.129992,0.0
2019-01-07,10,0,99,0.63,0.63,0.0,7.821799,0.0
2019-01-07,10,0,101,3.94,3.94,0.0,48.883048,0.0
2019-01-07,10,0,102,33.73,33.73,0.0,417.634142,0.0
2019-01-07,10,0,103,29.33,29.33,0.0,363.15474,0.0
2019-01-07,10,0,104,5.45,5.45,0.0,67.480168,0.0
2019-01-07,10,0,106,84.92,84.92,0.0,1053.596834,0.0
2019-01-07,10,0,109,88.0,88.0,0.0,1092.335638,0.0
2019-01-07,10,0,110,119.58,119.58,0.0,1470.00046,0.0
2019-01-07,10,0,111,6.42,6.42,0.0,79.675605,0.0
2019-01-07,10,0,113,58.11,58.11,0.0,720.754404,0.0
2019-01-07,10,0,115,58.11,58.11,0.0,720.754404,0.0
2019-01-07,10,0,116,43.76,43.76,0.0,537.942968,0.0
2019-01-07,10,0,117,3.87,3.87,0.0,48.000681,0.0
2019-01-07,10,0,119,42.09,42.09,0.0,524.364065,0.0
2019-01-07,10,0,120,24.75,24.75,0.0,308.339525,0.0
2019-01-07,10,0,123,1.42,1.42,0.0,17.617846,0.0
2019-01-07,10,0,125,174.2,174.2,0.0,2161.287901,0.0
2019-01-07,10,0,126,63.69,63.69,0.0,790.197626,0.0
2019-01-07,10,0,127,81.73,81.73,0.0,1014.018715,0.0
2019-01-07,10,0,128,249.5,249.5,0.0,3095.530031,0.0
2019-01-07,10,0,131,24.41,24.41,0.0,302.379132,0.0
2019-01-07,10,0,132,39.39,39.39,0.0,487.94404,0.0
2019-01-07,10,0,133,2.22,2.22,0.0,27.567581,0.0
2019-01-07,10,0,134,0.0,0.0,0.0,0.0,0.0
2019-01-07,10,0,135,2.98,2.98,0.0,37.005131,0.0
2019-01-07,10,0,136,0.0,0.0,0.0,0.0,0.0
2019-01-07,10,0,139,2.09,2.09,0.0,25.938008,0.0
2019-01-07,10,0,140,88.5,88.5,0.0,1087.933105,0.0
2019-01-07,10,0,141,142.53,142.53,0.0,1761.650707,0.0
2019-01-07,10,0,142,144.11,144.11,0.0,1781.179284,0.0
2019-01-07,10,0,143,83.52,83.52,0.0,1036.22136,0.0
2019-01-07,10,0,145,31.71,31.71,0.0,393.49278,0.0
2019-01-07,10,0,146,268.0,268.0,0.0,3294.53189,0.0
2019-01-07,10,0,152,3.0,3.0,0.0,37.246931,0.0
2019-01-07,10,0,153,3.77,3.77,0.0,46.806606,0.0
2019-01-07,10,0,154,26.46,26.46,0.0,328.382632,0.0
2019-01-07,10,0,157,250.0,250.0,0.0,3089.964756,0.0
2019-01-07,10,0,158,92.62,92.62,0.0,1144.770143,0.0
2019-01-07,10,0,159,0.0,0.0,0.0,0.0,0.0
2019-01-07,10,0,160,0.97,0.97,0.0,12.044647,0.0
2019-01-07,10,0,161,21.78,21.78,0.0,269.673039,0.0
2019-01-07,10,0,162,89.74,89.74,0.0,1117.021422,0.0
2019-01-07,10,0,163,76.39,76.39,0.0,939.064519,0.0
2019-01-07,10,0,164,7.06,7.06,0.0,87.592467,0.0
2019-01-07,10,0,167,2.34,2.34,0.0,29.12566,0.0
2019-01-07,10,0,168,1.17,1.17,0.0,14.56283,0.0
2019-01-07,10,0,169,0.0,0.0,0.0,0.0,0.0
2019-01-07,10,0,170,2.56,2.56,0.0,31.86397,0.0
2019-01-07,10,0,172,2.94,2.94,0.0,36.584339,0.0
2019-01-07,10,0,173,4.48,4.48,0.0,55.747565,0.0
2019-01-07,10,0,188,4.1,4.1,0.0,51.023417,0.0
2019-01-07,10,0,190,3.47,3.47,0.0,43.229824,0.0
2019-01-07,10,0,191,8.97,8.97,0.0,111.749719,0.0
2019-01-07,10,0,192,88.47,88.47,0.0,1102.173648,0.0
2019-01-07,10,0,194,40.37,40.37,0.0,501.488303,0.0
2019-01-07,10,0,196,2.44,2.44,0.0,30.453745,0.0
2019-01-07,10,0,198,4.38,4.38,0.0,54.399965,0.0
2019-01-07,10,0,199,39.0,39.0,0.0,484.630919,0.0
2019-01-07,10,0,200,6.51,6.51,0.0,80.896084,0.0
2019-01-07,10,0,204,117.33,117.33,0.0,1456.374196,0.0
2019-01-07,10,0,205,519.73,519.73,0.0,6451.359102,0.0
2019-01-07,10,0,206,263.87,263.87,0.0,3273.780413,0.0
2019-01-07,10,0,210,0.92,0.92,0.0,11.428361,0.0
2019-01-07,10,0,214,6.34,6.34,0.0,78.748326,0.0
2019-01-07,10,0,217,4.35,4.35,0.0,54.033266,0.0
2019-01-07,10,0,218,6.0,6.0,0.0,74.528643,0.0
2019-01-07,10,0,219,4.09,4.09,0.0,50.803691,0.0
2019-01-07,10,0,221,3.38,3.38,0.0,41.982546,0.0
2019-01-07,10,0,225,3.37,3.37,0.0,41.861143,0.0
2019-01-07,10,0,233,3.5,3.5,0.0,43.469084,0.0
2019-01-07,10,0,236,0.0,0.0,0.0,0.0,0.0
2019-01-07,10,0,237,7.19,7.19,0.0,89.267831,0.0
2019-01-07,10,0,238,34.67,34.67,0.0,430.511481,0.0
2019-01-07,10,0,240,4.64,4.64,0.0,57.605206,0.0
2019-01-07,10,0,245,1.6,1.6,0.0,19.868969,0.0
2019-01-07,10,0,247,0.0,0.0,0.0,0.0,0.0
2019-01-07,10,0,248,0.78,0.78,0.0,9.684132,0.0
2019-01-07,10,0,249,3.09,3.09,0.0,38.371946,0.0
2019-01-07,10,0,251,0.0,0.0,0.0,0.0,0.0
2019-01-07,10,0,252,0.0,0.0,0.0,0.0,0.0
2019-01-07,10,0,254,7.13,7.13,0.0,88.525189,0.0
2019-01-07,10,0,255,3.27,3.27,0.0,40.599912,0.0
2019-01-07,10,0,258,5.79,5.79,0.0,71.882852,0.0
2019-01-07,10,0,260,2.35,2.35,0.0,29.180331,0.0
2019-01-07,10,0,265,27.4,27.4,0.0,340.048531,0.0
2019-01-07,10,0,266,1.35,1.35,0.0,16.754216,0.0
2019-01-07,10,0,267,1.66,1.66,0.0,20.60148,0.0
2019-01-07,10,0,270,238.45,238.45,0.0,2931.27287,0.0
2019-01-07,10,0,272,194.21,194.21,0.0,2408.840352,0.0
2019-01-07,10,0,273,10.46,10.46,0.0,128.585088,0.0
2019-01-07,10,0,274,307.38,307.38,0.0,3778.631389,0.0
2019-01-07,10,0,275,427.84,427.84,0.0,5259.449716,0.0
2019-01-07,10,0,276,2.39,2.39,0.0,29.416003,0.0
2019-01-07,10,0,277,2.92,2.92,0.0,36.214079,0.0
2019-01-07,10,0,278,4.68,4.68,0.0,58.041743,0.0
2019-01-07,10,0,279,142.3,142.3,0.0,1764.816251,0.0
2019-01-07,10,0,281,38.52,38.52,0.0,477.912438,0.0
2019-01-07,10,0,282,107.34,107.34,0.0,1331.752883,0.0
2019-01-07,11,0,9,1.82,1.82,0.0,-31.368368,0.0
2019-01-07,11,0,17,34.46,34.46,0.0,330.93552,0.0
2019-01-07,11,0,19,23.86,23.86,0.0,229.138755,0.0
2019-01-07,11,0,20,28.93,28.93,0.0,277.82834,0.0
2019-01-07,11,0,21,41.58,41.58,0.0,-716.646551,0.0
2019-01-07,11,0,22,147.76,147.76,0.0,-2546.697796,0.0
2019-01-07,11,0,23,61.07,61.07,0.0,-1052.563849,0.0
2019-01-07,11,0,24,108.0,108.0,0.0,-1861.419612,0.0
2019-01-07,11,0,29,5.27,5.27,0.0,27.510497,0.0
2019-01-07,11,0,30,338.91,338.91,0.0,-5895.606165,0.0
2019-01-07,11,0,31,119.91,119.91,0.0,-2085.928816,0.0
2019-01-07,11,0,32,3.13,3.13,0.0,164.180599,0.0
2019-01-07,11,0,33,1.84,1.84,0.0,27.301375,0.0
2019-01-07,11,0,34,2.95,2.95,0.0,43.771226,0.0
2019-01-07,11,0,35,2.95,2.95,0.0,43.771226,0.0
2019-01-07,11,0,36,6.33,6.33,0.0,6.672098,0.0
2019-01-07,11,0,37,2.97,2.97,0.0,2.598867,0.0
2019-01-07,11,0,38,3.82,3.82,0.0,3.342651,0.0
2019-01-07,11,0,39,2.55,2.55,0.0,2.231351,0.0
2019-01-07,11,0,40,2.55,2.55,0.0,2.231351,0.0
2019-01-07,11,0,41,0.97,0.97,0.0,-8.497044,0.0
2019-01-07,11,0,42,40.87,40.87,0.0,346.122703,0.0
2019-01-07,11,0,43,19.49,19.49,0.0,35.588134,0.0
2019-01-07,11,0,46,16.42,16.42,0.0,-14.98873,0.0
2019-01-07,11,0,52,127.48,127.48,0.0,-2217.614924,0.0
2019-01-07,11,0,53,207.62,207.62,0.0,-3611.713292,0.0
2019-01-07,11,0,55,460.54,460.54,0.0,-7937.575818,0.0
2019-01-07,11,0,56,99.97,99.97,0.0,-1739.056824,0.0
2019-01-07,11,0,57,95.09,95.09,0.0,-1654.165384,0.0
2019-01-07,11,0,58,182.86,182.86,0.0,-3180.993607,0.0
2019-01-07,11,0,59,179.82,179.82,0.0,-3128.110414,0.0
2019-01-07,11,0,63,32.81,32.81,0.0,3974.709052,0.0
2019-01-07,11,0,64,38.6,38.6,0.0,4676.128296,0.0
2019-01-07,11,0,65,0.88,0.88,0.0,8.265579,0.0
2019-01-07,11,0,67,190.97,190.97,0.0,-105007.806962,0.0
2019-01-07,11,0,68,16.49,16.49,0.0,-6643.392551,0.0
2019-01-07,11,0,69,1.84,1.84,0.0,27.301375,0.0
2019-01-07,11,0,74,0.0,0.0,0.0,0.0,0.0
2019-01-07,11,0,77,43.23,43.23,0.0,-12081.190252,0.0
2019-01-07,11,0,78,32.68,32.68,0.0,-9132.85444,0.0
2019-01-07,11,0,79,18.91,18.91,0.0,-5284.647413,0.0
2019-01-07,11,0,80,30.59,30.59,0.0,-8548.77654,0.0
2019-01-07,11,0,81,39.99,39.99,0.0,-11175.729775,0.0
2019-01-07,11,0,82,28.21,28.21,0.0,-7883.654337,0.0
2019-01-07,11,0,83,62.9,62.9,0.0,-17578.229629,0.0
2019-01-07,11,0,84,0.0,0.0,0.0,0.0,0.0
2019-01-07,11,0,86,9.33,9.33,0.0,138.435775,0.0
2019-01-07,11,0,87,47.64,47.64,0.0,706.868201,0.0
2019-01-07,11,0,88,38.7,38.7,0.0,-10815.222363,0.0
2019-01-07,11,0,89,37.2,37.2,0.0,-10396.027698,0.0
2019-01-07,11,0,90,49.95,49.95,0.0,-13959.182352,0.0
2019-01-07,11,0,91,178.18,178.18,0.0,-49794.736967,0.0
2019-01-07,11,0,92,64.08,64.08,0.0,-17907.996099,0.0
2019-01-07,11,0,95,96.29,96.29,0.0,1872.434137,0.0
2019-01-07,11,0,96,17.84,17.84,0.0,-313.331803,0.0
2019-01-07,11,0,97,131.11,131.11,0.0,-2302.742863,0.0
2019-01-07,11,0,99,0.0,0.0,0.0,0.0,0.0
2019-01-07,11,0,101,6.83,6.83,0.0,-118.813225,0.0
2019-01-07,11,0,102,39.04,39.04,0.0,-15728.201648,0.0
2019-01-07,11,0,103,33.95,33.95,0.0,-13677.572898,0.0
2019-01-07,11,0,104,6.3,6.3,0.0,-2538.106311,0.0
2019-01-07,11,0,106,145.45,145.45,0.0,-2506.884098,0.0
2019-01-07,11,0,109,32.33,32.33,0.0,-111.746482,0.0
2019-01-07,11,0,110,130.44,130.44,0.0,-130440.0,0.0
2019-01-07,11,0,111,10.3,10.3,0.0,-90.226342,0.0
2019-01-07,11,0,113,36.5,36.5,0.0,-9231.948518,0.0
2019-01-07,11,0,115,36.5,36.5,0.0,-9231.948518,0.0
2019-01-07,11,0,116,73.29,73.29,0.0,-73290.0,0.0
2019-01-07,11,0,117,2.45,2.45,0.0,-619.678736,0.0
2019-01-07,11,0,119,38.6,38.6,0.0,4676.128296,0.0
2019-01-07,11,0,120,22.7,22.7,0.0,2749.951097,0.0
2019-01-07,11,0,123,2.42,2.42,0.0,-41.709588,0.0
2019-01-07,11,0,125,97.74,97.74,0.0,-1684.584749,0.0
2019-01-07,11,0,126,109.09,109.09,0.0,-1880.206162,0.0
2019-01-07,11,0,127,140.0,140.0,0.0,-2412.95135,0.0
2019-01-07,11,0,128,139.96,139.96,0.0,-2412.261935,0.0
2019-01-07,11,0,131,19.74,19.74,0.0,-7177.80216,0.0
2019-01-07,11,0,132,29.02,29.02,0.0,-10552.169133,0.0
2019-01-07,11,0,133,3.58,3.58,0.0,34.451506,0.0
2019-01-07,11,0,134,0.0,0.0,0.0,0.0,0.0
2019-01-07,11,0,135,4.8,4.8,0.0,46.191963,0.0
2019-01-07,11,0,136,3.25,3.25,0.0,30.48868,0.0
2019-01-07,11,0,139,1.26,1.26,0.0,-11.037397,0.0
2019-01-07,11,0,140,96.54,96.54,0.0,-96540.0,0.0
2019-01-07,11,0,141,173.18,173.18,0.0,-95225.700422,0.0
2019-01-07,11,0,142,251.84,251.84,0.0,-138478.117533,0.0
2019-01-07,11,0,143,130.84,130.84,0.0,-2276.064768,0.0
2019-01-07,11,0,145,51.22,51.22,0.0,-625.881532,0.0
2019-01-07,11,0,146,268.0,268.0,0.0,-268000.0,0.0
2019-01-07,11,0,152,4.64,4.64,0.0,16.698375,0.0
2019-01-07,11,0,153,5.82,5.82,0.0,19.363708,0.0
2019-01-07,11,0,154,42.5,42.5,0.0,-372.293158,0.0
2019-01-07,11,0,157,250.0,250.0,0.0,-137466.365086,0.0
2019-01-07,11,0,158,177.03,177.03,0.0,-97342.682445,0.0
2019-01-07,11,0,159,0.0,0.0,0.0,0.0,0.0
2019-01-07,11,0,160,1.49,1.49,0.0,7.452201,0.0
2019-01-07,11,0,161,37.01,37.01,0.0,-14910.367392,0.0
2019-01-07,11,0,162,101.26,101.26,0.0,2051.044234,0.0
2019-01-07,11,0,163,120.61,120.61,0.0,-120610.0,0.0
2019-01-07,11,0,164,12.53,12.53,0.0,-217.969211,0.0
2019-01-07,11,0,167,3.62,3.62,0.0,57.810881,0.0
2019-01-07,11,0,168,1.81,1.81,0.0,28.90544,0.0
2019-01-07,11,0,169,0.0,0.0,0.0,0.0,0.0
2019-01-07,11,0,170,3.96,3.96,0.0,63.240632,0.0
2019-01-07,11,0,172,4.53,4.53,0.0,82.984718,0.0
2019-01-07,11,0,173,6.9,6.9,0.0,126.400565,0.0
2019-01-07,11,0,188,6.37,6.37,0.0,192.751272,0.0
2019-01-07,11,0,190,5.73,5.73,0.0,185.809902,0.0
2019-01-07,11,0,191,14.81,14.81,0.0,480.252121,0.0
2019-01-07,11,0,192,108.39,108.39,0.0,3514.822916,0.0
2019-01-07,11,0,194,35.88,35.88,0.0,-4261.118024,0.0
2019-01-07,11,0,196,4.01,4.01,0.0,1109.169426,0.0
2019-01-07,11,0,198,6.65,6.65,0.0,63.969431,0.0
2019-01-07,11,0,199,46.77,46.77,0.0,-844.800811,0.0
2019-01-07,11,0,200,10.02,10.02,0.0,-180.990039,0.0
2019-01-07,11,0,204,85.63,85.63,0.0,-354.777254,0.0
2019-01-07,11,0,205,211.41,211.41,0.0,-730.724518,0.0
2019-01-07,11,0,206,501.15,501.15,0.0,-8801.918891,0.0
2019-01-07,11,0,210,1.35,1.35,0.0,8.977251,0.0
2019-01-07,11,0,214,9.41,9.41,0.0,168.781149,0.0
2019-01-07,11,0,217,6.48,6.48,0.0,84.541142,0.0
2019-01-07,11,0,218,8.94,8.94,0.0,116.635464,0.0
2019-01-07,11,0,219,6.09,6.09,0.0,79.453018,0.0
2019-01-07,11,0,221,5.02,5.02,0.0,90.040528,0.0
2019-01-07,11,0,225,5.0,5.0,0.0,25.410733,0.0
2019-01-07,11,0,233,5.28,5.28,0.0,78.343075,0.0
2019-01-07,11,0,236,0.0,0.0,0.0,0.0,0.0
2019-01-07,11,0,237,0.0,0.0,0.0,0.0,0.0
2019-01-07,11,0,238,53.2,53.2,0.0,450.543866,0.0
2019-01-07,11,0,240,7.18,7.18,0.0,7.568035,0.0
2019-01-07,11,0,245,4.12,4.12,0.0,42.759479,0.0
2019-01-07,11,0,247,3.68,3.68,0.0,38.192932,0.0
2019-01-07,11,0,248,0.0,0.0,0.0,0.0,0.0
2019-01-07,11,0,249,7.93,7.93,0.0,82.301618,0.0
2019-01-07,11,0,251,0.0,0.0,0.0,0.0,0.0
2019-01-07,11,0,252,5.7,5.7,0.0,53.538407,0.0
2019-01-07,11,0,254,10.87,10.87,0.0,28.510014,0.0
2019-01-07,11,0,255,4.98,4.98,0.0,13.061626,0.0
2019-01-07,11,0,258,8.95,8.95,0.0,10.549509,0.0
2019-01-07,11,0,260,3.61,3.61,0.0,18.055333,0.0
2019-01-07,11,0,265,44.01,44.01,0.0,-385.520515,0.0
2019-01-07,11,0,266,0.81,0.81,0.0,-7.09547,0.0
2019-01-07,11,0,267,1.0,1.0,0.0,-8.759839,0.0
2019-01-07,11,0,270,408.02,408.02,0.0,-408020.0,0.0
2019-01-07,11,0,272,121.88,121.88,0.0,-30827.120147,0.0
2019-01-07,11,0,273,17.53,17.53,0.0,-17530.0,0.0
2019-01-07,11,0,274,532.84,532.84,0.0,-532840.0,0.0
2019-01-07,11,0,275,751.8,751.8,0.0,-751800.0,0.0
2019-01-07,11,0,276,3.98,3.98,0.0,-3579.987946,0.0
2019-01-07,11,0,277,4.83,4.83,0.0,-1273.031555,0.0
2019-01-07,11,0,278,7.73,7.73,0.0,-2037.377624,0.0
2019-01-07,11,0,279,144.7,144.7,0.0,-38138.233136,0.0
2019-01-07,11,0,281,52.29,52.29,0.0,-909.625701,0.0
2019-01-07,11,0,282,185.91,185.91,0.0,-3234.050757,0.0
2019-01-07,12,0,9,2.59,2.59,0.0,-991.738169,0.0
2019-01-07,12,0,17,44.94,44.94,0.0,382.992237,0.0
2019-01-07,12,0,19,29.53,29.53,0.0,251.663568,0.0
2019-01-07,12,0,20,35.82,35.82,0.0,305.268845,0.0
2019-01-07,12,0,21,59.23,59.23,0.0,-22679.788331,0.0
2019-01-07,12,0,22,210.51,210.51,0.0,-80606.48728,0.0
2019-01-07,12,0,23,46.17,46.17,0.0,-17678.97733,0.0
2019-01-07,12,0,24,77.3,77.3,0.0,-29598.980888,0.0
2019-01-07,12,0,29,6.77,6.77,0.0,31.973971,0.0
2019-01-07,12,0,30,488.58,488.58,0.0,-488580.0,0.0
2019-01-07,12,0,31,125.0,125.0,0.0,-125000.0,0.0
2019-01-07,12,0,32,4.2,4.2,0.0,223.034833,0.0
2019-01-07,12,0,33,2.4,2.4,0.0,23.984046,0.0
2019-01-07,12,0,34,3.84,3.84,0.0,38.374473,0.0
2019-01-07,12,0,35,3.84,3.84,0.0,38.374473,0.0
2019-01-07,12,0,36,8.62,8.62,0.0,59.174613,0.0
2019-01-07,12,0,37,4.1,4.1,0.0,28.555562,0.0
2019-01-07,12,0,38,5.28,5.28,0.0,36.773993,0.0
2019-01-07,12,0,39,3.52,3.52,0.0,24.515995,0.0
2019-01-07,12,0,40,3.52,3.52,0.0,24.515995,0.0
2019-01-07,12,0,41,1.36,1.36,0.0,-3.477888,0.0
2019-01-07,12,0,42,57.16,57.16,0.0,468.908025,0.0
2019-01-07,12,0,43,26.08,26.08,0.0,191.02337,0.0
2019-01-07,12,0,46,21.93,21.93,0.0,153.382877,0.0
2019-01-07,12,0,52,132.5,132.5,0.0,-132500.0,0.0
2019-01-07,12,0,53,210.5,210.5,0.0,-210500.0,0.0
2019-01-07,12,0,55,623.0,623.0,0.0,-238553.235358,0.0
2019-01-07,12,0,56,144.11,144.11,0.0,-144110.0,0.0
2019-01-07,12,0,57,137.08,137.08,0.0,-137080.0,0.0
2019-01-07,12,0,58,263.62,263.62,0.0,-263620.0,0.0
2019-01-07,12,0,59,259.23,259.23,0.0,-259230.0,0.0
2019-01-07,12,0,63,32.21,32.21,0.0,3835.478978,0.0
2019-01-07,12,0,64,37.89,37.89,0.0,4511.837891,0.0
2019-01-07,12,0,65,4.69,4.69,0.0,39.691786,0.0
2019-01-07,12,0,67,270.89,270.89,0.0,-150408.714303,0.0
2019-01-07,12,0,68,19.1,19.1,0.0,-7831.045697,0.0
2019-01-07,12,0,69,2.4,2.4,0.0,23.984046,0.0
2019-01-07,12,0,74,0.0,0.0,0.0,0.0,0.0
2019-01-07,12,0,77,44.81,44.81,0.0,-12941.11417,0.0
2019-01-07,12,0,78,33.88,33.88,0.0,-9784.533543,0.0
2019-01-07,12,0,79,19.61,19.61,0.0,-5663.361948,0.0
2019-01-07,12,0,80,31.71,31.71,0.0,-9157.838213,0.0
2019-01-07,12,0,81,41.45,41.45,0.0,-11970.747207,0.0
2019-01-07,12,0,82,29.24,29.24,0.0,-8444.502975,0.0
2019-01-07,12,0,83,65.2,65.2,0.0,-18829.739877,0.0
2019-01-07,12,0,84,0.0,0.0,0.0,0.0,0.0
2019-01-07,12,0,86,12.17,12.17,0.0,121.6191,0.0
2019-01-07,12,0,87,62.15,62.15,0.0,621.086856,0.0
2019-01-07,12,0,88,37.02,37.02,0.0,-10691.364574,0.0
2019-01-07,12,0,89,35.59,35.59,0.0,-10278.381016,0.0
2019-01-07,12,0,90,47.79,47.79,0.0,-13801.73725,0.0
2019-01-07,12,0,91,170.47,170.47,0.0,-49231.683387,0.0
2019-01-07,12,0,92,61.31,61.31,0.0,-17706.309077,0.0
2019-01-07,12,0,95,104.91,104.91,0.0,2040.056759,0.0
2019-01-07,12,0,96,19.88,19.88,0.0,1052.430833,0.0
2019-01-07,12,0,97,122.25,122.25,0.0,6471.814351,0.0
2019-01-07,12,0,99,0.0,0.0,0.0,0.0,0.0
2019-01-07,12,0,101,9.84,9.84,0.0,-9840.0,0.0
2019-01-07,12,0,102,45.23,45.23,0.0,-18544.408213,0.0
2019-01-07,12,0,103,39.33,39.33,0.0,-16125.394097,0.0
2019-01-07,12,0,104,7.3,7.3,0.0,-2993.017465,0.0
2019-01-07,12,0,106,207.23,207.23,0.0,-79350.540872,0.0
2019-01-07,12,0,109,27.49,27.49,0.0,180.720214,0.0
2019-01-07,12,0,110,153.78,153.78,0.0,-153780.0,0.0
2019-01-07,12,0,111,14.02,14.02,0.0,-35.85293,0.0
2019-01-07,12,0,113,22.28,22.28,0.0,-5796.58071,0.0
2019-01-07,12,0,115,22.28,22.28,0.0,-5796.58071,0.0
2019-01-07,12,0,116,102.08,102.08,0.0,-102080.0,0.0
2019-01-07,12,0,117,1.49,1.49,0.0,-387.652839,0.0
2019-01-07,12,0,119,37.89,37.89,0.0,4511.837891,0.0
2019-01-07,12,0,120,22.28,22.28,0.0,2653.041652,0.0
2019-01-07,12,0,123,3.45,3.45,0.0,-1321.041191,0.0
2019-01-07,12,0,125,70.73,70.73,0.0,-27083.258968,0.0
2019-01-07,12,0,126,155.42,155.42,0.0,-59511.948378,0.0
2019-01-07,12,0,127,199.46,199.46,0.0,-76375.326364,0.0
2019-01-07,12,0,128,96.96,96.96,0.0,-37127.001124,0.0
2019-01-07,12,0,131,21.5,21.5,0.0,-7981.104155,0.0
2019-01-07,12,0,132,31.61,31.61,0.0,-11734.079178,0.0
2019-01-07,12,0,133,5.4,5.4,0.0,46.050565,0.0
2019-01-07,12,0,134,0.0,0.0,0.0,0.0,0.0
2019-01-07,12,0,135,7.23,7.23,0.0,61.65659,0.0
2019-01-07,12,0,136,9.36,9.36,0.0,79.183873,0.0
2019-01-07,12,0,139,1.75,1.75,0.0,-4.475223,0.0
2019-01-07,12,0,140,113.81,113.81,0.0,-113810.0,0.0
2019-01-07,12,0,141,208.58,208.58,0.0,-115811.767247,0.0
2019-01-07,12,0,142,357.24,357.24,0.0,-198353.608837,0.0
2019-01-07,12,0,143,195.62,195.62,0.0,-195620.0,0.0
2019-01-07,12,0,145,32.79,32.79,0.0,204.821248,0.0
2019-01-07,12,0,146,268.0,268.0,0.0,-268000.0,0.0
2019-01-07,12,0,152,6.48,6.48,0.0,45.654883,0.0
2019-01-07,12,0,153,8.14,8.14,0.0,56.840974,0.0
2019-01-07,12,0,154,57.81,57.81,0.0,-147.835797,0.0
2019-01-07,12,0,157,250.0,250.0,0.0,-138809.769928,0.0
2019-01-07,12,0,158,250.8,250.8,0.0,-139253.961192,0.0
2019-01-07,12,0,159,0.0,0.0,0.0,0.0,0.0
2019-01-07,12,0,160,2.0,2.0,0.0,16.40349,0.0
2019-01-07,12,0,161,52.2,52.2,0.0,-21402.124889,0.0
2019-01-07,12,0,162,70.91,70.91,0.0,1433.027635,0.0
2019-01-07,12,0,163,144.22,144.22,0.0,-144220.0,0.0
2019-01-07,12,0,164,18.09,18.09,0.0,-18090.0,0.0
2019-01-07,12,0,167,4.83,4.83,0.0,77.257751,0.0
2019-01-07,12,0,168,2.41,2.41,0.0,38.548898,0.0
2019-01-07,12,0,169,0.0,0.0,0.0,0.0,0.0
2019-01-07,12,0,170,5.28,5.28,0.0,84.455678,0.0
2019-01-07,12,0,172,5.99,5.99,0.0,141.956233,0.0
2019-01-07,12,0,173,9.12,9.12,0.0,216.133697,0.0
2019-01-07,12,0,188,8.67,8.67,0.0,274.612842,0.0
2019-01-07,12,0,190,7.91,7.91,0.0,256.501977,0.0
2019-01-07,12,0,191,20.44,20.44,0.0,662.819267,0.0
2019-01-07,12,0,192,131.64,131.64,0.0,4268.763619,0.0
2019-01-07,12,0,194,34.23,34.23,0.0,-4290.71367,0.0
2019-01-07,12,0,196,5.5,5.5,0.0,1497.941355,0.0
2019-01-07,12,0,198,8.77,8.77,0.0,84.086088,0.0
2019-01-07,12,0,199,62.8,62.8,0.0,-3904.090131,0.0
2019-01-07,12,0,200,13.57,13.57,0.0,-843.606737,0.0
2019-01-07,12,0,204,104.6,104.6,0.0,690.842508,0.0
2019-01-07,12,0,205,145.41,145.41,0.0,955.930384,0.0
2019-01-07,12,0,206,359.21,359.21,0.0,19016.281661,0.0
2019-01-07,12,0,210,1.73,1.73,0.0,7.371776,0.0
2019-01-07,12,0,214,12.34,12.34,0.0,133.911362,0.0
2019-01-07,12,0,217,8.36,8.36,0.0,71.359226,0.0
2019-01-07,12,0,218,11.54,11.54,0.0,98.503046,0.0
2019-01-07,12,0,219,7.86,7.86,0.0,67.091329,0.0
2019-01-07,12,0,221,6.58,6.58,0.0,71.404924,0.0
2019-01-07,12,0,225,6.31,6.31,0.0,30.08282,0.0
2019-01-07,12,0,233,6.89,6.89,0.0,68.854199,0.0
2019-01-07,12,0,236,0.0,0.0,0.0,0.0,0.0
2019-01-07,12,0,237,0.0,0.0,0.0,0.0,0.0
2019-01-07,12,0,238,74.4,74.4,0.0,610.335148,0.0
2019-01-07,12,0,240,9.77,9.77,0.0,67.069138,0.0
2019-01-07,12,0,245,9.28,9.28,0.0,81.108348,0.0
2019-01-07,12,0,247,11.15,11.15,0.0,97.452379,0.0
2019-01-07,12,0,248,0.0,0.0,0.0,0.0,0.0
2019-01-07,12,0,249,17.85,17.85,0.0,156.011208,0.0
2019-01-07,12,0,251,31.54,31.54,0.0,263.857785,0.0
2019-01-07,12,0,252,30.22,30.22,0.0,255.753894,0.0
2019-01-07,12,0,254,14.84,14.84,0.0,111.96251,0.0
2019-01-07,12,0,255,6.8,6.8,0.0,51.303576,0.0
2019-01-07,12,0,258,12.11,12.11,0.0,84.031913,0.0
2019-01-07,12,0,260,4.86,4.86,0.0,39.86048,0.0
2019-01-07,12,0,265,59.86,59.86,0.0,-153.078202,0.0
2019-01-07,12,0,266,1.13,1.13,0.0,-2.889715,0.0
2019-01-07,12,0,267,1.39,1.39,0.0,-3.554606,0.0
2019-01-07,12,0,270,450.4,450.4,0.0,-450400.0,0.0
2019-01-07,12,0,272,74.46,74.46,0.0,-19372.235174,0.0
2019-01-07,12,0,273,24.41,24.41,0.0,-24410.0,0.0
2019-01-07,12,0,274,580.62,580.62,0.0,-580620.0,0.0
2019-01-07,12,0,275,808.23,808.23,0.0,-808230.0,0.0
2019-01-07,12,0,276,5.52,5.52,0.0,-4971.832396,0.0
2019-01-07,12,0,277,6.69,6.69,0.0,-1817.324585,0.0
2019-01-07,12,0,278,10.7,10.7,0.0,-2906.632744,0.0
2019-01-07,12,0,279,147.97,147.97,0.0,-40195.742725,0.0
2019-01-07,12,0,281,56.1,56.1,0.0,-56100.0,0.0
2019-01-07,12,0,282,268.01,268.01,0.0,-268010.0,0.0
2019-01-07,13,0,9,3.13,3.13,0.0,-1225.647933,0.0
2019-01-07,13,0,17,49.19,49.19,0.0,288.644328,0.0
2019-01-07,13,0,19,36.26,36.26,0.0,212.771769,0.0
2019-01-07,13,0,20,43.97,43.97,0.0,258.013643,0.0
2019-01-07,13,0,21,71.67,71.67,0.0,-28064.596609,0.0
2019-01-07,13,0,22,254.7,254.7,0.0,-99735.632153,0.0
2019-01-07,13,0,23,90.35,90.35,0.0,-35379.326129,0.0
2019-01-07,13,0,24,157.79,157.79,0.0,-61787.535914,0.0
2019-01-07,13,0,29,8.07,8.07,0.0,38.299114,0.0
2019-01-07,13,0,30,600.97,600.97,0.0,-600970.0,0.0
2019-01-07,13,0,31,125.0,125.0,0.0,-125000.0,0.0
2019-01-07,13,0,32,5.13,5.13,0.0,189.799048,0.0
2019-01-07,13,0,33,2.48,2.48,0.0,23.383711,0.0
2019-01-07,13,0,34,3.97,3.97,0.0,37.432795,0.0
2019-01-07,13,0,35,3.97,3.97,0.0,37.432795,0.0
2019-01-07,13,0,36,10.9,10.9,0.0,10.264581,0.0
2019-01-07,13,0,37,5.2,5.2,0.0,5.164415,0.0
2019-01-07,13,0,38,6.68,6.68,0.0,6.634287,0.0
2019-01-07,13,0,39,4.46,4.46,0.0,4.429479,0.0
2019-01-07,13,0,40,4.46,4.46,0.0,4.429479,0.0
2019-01-07,13,0,41,3.04,3.04,0.0,-39.079368,0.0
2019-01-07,13,0,42,66.8,66.8,0.0,340.416422,0.0
2019-01-07,13,0,43,32.98,32.98,0.0,61.920253,0.0
2019-01-07,13,0,46,29.05,29.05,0.0,7.19598,0.0
2019-01-07,13,0,52,132.5,132.5,0.0,-132500.0,0.0
2019-01-07,13,0,53,210.5,210.5,0.0,-210500.0,0.0
2019-01-07,13,0,55,623.0,623.0,0.0,-243954.844252,0.0
2019-01-07,13,0,56,177.27,177.27,0.0,-177270.0,0.0
2019-01-07,13,0,57,168.62,168.62,0.0,-168620.0,0.0
2019-01-07,13,0,58,324.27,324.27,0.0,-324270.0,0.0
2019-01-07,13,0,59,318.86,318.86,0.0,-318860.0,0.0
2019-01-07,13,0,63,33.92,33.92,0.0,3613.389908,0.0
2019-01-07,13,0,64,39.9,39.9,0.0,4250.420322,0.0
2019-01-07,13,0,65,14.81,14.81,0.0,84.780717,0.0
2019-01-07,13,0,67,330.6,330.6,0.0,-184805.671272,0.0
2019-01-07,13,0,68,21.93,21.93,0.0,-9100.78618,0.0
2019-01-07,13,0,69,2.48,2.48,0.0,23.383711,0.0
2019-01-07,13,0,74,0.0,0.0,0.0,0.0,0.0
2019-01-07,13,0,77,46.61,46.61,0.0,-13719.802197,0.0
2019-01-07,13,0,78,35.24,35.24,0.0,-10373.006424,0.0
2019-01-07,13,0,79,20.39,20.39,0.0,-6001.861549,0.0
2019-01-07,13,0,80,32.98,32.98,0.0,-9707.768214,0.0
2019-01-07,13,0,81,43.11,43.11,0.0,-12689.566031,0.0
2019-01-07,13,0,82,30.41,30.41,0.0,-8951.280515,0.0
2019-01-07,13,0,83,67.82,67.82,0.0,-19963.033362,0.0
2019-01-07,13,0,84,0.0,0.0,0.0,0.0,0.0
2019-01-07,13,0,86,12.58,12.58,0.0,118.615758,0.0
2019-01-07,13,0,87,64.23,64.23,0.0,605.619246,0.0
2019-01-07,13,0,88,35.85,35.85,0.0,-10552.56187,0.0
2019-01-07,13,0,89,34.46,34.46,0.0,-10143.410936,0.0
2019-01-07,13,0,90,46.27,46.27,0.0,-13619.722112,0.0
2019-01-07,13,0,91,165.06,165.06,0.0,-48585.937581,0.0
2019-01-07,13,0,92,59.36,59.36,0.0,-17472.805373,0.0
2019-01-07,13,0,95,77.6,77.6,0.0,1508.992513,0.0
2019-01-07,13,0,96,24.4,24.4,0.0,925.91401,0.0
2019-01-07,13,0,97,150.07,150.07,0.0,5694.750635,0.0
2019-01-07,13,0,99,0.0,0.0,0.0,0.0,0.0
2019-01-07,13,0,101,12.11,12.11,0.0,-12110.0,0.0
2019-01-07,13,0,102,51.93,51.93,0.0,-21550.562077,0.0
2019-01-07,13,0,103,45.16,45.16,0.0,-18741.062649,0.0
2019-01-07,13,0,104,8.39,8.39,0.0,-3481.787326,0.0
2019-01-07,13,0,106,250.73,250.73,0.0,-98181.056339,0.0
2019-01-07,13,0,109,45.66,45.66,0.0,-64.531278,0.0
2019-01-07,13,0,110,193.49,193.49,0.0,-193490.0,0.0
2019-01-07,13,0,111,17.96,17.96,0.0,-230.876791,0.0
2019-01-07,13,0,113,25.69,25.69,0.0,-6871.608727,0.0
2019-01-07,13,0,115,25.69,25.69,0.0,-6871.608727,0.0
2019-01-07,13,0,116,119.62,119.62,0.0,-119620.0,0.0
2019-01-07,13,0,117,1.71,1.71,0.0,-457.393964,0.0
2019-01-07,13,0,119,39.9,39.9,0.0,4250.420322,0.0
2019-01-07,13,0,120,23.46,23.46,0.0,2499.119317,0.0
2019-01-07,13,0,123,4.18,4.18,0.0,-1636.807783,0.0
2019-01-07,13,0,125,143.27,143.27,0.0,-56101.782562,0.0
2019-01-07,13,0,126,188.05,188.05,0.0,-73636.771206,0.0
2019-01-07,13,0,127,241.32,241.32,0.0,-94496.280923,0.0
2019-01-07,13,0,128,202.25,202.25,0.0,-79197.2187,0.0
2019-01-07,13,0,131,23.44,23.44,0.0,-8825.918307,0.0
2019-01-07,13,0,132,34.46,34.46,0.0,-12975.304815,0.0
2019-01-07,13,0,133,7.75,7.75,0.0,45.581289,0.0
2019-01-07,13,0,134,0.0,0.0,0.0,0.0,0.0
2019-01-07,13,0,135,10.39,10.39,0.0,61.108335,0.0
2019-01-07,13,0,136,21.06,21.06,0.0,120.393432,0.0
2019-01-07,13,0,139,3.92,3.92,0.0,-50.391816,0.0
2019-01-07,13,0,140,143.2,143.2,0.0,-143200.0,0.0
2019-01-07,13,0,141,230.0,230.0,0.0,-128570.188725,0.0
2019-01-07,13,0,142,435.98,435.98,0.0,-243713.17774,0.0
2019-01-07,13,0,143,238.5,238.5,0.0,-238500.0,0.0
2019-01-07,13,0,145,79.26,79.26,0.0,-450.21363,0.0
2019-01-07,13,0,146,268.0,268.0,0.0,-268000.0,0.0
2019-01-07,13,0,152,8.12,8.12,0.0,16.278173,0.0
2019-01-07,13,0,153,10.18,10.18,0.0,18.67378,0.0
2019-01-07,13,0,154,74.09,74.09,0.0,-952.431037,0.0
2019-01-07,13,0,157,250.0,250.0,0.0,-139750.205136,0.0
2019-01-07,13,0,158,310.46,310.46,0.0,-173547.394746,0.0
2019-01-07,13,0,159,0.0,0.0,0.0,0.0,0.0
2019-01-07,13,0,160,2.56,2.56,0.0,11.28833,0.0
2019-01-07,13,0,161,63.08,63.08,0.0,-26177.728785,0.0
2019-01-07,13,0,162,60.72,60.72,0.0,1227.548591,0.0
2019-01-07,13,0,163,84.49,84.49,0.0,-84490.0,0.0
2019-01-07,13,0,164,22.1,22.1,0.0,-22100.0,0.0
2019-01-07,13,0,167,5.9,5.9,0.0,97.865513,0.0
2019-01-07,13,0,168,2.95,2.95,0.0,48.932757,0.0
2019-01-07,13,0,169,0.0,0.0,0.0,0.0,0.0
2019-01-07,13,0,170,6.45,6.45,0.0,106.988569,0.0
2019-01-07,13,0,172,7.74,7.74,0.0,98.023503,0.0
2019-01-07,13,0,173,11.8,11.8,0.0,149.441517,0.0
2019-01-07,13,0,188,10.62,10.62,0.0,206.204736,0.0
2019-01-07,13,0,190,9.22,9.22,0.0,298.982077,0.0
2019-01-07,13,0,191,23.81,23.81,0.0,772.100135,0.0
2019-01-07,13,0,192,157.73,157.73,0.0,5114.798584,0.0
2019-01-07,13,0,194,35.51,35.51,0.0,-4801.551488,0.0
2019-01-07,13,0,196,6.36,6.36,0.0,1642.080818,0.0
2019-01-07,13,0,198,11.09,11.09,0.0,94.200459,0.0
2019-01-07,13,0,199,30.61,30.61,0.0,-2395.92529,0.0
2019-01-07,13,0,200,19.4,19.4,0.0,-1518.489076,0.0
2019-01-07,13,0,204,183.57,183.57,0.0,-307.401297,0.0
2019-01-07,13,0,205,241.52,241.52,0.0,-341.340218,0.0
2019-01-07,13,0,206,440.96,440.96,0.0,16733.239422,0.0
2019-01-07,13,0,210,2.4,2.4,0.0,10.431314,0.0
2019-01-07,13,0,214,14.41,14.41,0.0,166.060116,0.0
2019-01-07,13,0,217,9.68,9.68,0.0,89.128106,0.0
2019-01-07,13,0,218,13.36,13.36,0.0,123.011518,0.0
2019-01-07,13,0,219,9.1,9.1,0.0,83.787785,0.0
2019-01-07,13,0,221,7.69,7.69,0.0,88.619174,0.0
2019-01-07,13,0,225,7.28,7.28,0.0,34.830739,0.0
2019-01-07,13,0,233,7.12,7.12,0.0,67.133879,0.0
2019-01-07,13,0,236,15.19,15.19,0.0,60.117777,0.0
2019-01-07,13,0,237,0.0,0.0,0.0,0.0,0.0
2019-01-07,13,0,238,86.94,86.94,0.0,443.050954,0.0
2019-01-07,13,0,240,12.36,12.36,0.0,11.63947,0.0
2019-01-07,13,0,245,18.14,18.14,0.0,116.009445,0.0
2019-01-07,13,0,247,28.58,28.58,0.0,182.775631,0.0
2019-01-07,13,0,248,0.0,0.0,0.0,0.0,0.0
2019-01-07,13,0,249,34.89,34.89,0.0,223.129522,0.0
2019-01-07,13,0,251,115.15,115.15,0.0,632.074354,0.0
2019-01-07,13,0,252,95.51,95.51,0.0,546.752622,0.0
2019-01-07,13,0,254,18.31,18.31,0.0,46.010767,0.0
2019-01-07,13,0,255,8.39,8.39,0.0,21.083033,0.0
2019-01-07,13,0,258,15.22,15.22,0.0,16.633097,0.0
2019-01-07,13,0,260,6.22,6.22,0.0,27.427115,0.0
2019-01-07,13,0,265,76.71,76.71,0.0,-986.111281,0.0
2019-01-07,13,0,266,2.54,2.54,0.0,-32.65184,0.0
2019-01-07,13,0,267,3.12,3.12,0.0,-40.107772,0.0
2019-01-07,13,0,270,262.89,262.89,0.0,-262890.0,0.0
2019-01-07,13,0,272,85.87,85.87,0.0,-22968.666463,0.0
2019-01-07,13,0,273,28.6,28.6,0.0,-28600.0,0.0
2019-01-07,13,0,274,338.74,338.74,0.0,-338740.0,0.0
2019-01-07,13,0,275,471.32,471.32,0.0,-471320.0,0.0
2019-01-07,13,0,276,6.61,6.61,0.0,-5959.141008,0.0
2019-01-07,13,0,277,8.21,8.21,0.0,-2284.473583,0.0
2019-01-07,13,0,278,13.14,13.14,0.0,-3656.270752,0.0
2019-01-07,13,0,279,219.84,219.84,0.0,-61171.580072,0.0
2019-01-07,13,0,281,56.1,56.1,0.0,-56100.0,0.0
2019-01-07,13,0,282,329.67,329.67,0.0,-329670.0,0.0
2019-01-07,14,0,9,3.27,3.27,0.0,-1254.31812,0.0
2019-01-07,14,0,17,49.49,49.49,0.0,433.950945,0.0
2019-01-07,14,0,19,58.73,58.73,0.0,514.97149,0.0
2019-01-07,14,0,20,71.23,71.23,0.0,624.577204,0.0
2019-01-07,14,0,21,74.79,74.79,0.0,-28688.211674,0.0
2019-01-07,14,0,22,265.81,265.81,0.0,-101960.336208,0.0
2019-01-07,14,0,23,42.61,42.61,0.0,-16344.493909,0.0
2019-01-07,14,0,24,73.27,73.27,0.0,-28105.164719,0.0
2019-01-07,14,0,29,8.14,8.14,0.0,39.579714,0.0
2019-01-07,14,0,30,629.52,629.52,0.0,-629520.0,0.0
2019-01-07,14,0,31,125.0,125.0,0.0,-125000.0,0.0
2019-01-07,14,0,32,5.22,5.22,0.0,219.217588,0.0
2019-01-07,14,0,33,2.58,2.58,0.0,27.108204,0.0
2019-01-07,14,0,34,4.13,4.13,0.0,43.394141,0.0
2019-01-07,14,0,35,4.13,4.13,0.0,43.394141,0.0
2019-01-07,14,0,36,11.34,11.34,0.0,75.604033,0.0
2019-01-07,14,0,37,5.35,5.35,0.0,36.148277,0.0
2019-01-07,14,0,38,6.87,6.87,0.0,46.418441,0.0
2019-01-07,14,0,39,4.58,4.58,0.0,30.945628,0.0
2019-01-07,14,0,40,4.58,4.58,0.0,30.945628,0.0
2019-01-07,14,0,41,3.26,3.26,0.0,-10.522249,0.0
2019-01-07,14,0,42,69.62,69.62,0.0,584.222489,0.0
2019-01-07,14,0,43,34.33,34.33,0.0,245.774863,0.0
2019-01-07,14,0,46,29.77,29.77,0.0,199.347305,0.0
2019-01-07,14,0,52,132.5,132.5,0.0,-132500.0,0.0
2019-01-07,14,0,53,210.5,210.5,0.0,-210500.0,0.0
2019-01-07,14,0,55,623.0,623.0,0.0,-238972.534735,0.0
2019-01-07,14,0,56,185.68,185.68,0.0,-185680.0,0.0
2019-01-07,14,0,57,176.63,176.63,0.0,-176630.0,0.0
2019-01-07,14,0,58,339.67,339.67,0.0,-339670.0,0.0
2019-01-07,14,0,59,334.01,334.01,0.0,-334010.0,0.0
2019-01-07,14,0,63,32.95,32.95,0.0,3629.952615,0.0
2019-01-07,14,0,64,38.76,38.76,0.0,4270.014062,0.0
2019-01-07,14,0,65,12.41,12.41,0.0,107.947759,0.0
2019-01-07,14,0,67,342.77,342.77,0.0,-191533.754968,0.0
2019-01-07,14,0,68,13.48,13.48,0.0,-5590.188924,0.0
2019-01-07,14,0,69,2.58,2.58,0.0,27.108204,0.0
2019-01-07,14,0,74,0.0,0.0,0.0,0.0,0.0
2019-01-07,14,0,77,49.37,49.37,0.0,-14535.120928,0.0
2019-01-07,14,0,78,37.32,37.32,0.0,-10987.456209,0.0
2019-01-07,14,0,79,21.6,21.6,0.0,-6359.299413,0.0
2019-01-07,14,0,80,34.93,34.93,0.0,-10283.811505,0.0
2019-01-07,14,0,81,45.67,45.67,0.0,-13445.796491,0.0
2019-01-07,14,0,82,32.21,32.21,0.0,-9483.010838,0.0
2019-01-07,14,0,83,71.83,71.83,0.0,-21147.61467,0.0
2019-01-07,14,0,84,0.0,0.0,0.0,0.0,0.0
2019-01-07,14,0,86,13.09,13.09,0.0,137.537363,0.0
2019-01-07,14,0,87,66.82,66.82,0.0,702.081481,0.0
2019-01-07,14,0,88,37.91,37.91,0.0,-11161.159295,0.0
2019-01-07,14,0,89,36.44,36.44,0.0,-10728.37364,0.0
2019-01-07,14,0,90,48.93,48.93,0.0,-14405.579644,0.0
2019-01-07,14,0,91,174.56,174.56,0.0,-51392.560445,0.0
2019-01-07,14,0,92,62.78,62.78,0.0,-18483.18598,0.0
2019-01-07,14,0,95,66.16,66.16,0.0,1286.532792,0.0
2019-01-07,14,0,96,24.44,24.44,0.0,1265.23093,0.0
2019-01-07,14,0,97,163.89,163.89,0.0,8484.398407,0.0
2019-01-07,14,0,99,0.0,0.0,0.0,0.0,0.0
2019-01-07,14,0,101,12.68,12.68,0.0,-12680.0,0.0
2019-01-07,14,0,102,31.83,31.83,0.0,-13199.978743,0.0
2019-01-07,14,0,103,27.68,27.68,0.0,-11478.963607,0.0
2019-01-07,14,0,104,5.18,5.18,0.0,-2148.158652,0.0
2019-01-07,14,0,106,261.66,261.66,0.0,-100368.464589,0.0
2019-01-07,14,0,109,29.78,29.78,0.0,183.278946,0.0
2019-01-07,14,0,110,255.51,255.51,0.0,-255510.0,0.0
2019-01-07,14,0,111,19.31,19.31,0.0,-62.326573,0.0
2019-01-07,14,0,113,27.9,27.9,0.0,-7426.561353,0.0
2019-01-07,14,0,115,27.9,27.9,0.0,-7426.561353,0.0
2019-01-07,14,0,116,121.76,121.76,0.0,-121760.0,0.0
2019-01-07,14,0,117,1.86,1.86,0.0,-495.10409,0.0
2019-01-07,14,0,119,38.76,38.76,0.0,4270.014062,0.0
2019-01-07,14,0,120,22.79,22.79,0.0,2510.671323,0.0
2019-01-07,14,0,123,4.36,4.36,0.0,-1672.42416,0.0
2019-01-07,14,0,125,66.79,66.79,0.0,-25619.543491,0.0
2019-01-07,14,0,126,196.25,196.25,0.0,-75278.266359,0.0
2019-01-07,14,0,127,251.85,251.85,0.0,-96605.510229,0.0
2019-01-07,14,0,128,92.7,92.7,0.0,-35558.192568,0.0
2019-01-07,14,0,131,24.48,24.48,0.0,-9209.943748,0.0
2019-01-07,14,0,132,35.98,35.98,0.0,-13536.51046,0.0
2019-01-07,14,0,133,11.47,11.47,0.0,100.649857,0.0
2019-01-07,14,0,134,0.0,0.0,0.0,0.0,0.0
2019-01-07,14,0,135,15.37,15.37,0.0,134.872564,0.0
2019-01-07,14,0,136,20.42,20.42,0.0,177.54386,0.0
2019-01-07,14,0,139,4.22,4.22,0.0,-13.620825,0.0
2019-01-07,14,0,140,189.11,189.11,0.0,-189110.0,0.0
2019-01-07,14,0,141,230.0,230.0,0.0,-128519.892764,0.0
2019-01-07,14,0,142,452.02,452.02,0.0,-252580.704031,0.0
2019-01-07,14,0,143,238.5,238.5,0.0,-238500.0,0.0
2019-01-07,14,0,145,35.42,35.42,0.0,191.009451,0.0
2019-01-07,14,0,146,268.0,268.0,0.0,-268000.0,0.0
2019-01-07,14,0,152,8.64,8.64,0.0,60.3413,0.0
2019-01-07,14,0,153,10.73,10.73,0.0,74.116638,0.0
2019-01-07,14,0,154,79.67,79.67,0.0,-257.149565,0.0
2019-01-07,14,0,157,250.0,250.0,0.0,-139695.535613,0.0
2019-01-07,14,0,158,330.97,330.97,0.0,-184940.125688,0.0
2019-01-07,14,0,159,0.0,0.0,0.0,0.0,0.0
2019-01-07,14,0,160,2.64,2.64,0.0,21.604559,0.0
2019-01-07,14,0,161,64.52,64.52,0.0,-26756.601587,0.0
2019-01-07,14,0,162,55.59,55.59,0.0,1123.475913,0.0
2019-01-07,14,0,163,105.39,105.39,0.0,-105390.0,0.0
2019-01-07,14,0,164,23.72,23.72,0.0,-23720.0,0.0
2019-01-07,14,0,167,5.86,5.86,0.0,96.157544,0.0
2019-01-07,14,0,168,2.93,2.93,0.0,48.078772,0.0
2019-01-07,14,0,169,0.0,0.0,0.0,0.0,0.0
2019-01-07,14,0,170,6.41,6.41,0.0,105.18257,0.0
2019-01-07,14,0,172,7.8,7.8,0.0,128.674323,0.0
2019-01-07,14,0,173,11.89,11.89,0.0,196.145859,0.0
2019-01-07,14,0,188,10.6,10.6,0.0,247.012639,0.0
2019-01-07,14,0,190,9.3,9.3,0.0,301.576281,0.0
2019-01-07,14,0,191,24.03,24.03,0.0,779.234198,0.0
2019-01-07,14,0,192,153.56,153.56,0.0,4979.575671,0.0
2019-01-07,14,0,194,34.28,34.28,0.0,-4545.597059,0.0
2019-01-07,14,0,196,6.41,6.41,0.0,1679.716746,0.0
2019-01-07,14,0,198,11.34,11.34,0.0,110.814705,0.0
2019-01-07,14,0,199,49.38,49.38,0.0,-3464.33181,0.0
2019-01-07,14,0,200,19.76,19.76,0.0,-1386.293976,0.0
2019-01-07,14,0,204,117.98,117.98,0.0,725.604253,0.0
2019-01-07,14,0,205,157.54,157.54,0.0,969.56901,0.0
2019-01-07,14,0,206,580.17,580.17,0.0,30034.739299,0.0
2019-01-07,14,0,210,2.4,2.4,0.0,10.38234,0.0
2019-01-07,14,0,214,14.42,14.42,0.0,166.175356,0.0
2019-01-07,14,0,217,9.71,9.71,0.0,87.68305,0.0
2019-01-07,14,0,218,13.4,13.4,0.0,121.004415,0.0
2019-01-07,14,0,219,9.13,9.13,0.0,82.445545,0.0
2019-01-07,14,0,221,7.69,7.69,0.0,88.619174,0.0
2019-01-07,14,0,225,7.41,7.41,0.0,36.414031,0.0
2019-01-07,14,0,233,7.4,7.4,0.0,77.752214,0.0
2019-01-07,14,0,236,6.76,6.76,0.0,53.142573,0.0
2019-01-07,14,0,237,0.0,0.0,0.0,0.0,0.0
2019-01-07,14,0,238,90.62,90.62,0.0,760.445876,0.0
2019-01-07,14,0,240,12.85,12.85,0.0,85.671236,0.0
2019-01-07,14,0,245,22.75,22.75,0.0,205.339127,0.0
2019-01-07,14,0,247,27.29,27.29,0.0,246.316694,0.0
2019-01-07,14,0,248,0.0,0.0,0.0,0.0,0.0
2019-01-07,14,0,249,43.76,43.76,0.0,394.973196,0.0
2019-01-07,14,0,251,78.48,78.48,0.0,673.633761,0.0
2019-01-07,14,0,252,80.07,80.07,0.0,696.484856,0.0
2019-01-07,14,0,254,18.63,18.63,0.0,138.164442,0.0
2019-01-07,14,0,255,8.54,8.54,0.0,63.33464,0.0
2019-01-07,14,0,258,15.78,15.78,0.0,106.45994,0.0
2019-01-07,14,0,260,6.41,6.41,0.0,52.456524,0.0
2019-01-07,14,0,265,82.49,82.49,0.0,-266.251634,0.0
2019-01-07,14,0,266,2.73,2.73,0.0,-8.811577,0.0
2019-01-07,14,0,267,3.35,3.35,0.0,-10.812741,0.0
2019-01-07,14,0,270,366.38,366.38,0.0,-366380.0,0.0
2019-01-07,14,0,272,93.25,93.25,0.0,-24821.750758,0.0
2019-01-07,14,0,273,29.12,29.12,0.0,-29120.0,0.0
2019-01-07,14,0,274,488.72,488.72,0.0,-488720.0,0.0
2019-01-07,14,0,275,710.79,710.79,0.0,-710790.0,0.0
2019-01-07,14,0,276,6.7,6.7,0.0,-6039.95195,0.0
2019-01-07,14,0,277,8.49,8.49,0.0,-2355.989099,0.0
2019-01-07,14,0,278,13.58,13.58,0.0,-3768.472551,0.0
2019-01-07,14,0,279,169.3,169.3,0.0,-46981.031143,0.0
2019-01-07,14,0,281,56.1,56.1,0.0,-56100.0,0.0
2019-01-07,14,0,282,345.33,345.33,0.0,-345330.0,0.0
2019-01-07,15,0,9,3.08,3.08,0.0,-1171.797012,0.0
2019-01-07,15,0,17,46.98,46.98,0.0,442.317708,0.0
2019-01-07,15,0,19,91.95,91.95,0.0,865.711222,0.0
2019-01-07,15,0,20,111.52,111.52,0.0,1049.963192,0.0
2019-01-07,15,0,21,70.34,70.34,0.0,-26761.104492,0.0
2019-01-07,15,0,22,249.97,249.97,0.0,-95101.980236,0.0
2019-01-07,15,0,23,32.64,32.64,0.0,-12418.0047,0.0
2019-01-07,15,0,24,57.75,57.75,0.0,-21971.193978,0.0
2019-01-07,15,0,29,7.33,7.33,0.0,35.641192,0.0
2019-01-07,15,0,30,588.67,588.67,0.0,-588670.0,0.0
2019-01-07,15,0,31,125.0,125.0,0.0,-125000.0,0.0
2019-01-07,15,0,32,4.73,4.73,0.0,189.611751,0.0
2019-01-07,15,0,33,2.4,2.4,0.0,24.780451,0.0
2019-01-07,15,0,34,3.85,3.85,0.0,39.751974,0.0
2019-01-07,15,0,35,3.85,3.85,0.0,39.751974,0.0
2019-01-07,15,0,36,10.69,10.69,0.0,92.238326,0.0
2019-01-07,15,0,37,5.02,5.02,0.0,43.877026,0.0
2019-01-07,15,0,38,6.46,6.46,0.0,56.463265,0.0
2019-01-07,15,0,39,4.3,4.3,0.0,37.583907,0.0
2019-01-07,15,0,40,4.3,4.3,0.0,37.583907,0.0
2019-01-07,15,0,41,5.9,5.9,0.0,2.371565,0.0
2019-01-07,15,0,42,66.26,66.26,0.0,610.766741,0.0
2019-01-07,15,0,43,32.07,32.07,0.0,287.133297,0.0
2019-01-07,15,0,46,27.77,27.77,0.0,249.379383,0.0
2019-01-07,15,0,52,132.5,132.5,0.0,-132500.0,0.0
2019-01-07,15,0,53,210.5,210.5,0.0,-210500.0,0.0
2019-01-07,15,0,55,623.0,623.0,0.0,-237022.577457,0.0
2019-01-07,15,0,56,173.64,173.64,0.0,-173640.0,0.0
2019-01-07,15,0,57,165.17,165.17,0.0,-165170.0,0.0
2019-01-07,15,0,58,317.63,317.63,0.0,-317630.0,0.0
2019-01-07,15,0,59,312.33,312.33,0.0,-312330.0,0.0
2019-01-07,15,0,63,32.0,32.0,0.0,3470.594496,0.0
2019-01-07,15,0,64,37.65,37.65,0.0,4083.371336,0.0
2019-01-07,15,0,65,10.55,10.55,0.0,98.941825,0.0
2019-01-07,15,0,67,320.38,320.38,0.0,-179429.151014,0.0
2019-01-07,15,0,68,26.69,26.69,0.0,-11113.334163,0.0
2019-01-07,15,0,69,2.4,2.4,0.0,24.780451,0.0
2019-01-07,15,0,74,0.0,0.0,0.0,0.0,0.0
2019-01-07,15,0,77,52.76,52.76,0.0,-15649.483176,0.0
2019-01-07,15,0,78,39.89,39.89,0.0,-11832.029642,0.0
2019-01-07,15,0,79,23.08,23.08,0.0,-6845.907349,0.0
2019-01-07,15,0,80,37.33,37.33,0.0,-11072.691565,0.0
2019-01-07,15,0,81,48.8,48.8,0.0,-14474.882089,0.0
2019-01-07,15,0,82,34.43,34.43,0.0,-10212.5039,0.0
2019-01-07,15,0,83,76.76,76.76,0.0,-22768.277646,0.0
2019-01-07,15,0,84,0.0,0.0,0.0,0.0,0.0
2019-01-07,15,0,86,12.18,12.18,0.0,125.760789,0.0
2019-01-07,15,0,87,62.18,62.18,0.0,642.020186,0.0
2019-01-07,15,0,88,40.11,40.11,0.0,-11897.285258,0.0
2019-01-07,15,0,89,38.56,38.56,0.0,-11437.529782,0.0
2019-01-07,15,0,90,51.77,51.77,0.0,-15355.832904,0.0
2019-01-07,15,0,91,184.68,184.68,0.0,-54779.123446,0.0
2019-01-07,15,0,92,66.42,66.42,0.0,-19701.263695,0.0
2019-01-07,15,0,95,56.87,56.87,0.0,1105.881497,0.0
2019-01-07,15,0,96,22.12,22.12,0.0,1264.939272,0.0
2019-01-07,15,0,97,136.04,136.04,0.0,7779.490894,0.0
2019-01-07,15,0,99,0.0,0.0,0.0,0.0,0.0
2019-01-07,15,0,101,11.86,11.86,0.0,-11860.0,0.0
2019-01-07,15,0,102,63.19,63.19,0.0,-26311.41198,0.0
2019-01-07,15,0,103,54.95,54.95,0.0,-22880.393865,0.0
2019-01-07,15,0,104,10.2,10.2,0.0,-4247.134075,0.0
2019-01-07,15,0,106,246.07,246.07,0.0,-93618.211292,0.0
2019-01-07,15,0,109,19.14,19.14,0.0,170.389583,0.0
2019-01-07,15,0,110,338.6,338.6,0.0,-338600.0,0.0
2019-01-07,15,0,111,18.48,18.48,0.0,7.428223,0.0
2019-01-07,15,0,113,30.4,30.4,0.0,-8144.010925,0.0
2019-01-07,15,0,115,30.4,30.4,0.0,-8144.010925,0.0
2019-01-07,15,0,116,112.62,112.62,0.0,-112620.0,0.0
2019-01-07,15,0,117,2.03,2.03,0.0,-543.827045,0.0
2019-01-07,15,0,119,37.65,37.65,0.0,4083.371336,0.0
2019-01-07,15,0,120,22.14,22.14,0.0,2401.217567,0.0
2019-01-07,15,0,123,4.1,4.1,0.0,-1559.859659,0.0
2019-01-07,15,0,125,52.26,52.26,0.0,-19882.503849,0.0
2019-01-07,15,0,126,184.56,184.56,0.0,-70216.511871,0.0
2019-01-07,15,0,127,236.85,236.85,0.0,-90110.429327,0.0
2019-01-07,15,0,128,74.85,74.85,0.0,-28476.950117,0.0
2019-01-07,15,0,131,64.1,64.1,0.0,-24230.896468,0.0
2019-01-07,15,0,132,94.34,94.34,0.0,-35662.133741,0.0
2019-01-07,15,0,133,16.6,16.6,0.0,156.346675,0.0
2019-01-07,15,0,134,0.0,0.0,0.0,0.0,0.0
2019-01-07,15,0,135,22.25,22.25,0.0,209.561055,0.0
2019-01-07,15,0,136,20.27,20.27,0.0,190.058819,0.0
2019-01-07,15,0,139,7.67,7.67,0.0,3.083034,0.0
2019-01-07,15,0,140,250.6,250.6,0.0,-250600.0,0.0
2019-01-07,15,0,141,230.0,230.0,0.0,-128811.738352,0.0
2019-01-07,15,0,142,422.5,422.5,0.0,-236621.562843,0.0
2019-01-07,15,0,143,238.5,238.5,0.0,-238500.0,0.0
2019-01-07,15,0,145,15.02,15.02,0.0,144.934585,0.0
2019-01-07,15,0,146,268.0,268.0,0.0,-268000.0,0.0
2019-01-07,15,0,152,8.03,8.03,0.0,68.882562,0.0
2019-01-07,15,0,153,10.03,10.03,0.0,85.700833,0.0
2019-01-07,15,0,154,76.24,76.24,0.0,30.645441,0.0
2019-01-07,15,0,157,250.0,250.0,0.0,-140012.759079,0.0
2019-01-07,15,0,158,311.31,311.31,0.0,-174349.488115,0.0
2019-01-07,15,0,159,0.0,0.0,0.0,0.0,0.0
2019-01-07,15,0,160,2.47,2.47,0.0,23.144808,0.0
2019-01-07,15,0,161,59.65,59.65,0.0,-24837.406625,0.0
2019-01-07,15,0,162,51.24,51.24,0.0,1035.420715,0.0
2019-01-07,15,0,163,116.28,116.28,0.0,-116280.0,0.0
2019-01-07,15,0,164,22.15,22.15,0.0,-22150.0,0.0
2019-01-07,15,0,167,5.32,5.32,0.0,87.695052,0.0
2019-01-07,15,0,168,2.66,2.66,0.0,43.847526,0.0
2019-01-07,15,0,169,0.0,0.0,0.0,0.0,0.0
2019-01-07,15,0,170,5.82,5.82,0.0,95.937068,0.0
2019-01-07,15,0,172,7.18,7.18,0.0,111.599373,0.0
2019-01-07,15,0,173,10.94,10.94,0.0,170.041385,0.0
2019-01-07,15,0,188,9.57,9.57,0.0,209.796821,0.0
2019-01-07,15,0,190,8.73,8.73,0.0,283.092574,0.0
2019-01-07,15,0,191,22.54,22.54,0.0,730.917137,0.0
2019-01-07,15,0,192,148.6,148.6,0.0,4818.734988,0.0
2019-01-07,15,0,194,33.28,33.28,0.0,-4464.822711,0.0
2019-01-07,15,0,196,6.0,6.0,0.0,1559.4062,0.0
2019-01-07,15,0,198,10.57,10.57,0.0,105.665517,0.0
2019-01-07,15,0,199,45.05,45.05,0.0,-3124.653766,0.0
2019-01-07,15,0,200,17.97,17.97,0.0,-1246.393522,0.0
2019-01-07,15,0,204,74.81,74.81,0.0,674.175113,0.0
2019-01-07,15,0,205,101.26,101.26,0.0,901.444574,0.0
2019-01-07,15,0,206,399.75,399.75,0.0,22859.831557,0.0
2019-01-07,15,0,210,2.19,2.19,0.0,9.188344,0.0
2019-01-07,15,0,214,13.1,13.1,0.0,142.158739,0.0
2019-01-07,15,0,217,8.81,8.81,0.0,75.328253,0.0
2019-01-07,15,0,218,12.16,12.16,0.0,103.9718,0.0
2019-01-07,15,0,219,8.28,8.28,0.0,70.796588,0.0
2019-01-07,15,0,221,6.98,6.98,0.0,75.745649,0.0
2019-01-07,15,0,225,6.69,6.69,0.0,32.960064,0.0
2019-01-07,15,0,233,6.89,6.89,0.0,71.140545,0.0
2019-01-07,15,0,236,6.91,6.91,0.0,61.945106,0.0
2019-01-07,15,0,237,0.0,0.0,0.0,0.0,0.0
2019-01-07,15,0,238,86.25,86.25,0.0,795.029149,0.0
2019-01-07,15,0,240,12.11,12.11,0.0,104.490751,0.0
2019-01-07,15,0,245,29.92,29.92,0.0,285.729777,0.0
2019-01-07,15,0,247,29.96,29.96,0.0,286.111769,0.0
2019-01-07,15,0,248,0.0,0.0,0.0,0.0,0.0
2019-01-07,15,0,249,57.54,57.54,0.0,549.495032,0.0
2019-01-07,15,0,251,51.04,51.04,0.0,475.60092,0.0
2019-01-07,15,0,252,68.09,68.09,0.0,638.573354,0.0
2019-01-07,15,0,254,17.47,17.47,0.0,158.242903,0.0
2019-01-07,15,0,255,8.01,8.01,0.0,72.554417,0.0
2019-01-07,15,0,258,14.88,14.88,0.0,129.172329,0.0
2019-01-07,15,0,260,6.0,6.0,0.0,56.222206,0.0
2019-01-07,15,0,265,78.94,78.94,0.0,31.730734,0.0
2019-01-07,15,0,266,4.91,4.91,0.0,1.973624,0.0
2019-01-07,15,0,267,6.07,6.07,0.0,2.439898,0.0
2019-01-07,15,0,270,379.53,379.53,0.0,-379530.0,0.0
2019-01-07,15,0,272,101.61,101.61,0.0,-27220.820727,0.0
2019-01-07,15,0,273,26.93,26.93,0.0,-26930.0,0.0
2019-01-07,15,0,274,499.9,499.9,0.0,-499900.0,0.0
2019-01-07,15,0,275,717.53,717.53,0.0,-717530.0,0.0
2019-01-07,15,0,276,6.19,6.19,0.0,-5581.948147,0.0
2019-01-07,15,0,277,7.89,7.89,0.0,-2204.544466,0.0
2019-01-07,15,0,278,12.62,12.62,0.0,-3526.153505,0.0
2019-01-07,15,0,279,187.7,187.7,0.0,-52445.246664,0.0
2019-01-07,15,0,281,56.1,56.1,0.0,-56100.0,0.0
2019-01-07,15,0,282,322.92,322.92,0.0,-322920.0,0.0
2019-01-07,16,0,9,2.54,2.54,0.0,23.657797,0.0
2019-01-07,16,0,17,38.5,38.5,0.0,335.919277,0.0
2019-01-07,16,0,19,238.26,238.26,0.0,2078.860437,0.0
2019-01-07,16,0,20,300.71,300.71,0.0,2623.747679,0.0
2019-01-07,16,0,21,57.98,57.98,0.0,540.031122,0.0
2019-01-07,16,0,22,206.07,206.07,0.0,1919.35518,0.0
2019-01-07,16,0,23,32.64,32.64,0.0,304.012001,0.0
2019-01-07,16,0,24,57.75,57.75,0.0,537.888881,0.0
2019-01-07,16,0,29,5.86,5.86,0.0,25.296206,0.0
2019-01-07,16,0,30,496.92,496.92,0.0,4629.708365,0.0
2019-01-07,16,0,31,125.0,125.0,0.0,1164.601034,0.0
2019-01-07,16,0,32,3.68,3.68,0.0,136.794609,0.0
2019-01-07,16,0,33,2.25,2.25,0.0,19.278722,0.0
2019-01-07,16,0,34,3.59,3.59,0.0,30.760272,0.0
2019-01-07,16,0,35,3.59,3.59,0.0,30.760272,0.0
2019-01-07,16,0,36,8.84,8.84,0.0,79.796148,0.0
2019-01-07,16,0,37,4.19,4.19,0.0,37.875068,0.0
2019-01-07,16,0,38,5.39,5.39,0.0,48.722343,0.0
2019-01-07,16,0,39,3.59,3.59,0.0,32.451431,0.0
2019-01-07,16,0,40,3.59,3.59,0.0,32.451431,0.0
2019-01-07,16,0,41,8.88,8.88,0.0,81.342452,0.0
2019-01-07,16,0,42,53.62,53.62,0.0,469.667054,0.0
2019-01-07,16,0,43,26.84,26.84,0.0,242.997463,0.0
2019-01-07,16,0,46,22.86,22.86,0.0,207.508712,0.0
2019-01-07,16,0,52,132.5,132.5,0.0,1234.477096,0.0
2019-01-07,16,0,53,210.5,210.5,0.0,1961.188141,0.0
2019-01-07,16,0,55,623.0,623.0,0.0,5802.680047,0.0
2019-01-07,16,0,56,146.57,146.57,0.0,1365.564588,0.0
2019-01-07,16,0,57,139.42,139.42,0.0,1298.949409,0.0
2019-01-07,16,0,58,268.12,268.12,0.0,2498.022633,0.0
2019-01-07,16,0,59,263.65,263.65,0.0,2456.3765,0.0
2019-01-07,16,0,63,31.1,31.1,0.0,3294.528072,0.0
2019-01-07,16,0,64,36.59,36.59,0.0,3876.10232,0.0
2019-01-07,16,0,65,9.28,9.28,0.0,81.028246,0.0
2019-01-07,16,0,67,261.21,261.21,0.0,-146712.220418,0.0
2019-01-07,16,0,68,30.14,30.14,0.0,-12614.349617,0.0
2019-01-07,16,0,69,2.25,2.25,0.0,19.278722,0.0
2019-01-07,16,0,74,0.0,0.0,0.0,0.0,0.0
2019-01-07,16,0,77,57.05,57.05,0.0,-17079.199847,0.0
2019-01-07,16,0,78,43.13,43.13,0.0,-12911.934959,0.0
2019-01-07,16,0,79,24.96,24.96,0.0,-7472.337041,0.0
2019-01-07,16,0,80,40.36,40.36,0.0,-12082.673196,0.0
2019-01-07,16,0,81,52.77,52.77,0.0,-15797.885643,0.0
2019-01-07,16,0,82,37.23,37.23,0.0,-11145.637341,0.0
2019-01-07,16,0,83,83.01,83.01,0.0,-24850.909366,0.0
2019-01-07,16,0,84,0.0,0.0,0.0,0.0,0.0
2019-01-07,16,0,86,11.38,11.38,0.0,97.507493,0.0
2019-01-07,16,0,87,58.12,58.12,0.0,497.990817,0.0
2019-01-07,16,0,88,42.79,42.79,0.0,-12810.148316,0.0
2019-01-07,16,0,89,41.13,41.13,0.0,-12313.190004,0.0
2019-01-07,16,0,90,55.23,55.23,0.0,-16534.341938,0.0
2019-01-07,16,0,91,197.0,197.0,0.0,-58976.378087,0.0
2019-01-07,16,0,92,70.85,70.85,0.0,-21210.540038,0.0
2019-01-07,16,0,95,48.98,48.98,0.0,952.454295,0.0
2019-01-07,16,0,96,21.11,21.11,0.0,196.737723,0.0
2019-01-07,16,0,97,129.82,129.82,0.0,1209.876419,0.0
2019-01-07,16,0,99,0.0,0.0,0.0,0.0,0.0
2019-01-07,16,0,101,10.01,10.01,0.0,93.261251,0.0
2019-01-07,16,0,102,71.36,71.36,0.0,-29865.958482,0.0
2019-01-07,16,0,103,62.05,62.05,0.0,-25969.488842,0.0
2019-01-07,16,0,104,11.52,11.52,0.0,-4821.410338,0.0
2019-01-07,16,0,106,202.86,202.86,0.0,1889.456941,0.0
2019-01-07,16,0,109,12.68,12.68,0.0,115.249911,0.0
2019-01-07,16,0,110,338.6,338.6,0.0,-338600.0,0.0
2019-01-07,16,0,111,15.21,15.21,0.0,139.32643,0.0
2019-01-07,16,0,113,33.22,33.22,0.0,-8975.167183,0.0
2019-01-07,16,0,115,33.22,33.22,0.0,-8975.167183,0.0
2019-01-07,16,0,116,89.85,89.85,0.0,-89850.0,0.0
2019-01-07,16,0,117,2.21,2.21,0.0,-597.083669,0.0
2019-01-07,16,0,119,36.59,36.59,0.0,3876.10232,0.0
2019-01-07,16,0,120,21.51,21.51,0.0,2278.626972,0.0
2019-01-07,16,0,123,3.38,3.38,0.0,31.481635,0.0
2019-01-07,16,0,125,52.26,52.26,0.0,486.754509,0.0
2019-01-07,16,0,126,152.14,152.14,0.0,1417.046135,0.0
2019-01-07,16,0,127,195.25,195.25,0.0,1818.576692,0.0
2019-01-07,16,0,128,74.85,74.85,0.0,697.159874,0.0
2019-01-07,16,0,131,28.47,28.47,0.0,-10827.063356,0.0
2019-01-07,16,0,132,41.85,41.85,0.0,-15915.440866,0.0
2019-01-07,16,0,133,28.11,28.11,0.0,245.24797,0.0
2019-01-07,16,0,134,0.0,0.0,0.0,0.0,0.0
2019-01-07,16,0,135,35.74,35.74,0.0,311.816523,0.0
2019-01-07,16,0,136,20.66,20.66,0.0,180.399789,0.0
2019-01-07,16,0,139,11.57,11.57,0.0,105.983353,0.0
2019-01-07,16,0,140,250.6,250.6,0.0,-250600.0,0.0
2019-01-07,16,0,141,230.0,230.0,0.0,-129182.690924,0.0
2019-01-07,16,0,142,344.47,344.47,0.0,-193476.354533,0.0
2019-01-07,16,0,143,238.5,238.5,0.0,2222.058772,0.0
2019-01-07,16,0,145,11.95,11.95,0.0,110.323077,0.0
2019-01-07,16,0,146,268.0,268.0,0.0,-268000.0,0.0
2019-01-07,16,0,152,6.74,6.74,0.0,60.048175,0.0
2019-01-07,16,0,153,8.36,8.36,0.0,74.551427,0.0
2019-01-07,16,0,154,62.75,62.75,0.0,574.801676,0.0
2019-01-07,16,0,157,250.0,250.0,0.0,-140415.968395,0.0
2019-01-07,16,0,158,249.1,249.1,0.0,-139910.470909,0.0
2019-01-07,16,0,159,0.0,0.0,0.0,0.0,0.0
2019-01-07,16,0,160,2.07,2.07,0.0,18.777347,0.0
2019-01-07,16,0,161,48.99,48.99,0.0,-20503.549692,0.0
2019-01-07,16,0,162,47.66,47.66,0.0,962.946174,0.0
2019-01-07,16,0,163,120.38,120.38,0.0,-120380.0,0.0
2019-01-07,16,0,164,19.17,19.17,0.0,178.603215,0.0
2019-01-07,16,0,167,4.11,4.11,0.0,68.211737,0.0
2019-01-07,16,0,168,2.05,2.05,0.0,34.022886,0.0
2019-01-07,16,0,169,0.0,0.0,0.0,0.0,0.0
2019-01-07,16,0,170,4.49,4.49,0.0,74.518418,0.0
2019-01-07,16,0,172,5.63,5.63,0.0,78.522465,0.0
2019-01-07,16,0,173,8.58,8.58,0.0,119.666563,0.0
2019-01-07,16,0,188,7.55,7.55,0.0,149.380836,0.0
2019-01-07,16,0,190,6.98,6.98,0.0,226.344349,0.0
2019-01-07,16,0,191,18.04,18.04,0.0,584.99313,0.0
2019-01-07,16,0,192,144.62,144.62,0.0,4689.67331,0.0
2019-01-07,16,0,194,32.52,32.52,0.0,-4435.218621,0.0
2019-01-07,16,0,196,4.71,4.71,0.0,1209.571776,0.0
2019-01-07,16,0,198,8.86,8.86,0.0,81.356641,0.0
2019-01-07,16,0,199,40.73,40.73,0.0,-2818.943098,0.0
2019-01-07,16,0,200,14.79,14.79,0.0,-1023.623089,0.0
2019-01-07,16,0,204,49.52,49.52,0.0,450.902377,0.0
2019-01-07,16,0,205,67.09,67.09,0.0,609.788371,0.0
2019-01-07,16,0,206,381.48,381.48,0.0,3555.258484,0.0
2019-01-07,16,0,210,1.79,1.79,0.0,6.160825,0.0
2019-01-07,16,0,214,10.56,10.56,0.0,89.49834,0.0
2019-01-07,16,0,217,7.04,7.04,0.0,48.148219,0.0
2019-01-07,16,0,218,9.72,9.72,0.0,66.47737,0.0
2019-01-07,16,0,219,6.62,6.62,0.0,45.27574,0.0
2019-01-07,16,0,221,5.63,5.63,0.0,47.715498,0.0
2019-01-07,16,0,225,5.38,5.38,0.0,23.678757,0.0
2019-01-07,16,0,233,6.44,6.44,0.0,55.179987,0.0
2019-01-07,16,0,236,5.69,5.69,0.0,50.14484,0.0
2019-01-07,16,0,237,0.0,0.0,0.0,0.0,0.0
2019-01-07,16,0,238,69.79,69.79,0.0,611.302941,0.0
2019-01-07,16,0,240,10.02,10.02,0.0,90.44767,0.0
2019-01-07,16,0,245,40.24,40.24,0.0,350.166473,0.0
2019-01-07,16,0,247,36.66,36.66,0.0,319.013491,0.0
2019-01-07,16,0,248,0.0,0.0,0.0,0.0,0.0
2019-01-07,16,0,249,77.38,77.38,0.0,673.3569,0.0
2019-01-07,16,0,251,31.67,31.67,0.0,276.854767,0.0
2019-01-07,16,0,252,59.84,59.84,0.0,522.492484,0.0
2019-01-07,16,0,254,14.34,14.34,0.0,129.891427,0.0
2019-01-07,16,0,255,6.57,6.57,0.0,59.510926,0.0
2019-01-07,16,0,258,12.29,12.29,0.0,110.991592,0.0
2019-01-07,16,0,260,5.03,5.03,0.0,45.628046,0.0
2019-01-07,16,0,265,64.97,64.97,0.0,595.137289,0.0
2019-01-07,16,0,266,7.38,7.38,0.0,67.602173,0.0
2019-01-07,16,0,267,9.14,9.14,0.0,83.724101,0.0
2019-01-07,16,0,270,325.36,325.36,0.0,-325360.0,0.0
2019-01-07,16,0,272,111.02,111.02,0.0,-29994.67371,0.0
2019-01-07,16,0,273,21.49,21.49,0.0,-21490.0,0.0
2019-01-07,16,0,274,406.04,406.04,0.0,-406040.0,0.0
2019-01-07,16,0,275,544.35,544.35,0.0,-544350.0,0.0
2019-01-07,16,0,276,4.95,4.95,0.0,-4465.537537,0.0
2019-01-07,16,0,277,6.36,6.36,0.0,-1792.756194,0.0
2019-01-07,16,0,278,10.17,10.17,0.0,-2866.718631,0.0
2019-01-07,16,0,279,476.7,476.7,0.0,-134372.150558,0.0
2019-01-07,16,0,281,56.1,56.1,0.0,522.672944,0.0
2019-01-07,16,0,282,272.59,272.59,0.0,2539.668766,0.0
2019-01-07,17,0,9,1.71,1.71,0.0,9.952029,0.0
2019-01-07,17,0,17,26.02,26.02,0.0,228.985453,0.0
2019-01-07,17,0,19,186.63,186.63,0.0,1642.411801,0.0
2019-01-07,17,0,20,224.75,224.75,0.0,1977.881649,0.0
2019-01-07,17,0,21,39.18,39.18,0.0,228.02368,0.0
2019-01-07,17,0,22,139.25,139.25,0.0,810.421068,0.0
2019-01-07,17,0,23,37.62,37.62,0.0,218.944636,0.0
2019-01-07,17,0,24,66.93,66.93,0.0,389.525904,0.0
2019-01-07,17,0,29,3.86,3.86,0.0,20.150004,0.0
2019-01-07,17,0,30,341.14,341.14,0.0,1980.057931,0.0
2019-01-07,17,0,31,105.74,105.74,0.0,613.740182,0.0
2019-01-07,17,0,32,2.45,2.45,0.0,105.062402,0.0
2019-01-07,17,0,33,1.52,1.52,0.0,14.430855,0.0
2019-01-07,17,0,34,2.42,2.42,0.0,22.97544,0.0
2019-01-07,17,0,35,2.42,2.42,0.0,22.97544,0.0
2019-01-07,17,0,36,6.1,6.1,0.0,46.031528,0.0
2019-01-07,17,0,37,2.85,2.85,0.0,21.383137,0.0
2019-01-07,17,0,38,3.66,3.66,0.0,27.46045,0.0
2019-01-07,17,0,39,2.44,2.44,0.0,18.306967,0.0
2019-01-07,17,0,40,2.44,2.44,0.0,18.306967,0.0
2019-01-07,17,0,41,3.98,3.98,0.0,26.567792,0.0
2019-01-07,17,0,42,36.45,36.45,0.0,315.292892,0.0
2019-01-07,17,0,43,18.05,18.05,0.0,135.641377,0.0
2019-01-07,17,0,46,15.73,15.73,0.0,114.94963,0.0
2019-01-07,17,0,52,112.09,112.09,0.0,650.597096,0.0
2019-01-07,17,0,53,178.07,178.07,0.0,1033.560754,0.0
2019-01-07,17,0,55,515.24,515.24,0.0,2998.645249,0.0
2019-01-07,17,0,56,100.62,100.62,0.0,584.022481,0.0
2019-01-07,17,0,57,95.72,95.72,0.0,555.581712,0.0
2019-01-07,17,0,58,184.07,184.07,0.0,1068.386186,0.0
2019-01-07,17,0,59,181.0,181.0,0.0,1050.567173,0.0
2019-01-07,17,0,63,48.73,48.73,0.0,5452.747064,0.0
2019-01-07,17,0,64,57.31,57.31,0.0,6412.824425,0.0
2019-01-07,17,0,65,11.96,11.96,0.0,104.918305,0.0
2019-01-07,17,0,67,177.1,177.1,0.0,-98712.679391,0.0
2019-01-07,17,0,68,13.25,13.25,0.0,-5470.229829,0.0
2019-01-07,17,0,69,1.52,1.52,0.0,14.430855,0.0
2019-01-07,17,0,74,0.0,0.0,0.0,0.0,0.0
2019-01-07,17,0,77,42.12,42.12,0.0,-12316.453178,0.0
2019-01-07,17,0,78,31.84,31.84,0.0,-9310.443238,0.0
2019-01-07,17,0,79,18.43,18.43,0.0,-5389.179299,0.0
2019-01-07,17,0,80,29.8,29.8,0.0,-8713.919865,0.0
2019-01-07,17,0,81,38.96,38.96,0.0,-11392.426776,0.0
2019-01-07,17,0,82,27.48,27.48,0.0,-8035.520734,0.0
2019-01-07,17,0,83,61.28,61.28,0.0,-17919.094272,0.0
2019-01-07,17,0,84,0.0,0.0,0.0,0.0,0.0
2019-01-07,17,0,86,7.68,7.68,0.0,72.913793,0.0
2019-01-07,17,0,87,39.2,39.2,0.0,372.164149,0.0
2019-01-07,17,0,88,33.55,33.55,0.0,-9810.470183,0.0
2019-01-07,17,0,89,32.25,32.25,0.0,-9430.332739,0.0
2019-01-07,17,0,90,43.3,43.3,0.0,-12661.501011,0.0
2019-01-07,17,0,91,154.47,154.47,0.0,-45169.100721,0.0
2019-01-07,17,0,92,55.55,55.55,0.0,-16243.565385,0.0
2019-01-07,17,0,95,46.72,46.72,0.0,908.506832,0.0
2019-01-07,17,0,96,15.47,15.47,0.0,89.538361,0.0
2019-01-07,17,0,97,95.16,95.16,0.0,550.773785,0.0
2019-01-07,17,0,99,0.0,0.0,0.0,0.0,0.0
2019-01-07,17,0,101,6.87,6.87,0.0,39.875119,0.0
2019-01-07,17,0,102,31.32,31.32,0.0,-12930.384773,0.0
2019-01-07,17,0,103,27.24,27.24,0.0,-11245.966833,0.0
2019-01-07,17,0,104,5.08,5.08,0.0,-2097.265474,0.0
2019-01-07,17,0,106,137.08,137.08,0.0,797.791885,0.0
2019-01-07,17,0,109,14.94,14.94,0.0,106.717978,0.0
2019-01-07,17,0,110,304.49,304.49,0.0,-304490.0,0.0
2019-01-07,17,0,111,11.14,11.14,0.0,74.363115,0.0
2019-01-07,17,0,113,26.16,26.16,0.0,-6888.368101,0.0
2019-01-07,17,0,115,26.16,26.16,0.0,-6888.368101,0.0
2019-01-07,17,0,116,62.09,62.09,0.0,-62090.0,0.0
2019-01-07,17,0,117,1.74,1.74,0.0,-458.171273,0.0
2019-01-07,17,0,119,57.31,57.31,0.0,6412.824425,0.0
2019-01-07,17,0,120,33.73,33.73,0.0,3774.290139,0.0
2019-01-07,17,0,123,2.28,2.28,0.0,13.269372,0.0
2019-01-07,17,0,125,60.49,60.49,0.0,352.045748,0.0
2019-01-07,17,0,126,102.81,102.81,0.0,598.343914,0.0
2019-01-07,17,0,127,131.94,131.94,0.0,767.877599,0.0
2019-01-07,17,0,128,87.07,87.07,0.0,506.738689,0.0
2019-01-07,17,0,131,21.2,21.2,0.0,-7934.02234,0.0
2019-01-07,17,0,132,31.17,31.17,0.0,-11665.258318,0.0
2019-01-07,17,0,133,61.1,61.1,0.0,537.862976,0.0
2019-01-07,17,0,134,0.0,0.0,0.0,0.0,0.0
2019-01-07,17,0,135,79.98,79.98,0.0,704.063516,0.0
2019-01-07,17,0,136,22.62,22.62,0.0,198.397763,0.0
2019-01-07,17,0,139,5.14,5.14,0.0,34.311168,0.0
2019-01-07,17,0,140,225.36,225.36,0.0,-225360.0,0.0
2019-01-07,17,0,141,195.62,195.62,0.0,-109035.428246,0.0
2019-01-07,17,0,142,233.56,233.56,0.0,-130182.57142,0.0
2019-01-07,17,0,143,174.65,174.65,0.0,1013.710259,0.0
2019-01-07,17,0,145,9.53,9.53,0.0,60.057549,0.0
2019-01-07,17,0,146,268.0,268.0,0.0,-268000.0,0.0
2019-01-07,17,0,152,4.57,4.57,0.0,36.531044,0.0
2019-01-07,17,0,153,5.67,5.67,0.0,45.115867,0.0
2019-01-07,17,0,154,45.97,45.97,0.0,306.864669,0.0
2019-01-07,17,0,157,250.0,250.0,0.0,-139345.961873,0.0
2019-01-07,17,0,158,170.45,170.45,0.0,-95006.076805,0.0
2019-01-07,17,0,159,0.0,0.0,0.0,0.0,0.0
2019-01-07,17,0,160,1.4,1.4,0.0,10.687398,0.0
2019-01-07,17,0,161,33.56,33.56,0.0,-13855.163249,0.0
2019-01-07,17,0,162,47.48,47.48,0.0,960.477844,0.0
2019-01-07,17,0,163,124.29,124.29,0.0,-124290.0,0.0
2019-01-07,17,0,164,13.53,13.53,0.0,78.531347,0.0
2019-01-07,17,0,167,2.71,2.71,0.0,44.330119,0.0
2019-01-07,17,0,168,1.36,1.36,0.0,22.24685,0.0
2019-01-07,17,0,169,0.0,0.0,0.0,0.0,0.0
2019-01-07,17,0,170,2.97,2.97,0.0,48.583194,0.0
2019-01-07,17,0,172,3.74,3.74,0.0,55.691768,0.0
2019-01-07,17,0,173,5.7,5.7,0.0,84.877828,0.0
2019-01-07,17,0,188,5.04,5.04,0.0,118.857692,0.0
2019-01-07,17,0,190,4.74,4.74,0.0,153.706621,0.0
2019-01-07,17,0,191,12.24,12.24,0.0,396.913299,0.0
2019-01-07,17,0,192,130.0,130.0,0.0,4215.582425,0.0
2019-01-07,17,0,194,26.04,26.04,0.0,-3348.291763,0.0
2019-01-07,17,0,196,3.24,3.24,0.0,857.378743,0.0
2019-01-07,17,0,198,5.98,5.98,0.0,45.316035,0.0
2019-01-07,17,0,199,38.92,38.92,0.0,-1220.041692,0.0
2019-01-07,17,0,200,9.97,9.97,0.0,-312.533804,0.0
2019-01-07,17,0,204,56.12,56.12,0.0,396.398884,0.0
2019-01-07,17,0,205,79.01,79.01,0.0,564.376668,0.0
2019-01-07,17,0,206,279.62,279.62,0.0,1618.404433,0.0
2019-01-07,17,0,210,1.18,1.18,0.0,6.469075,0.0
2019-01-07,17,0,214,7.08,7.08,0.0,70.129178,0.0
2019-01-07,17,0,217,4.65,4.65,0.0,37.0908,0.0
2019-01-07,17,0,218,6.41,6.41,0.0,51.129469,0.0
2019-01-07,17,0,219,4.37,4.37,0.0,34.857376,0.0
2019-01-07,17,0,221,3.78,3.78,0.0,37.441849,0.0
2019-01-07,17,0,225,3.55,3.55,0.0,18.441896,0.0
2019-01-07,17,0,233,4.34,4.34,0.0,41.203888,0.0
2019-01-07,17,0,236,6.33,6.33,0.0,53.264923,0.0
2019-01-07,17,0,237,0.0,0.0,0.0,0.0,0.0
2019-01-07,17,0,238,47.44,47.44,0.0,410.356511,0.0
2019-01-07,17,0,240,6.91,6.91,0.0,52.143911,0.0
2019-01-07,17,0,245,39.12,39.12,0.0,348.288071,0.0
2019-01-07,17,0,247,38.78,38.78,0.0,345.261027,0.0
2019-01-07,17,0,248,0.0,0.0,0.0,0.0,0.0
2019-01-07,17,0,249,75.22,75.22,0.0,669.688873,0.0
2019-01-07,17,0,251,54.62,54.62,0.0,476.64566,0.0
2019-01-07,17,0,252,77.12,77.12,0.0,676.530072,0.0
2019-01-07,17,0,254,9.74,9.74,0.0,73.484828,0.0
2019-01-07,17,0,255,4.47,4.47,0.0,33.724557,0.0
2019-01-07,17,0,258,8.53,8.53,0.0,64.325427,0.0
2019-01-07,17,0,260,3.41,3.41,0.0,26.031447,0.0
2019-01-07,17,0,265,47.59,47.59,0.0,317.678695,0.0
2019-01-07,17,0,266,3.33,3.33,0.0,22.228831,0.0
2019-01-07,17,0,267,4.09,4.09,0.0,27.302077,0.0
2019-01-07,17,0,270,388.15,388.15,0.0,-388150.0,0.0
2019-01-07,17,0,272,87.44,87.44,0.0,-23024.423041,0.0
2019-01-07,17,0,273,14.85,14.85,0.0,-14850.0,0.0
2019-01-07,17,0,274,500.37,500.37,0.0,-500370.0,0.0
2019-01-07,17,0,275,696.53,696.53,0.0,-696530.0,0.0
2019-01-07,17,0,276,3.41,3.41,0.0,-3073.000462,0.0
2019-01-07,17,0,277,4.35,4.35,0.0,-1196.172213,0.0
2019-01-07,17,0,278,6.96,6.96,0.0,-1913.87554,0.0
2019-01-07,17,0,279,166.53,166.53,0.0,-45792.772087,0.0
2019-01-07,17,0,281,47.46,47.46,0.0,275.46916,0.0
2019-01-07,17,0,282,187.14,187.14,0.0,1086.205198,0.0
2019-01-07,18,0,9,0.85,0.85,0.0,2.913322,0.0
2019-01-07,18,0,17,11.86,11.86,0.0,124.076355,0.0
2019-01-07,18,0,19,199.83,199.83,0.0,2090.571507,0.0
2019-01-07,18,0,20,243.33,243.33,0.0,2545.657634,0.0
2019-01-07,18,0,21,19.43,19.43,0.0,66.595105,0.0
2019-01-07,18,0,22,69.04,69.04,0.0,236.630265,0.0
2019-01-07,18,0,23,51.39,51.39,0.0,176.135998,0.0
2019-01-07,18,0,24,91.19,91.19,0.0,312.547999,0.0
2019-01-07,18,0,29,1.4,1.4,0.0,10.056256,0.0
2019-01-07,18,0,30,178.63,178.63,0.0,604.997401,0.0
2019-01-07,18,0,31,44.85,44.85,0.0,151.901324,0.0
2019-01-07,18,0,32,0.9,0.9,0.0,19.363661,0.0
2019-01-07,18,0,33,0.67,0.67,0.0,7.980353,0.0
2019-01-07,18,0,34,1.07,1.07,0.0,12.744743,0.0
2019-01-07,18,0,35,1.07,1.07,0.0,12.744743,0.0
2019-01-07,18,0,36,2.75,2.75,0.0,22.030617,0.0
2019-01-07,18,0,37,1.29,1.29,0.0,10.25304,0.0
2019-01-07,18,0,38,1.65,1.65,0.0,13.114354,0.0
2019-01-07,18,0,39,1.1,1.1,0.0,8.742903,0.0
2019-01-07,18,0,40,1.1,1.1,0.0,8.742903,0.0
2019-01-07,18,0,41,4.49,4.49,0.0,25.098027,0.0
2019-01-07,18,0,42,18.41,18.41,0.0,186.81748,0.0
2019-01-07,18,0,43,7.94,7.94,0.0,64.574534,0.0
2019-01-07,18,0,46,6.92,6.92,0.0,51.774148,0.0
2019-01-07,18,0,52,47.54,47.54,0.0,161.012016,0.0
2019-01-07,18,0,53,75.54,75.54,0.0,255.844503,0.0
2019-01-07,18,0,55,217.88,217.88,0.0,746.770018,0.0
2019-01-07,18,0,56,52.69,52.69,0.0,178.45442,0.0
2019-01-07,18,0,57,50.12,50.12,0.0,169.750152,0.0
2019-01-07,18,0,58,96.39,96.39,0.0,326.460838,0.0
2019-01-07,18,0,59,94.78,94.78,0.0,321.00797,0.0
2019-01-07,18,0,63,75.73,75.73,0.0,2048.55925,0.0
2019-01-07,18,0,64,89.09,89.09,0.0,2409.95832,0.0
2019-01-07,18,0,65,15.52,15.52,0.0,161.460683,0.0
2019-01-07,18,0,67,86.96,86.96,0.0,-1741.238429,0.0
2019-01-07,18,0,68,5.48,5.48,0.0,-52.010229,0.0
2019-01-07,18,0,69,0.67,0.67,0.0,7.980353,0.0
2019-01-07,18,0,74,0.0,0.0,0.0,0.0,0.0
2019-01-07,18,0,77,30.74,30.74,0.0,-14.174298,0.0
2019-01-07,18,0,78,23.24,23.24,0.0,-10.716028,0.0
2019-01-07,18,0,79,13.45,13.45,0.0,-6.201832,0.0
2019-01-07,18,0,80,21.75,21.75,0.0,-10.028985,0.0
2019-01-07,18,0,81,28.44,28.44,0.0,-13.113762,0.0
2019-01-07,18,0,82,20.06,20.06,0.0,-9.249721,0.0
2019-01-07,18,0,83,44.73,44.73,0.0,-20.625126,0.0
2019-01-07,18,0,84,0.0,0.0,0.0,0.0,0.0
2019-01-07,18,0,86,3.39,3.39,0.0,40.378205,0.0
2019-01-07,18,0,87,17.28,17.28,0.0,205.821645,0.0
2019-01-07,18,0,88,26.59,26.59,0.0,-12.260722,0.0
2019-01-07,18,0,89,25.57,25.57,0.0,-11.790397,0.0
2019-01-07,18,0,90,34.33,34.33,0.0,-15.829657,0.0
2019-01-07,18,0,91,122.45,122.45,0.0,-56.462031,0.0
2019-01-07,18,0,92,44.04,44.04,0.0,-20.306965,0.0
2019-01-07,18,0,95,44.41,44.41,0.0,965.225371,0.0
2019-01-07,18,0,96,11.32,11.32,0.0,37.859543,0.0
2019-01-07,18,0,97,69.6,69.6,0.0,232.775988,0.0
2019-01-07,18,0,99,0.0,0.0,0.0,0.0,0.0
2019-01-07,18,0,101,3.6,3.6,0.0,12.192748,0.0
2019-01-07,18,0,102,12.98,12.98,0.0,-123.192112,0.0
2019-01-07,18,0,103,11.29,11.29,0.0,-107.152461,0.0
2019-01-07,18,0,104,2.1,2.1,0.0,-19.930927,0.0
2019-01-07,18,0,106,67.96,67.96,0.0,232.928632,0.0
2019-01-07,18,0,109,18.04,18.04,0.0,124.409778,0.0
2019-01-07,18,0,110,208.38,208.38,0.0,-10893.559717,0.0
2019-01-07,18,0,111,5.52,5.52,0.0,30.855481,0.0
2019-01-07,18,0,113,20.94,20.94,0.0,17.30005,0.0
2019-01-07,18,0,115,20.94,20.94,0.0,17.30005,0.0
2019-01-07,18,0,116,27.47,27.47,0.0,-1436.059533,0.0
2019-01-07,18,0,117,1.4,1.4,0.0,1.156641,0.0
2019-01-07,18,0,119,89.09,89.09,0.0,2409.95832,0.0
2019-01-07,18,0,120,52.38,52.38,0.0,1416.922402,0.0
2019-01-07,18,0,123,1.13,1.13,0.0,3.873004,0.0
2019-01-07,18,0,125,82.46,82.46,0.0,282.626472,0.0
2019-01-07,18,0,126,50.97,50.97,0.0,174.696474,0.0
2019-01-07,18,0,127,65.41,65.41,0.0,224.188668,0.0
2019-01-07,18,0,128,118.42,118.42,0.0,405.877114,0.0
2019-01-07,18,0,131,15.53,15.53,0.0,-103.70942,0.0
2019-01-07,18,0,132,22.83,22.83,0.0,-152.458858,0.0
2019-01-07,18,0,133,74.72,74.72,0.0,782.112771,0.0
2019-01-07,18,0,134,0.0,0.0,0.0,0.0,0.0
2019-01-07,18,0,135,100.12,100.12,0.0,1047.98087,0.0
2019-01-07,18,0,136,24.93,24.93,0.0,259.27676,0.0
2019-01-07,18,0,139,5.8,5.8,0.0,32.420614,0.0
2019-01-07,18,0,140,154.22,154.22,0.0,-8062.217006,0.0
2019-01-07,18,0,141,122.27,122.27,0.0,-2448.26613,0.0
2019-01-07,18,0,142,114.68,114.68,0.0,-2296.288213,0.0
2019-01-07,18,0,143,72.83,72.83,0.0,246.666073,0.0
2019-01-07,18,0,145,7.94,7.94,0.0,37.242221,0.0
2019-01-07,18,0,146,268.0,268.0,0.0,-14010.336905,0.0
2019-01-07,18,0,152,2.12,2.12,0.0,18.638291,0.0
2019-01-07,18,0,153,2.62,2.62,0.0,22.835733,0.0
2019-01-07,18,0,154,22.79,22.79,0.0,127.390652,0.0
2019-01-07,18,0,157,220.95,220.95,0.0,-4424.179288,0.0
2019-01-07,18,0,158,82.73,82.73,0.0,-1656.539273,0.0
2019-01-07,18,0,159,0.0,0.0,0.0,0.0,0.0
2019-01-07,18,0,160,0.6,0.6,0.0,5.282577,0.0
2019-01-07,18,0,161,15.97,15.97,0.0,-151.569956,0.0
2019-01-07,18,0,162,48.01,48.01,0.0,1046.313508,0.0
2019-01-07,18,0,163,101.0,101.0,0.0,-5280.015028,0.0
2019-01-07,18,0,164,7.47,7.47,0.0,25.299953,0.0
2019-01-07,18,0,167,0.96,0.96,0.0,20.715278,0.0
2019-01-07,18,0,168,0.48,0.48,0.0,10.357639,0.0
2019-01-07,18,0,169,0.0,0.0,0.0,0.0,0.0
2019-01-07,18,0,170,1.05,1.05,0.0,22.657335,0.0
2019-01-07,18,0,172,1.36,1.36,0.0,27.154717,0.0
2019-01-07,18,0,173,2.07,2.07,0.0,41.331076,0.0
2019-01-07,18,0,188,1.88,1.88,0.0,38.623619,0.0
2019-01-07,18,0,190,1.94,1.94,0.0,52.478607,0.0
2019-01-07,18,0,191,5.01,5.01,0.0,135.524651,0.0
2019-01-07,18,0,192,116.53,116.53,0.0,3152.233057,0.0
2019-01-07,18,0,194,40.59,40.59,0.0,400.50892,0.0
2019-01-07,18,0,196,1.4,1.4,0.0,53.320496,0.0
2019-01-07,18,0,198,2.45,2.45,0.0,23.576457,0.0
2019-01-07,18,0,199,37.01,37.01,0.0,415.238409,0.0
2019-01-07,18,0,200,3.94,3.94,0.0,44.205332,0.0
2019-01-07,18,0,204,65.66,65.66,0.0,440.840272,0.0
2019-01-07,18,0,205,95.42,95.42,0.0,658.047727,0.0
2019-01-07,18,0,206,204.52,204.52,0.0,684.013578,0.0
2019-01-07,18,0,210,0.43,0.43,0.0,3.280408,0.0
2019-01-07,18,0,214,2.83,2.83,0.0,36.137282,0.0
2019-01-07,18,0,217,1.78,1.78,0.0,18.749891,0.0
2019-01-07,18,0,218,2.45,2.45,0.0,25.807434,0.0
2019-01-07,18,0,219,1.67,1.67,0.0,17.59119,0.0
2019-01-07,18,0,221,1.51,1.51,0.0,19.28173,0.0
2019-01-07,18,0,225,1.32,1.32,0.0,9.424782,0.0
2019-01-07,18,0,233,1.92,1.92,0.0,22.869072,0.0
2019-01-07,18,0,236,7.51,7.51,0.0,72.544931,0.0
2019-01-07,18,0,237,0.0,0.0,0.0,0.0,0.0
2019-01-07,18,0,238,23.96,23.96,0.0,243.136709,0.0
2019-01-07,18,0,240,3.12,3.12,0.0,24.994737,0.0
2019-01-07,18,0,245,38.19,38.19,0.0,407.729434,0.0
2019-01-07,18,0,247,40.98,40.98,0.0,437.516423,0.0
2019-01-07,18,0,248,0.0,0.0,0.0,0.0,0.0
2019-01-07,18,0,249,73.43,73.43,0.0,783.963665,0.0
2019-01-07,18,0,251,92.15,92.15,0.0,949.843915,0.0
2019-01-07,18,0,252,100.14,100.14,0.0,1041.79593,0.0
2019-01-07,18,0,254,4.22,4.22,0.0,35.031535,0.0
2019-01-07,18,0,255,1.93,1.93,0.0,16.021531,0.0
2019-01-07,18,0,258,3.84,3.84,0.0,30.838217,0.0
2019-01-07,18,0,260,1.46,1.46,0.0,12.854271,0.0
2019-01-07,18,0,265,23.59,23.59,0.0,131.862461,0.0
2019-01-07,18,0,266,3.76,3.76,0.0,21.017501,0.0
2019-01-07,18,0,267,4.62,4.62,0.0,25.824696,0.0
2019-01-07,18,0,270,315.43,315.43,0.0,-16489.852873,0.0
2019-01-07,18,0,272,69.99,69.99,0.0,57.823805,0.0
2019-01-07,18,0,273,6.57,6.57,0.0,-343.462364,0.0
2019-01-07,18,0,274,406.62,406.62,0.0,-21257.026837,0.0
2019-01-07,18,0,275,566.02,566.02,0.0,-29590.040653,0.0
2019-01-07,18,0,276,1.54,1.54,0.0,-69.41666,0.0
2019-01-07,18,0,277,1.99,1.99,0.0,0.617065,0.0
2019-01-07,18,0,278,3.18,3.18,0.0,0.986064,0.0
2019-01-07,18,0,279,133.43,133.43,0.0,41.374376,0.0
2019-01-07,18,0,281,20.11,20.11,0.0,68.110047,0.0
2019-01-07,18,0,282,97.99,97.99,0.0,331.879837,0.0
2019-01-07,19,0,9,0.0,0.0,0.0,0.0,0.0
2019-01-07,19,0,17,0.0,0.0,0.0,0.0,0.0
2019-01-07,19,0,19,340.71,340.71,0.0,5218.070827,0.0
2019-01-07,19,0,20,414.13,414.13,0.0,6342.519068,0.0
2019-01-07,19,0,21,0.0,0.0,0.0,0.0,0.0
2019-01-07,19,0,22,0.0,0.0,0.0,0.0,0.0
2019-01-07,19,0,23,37.88,37.88,0.0,508.202676,0.0
2019-01-07,19,0,24,67.02,67.02,0.0,899.148451,0.0
2019-01-07,19,0,29,0.0,0.0,0.0,0.0,0.0
2019-01-07,19,0,30,0.0,0.0,0.0,0.0,0.0
2019-01-07,19,0,31,9.19,9.19,0.0,123.23324,0.0
2019-01-07,19,0,32,0.0,0.0,0.0,0.0,0.0
2019-01-07,19,0,33,0.0,0.0,0.0,0.0,0.0
2019-01-07,19,0,34,0.0,0.0,0.0,0.0,0.0
2019-01-07,19,0,35,0.0,0.0,0.0,0.0,0.0
2019-01-07,19,0,36,0.0,0.0,0.0,0.0,0.0
2019-01-07,19,0,37,0.0,0.0,0.0,0.0,0.0
2019-01-07,19,0,38,0.0,0.0,0.0,0.0,0.0
2019-01-07,19,0,39,0.0,0.0,0.0,0.0,0.0
2019-01-07,19,0,40,0.0,0.0,0.0,0.0,0.0
2019-01-07,19,0,41,5.35,5.35,0.0,73.978174,0.0
2019-01-07,19,0,42,0.0,0.0,0.0,0.0,0.0
2019-01-07,19,0,43,0.0,0.0,0.0,0.0,0.0
2019-01-07,19,0,46,0.0,0.0,0.0,0.0,0.0
2019-01-07,19,0,52,9.74,9.74,0.0,130.608461,0.0
2019-01-07,19,0,53,15.48,15.48,0.0,207.57895,0.0
2019-01-07,19,0,55,44.65,44.65,0.0,599.029817,0.0
2019-01-07,19,0,56,0.0,0.0,0.0,0.0,0.0
2019-01-07,19,0,57,0.0,0.0,0.0,0.0,0.0
2019-01-07,19,0,58,0.0,0.0,0.0,0.0,0.0
2019-01-07,19,0,59,0.0,0.0,0.0,0.0,0.0
2019-01-07,19,0,63,69.98,69.98,0.0,881.92498,0.0
2019-01-07,19,0,64,82.33,82.33,0.0,1037.566214,0.0
2019-01-07,19,0,65,19.98,19.98,0.0,305.503139,0.0
2019-01-07,19,0,67,0.0,0.0,0.0,0.0,0.0
2019-01-07,19,0,68,5.17,5.17,0.0,65.816147,0.0
2019-01-07,19,0,69,0.0,0.0,0.0,0.0,0.0
2019-01-07,19,0,74,0.0,0.0,0.0,0.0,0.0
2019-01-07,19,0,77,22.23,22.23,0.0,284.396976,0.0
2019-01-07,19,0,78,16.8,16.8,0.0,214.928889,0.0
2019-01-07,19,0,79,9.72,9.72,0.0,124.351714,0.0
2019-01-07,19,0,80,15.73,15.73,0.0,201.239965,0.0
2019-01-07,19,0,81,20.56,20.56,0.0,263.032021,0.0
2019-01-07,19,0,82,14.5,14.5,0.0,185.5041,0.0
2019-01-07,19,0,83,32.34,32.34,0.0,413.738111,0.0
2019-01-07,19,0,84,0.0,0.0,0.0,0.0,0.0
2019-01-07,19,0,86,0.0,0.0,0.0,0.0,0.0
2019-01-07,19,0,87,0.0,0.0,0.0,0.0,0.0
2019-01-07,19,0,88,21.65,21.65,0.0,276.976812,0.0
2019-01-07,19,0,89,20.81,20.81,0.0,266.230367,0.0
2019-01-07,19,0,90,27.94,27.94,0.0,357.447211,0.0
2019-01-07,19,0,91,99.68,99.68,0.0,1275.244739,0.0
2019-01-07,19,0,92,35.85,35.85,0.0,458.642896,0.0
2019-01-07,19,0,95,42.21,42.21,0.0,531.997267,0.0
2019-01-07,19,0,96,8.43,8.43,0.0,112.983627,0.0
2019-01-07,19,0,97,51.82,51.82,0.0,694.520946,0.0
2019-01-07,19,0,99,0.0,0.0,0.0,0.0,0.0
2019-01-07,19,0,101,0.0,0.0,0.0,0.0,0.0
2019-01-07,19,0,102,14.8,14.8,0.0,188.40986,0.0
2019-01-07,19,0,103,12.42,12.42,0.0,158.111518,0.0
2019-01-07,19,0,104,1.77,1.77,0.0,22.532801,0.0
2019-01-07,19,0,106,0.0,0.0,0.0,0.0,0.0
2019-01-07,19,0,109,22.18,22.18,0.0,309.127151,0.0
2019-01-07,19,0,110,150.73,150.73,0.0,1903.248815,0.0
2019-01-07,19,0,111,0.0,0.0,0.0,0.0,0.0
2019-01-07,19,0,113,17.26,17.26,0.0,218.535408,0.0
2019-01-07,19,0,115,17.26,17.26,0.0,218.535408,0.0
2019-01-07,19,0,116,0.0,0.0,0.0,0.0,0.0
2019-01-07,19,0,117,1.15,1.15,0.0,14.560586,0.0
2019-01-07,19,0,119,82.33,82.33,0.0,1037.566214,0.0
2019-01-07,19,0,120,48.41,48.41,0.0,610.088429,0.0
2019-01-07,19,0,123,0.0,0.0,0.0,0.0,0.0
2019-01-07,19,0,125,60.65,60.65,0.0,813.687758,0.0
2019-01-07,19,0,126,0.0,0.0,0.0,0.0,0.0
2019-01-07,19,0,127,0.0,0.0,0.0,0.0,0.0
2019-01-07,19,0,128,86.86,86.86,0.0,1165.324298,0.0
2019-01-07,19,0,131,11.21,11.21,0.0,142.784032,0.0
2019-01-07,19,0,132,16.48,16.48,0.0,209.909085,0.0
2019-01-07,19,0,133,71.11,71.11,0.0,1089.236336,0.0
2019-01-07,19,0,134,0.0,0.0,0.0,0.0,0.0
2019-01-07,19,0,135,96.35,96.35,0.0,1475.8532,0.0
2019-01-07,19,0,136,27.57,27.57,0.0,421.520042,0.0
2019-01-07,19,0,139,6.91,6.91,0.0,95.54938,0.0
2019-01-07,19,0,140,111.56,111.56,0.0,1408.654135,0.0
2019-01-07,19,0,141,70.42,70.42,0.0,894.679949,0.0
2019-01-07,19,0,142,0.0,0.0,0.0,0.0,0.0
2019-01-07,19,0,143,14.62,14.62,0.0,196.046786,0.0
2019-01-07,19,0,145,7.06,7.06,0.0,96.062669,0.0
2019-01-07,19,0,146,144.21,144.21,0.0,1820.921592,0.0
2019-01-07,19,0,152,0.0,0.0,0.0,0.0,0.0
2019-01-07,19,0,153,0.0,0.0,0.0,0.0,0.0
2019-01-07,19,0,154,0.0,0.0,0.0,0.0,0.0
2019-01-07,19,0,157,110.53,110.53,0.0,1404.273995,0.0
2019-01-07,19,0,158,0.0,0.0,0.0,0.0,0.0
2019-01-07,19,0,159,0.0,0.0,0.0,0.0,0.0
2019-01-07,19,0,160,0.0,0.0,0.0,0.0,0.0
2019-01-07,19,0,161,0.0,0.0,0.0,0.0,0.0
2019-01-07,19,0,162,49.29,49.29,0.0,621.227117,0.0
2019-01-07,19,0,163,82.03,82.03,0.0,1035.782527,0.0
2019-01-07,19,0,164,0.16,0.16,0.0,2.145519,0.0
2019-01-07,19,0,167,0.0,0.0,0.0,0.0,0.0
2019-01-07,19,0,168,0.0,0.0,0.0,0.0,0.0
2019-01-07,19,0,169,0.0,0.0,0.0,0.0,0.0
2019-01-07,19,0,170,0.0,0.0,0.0,0.0,0.0
2019-01-07,19,0,172,0.0,0.0,0.0,0.0,0.0
2019-01-07,19,0,173,0.0,0.0,0.0,0.0,0.0
2019-01-07,19,0,188,0.0,0.0,0.0,0.0,0.0
2019-01-07,19,0,190,0.0,0.0,0.0,0.0,0.0
2019-01-07,19,0,191,0.0,0.0,0.0,0.0,0.0
2019-01-07,19,0,192,105.59,105.59,0.0,1330.701038,0.0
2019-01-07,19,0,194,63.57,63.57,0.0,798.260208,0.0
2019-01-07,19,0,196,0.0,0.0,0.0,0.0,0.0
2019-01-07,19,0,198,0.0,0.0,0.0,0.0,0.0
2019-01-07,19,0,199,35.29,35.29,0.0,388.392547,0.0
2019-01-07,19,0,200,0.0,0.0,0.0,0.0,0.0
2019-01-07,19,0,204,77.86,77.86,0.0,1080.781477,0.0
2019-01-07,19,0,205,117.33,117.33,0.0,1635.251965,0.0
2019-01-07,19,0,206,152.27,152.27,0.0,2040.808654,0.0
2019-01-07,19,0,210,0.0,0.0,0.0,0.0,0.0
2019-01-07,19,0,214,0.0,0.0,0.0,0.0,0.0
2019-01-07,19,0,217,0.0,0.0,0.0,0.0,0.0
2019-01-07,19,0,218,0.0,0.0,0.0,0.0,0.0
2019-01-07,19,0,219,0.0,0.0,0.0,0.0,0.0
2019-01-07,19,0,221,0.0,0.0,0.0,0.0,0.0
2019-01-07,19,0,225,0.0,0.0,0.0,0.0,0.0
2019-01-07,19,0,233,0.0,0.0,0.0,0.0,0.0
2019-01-07,19,0,236,9.39,9.39,0.0,140.556133,0.0
2019-01-07,19,0,237,0.0,0.0,0.0,0.0,0.0
2019-01-07,19,0,238,0.0,0.0,0.0,0.0,0.0
2019-01-07,19,0,240,0.0,0.0,0.0,0.0,0.0
2019-01-07,19,0,245,37.32,37.32,0.0,574.975102,0.0
2019-01-07,19,0,247,43.27,43.27,0.0,666.644498,0.0
2019-01-07,19,0,248,0.0,0.0,0.0,0.0,0.0
2019-01-07,19,0,249,71.78,71.78,0.0,1105.887267,0.0
2019-01-07,19,0,251,149.36,149.36,0.0,2277.690387,0.0
2019-01-07,19,0,252,128.9,128.9,0.0,1970.93867,0.0
2019-01-07,19,0,254,0.0,0.0,0.0,0.0,0.0
2019-01-07,19,0,255,0.0,0.0,0.0,0.0,0.0
2019-01-07,19,0,258,0.0,0.0,0.0,0.0,0.0
2019-01-07,19,0,260,0.0,0.0,0.0,0.0,0.0
2019-01-07,19,0,265,0.0,0.0,0.0,0.0,0.0
2019-01-07,19,0,266,4.47,4.47,0.0,61.809802,0.0
2019-01-07,19,0,267,5.49,5.49,0.0,75.914052,0.0
2019-01-07,19,0,270,256.19,256.19,0.0,3234.879014,0.0
2019-01-07,19,0,272,57.67,57.67,0.0,730.181747,0.0
2019-01-07,19,0,273,0.0,0.0,0.0,0.0,0.0
2019-01-07,19,0,274,330.26,330.26,0.0,4170.151619,0.0
2019-01-07,19,0,275,459.73,459.73,0.0,5804.953079,0.0
2019-01-07,19,0,276,0.0,0.0,0.0,0.0,0.0
2019-01-07,19,0,277,0.0,0.0,0.0,0.0,0.0
2019-01-07,19,0,278,0.0,0.0,0.0,0.0,0.0
2019-01-07,19,0,279,108.59,108.59,0.0,1380.646167,0.0
2019-01-07,19,0,281,4.13,4.13,0.0,55.381206,0.0
2019-01-07,19,0,282,0.0,0.0,0.0,0.0,0.0
2019-01-07,20,0,9,0.0,0.0,0.0,0.0,0.0
2019-01-07,20,0,17,0.0,0.0,0.0,0.0,0.0
2019-01-07,20,0,19,413.22,413.22,0.0,5695.268356,0.0
2019-01-07,20,0,20,501.16,501.16,0.0,6907.314963,0.0
2019-01-07,20,0,21,0.0,0.0,0.0,0.0,0.0
2019-01-07,20,0,22,0.0,0.0,0.0,0.0,0.0
2019-01-07,20,0,23,38.66,38.66,0.0,420.982422,0.0
2019-01-07,20,0,24,68.41,68.41,0.0,744.940701,0.0
2019-01-07,20,0,29,0.0,0.0,0.0,0.0,0.0
2019-01-07,20,0,30,0.0,0.0,0.0,0.0,0.0
2019-01-07,20,0,31,6.9,6.9,0.0,75.039553,0.0
2019-01-07,20,0,32,0.0,0.0,0.0,0.0,0.0
2019-01-07,20,0,33,0.0,0.0,0.0,0.0,0.0
2019-01-07,20,0,34,0.0,0.0,0.0,0.0,0.0
2019-01-07,20,0,35,0.0,0.0,0.0,0.0,0.0
2019-01-07,20,0,36,0.0,0.0,0.0,0.0,0.0
2019-01-07,20,0,37,0.0,0.0,0.0,0.0,0.0
2019-01-07,20,0,38,0.0,0.0,0.0,0.0,0.0
2019-01-07,20,0,39,0.0,0.0,0.0,0.0,0.0
2019-01-07,20,0,40,0.0,0.0,0.0,0.0,0.0
2019-01-07,20,0,41,6.01,6.01,0.0,70.161113,0.0
2019-01-07,20,0,42,0.0,0.0,0.0,0.0,0.0
2019-01-07,20,0,43,0.0,0.0,0.0,0.0,0.0
2019-01-07,20,0,46,0.0,0.0,0.0,0.0,0.0
2019-01-07,20,0,52,7.32,7.32,0.0,79.607178,0.0
2019-01-07,20,0,53,11.62,11.62,0.0,126.370958,0.0
2019-01-07,20,0,55,45.67,45.67,0.0,497.316793,0.0
2019-01-07,20,0,56,0.0,0.0,0.0,0.0,0.0
2019-01-07,20,0,57,0.0,0.0,0.0,0.0,0.0
2019-01-07,20,0,58,0.0,0.0,0.0,0.0,0.0
2019-01-07,20,0,59,0.0,0.0,0.0,0.0,0.0
2019-01-07,20,0,63,69.5,69.5,0.0,1290.647926,0.0
2019-01-07,20,0,64,81.77,81.77,0.0,1518.507639,0.0
2019-01-07,20,0,65,21.71,21.71,0.0,298.580475,0.0
2019-01-07,20,0,67,0.0,0.0,0.0,0.0,0.0
2019-01-07,20,0,68,4.17,4.17,0.0,27.663877,0.0
2019-01-07,20,0,69,0.0,0.0,0.0,0.0,0.0
2019-01-07,20,0,74,0.0,0.0,0.0,0.0,0.0
2019-01-07,20,0,77,33.11,33.11,0.0,316.186099,0.0
2019-01-07,20,0,78,25.13,25.13,0.0,239.98057,0.0
2019-01-07,20,0,79,14.63,14.63,0.0,139.710137,0.0
2019-01-07,20,0,80,23.54,23.54,0.0,224.796761,0.0
2019-01-07,20,0,81,30.66,30.66,0.0,292.789665,0.0
2019-01-07,20,0,82,21.73,21.73,0.0,207.512049,0.0
2019-01-07,20,0,83,47.8,47.8,0.0,456.46921,0.0
2019-01-07,20,0,84,0.0,0.0,0.0,0.0,0.0
2019-01-07,20,0,86,0.0,0.0,0.0,0.0,0.0
2019-01-07,20,0,87,0.0,0.0,0.0,0.0,0.0
2019-01-07,20,0,88,41.02,41.02,0.0,391.723159,0.0
2019-01-07,20,0,89,39.44,39.44,0.0,376.634846,0.0
2019-01-07,20,0,90,52.92,52.92,0.0,505.362983,0.0
2019-01-07,20,0,91,188.4,188.4,0.0,1799.138057,0.0
2019-01-07,20,0,92,67.85,67.85,0.0,647.937989,0.0
2019-01-07,20,0,95,42.38,42.38,0.0,716.67804,0.0
2019-01-07,20,0,96,9.25,9.25,0.0,100.460618,0.0
2019-01-07,20,0,97,66.8,66.8,0.0,725.488573,0.0
2019-01-07,20,0,99,0.0,0.0,0.0,0.0,0.0
2019-01-07,20,0,101,0.0,0.0,0.0,0.0,0.0
2019-01-07,20,0,102,9.86,9.86,0.0,65.411468,0.0
2019-01-07,20,0,103,8.58,8.58,0.0,56.919919,0.0
2019-01-07,20,0,104,1.59,1.59,0.0,10.548097,0.0
2019-01-07,20,0,106,0.0,0.0,0.0,0.0,0.0
2019-01-07,20,0,109,17.07,17.07,0.0,205.925901,0.0
2019-01-07,20,0,110,148.64,148.64,0.0,-1063.267939,0.0
2019-01-07,20,0,111,0.0,0.0,0.0,0.0,0.0
2019-01-07,20,0,113,17.99,17.99,0.0,178.915684,0.0
2019-01-07,20,0,115,17.99,17.99,0.0,178.915684,0.0
2019-01-07,20,0,116,0.0,0.0,0.0,-0.0,0.0
2019-01-07,20,0,117,1.2,1.2,0.0,11.934342,0.0
2019-01-07,20,0,119,81.77,81.77,0.0,1518.507639,0.0
2019-01-07,20,0,120,48.08,48.08,0.0,892.868378,0.0
2019-01-07,20,0,123,0.0,0.0,0.0,0.0,0.0
2019-01-07,20,0,125,61.9,61.9,0.0,674.051007,0.0
2019-01-07,20,0,126,0.0,0.0,0.0,0.0,0.0
2019-01-07,20,0,127,0.0,0.0,0.0,0.0,0.0
2019-01-07,20,0,128,88.66,88.66,0.0,965.450117,0.0
2019-01-07,20,0,131,11.5,11.5,0.0,86.715112,0.0
2019-01-07,20,0,132,16.9,16.9,0.0,127.433513,0.0
2019-01-07,20,0,133,61.24,61.24,0.0,844.220082,0.0
2019-01-07,20,0,134,0.0,0.0,0.0,0.0,0.0
2019-01-07,20,0,135,81.6,81.6,0.0,1124.891553,0.0
2019-01-07,20,0,136,29.34,29.34,0.0,403.469312,0.0
2019-01-07,20,0,139,8.04,8.04,0.0,93.859458,0.0
2019-01-07,20,0,140,110.01,110.01,0.0,-786.935589,0.0
2019-01-07,20,0,141,75.31,75.31,0.0,244.009379,0.0
2019-01-07,20,0,142,0.0,0.0,0.0,0.0,0.0
2019-01-07,20,0,143,11.08,11.08,0.0,120.498297,0.0
2019-01-07,20,0,145,6.53,6.53,0.0,73.902394,0.0
2019-01-07,20,0,146,145.8,145.8,0.0,-1042.95254,0.0
2019-01-07,20,0,152,0.0,0.0,0.0,0.0,0.0
2019-01-07,20,0,153,0.0,0.0,0.0,0.0,0.0
2019-01-07,20,0,154,0.0,0.0,0.0,0.0,0.0
2019-01-07,20,0,157,119.46,119.46,0.0,387.058297,0.0
2019-01-07,20,0,158,0.0,0.0,0.0,0.0,0.0
2019-01-07,20,0,159,0.0,0.0,0.0,0.0,0.0
2019-01-07,20,0,160,0.0,0.0,0.0,0.0,0.0
2019-01-07,20,0,161,0.0,0.0,0.0,0.0,0.0
2019-01-07,20,0,162,51.32,51.32,0.0,868.786443,0.0
2019-01-07,20,0,163,82.59,82.59,0.0,-590.79184,0.0
2019-01-07,20,0,164,0.0,0.0,0.0,0.0,0.0
2019-01-07,20,0,167,0.0,0.0,0.0,0.0,0.0
2019-01-07,20,0,168,0.0,0.0,0.0,0.0,0.0
2019-01-07,20,0,169,0.0,0.0,0.0,0.0,0.0
2019-01-07,20,0,170,0.0,0.0,0.0,0.0,0.0
2019-01-07,20,0,172,0.0,0.0,0.0,0.0,0.0
2019-01-07,20,0,173,0.0,0.0,0.0,0.0,0.0
2019-01-07,20,0,188,0.0,0.0,0.0,0.0,0.0
2019-01-07,20,0,190,0.0,0.0,0.0,0.0,0.0
2019-01-07,20,0,191,0.0,0.0,0.0,0.0,0.0
2019-01-07,20,0,192,108.58,108.58,0.0,2016.38204,0.0
2019-01-07,20,0,194,65.48,65.48,0.0,840.816622,0.0
2019-01-07,20,0,196,0.0,0.0,0.0,0.0,0.0
2019-01-07,20,0,198,0.0,0.0,0.0,0.0,0.0
2019-01-07,20,0,199,33.87,33.87,0.0,386.763252,0.0
2019-01-07,20,0,200,0.0,0.0,0.0,0.0,0.0
2019-01-07,20,0,204,107.17,107.17,0.0,1284.371311,0.0
2019-01-07,20,0,205,90.29,90.29,0.0,1089.223759,0.0
2019-01-07,20,0,206,253.04,253.04,0.0,2748.168092,0.0
2019-01-07,20,0,210,0.0,0.0,0.0,0.0,0.0
2019-01-07,20,0,214,0.0,0.0,0.0,0.0,0.0
2019-01-07,20,0,217,0.0,0.0,0.0,0.0,0.0
2019-01-07,20,0,218,0.0,0.0,0.0,0.0,0.0
2019-01-07,20,0,219,0.0,0.0,0.0,0.0,0.0
2019-01-07,20,0,221,0.0,0.0,0.0,0.0,0.0
2019-01-07,20,0,225,0.0,0.0,0.0,0.0,0.0
2019-01-07,20,0,233,0.0,0.0,0.0,0.0,0.0
2019-01-07,20,0,236,13.16,13.16,0.0,175.998391,0.0
2019-01-07,20,0,237,0.0,0.0,0.0,0.0,0.0
2019-01-07,20,0,238,0.0,0.0,0.0,0.0,0.0
2019-01-07,20,0,240,0.0,0.0,0.0,0.0,0.0
2019-01-07,20,0,245,76.2,76.2,0.0,1058.510911,0.0
2019-01-07,20,0,247,50.39,50.39,0.0,699.978541,0.0
2019-01-07,20,0,248,0.0,0.0,0.0,0.0,0.0
2019-01-07,20,0,249,146.48,146.48,0.0,2034.785804,0.0
2019-01-07,20,0,251,172.34,172.34,0.0,2361.860935,0.0
2019-01-07,20,0,252,140.02,140.02,0.0,1925.713411,0.0
2019-01-07,20,0,254,0.0,0.0,0.0,0.0,0.0
2019-01-07,20,0,255,0.0,0.0,0.0,0.0,0.0
2019-01-07,20,0,258,0.0,0.0,0.0,0.0,0.0
2019-01-07,20,0,260,0.0,0.0,0.0,0.0,0.0
2019-01-07,20,0,265,0.0,0.0,0.0,0.0,0.0
2019-01-07,20,0,266,4.9,4.9,0.0,57.202904,0.0
2019-01-07,20,0,267,6.2,6.2,0.0,72.379184,0.0
2019-01-07,20,0,270,257.93,257.93,0.0,-1845.053145,0.0
2019-01-07,20,0,272,60.11,60.11,0.0,597.811104,0.0
2019-01-07,20,0,273,0.0,0.0,0.0,-0.0,0.0
2019-01-07,20,0,274,332.5,332.5,0.0,-2378.475442,0.0
2019-01-07,20,0,275,462.85,462.85,0.0,-3310.909349,0.0
2019-01-07,20,0,276,0.0,0.0,0.0,-0.0,0.0
2019-01-07,20,0,277,0.0,0.0,0.0,0.0,0.0
2019-01-07,20,0,278,0.0,0.0,0.0,0.0,0.0
2019-01-07,20,0,279,270.39,270.39,0.0,2646.208161,0.0
2019-01-07,20,0,281,3.1,3.1,0.0,33.713423,0.0
2019-01-07,20,0,282,0.0,0.0,0.0,0.0,0.0
2019-01-07,21,0,9,0.0,0.0,0.0,0.0,0.0
2019-01-07,21,0,17,0.0,0.0,0.0,0.0,0.0
2019-01-07,21,0,19,481.31,481.31,0.0,2758.894187,0.0
2019-01-07,21,0,20,583.73,583.73,0.0,3345.971003,0.0
2019-01-07,21,0,21,0.0,0.0,0.0,0.0,0.0
2019-01-07,21,0,22,0.0,0.0,0.0,0.0,0.0
2019-01-07,21,0,23,40.99,40.99,0.0,298.474838,0.0
2019-01-07,21,0,24,72.53,72.53,0.0,528.138083,0.0
2019-01-07,21,0,29,0.0,0.0,0.0,0.0,0.0
2019-01-07,21,0,30,0.0,0.0,0.0,0.0,0.0
2019-01-07,21,0,31,5.17,5.17,0.0,37.566729,0.0
2019-01-07,21,0,32,0.0,0.0,0.0,0.0,0.0
2019-01-07,21,0,33,0.0,0.0,0.0,0.0,0.0
2019-01-07,21,0,34,0.0,0.0,0.0,0.0,0.0
2019-01-07,21,0,35,0.0,0.0,0.0,0.0,0.0
2019-01-07,21,0,36,0.0,0.0,0.0,0.0,0.0
2019-01-07,21,0,37,0.0,0.0,0.0,0.0,0.0
2019-01-07,21,0,38,0.0,0.0,0.0,0.0,0.0
2019-01-07,21,0,39,0.0,0.0,0.0,0.0,0.0
2019-01-07,21,0,40,0.0,0.0,0.0,0.0,0.0
2019-01-07,21,0,41,8.58,8.58,0.0,69.476601,0.0
2019-01-07,21,0,42,0.0,0.0,0.0,0.0,0.0
2019-01-07,21,0,43,0.0,0.0,0.0,0.0,0.0
2019-01-07,21,0,46,0.0,0.0,0.0,0.0,0.0
2019-01-07,21,0,52,5.48,5.48,0.0,39.819279,0.0
2019-01-07,21,0,53,8.71,8.71,0.0,63.289402,0.0
2019-01-07,21,0,55,47.43,47.43,0.0,345.368665,0.0
2019-01-07,21,0,56,0.0,0.0,0.0,0.0,0.0
2019-01-07,21,0,57,0.0,0.0,0.0,0.0,0.0
2019-01-07,21,0,58,0.0,0.0,0.0,0.0,0.0
2019-01-07,21,0,59,0.0,0.0,0.0,0.0,0.0
2019-01-07,21,0,63,70.37,70.37,0.0,1162.494882,0.0
2019-01-07,21,0,64,82.79,82.79,0.0,1367.67019,0.0
2019-01-07,21,0,65,23.72,23.72,0.0,184.642219,0.0
2019-01-07,21,0,67,0.0,0.0,0.0,-0.0,0.0
2019-01-07,21,0,68,4.32,4.32,0.0,9.949948,0.0
2019-01-07,21,0,69,0.0,0.0,0.0,0.0,0.0
2019-01-07,21,0,74,2.22,2.22,0.0,20.627531,0.0
2019-01-07,21,0,77,73.48,73.48,0.0,426.823594,0.0
2019-01-07,21,0,78,55.66,55.66,0.0,323.312483,0.0
2019-01-07,21,0,79,32.29,32.29,0.0,187.563063,0.0
2019-01-07,21,0,80,52.11,52.11,0.0,302.691583,0.0
2019-01-07,21,0,81,68.01,68.01,0.0,395.049982,0.0
2019-01-07,21,0,82,48.08,48.08,0.0,279.282504,0.0
2019-01-07,21,0,83,106.53,106.53,0.0,618.801272,0.0
2019-01-07,21,0,84,0.0,0.0,0.0,0.0,0.0
2019-01-07,21,0,86,0.0,0.0,0.0,0.0,0.0
2019-01-07,21,0,87,0.0,0.0,0.0,0.0,0.0
2019-01-07,21,0,88,75.57,75.57,0.0,438.963786,0.0
2019-01-07,21,0,89,72.64,72.64,0.0,421.944283,0.0
2019-01-07,21,0,90,97.54,97.54,0.0,566.58102,0.0
2019-01-07,21,0,91,347.93,347.93,0.0,2021.022498,0.0
2019-01-07,21,0,92,125.13,125.13,0.0,726.843173,0.0
2019-01-07,21,0,95,43.11,43.11,0.0,623.172617,0.0
2019-01-07,21,0,96,9.21,9.21,0.0,66.774719,0.0
2019-01-07,21,0,97,56.63,56.63,0.0,410.581145,0.0
2019-01-07,21,0,99,0.43,0.43,0.0,3.995423,0.0
2019-01-07,21,0,101,0.0,0.0,0.0,0.0,0.0
2019-01-07,21,0,102,10.23,10.23,0.0,23.562029,0.0
2019-01-07,21,0,103,8.9,8.9,0.0,20.498735,0.0
2019-01-07,21,0,104,1.65,1.65,0.0,3.800327,0.0
2019-01-07,21,0,106,0.0,0.0,0.0,0.0,0.0
2019-01-07,21,0,109,18.57,18.57,0.0,159.653279,0.0
2019-01-07,21,0,110,150.22,150.22,0.0,-2150.992026,0.0
2019-01-07,21,0,111,0.0,0.0,0.0,0.0,0.0
2019-01-07,21,0,113,36.15,36.15,0.0,228.363537,0.0
2019-01-07,21,0,115,36.15,36.15,0.0,228.363537,0.0
2019-01-07,21,0,116,0.0,0.0,0.0,-0.0,0.0
2019-01-07,21,0,117,2.43,2.43,0.0,15.350578,0.0
2019-01-07,21,0,119,82.79,82.79,0.0,1367.67019,0.0
2019-01-07,21,0,120,48.68,48.68,0.0,804.181481,0.0
2019-01-07,21,0,123,0.0,0.0,0.0,0.0,0.0
2019-01-07,21,0,125,65.64,65.64,0.0,477.967514,0.0
2019-01-07,21,0,126,0.0,0.0,0.0,0.0,0.0
2019-01-07,21,0,127,0.0,0.0,0.0,0.0,0.0
2019-01-07,21,0,128,94.01,94.01,0.0,684.547928,0.0
2019-01-07,21,0,131,12.28,12.28,0.0,41.70314,0.0
2019-01-07,21,0,132,18.06,18.06,0.0,61.332143,0.0
2019-01-07,21,0,133,61.17,61.17,0.0,624.147133,0.0
2019-01-07,21,0,134,0.0,0.0,0.0,0.0,0.0
2019-01-07,21,0,135,79.53,79.53,0.0,811.483105,0.0
2019-01-07,21,0,136,31.27,31.27,0.0,246.936158,0.0
2019-01-07,21,0,139,11.3,11.3,0.0,91.501817,0.0
2019-01-07,21,0,140,111.18,111.18,0.0,-1591.980385,0.0
2019-01-07,21,0,141,87.78,87.78,0.0,-157.000395,0.0
2019-01-07,21,0,142,0.0,0.0,0.0,-0.0,0.0
2019-01-07,21,0,143,8.28,8.28,0.0,60.164897,0.0
2019-01-07,21,0,145,6.11,6.11,0.0,47.417576,0.0
2019-01-07,21,0,146,148.86,148.86,0.0,-2131.51826,0.0
2019-01-07,21,0,152,0.0,0.0,0.0,0.0,0.0
2019-01-07,21,0,153,0.0,0.0,0.0,0.0,0.0
2019-01-07,21,0,154,0.0,0.0,0.0,0.0,0.0
2019-01-07,21,0,157,129.16,129.16,0.0,-231.011289,0.0
2019-01-07,21,0,158,0.0,0.0,0.0,-0.0,0.0
2019-01-07,21,0,159,0.0,0.0,0.0,0.0,0.0
2019-01-07,21,0,160,0.0,0.0,0.0,0.0,0.0
2019-01-07,21,0,161,0.0,0.0,0.0,0.0,0.0
2019-01-07,21,0,162,54.15,54.15,0.0,784.005292,0.0
2019-01-07,21,0,163,84.89,84.89,0.0,-1215.535302,0.0
2019-01-07,21,0,164,0.0,0.0,0.0,0.0,0.0
2019-01-07,21,0,167,0.0,0.0,0.0,0.0,0.0
2019-01-07,21,0,168,0.0,0.0,0.0,0.0,0.0
2019-01-07,21,0,169,0.0,0.0,0.0,0.0,0.0
2019-01-07,21,0,170,0.0,0.0,0.0,0.0,0.0
2019-01-07,21,0,172,0.0,0.0,0.0,0.0,0.0
2019-01-07,21,0,173,0.0,0.0,0.0,0.0,0.0
2019-01-07,21,0,188,0.0,0.0,0.0,0.0,0.0
2019-01-07,21,0,190,0.0,0.0,0.0,0.0,0.0
2019-01-07,21,0,191,0.0,0.0,0.0,0.0,0.0
2019-01-07,21,0,192,112.14,112.14,0.0,1852.524883,0.0
2019-01-07,21,0,194,68.36,68.36,0.0,672.472309,0.0
2019-01-07,21,0,196,0.0,0.0,0.0,0.0,0.0
2019-01-07,21,0,198,0.0,0.0,0.0,0.0,0.0
2019-01-07,21,0,199,35.34,35.34,0.0,367.464478,0.0
2019-01-07,21,0,200,0.0,0.0,0.0,0.0,0.0
2019-01-07,21,0,204,151.36,151.36,0.0,1291.032624,0.0
2019-01-07,21,0,205,86.19,86.19,0.0,741.007868,0.0
2019-01-07,21,0,206,166.4,166.4,0.0,1206.440095,0.0
2019-01-07,21,0,210,0.0,0.0,0.0,0.0,0.0
2019-01-07,21,0,214,0.0,0.0,0.0,0.0,0.0
2019-01-07,21,0,217,0.0,0.0,0.0,0.0,0.0
2019-01-07,21,0,218,0.0,0.0,0.0,0.0,0.0
2019-01-07,21,0,219,0.0,0.0,0.0,0.0,0.0
2019-01-07,21,0,221,0.0,0.0,0.0,0.0,0.0
2019-01-07,21,0,225,0.0,0.0,0.0,0.0,0.0
2019-01-07,21,0,233,0.0,0.0,0.0,0.0,0.0
2019-01-07,21,0,236,18.63,18.63,0.0,179.184719,0.0
2019-01-07,21,0,237,5.33,5.33,0.0,49.524657,0.0
2019-01-07,21,0,238,0.0,0.0,0.0,0.0,0.0
2019-01-07,21,0,240,0.0,0.0,0.0,0.0,0.0
2019-01-07,21,0,245,149.95,149.95,0.0,1436.780194,0.0
2019-01-07,21,0,247,58.9,58.9,0.0,564.363811,0.0
2019-01-07,21,0,248,0.53,0.53,0.0,4.924591,0.0
2019-01-07,21,0,249,288.36,288.36,0.0,2762.98724,0.0
2019-01-07,21,0,251,198.38,198.38,0.0,1669.359854,0.0
2019-01-07,21,0,252,153.02,153.02,0.0,1191.144705,0.0
2019-01-07,21,0,254,0.0,0.0,0.0,0.0,0.0
2019-01-07,21,0,255,0.0,0.0,0.0,0.0,0.0
2019-01-07,21,0,258,0.0,0.0,0.0,0.0,0.0
2019-01-07,21,0,260,0.0,0.0,0.0,0.0,0.0
2019-01-07,21,0,265,0.0,0.0,0.0,0.0,0.0
2019-01-07,21,0,266,7.08,7.08,0.0,57.330342,0.0
2019-01-07,21,0,267,8.83,8.83,0.0,71.500977,0.0
2019-01-07,21,0,270,265.12,265.12,0.0,-3796.238889,0.0
2019-01-07,21,0,272,120.74,120.74,0.0,762.727896,0.0
2019-01-07,21,0,273,0.0,0.0,0.0,-0.0,0.0
2019-01-07,21,0,274,341.77,341.77,0.0,-4893.786078,0.0
2019-01-07,21,0,275,475.75,475.75,0.0,-6812.238426,0.0
2019-01-07,21,0,276,0.0,0.0,0.0,-0.0,0.0
2019-01-07,21,0,277,0.0,0.0,0.0,0.0,0.0
2019-01-07,21,0,278,0.0,0.0,0.0,0.0,0.0
2019-01-07,21,0,279,281.71,281.71,0.0,1722.17271,0.0
2019-01-07,21,0,281,2.32,2.32,0.0,16.857797,0.0
2019-01-07,21,0,282,0.0,0.0,0.0,0.0,0.0
2019-01-07,22,0,9,0.0,0.0,0.0,0.0,0.0
2019-01-07,22,0,17,0.0,0.0,0.0,0.0,0.0
2019-01-07,22,0,19,560.2,560.2,0.0,26.765814,0.0
2019-01-07,22,0,20,679.42,679.42,0.0,32.462031,0.0
2019-01-07,22,0,21,0.0,0.0,0.0,0.0,0.0
2019-01-07,22,0,22,0.0,0.0,0.0,0.0,0.0
2019-01-07,22,0,23,44.67,44.67,0.0,290.869469,0.0
2019-01-07,22,0,24,79.04,79.04,0.0,514.670312,0.0
2019-01-07,22,0,29,0.0,0.0,0.0,0.0,0.0
2019-01-07,22,0,30,0.0,0.0,0.0,0.0,0.0
2019-01-07,22,0,31,3.89,3.89,0.0,25.247182,0.0
2019-01-07,22,0,32,0.0,0.0,0.0,0.0,0.0
2019-01-07,22,0,33,0.0,0.0,0.0,0.0,0.0
2019-01-07,22,0,34,0.0,0.0,0.0,0.0,0.0
2019-01-07,22,0,35,0.0,0.0,0.0,0.0,0.0
2019-01-07,22,0,36,0.0,0.0,0.0,0.0,0.0
2019-01-07,22,0,37,0.0,0.0,0.0,0.0,0.0
2019-01-07,22,0,38,0.0,0.0,0.0,0.0,0.0
2019-01-07,22,0,39,0.0,0.0,0.0,0.0,0.0
2019-01-07,22,0,40,0.0,0.0,0.0,0.0,0.0
2019-01-07,22,0,41,9.27,9.27,0.0,70.861333,0.0
2019-01-07,22,0,42,0.0,0.0,0.0,0.0,0.0
2019-01-07,22,0,43,0.0,0.0,0.0,0.0,0.0
2019-01-07,22,0,46,0.0,0.0,0.0,0.0,0.0
2019-01-07,22,0,52,4.12,4.12,0.0,26.739946,0.0
2019-01-07,22,0,53,6.55,6.55,0.0,42.511321,0.0
2019-01-07,22,0,55,95.94,95.94,0.0,624.714951,0.0
2019-01-07,22,0,56,0.0,0.0,0.0,0.0,0.0
2019-01-07,22,0,57,0.0,0.0,0.0,0.0,0.0
2019-01-07,22,0,58,0.0,0.0,0.0,0.0,0.0
2019-01-07,22,0,59,0.0,0.0,0.0,0.0,0.0
2019-01-07,22,0,63,72.51,72.51,0.0,1350.79865,0.0
2019-01-07,22,0,64,85.31,85.31,0.0,1589.25159,0.0
2019-01-07,22,0,65,26.12,26.12,0.0,132.115709,0.0
2019-01-07,22,0,67,0.0,0.0,0.0,-0.0,0.0
2019-01-07,22,0,68,4.66,4.66,0.0,-0.83232,0.0
2019-01-07,22,0,69,0.0,0.0,0.0,0.0,0.0
2019-01-07,22,0,74,5.35,5.35,0.0,49.840082,0.0
2019-01-07,22,0,77,95.41,95.41,0.0,427.009864,0.0
2019-01-07,22,0,78,72.13,72.13,0.0,322.819636,0.0
2019-01-07,22,0,79,41.74,41.74,0.0,186.808424,0.0
2019-01-07,22,0,80,67.5,67.5,0.0,302.097954,0.0
2019-01-07,22,0,81,88.25,88.25,0.0,394.965103,0.0
2019-01-07,22,0,82,62.25,62.25,0.0,278.601447,0.0
2019-01-07,22,0,83,138.82,138.82,0.0,621.292415,0.0
2019-01-07,22,0,84,0.0,0.0,0.0,0.0,0.0
2019-01-07,22,0,86,0.0,0.0,0.0,0.0,0.0
2019-01-07,22,0,87,0.0,0.0,0.0,0.0,0.0
2019-01-07,22,0,88,79.84,79.84,0.0,357.325936,0.0
2019-01-07,22,0,89,76.75,76.75,0.0,343.496563,0.0
2019-01-07,22,0,90,103.05,103.05,0.0,461.202877,0.0
2019-01-07,22,0,91,367.61,367.61,0.0,1645.247838,0.0
2019-01-07,22,0,92,132.21,132.21,0.0,591.709194,0.0
2019-01-07,22,0,95,43.89,43.89,0.0,697.383556,0.0
2019-01-07,22,0,96,9.93,9.93,0.0,64.228046,0.0
2019-01-07,22,0,97,61.04,61.04,0.0,394.811672,0.0
2019-01-07,22,0,99,1.03,1.03,0.0,9.59538,0.0
2019-01-07,22,0,101,0.0,0.0,0.0,0.0,0.0
2019-01-07,22,0,102,11.03,11.03,0.0,-1.970062,0.0
2019-01-07,22,0,103,9.59,9.59,0.0,-1.712864,0.0
2019-01-07,22,0,104,1.78,1.78,0.0,-0.317925,0.0
2019-01-07,22,0,106,0.0,0.0,0.0,0.0,0.0
2019-01-07,22,0,109,30.93,30.93,0.0,257.573988,0.0
2019-01-07,22,0,110,153.29,153.29,0.0,-3406.279281,0.0
2019-01-07,22,0,111,0.0,0.0,0.0,0.0,0.0
2019-01-07,22,0,113,71.13,71.13,0.0,365.002773,0.0
2019-01-07,22,0,115,71.13,71.13,0.0,365.002773,0.0
2019-01-07,22,0,116,0.0,0.0,0.0,-0.0,0.0
2019-01-07,22,0,117,4.74,4.74,0.0,24.323255,0.0
2019-01-07,22,0,119,85.31,85.31,0.0,1589.25159,0.0
2019-01-07,22,0,120,50.16,50.16,0.0,934.43746,0.0
2019-01-07,22,0,123,0.0,0.0,0.0,0.0,0.0
2019-01-07,22,0,125,71.52,71.52,0.0,465.703703,0.0
2019-01-07,22,0,126,0.0,0.0,0.0,0.0,0.0
2019-01-07,22,0,127,0.0,0.0,0.0,0.0,0.0
2019-01-07,22,0,128,102.44,102.44,0.0,667.039812,0.0
2019-01-07,22,0,131,13.53,13.53,0.0,17.190328,0.0
2019-01-07,22,0,132,19.88,19.88,0.0,25.258221,0.0
2019-01-07,22,0,133,105.86,105.86,0.0,1155.586709,0.0
2019-01-07,22,0,134,0.0,0.0,0.0,0.0,0.0
2019-01-07,22,0,135,141.85,141.85,0.0,1548.459991,0.0
2019-01-07,22,0,136,33.37,33.37,0.0,177.964923,0.0
2019-01-07,22,0,139,11.97,11.97,0.0,91.500556,0.0
2019-01-07,22,0,140,113.45,113.45,0.0,-2520.988874,0.0
2019-01-07,22,0,141,110.14,110.14,0.0,-617.302467,0.0
2019-01-07,22,0,142,0.0,0.0,0.0,-0.0,0.0
2019-01-07,22,0,143,6.21,6.21,0.0,40.304627,0.0
2019-01-07,22,0,145,14.17,14.17,0.0,101.637625,0.0
2019-01-07,22,0,146,153.92,153.92,0.0,-3420.278602,0.0
2019-01-07,22,0,152,0.0,0.0,0.0,0.0,0.0
2019-01-07,22,0,153,0.0,0.0,0.0,0.0,0.0
2019-01-07,22,0,154,0.0,0.0,0.0,0.0,0.0
2019-01-07,22,0,157,139.03,139.03,0.0,-779.222463,0.0
2019-01-07,22,0,158,0.0,0.0,0.0,-0.0,0.0
2019-01-07,22,0,159,0.0,0.0,0.0,0.0,0.0
2019-01-07,22,0,160,0.0,0.0,0.0,0.0,0.0
2019-01-07,22,0,161,0.0,0.0,0.0,0.0,0.0
2019-01-07,22,0,162,33.99,33.99,0.0,541.117092,0.0
2019-01-07,22,0,163,88.16,88.16,0.0,-1959.016123,0.0
2019-01-07,22,0,164,0.0,0.0,0.0,0.0,0.0
2019-01-07,22,0,167,0.0,0.0,0.0,0.0,0.0
2019-01-07,22,0,168,0.0,0.0,0.0,0.0,0.0
2019-01-07,22,0,169,0.0,0.0,0.0,0.0,0.0
2019-01-07,22,0,170,0.0,0.0,0.0,0.0,0.0
2019-01-07,22,0,172,0.0,0.0,0.0,0.0,0.0
2019-01-07,22,0,173,0.0,0.0,0.0,0.0,0.0
2019-01-07,22,0,188,0.0,0.0,0.0,0.0,0.0
2019-01-07,22,0,190,0.0,0.0,0.0,0.0,0.0
2019-01-07,22,0,191,0.0,0.0,0.0,0.0,0.0
2019-01-07,22,0,192,116.87,116.87,0.0,2177.187121,0.0
2019-01-07,22,0,194,72.08,72.08,0.0,705.120344,0.0
2019-01-07,22,0,196,0.0,0.0,0.0,0.0,0.0
2019-01-07,22,0,198,0.0,0.0,0.0,0.0,0.0
2019-01-07,22,0,199,39.38,39.38,0.0,411.464092,0.0
2019-01-07,22,0,200,0.0,0.0,0.0,0.0,0.0
2019-01-07,22,0,204,125.68,125.68,0.0,1034.569689,0.0
2019-01-07,22,0,205,153.9,153.9,0.0,1281.624209,0.0
2019-01-07,22,0,206,179.36,179.36,0.0,1160.11503,0.0
2019-01-07,22,0,210,0.0,0.0,0.0,0.0,0.0
2019-01-07,22,0,214,0.0,0.0,0.0,0.0,0.0
2019-01-07,22,0,217,0.0,0.0,0.0,0.0,0.0
2019-01-07,22,0,218,0.0,0.0,0.0,0.0,0.0
2019-01-07,22,0,219,0.0,0.0,0.0,0.0,0.0
2019-01-07,22,0,221,0.0,0.0,0.0,0.0,0.0
2019-01-07,22,0,225,0.0,0.0,0.0,0.0,0.0
2019-01-07,22,0,233,0.0,0.0,0.0,0.0,0.0
2019-01-07,22,0,236,26.2,26.2,0.0,256.391123,0.0
2019-01-07,22,0,237,12.84,12.84,0.0,119.616196,0.0
2019-01-07,22,0,238,0.0,0.0,0.0,0.0,0.0
2019-01-07,22,0,240,0.0,0.0,0.0,0.0,0.0
2019-01-07,22,0,245,166.98,166.98,0.0,1557.692872,0.0
2019-01-07,22,0,247,69.43,69.43,0.0,647.686047,0.0
2019-01-07,22,0,248,1.29,1.29,0.0,12.017515,0.0
2019-01-07,22,0,249,321.12,321.12,0.0,2995.606271,0.0
2019-01-07,22,0,251,473.23,473.23,0.0,3135.711697,0.0
2019-01-07,22,0,252,168.48,168.48,0.0,852.176673,0.0
2019-01-07,22,0,254,0.0,0.0,0.0,0.0,0.0
2019-01-07,22,0,255,0.0,0.0,0.0,0.0,0.0
2019-01-07,22,0,258,0.0,0.0,0.0,0.0,0.0
2019-01-07,22,0,260,0.0,0.0,0.0,0.0,0.0
2019-01-07,22,0,265,0.0,0.0,0.0,0.0,0.0
2019-01-07,22,0,266,7.75,7.75,0.0,59.242215,0.0
2019-01-07,22,0,267,9.53,9.53,0.0,72.848814,0.0
2019-01-07,22,0,270,275.33,275.33,0.0,-6118.147789,0.0
2019-01-07,22,0,272,237.73,237.73,0.0,1219.908749,0.0
2019-01-07,22,0,273,0.0,0.0,0.0,-0.0,0.0
2019-01-07,22,0,274,354.93,354.93,0.0,-7886.950912,0.0
2019-01-07,22,0,275,494.07,494.07,0.0,-10978.800995,0.0
2019-01-07,22,0,276,0.0,0.0,0.0,-0.0,0.0
2019-01-07,22,0,277,0.0,0.0,0.0,0.0,0.0
2019-01-07,22,0,278,0.0,0.0,0.0,0.0,0.0
2019-01-07,22,0,279,123.35,123.35,0.0,600.529748,0.0
2019-01-07,22,0,281,1.75,1.75,0.0,11.357987,0.0
2019-01-07,22,0,282,0.0,0.0,0.0,0.0,0.0
2019-01-07,23,0,9,0.0,0.0,0.0,0.0,0.0
2019-01-07,23,0,17,0.0,0.0,0.0,0.0,0.0
2019-01-07,23,0,19,445.36,445.36,0.0,4296.061008,0.0
2019-01-07,23,0,20,540.13,540.13,0.0,5210.237633,0.0
2019-01-07,23,0,21,0.0,0.0,0.0,0.0,0.0
2019-01-07,23,0,22,0.0,0.0,0.0,0.0,0.0
2019-01-07,23,0,23,45.16,45.16,0.0,360.126276,0.0
2019-01-07,23,0,24,79.91,79.91,0.0,637.2385,0.0
2019-01-07,23,0,29,0.0,0.0,0.0,0.0,0.0
2019-01-07,23,0,30,0.0,0.0,0.0,0.0,0.0
2019-01-07,23,0,31,6.04,6.04,0.0,48.109248,0.0
2019-01-07,23,0,32,0.0,0.0,0.0,0.0,0.0
2019-01-07,23,0,33,0.0,0.0,0.0,0.0,0.0
2019-01-07,23,0,34,0.0,0.0,0.0,0.0,0.0
2019-01-07,23,0,35,0.0,0.0,0.0,0.0,0.0
2019-01-07,23,0,36,0.0,0.0,0.0,0.0,0.0
2019-01-07,23,0,37,0.0,0.0,0.0,0.0,0.0
2019-01-07,23,0,38,0.0,0.0,0.0,0.0,0.0
2019-01-07,23,0,39,0.0,0.0,0.0,0.0,0.0
2019-01-07,23,0,40,0.0,0.0,0.0,0.0,0.0
2019-01-07,23,0,41,14.45,14.45,0.0,122.486967,0.0
2019-01-07,23,0,42,0.0,0.0,0.0,0.0,0.0
2019-01-07,23,0,43,0.0,0.0,0.0,0.0,0.0
2019-01-07,23,0,46,0.0,0.0,0.0,0.0,0.0
2019-01-07,23,0,52,6.4,6.4,0.0,50.976686,0.0
2019-01-07,23,0,53,10.16,10.16,0.0,80.92549,0.0
2019-01-07,23,0,55,198.23,198.23,0.0,1580.775722,0.0
2019-01-07,23,0,56,0.0,0.0,0.0,0.0,0.0
2019-01-07,23,0,57,0.0,0.0,0.0,0.0,0.0
2019-01-07,23,0,58,0.0,0.0,0.0,0.0,0.0
2019-01-07,23,0,59,0.0,0.0,0.0,0.0,0.0
2019-01-07,23,0,63,69.5,69.5,0.0,896.400642,0.0
2019-01-07,23,0,64,81.76,81.76,0.0,1054.528294,0.0
2019-01-07,23,0,65,21.54,21.54,0.0,207.468475,0.0
2019-01-07,23,0,67,0.0,0.0,0.0,0.0,0.0
2019-01-07,23,0,68,4.54,4.54,0.0,23.389752,0.0
2019-01-07,23,0,69,0.0,0.0,0.0,0.0,0.0
2019-01-07,23,0,74,5.0,5.0,0.0,46.159849,0.0
2019-01-07,23,0,77,90.55,90.55,0.0,641.042832,0.0
2019-01-07,23,0,78,68.46,68.46,0.0,484.658115,0.0
2019-01-07,23,0,79,39.62,39.62,0.0,280.487212,0.0
2019-01-07,23,0,80,64.07,64.07,0.0,453.579396,0.0
2019-01-07,23,0,81,83.76,83.76,0.0,592.973469,0.0
2019-01-07,23,0,82,59.08,59.08,0.0,418.253015,0.0
2019-01-07,23,0,83,131.75,131.75,0.0,932.715551,0.0
2019-01-07,23,0,84,0.0,0.0,0.0,0.0,0.0
2019-01-07,23,0,86,0.0,0.0,0.0,0.0,0.0
2019-01-07,23,0,87,0.0,0.0,0.0,0.0,0.0
2019-01-07,23,0,88,77.51,77.51,0.0,548.727001,0.0
2019-01-07,23,0,89,74.52,74.52,0.0,527.559491,0.0
2019-01-07,23,0,90,100.05,100.05,0.0,708.297464,0.0
2019-01-07,23,0,91,356.9,356.9,0.0,2526.650325,0.0
2019-01-07,23,0,92,128.36,128.36,0.0,908.716267,0.0
2019-01-07,23,0,95,43.03,43.03,0.0,506.196723,0.0
2019-01-07,23,0,96,9.71,9.71,0.0,77.246356,0.0
2019-01-07,23,0,97,59.7,59.7,0.0,474.933829,0.0
2019-01-07,23,0,99,0.97,0.97,0.0,8.955011,0.0
2019-01-07,23,0,101,0.0,0.0,0.0,0.0,0.0
2019-01-07,23,0,102,10.74,10.74,0.0,55.331704,0.0
2019-01-07,23,0,103,9.34,9.34,0.0,48.119006,0.0
2019-01-07,23,0,104,1.74,1.74,0.0,8.964354,0.0
2019-01-07,23,0,106,0.0,0.0,0.0,0.0,0.0
2019-01-07,23,0,109,46.07,46.07,0.0,404.058276,0.0
2019-01-07,23,0,110,104.26,104.26,0.0,-412.871117,0.0
2019-01-07,23,0,111,0.0,0.0,0.0,0.0,0.0
2019-01-07,23,0,113,66.65,66.65,0.0,489.133398,0.0
2019-01-07,23,0,115,66.65,66.65,0.0,489.133398,0.0
2019-01-07,23,0,116,0.0,0.0,0.0,-0.0,0.0
2019-01-07,23,0,117,4.44,4.44,0.0,32.58443,0.0
2019-01-07,23,0,119,81.76,81.76,0.0,1054.528294,0.0
2019-01-07,23,0,120,48.08,48.08,0.0,620.128674,0.0
2019-01-07,23,0,123,0.0,0.0,0.0,0.0,0.0
2019-01-07,23,0,125,72.31,72.31,0.0,576.632661,0.0
2019-01-07,23,0,126,0.0,0.0,0.0,0.0,0.0
2019-01-07,23,0,127,0.0,0.0,0.0,0.0,0.0
2019-01-07,23,0,128,103.57,103.57,0.0,825.914047,0.0
2019-01-07,23,0,131,13.13,13.13,0.0,75.510298,0.0
2019-01-07,23,0,132,19.3,19.3,0.0,110.993812,0.0
2019-01-07,23,0,133,88.26,88.26,0.0,851.499916,0.0
2019-01-07,23,0,134,0.0,0.0,0.0,0.0,0.0
2019-01-07,23,0,135,118.26,118.26,0.0,1140.928848,0.0
2019-01-07,23,0,136,26.76,26.76,0.0,257.725065,0.0
2019-01-07,23,0,139,18.66,18.66,0.0,158.173481,0.0
2019-01-07,23,0,140,77.16,77.16,0.0,-305.554723,0.0
2019-01-07,23,0,141,104.93,104.93,0.0,305.22958,0.0
2019-01-07,23,0,142,0.0,0.0,0.0,0.0,0.0
2019-01-07,23,0,143,8.48,8.48,0.0,67.544109,0.0
2019-01-07,23,0,145,6.47,6.47,0.0,53.470377,0.0
2019-01-07,23,0,146,131.96,131.96,0.0,-522.56352,0.0
2019-01-07,23,0,152,0.0,0.0,0.0,0.0,0.0
2019-01-07,23,0,153,0.0,0.0,0.0,0.0,0.0
2019-01-07,23,0,154,0.0,0.0,0.0,0.0,0.0
2019-01-07,23,0,157,113.36,113.36,0.0,329.751503,0.0
2019-01-07,23,0,158,0.0,0.0,0.0,0.0,0.0
2019-01-07,23,0,159,0.0,0.0,0.0,0.0,0.0
2019-01-07,23,0,160,0.0,0.0,0.0,0.0,0.0
2019-01-07,23,0,161,0.0,0.0,0.0,0.0,0.0
2019-01-07,23,0,162,16.63,16.63,0.0,195.842674,0.0
2019-01-07,23,0,163,83.82,83.82,0.0,-331.92842,0.0
2019-01-07,23,0,164,0.0,0.0,0.0,0.0,0.0
2019-01-07,23,0,167,0.0,0.0,0.0,0.0,0.0
2019-01-07,23,0,168,0.0,0.0,0.0,0.0,0.0
2019-01-07,23,0,169,0.0,0.0,0.0,0.0,0.0
2019-01-07,23,0,170,0.0,0.0,0.0,0.0,0.0
2019-01-07,23,0,172,0.0,0.0,0.0,0.0,0.0
2019-01-07,23,0,173,0.0,0.0,0.0,0.0,0.0
2019-01-07,23,0,188,0.0,0.0,0.0,0.0,0.0
2019-01-07,23,0,190,0.0,0.0,0.0,0.0,0.0
2019-01-07,23,0,191,0.0,0.0,0.0,0.0,0.0
2019-01-07,23,0,192,94.01,94.01,0.0,1212.526969,0.0
2019-01-07,23,0,194,70.58,70.58,0.0,652.899182,0.0
2019-01-07,23,0,196,0.0,0.0,0.0,0.0,0.0
2019-01-07,23,0,198,0.0,0.0,0.0,0.0,0.0
2019-01-07,23,0,199,28.54,28.54,0.0,270.439678,0.0
2019-01-07,23,0,200,0.0,0.0,0.0,0.0,0.0
2019-01-07,23,0,204,164.03,164.03,0.0,1431.444264,0.0
2019-01-07,23,0,205,243.69,243.69,0.0,2137.290241,0.0
2019-01-07,23,0,206,175.42,175.42,0.0,1395.525834,0.0
2019-01-07,23,0,210,0.0,0.0,0.0,0.0,0.0
2019-01-07,23,0,214,0.0,0.0,0.0,0.0,0.0
2019-01-07,23,0,217,0.0,0.0,0.0,0.0,0.0
2019-01-07,23,0,218,0.0,0.0,0.0,0.0,0.0
2019-01-07,23,0,219,0.0,0.0,0.0,0.0,0.0
2019-01-07,23,0,221,0.0,0.0,0.0,0.0,0.0
2019-01-07,23,0,225,0.0,0.0,0.0,0.0,0.0
2019-01-07,23,0,233,0.0,0.0,0.0,0.0,0.0
2019-01-07,23,0,236,23.68,23.68,0.0,223.69992,0.0
2019-01-07,23,0,237,12.0,12.0,0.0,110.783637,0.0
2019-01-07,23,0,238,0.0,0.0,0.0,0.0,0.0
2019-01-07,23,0,240,0.0,0.0,0.0,0.0,0.0
2019-01-07,23,0,245,143.4,143.4,0.0,1390.914962,0.0
2019-01-07,23,0,247,54.93,54.93,0.0,532.796087,0.0
2019-01-07,23,0,248,1.2,1.2,0.0,11.078364,0.0
2019-01-07,23,0,249,275.78,275.78,0.0,2674.940923,0.0
2019-01-07,23,0,251,196.12,196.12,0.0,1884.318663,0.0
2019-01-07,23,0,252,138.94,138.94,0.0,1338.239084,0.0
2019-01-07,23,0,254,0.0,0.0,0.0,0.0,0.0
2019-01-07,23,0,255,0.0,0.0,0.0,0.0,0.0
2019-01-07,23,0,258,0.0,0.0,0.0,0.0,0.0
2019-01-07,23,0,260,0.0,0.0,0.0,0.0,0.0
2019-01-07,23,0,265,0.0,0.0,0.0,0.0,0.0
2019-01-07,23,0,266,12.08,12.08,0.0,102.397409,0.0
2019-01-07,23,0,267,14.85,14.85,0.0,125.877609,0.0
2019-01-07,23,0,270,261.78,261.78,0.0,-1036.652609,0.0
2019-01-07,23,0,272,222.76,222.76,0.0,1634.799036,0.0
2019-01-07,23,0,273,0.0,0.0,0.0,-0.0,0.0
2019-01-07,23,0,274,337.47,337.47,0.0,-1336.38611,0.0
2019-01-07,23,0,275,469.76,469.76,0.0,-1860.256435,0.0
2019-01-07,23,0,276,0.0,0.0,0.0,-0.0,0.0
2019-01-07,23,0,277,0.0,0.0,0.0,0.0,0.0
2019-01-07,23,0,278,0.0,0.0,0.0,0.0,0.0
2019-01-07,23,0,279,118.75,118.75,0.0,859.136981,0.0
2019-01-07,23,0,281,2.71,2.71,0.0,21.585441,0.0
2019-01-07,23,0,282,0.0,0.0,0.0,0.0,0.0
2019-01-08,0,0,9,0.0,0.0,0.0,0.0,0.0
2019-01-08,0,0,17,0.0,0.0,0.0,0.0,0.0
2019-01-08,0,0,19,354.7,354.7,0.0,3222.184927,0.0
2019-01-08,0,0,20,430.18,430.18,0.0,3907.864426,0.0
2019-01-08,0,0,21,0.0,0.0,0.0,0.0,0.0
2019-01-08,0,0,22,0.0,0.0,0.0,0.0,0.0
2019-01-08,0,0,23,46.43,46.43,0.0,338.382019,0.0
2019-01-08,0,0,24,82.14,82.14,0.0,598.636637,0.0
2019-01-08,0,0,29,0.0,0.0,0.0,0.0,0.0
2019-01-08,0,0,30,0.0,0.0,0.0,0.0,0.0
2019-01-08,0,0,31,8.94,8.94,0.0,65.05292,0.0
2019-01-08,0,0,32,0.0,0.0,0.0,0.0,0.0
2019-01-08,0,0,33,0.0,0.0,0.0,0.0,0.0
2019-01-08,0,0,34,0.0,0.0,0.0,0.0,0.0
2019-01-08,0,0,35,0.0,0.0,0.0,0.0,0.0
2019-01-08,0,0,36,0.0,0.0,0.0,0.0,0.0
2019-01-08,0,0,37,0.0,0.0,0.0,0.0,0.0
2019-01-08,0,0,38,0.0,0.0,0.0,0.0,0.0
2019-01-08,0,0,39,0.0,0.0,0.0,0.0,0.0
2019-01-08,0,0,40,0.0,0.0,0.0,0.0,0.0
2019-01-08,0,0,41,22.2,22.2,0.0,174.965252,0.0
2019-01-08,0,0,42,0.0,0.0,0.0,0.0,0.0
2019-01-08,0,0,43,0.0,0.0,0.0,0.0,0.0
2019-01-08,0,0,46,0.0,0.0,0.0,0.0,0.0
2019-01-08,0,0,52,9.48,9.48,0.0,68.982291,0.0
2019-01-08,0,0,53,15.06,15.06,0.0,109.585792,0.0
2019-01-08,0,0,55,231.8,231.8,0.0,1689.359295,0.0
2019-01-08,0,0,56,0.0,0.0,0.0,0.0,0.0
2019-01-08,0,0,57,0.0,0.0,0.0,0.0,0.0
2019-01-08,0,0,58,0.0,0.0,0.0,0.0,0.0
2019-01-08,0,0,59,0.0,0.0,0.0,0.0,0.0
2019-01-08,0,0,63,67.27,67.27,0.0,1134.223743,0.0
2019-01-08,0,0,64,79.14,79.14,0.0,1334.361038,0.0
2019-01-08,0,0,65,17.8,17.8,0.0,161.47311,0.0
2019-01-08,0,0,67,0.0,0.0,0.0,0.0,0.0
2019-01-08,0,0,68,4.51,4.51,0.0,24.63845,0.0
2019-01-08,0,0,69,0.0,0.0,0.0,0.0,0.0
2019-01-08,0,0,74,4.67,4.67,0.0,40.676002,0.0
2019-01-08,0,0,77,87.67,87.67,0.0,542.938925,0.0
2019-01-08,0,0,78,66.28,66.28,0.0,410.470993,0.0
2019-01-08,0,0,79,38.35,38.35,0.0,237.500944,0.0
2019-01-08,0,0,80,62.02,62.02,0.0,384.08888,0.0
2019-01-08,0,0,81,81.09,81.09,0.0,502.189089,0.0
2019-01-08,0,0,82,57.2,57.2,0.0,354.238696,0.0
2019-01-08,0,0,83,127.55,127.55,0.0,789.915135,0.0
2019-01-08,0,0,84,0.0,0.0,0.0,0.0,0.0
2019-01-08,0,0,86,0.0,0.0,0.0,0.0,0.0
2019-01-08,0,0,87,0.0,0.0,0.0,0.0,0.0
2019-01-08,0,0,88,75.72,75.72,0.0,468.932764,0.0
2019-01-08,0,0,89,72.79,72.79,0.0,450.78732,0.0
2019-01-08,0,0,90,97.73,97.73,0.0,605.240346,0.0
2019-01-08,0,0,91,348.63,348.63,0.0,2159.060081,0.0
2019-01-08,0,0,92,125.38,125.38,0.0,776.476359,0.0
2019-01-08,0,0,95,23.78,23.78,0.0,379.162214,0.0
2019-01-08,0,0,96,9.5,9.5,0.0,69.01473,0.0
2019-01-08,0,0,97,58.41,58.41,0.0,424.33162,0.0
2019-01-08,0,0,99,0.9,0.9,0.0,7.839058,0.0
2019-01-08,0,0,101,0.0,0.0,0.0,0.0,0.0
2019-01-08,0,0,102,10.68,10.68,0.0,58.345597,0.0
2019-01-08,0,0,103,9.29,9.29,0.0,50.751928,0.0
2019-01-08,0,0,104,1.72,1.72,0.0,9.396482,0.0
2019-01-08,0,0,106,0.0,0.0,0.0,0.0,0.0
2019-01-08,0,0,109,58.25,58.25,0.0,481.906999,0.0
2019-01-08,0,0,110,91.27,91.27,0.0,206.284137,0.0
2019-01-08,0,0,111,0.0,0.0,0.0,0.0,0.0
2019-01-08,0,0,113,63.53,63.53,0.0,388.304232,0.0
2019-01-08,0,0,115,63.53,63.53,0.0,388.304232,0.0
2019-01-08,0,0,116,0.0,0.0,0.0,0.0,0.0
2019-01-08,0,0,117,4.24,4.24,0.0,25.915472,0.0
2019-01-08,0,0,119,79.14,79.14,0.0,1334.361038,0.0
2019-01-08,0,0,120,46.54,46.54,0.0,784.700059,0.0
2019-01-08,0,0,123,0.0,0.0,0.0,0.0,0.0
2019-01-08,0,0,125,74.33,74.33,0.0,541.717327,0.0
2019-01-08,0,0,126,0.0,0.0,0.0,0.0,0.0
2019-01-08,0,0,127,0.0,0.0,0.0,0.0,0.0
2019-01-08,0,0,128,106.47,106.47,0.0,775.953771,0.0
2019-01-08,0,0,131,12.96,12.96,0.0,73.530381,0.0
2019-01-08,0,0,132,19.05,19.05,0.0,108.082851,0.0
2019-01-08,0,0,133,74.37,74.37,0.0,675.685181,0.0
2019-01-08,0,0,134,0.0,0.0,0.0,0.0,0.0
2019-01-08,0,0,135,99.66,99.66,0.0,905.456301,0.0
2019-01-08,0,0,136,21.49,21.49,0.0,194.93201,0.0
2019-01-08,0,0,139,28.66,28.66,0.0,225.878564,0.0
2019-01-08,0,0,140,67.55,67.55,0.0,152.673315,0.0
2019-01-08,0,0,141,105.62,105.62,0.0,493.733883,0.0
2019-01-08,0,0,142,0.0,0.0,0.0,0.0,0.0
2019-01-08,0,0,143,28.55,28.55,0.0,207.747301,0.0
2019-01-08,0,0,145,7.33,7.33,0.0,56.048748,0.0
2019-01-08,0,0,146,121.64,121.64,0.0,274.924974,0.0
2019-01-08,0,0,152,0.0,0.0,0.0,0.0,0.0
2019-01-08,0,0,153,0.0,0.0,0.0,0.0,0.0
2019-01-08,0,0,154,0.0,0.0,0.0,0.0,0.0
2019-01-08,0,0,157,96.29,96.29,0.0,450.119632,0.0
2019-01-08,0,0,158,0.0,0.0,0.0,0.0,0.0
2019-01-08,0,0,159,0.0,0.0,0.0,0.0,0.0
2019-01-08,0,0,160,0.0,0.0,0.0,0.0,0.0
2019-01-08,0,0,161,0.0,0.0,0.0,0.0,0.0
2019-01-08,0,0,162,16.21,16.21,0.0,258.666134,0.0
2019-01-08,0,0,163,80.71,80.71,0.0,182.416924,0.0
2019-01-08,0,0,164,0.0,0.0,0.0,0.0,0.0
2019-01-08,0,0,167,0.0,0.0,0.0,0.0,0.0
2019-01-08,0,0,168,0.0,0.0,0.0,0.0,0.0
2019-01-08,0,0,169,0.0,0.0,0.0,0.0,0.0
2019-01-08,0,0,170,0.0,0.0,0.0,0.0,0.0
2019-01-08,0,0,172,0.0,0.0,0.0,0.0,0.0
2019-01-08,0,0,173,0.0,0.0,0.0,0.0,0.0
2019-01-08,0,0,188,0.0,0.0,0.0,0.0,0.0
2019-01-08,0,0,190,0.0,0.0,0.0,0.0,0.0
2019-01-08,0,0,191,0.0,0.0,0.0,0.0,0.0
2019-01-08,0,0,192,79.98,79.98,0.0,1348.524081,0.0
2019-01-08,0,0,194,69.72,69.72,0.0,461.797184,0.0
2019-01-08,0,0,196,0.0,0.0,0.0,0.0,0.0
2019-01-08,0,0,198,0.0,0.0,0.0,0.0,0.0
2019-01-08,0,0,199,11.39,11.39,0.0,109.279353,0.0
2019-01-08,0,0,200,0.0,0.0,0.0,0.0,0.0
2019-01-08,0,0,204,211.39,211.39,0.0,1739.351612,0.0
2019-01-08,0,0,205,308.13,308.13,0.0,2549.184609,0.0
2019-01-08,0,0,206,171.64,171.64,0.0,1246.914555,0.0
2019-01-08,0,0,210,0.0,0.0,0.0,0.0,0.0
2019-01-08,0,0,214,0.0,0.0,0.0,0.0,0.0
2019-01-08,0,0,217,0.0,0.0,0.0,0.0,0.0
2019-01-08,0,0,218,0.0,0.0,0.0,0.0,0.0
2019-01-08,0,0,219,0.0,0.0,0.0,0.0,0.0
2019-01-08,0,0,221,0.0,0.0,0.0,0.0,0.0
2019-01-08,0,0,225,0.0,0.0,0.0,0.0,0.0
2019-01-08,0,0,233,0.0,0.0,0.0,0.0,0.0
2019-01-08,0,0,236,21.62,21.62,0.0,192.645963,0.0
2019-01-08,0,0,237,11.21,11.21,0.0,97.639825,0.0
2019-01-08,0,0,238,0.0,0.0,0.0,0.0,0.0
2019-01-08,0,0,240,0.0,0.0,0.0,0.0,0.0
2019-01-08,0,0,245,78.78,78.78,0.0,719.345694,0.0
2019-01-08,0,0,247,43.98,43.98,0.0,401.584458,0.0
2019-01-08,0,0,248,1.13,1.13,0.0,9.842373,0.0
2019-01-08,0,0,249,147.59,147.59,0.0,1347.65462,0.0
2019-01-08,0,0,251,167.91,167.91,0.0,1519.689723,0.0
2019-01-08,0,0,252,114.81,114.81,0.0,1041.501558,0.0
2019-01-08,0,0,254,0.0,0.0,0.0,0.0,0.0
2019-01-08,0,0,255,0.0,0.0,0.0,0.0,0.0
2019-01-08,0,0,258,0.0,0.0,0.0,0.0,0.0
2019-01-08,0,0,260,0.0,0.0,0.0,0.0,0.0
2019-01-08,0,0,265,0.0,0.0,0.0,0.0,0.0
2019-01-08,0,0,266,18.56,18.56,0.0,146.277256,0.0
2019-01-08,0,0,267,22.81,22.81,0.0,179.772856,0.0
2019-01-08,0,0,270,252.07,252.07,0.0,569.71669,0.0
2019-01-08,0,0,272,212.32,212.32,0.0,1297.72949,0.0
2019-01-08,0,0,273,0.0,0.0,0.0,0.0,0.0
2019-01-08,0,0,274,324.94,324.94,0.0,734.414017,0.0
2019-01-08,0,0,275,452.32,452.32,0.0,1022.312267,0.0
2019-01-08,0,0,276,0.0,0.0,0.0,0.0,0.0
2019-01-08,0,0,277,0.0,0.0,0.0,0.0,0.0
2019-01-08,0,0,278,0.0,0.0,0.0,0.0,0.0
2019-01-08,0,0,279,115.07,115.07,0.0,707.053545,0.0
2019-01-08,0,0,281,4.01,4.01,0.0,29.179218,0.0
2019-01-08,0,0,282,0.0,0.0,0.0,0.0,0.0
2019-01-08,1,0,9,0.0,0.0,0.0,0.0,0.0
2019-01-08,1,0,17,0.0,0.0,0.0,0.0,0.0
2019-01-08,1,0,19,287.32,287.32,0.0,2778.923149,0.0
2019-01-08,1,0,20,348.46,348.46,0.0,3370.261592,0.0
2019-01-08,1,0,21,0.0,0.0,0.0,0.0,0.0
2019-01-08,1,0,22,0.0,0.0,0.0,0.0,0.0
2019-01-08,1,0,23,48.27,48.27,0.0,408.068501,0.0
2019-01-08,1,0,24,85.4,85.4,0.0,721.960846,0.0
2019-01-08,1,0,29,0.0,0.0,0.0,0.0,0.0
2019-01-08,1,0,30,0.0,0.0,0.0,0.0,0.0
2019-01-08,1,0,31,28.22,28.22,0.0,238.350357,0.0
2019-01-08,1,0,32,0.0,0.0,0.0,0.0,0.0
2019-01-08,1,0,33,0.0,0.0,0.0,0.0,0.0
2019-01-08,1,0,34,0.0,0.0,0.0,0.0,0.0
2019-01-08,1,0,35,0.0,0.0,0.0,0.0,0.0
2019-01-08,1,0,36,0.0,0.0,0.0,0.0,0.0
2019-01-08,1,0,37,0.0,0.0,0.0,0.0,0.0
2019-01-08,1,0,38,0.0,0.0,0.0,0.0,0.0
2019-01-08,1,0,39,0.0,0.0,0.0,0.0,0.0
2019-01-08,1,0,40,0.0,0.0,0.0,0.0,0.0
2019-01-08,1,0,41,33.51,33.51,0.0,296.770866,0.0
2019-01-08,1,0,42,0.0,0.0,0.0,0.0,0.0
2019-01-08,1,0,43,0.0,0.0,0.0,0.0,0.0
2019-01-08,1,0,46,0.0,0.0,0.0,0.0,0.0
2019-01-08,1,0,52,30.04,30.04,0.0,253.722351,0.0
2019-01-08,1,0,53,49.11,49.11,0.0,414.790434,0.0
2019-01-08,1,0,55,228.95,228.95,0.0,1935.514468,0.0
2019-01-08,1,0,56,0.0,0.0,0.0,0.0,0.0
2019-01-08,1,0,57,0.0,0.0,0.0,0.0,0.0
2019-01-08,1,0,58,0.0,0.0,0.0,0.0,0.0
2019-01-08,1,0,59,0.0,0.0,0.0,0.0,0.0
2019-01-08,1,0,63,66.71,66.71,0.0,981.847975,0.0
2019-01-08,1,0,64,78.48,78.48,0.0,1155.080634,0.0
2019-01-08,1,0,65,14.68,14.68,0.0,141.856398,0.0
2019-01-08,1,0,67,0.0,0.0,0.0,0.0,0.0
2019-01-08,1,0,68,4.52,4.52,0.0,30.477589,0.0
2019-01-08,1,0,69,0.0,0.0,0.0,0.0,0.0
2019-01-08,1,0,74,4.35,4.35,0.0,40.96893,0.0
2019-01-08,1,0,77,86.24,86.24,0.0,665.027975,0.0
2019-01-08,1,0,78,65.19,65.19,0.0,502.703776,0.0
2019-01-08,1,0,79,37.73,37.73,0.0,290.949739,0.0
2019-01-08,1,0,80,61.01,61.01,0.0,470.470278,0.0
2019-01-08,1,0,81,79.77,79.77,0.0,615.135454,0.0
2019-01-08,1,0,82,56.27,56.27,0.0,433.918415,0.0
2019-01-08,1,0,83,125.47,125.47,0.0,967.544759,0.0
2019-01-08,1,0,84,0.0,0.0,0.0,0.0,0.0
2019-01-08,1,0,86,0.0,0.0,0.0,0.0,0.0
2019-01-08,1,0,87,0.0,0.0,0.0,0.0,0.0
2019-01-08,1,0,88,75.22,75.22,0.0,580.048751,0.0
2019-01-08,1,0,89,72.31,72.31,0.0,557.608683,0.0
2019-01-08,1,0,90,97.09,97.09,0.0,748.696267,0.0
2019-01-08,1,0,91,346.35,346.35,0.0,2670.830694,0.0
2019-01-08,1,0,92,124.56,124.56,0.0,960.527418,0.0
2019-01-08,1,0,95,30.65,30.65,0.0,426.522721,0.0
2019-01-08,1,0,96,9.29,9.29,0.0,78.389744,0.0
2019-01-08,1,0,97,57.13,57.13,0.0,482.067391,0.0
2019-01-08,1,0,99,0.84,0.84,0.0,7.911242,0.0
2019-01-08,1,0,101,0.0,0.0,0.0,0.0,0.0
2019-01-08,1,0,102,10.71,10.71,0.0,72.215703,0.0
2019-01-08,1,0,103,9.31,9.31,0.0,62.775742,0.0
2019-01-08,1,0,104,1.73,1.73,0.0,11.665095,0.0
2019-01-08,1,0,106,0.0,0.0,0.0,0.0,0.0
2019-01-08,1,0,109,72.36,72.36,0.0,660.056005,0.0
2019-01-08,1,0,110,111.41,111.41,0.0,251.803612,0.0
2019-01-08,1,0,111,0.0,0.0,0.0,0.0,0.0
2019-01-08,1,0,113,34.23,34.23,0.0,266.047797,0.0
2019-01-08,1,0,115,34.23,34.23,0.0,266.047797,0.0
2019-01-08,1,0,116,0.0,0.0,0.0,0.0,0.0
2019-01-08,1,0,117,2.34,2.34,0.0,18.187317,0.0
2019-01-08,1,0,119,78.48,78.48,0.0,1155.080634,0.0
2019-01-08,1,0,120,46.15,46.15,0.0,679.242753,0.0
2019-01-08,1,0,123,0.0,0.0,0.0,0.0,0.0
2019-01-08,1,0,125,77.28,77.28,0.0,653.315388,0.0
2019-01-08,1,0,126,0.0,0.0,0.0,0.0,0.0
2019-01-08,1,0,127,0.0,0.0,0.0,0.0,0.0
2019-01-08,1,0,128,110.69,110.69,0.0,935.759321,0.0
2019-01-08,1,0,131,12.95,12.95,0.0,91.136069,0.0
2019-01-08,1,0,132,19.04,19.04,0.0,133.994652,0.0
2019-01-08,1,0,133,63.25,63.25,0.0,611.797542,0.0
2019-01-08,1,0,134,0.0,0.0,0.0,0.0,0.0
2019-01-08,1,0,135,84.75,84.75,0.0,819.760343,0.0
2019-01-08,1,0,136,17.23,17.23,0.0,166.489501,0.0
2019-01-08,1,0,139,43.28,43.28,0.0,383.295824,0.0
2019-01-08,1,0,140,82.46,82.46,0.0,186.372191,0.0
2019-01-08,1,0,141,111.67,111.67,0.0,629.74642,0.0
2019-01-08,1,0,142,0.0,0.0,0.0,0.0,0.0
2019-01-08,1,0,143,49.08,49.08,0.0,414.53705,0.0
2019-01-08,1,0,145,8.35,8.35,0.0,72.619566,0.0
2019-01-08,1,0,146,123.86,123.86,0.0,279.942513,0.0
2019-01-08,1,0,152,0.0,0.0,0.0,0.0,0.0
2019-01-08,1,0,153,0.0,0.0,0.0,0.0,0.0
2019-01-08,1,0,154,0.0,0.0,0.0,0.0,0.0
2019-01-08,1,0,157,87.42,87.42,0.0,492.992138,0.0
2019-01-08,1,0,158,0.0,0.0,0.0,0.0,0.0
2019-01-08,1,0,159,0.0,0.0,0.0,0.0,0.0
2019-01-08,1,0,160,0.0,0.0,0.0,0.0,0.0
2019-01-08,1,0,161,0.0,0.0,0.0,0.0,0.0
2019-01-08,1,0,162,15.85,15.85,0.0,220.72677,0.0
2019-01-08,1,0,163,78.4,78.4,0.0,177.195971,0.0
2019-01-08,1,0,164,0.0,0.0,0.0,0.0,0.0
2019-01-08,1,0,167,0.0,0.0,0.0,0.0,0.0
2019-01-08,1,0,168,0.0,0.0,0.0,0.0,0.0
2019-01-08,1,0,169,0.0,0.0,0.0,0.0,0.0
2019-01-08,1,0,170,0.0,0.0,0.0,0.0,0.0
2019-01-08,1,0,172,0.0,0.0,0.0,0.0,0.0
2019-01-08,1,0,173,0.0,0.0,0.0,0.0,0.0
2019-01-08,1,0,188,0.0,0.0,0.0,0.0,0.0
2019-01-08,1,0,190,0.0,0.0,0.0,0.0,0.0
2019-01-08,1,0,191,0.0,0.0,0.0,0.0,0.0
2019-01-08,1,0,192,72.68,72.68,0.0,1069.715348,0.0
2019-01-08,1,0,194,69.66,69.66,0.0,602.604149,0.0
2019-01-08,1,0,196,0.0,0.0,0.0,0.0,0.0
2019-01-08,1,0,198,0.0,0.0,0.0,0.0,0.0
2019-01-08,1,0,199,27.61,27.61,0.0,281.676705,0.0
2019-01-08,1,0,200,0.0,0.0,0.0,0.0,0.0
2019-01-08,1,0,204,267.92,267.92,0.0,2435.761928,0.0
2019-01-08,1,0,205,382.76,382.76,0.0,3491.473695,0.0
2019-01-08,1,0,206,167.89,167.89,0.0,1416.6689,0.0
2019-01-08,1,0,210,0.0,0.0,0.0,0.0,0.0
2019-01-08,1,0,214,0.0,0.0,0.0,0.0,0.0
2019-01-08,1,0,217,0.0,0.0,0.0,0.0,0.0
2019-01-08,1,0,218,0.0,0.0,0.0,0.0,0.0
2019-01-08,1,0,219,0.0,0.0,0.0,0.0,0.0
2019-01-08,1,0,221,0.0,0.0,0.0,0.0,0.0
2019-01-08,1,0,225,0.0,0.0,0.0,0.0,0.0
2019-01-08,1,0,233,0.0,0.0,0.0,0.0,0.0
2019-01-08,1,0,236,20.16,20.16,0.0,192.610371,0.0
2019-01-08,1,0,237,10.44,10.44,0.0,98.325431,0.0
2019-01-08,1,0,238,0.0,0.0,0.0,0.0,0.0
2019-01-08,1,0,240,0.0,0.0,0.0,0.0,0.0
2019-01-08,1,0,245,33.24,33.24,0.0,322.548329,0.0
2019-01-08,1,0,247,36.26,36.26,0.0,351.853261,0.0
2019-01-08,1,0,248,1.05,1.05,0.0,9.889052,0.0
2019-01-08,1,0,249,63.93,63.93,0.0,620.352427,0.0
2019-01-08,1,0,251,144.13,144.13,0.0,1390.72031,0.0
2019-01-08,1,0,252,94.68,94.68,0.0,914.91579,0.0
2019-01-08,1,0,254,0.0,0.0,0.0,0.0,0.0
2019-01-08,1,0,255,0.0,0.0,0.0,0.0,0.0
2019-01-08,1,0,258,0.0,0.0,0.0,0.0,0.0
2019-01-08,1,0,260,0.0,0.0,0.0,0.0,0.0
2019-01-08,1,0,265,0.0,0.0,0.0,0.0,0.0
2019-01-08,1,0,266,28.02,28.02,0.0,248.150393,0.0
2019-01-08,1,0,267,34.44,34.44,0.0,305.007121,0.0
2019-01-08,1,0,270,244.84,244.84,0.0,553.375786,0.0
2019-01-08,1,0,272,114.15,114.15,0.0,887.214609,0.0
2019-01-08,1,0,273,0.0,0.0,0.0,0.0,0.0
2019-01-08,1,0,274,315.63,315.63,0.0,713.371995,0.0
2019-01-08,1,0,275,439.36,439.36,0.0,993.020688,0.0
2019-01-08,1,0,276,0.0,0.0,0.0,0.0,0.0
2019-01-08,1,0,277,0.0,0.0,0.0,0.0,0.0
2019-01-08,1,0,278,0.0,0.0,0.0,0.0,0.0
2019-01-08,1,0,279,113.07,113.07,0.0,876.055501,0.0
2019-01-08,1,0,281,11.65,11.65,0.0,98.397649,0.0
2019-01-08,1,0,282,0.0,0.0,0.0,0.0,0.0
2019-01-08,2,0,9,0.0,0.0,0.0,0.0,0.0
2019-01-08,2,0,17,0.0,0.0,0.0,0.0,0.0
2019-01-08,2,0,19,204.22,204.22,0.0,2032.90239,0.0
2019-01-08,2,0,20,247.68,247.68,0.0,2465.523768,0.0
2019-01-08,2,0,21,0.0,0.0,0.0,0.0,0.0
2019-01-08,2,0,22,0.0,0.0,0.0,0.0,0.0
2019-01-08,2,0,23,46.19,46.19,0.0,420.748979,0.0
2019-01-08,2,0,24,81.72,81.72,0.0,744.395033,0.0
2019-01-08,2,0,29,0.0,0.0,0.0,0.0,0.0
2019-01-08,2,0,30,0.0,0.0,0.0,0.0,0.0
2019-01-08,2,0,31,12.8,12.8,0.0,116.527763,0.0
2019-01-08,2,0,32,0.0,0.0,0.0,0.0,0.0
2019-01-08,2,0,33,0.0,0.0,0.0,0.0,0.0
2019-01-08,2,0,34,0.0,0.0,0.0,0.0,0.0
2019-01-08,2,0,35,0.0,0.0,0.0,0.0,0.0
2019-01-08,2,0,36,0.0,0.0,0.0,0.0,0.0
2019-01-08,2,0,37,0.0,0.0,0.0,0.0,0.0
2019-01-08,2,0,38,0.0,0.0,0.0,0.0,0.0
2019-01-08,2,0,39,0.0,0.0,0.0,0.0,0.0
2019-01-08,2,0,40,0.0,0.0,0.0,0.0,0.0
2019-01-08,2,0,41,21.57,21.57,0.0,202.50622,0.0
2019-01-08,2,0,42,0.0,0.0,0.0,0.0,0.0
2019-01-08,2,0,43,0.0,0.0,0.0,0.0,0.0
2019-01-08,2,0,46,0.0,0.0,0.0,0.0,0.0
2019-01-08,2,0,52,13.57,13.57,0.0,123.537636,0.0
2019-01-08,2,0,53,21.56,21.56,0.0,196.276451,0.0
2019-01-08,2,0,55,265.45,265.45,0.0,2418.008586,0.0
2019-01-08,2,0,56,0.0,0.0,0.0,0.0,0.0
2019-01-08,2,0,57,0.0,0.0,0.0,0.0,0.0
2019-01-08,2,0,58,0.0,0.0,0.0,0.0,0.0
2019-01-08,2,0,59,0.0,0.0,0.0,0.0,0.0
2019-01-08,2,0,63,65.75,65.75,0.0,871.136629,0.0
2019-01-08,2,0,64,77.35,77.35,0.0,1024.827654,0.0
2019-01-08,2,0,65,11.37,11.37,0.0,113.114228,0.0
2019-01-08,2,0,67,0.0,0.0,0.0,0.0,0.0
2019-01-08,2,0,68,4.04,4.04,0.0,30.250614,0.0
2019-01-08,2,0,69,0.0,0.0,0.0,0.0,0.0
2019-01-08,2,0,74,3.29,3.29,0.0,32.170823,0.0
2019-01-08,2,0,77,81.57,81.57,0.0,700.991101,0.0
2019-01-08,2,0,78,61.66,61.66,0.0,529.889804,0.0
2019-01-08,2,0,79,35.68,35.68,0.0,306.624525,0.0
2019-01-08,2,0,80,57.71,57.71,0.0,495.944544,0.0
2019-01-08,2,0,81,75.45,75.45,0.0,648.397433,0.0
2019-01-08,2,0,82,53.22,53.22,0.0,457.358666,0.0
2019-01-08,2,0,83,118.68,118.68,0.0,1019.904669,0.0
2019-01-08,2,0,84,0.0,0.0,0.0,0.0,0.0
2019-01-08,2,0,86,0.0,0.0,0.0,0.0,0.0
2019-01-08,2,0,87,0.0,0.0,0.0,0.0,0.0
2019-01-08,2,0,88,73.77,73.77,0.0,633.959955,0.0
2019-01-08,2,0,89,70.92,70.92,0.0,609.467805,0.0
2019-01-08,2,0,90,95.22,95.22,0.0,818.295607,0.0
2019-01-08,2,0,91,339.68,339.68,0.0,2919.120476,0.0
2019-01-08,2,0,92,122.16,122.16,0.0,1049.810873,0.0
2019-01-08,2,0,95,12.1,12.1,0.0,151.572511,0.0
2019-01-08,2,0,96,8.76,8.76,0.0,79.699608,0.0
2019-01-08,2,0,97,53.88,53.88,0.0,490.207178,0.0
2019-01-08,2,0,99,0.64,0.64,0.0,6.258154,0.0
2019-01-08,2,0,101,0.0,0.0,0.0,0.0,0.0
2019-01-08,2,0,102,9.57,9.57,0.0,71.658014,0.0
2019-01-08,2,0,103,8.32,8.32,0.0,62.298294,0.0
2019-01-08,2,0,104,1.55,1.55,0.0,11.606052,0.0
2019-01-08,2,0,106,0.0,0.0,0.0,0.0,0.0
2019-01-08,2,0,109,65.29,65.29,0.0,625.001943,0.0
2019-01-08,2,0,110,111.26,111.26,0.0,251.464589,0.0
2019-01-08,2,0,111,0.0,0.0,0.0,0.0,0.0
2019-01-08,2,0,113,34.82,34.82,0.0,304.401157,0.0
2019-01-08,2,0,115,34.82,34.82,0.0,304.401157,0.0
2019-01-08,2,0,116,0.0,0.0,0.0,0.0,0.0
2019-01-08,2,0,117,1.86,1.86,0.0,16.260372,0.0
2019-01-08,2,0,119,77.35,77.35,0.0,1024.827654,0.0
2019-01-08,2,0,120,45.48,45.48,0.0,602.574812,0.0
2019-01-08,2,0,123,0.0,0.0,0.0,0.0,0.0
2019-01-08,2,0,125,73.95,73.95,0.0,673.617385,0.0
2019-01-08,2,0,126,0.0,0.0,0.0,0.0,0.0
2019-01-08,2,0,127,0.0,0.0,0.0,0.0,0.0
2019-01-08,2,0,128,105.91,105.91,0.0,964.743979,0.0
2019-01-08,2,0,131,12.44,12.44,0.0,97.423308,0.0
2019-01-08,2,0,132,18.28,18.28,0.0,143.159009,0.0
2019-01-08,2,0,133,46.82,46.82,0.0,466.094836,0.0
2019-01-08,2,0,134,0.0,0.0,0.0,0.0,0.0
2019-01-08,2,0,135,62.73,62.73,0.0,624.479477,0.0
2019-01-08,2,0,136,13.79,13.79,0.0,137.185015,0.0
2019-01-08,2,0,139,27.85,27.85,0.0,261.464915,0.0
2019-01-08,2,0,140,82.34,82.34,0.0,186.100973,0.0
2019-01-08,2,0,141,108.15,108.15,0.0,670.629342,0.0
2019-01-08,2,0,142,0.0,0.0,0.0,0.0,0.0
2019-01-08,2,0,143,27.5,27.5,0.0,250.352616,0.0
2019-01-08,2,0,145,7.56,7.56,0.0,70.140224,0.0
2019-01-08,2,0,146,107.21,107.21,0.0,242.31097,0.0
2019-01-08,2,0,152,0.0,0.0,0.0,0.0,0.0
2019-01-08,2,0,153,0.0,0.0,0.0,0.0,0.0
2019-01-08,2,0,154,0.0,0.0,0.0,0.0,0.0
2019-01-08,2,0,157,72.13,72.13,0.0,447.272255,0.0
2019-01-08,2,0,158,0.0,0.0,0.0,0.0,0.0
2019-01-08,2,0,159,0.0,0.0,0.0,0.0,0.0
2019-01-08,2,0,160,0.0,0.0,0.0,0.0,0.0
2019-01-08,2,0,161,0.0,0.0,0.0,0.0,0.0
2019-01-08,2,0,162,14.94,14.94,0.0,187.273327,0.0
2019-01-08,2,0,163,75.19,75.19,0.0,169.940881,0.0
2019-01-08,2,0,164,0.0,0.0,0.0,0.0,0.0
2019-01-08,2,0,167,0.0,0.0,0.0,0.0,0.0
2019-01-08,2,0,168,0.0,0.0,0.0,0.0,0.0
2019-01-08,2,0,169,0.0,0.0,0.0,0.0,0.0
2019-01-08,2,0,170,0.0,0.0,0.0,0.0,0.0
2019-01-08,2,0,172,0.0,0.0,0.0,0.0,0.0
2019-01-08,2,0,173,0.0,0.0,0.0,0.0,0.0
2019-01-08,2,0,188,0.0,0.0,0.0,0.0,0.0
2019-01-08,2,0,190,0.0,0.0,0.0,0.0,0.0
2019-01-08,2,0,191,0.0,0.0,0.0,0.0,0.0
2019-01-08,2,0,192,72.2,72.2,0.0,956.594139,0.0
2019-01-08,2,0,194,70.14,70.14,0.0,690.070676,0.0
2019-01-08,2,0,196,0.0,0.0,0.0,0.0,0.0
2019-01-08,2,0,198,0.0,0.0,0.0,0.0,0.0
2019-01-08,2,0,199,10.57,10.57,0.0,110.891285,0.0
2019-01-08,2,0,200,0.0,0.0,0.0,0.0,0.0
2019-01-08,2,0,204,240.31,240.31,0.0,2295.336767,0.0
2019-01-08,2,0,205,320.53,320.53,0.0,3068.339296,0.0
2019-01-08,2,0,206,158.33,158.33,0.0,1440.506727,0.0
2019-01-08,2,0,210,0.0,0.0,0.0,0.0,0.0
2019-01-08,2,0,214,0.0,0.0,0.0,0.0,0.0
2019-01-08,2,0,217,0.0,0.0,0.0,0.0,0.0
2019-01-08,2,0,218,0.0,0.0,0.0,0.0,0.0
2019-01-08,2,0,219,0.0,0.0,0.0,0.0,0.0
2019-01-08,2,0,221,0.0,0.0,0.0,0.0,0.0
2019-01-08,2,0,225,0.0,0.0,0.0,0.0,0.0
2019-01-08,2,0,233,0.0,0.0,0.0,0.0,0.0
2019-01-08,2,0,236,13.4,13.4,0.0,132.294426,0.0
2019-01-08,2,0,237,7.9,7.9,0.0,77.249088,0.0
2019-01-08,2,0,238,0.0,0.0,0.0,0.0,0.0
2019-01-08,2,0,240,0.0,0.0,0.0,0.0,0.0
2019-01-08,2,0,245,23.47,23.47,0.0,234.148592,0.0
2019-01-08,2,0,247,28.48,28.48,0.0,284.130886,0.0
2019-01-08,2,0,248,0.79,0.79,0.0,7.724909,0.0
2019-01-08,2,0,249,45.13,45.13,0.0,450.239708,0.0
2019-01-08,2,0,251,122.03,122.03,0.0,1212.812666,0.0
2019-01-08,2,0,252,73.36,73.36,0.0,729.820557,0.0
2019-01-08,2,0,254,0.0,0.0,0.0,0.0,0.0
2019-01-08,2,0,255,0.0,0.0,0.0,0.0,0.0
2019-01-08,2,0,258,0.0,0.0,0.0,0.0,0.0
2019-01-08,2,0,260,0.0,0.0,0.0,0.0,0.0
2019-01-08,2,0,265,0.0,0.0,0.0,0.0,0.0
2019-01-08,2,0,266,18.04,18.04,0.0,169.365425,0.0
2019-01-08,2,0,267,22.16,22.16,0.0,208.045333,0.0
2019-01-08,2,0,270,234.83,234.83,0.0,530.751657,0.0
2019-01-08,2,0,272,150.22,150.22,0.0,1313.243588,0.0
2019-01-08,2,0,273,0.0,0.0,0.0,0.0,0.0
2019-01-08,2,0,274,302.73,302.73,0.0,684.216026,0.0
2019-01-08,2,0,275,421.4,421.4,0.0,952.428346,0.0
2019-01-08,2,0,276,0.0,0.0,0.0,0.0,0.0
2019-01-08,2,0,277,0.0,0.0,0.0,0.0,0.0
2019-01-08,2,0,278,0.0,0.0,0.0,0.0,0.0
2019-01-08,2,0,279,109.25,109.25,0.0,948.578419,0.0
2019-01-08,2,0,281,5.75,5.75,0.0,52.346456,0.0
2019-01-08,2,0,282,0.0,0.0,0.0,0.0,0.0
2019-01-08,3,0,9,0.0,0.0,0.0,0.0,0.0
2019-01-08,3,0,17,0.0,0.0,0.0,0.0,0.0
2019-01-08,3,0,19,139.34,139.34,0.0,1369.325087,0.0
2019-01-08,3,0,20,168.99,168.99,0.0,1660.702213,0.0
2019-01-08,3,0,21,0.0,0.0,0.0,0.0,0.0
2019-01-08,3,0,22,0.0,0.0,0.0,0.0,0.0
2019-01-08,3,0,23,44.25,44.25,0.0,383.922528,0.0
2019-01-08,3,0,24,78.29,78.29,0.0,679.260897,0.0
2019-01-08,3,0,29,0.0,0.0,0.0,0.0,0.0
2019-01-08,3,0,30,0.0,0.0,0.0,0.0,0.0
2019-01-08,3,0,31,13.06,13.06,0.0,113.216046,0.0
2019-01-08,3,0,32,0.0,0.0,0.0,0.0,0.0
2019-01-08,3,0,33,0.0,0.0,0.0,0.0,0.0
2019-01-08,3,0,34,0.0,0.0,0.0,0.0,0.0
2019-01-08,3,0,35,0.0,0.0,0.0,0.0,0.0
2019-01-08,3,0,36,0.0,0.0,0.0,0.0,0.0
2019-01-08,3,0,37,0.0,0.0,0.0,0.0,0.0
2019-01-08,3,0,38,0.0,0.0,0.0,0.0,0.0
2019-01-08,3,0,39,0.0,0.0,0.0,0.0,0.0
2019-01-08,3,0,40,0.0,0.0,0.0,0.0,0.0
2019-01-08,3,0,41,12.86,12.86,0.0,116.465313,0.0
2019-01-08,3,0,42,0.0,0.0,0.0,0.0,0.0
2019-01-08,3,0,43,0.0,0.0,0.0,0.0,0.0
2019-01-08,3,0,46,0.0,0.0,0.0,0.0,0.0
2019-01-08,3,0,52,13.85,13.85,0.0,120.06449,0.0
2019-01-08,3,0,53,22.0,22.0,0.0,190.716157,0.0
2019-01-08,3,0,55,260.3,260.3,0.0,2258.418846,0.0
2019-01-08,3,0,56,0.0,0.0,0.0,0.0,0.0
2019-01-08,3,0,57,0.0,0.0,0.0,0.0,0.0
2019-01-08,3,0,58,0.0,0.0,0.0,0.0,0.0
2019-01-08,3,0,59,0.0,0.0,0.0,0.0,0.0
2019-01-08,3,0,63,65.21,65.21,0.0,948.692203,0.0
2019-01-08,3,0,64,76.71,76.71,0.0,1115.997223,0.0
2019-01-08,3,0,65,8.65,8.65,0.0,84.934903,0.0
2019-01-08,3,0,67,0.0,0.0,0.0,0.0,0.0
2019-01-08,3,0,68,3.59,3.59,0.0,24.985478,0.0
2019-01-08,3,0,69,0.0,0.0,0.0,0.0,0.0
2019-01-08,3,0,74,3.0,3.0,0.0,28.762343,0.0
2019-01-08,3,0,77,76.87,76.87,0.0,613.003305,0.0
2019-01-08,3,0,78,58.12,58.12,0.0,463.480578,0.0
2019-01-08,3,0,79,33.63,33.63,0.0,268.183962,0.0
2019-01-08,3,0,80,54.39,54.39,0.0,433.735524,0.0
2019-01-08,3,0,81,71.11,71.11,0.0,567.069923,0.0
2019-01-08,3,0,82,50.16,50.16,0.0,400.003197,0.0
2019-01-08,3,0,83,111.85,111.85,0.0,891.952903,0.0
2019-01-08,3,0,84,0.0,0.0,0.0,0.0,0.0
2019-01-08,3,0,86,0.0,0.0,0.0,0.0,0.0
2019-01-08,3,0,87,0.0,0.0,0.0,0.0,0.0
2019-01-08,3,0,88,72.44,72.44,0.0,577.676069,0.0
2019-01-08,3,0,89,69.64,69.64,0.0,555.347341,0.0
2019-01-08,3,0,90,93.5,93.5,0.0,745.619995,0.0
2019-01-08,3,0,91,333.54,333.54,0.0,2659.829872,0.0
2019-01-08,3,0,92,119.95,119.95,0.0,956.54672,0.0
2019-01-08,3,0,95,11.76,11.76,0.0,161.724771,0.0
2019-01-08,3,0,96,8.23,8.23,0.0,71.2824,0.0
2019-01-08,3,0,97,50.6,50.6,0.0,438.261173,0.0
2019-01-08,3,0,99,0.58,0.58,0.0,5.56072,0.0
2019-01-08,3,0,101,0.0,0.0,0.0,0.0,0.0
2019-01-08,3,0,102,8.5,8.5,0.0,59.157816,0.0
2019-01-08,3,0,103,7.39,7.39,0.0,51.432501,0.0
2019-01-08,3,0,104,1.37,1.37,0.0,9.534848,0.0
2019-01-08,3,0,106,0.0,0.0,0.0,0.0,0.0
2019-01-08,3,0,109,63.05,63.05,0.0,586.833857,0.0
2019-01-08,3,0,110,121.45,121.45,0.0,271.796763,0.0
2019-01-08,3,0,111,0.0,0.0,0.0,0.0,0.0
2019-01-08,3,0,113,27.3,27.3,0.0,219.943175,0.0
2019-01-08,3,0,115,27.3,27.3,0.0,219.943175,0.0
2019-01-08,3,0,116,0.0,0.0,0.0,0.0,0.0
2019-01-08,3,0,117,1.4,1.4,0.0,11.279137,0.0
2019-01-08,3,0,119,76.71,76.71,0.0,1115.997223,0.0
2019-01-08,3,0,120,45.11,45.11,0.0,656.272125,0.0
2019-01-08,3,0,123,0.0,0.0,0.0,0.0,0.0
2019-01-08,3,0,125,70.85,70.85,0.0,614.709855,0.0
2019-01-08,3,0,126,0.0,0.0,0.0,0.0,0.0
2019-01-08,3,0,127,0.0,0.0,0.0,0.0,0.0
2019-01-08,3,0,128,101.48,101.48,0.0,880.46233,0.0
2019-01-08,3,0,131,11.89,11.89,0.0,86.442314,0.0
2019-01-08,3,0,132,17.48,17.48,0.0,127.082562,0.0
2019-01-08,3,0,133,19.0,19.0,0.0,186.731818,0.0
2019-01-08,3,0,134,0.0,0.0,0.0,0.0,0.0
2019-01-08,3,0,135,25.43,25.43,0.0,249.925796,0.0
2019-01-08,3,0,136,10.93,10.93,0.0,107.317474,0.0
2019-01-08,3,0,139,16.61,16.61,0.0,150.426815,0.0
2019-01-08,3,0,140,89.89,89.89,0.0,201.16765,0.0
2019-01-08,3,0,141,104.48,104.48,0.0,605.712237,0.0
2019-01-08,3,0,142,0.0,0.0,0.0,0.0,0.0
2019-01-08,3,0,143,14.5,14.5,0.0,125.699286,0.0
2019-01-08,3,0,145,6.95,6.95,0.0,61.896179,0.0
2019-01-08,3,0,146,99.6,99.6,0.0,222.897963,0.0
2019-01-08,3,0,152,0.0,0.0,0.0,0.0,0.0
2019-01-08,3,0,153,0.0,0.0,0.0,0.0,0.0
2019-01-08,3,0,154,0.0,0.0,0.0,0.0,0.0
2019-01-08,3,0,157,61.97,61.97,0.0,359.26481,0.0
2019-01-08,3,0,158,0.0,0.0,0.0,0.0,0.0
2019-01-08,3,0,159,0.0,0.0,0.0,0.0,0.0
2019-01-08,3,0,160,0.0,0.0,0.0,0.0,0.0
2019-01-08,3,0,161,0.0,0.0,0.0,0.0,0.0
2019-01-08,3,0,162,14.11,14.11,0.0,194.180941,0.0
2019-01-08,3,0,163,72.89,72.89,0.0,163.122816,0.0
2019-01-08,3,0,164,0.0,0.0,0.0,0.0,0.0
2019-01-08,3,0,167,0.0,0.0,0.0,0.0,0.0
2019-01-08,3,0,168,0.0,0.0,0.0,0.0,0.0
2019-01-08,3,0,169,0.0,0.0,0.0,0.0,0.0
2019-01-08,3,0,170,0.0,0.0,0.0,0.0,0.0
2019-01-08,3,0,172,0.0,0.0,0.0,0.0,0.0
2019-01-08,3,0,173,0.0,0.0,0.0,0.0,0.0
2019-01-08,3,0,188,0.0,0.0,0.0,0.0,0.0
2019-01-08,3,0,190,0.0,0.0,0.0,0.0,0.0
2019-01-08,3,0,191,0.0,0.0,0.0,0.0,0.0
2019-01-08,3,0,192,72.9,72.9,0.0,1060.568343,0.0
2019-01-08,3,0,194,70.91,70.91,0.0,638.063507,0.0
2019-01-08,3,0,196,0.0,0.0,0.0,0.0,0.0
2019-01-08,3,0,198,0.0,0.0,0.0,0.0,0.0
2019-01-08,3,0,199,9.93,9.93,0.0,102.943256,0.0
2019-01-08,3,0,200,0.0,0.0,0.0,0.0,0.0
2019-01-08,3,0,204,220.3,220.3,0.0,2044.087467,0.0
2019-01-08,3,0,205,333.51,333.51,0.0,3104.123069,0.0
2019-01-08,3,0,206,148.69,148.69,0.0,1287.846912,0.0
2019-01-08,3,0,210,0.0,0.0,0.0,0.0,0.0
2019-01-08,3,0,214,0.0,0.0,0.0,0.0,0.0
2019-01-08,3,0,217,0.0,0.0,0.0,0.0,0.0
2019-01-08,3,0,218,0.0,0.0,0.0,0.0,0.0
2019-01-08,3,0,219,0.0,0.0,0.0,0.0,0.0
2019-01-08,3,0,221,0.0,0.0,0.0,0.0,0.0
2019-01-08,3,0,225,0.0,0.0,0.0,0.0,0.0
2019-01-08,3,0,233,0.0,0.0,0.0,0.0,0.0
2019-01-08,3,0,236,8.92,8.92,0.0,86.66593,0.0
2019-01-08,3,0,237,7.19,7.19,0.0,68.933748,0.0
2019-01-08,3,0,238,0.0,0.0,0.0,0.0,0.0
2019-01-08,3,0,240,0.0,0.0,0.0,0.0,0.0
2019-01-08,3,0,245,15.81,15.81,0.0,155.842658,0.0
2019-01-08,3,0,247,21.67,21.67,0.0,213.605971,0.0
2019-01-08,3,0,248,0.72,0.72,0.0,6.902962,0.0
2019-01-08,3,0,249,30.4,30.4,0.0,299.659507,0.0
2019-01-08,3,0,251,102.53,102.53,0.0,1005.375356,0.0
2019-01-08,3,0,252,55.79,55.79,0.0,547.805578,0.0
2019-01-08,3,0,254,0.0,0.0,0.0,0.0,0.0
2019-01-08,3,0,255,0.0,0.0,0.0,0.0,0.0
2019-01-08,3,0,258,0.0,0.0,0.0,0.0,0.0
2019-01-08,3,0,260,0.0,0.0,0.0,0.0,0.0
2019-01-08,3,0,265,0.0,0.0,0.0,0.0,0.0
2019-01-08,3,0,266,10.75,10.75,0.0,97.356307,0.0
2019-01-08,3,0,267,13.22,13.22,0.0,119.725617,0.0
2019-01-08,3,0,270,227.62,227.62,0.0,509.397935,0.0
2019-01-08,3,0,272,111.52,111.52,0.0,898.463843,0.0
2019-01-08,3,0,273,0.0,0.0,0.0,0.0,0.0
2019-01-08,3,0,274,293.43,293.43,0.0,656.676198,0.0
2019-01-08,3,0,275,408.46,408.46,0.0,914.105441,0.0
2019-01-08,3,0,276,0.0,0.0,0.0,0.0,0.0
2019-01-08,3,0,277,0.0,0.0,0.0,0.0,0.0
2019-01-08,3,0,278,0.0,0.0,0.0,0.0,0.0
2019-01-08,3,0,279,105.99,105.99,0.0,850.427617,0.0
2019-01-08,3,0,281,5.86,5.86,0.0,50.799849,0.0
2019-01-08,3,0,282,0.0,0.0,0.0,0.0,0.0
2019-01-08,4,0,9,0.0,0.0,0.0,0.0,0.0
2019-01-08,4,0,17,0.0,0.0,0.0,0.0,0.0
2019-01-08,4,0,19,89.93,89.93,0.0,1242.750641,0.0
2019-01-08,4,0,20,109.07,109.07,0.0,1507.247998,0.0
2019-01-08,4,0,21,0.0,0.0,0.0,0.0,0.0
2019-01-08,4,0,22,0.0,0.0,0.0,0.0,0.0
2019-01-08,4,0,23,38.16,38.16,0.0,247.521708,0.0
2019-01-08,4,0,24,63.07,63.07,0.0,409.098378,0.0
2019-01-08,4,0,29,0.0,0.0,0.0,0.0,0.0
2019-01-08,4,0,30,0.0,0.0,0.0,0.0,0.0
2019-01-08,4,0,31,13.25,13.25,0.0,85.417119,0.0
2019-01-08,4,0,32,0.0,0.0,0.0,-0.0,0.0
2019-01-08,4,0,33,0.0,0.0,0.0,0.0,0.0
2019-01-08,4,0,34,0.0,0.0,0.0,0.0,0.0
2019-01-08,4,0,35,0.0,0.0,0.0,0.0,0.0
2019-01-08,4,0,36,0.0,0.0,0.0,0.0,0.0
2019-01-08,4,0,37,0.0,0.0,0.0,0.0,0.0
2019-01-08,4,0,38,0.0,0.0,0.0,0.0,0.0
2019-01-08,4,0,39,0.0,0.0,0.0,0.0,0.0
2019-01-08,4,0,40,0.0,0.0,0.0,0.0,0.0
2019-01-08,4,0,41,6.89,6.89,0.0,59.551927,0.0
2019-01-08,4,0,42,0.0,0.0,0.0,0.0,0.0
2019-01-08,4,0,43,0.0,0.0,0.0,0.0,0.0
2019-01-08,4,0,46,0.0,0.0,0.0,0.0,0.0
2019-01-08,4,0,52,14.05,14.05,0.0,90.574379,0.0
2019-01-08,4,0,53,22.32,22.32,0.0,143.887554,0.0
2019-01-08,4,0,55,253.97,253.97,0.0,1647.355558,0.0
2019-01-08,4,0,56,0.0,0.0,0.0,0.0,0.0
2019-01-08,4,0,57,0.0,0.0,0.0,0.0,0.0
2019-01-08,4,0,58,0.0,0.0,0.0,0.0,0.0
2019-01-08,4,0,59,0.0,0.0,0.0,0.0,0.0
2019-01-08,4,0,63,65.07,65.07,0.0,1340.868653,0.0
2019-01-08,4,0,64,76.55,76.55,0.0,1577.431926,0.0
2019-01-08,4,0,65,6.37,6.37,0.0,87.607445,0.0
2019-01-08,4,0,67,0.0,0.0,0.0,0.0,0.0
2019-01-08,4,0,68,3.18,3.18,0.0,7.447727,0.0
2019-01-08,4,0,69,0.0,0.0,0.0,0.0,0.0
2019-01-08,4,0,74,3.44,3.44,0.0,41.079584,0.0
2019-01-08,4,0,77,72.68,72.68,0.0,194.349521,0.0
2019-01-08,4,0,78,54.95,54.95,0.0,146.93872,0.0
2019-01-08,4,0,79,31.8,31.8,0.0,85.034601,0.0
2019-01-08,4,0,80,51.42,51.42,0.0,137.499345,0.0
2019-01-08,4,0,81,67.23,67.23,0.0,179.775981,0.0
2019-01-08,4,0,82,47.43,47.43,0.0,126.829909,0.0
2019-01-08,4,0,83,105.75,105.75,0.0,282.780158,0.0
2019-01-08,4,0,84,0.0,0.0,0.0,0.0,0.0
2019-01-08,4,0,86,0.0,0.0,0.0,0.0,0.0
2019-01-08,4,0,87,0.0,0.0,0.0,0.0,0.0
2019-01-08,4,0,88,71.22,71.22,0.0,190.445417,0.0
2019-01-08,4,0,89,68.46,68.46,0.0,183.065055,0.0
2019-01-08,4,0,90,91.93,91.93,0.0,245.824869,0.0
2019-01-08,4,0,91,327.92,327.92,0.0,876.872523,0.0
2019-01-08,4,0,92,117.93,117.93,0.0,315.350014,0.0
2019-01-08,4,0,95,26.72,26.72,0.0,2642.640241,0.0
2019-01-08,4,0,96,7.77,7.77,0.0,49.766347,0.0
2019-01-08,4,0,97,47.79,47.79,0.0,306.091854,0.0
2019-01-08,4,0,99,0.66,0.66,0.0,7.881548,0.0
2019-01-08,4,0,101,0.0,0.0,0.0,0.0,0.0
2019-01-08,4,0,102,7.54,7.54,0.0,17.659076,0.0
2019-01-08,4,0,103,6.55,6.55,0.0,15.340444,0.0
2019-01-08,4,0,104,1.22,1.22,0.0,2.857304,0.0
2019-01-08,4,0,106,0.0,0.0,0.0,0.0,0.0
2019-01-08,4,0,109,60.88,60.88,0.0,600.758842,0.0
2019-01-08,4,0,110,143.17,143.17,0.0,282.116483,0.0
2019-01-08,4,0,111,0.0,0.0,0.0,0.0,0.0
2019-01-08,4,0,113,14.37,14.37,0.0,26.619278,0.0
2019-01-08,4,0,115,14.37,14.37,0.0,26.619278,0.0
2019-01-08,4,0,116,0.0,0.0,0.0,0.0,0.0
2019-01-08,4,0,117,0.96,0.96,0.0,1.778323,0.0
2019-01-08,4,0,119,76.55,76.55,0.0,1577.431926,0.0
2019-01-08,4,0,120,45.01,45.01,0.0,927.501123,0.0
2019-01-08,4,0,123,0.0,0.0,0.0,0.0,0.0
2019-01-08,4,0,125,57.87,57.87,0.0,375.369005,0.0
2019-01-08,4,0,126,0.0,0.0,0.0,0.0,0.0
2019-01-08,4,0,127,0.0,0.0,0.0,0.0,0.0
2019-01-08,4,0,128,78.59,78.59,0.0,509.767584,0.0
2019-01-08,4,0,131,11.43,11.43,0.0,27.048861,0.0
2019-01-08,4,0,132,16.8,16.8,0.0,39.756856,0.0
2019-01-08,4,0,133,18.47,18.47,0.0,255.353344,0.0
2019-01-08,4,0,134,0.0,0.0,0.0,0.0,0.0
2019-01-08,4,0,135,25.47,25.47,0.0,352.130463,0.0
2019-01-08,4,0,136,8.46,8.46,0.0,116.320856,0.0
2019-01-08,4,0,139,8.9,8.9,0.0,76.92484,0.0
2019-01-08,4,0,140,105.96,105.96,0.0,208.794178,0.0
2019-01-08,4,0,141,101.56,101.56,0.0,228.569854,0.0
2019-01-08,4,0,142,0.0,0.0,0.0,0.0,0.0
2019-01-08,4,0,143,14.35,14.35,0.0,92.508351,0.0
2019-01-08,4,0,145,6.48,6.48,0.0,50.012956,0.0
2019-01-08,4,0,146,99.9,99.9,0.0,196.852949,0.0
2019-01-08,4,0,152,0.0,0.0,0.0,0.0,0.0
2019-01-08,4,0,153,0.0,0.0,0.0,0.0,0.0
2019-01-08,4,0,154,0.0,0.0,0.0,0.0,0.0
2019-01-08,4,0,157,56.34,56.34,0.0,126.798204,0.0
2019-01-08,4,0,158,0.0,0.0,0.0,0.0,0.0
2019-01-08,4,0,159,0.0,0.0,0.0,0.0,0.0
2019-01-08,4,0,160,0.0,0.0,0.0,0.0,0.0
2019-01-08,4,0,161,0.0,0.0,0.0,0.0,0.0
2019-01-08,4,0,162,13.35,13.35,0.0,1321.393859,0.0
2019-01-08,4,0,163,71.12,71.12,0.0,140.141959,0.0
2019-01-08,4,0,164,0.0,0.0,0.0,0.0,0.0
2019-01-08,4,0,167,0.0,0.0,0.0,0.0,0.0
2019-01-08,4,0,168,0.0,0.0,0.0,0.0,0.0
2019-01-08,4,0,169,0.0,0.0,0.0,0.0,0.0
2019-01-08,4,0,170,0.0,0.0,0.0,0.0,0.0
2019-01-08,4,0,172,0.0,0.0,0.0,0.0,0.0
2019-01-08,4,0,173,0.0,0.0,0.0,0.0,0.0
2019-01-08,4,0,188,0.0,0.0,0.0,0.0,0.0
2019-01-08,4,0,190,0.0,0.0,0.0,0.0,0.0
2019-01-08,4,0,191,0.0,0.0,0.0,0.0,0.0
2019-01-08,4,0,192,74.69,74.69,0.0,1539.10373,0.0
2019-01-08,4,0,194,71.39,71.39,0.0,82.378227,0.0
2019-01-08,4,0,196,0.0,0.0,0.0,0.0,0.0
2019-01-08,4,0,198,0.0,0.0,0.0,0.0,0.0
2019-01-08,4,0,199,9.37,9.37,0.0,83.210097,0.0
2019-01-08,4,0,200,0.0,0.0,0.0,0.0,0.0
2019-01-08,4,0,204,207.29,207.29,0.0,2005.313866,0.0
2019-01-08,4,0,205,322.06,322.06,0.0,3178.061639,0.0
2019-01-08,4,0,206,140.44,140.44,0.0,899.509103,0.0
2019-01-08,4,0,210,0.0,0.0,0.0,0.0,0.0
2019-01-08,4,0,214,0.0,0.0,0.0,0.0,0.0
2019-01-08,4,0,217,0.0,0.0,0.0,0.0,0.0
2019-01-08,4,0,218,0.0,0.0,0.0,0.0,0.0
2019-01-08,4,0,219,0.0,0.0,0.0,0.0,0.0
2019-01-08,4,0,221,0.0,0.0,0.0,0.0,0.0
2019-01-08,4,0,225,0.0,0.0,0.0,0.0,0.0
2019-01-08,4,0,233,0.0,0.0,0.0,0.0,0.0
2019-01-08,4,0,236,6.14,6.14,0.0,79.265466,0.0
2019-01-08,4,0,237,8.25,8.25,0.0,98.519351,0.0
2019-01-08,4,0,238,0.0,0.0,0.0,0.0,0.0
2019-01-08,4,0,240,0.0,0.0,0.0,0.0,0.0
2019-01-08,4,0,245,10.03,10.03,0.0,141.038189,0.0
2019-01-08,4,0,247,16.28,16.28,0.0,228.923402,0.0
2019-01-08,4,0,248,0.83,0.83,0.0,9.911644,0.0
2019-01-08,4,0,249,19.29,19.29,0.0,271.24892,0.0
2019-01-08,4,0,251,85.64,85.64,0.0,1168.54407,0.0
2019-01-08,4,0,252,41.08,41.08,0.0,564.978624,0.0
2019-01-08,4,0,254,0.0,0.0,0.0,0.0,0.0
2019-01-08,4,0,255,0.0,0.0,0.0,0.0,0.0
2019-01-08,4,0,258,0.0,0.0,0.0,0.0,0.0
2019-01-08,4,0,260,0.0,0.0,0.0,0.0,0.0
2019-01-08,4,0,265,0.0,0.0,0.0,0.0,0.0
2019-01-08,4,0,266,5.76,5.76,0.0,49.785065,0.0
2019-01-08,4,0,267,7.08,7.08,0.0,61.194143,0.0
2019-01-08,4,0,270,222.12,222.12,0.0,437.687457,0.0
2019-01-08,4,0,272,48.03,48.03,0.0,88.971741,0.0
2019-01-08,4,0,273,0.0,0.0,0.0,0.0,0.0
2019-01-08,4,0,274,286.34,286.34,0.0,564.232966,0.0
2019-01-08,4,0,275,398.59,398.59,0.0,785.421589,0.0
2019-01-08,4,0,276,0.0,0.0,0.0,0.0,0.0
2019-01-08,4,0,277,0.0,0.0,0.0,0.0,0.0
2019-01-08,4,0,278,0.0,0.0,0.0,0.0,0.0
2019-01-08,4,0,279,102.4,102.4,0.0,223.418618,0.0
2019-01-08,4,0,281,5.95,5.95,0.0,38.357121,0.0
2019-01-08,4,0,282,0.0,0.0,0.0,0.0,0.0
2019-01-08,5,0,9,0.0,0.0,0.0,0.0,0.0
2019-01-08,5,0,17,0.0,0.0,0.0,0.0,0.0
2019-01-08,5,0,19,30.13,30.13,0.0,478.105192,0.0
2019-01-08,5,0,20,36.54,36.54,0.0,579.819572,0.0
2019-01-08,5,0,21,0.0,0.0,0.0,0.0,0.0
2019-01-08,5,0,22,0.0,0.0,0.0,0.0,0.0
2019-01-08,5,0,23,41.35,41.35,0.0,448.491678,0.0
2019-01-08,5,0,24,73.16,73.16,0.0,793.510307,0.0
2019-01-08,5,0,29,0.0,0.0,0.0,0.0,0.0
2019-01-08,5,0,30,0.0,0.0,0.0,0.0,0.0
2019-01-08,5,0,31,12.44,12.44,0.0,134.627177,0.0
2019-01-08,5,0,32,0.0,0.0,0.0,0.0,0.0
2019-01-08,5,0,33,0.0,0.0,0.0,0.0,0.0
2019-01-08,5,0,34,0.0,0.0,0.0,0.0,0.0
2019-01-08,5,0,35,0.0,0.0,0.0,0.0,0.0
2019-01-08,5,0,36,0.0,0.0,0.0,0.0,0.0
2019-01-08,5,0,37,0.0,0.0,0.0,0.0,0.0
2019-01-08,5,0,38,0.0,0.0,0.0,0.0,0.0
2019-01-08,5,0,39,0.0,0.0,0.0,0.0,0.0
2019-01-08,5,0,40,0.0,0.0,0.0,0.0,0.0
2019-01-08,5,0,41,7.58,7.58,0.0,92.452052,0.0
2019-01-08,5,0,42,0.0,0.0,0.0,0.0,0.0
2019-01-08,5,0,43,0.0,0.0,0.0,0.0,0.0
2019-01-08,5,0,46,0.0,0.0,0.0,0.0,0.0
2019-01-08,5,0,52,13.18,13.18,0.0,142.635547,0.0
2019-01-08,5,0,53,20.94,20.94,0.0,226.615201,0.0
2019-01-08,5,0,55,185.4,185.4,0.0,2010.891345,0.0
2019-01-08,5,0,56,0.0,0.0,0.0,0.0,0.0
2019-01-08,5,0,57,0.0,0.0,0.0,0.0,0.0
2019-01-08,5,0,58,0.0,0.0,0.0,0.0,0.0
2019-01-08,5,0,59,0.0,0.0,0.0,0.0,0.0
2019-01-08,5,0,63,55.86,55.86,0.0,1044.225006,0.0
2019-01-08,5,0,64,65.72,65.72,0.0,1228.543992,0.0
2019-01-08,5,0,65,4.97,4.97,0.0,78.606685,0.0
2019-01-08,5,0,67,0.0,0.0,0.0,0.0,0.0
2019-01-08,5,0,68,3.03,3.03,0.0,22.260103,0.0
2019-01-08,5,0,69,0.0,0.0,0.0,0.0,0.0
2019-01-08,5,0,74,5.78,5.78,0.0,83.321486,0.0
2019-01-08,5,0,77,66.55,66.55,0.0,568.938804,0.0
2019-01-08,5,0,78,50.31,50.31,0.0,430.102347,0.0
2019-01-08,5,0,79,29.12,29.12,0.0,248.948129,0.0
2019-01-08,5,0,80,47.09,47.09,0.0,402.574429,0.0
2019-01-08,5,0,81,61.56,61.56,0.0,526.27908,0.0
2019-01-08,5,0,82,43.43,43.43,0.0,371.284932,0.0
2019-01-08,5,0,83,96.83,96.83,0.0,827.803822,0.0
2019-01-08,5,0,84,0.0,0.0,0.0,0.0,0.0
2019-01-08,5,0,86,0.0,0.0,0.0,0.0,0.0
2019-01-08,5,0,87,0.0,0.0,0.0,0.0,0.0
2019-01-08,5,0,88,68.97,68.97,0.0,589.627488,0.0
2019-01-08,5,0,89,66.3,66.3,0.0,566.801543,0.0
2019-01-08,5,0,90,89.02,89.02,0.0,761.035797,0.0
2019-01-08,5,0,91,317.55,317.55,0.0,2714.748567,0.0
2019-01-08,5,0,92,114.21,114.21,0.0,976.386188,0.0
2019-01-08,5,0,95,8.19,8.19,0.0,144.105084,0.0
2019-01-08,5,0,96,7.98,7.98,0.0,86.159435,0.0
2019-01-08,5,0,97,49.08,49.08,0.0,529.912919,0.0
2019-01-08,5,0,99,1.12,1.12,0.0,16.14534,0.0
2019-01-08,5,0,101,0.0,0.0,0.0,0.0,0.0
2019-01-08,5,0,102,7.16,7.16,0.0,52.601432,0.0
2019-01-08,5,0,103,6.23,6.23,0.0,45.769123,0.0
2019-01-08,5,0,104,1.16,1.16,0.0,8.52202,0.0
2019-01-08,5,0,106,0.0,0.0,0.0,0.0,0.0
2019-01-08,5,0,109,58.87,58.87,0.0,756.884918,0.0
2019-01-08,5,0,110,128.07,128.07,0.0,285.774514,0.0
2019-01-08,5,0,111,0.0,0.0,0.0,0.0,0.0
2019-01-08,5,0,113,33.1,33.1,0.0,274.701874,0.0
2019-01-08,5,0,115,33.1,33.1,0.0,274.701874,0.0
2019-01-08,5,0,116,0.0,0.0,0.0,0.0,0.0
2019-01-08,5,0,117,1.59,1.59,0.0,13.195649,0.0
2019-01-08,5,0,119,65.72,65.72,0.0,1228.543992,0.0
2019-01-08,5,0,120,38.64,38.64,0.0,722.321057,0.0
2019-01-08,5,0,123,0.0,0.0,0.0,0.0,0.0
2019-01-08,5,0,125,66.21,66.21,0.0,718.128997,0.0
2019-01-08,5,0,126,0.0,0.0,0.0,0.0,0.0
2019-01-08,5,0,127,0.0,0.0,0.0,0.0,0.0
2019-01-08,5,0,128,94.83,94.83,0.0,1028.548146,0.0
2019-01-08,5,0,131,10.02,10.02,0.0,76.982217,0.0
2019-01-08,5,0,132,14.73,14.73,0.0,113.168469,0.0
2019-01-08,5,0,133,2.82,2.82,0.0,44.761754,0.0
2019-01-08,5,0,134,0.0,0.0,0.0,0.0,0.0
2019-01-08,5,0,135,4.02,4.02,0.0,63.809309,0.0
2019-01-08,5,0,136,7.35,7.35,0.0,116.228404,0.0
2019-01-08,5,0,139,9.79,9.79,0.0,119.40707,0.0
2019-01-08,5,0,140,94.78,94.78,0.0,211.491438,0.0
2019-01-08,5,0,141,88.35,88.35,0.0,537.821098,0.0
2019-01-08,5,0,142,0.0,0.0,0.0,0.0,0.0
2019-01-08,5,0,143,28.08,28.08,0.0,303.88514,0.0
2019-01-08,5,0,145,6.76,6.76,0.0,78.275155,0.0
2019-01-08,5,0,146,73.12,73.12,0.0,163.159463,0.0
2019-01-08,5,0,152,0.0,0.0,0.0,0.0,0.0
2019-01-08,5,0,153,0.0,0.0,0.0,0.0,0.0
2019-01-08,5,0,154,0.0,0.0,0.0,0.0,0.0
2019-01-08,5,0,157,43.66,43.66,0.0,265.775542,0.0
2019-01-08,5,0,158,0.0,0.0,0.0,0.0,0.0
2019-01-08,5,0,159,0.0,0.0,0.0,0.0,0.0
2019-01-08,5,0,160,0.0,0.0,0.0,0.0,0.0
2019-01-08,5,0,161,0.0,0.0,0.0,0.0,0.0
2019-01-08,5,0,162,8.12,8.12,0.0,142.991505,0.0
2019-01-08,5,0,163,70.74,70.74,0.0,157.848748,0.0
2019-01-08,5,0,164,0.0,0.0,0.0,0.0,0.0
2019-01-08,5,0,167,0.0,0.0,0.0,0.0,0.0
2019-01-08,5,0,168,0.0,0.0,0.0,0.0,0.0
2019-01-08,5,0,169,0.0,0.0,0.0,0.0,0.0
2019-01-08,5,0,170,0.0,0.0,0.0,0.0,0.0
2019-01-08,5,0,172,0.0,0.0,0.0,0.0,0.0
2019-01-08,5,0,173,0.0,0.0,0.0,0.0,0.0
2019-01-08,5,0,188,0.0,0.0,0.0,0.0,0.0
2019-01-08,5,0,190,0.0,0.0,0.0,0.0,0.0
2019-01-08,5,0,191,0.0,0.0,0.0,0.0,0.0
2019-01-08,5,0,192,51.87,51.87,0.0,969.637505,0.0
2019-01-08,5,0,194,67.26,67.26,0.0,605.560361,0.0
2019-01-08,5,0,196,0.0,0.0,0.0,0.0,0.0
2019-01-08,5,0,198,0.0,0.0,0.0,0.0,0.0
2019-01-08,5,0,199,7.71,7.71,0.0,77.157096,0.0
2019-01-08,5,0,200,0.0,0.0,0.0,0.0,0.0
2019-01-08,5,0,204,199.36,199.36,0.0,2535.658084,0.0
2019-01-08,5,0,205,311.42,311.42,0.0,4003.891647,0.0
2019-01-08,5,0,206,144.22,144.22,0.0,1557.132052,0.0
2019-01-08,5,0,210,0.0,0.0,0.0,0.0,0.0
2019-01-08,5,0,214,0.0,0.0,0.0,0.0,0.0
2019-01-08,5,0,217,0.0,0.0,0.0,0.0,0.0
2019-01-08,5,0,218,0.0,0.0,0.0,0.0,0.0
2019-01-08,5,0,219,0.0,0.0,0.0,0.0,0.0
2019-01-08,5,0,221,0.0,0.0,0.0,0.0,0.0
2019-01-08,5,0,225,0.0,0.0,0.0,0.0,0.0
2019-01-08,5,0,233,0.0,0.0,0.0,0.0,0.0
2019-01-08,5,0,236,5.76,5.76,0.0,87.262417,0.0
2019-01-08,5,0,237,13.87,13.87,0.0,199.942736,0.0
2019-01-08,5,0,238,0.0,0.0,0.0,0.0,0.0
2019-01-08,5,0,240,0.0,0.0,0.0,0.0,0.0
2019-01-08,5,0,245,2.32,2.32,0.0,37.256235,0.0
2019-01-08,5,0,247,5.93,5.93,0.0,95.228222,0.0
2019-01-08,5,0,248,1.39,1.39,0.0,20.03752,0.0
2019-01-08,5,0,249,4.45,4.45,0.0,71.461314,0.0
2019-01-08,5,0,251,58.17,58.17,0.0,915.07901,0.0
2019-01-08,5,0,252,32.03,32.03,0.0,506.593989,0.0
2019-01-08,5,0,254,0.0,0.0,0.0,0.0,0.0
2019-01-08,5,0,255,0.0,0.0,0.0,0.0,0.0
2019-01-08,5,0,258,0.0,0.0,0.0,0.0,0.0
2019-01-08,5,0,260,0.0,0.0,0.0,0.0,0.0
2019-01-08,5,0,265,0.0,0.0,0.0,0.0,0.0
2019-01-08,5,0,266,6.34,6.34,0.0,77.32797,0.0
2019-01-08,5,0,267,7.79,7.79,0.0,95.013389,0.0
2019-01-08,5,0,270,220.92,220.92,0.0,492.959363,0.0
2019-01-08,5,0,272,113.78,113.78,0.0,944.277317,0.0
2019-01-08,5,0,273,0.0,0.0,0.0,0.0,0.0
2019-01-08,5,0,274,284.79,284.79,0.0,635.47844,0.0
2019-01-08,5,0,275,396.43,396.43,0.0,884.591165,0.0
2019-01-08,5,0,276,0.0,0.0,0.0,0.0,0.0
2019-01-08,5,0,277,0.0,0.0,0.0,0.0,0.0
2019-01-08,5,0,278,0.0,0.0,0.0,0.0,0.0
2019-01-08,5,0,279,101.4,101.4,0.0,851.692695,0.0
2019-01-08,5,0,281,5.58,5.58,0.0,60.387432,0.0
2019-01-08,5,0,282,0.0,0.0,0.0,0.0,0.0
2019-01-08,6,0,9,0.0,0.0,0.0,0.0,0.0
2019-01-08,6,0,17,0.0,0.0,0.0,0.0,0.0
2019-01-08,6,0,19,0.0,0.0,0.0,0.0,0.0
2019-01-08,6,0,20,0.0,0.0,0.0,0.0,0.0
2019-01-08,6,0,21,0.0,0.0,0.0,0.0,0.0
2019-01-08,6,0,22,0.0,0.0,0.0,0.0,0.0
2019-01-08,6,0,23,40.45,40.45,0.0,487.096223,0.0
2019-01-08,6,0,24,71.57,71.57,0.0,861.841204,0.0
2019-01-08,6,0,29,0.0,0.0,0.0,0.0,0.0
2019-01-08,6,0,30,0.0,0.0,0.0,0.0,0.0
2019-01-08,6,0,31,11.68,11.68,0.0,140.443646,0.0
2019-01-08,6,0,32,0.0,0.0,0.0,0.0,0.0
2019-01-08,6,0,33,0.0,0.0,0.0,0.0,0.0
2019-01-08,6,0,34,0.0,0.0,0.0,0.0,0.0
2019-01-08,6,0,35,0.0,0.0,0.0,0.0,0.0
2019-01-08,6,0,36,0.0,0.0,0.0,0.0,0.0
2019-01-08,6,0,37,0.0,0.0,0.0,0.0,0.0
2019-01-08,6,0,38,0.0,0.0,0.0,0.0,0.0
2019-01-08,6,0,39,0.0,0.0,0.0,0.0,0.0
2019-01-08,6,0,40,0.0,0.0,0.0,0.0,0.0
2019-01-08,6,0,41,8.21,8.21,0.0,107.069623,0.0
2019-01-08,6,0,42,0.0,0.0,0.0,0.0,0.0
2019-01-08,6,0,43,0.0,0.0,0.0,0.0,0.0
2019-01-08,6,0,46,0.0,0.0,0.0,0.0,0.0
2019-01-08,6,0,52,12.38,12.38,0.0,148.860646,0.0
2019-01-08,6,0,53,19.65,19.65,0.0,236.277196,0.0
2019-01-08,6,0,55,74.59,74.59,0.0,898.207844,0.0
2019-01-08,6,0,56,0.0,0.0,0.0,0.0,0.0
2019-01-08,6,0,57,0.0,0.0,0.0,0.0,0.0
2019-01-08,6,0,58,0.0,0.0,0.0,0.0,0.0
2019-01-08,6,0,59,0.0,0.0,0.0,0.0,0.0
2019-01-08,6,0,63,48.61,48.61,0.0,1002.501419,0.0
2019-01-08,6,0,64,57.18,57.18,0.0,1179.243595,0.0
2019-01-08,6,0,65,4.35,4.35,0.0,68.80062,0.0
2019-01-08,6,0,67,0.0,0.0,0.0,0.0,0.0
2019-01-08,6,0,68,2.9,2.9,0.0,25.773326,0.0
2019-01-08,6,0,69,0.0,0.0,0.0,0.0,0.0
2019-01-08,6,0,74,9.04,9.04,0.0,133.054078,0.0
2019-01-08,6,0,77,60.91,60.91,0.0,631.197404,0.0
2019-01-08,6,0,78,46.05,46.05,0.0,477.206377,0.0
2019-01-08,6,0,79,26.65,26.65,0.0,276.168294,0.0
2019-01-08,6,0,80,43.09,43.09,0.0,446.532525,0.0
2019-01-08,6,0,81,56.34,56.34,0.0,583.839464,0.0
2019-01-08,6,0,82,39.74,39.74,0.0,411.817186,0.0
2019-01-08,6,0,83,88.62,88.62,0.0,918.350253,0.0
2019-01-08,6,0,84,0.0,0.0,0.0,0.0,0.0
2019-01-08,6,0,86,0.0,0.0,0.0,0.0,0.0
2019-01-08,6,0,87,0.0,0.0,0.0,0.0,0.0
2019-01-08,6,0,88,67.12,67.12,0.0,695.550316,0.0
2019-01-08,6,0,89,64.53,64.53,0.0,668.710696,0.0
2019-01-08,6,0,90,86.64,86.64,0.0,897.831933,0.0
2019-01-08,6,0,91,309.06,309.06,0.0,3202.723192,0.0
2019-01-08,6,0,92,111.15,111.15,0.0,1151.823862,0.0
2019-01-08,6,0,95,6.1,6.1,0.0,118.888551,0.0
2019-01-08,6,0,96,8.23,8.23,0.0,98.808061,0.0
2019-01-08,6,0,97,50.58,50.58,0.0,607.255377,0.0
2019-01-08,6,0,99,1.74,1.74,0.0,25.609966,0.0
2019-01-08,6,0,101,0.0,0.0,0.0,0.0,0.0
2019-01-08,6,0,102,6.86,6.86,0.0,60.967248,0.0
2019-01-08,6,0,103,5.97,5.97,0.0,53.057503,0.0
2019-01-08,6,0,104,1.11,1.11,0.0,9.864963,0.0
2019-01-08,6,0,106,0.0,0.0,0.0,0.0,0.0
2019-01-08,6,0,109,56.96,56.96,0.0,769.256232,0.0
2019-01-08,6,0,110,125.38,125.38,0.0,280.591833,0.0
2019-01-08,6,0,111,0.0,0.0,0.0,0.0,0.0
2019-01-08,6,0,113,42.15,42.15,0.0,435.240999,0.0
2019-01-08,6,0,115,42.15,42.15,0.0,435.240999,0.0
2019-01-08,6,0,116,0.0,0.0,0.0,0.0,0.0
2019-01-08,6,0,117,1.67,1.67,0.0,17.244424,0.0
2019-01-08,6,0,119,57.18,57.18,0.0,1179.243595,0.0
2019-01-08,6,0,120,33.62,33.62,0.0,693.357287,0.0
2019-01-08,6,0,123,0.0,0.0,0.0,0.0,0.0
2019-01-08,6,0,125,64.76,64.76,0.0,779.835634,0.0
2019-01-08,6,0,126,0.0,0.0,0.0,0.0,0.0
2019-01-08,6,0,127,0.0,0.0,0.0,0.0,0.0
2019-01-08,6,0,128,92.76,92.76,0.0,1117.009781,0.0
2019-01-08,6,0,131,8.74,8.74,0.0,81.496193,0.0
2019-01-08,6,0,132,12.85,12.85,0.0,119.819918,0.0
2019-01-08,6,0,133,0.0,0.0,0.0,0.0,0.0
2019-01-08,6,0,134,0.0,0.0,0.0,0.0,0.0
2019-01-08,6,0,135,0.0,0.0,0.0,0.0,0.0
2019-01-08,6,0,136,6.65,6.65,0.0,105.163068,0.0
2019-01-08,6,0,139,10.61,10.61,0.0,138.368903,0.0
2019-01-08,6,0,140,92.8,92.8,0.0,207.68003,0.0
2019-01-08,6,0,141,76.36,76.36,0.0,553.64815,0.0
2019-01-08,6,0,142,0.0,0.0,0.0,0.0,0.0
2019-01-08,6,0,143,51.52,51.52,0.0,619.491152,0.0
2019-01-08,6,0,145,7.03,7.03,0.0,88.405598,0.0
2019-01-08,6,0,146,59.72,59.72,0.0,133.649261,0.0
2019-01-08,6,0,152,0.0,0.0,0.0,0.0,0.0
2019-01-08,6,0,153,0.0,0.0,0.0,0.0,0.0
2019-01-08,6,0,154,0.0,0.0,0.0,0.0,0.0
2019-01-08,6,0,157,33.74,33.74,0.0,244.631857,0.0
2019-01-08,6,0,158,0.0,0.0,0.0,0.0,0.0
2019-01-08,6,0,159,0.0,0.0,0.0,0.0,0.0
2019-01-08,6,0,160,0.0,0.0,0.0,0.0,0.0
2019-01-08,6,0,161,0.0,0.0,0.0,0.0,0.0
2019-01-08,6,0,162,5.01,5.01,0.0,97.714096,0.0
2019-01-08,6,0,163,70.06,70.06,0.0,156.789471,0.0
2019-01-08,6,0,164,0.0,0.0,0.0,0.0,0.0
2019-01-08,6,0,167,0.0,0.0,0.0,0.0,0.0
2019-01-08,6,0,168,0.0,0.0,0.0,0.0,0.0
2019-01-08,6,0,169,0.0,0.0,0.0,0.0,0.0
2019-01-08,6,0,170,0.0,0.0,0.0,0.0,0.0
2019-01-08,6,0,172,0.0,0.0,0.0,0.0,0.0
2019-01-08,6,0,173,0.0,0.0,0.0,0.0,0.0
2019-01-08,6,0,188,0.0,0.0,0.0,0.0,0.0
2019-01-08,6,0,190,0.0,0.0,0.0,0.0,0.0
2019-01-08,6,0,191,0.0,0.0,0.0,0.0,0.0
2019-01-08,6,0,192,34.64,34.64,0.0,714.393112,0.0
2019-01-08,6,0,194,64.1,64.1,0.0,737.796571,0.0
2019-01-08,6,0,196,0.0,0.0,0.0,0.0,0.0
2019-01-08,6,0,198,0.0,0.0,0.0,0.0,0.0
2019-01-08,6,0,199,6.38,6.38,0.0,70.319671,0.0
2019-01-08,6,0,200,0.0,0.0,0.0,0.0,0.0
2019-01-08,6,0,204,191.21,191.21,0.0,2562.094957,0.0
2019-01-08,6,0,205,301.33,301.33,0.0,4069.522127,0.0
2019-01-08,6,0,206,148.63,148.63,0.0,1784.427968,0.0
2019-01-08,6,0,210,0.0,0.0,0.0,0.0,0.0
2019-01-08,6,0,214,0.0,0.0,0.0,0.0,0.0
2019-01-08,6,0,217,0.0,0.0,0.0,0.0,0.0
2019-01-08,6,0,218,0.0,0.0,0.0,0.0,0.0
2019-01-08,6,0,219,0.0,0.0,0.0,0.0,0.0
2019-01-08,6,0,221,0.0,0.0,0.0,0.0,0.0
2019-01-08,6,0,225,0.0,0.0,0.0,0.0,0.0
2019-01-08,6,0,233,0.0,0.0,0.0,0.0,0.0
2019-01-08,6,0,236,5.46,5.46,0.0,83.489881,0.0
2019-01-08,6,0,237,21.68,21.68,0.0,319.094293,0.0
2019-01-08,6,0,238,0.0,0.0,0.0,0.0,0.0
2019-01-08,6,0,240,0.0,0.0,0.0,0.0,0.0
2019-01-08,6,0,245,0.0,0.0,0.0,0.0,0.0
2019-01-08,6,0,247,5.19,5.19,0.0,83.076429,0.0
2019-01-08,6,0,248,2.18,2.18,0.0,32.08605,0.0
2019-01-08,6,0,249,0.0,0.0,0.0,0.0,0.0
2019-01-08,6,0,251,41.92,41.92,0.0,660.20918,0.0
2019-01-08,6,0,252,28.05,28.05,0.0,443.645376,0.0
2019-01-08,6,0,254,0.0,0.0,0.0,0.0,0.0
2019-01-08,6,0,255,0.0,0.0,0.0,0.0,0.0
2019-01-08,6,0,258,0.0,0.0,0.0,0.0,0.0
2019-01-08,6,0,260,0.0,0.0,0.0,0.0,0.0
2019-01-08,6,0,265,0.0,0.0,0.0,0.0,0.0
2019-01-08,6,0,266,6.87,6.87,0.0,89.594191,0.0
2019-01-08,6,0,267,8.44,8.44,0.0,110.069137,0.0
2019-01-08,6,0,270,218.81,218.81,0.0,489.68176,0.0
2019-01-08,6,0,272,148.73,148.73,0.0,1535.786328,0.0
2019-01-08,6,0,273,0.0,0.0,0.0,0.0,0.0
2019-01-08,6,0,274,282.07,282.07,0.0,631.253297,0.0
2019-01-08,6,0,275,392.65,392.65,0.0,878.723747,0.0
2019-01-08,6,0,276,0.0,0.0,0.0,0.0,0.0
2019-01-08,6,0,277,0.0,0.0,0.0,0.0,0.0
2019-01-08,6,0,278,0.0,0.0,0.0,0.0,0.0
2019-01-08,6,0,279,100.48,100.48,0.0,1039.038582,0.0
2019-01-08,6,0,281,5.25,5.25,0.0,63.127495,0.0
2019-01-08,6,0,282,0.0,0.0,0.0,0.0,0.0
2019-01-08,7,0,9,0.0,0.0,0.0,0.0,0.0
2019-01-08,7,0,17,0.0,0.0,0.0,0.0,0.0
2019-01-08,7,0,19,0.0,0.0,0.0,0.0,0.0
2019-01-08,7,0,20,0.0,0.0,0.0,0.0,0.0
2019-01-08,7,0,21,0.0,0.0,0.0,0.0,0.0
2019-01-08,7,0,22,0.0,0.0,0.0,0.0,0.0
2019-01-08,7,0,23,39.6,39.6,0.0,532.777052,0.0
2019-01-08,7,0,24,70.06,70.06,0.0,942.584856,0.0
2019-01-08,7,0,29,0.0,0.0,0.0,0.0,0.0
2019-01-08,7,0,30,0.0,0.0,0.0,0.0,0.0
2019-01-08,7,0,31,26.85,26.85,0.0,361.291788,0.0
2019-01-08,7,0,32,0.0,0.0,0.0,0.0,0.0
2019-01-08,7,0,33,0.0,0.0,0.0,0.0,0.0
2019-01-08,7,0,34,0.0,0.0,0.0,0.0,0.0
2019-01-08,7,0,35,0.0,0.0,0.0,0.0,0.0
2019-01-08,7,0,36,0.0,0.0,0.0,0.0,0.0
2019-01-08,7,0,37,0.0,0.0,0.0,0.0,0.0
2019-01-08,7,0,38,0.0,0.0,0.0,0.0,0.0
2019-01-08,7,0,39,0.0,0.0,0.0,0.0,0.0
2019-01-08,7,0,40,0.0,0.0,0.0,0.0,0.0
2019-01-08,7,0,41,6.56,6.56,0.0,87.901817,0.0
2019-01-08,7,0,42,0.0,0.0,0.0,0.0,0.0
2019-01-08,7,0,43,0.0,0.0,0.0,0.0,0.0
2019-01-08,7,0,46,0.0,0.0,0.0,0.0,0.0
2019-01-08,7,0,52,28.46,28.46,0.0,382.955839,0.0
2019-01-08,7,0,53,45.22,45.22,0.0,608.477268,0.0
2019-01-08,7,0,55,73.9,73.9,0.0,994.248085,0.0
2019-01-08,7,0,56,0.0,0.0,0.0,0.0,0.0
2019-01-08,7,0,57,0.0,0.0,0.0,0.0,0.0
2019-01-08,7,0,58,0.0,0.0,0.0,0.0,0.0
2019-01-08,7,0,59,0.0,0.0,0.0,0.0,0.0
2019-01-08,7,0,63,42.75,42.75,0.0,1005.327354,0.0
2019-01-08,7,0,64,50.3,50.3,0.0,1182.876396,0.0
2019-01-08,7,0,65,4.51,4.51,0.0,62.026621,0.0
2019-01-08,7,0,67,0.0,0.0,0.0,0.0,0.0
2019-01-08,7,0,68,2.78,2.78,0.0,32.589955,0.0
2019-01-08,7,0,69,0.0,0.0,0.0,0.0,0.0
2019-01-08,7,0,74,13.39,13.39,0.0,180.665392,0.0
2019-01-08,7,0,77,55.57,55.57,0.0,758.725604,0.0
2019-01-08,7,0,78,42.01,42.01,0.0,573.583996,0.0
2019-01-08,7,0,79,24.31,24.31,0.0,331.916852,0.0
2019-01-08,7,0,80,39.32,39.32,0.0,536.856051,0.0
2019-01-08,7,0,81,51.4,51.4,0.0,701.790464,0.0
2019-01-08,7,0,82,36.26,36.26,0.0,495.076308,0.0
2019-01-08,7,0,83,80.86,80.86,0.0,1104.022897,0.0
2019-01-08,7,0,84,0.0,0.0,0.0,0.0,0.0
2019-01-08,7,0,86,0.0,0.0,0.0,0.0,0.0
2019-01-08,7,0,87,0.0,0.0,0.0,0.0,0.0
2019-01-08,7,0,88,65.61,65.61,0.0,895.806854,0.0
2019-01-08,7,0,89,63.07,63.07,0.0,861.126937,0.0
2019-01-08,7,0,90,84.69,84.69,0.0,1156.315844,0.0
2019-01-08,7,0,91,302.09,302.09,0.0,4124.589128,0.0
2019-01-08,7,0,92,108.64,108.64,0.0,1483.317431,0.0
2019-01-08,7,0,95,4.96,4.96,0.0,111.251494,0.0
2019-01-08,7,0,96,8.46,8.46,0.0,113.854576,0.0
2019-01-08,7,0,97,52.01,52.01,0.0,699.949943,0.0
2019-01-08,7,0,99,2.58,2.58,0.0,34.810807,0.0
2019-01-08,7,0,101,0.0,0.0,0.0,0.0,0.0
2019-01-08,7,0,102,6.59,6.59,0.0,77.254604,0.0
2019-01-08,7,0,103,5.73,5.73,0.0,67.17282,0.0
2019-01-08,7,0,104,1.06,1.06,0.0,12.426386,0.0
2019-01-08,7,0,106,0.0,0.0,0.0,0.0,0.0
2019-01-08,7,0,109,55.13,55.13,0.0,730.25512,0.0
2019-01-08,7,0,110,135.06,135.06,0.0,302.255009,0.0
2019-01-08,7,0,111,0.0,0.0,0.0,0.0,0.0
2019-01-08,7,0,113,23.07,23.07,0.0,326.969074,0.0
2019-01-08,7,0,115,23.07,23.07,0.0,326.969074,0.0
2019-01-08,7,0,116,0.0,0.0,0.0,0.0,0.0
2019-01-08,7,0,117,0.95,0.95,0.0,13.464266,0.0
2019-01-08,7,0,119,50.3,50.3,0.0,1182.876396,0.0
2019-01-08,7,0,120,29.57,29.57,0.0,695.380816,0.0
2019-01-08,7,0,123,0.0,0.0,0.0,0.0,0.0
2019-01-08,7,0,125,63.4,63.4,0.0,852.981442,0.0
2019-01-08,7,0,126,0.0,0.0,0.0,0.0,0.0
2019-01-08,7,0,127,0.0,0.0,0.0,0.0,0.0
2019-01-08,7,0,128,90.8,90.8,0.0,1221.62011,0.0
2019-01-08,7,0,131,7.6,7.6,0.0,93.834031,0.0
2019-01-08,7,0,132,11.17,11.17,0.0,137.911332,0.0
2019-01-08,7,0,133,0.0,0.0,0.0,0.0,0.0
2019-01-08,7,0,134,0.0,0.0,0.0,0.0,0.0
2019-01-08,7,0,135,0.0,0.0,0.0,0.0,0.0
2019-01-08,7,0,136,6.33,6.33,0.0,87.053688,0.0
2019-01-08,7,0,139,8.47,8.47,0.0,113.495181,0.0
2019-01-08,7,0,140,99.96,99.96,0.0,223.703618,0.0
2019-01-08,7,0,141,65.31,65.31,0.0,613.137674,0.0
2019-01-08,7,0,142,0.0,0.0,0.0,0.0,0.0
2019-01-08,7,0,143,39.4,39.4,0.0,530.163741,0.0
2019-01-08,7,0,145,7.36,7.36,0.0,98.468922,0.0
2019-01-08,7,0,146,56.88,56.88,0.0,127.293535,0.0
2019-01-08,7,0,152,0.0,0.0,0.0,0.0,0.0
2019-01-08,7,0,153,0.0,0.0,0.0,0.0,0.0
2019-01-08,7,0,154,0.0,0.0,0.0,0.0,0.0
2019-01-08,7,0,157,26.37,26.37,0.0,247.564545,0.0
2019-01-08,7,0,158,0.0,0.0,0.0,0.0,0.0
2019-01-08,7,0,159,0.0,0.0,0.0,0.0,0.0
2019-01-08,7,0,160,0.0,0.0,0.0,0.0,0.0
2019-01-08,7,0,161,0.0,0.0,0.0,0.0,0.0
2019-01-08,7,0,162,3.4,3.4,0.0,76.297389,0.0
2019-01-08,7,0,163,69.79,69.79,0.0,156.185229,0.0
2019-01-08,7,0,164,0.0,0.0,0.0,0.0,0.0
2019-01-08,7,0,167,0.0,0.0,0.0,0.0,0.0
2019-01-08,7,0,168,0.0,0.0,0.0,0.0,0.0
2019-01-08,7,0,169,0.0,0.0,0.0,0.0,0.0
2019-01-08,7,0,170,0.0,0.0,0.0,0.0,0.0
2019-01-08,7,0,172,0.0,0.0,0.0,0.0,0.0
2019-01-08,7,0,173,0.0,0.0,0.0,0.0,0.0
2019-01-08,7,0,188,0.0,0.0,0.0,0.0,0.0
2019-01-08,7,0,190,0.0,0.0,0.0,0.0,0.0
2019-01-08,7,0,191,0.0,0.0,0.0,0.0,0.0
2019-01-08,7,0,192,22.25,22.25,0.0,523.240553,0.0
2019-01-08,7,0,194,62.15,62.15,0.0,1018.981174,0.0
2019-01-08,7,0,196,0.0,0.0,0.0,0.0,0.0
2019-01-08,7,0,198,0.0,0.0,0.0,0.0,0.0
2019-01-08,7,0,199,5.42,5.42,0.0,67.693064,0.0
2019-01-08,7,0,200,0.0,0.0,0.0,0.0,0.0
2019-01-08,7,0,204,184.35,184.35,0.0,2439.329477,0.0
2019-01-08,7,0,205,291.62,291.62,0.0,3862.81513,0.0
2019-01-08,7,0,206,152.82,152.82,0.0,2056.649687,0.0
2019-01-08,7,0,210,0.0,0.0,0.0,0.0,0.0
2019-01-08,7,0,214,0.0,0.0,0.0,0.0,0.0
2019-01-08,7,0,217,0.0,0.0,0.0,0.0,0.0
2019-01-08,7,0,218,0.0,0.0,0.0,0.0,0.0
2019-01-08,7,0,219,0.0,0.0,0.0,0.0,0.0
2019-01-08,7,0,221,0.0,0.0,0.0,0.0,0.0
2019-01-08,7,0,225,0.0,0.0,0.0,0.0,0.0
2019-01-08,7,0,233,0.0,0.0,0.0,0.0,0.0
2019-01-08,7,0,236,5.34,5.34,0.0,72.70625,0.0
2019-01-08,7,0,237,32.12,32.12,0.0,433.381059,0.0
2019-01-08,7,0,238,0.0,0.0,0.0,0.0,0.0
2019-01-08,7,0,240,0.0,0.0,0.0,0.0,0.0
2019-01-08,7,0,245,1.52,1.52,0.0,20.979064,0.0
2019-01-08,7,0,247,13.3,13.3,0.0,183.566811,0.0
2019-01-08,7,0,248,3.22,3.22,0.0,43.446046,0.0
2019-01-08,7,0,249,2.93,2.93,0.0,40.439907,0.0
2019-01-08,7,0,251,35.15,35.15,0.0,482.819395,0.0
2019-01-08,7,0,252,29.1,29.1,0.0,400.216114,0.0
2019-01-08,7,0,254,0.0,0.0,0.0,0.0,0.0
2019-01-08,7,0,255,0.0,0.0,0.0,0.0,0.0
2019-01-08,7,0,258,0.0,0.0,0.0,0.0,0.0
2019-01-08,7,0,260,0.0,0.0,0.0,0.0,0.0
2019-01-08,7,0,265,0.0,0.0,0.0,0.0,0.0
2019-01-08,7,0,266,5.49,5.49,0.0,73.564173,0.0
2019-01-08,7,0,267,6.74,6.74,0.0,90.313757,0.0
2019-01-08,7,0,270,217.95,217.95,0.0,487.757139,0.0
2019-01-08,7,0,272,82.07,82.07,0.0,1163.170866,0.0
2019-01-08,7,0,273,0.0,0.0,0.0,0.0,0.0
2019-01-08,7,0,274,280.96,280.96,0.0,628.769194,0.0
2019-01-08,7,0,275,391.1,391.1,0.0,875.254953,0.0
2019-01-08,7,0,276,0.0,0.0,0.0,0.0,0.0
2019-01-08,7,0,277,0.0,0.0,0.0,0.0,0.0
2019-01-08,7,0,278,0.0,0.0,0.0,0.0,0.0
2019-01-08,7,0,279,100.54,100.54,0.0,1404.008483,0.0
2019-01-08,7,0,281,12.04,12.04,0.0,162.009427,0.0
2019-01-08,7,0,282,0.0,0.0,0.0,0.0,0.0
2019-01-08,8,0,9,0.0,0.0,0.0,0.0,0.0
2019-01-08,8,0,17,0.0,0.0,0.0,0.0,0.0
2019-01-08,8,0,19,0.0,0.0,0.0,0.0,0.0
2019-01-08,8,0,20,0.0,0.0,0.0,0.0,0.0
2019-01-08,8,0,21,0.0,0.0,0.0,0.0,0.0
2019-01-08,8,0,22,0.0,0.0,0.0,0.0,0.0
2019-01-08,8,0,23,23.52,23.52,0.0,393.184569,0.0
2019-01-08,8,0,24,41.61,41.61,0.0,695.595659,0.0
2019-01-08,8,0,29,0.0,0.0,0.0,0.0,0.0
2019-01-08,8,0,30,0.0,0.0,0.0,0.0,0.0
2019-01-08,8,0,31,6.51,6.51,0.0,108.964229,0.0
2019-01-08,8,0,32,0.0,0.0,0.0,0.0,0.0
2019-01-08,8,0,33,0.0,0.0,0.0,0.0,0.0
2019-01-08,8,0,34,0.0,0.0,0.0,0.0,0.0
2019-01-08,8,0,35,0.0,0.0,0.0,0.0,0.0
2019-01-08,8,0,36,0.0,0.0,0.0,0.0,0.0
2019-01-08,8,0,37,0.0,0.0,0.0,0.0,0.0
2019-01-08,8,0,38,0.0,0.0,0.0,0.0,0.0
2019-01-08,8,0,39,0.0,0.0,0.0,0.0,0.0
2019-01-08,8,0,40,0.0,0.0,0.0,0.0,0.0
2019-01-08,8,0,41,2.93,2.93,0.0,45.857595,0.0
2019-01-08,8,0,42,0.0,0.0,0.0,0.0,0.0
2019-01-08,8,0,43,0.0,0.0,0.0,0.0,0.0
2019-01-08,8,0,46,0.0,0.0,0.0,0.0,0.0
2019-01-08,8,0,52,6.9,6.9,0.0,115.49204,0.0
2019-01-08,8,0,53,10.97,10.97,0.0,183.615606,0.0
2019-01-08,8,0,55,45.92,45.92,0.0,767.646063,0.0
2019-01-08,8,0,56,0.0,0.0,0.0,0.0,0.0
2019-01-08,8,0,57,0.0,0.0,0.0,0.0,0.0
2019-01-08,8,0,58,0.0,0.0,0.0,0.0,0.0
2019-01-08,8,0,59,0.0,0.0,0.0,0.0,0.0
2019-01-08,8,0,63,16.86,16.86,0.0,342.262759,0.0
2019-01-08,8,0,64,19.82,19.82,0.0,402.351595,0.0
2019-01-08,8,0,65,1.73,1.73,0.0,23.792917,0.0
2019-01-08,8,0,67,0.0,0.0,0.0,0.0,0.0
2019-01-08,8,0,68,1.88,1.88,0.0,35.790596,0.0
2019-01-08,8,0,69,0.0,0.0,0.0,0.0,0.0
2019-01-08,8,0,74,5.11,5.11,0.0,72.81668,0.0
2019-01-08,8,0,77,28.21,28.21,0.0,528.543903,0.0
2019-01-08,8,0,78,21.3,21.3,0.0,399.077814,0.0
2019-01-08,8,0,79,12.29,12.29,0.0,230.266025,0.0
2019-01-08,8,0,80,19.93,19.93,0.0,373.409429,0.0
2019-01-08,8,0,81,26.09,26.09,0.0,488.823482,0.0
2019-01-08,8,0,82,18.37,18.37,0.0,344.181195,0.0
2019-01-08,8,0,83,41.1,41.1,0.0,770.051557,0.0
2019-01-08,8,0,84,0.0,0.0,0.0,0.0,0.0
2019-01-08,8,0,86,0.0,0.0,0.0,0.0,0.0
2019-01-08,8,0,87,0.0,0.0,0.0,0.0,0.0
2019-01-08,8,0,88,29.61,29.61,0.0,554.77437,0.0
2019-01-08,8,0,89,28.58,28.58,0.0,535.476241,0.0
2019-01-08,8,0,90,37.29,37.29,0.0,698.667215,0.0
2019-01-08,8,0,91,116.9,116.9,0.0,2190.243966,0.0
2019-01-08,8,0,92,46.78,46.78,0.0,876.472307,0.0
2019-01-08,8,0,95,3.9,3.9,0.0,80.717202,0.0
2019-01-08,8,0,96,4.82,4.82,0.0,80.782561,0.0
2019-01-08,8,0,97,29.61,29.61,0.0,496.259673,0.0
2019-01-08,8,0,99,0.99,0.99,0.0,14.107341,0.0
2019-01-08,8,0,101,0.0,0.0,0.0,0.0,0.0
2019-01-08,8,0,102,4.45,4.45,0.0,84.717102,0.0
2019-01-08,8,0,103,3.87,3.87,0.0,73.675323,0.0
2019-01-08,8,0,104,0.72,0.72,0.0,13.707037,0.0
2019-01-08,8,0,106,0.0,0.0,0.0,0.0,0.0
2019-01-08,8,0,109,45.51,45.51,0.0,677.460015,0.0
2019-01-08,8,0,110,196.96,196.96,0.0,3909.157211,0.0
2019-01-08,8,0,111,0.0,0.0,0.0,0.0,0.0
2019-01-08,8,0,113,28.24,28.24,0.0,540.528234,0.0
2019-01-08,8,0,115,28.24,28.24,0.0,540.528234,0.0
2019-01-08,8,0,116,0.0,0.0,0.0,0.0,0.0
2019-01-08,8,0,117,1.46,1.46,0.0,27.945157,0.0
2019-01-08,8,0,119,19.82,19.82,0.0,402.351595,0.0
2019-01-08,8,0,120,11.69,11.69,0.0,237.3103,0.0
2019-01-08,8,0,123,0.0,0.0,0.0,0.0,0.0
2019-01-08,8,0,125,37.65,37.65,0.0,629.396217,0.0
2019-01-08,8,0,126,0.0,0.0,0.0,0.0,0.0
2019-01-08,8,0,127,0.0,0.0,0.0,0.0,0.0
2019-01-08,8,0,128,53.93,53.93,0.0,901.549481,0.0
2019-01-08,8,0,131,5.24,5.24,0.0,99.477756,0.0
2019-01-08,8,0,132,7.71,7.71,0.0,146.368989,0.0
2019-01-08,8,0,133,0.0,0.0,0.0,0.0,0.0
2019-01-08,8,0,134,0.0,0.0,0.0,0.0,0.0
2019-01-08,8,0,135,0.0,0.0,0.0,0.0,0.0
2019-01-08,8,0,136,2.55,2.55,0.0,35.072841,0.0
2019-01-08,8,0,139,3.78,3.78,0.0,59.160993,0.0
2019-01-08,8,0,140,145.77,145.77,0.0,2893.165347,0.0
2019-01-08,8,0,141,44.54,44.54,0.0,856.812597,0.0
2019-01-08,8,0,142,0.0,0.0,0.0,0.0,0.0
2019-01-08,8,0,143,9.54,9.54,0.0,159.680299,0.0
2019-01-08,8,0,145,4.43,4.43,0.0,71.10595,0.0
2019-01-08,8,0,146,65.57,65.57,0.0,1301.398448,0.0
2019-01-08,8,0,152,0.0,0.0,0.0,0.0,0.0
2019-01-08,8,0,153,0.0,0.0,0.0,0.0,0.0
2019-01-08,8,0,154,0.0,0.0,0.0,0.0,0.0
2019-01-08,8,0,157,10.95,10.95,0.0,210.644318,0.0
2019-01-08,8,0,158,0.0,0.0,0.0,0.0,0.0
2019-01-08,8,0,159,0.0,0.0,0.0,0.0,0.0
2019-01-08,8,0,160,0.0,0.0,0.0,0.0,0.0
2019-01-08,8,0,161,0.0,0.0,0.0,0.0,0.0
2019-01-08,8,0,162,3.41,3.41,0.0,70.551507,0.0
2019-01-08,8,0,163,41.49,41.49,0.0,823.471429,0.0
2019-01-08,8,0,164,0.0,0.0,0.0,0.0,0.0
2019-01-08,8,0,167,0.0,0.0,0.0,0.0,0.0
2019-01-08,8,0,168,0.0,0.0,0.0,0.0,0.0
2019-01-08,8,0,169,0.0,0.0,0.0,0.0,0.0
2019-01-08,8,0,170,0.0,0.0,0.0,0.0,0.0
2019-01-08,8,0,172,0.0,0.0,0.0,0.0,0.0
2019-01-08,8,0,173,0.0,0.0,0.0,0.0,0.0
2019-01-08,8,0,188,0.0,0.0,0.0,0.0,0.0
2019-01-08,8,0,190,0.0,0.0,0.0,0.0,0.0
2019-01-08,8,0,191,0.0,0.0,0.0,0.0,0.0
2019-01-08,8,0,192,20.78,20.78,0.0,421.839866,0.0
2019-01-08,8,0,194,41.99,41.99,0.0,813.324816,0.0
2019-01-08,8,0,196,0.0,0.0,0.0,0.0,0.0
2019-01-08,8,0,198,0.0,0.0,0.0,0.0,0.0
2019-01-08,8,0,199,3.89,3.89,0.0,52.347577,0.0
2019-01-08,8,0,200,0.0,0.0,0.0,0.0,0.0
2019-01-08,8,0,204,152.26,152.26,0.0,2277.389593,0.0
2019-01-08,8,0,205,240.76,240.76,0.0,3583.943597,0.0
2019-01-08,8,0,206,87.01,87.01,0.0,1458.27606,0.0
2019-01-08,8,0,210,0.0,0.0,0.0,0.0,0.0
2019-01-08,8,0,214,0.0,0.0,0.0,0.0,0.0
2019-01-08,8,0,217,0.0,0.0,0.0,0.0,0.0
2019-01-08,8,0,218,0.0,0.0,0.0,0.0,0.0
2019-01-08,8,0,219,0.0,0.0,0.0,0.0,0.0
2019-01-08,8,0,221,0.0,0.0,0.0,0.0,0.0
2019-01-08,8,0,225,0.0,0.0,0.0,0.0,0.0
2019-01-08,8,0,233,0.0,0.0,0.0,0.0,0.0
2019-01-08,8,0,236,0.0,0.0,0.0,0.0,0.0
2019-01-08,8,0,237,12.25,12.25,0.0,174.560534,0.0
2019-01-08,8,0,238,0.0,0.0,0.0,0.0,0.0
2019-01-08,8,0,240,0.0,0.0,0.0,0.0,0.0
2019-01-08,8,0,245,0.0,0.0,0.0,0.0,0.0
2019-01-08,8,0,247,4.2,4.2,0.0,57.432485,0.0
2019-01-08,8,0,248,1.23,1.23,0.0,17.527303,0.0
2019-01-08,8,0,249,0.0,0.0,0.0,0.0,0.0
2019-01-08,8,0,251,15.07,15.07,0.0,207.676158,0.0
2019-01-08,8,0,252,11.16,11.16,0.0,153.484943,0.0
2019-01-08,8,0,254,0.0,0.0,0.0,0.0,0.0
2019-01-08,8,0,255,0.0,0.0,0.0,0.0,0.0
2019-01-08,8,0,258,0.0,0.0,0.0,0.0,0.0
2019-01-08,8,0,260,0.0,0.0,0.0,0.0,0.0
2019-01-08,8,0,265,0.0,0.0,0.0,0.0,0.0
2019-01-08,8,0,266,2.45,2.45,0.0,38.345088,0.0
2019-01-08,8,0,267,3.01,3.01,0.0,47.10968,0.0
2019-01-08,8,0,270,129.58,129.58,0.0,2571.834847,0.0
2019-01-08,8,0,272,97.76,97.76,0.0,1871.177058,0.0
2019-01-08,8,0,273,0.0,0.0,0.0,0.0,0.0
2019-01-08,8,0,274,167.05,167.05,0.0,3315.519456,0.0
2019-01-08,8,0,275,232.54,232.54,0.0,4615.330107,0.0
2019-01-08,8,0,276,0.0,0.0,0.0,0.0,0.0
2019-01-08,8,0,277,0.0,0.0,0.0,0.0,0.0
2019-01-08,8,0,278,0.0,0.0,0.0,0.0,0.0
2019-01-08,8,0,279,63.45,63.45,0.0,1204.176904,0.0
2019-01-08,8,0,281,2.92,2.92,0.0,48.874892,0.0
2019-01-08,8,0,282,0.0,0.0,0.0,0.0,0.0
2019-01-08,9,0,9,0.11,0.11,0.0,1.774582,0.0
2019-01-08,9,0,17,7.24,7.24,0.0,102.345625,0.0
2019-01-08,9,0,19,0.0,0.0,0.0,0.0,0.0
2019-01-08,9,0,20,0.0,0.0,0.0,0.0,0.0
2019-01-08,9,0,21,2.57,2.57,0.0,41.460692,0.0
2019-01-08,9,0,22,9.13,9.13,0.0,147.290318,0.0
2019-01-08,9,0,23,13.48,13.48,0.0,217.466976,0.0
2019-01-08,9,0,24,23.85,23.85,0.0,384.761675,0.0
2019-01-08,9,0,29,1.32,1.32,0.0,12.779558,0.0
2019-01-08,9,0,30,17.31,17.31,0.0,279.522312,0.0
2019-01-08,9,0,31,4.75,4.75,0.0,76.703118,0.0
2019-01-08,9,0,32,0.56,0.56,0.0,10.710693,0.0
2019-01-08,9,0,33,0.38,0.38,0.0,5.293709,0.0
2019-01-08,9,0,34,0.61,0.61,0.0,8.497797,0.0
2019-01-08,9,0,35,0.61,0.61,0.0,8.497797,0.0
2019-01-08,9,0,36,1.17,1.17,0.0,16.699249,0.0
2019-01-08,9,0,37,0.56,0.56,0.0,7.978779,0.0
2019-01-08,9,0,38,0.72,0.72,0.0,10.258431,0.0
2019-01-08,9,0,39,0.48,0.48,0.0,6.838954,0.0
2019-01-08,9,0,40,0.48,0.48,0.0,6.838954,0.0
2019-01-08,9,0,41,3.29,3.29,0.0,50.539647,0.0
2019-01-08,9,0,42,6.85,6.85,0.0,97.137402,0.0
2019-01-08,9,0,43,3.68,3.68,0.0,51.606898,0.0
2019-01-08,9,0,46,2.9,2.9,0.0,41.720306,0.0
2019-01-08,9,0,52,5.04,5.04,0.0,81.386046,0.0
2019-01-08,9,0,53,8.05,8.05,0.0,129.991601,0.0
2019-01-08,9,0,55,27.65,27.65,0.0,446.065422,0.0
2019-01-08,9,0,56,5.11,5.11,0.0,82.516407,0.0
2019-01-08,9,0,57,4.86,4.86,0.0,78.479401,0.0
2019-01-08,9,0,58,9.34,9.34,0.0,150.822553,0.0
2019-01-08,9,0,59,9.19,9.19,0.0,148.400349,0.0
2019-01-08,9,0,63,7.87,7.87,0.0,148.207587,0.0
2019-01-08,9,0,64,9.26,9.26,0.0,174.384023,0.0
2019-01-08,9,0,65,0.0,0.0,0.0,0.0,0.0
2019-01-08,9,0,67,8.05,8.05,0.0,144.962485,0.0
2019-01-08,9,0,68,2.35,2.35,0.0,41.957545,0.0
2019-01-08,9,0,69,0.38,0.38,0.0,5.293709,0.0
2019-01-08,9,0,74,1.36,1.36,0.0,19.590667,0.0
2019-01-08,9,0,77,8.0,8.0,0.0,141.009835,0.0
2019-01-08,9,0,78,6.05,6.05,0.0,106.638688,0.0
2019-01-08,9,0,79,3.5,3.5,0.0,61.691803,0.0
2019-01-08,9,0,80,5.66,5.66,0.0,99.764458,0.0
2019-01-08,9,0,81,7.4,7.4,0.0,130.434098,0.0
2019-01-08,9,0,82,5.22,5.22,0.0,92.008918,0.0
2019-01-08,9,0,83,11.64,11.64,0.0,205.16931,0.0
2019-01-08,9,0,84,0.0,0.0,0.0,0.0,0.0
2019-01-08,9,0,86,1.94,1.94,0.0,27.025779,0.0
2019-01-08,9,0,87,9.91,9.91,0.0,138.054366,0.0
2019-01-08,9,0,88,22.71,22.71,0.0,400.29167,0.0
2019-01-08,9,0,89,21.69,21.69,0.0,382.312916,0.0
2019-01-08,9,0,90,30.45,30.45,0.0,536.718686,0.0
2019-01-08,9,0,91,114.41,114.41,0.0,2016.616907,0.0
2019-01-08,9,0,92,40.25,40.25,0.0,709.455734,0.0
2019-01-08,9,0,95,3.75,3.75,0.0,71.796635,0.0
2019-01-08,9,0,96,2.7,2.7,0.0,43.643292,0.0
2019-01-08,9,0,97,16.61,16.61,0.0,268.487064,0.0
2019-01-08,9,0,99,0.26,0.26,0.0,3.745275,0.0
2019-01-08,9,0,101,0.35,0.35,0.0,5.651809,0.0
2019-01-08,9,0,102,5.55,5.55,0.0,99.091224,0.0
2019-01-08,9,0,103,4.83,4.83,0.0,86.236146,0.0
2019-01-08,9,0,104,0.9,0.9,0.0,16.068847,0.0
2019-01-08,9,0,106,8.98,8.98,0.0,144.870434,0.0
2019-01-08,9,0,109,34.82,34.82,0.0,514.243922,0.0
2019-01-08,9,0,110,296.39,296.39,0.0,5476.632155,0.0
2019-01-08,9,0,111,1.37,1.37,0.0,21.045385,0.0
2019-01-08,9,0,113,10.96,10.96,0.0,196.449808,0.0
2019-01-08,9,0,115,10.96,10.96,0.0,196.449808,0.0
2019-01-08,9,0,116,6.12,6.12,0.0,113.084074,0.0
2019-01-08,9,0,117,0.74,0.74,0.0,13.263947,0.0
2019-01-08,9,0,119,9.26,9.26,0.0,174.384023,0.0
2019-01-08,9,0,120,5.44,5.44,0.0,102.445905,0.0
2019-01-08,9,0,123,0.15,0.15,0.0,2.419885,0.0
2019-01-08,9,0,125,21.58,21.58,0.0,348.140753,0.0
2019-01-08,9,0,126,6.74,6.74,0.0,108.733488,0.0
2019-01-08,9,0,127,8.65,8.65,0.0,139.546687,0.0
2019-01-08,9,0,128,30.91,30.91,0.0,498.657584,0.0
2019-01-08,9,0,131,3.64,3.64,0.0,64.840349,0.0
2019-01-08,9,0,132,5.35,5.35,0.0,95.301063,0.0
2019-01-08,9,0,133,0.0,0.0,0.0,0.0,0.0
2019-01-08,9,0,134,0.0,0.0,0.0,0.0,0.0
2019-01-08,9,0,135,0.0,0.0,0.0,0.0,0.0
2019-01-08,9,0,136,0.0,0.0,0.0,0.0,0.0
2019-01-08,9,0,139,4.25,4.25,0.0,65.286777,0.0
2019-01-08,9,0,140,219.36,219.36,0.0,4053.287997,0.0
2019-01-08,9,0,141,30.84,30.84,0.0,555.359384,0.0
2019-01-08,9,0,142,10.62,10.62,0.0,191.242434,0.0
2019-01-08,9,0,143,9.94,9.94,0.0,160.511368,0.0
2019-01-08,9,0,145,2.55,2.55,0.0,39.873478,0.0
2019-01-08,9,0,146,104.05,104.05,0.0,1922.614041,0.0
2019-01-08,9,0,152,0.83,0.83,0.0,11.913563,0.0
2019-01-08,9,0,153,1.05,1.05,0.0,15.081332,0.0
2019-01-08,9,0,154,5.67,5.67,0.0,87.100242,0.0
2019-01-08,9,0,157,6.51,6.51,0.0,117.230532,0.0
2019-01-08,9,0,158,0.0,0.0,0.0,0.0,0.0
2019-01-08,9,0,159,0.0,0.0,0.0,0.0,0.0
2019-01-08,9,0,160,0.3,0.3,0.0,4.021462,0.0
2019-01-08,9,0,161,2.55,2.55,0.0,45.5284,0.0
2019-01-08,9,0,162,4.01,4.01,0.0,76.751879,0.0
2019-01-08,9,0,163,26.49,26.49,0.0,489.476655,0.0
2019-01-08,9,0,164,0.38,0.38,0.0,6.136249,0.0
2019-01-08,9,0,167,0.67,0.67,0.0,12.831644,0.0
2019-01-08,9,0,168,0.34,0.34,0.0,6.51158,0.0
2019-01-08,9,0,169,0.0,0.0,0.0,0.0,0.0
2019-01-08,9,0,170,0.74,0.74,0.0,14.172263,0.0
2019-01-08,9,0,172,0.92,0.92,0.0,18.201013,0.0
2019-01-08,9,0,173,1.4,1.4,0.0,27.697194,0.0
2019-01-08,9,0,188,1.14,1.14,0.0,21.94045,0.0
2019-01-08,9,0,190,0.56,0.56,0.0,10.545902,0.0
2019-01-08,9,0,191,1.45,1.45,0.0,27.306353,0.0
2019-01-08,9,0,192,23.03,23.03,0.0,433.700221,0.0
2019-01-08,9,0,194,21.35,21.35,0.0,386.180109,0.0
2019-01-08,9,0,196,0.42,0.42,0.0,7.822228,0.0
2019-01-08,9,0,198,1.42,1.42,0.0,17.2243,0.0
2019-01-08,9,0,199,2.98,2.98,0.0,39.194455,0.0
2019-01-08,9,0,200,2.28,2.28,0.0,29.987704,0.0
2019-01-08,9,0,204,69.74,69.74,0.0,1033.135394,0.0
2019-01-08,9,0,205,196.09,196.09,0.0,2895.981924,0.0
2019-01-08,9,0,206,48.8,48.8,0.0,788.812086,0.0
2019-01-08,9,0,210,0.38,0.38,0.0,3.718273,0.0
2019-01-08,9,0,214,2.12,2.12,0.0,29.277882,0.0
2019-01-08,9,0,217,1.49,1.49,0.0,17.907777,0.0
2019-01-08,9,0,218,2.06,2.06,0.0,24.758403,0.0
2019-01-08,9,0,219,1.4,1.4,0.0,16.826099,0.0
2019-01-08,9,0,221,1.13,1.13,0.0,15.605664,0.0
2019-01-08,9,0,225,1.21,1.21,0.0,11.702507,0.0
2019-01-08,9,0,233,1.1,1.1,0.0,15.323895,0.0
2019-01-08,9,0,236,0.0,0.0,0.0,0.0,0.0
2019-01-08,9,0,237,3.26,3.26,0.0,46.959981,0.0
2019-01-08,9,0,238,8.91,8.91,0.0,126.349526,0.0
2019-01-08,9,0,240,1.32,1.32,0.0,18.840178,0.0
2019-01-08,9,0,245,0.0,0.0,0.0,0.0,0.0
2019-01-08,9,0,247,0.0,0.0,0.0,0.0,0.0
2019-01-08,9,0,248,0.33,0.33,0.0,4.753618,0.0
2019-01-08,9,0,249,0.0,0.0,0.0,0.0,0.0
2019-01-08,9,0,251,0.0,0.0,0.0,0.0,0.0
2019-01-08,9,0,252,0.0,0.0,0.0,0.0,0.0
2019-01-08,9,0,254,2.18,2.18,0.0,30.233003,0.0
2019-01-08,9,0,255,1.0,1.0,0.0,13.86835,0.0
2019-01-08,9,0,258,1.64,1.64,0.0,23.341475,0.0
2019-01-08,9,0,260,0.72,0.72,0.0,9.651509,0.0
2019-01-08,9,0,265,5.87,5.87,0.0,90.172561,0.0
2019-01-08,9,0,266,2.75,2.75,0.0,42.244385,0.0
2019-01-08,9,0,267,3.38,3.38,0.0,51.92219,0.0
2019-01-08,9,0,270,82.73,82.73,0.0,1528.66756,0.0
2019-01-08,9,0,272,36.58,36.58,0.0,655.669157,0.0
2019-01-08,9,0,273,1.46,1.46,0.0,26.977573,0.0
2019-01-08,9,0,274,106.65,106.65,0.0,1970.656295,0.0
2019-01-08,9,0,275,148.46,148.46,0.0,2743.212692,0.0
2019-01-08,9,0,276,0.36,0.36,0.0,6.614223,0.0
2019-01-08,9,0,277,0.5,0.5,0.0,8.902385,0.0
2019-01-08,9,0,278,0.8,0.8,0.0,14.243816,0.0
2019-01-08,9,0,279,38.67,38.67,0.0,688.510466,0.0
2019-01-08,9,0,281,2.12,2.12,0.0,34.233813,0.0
2019-01-08,9,0,282,9.5,9.5,0.0,153.406237,0.0
2019-01-08,10,0,9,1.06,1.06,0.0,14.268309,0.0
2019-01-08,10,0,17,22.84,22.84,0.0,338.080222,0.0
2019-01-08,10,0,19,0.0,0.0,0.0,0.0,0.0
2019-01-08,10,0,20,0.0,0.0,0.0,0.0,0.0
2019-01-08,10,0,21,24.21,24.21,0.0,325.882802,0.0
2019-01-08,10,0,22,86.05,86.05,0.0,1158.290588,0.0
2019-01-08,10,0,23,7.99,7.99,0.0,107.550747,0.0
2019-01-08,10,0,24,14.14,14.14,0.0,190.333863,0.0
2019-01-08,10,0,29,3.82,3.82,0.0,37.700286,0.0
2019-01-08,10,0,30,180.25,180.25,0.0,2425.431835,0.0
2019-01-08,10,0,31,5.09,5.09,0.0,68.490696,0.0
2019-01-08,10,0,32,2.16,2.16,0.0,35.638378,0.0
2019-01-08,10,0,33,1.24,1.24,0.0,18.891324,0.0
2019-01-08,10,0,34,1.98,1.98,0.0,30.165179,0.0
2019-01-08,10,0,35,1.98,1.98,0.0,30.165179,0.0
2019-01-08,10,0,36,4.44,4.44,0.0,61.761913,0.0
2019-01-08,10,0,37,2.08,2.08,0.0,28.840672,0.0
2019-01-08,10,0,38,2.67,2.67,0.0,37.02144,0.0
2019-01-08,10,0,39,1.78,1.78,0.0,24.68096,0.0
2019-01-08,10,0,40,1.78,1.78,0.0,24.68096,0.0
2019-01-08,10,0,41,3.7,3.7,0.0,50.888184,0.0
2019-01-08,10,0,42,24.81,24.81,0.0,364.912661,0.0
2019-01-08,10,0,43,13.95,13.95,0.0,192.097843,0.0
2019-01-08,10,0,46,12.21,12.21,0.0,168.271674,0.0
2019-01-08,10,0,52,5.4,5.4,0.0,72.662036,0.0
2019-01-08,10,0,53,8.6,8.6,0.0,115.72102,0.0
2019-01-08,10,0,55,16.43,16.43,0.0,221.158796,0.0
2019-01-08,10,0,56,53.17,53.17,0.0,715.451932,0.0
2019-01-08,10,0,57,50.57,50.57,0.0,680.466507,0.0
2019-01-08,10,0,58,97.26,97.26,0.0,1308.723996,0.0
2019-01-08,10,0,59,95.64,95.64,0.0,1286.925385,0.0
2019-01-08,10,0,63,9.1,9.1,0.0,149.699586,0.0
2019-01-08,10,0,64,10.71,10.71,0.0,176.184898,0.0
2019-01-08,10,0,65,0.0,0.0,0.0,0.0,0.0
2019-01-08,10,0,67,106.7,106.7,0.0,1483.195175,0.0
2019-01-08,10,0,68,2.89,2.89,0.0,38.729635,0.0
2019-01-08,10,0,69,1.24,1.24,0.0,18.891324,0.0
2019-01-08,10,0,74,0.0,0.0,0.0,0.0,0.0
2019-01-08,10,0,77,5.86,5.86,0.0,76.270196,0.0
2019-01-08,10,0,78,4.43,4.43,0.0,57.658186,0.0
2019-01-08,10,0,79,2.57,2.57,0.0,33.449557,0.0
2019-01-08,10,0,80,4.15,4.15,0.0,54.013876,0.0
2019-01-08,10,0,81,5.42,5.42,0.0,70.543424,0.0
2019-01-08,10,0,82,3.83,3.83,0.0,49.848951,0.0
2019-01-08,10,0,83,8.53,8.53,0.0,111.021293,0.0
2019-01-08,10,0,84,0.0,0.0,0.0,0.0,0.0
2019-01-08,10,0,86,6.28,6.28,0.0,95.675416,0.0
2019-01-08,10,0,87,32.06,32.06,0.0,488.432139,0.0
2019-01-08,10,0,88,9.22,9.22,0.0,120.001913,0.0
2019-01-08,10,0,89,8.83,8.83,0.0,114.92591,0.0
2019-01-08,10,0,90,12.26,12.26,0.0,159.568704,0.0
2019-01-08,10,0,91,45.4,45.4,0.0,590.89879,0.0
2019-01-08,10,0,92,16.09,16.09,0.0,209.417655,0.0
2019-01-08,10,0,95,10.84,10.84,0.0,178.707608,0.0
2019-01-08,10,0,96,1.66,1.66,0.0,22.32863,0.0
2019-01-08,10,0,97,10.18,10.18,0.0,136.930998,0.0
2019-01-08,10,0,99,0.0,0.0,0.0,0.0,0.0
2019-01-08,10,0,101,3.63,3.63,0.0,48.845035,0.0
2019-01-08,10,0,102,6.83,6.83,0.0,91.53059,0.0
2019-01-08,10,0,103,5.94,5.94,0.0,79.603471,0.0
2019-01-08,10,0,104,1.1,1.1,0.0,14.741384,0.0
2019-01-08,10,0,106,84.71,84.71,0.0,1140.253291,0.0
2019-01-08,10,0,109,25.95,25.95,0.0,358.992231,0.0
2019-01-08,10,0,110,338.6,338.6,0.0,5224.526473,0.0
2019-01-08,10,0,111,6.84,6.84,0.0,94.074372,0.0
2019-01-08,10,0,113,13.03,13.03,0.0,166.987617,0.0
2019-01-08,10,0,115,13.03,13.03,0.0,166.987617,0.0
2019-01-08,10,0,116,42.98,42.98,0.0,663.172321,0.0
2019-01-08,10,0,117,0.87,0.87,0.0,11.149595,0.0
2019-01-08,10,0,119,10.71,10.71,0.0,176.184898,0.0
2019-01-08,10,0,120,6.3,6.3,0.0,103.638175,0.0
2019-01-08,10,0,123,1.41,1.41,0.0,18.979544,0.0
2019-01-08,10,0,125,12.8,12.8,0.0,172.296566,0.0
2019-01-08,10,0,126,63.53,63.53,0.0,855.156317,0.0
2019-01-08,10,0,127,81.53,81.53,0.0,1097.448363,0.0
2019-01-08,10,0,128,18.33,18.33,0.0,246.734067,0.0
2019-01-08,10,0,131,3.52,3.52,0.0,46.702994,0.0
2019-01-08,10,0,132,5.68,5.68,0.0,75.361649,0.0
2019-01-08,10,0,133,0.99,0.99,0.0,14.655716,0.0
2019-01-08,10,0,134,0.0,0.0,0.0,0.0,0.0
2019-01-08,10,0,135,1.32,1.32,0.0,19.540954,0.0
2019-01-08,10,0,136,0.0,0.0,0.0,0.0,0.0
2019-01-08,10,0,139,4.78,4.78,0.0,65.742032,0.0
2019-01-08,10,0,140,250.6,250.6,0.0,3866.705063,0.0
2019-01-08,10,0,141,22.5,22.5,0.0,312.763744,0.0
2019-01-08,10,0,142,140.71,140.71,0.0,1955.95495,0.0
2019-01-08,10,0,143,9.64,9.64,0.0,129.715189,0.0
2019-01-08,10,0,145,2.65,2.65,0.0,36.032388,0.0
2019-01-08,10,0,146,184.3,184.3,0.0,2843.710068,0.0
2019-01-08,10,0,152,3.12,3.12,0.0,44.581174,0.0
2019-01-08,10,0,153,3.93,3.93,0.0,56.062543,0.0
2019-01-08,10,0,154,28.21,28.21,0.0,387.988017,0.0
2019-01-08,10,0,157,9.53,9.53,0.0,132.472821,0.0
2019-01-08,10,0,158,91.79,91.79,0.0,1275.937068,0.0
2019-01-08,10,0,159,0.0,0.0,0.0,0.0,0.0
2019-01-08,10,0,160,1.1,1.1,0.0,14.930615,0.0
2019-01-08,10,0,161,21.51,21.51,0.0,288.261054,0.0
2019-01-08,10,0,162,9.85,9.85,0.0,162.390373,0.0
2019-01-08,10,0,163,11.95,11.95,0.0,184.385976,0.0
2019-01-08,10,0,164,6.21,6.21,0.0,83.561341,0.0
2019-01-08,10,0,167,2.54,2.54,0.0,41.879963,0.0
2019-01-08,10,0,168,1.27,1.27,0.0,20.939982,0.0
2019-01-08,10,0,169,0.0,0.0,0.0,0.0,0.0
2019-01-08,10,0,170,2.78,2.78,0.0,45.837125,0.0
2019-01-08,10,0,172,3.33,3.33,0.0,54.652597,0.0
2019-01-08,10,0,173,5.08,5.08,0.0,83.373932,0.0
2019-01-08,10,0,188,4.41,4.41,0.0,72.398927,0.0
2019-01-08,10,0,190,3.44,3.44,0.0,56.589734,0.0
2019-01-08,10,0,191,8.9,8.9,0.0,146.409485,0.0
2019-01-08,10,0,192,28.8,28.8,0.0,473.774515,0.0
2019-01-08,10,0,194,6.52,6.52,0.0,79.919203,0.0
2019-01-08,10,0,196,2.43,2.43,0.0,39.000951,0.0
2019-01-08,10,0,198,5.01,5.01,0.0,64.816428,0.0
2019-01-08,10,0,199,2.57,2.57,0.0,29.370302,0.0
2019-01-08,10,0,200,8.08,8.08,0.0,92.339315,0.0
2019-01-08,10,0,204,29.93,29.93,0.0,412.867855,0.0
2019-01-08,10,0,205,153.24,153.24,0.0,2119.92175,0.0
2019-01-08,10,0,206,29.92,29.92,0.0,402.453386,0.0
2019-01-08,10,0,210,1.12,1.12,0.0,11.309818,0.0
2019-01-08,10,0,214,6.38,6.38,0.0,98.839958,0.0
2019-01-08,10,0,217,4.09,4.09,0.0,53.72684,0.0
2019-01-08,10,0,218,5.64,5.64,0.0,74.087867,0.0
2019-01-08,10,0,219,3.84,3.84,0.0,50.442803,0.0
2019-01-08,10,0,221,3.4,3.4,0.0,52.673332,0.0
2019-01-08,10,0,225,3.49,3.49,0.0,34.366318,0.0
2019-01-08,10,0,233,3.55,3.55,0.0,54.084033,0.0
2019-01-08,10,0,236,0.0,0.0,0.0,0.0,0.0
2019-01-08,10,0,237,0.0,0.0,0.0,0.0,0.0
2019-01-08,10,0,238,32.3,32.3,0.0,475.077749,0.0
2019-01-08,10,0,240,5.04,5.04,0.0,70.108117,0.0
2019-01-08,10,0,245,1.65,1.65,0.0,24.529232,0.0
2019-01-08,10,0,247,0.0,0.0,0.0,0.0,0.0
2019-01-08,10,0,248,0.0,0.0,0.0,0.0,0.0
2019-01-08,10,0,249,3.16,3.16,0.0,46.977196,0.0
2019-01-08,10,0,251,0.0,0.0,0.0,0.0,0.0
2019-01-08,10,0,252,0.0,0.0,0.0,0.0,0.0
2019-01-08,10,0,254,7.65,7.65,0.0,104.965484,0.0
2019-01-08,10,0,255,3.5,3.5,0.0,48.023424,0.0
2019-01-08,10,0,258,6.28,6.28,0.0,87.215057,0.0
2019-01-08,10,0,260,2.68,2.68,0.0,36.376409,0.0
2019-01-08,10,0,265,29.21,29.21,0.0,401.74158,0.0
2019-01-08,10,0,266,3.09,3.09,0.0,42.49851,0.0
2019-01-08,10,0,267,3.8,3.8,0.0,52.26354,0.0
2019-01-08,10,0,270,37.3,37.3,0.0,575.531121,0.0
2019-01-08,10,0,272,43.53,43.53,0.0,557.864233,0.0
2019-01-08,10,0,273,10.28,10.28,0.0,158.618228,0.0
2019-01-08,10,0,274,48.08,48.08,0.0,741.864243,0.0
2019-01-08,10,0,275,66.92,66.92,0.0,1032.561464,0.0
2019-01-08,10,0,276,2.38,2.38,0.0,35.910286,0.0
2019-01-08,10,0,277,2.99,2.99,0.0,38.55819,0.0
2019-01-08,10,0,278,4.78,4.78,0.0,61.641522,0.0
2019-01-08,10,0,279,22.99,22.99,0.0,296.472506,0.0
2019-01-08,10,0,281,2.27,2.27,0.0,30.544967,0.0
2019-01-08,10,0,282,98.88,98.88,0.0,1330.522607,0.0
2019-01-08,11,0,9,1.81,1.81,0.0,27.799751,0.0
2019-01-08,11,0,17,34.59,34.59,0.0,511.711109,0.0
2019-01-08,11,0,19,4.7,4.7,0.0,69.529986,0.0
2019-01-08,11,0,20,5.7,5.7,0.0,84.3236,0.0
2019-01-08,11,0,21,41.44,41.44,0.0,636.476061,0.0
2019-01-08,11,0,22,147.26,147.26,0.0,2261.763145,0.0
2019-01-08,11,0,23,3.35,3.35,0.0,51.452577,0.0
2019-01-08,11,0,24,5.93,5.93,0.0,91.078741,0.0
2019-01-08,11,0,29,5.64,5.64,0.0,63.146093,0.0
2019-01-08,11,0,30,311.88,311.88,0.0,3869.453039,0.0
2019-01-08,11,0,31,4.2,4.2,0.0,52.108833,0.0
2019-01-08,11,0,32,3.37,3.37,0.0,56.630182,0.0
2019-01-08,11,0,33,1.87,1.87,0.0,28.07883,0.0
2019-01-08,11,0,34,2.99,2.99,0.0,44.896097,0.0
2019-01-08,11,0,35,2.99,2.99,0.0,44.896097,0.0
2019-01-08,11,0,36,6.87,6.87,0.0,98.183037,0.0
2019-01-08,11,0,37,3.2,3.2,0.0,45.636272,0.0
2019-01-08,11,0,38,4.11,4.11,0.0,58.614087,0.0
2019-01-08,11,0,39,2.74,2.74,0.0,39.076058,0.0
2019-01-08,11,0,40,2.74,2.74,0.0,39.076058,0.0
2019-01-08,11,0,41,2.13,2.13,0.0,30.633364,0.0
2019-01-08,11,0,42,38.14,38.14,0.0,562.394701,0.0
2019-01-08,11,0,43,21.52,21.52,0.0,304.976814,0.0
2019-01-08,11,0,46,19.09,19.09,0.0,271.679691,0.0
2019-01-08,11,0,52,4.46,4.46,0.0,55.334618,0.0
2019-01-08,11,0,53,7.27,7.27,0.0,90.197908,0.0
2019-01-08,11,0,55,22.93,22.93,0.0,352.181373,0.0
2019-01-08,11,0,56,91.99,91.99,0.0,1141.307506,0.0
2019-01-08,11,0,57,87.51,87.51,0.0,1085.724751,0.0
2019-01-08,11,0,58,168.28,168.28,0.0,2087.827233,0.0
2019-01-08,11,0,59,165.48,165.48,0.0,2053.088011,0.0
2019-01-08,11,0,63,10.52,10.52,0.0,175.90079,0.0
2019-01-08,11,0,64,12.37,12.37,0.0,206.833914,0.0
2019-01-08,11,0,65,0.0,0.0,0.0,0.0,0.0
2019-01-08,11,0,67,186.68,186.68,0.0,2765.271632,0.0
2019-01-08,11,0,68,2.01,2.01,0.0,29.025359,0.0
2019-01-08,11,0,69,1.87,1.87,0.0,28.07883,0.0
2019-01-08,11,0,74,0.0,0.0,0.0,0.0,0.0
2019-01-08,11,0,77,4.96,4.96,0.0,70.098692,0.0
2019-01-08,11,0,78,3.75,3.75,0.0,52.998003,0.0
2019-01-08,11,0,79,2.17,2.17,0.0,30.668178,0.0
2019-01-08,11,0,80,3.51,3.51,0.0,49.606131,0.0
2019-01-08,11,0,81,4.58,4.58,0.0,64.728228,0.0
2019-01-08,11,0,82,3.23,3.23,0.0,45.648947,0.0
2019-01-08,11,0,83,7.21,7.21,0.0,101.897494,0.0
2019-01-08,11,0,84,0.0,0.0,0.0,0.0,0.0
2019-01-08,11,0,86,9.48,9.48,0.0,142.346155,0.0
2019-01-08,11,0,87,48.38,48.38,0.0,726.445882,0.0
2019-01-08,11,0,88,4.4,4.4,0.0,62.184324,0.0
2019-01-08,11,0,89,4.23,4.23,0.0,59.781748,0.0
2019-01-08,11,0,90,5.68,5.68,0.0,80.274309,0.0
2019-01-08,11,0,91,20.27,20.27,0.0,286.471874,0.0
2019-01-08,11,0,92,7.29,7.29,0.0,103.028118,0.0
2019-01-08,11,0,95,12.3,12.3,0.0,206.618862,0.0
2019-01-08,11,0,96,1.48,1.48,0.0,20.967945,0.0
2019-01-08,11,0,97,10.84,10.84,0.0,153.57603,0.0
2019-01-08,11,0,99,0.0,0.0,0.0,0.0,0.0
2019-01-08,11,0,101,6.28,6.28,0.0,77.915112,0.0
2019-01-08,11,0,102,4.76,4.76,0.0,68.736672,0.0
2019-01-08,11,0,103,4.14,4.14,0.0,59.783576,0.0
2019-01-08,11,0,104,0.77,0.77,0.0,11.119168,0.0
2019-01-08,11,0,106,144.96,144.96,0.0,2226.437495,0.0
2019-01-08,11,0,109,8.03,8.03,0.0,114.980255,0.0
2019-01-08,11,0,110,338.6,338.6,0.0,5401.809371,0.0
2019-01-08,11,0,111,10.99,10.99,0.0,158.056655,0.0
2019-01-08,11,0,113,7.23,7.23,0.0,101.575409,0.0
2019-01-08,11,0,115,7.23,7.23,0.0,101.575409,0.0
2019-01-08,11,0,116,72.01,72.01,0.0,1148.80181,0.0
2019-01-08,11,0,117,0.49,0.49,0.0,6.884087,0.0
2019-01-08,11,0,119,12.37,12.37,0.0,206.833914,0.0
2019-01-08,11,0,120,7.28,7.28,0.0,121.726022,0.0
2019-01-08,11,0,123,2.42,2.42,0.0,37.168727,0.0
2019-01-08,11,0,125,5.37,5.37,0.0,82.477713,0.0
2019-01-08,11,0,126,108.72,108.72,0.0,1669.828121,0.0
2019-01-08,11,0,127,139.53,139.53,0.0,2143.038243,0.0
2019-01-08,11,0,128,7.69,7.69,0.0,118.110543,0.0
2019-01-08,11,0,131,1.75,1.75,0.0,25.096777,0.0
2019-01-08,11,0,132,2.58,2.58,0.0,36.99982,0.0
2019-01-08,11,0,133,1.18,1.18,0.0,17.457457,0.0
2019-01-08,11,0,134,0.0,0.0,0.0,0.0,0.0
2019-01-08,11,0,135,1.59,1.59,0.0,23.523184,0.0
2019-01-08,11,0,136,0.0,0.0,0.0,0.0,0.0
2019-01-08,11,0,139,2.75,2.75,0.0,39.550118,0.0
2019-01-08,11,0,140,250.6,250.6,0.0,3997.913256,0.0
2019-01-08,11,0,141,19.72,19.72,0.0,292.110331,0.0
2019-01-08,11,0,142,246.18,246.18,0.0,3646.63901,0.0
2019-01-08,11,0,143,5.33,5.33,0.0,66.12859,0.0
2019-01-08,11,0,145,4.38,4.38,0.0,62.656698,0.0
2019-01-08,11,0,146,268.0,268.0,0.0,4275.501806,0.0
2019-01-08,11,0,152,4.83,4.83,0.0,70.161131,0.0
2019-01-08,11,0,153,6.08,6.08,0.0,88.243592,0.0
2019-01-08,11,0,154,45.34,45.34,0.0,652.073588,0.0
2019-01-08,11,0,157,31.38,31.38,0.0,464.828711,0.0
2019-01-08,11,0,158,175.68,175.68,0.0,2602.329764,0.0
2019-01-08,11,0,159,0.0,0.0,0.0,0.0,0.0
2019-01-08,11,0,160,1.69,1.69,0.0,23.598731,0.0
2019-01-08,11,0,161,36.58,36.58,0.0,528.23266,0.0
2019-01-08,11,0,162,19.29,19.29,0.0,324.025637,0.0
2019-01-08,11,0,163,19.95,19.95,0.0,318.269631,0.0
2019-01-08,11,0,164,10.98,10.98,0.0,136.227377,0.0
2019-01-08,11,0,167,3.93,3.93,0.0,66.027281,0.0
2019-01-08,11,0,168,1.97,1.97,0.0,33.097645,0.0
2019-01-08,11,0,169,0.0,0.0,0.0,0.0,0.0
2019-01-08,11,0,170,4.3,4.3,0.0,72.24359,0.0
2019-01-08,11,0,172,5.14,5.14,0.0,86.634063,0.0
2019-01-08,11,0,173,7.83,7.83,0.0,131.97368,0.0
2019-01-08,11,0,188,6.87,6.87,0.0,115.192811,0.0
2019-01-08,11,0,190,5.68,5.68,0.0,94.97305,0.0
2019-01-08,11,0,191,14.68,14.68,0.0,245.458517,0.0
2019-01-08,11,0,192,61.9,61.9,0.0,1035.005601,0.0
2019-01-08,11,0,194,6.9,6.9,0.0,94.487935,0.0
2019-01-08,11,0,196,4.0,4.0,0.0,65.631013,0.0
2019-01-08,11,0,198,7.61,7.61,0.0,101.979293,0.0
2019-01-08,11,0,199,2.98,2.98,0.0,36.748662,0.0
2019-01-08,11,0,200,12.43,12.43,0.0,153.283849,0.0
2019-01-08,11,0,204,20.97,20.97,0.0,299.912354,0.0
2019-01-08,11,0,205,52.53,52.53,0.0,752.168465,0.0
2019-01-08,11,0,206,41.44,41.44,0.0,587.102462,0.0
2019-01-08,11,0,210,1.65,1.65,0.0,18.709927,0.0
2019-01-08,11,0,214,9.49,9.49,0.0,143.749697,0.0
2019-01-08,11,0,217,6.1,6.1,0.0,82.248703,0.0
2019-01-08,11,0,218,8.42,8.42,0.0,113.530178,0.0
2019-01-08,11,0,219,5.74,5.74,0.0,77.394682,0.0
2019-01-08,11,0,221,5.06,5.06,0.0,76.646308,0.0
2019-01-08,11,0,225,5.19,5.19,0.0,58.03605,0.0
2019-01-08,11,0,233,5.36,5.36,0.0,80.482636,0.0
2019-01-08,11,0,236,0.0,0.0,0.0,0.0,0.0
2019-01-08,11,0,237,0.0,0.0,0.0,0.0,0.0
2019-01-08,11,0,238,49.64,49.64,0.0,731.968352,0.0
2019-01-08,11,0,240,7.79,7.79,0.0,111.331275,0.0
2019-01-08,11,0,245,2.36,2.36,0.0,34.990438,0.0
2019-01-08,11,0,247,0.0,0.0,0.0,0.0,0.0
2019-01-08,11,0,248,0.0,0.0,0.0,0.0,0.0
2019-01-08,11,0,249,4.55,4.55,0.0,67.460379,0.0
2019-01-08,11,0,251,0.0,0.0,0.0,0.0,0.0
2019-01-08,11,0,252,0.0,0.0,0.0,0.0,0.0
2019-01-08,11,0,254,11.65,11.65,0.0,164.493115,0.0
2019-01-08,11,0,255,5.34,5.34,0.0,75.398561,0.0
2019-01-08,11,0,258,9.72,9.72,0.0,138.725957,0.0
2019-01-08,11,0,260,4.11,4.11,0.0,57.390997,0.0
2019-01-08,11,0,265,46.94,46.94,0.0,675.084566,0.0
2019-01-08,11,0,266,1.78,1.78,0.0,25.599713,0.0
2019-01-08,11,0,267,2.19,2.19,0.0,31.496276,0.0
2019-01-08,11,0,270,67.5,67.5,0.0,1076.852134,0.0
2019-01-08,11,0,272,24.15,24.15,0.0,339.287153,0.0
2019-01-08,11,0,273,17.22,17.22,0.0,274.716944,0.0
2019-01-08,11,0,274,88.15,88.15,0.0,1406.28912,0.0
2019-01-08,11,0,275,124.37,124.37,0.0,1984.119999,0.0
2019-01-08,11,0,276,3.97,3.97,0.0,62.323929,0.0
2019-01-08,11,0,277,4.93,4.93,0.0,69.427669,0.0
2019-01-08,11,0,278,7.89,7.89,0.0,111.112436,0.0
2019-01-08,11,0,279,17.56,17.56,0.0,247.292062,0.0
2019-01-08,11,0,281,1.83,1.83,0.0,22.704563,0.0
2019-01-08,11,0,282,171.09,171.09,0.0,2122.690524,0.0
2019-01-08,12,0,9,2.58,2.58,0.0,-14.343825,0.0
2019-01-08,12,0,17,45.16,45.16,0.0,628.296675,0.0
2019-01-08,12,0,19,5.99,5.99,0.0,83.336959,0.0
2019-01-08,12,0,20,7.26,7.26,0.0,101.006064,0.0
2019-01-08,12,0,21,58.97,58.97,0.0,-327.850905,0.0
2019-01-08,12,0,22,209.58,209.58,0.0,-1165.185562,0.0
2019-01-08,12,0,23,2.84,2.84,0.0,-15.789326,0.0
2019-01-08,12,0,24,4.75,4.75,0.0,-26.408204,0.0
2019-01-08,12,0,29,7.25,7.25,0.0,44.924987,0.0
2019-01-08,12,0,30,449.12,449.12,0.0,-2547.792033,0.0
2019-01-08,12,0,31,3.03,3.03,0.0,-17.188747,0.0
2019-01-08,12,0,32,4.53,4.53,0.0,209.712365,0.0
2019-01-08,12,0,33,2.44,2.44,0.0,43.615031,0.0
2019-01-08,12,0,34,3.91,3.91,0.0,69.8913,0.0
2019-01-08,12,0,35,3.91,3.91,0.0,69.8913,0.0
2019-01-08,12,0,36,9.36,9.36,0.0,67.980843,0.0
2019-01-08,12,0,37,4.42,4.42,0.0,31.376249,0.0
2019-01-08,12,0,38,5.68,5.68,0.0,40.320609,0.0
2019-01-08,12,0,39,3.79,3.79,0.0,26.904069,0.0
2019-01-08,12,0,40,3.79,3.79,0.0,26.904069,0.0
2019-01-08,12,0,41,1.35,1.35,0.0,0.626146,0.0
2019-01-08,12,0,42,53.42,53.42,0.0,697.33327,0.0
2019-01-08,12,0,43,28.81,28.81,0.0,220.431939,0.0
2019-01-08,12,0,46,25.55,25.55,0.0,148.355348,0.0
2019-01-08,12,0,52,3.21,3.21,0.0,-18.20986,0.0
2019-01-08,12,0,53,5.1,5.1,0.0,-28.931554,0.0
2019-01-08,12,0,55,17.06,17.06,0.0,-94.84715,0.0
2019-01-08,12,0,56,132.47,132.47,0.0,-751.482924,0.0
2019-01-08,12,0,57,126.01,126.01,0.0,-714.836289,0.0
2019-01-08,12,0,58,242.33,242.33,0.0,-1374.702626,0.0
2019-01-08,12,0,59,238.29,238.29,0.0,-1351.784297,0.0
2019-01-08,12,0,63,21.32,21.32,0.0,1322.937221,0.0
2019-01-08,12,0,64,25.08,25.08,0.0,1556.250727,0.0
2019-01-08,12,0,65,0.99,0.99,0.0,13.6156,0.0
2019-01-08,12,0,67,265.09,265.09,0.0,-19114.452526,0.0
2019-01-08,12,0,68,4.25,4.25,0.0,-178.987936,0.0
2019-01-08,12,0,69,2.44,2.44,0.0,43.615031,0.0
2019-01-08,12,0,74,0.0,0.0,0.0,0.0,0.0
2019-01-08,12,0,77,7.71,7.71,0.0,-126.577891,0.0
2019-01-08,12,0,78,5.83,5.83,0.0,-95.713243,0.0
2019-01-08,12,0,79,3.38,3.38,0.0,-55.490697,0.0
2019-01-08,12,0,80,5.46,5.46,0.0,-89.638818,0.0
2019-01-08,12,0,81,7.14,7.14,0.0,-117.219992,0.0
2019-01-08,12,0,82,5.03,5.03,0.0,-82.57935,0.0
2019-01-08,12,0,83,11.22,11.22,0.0,-184.202845,0.0
2019-01-08,12,0,84,0.0,0.0,0.0,0.0,0.0
2019-01-08,12,0,86,12.37,12.37,0.0,221.113908,0.0
2019-01-08,12,0,87,63.17,63.17,0.0,1129.164559,0.0
2019-01-08,12,0,88,7.57,7.57,0.0,-124.279459,0.0
2019-01-08,12,0,89,7.27,7.27,0.0,-119.35425,0.0
2019-01-08,12,0,90,9.76,9.76,0.0,-160.233491,0.0
2019-01-08,12,0,91,34.83,34.83,0.0,-571.816852,0.0
2019-01-08,12,0,92,12.53,12.53,0.0,-205.709594,0.0
2019-01-08,12,0,95,33.61,33.61,0.0,1576.954629,0.0
2019-01-08,12,0,96,1.41,1.41,0.0,-8.165581,0.0
2019-01-08,12,0,97,8.66,8.66,0.0,-50.151722,0.0
2019-01-08,12,0,99,0.0,0.0,0.0,0.0,0.0
2019-01-08,12,0,101,9.05,9.05,0.0,-51.339326,0.0
2019-01-08,12,0,102,10.06,10.06,0.0,-423.674973,0.0
2019-01-08,12,0,103,8.75,8.75,0.0,-368.504574,0.0
2019-01-08,12,0,104,1.63,1.63,0.0,-68.647138,0.0
2019-01-08,12,0,106,206.31,206.31,0.0,-1147.005599,0.0
2019-01-08,12,0,109,4.69,4.69,0.0,19.388025,0.0
2019-01-08,12,0,110,338.6,338.6,0.0,-55512.325253,0.0
2019-01-08,12,0,111,14.96,14.96,0.0,6.938627,0.0
2019-01-08,12,0,113,7.28,7.28,0.0,-92.489744,0.0
2019-01-08,12,0,115,7.28,7.28,0.0,-92.489744,0.0
2019-01-08,12,0,116,100.32,100.32,0.0,-16447.124836,0.0
2019-01-08,12,0,117,0.49,0.49,0.0,-6.225271,0.0
2019-01-08,12,0,119,25.08,25.08,0.0,1556.250727,0.0
2019-01-08,12,0,120,14.75,14.75,0.0,915.2591,0.0
2019-01-08,12,0,123,3.44,3.44,0.0,-19.125099,0.0
2019-01-08,12,0,125,4.35,4.35,0.0,-24.184355,0.0
2019-01-08,12,0,126,154.74,154.74,0.0,-860.295896,0.0
2019-01-08,12,0,127,198.58,198.58,0.0,-1104.029721,0.0
2019-01-08,12,0,128,5.96,5.96,0.0,-33.135347,0.0
2019-01-08,12,0,131,2.89,2.89,0.0,-98.564065,0.0
2019-01-08,12,0,132,4.25,4.25,0.0,-144.947155,0.0
2019-01-08,12,0,133,1.42,1.42,0.0,19.777353,0.0
2019-01-08,12,0,134,0.0,0.0,0.0,0.0,0.0
2019-01-08,12,0,135,1.9,1.9,0.0,26.462655,0.0
2019-01-08,12,0,136,0.97,0.97,0.0,13.332041,0.0
2019-01-08,12,0,139,1.74,1.74,0.0,0.807033,0.0
2019-01-08,12,0,140,250.6,250.6,0.0,-41085.022766,0.0
2019-01-08,12,0,141,39.97,39.97,0.0,-2882.057669,0.0
2019-01-08,12,0,142,349.59,349.59,0.0,-25207.369039,0.0
2019-01-08,12,0,143,0.0,0.0,0.0,0.0,0.0
2019-01-08,12,0,145,2.84,2.84,0.0,-5.766303,0.0
2019-01-08,12,0,146,268.0,268.0,0.0,-43937.693939,0.0
2019-01-08,12,0,152,6.74,6.74,0.0,63.025841,0.0
2019-01-08,12,0,153,8.5,8.5,0.0,77.726487,0.0
2019-01-08,12,0,154,61.71,61.71,0.0,28.621836,0.0
2019-01-08,12,0,157,77.91,77.91,0.0,-5617.741131,0.0
2019-01-08,12,0,158,249.31,249.31,0.0,-17976.627407,0.0
2019-01-08,12,0,159,0.0,0.0,0.0,0.0,0.0
2019-01-08,12,0,160,2.28,2.28,0.0,21.916941,0.0
2019-01-08,12,0,161,51.62,51.62,0.0,-2173.966411,0.0
2019-01-08,12,0,162,42.79,42.79,0.0,2014.885362,0.0
2019-01-08,12,0,163,74.3,74.3,0.0,-12181.233805,0.0
2019-01-08,12,0,164,15.82,15.82,0.0,-89.744545,0.0
2019-01-08,12,0,167,5.25,5.25,0.0,243.994135,0.0
2019-01-08,12,0,168,2.63,2.63,0.0,122.229443,0.0
2019-01-08,12,0,169,0.0,0.0,0.0,0.0,0.0
2019-01-08,12,0,170,5.74,5.74,0.0,266.766921,0.0
2019-01-08,12,0,172,6.79,6.79,0.0,284.537095,0.0
2019-01-08,12,0,173,10.35,10.35,0.0,433.72002,0.0
2019-01-08,12,0,188,9.38,9.38,0.0,408.341869,0.0
2019-01-08,12,0,190,7.84,7.84,0.0,486.483481,0.0
2019-01-08,12,0,191,20.25,20.25,0.0,1256.542154,0.0
2019-01-08,12,0,192,201.14,201.14,0.0,12481.03155,0.0
2019-01-08,12,0,194,11.5,11.5,0.0,150.456912,0.0
2019-01-08,12,0,196,5.48,5.48,0.0,512.2485,0.0
2019-01-08,12,0,198,10.03,10.03,0.0,121.655725,0.0
2019-01-08,12,0,199,8.97,8.97,0.0,153.704072,0.0
2019-01-08,12,0,200,16.85,16.85,0.0,288.730615,0.0
2019-01-08,12,0,204,19.32,19.32,0.0,70.144208,0.0
2019-01-08,12,0,205,24.8,24.8,0.0,102.520897,0.0
2019-01-08,12,0,206,25.45,25.45,0.0,-147.385835,0.0
2019-01-08,12,0,210,2.1,2.1,0.0,15.509007,0.0
2019-01-08,12,0,214,12.48,12.48,0.0,252.366222,0.0
2019-01-08,12,0,217,7.89,7.89,0.0,115.525273,0.0
2019-01-08,12,0,218,10.89,10.89,0.0,159.451233,0.0
2019-01-08,12,0,219,7.42,7.42,0.0,108.64354,0.0
2019-01-08,12,0,221,6.66,6.66,0.0,134.676205,0.0
2019-01-08,12,0,225,6.55,6.55,0.0,39.835491,0.0
2019-01-08,12,0,233,7.0,7.0,0.0,125.12509,0.0
2019-01-08,12,0,236,0.0,0.0,0.0,0.0,0.0
2019-01-08,12,0,237,0.0,0.0,0.0,0.0,0.0
2019-01-08,12,0,238,69.52,69.52,0.0,907.499231,0.0
2019-01-08,12,0,240,10.61,10.61,0.0,77.059481,0.0
2019-01-08,12,0,245,3.31,3.31,0.0,47.992991,0.0
2019-01-08,12,0,247,3.59,3.59,0.0,52.052821,0.0
2019-01-08,12,0,248,0.0,0.0,0.0,0.0,0.0
2019-01-08,12,0,249,6.37,6.37,0.0,92.361134,0.0
2019-01-08,12,0,251,9.53,9.53,0.0,128.570912,0.0
2019-01-08,12,0,252,6.41,6.41,0.0,88.15757,0.0
2019-01-08,12,0,254,15.89,15.89,0.0,129.399114,0.0
2019-01-08,12,0,255,7.28,7.28,0.0,59.284176,0.0
2019-01-08,12,0,258,13.15,13.15,0.0,96.331999,0.0
2019-01-08,12,0,260,5.53,5.53,0.0,53.158195,0.0
2019-01-08,12,0,265,63.89,63.89,0.0,29.632946,0.0
2019-01-08,12,0,266,1.13,1.13,0.0,0.524108,0.0
2019-01-08,12,0,267,1.38,1.38,0.0,0.64006,0.0
2019-01-08,12,0,270,232.04,232.04,0.0,-38042.173514,0.0
2019-01-08,12,0,272,24.33,24.33,0.0,-309.103774,0.0
2019-01-08,12,0,273,23.99,23.99,0.0,-3933.079394,0.0
2019-01-08,12,0,274,299.12,299.12,0.0,-49039.712728,0.0
2019-01-08,12,0,275,416.38,416.38,0.0,-68264.093293,0.0
2019-01-08,12,0,276,5.5,5.5,0.0,-788.922423,0.0
2019-01-08,12,0,277,6.82,6.82,0.0,-96.797138,0.0
2019-01-08,12,0,278,10.92,10.92,0.0,-154.988967,0.0
2019-01-08,12,0,279,36.2,36.2,0.0,-513.791263,0.0
2019-01-08,12,0,281,1.36,1.36,0.0,-7.715081,0.0
2019-01-08,12,0,282,246.37,246.37,0.0,-1397.620955,0.0
2019-01-08,13,0,9,3.0,3.0,0.0,11.558068,0.0
2019-01-08,13,0,17,49.42,49.42,0.0,512.179929,0.0
2019-01-08,13,0,19,7.48,7.48,0.0,77.521365,0.0
2019-01-08,13,0,20,9.07,9.07,0.0,93.999837,0.0
2019-01-08,13,0,21,68.56,68.56,0.0,264.140385,0.0
2019-01-08,13,0,22,243.67,243.67,0.0,938.784826,0.0
2019-01-08,13,0,23,8.62,8.62,0.0,33.210183,0.0
2019-01-08,13,0,24,15.05,15.05,0.0,57.982975,0.0
2019-01-08,13,0,29,8.33,8.33,0.0,53.494396,0.0
2019-01-08,13,0,30,574.89,574.89,0.0,2193.65091,0.0
2019-01-08,13,0,31,0.0,0.0,0.0,0.0,0.0
2019-01-08,13,0,32,5.22,5.22,0.0,233.310886,0.0
2019-01-08,13,0,33,2.81,2.81,0.0,32.984348,0.0
2019-01-08,13,0,34,4.49,4.49,0.0,52.704528,0.0
2019-01-08,13,0,35,4.49,4.49,0.0,52.704528,0.0
2019-01-08,13,0,36,11.07,11.07,0.0,88.627472,0.0
2019-01-08,13,0,37,5.26,5.26,0.0,41.769011,0.0
2019-01-08,13,0,38,6.76,6.76,0.0,53.680326,0.0
2019-01-08,13,0,39,4.5,4.5,0.0,35.733945,0.0
2019-01-08,13,0,40,4.5,4.5,0.0,35.733945,0.0
2019-01-08,13,0,41,1.13,1.13,0.0,6.586808,0.0
2019-01-08,13,0,42,65.88,65.88,0.0,663.141541,0.0
2019-01-08,13,0,43,33.33,33.33,0.0,269.452462,0.0
2019-01-08,13,0,46,28.86,28.86,0.0,216.746132,0.0
2019-01-08,13,0,52,0.0,0.0,0.0,0.0,0.0
2019-01-08,13,0,53,0.0,0.0,0.0,0.0,0.0
2019-01-08,13,0,55,0.0,0.0,0.0,0.0,0.0
2019-01-08,13,0,56,169.57,169.57,0.0,647.040973,0.0
2019-01-08,13,0,57,161.3,161.3,0.0,615.484513,0.0
2019-01-08,13,0,58,310.19,310.19,0.0,1183.615258,0.0
2019-01-08,13,0,59,305.02,305.02,0.0,1163.887701,0.0
2019-01-08,13,0,63,46.87,46.87,0.0,5396.823725,0.0
2019-01-08,13,0,64,55.14,55.14,0.0,6349.068918,0.0
2019-01-08,13,0,65,2.92,2.92,0.0,30.100753,0.0
2019-01-08,13,0,67,315.0,315.0,0.0,-175025.603686,0.0
2019-01-08,13,0,68,11.51,11.51,0.0,-4725.200732,0.0
2019-01-08,13,0,69,2.81,2.81,0.0,32.984348,0.0
2019-01-08,13,0,74,0.0,0.0,0.0,0.0,0.0
2019-01-08,13,0,77,15.57,15.57,0.0,-4507.266649,0.0
2019-01-08,13,0,78,11.77,11.77,0.0,-3407.227261,0.0
2019-01-08,13,0,79,6.81,6.81,0.0,-1971.386376,0.0
2019-01-08,13,0,80,11.01,11.01,0.0,-3187.219384,0.0
2019-01-08,13,0,81,14.4,14.4,0.0,-4168.570311,0.0
2019-01-08,13,0,82,10.16,10.16,0.0,-2941.157942,0.0
2019-01-08,13,0,83,22.65,22.65,0.0,-6556.813719,0.0
2019-01-08,13,0,84,0.0,0.0,0.0,0.0,0.0
2019-01-08,13,0,86,14.22,14.22,0.0,166.917236,0.0
2019-01-08,13,0,87,72.59,72.59,0.0,852.076103,0.0
2019-01-08,13,0,88,15.78,15.78,0.0,-4568.058299,0.0
2019-01-08,13,0,89,15.17,15.17,0.0,-4391.473029,0.0
2019-01-08,13,0,90,20.37,20.37,0.0,-5896.790086,0.0
2019-01-08,13,0,91,72.66,72.66,0.0,-21033.911029,0.0
2019-01-08,13,0,92,26.13,26.13,0.0,-7564.218211,0.0
2019-01-08,13,0,95,81.01,81.01,0.0,2058.763306,0.0
2019-01-08,13,0,96,1.73,1.73,0.0,6.534549,0.0
2019-01-08,13,0,97,10.65,10.65,0.0,40.227136,0.0
2019-01-08,13,0,99,0.0,0.0,0.0,0.0,0.0
2019-01-08,13,0,101,11.58,11.58,0.0,44.186675,0.0
2019-01-08,13,0,102,27.25,27.25,0.0,-11186.943524,0.0
2019-01-08,13,0,103,23.7,23.7,0.0,-9729.56189,0.0
2019-01-08,13,0,104,4.4,4.4,0.0,-1806.332165,0.0
2019-01-08,13,0,106,239.87,239.87,0.0,924.144606,0.0
2019-01-08,13,0,109,5.42,5.42,0.0,37.955693,0.0
2019-01-08,13,0,110,338.6,338.6,0.0,-338600.0,0.0
2019-01-08,13,0,111,17.41,17.41,0.0,101.483473,0.0
2019-01-08,13,0,113,16.15,16.15,0.0,-4210.643542,0.0
2019-01-08,13,0,115,16.15,16.15,0.0,-4210.643542,0.0
2019-01-08,13,0,116,113.82,113.82,0.0,-113820.0,0.0
2019-01-08,13,0,117,1.08,1.08,0.0,-281.578639,0.0
2019-01-08,13,0,119,55.14,55.14,0.0,6349.068918,0.0
2019-01-08,13,0,120,32.42,32.42,0.0,3732.985388,0.0
2019-01-08,13,0,123,4.0,4.0,0.0,15.410758,0.0
2019-01-08,13,0,125,13.67,13.67,0.0,52.666264,0.0
2019-01-08,13,0,126,179.9,179.9,0.0,693.098823,0.0
2019-01-08,13,0,127,230.87,230.87,0.0,889.470401,0.0
2019-01-08,13,0,128,19.29,19.29,0.0,74.318378,0.0
2019-01-08,13,0,131,6.84,6.84,0.0,-2542.951129,0.0
2019-01-08,13,0,132,10.05,10.05,0.0,-3736.353632,0.0
2019-01-08,13,0,133,1.68,1.68,0.0,17.419975,0.0
2019-01-08,13,0,134,0.0,0.0,0.0,0.0,0.0
2019-01-08,13,0,135,2.26,2.26,0.0,23.434014,0.0
2019-01-08,13,0,136,2.47,2.47,0.0,25.454434,0.0
2019-01-08,13,0,139,1.46,1.46,0.0,8.510389,0.0
2019-01-08,13,0,140,250.6,250.6,0.0,-250600.0,0.0
2019-01-08,13,0,141,96.82,96.82,0.0,-53796.758568,0.0
2019-01-08,13,0,142,415.41,415.41,0.0,-230817.098499,0.0
2019-01-08,13,0,143,0.0,0.0,0.0,0.0,0.0
2019-01-08,13,0,145,6.93,6.93,0.0,34.648522,0.0
2019-01-08,13,0,146,268.0,268.0,0.0,-268000.0,0.0
2019-01-08,13,0,152,8.27,8.27,0.0,72.585087,0.0
2019-01-08,13,0,153,10.34,10.34,0.0,90.00875,0.0
2019-01-08,13,0,154,71.83,71.83,0.0,418.699475,0.0
2019-01-08,13,0,157,160.26,160.26,0.0,-89046.359513,0.0
2019-01-08,13,0,158,311.25,311.25,0.0,-172941.965547,0.0
2019-01-08,13,0,159,0.0,0.0,0.0,0.0,0.0
2019-01-08,13,0,160,2.61,2.61,0.0,22.543721,0.0
2019-01-08,13,0,161,60.58,60.58,0.0,-24869.909676,0.0
2019-01-08,13,0,162,102.71,102.71,0.0,2691.523895,0.0
2019-01-08,13,0,163,104.55,104.55,0.0,-104550.0,0.0
2019-01-08,13,0,164,20.43,20.43,0.0,77.956284,0.0
2019-01-08,13,0,167,5.99,5.99,0.0,134.559428,0.0
2019-01-08,13,0,168,2.99,2.99,0.0,67.167394,0.0
2019-01-08,13,0,169,0.0,0.0,0.0,0.0,0.0
2019-01-08,13,0,170,6.55,6.55,0.0,147.139275,0.0
2019-01-08,13,0,172,7.94,7.94,0.0,140.761769,0.0
2019-01-08,13,0,173,12.11,12.11,0.0,214.688291,0.0
2019-01-08,13,0,188,10.81,10.81,0.0,284.068805,0.0
2019-01-08,13,0,190,8.96,8.96,0.0,290.550912,0.0
2019-01-08,13,0,191,23.15,23.15,0.0,750.697947,0.0
2019-01-08,13,0,192,332.6,332.6,0.0,10785.405497,0.0
2019-01-08,13,0,194,22.23,22.23,0.0,-2798.16328,0.0
2019-01-08,13,0,196,6.12,6.12,0.0,1642.632774,0.0
2019-01-08,13,0,198,11.67,11.67,0.0,107.696829,0.0
2019-01-08,13,0,199,11.8,11.8,0.0,-332.170575,0.0
2019-01-08,13,0,200,20.14,20.14,0.0,-566.941982,0.0
2019-01-08,13,0,204,24.84,24.84,0.0,169.734399,0.0
2019-01-08,13,0,205,28.68,28.68,0.0,200.843038,0.0
2019-01-08,13,0,206,31.29,31.29,0.0,118.18846,0.0
2019-01-08,13,0,210,2.48,2.48,0.0,17.024818,0.0
2019-01-08,13,0,214,14.79,14.79,0.0,185.650523,0.0
2019-01-08,13,0,217,9.47,9.47,0.0,95.426142,0.0
2019-01-08,13,0,218,13.07,13.07,0.0,131.702183,0.0
2019-01-08,13,0,219,8.9,8.9,0.0,89.682435,0.0
2019-01-08,13,0,221,7.89,7.89,0.0,99.038717,0.0
2019-01-08,13,0,225,7.41,7.41,0.0,47.269274,0.0
2019-01-08,13,0,233,8.04,8.04,0.0,94.375146,0.0
2019-01-08,13,0,236,0.0,0.0,0.0,0.0,0.0
2019-01-08,13,0,237,0.0,0.0,0.0,0.0,0.0
2019-01-08,13,0,238,85.75,85.75,0.0,863.150989,0.0
2019-01-08,13,0,240,12.54,12.54,0.0,100.396432,0.0
2019-01-08,13,0,245,4.47,4.47,0.0,47.235952,0.0
2019-01-08,13,0,247,5.5,5.5,0.0,58.120299,0.0
2019-01-08,13,0,248,0.0,0.0,0.0,0.0,0.0
2019-01-08,13,0,249,8.59,8.59,0.0,90.77334,0.0
2019-01-08,13,0,251,28.11,28.11,0.0,287.217154,0.0
2019-01-08,13,0,252,18.86,18.86,0.0,194.417877,0.0
2019-01-08,13,0,254,18.04,18.04,0.0,148.345885,0.0
2019-01-08,13,0,255,8.27,8.27,0.0,68.005569,0.0
2019-01-08,13,0,258,15.47,15.47,0.0,124.049893,0.0
2019-01-08,13,0,260,6.34,6.34,0.0,54.761376,0.0
2019-01-08,13,0,265,74.37,74.37,0.0,433.50522,0.0
2019-01-08,13,0,266,0.94,0.94,0.0,5.479291,0.0
2019-01-08,13,0,267,1.16,1.16,0.0,6.761679,0.0
2019-01-08,13,0,270,325.32,325.32,0.0,-325320.0,0.0
2019-01-08,13,0,272,53.97,53.97,0.0,-14071.110339,0.0
2019-01-08,13,0,273,27.22,27.22,0.0,-27220.0,0.0
2019-01-08,13,0,274,419.18,419.18,0.0,-419180.0,0.0
2019-01-08,13,0,275,583.24,583.24,0.0,-583240.0,0.0
2019-01-08,13,0,276,6.39,6.39,0.0,-5756.003916,0.0
2019-01-08,13,0,277,8.1,8.1,0.0,-2205.24564,0.0
2019-01-08,13,0,278,12.97,12.97,0.0,-3531.115549,0.0
2019-01-08,13,0,279,135.08,135.08,0.0,-36775.874201,0.0
2019-01-08,13,0,281,0.0,0.0,0.0,0.0,0.0
2019-01-08,13,0,282,315.36,315.36,0.0,1203.342815,0.0
2019-01-08,14,0,9,3.13,3.13,0.0,19.817076,0.0
2019-01-08,14,0,17,49.7,49.7,0.0,686.915005,0.0
2019-01-08,14,0,19,13.7,13.7,0.0,189.350816,0.0
2019-01-08,14,0,20,16.62,16.62,0.0,229.708801,0.0
2019-01-08,14,0,21,71.65,71.65,0.0,453.640084,0.0
2019-01-08,14,0,22,254.64,254.64,0.0,1612.210901,0.0
2019-01-08,14,0,23,6.12,6.12,0.0,38.747764,0.0
2019-01-08,14,0,24,10.53,10.53,0.0,66.668947,0.0
2019-01-08,14,0,29,8.4,8.4,0.0,52.533918,0.0
2019-01-08,14,0,30,601.42,601.42,0.0,3783.522224,0.0
2019-01-08,14,0,31,0.0,0.0,0.0,0.0,0.0
2019-01-08,14,0,32,5.31,5.31,0.0,237.240323,0.0
2019-01-08,14,0,33,2.92,2.92,0.0,45.296099,0.0
2019-01-08,14,0,34,4.67,4.67,0.0,72.442734,0.0
2019-01-08,14,0,35,4.67,4.67,0.0,72.442734,0.0
2019-01-08,14,0,36,11.53,11.53,0.0,124.642429,0.0
2019-01-08,14,0,37,5.41,5.41,0.0,57.95349,0.0
2019-01-08,14,0,38,6.96,6.96,0.0,74.55754,0.0
2019-01-08,14,0,39,4.64,4.64,0.0,49.705027,0.0
2019-01-08,14,0,40,4.64,4.64,0.0,49.705027,0.0
2019-01-08,14,0,41,0.0,0.0,0.0,0.0,0.0
2019-01-08,14,0,42,68.7,68.7,0.0,924.334362,0.0
2019-01-08,14,0,43,34.77,34.77,0.0,375.012094,0.0
2019-01-08,14,0,46,29.62,29.62,0.0,302.723376,0.0
2019-01-08,14,0,52,0.0,0.0,0.0,0.0,0.0
2019-01-08,14,0,53,0.0,0.0,0.0,0.0,0.0
2019-01-08,14,0,55,16.86,16.86,0.0,106.746292,0.0
2019-01-08,14,0,56,177.4,177.4,0.0,1116.020157,0.0
2019-01-08,14,0,57,168.75,168.75,0.0,1061.603165,0.0
2019-01-08,14,0,58,324.51,324.51,0.0,2041.486477,0.0
2019-01-08,14,0,59,319.1,319.1,0.0,2007.452266,0.0
2019-01-08,14,0,63,51.0,51.0,0.0,5874.182772,0.0
2019-01-08,14,0,64,60.0,60.0,0.0,6910.803261,0.0
2019-01-08,14,0,65,2.17,2.17,0.0,29.844294,0.0
2019-01-08,14,0,67,327.01,327.01,0.0,-181660.697612,0.0
2019-01-08,14,0,68,10.62,10.62,0.0,-4358.187415,0.0
2019-01-08,14,0,69,2.92,2.92,0.0,45.296099,0.0
2019-01-08,14,0,74,0.0,0.0,0.0,0.0,0.0
2019-01-08,14,0,77,23.31,23.31,0.0,-6743.026382,0.0
2019-01-08,14,0,78,17.62,17.62,0.0,-5097.045253,0.0
2019-01-08,14,0,79,10.2,10.2,0.0,-2950.616435,0.0
2019-01-08,14,0,80,16.49,16.49,0.0,-4770.163236,0.0
2019-01-08,14,0,81,21.56,21.56,0.0,-6236.79317,0.0
2019-01-08,14,0,82,15.21,15.21,0.0,-4399.889801,0.0
2019-01-08,14,0,83,33.92,33.92,0.0,-9812.246026,0.0
2019-01-08,14,0,84,0.0,0.0,0.0,0.0,0.0
2019-01-08,14,0,86,14.79,14.79,0.0,229.427844,0.0
2019-01-08,14,0,87,75.51,75.51,0.0,1171.338503,0.0
2019-01-08,14,0,88,21.81,21.81,0.0,-6309.1122,0.0
2019-01-08,14,0,89,20.97,20.97,0.0,-6066.120259,0.0
2019-01-08,14,0,90,28.16,28.16,0.0,-8146.015569,0.0
2019-01-08,14,0,91,100.44,100.44,0.0,-29054.893599,0.0
2019-01-08,14,0,92,36.12,36.12,0.0,-10448.653493,0.0
2019-01-08,14,0,95,107.33,107.33,0.0,2727.651717,0.0
2019-01-08,14,0,96,3.03,3.03,0.0,18.933893,0.0
2019-01-08,14,0,97,20.33,20.33,0.0,127.038298,0.0
2019-01-08,14,0,99,0.0,0.0,0.0,0.0,0.0
2019-01-08,14,0,101,12.12,12.12,0.0,76.246698,0.0
2019-01-08,14,0,102,25.07,25.07,0.0,-10288.112852,0.0
2019-01-08,14,0,103,21.81,21.81,0.0,-8950.288843,0.0
2019-01-08,14,0,104,4.08,4.08,0.0,-1674.331888,0.0
2019-01-08,14,0,106,250.67,250.67,0.0,1587.075505,0.0
2019-01-08,14,0,109,4.15,4.15,0.0,40.471597,0.0
2019-01-08,14,0,110,338.6,338.6,0.0,-338600.0,0.0
2019-01-08,14,0,111,18.75,18.75,0.0,159.762416,0.0
2019-01-08,14,0,113,21.55,21.55,0.0,-5615.422929,0.0
2019-01-08,14,0,115,21.55,21.55,0.0,-5615.422929,0.0
2019-01-08,14,0,116,116.16,116.16,0.0,-116160.0,0.0
2019-01-08,14,0,117,1.44,1.44,0.0,-375.230117,0.0
2019-01-08,14,0,119,60.0,60.0,0.0,6910.803261,0.0
2019-01-08,14,0,120,35.28,35.28,0.0,4063.552318,0.0
2019-01-08,14,0,123,4.18,4.18,0.0,26.464976,0.0
2019-01-08,14,0,125,9.59,9.59,0.0,60.717493,0.0
2019-01-08,14,0,126,188.0,188.0,0.0,1190.2908,0.0
2019-01-08,14,0,127,241.27,241.27,0.0,1527.560965,0.0
2019-01-08,14,0,128,13.32,13.32,0.0,84.333369,0.0
2019-01-08,14,0,131,11.9,11.9,0.0,-4422.179751,0.0
2019-01-08,14,0,132,17.5,17.5,0.0,-6503.205516,0.0
2019-01-08,14,0,133,2.39,2.39,0.0,33.048067,0.0
2019-01-08,14,0,134,0.0,0.0,0.0,0.0,0.0
2019-01-08,14,0,135,3.21,3.21,0.0,44.386735,0.0
2019-01-08,14,0,136,2.06,2.06,0.0,28.323749,0.0
2019-01-08,14,0,139,0.0,0.0,0.0,0.0,0.0
2019-01-08,14,0,140,250.6,250.6,0.0,-250600.0,0.0
2019-01-08,14,0,141,147.55,147.55,0.0,-81967.022209,0.0
2019-01-08,14,0,142,431.25,431.25,0.0,-239568.135058,0.0
2019-01-08,14,0,143,0.0,0.0,0.0,0.0,0.0
2019-01-08,14,0,145,4.91,4.91,0.0,37.204864,0.0
2019-01-08,14,0,146,268.0,268.0,0.0,-268000.0,0.0
2019-01-08,14,0,152,8.82,8.82,0.0,104.593241,0.0
2019-01-08,14,0,153,10.92,10.92,0.0,128.52176,0.0
2019-01-08,14,0,154,77.33,77.33,0.0,658.902806,0.0
2019-01-08,14,0,157,178.62,178.62,0.0,-99227.03834,0.0
2019-01-08,14,0,158,333.05,333.05,0.0,-185016.040304,0.0
2019-01-08,14,0,159,0.0,0.0,0.0,0.0,0.0
2019-01-08,14,0,160,2.7,2.7,0.0,30.220399,0.0
2019-01-08,14,0,161,62.08,62.08,0.0,-25476.108728,0.0
2019-01-08,14,0,162,135.74,135.74,0.0,3557.195983,0.0
2019-01-08,14,0,163,130.61,130.61,0.0,-130610.0,0.0
2019-01-08,14,0,164,21.97,21.97,0.0,138.212868,0.0
2019-01-08,14,0,167,5.95,5.95,0.0,133.658959,0.0
2019-01-08,14,0,168,2.98,2.98,0.0,66.941798,0.0
2019-01-08,14,0,169,0.0,0.0,0.0,0.0,0.0
2019-01-08,14,0,170,6.51,6.51,0.0,146.238626,0.0
2019-01-08,14,0,172,8.01,8.01,0.0,141.175177,0.0
2019-01-08,14,0,173,12.2,12.2,0.0,215.023366,0.0
2019-01-08,14,0,188,10.79,10.79,0.0,283.212748,0.0
2019-01-08,14,0,190,9.06,9.06,0.0,293.793667,0.0
2019-01-08,14,0,191,23.39,23.39,0.0,758.480561,0.0
2019-01-08,14,0,192,332.6,332.6,0.0,10785.405497,0.0
2019-01-08,14,0,194,28.11,28.11,0.0,-3535.104114,0.0
2019-01-08,14,0,196,6.18,6.18,0.0,1659.224881,0.0
2019-01-08,14,0,198,11.96,11.96,0.0,135.32831,0.0
2019-01-08,14,0,199,25.19,25.19,0.0,-695.112615,0.0
2019-01-08,14,0,200,20.58,20.58,0.0,-567.90066,0.0
2019-01-08,14,0,204,19.84,19.84,0.0,189.541834,0.0
2019-01-08,14,0,205,21.98,21.98,0.0,214.353183,0.0
2019-01-08,14,0,206,71.96,71.96,0.0,449.664336,0.0
2019-01-08,14,0,210,2.49,2.49,0.0,17.093466,0.0
2019-01-08,14,0,214,14.78,14.78,0.0,244.089278,0.0
2019-01-08,14,0,217,9.5,9.5,0.0,116.92971,0.0
2019-01-08,14,0,218,13.11,13.11,0.0,161.363,0.0
2019-01-08,14,0,219,8.93,8.93,0.0,109.913928,0.0
2019-01-08,14,0,221,7.88,7.88,0.0,130.136909,0.0
2019-01-08,14,0,225,7.55,7.55,0.0,46.772629,0.0
2019-01-08,14,0,233,8.37,8.37,0.0,129.838475,0.0
2019-01-08,14,0,236,0.0,0.0,0.0,0.0,0.0
2019-01-08,14,0,237,0.0,0.0,0.0,0.0,0.0
2019-01-08,14,0,238,89.42,89.42,0.0,1203.114682,0.0
2019-01-08,14,0,240,13.06,13.06,0.0,141.182145,0.0
2019-01-08,14,0,245,6.6,6.6,0.0,92.87281,0.0
2019-01-08,14,0,247,7.4,7.4,0.0,104.130121,0.0
2019-01-08,14,0,248,0.0,0.0,0.0,0.0,0.0
2019-01-08,14,0,249,12.69,12.69,0.0,178.569086,0.0
2019-01-08,14,0,251,16.33,16.33,0.0,222.762887,0.0
2019-01-08,14,0,252,13.99,13.99,0.0,192.406304,0.0
2019-01-08,14,0,254,18.38,18.38,0.0,200.115864,0.0
2019-01-08,14,0,255,8.42,8.42,0.0,91.674406,0.0
2019-01-08,14,0,258,16.06,16.06,0.0,173.548726,0.0
2019-01-08,14,0,260,6.56,6.56,0.0,73.424377,0.0
2019-01-08,14,0,265,80.06,80.06,0.0,682.164214,0.0
2019-01-08,14,0,266,0.0,0.0,0.0,0.0,0.0
2019-01-08,14,0,267,0.0,0.0,0.0,0.0,0.0
2019-01-08,14,0,270,454.05,454.05,0.0,-454050.0,0.0
2019-01-08,14,0,272,72.02,72.02,0.0,-18766.717372,0.0
2019-01-08,14,0,273,27.78,27.78,0.0,-27780.0,0.0
2019-01-08,14,0,274,605.65,605.65,0.0,-605650.0,0.0
2019-01-08,14,0,275,880.86,880.86,0.0,-880860.0,0.0
2019-01-08,14,0,276,6.49,6.49,0.0,-5845.913372,0.0
2019-01-08,14,0,277,8.39,8.39,0.0,-2282.773209,0.0
2019-01-08,14,0,278,13.42,13.42,0.0,-3651.348804,0.0
2019-01-08,14,0,279,140.13,140.13,0.0,-38126.937999,0.0
2019-01-08,14,0,281,0.0,0.0,0.0,0.0,0.0
2019-01-08,14,0,282,329.92,329.92,0.0,2075.520688,0.0
2019-01-08,15,0,9,2.95,2.95,0.0,20.896606,0.0
2019-01-08,15,0,17,47.17,47.17,0.0,523.070602,0.0
2019-01-08,15,0,19,23.37,23.37,0.0,259.151155,0.0
2019-01-08,15,0,20,28.34,28.34,0.0,314.263745,0.0
2019-01-08,15,0,21,67.49,67.49,0.0,478.071846,0.0
2019-01-08,15,0,22,239.85,239.85,0.0,1699.00033,0.0
2019-01-08,15,0,23,10.77,10.77,0.0,76.290321,0.0
2019-01-08,15,0,24,19.06,19.06,0.0,135.013326,0.0
2019-01-08,15,0,29,7.56,7.56,0.0,49.297119,0.0
2019-01-08,15,0,30,561.77,561.77,0.0,3967.432428,0.0
2019-01-08,15,0,31,3.69,3.69,0.0,26.060177,0.0
2019-01-08,15,0,32,4.81,4.81,0.0,191.499158,0.0
2019-01-08,15,0,33,2.72,2.72,0.0,32.673677,0.0
2019-01-08,15,0,34,4.35,4.35,0.0,52.253858,0.0
2019-01-08,15,0,35,4.35,4.35,0.0,52.253858,0.0
2019-01-08,15,0,36,10.89,10.89,0.0,102.665117,0.0
2019-01-08,15,0,37,5.1,5.1,0.0,47.792716,0.0
2019-01-08,15,0,38,6.55,6.55,0.0,61.380841,0.0
2019-01-08,15,0,39,4.37,4.37,0.0,40.951798,0.0
2019-01-08,15,0,40,4.37,4.37,0.0,40.951798,0.0
2019-01-08,15,0,41,0.0,0.0,0.0,0.0,0.0
2019-01-08,15,0,42,65.43,65.43,0.0,712.461193,0.0
2019-01-08,15,0,43,32.56,32.56,0.0,305.884288,0.0
2019-01-08,15,0,46,27.69,27.69,0.0,252.215612,0.0
2019-01-08,15,0,52,3.92,3.92,0.0,27.684524,0.0
2019-01-08,15,0,53,6.22,6.22,0.0,43.927995,0.0
2019-01-08,15,0,55,61.54,61.54,0.0,435.924454,0.0
2019-01-08,15,0,56,165.7,165.7,0.0,1170.236135,0.0
2019-01-08,15,0,57,157.62,157.62,0.0,1113.172116,0.0
2019-01-08,15,0,58,303.11,303.11,0.0,2140.677579,0.0
2019-01-08,15,0,59,298.06,298.06,0.0,2105.012567,0.0
2019-01-08,15,0,63,51.0,51.0,0.0,5666.70147,0.0
2019-01-08,15,0,64,60.0,60.0,0.0,6666.707612,0.0
2019-01-08,15,0,65,3.12,3.12,0.0,34.481844,0.0
2019-01-08,15,0,67,306.1,306.1,0.0,-170690.424212,0.0
2019-01-08,15,0,68,34.0,34.0,0.0,-14047.900804,0.0
2019-01-08,15,0,69,2.72,2.72,0.0,32.673677,0.0
2019-01-08,15,0,74,0.0,0.0,0.0,0.0,0.0
2019-01-08,15,0,77,42.39,42.39,0.0,-12410.545048,0.0
2019-01-08,15,0,78,32.04,32.04,0.0,-9380.369505,0.0
2019-01-08,15,0,79,18.54,18.54,0.0,-5427.966624,0.0
2019-01-08,15,0,80,29.99,29.99,0.0,-8780.189809,0.0
2019-01-08,15,0,81,39.21,39.21,0.0,-11479.534591,0.0
2019-01-08,15,0,82,27.66,27.66,0.0,-8098.034348,0.0
2019-01-08,15,0,83,61.67,61.67,0.0,-18055.161904,0.0
2019-01-08,15,0,84,0.0,0.0,0.0,0.0,0.0
2019-01-08,15,0,86,13.77,13.77,0.0,165.410487,0.0
2019-01-08,15,0,87,70.29,70.29,0.0,844.350266,0.0
2019-01-08,15,0,88,36.6,36.6,0.0,-10715.403368,0.0
2019-01-08,15,0,89,35.18,35.18,0.0,-10299.669139,0.0
2019-01-08,15,0,90,47.24,47.24,0.0,-13830.482379,0.0
2019-01-08,15,0,91,168.51,168.51,0.0,-49334.771079,0.0
2019-01-08,15,0,92,60.6,60.6,0.0,-17741.897379,0.0
2019-01-08,15,0,95,120.0,120.0,0.0,3049.643213,0.0
2019-01-08,15,0,96,7.25,7.25,0.0,51.041487,0.0
2019-01-08,15,0,97,44.56,44.56,0.0,313.711538,0.0
2019-01-08,15,0,99,0.0,0.0,0.0,0.0,0.0
2019-01-08,15,0,101,11.32,11.32,0.0,79.946126,0.0
2019-01-08,15,0,102,80.5,80.5,0.0,-33260.471022,0.0
2019-01-08,15,0,103,70.0,70.0,0.0,-28922.148715,0.0
2019-01-08,15,0,104,13.0,13.0,0.0,-5371.25619,0.0
2019-01-08,15,0,106,236.11,236.11,0.0,1672.507683,0.0
2019-01-08,15,0,109,6.37,6.37,0.0,56.553623,0.0
2019-01-08,15,0,110,338.6,338.6,0.0,-338600.0,0.0
2019-01-08,15,0,111,17.96,17.96,0.0,147.989431,0.0
2019-01-08,15,0,113,35.05,35.05,0.0,-9246.451922,0.0
2019-01-08,15,0,115,35.05,35.05,0.0,-9246.451922,0.0
2019-01-08,15,0,116,107.75,107.75,0.0,-107750.0,0.0
2019-01-08,15,0,117,2.34,2.34,0.0,-617.309486,0.0
2019-01-08,15,0,119,60.0,60.0,0.0,6666.707612,0.0
2019-01-08,15,0,120,35.28,35.28,0.0,3920.024076,0.0
2019-01-08,15,0,123,3.94,3.94,0.0,27.909365,0.0
2019-01-08,15,0,125,17.25,17.25,0.0,122.192019,0.0
2019-01-08,15,0,126,177.08,177.08,0.0,1254.363053,0.0
2019-01-08,15,0,127,227.26,227.26,0.0,1609.817865,0.0
2019-01-08,15,0,128,24.7,24.7,0.0,174.964804,0.0
2019-01-08,15,0,131,57.9,57.9,0.0,-21688.980388,0.0
2019-01-08,15,0,132,85.21,85.21,0.0,-31919.136768,0.0
2019-01-08,15,0,133,3.74,3.74,0.0,41.486157,0.0
2019-01-08,15,0,134,0.0,0.0,0.0,0.0,0.0
2019-01-08,15,0,135,5.01,5.01,0.0,55.573702,0.0
2019-01-08,15,0,136,2.88,2.88,0.0,31.823516,0.0
2019-01-08,15,0,139,0.0,0.0,0.0,0.0,0.0
2019-01-08,15,0,140,250.6,250.6,0.0,-250600.0,0.0
2019-01-08,15,0,141,230.0,230.0,0.0,-128254.810744,0.0
2019-01-08,15,0,142,403.67,403.67,0.0,-225098.345449,0.0
2019-01-08,15,0,143,8.02,8.02,0.0,56.640276,0.0
2019-01-08,15,0,145,5.46,5.46,0.0,42.245721,0.0
2019-01-08,15,0,146,268.0,268.0,0.0,-268000.0,0.0
2019-01-08,15,0,152,8.21,8.21,0.0,82.230694,0.0
2019-01-08,15,0,153,10.23,10.23,0.0,101.963272,0.0
2019-01-08,15,0,154,74.09,74.09,0.0,610.497604,0.0
2019-01-08,15,0,157,206.91,206.91,0.0,-115379.143005,0.0
2019-01-08,15,0,158,314.53,314.53,0.0,-175391.241841,0.0
2019-01-08,15,0,159,0.0,0.0,0.0,0.0,0.0
2019-01-08,15,0,160,2.54,2.54,0.0,24.315143,0.0
2019-01-08,15,0,161,57.52,57.52,0.0,-23765.742772,0.0
2019-01-08,15,0,162,162.5,162.5,0.0,4258.086203,0.0
2019-01-08,15,0,163,142.89,142.89,0.0,-142890.0,0.0
2019-01-08,15,0,164,20.56,20.56,0.0,145.202504,0.0
2019-01-08,15,0,167,5.4,5.4,0.0,122.301136,0.0
2019-01-08,15,0,168,2.7,2.7,0.0,61.150568,0.0
2019-01-08,15,0,169,0.0,0.0,0.0,0.0,0.0
2019-01-08,15,0,170,5.91,5.91,0.0,133.851799,0.0
2019-01-08,15,0,172,7.38,7.38,0.0,108.812048,0.0
2019-01-08,15,0,173,11.25,11.25,0.0,165.872024,0.0
2019-01-08,15,0,188,9.75,9.75,0.0,220.698293,0.0
2019-01-08,15,0,190,8.51,8.51,0.0,275.958511,0.0
2019-01-08,15,0,191,21.98,21.98,0.0,712.757705,0.0
2019-01-08,15,0,192,332.6,332.6,0.0,10785.405497,0.0
2019-01-08,15,0,194,42.45,42.45,0.0,-5486.983512,0.0
2019-01-08,15,0,196,5.8,5.8,0.0,1529.054135,0.0
2019-01-08,15,0,198,11.19,11.19,0.0,106.77985,0.0
2019-01-08,15,0,199,36.58,36.58,0.0,-1101.132924,0.0
2019-01-08,15,0,200,18.77,18.77,0.0,-565.015445,0.0
2019-01-08,15,0,204,29.89,29.89,0.0,262.174021,0.0
2019-01-08,15,0,205,33.71,33.71,0.0,299.28142,0.0
2019-01-08,15,0,206,130.94,130.94,0.0,921.844453,0.0
2019-01-08,15,0,210,2.28,2.28,0.0,15.651848,0.0
2019-01-08,15,0,214,13.43,13.43,0.0,168.678211,0.0
2019-01-08,15,0,217,8.62,8.62,0.0,86.860965,0.0
2019-01-08,15,0,218,11.89,11.89,0.0,119.811703,0.0
2019-01-08,15,0,219,8.1,8.1,0.0,81.621093,0.0
2019-01-08,15,0,221,7.16,7.16,0.0,89.92822,0.0
2019-01-08,15,0,225,6.81,6.81,0.0,44.180254,0.0
2019-01-08,15,0,233,7.79,7.79,0.0,93.576449,0.0
2019-01-08,15,0,236,0.0,0.0,0.0,0.0,0.0
2019-01-08,15,0,237,0.0,0.0,0.0,0.0,0.0
2019-01-08,15,0,238,85.17,85.17,0.0,927.40822,0.0
2019-01-08,15,0,240,12.34,12.34,0.0,116.334945,0.0
2019-01-08,15,0,245,10.44,10.44,0.0,117.197059,0.0
2019-01-08,15,0,247,12.14,12.14,0.0,136.280871,0.0
2019-01-08,15,0,248,0.0,0.0,0.0,0.0,0.0
2019-01-08,15,0,249,20.07,20.07,0.0,225.301243,0.0
2019-01-08,15,0,251,19.07,19.07,0.0,209.59514,0.0
2019-01-08,15,0,252,20.15,20.15,0.0,222.695241,0.0
2019-01-08,15,0,254,17.26,17.26,0.0,162.921457,0.0
2019-01-08,15,0,255,7.91,7.91,0.0,74.664468,0.0
2019-01-08,15,0,258,15.17,15.17,0.0,142.933857,0.0
2019-01-08,15,0,260,6.16,6.16,0.0,58.969009,0.0
2019-01-08,15,0,265,76.71,76.71,0.0,632.086263,0.0
2019-01-08,15,0,266,0.0,0.0,0.0,0.0,0.0
2019-01-08,15,0,267,0.0,0.0,0.0,0.0,0.0
2019-01-08,15,0,270,466.38,466.38,0.0,-466380.0,0.0
2019-01-08,15,0,272,117.14,117.14,0.0,-30902.407365,0.0
2019-01-08,15,0,273,25.77,25.77,0.0,-25770.0,0.0
2019-01-08,15,0,274,614.3,614.3,0.0,-614300.0,0.0
2019-01-08,15,0,275,881.73,881.73,0.0,-881730.0,0.0
2019-01-08,15,0,276,6.01,6.01,0.0,-5416.38046,0.0
2019-01-08,15,0,277,7.81,7.81,0.0,-2151.024354,0.0
2019-01-08,15,0,278,12.49,12.49,0.0,-3439.98645,0.0
2019-01-08,15,0,279,242.01,242.01,0.0,-66654.213034,0.0
2019-01-08,15,0,281,1.66,1.66,0.0,11.723548,0.0
2019-01-08,15,0,282,308.17,308.17,0.0,2176.413214,0.0
2019-01-08,16,0,9,2.47,2.47,0.0,13.927188,0.0
2019-01-08,16,0,17,38.33,38.33,0.0,379.563279,0.0
2019-01-08,16,0,19,64.16,64.16,0.0,635.34516,0.0
2019-01-08,16,0,20,80.98,80.98,0.0,801.905409,0.0
2019-01-08,16,0,21,56.57,56.57,0.0,318.972071,0.0
2019-01-08,16,0,22,201.05,201.05,0.0,1133.627981,0.0
2019-01-08,16,0,23,24.18,24.18,0.0,136.339839,0.0
2019-01-08,16,0,24,42.78,42.78,0.0,241.216638,0.0
2019-01-08,16,0,29,6.01,6.01,0.0,40.917804,0.0
2019-01-08,16,0,30,464.86,464.86,0.0,2610.058847,0.0
2019-01-08,16,0,31,15.49,15.49,0.0,86.972016,0.0
2019-01-08,16,0,32,3.81,3.81,0.0,135.360153,0.0
2019-01-08,16,0,33,2.25,2.25,0.0,24.347666,0.0
2019-01-08,16,0,34,3.6,3.6,0.0,38.956266,0.0
2019-01-08,16,0,35,3.6,3.6,0.0,38.956266,0.0
2019-01-08,16,0,36,8.73,8.73,0.0,72.528626,0.0
2019-01-08,16,0,37,4.23,4.23,0.0,34.945653,0.0
2019-01-08,16,0,38,5.44,5.44,0.0,44.941927,0.0
2019-01-08,16,0,39,3.63,3.63,0.0,29.988823,0.0
2019-01-08,16,0,40,3.63,3.63,0.0,29.988823,0.0
2019-01-08,16,0,41,0.0,0.0,0.0,0.0,0.0
2019-01-08,16,0,42,55.08,55.08,0.0,534.461935,0.0
2019-01-08,16,0,43,25.95,25.95,0.0,216.418603,0.0
2019-01-08,16,0,46,21.68,21.68,0.0,173.005121,0.0
2019-01-08,16,0,52,16.42,16.42,0.0,92.193706,0.0
2019-01-08,16,0,53,26.09,26.09,0.0,146.488051,0.0
2019-01-08,16,0,55,178.9,178.9,0.0,1008.734374,0.0
2019-01-08,16,0,56,137.12,137.12,0.0,769.890438,0.0
2019-01-08,16,0,57,130.43,130.43,0.0,732.32796,0.0
2019-01-08,16,0,58,250.83,250.83,0.0,1408.340276,0.0
2019-01-08,16,0,59,246.65,246.65,0.0,1384.870745,0.0
2019-01-08,16,0,63,51.0,51.0,0.0,5495.820465,0.0
2019-01-08,16,0,64,60.0,60.0,0.0,6465.671135,0.0
2019-01-08,16,0,65,6.36,6.36,0.0,62.744707,0.0
2019-01-08,16,0,67,257.16,257.16,0.0,-143717.847353,0.0
2019-01-08,16,0,68,34.0,34.0,0.0,-14103.641882,0.0
2019-01-08,16,0,69,2.25,2.25,0.0,24.347666,0.0
2019-01-08,16,0,74,0.0,0.0,0.0,0.0,0.0
2019-01-08,16,0,77,60.0,60.0,0.0,-17683.744008,0.0
2019-01-08,16,0,78,45.36,45.36,0.0,-13368.91047,0.0
2019-01-08,16,0,79,26.25,26.25,0.0,-7736.638003,0.0
2019-01-08,16,0,80,42.45,42.45,0.0,-12511.248886,0.0
2019-01-08,16,0,81,55.5,55.5,0.0,-16357.463207,0.0
2019-01-08,16,0,82,39.15,39.15,0.0,-11538.642965,0.0
2019-01-08,16,0,83,87.3,87.3,0.0,-25729.847531,0.0
2019-01-08,16,0,84,0.0,0.0,0.0,-0.0,0.0
2019-01-08,16,0,86,11.41,11.41,0.0,123.46972,0.0
2019-01-08,16,0,87,58.26,58.26,0.0,630.442234,0.0
2019-01-08,16,0,88,51.18,51.18,0.0,-15084.233639,0.0
2019-01-08,16,0,89,49.2,49.2,0.0,-14500.670086,0.0
2019-01-08,16,0,90,66.06,66.06,0.0,-19469.802153,0.0
2019-01-08,16,0,91,235.65,235.65,0.0,-69452.904591,0.0
2019-01-08,16,0,92,84.75,84.75,0.0,-24978.288411,0.0
2019-01-08,16,0,95,120.0,120.0,0.0,3049.643213,0.0
2019-01-08,16,0,96,16.92,16.92,0.0,94.579903,0.0
2019-01-08,16,0,97,104.04,104.04,0.0,581.565784,0.0
2019-01-08,16,0,99,0.0,0.0,0.0,0.0,0.0
2019-01-08,16,0,101,9.36,9.36,0.0,52.553781,0.0
2019-01-08,16,0,102,80.5,80.5,0.0,-33392.446221,0.0
2019-01-08,16,0,103,70.0,70.0,0.0,-29036.909758,0.0
2019-01-08,16,0,104,13.0,13.0,0.0,-5392.568955,0.0
2019-01-08,16,0,106,197.92,197.92,0.0,1115.979359,0.0
2019-01-08,16,0,109,13.39,13.39,0.0,102.664124,0.0
2019-01-08,16,0,110,338.6,338.6,0.0,-338600.0,0.0
2019-01-08,16,0,111,15.41,15.41,0.0,106.615249,0.0
2019-01-08,16,0,113,45.0,45.0,0.0,-11965.671243,0.0
2019-01-08,16,0,115,45.0,45.0,0.0,-11965.671243,0.0
2019-01-08,16,0,116,91.03,91.03,0.0,-91030.0,0.0
2019-01-08,16,0,117,3.0,3.0,0.0,-797.711416,0.0
2019-01-08,16,0,119,60.0,60.0,0.0,6465.671135,0.0
2019-01-08,16,0,120,35.28,35.28,0.0,3801.814627,0.0
2019-01-08,16,0,123,3.3,3.3,0.0,18.607174,0.0
2019-01-08,16,0,125,38.71,38.71,0.0,218.26779,0.0
2019-01-08,16,0,126,148.44,148.44,0.0,836.984519,0.0
2019-01-08,16,0,127,190.49,190.49,0.0,1074.085024,0.0
2019-01-08,16,0,128,55.45,55.45,0.0,312.656909,0.0
2019-01-08,16,0,131,30.0,30.0,0.0,-11290.230438,0.0
2019-01-08,16,0,132,44.1,44.1,0.0,-16596.638743,0.0
2019-01-08,16,0,133,7.16,7.16,0.0,70.926939,0.0
2019-01-08,16,0,134,0.0,0.0,0.0,0.0,0.0
2019-01-08,16,0,135,9.1,9.1,0.0,90.144573,0.0
2019-01-08,16,0,136,5.35,5.35,0.0,52.769667,0.0
2019-01-08,16,0,139,0.0,0.0,0.0,0.0,0.0
2019-01-08,16,0,140,250.6,250.6,0.0,-250600.0,0.0
2019-01-08,16,0,141,230.0,230.0,0.0,-128539.060862,0.0
2019-01-08,16,0,142,339.13,339.13,0.0,-189528.050913,0.0
2019-01-08,16,0,143,28.86,28.86,0.0,162.040826,0.0
2019-01-08,16,0,145,11.97,11.97,0.0,76.336468,0.0
2019-01-08,16,0,146,268.0,268.0,0.0,-268000.0,0.0
2019-01-08,16,0,152,6.8,6.8,0.0,60.112697,0.0
2019-01-08,16,0,153,8.44,8.44,0.0,74.20331,0.0
2019-01-08,16,0,154,63.56,63.56,0.0,439.744661,0.0
2019-01-08,16,0,157,246.78,246.78,0.0,-137916.82365,0.0
2019-01-08,16,0,158,258.03,258.03,0.0,-144204.060322,0.0
2019-01-08,16,0,159,0.0,0.0,0.0,0.0,0.0
2019-01-08,16,0,160,2.0,2.0,0.0,17.326605,0.0
2019-01-08,16,0,161,48.81,48.81,0.0,-20247.022361,0.0
2019-01-08,16,0,162,162.5,162.5,0.0,4258.405693,0.0
2019-01-08,16,0,163,146.36,146.36,0.0,-146360.0,0.0
2019-01-08,16,0,164,16.08,16.08,0.0,90.284701,0.0
2019-01-08,16,0,167,4.25,4.25,0.0,96.927073,0.0
2019-01-08,16,0,168,2.13,2.13,0.0,48.577568,0.0
2019-01-08,16,0,169,0.0,0.0,0.0,0.0,0.0
2019-01-08,16,0,170,4.65,4.65,0.0,106.049621,0.0
2019-01-08,16,0,172,5.83,5.83,0.0,68.714882,0.0
2019-01-08,16,0,173,8.89,8.89,0.0,104.781355,0.0
2019-01-08,16,0,188,7.79,7.79,0.0,150.923291,0.0
2019-01-08,16,0,190,7.14,7.14,0.0,231.532758,0.0
2019-01-08,16,0,191,18.45,18.45,0.0,598.288429,0.0
2019-01-08,16,0,192,332.6,332.6,0.0,10785.405497,0.0
2019-01-08,16,0,194,52.95,52.95,0.0,-6977.905237,0.0
2019-01-08,16,0,196,4.73,4.73,0.0,1228.898037,0.0
2019-01-08,16,0,198,8.81,8.81,0.0,78.903322,0.0
2019-01-08,16,0,199,57.28,57.28,0.0,-1752.155459,0.0
2019-01-08,16,0,200,15.1,15.1,0.0,-461.898524,0.0
2019-01-08,16,0,204,60.28,60.28,0.0,455.44347,0.0
2019-01-08,16,0,205,70.83,70.83,0.0,543.06945,0.0
2019-01-08,16,0,206,305.7,305.7,0.0,1708.81065,0.0
2019-01-08,16,0,210,1.86,1.86,0.0,13.234804,0.0
2019-01-08,16,0,214,10.74,10.74,0.0,122.065881,0.0
2019-01-08,16,0,217,7.19,7.19,0.0,68.409488,0.0
2019-01-08,16,0,218,9.93,9.93,0.0,94.479306,0.0
2019-01-08,16,0,219,6.76,6.76,0.0,64.318239,0.0
2019-01-08,16,0,221,5.73,5.73,0.0,65.124535,0.0
2019-01-08,16,0,225,5.49,5.49,0.0,37.214622,0.0
2019-01-08,16,0,233,6.46,6.46,0.0,69.904855,0.0
2019-01-08,16,0,236,3.62,3.62,0.0,34.003394,0.0
2019-01-08,16,0,237,0.0,0.0,0.0,0.0,0.0
2019-01-08,16,0,238,71.69,71.69,0.0,695.635005,0.0
2019-01-08,16,0,240,9.89,9.89,0.0,82.165877,0.0
2019-01-08,16,0,245,16.5,16.5,0.0,165.635943,0.0
2019-01-08,16,0,247,20.84,20.84,0.0,209.203215,0.0
2019-01-08,16,0,248,0.0,0.0,0.0,0.0,0.0
2019-01-08,16,0,249,31.73,31.73,0.0,318.522937,0.0
2019-01-08,16,0,251,38.42,38.42,0.0,376.699852,0.0
2019-01-08,16,0,252,41.05,41.05,0.0,404.979593,0.0
2019-01-08,16,0,254,14.58,14.58,0.0,122.778197,0.0
2019-01-08,16,0,255,6.68,6.68,0.0,56.252288,0.0
2019-01-08,16,0,258,11.97,11.97,0.0,99.50805,0.0
2019-01-08,16,0,260,4.87,4.87,0.0,42.190284,0.0
2019-01-08,16,0,265,65.81,65.81,0.0,455.311456,0.0
2019-01-08,16,0,266,0.0,0.0,0.0,0.0,0.0
2019-01-08,16,0,267,0.0,0.0,0.0,0.0,0.0
2019-01-08,16,0,270,395.58,395.58,0.0,-395580.0,0.0
2019-01-08,16,0,272,150.39,150.39,0.0,-39989.273293,0.0
2019-01-08,16,0,273,21.77,21.77,0.0,-21770.0,0.0
2019-01-08,16,0,274,493.67,493.67,0.0,-493670.0,0.0
2019-01-08,16,0,275,661.83,661.83,0.0,-661830.0,0.0
2019-01-08,16,0,276,4.98,4.98,0.0,-4489.489789,0.0
2019-01-08,16,0,277,6.35,6.35,0.0,-1761.873018,0.0
2019-01-08,16,0,278,10.15,10.15,0.0,-2816.222226,0.0
2019-01-08,16,0,279,604.22,604.22,0.0,-167647.073259,0.0
2019-01-08,16,0,281,6.95,6.95,0.0,39.022306,0.0
2019-01-08,16,0,282,255.01,255.01,0.0,1431.809806,0.0
2019-01-08,17,0,9,1.67,1.67,0.0,10.322225,0.0
2019-01-08,17,0,17,25.99,25.99,0.0,258.273856,0.0
2019-01-08,17,0,19,56.03,56.03,0.0,556.79431,0.0
2019-01-08,17,0,20,67.47,67.47,0.0,670.478532,0.0
2019-01-08,17,0,21,38.22,38.22,0.0,236.236782,0.0
2019-01-08,17,0,22,135.82,135.82,0.0,839.499732,0.0
2019-01-08,17,0,23,34.9,34.9,0.0,215.715952,0.0
2019-01-08,17,0,24,62.09,62.09,0.0,383.776604,0.0
2019-01-08,17,0,29,3.96,3.96,0.0,33.442918,0.0
2019-01-08,17,0,30,318.93,318.93,0.0,1964.331829,0.0
2019-01-08,17,0,31,23.84,23.84,0.0,146.833696,0.0
2019-01-08,17,0,32,2.54,2.54,0.0,101.899274,0.0
2019-01-08,17,0,33,1.52,1.52,0.0,16.266967,0.0
2019-01-08,17,0,34,2.44,2.44,0.0,26.112762,0.0
2019-01-08,17,0,35,2.44,2.44,0.0,26.112762,0.0
2019-01-08,17,0,36,6.04,6.04,0.0,52.271608,0.0
2019-01-08,17,0,37,2.88,2.88,0.0,24.832895,0.0
2019-01-08,17,0,38,3.7,3.7,0.0,31.903372,0.0
2019-01-08,17,0,39,2.47,2.47,0.0,21.297657,0.0
2019-01-08,17,0,40,2.47,2.47,0.0,21.297657,0.0
2019-01-08,17,0,41,0.0,0.0,0.0,0.0,0.0
2019-01-08,17,0,42,37.58,37.58,0.0,367.220893,0.0
2019-01-08,17,0,43,17.51,17.51,0.0,152.844986,0.0
2019-01-08,17,0,46,14.95,14.95,0.0,125.180084,0.0
2019-01-08,17,0,52,25.27,25.27,0.0,155.641255,0.0
2019-01-08,17,0,53,40.15,40.15,0.0,247.289132,0.0
2019-01-08,17,0,55,252.54,252.54,0.0,1560.942883,0.0
2019-01-08,17,0,56,94.07,94.07,0.0,579.389506,0.0
2019-01-08,17,0,57,89.48,89.48,0.0,551.119092,0.0
2019-01-08,17,0,58,172.08,172.08,0.0,1059.863359,0.0
2019-01-08,17,0,59,169.22,169.22,0.0,1042.248243,0.0
2019-01-08,17,0,63,95.49,95.49,0.0,10637.413149,0.0
2019-01-08,17,0,64,112.31,112.31,0.0,12511.130703,0.0
2019-01-08,17,0,65,6.92,6.92,0.0,68.553999,0.0
2019-01-08,17,0,67,174.2,174.2,0.0,-97108.695896,0.0
2019-01-08,17,0,68,19.11,19.11,0.0,-7891.3252,0.0
2019-01-08,17,0,69,1.52,1.52,0.0,16.266967,0.0
2019-01-08,17,0,74,0.0,0.0,0.0,0.0,0.0
2019-01-08,17,0,77,60.0,60.0,0.0,-17549.242045,0.0
2019-01-08,17,0,78,45.36,45.36,0.0,-13267.226986,0.0
2019-01-08,17,0,79,26.25,26.25,0.0,-7677.793395,0.0
2019-01-08,17,0,80,42.45,42.45,0.0,-12416.088747,0.0
2019-01-08,17,0,81,55.5,55.5,0.0,-16233.048892,0.0
2019-01-08,17,0,82,39.15,39.15,0.0,-11450.880435,0.0
2019-01-08,17,0,83,87.3,87.3,0.0,-25534.147176,0.0
2019-01-08,17,0,84,0.0,0.0,0.0,0.0,0.0
2019-01-08,17,0,86,7.71,7.71,0.0,82.512047,0.0
2019-01-08,17,0,87,39.38,39.38,0.0,421.442857,0.0
2019-01-08,17,0,88,49.97,49.97,0.0,-14615.59375,0.0
2019-01-08,17,0,89,48.04,48.04,0.0,-14051.093131,0.0
2019-01-08,17,0,90,64.5,64.5,0.0,-18865.435199,0.0
2019-01-08,17,0,91,230.1,230.1,0.0,-67301.343244,0.0
2019-01-08,17,0,92,82.75,82.75,0.0,-24203.329654,0.0
2019-01-08,17,0,95,120.0,120.0,0.0,3049.643213,0.0
2019-01-08,17,0,96,14.12,14.12,0.0,86.64463,0.0
2019-01-08,17,0,97,86.85,86.85,0.0,532.938113,0.0
2019-01-08,17,0,99,0.0,0.0,0.0,0.0,0.0
2019-01-08,17,0,101,6.42,6.42,0.0,39.541625,0.0
2019-01-08,17,0,102,45.19,45.19,0.0,-18660.857446,0.0
2019-01-08,17,0,103,39.3,39.3,0.0,-16228.627963,0.0
2019-01-08,17,0,104,7.33,7.33,0.0,-3026.866233,0.0
2019-01-08,17,0,106,133.71,133.71,0.0,826.457879,0.0
2019-01-08,17,0,109,14.72,14.72,0.0,118.506773,0.0
2019-01-08,17,0,110,279.67,279.67,0.0,-279670.0,0.0
2019-01-08,17,0,111,11.29,11.29,0.0,82.900983,0.0
2019-01-08,17,0,113,44.65,44.65,0.0,-11766.490447,0.0
2019-01-08,17,0,115,44.65,44.65,0.0,-11766.490447,0.0
2019-01-08,17,0,116,62.92,62.92,0.0,-62920.0,0.0
2019-01-08,17,0,117,2.98,2.98,0.0,-785.311121,0.0
2019-01-08,17,0,119,112.31,112.31,0.0,12511.130703,0.0
2019-01-08,17,0,120,66.1,66.1,0.0,7363.420349,0.0
2019-01-08,17,0,123,2.23,2.23,0.0,13.783569,0.0
2019-01-08,17,0,125,56.12,56.12,0.0,346.876196,0.0
2019-01-08,17,0,126,100.28,100.28,0.0,619.827957,0.0
2019-01-08,17,0,127,128.69,128.69,0.0,795.429396,0.0
2019-01-08,17,0,128,80.77,80.77,0.0,499.237177,0.0
2019-01-08,17,0,131,30.0,30.0,0.0,-11230.41638,0.0
2019-01-08,17,0,132,44.1,44.1,0.0,-16508.712079,0.0
2019-01-08,17,0,133,18.17,18.17,0.0,180.615838,0.0
2019-01-08,17,0,134,0.0,0.0,0.0,0.0,0.0
2019-01-08,17,0,135,23.79,23.79,0.0,236.480506,0.0
2019-01-08,17,0,136,7.45,7.45,0.0,73.791931,0.0
2019-01-08,17,0,139,0.0,0.0,0.0,0.0,0.0
2019-01-08,17,0,140,206.98,206.98,0.0,-206980.0,0.0
2019-01-08,17,0,141,230.0,230.0,0.0,-128214.696074,0.0
2019-01-08,17,0,142,229.73,229.73,0.0,-128064.18317,0.0
2019-01-08,17,0,143,39.04,39.04,0.0,240.452496,0.0
2019-01-08,17,0,145,10.76,10.76,0.0,73.832083,0.0
2019-01-08,17,0,146,201.16,201.16,0.0,-201160.0,0.0
2019-01-08,17,0,152,4.64,4.64,0.0,42.025686,0.0
2019-01-08,17,0,153,5.74,5.74,0.0,51.759718,0.0
2019-01-08,17,0,154,46.59,46.59,0.0,342.104233,0.0
2019-01-08,17,0,157,167.21,167.21,0.0,-93212.084046,0.0
2019-01-08,17,0,158,176.77,176.77,0.0,-98541.355761,0.0
2019-01-08,17,0,159,0.0,0.0,0.0,0.0,0.0
2019-01-08,17,0,160,1.36,1.36,0.0,12.385687,0.0
2019-01-08,17,0,161,33.4,33.4,0.0,-13792.269057,0.0
2019-01-08,17,0,162,162.5,162.5,0.0,4258.20429,0.0
2019-01-08,17,0,163,185.4,185.4,0.0,-185400.0,0.0
2019-01-08,17,0,164,11.34,11.34,0.0,69.844552,0.0
2019-01-08,17,0,167,2.81,2.81,0.0,63.607754,0.0
2019-01-08,17,0,168,1.41,1.41,0.0,31.917058,0.0
2019-01-08,17,0,169,0.0,0.0,0.0,0.0,0.0
2019-01-08,17,0,170,3.08,3.08,0.0,69.719531,0.0
2019-01-08,17,0,172,3.88,3.88,0.0,57.655357,0.0
2019-01-08,17,0,173,5.91,5.91,0.0,87.820403,0.0
2019-01-08,17,0,188,5.2,5.2,0.0,118.822585,0.0
2019-01-08,17,0,190,4.86,4.86,0.0,157.597928,0.0
2019-01-08,17,0,191,12.55,12.55,0.0,406.965842,0.0
2019-01-08,17,0,192,332.6,332.6,0.0,10785.405497,0.0
2019-01-08,17,0,194,52.95,52.95,0.0,-6827.250331,0.0
2019-01-08,17,0,196,3.25,3.25,0.0,857.965174,0.0
2019-01-08,17,0,198,5.96,5.96,0.0,57.167751,0.0
2019-01-08,17,0,199,52.53,52.53,0.0,-1519.453893,0.0
2019-01-08,17,0,200,10.2,10.2,0.0,-295.039591,0.0
2019-01-08,17,0,204,65.34,65.34,0.0,519.69106,0.0
2019-01-08,17,0,205,77.86,77.86,0.0,626.82998,0.0
2019-01-08,17,0,206,255.22,255.22,0.0,1566.107832,0.0
2019-01-08,17,0,210,1.23,1.23,0.0,10.669782,0.0
2019-01-08,17,0,214,7.21,7.21,0.0,80.425599,0.0
2019-01-08,17,0,217,4.75,4.75,0.0,47.864221,0.0
2019-01-08,17,0,218,6.56,6.56,0.0,66.103008,0.0
2019-01-08,17,0,219,4.47,4.47,0.0,45.042751,0.0
2019-01-08,17,0,221,3.84,3.84,0.0,42.834161,0.0
2019-01-08,17,0,225,3.64,3.64,0.0,30.659807,0.0
2019-01-08,17,0,233,4.36,4.36,0.0,46.660509,0.0
2019-01-08,17,0,236,8.47,8.47,0.0,80.588493,0.0
2019-01-08,17,0,237,0.0,0.0,0.0,0.0,0.0
2019-01-08,17,0,238,48.91,48.91,0.0,477.934377,0.0
2019-01-08,17,0,240,6.84,6.84,0.0,59.195,0.0
2019-01-08,17,0,245,18.77,18.77,0.0,188.650442,0.0
2019-01-08,17,0,247,23.22,23.22,0.0,233.375773,0.0
2019-01-08,17,0,248,0.0,0.0,0.0,0.0,0.0
2019-01-08,17,0,249,36.1,36.1,0.0,362.827967,0.0
2019-01-08,17,0,251,37.28,37.28,0.0,367.435554,0.0
2019-01-08,17,0,252,44.67,44.67,0.0,442.529932,0.0
2019-01-08,17,0,254,9.94,9.94,0.0,87.709494,0.0
2019-01-08,17,0,255,4.55,4.55,0.0,40.148712,0.0
2019-01-08,17,0,258,8.34,8.34,0.0,72.277075,0.0
2019-01-08,17,0,260,3.31,3.31,0.0,30.144576,0.0
2019-01-08,17,0,265,48.24,48.24,0.0,354.219966,0.0
2019-01-08,17,0,266,0.0,0.0,0.0,0.0,0.0
2019-01-08,17,0,267,0.0,0.0,0.0,0.0,0.0
2019-01-08,17,0,270,578.99,578.99,0.0,-578990.0,0.0
2019-01-08,17,0,272,149.22,149.22,0.0,-39323.532015,0.0
2019-01-08,17,0,273,15.04,15.04,0.0,-15040.0,0.0
2019-01-08,17,0,274,746.39,746.39,0.0,-746390.0,0.0
2019-01-08,17,0,275,1038.99,1038.99,0.0,-1038990.0,0.0
2019-01-08,17,0,276,3.44,3.44,0.0,-3100.090461,0.0
2019-01-08,17,0,277,4.34,4.34,0.0,-1194.098102,0.0
2019-01-08,17,0,278,6.95,6.95,0.0,-1912.20779,0.0
2019-01-08,17,0,279,264.6,264.6,0.0,-72801.464908,0.0
2019-01-08,17,0,281,10.7,10.7,0.0,65.902708,0.0
2019-01-08,17,0,282,174.95,174.95,0.0,1077.540067,0.0
2019-01-08,18,0,9,0.83,0.83,0.0,10.281841,0.0
2019-01-08,18,0,17,11.96,11.96,0.0,116.863978,0.0
2019-01-08,18,0,19,67.0,67.0,0.0,654.672786,0.0
2019-01-08,18,0,20,81.59,81.59,0.0,797.235114,0.0
2019-01-08,18,0,21,19.06,19.06,0.0,236.110708,0.0
2019-01-08,18,0,22,67.73,67.73,0.0,839.022993,0.0
2019-01-08,18,0,23,71.37,71.37,0.0,884.11444,0.0
2019-01-08,18,0,24,126.64,126.64,0.0,1568.785942,0.0
2019-01-08,18,0,29,1.47,1.47,0.0,7.673706,0.0
2019-01-08,18,0,30,167.69,167.69,0.0,2080.507183,0.0
2019-01-08,18,0,31,26.6,26.6,0.0,330.022608,0.0
2019-01-08,18,0,32,0.95,0.95,0.0,42.679555,0.0
2019-01-08,18,0,33,0.68,0.68,0.0,6.420403,0.0
2019-01-08,18,0,34,1.08,1.08,0.0,10.197111,0.0
2019-01-08,18,0,35,1.08,1.08,0.0,10.197111,0.0
2019-01-08,18,0,36,2.75,2.75,0.0,27.814051,0.0
2019-01-08,18,0,37,1.31,1.31,0.0,13.223092,0.0
2019-01-08,18,0,38,1.69,1.69,0.0,17.058798,0.0
2019-01-08,18,0,39,1.13,1.13,0.0,11.406178,0.0
2019-01-08,18,0,40,1.13,1.13,0.0,11.406178,0.0
2019-01-08,18,0,41,2.14,2.14,0.0,24.446116,0.0
2019-01-08,18,0,42,19.14,19.14,0.0,188.388366,0.0
2019-01-08,18,0,43,7.79,7.79,0.0,76.735107,0.0
2019-01-08,18,0,46,6.65,6.65,0.0,68.319885,0.0
2019-01-08,18,0,52,28.2,28.2,0.0,349.873591,0.0
2019-01-08,18,0,53,44.81,44.81,0.0,555.951618,0.0
2019-01-08,18,0,55,262.85,262.85,0.0,3256.122748,0.0
2019-01-08,18,0,56,49.46,49.46,0.0,613.64354,0.0
2019-01-08,18,0,57,47.05,47.05,0.0,583.742996,0.0
2019-01-08,18,0,58,90.48,90.48,0.0,1122.57314,0.0
2019-01-08,18,0,59,88.97,88.97,0.0,1103.838774,0.0
2019-01-08,18,0,63,170.0,170.0,0.0,19489.575165,0.0
2019-01-08,18,0,64,200.0,200.0,0.0,22928.911958,0.0
2019-01-08,18,0,65,7.54,7.54,0.0,73.775146,0.0
2019-01-08,18,0,67,85.99,85.99,0.0,-47928.832387,0.0
2019-01-08,18,0,68,10.2,10.2,0.0,-4210.949704,0.0
2019-01-08,18,0,69,0.68,0.68,0.0,6.420403,0.0
2019-01-08,18,0,74,3.9,3.9,0.0,39.718703,0.0
2019-01-08,18,0,77,51.19,51.19,0.0,-14979.543087,0.0
2019-01-08,18,0,78,38.7,38.7,0.0,-11324.639919,0.0
2019-01-08,18,0,79,22.4,22.4,0.0,-6554.830341,0.0
2019-01-08,18,0,80,36.22,36.22,0.0,-10598.92656,0.0
2019-01-08,18,0,81,47.35,47.35,0.0,-13855.857885,0.0
2019-01-08,18,0,82,33.4,33.4,0.0,-9773.72024,0.0
2019-01-08,18,0,83,74.48,74.48,0.0,-21794.810883,0.0
2019-01-08,18,0,84,0.0,0.0,0.0,0.0,0.0
2019-01-08,18,0,86,3.43,3.43,0.0,32.385269,0.0
2019-01-08,18,0,87,17.54,17.54,0.0,165.608633,0.0
2019-01-08,18,0,88,38.74,38.74,0.0,-11336.344973,0.0
2019-01-08,18,0,89,37.24,37.24,0.0,-10897.405441,0.0
2019-01-08,18,0,90,50.0,50.0,0.0,-14631.317725,0.0
2019-01-08,18,0,91,178.37,178.37,0.0,-52195.762851,0.0
2019-01-08,18,0,92,64.15,64.15,0.0,-18771.980641,0.0
2019-01-08,18,0,95,120.0,120.0,0.0,3049.643213,0.0
2019-01-08,18,0,96,11.9,11.9,0.0,147.879293,0.0
2019-01-08,18,0,97,73.19,73.19,0.0,909.519788,0.0
2019-01-08,18,0,99,0.75,0.75,0.0,7.638212,0.0
2019-01-08,18,0,101,3.38,3.38,0.0,41.935204,0.0
2019-01-08,18,0,102,24.15,24.15,0.0,-9970.042682,0.0
2019-01-08,18,0,103,21.0,21.0,0.0,-8669.602332,0.0
2019-01-08,18,0,104,3.9,3.9,0.0,-1610.069005,0.0
2019-01-08,18,0,106,66.67,66.67,0.0,825.891967,0.0
2019-01-08,18,0,109,17.12,17.12,0.0,183.379008,0.0
2019-01-08,18,0,110,171.2,171.2,0.0,-171200.0,0.0
2019-01-08,18,0,111,5.63,5.63,0.0,64.313848,0.0
2019-01-08,18,0,113,32.41,32.41,0.0,-8517.122796,0.0
2019-01-08,18,0,115,32.41,32.41,0.0,-8517.122796,0.0
2019-01-08,18,0,116,28.08,28.08,0.0,-28080.0,0.0
2019-01-08,18,0,117,2.16,2.16,0.0,-567.632991,0.0
2019-01-08,18,0,119,200.0,200.0,0.0,22928.911958,0.0
2019-01-08,18,0,120,117.6,117.6,0.0,13482.200232,0.0
2019-01-08,18,0,123,1.11,1.11,0.0,13.750414,0.0
2019-01-08,18,0,125,114.53,114.53,0.0,1418.770167,0.0
2019-01-08,18,0,126,50.0,50.0,0.0,619.388006,0.0
2019-01-08,18,0,127,64.17,64.17,0.0,794.922567,0.0
2019-01-08,18,0,128,164.46,164.46,0.0,2037.291029,0.0
2019-01-08,18,0,131,30.0,30.0,0.0,-11227.091868,0.0
2019-01-08,18,0,132,44.1,44.1,0.0,-16503.825046,0.0
2019-01-08,18,0,133,25.9,25.9,0.0,253.04263,0.0
2019-01-08,18,0,134,0.0,0.0,0.0,0.0,0.0
2019-01-08,18,0,135,34.7,34.7,0.0,339.018504,0.0
2019-01-08,18,0,136,10.12,10.12,0.0,99.026532,0.0
2019-01-08,18,0,139,2.76,2.76,0.0,31.528636,0.0
2019-01-08,18,0,140,126.7,126.7,0.0,-126700.0,0.0
2019-01-08,18,0,141,230.0,230.0,0.0,-128196.667625,0.0
2019-01-08,18,0,142,113.4,113.4,0.0,-63206.530907,0.0
2019-01-08,18,0,143,39.47,39.47,0.0,489.698959,0.0
2019-01-08,18,0,145,10.09,10.09,0.0,118.841092,0.0
2019-01-08,18,0,146,125.42,125.42,0.0,-125420.0,0.0
2019-01-08,18,0,152,2.18,2.18,0.0,22.086717,0.0
2019-01-08,18,0,153,2.68,2.68,0.0,27.195215,0.0
2019-01-08,18,0,154,23.24,23.24,0.0,265.480255,0.0
2019-01-08,18,0,157,108.88,108.88,0.0,-60687.1877,0.0
2019-01-08,18,0,158,86.49,86.49,0.0,-48207.520795,0.0
2019-01-08,18,0,159,0.0,0.0,0.0,0.0,0.0
2019-01-08,18,0,160,0.59,0.59,0.0,5.407367,0.0
2019-01-08,18,0,161,15.98,15.98,0.0,-6597.154537,0.0
2019-01-08,18,0,162,115.26,115.26,0.0,3019.025161,0.0
2019-01-08,18,0,163,185.4,185.4,0.0,-185400.0,0.0
2019-01-08,18,0,164,6.29,6.29,0.0,78.039181,0.0
2019-01-08,18,0,167,1.01,1.01,0.0,22.693748,0.0
2019-01-08,18,0,168,0.5,0.5,0.0,11.234529,0.0
2019-01-08,18,0,169,0.0,0.0,0.0,0.0,0.0
2019-01-08,18,0,170,1.1,1.1,0.0,24.715964,0.0
2019-01-08,18,0,172,1.43,1.43,0.0,27.341373,0.0
2019-01-08,18,0,173,2.18,2.18,0.0,41.681254,0.0
2019-01-08,18,0,188,1.96,1.96,0.0,52.311063,0.0
2019-01-08,18,0,190,2.01,2.01,0.0,65.17939,0.0
2019-01-08,18,0,191,5.2,5.2,0.0,168.623297,0.0
2019-01-08,18,0,192,233.51,233.51,0.0,7572.158863,0.0
2019-01-08,18,0,194,81.22,81.22,0.0,-10344.974801,0.0
2019-01-08,18,0,196,1.41,1.41,0.0,376.871481,0.0
2019-01-08,18,0,198,2.48,2.48,0.0,19.342754,0.0
2019-01-08,18,0,199,48.09,48.09,0.0,-1605.925567,0.0
2019-01-08,18,0,200,4.08,4.08,0.0,-136.248208,0.0
2019-01-08,18,0,204,74.11,74.11,0.0,798.373618,0.0
2019-01-08,18,0,205,90.57,90.57,0.0,970.13065,0.0
2019-01-08,18,0,206,215.06,215.06,0.0,2672.514354,0.0
2019-01-08,18,0,210,0.45,0.45,0.0,2.361187,0.0
2019-01-08,18,0,214,2.91,2.91,0.0,26.910998,0.0
2019-01-08,18,0,217,1.84,1.84,0.0,13.789673,0.0
2019-01-08,18,0,218,2.54,2.54,0.0,19.035744,0.0
2019-01-08,18,0,219,1.73,1.73,0.0,12.96529,0.0
2019-01-08,18,0,221,1.55,1.55,0.0,14.334037,0.0
2019-01-08,18,0,225,1.37,1.37,0.0,7.14813,0.0
2019-01-08,18,0,233,1.94,1.94,0.0,18.317032,0.0
2019-01-08,18,0,236,16.89,16.89,0.0,168.033351,0.0
2019-01-08,18,0,237,9.37,9.37,0.0,95.426729,0.0
2019-01-08,18,0,238,24.91,24.91,0.0,245.180471,0.0
2019-01-08,18,0,240,3.12,3.12,0.0,31.556305,0.0
2019-01-08,18,0,245,21.27,21.27,0.0,206.796527,0.0
2019-01-08,18,0,247,26.15,26.15,0.0,254.242087,0.0
2019-01-08,18,0,248,0.94,0.94,0.0,9.573226,0.0
2019-01-08,18,0,249,40.9,40.9,0.0,397.648235,0.0
2019-01-08,18,0,251,36.86,36.86,0.0,361.459612,0.0
2019-01-08,18,0,252,48.62,48.62,0.0,475.722494,0.0
2019-01-08,18,0,254,4.35,4.35,0.0,42.101314,0.0
2019-01-08,18,0,255,1.99,1.99,0.0,19.260142,0.0
2019-01-08,18,0,258,3.79,3.79,0.0,38.171382,0.0
2019-01-08,18,0,260,1.44,1.44,0.0,13.19764,0.0
2019-01-08,18,0,265,24.07,24.07,0.0,274.961693,0.0
2019-01-08,18,0,266,1.79,1.79,0.0,20.44792,0.0
2019-01-08,18,0,267,2.2,2.2,0.0,25.131522,0.0
2019-01-08,18,0,270,579.0,579.0,0.0,-579000.0,0.0
2019-01-08,18,0,272,108.32,108.32,0.0,-28465.743329,0.0
2019-01-08,18,0,273,6.71,6.71,0.0,-6710.0,0.0
2019-01-08,18,0,274,746.4,746.4,0.0,-746400.0,0.0
2019-01-08,18,0,275,1039.0,1039.0,0.0,-1039000.0,0.0
2019-01-08,18,0,276,1.56,1.56,0.0,-1405.827674,0.0
2019-01-08,18,0,277,2.0,2.0,0.0,-549.507408,0.0
2019-01-08,18,0,278,3.2,3.2,0.0,-879.211853,0.0
2019-01-08,18,0,279,260.08,260.08,0.0,-71457.943351,0.0
2019-01-08,18,0,281,11.93,11.93,0.0,148.013899,0.0
2019-01-08,18,0,282,91.99,91.99,0.0,1141.307506,0.0
2019-01-08,19,0,9,0.0,0.0,0.0,0.0,0.0
2019-01-08,19,0,17,0.0,0.0,0.0,0.0,0.0
2019-01-08,19,0,19,126.56,126.56,0.0,2053.463945,0.0
2019-01-08,19,0,20,153.83,153.83,0.0,2495.925716,0.0
2019-01-08,19,0,21,0.0,0.0,0.0,0.0,0.0
2019-01-08,19,0,22,0.0,0.0,0.0,0.0,0.0
2019-01-08,19,0,23,84.59,84.59,0.0,1050.998462,0.0
2019-01-08,19,0,24,149.66,149.66,0.0,1859.468374,0.0
2019-01-08,19,0,29,0.0,0.0,0.0,0.0,0.0
2019-01-08,19,0,30,0.0,0.0,0.0,0.0,0.0
2019-01-08,19,0,31,15.95,15.95,0.0,197.889496,0.0
2019-01-08,19,0,32,0.0,0.0,0.0,0.0,0.0
2019-01-08,19,0,33,0.0,0.0,0.0,0.0,0.0
2019-01-08,19,0,34,0.0,0.0,0.0,0.0,0.0
2019-01-08,19,0,35,0.0,0.0,0.0,0.0,0.0
2019-01-08,19,0,36,0.0,0.0,0.0,0.0,0.0
2019-01-08,19,0,37,0.0,0.0,0.0,0.0,0.0
2019-01-08,19,0,38,0.0,0.0,0.0,0.0,0.0
2019-01-08,19,0,39,0.0,0.0,0.0,0.0,0.0
2019-01-08,19,0,40,0.0,0.0,0.0,0.0,0.0
2019-01-08,19,0,41,6.43,6.43,0.0,86.336136,0.0
2019-01-08,19,0,42,0.0,0.0,0.0,0.0,0.0
2019-01-08,19,0,43,0.0,0.0,0.0,0.0,0.0
2019-01-08,19,0,46,0.0,0.0,0.0,0.0,0.0
2019-01-08,19,0,52,16.91,16.91,0.0,209.800086,0.0
2019-01-08,19,0,53,26.86,26.86,0.0,333.248392,0.0
2019-01-08,19,0,55,149.03,149.03,0.0,1851.640865,0.0
2019-01-08,19,0,56,0.0,0.0,0.0,0.0,0.0
2019-01-08,19,0,57,0.0,0.0,0.0,0.0,0.0
2019-01-08,19,0,58,0.0,0.0,0.0,0.0,0.0
2019-01-08,19,0,59,0.0,0.0,0.0,0.0,0.0
2019-01-08,19,0,63,119.94,119.94,0.0,1851.844965,0.0
2019-01-08,19,0,64,141.1,141.1,0.0,2178.550313,0.0
2019-01-08,19,0,65,8.2,8.2,0.0,132.716558,0.0
2019-01-08,19,0,67,0.0,0.0,0.0,0.0,0.0
2019-01-08,19,0,68,10.46,10.46,0.0,93.505788,0.0
2019-01-08,19,0,69,0.0,0.0,0.0,0.0,0.0
2019-01-08,19,0,74,10.3,10.3,0.0,155.528927,0.0
2019-01-08,19,0,77,41.19,41.19,0.0,442.171383,0.0
2019-01-08,19,0,78,31.14,31.14,0.0,334.28543,0.0
2019-01-08,19,0,79,18.02,18.02,0.0,193.443271,0.0
2019-01-08,19,0,80,29.14,29.14,0.0,312.815589,0.0
2019-01-08,19,0,81,38.1,38.1,0.0,409.000478,0.0
2019-01-08,19,0,82,26.87,26.87,0.0,288.447319,0.0
2019-01-08,19,0,83,59.93,59.93,0.0,643.343797,0.0
2019-01-08,19,0,84,0.0,0.0,0.0,0.0,0.0
2019-01-08,19,0,86,0.0,0.0,0.0,0.0,0.0
2019-01-08,19,0,87,0.0,0.0,0.0,0.0,0.0
2019-01-08,19,0,88,29.74,29.74,0.0,319.256541,0.0
2019-01-08,19,0,89,28.59,28.59,0.0,306.911383,0.0
2019-01-08,19,0,90,38.39,38.39,0.0,412.113605,0.0
2019-01-08,19,0,91,136.95,136.95,0.0,1470.147388,0.0
2019-01-08,19,0,92,49.25,49.25,0.0,528.694844,0.0
2019-01-08,19,0,95,99.22,99.22,0.0,1428.164651,0.0
2019-01-08,19,0,96,10.24,10.24,0.0,126.856304,0.0
2019-01-08,19,0,97,62.98,62.98,0.0,780.215823,0.0
2019-01-08,19,0,99,1.99,1.99,0.0,30.048793,0.0
2019-01-08,19,0,101,0.0,0.0,0.0,0.0,0.0
2019-01-08,19,0,102,29.93,29.93,0.0,267.55528,0.0
2019-01-08,19,0,103,25.11,25.11,0.0,224.467527,0.0
2019-01-08,19,0,104,3.58,3.58,0.0,32.002937,0.0
2019-01-08,19,0,106,0.0,0.0,0.0,0.0,0.0
2019-01-08,19,0,109,20.72,20.72,0.0,287.983033,0.0
2019-01-08,19,0,110,96.74,96.74,0.0,70.758145,0.0
2019-01-08,19,0,111,0.0,0.0,0.0,0.0,0.0
2019-01-08,19,0,113,22.95,22.95,0.0,247.261366,0.0
2019-01-08,19,0,115,22.95,22.95,0.0,247.261366,0.0
2019-01-08,19,0,116,0.0,0.0,0.0,0.0,0.0
2019-01-08,19,0,117,1.53,1.53,0.0,16.484091,0.0
2019-01-08,19,0,119,141.1,141.1,0.0,2178.550313,0.0
2019-01-08,19,0,120,82.97,82.97,0.0,1281.036991,0.0
2019-01-08,19,0,123,0.0,0.0,0.0,0.0,0.0
2019-01-08,19,0,125,135.43,135.43,0.0,1682.666056,0.0
2019-01-08,19,0,126,0.0,0.0,0.0,0.0,0.0
2019-01-08,19,0,127,0.0,0.0,0.0,0.0,0.0
2019-01-08,19,0,128,193.97,193.97,0.0,2410.003211,0.0
2019-01-08,19,0,131,27.61,27.61,0.0,261.714722,0.0
2019-01-08,19,0,132,40.59,40.59,0.0,384.751922,0.0
2019-01-08,19,0,133,28.57,28.57,0.0,463.662967,0.0
2019-01-08,19,0,134,0.0,0.0,0.0,0.0,0.0
2019-01-08,19,0,135,38.72,38.72,0.0,628.387472,0.0
2019-01-08,19,0,136,13.37,13.37,0.0,216.363169,0.0
2019-01-08,19,0,139,8.31,8.31,0.0,111.57905,0.0
2019-01-08,19,0,140,71.6,71.6,0.0,52.370097,0.0
2019-01-08,19,0,141,230.0,230.0,0.0,1591.338,0.0
2019-01-08,19,0,142,0.0,0.0,0.0,0.0,0.0
2019-01-08,19,0,143,22.02,22.02,0.0,273.199166,0.0
2019-01-08,19,0,145,9.81,9.81,0.0,127.158198,0.0
2019-01-08,19,0,146,75.03,75.03,0.0,54.878888,0.0
2019-01-08,19,0,152,0.0,0.0,0.0,0.0,0.0
2019-01-08,19,0,153,0.0,0.0,0.0,0.0,0.0
2019-01-08,19,0,154,0.0,0.0,0.0,0.0,0.0
2019-01-08,19,0,157,68.13,68.13,0.0,471.381991,0.0
2019-01-08,19,0,158,0.0,0.0,0.0,0.0,0.0
2019-01-08,19,0,159,0.0,0.0,0.0,0.0,0.0
2019-01-08,19,0,160,0.0,0.0,0.0,0.0,0.0
2019-01-08,19,0,161,0.0,0.0,0.0,0.0,0.0
2019-01-08,19,0,162,72.48,72.48,0.0,1044.138575,0.0
2019-01-08,19,0,163,122.74,122.74,0.0,89.77522,0.0
2019-01-08,19,0,164,0.25,0.25,0.0,3.101716,0.0
2019-01-08,19,0,167,0.0,0.0,0.0,0.0,0.0
2019-01-08,19,0,168,0.0,0.0,0.0,0.0,0.0
2019-01-08,19,0,169,0.0,0.0,0.0,0.0,0.0
2019-01-08,19,0,170,0.0,0.0,0.0,0.0,0.0
2019-01-08,19,0,172,0.0,0.0,0.0,0.0,0.0
2019-01-08,19,0,173,0.0,0.0,0.0,0.0,0.0
2019-01-08,19,0,188,0.0,0.0,0.0,0.0,0.0
2019-01-08,19,0,190,0.0,0.0,0.0,0.0,0.0
2019-01-08,19,0,191,0.0,0.0,0.0,0.0,0.0
2019-01-08,19,0,192,121.52,121.52,0.0,1876.239787,0.0
2019-01-08,19,0,194,113.63,113.63,0.0,1399.271557,0.0
2019-01-08,19,0,196,0.0,0.0,0.0,0.0,0.0
2019-01-08,19,0,198,0.0,0.0,0.0,0.0,0.0
2019-01-08,19,0,199,44.0,44.0,0.0,514.331397,0.0
2019-01-08,19,0,200,0.0,0.0,0.0,0.0,0.0
2019-01-08,19,0,204,87.75,87.75,0.0,1210.392476,0.0
2019-01-08,19,0,205,109.62,109.62,0.0,1523.585909,0.0
2019-01-08,19,0,206,185.06,185.06,0.0,2292.580824,0.0
2019-01-08,19,0,210,0.0,0.0,0.0,0.0,0.0
2019-01-08,19,0,214,0.0,0.0,0.0,0.0,0.0
2019-01-08,19,0,217,0.0,0.0,0.0,0.0,0.0
2019-01-08,19,0,218,0.0,0.0,0.0,0.0,0.0
2019-01-08,19,0,219,0.0,0.0,0.0,0.0,0.0
2019-01-08,19,0,221,0.0,0.0,0.0,0.0,0.0
2019-01-08,19,0,225,0.0,0.0,0.0,0.0,0.0
2019-01-08,19,0,233,0.0,0.0,0.0,0.0,0.0
2019-01-08,19,0,236,30.21,30.21,0.0,473.290625,0.0
2019-01-08,19,0,237,24.7,24.7,0.0,372.967428,0.0
2019-01-08,19,0,238,0.0,0.0,0.0,0.0,0.0
2019-01-08,19,0,240,0.0,0.0,0.0,0.0,0.0
2019-01-08,19,0,245,24.1,24.1,0.0,394.597075,0.0
2019-01-08,19,0,247,29.24,29.24,0.0,478.755953,0.0
2019-01-08,19,0,248,2.48,2.48,0.0,37.447742,0.0
2019-01-08,19,0,249,46.35,46.35,0.0,758.903503,0.0
2019-01-08,19,0,251,36.58,36.58,0.0,589.626501,0.0
2019-01-08,19,0,252,52.91,52.91,0.0,856.345499,0.0
2019-01-08,19,0,254,0.0,0.0,0.0,0.0,0.0
2019-01-08,19,0,255,0.0,0.0,0.0,0.0,0.0
2019-01-08,19,0,258,0.0,0.0,0.0,0.0,0.0
2019-01-08,19,0,260,0.0,0.0,0.0,0.0,0.0
2019-01-08,19,0,265,0.0,0.0,0.0,0.0,0.0
2019-01-08,19,0,266,5.38,5.38,0.0,72.2377,0.0
2019-01-08,19,0,267,6.61,6.61,0.0,88.753011,0.0
2019-01-08,19,0,270,383.32,383.32,0.0,280.370191,0.0
2019-01-08,19,0,272,76.71,76.71,0.0,826.467077,0.0
2019-01-08,19,0,273,0.0,0.0,0.0,0.0,0.0
2019-01-08,19,0,274,494.15,494.15,0.0,361.434128,0.0
2019-01-08,19,0,275,687.87,687.87,0.0,503.125961,0.0
2019-01-08,19,0,276,0.0,0.0,0.0,0.0,0.0
2019-01-08,19,0,277,0.0,0.0,0.0,0.0,0.0
2019-01-08,19,0,278,0.0,0.0,0.0,0.0,0.0
2019-01-08,19,0,279,198.89,198.89,0.0,2139.714707,0.0
2019-01-08,19,0,281,7.16,7.16,0.0,88.833153,0.0
2019-01-08,19,0,282,0.0,0.0,0.0,0.0,0.0
2019-01-08,20,0,9,0.0,0.0,0.0,0.0,0.0
2019-01-08,20,0,17,0.0,0.0,0.0,0.0,0.0
2019-01-08,20,0,19,87.77,87.77,0.0,1212.155277,0.0
2019-01-08,20,0,20,106.45,106.45,0.0,1470.137054,0.0
2019-01-08,20,0,21,0.0,0.0,0.0,0.0,0.0
2019-01-08,20,0,22,0.0,0.0,0.0,0.0,0.0
2019-01-08,20,0,23,90.48,90.48,0.0,670.677264,0.0
2019-01-08,20,0,24,160.09,160.09,0.0,1186.656977,0.0
2019-01-08,20,0,29,0.0,0.0,0.0,0.0,0.0
2019-01-08,20,0,30,0.0,0.0,0.0,0.0,0.0
2019-01-08,20,0,31,19.59,19.59,0.0,144.527699,0.0
2019-01-08,20,0,32,0.0,0.0,0.0,0.0,0.0
2019-01-08,20,0,33,0.0,0.0,0.0,0.0,0.0
2019-01-08,20,0,34,0.0,0.0,0.0,0.0,0.0
2019-01-08,20,0,35,0.0,0.0,0.0,0.0,0.0
2019-01-08,20,0,36,0.0,0.0,0.0,0.0,0.0
2019-01-08,20,0,37,0.0,0.0,0.0,0.0,0.0
2019-01-08,20,0,38,0.0,0.0,0.0,0.0,0.0
2019-01-08,20,0,39,0.0,0.0,0.0,0.0,0.0
2019-01-08,20,0,40,0.0,0.0,0.0,0.0,0.0
2019-01-08,20,0,41,18.05,18.05,0.0,167.796078,0.0
2019-01-08,20,0,42,0.0,0.0,0.0,0.0,0.0
2019-01-08,20,0,43,0.0,0.0,0.0,0.0,0.0
2019-01-08,20,0,46,0.0,0.0,0.0,0.0,0.0
2019-01-08,20,0,52,20.77,20.77,0.0,153.233298,0.0
2019-01-08,20,0,53,33.0,33.0,0.0,243.461668,0.0
2019-01-08,20,0,55,158.97,158.97,0.0,1178.355048,0.0
2019-01-08,20,0,56,0.0,0.0,0.0,0.0,0.0
2019-01-08,20,0,57,0.0,0.0,0.0,0.0,0.0
2019-01-08,20,0,58,0.0,0.0,0.0,0.0,0.0
2019-01-08,20,0,59,0.0,0.0,0.0,0.0,0.0
2019-01-08,20,0,63,139.16,139.16,0.0,3342.439566,0.0
2019-01-08,20,0,64,163.72,163.72,0.0,3932.338357,0.0
2019-01-08,20,0,65,8.35,8.35,0.0,114.838644,0.0
2019-01-08,20,0,67,0.0,0.0,0.0,-0.0,0.0
2019-01-08,20,0,68,7.62,7.62,0.0,-19.721011,0.0
2019-01-08,20,0,69,0.0,0.0,0.0,0.0,0.0
2019-01-08,20,0,74,9.9,9.9,0.0,120.531259,0.0
2019-01-08,20,0,77,63.47,63.47,0.0,259.050801,0.0
2019-01-08,20,0,78,48.19,48.19,0.0,196.685964,0.0
2019-01-08,20,0,79,28.05,28.05,0.0,114.48519,0.0
2019-01-08,20,0,80,45.13,45.13,0.0,184.19667,0.0
2019-01-08,20,0,81,58.79,58.79,0.0,239.949529,0.0
2019-01-08,20,0,82,41.67,41.67,0.0,170.07479,0.0
2019-01-08,20,0,83,91.64,91.64,0.0,374.025767,0.0
2019-01-08,20,0,84,0.0,0.0,0.0,0.0,0.0
2019-01-08,20,0,86,0.0,0.0,0.0,0.0,0.0
2019-01-08,20,0,87,0.0,0.0,0.0,0.0,0.0
2019-01-08,20,0,88,67.2,67.2,0.0,274.274679,0.0
2019-01-08,20,0,89,64.6,64.6,0.0,263.662861,0.0
2019-01-08,20,0,90,86.67,86.67,0.0,353.740869,0.0
2019-01-08,20,0,91,308.59,308.59,0.0,1259.500344,0.0
2019-01-08,20,0,92,111.13,111.13,0.0,453.573587,0.0
2019-01-08,20,0,95,120.0,120.0,0.0,2411.709364,0.0
2019-01-08,20,0,96,12.68,12.68,0.0,93.087001,0.0
2019-01-08,20,0,97,91.57,91.57,0.0,672.237907,0.0
2019-01-08,20,0,99,1.91,1.91,0.0,23.254011,0.0
2019-01-08,20,0,101,0.0,0.0,0.0,0.0,0.0
2019-01-08,20,0,102,18.03,18.03,0.0,-46.662707,0.0
2019-01-08,20,0,103,15.68,15.68,0.0,-40.580768,0.0
2019-01-08,20,0,104,2.91,2.91,0.0,-7.531252,0.0
2019-01-08,20,0,106,0.0,0.0,0.0,0.0,0.0
2019-01-08,20,0,109,27.36,27.36,0.0,283.649938,0.0
2019-01-08,20,0,110,88.63,88.63,0.0,-3017.003294,0.0
2019-01-08,20,0,111,0.0,0.0,0.0,0.0,0.0
2019-01-08,20,0,113,24.14,24.14,0.0,118.856488,0.0
2019-01-08,20,0,115,24.14,24.14,0.0,118.856488,0.0
2019-01-08,20,0,116,0.0,0.0,0.0,-0.0,0.0
2019-01-08,20,0,117,1.61,1.61,0.0,7.927048,0.0
2019-01-08,20,0,119,163.72,163.72,0.0,3932.338357,0.0
2019-01-08,20,0,120,96.27,96.27,0.0,2312.278363,0.0
2019-01-08,20,0,123,0.0,0.0,0.0,0.0,0.0
2019-01-08,20,0,125,144.87,144.87,0.0,1073.839691,0.0
2019-01-08,20,0,126,0.0,0.0,0.0,0.0,0.0
2019-01-08,20,0,127,0.0,0.0,0.0,0.0,0.0
2019-01-08,20,0,128,207.5,207.5,0.0,1538.080596,0.0
2019-01-08,20,0,131,27.11,27.11,0.0,-14.104904,0.0
2019-01-08,20,0,132,39.85,39.85,0.0,-20.733325,0.0
2019-01-08,20,0,133,13.43,13.43,0.0,185.548892,0.0
2019-01-08,20,0,134,0.0,0.0,0.0,0.0,0.0
2019-01-08,20,0,135,17.89,17.89,0.0,247.168256,0.0
2019-01-08,20,0,136,13.53,13.53,0.0,186.037186,0.0
2019-01-08,20,0,139,24.16,24.16,0.0,224.595747,0.0
2019-01-08,20,0,140,65.59,65.59,0.0,-2232.711791,0.0
2019-01-08,20,0,141,199.2,199.2,0.0,-2057.841186,0.0
2019-01-08,20,0,142,0.0,0.0,0.0,-0.0,0.0
2019-01-08,20,0,143,24.04,24.04,0.0,177.358136,0.0
2019-01-08,20,0,145,10.74,10.74,0.0,91.168367,0.0
2019-01-08,20,0,146,59.68,59.68,0.0,-2031.532851,0.0
2019-01-08,20,0,152,0.0,0.0,0.0,0.0,0.0
2019-01-08,20,0,153,0.0,0.0,0.0,0.0,0.0
2019-01-08,20,0,154,0.0,0.0,0.0,0.0,0.0
2019-01-08,20,0,157,50.59,50.59,0.0,-522.621414,0.0
2019-01-08,20,0,158,0.0,0.0,0.0,-0.0,0.0
2019-01-08,20,0,159,0.0,0.0,0.0,0.0,0.0
2019-01-08,20,0,160,0.0,0.0,0.0,0.0,0.0
2019-01-08,20,0,161,0.0,0.0,0.0,-0.0,0.0
2019-01-08,20,0,162,88.53,88.53,0.0,1783.120671,0.0
2019-01-08,20,0,163,109.97,109.97,0.0,-3743.426066,0.0
2019-01-08,20,0,164,0.0,0.0,0.0,0.0,0.0
2019-01-08,20,0,167,0.0,0.0,0.0,0.0,0.0
2019-01-08,20,0,168,0.0,0.0,0.0,0.0,0.0
2019-01-08,20,0,169,0.0,0.0,0.0,0.0,0.0
2019-01-08,20,0,170,0.0,0.0,0.0,0.0,0.0
2019-01-08,20,0,172,0.0,0.0,0.0,0.0,0.0
2019-01-08,20,0,173,0.0,0.0,0.0,0.0,0.0
2019-01-08,20,0,188,0.0,0.0,0.0,0.0,0.0
2019-01-08,20,0,190,0.0,0.0,0.0,0.0,0.0
2019-01-08,20,0,191,0.0,0.0,0.0,0.0,0.0
2019-01-08,20,0,192,107.37,107.37,0.0,2578.885716,0.0
2019-01-08,20,0,194,148.93,148.93,0.0,1708.606795,0.0
2019-01-08,20,0,196,0.0,0.0,0.0,0.0,0.0
2019-01-08,20,0,198,0.0,0.0,0.0,0.0,0.0
2019-01-08,20,0,199,63.06,63.06,0.0,758.230693,0.0
2019-01-08,20,0,200,0.0,0.0,0.0,0.0,0.0
2019-01-08,20,0,204,204.98,204.98,0.0,2090.4168,0.0
2019-01-08,20,0,205,144.76,144.76,0.0,1500.773575,0.0
2019-01-08,20,0,206,346.88,346.88,0.0,2546.531454,0.0
2019-01-08,20,0,210,0.0,0.0,0.0,0.0,0.0
2019-01-08,20,0,214,0.0,0.0,0.0,0.0,0.0
2019-01-08,20,0,217,0.0,0.0,0.0,0.0,0.0
2019-01-08,20,0,218,0.0,0.0,0.0,0.0,0.0
2019-01-08,20,0,219,0.0,0.0,0.0,0.0,0.0
2019-01-08,20,0,221,0.0,0.0,0.0,0.0,0.0
2019-01-08,20,0,225,0.0,0.0,0.0,0.0,0.0
2019-01-08,20,0,233,0.0,0.0,0.0,0.0,0.0
2019-01-08,20,0,236,27.17,27.17,0.0,353.71112,0.0
2019-01-08,20,0,237,23.76,23.76,0.0,289.275023,0.0
2019-01-08,20,0,238,0.0,0.0,0.0,0.0,0.0
2019-01-08,20,0,240,0.0,0.0,0.0,0.0,0.0
2019-01-08,20,0,245,30.84,30.84,0.0,432.434542,0.0
2019-01-08,20,0,247,23.29,23.29,0.0,326.569406,0.0
2019-01-08,20,0,248,2.38,2.38,0.0,28.976202,0.0
2019-01-08,20,0,249,59.29,59.29,0.0,831.356809,0.0
2019-01-08,20,0,251,52.88,52.88,0.0,722.277181,0.0
2019-01-08,20,0,252,53.89,53.89,0.0,741.156233,0.0
2019-01-08,20,0,254,0.0,0.0,0.0,0.0,0.0
2019-01-08,20,0,255,0.0,0.0,0.0,0.0,0.0
2019-01-08,20,0,258,0.0,0.0,0.0,0.0,0.0
2019-01-08,20,0,260,0.0,0.0,0.0,0.0,0.0
2019-01-08,20,0,265,0.0,0.0,0.0,0.0,0.0
2019-01-08,20,0,266,14.72,14.72,0.0,136.839793,0.0
2019-01-08,20,0,267,18.62,18.62,0.0,173.094901,0.0
2019-01-08,20,0,270,343.42,343.42,0.0,-11690.164405,0.0
2019-01-08,20,0,272,80.66,80.66,0.0,397.140197,0.0
2019-01-08,20,0,273,0.0,0.0,0.0,-0.0,0.0
2019-01-08,20,0,274,442.71,442.71,0.0,-15070.038681,0.0
2019-01-08,20,0,275,616.26,616.26,0.0,-20977.755274,0.0
2019-01-08,20,0,276,0.0,0.0,0.0,-0.0,0.0
2019-01-08,20,0,277,0.0,0.0,0.0,0.0,0.0
2019-01-08,20,0,278,0.0,0.0,0.0,0.0,0.0
2019-01-08,20,0,279,494.65,494.65,0.0,2268.46259,0.0
2019-01-08,20,0,281,8.79,8.79,0.0,64.849335,0.0
2019-01-08,20,0,282,0.0,0.0,0.0,0.0,0.0
2019-01-08,21,0,9,0.0,0.0,0.0,0.0,0.0
2019-01-08,21,0,17,0.0,0.0,0.0,0.0,0.0
2019-01-08,21,0,19,55.56,55.56,0.0,824.897423,0.0
2019-01-08,21,0,20,67.38,67.38,0.0,1000.38856,0.0
2019-01-08,21,0,21,0.0,0.0,0.0,0.0,0.0
2019-01-08,21,0,22,0.0,0.0,0.0,0.0,0.0
2019-01-08,21,0,23,96.64,96.64,0.0,798.821521,0.0
2019-01-08,21,0,24,170.99,170.99,0.0,1413.39499,0.0
2019-01-08,21,0,29,0.0,0.0,0.0,0.0,0.0
2019-01-08,21,0,30,0.0,0.0,0.0,0.0,0.0
2019-01-08,21,0,31,23.93,23.93,0.0,196.983661,0.0
2019-01-08,21,0,32,0.0,0.0,0.0,0.0,0.0
2019-01-08,21,0,33,0.0,0.0,0.0,0.0,0.0
2019-01-08,21,0,34,0.0,0.0,0.0,0.0,0.0
2019-01-08,21,0,35,0.0,0.0,0.0,0.0,0.0
2019-01-08,21,0,36,0.0,0.0,0.0,0.0,0.0
2019-01-08,21,0,37,0.0,0.0,0.0,0.0,0.0
2019-01-08,21,0,38,0.0,0.0,0.0,0.0,0.0
2019-01-08,21,0,39,0.0,0.0,0.0,0.0,0.0
2019-01-08,21,0,40,0.0,0.0,0.0,0.0,0.0
2019-01-08,21,0,41,50.01,50.01,0.0,507.259132,0.0
2019-01-08,21,0,42,0.0,0.0,0.0,0.0,0.0
2019-01-08,21,0,43,0.0,0.0,0.0,0.0,0.0
2019-01-08,21,0,46,0.0,0.0,0.0,0.0,0.0
2019-01-08,21,0,52,25.37,25.37,0.0,208.837254,0.0
2019-01-08,21,0,53,40.3,40.3,0.0,331.735961,0.0
2019-01-08,21,0,55,168.83,168.83,0.0,1395.540535,0.0
2019-01-08,21,0,56,0.0,0.0,0.0,0.0,0.0
2019-01-08,21,0,57,0.0,0.0,0.0,0.0,0.0
2019-01-08,21,0,58,0.0,0.0,0.0,0.0,0.0
2019-01-08,21,0,59,0.0,0.0,0.0,0.0,0.0
2019-01-08,21,0,63,166.09,166.09,0.0,3620.304202,0.0
2019-01-08,21,0,64,195.39,195.39,0.0,4258.963442,0.0
2019-01-08,21,0,65,8.58,8.58,0.0,126.852578,0.0
2019-01-08,21,0,67,0.0,0.0,0.0,-0.0,0.0
2019-01-08,21,0,68,6.84,6.84,0.0,-5.116135,0.0
2019-01-08,21,0,69,0.0,0.0,0.0,0.0,0.0
2019-01-08,21,0,74,9.68,9.68,0.0,126.66141,0.0
2019-01-08,21,0,77,141.01,141.01,0.0,703.573355,0.0
2019-01-08,21,0,78,106.81,106.81,0.0,532.931495,0.0
2019-01-08,21,0,79,61.96,61.96,0.0,309.15116,0.0
2019-01-08,21,0,80,100.0,100.0,0.0,498.952809,0.0
2019-01-08,21,0,81,130.51,130.51,0.0,651.183311,0.0
2019-01-08,21,0,82,92.26,92.26,0.0,460.333861,0.0
2019-01-08,21,0,83,204.43,204.43,0.0,1020.009227,0.0
2019-01-08,21,0,84,0.0,0.0,0.0,0.0,0.0
2019-01-08,21,0,86,0.0,0.0,0.0,0.0,0.0
2019-01-08,21,0,87,0.0,0.0,0.0,0.0,0.0
2019-01-08,21,0,88,142.98,142.98,0.0,713.402726,0.0
2019-01-08,21,0,89,137.45,137.45,0.0,685.810635,0.0
2019-01-08,21,0,90,184.55,184.55,0.0,920.817408,0.0
2019-01-08,21,0,91,658.33,658.33,0.0,3284.756025,0.0
2019-01-08,21,0,92,236.76,236.76,0.0,1181.32067,0.0
2019-01-08,21,0,95,120.0,120.0,0.0,2211.499662,0.0
2019-01-08,21,0,96,13.82,13.82,0.0,113.266309,0.0
2019-01-08,21,0,97,84.99,84.99,0.0,696.563216,0.0
2019-01-08,21,0,99,1.87,1.87,0.0,24.468682,0.0
2019-01-08,21,0,101,0.0,0.0,0.0,0.0,0.0
2019-01-08,21,0,102,16.2,16.2,0.0,-12.117161,0.0
2019-01-08,21,0,103,14.09,14.09,0.0,-10.538938,0.0
2019-01-08,21,0,104,2.62,2.62,0.0,-1.959689,0.0
2019-01-08,21,0,106,0.0,0.0,0.0,0.0,0.0
2019-01-08,21,0,109,49.34,49.34,0.0,550.615936,0.0
2019-01-08,21,0,110,92.64,92.64,0.0,-2563.398398,0.0
2019-01-08,21,0,111,0.0,0.0,0.0,0.0,0.0
2019-01-08,21,0,113,48.14,48.14,0.0,270.388649,0.0
2019-01-08,21,0,115,48.14,48.14,0.0,270.388649,0.0
2019-01-08,21,0,116,0.0,0.0,0.0,-0.0,0.0
2019-01-08,21,0,117,3.24,3.24,0.0,18.198156,0.0
2019-01-08,21,0,119,195.39,195.39,0.0,4258.963442,0.0
2019-01-08,21,0,120,114.89,114.89,0.0,2504.285326,0.0
2019-01-08,21,0,123,0.0,0.0,0.0,0.0,0.0
2019-01-08,21,0,125,154.74,154.74,0.0,1279.073283,0.0
2019-01-08,21,0,126,0.0,0.0,0.0,0.0,0.0
2019-01-08,21,0,127,0.0,0.0,0.0,0.0,0.0
2019-01-08,21,0,128,221.62,221.62,0.0,1831.900097,0.0
2019-01-08,21,0,131,26.69,26.69,0.0,27.277144,0.0
2019-01-08,21,0,132,39.24,39.24,0.0,40.103227,0.0
2019-01-08,21,0,133,6.86,6.86,0.0,101.89044,0.0
2019-01-08,21,0,134,0.0,0.0,0.0,0.0,0.0
2019-01-08,21,0,135,8.92,8.92,0.0,132.487278,0.0
2019-01-08,21,0,136,13.74,13.74,0.0,203.094561,0.0
2019-01-08,21,0,139,65.87,65.87,0.0,668.129555,0.0
2019-01-08,21,0,140,68.56,68.56,0.0,-1897.091906,0.0
2019-01-08,21,0,141,164.11,164.11,0.0,-1210.370678,0.0
2019-01-08,21,0,142,0.0,0.0,0.0,-0.0,0.0
2019-01-08,21,0,143,26.38,26.38,0.0,217.151232,0.0
2019-01-08,21,0,145,11.75,11.75,0.0,109.512125,0.0
2019-01-08,21,0,146,47.45,47.45,0.0,-1312.966904,0.0
2019-01-08,21,0,152,0.0,0.0,0.0,0.0,0.0
2019-01-08,21,0,153,0.0,0.0,0.0,0.0,0.0
2019-01-08,21,0,154,0.0,0.0,0.0,0.0,0.0
2019-01-08,21,0,157,38.98,38.98,0.0,-287.491615,0.0
2019-01-08,21,0,158,0.0,0.0,0.0,-0.0,0.0
2019-01-08,21,0,159,0.0,0.0,0.0,0.0,0.0
2019-01-08,21,0,160,0.0,0.0,0.0,0.0,0.0
2019-01-08,21,0,161,0.0,0.0,0.0,0.0,0.0
2019-01-08,21,0,162,109.64,109.64,0.0,2024.718588,0.0
2019-01-08,21,0,163,101.79,101.79,0.0,-2816.583796,0.0
2019-01-08,21,0,164,0.0,0.0,0.0,0.0,0.0
2019-01-08,21,0,167,0.0,0.0,0.0,0.0,0.0
2019-01-08,21,0,168,0.0,0.0,0.0,0.0,0.0
2019-01-08,21,0,169,0.0,0.0,0.0,0.0,0.0
2019-01-08,21,0,170,0.0,0.0,0.0,0.0,0.0
2019-01-08,21,0,172,0.0,0.0,0.0,0.0,0.0
2019-01-08,21,0,173,0.0,0.0,0.0,0.0,0.0
2019-01-08,21,0,188,0.0,0.0,0.0,0.0,0.0
2019-01-08,21,0,190,0.0,0.0,0.0,0.0,0.0
2019-01-08,21,0,191,0.0,0.0,0.0,0.0,0.0
2019-01-08,21,0,192,102.6,102.6,0.0,2236.397201,0.0
2019-01-08,21,0,194,176.5,176.5,0.0,1965.334055,0.0
2019-01-08,21,0,196,0.0,0.0,0.0,0.0,0.0
2019-01-08,21,0,198,0.0,0.0,0.0,0.0,0.0
2019-01-08,21,0,199,88.22,88.22,0.0,988.821816,0.0
2019-01-08,21,0,200,0.0,0.0,0.0,0.0,0.0
2019-01-08,21,0,204,470.64,470.64,0.0,5169.135476,0.0
2019-01-08,21,0,205,228.98,228.98,0.0,2555.331113,0.0
2019-01-08,21,0,206,249.73,249.73,0.0,2046.743521,0.0
2019-01-08,21,0,210,0.0,0.0,0.0,0.0,0.0
2019-01-08,21,0,214,0.0,0.0,0.0,0.0,0.0
2019-01-08,21,0,217,0.0,0.0,0.0,0.0,0.0
2019-01-08,21,0,218,0.0,0.0,0.0,0.0,0.0
2019-01-08,21,0,219,0.0,0.0,0.0,0.0,0.0
2019-01-08,21,0,221,0.0,0.0,0.0,0.0,0.0
2019-01-08,21,0,225,0.0,0.0,0.0,0.0,0.0
2019-01-08,21,0,233,0.0,0.0,0.0,0.0,0.0
2019-01-08,21,0,236,25.22,25.22,0.0,352.741625,0.0
2019-01-08,21,0,237,23.22,23.22,0.0,303.830367,0.0
2019-01-08,21,0,238,0.0,0.0,0.0,0.0,0.0
2019-01-08,21,0,240,0.0,0.0,0.0,0.0,0.0
2019-01-08,21,0,245,36.29,36.29,0.0,547.108008,0.0
2019-01-08,21,0,247,18.31,18.31,0.0,276.041544,0.0
2019-01-08,21,0,248,2.33,2.33,0.0,30.487716,0.0
2019-01-08,21,0,249,69.78,69.78,0.0,1052.003219,0.0
2019-01-08,21,0,251,73.67,73.67,0.0,1081.654194,0.0
2019-01-08,21,0,252,55.37,55.37,0.0,818.627884,0.0
2019-01-08,21,0,254,0.0,0.0,0.0,0.0,0.0
2019-01-08,21,0,255,0.0,0.0,0.0,0.0,0.0
2019-01-08,21,0,258,0.0,0.0,0.0,0.0,0.0
2019-01-08,21,0,260,0.0,0.0,0.0,0.0,0.0
2019-01-08,21,0,265,0.0,0.0,0.0,0.0,0.0
2019-01-08,21,0,266,41.25,41.25,0.0,418.405103,0.0
2019-01-08,21,0,267,51.5,51.5,0.0,522.372432,0.0
2019-01-08,21,0,270,317.9,317.9,0.0,-8796.463198,0.0
2019-01-08,21,0,272,160.78,160.78,0.0,903.0554,0.0
2019-01-08,21,0,273,0.0,0.0,0.0,-0.0,0.0
2019-01-08,21,0,274,409.81,409.81,0.0,-11339.662104,0.0
2019-01-08,21,0,275,570.46,570.46,0.0,-15784.933613,0.0
2019-01-08,21,0,276,0.0,0.0,0.0,-0.0,0.0
2019-01-08,21,0,277,0.0,0.0,0.0,0.0,0.0
2019-01-08,21,0,278,0.0,0.0,0.0,0.0,0.0
2019-01-08,21,0,279,504.92,504.92,0.0,2709.029859,0.0
2019-01-08,21,0,281,10.74,10.74,0.0,88.408045,0.0
2019-01-08,21,0,282,0.0,0.0,0.0,0.0,0.0
2019-01-08,22,0,9,0.0,0.0,0.0,0.0,0.0
2019-01-08,22,0,17,0.0,0.0,0.0,0.0,0.0
2019-01-08,22,0,19,32.84,32.84,0.0,378.13397,0.0
2019-01-08,22,0,20,39.82,39.82,0.0,458.504711,0.0
2019-01-08,22,0,21,0.0,0.0,0.0,0.0,0.0
2019-01-08,22,0,22,0.0,0.0,0.0,0.0,0.0
2019-01-08,22,0,23,103.46,103.46,0.0,542.88608,0.0
2019-01-08,22,0,24,183.04,183.04,0.0,960.466538,0.0
2019-01-08,22,0,29,0.0,0.0,0.0,0.0,0.0
2019-01-08,22,0,30,0.0,0.0,0.0,0.0,0.0
2019-01-08,22,0,31,29.08,29.08,0.0,151.559477,0.0
2019-01-08,22,0,32,0.0,0.0,0.0,0.0,0.0
2019-01-08,22,0,33,0.0,0.0,0.0,0.0,0.0
2019-01-08,22,0,34,0.0,0.0,0.0,0.0,0.0
2019-01-08,22,0,35,0.0,0.0,0.0,0.0,0.0
2019-01-08,22,0,36,0.0,0.0,0.0,0.0,0.0
2019-01-08,22,0,37,0.0,0.0,0.0,0.0,0.0
2019-01-08,22,0,38,0.0,0.0,0.0,0.0,0.0
2019-01-08,22,0,39,0.0,0.0,0.0,0.0,0.0
2019-01-08,22,0,40,0.0,0.0,0.0,0.0,0.0
2019-01-08,22,0,41,74.68,74.68,0.0,533.816861,0.0
2019-01-08,22,0,42,0.0,0.0,0.0,0.0,0.0
2019-01-08,22,0,43,0.0,0.0,0.0,0.0,0.0
2019-01-08,22,0,46,0.0,0.0,0.0,0.0,0.0
2019-01-08,22,0,52,30.82,30.82,0.0,160.628029,0.0
2019-01-08,22,0,53,48.97,48.97,0.0,255.222406,0.0
2019-01-08,22,0,55,342.0,342.0,0.0,1794.577994,0.0
2019-01-08,22,0,56,0.0,0.0,0.0,0.0,0.0
2019-01-08,22,0,57,0.0,0.0,0.0,0.0,0.0
2019-01-08,22,0,58,0.0,0.0,0.0,0.0,0.0
2019-01-08,22,0,59,0.0,0.0,0.0,0.0,0.0
2019-01-08,22,0,63,170.0,170.0,0.0,4212.771013,0.0
2019-01-08,22,0,64,200.0,200.0,0.0,4956.201192,0.0
2019-01-08,22,0,65,8.84,8.84,0.0,101.315983,0.0
2019-01-08,22,0,67,0.0,0.0,0.0,-0.0,0.0
2019-01-08,22,0,68,6.15,6.15,0.0,-35.17609,0.0
2019-01-08,22,0,69,0.0,0.0,0.0,0.0,0.0
2019-01-08,22,0,74,9.4,9.4,0.0,93.864021,0.0
2019-01-08,22,0,77,179.1,179.1,0.0,330.744012,0.0
2019-01-08,22,0,78,135.4,135.4,0.0,250.043212,0.0
2019-01-08,22,0,79,78.36,78.36,0.0,144.707431,0.0
2019-01-08,22,0,80,126.71,126.71,0.0,233.995387,0.0
2019-01-08,22,0,81,165.67,165.67,0.0,305.942828,0.0
2019-01-08,22,0,82,116.86,116.86,0.0,215.80539,0.0
2019-01-08,22,0,83,260.59,260.59,0.0,481.231615,0.0
2019-01-08,22,0,84,0.0,0.0,0.0,0.0,0.0
2019-01-08,22,0,86,0.0,0.0,0.0,0.0,0.0
2019-01-08,22,0,87,0.0,0.0,0.0,0.0,0.0
2019-01-08,22,0,88,170.6,170.6,0.0,315.04706,0.0
2019-01-08,22,0,89,164.0,164.0,0.0,302.858839,0.0
2019-01-08,22,0,90,220.2,220.2,0.0,406.643392,0.0
2019-01-08,22,0,91,785.5,785.5,0.0,1450.583036,0.0
2019-01-08,22,0,92,282.5,282.5,0.0,521.692817,0.0
2019-01-08,22,0,95,120.0,120.0,0.0,2439.354923,0.0
2019-01-08,22,0,96,15.98,15.98,0.0,82.691996,0.0
2019-01-08,22,0,97,98.26,98.26,0.0,508.467806,0.0
2019-01-08,22,0,99,1.81,1.81,0.0,18.073817,0.0
2019-01-08,22,0,101,0.0,0.0,0.0,0.0,0.0
2019-01-08,22,0,102,14.55,14.55,0.0,-83.221482,0.0
2019-01-08,22,0,103,12.65,12.65,0.0,-72.354072,0.0
2019-01-08,22,0,104,2.35,2.35,0.0,-13.44127,0.0
2019-01-08,22,0,106,0.0,0.0,0.0,0.0,0.0
2019-01-08,22,0,109,128.34,128.34,0.0,1062.112139,0.0
2019-01-08,22,0,110,108.66,108.66,0.0,-4512.144434,0.0
2019-01-08,22,0,111,0.0,0.0,0.0,0.0,0.0
2019-01-08,22,0,113,92.13,92.13,0.0,266.409635,0.0
2019-01-08,22,0,115,92.13,92.13,0.0,266.409635,0.0
2019-01-08,22,0,116,0.0,0.0,0.0,-0.0,0.0
2019-01-08,22,0,117,6.14,6.14,0.0,17.754859,0.0
2019-01-08,22,0,119,200.0,200.0,0.0,4956.201192,0.0
2019-01-08,22,0,120,117.6,117.6,0.0,2914.246301,0.0
2019-01-08,22,0,123,0.0,0.0,0.0,0.0,0.0
2019-01-08,22,0,125,165.64,165.64,0.0,869.163447,0.0
2019-01-08,22,0,126,0.0,0.0,0.0,0.0,0.0
2019-01-08,22,0,127,0.0,0.0,0.0,0.0,0.0
2019-01-08,22,0,128,237.24,237.24,0.0,1244.870419,0.0
2019-01-08,22,0,131,26.39,26.39,0.0,-88.821245,0.0
2019-01-08,22,0,132,38.79,38.79,0.0,-130.556123,0.0
2019-01-08,22,0,133,5.59,5.59,0.0,64.393776,0.0
2019-01-08,22,0,134,0.0,0.0,0.0,0.0,0.0
2019-01-08,22,0,135,7.5,7.5,0.0,86.395942,0.0
2019-01-08,22,0,136,13.97,13.97,0.0,160.07043,0.0
2019-01-08,22,0,139,96.44,96.44,0.0,689.35857,0.0
2019-01-08,22,0,140,80.42,80.42,0.0,-3339.468575,0.0
2019-01-08,22,0,141,134.41,134.41,0.0,-1953.486069,0.0
2019-01-08,22,0,142,0.0,0.0,0.0,-0.0,0.0
2019-01-08,22,0,143,29.37,29.37,0.0,153.070902,0.0
2019-01-08,22,0,145,31.48,31.48,0.0,199.900459,0.0
2019-01-08,22,0,146,37.28,37.28,0.0,-1548.065015,0.0
2019-01-08,22,0,152,0.0,0.0,0.0,0.0,0.0
2019-01-08,22,0,153,0.0,0.0,0.0,0.0,0.0
2019-01-08,22,0,154,0.0,0.0,0.0,0.0,0.0
2019-01-08,22,0,157,32.2,32.2,0.0,-467.987883,0.0
2019-01-08,22,0,158,0.0,0.0,0.0,-0.0,0.0
2019-01-08,22,0,159,0.0,0.0,0.0,0.0,0.0
2019-01-08,22,0,160,0.0,0.0,0.0,0.0,0.0
2019-01-08,22,0,161,0.0,0.0,0.0,-0.0,0.0
2019-01-08,22,0,162,80.93,80.93,0.0,1649.161439,0.0
2019-01-08,22,0,163,97.75,97.75,0.0,-4059.102875,0.0
2019-01-08,22,0,164,0.0,0.0,0.0,0.0,0.0
2019-01-08,22,0,167,0.0,0.0,0.0,0.0,0.0
2019-01-08,22,0,168,0.0,0.0,0.0,0.0,0.0
2019-01-08,22,0,169,0.0,0.0,0.0,0.0,0.0
2019-01-08,22,0,170,0.0,0.0,0.0,0.0,0.0
2019-01-08,22,0,172,0.0,0.0,0.0,0.0,0.0
2019-01-08,22,0,173,0.0,0.0,0.0,0.0,0.0
2019-01-08,22,0,188,0.0,0.0,0.0,0.0,0.0
2019-01-08,22,0,190,0.0,0.0,0.0,0.0,0.0
2019-01-08,22,0,191,0.0,0.0,0.0,0.0,0.0
2019-01-08,22,0,192,106.9,106.9,0.0,2649.089537,0.0
2019-01-08,22,0,194,176.5,176.5,0.0,1840.450664,0.0
2019-01-08,22,0,196,0.0,0.0,0.0,0.0,0.0
2019-01-08,22,0,198,0.0,0.0,0.0,0.0,0.0
2019-01-08,22,0,199,119.86,119.86,0.0,1369.039615,0.0
2019-01-08,22,0,200,0.0,0.0,0.0,0.0,0.0
2019-01-08,22,0,204,601.3,601.3,0.0,4877.915558,0.0
2019-01-08,22,0,205,638.52,638.52,0.0,5284.243752,0.0
2019-01-08,22,0,206,288.74,288.74,0.0,1494.148119,0.0
2019-01-08,22,0,210,0.0,0.0,0.0,0.0,0.0
2019-01-08,22,0,214,0.0,0.0,0.0,0.0,0.0
2019-01-08,22,0,217,0.0,0.0,0.0,0.0,0.0
2019-01-08,22,0,218,0.0,0.0,0.0,0.0,0.0
2019-01-08,22,0,219,0.0,0.0,0.0,0.0,0.0
2019-01-08,22,0,221,0.0,0.0,0.0,0.0,0.0
2019-01-08,22,0,225,0.0,0.0,0.0,0.0,0.0
2019-01-08,22,0,233,0.0,0.0,0.0,0.0,0.0
2019-01-08,22,0,236,24.58,24.58,0.0,264.984354,0.0
2019-01-08,22,0,237,22.54,22.54,0.0,225.07394,0.0
2019-01-08,22,0,238,0.0,0.0,0.0,0.0,0.0
2019-01-08,22,0,240,0.0,0.0,0.0,0.0,0.0
2019-01-08,22,0,245,23.18,23.18,0.0,271.451968,0.0
2019-01-08,22,0,247,14.44,14.44,0.0,169.101226,0.0
2019-01-08,22,0,248,2.26,2.26,0.0,22.567307,0.0
2019-01-08,22,0,249,44.58,44.58,0.0,522.059048,0.0
2019-01-08,22,0,251,207.78,207.78,0.0,2363.184695,0.0
2019-01-08,22,0,252,57.02,57.02,0.0,653.511015,0.0
2019-01-08,22,0,254,0.0,0.0,0.0,0.0,0.0
2019-01-08,22,0,255,0.0,0.0,0.0,0.0,0.0
2019-01-08,22,0,258,0.0,0.0,0.0,0.0,0.0
2019-01-08,22,0,260,0.0,0.0,0.0,0.0,0.0
2019-01-08,22,0,265,0.0,0.0,0.0,0.0,0.0
2019-01-08,22,0,266,62.44,62.44,0.0,446.324649,0.0
2019-01-08,22,0,267,76.74,76.74,0.0,548.541857,0.0
2019-01-08,22,0,270,305.26,305.26,0.0,-12676.028069,0.0
2019-01-08,22,0,272,307.91,307.91,0.0,890.374371,0.0
2019-01-08,22,0,273,0.0,0.0,0.0,-0.0,0.0
2019-01-08,22,0,274,393.52,393.52,0.0,-16341.055381,0.0
2019-01-08,22,0,275,547.79,547.79,0.0,-22747.170988,0.0
2019-01-08,22,0,276,0.0,0.0,0.0,-0.0,0.0
2019-01-08,22,0,277,0.0,0.0,0.0,0.0,0.0
2019-01-08,22,0,278,0.0,0.0,0.0,0.0,0.0
2019-01-08,22,0,279,212.09,212.09,0.0,524.440302,0.0
2019-01-08,22,0,281,13.05,13.05,0.0,68.014139,0.0
2019-01-08,22,0,282,0.0,0.0,0.0,0.0,0.0
2019-01-08,23,0,9,0.0,0.0,0.0,0.0,0.0
2019-01-08,23,0,17,0.0,0.0,0.0,0.0,0.0
2019-01-08,23,0,19,15.68,15.68,0.0,145.416459,0.0
2019-01-08,23,0,20,19.02,19.02,0.0,176.391649,0.0
2019-01-08,23,0,21,0.0,0.0,0.0,0.0,0.0
2019-01-08,23,0,22,0.0,0.0,0.0,0.0,0.0
2019-01-08,23,0,23,100.65,100.65,0.0,302.678085,0.0
2019-01-08,23,0,24,178.08,178.08,0.0,535.528201,0.0
2019-01-08,23,0,29,0.0,0.0,0.0,0.0,0.0
2019-01-08,23,0,30,0.0,0.0,0.0,0.0,0.0
2019-01-08,23,0,31,28.65,28.65,0.0,85.080513,0.0
2019-01-08,23,0,32,0.0,0.0,0.0,0.0,0.0
2019-01-08,23,0,33,0.0,0.0,0.0,0.0,0.0
2019-01-08,23,0,34,0.0,0.0,0.0,0.0,0.0
2019-01-08,23,0,35,0.0,0.0,0.0,0.0,0.0
2019-01-08,23,0,36,0.0,0.0,0.0,0.0,0.0
2019-01-08,23,0,37,0.0,0.0,0.0,0.0,0.0
2019-01-08,23,0,38,0.0,0.0,0.0,0.0,0.0
2019-01-08,23,0,39,0.0,0.0,0.0,0.0,0.0
2019-01-08,23,0,40,0.0,0.0,0.0,0.0,0.0
2019-01-08,23,0,41,83.68,83.68,0.0,417.6648,0.0
2019-01-08,23,0,42,0.0,0.0,0.0,0.0,0.0
2019-01-08,23,0,43,0.0,0.0,0.0,0.0,0.0
2019-01-08,23,0,46,0.0,0.0,0.0,0.0,0.0
2019-01-08,23,0,52,30.37,30.37,0.0,90.188314,0.0
2019-01-08,23,0,53,48.25,48.25,0.0,143.285681,0.0
2019-01-08,23,0,55,562.71,562.71,0.0,1692.20055,0.0
2019-01-08,23,0,56,0.0,0.0,0.0,0.0,0.0
2019-01-08,23,0,57,0.0,0.0,0.0,0.0,0.0
2019-01-08,23,0,58,0.0,0.0,0.0,0.0,0.0
2019-01-08,23,0,59,0.0,0.0,0.0,0.0,0.0
2019-01-08,23,0,63,170.0,170.0,0.0,5628.529283,0.0
2019-01-08,23,0,64,200.0,200.0,0.0,6621.799157,0.0
2019-01-08,23,0,65,6.23,6.23,0.0,57.472113,0.0
2019-01-08,23,0,67,0.0,0.0,0.0,0.0,0.0
2019-01-08,23,0,68,5.66,5.66,0.0,12.022347,0.0
2019-01-08,23,0,69,0.0,0.0,0.0,0.0,0.0
2019-01-08,23,0,74,23.09,23.09,0.0,181.374754,0.0
2019-01-08,23,0,77,181.11,181.11,0.0,-108.639165,0.0
2019-01-08,23,0,78,136.92,136.92,0.0,-82.131713,0.0
2019-01-08,23,0,79,79.23,79.23,0.0,-47.526261,0.0
2019-01-08,23,0,80,128.13,128.13,0.0,-76.859015,0.0
2019-01-08,23,0,81,167.53,167.53,0.0,-100.493177,0.0
2019-01-08,23,0,82,118.17,118.17,0.0,-70.884491,0.0
2019-01-08,23,0,83,263.51,263.51,0.0,-158.066956,0.0
2019-01-08,23,0,84,0.0,0.0,0.0,0.0,0.0
2019-01-08,23,0,86,0.0,0.0,0.0,0.0,0.0
2019-01-08,23,0,87,0.0,0.0,0.0,0.0,0.0
2019-01-08,23,0,88,170.6,170.6,0.0,-102.334723,0.0
2019-01-08,23,0,89,164.0,164.0,0.0,-98.375701,0.0
2019-01-08,23,0,90,220.2,220.2,0.0,-132.087374,0.0
2019-01-08,23,0,91,785.5,785.5,0.0,-471.183614,0.0
2019-01-08,23,0,92,282.5,282.5,0.0,-169.458143,0.0
2019-01-08,23,0,95,120.0,120.0,0.0,3871.555473,0.0
2019-01-08,23,0,96,15.99,15.99,0.0,46.856682,0.0
2019-01-08,23,0,97,98.33,98.33,0.0,288.143686,0.0
2019-01-08,23,0,99,4.46,4.46,0.0,35.033842,0.0
2019-01-08,23,0,101,0.0,0.0,0.0,0.0,0.0
2019-01-08,23,0,102,13.41,13.41,0.0,28.484041,0.0
2019-01-08,23,0,103,11.66,11.66,0.0,24.766884,0.0
2019-01-08,23,0,104,2.17,2.17,0.0,4.609274,0.0
2019-01-08,23,0,106,0.0,0.0,0.0,0.0,0.0
2019-01-08,23,0,109,159.35,159.35,0.0,993.796846,0.0
2019-01-08,23,0,110,97.27,97.27,0.0,1614.333925,0.0
2019-01-08,23,0,111,0.0,0.0,0.0,0.0,0.0
2019-01-08,23,0,113,93.05,93.05,0.0,-197.286367,0.0
2019-01-08,23,0,115,93.05,93.05,0.0,-197.286367,0.0
2019-01-08,23,0,116,0.0,0.0,0.0,0.0,0.0
2019-01-08,23,0,117,6.2,6.2,0.0,-13.145357,0.0
2019-01-08,23,0,119,200.0,200.0,0.0,6621.799157,0.0
2019-01-08,23,0,120,117.6,117.6,0.0,3893.617904,0.0
2019-01-08,23,0,123,0.0,0.0,0.0,0.0,0.0
2019-01-08,23,0,125,161.15,161.15,0.0,484.615732,0.0
2019-01-08,23,0,126,0.0,0.0,0.0,0.0,0.0
2019-01-08,23,0,127,0.0,0.0,0.0,0.0,0.0
2019-01-08,23,0,128,230.81,230.81,0.0,694.099641,0.0
2019-01-08,23,0,131,25.83,25.83,0.0,30.289141,0.0
2019-01-08,23,0,132,37.96,37.96,0.0,44.513194,0.0
2019-01-08,23,0,133,0.0,0.0,0.0,0.0,0.0
2019-01-08,23,0,134,0.0,0.0,0.0,0.0,0.0
2019-01-08,23,0,135,0.0,0.0,0.0,0.0,0.0
2019-01-08,23,0,136,8.75,8.75,0.0,80.695746,0.0
2019-01-08,23,0,139,108.06,108.06,0.0,539.350601,0.0
2019-01-08,23,0,140,71.99,71.99,0.0,1194.776388,0.0
2019-01-08,23,0,141,118.45,118.45,0.0,673.585983,0.0
2019-01-08,23,0,142,0.0,0.0,0.0,0.0,0.0
2019-01-08,23,0,143,33.04,33.04,0.0,98.117283,0.0
2019-01-08,23,0,145,13.92,13.92,0.0,58.224213,0.0
2019-01-08,23,0,146,22.99,22.99,0.0,381.551732,0.0
2019-01-08,23,0,152,0.0,0.0,0.0,0.0,0.0
2019-01-08,23,0,153,0.0,0.0,0.0,0.0,0.0
2019-01-08,23,0,154,0.0,0.0,0.0,0.0,0.0
2019-01-08,23,0,157,26.93,26.93,0.0,153.142005,0.0
2019-01-08,23,0,158,0.0,0.0,0.0,0.0,0.0
2019-01-08,23,0,159,0.0,0.0,0.0,0.0,0.0
2019-01-08,23,0,160,0.0,0.0,0.0,0.0,0.0
2019-01-08,23,0,161,0.0,0.0,0.0,0.0,0.0
2019-01-08,23,0,162,40.2,40.2,0.0,1297.849708,0.0
2019-01-08,23,0,163,83.14,83.14,0.0,1379.826489,0.0
2019-01-08,23,0,164,0.0,0.0,0.0,0.0,0.0
2019-01-08,23,0,167,0.0,0.0,0.0,0.0,0.0
2019-01-08,23,0,168,0.0,0.0,0.0,0.0,0.0
2019-01-08,23,0,169,0.0,0.0,0.0,0.0,0.0
2019-01-08,23,0,170,0.0,0.0,0.0,0.0,0.0
2019-01-08,23,0,172,0.0,0.0,0.0,0.0,0.0
2019-01-08,23,0,173,0.0,0.0,0.0,0.0,0.0
2019-01-08,23,0,188,0.0,0.0,0.0,0.0,0.0
2019-01-08,23,0,190,0.0,0.0,0.0,0.0,0.0
2019-01-08,23,0,191,0.0,0.0,0.0,0.0,0.0
2019-01-08,23,0,192,97.3,97.3,0.0,3221.50529,0.0
2019-01-08,23,0,194,176.5,176.5,0.0,-1092.635898,0.0
2019-01-08,23,0,196,0.0,0.0,0.0,0.0,0.0
2019-01-08,23,0,198,0.0,0.0,0.0,0.0,0.0
2019-01-08,23,0,199,95.85,95.85,0.0,676.801592,0.0
2019-01-08,23,0,200,0.0,0.0,0.0,0.0,0.0
2019-01-08,23,0,204,626.6,626.6,0.0,3807.485402,0.0
2019-01-08,23,0,205,842.97,842.97,0.0,5257.238324,0.0
2019-01-08,23,0,206,288.94,288.94,0.0,846.702294,0.0
2019-01-08,23,0,210,0.0,0.0,0.0,0.0,0.0
2019-01-08,23,0,214,0.0,0.0,0.0,0.0,0.0
2019-01-08,23,0,217,0.0,0.0,0.0,0.0,0.0
2019-01-08,23,0,218,0.0,0.0,0.0,0.0,0.0
2019-01-08,23,0,219,0.0,0.0,0.0,0.0,0.0
2019-01-08,23,0,221,0.0,0.0,0.0,0.0,0.0
2019-01-08,23,0,225,0.0,0.0,0.0,0.0,0.0
2019-01-08,23,0,233,0.0,0.0,0.0,0.0,0.0
2019-01-08,23,0,236,44.02,44.02,0.0,378.705719,0.0
2019-01-08,23,0,237,55.38,55.38,0.0,435.016625,0.0
2019-01-08,23,0,238,0.0,0.0,0.0,0.0,0.0
2019-01-08,23,0,240,0.0,0.0,0.0,0.0,0.0
2019-01-08,23,0,245,15.8,15.8,0.0,149.373434,0.0
2019-01-08,23,0,247,10.58,10.58,0.0,100.023476,0.0
2019-01-08,23,0,248,5.56,5.56,0.0,43.674475,0.0
2019-01-08,23,0,249,30.39,30.39,0.0,287.307509,0.0
2019-01-08,23,0,251,73.72,73.72,0.0,674.146501,0.0
2019-01-08,23,0,252,40.16,40.16,0.0,370.478338,0.0
2019-01-08,23,0,254,0.0,0.0,0.0,0.0,0.0
2019-01-08,23,0,255,0.0,0.0,0.0,0.0,0.0
2019-01-08,23,0,258,0.0,0.0,0.0,0.0,0.0
2019-01-08,23,0,260,0.0,0.0,0.0,0.0,0.0
2019-01-08,23,0,265,0.0,0.0,0.0,0.0,0.0
2019-01-08,23,0,266,69.97,69.97,0.0,349.235254,0.0
2019-01-08,23,0,267,85.99,85.99,0.0,429.194505,0.0
2019-01-08,23,0,270,259.65,259.65,0.0,4309.260859,0.0
2019-01-08,23,0,272,310.96,310.96,0.0,-659.303263,0.0
2019-01-08,23,0,273,0.0,0.0,0.0,0.0,0.0
2019-01-08,23,0,274,334.72,334.72,0.0,5555.154225,0.0
2019-01-08,23,0,275,465.94,465.94,0.0,7732.936663,0.0
2019-01-08,23,0,276,0.0,0.0,0.0,0.0,0.0
2019-01-08,23,0,277,0.0,0.0,0.0,0.0,0.0
2019-01-08,23,0,278,0.0,0.0,0.0,0.0,0.0
2019-01-08,23,0,279,199.78,199.78,0.0,-301.80349,0.0
2019-01-08,23,0,281,12.86,12.86,0.0,38.189717,0.0
2019-01-08,23,0,282,0.0,0.0,0.0,0.0,0.0
2019-01-09,0,0,9,0.0,0.0,0.0,0.0,0.0
2019-01-09,0,0,17,0.0,0.0,0.0,0.0,0.0
2019-01-09,0,0,19,0.0,0.0,0.0,0.0,0.0
2019-01-09,0,0,20,0.0,0.0,0.0,0.0,0.0
2019-01-09,0,0,21,0.0,0.0,0.0,0.0,0.0
2019-01-09,0,0,22,0.0,0.0,0.0,0.0,0.0
2019-01-09,0,0,23,98.12,98.12,0.0,558.343519,0.0
2019-01-09,0,0,24,173.6,173.6,0.0,987.856043,0.0
2019-01-09,0,0,29,0.0,0.0,0.0,0.0,0.0
2019-01-09,0,0,30,0.0,0.0,0.0,0.0,0.0
2019-01-09,0,0,31,28.45,28.45,0.0,161.45506,0.0
2019-01-09,0,0,32,0.0,0.0,0.0,0.0,0.0
2019-01-09,0,0,33,0.0,0.0,0.0,0.0,0.0
2019-01-09,0,0,34,0.0,0.0,0.0,0.0,0.0
2019-01-09,0,0,35,0.0,0.0,0.0,0.0,0.0
2019-01-09,0,0,36,0.0,0.0,0.0,0.0,0.0
2019-01-09,0,0,37,0.0,0.0,0.0,0.0,0.0
2019-01-09,0,0,38,0.0,0.0,0.0,0.0,0.0
2019-01-09,0,0,39,0.0,0.0,0.0,0.0,0.0
2019-01-09,0,0,40,0.0,0.0,0.0,0.0,0.0
2019-01-09,0,0,41,93.57,93.57,0.0,607.356756,0.0
2019-01-09,0,0,42,0.0,0.0,0.0,0.0,0.0
2019-01-09,0,0,43,0.0,0.0,0.0,0.0,0.0
2019-01-09,0,0,46,0.0,0.0,0.0,0.0,0.0
2019-01-09,0,0,52,30.16,30.16,0.0,171.159389,0.0
2019-01-09,0,0,53,47.92,47.92,0.0,271.948207,0.0
2019-01-09,0,0,55,528.62,528.62,0.0,3008.067174,0.0
2019-01-09,0,0,56,0.0,0.0,0.0,0.0,0.0
2019-01-09,0,0,57,0.0,0.0,0.0,0.0,0.0
2019-01-09,0,0,58,0.0,0.0,0.0,0.0,0.0
2019-01-09,0,0,59,0.0,0.0,0.0,0.0,0.0
2019-01-09,0,0,63,161.21,161.21,0.0,3043.562993,0.0
2019-01-09,0,0,64,189.66,189.66,0.0,3580.684556,0.0
2019-01-09,0,0,65,4.2,4.2,0.0,34.006565,0.0
2019-01-09,0,0,67,0.0,0.0,0.0,0.0,0.0
2019-01-09,0,0,68,5.21,5.21,0.0,19.790363,0.0
2019-01-09,0,0,69,0.0,0.0,0.0,0.0,0.0
2019-01-09,0,0,74,45.99,45.99,0.0,349.942923,0.0
2019-01-09,0,0,77,183.09,183.09,0.0,771.353826,0.0
2019-01-09,0,0,78,138.42,138.42,0.0,583.160176,0.0
2019-01-09,0,0,79,80.1,80.1,0.0,337.459399,0.0
2019-01-09,0,0,80,129.54,129.54,0.0,545.748946,0.0
2019-01-09,0,0,81,169.36,169.36,0.0,713.509661,0.0
2019-01-09,0,0,82,119.47,119.47,0.0,503.324275,0.0
2019-01-09,0,0,83,266.4,266.4,0.0,1122.336879,0.0
2019-01-09,0,0,84,0.0,0.0,0.0,0.0,0.0
2019-01-09,0,0,86,0.0,0.0,0.0,0.0,0.0
2019-01-09,0,0,87,0.0,0.0,0.0,0.0,0.0
2019-01-09,0,0,88,170.6,170.6,0.0,718.733752,0.0
2019-01-09,0,0,89,164.0,164.0,0.0,690.928109,0.0
2019-01-09,0,0,90,220.2,220.2,0.0,927.697375,0.0
2019-01-09,0,0,91,785.5,785.5,0.0,3309.292862,0.0
2019-01-09,0,0,92,282.5,282.5,0.0,1190.165797,0.0
2019-01-09,0,0,95,67.44,67.44,0.0,1204.568344,0.0
2019-01-09,0,0,96,16.14,16.14,0.0,91.336002,0.0
2019-01-09,0,0,97,99.24,99.24,0.0,561.597571,0.0
2019-01-09,0,0,99,8.88,8.88,0.0,67.568888,0.0
2019-01-09,0,0,101,0.0,0.0,0.0,0.0,0.0
2019-01-09,0,0,102,12.32,12.32,0.0,46.797942,0.0
2019-01-09,0,0,103,10.72,10.72,0.0,40.720287,0.0
2019-01-09,0,0,104,1.99,1.99,0.0,7.559083,0.0
2019-01-09,0,0,106,0.0,0.0,0.0,0.0,0.0
2019-01-09,0,0,109,171.68,171.68,0.0,1205.110529,0.0
2019-01-09,0,0,110,86.71,86.71,0.0,195.97784,0.0
2019-01-09,0,0,111,0.0,0.0,0.0,0.0,0.0
2019-01-09,0,0,113,93.8,93.8,0.0,371.862233,0.0
2019-01-09,0,0,115,93.8,93.8,0.0,371.862233,0.0
2019-01-09,0,0,116,0.0,0.0,0.0,0.0,0.0
2019-01-09,0,0,117,6.25,6.25,0.0,24.777601,0.0
2019-01-09,0,0,119,189.66,189.66,0.0,3580.684556,0.0
2019-01-09,0,0,120,111.52,111.52,0.0,2105.441009,0.0
2019-01-09,0,0,123,0.0,0.0,0.0,0.0,0.0
2019-01-09,0,0,125,157.1,157.1,0.0,893.964196,0.0
2019-01-09,0,0,126,0.0,0.0,0.0,0.0,0.0
2019-01-09,0,0,127,0.0,0.0,0.0,0.0,0.0
2019-01-09,0,0,128,225.0,225.0,0.0,1280.343374,0.0
2019-01-09,0,0,131,25.32,25.32,0.0,98.739699,0.0
2019-01-09,0,0,132,37.22,37.22,0.0,145.145797,0.0
2019-01-09,0,0,133,0.0,0.0,0.0,0.0,0.0
2019-01-09,0,0,134,0.0,0.0,0.0,0.0,0.0
2019-01-09,0,0,135,0.0,0.0,0.0,0.0,0.0
2019-01-09,0,0,136,5.05,5.05,0.0,40.884084,0.0
2019-01-09,0,0,139,120.83,120.83,0.0,784.299635,0.0
2019-01-09,0,0,140,64.18,64.18,0.0,145.0566,0.0
2019-01-09,0,0,141,103.71,103.71,0.0,354.671476,0.0
2019-01-09,0,0,142,0.0,0.0,0.0,0.0,0.0
2019-01-09,0,0,143,94.98,94.98,0.0,539.015874,0.0
2019-01-09,0,0,145,15.3,15.3,0.0,94.463617,0.0
2019-01-09,0,0,146,13.7,13.7,0.0,30.964092,0.0
2019-01-09,0,0,152,0.0,0.0,0.0,0.0,0.0
2019-01-09,0,0,153,0.0,0.0,0.0,0.0,0.0
2019-01-09,0,0,154,0.0,0.0,0.0,0.0,0.0
2019-01-09,0,0,157,23.53,23.53,0.0,80.468806,0.0
2019-01-09,0,0,158,0.0,0.0,0.0,0.0,0.0
2019-01-09,0,0,159,0.0,0.0,0.0,0.0,0.0
2019-01-09,0,0,160,0.0,0.0,0.0,0.0,0.0
2019-01-09,0,0,161,0.0,0.0,0.0,0.0,0.0
2019-01-09,0,0,162,39.57,39.57,0.0,707.374041,0.0
2019-01-09,0,0,163,70.18,70.18,0.0,158.617516,0.0
2019-01-09,0,0,164,0.0,0.0,0.0,0.0,0.0
2019-01-09,0,0,167,0.0,0.0,0.0,0.0,0.0
2019-01-09,0,0,168,0.0,0.0,0.0,0.0,0.0
2019-01-09,0,0,169,0.0,0.0,0.0,0.0,0.0
2019-01-09,0,0,170,0.0,0.0,0.0,0.0,0.0
2019-01-09,0,0,172,0.0,0.0,0.0,0.0,0.0
2019-01-09,0,0,173,0.0,0.0,0.0,0.0,0.0
2019-01-09,0,0,188,0.0,0.0,0.0,0.0,0.0
2019-01-09,0,0,190,0.0,0.0,0.0,0.0,0.0
2019-01-09,0,0,191,0.0,0.0,0.0,0.0,0.0
2019-01-09,0,0,192,87.7,87.7,0.0,1655.731496,0.0
2019-01-09,0,0,194,176.5,176.5,0.0,708.540207,0.0
2019-01-09,0,0,196,0.0,0.0,0.0,0.0,0.0
2019-01-09,0,0,198,0.0,0.0,0.0,0.0,0.0
2019-01-09,0,0,199,39.0,39.0,0.0,334.631402,0.0
2019-01-09,0,0,200,0.0,0.0,0.0,0.0,0.0
2019-01-09,0,0,204,668.07,668.07,0.0,4649.040337,0.0
2019-01-09,0,0,205,908.2,908.2,0.0,6375.12455,0.0
2019-01-09,0,0,206,291.6,291.6,0.0,1650.159731,0.0
2019-01-09,0,0,210,0.0,0.0,0.0,0.0,0.0
2019-01-09,0,0,214,0.0,0.0,0.0,0.0,0.0
2019-01-09,0,0,217,0.0,0.0,0.0,0.0,0.0
2019-01-09,0,0,218,0.0,0.0,0.0,0.0,0.0
2019-01-09,0,0,219,0.0,0.0,0.0,0.0,0.0
2019-01-09,0,0,221,0.0,0.0,0.0,0.0,0.0
2019-01-09,0,0,225,0.0,0.0,0.0,0.0,0.0
2019-01-09,0,0,233,0.0,0.0,0.0,0.0,0.0
2019-01-09,0,0,236,74.01,74.01,0.0,583.169408,0.0
2019-01-09,0,0,237,110.32,110.32,0.0,839.436906,0.0
2019-01-09,0,0,238,0.0,0.0,0.0,0.0,0.0
2019-01-09,0,0,240,0.0,0.0,0.0,0.0,0.0
2019-01-09,0,0,245,6.48,6.48,0.0,52.987894,0.0
2019-01-09,0,0,247,7.46,7.46,0.0,61.001495,0.0
2019-01-09,0,0,248,11.07,11.07,0.0,84.232837,0.0
2019-01-09,0,0,249,12.13,12.13,0.0,99.188758,0.0
2019-01-09,0,0,251,52.9,52.9,0.0,426.828894,0.0
2019-01-09,0,0,252,27.1,27.1,0.0,219.423314,0.0
2019-01-09,0,0,254,0.0,0.0,0.0,0.0,0.0
2019-01-09,0,0,255,0.0,0.0,0.0,0.0,0.0
2019-01-09,0,0,258,0.0,0.0,0.0,0.0,0.0
2019-01-09,0,0,260,0.0,0.0,0.0,0.0,0.0
2019-01-09,0,0,265,0.0,0.0,0.0,0.0,0.0
2019-01-09,0,0,266,78.24,78.24,0.0,507.850728,0.0
2019-01-09,0,0,267,96.15,96.15,0.0,624.103367,0.0
2019-01-09,0,0,270,219.18,219.18,0.0,495.380268,0.0
2019-01-09,0,0,272,313.48,313.48,0.0,1242.765168,0.0
2019-01-09,0,0,273,0.0,0.0,0.0,0.0,0.0
2019-01-09,0,0,274,282.55,282.55,0.0,638.606144,0.0
2019-01-09,0,0,275,393.31,393.31,0.0,888.940657,0.0
2019-01-09,0,0,276,0.0,0.0,0.0,0.0,0.0
2019-01-09,0,0,277,0.0,0.0,0.0,0.0,0.0
2019-01-09,0,0,278,0.0,0.0,0.0,0.0,0.0
2019-01-09,0,0,279,188.22,188.22,0.0,764.93886,0.0
2019-01-09,0,0,281,12.77,12.77,0.0,72.470338,0.0
2019-01-09,0,0,282,0.0,0.0,0.0,0.0,0.0
2019-01-09,1,0,9,0.0,0.0,0.0,0.0,0.0
2019-01-09,1,0,17,0.0,0.0,0.0,0.0,0.0
2019-01-09,1,0,19,0.0,0.0,0.0,0.0,0.0
2019-01-09,1,0,20,0.0,0.0,0.0,0.0,0.0
2019-01-09,1,0,21,0.0,0.0,0.0,0.0,0.0
2019-01-09,1,0,22,0.0,0.0,0.0,0.0,0.0
2019-01-09,1,0,23,95.63,95.63,0.0,527.563132,0.0
2019-01-09,1,0,24,169.2,169.2,0.0,933.427606,0.0
2019-01-09,1,0,29,0.0,0.0,0.0,0.0,0.0
2019-01-09,1,0,30,0.0,0.0,0.0,0.0,0.0
2019-01-09,1,0,31,63.47,63.47,0.0,349.162948,0.0
2019-01-09,1,0,32,0.0,0.0,0.0,0.0,0.0
2019-01-09,1,0,33,0.0,0.0,0.0,0.0,0.0
2019-01-09,1,0,34,0.0,0.0,0.0,0.0,0.0
2019-01-09,1,0,35,0.0,0.0,0.0,0.0,0.0
2019-01-09,1,0,36,0.0,0.0,0.0,0.0,0.0
2019-01-09,1,0,37,0.0,0.0,0.0,0.0,0.0
2019-01-09,1,0,38,0.0,0.0,0.0,0.0,0.0
2019-01-09,1,0,39,0.0,0.0,0.0,0.0,0.0
2019-01-09,1,0,40,0.0,0.0,0.0,0.0,0.0
2019-01-09,1,0,41,104.89,104.89,0.0,663.240299,0.0
2019-01-09,1,0,42,0.0,0.0,0.0,0.0,0.0
2019-01-09,1,0,43,0.0,0.0,0.0,0.0,0.0
2019-01-09,1,0,46,0.0,0.0,0.0,0.0,0.0
2019-01-09,1,0,52,67.57,67.57,0.0,371.717983,0.0
2019-01-09,1,0,53,110.45,110.45,0.0,607.610644,0.0
2019-01-09,1,0,55,419.41,419.41,0.0,2313.76402,0.0
2019-01-09,1,0,56,0.0,0.0,0.0,0.0,0.0
2019-01-09,1,0,57,0.0,0.0,0.0,0.0,0.0
2019-01-09,1,0,58,0.0,0.0,0.0,0.0,0.0
2019-01-09,1,0,59,0.0,0.0,0.0,0.0,0.0
2019-01-09,1,0,63,143.17,143.17,0.0,2694.838464,0.0
2019-01-09,1,0,64,168.43,168.43,0.0,3170.298544,0.0
2019-01-09,1,0,65,2.67,2.67,0.0,21.202565,0.0
2019-01-09,1,0,67,0.0,0.0,0.0,0.0,0.0
2019-01-09,1,0,68,4.77,4.77,0.0,17.40786,0.0
2019-01-09,1,0,69,0.0,0.0,0.0,0.0,0.0
2019-01-09,1,0,74,65.28,65.28,0.0,486.316946,0.0
2019-01-09,1,0,77,184.76,184.76,0.0,744.261252,0.0
2019-01-09,1,0,78,139.68,139.68,0.0,562.667308,0.0
2019-01-09,1,0,79,80.83,80.83,0.0,325.604227,0.0
2019-01-09,1,0,80,130.72,130.72,0.0,526.574101,0.0
2019-01-09,1,0,81,170.9,170.9,0.0,688.429574,0.0
2019-01-09,1,0,82,120.56,120.56,0.0,485.646983,0.0
2019-01-09,1,0,83,268.82,268.82,0.0,1082.876758,0.0
2019-01-09,1,0,84,0.0,0.0,0.0,0.0,0.0
2019-01-09,1,0,86,0.0,0.0,0.0,0.0,0.0
2019-01-09,1,0,87,0.0,0.0,0.0,0.0,0.0
2019-01-09,1,0,88,170.6,170.6,0.0,687.221096,0.0
2019-01-09,1,0,89,164.0,164.0,0.0,660.634582,0.0
2019-01-09,1,0,90,220.2,220.2,0.0,887.022774,0.0
2019-01-09,1,0,91,785.5,785.5,0.0,3164.197953,0.0
2019-01-09,1,0,92,282.5,282.5,0.0,1137.98335,0.0
2019-01-09,1,0,95,88.63,88.63,0.0,1578.650646,0.0
2019-01-09,1,0,96,16.37,16.37,0.0,89.790208,0.0
2019-01-09,1,0,97,100.64,100.64,0.0,552.015061,0.0
2019-01-09,1,0,99,12.6,12.6,0.0,93.866322,0.0
2019-01-09,1,0,101,0.0,0.0,0.0,0.0,0.0
2019-01-09,1,0,102,11.3,11.3,0.0,41.238747,0.0
2019-01-09,1,0,103,9.82,9.82,0.0,35.837566,0.0
2019-01-09,1,0,104,1.82,1.82,0.0,6.641993,0.0
2019-01-09,1,0,106,0.0,0.0,0.0,0.0,0.0
2019-01-09,1,0,109,188.18,188.18,0.0,1290.109437,0.0
2019-01-09,1,0,110,76.96,76.96,0.0,176.124408,0.0
2019-01-09,1,0,111,0.0,0.0,0.0,0.0,0.0
2019-01-09,1,0,113,53.4,53.4,0.0,201.231409,0.0
2019-01-09,1,0,115,53.4,53.4,0.0,201.231409,0.0
2019-01-09,1,0,116,0.0,0.0,0.0,0.0,0.0
2019-01-09,1,0,117,3.65,3.65,0.0,13.754581,0.0
2019-01-09,1,0,119,168.43,168.43,0.0,3170.298544,0.0
2019-01-09,1,0,120,99.04,99.04,0.0,1864.195023,0.0
2019-01-09,1,0,123,0.0,0.0,0.0,0.0,0.0
2019-01-09,1,0,125,153.11,153.11,0.0,844.663716,0.0
2019-01-09,1,0,126,0.0,0.0,0.0,0.0,0.0
2019-01-09,1,0,127,0.0,0.0,0.0,0.0,0.0
2019-01-09,1,0,128,219.29,219.29,0.0,1209.759691,0.0
2019-01-09,1,0,131,24.78,24.78,0.0,92.650393,0.0
2019-01-09,1,0,132,36.43,36.43,0.0,136.208789,0.0
2019-01-09,1,0,133,0.0,0.0,0.0,0.0,0.0
2019-01-09,1,0,134,0.0,0.0,0.0,0.0,0.0
2019-01-09,1,0,135,0.0,0.0,0.0,0.0,0.0
2019-01-09,1,0,136,2.59,2.59,0.0,20.564822,0.0
2019-01-09,1,0,139,135.45,135.45,0.0,856.477248,0.0
2019-01-09,1,0,140,56.96,56.96,0.0,130.354032,0.0
2019-01-09,1,0,141,90.7,90.7,0.0,300.619164,0.0
2019-01-09,1,0,142,0.0,0.0,0.0,0.0,0.0
2019-01-09,1,0,143,141.03,141.03,0.0,775.8382,0.0
2019-01-09,1,0,145,17.01,17.01,0.0,102.12795,0.0
2019-01-09,1,0,146,7.91,7.91,0.0,18.102184,0.0
2019-01-09,1,0,152,0.0,0.0,0.0,0.0,0.0
2019-01-09,1,0,153,0.0,0.0,0.0,0.0,0.0
2019-01-09,1,0,154,0.0,0.0,0.0,0.0,0.0
2019-01-09,1,0,157,22.03,22.03,0.0,73.016981,0.0
2019-01-09,1,0,158,0.0,0.0,0.0,0.0,0.0
2019-01-09,1,0,159,0.0,0.0,0.0,0.0,0.0
2019-01-09,1,0,160,0.0,0.0,0.0,0.0,0.0
2019-01-09,1,0,161,0.0,0.0,0.0,0.0,0.0
2019-01-09,1,0,162,38.93,38.93,0.0,694.000268,0.0
2019-01-09,1,0,163,58.89,58.89,0.0,134.770873,0.0
2019-01-09,1,0,164,0.0,0.0,0.0,0.0,0.0
2019-01-09,1,0,167,0.0,0.0,0.0,0.0,0.0
2019-01-09,1,0,168,0.0,0.0,0.0,0.0,0.0
2019-01-09,1,0,169,0.0,0.0,0.0,0.0,0.0
2019-01-09,1,0,170,0.0,0.0,0.0,0.0,0.0
2019-01-09,1,0,172,0.0,0.0,0.0,0.0,0.0
2019-01-09,1,0,173,0.0,0.0,0.0,0.0,0.0
2019-01-09,1,0,188,0.0,0.0,0.0,0.0,0.0
2019-01-09,1,0,190,0.0,0.0,0.0,0.0,0.0
2019-01-09,1,0,191,0.0,0.0,0.0,0.0,0.0
2019-01-09,1,0,192,79.41,79.41,0.0,1494.70645,0.0
2019-01-09,1,0,194,176.5,176.5,0.0,666.336223,0.0
2019-01-09,1,0,196,0.0,0.0,0.0,0.0,0.0
2019-01-09,1,0,198,0.0,0.0,0.0,0.0,0.0
2019-01-09,1,0,199,95.96,95.96,0.0,807.318072,0.0
2019-01-09,1,0,200,0.0,0.0,0.0,0.0,0.0
2019-01-09,1,0,204,720.23,720.23,0.0,4893.721109,0.0
2019-01-09,1,0,205,995.46,995.46,0.0,6824.595281,0.0
2019-01-09,1,0,206,295.72,295.72,0.0,1622.037896,0.0
2019-01-09,1,0,210,0.0,0.0,0.0,0.0,0.0
2019-01-09,1,0,214,0.0,0.0,0.0,0.0,0.0
2019-01-09,1,0,217,0.0,0.0,0.0,0.0,0.0
2019-01-09,1,0,218,0.0,0.0,0.0,0.0,0.0
2019-01-09,1,0,219,0.0,0.0,0.0,0.0,0.0
2019-01-09,1,0,221,0.0,0.0,0.0,0.0,0.0
2019-01-09,1,0,225,0.0,0.0,0.0,0.0,0.0
2019-01-09,1,0,233,0.0,0.0,0.0,0.0,0.0
2019-01-09,1,0,236,117.5,117.5,0.0,907.360652,0.0
2019-01-09,1,0,237,156.6,156.6,0.0,1166.624292,0.0
2019-01-09,1,0,238,0.0,0.0,0.0,0.0,0.0
2019-01-09,1,0,240,0.0,0.0,0.0,0.0,0.0
2019-01-09,1,0,245,1.9,1.9,0.0,15.241757,0.0
2019-01-09,1,0,247,5.09,5.09,0.0,40.831865,0.0
2019-01-09,1,0,248,15.72,15.72,0.0,117.109412,0.0
2019-01-09,1,0,249,3.65,3.65,0.0,29.280218,0.0
2019-01-09,1,0,251,36.63,36.63,0.0,289.839395,0.0
2019-01-09,1,0,252,17.22,17.22,0.0,136.744636,0.0
2019-01-09,1,0,254,0.0,0.0,0.0,0.0,0.0
2019-01-09,1,0,255,0.0,0.0,0.0,0.0,0.0
2019-01-09,1,0,258,0.0,0.0,0.0,0.0,0.0
2019-01-09,1,0,260,0.0,0.0,0.0,0.0,0.0
2019-01-09,1,0,265,0.0,0.0,0.0,0.0,0.0
2019-01-09,1,0,266,87.71,87.71,0.0,554.607748,0.0
2019-01-09,1,0,267,107.78,107.78,0.0,681.514343,0.0
2019-01-09,1,0,270,183.93,183.93,0.0,420.927266,0.0
2019-01-09,1,0,272,178.11,178.11,0.0,671.185884,0.0
2019-01-09,1,0,273,0.0,0.0,0.0,0.0,0.0
2019-01-09,1,0,274,237.1,237.1,0.0,542.607811,0.0
2019-01-09,1,0,275,330.05,330.05,0.0,755.325635,0.0
2019-01-09,1,0,276,0.0,0.0,0.0,0.0,0.0
2019-01-09,1,0,277,0.0,0.0,0.0,0.0,0.0
2019-01-09,1,0,278,0.0,0.0,0.0,0.0,0.0
2019-01-09,1,0,279,177.54,177.54,0.0,687.535902,0.0
2019-01-09,1,0,281,26.2,26.2,0.0,144.132176,0.0
2019-01-09,1,0,282,0.0,0.0,0.0,0.0,0.0
2019-01-09,2,0,9,0.0,0.0,0.0,0.0,0.0
2019-01-09,2,0,17,0.0,0.0,0.0,0.0,0.0
2019-01-09,2,0,19,0.0,0.0,0.0,0.0,0.0
2019-01-09,2,0,20,0.0,0.0,0.0,0.0,0.0
2019-01-09,2,0,21,0.0,0.0,0.0,0.0,0.0
2019-01-09,2,0,22,0.0,0.0,0.0,0.0,0.0
2019-01-09,2,0,23,102.04,102.04,0.0,566.932208,0.0
2019-01-09,2,0,24,180.54,180.54,0.0,1003.076644,0.0
2019-01-09,2,0,29,0.0,0.0,0.0,0.0,0.0
2019-01-09,2,0,30,0.0,0.0,0.0,0.0,0.0
2019-01-09,2,0,31,31.23,31.23,0.0,173.040205,0.0
2019-01-09,2,0,32,0.0,0.0,0.0,0.0,0.0
2019-01-09,2,0,33,0.0,0.0,0.0,0.0,0.0
2019-01-09,2,0,34,0.0,0.0,0.0,0.0,0.0
2019-01-09,2,0,35,0.0,0.0,0.0,0.0,0.0
2019-01-09,2,0,36,0.0,0.0,0.0,0.0,0.0
2019-01-09,2,0,37,0.0,0.0,0.0,0.0,0.0
2019-01-09,2,0,38,0.0,0.0,0.0,0.0,0.0
2019-01-09,2,0,39,0.0,0.0,0.0,0.0,0.0
2019-01-09,2,0,40,0.0,0.0,0.0,0.0,0.0
2019-01-09,2,0,41,116.0,116.0,0.0,736.015313,0.0
2019-01-09,2,0,42,0.0,0.0,0.0,0.0,0.0
2019-01-09,2,0,43,0.0,0.0,0.0,0.0,0.0
2019-01-09,2,0,46,0.0,0.0,0.0,0.0,0.0
2019-01-09,2,0,52,33.1,33.1,0.0,183.401562,0.0
2019-01-09,2,0,53,52.59,52.59,0.0,291.392391,0.0
2019-01-09,2,0,55,560.24,560.24,0.0,3112.682283,0.0
2019-01-09,2,0,56,0.0,0.0,0.0,0.0,0.0
2019-01-09,2,0,57,0.0,0.0,0.0,0.0,0.0
2019-01-09,2,0,58,0.0,0.0,0.0,0.0,0.0
2019-01-09,2,0,59,0.0,0.0,0.0,0.0,0.0
2019-01-09,2,0,63,113.81,113.81,0.0,2231.645452,0.0
2019-01-09,2,0,64,133.9,133.9,0.0,2625.580581,0.0
2019-01-09,2,0,65,1.48,1.48,0.0,11.732961,0.0
2019-01-09,2,0,67,0.0,0.0,0.0,0.0,0.0
2019-01-09,2,0,68,4.47,4.47,0.0,26.333951,0.0
2019-01-09,2,0,69,0.0,0.0,0.0,0.0,0.0
2019-01-09,2,0,74,65.28,65.28,0.0,486.141109,0.0
2019-01-09,2,0,77,176.88,176.88,0.0,725.179675,0.0
2019-01-09,2,0,78,133.72,133.72,0.0,548.230586,0.0
2019-01-09,2,0,79,77.39,77.39,0.0,317.286607,0.0
2019-01-09,2,0,80,125.14,125.14,0.0,513.05396,0.0
2019-01-09,2,0,81,163.62,163.62,0.0,670.815798,0.0
2019-01-09,2,0,82,115.42,115.42,0.0,473.203517,0.0
2019-01-09,2,0,83,257.36,257.36,0.0,1055.134787,0.0
2019-01-09,2,0,84,0.0,0.0,0.0,0.0,0.0
2019-01-09,2,0,86,0.0,0.0,0.0,0.0,0.0
2019-01-09,2,0,87,0.0,0.0,0.0,0.0,0.0
2019-01-09,2,0,88,168.04,168.04,0.0,688.93709,0.0
2019-01-09,2,0,89,161.54,161.54,0.0,662.288131,0.0
2019-01-09,2,0,90,216.9,216.9,0.0,889.255266,0.0
2019-01-09,2,0,91,773.73,773.73,0.0,3172.169096,0.0
2019-01-09,2,0,92,278.27,278.27,0.0,1140.862438,0.0
2019-01-09,2,0,95,36.0,36.0,0.0,700.048073,0.0
2019-01-09,2,0,96,17.68,17.68,0.0,97.682039,0.0
2019-01-09,2,0,97,108.75,108.75,0.0,600.843987,0.0
2019-01-09,2,0,99,12.6,12.6,0.0,93.832383,0.0
2019-01-09,2,0,101,0.0,0.0,0.0,0.0,0.0
2019-01-09,2,0,102,10.59,10.59,0.0,62.388488,0.0
2019-01-09,2,0,103,9.21,9.21,0.0,54.258544,0.0
2019-01-09,2,0,104,1.71,1.71,0.0,10.074062,0.0
2019-01-09,2,0,106,0.0,0.0,0.0,0.0,0.0
2019-01-09,2,0,109,195.26,195.26,0.0,1340.63976,0.0
2019-01-09,2,0,110,75.31,75.31,0.0,1137.869797,0.0
2019-01-09,2,0,111,0.0,0.0,0.0,0.0,0.0
2019-01-09,2,0,113,50.23,50.23,0.0,166.607855,0.0
2019-01-09,2,0,115,50.23,50.23,0.0,166.607855,0.0
2019-01-09,2,0,116,0.0,0.0,0.0,0.0,0.0
2019-01-09,2,0,117,2.68,2.68,0.0,8.88929,0.0
2019-01-09,2,0,119,133.9,133.9,0.0,2625.580581,0.0
2019-01-09,2,0,120,78.73,78.73,0.0,1543.778635,0.0
2019-01-09,2,0,123,0.0,0.0,0.0,0.0,0.0
2019-01-09,2,0,125,163.37,163.37,0.0,907.680466,0.0
2019-01-09,2,0,126,0.0,0.0,0.0,0.0,0.0
2019-01-09,2,0,127,0.0,0.0,0.0,0.0,0.0
2019-01-09,2,0,128,233.99,233.99,0.0,1300.04378,0.0
2019-01-09,2,0,131,24.28,24.28,0.0,128.325931,0.0
2019-01-09,2,0,132,35.69,35.69,0.0,188.630662,0.0
2019-01-09,2,0,133,0.0,0.0,0.0,0.0,0.0
2019-01-09,2,0,134,0.0,0.0,0.0,0.0,0.0
2019-01-09,2,0,135,0.0,0.0,0.0,0.0,0.0
2019-01-09,2,0,136,1.72,1.72,0.0,13.634005,0.0
2019-01-09,2,0,139,149.8,149.8,0.0,950.474948,0.0
2019-01-09,2,0,140,55.74,55.74,0.0,842.183806,0.0
2019-01-09,2,0,141,92.27,92.27,0.0,752.958538,0.0
2019-01-09,2,0,142,0.0,0.0,0.0,0.0,0.0
2019-01-09,2,0,143,90.35,90.35,0.0,500.614234,0.0
2019-01-09,2,0,145,18.09,18.09,0.0,109.131273,0.0
2019-01-09,2,0,146,5.74,5.74,0.0,86.726499,0.0
2019-01-09,2,0,152,0.0,0.0,0.0,0.0,0.0
2019-01-09,2,0,153,0.0,0.0,0.0,0.0,0.0
2019-01-09,2,0,154,0.0,0.0,0.0,0.0,0.0
2019-01-09,2,0,157,16.96,16.96,0.0,138.400095,0.0
2019-01-09,2,0,158,0.0,0.0,0.0,0.0,0.0
2019-01-09,2,0,159,0.0,0.0,0.0,0.0,0.0
2019-01-09,2,0,160,0.0,0.0,0.0,0.0,0.0
2019-01-09,2,0,161,0.0,0.0,0.0,0.0,0.0
2019-01-09,2,0,162,30.24,30.24,0.0,588.280239,0.0
2019-01-09,2,0,163,52.05,52.05,0.0,786.431057,0.0
2019-01-09,2,0,164,0.0,0.0,0.0,0.0,0.0
2019-01-09,2,0,167,0.0,0.0,0.0,0.0,0.0
2019-01-09,2,0,168,0.0,0.0,0.0,0.0,0.0
2019-01-09,2,0,169,0.0,0.0,0.0,0.0,0.0
2019-01-09,2,0,170,0.0,0.0,0.0,0.0,0.0
2019-01-09,2,0,172,0.0,0.0,0.0,0.0,0.0
2019-01-09,2,0,173,0.0,0.0,0.0,0.0,0.0
2019-01-09,2,0,188,0.0,0.0,0.0,0.0,0.0
2019-01-09,2,0,190,0.0,0.0,0.0,0.0,0.0
2019-01-09,2,0,191,0.0,0.0,0.0,0.0,0.0
2019-01-09,2,0,192,74.41,74.41,0.0,1459.069836,0.0
2019-01-09,2,0,194,176.5,176.5,0.0,158.386003,0.0
2019-01-09,2,0,196,0.0,0.0,0.0,0.0,0.0
2019-01-09,2,0,198,0.0,0.0,0.0,0.0,0.0
2019-01-09,2,0,199,39.0,39.0,0.0,294.387377,0.0
2019-01-09,2,0,200,0.0,0.0,0.0,0.0,0.0
2019-01-09,2,0,204,778.27,778.27,0.0,5297.054,0.0
2019-01-09,2,0,205,958.56,958.56,0.0,6581.397358,0.0
2019-01-09,2,0,206,319.55,319.55,0.0,1765.514447,0.0
2019-01-09,2,0,210,0.0,0.0,0.0,0.0,0.0
2019-01-09,2,0,214,0.0,0.0,0.0,0.0,0.0
2019-01-09,2,0,217,0.0,0.0,0.0,0.0,0.0
2019-01-09,2,0,218,0.0,0.0,0.0,0.0,0.0
2019-01-09,2,0,219,0.0,0.0,0.0,0.0,0.0
2019-01-09,2,0,221,0.0,0.0,0.0,0.0,0.0
2019-01-09,2,0,225,0.0,0.0,0.0,0.0,0.0
2019-01-09,2,0,233,0.0,0.0,0.0,0.0,0.0
2019-01-09,2,0,236,137.2,137.2,0.0,1058.307155,0.0
2019-01-09,2,0,237,156.6,156.6,0.0,1166.202477,0.0
2019-01-09,2,0,238,0.0,0.0,0.0,0.0,0.0
2019-01-09,2,0,240,0.0,0.0,0.0,0.0,0.0
2019-01-09,2,0,245,0.0,0.0,0.0,0.0,0.0
2019-01-09,2,0,247,0.0,0.0,0.0,0.0,0.0
2019-01-09,2,0,248,15.72,15.72,0.0,117.067069,0.0
2019-01-09,2,0,249,0.0,0.0,0.0,0.0,0.0
2019-01-09,2,0,251,21.55,21.55,0.0,170.24243,0.0
2019-01-09,2,0,252,9.53,9.53,0.0,75.550755,0.0
2019-01-09,2,0,254,0.0,0.0,0.0,0.0,0.0
2019-01-09,2,0,255,0.0,0.0,0.0,0.0,0.0
2019-01-09,2,0,258,0.0,0.0,0.0,0.0,0.0
2019-01-09,2,0,260,0.0,0.0,0.0,0.0,0.0
2019-01-09,2,0,265,0.0,0.0,0.0,0.0,0.0
2019-01-09,2,0,266,97.0,97.0,0.0,615.461081,0.0
2019-01-09,2,0,267,119.2,119.2,0.0,756.319184,0.0
2019-01-09,2,0,270,162.56,162.56,0.0,2456.142798,0.0
2019-01-09,2,0,272,216.7,216.7,0.0,718.772091,0.0
2019-01-09,2,0,273,0.0,0.0,0.0,0.0,0.0
2019-01-09,2,0,274,209.56,209.56,0.0,3166.272667,0.0
2019-01-09,2,0,275,291.72,291.72,0.0,4407.640115,0.0
2019-01-09,2,0,276,0.0,0.0,0.0,0.0,0.0
2019-01-09,2,0,277,0.0,0.0,0.0,0.0,0.0
2019-01-09,2,0,278,0.0,0.0,0.0,0.0,0.0
2019-01-09,2,0,279,157.97,157.97,0.0,573.556345,0.0
2019-01-09,2,0,281,14.02,14.02,0.0,77.682474,0.0
2019-01-09,2,0,282,0.0,0.0,0.0,0.0,0.0
2019-01-09,3,0,9,0.0,0.0,0.0,0.0,0.0
2019-01-09,3,0,17,0.0,0.0,0.0,0.0,0.0
2019-01-09,3,0,19,28.63,28.63,0.0,240.886827,0.0
2019-01-09,3,0,20,34.72,34.72,0.0,292.126813,0.0
2019-01-09,3,0,21,0.0,0.0,0.0,0.0,0.0
2019-01-09,3,0,22,0.0,0.0,0.0,0.0,0.0
2019-01-09,3,0,23,108.8,108.8,0.0,612.800615,0.0
2019-01-09,3,0,24,192.5,192.5,0.0,1084.229029,0.0
2019-01-09,3,0,29,0.0,0.0,0.0,0.0,0.0
2019-01-09,3,0,30,0.0,0.0,0.0,0.0,0.0
2019-01-09,3,0,31,34.5,34.5,0.0,193.707848,0.0
2019-01-09,3,0,32,0.0,0.0,0.0,0.0,0.0
2019-01-09,3,0,33,0.0,0.0,0.0,0.0,0.0
2019-01-09,3,0,34,0.0,0.0,0.0,0.0,0.0
2019-01-09,3,0,35,0.0,0.0,0.0,0.0,0.0
2019-01-09,3,0,36,0.0,0.0,0.0,0.0,0.0
2019-01-09,3,0,37,0.0,0.0,0.0,0.0,0.0
2019-01-09,3,0,38,0.0,0.0,0.0,0.0,0.0
2019-01-09,3,0,39,0.0,0.0,0.0,0.0,0.0
2019-01-09,3,0,40,0.0,0.0,0.0,0.0,0.0
2019-01-09,3,0,41,116.0,116.0,0.0,759.925828,0.0
2019-01-09,3,0,42,0.0,0.0,0.0,0.0,0.0
2019-01-09,3,0,43,0.0,0.0,0.0,0.0,0.0
2019-01-09,3,0,46,0.0,0.0,0.0,0.0,0.0
2019-01-09,3,0,52,36.57,36.57,0.0,205.330319,0.0
2019-01-09,3,0,53,58.1,58.1,0.0,326.215245,0.0
2019-01-09,3,0,55,623.0,623.0,0.0,3508.959402,0.0
2019-01-09,3,0,56,0.0,0.0,0.0,0.0,0.0
2019-01-09,3,0,57,0.0,0.0,0.0,0.0,0.0
2019-01-09,3,0,58,0.0,0.0,0.0,0.0,0.0
2019-01-09,3,0,59,0.0,0.0,0.0,0.0,0.0
2019-01-09,3,0,63,89.15,89.15,0.0,1746.053393,0.0
2019-01-09,3,0,64,104.88,104.88,0.0,2054.134378,0.0
2019-01-09,3,0,65,1.21,1.21,0.0,10.156833,0.0
2019-01-09,3,0,67,0.0,0.0,0.0,0.0,0.0
2019-01-09,3,0,68,4.19,4.19,0.0,27.359305,0.0
2019-01-09,3,0,69,0.0,0.0,0.0,0.0,0.0
2019-01-09,3,0,74,65.28,65.28,0.0,511.427747,0.0
2019-01-09,3,0,77,169.82,169.82,0.0,668.540254,0.0
2019-01-09,3,0,78,128.38,128.38,0.0,505.401,0.0
2019-01-09,3,0,79,74.29,74.29,0.0,292.461756,0.0
2019-01-09,3,0,80,120.14,120.14,0.0,472.962114,0.0
2019-01-09,3,0,81,157.08,157.08,0.0,618.385956,0.0
2019-01-09,3,0,82,110.8,110.8,0.0,436.192793,0.0
2019-01-09,3,0,83,247.08,247.08,0.0,972.694182,0.0
2019-01-09,3,0,84,0.0,0.0,0.0,0.0,0.0
2019-01-09,3,0,86,0.0,0.0,0.0,0.0,0.0
2019-01-09,3,0,87,0.0,0.0,0.0,0.0,0.0
2019-01-09,3,0,88,152.41,152.41,0.0,600.001296,0.0
2019-01-09,3,0,89,146.52,146.52,0.0,576.813791,0.0
2019-01-09,3,0,90,196.72,196.72,0.0,774.439046,0.0
2019-01-09,3,0,91,701.76,701.76,0.0,2762.659337,0.0
2019-01-09,3,0,92,252.38,252.38,0.0,993.559,0.0
2019-01-09,3,0,95,36.0,36.0,0.0,700.048073,0.0
2019-01-09,3,0,96,19.27,19.27,0.0,107.840439,0.0
2019-01-09,3,0,97,118.5,118.5,0.0,663.15994,0.0
2019-01-09,3,0,99,12.6,12.6,0.0,98.713076,0.0
2019-01-09,3,0,101,0.0,0.0,0.0,0.0,0.0
2019-01-09,3,0,102,9.92,9.92,0.0,64.774298,0.0
2019-01-09,3,0,103,8.63,8.63,0.0,56.351027,0.0
2019-01-09,3,0,104,1.6,1.6,0.0,10.447467,0.0
2019-01-09,3,0,106,0.0,0.0,0.0,0.0,0.0
2019-01-09,3,0,109,200.0,200.0,0.0,1431.543536,0.0
2019-01-09,3,0,110,73.13,73.13,0.0,1144.857609,0.0
2019-01-09,3,0,111,0.0,0.0,0.0,0.0,0.0
2019-01-09,3,0,113,36.35,36.35,0.0,212.753624,0.0
2019-01-09,3,0,115,36.35,36.35,0.0,212.753624,0.0
2019-01-09,3,0,116,0.0,0.0,0.0,0.0,0.0
2019-01-09,3,0,117,1.87,1.87,0.0,10.944959,0.0
2019-01-09,3,0,119,104.88,104.88,0.0,2054.134378,0.0
2019-01-09,3,0,120,61.67,61.67,0.0,1207.841982,0.0
2019-01-09,3,0,123,0.0,0.0,0.0,0.0,0.0
2019-01-09,3,0,125,174.2,174.2,0.0,981.156866,0.0
2019-01-09,3,0,126,0.0,0.0,0.0,0.0,0.0
2019-01-09,3,0,127,0.0,0.0,0.0,0.0,0.0
2019-01-09,3,0,128,249.5,249.5,0.0,1405.273468,0.0
2019-01-09,3,0,131,23.66,23.66,0.0,140.297486,0.0
2019-01-09,3,0,132,34.78,34.78,0.0,206.236119,0.0
2019-01-09,3,0,133,3.2,3.2,0.0,26.930074,0.0
2019-01-09,3,0,134,0.0,0.0,0.0,0.0,0.0
2019-01-09,3,0,135,4.28,4.28,0.0,36.018973,0.0
2019-01-09,3,0,136,1.62,1.62,0.0,13.596652,0.0
2019-01-09,3,0,139,149.8,149.8,0.0,981.352492,0.0
2019-01-09,3,0,140,54.12,54.12,0.0,847.25412,0.0
2019-01-09,3,0,141,93.65,93.65,0.0,821.875083,0.0
2019-01-09,3,0,142,0.0,0.0,0.0,0.0,0.0
2019-01-09,3,0,143,53.5,53.5,0.0,300.387532,0.0
2019-01-09,3,0,145,19.41,19.41,0.0,120.098542,0.0
2019-01-09,3,0,146,0.0,0.0,0.0,0.0,0.0
2019-01-09,3,0,152,0.0,0.0,0.0,0.0,0.0
2019-01-09,3,0,153,0.0,0.0,0.0,0.0,0.0
2019-01-09,3,0,154,0.0,0.0,0.0,0.0,0.0
2019-01-09,3,0,157,13.02,13.02,0.0,114.263893,0.0
2019-01-09,3,0,158,0.0,0.0,0.0,0.0,0.0
2019-01-09,3,0,159,0.0,0.0,0.0,0.0,0.0
2019-01-09,3,0,160,0.0,0.0,0.0,0.0,0.0
2019-01-09,3,0,161,0.0,0.0,0.0,0.0,0.0
2019-01-09,3,0,162,23.08,23.08,0.0,448.969119,0.0
2019-01-09,3,0,163,45.59,45.59,0.0,713.7161,0.0
2019-01-09,3,0,164,0.0,0.0,0.0,0.0,0.0
2019-01-09,3,0,167,0.0,0.0,0.0,0.0,0.0
2019-01-09,3,0,168,0.0,0.0,0.0,0.0,0.0
2019-01-09,3,0,169,0.0,0.0,0.0,0.0,0.0
2019-01-09,3,0,170,0.0,0.0,0.0,0.0,0.0
2019-01-09,3,0,172,0.0,0.0,0.0,0.0,0.0
2019-01-09,3,0,173,0.0,0.0,0.0,0.0,0.0
2019-01-09,3,0,188,0.0,0.0,0.0,0.0,0.0
2019-01-09,3,0,190,0.0,0.0,0.0,0.0,0.0
2019-01-09,3,0,191,0.0,0.0,0.0,0.0,0.0
2019-01-09,3,0,192,69.61,69.61,0.0,1363.351393,0.0
2019-01-09,3,0,194,169.54,169.54,0.0,621.111664,0.0
2019-01-09,3,0,196,0.0,0.0,0.0,0.0,0.0
2019-01-09,3,0,198,0.0,0.0,0.0,0.0,0.0
2019-01-09,3,0,199,31.09,31.09,0.0,277.822001,0.0
2019-01-09,3,0,200,0.0,0.0,0.0,0.0,0.0
2019-01-09,3,0,204,844.76,844.76,0.0,5987.797936,0.0
2019-01-09,3,0,205,1058.0,1058.0,0.0,7572.865308,0.0
2019-01-09,3,0,206,348.2,348.2,0.0,1948.626929,0.0
2019-01-09,3,0,210,0.0,0.0,0.0,0.0,0.0
2019-01-09,3,0,214,0.0,0.0,0.0,0.0,0.0
2019-01-09,3,0,217,0.0,0.0,0.0,0.0,0.0
2019-01-09,3,0,218,0.0,0.0,0.0,0.0,0.0
2019-01-09,3,0,219,0.0,0.0,0.0,0.0,0.0
2019-01-09,3,0,221,0.0,0.0,0.0,0.0,0.0
2019-01-09,3,0,225,0.0,0.0,0.0,0.0,0.0
2019-01-09,3,0,233,0.0,0.0,0.0,0.0,0.0
2019-01-09,3,0,236,159.03,159.03,0.0,1295.268608,0.0
2019-01-09,3,0,237,156.6,156.6,0.0,1226.862518,0.0
2019-01-09,3,0,238,0.0,0.0,0.0,0.0,0.0
2019-01-09,3,0,240,0.0,0.0,0.0,0.0,0.0
2019-01-09,3,0,245,0.0,0.0,0.0,0.0,0.0
2019-01-09,3,0,247,0.0,0.0,0.0,0.0,0.0
2019-01-09,3,0,248,15.72,15.72,0.0,123.156314,0.0
2019-01-09,3,0,249,0.0,0.0,0.0,0.0,0.0
2019-01-09,3,0,251,14.06,14.06,0.0,117.56565,0.0
2019-01-09,3,0,252,7.77,7.77,0.0,65.221979,0.0
2019-01-09,3,0,254,0.0,0.0,0.0,0.0,0.0
2019-01-09,3,0,255,0.0,0.0,0.0,0.0,0.0
2019-01-09,3,0,258,0.0,0.0,0.0,0.0,0.0
2019-01-09,3,0,260,0.0,0.0,0.0,0.0,0.0
2019-01-09,3,0,265,0.0,0.0,0.0,0.0,0.0
2019-01-09,3,0,266,97.0,97.0,0.0,635.455218,0.0
2019-01-09,3,0,267,119.2,119.2,0.0,780.889299,0.0
2019-01-09,3,0,270,142.39,142.39,0.0,2229.129972,0.0
2019-01-09,3,0,272,148.48,148.48,0.0,869.041488,0.0
2019-01-09,3,0,273,0.0,0.0,0.0,0.0,0.0
2019-01-09,3,0,274,183.56,183.56,0.0,2873.650521,0.0
2019-01-09,3,0,275,255.52,255.52,0.0,4000.191661,0.0
2019-01-09,3,0,276,0.0,0.0,0.0,0.0,0.0
2019-01-09,3,0,277,0.0,0.0,0.0,0.0,0.0
2019-01-09,3,0,278,0.0,0.0,0.0,0.0,0.0
2019-01-09,3,0,279,140.17,140.17,0.0,952.326317,0.0
2019-01-09,3,0,281,15.48,15.48,0.0,86.915869,0.0
2019-01-09,3,0,282,0.0,0.0,0.0,0.0,0.0
2019-01-09,4,0,9,0.0,0.0,0.0,0.0,0.0
2019-01-09,4,0,17,0.0,0.0,0.0,0.0,0.0
2019-01-09,4,0,19,121.77,121.77,0.0,996.97203,0.0
2019-01-09,4,0,20,147.68,147.68,0.0,1209.105932,0.0
2019-01-09,4,0,21,0.0,0.0,0.0,0.0,0.0
2019-01-09,4,0,22,0.0,0.0,0.0,0.0,0.0
2019-01-09,4,0,23,98.16,98.16,0.0,477.255552,0.0
2019-01-09,4,0,24,162.22,162.22,0.0,788.716337,0.0
2019-01-09,4,0,29,0.0,0.0,0.0,0.0,0.0
2019-01-09,4,0,30,0.0,0.0,0.0,0.0,0.0
2019-01-09,4,0,31,37.5,37.5,0.0,181.534846,0.0
2019-01-09,4,0,32,0.0,0.0,0.0,0.0,0.0
2019-01-09,4,0,33,0.0,0.0,0.0,0.0,0.0
2019-01-09,4,0,34,0.0,0.0,0.0,0.0,0.0
2019-01-09,4,0,35,0.0,0.0,0.0,0.0,0.0
2019-01-09,4,0,36,0.0,0.0,0.0,0.0,0.0
2019-01-09,4,0,37,0.0,0.0,0.0,0.0,0.0
2019-01-09,4,0,38,0.0,0.0,0.0,0.0,0.0
2019-01-09,4,0,39,0.0,0.0,0.0,0.0,0.0
2019-01-09,4,0,40,0.0,0.0,0.0,0.0,0.0
2019-01-09,4,0,41,116.0,116.0,0.0,691.405565,0.0
2019-01-09,4,0,42,0.0,0.0,0.0,0.0,0.0
2019-01-09,4,0,43,0.0,0.0,0.0,0.0,0.0
2019-01-09,4,0,46,0.0,0.0,0.0,0.0,0.0
2019-01-09,4,0,52,39.75,39.75,0.0,192.426936,0.0
2019-01-09,4,0,53,63.15,63.15,0.0,305.70468,0.0
2019-01-09,4,0,55,623.0,623.0,0.0,3029.036359,0.0
2019-01-09,4,0,56,0.0,0.0,0.0,0.0,0.0
2019-01-09,4,0,57,0.0,0.0,0.0,0.0,0.0
2019-01-09,4,0,58,0.0,0.0,0.0,0.0,0.0
2019-01-09,4,0,59,0.0,0.0,0.0,0.0,0.0
2019-01-09,4,0,63,68.53,68.53,0.0,1221.327199,0.0
2019-01-09,4,0,64,80.63,80.63,0.0,1436.970846,0.0
2019-01-09,4,0,65,1.73,1.73,0.0,14.12332,0.0
2019-01-09,4,0,67,0.0,0.0,0.0,0.0,0.0
2019-01-09,4,0,68,3.93,3.93,0.0,26.399844,0.0
2019-01-09,4,0,69,0.0,0.0,0.0,0.0,0.0
2019-01-09,4,0,74,65.28,65.28,0.0,489.248551,0.0
2019-01-09,4,0,77,163.07,163.07,0.0,462.279652,0.0
2019-01-09,4,0,78,123.28,123.28,0.0,349.480809,0.0
2019-01-09,4,0,79,71.34,71.34,0.0,202.238489,0.0
2019-01-09,4,0,80,115.37,115.37,0.0,327.057113,0.0
2019-01-09,4,0,81,150.84,150.84,0.0,427.609387,0.0
2019-01-09,4,0,82,106.41,106.41,0.0,301.656821,0.0
2019-01-09,4,0,83,237.27,237.27,0.0,672.625823,0.0
2019-01-09,4,0,84,0.0,0.0,0.0,0.0,0.0
2019-01-09,4,0,86,0.0,0.0,0.0,0.0,0.0
2019-01-09,4,0,87,0.0,0.0,0.0,0.0,0.0
2019-01-09,4,0,88,138.33,138.33,0.0,392.145362,0.0
2019-01-09,4,0,89,132.98,132.98,0.0,376.978893,0.0
2019-01-09,4,0,90,178.55,178.55,0.0,506.163193,0.0
2019-01-09,4,0,91,636.94,636.94,0.0,1805.631947,0.0
2019-01-09,4,0,92,229.07,229.07,0.0,649.38002,0.0
2019-01-09,4,0,95,83.2,83.2,0.0,1475.25508,0.0
2019-01-09,4,0,96,21.13,21.13,0.0,101.823163,0.0
2019-01-09,4,0,97,129.94,129.94,0.0,626.166671,0.0
2019-01-09,4,0,99,12.6,12.6,0.0,94.432165,0.0
2019-01-09,4,0,101,0.0,0.0,0.0,0.0,0.0
2019-01-09,4,0,102,9.31,9.31,0.0,62.540088,0.0
2019-01-09,4,0,103,8.1,8.1,0.0,54.411891,0.0
2019-01-09,4,0,104,1.5,1.5,0.0,10.076276,0.0
2019-01-09,4,0,106,0.0,0.0,0.0,0.0,0.0
2019-01-09,4,0,109,200.0,200.0,0.0,1337.129663,0.0
2019-01-09,4,0,110,71.44,71.44,0.0,1081.87441,0.0
2019-01-09,4,0,111,0.0,0.0,0.0,0.0,0.0
2019-01-09,4,0,113,17.57,17.57,0.0,166.782389,0.0
2019-01-09,4,0,115,17.57,17.57,0.0,166.782389,0.0
2019-01-09,4,0,116,0.0,0.0,0.0,0.0,0.0
2019-01-09,4,0,117,1.17,1.17,0.0,11.106169,0.0
2019-01-09,4,0,119,80.63,80.63,0.0,1436.970846,0.0
2019-01-09,4,0,120,47.41,47.41,0.0,844.931016,0.0
2019-01-09,4,0,123,0.0,0.0,0.0,0.0,0.0
2019-01-09,4,0,125,148.85,148.85,0.0,723.711175,0.0
2019-01-09,4,0,126,0.0,0.0,0.0,0.0,0.0
2019-01-09,4,0,127,0.0,0.0,0.0,0.0,0.0
2019-01-09,4,0,128,202.15,202.15,0.0,982.856661,0.0
2019-01-09,4,0,131,23.23,23.23,0.0,143.179189,0.0
2019-01-09,4,0,132,34.15,34.15,0.0,210.485119,0.0
2019-01-09,4,0,133,19.38,19.38,0.0,158.713625,0.0
2019-01-09,4,0,134,0.0,0.0,0.0,0.0,0.0
2019-01-09,4,0,135,26.73,26.73,0.0,218.906873,0.0
2019-01-09,4,0,136,2.3,2.3,0.0,18.773692,0.0
2019-01-09,4,0,139,149.8,149.8,0.0,892.866842,0.0
2019-01-09,4,0,140,52.88,52.88,0.0,800.805135,0.0
2019-01-09,4,0,141,94.99,94.99,0.0,835.130884,0.0
2019-01-09,4,0,142,0.0,0.0,0.0,0.0,0.0
2019-01-09,4,0,143,60.01,60.01,0.0,290.504162,0.0
2019-01-09,4,0,145,21.01,21.01,0.0,116.094127,0.0
2019-01-09,4,0,146,0.0,0.0,0.0,0.0,0.0
2019-01-09,4,0,152,0.0,0.0,0.0,0.0,0.0
2019-01-09,4,0,153,0.0,0.0,0.0,0.0,0.0
2019-01-09,4,0,154,0.0,0.0,0.0,0.0,0.0
2019-01-09,4,0,157,9.86,9.86,0.0,86.68692,0.0
2019-01-09,4,0,158,0.0,0.0,0.0,0.0,0.0
2019-01-09,4,0,159,0.0,0.0,0.0,0.0,0.0
2019-01-09,4,0,160,0.0,0.0,0.0,0.0,0.0
2019-01-09,4,0,161,0.0,0.0,0.0,0.0,0.0
2019-01-09,4,0,162,17.28,17.28,0.0,306.481943,0.0
2019-01-09,4,0,163,39.86,39.86,0.0,603.632615,0.0
2019-01-09,4,0,164,0.0,0.0,0.0,0.0,0.0
2019-01-09,4,0,167,0.0,0.0,0.0,0.0,0.0
2019-01-09,4,0,168,0.0,0.0,0.0,0.0,0.0
2019-01-09,4,0,169,0.0,0.0,0.0,0.0,0.0
2019-01-09,4,0,170,0.0,0.0,0.0,0.0,0.0
2019-01-09,4,0,172,0.0,0.0,0.0,0.0,0.0
2019-01-09,4,0,173,0.0,0.0,0.0,0.0,0.0
2019-01-09,4,0,188,0.0,0.0,0.0,0.0,0.0
2019-01-09,4,0,190,0.0,0.0,0.0,0.0,0.0
2019-01-09,4,0,191,0.0,0.0,0.0,0.0,0.0
2019-01-09,4,0,192,65.54,65.54,0.0,1168.04005,0.0
2019-01-09,4,0,194,133.03,133.03,0.0,1043.578452,0.0
2019-01-09,4,0,196,0.0,0.0,0.0,0.0,0.0
2019-01-09,4,0,198,0.0,0.0,0.0,0.0,0.0
2019-01-09,4,0,199,23.85,23.85,0.0,246.385905,0.0
2019-01-09,4,0,200,0.0,0.0,0.0,0.0,0.0
2019-01-09,4,0,204,857.0,857.0,0.0,5658.337921,0.0
2019-01-09,4,0,205,1058.0,1058.0,0.0,7073.415915,0.0
2019-01-09,4,0,206,381.82,381.82,0.0,1839.948887,0.0
2019-01-09,4,0,210,0.0,0.0,0.0,0.0,0.0
2019-01-09,4,0,214,0.0,0.0,0.0,0.0,0.0
2019-01-09,4,0,217,0.0,0.0,0.0,0.0,0.0
2019-01-09,4,0,218,0.0,0.0,0.0,0.0,0.0
2019-01-09,4,0,219,0.0,0.0,0.0,0.0,0.0
2019-01-09,4,0,221,0.0,0.0,0.0,0.0,0.0
2019-01-09,4,0,225,0.0,0.0,0.0,0.0,0.0
2019-01-09,4,0,233,0.0,0.0,0.0,0.0,0.0
2019-01-09,4,0,236,159.03,159.03,0.0,1250.891052,0.0
2019-01-09,4,0,237,156.6,156.6,0.0,1173.656911,0.0
2019-01-09,4,0,238,0.0,0.0,0.0,0.0,0.0
2019-01-09,4,0,240,0.0,0.0,0.0,0.0,0.0
2019-01-09,4,0,245,7.53,7.53,0.0,62.30326,0.0
2019-01-09,4,0,247,8.22,8.22,0.0,68.012323,0.0
2019-01-09,4,0,248,15.72,15.72,0.0,117.815368,0.0
2019-01-09,4,0,249,14.49,14.49,0.0,119.890336,0.0
2019-01-09,4,0,251,11.79,11.79,0.0,95.794611,0.0
2019-01-09,4,0,252,11.17,11.17,0.0,91.189295,0.0
2019-01-09,4,0,254,0.0,0.0,0.0,0.0,0.0
2019-01-09,4,0,255,0.0,0.0,0.0,0.0,0.0
2019-01-09,4,0,258,0.0,0.0,0.0,0.0,0.0
2019-01-09,4,0,260,0.0,0.0,0.0,0.0,0.0
2019-01-09,4,0,265,0.0,0.0,0.0,0.0,0.0
2019-01-09,4,0,266,97.0,97.0,0.0,578.158102,0.0
2019-01-09,4,0,267,119.2,119.2,0.0,710.478822,0.0
2019-01-09,4,0,270,124.48,124.48,0.0,1885.102556,0.0
2019-01-09,4,0,272,58.72,58.72,0.0,557.396807,0.0
2019-01-09,4,0,273,0.0,0.0,0.0,0.0,0.0
2019-01-09,4,0,274,160.47,160.47,0.0,2430.128592,0.0
2019-01-09,4,0,275,223.38,223.38,0.0,3382.826229,0.0
2019-01-09,4,0,276,0.0,0.0,0.0,0.0,0.0
2019-01-09,4,0,277,0.0,0.0,0.0,0.0,0.0
2019-01-09,4,0,278,0.0,0.0,0.0,0.0,0.0
2019-01-09,4,0,279,124.35,124.35,0.0,1430.840929,0.0
2019-01-09,4,0,281,16.83,16.83,0.0,81.472839,0.0
2019-01-09,4,0,282,0.0,0.0,0.0,0.0,0.0
2019-01-09,5,0,9,0.0,0.0,0.0,0.0,0.0
2019-01-09,5,0,17,0.0,0.0,0.0,0.0,0.0
2019-01-09,5,0,19,286.26,286.26,0.0,2506.123723,0.0
2019-01-09,5,0,20,347.17,347.17,0.0,3039.373203,0.0
2019-01-09,5,0,21,0.0,0.0,0.0,0.0,0.0
2019-01-09,5,0,22,0.0,0.0,0.0,0.0,0.0
2019-01-09,5,0,23,93.27,93.27,0.0,551.655545,0.0
2019-01-09,5,0,24,165.02,165.02,0.0,976.028713,0.0
2019-01-09,5,0,29,0.0,0.0,0.0,0.0,0.0
2019-01-09,5,0,30,0.0,0.0,0.0,0.0,0.0
2019-01-09,5,0,31,32.81,32.81,0.0,193.467387,0.0
2019-01-09,5,0,32,0.0,0.0,0.0,0.0,0.0
2019-01-09,5,0,33,0.0,0.0,0.0,0.0,0.0
2019-01-09,5,0,34,0.0,0.0,0.0,0.0,0.0
2019-01-09,5,0,35,0.0,0.0,0.0,0.0,0.0
2019-01-09,5,0,36,0.0,0.0,0.0,0.0,0.0
2019-01-09,5,0,37,0.0,0.0,0.0,0.0,0.0
2019-01-09,5,0,38,0.0,0.0,0.0,0.0,0.0
2019-01-09,5,0,39,0.0,0.0,0.0,0.0,0.0
2019-01-09,5,0,40,0.0,0.0,0.0,0.0,0.0
2019-01-09,5,0,41,116.0,116.0,0.0,794.914838,0.0
2019-01-09,5,0,42,0.0,0.0,0.0,0.0,0.0
2019-01-09,5,0,43,0.0,0.0,0.0,0.0,0.0
2019-01-09,5,0,46,0.0,0.0,0.0,0.0,0.0
2019-01-09,5,0,52,34.78,34.78,0.0,205.083685,0.0
2019-01-09,5,0,53,55.26,55.26,0.0,325.846016,0.0
2019-01-09,5,0,55,460.36,460.36,0.0,2722.849221,0.0
2019-01-09,5,0,56,0.0,0.0,0.0,0.0,0.0
2019-01-09,5,0,57,0.0,0.0,0.0,0.0,0.0
2019-01-09,5,0,58,0.0,0.0,0.0,0.0,0.0
2019-01-09,5,0,59,0.0,0.0,0.0,0.0,0.0
2019-01-09,5,0,63,50.29,50.29,0.0,1137.722456,0.0
2019-01-09,5,0,64,59.17,59.17,0.0,1338.616777,0.0
2019-01-09,5,0,65,2.14,2.14,0.0,18.692006,0.0
2019-01-09,5,0,67,0.0,0.0,0.0,0.0,0.0
2019-01-09,5,0,68,2.92,2.92,0.0,18.434734,0.0
2019-01-09,5,0,69,0.0,0.0,0.0,0.0,0.0
2019-01-09,5,0,74,65.28,65.28,0.0,532.885199,0.0
2019-01-09,5,0,77,120.69,120.69,0.0,504.875419,0.0
2019-01-09,5,0,78,91.24,91.24,0.0,381.678956,0.0
2019-01-09,5,0,79,52.8,52.8,0.0,220.875152,0.0
2019-01-09,5,0,80,85.39,85.39,0.0,357.206993,0.0
2019-01-09,5,0,81,111.63,111.63,0.0,466.975251,0.0
2019-01-09,5,0,82,78.75,78.75,0.0,329.43027,0.0
2019-01-09,5,0,83,175.6,175.6,0.0,734.577211,0.0
2019-01-09,5,0,84,0.0,0.0,0.0,0.0,0.0
2019-01-09,5,0,86,0.0,0.0,0.0,0.0,0.0
2019-01-09,5,0,87,0.0,0.0,0.0,0.0,0.0
2019-01-09,5,0,88,100.28,100.28,0.0,419.49546,0.0
2019-01-09,5,0,89,96.4,96.4,0.0,403.264482,0.0
2019-01-09,5,0,90,129.44,129.44,0.0,541.478782,0.0
2019-01-09,5,0,91,461.74,461.74,0.0,1931.569939,0.0
2019-01-09,5,0,92,166.06,166.06,0.0,694.669087,0.0
2019-01-09,5,0,95,22.68,22.68,0.0,508.706426,0.0
2019-01-09,5,0,96,18.4,18.4,0.0,108.15107,0.0
2019-01-09,5,0,97,113.18,113.18,0.0,665.246635,0.0
2019-01-09,5,0,99,12.6,12.6,0.0,102.85468,0.0
2019-01-09,5,0,101,0.0,0.0,0.0,0.0,0.0
2019-01-09,5,0,102,6.91,6.91,0.0,43.624663,0.0
2019-01-09,5,0,103,6.01,6.01,0.0,37.942724,0.0
2019-01-09,5,0,104,1.12,1.12,0.0,7.070857,0.0
2019-01-09,5,0,106,0.0,0.0,0.0,0.0,0.0
2019-01-09,5,0,109,200.0,200.0,0.0,1494.428648,0.0
2019-01-09,5,0,110,40.7,40.7,0.0,703.028619,0.0
2019-01-09,5,0,111,0.0,0.0,0.0,0.0,0.0
2019-01-09,5,0,113,30.49,30.49,0.0,99.163129,0.0
2019-01-09,5,0,115,30.49,30.49,0.0,99.163129,0.0
2019-01-09,5,0,116,0.0,0.0,0.0,0.0,0.0
2019-01-09,5,0,117,1.47,1.47,0.0,4.780905,0.0
2019-01-09,5,0,119,59.17,59.17,0.0,1338.616777,0.0
2019-01-09,5,0,120,34.79,34.79,0.0,787.062323,0.0
2019-01-09,5,0,123,0.0,0.0,0.0,0.0,0.0
2019-01-09,5,0,125,149.34,149.34,0.0,883.28765,0.0
2019-01-09,5,0,126,0.0,0.0,0.0,0.0,0.0
2019-01-09,5,0,127,0.0,0.0,0.0,0.0,0.0
2019-01-09,5,0,128,213.89,213.89,0.0,1265.075636,0.0
2019-01-09,5,0,131,16.46,16.46,0.0,92.056015,0.0
2019-01-09,5,0,132,24.19,24.19,0.0,135.287667,0.0
2019-01-09,5,0,133,20.55,20.55,0.0,179.948295,0.0
2019-01-09,5,0,134,0.0,0.0,0.0,0.0,0.0
2019-01-09,5,0,135,29.27,29.27,0.0,256.305917,0.0
2019-01-09,5,0,136,3.33,3.33,0.0,29.082478,0.0
2019-01-09,5,0,139,149.8,149.8,0.0,1026.536576,0.0
2019-01-09,5,0,140,30.12,30.12,0.0,520.275725,0.0
2019-01-09,5,0,141,70.21,70.21,0.0,632.681473,0.0
2019-01-09,5,0,142,0.0,0.0,0.0,0.0,0.0
2019-01-09,5,0,143,101.13,101.13,0.0,596.322976,0.0
2019-01-09,5,0,145,18.5,18.5,0.0,119.9062,0.0
2019-01-09,5,0,146,0.0,0.0,0.0,0.0,0.0
2019-01-09,5,0,152,0.0,0.0,0.0,0.0,0.0
2019-01-09,5,0,153,0.0,0.0,0.0,0.0,0.0
2019-01-09,5,0,154,0.0,0.0,0.0,0.0,0.0
2019-01-09,5,0,157,12.68,12.68,0.0,114.262941,0.0
2019-01-09,5,0,158,0.0,0.0,0.0,0.0,0.0
2019-01-09,5,0,159,0.0,0.0,0.0,0.0,0.0
2019-01-09,5,0,160,0.0,0.0,0.0,0.0,0.0
2019-01-09,5,0,161,0.0,0.0,0.0,0.0,0.0
2019-01-09,5,0,162,13.57,13.57,0.0,304.499505,0.0
2019-01-09,5,0,163,30.71,30.71,0.0,530.467049,0.0
2019-01-09,5,0,164,0.0,0.0,0.0,0.0,0.0
2019-01-09,5,0,167,0.0,0.0,0.0,0.0,0.0
2019-01-09,5,0,168,0.0,0.0,0.0,0.0,0.0
2019-01-09,5,0,169,0.0,0.0,0.0,0.0,0.0
2019-01-09,5,0,170,0.0,0.0,0.0,0.0,0.0
2019-01-09,5,0,172,0.0,0.0,0.0,0.0,0.0
2019-01-09,5,0,173,0.0,0.0,0.0,0.0,0.0
2019-01-09,5,0,188,0.0,0.0,0.0,0.0,0.0
2019-01-09,5,0,190,0.0,0.0,0.0,0.0,0.0
2019-01-09,5,0,191,0.0,0.0,0.0,0.0,0.0
2019-01-09,5,0,192,36.51,36.51,0.0,825.974286,0.0
2019-01-09,5,0,194,94.45,94.45,0.0,35.463159,0.0
2019-01-09,5,0,196,0.0,0.0,0.0,0.0,0.0
2019-01-09,5,0,198,0.0,0.0,0.0,0.0,0.0
2019-01-09,5,0,199,20.1,20.1,0.0,166.500591,0.0
2019-01-09,5,0,200,0.0,0.0,0.0,0.0,0.0
2019-01-09,5,0,204,853.55,853.55,0.0,6317.228566,0.0
2019-01-09,5,0,205,1058.0,1058.0,0.0,7905.527549,0.0
2019-01-09,5,0,206,332.56,332.56,0.0,1954.713033,0.0
2019-01-09,5,0,210,0.0,0.0,0.0,0.0,0.0
2019-01-09,5,0,214,0.0,0.0,0.0,0.0,0.0
2019-01-09,5,0,217,0.0,0.0,0.0,0.0,0.0
2019-01-09,5,0,218,0.0,0.0,0.0,0.0,0.0
2019-01-09,5,0,219,0.0,0.0,0.0,0.0,0.0
2019-01-09,5,0,221,0.0,0.0,0.0,0.0,0.0
2019-01-09,5,0,225,0.0,0.0,0.0,0.0,0.0
2019-01-09,5,0,233,0.0,0.0,0.0,0.0,0.0
2019-01-09,5,0,236,159.03,159.03,0.0,1348.582932,0.0
2019-01-09,5,0,237,156.6,156.6,0.0,1278.336737,0.0
2019-01-09,5,0,238,0.0,0.0,0.0,0.0,0.0
2019-01-09,5,0,240,0.0,0.0,0.0,0.0,0.0
2019-01-09,5,0,245,19.97,19.97,0.0,176.309808,0.0
2019-01-09,5,0,247,24.22,24.22,0.0,213.831925,0.0
2019-01-09,5,0,248,15.72,15.72,0.0,128.323458,0.0
2019-01-09,5,0,249,38.4,38.4,0.0,339.023366,0.0
2019-01-09,5,0,251,16.1,16.1,0.0,140.094678,0.0
2019-01-09,5,0,252,13.8,13.8,0.0,120.537232,0.0
2019-01-09,5,0,254,0.0,0.0,0.0,0.0,0.0
2019-01-09,5,0,255,0.0,0.0,0.0,0.0,0.0
2019-01-09,5,0,258,0.0,0.0,0.0,0.0,0.0
2019-01-09,5,0,260,0.0,0.0,0.0,0.0,0.0
2019-01-09,5,0,265,0.0,0.0,0.0,0.0,0.0
2019-01-09,5,0,266,97.0,97.0,0.0,664.71327,0.0
2019-01-09,5,0,267,119.2,119.2,0.0,816.843523,0.0
2019-01-09,5,0,270,95.89,95.89,0.0,1656.349246,0.0
2019-01-09,5,0,272,104.83,104.83,0.0,340.940335,0.0
2019-01-09,5,0,273,0.0,0.0,0.0,0.0,0.0
2019-01-09,5,0,274,123.62,123.62,0.0,2135.341473,0.0
2019-01-09,5,0,275,172.08,172.08,0.0,2972.411913,0.0
2019-01-09,5,0,276,0.0,0.0,0.0,0.0,0.0
2019-01-09,5,0,277,0.0,0.0,0.0,0.0,0.0
2019-01-09,5,0,278,0.0,0.0,0.0,0.0,0.0
2019-01-09,5,0,279,84.14,84.14,0.0,305.05288,0.0
2019-01-09,5,0,281,14.73,14.73,0.0,86.856891,0.0
2019-01-09,5,0,282,0.0,0.0,0.0,0.0,0.0
2019-01-09,6,0,9,0.0,0.0,0.0,0.0,0.0
2019-01-09,6,0,17,0.0,0.0,0.0,0.0,0.0
2019-01-09,6,0,19,572.03,572.03,0.0,5730.71191,0.0
2019-01-09,6,0,20,693.77,693.77,0.0,6950.327784,0.0
2019-01-09,6,0,21,0.0,0.0,0.0,0.0,0.0
2019-01-09,6,0,22,0.0,0.0,0.0,0.0,0.0
2019-01-09,6,0,23,73.4,73.4,0.0,413.997909,0.0
2019-01-09,6,0,24,129.87,129.87,0.0,732.505565,0.0
2019-01-09,6,0,29,0.0,0.0,0.0,0.0,0.0
2019-01-09,6,0,30,0.0,0.0,0.0,0.0,0.0
2019-01-09,6,0,31,28.28,28.28,0.0,158.784288,0.0
2019-01-09,6,0,32,0.0,0.0,0.0,0.0,0.0
2019-01-09,6,0,33,0.0,0.0,0.0,0.0,0.0
2019-01-09,6,0,34,0.0,0.0,0.0,0.0,0.0
2019-01-09,6,0,35,0.0,0.0,0.0,0.0,0.0
2019-01-09,6,0,36,0.0,0.0,0.0,0.0,0.0
2019-01-09,6,0,37,0.0,0.0,0.0,0.0,0.0
2019-01-09,6,0,38,0.0,0.0,0.0,0.0,0.0
2019-01-09,6,0,39,0.0,0.0,0.0,0.0,0.0
2019-01-09,6,0,40,0.0,0.0,0.0,0.0,0.0
2019-01-09,6,0,41,116.0,116.0,0.0,811.923243,0.0
2019-01-09,6,0,42,0.0,0.0,0.0,0.0,0.0
2019-01-09,6,0,43,0.0,0.0,0.0,0.0,0.0
2019-01-09,6,0,46,0.0,0.0,0.0,0.0,0.0
2019-01-09,6,0,52,29.97,29.97,0.0,168.273165,0.0
2019-01-09,6,0,53,47.59,47.59,0.0,267.204536,0.0
2019-01-09,6,0,55,167.34,167.34,0.0,943.84755,0.0
2019-01-09,6,0,56,0.0,0.0,0.0,0.0,0.0
2019-01-09,6,0,57,0.0,0.0,0.0,0.0,0.0
2019-01-09,6,0,58,0.0,0.0,0.0,0.0,0.0
2019-01-09,6,0,59,0.0,0.0,0.0,0.0,0.0
2019-01-09,6,0,63,35.72,35.72,0.0,1064.753853,0.0
2019-01-09,6,0,64,42.02,42.02,0.0,1252.546386,0.0
2019-01-09,6,0,65,2.76,2.76,0.0,27.551932,0.0
2019-01-09,6,0,67,0.0,0.0,0.0,0.0,0.0
2019-01-09,6,0,68,2.11,2.11,0.0,13.213806,0.0
2019-01-09,6,0,69,0.0,0.0,0.0,0.0,0.0
2019-01-09,6,0,74,65.28,65.28,0.0,586.960912,0.0
2019-01-09,6,0,77,86.64,86.64,0.0,276.144052,0.0
2019-01-09,6,0,78,65.5,65.5,0.0,208.765413,0.0
2019-01-09,6,0,79,37.9,37.9,0.0,120.797086,0.0
2019-01-09,6,0,80,61.29,61.29,0.0,195.347056,0.0
2019-01-09,6,0,81,80.14,80.14,0.0,255.426873,0.0
2019-01-09,6,0,82,56.53,56.53,0.0,180.175707,0.0
2019-01-09,6,0,83,126.06,126.06,0.0,401.785771,0.0
2019-01-09,6,0,84,0.0,0.0,0.0,0.0,0.0
2019-01-09,6,0,86,0.0,0.0,0.0,0.0,0.0
2019-01-09,6,0,87,0.0,0.0,0.0,0.0,0.0
2019-01-09,6,0,88,70.28,70.28,0.0,224.000507,0.0
2019-01-09,6,0,89,67.56,67.56,0.0,215.331165,0.0
2019-01-09,6,0,90,90.71,90.71,0.0,289.116193,0.0
2019-01-09,6,0,91,323.58,323.58,0.0,1031.333013,0.0
2019-01-09,6,0,92,116.37,116.37,0.0,370.901239,0.0
2019-01-09,6,0,95,13.37,13.37,0.0,395.671075,0.0
2019-01-09,6,0,96,15.96,15.96,0.0,89.184295,0.0
2019-01-09,6,0,97,98.16,98.16,0.0,548.516945,0.0
2019-01-09,6,0,99,12.6,12.6,0.0,113.292088,0.0
2019-01-09,6,0,101,0.0,0.0,0.0,0.0,0.0
2019-01-09,6,0,102,4.99,4.99,0.0,31.249711,0.0
2019-01-09,6,0,103,4.34,4.34,0.0,27.179107,0.0
2019-01-09,6,0,104,0.81,0.81,0.0,5.072598,0.0
2019-01-09,6,0,106,0.0,0.0,0.0,0.0,0.0
2019-01-09,6,0,109,200.0,200.0,0.0,1566.253301,0.0
2019-01-09,6,0,110,20.03,20.03,0.0,442.078797,0.0
2019-01-09,6,0,111,0.0,0.0,0.0,0.0,0.0
2019-01-09,6,0,113,27.81,27.81,0.0,51.568355,0.0
2019-01-09,6,0,115,27.81,27.81,0.0,51.568355,0.0
2019-01-09,6,0,116,0.0,0.0,0.0,0.0,0.0
2019-01-09,6,0,117,1.1,1.1,0.0,2.039741,0.0
2019-01-09,6,0,119,42.02,42.02,0.0,1252.546386,0.0
2019-01-09,6,0,120,24.71,24.71,0.0,736.564046,0.0
2019-01-09,6,0,123,0.0,0.0,0.0,0.0,0.0
2019-01-09,6,0,125,117.53,117.53,0.0,662.904282,0.0
2019-01-09,6,0,126,0.0,0.0,0.0,0.0,0.0
2019-01-09,6,0,127,0.0,0.0,0.0,0.0,0.0
2019-01-09,6,0,128,168.33,168.33,0.0,949.431445,0.0
2019-01-09,6,0,131,11.15,11.15,0.0,58.238421,0.0
2019-01-09,6,0,132,16.38,16.38,0.0,85.555635,0.0
2019-01-09,6,0,133,34.57,34.57,0.0,346.44524,0.0
2019-01-09,6,0,134,0.0,0.0,0.0,0.0,0.0
2019-01-09,6,0,135,46.32,46.32,0.0,464.198539,0.0
2019-01-09,6,0,136,4.89,4.89,0.0,48.805275,0.0
2019-01-09,6,0,139,149.8,149.8,0.0,1048.500877,0.0
2019-01-09,6,0,140,14.82,14.82,0.0,327.089754,0.0
2019-01-09,6,0,141,50.75,50.75,0.0,515.31203,0.0
2019-01-09,6,0,142,0.0,0.0,0.0,0.0,0.0
2019-01-09,6,0,143,159.65,159.65,0.0,896.390085,0.0
2019-01-09,6,0,145,16.3,16.3,0.0,104.938879,0.0
2019-01-09,6,0,146,5.37,5.37,0.0,118.520376,0.0
2019-01-09,6,0,152,0.0,0.0,0.0,0.0,0.0
2019-01-09,6,0,153,0.0,0.0,0.0,0.0,0.0
2019-01-09,6,0,154,0.0,0.0,0.0,0.0,0.0
2019-01-09,6,0,157,18.8,18.8,0.0,190.893915,0.0
2019-01-09,6,0,158,0.0,0.0,0.0,0.0,0.0
2019-01-09,6,0,159,0.0,0.0,0.0,0.0,0.0
2019-01-09,6,0,160,0.0,0.0,0.0,0.0,0.0
2019-01-09,6,0,161,0.0,0.0,0.0,0.0,0.0
2019-01-09,6,0,162,10.37,10.37,0.0,307.017528,0.0
2019-01-09,6,0,163,23.22,23.22,0.0,512.484756,0.0
2019-01-09,6,0,164,0.0,0.0,0.0,0.0,0.0
2019-01-09,6,0,167,0.0,0.0,0.0,0.0,0.0
2019-01-09,6,0,168,0.0,0.0,0.0,0.0,0.0
2019-01-09,6,0,169,0.0,0.0,0.0,0.0,0.0
2019-01-09,6,0,170,0.0,0.0,0.0,0.0,0.0
2019-01-09,6,0,172,0.0,0.0,0.0,0.0,0.0
2019-01-09,6,0,173,0.0,0.0,0.0,0.0,0.0
2019-01-09,6,0,188,0.0,0.0,0.0,0.0,0.0
2019-01-09,6,0,190,0.0,0.0,0.0,0.0,0.0
2019-01-09,6,0,191,0.0,0.0,0.0,0.0,0.0
2019-01-09,6,0,192,19.35,19.35,0.0,576.791351,0.0
2019-01-09,6,0,194,63.91,63.91,0.0,-146.097467,0.0
2019-01-09,6,0,196,0.0,0.0,0.0,0.0,0.0
2019-01-09,6,0,198,0.0,0.0,0.0,0.0,0.0
2019-01-09,6,0,199,16.9,16.9,0.0,125.186335,0.0
2019-01-09,6,0,200,0.0,0.0,0.0,0.0,0.0
2019-01-09,6,0,204,789.26,789.26,0.0,6091.756031,0.0
2019-01-09,6,0,205,1058.0,1058.0,0.0,8285.479961,0.0
2019-01-09,6,0,206,288.43,288.43,0.0,1611.743504,0.0
2019-01-09,6,0,210,0.0,0.0,0.0,0.0,0.0
2019-01-09,6,0,214,0.0,0.0,0.0,0.0,0.0
2019-01-09,6,0,217,0.0,0.0,0.0,0.0,0.0
2019-01-09,6,0,218,0.0,0.0,0.0,0.0,0.0
2019-01-09,6,0,219,0.0,0.0,0.0,0.0,0.0
2019-01-09,6,0,221,0.0,0.0,0.0,0.0,0.0
2019-01-09,6,0,225,0.0,0.0,0.0,0.0,0.0
2019-01-09,6,0,233,0.0,0.0,0.0,0.0,0.0
2019-01-09,6,0,236,159.03,159.03,0.0,1515.415546,0.0
2019-01-09,6,0,237,156.6,156.6,0.0,1408.058806,0.0
2019-01-09,6,0,238,0.0,0.0,0.0,0.0,0.0
2019-01-09,6,0,240,0.0,0.0,0.0,0.0,0.0
2019-01-09,6,0,245,42.7,42.7,0.0,433.369903,0.0
2019-01-09,6,0,247,53.7,53.7,0.0,545.010862,0.0
2019-01-09,6,0,248,15.72,15.72,0.0,141.345367,0.0
2019-01-09,6,0,249,82.12,82.12,0.0,833.450502,0.0
2019-01-09,6,0,251,24.37,24.37,0.0,241.850461,0.0
2019-01-09,6,0,252,17.78,17.78,0.0,177.490345,0.0
2019-01-09,6,0,254,0.0,0.0,0.0,0.0,0.0
2019-01-09,6,0,255,0.0,0.0,0.0,0.0,0.0
2019-01-09,6,0,258,0.0,0.0,0.0,0.0,0.0
2019-01-09,6,0,260,0.0,0.0,0.0,0.0,0.0
2019-01-09,6,0,265,0.0,0.0,0.0,0.0,0.0
2019-01-09,6,0,266,97.0,97.0,0.0,678.935815,0.0
2019-01-09,6,0,267,119.2,119.2,0.0,834.321125,0.0
2019-01-09,6,0,270,72.51,72.51,0.0,1600.356145,0.0
2019-01-09,6,0,272,98.12,98.12,0.0,181.944877,0.0
2019-01-09,6,0,273,0.0,0.0,0.0,0.0,0.0
2019-01-09,6,0,274,93.48,93.48,0.0,2063.181526,0.0
2019-01-09,6,0,275,130.12,130.12,0.0,2871.856869,0.0
2019-01-09,6,0,276,0.0,0.0,0.0,0.0,0.0
2019-01-09,6,0,277,0.0,0.0,0.0,0.0,0.0
2019-01-09,6,0,278,0.0,0.0,0.0,0.0,0.0
2019-01-09,6,0,279,53.59,53.59,0.0,128.010986,0.0
2019-01-09,6,0,281,12.71,12.71,0.0,71.363094,0.0
2019-01-09,6,0,282,0.0,0.0,0.0,0.0,0.0
2019-01-09,7,0,9,0.0,0.0,0.0,0.0,0.0
2019-01-09,7,0,17,0.0,0.0,0.0,0.0,0.0
2019-01-09,7,0,19,643.3,643.3,0.0,6977.582278,0.0
2019-01-09,7,0,20,780.2,780.2,0.0,8462.474263,0.0
2019-01-09,7,0,21,0.0,0.0,0.0,0.0,0.0
2019-01-09,7,0,22,0.0,0.0,0.0,0.0,0.0
2019-01-09,7,0,23,56.65,56.65,0.0,643.236713,0.0
2019-01-09,7,0,24,100.23,100.23,0.0,1138.069122,0.0
2019-01-09,7,0,29,0.0,0.0,0.0,0.0,0.0
2019-01-09,7,0,30,0.0,0.0,0.0,0.0,0.0
2019-01-09,7,0,31,59.08,59.08,0.0,671.018668,0.0
2019-01-09,7,0,32,0.0,0.0,0.0,0.0,0.0
2019-01-09,7,0,33,0.0,0.0,0.0,0.0,0.0
2019-01-09,7,0,34,0.0,0.0,0.0,0.0,0.0
2019-01-09,7,0,35,0.0,0.0,0.0,0.0,0.0
2019-01-09,7,0,36,0.0,0.0,0.0,0.0,0.0
2019-01-09,7,0,37,0.0,0.0,0.0,0.0,0.0
2019-01-09,7,0,38,0.0,0.0,0.0,0.0,0.0
2019-01-09,7,0,39,0.0,0.0,0.0,0.0,0.0
2019-01-09,7,0,40,0.0,0.0,0.0,0.0,0.0
2019-01-09,7,0,41,85.72,85.72,0.0,958.92989,0.0
2019-01-09,7,0,42,0.0,0.0,0.0,0.0,0.0
2019-01-09,7,0,43,0.0,0.0,0.0,0.0,0.0
2019-01-09,7,0,46,0.0,0.0,0.0,0.0,0.0
2019-01-09,7,0,52,62.63,62.63,0.0,711.338848,0.0
2019-01-09,7,0,53,99.53,99.53,0.0,1130.44157,0.0
2019-01-09,7,0,55,148.22,148.22,0.0,1682.975209,0.0
2019-01-09,7,0,56,0.0,0.0,0.0,0.0,0.0
2019-01-09,7,0,57,0.0,0.0,0.0,0.0,0.0
2019-01-09,7,0,58,0.0,0.0,0.0,0.0,0.0
2019-01-09,7,0,59,0.0,0.0,0.0,0.0,0.0
2019-01-09,7,0,63,24.27,24.27,0.0,1224.145355,0.0
2019-01-09,7,0,64,28.55,28.55,0.0,1440.022657,0.0
2019-01-09,7,0,65,3.58,3.58,0.0,38.843521,0.0
2019-01-09,7,0,67,0.0,0.0,0.0,0.0,0.0
2019-01-09,7,0,68,1.47,1.47,0.0,24.051918,0.0
2019-01-09,7,0,69,0.0,0.0,0.0,0.0,0.0
2019-01-09,7,0,74,65.28,65.28,0.0,714.971123,0.0
2019-01-09,7,0,77,59.22,59.22,0.0,690.758575,0.0
2019-01-09,7,0,78,44.77,44.77,0.0,522.20975,0.0
2019-01-09,7,0,79,25.91,25.91,0.0,302.221457,0.0
2019-01-09,7,0,80,41.9,41.9,0.0,488.733271,0.0
2019-01-09,7,0,81,54.78,54.78,0.0,638.969178,0.0
2019-01-09,7,0,82,38.64,38.64,0.0,450.707723,0.0
2019-01-09,7,0,83,86.16,86.16,0.0,1004.994239,0.0
2019-01-09,7,0,84,0.0,0.0,0.0,0.0,0.0
2019-01-09,7,0,86,0.0,0.0,0.0,0.0,0.0
2019-01-09,7,0,87,0.0,0.0,0.0,0.0,0.0
2019-01-09,7,0,88,46.97,46.97,0.0,547.871163,0.0
2019-01-09,7,0,89,45.15,45.15,0.0,526.642176,0.0
2019-01-09,7,0,90,60.63,60.63,0.0,707.205208,0.0
2019-01-09,7,0,91,216.27,216.27,0.0,2522.633519,0.0
2019-01-09,7,0,92,77.78,77.78,0.0,907.247584,0.0
2019-01-09,7,0,95,7.02,7.02,0.0,356.775138,0.0
2019-01-09,7,0,96,13.76,13.76,0.0,156.329621,0.0
2019-01-09,7,0,97,84.6,84.6,0.0,961.1545,0.0
2019-01-09,7,0,99,12.6,12.6,0.0,137.999941,0.0
2019-01-09,7,0,101,0.0,0.0,0.0,0.0,0.0
2019-01-09,7,0,102,3.47,3.47,0.0,56.775617,0.0
2019-01-09,7,0,103,3.02,3.02,0.0,49.412784,0.0
2019-01-09,7,0,104,0.56,0.56,0.0,9.162636,0.0
2019-01-09,7,0,106,0.0,0.0,0.0,0.0,0.0
2019-01-09,7,0,109,200.0,200.0,0.0,2215.193518,0.0
2019-01-09,7,0,110,7.94,7.94,0.0,311.102001,0.0
2019-01-09,7,0,111,0.0,0.0,0.0,0.0,0.0
2019-01-09,7,0,113,10.48,10.48,0.0,110.971448,0.0
2019-01-09,7,0,115,10.48,10.48,0.0,110.971448,0.0
2019-01-09,7,0,116,0.0,0.0,0.0,0.0,0.0
2019-01-09,7,0,117,0.43,0.43,0.0,4.553218,0.0
2019-01-09,7,0,119,28.55,28.55,0.0,1440.022657,0.0
2019-01-09,7,0,120,16.79,16.79,0.0,846.864463,0.0
2019-01-09,7,0,123,0.0,0.0,0.0,0.0,0.0
2019-01-09,7,0,125,90.7,90.7,0.0,1029.860015,0.0
2019-01-09,7,0,126,0.0,0.0,0.0,0.0,0.0
2019-01-09,7,0,127,0.0,0.0,0.0,0.0,0.0
2019-01-09,7,0,128,129.91,129.91,0.0,1475.072928,0.0
2019-01-09,7,0,131,7.16,7.16,0.0,106.409115,0.0
2019-01-09,7,0,132,10.53,10.53,0.0,156.492734,0.0
2019-01-09,7,0,133,41.94,41.94,0.0,454.889862,0.0
2019-01-09,7,0,134,0.0,0.0,0.0,0.0,0.0
2019-01-09,7,0,135,56.2,56.2,0.0,609.556753,0.0
2019-01-09,7,0,136,7.0,7.0,0.0,75.952402,0.0
2019-01-09,7,0,139,110.71,110.71,0.0,1238.487263,0.0
2019-01-09,7,0,140,5.88,5.88,0.0,230.38788,0.0
2019-01-09,7,0,141,34.96,34.96,0.0,768.395393,0.0
2019-01-09,7,0,142,0.0,0.0,0.0,0.0,0.0
2019-01-09,7,0,143,105.15,105.15,0.0,1194.272392,0.0
2019-01-09,7,0,145,14.26,14.26,0.0,160.470439,0.0
2019-01-09,7,0,146,15.98,15.98,0.0,626.122162,0.0
2019-01-09,7,0,152,0.0,0.0,0.0,0.0,0.0
2019-01-09,7,0,153,0.0,0.0,0.0,0.0,0.0
2019-01-09,7,0,154,0.0,0.0,0.0,0.0,0.0
2019-01-09,7,0,157,29.34,29.34,0.0,644.871877,0.0
2019-01-09,7,0,158,0.0,0.0,0.0,0.0,0.0
2019-01-09,7,0,159,0.0,0.0,0.0,0.0,0.0
2019-01-09,7,0,160,0.0,0.0,0.0,0.0,0.0
2019-01-09,7,0,161,0.0,0.0,0.0,0.0,0.0
2019-01-09,7,0,162,7.77,7.77,0.0,394.928251,0.0
2019-01-09,7,0,163,17.08,17.08,0.0,669.221936,0.0
2019-01-09,7,0,164,0.0,0.0,0.0,0.0,0.0
2019-01-09,7,0,167,0.0,0.0,0.0,0.0,0.0
2019-01-09,7,0,168,0.0,0.0,0.0,0.0,0.0
2019-01-09,7,0,169,0.0,0.0,0.0,0.0,0.0
2019-01-09,7,0,170,0.0,0.0,0.0,0.0,0.0
2019-01-09,7,0,172,0.0,0.0,0.0,0.0,0.0
2019-01-09,7,0,173,0.0,0.0,0.0,0.0,0.0
2019-01-09,7,0,188,0.0,0.0,0.0,0.0,0.0
2019-01-09,7,0,190,0.0,0.0,0.0,0.0,0.0
2019-01-09,7,0,191,0.0,0.0,0.0,0.0,0.0
2019-01-09,7,0,192,10.57,10.57,0.0,533.136234,0.0
2019-01-09,7,0,194,41.01,41.01,0.0,221.623968,0.0
2019-01-09,7,0,196,0.0,0.0,0.0,0.0,0.0
2019-01-09,7,0,198,0.0,0.0,0.0,0.0,0.0
2019-01-09,7,0,199,14.11,14.11,0.0,126.35703,0.0
2019-01-09,7,0,200,0.0,0.0,0.0,0.0,0.0
2019-01-09,7,0,204,725.86,725.86,0.0,8048.823106,0.0
2019-01-09,7,0,205,1058.0,1058.0,0.0,11718.373709,0.0
2019-01-09,7,0,206,248.58,248.58,0.0,2824.158223,0.0
2019-01-09,7,0,210,0.0,0.0,0.0,0.0,0.0
2019-01-09,7,0,214,0.0,0.0,0.0,0.0,0.0
2019-01-09,7,0,217,0.0,0.0,0.0,0.0,0.0
2019-01-09,7,0,218,0.0,0.0,0.0,0.0,0.0
2019-01-09,7,0,219,0.0,0.0,0.0,0.0,0.0
2019-01-09,7,0,221,0.0,0.0,0.0,0.0,0.0
2019-01-09,7,0,225,0.0,0.0,0.0,0.0,0.0
2019-01-09,7,0,233,0.0,0.0,0.0,0.0,0.0
2019-01-09,7,0,236,159.03,159.03,0.0,1732.739189,0.0
2019-01-09,7,0,237,156.6,156.6,0.0,1715.142125,0.0
2019-01-09,7,0,238,0.0,0.0,0.0,0.0,0.0
2019-01-09,7,0,240,0.0,0.0,0.0,0.0,0.0
2019-01-09,7,0,245,78.0,78.0,0.0,844.997707,0.0
2019-01-09,7,0,247,101.07,101.07,0.0,1094.922029,0.0
2019-01-09,7,0,248,15.72,15.72,0.0,172.171355,0.0
2019-01-09,7,0,249,150.0,150.0,0.0,1624.995591,0.0
2019-01-09,7,0,251,37.18,37.18,0.0,403.62821,0.0
2019-01-09,7,0,252,23.09,23.09,0.0,250.52986,0.0
2019-01-09,7,0,254,0.0,0.0,0.0,0.0,0.0
2019-01-09,7,0,255,0.0,0.0,0.0,0.0,0.0
2019-01-09,7,0,258,0.0,0.0,0.0,0.0,0.0
2019-01-09,7,0,260,0.0,0.0,0.0,0.0,0.0
2019-01-09,7,0,265,0.0,0.0,0.0,0.0,0.0
2019-01-09,7,0,266,71.67,71.67,0.0,801.755777,0.0
2019-01-09,7,0,267,88.09,88.09,0.0,985.442534,0.0
2019-01-09,7,0,270,53.35,53.35,0.0,2090.339009,0.0
2019-01-09,7,0,272,37.29,37.29,0.0,394.859283,0.0
2019-01-09,7,0,273,0.0,0.0,0.0,0.0,0.0
2019-01-09,7,0,274,68.77,68.77,0.0,2694.519469,0.0
2019-01-09,7,0,275,95.73,95.73,0.0,3750.855733,0.0
2019-01-09,7,0,276,0.0,0.0,0.0,0.0,0.0
2019-01-09,7,0,277,0.0,0.0,0.0,0.0,0.0
2019-01-09,7,0,278,0.0,0.0,0.0,0.0,0.0
2019-01-09,7,0,279,31.53,31.53,0.0,347.46135,0.0
2019-01-09,7,0,281,26.49,26.49,0.0,300.868052,0.0
2019-01-09,7,0,282,0.0,0.0,0.0,0.0,0.0
2019-01-09,8,0,9,0.0,0.0,0.0,0.0,0.0
2019-01-09,8,0,17,0.0,0.0,0.0,0.0,0.0
2019-01-09,8,0,19,605.38,605.38,0.0,6598.692958,0.0
2019-01-09,8,0,20,753.44,753.44,0.0,8212.559421,0.0
2019-01-09,8,0,21,0.0,0.0,0.0,0.0,0.0
2019-01-09,8,0,22,0.0,0.0,0.0,0.0,0.0
2019-01-09,8,0,23,53.47,53.47,0.0,718.61765,0.0
2019-01-09,8,0,24,94.61,94.61,0.0,1271.524516,0.0
2019-01-09,8,0,29,0.0,0.0,0.0,0.0,0.0
2019-01-09,8,0,30,0.0,0.0,0.0,0.0,0.0
2019-01-09,8,0,31,24.29,24.29,0.0,326.844601,0.0
2019-01-09,8,0,32,0.0,0.0,0.0,0.0,0.0
2019-01-09,8,0,33,0.0,0.0,0.0,0.0,0.0
2019-01-09,8,0,34,0.0,0.0,0.0,0.0,0.0
2019-01-09,8,0,35,0.0,0.0,0.0,0.0,0.0
2019-01-09,8,0,36,0.0,0.0,0.0,0.0,0.0
2019-01-09,8,0,37,0.0,0.0,0.0,0.0,0.0
2019-01-09,8,0,38,0.0,0.0,0.0,0.0,0.0
2019-01-09,8,0,39,0.0,0.0,0.0,0.0,0.0
2019-01-09,8,0,40,0.0,0.0,0.0,0.0,0.0
2019-01-09,8,0,41,34.8,34.8,0.0,438.25007,0.0
2019-01-09,8,0,42,0.0,0.0,0.0,0.0,0.0
2019-01-09,8,0,43,0.0,0.0,0.0,0.0,0.0
2019-01-09,8,0,46,0.0,0.0,0.0,0.0,0.0
2019-01-09,8,0,52,25.75,25.75,0.0,346.490262,0.0
2019-01-09,8,0,53,40.91,40.91,0.0,550.482199,0.0
2019-01-09,8,0,55,138.25,138.25,0.0,1858.030486,0.0
2019-01-09,8,0,56,0.0,0.0,0.0,0.0,0.0
2019-01-09,8,0,57,0.0,0.0,0.0,0.0,0.0
2019-01-09,8,0,58,0.0,0.0,0.0,0.0,0.0
2019-01-09,8,0,59,0.0,0.0,0.0,0.0,0.0
2019-01-09,8,0,63,13.09,13.09,0.0,424.476723,0.0
2019-01-09,8,0,64,15.38,15.38,0.0,498.735828,0.0
2019-01-09,8,0,65,5.76,5.76,0.0,62.885908,0.0
2019-01-09,8,0,67,0.0,0.0,0.0,0.0,0.0
2019-01-09,8,0,68,1.22,1.22,0.0,20.982503,0.0
2019-01-09,8,0,69,0.0,0.0,0.0,0.0,0.0
2019-01-09,8,0,74,65.28,65.28,0.0,745.454213,0.0
2019-01-09,8,0,77,40.19,40.19,0.0,603.098513,0.0
2019-01-09,8,0,78,30.34,30.34,0.0,455.287606,0.0
2019-01-09,8,0,79,17.5,17.5,0.0,262.60821,0.0
2019-01-09,8,0,80,28.39,28.39,0.0,426.025548,0.0
2019-01-09,8,0,81,37.16,37.16,0.0,557.629777,0.0
2019-01-09,8,0,82,26.17,26.17,0.0,392.711821,0.0
2019-01-09,8,0,83,58.55,58.55,0.0,878.612041,0.0
2019-01-09,8,0,84,0.0,0.0,0.0,0.0,0.0
2019-01-09,8,0,86,0.0,0.0,0.0,0.0,0.0
2019-01-09,8,0,87,0.0,0.0,0.0,0.0,0.0
2019-01-09,8,0,88,31.62,31.62,0.0,474.495521,0.0
2019-01-09,8,0,89,30.52,30.52,0.0,457.988719,0.0
2019-01-09,8,0,90,39.82,39.82,0.0,597.546225,0.0
2019-01-09,8,0,91,124.84,124.84,0.0,1873.371942,0.0
2019-01-09,8,0,92,49.95,49.95,0.0,749.558863,0.0
2019-01-09,8,0,95,8.05,8.05,0.0,264.18368,0.0
2019-01-09,8,0,96,13.14,13.14,0.0,177.034666,0.0
2019-01-09,8,0,97,80.78,80.78,0.0,1088.345535,0.0
2019-01-09,8,0,99,12.6,12.6,0.0,143.883626,0.0
2019-01-09,8,0,101,0.0,0.0,0.0,0.0,0.0
2019-01-09,8,0,102,2.89,2.89,0.0,49.704454,0.0
2019-01-09,8,0,103,2.52,2.52,0.0,43.340908,0.0
2019-01-09,8,0,104,0.47,0.47,0.0,8.083423,0.0
2019-01-09,8,0,106,0.0,0.0,0.0,0.0,0.0
2019-01-09,8,0,109,200.0,200.0,0.0,2405.80777,0.0
2019-01-09,8,0,110,0.0,0.0,0.0,0.0,0.0
2019-01-09,8,0,111,0.0,0.0,0.0,0.0,0.0
2019-01-09,8,0,113,18.24,18.24,0.0,270.700186,0.0
2019-01-09,8,0,115,18.24,18.24,0.0,270.700186,0.0
2019-01-09,8,0,116,0.0,0.0,0.0,0.0,0.0
2019-01-09,8,0,117,0.94,0.94,0.0,13.950558,0.0
2019-01-09,8,0,119,15.38,15.38,0.0,498.735828,0.0
2019-01-09,8,0,120,9.08,9.08,0.0,294.442219,0.0
2019-01-09,8,0,123,0.0,0.0,0.0,0.0,0.0
2019-01-09,8,0,125,85.62,85.62,0.0,1150.702135,0.0
2019-01-09,8,0,126,0.0,0.0,0.0,0.0,0.0
2019-01-09,8,0,127,0.0,0.0,0.0,0.0,0.0
2019-01-09,8,0,128,122.63,122.63,0.0,1648.10328,0.0
2019-01-09,8,0,131,6.63,6.63,0.0,109.588272,0.0
2019-01-09,8,0,132,9.75,9.75,0.0,161.159223,0.0
2019-01-09,8,0,133,41.94,41.94,0.0,457.079953,0.0
2019-01-09,8,0,134,0.0,0.0,0.0,0.0,0.0
2019-01-09,8,0,135,56.2,56.2,0.0,612.491497,0.0
2019-01-09,8,0,136,9.12,9.12,0.0,99.578171,0.0
2019-01-09,8,0,139,44.94,44.94,0.0,565.947073,0.0
2019-01-09,8,0,140,0.0,0.0,0.0,0.0,0.0
2019-01-09,8,0,141,37.75,37.75,0.0,743.90414,0.0
2019-01-09,8,0,142,0.0,0.0,0.0,0.0,0.0
2019-01-09,8,0,143,41.8,41.8,0.0,562.457979,0.0
2019-01-09,8,0,145,14.18,14.18,0.0,183.295419,0.0
2019-01-09,8,0,146,15.06,15.06,0.0,412.406213,0.0
2019-01-09,8,0,152,0.0,0.0,0.0,0.0,0.0
2019-01-09,8,0,153,0.0,0.0,0.0,0.0,0.0
2019-01-09,8,0,154,0.0,0.0,0.0,0.0,0.0
2019-01-09,8,0,157,27.83,27.83,0.0,548.419926,0.0
2019-01-09,8,0,158,0.0,0.0,0.0,0.0,0.0
2019-01-09,8,0,159,0.0,0.0,0.0,0.0,0.0
2019-01-09,8,0,160,0.0,0.0,0.0,0.0,0.0
2019-01-09,8,0,161,0.0,0.0,0.0,0.0,0.0
2019-01-09,8,0,162,7.35,7.35,0.0,241.19578,0.0
2019-01-09,8,0,163,14.44,14.44,0.0,395.428002,0.0
2019-01-09,8,0,164,0.0,0.0,0.0,0.0,0.0
2019-01-09,8,0,167,0.0,0.0,0.0,0.0,0.0
2019-01-09,8,0,168,0.0,0.0,0.0,0.0,0.0
2019-01-09,8,0,169,0.0,0.0,0.0,0.0,0.0
2019-01-09,8,0,170,0.0,0.0,0.0,0.0,0.0
2019-01-09,8,0,172,0.0,0.0,0.0,0.0,0.0
2019-01-09,8,0,173,0.0,0.0,0.0,0.0,0.0
2019-01-09,8,0,188,0.0,0.0,0.0,0.0,0.0
2019-01-09,8,0,190,0.0,0.0,0.0,0.0,0.0
2019-01-09,8,0,191,0.0,0.0,0.0,0.0,0.0
2019-01-09,8,0,192,14.19,14.19,0.0,460.147036,0.0
2019-01-09,8,0,194,39.42,39.42,0.0,505.387737,0.0
2019-01-09,8,0,196,0.0,0.0,0.0,0.0,0.0
2019-01-09,8,0,198,0.0,0.0,0.0,0.0,0.0
2019-01-09,8,0,199,16.03,16.03,0.0,186.109403,0.0
2019-01-09,8,0,200,0.0,0.0,0.0,0.0,0.0
2019-01-09,8,0,204,754.77,754.77,0.0,9126.865354,0.0
2019-01-09,8,0,205,1058.0,1058.0,0.0,12726.723104,0.0
2019-01-09,8,0,206,237.36,237.36,0.0,3197.941276,0.0
2019-01-09,8,0,210,0.0,0.0,0.0,0.0,0.0
2019-01-09,8,0,214,0.0,0.0,0.0,0.0,0.0
2019-01-09,8,0,217,0.0,0.0,0.0,0.0,0.0
2019-01-09,8,0,218,0.0,0.0,0.0,0.0,0.0
2019-01-09,8,0,219,0.0,0.0,0.0,0.0,0.0
2019-01-09,8,0,221,0.0,0.0,0.0,0.0,0.0
2019-01-09,8,0,225,0.0,0.0,0.0,0.0,0.0
2019-01-09,8,0,233,0.0,0.0,0.0,0.0,0.0
2019-01-09,8,0,236,159.03,159.03,0.0,1771.60644,0.0
2019-01-09,8,0,237,156.6,156.6,0.0,1788.267918,0.0
2019-01-09,8,0,238,0.0,0.0,0.0,0.0,0.0
2019-01-09,8,0,240,0.0,0.0,0.0,0.0,0.0
2019-01-09,8,0,245,78.0,78.0,0.0,845.156014,0.0
2019-01-09,8,0,247,149.68,149.68,0.0,1621.832721,0.0
2019-01-09,8,0,248,15.72,15.72,0.0,179.511952,0.0
2019-01-09,8,0,249,150.0,150.0,0.0,1625.300028,0.0
2019-01-09,8,0,251,39.63,39.63,0.0,433.813846,0.0
2019-01-09,8,0,252,37.17,37.17,0.0,405.810627,0.0
2019-01-09,8,0,254,0.0,0.0,0.0,0.0,0.0
2019-01-09,8,0,255,0.0,0.0,0.0,0.0,0.0
2019-01-09,8,0,258,0.0,0.0,0.0,0.0,0.0
2019-01-09,8,0,260,0.0,0.0,0.0,0.0,0.0
2019-01-09,8,0,265,0.0,0.0,0.0,0.0,0.0
2019-01-09,8,0,266,29.1,29.1,0.0,366.467731,0.0
2019-01-09,8,0,267,35.76,35.76,0.0,450.339727,0.0
2019-01-09,8,0,270,45.09,45.09,0.0,1234.754059,0.0
2019-01-09,8,0,272,63.15,63.15,0.0,937.210348,0.0
2019-01-09,8,0,273,0.0,0.0,0.0,0.0,0.0
2019-01-09,8,0,274,58.13,58.13,0.0,1591.844166,0.0
2019-01-09,8,0,275,80.92,80.92,0.0,2215.930328,0.0
2019-01-09,8,0,276,0.0,0.0,0.0,0.0,0.0
2019-01-09,8,0,277,0.0,0.0,0.0,0.0,0.0
2019-01-09,8,0,278,0.0,0.0,0.0,0.0,0.0
2019-01-09,8,0,279,27.92,27.92,0.0,416.210031,0.0
2019-01-09,8,0,281,10.9,10.9,0.0,146.669664,0.0
2019-01-09,8,0,282,0.0,0.0,0.0,0.0,0.0
2019-01-09,9,0,9,0.07,0.07,0.0,1.477061,0.0
2019-01-09,9,0,17,4.03,4.03,0.0,55.216247,0.0
2019-01-09,9,0,19,475.02,475.02,0.0,6508.392428,0.0
2019-01-09,9,0,20,589.85,589.85,0.0,8081.712925,0.0
2019-01-09,9,0,21,1.59,1.59,0.0,33.550385,0.0
2019-01-09,9,0,22,5.64,5.64,0.0,119.008912,0.0
2019-01-09,9,0,23,50.79,50.79,0.0,1071.713237,0.0
2019-01-09,9,0,24,89.87,89.87,0.0,1896.335274,0.0
2019-01-09,9,0,29,1.31,1.31,0.0,14.552052,0.0
2019-01-09,9,0,30,11.35,11.35,0.0,240.030801,0.0
2019-01-09,9,0,31,32.9,32.9,0.0,695.772103,0.0
2019-01-09,9,0,32,0.4,0.4,0.0,12.23881,0.0
2019-01-09,9,0,33,0.25,0.25,0.0,3.103539,0.0
2019-01-09,9,0,34,0.4,0.4,0.0,4.965662,0.0
2019-01-09,9,0,35,0.4,0.4,0.0,4.965662,0.0
2019-01-09,9,0,36,1.13,1.13,0.0,17.66795,0.0
2019-01-09,9,0,37,0.55,0.55,0.0,8.608711,0.0
2019-01-09,9,0,38,0.71,0.71,0.0,11.113063,0.0
2019-01-09,9,0,39,0.47,0.47,0.0,7.356535,0.0
2019-01-09,9,0,40,0.47,0.47,0.0,7.356535,0.0
2019-01-09,9,0,41,34.8,34.8,0.0,648.848223,0.0
2019-01-09,9,0,42,2.56,2.56,0.0,35.789594,0.0
2019-01-09,9,0,43,3.45,3.45,0.0,52.646905,0.0
2019-01-09,9,0,46,2.32,2.32,0.0,37.467502,0.0
2019-01-09,9,0,52,34.91,34.91,0.0,738.27976,0.0
2019-01-09,9,0,53,55.76,55.76,0.0,1179.2174,0.0
2019-01-09,9,0,55,129.73,129.73,0.0,2737.415991,0.0
2019-01-09,9,0,56,3.35,3.35,0.0,70.846096,0.0
2019-01-09,9,0,57,3.18,3.18,0.0,67.250921,0.0
2019-01-09,9,0,58,6.12,6.12,0.0,129.4263,0.0
2019-01-09,9,0,59,6.02,6.02,0.0,127.311491,0.0
2019-01-09,9,0,63,7.18,7.18,0.0,214.023871,0.0
2019-01-09,9,0,64,8.44,8.44,0.0,251.582377,0.0
2019-01-09,9,0,65,8.72,8.72,0.0,119.927303,0.0
2019-01-09,9,0,67,6.23,6.23,0.0,167.870366,0.0
2019-01-09,9,0,68,1.9,1.9,0.0,50.159538,0.0
2019-01-09,9,0,69,0.25,0.25,0.0,3.103539,0.0
2019-01-09,9,0,74,65.28,65.28,0.0,994.041604,0.0
2019-01-09,9,0,77,15.03,15.03,0.0,385.379971,0.0
2019-01-09,9,0,78,11.36,11.36,0.0,291.278541,0.0
2019-01-09,9,0,79,6.57,6.57,0.0,168.459508,0.0
2019-01-09,9,0,80,10.63,10.63,0.0,272.560818,0.0
2019-01-09,9,0,81,13.9,13.9,0.0,356.405961,0.0
2019-01-09,9,0,82,9.81,9.81,0.0,251.53543,0.0
2019-01-09,9,0,83,21.87,21.87,0.0,560.762473,0.0
2019-01-09,9,0,84,0.0,0.0,0.0,0.0,0.0
2019-01-09,9,0,86,1.27,1.27,0.0,15.765976,0.0
2019-01-09,9,0,87,6.46,6.46,0.0,80.195438,0.0
2019-01-09,9,0,88,37.01,37.01,0.0,948.962923,0.0
2019-01-09,9,0,89,35.36,35.36,0.0,906.65574,0.0
2019-01-09,9,0,90,49.63,49.63,0.0,1272.548767,0.0
2019-01-09,9,0,91,186.48,186.48,0.0,4781.480839,0.0
2019-01-09,9,0,92,65.61,65.61,0.0,1682.287419,0.0
2019-01-09,9,0,95,9.48,9.48,0.0,290.512144,0.0
2019-01-09,9,0,96,12.64,12.64,0.0,267.935577,0.0
2019-01-09,9,0,97,77.7,77.7,0.0,1647.040693,0.0
2019-01-09,9,0,99,12.6,12.6,0.0,191.864648,0.0
2019-01-09,9,0,101,0.23,0.23,0.0,4.86406,0.0
2019-01-09,9,0,102,4.5,4.5,0.0,118.798907,0.0
2019-01-09,9,0,103,3.91,3.91,0.0,103.22305,0.0
2019-01-09,9,0,104,0.73,0.73,0.0,19.271823,0.0
2019-01-09,9,0,106,5.55,5.55,0.0,117.109834,0.0
2019-01-09,9,0,109,186.24,186.24,0.0,3168.820695,0.0
2019-01-09,9,0,110,0.0,0.0,0.0,0.0,0.0
2019-01-09,9,0,111,0.77,0.77,0.0,14.356699,0.0
2019-01-09,9,0,113,10.45,10.45,0.0,277.241587,0.0
2019-01-09,9,0,115,10.45,10.45,0.0,277.241587,0.0
2019-01-09,9,0,116,5.59,5.59,0.0,159.967205,0.0
2019-01-09,9,0,117,0.71,0.71,0.0,18.83651,0.0
2019-01-09,9,0,119,8.44,8.44,0.0,251.582377,0.0
2019-01-09,9,0,120,4.96,4.96,0.0,147.849359,0.0
2019-01-09,9,0,123,0.09,0.09,0.0,1.899078,0.0
2019-01-09,9,0,125,81.33,81.33,0.0,1716.133836,0.0
2019-01-09,9,0,126,4.17,4.17,0.0,87.990632,0.0
2019-01-09,9,0,127,5.35,5.35,0.0,112.88966,0.0
2019-01-09,9,0,128,116.48,116.48,0.0,2457.829451,0.0
2019-01-09,9,0,131,6.12,6.12,0.0,160.674543,0.0
2019-01-09,9,0,132,8.99,8.99,0.0,236.023552,0.0
2019-01-09,9,0,133,41.94,41.94,0.0,574.427805,0.0
2019-01-09,9,0,134,0.0,0.0,0.0,0.0,0.0
2019-01-09,9,0,135,56.2,56.2,0.0,769.738737,0.0
2019-01-09,9,0,136,11.56,11.56,0.0,159.019087,0.0
2019-01-09,9,0,139,44.94,44.94,0.0,837.909171,0.0
2019-01-09,9,0,140,0.0,0.0,0.0,0.0,0.0
2019-01-09,9,0,141,40.5,40.5,0.0,1091.292104,0.0
2019-01-09,9,0,142,8.21,8.21,0.0,221.222424,0.0
2019-01-09,9,0,143,78.04,78.04,0.0,1650.396806,0.0
2019-01-09,9,0,145,14.09,14.09,0.0,276.360011,0.0
2019-01-09,9,0,146,14.21,14.21,0.0,406.642931,0.0
2019-01-09,9,0,152,0.62,0.62,0.0,9.400852,0.0
2019-01-09,9,0,153,0.89,0.89,0.0,13.553347,0.0
2019-01-09,9,0,154,3.18,3.18,0.0,59.291303,0.0
2019-01-09,9,0,157,26.46,26.46,0.0,712.977508,0.0
2019-01-09,9,0,158,0.0,0.0,0.0,0.0,0.0
2019-01-09,9,0,159,0.0,0.0,0.0,0.0,0.0
2019-01-09,9,0,160,0.28,0.28,0.0,3.936887,0.0
2019-01-09,9,0,161,1.95,1.95,0.0,51.479526,0.0
2019-01-09,9,0,162,7.47,7.47,0.0,228.805874,0.0
2019-01-09,9,0,163,12.64,12.64,0.0,361.714753,0.0
2019-01-09,9,0,164,0.41,0.41,0.0,8.670716,0.0
2019-01-09,9,0,167,0.54,0.54,0.0,16.556943,0.0
2019-01-09,9,0,168,0.27,0.27,0.0,8.278471,0.0
2019-01-09,9,0,169,0.0,0.0,0.0,0.0,0.0
2019-01-09,9,0,170,0.59,0.59,0.0,18.089993,0.0
2019-01-09,9,0,172,0.59,0.59,0.0,19.055867,0.0
2019-01-09,9,0,173,0.9,0.9,0.0,29.068272,0.0
2019-01-09,9,0,188,0.71,0.71,0.0,21.934139,0.0
2019-01-09,9,0,190,0.55,0.55,0.0,16.394586,0.0
2019-01-09,9,0,191,1.43,1.43,0.0,42.625924,0.0
2019-01-09,9,0,192,18.42,18.42,0.0,549.069596,0.0
2019-01-09,9,0,194,28.4,28.4,0.0,765.495446,0.0
2019-01-09,9,0,196,0.35,0.35,0.0,10.205509,0.0
2019-01-09,9,0,198,1.41,1.41,0.0,16.916734,0.0
2019-01-09,9,0,199,18.35,18.35,0.0,283.312882,0.0
2019-01-09,9,0,200,2.18,2.18,0.0,33.657879,0.0
2019-01-09,9,0,204,439.88,439.88,0.0,7565.621152,0.0
2019-01-09,9,0,205,1048.92,1048.92,0.0,17847.075833,0.0
2019-01-09,9,0,206,228.33,228.33,0.0,4840.010315,0.0
2019-01-09,9,0,210,0.39,0.39,0.0,4.261737,0.0
2019-01-09,9,0,214,1.92,1.92,0.0,22.37388,0.0
2019-01-09,9,0,217,1.43,1.43,0.0,16.122565,0.0
2019-01-09,9,0,218,1.97,1.97,0.0,22.210806,0.0
2019-01-09,9,0,219,1.34,1.34,0.0,15.107858,0.0
2019-01-09,9,0,221,1.03,1.03,0.0,12.002655,0.0
2019-01-09,9,0,225,1.16,1.16,0.0,12.906052,0.0
2019-01-09,9,0,233,0.72,0.72,0.0,8.938191,0.0
2019-01-09,9,0,236,159.03,159.03,0.0,2291.315788,0.0
2019-01-09,9,0,237,156.6,156.6,0.0,2384.603481,0.0
2019-01-09,9,0,238,3.33,3.33,0.0,46.554433,0.0
2019-01-09,9,0,240,1.28,1.28,0.0,20.013253,0.0
2019-01-09,9,0,245,78.0,78.0,0.0,1053.835448,0.0
2019-01-09,9,0,247,171.72,171.72,0.0,2320.059271,0.0
2019-01-09,9,0,248,15.72,15.72,0.0,239.373989,0.0
2019-01-09,9,0,249,150.0,150.0,0.0,2026.60663,0.0
2019-01-09,9,0,251,42.64,42.64,0.0,590.061954,0.0
2019-01-09,9,0,252,56.28,56.28,0.0,774.026216,0.0
2019-01-09,9,0,254,2.16,2.16,0.0,32.3113,0.0
2019-01-09,9,0,255,0.99,0.99,0.0,14.809346,0.0
2019-01-09,9,0,258,1.56,1.56,0.0,24.296574,0.0
2019-01-09,9,0,260,0.69,0.69,0.0,9.701615,0.0
2019-01-09,9,0,265,3.29,3.29,0.0,61.34226,0.0
2019-01-09,9,0,266,29.1,29.1,0.0,542.571359,0.0
2019-01-09,9,0,267,35.76,35.76,0.0,666.747485,0.0
2019-01-09,9,0,270,39.46,39.46,0.0,1129.213937,0.0
2019-01-09,9,0,272,34.86,34.86,0.0,924.846098,0.0
2019-01-09,9,0,273,1.34,1.34,0.0,38.346343,0.0
2019-01-09,9,0,274,50.87,50.87,0.0,1455.730182,0.0
2019-01-09,9,0,275,70.81,70.81,0.0,2026.346652,0.0
2019-01-09,9,0,276,0.29,0.29,0.0,8.190624,0.0
2019-01-09,9,0,277,0.33,0.33,0.0,8.637304,0.0
2019-01-09,9,0,278,0.52,0.52,0.0,13.610297,0.0
2019-01-09,9,0,279,25.18,25.18,0.0,659.05248,0.0
2019-01-09,9,0,281,14.66,14.66,0.0,310.030974,0.0
2019-01-09,9,0,282,6.22,6.22,0.0,131.541109,0.0
2019-01-09,10,0,9,0.69,0.69,0.0,7.835906,0.0
2019-01-09,10,0,17,9.83,9.83,0.0,109.444682,0.0
2019-01-09,10,0,19,349.46,349.46,0.0,3890.797396,0.0
2019-01-09,10,0,20,433.01,433.01,0.0,4821.021521,0.0
2019-01-09,10,0,21,15.72,15.72,0.0,178.52238,0.0
2019-01-09,10,0,22,55.87,55.87,0.0,634.481256,0.0
2019-01-09,10,0,23,48.3,48.3,0.0,548.513418,0.0
2019-01-09,10,0,24,85.47,85.47,0.0,970.630266,0.0
2019-01-09,10,0,29,3.49,3.49,0.0,38.577008,0.0
2019-01-09,10,0,30,104.35,104.35,0.0,1185.186154,0.0
2019-01-09,10,0,31,72.26,72.26,0.0,820.714437,0.0
2019-01-09,10,0,32,2.2,2.2,0.0,60.29631,0.0
2019-01-09,10,0,33,0.73,0.73,0.0,8.099024,0.0
2019-01-09,10,0,34,1.18,1.18,0.0,13.091572,0.0
2019-01-09,10,0,35,1.18,1.18,0.0,13.091572,0.0
2019-01-09,10,0,36,3.34,3.34,0.0,37.385233,0.0
2019-01-09,10,0,37,1.73,1.73,0.0,19.36525,0.0
2019-01-09,10,0,38,2.23,2.23,0.0,24.962143,0.0
2019-01-09,10,0,39,1.49,1.49,0.0,16.678742,0.0
2019-01-09,10,0,40,1.49,1.49,0.0,16.678742,0.0
2019-01-09,10,0,41,34.8,34.8,0.0,392.642996,0.0
2019-01-09,10,0,42,7.69,7.69,0.0,85.683799,0.0
2019-01-09,10,0,43,9.06,9.06,0.0,101.312258,0.0
2019-01-09,10,0,46,5.94,5.94,0.0,66.579941,0.0
2019-01-09,10,0,52,76.64,76.64,0.0,870.461589,0.0
2019-01-09,10,0,53,122.2,122.2,0.0,1387.922836,0.0
2019-01-09,10,0,55,123.7,123.7,0.0,1404.784882,0.0
2019-01-09,10,0,56,30.78,30.78,0.0,349.593003,0.0
2019-01-09,10,0,57,29.28,29.28,0.0,332.556306,0.0
2019-01-09,10,0,58,56.3,56.3,0.0,639.443991,0.0
2019-01-09,10,0,59,55.36,55.36,0.0,628.767661,0.0
2019-01-09,10,0,63,7.93,7.93,0.0,215.609722,0.0
2019-01-09,10,0,64,9.33,9.33,0.0,253.67449,0.0
2019-01-09,10,0,65,12.58,12.58,0.0,140.082323,0.0
2019-01-09,10,0,67,94.95,94.95,0.0,1487.710391,0.0
2019-01-09,10,0,68,2.81,2.81,0.0,37.638268,0.0
2019-01-09,10,0,69,0.73,0.73,0.0,8.099024,0.0
2019-01-09,10,0,74,106.28,106.28,0.0,1188.22339,0.0
2019-01-09,10,0,77,13.73,13.73,0.0,157.786701,0.0
2019-01-09,10,0,78,10.38,10.38,0.0,119.288125,0.0
2019-01-09,10,0,79,6.01,6.01,0.0,69.067594,0.0
2019-01-09,10,0,80,9.72,9.72,0.0,111.703331,0.0
2019-01-09,10,0,81,12.7,12.7,0.0,145.949825,0.0
2019-01-09,10,0,82,8.96,8.96,0.0,102.969326,0.0
2019-01-09,10,0,83,19.98,19.98,0.0,229.612402,0.0
2019-01-09,10,0,84,0.0,0.0,0.0,0.0,0.0
2019-01-09,10,0,86,3.72,3.72,0.0,41.271737,0.0
2019-01-09,10,0,87,19.0,19.0,0.0,210.796505,0.0
2019-01-09,10,0,88,22.87,22.87,0.0,262.824607,0.0
2019-01-09,10,0,89,21.88,21.88,0.0,251.447416,0.0
2019-01-09,10,0,90,30.38,30.38,0.0,349.13037,0.0
2019-01-09,10,0,91,112.55,112.55,0.0,1293.437231,0.0
2019-01-09,10,0,92,39.88,39.88,0.0,458.305436,0.0
2019-01-09,10,0,95,27.94,27.94,0.0,764.065848,0.0
2019-01-09,10,0,96,12.12,12.12,0.0,137.674388,0.0
2019-01-09,10,0,97,74.54,74.54,0.0,846.720203,0.0
2019-01-09,10,0,99,21.85,21.85,0.0,244.285671,0.0
2019-01-09,10,0,101,2.1,2.1,0.0,23.851374,0.0
2019-01-09,10,0,102,6.66,6.66,0.0,89.206714,0.0
2019-01-09,10,0,103,5.79,5.79,0.0,77.553585,0.0
2019-01-09,10,0,104,1.07,1.07,0.0,14.33201,0.0
2019-01-09,10,0,106,55.0,55.0,0.0,624.601201,0.0
2019-01-09,10,0,109,171.07,171.07,0.0,1921.849292,0.0
2019-01-09,10,0,110,0.0,0.0,0.0,0.0,0.0
2019-01-09,10,0,111,2.52,2.52,0.0,28.432769,0.0
2019-01-09,10,0,113,18.16,18.16,0.0,200.832701,0.0
2019-01-09,10,0,115,18.16,18.16,0.0,200.832701,0.0
2019-01-09,10,0,116,45.32,45.32,0.0,1025.678935,0.0
2019-01-09,10,0,117,1.21,1.21,0.0,13.381474,0.0
2019-01-09,10,0,119,9.33,9.33,0.0,253.67449,0.0
2019-01-09,10,0,120,5.49,5.49,0.0,149.268269,0.0
2019-01-09,10,0,123,0.92,0.92,0.0,10.447875,0.0
2019-01-09,10,0,125,77.34,77.34,0.0,878.302852,0.0
2019-01-09,10,0,126,41.25,41.25,0.0,468.4509,0.0
2019-01-09,10,0,127,52.94,52.94,0.0,601.207047,0.0
2019-01-09,10,0,128,110.77,110.77,0.0,1257.946818,0.0
2019-01-09,10,0,131,7.61,7.61,0.0,97.309819,0.0
2019-01-09,10,0,132,12.28,12.28,0.0,157.025569,0.0
2019-01-09,10,0,133,41.94,41.94,0.0,466.942894,0.0
2019-01-09,10,0,134,0.0,0.0,0.0,0.0,0.0
2019-01-09,10,0,135,56.2,56.2,0.0,625.707932,0.0
2019-01-09,10,0,136,14.43,14.43,0.0,160.683914,0.0
2019-01-09,10,0,139,44.94,44.94,0.0,507.051042,0.0
2019-01-09,10,0,140,0.0,0.0,0.0,0.0,0.0
2019-01-09,10,0,141,43.54,43.54,0.0,682.200215,0.0
2019-01-09,10,0,142,125.22,125.22,0.0,1961.991523,0.0
2019-01-09,10,0,143,140.97,140.97,0.0,1601.108693,0.0
2019-01-09,10,0,145,26.25,26.25,0.0,296.938735,0.0
2019-01-09,10,0,146,13.63,13.63,0.0,308.473166,0.0
2019-01-09,10,0,152,2.1,2.1,0.0,23.474399,0.0
2019-01-09,10,0,153,3.11,3.11,0.0,34.770709,0.0
2019-01-09,10,0,154,10.39,10.39,0.0,117.228757,0.0
2019-01-09,10,0,157,25.14,25.14,0.0,393.902467,0.0
2019-01-09,10,0,158,92.79,92.79,0.0,1453.866742,0.0
2019-01-09,10,0,159,0.0,0.0,0.0,0.0,0.0
2019-01-09,10,0,160,0.69,0.69,0.0,7.691588,0.0
2019-01-09,10,0,161,18.35,18.35,0.0,245.787269,0.0
2019-01-09,10,0,162,15.33,15.33,0.0,419.252622,0.0
2019-01-09,10,0,163,6.4,6.4,0.0,144.844333,0.0
2019-01-09,10,0,164,5.32,5.32,0.0,60.423482,0.0
2019-01-09,10,0,167,2.62,2.62,0.0,71.674691,0.0
2019-01-09,10,0,168,1.31,1.31,0.0,35.837346,0.0
2019-01-09,10,0,169,0.0,0.0,0.0,0.0,0.0
2019-01-09,10,0,170,2.87,2.87,0.0,78.513879,0.0
2019-01-09,10,0,172,3.31,3.31,0.0,89.321948,0.0
2019-01-09,10,0,173,5.04,5.04,0.0,136.006833,0.0
2019-01-09,10,0,188,4.42,4.42,0.0,119.5302,0.0
2019-01-09,10,0,190,3.66,3.66,0.0,99.512179,0.0
2019-01-09,10,0,191,9.45,9.45,0.0,256.937184,0.0
2019-01-09,10,0,192,23.73,23.73,0.0,645.197818,0.0
2019-01-09,10,0,194,11.38,11.38,0.0,101.99211,0.0
2019-01-09,10,0,196,2.54,2.54,0.0,64.508029,0.0
2019-01-09,10,0,198,3.47,3.47,0.0,38.473613,0.0
2019-01-09,10,0,199,21.09,21.09,0.0,218.612293,0.0
2019-01-09,10,0,200,6.19,6.19,0.0,64.163589,0.0
2019-01-09,10,0,204,245.42,245.42,0.0,2758.48482,0.0
2019-01-09,10,0,205,1010.31,1010.31,0.0,11350.111407,0.0
2019-01-09,10,0,206,219.02,219.02,0.0,2487.907954,0.0
2019-01-09,10,0,210,1.02,1.02,0.0,11.266528,0.0
2019-01-09,10,0,214,5.66,5.66,0.0,62.663997,0.0
2019-01-09,10,0,217,4.07,4.07,0.0,45.013166,0.0
2019-01-09,10,0,218,5.61,5.61,0.0,62.045175,0.0
2019-01-09,10,0,219,3.82,3.82,0.0,42.24823,0.0
2019-01-09,10,0,221,3.02,3.02,0.0,33.43556,0.0
2019-01-09,10,0,225,3.21,3.21,0.0,35.484475,0.0
2019-01-09,10,0,233,2.11,2.11,0.0,23.409507,0.0
2019-01-09,10,0,236,159.03,159.03,0.0,1774.023061,0.0
2019-01-09,10,0,237,248.36,248.36,0.0,2776.695157,0.0
2019-01-09,10,0,238,10.01,10.01,0.0,111.533788,0.0
2019-01-09,10,0,240,3.79,3.79,0.0,42.422165,0.0
2019-01-09,10,0,245,78.0,78.0,0.0,867.97924,0.0
2019-01-09,10,0,247,171.72,171.72,0.0,1910.88968,0.0
2019-01-09,10,0,248,27.11,27.11,0.0,303.093114,0.0
2019-01-09,10,0,249,150.0,150.0,0.0,1669.190846,0.0
2019-01-09,10,0,251,45.98,45.98,0.0,512.121129,0.0
2019-01-09,10,0,252,81.15,81.15,0.0,903.631199,0.0
2019-01-09,10,0,254,6.13,6.13,0.0,68.493865,0.0
2019-01-09,10,0,255,2.81,2.81,0.0,31.397677,0.0
2019-01-09,10,0,258,4.35,4.35,0.0,48.68275,0.0
2019-01-09,10,0,260,1.68,1.68,0.0,18.727344,0.0
2019-01-09,10,0,265,10.76,10.76,0.0,121.403409,0.0
2019-01-09,10,0,266,29.1,29.1,0.0,328.330781,0.0
2019-01-09,10,0,267,35.76,35.76,0.0,403.474527,0.0
2019-01-09,10,0,270,19.97,19.97,0.0,451.959584,0.0
2019-01-09,10,0,272,60.7,60.7,0.0,671.285514,0.0
2019-01-09,10,0,273,10.84,10.84,0.0,245.330089,0.0
2019-01-09,10,0,274,25.74,25.74,0.0,582.545803,0.0
2019-01-09,10,0,275,35.82,35.82,0.0,810.675628,0.0
2019-01-09,10,0,276,2.35,2.35,0.0,49.531205,0.0
2019-01-09,10,0,277,2.32,2.32,0.0,26.059825,0.0
2019-01-09,10,0,278,3.71,3.71,0.0,41.673255,0.0
2019-01-09,10,0,279,23.32,23.32,0.0,261.946174,0.0
2019-01-09,10,0,281,32.21,32.21,0.0,365.834653,0.0
2019-01-09,10,0,282,57.24,57.24,0.0,650.12032,0.0
2019-01-09,11,0,9,1.18,1.18,0.0,13.415304,0.0
2019-01-09,11,0,17,15.02,15.02,0.0,206.960484,0.0
2019-01-09,11,0,19,192.99,192.99,0.0,2659.207978,0.0
2019-01-09,11,0,20,234.06,234.06,0.0,3225.111246,0.0
2019-01-09,11,0,21,27.09,27.09,0.0,307.983545,0.0
2019-01-09,11,0,22,96.27,96.27,0.0,1094.484159,0.0
2019-01-09,11,0,23,20.95,20.95,0.0,238.178489,0.0
2019-01-09,11,0,24,37.05,37.05,0.0,421.217805,0.0
2019-01-09,11,0,29,5.19,5.19,0.0,44.856516,0.0
2019-01-09,11,0,30,182.22,182.22,0.0,2069.617834,0.0
2019-01-09,11,0,31,65.77,65.77,0.0,747.002332,0.0
2019-01-09,11,0,32,3.43,3.43,0.0,87.405575,0.0
2019-01-09,11,0,33,1.12,1.12,0.0,16.151828,0.0
2019-01-09,11,0,34,1.79,1.79,0.0,25.814083,0.0
2019-01-09,11,0,35,1.79,1.79,0.0,25.814083,0.0
2019-01-09,11,0,36,5.2,5.2,0.0,65.228716,0.0
2019-01-09,11,0,37,2.69,2.69,0.0,33.603498,0.0
2019-01-09,11,0,38,3.46,3.46,0.0,43.222343,0.0
2019-01-09,11,0,39,2.31,2.31,0.0,28.856535,0.0
2019-01-09,11,0,40,2.31,2.31,0.0,28.856535,0.0
2019-01-09,11,0,41,34.8,34.8,0.0,417.546871,0.0
2019-01-09,11,0,42,11.98,11.98,0.0,163.404438,0.0
2019-01-09,11,0,43,14.07,14.07,0.0,174.942842,0.0
2019-01-09,11,0,46,9.34,9.34,0.0,115.223894,0.0
2019-01-09,11,0,52,69.92,69.92,0.0,794.137191,0.0
2019-01-09,11,0,53,113.88,113.88,0.0,1293.425962,0.0
2019-01-09,11,0,55,224.03,224.03,0.0,2546.975031,0.0
2019-01-09,11,0,56,53.75,53.75,0.0,610.481608,0.0
2019-01-09,11,0,57,51.13,51.13,0.0,580.724179,0.0
2019-01-09,11,0,58,98.32,98.32,0.0,1116.698636,0.0
2019-01-09,11,0,59,96.68,96.68,0.0,1098.071848,0.0
2019-01-09,11,0,63,4.12,4.12,0.0,104.620985,0.0
2019-01-09,11,0,64,4.84,4.84,0.0,122.904264,0.0
2019-01-09,11,0,65,21.47,21.47,0.0,295.279724,0.0
2019-01-09,11,0,67,166.64,166.64,0.0,2377.262368,0.0
2019-01-09,11,0,68,2.66,2.66,0.0,32.106023,0.0
2019-01-09,11,0,69,1.12,1.12,0.0,16.151828,0.0
2019-01-09,11,0,74,144.48,144.48,0.0,1886.519804,0.0
2019-01-09,11,0,77,12.54,12.54,0.0,129.319956,0.0
2019-01-09,11,0,78,9.48,9.48,0.0,97.763412,0.0
2019-01-09,11,0,79,5.49,5.49,0.0,56.616153,0.0
2019-01-09,11,0,80,8.87,8.87,0.0,91.472728,0.0
2019-01-09,11,0,81,11.6,11.6,0.0,119.626116,0.0
2019-01-09,11,0,82,8.18,8.18,0.0,84.357037,0.0
2019-01-09,11,0,83,18.24,18.24,0.0,188.101755,0.0
2019-01-09,11,0,84,0.0,0.0,0.0,0.0,0.0
2019-01-09,11,0,86,5.67,5.67,0.0,81.768631,0.0
2019-01-09,11,0,87,28.94,28.94,0.0,417.35171,0.0
2019-01-09,11,0,88,10.33,10.33,0.0,106.529119,0.0
2019-01-09,11,0,89,9.93,9.93,0.0,102.40408,0.0
2019-01-09,11,0,90,13.34,13.34,0.0,137.570033,0.0
2019-01-09,11,0,91,47.57,47.57,0.0,490.570201,0.0
2019-01-09,11,0,92,17.11,17.11,0.0,176.448521,0.0
2019-01-09,11,0,95,32.63,32.63,0.0,829.248817,0.0
2019-01-09,11,0,96,10.88,10.88,0.0,123.446572,0.0
2019-01-09,11,0,97,79.99,79.99,0.0,907.581922,0.0
2019-01-09,11,0,99,31.0,31.0,0.0,404.776536,0.0
2019-01-09,11,0,101,3.67,3.67,0.0,41.683116,0.0
2019-01-09,11,0,102,6.31,6.31,0.0,76.161279,0.0
2019-01-09,11,0,103,5.48,5.48,0.0,66.143234,0.0
2019-01-09,11,0,104,1.02,1.02,0.0,12.311332,0.0
2019-01-09,11,0,106,94.77,94.77,0.0,1077.430807,0.0
2019-01-09,11,0,109,82.08,82.08,0.0,1008.677182,0.0
2019-01-09,11,0,110,0.0,0.0,0.0,0.0,0.0
2019-01-09,11,0,111,4.08,4.08,0.0,48.953771,0.0
2019-01-09,11,0,113,8.71,8.71,0.0,83.901196,0.0
2019-01-09,11,0,115,8.71,8.71,0.0,83.901196,0.0
2019-01-09,11,0,116,76.02,76.02,0.0,1595.69573,0.0
2019-01-09,11,0,117,0.59,0.59,0.0,5.683319,0.0
2019-01-09,11,0,119,4.84,4.84,0.0,122.904264,0.0
2019-01-09,11,0,120,2.85,2.85,0.0,72.371313,0.0
2019-01-09,11,0,123,1.58,1.58,0.0,17.962865,0.0
2019-01-09,11,0,125,33.53,33.53,0.0,381.199271,0.0
2019-01-09,11,0,126,71.07,71.07,0.0,807.987838,0.0
2019-01-09,11,0,127,91.21,91.21,0.0,1036.957517,0.0
2019-01-09,11,0,128,48.01,48.01,0.0,545.820967,0.0
2019-01-09,11,0,131,5.18,5.18,0.0,59.484373,0.0
2019-01-09,11,0,132,7.62,7.62,0.0,87.50404,0.0
2019-01-09,11,0,133,41.94,41.94,0.0,577.993185,0.0
2019-01-09,11,0,134,0.0,0.0,0.0,0.0,0.0
2019-01-09,11,0,135,56.2,56.2,0.0,774.516381,0.0
2019-01-09,11,0,136,23.32,23.32,0.0,320.689907,0.0
2019-01-09,11,0,139,44.94,44.94,0.0,539.21139,0.0
2019-01-09,11,0,140,0.0,0.0,0.0,0.0,0.0
2019-01-09,11,0,141,35.18,35.18,0.0,501.87284,0.0
2019-01-09,11,0,142,219.76,219.76,0.0,3135.064678,0.0
2019-01-09,11,0,143,112.88,112.88,0.0,1282.068165,0.0
2019-01-09,11,0,145,43.51,43.51,0.0,509.257766,0.0
2019-01-09,11,0,146,39.1,39.1,0.0,820.72748,0.0
2019-01-09,11,0,152,3.28,3.28,0.0,42.723096,0.0
2019-01-09,11,0,153,4.84,4.84,0.0,62.875934,0.0
2019-01-09,11,0,154,16.83,16.83,0.0,201.934306,0.0
2019-01-09,11,0,157,53.86,53.86,0.0,768.359044,0.0
2019-01-09,11,0,158,177.71,177.71,0.0,2535.185402,0.0
2019-01-09,11,0,159,0.0,0.0,0.0,0.0,0.0
2019-01-09,11,0,160,1.07,1.07,0.0,13.226117,0.0
2019-01-09,11,0,161,31.33,31.33,0.0,378.15101,0.0
2019-01-09,11,0,162,27.07,27.07,0.0,688.064893,0.0
2019-01-09,11,0,163,5.08,5.08,0.0,106.631601,0.0
2019-01-09,11,0,164,9.47,9.47,0.0,107.558341,0.0
2019-01-09,11,0,167,4.06,4.06,0.0,103.209872,0.0
2019-01-09,11,0,168,2.03,2.03,0.0,51.604936,0.0
2019-01-09,11,0,169,0.0,0.0,0.0,0.0,0.0
2019-01-09,11,0,170,4.44,4.44,0.0,112.869909,0.0
2019-01-09,11,0,172,5.1,5.1,0.0,126.383003,0.0
2019-01-09,11,0,173,7.77,7.77,0.0,192.548222,0.0
2019-01-09,11,0,188,6.88,6.88,0.0,172.447241,0.0
2019-01-09,11,0,190,6.04,6.04,0.0,153.376396,0.0
2019-01-09,11,0,191,15.6,15.6,0.0,396.137711,0.0
2019-01-09,11,0,192,7.24,7.24,0.0,183.848527,0.0
2019-01-09,11,0,194,9.7,9.7,0.0,71.429643,0.0
2019-01-09,11,0,196,4.18,4.18,0.0,99.034919,0.0
2019-01-09,11,0,198,5.31,5.31,0.0,63.208044,0.0
2019-01-09,11,0,199,29.95,29.95,0.0,288.649195,0.0
2019-01-09,11,0,200,9.55,9.55,0.0,92.040061,0.0
2019-01-09,11,0,204,231.55,231.55,0.0,2830.010788,0.0
2019-01-09,11,0,205,536.66,536.66,0.0,6594.98899,0.0
2019-01-09,11,0,206,305.76,305.76,0.0,3469.211757,0.0
2019-01-09,11,0,210,1.51,1.51,0.0,13.483728,0.0
2019-01-09,11,0,214,8.49,8.49,0.0,125.673186,0.0
2019-01-09,11,0,217,6.11,6.11,0.0,74.779945,0.0
2019-01-09,11,0,218,8.44,8.44,0.0,103.296683,0.0
2019-01-09,11,0,219,5.75,5.75,0.0,70.373925,0.0
2019-01-09,11,0,221,4.53,4.53,0.0,67.055304,0.0
2019-01-09,11,0,225,4.81,4.81,0.0,41.439025,0.0
2019-01-09,11,0,233,3.21,3.21,0.0,46.292294,0.0
2019-01-09,11,0,236,159.03,159.03,0.0,2134.21172,0.0
2019-01-09,11,0,237,322.11,322.11,0.0,4205.889356,0.0
2019-01-09,11,0,238,15.6,15.6,0.0,212.780403,0.0
2019-01-09,11,0,240,5.9,5.9,0.0,74.009504,0.0
2019-01-09,11,0,245,78.0,78.0,0.0,1082.179631,0.0
2019-01-09,11,0,247,171.72,171.72,0.0,2382.46008,0.0
2019-01-09,11,0,248,38.35,38.35,0.0,500.747747,0.0
2019-01-09,11,0,249,150.0,150.0,0.0,2081.114675,0.0
2019-01-09,11,0,251,91.08,91.08,0.0,1248.767736,0.0
2019-01-09,11,0,252,138.52,138.52,0.0,1905.083714,0.0
2019-01-09,11,0,254,9.4,9.4,0.0,116.705299,0.0
2019-01-09,11,0,255,4.31,4.31,0.0,53.510621,0.0
2019-01-09,11,0,258,6.78,6.78,0.0,84.9275,0.0
2019-01-09,11,0,260,2.6,2.6,0.0,32.138228,0.0
2019-01-09,11,0,265,17.43,17.43,0.0,209.13339,0.0
2019-01-09,11,0,266,29.1,29.1,0.0,349.155573,0.0
2019-01-09,11,0,267,35.76,35.76,0.0,429.065405,0.0
2019-01-09,11,0,270,17.18,17.18,0.0,360.61632,0.0
2019-01-09,11,0,272,29.09,29.09,0.0,280.216508,0.0
2019-01-09,11,0,273,18.18,18.18,0.0,381.606793,0.0
2019-01-09,11,0,274,22.43,22.43,0.0,470.816301,0.0
2019-01-09,11,0,275,31.65,31.65,0.0,664.348459,0.0
2019-01-09,11,0,276,3.93,3.93,0.0,76.591801,0.0
2019-01-09,11,0,277,3.84,3.84,0.0,38.03638,0.0
2019-01-09,11,0,278,6.14,6.14,0.0,60.818588,0.0
2019-01-09,11,0,279,20.8,20.8,0.0,206.030394,0.0
2019-01-09,11,0,281,28.68,28.68,0.0,325.741628,0.0
2019-01-09,11,0,282,99.96,99.96,0.0,1135.325423,0.0
2019-01-09,12,0,9,1.7,1.7,0.0,10.489631,0.0
2019-01-09,12,0,17,19.79,19.79,0.0,196.529997,0.0
2019-01-09,12,0,19,192.99,192.99,0.0,1916.539879,0.0
2019-01-09,12,0,20,234.06,234.06,0.0,2324.396725,0.0
2019-01-09,12,0,21,38.82,38.82,0.0,239.53381,0.0
2019-01-09,12,0,22,137.95,137.95,0.0,851.202706,0.0
2019-01-09,12,0,23,13.81,13.81,0.0,85.212826,0.0
2019-01-09,12,0,24,23.11,23.11,0.0,142.597278,0.0
2019-01-09,12,0,29,6.72,6.72,0.0,56.808587,0.0
2019-01-09,12,0,30,264.86,264.86,0.0,1628.490481,0.0
2019-01-09,12,0,31,54.57,54.57,0.0,335.523392,0.0
2019-01-09,12,0,32,4.61,4.61,0.0,103.8813,0.0
2019-01-09,12,0,33,1.47,1.47,0.0,15.722368,0.0
2019-01-09,12,0,34,2.36,2.36,0.0,25.241353,0.0
2019-01-09,12,0,35,2.36,2.36,0.0,25.241353,0.0
2019-01-09,12,0,36,7.14,7.14,0.0,61.745861,0.0
2019-01-09,12,0,37,3.74,3.74,0.0,32.224836,0.0
2019-01-09,12,0,38,4.81,4.81,0.0,41.444241,0.0
2019-01-09,12,0,39,3.21,3.21,0.0,27.658215,0.0
2019-01-09,12,0,40,3.21,3.21,0.0,27.658215,0.0
2019-01-09,12,0,41,29.68,29.68,0.0,217.671616,0.0
2019-01-09,12,0,42,17.01,17.01,0.0,166.102811,0.0
2019-01-09,12,0,43,18.96,18.96,0.0,165.394943,0.0
2019-01-09,12,0,46,12.58,12.58,0.0,105.253125,0.0
2019-01-09,12,0,52,57.85,57.85,0.0,355.690456,0.0
2019-01-09,12,0,53,91.9,91.9,0.0,565.046723,0.0
2019-01-09,12,0,55,236.01,236.01,0.0,1456.269305,0.0
2019-01-09,12,0,56,78.13,78.13,0.0,480.381942,0.0
2019-01-09,12,0,57,74.31,74.31,0.0,456.89469,0.0
2019-01-09,12,0,58,142.91,142.91,0.0,878.681472,0.0
2019-01-09,12,0,59,140.53,140.53,0.0,864.048053,0.0
2019-01-09,12,0,63,3.47,3.47,0.0,78.579072,0.0
2019-01-09,12,0,64,4.09,4.09,0.0,92.619137,0.0
2019-01-09,12,0,65,33.79,33.79,0.0,334.520339,0.0
2019-01-09,12,0,67,237.39,237.39,0.0,2116.585272,0.0
2019-01-09,12,0,68,3.36,3.36,0.0,20.819461,0.0
2019-01-09,12,0,69,1.47,1.47,0.0,15.722368,0.0
2019-01-09,12,0,74,217.6,217.6,0.0,1967.943785,0.0
2019-01-09,12,0,77,13.39,13.39,0.0,54.533187,0.0
2019-01-09,12,0,78,10.12,10.12,0.0,41.215523,0.0
2019-01-09,12,0,79,5.86,5.86,0.0,23.865906,0.0
2019-01-09,12,0,80,9.47,9.47,0.0,38.568281,0.0
2019-01-09,12,0,81,12.38,12.38,0.0,50.41978,0.0
2019-01-09,12,0,82,8.74,8.74,0.0,35.595224,0.0
2019-01-09,12,0,83,19.48,19.48,0.0,79.335809,0.0
2019-01-09,12,0,84,0.0,0.0,0.0,0.0,0.0
2019-01-09,12,0,86,7.47,7.47,0.0,79.895299,0.0
2019-01-09,12,0,87,38.13,38.13,0.0,407.818977,0.0
2019-01-09,12,0,88,11.32,11.32,0.0,46.102739,0.0
2019-01-09,12,0,89,10.88,10.88,0.0,44.31076,0.0
2019-01-09,12,0,90,14.61,14.61,0.0,59.501857,0.0
2019-01-09,12,0,91,52.13,52.13,0.0,212.308815,0.0
2019-01-09,12,0,92,18.75,18.75,0.0,76.362752,0.0
2019-01-09,12,0,95,49.85,49.85,0.0,1118.12237,0.0
2019-01-09,12,0,96,9.51,9.51,0.0,58.254769,0.0
2019-01-09,12,0,97,58.47,58.47,0.0,358.165759,0.0
2019-01-09,12,0,99,42.0,42.0,0.0,379.842091,0.0
2019-01-09,12,0,101,5.34,5.34,0.0,32.832965,0.0
2019-01-09,12,0,102,7.95,7.95,0.0,49.260332,0.0
2019-01-09,12,0,103,6.92,6.92,0.0,42.878176,0.0
2019-01-09,12,0,104,1.28,1.28,0.0,7.931223,0.0
2019-01-09,12,0,106,135.8,135.8,0.0,837.936408,0.0
2019-01-09,12,0,109,57.44,57.44,0.0,462.001986,0.0
2019-01-09,12,0,110,14.38,14.38,0.0,247.982498,0.0
2019-01-09,12,0,111,5.6,5.6,0.0,41.070116,0.0
2019-01-09,12,0,113,5.79,5.79,0.0,17.697702,0.0
2019-01-09,12,0,115,5.79,5.79,0.0,17.697702,0.0
2019-01-09,12,0,116,106.04,106.04,0.0,1828.655363,0.0
2019-01-09,12,0,117,0.39,0.39,0.0,1.192073,0.0
2019-01-09,12,0,119,4.09,4.09,0.0,92.619137,0.0
2019-01-09,12,0,120,2.4,2.4,0.0,54.348638,0.0
2019-01-09,12,0,123,2.26,2.26,0.0,13.945039,0.0
2019-01-09,12,0,125,21.15,21.15,0.0,130.503351,0.0
2019-01-09,12,0,126,101.85,101.85,0.0,628.452306,0.0
2019-01-09,12,0,127,130.71,130.71,0.0,806.529219,0.0
2019-01-09,12,0,128,28.99,28.99,0.0,178.879061,0.0
2019-01-09,12,0,131,5.59,5.59,0.0,30.576705,0.0
2019-01-09,12,0,132,8.22,8.22,0.0,44.962525,0.0
2019-01-09,12,0,133,41.94,41.94,0.0,416.618292,0.0
2019-01-09,12,0,134,0.0,0.0,0.0,0.0,0.0
2019-01-09,12,0,135,56.2,56.2,0.0,558.272485,0.0
2019-01-09,12,0,136,35.52,35.52,0.0,351.58726,0.0
2019-01-09,12,0,139,38.33,38.33,0.0,281.110278,0.0
2019-01-09,12,0,140,10.65,10.65,0.0,183.658804,0.0
2019-01-09,12,0,141,35.69,35.69,0.0,318.21445,0.0
2019-01-09,12,0,142,313.06,313.06,0.0,2791.264102,0.0
2019-01-09,12,0,143,91.61,91.61,0.0,563.26366,0.0
2019-01-09,12,0,145,24.56,24.56,0.0,168.290901,0.0
2019-01-09,12,0,146,85.95,85.95,0.0,1482.204153,0.0
2019-01-09,12,0,152,4.61,4.61,0.0,41.722493,0.0
2019-01-09,12,0,153,6.82,6.82,0.0,61.451873,0.0
2019-01-09,12,0,154,23.09,23.09,0.0,169.34089,0.0
2019-01-09,12,0,157,99.64,99.64,0.0,888.396969,0.0
2019-01-09,12,0,158,252.45,252.45,0.0,2250.861249,0.0
2019-01-09,12,0,159,0.0,0.0,0.0,0.0,0.0
2019-01-09,12,0,160,1.45,1.45,0.0,13.199541,0.0
2019-01-09,12,0,161,44.41,44.41,0.0,275.176268,0.0
2019-01-09,12,0,162,36.94,36.94,0.0,828.92011,0.0
2019-01-09,12,0,163,6.04,6.04,0.0,104.159547,0.0
2019-01-09,12,0,164,13.72,13.72,0.0,84.357356,0.0
2019-01-09,12,0,167,5.42,5.42,0.0,121.596606,0.0
2019-01-09,12,0,168,2.71,2.71,0.0,60.798303,0.0
2019-01-09,12,0,169,0.0,0.0,0.0,0.0,0.0
2019-01-09,12,0,170,5.93,5.93,0.0,133.038353,0.0
2019-01-09,12,0,172,6.75,6.75,0.0,142.542454,0.0
2019-01-09,12,0,173,10.28,10.28,0.0,217.086878,0.0
2019-01-09,12,0,188,9.39,9.39,0.0,205.680066,0.0
2019-01-09,12,0,190,8.34,8.34,0.0,188.861516,0.0
2019-01-09,12,0,191,21.54,21.54,0.0,487.779024,0.0
2019-01-09,12,0,192,0.0,0.0,0.0,0.0,0.0
2019-01-09,12,0,194,11.49,11.49,0.0,0.966059,0.0
2019-01-09,12,0,196,5.74,5.74,0.0,118.318554,0.0
2019-01-09,12,0,198,7.03,7.03,0.0,67.428196,0.0
2019-01-09,12,0,199,66.63,66.63,0.0,520.020152,0.0
2019-01-09,12,0,200,12.99,12.99,0.0,101.381687,0.0
2019-01-09,12,0,204,226.86,226.86,0.0,1802.638239,0.0
2019-01-09,12,0,205,303.86,303.86,0.0,2444.009812,0.0
2019-01-09,12,0,206,171.8,171.8,0.0,1052.383742,0.0
2019-01-09,12,0,210,1.94,1.94,0.0,16.844593,0.0
2019-01-09,12,0,214,11.25,11.25,0.0,125.419261,0.0
2019-01-09,12,0,217,7.97,7.97,0.0,80.311125,0.0
2019-01-09,12,0,218,11.0,11.0,0.0,110.843459,0.0
2019-01-09,12,0,219,7.49,7.49,0.0,75.474319,0.0
2019-01-09,12,0,221,6.0,6.0,0.0,66.890273,0.0
2019-01-09,12,0,225,6.11,6.11,0.0,51.51666,0.0
2019-01-09,12,0,233,4.23,4.23,0.0,45.241916,0.0
2019-01-09,12,0,236,159.03,159.03,0.0,1512.029735,0.0
2019-01-09,12,0,237,522.0,522.0,0.0,4720.894558,0.0
2019-01-09,12,0,238,22.14,22.14,0.0,216.19731,0.0
2019-01-09,12,0,240,8.09,8.09,0.0,69.961347,0.0
2019-01-09,12,0,245,78.0,78.0,0.0,783.432489,0.0
2019-01-09,12,0,247,171.72,171.72,0.0,1724.756756,0.0
2019-01-09,12,0,248,52.4,52.4,0.0,473.898228,0.0
2019-01-09,12,0,249,150.0,150.0,0.0,1506.60094,0.0
2019-01-09,12,0,251,159.79,159.79,0.0,1573.839486,0.0
2019-01-09,12,0,252,217.96,217.96,0.0,2157.799734,0.0
2019-01-09,12,0,254,12.93,12.93,0.0,114.025269,0.0
2019-01-09,12,0,255,5.92,5.92,0.0,52.206465,0.0
2019-01-09,12,0,258,9.24,9.24,0.0,80.019053,0.0
2019-01-09,12,0,260,3.51,3.51,0.0,31.951991,0.0
2019-01-09,12,0,265,23.91,23.91,0.0,175.354729,0.0
2019-01-09,12,0,266,24.82,24.82,0.0,182.028622,0.0
2019-01-09,12,0,267,30.5,30.5,0.0,223.685455,0.0
2019-01-09,12,0,270,18.85,18.85,0.0,325.067461,0.0
2019-01-09,12,0,272,19.34,19.34,0.0,59.114603,0.0
2019-01-09,12,0,273,25.36,25.36,0.0,437.332139,0.0
2019-01-09,12,0,274,24.3,24.3,0.0,419.052483,0.0
2019-01-09,12,0,275,33.83,33.83,0.0,583.396934,0.0
2019-01-09,12,0,276,5.46,5.46,0.0,84.003698,0.0
2019-01-09,12,0,277,5.33,5.33,0.0,18.462916,0.0
2019-01-09,12,0,278,8.52,8.52,0.0,29.512953,0.0
2019-01-09,12,0,279,26.79,26.79,0.0,92.799533,0.0
2019-01-09,12,0,281,24.49,24.49,0.0,150.576651,0.0
2019-01-09,12,0,282,145.29,145.29,0.0,893.314891,0.0
2019-01-09,13,0,9,1.92,1.92,0.0,10.537615,0.0
2019-01-09,13,0,17,20.94,20.94,0.0,207.529976,0.0
2019-01-09,13,0,19,192.99,192.99,0.0,1912.665241,0.0
2019-01-09,13,0,20,234.06,234.06,0.0,2319.69753,0.0
2019-01-09,13,0,21,43.92,43.92,0.0,241.04795,0.0
2019-01-09,13,0,22,156.1,156.1,0.0,856.730077,0.0
2019-01-09,13,0,23,27.35,27.35,0.0,150.106135,0.0
2019-01-09,13,0,24,47.76,47.76,0.0,262.12318,0.0
2019-01-09,13,0,29,6.98,6.98,0.0,56.951088,0.0
2019-01-09,13,0,30,259.49,259.49,0.0,1417.496462,0.0
2019-01-09,13,0,31,44.65,44.65,0.0,243.906189,0.0
2019-01-09,13,0,32,5.51,5.51,0.0,136.117668,0.0
2019-01-09,13,0,33,1.88,1.88,0.0,20.323832,0.0
2019-01-09,13,0,34,3.01,3.01,0.0,32.539752,0.0
2019-01-09,13,0,35,3.01,3.01,0.0,32.539752,0.0
2019-01-09,13,0,36,7.54,7.54,0.0,63.340185,0.0
2019-01-09,13,0,37,3.84,3.84,0.0,32.114948,0.0
2019-01-09,13,0,38,4.94,4.94,0.0,41.314542,0.0
2019-01-09,13,0,39,3.29,3.29,0.0,27.515151,0.0
2019-01-09,13,0,40,3.29,3.29,0.0,27.515151,0.0
2019-01-09,13,0,41,25.16,25.16,0.0,172.505722,0.0
2019-01-09,13,0,42,18.99,18.99,0.0,184.499996,0.0
2019-01-09,13,0,43,19.22,19.22,0.0,163.154355,0.0
2019-01-09,13,0,46,14.63,14.63,0.0,118.061012,0.0
2019-01-09,13,0,52,47.33,47.33,0.0,258.546023,0.0
2019-01-09,13,0,53,75.19,75.19,0.0,410.734745,0.0
2019-01-09,13,0,55,201.26,201.26,0.0,1104.58357,0.0
2019-01-09,13,0,56,76.54,76.54,0.0,418.109288,0.0
2019-01-09,13,0,57,72.81,72.81,0.0,397.733698,0.0
2019-01-09,13,0,58,140.02,140.02,0.0,764.876699,0.0
2019-01-09,13,0,59,137.68,137.68,0.0,752.094157,0.0
2019-01-09,13,0,63,5.61,5.61,0.0,139.322464,0.0
2019-01-09,13,0,64,6.6,6.6,0.0,163.908782,0.0
2019-01-09,13,0,65,41.4,41.4,0.0,408.802728,0.0
2019-01-09,13,0,67,286.35,286.35,0.0,2494.248728,0.0
2019-01-09,13,0,68,5.05,5.05,0.0,27.857049,0.0
2019-01-09,13,0,69,1.88,1.88,0.0,20.323832,0.0
2019-01-09,13,0,74,217.6,217.6,0.0,1929.487649,0.0
2019-01-09,13,0,77,16.45,16.45,0.0,49.718108,0.0
2019-01-09,13,0,78,12.44,12.44,0.0,37.598375,0.0
2019-01-09,13,0,79,7.2,7.2,0.0,21.761117,0.0
2019-01-09,13,0,80,11.64,11.64,0.0,35.180473,0.0
2019-01-09,13,0,81,15.22,15.22,0.0,46.000584,0.0
2019-01-09,13,0,82,10.74,10.74,0.0,32.460333,0.0
2019-01-09,13,0,83,23.94,23.94,0.0,72.355715,0.0
2019-01-09,13,0,84,0.0,0.0,0.0,0.0,0.0
2019-01-09,13,0,86,9.54,9.54,0.0,103.132635,0.0
2019-01-09,13,0,87,48.7,48.7,0.0,526.473724,0.0
2019-01-09,13,0,88,14.52,14.52,0.0,43.88492,0.0
2019-01-09,13,0,89,13.96,13.96,0.0,42.192388,0.0
2019-01-09,13,0,90,18.75,18.75,0.0,56.669576,0.0
2019-01-09,13,0,91,66.87,66.87,0.0,202.106376,0.0
2019-01-09,13,0,92,24.05,24.05,0.0,72.688176,0.0
2019-01-09,13,0,95,66.55,66.55,0.0,1635.892253,0.0
2019-01-09,13,0,96,9.99,9.99,0.0,54.303124,0.0
2019-01-09,13,0,97,61.44,61.44,0.0,333.972366,0.0
2019-01-09,13,0,99,42.0,42.0,0.0,372.419491,0.0
2019-01-09,13,0,101,5.23,5.23,0.0,28.569527,0.0
2019-01-09,13,0,102,11.95,11.95,0.0,65.919155,0.0
2019-01-09,13,0,103,10.39,10.39,0.0,57.31381,0.0
2019-01-09,13,0,104,1.93,1.93,0.0,10.646357,0.0
2019-01-09,13,0,106,153.66,153.66,0.0,843.338524,0.0
2019-01-09,13,0,109,57.82,57.82,0.0,444.629942,0.0
2019-01-09,13,0,110,51.77,51.77,0.0,957.345111,0.0
2019-01-09,13,0,111,5.89,5.89,0.0,40.383891,0.0
2019-01-09,13,0,113,9.26,9.26,0.0,16.9322,0.0
2019-01-09,13,0,115,9.26,9.26,0.0,16.9322,0.0
2019-01-09,13,0,116,124.56,124.56,0.0,2303.397856,0.0
2019-01-09,13,0,117,0.62,0.62,0.0,1.133689,0.0
2019-01-09,13,0,119,6.6,6.6,0.0,163.908782,0.0
2019-01-09,13,0,120,3.88,3.88,0.0,96.358496,0.0
2019-01-09,13,0,123,2.56,2.56,0.0,14.050154,0.0
2019-01-09,13,0,125,43.37,43.37,0.0,238.029362,0.0
2019-01-09,13,0,126,115.25,115.25,0.0,632.531335,0.0
2019-01-09,13,0,127,147.9,147.9,0.0,811.725678,0.0
2019-01-09,13,0,128,61.22,61.22,0.0,335.996254,0.0
2019-01-09,13,0,131,6.85,6.85,0.0,31.94267,0.0
2019-01-09,13,0,132,10.07,10.07,0.0,46.958057,0.0
2019-01-09,13,0,133,41.94,41.94,0.0,415.79777,0.0
2019-01-09,13,0,134,0.0,0.0,0.0,0.0,0.0
2019-01-09,13,0,135,56.2,56.2,0.0,557.172977,0.0
2019-01-09,13,0,136,45.9,45.9,0.0,453.146503,0.0
2019-01-09,13,0,139,32.49,32.49,0.0,222.762754,0.0
2019-01-09,13,0,140,38.32,38.32,0.0,708.624003,0.0
2019-01-09,13,0,141,45.89,45.89,0.0,399.724373,0.0
2019-01-09,13,0,142,377.63,377.63,0.0,3289.342228,0.0
2019-01-09,13,0,143,75.52,75.52,0.0,412.537411,0.0
2019-01-09,13,0,145,46.95,46.95,0.0,295.310207,0.0
2019-01-09,13,0,146,160.44,160.44,0.0,2966.900707,0.0
2019-01-09,13,0,152,4.97,4.97,0.0,44.107441,0.0
2019-01-09,13,0,153,7.09,7.09,0.0,62.58903,0.0
2019-01-09,13,0,154,24.28,24.28,0.0,166.472135,0.0
2019-01-09,13,0,157,166.38,166.38,0.0,1449.251278,0.0
2019-01-09,13,0,158,306.88,306.88,0.0,2673.075082,0.0
2019-01-09,13,0,159,0.0,0.0,0.0,0.0,0.0
2019-01-09,13,0,160,1.32,1.32,0.0,11.793297,0.0
2019-01-09,13,0,161,54.19,54.19,0.0,298.925442,0.0
2019-01-09,13,0,162,59.45,59.45,0.0,1462.055557,0.0
2019-01-09,13,0,163,6.82,6.82,0.0,126.11732,0.0
2019-01-09,13,0,164,17.41,17.41,0.0,95.104295,0.0
2019-01-09,13,0,167,6.34,6.34,0.0,155.883756,0.0
2019-01-09,13,0,168,3.17,3.17,0.0,77.941878,0.0
2019-01-09,13,0,169,0.0,0.0,0.0,0.0,0.0
2019-01-09,13,0,170,6.94,6.94,0.0,170.636162,0.0
2019-01-09,13,0,172,8.35,8.35,0.0,192.382794,0.0
2019-01-09,13,0,173,12.72,12.72,0.0,293.066962,0.0
2019-01-09,13,0,188,11.39,11.39,0.0,272.950868,0.0
2019-01-09,13,0,190,9.68,9.68,0.0,240.399547,0.0
2019-01-09,13,0,191,25.01,25.01,0.0,621.114944,0.0
2019-01-09,13,0,192,0.0,0.0,0.0,0.0,0.0
2019-01-09,13,0,194,17.23,17.23,0.0,-28.653476,0.0
2019-01-09,13,0,196,6.65,6.65,0.0,149.278469,0.0
2019-01-09,13,0,198,6.56,6.56,0.0,62.359366,0.0
2019-01-09,13,0,199,53.37,53.37,0.0,395.077282,0.0
2019-01-09,13,0,200,17.48,17.48,0.0,129.397618,0.0
2019-01-09,13,0,204,232.33,232.33,0.0,1760.040432,0.0
2019-01-09,13,0,205,305.88,305.88,0.0,2352.186209,0.0
2019-01-09,13,0,206,180.54,180.54,0.0,981.369971,0.0
2019-01-09,13,0,210,2.0,2.0,0.0,16.858231,0.0
2019-01-09,13,0,214,12.03,12.03,0.0,136.462,0.0
2019-01-09,13,0,217,8.01,8.01,0.0,80.714192,0.0
2019-01-09,13,0,218,11.06,11.06,0.0,111.44806,0.0
2019-01-09,13,0,219,7.53,7.53,0.0,75.877386,0.0
2019-01-09,13,0,221,6.41,6.41,0.0,72.711672,0.0
2019-01-09,13,0,225,6.48,6.48,0.0,52.702575,0.0
2019-01-09,13,0,233,5.4,5.4,0.0,58.376963,0.0
2019-01-09,13,0,236,319.85,319.85,0.0,3010.747014,0.0
2019-01-09,13,0,237,522.0,522.0,0.0,4628.642247,0.0
2019-01-09,13,0,238,24.72,24.72,0.0,240.170611,0.0
2019-01-09,13,0,240,8.55,8.55,0.0,71.824745,0.0
2019-01-09,13,0,245,78.0,78.0,0.0,783.427278,0.0
2019-01-09,13,0,247,171.72,171.72,0.0,1724.745285,0.0
2019-01-09,13,0,248,52.4,52.4,0.0,464.637651,0.0
2019-01-09,13,0,249,150.0,150.0,0.0,1506.59092,0.0
2019-01-09,13,0,251,257.53,257.53,0.0,2527.649655,0.0
2019-01-09,13,0,252,267.06,267.06,0.0,2637.073827,0.0
2019-01-09,13,0,254,10.73,10.73,0.0,92.284233,0.0
2019-01-09,13,0,255,4.92,4.92,0.0,42.314858,0.0
2019-01-09,13,0,258,10.01,10.01,0.0,84.232189,0.0
2019-01-09,13,0,260,3.2,3.2,0.0,28.589811,0.0
2019-01-09,13,0,265,25.14,25.14,0.0,172.368595,0.0
2019-01-09,13,0,266,21.04,21.04,0.0,144.257567,0.0
2019-01-09,13,0,267,25.85,25.85,0.0,177.236602,0.0
2019-01-09,13,0,270,21.21,21.21,0.0,392.221167,0.0
2019-01-09,13,0,272,30.94,30.94,0.0,56.57476,0.0
2019-01-09,13,0,273,29.79,29.79,0.0,550.884892,0.0
2019-01-09,13,0,274,27.33,27.33,0.0,505.393894,0.0
2019-01-09,13,0,275,38.03,38.03,0.0,703.261243,0.0
2019-01-09,13,0,276,6.73,6.73,0.0,109.754249,0.0
2019-01-09,13,0,277,6.77,6.77,0.0,15.619497,0.0
2019-01-09,13,0,278,10.83,10.83,0.0,24.986581,0.0
2019-01-09,13,0,279,62.15,62.15,0.0,143.390211,0.0
2019-01-09,13,0,281,20.04,20.04,0.0,109.470997,0.0
2019-01-09,13,0,282,142.35,142.35,0.0,777.604614,0.0
2019-01-09,14,0,9,2.01,2.01,0.0,12.545286,0.0
2019-01-09,14,0,17,21.15,21.15,0.0,195.19716,0.0
2019-01-09,14,0,19,192.99,192.99,0.0,1781.139473,0.0
2019-01-09,14,0,20,234.06,234.06,0.0,2160.1819,0.0
2019-01-09,14,0,21,45.93,45.93,0.0,286.669139,0.0
2019-01-09,14,0,22,163.25,163.25,0.0,1018.914369,0.0
2019-01-09,14,0,23,15.79,15.79,0.0,98.552269,0.0
2019-01-09,14,0,24,27.15,27.15,0.0,169.454978,0.0
2019-01-09,14,0,29,7.08,7.08,0.0,59.810759,0.0
2019-01-09,14,0,30,272.75,272.75,0.0,1697.536437,0.0
2019-01-09,14,0,31,54.94,54.94,0.0,341.934562,0.0
2019-01-09,14,0,32,5.62,5.62,0.0,100.894334,0.0
2019-01-09,14,0,33,1.97,1.97,0.0,19.350364,0.0
2019-01-09,14,0,34,3.15,3.15,0.0,30.940938,0.0
2019-01-09,14,0,35,3.15,3.15,0.0,30.940938,0.0
2019-01-09,14,0,36,7.88,7.88,0.0,64.998469,0.0
2019-01-09,14,0,37,3.97,3.97,0.0,32.658763,0.0
2019-01-09,14,0,38,5.11,5.11,0.0,42.036846,0.0
2019-01-09,14,0,39,3.4,3.4,0.0,27.969721,0.0
2019-01-09,14,0,40,3.4,3.4,0.0,27.969721,0.0
2019-01-09,14,0,41,22.44,22.44,0.0,161.047609,0.0
2019-01-09,14,0,42,19.91,19.91,0.0,181.192246,0.0
2019-01-09,14,0,43,20.1,20.1,0.0,167.29956,0.0
2019-01-09,14,0,46,15.04,15.04,0.0,120.736277,0.0
2019-01-09,14,0,52,58.24,58.24,0.0,362.473042,0.0
2019-01-09,14,0,53,92.53,92.53,0.0,575.886513,0.0
2019-01-09,14,0,55,244.83,244.83,0.0,1528.090689,0.0
2019-01-09,14,0,56,80.45,80.45,0.0,500.703231,0.0
2019-01-09,14,0,57,76.53,76.53,0.0,476.306007,0.0
2019-01-09,14,0,58,147.17,147.17,0.0,915.953941,0.0
2019-01-09,14,0,59,144.71,144.71,0.0,900.643438,0.0
2019-01-09,14,0,63,4.91,4.91,0.0,93.303709,0.0
2019-01-09,14,0,64,5.78,5.78,0.0,109.836138,0.0
2019-01-09,14,0,65,41.4,41.4,0.0,381.098935,0.0
2019-01-09,14,0,67,297.43,297.43,0.0,1042.327163,0.0
2019-01-09,14,0,68,3.26,3.26,0.0,13.078323,0.0
2019-01-09,14,0,69,1.97,1.97,0.0,19.350364,0.0
2019-01-09,14,0,74,217.6,217.6,0.0,1858.054203,0.0
2019-01-09,14,0,77,17.68,17.68,0.0,80.404787,0.0
2019-01-09,14,0,78,13.37,13.37,0.0,60.803846,0.0
2019-01-09,14,0,79,7.74,7.74,0.0,35.199833,0.0
2019-01-09,14,0,80,12.51,12.51,0.0,56.892754,0.0
2019-01-09,14,0,81,16.36,16.36,0.0,74.401715,0.0
2019-01-09,14,0,82,11.54,11.54,0.0,52.481405,0.0
2019-01-09,14,0,83,25.73,25.73,0.0,117.014433,0.0
2019-01-09,14,0,84,0.0,0.0,0.0,0.0,0.0
2019-01-09,14,0,86,9.96,9.96,0.0,97.8323,0.0
2019-01-09,14,0,87,50.85,50.85,0.0,499.475144,0.0
2019-01-09,14,0,88,14.77,14.77,0.0,67.170741,0.0
2019-01-09,14,0,89,14.2,14.2,0.0,64.578505,0.0
2019-01-09,14,0,90,19.06,19.06,0.0,86.680726,0.0
2019-01-09,14,0,91,68.0,68.0,0.0,309.249181,0.0
2019-01-09,14,0,92,24.45,24.45,0.0,111.193272,0.0
2019-01-09,14,0,95,58.23,58.23,0.0,1044.607827,0.0
2019-01-09,14,0,96,11.89,11.89,0.0,73.781391,0.0
2019-01-09,14,0,97,79.7,79.7,0.0,494.564915,0.0
2019-01-09,14,0,99,42.0,42.0,0.0,358.631786,0.0
2019-01-09,14,0,101,5.49,5.49,0.0,34.168561,0.0
2019-01-09,14,0,102,7.7,7.7,0.0,30.890518,0.0
2019-01-09,14,0,103,6.7,6.7,0.0,26.878762,0.0
2019-01-09,14,0,104,1.25,1.25,0.0,5.014694,0.0
2019-01-09,14,0,106,160.71,160.71,0.0,1003.061122,0.0
2019-01-09,14,0,109,53.45,53.45,0.0,414.542287,0.0
2019-01-09,14,0,110,116.54,116.54,0.0,227.357887,0.0
2019-01-09,14,0,111,6.36,6.36,0.0,45.644509,0.0
2019-01-09,14,0,113,9.4,9.4,0.0,40.210991,0.0
2019-01-09,14,0,115,9.4,9.4,0.0,40.210991,0.0
2019-01-09,14,0,116,127.01,127.01,0.0,247.78381,0.0
2019-01-09,14,0,117,0.63,0.63,0.0,2.694992,0.0
2019-01-09,14,0,119,5.78,5.78,0.0,109.836138,0.0
2019-01-09,14,0,120,3.4,3.4,0.0,64.609493,0.0
2019-01-09,14,0,123,2.68,2.68,0.0,16.727048,0.0
2019-01-09,14,0,125,24.75,24.75,0.0,154.475532,0.0
2019-01-09,14,0,126,120.53,120.53,0.0,752.280238,0.0
2019-01-09,14,0,127,154.68,154.68,0.0,965.425266,0.0
2019-01-09,14,0,128,34.35,34.35,0.0,214.393314,0.0
2019-01-09,14,0,131,7.55,7.55,0.0,31.311681,0.0
2019-01-09,14,0,132,11.1,11.1,0.0,46.034391,0.0
2019-01-09,14,0,133,41.94,41.94,0.0,387.16622,0.0
2019-01-09,14,0,134,0.0,0.0,0.0,0.0,0.0
2019-01-09,14,0,135,56.2,56.2,0.0,518.806428,0.0
2019-01-09,14,0,136,45.9,45.9,0.0,422.46253,0.0
2019-01-09,14,0,139,28.98,28.98,0.0,207.983944,0.0
2019-01-09,14,0,140,86.25,86.25,0.0,168.265126,0.0
2019-01-09,14,0,141,67.19,67.19,0.0,235.463679,0.0
2019-01-09,14,0,142,392.23,392.23,0.0,1374.548576,0.0
2019-01-09,14,0,143,92.85,92.85,0.0,577.878123,0.0
2019-01-09,14,0,145,26.43,26.43,0.0,179.531137,0.0
2019-01-09,14,0,146,256.86,256.86,0.0,501.108176,0.0
2019-01-09,14,0,152,5.31,5.31,0.0,45.387027,0.0
2019-01-09,14,0,153,7.52,7.52,0.0,64.044807,0.0
2019-01-09,14,0,154,26.22,26.22,0.0,188.175949,0.0
2019-01-09,14,0,157,210.65,210.65,0.0,738.2114,0.0
2019-01-09,14,0,158,327.99,327.99,0.0,1149.423011,0.0
2019-01-09,14,0,159,0.0,0.0,0.0,0.0,0.0
2019-01-09,14,0,160,1.37,1.37,0.0,11.856959,0.0
2019-01-09,14,0,161,55.53,55.53,0.0,222.772785,0.0
2019-01-09,14,0,162,49.24,49.24,0.0,884.10356,0.0
2019-01-09,14,0,163,9.81,9.81,0.0,19.138329,0.0
2019-01-09,14,0,164,18.73,18.73,0.0,116.57143,0.0
2019-01-09,14,0,167,6.32,6.32,0.0,113.215853,0.0
2019-01-09,14,0,168,3.16,3.16,0.0,56.607926,0.0
2019-01-09,14,0,169,0.0,0.0,0.0,0.0,0.0
2019-01-09,14,0,170,6.92,6.92,0.0,123.964193,0.0
2019-01-09,14,0,172,8.44,8.44,0.0,143.138999,0.0
2019-01-09,14,0,173,12.86,12.86,0.0,218.100418,0.0
2019-01-09,14,0,188,11.4,11.4,0.0,199.025898,0.0
2019-01-09,14,0,190,9.78,9.78,0.0,185.847306,0.0
2019-01-09,14,0,191,25.27,25.27,0.0,480.200554,0.0
2019-01-09,14,0,192,0.0,0.0,0.0,0.0,0.0
2019-01-09,14,0,194,15.07,15.07,0.0,66.360095,0.0
2019-01-09,14,0,196,6.72,6.72,0.0,134.075059,0.0
2019-01-09,14,0,198,6.74,6.74,0.0,61.434126,0.0
2019-01-09,14,0,199,78.93,78.93,0.0,682.784775,0.0
2019-01-09,14,0,200,17.87,17.87,0.0,154.584618,0.0
2019-01-09,14,0,204,212.29,212.29,0.0,1630.160355,0.0
2019-01-09,14,0,205,282.73,282.73,0.0,2192.769707,0.0
2019-01-09,14,0,206,282.15,282.15,0.0,1750.834262,0.0
2019-01-09,14,0,210,2.01,2.01,0.0,17.319749,0.0
2019-01-09,14,0,214,12.09,12.09,0.0,123.001693,0.0
2019-01-09,14,0,217,8.08,8.08,0.0,76.74436,0.0
2019-01-09,14,0,218,11.15,11.15,0.0,105.903417,0.0
2019-01-09,14,0,219,7.59,7.59,0.0,72.090308,0.0
2019-01-09,14,0,221,6.45,6.45,0.0,65.621251,0.0
2019-01-09,14,0,225,6.62,6.62,0.0,55.816741,0.0
2019-01-09,14,0,233,5.64,5.64,0.0,55.399013,0.0
2019-01-09,14,0,236,159.05,159.05,0.0,1415.760218,0.0
2019-01-09,14,0,237,522.0,522.0,0.0,4457.280763,0.0
2019-01-09,14,0,238,25.91,25.91,0.0,235.795635,0.0
2019-01-09,14,0,240,8.93,8.93,0.0,73.659433,0.0
2019-01-09,14,0,245,78.0,78.0,0.0,726.728917,0.0
2019-01-09,14,0,247,171.72,171.72,0.0,1599.921663,0.0
2019-01-09,14,0,248,52.4,52.4,0.0,447.435847,0.0
2019-01-09,14,0,249,150.0,150.0,0.0,1397.55561,0.0
2019-01-09,14,0,251,307.62,307.62,0.0,2819.663953,0.0
2019-01-09,14,0,252,267.06,267.06,0.0,2458.364292,0.0
2019-01-09,14,0,254,10.99,10.99,0.0,92.387539,0.0
2019-01-09,14,0,255,5.04,5.04,0.0,42.368808,0.0
2019-01-09,14,0,258,10.42,10.42,0.0,86.075676,0.0
2019-01-09,14,0,260,3.32,3.32,0.0,28.733652,0.0
2019-01-09,14,0,265,27.15,27.15,0.0,194.850382,0.0
2019-01-09,14,0,266,18.77,18.77,0.0,134.708717,0.0
2019-01-09,14,0,267,23.06,23.06,0.0,165.497231,0.0
2019-01-09,14,0,270,34.11,34.11,0.0,66.545199,0.0
2019-01-09,14,0,272,31.43,31.43,0.0,134.450154,0.0
2019-01-09,14,0,273,30.37,30.37,0.0,59.248833,0.0
2019-01-09,14,0,274,45.5,45.5,0.0,88.76595,0.0
2019-01-09,14,0,275,66.18,66.18,0.0,129.110562,0.0
2019-01-09,14,0,276,6.83,6.83,0.0,15.693796,0.0
2019-01-09,14,0,277,7.01,7.01,0.0,30.745995,0.0
2019-01-09,14,0,278,11.21,11.21,0.0,49.167275,0.0
2019-01-09,14,0,279,44.65,44.65,0.0,195.835757,0.0
2019-01-09,14,0,281,24.66,24.66,0.0,153.478455,0.0
2019-01-09,14,0,282,149.62,149.62,0.0,931.202206,0.0
2019-01-09,15,0,9,1.89,1.89,0.0,9.45757,0.0
2019-01-09,15,0,17,20.15,20.15,0.0,224.255161,0.0
2019-01-09,15,0,19,192.99,192.99,0.0,2147.841366,0.0
2019-01-09,15,0,20,234.06,234.06,0.0,2604.92124,0.0
2019-01-09,15,0,21,43.31,43.31,0.0,216.723469,0.0
2019-01-09,15,0,22,153.93,153.93,0.0,770.266535,0.0
2019-01-09,15,0,23,15.13,15.13,0.0,75.7106,0.0
2019-01-09,15,0,24,26.76,26.76,0.0,133.907182,0.0
2019-01-09,15,0,29,6.39,6.39,0.0,49.999826,0.0
2019-01-09,15,0,30,256.02,256.02,0.0,1272.162719,0.0
2019-01-09,15,0,31,66.65,66.65,0.0,331.183678,0.0
2019-01-09,15,0,32,5.1,5.1,0.0,102.840067,0.0
2019-01-09,15,0,33,1.84,1.84,0.0,22.829914,0.0
2019-01-09,15,0,34,2.94,2.94,0.0,36.478233,0.0
2019-01-09,15,0,35,2.94,2.94,0.0,36.478233,0.0
2019-01-09,15,0,36,7.46,7.46,0.0,66.774927,0.0
2019-01-09,15,0,37,3.75,3.75,0.0,33.34787,0.0
2019-01-09,15,0,38,4.82,4.82,0.0,42.863129,0.0
2019-01-09,15,0,39,3.22,3.22,0.0,28.634705,0.0
2019-01-09,15,0,40,3.22,3.22,0.0,28.634705,0.0
2019-01-09,15,0,41,34.4,34.4,0.0,236.480345,0.0
2019-01-09,15,0,42,19.06,19.06,0.0,206.842997,0.0
2019-01-09,15,0,43,18.88,18.88,0.0,170.675129,0.0
2019-01-09,15,0,46,14.08,14.08,0.0,119.500194,0.0
2019-01-09,15,0,52,70.65,70.65,0.0,351.059668,0.0
2019-01-09,15,0,53,112.24,112.24,0.0,557.72027,0.0
2019-01-09,15,0,55,298.74,298.74,0.0,1494.896542,0.0
2019-01-09,15,0,56,75.52,75.52,0.0,375.258685,0.0
2019-01-09,15,0,57,71.83,71.83,0.0,356.923085,0.0
2019-01-09,15,0,58,138.14,138.14,0.0,686.417303,0.0
2019-01-09,15,0,59,135.84,135.84,0.0,674.988609,0.0
2019-01-09,15,0,63,4.73,4.73,0.0,117.50105,0.0
2019-01-09,15,0,64,5.56,5.56,0.0,138.119628,0.0
2019-01-09,15,0,65,41.4,41.4,0.0,458.621605,0.0
2019-01-09,15,0,67,278.62,278.62,0.0,-4145.222938,0.0
2019-01-09,15,0,68,7.66,7.66,0.0,-45.823702,0.0
2019-01-09,15,0,69,1.84,1.84,0.0,22.829914,0.0
2019-01-09,15,0,74,217.6,217.6,0.0,2100.217375,0.0
2019-01-09,15,0,77,20.96,20.96,0.0,34.560815,0.0
2019-01-09,15,0,78,15.85,15.85,0.0,26.134967,0.0
2019-01-09,15,0,79,9.17,9.17,0.0,15.120356,0.0
2019-01-09,15,0,80,14.83,14.83,0.0,24.453096,0.0
2019-01-09,15,0,81,19.39,19.39,0.0,31.972051,0.0
2019-01-09,15,0,82,13.68,13.68,0.0,22.556868,0.0
2019-01-09,15,0,83,30.5,30.5,0.0,50.291262,0.0
2019-01-09,15,0,84,0.0,0.0,0.0,0.0,0.0
2019-01-09,15,0,86,9.31,9.31,0.0,115.514404,0.0
2019-01-09,15,0,87,47.52,47.52,0.0,589.607357,0.0
2019-01-09,15,0,88,16.53,16.53,0.0,27.256215,0.0
2019-01-09,15,0,89,15.89,15.89,0.0,26.200923,0.0
2019-01-09,15,0,90,21.34,21.34,0.0,35.187394,0.0
2019-01-09,15,0,91,76.12,76.12,0.0,125.513799,0.0
2019-01-09,15,0,92,27.37,27.37,0.0,45.130224,0.0
2019-01-09,15,0,95,51.44,51.44,0.0,1046.783773,0.0
2019-01-09,15,0,96,13.31,13.31,0.0,65.650387,0.0
2019-01-09,15,0,97,81.85,81.85,0.0,403.717819,0.0
2019-01-09,15,0,99,42.0,42.0,0.0,405.372839,0.0
2019-01-09,15,0,101,5.16,5.16,0.0,25.640027,0.0
2019-01-09,15,0,102,18.14,18.14,0.0,-108.517226,0.0
2019-01-09,15,0,103,15.78,15.78,0.0,-94.399218,0.0
2019-01-09,15,0,104,2.93,2.93,0.0,-17.527865,0.0
2019-01-09,15,0,106,151.53,151.53,0.0,758.256922,0.0
2019-01-09,15,0,109,49.9,49.9,0.0,398.927647,0.0
2019-01-09,15,0,110,219.47,219.47,0.0,-9243.747874,0.0
2019-01-09,15,0,111,6.11,6.11,0.0,42.002759,0.0
2019-01-09,15,0,113,10.79,10.79,0.0,29.353734,0.0
2019-01-09,15,0,115,10.79,10.79,0.0,29.353734,0.0
2019-01-09,15,0,116,117.75,117.75,0.0,-4959.453739,0.0
2019-01-09,15,0,117,0.72,0.72,0.0,1.958729,0.0
2019-01-09,15,0,119,5.56,5.56,0.0,138.119628,0.0
2019-01-09,15,0,120,3.27,3.27,0.0,81.232227,0.0
2019-01-09,15,0,123,2.53,2.53,0.0,12.660133,0.0
2019-01-09,15,0,125,24.22,24.22,0.0,121.197008,0.0
2019-01-09,15,0,126,113.65,113.65,0.0,568.705202,0.0
2019-01-09,15,0,127,145.85,145.85,0.0,729.834172,0.0
2019-01-09,15,0,128,34.69,34.69,0.0,173.588944,0.0
2019-01-09,15,0,131,22.7,22.7,0.0,-81.867457,0.0
2019-01-09,15,0,132,33.4,33.4,0.0,-120.456963,0.0
2019-01-09,15,0,133,41.94,41.94,0.0,466.96574,0.0
2019-01-09,15,0,134,0.0,0.0,0.0,0.0,0.0
2019-01-09,15,0,135,56.2,56.2,0.0,625.738546,0.0
2019-01-09,15,0,136,45.9,45.9,0.0,508.342079,0.0
2019-01-09,15,0,139,44.73,44.73,0.0,307.493193,0.0
2019-01-09,15,0,140,162.43,162.43,0.0,-6841.308457,0.0
2019-01-09,15,0,141,99.48,99.48,0.0,-1480.032941,0.0
2019-01-09,15,0,142,367.44,367.44,0.0,-5466.659667,0.0
2019-01-09,15,0,143,113.0,113.0,0.0,561.496708,0.0
2019-01-09,15,0,145,14.75,14.75,0.0,89.870437,0.0
2019-01-09,15,0,146,268.0,268.0,0.0,-11287.758829,0.0
2019-01-09,15,0,152,4.96,4.96,0.0,47.887212,0.0
2019-01-09,15,0,153,7.07,7.07,0.0,67.78571,0.0
2019-01-09,15,0,154,25.21,25.21,0.0,173.304346,0.0
2019-01-09,15,0,157,250.0,250.0,0.0,-3719.423353,0.0
2019-01-09,15,0,158,309.45,309.45,0.0,-4603.902226,0.0
2019-01-09,15,0,159,0.0,0.0,0.0,0.0,0.0
2019-01-09,15,0,160,1.29,1.29,0.0,12.372083,0.0
2019-01-09,15,0,161,51.46,51.46,0.0,-307.844345,0.0
2019-01-09,15,0,162,40.43,40.43,0.0,824.759338,0.0
2019-01-09,15,0,163,15.25,15.25,0.0,-642.307172,0.0
2019-01-09,15,0,164,17.55,17.55,0.0,87.205905,0.0
2019-01-09,15,0,167,5.76,5.76,0.0,116.454709,0.0
2019-01-09,15,0,168,2.88,2.88,0.0,58.227354,0.0
2019-01-09,15,0,169,0.0,0.0,0.0,0.0,0.0
2019-01-09,15,0,170,6.3,6.3,0.0,127.372338,0.0
2019-01-09,15,0,172,7.8,7.8,0.0,147.031404,0.0
2019-01-09,15,0,173,11.89,11.89,0.0,224.12864,0.0
2019-01-09,15,0,188,10.33,10.33,0.0,199.822011,0.0
2019-01-09,15,0,190,9.2,9.2,0.0,228.543269,0.0
2019-01-09,15,0,191,23.76,23.76,0.0,590.237833,0.0
2019-01-09,15,0,192,10.29,10.29,0.0,255.620678,0.0
2019-01-09,15,0,194,13.99,13.99,0.0,144.679887,0.0
2019-01-09,15,0,196,6.3,6.3,0.0,215.213947,0.0
2019-01-09,15,0,198,6.32,6.32,0.0,64.597006,0.0
2019-01-09,15,0,199,65.29,65.29,0.0,745.442833,0.0
2019-01-09,15,0,200,16.31,16.31,0.0,186.217991,0.0
2019-01-09,15,0,204,196.48,196.48,0.0,1539.472601,0.0
2019-01-09,15,0,205,263.95,263.95,0.0,2110.159365,0.0
2019-01-09,15,0,206,240.51,240.51,0.0,1186.294108,0.0
2019-01-09,15,0,210,1.85,1.85,0.0,15.221647,0.0
2019-01-09,15,0,214,11.05,11.05,0.0,145.470807,0.0
2019-01-09,15,0,217,7.37,7.37,0.0,81.192275,0.0
2019-01-09,15,0,218,10.17,10.17,0.0,112.038729,0.0
2019-01-09,15,0,219,6.93,6.93,0.0,76.344975,0.0
2019-01-09,15,0,221,5.89,5.89,0.0,77.540548,0.0
2019-01-09,15,0,225,6.0,6.0,0.0,46.714554,0.0
2019-01-09,15,0,233,5.27,5.27,0.0,65.387853,0.0
2019-01-09,15,0,236,179.56,179.56,0.0,1871.291329,0.0
2019-01-09,15,0,237,522.0,522.0,0.0,5038.205284,0.0
2019-01-09,15,0,238,24.81,24.81,0.0,269.243167,0.0
2019-01-09,15,0,240,8.46,8.46,0.0,75.725989,0.0
2019-01-09,15,0,245,78.0,78.0,0.0,882.848108,0.0
2019-01-09,15,0,247,171.72,171.72,0.0,1943.624066,0.0
2019-01-09,15,0,248,52.4,52.4,0.0,505.750875,0.0
2019-01-09,15,0,249,150.0,150.0,0.0,1697.784824,0.0
2019-01-09,15,0,251,326.4,326.4,0.0,3588.215831,0.0
2019-01-09,15,0,252,267.06,267.06,0.0,2958.441684,0.0
2019-01-09,15,0,254,10.38,10.38,0.0,95.269746,0.0
2019-01-09,15,0,255,4.76,4.76,0.0,43.688246,0.0
2019-01-09,15,0,258,9.87,9.87,0.0,88.488755,0.0
2019-01-09,15,0,260,3.12,3.12,0.0,29.923178,0.0
2019-01-09,15,0,265,26.1,26.1,0.0,179.422587,0.0
2019-01-09,15,0,266,28.6,28.6,0.0,196.608659,0.0
2019-01-09,15,0,267,35.38,35.38,0.0,243.217285,0.0
2019-01-09,15,0,270,49.77,49.77,0.0,-2096.237899,0.0
2019-01-09,15,0,272,36.07,36.07,0.0,98.126894,0.0
2019-01-09,15,0,273,28.16,28.16,0.0,-1186.057047,0.0
2019-01-09,15,0,274,65.56,65.56,0.0,-2761.289063,0.0
2019-01-09,15,0,275,94.1,94.1,0.0,-3963.351141,0.0
2019-01-09,15,0,276,6.33,6.33,0.0,-228.10918,0.0
2019-01-09,15,0,277,6.52,6.52,0.0,14.936343,0.0
2019-01-09,15,0,278,10.44,10.44,0.0,23.916476,0.0
2019-01-09,15,0,279,53.85,53.85,0.0,123.362284,0.0
2019-01-09,15,0,281,29.91,29.91,0.0,148.622713,0.0
2019-01-09,15,0,282,140.44,140.44,0.0,697.845998,0.0
2019-01-09,16,0,9,1.45,1.45,0.0,4.75973,0.0
2019-01-09,16,0,17,15.3,15.3,0.0,160.853078,0.0
2019-01-09,16,0,19,332.0,332.0,0.0,3490.406656,0.0
2019-01-09,16,0,20,419.03,419.03,0.0,4405.37681,0.0
2019-01-09,16,0,21,33.26,33.26,0.0,109.178366,0.0
2019-01-09,16,0,22,118.21,118.21,0.0,388.032913,0.0
2019-01-09,16,0,23,19.15,19.15,0.0,62.861266,0.0
2019-01-09,16,0,24,33.88,33.88,0.0,111.213561,0.0
2019-01-09,16,0,29,5.0,5.0,0.0,35.920547,0.0
2019-01-09,16,0,30,239.18,239.18,0.0,775.146252,0.0
2019-01-09,16,0,31,80.29,80.29,0.0,260.207762,0.0
2019-01-09,16,0,32,3.99,3.99,0.0,87.497405,0.0
2019-01-09,16,0,33,1.57,1.57,0.0,18.842301,0.0
2019-01-09,16,0,34,2.51,2.51,0.0,30.123679,0.0
2019-01-09,16,0,35,2.51,2.51,0.0,30.123679,0.0
2019-01-09,16,0,36,7.01,7.01,0.0,56.067992,0.0
2019-01-09,16,0,37,3.49,3.49,0.0,27.688954,0.0
2019-01-09,16,0,38,4.49,4.49,0.0,35.622752,0.0
2019-01-09,16,0,39,2.99,2.99,0.0,23.722055,0.0
2019-01-09,16,0,40,2.99,2.99,0.0,23.722055,0.0
2019-01-09,16,0,41,44.18,44.18,0.0,243.272956,0.0
2019-01-09,16,0,42,18.2,18.2,0.0,185.470468,0.0
2019-01-09,16,0,43,20.05,20.05,0.0,162.904622,0.0
2019-01-09,16,0,46,15.48,15.48,0.0,115.394967,0.0
2019-01-09,16,0,52,85.11,85.11,0.0,275.828654,0.0
2019-01-09,16,0,53,135.21,135.21,0.0,438.195186,0.0
2019-01-09,16,0,55,360.47,360.47,0.0,1183.268964,0.0
2019-01-09,16,0,56,70.55,70.55,0.0,228.641893,0.0
2019-01-09,16,0,57,67.11,67.11,0.0,217.493373,0.0
2019-01-09,16,0,58,129.05,129.05,0.0,418.231557,0.0
2019-01-09,16,0,59,126.9,126.9,0.0,411.263732,0.0
2019-01-09,16,0,63,5.14,5.14,0.0,142.030899,0.0
2019-01-09,16,0,64,6.05,6.05,0.0,167.176447,0.0
2019-01-09,16,0,65,41.4,41.4,0.0,432.768626,0.0
2019-01-09,16,0,67,197.13,197.13,0.0,-4114.545406,0.0
2019-01-09,16,0,68,11.08,11.08,0.0,-111.026611,0.0
2019-01-09,16,0,69,1.57,1.57,0.0,18.842301,0.0
2019-01-09,16,0,74,134.72,134.72,0.0,1184.186704,0.0
2019-01-09,16,0,77,26.49,26.49,0.0,-19.002737,0.0
2019-01-09,16,0,78,20.03,20.03,0.0,-14.368623,0.0
2019-01-09,16,0,79,11.59,11.59,0.0,-8.314146,0.0
2019-01-09,16,0,80,18.74,18.74,0.0,-13.443235,0.0
2019-01-09,16,0,81,24.51,24.51,0.0,-17.582374,0.0
2019-01-09,16,0,82,17.29,17.29,0.0,-12.40307,0.0
2019-01-09,16,0,83,38.55,38.55,0.0,-27.65404,0.0
2019-01-09,16,0,84,0.0,0.0,0.0,0.0,0.0
2019-01-09,16,0,86,7.96,7.96,0.0,95.531668,0.0
2019-01-09,16,0,87,40.64,40.64,0.0,487.739573,0.0
2019-01-09,16,0,88,20.01,20.01,0.0,-14.354276,0.0
2019-01-09,16,0,89,19.24,19.24,0.0,-13.801913,0.0
2019-01-09,16,0,90,25.83,25.83,0.0,-18.529283,0.0
2019-01-09,16,0,91,92.14,92.14,0.0,-66.097101,0.0
2019-01-09,16,0,92,33.14,33.14,0.0,-23.773149,0.0
2019-01-09,16,0,95,46.12,46.12,0.0,1021.792342,0.0
2019-01-09,16,0,96,16.17,16.17,0.0,51.699429,0.0
2019-01-09,16,0,97,99.45,99.45,0.0,317.965874,0.0
2019-01-09,16,0,99,29.54,29.54,0.0,259.656141,0.0
2019-01-09,16,0,101,4.82,4.82,0.0,15.620892,0.0
2019-01-09,16,0,102,26.23,26.23,0.0,-262.836463,0.0
2019-01-09,16,0,103,22.81,22.81,0.0,-228.566516,0.0
2019-01-09,16,0,104,4.24,4.24,0.0,-42.486718,0.0
2019-01-09,16,0,106,116.36,116.36,0.0,381.960154,0.0
2019-01-09,16,0,109,47.07,47.07,0.0,322.479367,0.0
2019-01-09,16,0,110,338.6,338.6,0.0,-18319.573757,0.0
2019-01-09,16,0,111,5.31,5.31,0.0,29.239008,0.0
2019-01-09,16,0,113,13.67,13.67,0.0,8.343749,0.0
2019-01-09,16,0,115,13.67,13.67,0.0,8.343749,0.0
2019-01-09,16,0,116,95.25,95.25,0.0,-5153.394567,0.0
2019-01-09,16,0,117,0.91,0.91,0.0,0.555436,0.0
2019-01-09,16,0,119,6.05,6.05,0.0,167.176447,0.0
2019-01-09,16,0,120,3.55,3.55,0.0,98.095271,0.0
2019-01-09,16,0,123,1.94,1.94,0.0,6.368191,0.0
2019-01-09,16,0,125,30.66,30.66,0.0,100.643677,0.0
2019-01-09,16,0,126,87.27,87.27,0.0,286.470115,0.0
2019-01-09,16,0,127,112.0,112.0,0.0,367.648137,0.0
2019-01-09,16,0,128,43.91,43.91,0.0,144.137765,0.0
2019-01-09,16,0,131,12.06,12.06,0.0,-85.894612,0.0
2019-01-09,16,0,132,17.73,17.73,0.0,-126.2779,0.0
2019-01-09,16,0,133,50.5,50.5,0.0,531.205403,0.0
2019-01-09,16,0,134,0.0,0.0,0.0,0.0,0.0
2019-01-09,16,0,135,64.2,64.2,0.0,675.314591,0.0
2019-01-09,16,0,136,45.9,45.9,0.0,479.657696,0.0
2019-01-09,16,0,139,57.53,57.53,0.0,316.783457,0.0
2019-01-09,16,0,140,250.6,250.6,0.0,-13558.43232,0.0
2019-01-09,16,0,141,145.89,145.89,0.0,-3045.051638,0.0
2019-01-09,16,0,142,259.97,259.97,0.0,-5426.157202,0.0
2019-01-09,16,0,143,136.03,136.03,0.0,440.852683,0.0
2019-01-09,16,0,145,16.0,16.0,0.0,73.309581,0.0
2019-01-09,16,0,146,268.0,268.0,0.0,-14499.839831,0.0
2019-01-09,16,0,152,3.86,3.86,0.0,33.961826,0.0
2019-01-09,16,0,153,5.6,5.6,0.0,48.835672,0.0
2019-01-09,16,0,154,21.9,21.9,0.0,120.590261,0.0
2019-01-09,16,0,157,250.0,250.0,0.0,-5218.060932,0.0
2019-01-09,16,0,158,253.63,253.63,0.0,-5293.827177,0.0
2019-01-09,16,0,159,0.0,0.0,0.0,0.0,0.0
2019-01-09,16,0,160,1.38,1.38,0.0,12.169185,0.0
2019-01-09,16,0,161,43.36,43.36,0.0,-434.48681,0.0
2019-01-09,16,0,162,32.89,32.89,0.0,730.688039,0.0
2019-01-09,16,0,163,24.34,24.34,0.0,-1316.888438,0.0
2019-01-09,16,0,164,13.9,13.9,0.0,45.0478,0.0
2019-01-09,16,0,167,4.47,4.47,0.0,98.314762,0.0
2019-01-09,16,0,168,2.24,2.24,0.0,49.267353,0.0
2019-01-09,16,0,169,0.0,0.0,0.0,0.0,0.0
2019-01-09,16,0,170,4.89,4.89,0.0,107.552391,0.0
2019-01-09,16,0,172,6.14,6.14,0.0,124.853071,0.0
2019-01-09,16,0,173,9.36,9.36,0.0,190.329764,0.0
2019-01-09,16,0,188,8.16,8.16,0.0,170.781815,0.0
2019-01-09,16,0,190,7.43,7.43,0.0,205.309257,0.0
2019-01-09,16,0,191,19.2,19.2,0.0,530.543436,0.0
2019-01-09,16,0,192,27.03,27.03,0.0,746.905681,0.0
2019-01-09,16,0,194,13.98,13.98,0.0,138.776225,0.0
2019-01-09,16,0,196,4.99,4.99,0.0,194.621424,0.0
2019-01-09,16,0,198,5.22,5.22,0.0,50.463879,0.0
2019-01-09,16,0,199,53.55,53.55,0.0,606.522622,0.0
2019-01-09,16,0,200,13.57,13.57,0.0,153.697703,0.0
2019-01-09,16,0,204,183.75,183.75,0.0,1224.44942,0.0
2019-01-09,16,0,205,249.0,249.0,0.0,1705.913798,0.0
2019-01-09,16,0,206,292.24,292.24,0.0,934.362462,0.0
2019-01-09,16,0,210,1.44,1.44,0.0,11.003042,0.0
2019-01-09,16,0,214,7.51,7.51,0.0,96.750741,0.0
2019-01-09,16,0,217,5.28,5.28,0.0,55.984876,0.0
2019-01-09,16,0,218,7.29,7.29,0.0,77.297301,0.0
2019-01-09,16,0,219,4.96,4.96,0.0,52.591853,0.0
2019-01-09,16,0,221,4.0,4.0,0.0,51.531686,0.0
2019-01-09,16,0,225,4.53,4.53,0.0,32.344137,0.0
2019-01-09,16,0,233,4.5,4.5,0.0,54.006596,0.0
2019-01-09,16,0,236,159.03,159.03,0.0,1540.964334,0.0
2019-01-09,16,0,237,308.11,308.11,0.0,2708.282107,0.0
2019-01-09,16,0,238,23.69,23.69,0.0,241.417328,0.0
2019-01-09,16,0,240,7.94,7.94,0.0,63.506399,0.0
2019-01-09,16,0,245,78.0,78.0,0.0,837.223403,0.0
2019-01-09,16,0,247,171.72,171.72,0.0,1843.179523,0.0
2019-01-09,16,0,248,36.28,36.28,0.0,318.900636,0.0
2019-01-09,16,0,249,150.0,150.0,0.0,1610.045006,0.0
2019-01-09,16,0,251,326.4,326.4,0.0,3379.859674,0.0
2019-01-09,16,0,252,267.06,267.06,0.0,2791.671241,0.0
2019-01-09,16,0,254,11.52,11.52,0.0,95.603329,0.0
2019-01-09,16,0,255,5.28,5.28,0.0,43.818192,0.0
2019-01-09,16,0,258,9.55,9.55,0.0,76.578958,0.0
2019-01-09,16,0,260,3.34,3.34,0.0,29.452954,0.0
2019-01-09,16,0,265,22.67,22.67,0.0,124.830192,0.0
2019-01-09,16,0,266,36.68,36.68,0.0,201.974921,0.0
2019-01-09,16,0,267,45.44,45.44,0.0,250.211025,0.0
2019-01-09,16,0,270,65.78,65.78,0.0,-3558.953224,0.0
2019-01-09,16,0,272,45.7,45.7,0.0,27.89388,0.0
2019-01-09,16,0,273,22.78,22.78,0.0,-1232.486386,0.0
2019-01-09,16,0,274,82.09,82.09,0.0,-4441.387506,0.0
2019-01-09,16,0,275,110.05,110.05,0.0,-5954.13199,0.0
2019-01-09,16,0,276,5.13,5.13,0.0,-239.4887,0.0
2019-01-09,16,0,277,5.67,5.67,0.0,0.442618,0.0
2019-01-09,16,0,278,9.08,9.08,0.0,0.708814,0.0
2019-01-09,16,0,279,165.59,165.59,0.0,12.926484,0.0
2019-01-09,16,0,281,36.03,36.03,0.0,116.767788,0.0
2019-01-09,16,0,282,131.2,131.2,0.0,425.199382,0.0
2019-01-09,17,0,9,0.98,0.98,0.0,6.665357,0.0
2019-01-09,17,0,17,10.34,10.34,0.0,95.647694,0.0
2019-01-09,17,0,19,284.63,284.63,0.0,2632.90165,0.0
2019-01-09,17,0,20,342.76,342.76,0.0,3170.619293,0.0
2019-01-09,17,0,21,22.43,22.43,0.0,152.55505,0.0
2019-01-09,17,0,22,79.73,79.73,0.0,542.274369,0.0
2019-01-09,17,0,23,26.54,26.54,0.0,180.508739,0.0
2019-01-09,17,0,24,47.21,47.21,0.0,321.093352,0.0
2019-01-09,17,0,29,3.31,3.31,0.0,32.343467,0.0
2019-01-09,17,0,30,163.99,163.99,0.0,1112.853482,0.0
2019-01-09,17,0,31,90.38,90.38,0.0,613.328238,0.0
2019-01-09,17,0,32,2.67,2.67,0.0,57.671386,0.0
2019-01-09,17,0,33,1.06,1.06,0.0,10.276059,0.0
2019-01-09,17,0,34,1.7,1.7,0.0,16.480472,0.0
2019-01-09,17,0,35,1.7,1.7,0.0,16.480472,0.0
2019-01-09,17,0,36,4.84,4.84,0.0,41.43494,0.0
2019-01-09,17,0,37,2.38,2.38,0.0,20.352756,0.0
2019-01-09,17,0,38,3.05,3.05,0.0,26.082314,0.0
2019-01-09,17,0,39,2.04,2.04,0.0,17.44522,0.0
2019-01-09,17,0,40,2.04,2.04,0.0,17.44522,0.0
2019-01-09,17,0,41,17.06,17.06,0.0,129.660572,0.0
2019-01-09,17,0,42,12.45,12.45,0.0,113.967146,0.0
2019-01-09,17,0,43,13.49,13.49,0.0,116.907651,0.0
2019-01-09,17,0,46,10.64,10.64,0.0,89.242428,0.0
2019-01-09,17,0,52,95.8,95.8,0.0,650.108931,0.0
2019-01-09,17,0,53,152.2,152.2,0.0,1032.845295,0.0
2019-01-09,17,0,55,393.63,393.63,0.0,2677.228896,0.0
2019-01-09,17,0,56,48.37,48.37,0.0,328.243935,0.0
2019-01-09,17,0,57,46.01,46.01,0.0,312.228726,0.0
2019-01-09,17,0,58,88.48,88.48,0.0,600.434637,0.0
2019-01-09,17,0,59,87.01,87.01,0.0,590.459061,0.0
2019-01-09,17,0,63,11.93,11.93,0.0,301.433436,0.0
2019-01-09,17,0,64,14.03,14.03,0.0,354.493806,0.0
2019-01-09,17,0,65,41.4,41.4,0.0,382.220394,0.0
2019-01-09,17,0,67,133.5,133.5,0.0,-1064.604216,0.0
2019-01-09,17,0,68,4.6,4.6,0.0,-3.525382,0.0
2019-01-09,17,0,69,1.06,1.06,0.0,10.276059,0.0
2019-01-09,17,0,74,91.76,91.76,0.0,800.783219,0.0
2019-01-09,17,0,77,19.62,19.62,0.0,104.639488,0.0
2019-01-09,17,0,78,14.83,14.83,0.0,79.092947,0.0
2019-01-09,17,0,79,8.58,8.58,0.0,45.759776,0.0
2019-01-09,17,0,80,13.88,13.88,0.0,74.026305,0.0
2019-01-09,17,0,81,18.15,18.15,0.0,96.799527,0.0
2019-01-09,17,0,82,12.8,12.8,0.0,68.266333,0.0
2019-01-09,17,0,83,28.54,28.54,0.0,152.212589,0.0
2019-01-09,17,0,84,0.0,0.0,0.0,0.0,0.0
2019-01-09,17,0,86,5.37,5.37,0.0,52.058903,0.0
2019-01-09,17,0,87,27.43,27.43,0.0,265.917264,0.0
2019-01-09,17,0,88,14.15,14.15,0.0,75.466298,0.0
2019-01-09,17,0,89,13.6,13.6,0.0,72.532979,0.0
2019-01-09,17,0,90,18.26,18.26,0.0,97.38619,0.0
2019-01-09,17,0,91,65.15,65.15,0.0,347.464967,0.0
2019-01-09,17,0,92,23.43,23.43,0.0,124.959389,0.0
2019-01-09,17,0,95,38.53,38.53,0.0,838.540805,0.0
2019-01-09,17,0,96,13.57,13.57,0.0,91.870775,0.0
2019-01-09,17,0,97,83.45,83.45,0.0,564.968031,0.0
2019-01-09,17,0,99,18.66,18.66,0.0,162.844539,0.0
2019-01-09,17,0,101,3.3,3.3,0.0,22.394149,0.0
2019-01-09,17,0,102,10.89,10.89,0.0,-8.345959,0.0
2019-01-09,17,0,103,9.47,9.47,0.0,-7.257689,0.0
2019-01-09,17,0,104,1.77,1.77,0.0,-1.356506,0.0
2019-01-09,17,0,106,78.48,78.48,0.0,533.772639,0.0
2019-01-09,17,0,109,33.3,33.3,0.0,270.404338,0.0
2019-01-09,17,0,110,271.05,271.05,0.0,-8144.589154,0.0
2019-01-09,17,0,111,3.89,3.89,0.0,29.565042,0.0
2019-01-09,17,0,113,10.03,10.03,0.0,64.966763,0.0
2019-01-09,17,0,115,10.03,10.03,0.0,64.966763,0.0
2019-01-09,17,0,116,65.95,65.95,0.0,-1981.684762,0.0
2019-01-09,17,0,117,0.67,0.67,0.0,4.339754,0.0
2019-01-09,17,0,119,14.03,14.03,0.0,354.493806,0.0
2019-01-09,17,0,120,8.26,8.26,0.0,208.704122,0.0
2019-01-09,17,0,123,1.31,1.31,0.0,8.909813,0.0
2019-01-09,17,0,125,42.67,42.67,0.0,290.215067,0.0
2019-01-09,17,0,126,58.86,58.86,0.0,400.329479,0.0
2019-01-09,17,0,127,75.54,75.54,0.0,513.776569,0.0
2019-01-09,17,0,128,61.42,61.42,0.0,417.741023,0.0
2019-01-09,17,0,131,9.52,9.52,0.0,11.030771,0.0
2019-01-09,17,0,132,14.0,14.0,0.0,16.221722,0.0
2019-01-09,17,0,133,111.85,111.85,0.0,1034.830098,0.0
2019-01-09,17,0,134,0.0,0.0,0.0,0.0,0.0
2019-01-09,17,0,135,146.43,146.43,0.0,1354.762371,0.0
2019-01-09,17,0,136,45.9,45.9,0.0,423.721025,0.0
2019-01-09,17,0,139,22.03,22.03,0.0,167.433904,0.0
2019-01-09,17,0,140,200.61,200.61,0.0,-6027.987567,0.0
2019-01-09,17,0,141,139.16,139.16,0.0,-1109.740245,0.0
2019-01-09,17,0,142,176.05,176.05,0.0,-1403.921889,0.0
2019-01-09,17,0,143,154.39,154.39,0.0,1047.706867,0.0
2019-01-09,17,0,145,11.18,11.18,0.0,81.405796,0.0
2019-01-09,17,0,146,268.0,268.0,0.0,-8052.941868,0.0
2019-01-09,17,0,152,2.63,2.63,0.0,22.996779,0.0
2019-01-09,17,0,153,3.81,3.81,0.0,33.227706,0.0
2019-01-09,17,0,154,16.03,16.03,0.0,121.832296,0.0
2019-01-09,17,0,157,224.96,224.96,0.0,-1793.957786,0.0
2019-01-09,17,0,158,173.77,173.77,0.0,-1385.739885,0.0
2019-01-09,17,0,159,0.0,0.0,0.0,0.0,0.0
2019-01-09,17,0,160,0.93,0.93,0.0,8.393746,0.0
2019-01-09,17,0,161,29.66,29.66,0.0,-22.73105,0.0
2019-01-09,17,0,162,31.52,31.52,0.0,687.170621,0.0
2019-01-09,17,0,163,32.35,32.35,0.0,-972.062199,0.0
2019-01-09,17,0,164,9.82,9.82,0.0,66.639558,0.0
2019-01-09,17,0,167,2.97,2.97,0.0,64.326032,0.0
2019-01-09,17,0,168,1.48,1.48,0.0,32.054723,0.0
2019-01-09,17,0,169,0.0,0.0,0.0,0.0,0.0
2019-01-09,17,0,170,3.24,3.24,0.0,70.173854,0.0
2019-01-09,17,0,172,4.1,4.1,0.0,85.738583,0.0
2019-01-09,17,0,173,6.24,6.24,0.0,130.489941,0.0
2019-01-09,17,0,188,5.46,5.46,0.0,114.642405,0.0
2019-01-09,17,0,190,5.06,5.06,0.0,127.850225,0.0
2019-01-09,17,0,191,13.07,13.07,0.0,330.237637,0.0
2019-01-09,17,0,192,32.8,32.8,0.0,828.752447,0.0
2019-01-09,17,0,194,11.23,11.23,0.0,144.979455,0.0
2019-01-09,17,0,196,3.44,3.44,0.0,112.8311,0.0
2019-01-09,17,0,198,3.53,3.53,0.0,33.945378,0.0
2019-01-09,17,0,199,41.79,41.79,0.0,489.177842,0.0
2019-01-09,17,0,200,9.17,9.17,0.0,107.340532,0.0
2019-01-09,17,0,204,125.71,125.71,0.0,1013.048321,0.0
2019-01-09,17,0,205,176.18,176.18,0.0,1430.625713,0.0
2019-01-09,17,0,206,245.22,245.22,0.0,1660.173284,0.0
2019-01-09,17,0,210,0.95,0.95,0.0,9.377567,0.0
2019-01-09,17,0,214,5.05,5.05,0.0,50.283506,0.0
2019-01-09,17,0,217,3.5,3.5,0.0,34.732543,0.0
2019-01-09,17,0,218,4.83,4.83,0.0,47.930909,0.0
2019-01-09,17,0,219,3.29,3.29,0.0,32.64859,0.0
2019-01-09,17,0,221,2.69,2.69,0.0,26.784679,0.0
2019-01-09,17,0,225,3.01,3.01,0.0,29.383059,0.0
2019-01-09,17,0,233,3.04,3.04,0.0,29.470962,0.0
2019-01-09,17,0,236,131.98,131.98,0.0,1188.597022,0.0
2019-01-09,17,0,237,226.74,226.74,0.0,1978.744409,0.0
2019-01-09,17,0,238,16.21,16.21,0.0,148.38614,0.0
2019-01-09,17,0,240,5.48,5.48,0.0,46.91394,0.0
2019-01-09,17,0,245,78.0,78.0,0.0,726.649921,0.0
2019-01-09,17,0,247,171.72,171.72,0.0,1599.747749,0.0
2019-01-09,17,0,248,23.07,23.07,0.0,201.330306,0.0
2019-01-09,17,0,249,150.0,150.0,0.0,1397.403694,0.0
2019-01-09,17,0,251,326.4,326.4,0.0,3003.863895,0.0
2019-01-09,17,0,252,267.06,267.06,0.0,2465.598515,0.0
2019-01-09,17,0,254,7.84,7.84,0.0,68.650204,0.0
2019-01-09,17,0,255,3.59,3.59,0.0,31.435489,0.0
2019-01-09,17,0,258,6.63,6.63,0.0,56.871782,0.0
2019-01-09,17,0,260,2.27,2.27,0.0,20.487961,0.0
2019-01-09,17,0,265,16.6,16.6,0.0,126.164449,0.0
2019-01-09,17,0,266,14.26,14.26,0.0,108.379822,0.0
2019-01-09,17,0,267,17.53,17.53,0.0,133.232698,0.0
2019-01-09,17,0,270,101.02,101.02,0.0,-3035.478311,0.0
2019-01-09,17,0,272,33.52,33.52,0.0,217.117238,0.0
2019-01-09,17,0,273,15.77,15.77,0.0,-473.861542,0.0
2019-01-09,17,0,274,130.23,130.23,0.0,-3913.188878,0.0
2019-01-09,17,0,275,181.29,181.29,0.0,-5447.454594,0.0
2019-01-09,17,0,276,3.54,3.54,0.0,-88.923714,0.0
2019-01-09,17,0,277,3.88,3.88,0.0,23.352252,0.0
2019-01-09,17,0,278,6.21,6.21,0.0,37.37564,0.0
2019-01-09,17,0,279,53.2,53.2,0.0,320.190671,0.0
2019-01-09,17,0,281,40.56,40.56,0.0,275.244449,0.0
2019-01-09,17,0,282,89.96,89.96,0.0,610.478073,0.0
2019-01-09,18,0,9,0.49,0.49,0.0,6.078782,0.0
2019-01-09,18,0,17,4.78,4.78,0.0,58.404099,0.0
2019-01-09,18,0,19,332.94,332.94,0.0,4068.004307,0.0
2019-01-09,18,0,20,405.43,405.43,0.0,4953.718346,0.0
2019-01-09,18,0,21,11.23,11.23,0.0,139.315759,0.0
2019-01-09,18,0,22,39.91,39.91,0.0,495.11059,0.0
2019-01-09,18,0,23,51.21,51.21,0.0,635.294746,0.0
2019-01-09,18,0,24,90.87,90.87,0.0,1127.303917,0.0
2019-01-09,18,0,29,1.24,1.24,0.0,15.067261,0.0
2019-01-09,18,0,30,86.59,86.59,0.0,1074.310436,0.0
2019-01-09,18,0,31,74.97,74.97,0.0,930.142665,0.0
2019-01-09,18,0,32,1.01,1.01,0.0,28.668835,0.0
2019-01-09,18,0,33,0.48,0.48,0.0,5.849027,0.0
2019-01-09,18,0,34,0.76,0.76,0.0,9.260959,0.0
2019-01-09,18,0,35,0.76,0.76,0.0,9.260959,0.0
2019-01-09,18,0,36,2.21,2.21,0.0,27.113213,0.0
2019-01-09,18,0,37,1.09,1.09,0.0,13.373133,0.0
2019-01-09,18,0,38,1.4,1.4,0.0,17.176501,0.0
2019-01-09,18,0,39,0.93,0.93,0.0,11.410104,0.0
2019-01-09,18,0,40,0.93,0.93,0.0,11.410104,0.0
2019-01-09,18,0,41,15.62,15.62,0.0,192.810603,0.0
2019-01-09,18,0,42,6.39,6.39,0.0,78.121424,0.0
2019-01-09,18,0,43,6.03,6.03,0.0,73.923738,0.0
2019-01-09,18,0,46,4.76,4.76,0.0,58.459982,0.0
2019-01-09,18,0,52,79.47,79.47,0.0,985.973557,0.0
2019-01-09,18,0,53,126.28,126.28,0.0,1566.738905,0.0
2019-01-09,18,0,55,317.74,317.74,0.0,3941.779977,0.0
2019-01-09,18,0,56,25.54,25.54,0.0,316.871331,0.0
2019-01-09,18,0,57,24.29,24.29,0.0,301.36275,0.0
2019-01-09,18,0,58,46.72,46.72,0.0,579.64873,0.0
2019-01-09,18,0,59,45.94,45.94,0.0,569.971376,0.0
2019-01-09,18,0,63,25.72,25.72,0.0,766.670468,0.0
2019-01-09,18,0,64,30.26,30.26,0.0,902.000325,0.0
2019-01-09,18,0,65,41.4,41.4,0.0,505.897973,0.0
2019-01-09,18,0,67,66.29,66.29,0.0,576.338717,0.0
2019-01-09,18,0,68,1.78,1.78,0.0,19.199043,0.0
2019-01-09,18,0,69,0.48,0.48,0.0,5.849027,0.0
2019-01-09,18,0,74,50.67,50.67,0.0,621.084352,0.0
2019-01-09,18,0,77,14.17,14.17,0.0,177.405933,0.0
2019-01-09,18,0,78,10.72,10.72,0.0,134.212533,0.0
2019-01-09,18,0,79,6.2,6.2,0.0,77.62292,0.0
2019-01-09,18,0,80,10.03,10.03,0.0,125.573853,0.0
2019-01-09,18,0,81,13.11,13.11,0.0,164.134917,0.0
2019-01-09,18,0,82,9.25,9.25,0.0,115.808389,0.0
2019-01-09,18,0,83,20.62,20.62,0.0,258.158809,0.0
2019-01-09,18,0,84,0.0,0.0,0.0,0.0,0.0
2019-01-09,18,0,86,2.41,2.41,0.0,29.366988,0.0
2019-01-09,18,0,87,12.29,12.29,0.0,149.759453,0.0
2019-01-09,18,0,88,9.65,9.65,0.0,120.81632,0.0
2019-01-09,18,0,89,9.27,9.27,0.0,116.058786,0.0
2019-01-09,18,0,90,12.45,12.45,0.0,155.871832,0.0
2019-01-09,18,0,91,44.42,44.42,0.0,556.130665,0.0
2019-01-09,18,0,92,15.98,15.98,0.0,200.066817,0.0
2019-01-09,18,0,95,31.77,31.77,0.0,903.494155,0.0
2019-01-09,18,0,96,11.42,11.42,0.0,141.70057,0.0
2019-01-09,18,0,97,70.22,70.22,0.0,871.297197,0.0
2019-01-09,18,0,99,9.78,9.78,0.0,119.877737,0.0
2019-01-09,18,0,101,1.74,1.74,0.0,21.587945,0.0
2019-01-09,18,0,102,4.22,4.22,0.0,45.516833,0.0
2019-01-09,18,0,103,3.67,3.67,0.0,39.584544,0.0
2019-01-09,18,0,104,0.68,0.68,0.0,7.334466,0.0
2019-01-09,18,0,106,39.29,39.29,0.0,487.41907,0.0
2019-01-09,18,0,109,22.68,22.68,0.0,279.031811,0.0
2019-01-09,18,0,110,193.35,193.35,0.0,442.485113,0.0
2019-01-09,18,0,111,1.95,1.95,0.0,24.070466,0.0
2019-01-09,18,0,113,7.14,7.14,0.0,92.611916,0.0
2019-01-09,18,0,115,7.14,7.14,0.0,92.611916,0.0
2019-01-09,18,0,116,29.74,29.74,0.0,68.06055,0.0
2019-01-09,18,0,117,0.48,0.48,0.0,6.226011,0.0
2019-01-09,18,0,119,30.26,30.26,0.0,902.000325,0.0
2019-01-09,18,0,120,17.79,17.79,0.0,530.290343,0.0
2019-01-09,18,0,123,0.65,0.65,0.0,8.06369,0.0
2019-01-09,18,0,125,82.18,82.18,0.0,1019.498579,0.0
2019-01-09,18,0,126,29.47,29.47,0.0,365.595317,0.0
2019-01-09,18,0,127,37.82,37.82,0.0,469.182724,0.0
2019-01-09,18,0,128,118.01,118.01,0.0,1463.994005,0.0
2019-01-09,18,0,131,7.47,7.47,0.0,84.744374,0.0
2019-01-09,18,0,132,10.98,10.98,0.0,124.564019,0.0
2019-01-09,18,0,133,139.8,139.8,0.0,1708.119128,0.0
2019-01-09,18,0,134,0.0,0.0,0.0,0.0,0.0
2019-01-09,18,0,135,187.33,187.33,0.0,2288.855194,0.0
2019-01-09,18,0,136,45.9,45.9,0.0,560.890227,0.0
2019-01-09,18,0,139,20.17,20.17,0.0,248.975023,0.0
2019-01-09,18,0,140,143.1,143.1,0.0,327.487042,0.0
2019-01-09,18,0,141,132.98,132.98,0.0,1156.155115,0.0
2019-01-09,18,0,142,87.41,87.41,0.0,759.960284,0.0
2019-01-09,18,0,143,128.37,128.37,0.0,1592.669253,0.0
2019-01-09,18,0,145,7.57,7.57,0.0,93.628093,0.0
2019-01-09,18,0,146,267.17,267.17,0.0,611.423572,0.0
2019-01-09,18,0,152,1.24,1.24,0.0,15.197307,0.0
2019-01-09,18,0,153,1.79,1.79,0.0,21.941069,0.0
2019-01-09,18,0,154,8.03,8.03,0.0,99.120944,0.0
2019-01-09,18,0,157,148.8,148.8,0.0,1293.697406,0.0
2019-01-09,18,0,158,85.6,85.6,0.0,744.223777,0.0
2019-01-09,18,0,159,0.0,0.0,0.0,0.0,0.0
2019-01-09,18,0,160,0.41,0.41,0.0,5.014207,0.0
2019-01-09,18,0,161,14.28,14.28,0.0,154.023784,0.0
2019-01-09,18,0,162,30.2,30.2,0.0,859.312278,0.0
2019-01-09,18,0,163,33.83,33.83,0.0,77.420591,0.0
2019-01-09,18,0,164,5.47,5.47,0.0,67.865551,0.0
2019-01-09,18,0,167,1.08,1.08,0.0,30.670587,0.0
2019-01-09,18,0,168,0.54,0.54,0.0,15.335294,0.0
2019-01-09,18,0,169,0.0,0.0,0.0,0.0,0.0
2019-01-09,18,0,170,1.18,1.18,0.0,33.510456,0.0
2019-01-09,18,0,172,1.53,1.53,0.0,43.099144,0.0
2019-01-09,18,0,173,2.34,2.34,0.0,65.916337,0.0
2019-01-09,18,0,188,2.09,2.09,0.0,58.495513,0.0
2019-01-09,18,0,190,2.12,2.12,0.0,63.193678,0.0
2019-01-09,18,0,191,5.48,5.48,0.0,163.349695,0.0
2019-01-09,18,0,192,39.7,39.7,0.0,1183.391041,0.0
2019-01-09,18,0,194,16.69,16.69,0.0,249.493858,0.0
2019-01-09,18,0,196,1.51,1.51,0.0,48.710436,0.0
2019-01-09,18,0,198,1.48,1.48,0.0,18.025716,0.0
2019-01-09,18,0,199,32.2,32.2,0.0,414.393434,0.0
2019-01-09,18,0,200,3.71,3.71,0.0,47.74533,0.0
2019-01-09,18,0,204,82.3,82.3,0.0,1012.921424,0.0
2019-01-09,18,0,205,120.0,120.0,0.0,1476.358786,0.0
2019-01-09,18,0,206,206.33,206.33,0.0,2560.164494,0.0
2019-01-09,18,0,210,0.35,0.35,0.0,4.25051,0.0
2019-01-09,18,0,214,2.06,2.06,0.0,25.061922,0.0
2019-01-09,18,0,217,1.37,1.37,0.0,16.653993,0.0
2019-01-09,18,0,218,1.89,1.89,0.0,22.975216,0.0
2019-01-09,18,0,219,1.29,1.29,0.0,15.681497,0.0
2019-01-09,18,0,221,1.1,1.1,0.0,13.382579,0.0
2019-01-09,18,0,225,1.15,1.15,0.0,13.974413,0.0
2019-01-09,18,0,233,1.36,1.36,0.0,16.572242,0.0
2019-01-09,18,0,236,102.78,102.78,0.0,1257.671453,0.0
2019-01-09,18,0,237,121.54,121.54,0.0,1489.768938,0.0
2019-01-09,18,0,238,8.32,8.32,0.0,101.716783,0.0
2019-01-09,18,0,240,2.51,2.51,0.0,30.793739,0.0
2019-01-09,18,0,245,78.0,78.0,0.0,952.656934,0.0
2019-01-09,18,0,247,171.72,171.72,0.0,2097.31088,0.0
2019-01-09,18,0,248,12.2,12.2,0.0,149.540736,0.0
2019-01-09,18,0,249,150.0,150.0,0.0,1832.032565,0.0
2019-01-09,18,0,251,326.4,326.4,0.0,3989.240146,0.0
2019-01-09,18,0,252,267.06,267.06,0.0,3263.408517,0.0
2019-01-09,18,0,254,3.45,3.45,0.0,42.269091,0.0
2019-01-09,18,0,255,1.58,1.58,0.0,19.358019,0.0
2019-01-09,18,0,258,3.03,3.03,0.0,37.168868,0.0
2019-01-09,18,0,260,0.99,0.99,0.0,12.107476,0.0
2019-01-09,18,0,265,8.32,8.32,0.0,102.700654,0.0
2019-01-09,18,0,266,13.06,13.06,0.0,161.210402,0.0
2019-01-09,18,0,267,16.05,16.05,0.0,198.118449,0.0
2019-01-09,18,0,270,105.65,105.65,0.0,241.782013,0.0
2019-01-09,18,0,272,23.85,23.85,0.0,309.354928,0.0
2019-01-09,18,0,273,7.11,7.11,0.0,16.271369,0.0
2019-01-09,18,0,274,136.2,136.2,0.0,311.696263,0.0
2019-01-09,18,0,275,189.59,189.59,0.0,433.880282,0.0
2019-01-09,18,0,276,1.62,1.62,0.0,6.024412,0.0
2019-01-09,18,0,277,1.8,1.8,0.0,23.022056,0.0
2019-01-09,18,0,278,2.88,2.88,0.0,36.835289,0.0
2019-01-09,18,0,279,38.35,38.35,0.0,490.497691,0.0
2019-01-09,18,0,281,33.62,33.62,0.0,417.118799,0.0
2019-01-09,18,0,282,47.5,47.5,0.0,589.326085,0.0
2019-01-09,19,0,9,0.0,0.0,0.0,0.0,0.0
2019-01-09,19,0,17,0.0,0.0,0.0,-0.0,0.0
2019-01-09,19,0,19,615.51,615.51,0.0,-882.969627,0.0
2019-01-09,19,0,20,748.14,748.14,0.0,-1073.231786,0.0
2019-01-09,19,0,21,0.0,0.0,0.0,0.0,0.0
2019-01-09,19,0,22,0.0,0.0,0.0,0.0,0.0
2019-01-09,19,0,23,56.46,56.46,0.0,1362.878685,0.0
2019-01-09,19,0,24,99.89,99.89,0.0,2411.228336,0.0
2019-01-09,19,0,29,0.0,0.0,0.0,0.0,0.0
2019-01-09,19,0,30,0.0,0.0,0.0,0.0,0.0
2019-01-09,19,0,31,34.1,34.1,0.0,824.778358,0.0
2019-01-09,19,0,32,0.0,0.0,0.0,0.0,0.0
2019-01-09,19,0,33,0.0,0.0,0.0,0.0,0.0
2019-01-09,19,0,34,0.0,0.0,0.0,0.0,0.0
2019-01-09,19,0,35,0.0,0.0,0.0,0.0,0.0
2019-01-09,19,0,36,0.0,0.0,0.0,0.0,0.0
2019-01-09,19,0,37,0.0,0.0,0.0,0.0,0.0
2019-01-09,19,0,38,0.0,0.0,0.0,0.0,0.0
2019-01-09,19,0,39,0.0,0.0,0.0,0.0,0.0
2019-01-09,19,0,40,0.0,0.0,0.0,0.0,0.0
2019-01-09,19,0,41,14.46,14.46,0.0,313.969006,0.0
2019-01-09,19,0,42,0.0,0.0,0.0,0.0,0.0
2019-01-09,19,0,43,0.0,0.0,0.0,0.0,0.0
2019-01-09,19,0,46,0.0,0.0,0.0,0.0,0.0
2019-01-09,19,0,52,36.14,36.14,0.0,874.119937,0.0
2019-01-09,19,0,53,57.42,57.42,0.0,1388.820331,0.0
2019-01-09,19,0,55,140.23,140.23,0.0,3384.988984,0.0
2019-01-09,19,0,56,0.0,0.0,0.0,0.0,0.0
2019-01-09,19,0,57,0.0,0.0,0.0,0.0,0.0
2019-01-09,19,0,58,0.0,0.0,0.0,0.0,0.0
2019-01-09,19,0,59,0.0,0.0,0.0,0.0,0.0
2019-01-09,19,0,63,31.15,31.15,0.0,1010.118404,0.0
2019-01-09,19,0,64,36.65,36.65,0.0,1188.469968,0.0
2019-01-09,19,0,65,41.4,41.4,0.0,243.118575,0.0
2019-01-09,19,0,67,0.0,0.0,0.0,0.0,0.0
2019-01-09,19,0,68,1.56,1.56,0.0,46.004702,0.0
2019-01-09,19,0,69,0.0,0.0,0.0,0.0,0.0
2019-01-09,19,0,74,44.76,44.76,0.0,838.123489,0.0
2019-01-09,19,0,77,10.11,10.11,0.0,291.089019,0.0
2019-01-09,19,0,78,7.64,7.64,0.0,219.972315,0.0
2019-01-09,19,0,79,4.42,4.42,0.0,127.26147,0.0
2019-01-09,19,0,80,7.15,7.15,0.0,205.864143,0.0
2019-01-09,19,0,81,9.35,9.35,0.0,269.206957,0.0
2019-01-09,19,0,82,6.59,6.59,0.0,189.740518,0.0
2019-01-09,19,0,83,14.7,14.7,0.0,423.245162,0.0
2019-01-09,19,0,84,0.0,0.0,0.0,0.0,0.0
2019-01-09,19,0,86,0.0,0.0,0.0,0.0,0.0
2019-01-09,19,0,87,0.0,0.0,0.0,0.0,0.0
2019-01-09,19,0,88,6.35,6.35,0.0,182.830393,0.0
2019-01-09,19,0,89,6.1,6.1,0.0,175.632346,0.0
2019-01-09,19,0,90,8.19,8.19,0.0,235.808019,0.0
2019-01-09,19,0,91,29.23,29.23,0.0,841.595651,0.0
2019-01-09,19,0,92,10.51,10.51,0.0,302.605895,0.0
2019-01-09,19,0,95,26.11,26.11,0.0,870.872943,0.0
2019-01-09,19,0,96,9.61,9.61,0.0,232.921755,0.0
2019-01-09,19,0,97,59.09,59.09,0.0,1432.190061,0.0
2019-01-09,19,0,99,8.64,8.64,0.0,161.78255,0.0
2019-01-09,19,0,101,0.0,0.0,0.0,0.0,0.0
2019-01-09,19,0,102,4.45,4.45,0.0,131.23136,0.0
2019-01-09,19,0,103,3.74,3.74,0.0,110.293323,0.0
2019-01-09,19,0,104,0.53,0.53,0.0,15.629802,0.0
2019-01-09,19,0,106,0.0,0.0,0.0,0.0,0.0
2019-01-09,19,0,109,14.78,14.78,0.0,294.099094,0.0
2019-01-09,19,0,110,133.05,133.05,0.0,4174.044537,0.0
2019-01-09,19,0,111,0.0,0.0,0.0,0.0,0.0
2019-01-09,19,0,113,4.98,4.98,0.0,148.023857,0.0
2019-01-09,19,0,115,4.98,4.98,0.0,148.023857,0.0
2019-01-09,19,0,116,0.0,0.0,0.0,0.0,0.0
2019-01-09,19,0,117,0.33,0.33,0.0,9.80881,0.0
2019-01-09,19,0,119,36.65,36.65,0.0,1188.469968,0.0
2019-01-09,19,0,120,21.55,21.55,0.0,698.813856,0.0
2019-01-09,19,0,123,0.0,0.0,0.0,0.0,0.0
2019-01-09,19,0,125,90.39,90.39,0.0,2181.909393,0.0
2019-01-09,19,0,126,0.0,0.0,0.0,0.0,0.0
2019-01-09,19,0,127,0.0,0.0,0.0,0.0,0.0
2019-01-09,19,0,128,129.47,129.47,0.0,3125.255107,0.0
2019-01-09,19,0,131,5.78,5.78,0.0,169.738241,0.0
2019-01-09,19,0,132,8.49,8.49,0.0,249.321396,0.0
2019-01-09,19,0,133,135.62,135.62,0.0,1303.316252,0.0
2019-01-09,19,0,134,0.0,0.0,0.0,0.0,0.0
2019-01-09,19,0,135,183.78,183.78,0.0,1766.136712,0.0
2019-01-09,19,0,136,45.9,45.9,0.0,287.956719,0.0
2019-01-09,19,0,139,18.67,18.67,0.0,405.380453,0.0
2019-01-09,19,0,140,98.47,98.47,0.0,3089.200793,0.0
2019-01-09,19,0,141,126.74,126.74,0.0,3796.297458,0.0
2019-01-09,19,0,142,0.0,0.0,0.0,0.0,0.0
2019-01-09,19,0,143,58.43,58.43,0.0,1413.249251,0.0
2019-01-09,19,0,145,4.87,4.87,0.0,110.053363,0.0
2019-01-09,19,0,146,174.5,174.5,0.0,5474.413917,0.0
2019-01-09,19,0,152,0.0,0.0,0.0,0.0,0.0
2019-01-09,19,0,153,0.0,0.0,0.0,0.0,0.0
2019-01-09,19,0,154,0.0,0.0,0.0,0.0,0.0
2019-01-09,19,0,157,92.12,92.12,0.0,2759.309782,0.0
2019-01-09,19,0,158,0.0,0.0,0.0,0.0,0.0
2019-01-09,19,0,159,0.0,0.0,0.0,0.0,0.0
2019-01-09,19,0,160,0.0,0.0,0.0,0.0,0.0
2019-01-09,19,0,161,0.0,0.0,0.0,0.0,0.0
2019-01-09,19,0,162,28.81,28.81,0.0,960.44876,0.0
2019-01-09,19,0,163,35.62,35.62,0.0,1117.470623,0.0
2019-01-09,19,0,164,0.2,0.2,0.0,4.83741,0.0
2019-01-09,19,0,167,0.0,0.0,0.0,0.0,0.0
2019-01-09,19,0,168,0.0,0.0,0.0,0.0,0.0
2019-01-09,19,0,169,0.0,0.0,0.0,0.0,0.0
2019-01-09,19,0,170,0.0,0.0,0.0,0.0,0.0
2019-01-09,19,0,172,0.0,0.0,0.0,0.0,0.0
2019-01-09,19,0,173,0.0,0.0,0.0,0.0,0.0
2019-01-09,19,0,188,0.0,0.0,0.0,0.0,0.0
2019-01-09,19,0,190,0.0,0.0,0.0,0.0,0.0
2019-01-09,19,0,191,0.0,0.0,0.0,0.0,0.0
2019-01-09,19,0,192,47.99,47.99,0.0,1556.198466,0.0
2019-01-09,19,0,194,23.55,23.55,0.0,712.338803,0.0
2019-01-09,19,0,196,0.0,0.0,0.0,0.0,0.0
2019-01-09,19,0,198,0.0,0.0,0.0,0.0,0.0
2019-01-09,19,0,199,24.35,24.35,0.0,396.228496,0.0
2019-01-09,19,0,200,0.0,0.0,0.0,0.0,0.0
2019-01-09,19,0,204,50.87,50.87,0.0,1020.312359,0.0
2019-01-09,19,0,205,78.21,78.21,0.0,1556.257789,0.0
2019-01-09,19,0,206,173.63,173.63,0.0,4208.345918,0.0
2019-01-09,19,0,210,0.0,0.0,0.0,0.0,0.0
2019-01-09,19,0,214,0.0,0.0,0.0,0.0,0.0
2019-01-09,19,0,217,0.0,0.0,0.0,0.0,0.0
2019-01-09,19,0,218,0.0,0.0,0.0,0.0,0.0
2019-01-09,19,0,219,0.0,0.0,0.0,0.0,0.0
2019-01-09,19,0,221,0.0,0.0,0.0,0.0,0.0
2019-01-09,19,0,225,0.0,0.0,0.0,0.0,0.0
2019-01-09,19,0,233,0.0,0.0,0.0,0.0,0.0
2019-01-09,19,0,236,79.03,79.03,0.0,1405.936087,0.0
2019-01-09,19,0,237,107.37,107.37,0.0,2010.485233,0.0
2019-01-09,19,0,238,0.0,0.0,0.0,0.0,0.0
2019-01-09,19,0,240,0.0,0.0,0.0,0.0,0.0
2019-01-09,19,0,245,78.0,78.0,0.0,731.449306,0.0
2019-01-09,19,0,247,170.73,170.73,0.0,1601.030001,0.0
2019-01-09,19,0,248,10.78,10.78,0.0,201.853691,0.0
2019-01-09,19,0,249,150.0,150.0,0.0,1406.633282,0.0
2019-01-09,19,0,251,300.33,300.33,0.0,2647.059543,0.0
2019-01-09,19,0,252,267.06,267.06,0.0,1568.290981,0.0
2019-01-09,19,0,254,0.0,0.0,0.0,0.0,0.0
2019-01-09,19,0,255,0.0,0.0,0.0,0.0,0.0
2019-01-09,19,0,258,0.0,0.0,0.0,0.0,0.0
2019-01-09,19,0,260,0.0,0.0,0.0,0.0,0.0
2019-01-09,19,0,265,0.0,0.0,0.0,0.0,0.0
2019-01-09,19,0,266,12.09,12.09,0.0,262.509356,0.0
2019-01-09,19,0,267,14.86,14.86,0.0,322.65418,0.0
2019-01-09,19,0,270,111.24,111.24,0.0,3489.821227,0.0
2019-01-09,19,0,272,16.64,16.64,0.0,494.601804,0.0
2019-01-09,19,0,273,0.0,0.0,0.0,0.0,0.0
2019-01-09,19,0,274,143.41,143.41,0.0,4499.058452,0.0
2019-01-09,19,0,275,199.63,199.63,0.0,6262.792265,0.0
2019-01-09,19,0,276,0.0,0.0,0.0,0.0,0.0
2019-01-09,19,0,277,0.0,0.0,0.0,0.0,0.0
2019-01-09,19,0,278,0.0,0.0,0.0,0.0,0.0
2019-01-09,19,0,279,27.02,27.02,0.0,793.042984,0.0
2019-01-09,19,0,281,15.3,15.3,0.0,370.061844,0.0
2019-01-09,19,0,282,0.0,0.0,0.0,0.0,0.0
2019-01-09,20,0,9,0.0,0.0,0.0,0.0,0.0
2019-01-09,20,0,17,0.0,0.0,0.0,-0.0,0.0
2019-01-09,20,0,19,643.3,643.3,0.0,-1231.872844,0.0
2019-01-09,20,0,20,780.2,780.2,0.0,-1494.026415,0.0
2019-01-09,20,0,21,0.0,0.0,0.0,0.0,0.0
2019-01-09,20,0,22,0.0,0.0,0.0,0.0,0.0
2019-01-09,20,0,23,40.91,40.91,0.0,1028.892679,0.0
2019-01-09,20,0,24,72.38,72.38,0.0,1820.367932,0.0
2019-01-09,20,0,29,0.0,0.0,0.0,0.0,0.0
2019-01-09,20,0,30,0.0,0.0,0.0,0.0,0.0
2019-01-09,20,0,31,24.02,24.02,0.0,605.091562,0.0
2019-01-09,20,0,32,0.0,0.0,0.0,0.0,0.0
2019-01-09,20,0,33,0.0,0.0,0.0,0.0,0.0
2019-01-09,20,0,34,0.0,0.0,0.0,0.0,0.0
2019-01-09,20,0,35,0.0,0.0,0.0,0.0,0.0
2019-01-09,20,0,36,0.0,0.0,0.0,0.0,0.0
2019-01-09,20,0,37,0.0,0.0,0.0,0.0,0.0
2019-01-09,20,0,38,0.0,0.0,0.0,0.0,0.0
2019-01-09,20,0,39,0.0,0.0,0.0,0.0,0.0
2019-01-09,20,0,40,0.0,0.0,0.0,0.0,0.0
2019-01-09,20,0,41,20.76,20.76,0.0,480.095648,0.0
2019-01-09,20,0,42,0.0,0.0,0.0,0.0,0.0
2019-01-09,20,0,43,0.0,0.0,0.0,0.0,0.0
2019-01-09,20,0,46,0.0,0.0,0.0,0.0,0.0
2019-01-09,20,0,52,25.46,25.46,0.0,641.366826,0.0
2019-01-09,20,0,53,40.44,40.44,0.0,1018.730339,0.0
2019-01-09,20,0,55,89.91,89.91,0.0,2261.25008,0.0
2019-01-09,20,0,56,0.0,0.0,0.0,0.0,0.0
2019-01-09,20,0,57,0.0,0.0,0.0,0.0,0.0
2019-01-09,20,0,58,0.0,0.0,0.0,0.0,0.0
2019-01-09,20,0,59,0.0,0.0,0.0,0.0,0.0
2019-01-09,20,0,63,21.32,21.32,0.0,691.355518,0.0
2019-01-09,20,0,64,25.08,25.08,0.0,813.283133,0.0
2019-01-09,20,0,65,41.4,41.4,0.0,252.694825,0.0
2019-01-09,20,0,67,0.0,0.0,0.0,0.0,0.0
2019-01-09,20,0,68,1.05,1.05,0.0,31.219813,0.0
2019-01-09,20,0,69,0.0,0.0,0.0,0.0,0.0
2019-01-09,20,0,74,30.67,30.67,0.0,638.756432,0.0
2019-01-09,20,0,77,11.34,11.34,0.0,330.179371,0.0
2019-01-09,20,0,78,8.61,8.61,0.0,250.691745,0.0
2019-01-09,20,0,79,5.01,5.01,0.0,145.872897,0.0
2019-01-09,20,0,80,8.06,8.06,0.0,234.677754,0.0
2019-01-09,20,0,81,10.5,10.5,0.0,305.72164,0.0
2019-01-09,20,0,82,7.44,7.44,0.0,216.625619,0.0
2019-01-09,20,0,83,16.37,16.37,0.0,476.634595,0.0
2019-01-09,20,0,84,0.0,0.0,0.0,0.0,0.0
2019-01-09,20,0,86,0.0,0.0,0.0,0.0,0.0
2019-01-09,20,0,87,0.0,0.0,0.0,0.0,0.0
2019-01-09,20,0,88,10.73,10.73,0.0,312.4184,0.0
2019-01-09,20,0,89,10.31,10.31,0.0,300.189534,0.0
2019-01-09,20,0,90,13.84,13.84,0.0,402.970238,0.0
2019-01-09,20,0,91,49.27,49.27,0.0,1434.5624,0.0
2019-01-09,20,0,92,17.74,17.74,0.0,516.52399,0.0
2019-01-09,20,0,95,19.03,19.03,0.0,633.83503,0.0
2019-01-09,20,0,96,7.06,7.06,0.0,178.152109,0.0
2019-01-09,20,0,97,50.96,50.96,0.0,1285.925137,0.0
2019-01-09,20,0,99,5.92,5.92,0.0,123.294362,0.0
2019-01-09,20,0,101,0.0,0.0,0.0,0.0,0.0
2019-01-09,20,0,102,2.49,2.49,0.0,74.035557,0.0
2019-01-09,20,0,103,2.16,2.16,0.0,64.223616,0.0
2019-01-09,20,0,104,0.4,0.4,0.0,11.893262,0.0
2019-01-09,20,0,106,0.0,0.0,0.0,0.0,0.0
2019-01-09,20,0,109,9.19,9.19,0.0,197.686471,0.0
2019-01-09,20,0,110,138.56,138.56,0.0,4356.84792,0.0
2019-01-09,20,0,111,0.0,0.0,0.0,0.0,0.0
2019-01-09,20,0,113,4.7,4.7,0.0,140.553351,0.0
2019-01-09,20,0,115,4.7,4.7,0.0,140.553351,0.0
2019-01-09,20,0,116,0.0,0.0,0.0,0.0,0.0
2019-01-09,20,0,117,0.31,0.31,0.0,9.27054,0.0
2019-01-09,20,0,119,25.08,25.08,0.0,813.283133,0.0
2019-01-09,20,0,120,14.75,14.75,0.0,478.306467,0.0
2019-01-09,20,0,123,0.0,0.0,0.0,0.0,0.0
2019-01-09,20,0,125,65.5,65.5,0.0,1647.334893,0.0
2019-01-09,20,0,126,0.0,0.0,0.0,0.0,0.0
2019-01-09,20,0,127,0.0,0.0,0.0,0.0,0.0
2019-01-09,20,0,128,93.81,93.81,0.0,2359.335669,0.0
2019-01-09,20,0,131,4.18,4.18,0.0,123.814505,0.0
2019-01-09,20,0,132,6.14,6.14,0.0,181.871067,0.0
2019-01-09,20,0,133,103.8,103.8,0.0,946.607917,0.0
2019-01-09,20,0,134,0.0,0.0,0.0,0.0,0.0
2019-01-09,20,0,135,138.32,138.32,0.0,1261.414326,0.0
2019-01-09,20,0,136,45.9,45.9,0.0,300.367232,0.0
2019-01-09,20,0,139,27.79,27.79,0.0,642.67139,0.0
2019-01-09,20,0,140,102.55,102.55,0.0,3224.557983,0.0
2019-01-09,20,0,141,98.48,98.48,0.0,2969.590269,0.0
2019-01-09,20,0,142,0.0,0.0,0.0,0.0,0.0
2019-01-09,20,0,143,40.22,40.22,0.0,1013.188285,0.0
2019-01-09,20,0,145,3.33,3.33,0.0,79.351205,0.0
2019-01-09,20,0,146,227.32,227.32,0.0,7147.7964,0.0
2019-01-09,20,0,152,0.0,0.0,0.0,0.0,0.0
2019-01-09,20,0,153,0.0,0.0,0.0,0.0,0.0
2019-01-09,20,0,154,0.0,0.0,0.0,0.0,0.0
2019-01-09,20,0,157,111.63,111.63,0.0,3366.118621,0.0
2019-01-09,20,0,158,0.0,0.0,0.0,0.0,0.0
2019-01-09,20,0,159,0.0,0.0,0.0,0.0,0.0
2019-01-09,20,0,160,0.0,0.0,0.0,0.0,0.0
2019-01-09,20,0,161,0.0,0.0,0.0,0.0,0.0
2019-01-09,20,0,162,14.94,14.94,0.0,497.371912,0.0
2019-01-09,20,0,163,33.52,33.52,0.0,1053.994964,0.0
2019-01-09,20,0,164,0.0,0.0,0.0,0.0,0.0
2019-01-09,20,0,167,0.0,0.0,0.0,0.0,0.0
2019-01-09,20,0,168,0.0,0.0,0.0,0.0,0.0
2019-01-09,20,0,169,0.0,0.0,0.0,0.0,0.0
2019-01-09,20,0,170,0.0,0.0,0.0,0.0,0.0
2019-01-09,20,0,172,0.0,0.0,0.0,0.0,0.0
2019-01-09,20,0,173,0.0,0.0,0.0,0.0,0.0
2019-01-09,20,0,188,0.0,0.0,0.0,0.0,0.0
2019-01-09,20,0,190,0.0,0.0,0.0,0.0,0.0
2019-01-09,20,0,191,0.0,0.0,0.0,0.0,0.0
2019-01-09,20,0,192,40.78,40.78,0.0,1322.395779,0.0
2019-01-09,20,0,194,18.43,18.43,0.0,558.932451,0.0
2019-01-09,20,0,196,0.0,0.0,0.0,0.0,0.0
2019-01-09,20,0,198,0.0,0.0,0.0,0.0,0.0
2019-01-09,20,0,199,18.1,18.1,0.0,288.757756,0.0
2019-01-09,20,0,200,0.0,0.0,0.0,0.0,0.0
2019-01-09,20,0,204,58.82,58.82,0.0,1272.398026,0.0
2019-01-09,20,0,205,48.63,48.63,0.0,1046.081947,0.0
2019-01-09,20,0,206,193.05,193.05,0.0,4871.425584,0.0
2019-01-09,20,0,210,0.0,0.0,0.0,0.0,0.0
2019-01-09,20,0,214,0.0,0.0,0.0,0.0,0.0
2019-01-09,20,0,217,0.0,0.0,0.0,0.0,0.0
2019-01-09,20,0,218,0.0,0.0,0.0,0.0,0.0
2019-01-09,20,0,219,0.0,0.0,0.0,0.0,0.0
2019-01-09,20,0,221,0.0,0.0,0.0,0.0,0.0
2019-01-09,20,0,225,0.0,0.0,0.0,0.0,0.0
2019-01-09,20,0,233,0.0,0.0,0.0,0.0,0.0
2019-01-09,20,0,236,58.24,58.24,0.0,1163.451947,0.0
2019-01-09,20,0,237,73.58,73.58,0.0,1532.432287,0.0
2019-01-09,20,0,238,0.0,0.0,0.0,0.0,0.0
2019-01-09,20,0,240,0.0,0.0,0.0,0.0,0.0
2019-01-09,20,0,245,145.89,145.89,0.0,1384.392311,0.0
2019-01-09,20,0,247,145.79,145.79,0.0,1383.443382,0.0
2019-01-09,20,0,248,7.39,7.39,0.0,153.909685,0.0
2019-01-09,20,0,249,280.44,280.44,0.0,2661.176089,0.0
2019-01-09,20,0,251,316.15,316.15,0.0,2985.221514,0.0
2019-01-09,20,0,252,267.06,267.06,0.0,1630.064736,0.0
2019-01-09,20,0,254,0.0,0.0,0.0,0.0,0.0
2019-01-09,20,0,255,0.0,0.0,0.0,0.0,0.0
2019-01-09,20,0,258,0.0,0.0,0.0,0.0,0.0
2019-01-09,20,0,260,0.0,0.0,0.0,0.0,0.0
2019-01-09,20,0,265,0.0,0.0,0.0,0.0,0.0
2019-01-09,20,0,266,16.93,16.93,0.0,391.523089,0.0
2019-01-09,20,0,267,21.42,21.42,0.0,495.358805,0.0
2019-01-09,20,0,270,104.69,104.69,0.0,3291.847638,0.0
2019-01-09,20,0,272,15.72,15.72,0.0,470.1061,0.0
2019-01-09,20,0,273,0.0,0.0,0.0,0.0,0.0
2019-01-09,20,0,274,134.96,134.96,0.0,4243.65037,0.0
2019-01-09,20,0,275,187.86,187.86,0.0,5907.025478,0.0
2019-01-09,20,0,276,0.0,0.0,0.0,0.0,0.0
2019-01-09,20,0,277,0.0,0.0,0.0,0.0,0.0
2019-01-09,20,0,278,0.0,0.0,0.0,0.0,0.0
2019-01-09,20,0,279,63.47,63.47,0.0,1878.000952,0.0
2019-01-09,20,0,281,10.78,10.78,0.0,271.560659,0.0
2019-01-09,20,0,282,0.0,0.0,0.0,0.0,0.0
2019-01-09,21,0,9,0.0,0.0,0.0,0.0,0.0
2019-01-09,21,0,17,0.0,0.0,0.0,-0.0,0.0
2019-01-09,21,0,19,643.3,643.3,0.0,-1640.599683,0.0
2019-01-09,21,0,20,780.2,780.2,0.0,-1989.733985,0.0
2019-01-09,21,0,21,0.0,0.0,0.0,0.0,0.0
2019-01-09,21,0,22,0.0,0.0,0.0,0.0,0.0
2019-01-09,21,0,23,28.94,28.94,0.0,682.031689,0.0
2019-01-09,21,0,24,51.2,51.2,0.0,1206.635194,0.0
2019-01-09,21,0,29,0.0,0.0,0.0,0.0,0.0
2019-01-09,21,0,30,0.0,0.0,0.0,0.0,0.0
2019-01-09,21,0,31,16.15,16.15,0.0,381.172911,0.0
2019-01-09,21,0,32,0.0,0.0,0.0,0.0,0.0
2019-01-09,21,0,33,0.0,0.0,0.0,0.0,0.0
2019-01-09,21,0,34,0.0,0.0,0.0,0.0,0.0
2019-01-09,21,0,35,0.0,0.0,0.0,0.0,0.0
2019-01-09,21,0,36,0.0,0.0,0.0,0.0,0.0
2019-01-09,21,0,37,0.0,0.0,0.0,0.0,0.0
2019-01-09,21,0,38,0.0,0.0,0.0,0.0,0.0
2019-01-09,21,0,39,0.0,0.0,0.0,0.0,0.0
2019-01-09,21,0,40,0.0,0.0,0.0,0.0,0.0
2019-01-09,21,0,41,32.38,32.38,0.0,707.696918,0.0
2019-01-09,21,0,42,0.0,0.0,0.0,0.0,0.0
2019-01-09,21,0,43,0.0,0.0,0.0,0.0,0.0
2019-01-09,21,0,46,0.0,0.0,0.0,0.0,0.0
2019-01-09,21,0,52,17.12,17.12,0.0,404.066887,0.0
2019-01-09,21,0,53,27.2,27.2,0.0,641.975428,0.0
2019-01-09,21,0,55,53.97,53.97,0.0,1271.916043,0.0
2019-01-09,21,0,56,0.0,0.0,0.0,0.0,0.0
2019-01-09,21,0,57,0.0,0.0,0.0,0.0,0.0
2019-01-09,21,0,58,0.0,0.0,0.0,0.0,0.0
2019-01-09,21,0,59,0.0,0.0,0.0,0.0,0.0
2019-01-09,21,0,63,17.18,17.18,0.0,512.107256,0.0
2019-01-09,21,0,64,20.21,20.21,0.0,602.426522,0.0
2019-01-09,21,0,65,41.4,41.4,0.0,228.117639,0.0
2019-01-09,21,0,67,0.0,0.0,0.0,0.0,0.0
2019-01-09,21,0,68,0.9,0.9,0.0,24.73174,0.0
2019-01-09,21,0,69,0.0,0.0,0.0,0.0,0.0
2019-01-09,21,0,74,19.93,19.93,0.0,398.23902,0.0
2019-01-09,21,0,77,18.96,18.96,0.0,510.974043,0.0
2019-01-09,21,0,78,14.36,14.36,0.0,387.003547,0.0
2019-01-09,21,0,79,8.33,8.33,0.0,224.494397,0.0
2019-01-09,21,0,80,13.45,13.45,0.0,362.478949,0.0
2019-01-09,21,0,81,17.55,17.55,0.0,472.974391,0.0
2019-01-09,21,0,82,12.41,12.41,0.0,334.450837,0.0
2019-01-09,21,0,83,27.49,27.49,0.0,740.858462,0.0
2019-01-09,21,0,84,0.0,0.0,0.0,0.0,0.0
2019-01-09,21,0,86,0.0,0.0,0.0,0.0,0.0
2019-01-09,21,0,87,0.0,0.0,0.0,0.0,0.0
2019-01-09,21,0,88,18.45,18.45,0.0,497.229488,0.0
2019-01-09,21,0,89,17.73,17.73,0.0,477.82541,0.0
2019-01-09,21,0,90,23.81,23.81,0.0,641.682065,0.0
2019-01-09,21,0,91,84.93,84.93,0.0,2288.87265,0.0
2019-01-09,21,0,92,30.54,30.54,0.0,823.05629,0.0
2019-01-09,21,0,95,14.31,14.31,0.0,437.498599,0.0
2019-01-09,21,0,96,4.5,4.5,0.0,106.373511,0.0
2019-01-09,21,0,97,27.7,27.7,0.0,654.788054,0.0
2019-01-09,21,0,99,3.85,3.85,0.0,76.930267,0.0
2019-01-09,21,0,101,0.0,0.0,0.0,0.0,0.0
2019-01-09,21,0,102,2.13,2.13,0.0,58.531785,0.0
2019-01-09,21,0,103,1.85,1.85,0.0,50.837466,0.0
2019-01-09,21,0,104,0.34,0.34,0.0,9.343102,0.0
2019-01-09,21,0,106,0.0,0.0,0.0,0.0,0.0
2019-01-09,21,0,109,7.35,7.35,0.0,150.338911,0.0
2019-01-09,21,0,110,144.57,144.57,0.0,4186.139807,0.0
2019-01-09,21,0,111,0.0,0.0,0.0,0.0,0.0
2019-01-09,21,0,113,8.99,8.99,0.0,248.321188,0.0
2019-01-09,21,0,115,8.99,8.99,0.0,248.321188,0.0
2019-01-09,21,0,116,0.0,0.0,0.0,0.0,0.0
2019-01-09,21,0,117,0.6,0.6,0.0,16.573161,0.0
2019-01-09,21,0,119,20.21,20.21,0.0,602.426522,0.0
2019-01-09,21,0,120,11.88,11.88,0.0,354.123062,0.0
2019-01-09,21,0,123,0.0,0.0,0.0,0.0,0.0
2019-01-09,21,0,125,46.33,46.33,0.0,1091.863448,0.0
2019-01-09,21,0,126,0.0,0.0,0.0,0.0,0.0
2019-01-09,21,0,127,0.0,0.0,0.0,0.0,0.0
2019-01-09,21,0,128,66.36,66.36,0.0,1563.912333,0.0
2019-01-09,21,0,131,3.02,3.02,0.0,82.69566,0.0
2019-01-09,21,0,132,4.44,4.44,0.0,121.57905,0.0
2019-01-09,21,0,133,91.59,91.59,0.0,798.281416,0.0
2019-01-09,21,0,134,0.0,0.0,0.0,0.0,0.0
2019-01-09,21,0,135,119.08,119.08,0.0,1037.879147,0.0
2019-01-09,21,0,136,45.9,45.9,0.0,273.223708,0.0
2019-01-09,21,0,139,42.66,42.66,0.0,932.376482,0.0
2019-01-09,21,0,140,107.0,107.0,0.0,3098.270453,0.0
2019-01-09,21,0,141,75.22,75.22,0.0,2094.355894,0.0
2019-01-09,21,0,142,0.0,0.0,0.0,0.0,0.0
2019-01-09,21,0,143,26.22,26.22,0.0,618.845431,0.0
2019-01-09,21,0,145,2.22,2.22,0.0,49.811432,0.0
2019-01-09,21,0,146,268.0,268.0,0.0,7760.154032,0.0
2019-01-09,21,0,152,0.0,0.0,0.0,0.0,0.0
2019-01-09,21,0,153,0.0,0.0,0.0,0.0,0.0
2019-01-09,21,0,154,0.0,0.0,0.0,0.0,0.0
2019-01-09,21,0,157,134.03,134.03,0.0,3731.806973,0.0
2019-01-09,21,0,158,0.0,0.0,0.0,0.0,0.0
2019-01-09,21,0,159,0.0,0.0,0.0,0.0,0.0
2019-01-09,21,0,160,0.0,0.0,0.0,0.0,0.0
2019-01-09,21,0,161,0.0,0.0,0.0,0.0,0.0
2019-01-09,21,0,162,6.6,6.6,0.0,201.690324,0.0
2019-01-09,21,0,163,33.75,33.75,0.0,977.258204,0.0
2019-01-09,21,0,164,0.0,0.0,0.0,0.0,0.0
2019-01-09,21,0,167,0.0,0.0,0.0,0.0,0.0
2019-01-09,21,0,168,0.0,0.0,0.0,0.0,0.0
2019-01-09,21,0,169,0.0,0.0,0.0,0.0,0.0
2019-01-09,21,0,170,0.0,0.0,0.0,0.0,0.0
2019-01-09,21,0,172,0.0,0.0,0.0,0.0,0.0
2019-01-09,21,0,173,0.0,0.0,0.0,0.0,0.0
2019-01-09,21,0,188,0.0,0.0,0.0,0.0,0.0
2019-01-09,21,0,190,0.0,0.0,0.0,0.0,0.0
2019-01-09,21,0,191,0.0,0.0,0.0,0.0,0.0
2019-01-09,21,0,192,37.15,37.15,0.0,1107.379778,0.0
2019-01-09,21,0,194,17.22,17.22,0.0,481.786057,0.0
2019-01-09,21,0,196,0.0,0.0,0.0,0.0,0.0
2019-01-09,21,0,198,0.0,0.0,0.0,0.0,0.0
2019-01-09,21,0,199,14.53,14.53,0.0,222.68377,0.0
2019-01-09,21,0,200,0.0,0.0,0.0,0.0,0.0
2019-01-09,21,0,204,63.55,63.55,0.0,1306.103332,0.0
2019-01-09,21,0,205,34.13,34.13,0.0,698.104357,0.0
2019-01-09,21,0,206,81.4,81.4,0.0,1924.178615,0.0
2019-01-09,21,0,210,0.0,0.0,0.0,0.0,0.0
2019-01-09,21,0,214,0.0,0.0,0.0,0.0,0.0
2019-01-09,21,0,217,0.0,0.0,0.0,0.0,0.0
2019-01-09,21,0,218,0.0,0.0,0.0,0.0,0.0
2019-01-09,21,0,219,0.0,0.0,0.0,0.0,0.0
2019-01-09,21,0,221,0.0,0.0,0.0,0.0,0.0
2019-01-09,21,0,225,0.0,0.0,0.0,0.0,0.0
2019-01-09,21,0,233,0.0,0.0,0.0,0.0,0.0
2019-01-09,21,0,236,41.71,41.71,0.0,802.528216,0.0
2019-01-09,21,0,237,47.81,47.81,0.0,955.334047,0.0
2019-01-09,21,0,238,0.0,0.0,0.0,0.0,0.0
2019-01-09,21,0,240,0.0,0.0,0.0,0.0,0.0
2019-01-09,21,0,245,260.0,260.0,0.0,2346.992192,0.0
2019-01-09,21,0,247,124.14,124.14,0.0,1120.598503,0.0
2019-01-09,21,0,248,4.8,4.8,0.0,95.913061,0.0
2019-01-09,21,0,249,500.0,500.0,0.0,4513.446524,0.0
2019-01-09,21,0,251,326.4,326.4,0.0,2884.99229,0.0
2019-01-09,21,0,252,267.06,267.06,0.0,1471.524074,0.0
2019-01-09,21,0,254,0.0,0.0,0.0,0.0,0.0
2019-01-09,21,0,255,0.0,0.0,0.0,0.0,0.0
2019-01-09,21,0,258,0.0,0.0,0.0,0.0,0.0
2019-01-09,21,0,260,0.0,0.0,0.0,0.0,0.0
2019-01-09,21,0,265,0.0,0.0,0.0,0.0,0.0
2019-01-09,21,0,266,26.71,26.71,0.0,583.773461,0.0
2019-01-09,21,0,267,33.35,33.35,0.0,728.897227,0.0
2019-01-09,21,0,270,105.39,105.39,0.0,3051.651617,0.0
2019-01-09,21,0,272,30.03,30.03,0.0,829.486683,0.0
2019-01-09,21,0,273,0.0,0.0,0.0,0.0,0.0
2019-01-09,21,0,274,135.86,135.86,0.0,3933.934801,0.0
2019-01-09,21,0,275,189.13,189.13,0.0,5476.410194,0.0
2019-01-09,21,0,276,0.0,0.0,0.0,0.0,0.0
2019-01-09,21,0,277,0.0,0.0,0.0,0.0,0.0
2019-01-09,21,0,278,0.0,0.0,0.0,0.0,0.0
2019-01-09,21,0,279,65.06,65.06,0.0,1779.559383,0.0
2019-01-09,21,0,281,7.25,7.25,0.0,171.114774,0.0
2019-01-09,21,0,282,0.0,0.0,0.0,0.0,0.0
2019-01-09,22,0,9,0.0,0.0,0.0,0.0,0.0
2019-01-09,22,0,17,0.0,0.0,0.0,-0.0,0.0
2019-01-09,22,0,19,643.3,643.3,0.0,-4406.748586,0.0
2019-01-09,22,0,20,780.2,780.2,0.0,-5344.544142,0.0
2019-01-09,22,0,21,0.0,0.0,0.0,0.0,0.0
2019-01-09,22,0,22,0.0,0.0,0.0,0.0,0.0
2019-01-09,22,0,23,20.02,20.02,0.0,346.150329,0.0
2019-01-09,22,0,24,35.42,35.42,0.0,612.419813,0.0
2019-01-09,22,0,29,0.0,0.0,0.0,0.0,0.0
2019-01-09,22,0,30,0.0,0.0,0.0,0.0,0.0
2019-01-09,22,0,31,10.22,10.22,0.0,176.957033,0.0
2019-01-09,22,0,32,0.0,0.0,0.0,0.0,0.0
2019-01-09,22,0,33,0.0,0.0,0.0,0.0,0.0
2019-01-09,22,0,34,0.0,0.0,0.0,0.0,0.0
2019-01-09,22,0,35,0.0,0.0,0.0,0.0,0.0
2019-01-09,22,0,36,0.0,0.0,0.0,0.0,0.0
2019-01-09,22,0,37,0.0,0.0,0.0,0.0,0.0
2019-01-09,22,0,38,0.0,0.0,0.0,0.0,0.0
2019-01-09,22,0,39,0.0,0.0,0.0,0.0,0.0
2019-01-09,22,0,40,0.0,0.0,0.0,0.0,0.0
2019-01-09,22,0,41,29.36,29.36,0.0,471.716896,0.0
2019-01-09,22,0,42,0.0,0.0,0.0,0.0,0.0
2019-01-09,22,0,43,0.0,0.0,0.0,0.0,0.0
2019-01-09,22,0,46,0.0,0.0,0.0,0.0,0.0
2019-01-09,22,0,52,10.83,10.83,0.0,187.519047,0.0
2019-01-09,22,0,53,17.21,17.21,0.0,297.987332,0.0
2019-01-09,22,0,55,55.92,55.92,0.0,966.869451,0.0
2019-01-09,22,0,56,0.0,0.0,0.0,0.0,0.0
2019-01-09,22,0,57,0.0,0.0,0.0,0.0,0.0
2019-01-09,22,0,58,0.0,0.0,0.0,0.0,0.0
2019-01-09,22,0,59,0.0,0.0,0.0,0.0,0.0
2019-01-09,22,0,63,18.07,18.07,0.0,388.833837,0.0
2019-01-09,22,0,64,21.26,21.26,0.0,457.476889,0.0
2019-01-09,22,0,65,41.4,41.4,0.0,87.216712,0.0
2019-01-09,22,0,67,0.0,0.0,0.0,0.0,0.0
2019-01-09,22,0,68,0.8,0.8,0.0,16.014866,0.0
2019-01-09,22,0,69,0.0,0.0,0.0,0.0,0.0
2019-01-09,22,0,74,12.03,12.03,0.0,175.843451,0.0
2019-01-09,22,0,77,18.88,18.88,0.0,371.227805,0.0
2019-01-09,22,0,78,14.27,14.27,0.0,280.583727,0.0
2019-01-09,22,0,79,8.26,8.26,0.0,162.412165,0.0
2019-01-09,22,0,80,13.36,13.36,0.0,262.690862,0.0
2019-01-09,22,0,81,17.46,17.46,0.0,343.307069,0.0
2019-01-09,22,0,82,12.32,12.32,0.0,242.241873,0.0
2019-01-09,22,0,83,27.47,27.47,0.0,540.128591,0.0
2019-01-09,22,0,84,0.0,0.0,0.0,0.0,0.0
2019-01-09,22,0,86,0.0,0.0,0.0,0.0,0.0
2019-01-09,22,0,87,0.0,0.0,0.0,0.0,0.0
2019-01-09,22,0,88,19.17,19.17,0.0,376.929927,0.0
2019-01-09,22,0,89,18.42,18.42,0.0,362.183059,0.0
2019-01-09,22,0,90,24.74,24.74,0.0,486.449994,0.0
2019-01-09,22,0,91,88.24,88.24,0.0,1735.018087,0.0
2019-01-09,22,0,92,31.74,31.74,0.0,624.087422,0.0
2019-01-09,22,0,95,11.26,11.26,0.0,247.624374,0.0
2019-01-09,22,0,96,3.04,3.04,0.0,52.714929,0.0
2019-01-09,22,0,97,18.7,18.7,0.0,324.266178,0.0
2019-01-09,22,0,99,2.32,2.32,0.0,33.911622,0.0
2019-01-09,22,0,101,0.0,0.0,0.0,0.0,0.0
2019-01-09,22,0,102,1.89,1.89,0.0,37.83512,0.0
2019-01-09,22,0,103,1.64,1.64,0.0,32.830475,0.0
2019-01-09,22,0,104,0.31,0.31,0.0,6.20576,0.0
2019-01-09,22,0,106,0.0,0.0,0.0,0.0,0.0
2019-01-09,22,0,109,7.85,7.85,0.0,118.69994,0.0
2019-01-09,22,0,110,152.15,152.15,0.0,3191.974608,0.0
2019-01-09,22,0,111,0.0,0.0,0.0,0.0,0.0
2019-01-09,22,0,113,17.56,17.56,0.0,353.611091,0.0
2019-01-09,22,0,115,17.56,17.56,0.0,353.611091,0.0
2019-01-09,22,0,116,0.0,0.0,0.0,0.0,0.0
2019-01-09,22,0,117,1.17,1.17,0.0,23.560648,0.0
2019-01-09,22,0,119,21.26,21.26,0.0,457.476889,0.0
2019-01-09,22,0,120,12.5,12.5,0.0,268.977475,0.0
2019-01-09,22,0,123,0.0,0.0,0.0,0.0,0.0
2019-01-09,22,0,125,32.05,32.05,0.0,554.151751,0.0
2019-01-09,22,0,126,0.0,0.0,0.0,0.0,0.0
2019-01-09,22,0,127,0.0,0.0,0.0,0.0,0.0
2019-01-09,22,0,128,45.91,45.91,0.0,793.794286,0.0
2019-01-09,22,0,131,2.26,2.26,0.0,45.099278,0.0
2019-01-09,22,0,132,3.32,3.32,0.0,66.252037,0.0
2019-01-09,22,0,133,124.09,124.09,0.0,1155.706683,0.0
2019-01-09,22,0,134,0.0,0.0,0.0,0.0,0.0
2019-01-09,22,0,135,166.27,166.27,0.0,1548.548233,0.0
2019-01-09,22,0,136,45.9,45.9,0.0,119.26656,0.0
2019-01-09,22,0,139,37.92,37.92,0.0,609.247435,0.0
2019-01-09,22,0,140,112.61,112.61,0.0,2362.459813,0.0
2019-01-09,22,0,141,56.97,56.97,0.0,1153.929357,0.0
2019-01-09,22,0,142,0.0,0.0,0.0,0.0,0.0
2019-01-09,22,0,143,15.91,15.91,0.0,275.47812,0.0
2019-01-09,22,0,145,3.74,3.74,0.0,61.71919,0.0
2019-01-09,22,0,146,268.0,268.0,0.0,5622.406801,0.0
2019-01-09,22,0,152,0.0,0.0,0.0,0.0,0.0
2019-01-09,22,0,153,0.0,0.0,0.0,0.0,0.0
2019-01-09,22,0,154,0.0,0.0,0.0,0.0,0.0
2019-01-09,22,0,157,159.77,159.77,0.0,3236.146978,0.0
2019-01-09,22,0,158,0.0,0.0,0.0,0.0,0.0
2019-01-09,22,0,159,0.0,0.0,0.0,0.0,0.0
2019-01-09,22,0,160,0.0,0.0,0.0,0.0,0.0
2019-01-09,22,0,161,0.0,0.0,0.0,0.0,0.0
2019-01-09,22,0,162,0.0,0.0,0.0,0.0,0.0
2019-01-09,22,0,163,37.12,37.12,0.0,778.7453,0.0
2019-01-09,22,0,164,0.0,0.0,0.0,0.0,0.0
2019-01-09,22,0,167,0.0,0.0,0.0,0.0,0.0
2019-01-09,22,0,168,0.0,0.0,0.0,0.0,0.0
2019-01-09,22,0,169,0.0,0.0,0.0,0.0,0.0
2019-01-09,22,0,170,0.0,0.0,0.0,0.0,0.0
2019-01-09,22,0,172,0.0,0.0,0.0,0.0,0.0
2019-01-09,22,0,173,0.0,0.0,0.0,0.0,0.0
2019-01-09,22,0,188,0.0,0.0,0.0,0.0,0.0
2019-01-09,22,0,190,0.0,0.0,0.0,0.0,0.0
2019-01-09,22,0,191,0.0,0.0,0.0,0.0,0.0
2019-01-09,22,0,192,36.79,36.79,0.0,791.654504,0.0
2019-01-09,22,0,194,19.57,19.57,0.0,399.312315,0.0
2019-01-09,22,0,196,0.0,0.0,0.0,0.0,0.0
2019-01-09,22,0,198,0.0,0.0,0.0,0.0,0.0
2019-01-09,22,0,199,12.99,12.99,0.0,172.143115,0.0
2019-01-09,22,0,200,0.0,0.0,0.0,0.0,0.0
2019-01-09,22,0,204,35.49,35.49,0.0,539.361618,0.0
2019-01-09,22,0,205,39.03,39.03,0.0,590.173075,0.0
2019-01-09,22,0,206,54.95,54.95,0.0,952.857031,0.0
2019-01-09,22,0,210,0.0,0.0,0.0,0.0,0.0
2019-01-09,22,0,214,0.0,0.0,0.0,0.0,0.0
2019-01-09,22,0,217,0.0,0.0,0.0,0.0,0.0
2019-01-09,22,0,218,0.0,0.0,0.0,0.0,0.0
2019-01-09,22,0,219,0.0,0.0,0.0,0.0,0.0
2019-01-09,22,0,221,0.0,0.0,0.0,0.0,0.0
2019-01-09,22,0,225,0.0,0.0,0.0,0.0,0.0
2019-01-09,22,0,233,0.0,0.0,0.0,0.0,0.0
2019-01-09,22,0,236,28.82,28.82,0.0,407.173874,0.0
2019-01-09,22,0,237,28.86,28.86,0.0,421.848878,0.0
2019-01-09,22,0,238,0.0,0.0,0.0,0.0,0.0
2019-01-09,22,0,240,0.0,0.0,0.0,0.0,0.0
2019-01-09,22,0,245,260.0,260.0,0.0,2033.418485,0.0
2019-01-09,22,0,247,104.26,104.26,0.0,815.400812,0.0
2019-01-09,22,0,248,2.9,2.9,0.0,42.389527,0.0
2019-01-09,22,0,249,500.0,500.0,0.0,3910.420163,0.0
2019-01-09,22,0,251,678.68,678.68,0.0,3645.60972,0.0
2019-01-09,22,0,252,267.06,267.06,0.0,562.610991,0.0
2019-01-09,22,0,254,0.0,0.0,0.0,0.0,0.0
2019-01-09,22,0,255,0.0,0.0,0.0,0.0,0.0
2019-01-09,22,0,258,0.0,0.0,0.0,0.0,0.0
2019-01-09,22,0,260,0.0,0.0,0.0,0.0,0.0
2019-01-09,22,0,265,0.0,0.0,0.0,0.0,0.0
2019-01-09,22,0,266,24.55,24.55,0.0,394.436301,0.0
2019-01-09,22,0,267,30.17,30.17,0.0,484.730884,0.0
2019-01-09,22,0,270,115.93,115.93,0.0,2432.110524,0.0
2019-01-09,22,0,272,58.69,58.69,0.0,1181.858482,0.0
2019-01-09,22,0,273,0.0,0.0,0.0,0.0,0.0
2019-01-09,22,0,274,149.44,149.44,0.0,3135.121166,0.0
2019-01-09,22,0,275,208.03,208.03,0.0,4364.288384,0.0
2019-01-09,22,0,276,0.0,0.0,0.0,0.0,0.0
2019-01-09,22,0,277,0.0,0.0,0.0,0.0,0.0
2019-01-09,22,0,278,0.0,0.0,0.0,0.0,0.0
2019-01-09,22,0,279,28.73,28.73,0.0,573.075712,0.0
2019-01-09,22,0,281,4.59,4.59,0.0,79.474832,0.0
2019-01-09,22,0,282,0.0,0.0,0.0,0.0,0.0
2019-01-09,23,0,9,0.0,0.0,0.0,0.0,0.0
2019-01-09,23,0,17,0.0,0.0,0.0,0.0,0.0
2019-01-09,23,0,19,535.47,535.47,0.0,5043.247647,0.0
2019-01-09,23,0,20,649.42,649.42,0.0,6116.469432,0.0
2019-01-09,23,0,21,0.0,0.0,0.0,0.0,0.0
2019-01-09,23,0,22,0.0,0.0,0.0,0.0,0.0
2019-01-09,23,0,23,17.36,17.36,0.0,280.143168,0.0
2019-01-09,23,0,24,30.71,30.71,0.0,495.575846,0.0
2019-01-09,23,0,29,0.0,0.0,0.0,0.0,0.0
2019-01-09,23,0,30,0.0,0.0,0.0,0.0,0.0
2019-01-09,23,0,31,10.45,10.45,0.0,168.894103,0.0
2019-01-09,23,0,32,0.0,0.0,0.0,0.0,0.0
2019-01-09,23,0,33,0.0,0.0,0.0,0.0,0.0
2019-01-09,23,0,34,0.0,0.0,0.0,0.0,0.0
2019-01-09,23,0,35,0.0,0.0,0.0,0.0,0.0
2019-01-09,23,0,36,0.0,0.0,0.0,0.0,0.0
2019-01-09,23,0,37,0.0,0.0,0.0,0.0,0.0
2019-01-09,23,0,38,0.0,0.0,0.0,0.0,0.0
2019-01-09,23,0,39,0.0,0.0,0.0,0.0,0.0
2019-01-09,23,0,40,0.0,0.0,0.0,0.0,0.0
2019-01-09,23,0,41,26.8,26.8,0.0,398.736317,0.0
2019-01-09,23,0,42,0.0,0.0,0.0,0.0,0.0
2019-01-09,23,0,43,0.0,0.0,0.0,0.0,0.0
2019-01-09,23,0,46,0.0,0.0,0.0,0.0,0.0
2019-01-09,23,0,52,11.08,11.08,0.0,179.076235,0.0
2019-01-09,23,0,53,17.6,17.6,0.0,284.453226,0.0
2019-01-09,23,0,55,88.86,88.86,0.0,1433.958635,0.0
2019-01-09,23,0,56,0.0,0.0,0.0,0.0,0.0
2019-01-09,23,0,57,0.0,0.0,0.0,0.0,0.0
2019-01-09,23,0,58,0.0,0.0,0.0,0.0,0.0
2019-01-09,23,0,59,0.0,0.0,0.0,0.0,0.0
2019-01-09,23,0,63,21.91,21.91,0.0,445.230212,0.0
2019-01-09,23,0,64,25.78,25.78,0.0,523.87197,0.0
2019-01-09,23,0,65,28.4,28.4,0.0,290.193699,0.0
2019-01-09,23,0,67,0.0,0.0,0.0,0.0,0.0
2019-01-09,23,0,68,0.8,0.8,0.0,15.106472,0.0
2019-01-09,23,0,69,0.0,0.0,0.0,0.0,0.0
2019-01-09,23,0,74,7.61,7.61,0.0,101.062281,0.0
2019-01-09,23,0,77,19.67,19.67,0.0,364.530763,0.0
2019-01-09,23,0,78,14.87,14.87,0.0,275.57562,0.0
2019-01-09,23,0,79,8.61,8.61,0.0,159.563288,0.0
2019-01-09,23,0,80,13.92,13.92,0.0,257.969915,0.0
2019-01-09,23,0,81,18.2,18.2,0.0,337.288251,0.0
2019-01-09,23,0,82,12.84,12.84,0.0,237.955008,0.0
2019-01-09,23,0,83,28.62,28.62,0.0,530.39504,0.0
2019-01-09,23,0,84,0.0,0.0,0.0,0.0,0.0
2019-01-09,23,0,86,0.0,0.0,0.0,0.0,0.0
2019-01-09,23,0,87,0.0,0.0,0.0,0.0,0.0
2019-01-09,23,0,88,20.08,20.08,0.0,372.129015,0.0
2019-01-09,23,0,89,19.31,19.31,0.0,357.859128,0.0
2019-01-09,23,0,90,25.92,25.92,0.0,480.357772,0.0
2019-01-09,23,0,91,92.47,92.47,0.0,1713.683766,0.0
2019-01-09,23,0,92,33.26,33.26,0.0,616.385012,0.0
2019-01-09,23,0,95,7.33,7.33,0.0,152.191184,0.0
2019-01-09,23,0,96,2.75,2.75,0.0,44.517195,0.0
2019-01-09,23,0,97,16.91,16.91,0.0,273.74028,0.0
2019-01-09,23,0,99,1.47,1.47,0.0,19.521886,0.0
2019-01-09,23,0,101,0.0,0.0,0.0,0.0,0.0
2019-01-09,23,0,102,1.89,1.89,0.0,35.689039,0.0
2019-01-09,23,0,103,1.65,1.65,0.0,31.157098,0.0
2019-01-09,23,0,104,0.31,0.31,0.0,5.853758,0.0
2019-01-09,23,0,106,0.0,0.0,0.0,0.0,0.0
2019-01-09,23,0,109,8.11,8.11,0.0,113.22205,0.0
2019-01-09,23,0,110,159.04,159.04,0.0,3150.61895,0.0
2019-01-09,23,0,111,0.0,0.0,0.0,0.0,0.0
2019-01-09,23,0,113,17.78,17.78,0.0,338.065565,0.0
2019-01-09,23,0,115,17.78,17.78,0.0,338.065565,0.0
2019-01-09,23,0,116,0.0,0.0,0.0,0.0,0.0
2019-01-09,23,0,117,1.19,1.19,0.0,22.626435,0.0
2019-01-09,23,0,119,25.78,25.78,0.0,523.87197,0.0
2019-01-09,23,0,120,15.16,15.16,0.0,308.064355,0.0
2019-01-09,23,0,123,0.0,0.0,0.0,0.0,0.0
2019-01-09,23,0,125,27.79,27.79,0.0,448.454991,0.0
2019-01-09,23,0,126,0.0,0.0,0.0,0.0,0.0
2019-01-09,23,0,127,0.0,0.0,0.0,0.0,0.0
2019-01-09,23,0,128,39.8,39.8,0.0,642.263715,0.0
2019-01-09,23,0,131,2.21,2.21,0.0,41.596922,0.0
2019-01-09,23,0,132,3.25,3.25,0.0,61.171943,0.0
2019-01-09,23,0,133,92.71,92.71,0.0,866.190477,0.0
2019-01-09,23,0,134,0.0,0.0,0.0,0.0,0.0
2019-01-09,23,0,135,124.23,124.23,0.0,1160.682158,0.0
2019-01-09,23,0,136,32.91,32.91,0.0,337.722144,0.0
2019-01-09,23,0,139,34.61,34.61,0.0,514.935222,0.0
2019-01-09,23,0,140,117.71,117.71,0.0,2331.862151,0.0
2019-01-09,23,0,141,47.36,47.36,0.0,905.112062,0.0
2019-01-09,23,0,142,0.0,0.0,0.0,0.0,0.0
2019-01-09,23,0,143,14.37,14.37,0.0,232.249594,0.0
2019-01-09,23,0,145,1.55,1.55,0.0,23.786654,0.0
2019-01-09,23,0,146,268.0,268.0,0.0,5309.14159,0.0
2019-01-09,23,0,152,0.0,0.0,0.0,0.0,0.0
2019-01-09,23,0,153,0.0,0.0,0.0,0.0,0.0
2019-01-09,23,0,154,0.0,0.0,0.0,0.0,0.0
2019-01-09,23,0,157,160.97,160.97,0.0,3076.348998,0.0
2019-01-09,23,0,158,0.0,0.0,0.0,0.0,0.0
2019-01-09,23,0,159,0.0,0.0,0.0,0.0,0.0
2019-01-09,23,0,160,0.0,0.0,0.0,0.0,0.0
2019-01-09,23,0,161,0.0,0.0,0.0,0.0,0.0
2019-01-09,23,0,162,0.0,0.0,0.0,0.0,0.0
2019-01-09,23,0,163,34.72,34.72,0.0,687.811179,0.0
2019-01-09,23,0,164,0.0,0.0,0.0,0.0,0.0
2019-01-09,23,0,167,0.0,0.0,0.0,0.0,0.0
2019-01-09,23,0,168,0.0,0.0,0.0,0.0,0.0
2019-01-09,23,0,169,0.0,0.0,0.0,0.0,0.0
2019-01-09,23,0,170,0.0,0.0,0.0,0.0,0.0
2019-01-09,23,0,172,0.0,0.0,0.0,0.0,0.0
2019-01-09,23,0,173,0.0,0.0,0.0,0.0,0.0
2019-01-09,23,0,188,0.0,0.0,0.0,0.0,0.0
2019-01-09,23,0,190,0.0,0.0,0.0,0.0,0.0
2019-01-09,23,0,191,0.0,0.0,0.0,0.0,0.0
2019-01-09,23,0,192,36.62,36.62,0.0,744.150176,0.0
2019-01-09,23,0,194,22.18,22.18,0.0,427.922327,0.0
2019-01-09,23,0,196,0.0,0.0,0.0,0.0,0.0
2019-01-09,23,0,198,0.0,0.0,0.0,0.0,0.0
2019-01-09,23,0,199,6.78,6.78,0.0,88.517843,0.0
2019-01-09,23,0,200,0.0,0.0,0.0,0.0,0.0
2019-01-09,23,0,204,33.33,33.33,0.0,468.151085,0.0
2019-01-09,23,0,205,42.88,42.88,0.0,598.638905,0.0
2019-01-09,23,0,206,49.69,49.69,0.0,804.385247,0.0
2019-01-09,23,0,210,0.0,0.0,0.0,0.0,0.0
2019-01-09,23,0,214,0.0,0.0,0.0,0.0,0.0
2019-01-09,23,0,217,0.0,0.0,0.0,0.0,0.0
2019-01-09,23,0,218,0.0,0.0,0.0,0.0,0.0
2019-01-09,23,0,219,0.0,0.0,0.0,0.0,0.0
2019-01-09,23,0,221,0.0,0.0,0.0,0.0,0.0
2019-01-09,23,0,225,0.0,0.0,0.0,0.0,0.0
2019-01-09,23,0,233,0.0,0.0,0.0,0.0,0.0
2019-01-09,23,0,236,21.66,21.66,0.0,277.543516,0.0
2019-01-09,23,0,237,18.25,18.25,0.0,242.363552,0.0
2019-01-09,23,0,238,0.0,0.0,0.0,0.0,0.0
2019-01-09,23,0,240,0.0,0.0,0.0,0.0,0.0
2019-01-09,23,0,245,209.52,209.52,0.0,2073.519623,0.0
2019-01-09,23,0,247,69.12,69.12,0.0,684.047711,0.0
2019-01-09,23,0,248,1.83,1.83,0.0,24.302756,0.0
2019-01-09,23,0,249,402.93,402.93,0.0,3987.60625,0.0
2019-01-09,23,0,251,240.15,240.15,0.0,2571.882739,0.0
2019-01-09,23,0,252,183.17,183.17,0.0,1871.647181,0.0
2019-01-09,23,0,254,0.0,0.0,0.0,0.0,0.0
2019-01-09,23,0,255,0.0,0.0,0.0,0.0,0.0
2019-01-09,23,0,258,0.0,0.0,0.0,0.0,0.0
2019-01-09,23,0,260,0.0,0.0,0.0,0.0,0.0
2019-01-09,23,0,265,0.0,0.0,0.0,0.0,0.0
2019-01-09,23,0,266,22.41,22.41,0.0,333.420928,0.0
2019-01-09,23,0,267,27.54,27.54,0.0,409.746201,0.0
2019-01-09,23,0,270,108.44,108.44,0.0,2148.221321,0.0
2019-01-09,23,0,272,59.43,59.43,0.0,1129.990805,0.0
2019-01-09,23,0,273,0.0,0.0,0.0,0.0,0.0
2019-01-09,23,0,274,139.79,139.79,0.0,2769.272026,0.0
2019-01-09,23,0,275,194.59,194.59,0.0,3854.87262,0.0
2019-01-09,23,0,276,0.0,0.0,0.0,0.0,0.0
2019-01-09,23,0,277,0.0,0.0,0.0,0.0,0.0
2019-01-09,23,0,278,0.0,0.0,0.0,0.0,0.0
2019-01-09,23,0,279,28.57,28.57,0.0,537.70952,0.0
2019-01-09,23,0,281,4.69,4.69,0.0,75.80032,0.0
2019-01-09,23,0,282,0.0,0.0,0.0,0.0,0.0
2019-01-10,0,0,9,0.0,0.0,0.0,0.0,0.0
2019-01-10,0,0,17,0.0,0.0,0.0,0.0,0.0
2019-01-10,0,0,19,408.93,408.93,0.0,4623.598233,0.0
2019-01-10,0,0,20,495.96,495.96,0.0,5607.609566,0.0
2019-01-10,0,0,21,0.0,0.0,0.0,0.0,0.0
2019-01-10,0,0,22,0.0,0.0,0.0,0.0,0.0
2019-01-10,0,0,23,15.55,15.55,0.0,232.88231,0.0
2019-01-10,0,0,24,27.51,27.51,0.0,411.999508,0.0
2019-01-10,0,0,29,0.0,0.0,0.0,0.0,0.0
2019-01-10,0,0,30,0.0,0.0,0.0,0.0,0.0
2019-01-10,0,0,31,10.83,10.83,0.0,162.448042,0.0
2019-01-10,0,0,32,0.0,0.0,0.0,0.0,0.0
2019-01-10,0,0,33,0.0,0.0,0.0,0.0,0.0
2019-01-10,0,0,34,0.0,0.0,0.0,0.0,0.0
2019-01-10,0,0,35,0.0,0.0,0.0,0.0,0.0
2019-01-10,0,0,36,0.0,0.0,0.0,0.0,0.0
2019-01-10,0,0,37,0.0,0.0,0.0,0.0,0.0
2019-01-10,0,0,38,0.0,0.0,0.0,0.0,0.0
2019-01-10,0,0,39,0.0,0.0,0.0,0.0,0.0
2019-01-10,0,0,40,0.0,0.0,0.0,0.0,0.0
2019-01-10,0,0,41,25.88,25.88,0.0,356.018493,0.0
2019-01-10,0,0,42,0.0,0.0,0.0,0.0,0.0
2019-01-10,0,0,43,0.0,0.0,0.0,0.0,0.0
2019-01-10,0,0,46,0.0,0.0,0.0,0.0,0.0
2019-01-10,0,0,52,11.48,11.48,0.0,172.197924,0.0
2019-01-10,0,0,53,18.24,18.24,0.0,273.596702,0.0
2019-01-10,0,0,55,81.05,81.05,0.0,1213.83352,0.0
2019-01-10,0,0,56,0.0,0.0,0.0,0.0,0.0
2019-01-10,0,0,57,0.0,0.0,0.0,0.0,0.0
2019-01-10,0,0,58,0.0,0.0,0.0,0.0,0.0
2019-01-10,0,0,59,0.0,0.0,0.0,0.0,0.0
2019-01-10,0,0,63,27.7,27.7,0.0,522.600123,0.0
2019-01-10,0,0,64,32.59,32.59,0.0,614.856968,0.0
2019-01-10,0,0,65,17.13,17.13,0.0,194.120252,0.0
2019-01-10,0,0,67,0.0,0.0,0.0,0.0,0.0
2019-01-10,0,0,68,0.81,0.81,0.0,14.221784,0.0
2019-01-10,0,0,69,0.0,0.0,0.0,0.0,0.0
2019-01-10,0,0,74,4.45,4.45,0.0,53.671043,0.0
2019-01-10,0,0,77,20.9,20.9,0.0,360.160856,0.0
2019-01-10,0,0,78,15.8,15.8,0.0,272.274714,0.0
2019-01-10,0,0,79,9.14,9.14,0.0,157.505752,0.0
2019-01-10,0,0,80,14.79,14.79,0.0,254.869812,0.0
2019-01-10,0,0,81,19.34,19.34,0.0,333.278036,0.0
2019-01-10,0,0,82,13.64,13.64,0.0,235.052348,0.0
2019-01-10,0,0,83,30.41,30.41,0.0,524.042662,0.0
2019-01-10,0,0,84,0.0,0.0,0.0,0.0,0.0
2019-01-10,0,0,86,0.0,0.0,0.0,0.0,0.0
2019-01-10,0,0,87,0.0,0.0,0.0,0.0,0.0
2019-01-10,0,0,88,21.35,21.35,0.0,367.915516,0.0
2019-01-10,0,0,89,20.52,20.52,0.0,353.612477,0.0
2019-01-10,0,0,90,27.56,27.56,0.0,474.929818,0.0
2019-01-10,0,0,91,98.3,98.3,0.0,1693.962305,0.0
2019-01-10,0,0,92,35.35,35.35,0.0,609.171592,0.0
2019-01-10,0,0,95,2.49,2.49,0.0,47.960288,0.0
2019-01-10,0,0,96,2.57,2.57,0.0,38.612559,0.0
2019-01-10,0,0,97,15.8,15.8,0.0,237.384607,0.0
2019-01-10,0,0,99,0.86,0.86,0.0,10.372381,0.0
2019-01-10,0,0,101,0.0,0.0,0.0,0.0,0.0
2019-01-10,0,0,102,1.92,1.92,0.0,33.710895,0.0
2019-01-10,0,0,103,1.67,1.67,0.0,29.321456,0.0
2019-01-10,0,0,104,0.31,0.31,0.0,5.442905,0.0
2019-01-10,0,0,106,0.0,0.0,0.0,0.0,0.0
2019-01-10,0,0,109,7.96,7.96,0.0,103.044315,0.0
2019-01-10,0,0,110,167.97,167.97,0.0,3091.582207,0.0
2019-01-10,0,0,111,0.0,0.0,0.0,0.0,0.0
2019-01-10,0,0,113,18.03,18.03,0.0,318.904008,0.0
2019-01-10,0,0,115,18.03,18.03,0.0,318.904008,0.0
2019-01-10,0,0,116,0.0,0.0,0.0,0.0,0.0
2019-01-10,0,0,117,1.2,1.2,0.0,21.224892,0.0
2019-01-10,0,0,119,32.59,32.59,0.0,614.856968,0.0
2019-01-10,0,0,120,19.16,19.16,0.0,361.480807,0.0
2019-01-10,0,0,123,0.0,0.0,0.0,0.0,0.0
2019-01-10,0,0,125,24.89,24.89,0.0,372.76146,0.0
2019-01-10,0,0,126,0.0,0.0,0.0,0.0,0.0
2019-01-10,0,0,127,0.0,0.0,0.0,0.0,0.0
2019-01-10,0,0,128,35.65,35.65,0.0,533.907032,0.0
2019-01-10,0,0,131,2.23,2.23,0.0,39.029507,0.0
2019-01-10,0,0,132,3.28,3.28,0.0,57.406628,0.0
2019-01-10,0,0,133,67.34,67.34,0.0,761.222401,0.0
2019-01-10,0,0,134,0.0,0.0,0.0,0.0,0.0
2019-01-10,0,0,135,90.24,90.24,0.0,1020.087755,0.0
2019-01-10,0,0,136,20.98,20.98,0.0,237.778637,0.0
2019-01-10,0,0,139,33.42,33.42,0.0,459.742582,0.0
2019-01-10,0,0,140,124.32,124.32,0.0,2288.179437,0.0
2019-01-10,0,0,141,40.07,40.07,0.0,711.901954,0.0
2019-01-10,0,0,142,0.0,0.0,0.0,0.0,0.0
2019-01-10,0,0,143,32.98,32.98,0.0,494.694036,0.0
2019-01-10,0,0,145,1.64,1.64,0.0,23.349082,0.0
2019-01-10,0,0,146,268.0,268.0,0.0,4932.690549,0.0
2019-01-10,0,0,152,0.0,0.0,0.0,0.0,0.0
2019-01-10,0,0,153,0.0,0.0,0.0,0.0,0.0
2019-01-10,0,0,154,0.0,0.0,0.0,0.0,0.0
2019-01-10,0,0,157,163.53,163.53,0.0,2905.348803,0.0
2019-01-10,0,0,158,0.0,0.0,0.0,0.0,0.0
2019-01-10,0,0,159,0.0,0.0,0.0,0.0,0.0
2019-01-10,0,0,160,0.0,0.0,0.0,0.0,0.0
2019-01-10,0,0,161,0.0,0.0,0.0,0.0,0.0
2019-01-10,0,0,162,0.0,0.0,0.0,0.0,0.0
2019-01-10,0,0,163,33.02,33.02,0.0,607.751649,0.0
2019-01-10,0,0,164,0.0,0.0,0.0,0.0,0.0
2019-01-10,0,0,167,0.0,0.0,0.0,0.0,0.0
2019-01-10,0,0,168,0.0,0.0,0.0,0.0,0.0
2019-01-10,0,0,169,0.0,0.0,0.0,0.0,0.0
2019-01-10,0,0,170,0.0,0.0,0.0,0.0,0.0
2019-01-10,0,0,172,0.0,0.0,0.0,0.0,0.0
2019-01-10,0,0,173,0.0,0.0,0.0,0.0,0.0
2019-01-10,0,0,188,0.0,0.0,0.0,0.0,0.0
2019-01-10,0,0,190,0.0,0.0,0.0,0.0,0.0
2019-01-10,0,0,191,0.0,0.0,0.0,0.0,0.0
2019-01-10,0,0,192,37.41,37.41,0.0,705.793163,0.0
2019-01-10,0,0,194,25.12,25.12,0.0,451.065453,0.0
2019-01-10,0,0,196,0.0,0.0,0.0,0.0,0.0
2019-01-10,0,0,198,0.0,0.0,0.0,0.0,0.0
2019-01-10,0,0,199,1.87,1.87,0.0,23.694041,0.0
2019-01-10,0,0,200,0.0,0.0,0.0,0.0,0.0
2019-01-10,0,0,204,34.88,34.88,0.0,454.720987,0.0
2019-01-10,0,0,205,42.09,42.09,0.0,544.866235,0.0
2019-01-10,0,0,206,46.42,46.42,0.0,697.429966,0.0
2019-01-10,0,0,210,0.0,0.0,0.0,0.0,0.0
2019-01-10,0,0,214,0.0,0.0,0.0,0.0,0.0
2019-01-10,0,0,217,0.0,0.0,0.0,0.0,0.0
2019-01-10,0,0,218,0.0,0.0,0.0,0.0,0.0
2019-01-10,0,0,219,0.0,0.0,0.0,0.0,0.0
2019-01-10,0,0,221,0.0,0.0,0.0,0.0,0.0
2019-01-10,0,0,225,0.0,0.0,0.0,0.0,0.0
2019-01-10,0,0,233,0.0,0.0,0.0,0.0,0.0
2019-01-10,0,0,236,15.88,15.88,0.0,185.091904,0.0
2019-01-10,0,0,237,10.67,10.67,0.0,128.689894,0.0
2019-01-10,0,0,238,0.0,0.0,0.0,0.0,0.0
2019-01-10,0,0,240,0.0,0.0,0.0,0.0,0.0
2019-01-10,0,0,245,94.88,94.88,0.0,1063.83459,0.0
2019-01-10,0,0,247,42.95,42.95,0.0,481.573521,0.0
2019-01-10,0,0,248,1.07,1.07,0.0,12.905172,0.0
2019-01-10,0,0,249,177.76,177.76,0.0,1993.120118,0.0
2019-01-10,0,0,251,154.4,154.4,0.0,1756.17933,0.0
2019-01-10,0,0,252,110.48,110.48,0.0,1251.979304,0.0
2019-01-10,0,0,254,0.0,0.0,0.0,0.0,0.0
2019-01-10,0,0,255,0.0,0.0,0.0,0.0,0.0
2019-01-10,0,0,258,0.0,0.0,0.0,0.0,0.0
2019-01-10,0,0,260,0.0,0.0,0.0,0.0,0.0
2019-01-10,0,0,265,0.0,0.0,0.0,0.0,0.0
2019-01-10,0,0,266,21.64,21.64,0.0,297.690888,0.0
2019-01-10,0,0,267,26.59,26.59,0.0,365.785615,0.0
2019-01-10,0,0,270,103.12,103.12,0.0,1897.981527,0.0
2019-01-10,0,0,272,60.25,60.25,0.0,1065.666471,0.0
2019-01-10,0,0,273,0.0,0.0,0.0,0.0,0.0
2019-01-10,0,0,274,132.93,132.93,0.0,2446.651323,0.0
2019-01-10,0,0,275,185.05,185.05,0.0,3405.949201,0.0
2019-01-10,0,0,276,0.0,0.0,0.0,0.0,0.0
2019-01-10,0,0,277,0.0,0.0,0.0,0.0,0.0
2019-01-10,0,0,278,0.0,0.0,0.0,0.0,0.0
2019-01-10,0,0,279,28.68,28.68,0.0,502.045128,0.0
2019-01-10,0,0,281,4.86,4.86,0.0,72.899121,0.0
2019-01-10,0,0,282,0.0,0.0,0.0,0.0,0.0
2019-01-10,1,0,9,0.0,0.0,0.0,0.0,0.0
2019-01-10,1,0,17,0.0,0.0,0.0,0.0,0.0
2019-01-10,1,0,19,303.99,303.99,0.0,3392.103756,0.0
2019-01-10,1,0,20,368.69,368.69,0.0,4114.065376,0.0
2019-01-10,1,0,21,0.0,0.0,0.0,0.0,0.0
2019-01-10,1,0,22,0.0,0.0,0.0,0.0,0.0
2019-01-10,1,0,23,14.42,14.42,0.0,204.291793,0.0
2019-01-10,1,0,24,25.51,25.51,0.0,361.406633,0.0
2019-01-10,1,0,29,0.0,0.0,0.0,0.0,0.0
2019-01-10,1,0,30,0.0,0.0,0.0,0.0,0.0
2019-01-10,1,0,31,25.22,25.22,0.0,357.787174,0.0
2019-01-10,1,0,32,0.0,0.0,0.0,0.0,0.0
2019-01-10,1,0,33,0.0,0.0,0.0,0.0,0.0
2019-01-10,1,0,34,0.0,0.0,0.0,0.0,0.0
2019-01-10,1,0,35,0.0,0.0,0.0,0.0,0.0
2019-01-10,1,0,36,0.0,0.0,0.0,0.0,0.0
2019-01-10,1,0,37,0.0,0.0,0.0,0.0,0.0
2019-01-10,1,0,38,0.0,0.0,0.0,0.0,0.0
2019-01-10,1,0,39,0.0,0.0,0.0,0.0,0.0
2019-01-10,1,0,40,0.0,0.0,0.0,0.0,0.0
2019-01-10,1,0,41,26.7,26.7,0.0,351.400022,0.0
2019-01-10,1,0,42,0.0,0.0,0.0,0.0,0.0
2019-01-10,1,0,43,0.0,0.0,0.0,0.0,0.0
2019-01-10,1,0,46,0.0,0.0,0.0,0.0,0.0
2019-01-10,1,0,52,26.85,26.85,0.0,380.911405,0.0
2019-01-10,1,0,53,43.88,43.88,0.0,622.509961,0.0
2019-01-10,1,0,55,63.24,63.24,0.0,895.937101,0.0
2019-01-10,1,0,56,0.0,0.0,0.0,0.0,0.0
2019-01-10,1,0,57,0.0,0.0,0.0,0.0,0.0
2019-01-10,1,0,58,0.0,0.0,0.0,0.0,0.0
2019-01-10,1,0,59,0.0,0.0,0.0,0.0,0.0
2019-01-10,1,0,63,35.43,35.43,0.0,616.914233,0.0
2019-01-10,1,0,64,41.69,41.69,0.0,725.914602,0.0
2019-01-10,1,0,65,9.47,9.47,0.0,105.867704,0.0
2019-01-10,1,0,67,0.0,0.0,0.0,0.0,0.0
2019-01-10,1,0,68,0.83,0.83,0.0,13.532326,0.0
2019-01-10,1,0,69,0.0,0.0,0.0,0.0,0.0
2019-01-10,1,0,74,2.33,2.33,0.0,27.421689,0.0
2019-01-10,1,0,77,22.44,22.44,0.0,359.762256,0.0
2019-01-10,1,0,78,16.96,16.96,0.0,271.905877,0.0
2019-01-10,1,0,79,9.82,9.82,0.0,157.436068,0.0
2019-01-10,1,0,80,15.88,15.88,0.0,254.591116,0.0
2019-01-10,1,0,81,20.76,20.76,0.0,332.828184,0.0
2019-01-10,1,0,82,14.64,14.64,0.0,234.711205,0.0
2019-01-10,1,0,83,32.65,32.65,0.0,523.450877,0.0
2019-01-10,1,0,84,0.0,0.0,0.0,0.0,0.0
2019-01-10,1,0,86,0.0,0.0,0.0,0.0,0.0
2019-01-10,1,0,87,0.0,0.0,0.0,0.0,0.0
2019-01-10,1,0,88,22.87,22.87,0.0,366.656096,0.0
2019-01-10,1,0,89,21.98,21.98,0.0,352.387451,0.0
2019-01-10,1,0,90,29.52,29.52,0.0,473.270134,0.0
2019-01-10,1,0,91,105.3,105.3,0.0,1688.189198,0.0
2019-01-10,1,0,92,37.87,37.87,0.0,607.138888,0.0
2019-01-10,1,0,95,1.78,1.78,0.0,31.596706,0.0
2019-01-10,1,0,96,2.5,2.5,0.0,35.517275,0.0
2019-01-10,1,0,97,15.35,15.35,0.0,218.076071,0.0
2019-01-10,1,0,99,0.45,0.45,0.0,5.296034,0.0
2019-01-10,1,0,101,0.0,0.0,0.0,0.0,0.0
2019-01-10,1,0,102,1.97,1.97,0.0,32.118894,0.0
2019-01-10,1,0,103,1.71,1.71,0.0,27.879852,0.0
2019-01-10,1,0,104,0.32,0.32,0.0,5.217282,0.0
2019-01-10,1,0,106,0.0,0.0,0.0,0.0,0.0
2019-01-10,1,0,109,8.56,8.56,0.0,106.891369,0.0
2019-01-10,1,0,110,176.71,176.71,0.0,3007.530724,0.0
2019-01-10,1,0,111,0.0,0.0,0.0,0.0,0.0
2019-01-10,1,0,113,10.38,10.38,0.0,170.308803,0.0
2019-01-10,1,0,115,10.38,10.38,0.0,170.308803,0.0
2019-01-10,1,0,116,0.0,0.0,0.0,0.0,0.0
2019-01-10,1,0,117,0.71,0.71,0.0,11.649253,0.0
2019-01-10,1,0,119,41.69,41.69,0.0,725.914602,0.0
2019-01-10,1,0,120,24.51,24.51,0.0,426.773013,0.0
2019-01-10,1,0,123,0.0,0.0,0.0,0.0,0.0
2019-01-10,1,0,125,23.09,23.09,0.0,327.12188,0.0
2019-01-10,1,0,126,0.0,0.0,0.0,0.0,0.0
2019-01-10,1,0,127,0.0,0.0,0.0,0.0,0.0
2019-01-10,1,0,128,33.07,33.07,0.0,468.511068,0.0
2019-01-10,1,0,131,2.32,2.32,0.0,37.716154,0.0
2019-01-10,1,0,132,3.41,3.41,0.0,55.436243,0.0
2019-01-10,1,0,133,47.17,47.17,0.0,526.259453,0.0
2019-01-10,1,0,134,0.0,0.0,0.0,0.0,0.0
2019-01-10,1,0,135,63.2,63.2,0.0,705.100646,0.0
2019-01-10,1,0,136,12.45,12.45,0.0,139.196061,0.0
2019-01-10,1,0,139,34.48,34.48,0.0,453.792987,0.0
2019-01-10,1,0,140,130.79,130.79,0.0,2225.991418,0.0
2019-01-10,1,0,141,35.09,35.09,0.0,578.288709,0.0
2019-01-10,1,0,142,0.0,0.0,0.0,0.0,0.0
2019-01-10,1,0,143,39.3,39.3,0.0,557.535129,0.0
2019-01-10,1,0,145,1.79,1.79,0.0,24.265149,0.0
2019-01-10,1,0,146,268.0,268.0,0.0,4561.248566,0.0
2019-01-10,1,0,152,0.0,0.0,0.0,0.0,0.0
2019-01-10,1,0,153,0.0,0.0,0.0,0.0,0.0
2019-01-10,1,0,154,0.0,0.0,0.0,0.0,0.0
2019-01-10,1,0,157,166.16,166.16,0.0,2738.342886,0.0
2019-01-10,1,0,158,0.0,0.0,0.0,0.0,0.0
2019-01-10,1,0,159,0.0,0.0,0.0,0.0,0.0
2019-01-10,1,0,160,0.0,0.0,0.0,0.0,0.0
2019-01-10,1,0,161,0.0,0.0,0.0,0.0,0.0
2019-01-10,1,0,162,0.0,0.0,0.0,0.0,0.0
2019-01-10,1,0,163,31.35,31.35,0.0,533.563965,0.0
2019-01-10,1,0,164,0.0,0.0,0.0,0.0,0.0
2019-01-10,1,0,167,0.0,0.0,0.0,0.0,0.0
2019-01-10,1,0,168,0.0,0.0,0.0,0.0,0.0
2019-01-10,1,0,169,0.0,0.0,0.0,0.0,0.0
2019-01-10,1,0,170,0.0,0.0,0.0,0.0,0.0
2019-01-10,1,0,172,0.0,0.0,0.0,0.0,0.0
2019-01-10,1,0,173,0.0,0.0,0.0,0.0,0.0
2019-01-10,1,0,188,0.0,0.0,0.0,0.0,0.0
2019-01-10,1,0,190,0.0,0.0,0.0,0.0,0.0
2019-01-10,1,0,191,0.0,0.0,0.0,0.0,0.0
2019-01-10,1,0,192,38.86,38.86,0.0,676.638077,0.0
2019-01-10,1,0,194,28.7,28.7,0.0,477.176473,0.0
2019-01-10,1,0,196,0.0,0.0,0.0,0.0,0.0
2019-01-10,1,0,198,0.0,0.0,0.0,0.0,0.0
2019-01-10,1,0,199,2.95,2.95,0.0,35.15068,0.0
2019-01-10,1,0,200,0.0,0.0,0.0,0.0,0.0
2019-01-10,1,0,204,40.7,40.7,0.0,511.275338,0.0
2019-01-10,1,0,205,45.29,45.29,0.0,565.550243,0.0
2019-01-10,1,0,206,45.11,45.11,0.0,640.873718,0.0
2019-01-10,1,0,210,0.0,0.0,0.0,0.0,0.0
2019-01-10,1,0,214,0.0,0.0,0.0,0.0,0.0
2019-01-10,1,0,217,0.0,0.0,0.0,0.0,0.0
2019-01-10,1,0,218,0.0,0.0,0.0,0.0,0.0
2019-01-10,1,0,219,0.0,0.0,0.0,0.0,0.0
2019-01-10,1,0,221,0.0,0.0,0.0,0.0,0.0
2019-01-10,1,0,225,0.0,0.0,0.0,0.0,0.0
2019-01-10,1,0,233,0.0,0.0,0.0,0.0,0.0
2019-01-10,1,0,236,11.23,11.23,0.0,128.473184,0.0
2019-01-10,1,0,237,5.59,5.59,0.0,65.788516,0.0
2019-01-10,1,0,238,0.0,0.0,0.0,0.0,0.0
2019-01-10,1,0,240,0.0,0.0,0.0,0.0,0.0
2019-01-10,1,0,245,30.92,30.92,0.0,342.673933,0.0
2019-01-10,1,0,247,24.42,24.42,0.0,270.637045,0.0
2019-01-10,1,0,248,0.56,0.56,0.0,6.590621,0.0
2019-01-10,1,0,249,59.47,59.47,0.0,659.082108,0.0
2019-01-10,1,0,251,94.05,94.05,0.0,1054.602068,0.0
2019-01-10,1,0,252,61.06,61.06,0.0,682.606338,0.0
2019-01-10,1,0,254,0.0,0.0,0.0,0.0,0.0
2019-01-10,1,0,255,0.0,0.0,0.0,0.0,0.0
2019-01-10,1,0,258,0.0,0.0,0.0,0.0,0.0
2019-01-10,1,0,260,0.0,0.0,0.0,0.0,0.0
2019-01-10,1,0,265,0.0,0.0,0.0,0.0,0.0
2019-01-10,1,0,266,22.33,22.33,0.0,293.886235,0.0
2019-01-10,1,0,267,27.44,27.44,0.0,361.139198,0.0
2019-01-10,1,0,270,97.91,97.91,0.0,1666.387489,0.0
2019-01-10,1,0,272,34.63,34.63,0.0,568.188232,0.0
2019-01-10,1,0,273,0.0,0.0,0.0,0.0,0.0
2019-01-10,1,0,274,126.22,126.22,0.0,2148.211918,0.0
2019-01-10,1,0,275,175.7,175.7,0.0,2990.340944,0.0
2019-01-10,1,0,276,0.0,0.0,0.0,0.0,0.0
2019-01-10,1,0,277,0.0,0.0,0.0,0.0,0.0
2019-01-10,1,0,278,0.0,0.0,0.0,0.0,0.0
2019-01-10,1,0,279,28.92,28.92,0.0,470.151578,0.0
2019-01-10,1,0,281,10.41,10.41,0.0,147.682969,0.0
2019-01-10,1,0,282,0.0,0.0,0.0,0.0,0.0
2019-01-10,2,0,9,0.0,0.0,0.0,0.0,0.0
2019-01-10,2,0,17,0.0,0.0,0.0,0.0,0.0
2019-01-10,2,0,19,226.17,226.17,0.0,3108.508227,0.0
2019-01-10,2,0,20,274.3,274.3,0.0,3770.012852,0.0
2019-01-10,2,0,21,0.0,0.0,0.0,0.0,0.0
2019-01-10,2,0,22,0.0,0.0,0.0,0.0,0.0
2019-01-10,2,0,23,13.14,13.14,0.0,209.179414,0.0
2019-01-10,2,0,24,23.26,23.26,0.0,370.282585,0.0
2019-01-10,2,0,29,0.0,0.0,0.0,0.0,0.0
2019-01-10,2,0,30,0.0,0.0,0.0,0.0,0.0
2019-01-10,2,0,31,11.15,11.15,0.0,177.687843,0.0
2019-01-10,2,0,32,0.0,0.0,0.0,0.0,0.0
2019-01-10,2,0,33,0.0,0.0,0.0,0.0,0.0
2019-01-10,2,0,34,0.0,0.0,0.0,0.0,0.0
2019-01-10,2,0,35,0.0,0.0,0.0,0.0,0.0
2019-01-10,2,0,36,0.0,0.0,0.0,0.0,0.0
2019-01-10,2,0,37,0.0,0.0,0.0,0.0,0.0
2019-01-10,2,0,38,0.0,0.0,0.0,0.0,0.0
2019-01-10,2,0,39,0.0,0.0,0.0,0.0,0.0
2019-01-10,2,0,40,0.0,0.0,0.0,0.0,0.0
2019-01-10,2,0,41,22.81,22.81,0.0,343.958912,0.0
2019-01-10,2,0,42,0.0,0.0,0.0,0.0,0.0
2019-01-10,2,0,43,0.0,0.0,0.0,0.0,0.0
2019-01-10,2,0,46,0.0,0.0,0.0,0.0,0.0
2019-01-10,2,0,52,11.82,11.82,0.0,188.36505,0.0
2019-01-10,2,0,53,18.78,18.78,0.0,299.28051,0.0
2019-01-10,2,0,55,69.84,69.84,0.0,1111.802911,0.0
2019-01-10,2,0,56,0.0,0.0,0.0,0.0,0.0
2019-01-10,2,0,57,0.0,0.0,0.0,0.0,0.0
2019-01-10,2,0,58,0.0,0.0,0.0,0.0,0.0
2019-01-10,2,0,59,0.0,0.0,0.0,0.0,0.0
2019-01-10,2,0,63,30.65,30.65,0.0,577.506421,0.0
2019-01-10,2,0,64,36.06,36.06,0.0,679.441486,0.0
2019-01-10,2,0,65,7.26,7.26,0.0,99.847731,0.0
2019-01-10,2,0,67,0.0,0.0,0.0,0.0,0.0
2019-01-10,2,0,68,0.81,0.81,0.0,14.412507,0.0
2019-01-10,2,0,69,0.0,0.0,0.0,0.0,0.0
2019-01-10,2,0,74,2.25,2.25,0.0,31.583171,0.0
2019-01-10,2,0,77,21.24,21.24,0.0,372.690777,0.0
2019-01-10,2,0,78,16.06,16.06,0.0,281.799146,0.0
2019-01-10,2,0,79,9.29,9.29,0.0,163.008348,0.0
2019-01-10,2,0,80,15.03,15.03,0.0,263.7261,0.0
2019-01-10,2,0,81,19.65,19.65,0.0,344.791608,0.0
2019-01-10,2,0,82,13.86,13.86,0.0,243.196524,0.0
2019-01-10,2,0,83,30.91,30.91,0.0,542.36685,0.0
2019-01-10,2,0,84,0.0,0.0,0.0,0.0,0.0
2019-01-10,2,0,86,0.0,0.0,0.0,0.0,0.0
2019-01-10,2,0,87,0.0,0.0,0.0,0.0,0.0
2019-01-10,2,0,88,22.5,22.5,0.0,394.799551,0.0
2019-01-10,2,0,89,21.63,21.63,0.0,379.533969,0.0
2019-01-10,2,0,90,29.04,29.04,0.0,509.554621,0.0
2019-01-10,2,0,91,103.58,103.58,0.0,1817.481668,0.0
2019-01-10,2,0,92,37.25,37.25,0.0,653.612591,0.0
2019-01-10,2,0,95,1.15,1.15,0.0,22.052517,0.0
2019-01-10,2,0,96,3.59,3.59,0.0,57.273901,0.0
2019-01-10,2,0,97,22.09,22.09,0.0,352.417957,0.0
2019-01-10,2,0,99,0.43,0.43,0.0,6.035895,0.0
2019-01-10,2,0,101,0.0,0.0,0.0,0.0,0.0
2019-01-10,2,0,102,1.92,1.92,0.0,34.16298,0.0
2019-01-10,2,0,103,1.67,1.67,0.0,29.714675,0.0
2019-01-10,2,0,104,0.31,0.31,0.0,5.515898,0.0
2019-01-10,2,0,106,0.0,0.0,0.0,0.0,0.0
2019-01-10,2,0,109,10.13,10.13,0.0,146.209072,0.0
2019-01-10,2,0,110,200.95,200.95,0.0,3710.209194,0.0
2019-01-10,2,0,111,0.0,0.0,0.0,0.0,0.0
2019-01-10,2,0,113,11.31,11.31,0.0,202.130133,0.0
2019-01-10,2,0,115,11.31,11.31,0.0,202.130133,0.0
2019-01-10,2,0,116,0.0,0.0,0.0,0.0,0.0
2019-01-10,2,0,117,0.6,0.6,0.0,10.723084,0.0
2019-01-10,2,0,119,36.06,36.06,0.0,679.441486,0.0
2019-01-10,2,0,120,21.21,21.21,0.0,399.638212,0.0
2019-01-10,2,0,123,0.0,0.0,0.0,0.0,0.0
2019-01-10,2,0,125,21.05,21.05,0.0,335.100963,0.0
2019-01-10,2,0,126,0.0,0.0,0.0,0.0,0.0
2019-01-10,2,0,127,0.0,0.0,0.0,0.0,0.0
2019-01-10,2,0,128,30.14,30.14,0.0,479.80727,0.0
2019-01-10,2,0,131,2.15,2.15,0.0,38.160699,0.0
2019-01-10,2,0,132,3.16,3.16,0.0,56.087354,0.0
2019-01-10,2,0,133,33.84,33.84,0.0,465.072391,0.0
2019-01-10,2,0,134,0.0,0.0,0.0,0.0,0.0
2019-01-10,2,0,135,45.34,45.34,0.0,623.120041,0.0
2019-01-10,2,0,136,10.68,10.68,0.0,146.888721,0.0
2019-01-10,2,0,139,29.46,29.46,0.0,444.236281,0.0
2019-01-10,2,0,140,148.73,148.73,0.0,2746.053314,0.0
2019-01-10,2,0,141,28.7,28.7,0.0,515.399773,0.0
2019-01-10,2,0,142,0.0,0.0,0.0,0.0,0.0
2019-01-10,2,0,143,15.7,15.7,0.0,250.197232,0.0
2019-01-10,2,0,145,1.85,1.85,0.0,28.451134,0.0
2019-01-10,2,0,146,268.0,268.0,0.0,4948.176482,0.0
2019-01-10,2,0,152,0.0,0.0,0.0,0.0,0.0
2019-01-10,2,0,153,0.0,0.0,0.0,0.0,0.0
2019-01-10,2,0,154,0.0,0.0,0.0,0.0,0.0
2019-01-10,2,0,157,154.5,154.5,0.0,2774.538848,0.0
2019-01-10,2,0,158,0.0,0.0,0.0,0.0,0.0
2019-01-10,2,0,159,0.0,0.0,0.0,0.0,0.0
2019-01-10,2,0,160,0.0,0.0,0.0,0.0,0.0
2019-01-10,2,0,161,0.0,0.0,0.0,0.0,0.0
2019-01-10,2,0,162,0.0,0.0,0.0,0.0,0.0
2019-01-10,2,0,163,27.72,27.72,0.0,511.803926,0.0
2019-01-10,2,0,164,0.0,0.0,0.0,0.0,0.0
2019-01-10,2,0,167,0.0,0.0,0.0,0.0,0.0
2019-01-10,2,0,168,0.0,0.0,0.0,0.0,0.0
2019-01-10,2,0,169,0.0,0.0,0.0,0.0,0.0
2019-01-10,2,0,170,0.0,0.0,0.0,0.0,0.0
2019-01-10,2,0,172,0.0,0.0,0.0,0.0,0.0
2019-01-10,2,0,173,0.0,0.0,0.0,0.0,0.0
2019-01-10,2,0,188,0.0,0.0,0.0,0.0,0.0
2019-01-10,2,0,190,0.0,0.0,0.0,0.0,0.0
2019-01-10,2,0,191,0.0,0.0,0.0,0.0,0.0
2019-01-10,2,0,192,31.62,31.62,0.0,595.783133,0.0
2019-01-10,2,0,194,28.19,28.19,0.0,508.896977,0.0
2019-01-10,2,0,196,0.0,0.0,0.0,0.0,0.0
2019-01-10,2,0,198,0.0,0.0,0.0,0.0,0.0
2019-01-10,2,0,199,1.63,1.63,0.0,21.006528,0.0
2019-01-10,2,0,200,0.0,0.0,0.0,0.0,0.0
2019-01-10,2,0,204,45.33,45.33,0.0,656.505765,0.0
2019-01-10,2,0,205,49.73,49.73,0.0,717.766746,0.0
2019-01-10,2,0,206,64.9,64.9,0.0,1035.397258,0.0
2019-01-10,2,0,210,0.0,0.0,0.0,0.0,0.0
2019-01-10,2,0,214,0.0,0.0,0.0,0.0,0.0
2019-01-10,2,0,217,0.0,0.0,0.0,0.0,0.0
2019-01-10,2,0,218,0.0,0.0,0.0,0.0,0.0
2019-01-10,2,0,219,0.0,0.0,0.0,0.0,0.0
2019-01-10,2,0,221,0.0,0.0,0.0,0.0,0.0
2019-01-10,2,0,225,0.0,0.0,0.0,0.0,0.0
2019-01-10,2,0,233,0.0,0.0,0.0,0.0,0.0
2019-01-10,2,0,236,9.28,9.28,0.0,128.645972,0.0
2019-01-10,2,0,237,5.39,5.39,0.0,75.65924,0.0
2019-01-10,2,0,238,0.0,0.0,0.0,0.0,0.0
2019-01-10,2,0,240,0.0,0.0,0.0,0.0,0.0
2019-01-10,2,0,245,22.26,22.26,0.0,305.206776,0.0
2019-01-10,2,0,247,19.17,19.17,0.0,262.839798,0.0
2019-01-10,2,0,248,0.54,0.54,0.0,7.579961,0.0
2019-01-10,2,0,249,42.8,42.8,0.0,586.830639,0.0
2019-01-10,2,0,251,70.33,70.33,0.0,968.297906,0.0
2019-01-10,2,0,252,46.83,46.83,0.0,644.059128,0.0
2019-01-10,2,0,254,0.0,0.0,0.0,0.0,0.0
2019-01-10,2,0,255,0.0,0.0,0.0,0.0,0.0
2019-01-10,2,0,258,0.0,0.0,0.0,0.0,0.0
2019-01-10,2,0,260,0.0,0.0,0.0,0.0,0.0
2019-01-10,2,0,265,0.0,0.0,0.0,0.0,0.0
2019-01-10,2,0,266,19.07,19.07,0.0,287.562317,0.0
2019-01-10,2,0,267,23.44,23.44,0.0,353.458874,0.0
2019-01-10,2,0,270,86.56,86.56,0.0,1598.18715,0.0
2019-01-10,2,0,272,48.77,48.77,0.0,871.608011,0.0
2019-01-10,2,0,273,0.0,0.0,0.0,0.0,0.0
2019-01-10,2,0,274,111.59,111.59,0.0,2060.324678,0.0
2019-01-10,2,0,275,155.33,155.33,0.0,2867.911391,0.0
2019-01-10,2,0,276,0.0,0.0,0.0,0.0,0.0
2019-01-10,2,0,277,0.0,0.0,0.0,0.0,0.0
2019-01-10,2,0,278,0.0,0.0,0.0,0.0,0.0
2019-01-10,2,0,279,28.43,28.43,0.0,504.389276,0.0
2019-01-10,2,0,281,5.01,5.01,0.0,79.840008,0.0
2019-01-10,2,0,282,0.0,0.0,0.0,0.0,0.0
2019-01-10,3,0,9,0.0,0.0,0.0,0.0,0.0
2019-01-10,3,0,17,0.0,0.0,0.0,0.0,0.0
2019-01-10,3,0,19,161.99,161.99,0.0,2226.57353,0.0
2019-01-10,3,0,20,196.46,196.46,0.0,2700.368144,0.0
2019-01-10,3,0,21,0.0,0.0,0.0,0.0,0.0
2019-01-10,3,0,22,0.0,0.0,0.0,0.0,0.0
2019-01-10,3,0,23,12.02,12.02,0.0,191.032828,0.0
2019-01-10,3,0,24,21.27,21.27,0.0,338.042284,0.0
2019-01-10,3,0,29,0.0,0.0,0.0,0.0,0.0
2019-01-10,3,0,30,0.0,0.0,0.0,0.0,0.0
2019-01-10,3,0,31,11.11,11.11,0.0,176.759779,0.0
2019-01-10,3,0,32,0.0,0.0,0.0,0.0,0.0
2019-01-10,3,0,33,0.0,0.0,0.0,0.0,0.0
2019-01-10,3,0,34,0.0,0.0,0.0,0.0,0.0
2019-01-10,3,0,35,0.0,0.0,0.0,0.0,0.0
2019-01-10,3,0,36,0.0,0.0,0.0,0.0,0.0
2019-01-10,3,0,37,0.0,0.0,0.0,0.0,0.0
2019-01-10,3,0,38,0.0,0.0,0.0,0.0,0.0
2019-01-10,3,0,39,0.0,0.0,0.0,0.0,0.0
2019-01-10,3,0,40,0.0,0.0,0.0,0.0,0.0
2019-01-10,3,0,41,19.13,19.13,0.0,287.840762,0.0
2019-01-10,3,0,42,0.0,0.0,0.0,0.0,0.0
2019-01-10,3,0,43,0.0,0.0,0.0,0.0,0.0
2019-01-10,3,0,46,0.0,0.0,0.0,0.0,0.0
2019-01-10,3,0,52,11.77,11.77,0.0,187.26036,0.0
2019-01-10,3,0,53,18.7,18.7,0.0,297.51646,0.0
2019-01-10,3,0,55,65.72,65.72,0.0,1044.482319,0.0
2019-01-10,3,0,56,0.0,0.0,0.0,0.0,0.0
2019-01-10,3,0,57,0.0,0.0,0.0,0.0,0.0
2019-01-10,3,0,58,0.0,0.0,0.0,0.0,0.0
2019-01-10,3,0,59,0.0,0.0,0.0,0.0,0.0
2019-01-10,3,0,63,28.63,28.63,0.0,539.405926,0.0
2019-01-10,3,0,64,33.68,33.68,0.0,634.550876,0.0
2019-01-10,3,0,65,5.48,5.48,0.0,75.367158,0.0
2019-01-10,3,0,67,0.0,0.0,0.0,0.0,0.0
2019-01-10,3,0,68,0.79,0.79,0.0,14.054286,0.0
2019-01-10,3,0,69,0.0,0.0,0.0,0.0,0.0
2019-01-10,3,0,74,2.15,2.15,0.0,30.125669,0.0
2019-01-10,3,0,77,20.09,20.09,0.0,352.41489,0.0
2019-01-10,3,0,78,15.19,15.19,0.0,266.460038,0.0
2019-01-10,3,0,79,8.79,8.79,0.0,154.192478,0.0
2019-01-10,3,0,80,14.21,14.21,0.0,249.269068,0.0
2019-01-10,3,0,81,18.58,18.58,0.0,325.926762,0.0
2019-01-10,3,0,82,13.11,13.11,0.0,229.973081,0.0
2019-01-10,3,0,83,29.23,29.23,0.0,512.747,0.0
2019-01-10,3,0,84,0.0,0.0,0.0,0.0,0.0
2019-01-10,3,0,86,0.0,0.0,0.0,0.0,0.0
2019-01-10,3,0,87,0.0,0.0,0.0,0.0,0.0
2019-01-10,3,0,88,22.2,22.2,0.0,389.428101,0.0
2019-01-10,3,0,89,21.35,21.35,0.0,374.517566,0.0
2019-01-10,3,0,90,28.66,28.66,0.0,502.74817,0.0
2019-01-10,3,0,91,102.24,102.24,0.0,1793.474281,0.0
2019-01-10,3,0,92,36.77,36.77,0.0,645.01222,0.0
2019-01-10,3,0,95,2.64,2.64,0.0,50.617626,0.0
2019-01-10,3,0,96,4.98,4.98,0.0,79.320431,0.0
2019-01-10,3,0,97,30.62,30.62,0.0,487.709155,0.0
2019-01-10,3,0,99,0.42,0.42,0.0,5.885014,0.0
2019-01-10,3,0,101,0.0,0.0,0.0,0.0,0.0
2019-01-10,3,0,102,1.88,1.88,0.0,33.445642,0.0
2019-01-10,3,0,103,1.63,1.63,0.0,28.998083,0.0
2019-01-10,3,0,104,0.3,0.3,0.0,5.337071,0.0
2019-01-10,3,0,106,0.0,0.0,0.0,0.0,0.0
2019-01-10,3,0,109,12.29,12.29,0.0,176.788434,0.0
2019-01-10,3,0,110,226.15,226.15,0.0,4175.263445,0.0
2019-01-10,3,0,111,0.0,0.0,0.0,0.0,0.0
2019-01-10,3,0,113,9.55,9.55,0.0,170.673941,0.0
2019-01-10,3,0,115,9.55,9.55,0.0,170.673941,0.0
2019-01-10,3,0,116,0.0,0.0,0.0,0.0,0.0
2019-01-10,3,0,117,0.49,0.49,0.0,8.757092,0.0
2019-01-10,3,0,119,33.68,33.68,0.0,634.550876,0.0
2019-01-10,3,0,120,19.81,19.81,0.0,373.231973,0.0
2019-01-10,3,0,123,0.0,0.0,0.0,0.0,0.0
2019-01-10,3,0,125,19.25,19.25,0.0,305.938598,0.0
2019-01-10,3,0,126,0.0,0.0,0.0,0.0,0.0
2019-01-10,3,0,127,0.0,0.0,0.0,0.0,0.0
2019-01-10,3,0,128,27.57,27.57,0.0,438.167644,0.0
2019-01-10,3,0,131,2.0,2.0,0.0,35.492095,0.0
2019-01-10,3,0,132,2.94,2.94,0.0,52.173379,0.0
2019-01-10,3,0,133,13.03,13.03,0.0,179.089215,0.0
2019-01-10,3,0,134,0.0,0.0,0.0,0.0,0.0
2019-01-10,3,0,135,17.43,17.43,0.0,239.564467,0.0
2019-01-10,3,0,136,9.07,9.07,0.0,124.744883,0.0
2019-01-10,3,0,139,24.7,24.7,0.0,371.650121,0.0
2019-01-10,3,0,140,167.37,167.37,0.0,3090.045734,0.0
2019-01-10,3,0,141,23.07,23.07,0.0,414.237755,0.0
2019-01-10,3,0,142,0.0,0.0,0.0,0.0,0.0
2019-01-10,3,0,143,5.62,5.62,0.0,89.414038,0.0
2019-01-10,3,0,145,1.92,1.92,0.0,29.461661,0.0
2019-01-10,3,0,146,268.0,268.0,0.0,4947.913346,0.0
2019-01-10,3,0,152,0.0,0.0,0.0,0.0,0.0
2019-01-10,3,0,153,0.0,0.0,0.0,0.0,0.0
2019-01-10,3,0,154,0.0,0.0,0.0,0.0,0.0
2019-01-10,3,0,157,143.44,143.44,0.0,2575.564094,0.0
2019-01-10,3,0,158,0.0,0.0,0.0,0.0,0.0
2019-01-10,3,0,159,0.0,0.0,0.0,0.0,0.0
2019-01-10,3,0,160,0.0,0.0,0.0,0.0,0.0
2019-01-10,3,0,161,0.0,0.0,0.0,0.0,0.0
2019-01-10,3,0,162,1.44,1.44,0.0,27.600995,0.0
2019-01-10,3,0,163,24.61,24.61,0.0,454.358759,0.0
2019-01-10,3,0,164,0.0,0.0,0.0,0.0,0.0
2019-01-10,3,0,167,0.0,0.0,0.0,0.0,0.0
2019-01-10,3,0,168,0.0,0.0,0.0,0.0,0.0
2019-01-10,3,0,169,0.0,0.0,0.0,0.0,0.0
2019-01-10,3,0,170,0.0,0.0,0.0,0.0,0.0
2019-01-10,3,0,172,0.0,0.0,0.0,0.0,0.0
2019-01-10,3,0,173,0.0,0.0,0.0,0.0,0.0
2019-01-10,3,0,188,0.0,0.0,0.0,0.0,0.0
2019-01-10,3,0,190,0.0,0.0,0.0,0.0,0.0
2019-01-10,3,0,191,0.0,0.0,0.0,0.0,0.0
2019-01-10,3,0,192,28.16,28.16,0.0,530.550851,0.0
2019-01-10,3,0,194,28.71,28.71,0.0,518.392815,0.0
2019-01-10,3,0,196,0.0,0.0,0.0,0.0,0.0
2019-01-10,3,0,198,0.0,0.0,0.0,0.0,0.0
2019-01-10,3,0,199,2.74,2.74,0.0,35.569301,0.0
2019-01-10,3,0,200,0.0,0.0,0.0,0.0,0.0
2019-01-10,3,0,204,50.56,50.56,0.0,729.731101,0.0
2019-01-10,3,0,205,65.01,65.01,0.0,935.15184,0.0
2019-01-10,3,0,206,89.97,89.97,0.0,1433.023928,0.0
2019-01-10,3,0,210,0.0,0.0,0.0,0.0,0.0
2019-01-10,3,0,214,0.0,0.0,0.0,0.0,0.0
2019-01-10,3,0,217,0.0,0.0,0.0,0.0,0.0
2019-01-10,3,0,218,0.0,0.0,0.0,0.0,0.0
2019-01-10,3,0,219,0.0,0.0,0.0,0.0,0.0
2019-01-10,3,0,221,0.0,0.0,0.0,0.0,0.0
2019-01-10,3,0,225,0.0,0.0,0.0,0.0,0.0
2019-01-10,3,0,233,0.0,0.0,0.0,0.0,0.0
2019-01-10,3,0,236,7.61,7.61,0.0,105.394185,0.0
2019-01-10,3,0,237,5.16,5.16,0.0,72.301606,0.0
2019-01-10,3,0,238,0.0,0.0,0.0,0.0,0.0
2019-01-10,3,0,240,0.0,0.0,0.0,0.0,0.0
2019-01-10,3,0,245,15.41,15.41,0.0,211.359021,0.0
2019-01-10,3,0,247,14.63,14.63,0.0,200.660771,0.0
2019-01-10,3,0,248,0.52,0.52,0.0,7.286208,0.0
2019-01-10,3,0,249,29.63,29.63,0.0,406.396353,0.0
2019-01-10,3,0,251,52.17,52.17,0.0,718.186216,0.0
2019-01-10,3,0,252,35.37,35.37,0.0,486.448246,0.0
2019-01-10,3,0,254,0.0,0.0,0.0,0.0,0.0
2019-01-10,3,0,255,0.0,0.0,0.0,0.0,0.0
2019-01-10,3,0,258,0.0,0.0,0.0,0.0,0.0
2019-01-10,3,0,260,0.0,0.0,0.0,0.0,0.0
2019-01-10,3,0,265,0.0,0.0,0.0,0.0,0.0
2019-01-10,3,0,266,15.99,15.99,0.0,240.594552,0.0
2019-01-10,3,0,267,19.66,19.66,0.0,295.81544,0.0
2019-01-10,3,0,270,76.87,76.87,0.0,1419.201862,0.0
2019-01-10,3,0,272,39.01,39.01,0.0,697.171774,0.0
2019-01-10,3,0,273,0.0,0.0,0.0,0.0,0.0
2019-01-10,3,0,274,99.1,99.1,0.0,1829.620196,0.0
2019-01-10,3,0,275,137.95,137.95,0.0,2546.883008,0.0
2019-01-10,3,0,276,0.0,0.0,0.0,0.0,0.0
2019-01-10,3,0,277,0.0,0.0,0.0,0.0,0.0
2019-01-10,3,0,278,0.0,0.0,0.0,0.0,0.0
2019-01-10,3,0,279,27.88,27.88,0.0,494.574207,0.0
2019-01-10,3,0,281,4.99,4.99,0.0,79.390756,0.0
2019-01-10,3,0,282,0.0,0.0,0.0,0.0,0.0
2019-01-10,4,0,9,0.0,0.0,0.0,0.0,0.0
2019-01-10,4,0,17,0.0,0.0,0.0,0.0,0.0
2019-01-10,4,0,19,111.74,111.74,0.0,1297.289651,0.0
2019-01-10,4,0,20,135.51,135.51,0.0,1573.256851,0.0
2019-01-10,4,0,21,0.0,0.0,0.0,0.0,0.0
2019-01-10,4,0,22,0.0,0.0,0.0,0.0,0.0
2019-01-10,4,0,23,9.97,9.97,0.0,134.019518,0.0
2019-01-10,4,0,24,16.47,16.47,0.0,221.394329,0.0
2019-01-10,4,0,29,0.0,0.0,0.0,0.0,0.0
2019-01-10,4,0,30,0.0,0.0,0.0,0.0,0.0
2019-01-10,4,0,31,11.04,11.04,0.0,148.553495,0.0
2019-01-10,4,0,32,0.0,0.0,0.0,0.0,0.0
2019-01-10,4,0,33,0.0,0.0,0.0,0.0,0.0
2019-01-10,4,0,34,0.0,0.0,0.0,0.0,0.0
2019-01-10,4,0,35,0.0,0.0,0.0,0.0,0.0
2019-01-10,4,0,36,0.0,0.0,0.0,0.0,0.0
2019-01-10,4,0,37,0.0,0.0,0.0,0.0,0.0
2019-01-10,4,0,38,0.0,0.0,0.0,0.0,0.0
2019-01-10,4,0,39,0.0,0.0,0.0,0.0,0.0
2019-01-10,4,0,40,0.0,0.0,0.0,0.0,0.0
2019-01-10,4,0,41,16.01,16.01,0.0,204.223576,0.0
2019-01-10,4,0,42,0.0,0.0,0.0,0.0,0.0
2019-01-10,4,0,43,0.0,0.0,0.0,0.0,0.0
2019-01-10,4,0,46,0.0,0.0,0.0,0.0,0.0
2019-01-10,4,0,52,11.7,11.7,0.0,157.43441,0.0
2019-01-10,4,0,53,18.59,18.59,0.0,250.145785,0.0
2019-01-10,4,0,55,61.17,61.17,0.0,822.264183,0.0
2019-01-10,4,0,56,0.0,0.0,0.0,0.0,0.0
2019-01-10,4,0,57,0.0,0.0,0.0,0.0,0.0
2019-01-10,4,0,58,0.0,0.0,0.0,0.0,0.0
2019-01-10,4,0,59,0.0,0.0,0.0,0.0,0.0
2019-01-10,4,0,63,29.18,29.18,0.0,497.55068,0.0
2019-01-10,4,0,64,34.33,34.33,0.0,585.363771,0.0
2019-01-10,4,0,65,4.04,4.04,0.0,46.939179,0.0
2019-01-10,4,0,67,0.0,0.0,0.0,0.0,0.0
2019-01-10,4,0,68,0.77,0.77,0.0,11.635995,0.0
2019-01-10,4,0,69,0.0,0.0,0.0,0.0,0.0
2019-01-10,4,0,74,2.08,2.08,0.0,24.720236,0.0
2019-01-10,4,0,77,19.02,19.02,0.0,280.740514,0.0
2019-01-10,4,0,78,14.38,14.38,0.0,212.252818,0.0
2019-01-10,4,0,79,8.32,8.32,0.0,122.805525,0.0
2019-01-10,4,0,80,13.46,13.46,0.0,198.673361,0.0
2019-01-10,4,0,81,17.59,17.59,0.0,259.633315,0.0
2019-01-10,4,0,82,12.41,12.41,0.0,183.175067,0.0
2019-01-10,4,0,83,27.67,27.67,0.0,408.416931,0.0
2019-01-10,4,0,84,0.0,0.0,0.0,0.0,0.0
2019-01-10,4,0,86,0.0,0.0,0.0,0.0,0.0
2019-01-10,4,0,87,0.0,0.0,0.0,0.0,0.0
2019-01-10,4,0,88,21.89,21.89,0.0,323.102516,0.0
2019-01-10,4,0,89,21.04,21.04,0.0,310.556279,0.0
2019-01-10,4,0,90,28.25,28.25,0.0,416.977893,0.0
2019-01-10,4,0,91,100.78,100.78,0.0,1487.540959,0.0
2019-01-10,4,0,92,36.24,36.24,0.0,534.912526,0.0
2019-01-10,4,0,95,13.57,13.57,0.0,234.623973,0.0
2019-01-10,4,0,96,6.71,6.71,0.0,90.385057,0.0
2019-01-10,4,0,97,41.26,41.26,0.0,555.780541,0.0
2019-01-10,4,0,99,0.4,0.4,0.0,4.753892,0.0
2019-01-10,4,0,101,0.0,0.0,0.0,0.0,0.0
2019-01-10,4,0,102,1.82,1.82,0.0,27.50326,0.0
2019-01-10,4,0,103,1.59,1.59,0.0,24.027573,0.0
2019-01-10,4,0,104,0.29,0.29,0.0,4.382388,0.0
2019-01-10,4,0,106,0.0,0.0,0.0,0.0,0.0
2019-01-10,4,0,109,14.44,14.44,0.0,176.773185,0.0
2019-01-10,4,0,110,254.66,254.66,0.0,4175.059407,0.0
2019-01-10,4,0,111,0.0,0.0,0.0,0.0,0.0
2019-01-10,4,0,113,5.47,5.47,0.0,81.976281,0.0
2019-01-10,4,0,115,5.47,5.47,0.0,81.976281,0.0
2019-01-10,4,0,116,0.0,0.0,0.0,0.0,0.0
2019-01-10,4,0,117,0.36,0.36,0.0,5.395148,0.0
2019-01-10,4,0,119,34.33,34.33,0.0,585.363771,0.0
2019-01-10,4,0,120,20.18,20.18,0.0,344.090909,0.0
2019-01-10,4,0,123,0.0,0.0,0.0,0.0,0.0
2019-01-10,4,0,125,15.11,15.11,0.0,203.11283,0.0
2019-01-10,4,0,126,0.0,0.0,0.0,0.0,0.0
2019-01-10,4,0,127,0.0,0.0,0.0,0.0,0.0
2019-01-10,4,0,128,20.52,20.52,0.0,275.835557,0.0
2019-01-10,4,0,131,1.86,1.86,0.0,27.950844,0.0
2019-01-10,4,0,132,2.74,2.74,0.0,41.1749,0.0
2019-01-10,4,0,133,11.94,11.94,0.0,138.612342,0.0
2019-01-10,4,0,134,0.0,0.0,0.0,0.0,0.0
2019-01-10,4,0,135,16.47,16.47,0.0,191.201447,0.0
2019-01-10,4,0,136,7.66,7.66,0.0,89.002207,0.0
2019-01-10,4,0,139,20.68,20.68,0.0,263.794101,0.0
2019-01-10,4,0,140,188.48,188.48,0.0,3090.062032,0.0
2019-01-10,4,0,141,18.3,18.3,0.0,282.32327,0.0
2019-01-10,4,0,142,0.0,0.0,0.0,0.0,0.0
2019-01-10,4,0,143,3.56,3.56,0.0,47.90312,0.0
2019-01-10,4,0,145,1.99,1.99,0.0,25.881486,0.0
2019-01-10,4,0,146,268.0,268.0,0.0,4393.763924,0.0
2019-01-10,4,0,152,0.0,0.0,0.0,0.0,0.0
2019-01-10,4,0,153,0.0,0.0,0.0,0.0,0.0
2019-01-10,4,0,154,0.0,0.0,0.0,0.0,0.0
2019-01-10,4,0,157,134.37,134.37,0.0,2072.993322,0.0
2019-01-10,4,0,158,0.0,0.0,0.0,0.0,0.0
2019-01-10,4,0,159,0.0,0.0,0.0,0.0,0.0
2019-01-10,4,0,160,0.0,0.0,0.0,0.0,0.0
2019-01-10,4,0,161,0.0,0.0,0.0,0.0,0.0
2019-01-10,4,0,162,4.65,4.65,0.0,80.380016,0.0
2019-01-10,4,0,163,21.94,21.94,0.0,359.698435,0.0
2019-01-10,4,0,164,0.0,0.0,0.0,0.0,0.0
2019-01-10,4,0,167,0.0,0.0,0.0,0.0,0.0
2019-01-10,4,0,168,0.0,0.0,0.0,0.0,0.0
2019-01-10,4,0,169,0.0,0.0,0.0,0.0,0.0
2019-01-10,4,0,170,0.0,0.0,0.0,0.0,0.0
2019-01-10,4,0,172,0.0,0.0,0.0,0.0,0.0
2019-01-10,4,0,173,0.0,0.0,0.0,0.0,0.0
2019-01-10,4,0,188,0.0,0.0,0.0,0.0,0.0
2019-01-10,4,0,190,0.0,0.0,0.0,0.0,0.0
2019-01-10,4,0,191,0.0,0.0,0.0,0.0,0.0
2019-01-10,4,0,192,28.42,28.42,0.0,484.591855,0.0
2019-01-10,4,0,194,30.08,30.08,0.0,450.07283,0.0
2019-01-10,4,0,196,0.0,0.0,0.0,0.0,0.0
2019-01-10,4,0,198,0.0,0.0,0.0,0.0,0.0
2019-01-10,4,0,199,4.81,4.81,0.0,58.266677,0.0
2019-01-10,4,0,200,0.0,0.0,0.0,0.0,0.0
2019-01-10,4,0,204,56.18,56.18,0.0,690.142767,0.0
2019-01-10,4,0,205,76.36,76.36,0.0,934.792271,0.0
2019-01-10,4,0,206,121.25,121.25,0.0,1633.262013,0.0
2019-01-10,4,0,210,0.0,0.0,0.0,0.0,0.0
2019-01-10,4,0,214,0.0,0.0,0.0,0.0,0.0
2019-01-10,4,0,217,0.0,0.0,0.0,0.0,0.0
2019-01-10,4,0,218,0.0,0.0,0.0,0.0,0.0
2019-01-10,4,0,219,0.0,0.0,0.0,0.0,0.0
2019-01-10,4,0,221,0.0,0.0,0.0,0.0,0.0
2019-01-10,4,0,225,0.0,0.0,0.0,0.0,0.0
2019-01-10,4,0,233,0.0,0.0,0.0,0.0,0.0
2019-01-10,4,0,236,6.25,6.25,0.0,73.28692,0.0
2019-01-10,4,0,237,4.99,4.99,0.0,59.304798,0.0
2019-01-10,4,0,238,0.0,0.0,0.0,0.0,0.0
2019-01-10,4,0,240,0.0,0.0,0.0,0.0,0.0
2019-01-10,4,0,245,10.11,10.11,0.0,117.052078,0.0
2019-01-10,4,0,247,10.91,10.91,0.0,126.314359,0.0
2019-01-10,4,0,248,0.5,0.5,0.0,5.942365,0.0
2019-01-10,4,0,249,19.44,19.44,0.0,225.073432,0.0
2019-01-10,4,0,251,38.79,38.79,0.0,451.24079,0.0
2019-01-10,4,0,252,26.03,26.03,0.0,302.432385,0.0
2019-01-10,4,0,254,0.0,0.0,0.0,0.0,0.0
2019-01-10,4,0,255,0.0,0.0,0.0,0.0,0.0
2019-01-10,4,0,258,0.0,0.0,0.0,0.0,0.0
2019-01-10,4,0,260,0.0,0.0,0.0,0.0,0.0
2019-01-10,4,0,265,0.0,0.0,0.0,0.0,0.0
2019-01-10,4,0,266,13.39,13.39,0.0,170.802854,0.0
2019-01-10,4,0,267,16.45,16.45,0.0,209.836217,0.0
2019-01-10,4,0,270,68.53,68.53,0.0,1123.524783,0.0
2019-01-10,4,0,272,18.27,18.27,0.0,273.803776,0.0
2019-01-10,4,0,273,0.0,0.0,0.0,0.0,0.0
2019-01-10,4,0,274,88.35,88.35,0.0,1448.466577,0.0
2019-01-10,4,0,275,122.98,122.98,0.0,2016.213013,0.0
2019-01-10,4,0,276,0.0,0.0,0.0,0.0,0.0
2019-01-10,4,0,277,0.0,0.0,0.0,0.0,0.0
2019-01-10,4,0,278,0.0,0.0,0.0,0.0,0.0
2019-01-10,4,0,279,27.92,27.92,0.0,415.891247,0.0
2019-01-10,4,0,281,4.95,4.95,0.0,66.606866,0.0
2019-01-10,4,0,282,0.0,0.0,0.0,0.0,0.0
2019-01-10,5,0,9,0.0,0.0,0.0,0.0,0.0
2019-01-10,5,0,17,0.0,0.0,0.0,0.0,0.0
2019-01-10,5,0,19,151.75,151.75,0.0,1656.640872,0.0
2019-01-10,5,0,20,184.05,184.05,0.0,2009.257018,0.0
2019-01-10,5,0,21,0.0,0.0,0.0,0.0,0.0
2019-01-10,5,0,22,0.0,0.0,0.0,0.0,0.0
2019-01-10,5,0,23,9.72,9.72,0.0,129.203002,0.0
2019-01-10,5,0,24,17.2,17.2,0.0,228.630827,0.0
2019-01-10,5,0,29,0.0,0.0,0.0,0.0,0.0
2019-01-10,5,0,30,0.0,0.0,0.0,0.0,0.0
2019-01-10,5,0,31,6.34,6.34,0.0,84.379104,0.0
2019-01-10,5,0,32,0.0,0.0,0.0,0.0,0.0
2019-01-10,5,0,33,0.0,0.0,0.0,0.0,0.0
2019-01-10,5,0,34,0.0,0.0,0.0,0.0,0.0
2019-01-10,5,0,35,0.0,0.0,0.0,0.0,0.0
2019-01-10,5,0,36,0.0,0.0,0.0,0.0,0.0
2019-01-10,5,0,37,0.0,0.0,0.0,0.0,0.0
2019-01-10,5,0,38,0.0,0.0,0.0,0.0,0.0
2019-01-10,5,0,39,0.0,0.0,0.0,0.0,0.0
2019-01-10,5,0,40,0.0,0.0,0.0,0.0,0.0
2019-01-10,5,0,41,17.82,17.82,0.0,221.858267,0.0
2019-01-10,5,0,42,0.0,0.0,0.0,0.0,0.0
2019-01-10,5,0,43,0.0,0.0,0.0,0.0,0.0
2019-01-10,5,0,46,0.0,0.0,0.0,0.0,0.0
2019-01-10,5,0,52,6.72,6.72,0.0,89.436527,0.0
2019-01-10,5,0,53,10.67,10.67,0.0,142.007104,0.0
2019-01-10,5,0,55,38.2,38.2,0.0,507.773117,0.0
2019-01-10,5,0,56,0.0,0.0,0.0,0.0,0.0
2019-01-10,5,0,57,0.0,0.0,0.0,0.0,0.0
2019-01-10,5,0,58,0.0,0.0,0.0,0.0,0.0
2019-01-10,5,0,59,0.0,0.0,0.0,0.0,0.0
2019-01-10,5,0,63,26.67,26.67,0.0,577.489467,0.0
2019-01-10,5,0,64,31.37,31.37,0.0,679.259264,0.0
2019-01-10,5,0,65,4.26,4.26,0.0,46.564757,0.0
2019-01-10,5,0,67,0.0,0.0,0.0,0.0,0.0
2019-01-10,5,0,68,0.81,0.81,0.0,10.958801,0.0
2019-01-10,5,0,69,0.0,0.0,0.0,0.0,0.0
2019-01-10,5,0,74,1.81,1.81,0.0,20.517184,0.0
2019-01-10,5,0,77,21.75,21.75,0.0,323.730768,0.0
2019-01-10,5,0,78,16.44,16.44,0.0,244.695808,0.0
2019-01-10,5,0,79,9.52,9.52,0.0,141.697329,0.0
2019-01-10,5,0,80,15.39,15.39,0.0,229.067427,0.0
2019-01-10,5,0,81,20.12,20.12,0.0,299.469566,0.0
2019-01-10,5,0,82,14.19,14.19,0.0,211.206419,0.0
2019-01-10,5,0,83,31.65,31.65,0.0,471.084084,0.0
2019-01-10,5,0,84,0.0,0.0,0.0,0.0,0.0
2019-01-10,5,0,86,0.0,0.0,0.0,0.0,0.0
2019-01-10,5,0,87,0.0,0.0,0.0,0.0,0.0
2019-01-10,5,0,88,24.34,24.34,0.0,362.280777,0.0
2019-01-10,5,0,89,23.4,23.4,0.0,348.289654,0.0
2019-01-10,5,0,90,31.42,31.42,0.0,467.660724,0.0
2019-01-10,5,0,91,112.07,112.07,0.0,1668.069298,0.0
2019-01-10,5,0,92,40.31,40.31,0.0,599.981024,0.0
2019-01-10,5,0,95,4.73,4.73,0.0,99.563137,0.0
2019-01-10,5,0,96,6.17,6.17,0.0,82.223079,0.0
2019-01-10,5,0,97,37.92,37.92,0.0,505.332116,0.0
2019-01-10,5,0,99,0.35,0.35,0.0,3.967411,0.0
2019-01-10,5,0,101,0.0,0.0,0.0,0.0,0.0
2019-01-10,5,0,102,1.91,1.91,0.0,25.841122,0.0
2019-01-10,5,0,103,1.66,1.66,0.0,22.458776,0.0
2019-01-10,5,0,104,0.31,0.31,0.0,4.194109,0.0
2019-01-10,5,0,106,0.0,0.0,0.0,0.0,0.0
2019-01-10,5,0,109,13.96,13.96,0.0,165.427672,0.0
2019-01-10,5,0,110,265.38,265.38,0.0,1697.791705,0.0
2019-01-10,5,0,111,0.0,0.0,0.0,0.0,0.0
2019-01-10,5,0,113,12.55,12.55,0.0,195.685373,0.0
2019-01-10,5,0,115,12.55,12.55,0.0,195.685373,0.0
2019-01-10,5,0,116,0.0,0.0,0.0,0.0,0.0
2019-01-10,5,0,117,0.6,0.6,0.0,9.355476,0.0
2019-01-10,5,0,119,31.37,31.37,0.0,679.259264,0.0
2019-01-10,5,0,120,18.45,18.45,0.0,399.500587,0.0
2019-01-10,5,0,123,0.0,0.0,0.0,0.0,0.0
2019-01-10,5,0,125,15.57,15.57,0.0,206.964069,0.0
2019-01-10,5,0,126,0.0,0.0,0.0,0.0,0.0
2019-01-10,5,0,127,0.0,0.0,0.0,0.0,0.0
2019-01-10,5,0,128,22.3,22.3,0.0,296.422526,0.0
2019-01-10,5,0,131,1.89,1.89,0.0,26.456691,0.0
2019-01-10,5,0,132,2.79,2.79,0.0,39.055116,0.0
2019-01-10,5,0,133,7.0,7.0,0.0,76.409268,0.0
2019-01-10,5,0,134,0.0,0.0,0.0,0.0,0.0
2019-01-10,5,0,135,9.97,9.97,0.0,108.828629,0.0
2019-01-10,5,0,136,7.74,7.74,0.0,84.609431,0.0
2019-01-10,5,0,139,23.01,23.01,0.0,286.473554,0.0
2019-01-10,5,0,140,196.41,196.41,0.0,1256.550112,0.0
2019-01-10,5,0,141,17.87,17.87,0.0,210.39755,0.0
2019-01-10,5,0,142,0.0,0.0,0.0,0.0,0.0
2019-01-10,5,0,143,6.19,6.19,0.0,82.382753,0.0
2019-01-10,5,0,145,2.15,2.15,0.0,27.45082,0.0
2019-01-10,5,0,146,268.0,268.0,0.0,1714.553384,0.0
2019-01-10,5,0,152,0.0,0.0,0.0,0.0,0.0
2019-01-10,5,0,153,0.0,0.0,0.0,0.0,0.0
2019-01-10,5,0,154,0.0,0.0,0.0,0.0,0.0
2019-01-10,5,0,157,135.4,135.4,0.0,1594.170582,0.0
2019-01-10,5,0,158,0.0,0.0,0.0,0.0,0.0
2019-01-10,5,0,159,0.0,0.0,0.0,0.0,0.0
2019-01-10,5,0,160,0.0,0.0,0.0,0.0,0.0
2019-01-10,5,0,161,0.0,0.0,0.0,0.0,0.0
2019-01-10,5,0,162,3.34,3.34,0.0,70.318341,0.0
2019-01-10,5,0,163,20.75,20.75,0.0,132.749935,0.0
2019-01-10,5,0,164,0.0,0.0,0.0,0.0,0.0
2019-01-10,5,0,167,0.0,0.0,0.0,0.0,0.0
2019-01-10,5,0,168,0.0,0.0,0.0,0.0,0.0
2019-01-10,5,0,169,0.0,0.0,0.0,0.0,0.0
2019-01-10,5,0,170,0.0,0.0,0.0,0.0,0.0
2019-01-10,5,0,172,0.0,0.0,0.0,0.0,0.0
2019-01-10,5,0,173,0.0,0.0,0.0,0.0,0.0
2019-01-10,5,0,188,0.0,0.0,0.0,0.0,0.0
2019-01-10,5,0,190,0.0,0.0,0.0,0.0,0.0
2019-01-10,5,0,191,0.0,0.0,0.0,0.0,0.0
2019-01-10,5,0,192,24.11,24.11,0.0,522.057407,0.0
2019-01-10,5,0,194,26.54,26.54,0.0,466.044841,0.0
2019-01-10,5,0,196,0.0,0.0,0.0,0.0,0.0
2019-01-10,5,0,198,0.0,0.0,0.0,0.0,0.0
2019-01-10,5,0,199,2.56,2.56,0.0,32.927121,0.0
2019-01-10,5,0,200,0.0,0.0,0.0,0.0,0.0
2019-01-10,5,0,204,53.85,53.85,0.0,641.203314,0.0
2019-01-10,5,0,205,73.84,73.84,0.0,875.012842,0.0
2019-01-10,5,0,206,111.42,111.42,0.0,1484.812878,0.0
2019-01-10,5,0,210,0.0,0.0,0.0,0.0,0.0
2019-01-10,5,0,214,0.0,0.0,0.0,0.0,0.0
2019-01-10,5,0,217,0.0,0.0,0.0,0.0,0.0
2019-01-10,5,0,218,0.0,0.0,0.0,0.0,0.0
2019-01-10,5,0,219,0.0,0.0,0.0,0.0,0.0
2019-01-10,5,0,221,0.0,0.0,0.0,0.0,0.0
2019-01-10,5,0,225,0.0,0.0,0.0,0.0,0.0
2019-01-10,5,0,233,0.0,0.0,0.0,0.0,0.0
2019-01-10,5,0,236,5.39,5.39,0.0,59.844893,0.0
2019-01-10,5,0,237,4.35,4.35,0.0,49.309255,0.0
2019-01-10,5,0,238,0.0,0.0,0.0,0.0,0.0
2019-01-10,5,0,240,0.0,0.0,0.0,0.0,0.0
2019-01-10,5,0,245,12.43,12.43,0.0,135.067047,0.0
2019-01-10,5,0,247,13.66,13.66,0.0,148.432491,0.0
2019-01-10,5,0,248,0.44,0.44,0.0,4.987603,0.0
2019-01-10,5,0,249,23.91,23.91,0.0,259.811189,0.0
2019-01-10,5,0,251,36.28,36.28,0.0,397.386741,0.0
2019-01-10,5,0,252,27.45,27.45,0.0,300.047557,0.0
2019-01-10,5,0,254,0.0,0.0,0.0,0.0,0.0
2019-01-10,5,0,255,0.0,0.0,0.0,0.0,0.0
2019-01-10,5,0,258,0.0,0.0,0.0,0.0,0.0
2019-01-10,5,0,260,0.0,0.0,0.0,0.0,0.0
2019-01-10,5,0,265,0.0,0.0,0.0,0.0,0.0
2019-01-10,5,0,266,14.9,14.9,0.0,185.504387,0.0
2019-01-10,5,0,267,18.31,18.31,0.0,227.958747,0.0
2019-01-10,5,0,270,64.8,64.8,0.0,414.563654,0.0
2019-01-10,5,0,272,43.13,43.13,0.0,672.502799,0.0
2019-01-10,5,0,273,0.0,0.0,0.0,0.0,0.0
2019-01-10,5,0,274,83.54,83.54,0.0,534.454439,0.0
2019-01-10,5,0,275,116.28,116.28,0.0,743.911446,0.0
2019-01-10,5,0,276,0.0,0.0,0.0,0.0,0.0
2019-01-10,5,0,277,0.0,0.0,0.0,0.0,0.0
2019-01-10,5,0,278,0.0,0.0,0.0,0.0,0.0
2019-01-10,5,0,279,27.44,27.44,0.0,420.065142,0.0
2019-01-10,5,0,281,2.84,2.84,0.0,37.79758,0.0
2019-01-10,5,0,282,0.0,0.0,0.0,0.0,0.0
2019-01-10,6,0,9,0.0,0.0,0.0,0.0,0.0
2019-01-10,6,0,17,0.0,0.0,0.0,0.0,0.0
2019-01-10,6,0,19,203.27,203.27,0.0,2796.065096,0.0
2019-01-10,6,0,20,246.53,246.53,0.0,3391.124751,0.0
2019-01-10,6,0,21,0.0,0.0,0.0,0.0,0.0
2019-01-10,6,0,22,0.0,0.0,0.0,0.0,0.0
2019-01-10,6,0,23,8.76,8.76,0.0,126.357234,0.0
2019-01-10,6,0,24,15.5,15.5,0.0,223.577298,0.0
2019-01-10,6,0,29,0.0,0.0,0.0,0.0,0.0
2019-01-10,6,0,30,0.0,0.0,0.0,0.0,0.0
2019-01-10,6,0,31,3.2,3.2,0.0,46.182181,0.0
2019-01-10,6,0,32,0.0,0.0,0.0,0.0,0.0
2019-01-10,6,0,33,0.0,0.0,0.0,0.0,0.0
2019-01-10,6,0,34,0.0,0.0,0.0,0.0,0.0
2019-01-10,6,0,35,0.0,0.0,0.0,0.0,0.0
2019-01-10,6,0,36,0.0,0.0,0.0,0.0,0.0
2019-01-10,6,0,37,0.0,0.0,0.0,0.0,0.0
2019-01-10,6,0,38,0.0,0.0,0.0,0.0,0.0
2019-01-10,6,0,39,0.0,0.0,0.0,0.0,0.0
2019-01-10,6,0,40,0.0,0.0,0.0,0.0,0.0
2019-01-10,6,0,41,20.15,20.15,0.0,283.510772,0.0
2019-01-10,6,0,42,0.0,0.0,0.0,0.0,0.0
2019-01-10,6,0,43,0.0,0.0,0.0,0.0,0.0
2019-01-10,6,0,46,0.0,0.0,0.0,0.0,0.0
2019-01-10,6,0,52,3.39,3.39,0.0,48.924248,0.0
2019-01-10,6,0,53,5.39,5.39,0.0,77.788112,0.0
2019-01-10,6,0,55,13.02,13.02,0.0,187.804931,0.0
2019-01-10,6,0,56,0.0,0.0,0.0,0.0,0.0
2019-01-10,6,0,57,0.0,0.0,0.0,0.0,0.0
2019-01-10,6,0,58,0.0,0.0,0.0,0.0,0.0
2019-01-10,6,0,59,0.0,0.0,0.0,0.0,0.0
2019-01-10,6,0,63,24.99,24.99,0.0,541.522619,0.0
2019-01-10,6,0,64,29.4,29.4,0.0,637.085434,0.0
2019-01-10,6,0,65,4.61,4.61,0.0,63.401934,0.0
2019-01-10,6,0,67,0.0,0.0,0.0,0.0,0.0
2019-01-10,6,0,68,0.86,0.86,0.0,11.732805,0.0
2019-01-10,6,0,69,0.0,0.0,0.0,0.0,0.0
2019-01-10,6,0,74,1.59,1.59,0.0,21.812945,0.0
2019-01-10,6,0,77,25.91,25.91,0.0,392.871014,0.0
2019-01-10,6,0,78,19.58,19.58,0.0,296.88979,0.0
2019-01-10,6,0,79,11.33,11.33,0.0,171.795777,0.0
2019-01-10,6,0,80,18.33,18.33,0.0,277.936151,0.0
2019-01-10,6,0,81,23.96,23.96,0.0,363.303338,0.0
2019-01-10,6,0,82,16.9,16.9,0.0,256.253189,0.0
2019-01-10,6,0,83,37.69,37.69,0.0,571.4901,0.0
2019-01-10,6,0,84,0.0,0.0,0.0,0.0,0.0
2019-01-10,6,0,86,0.0,0.0,0.0,0.0,0.0
2019-01-10,6,0,87,0.0,0.0,0.0,0.0,0.0
2019-01-10,6,0,88,28.69,28.69,0.0,435.023905,0.0
2019-01-10,6,0,89,27.58,27.58,0.0,418.193074,0.0
2019-01-10,6,0,90,37.03,37.03,0.0,561.48258,0.0
2019-01-10,6,0,91,132.08,132.08,0.0,2002.717232,0.0
2019-01-10,6,0,92,47.5,47.5,0.0,720.238253,0.0
2019-01-10,6,0,95,3.78,3.78,0.0,79.18295,0.0
2019-01-10,6,0,96,5.68,5.68,0.0,82.018427,0.0
2019-01-10,6,0,97,34.9,34.9,0.0,503.951249,0.0
2019-01-10,6,0,99,0.31,0.31,0.0,4.252838,0.0
2019-01-10,6,0,101,0.0,0.0,0.0,0.0,0.0
2019-01-10,6,0,102,2.04,2.04,0.0,27.831305,0.0
2019-01-10,6,0,103,1.78,1.78,0.0,24.284178,0.0
2019-01-10,6,0,104,0.33,0.33,0.0,4.502123,0.0
2019-01-10,6,0,106,0.0,0.0,0.0,0.0,0.0
2019-01-10,6,0,109,13.76,13.76,0.0,189.003697,0.0
2019-01-10,6,0,110,277.91,277.91,0.0,1662.92034,0.0
2019-01-10,6,0,111,0.0,0.0,0.0,0.0,0.0
2019-01-10,6,0,113,16.65,16.65,0.0,261.564926,0.0
2019-01-10,6,0,115,16.65,16.65,0.0,261.564926,0.0
2019-01-10,6,0,116,0.0,0.0,0.0,0.0,0.0
2019-01-10,6,0,117,0.66,0.66,0.0,10.368339,0.0
2019-01-10,6,0,119,29.4,29.4,0.0,637.085434,0.0
2019-01-10,6,0,120,17.29,17.29,0.0,374.66691,0.0
2019-01-10,6,0,123,0.0,0.0,0.0,0.0,0.0
2019-01-10,6,0,125,14.02,14.02,0.0,202.229272,0.0
2019-01-10,6,0,126,0.0,0.0,0.0,0.0,0.0
2019-01-10,6,0,127,0.0,0.0,0.0,0.0,0.0
2019-01-10,6,0,128,20.09,20.09,0.0,289.785027,0.0
2019-01-10,6,0,131,2.01,2.01,0.0,28.434125,0.0
2019-01-10,6,0,132,2.95,2.95,0.0,41.731677,0.0
2019-01-10,6,0,133,7.6,7.6,0.0,104.542867,0.0
2019-01-10,6,0,134,0.0,0.0,0.0,0.0,0.0
2019-01-10,6,0,135,10.19,10.19,0.0,140.169975,0.0
2019-01-10,6,0,136,7.95,7.95,0.0,109.336391,0.0
2019-01-10,6,0,139,26.02,26.02,0.0,366.101752,0.0
2019-01-10,6,0,140,205.68,205.68,0.0,1230.720217,0.0
2019-01-10,6,0,141,17.96,17.96,0.0,211.162675,0.0
2019-01-10,6,0,142,0.0,0.0,0.0,0.0,0.0
2019-01-10,6,0,143,10.09,10.09,0.0,145.618191,0.0
2019-01-10,6,0,145,2.44,2.44,0.0,34.585244,0.0
2019-01-10,6,0,146,268.0,268.0,0.0,1603.62222,0.0
2019-01-10,6,0,152,0.0,0.0,0.0,0.0,0.0
2019-01-10,6,0,153,0.0,0.0,0.0,0.0,0.0
2019-01-10,6,0,154,0.0,0.0,0.0,0.0,0.0
2019-01-10,6,0,157,136.22,136.22,0.0,1601.591291,0.0
2019-01-10,6,0,158,0.0,0.0,0.0,0.0,0.0
2019-01-10,6,0,159,0.0,0.0,0.0,0.0,0.0
2019-01-10,6,0,160,0.0,0.0,0.0,0.0,0.0
2019-01-10,6,0,161,0.0,0.0,0.0,0.0,0.0
2019-01-10,6,0,162,2.33,2.33,0.0,48.822386,0.0
2019-01-10,6,0,163,19.73,19.73,0.0,118.05771,0.0
2019-01-10,6,0,164,0.0,0.0,0.0,0.0,0.0
2019-01-10,6,0,167,0.0,0.0,0.0,0.0,0.0
2019-01-10,6,0,168,0.0,0.0,0.0,0.0,0.0
2019-01-10,6,0,169,0.0,0.0,0.0,0.0,0.0
2019-01-10,6,0,170,0.0,0.0,0.0,0.0,0.0
2019-01-10,6,0,172,0.0,0.0,0.0,0.0,0.0
2019-01-10,6,0,173,0.0,0.0,0.0,0.0,0.0
2019-01-10,6,0,188,0.0,0.0,0.0,0.0,0.0
2019-01-10,6,0,190,0.0,0.0,0.0,0.0,0.0
2019-01-10,6,0,191,0.0,0.0,0.0,0.0,0.0
2019-01-10,6,0,192,20.17,20.17,0.0,437.075279,0.0
2019-01-10,6,0,194,24.62,24.62,0.0,433.880629,0.0
2019-01-10,6,0,196,0.0,0.0,0.0,0.0,0.0
2019-01-10,6,0,198,0.0,0.0,0.0,0.0,0.0
2019-01-10,6,0,199,1.16,1.16,0.0,15.250614,0.0
2019-01-10,6,0,200,0.0,0.0,0.0,0.0,0.0
2019-01-10,6,0,204,53.18,53.18,0.0,731.072315,0.0
2019-01-10,6,0,205,72.8,72.8,0.0,999.961418,0.0
2019-01-10,6,0,206,102.55,102.55,0.0,1480.808039,0.0
2019-01-10,6,0,210,0.0,0.0,0.0,0.0,0.0
2019-01-10,6,0,214,0.0,0.0,0.0,0.0,0.0
2019-01-10,6,0,217,0.0,0.0,0.0,0.0,0.0
2019-01-10,6,0,218,0.0,0.0,0.0,0.0,0.0
2019-01-10,6,0,219,0.0,0.0,0.0,0.0,0.0
2019-01-10,6,0,221,0.0,0.0,0.0,0.0,0.0
2019-01-10,6,0,225,0.0,0.0,0.0,0.0,0.0
2019-01-10,6,0,233,0.0,0.0,0.0,0.0,0.0
2019-01-10,6,0,236,4.73,4.73,0.0,64.892696,0.0
2019-01-10,6,0,237,3.82,3.82,0.0,52.405943,0.0
2019-01-10,6,0,238,0.0,0.0,0.0,0.0,0.0
2019-01-10,6,0,240,0.0,0.0,0.0,0.0,0.0
2019-01-10,6,0,245,15.91,15.91,0.0,218.982968,0.0
2019-01-10,6,0,247,17.33,17.33,0.0,238.527645,0.0
2019-01-10,6,0,248,0.38,0.38,0.0,5.213157,0.0
2019-01-10,6,0,249,30.59,30.59,0.0,421.036391,0.0
2019-01-10,6,0,251,35.53,35.53,0.0,488.514972,0.0
2019-01-10,6,0,252,29.75,29.75,0.0,409.155649,0.0
2019-01-10,6,0,254,0.0,0.0,0.0,0.0,0.0
2019-01-10,6,0,255,0.0,0.0,0.0,0.0,0.0
2019-01-10,6,0,258,0.0,0.0,0.0,0.0,0.0
2019-01-10,6,0,260,0.0,0.0,0.0,0.0,0.0
2019-01-10,6,0,265,0.0,0.0,0.0,0.0,0.0
2019-01-10,6,0,266,16.85,16.85,0.0,237.079728,0.0
2019-01-10,6,0,267,20.71,20.71,0.0,291.38998,0.0
2019-01-10,6,0,270,61.62,61.62,0.0,368.713437,0.0
2019-01-10,6,0,272,58.74,58.74,0.0,922.782208,0.0
2019-01-10,6,0,273,0.0,0.0,0.0,0.0,0.0
2019-01-10,6,0,274,79.44,79.44,0.0,475.342348,0.0
2019-01-10,6,0,275,110.58,110.58,0.0,661.673676,0.0
2019-01-10,6,0,276,0.0,0.0,0.0,0.0,0.0
2019-01-10,6,0,277,0.0,0.0,0.0,0.0,0.0
2019-01-10,6,0,278,0.0,0.0,0.0,0.0,0.0
2019-01-10,6,0,279,28.5,28.5,0.0,441.477155,0.0
2019-01-10,6,0,281,1.44,1.44,0.0,20.781982,0.0
2019-01-10,6,0,282,0.0,0.0,0.0,0.0,0.0
2019-01-10,7,0,9,0.0,0.0,0.0,0.0,0.0
2019-01-10,7,0,17,0.0,0.0,0.0,0.0,0.0
2019-01-10,7,0,19,268.18,268.18,0.0,3966.54547,0.0
2019-01-10,7,0,20,325.25,325.25,0.0,4810.645514,0.0
2019-01-10,7,0,21,0.0,0.0,0.0,0.0,0.0
2019-01-10,7,0,22,0.0,0.0,0.0,0.0,0.0
2019-01-10,7,0,23,7.97,7.97,0.0,120.775748,0.0
2019-01-10,7,0,24,14.1,14.1,0.0,213.668513,0.0
2019-01-10,7,0,29,0.0,0.0,0.0,0.0,0.0
2019-01-10,7,0,30,0.0,0.0,0.0,0.0,0.0
2019-01-10,7,0,31,3.24,3.24,0.0,49.118867,0.0
2019-01-10,7,0,32,0.0,0.0,0.0,0.0,0.0
2019-01-10,7,0,33,0.0,0.0,0.0,0.0,0.0
2019-01-10,7,0,34,0.0,0.0,0.0,0.0,0.0
2019-01-10,7,0,35,0.0,0.0,0.0,0.0,0.0
2019-01-10,7,0,36,0.0,0.0,0.0,0.0,0.0
2019-01-10,7,0,37,0.0,0.0,0.0,0.0,0.0
2019-01-10,7,0,38,0.0,0.0,0.0,0.0,0.0
2019-01-10,7,0,39,0.0,0.0,0.0,0.0,0.0
2019-01-10,7,0,40,0.0,0.0,0.0,0.0,0.0
2019-01-10,7,0,41,17.28,17.28,0.0,256.999493,0.0
2019-01-10,7,0,42,0.0,0.0,0.0,0.0,0.0
2019-01-10,7,0,43,0.0,0.0,0.0,0.0,0.0
2019-01-10,7,0,46,0.0,0.0,0.0,0.0,0.0
2019-01-10,7,0,52,3.43,3.43,0.0,51.999294,0.0
2019-01-10,7,0,53,5.45,5.45,0.0,82.622785,0.0
2019-01-10,7,0,55,10.74,10.74,0.0,162.751761,0.0
2019-01-10,7,0,56,0.0,0.0,0.0,0.0,0.0
2019-01-10,7,0,57,0.0,0.0,0.0,0.0,0.0
2019-01-10,7,0,58,0.0,0.0,0.0,0.0,0.0
2019-01-10,7,0,59,0.0,0.0,0.0,0.0,0.0
2019-01-10,7,0,63,23.74,23.74,0.0,553.270879,0.0
2019-01-10,7,0,64,27.93,27.93,0.0,650.920626,0.0
2019-01-10,7,0,65,5.13,5.13,0.0,75.845423,0.0
2019-01-10,7,0,67,0.0,0.0,0.0,0.0,0.0
2019-01-10,7,0,68,0.95,0.95,0.0,13.254536,0.0
2019-01-10,7,0,69,0.0,0.0,0.0,0.0,0.0
2019-01-10,7,0,74,1.4,1.4,0.0,20.515129,0.0
2019-01-10,7,0,77,31.53,31.53,0.0,497.383271,0.0
2019-01-10,7,0,78,23.84,23.84,0.0,376.074126,0.0
2019-01-10,7,0,79,13.79,13.79,0.0,217.536166,0.0
2019-01-10,7,0,80,22.31,22.31,0.0,351.938496,0.0
2019-01-10,7,0,81,29.16,29.16,0.0,459.996707,0.0
2019-01-10,7,0,82,20.57,20.57,0.0,324.490133,0.0
2019-01-10,7,0,83,45.87,45.87,0.0,723.595643,0.0
2019-01-10,7,0,84,0.0,0.0,0.0,0.0,0.0
2019-01-10,7,0,86,0.0,0.0,0.0,0.0,0.0
2019-01-10,7,0,87,0.0,0.0,0.0,0.0,0.0
2019-01-10,7,0,88,34.71,34.71,0.0,547.547521,0.0
2019-01-10,7,0,89,33.37,33.37,0.0,526.409126,0.0
2019-01-10,7,0,90,44.81,44.81,0.0,706.874227,0.0
2019-01-10,7,0,91,159.84,159.84,0.0,2521.463432,0.0
2019-01-10,7,0,92,57.49,57.49,0.0,906.90023,0.0
2019-01-10,7,0,95,2.97,2.97,0.0,66.616318,0.0
2019-01-10,7,0,96,5.24,5.24,0.0,79.473923,0.0
2019-01-10,7,0,97,32.25,32.25,0.0,489.128628,0.0
2019-01-10,7,0,99,0.27,0.27,0.0,3.956489,0.0
2019-01-10,7,0,101,0.0,0.0,0.0,0.0,0.0
2019-01-10,7,0,102,2.24,2.24,0.0,31.2528,0.0
2019-01-10,7,0,103,1.95,1.95,0.0,27.206678,0.0
2019-01-10,7,0,104,0.36,0.36,0.0,5.022771,0.0
2019-01-10,7,0,106,0.0,0.0,0.0,0.0,0.0
2019-01-10,7,0,109,13.94,13.94,0.0,203.047205,0.0
2019-01-10,7,0,110,293.74,293.74,0.0,1426.003895,0.0
2019-01-10,7,0,111,0.0,0.0,0.0,0.0,0.0
2019-01-10,7,0,113,9.96,9.96,0.0,163.023536,0.0
2019-01-10,7,0,115,9.96,9.96,0.0,163.023536,0.0
2019-01-10,7,0,116,0.0,0.0,0.0,0.0,0.0
2019-01-10,7,0,117,0.41,0.41,0.0,6.710808,0.0
2019-01-10,7,0,119,27.93,27.93,0.0,650.920626,0.0
2019-01-10,7,0,120,16.42,16.42,0.0,382.67514,0.0
2019-01-10,7,0,123,0.0,0.0,0.0,0.0,0.0
2019-01-10,7,0,125,12.76,12.76,0.0,193.362427,0.0
2019-01-10,7,0,126,0.0,0.0,0.0,0.0,0.0
2019-01-10,7,0,127,0.0,0.0,0.0,0.0,0.0
2019-01-10,7,0,128,18.28,18.28,0.0,277.011377,0.0
2019-01-10,7,0,131,2.2,2.2,0.0,32.010528,0.0
2019-01-10,7,0,132,3.24,3.24,0.0,47.142777,0.0
2019-01-10,7,0,133,9.99,9.99,0.0,147.76376,0.0
2019-01-10,7,0,134,0.0,0.0,0.0,0.0,0.0
2019-01-10,7,0,135,13.39,13.39,0.0,198.053728,0.0
2019-01-10,7,0,136,8.3,8.3,0.0,122.710167,0.0
2019-01-10,7,0,139,22.31,22.31,0.0,331.808952,0.0
2019-01-10,7,0,140,217.4,217.4,0.0,1055.400173,0.0
2019-01-10,7,0,141,18.25,18.25,0.0,213.756021,0.0
2019-01-10,7,0,142,0.0,0.0,0.0,0.0,0.0
2019-01-10,7,0,143,6.96,6.96,0.0,105.514603,0.0
2019-01-10,7,0,145,2.92,2.92,0.0,43.626136,0.0
2019-01-10,7,0,146,268.0,268.0,0.0,1301.045292,0.0
2019-01-10,7,0,152,0.0,0.0,0.0,0.0,0.0
2019-01-10,7,0,153,0.0,0.0,0.0,0.0,0.0
2019-01-10,7,0,154,0.0,0.0,0.0,0.0,0.0
2019-01-10,7,0,157,136.28,136.28,0.0,1596.201129,0.0
2019-01-10,7,0,158,0.0,0.0,0.0,0.0,0.0
2019-01-10,7,0,159,0.0,0.0,0.0,0.0,0.0
2019-01-10,7,0,160,0.0,0.0,0.0,0.0,0.0
2019-01-10,7,0,161,0.0,0.0,0.0,0.0,0.0
2019-01-10,7,0,162,1.54,1.54,0.0,34.553263,0.0
2019-01-10,7,0,163,18.96,18.96,0.0,92.0441,0.0
2019-01-10,7,0,164,0.0,0.0,0.0,0.0,0.0
2019-01-10,7,0,167,0.0,0.0,0.0,0.0,0.0
2019-01-10,7,0,168,0.0,0.0,0.0,0.0,0.0
2019-01-10,7,0,169,0.0,0.0,0.0,0.0,0.0
2019-01-10,7,0,170,0.0,0.0,0.0,0.0,0.0
2019-01-10,7,0,172,0.0,0.0,0.0,0.0,0.0
2019-01-10,7,0,173,0.0,0.0,0.0,0.0,0.0
2019-01-10,7,0,188,0.0,0.0,0.0,0.0,0.0
2019-01-10,7,0,190,0.0,0.0,0.0,0.0,0.0
2019-01-10,7,0,191,0.0,0.0,0.0,0.0,0.0
2019-01-10,7,0,192,16.84,16.84,0.0,392.463421,0.0
2019-01-10,7,0,194,24.0,24.0,0.0,446.111711,0.0
2019-01-10,7,0,196,0.0,0.0,0.0,0.0,0.0
2019-01-10,7,0,198,0.0,0.0,0.0,0.0,0.0
2019-01-10,7,0,199,0.0,0.0,0.0,0.0,0.0
2019-01-10,7,0,200,0.0,0.0,0.0,0.0,0.0
2019-01-10,7,0,204,54.1,54.1,0.0,788.152356,0.0
2019-01-10,7,0,205,73.73,73.73,0.0,1073.936185,0.0
2019-01-10,7,0,206,94.77,94.77,0.0,1437.355662,0.0
2019-01-10,7,0,210,0.0,0.0,0.0,0.0,0.0
2019-01-10,7,0,214,0.0,0.0,0.0,0.0,0.0
2019-01-10,7,0,217,0.0,0.0,0.0,0.0,0.0
2019-01-10,7,0,218,0.0,0.0,0.0,0.0,0.0
2019-01-10,7,0,219,0.0,0.0,0.0,0.0,0.0
2019-01-10,7,0,221,0.0,0.0,0.0,0.0,0.0
2019-01-10,7,0,225,0.0,0.0,0.0,0.0,0.0
2019-01-10,7,0,233,0.0,0.0,0.0,0.0,0.0
2019-01-10,7,0,236,4.14,4.14,0.0,60.874613,0.0
2019-01-10,7,0,237,3.35,3.35,0.0,49.089774,0.0
2019-01-10,7,0,238,0.0,0.0,0.0,0.0,0.0
2019-01-10,7,0,240,0.0,0.0,0.0,0.0,0.0
2019-01-10,7,0,245,20.63,20.63,0.0,305.579825,0.0
2019-01-10,7,0,247,22.26,22.26,0.0,329.724038,0.0
2019-01-10,7,0,248,0.34,0.34,0.0,4.982246,0.0
2019-01-10,7,0,249,39.67,39.67,0.0,587.607933,0.0
2019-01-10,7,0,251,36.23,36.23,0.0,535.296553,0.0
2019-01-10,7,0,252,33.07,33.07,0.0,488.929459,0.0
2019-01-10,7,0,254,0.0,0.0,0.0,0.0,0.0
2019-01-10,7,0,255,0.0,0.0,0.0,0.0,0.0
2019-01-10,7,0,258,0.0,0.0,0.0,0.0,0.0
2019-01-10,7,0,260,0.0,0.0,0.0,0.0,0.0
2019-01-10,7,0,265,0.0,0.0,0.0,0.0,0.0
2019-01-10,7,0,266,14.44,14.44,0.0,214.761151,0.0
2019-01-10,7,0,267,17.75,17.75,0.0,263.989641,0.0
2019-01-10,7,0,270,59.21,59.21,0.0,287.443626,0.0
2019-01-10,7,0,272,35.45,35.45,0.0,580.239394,0.0
2019-01-10,7,0,273,0.0,0.0,0.0,0.0,0.0
2019-01-10,7,0,274,76.33,76.33,0.0,370.555176,0.0
2019-01-10,7,0,275,106.26,106.26,0.0,515.854749,0.0
2019-01-10,7,0,276,0.0,0.0,0.0,0.0,0.0
2019-01-10,7,0,277,0.0,0.0,0.0,0.0,0.0
2019-01-10,7,0,278,0.0,0.0,0.0,0.0,0.0
2019-01-10,7,0,279,31.16,31.16,0.0,502.614549,0.0
2019-01-10,7,0,281,1.45,1.45,0.0,21.982209,0.0
2019-01-10,7,0,282,0.0,0.0,0.0,0.0,0.0
2019-01-10,8,0,9,0.0,0.0,0.0,0.0,0.0
2019-01-10,8,0,17,0.0,0.0,0.0,0.0,0.0
2019-01-10,8,0,19,322.51,322.51,0.0,4272.410803,0.0
2019-01-10,8,0,20,401.39,401.39,0.0,5317.363716,0.0
2019-01-10,8,0,21,0.0,0.0,0.0,0.0,0.0
2019-01-10,8,0,22,0.0,0.0,0.0,0.0,0.0
2019-01-10,8,0,23,18.29,18.29,0.0,207.888698,0.0
2019-01-10,8,0,24,32.36,32.36,0.0,367.811824,0.0
2019-01-10,8,0,29,0.0,0.0,0.0,0.0,0.0
2019-01-10,8,0,30,0.0,0.0,0.0,0.0,0.0
2019-01-10,8,0,31,2.5,2.5,0.0,28.394493,0.0
2019-01-10,8,0,32,0.0,0.0,0.0,0.0,0.0
2019-01-10,8,0,33,0.0,0.0,0.0,0.0,0.0
2019-01-10,8,0,34,0.0,0.0,0.0,0.0,0.0
2019-01-10,8,0,35,0.0,0.0,0.0,0.0,0.0
2019-01-10,8,0,36,0.0,0.0,0.0,0.0,0.0
2019-01-10,8,0,37,0.0,0.0,0.0,0.0,0.0
2019-01-10,8,0,38,0.0,0.0,0.0,0.0,0.0
2019-01-10,8,0,39,0.0,0.0,0.0,0.0,0.0
2019-01-10,8,0,40,0.0,0.0,0.0,0.0,0.0
2019-01-10,8,0,41,7.91,7.91,0.0,93.726122,0.0
2019-01-10,8,0,42,0.0,0.0,0.0,0.0,0.0
2019-01-10,8,0,43,0.0,0.0,0.0,0.0,0.0
2019-01-10,8,0,46,0.0,0.0,0.0,0.0,0.0
2019-01-10,8,0,52,2.65,2.65,0.0,30.098163,0.0
2019-01-10,8,0,53,4.2,4.2,0.0,47.702749,0.0
2019-01-10,8,0,55,18.32,18.32,0.0,208.229686,0.0
2019-01-10,8,0,56,0.0,0.0,0.0,0.0,0.0
2019-01-10,8,0,57,0.0,0.0,0.0,0.0,0.0
2019-01-10,8,0,58,0.0,0.0,0.0,0.0,0.0
2019-01-10,8,0,59,0.0,0.0,0.0,0.0,0.0
2019-01-10,8,0,63,19.57,19.57,0.0,401.179682,0.0
2019-01-10,8,0,64,23.01,23.01,0.0,471.698747,0.0
2019-01-10,8,0,65,6.73,6.73,0.0,89.015934,0.0
2019-01-10,8,0,67,0.0,0.0,0.0,0.0,0.0
2019-01-10,8,0,68,2.05,2.05,0.0,18.657504,0.0
2019-01-10,8,0,69,0.0,0.0,0.0,0.0,0.0
2019-01-10,8,0,74,4.83,4.83,0.0,61.209492,0.0
2019-01-10,8,0,77,45.18,45.18,0.0,477.238538,0.0
2019-01-10,8,0,78,34.12,34.12,0.0,360.41122,0.0
2019-01-10,8,0,79,19.68,19.68,0.0,207.880798,0.0
2019-01-10,8,0,80,31.92,31.92,0.0,337.172513,0.0
2019-01-10,8,0,81,41.78,41.78,0.0,441.324173,0.0
2019-01-10,8,0,82,29.42,29.42,0.0,310.764892,0.0
2019-01-10,8,0,83,65.82,65.82,0.0,695.259863,0.0
2019-01-10,8,0,84,0.0,0.0,0.0,0.0,0.0
2019-01-10,8,0,86,0.0,0.0,0.0,0.0,0.0
2019-01-10,8,0,87,0.0,0.0,0.0,0.0,0.0
2019-01-10,8,0,88,48.01,48.01,0.0,507.131966,0.0
2019-01-10,8,0,89,46.33,46.33,0.0,489.386044,0.0
2019-01-10,8,0,90,60.45,60.45,0.0,638.536291,0.0
2019-01-10,8,0,91,189.51,189.51,0.0,2001.803351,0.0
2019-01-10,8,0,92,75.83,75.83,0.0,800.99598,0.0
2019-01-10,8,0,95,2.8,2.8,0.0,54.448183,0.0
2019-01-10,8,0,96,7.68,7.68,0.0,87.160046,0.0
2019-01-10,8,0,97,47.25,47.25,0.0,536.238565,0.0
2019-01-10,8,0,99,0.93,0.93,0.0,11.785679,0.0
2019-01-10,8,0,101,0.0,0.0,0.0,0.0,0.0
2019-01-10,8,0,102,4.86,4.86,0.0,44.231936,0.0
2019-01-10,8,0,103,4.23,4.23,0.0,38.498167,0.0
2019-01-10,8,0,104,0.78,0.78,0.0,7.098953,0.0
2019-01-10,8,0,106,0.0,0.0,0.0,0.0,0.0
2019-01-10,8,0,109,25.96,25.96,0.0,313.173127,0.0
2019-01-10,8,0,110,338.6,338.6,0.0,755.549702,0.0
2019-01-10,8,0,111,0.0,0.0,0.0,0.0,0.0
2019-01-10,8,0,113,41.87,41.87,0.0,449.279653,0.0
2019-01-10,8,0,115,41.87,41.87,0.0,449.279653,0.0
2019-01-10,8,0,116,0.0,0.0,0.0,0.0,0.0
2019-01-10,8,0,117,2.17,2.17,0.0,23.284854,0.0
2019-01-10,8,0,119,23.01,23.01,0.0,471.698747,0.0
2019-01-10,8,0,120,13.57,13.57,0.0,278.181313,0.0
2019-01-10,8,0,123,0.0,0.0,0.0,0.0,0.0
2019-01-10,8,0,125,29.28,29.28,0.0,332.803777,0.0
2019-01-10,8,0,126,0.0,0.0,0.0,0.0,0.0
2019-01-10,8,0,127,0.0,0.0,0.0,0.0,0.0
2019-01-10,8,0,128,41.94,41.94,0.0,476.700492,0.0
2019-01-10,8,0,131,5.47,5.47,0.0,52.254171,0.0
2019-01-10,8,0,132,8.04,8.04,0.0,76.805034,0.0
2019-01-10,8,0,133,14.55,14.55,0.0,192.777593,0.0
2019-01-10,8,0,134,0.0,0.0,0.0,0.0,0.0
2019-01-10,8,0,135,19.5,19.5,0.0,258.361723,0.0
2019-01-10,8,0,136,10.21,10.21,0.0,135.033408,0.0
2019-01-10,8,0,139,10.21,10.21,0.0,120.978977,0.0
2019-01-10,8,0,140,250.6,250.6,0.0,559.18711,0.0
2019-01-10,8,0,141,43.98,43.98,0.0,325.896682,0.0
2019-01-10,8,0,142,0.0,0.0,0.0,0.0,0.0
2019-01-10,8,0,143,3.4,3.4,0.0,38.616511,0.0
2019-01-10,8,0,145,5.13,5.13,0.0,59.613709,0.0
2019-01-10,8,0,146,268.0,268.0,0.0,598.01335,0.0
2019-01-10,8,0,152,0.0,0.0,0.0,0.0,0.0
2019-01-10,8,0,153,0.0,0.0,0.0,0.0,0.0
2019-01-10,8,0,154,0.0,0.0,0.0,0.0,0.0
2019-01-10,8,0,157,135.77,135.77,0.0,1006.070771,0.0
2019-01-10,8,0,158,0.0,0.0,0.0,0.0,0.0
2019-01-10,8,0,159,0.0,0.0,0.0,0.0,0.0
2019-01-10,8,0,160,0.0,0.0,0.0,0.0,0.0
2019-01-10,8,0,161,0.0,0.0,0.0,0.0,0.0
2019-01-10,8,0,162,1.89,1.89,0.0,36.775684,0.0
2019-01-10,8,0,163,35.72,35.72,0.0,79.705361,0.0
2019-01-10,8,0,164,0.0,0.0,0.0,0.0,0.0
2019-01-10,8,0,167,0.0,0.0,0.0,0.0,0.0
2019-01-10,8,0,168,0.0,0.0,0.0,0.0,0.0
2019-01-10,8,0,169,0.0,0.0,0.0,0.0,0.0
2019-01-10,8,0,170,0.0,0.0,0.0,0.0,0.0
2019-01-10,8,0,172,0.0,0.0,0.0,0.0,0.0
2019-01-10,8,0,173,0.0,0.0,0.0,0.0,0.0
2019-01-10,8,0,188,0.0,0.0,0.0,0.0,0.0
2019-01-10,8,0,190,0.0,0.0,0.0,0.0,0.0
2019-01-10,8,0,191,0.0,0.0,0.0,0.0,0.0
2019-01-10,8,0,192,31.87,31.87,0.0,653.32634,0.0
2019-01-10,8,0,194,50.27,50.27,0.0,610.540759,0.0
2019-01-10,8,0,196,0.0,0.0,0.0,0.0,0.0
2019-01-10,8,0,198,0.0,0.0,0.0,0.0,0.0
2019-01-10,8,0,199,0.0,0.0,0.0,0.0,0.0
2019-01-10,8,0,200,0.0,0.0,0.0,0.0,0.0
2019-01-10,8,0,204,112.59,112.59,0.0,1352.329989,0.0
2019-01-10,8,0,205,137.33,137.33,0.0,1656.705146,0.0
2019-01-10,8,0,206,138.83,138.83,0.0,1575.576718,0.0
2019-01-10,8,0,210,0.0,0.0,0.0,0.0,0.0
2019-01-10,8,0,214,0.0,0.0,0.0,0.0,0.0
2019-01-10,8,0,217,0.0,0.0,0.0,0.0,0.0
2019-01-10,8,0,218,0.0,0.0,0.0,0.0,0.0
2019-01-10,8,0,219,0.0,0.0,0.0,0.0,0.0
2019-01-10,8,0,221,0.0,0.0,0.0,0.0,0.0
2019-01-10,8,0,225,0.0,0.0,0.0,0.0,0.0
2019-01-10,8,0,233,0.0,0.0,0.0,0.0,0.0
2019-01-10,8,0,236,11.5,11.5,0.0,149.049658,0.0
2019-01-10,8,0,237,11.59,11.59,0.0,146.877435,0.0
2019-01-10,8,0,238,0.0,0.0,0.0,0.0,0.0
2019-01-10,8,0,240,0.0,0.0,0.0,0.0,0.0
2019-01-10,8,0,245,30.07,30.07,0.0,400.630683,0.0
2019-01-10,8,0,247,35.24,35.24,0.0,469.511981,0.0
2019-01-10,8,0,248,1.16,1.16,0.0,14.700416,0.0
2019-01-10,8,0,249,57.83,57.83,0.0,770.484616,0.0
2019-01-10,8,0,251,39.7,39.7,0.0,523.756192,0.0
2019-01-10,8,0,252,43.38,43.38,0.0,573.775815,0.0
2019-01-10,8,0,254,0.0,0.0,0.0,0.0,0.0
2019-01-10,8,0,255,0.0,0.0,0.0,0.0,0.0
2019-01-10,8,0,258,0.0,0.0,0.0,0.0,0.0
2019-01-10,8,0,260,0.0,0.0,0.0,0.0,0.0
2019-01-10,8,0,265,0.0,0.0,0.0,0.0,0.0
2019-01-10,8,0,266,6.61,6.61,0.0,78.322335,0.0
2019-01-10,8,0,267,8.12,8.12,0.0,96.214426,0.0
2019-01-10,8,0,270,111.56,111.56,0.0,248.934214,0.0
2019-01-10,8,0,272,144.94,144.94,0.0,1555.256579,0.0
2019-01-10,8,0,273,0.0,0.0,0.0,0.0,0.0
2019-01-10,8,0,274,143.82,143.82,0.0,320.918955,0.0
2019-01-10,8,0,275,200.19,200.19,0.0,446.702584,0.0
2019-01-10,8,0,276,0.0,0.0,0.0,0.0,0.0
2019-01-10,8,0,277,0.0,0.0,0.0,0.0,0.0
2019-01-10,8,0,278,0.0,0.0,0.0,0.0,0.0
2019-01-10,8,0,279,69.02,69.02,0.0,735.979223,0.0
2019-01-10,8,0,281,1.12,1.12,0.0,12.720733,0.0
2019-01-10,8,0,282,0.0,0.0,0.0,0.0,0.0
2019-01-10,9,0,9,0.1,0.1,0.0,0.587564,0.0
2019-01-10,9,0,17,5.25,5.25,0.0,52.235347,0.0
2019-01-10,9,0,19,323.41,323.41,0.0,3217.796853,0.0
2019-01-10,9,0,20,401.59,401.59,0.0,3995.655788,0.0
2019-01-10,9,0,21,2.28,2.28,0.0,13.396469,0.0
2019-01-10,9,0,22,8.1,8.1,0.0,47.59272,0.0
2019-01-10,9,0,23,36.55,36.55,0.0,214.754805,0.0
2019-01-10,9,0,24,64.67,64.67,0.0,379.977928,0.0
2019-01-10,9,0,29,1.24,1.24,0.0,10.407187,0.0
2019-01-10,9,0,30,16.25,16.25,0.0,95.093607,0.0
2019-01-10,9,0,31,5.7,5.7,0.0,33.355911,0.0
2019-01-10,9,0,32,0.49,0.49,0.0,10.634201,0.0
2019-01-10,9,0,33,0.18,0.18,0.0,1.939767,0.0
2019-01-10,9,0,34,0.29,0.29,0.0,3.125181,0.0
2019-01-10,9,0,35,0.29,0.29,0.0,3.125181,0.0
2019-01-10,9,0,36,0.28,0.28,0.0,2.397926,0.0
2019-01-10,9,0,37,0.15,0.15,0.0,1.279515,0.0
2019-01-10,9,0,38,0.19,0.19,0.0,1.62072,0.0
2019-01-10,9,0,39,0.13,0.13,0.0,1.108913,0.0
2019-01-10,9,0,40,0.13,0.13,0.0,1.108913,0.0
2019-01-10,9,0,41,9.28,9.28,0.0,66.235542,0.0
2019-01-10,9,0,42,5.01,5.01,0.0,48.949444,0.0
2019-01-10,9,0,43,0.8,0.8,0.0,6.917959,0.0
2019-01-10,9,0,46,0.93,0.93,0.0,7.681506,0.0
2019-01-10,9,0,52,6.05,6.05,0.0,35.404081,0.0
2019-01-10,9,0,53,9.66,9.66,0.0,56.529492,0.0
2019-01-10,9,0,55,34.94,34.94,0.0,205.295018,0.0
2019-01-10,9,0,56,4.79,4.79,0.0,28.030669,0.0
2019-01-10,9,0,57,4.56,4.56,0.0,26.684729,0.0
2019-01-10,9,0,58,8.77,8.77,0.0,51.321288,0.0
2019-01-10,9,0,59,8.62,8.62,0.0,50.443501,0.0
2019-01-10,9,0,63,14.56,14.56,0.0,377.917099,0.0
2019-01-10,9,0,64,17.13,17.13,0.0,444.62362,0.0
2019-01-10,9,0,65,10.14,10.14,0.0,100.551216,0.0
2019-01-10,9,0,67,7.21,7.21,0.0,-84.350145,0.0
2019-01-10,9,0,68,7.25,7.25,0.0,-24.895447,0.0
2019-01-10,9,0,69,0.18,0.18,0.0,1.939767,0.0
2019-01-10,9,0,74,11.56,11.56,0.0,103.92809,0.0
2019-01-10,9,0,77,31.73,31.73,0.0,114.229585,0.0
2019-01-10,9,0,78,23.99,23.99,0.0,86.365199,0.0
2019-01-10,9,0,79,13.88,13.88,0.0,49.968694,0.0
2019-01-10,9,0,80,22.45,22.45,0.0,80.821122,0.0
2019-01-10,9,0,81,29.35,29.35,0.0,105.661467,0.0
2019-01-10,9,0,82,20.71,20.71,0.0,74.557035,0.0
2019-01-10,9,0,83,46.17,46.17,0.0,166.214307,0.0
2019-01-10,9,0,84,0.0,0.0,0.0,0.0,0.0
2019-01-10,9,0,86,0.92,0.92,0.0,9.914366,0.0
2019-01-10,9,0,87,4.72,4.72,0.0,50.865008,0.0
2019-01-10,9,0,88,103.2,103.2,0.0,371.525157,0.0
2019-01-10,9,0,89,98.58,98.58,0.0,354.892926,0.0
2019-01-10,9,0,90,138.36,138.36,0.0,498.102914,0.0
2019-01-10,9,0,91,519.93,519.93,0.0,1871.77398,0.0
2019-01-10,9,0,92,182.93,182.93,0.0,658.557141,0.0
2019-01-10,9,0,95,3.05,3.05,0.0,66.747407,0.0
2019-01-10,9,0,96,10.86,10.86,0.0,63.282457,0.0
2019-01-10,9,0,97,66.76,66.76,0.0,389.018124,0.0
2019-01-10,9,0,99,2.23,2.23,0.0,20.048412,0.0
2019-01-10,9,0,101,0.33,0.33,0.0,1.931132,0.0
2019-01-10,9,0,102,17.13,17.13,0.0,-58.821933,0.0
2019-01-10,9,0,103,14.9,14.9,0.0,-51.164437,0.0
2019-01-10,9,0,104,2.78,2.78,0.0,-9.546116,0.0
2019-01-10,9,0,106,7.98,7.98,0.0,46.887643,0.0
2019-01-10,9,0,109,41.29,41.29,0.0,326.503021,0.0
2019-01-10,9,0,110,338.6,338.6,0.0,-12531.485353,0.0
2019-01-10,9,0,111,0.44,0.44,0.0,3.140478,0.0
2019-01-10,9,0,113,47.41,47.41,0.0,226.677523,0.0
2019-01-10,9,0,115,47.41,47.41,0.0,226.677523,0.0
2019-01-10,9,0,116,5.12,5.12,0.0,-189.489678,0.0
2019-01-10,9,0,117,3.22,3.22,0.0,15.39552,0.0
2019-01-10,9,0,119,17.13,17.13,0.0,444.62362,0.0
2019-01-10,9,0,120,10.07,10.07,0.0,261.375356,0.0
2019-01-10,9,0,123,0.13,0.13,0.0,0.763834,0.0
2019-01-10,9,0,125,58.52,58.52,0.0,343.842714,0.0
2019-01-10,9,0,126,5.98,5.98,0.0,35.136354,0.0
2019-01-10,9,0,127,7.68,7.68,0.0,45.12495,0.0
2019-01-10,9,0,128,83.82,83.82,0.0,492.496519,0.0
2019-01-10,9,0,131,11.1,11.1,0.0,-13.613883,0.0
2019-01-10,9,0,132,16.32,16.32,0.0,-20.016087,0.0
2019-01-10,9,0,133,21.13,21.13,0.0,210.301119,0.0
2019-01-10,9,0,134,0.0,0.0,0.0,0.0,0.0
2019-01-10,9,0,135,28.31,28.31,0.0,281.761698,0.0
2019-01-10,9,0,136,13.35,13.35,0.0,132.358116,0.0
2019-01-10,9,0,139,11.99,11.99,0.0,85.578034,0.0
2019-01-10,9,0,140,250.6,250.6,0.0,-9274.63151,0.0
2019-01-10,9,0,141,88.37,88.37,0.0,-1033.844979,0.0
2019-01-10,9,0,142,9.51,9.51,0.0,-111.257958,0.0
2019-01-10,9,0,143,8.02,8.02,0.0,46.932353,0.0
2019-01-10,9,0,145,8.35,8.35,0.0,55.238748,0.0
2019-01-10,9,0,146,268.0,268.0,0.0,-9918.600338,0.0
2019-01-10,9,0,152,0.25,0.25,0.0,2.249454,0.0
2019-01-10,9,0,153,0.31,0.31,0.0,2.775954,0.0
2019-01-10,9,0,154,1.82,1.82,0.0,12.99016,0.0
2019-01-10,9,0,157,135.09,135.09,0.0,-1580.424558,0.0
2019-01-10,9,0,158,0.0,0.0,0.0,-0.0,0.0
2019-01-10,9,0,159,0.0,0.0,0.0,0.0,0.0
2019-01-10,9,0,160,0.08,0.08,0.0,0.724974,0.0
2019-01-10,9,0,161,2.21,2.21,0.0,-7.588819,0.0
2019-01-10,9,0,162,2.57,2.57,0.0,56.357103,0.0
2019-01-10,9,0,163,60.63,60.63,0.0,-2243.898278,0.0
2019-01-10,9,0,164,0.43,0.43,0.0,2.516323,0.0
2019-01-10,9,0,167,0.64,0.64,0.0,13.928647,0.0
2019-01-10,9,0,168,0.32,0.32,0.0,6.964324,0.0
2019-01-10,9,0,169,0.0,0.0,0.0,0.0,0.0
2019-01-10,9,0,170,0.7,0.7,0.0,15.234458,0.0
2019-01-10,9,0,172,0.86,0.86,0.0,17.854879,0.0
2019-01-10,9,0,173,1.31,1.31,0.0,27.197548,0.0
2019-01-10,9,0,188,0.93,0.93,0.0,19.517065,0.0
2019-01-10,9,0,190,0.23,0.23,0.0,5.969844,0.0
2019-01-10,9,0,191,0.6,0.6,0.0,15.573507,0.0
2019-01-10,9,0,192,53.7,53.7,0.0,1393.828861,0.0
2019-01-10,9,0,194,67.7,67.7,0.0,814.804918,0.0
2019-01-10,9,0,196,0.29,0.29,0.0,10.03368,0.0
2019-01-10,9,0,198,0.63,0.63,0.0,6.047538,0.0
2019-01-10,9,0,199,0.0,0.0,0.0,0.0,0.0
2019-01-10,9,0,200,1.45,1.45,0.0,16.39191,0.0
2019-01-10,9,0,204,115.45,115.45,0.0,900.779124,0.0
2019-01-10,9,0,205,232.54,232.54,0.0,1838.823261,0.0
2019-01-10,9,0,206,196.17,196.17,0.0,1143.104935,0.0
2019-01-10,9,0,210,0.34,0.34,0.0,2.937485,0.0
2019-01-10,9,0,214,1.64,1.64,0.0,18.476553,0.0
2019-01-10,9,0,217,1.3,1.3,0.0,13.162049,0.0
2019-01-10,9,0,218,1.79,1.79,0.0,18.12313,0.0
2019-01-10,9,0,219,1.22,1.22,0.0,12.352077,0.0
2019-01-10,9,0,221,0.87,0.87,0.0,9.801586,0.0
2019-01-10,9,0,225,1.11,1.11,0.0,9.289658,0.0
2019-01-10,9,0,233,0.52,0.52,0.0,5.603772,0.0
2019-01-10,9,0,236,26.02,26.02,0.0,246.989417,0.0
2019-01-10,9,0,237,27.73,27.73,0.0,249.30155,0.0
2019-01-10,9,0,238,6.52,6.52,0.0,63.702669,0.0
2019-01-10,9,0,240,0.32,0.32,0.0,2.740487,0.0
2019-01-10,9,0,245,45.63,45.63,0.0,459.586737,0.0
2019-01-10,9,0,247,59.35,59.35,0.0,597.774991,0.0
2019-01-10,9,0,248,2.78,2.78,0.0,24.993087,0.0
2019-01-10,9,0,249,87.75,87.75,0.0,883.820648,0.0
2019-01-10,9,0,251,58.03,58.03,0.0,572.270186,0.0
2019-01-10,9,0,252,65.42,65.42,0.0,648.723923,0.0
2019-01-10,9,0,254,0.71,0.71,0.0,6.213577,0.0
2019-01-10,9,0,255,0.32,0.32,0.0,2.800486,0.0
2019-01-10,9,0,258,0.37,0.37,0.0,3.173674,0.0
2019-01-10,9,0,260,0.2,0.2,0.0,1.812435,0.0
2019-01-10,9,0,265,1.88,1.88,0.0,13.418407,0.0
2019-01-10,9,0,266,7.76,7.76,0.0,55.386617,0.0
2019-01-10,9,0,267,9.54,9.54,0.0,68.09128,0.0
2019-01-10,9,0,270,189.33,189.33,0.0,-7007.047022,0.0
2019-01-10,9,0,272,158.19,158.19,0.0,756.340801,0.0
2019-01-10,9,0,273,1.22,1.22,0.0,-45.151837,0.0
2019-01-10,9,0,274,244.07,244.07,0.0,-9032.958151,0.0
2019-01-10,9,0,275,339.75,339.75,0.0,-12574.046511,0.0
2019-01-10,9,0,276,0.27,0.27,0.0,-8.466759,0.0
2019-01-10,9,0,277,0.26,0.26,0.0,1.119994,0.0
2019-01-10,9,0,278,0.42,0.42,0.0,1.809221,0.0
2019-01-10,9,0,279,130.72,130.72,0.0,563.098412,0.0
2019-01-10,9,0,281,2.54,2.54,0.0,14.863862,0.0
2019-01-10,9,0,282,8.91,8.91,0.0,52.140556,0.0
2019-01-10,10,0,9,0.96,0.96,0.0,3.085894,0.0
2019-01-10,10,0,17,14.32,14.32,0.0,133.524962,0.0
2019-01-10,10,0,19,302.44,302.44,0.0,2820.062121,0.0
2019-01-10,10,0,20,374.75,374.75,0.0,3494.307234,0.0
2019-01-10,10,0,21,21.94,21.94,0.0,70.525529,0.0
2019-01-10,10,0,22,77.96,77.96,0.0,250.600284,0.0
2019-01-10,10,0,23,65.44,65.44,0.0,210.355087,0.0
2019-01-10,10,0,24,115.78,115.78,0.0,372.171637,0.0
2019-01-10,10,0,29,3.08,3.08,0.0,23.266453,0.0
2019-01-10,10,0,30,183.64,183.64,0.0,583.697985,0.0
2019-01-10,10,0,31,19.26,19.26,0.0,61.217726,0.0
2019-01-10,10,0,32,0.92,0.92,0.0,18.711211,0.0
2019-01-10,10,0,33,0.4,0.4,0.0,4.217603,0.0
2019-01-10,10,0,34,0.64,0.64,0.0,6.748164,0.0
2019-01-10,10,0,35,0.64,0.64,0.0,6.748164,0.0
2019-01-10,10,0,36,1.06,1.06,0.0,7.740087,0.0
2019-01-10,10,0,37,0.47,0.47,0.0,3.410024,0.0
2019-01-10,10,0,38,0.61,0.61,0.0,4.425776,0.0
2019-01-10,10,0,39,0.4,0.4,0.0,2.902148,0.0
2019-01-10,10,0,40,0.4,0.4,0.0,2.902148,0.0
2019-01-10,10,0,41,11.2,11.2,0.0,57.372173,0.0
2019-01-10,10,0,42,14.6,14.6,0.0,132.275915,0.0
2019-01-10,10,0,43,3.51,3.51,0.0,26.144069,0.0
2019-01-10,10,0,46,4.27,4.27,0.0,29.246072,0.0
2019-01-10,10,0,52,20.43,20.43,0.0,64.93656,0.0
2019-01-10,10,0,53,32.57,32.57,0.0,103.523434,0.0
2019-01-10,10,0,55,64.4,64.4,0.0,207.012035,0.0
2019-01-10,10,0,56,54.17,54.17,0.0,172.178827,0.0
2019-01-10,10,0,57,51.53,51.53,0.0,163.787613,0.0
2019-01-10,10,0,58,99.09,99.09,0.0,314.956618,0.0
2019-01-10,10,0,59,97.44,97.44,0.0,309.712109,0.0
2019-01-10,10,0,63,19.75,19.75,0.0,503.427851,0.0
2019-01-10,10,0,64,23.24,23.24,0.0,592.388013,0.0
2019-01-10,10,0,65,15.97,15.97,0.0,148.125872,0.0
2019-01-10,10,0,67,101.85,101.85,0.0,-1878.68807,0.0
2019-01-10,10,0,68,21.99,21.99,0.0,-189.903461,0.0
2019-01-10,10,0,69,0.4,0.4,0.0,4.217603,0.0
2019-01-10,10,0,74,37.09,37.09,0.0,293.246407,0.0
2019-01-10,10,0,77,50.36,50.36,0.0,-11.943424,0.0
2019-01-10,10,0,78,38.07,38.07,0.0,-9.028717,0.0
2019-01-10,10,0,79,22.03,22.03,0.0,-5.224655,0.0
2019-01-10,10,0,80,35.63,35.63,0.0,-8.450044,0.0
2019-01-10,10,0,81,46.58,46.58,0.0,-11.046956,0.0
2019-01-10,10,0,82,32.86,32.86,0.0,-7.793108,0.0
2019-01-10,10,0,83,73.27,73.27,0.0,-17.376781,0.0
2019-01-10,10,0,84,0.0,0.0,0.0,0.0,0.0
2019-01-10,10,0,86,2.03,2.03,0.0,21.404333,0.0
2019-01-10,10,0,87,10.38,10.38,0.0,109.446789,0.0
2019-01-10,10,0,88,103.48,103.48,0.0,-24.541413,0.0
2019-01-10,10,0,89,99.0,99.0,0.0,-23.478932,0.0
2019-01-10,10,0,90,137.47,137.47,0.0,-32.602513,0.0
2019-01-10,10,0,91,509.29,509.29,0.0,-120.78369,0.0
2019-01-10,10,0,92,180.45,180.45,0.0,-42.79569,0.0
2019-01-10,10,0,95,9.17,9.17,0.0,188.380401,0.0
2019-01-10,10,0,96,14.92,14.92,0.0,46.862012,0.0
2019-01-10,10,0,97,91.78,91.78,0.0,288.270476,0.0
2019-01-10,10,0,99,7.62,7.62,0.0,60.246363,0.0
2019-01-10,10,0,101,3.7,3.7,0.0,11.760415,0.0
2019-01-10,10,0,102,52.06,52.06,0.0,-449.585002,0.0
2019-01-10,10,0,103,45.27,45.27,0.0,-390.947235,0.0
2019-01-10,10,0,104,8.41,8.41,0.0,-72.627927,0.0
2019-01-10,10,0,106,76.74,76.74,0.0,246.678627,0.0
2019-01-10,10,0,109,60.42,60.42,0.0,380.620975,0.0
2019-01-10,10,0,110,338.6,338.6,0.0,-16417.415794,0.0
2019-01-10,10,0,111,1.96,1.96,0.0,10.04013,0.0
2019-01-10,10,0,113,143.29,143.29,0.0,143.182153,0.0
2019-01-10,10,0,115,143.29,143.29,0.0,143.182153,0.0
2019-01-10,10,0,116,34.12,34.12,0.0,-1654.347983,0.0
2019-01-10,10,0,117,9.55,9.55,0.0,9.542812,0.0
2019-01-10,10,0,119,23.24,23.24,0.0,592.388013,0.0
2019-01-10,10,0,120,13.66,13.66,0.0,348.193642,0.0
2019-01-10,10,0,123,1.28,1.28,0.0,4.114525,0.0
2019-01-10,10,0,125,104.78,104.78,0.0,336.812439,0.0
2019-01-10,10,0,126,57.56,57.56,0.0,185.025043,0.0
2019-01-10,10,0,127,73.86,73.86,0.0,237.420946,0.0
2019-01-10,10,0,128,150.07,150.07,0.0,482.395903,0.0
2019-01-10,10,0,131,26.52,26.52,0.0,-159.544922,0.0
2019-01-10,10,0,132,42.79,42.79,0.0,-257.425612,0.0
2019-01-10,10,0,133,30.01,30.01,0.0,279.963166,0.0
2019-01-10,10,0,134,0.0,0.0,0.0,0.0,0.0
2019-01-10,10,0,135,40.21,40.21,0.0,375.118923,0.0
2019-01-10,10,0,136,18.01,18.01,0.0,166.998842,0.0
2019-01-10,10,0,139,14.46,14.46,0.0,74.071574,0.0
2019-01-10,10,0,140,250.6,250.6,0.0,-12150.633189,0.0
2019-01-10,10,0,141,156.93,156.93,0.0,-2894.673725,0.0
2019-01-10,10,0,142,134.31,134.31,0.0,-2477.433429,0.0
2019-01-10,10,0,143,18.53,18.53,0.0,58.897428,0.0
2019-01-10,10,0,145,23.84,23.84,0.0,103.408994,0.0
2019-01-10,10,0,146,268.0,268.0,0.0,-12994.292477,0.0
2019-01-10,10,0,152,0.93,0.93,0.0,7.367893,0.0
2019-01-10,10,0,153,1.05,1.05,0.0,8.251929,0.0
2019-01-10,10,0,154,8.08,8.08,0.0,41.389925,0.0
2019-01-10,10,0,157,134.54,134.54,0.0,-2481.675925,0.0
2019-01-10,10,0,158,88.61,88.61,0.0,-1634.467844,0.0
2019-01-10,10,0,159,0.0,0.0,0.0,0.0,0.0
2019-01-10,10,0,160,0.29,0.29,0.0,2.352782,0.0
2019-01-10,10,0,161,19.63,19.63,0.0,-169.522735,0.0
2019-01-10,10,0,162,7.05,7.05,0.0,145.217224,0.0
2019-01-10,10,0,163,54.03,54.03,0.0,-2619.707547,0.0
2019-01-10,10,0,164,6.19,6.19,0.0,19.674856,0.0
2019-01-10,10,0,167,1.31,1.31,0.0,26.721217,0.0
2019-01-10,10,0,168,0.65,0.65,0.0,13.258619,0.0
2019-01-10,10,0,169,0.0,0.0,0.0,0.0,0.0
2019-01-10,10,0,170,1.43,1.43,0.0,29.168962,0.0
2019-01-10,10,0,172,1.77,1.77,0.0,33.474612,0.0
2019-01-10,10,0,173,2.69,2.69,0.0,50.873846,0.0
2019-01-10,10,0,188,1.79,1.79,0.0,34.791643,0.0
2019-01-10,10,0,190,1.5,1.5,0.0,38.235027,0.0
2019-01-10,10,0,191,3.86,3.86,0.0,98.391469,0.0
2019-01-10,10,0,192,84.16,84.16,0.0,2145.239894,0.0
2019-01-10,10,0,194,45.74,45.74,0.0,432.461858,0.0
2019-01-10,10,0,196,1.43,1.43,0.0,51.150886,0.0
2019-01-10,10,0,198,1.27,1.27,0.0,11.458328,0.0
2019-01-10,10,0,199,0.97,0.97,0.0,10.547567,0.0
2019-01-10,10,0,200,2.33,2.33,0.0,25.335908,0.0
2019-01-10,10,0,204,102.87,102.87,0.0,631.86861,0.0
2019-01-10,10,0,205,356.85,356.85,0.0,2248.007196,0.0
2019-01-10,10,0,206,269.69,269.69,0.0,847.065425,0.0
2019-01-10,10,0,210,0.83,0.83,0.0,6.561391,0.0
2019-01-10,10,0,214,3.4,3.4,0.0,38.305049,0.0
2019-01-10,10,0,217,2.86,2.86,0.0,28.047925,0.0
2019-01-10,10,0,218,3.95,3.95,0.0,38.737519,0.0
2019-01-10,10,0,219,2.69,2.69,0.0,26.380741,0.0
2019-01-10,10,0,221,1.81,1.81,0.0,20.391806,0.0
2019-01-10,10,0,225,2.68,2.68,0.0,20.153927,0.0
2019-01-10,10,0,233,1.15,1.15,0.0,12.125608,0.0
2019-01-10,10,0,236,50.0,50.0,0.0,432.517717,0.0
2019-01-10,10,0,237,86.68,86.68,0.0,685.32215,0.0
2019-01-10,10,0,238,19.01,19.01,0.0,172.230489,0.0
2019-01-10,10,0,240,1.21,1.21,0.0,8.835382,0.0
2019-01-10,10,0,245,68.91,68.91,0.0,654.987041,0.0
2019-01-10,10,0,247,97.97,97.97,0.0,931.201283,0.0
2019-01-10,10,0,248,9.46,9.46,0.0,74.794042,0.0
2019-01-10,10,0,249,132.53,132.53,0.0,1259.692824,0.0
2019-01-10,10,0,251,97.02,97.02,0.0,892.06265,0.0
2019-01-10,10,0,252,103.0,103.0,0.0,955.351584,0.0
2019-01-10,10,0,254,1.5,1.5,0.0,11.422832,0.0
2019-01-10,10,0,255,0.69,0.69,0.0,5.254503,0.0
2019-01-10,10,0,258,1.55,1.55,0.0,11.354722,0.0
2019-01-10,10,0,260,0.71,0.71,0.0,5.76026,0.0
2019-01-10,10,0,265,8.36,8.36,0.0,42.824229,0.0
2019-01-10,10,0,266,9.37,9.37,0.0,47.99797,0.0
2019-01-10,10,0,267,11.51,11.51,0.0,58.960153,0.0
2019-01-10,10,0,270,168.67,168.67,0.0,-8178.161612,0.0
2019-01-10,10,0,272,478.88,478.88,0.0,478.519572,0.0
2019-01-10,10,0,273,8.16,8.16,0.0,-395.647114,0.0
2019-01-10,10,0,274,217.42,217.42,0.0,-10541.862203,0.0
2019-01-10,10,0,275,302.63,302.63,0.0,-14673.368404,0.0
2019-01-10,10,0,276,1.81,1.81,0.0,-75.619537,0.0
2019-01-10,10,0,277,2.12,2.12,0.0,1.067529,0.0
2019-01-10,10,0,278,3.39,3.39,0.0,1.707039,0.0
2019-01-10,10,0,279,223.5,223.5,0.0,112.54372,0.0
2019-01-10,10,0,281,8.59,8.59,0.0,27.303233,0.0
2019-01-10,10,0,282,100.74,100.74,0.0,320.201127,0.0
2019-01-10,11,0,9,1.65,1.65,0.0,7.196019,0.0
2019-01-10,11,0,17,21.84,21.84,0.0,186.090243,0.0
2019-01-10,11,0,19,140.09,140.09,0.0,1193.653028,0.0
2019-01-10,11,0,20,169.9,169.9,0.0,1447.652576,0.0
2019-01-10,11,0,21,37.64,37.64,0.0,164.156451,0.0
2019-01-10,11,0,22,133.78,133.78,0.0,583.444474,0.0
2019-01-10,11,0,23,52.66,52.66,0.0,229.662027,0.0
2019-01-10,11,0,24,93.13,93.13,0.0,406.16074,0.0
2019-01-10,11,0,29,4.56,4.56,0.0,38.322046,0.0
2019-01-10,11,0,30,318.97,318.97,0.0,1383.044484,0.0
2019-01-10,11,0,31,26.66,26.66,0.0,115.596971,0.0
2019-01-10,11,0,32,1.44,1.44,0.0,65.588337,0.0
2019-01-10,11,0,33,0.61,0.61,0.0,5.679932,0.0
2019-01-10,11,0,34,0.98,0.98,0.0,9.125136,0.0
2019-01-10,11,0,35,0.98,0.98,0.0,9.125136,0.0
2019-01-10,11,0,36,1.66,1.66,0.0,12.036813,0.0
2019-01-10,11,0,37,0.73,0.73,0.0,5.276156,0.0
2019-01-10,11,0,38,0.94,0.94,0.0,6.793954,0.0
2019-01-10,11,0,39,0.63,0.63,0.0,4.553395,0.0
2019-01-10,11,0,40,0.63,0.63,0.0,4.553395,0.0
2019-01-10,11,0,41,13.0,13.0,0.0,73.974361,0.0
2019-01-10,11,0,42,22.61,22.61,0.0,188.775617,0.0
2019-01-10,11,0,43,5.46,5.46,0.0,40.360455,0.0
2019-01-10,11,0,46,6.73,6.73,0.0,46.772969,0.0
2019-01-10,11,0,52,28.34,28.34,0.0,122.881402,0.0
2019-01-10,11,0,53,46.16,46.16,0.0,200.148394,0.0
2019-01-10,11,0,55,207.06,207.06,0.0,903.034928,0.0
2019-01-10,11,0,56,94.08,94.08,0.0,407.928097,0.0
2019-01-10,11,0,57,89.49,89.49,0.0,388.025993,0.0
2019-01-10,11,0,58,172.11,172.11,0.0,746.263869,0.0
2019-01-10,11,0,59,169.24,169.24,0.0,733.819634,0.0
2019-01-10,11,0,63,29.43,29.43,0.0,3382.979688,0.0
2019-01-10,11,0,64,34.62,34.62,0.0,3979.570397,0.0
2019-01-10,11,0,65,16.22,16.22,0.0,137.687926,0.0
2019-01-10,11,0,67,178.29,178.29,0.0,-99114.38651,0.0
2019-01-10,11,0,68,27.57,27.57,0.0,-11328.548161,0.0
2019-01-10,11,0,69,0.61,0.61,0.0,5.679932,0.0
2019-01-10,11,0,74,39.35,39.35,0.0,298.867063,0.0
2019-01-10,11,0,77,60.0,60.0,0.0,-17400.360749,0.0
2019-01-10,11,0,78,45.36,45.36,0.0,-13154.672726,0.0
2019-01-10,11,0,79,26.25,26.25,0.0,-7612.657827,0.0
2019-01-10,11,0,80,42.45,42.45,0.0,-12310.75523,0.0
2019-01-10,11,0,81,55.5,55.5,0.0,-16095.333692,0.0
2019-01-10,11,0,82,39.15,39.15,0.0,-11353.735388,0.0
2019-01-10,11,0,83,87.3,87.3,0.0,-25317.524889,0.0
2019-01-10,11,0,84,0.0,0.0,0.0,0.0,0.0
2019-01-10,11,0,86,3.1,3.1,0.0,28.865227,0.0
2019-01-10,11,0,87,15.81,15.81,0.0,147.212659,0.0
2019-01-10,11,0,88,51.18,51.18,0.0,-14842.507719,0.0
2019-01-10,11,0,89,49.2,49.2,0.0,-14268.295814,0.0
2019-01-10,11,0,90,66.06,66.06,0.0,-19157.797184,0.0
2019-01-10,11,0,91,235.65,235.65,0.0,-68339.91684,0.0
2019-01-10,11,0,92,84.75,84.75,0.0,-24578.009557,0.0
2019-01-10,11,0,95,10.31,10.31,0.0,231.250585,0.0
2019-01-10,11,0,96,25.67,25.67,0.0,110.62688,0.0
2019-01-10,11,0,97,188.68,188.68,0.0,813.131273,0.0
2019-01-10,11,0,99,8.44,8.44,0.0,64.102618,0.0
2019-01-10,11,0,101,6.43,6.43,0.0,27.88029,0.0
2019-01-10,11,0,102,65.29,65.29,0.0,-26827.744266,0.0
2019-01-10,11,0,103,56.77,56.77,0.0,-23326.8654,0.0
2019-01-10,11,0,104,10.54,10.54,0.0,-4330.899442,0.0
2019-01-10,11,0,106,131.69,131.69,0.0,574.329517,0.0
2019-01-10,11,0,109,38.6,38.6,0.0,252.22312,0.0
2019-01-10,11,0,110,338.6,338.6,0.0,-338600.0,0.0
2019-01-10,11,0,111,3.17,3.17,0.0,18.038363,0.0
2019-01-10,11,0,113,84.2,84.2,0.0,-21977.580054,0.0
2019-01-10,11,0,115,84.2,84.2,0.0,-21977.580054,0.0
2019-01-10,11,0,116,57.38,57.38,0.0,-57380.0,0.0
2019-01-10,11,0,117,5.66,5.66,0.0,-1477.352769,0.0
2019-01-10,11,0,119,34.62,34.62,0.0,3979.570397,0.0
2019-01-10,11,0,120,20.36,20.36,0.0,2340.382822,0.0
2019-01-10,11,0,123,2.19,2.19,0.0,9.551079,0.0
2019-01-10,11,0,125,84.28,84.28,0.0,367.563913,0.0
2019-01-10,11,0,126,98.77,98.77,0.0,430.758041,0.0
2019-01-10,11,0,127,126.76,126.76,0.0,552.828685,0.0
2019-01-10,11,0,128,120.69,120.69,0.0,526.356059,0.0
2019-01-10,11,0,131,26.36,26.36,0.0,-9810.457211,0.0
2019-01-10,11,0,132,38.75,38.75,0.0,-14421.669838,0.0
2019-01-10,11,0,133,24.71,24.71,0.0,210.618537,0.0
2019-01-10,11,0,134,0.0,0.0,0.0,0.0,0.0
2019-01-10,11,0,135,33.11,33.11,0.0,282.216906,0.0
2019-01-10,11,0,136,18.0,18.0,0.0,152.766481,0.0
2019-01-10,11,0,139,16.79,16.79,0.0,95.540732,0.0
2019-01-10,11,0,140,250.6,250.6,0.0,-250600.0,0.0
2019-01-10,11,0,141,197.04,197.04,0.0,-109537.824431,0.0
2019-01-10,11,0,142,235.12,235.12,0.0,-130707.131954,0.0
2019-01-10,11,0,143,22.36,22.36,0.0,96.952299,0.0
2019-01-10,11,0,145,59.64,59.64,0.0,307.27753,0.0
2019-01-10,11,0,146,268.0,268.0,0.0,-268000.0,0.0
2019-01-10,11,0,152,1.45,1.45,0.0,11.042435,0.0
2019-01-10,11,0,153,1.64,1.64,0.0,12.422275,0.0
2019-01-10,11,0,154,13.08,13.08,0.0,74.429587,0.0
2019-01-10,11,0,157,127.31,127.31,0.0,-70773.753696,0.0
2019-01-10,11,0,158,169.28,169.28,0.0,-94105.57714,0.0
2019-01-10,11,0,159,0.0,0.0,0.0,0.0,0.0
2019-01-10,11,0,160,0.45,0.45,0.0,3.566985,0.0
2019-01-10,11,0,161,33.42,33.42,0.0,-13732.320621,0.0
2019-01-10,11,0,162,15.59,15.59,0.0,361.957404,0.0
2019-01-10,11,0,163,120.28,120.28,0.0,-120280.0,0.0
2019-01-10,11,0,164,10.99,10.99,0.0,47.652315,0.0
2019-01-10,11,0,167,2.03,2.03,0.0,39.270662,0.0
2019-01-10,11,0,168,1.01,1.01,0.0,19.538605,0.0
2019-01-10,11,0,169,0.0,0.0,0.0,0.0,0.0
2019-01-10,11,0,170,2.22,2.22,0.0,42.946241,0.0
2019-01-10,11,0,172,2.73,2.73,0.0,47.536711,0.0
2019-01-10,11,0,173,4.16,4.16,0.0,72.436892,0.0
2019-01-10,11,0,188,2.79,2.79,0.0,73.234543,0.0
2019-01-10,11,0,190,2.48,2.48,0.0,80.420342,0.0
2019-01-10,11,0,191,6.4,6.4,0.0,207.536366,0.0
2019-01-10,11,0,192,132.59,132.59,0.0,4299.569798,0.0
2019-01-10,11,0,194,52.95,52.95,0.0,-6673.044073,0.0
2019-01-10,11,0,196,2.36,2.36,0.0,632.901776,0.0
2019-01-10,11,0,198,1.95,1.95,0.0,17.054233,0.0
2019-01-10,11,0,199,1.79,1.79,0.0,-50.175731,0.0
2019-01-10,11,0,200,3.61,3.61,0.0,-101.192396,0.0
2019-01-10,11,0,204,129.82,129.82,0.0,834.544965,0.0
2019-01-10,11,0,205,252.38,252.38,0.0,1649.121009,0.0
2019-01-10,11,0,206,721.2,721.2,0.0,3108.068022,0.0
2019-01-10,11,0,210,1.23,1.23,0.0,10.586271,0.0
2019-01-10,11,0,214,5.08,5.08,0.0,49.679186,0.0
2019-01-10,11,0,217,4.3,4.3,0.0,39.876439,0.0
2019-01-10,11,0,218,5.93,5.93,0.0,54.992392,0.0
2019-01-10,11,0,219,4.04,4.04,0.0,37.465306,0.0
2019-01-10,11,0,221,2.71,2.71,0.0,26.502085,0.0
2019-01-10,11,0,225,4.0,4.0,0.0,33.537503,0.0
2019-01-10,11,0,233,1.75,1.75,0.0,16.294886,0.0
2019-01-10,11,0,236,37.53,37.53,0.0,303.413836,0.0
2019-01-10,11,0,237,87.72,87.72,0.0,666.2419,0.0
2019-01-10,11,0,238,29.43,29.43,0.0,245.717222,0.0
2019-01-10,11,0,240,1.88,1.88,0.0,13.632054,0.0
2019-01-10,11,0,245,57.3,57.3,0.0,494.940411,0.0
2019-01-10,11,0,247,84.54,84.54,0.0,730.231454,0.0
2019-01-10,11,0,248,10.44,10.44,0.0,79.292812,0.0
2019-01-10,11,0,249,110.2,110.2,0.0,951.874926,0.0
2019-01-10,11,0,251,94.58,94.58,0.0,797.923924,0.0
2019-01-10,11,0,252,104.63,104.63,0.0,888.180498,0.0
2019-01-10,11,0,254,2.31,2.31,0.0,17.385468,0.0
2019-01-10,11,0,255,1.06,1.06,0.0,7.977747,0.0
2019-01-10,11,0,258,2.42,2.42,0.0,17.602727,0.0
2019-01-10,11,0,260,1.1,1.1,0.0,8.719296,0.0
2019-01-10,11,0,265,13.54,13.54,0.0,77.047142,0.0
2019-01-10,11,0,266,10.87,10.87,0.0,61.853946,0.0
2019-01-10,11,0,267,13.36,13.36,0.0,76.022881,0.0
2019-01-10,11,0,270,406.88,406.88,0.0,-406880.0,0.0
2019-01-10,11,0,272,281.17,281.17,0.0,-73389.978431,0.0
2019-01-10,11,0,273,13.72,13.72,0.0,-13720.0,0.0
2019-01-10,11,0,274,531.35,531.35,0.0,-531350.0,0.0
2019-01-10,11,0,275,749.7,749.7,0.0,-749700.0,0.0
2019-01-10,11,0,276,3.03,3.03,0.0,-2729.562078,0.0
2019-01-10,11,0,277,3.51,3.51,0.0,-956.96218,0.0
2019-01-10,11,0,278,5.61,5.61,0.0,-1529.503654,0.0
2019-01-10,11,0,279,249.91,249.91,0.0,-68135.161906,0.0
2019-01-10,11,0,281,11.62,11.62,0.0,50.383976,0.0
2019-01-10,11,0,282,174.97,174.97,0.0,758.664744,0.0
2019-01-10,12,0,9,2.35,2.35,0.0,-22.218206,0.0
2019-01-10,12,0,17,28.7,28.7,0.0,171.644946,0.0
2019-01-10,12,0,19,117.68,117.68,0.0,703.804083,0.0
2019-01-10,12,0,20,142.72,142.72,0.0,853.559813,0.0
2019-01-10,12,0,21,53.73,53.73,0.0,-507.993289,0.0
2019-01-10,12,0,22,190.97,190.97,0.0,-1805.536543,0.0
2019-01-10,12,0,23,46.17,46.17,0.0,-436.516847,0.0
2019-01-10,12,0,24,77.3,77.3,0.0,-730.837172,0.0
2019-01-10,12,0,29,5.9,5.9,0.0,45.849037,0.0
2019-01-10,12,0,30,461.05,461.05,0.0,-4402.942575,0.0
2019-01-10,12,0,31,37.56,37.56,0.0,-358.691081,0.0
2019-01-10,12,0,32,1.94,1.94,0.0,91.491657,0.0
2019-01-10,12,0,33,0.81,0.81,0.0,7.155799,0.0
2019-01-10,12,0,34,1.29,1.29,0.0,11.396272,0.0
2019-01-10,12,0,35,1.29,1.29,0.0,11.396272,0.0
2019-01-10,12,0,36,2.28,2.28,0.0,3.394027,0.0
2019-01-10,12,0,37,1.02,1.02,0.0,1.446665,0.0
2019-01-10,12,0,38,1.31,1.31,0.0,1.857972,0.0
2019-01-10,12,0,39,0.88,0.88,0.0,1.248103,0.0
2019-01-10,12,0,40,0.88,0.88,0.0,1.248103,0.0
2019-01-10,12,0,41,15.97,15.97,0.0,-71.236699,0.0
2019-01-10,12,0,42,31.9,31.9,0.0,171.050571,0.0
2019-01-10,12,0,43,7.37,7.37,0.0,15.445841,0.0
2019-01-10,12,0,46,9.07,9.07,0.0,3.495583,0.0
2019-01-10,12,0,52,39.81,39.81,0.0,-380.178167,0.0
2019-01-10,12,0,53,63.24,63.24,0.0,-603.930351,0.0
2019-01-10,12,0,55,368.37,368.37,0.0,-3482.774763,0.0
2019-01-10,12,0,56,135.99,135.99,0.0,-1298.679451,0.0
2019-01-10,12,0,57,129.36,129.36,0.0,-1235.364172,0.0
2019-01-10,12,0,58,248.77,248.77,0.0,-2375.707677,0.0
2019-01-10,12,0,59,244.62,244.62,0.0,-2336.075941,0.0
2019-01-10,12,0,63,41.74,41.74,0.0,4884.244359,0.0
2019-01-10,12,0,64,49.1,49.1,0.0,5745.481506,0.0
2019-01-10,12,0,65,17.03,17.03,0.0,99.893769,0.0
2019-01-10,12,0,67,253.37,253.37,0.0,-140176.70371,0.0
2019-01-10,12,0,68,34.0,34.0,0.0,-13850.324191,0.0
2019-01-10,12,0,69,0.81,0.81,0.0,7.155799,0.0
2019-01-10,12,0,74,46.96,46.96,0.0,123.385197,0.0
2019-01-10,12,0,77,60.0,60.0,0.0,-17117.433115,0.0
2019-01-10,12,0,78,45.36,45.36,0.0,-12940.779435,0.0
2019-01-10,12,0,79,26.25,26.25,0.0,-7488.876988,0.0
2019-01-10,12,0,80,42.45,42.45,0.0,-12110.583929,0.0
2019-01-10,12,0,81,55.5,55.5,0.0,-15833.625631,0.0
2019-01-10,12,0,82,39.15,39.15,0.0,-11169.125107,0.0
2019-01-10,12,0,83,87.3,87.3,0.0,-24905.865182,0.0
2019-01-10,12,0,84,0.0,0.0,0.0,0.0,0.0
2019-01-10,12,0,86,4.08,4.08,0.0,36.044023,0.0
2019-01-10,12,0,87,20.84,20.84,0.0,184.107213,0.0
2019-01-10,12,0,88,51.18,51.18,0.0,-14601.170447,0.0
2019-01-10,12,0,89,49.2,49.2,0.0,-14036.295154,0.0
2019-01-10,12,0,90,66.06,66.06,0.0,-18846.293859,0.0
2019-01-10,12,0,91,235.65,235.65,0.0,-67228.718558,0.0
2019-01-10,12,0,92,84.75,84.75,0.0,-24178.374274,0.0
2019-01-10,12,0,95,17.36,17.36,0.0,389.380228,0.0
2019-01-10,12,0,96,29.88,29.88,0.0,-288.323228,0.0
2019-01-10,12,0,97,183.76,183.76,0.0,-1773.168554,0.0
2019-01-10,12,0,99,9.06,9.06,0.0,23.804725,0.0
2019-01-10,12,0,101,9.29,9.29,0.0,-88.717789,0.0
2019-01-10,12,0,102,80.5,80.5,0.0,-32792.679334,0.0
2019-01-10,12,0,103,70.0,70.0,0.0,-28515.373334,0.0
2019-01-10,12,0,104,13.0,13.0,0.0,-5295.712191,0.0
2019-01-10,12,0,106,187.99,187.99,0.0,-1777.361967,0.0
2019-01-10,12,0,109,35.69,35.69,0.0,-44.318496,0.0
2019-01-10,12,0,110,338.6,338.6,0.0,-338600.0,0.0
2019-01-10,12,0,111,4.35,4.35,0.0,-19.40386,0.0
2019-01-10,12,0,113,45.0,45.0,0.0,-11592.273622,0.0
2019-01-10,12,0,115,45.0,45.0,0.0,-11592.273622,0.0
2019-01-10,12,0,116,80.26,80.26,0.0,-80260.0,0.0
2019-01-10,12,0,117,3.0,3.0,0.0,-772.818241,0.0
2019-01-10,12,0,119,49.1,49.1,0.0,5745.481506,0.0
2019-01-10,12,0,120,28.87,28.87,0.0,3378.249513,0.0
2019-01-10,12,0,123,3.13,3.13,0.0,-29.59276,0.0
2019-01-10,12,0,125,70.73,70.73,0.0,-668.72074,0.0
2019-01-10,12,0,126,141.0,141.0,0.0,-1333.092384,0.0
2019-01-10,12,0,127,180.94,180.94,0.0,-1710.707347,0.0
2019-01-10,12,0,128,96.96,96.96,0.0,-916.713742,0.0
2019-01-10,12,0,131,30.0,30.0,0.0,-11052.020228,0.0
2019-01-10,12,0,132,44.1,44.1,0.0,-16246.469735,0.0
2019-01-10,12,0,133,20.01,20.01,0.0,119.889638,0.0
2019-01-10,12,0,134,0.0,0.0,0.0,0.0,0.0
2019-01-10,12,0,135,26.82,26.82,0.0,160.691659,0.0
2019-01-10,12,0,136,18.63,18.63,0.0,109.161452,0.0
2019-01-10,12,0,139,20.62,20.62,0.0,-91.978756,0.0
2019-01-10,12,0,140,250.6,250.6,0.0,-250600.0,0.0
2019-01-10,12,0,141,230.0,230.0,0.0,-127247.274158,0.0
2019-01-10,12,0,142,334.13,334.13,0.0,-184857.09441,0.0
2019-01-10,12,0,143,29.81,29.81,0.0,-284.680009,0.0
2019-01-10,12,0,145,45.91,45.91,0.0,-296.82625,0.0
2019-01-10,12,0,146,268.0,268.0,0.0,-268000.0,0.0
2019-01-10,12,0,152,2.04,2.04,0.0,5.553426,0.0
2019-01-10,12,0,153,2.32,2.32,0.0,5.974336,0.0
2019-01-10,12,0,154,17.94,17.94,0.0,-80.024194,0.0
2019-01-10,12,0,157,120.3,120.3,0.0,-66555.856875,0.0
2019-01-10,12,0,158,239.97,239.97,0.0,-132763.166868,0.0
2019-01-10,12,0,159,0.0,0.0,0.0,0.0,0.0
2019-01-10,12,0,160,0.61,0.61,0.0,2.590985,0.0
2019-01-10,12,0,161,47.25,47.25,0.0,-19247.877001,0.0
2019-01-10,12,0,162,22.84,22.84,0.0,530.583342,0.0
2019-01-10,12,0,163,185.4,185.4,0.0,-185400.0,0.0
2019-01-10,12,0,164,15.88,15.88,0.0,-151.651075,0.0
2019-01-10,12,0,167,2.72,2.72,0.0,52.413211,0.0
2019-01-10,12,0,168,1.36,1.36,0.0,26.206605,0.0
2019-01-10,12,0,169,0.0,0.0,0.0,0.0,0.0
2019-01-10,12,0,170,2.98,2.98,0.0,57.423297,0.0
2019-01-10,12,0,172,3.63,3.63,0.0,62.005645,0.0
2019-01-10,12,0,173,5.53,5.53,0.0,94.46039,0.0
2019-01-10,12,0,188,3.83,3.83,0.0,104.173926,0.0
2019-01-10,12,0,190,3.43,3.43,0.0,111.226521,0.0
2019-01-10,12,0,191,8.87,8.87,0.0,287.632432,0.0
2019-01-10,12,0,192,203.29,203.29,0.0,6592.198086,0.0
2019-01-10,12,0,194,52.95,52.95,0.0,-6522.611948,0.0
2019-01-10,12,0,196,3.24,3.24,0.0,878.667712,0.0
2019-01-10,12,0,198,2.58,2.58,0.0,19.855721,0.0
2019-01-10,12,0,199,4.64,4.64,0.0,-106.040257,0.0
2019-01-10,12,0,200,4.92,4.92,0.0,-112.439238,0.0
2019-01-10,12,0,204,161.08,161.08,0.0,-262.868762,0.0
2019-01-10,12,0,205,188.78,188.78,0.0,-234.419882,0.0
2019-01-10,12,0,206,539.95,539.95,0.0,-5210.178279,0.0
2019-01-10,12,0,210,1.58,1.58,0.0,13.349789,0.0
2019-01-10,12,0,214,6.73,6.73,0.0,70.818304,0.0
2019-01-10,12,0,217,5.59,5.59,0.0,53.897718,0.0
2019-01-10,12,0,218,7.72,7.72,0.0,74.434774,0.0
2019-01-10,12,0,219,5.26,5.26,0.0,50.715921,0.0
2019-01-10,12,0,221,3.59,3.59,0.0,37.776777,0.0
2019-01-10,12,0,225,5.08,5.08,0.0,39.144074,0.0
2019-01-10,12,0,233,2.31,2.31,0.0,20.407277,0.0
2019-01-10,12,0,236,27.72,27.72,0.0,122.219692,0.0
2019-01-10,12,0,237,112.65,112.65,0.0,295.98259,0.0
2019-01-10,12,0,238,41.52,41.52,0.0,222.633847,0.0
2019-01-10,12,0,240,2.59,2.59,0.0,3.855496,0.0
2019-01-10,12,0,245,47.31,47.31,0.0,302.935787,0.0
2019-01-10,12,0,247,72.86,72.86,0.0,466.53776,0.0
2019-01-10,12,0,248,11.31,11.31,0.0,29.716494,0.0
2019-01-10,12,0,249,90.99,90.99,0.0,582.627927,0.0
2019-01-10,12,0,251,97.79,97.79,0.0,555.163009,0.0
2019-01-10,12,0,252,109.83,109.83,0.0,644.235622,0.0
2019-01-10,12,0,254,3.19,3.19,0.0,8.40795,0.0
2019-01-10,12,0,255,1.46,1.46,0.0,3.848153,0.0
2019-01-10,12,0,258,3.31,3.31,0.0,5.251878,0.0
2019-01-10,12,0,260,1.49,1.49,0.0,6.3288,0.0
2019-01-10,12,0,265,18.57,18.57,0.0,-82.834408,0.0
2019-01-10,12,0,266,13.35,13.35,0.0,-59.549776,0.0
2019-01-10,12,0,267,16.41,16.41,0.0,-73.199388,0.0
2019-01-10,12,0,270,579.0,579.0,0.0,-579000.0,0.0
2019-01-10,12,0,272,150.39,150.39,0.0,-38741.378445,0.0
2019-01-10,12,0,273,19.19,19.19,0.0,-19190.0,0.0
2019-01-10,12,0,274,746.4,746.4,0.0,-746400.0,0.0
2019-01-10,12,0,275,1039.0,1039.0,0.0,-1039000.0,0.0
2019-01-10,12,0,276,4.22,4.22,0.0,-3799.054729,0.0
2019-01-10,12,0,277,4.87,4.87,0.0,-1308.594479,0.0
2019-01-10,12,0,278,7.8,7.8,0.0,-2095.900808,0.0
2019-01-10,12,0,279,264.6,264.6,0.0,-71099.404346,0.0
2019-01-10,12,0,281,16.85,16.85,0.0,-160.914396,0.0
2019-01-10,12,0,282,252.91,252.91,0.0,-2415.243914,0.0
2019-01-10,13,0,9,2.74,2.74,0.0,-145.461766,0.0
2019-01-10,13,0,17,29.73,29.73,0.0,94.427049,0.0
2019-01-10,13,0,19,98.82,98.82,0.0,313.867507,0.0
2019-01-10,13,0,20,119.85,119.85,0.0,380.662019,0.0
2019-01-10,13,0,21,62.58,62.58,0.0,-3322.261793,0.0
2019-01-10,13,0,22,222.41,222.41,0.0,-11807.354512,0.0
2019-01-10,13,0,23,90.35,90.35,0.0,-4796.522099,0.0
2019-01-10,13,0,24,157.79,157.79,0.0,-8376.792718,0.0
2019-01-10,13,0,29,4.66,4.66,0.0,23.492414,0.0
2019-01-10,13,0,30,555.39,555.39,0.0,-29675.727404,0.0
2019-01-10,13,0,31,53.52,53.52,0.0,-2859.693064,0.0
2019-01-10,13,0,32,2.04,2.04,0.0,90.475947,0.0
2019-01-10,13,0,33,1.1,1.1,0.0,15.122358,0.0
2019-01-10,13,0,34,1.76,1.76,0.0,24.195772,0.0
2019-01-10,13,0,35,1.76,1.76,0.0,24.195772,0.0
2019-01-10,13,0,36,2.99,2.99,0.0,-40.835974,0.0
2019-01-10,13,0,37,1.39,1.39,0.0,-19.389239,0.0
2019-01-10,13,0,38,1.79,1.79,0.0,-24.968876,0.0
2019-01-10,13,0,39,1.19,1.19,0.0,-16.599421,0.0
2019-01-10,13,0,40,1.19,1.19,0.0,-16.599421,0.0
2019-01-10,13,0,41,20.25,20.25,0.0,-709.028598,0.0
2019-01-10,13,0,42,36.41,36.41,0.0,32.209567,0.0
2019-01-10,13,0,43,9.31,9.31,0.0,-108.189236,0.0
2019-01-10,13,0,46,14.13,14.13,0.0,-250.230323,0.0
2019-01-10,13,0,52,56.73,56.73,0.0,-3031.210529,0.0
2019-01-10,13,0,53,90.13,90.13,0.0,-4815.847082,0.0
2019-01-10,13,0,55,488.07,488.07,0.0,-25910.77522,0.0
2019-01-10,13,0,56,163.82,163.82,0.0,-8753.268268,0.0
2019-01-10,13,0,57,155.83,155.83,0.0,-8326.344733,0.0
2019-01-10,13,0,58,299.67,299.67,0.0,-16012.037003,0.0
2019-01-10,13,0,59,294.68,294.68,0.0,-15745.410165,0.0
2019-01-10,13,0,63,51.0,51.0,0.0,5998.923936,0.0
2019-01-10,13,0,64,60.0,60.0,0.0,7057.557572,0.0
2019-01-10,13,0,65,18.41,18.41,0.0,50.636275,0.0
2019-01-10,13,0,67,285.09,285.09,0.0,-155769.201053,0.0
2019-01-10,13,0,68,34.0,34.0,0.0,-13540.786122,0.0
2019-01-10,13,0,69,1.1,1.1,0.0,15.122358,0.0
2019-01-10,13,0,74,37.79,37.79,0.0,-348.327383,0.0
2019-01-10,13,0,77,60.0,60.0,0.0,-16363.062057,0.0
2019-01-10,13,0,78,45.36,45.36,0.0,-12370.474915,0.0
2019-01-10,13,0,79,26.25,26.25,0.0,-7158.83965,0.0
2019-01-10,13,0,80,42.45,42.45,0.0,-11576.866405,0.0
2019-01-10,13,0,81,55.5,55.5,0.0,-15135.832402,0.0
2019-01-10,13,0,82,39.15,39.15,0.0,-10676.897992,0.0
2019-01-10,13,0,83,87.3,87.3,0.0,-23808.255292,0.0
2019-01-10,13,0,84,0.0,0.0,0.0,-0.0,0.0
2019-01-10,13,0,86,5.59,5.59,0.0,76.849072,0.0
2019-01-10,13,0,87,28.52,28.52,0.0,392.081491,0.0
2019-01-10,13,0,88,51.18,51.18,0.0,-13957.691934,0.0
2019-01-10,13,0,89,49.2,49.2,0.0,-13417.710886,0.0
2019-01-10,13,0,90,66.06,66.06,0.0,-18015.731324,0.0
2019-01-10,13,0,91,235.65,235.65,0.0,-64265.926227,0.0
2019-01-10,13,0,92,84.75,84.75,0.0,-23112.825155,0.0
2019-01-10,13,0,95,27.32,27.32,0.0,612.780404,0.0
2019-01-10,13,0,96,29.88,29.88,0.0,-1607.297257,0.0
2019-01-10,13,0,97,183.75,183.75,0.0,-9884.23263,0.0
2019-01-10,13,0,99,7.29,7.29,0.0,-67.1952,0.0
2019-01-10,13,0,101,11.19,11.19,0.0,-597.906678,0.0
2019-01-10,13,0,102,80.5,80.5,0.0,-32059.802435,0.0
2019-01-10,13,0,103,70.0,70.0,0.0,-27878.089074,0.0
2019-01-10,13,0,104,13.0,13.0,0.0,-5177.359399,0.0
2019-01-10,13,0,106,218.95,218.95,0.0,-11623.669216,0.0
2019-01-10,13,0,109,44.86,44.86,0.0,-1052.542322,0.0
2019-01-10,13,0,110,338.6,338.6,0.0,-338600.0,0.0
2019-01-10,13,0,111,7.86,7.86,0.0,-275.208137,0.0
2019-01-10,13,0,113,45.0,45.0,0.0,-11242.864188,0.0
2019-01-10,13,0,115,45.0,45.0,0.0,-11242.864188,0.0
2019-01-10,13,0,116,107.17,107.17,0.0,-107170.0,0.0
2019-01-10,13,0,117,3.0,3.0,0.0,-749.524279,0.0
2019-01-10,13,0,119,60.0,60.0,0.0,7057.557572,0.0
2019-01-10,13,0,120,35.28,35.28,0.0,4149.843852,0.0
2019-01-10,13,0,123,3.65,3.65,0.0,-193.77206,0.0
2019-01-10,13,0,125,143.27,143.27,0.0,-7605.951535,0.0
2019-01-10,13,0,126,164.21,164.21,0.0,-8717.619192,0.0
2019-01-10,13,0,127,210.74,210.74,0.0,-11187.814801,0.0
2019-01-10,13,0,128,202.25,202.25,0.0,-10737.095679,0.0
2019-01-10,13,0,131,30.0,30.0,0.0,-10760.942539,0.0
2019-01-10,13,0,132,44.1,44.1,0.0,-15818.585532,0.0
2019-01-10,13,0,133,16.01,16.01,0.0,51.492306,0.0
2019-01-10,13,0,134,0.0,0.0,0.0,0.0,0.0
2019-01-10,13,0,135,21.45,21.45,0.0,68.988754,0.0
2019-01-10,13,0,136,19.92,19.92,0.0,54.323988,0.0
2019-01-10,13,0,139,26.16,26.16,0.0,-915.959907,0.0
2019-01-10,13,0,140,250.6,250.6,0.0,-250600.0,0.0
2019-01-10,13,0,141,230.0,230.0,0.0,-125668.79316,0.0
2019-01-10,13,0,142,375.97,375.97,0.0,-205424.765933,0.0
2019-01-10,13,0,143,41.79,41.79,0.0,-2232.932981,0.0
2019-01-10,13,0,145,100.0,100.0,0.0,-4230.511958,0.0
2019-01-10,13,0,146,268.0,268.0,0.0,-268000.0,0.0
2019-01-10,13,0,152,2.21,2.21,0.0,-19.695721,0.0
2019-01-10,13,0,153,2.62,2.62,0.0,-24.780621,0.0
2019-01-10,13,0,154,32.41,32.41,0.0,-1134.795894,0.0
2019-01-10,13,0,157,113.68,113.68,0.0,-62113.166985,0.0
2019-01-10,13,0,158,276.23,276.23,0.0,-150928.220586,0.0
2019-01-10,13,0,159,0.0,0.0,0.0,-0.0,0.0
2019-01-10,13,0,160,0.82,0.82,0.0,-3.385883,0.0
2019-01-10,13,0,161,55.71,55.71,0.0,-22186.976319,0.0
2019-01-10,13,0,162,35.24,35.24,0.0,820.396192,0.0
2019-01-10,13,0,163,104.55,104.55,0.0,-104550.0,0.0
2019-01-10,13,0,164,19.44,19.44,0.0,-1038.722593,0.0
2019-01-10,13,0,167,2.36,2.36,0.0,45.588099,0.0
2019-01-10,13,0,168,1.18,1.18,0.0,22.79405,0.0
2019-01-10,13,0,169,0.0,0.0,0.0,0.0,0.0
2019-01-10,13,0,170,2.58,2.58,0.0,49.837837,0.0
2019-01-10,13,0,172,3.04,3.04,0.0,30.70031,0.0
2019-01-10,13,0,173,4.64,4.64,0.0,46.858367,0.0
2019-01-10,13,0,188,4.17,4.17,0.0,100.466149,0.0
2019-01-10,13,0,190,5.01,5.01,0.0,162.462061,0.0
2019-01-10,13,0,191,12.95,12.95,0.0,419.936865,0.0
2019-01-10,13,0,192,300.75,300.75,0.0,9752.587803,0.0
2019-01-10,13,0,194,52.95,52.95,0.0,-6260.682092,0.0
2019-01-10,13,0,196,4.63,4.63,0.0,1269.490883,0.0
2019-01-10,13,0,198,3.76,3.76,0.0,28.517122,0.0
2019-01-10,13,0,199,3.97,3.97,0.0,-21.97169,0.0
2019-01-10,13,0,200,6.8,6.8,0.0,-37.634129,0.0
2019-01-10,13,0,204,197.1,197.1,0.0,-4905.853085,0.0
2019-01-10,13,0,205,237.3,237.3,0.0,-5567.728332,0.0
2019-01-10,13,0,206,539.94,539.94,0.0,-29044.313287,0.0
2019-01-10,13,0,210,1.27,1.27,0.0,9.739823,0.0
2019-01-10,13,0,214,5.99,5.99,0.0,119.821338,0.0
2019-01-10,13,0,217,4.39,4.39,0.0,64.551807,0.0
2019-01-10,13,0,218,6.06,6.06,0.0,89.107962,0.0
2019-01-10,13,0,219,4.13,4.13,0.0,60.728694,0.0
2019-01-10,13,0,221,3.2,3.2,0.0,64.011399,0.0
2019-01-10,13,0,225,3.95,3.95,0.0,18.910664,0.0
2019-01-10,13,0,233,3.16,3.16,0.0,43.442409,0.0
2019-01-10,13,0,236,40.04,40.04,0.0,-106.113274,0.0
2019-01-10,13,0,237,90.66,90.66,0.0,-835.653891,0.0
2019-01-10,13,0,238,47.39,47.39,0.0,41.922862,0.0
2019-01-10,13,0,240,3.39,3.39,0.0,-46.298981,0.0
2019-01-10,13,0,245,38.62,38.62,0.0,183.116461,0.0
2019-01-10,13,0,247,63.02,63.02,0.0,298.808891,0.0
2019-01-10,13,0,248,9.1,9.1,0.0,-83.878782,0.0
2019-01-10,13,0,249,74.27,74.27,0.0,352.150687,0.0
2019-01-10,13,0,251,106.26,106.26,0.0,218.001493,0.0
2019-01-10,13,0,252,118.79,118.79,0.0,326.729121,0.0
2019-01-10,13,0,254,4.74,4.74,0.0,-46.171583,0.0
2019-01-10,13,0,255,2.17,2.17,0.0,-21.137623,0.0
2019-01-10,13,0,258,4.21,4.21,0.0,-56.11325,0.0
2019-01-10,13,0,260,2.0,2.0,0.0,-8.25825,0.0
2019-01-10,13,0,265,33.56,33.56,0.0,-1175.061715,0.0
2019-01-10,13,0,266,16.94,16.94,0.0,-593.133059,0.0
2019-01-10,13,0,267,20.81,20.81,0.0,-728.636302,0.0
2019-01-10,13,0,270,325.32,325.32,0.0,-325320.0,0.0
2019-01-10,13,0,272,150.39,150.39,0.0,-37573.652116,0.0
2019-01-10,13,0,273,25.63,25.63,0.0,-25630.0,0.0
2019-01-10,13,0,274,419.18,419.18,0.0,-419180.0,0.0
2019-01-10,13,0,275,583.24,583.24,0.0,-583240.0,0.0
2019-01-10,13,0,276,5.92,5.92,0.0,-5320.408083,0.0
2019-01-10,13,0,277,7.3,7.3,0.0,-1890.794126,0.0
2019-01-10,13,0,278,11.67,11.67,0.0,-3022.680473,0.0
2019-01-10,13,0,279,378.16,378.16,0.0,-97948.316007,0.0
2019-01-10,13,0,281,24.02,24.02,0.0,-1283.442216,0.0
2019-01-10,13,0,282,304.67,304.67,0.0,-16279.198164,0.0
2019-01-10,14,0,9,2.85,2.85,0.0,-94.904443,0.0
2019-01-10,14,0,17,29.98,29.98,0.0,113.138439,0.0
2019-01-10,14,0,19,86.58,86.58,0.0,326.73536,0.0
2019-01-10,14,0,20,105.0,105.0,0.0,396.248704,0.0
2019-01-10,14,0,21,65.28,65.28,0.0,-2173.811247,0.0
2019-01-10,14,0,22,232.01,232.01,0.0,-7725.887674,0.0
2019-01-10,14,0,23,42.61,42.61,0.0,-1418.904676,0.0
2019-01-10,14,0,24,73.27,73.27,0.0,-2439.876686,0.0
2019-01-10,14,0,29,4.72,4.72,0.0,24.444746,0.0
2019-01-10,14,0,30,580.61,580.61,0.0,-19465.874929,0.0
2019-01-10,14,0,31,50.89,50.89,0.0,-1706.168297,0.0
2019-01-10,14,0,32,2.08,2.08,0.0,93.192127,0.0
2019-01-10,14,0,33,1.15,1.15,0.0,12.343075,0.0
2019-01-10,14,0,34,1.84,1.84,0.0,19.74892,0.0
2019-01-10,14,0,35,1.84,1.84,0.0,19.74892,0.0
2019-01-10,14,0,36,3.13,3.13,0.0,-22.851643,0.0
2019-01-10,14,0,37,1.44,1.44,0.0,-10.787955,0.0
2019-01-10,14,0,38,1.85,1.85,0.0,-13.859526,0.0
2019-01-10,14,0,39,1.23,1.23,0.0,-9.214712,0.0
2019-01-10,14,0,40,1.23,1.23,0.0,-9.214712,0.0
2019-01-10,14,0,41,23.97,23.97,0.0,-512.606238,0.0
2019-01-10,14,0,42,38.06,38.06,0.0,86.215886,0.0
2019-01-10,14,0,43,9.75,9.75,0.0,-58.033129,0.0
2019-01-10,14,0,46,14.54,14.54,0.0,-144.955025,0.0
2019-01-10,14,0,52,53.95,53.95,0.0,-1808.759671,0.0
2019-01-10,14,0,53,85.7,85.7,0.0,-2873.228986,0.0
2019-01-10,14,0,55,440.81,440.81,0.0,-14678.886882,0.0
2019-01-10,14,0,56,171.26,171.26,0.0,-5741.764248,0.0
2019-01-10,14,0,57,162.9,162.9,0.0,-5461.481934,0.0
2019-01-10,14,0,58,313.28,313.28,0.0,-10503.210929,0.0
2019-01-10,14,0,59,308.06,308.06,0.0,-10328.202116,0.0
2019-01-10,14,0,63,51.0,51.0,0.0,5947.759653,0.0
2019-01-10,14,0,64,60.0,60.0,0.0,6997.364297,0.0
2019-01-10,14,0,65,17.26,17.26,0.0,60.298997,0.0
2019-01-10,14,0,67,295.56,295.56,0.0,-162538.10103,0.0
2019-01-10,14,0,68,19.16,19.16,0.0,-7720.774519,0.0
2019-01-10,14,0,69,1.15,1.15,0.0,12.343075,0.0
2019-01-10,14,0,74,55.7,55.7,0.0,-244.306945,0.0
2019-01-10,14,0,77,60.0,60.0,0.0,-16748.52465,0.0
2019-01-10,14,0,78,45.36,45.36,0.0,-12661.884635,0.0
2019-01-10,14,0,79,26.25,26.25,0.0,-7327.479534,0.0
2019-01-10,14,0,80,42.45,42.45,0.0,-11849.58119,0.0
2019-01-10,14,0,81,55.5,55.5,0.0,-15492.385301,0.0
2019-01-10,14,0,82,39.15,39.15,0.0,-10928.412334,0.0
2019-01-10,14,0,83,87.3,87.3,0.0,-24369.103366,0.0
2019-01-10,14,0,84,0.0,0.0,0.0,-0.0,0.0
2019-01-10,14,0,86,5.82,5.82,0.0,62.466694,0.0
2019-01-10,14,0,87,29.72,29.72,0.0,318.987996,0.0
2019-01-10,14,0,88,51.18,51.18,0.0,-14286.491526,0.0
2019-01-10,14,0,89,49.2,49.2,0.0,-13733.790213,0.0
2019-01-10,14,0,90,66.06,66.06,0.0,-18440.12564,0.0
2019-01-10,14,0,91,235.65,235.65,0.0,-65779.830563,0.0
2019-01-10,14,0,92,84.75,84.75,0.0,-23657.291068,0.0
2019-01-10,14,0,95,37.72,37.72,0.0,846.049665,0.0
2019-01-10,14,0,96,31.39,31.39,0.0,-1059.839666,0.0
2019-01-10,14,0,97,210.51,210.51,0.0,-7107.57719,0.0
2019-01-10,14,0,99,10.75,10.75,0.0,-47.150802,0.0
2019-01-10,14,0,101,11.7,11.7,0.0,-392.261133,0.0
2019-01-10,14,0,102,45.25,45.25,0.0,-18234.083871,0.0
2019-01-10,14,0,103,39.36,39.36,0.0,-15860.630744,0.0
2019-01-10,14,0,104,7.37,7.37,0.0,-2969.838633,0.0
2019-01-10,14,0,106,228.39,228.39,0.0,-7605.342381,0.0
2019-01-10,14,0,109,54.61,54.61,0.0,-751.832743,0.0
2019-01-10,14,0,110,338.6,338.6,0.0,-338600.0,0.0
2019-01-10,14,0,111,8.47,8.47,0.0,-181.133702,0.0
2019-01-10,14,0,113,45.0,45.0,0.0,-11430.931971,0.0
2019-01-10,14,0,115,45.0,45.0,0.0,-11430.931971,0.0
2019-01-10,14,0,116,109.39,109.39,0.0,-109390.0,0.0
2019-01-10,14,0,117,3.0,3.0,0.0,-762.062131,0.0
2019-01-10,14,0,119,60.0,60.0,0.0,6997.364297,0.0
2019-01-10,14,0,120,35.28,35.28,0.0,4114.450207,0.0
2019-01-10,14,0,123,3.81,3.81,0.0,-126.872256,0.0
2019-01-10,14,0,125,66.79,66.79,0.0,-2224.093952,0.0
2019-01-10,14,0,126,171.29,171.29,0.0,-5703.923536,0.0
2019-01-10,14,0,127,219.82,219.82,0.0,-7319.963055,0.0
2019-01-10,14,0,128,92.7,92.7,0.0,-3086.89189,0.0
2019-01-10,14,0,131,30.0,30.0,0.0,-10911.36463,0.0
2019-01-10,14,0,132,44.1,44.1,0.0,-16039.706006,0.0
2019-01-10,14,0,133,13.59,13.59,0.0,51.644704,0.0
2019-01-10,14,0,134,0.0,0.0,0.0,0.0,0.0
2019-01-10,14,0,135,18.21,18.21,0.0,69.201623,0.0
2019-01-10,14,0,136,19.23,19.23,0.0,66.885493,0.0
2019-01-10,14,0,139,30.96,30.96,0.0,-662.089659,0.0
2019-01-10,14,0,140,250.6,250.6,0.0,-250600.0,0.0
2019-01-10,14,0,141,230.0,230.0,0.0,-126484.514944,0.0
2019-01-10,14,0,142,389.78,389.78,0.0,-214352.757543,0.0
2019-01-10,14,0,143,41.11,41.11,0.0,-1378.278222,0.0
2019-01-10,14,0,145,56.12,56.12,0.0,-1469.802341,0.0
2019-01-10,14,0,146,268.0,268.0,0.0,-268000.0,0.0
2019-01-10,14,0,152,2.37,2.37,0.0,-9.914643,0.0
2019-01-10,14,0,153,2.78,2.78,0.0,-12.62925,0.0
2019-01-10,14,0,154,34.93,34.93,0.0,-746.989398,0.0
2019-01-10,14,0,157,98.99,98.99,0.0,-54437.835366,0.0
2019-01-10,14,0,158,294.23,294.23,0.0,-161806.690574,0.0
2019-01-10,14,0,159,0.0,0.0,0.0,-0.0,0.0
2019-01-10,14,0,160,0.85,0.85,0.0,-0.852078,0.0
2019-01-10,14,0,161,57.0,57.0,0.0,-22968.901229,0.0
2019-01-10,14,0,162,54.13,54.13,0.0,1258.877225,0.0
2019-01-10,14,0,163,130.61,130.61,0.0,-130610.0,0.0
2019-01-10,14,0,164,20.87,20.87,0.0,-699.699988,0.0
2019-01-10,14,0,167,2.35,2.35,0.0,45.419412,0.0
2019-01-10,14,0,168,1.17,1.17,0.0,22.613069,0.0
2019-01-10,14,0,169,0.0,0.0,0.0,0.0,0.0
2019-01-10,14,0,170,2.57,2.57,0.0,49.671442,0.0
2019-01-10,14,0,172,3.08,3.08,0.0,39.600152,0.0
2019-01-10,14,0,173,4.69,4.69,0.0,60.300232,0.0
2019-01-10,14,0,188,4.18,4.18,0.0,104.108327,0.0
2019-01-10,14,0,190,5.07,5.07,0.0,164.407715,0.0
2019-01-10,14,0,191,13.1,13.1,0.0,424.800998,0.0
2019-01-10,14,0,192,332.6,332.6,0.0,10785.405497,0.0
2019-01-10,14,0,194,52.95,52.95,0.0,-6416.708112,0.0
2019-01-10,14,0,196,4.68,4.68,0.0,1272.667,0.0
2019-01-10,14,0,198,3.86,3.86,0.0,26.047905,0.0
2019-01-10,14,0,199,13.99,13.99,0.0,-204.897195,0.0
2019-01-10,14,0,200,6.95,6.95,0.0,-101.789528,0.0
2019-01-10,14,0,204,247.37,247.37,0.0,-3638.223601,0.0
2019-01-10,14,0,205,288.87,288.87,0.0,-3976.962542,0.0
2019-01-10,14,0,206,745.19,745.19,0.0,-25160.303294,0.0
2019-01-10,14,0,210,1.28,1.28,0.0,8.837929,0.0
2019-01-10,14,0,214,6.01,6.01,0.0,89.257209,0.0
2019-01-10,14,0,217,4.42,4.42,0.0,50.558578,0.0
2019-01-10,14,0,218,6.1,6.1,0.0,69.775414,0.0
2019-01-10,14,0,219,4.15,4.15,0.0,47.470158,0.0
2019-01-10,14,0,221,3.21,3.21,0.0,47.673151,0.0
2019-01-10,14,0,225,4.04,4.04,0.0,20.24977,0.0
2019-01-10,14,0,233,3.29,3.29,0.0,35.311928,0.0
2019-01-10,14,0,236,24.48,24.48,0.0,-1.507676,0.0
2019-01-10,14,0,237,133.61,133.61,0.0,-586.029639,0.0
2019-01-10,14,0,238,49.54,49.54,0.0,112.221098,0.0
2019-01-10,14,0,240,3.55,3.55,0.0,-25.917998,0.0
2019-01-10,14,0,245,34.23,34.23,0.0,164.450481,0.0
2019-01-10,14,0,247,58.2,58.2,0.0,279.609056,0.0
2019-01-10,14,0,248,13.41,13.41,0.0,-58.817884,0.0
2019-01-10,14,0,249,65.82,65.82,0.0,316.217665,0.0
2019-01-10,14,0,251,101.92,101.92,0.0,309.172304,0.0
2019-01-10,14,0,252,111.31,111.31,0.0,388.869138,0.0
2019-01-10,14,0,254,4.84,4.84,0.0,-22.796729,0.0
2019-01-10,14,0,255,2.22,2.22,0.0,-10.456351,0.0
2019-01-10,14,0,258,4.39,4.39,0.0,-31.094431,0.0
2019-01-10,14,0,260,2.07,2.07,0.0,-2.075061,0.0
2019-01-10,14,0,265,36.17,36.17,0.0,-773.507201,0.0
2019-01-10,14,0,266,20.05,20.05,0.0,-428.775764,0.0
2019-01-10,14,0,267,24.63,24.63,0.0,-526.720552,0.0
2019-01-10,14,0,270,454.05,454.05,0.0,-454050.0,0.0
2019-01-10,14,0,272,150.39,150.39,0.0,-38202.174648,0.0
2019-01-10,14,0,273,26.16,26.16,0.0,-26160.0,0.0
2019-01-10,14,0,274,605.65,605.65,0.0,-605650.0,0.0
2019-01-10,14,0,275,880.86,880.86,0.0,-880860.0,0.0
2019-01-10,14,0,276,6.01,6.01,0.0,-5406.051891,0.0
2019-01-10,14,0,277,7.55,7.55,0.0,-1993.896653,0.0
2019-01-10,14,0,278,12.07,12.07,0.0,-3187.593722,0.0
2019-01-10,14,0,279,264.6,264.6,0.0,-69878.815149,0.0
2019-01-10,14,0,281,22.84,22.84,0.0,-765.747375,0.0
2019-01-10,14,0,282,318.5,318.5,0.0,-10678.219743,0.0
2019-01-10,15,0,9,2.69,2.69,0.0,-26.520285,0.0
2019-01-10,15,0,17,28.54,28.54,0.0,175.071742,0.0
2019-01-10,15,0,19,80.82,80.82,0.0,495.770785,0.0
2019-01-10,15,0,20,98.01,98.01,0.0,601.218692,0.0
2019-01-10,15,0,21,61.41,61.41,0.0,-605.431479,0.0
2019-01-10,15,0,22,218.23,218.23,0.0,-2151.495061,0.0
2019-01-10,15,0,23,32.64,32.64,0.0,-321.792599,0.0
2019-01-10,15,0,24,57.75,57.75,0.0,-569.348118,0.0
2019-01-10,15,0,29,4.26,4.26,0.0,27.086342,0.0
2019-01-10,15,0,30,542.19,542.19,0.0,-5398.265628,0.0
2019-01-10,15,0,31,50.35,50.35,0.0,-501.305215,0.0
2019-01-10,15,0,32,1.89,1.89,0.0,81.795404,0.0
2019-01-10,15,0,33,1.07,1.07,0.0,9.790822,0.0
2019-01-10,15,0,34,1.72,1.72,0.0,15.738517,0.0
2019-01-10,15,0,35,1.72,1.72,0.0,15.738517,0.0
2019-01-10,15,0,36,2.97,2.97,0.0,3.917848,0.0
2019-01-10,15,0,37,1.36,1.36,0.0,1.678162,0.0
2019-01-10,15,0,38,1.75,1.75,0.0,2.1594,0.0
2019-01-10,15,0,39,1.17,1.17,0.0,1.443713,0.0
2019-01-10,15,0,40,1.17,1.17,0.0,1.443713,0.0
2019-01-10,15,0,41,48.56,48.56,0.0,-229.673154,0.0
2019-01-10,15,0,42,36.36,36.36,0.0,199.270488,0.0
2019-01-10,15,0,43,9.16,9.16,0.0,17.280322,0.0
2019-01-10,15,0,46,13.63,13.63,0.0,2.255516,0.0
2019-01-10,15,0,52,53.37,53.37,0.0,-531.373571,0.0
2019-01-10,15,0,53,84.79,84.79,0.0,-844.203955,0.0
2019-01-10,15,0,55,410.07,410.07,0.0,-4042.815284,0.0
2019-01-10,15,0,56,159.93,159.93,0.0,-1592.32856,0.0
2019-01-10,15,0,57,152.13,152.13,0.0,-1514.668566,0.0
2019-01-10,15,0,58,292.55,292.55,0.0,-2912.747578,0.0
2019-01-10,15,0,59,287.67,287.67,0.0,-2864.1603,0.0
2019-01-10,15,0,63,51.0,51.0,0.0,5811.298395,0.0
2019-01-10,15,0,64,60.0,60.0,0.0,6836.821641,0.0
2019-01-10,15,0,65,16.59,16.59,0.0,99.752562,0.0
2019-01-10,15,0,67,276.45,276.45,0.0,-153269.909074,0.0
2019-01-10,15,0,68,34.0,34.0,0.0,-13903.220225,0.0
2019-01-10,15,0,69,1.07,1.07,0.0,9.790822,0.0
2019-01-10,15,0,74,78.52,78.52,0.0,204.166954,0.0
2019-01-10,15,0,77,60.0,60.0,0.0,-17229.029978,0.0
2019-01-10,15,0,78,45.36,45.36,0.0,-13025.146663,0.0
2019-01-10,15,0,79,26.25,26.25,0.0,-7537.700615,0.0
2019-01-10,15,0,80,42.45,42.45,0.0,-12189.538709,0.0
2019-01-10,15,0,81,55.5,55.5,0.0,-15936.852729,0.0
2019-01-10,15,0,82,39.15,39.15,0.0,-11241.94206,0.0
2019-01-10,15,0,83,87.3,87.3,0.0,-25068.238617,0.0
2019-01-10,15,0,84,0.0,0.0,0.0,0.0,0.0
2019-01-10,15,0,86,5.43,5.43,0.0,49.686133,0.0
2019-01-10,15,0,87,27.73,27.73,0.0,253.73784,0.0
2019-01-10,15,0,88,51.18,51.18,0.0,-14696.362571,0.0
2019-01-10,15,0,89,49.2,49.2,0.0,-14127.804582,0.0
2019-01-10,15,0,90,66.06,66.06,0.0,-18969.162005,0.0
2019-01-10,15,0,91,235.65,235.65,0.0,-67667.015237,0.0
2019-01-10,15,0,92,84.75,84.75,0.0,-24336.004843,0.0
2019-01-10,15,0,95,50.73,50.73,0.0,1137.860538,0.0
2019-01-10,15,0,96,29.88,29.88,0.0,-300.544309,0.0
2019-01-10,15,0,97,183.75,183.75,0.0,-1848.226797,0.0
2019-01-10,15,0,99,15.16,15.16,0.0,39.418887,0.0
2019-01-10,15,0,101,10.92,10.92,0.0,-108.723991,0.0
2019-01-10,15,0,102,80.5,80.5,0.0,-32917.918474,0.0
2019-01-10,15,0,103,70.0,70.0,0.0,-28624.276934,0.0
2019-01-10,15,0,104,13.0,13.0,0.0,-5315.937145,0.0
2019-01-10,15,0,106,214.83,214.83,0.0,-2117.974998,0.0
2019-01-10,15,0,109,60.0,60.0,0.0,-87.499589,0.0
2019-01-10,15,0,110,338.6,338.6,0.0,-338600.0,0.0
2019-01-10,15,0,111,8.13,8.13,0.0,-38.452281,0.0
2019-01-10,15,0,113,45.0,45.0,0.0,-11681.647081,0.0
2019-01-10,15,0,115,45.0,45.0,0.0,-11681.647081,0.0
2019-01-10,15,0,116,101.54,101.54,0.0,-101540.0,0.0
2019-01-10,15,0,117,3.0,3.0,0.0,-778.776472,0.0
2019-01-10,15,0,119,60.0,60.0,0.0,6836.821641,0.0
2019-01-10,15,0,120,35.28,35.28,0.0,4020.051125,0.0
2019-01-10,15,0,123,3.58,3.58,0.0,-35.294654,0.0
2019-01-10,15,0,125,52.26,52.26,0.0,-515.223076,0.0
2019-01-10,15,0,126,161.12,161.12,0.0,-1588.456602,0.0
2019-01-10,15,0,127,206.78,206.78,0.0,-2038.611321,0.0
2019-01-10,15,0,128,74.85,74.85,0.0,-737.934314,0.0
2019-01-10,15,0,131,73.62,73.62,0.0,-27243.723023,0.0
2019-01-10,15,0,132,108.35,108.35,0.0,-40095.862395,0.0
2019-01-10,15,0,133,12.58,12.58,0.0,77.312915,0.0
2019-01-10,15,0,134,0.0,0.0,0.0,0.0,0.0
2019-01-10,15,0,135,16.86,16.86,0.0,103.616514,0.0
2019-01-10,15,0,136,18.89,18.89,0.0,113.456088,0.0
2019-01-10,15,0,139,63.14,63.14,0.0,-298.631856,0.0
2019-01-10,15,0,140,250.6,250.6,0.0,-250600.0,0.0
2019-01-10,15,0,141,217.89,217.89,0.0,-120802.967944,0.0
2019-01-10,15,0,142,364.56,364.56,0.0,-202120.014657,0.0
2019-01-10,15,0,143,42.76,42.76,0.0,-425.736067,0.0
2019-01-10,15,0,145,30.0,30.0,0.0,-204.035107,0.0
2019-01-10,15,0,146,268.0,268.0,0.0,-268000.0,0.0
2019-01-10,15,0,152,2.22,2.22,0.0,5.959243,0.0
2019-01-10,15,0,153,2.62,2.62,0.0,6.624539,0.0
2019-01-10,15,0,154,33.53,33.53,0.0,-158.586097,0.0
2019-01-10,15,0,157,86.1,86.1,0.0,-47735.717747,0.0
2019-01-10,15,0,158,276.72,276.72,0.0,-153419.602962,0.0
2019-01-10,15,0,159,0.0,0.0,0.0,0.0,0.0
2019-01-10,15,0,160,0.81,0.81,0.0,3.234229,0.0
2019-01-10,15,0,161,52.76,52.76,0.0,-21574.526443,0.0
2019-01-10,15,0,162,79.39,79.39,0.0,1844.358475,0.0
2019-01-10,15,0,163,142.89,142.89,0.0,-142890.0,0.0
2019-01-10,15,0,164,19.5,19.5,0.0,-194.149984,0.0
2019-01-10,15,0,167,2.14,2.14,0.0,41.544554,0.0
2019-01-10,15,0,168,1.07,1.07,0.0,20.772277,0.0
2019-01-10,15,0,169,0.0,0.0,0.0,0.0,0.0
2019-01-10,15,0,170,2.34,2.34,0.0,45.427222,0.0
2019-01-10,15,0,172,2.85,2.85,0.0,41.235092,0.0
2019-01-10,15,0,173,4.34,4.34,0.0,62.793087,0.0
2019-01-10,15,0,188,3.79,3.79,0.0,91.931171,0.0
2019-01-10,15,0,190,4.77,4.77,0.0,154.679447,0.0
2019-01-10,15,0,191,12.33,12.33,0.0,399.831779,0.0
2019-01-10,15,0,192,332.6,332.6,0.0,10785.405497,0.0
2019-01-10,15,0,194,52.95,52.95,0.0,-6649.100341,0.0
2019-01-10,15,0,196,4.39,4.39,0.0,1175.08316,0.0
2019-01-10,15,0,198,3.62,3.62,0.0,26.303401,0.0
2019-01-10,15,0,199,25.77,25.77,0.0,-623.81849,0.0
2019-01-10,15,0,200,6.34,6.34,0.0,-153.473389,0.0
2019-01-10,15,0,204,257.1,257.1,0.0,-479.334213,0.0
2019-01-10,15,0,205,317.4,317.4,0.0,-462.872825,0.0
2019-01-10,15,0,206,539.94,539.94,0.0,-5430.920147,0.0
2019-01-10,15,0,210,1.17,1.17,0.0,8.325119,0.0
2019-01-10,15,0,214,5.48,5.48,0.0,59.924891,0.0
2019-01-10,15,0,217,4.03,4.03,0.0,37.445763,0.0
2019-01-10,15,0,218,5.56,5.56,0.0,51.662145,0.0
2019-01-10,15,0,219,3.78,3.78,0.0,35.122825,0.0
2019-01-10,15,0,221,2.92,2.92,0.0,31.930782,0.0
2019-01-10,15,0,225,3.66,3.66,0.0,23.00373,0.0
2019-01-10,15,0,233,3.07,3.07,0.0,28.091423,0.0
2019-01-10,15,0,236,35.09,35.09,0.0,156.912552,0.0
2019-01-10,15,0,237,188.36,188.36,0.0,489.771874,0.0
2019-01-10,15,0,238,47.32,47.32,0.0,259.33662,0.0
2019-01-10,15,0,240,3.36,3.36,0.0,4.432313,0.0
2019-01-10,15,0,245,32.37,32.37,0.0,213.022157,0.0
2019-01-10,15,0,247,57.84,57.84,0.0,380.636441,0.0
2019-01-10,15,0,248,18.91,18.91,0.0,49.169601,0.0
2019-01-10,15,0,249,62.24,62.24,0.0,409.592186,0.0
2019-01-10,15,0,251,99.85,99.85,0.0,580.469831,0.0
2019-01-10,15,0,252,107.01,107.01,0.0,643.431081,0.0
2019-01-10,15,0,254,4.56,4.56,0.0,11.012686,0.0
2019-01-10,15,0,255,2.09,2.09,0.0,5.047481,0.0
2019-01-10,15,0,258,4.16,4.16,0.0,5.868818,0.0
2019-01-10,15,0,260,1.96,1.96,0.0,7.826036,0.0
2019-01-10,15,0,265,34.72,34.72,0.0,-164.214413,0.0
2019-01-10,15,0,266,40.38,40.38,0.0,-190.98439,0.0
2019-01-10,15,0,267,49.94,49.94,0.0,-236.200109,0.0
2019-01-10,15,0,270,466.38,466.38,0.0,-466380.0,0.0
2019-01-10,15,0,272,150.39,150.39,0.0,-39040.064544,0.0
2019-01-10,15,0,273,24.28,24.28,0.0,-24280.0,0.0
2019-01-10,15,0,274,614.3,614.3,0.0,-614300.0,0.0
2019-01-10,15,0,275,881.73,881.73,0.0,-881730.0,0.0
2019-01-10,15,0,276,5.57,5.57,0.0,-5015.8507,0.0
2019-01-10,15,0,277,7.02,7.02,0.0,-1899.898005,0.0
2019-01-10,15,0,278,11.24,11.24,0.0,-3042.001934,0.0
2019-01-10,15,0,279,264.6,264.6,0.0,-71611.5402,0.0
2019-01-10,15,0,281,22.6,22.6,0.0,-225.014853,0.0
2019-01-10,15,0,282,297.43,297.43,0.0,-2961.334856,0.0
2019-01-10,16,0,9,2.3,2.3,0.0,-64.710138,0.0
2019-01-10,16,0,17,23.67,23.67,0.0,135.677683,0.0
2019-01-10,16,0,19,139.07,139.07,0.0,797.156541,0.0
2019-01-10,16,0,20,175.53,175.53,0.0,1006.147175,0.0
2019-01-10,16,0,21,52.66,52.66,0.0,-1481.580806,0.0
2019-01-10,16,0,22,187.14,187.14,0.0,-5265.154426,0.0
2019-01-10,16,0,23,32.64,32.64,0.0,-918.321259,0.0
2019-01-10,16,0,24,57.75,57.75,0.0,-1624.787154,0.0
2019-01-10,16,0,29,2.67,2.67,0.0,13.742296,0.0
2019-01-10,16,0,30,438.63,438.63,0.0,-12431.087137,0.0
2019-01-10,16,0,31,51.73,51.73,0.0,-1466.065106,0.0
2019-01-10,16,0,32,1.69,1.69,0.0,75.850874,0.0
2019-01-10,16,0,33,1.11,1.11,0.0,13.494591,0.0
2019-01-10,16,0,34,1.77,1.77,0.0,21.518403,0.0
2019-01-10,16,0,35,1.77,1.77,0.0,21.518403,0.0
2019-01-10,16,0,36,2.83,2.83,0.0,-12.929734,0.0
2019-01-10,16,0,37,1.14,1.14,0.0,-5.423261,0.0
2019-01-10,16,0,38,1.47,1.47,0.0,-6.993152,0.0
2019-01-10,16,0,39,0.98,0.98,0.0,-4.662101,0.0
2019-01-10,16,0,40,0.98,0.98,0.0,-4.662101,0.0
2019-01-10,16,0,41,81.91,81.91,0.0,-1417.267305,0.0
2019-01-10,16,0,42,33.82,33.82,0.0,146.754664,0.0
2019-01-10,16,0,43,9.73,9.73,0.0,-33.154905,0.0
2019-01-10,16,0,46,13.36,13.36,0.0,-93.769341,0.0
2019-01-10,16,0,52,54.83,54.83,0.0,-1553.921318,0.0
2019-01-10,16,0,53,87.11,87.11,0.0,-2468.759548,0.0
2019-01-10,16,0,55,390.94,390.94,0.0,-10999.035327,0.0
2019-01-10,16,0,56,129.38,129.38,0.0,-3666.721505,0.0
2019-01-10,16,0,57,123.07,123.07,0.0,-3487.891603,0.0
2019-01-10,16,0,58,236.67,236.67,0.0,-6707.39665,0.0
2019-01-10,16,0,59,232.73,232.73,0.0,-6595.734239,0.0
2019-01-10,16,0,63,51.0,51.0,0.0,5938.817441,0.0
2019-01-10,16,0,64,60.0,60.0,0.0,6986.844049,0.0
2019-01-10,16,0,65,16.41,16.41,0.0,89.817337,0.0
2019-01-10,16,0,67,233.39,233.39,0.0,-128494.724007,0.0
2019-01-10,16,0,68,34.0,34.0,0.0,-13728.950537,0.0
2019-01-10,16,0,69,1.11,1.11,0.0,13.494591,0.0
2019-01-10,16,0,74,66.16,66.16,0.0,-118.454728,0.0
2019-01-10,16,0,77,60.0,60.0,0.0,-16816.597226,0.0
2019-01-10,16,0,78,45.36,45.36,0.0,-12713.347503,0.0
2019-01-10,16,0,79,26.25,26.25,0.0,-7357.261286,0.0
2019-01-10,16,0,80,42.45,42.45,0.0,-11897.742537,0.0
2019-01-10,16,0,81,55.5,55.5,0.0,-15555.352434,0.0
2019-01-10,16,0,82,39.15,39.15,0.0,-10972.82969,0.0
2019-01-10,16,0,83,87.3,87.3,0.0,-24468.148964,0.0
2019-01-10,16,0,84,0.0,0.0,0.0,-0.0,0.0
2019-01-10,16,0,86,5.62,5.62,0.0,68.323967,0.0
2019-01-10,16,0,87,28.69,28.69,0.0,348.792637,0.0
2019-01-10,16,0,88,51.18,51.18,0.0,-14344.557434,0.0
2019-01-10,16,0,89,49.2,49.2,0.0,-13789.609725,0.0
2019-01-10,16,0,90,66.06,66.06,0.0,-18515.073546,0.0
2019-01-10,16,0,91,235.65,235.65,0.0,-66047.185605,0.0
2019-01-10,16,0,92,84.75,84.75,0.0,-23753.443582,0.0
2019-01-10,16,0,95,66.38,66.38,0.0,1488.885917,0.0
2019-01-10,16,0,96,29.88,29.88,0.0,-853.249361,0.0
2019-01-10,16,0,97,183.75,183.75,0.0,-5247.140898,0.0
2019-01-10,16,0,99,14.51,14.51,0.0,-25.979113,0.0
2019-01-10,16,0,101,8.84,8.84,0.0,-250.531907,0.0
2019-01-10,16,0,102,80.5,80.5,0.0,-32505.309359,0.0
2019-01-10,16,0,103,70.0,70.0,0.0,-28265.486399,0.0
2019-01-10,16,0,104,13.0,13.0,0.0,-5249.304617,0.0
2019-01-10,16,0,106,184.22,184.22,0.0,-5183.000685,0.0
2019-01-10,16,0,109,60.0,60.0,0.0,-625.010746,0.0
2019-01-10,16,0,110,338.6,338.6,0.0,-338600.0,0.0
2019-01-10,16,0,111,9.01,9.01,0.0,-155.897673,0.0
2019-01-10,16,0,113,45.0,45.0,0.0,-11463.896452,0.0
2019-01-10,16,0,115,45.0,45.0,0.0,-11463.896452,0.0
2019-01-10,16,0,116,84.63,84.63,0.0,-84630.0,0.0
2019-01-10,16,0,117,3.0,3.0,0.0,-764.259763,0.0
2019-01-10,16,0,119,60.0,60.0,0.0,6986.844049,0.0
2019-01-10,16,0,120,35.28,35.28,0.0,4108.264301,0.0
2019-01-10,16,0,123,3.07,3.07,0.0,-86.373966,0.0
2019-01-10,16,0,125,52.26,52.26,0.0,-1470.326869,0.0
2019-01-10,16,0,126,138.16,138.16,0.0,-3887.10984,0.0
2019-01-10,16,0,127,177.31,177.31,0.0,-4988.588924,0.0
2019-01-10,16,0,128,74.85,74.85,0.0,-2105.892961,0.0
2019-01-10,16,0,131,30.0,30.0,0.0,-10937.885114,0.0
2019-01-10,16,0,132,44.1,44.1,0.0,-16078.691118,0.0
2019-01-10,16,0,133,15.43,15.43,0.0,88.821686,0.0
2019-01-10,16,0,134,0.0,0.0,0.0,0.0,0.0
2019-01-10,16,0,135,19.61,19.61,0.0,112.883556,0.0
2019-01-10,16,0,136,19.05,19.05,0.0,103.996352,0.0
2019-01-10,16,0,139,106.66,106.66,0.0,-1845.510081,0.0
2019-01-10,16,0,140,250.6,250.6,0.0,-250600.0,0.0
2019-01-10,16,0,141,201.72,201.72,0.0,-111058.55318,0.0
2019-01-10,16,0,142,307.78,307.78,0.0,-169450.7312,0.0
2019-01-10,16,0,143,46.43,46.43,0.0,-1315.859325,0.0
2019-01-10,16,0,145,30.0,30.0,0.0,-650.568418,0.0
2019-01-10,16,0,146,268.0,268.0,0.0,-268000.0,0.0
2019-01-10,16,0,152,2.27,2.27,0.0,-3.680526,0.0
2019-01-10,16,0,153,2.52,2.52,0.0,-4.923427,0.0
2019-01-10,16,0,154,37.16,37.16,0.0,-642.96976,0.0
2019-01-10,16,0,157,75.0,75.0,0.0,-41291.847553,0.0
2019-01-10,16,0,158,235.93,235.93,0.0,-129893.141244,0.0
2019-01-10,16,0,159,0.0,0.0,0.0,-0.0,0.0
2019-01-10,16,0,160,0.8,0.8,0.0,0.778373,0.0
2019-01-10,16,0,161,44.36,44.36,0.0,-17912.242524,0.0
2019-01-10,16,0,162,112.03,112.03,0.0,2604.969695,0.0
2019-01-10,16,0,163,146.36,146.36,0.0,-146360.0,0.0
2019-01-10,16,0,164,14.28,14.28,0.0,-404.705388,0.0
2019-01-10,16,0,167,1.96,1.96,0.0,37.885347,0.0
2019-01-10,16,0,168,0.98,0.98,0.0,18.942674,0.0
2019-01-10,16,0,169,0.0,0.0,0.0,0.0,0.0
2019-01-10,16,0,170,2.14,2.14,0.0,41.364614,0.0
2019-01-10,16,0,172,2.54,2.54,0.0,33.873271,0.0
2019-01-10,16,0,173,3.87,3.87,0.0,51.610062,0.0
2019-01-10,16,0,188,3.4,3.4,0.0,85.161263,0.0
2019-01-10,16,0,190,4.28,4.28,0.0,138.789944,0.0
2019-01-10,16,0,191,11.06,11.06,0.0,358.648782,0.0
2019-01-10,16,0,192,332.6,332.6,0.0,10785.405497,0.0
2019-01-10,16,0,194,52.95,52.95,0.0,-6443.684297,0.0
2019-01-10,16,0,196,3.98,3.98,0.0,1080.743388,0.0
2019-01-10,16,0,198,3.24,3.24,0.0,24.979065,0.0
2019-01-10,16,0,199,43.7,43.7,0.0,-703.544858,0.0
2019-01-10,16,0,200,6.27,6.27,0.0,-100.943393,0.0
2019-01-10,16,0,204,257.1,257.1,0.0,-2899.546636,0.0
2019-01-10,16,0,205,317.4,317.4,0.0,-3306.306849,0.0
2019-01-10,16,0,206,539.94,539.94,0.0,-15418.455818,0.0
2019-01-10,16,0,210,0.87,0.87,0.0,5.903585,0.0
2019-01-10,16,0,214,4.04,4.04,0.0,64.478334,0.0
2019-01-10,16,0,217,2.75,2.75,0.0,33.014296,0.0
2019-01-10,16,0,218,3.8,3.8,0.0,45.619755,0.0
2019-01-10,16,0,219,2.59,2.59,0.0,31.093464,0.0
2019-01-10,16,0,221,2.15,2.15,0.0,34.313965,0.0
2019-01-10,16,0,225,2.62,2.62,0.0,13.070297,0.0
2019-01-10,16,0,233,3.18,3.18,0.0,38.660181,0.0
2019-01-10,16,0,236,39.8,39.8,0.0,87.133114,0.0
2019-01-10,16,0,237,151.3,151.3,0.0,-270.891783,0.0
2019-01-10,16,0,238,44.01,44.01,0.0,190.971992,0.0
2019-01-10,16,0,240,3.21,3.21,0.0,-14.665882,0.0
2019-01-10,16,0,245,33.02,33.02,0.0,220.687615,0.0
2019-01-10,16,0,247,61.54,61.54,0.0,411.299692,0.0
2019-01-10,16,0,248,17.82,17.82,0.0,-31.90543,0.0
2019-01-10,16,0,249,63.51,63.51,0.0,424.466094,0.0
2019-01-10,16,0,251,99.83,99.83,0.0,503.996674,0.0
2019-01-10,16,0,252,105.89,105.89,0.0,579.570859,0.0
2019-01-10,16,0,254,3.17,3.17,0.0,-7.317249,0.0
2019-01-10,16,0,255,1.45,1.45,0.0,-3.347007,0.0
2019-01-10,16,0,258,4.25,4.25,0.0,-18.620305,0.0
2019-01-10,16,0,260,1.94,1.94,0.0,1.887554,0.0
2019-01-10,16,0,265,38.47,38.47,0.0,-665.636348,0.0
2019-01-10,16,0,266,68.01,68.01,0.0,-1176.759241,0.0
2019-01-10,16,0,267,84.25,84.25,0.0,-1457.755713,0.0
2019-01-10,16,0,270,395.58,395.58,0.0,-395580.0,0.0
2019-01-10,16,0,272,150.39,150.39,0.0,-38312.341941,0.0
2019-01-10,16,0,273,20.24,20.24,0.0,-20240.0,0.0
2019-01-10,16,0,274,493.67,493.67,0.0,-493670.0,0.0
2019-01-10,16,0,275,661.83,661.83,0.0,-661830.0,0.0
2019-01-10,16,0,276,4.59,4.59,0.0,-4129.389282,0.0
2019-01-10,16,0,277,5.83,5.83,0.0,-1544.868285,0.0
2019-01-10,16,0,278,9.33,9.33,0.0,-2472.319229,0.0
2019-01-10,16,0,279,604.22,604.22,0.0,-160109.831118,0.0
2019-01-10,16,0,281,23.22,23.22,0.0,-658.071366,0.0
2019-01-10,16,0,282,240.61,240.61,0.0,-6819.059061,0.0
2019-01-10,17,0,9,1.56,1.56,0.0,-16.223452,0.0
2019-01-10,17,0,17,16.04,16.04,0.0,202.572549,0.0
2019-01-10,17,0,19,150.37,150.37,0.0,1899.054498,0.0
2019-01-10,17,0,20,181.08,181.08,0.0,2286.897576,0.0
2019-01-10,17,0,21,35.67,35.67,0.0,-370.955467,0.0
2019-01-10,17,0,22,126.78,126.78,0.0,-1318.467456,0.0
2019-01-10,17,0,23,47.2,47.2,0.0,-490.863416,0.0
2019-01-10,17,0,24,83.96,83.96,0.0,-873.154501,0.0
2019-01-10,17,0,29,1.77,1.77,0.0,9.239768,0.0
2019-01-10,17,0,30,302.3,302.3,0.0,-3184.656931,0.0
2019-01-10,17,0,31,62.06,62.06,0.0,-653.786997,0.0
2019-01-10,17,0,32,1.13,1.13,0.0,54.646657,0.0
2019-01-10,17,0,33,0.75,0.75,0.0,12.93968,0.0
2019-01-10,17,0,34,1.2,1.2,0.0,20.703488,0.0
2019-01-10,17,0,35,1.2,1.2,0.0,20.703488,0.0
2019-01-10,17,0,36,1.95,1.95,0.0,9.621308,0.0
2019-01-10,17,0,37,0.77,0.77,0.0,3.659651,0.0
2019-01-10,17,0,38,1.0,1.0,0.0,4.752794,0.0
2019-01-10,17,0,39,0.66,0.66,0.0,3.136844,0.0
2019-01-10,17,0,40,0.66,0.66,0.0,3.136844,0.0
2019-01-10,17,0,41,34.8,34.8,0.0,-112.35013,0.0
2019-01-10,17,0,42,23.09,23.09,0.0,268.466417,0.0
2019-01-10,17,0,43,6.55,6.55,0.0,35.751437,0.0
2019-01-10,17,0,46,9.2,9.2,0.0,29.648676,0.0
2019-01-10,17,0,52,65.79,65.79,0.0,-693.081639,0.0
2019-01-10,17,0,53,104.51,104.51,0.0,-1100.987416,0.0
2019-01-10,17,0,55,420.96,420.96,0.0,-4377.836095,0.0
2019-01-10,17,0,56,89.17,89.17,0.0,-939.384249,0.0
2019-01-10,17,0,57,84.82,84.82,0.0,-893.558058,0.0
2019-01-10,17,0,58,163.11,163.11,0.0,-1718.324155,0.0
2019-01-10,17,0,59,160.39,160.39,0.0,-1689.669617,0.0
2019-01-10,17,0,63,95.49,95.49,0.0,11305.60178,0.0
2019-01-10,17,0,64,112.31,112.31,0.0,13297.016817,0.0
2019-01-10,17,0,65,15.56,15.56,0.0,193.613552,0.0
2019-01-10,17,0,67,158.58,158.58,0.0,-87484.600428,0.0
2019-01-10,17,0,68,19.11,19.11,0.0,-7744.79161,0.0
2019-01-10,17,0,69,0.75,0.75,0.0,12.93968,0.0
2019-01-10,17,0,74,56.16,56.16,0.0,407.586436,0.0
2019-01-10,17,0,77,60.0,60.0,0.0,-16951.129429,0.0
2019-01-10,17,0,78,45.36,45.36,0.0,-12815.053848,0.0
2019-01-10,17,0,79,26.25,26.25,0.0,-7416.119125,0.0
2019-01-10,17,0,80,42.45,42.45,0.0,-11992.924071,0.0
2019-01-10,17,0,81,55.5,55.5,0.0,-15679.794722,0.0
2019-01-10,17,0,82,39.15,39.15,0.0,-11060.611952,0.0
2019-01-10,17,0,83,87.3,87.3,0.0,-24663.893319,0.0
2019-01-10,17,0,84,0.0,0.0,0.0,0.0,0.0
2019-01-10,17,0,86,3.79,3.79,0.0,65.388517,0.0
2019-01-10,17,0,87,19.37,19.37,0.0,334.188806,0.0
2019-01-10,17,0,88,51.18,51.18,0.0,-14459.313403,0.0
2019-01-10,17,0,89,49.2,49.2,0.0,-13899.926132,0.0
2019-01-10,17,0,90,66.06,66.06,0.0,-18663.193501,0.0
2019-01-10,17,0,91,235.65,235.65,0.0,-66575.560832,0.0
2019-01-10,17,0,92,84.75,84.75,0.0,-23943.470318,0.0
2019-01-10,17,0,95,55.15,55.15,0.0,1236.999974,0.0
2019-01-10,17,0,96,29.88,29.88,0.0,-318.997618,0.0
2019-01-10,17,0,97,183.75,183.75,0.0,-1961.707241,0.0
2019-01-10,17,0,99,11.42,11.42,0.0,82.881715,0.0
2019-01-10,17,0,101,6.09,6.09,0.0,-64.156668,0.0
2019-01-10,17,0,102,45.19,45.19,0.0,-18314.344994,0.0
2019-01-10,17,0,103,39.3,39.3,0.0,-15927.279448,0.0
2019-01-10,17,0,104,7.33,7.33,0.0,-2970.660518,0.0
2019-01-10,17,0,106,124.81,124.81,0.0,-1297.980148,0.0
2019-01-10,17,0,109,60.0,60.0,0.0,70.752424,0.0
2019-01-10,17,0,110,338.6,338.6,0.0,-338600.0,0.0
2019-01-10,17,0,111,6.61,6.61,0.0,-21.340068,0.0
2019-01-10,17,0,113,45.0,45.0,0.0,-11500.607714,0.0
2019-01-10,17,0,115,45.0,45.0,0.0,-11500.607714,0.0
2019-01-10,17,0,116,58.65,58.65,0.0,-58650.0,0.0
2019-01-10,17,0,117,3.0,3.0,0.0,-766.707181,0.0
2019-01-10,17,0,119,112.31,112.31,0.0,13297.016817,0.0
2019-01-10,17,0,120,66.1,66.1,0.0,7825.953269,0.0
2019-01-10,17,0,123,2.08,2.08,0.0,-21.631269,0.0
2019-01-10,17,0,125,75.89,75.89,0.0,-789.229336,0.0
2019-01-10,17,0,126,93.61,93.61,0.0,-973.51111,0.0
2019-01-10,17,0,127,120.13,120.13,0.0,-1249.309792,0.0
2019-01-10,17,0,128,109.23,109.23,0.0,-1135.953622,0.0
2019-01-10,17,0,131,30.0,30.0,0.0,-10985.256009,0.0
2019-01-10,17,0,132,44.1,44.1,0.0,-16148.326333,0.0
2019-01-10,17,0,133,44.04,44.04,0.0,556.962973,0.0
2019-01-10,17,0,134,0.0,0.0,0.0,0.0,0.0
2019-01-10,17,0,135,57.65,57.65,0.0,729.085272,0.0
2019-01-10,17,0,136,18.66,18.66,0.0,231.996223,0.0
2019-01-10,17,0,139,44.94,44.94,0.0,-145.086634,0.0
2019-01-10,17,0,140,250.6,250.6,0.0,-250600.0,0.0
2019-01-10,17,0,141,175.59,175.59,0.0,-96868.589918,0.0
2019-01-10,17,0,142,209.12,209.12,0.0,-115366.248212,0.0
2019-01-10,17,0,143,59.21,59.21,0.0,-623.76294,0.0
2019-01-10,17,0,145,30.0,30.0,0.0,-185.52636,0.0
2019-01-10,17,0,146,268.0,268.0,0.0,-268000.0,0.0
2019-01-10,17,0,152,1.54,1.54,0.0,11.260458,0.0
2019-01-10,17,0,153,1.71,1.71,0.0,12.09165,0.0
2019-01-10,17,0,154,27.27,27.27,0.0,-88.039887,0.0
2019-01-10,17,0,157,50.15,50.15,0.0,-27666.494586,0.0
2019-01-10,17,0,158,162.02,162.02,0.0,-89382.361971,0.0
2019-01-10,17,0,159,0.0,0.0,0.0,0.0,0.0
2019-01-10,17,0,160,0.54,0.54,0.0,4.270072,0.0
2019-01-10,17,0,161,30.46,30.46,0.0,-12344.654758,0.0
2019-01-10,17,0,162,95.46,95.46,0.0,2218.253394,0.0
2019-01-10,17,0,163,185.4,185.4,0.0,-185400.0,0.0
2019-01-10,17,0,164,10.11,10.11,0.0,-106.50639,0.0
2019-01-10,17,0,167,1.3,1.3,0.0,24.981408,0.0
2019-01-10,17,0,168,0.65,0.65,0.0,12.490704,0.0
2019-01-10,17,0,169,0.0,0.0,0.0,0.0,0.0
2019-01-10,17,0,170,1.42,1.42,0.0,27.287384,0.0
2019-01-10,17,0,172,1.69,1.69,0.0,28.931288,0.0
2019-01-10,17,0,173,2.57,2.57,0.0,43.9961,0.0
2019-01-10,17,0,188,2.27,2.27,0.0,63.469771,0.0
2019-01-10,17,0,190,2.92,2.92,0.0,94.688467,0.0
2019-01-10,17,0,191,7.53,7.53,0.0,244.179505,0.0
2019-01-10,17,0,192,332.6,332.6,0.0,10785.405497,0.0
2019-01-10,17,0,194,52.95,52.95,0.0,-6430.788202,0.0
2019-01-10,17,0,196,2.75,2.75,0.0,751.112952,0.0
2019-01-10,17,0,198,2.19,2.19,0.0,24.526359,0.0
2019-01-10,17,0,199,37.51,37.51,0.0,-762.080499,0.0
2019-01-10,17,0,200,4.24,4.24,0.0,-86.14293,0.0
2019-01-10,17,0,204,257.1,257.1,0.0,150.644516,0.0
2019-01-10,17,0,205,317.4,317.4,0.0,374.280322,0.0
2019-01-10,17,0,206,539.94,539.94,0.0,-5764.37664,0.0
2019-01-10,17,0,210,0.58,0.58,0.0,3.809841,0.0
2019-01-10,17,0,214,2.72,2.72,0.0,54.375213,0.0
2019-01-10,17,0,217,1.82,1.82,0.0,25.773043,0.0
2019-01-10,17,0,218,2.52,2.52,0.0,35.685752,0.0
2019-01-10,17,0,219,1.71,1.71,0.0,24.215332,0.0
2019-01-10,17,0,221,1.45,1.45,0.0,28.986786,0.0
2019-01-10,17,0,225,1.74,1.74,0.0,8.856567,0.0
2019-01-10,17,0,233,2.15,2.15,0.0,37.09375,0.0
2019-01-10,17,0,236,44.31,44.31,0.0,446.350318,0.0
2019-01-10,17,0,237,138.78,138.78,0.0,1007.208788,0.0
2019-01-10,17,0,238,30.06,30.06,0.0,349.506302,0.0
2019-01-10,17,0,240,2.21,2.21,0.0,10.904149,0.0
2019-01-10,17,0,245,40.06,40.06,0.0,533.352954,0.0
2019-01-10,17,0,247,68.47,68.47,0.0,911.59952,0.0
2019-01-10,17,0,248,14.12,14.12,0.0,102.477216,0.0
2019-01-10,17,0,249,77.04,77.04,0.0,1025.699241,0.0
2019-01-10,17,0,251,99.75,99.75,0.0,1210.700886,0.0
2019-01-10,17,0,252,100.39,100.39,0.0,1249.155818,0.0
2019-01-10,17,0,254,2.16,2.16,0.0,13.117361,0.0
2019-01-10,17,0,255,0.99,0.99,0.0,6.012124,0.0
2019-01-10,17,0,258,2.95,2.95,0.0,14.805081,0.0
2019-01-10,17,0,260,1.32,1.32,0.0,10.437955,0.0
2019-01-10,17,0,265,28.23,28.23,0.0,-91.139201,0.0
2019-01-10,17,0,266,29.1,29.1,0.0,-93.947954,0.0
2019-01-10,17,0,267,35.76,35.76,0.0,-115.449444,0.0
2019-01-10,17,0,270,578.99,578.99,0.0,-578990.0,0.0
2019-01-10,17,0,272,150.39,150.39,0.0,-38435.030979,0.0
2019-01-10,17,0,273,14.03,14.03,0.0,-14030.0,0.0
2019-01-10,17,0,274,746.39,746.39,0.0,-746390.0,0.0
2019-01-10,17,0,275,1038.99,1038.99,0.0,-1038990.0,0.0
2019-01-10,17,0,276,3.17,3.17,0.0,-2852.678122,0.0
2019-01-10,17,0,277,4.0,4.0,0.0,-1065.494622,0.0
2019-01-10,17,0,278,6.4,6.4,0.0,-1704.791395,0.0
2019-01-10,17,0,279,264.6,264.6,0.0,-70482.469219,0.0
2019-01-10,17,0,281,27.85,27.85,0.0,-293.392972,0.0
2019-01-10,17,0,282,165.83,165.83,0.0,-1746.978693,0.0
2019-01-10,18,0,9,0.79,0.79,0.0,-1.428746,0.0
2019-01-10,18,0,17,7.48,7.48,0.0,100.038428,0.0
2019-01-10,18,0,19,218.65,218.65,0.0,2924.251656,0.0
2019-01-10,18,0,20,266.25,266.25,0.0,3560.859837,0.0
2019-01-10,18,0,21,18.05,18.05,0.0,-32.644142,0.0
2019-01-10,18,0,22,64.13,64.13,0.0,-115.981653,0.0
2019-01-10,18,0,23,94.93,94.93,0.0,-171.684677,0.0
2019-01-10,18,0,24,168.46,168.46,0.0,-304.666603,0.0
2019-01-10,18,0,29,0.67,0.67,0.0,3.524878,0.0
2019-01-10,18,0,30,161.19,161.19,0.0,-305.514296,0.0
2019-01-10,18,0,31,55.83,55.83,0.0,-105.818371,0.0
2019-01-10,18,0,32,0.43,0.43,0.0,20.110442,0.0
2019-01-10,18,0,33,0.34,0.34,0.0,5.623509,0.0
2019-01-10,18,0,34,0.54,0.54,0.0,8.931455,0.0
2019-01-10,18,0,35,0.54,0.54,0.0,8.931455,0.0
2019-01-10,18,0,36,0.9,0.9,0.0,7.184394,0.0
2019-01-10,18,0,37,0.36,0.36,0.0,2.82195,0.0
2019-01-10,18,0,38,0.46,0.46,0.0,3.605825,0.0
2019-01-10,18,0,39,0.31,0.31,0.0,2.430012,0.0
2019-01-10,18,0,40,0.31,0.31,0.0,2.430012,0.0
2019-01-10,18,0,41,34.8,34.8,0.0,98.477599,0.0
2019-01-10,18,0,42,11.88,11.88,0.0,150.732586,0.0
2019-01-10,18,0,43,2.95,2.95,0.0,24.207845,0.0
2019-01-10,18,0,46,4.15,4.15,0.0,28.358895,0.0
2019-01-10,18,0,52,59.19,59.19,0.0,-112.186806,0.0
2019-01-10,18,0,53,94.05,94.05,0.0,-178.259319,0.0
2019-01-10,18,0,55,346.71,346.71,0.0,-627.038811,0.0
2019-01-10,18,0,56,47.55,47.55,0.0,-90.124727,0.0
2019-01-10,18,0,57,45.23,45.23,0.0,-85.727475,0.0
2019-01-10,18,0,58,86.97,86.97,0.0,-164.840116,0.0
2019-01-10,18,0,59,85.52,85.52,0.0,-162.091833,0.0
2019-01-10,18,0,63,170.0,170.0,0.0,19818.659036,0.0
2019-01-10,18,0,64,200.0,200.0,0.0,23316.069455,0.0
2019-01-10,18,0,65,15.65,15.65,0.0,207.310117,0.0
2019-01-10,18,0,67,79.48,79.48,0.0,-44006.62373,0.0
2019-01-10,18,0,68,9.96,9.96,0.0,-4063.047414,0.0
2019-01-10,18,0,69,0.34,0.34,0.0,5.623509,0.0
2019-01-10,18,0,74,38.26,38.26,0.0,371.679745,0.0
2019-01-10,18,0,77,60.0,60.0,0.0,-17162.271463,0.0
2019-01-10,18,0,78,45.36,45.36,0.0,-12974.677226,0.0
2019-01-10,18,0,79,26.25,26.25,0.0,-7508.493765,0.0
2019-01-10,18,0,80,42.45,42.45,0.0,-12142.30706,0.0
2019-01-10,18,0,81,55.5,55.5,0.0,-15875.101103,0.0
2019-01-10,18,0,82,39.15,39.15,0.0,-11198.382129,0.0
2019-01-10,18,0,83,87.3,87.3,0.0,-24971.104978,0.0
2019-01-10,18,0,84,0.0,0.0,0.0,0.0,0.0
2019-01-10,18,0,86,1.71,1.71,0.0,28.282941,0.0
2019-01-10,18,0,87,8.75,8.75,0.0,144.722653,0.0
2019-01-10,18,0,88,51.18,51.18,0.0,-14639.417558,0.0
2019-01-10,18,0,89,49.2,49.2,0.0,-14073.062599,0.0
2019-01-10,18,0,90,66.06,66.06,0.0,-18895.66088,0.0
2019-01-10,18,0,91,235.65,235.65,0.0,-67404.82117,0.0
2019-01-10,18,0,92,84.75,84.75,0.0,-24241.708441,0.0
2019-01-10,18,0,95,45.24,45.24,0.0,1014.721284,0.0
2019-01-10,18,0,96,29.88,29.88,0.0,-59.345002,0.0
2019-01-10,18,0,97,183.75,183.75,0.0,-364.947929,0.0
2019-01-10,18,0,99,7.39,7.39,0.0,71.79073,0.0
2019-01-10,18,0,101,3.25,3.25,0.0,-6.159945,0.0
2019-01-10,18,0,102,23.57,23.57,0.0,-9615.063007,0.0
2019-01-10,18,0,103,20.5,20.5,0.0,-8362.697991,0.0
2019-01-10,18,0,104,3.81,3.81,0.0,-1554.238017,0.0
2019-01-10,18,0,106,63.13,63.13,0.0,-114.173113,0.0
2019-01-10,18,0,109,60.0,60.0,0.0,336.556769,0.0
2019-01-10,18,0,110,338.6,338.6,0.0,-338600.0,0.0
2019-01-10,18,0,111,3.34,3.34,0.0,9.451586,0.0
2019-01-10,18,0,113,45.0,45.0,0.0,-11618.971833,0.0
2019-01-10,18,0,115,45.0,45.0,0.0,-11618.971833,0.0
2019-01-10,18,0,116,26.69,26.69,0.0,-26690.0,0.0
2019-01-10,18,0,117,3.0,3.0,0.0,-774.598122,0.0
2019-01-10,18,0,119,200.0,200.0,0.0,23316.069455,0.0
2019-01-10,18,0,120,117.6,117.6,0.0,13709.848839,0.0
2019-01-10,18,0,123,1.05,1.05,0.0,-1.898967,0.0
2019-01-10,18,0,125,152.35,152.35,0.0,-275.531028,0.0
2019-01-10,18,0,126,47.35,47.35,0.0,-85.634356,0.0
2019-01-10,18,0,127,60.77,60.77,0.0,-109.90496,0.0
2019-01-10,18,0,128,218.77,218.77,0.0,-395.654237,0.0
2019-01-10,18,0,131,30.0,30.0,0.0,-11070.372681,0.0
2019-01-10,18,0,132,44.1,44.1,0.0,-16273.447841,0.0
2019-01-10,18,0,133,69.82,69.82,0.0,934.619662,0.0
2019-01-10,18,0,134,0.0,0.0,0.0,0.0,0.0
2019-01-10,18,0,135,93.56,93.56,0.0,1252.406411,0.0
2019-01-10,18,0,136,19.48,19.48,0.0,257.90848,0.0
2019-01-10,18,0,139,44.94,44.94,0.0,127.171934,0.0
2019-01-10,18,0,140,250.6,250.6,0.0,-250600.0,0.0
2019-01-10,18,0,141,158.27,158.27,0.0,-87631.207068,0.0
2019-01-10,18,0,142,104.81,104.81,0.0,-58031.381897,0.0
2019-01-10,18,0,143,55.74,55.74,0.0,-105.647788,0.0
2019-01-10,18,0,145,30.0,30.0,0.0,26.772171,0.0
2019-01-10,18,0,146,231.3,231.3,0.0,-231300.0,0.0
2019-01-10,18,0,152,0.73,0.73,0.0,7.097463,0.0
2019-01-10,18,0,153,0.81,0.81,0.0,7.741113,0.0
2019-01-10,18,0,154,13.77,13.77,0.0,38.966567,0.0
2019-01-10,18,0,157,34.62,34.62,0.0,-19168.461418,0.0
2019-01-10,18,0,158,80.54,80.54,0.0,-44593.526362,0.0
2019-01-10,18,0,159,0.0,0.0,0.0,0.0,0.0
2019-01-10,18,0,160,0.24,0.24,0.0,2.298506,0.0
2019-01-10,18,0,161,14.82,14.82,0.0,-6045.618743,0.0
2019-01-10,18,0,162,80.57,80.57,0.0,1871.50944,0.0
2019-01-10,18,0,163,185.4,185.4,0.0,-185400.0,0.0
2019-01-10,18,0,164,5.66,5.66,0.0,-10.72778,0.0
2019-01-10,18,0,167,0.48,0.48,0.0,9.257548,0.0
2019-01-10,18,0,168,0.24,0.24,0.0,4.628774,0.0
2019-01-10,18,0,169,0.0,0.0,0.0,0.0,0.0
2019-01-10,18,0,170,0.52,0.52,0.0,10.029011,0.0
2019-01-10,18,0,172,0.64,0.64,0.0,10.91149,0.0
2019-01-10,18,0,173,0.97,0.97,0.0,16.537727,0.0
2019-01-10,18,0,188,0.88,0.88,0.0,23.712592,0.0
2019-01-10,18,0,190,1.23,1.23,0.0,39.885895,0.0
2019-01-10,18,0,191,3.19,3.19,0.0,103.443907,0.0
2019-01-10,18,0,192,332.6,332.6,0.0,10785.405497,0.0
2019-01-10,18,0,194,98.98,98.98,0.0,-12247.699987,0.0
2019-01-10,18,0,196,1.22,1.22,0.0,330.127464,0.0
2019-01-10,18,0,198,0.93,0.93,0.0,10.372953,0.0
2019-01-10,18,0,199,32.12,32.12,0.0,-781.515461,0.0
2019-01-10,18,0,200,1.73,1.73,0.0,-42.092832,0.0
2019-01-10,18,0,204,257.1,257.1,0.0,1340.664562,0.0
2019-01-10,18,0,205,317.4,317.4,0.0,1780.385309,0.0
2019-01-10,18,0,206,539.94,539.94,0.0,-1072.380868,0.0
2019-01-10,18,0,210,0.22,0.22,0.0,1.37673,0.0
2019-01-10,18,0,214,1.12,1.12,0.0,20.624736,0.0
2019-01-10,18,0,217,0.72,0.72,0.0,9.450121,0.0
2019-01-10,18,0,218,1.0,1.0,0.0,13.125168,0.0
2019-01-10,18,0,219,0.68,0.68,0.0,8.925115,0.0
2019-01-10,18,0,221,0.6,0.6,0.0,11.048966,0.0
2019-01-10,18,0,225,0.67,0.67,0.0,3.460378,0.0
2019-01-10,18,0,233,0.97,0.97,0.0,16.04354,0.0
2019-01-10,18,0,236,48.93,48.93,0.0,568.638101,0.0
2019-01-10,18,0,237,91.79,91.79,0.0,891.701092,0.0
2019-01-10,18,0,238,15.47,15.47,0.0,196.282248,0.0
2019-01-10,18,0,240,1.02,1.02,0.0,8.142313,0.0
2019-01-10,18,0,245,49.14,49.14,0.0,680.238192,0.0
2019-01-10,18,0,247,77.05,77.05,0.0,1066.592444,0.0
2019-01-10,18,0,248,9.21,9.21,0.0,89.471261,0.0
2019-01-10,18,0,249,94.5,94.5,0.0,1308.150369,0.0
2019-01-10,18,0,251,110.42,110.42,0.0,1439.586448,0.0
2019-01-10,18,0,252,100.94,100.94,0.0,1337.117135,0.0
2019-01-10,18,0,254,0.96,0.96,0.0,8.208093,0.0
2019-01-10,18,0,255,0.44,0.44,0.0,3.762043,0.0
2019-01-10,18,0,258,1.36,1.36,0.0,10.905485,0.0
2019-01-10,18,0,260,0.58,0.58,0.0,5.554723,0.0
2019-01-10,18,0,265,14.26,14.26,0.0,40.353177,0.0
2019-01-10,18,0,266,29.1,29.1,0.0,82.347647,0.0
2019-01-10,18,0,267,35.76,35.76,0.0,101.194222,0.0
2019-01-10,18,0,270,579.0,579.0,0.0,-579000.0,0.0
2019-01-10,18,0,272,150.39,150.39,0.0,-38830.603865,0.0
2019-01-10,18,0,273,6.38,6.38,0.0,-6380.0,0.0
2019-01-10,18,0,274,746.4,746.4,0.0,-746400.0,0.0
2019-01-10,18,0,275,1039.0,1039.0,0.0,-1039000.0,0.0
2019-01-10,18,0,276,1.46,1.46,0.0,-1314.505964,0.0
2019-01-10,18,0,277,1.88,1.88,0.0,-506.39731,0.0
2019-01-10,18,0,278,3.0,3.0,0.0,-808.080814,0.0
2019-01-10,18,0,279,264.6,264.6,0.0,-71272.727814,0.0
2019-01-10,18,0,281,25.04,25.04,0.0,-47.460004,0.0
2019-01-10,18,0,282,88.42,88.42,0.0,-167.588399,0.0
2019-01-10,19,0,9,0.0,0.0,0.0,0.0,0.0
2019-01-10,19,0,17,0.0,0.0,0.0,0.0,0.0
2019-01-10,19,0,19,500.87,500.87,0.0,2871.013134,0.0
2019-01-10,19,0,20,608.8,608.8,0.0,3489.673559,0.0
2019-01-10,19,0,21,0.0,0.0,0.0,0.0,0.0
2019-01-10,19,0,22,0.0,0.0,0.0,0.0,0.0
2019-01-10,19,0,23,108.8,108.8,0.0,1233.934351,0.0
2019-01-10,19,0,24,192.5,192.5,0.0,2183.201862,0.0
2019-01-10,19,0,29,0.0,0.0,0.0,0.0,0.0
2019-01-10,19,0,30,0.0,0.0,0.0,0.0,0.0
2019-01-10,19,0,31,27.83,27.83,0.0,316.0875,0.0
2019-01-10,19,0,32,0.0,0.0,0.0,0.0,0.0
2019-01-10,19,0,33,0.0,0.0,0.0,0.0,0.0
2019-01-10,19,0,34,0.0,0.0,0.0,0.0,0.0
2019-01-10,19,0,35,0.0,0.0,0.0,0.0,0.0
2019-01-10,19,0,36,0.0,0.0,0.0,0.0,0.0
2019-01-10,19,0,37,0.0,0.0,0.0,0.0,0.0
2019-01-10,19,0,38,0.0,0.0,0.0,0.0,0.0
2019-01-10,19,0,39,0.0,0.0,0.0,0.0,0.0
2019-01-10,19,0,40,0.0,0.0,0.0,0.0,0.0
2019-01-10,19,0,41,34.8,34.8,0.0,364.989973,0.0
2019-01-10,19,0,42,0.0,0.0,0.0,0.0,0.0
2019-01-10,19,0,43,0.0,0.0,0.0,0.0,0.0
2019-01-10,19,0,46,0.0,0.0,0.0,0.0,0.0
2019-01-10,19,0,52,29.5,29.5,0.0,335.055022,0.0
2019-01-10,19,0,53,46.87,46.87,0.0,532.339962,0.0
2019-01-10,19,0,55,161.11,161.11,0.0,1827.198192,0.0
2019-01-10,19,0,56,0.0,0.0,0.0,0.0,0.0
2019-01-10,19,0,57,0.0,0.0,0.0,0.0,0.0
2019-01-10,19,0,58,0.0,0.0,0.0,0.0,0.0
2019-01-10,19,0,59,0.0,0.0,0.0,0.0,0.0
2019-01-10,19,0,63,170.0,170.0,0.0,19477.685,0.0
2019-01-10,19,0,64,200.0,200.0,0.0,22914.923529,0.0
2019-01-10,19,0,65,16.84,16.84,0.0,122.593752,0.0
2019-01-10,19,0,67,0.0,0.0,0.0,-0.0,0.0
2019-01-10,19,0,68,10.31,10.31,0.0,-4254.213897,0.0
2019-01-10,19,0,69,0.0,0.0,0.0,0.0,0.0
2019-01-10,19,0,74,41.79,41.79,0.0,389.315347,0.0
2019-01-10,19,0,77,60.0,60.0,0.0,-17541.483741,0.0
2019-01-10,19,0,78,45.36,45.36,0.0,-13261.361708,0.0
2019-01-10,19,0,79,26.25,26.25,0.0,-7674.399137,0.0
2019-01-10,19,0,80,42.45,42.45,0.0,-12410.599747,0.0
2019-01-10,19,0,81,55.5,55.5,0.0,-16225.87246,0.0
2019-01-10,19,0,82,39.15,39.15,0.0,-11445.818141,0.0
2019-01-10,19,0,83,87.3,87.3,0.0,-25522.858843,0.0
2019-01-10,19,0,84,0.0,0.0,0.0,0.0,0.0
2019-01-10,19,0,86,0.0,0.0,0.0,0.0,0.0
2019-01-10,19,0,87,0.0,0.0,0.0,0.0,0.0
2019-01-10,19,0,88,51.18,51.18,0.0,-14962.885631,0.0
2019-01-10,19,0,89,49.2,49.2,0.0,-14384.016667,0.0
2019-01-10,19,0,90,66.06,66.06,0.0,-19313.173599,0.0
2019-01-10,19,0,91,235.65,235.65,0.0,-68894.177392,0.0
2019-01-10,19,0,92,84.75,84.75,0.0,-24777.345784,0.0
2019-01-10,19,0,95,36.86,36.86,0.0,826.760092,0.0
2019-01-10,19,0,96,29.88,29.88,0.0,339.885895,0.0
2019-01-10,19,0,97,183.75,183.75,0.0,2090.161754,0.0
2019-01-10,19,0,99,8.07,8.07,0.0,75.180064,0.0
2019-01-10,19,0,101,0.0,0.0,0.0,0.0,0.0
2019-01-10,19,0,102,29.5,29.5,0.0,-12172.580986,0.0
2019-01-10,19,0,103,24.75,24.75,0.0,-10212.589133,0.0
2019-01-10,19,0,104,3.53,3.53,0.0,-1456.58342,0.0
2019-01-10,19,0,106,0.0,0.0,0.0,0.0,0.0
2019-01-10,19,0,109,60.0,60.0,0.0,594.650692,0.0
2019-01-10,19,0,110,338.6,338.6,0.0,-338600.0,0.0
2019-01-10,19,0,111,0.0,0.0,0.0,0.0,0.0
2019-01-10,19,0,113,45.0,45.0,0.0,-11815.693838,0.0
2019-01-10,19,0,115,45.0,45.0,0.0,-11815.693838,0.0
2019-01-10,19,0,116,0.0,0.0,0.0,-0.0,0.0
2019-01-10,19,0,117,3.0,3.0,0.0,-787.712923,0.0
2019-01-10,19,0,119,200.0,200.0,0.0,22914.923529,0.0
2019-01-10,19,0,120,117.6,117.6,0.0,13473.975035,0.0
2019-01-10,19,0,123,0.0,0.0,0.0,0.0,0.0
2019-01-10,19,0,125,174.2,174.2,0.0,1975.655919,0.0
2019-01-10,19,0,126,0.0,0.0,0.0,0.0,0.0
2019-01-10,19,0,127,0.0,0.0,0.0,0.0,0.0
2019-01-10,19,0,128,249.5,249.5,0.0,2829.65644,0.0
2019-01-10,19,0,131,29.36,29.36,0.0,-10981.061497,0.0
2019-01-10,19,0,132,43.16,43.16,0.0,-16142.459613,0.0
2019-01-10,19,0,133,85.19,85.19,0.0,769.296552,0.0
2019-01-10,19,0,134,0.0,0.0,0.0,0.0,0.0
2019-01-10,19,0,135,115.44,115.44,0.0,1042.465008,0.0
2019-01-10,19,0,136,21.74,21.74,0.0,160.112676,0.0
2019-01-10,19,0,139,44.94,44.94,0.0,471.3405,0.0
2019-01-10,19,0,140,250.6,250.6,0.0,-250600.0,0.0
2019-01-10,19,0,141,149.79,149.79,0.0,-83465.947846,0.0
2019-01-10,19,0,142,0.0,0.0,0.0,-0.0,0.0
2019-01-10,19,0,143,28.9,28.9,0.0,328.240343,0.0
2019-01-10,19,0,145,30.0,30.0,0.0,324.624203,0.0
2019-01-10,19,0,146,194.87,194.87,0.0,-194870.0,0.0
2019-01-10,19,0,152,0.0,0.0,0.0,0.0,0.0
2019-01-10,19,0,153,0.0,0.0,0.0,0.0,0.0
2019-01-10,19,0,154,0.0,0.0,0.0,0.0,0.0
2019-01-10,19,0,157,25.82,25.82,0.0,-14387.414202,0.0
2019-01-10,19,0,158,0.0,0.0,0.0,-0.0,0.0
2019-01-10,19,0,159,0.0,0.0,0.0,0.0,0.0
2019-01-10,19,0,160,0.0,0.0,0.0,0.0,0.0
2019-01-10,19,0,161,0.0,0.0,0.0,-0.0,0.0
2019-01-10,19,0,162,67.28,67.28,0.0,1561.456223,0.0
2019-01-10,19,0,163,185.4,185.4,0.0,-185400.0,0.0
2019-01-10,19,0,164,0.28,0.28,0.0,3.180183,0.0
2019-01-10,19,0,167,0.0,0.0,0.0,0.0,0.0
2019-01-10,19,0,168,0.0,0.0,0.0,0.0,0.0
2019-01-10,19,0,169,0.0,0.0,0.0,0.0,0.0
2019-01-10,19,0,170,0.0,0.0,0.0,0.0,0.0
2019-01-10,19,0,172,0.0,0.0,0.0,0.0,0.0
2019-01-10,19,0,173,0.0,0.0,0.0,0.0,0.0
2019-01-10,19,0,188,0.0,0.0,0.0,0.0,0.0
2019-01-10,19,0,190,0.0,0.0,0.0,0.0,0.0
2019-01-10,19,0,191,0.0,0.0,0.0,0.0,0.0
2019-01-10,19,0,192,285.15,285.15,0.0,9246.717912,0.0
2019-01-10,19,0,194,176.5,176.5,0.0,-22442.444805,0.0
2019-01-10,19,0,196,0.0,0.0,0.0,0.0,0.0
2019-01-10,19,0,198,0.0,0.0,0.0,0.0,0.0
2019-01-10,19,0,199,27.53,27.53,0.0,-882.558542,0.0
2019-01-10,19,0,200,0.0,0.0,0.0,-0.0,0.0
2019-01-10,19,0,204,257.1,257.1,0.0,2564.109332,0.0
2019-01-10,19,0,205,317.4,317.4,0.0,3145.702162,0.0
2019-01-10,19,0,206,539.94,539.94,0.0,6141.833674,0.0
2019-01-10,19,0,210,0.0,0.0,0.0,0.0,0.0
2019-01-10,19,0,214,0.0,0.0,0.0,0.0,0.0
2019-01-10,19,0,217,0.0,0.0,0.0,0.0,0.0
2019-01-10,19,0,218,0.0,0.0,0.0,0.0,0.0
2019-01-10,19,0,219,0.0,0.0,0.0,0.0,0.0
2019-01-10,19,0,221,0.0,0.0,0.0,0.0,0.0
2019-01-10,19,0,225,0.0,0.0,0.0,0.0,0.0
2019-01-10,19,0,233,0.0,0.0,0.0,0.0,0.0
2019-01-10,19,0,236,54.11,54.11,0.0,489.570032,0.0
2019-01-10,19,0,237,100.24,100.24,0.0,933.835138,0.0
2019-01-10,19,0,238,0.0,0.0,0.0,0.0,0.0
2019-01-10,19,0,240,0.0,0.0,0.0,0.0,0.0
2019-01-10,19,0,245,60.09,60.09,0.0,508.015325,0.0
2019-01-10,19,0,247,87.2,87.2,0.0,737.209791,0.0
2019-01-10,19,0,248,10.06,10.06,0.0,93.71889,0.0
2019-01-10,19,0,249,115.56,115.56,0.0,976.972058,0.0
2019-01-10,19,0,251,132.93,132.93,0.0,1036.751829,0.0
2019-01-10,19,0,252,108.66,108.66,0.0,791.035459,0.0
2019-01-10,19,0,254,0.0,0.0,0.0,0.0,0.0
2019-01-10,19,0,255,0.0,0.0,0.0,0.0,0.0
2019-01-10,19,0,258,0.0,0.0,0.0,0.0,0.0
2019-01-10,19,0,260,0.0,0.0,0.0,0.0,0.0
2019-01-10,19,0,265,0.0,0.0,0.0,0.0,0.0
2019-01-10,19,0,266,29.1,29.1,0.0,305.207133,0.0
2019-01-10,19,0,267,35.76,35.76,0.0,375.058662,0.0
2019-01-10,19,0,270,579.0,579.0,0.0,-579000.0,0.0
2019-01-10,19,0,272,150.39,150.39,0.0,-39488.048805,0.0
2019-01-10,19,0,273,0.0,0.0,0.0,-0.0,0.0
2019-01-10,19,0,274,746.4,746.4,0.0,-746400.0,0.0
2019-01-10,19,0,275,1039.0,1039.0,0.0,-1039000.0,0.0
2019-01-10,19,0,276,0.0,0.0,0.0,-0.0,0.0
2019-01-10,19,0,277,0.0,0.0,0.0,-0.0,0.0
2019-01-10,19,0,278,0.0,0.0,0.0,-0.0,0.0
2019-01-10,19,0,279,264.6,264.6,0.0,-72636.165867,0.0
2019-01-10,19,0,281,12.49,12.49,0.0,141.858889,0.0
2019-01-10,19,0,282,0.0,0.0,0.0,0.0,0.0
2019-01-10,20,0,9,0.0,0.0,0.0,0.0,0.0
2019-01-10,20,0,17,0.0,0.0,0.0,0.0,0.0
2019-01-10,20,0,19,467.0,467.0,0.0,3714.181982,0.0
2019-01-10,20,0,20,566.38,566.38,0.0,4504.578996,0.0
2019-01-10,20,0,21,0.0,0.0,0.0,0.0,0.0
2019-01-10,20,0,22,0.0,0.0,0.0,0.0,0.0
2019-01-10,20,0,23,108.8,108.8,0.0,1233.394202,0.0
2019-01-10,20,0,24,192.5,192.5,0.0,2182.246176,0.0
2019-01-10,20,0,29,0.0,0.0,0.0,0.0,0.0
2019-01-10,20,0,30,0.0,0.0,0.0,0.0,0.0
2019-01-10,20,0,31,29.69,29.69,0.0,337.213003,0.0
2019-01-10,20,0,32,0.0,0.0,0.0,0.0,0.0
2019-01-10,20,0,33,0.0,0.0,0.0,0.0,0.0
2019-01-10,20,0,34,0.0,0.0,0.0,0.0,0.0
2019-01-10,20,0,35,0.0,0.0,0.0,0.0,0.0
2019-01-10,20,0,36,0.0,0.0,0.0,0.0,0.0
2019-01-10,20,0,37,0.0,0.0,0.0,0.0,0.0
2019-01-10,20,0,38,0.0,0.0,0.0,0.0,0.0
2019-01-10,20,0,39,0.0,0.0,0.0,0.0,0.0
2019-01-10,20,0,40,0.0,0.0,0.0,0.0,0.0
2019-01-10,20,0,41,60.5,60.5,0.0,618.24313,0.0
2019-01-10,20,0,42,0.0,0.0,0.0,0.0,0.0
2019-01-10,20,0,43,0.0,0.0,0.0,0.0,0.0
2019-01-10,20,0,46,0.0,0.0,0.0,0.0,0.0
2019-01-10,20,0,52,31.47,31.47,0.0,357.429883,0.0
2019-01-10,20,0,53,50.0,50.0,0.0,567.889868,0.0
2019-01-10,20,0,55,165.49,165.49,0.0,1876.051531,0.0
2019-01-10,20,0,56,0.0,0.0,0.0,0.0,0.0
2019-01-10,20,0,57,0.0,0.0,0.0,0.0,0.0
2019-01-10,20,0,58,0.0,0.0,0.0,0.0,0.0
2019-01-10,20,0,59,0.0,0.0,0.0,0.0,0.0
2019-01-10,20,0,63,170.0,170.0,0.0,19098.025451,0.0
2019-01-10,20,0,64,200.0,200.0,0.0,22468.265236,0.0
2019-01-10,20,0,65,14.38,14.38,0.0,114.712973,0.0
2019-01-10,20,0,67,0.0,0.0,0.0,-0.0,0.0
2019-01-10,20,0,68,7.04,7.04,0.0,-2914.454091,0.0
2019-01-10,20,0,69,0.0,0.0,0.0,0.0,0.0
2019-01-10,20,0,74,40.18,40.18,0.0,347.879647,0.0
2019-01-10,20,0,77,84.7,84.7,0.0,-24903.732694,0.0
2019-01-10,20,0,78,64.3,64.3,0.0,-18905.667204,0.0
2019-01-10,20,0,79,37.43,37.43,0.0,-11005.274082,0.0
2019-01-10,20,0,80,60.23,60.23,0.0,-17708.994335,0.0
2019-01-10,20,0,81,78.45,78.45,0.0,-23066.090081,0.0
2019-01-10,20,0,82,55.6,55.6,0.0,-16347.668687,0.0
2019-01-10,20,0,83,122.29,122.29,0.0,-35956.050426,0.0
2019-01-10,20,0,84,0.0,0.0,0.0,0.0,0.0
2019-01-10,20,0,86,0.0,0.0,0.0,0.0,0.0
2019-01-10,20,0,87,0.0,0.0,0.0,0.0,0.0
2019-01-10,20,0,88,95.98,95.98,0.0,-28220.310082,0.0
2019-01-10,20,0,89,92.28,92.28,0.0,-27132.425655,0.0
2019-01-10,20,0,90,123.8,123.8,0.0,-36400.024882,0.0
2019-01-10,20,0,91,440.78,440.78,0.0,-129599.377765,0.0
2019-01-10,20,0,92,158.74,158.74,0.0,-46673.182146,0.0
2019-01-10,20,0,95,32.53,32.53,0.0,729.639332,0.0
2019-01-10,20,0,96,31.77,31.77,0.0,361.54954,0.0
2019-01-10,20,0,97,229.39,229.39,0.0,2610.508312,0.0
2019-01-10,20,0,99,7.76,7.76,0.0,67.186313,0.0
2019-01-10,20,0,101,0.0,0.0,0.0,0.0,0.0
2019-01-10,20,0,102,16.67,16.67,0.0,-6901.129218,0.0
2019-01-10,20,0,103,14.5,14.5,0.0,-6002.781863,0.0
2019-01-10,20,0,104,2.69,2.69,0.0,-1113.619532,0.0
2019-01-10,20,0,106,0.0,0.0,0.0,0.0,0.0
2019-01-10,20,0,109,60.0,60.0,0.0,568.862726,0.0
2019-01-10,20,0,110,338.6,338.6,0.0,-338600.0,0.0
2019-01-10,20,0,111,0.0,0.0,0.0,0.0,0.0
2019-01-10,20,0,113,45.0,45.0,0.0,-11888.942828,0.0
2019-01-10,20,0,115,45.0,45.0,0.0,-11888.942828,0.0
2019-01-10,20,0,116,0.0,0.0,0.0,-0.0,0.0
2019-01-10,20,0,117,3.0,3.0,0.0,-792.596189,0.0
2019-01-10,20,0,119,200.0,200.0,0.0,22468.265236,0.0
2019-01-10,20,0,120,117.6,117.6,0.0,13211.339959,0.0
2019-01-10,20,0,123,0.0,0.0,0.0,0.0,0.0
2019-01-10,20,0,125,174.2,174.2,0.0,1974.791085,0.0
2019-01-10,20,0,126,0.0,0.0,0.0,0.0,0.0
2019-01-10,20,0,127,0.0,0.0,0.0,0.0,0.0
2019-01-10,20,0,128,249.5,249.5,0.0,2828.417771,0.0
2019-01-10,20,0,131,26.42,26.42,0.0,-9919.614527,0.0
2019-01-10,20,0,132,38.84,38.84,0.0,-14582.809546,0.0
2019-01-10,20,0,133,58.49,58.49,0.0,465.055242,0.0
2019-01-10,20,0,134,0.0,0.0,0.0,0.0,0.0
2019-01-10,20,0,135,77.94,77.94,0.0,619.702608,0.0
2019-01-10,20,0,136,18.15,18.15,0.0,144.811128,0.0
2019-01-10,20,0,139,80.98,80.98,0.0,827.526094,0.0
2019-01-10,20,0,140,250.6,250.6,0.0,-250600.0,0.0
2019-01-10,20,0,141,141.22,141.22,0.0,-78834.832999,0.0
2019-01-10,20,0,142,0.0,0.0,0.0,-0.0,0.0
2019-01-10,20,0,143,30.73,30.73,0.0,349.025113,0.0
2019-01-10,20,0,145,30.0,30.0,0.0,319.83528,0.0
2019-01-10,20,0,146,197.63,197.63,0.0,-197630.0,0.0
2019-01-10,20,0,152,0.0,0.0,0.0,0.0,0.0
2019-01-10,20,0,153,0.0,0.0,0.0,0.0,0.0
2019-01-10,20,0,154,0.0,0.0,0.0,0.0,0.0
2019-01-10,20,0,157,30.7,30.7,0.0,-17138.007174,0.0
2019-01-10,20,0,158,0.0,0.0,0.0,-0.0,0.0
2019-01-10,20,0,159,0.0,0.0,0.0,0.0,0.0
2019-01-10,20,0,160,0.0,0.0,0.0,0.0,0.0
2019-01-10,20,0,161,0.0,0.0,0.0,-0.0,0.0
2019-01-10,20,0,162,59.83,59.83,0.0,1388.533565,0.0
2019-01-10,20,0,163,159.05,159.05,0.0,-159050.0,0.0
2019-01-10,20,0,164,0.0,0.0,0.0,0.0,0.0
2019-01-10,20,0,167,0.0,0.0,0.0,0.0,0.0
2019-01-10,20,0,168,0.0,0.0,0.0,0.0,0.0
2019-01-10,20,0,169,0.0,0.0,0.0,0.0,0.0
2019-01-10,20,0,170,0.0,0.0,0.0,0.0,0.0
2019-01-10,20,0,172,0.0,0.0,0.0,0.0,0.0
2019-01-10,20,0,173,0.0,0.0,0.0,0.0,0.0
2019-01-10,20,0,188,0.0,0.0,0.0,0.0,0.0
2019-01-10,20,0,190,0.0,0.0,0.0,0.0,0.0
2019-01-10,20,0,191,0.0,0.0,0.0,0.0,0.0
2019-01-10,20,0,192,205.29,205.29,0.0,6657.053201,0.0
2019-01-10,20,0,194,176.5,176.5,0.0,-22767.475493,0.0
2019-01-10,20,0,196,0.0,0.0,0.0,0.0,0.0
2019-01-10,20,0,198,0.0,0.0,0.0,0.0,0.0
2019-01-10,20,0,199,27.43,27.43,0.0,-913.569752,0.0
2019-01-10,20,0,200,0.0,0.0,0.0,-0.0,0.0
2019-01-10,20,0,204,465.33,465.33,0.0,4451.180665,0.0
2019-01-10,20,0,205,317.4,317.4,0.0,3009.283819,0.0
2019-01-10,20,0,206,868.95,868.95,0.0,9888.840828,0.0
2019-01-10,20,0,210,0.0,0.0,0.0,0.0,0.0
2019-01-10,20,0,214,0.0,0.0,0.0,0.0,0.0
2019-01-10,20,0,217,0.0,0.0,0.0,0.0,0.0
2019-01-10,20,0,218,0.0,0.0,0.0,0.0,0.0
2019-01-10,20,0,219,0.0,0.0,0.0,0.0,0.0
2019-01-10,20,0,221,0.0,0.0,0.0,0.0,0.0
2019-01-10,20,0,225,0.0,0.0,0.0,0.0,0.0
2019-01-10,20,0,233,0.0,0.0,0.0,0.0,0.0
2019-01-10,20,0,236,49.22,49.22,0.0,407.563573,0.0
2019-01-10,20,0,237,96.39,96.39,0.0,834.547515,0.0
2019-01-10,20,0,238,0.0,0.0,0.0,0.0,0.0
2019-01-10,20,0,240,0.0,0.0,0.0,0.0,0.0
2019-01-10,20,0,245,103.31,103.31,0.0,812.544232,0.0
2019-01-10,20,0,247,74.5,74.5,0.0,585.950492,0.0
2019-01-10,20,0,248,9.68,9.68,0.0,83.809731,0.0
2019-01-10,20,0,249,198.6,198.6,0.0,1562.010304,0.0
2019-01-10,20,0,251,128.45,128.45,0.0,1029.735571,0.0
2019-01-10,20,0,252,92.73,92.73,0.0,739.731155,0.0
2019-01-10,20,0,254,0.0,0.0,0.0,0.0,0.0
2019-01-10,20,0,255,0.0,0.0,0.0,0.0,0.0
2019-01-10,20,0,258,0.0,0.0,0.0,0.0,0.0
2019-01-10,20,0,260,0.0,0.0,0.0,0.0,0.0
2019-01-10,20,0,265,0.0,0.0,0.0,0.0,0.0
2019-01-10,20,0,266,49.35,49.35,0.0,504.302454,0.0
2019-01-10,20,0,267,62.41,62.41,0.0,637.761219,0.0
2019-01-10,20,0,270,496.71,496.71,0.0,-496710.0,0.0
2019-01-10,20,0,272,150.39,150.39,0.0,-39732.846931,0.0
2019-01-10,20,0,273,0.0,0.0,0.0,-0.0,0.0
2019-01-10,20,0,274,640.31,640.31,0.0,-640310.0,0.0
2019-01-10,20,0,275,891.33,891.33,0.0,-891330.0,0.0
2019-01-10,20,0,276,0.0,0.0,0.0,-0.0,0.0
2019-01-10,20,0,277,0.0,0.0,0.0,-0.0,0.0
2019-01-10,20,0,278,0.0,0.0,0.0,-0.0,0.0
2019-01-10,20,0,279,579.1,579.1,0.0,-159921.758874,0.0
2019-01-10,20,0,281,13.33,13.33,0.0,151.399439,0.0
2019-01-10,20,0,282,0.0,0.0,0.0,0.0,0.0
2019-01-10,21,0,9,0.0,0.0,0.0,0.0,0.0
2019-01-10,21,0,17,0.0,0.0,0.0,0.0,0.0
2019-01-10,21,0,19,415.6,415.6,0.0,2956.510051,0.0
2019-01-10,21,0,20,504.04,504.04,0.0,3585.657666,0.0
2019-01-10,21,0,21,0.0,0.0,0.0,0.0,0.0
2019-01-10,21,0,22,0.0,0.0,0.0,0.0,0.0
2019-01-10,21,0,23,106.83,106.83,0.0,1321.862168,0.0
2019-01-10,21,0,24,189.02,189.02,0.0,2338.841029,0.0
2019-01-10,21,0,29,0.0,0.0,0.0,0.0,0.0
2019-01-10,21,0,30,0.0,0.0,0.0,0.0,0.0
2019-01-10,21,0,31,31.75,31.75,0.0,393.917962,0.0
2019-01-10,21,0,32,0.0,0.0,0.0,0.0,0.0
2019-01-10,21,0,33,0.0,0.0,0.0,0.0,0.0
2019-01-10,21,0,34,0.0,0.0,0.0,0.0,0.0
2019-01-10,21,0,35,0.0,0.0,0.0,0.0,0.0
2019-01-10,21,0,36,0.0,0.0,0.0,0.0,0.0
2019-01-10,21,0,37,0.0,0.0,0.0,0.0,0.0
2019-01-10,21,0,38,0.0,0.0,0.0,0.0,0.0
2019-01-10,21,0,39,0.0,0.0,0.0,0.0,0.0
2019-01-10,21,0,40,0.0,0.0,0.0,0.0,0.0
2019-01-10,21,0,41,111.37,111.37,0.0,1184.554037,0.0
2019-01-10,21,0,42,0.0,0.0,0.0,0.0,0.0
2019-01-10,21,0,43,0.0,0.0,0.0,0.0,0.0
2019-01-10,21,0,46,0.0,0.0,0.0,0.0,0.0
2019-01-10,21,0,52,33.65,33.65,0.0,417.491005,0.0
2019-01-10,21,0,53,53.46,53.46,0.0,663.271,0.0
2019-01-10,21,0,55,171.82,171.82,0.0,2126.016641,0.0
2019-01-10,21,0,56,0.0,0.0,0.0,0.0,0.0
2019-01-10,21,0,57,0.0,0.0,0.0,0.0,0.0
2019-01-10,21,0,58,0.0,0.0,0.0,0.0,0.0
2019-01-10,21,0,59,0.0,0.0,0.0,0.0,0.0
2019-01-10,21,0,63,170.0,170.0,0.0,16505.712319,0.0
2019-01-10,21,0,64,200.0,200.0,0.0,19418.485081,0.0
2019-01-10,21,0,65,12.26,12.26,0.0,87.672657,0.0
2019-01-10,21,0,67,0.0,0.0,0.0,-0.0,0.0
2019-01-10,21,0,68,5.89,5.89,0.0,-2487.3012,0.0
2019-01-10,21,0,69,0.0,0.0,0.0,0.0,0.0
2019-01-10,21,0,74,38.8,38.8,0.0,318.529193,0.0
2019-01-10,21,0,77,172.48,172.48,0.0,-52452.788599,0.0
2019-01-10,21,0,78,130.65,130.65,0.0,-39731.89257,0.0
2019-01-10,21,0,79,75.79,75.79,0.0,-23048.451113,0.0
2019-01-10,21,0,80,122.31,122.31,0.0,-37195.620208,0.0
2019-01-10,21,0,81,159.64,159.64,0.0,-48548.023956,0.0
2019-01-10,21,0,82,112.85,112.85,0.0,-34318.745323,0.0
2019-01-10,21,0,83,250.05,250.05,0.0,-76042.554436,0.0
2019-01-10,21,0,84,0.0,0.0,0.0,0.0,0.0
2019-01-10,21,0,86,0.0,0.0,0.0,0.0,0.0
2019-01-10,21,0,87,0.0,0.0,0.0,0.0,0.0
2019-01-10,21,0,88,170.6,170.6,0.0,-51881.062934,0.0
2019-01-10,21,0,89,164.0,164.0,0.0,-49873.940922,0.0
2019-01-10,21,0,90,220.2,220.2,0.0,-66964.888969,0.0
2019-01-10,21,0,91,785.5,785.5,0.0,-238877.930452,0.0
2019-01-10,21,0,92,282.5,282.5,0.0,-85910.904332,0.0
2019-01-10,21,0,95,28.67,28.67,0.0,643.060549,0.0
2019-01-10,21,0,96,29.88,29.88,0.0,371.75869,0.0
2019-01-10,21,0,97,183.75,183.75,0.0,2286.166641,0.0
2019-01-10,21,0,99,7.49,7.49,0.0,61.489269,0.0
2019-01-10,21,0,101,0.0,0.0,0.0,0.0,0.0
2019-01-10,21,0,102,13.94,13.94,0.0,-5886.753604,0.0
2019-01-10,21,0,103,12.13,12.13,0.0,-5122.404679,0.0
2019-01-10,21,0,104,2.25,2.25,0.0,-950.157504,0.0
2019-01-10,21,0,106,0.0,0.0,0.0,0.0,0.0
2019-01-10,21,0,109,78.47,78.47,0.0,744.606839,0.0
2019-01-10,21,0,110,304.95,304.95,0.0,-304950.0,0.0
2019-01-10,21,0,111,0.0,0.0,0.0,0.0,0.0
2019-01-10,21,0,113,84.18,84.18,0.0,-23103.157278,0.0
2019-01-10,21,0,115,84.18,84.18,0.0,-23103.157278,0.0
2019-01-10,21,0,116,0.0,0.0,0.0,-0.0,0.0
2019-01-10,21,0,117,5.66,5.66,0.0,-1553.38406,0.0
2019-01-10,21,0,119,200.0,200.0,0.0,19418.485081,0.0
2019-01-10,21,0,120,117.6,117.6,0.0,11418.069228,0.0
2019-01-10,21,0,123,0.0,0.0,0.0,0.0,0.0
2019-01-10,21,0,125,171.05,171.05,0.0,2116.489038,0.0
2019-01-10,21,0,126,0.0,0.0,0.0,0.0,0.0
2019-01-10,21,0,127,0.0,0.0,0.0,0.0,0.0
2019-01-10,21,0,128,244.99,244.99,0.0,3031.386433,0.0
2019-01-10,21,0,131,24.13,24.13,0.0,-9273.44734,0.0
2019-01-10,21,0,132,35.46,35.46,0.0,-13627.701727,0.0
2019-01-10,21,0,133,46.08,46.08,0.0,327.6437,0.0
2019-01-10,21,0,134,0.0,0.0,0.0,0.0,0.0
2019-01-10,21,0,135,59.91,59.91,0.0,425.979472,0.0
2019-01-10,21,0,136,14.99,14.99,0.0,107.225875,0.0
2019-01-10,21,0,139,146.7,146.7,0.0,1560.331124,0.0
2019-01-10,21,0,140,225.69,225.69,0.0,-225690.0,0.0
2019-01-10,21,0,141,135.53,135.53,0.0,-76507.171074,0.0
2019-01-10,21,0,142,0.0,0.0,0.0,-0.0,0.0
2019-01-10,21,0,143,32.85,32.85,0.0,407.565513,0.0
2019-01-10,21,0,145,30.0,30.0,0.0,339.714666,0.0
2019-01-10,21,0,146,201.33,201.33,0.0,-201330.0,0.0
2019-01-10,21,0,152,0.0,0.0,0.0,0.0,0.0
2019-01-10,21,0,153,0.0,0.0,0.0,0.0,0.0
2019-01-10,21,0,154,0.0,0.0,0.0,0.0,0.0
2019-01-10,21,0,157,37.29,37.29,0.0,-21050.338739,0.0
2019-01-10,21,0,158,0.0,0.0,0.0,-0.0,0.0
2019-01-10,21,0,159,0.0,0.0,0.0,0.0,0.0
2019-01-10,21,0,160,0.0,0.0,0.0,0.0,0.0
2019-01-10,21,0,161,0.0,0.0,0.0,-0.0,0.0
2019-01-10,21,0,162,52.77,52.77,0.0,1225.638445,0.0
2019-01-10,21,0,163,120.91,120.91,0.0,-120910.0,0.0
2019-01-10,21,0,164,0.0,0.0,0.0,0.0,0.0
2019-01-10,21,0,167,0.0,0.0,0.0,0.0,0.0
2019-01-10,21,0,168,0.0,0.0,0.0,0.0,0.0
2019-01-10,21,0,169,0.0,0.0,0.0,0.0,0.0
2019-01-10,21,0,170,0.0,0.0,0.0,0.0,0.0
2019-01-10,21,0,172,0.0,0.0,0.0,0.0,0.0
2019-01-10,21,0,173,0.0,0.0,0.0,0.0,0.0
2019-01-10,21,0,188,0.0,0.0,0.0,0.0,0.0
2019-01-10,21,0,190,0.0,0.0,0.0,0.0,0.0
2019-01-10,21,0,191,0.0,0.0,0.0,0.0,0.0
2019-01-10,21,0,192,141.1,141.1,0.0,4575.528309,0.0
2019-01-10,21,0,194,176.5,176.5,0.0,-24872.433424,0.0
2019-01-10,21,0,196,0.0,0.0,0.0,0.0,0.0
2019-01-10,21,0,198,0.0,0.0,0.0,0.0,0.0
2019-01-10,21,0,199,27.73,27.73,0.0,-1069.410366,0.0
2019-01-10,21,0,200,0.0,0.0,0.0,-0.0,0.0
2019-01-10,21,0,204,841.64,841.64,0.0,8097.072004,0.0
2019-01-10,21,0,205,364.2,364.2,0.0,3455.91705,0.0
2019-01-10,21,0,206,539.94,539.94,0.0,6717.784032,0.0
2019-01-10,21,0,210,0.0,0.0,0.0,0.0,0.0
2019-01-10,21,0,214,0.0,0.0,0.0,0.0,0.0
2019-01-10,21,0,217,0.0,0.0,0.0,0.0,0.0
2019-01-10,21,0,218,0.0,0.0,0.0,0.0,0.0
2019-01-10,21,0,219,0.0,0.0,0.0,0.0,0.0
2019-01-10,21,0,221,0.0,0.0,0.0,0.0,0.0
2019-01-10,21,0,225,0.0,0.0,0.0,0.0,0.0
2019-01-10,21,0,233,0.0,0.0,0.0,0.0,0.0
2019-01-10,21,0,236,45.11,45.11,0.0,343.85021,0.0
2019-01-10,21,0,237,93.07,93.07,0.0,764.059587,0.0
2019-01-10,21,0,238,0.0,0.0,0.0,0.0,0.0
2019-01-10,21,0,240,0.0,0.0,0.0,0.0,0.0
2019-01-10,21,0,245,168.89,168.89,0.0,1178.303639,0.0
2019-01-10,21,0,247,63.3,63.3,0.0,441.628399,0.0
2019-01-10,21,0,248,9.34,9.34,0.0,76.676873,0.0
2019-01-10,21,0,249,324.78,324.78,0.0,2265.909502,0.0
2019-01-10,21,0,251,124.78,124.78,0.0,899.953147,0.0
2019-01-10,21,0,252,79.09,79.09,0.0,565.581601,0.0
2019-01-10,21,0,254,0.0,0.0,0.0,0.0,0.0
2019-01-10,21,0,255,0.0,0.0,0.0,0.0,0.0
2019-01-10,21,0,258,0.0,0.0,0.0,0.0,0.0
2019-01-10,21,0,260,0.0,0.0,0.0,0.0,0.0
2019-01-10,21,0,265,0.0,0.0,0.0,0.0,0.0
2019-01-10,21,0,266,91.87,91.87,0.0,977.14806,0.0
2019-01-10,21,0,267,114.69,114.69,0.0,1219.866235,0.0
2019-01-10,21,0,270,377.6,377.6,0.0,-377600.0,0.0
2019-01-10,21,0,272,281.15,281.15,0.0,-77161.471474,0.0
2019-01-10,21,0,273,0.0,0.0,0.0,-0.0,0.0
2019-01-10,21,0,274,486.77,486.77,0.0,-486770.0,0.0
2019-01-10,21,0,275,677.6,677.6,0.0,-677600.0,0.0
2019-01-10,21,0,276,0.0,0.0,0.0,-0.0,0.0
2019-01-10,21,0,277,0.0,0.0,0.0,-0.0,0.0
2019-01-10,21,0,278,0.0,0.0,0.0,-0.0,0.0
2019-01-10,21,0,279,499.08,499.08,0.0,-142906.87627,0.0
2019-01-10,21,0,281,14.25,14.25,0.0,176.797825,0.0
2019-01-10,21,0,282,0.0,0.0,0.0,0.0,0.0
2019-01-10,22,0,9,0.0,0.0,0.0,0.0,0.0
2019-01-10,22,0,17,0.0,0.0,0.0,0.0,0.0
2019-01-10,22,0,19,369.55,369.55,0.0,2869.164141,0.0
2019-01-10,22,0,20,448.2,448.2,0.0,3479.798046,0.0
2019-01-10,22,0,21,0.0,0.0,0.0,0.0,0.0
2019-01-10,22,0,22,0.0,0.0,0.0,0.0,0.0
2019-01-10,22,0,23,106.87,106.87,0.0,454.177242,0.0
2019-01-10,22,0,24,189.09,189.09,0.0,803.596656,0.0
2019-01-10,22,0,29,0.0,0.0,0.0,0.0,0.0
2019-01-10,22,0,30,0.0,0.0,0.0,0.0,0.0
2019-01-10,22,0,31,34.01,34.01,0.0,143.828099,0.0
2019-01-10,22,0,32,0.0,0.0,0.0,0.0,0.0
2019-01-10,22,0,33,0.0,0.0,0.0,0.0,0.0
2019-01-10,22,0,34,0.0,0.0,0.0,0.0,0.0
2019-01-10,22,0,35,0.0,0.0,0.0,0.0,0.0
2019-01-10,22,0,36,0.0,0.0,0.0,0.0,0.0
2019-01-10,22,0,37,0.0,0.0,0.0,0.0,0.0
2019-01-10,22,0,38,0.0,0.0,0.0,0.0,0.0
2019-01-10,22,0,39,0.0,0.0,0.0,0.0,0.0
2019-01-10,22,0,40,0.0,0.0,0.0,0.0,0.0
2019-01-10,22,0,41,116.0,116.0,0.0,620.836733,0.0
2019-01-10,22,0,42,0.0,0.0,0.0,0.0,0.0
2019-01-10,22,0,43,0.0,0.0,0.0,0.0,0.0
2019-01-10,22,0,46,0.0,0.0,0.0,0.0,0.0
2019-01-10,22,0,52,36.05,36.05,0.0,152.455247,0.0
2019-01-10,22,0,53,57.28,57.28,0.0,242.236798,0.0
2019-01-10,22,0,55,345.84,345.84,0.0,1469.754442,0.0
2019-01-10,22,0,56,0.0,0.0,0.0,0.0,0.0
2019-01-10,22,0,57,0.0,0.0,0.0,0.0,0.0
2019-01-10,22,0,58,0.0,0.0,0.0,0.0,0.0
2019-01-10,22,0,59,0.0,0.0,0.0,0.0,0.0
2019-01-10,22,0,63,152.09,152.09,0.0,4135.193261,0.0
2019-01-10,22,0,64,178.93,178.93,0.0,4864.949242,0.0
2019-01-10,22,0,65,10.39,10.39,0.0,80.376498,0.0
2019-01-10,22,0,67,0.0,0.0,0.0,-0.0,0.0
2019-01-10,22,0,68,5.0,5.0,0.0,-138.576737,0.0
2019-01-10,22,0,69,0.0,0.0,0.0,0.0,0.0
2019-01-10,22,0,74,37.71,37.71,0.0,262.262016,0.0
2019-01-10,22,0,77,200.0,200.0,0.0,-2975.464254,0.0
2019-01-10,22,0,78,151.2,151.2,0.0,-2249.450976,0.0
2019-01-10,22,0,79,87.5,87.5,0.0,-1301.765611,0.0
2019-01-10,22,0,80,141.5,141.5,0.0,-2105.14096,0.0
2019-01-10,22,0,81,185.0,185.0,0.0,-2752.304435,0.0
2019-01-10,22,0,82,130.5,130.5,0.0,-1941.490426,0.0
2019-01-10,22,0,83,291.0,291.0,0.0,-4329.300489,0.0
2019-01-10,22,0,84,0.0,0.0,0.0,0.0,0.0
2019-01-10,22,0,86,0.0,0.0,0.0,0.0,0.0
2019-01-10,22,0,87,0.0,0.0,0.0,0.0,0.0
2019-01-10,22,0,88,170.6,170.6,0.0,-2538.071009,0.0
2019-01-10,22,0,89,164.0,164.0,0.0,-2439.880688,0.0
2019-01-10,22,0,90,220.2,220.2,0.0,-3275.986144,0.0
2019-01-10,22,0,91,785.5,785.5,0.0,-11686.135857,0.0
2019-01-10,22,0,92,282.5,282.5,0.0,-4202.843259,0.0
2019-01-10,22,0,95,25.01,25.01,0.0,489.870332,0.0
2019-01-10,22,0,96,29.88,29.88,0.0,125.712317,0.0
2019-01-10,22,0,97,183.75,183.75,0.0,773.080265,0.0
2019-01-10,22,0,99,7.28,7.28,0.0,50.63027,0.0
2019-01-10,22,0,101,0.0,0.0,0.0,0.0,0.0
2019-01-10,22,0,102,11.83,11.83,0.0,-327.872561,0.0
2019-01-10,22,0,103,10.29,10.29,0.0,-285.190926,0.0
2019-01-10,22,0,104,1.91,1.91,0.0,-52.936314,0.0
2019-01-10,22,0,106,0.0,0.0,0.0,0.0,0.0
2019-01-10,22,0,109,148.57,148.57,0.0,896.743889,0.0
2019-01-10,22,0,110,207.2,207.2,0.0,-18586.425004,0.0
2019-01-10,22,0,111,0.0,0.0,0.0,0.0,0.0
2019-01-10,22,0,113,149.99,149.99,0.0,-1831.508876,0.0
2019-01-10,22,0,115,149.99,149.99,0.0,-1831.508876,0.0
2019-01-10,22,0,116,0.0,0.0,0.0,-0.0,0.0
2019-01-10,22,0,117,10.0,10.0,0.0,-122.108732,0.0
2019-01-10,22,0,119,178.93,178.93,0.0,4864.949242,0.0
2019-01-10,22,0,120,105.21,105.21,0.0,2860.567315,0.0
2019-01-10,22,0,123,0.0,0.0,0.0,0.0,0.0
2019-01-10,22,0,125,171.11,171.11,0.0,727.185064,0.0
2019-01-10,22,0,126,0.0,0.0,0.0,0.0,0.0
2019-01-10,22,0,127,0.0,0.0,0.0,0.0,0.0
2019-01-10,22,0,128,245.07,245.07,0.0,1041.501044,0.0
2019-01-10,22,0,131,22.39,22.39,0.0,-529.30187,0.0
2019-01-10,22,0,132,32.91,32.91,0.0,-777.995736,0.0
2019-01-10,22,0,133,62.79,62.79,0.0,487.663409,0.0
2019-01-10,22,0,134,0.0,0.0,0.0,0.0,0.0
2019-01-10,22,0,135,84.14,84.14,0.0,653.479841,0.0
2019-01-10,22,0,136,12.23,12.23,0.0,94.591848,0.0
2019-01-10,22,0,139,149.8,149.8,0.0,801.735712,0.0
2019-01-10,22,0,140,153.35,153.35,0.0,-13755.927965,0.0
2019-01-10,22,0,141,131.62,131.62,0.0,-5656.301943,0.0
2019-01-10,22,0,142,0.0,0.0,0.0,-0.0,0.0
2019-01-10,22,0,143,35.34,35.34,0.0,149.452661,0.0
2019-01-10,22,0,145,72.71,72.71,0.0,356.279122,0.0
2019-01-10,22,0,146,206.99,206.99,0.0,-18567.587411,0.0
2019-01-10,22,0,152,0.0,0.0,0.0,0.0,0.0
2019-01-10,22,0,153,0.0,0.0,0.0,0.0,0.0
2019-01-10,22,0,154,0.0,0.0,0.0,0.0,0.0
2019-01-10,22,0,157,45.82,45.82,0.0,-1969.090982,0.0
2019-01-10,22,0,158,0.0,0.0,0.0,-0.0,0.0
2019-01-10,22,0,159,0.0,0.0,0.0,0.0,0.0
2019-01-10,22,0,160,0.0,0.0,0.0,0.0,0.0
2019-01-10,22,0,161,0.0,0.0,0.0,-0.0,0.0
2019-01-10,22,0,162,27.43,27.43,0.0,539.561508,0.0
2019-01-10,22,0,163,89.57,89.57,0.0,-8034.68189,0.0
2019-01-10,22,0,164,0.0,0.0,0.0,0.0,0.0
2019-01-10,22,0,167,0.0,0.0,0.0,0.0,0.0
2019-01-10,22,0,168,0.0,0.0,0.0,0.0,0.0
2019-01-10,22,0,169,0.0,0.0,0.0,0.0,0.0
2019-01-10,22,0,170,0.0,0.0,0.0,0.0,0.0
2019-01-10,22,0,172,0.0,0.0,0.0,0.0,0.0
2019-01-10,22,0,173,0.0,0.0,0.0,0.0,0.0
2019-01-10,22,0,188,0.0,0.0,0.0,0.0,0.0
2019-01-10,22,0,190,0.0,0.0,0.0,0.0,0.0
2019-01-10,22,0,191,0.0,0.0,0.0,0.0,0.0
2019-01-10,22,0,192,92.87,92.87,0.0,2525.053574,0.0
2019-01-10,22,0,194,176.5,176.5,0.0,288.615178,0.0
2019-01-10,22,0,196,0.0,0.0,0.0,0.0,0.0
2019-01-10,22,0,198,0.0,0.0,0.0,0.0,0.0
2019-01-10,22,0,199,28.7,28.7,0.0,200.99179,0.0
2019-01-10,22,0,200,0.0,0.0,0.0,0.0,0.0
2019-01-10,22,0,204,795.83,795.83,0.0,4731.702876,0.0
2019-01-10,22,0,205,739.14,739.14,0.0,4461.326501,0.0
2019-01-10,22,0,206,539.94,539.94,0.0,2271.656917,0.0
2019-01-10,22,0,210,0.0,0.0,0.0,0.0,0.0
2019-01-10,22,0,214,0.0,0.0,0.0,0.0,0.0
2019-01-10,22,0,217,0.0,0.0,0.0,0.0,0.0
2019-01-10,22,0,218,0.0,0.0,0.0,0.0,0.0
2019-01-10,22,0,219,0.0,0.0,0.0,0.0,0.0
2019-01-10,22,0,221,0.0,0.0,0.0,0.0,0.0
2019-01-10,22,0,225,0.0,0.0,0.0,0.0,0.0
2019-01-10,22,0,233,0.0,0.0,0.0,0.0,0.0
2019-01-10,22,0,236,41.67,41.67,0.0,307.520954,0.0
2019-01-10,22,0,237,90.47,90.47,0.0,629.192379,0.0
2019-01-10,22,0,238,0.0,0.0,0.0,0.0,0.0
2019-01-10,22,0,240,0.0,0.0,0.0,0.0,0.0
2019-01-10,22,0,245,154.25,154.25,0.0,1213.465742,0.0
2019-01-10,22,0,247,54.16,54.16,0.0,426.070046,0.0
2019-01-10,22,0,248,9.08,9.08,0.0,63.148743,0.0
2019-01-10,22,0,249,296.64,296.64,0.0,2333.630325,0.0
2019-01-10,22,0,251,253.71,253.71,0.0,1951.027083,0.0
2019-01-10,22,0,252,67.0,67.0,0.0,518.308506,0.0
2019-01-10,22,0,254,0.0,0.0,0.0,0.0,0.0
2019-01-10,22,0,255,0.0,0.0,0.0,0.0,0.0
2019-01-10,22,0,258,0.0,0.0,0.0,0.0,0.0
2019-01-10,22,0,260,0.0,0.0,0.0,0.0,0.0
2019-01-10,22,0,265,0.0,0.0,0.0,0.0,0.0
2019-01-10,22,0,266,97.0,97.0,0.0,519.147958,0.0
2019-01-10,22,0,267,119.2,119.2,0.0,637.963264,0.0
2019-01-10,22,0,270,279.72,279.72,0.0,-25091.673755,0.0
2019-01-10,22,0,272,501.3,501.3,0.0,-6121.31075,0.0
2019-01-10,22,0,273,0.0,0.0,0.0,-0.0,0.0
2019-01-10,22,0,274,360.6,360.6,0.0,-32346.83811,0.0
2019-01-10,22,0,275,501.95,501.95,0.0,-45026.332194,0.0
2019-01-10,22,0,276,0.0,0.0,0.0,-0.0,0.0
2019-01-10,22,0,277,0.0,0.0,0.0,0.0,0.0
2019-01-10,22,0,278,0.0,0.0,0.0,0.0,0.0
2019-01-10,22,0,279,177.39,177.39,0.0,-2355.720623,0.0
2019-01-10,22,0,281,15.26,15.26,0.0,64.534454,0.0
2019-01-10,22,0,282,0.0,0.0,0.0,0.0,0.0
2019-01-10,23,0,9,0.0,0.0,0.0,0.0,0.0
2019-01-10,23,0,17,0.0,0.0,0.0,0.0,0.0
2019-01-10,23,0,19,334.36,334.36,0.0,2593.749913,0.0
2019-01-10,23,0,20,405.51,405.51,0.0,3145.685869,0.0
2019-01-10,23,0,21,0.0,0.0,0.0,0.0,0.0
2019-01-10,23,0,22,0.0,0.0,0.0,0.0,0.0
2019-01-10,23,0,23,103.69,103.69,0.0,630.91558,0.0
2019-01-10,23,0,24,183.46,183.46,0.0,1116.286742,0.0
2019-01-10,23,0,29,0.0,0.0,0.0,0.0,0.0
2019-01-10,23,0,30,0.0,0.0,0.0,0.0,0.0
2019-01-10,23,0,31,21.77,21.77,0.0,132.231531,0.0
2019-01-10,23,0,32,0.0,0.0,0.0,0.0,0.0
2019-01-10,23,0,33,0.0,0.0,0.0,0.0,0.0
2019-01-10,23,0,34,0.0,0.0,0.0,0.0,0.0
2019-01-10,23,0,35,0.0,0.0,0.0,0.0,0.0
2019-01-10,23,0,36,0.0,0.0,0.0,0.0,0.0
2019-01-10,23,0,37,0.0,0.0,0.0,0.0,0.0
2019-01-10,23,0,38,0.0,0.0,0.0,0.0,0.0
2019-01-10,23,0,39,0.0,0.0,0.0,0.0,0.0
2019-01-10,23,0,40,0.0,0.0,0.0,0.0,0.0
2019-01-10,23,0,41,116.0,116.0,0.0,769.908838,0.0
2019-01-10,23,0,42,0.0,0.0,0.0,0.0,0.0
2019-01-10,23,0,43,0.0,0.0,0.0,0.0,0.0
2019-01-10,23,0,46,0.0,0.0,0.0,0.0,0.0
2019-01-10,23,0,52,23.08,23.08,0.0,140.188504,0.0
2019-01-10,23,0,53,36.67,36.67,0.0,222.734509,0.0
2019-01-10,23,0,55,482.02,482.02,0.0,2932.914724,0.0
2019-01-10,23,0,56,0.0,0.0,0.0,0.0,0.0
2019-01-10,23,0,57,0.0,0.0,0.0,0.0,0.0
2019-01-10,23,0,58,0.0,0.0,0.0,0.0,0.0
2019-01-10,23,0,59,0.0,0.0,0.0,0.0,0.0
2019-01-10,23,0,63,128.74,128.74,0.0,2050.241965,0.0
2019-01-10,23,0,64,151.46,151.46,0.0,2412.068106,0.0
2019-01-10,23,0,65,7.73,7.73,0.0,59.872727,0.0
2019-01-10,23,0,67,0.0,0.0,0.0,0.0,0.0
2019-01-10,23,0,68,4.36,4.36,0.0,27.552706,0.0
2019-01-10,23,0,69,0.0,0.0,0.0,0.0,0.0
2019-01-10,23,0,74,28.5,28.5,0.0,211.153656,0.0
2019-01-10,23,0,77,200.0,200.0,0.0,1012.983277,0.0
2019-01-10,23,0,78,151.2,151.2,0.0,765.815357,0.0
2019-01-10,23,0,79,87.5,87.5,0.0,443.180184,0.0
2019-01-10,23,0,80,141.5,141.5,0.0,716.685668,0.0
2019-01-10,23,0,81,185.0,185.0,0.0,937.009531,0.0
2019-01-10,23,0,82,130.5,130.5,0.0,660.971588,0.0
2019-01-10,23,0,83,291.0,291.0,0.0,1473.890668,0.0
2019-01-10,23,0,84,0.0,0.0,0.0,0.0,0.0
2019-01-10,23,0,86,0.0,0.0,0.0,0.0,0.0
2019-01-10,23,0,87,0.0,0.0,0.0,0.0,0.0
2019-01-10,23,0,88,170.6,170.6,0.0,864.074735,0.0
2019-01-10,23,0,89,164.0,164.0,0.0,830.646287,0.0
2019-01-10,23,0,90,220.2,220.2,0.0,1115.294588,0.0
2019-01-10,23,0,91,785.5,785.5,0.0,3978.49182,0.0
2019-01-10,23,0,92,282.5,282.5,0.0,1430.838879,0.0
2019-01-10,23,0,95,29.75,29.75,0.0,470.391612,0.0
2019-01-10,23,0,96,29.88,29.88,0.0,181.16063,0.0
2019-01-10,23,0,97,183.75,183.75,0.0,1114.065117,0.0
2019-01-10,23,0,99,5.5,5.5,0.0,40.748951,0.0
2019-01-10,23,0,101,0.0,0.0,0.0,0.0,0.0
2019-01-10,23,0,102,10.33,10.33,0.0,65.279692,0.0
2019-01-10,23,0,103,8.98,8.98,0.0,56.748464,0.0
2019-01-10,23,0,104,1.67,1.67,0.0,10.553445,0.0
2019-01-10,23,0,106,0.0,0.0,0.0,0.0,0.0
2019-01-10,23,0,109,158.32,158.32,0.0,1108.551555,0.0
2019-01-10,23,0,110,190.72,190.72,0.0,2436.370458,0.0
2019-01-10,23,0,111,0.0,0.0,0.0,0.0,0.0
2019-01-10,23,0,113,143.14,143.14,0.0,646.510865,0.0
2019-01-10,23,0,115,143.14,143.14,0.0,646.510865,0.0
2019-01-10,23,0,116,0.0,0.0,0.0,0.0,0.0
2019-01-10,23,0,117,9.54,9.54,0.0,43.08868,0.0
2019-01-10,23,0,119,151.46,151.46,0.0,2412.068106,0.0
2019-01-10,23,0,120,89.06,89.06,0.0,1418.320253,0.0
2019-01-10,23,0,123,0.0,0.0,0.0,0.0,0.0
2019-01-10,23,0,125,166.02,166.02,0.0,1010.170745,0.0
2019-01-10,23,0,126,0.0,0.0,0.0,0.0,0.0
2019-01-10,23,0,127,0.0,0.0,0.0,0.0,0.0
2019-01-10,23,0,128,237.78,237.78,0.0,1446.803998,0.0
2019-01-10,23,0,131,20.6,20.6,0.0,121.437943,0.0
2019-01-10,23,0,132,30.29,30.29,0.0,178.560936,0.0
2019-01-10,23,0,133,54.48,54.48,0.0,422.681667,0.0
2019-01-10,23,0,134,0.0,0.0,0.0,0.0,0.0
2019-01-10,23,0,135,73.0,73.0,0.0,566.368606,0.0
2019-01-10,23,0,136,9.61,9.61,0.0,74.428015,0.0
2019-01-10,23,0,139,149.8,149.8,0.0,994.244344,0.0
2019-01-10,23,0,140,141.15,141.15,0.0,1803.133862,0.0
2019-01-10,23,0,141,115.54,115.54,0.0,913.74382,0.0
2019-01-10,23,0,142,0.0,0.0,0.0,0.0,0.0
2019-01-10,23,0,143,14.24,14.24,0.0,86.494121,0.0
2019-01-10,23,0,145,25.59,25.59,0.0,164.248475,0.0
2019-01-10,23,0,146,204.05,204.05,0.0,2606.655788,0.0
2019-01-10,23,0,152,0.0,0.0,0.0,0.0,0.0
2019-01-10,23,0,153,0.0,0.0,0.0,0.0,0.0
2019-01-10,23,0,154,0.0,0.0,0.0,0.0,0.0
2019-01-10,23,0,157,50.77,50.77,0.0,401.512669,0.0
2019-01-10,23,0,158,0.0,0.0,0.0,0.0,0.0
2019-01-10,23,0,159,0.0,0.0,0.0,0.0,0.0
2019-01-10,23,0,160,0.0,0.0,0.0,0.0,0.0
2019-01-10,23,0,161,0.0,0.0,0.0,0.0,0.0
2019-01-10,23,0,162,13.38,13.38,0.0,211.631959,0.0
2019-01-10,23,0,163,70.11,70.11,0.0,895.626745,0.0
2019-01-10,23,0,164,0.0,0.0,0.0,0.0,0.0
2019-01-10,23,0,167,0.0,0.0,0.0,0.0,0.0
2019-01-10,23,0,168,0.0,0.0,0.0,0.0,0.0
2019-01-10,23,0,169,0.0,0.0,0.0,0.0,0.0
2019-01-10,23,0,170,0.0,0.0,0.0,0.0,0.0
2019-01-10,23,0,172,0.0,0.0,0.0,0.0,0.0
2019-01-10,23,0,173,0.0,0.0,0.0,0.0,0.0
2019-01-10,23,0,188,0.0,0.0,0.0,0.0,0.0
2019-01-10,23,0,190,0.0,0.0,0.0,0.0,0.0
2019-01-10,23,0,191,0.0,0.0,0.0,0.0,0.0
2019-01-10,23,0,192,79.65,79.65,0.0,1268.461803,0.0
2019-01-10,23,0,194,176.5,176.5,0.0,498.130354,0.0
2019-01-10,23,0,196,0.0,0.0,0.0,0.0,0.0
2019-01-10,23,0,198,0.0,0.0,0.0,0.0,0.0
2019-01-10,23,0,199,20.9,20.9,0.0,156.329808,0.0
2019-01-10,23,0,200,0.0,0.0,0.0,0.0,0.0
2019-01-10,23,0,204,733.28,733.28,0.0,5103.731013,0.0
2019-01-10,23,0,205,837.52,837.52,0.0,5864.288142,0.0
2019-01-10,23,0,206,539.94,539.94,0.0,3273.623507,0.0
2019-01-10,23,0,210,0.0,0.0,0.0,0.0,0.0
2019-01-10,23,0,214,0.0,0.0,0.0,0.0,0.0
2019-01-10,23,0,217,0.0,0.0,0.0,0.0,0.0
2019-01-10,23,0,218,0.0,0.0,0.0,0.0,0.0
2019-01-10,23,0,219,0.0,0.0,0.0,0.0,0.0
2019-01-10,23,0,221,0.0,0.0,0.0,0.0,0.0
2019-01-10,23,0,225,0.0,0.0,0.0,0.0,0.0
2019-01-10,23,0,233,0.0,0.0,0.0,0.0,0.0
2019-01-10,23,0,236,30.55,30.55,0.0,232.045363,0.0
2019-01-10,23,0,237,68.38,68.38,0.0,506.620596,0.0
2019-01-10,23,0,238,0.0,0.0,0.0,0.0,0.0
2019-01-10,23,0,240,0.0,0.0,0.0,0.0,0.0
2019-01-10,23,0,245,125.77,125.77,0.0,981.125922,0.0
2019-01-10,23,0,247,42.94,42.94,0.0,334.972943,0.0
2019-01-10,23,0,248,6.86,6.86,0.0,50.825055,0.0
2019-01-10,23,0,249,241.87,241.87,0.0,1886.816624,0.0
2019-01-10,23,0,251,91.19,91.19,0.0,704.53728,0.0
2019-01-10,23,0,252,49.87,49.87,0.0,386.26816,0.0
2019-01-10,23,0,254,0.0,0.0,0.0,0.0,0.0
2019-01-10,23,0,255,0.0,0.0,0.0,0.0,0.0
2019-01-10,23,0,258,0.0,0.0,0.0,0.0,0.0
2019-01-10,23,0,260,0.0,0.0,0.0,0.0,0.0
2019-01-10,23,0,265,0.0,0.0,0.0,0.0,0.0
2019-01-10,23,0,266,97.0,97.0,0.0,643.80308,0.0
2019-01-10,23,0,267,119.2,119.2,0.0,791.147702,0.0
2019-01-10,23,0,270,218.95,218.95,0.0,2796.99723,0.0
2019-01-10,23,0,272,478.4,478.4,0.0,2160.757284,0.0
2019-01-10,23,0,273,0.0,0.0,0.0,0.0,0.0
2019-01-10,23,0,274,282.26,282.26,0.0,3605.75674,0.0
2019-01-10,23,0,275,392.9,392.9,0.0,5019.137756,0.0
2019-01-10,23,0,276,0.0,0.0,0.0,0.0,0.0
2019-01-10,23,0,277,0.0,0.0,0.0,0.0,0.0
2019-01-10,23,0,278,0.0,0.0,0.0,0.0,0.0
2019-01-10,23,0,279,160.08,160.08,0.0,758.210712,0.0
2019-01-10,23,0,281,9.77,9.77,0.0,59.343227,0.0
2019-01-10,23,0,282,0.0,0.0,0.0,0.0,0.0
2019-01-11,0,0,9,0.0,0.0,0.0,0.0,0.0
2019-01-11,0,0,17,0.0,0.0,0.0,0.0,0.0
2019-01-11,0,0,19,304.18,304.18,0.0,2382.059288,0.0
2019-01-11,0,0,20,368.92,368.92,0.0,2889.043699,0.0
2019-01-11,0,0,21,0.0,0.0,0.0,0.0,0.0
2019-01-11,0,0,22,0.0,0.0,0.0,0.0,0.0
2019-01-11,0,0,23,101.99,101.99,0.0,629.244377,0.0
2019-01-11,0,0,24,180.44,180.44,0.0,1113.254783,0.0
2019-01-11,0,0,29,0.0,0.0,0.0,0.0,0.0
2019-01-11,0,0,30,0.0,0.0,0.0,0.0,0.0
2019-01-11,0,0,31,12.98,12.98,0.0,79.945528,0.0
2019-01-11,0,0,32,0.0,0.0,0.0,0.0,0.0
2019-01-11,0,0,33,0.0,0.0,0.0,0.0,0.0
2019-01-11,0,0,34,0.0,0.0,0.0,0.0,0.0
2019-01-11,0,0,35,0.0,0.0,0.0,0.0,0.0
2019-01-11,0,0,36,0.0,0.0,0.0,0.0,0.0
2019-01-11,0,0,37,0.0,0.0,0.0,0.0,0.0
2019-01-11,0,0,38,0.0,0.0,0.0,0.0,0.0
2019-01-11,0,0,39,0.0,0.0,0.0,0.0,0.0
2019-01-11,0,0,40,0.0,0.0,0.0,0.0,0.0
2019-01-11,0,0,41,112.89,112.89,0.0,758.445242,0.0
2019-01-11,0,0,42,0.0,0.0,0.0,0.0,0.0
2019-01-11,0,0,43,0.0,0.0,0.0,0.0,0.0
2019-01-11,0,0,46,0.0,0.0,0.0,0.0,0.0
2019-01-11,0,0,52,13.76,13.76,0.0,84.74965,0.0
2019-01-11,0,0,53,21.86,21.86,0.0,134.638616,0.0
2019-01-11,0,0,55,386.21,386.21,0.0,2382.78724,0.0
2019-01-11,0,0,56,0.0,0.0,0.0,0.0,0.0
2019-01-11,0,0,57,0.0,0.0,0.0,0.0,0.0
2019-01-11,0,0,58,0.0,0.0,0.0,0.0,0.0
2019-01-11,0,0,59,0.0,0.0,0.0,0.0,0.0
2019-01-11,0,0,63,108.16,108.16,0.0,1724.498716,0.0
2019-01-11,0,0,64,127.24,127.24,0.0,2028.709473,0.0
2019-01-11,0,0,65,5.63,5.63,0.0,44.02271,0.0
2019-01-11,0,0,67,0.0,0.0,0.0,0.0,0.0
2019-01-11,0,0,68,3.82,3.82,0.0,24.458984,0.0
2019-01-11,0,0,69,0.0,0.0,0.0,0.0,0.0
2019-01-11,0,0,74,21.07,21.07,0.0,157.708594,0.0
2019-01-11,0,0,77,200.0,200.0,0.0,1031.368779,0.0
2019-01-11,0,0,78,151.2,151.2,0.0,779.714797,0.0
2019-01-11,0,0,79,87.5,87.5,0.0,451.223841,0.0
2019-01-11,0,0,80,141.5,141.5,0.0,729.693411,0.0
2019-01-11,0,0,81,185.0,185.0,0.0,954.01612,0.0
2019-01-11,0,0,82,130.5,130.5,0.0,672.968128,0.0
2019-01-11,0,0,83,291.0,291.0,0.0,1500.641573,0.0
2019-01-11,0,0,84,0.0,0.0,0.0,0.0,0.0
2019-01-11,0,0,86,0.0,0.0,0.0,0.0,0.0
2019-01-11,0,0,87,0.0,0.0,0.0,0.0,0.0
2019-01-11,0,0,88,170.6,170.6,0.0,879.757568,0.0
2019-01-11,0,0,89,164.0,164.0,0.0,845.722399,0.0
2019-01-11,0,0,90,220.2,220.2,0.0,1135.537025,0.0
2019-01-11,0,0,91,785.5,785.5,0.0,4050.700879,0.0
2019-01-11,0,0,92,282.5,282.5,0.0,1456.8084,0.0
2019-01-11,0,0,95,19.73,19.73,0.0,312.341029,0.0
2019-01-11,0,0,96,29.88,29.88,0.0,183.705843,0.0
2019-01-11,0,0,97,183.75,183.75,0.0,1129.717159,0.0
2019-01-11,0,0,99,4.07,4.07,0.0,30.463881,0.0
2019-01-11,0,0,101,0.0,0.0,0.0,0.0,0.0
2019-01-11,0,0,102,9.04,9.04,0.0,57.881994,0.0
2019-01-11,0,0,103,7.86,7.86,0.0,50.326601,0.0
2019-01-11,0,0,104,1.46,1.46,0.0,9.348198,0.0
2019-01-11,0,0,106,0.0,0.0,0.0,0.0,0.0
2019-01-11,0,0,109,146.95,146.95,0.0,1040.523783,0.0
2019-01-11,0,0,110,176.69,176.69,0.0,2264.177375,0.0
2019-01-11,0,0,111,0.0,0.0,0.0,0.0,0.0
2019-01-11,0,0,113,127.52,127.52,0.0,588.156269,0.0
2019-01-11,0,0,115,127.52,127.52,0.0,588.156269,0.0
2019-01-11,0,0,116,0.0,0.0,0.0,0.0,0.0
2019-01-11,0,0,117,8.5,8.5,0.0,39.204268,0.0
2019-01-11,0,0,119,127.24,127.24,0.0,2028.709473,0.0
2019-01-11,0,0,120,74.82,74.82,0.0,1192.927089,0.0
2019-01-11,0,0,123,0.0,0.0,0.0,0.0,0.0
2019-01-11,0,0,125,163.29,163.29,0.0,1007.444987,0.0
2019-01-11,0,0,126,0.0,0.0,0.0,0.0,0.0
2019-01-11,0,0,127,0.0,0.0,0.0,0.0,0.0
2019-01-11,0,0,128,233.88,233.88,0.0,1442.961808,0.0
2019-01-11,0,0,131,19.22,19.22,0.0,114.961775,0.0
2019-01-11,0,0,132,28.25,28.25,0.0,168.973473,0.0
2019-01-11,0,0,133,47.82,47.82,0.0,374.535514,0.0
2019-01-11,0,0,134,0.0,0.0,0.0,0.0,0.0
2019-01-11,0,0,135,64.08,64.08,0.0,501.886988,0.0
2019-01-11,0,0,136,7.53,7.53,0.0,58.87453,0.0
2019-01-11,0,0,139,145.78,145.78,0.0,979.414894,0.0
2019-01-11,0,0,140,130.77,130.77,0.0,1675.739857,0.0
2019-01-11,0,0,141,102.43,102.43,0.0,817.511145,0.0
2019-01-11,0,0,142,0.0,0.0,0.0,0.0,0.0
2019-01-11,0,0,143,11.95,11.95,0.0,73.601622,0.0
2019-01-11,0,0,145,22.31,22.31,0.0,145.042692,0.0
2019-01-11,0,0,146,200.03,200.03,0.0,2563.265608,0.0
2019-01-11,0,0,152,0.0,0.0,0.0,0.0,0.0
2019-01-11,0,0,153,0.0,0.0,0.0,0.0,0.0
2019-01-11,0,0,154,0.0,0.0,0.0,0.0,0.0
2019-01-11,0,0,157,56.16,56.16,0.0,448.222454,0.0
2019-01-11,0,0,158,0.0,0.0,0.0,0.0,0.0
2019-01-11,0,0,159,0.0,0.0,0.0,0.0,0.0
2019-01-11,0,0,160,0.0,0.0,0.0,0.0,0.0
2019-01-11,0,0,161,0.0,0.0,0.0,0.0,0.0
2019-01-11,0,0,162,12.99,12.99,0.0,205.713326,0.0
2019-01-11,0,0,163,53.95,53.95,0.0,691.337197,0.0
2019-01-11,0,0,164,0.0,0.0,0.0,0.0,0.0
2019-01-11,0,0,167,0.0,0.0,0.0,0.0,0.0
2019-01-11,0,0,168,0.0,0.0,0.0,0.0,0.0
2019-01-11,0,0,169,0.0,0.0,0.0,0.0,0.0
2019-01-11,0,0,170,0.0,0.0,0.0,0.0,0.0
2019-01-11,0,0,172,0.0,0.0,0.0,0.0,0.0
2019-01-11,0,0,173,0.0,0.0,0.0,0.0,0.0
2019-01-11,0,0,188,0.0,0.0,0.0,0.0,0.0
2019-01-11,0,0,190,0.0,0.0,0.0,0.0,0.0
2019-01-11,0,0,191,0.0,0.0,0.0,0.0,0.0
2019-01-11,0,0,192,68.32,68.32,0.0,1089.291349,0.0
2019-01-11,0,0,194,176.5,176.5,0.0,517.031231,0.0
2019-01-11,0,0,196,0.0,0.0,0.0,0.0,0.0
2019-01-11,0,0,198,0.0,0.0,0.0,0.0,0.0
2019-01-11,0,0,199,8.39,8.39,0.0,63.390629,0.0
2019-01-11,0,0,200,0.0,0.0,0.0,0.0,0.0
2019-01-11,0,0,204,681.75,681.75,0.0,4799.012624,0.0
2019-01-11,0,0,205,777.35,777.35,0.0,5504.26106,0.0
2019-01-11,0,0,206,539.94,539.94,0.0,3319.616233,0.0
2019-01-11,0,0,210,0.0,0.0,0.0,0.0,0.0
2019-01-11,0,0,214,0.0,0.0,0.0,0.0,0.0
2019-01-11,0,0,217,0.0,0.0,0.0,0.0,0.0
2019-01-11,0,0,218,0.0,0.0,0.0,0.0,0.0
2019-01-11,0,0,219,0.0,0.0,0.0,0.0,0.0
2019-01-11,0,0,221,0.0,0.0,0.0,0.0,0.0
2019-01-11,0,0,225,0.0,0.0,0.0,0.0,0.0
2019-01-11,0,0,233,0.0,0.0,0.0,0.0,0.0
2019-01-11,0,0,236,21.77,21.77,0.0,166.984909,0.0
2019-01-11,0,0,237,50.54,50.54,0.0,378.291046,0.0
2019-01-11,0,0,238,0.0,0.0,0.0,0.0,0.0
2019-01-11,0,0,240,0.0,0.0,0.0,0.0,0.0
2019-01-11,0,0,245,64.3,64.3,0.0,506.323035,0.0
2019-01-11,0,0,247,33.47,33.47,0.0,263.555707,0.0
2019-01-11,0,0,248,5.07,5.07,0.0,37.948864,0.0
2019-01-11,0,0,249,120.47,120.47,0.0,948.62731,0.0
2019-01-11,0,0,251,66.44,66.44,0.0,518.230391,0.0
2019-01-11,0,0,252,36.3,36.3,0.0,283.84092,0.0
2019-01-11,0,0,254,0.0,0.0,0.0,0.0,0.0
2019-01-11,0,0,255,0.0,0.0,0.0,0.0,0.0
2019-01-11,0,0,258,0.0,0.0,0.0,0.0,0.0
2019-01-11,0,0,260,0.0,0.0,0.0,0.0,0.0
2019-01-11,0,0,265,0.0,0.0,0.0,0.0,0.0
2019-01-11,0,0,266,94.4,94.4,0.0,634.221197,0.0
2019-01-11,0,0,267,116.0,116.0,0.0,779.339606,0.0
2019-01-11,0,0,270,168.48,168.48,0.0,2158.971103,0.0
2019-01-11,0,0,272,426.17,426.17,0.0,1965.609765,0.0
2019-01-11,0,0,273,0.0,0.0,0.0,0.0,0.0
2019-01-11,0,0,274,217.2,217.2,0.0,2783.288957,0.0
2019-01-11,0,0,275,302.34,302.34,0.0,3874.307474,0.0
2019-01-11,0,0,276,0.0,0.0,0.0,0.0,0.0
2019-01-11,0,0,277,0.0,0.0,0.0,0.0,0.0
2019-01-11,0,0,278,0.0,0.0,0.0,0.0,0.0
2019-01-11,0,0,279,144.97,144.97,0.0,700.291586,0.0
2019-01-11,0,0,281,5.83,5.83,0.0,35.907737,0.0
2019-01-11,0,0,282,0.0,0.0,0.0,0.0,0.0
2019-01-11,1,0,9,0.0,0.0,0.0,0.0,0.0
2019-01-11,1,0,17,0.0,0.0,0.0,0.0,0.0
2019-01-11,1,0,19,278.71,278.71,0.0,2199.525439,0.0
2019-01-11,1,0,20,338.02,338.02,0.0,2667.588493,0.0
2019-01-11,1,0,21,0.0,0.0,0.0,0.0,0.0
2019-01-11,1,0,22,0.0,0.0,0.0,0.0,0.0
2019-01-11,1,0,23,101.52,101.52,0.0,598.923296,0.0
2019-01-11,1,0,24,179.62,179.62,0.0,1059.678905,0.0
2019-01-11,1,0,29,0.0,0.0,0.0,0.0,0.0
2019-01-11,1,0,30,0.0,0.0,0.0,0.0,0.0
2019-01-11,1,0,31,15.99,15.99,0.0,94.131945,0.0
2019-01-11,1,0,32,0.0,0.0,0.0,0.0,0.0
2019-01-11,1,0,33,0.0,0.0,0.0,0.0,0.0
2019-01-11,1,0,34,0.0,0.0,0.0,0.0,0.0
2019-01-11,1,0,35,0.0,0.0,0.0,0.0,0.0
2019-01-11,1,0,36,0.0,0.0,0.0,0.0,0.0
2019-01-11,1,0,37,0.0,0.0,0.0,0.0,0.0
2019-01-11,1,0,38,0.0,0.0,0.0,0.0,0.0
2019-01-11,1,0,39,0.0,0.0,0.0,0.0,0.0
2019-01-11,1,0,40,0.0,0.0,0.0,0.0,0.0
2019-01-11,1,0,41,106.16,106.16,0.0,696.156147,0.0
2019-01-11,1,0,42,0.0,0.0,0.0,0.0,0.0
2019-01-11,1,0,43,0.0,0.0,0.0,0.0,0.0
2019-01-11,1,0,46,0.0,0.0,0.0,0.0,0.0
2019-01-11,1,0,52,17.03,17.03,0.0,100.254348,0.0
2019-01-11,1,0,53,27.84,27.84,0.0,163.892017,0.0
2019-01-11,1,0,55,261.98,261.98,0.0,1545.566638,0.0
2019-01-11,1,0,56,0.0,0.0,0.0,0.0,0.0
2019-01-11,1,0,57,0.0,0.0,0.0,0.0,0.0
2019-01-11,1,0,58,0.0,0.0,0.0,0.0,0.0
2019-01-11,1,0,59,0.0,0.0,0.0,0.0,0.0
2019-01-11,1,0,63,90.18,90.18,0.0,1503.74155,0.0
2019-01-11,1,0,64,106.09,106.09,0.0,1769.039045,0.0
2019-01-11,1,0,65,3.99,3.99,0.0,31.431969,0.0
2019-01-11,1,0,67,0.0,0.0,0.0,0.0,0.0
2019-01-11,1,0,68,3.39,3.39,0.0,14.256608,0.0
2019-01-11,1,0,69,0.0,0.0,0.0,0.0,0.0
2019-01-11,1,0,74,15.22,15.22,0.0,113.79671,0.0
2019-01-11,1,0,77,198.29,198.29,0.0,929.000064,0.0
2019-01-11,1,0,78,149.91,149.91,0.0,702.336979,0.0
2019-01-11,1,0,79,86.75,86.75,0.0,406.428744,0.0
2019-01-11,1,0,80,140.29,140.29,0.0,657.266725,0.0
2019-01-11,1,0,81,183.42,183.42,0.0,859.333258,0.0
2019-01-11,1,0,82,129.38,129.38,0.0,606.152747,0.0
2019-01-11,1,0,83,288.51,288.51,0.0,1351.685957,0.0
2019-01-11,1,0,84,0.0,0.0,0.0,0.0,0.0
2019-01-11,1,0,86,0.0,0.0,0.0,0.0,0.0
2019-01-11,1,0,87,0.0,0.0,0.0,0.0,0.0
2019-01-11,1,0,88,170.6,170.6,0.0,799.27082,0.0
2019-01-11,1,0,89,164.0,164.0,0.0,768.34944,0.0
2019-01-11,1,0,90,220.2,220.2,0.0,1031.649675,0.0
2019-01-11,1,0,91,785.5,785.5,0.0,3680.112715,0.0
2019-01-11,1,0,92,282.5,282.5,0.0,1323.528761,0.0
2019-01-11,1,0,95,30.5,30.5,0.0,481.438003,0.0
2019-01-11,1,0,96,29.88,29.88,0.0,175.506824,0.0
2019-01-11,1,0,97,183.75,183.75,0.0,1079.296483,0.0
2019-01-11,1,0,99,2.94,2.94,0.0,21.981756,0.0
2019-01-11,1,0,101,0.0,0.0,0.0,0.0,0.0
2019-01-11,1,0,102,8.02,8.02,0.0,33.728023,0.0
2019-01-11,1,0,103,6.98,6.98,0.0,29.354315,0.0
2019-01-11,1,0,104,1.3,1.3,0.0,5.467136,0.0
2019-01-11,1,0,106,0.0,0.0,0.0,0.0,0.0
2019-01-11,1,0,109,137.91,137.91,0.0,964.28375,0.0
2019-01-11,1,0,110,164.03,164.03,0.0,371.236811,0.0
2019-01-11,1,0,111,0.0,0.0,0.0,0.0,0.0
2019-01-11,1,0,113,63.85,63.85,0.0,288.263333,0.0
2019-01-11,1,0,115,63.85,63.85,0.0,288.263333,0.0
2019-01-11,1,0,116,0.0,0.0,0.0,0.0,0.0
2019-01-11,1,0,117,4.36,4.36,0.0,19.684074,0.0
2019-01-11,1,0,119,106.09,106.09,0.0,1769.039045,0.0
2019-01-11,1,0,120,62.38,62.38,0.0,1040.179617,0.0
2019-01-11,1,0,123,0.0,0.0,0.0,0.0,0.0
2019-01-11,1,0,125,162.54,162.54,0.0,958.914426,0.0
2019-01-11,1,0,126,0.0,0.0,0.0,0.0,0.0
2019-01-11,1,0,127,0.0,0.0,0.0,0.0,0.0
2019-01-11,1,0,128,232.8,232.8,0.0,1373.417488,0.0
2019-01-11,1,0,131,18.22,18.22,0.0,78.950532,0.0
2019-01-11,1,0,132,26.79,26.79,0.0,116.085881,0.0
2019-01-11,1,0,133,42.54,42.54,0.0,335.774049,0.0
2019-01-11,1,0,134,0.0,0.0,0.0,0.0,0.0
2019-01-11,1,0,135,57.0,57.0,0.0,449.90881,0.0
2019-01-11,1,0,136,5.86,5.86,0.0,46.1587,0.0
2019-01-11,1,0,139,137.09,137.09,0.0,898.983103,0.0
2019-01-11,1,0,140,121.4,121.4,0.0,274.755525,0.0
2019-01-11,1,0,141,91.18,91.18,0.0,339.861778,0.0
2019-01-11,1,0,142,0.0,0.0,0.0,0.0,0.0
2019-01-11,1,0,143,6.48,6.48,0.0,38.14728,0.0
2019-01-11,1,0,145,19.65,19.65,0.0,123.739158,0.0
2019-01-11,1,0,146,197.59,197.59,0.0,447.190645,0.0
2019-01-11,1,0,152,0.0,0.0,0.0,0.0,0.0
2019-01-11,1,0,153,0.0,0.0,0.0,0.0,0.0
2019-01-11,1,0,154,0.0,0.0,0.0,0.0,0.0
2019-01-11,1,0,157,61.97,61.97,0.0,230.985242,0.0
2019-01-11,1,0,158,0.0,0.0,0.0,0.0,0.0
2019-01-11,1,0,159,0.0,0.0,0.0,0.0,0.0
2019-01-11,1,0,160,0.0,0.0,0.0,0.0,0.0
2019-01-11,1,0,161,0.0,0.0,0.0,0.0,0.0
2019-01-11,1,0,162,12.67,12.67,0.0,200.157918,0.0
2019-01-11,1,0,163,40.28,40.28,0.0,91.162706,0.0
2019-01-11,1,0,164,0.0,0.0,0.0,0.0,0.0
2019-01-11,1,0,167,0.0,0.0,0.0,0.0,0.0
2019-01-11,1,0,168,0.0,0.0,0.0,0.0,0.0
2019-01-11,1,0,169,0.0,0.0,0.0,0.0,0.0
2019-01-11,1,0,170,0.0,0.0,0.0,0.0,0.0
2019-01-11,1,0,172,0.0,0.0,0.0,0.0,0.0
2019-01-11,1,0,173,0.0,0.0,0.0,0.0,0.0
2019-01-11,1,0,188,0.0,0.0,0.0,0.0,0.0
2019-01-11,1,0,190,0.0,0.0,0.0,0.0,0.0
2019-01-11,1,0,191,0.0,0.0,0.0,0.0,0.0
2019-01-11,1,0,192,58.35,58.35,0.0,972.979812,0.0
2019-01-11,1,0,194,176.5,176.5,0.0,831.60396,0.0
2019-01-11,1,0,196,0.0,0.0,0.0,0.0,0.0
2019-01-11,1,0,198,0.0,0.0,0.0,0.0,0.0
2019-01-11,1,0,199,20.51,20.51,0.0,170.831078,0.0
2019-01-11,1,0,200,0.0,0.0,0.0,0.0,0.0
2019-01-11,1,0,204,642.18,642.18,0.0,4458.209387,0.0
2019-01-11,1,0,205,729.53,729.53,0.0,5100.963847,0.0
2019-01-11,1,0,206,539.94,539.94,0.0,3171.45765,0.0
2019-01-11,1,0,210,0.0,0.0,0.0,0.0,0.0
2019-01-11,1,0,214,0.0,0.0,0.0,0.0,0.0
2019-01-11,1,0,217,0.0,0.0,0.0,0.0,0.0
2019-01-11,1,0,218,0.0,0.0,0.0,0.0,0.0
2019-01-11,1,0,219,0.0,0.0,0.0,0.0,0.0
2019-01-11,1,0,221,0.0,0.0,0.0,0.0,0.0
2019-01-11,1,0,225,0.0,0.0,0.0,0.0,0.0
2019-01-11,1,0,233,0.0,0.0,0.0,0.0,0.0
2019-01-11,1,0,236,14.82,14.82,0.0,114.101291,0.0
2019-01-11,1,0,237,36.51,36.51,0.0,272.977522,0.0
2019-01-11,1,0,238,0.0,0.0,0.0,0.0,0.0
2019-01-11,1,0,240,0.0,0.0,0.0,0.0,0.0
2019-01-11,1,0,245,24.38,24.38,0.0,193.668158,0.0
2019-01-11,1,0,247,25.74,25.74,0.0,204.471632,0.0
2019-01-11,1,0,248,3.66,3.66,0.0,27.365043,0.0
2019-01-11,1,0,249,46.89,46.89,0.0,372.48154,0.0
2019-01-11,1,0,251,47.15,47.15,0.0,370.339836,0.0
2019-01-11,1,0,252,25.74,25.74,0.0,202.771649,0.0
2019-01-11,1,0,254,0.0,0.0,0.0,0.0,0.0
2019-01-11,1,0,255,0.0,0.0,0.0,0.0,0.0
2019-01-11,1,0,258,0.0,0.0,0.0,0.0,0.0
2019-01-11,1,0,260,0.0,0.0,0.0,0.0,0.0
2019-01-11,1,0,265,0.0,0.0,0.0,0.0,0.0
2019-01-11,1,0,266,88.77,88.77,0.0,582.119265,0.0
2019-01-11,1,0,267,109.09,109.09,0.0,715.369952,0.0
2019-01-11,1,0,270,125.8,125.8,0.0,284.713716,0.0
2019-01-11,1,0,272,212.97,212.97,0.0,961.494784,0.0
2019-01-11,1,0,273,0.0,0.0,0.0,0.0,0.0
2019-01-11,1,0,274,162.17,162.17,0.0,367.027212,0.0
2019-01-11,1,0,275,225.74,225.74,0.0,510.900431,0.0
2019-01-11,1,0,276,0.0,0.0,0.0,0.0,0.0
2019-01-11,1,0,277,0.0,0.0,0.0,0.0,0.0
2019-01-11,1,0,278,0.0,0.0,0.0,0.0,0.0
2019-01-11,1,0,279,132.7,132.7,0.0,608.163653,0.0
2019-01-11,1,0,281,6.6,6.6,0.0,38.853711,0.0
2019-01-11,1,0,282,0.0,0.0,0.0,0.0,0.0
2019-01-11,2,0,9,0.0,0.0,0.0,0.0,0.0
2019-01-11,2,0,17,0.0,0.0,0.0,0.0,0.0
2019-01-11,2,0,19,288.41,288.41,0.0,2540.806455,0.0
2019-01-11,2,0,20,349.78,349.78,0.0,3081.457931,0.0
2019-01-11,2,0,21,0.0,0.0,0.0,0.0,0.0
2019-01-11,2,0,22,0.0,0.0,0.0,0.0,0.0
2019-01-11,2,0,23,66.92,66.92,0.0,467.045326,0.0
2019-01-11,2,0,24,118.41,118.41,0.0,826.402227,0.0
2019-01-11,2,0,29,0.0,0.0,0.0,0.0,0.0
2019-01-11,2,0,30,0.0,0.0,0.0,0.0,0.0
2019-01-11,2,0,31,2.5,2.5,0.0,17.418877,0.0
2019-01-11,2,0,32,0.0,0.0,0.0,0.0,0.0
2019-01-11,2,0,33,0.0,0.0,0.0,0.0,0.0
2019-01-11,2,0,34,0.0,0.0,0.0,0.0,0.0
2019-01-11,2,0,35,0.0,0.0,0.0,0.0,0.0
2019-01-11,2,0,36,0.0,0.0,0.0,0.0,0.0
2019-01-11,2,0,37,0.0,0.0,0.0,0.0,0.0
2019-01-11,2,0,38,0.0,0.0,0.0,0.0,0.0
2019-01-11,2,0,39,0.0,0.0,0.0,0.0,0.0
2019-01-11,2,0,40,0.0,0.0,0.0,0.0,0.0
2019-01-11,2,0,41,87.15,87.15,0.0,660.928199,0.0
2019-01-11,2,0,42,0.0,0.0,0.0,0.0,0.0
2019-01-11,2,0,43,0.0,0.0,0.0,0.0,0.0
2019-01-11,2,0,46,0.0,0.0,0.0,0.0,0.0
2019-01-11,2,0,52,2.65,2.65,0.0,18.464009,0.0
2019-01-11,2,0,53,4.22,4.22,0.0,29.403064,0.0
2019-01-11,2,0,55,179.82,179.82,0.0,1254.992386,0.0
2019-01-11,2,0,56,0.0,0.0,0.0,0.0,0.0
2019-01-11,2,0,57,0.0,0.0,0.0,0.0,0.0
2019-01-11,2,0,58,0.0,0.0,0.0,0.0,0.0
2019-01-11,2,0,59,0.0,0.0,0.0,0.0,0.0
2019-01-11,2,0,63,89.92,89.92,0.0,1507.77056,0.0
2019-01-11,2,0,64,105.78,105.78,0.0,1773.709628,0.0
2019-01-11,2,0,65,4.71,4.71,0.0,41.432593,0.0
2019-01-11,2,0,67,0.0,0.0,0.0,0.0,0.0
2019-01-11,2,0,68,2.39,2.39,0.0,12.401147,0.0
2019-01-11,2,0,69,0.0,0.0,0.0,0.0,0.0
2019-01-11,2,0,74,15.31,15.31,0.0,129.038339,0.0
2019-01-11,2,0,77,136.12,136.12,0.0,798.10334,0.0
2019-01-11,2,0,78,102.9,102.9,0.0,603.326724,0.0
2019-01-11,2,0,79,59.55,59.55,0.0,349.155553,0.0
2019-01-11,2,0,80,96.3,96.3,0.0,564.629383,0.0
2019-01-11,2,0,81,125.91,125.91,0.0,738.239726,0.0
2019-01-11,2,0,82,88.82,88.82,0.0,520.772397,0.0
2019-01-11,2,0,83,198.05,198.05,0.0,1161.213388,0.0
2019-01-11,2,0,84,0.0,0.0,0.0,0.0,0.0
2019-01-11,2,0,86,0.0,0.0,0.0,0.0,0.0
2019-01-11,2,0,87,0.0,0.0,0.0,0.0,0.0
2019-01-11,2,0,88,153.83,153.83,0.0,901.941204,0.0
2019-01-11,2,0,89,147.88,147.88,0.0,867.054965,0.0
2019-01-11,2,0,90,198.56,198.56,0.0,1164.203637,0.0
2019-01-11,2,0,91,708.29,708.29,0.0,4152.869633,0.0
2019-01-11,2,0,92,254.73,254.73,0.0,1493.541461,0.0
2019-01-11,2,0,95,14.96,14.96,0.0,237.276859,0.0
2019-01-11,2,0,96,24.1,24.1,0.0,167.625595,0.0
2019-01-11,2,0,97,148.23,148.23,0.0,1031.001743,0.0
2019-01-11,2,0,99,2.96,2.96,0.0,24.947974,0.0
2019-01-11,2,0,101,0.0,0.0,0.0,0.0,0.0
2019-01-11,2,0,102,5.66,5.66,0.0,29.368406,0.0
2019-01-11,2,0,103,4.92,4.92,0.0,25.52872,0.0
2019-01-11,2,0,104,0.91,0.91,0.0,4.721776,0.0
2019-01-11,2,0,106,0.0,0.0,0.0,0.0,0.0
2019-01-11,2,0,109,109.03,109.03,0.0,870.391254,0.0
2019-01-11,2,0,110,173.1,173.1,0.0,391.764262,0.0
2019-01-11,2,0,111,0.0,0.0,0.0,0.0,0.0
2019-01-11,2,0,113,55.88,55.88,0.0,322.085576,0.0
2019-01-11,2,0,115,55.88,55.88,0.0,322.085576,0.0
2019-01-11,2,0,116,0.0,0.0,0.0,0.0,0.0
2019-01-11,2,0,117,2.99,2.99,0.0,17.233999,0.0
2019-01-11,2,0,119,105.78,105.78,0.0,1773.709628,0.0
2019-01-11,2,0,120,62.2,62.2,0.0,1042.964066,0.0
2019-01-11,2,0,123,0.0,0.0,0.0,0.0,0.0
2019-01-11,2,0,125,107.15,107.15,0.0,747.816895,0.0
2019-01-11,2,0,126,0.0,0.0,0.0,0.0,0.0
2019-01-11,2,0,127,0.0,0.0,0.0,0.0,0.0
2019-01-11,2,0,128,153.47,153.47,0.0,1071.091544,0.0
2019-01-11,2,0,131,11.21,11.21,0.0,60.322111,0.0
2019-01-11,2,0,132,16.48,16.48,0.0,88.680498,0.0
2019-01-11,2,0,133,44.33,44.33,0.0,390.588323,0.0
2019-01-11,2,0,134,0.0,0.0,0.0,0.0,0.0
2019-01-11,2,0,135,59.4,59.4,0.0,523.368969,0.0
2019-01-11,2,0,136,7.49,7.49,0.0,65.882165,0.0
2019-01-11,2,0,139,112.54,112.54,0.0,853.480889,0.0
2019-01-11,2,0,140,128.12,128.12,0.0,289.964398,0.0
2019-01-11,2,0,141,88.39,88.39,0.0,394.979492,0.0
2019-01-11,2,0,142,0.0,0.0,0.0,0.0,0.0
2019-01-11,2,0,143,4.27,4.27,0.0,29.751442,0.0
2019-01-11,2,0,145,15.86,15.86,0.0,116.483549,0.0
2019-01-11,2,0,146,182.54,182.54,0.0,413.129107,0.0
2019-01-11,2,0,152,0.0,0.0,0.0,0.0,0.0
2019-01-11,2,0,153,0.0,0.0,0.0,0.0,0.0
2019-01-11,2,0,154,0.0,0.0,0.0,0.0,0.0
2019-01-11,2,0,157,67.01,67.01,0.0,299.440839,0.0
2019-01-11,2,0,158,0.0,0.0,0.0,0.0,0.0
2019-01-11,2,0,159,0.0,0.0,0.0,0.0,0.0
2019-01-11,2,0,160,0.0,0.0,0.0,0.0,0.0
2019-01-11,2,0,161,0.0,0.0,0.0,0.0,0.0
2019-01-11,2,0,162,14.96,14.96,0.0,237.465799,0.0
2019-01-11,2,0,163,40.83,40.83,0.0,92.40748,0.0
2019-01-11,2,0,164,0.0,0.0,0.0,0.0,0.0
2019-01-11,2,0,167,0.0,0.0,0.0,0.0,0.0
2019-01-11,2,0,168,0.0,0.0,0.0,0.0,0.0
2019-01-11,2,0,169,0.0,0.0,0.0,0.0,0.0
2019-01-11,2,0,170,0.0,0.0,0.0,0.0,0.0
2019-01-11,2,0,172,0.0,0.0,0.0,0.0,0.0
2019-01-11,2,0,173,0.0,0.0,0.0,0.0,0.0
2019-01-11,2,0,188,0.0,0.0,0.0,0.0,0.0
2019-01-11,2,0,190,0.0,0.0,0.0,0.0,0.0
2019-01-11,2,0,191,0.0,0.0,0.0,0.0,0.0
2019-01-11,2,0,192,65.49,65.49,0.0,1098.130493,0.0
2019-01-11,2,0,194,176.5,176.5,0.0,1095.578131,0.0
2019-01-11,2,0,196,0.0,0.0,0.0,0.0,0.0
2019-01-11,2,0,198,0.0,0.0,0.0,0.0,0.0
2019-01-11,2,0,199,8.93,8.93,0.0,83.071515,0.0
2019-01-11,2,0,200,0.0,0.0,0.0,0.0,0.0
2019-01-11,2,0,204,520.61,520.61,0.0,4132.221472,0.0
2019-01-11,2,0,205,535.25,535.25,0.0,4272.924136,0.0
2019-01-11,2,0,206,435.56,435.56,0.0,3029.502254,0.0
2019-01-11,2,0,210,0.0,0.0,0.0,0.0,0.0
2019-01-11,2,0,214,0.0,0.0,0.0,0.0,0.0
2019-01-11,2,0,217,0.0,0.0,0.0,0.0,0.0
2019-01-11,2,0,218,0.0,0.0,0.0,0.0,0.0
2019-01-11,2,0,219,0.0,0.0,0.0,0.0,0.0
2019-01-11,2,0,221,0.0,0.0,0.0,0.0,0.0
2019-01-11,2,0,225,0.0,0.0,0.0,0.0,0.0
2019-01-11,2,0,233,0.0,0.0,0.0,0.0,0.0
2019-01-11,2,0,236,16.09,16.09,0.0,138.899767,0.0
2019-01-11,2,0,237,36.73,36.73,0.0,309.574017,0.0
2019-01-11,2,0,238,0.0,0.0,0.0,0.0,0.0
2019-01-11,2,0,240,0.0,0.0,0.0,0.0,0.0
2019-01-11,2,0,245,23.64,23.64,0.0,209.389237,0.0
2019-01-11,2,0,247,26.77,26.77,0.0,237.112939,0.0
2019-01-11,2,0,248,3.69,3.69,0.0,31.100684,0.0
2019-01-11,2,0,249,45.45,45.45,0.0,402.569409,0.0
2019-01-11,2,0,251,51.06,51.06,0.0,448.07333,0.0
2019-01-11,2,0,252,30.38,30.38,0.0,267.244624,0.0
2019-01-11,2,0,254,0.0,0.0,0.0,0.0,0.0
2019-01-11,2,0,255,0.0,0.0,0.0,0.0,0.0
2019-01-11,2,0,258,0.0,0.0,0.0,0.0,0.0
2019-01-11,2,0,260,0.0,0.0,0.0,0.0,0.0
2019-01-11,2,0,265,0.0,0.0,0.0,0.0,0.0
2019-01-11,2,0,266,72.88,72.88,0.0,552.707368,0.0
2019-01-11,2,0,267,89.55,89.55,0.0,679.12932,0.0
2019-01-11,2,0,270,127.51,127.51,0.0,288.583831,0.0
2019-01-11,2,0,272,241.04,241.04,0.0,1389.325468,0.0
2019-01-11,2,0,273,0.0,0.0,0.0,0.0,0.0
2019-01-11,2,0,274,164.38,164.38,0.0,372.028939,0.0
2019-01-11,2,0,275,228.81,228.81,0.0,517.848532,0.0
2019-01-11,2,0,276,0.0,0.0,0.0,0.0,0.0
2019-01-11,2,0,277,0.0,0.0,0.0,0.0,0.0
2019-01-11,2,0,278,0.0,0.0,0.0,0.0,0.0
2019-01-11,2,0,279,103.97,103.97,0.0,603.411936,0.0
2019-01-11,2,0,281,1.12,1.12,0.0,7.803657,0.0
2019-01-11,2,0,282,0.0,0.0,0.0,0.0,0.0
2019-01-11,3,0,9,0.0,0.0,0.0,0.0,0.0
2019-01-11,3,0,17,0.0,0.0,0.0,0.0,0.0
2019-01-11,3,0,19,299.4,299.4,0.0,2938.891739,0.0
2019-01-11,3,0,20,363.12,363.12,0.0,3564.363288,0.0
2019-01-11,3,0,21,0.0,0.0,0.0,0.0,0.0
2019-01-11,3,0,22,0.0,0.0,0.0,0.0,0.0
2019-01-11,3,0,23,46.71,46.71,0.0,403.473009,0.0
2019-01-11,3,0,24,82.65,82.65,0.0,713.916595,0.0
2019-01-11,3,0,29,0.0,0.0,0.0,0.0,0.0
2019-01-11,3,0,30,0.0,0.0,0.0,0.0,0.0
2019-01-11,3,0,31,1.18,1.18,0.0,10.183823,0.0
2019-01-11,3,0,32,0.0,0.0,0.0,0.0,0.0
2019-01-11,3,0,33,0.0,0.0,0.0,0.0,0.0
2019-01-11,3,0,34,0.0,0.0,0.0,0.0,0.0
2019-01-11,3,0,35,0.0,0.0,0.0,0.0,0.0
2019-01-11,3,0,36,0.0,0.0,0.0,0.0,0.0
2019-01-11,3,0,37,0.0,0.0,0.0,0.0,0.0
2019-01-11,3,0,38,0.0,0.0,0.0,0.0,0.0
2019-01-11,3,0,39,0.0,0.0,0.0,0.0,0.0
2019-01-11,3,0,40,0.0,0.0,0.0,0.0,0.0
2019-01-11,3,0,41,70.32,70.32,0.0,634.776293,0.0
2019-01-11,3,0,42,0.0,0.0,0.0,0.0,0.0
2019-01-11,3,0,43,0.0,0.0,0.0,0.0,0.0
2019-01-11,3,0,46,0.0,0.0,0.0,0.0,0.0
2019-01-11,3,0,52,1.25,1.25,0.0,10.787948,0.0
2019-01-11,3,0,53,1.99,1.99,0.0,17.174413,0.0
2019-01-11,3,0,55,123.58,123.58,0.0,1067.462951,0.0
2019-01-11,3,0,56,0.0,0.0,0.0,0.0,0.0
2019-01-11,3,0,57,0.0,0.0,0.0,0.0,0.0
2019-01-11,3,0,58,0.0,0.0,0.0,0.0,0.0
2019-01-11,3,0,59,0.0,0.0,0.0,0.0,0.0
2019-01-11,3,0,63,89.67,89.67,0.0,1315.258916,0.0
2019-01-11,3,0,64,105.5,105.5,0.0,1547.449712,0.0
2019-01-11,3,0,65,5.68,5.68,0.0,55.707098,0.0
2019-01-11,3,0,67,0.0,0.0,0.0,0.0,0.0
2019-01-11,3,0,68,1.62,1.62,0.0,11.213519,0.0
2019-01-11,3,0,69,0.0,0.0,0.0,0.0,0.0
2019-01-11,3,0,74,15.55,15.55,0.0,148.82155,0.0
2019-01-11,3,0,77,89.62,89.62,0.0,709.757937,0.0
2019-01-11,3,0,78,67.75,67.75,0.0,536.555459,0.0
2019-01-11,3,0,79,39.21,39.21,0.0,310.528997,0.0
2019-01-11,3,0,80,63.4,63.4,0.0,502.105035,0.0
2019-01-11,3,0,81,82.9,82.9,0.0,656.537971,0.0
2019-01-11,3,0,82,58.48,58.48,0.0,463.140417,0.0
2019-01-11,3,0,83,130.39,130.39,0.0,1032.641569,0.0
2019-01-11,3,0,84,0.0,0.0,0.0,0.0,0.0
2019-01-11,3,0,86,0.0,0.0,0.0,0.0,0.0
2019-01-11,3,0,87,0.0,0.0,0.0,0.0,0.0
2019-01-11,3,0,88,114.37,114.37,0.0,905.768972,0.0
2019-01-11,3,0,89,109.95,109.95,0.0,870.764173,0.0
2019-01-11,3,0,90,147.62,147.62,0.0,1169.096928,0.0
2019-01-11,3,0,91,526.6,526.6,0.0,4170.48125,0.0
2019-01-11,3,0,92,189.39,189.39,0.0,1499.900197,0.0
2019-01-11,3,0,95,18.13,18.13,0.0,251.436456,0.0
2019-01-11,3,0,96,16.53,16.53,0.0,142.530761,0.0
2019-01-11,3,0,97,101.62,101.62,0.0,876.223587,0.0
2019-01-11,3,0,99,3.0,3.0,0.0,28.711553,0.0
2019-01-11,3,0,101,0.0,0.0,0.0,0.0,0.0
2019-01-11,3,0,102,3.83,3.83,0.0,26.510974,0.0
2019-01-11,3,0,103,3.33,3.33,0.0,23.050012,0.0
2019-01-11,3,0,104,0.62,0.62,0.0,4.291594,0.0
2019-01-11,3,0,106,0.0,0.0,0.0,0.0,0.0
2019-01-11,3,0,109,89.06,89.06,0.0,826.825306,0.0
2019-01-11,3,0,110,186.23,186.23,0.0,426.264153,0.0
2019-01-11,3,0,111,0.0,0.0,0.0,0.0,0.0
2019-01-11,3,0,113,37.08,37.08,0.0,296.399976,0.0
2019-01-11,3,0,115,37.08,37.08,0.0,296.399976,0.0
2019-01-11,3,0,116,0.0,0.0,0.0,0.0,0.0
2019-01-11,3,0,117,1.9,1.9,0.0,15.187701,0.0
2019-01-11,3,0,119,105.5,105.5,0.0,1547.449712,0.0
2019-01-11,3,0,120,62.03,62.03,0.0,909.84176,0.0
2019-01-11,3,0,123,0.0,0.0,0.0,0.0,0.0
2019-01-11,3,0,125,74.79,74.79,0.0,646.023257,0.0
2019-01-11,3,0,126,0.0,0.0,0.0,0.0,0.0
2019-01-11,3,0,127,0.0,0.0,0.0,0.0,0.0
2019-01-11,3,0,128,107.12,107.12,0.0,925.28428,0.0
2019-01-11,3,0,131,6.48,6.48,0.0,46.82781,0.0
2019-01-11,3,0,132,9.52,9.52,0.0,68.796412,0.0
2019-01-11,3,0,133,26.1,26.1,0.0,256.216506,0.0
2019-01-11,3,0,134,0.0,0.0,0.0,0.0,0.0
2019-01-11,3,0,135,34.93,34.93,0.0,342.898182,0.0
2019-01-11,3,0,136,9.68,9.68,0.0,94.933012,0.0
2019-01-11,3,0,139,90.81,90.81,0.0,819.738839,0.0
2019-01-11,3,0,140,137.83,137.83,0.0,315.480794,0.0
2019-01-11,3,0,141,93.24,93.24,0.0,539.061497,0.0
2019-01-11,3,0,142,0.0,0.0,0.0,0.0,0.0
2019-01-11,3,0,143,3.39,3.39,0.0,29.256915,0.0
2019-01-11,3,0,145,12.61,12.61,0.0,111.887872,0.0
2019-01-11,3,0,146,170.08,170.08,0.0,389.298218,0.0
2019-01-11,3,0,152,0.0,0.0,0.0,0.0,0.0
2019-01-11,3,0,153,0.0,0.0,0.0,0.0,0.0
2019-01-11,3,0,154,0.0,0.0,0.0,0.0,0.0
2019-01-11,3,0,157,77.31,77.31,0.0,446.963152,0.0
2019-01-11,3,0,158,0.0,0.0,0.0,0.0,0.0
2019-01-11,3,0,159,0.0,0.0,0.0,0.0,0.0
2019-01-11,3,0,160,0.0,0.0,0.0,0.0,0.0
2019-01-11,3,0,161,0.0,0.0,0.0,0.0,0.0
2019-01-11,3,0,162,17.7,17.7,0.0,245.64878,0.0
2019-01-11,3,0,163,41.57,41.57,0.0,95.150088,0.0
2019-01-11,3,0,164,0.0,0.0,0.0,0.0,0.0
2019-01-11,3,0,167,0.0,0.0,0.0,0.0,0.0
2019-01-11,3,0,168,0.0,0.0,0.0,0.0,0.0
2019-01-11,3,0,169,0.0,0.0,0.0,0.0,0.0
2019-01-11,3,0,170,0.0,0.0,0.0,0.0,0.0
2019-01-11,3,0,172,0.0,0.0,0.0,0.0,0.0
2019-01-11,3,0,173,0.0,0.0,0.0,0.0,0.0
2019-01-11,3,0,188,0.0,0.0,0.0,0.0,0.0
2019-01-11,3,0,190,0.0,0.0,0.0,0.0,0.0
2019-01-11,3,0,191,0.0,0.0,0.0,0.0,0.0
2019-01-11,3,0,192,74.09,74.09,0.0,1086.735063,0.0
2019-01-11,3,0,194,167.17,167.17,0.0,1489.717973,0.0
2019-01-11,3,0,196,0.0,0.0,0.0,0.0,0.0
2019-01-11,3,0,198,0.0,0.0,0.0,0.0,0.0
2019-01-11,3,0,199,9.68,9.68,0.0,100.210971,0.0
2019-01-11,3,0,200,0.0,0.0,0.0,0.0,0.0
2019-01-11,3,0,204,416.18,416.18,0.0,3851.518305,0.0
2019-01-11,3,0,205,471.13,471.13,0.0,4373.930005,0.0
2019-01-11,3,0,206,298.62,298.62,0.0,2574.866045,0.0
2019-01-11,3,0,210,0.0,0.0,0.0,0.0,0.0
2019-01-11,3,0,214,0.0,0.0,0.0,0.0,0.0
2019-01-11,3,0,217,0.0,0.0,0.0,0.0,0.0
2019-01-11,3,0,218,0.0,0.0,0.0,0.0,0.0
2019-01-11,3,0,219,0.0,0.0,0.0,0.0,0.0
2019-01-11,3,0,221,0.0,0.0,0.0,0.0,0.0
2019-01-11,3,0,225,0.0,0.0,0.0,0.0,0.0
2019-01-11,3,0,233,0.0,0.0,0.0,0.0,0.0
2019-01-11,3,0,236,17.49,17.49,0.0,169.688091,0.0
2019-01-11,3,0,237,37.31,37.31,0.0,357.076015,0.0
2019-01-11,3,0,238,0.0,0.0,0.0,0.0,0.0
2019-01-11,3,0,240,0.0,0.0,0.0,0.0,0.0
2019-01-11,3,0,245,22.75,22.75,0.0,224.011125,0.0
2019-01-11,3,0,247,27.94,27.94,0.0,275.115201,0.0
2019-01-11,3,0,248,3.74,3.74,0.0,35.793736,0.0
2019-01-11,3,0,249,43.76,43.76,0.0,430.889091,0.0
2019-01-11,3,0,251,56.6,56.6,0.0,554.333524,0.0
2019-01-11,3,0,252,36.64,36.64,0.0,359.350014,0.0
2019-01-11,3,0,254,0.0,0.0,0.0,0.0,0.0
2019-01-11,3,0,255,0.0,0.0,0.0,0.0,0.0
2019-01-11,3,0,258,0.0,0.0,0.0,0.0,0.0
2019-01-11,3,0,260,0.0,0.0,0.0,0.0,0.0
2019-01-11,3,0,265,0.0,0.0,0.0,0.0,0.0
2019-01-11,3,0,266,58.8,58.8,0.0,530.785637,0.0
2019-01-11,3,0,267,72.26,72.26,0.0,652.288608,0.0
2019-01-11,3,0,270,129.81,129.81,0.0,297.123716,0.0
2019-01-11,3,0,272,151.46,151.46,0.0,1210.699577,0.0
2019-01-11,3,0,273,0.0,0.0,0.0,0.0,0.0
2019-01-11,3,0,274,167.34,167.34,0.0,383.026598,0.0
2019-01-11,3,0,275,232.94,232.94,0.0,533.17925,0.0
2019-01-11,3,0,276,0.0,0.0,0.0,0.0,0.0
2019-01-11,3,0,277,0.0,0.0,0.0,0.0,0.0
2019-01-11,3,0,278,0.0,0.0,0.0,0.0,0.0
2019-01-11,3,0,279,80.31,80.31,0.0,639.581092,0.0
2019-01-11,3,0,281,0.53,0.53,0.0,4.57409,0.0
2019-01-11,3,0,282,0.0,0.0,0.0,0.0,0.0
2019-01-11,4,0,9,0.0,0.0,0.0,0.0,0.0
2019-01-11,4,0,17,0.0,0.0,0.0,0.0,0.0
2019-01-11,4,0,19,310.46,310.46,0.0,3299.039107,0.0
2019-01-11,4,0,20,376.53,376.53,0.0,4001.118324,0.0
2019-01-11,4,0,21,0.0,0.0,0.0,0.0,0.0
2019-01-11,4,0,22,0.0,0.0,0.0,0.0,0.0
2019-01-11,4,0,23,33.73,33.73,0.0,324.825513,0.0
2019-01-11,4,0,24,55.74,55.74,0.0,536.785476,0.0
2019-01-11,4,0,29,0.0,0.0,0.0,0.0,0.0
2019-01-11,4,0,30,0.0,0.0,0.0,0.0,0.0
2019-01-11,4,0,31,1.88,1.88,0.0,18.092837,0.0
2019-01-11,4,0,32,0.0,0.0,0.0,0.0,0.0
2019-01-11,4,0,33,0.0,0.0,0.0,0.0,0.0
2019-01-11,4,0,34,0.0,0.0,0.0,0.0,0.0
2019-01-11,4,0,35,0.0,0.0,0.0,0.0,0.0
2019-01-11,4,0,36,0.0,0.0,0.0,0.0,0.0
2019-01-11,4,0,37,0.0,0.0,0.0,0.0,0.0
2019-01-11,4,0,38,0.0,0.0,0.0,0.0,0.0
2019-01-11,4,0,39,0.0,0.0,0.0,0.0,0.0
2019-01-11,4,0,40,0.0,0.0,0.0,0.0,0.0
2019-01-11,4,0,41,55.99,55.99,0.0,557.615276,0.0
2019-01-11,4,0,42,0.0,0.0,0.0,0.0,0.0
2019-01-11,4,0,43,0.0,0.0,0.0,0.0,0.0
2019-01-11,4,0,46,0.0,0.0,0.0,0.0,0.0
2019-01-11,4,0,52,2.0,2.0,0.0,19.247699,0.0
2019-01-11,4,0,53,3.17,3.17,0.0,30.507603,0.0
2019-01-11,4,0,55,122.74,122.74,0.0,1182.006626,0.0
2019-01-11,4,0,56,0.0,0.0,0.0,0.0,0.0
2019-01-11,4,0,57,0.0,0.0,0.0,0.0,0.0
2019-01-11,4,0,58,0.0,0.0,0.0,0.0,0.0
2019-01-11,4,0,59,0.0,0.0,0.0,0.0,0.0
2019-01-11,4,0,63,89.71,89.71,0.0,1306.890376,0.0
2019-01-11,4,0,64,105.54,105.54,0.0,1537.500951,0.0
2019-01-11,4,0,65,6.98,6.98,0.0,74.122249,0.0
2019-01-11,4,0,67,0.0,0.0,0.0,0.0,0.0
2019-01-11,4,0,68,1.05,1.05,0.0,8.235914,0.0
2019-01-11,4,0,69,0.0,0.0,0.0,0.0,0.0
2019-01-11,4,0,74,15.68,15.68,0.0,163.366523,0.0
2019-01-11,4,0,77,56.24,56.24,0.0,507.448635,0.0
2019-01-11,4,0,78,42.51,42.51,0.0,383.564038,0.0
2019-01-11,4,0,79,24.6,24.6,0.0,221.963663,0.0
2019-01-11,4,0,80,39.79,39.79,0.0,359.021714,0.0
2019-01-11,4,0,81,52.02,52.02,0.0,469.371941,0.0
2019-01-11,4,0,82,36.69,36.69,0.0,331.050683,0.0
2019-01-11,4,0,83,81.82,81.82,0.0,738.254753,0.0
2019-01-11,4,0,84,0.0,0.0,0.0,0.0,0.0
2019-01-11,4,0,86,0.0,0.0,0.0,0.0,0.0
2019-01-11,4,0,87,0.0,0.0,0.0,0.0,0.0
2019-01-11,4,0,88,82.76,82.76,0.0,746.736291,0.0
2019-01-11,4,0,89,79.56,79.56,0.0,717.862969,0.0
2019-01-11,4,0,90,106.82,106.82,0.0,963.827581,0.0
2019-01-11,4,0,91,381.05,381.05,0.0,3438.181051,0.0
2019-01-11,4,0,92,137.04,137.04,0.0,1236.500016,0.0
2019-01-11,4,0,95,51.26,51.26,0.0,705.538041,0.0
2019-01-11,4,0,96,10.98,10.98,0.0,105.59738,0.0
2019-01-11,4,0,97,67.54,67.54,0.0,649.548911,0.0
2019-01-11,4,0,99,3.03,3.03,0.0,31.568914,0.0
2019-01-11,4,0,101,0.0,0.0,0.0,0.0,0.0
2019-01-11,4,0,102,2.49,2.49,0.0,19.530883,0.0
2019-01-11,4,0,103,2.16,2.16,0.0,16.942453,0.0
2019-01-11,4,0,104,0.4,0.4,0.0,3.137491,0.0
2019-01-11,4,0,106,0.0,0.0,0.0,0.0,0.0
2019-01-11,4,0,109,70.16,70.16,0.0,713.979756,0.0
2019-01-11,4,0,110,203.26,203.26,0.0,465.244331,0.0
2019-01-11,4,0,111,0.0,0.0,0.0,0.0,0.0
2019-01-11,4,0,113,16.17,16.17,0.0,148.237727,0.0
2019-01-11,4,0,115,16.17,16.17,0.0,148.237727,0.0
2019-01-11,4,0,116,0.0,0.0,0.0,0.0,0.0
2019-01-11,4,0,117,1.08,1.08,0.0,9.90085,0.0
2019-01-11,4,0,119,105.54,105.54,0.0,1537.500951,0.0
2019-01-11,4,0,120,62.06,62.06,0.0,904.086688,0.0
2019-01-11,4,0,123,0.0,0.0,0.0,0.0,0.0
2019-01-11,4,0,125,51.14,51.14,0.0,492.48671,0.0
2019-01-11,4,0,126,0.0,0.0,0.0,0.0,0.0
2019-01-11,4,0,127,0.0,0.0,0.0,0.0,0.0
2019-01-11,4,0,128,69.46,69.46,0.0,668.911359,0.0
2019-01-11,4,0,131,3.55,3.55,0.0,29.141661,0.0
2019-01-11,4,0,132,5.21,5.21,0.0,42.768466,0.0
2019-01-11,4,0,133,38.56,38.56,0.0,409.77553,0.0
2019-01-11,4,0,134,0.0,0.0,0.0,0.0,0.0
2019-01-11,4,0,135,53.19,53.19,0.0,565.247936,0.0
2019-01-11,4,0,136,12.51,12.51,0.0,132.841762,0.0
2019-01-11,4,0,139,72.3,72.3,0.0,720.049731,0.0
2019-01-11,4,0,140,150.44,150.44,0.0,344.343979,0.0
2019-01-11,4,0,141,107.05,107.05,0.0,693.290867,0.0
2019-01-11,4,0,142,0.0,0.0,0.0,0.0,0.0
2019-01-11,4,0,143,5.65,5.65,0.0,54.37475,0.0
2019-01-11,4,0,145,9.86,9.86,0.0,96.913609,0.0
2019-01-11,4,0,146,162.21,162.21,0.0,371.284477,0.0
2019-01-11,4,0,152,0.0,0.0,0.0,0.0,0.0
2019-01-11,4,0,153,0.0,0.0,0.0,0.0,0.0
2019-01-11,4,0,154,0.0,0.0,0.0,0.0,0.0
2019-01-11,4,0,157,94.69,94.69,0.0,613.243458,0.0
2019-01-11,4,0,158,0.0,0.0,0.0,0.0,0.0
2019-01-11,4,0,159,0.0,0.0,0.0,0.0,0.0
2019-01-11,4,0,160,0.0,0.0,0.0,0.0,0.0
2019-01-11,4,0,161,0.0,0.0,0.0,0.0,0.0
2019-01-11,4,0,162,20.98,20.98,0.0,288.965548,0.0
2019-01-11,4,0,163,42.26,42.26,0.0,96.729437,0.0
2019-01-11,4,0,164,0.0,0.0,0.0,0.0,0.0
2019-01-11,4,0,167,0.0,0.0,0.0,0.0,0.0
2019-01-11,4,0,168,0.0,0.0,0.0,0.0,0.0
2019-01-11,4,0,169,0.0,0.0,0.0,0.0,0.0
2019-01-11,4,0,170,0.0,0.0,0.0,0.0,0.0
2019-01-11,4,0,172,0.0,0.0,0.0,0.0,0.0
2019-01-11,4,0,173,0.0,0.0,0.0,0.0,0.0
2019-01-11,4,0,188,0.0,0.0,0.0,0.0,0.0
2019-01-11,4,0,190,0.0,0.0,0.0,0.0,0.0
2019-01-11,4,0,191,0.0,0.0,0.0,0.0,0.0
2019-01-11,4,0,192,83.41,83.41,0.0,1215.112321,0.0
2019-01-11,4,0,194,145.06,145.06,0.0,1497.04055,0.0
2019-01-11,4,0,196,0.0,0.0,0.0,0.0,0.0
2019-01-11,4,0,198,0.0,0.0,0.0,0.0,0.0
2019-01-11,4,0,199,10.64,10.64,0.0,119.278838,0.0
2019-01-11,4,0,200,0.0,0.0,0.0,0.0,0.0
2019-01-11,4,0,204,328.78,328.78,0.0,3337.623641,0.0
2019-01-11,4,0,205,371.13,371.13,0.0,3776.786014,0.0
2019-01-11,4,0,206,198.48,198.48,0.0,1908.831327,0.0
2019-01-11,4,0,210,0.0,0.0,0.0,0.0,0.0
2019-01-11,4,0,214,0.0,0.0,0.0,0.0,0.0
2019-01-11,4,0,217,0.0,0.0,0.0,0.0,0.0
2019-01-11,4,0,218,0.0,0.0,0.0,0.0,0.0
2019-01-11,4,0,219,0.0,0.0,0.0,0.0,0.0
2019-01-11,4,0,221,0.0,0.0,0.0,0.0,0.0
2019-01-11,4,0,225,0.0,0.0,0.0,0.0,0.0
2019-01-11,4,0,233,0.0,0.0,0.0,0.0,0.0
2019-01-11,4,0,236,19.12,19.12,0.0,201.332856,0.0
2019-01-11,4,0,237,37.63,37.63,0.0,392.058818,0.0
2019-01-11,4,0,238,0.0,0.0,0.0,0.0,0.0
2019-01-11,4,0,240,0.0,0.0,0.0,0.0,0.0
2019-01-11,4,0,245,22.07,22.07,0.0,235.095285,0.0
2019-01-11,4,0,247,29.14,29.14,0.0,310.406733,0.0
2019-01-11,4,0,248,3.78,3.78,0.0,39.383001,0.0
2019-01-11,4,0,249,42.44,42.44,0.0,452.081735,0.0
2019-01-11,4,0,251,63.17,63.17,0.0,670.084738,0.0
2019-01-11,4,0,252,45.04,45.04,0.0,478.290275,0.0
2019-01-11,4,0,254,0.0,0.0,0.0,0.0,0.0
2019-01-11,4,0,255,0.0,0.0,0.0,0.0,0.0
2019-01-11,4,0,258,0.0,0.0,0.0,0.0,0.0
2019-01-11,4,0,260,0.0,0.0,0.0,0.0,0.0
2019-01-11,4,0,265,0.0,0.0,0.0,0.0,0.0
2019-01-11,4,0,266,46.82,46.82,0.0,466.289466,0.0
2019-01-11,4,0,267,57.53,57.53,0.0,572.952435,0.0
2019-01-11,4,0,270,131.97,131.97,0.0,302.067767,0.0
2019-01-11,4,0,272,54.04,54.04,0.0,495.409199,0.0
2019-01-11,4,0,273,0.0,0.0,0.0,0.0,0.0
2019-01-11,4,0,274,170.13,170.13,0.0,389.412663,0.0
2019-01-11,4,0,275,236.83,236.83,0.0,542.083119,0.0
2019-01-11,4,0,276,0.0,0.0,0.0,0.0,0.0
2019-01-11,4,0,277,0.0,0.0,0.0,0.0,0.0
2019-01-11,4,0,278,0.0,0.0,0.0,0.0,0.0
2019-01-11,4,0,279,60.23,60.23,0.0,548.66549,0.0
2019-01-11,4,0,281,0.84,0.84,0.0,8.084034,0.0
2019-01-11,4,0,282,0.0,0.0,0.0,0.0,0.0
2019-01-11,5,0,9,0.0,0.0,0.0,0.0,0.0
2019-01-11,5,0,17,0.0,0.0,0.0,0.0,0.0
2019-01-11,5,0,19,363.52,363.52,0.0,3828.904613,0.0
2019-01-11,5,0,20,440.88,440.88,0.0,4643.726524,0.0
2019-01-11,5,0,21,0.0,0.0,0.0,0.0,0.0
2019-01-11,5,0,22,0.0,0.0,0.0,0.0,0.0
2019-01-11,5,0,23,38.07,38.07,0.0,280.830617,0.0
2019-01-11,5,0,24,67.36,67.36,0.0,496.893889,0.0
2019-01-11,5,0,29,0.0,0.0,0.0,0.0,0.0
2019-01-11,5,0,30,0.0,0.0,0.0,0.0,0.0
2019-01-11,5,0,31,1.39,1.39,0.0,10.229515,0.0
2019-01-11,5,0,32,0.0,0.0,0.0,0.0,0.0
2019-01-11,5,0,33,0.0,0.0,0.0,0.0,0.0
2019-01-11,5,0,34,0.0,0.0,0.0,0.0,0.0
2019-01-11,5,0,35,0.0,0.0,0.0,0.0,0.0
2019-01-11,5,0,36,0.0,0.0,0.0,0.0,0.0
2019-01-11,5,0,37,0.0,0.0,0.0,0.0,0.0
2019-01-11,5,0,38,0.0,0.0,0.0,0.0,0.0
2019-01-11,5,0,39,0.0,0.0,0.0,0.0,0.0
2019-01-11,5,0,40,0.0,0.0,0.0,0.0,0.0
2019-01-11,5,0,41,56.47,56.47,0.0,469.386966,0.0
2019-01-11,5,0,42,0.0,0.0,0.0,0.0,0.0
2019-01-11,5,0,43,0.0,0.0,0.0,0.0,0.0
2019-01-11,5,0,46,0.0,0.0,0.0,0.0,0.0
2019-01-11,5,0,52,1.47,1.47,0.0,10.818264,0.0
2019-01-11,5,0,53,2.34,2.34,0.0,17.220909,0.0
2019-01-11,5,0,55,59.92,59.92,0.0,442.01131,0.0
2019-01-11,5,0,56,0.0,0.0,0.0,0.0,0.0
2019-01-11,5,0,57,0.0,0.0,0.0,0.0,0.0
2019-01-11,5,0,58,0.0,0.0,0.0,0.0,0.0
2019-01-11,5,0,59,0.0,0.0,0.0,0.0,0.0
2019-01-11,5,0,63,121.07,121.07,0.0,2087.133223,0.0
2019-01-11,5,0,64,142.43,142.43,0.0,2455.359585,0.0
2019-01-11,5,0,65,7.15,7.15,0.0,75.109628,0.0
2019-01-11,5,0,67,0.0,0.0,0.0,0.0,0.0
2019-01-11,5,0,68,1.89,1.89,0.0,9.521062,0.0
2019-01-11,5,0,69,0.0,0.0,0.0,0.0,0.0
2019-01-11,5,0,74,14.93,14.93,0.0,145.331192,0.0
2019-01-11,5,0,77,73.77,73.77,0.0,421.826185,0.0
2019-01-11,5,0,78,55.77,55.77,0.0,318.899909,0.0
2019-01-11,5,0,79,32.28,32.28,0.0,184.58112,0.0
2019-01-11,5,0,80,52.19,52.19,0.0,298.429017,0.0
2019-01-11,5,0,81,68.24,68.24,0.0,390.204946,0.0
2019-01-11,5,0,82,48.14,48.14,0.0,275.270605,0.0
2019-01-11,5,0,83,107.34,107.34,0.0,613.783688,0.0
2019-01-11,5,0,84,0.0,0.0,0.0,0.0,0.0
2019-01-11,5,0,86,0.0,0.0,0.0,0.0,0.0
2019-01-11,5,0,87,0.0,0.0,0.0,0.0,0.0
2019-01-11,5,0,88,88.23,88.23,0.0,504.510292,0.0
2019-01-11,5,0,89,84.82,84.82,0.0,485.011481,0.0
2019-01-11,5,0,90,113.88,113.88,0.0,651.180235,0.0
2019-01-11,5,0,91,406.24,406.24,0.0,2322.931669,0.0
2019-01-11,5,0,92,146.1,146.1,0.0,835.418267,0.0
2019-01-11,5,0,95,25.02,25.02,0.0,407.270314,0.0
2019-01-11,5,0,96,8.4,8.4,0.0,61.666532,0.0
2019-01-11,5,0,97,51.67,51.67,0.0,379.322583,0.0
2019-01-11,5,0,99,2.88,2.88,0.0,28.034416,0.0
2019-01-11,5,0,101,0.0,0.0,0.0,0.0,0.0
2019-01-11,5,0,102,4.47,4.47,0.0,22.518068,0.0
2019-01-11,5,0,103,3.89,3.89,0.0,19.59626,0.0
2019-01-11,5,0,104,0.72,0.72,0.0,3.627071,0.0
2019-01-11,5,0,106,0.0,0.0,0.0,0.0,0.0
2019-01-11,5,0,109,85.09,85.09,0.0,752.988265,0.0
2019-01-11,5,0,110,170.76,170.76,0.0,385.943674,0.0
2019-01-11,5,0,111,0.0,0.0,0.0,0.0,0.0
2019-01-11,5,0,113,46.71,46.71,0.0,256.52082,0.0
2019-01-11,5,0,115,46.71,46.71,0.0,256.52082,0.0
2019-01-11,5,0,116,0.0,0.0,0.0,0.0,0.0
2019-01-11,5,0,117,2.25,2.25,0.0,12.356494,0.0
2019-01-11,5,0,119,142.43,142.43,0.0,2455.359585,0.0
2019-01-11,5,0,120,83.75,83.75,0.0,1443.771433,0.0
2019-01-11,5,0,123,0.0,0.0,0.0,0.0,0.0
2019-01-11,5,0,125,60.96,60.96,0.0,449.683068,0.0
2019-01-11,5,0,126,0.0,0.0,0.0,0.0,0.0
2019-01-11,5,0,127,0.0,0.0,0.0,0.0,0.0
2019-01-11,5,0,128,87.31,87.31,0.0,644.05887,0.0
2019-01-11,5,0,131,6.5,6.5,0.0,33.931279,0.0
2019-01-11,5,0,132,9.55,9.55,0.0,49.852879,0.0
2019-01-11,5,0,133,19.95,19.95,0.0,210.183178,0.0
2019-01-11,5,0,134,0.0,0.0,0.0,0.0,0.0
2019-01-11,5,0,135,28.43,28.43,0.0,299.524198,0.0
2019-01-11,5,0,136,13.87,13.87,0.0,145.680842,0.0
2019-01-11,5,0,139,72.93,72.93,0.0,606.204913,0.0
2019-01-11,5,0,140,126.38,126.38,0.0,285.638098,0.0
2019-01-11,5,0,141,111.14,111.14,0.0,483.891254,0.0
2019-01-11,5,0,142,0.0,0.0,0.0,0.0,0.0
2019-01-11,5,0,143,6.85,6.85,0.0,50.411637,0.0
2019-01-11,5,0,145,7.86,7.86,0.0,62.196381,0.0
2019-01-11,5,0,146,108.5,108.5,0.0,245.226567,0.0
2019-01-11,5,0,152,0.0,0.0,0.0,0.0,0.0
2019-01-11,5,0,153,0.0,0.0,0.0,0.0,0.0
2019-01-11,5,0,154,0.0,0.0,0.0,0.0,0.0
2019-01-11,5,0,157,73.15,73.15,0.0,318.487001,0.0
2019-01-11,5,0,158,0.0,0.0,0.0,0.0,0.0
2019-01-11,5,0,159,0.0,0.0,0.0,0.0,0.0
2019-01-11,5,0,160,0.0,0.0,0.0,0.0,0.0
2019-01-11,5,0,161,0.0,0.0,0.0,0.0,0.0
2019-01-11,5,0,162,21.81,21.81,0.0,355.316595,0.0
2019-01-11,5,0,163,56.08,56.08,0.0,126.749363,0.0
2019-01-11,5,0,164,0.0,0.0,0.0,0.0,0.0
2019-01-11,5,0,167,0.0,0.0,0.0,0.0,0.0
2019-01-11,5,0,168,0.0,0.0,0.0,0.0,0.0
2019-01-11,5,0,169,0.0,0.0,0.0,0.0,0.0
2019-01-11,5,0,170,0.0,0.0,0.0,0.0,0.0
2019-01-11,5,0,172,0.0,0.0,0.0,0.0,0.0
2019-01-11,5,0,173,0.0,0.0,0.0,0.0,0.0
2019-01-11,5,0,188,0.0,0.0,0.0,0.0,0.0
2019-01-11,5,0,190,0.0,0.0,0.0,0.0,0.0
2019-01-11,5,0,191,0.0,0.0,0.0,0.0,0.0
2019-01-11,5,0,192,101.0,101.0,0.0,1741.145251,0.0
2019-01-11,5,0,194,153.24,153.24,0.0,887.184844,0.0
2019-01-11,5,0,196,0.0,0.0,0.0,0.0,0.0
2019-01-11,5,0,198,0.0,0.0,0.0,0.0,0.0
2019-01-11,5,0,199,12.31,12.31,0.0,108.04256,0.0
2019-01-11,5,0,200,0.0,0.0,0.0,0.0,0.0
2019-01-11,5,0,204,400.43,400.43,0.0,3510.214451,0.0
2019-01-11,5,0,205,450.12,450.12,0.0,3983.253943,0.0
2019-01-11,5,0,206,151.82,151.82,0.0,1114.54915,0.0
2019-01-11,5,0,210,0.0,0.0,0.0,0.0,0.0
2019-01-11,5,0,214,0.0,0.0,0.0,0.0,0.0
2019-01-11,5,0,217,0.0,0.0,0.0,0.0,0.0
2019-01-11,5,0,218,0.0,0.0,0.0,0.0,0.0
2019-01-11,5,0,219,0.0,0.0,0.0,0.0,0.0
2019-01-11,5,0,221,0.0,0.0,0.0,0.0,0.0
2019-01-11,5,0,225,0.0,0.0,0.0,0.0,0.0
2019-01-11,5,0,233,0.0,0.0,0.0,0.0,0.0
2019-01-11,5,0,236,20.57,20.57,0.0,208.719549,0.0
2019-01-11,5,0,237,35.83,35.83,0.0,348.775392,0.0
2019-01-11,5,0,238,0.0,0.0,0.0,0.0,0.0
2019-01-11,5,0,240,0.0,0.0,0.0,0.0,0.0
2019-01-11,5,0,245,23.83,23.83,0.0,253.45297,0.0
2019-01-11,5,0,247,29.87,29.87,0.0,317.693672,0.0
2019-01-11,5,0,248,3.6,3.6,0.0,35.04302,0.0
2019-01-11,5,0,249,45.83,45.83,0.0,487.442283,0.0
2019-01-11,5,0,251,55.26,55.26,0.0,577.955886,0.0
2019-01-11,5,0,252,46.13,46.13,0.0,484.588413,0.0
2019-01-11,5,0,254,0.0,0.0,0.0,0.0,0.0
2019-01-11,5,0,255,0.0,0.0,0.0,0.0,0.0
2019-01-11,5,0,258,0.0,0.0,0.0,0.0,0.0
2019-01-11,5,0,260,0.0,0.0,0.0,0.0,0.0
2019-01-11,5,0,265,0.0,0.0,0.0,0.0,0.0
2019-01-11,5,0,266,47.22,47.22,0.0,392.499602,0.0
2019-01-11,5,0,267,58.03,58.03,0.0,482.353916,0.0
2019-01-11,5,0,270,175.13,175.13,0.0,395.820542,0.0
2019-01-11,5,0,272,160.56,160.56,0.0,881.759427,0.0
2019-01-11,5,0,273,0.0,0.0,0.0,0.0,0.0
2019-01-11,5,0,274,225.76,225.76,0.0,510.252073,0.0
2019-01-11,5,0,275,314.26,314.26,0.0,710.275586,0.0
2019-01-11,5,0,276,0.0,0.0,0.0,0.0,0.0
2019-01-11,5,0,277,0.0,0.0,0.0,0.0,0.0
2019-01-11,5,0,278,0.0,0.0,0.0,0.0,0.0
2019-01-11,5,0,279,83.3,83.3,0.0,465.02417,0.0
2019-01-11,5,0,281,0.62,0.62,0.0,4.562805,0.0
2019-01-11,5,0,282,0.0,0.0,0.0,0.0,0.0
2019-01-11,6,0,9,0.0,0.0,0.0,0.0,0.0
2019-01-11,6,0,17,0.0,0.0,0.0,0.0,0.0
2019-01-11,6,0,19,423.26,423.26,0.0,4225.124617,0.0
2019-01-11,6,0,20,513.33,513.33,0.0,5124.23385,0.0
2019-01-11,6,0,21,0.0,0.0,0.0,0.0,0.0
2019-01-11,6,0,22,0.0,0.0,0.0,0.0,0.0
2019-01-11,6,0,23,39.92,39.92,0.0,276.742143,0.0
2019-01-11,6,0,24,70.63,70.63,0.0,489.636712,0.0
2019-01-11,6,0,29,0.0,0.0,0.0,0.0,0.0
2019-01-11,6,0,30,0.0,0.0,0.0,0.0,0.0
2019-01-11,6,0,31,1.66,1.66,0.0,11.478262,0.0
2019-01-11,6,0,32,0.0,0.0,0.0,0.0,0.0
2019-01-11,6,0,33,0.0,0.0,0.0,0.0,0.0
2019-01-11,6,0,34,0.0,0.0,0.0,0.0,0.0
2019-01-11,6,0,35,0.0,0.0,0.0,0.0,0.0
2019-01-11,6,0,36,0.0,0.0,0.0,0.0,0.0
2019-01-11,6,0,37,0.0,0.0,0.0,0.0,0.0
2019-01-11,6,0,38,0.0,0.0,0.0,0.0,0.0
2019-01-11,6,0,39,0.0,0.0,0.0,0.0,0.0
2019-01-11,6,0,40,0.0,0.0,0.0,0.0,0.0
2019-01-11,6,0,41,57.32,57.32,0.0,451.598747,0.0
2019-01-11,6,0,42,0.0,0.0,0.0,0.0,0.0
2019-01-11,6,0,43,0.0,0.0,0.0,0.0,0.0
2019-01-11,6,0,46,0.0,0.0,0.0,0.0,0.0
2019-01-11,6,0,52,1.76,1.76,0.0,12.169723,0.0
2019-01-11,6,0,53,2.8,2.8,0.0,19.360923,0.0
2019-01-11,6,0,55,16.43,16.43,0.0,113.899634,0.0
2019-01-11,6,0,56,0.0,0.0,0.0,0.0,0.0
2019-01-11,6,0,57,0.0,0.0,0.0,0.0,0.0
2019-01-11,6,0,58,0.0,0.0,0.0,0.0,0.0
2019-01-11,6,0,59,0.0,0.0,0.0,0.0,0.0
2019-01-11,6,0,63,158.97,158.97,0.0,3053.810705,0.0
2019-01-11,6,0,64,187.03,187.03,0.0,3592.842776,0.0
2019-01-11,6,0,65,7.33,7.33,0.0,72.988406,0.0
2019-01-11,6,0,67,0.0,0.0,0.0,0.0,0.0
2019-01-11,6,0,68,3.09,3.09,0.0,14.293455,0.0
2019-01-11,6,0,69,0.0,0.0,0.0,0.0,0.0
2019-01-11,6,0,74,14.29,14.29,0.0,132.413489,0.0
2019-01-11,6,0,77,94.82,94.82,0.0,495.444338,0.0
2019-01-11,6,0,78,71.68,71.68,0.0,374.535437,0.0
2019-01-11,6,0,79,41.48,41.48,0.0,216.737304,0.0
2019-01-11,6,0,80,67.09,67.09,0.0,350.552211,0.0
2019-01-11,6,0,81,87.71,87.71,0.0,458.293851,0.0
2019-01-11,6,0,82,61.87,61.87,0.0,323.27717,0.0
2019-01-11,6,0,83,137.96,137.96,0.0,720.855314,0.0
2019-01-11,6,0,84,0.0,0.0,0.0,0.0,0.0
2019-01-11,6,0,86,0.0,0.0,0.0,0.0,0.0
2019-01-11,6,0,87,0.0,0.0,0.0,0.0,0.0
2019-01-11,6,0,88,94.76,94.76,0.0,495.130832,0.0
2019-01-11,6,0,89,91.09,91.09,0.0,475.954701,0.0
2019-01-11,6,0,90,122.31,122.31,0.0,639.082441,0.0
2019-01-11,6,0,91,436.29,436.29,0.0,2279.660519,0.0
2019-01-11,6,0,92,156.91,156.91,0.0,819.871031,0.0
2019-01-11,6,0,95,28.51,28.51,0.0,554.399182,0.0
2019-01-11,6,0,96,6.36,6.36,0.0,43.858621,0.0
2019-01-11,6,0,97,39.11,39.11,0.0,269.702936,0.0
2019-01-11,6,0,99,2.76,2.76,0.0,25.574614,0.0
2019-01-11,6,0,101,0.0,0.0,0.0,0.0,0.0
2019-01-11,6,0,102,7.31,7.31,0.0,33.813966,0.0
2019-01-11,6,0,103,6.35,6.35,0.0,29.373281,0.0
2019-01-11,6,0,104,1.18,1.18,0.0,5.458342,0.0
2019-01-11,6,0,106,0.0,0.0,0.0,0.0,0.0
2019-01-11,6,0,109,102.03,102.03,0.0,862.88827,0.0
2019-01-11,6,0,110,150.35,150.35,0.0,339.813958,0.0
2019-01-11,6,0,111,0.0,0.0,0.0,0.0,0.0
2019-01-11,6,0,113,74.05,74.05,0.0,367.832241,0.0
2019-01-11,6,0,115,74.05,74.05,0.0,367.832241,0.0
2019-01-11,6,0,116,0.0,0.0,0.0,0.0,0.0
2019-01-11,6,0,117,2.94,2.94,0.0,14.604008,0.0
2019-01-11,6,0,119,187.03,187.03,0.0,3592.842776,0.0
2019-01-11,6,0,120,109.97,109.97,0.0,2112.521628,0.0
2019-01-11,6,0,123,0.0,0.0,0.0,0.0,0.0
2019-01-11,6,0,125,63.92,63.92,0.0,443.120184,0.0
2019-01-11,6,0,126,0.0,0.0,0.0,0.0,0.0
2019-01-11,6,0,127,0.0,0.0,0.0,0.0,0.0
2019-01-11,6,0,128,91.55,91.55,0.0,634.662904,0.0
2019-01-11,6,0,131,10.78,10.78,0.0,51.54169,0.0
2019-01-11,6,0,132,15.84,15.84,0.0,75.734728,0.0
2019-01-11,6,0,133,18.88,18.88,0.0,188.510751,0.0
2019-01-11,6,0,134,0.0,0.0,0.0,0.0,0.0
2019-01-11,6,0,135,25.29,25.29,0.0,252.512547,0.0
2019-01-11,6,0,136,15.3,15.3,0.0,152.328734,0.0
2019-01-11,6,0,139,74.02,74.02,0.0,583.170608,0.0
2019-01-11,6,0,140,111.27,111.27,0.0,251.48719,0.0
2019-01-11,6,0,141,116.6,116.6,0.0,471.459927,0.0
2019-01-11,6,0,142,0.0,0.0,0.0,0.0,0.0
2019-01-11,6,0,143,11.16,11.16,0.0,77.167108,0.0
2019-01-11,6,0,145,6.18,6.18,0.0,46.27307,0.0
2019-01-11,6,0,146,73.23,73.23,0.0,165.510982,0.0
2019-01-11,6,0,152,0.0,0.0,0.0,0.0,0.0
2019-01-11,6,0,153,0.0,0.0,0.0,0.0,0.0
2019-01-11,6,0,154,0.0,0.0,0.0,0.0,0.0
2019-01-11,6,0,157,55.32,55.32,0.0,223.680645,0.0
2019-01-11,6,0,158,0.0,0.0,0.0,0.0,0.0
2019-01-11,6,0,159,0.0,0.0,0.0,0.0,0.0
2019-01-11,6,0,160,0.0,0.0,0.0,0.0,0.0
2019-01-11,6,0,161,0.0,0.0,0.0,0.0,0.0
2019-01-11,6,0,162,23.24,23.24,0.0,452.302656,0.0
2019-01-11,6,0,163,74.19,74.19,0.0,167.680728,0.0
2019-01-11,6,0,164,0.0,0.0,0.0,0.0,0.0
2019-01-11,6,0,167,0.0,0.0,0.0,0.0,0.0
2019-01-11,6,0,168,0.0,0.0,0.0,0.0,0.0
2019-01-11,6,0,169,0.0,0.0,0.0,0.0,0.0
2019-01-11,6,0,170,0.0,0.0,0.0,0.0,0.0
2019-01-11,6,0,172,0.0,0.0,0.0,0.0,0.0
2019-01-11,6,0,173,0.0,0.0,0.0,0.0,0.0
2019-01-11,6,0,188,0.0,0.0,0.0,0.0,0.0
2019-01-11,6,0,190,0.0,0.0,0.0,0.0,0.0
2019-01-11,6,0,191,0.0,0.0,0.0,0.0,0.0
2019-01-11,6,0,192,121.0,121.0,0.0,2324.40772,0.0
2019-01-11,6,0,194,161.76,161.76,0.0,834.732655,0.0
2019-01-11,6,0,196,0.0,0.0,0.0,0.0,0.0
2019-01-11,6,0,198,0.0,0.0,0.0,0.0,0.0
2019-01-11,6,0,199,14.14,14.14,0.0,130.304893,0.0
2019-01-11,6,0,200,0.0,0.0,0.0,0.0,0.0
2019-01-11,6,0,204,484.61,484.61,0.0,4060.297675,0.0
2019-01-11,6,0,205,539.75,539.75,0.0,4564.774513,0.0
2019-01-11,6,0,206,114.93,114.93,0.0,792.558385,0.0
2019-01-11,6,0,210,0.0,0.0,0.0,0.0,0.0
2019-01-11,6,0,214,0.0,0.0,0.0,0.0,0.0
2019-01-11,6,0,217,0.0,0.0,0.0,0.0,0.0
2019-01-11,6,0,218,0.0,0.0,0.0,0.0,0.0
2019-01-11,6,0,219,0.0,0.0,0.0,0.0,0.0
2019-01-11,6,0,221,0.0,0.0,0.0,0.0,0.0
2019-01-11,6,0,225,0.0,0.0,0.0,0.0,0.0
2019-01-11,6,0,233,0.0,0.0,0.0,0.0,0.0
2019-01-11,6,0,236,21.95,21.95,0.0,211.622515,0.0
2019-01-11,6,0,237,34.27,34.27,0.0,317.551454,0.0
2019-01-11,6,0,238,0.0,0.0,0.0,0.0,0.0
2019-01-11,6,0,240,0.0,0.0,0.0,0.0,0.0
2019-01-11,6,0,245,25.67,25.67,0.0,258.592187,0.0
2019-01-11,6,0,247,30.86,30.86,0.0,310.874753,0.0
2019-01-11,6,0,248,3.44,3.44,0.0,31.875606,0.0
2019-01-11,6,0,249,49.37,49.37,0.0,497.339162,0.0
2019-01-11,6,0,251,48.87,48.87,0.0,484.628846,0.0
2019-01-11,6,0,252,47.25,47.25,0.0,470.491428,0.0
2019-01-11,6,0,254,0.0,0.0,0.0,0.0,0.0
2019-01-11,6,0,255,0.0,0.0,0.0,0.0,0.0
2019-01-11,6,0,258,0.0,0.0,0.0,0.0,0.0
2019-01-11,6,0,260,0.0,0.0,0.0,0.0,0.0
2019-01-11,6,0,265,0.0,0.0,0.0,0.0,0.0
2019-01-11,6,0,266,47.93,47.93,0.0,377.61912,0.0
2019-01-11,6,0,267,58.9,58.9,0.0,464.046863,0.0
2019-01-11,6,0,270,231.7,231.7,0.0,523.67738,0.0
2019-01-11,6,0,272,261.31,261.31,0.0,1298.018135,0.0
2019-01-11,6,0,273,0.0,0.0,0.0,0.0,0.0
2019-01-11,6,0,274,298.7,298.7,0.0,675.10761,0.0
2019-01-11,6,0,275,415.79,415.79,0.0,939.748889,0.0
2019-01-11,6,0,276,0.0,0.0,0.0,0.0,0.0
2019-01-11,6,0,277,0.0,0.0,0.0,0.0,0.0
2019-01-11,6,0,278,0.0,0.0,0.0,0.0,0.0
2019-01-11,6,0,279,113.33,113.33,0.0,574.661006,0.0
2019-01-11,6,0,281,0.75,0.75,0.0,5.185962,0.0
2019-01-11,6,0,282,0.0,0.0,0.0,0.0,0.0
2019-01-11,7,0,9,0.0,0.0,0.0,0.0,0.0
2019-01-11,7,0,17,0.0,0.0,0.0,0.0,0.0
2019-01-11,7,0,19,488.56,488.56,0.0,2800.451567,0.0
2019-01-11,7,0,20,592.52,592.52,0.0,3396.355745,0.0
2019-01-11,7,0,21,0.0,0.0,0.0,0.0,0.0
2019-01-11,7,0,22,0.0,0.0,0.0,0.0,0.0
2019-01-11,7,0,23,43.18,43.18,0.0,292.146765,0.0
2019-01-11,7,0,24,76.4,76.4,0.0,516.906272,0.0
2019-01-11,7,0,29,0.0,0.0,0.0,0.0,0.0
2019-01-11,7,0,30,0.0,0.0,0.0,0.0,0.0
2019-01-11,7,0,31,6.93,6.93,0.0,46.761708,0.0
2019-01-11,7,0,32,0.0,0.0,0.0,0.0,0.0
2019-01-11,7,0,33,0.0,0.0,0.0,0.0,0.0
2019-01-11,7,0,34,0.0,0.0,0.0,0.0,0.0
2019-01-11,7,0,35,0.0,0.0,0.0,0.0,0.0
2019-01-11,7,0,36,0.0,0.0,0.0,0.0,0.0
2019-01-11,7,0,37,0.0,0.0,0.0,0.0,0.0
2019-01-11,7,0,38,0.0,0.0,0.0,0.0,0.0
2019-01-11,7,0,39,0.0,0.0,0.0,0.0,0.0
2019-01-11,7,0,40,0.0,0.0,0.0,0.0,0.0
2019-01-11,7,0,41,43.13,43.13,0.0,332.515786,0.0
2019-01-11,7,0,42,0.0,0.0,0.0,0.0,0.0
2019-01-11,7,0,43,0.0,0.0,0.0,0.0,0.0
2019-01-11,7,0,46,0.0,0.0,0.0,0.0,0.0
2019-01-11,7,0,52,7.35,7.35,0.0,49.595751,0.0
2019-01-11,7,0,53,11.68,11.68,0.0,78.813384,0.0
2019-01-11,7,0,55,12.2,12.2,0.0,82.542625,0.0
2019-01-11,7,0,56,0.0,0.0,0.0,0.0,0.0
2019-01-11,7,0,57,0.0,0.0,0.0,0.0,0.0
2019-01-11,7,0,58,0.0,0.0,0.0,0.0,0.0
2019-01-11,7,0,59,0.0,0.0,0.0,0.0,0.0
2019-01-11,7,0,63,170.0,170.0,0.0,3478.679954,0.0
2019-01-11,7,0,64,200.0,200.0,0.0,4092.564651,0.0
2019-01-11,7,0,65,7.49,7.49,0.0,57.347943,0.0
2019-01-11,7,0,67,0.0,0.0,0.0,-0.0,0.0
2019-01-11,7,0,68,4.71,4.71,0.0,9.613075,0.0
2019-01-11,7,0,69,0.0,0.0,0.0,0.0,0.0
2019-01-11,7,0,74,13.56,13.56,0.0,122.535123,0.0
2019-01-11,7,0,77,119.82,119.82,0.0,602.636939,0.0
2019-01-11,7,0,78,90.59,90.59,0.0,455.624105,0.0
2019-01-11,7,0,79,52.42,52.42,0.0,263.647374,0.0
2019-01-11,7,0,80,84.77,84.77,0.0,426.352306,0.0
2019-01-11,7,0,81,110.84,110.84,0.0,557.47186,0.0
2019-01-11,7,0,82,78.18,78.18,0.0,393.207777,0.0
2019-01-11,7,0,83,174.34,174.34,0.0,876.846302,0.0
2019-01-11,7,0,84,0.0,0.0,0.0,0.0,0.0
2019-01-11,7,0,86,0.0,0.0,0.0,0.0,0.0
2019-01-11,7,0,87,0.0,0.0,0.0,0.0,0.0
2019-01-11,7,0,88,102.63,102.63,0.0,516.179511,0.0
2019-01-11,7,0,89,98.66,98.66,0.0,496.212322,0.0
2019-01-11,7,0,90,132.47,132.47,0.0,666.260351,0.0
2019-01-11,7,0,91,472.55,472.55,0.0,2376.699095,0.0
2019-01-11,7,0,92,169.95,169.95,0.0,854.766715,0.0
2019-01-11,7,0,95,32.37,32.37,0.0,629.459892,0.0
2019-01-11,7,0,96,4.71,4.71,0.0,31.692831,0.0
2019-01-11,7,0,97,28.94,28.94,0.0,194.732595,0.0
2019-01-11,7,0,99,2.62,2.62,0.0,23.675665,0.0
2019-01-11,7,0,101,0.0,0.0,0.0,0.0,0.0
2019-01-11,7,0,102,11.16,11.16,0.0,22.777478,0.0
2019-01-11,7,0,103,9.7,9.7,0.0,19.797629,0.0
2019-01-11,7,0,104,1.8,1.8,0.0,3.673787,0.0
2019-01-11,7,0,106,0.0,0.0,0.0,0.0,0.0
2019-01-11,7,0,109,121.24,121.24,0.0,1009.463324,0.0
2019-01-11,7,0,110,138.82,138.82,0.0,-1662.027902,0.0
2019-01-11,7,0,111,0.0,0.0,0.0,0.0,0.0
2019-01-11,7,0,113,50.14,50.14,0.0,268.205399,0.0
2019-01-11,7,0,115,50.14,50.14,0.0,268.205399,0.0
2019-01-11,7,0,116,0.0,0.0,0.0,-0.0,0.0
2019-01-11,7,0,117,2.06,2.06,0.0,11.019209,0.0
2019-01-11,7,0,119,200.0,200.0,0.0,4092.564651,0.0
2019-01-11,7,0,120,117.6,117.6,0.0,2406.428015,0.0
2019-01-11,7,0,123,0.0,0.0,0.0,0.0,0.0
2019-01-11,7,0,125,69.14,69.14,0.0,467.786645,0.0
2019-01-11,7,0,126,0.0,0.0,0.0,0.0,0.0
2019-01-11,7,0,127,0.0,0.0,0.0,0.0,0.0
2019-01-11,7,0,128,99.02,99.02,0.0,669.948417,0.0
2019-01-11,7,0,131,16.61,16.61,0.0,49.203555,0.0
2019-01-11,7,0,132,24.41,24.41,0.0,72.309378,0.0
2019-01-11,7,0,133,21.33,21.33,0.0,211.751375,0.0
2019-01-11,7,0,134,0.0,0.0,0.0,0.0,0.0
2019-01-11,7,0,135,28.57,28.57,0.0,283.625729,0.0
2019-01-11,7,0,136,16.85,16.85,0.0,130.793998,0.0
2019-01-11,7,0,139,55.7,55.7,0.0,429.425673,0.0
2019-01-11,7,0,140,102.75,102.75,0.0,-1230.178411,0.0
2019-01-11,7,0,141,123.54,123.54,0.0,-174.024211,0.0
2019-01-11,7,0,142,0.0,0.0,0.0,-0.0,0.0
2019-01-11,7,0,143,11.54,11.54,0.0,77.868703,0.0
2019-01-11,7,0,145,4.84,4.84,0.0,35.494859,0.0
2019-01-11,7,0,146,51.76,51.76,0.0,-619.698633,0.0
2019-01-11,7,0,152,0.0,0.0,0.0,0.0,0.0
2019-01-11,7,0,153,0.0,0.0,0.0,0.0,0.0
2019-01-11,7,0,154,0.0,0.0,0.0,0.0,0.0
2019-01-11,7,0,157,40.33,40.33,0.0,-56.810721,0.0
2019-01-11,7,0,158,0.0,0.0,0.0,-0.0,0.0
2019-01-11,7,0,159,0.0,0.0,0.0,0.0,0.0
2019-01-11,7,0,160,0.0,0.0,0.0,0.0,0.0
2019-01-11,7,0,161,0.0,0.0,0.0,0.0,0.0
2019-01-11,7,0,162,25.34,25.34,0.0,493.419346,0.0
2019-01-11,7,0,163,96.19,96.19,0.0,-1151.638553,0.0
2019-01-11,7,0,164,0.0,0.0,0.0,0.0,0.0
2019-01-11,7,0,167,0.0,0.0,0.0,0.0,0.0
2019-01-11,7,0,168,0.0,0.0,0.0,0.0,0.0
2019-01-11,7,0,169,0.0,0.0,0.0,0.0,0.0
2019-01-11,7,0,170,0.0,0.0,0.0,0.0,0.0
2019-01-11,7,0,172,0.0,0.0,0.0,0.0,0.0
2019-01-11,7,0,173,0.0,0.0,0.0,0.0,0.0
2019-01-11,7,0,188,0.0,0.0,0.0,0.0,0.0
2019-01-11,7,0,190,0.0,0.0,0.0,0.0,0.0
2019-01-11,7,0,191,0.0,0.0,0.0,0.0,0.0
2019-01-11,7,0,192,144.21,144.21,0.0,2950.943742,0.0
2019-01-11,7,0,194,170.78,170.78,0.0,1402.974485,0.0
2019-01-11,7,0,196,0.0,0.0,0.0,0.0,0.0
2019-01-11,7,0,198,0.0,0.0,0.0,0.0,0.0
2019-01-11,7,0,199,16.29,16.29,0.0,178.211854,0.0
2019-01-11,7,0,200,0.0,0.0,0.0,0.0,0.0
2019-01-11,7,0,204,577.18,577.18,0.0,4763.810418,0.0
2019-01-11,7,0,205,641.35,641.35,0.0,5339.981053,0.0
2019-01-11,7,0,206,85.04,85.04,0.0,572.220451,0.0
2019-01-11,7,0,210,0.0,0.0,0.0,0.0,0.0
2019-01-11,7,0,214,0.0,0.0,0.0,0.0,0.0
2019-01-11,7,0,217,0.0,0.0,0.0,0.0,0.0
2019-01-11,7,0,218,0.0,0.0,0.0,0.0,0.0
2019-01-11,7,0,219,0.0,0.0,0.0,0.0,0.0
2019-01-11,7,0,221,0.0,0.0,0.0,0.0,0.0
2019-01-11,7,0,225,0.0,0.0,0.0,0.0,0.0
2019-01-11,7,0,233,0.0,0.0,0.0,0.0,0.0
2019-01-11,7,0,236,23.5,23.5,0.0,220.13204,0.0
2019-01-11,7,0,237,32.52,32.52,0.0,293.867419,0.0
2019-01-11,7,0,238,0.0,0.0,0.0,0.0,0.0
2019-01-11,7,0,240,0.0,0.0,0.0,0.0,0.0
2019-01-11,7,0,245,27.9,27.9,0.0,260.787801,0.0
2019-01-11,7,0,247,31.76,31.76,0.0,296.868121,0.0
2019-01-11,7,0,248,3.26,3.26,0.0,29.459034,0.0
2019-01-11,7,0,249,53.65,53.65,0.0,501.479051,0.0
2019-01-11,7,0,251,42.57,42.57,0.0,351.070643,0.0
2019-01-11,7,0,252,48.29,48.29,0.0,369.737274,0.0
2019-01-11,7,0,254,0.0,0.0,0.0,0.0,0.0
2019-01-11,7,0,255,0.0,0.0,0.0,0.0,0.0
2019-01-11,7,0,258,0.0,0.0,0.0,0.0,0.0
2019-01-11,7,0,260,0.0,0.0,0.0,0.0,0.0
2019-01-11,7,0,265,0.0,0.0,0.0,0.0,0.0
2019-01-11,7,0,266,36.06,36.06,0.0,278.008793,0.0
2019-01-11,7,0,267,44.32,44.32,0.0,341.69023,0.0
2019-01-11,7,0,270,300.39,300.39,0.0,-3596.431073,0.0
2019-01-11,7,0,272,178.41,178.41,0.0,954.338357,0.0
2019-01-11,7,0,273,0.0,0.0,0.0,-0.0,0.0
2019-01-11,7,0,274,387.23,387.23,0.0,-4636.126384,0.0
2019-01-11,7,0,275,539.03,539.03,0.0,-6453.557846,0.0
2019-01-11,7,0,276,0.0,0.0,0.0,-0.0,0.0
2019-01-11,7,0,277,0.0,0.0,0.0,0.0,0.0
2019-01-11,7,0,278,0.0,0.0,0.0,0.0,0.0
2019-01-11,7,0,279,151.98,151.98,0.0,793.486508,0.0
2019-01-11,7,0,281,3.11,3.11,0.0,20.985413,0.0
2019-01-11,7,0,282,0.0,0.0,0.0,0.0,0.0
2019-01-11,8,0,9,0.0,0.0,0.0,0.0,0.0
2019-01-11,8,0,17,0.0,0.0,0.0,0.0,0.0
2019-01-11,8,0,19,530.55,530.55,0.0,2954.888801,0.0
2019-01-11,8,0,20,660.3,660.3,0.0,3677.529122,0.0
2019-01-11,8,0,21,0.0,0.0,0.0,0.0,0.0
2019-01-11,8,0,22,0.0,0.0,0.0,0.0,0.0
2019-01-11,8,0,23,85.96,85.96,0.0,250.176272,0.0
2019-01-11,8,0,24,152.1,152.1,0.0,442.668811,0.0
2019-01-11,8,0,29,0.0,0.0,0.0,0.0,0.0
2019-01-11,8,0,30,0.0,0.0,0.0,0.0,0.0
2019-01-11,8,0,31,5.32,5.32,0.0,15.27097,0.0
2019-01-11,8,0,32,0.0,0.0,0.0,0.0,0.0
2019-01-11,8,0,33,0.0,0.0,0.0,0.0,0.0
2019-01-11,8,0,34,0.0,0.0,0.0,0.0,0.0
2019-01-11,8,0,35,0.0,0.0,0.0,0.0,0.0
2019-01-11,8,0,36,0.0,0.0,0.0,0.0,0.0
2019-01-11,8,0,37,0.0,0.0,0.0,0.0,0.0
2019-01-11,8,0,38,0.0,0.0,0.0,0.0,0.0
2019-01-11,8,0,39,0.0,0.0,0.0,0.0,0.0
2019-01-11,8,0,40,0.0,0.0,0.0,0.0,0.0
2019-01-11,8,0,41,20.83,20.83,0.0,104.746245,0.0
2019-01-11,8,0,42,0.0,0.0,0.0,0.0,0.0
2019-01-11,8,0,43,0.0,0.0,0.0,0.0,0.0
2019-01-11,8,0,46,0.0,0.0,0.0,0.0,0.0
2019-01-11,8,0,52,5.64,5.64,0.0,16.189524,0.0
2019-01-11,8,0,53,8.96,8.96,0.0,25.719528,0.0
2019-01-11,8,0,55,40.82,40.82,0.0,118.801715,0.0
2019-01-11,8,0,56,0.0,0.0,0.0,0.0,0.0
2019-01-11,8,0,57,0.0,0.0,0.0,0.0,0.0
2019-01-11,8,0,58,0.0,0.0,0.0,0.0,0.0
2019-01-11,8,0,59,0.0,0.0,0.0,0.0,0.0
2019-01-11,8,0,63,96.01,96.01,0.0,2610.427411,0.0
2019-01-11,8,0,64,112.86,112.86,0.0,3068.564083,0.0
2019-01-11,8,0,65,11.18,11.18,0.0,84.682433,0.0
2019-01-11,8,0,67,0.0,0.0,0.0,-0.0,0.0
2019-01-11,8,0,68,6.6,6.6,0.0,-66.693325,0.0
2019-01-11,8,0,69,0.0,0.0,0.0,0.0,0.0
2019-01-11,8,0,74,15.5,15.5,0.0,125.968092,0.0
2019-01-11,8,0,77,137.55,137.55,0.0,-126.027405,0.0
2019-01-11,8,0,78,103.86,103.86,0.0,-95.159624,0.0
2019-01-11,8,0,79,59.91,59.91,0.0,-54.891326,0.0
2019-01-11,8,0,80,97.17,97.17,0.0,-89.030047,0.0
2019-01-11,8,0,81,127.2,127.2,0.0,-116.544427,0.0
2019-01-11,8,0,82,89.58,89.58,0.0,-82.075863,0.0
2019-01-11,8,0,83,200.39,200.39,0.0,-183.603284,0.0
2019-01-11,8,0,84,0.0,0.0,0.0,0.0,0.0
2019-01-11,8,0,86,0.0,0.0,0.0,0.0,0.0
2019-01-11,8,0,87,0.0,0.0,0.0,0.0,0.0
2019-01-11,8,0,88,115.18,115.18,0.0,-105.531345,0.0
2019-01-11,8,0,89,111.16,111.16,0.0,-101.848102,0.0
2019-01-11,8,0,90,145.04,145.04,0.0,-132.889966,0.0
2019-01-11,8,0,91,454.68,454.68,0.0,-416.591353,0.0
2019-01-11,8,0,92,181.94,181.94,0.0,-166.698845,0.0
2019-01-11,8,0,95,36.0,36.0,0.0,783.989321,0.0
2019-01-11,8,0,96,10.8,10.8,0.0,30.550896,0.0
2019-01-11,8,0,97,66.43,66.43,0.0,187.916296,0.0
2019-01-11,8,0,99,2.99,2.99,0.0,24.299651,0.0
2019-01-11,8,0,101,0.0,0.0,0.0,0.0,0.0
2019-01-11,8,0,102,15.62,15.62,0.0,-157.840869,0.0
2019-01-11,8,0,103,13.58,13.58,0.0,-137.226569,0.0
2019-01-11,8,0,104,2.52,2.52,0.0,-25.464724,0.0
2019-01-11,8,0,106,0.0,0.0,0.0,0.0,0.0
2019-01-11,8,0,109,157.44,157.44,0.0,996.462353,0.0
2019-01-11,8,0,110,143.97,143.97,0.0,-7729.406105,0.0
2019-01-11,8,0,111,0.0,0.0,0.0,0.0,0.0
2019-01-11,8,0,113,126.63,126.63,0.0,53.765206,0.0
2019-01-11,8,0,115,126.63,126.63,0.0,53.765206,0.0
2019-01-11,8,0,116,0.0,0.0,0.0,-0.0,0.0
2019-01-11,8,0,117,6.55,6.55,0.0,2.781032,0.0
2019-01-11,8,0,119,112.86,112.86,0.0,3068.564083,0.0
2019-01-11,8,0,120,66.59,66.59,0.0,1810.523501,0.0
2019-01-11,8,0,123,0.0,0.0,0.0,0.0,0.0
2019-01-11,8,0,125,137.64,137.64,0.0,400.584715,0.0
2019-01-11,8,0,126,0.0,0.0,0.0,0.0,0.0
2019-01-11,8,0,127,0.0,0.0,0.0,0.0,0.0
2019-01-11,8,0,128,197.13,197.13,0.0,573.723226,0.0
2019-01-11,8,0,131,24.65,24.65,0.0,-178.461023,0.0
2019-01-11,8,0,132,36.24,36.24,0.0,-262.370283,0.0
2019-01-11,8,0,133,25.02,25.02,0.0,250.579701,0.0
2019-01-11,8,0,134,0.0,0.0,0.0,0.0,0.0
2019-01-11,8,0,135,33.52,33.52,0.0,335.708696,0.0
2019-01-11,8,0,136,22.09,22.09,0.0,169.751189,0.0
2019-01-11,8,0,139,26.9,26.9,0.0,135.269995,0.0
2019-01-11,8,0,140,106.55,106.55,0.0,-5720.415507,0.0
2019-01-11,8,0,141,167.64,167.64,0.0,-3492.535717,0.0
2019-01-11,8,0,142,0.0,0.0,0.0,-0.0,0.0
2019-01-11,8,0,143,9.53,9.53,0.0,27.355703,0.0
2019-01-11,8,0,145,7.26,7.26,0.0,30.165469,0.0
2019-01-11,8,0,146,46.23,46.23,0.0,-2481.978497,0.0
2019-01-11,8,0,152,0.0,0.0,0.0,0.0,0.0
2019-01-11,8,0,153,0.0,0.0,0.0,0.0,0.0
2019-01-11,8,0,154,0.0,0.0,0.0,0.0,0.0
2019-01-11,8,0,157,20.81,20.81,0.0,-433.5461,0.0
2019-01-11,8,0,158,0.0,0.0,0.0,-0.0,0.0
2019-01-11,8,0,159,0.0,0.0,0.0,0.0,0.0
2019-01-11,8,0,160,0.0,0.0,0.0,0.0,0.0
2019-01-11,8,0,161,0.0,0.0,0.0,-0.0,0.0
2019-01-11,8,0,162,37.27,37.27,0.0,813.892591,0.0
2019-01-11,8,0,163,113.9,113.9,0.0,-6115.019486,0.0
2019-01-11,8,0,164,0.0,0.0,0.0,0.0,0.0
2019-01-11,8,0,167,0.0,0.0,0.0,0.0,0.0
2019-01-11,8,0,168,0.0,0.0,0.0,0.0,0.0
2019-01-11,8,0,169,0.0,0.0,0.0,0.0,0.0
2019-01-11,8,0,170,0.0,0.0,0.0,0.0,0.0
2019-01-11,8,0,172,0.0,0.0,0.0,0.0,0.0
2019-01-11,8,0,173,0.0,0.0,0.0,0.0,0.0
2019-01-11,8,0,188,0.0,0.0,0.0,0.0,0.0
2019-01-11,8,0,190,0.0,0.0,0.0,0.0,0.0
2019-01-11,8,0,191,0.0,0.0,0.0,0.0,0.0
2019-01-11,8,0,192,176.91,176.91,0.0,4810.027219,0.0
2019-01-11,8,0,194,176.5,176.5,0.0,1705.241083,0.0
2019-01-11,8,0,196,0.0,0.0,0.0,0.0,0.0
2019-01-11,8,0,198,0.0,0.0,0.0,0.0,0.0
2019-01-11,8,0,199,20.54,20.54,0.0,229.32633,0.0
2019-01-11,8,0,200,0.0,0.0,0.0,0.0,0.0
2019-01-11,8,0,204,753.03,753.03,0.0,4633.853023,0.0
2019-01-11,8,0,205,832.9,832.9,0.0,5271.554201,0.0
2019-01-11,8,0,206,195.2,195.2,0.0,552.179151,0.0
2019-01-11,8,0,210,0.0,0.0,0.0,0.0,0.0
2019-01-11,8,0,214,0.0,0.0,0.0,0.0,0.0
2019-01-11,8,0,217,0.0,0.0,0.0,0.0,0.0
2019-01-11,8,0,218,0.0,0.0,0.0,0.0,0.0
2019-01-11,8,0,219,0.0,0.0,0.0,0.0,0.0
2019-01-11,8,0,221,0.0,0.0,0.0,0.0,0.0
2019-01-11,8,0,225,0.0,0.0,0.0,0.0,0.0
2019-01-11,8,0,233,0.0,0.0,0.0,0.0,0.0
2019-01-11,8,0,236,30.32,30.32,0.0,271.80419,0.0
2019-01-11,8,0,237,37.18,37.18,0.0,302.160882,0.0
2019-01-11,8,0,238,0.0,0.0,0.0,0.0,0.0
2019-01-11,8,0,240,0.0,0.0,0.0,0.0,0.0
2019-01-11,8,0,245,32.88,32.88,0.0,312.98581,0.0
2019-01-11,8,0,247,38.27,38.27,0.0,364.293399,0.0
2019-01-11,8,0,248,3.73,3.73,0.0,30.313612,0.0
2019-01-11,8,0,249,63.22,63.22,0.0,601.793276,0.0
2019-01-11,8,0,251,70.04,70.04,0.0,570.502397,0.0
2019-01-11,8,0,252,72.14,72.14,0.0,546.421352,0.0
2019-01-11,8,0,254,0.0,0.0,0.0,0.0,0.0
2019-01-11,8,0,255,0.0,0.0,0.0,0.0,0.0
2019-01-11,8,0,258,0.0,0.0,0.0,0.0,0.0
2019-01-11,8,0,260,0.0,0.0,0.0,0.0,0.0
2019-01-11,8,0,265,0.0,0.0,0.0,0.0,0.0
2019-01-11,8,0,266,17.42,17.42,0.0,87.598636,0.0
2019-01-11,8,0,267,21.41,21.41,0.0,107.662847,0.0
2019-01-11,8,0,270,355.7,355.7,0.0,-19096.685084,0.0
2019-01-11,8,0,272,438.39,438.39,0.0,186.133845,0.0
2019-01-11,8,0,273,0.0,0.0,0.0,-0.0,0.0
2019-01-11,8,0,274,458.54,458.54,0.0,-24617.919535,0.0
2019-01-11,8,0,275,638.3,638.3,0.0,-34268.805423,0.0
2019-01-11,8,0,276,0.0,0.0,0.0,-0.0,0.0
2019-01-11,8,0,277,0.0,0.0,0.0,-0.0,0.0
2019-01-11,8,0,278,0.0,0.0,0.0,-0.0,0.0
2019-01-11,8,0,279,203.23,203.23,0.0,-22.958739,0.0
2019-01-11,8,0,281,2.39,2.39,0.0,6.860454,0.0
2019-01-11,8,0,282,0.0,0.0,0.0,0.0,0.0
2019-01-11,9,0,9,0.05,0.05,0.0,0.408332,0.0
2019-01-11,9,0,17,3.71,3.71,0.0,21.265915,0.0
2019-01-11,9,0,19,475.02,475.02,0.0,2722.839577,0.0
2019-01-11,9,0,20,589.85,589.85,0.0,3381.051165,0.0
2019-01-11,9,0,21,1.18,1.18,0.0,9.636631,0.0
2019-01-11,9,0,22,4.19,4.19,0.0,34.218207,0.0
2019-01-11,9,0,23,108.8,108.8,0.0,888.530059,0.0
2019-01-11,9,0,24,192.5,192.5,0.0,1572.07754,0.0
2019-01-11,9,0,29,1.34,1.34,0.0,9.571372,0.0
2019-01-11,9,0,30,8.06,8.06,0.0,65.861956,0.0
2019-01-11,9,0,31,11.96,11.96,0.0,97.730644,0.0
2019-01-11,9,0,32,0.15,0.15,0.0,10.487775,0.0
2019-01-11,9,0,33,0.21,0.21,0.0,1.529762,0.0
2019-01-11,9,0,34,0.33,0.33,0.0,2.403911,0.0
2019-01-11,9,0,35,0.33,0.33,0.0,2.403911,0.0
2019-01-11,9,0,36,0.52,0.52,0.0,3.957198,0.0
2019-01-11,9,0,37,0.26,0.26,0.0,1.979207,0.0
2019-01-11,9,0,38,0.33,0.33,0.0,2.512071,0.0
2019-01-11,9,0,39,0.22,0.22,0.0,1.674714,0.0
2019-01-11,9,0,40,0.22,0.22,0.0,1.674714,0.0
2019-01-11,9,0,41,24.95,24.95,0.0,197.481872,0.0
2019-01-11,9,0,42,8.15,8.15,0.0,57.111087,0.0
2019-01-11,9,0,43,1.54,1.54,0.0,11.664315,0.0
2019-01-11,9,0,46,1.15,1.15,0.0,8.813183,0.0
2019-01-11,9,0,52,12.69,12.69,0.0,103.695809,0.0
2019-01-11,9,0,53,20.26,20.26,0.0,165.553751,0.0
2019-01-11,9,0,55,96.43,96.43,0.0,787.508765,0.0
2019-01-11,9,0,56,2.38,2.38,0.0,19.448071,0.0
2019-01-11,9,0,57,2.26,2.26,0.0,18.467496,0.0
2019-01-11,9,0,58,4.35,4.35,0.0,35.545845,0.0
2019-01-11,9,0,59,4.28,4.28,0.0,34.973843,0.0
2019-01-11,9,0,63,51.0,51.0,0.0,7490.530612,0.0
2019-01-11,9,0,64,60.0,60.0,0.0,8812.388956,0.0
2019-01-11,9,0,65,16.03,16.03,0.0,105.260286,0.0
2019-01-11,9,0,67,3.35,3.35,0.0,-1827.171179,0.0
2019-01-11,9,0,68,16.83,16.83,0.0,-6681.215592,0.0
2019-01-11,9,0,69,0.21,0.21,0.0,1.529762,0.0
2019-01-11,9,0,74,18.23,18.23,0.0,137.855542,0.0
2019-01-11,9,0,77,60.0,60.0,0.0,-16405.709974,0.0
2019-01-11,9,0,78,45.36,45.36,0.0,-12402.71674,0.0
2019-01-11,9,0,79,26.25,26.25,0.0,-7177.498113,0.0
2019-01-11,9,0,80,42.45,42.45,0.0,-11607.039806,0.0
2019-01-11,9,0,81,55.5,55.5,0.0,-15175.281726,0.0
2019-01-11,9,0,82,39.15,39.15,0.0,-10704.725758,0.0
2019-01-11,9,0,83,87.3,87.3,0.0,-23870.308012,0.0
2019-01-11,9,0,84,0.0,0.0,0.0,0.0,0.0
2019-01-11,9,0,86,1.05,1.05,0.0,7.648808,0.0
2019-01-11,9,0,87,5.37,5.37,0.0,39.118188,0.0
2019-01-11,9,0,88,155.83,155.83,0.0,-42608.363087,0.0
2019-01-11,9,0,89,148.85,148.85,0.0,-40699.83216,0.0
2019-01-11,9,0,90,208.93,208.93,0.0,-57127.416413,0.0
2019-01-11,9,0,91,785.09,785.09,0.0,-214665.980721,0.0
2019-01-11,9,0,92,276.23,276.23,0.0,-75529.154434,0.0
2019-01-11,9,0,95,36.0,36.0,0.0,2635.124273,0.0
2019-01-11,9,0,96,20.64,20.64,0.0,168.762919,0.0
2019-01-11,9,0,97,126.93,126.93,0.0,1037.842895,0.0
2019-01-11,9,0,99,3.52,3.52,0.0,26.618294,0.0
2019-01-11,9,0,101,0.16,0.16,0.0,1.307433,0.0
2019-01-11,9,0,102,39.8,39.8,0.0,-15799.903777,0.0
2019-01-11,9,0,103,34.62,34.62,0.0,-13743.534391,0.0
2019-01-11,9,0,104,6.46,6.46,0.0,-2564.506995,0.0
2019-01-11,9,0,106,4.12,4.12,0.0,33.646543,0.0
2019-01-11,9,0,109,186.24,186.24,0.0,1443.348766,0.0
2019-01-11,9,0,110,152.65,152.65,0.0,-152650.0,0.0
2019-01-11,9,0,111,1.31,1.31,0.0,10.368788,0.0
2019-01-11,9,0,113,84.3,84.3,0.0,-20493.728436,0.0
2019-01-11,9,0,115,84.3,84.3,0.0,-20493.728436,0.0
2019-01-11,9,0,116,3.16,3.16,0.0,-3160.0,0.0
2019-01-11,9,0,117,5.73,5.73,0.0,-1392.990082,0.0
2019-01-11,9,0,119,60.0,60.0,0.0,8812.388956,0.0
2019-01-11,9,0,120,35.28,35.28,0.0,5181.684706,0.0
2019-01-11,9,0,123,0.07,0.07,0.0,0.571665,0.0
2019-01-11,9,0,125,174.2,174.2,0.0,1422.628091,0.0
2019-01-11,9,0,126,3.09,3.09,0.0,25.234907,0.0
2019-01-11,9,0,127,3.97,3.97,0.0,32.421547,0.0
2019-01-11,9,0,128,249.5,249.5,0.0,2037.575825,0.0
2019-01-11,9,0,131,30.0,30.0,0.0,-10720.148824,0.0
2019-01-11,9,0,132,44.1,44.1,0.0,-15758.618772,0.0
2019-01-11,9,0,133,29.19,29.19,0.0,219.457304,0.0
2019-01-11,9,0,134,0.0,0.0,0.0,0.0,0.0
2019-01-11,9,0,135,39.11,39.11,0.0,294.038204,0.0
2019-01-11,9,0,136,28.53,28.53,0.0,188.647859,0.0
2019-01-11,9,0,139,32.21,32.21,0.0,254.945535,0.0
2019-01-11,9,0,140,112.97,112.97,0.0,-112970.0,0.0
2019-01-11,9,0,141,224.62,224.62,0.0,-122513.191143,0.0
2019-01-11,9,0,142,4.42,4.42,0.0,-2410.775108,0.0
2019-01-11,9,0,143,31.58,31.58,0.0,258.054662,0.0
2019-01-11,9,0,145,10.55,10.55,0.0,84.55808,0.0
2019-01-11,9,0,146,41.67,41.67,0.0,-41670.0,0.0
2019-01-11,9,0,152,0.38,0.38,0.0,2.871725,0.0
2019-01-11,9,0,153,0.48,0.48,0.0,3.630775,0.0
2019-01-11,9,0,154,5.38,5.38,0.0,42.583265,0.0
2019-01-11,9,0,157,10.11,10.11,0.0,-5514.238992,0.0
2019-01-11,9,0,158,0.0,0.0,0.0,-0.0,0.0
2019-01-11,9,0,159,0.0,0.0,0.0,0.0,0.0
2019-01-11,9,0,160,0.12,0.12,0.0,0.894759,0.0
2019-01-11,9,0,161,1.03,1.03,0.0,-408.891982,0.0
2019-01-11,9,0,162,48.75,48.75,0.0,3607.641015,0.0
2019-01-11,9,0,163,136.22,136.22,0.0,-136220.0,0.0
2019-01-11,9,0,164,0.24,0.24,0.0,1.96115,0.0
2019-01-11,9,0,167,0.18,0.18,0.0,12.782113,0.0
2019-01-11,9,0,168,0.09,0.09,0.0,6.391057,0.0
2019-01-11,9,0,169,0.0,0.0,0.0,0.0,0.0
2019-01-11,9,0,170,0.19,0.19,0.0,13.492231,0.0
2019-01-11,9,0,172,0.23,0.23,0.0,12.112797,0.0
2019-01-11,9,0,173,0.35,0.35,0.0,18.432517,0.0
2019-01-11,9,0,188,0.3,0.3,0.0,17.079156,0.0
2019-01-11,9,0,190,0.24,0.24,0.0,7.782614,0.0
2019-01-11,9,0,191,0.63,0.63,0.0,20.429361,0.0
2019-01-11,9,0,192,215.61,215.61,0.0,6991.70559,0.0
2019-01-11,9,0,194,130.37,130.37,0.0,-13600.008181,0.0
2019-01-11,9,0,196,0.22,0.22,0.0,66.6812,0.0
2019-01-11,9,0,198,0.56,0.56,0.0,4.063214,0.0
2019-01-11,9,0,199,25.51,25.51,0.0,-635.173681,0.0
2019-01-11,9,0,200,0.6,0.6,0.0,-14.939404,0.0
2019-01-11,9,0,204,480.72,480.72,0.0,3734.756201,0.0
2019-01-11,9,0,205,1048.92,1048.92,0.0,8129.06673,0.0
2019-01-11,9,0,206,372.97,372.97,0.0,3049.58847,0.0
2019-01-11,9,0,210,0.31,0.31,0.0,2.205801,0.0
2019-01-11,9,0,214,1.38,1.38,0.0,9.941843,0.0
2019-01-11,9,0,217,1.01,1.01,0.0,7.235605,0.0
2019-01-11,9,0,218,1.39,1.39,0.0,9.957912,0.0
2019-01-11,9,0,219,0.95,0.95,0.0,6.805767,0.0
2019-01-11,9,0,221,0.74,0.74,0.0,5.331133,0.0
2019-01-11,9,0,225,1.06,1.06,0.0,7.574182,0.0
2019-01-11,9,0,233,0.6,0.6,0.0,4.370747,0.0
2019-01-11,9,0,236,39.7,39.7,0.0,296.859923,0.0
2019-01-11,9,0,237,43.72,43.72,0.0,330.611317,0.0
2019-01-11,9,0,238,10.6,10.6,0.0,74.27945,0.0
2019-01-11,9,0,240,0.59,0.59,0.0,4.489898,0.0
2019-01-11,9,0,245,38.54,38.54,0.0,278.237782,0.0
2019-01-11,9,0,247,46.02,46.02,0.0,332.239303,0.0
2019-01-11,9,0,248,4.39,4.39,0.0,33.197248,0.0
2019-01-11,9,0,249,74.11,74.11,0.0,535.033784,0.0
2019-01-11,9,0,251,107.33,107.33,0.0,734.309746,0.0
2019-01-11,9,0,252,103.41,103.41,0.0,679.037193,0.0
2019-01-11,9,0,254,1.02,1.02,0.0,7.695536,0.0
2019-01-11,9,0,255,0.47,0.47,0.0,3.545982,0.0
2019-01-11,9,0,258,0.69,0.69,0.0,5.246912,0.0
2019-01-11,9,0,260,0.29,0.29,0.0,2.162334,0.0
2019-01-11,9,0,265,5.57,5.57,0.0,44.087135,0.0
2019-01-11,9,0,266,20.86,20.86,0.0,165.109092,0.0
2019-01-11,9,0,267,25.63,25.63,0.0,202.864144,0.0
2019-01-11,9,0,270,425.42,425.42,0.0,-425420.0,0.0
2019-01-11,9,0,272,281.31,281.31,0.0,-68387.790587,0.0
2019-01-11,9,0,273,0.76,0.76,0.0,-760.0,0.0
2019-01-11,9,0,274,548.42,548.42,0.0,-548420.0,0.0
2019-01-11,9,0,275,763.41,763.41,0.0,-763410.0,0.0
2019-01-11,9,0,276,0.23,0.23,0.0,-206.65565,0.0
2019-01-11,9,0,277,0.34,0.34,0.0,-86.789086,0.0
2019-01-11,9,0,278,0.55,0.55,0.0,-140.394109,0.0
2019-01-11,9,0,279,264.6,264.6,0.0,-67542.329545,0.0
2019-01-11,9,0,281,5.33,5.33,0.0,43.553874,0.0
2019-01-11,9,0,282,4.42,4.42,0.0,36.117847,0.0
2019-01-11,10,0,9,0.53,0.53,0.0,2.366677,0.0
2019-01-11,10,0,17,9.42,9.42,0.0,103.386256,0.0
2019-01-11,10,0,19,349.46,349.46,0.0,3835.388637,0.0
2019-01-11,10,0,20,433.01,433.01,0.0,4752.36546,0.0
2019-01-11,10,0,21,12.14,12.14,0.0,54.210302,0.0
2019-01-11,10,0,22,43.16,43.16,0.0,192.727895,0.0
2019-01-11,10,0,23,108.8,108.8,0.0,485.838622,0.0
2019-01-11,10,0,24,192.5,192.5,0.0,859.594988,0.0
2019-01-11,10,0,29,2.72,2.72,0.0,23.037503,0.0
2019-01-11,10,0,30,82.28,82.28,0.0,364.296561,0.0
2019-01-11,10,0,31,40.1,40.1,0.0,177.543657,0.0
2019-01-11,10,0,32,0.54,0.54,0.0,11.824754,0.0
2019-01-11,10,0,33,0.52,0.52,0.0,6.394512,0.0
2019-01-11,10,0,34,0.82,0.82,0.0,10.083653,0.0
2019-01-11,10,0,35,0.82,0.82,0.0,10.083653,0.0
2019-01-11,10,0,36,1.54,1.54,0.0,13.489488,0.0
2019-01-11,10,0,37,0.72,0.72,0.0,6.267651,0.0
2019-01-11,10,0,38,0.92,0.92,0.0,8.008665,0.0
2019-01-11,10,0,39,0.62,0.62,0.0,5.397144,0.0
2019-01-11,10,0,40,0.62,0.62,0.0,5.397144,0.0
2019-01-11,10,0,41,29.88,29.88,0.0,193.657292,0.0
2019-01-11,10,0,42,25.43,25.43,0.0,271.811952,0.0
2019-01-11,10,0,43,4.8,4.8,0.0,42.681743,0.0
2019-01-11,10,0,46,4.28,4.28,0.0,35.408388,0.0
2019-01-11,10,0,52,42.53,42.53,0.0,188.302537,0.0
2019-01-11,10,0,53,67.82,67.82,0.0,300.274584,0.0
2019-01-11,10,0,55,186.9,186.9,0.0,834.588589,0.0
2019-01-11,10,0,56,24.27,24.27,0.0,107.455974,0.0
2019-01-11,10,0,57,23.09,23.09,0.0,102.231497,0.0
2019-01-11,10,0,58,44.4,44.4,0.0,196.582004,0.0
2019-01-11,10,0,59,43.66,43.66,0.0,193.305638,0.0
2019-01-11,10,0,63,51.0,51.0,0.0,1386.64512,0.0
2019-01-11,10,0,64,60.0,60.0,0.0,1631.3472,0.0
2019-01-11,10,0,65,22.12,22.12,0.0,241.593662,0.0
2019-01-11,10,0,67,63.73,63.73,0.0,-1138.865518,0.0
2019-01-11,10,0,68,34.0,34.0,0.0,-265.151026,0.0
2019-01-11,10,0,69,0.52,0.52,0.0,6.394512,0.0
2019-01-11,10,0,74,36.07,36.07,0.0,340.562358,0.0
2019-01-11,10,0,77,60.0,60.0,0.0,49.829911,0.0
2019-01-11,10,0,78,45.36,45.36,0.0,37.671413,0.0
2019-01-11,10,0,79,26.25,26.25,0.0,21.800586,0.0
2019-01-11,10,0,80,42.45,42.45,0.0,35.254662,0.0
2019-01-11,10,0,81,55.5,55.5,0.0,46.092668,0.0
2019-01-11,10,0,82,39.15,39.15,0.0,32.514017,0.0
2019-01-11,10,0,83,87.3,87.3,0.0,72.502521,0.0
2019-01-11,10,0,84,0.0,0.0,0.0,0.0,0.0
2019-01-11,10,0,86,2.61,2.61,0.0,32.095531,0.0
2019-01-11,10,0,87,13.32,13.32,0.0,163.797881,0.0
2019-01-11,10,0,88,103.48,103.48,0.0,85.939987,0.0
2019-01-11,10,0,89,99.0,99.0,0.0,82.219354,0.0
2019-01-11,10,0,90,137.47,137.47,0.0,114.168632,0.0
2019-01-11,10,0,91,509.29,509.29,0.0,422.964592,0.0
2019-01-11,10,0,92,180.45,180.45,0.0,149.863458,0.0
2019-01-11,10,0,95,88.65,88.65,0.0,1959.843775,0.0
2019-01-11,10,0,96,29.88,29.88,0.0,131.110668,0.0
2019-01-11,10,0,97,183.75,183.75,0.0,806.277956,0.0
2019-01-11,10,0,99,7.42,7.42,0.0,70.057463,0.0
2019-01-11,10,0,101,1.66,1.66,0.0,7.349688,0.0
2019-01-11,10,0,102,80.5,80.5,0.0,-627.784047,0.0
2019-01-11,10,0,103,70.0,70.0,0.0,-545.899171,0.0
2019-01-11,10,0,104,13.0,13.0,0.0,-101.381275,0.0
2019-01-11,10,0,106,42.49,42.49,0.0,189.736057,0.0
2019-01-11,10,0,109,171.07,171.07,0.0,1319.12293,0.0
2019-01-11,10,0,110,162.93,162.93,0.0,-7936.746733,0.0
2019-01-11,10,0,111,4.7,4.7,0.0,30.461488,0.0
2019-01-11,10,0,113,150.0,150.0,0.0,311.97398,0.0
2019-01-11,10,0,115,150.0,150.0,0.0,311.97398,0.0
2019-01-11,10,0,116,14.67,14.67,0.0,-714.614095,0.0
2019-01-11,10,0,117,10.0,10.0,0.0,20.798265,0.0
2019-01-11,10,0,119,60.0,60.0,0.0,1631.3472,0.0
2019-01-11,10,0,120,35.28,35.28,0.0,959.232154,0.0
2019-01-11,10,0,123,0.71,0.71,0.0,3.170454,0.0
2019-01-11,10,0,125,174.2,174.2,0.0,777.877647,0.0
2019-01-11,10,0,126,31.86,31.86,0.0,142.268552,0.0
2019-01-11,10,0,127,40.89,40.89,0.0,182.591372,0.0
2019-01-11,10,0,128,249.5,249.5,0.0,1114.124414,0.0
2019-01-11,10,0,131,40.31,40.31,0.0,-205.933487,0.0
2019-01-11,10,0,132,65.03,65.03,0.0,-332.221648,0.0
2019-01-11,10,0,133,33.73,33.73,0.0,370.362198,0.0
2019-01-11,10,0,134,0.0,0.0,0.0,0.0,0.0
2019-01-11,10,0,135,45.2,45.2,0.0,496.305109,0.0
2019-01-11,10,0,136,36.3,36.3,0.0,396.360917,0.0
2019-01-11,10,0,139,38.58,38.58,0.0,250.043452,0.0
2019-01-11,10,0,140,120.58,120.58,0.0,-5873.767391,0.0
2019-01-11,10,0,141,230.0,230.0,0.0,-4110.137599,0.0
2019-01-11,10,0,142,84.05,84.05,0.0,-1501.98724,0.0
2019-01-11,10,0,143,91.16,91.16,0.0,403.612962,0.0
2019-01-11,10,0,145,27.66,27.66,0.0,156.198129,0.0
2019-01-11,10,0,146,38.6,38.6,0.0,-1880.307027,0.0
2019-01-11,10,0,152,1.02,1.02,0.0,9.642601,0.0
2019-01-11,10,0,153,1.3,1.3,0.0,12.199952,0.0
2019-01-11,10,0,154,19.39,19.39,0.0,125.669843,0.0
2019-01-11,10,0,157,5.5,5.5,0.0,-98.285899,0.0
2019-01-11,10,0,158,56.07,56.07,0.0,-1001.980066,0.0
2019-01-11,10,0,159,0.0,0.0,0.0,0.0,0.0
2019-01-11,10,0,160,0.38,0.38,0.0,3.630275,0.0
2019-01-11,10,0,161,9.57,9.57,0.0,-74.632215,0.0
2019-01-11,10,0,162,91.77,91.77,0.0,2034.013568,0.0
2019-01-11,10,0,163,91.28,91.28,0.0,-4446.487705,0.0
2019-01-11,10,0,164,4.97,4.97,0.0,22.004787,0.0
2019-01-11,10,0,167,0.5,0.5,0.0,10.979254,0.0
2019-01-11,10,0,168,0.25,0.25,0.0,5.489627,0.0
2019-01-11,10,0,169,0.0,0.0,0.0,0.0,0.0
2019-01-11,10,0,170,0.55,0.55,0.0,12.07718,0.0
2019-01-11,10,0,172,0.74,0.74,0.0,15.11443,0.0
2019-01-11,10,0,173,1.12,1.12,0.0,22.875894,0.0
2019-01-11,10,0,188,1.16,1.16,0.0,24.326002,0.0
2019-01-11,10,0,190,1.12,1.12,0.0,30.451814,0.0
2019-01-11,10,0,191,2.89,2.89,0.0,78.576557,0.0
2019-01-11,10,0,192,260.84,260.84,0.0,7092.010061,0.0
2019-01-11,10,0,194,52.95,52.95,0.0,568.807014,0.0
2019-01-11,10,0,196,1.1,1.1,0.0,41.516599,0.0
2019-01-11,10,0,198,1.69,1.69,0.0,17.58995,0.0
2019-01-11,10,0,199,31.23,31.23,0.0,378.313822,0.0
2019-01-11,10,0,200,1.64,1.64,0.0,19.866624,0.0
2019-01-11,10,0,204,257.1,257.1,0.0,1939.267353,0.0
2019-01-11,10,0,205,1010.31,1010.31,0.0,7790.513169,0.0
2019-01-11,10,0,206,539.94,539.94,0.0,2369.206636,0.0
2019-01-11,10,0,210,0.67,0.67,0.0,5.939273,0.0
2019-01-11,10,0,214,3.45,3.45,0.0,45.126111,0.0
2019-01-11,10,0,217,2.51,2.51,0.0,28.232165,0.0
2019-01-11,10,0,218,3.46,3.46,0.0,38.917646,0.0
2019-01-11,10,0,219,2.36,2.36,0.0,26.544984,0.0
2019-01-11,10,0,221,1.84,1.84,0.0,24.067259,0.0
2019-01-11,10,0,225,2.2,2.2,0.0,18.54937,0.0
2019-01-11,10,0,233,1.48,1.48,0.0,18.199765,0.0
2019-01-11,10,0,236,51.91,51.91,0.0,531.770733,0.0
2019-01-11,10,0,237,84.3,84.3,0.0,795.935869,0.0
2019-01-11,10,0,238,33.1,33.1,0.0,353.793772,0.0
2019-01-11,10,0,240,1.75,1.75,0.0,15.328963,0.0
2019-01-11,10,0,245,44.69,44.69,0.0,499.228906,0.0
2019-01-11,10,0,247,55.21,55.21,0.0,616.7471,0.0
2019-01-11,10,0,248,9.2,9.2,0.0,86.863701,0.0
2019-01-11,10,0,249,85.94,85.94,0.0,960.02981,0.0
2019-01-11,10,0,251,156.83,156.83,0.0,1699.184035,0.0
2019-01-11,10,0,252,142.66,142.66,0.0,1558.12621,0.0
2019-01-11,10,0,254,2.9,2.9,0.0,26.268141,0.0
2019-01-11,10,0,255,1.33,1.33,0.0,12.047113,0.0
2019-01-11,10,0,258,2.13,2.13,0.0,18.703162,0.0
2019-01-11,10,0,260,0.92,0.92,0.0,8.789086,0.0
2019-01-11,10,0,265,20.08,20.08,0.0,130.141848,0.0
2019-01-11,10,0,266,24.98,24.98,0.0,161.89957,0.0
2019-01-11,10,0,267,30.7,30.7,0.0,198.97185,0.0
2019-01-11,10,0,270,284.94,284.94,0.0,-13880.173167,0.0
2019-01-11,10,0,272,501.3,501.3,0.0,1042.61704,0.0
2019-01-11,10,0,273,3.51,3.51,0.0,-170.981287,0.0
2019-01-11,10,0,274,367.3,367.3,0.0,-17892.144325,0.0
2019-01-11,10,0,275,511.25,511.25,0.0,-24904.325582,0.0
2019-01-11,10,0,276,0.9,0.9,0.0,-37.643534,0.0
2019-01-11,10,0,277,1.74,1.74,0.0,2.747374,0.0
2019-01-11,10,0,278,2.78,2.78,0.0,4.389483,0.0
2019-01-11,10,0,279,264.6,264.6,0.0,417.790374,0.0
2019-01-11,10,0,281,17.87,17.87,0.0,79.119829,0.0
2019-01-11,10,0,282,45.14,45.14,0.0,199.858371,0.0
2019-01-11,11,0,9,0.91,0.91,0.0,-8.3515,0.0
2019-01-11,11,0,17,14.37,14.37,0.0,168.838965,0.0
2019-01-11,11,0,19,192.99,192.99,0.0,2267.517872,0.0
2019-01-11,11,0,20,234.06,234.06,0.0,2750.065978,0.0
2019-01-11,11,0,21,20.92,20.92,0.0,-191.992721,0.0
2019-01-11,11,0,22,74.35,74.35,0.0,-682.345066,0.0
2019-01-11,11,0,23,61.07,61.07,0.0,-560.468234,0.0
2019-01-11,11,0,24,108.0,108.0,0.0,-991.167009,0.0
2019-01-11,11,0,29,4.03,4.03,0.0,22.813676,0.0
2019-01-11,11,0,30,143.48,143.48,0.0,-1334.463959,0.0
2019-01-11,11,0,31,40.54,40.54,0.0,-377.050243,0.0
2019-01-11,11,0,32,0.84,0.84,0.0,37.199599,0.0
2019-01-11,11,0,33,0.78,0.78,0.0,12.423581,0.0
2019-01-11,11,0,34,1.25,1.25,0.0,19.909585,0.0
2019-01-11,11,0,35,1.25,1.25,0.0,19.909585,0.0
2019-01-11,11,0,36,2.4,2.4,0.0,11.568166,0.0
2019-01-11,11,0,37,1.11,1.11,0.0,5.172907,0.0
2019-01-11,11,0,38,1.43,1.43,0.0,6.664196,0.0
2019-01-11,11,0,39,0.96,0.96,0.0,4.473866,0.0
2019-01-11,11,0,40,0.96,0.96,0.0,4.473866,0.0
2019-01-11,11,0,41,29.2,29.2,0.0,-77.174607,0.0
2019-01-11,11,0,42,39.16,39.16,0.0,424.639503,0.0
2019-01-11,11,0,43,7.45,7.45,0.0,39.640283,0.0
2019-01-11,11,0,46,6.73,6.73,0.0,22.001233,0.0
2019-01-11,11,0,52,43.09,43.09,0.0,-400.76702,0.0
2019-01-11,11,0,53,70.19,70.19,0.0,-652.815899,0.0
2019-01-11,11,0,55,460.54,460.54,0.0,-4226.593096,0.0
2019-01-11,11,0,56,42.32,42.32,0.0,-393.605483,0.0
2019-01-11,11,0,57,40.26,40.26,0.0,-374.446048,0.0
2019-01-11,11,0,58,77.42,77.42,0.0,-720.059936,0.0
2019-01-11,11,0,59,76.13,76.13,0.0,-708.062038,0.0
2019-01-11,11,0,63,51.0,51.0,0.0,6194.953454,0.0
2019-01-11,11,0,64,60.0,60.0,0.0,7288.180535,0.0
2019-01-11,11,0,65,33.33,33.33,0.0,386.000106,0.0
2019-01-11,11,0,67,111.87,111.87,0.0,-61678.4874,0.0
2019-01-11,11,0,68,33.99,33.99,0.0,-13760.206908,0.0
2019-01-11,11,0,69,0.78,0.78,0.0,12.423581,0.0
2019-01-11,11,0,74,59.51,59.51,0.0,410.122467,0.0
2019-01-11,11,0,77,60.0,60.0,0.0,-16923.668339,0.0
2019-01-11,11,0,78,45.36,45.36,0.0,-12794.293264,0.0
2019-01-11,11,0,79,26.25,26.25,0.0,-7404.104898,0.0
2019-01-11,11,0,80,42.45,42.45,0.0,-11973.49535,0.0
2019-01-11,11,0,81,55.5,55.5,0.0,-15654.393214,0.0
2019-01-11,11,0,82,39.15,39.15,0.0,-11042.693591,0.0
2019-01-11,11,0,83,87.3,87.3,0.0,-24623.937434,0.0
2019-01-11,11,0,84,0.0,0.0,0.0,0.0,0.0
2019-01-11,11,0,86,3.96,3.96,0.0,63.073564,0.0
2019-01-11,11,0,87,20.23,20.23,0.0,322.216717,0.0
2019-01-11,11,0,88,51.18,51.18,0.0,-14435.889093,0.0
2019-01-11,11,0,89,49.2,49.2,0.0,-13877.408038,0.0
2019-01-11,11,0,90,66.06,66.06,0.0,-18632.958841,0.0
2019-01-11,11,0,91,235.65,235.65,0.0,-66467.707402,0.0
2019-01-11,11,0,92,84.75,84.75,0.0,-23904.681529,0.0
2019-01-11,11,0,95,96.29,96.29,0.0,4562.661738,0.0
2019-01-11,11,0,96,31.88,31.88,0.0,-300.611767,0.0
2019-01-11,11,0,97,234.28,234.28,0.0,-2209.138166,0.0
2019-01-11,11,0,99,12.77,12.77,0.0,88.006451,0.0
2019-01-11,11,0,101,2.89,2.89,0.0,-26.879013,0.0
2019-01-11,11,0,102,80.49,80.49,0.0,-32584.850075,0.0
2019-01-11,11,0,103,69.99,69.99,0.0,-28334.124199,0.0
2019-01-11,11,0,104,12.99,12.99,0.0,-5258.755156,0.0
2019-01-11,11,0,106,73.19,73.19,0.0,-671.699198,0.0
2019-01-11,11,0,109,83.48,83.48,0.0,115.838202,0.0
2019-01-11,11,0,110,178.15,178.15,0.0,-178150.0,0.0
2019-01-11,11,0,111,7.59,7.59,0.0,-20.060112,0.0
2019-01-11,11,0,113,84.2,84.2,0.0,-21457.378409,0.0
2019-01-11,11,0,115,84.2,84.2,0.0,-21457.378409,0.0
2019-01-11,11,0,116,24.73,24.73,0.0,-24730.0,0.0
2019-01-11,11,0,117,5.66,5.66,0.0,-1442.384344,0.0
2019-01-11,11,0,119,60.0,60.0,0.0,7288.180535,0.0
2019-01-11,11,0,120,35.28,35.28,0.0,4285.450154,0.0
2019-01-11,11,0,123,1.22,1.22,0.0,-11.196516,0.0
2019-01-11,11,0,125,97.74,97.74,0.0,-897.006143,0.0
2019-01-11,11,0,126,54.89,54.89,0.0,-503.751455,0.0
2019-01-11,11,0,127,70.44,70.44,0.0,-646.461149,0.0
2019-01-11,11,0,128,139.96,139.96,0.0,-1284.479024,0.0
2019-01-11,11,0,131,30.0,30.0,0.0,-10971.084279,0.0
2019-01-11,11,0,132,44.1,44.1,0.0,-16127.49389,0.0
2019-01-11,11,0,133,41.94,41.94,0.0,493.434889,0.0
2019-01-11,11,0,134,0.0,0.0,0.0,0.0,0.0
2019-01-11,11,0,135,56.2,56.2,0.0,661.207458,0.0
2019-01-11,11,0,136,45.9,45.9,0.0,531.151357,0.0
2019-01-11,11,0,139,37.71,37.71,0.0,-99.666248,0.0
2019-01-11,11,0,140,131.85,131.85,0.0,-131850.0,0.0
2019-01-11,11,0,141,230.0,230.0,0.0,-126808.367766,0.0
2019-01-11,11,0,142,147.53,147.53,0.0,-81339.297811,0.0
2019-01-11,11,0,143,72.44,72.44,0.0,-673.742467,0.0
2019-01-11,11,0,145,69.25,69.25,0.0,-369.184828,0.0
2019-01-11,11,0,146,22.82,22.82,0.0,-22820.0,0.0
2019-01-11,11,0,152,1.59,1.59,0.0,11.045172,0.0
2019-01-11,11,0,153,2.02,2.02,0.0,13.592886,0.0
2019-01-11,11,0,154,31.29,31.29,0.0,-82.698406,0.0
2019-01-11,11,0,157,0.0,0.0,0.0,-0.0,0.0
2019-01-11,11,0,158,107.77,107.77,0.0,-59417.990409,0.0
2019-01-11,11,0,159,0.0,0.0,0.0,0.0,0.0
2019-01-11,11,0,160,0.59,0.59,0.0,4.481186,0.0
2019-01-11,11,0,161,16.35,16.35,0.0,-6618.987436,0.0
2019-01-11,11,0,162,162.5,162.5,0.0,7833.671288,0.0
2019-01-11,11,0,163,138.71,138.71,0.0,-138710.0,0.0
2019-01-11,11,0,164,8.84,8.84,0.0,-82.218159,0.0
2019-01-11,11,0,167,0.78,0.78,0.0,35.260865,0.0
2019-01-11,11,0,168,0.39,0.39,0.0,17.630433,0.0
2019-01-11,11,0,169,0.0,0.0,0.0,0.0,0.0
2019-01-11,11,0,170,0.86,0.86,0.0,38.877364,0.0
2019-01-11,11,0,172,1.14,1.14,0.0,26.765415,0.0
2019-01-11,11,0,173,1.74,1.74,0.0,40.852475,0.0
2019-01-11,11,0,188,1.81,1.81,0.0,55.826751,0.0
2019-01-11,11,0,190,1.86,1.86,0.0,60.315256,0.0
2019-01-11,11,0,191,4.79,4.79,0.0,155.327999,0.0
2019-01-11,11,0,192,257.14,257.14,0.0,8338.422037,0.0
2019-01-11,11,0,194,52.95,52.95,0.0,-6374.295347,0.0
2019-01-11,11,0,196,1.83,1.83,0.0,504.809672,0.0
2019-01-11,11,0,198,2.58,2.58,0.0,27.61876,0.0
2019-01-11,11,0,199,46.09,46.09,0.0,-953.871716,0.0
2019-01-11,11,0,200,2.54,2.54,0.0,-52.567458,0.0
2019-01-11,11,0,204,257.1,257.1,0.0,218.332437,0.0
2019-01-11,11,0,205,545.8,545.8,0.0,757.360931,0.0
2019-01-11,11,0,206,895.48,895.48,0.0,-8443.909191,0.0
2019-01-11,11,0,210,0.99,0.99,0.0,6.796197,0.0
2019-01-11,11,0,214,5.16,5.16,0.0,94.953019,0.0
2019-01-11,11,0,217,3.76,3.76,0.0,50.356245,0.0
2019-01-11,11,0,218,5.19,5.19,0.0,69.507689,0.0
2019-01-11,11,0,219,3.54,3.54,0.0,47.409869,0.0
2019-01-11,11,0,221,2.75,2.75,0.0,50.604806,0.0
2019-01-11,11,0,225,3.28,3.28,0.0,18.186613,0.0
2019-01-11,11,0,233,2.24,2.24,0.0,35.677976,0.0
2019-01-11,11,0,236,81.0,81.0,0.0,764.66678,0.0
2019-01-11,11,0,237,132.68,132.68,0.0,914.384959,0.0
2019-01-11,11,0,238,50.97,50.97,0.0,552.703664,0.0
2019-01-11,11,0,240,2.72,2.72,0.0,13.110588,0.0
2019-01-11,11,0,245,75.4,75.4,0.0,932.554089,0.0
2019-01-11,11,0,247,110.28,110.28,0.0,1363.953116,0.0
2019-01-11,11,0,248,15.8,15.8,0.0,108.88817,0.0
2019-01-11,11,0,249,145.01,145.01,0.0,1793.496929,0.0
2019-01-11,11,0,251,278.88,278.88,0.0,3152.719254,0.0
2019-01-11,11,0,252,215.0,215.0,0.0,2489.949677,0.0
2019-01-11,11,0,254,4.44,4.44,0.0,26.15856,0.0
2019-01-11,11,0,255,2.03,2.03,0.0,11.959882,0.0
2019-01-11,11,0,258,3.32,3.32,0.0,16.271148,0.0
2019-01-11,11,0,260,1.42,1.42,0.0,10.785227,0.0
2019-01-11,11,0,265,32.4,32.4,0.0,-85.632098,0.0
2019-01-11,11,0,266,24.42,24.42,0.0,-64.54123,0.0
2019-01-11,11,0,267,30.0,30.0,0.0,-79.28898,0.0
2019-01-11,11,0,270,469.25,469.25,0.0,-469250.0,0.0
2019-01-11,11,0,272,281.17,281.17,0.0,-71652.86327,0.0
2019-01-11,11,0,273,5.91,5.91,0.0,-5910.0,0.0
2019-01-11,11,0,274,612.8,612.8,0.0,-612800.0,0.0
2019-01-11,11,0,275,864.63,864.63,0.0,-864630.0,0.0
2019-01-11,11,0,276,1.51,1.51,0.0,-1358.734021,0.0
2019-01-11,11,0,277,2.88,2.88,0.0,-765.366709,0.0
2019-01-11,11,0,278,4.61,4.61,0.0,-1225.118239,0.0
2019-01-11,11,0,279,264.6,264.6,0.0,-70318.066403,0.0
2019-01-11,11,0,281,17.68,17.68,0.0,-164.436317,0.0
2019-01-11,11,0,282,78.71,78.71,0.0,-732.057835,0.0
2019-01-11,12,0,9,1.31,1.31,0.0,6.783302,0.0
2019-01-11,12,0,17,18.89,18.89,0.0,156.949053,0.0
2019-01-11,12,0,19,192.99,192.99,0.0,1603.472622,0.0
2019-01-11,12,0,20,234.06,234.06,0.0,1944.705953,0.0
2019-01-11,12,0,21,29.98,29.98,0.0,155.239237,0.0
2019-01-11,12,0,22,106.55,106.55,0.0,551.72584,0.0
2019-01-11,12,0,23,46.17,46.17,0.0,239.072567,0.0
2019-01-11,12,0,24,77.3,77.3,0.0,400.266611,0.0
2019-01-11,12,0,29,5.2,5.2,0.0,49.065325,0.0
2019-01-11,12,0,30,208.27,208.27,0.0,1074.306941,0.0
2019-01-11,12,0,31,37.12,37.12,0.0,191.473922,0.0
2019-01-11,12,0,32,1.14,1.14,0.0,53.663631,0.0
2019-01-11,12,0,33,1.03,1.03,0.0,9.125382,0.0
2019-01-11,12,0,34,1.64,1.64,0.0,14.529735,0.0
2019-01-11,12,0,35,1.64,1.64,0.0,14.529735,0.0
2019-01-11,12,0,36,3.28,3.28,0.0,24.510778,0.0
2019-01-11,12,0,37,1.55,1.55,0.0,11.569699,0.0
2019-01-11,12,0,38,1.99,1.99,0.0,14.854,0.0
2019-01-11,12,0,39,1.33,1.33,0.0,9.927548,0.0
2019-01-11,12,0,40,1.33,1.33,0.0,9.927548,0.0
2019-01-11,12,0,41,28.99,28.99,0.0,180.08919,0.0
2019-01-11,12,0,42,54.94,54.94,0.0,449.911236,0.0
2019-01-11,12,0,43,10.02,10.02,0.0,76.401128,0.0
2019-01-11,12,0,46,9.06,9.06,0.0,65.721292,0.0
2019-01-11,12,0,52,39.35,39.35,0.0,202.9768,0.0
2019-01-11,12,0,53,62.51,62.51,0.0,322.441671,0.0
2019-01-11,12,0,55,623.0,623.0,0.0,3225.952119,0.0
2019-01-11,12,0,56,61.43,61.43,0.0,316.87077,0.0
2019-01-11,12,0,57,58.43,58.43,0.0,301.396046,0.0
2019-01-11,12,0,58,112.37,112.37,0.0,579.631588,0.0
2019-01-11,12,0,59,110.5,110.5,0.0,569.985677,0.0
2019-01-11,12,0,63,51.0,51.0,0.0,5843.637721,0.0
2019-01-11,12,0,64,60.0,60.0,0.0,6874.867906,0.0
2019-01-11,12,0,65,41.4,41.4,0.0,343.056596,0.0
2019-01-11,12,0,67,159.49,159.49,0.0,-88684.107117,0.0
2019-01-11,12,0,68,34.0,34.0,0.0,-13976.569114,0.0
2019-01-11,12,0,69,1.03,1.03,0.0,9.125382,0.0
2019-01-11,12,0,74,121.35,121.35,0.0,929.109659,0.0
2019-01-11,12,0,77,60.0,60.0,0.0,-17415.039632,0.0
2019-01-11,12,0,78,45.36,45.36,0.0,-13165.769962,0.0
2019-01-11,12,0,79,26.25,26.25,0.0,-7619.079839,0.0
2019-01-11,12,0,80,42.45,42.45,0.0,-12321.14054,0.0
2019-01-11,12,0,81,55.5,55.5,0.0,-16108.91166,0.0
2019-01-11,12,0,82,39.15,39.15,0.0,-11363.31336,0.0
2019-01-11,12,0,83,87.3,87.3,0.0,-25338.882665,0.0
2019-01-11,12,0,84,0.0,0.0,0.0,0.0,0.0
2019-01-11,12,0,86,5.21,5.21,0.0,46.158488,0.0
2019-01-11,12,0,87,26.57,26.57,0.0,235.399427,0.0
2019-01-11,12,0,88,51.18,51.18,0.0,-14855.028806,0.0
2019-01-11,12,0,89,49.2,49.2,0.0,-14280.332498,0.0
2019-01-11,12,0,90,66.06,66.06,0.0,-19173.958635,0.0
2019-01-11,12,0,91,235.65,235.65,0.0,-68397.568155,0.0
2019-01-11,12,0,92,84.75,84.75,0.0,-24598.74348,0.0
2019-01-11,12,0,95,120.0,120.0,0.0,1977.002113,0.0
2019-01-11,12,0,96,29.88,29.88,0.0,153.508329,0.0
2019-01-11,12,0,97,183.76,183.76,0.0,944.065946,0.0
2019-01-11,12,0,99,23.42,23.42,0.0,179.313953,0.0
2019-01-11,12,0,101,4.2,4.2,0.0,21.664614,0.0
2019-01-11,12,0,102,80.5,80.5,0.0,-33091.582756,0.0
2019-01-11,12,0,103,70.0,70.0,0.0,-28775.289353,0.0
2019-01-11,12,0,104,13.0,13.0,0.0,-5343.982308,0.0
2019-01-11,12,0,106,104.88,104.88,0.0,543.078424,0.0
2019-01-11,12,0,109,60.0,60.0,0.0,413.69256,0.0
2019-01-11,12,0,110,213.39,213.39,0.0,-213390.0,0.0
2019-01-11,12,0,111,10.36,10.36,0.0,64.357503,0.0
2019-01-11,12,0,113,45.0,45.0,0.0,-11752.020054,0.0
2019-01-11,12,0,115,45.0,45.0,0.0,-11752.020054,0.0
2019-01-11,12,0,116,34.67,34.67,0.0,-34670.0,0.0
2019-01-11,12,0,117,3.0,3.0,0.0,-783.468004,0.0
2019-01-11,12,0,119,60.0,60.0,0.0,6874.867906,0.0
2019-01-11,12,0,120,35.28,35.28,0.0,4042.422329,0.0
2019-01-11,12,0,123,1.75,1.75,0.0,9.061663,0.0
2019-01-11,12,0,125,70.73,70.73,0.0,366.246538,0.0
2019-01-11,12,0,126,78.66,78.66,0.0,407.308818,0.0
2019-01-11,12,0,127,100.95,100.95,0.0,522.728518,0.0
2019-01-11,12,0,128,96.96,96.96,0.0,502.067925,0.0
2019-01-11,12,0,131,30.0,30.0,0.0,-11170.736096,0.0
2019-01-11,12,0,132,44.1,44.1,0.0,-16420.982061,0.0
2019-01-11,12,0,133,41.94,41.94,0.0,348.549466,0.0
2019-01-11,12,0,134,0.0,0.0,0.0,0.0,0.0
2019-01-11,12,0,135,56.2,56.2,0.0,467.059609,0.0
2019-01-11,12,0,136,45.9,45.9,0.0,380.289448,0.0
2019-01-11,12,0,139,37.44,37.44,0.0,232.581554,0.0
2019-01-11,12,0,140,157.93,157.93,0.0,-157930.0,0.0
2019-01-11,12,0,141,230.0,230.0,0.0,-127891.056724,0.0
2019-01-11,12,0,142,210.32,210.32,0.0,-116948.030653,0.0
2019-01-11,12,0,143,66.87,66.87,0.0,344.931604,0.0
2019-01-11,12,0,145,52.95,52.95,0.0,307.261086,0.0
2019-01-11,12,0,146,14.79,14.79,0.0,-14790.0,0.0
2019-01-11,12,0,152,2.23,2.23,0.0,17.131471,0.0
2019-01-11,12,0,153,2.85,2.85,0.0,21.81405,0.0
2019-01-11,12,0,154,42.75,42.75,0.0,265.56788,0.0
2019-01-11,12,0,157,0.0,0.0,0.0,-0.0,0.0
2019-01-11,12,0,158,153.84,153.84,0.0,-85542.435506,0.0
2019-01-11,12,0,159,0.0,0.0,0.0,0.0,0.0
2019-01-11,12,0,160,0.79,0.79,0.0,6.413966,0.0
2019-01-11,12,0,161,23.2,23.2,0.0,-9536.953043,0.0
2019-01-11,12,0,162,162.5,162.5,0.0,2804.361319,0.0
2019-01-11,12,0,163,163.65,163.65,0.0,-163650.0,0.0
2019-01-11,12,0,164,12.8,12.8,0.0,66.02549,0.0
2019-01-11,12,0,167,1.06,1.06,0.0,13.911936,0.0
2019-01-11,12,0,168,0.53,0.53,0.0,6.955968,0.0
2019-01-11,12,0,169,0.0,0.0,0.0,0.0,0.0
2019-01-11,12,0,170,1.16,1.16,0.0,15.224383,0.0
2019-01-11,12,0,172,1.52,1.52,0.0,24.920252,0.0
2019-01-11,12,0,173,2.32,2.32,0.0,38.036175,0.0
2019-01-11,12,0,188,2.49,2.49,0.0,64.753309,0.0
2019-01-11,12,0,190,2.58,2.58,0.0,83.663097,0.0
2019-01-11,12,0,191,6.66,6.66,0.0,215.96753,0.0
2019-01-11,12,0,192,271.07,271.07,0.0,8790.137908,0.0
2019-01-11,12,0,194,52.95,52.95,0.0,-6676.938322,0.0
2019-01-11,12,0,196,2.52,2.52,0.0,675.072341,0.0
2019-01-11,12,0,198,3.42,3.42,0.0,30.63913,0.0
2019-01-11,12,0,199,93.25,93.25,0.0,-2595.889855,0.0
2019-01-11,12,0,200,3.47,3.47,0.0,-96.597724,0.0
2019-01-11,12,0,204,257.1,257.1,0.0,1752.546426,0.0
2019-01-11,12,0,205,317.4,317.4,0.0,2188.433642,0.0
2019-01-11,12,0,206,539.95,539.95,0.0,2773.990028,0.0
2019-01-11,12,0,210,1.28,1.28,0.0,12.221029,0.0
2019-01-11,12,0,214,6.82,6.82,0.0,62.644787,0.0
2019-01-11,12,0,217,4.89,4.89,0.0,45.716594,0.0
2019-01-11,12,0,218,6.75,6.75,0.0,63.105727,0.0
2019-01-11,12,0,219,4.6,4.6,0.0,43.005385,0.0
2019-01-11,12,0,221,3.64,3.64,0.0,33.435047,0.0
2019-01-11,12,0,225,4.16,4.16,0.0,39.207249,0.0
2019-01-11,12,0,233,2.95,2.95,0.0,26.135804,0.0
2019-01-11,12,0,236,134.45,134.45,0.0,1076.385038,0.0
2019-01-11,12,0,237,291.11,291.11,0.0,2228.867843,0.0
2019-01-11,12,0,238,71.51,71.51,0.0,585.605251,0.0
2019-01-11,12,0,240,3.72,3.72,0.0,27.798809,0.0
2019-01-11,12,0,245,78.0,78.0,0.0,654.433185,0.0
2019-01-11,12,0,247,171.72,171.72,0.0,1440.759827,0.0
2019-01-11,12,0,248,29.22,29.22,0.0,223.721337,0.0
2019-01-11,12,0,249,150.0,150.0,0.0,1258.525355,0.0
2019-01-11,12,0,251,326.4,326.4,0.0,2692.78789,0.0
2019-01-11,12,0,252,267.06,267.06,0.0,2212.963638,0.0
2019-01-11,12,0,254,6.09,6.09,0.0,47.19047,0.0
2019-01-11,12,0,255,2.79,2.79,0.0,21.619279,0.0
2019-01-11,12,0,258,4.52,4.52,0.0,33.888057,0.0
2019-01-11,12,0,260,1.93,1.93,0.0,15.669563,0.0
2019-01-11,12,0,265,44.26,44.26,0.0,274.948173,0.0
2019-01-11,12,0,266,24.24,24.24,0.0,150.581647,0.0
2019-01-11,12,0,267,29.79,29.79,0.0,185.058881,0.0
2019-01-11,12,0,270,511.09,511.09,0.0,-511090.0,0.0
2019-01-11,12,0,272,150.39,150.39,0.0,-39275.251019,0.0
2019-01-11,12,0,273,8.29,8.29,0.0,-8290.0,0.0
2019-01-11,12,0,274,658.86,658.86,0.0,-658860.0,0.0
2019-01-11,12,0,275,917.14,917.14,0.0,-917140.0,0.0
2019-01-11,12,0,276,2.11,2.11,0.0,-1900.846051,0.0
2019-01-11,12,0,277,4.01,4.01,0.0,-1094.010284,0.0
2019-01-11,12,0,278,6.42,6.42,0.0,-1751.507736,0.0
2019-01-11,12,0,279,264.6,264.6,0.0,-72188.309497,0.0
2019-01-11,12,0,281,16.66,16.66,0.0,85.936302,0.0
2019-01-11,12,0,282,114.25,114.25,0.0,589.329082,0.0
2019-01-11,13,0,9,2.18,2.18,0.0,-9.930244,0.0
2019-01-11,13,0,17,20.0,20.0,0.0,108.13824,0.0
2019-01-11,13,0,19,192.99,192.99,0.0,1043.479947,0.0
2019-01-11,13,0,20,234.06,234.06,0.0,1265.541823,0.0
2019-01-11,13,0,21,49.9,49.9,0.0,-227.302384,0.0
2019-01-11,13,0,22,177.34,177.34,0.0,-807.81172,0.0
2019-01-11,13,0,23,90.35,90.35,0.0,-411.558526,0.0
2019-01-11,13,0,24,157.79,157.79,0.0,-718.758381,0.0
2019-01-11,13,0,29,4.72,4.72,0.0,42.449463,0.0
2019-01-11,13,0,30,426.52,426.52,0.0,-1969.811022,0.0
2019-01-11,13,0,31,32.69,32.69,0.0,-150.973277,0.0
2019-01-11,13,0,32,1.23,1.23,0.0,23.561479,0.0
2019-01-11,13,0,33,1.01,1.01,0.0,7.232,0.0
2019-01-11,13,0,34,1.61,1.61,0.0,11.528238,0.0
2019-01-11,13,0,35,1.61,1.61,0.0,11.528238,0.0
2019-01-11,13,0,36,2.62,2.62,0.0,7.197734,0.0
2019-01-11,13,0,37,1.28,1.28,0.0,3.481924,0.0
2019-01-11,13,0,38,1.65,1.65,0.0,4.488417,0.0
2019-01-11,13,0,39,1.1,1.1,0.0,2.992278,0.0
2019-01-11,13,0,40,1.1,1.1,0.0,2.992278,0.0
2019-01-11,13,0,41,29.29,29.29,0.0,-37.040656,0.0
2019-01-11,13,0,42,64.75,64.75,0.0,325.486469,0.0
2019-01-11,13,0,43,7.6,7.6,0.0,24.556661,0.0
2019-01-11,13,0,46,7.8,7.8,0.0,15.99756,0.0
2019-01-11,13,0,52,34.65,34.65,0.0,-160.025208,0.0
2019-01-11,13,0,53,55.05,55.05,0.0,-254.239184,0.0
2019-01-11,13,0,55,623.0,623.0,0.0,-2837.863436,0.0
2019-01-11,13,0,56,125.81,125.81,0.0,-581.032366,0.0
2019-01-11,13,0,57,119.67,119.67,0.0,-552.675807,0.0
2019-01-11,13,0,58,230.14,230.14,0.0,-1062.862958,0.0
2019-01-11,13,0,59,226.3,226.3,0.0,-1045.128562,0.0
2019-01-11,13,0,63,51.0,51.0,0.0,1386.64512,0.0
2019-01-11,13,0,64,60.0,60.0,0.0,1631.3472,0.0
2019-01-11,13,0,65,41.4,41.4,0.0,220.923027,0.0
2019-01-11,13,0,67,272.2,272.2,0.0,-10437.997973,0.0
2019-01-11,13,0,68,34.0,34.0,0.0,-797.079123,0.0
2019-01-11,13,0,69,1.01,1.01,0.0,7.232,0.0
2019-01-11,13,0,74,173.08,173.08,0.0,576.640868,0.0
2019-01-11,13,0,77,60.0,60.0,0.0,-637.690646,0.0
2019-01-11,13,0,78,45.36,45.36,0.0,-482.094128,0.0
2019-01-11,13,0,79,26.25,26.25,0.0,-278.989657,0.0
2019-01-11,13,0,80,42.45,42.45,0.0,-451.166132,0.0
2019-01-11,13,0,81,55.5,55.5,0.0,-589.863847,0.0
2019-01-11,13,0,82,39.15,39.15,0.0,-416.093146,0.0
2019-01-11,13,0,83,87.3,87.3,0.0,-927.839889,0.0
2019-01-11,13,0,84,0.0,0.0,0.0,0.0,0.0
2019-01-11,13,0,86,5.11,5.11,0.0,36.589626,0.0
2019-01-11,13,0,87,26.07,26.07,0.0,186.671535,0.0
2019-01-11,13,0,88,51.18,51.18,0.0,-543.950121,0.0
2019-01-11,13,0,89,49.2,49.2,0.0,-522.906329,0.0
2019-01-11,13,0,90,66.06,66.06,0.0,-702.097401,0.0
2019-01-11,13,0,91,235.65,235.65,0.0,-2504.530011,0.0
2019-01-11,13,0,92,84.75,84.75,0.0,-900.738037,0.0
2019-01-11,13,0,95,120.0,120.0,0.0,2333.493576,0.0
2019-01-11,13,0,96,29.88,29.88,0.0,-139.968537,0.0
2019-01-11,13,0,97,183.75,183.75,0.0,-860.75029,0.0
2019-01-11,13,0,99,33.41,33.41,0.0,111.310211,0.0
2019-01-11,13,0,101,8.59,8.59,0.0,-39.671473,0.0
2019-01-11,13,0,102,80.5,80.5,0.0,-1887.202042,0.0
2019-01-11,13,0,103,70.0,70.0,0.0,-1641.045254,0.0
2019-01-11,13,0,104,13.0,13.0,0.0,-304.765547,0.0
2019-01-11,13,0,106,174.57,174.57,0.0,-795.193933,0.0
2019-01-11,13,0,109,60.0,60.0,0.0,54.487141,0.0
2019-01-11,13,0,110,275.12,275.12,0.0,-23106.068173,0.0
2019-01-11,13,0,111,11.32,11.32,0.0,-14.315474,0.0
2019-01-11,13,0,113,45.0,45.0,0.0,-401.967236,0.0
2019-01-11,13,0,115,45.0,45.0,0.0,-401.967236,0.0
2019-01-11,13,0,116,61.76,61.76,0.0,-5186.93941,0.0
2019-01-11,13,0,117,3.0,3.0,0.0,-26.797816,0.0
2019-01-11,13,0,119,60.0,60.0,0.0,1631.3472,0.0
2019-01-11,13,0,120,35.28,35.28,0.0,959.232154,0.0
2019-01-11,13,0,123,2.91,2.91,0.0,-13.25551,0.0
2019-01-11,13,0,125,143.27,143.27,0.0,-652.617487,0.0
2019-01-11,13,0,126,130.93,130.93,0.0,-596.406837,0.0
2019-01-11,13,0,127,168.03,168.03,0.0,-765.403199,0.0
2019-01-11,13,0,128,202.25,202.25,0.0,-921.280706,0.0
2019-01-11,13,0,131,30.0,30.0,0.0,-583.898795,0.0
2019-01-11,13,0,132,44.1,44.1,0.0,-858.331228,0.0
2019-01-11,13,0,133,41.94,41.94,0.0,227.044885,0.0
2019-01-11,13,0,134,0.0,0.0,0.0,0.0,0.0
2019-01-11,13,0,135,56.2,56.2,0.0,304.242311,0.0
2019-01-11,13,0,136,45.9,45.9,0.0,244.758482,0.0
2019-01-11,13,0,139,37.83,37.83,0.0,-47.840492,0.0
2019-01-11,13,0,140,203.62,203.62,0.0,-17101.110793,0.0
2019-01-11,13,0,141,230.0,230.0,0.0,-8819.763166,0.0
2019-01-11,13,0,142,358.97,358.97,0.0,-13765.349494,0.0
2019-01-11,13,0,143,72.78,72.78,0.0,-336.122213,0.0
2019-01-11,13,0,145,100.0,100.0,0.0,-256.699875,0.0
2019-01-11,13,0,146,12.05,12.05,0.0,-1012.024286,0.0
2019-01-11,13,0,152,1.97,1.97,0.0,6.725259,0.0
2019-01-11,13,0,153,2.48,2.48,0.0,8.243592,0.0
2019-01-11,13,0,154,46.7,46.7,0.0,-59.057652,0.0
2019-01-11,13,0,157,0.0,0.0,0.0,-0.0,0.0
2019-01-11,13,0,158,141.04,141.04,0.0,-5408.432161,0.0
2019-01-11,13,0,159,0.0,0.0,0.0,0.0,0.0
2019-01-11,13,0,160,0.65,0.65,0.0,3.122238,0.0
2019-01-11,13,0,161,45.33,45.33,0.0,-1062.694019,0.0
2019-01-11,13,0,162,162.5,162.5,0.0,3174.27558,0.0
2019-01-11,13,0,163,97.6,97.6,0.0,-8196.976787,0.0
2019-01-11,13,0,164,19.4,19.4,0.0,-89.595643,0.0
2019-01-11,13,0,167,1.39,1.39,0.0,26.717895,0.0
2019-01-11,13,0,168,0.7,0.7,0.0,13.455055,0.0
2019-01-11,13,0,169,0.0,0.0,0.0,0.0,0.0
2019-01-11,13,0,170,1.52,1.52,0.0,29.216691,0.0
2019-01-11,13,0,172,1.83,1.83,0.0,29.995728,0.0
2019-01-11,13,0,173,2.79,2.79,0.0,45.731192,0.0
2019-01-11,13,0,188,2.44,2.44,0.0,43.152988,0.0
2019-01-11,13,0,190,2.58,2.58,0.0,70.14793,0.0
2019-01-11,13,0,191,6.66,6.66,0.0,181.079539,0.0
2019-01-11,13,0,192,305.01,305.01,0.0,8292.953491,0.0
2019-01-11,13,0,194,52.95,52.95,0.0,198.179532,0.0
2019-01-11,13,0,196,2.15,2.15,0.0,92.1549,0.0
2019-01-11,13,0,198,3.36,3.36,0.0,25.119788,0.0
2019-01-11,13,0,199,61.08,61.08,0.0,711.362171,0.0
2019-01-11,13,0,200,4.17,4.17,0.0,48.565492,0.0
2019-01-11,13,0,204,257.1,257.1,0.0,169.430291,0.0
2019-01-11,13,0,205,317.4,317.4,0.0,288.236975,0.0
2019-01-11,13,0,206,539.94,539.94,0.0,-2529.270811,0.0
2019-01-11,13,0,210,1.3,1.3,0.0,12.155094,0.0
2019-01-11,13,0,214,7.15,7.15,0.0,58.611172,0.0
2019-01-11,13,0,217,5.27,5.27,0.0,45.942854,0.0
2019-01-11,13,0,218,7.27,7.27,0.0,63.378473,0.0
2019-01-11,13,0,219,4.95,4.95,0.0,43.153155,0.0
2019-01-11,13,0,221,3.82,3.82,0.0,31.313941,0.0
2019-01-11,13,0,225,4.11,4.11,0.0,36.821893,0.0
2019-01-11,13,0,233,2.89,2.89,0.0,20.693546,0.0
2019-01-11,13,0,236,319.85,319.85,0.0,1421.256654,0.0
2019-01-11,13,0,237,415.21,415.21,0.0,1383.331723,0.0
2019-01-11,13,0,238,84.27,84.27,0.0,423.609957,0.0
2019-01-11,13,0,240,2.97,2.97,0.0,8.159263,0.0
2019-01-11,13,0,245,78.0,78.0,0.0,441.991266,0.0
2019-01-11,13,0,247,171.72,171.72,0.0,973.060771,0.0
2019-01-11,13,0,248,41.68,41.68,0.0,138.862904,0.0
2019-01-11,13,0,249,150.0,150.0,0.0,849.983203,0.0
2019-01-11,13,0,251,326.4,326.4,0.0,1703.932036,0.0
2019-01-11,13,0,252,267.06,267.06,0.0,1425.113612,0.0
2019-01-11,13,0,254,5.17,5.17,0.0,18.744798,0.0
2019-01-11,13,0,255,2.37,2.37,0.0,8.592876,0.0
2019-01-11,13,0,258,3.47,3.47,0.0,9.804077,0.0
2019-01-11,13,0,260,1.57,1.57,0.0,7.541406,0.0
2019-01-11,13,0,265,48.35,48.35,0.0,-61.144272,0.0
2019-01-11,13,0,266,24.49,24.49,0.0,-30.970491,0.0
2019-01-11,13,0,267,30.1,30.1,0.0,-38.064997,0.0
2019-01-11,13,0,270,303.69,303.69,0.0,-25505.531563,0.0
2019-01-11,13,0,272,150.39,150.39,0.0,-1343.374504,0.0
2019-01-11,13,0,273,14.77,14.77,0.0,-1240.464622,0.0
2019-01-11,13,0,274,391.32,391.32,0.0,-32865.173734,0.0
2019-01-11,13,0,275,544.47,544.47,0.0,-45727.540486,0.0
2019-01-11,13,0,276,2.92,2.92,0.0,-215.482209,0.0
2019-01-11,13,0,277,2.45,2.45,0.0,-23.550349,0.0
2019-01-11,13,0,278,3.93,3.93,0.0,-37.776683,0.0
2019-01-11,13,0,279,378.16,378.16,0.0,-3635.020458,0.0
2019-01-11,13,0,281,14.67,14.67,0.0,-67.750932,0.0
2019-01-11,13,0,282,233.97,233.97,0.0,-1080.55117,0.0
2019-01-11,14,0,9,2.28,2.28,0.0,-43.356931,0.0
2019-01-11,14,0,17,20.21,20.21,0.0,67.427745,0.0
2019-01-11,14,0,19,192.99,192.99,0.0,643.883248,0.0
2019-01-11,14,0,20,234.06,234.06,0.0,780.907368,0.0
2019-01-11,14,0,21,52.16,52.16,0.0,-991.884881,0.0
2019-01-11,14,0,22,185.37,185.37,0.0,-3525.0326,0.0
2019-01-11,14,0,23,42.61,42.61,0.0,-810.280191,0.0
2019-01-11,14,0,24,73.27,73.27,0.0,-1393.316818,0.0
2019-01-11,14,0,29,4.78,4.78,0.0,39.433547,0.0
2019-01-11,14,0,30,445.95,445.95,0.0,-8542.513015,0.0
2019-01-11,14,0,31,44.17,44.17,0.0,-846.110102,0.0
2019-01-11,14,0,32,1.25,1.25,0.0,57.420457,0.0
2019-01-11,14,0,33,1.05,1.05,0.0,7.753832,0.0
2019-01-11,14,0,34,1.68,1.68,0.0,12.406132,0.0
2019-01-11,14,0,35,1.68,1.68,0.0,12.406132,0.0
2019-01-11,14,0,36,2.74,2.74,0.0,-8.056066,0.0
2019-01-11,14,0,37,1.32,1.32,0.0,-3.992235,0.0
2019-01-11,14,0,38,1.7,1.7,0.0,-5.141514,0.0
2019-01-11,14,0,39,1.13,1.13,0.0,-3.417595,0.0
2019-01-11,14,0,40,1.13,1.13,0.0,-3.417595,0.0
2019-01-11,14,0,41,20.42,20.42,0.0,-239.320634,0.0
2019-01-11,14,0,42,67.68,67.68,0.0,166.414124,0.0
2019-01-11,14,0,43,7.95,7.95,0.0,-15.685703,0.0
2019-01-11,14,0,46,8.02,8.02,0.0,-36.272328,0.0
2019-01-11,14,0,52,46.82,46.82,0.0,-896.872877,0.0
2019-01-11,14,0,53,74.37,74.37,0.0,-1424.614179,0.0
2019-01-11,14,0,55,623.0,623.0,0.0,-11847.091274,0.0
2019-01-11,14,0,56,131.54,131.54,0.0,-2519.749214,0.0
2019-01-11,14,0,57,125.12,125.12,0.0,-2396.769208,0.0
2019-01-11,14,0,58,240.62,240.62,0.0,-4609.259966,0.0
2019-01-11,14,0,59,236.61,236.61,0.0,-4532.445352,0.0
2019-01-11,14,0,63,51.0,51.0,0.0,5905.72182,0.0
2019-01-11,14,0,64,60.0,60.0,0.0,6947.908023,0.0
2019-01-11,14,0,65,41.4,41.4,0.0,131.376525,0.0
2019-01-11,14,0,67,282.64,282.64,0.0,-156147.810784,0.0
2019-01-11,14,0,68,19.16,19.16,0.0,-7785.057246,0.0
2019-01-11,14,0,69,1.05,1.05,0.0,7.753832,0.0
2019-01-11,14,0,74,130.38,130.38,0.0,-187.057691,0.0
2019-01-11,14,0,77,60.0,60.0,0.0,-17024.780929,0.0
2019-01-11,14,0,78,45.36,45.36,0.0,-12870.734382,0.0
2019-01-11,14,0,79,26.25,26.25,0.0,-7448.341656,0.0
2019-01-11,14,0,80,42.45,42.45,0.0,-12045.032507,0.0
2019-01-11,14,0,81,55.5,55.5,0.0,-15747.922359,0.0
2019-01-11,14,0,82,39.15,39.15,0.0,-11108.669556,0.0
2019-01-11,14,0,83,87.3,87.3,0.0,-24771.056251,0.0
2019-01-11,14,0,84,0.0,0.0,0.0,-0.0,0.0
2019-01-11,14,0,86,5.34,5.34,0.0,39.433776,0.0
2019-01-11,14,0,87,27.24,27.24,0.0,201.156565,0.0
2019-01-11,14,0,88,51.18,51.18,0.0,-14522.138132,0.0
2019-01-11,14,0,89,49.2,49.2,0.0,-13960.320361,0.0
2019-01-11,14,0,90,66.06,66.06,0.0,-18744.283802,0.0
2019-01-11,14,0,91,235.65,235.65,0.0,-66864.827097,0.0
2019-01-11,14,0,92,84.75,84.75,0.0,-24047.503062,0.0
2019-01-11,14,0,95,120.0,120.0,0.0,2333.493576,0.0
2019-01-11,14,0,96,31.39,31.39,0.0,-605.877997,0.0
2019-01-11,14,0,97,210.51,210.51,0.0,-4063.184997,0.0
2019-01-11,14,0,99,25.17,25.17,0.0,-36.11169,0.0
2019-01-11,14,0,101,8.98,8.98,0.0,-172.018762,0.0
2019-01-11,14,0,102,45.25,45.25,0.0,-18385.899811,0.0
2019-01-11,14,0,103,39.36,39.36,0.0,-15992.685449,0.0
2019-01-11,14,0,104,7.37,7.37,0.0,-2994.565339,0.0
2019-01-11,14,0,106,182.48,182.48,0.0,-3470.075788,0.0
2019-01-11,14,0,109,60.0,60.0,0.0,-418.053856,0.0
2019-01-11,14,0,110,216.91,216.91,0.0,-216910.0,0.0
2019-01-11,14,0,111,12.23,12.23,0.0,-143.334542,0.0
2019-01-11,14,0,113,45.0,45.0,0.0,-11562.688603,0.0
2019-01-11,14,0,115,45.0,45.0,0.0,-11562.688603,0.0
2019-01-11,14,0,116,62.99,62.99,0.0,-62990.0,0.0
2019-01-11,14,0,117,3.0,3.0,0.0,-770.845907,0.0
2019-01-11,14,0,119,60.0,60.0,0.0,6947.908023,0.0
2019-01-11,14,0,120,35.28,35.28,0.0,4085.369918,0.0
2019-01-11,14,0,123,3.04,3.04,0.0,-57.809242,0.0
2019-01-11,14,0,125,66.79,66.79,0.0,-1270.091856,0.0
2019-01-11,14,0,126,136.86,136.86,0.0,-2602.556841,0.0
2019-01-11,14,0,127,175.64,175.64,0.0,-3340.004994,0.0
2019-01-11,14,0,128,92.7,92.7,0.0,-1762.801543,0.0
2019-01-11,14,0,131,30.0,30.0,0.0,-11018.633216,0.0
2019-01-11,14,0,132,44.1,44.1,0.0,-16197.390827,0.0
2019-01-11,14,0,133,41.94,41.94,0.0,140.570863,0.0
2019-01-11,14,0,134,0.0,0.0,0.0,0.0,0.0
2019-01-11,14,0,135,56.2,56.2,0.0,188.366297,0.0
2019-01-11,14,0,136,45.9,45.9,0.0,145.245828,0.0
2019-01-11,14,0,139,26.38,26.38,0.0,-309.171318,0.0
2019-01-11,14,0,140,160.53,160.53,0.0,-160530.0,0.0
2019-01-11,14,0,141,230.0,230.0,0.0,-127066.22021,0.0
2019-01-11,14,0,142,372.74,372.74,0.0,-205924.621397,0.0
2019-01-11,14,0,143,112.9,112.9,0.0,-2162.685771,0.0
2019-01-11,14,0,145,56.12,56.12,0.0,-821.102547,0.0
2019-01-11,14,0,146,0.0,0.0,0.0,-0.0,0.0
2019-01-11,14,0,152,2.11,2.11,0.0,-2.695232,0.0
2019-01-11,14,0,153,2.63,2.63,0.0,-3.906876,0.0
2019-01-11,14,0,154,50.45,50.45,0.0,-591.269636,0.0
2019-01-11,14,0,157,17.78,17.78,0.0,-9822.771284,0.0
2019-01-11,14,0,158,151.88,151.88,0.0,-83907.902285,0.0
2019-01-11,14,0,159,0.0,0.0,0.0,-0.0,0.0
2019-01-11,14,0,160,0.67,0.67,0.0,0.883202,0.0
2019-01-11,14,0,161,46.44,46.44,0.0,-18869.418502,0.0
2019-01-11,14,0,162,162.5,162.5,0.0,3291.26734,0.0
2019-01-11,14,0,163,130.61,130.61,0.0,-130610.0,0.0
2019-01-11,14,0,164,20.89,20.89,0.0,-400.163913,0.0
2019-01-11,14,0,167,1.39,1.39,0.0,22.539145,0.0
2019-01-11,14,0,168,0.69,0.69,0.0,11.188497,0.0
2019-01-11,14,0,169,0.0,0.0,0.0,0.0,0.0
2019-01-11,14,0,170,1.52,1.52,0.0,24.647123,0.0
2019-01-11,14,0,172,1.86,1.86,0.0,26.5222,0.0
2019-01-11,14,0,173,2.83,2.83,0.0,40.35367,0.0
2019-01-11,14,0,188,2.45,2.45,0.0,62.188765,0.0
2019-01-11,14,0,190,2.61,2.61,0.0,84.635924,0.0
2019-01-11,14,0,191,6.75,6.75,0.0,218.886011,0.0
2019-01-11,14,0,192,272.84,272.84,0.0,8847.534684,0.0
2019-01-11,14,0,194,52.95,52.95,0.0,-6521.477056,0.0
2019-01-11,14,0,196,2.18,2.18,0.0,589.247893,0.0
2019-01-11,14,0,198,3.44,3.44,0.0,23.181599,0.0
2019-01-11,14,0,199,111.17,111.17,0.0,-2185.893571,0.0
2019-01-11,14,0,200,4.27,4.27,0.0,-83.959391,0.0
2019-01-11,14,0,204,257.1,257.1,0.0,-1935.960806,0.0
2019-01-11,14,0,205,317.4,317.4,0.0,-2211.504896,0.0
2019-01-11,14,0,206,745.19,745.19,0.0,-14383.377643,0.0
2019-01-11,14,0,210,1.31,1.31,0.0,11.992204,0.0
2019-01-11,14,0,214,7.19,7.19,0.0,70.313651,0.0
2019-01-11,14,0,217,5.31,5.31,0.0,50.674026,0.0
2019-01-11,14,0,218,7.33,7.33,0.0,69.951151,0.0
2019-01-11,14,0,219,4.99,4.99,0.0,47.620224,0.0
2019-01-11,14,0,221,3.83,3.83,0.0,37.454977,0.0
2019-01-11,14,0,225,4.2,4.2,0.0,34.281788,0.0
2019-01-11,14,0,233,3.02,3.02,0.0,22.301499,0.0
2019-01-11,14,0,236,159.05,159.05,0.0,176.397191,0.0
2019-01-11,14,0,237,312.77,312.77,0.0,-448.73473,0.0
2019-01-11,14,0,238,88.1,88.1,0.0,216.623586,0.0
2019-01-11,14,0,240,3.11,3.11,0.0,-9.143929,0.0
2019-01-11,14,0,245,78.0,78.0,0.0,306.991557,0.0
2019-01-11,14,0,247,171.72,171.72,0.0,675.853721,0.0
2019-01-11,14,0,248,31.4,31.4,0.0,-45.049943,0.0
2019-01-11,14,0,249,150.0,150.0,0.0,590.36838,0.0
2019-01-11,14,0,251,326.4,326.4,0.0,948.424239,0.0
2019-01-11,14,0,252,267.06,267.06,0.0,847.473786,0.0
2019-01-11,14,0,254,5.28,5.28,0.0,-6.05696,0.0
2019-01-11,14,0,255,2.42,2.42,0.0,-2.776107,0.0
2019-01-11,14,0,258,3.61,3.61,0.0,-10.050137,0.0
2019-01-11,14,0,260,1.63,1.63,0.0,2.148686,0.0
2019-01-11,14,0,265,52.24,52.24,0.0,-612.248281,0.0
2019-01-11,14,0,266,17.08,17.08,0.0,-200.176122,0.0
2019-01-11,14,0,267,20.99,20.99,0.0,-246.000984,0.0
2019-01-11,14,0,270,454.05,454.05,0.0,-454050.0,0.0
2019-01-11,14,0,272,150.39,150.39,0.0,-38642.50531,0.0
2019-01-11,14,0,273,15.06,15.06,0.0,-15060.0,0.0
2019-01-11,14,0,274,605.65,605.65,0.0,-605650.0,0.0
2019-01-11,14,0,275,880.86,880.86,0.0,-880860.0,0.0
2019-01-11,14,0,276,2.97,2.97,0.0,-2673.220293,0.0
2019-01-11,14,0,277,2.54,2.54,0.0,-679.938369,0.0
2019-01-11,14,0,278,4.07,4.07,0.0,-1089.507544,0.0
2019-01-11,14,0,279,264.6,264.6,0.0,-70831.374983,0.0
2019-01-11,14,0,281,19.82,19.82,0.0,-379.667245,0.0
2019-01-11,14,0,282,244.63,244.63,0.0,-4686.07458,0.0
2019-01-11,15,0,9,2.15,2.15,0.0,-11.398763,0.0
2019-01-11,15,0,17,19.28,19.28,0.0,100.247211,0.0
2019-01-11,15,0,19,192.99,192.99,0.0,1003.460027,0.0
2019-01-11,15,0,20,234.06,234.06,0.0,1217.005306,0.0
2019-01-11,15,0,21,49.17,49.17,0.0,-260.68706,0.0
2019-01-11,15,0,22,174.76,174.76,0.0,-926.533873,0.0
2019-01-11,15,0,23,32.64,32.64,0.0,-173.049128,0.0
2019-01-11,15,0,24,57.75,57.75,0.0,-306.176077,0.0
2019-01-11,15,0,29,4.32,4.32,0.0,38.794888,0.0
2019-01-11,15,0,30,416.58,416.58,0.0,-2236.344683,0.0
2019-01-11,15,0,31,67.72,67.72,0.0,-363.544246,0.0
2019-01-11,15,0,32,1.14,1.14,0.0,52.678938,0.0
2019-01-11,15,0,33,0.99,0.99,0.0,6.977461,0.0
2019-01-11,15,0,34,1.58,1.58,0.0,11.135746,0.0
2019-01-11,15,0,35,1.58,1.58,0.0,11.135746,0.0
2019-01-11,15,0,36,2.6,2.6,0.0,6.22933,0.0
2019-01-11,15,0,37,1.25,1.25,0.0,2.959328,0.0
2019-01-11,15,0,38,1.61,1.61,0.0,3.811614,0.0
2019-01-11,15,0,39,1.07,1.07,0.0,2.533185,0.0
2019-01-11,15,0,40,1.07,1.07,0.0,2.533185,0.0
2019-01-11,15,0,41,22.84,22.84,0.0,-41.868016,0.0
2019-01-11,15,0,42,64.66,64.66,0.0,310.295359,0.0
2019-01-11,15,0,43,7.46,7.46,0.0,21.678775,0.0
2019-01-11,15,0,46,7.51,7.51,0.0,12.481257,0.0
2019-01-11,15,0,52,71.78,71.78,0.0,-385.339722,0.0
2019-01-11,15,0,53,114.04,114.04,0.0,-612.205933,0.0
2019-01-11,15,0,55,623.0,623.0,0.0,-3302.990404,0.0
2019-01-11,15,0,56,122.88,122.88,0.0,-659.662093,0.0
2019-01-11,15,0,57,116.88,116.88,0.0,-627.45203,0.0
2019-01-11,15,0,58,224.77,224.77,0.0,-1206.642648,0.0
2019-01-11,15,0,59,221.03,221.03,0.0,-1186.565042,0.0
2019-01-11,15,0,63,51.0,51.0,0.0,5874.528758,0.0
2019-01-11,15,0,64,60.0,60.0,0.0,6911.210304,0.0
2019-01-11,15,0,65,41.4,41.4,0.0,212.179776,0.0
2019-01-11,15,0,67,264.83,264.83,0.0,-146885.773705,0.0
2019-01-11,15,0,68,34.0,34.0,0.0,-13913.140001,0.0
2019-01-11,15,0,69,0.99,0.99,0.0,6.977461,0.0
2019-01-11,15,0,74,100.02,100.02,0.0,301.25485,0.0
2019-01-11,15,0,77,60.0,60.0,0.0,-17262.071266,0.0
2019-01-11,15,0,78,45.36,45.36,0.0,-13050.125877,0.0
2019-01-11,15,0,79,26.25,26.25,0.0,-7552.156179,0.0
2019-01-11,15,0,80,42.45,42.45,0.0,-12212.915421,0.0
2019-01-11,15,0,81,55.5,55.5,0.0,-15967.415921,0.0
2019-01-11,15,0,82,39.15,39.15,0.0,-11263.501501,0.0
2019-01-11,15,0,83,87.3,87.3,0.0,-25116.313692,0.0
2019-01-11,15,0,84,0.0,0.0,0.0,0.0,0.0
2019-01-11,15,0,86,4.99,4.99,0.0,35.169224,0.0
2019-01-11,15,0,87,25.48,25.48,0.0,179.58153,0.0
2019-01-11,15,0,88,51.18,51.18,0.0,-14724.54679,0.0
2019-01-11,15,0,89,49.2,49.2,0.0,-14154.898438,0.0
2019-01-11,15,0,90,66.06,66.06,0.0,-19005.540464,0.0
2019-01-11,15,0,91,235.65,235.65,0.0,-67796.784897,0.0
2019-01-11,15,0,92,84.75,84.75,0.0,-24382.675663,0.0
2019-01-11,15,0,95,120.0,120.0,0.0,2333.493576,0.0
2019-01-11,15,0,96,29.88,29.88,0.0,-162.485669,0.0
2019-01-11,15,0,97,183.75,183.75,0.0,-999.221608,0.0
2019-01-11,15,0,99,19.3,19.3,0.0,58.13056,0.0
2019-01-11,15,0,101,8.39,8.39,0.0,-45.040405,0.0
2019-01-11,15,0,102,80.5,80.5,0.0,-32941.405001,0.0
2019-01-11,15,0,103,70.0,70.0,0.0,-28644.700001,0.0
2019-01-11,15,0,104,13.0,13.0,0.0,-5319.73,0.0
2019-01-11,15,0,106,172.03,172.03,0.0,-912.060095,0.0
2019-01-11,15,0,109,60.0,60.0,0.0,27.434499,0.0
2019-01-11,15,0,110,171.43,171.43,0.0,-171430.0,0.0
2019-01-11,15,0,111,11.77,11.77,0.0,-21.575593,0.0
2019-01-11,15,0,113,45.0,45.0,0.0,-11677.655866,0.0
2019-01-11,15,0,115,45.0,45.0,0.0,-11677.655866,0.0
2019-01-11,15,0,116,58.45,58.45,0.0,-58450.0,0.0
2019-01-11,15,0,117,3.0,3.0,0.0,-778.510391,0.0
2019-01-11,15,0,119,60.0,60.0,0.0,6911.210304,0.0
2019-01-11,15,0,120,35.28,35.28,0.0,4063.791659,0.0
2019-01-11,15,0,123,2.87,2.87,0.0,-15.216023,0.0
2019-01-11,15,0,125,52.26,52.26,0.0,-277.069468,0.0
2019-01-11,15,0,126,129.02,129.02,0.0,-684.031817,0.0
2019-01-11,15,0,127,165.58,165.58,0.0,-877.863806,0.0
2019-01-11,15,0,128,74.85,74.85,0.0,-396.836006,0.0
2019-01-11,15,0,131,73.62,73.62,0.0,-27266.614365,0.0
2019-01-11,15,0,132,108.35,108.35,0.0,-40129.552655,0.0
2019-01-11,15,0,133,41.94,41.94,0.0,218.362979,0.0
2019-01-11,15,0,134,0.0,0.0,0.0,0.0,0.0
2019-01-11,15,0,135,56.2,56.2,0.0,292.608474,0.0
2019-01-11,15,0,136,45.9,45.9,0.0,235.055248,0.0
2019-01-11,15,0,139,29.69,29.69,0.0,-54.424755,0.0
2019-01-11,15,0,140,126.88,126.88,0.0,-126880.0,0.0
2019-01-11,15,0,141,230.0,230.0,0.0,-127567.601677,0.0
2019-01-11,15,0,142,349.25,349.25,0.0,-193708.629938,0.0
2019-01-11,15,0,143,183.98,183.98,0.0,-987.667902,0.0
2019-01-11,15,0,145,30.0,30.0,0.0,-96.179292,0.0
2019-01-11,15,0,146,0.0,0.0,0.0,-0.0,0.0
2019-01-11,15,0,152,1.97,1.97,0.0,6.104219,0.0
2019-01-11,15,0,153,2.47,2.47,0.0,7.419681,0.0
2019-01-11,15,0,154,48.56,48.56,0.0,-89.015363,0.0
2019-01-11,15,0,157,51.39,51.39,0.0,-28503.039349,0.0
2019-01-11,15,0,158,144.4,144.4,0.0,-80090.268183,0.0
2019-01-11,15,0,159,0.0,0.0,0.0,0.0,0.0
2019-01-11,15,0,160,0.63,0.63,0.0,2.874949,0.0
2019-01-11,15,0,161,43.05,43.05,0.0,-17616.490501,0.0
2019-01-11,15,0,162,162.5,162.5,0.0,3288.929184,0.0
2019-01-11,15,0,163,142.89,142.89,0.0,-142890.0,0.0
2019-01-11,15,0,164,19.59,19.59,0.0,-105.165856,0.0
2019-01-11,15,0,167,1.27,1.27,0.0,20.601505,0.0
2019-01-11,15,0,168,0.63,0.63,0.0,10.219644,0.0
2019-01-11,15,0,169,0.0,0.0,0.0,0.0,0.0
2019-01-11,15,0,170,1.39,1.39,0.0,22.548104,0.0
2019-01-11,15,0,172,1.72,1.72,0.0,27.399657,0.0
2019-01-11,15,0,173,2.62,2.62,0.0,41.736686,0.0
2019-01-11,15,0,188,2.23,2.23,0.0,57.70289,0.0
2019-01-11,15,0,190,2.46,2.46,0.0,79.771791,0.0
2019-01-11,15,0,191,6.36,6.36,0.0,206.239263,0.0
2019-01-11,15,0,192,247.09,247.09,0.0,8012.525088,0.0
2019-01-11,15,0,194,52.95,52.95,0.0,-6615.647431,0.0
2019-01-11,15,0,196,2.05,2.05,0.0,551.293215,0.0
2019-01-11,15,0,198,3.23,3.23,0.0,23.839859,0.0
2019-01-11,15,0,199,114.23,114.23,0.0,-2828.979139,0.0
2019-01-11,15,0,200,3.9,3.9,0.0,-96.585999,0.0
2019-01-11,15,0,204,257.1,257.1,0.0,50.042993,0.0
2019-01-11,15,0,205,317.4,317.4,0.0,145.128498,0.0
2019-01-11,15,0,206,539.94,539.94,0.0,-2936.161715,0.0
2019-01-11,15,0,210,1.2,1.2,0.0,11.227366,0.0
2019-01-11,15,0,214,6.57,6.57,0.0,53.486632,0.0
2019-01-11,15,0,217,4.84,4.84,0.0,42.057919,0.0
2019-01-11,15,0,218,6.68,6.68,0.0,58.04688,0.0
2019-01-11,15,0,219,4.55,4.55,0.0,39.53792,0.0
2019-01-11,15,0,221,3.5,3.5,0.0,28.49364,0.0
2019-01-11,15,0,225,3.81,3.81,0.0,34.076648,0.0
2019-01-11,15,0,233,2.82,2.82,0.0,19.875193,0.0
2019-01-11,15,0,236,179.56,179.56,0.0,751.278198,0.0
2019-01-11,15,0,237,239.93,239.93,0.0,722.656231,0.0
2019-01-11,15,0,238,84.16,84.16,0.0,403.873453,0.0
2019-01-11,15,0,240,2.94,2.94,0.0,7.043934,0.0
2019-01-11,15,0,245,78.0,78.0,0.0,426.912776,0.0
2019-01-11,15,0,247,171.72,171.72,0.0,939.864896,0.0
2019-01-11,15,0,248,24.08,24.08,0.0,72.527662,0.0
2019-01-11,15,0,249,150.0,150.0,0.0,820.986108,0.0
2019-01-11,15,0,251,326.4,326.4,0.0,1632.951656,0.0
2019-01-11,15,0,252,267.06,267.06,0.0,1368.713306,0.0
2019-01-11,15,0,254,4.98,4.98,0.0,16.543085,0.0
2019-01-11,15,0,255,2.28,2.28,0.0,7.573943,0.0
2019-01-11,15,0,258,3.43,3.43,0.0,8.500508,0.0
2019-01-11,15,0,260,1.53,1.53,0.0,6.982019,0.0
2019-01-11,15,0,265,50.28,50.28,0.0,-92.168295,0.0
2019-01-11,15,0,266,18.99,18.99,0.0,-34.810579,0.0
2019-01-11,15,0,267,23.48,23.48,0.0,-43.041201,0.0
2019-01-11,15,0,270,466.38,466.38,0.0,-466380.0,0.0
2019-01-11,15,0,272,150.39,150.39,0.0,-39026.725904,0.0
2019-01-11,15,0,273,13.98,13.98,0.0,-13980.0,0.0
2019-01-11,15,0,274,614.3,614.3,0.0,-614300.0,0.0
2019-01-11,15,0,275,881.73,881.73,0.0,-881730.0,0.0
2019-01-11,15,0,276,2.76,2.76,0.0,-2485.548091,0.0
2019-01-11,15,0,277,2.37,2.37,0.0,-641.815876,0.0
2019-01-11,15,0,278,3.8,3.8,0.0,-1029.071868,0.0
2019-01-11,15,0,279,264.6,264.6,0.0,-71655.899019,0.0
2019-01-11,15,0,281,30.39,30.39,0.0,-163.14397,0.0
2019-01-11,15,0,282,228.52,228.52,0.0,-1226.773937,0.0
2019-01-11,16,0,9,2.35,2.35,0.0,-77.812687,0.0
2019-01-11,16,0,17,19.39,19.39,0.0,104.840024,0.0
2019-01-11,16,0,19,332.0,332.0,0.0,1795.094785,0.0
2019-01-11,16,0,20,419.03,419.03,0.0,2265.658337,0.0
2019-01-11,16,0,21,53.63,53.63,0.0,-1775.784853,0.0
2019-01-11,16,0,22,190.61,190.61,0.0,-6311.436712,0.0
2019-01-11,16,0,23,32.64,32.64,0.0,-1080.768555,0.0
2019-01-11,16,0,24,57.75,57.75,0.0,-1912.205394,0.0
2019-01-11,16,0,29,3.37,3.37,0.0,17.928666,0.0
2019-01-11,16,0,30,470.5,470.5,0.0,-15689.449644,0.0
2019-01-11,16,0,31,107.76,107.76,0.0,-3593.400837,0.0
2019-01-11,16,0,32,1.06,1.06,0.0,48.327905,0.0
2019-01-11,16,0,33,0.78,0.78,0.0,9.901064,0.0
2019-01-11,16,0,34,1.25,1.25,0.0,15.86709,0.0
2019-01-11,16,0,35,1.25,1.25,0.0,15.86709,0.0
2019-01-11,16,0,36,2.31,2.31,0.0,-14.441689,0.0
2019-01-11,16,0,37,1.09,1.09,0.0,-7.043309,0.0
2019-01-11,16,0,38,1.4,1.4,0.0,-9.046452,0.0
2019-01-11,16,0,39,0.94,0.94,0.0,-6.074046,0.0
2019-01-11,16,0,40,0.94,0.94,0.0,-6.074046,0.0
2019-01-11,16,0,41,19.92,19.92,0.0,-413.853595,0.0
2019-01-11,16,0,42,47.93,47.93,0.0,183.447182,0.0
2019-01-11,16,0,43,6.59,6.59,0.0,-32.350799,0.0
2019-01-11,16,0,46,6.03,6.03,0.0,-54.477516,0.0
2019-01-11,16,0,52,114.22,114.22,0.0,-3808.818147,0.0
2019-01-11,16,0,53,181.47,181.47,0.0,-6051.359037,0.0
2019-01-11,16,0,55,623.0,623.0,0.0,-20628.640006,0.0
2019-01-11,16,0,56,138.78,138.78,0.0,-4627.804084,0.0
2019-01-11,16,0,57,132.01,132.01,0.0,-4402.04941,0.0
2019-01-11,16,0,58,253.87,253.87,0.0,-8465.633541,0.0
2019-01-11,16,0,59,249.64,249.64,0.0,-8324.578553,0.0
2019-01-11,16,0,63,51.0,51.0,0.0,5945.423858,0.0
2019-01-11,16,0,64,60.0,60.0,0.0,6994.616303,0.0
2019-01-11,16,0,65,41.4,41.4,0.0,211.698831,0.0
2019-01-11,16,0,67,248.85,248.85,0.0,-136784.009964,0.0
2019-01-11,16,0,68,34.0,34.0,0.0,-13688.652589,0.0
2019-01-11,16,0,69,0.78,0.78,0.0,9.901064,0.0
2019-01-11,16,0,74,49.71,49.71,0.0,-155.475668,0.0
2019-01-11,16,0,77,60.0,60.0,0.0,-16719.815203,0.0
2019-01-11,16,0,78,45.36,45.36,0.0,-12640.180294,0.0
2019-01-11,16,0,79,26.25,26.25,0.0,-7314.919152,0.0
2019-01-11,16,0,80,42.45,42.45,0.0,-11829.269256,0.0
2019-01-11,16,0,81,55.5,55.5,0.0,-15465.829063,0.0
2019-01-11,16,0,82,39.15,39.15,0.0,-10909.67942,0.0
2019-01-11,16,0,83,87.3,87.3,0.0,-24327.331121,0.0
2019-01-11,16,0,84,0.0,0.0,0.0,-0.0,0.0
2019-01-11,16,0,86,3.95,3.95,0.0,50.140004,0.0
2019-01-11,16,0,87,20.15,20.15,0.0,255.777488,0.0
2019-01-11,16,0,88,51.18,51.18,0.0,-14262.002369,0.0
2019-01-11,16,0,89,49.2,49.2,0.0,-13710.248467,0.0
2019-01-11,16,0,90,66.06,66.06,0.0,-18408.516539,0.0
2019-01-11,16,0,91,235.65,235.65,0.0,-65667.074212,0.0
2019-01-11,16,0,92,84.75,84.75,0.0,-23616.738975,0.0
2019-01-11,16,0,95,120.0,120.0,0.0,2333.493576,0.0
2019-01-11,16,0,96,29.88,29.88,0.0,-1003.712886,0.0
2019-01-11,16,0,97,183.75,183.75,0.0,-6172.431149,0.0
2019-01-11,16,0,99,10.9,10.9,0.0,-34.091426,0.0
2019-01-11,16,0,101,9.48,9.48,0.0,-316.123236,0.0
2019-01-11,16,0,102,80.5,80.5,0.0,-32409.898042,0.0
2019-01-11,16,0,103,70.0,70.0,0.0,-28182.520036,0.0
2019-01-11,16,0,104,13.0,13.0,0.0,-5233.896578,0.0
2019-01-11,16,0,106,187.64,187.64,0.0,-6213.09472,0.0
2019-01-11,16,0,109,57.35,57.35,0.0,-741.042886,0.0
2019-01-11,16,0,110,135.39,135.39,0.0,-135390.0,0.0
2019-01-11,16,0,111,6.63,6.63,0.0,-137.74344,0.0
2019-01-11,16,0,113,45.0,45.0,0.0,-11415.962115,0.0
2019-01-11,16,0,115,45.0,45.0,0.0,-11415.962115,0.0
2019-01-11,16,0,116,76.64,76.64,0.0,-76640.0,0.0
2019-01-11,16,0,117,3.0,3.0,0.0,-761.064141,0.0
2019-01-11,16,0,119,60.0,60.0,0.0,6994.616303,0.0
2019-01-11,16,0,120,35.28,35.28,0.0,4112.834386,0.0
2019-01-11,16,0,123,3.13,3.13,0.0,-103.639877,0.0
2019-01-11,16,0,125,52.26,52.26,0.0,-1730.421712,0.0
2019-01-11,16,0,126,140.73,140.73,0.0,-4659.82104,0.0
2019-01-11,16,0,127,180.6,180.6,0.0,-5979.987777,0.0
2019-01-11,16,0,128,74.85,74.85,0.0,-2478.416861,0.0
2019-01-11,16,0,131,30.0,30.0,0.0,-10899.990475,0.0
2019-01-11,16,0,132,44.1,44.1,0.0,-16022.985998,0.0
2019-01-11,16,0,133,50.5,50.5,0.0,274.44508,0.0
2019-01-11,16,0,134,0.0,0.0,0.0,0.0,0.0
2019-01-11,16,0,135,64.2,64.2,0.0,348.898498,0.0
2019-01-11,16,0,136,45.9,45.9,0.0,233.970224,0.0
2019-01-11,16,0,139,25.94,25.94,0.0,-538.923807,0.0
2019-01-11,16,0,140,100.21,100.21,0.0,-100210.0,0.0
2019-01-11,16,0,141,230.0,230.0,0.0,-126422.834204,0.0
2019-01-11,16,0,142,328.18,328.18,0.0,-180388.894474,0.0
2019-01-11,16,0,143,238.5,238.5,0.0,-7953.100404,0.0
2019-01-11,16,0,145,30.0,30.0,0.0,-772.880789,0.0
2019-01-11,16,0,146,32.45,32.45,0.0,-32450.0,0.0
2019-01-11,16,0,152,2.05,2.05,0.0,-6.007288,0.0
2019-01-11,16,0,153,2.34,2.34,0.0,-7.738789,0.0
2019-01-11,16,0,154,27.33,27.33,0.0,-567.802146,0.0
2019-01-11,16,0,157,117.24,117.24,0.0,-64442.665574,0.0
2019-01-11,16,0,158,77.42,77.42,0.0,-42555.025322,0.0
2019-01-11,16,0,159,0.0,0.0,0.0,-0.0,0.0
2019-01-11,16,0,160,0.48,0.48,0.0,0.056041,0.0
2019-01-11,16,0,161,45.15,45.15,0.0,-18177.725423,0.0
2019-01-11,16,0,162,162.5,162.5,0.0,3294.230413,0.0
2019-01-11,16,0,163,146.36,146.36,0.0,-146360.0,0.0
2019-01-11,16,0,164,19.4,19.4,0.0,-646.918859,0.0
2019-01-11,16,0,167,1.18,1.18,0.0,19.124129,0.0
2019-01-11,16,0,168,0.59,0.59,0.0,9.562064,0.0
2019-01-11,16,0,169,0.0,0.0,0.0,0.0,0.0
2019-01-11,16,0,170,1.29,1.29,0.0,20.906886,0.0
2019-01-11,16,0,172,1.61,1.61,0.0,19.556284,0.0
2019-01-11,16,0,173,2.45,2.45,0.0,29.759562,0.0
2019-01-11,16,0,188,2.17,2.17,0.0,53.730868,0.0
2019-01-11,16,0,190,3.91,3.91,0.0,126.791748,0.0
2019-01-11,16,0,191,10.1,10.1,0.0,327.518327,0.0
2019-01-11,16,0,192,227.58,227.58,0.0,7379.863449,0.0
2019-01-11,16,0,194,52.95,52.95,0.0,-6402.846277,0.0
2019-01-11,16,0,196,2.76,2.76,0.0,750.851197,0.0
2019-01-11,16,0,198,2.16,2.16,0.0,17.031768,0.0
2019-01-11,16,0,199,117.38,117.38,0.0,-1613.945505,0.0
2019-01-11,16,0,200,3.65,3.65,0.0,-50.186583,0.0
2019-01-11,16,0,204,257.1,257.1,0.0,-3573.712384,0.0
2019-01-11,16,0,205,303.38,303.38,0.0,-3920.097483,0.0
2019-01-11,16,0,206,539.94,539.94,0.0,-18137.37401,0.0
2019-01-11,16,0,210,0.94,0.94,0.0,6.734777,0.0
2019-01-11,16,0,214,4.36,4.36,0.0,74.146696,0.0
2019-01-11,16,0,217,3.5,3.5,0.0,44.685703,0.0
2019-01-11,16,0,218,4.83,4.83,0.0,61.66627,0.0
2019-01-11,16,0,219,3.29,3.29,0.0,42.00456,0.0
2019-01-11,16,0,221,2.32,2.32,0.0,39.454205,0.0
2019-01-11,16,0,225,2.92,2.92,0.0,15.014472,0.0
2019-01-11,16,0,233,2.23,2.23,0.0,28.306888,0.0
2019-01-11,16,0,236,159.03,159.03,0.0,220.993356,0.0
2019-01-11,16,0,237,113.68,113.68,0.0,-355.551678,0.0
2019-01-11,16,0,238,62.38,62.38,0.0,238.753082,0.0
2019-01-11,16,0,240,2.62,2.62,0.0,-16.379751,0.0
2019-01-11,16,0,245,78.0,78.0,0.0,505.898654,0.0
2019-01-11,16,0,247,171.72,171.72,0.0,1113.755345,0.0
2019-01-11,16,0,248,13.39,13.39,0.0,-41.879284,0.0
2019-01-11,16,0,249,150.0,150.0,0.0,972.882028,0.0
2019-01-11,16,0,251,326.4,326.4,0.0,1511.807052,0.0
2019-01-11,16,0,252,267.06,267.06,0.0,1365.610862,0.0
2019-01-11,16,0,254,3.78,3.78,0.0,-13.789125,0.0
2019-01-11,16,0,255,1.73,1.73,0.0,-6.310896,0.0
2019-01-11,16,0,258,3.15,3.15,0.0,-19.010093,0.0
2019-01-11,16,0,260,1.17,1.17,0.0,0.136599,0.0
2019-01-11,16,0,265,28.3,28.3,0.0,-587.954655,0.0
2019-01-11,16,0,266,16.54,16.54,0.0,-343.631449,0.0
2019-01-11,16,0,267,20.49,20.49,0.0,-425.695791,0.0
2019-01-11,16,0,270,395.58,395.58,0.0,-395580.0,0.0
2019-01-11,16,0,272,150.39,150.39,0.0,-38152.145387,0.0
2019-01-11,16,0,273,18.33,18.33,0.0,-18330.0,0.0
2019-01-11,16,0,274,493.67,493.67,0.0,-493670.0,0.0
2019-01-11,16,0,275,661.83,661.83,0.0,-661830.0,0.0
2019-01-11,16,0,276,3.59,3.59,0.0,-3229.02402,0.0
2019-01-11,16,0,277,3.0,3.0,0.0,-791.103432,0.0
2019-01-11,16,0,278,4.79,4.79,0.0,-1263.128479,0.0
2019-01-11,16,0,279,604.22,604.22,0.0,-159333.505177,0.0
2019-01-11,16,0,281,48.36,48.36,0.0,-1612.62866,0.0
2019-01-11,16,0,282,258.1,258.1,0.0,-8606.688529,0.0
2019-01-11,17,0,9,1.59,1.59,0.0,-17.690138,0.0
2019-01-11,17,0,17,13.18,13.18,0.0,84.564152,0.0
2019-01-11,17,0,19,284.63,284.63,0.0,1826.213553,0.0
2019-01-11,17,0,20,342.76,342.76,0.0,2199.181244,0.0
2019-01-11,17,0,21,36.42,36.42,0.0,-405.204286,0.0
2019-01-11,17,0,22,129.43,129.43,0.0,-1440.021711,0.0
2019-01-11,17,0,23,47.2,47.2,0.0,-525.141194,0.0
2019-01-11,17,0,24,83.96,83.96,0.0,-934.128277,0.0
2019-01-11,17,0,29,2.23,2.23,0.0,15.984231,0.0
2019-01-11,17,0,30,324.92,324.92,0.0,-3649.904849,0.0
2019-01-11,17,0,31,64.81,64.81,0.0,-728.026386,0.0
2019-01-11,17,0,32,0.71,0.71,0.0,34.621121,0.0
2019-01-11,17,0,33,0.53,0.53,0.0,5.144102,0.0
2019-01-11,17,0,34,0.85,0.85,0.0,8.249975,0.0
2019-01-11,17,0,35,0.85,0.85,0.0,8.249975,0.0
2019-01-11,17,0,36,1.6,1.6,0.0,1.895214,0.0
2019-01-11,17,0,37,0.74,0.74,0.0,0.810219,0.0
2019-01-11,17,0,38,0.96,0.96,0.0,1.051094,0.0
2019-01-11,17,0,39,0.64,0.64,0.0,0.70073,0.0
2019-01-11,17,0,40,0.64,0.64,0.0,0.70073,0.0
2019-01-11,17,0,41,6.71,6.71,0.0,-36.81064,0.0
2019-01-11,17,0,42,32.9,32.9,0.0,187.628463,0.0
2019-01-11,17,0,43,4.45,4.45,0.0,8.125562,0.0
2019-01-11,17,0,46,4.16,4.16,0.0,-0.322801,0.0
2019-01-11,17,0,52,68.7,68.7,0.0,-771.723696,0.0
2019-01-11,17,0,53,109.15,109.15,0.0,-1226.108317,0.0
2019-01-11,17,0,55,580.51,580.51,0.0,-6458.680393,0.0
2019-01-11,17,0,56,95.84,95.84,0.0,-1076.593872,0.0
2019-01-11,17,0,57,91.16,91.16,0.0,-1024.022301,0.0
2019-01-11,17,0,58,175.31,175.31,0.0,-1969.299579,0.0
2019-01-11,17,0,59,172.39,172.39,0.0,-1936.498513,0.0
2019-01-11,17,0,63,95.49,95.49,0.0,11233.598159,0.0
2019-01-11,17,0,64,112.31,112.31,0.0,13212.330184,0.0
2019-01-11,17,0,65,41.4,41.4,0.0,260.142239,0.0
2019-01-11,17,0,67,169.85,169.85,0.0,-93863.504764,0.0
2019-01-11,17,0,68,19.11,19.11,0.0,-7768.899997,0.0
2019-01-11,17,0,69,0.53,0.53,0.0,5.144102,0.0
2019-01-11,17,0,74,26.27,26.27,0.0,67.205935,0.0
2019-01-11,17,0,77,60.0,60.0,0.0,-17052.996628,0.0
2019-01-11,17,0,78,45.36,45.36,0.0,-12892.06545,0.0
2019-01-11,17,0,79,26.25,26.25,0.0,-7460.686025,0.0
2019-01-11,17,0,80,42.45,42.45,0.0,-12064.995114,0.0
2019-01-11,17,0,81,55.5,55.5,0.0,-15774.02188,0.0
2019-01-11,17,0,82,39.15,39.15,0.0,-11127.080299,0.0
2019-01-11,17,0,83,87.3,87.3,0.0,-24812.110093,0.0
2019-01-11,17,0,84,0.0,0.0,0.0,0.0,0.0
2019-01-11,17,0,86,2.68,2.68,0.0,26.011684,0.0
2019-01-11,17,0,87,13.66,13.66,0.0,132.581943,0.0
2019-01-11,17,0,88,51.18,51.18,0.0,-14546.206123,0.0
2019-01-11,17,0,89,49.2,49.2,0.0,-13983.457235,0.0
2019-01-11,17,0,90,66.06,66.06,0.0,-18775.349287,0.0
2019-01-11,17,0,91,235.65,235.65,0.0,-66975.644255,0.0
2019-01-11,17,0,92,84.75,84.75,0.0,-24087.357736,0.0
2019-01-11,17,0,95,120.0,120.0,0.0,2333.493576,0.0
2019-01-11,17,0,96,29.88,29.88,0.0,-339.002122,0.0
2019-01-11,17,0,97,183.75,183.75,0.0,-2084.726904,0.0
2019-01-11,17,0,99,5.34,5.34,0.0,13.661199,0.0
2019-01-11,17,0,101,6.55,6.55,0.0,-73.577732,0.0
2019-01-11,17,0,102,45.19,45.19,0.0,-18371.354832,0.0
2019-01-11,17,0,103,39.3,39.3,0.0,-15976.858706,0.0
2019-01-11,17,0,104,7.33,7.33,0.0,-2979.907743,0.0
2019-01-11,17,0,106,127.42,127.42,0.0,-1417.658706,0.0
2019-01-11,17,0,109,35.22,35.22,0.0,-66.141382,0.0
2019-01-11,17,0,110,76.19,76.19,0.0,-76190.0,0.0
2019-01-11,17,0,111,4.89,4.89,0.0,-26.826234,0.0
2019-01-11,17,0,113,45.0,45.0,0.0,-11553.594277,0.0
2019-01-11,17,0,115,45.0,45.0,0.0,-11553.594277,0.0
2019-01-11,17,0,116,53.18,53.18,0.0,-53180.0,0.0
2019-01-11,17,0,117,3.0,3.0,0.0,-770.239618,0.0
2019-01-11,17,0,119,112.31,112.31,0.0,13212.330184,0.0
2019-01-11,17,0,120,66.1,66.1,0.0,7776.110989,0.0
2019-01-11,17,0,123,2.12,2.12,0.0,-23.58685,0.0
2019-01-11,17,0,125,75.89,75.89,0.0,-844.342483,0.0
2019-01-11,17,0,126,95.56,95.56,0.0,-1063.188401,0.0
2019-01-11,17,0,127,122.64,122.64,0.0,-1364.477035,0.0
2019-01-11,17,0,128,109.23,109.23,0.0,-1215.279081,0.0
2019-01-11,17,0,131,30.0,30.0,0.0,-11025.590932,0.0
2019-01-11,17,0,132,44.1,44.1,0.0,-16207.61867,0.0
2019-01-11,17,0,133,111.85,111.85,0.0,719.036336,0.0
2019-01-11,17,0,134,0.0,0.0,0.0,0.0,0.0
2019-01-11,17,0,135,146.43,146.43,0.0,941.336528,0.0
2019-01-11,17,0,136,45.9,45.9,0.0,288.084775,0.0
2019-01-11,17,0,139,8.67,8.67,0.0,-47.563077,0.0
2019-01-11,17,0,140,56.39,56.39,0.0,-56390.0,0.0
2019-01-11,17,0,141,230.0,230.0,0.0,-127103.951108,0.0
2019-01-11,17,0,142,223.99,223.99,0.0,-123782.669603,0.0
2019-01-11,17,0,143,198.87,198.87,0.0,-2233.95475,0.0
2019-01-11,17,0,145,29.21,29.21,0.0,-226.664191,0.0
2019-01-11,17,0,146,53.4,53.4,0.0,-53400.0,0.0
2019-01-11,17,0,152,1.4,1.4,0.0,3.716931,0.0
2019-01-11,17,0,153,1.59,1.59,0.0,3.951198,0.0
2019-01-11,17,0,154,20.15,20.15,0.0,-110.541638,0.0
2019-01-11,17,0,157,127.44,127.44,0.0,-70426.641431,0.0
2019-01-11,17,0,158,53.32,53.32,0.0,-29466.011622,0.0
2019-01-11,17,0,159,0.0,0.0,0.0,0.0,0.0
2019-01-11,17,0,160,0.33,0.33,0.0,1.377599,0.0
2019-01-11,17,0,161,31.09,31.09,0.0,-12639.199419,0.0
2019-01-11,17,0,162,162.5,162.5,0.0,3290.024217,0.0
2019-01-11,17,0,163,173.69,173.69,0.0,-173690.0,0.0
2019-01-11,17,0,164,13.76,13.76,0.0,-154.569404,0.0
2019-01-11,17,0,167,0.78,0.78,0.0,12.572286,0.0
2019-01-11,17,0,168,0.39,0.39,0.0,6.286143,0.0
2019-01-11,17,0,169,0.0,0.0,0.0,0.0,0.0
2019-01-11,17,0,170,0.86,0.86,0.0,13.861751,0.0
2019-01-11,17,0,172,1.07,1.07,0.0,18.053735,0.0
2019-01-11,17,0,173,1.63,1.63,0.0,27.502419,0.0
2019-01-11,17,0,188,1.45,1.45,0.0,40.108386,0.0
2019-01-11,17,0,190,2.66,2.66,0.0,86.257302,0.0
2019-01-11,17,0,191,6.88,6.88,0.0,223.101593,0.0
2019-01-11,17,0,192,190.11,190.11,0.0,6164.802884,0.0
2019-01-11,17,0,194,52.95,52.95,0.0,-6479.67104,0.0
2019-01-11,17,0,196,1.9,1.9,0.0,516.994201,0.0
2019-01-11,17,0,198,1.47,1.47,0.0,11.551012,0.0
2019-01-11,17,0,199,102.02,102.02,0.0,-2251.653368,0.0
2019-01-11,17,0,200,2.47,2.47,0.0,-54.514642,0.0
2019-01-11,17,0,204,165.22,165.22,0.0,-383.769021,0.0
2019-01-11,17,0,205,186.31,186.31,0.0,-349.880777,0.0
2019-01-11,17,0,206,539.94,539.94,0.0,-6125.863642,0.0
2019-01-11,17,0,210,0.63,0.63,0.0,5.028308,0.0
2019-01-11,17,0,214,2.94,2.94,0.0,34.258719,0.0
2019-01-11,17,0,217,2.33,2.33,0.0,23.47866,0.0
2019-01-11,17,0,218,3.21,3.21,0.0,32.346137,0.0
2019-01-11,17,0,219,2.19,2.19,0.0,22.067925,0.0
2019-01-11,17,0,221,1.57,1.57,0.0,18.294622,0.0
2019-01-11,17,0,225,1.94,1.94,0.0,13.75313,0.0
2019-01-11,17,0,233,1.51,1.51,0.0,14.655837,0.0
2019-01-11,17,0,236,157.42,157.42,0.0,724.626479,0.0
2019-01-11,17,0,237,64.92,64.92,0.0,166.083339,0.0
2019-01-11,17,0,238,42.82,42.82,0.0,244.202151,0.0
2019-01-11,17,0,240,1.81,1.81,0.0,2.14396,0.0
2019-01-11,17,0,245,78.0,78.0,0.0,538.451054,0.0
2019-01-11,17,0,247,171.72,171.72,0.0,1185.420704,0.0
2019-01-11,17,0,248,6.61,6.61,0.0,16.910211,0.0
2019-01-11,17,0,249,150.0,150.0,0.0,1035.482796,0.0
2019-01-11,17,0,251,326.4,326.4,0.0,1979.987838,0.0
2019-01-11,17,0,252,267.06,267.06,0.0,1678.105948,0.0
2019-01-11,17,0,254,2.58,2.58,0.0,6.231497,0.0
2019-01-11,17,0,255,1.18,1.18,0.0,2.850064,0.0
2019-01-11,17,0,258,2.19,2.19,0.0,2.82096,0.0
2019-01-11,17,0,260,0.8,0.8,0.0,3.339633,0.0
2019-01-11,17,0,265,20.86,20.86,0.0,-114.436653,0.0
2019-01-11,17,0,266,5.61,5.61,0.0,-30.776109,0.0
2019-01-11,17,0,267,6.9,6.9,0.0,-37.852968,0.0
2019-01-11,17,0,270,542.43,542.43,0.0,-542430.0,0.0
2019-01-11,17,0,272,150.39,150.39,0.0,-38612.112074,0.0
2019-01-11,17,0,273,12.72,12.72,0.0,-12720.0,0.0
2019-01-11,17,0,274,699.26,699.26,0.0,-699260.0,0.0
2019-01-11,17,0,275,973.38,973.38,0.0,-973380.0,0.0
2019-01-11,17,0,276,2.48,2.48,0.0,-2232.274786,0.0
2019-01-11,17,0,277,2.05,2.05,0.0,-548.907455,0.0
2019-01-11,17,0,278,3.29,3.29,0.0,-880.929526,0.0
2019-01-11,17,0,279,264.6,264.6,0.0,-70849.225682,0.0
2019-01-11,17,0,281,29.09,29.09,0.0,-326.774997,0.0
2019-01-11,17,0,282,178.24,178.24,0.0,-2002.212977,0.0
2019-01-11,18,0,9,0.81,0.81,0.0,5.316273,0.0
2019-01-11,18,0,17,6.2,6.2,0.0,57.041722,0.0
2019-01-11,18,0,19,332.94,332.94,0.0,3063.140483,0.0
2019-01-11,18,0,20,405.43,405.43,0.0,3730.068619,0.0
2019-01-11,18,0,21,18.57,18.57,0.0,121.880485,0.0
2019-01-11,18,0,22,66.0,66.0,0.0,433.177815,0.0
2019-01-11,18,0,23,86.65,86.65,0.0,568.709964,0.0
2019-01-11,18,0,24,153.76,153.76,0.0,1009.173043,0.0
2019-01-11,18,0,29,0.86,0.86,0.0,8.728709,0.0
2019-01-11,18,0,30,174.41,174.41,0.0,1141.788655,0.0
2019-01-11,18,0,31,26.18,26.18,0.0,171.38941,0.0
2019-01-11,18,0,32,0.28,0.28,0.0,4.536228,0.0
2019-01-11,18,0,33,0.24,0.24,0.0,2.319463,0.0
2019-01-11,18,0,34,0.39,0.39,0.0,3.769127,0.0
2019-01-11,18,0,35,0.39,0.39,0.0,3.769127,0.0
2019-01-11,18,0,36,0.74,0.74,0.0,6.287228,0.0
2019-01-11,18,0,37,0.35,0.35,0.0,2.97119,0.0
2019-01-11,18,0,38,0.45,0.45,0.0,3.820101,0.0
2019-01-11,18,0,39,0.3,0.3,0.0,2.546734,0.0
2019-01-11,18,0,40,0.3,0.3,0.0,2.546734,0.0
2019-01-11,18,0,41,5.19,5.19,0.0,38.584079,0.0
2019-01-11,18,0,42,17.1,17.1,0.0,155.604293,0.0
2019-01-11,18,0,43,2.02,2.02,0.0,17.421181,0.0
2019-01-11,18,0,46,1.89,1.89,0.0,15.709593,0.0
2019-01-11,18,0,52,27.75,27.75,0.0,181.667537,0.0
2019-01-11,18,0,53,44.11,44.11,0.0,288.769552,0.0
2019-01-11,18,0,55,228.46,228.46,0.0,1499.451569,0.0
2019-01-11,18,0,56,51.44,51.44,0.0,336.755968,0.0
2019-01-11,18,0,57,48.93,48.93,0.0,320.324058,0.0
2019-01-11,18,0,58,94.1,94.1,0.0,616.032982,0.0
2019-01-11,18,0,59,92.54,92.54,0.0,605.820321,0.0
2019-01-11,18,0,63,170.0,170.0,0.0,3225.000854,0.0
2019-01-11,18,0,64,200.0,200.0,0.0,3794.118652,0.0
2019-01-11,18,0,65,41.4,41.4,0.0,380.117742,0.0
2019-01-11,18,0,67,86.02,86.02,0.0,-416.164448,0.0
2019-01-11,18,0,68,10.2,10.2,0.0,4.564121,0.0
2019-01-11,18,0,69,0.24,0.24,0.0,2.319463,0.0
2019-01-11,18,0,74,10.63,10.63,0.0,91.959604,0.0
2019-01-11,18,0,77,60.0,60.0,0.0,297.345674,0.0
2019-01-11,18,0,78,45.36,45.36,0.0,224.79333,0.0
2019-01-11,18,0,79,26.25,26.25,0.0,130.088733,0.0
2019-01-11,18,0,80,42.45,42.45,0.0,210.372065,0.0
2019-01-11,18,0,81,55.5,55.5,0.0,275.044749,0.0
2019-01-11,18,0,82,39.15,39.15,0.0,194.018053,0.0
2019-01-11,18,0,83,87.3,87.3,0.0,432.637956,0.0
2019-01-11,18,0,84,0.0,0.0,0.0,0.0,0.0
2019-01-11,18,0,86,1.22,1.22,0.0,11.790602,0.0
2019-01-11,18,0,87,6.24,6.24,0.0,60.306032,0.0
2019-01-11,18,0,88,51.18,51.18,0.0,253.63586,0.0
2019-01-11,18,0,89,49.2,49.2,0.0,243.823453,0.0
2019-01-11,18,0,90,66.06,66.06,0.0,327.377588,0.0
2019-01-11,18,0,91,235.65,235.65,0.0,1167.825136,0.0
2019-01-11,18,0,92,84.75,84.75,0.0,420.000765,0.0
2019-01-11,18,0,95,120.0,120.0,0.0,1957.458806,0.0
2019-01-11,18,0,96,29.88,29.88,0.0,195.089552,0.0
2019-01-11,18,0,97,183.75,183.75,0.0,1199.722394,0.0
2019-01-11,18,0,99,2.05,2.05,0.0,17.734449,0.0
2019-01-11,18,0,101,3.51,3.51,0.0,22.978488,0.0
2019-01-11,18,0,102,24.15,24.15,0.0,10.806228,0.0
2019-01-11,18,0,103,21.0,21.0,0.0,9.39672,0.0
2019-01-11,18,0,104,3.9,3.9,0.0,1.745105,0.0
2019-01-11,18,0,106,64.97,64.97,0.0,426.417616,0.0
2019-01-11,18,0,109,19.85,19.85,0.0,158.98737,0.0
2019-01-11,18,0,110,37.06,37.06,0.0,-779.140294,0.0
2019-01-11,18,0,111,2.49,2.49,0.0,18.511437,0.0
2019-01-11,18,0,113,45.0,45.0,0.0,255.487691,0.0
2019-01-11,18,0,115,45.0,45.0,0.0,255.487691,0.0
2019-01-11,18,0,116,24.43,24.43,0.0,-513.610291,0.0
2019-01-11,18,0,117,3.0,3.0,0.0,17.032513,0.0
2019-01-11,18,0,119,200.0,200.0,0.0,3794.118652,0.0
2019-01-11,18,0,120,117.6,117.6,0.0,2230.941767,0.0
2019-01-11,18,0,123,1.08,1.08,0.0,7.088364,0.0
2019-01-11,18,0,125,139.06,139.06,0.0,912.692529,0.0
2019-01-11,18,0,126,48.73,48.73,0.0,319.82962,0.0
2019-01-11,18,0,127,62.54,62.54,0.0,410.468796,0.0
2019-01-11,18,0,128,199.68,199.68,0.0,1310.559789,0.0
2019-01-11,18,0,131,30.0,30.0,0.0,55.771386,0.0
2019-01-11,18,0,132,44.1,44.1,0.0,81.983937,0.0
2019-01-11,18,0,133,139.8,139.8,0.0,1286.445002,0.0
2019-01-11,18,0,134,0.0,0.0,0.0,0.0,0.0
2019-01-11,18,0,135,187.33,187.33,0.0,1723.817899,0.0
2019-01-11,18,0,136,45.9,45.9,0.0,421.387793,0.0
2019-01-11,18,0,139,6.71,6.71,0.0,49.884234,0.0
2019-01-11,18,0,140,27.43,27.43,0.0,-576.681551,0.0
2019-01-11,18,0,141,143.79,143.79,0.0,-695.655498,0.0
2019-01-11,18,0,142,113.44,113.44,0.0,-548.822308,0.0
2019-01-11,18,0,143,93.89,93.89,0.0,614.658201,0.0
2019-01-11,18,0,145,25.01,25.01,0.0,177.310133,0.0
2019-01-11,18,0,146,82.45,82.45,0.0,-1733.408452,0.0
2019-01-11,18,0,152,0.67,0.67,0.0,5.810714,0.0
2019-01-11,18,0,153,0.76,0.76,0.0,6.573191,0.0
2019-01-11,18,0,154,10.28,10.28,0.0,76.424728,0.0
2019-01-11,18,0,157,141.03,141.03,0.0,-682.302628,0.0
2019-01-11,18,0,158,26.76,26.76,0.0,-129.464783,0.0
2019-01-11,18,0,159,0.0,0.0,0.0,0.0,0.0
2019-01-11,18,0,160,0.15,0.15,0.0,1.356081,0.0
2019-01-11,18,0,161,15.26,15.26,0.0,6.828283,0.0
2019-01-11,18,0,162,162.5,162.5,0.0,2655.520874,0.0
2019-01-11,18,0,163,126.49,126.49,0.0,-2659.294544,0.0
2019-01-11,18,0,164,7.76,7.76,0.0,50.801445,0.0
2019-01-11,18,0,167,0.29,0.29,0.0,4.707853,0.0
2019-01-11,18,0,168,0.15,0.15,0.0,2.435097,0.0
2019-01-11,18,0,169,0.0,0.0,0.0,0.0,0.0
2019-01-11,18,0,170,0.32,0.32,0.0,5.194873,0.0
2019-01-11,18,0,172,0.41,0.41,0.0,6.337126,0.0
2019-01-11,18,0,173,0.63,0.63,0.0,9.737536,0.0
2019-01-11,18,0,188,0.57,0.57,0.0,8.959671,0.0
2019-01-11,18,0,190,1.14,1.14,0.0,21.626476,0.0
2019-01-11,18,0,191,2.94,2.94,0.0,55.773544,0.0
2019-01-11,18,0,192,158.73,158.73,0.0,3011.202268,0.0
2019-01-11,18,0,194,98.98,98.98,0.0,1018.026336,0.0
2019-01-11,18,0,196,0.85,0.85,0.0,20.835307,0.0
2019-01-11,18,0,198,0.63,0.63,0.0,6.141242,0.0
2019-01-11,18,0,199,88.87,88.87,0.0,1002.991389,0.0
2019-01-11,18,0,200,1.02,1.02,0.0,11.511772,0.0
2019-01-11,18,0,204,96.73,96.73,0.0,768.37461,0.0
2019-01-11,18,0,205,104.99,104.99,0.0,840.911034,0.0
2019-01-11,18,0,206,539.94,539.94,0.0,3525.323046,0.0
2019-01-11,18,0,210,0.24,0.24,0.0,2.458569,0.0
2019-01-11,18,0,214,1.23,1.23,0.0,12.224867,0.0
2019-01-11,18,0,217,0.94,0.94,0.0,9.472077,0.0
2019-01-11,18,0,218,1.29,1.29,0.0,12.998915,0.0
2019-01-11,18,0,219,0.88,0.88,0.0,8.867477,0.0
2019-01-11,18,0,221,0.66,0.66,0.0,6.559685,0.0
2019-01-11,18,0,225,0.76,0.76,0.0,7.706816,0.0
2019-01-11,18,0,233,0.69,0.69,0.0,6.668455,0.0
2019-01-11,18,0,236,110.31,110.31,0.0,986.752022,0.0
2019-01-11,18,0,237,25.5,25.5,0.0,220.599239,0.0
2019-01-11,18,0,238,22.25,22.25,0.0,202.467574,0.0
2019-01-11,18,0,240,0.84,0.84,0.0,7.136854,0.0
2019-01-11,18,0,245,78.0,78.0,0.0,722.982441,0.0
2019-01-11,18,0,247,171.72,171.72,0.0,1591.673651,0.0
2019-01-11,18,0,248,2.56,2.56,0.0,22.146433,0.0
2019-01-11,18,0,249,150.0,150.0,0.0,1390.350848,0.0
2019-01-11,18,0,251,326.4,326.4,0.0,2986.854553,0.0
2019-01-11,18,0,252,267.06,267.06,0.0,2452.034885,0.0
2019-01-11,18,0,254,1.16,1.16,0.0,10.12539,0.0
2019-01-11,18,0,255,0.53,0.53,0.0,4.626256,0.0
2019-01-11,18,0,258,1.02,1.02,0.0,8.687281,0.0
2019-01-11,18,0,260,0.36,0.36,0.0,3.254594,0.0
2019-01-11,18,0,265,10.64,10.64,0.0,79.10108,0.0
2019-01-11,18,0,266,4.34,4.34,0.0,32.264914,0.0
2019-01-11,18,0,267,5.34,5.34,0.0,39.699226,0.0
2019-01-11,18,0,270,395.03,395.03,0.0,-8305.013232,0.0
2019-01-11,18,0,272,150.39,150.39,0.0,853.839864,0.0
2019-01-11,18,0,273,5.84,5.84,0.0,-122.778719,0.0
2019-01-11,18,0,274,509.24,509.24,0.0,-10706.136087,0.0
2019-01-11,18,0,275,708.87,708.87,0.0,-14903.107941,0.0
2019-01-11,18,0,276,1.16,1.16,0.0,-20.195386,0.0
2019-01-11,18,0,277,0.97,0.97,0.0,5.226501,0.0
2019-01-11,18,0,278,1.55,1.55,0.0,8.351626,0.0
2019-01-11,18,0,279,255.13,255.13,0.0,1374.677645,0.0
2019-01-11,18,0,281,11.74,11.74,0.0,76.856825,0.0
2019-01-11,18,0,282,95.67,95.67,0.0,626.31111,0.0
2019-01-11,19,0,9,0.0,0.0,0.0,0.0,0.0
2019-01-11,19,0,17,0.0,0.0,0.0,-0.0,0.0
2019-01-11,19,0,19,606.55,606.55,0.0,-1981.601897,0.0
2019-01-11,19,0,20,737.25,737.25,0.0,-2408.599454,0.0
2019-01-11,19,0,21,0.0,0.0,0.0,0.0,0.0
2019-01-11,19,0,22,0.0,0.0,0.0,0.0,0.0
2019-01-11,19,0,23,60.44,60.44,0.0,814.474372,0.0
2019-01-11,19,0,24,106.93,106.93,0.0,1440.962021,0.0
2019-01-11,19,0,29,0.0,0.0,0.0,0.0,0.0
2019-01-11,19,0,30,0.0,0.0,0.0,0.0,0.0
2019-01-11,19,0,31,5.01,5.01,0.0,67.414222,0.0
2019-01-11,19,0,32,0.0,0.0,0.0,0.0,0.0
2019-01-11,19,0,33,0.0,0.0,0.0,0.0,0.0
2019-01-11,19,0,34,0.0,0.0,0.0,0.0,0.0
2019-01-11,19,0,35,0.0,0.0,0.0,0.0,0.0
2019-01-11,19,0,36,0.0,0.0,0.0,0.0,0.0
2019-01-11,19,0,37,0.0,0.0,0.0,0.0,0.0
2019-01-11,19,0,38,0.0,0.0,0.0,0.0,0.0
2019-01-11,19,0,39,0.0,0.0,0.0,0.0,0.0
2019-01-11,19,0,40,0.0,0.0,0.0,0.0,0.0
2019-01-11,19,0,41,3.94,3.94,0.0,57.538761,0.0
2019-01-11,19,0,42,0.0,0.0,0.0,0.0,0.0
2019-01-11,19,0,43,0.0,0.0,0.0,0.0,0.0
2019-01-11,19,0,46,0.0,0.0,0.0,0.0,0.0
2019-01-11,19,0,52,5.31,5.31,0.0,71.451002,0.0
2019-01-11,19,0,53,8.43,8.43,0.0,113.433511,0.0
2019-01-11,19,0,55,42.18,42.18,0.0,568.407164,0.0
2019-01-11,19,0,56,0.0,0.0,0.0,0.0,0.0
2019-01-11,19,0,57,0.0,0.0,0.0,0.0,0.0
2019-01-11,19,0,58,0.0,0.0,0.0,0.0,0.0
2019-01-11,19,0,59,0.0,0.0,0.0,0.0,0.0
2019-01-11,19,0,63,170.0,170.0,0.0,2595.029409,0.0
2019-01-11,19,0,64,200.0,200.0,0.0,3052.975775,0.0
2019-01-11,19,0,65,41.4,41.4,0.0,296.530738,0.0
2019-01-11,19,0,67,0.0,0.0,0.0,0.0,0.0
2019-01-11,19,0,68,10.0,10.0,0.0,100.509713,0.0
2019-01-11,19,0,69,0.0,0.0,0.0,0.0,0.0
2019-01-11,19,0,74,6.38,6.38,0.0,105.328738,0.0
2019-01-11,19,0,77,60.0,60.0,0.0,695.488842,0.0
2019-01-11,19,0,78,45.36,45.36,0.0,525.789564,0.0
2019-01-11,19,0,79,26.25,26.25,0.0,304.276368,0.0
2019-01-11,19,0,80,42.45,42.45,0.0,492.058356,0.0
2019-01-11,19,0,81,55.5,55.5,0.0,643.327179,0.0
2019-01-11,19,0,82,39.15,39.15,0.0,453.806469,0.0
2019-01-11,19,0,83,87.3,87.3,0.0,1011.936265,0.0
2019-01-11,19,0,84,0.0,0.0,0.0,0.0,0.0
2019-01-11,19,0,86,0.0,0.0,0.0,0.0,0.0
2019-01-11,19,0,87,0.0,0.0,0.0,0.0,0.0
2019-01-11,19,0,88,51.18,51.18,0.0,593.251982,0.0
2019-01-11,19,0,89,49.2,49.2,0.0,570.30085,0.0
2019-01-11,19,0,90,66.06,66.06,0.0,765.733215,0.0
2019-01-11,19,0,91,235.65,235.65,0.0,2731.532426,0.0
2019-01-11,19,0,92,84.75,84.75,0.0,982.377989,0.0
2019-01-11,19,0,95,120.0,120.0,0.0,1724.754461,0.0
2019-01-11,19,0,96,29.88,29.88,0.0,401.444391,0.0
2019-01-11,19,0,97,183.75,183.75,0.0,2468.721779,0.0
2019-01-11,19,0,99,1.23,1.23,0.0,20.306324,0.0
2019-01-11,19,0,101,0.0,0.0,0.0,0.0,0.0
2019-01-11,19,0,102,28.6,28.6,0.0,287.457779,0.0
2019-01-11,19,0,103,24.0,24.0,0.0,241.223311,0.0
2019-01-11,19,0,104,3.42,3.42,0.0,34.374322,0.0
2019-01-11,19,0,106,0.0,0.0,0.0,0.0,0.0
2019-01-11,19,0,109,10.03,10.03,0.0,151.599189,0.0
2019-01-11,19,0,110,14.41,14.41,0.0,45.408381,0.0
2019-01-11,19,0,111,0.0,0.0,0.0,0.0,0.0
2019-01-11,19,0,113,45.0,45.0,0.0,518.492069,0.0
2019-01-11,19,0,115,45.0,45.0,0.0,518.492069,0.0
2019-01-11,19,0,116,0.0,0.0,0.0,0.0,0.0
2019-01-11,19,0,117,3.0,3.0,0.0,34.566138,0.0
2019-01-11,19,0,119,200.0,200.0,0.0,3052.975775,0.0
2019-01-11,19,0,120,117.6,117.6,0.0,1795.149756,0.0
2019-01-11,19,0,123,0.0,0.0,0.0,0.0,0.0
2019-01-11,19,0,125,96.77,96.77,0.0,1304.048394,0.0
2019-01-11,19,0,126,0.0,0.0,0.0,0.0,0.0
2019-01-11,19,0,127,0.0,0.0,0.0,0.0,0.0
2019-01-11,19,0,128,138.59,138.59,0.0,1867.604288,0.0
2019-01-11,19,0,131,28.31,28.31,0.0,297.384807,0.0
2019-01-11,19,0,132,41.61,41.61,0.0,437.09579,0.0
2019-01-11,19,0,133,135.62,135.62,0.0,2620.179605,0.0
2019-01-11,19,0,134,0.0,0.0,0.0,0.0,0.0
2019-01-11,19,0,135,183.78,183.78,0.0,3550.631233,0.0
2019-01-11,19,0,136,45.9,45.9,0.0,355.042986,0.0
2019-01-11,19,0,139,5.08,5.08,0.0,74.187032,0.0
2019-01-11,19,0,140,10.66,10.66,0.0,33.591488,0.0
2019-01-11,19,0,141,61.81,61.81,0.0,516.26697,0.0
2019-01-11,19,0,142,0.0,0.0,0.0,0.0,0.0
2019-01-11,19,0,143,22.78,22.78,0.0,306.526143,0.0
2019-01-11,19,0,145,21.93,21.93,0.0,308.627529,0.0
2019-01-11,19,0,146,120.55,120.55,0.0,379.873724,0.0
2019-01-11,19,0,152,0.0,0.0,0.0,0.0,0.0
2019-01-11,19,0,153,0.0,0.0,0.0,0.0,0.0
2019-01-11,19,0,154,0.0,0.0,0.0,0.0,0.0
2019-01-11,19,0,157,157.41,157.41,0.0,1314.764338,0.0
2019-01-11,19,0,158,0.0,0.0,0.0,0.0,0.0
2019-01-11,19,0,159,0.0,0.0,0.0,0.0,0.0
2019-01-11,19,0,160,0.0,0.0,0.0,0.0,0.0
2019-01-11,19,0,161,0.0,0.0,0.0,0.0,0.0
2019-01-11,19,0,162,162.5,162.5,0.0,2337.287666,0.0
2019-01-11,19,0,163,88.73,88.73,0.0,279.603447,0.0
2019-01-11,19,0,164,0.26,0.26,0.0,3.498542,0.0
2019-01-11,19,0,167,0.0,0.0,0.0,0.0,0.0
2019-01-11,19,0,168,0.0,0.0,0.0,0.0,0.0
2019-01-11,19,0,169,0.0,0.0,0.0,0.0,0.0
2019-01-11,19,0,170,0.0,0.0,0.0,0.0,0.0
2019-01-11,19,0,172,0.0,0.0,0.0,0.0,0.0
2019-01-11,19,0,173,0.0,0.0,0.0,0.0,0.0
2019-01-11,19,0,188,0.0,0.0,0.0,0.0,0.0
2019-01-11,19,0,190,0.0,0.0,0.0,0.0,0.0
2019-01-11,19,0,191,0.0,0.0,0.0,0.0,0.0
2019-01-11,19,0,192,132.28,132.28,0.0,2019.238178,0.0
2019-01-11,19,0,194,176.5,176.5,0.0,2245.35292,0.0
2019-01-11,19,0,196,0.0,0.0,0.0,0.0,0.0
2019-01-11,19,0,198,0.0,0.0,0.0,0.0,0.0
2019-01-11,19,0,199,77.57,77.57,0.0,912.340433,0.0
2019-01-11,19,0,200,0.0,0.0,0.0,0.0,0.0
2019-01-11,19,0,204,51.95,51.95,0.0,778.873121,0.0
2019-01-11,19,0,205,53.06,53.06,0.0,801.97936,0.0
2019-01-11,19,0,206,539.94,539.94,0.0,7254.212993,0.0
2019-01-11,19,0,210,0.0,0.0,0.0,0.0,0.0
2019-01-11,19,0,214,0.0,0.0,0.0,0.0,0.0
2019-01-11,19,0,217,0.0,0.0,0.0,0.0,0.0
2019-01-11,19,0,218,0.0,0.0,0.0,0.0,0.0
2019-01-11,19,0,219,0.0,0.0,0.0,0.0,0.0
2019-01-11,19,0,221,0.0,0.0,0.0,0.0,0.0
2019-01-11,19,0,225,0.0,0.0,0.0,0.0,0.0
2019-01-11,19,0,233,0.0,0.0,0.0,0.0,0.0
2019-01-11,19,0,236,73.39,73.39,0.0,1261.711875,0.0
2019-01-11,19,0,237,15.3,15.3,0.0,252.590861,0.0
2019-01-11,19,0,238,0.0,0.0,0.0,0.0,0.0
2019-01-11,19,0,240,0.0,0.0,0.0,0.0,0.0
2019-01-11,19,0,245,78.0,78.0,0.0,1245.005443,0.0
2019-01-11,19,0,247,149.36,149.36,0.0,2384.025808,0.0
2019-01-11,19,0,248,1.54,1.54,0.0,25.424178,0.0
2019-01-11,19,0,249,150.0,150.0,0.0,2394.241237,0.0
2019-01-11,19,0,251,326.4,326.4,0.0,3410.478528,0.0
2019-01-11,19,0,252,267.06,267.06,0.0,1912.83814,0.0
2019-01-11,19,0,254,0.0,0.0,0.0,0.0,0.0
2019-01-11,19,0,255,0.0,0.0,0.0,0.0,0.0
2019-01-11,19,0,258,0.0,0.0,0.0,0.0,0.0
2019-01-11,19,0,260,0.0,0.0,0.0,0.0,0.0
2019-01-11,19,0,265,0.0,0.0,0.0,0.0,0.0
2019-01-11,19,0,266,3.29,3.29,0.0,48.046326,0.0
2019-01-11,19,0,267,4.04,4.04,0.0,58.999136,0.0
2019-01-11,19,0,270,277.1,277.1,0.0,873.189623,0.0
2019-01-11,19,0,272,150.39,150.39,0.0,1732.800495,0.0
2019-01-11,19,0,273,0.0,0.0,0.0,0.0,0.0
2019-01-11,19,0,274,357.21,357.21,0.0,1125.629972,0.0
2019-01-11,19,0,275,497.24,497.24,0.0,1566.888517,0.0
2019-01-11,19,0,276,0.0,0.0,0.0,0.0,0.0
2019-01-11,19,0,277,0.0,0.0,0.0,0.0,0.0
2019-01-11,19,0,278,0.0,0.0,0.0,0.0,0.0
2019-01-11,19,0,279,222.38,222.38,0.0,2568.463089,0.0
2019-01-11,19,0,281,2.25,2.25,0.0,30.275848,0.0
2019-01-11,19,0,282,0.0,0.0,0.0,0.0,0.0
2019-01-11,20,0,9,0.0,0.0,0.0,0.0,0.0
2019-01-11,20,0,17,0.0,0.0,0.0,0.0,0.0
2019-01-11,20,0,19,526.55,526.55,0.0,2847.009515,0.0
2019-01-11,20,0,20,638.61,638.61,0.0,3452.908074,0.0
2019-01-11,20,0,21,0.0,0.0,0.0,0.0,0.0
2019-01-11,20,0,22,0.0,0.0,0.0,0.0,0.0
2019-01-11,20,0,23,62.86,62.86,0.0,471.73725,0.0
2019-01-11,20,0,24,111.21,111.21,0.0,834.583194,0.0
2019-01-11,20,0,29,0.0,0.0,0.0,0.0,0.0
2019-01-11,20,0,30,0.0,0.0,0.0,0.0,0.0
2019-01-11,20,0,31,6.16,6.16,0.0,46.139275,0.0
2019-01-11,20,0,32,0.0,0.0,0.0,0.0,0.0
2019-01-11,20,0,33,0.0,0.0,0.0,0.0,0.0
2019-01-11,20,0,34,0.0,0.0,0.0,0.0,0.0
2019-01-11,20,0,35,0.0,0.0,0.0,0.0,0.0
2019-01-11,20,0,36,0.0,0.0,0.0,0.0,0.0
2019-01-11,20,0,37,0.0,0.0,0.0,0.0,0.0
2019-01-11,20,0,38,0.0,0.0,0.0,0.0,0.0
2019-01-11,20,0,39,0.0,0.0,0.0,0.0,0.0
2019-01-11,20,0,40,0.0,0.0,0.0,0.0,0.0
2019-01-11,20,0,41,7.66,7.66,0.0,63.364415,0.0
2019-01-11,20,0,42,0.0,0.0,0.0,0.0,0.0
2019-01-11,20,0,43,0.0,0.0,0.0,0.0,0.0
2019-01-11,20,0,46,0.0,0.0,0.0,0.0,0.0
2019-01-11,20,0,52,6.53,6.53,0.0,48.910627,0.0
2019-01-11,20,0,53,10.37,10.37,0.0,77.672772,0.0
2019-01-11,20,0,55,50.4,50.4,0.0,378.230312,0.0
2019-01-11,20,0,56,0.0,0.0,0.0,0.0,0.0
2019-01-11,20,0,57,0.0,0.0,0.0,0.0,0.0
2019-01-11,20,0,58,0.0,0.0,0.0,0.0,0.0
2019-01-11,20,0,59,0.0,0.0,0.0,0.0,0.0
2019-01-11,20,0,63,170.0,170.0,0.0,2723.954437,0.0
2019-01-11,20,0,64,200.0,200.0,0.0,3204.652279,0.0
2019-01-11,20,0,65,33.3,33.3,0.0,255.091209,0.0
2019-01-11,20,0,67,0.0,0.0,0.0,-0.0,0.0
2019-01-11,20,0,68,9.64,9.64,0.0,27.715399,0.0
2019-01-11,20,0,69,0.0,0.0,0.0,0.0,0.0
2019-01-11,20,0,74,2.26,2.26,0.0,21.242353,0.0
2019-01-11,20,0,77,84.7,84.7,0.0,518.458557,0.0
2019-01-11,20,0,78,64.3,64.3,0.0,393.587783,0.0
2019-01-11,20,0,79,37.43,37.43,0.0,229.113386,0.0
2019-01-11,20,0,80,60.23,60.23,0.0,368.674839,0.0
2019-01-11,20,0,81,78.45,78.45,0.0,480.20158,0.0
2019-01-11,20,0,82,55.6,55.6,0.0,340.334071,0.0
2019-01-11,20,0,83,122.29,122.29,0.0,748.551322,0.0
2019-01-11,20,0,84,0.0,0.0,0.0,0.0,0.0
2019-01-11,20,0,86,0.0,0.0,0.0,0.0,0.0
2019-01-11,20,0,87,0.0,0.0,0.0,0.0,0.0
2019-01-11,20,0,88,95.98,95.98,0.0,587.50475,0.0
2019-01-11,20,0,89,92.28,92.28,0.0,564.856619,0.0
2019-01-11,20,0,90,123.8,123.8,0.0,757.794208,0.0
2019-01-11,20,0,91,440.78,440.78,0.0,2698.065677,0.0
2019-01-11,20,0,92,158.74,158.74,0.0,971.666014,0.0
2019-01-11,20,0,95,120.0,120.0,0.0,1693.430077,0.0
2019-01-11,20,0,96,26.28,26.28,0.0,196.444672,0.0
2019-01-11,20,0,97,189.73,189.73,0.0,1418.243822,0.0
2019-01-11,20,0,99,0.44,0.44,0.0,4.135679,0.0
2019-01-11,20,0,101,0.0,0.0,0.0,0.0,0.0
2019-01-11,20,0,102,22.83,22.83,0.0,65.637195,0.0
2019-01-11,20,0,103,19.85,19.85,0.0,57.069571,0.0
2019-01-11,20,0,104,3.69,3.69,0.0,10.608903,0.0
2019-01-11,20,0,106,0.0,0.0,0.0,0.0,0.0
2019-01-11,20,0,109,14.31,14.31,0.0,125.065069,0.0
2019-01-11,20,0,110,0.0,0.0,0.0,-0.0,0.0
2019-01-11,20,0,111,0.0,0.0,0.0,0.0,0.0
2019-01-11,20,0,113,44.39,44.39,0.0,292.409507,0.0
2019-01-11,20,0,115,44.39,44.39,0.0,292.409507,0.0
2019-01-11,20,0,116,0.0,0.0,0.0,-0.0,0.0
2019-01-11,20,0,117,2.96,2.96,0.0,19.498359,0.0
2019-01-11,20,0,119,200.0,200.0,0.0,3204.652279,0.0
2019-01-11,20,0,120,117.6,117.6,0.0,1884.33554,0.0
2019-01-11,20,0,123,0.0,0.0,0.0,0.0,0.0
2019-01-11,20,0,125,100.64,100.64,0.0,755.259893,0.0
2019-01-11,20,0,126,0.0,0.0,0.0,0.0,0.0
2019-01-11,20,0,127,0.0,0.0,0.0,0.0,0.0
2019-01-11,20,0,128,144.14,144.14,0.0,1081.708674,0.0
2019-01-11,20,0,131,30.0,30.0,0.0,116.596467,0.0
2019-01-11,20,0,132,44.1,44.1,0.0,171.396807,0.0
2019-01-11,20,0,133,89.29,89.29,0.0,920.578485,0.0
2019-01-11,20,0,134,0.0,0.0,0.0,0.0,0.0
2019-01-11,20,0,135,118.98,118.98,0.0,1226.681914,0.0
2019-01-11,20,0,136,45.01,45.01,0.0,350.362721,0.0
2019-01-11,20,0,139,10.25,10.25,0.0,84.789197,0.0
2019-01-11,20,0,140,0.0,0.0,0.0,-0.0,0.0
2019-01-11,20,0,141,55.2,55.2,0.0,-50.364192,0.0
2019-01-11,20,0,142,0.0,0.0,0.0,-0.0,0.0
2019-01-11,20,0,143,25.85,25.85,0.0,193.62017,0.0
2019-01-11,20,0,145,16.91,16.91,0.0,134.506198,0.0
2019-01-11,20,0,146,167.93,167.93,0.0,-2100.926662,0.0
2019-01-11,20,0,152,0.0,0.0,0.0,0.0,0.0
2019-01-11,20,0,153,0.0,0.0,0.0,0.0,0.0
2019-01-11,20,0,154,0.0,0.0,0.0,0.0,0.0
2019-01-11,20,0,157,134.97,134.97,0.0,-123.145924,0.0
2019-01-11,20,0,158,0.0,0.0,0.0,-0.0,0.0
2019-01-11,20,0,159,0.0,0.0,0.0,0.0,0.0
2019-01-11,20,0,160,0.0,0.0,0.0,0.0,0.0
2019-01-11,20,0,161,0.0,0.0,0.0,0.0,0.0
2019-01-11,20,0,162,162.5,162.5,0.0,2296.646819,0.0
2019-01-11,20,0,163,121.13,121.13,0.0,-1515.424562,0.0
2019-01-11,20,0,164,0.0,0.0,0.0,0.0,0.0
2019-01-11,20,0,167,0.0,0.0,0.0,0.0,0.0
2019-01-11,20,0,168,0.0,0.0,0.0,0.0,0.0
2019-01-11,20,0,169,0.0,0.0,0.0,0.0,0.0
2019-01-11,20,0,170,0.0,0.0,0.0,0.0,0.0
2019-01-11,20,0,172,0.0,0.0,0.0,0.0,0.0
2019-01-11,20,0,173,0.0,0.0,0.0,0.0,0.0
2019-01-11,20,0,188,0.0,0.0,0.0,0.0,0.0
2019-01-11,20,0,190,0.0,0.0,0.0,0.0,0.0
2019-01-11,20,0,191,0.0,0.0,0.0,0.0,0.0
2019-01-11,20,0,192,88.07,88.07,0.0,1411.168631,0.0
2019-01-11,20,0,194,176.5,176.5,0.0,1737.012497,0.0
2019-01-11,20,0,196,0.0,0.0,0.0,0.0,0.0
2019-01-11,20,0,198,0.0,0.0,0.0,0.0,0.0
2019-01-11,20,0,199,45.69,45.69,0.0,472.510872,0.0
2019-01-11,20,0,200,0.0,0.0,0.0,0.0,0.0
2019-01-11,20,0,204,117.27,117.27,0.0,1017.371085,0.0
2019-01-11,20,0,205,75.69,75.69,0.0,661.507693,0.0
2019-01-11,20,0,206,718.71,718.71,0.0,5372.402979,0.0
2019-01-11,20,0,210,0.0,0.0,0.0,0.0,0.0
2019-01-11,20,0,214,0.0,0.0,0.0,0.0,0.0
2019-01-11,20,0,217,0.0,0.0,0.0,0.0,0.0
2019-01-11,20,0,218,0.0,0.0,0.0,0.0,0.0
2019-01-11,20,0,219,0.0,0.0,0.0,0.0,0.0
2019-01-11,20,0,221,0.0,0.0,0.0,0.0,0.0
2019-01-11,20,0,225,0.0,0.0,0.0,0.0,0.0
2019-01-11,20,0,233,0.0,0.0,0.0,0.0,0.0
2019-01-11,20,0,236,25.25,25.25,0.0,245.182853,0.0
2019-01-11,20,0,237,5.42,5.42,0.0,50.944049,0.0
2019-01-11,20,0,238,0.0,0.0,0.0,0.0,0.0
2019-01-11,20,0,240,0.0,0.0,0.0,0.0,0.0
2019-01-11,20,0,245,128.66,128.66,0.0,1237.349913,0.0
2019-01-11,20,0,247,111.99,111.99,0.0,1077.031064,0.0
2019-01-11,20,0,248,0.54,0.54,0.0,5.075606,0.0
2019-01-11,20,0,249,247.33,247.33,0.0,2378.623923,0.0
2019-01-11,20,0,251,268.77,268.77,0.0,2246.12794,0.0
2019-01-11,20,0,252,214.78,214.78,0.0,1645.299999,0.0
2019-01-11,20,0,254,0.0,0.0,0.0,0.0,0.0
2019-01-11,20,0,255,0.0,0.0,0.0,0.0,0.0
2019-01-11,20,0,258,0.0,0.0,0.0,0.0,0.0
2019-01-11,20,0,260,0.0,0.0,0.0,0.0,0.0
2019-01-11,20,0,265,0.0,0.0,0.0,0.0,0.0
2019-01-11,20,0,266,6.25,6.25,0.0,51.70073,0.0
2019-01-11,20,0,267,7.9,7.9,0.0,65.349723,0.0
2019-01-11,20,0,270,378.27,378.27,0.0,-4732.433327,0.0
2019-01-11,20,0,272,148.33,148.33,0.0,977.091737,0.0
2019-01-11,20,0,273,0.0,0.0,0.0,-0.0,0.0
2019-01-11,20,0,274,487.64,487.64,0.0,-6100.73172,0.0
2019-01-11,20,0,275,678.8,678.8,0.0,-8492.282609,0.0
2019-01-11,20,0,276,0.0,0.0,0.0,-0.0,0.0
2019-01-11,20,0,277,0.0,0.0,0.0,0.0,0.0
2019-01-11,20,0,278,0.0,0.0,0.0,0.0,0.0
2019-01-11,20,0,279,624.3,624.3,0.0,3995.763151,0.0
2019-01-11,20,0,281,2.76,2.76,0.0,20.672792,0.0
2019-01-11,20,0,282,0.0,0.0,0.0,0.0,0.0
2019-01-11,21,0,9,0.0,0.0,0.0,0.0,0.0
2019-01-11,21,0,17,0.0,0.0,0.0,0.0,0.0
2019-01-11,21,0,19,460.96,460.96,0.0,2567.308532,0.0
2019-01-11,21,0,20,559.06,559.06,0.0,3113.67474,0.0
2019-01-11,21,0,21,0.0,0.0,0.0,0.0,0.0
2019-01-11,21,0,22,0.0,0.0,0.0,0.0,0.0
2019-01-11,21,0,23,71.83,71.83,0.0,1158.802144,0.0
2019-01-11,21,0,24,127.09,127.09,0.0,2050.287685,0.0
2019-01-11,21,0,29,0.0,0.0,0.0,0.0,0.0
2019-01-11,21,0,30,0.0,0.0,0.0,0.0,0.0
2019-01-11,21,0,31,7.97,7.97,0.0,128.995815,0.0
2019-01-11,21,0,32,0.0,0.0,0.0,0.0,0.0
2019-01-11,21,0,33,0.0,0.0,0.0,0.0,0.0
2019-01-11,21,0,34,0.0,0.0,0.0,0.0,0.0
2019-01-11,21,0,35,0.0,0.0,0.0,0.0,0.0
2019-01-11,21,0,36,0.0,0.0,0.0,0.0,0.0
2019-01-11,21,0,37,0.0,0.0,0.0,0.0,0.0
2019-01-11,21,0,38,0.0,0.0,0.0,0.0,0.0
2019-01-11,21,0,39,0.0,0.0,0.0,0.0,0.0
2019-01-11,21,0,40,0.0,0.0,0.0,0.0,0.0
2019-01-11,21,0,41,16.1,16.1,0.0,215.610761,0.0
2019-01-11,21,0,42,0.0,0.0,0.0,0.0,0.0
2019-01-11,21,0,43,0.0,0.0,0.0,0.0,0.0
2019-01-11,21,0,46,0.0,0.0,0.0,0.0,0.0
2019-01-11,21,0,52,8.45,8.45,0.0,136.764697,0.0
2019-01-11,21,0,53,13.43,13.43,0.0,217.36685,0.0
2019-01-11,21,0,55,65.42,65.42,0.0,1055.392402,0.0
2019-01-11,21,0,56,0.0,0.0,0.0,0.0,0.0
2019-01-11,21,0,57,0.0,0.0,0.0,0.0,0.0
2019-01-11,21,0,58,0.0,0.0,0.0,0.0,0.0
2019-01-11,21,0,59,0.0,0.0,0.0,0.0,0.0
2019-01-11,21,0,63,170.0,170.0,0.0,16296.092214,0.0
2019-01-11,21,0,64,200.0,200.0,0.0,19171.873193,0.0
2019-01-11,21,0,65,21.88,21.88,0.0,147.71351,0.0
2019-01-11,21,0,67,0.0,0.0,0.0,-0.0,0.0
2019-01-11,21,0,68,10.2,10.2,0.0,-4320.321116,0.0
2019-01-11,21,0,69,0.0,0.0,0.0,0.0,0.0
2019-01-11,21,0,74,0.0,0.0,0.0,0.0,0.0
2019-01-11,21,0,77,172.48,172.48,0.0,-52737.877782,0.0
2019-01-11,21,0,78,130.65,130.65,0.0,-39947.841675,0.0
2019-01-11,21,0,79,75.79,75.79,0.0,-23173.723081,0.0
2019-01-11,21,0,80,122.31,122.31,0.0,-37397.784273,0.0
2019-01-11,21,0,81,159.64,159.64,0.0,-48811.890127,0.0
2019-01-11,21,0,82,112.85,112.85,0.0,-34505.27312,0.0
2019-01-11,21,0,83,250.05,250.05,0.0,-76455.857718,0.0
2019-01-11,21,0,84,0.0,0.0,0.0,0.0,0.0
2019-01-11,21,0,86,0.0,0.0,0.0,0.0,0.0
2019-01-11,21,0,87,0.0,0.0,0.0,0.0,0.0
2019-01-11,21,0,88,170.6,170.6,0.0,-52163.044698,0.0
2019-01-11,21,0,89,164.0,164.0,0.0,-50145.013661,0.0
2019-01-11,21,0,90,220.2,220.2,0.0,-67328.853708,0.0
2019-01-11,21,0,91,785.5,785.5,0.0,-240176.269698,0.0
2019-01-11,21,0,92,282.5,282.5,0.0,-86377.843653,0.0
2019-01-11,21,0,95,120.0,120.0,0.0,2333.493576,0.0
2019-01-11,21,0,96,20.92,20.92,0.0,339.743937,0.0
2019-01-11,21,0,97,128.66,128.66,0.0,2089.457691,0.0
2019-01-11,21,0,99,0.0,0.0,0.0,0.0,0.0
2019-01-11,21,0,101,0.0,0.0,0.0,0.0,0.0
2019-01-11,21,0,102,24.15,24.15,0.0,-10228.995583,0.0
2019-01-11,21,0,103,21.0,21.0,0.0,-8894.778768,0.0
2019-01-11,21,0,104,3.9,3.9,0.0,-1651.887486,0.0
2019-01-11,21,0,106,0.0,0.0,0.0,0.0,0.0
2019-01-11,21,0,109,29.95,29.95,0.0,346.929173,0.0
2019-01-11,21,0,110,0.0,0.0,0.0,-0.0,0.0
2019-01-11,21,0,111,0.0,0.0,0.0,0.0,0.0
2019-01-11,21,0,113,84.18,84.18,0.0,-23213.310669,0.0
2019-01-11,21,0,115,84.18,84.18,0.0,-23213.310669,0.0
2019-01-11,21,0,116,0.0,0.0,0.0,-0.0,0.0
2019-01-11,21,0,117,5.66,5.66,0.0,-1560.79043,0.0
2019-01-11,21,0,119,200.0,200.0,0.0,19171.873193,0.0
2019-01-11,21,0,120,117.6,117.6,0.0,11273.061438,0.0
2019-01-11,21,0,123,0.0,0.0,0.0,0.0,0.0
2019-01-11,21,0,125,115.01,115.01,0.0,1855.4063,0.0
2019-01-11,21,0,126,0.0,0.0,0.0,0.0,0.0
2019-01-11,21,0,127,0.0,0.0,0.0,0.0,0.0
2019-01-11,21,0,128,164.72,164.72,0.0,2657.356106,0.0
2019-01-11,21,0,131,30.0,30.0,0.0,-11569.920758,0.0
2019-01-11,21,0,132,44.1,44.1,0.0,-17007.783514,0.0
2019-01-11,21,0,133,61.12,61.12,0.0,487.9695,0.0
2019-01-11,21,0,134,0.0,0.0,0.0,0.0,0.0
2019-01-11,21,0,135,79.47,79.47,0.0,634.472123,0.0
2019-01-11,21,0,136,28.8,28.8,0.0,196.299116,0.0
2019-01-11,21,0,139,21.21,21.21,0.0,284.043742,0.0
2019-01-11,21,0,140,0.0,0.0,0.0,-0.0,0.0
2019-01-11,21,0,141,65.69,65.69,0.0,-37145.06439,0.0
2019-01-11,21,0,142,0.0,0.0,0.0,-0.0,0.0
2019-01-11,21,0,143,30.15,30.15,0.0,487.982913,0.0
2019-01-11,21,0,145,13.23,13.23,0.0,191.532367,0.0
2019-01-11,21,0,146,238.57,238.57,0.0,-238570.0,0.0
2019-01-11,21,0,152,0.0,0.0,0.0,0.0,0.0
2019-01-11,21,0,153,0.0,0.0,0.0,0.0,0.0
2019-01-11,21,0,154,0.0,0.0,0.0,0.0,0.0
2019-01-11,21,0,157,119.73,119.73,0.0,-67702.520313,0.0
2019-01-11,21,0,158,0.0,0.0,0.0,-0.0,0.0
2019-01-11,21,0,159,0.0,0.0,0.0,0.0,0.0
2019-01-11,21,0,160,0.0,0.0,0.0,0.0,0.0
2019-01-11,21,0,161,0.0,0.0,0.0,-0.0,0.0
2019-01-11,21,0,162,148.78,148.78,0.0,3010.162078,0.0
2019-01-11,21,0,163,172.77,172.77,0.0,-172770.0,0.0
2019-01-11,21,0,164,0.0,0.0,0.0,0.0,0.0
2019-01-11,21,0,167,0.0,0.0,0.0,0.0,0.0
2019-01-11,21,0,168,0.0,0.0,0.0,0.0,0.0
2019-01-11,21,0,169,0.0,0.0,0.0,0.0,0.0
2019-01-11,21,0,170,0.0,0.0,0.0,0.0,0.0
2019-01-11,21,0,172,0.0,0.0,0.0,0.0,0.0
2019-01-11,21,0,173,0.0,0.0,0.0,0.0,0.0
2019-01-11,21,0,188,0.0,0.0,0.0,0.0,0.0
2019-01-11,21,0,190,0.0,0.0,0.0,0.0,0.0
2019-01-11,21,0,191,0.0,0.0,0.0,0.0,0.0
2019-01-11,21,0,192,58.84,58.84,0.0,5640.365093,0.0
2019-01-11,21,0,194,176.5,176.5,0.0,-25087.717669,0.0
2019-01-11,21,0,196,0.0,0.0,0.0,0.0,0.0
2019-01-11,21,0,198,0.0,0.0,0.0,0.0,0.0
2019-01-11,21,0,199,24.11,24.11,0.0,-974.795268,0.0
2019-01-11,21,0,200,0.0,0.0,0.0,-0.0,0.0
2019-01-11,21,0,204,289.27,289.27,0.0,3410.850563,0.0
2019-01-11,21,0,205,138.99,138.99,0.0,1610.006202,0.0
2019-01-11,21,0,206,378.06,378.06,0.0,6139.751087,0.0
2019-01-11,21,0,210,0.0,0.0,0.0,0.0,0.0
2019-01-11,21,0,214,0.0,0.0,0.0,0.0,0.0
2019-01-11,21,0,217,0.0,0.0,0.0,0.0,0.0
2019-01-11,21,0,218,0.0,0.0,0.0,0.0,0.0
2019-01-11,21,0,219,0.0,0.0,0.0,0.0,0.0
2019-01-11,21,0,221,0.0,0.0,0.0,0.0,0.0
2019-01-11,21,0,225,0.0,0.0,0.0,0.0,0.0
2019-01-11,21,0,233,0.0,0.0,0.0,0.0,0.0
2019-01-11,21,0,236,4.8,4.8,0.0,41.453907,0.0
2019-01-11,21,0,237,0.0,0.0,0.0,0.0,0.0
2019-01-11,21,0,238,0.0,0.0,0.0,0.0,0.0
2019-01-11,21,0,240,0.0,0.0,0.0,0.0,0.0
2019-01-11,21,0,245,199.08,199.08,0.0,1472.120148,0.0
2019-01-11,21,0,247,82.25,82.25,0.0,608.207164,0.0
2019-01-11,21,0,248,0.0,0.0,0.0,0.0,0.0
2019-01-11,21,0,249,382.84,382.84,0.0,2830.954778,0.0
2019-01-11,21,0,251,160.96,160.96,0.0,1160.245119,0.0
2019-01-11,21,0,252,141.12,141.12,0.0,952.711634,0.0
2019-01-11,21,0,254,0.0,0.0,0.0,0.0,0.0
2019-01-11,21,0,255,0.0,0.0,0.0,0.0,0.0
2019-01-11,21,0,258,0.0,0.0,0.0,0.0,0.0
2019-01-11,21,0,260,0.0,0.0,0.0,0.0,0.0
2019-01-11,21,0,265,0.0,0.0,0.0,0.0,0.0
2019-01-11,21,0,266,13.28,13.28,0.0,177.845398,0.0
2019-01-11,21,0,267,16.58,16.58,0.0,222.038908,0.0
2019-01-11,21,0,270,539.55,539.55,0.0,-539550.0,0.0
2019-01-11,21,0,272,281.15,281.15,0.0,-77529.369145,0.0
2019-01-11,21,0,273,0.0,0.0,0.0,-0.0,0.0
2019-01-11,21,0,274,695.54,695.54,0.0,-695540.0,0.0
2019-01-11,21,0,275,968.2,968.2,0.0,-968200.0,0.0
2019-01-11,21,0,276,0.0,0.0,0.0,-0.0,0.0
2019-01-11,21,0,277,0.0,0.0,0.0,-0.0,0.0
2019-01-11,21,0,278,0.0,0.0,0.0,-0.0,0.0
2019-01-11,21,0,279,651.69,651.69,0.0,-187548.050327,0.0
2019-01-11,21,0,281,3.58,3.58,0.0,57.942913,0.0
2019-01-11,21,0,282,0.0,0.0,0.0,0.0,0.0
2019-01-11,22,0,9,0.0,0.0,0.0,0.0,0.0
2019-01-11,22,0,17,0.0,0.0,0.0,0.0,0.0
2019-01-11,22,0,19,433.3,433.3,0.0,3267.166263,0.0
2019-01-11,22,0,20,525.51,525.51,0.0,3962.447595,0.0
2019-01-11,22,0,21,0.0,0.0,0.0,0.0,0.0
2019-01-11,22,0,22,0.0,0.0,0.0,0.0,0.0
2019-01-11,22,0,23,88.04,88.04,0.0,1181.378338,0.0
2019-01-11,22,0,24,155.76,155.76,0.0,2090.089618,0.0
2019-01-11,22,0,29,0.0,0.0,0.0,0.0,0.0
2019-01-11,22,0,30,0.0,0.0,0.0,0.0,0.0
2019-01-11,22,0,31,10.67,10.67,0.0,143.5748,0.0
2019-01-11,22,0,32,0.0,0.0,0.0,0.0,0.0
2019-01-11,22,0,33,0.0,0.0,0.0,0.0,0.0
2019-01-11,22,0,34,0.0,0.0,0.0,0.0,0.0
2019-01-11,22,0,35,0.0,0.0,0.0,0.0,0.0
2019-01-11,22,0,36,0.0,0.0,0.0,0.0,0.0
2019-01-11,22,0,37,0.0,0.0,0.0,0.0,0.0
2019-01-11,22,0,38,0.0,0.0,0.0,0.0,0.0
2019-01-11,22,0,39,0.0,0.0,0.0,0.0,0.0
2019-01-11,22,0,40,0.0,0.0,0.0,0.0,0.0
2019-01-11,22,0,41,19.24,19.24,0.0,220.816686,0.0
2019-01-11,22,0,42,0.0,0.0,0.0,0.0,0.0
2019-01-11,22,0,43,0.0,0.0,0.0,0.0,0.0
2019-01-11,22,0,46,0.0,0.0,0.0,0.0,0.0
2019-01-11,22,0,52,11.32,11.32,0.0,152.321156,0.0
2019-01-11,22,0,53,17.98,17.98,0.0,241.937667,0.0
2019-01-11,22,0,55,169.45,169.45,0.0,2273.790997,0.0
2019-01-11,22,0,56,0.0,0.0,0.0,0.0,0.0
2019-01-11,22,0,57,0.0,0.0,0.0,0.0,0.0
2019-01-11,22,0,58,0.0,0.0,0.0,0.0,0.0
2019-01-11,22,0,59,0.0,0.0,0.0,0.0,0.0
2019-01-11,22,0,63,170.0,170.0,0.0,16292.860053,0.0
2019-01-11,22,0,64,200.0,200.0,0.0,19168.07065,0.0
2019-01-11,22,0,65,13.99,13.99,0.0,106.070201,0.0
2019-01-11,22,0,67,0.0,0.0,0.0,-0.0,0.0
2019-01-11,22,0,68,10.2,10.2,0.0,-4315.174052,0.0
2019-01-11,22,0,69,0.0,0.0,0.0,0.0,0.0
2019-01-11,22,0,74,0.0,0.0,0.0,0.0,0.0
2019-01-11,22,0,77,200.0,200.0,0.0,-61011.071528,0.0
2019-01-11,22,0,78,151.2,151.2,0.0,-46124.370075,0.0
2019-01-11,22,0,79,87.5,87.5,0.0,-26692.343794,0.0
2019-01-11,22,0,80,141.5,141.5,0.0,-43165.333106,0.0
2019-01-11,22,0,81,185.0,185.0,0.0,-56435.241163,0.0
2019-01-11,22,0,82,130.5,130.5,0.0,-39809.724172,0.0
2019-01-11,22,0,83,291.0,291.0,0.0,-88771.109073,0.0
2019-01-11,22,0,84,0.0,0.0,0.0,-0.0,0.0
2019-01-11,22,0,86,0.0,0.0,0.0,0.0,0.0
2019-01-11,22,0,87,0.0,0.0,0.0,0.0,0.0
2019-01-11,22,0,88,170.6,170.6,0.0,-52042.444013,0.0
2019-01-11,22,0,89,164.0,164.0,0.0,-50029.078653,0.0
2019-01-11,22,0,90,220.2,220.2,0.0,-67173.189752,0.0
2019-01-11,22,0,91,785.5,785.5,0.0,-239620.983426,0.0
2019-01-11,22,0,92,282.5,282.5,0.0,-86178.138533,0.0
2019-01-11,22,0,95,120.0,120.0,0.0,2333.493576,0.0
2019-01-11,22,0,96,19.49,19.49,0.0,263.01544,0.0
2019-01-11,22,0,97,119.86,119.86,0.0,1617.497725,0.0
2019-01-11,22,0,99,0.0,0.0,0.0,0.0,0.0
2019-01-11,22,0,101,0.0,0.0,0.0,0.0,0.0
2019-01-11,22,0,102,24.15,24.15,0.0,-10216.809152,0.0
2019-01-11,22,0,103,21.0,21.0,0.0,-8884.181871,0.0
2019-01-11,22,0,104,3.9,3.9,0.0,-1649.91949,0.0
2019-01-11,22,0,106,0.0,0.0,0.0,0.0,0.0
2019-01-11,22,0,109,92.99,92.99,0.0,948.020131,0.0
2019-01-11,22,0,110,0.0,0.0,0.0,-0.0,0.0
2019-01-11,22,0,111,0.0,0.0,0.0,0.0,0.0
2019-01-11,22,0,113,149.99,149.99,0.0,-41299.83459,0.0
2019-01-11,22,0,115,149.99,149.99,0.0,-41299.83459,0.0
2019-01-11,22,0,116,0.0,0.0,0.0,-0.0,0.0
2019-01-11,22,0,117,10.0,10.0,0.0,-2753.505873,0.0
2019-01-11,22,0,119,200.0,200.0,0.0,19168.07065,0.0
2019-01-11,22,0,120,117.6,117.6,0.0,11270.825542,0.0
2019-01-11,22,0,123,0.0,0.0,0.0,0.0,0.0
2019-01-11,22,0,125,140.96,140.96,0.0,1891.493532,0.0
2019-01-11,22,0,126,0.0,0.0,0.0,0.0,0.0
2019-01-11,22,0,127,0.0,0.0,0.0,0.0,0.0
2019-01-11,22,0,128,201.89,201.89,0.0,2709.092148,0.0
2019-01-11,22,0,131,30.0,30.0,0.0,-11553.787088,0.0
2019-01-11,22,0,132,44.1,44.1,0.0,-16984.067019,0.0
2019-01-11,22,0,133,74.52,74.52,0.0,561.602772,0.0
2019-01-11,22,0,134,0.0,0.0,0.0,0.0,0.0
2019-01-11,22,0,135,99.85,99.85,0.0,752.496467,0.0
2019-01-11,22,0,136,17.32,17.32,0.0,131.357406,0.0
2019-01-11,22,0,139,24.85,24.85,0.0,285.202424,0.0
2019-01-11,22,0,140,0.0,0.0,0.0,-0.0,0.0
2019-01-11,22,0,141,95.95,95.95,0.0,-54219.383621,0.0
2019-01-11,22,0,142,0.0,0.0,0.0,-0.0,0.0
2019-01-11,22,0,143,35.91,35.91,0.0,483.202536,0.0
2019-01-11,22,0,145,26.22,26.22,0.0,321.076305,0.0
2019-01-11,22,0,146,268.0,268.0,0.0,-268000.0,0.0
2019-01-11,22,0,152,0.0,0.0,0.0,0.0,0.0
2019-01-11,22,0,153,0.0,0.0,0.0,0.0,0.0
2019-01-11,22,0,154,0.0,0.0,0.0,0.0,0.0
2019-01-11,22,0,157,111.38,111.38,0.0,-62938.561206,0.0
2019-01-11,22,0,158,0.0,0.0,0.0,-0.0,0.0
2019-01-11,22,0,159,0.0,0.0,0.0,0.0,0.0
2019-01-11,22,0,160,0.0,0.0,0.0,0.0,0.0
2019-01-11,22,0,161,0.0,0.0,0.0,-0.0,0.0
2019-01-11,22,0,162,73.96,73.96,0.0,1495.887397,0.0
2019-01-11,22,0,163,185.4,185.4,0.0,-185400.0,0.0
2019-01-11,22,0,164,0.0,0.0,0.0,0.0,0.0
2019-01-11,22,0,167,0.0,0.0,0.0,0.0,0.0
2019-01-11,22,0,168,0.0,0.0,0.0,0.0,0.0
2019-01-11,22,0,169,0.0,0.0,0.0,0.0,0.0
2019-01-11,22,0,170,0.0,0.0,0.0,0.0,0.0
2019-01-11,22,0,172,0.0,0.0,0.0,0.0,0.0
2019-01-11,22,0,173,0.0,0.0,0.0,0.0,0.0
2019-01-11,22,0,188,0.0,0.0,0.0,0.0,0.0
2019-01-11,22,0,190,0.0,0.0,0.0,0.0,0.0
2019-01-11,22,0,191,0.0,0.0,0.0,0.0,0.0
2019-01-11,22,0,192,41.83,41.83,0.0,4009.001977,0.0
2019-01-11,22,0,194,176.5,176.5,0.0,-25048.802465,0.0
2019-01-11,22,0,196,0.0,0.0,0.0,0.0,0.0
2019-01-11,22,0,198,0.0,0.0,0.0,0.0,0.0
2019-01-11,22,0,199,10.75,10.75,0.0,-418.836094,0.0
2019-01-11,22,0,200,0.0,0.0,0.0,-0.0,0.0
2019-01-11,22,0,204,419.29,419.29,0.0,4336.238091,0.0
2019-01-11,22,0,205,462.62,462.62,0.0,4716.34663,0.0
2019-01-11,22,0,206,352.19,352.19,0.0,4752.765925,0.0
2019-01-11,22,0,210,0.0,0.0,0.0,0.0,0.0
2019-01-11,22,0,214,0.0,0.0,0.0,0.0,0.0
2019-01-11,22,0,217,0.0,0.0,0.0,0.0,0.0
2019-01-11,22,0,218,0.0,0.0,0.0,0.0,0.0
2019-01-11,22,0,219,0.0,0.0,0.0,0.0,0.0
2019-01-11,22,0,221,0.0,0.0,0.0,0.0,0.0
2019-01-11,22,0,225,0.0,0.0,0.0,0.0,0.0
2019-01-11,22,0,233,0.0,0.0,0.0,0.0,0.0
2019-01-11,22,0,236,0.0,0.0,0.0,0.0,0.0
2019-01-11,22,0,237,0.0,0.0,0.0,0.0,0.0
2019-01-11,22,0,238,0.0,0.0,0.0,0.0,0.0
2019-01-11,22,0,240,0.0,0.0,0.0,0.0,0.0
2019-01-11,22,0,245,177.46,177.46,0.0,1310.894078,0.0
2019-01-11,22,0,247,58.83,58.83,0.0,434.576235,0.0
2019-01-11,22,0,248,0.0,0.0,0.0,0.0,0.0
2019-01-11,22,0,249,341.26,341.26,0.0,2520.881963,0.0
2019-01-11,22,0,251,187.99,187.99,0.0,1438.173138,0.0
2019-01-11,22,0,252,90.24,90.24,0.0,684.186915,0.0
2019-01-11,22,0,254,0.0,0.0,0.0,0.0,0.0
2019-01-11,22,0,255,0.0,0.0,0.0,0.0,0.0
2019-01-11,22,0,258,0.0,0.0,0.0,0.0,0.0
2019-01-11,22,0,260,0.0,0.0,0.0,0.0,0.0
2019-01-11,22,0,265,0.0,0.0,0.0,0.0,0.0
2019-01-11,22,0,266,16.09,16.09,0.0,184.664266,0.0
2019-01-11,22,0,267,19.77,19.77,0.0,226.899474,0.0
2019-01-11,22,0,270,579.0,579.0,0.0,-579000.0,0.0
2019-01-11,22,0,272,501.3,501.3,0.0,-138033.249417,0.0
2019-01-11,22,0,273,0.0,0.0,0.0,-0.0,0.0
2019-01-11,22,0,274,746.4,746.4,0.0,-746400.0,0.0
2019-01-11,22,0,275,1039.0,1039.0,0.0,-1039000.0,0.0
2019-01-11,22,0,276,0.0,0.0,0.0,-0.0,0.0
2019-01-11,22,0,277,0.0,0.0,0.0,-0.0,0.0
2019-01-11,22,0,278,0.0,0.0,0.0,-0.0,0.0
2019-01-11,22,0,279,264.61,264.61,0.0,-76011.791625,0.0
2019-01-11,22,0,281,4.79,4.79,0.0,64.453917,0.0
2019-01-11,22,0,282,0.0,0.0,0.0,0.0,0.0
2019-01-11,23,0,9,0.0,0.0,0.0,0.0,0.0
2019-01-11,23,0,17,0.0,0.0,0.0,0.0,0.0
2019-01-11,23,0,19,582.49,582.49,0.0,4170.721297,0.0
2019-01-11,23,0,20,706.45,706.45,0.0,5058.294666,0.0
2019-01-11,23,0,21,0.0,0.0,0.0,0.0,0.0
2019-01-11,23,0,22,0.0,0.0,0.0,0.0,0.0
2019-01-11,23,0,23,60.77,60.77,0.0,822.972518,0.0
2019-01-11,23,0,24,107.52,107.52,0.0,1456.080387,0.0
2019-01-11,23,0,29,0.0,0.0,0.0,0.0,0.0
2019-01-11,23,0,30,0.0,0.0,0.0,0.0,0.0
2019-01-11,23,0,31,10.8,10.8,0.0,146.695181,0.0
2019-01-11,23,0,32,0.0,0.0,0.0,0.0,0.0
2019-01-11,23,0,33,0.0,0.0,0.0,0.0,0.0
2019-01-11,23,0,34,0.0,0.0,0.0,0.0,0.0
2019-01-11,23,0,35,0.0,0.0,0.0,0.0,0.0
2019-01-11,23,0,36,0.0,0.0,0.0,0.0,0.0
2019-01-11,23,0,37,0.0,0.0,0.0,0.0,0.0
2019-01-11,23,0,38,0.0,0.0,0.0,0.0,0.0
2019-01-11,23,0,39,0.0,0.0,0.0,0.0,0.0
2019-01-11,23,0,40,0.0,0.0,0.0,0.0,0.0
2019-01-11,23,0,41,20.08,20.08,0.0,229.600979,0.0
2019-01-11,23,0,42,0.0,0.0,0.0,0.0,0.0
2019-01-11,23,0,43,0.0,0.0,0.0,0.0,0.0
2019-01-11,23,0,46,0.0,0.0,0.0,0.0,0.0
2019-01-11,23,0,52,11.45,11.45,0.0,155.524058,0.0
2019-01-11,23,0,53,18.19,18.19,0.0,247.072718,0.0
2019-01-11,23,0,55,258.62,258.62,0.0,3502.339189,0.0
2019-01-11,23,0,56,0.0,0.0,0.0,0.0,0.0
2019-01-11,23,0,57,0.0,0.0,0.0,0.0,0.0
2019-01-11,23,0,58,0.0,0.0,0.0,0.0,0.0
2019-01-11,23,0,59,0.0,0.0,0.0,0.0,0.0
2019-01-11,23,0,63,151.21,151.21,0.0,14364.600267,0.0
2019-01-11,23,0,64,177.9,177.9,0.0,16900.088536,0.0
2019-01-11,23,0,65,9.18,9.18,0.0,66.145519,0.0
2019-01-11,23,0,67,0.0,0.0,0.0,-0.0,0.0
2019-01-11,23,0,68,8.59,8.59,0.0,-3638.960057,0.0
2019-01-11,23,0,69,0.0,0.0,0.0,0.0,0.0
2019-01-11,23,0,74,1.3,1.3,0.0,11.036599,0.0
2019-01-11,23,0,77,200.0,200.0,0.0,-61152.847114,0.0
2019-01-11,23,0,78,151.2,151.2,0.0,-46231.552418,0.0
2019-01-11,23,0,79,87.5,87.5,0.0,-26754.370612,0.0
2019-01-11,23,0,80,141.5,141.5,0.0,-43265.639333,0.0
2019-01-11,23,0,81,185.0,185.0,0.0,-56566.38358,0.0
2019-01-11,23,0,82,130.5,130.5,0.0,-39902.232742,0.0
2019-01-11,23,0,83,291.0,291.0,0.0,-88977.39255,0.0
2019-01-11,23,0,84,0.0,0.0,0.0,-0.0,0.0
2019-01-11,23,0,86,0.0,0.0,0.0,0.0,0.0
2019-01-11,23,0,87,0.0,0.0,0.0,0.0,0.0
2019-01-11,23,0,88,170.6,170.6,0.0,-52163.378588,0.0
2019-01-11,23,0,89,164.0,164.0,0.0,-50145.334633,0.0
2019-01-11,23,0,90,220.2,220.2,0.0,-67329.284672,0.0
2019-01-11,23,0,91,785.5,785.5,0.0,-240177.807039,0.0
2019-01-11,23,0,92,282.5,282.5,0.0,-86378.396548,0.0
2019-01-11,23,0,95,105.82,105.82,0.0,2057.752419,0.0
2019-01-11,23,0,96,15.33,15.33,0.0,208.87409,0.0
2019-01-11,23,0,97,94.29,94.29,0.0,1284.71872,0.0
2019-01-11,23,0,99,0.25,0.25,0.0,2.122423,0.0
2019-01-11,23,0,101,0.0,0.0,0.0,0.0,0.0
2019-01-11,23,0,102,20.34,20.34,0.0,-8616.582953,0.0
2019-01-11,23,0,103,17.68,17.68,0.0,-7489.733855,0.0
2019-01-11,23,0,104,3.28,3.28,0.0,-1389.498136,0.0
2019-01-11,23,0,106,0.0,0.0,0.0,0.0,0.0
2019-01-11,23,0,109,81.39,81.39,0.0,817.345719,0.0
2019-01-11,23,0,110,40.45,40.45,0.0,-40450.0,0.0
2019-01-11,23,0,111,0.0,0.0,0.0,0.0,0.0
2019-01-11,23,0,113,140.5,140.5,0.0,-38780.865671,0.0
2019-01-11,23,0,115,140.5,140.5,0.0,-38780.865671,0.0
2019-01-11,23,0,116,0.0,0.0,0.0,-0.0,0.0
2019-01-11,23,0,117,9.37,9.37,0.0,-2586.311113,0.0
2019-01-11,23,0,119,177.9,177.9,0.0,16900.088536,0.0
2019-01-11,23,0,120,104.6,104.6,0.0,9936.758071,0.0
2019-01-11,23,0,123,0.0,0.0,0.0,0.0,0.0
2019-01-11,23,0,125,97.3,97.3,0.0,1317.676913,0.0
2019-01-11,23,0,126,0.0,0.0,0.0,0.0,0.0
2019-01-11,23,0,127,0.0,0.0,0.0,0.0,0.0
2019-01-11,23,0,128,139.35,139.35,0.0,1887.135434,0.0
2019-01-11,23,0,131,27.93,27.93,0.0,-10773.57826,0.0
2019-01-11,23,0,132,41.05,41.05,0.0,-15834.421324,0.0
2019-01-11,23,0,133,107.32,107.32,0.0,767.970939,0.0
2019-01-11,23,0,134,0.0,0.0,0.0,0.0,0.0
2019-01-11,23,0,135,143.8,143.8,0.0,1029.018086,0.0
2019-01-11,23,0,136,9.89,9.89,0.0,71.285909,0.0
2019-01-11,23,0,139,25.93,25.93,0.0,296.491702,0.0
2019-01-11,23,0,140,29.94,29.94,0.0,-29940.0,0.0
2019-01-11,23,0,141,74.45,74.45,0.0,-42102.230638,0.0
2019-01-11,23,0,142,0.0,0.0,0.0,-0.0,0.0
2019-01-11,23,0,143,31.81,31.81,0.0,432.071641,0.0
2019-01-11,23,0,145,9.26,9.26,0.0,113.608062,0.0
2019-01-11,23,0,146,268.0,268.0,0.0,-268000.0,0.0
2019-01-11,23,0,152,0.0,0.0,0.0,0.0,0.0
2019-01-11,23,0,153,0.0,0.0,0.0,0.0,0.0
2019-01-11,23,0,154,0.0,0.0,0.0,0.0,0.0
2019-01-11,23,0,157,148.87,148.87,0.0,-84187.495971,0.0
2019-01-11,23,0,158,0.0,0.0,0.0,-0.0,0.0
2019-01-11,23,0,159,0.0,0.0,0.0,0.0,0.0
2019-01-11,23,0,160,0.0,0.0,0.0,0.0,0.0
2019-01-11,23,0,161,0.0,0.0,0.0,-0.0,0.0
2019-01-11,23,0,162,31.28,31.28,0.0,632.647777,0.0
2019-01-11,23,0,163,131.41,131.41,0.0,-131410.0,0.0
2019-01-11,23,0,164,0.0,0.0,0.0,0.0,0.0
2019-01-11,23,0,167,0.0,0.0,0.0,0.0,0.0
2019-01-11,23,0,168,0.0,0.0,0.0,0.0,0.0
2019-01-11,23,0,169,0.0,0.0,0.0,0.0,0.0
2019-01-11,23,0,170,0.0,0.0,0.0,0.0,0.0
2019-01-11,23,0,172,0.0,0.0,0.0,0.0,0.0
2019-01-11,23,0,173,0.0,0.0,0.0,0.0,0.0
2019-01-11,23,0,188,0.0,0.0,0.0,0.0,0.0
2019-01-11,23,0,190,0.0,0.0,0.0,0.0,0.0
2019-01-11,23,0,191,0.0,0.0,0.0,0.0,0.0
2019-01-11,23,0,192,30.09,30.09,0.0,2858.480405,0.0
2019-01-11,23,0,194,176.5,176.5,0.0,-25179.063182,0.0
2019-01-11,23,0,196,0.0,0.0,0.0,0.0,0.0
2019-01-11,23,0,198,0.0,0.0,0.0,0.0,0.0
2019-01-11,23,0,199,7.67,7.67,0.0,-305.134978,0.0
2019-01-11,23,0,200,0.0,0.0,0.0,-0.0,0.0
2019-01-11,23,0,204,318.85,318.85,0.0,3252.885987,0.0
2019-01-11,23,0,205,430.57,430.57,0.0,4323.92857,0.0
2019-01-11,23,0,206,277.07,277.07,0.0,3775.130086,0.0
2019-01-11,23,0,210,0.0,0.0,0.0,0.0,0.0
2019-01-11,23,0,214,0.0,0.0,0.0,0.0,0.0
2019-01-11,23,0,217,0.0,0.0,0.0,0.0,0.0
2019-01-11,23,0,218,0.0,0.0,0.0,0.0,0.0
2019-01-11,23,0,219,0.0,0.0,0.0,0.0,0.0
2019-01-11,23,0,221,0.0,0.0,0.0,0.0,0.0
2019-01-11,23,0,225,0.0,0.0,0.0,0.0,0.0
2019-01-11,23,0,233,0.0,0.0,0.0,0.0,0.0
2019-01-11,23,0,236,0.0,0.0,0.0,0.0,0.0
2019-01-11,23,0,237,3.12,3.12,0.0,26.487838,0.0
2019-01-11,23,0,238,0.0,0.0,0.0,0.0,0.0
2019-01-11,23,0,240,0.0,0.0,0.0,0.0,0.0
2019-01-11,23,0,245,218.37,218.37,0.0,1527.24003,0.0
2019-01-11,23,0,247,57.09,57.09,0.0,399.277068,0.0
2019-01-11,23,0,248,0.31,0.31,0.0,2.631804,0.0
2019-01-11,23,0,249,419.95,419.95,0.0,2937.053856,0.0
2019-01-11,23,0,251,62.82,62.82,0.0,457.308381,0.0
2019-01-11,23,0,252,59.22,59.22,0.0,426.703448,0.0
2019-01-11,23,0,254,0.0,0.0,0.0,0.0,0.0
2019-01-11,23,0,255,0.0,0.0,0.0,0.0,0.0
2019-01-11,23,0,258,0.0,0.0,0.0,0.0,0.0
2019-01-11,23,0,260,0.0,0.0,0.0,0.0,0.0
2019-01-11,23,0,265,0.0,0.0,0.0,0.0,0.0
2019-01-11,23,0,266,16.79,16.79,0.0,191.982093,0.0
2019-01-11,23,0,267,20.63,20.63,0.0,235.88985,0.0
2019-01-11,23,0,270,410.39,410.39,0.0,-410390.0,0.0
2019-01-11,23,0,272,469.56,469.56,0.0,-129608.137257,0.0
2019-01-11,23,0,273,0.0,0.0,0.0,-0.0,0.0
2019-01-11,23,0,274,529.04,529.04,0.0,-529040.0,0.0
2019-01-11,23,0,275,736.43,736.43,0.0,-736430.0,0.0
2019-01-11,23,0,276,0.0,0.0,0.0,-0.0,0.0
2019-01-11,23,0,277,0.0,0.0,0.0,-0.0,0.0
2019-01-11,23,0,278,0.0,0.0,0.0,-0.0,0.0
2019-01-11,23,0,279,264.6,264.6,0.0,-76190.295004,0.0
2019-01-11,23,0,281,4.85,4.85,0.0,65.877003,0.0
2019-01-11,23,0,282,0.0,0.0,0.0,0.0,0.0
2019-01-12,0,0,9,0.0,0.0,0.0,0.0,0.0
2019-01-12,0,0,17,0.0,0.0,0.0,0.0,0.0
2019-01-12,0,0,19,643.3,643.3,0.0,7063.814593,0.0
2019-01-12,0,0,20,780.2,780.2,0.0,8567.057586,0.0
2019-01-12,0,0,21,0.0,0.0,0.0,0.0,0.0
2019-01-12,0,0,22,0.0,0.0,0.0,0.0,0.0
2019-01-12,0,0,23,47.76,47.76,0.0,524.433056,0.0
2019-01-12,0,0,24,84.5,84.5,0.0,927.859992,0.0
2019-01-12,0,0,29,0.0,0.0,0.0,0.0,0.0
2019-01-12,0,0,30,0.0,0.0,0.0,0.0,0.0
2019-01-12,0,0,31,11.05,11.05,0.0,121.335537,0.0
2019-01-12,0,0,32,0.0,0.0,0.0,0.0,0.0
2019-01-12,0,0,33,0.0,0.0,0.0,0.0,0.0
2019-01-12,0,0,34,0.0,0.0,0.0,0.0,0.0
2019-01-12,0,0,35,0.0,0.0,0.0,0.0,0.0
2019-01-12,0,0,36,0.0,0.0,0.0,0.0,0.0
2019-01-12,0,0,37,0.0,0.0,0.0,0.0,0.0
2019-01-12,0,0,38,0.0,0.0,0.0,0.0,0.0
2019-01-12,0,0,39,0.0,0.0,0.0,0.0,0.0
2019-01-12,0,0,40,0.0,0.0,0.0,0.0,0.0
2019-01-12,0,0,41,21.04,21.04,0.0,231.031648,0.0
2019-01-12,0,0,42,0.0,0.0,0.0,0.0,0.0
2019-01-12,0,0,43,0.0,0.0,0.0,0.0,0.0
2019-01-12,0,0,46,0.0,0.0,0.0,0.0,0.0
2019-01-12,0,0,52,11.72,11.72,0.0,128.692534,0.0
2019-01-12,0,0,53,18.61,18.61,0.0,204.34881,0.0
2019-01-12,0,0,55,235.88,235.88,0.0,2590.101953,0.0
2019-01-12,0,0,56,0.0,0.0,0.0,0.0,0.0
2019-01-12,0,0,57,0.0,0.0,0.0,0.0,0.0
2019-01-12,0,0,58,0.0,0.0,0.0,0.0,0.0
2019-01-12,0,0,59,0.0,0.0,0.0,0.0,0.0
2019-01-12,0,0,63,131.29,131.29,0.0,1441.641875,0.0
2019-01-12,0,0,64,154.46,154.46,0.0,1696.062182,0.0
2019-01-12,0,0,65,5.63,5.63,0.0,61.820731,0.0
2019-01-12,0,0,67,0.0,0.0,0.0,0.0,0.0
2019-01-12,0,0,68,4.86,4.86,0.0,53.365675,0.0
2019-01-12,0,0,69,0.0,0.0,0.0,0.0,0.0
2019-01-12,0,0,74,2.95,2.95,0.0,32.392745,0.0
2019-01-12,0,0,77,162.07,162.07,0.0,1779.624485,0.0
2019-01-12,0,0,78,122.52,122.52,0.0,1345.342086,0.0
2019-01-12,0,0,79,70.9,70.9,0.0,778.523946,0.0
2019-01-12,0,0,80,114.66,114.66,0.0,1259.034636,0.0
2019-01-12,0,0,81,149.91,149.91,0.0,1646.100491,0.0
2019-01-12,0,0,82,105.75,105.75,0.0,1161.197564,0.0
2019-01-12,0,0,83,235.81,235.81,0.0,2589.333311,0.0
2019-01-12,0,0,84,0.0,0.0,0.0,0.0,0.0
2019-01-12,0,0,86,0.0,0.0,0.0,0.0,0.0
2019-01-12,0,0,87,0.0,0.0,0.0,0.0,0.0
2019-01-12,0,0,88,170.6,170.6,0.0,1873.288931,0.0
2019-01-12,0,0,89,164.0,164.0,0.0,1800.817027,0.0
2019-01-12,0,0,90,220.2,220.2,0.0,2417.926276,0.0
2019-01-12,0,0,91,785.5,785.5,0.0,8625.254722,0.0
2019-01-12,0,0,92,282.5,282.5,0.0,3102.017134,0.0
2019-01-12,0,0,95,51.62,51.62,0.0,566.81814,0.0
2019-01-12,0,0,96,12.5,12.5,0.0,137.257395,0.0
2019-01-12,0,0,97,76.89,76.89,0.0,844.29769,0.0
2019-01-12,0,0,99,0.57,0.57,0.0,6.258937,0.0
2019-01-12,0,0,101,0.0,0.0,0.0,0.0,0.0
2019-01-12,0,0,102,11.5,11.5,0.0,126.276804,0.0
2019-01-12,0,0,103,10.0,10.0,0.0,109.805916,0.0
2019-01-12,0,0,104,1.86,1.86,0.0,20.4239,0.0
2019-01-12,0,0,106,0.0,0.0,0.0,0.0,0.0
2019-01-12,0,0,109,59.28,59.28,0.0,650.929472,0.0
2019-01-12,0,0,110,163.82,163.82,0.0,1798.84052,0.0
2019-01-12,0,0,111,0.0,0.0,0.0,0.0,0.0
2019-01-12,0,0,113,113.47,113.47,0.0,1245.967732,0.0
2019-01-12,0,0,115,113.47,113.47,0.0,1245.967732,0.0
2019-01-12,0,0,116,0.0,0.0,0.0,0.0,0.0
2019-01-12,0,0,117,7.56,7.56,0.0,83.013273,0.0
2019-01-12,0,0,119,154.46,154.46,0.0,1696.062182,0.0
2019-01-12,0,0,120,90.82,90.82,0.0,997.257331,0.0
2019-01-12,0,0,123,0.0,0.0,0.0,0.0,0.0
2019-01-12,0,0,125,76.47,76.47,0.0,839.685842,0.0
2019-01-12,0,0,126,0.0,0.0,0.0,0.0,0.0
2019-01-12,0,0,127,0.0,0.0,0.0,0.0,0.0
2019-01-12,0,0,128,109.52,109.52,0.0,1202.594395,0.0
2019-01-12,0,0,131,16.79,16.79,0.0,184.364133,0.0
2019-01-12,0,0,132,24.67,24.67,0.0,270.891195,0.0
2019-01-12,0,0,133,139.8,139.8,0.0,1535.086709,0.0
2019-01-12,0,0,134,0.0,0.0,0.0,0.0,0.0
2019-01-12,0,0,135,187.33,187.33,0.0,2056.994229,0.0
2019-01-12,0,0,136,5.1,5.1,0.0,56.001017,0.0
2019-01-12,0,0,139,27.17,27.17,0.0,298.342674,0.0
2019-01-12,0,0,140,121.24,121.24,0.0,1331.286929,0.0
2019-01-12,0,0,141,92.33,92.33,0.0,1013.838025,0.0
2019-01-12,0,0,142,0.0,0.0,0.0,0.0,0.0
2019-01-12,0,0,143,71.12,71.12,0.0,780.939676,0.0
2019-01-12,0,0,145,7.98,7.98,0.0,87.625121,0.0
2019-01-12,0,0,146,268.0,268.0,0.0,2942.798556,0.0
2019-01-12,0,0,152,0.0,0.0,0.0,0.0,0.0
2019-01-12,0,0,153,0.0,0.0,0.0,0.0,0.0
2019-01-12,0,0,154,0.0,0.0,0.0,0.0,0.0
2019-01-12,0,0,157,193.98,193.98,0.0,2130.015164,0.0
2019-01-12,0,0,158,0.0,0.0,0.0,0.0,0.0
2019-01-12,0,0,159,0.0,0.0,0.0,0.0,0.0
2019-01-12,0,0,160,0.0,0.0,0.0,0.0,0.0
2019-01-12,0,0,161,0.0,0.0,0.0,0.0,0.0
2019-01-12,0,0,162,26.04,26.04,0.0,285.934606,0.0
2019-01-12,0,0,163,62.73,62.73,0.0,688.812513,0.0
2019-01-12,0,0,164,0.0,0.0,0.0,0.0,0.0
2019-01-12,0,0,167,0.0,0.0,0.0,0.0,0.0
2019-01-12,0,0,168,0.0,0.0,0.0,0.0,0.0
2019-01-12,0,0,169,0.0,0.0,0.0,0.0,0.0
2019-01-12,0,0,170,0.0,0.0,0.0,0.0,0.0
2019-01-12,0,0,172,0.0,0.0,0.0,0.0,0.0
2019-01-12,0,0,173,0.0,0.0,0.0,0.0,0.0
2019-01-12,0,0,188,0.0,0.0,0.0,0.0,0.0
2019-01-12,0,0,190,0.0,0.0,0.0,0.0,0.0
2019-01-12,0,0,191,0.0,0.0,0.0,0.0,0.0
2019-01-12,0,0,192,20.97,20.97,0.0,230.263006,0.0
2019-01-12,0,0,194,175.25,175.25,0.0,1924.348682,0.0
2019-01-12,0,0,196,0.0,0.0,0.0,0.0,0.0
2019-01-12,0,0,198,0.0,0.0,0.0,0.0,0.0
2019-01-12,0,0,199,3.09,3.09,0.0,33.930028,0.0
2019-01-12,0,0,200,0.0,0.0,0.0,0.0,0.0
2019-01-12,0,0,204,235.9,235.9,0.0,2590.321564,0.0
2019-01-12,0,0,205,313.59,313.59,0.0,3443.403728,0.0
2019-01-12,0,0,206,225.94,225.94,0.0,2480.954872,0.0
2019-01-12,0,0,210,0.0,0.0,0.0,0.0,0.0
2019-01-12,0,0,214,0.0,0.0,0.0,0.0,0.0
2019-01-12,0,0,217,0.0,0.0,0.0,0.0,0.0
2019-01-12,0,0,218,0.0,0.0,0.0,0.0,0.0
2019-01-12,0,0,219,0.0,0.0,0.0,0.0,0.0
2019-01-12,0,0,221,0.0,0.0,0.0,0.0,0.0
2019-01-12,0,0,225,0.0,0.0,0.0,0.0,0.0
2019-01-12,0,0,233,0.0,0.0,0.0,0.0,0.0
2019-01-12,0,0,236,0.0,0.0,0.0,0.0,0.0
2019-01-12,0,0,237,7.08,7.08,0.0,77.742589,0.0
2019-01-12,0,0,238,0.0,0.0,0.0,0.0,0.0
2019-01-12,0,0,240,0.0,0.0,0.0,0.0,0.0
2019-01-12,0,0,245,164.49,164.49,0.0,1806.197516,0.0
2019-01-12,0,0,247,57.61,57.61,0.0,632.591884,0.0
2019-01-12,0,0,248,0.71,0.71,0.0,7.79622,0.0
2019-01-12,0,0,249,308.16,308.16,0.0,3383.779115,0.0
2019-01-12,0,0,251,41.87,41.87,0.0,459.757371,0.0
2019-01-12,0,0,252,36.34,36.34,0.0,399.0347,0.0
2019-01-12,0,0,254,0.0,0.0,0.0,0.0,0.0
2019-01-12,0,0,255,0.0,0.0,0.0,0.0,0.0
2019-01-12,0,0,258,0.0,0.0,0.0,0.0,0.0
2019-01-12,0,0,260,0.0,0.0,0.0,0.0,0.0
2019-01-12,0,0,265,0.0,0.0,0.0,0.0,0.0
2019-01-12,0,0,266,17.6,17.6,0.0,193.258413,0.0
2019-01-12,0,0,267,21.62,21.62,0.0,237.400391,0.0
2019-01-12,0,0,270,195.92,195.92,0.0,2151.317511,0.0
2019-01-12,0,0,272,379.22,379.22,0.0,4164.059956,0.0
2019-01-12,0,0,273,0.0,0.0,0.0,0.0,0.0
2019-01-12,0,0,274,252.56,252.56,0.0,2773.258221,0.0
2019-01-12,0,0,275,351.56,351.56,0.0,3860.336792,0.0
2019-01-12,0,0,276,0.0,0.0,0.0,0.0,0.0
2019-01-12,0,0,277,0.0,0.0,0.0,0.0,0.0
2019-01-12,0,0,278,0.0,0.0,0.0,0.0,0.0
2019-01-12,0,0,279,199.25,199.25,0.0,2187.882881,0.0
2019-01-12,0,0,281,4.96,4.96,0.0,54.463734,0.0
2019-01-12,0,0,282,0.0,0.0,0.0,0.0,0.0
2019-01-12,1,0,9,0.0,0.0,0.0,0.0,0.0
2019-01-12,1,0,17,0.0,0.0,0.0,0.0,0.0
2019-01-12,1,0,19,643.3,643.3,0.0,6399.926713,0.0
2019-01-12,1,0,20,780.2,780.2,0.0,7761.888422,0.0
2019-01-12,1,0,21,0.0,0.0,0.0,0.0,0.0
2019-01-12,1,0,22,0.0,0.0,0.0,0.0,0.0
2019-01-12,1,0,23,46.04,46.04,0.0,425.985936,0.0
2019-01-12,1,0,24,81.46,81.46,0.0,753.710128,0.0
2019-01-12,1,0,29,0.0,0.0,0.0,0.0,0.0
2019-01-12,1,0,30,0.0,0.0,0.0,0.0,0.0
2019-01-12,1,0,31,25.54,25.54,0.0,236.196577,0.0
2019-01-12,1,0,32,0.0,0.0,0.0,0.0,0.0
2019-01-12,1,0,33,0.0,0.0,0.0,0.0,0.0
2019-01-12,1,0,34,0.0,0.0,0.0,0.0,0.0
2019-01-12,1,0,35,0.0,0.0,0.0,0.0,0.0
2019-01-12,1,0,36,0.0,0.0,0.0,0.0,0.0
2019-01-12,1,0,37,0.0,0.0,0.0,0.0,0.0
2019-01-12,1,0,38,0.0,0.0,0.0,0.0,0.0
2019-01-12,1,0,39,0.0,0.0,0.0,0.0,0.0
2019-01-12,1,0,40,0.0,0.0,0.0,0.0,0.0
2019-01-12,1,0,41,22.18,22.18,0.0,210.320405,0.0
2019-01-12,1,0,42,0.0,0.0,0.0,0.0,0.0
2019-01-12,1,0,43,0.0,0.0,0.0,0.0,0.0
2019-01-12,1,0,46,0.0,0.0,0.0,0.0,0.0
2019-01-12,1,0,52,27.19,27.19,0.0,251.455949,0.0
2019-01-12,1,0,53,44.45,44.45,0.0,411.078225,0.0
2019-01-12,1,0,55,192.83,192.83,0.0,1784.163075,0.0
2019-01-12,1,0,56,0.0,0.0,0.0,0.0,0.0
2019-01-12,1,0,57,0.0,0.0,0.0,0.0,0.0
2019-01-12,1,0,58,0.0,0.0,0.0,0.0,0.0
2019-01-12,1,0,59,0.0,0.0,0.0,0.0,0.0
2019-01-12,1,0,63,114.38,114.38,0.0,1432.908029,0.0
2019-01-12,1,0,64,134.57,134.57,0.0,1685.840474,0.0
2019-01-12,1,0,65,3.19,3.19,0.0,31.720258,0.0
2019-01-12,1,0,67,0.0,0.0,0.0,0.0,0.0
2019-01-12,1,0,68,3.17,3.17,0.0,24.212938,0.0
2019-01-12,1,0,69,0.0,0.0,0.0,0.0,0.0
2019-01-12,1,0,74,5.7,5.7,0.0,55.880434,0.0
2019-01-12,1,0,77,127.39,127.39,0.0,1124.622363,0.0
2019-01-12,1,0,78,96.3,96.3,0.0,850.154122,0.0
2019-01-12,1,0,79,55.73,55.73,0.0,491.994696,0.0
2019-01-12,1,0,80,90.13,90.13,0.0,795.684226,0.0
2019-01-12,1,0,81,117.83,117.83,0.0,1040.224924,0.0
2019-01-12,1,0,82,83.12,83.12,0.0,733.798656,0.0
2019-01-12,1,0,83,185.35,185.35,0.0,1636.30391,0.0
2019-01-12,1,0,84,0.0,0.0,0.0,0.0,0.0
2019-01-12,1,0,86,0.0,0.0,0.0,0.0,0.0
2019-01-12,1,0,87,0.0,0.0,0.0,0.0,0.0
2019-01-12,1,0,88,144.44,144.44,0.0,1275.142901,0.0
2019-01-12,1,0,89,138.85,138.85,0.0,1225.793352,0.0
2019-01-12,1,0,90,186.44,186.44,0.0,1645.92663,0.0
2019-01-12,1,0,91,665.06,665.06,0.0,5871.272069,0.0
2019-01-12,1,0,92,239.18,239.18,0.0,2111.525056,0.0
2019-01-12,1,0,95,58.37,58.37,0.0,690.27636,0.0
2019-01-12,1,0,96,10.86,10.86,0.0,100.384311,0.0
2019-01-12,1,0,97,66.76,66.76,0.0,617.095451,0.0
2019-01-12,1,0,99,1.1,1.1,0.0,10.783943,0.0
2019-01-12,1,0,101,0.0,0.0,0.0,0.0,0.0
2019-01-12,1,0,102,7.5,7.5,0.0,57.286131,0.0
2019-01-12,1,0,103,6.52,6.52,0.0,49.800743,0.0
2019-01-12,1,0,104,1.21,1.21,0.0,9.242162,0.0
2019-01-12,1,0,106,0.0,0.0,0.0,0.0,0.0
2019-01-12,1,0,109,41.66,41.66,0.0,401.362786,0.0
2019-01-12,1,0,110,338.6,338.6,0.0,667.211295,0.0
2019-01-12,1,0,111,0.0,0.0,0.0,0.0,0.0
2019-01-12,1,0,113,51.61,51.61,0.0,465.455053,0.0
2019-01-12,1,0,115,51.61,51.61,0.0,465.455053,0.0
2019-01-12,1,0,116,0.0,0.0,0.0,0.0,0.0
2019-01-12,1,0,117,3.53,3.53,0.0,31.836007,0.0
2019-01-12,1,0,119,134.57,134.57,0.0,1685.840474,0.0
2019-01-12,1,0,120,79.13,79.13,0.0,991.309777,0.0
2019-01-12,1,0,123,0.0,0.0,0.0,0.0,0.0
2019-01-12,1,0,125,73.72,73.72,0.0,682.095638,0.0
2019-01-12,1,0,126,0.0,0.0,0.0,0.0,0.0
2019-01-12,1,0,127,0.0,0.0,0.0,0.0,0.0
2019-01-12,1,0,128,105.58,105.58,0.0,976.880866,0.0
2019-01-12,1,0,131,11.32,11.32,0.0,90.681797,0.0
2019-01-12,1,0,132,16.63,16.63,0.0,133.21893,0.0
2019-01-12,1,0,133,139.8,139.8,0.0,1390.877594,0.0
2019-01-12,1,0,134,0.0,0.0,0.0,0.0,0.0
2019-01-12,1,0,135,187.32,187.32,0.0,1863.656587,0.0
2019-01-12,1,0,136,2.4,2.4,0.0,23.864121,0.0
2019-01-12,1,0,139,28.64,28.64,0.0,271.576934,0.0
2019-01-12,1,0,140,250.6,250.6,0.0,493.807296,0.0
2019-01-12,1,0,141,157.55,157.55,0.0,983.58059,0.0
2019-01-12,1,0,142,0.0,0.0,0.0,0.0,0.0
2019-01-12,1,0,143,82.5,82.5,0.0,762.968584,0.0
2019-01-12,1,0,145,6.8,6.8,0.0,63.861757,0.0
2019-01-12,1,0,146,268.0,268.0,0.0,528.093996,0.0
2019-01-12,1,0,152,0.0,0.0,0.0,0.0,0.0
2019-01-12,1,0,153,0.0,0.0,0.0,0.0,0.0
2019-01-12,1,0,154,0.0,0.0,0.0,0.0,0.0
2019-01-12,1,0,157,247.77,247.77,0.0,1546.821725,0.0
2019-01-12,1,0,158,0.0,0.0,0.0,0.0,0.0
2019-01-12,1,0,159,0.0,0.0,0.0,0.0,0.0
2019-01-12,1,0,160,0.0,0.0,0.0,0.0,0.0
2019-01-12,1,0,161,0.0,0.0,0.0,0.0,0.0
2019-01-12,1,0,162,21.59,21.59,0.0,255.488833,0.0
2019-01-12,1,0,163,28.13,28.13,0.0,55.430165,0.0
2019-01-12,1,0,164,0.0,0.0,0.0,0.0,0.0
2019-01-12,1,0,167,0.0,0.0,0.0,0.0,0.0
2019-01-12,1,0,168,0.0,0.0,0.0,0.0,0.0
2019-01-12,1,0,169,0.0,0.0,0.0,0.0,0.0
2019-01-12,1,0,170,0.0,0.0,0.0,0.0,0.0
2019-01-12,1,0,172,0.0,0.0,0.0,0.0,0.0
2019-01-12,1,0,173,0.0,0.0,0.0,0.0,0.0
2019-01-12,1,0,188,0.0,0.0,0.0,0.0,0.0
2019-01-12,1,0,190,0.0,0.0,0.0,0.0,0.0
2019-01-12,1,0,191,0.0,0.0,0.0,0.0,0.0
2019-01-12,1,0,192,13.95,13.95,0.0,174.760159,0.0
2019-01-12,1,0,194,153.32,153.32,0.0,1569.224417,0.0
2019-01-12,1,0,196,0.0,0.0,0.0,0.0,0.0
2019-01-12,1,0,198,0.0,0.0,0.0,0.0,0.0
2019-01-12,1,0,199,7.74,7.74,0.0,81.263494,0.0
2019-01-12,1,0,200,0.0,0.0,0.0,0.0,0.0
2019-01-12,1,0,204,168.21,168.21,0.0,1617.649038,0.0
2019-01-12,1,0,205,220.37,220.37,0.0,2123.099306,0.0
2019-01-12,1,0,206,196.17,196.17,0.0,1813.295604,0.0
2019-01-12,1,0,210,0.0,0.0,0.0,0.0,0.0
2019-01-12,1,0,214,0.0,0.0,0.0,0.0,0.0
2019-01-12,1,0,217,0.0,0.0,0.0,0.0,0.0
2019-01-12,1,0,218,0.0,0.0,0.0,0.0,0.0
2019-01-12,1,0,219,0.0,0.0,0.0,0.0,0.0
2019-01-12,1,0,221,0.0,0.0,0.0,0.0,0.0
2019-01-12,1,0,225,0.0,0.0,0.0,0.0,0.0
2019-01-12,1,0,233,0.0,0.0,0.0,0.0,0.0
2019-01-12,1,0,236,0.0,0.0,0.0,0.0,0.0
2019-01-12,1,0,237,13.68,13.68,0.0,134.113041,0.0
2019-01-12,1,0,238,0.0,0.0,0.0,0.0,0.0
2019-01-12,1,0,240,0.0,0.0,0.0,0.0,0.0
2019-01-12,1,0,245,78.0,78.0,0.0,777.404928,0.0
2019-01-12,1,0,247,59.88,59.88,0.0,596.807783,0.0
2019-01-12,1,0,248,1.37,1.37,0.0,13.430911,0.0
2019-01-12,1,0,249,150.01,150.01,0.0,1495.109143,0.0
2019-01-12,1,0,251,26.08,26.08,0.0,259.119267,0.0
2019-01-12,1,0,252,20.59,20.59,0.0,204.739849,0.0
2019-01-12,1,0,254,0.0,0.0,0.0,0.0,0.0
2019-01-12,1,0,255,0.0,0.0,0.0,0.0,0.0
2019-01-12,1,0,258,0.0,0.0,0.0,0.0,0.0
2019-01-12,1,0,260,0.0,0.0,0.0,0.0,0.0
2019-01-12,1,0,265,0.0,0.0,0.0,0.0,0.0
2019-01-12,1,0,266,18.54,18.54,0.0,175.804342,0.0
2019-01-12,1,0,267,22.79,22.79,0.0,216.10469,0.0
2019-01-12,1,0,270,87.84,87.84,0.0,173.088719,0.0
2019-01-12,1,0,272,172.13,172.13,0.0,1552.388652,0.0
2019-01-12,1,0,273,0.0,0.0,0.0,0.0,0.0
2019-01-12,1,0,274,113.23,113.23,0.0,223.119713,0.0
2019-01-12,1,0,275,157.62,157.62,0.0,310.590208,0.0
2019-01-12,1,0,276,0.0,0.0,0.0,0.0,0.0
2019-01-12,1,0,277,0.0,0.0,0.0,0.0,0.0
2019-01-12,1,0,278,0.0,0.0,0.0,0.0,0.0
2019-01-12,1,0,279,143.27,143.27,0.0,1281.165964,0.0
2019-01-12,1,0,281,10.55,10.55,0.0,97.567498,0.0
2019-01-12,1,0,282,0.0,0.0,0.0,0.0,0.0
2019-01-12,2,0,9,0.0,0.0,0.0,0.0,0.0
2019-01-12,2,0,17,0.0,0.0,0.0,0.0,0.0
2019-01-12,2,0,19,643.3,643.3,0.0,143.445644,0.0
2019-01-12,2,0,20,780.2,780.2,0.0,173.972161,0.0
2019-01-12,2,0,21,0.0,0.0,0.0,0.0,0.0
2019-01-12,2,0,22,0.0,0.0,0.0,0.0,0.0
2019-01-12,2,0,23,36.38,36.38,0.0,339.203621,0.0
2019-01-12,2,0,24,64.36,64.36,0.0,600.08645,0.0
2019-01-12,2,0,29,0.0,0.0,0.0,0.0,0.0
2019-01-12,2,0,30,0.0,0.0,0.0,0.0,0.0
2019-01-12,2,0,31,11.94,11.94,0.0,111.277663,0.0
2019-01-12,2,0,32,0.0,0.0,0.0,0.0,0.0
2019-01-12,2,0,33,0.0,0.0,0.0,0.0,0.0
2019-01-12,2,0,34,0.0,0.0,0.0,0.0,0.0
2019-01-12,2,0,35,0.0,0.0,0.0,0.0,0.0
2019-01-12,2,0,36,0.0,0.0,0.0,0.0,0.0
2019-01-12,2,0,37,0.0,0.0,0.0,0.0,0.0
2019-01-12,2,0,38,0.0,0.0,0.0,0.0,0.0
2019-01-12,2,0,39,0.0,0.0,0.0,0.0,0.0
2019-01-12,2,0,40,0.0,0.0,0.0,0.0,0.0
2019-01-12,2,0,41,14.24,14.24,0.0,135.832138,0.0
2019-01-12,2,0,42,0.0,0.0,0.0,0.0,0.0
2019-01-12,2,0,43,0.0,0.0,0.0,0.0,0.0
2019-01-12,2,0,46,0.0,0.0,0.0,0.0,0.0
2019-01-12,2,0,52,12.65,12.65,0.0,117.894677,0.0
2019-01-12,2,0,53,20.1,20.1,0.0,187.32672,0.0
2019-01-12,2,0,55,217.44,217.44,0.0,2027.389646,0.0
2019-01-12,2,0,56,0.0,0.0,0.0,0.0,0.0
2019-01-12,2,0,57,0.0,0.0,0.0,0.0,0.0
2019-01-12,2,0,58,0.0,0.0,0.0,0.0,0.0
2019-01-12,2,0,59,0.0,0.0,0.0,0.0,0.0
2019-01-12,2,0,63,68.24,68.24,0.0,853.530807,0.0
2019-01-12,2,0,64,80.28,80.28,0.0,1004.124461,0.0
2019-01-12,2,0,65,2.62,2.62,0.0,13.231505,0.0
2019-01-12,2,0,67,0.0,0.0,0.0,0.0,0.0
2019-01-12,2,0,68,2.25,2.25,0.0,17.487482,0.0
2019-01-12,2,0,69,0.0,0.0,0.0,0.0,0.0
2019-01-12,2,0,74,2.7,2.7,0.0,26.537542,0.0
2019-01-12,2,0,77,76.93,76.93,0.0,686.438787,0.0
2019-01-12,2,0,78,58.16,58.16,0.0,518.955932,0.0
2019-01-12,2,0,79,33.66,33.66,0.0,300.344853,0.0
2019-01-12,2,0,80,54.43,54.43,0.0,485.673511,0.0
2019-01-12,2,0,81,71.16,71.16,0.0,634.953647,0.0
2019-01-12,2,0,82,50.2,50.2,0.0,447.929639,0.0
2019-01-12,2,0,83,111.93,111.93,0.0,998.740328,0.0
2019-01-12,2,0,84,0.0,0.0,0.0,0.0,0.0
2019-01-12,2,0,86,0.0,0.0,0.0,0.0,0.0
2019-01-12,2,0,87,0.0,0.0,0.0,0.0,0.0
2019-01-12,2,0,88,86.8,86.8,0.0,774.507821,0.0
2019-01-12,2,0,89,83.44,83.44,0.0,744.526874,0.0
2019-01-12,2,0,90,112.03,112.03,0.0,999.632618,0.0
2019-01-12,2,0,91,399.65,399.65,0.0,3566.037452,0.0
2019-01-12,2,0,92,143.73,143.73,0.0,1282.488585,0.0
2019-01-12,2,0,95,19.69,19.69,0.0,232.915592,0.0
2019-01-12,2,0,96,8.4,8.4,0.0,78.249216,0.0
2019-01-12,2,0,97,51.64,51.64,0.0,481.046372,0.0
2019-01-12,2,0,99,0.52,0.52,0.0,5.110934,0.0
2019-01-12,2,0,101,0.0,0.0,0.0,0.0,0.0
2019-01-12,2,0,102,5.32,5.32,0.0,41.348181,0.0
2019-01-12,2,0,103,4.63,4.63,0.0,35.985353,0.0
2019-01-12,2,0,104,0.86,0.86,0.0,6.684104,0.0
2019-01-12,2,0,106,0.0,0.0,0.0,0.0,0.0
2019-01-12,2,0,109,38.41,38.41,0.0,372.039867,0.0
2019-01-12,2,0,110,338.6,338.6,0.0,775.025732,0.0
2019-01-12,2,0,111,0.0,0.0,0.0,0.0,0.0
2019-01-12,2,0,113,33.15,33.15,0.0,301.973877,0.0
2019-01-12,2,0,115,33.15,33.15,0.0,301.973877,0.0
2019-01-12,2,0,116,0.0,0.0,0.0,0.0,0.0
2019-01-12,2,0,117,1.77,1.77,0.0,16.123492,0.0
2019-01-12,2,0,119,80.28,80.28,0.0,1004.124461,0.0
2019-01-12,2,0,120,47.2,47.2,0.0,590.367147,0.0
2019-01-12,2,0,123,0.0,0.0,0.0,0.0,0.0
2019-01-12,2,0,125,58.24,58.24,0.0,543.024158,0.0
2019-01-12,2,0,126,0.0,0.0,0.0,0.0,0.0
2019-01-12,2,0,127,0.0,0.0,0.0,0.0,0.0
2019-01-12,2,0,128,83.42,83.42,0.0,777.800056,0.0
2019-01-12,2,0,131,7.03,7.03,0.0,57.172905,0.0
2019-01-12,2,0,132,10.33,10.33,0.0,84.010827,0.0
2019-01-12,2,0,133,139.8,139.8,0.0,1487.06108,0.0
2019-01-12,2,0,134,0.0,0.0,0.0,0.0,0.0
2019-01-12,2,0,135,187.33,187.33,0.0,1992.640573,0.0
2019-01-12,2,0,136,2.08,2.08,0.0,11.055609,0.0
2019-01-12,2,0,139,18.39,18.39,0.0,175.418049,0.0
2019-01-12,2,0,140,250.6,250.6,0.0,573.601443,0.0
2019-01-12,2,0,141,159.79,159.79,0.0,1026.23818,0.0
2019-01-12,2,0,142,0.0,0.0,0.0,0.0,0.0
2019-01-12,2,0,143,45.32,45.32,0.0,422.370494,0.0
2019-01-12,2,0,145,6.21,6.21,0.0,58.719377,0.0
2019-01-12,2,0,146,268.0,268.0,0.0,613.428518,0.0
2019-01-12,2,0,152,0.0,0.0,0.0,0.0,0.0
2019-01-12,2,0,153,0.0,0.0,0.0,0.0,0.0
2019-01-12,2,0,154,0.0,0.0,0.0,0.0,0.0
2019-01-12,2,0,157,250.0,250.0,0.0,1605.604512,0.0
2019-01-12,2,0,158,0.0,0.0,0.0,0.0,0.0
2019-01-12,2,0,159,0.0,0.0,0.0,0.0,0.0
2019-01-12,2,0,160,0.0,0.0,0.0,0.0,0.0
2019-01-12,2,0,161,0.0,0.0,0.0,0.0,0.0
2019-01-12,2,0,162,16.36,16.36,0.0,193.64778,0.0
2019-01-12,2,0,163,28.33,28.33,0.0,64.844888,0.0
2019-01-12,2,0,164,0.0,0.0,0.0,0.0,0.0
2019-01-12,2,0,167,0.0,0.0,0.0,0.0,0.0
2019-01-12,2,0,168,0.0,0.0,0.0,0.0,0.0
2019-01-12,2,0,169,0.0,0.0,0.0,0.0,0.0
2019-01-12,2,0,170,0.0,0.0,0.0,0.0,0.0
2019-01-12,2,0,172,0.0,0.0,0.0,0.0,0.0
2019-01-12,2,0,173,0.0,0.0,0.0,0.0,0.0
2019-01-12,2,0,188,0.0,0.0,0.0,0.0,0.0
2019-01-12,2,0,190,0.0,0.0,0.0,0.0,0.0
2019-01-12,2,0,191,0.0,0.0,0.0,0.0,0.0
2019-01-12,2,0,192,0.0,0.0,0.0,0.0,0.0
2019-01-12,2,0,194,96.43,96.43,0.0,992.069697,0.0
2019-01-12,2,0,196,0.0,0.0,0.0,0.0,0.0
2019-01-12,2,0,198,0.0,0.0,0.0,0.0,0.0
2019-01-12,2,0,199,4.46,4.46,0.0,47.064172,0.0
2019-01-12,2,0,200,0.0,0.0,0.0,0.0,0.0
2019-01-12,2,0,204,154.38,154.38,0.0,1492.911506,0.0
2019-01-12,2,0,205,188.54,188.54,0.0,1826.201419,0.0
2019-01-12,2,0,206,151.74,151.74,0.0,1413.516197,0.0
2019-01-12,2,0,210,0.0,0.0,0.0,0.0,0.0
2019-01-12,2,0,214,0.0,0.0,0.0,0.0,0.0
2019-01-12,2,0,217,0.0,0.0,0.0,0.0,0.0
2019-01-12,2,0,218,0.0,0.0,0.0,0.0,0.0
2019-01-12,2,0,219,0.0,0.0,0.0,0.0,0.0
2019-01-12,2,0,221,0.0,0.0,0.0,0.0,0.0
2019-01-12,2,0,225,0.0,0.0,0.0,0.0,0.0
2019-01-12,2,0,233,0.0,0.0,0.0,0.0,0.0
2019-01-12,2,0,236,0.0,0.0,0.0,0.0,0.0
2019-01-12,2,0,237,6.47,6.47,0.0,63.591815,0.0
2019-01-12,2,0,238,0.0,0.0,0.0,0.0,0.0
2019-01-12,2,0,240,0.0,0.0,0.0,0.0,0.0
2019-01-12,2,0,245,66.96,66.96,0.0,604.304959,0.0
2019-01-12,2,0,247,44.11,44.11,0.0,398.086794,0.0
2019-01-12,2,0,248,0.65,0.65,0.0,6.388668,0.0
2019-01-12,2,0,249,128.77,128.77,0.0,1162.131863,0.0
2019-01-12,2,0,251,21.35,21.35,0.0,140.796487,0.0
2019-01-12,2,0,252,16.92,16.92,0.0,85.449263,0.0
2019-01-12,2,0,254,0.0,0.0,0.0,0.0,0.0
2019-01-12,2,0,255,0.0,0.0,0.0,0.0,0.0
2019-01-12,2,0,258,0.0,0.0,0.0,0.0,0.0
2019-01-12,2,0,260,0.0,0.0,0.0,0.0,0.0
2019-01-12,2,0,265,0.0,0.0,0.0,0.0,0.0
2019-01-12,2,0,266,11.91,11.91,0.0,113.606795,0.0
2019-01-12,2,0,267,14.63,14.63,0.0,139.55226,0.0
2019-01-12,2,0,270,88.46,88.46,0.0,202.477189,0.0
2019-01-12,2,0,272,142.99,142.99,0.0,1302.541317,0.0
2019-01-12,2,0,273,0.0,0.0,0.0,0.0,0.0
2019-01-12,2,0,274,114.04,114.04,0.0,261.027568,0.0
2019-01-12,2,0,275,158.75,158.75,0.0,363.364841,0.0
2019-01-12,2,0,276,0.0,0.0,0.0,0.0,0.0
2019-01-12,2,0,277,0.0,0.0,0.0,0.0,0.0
2019-01-12,2,0,278,0.0,0.0,0.0,0.0,0.0
2019-01-12,2,0,279,94.19,94.19,0.0,850.967111,0.0
2019-01-12,2,0,281,5.36,5.36,0.0,49.953792,0.0
2019-01-12,2,0,282,0.0,0.0,0.0,0.0,0.0
2019-01-12,3,0,9,0.0,0.0,0.0,0.0,0.0
2019-01-12,3,0,17,0.0,0.0,0.0,0.0,0.0
2019-01-12,3,0,19,363.17,363.17,0.0,4124.811264,0.0
2019-01-12,3,0,20,440.45,440.45,0.0,5002.541844,0.0
2019-01-12,3,0,21,0.0,0.0,0.0,0.0,0.0
2019-01-12,3,0,22,0.0,0.0,0.0,0.0,0.0
2019-01-12,3,0,23,35.68,35.68,0.0,405.24621,0.0
2019-01-12,3,0,24,63.13,63.13,0.0,717.017747,0.0
2019-01-12,3,0,29,0.0,0.0,0.0,0.0,0.0
2019-01-12,3,0,30,0.0,0.0,0.0,0.0,0.0
2019-01-12,3,0,31,12.73,12.73,0.0,144.58476,0.0
2019-01-12,3,0,32,0.0,0.0,0.0,0.0,0.0
2019-01-12,3,0,33,0.0,0.0,0.0,0.0,0.0
2019-01-12,3,0,34,0.0,0.0,0.0,0.0,0.0
2019-01-12,3,0,35,0.0,0.0,0.0,0.0,0.0
2019-01-12,3,0,36,0.0,0.0,0.0,0.0,0.0
2019-01-12,3,0,37,0.0,0.0,0.0,0.0,0.0
2019-01-12,3,0,38,0.0,0.0,0.0,0.0,0.0
2019-01-12,3,0,39,0.0,0.0,0.0,0.0,0.0
2019-01-12,3,0,40,0.0,0.0,0.0,0.0,0.0
2019-01-12,3,0,41,16.36,16.36,0.0,185.813565,0.0
2019-01-12,3,0,42,0.0,0.0,0.0,0.0,0.0
2019-01-12,3,0,43,0.0,0.0,0.0,0.0,0.0
2019-01-12,3,0,46,0.0,0.0,0.0,0.0,0.0
2019-01-12,3,0,52,13.49,13.49,0.0,153.216686,0.0
2019-01-12,3,0,53,21.43,21.43,0.0,243.397597,0.0
2019-01-12,3,0,55,215.2,215.2,0.0,2444.19799,0.0
2019-01-12,3,0,56,0.0,0.0,0.0,0.0,0.0
2019-01-12,3,0,57,0.0,0.0,0.0,0.0,0.0
2019-01-12,3,0,58,0.0,0.0,0.0,0.0,0.0
2019-01-12,3,0,59,0.0,0.0,0.0,0.0,0.0
2019-01-12,3,0,63,51.49,51.49,0.0,584.812986,0.0
2019-01-12,3,0,64,60.58,60.58,0.0,688.055364,0.0
2019-01-12,3,0,65,2.24,2.24,0.0,25.441466,0.0
2019-01-12,3,0,67,0.0,0.0,0.0,0.0,0.0
2019-01-12,3,0,68,2.56,2.56,0.0,29.075961,0.0
2019-01-12,3,0,69,0.0,0.0,0.0,0.0,0.0
2019-01-12,3,0,74,0.0,0.0,0.0,0.0,0.0
2019-01-12,3,0,77,69.18,69.18,0.0,785.732421,0.0
2019-01-12,3,0,78,52.3,52.3,0.0,594.012802,0.0
2019-01-12,3,0,79,30.26,30.26,0.0,343.686948,0.0
2019-01-12,3,0,80,48.94,48.94,0.0,555.850602,0.0
2019-01-12,3,0,81,63.99,63.99,0.0,726.785453,0.0
2019-01-12,3,0,82,45.14,45.14,0.0,512.690972,0.0
2019-01-12,3,0,83,100.65,100.65,0.0,1143.162304,0.0
2019-01-12,3,0,84,0.0,0.0,0.0,0.0,0.0
2019-01-12,3,0,86,0.0,0.0,0.0,0.0,0.0
2019-01-12,3,0,87,0.0,0.0,0.0,0.0,0.0
2019-01-12,3,0,88,69.75,69.75,0.0,792.206365,0.0
2019-01-12,3,0,89,67.05,67.05,0.0,761.540312,0.0
2019-01-12,3,0,90,90.03,90.03,0.0,1022.542496,0.0
2019-01-12,3,0,91,321.16,321.16,0.0,3647.670198,0.0
2019-01-12,3,0,92,115.5,115.5,0.0,1311.825594,0.0
2019-01-12,3,0,95,17.06,17.06,0.0,193.764023,0.0
2019-01-12,3,0,96,7.45,7.45,0.0,84.61559,0.0
2019-01-12,3,0,97,45.81,45.81,0.0,520.300697,0.0
2019-01-12,3,0,99,0.0,0.0,0.0,0.0,0.0
2019-01-12,3,0,101,0.0,0.0,0.0,0.0,0.0
2019-01-12,3,0,102,6.06,6.06,0.0,68.828252,0.0
2019-01-12,3,0,103,5.27,5.27,0.0,59.855592,0.0
2019-01-12,3,0,104,0.98,0.98,0.0,11.130641,0.0
2019-01-12,3,0,106,0.0,0.0,0.0,0.0,0.0
2019-01-12,3,0,109,47.44,47.44,0.0,538.813906,0.0
2019-01-12,3,0,110,338.6,338.6,0.0,3845.750184,0.0
2019-01-12,3,0,111,0.0,0.0,0.0,0.0,0.0
2019-01-12,3,0,113,24.14,24.14,0.0,274.177228,0.0
2019-01-12,3,0,115,24.14,24.14,0.0,274.177228,0.0
2019-01-12,3,0,116,0.0,0.0,0.0,0.0,0.0
2019-01-12,3,0,117,1.24,1.24,0.0,14.083669,0.0
2019-01-12,3,0,119,60.58,60.58,0.0,688.055364,0.0
2019-01-12,3,0,120,35.62,35.62,0.0,404.564742,0.0
2019-01-12,3,0,123,0.0,0.0,0.0,0.0,0.0
2019-01-12,3,0,125,57.13,57.13,0.0,648.870963,0.0
2019-01-12,3,0,126,0.0,0.0,0.0,0.0,0.0
2019-01-12,3,0,127,0.0,0.0,0.0,0.0,0.0
2019-01-12,3,0,128,81.82,81.82,0.0,929.294979,0.0
2019-01-12,3,0,131,7.02,7.02,0.0,79.731737,0.0
2019-01-12,3,0,132,10.31,10.31,0.0,117.098891,0.0
2019-01-12,3,0,133,46.17,46.17,0.0,524.389504,0.0
2019-01-12,3,0,134,0.0,0.0,0.0,0.0,0.0
2019-01-12,3,0,135,61.78,61.78,0.0,701.68472,0.0
2019-01-12,3,0,136,1.79,1.79,0.0,20.330457,0.0
2019-01-12,3,0,139,21.12,21.12,0.0,239.87668,0.0
2019-01-12,3,0,140,250.6,250.6,0.0,2846.264017,0.0
2019-01-12,3,0,141,162.18,162.18,0.0,1842.007575,0.0
2019-01-12,3,0,142,0.0,0.0,0.0,0.0,0.0
2019-01-12,3,0,143,23.46,23.46,0.0,266.453926,0.0
2019-01-12,3,0,145,7.47,7.47,0.0,84.842746,0.0
2019-01-12,3,0,146,268.0,268.0,0.0,3043.88969,0.0
2019-01-12,3,0,152,0.0,0.0,0.0,0.0,0.0
2019-01-12,3,0,153,0.0,0.0,0.0,0.0,0.0
2019-01-12,3,0,154,0.0,0.0,0.0,0.0,0.0
2019-01-12,3,0,157,250.0,250.0,0.0,2839.449338,0.0
2019-01-12,3,0,158,0.0,0.0,0.0,0.0,0.0
2019-01-12,3,0,159,0.0,0.0,0.0,0.0,0.0
2019-01-12,3,0,160,0.0,0.0,0.0,0.0,0.0
2019-01-12,3,0,161,0.0,0.0,0.0,0.0,0.0
2019-01-12,3,0,162,12.27,12.27,0.0,139.360174,0.0
2019-01-12,3,0,163,57.54,57.54,0.0,653.52766,0.0
2019-01-12,3,0,164,0.0,0.0,0.0,0.0,0.0
2019-01-12,3,0,167,0.0,0.0,0.0,0.0,0.0
2019-01-12,3,0,168,0.0,0.0,0.0,0.0,0.0
2019-01-12,3,0,169,0.0,0.0,0.0,0.0,0.0
2019-01-12,3,0,170,0.0,0.0,0.0,0.0,0.0
2019-01-12,3,0,172,0.0,0.0,0.0,0.0,0.0
2019-01-12,3,0,173,0.0,0.0,0.0,0.0,0.0
2019-01-12,3,0,188,0.0,0.0,0.0,0.0,0.0
2019-01-12,3,0,190,0.0,0.0,0.0,0.0,0.0
2019-01-12,3,0,191,0.0,0.0,0.0,0.0,0.0
2019-01-12,3,0,192,32.57,32.57,0.0,369.92346,0.0
2019-01-12,3,0,194,81.76,81.76,0.0,928.613512,0.0
2019-01-12,3,0,196,0.0,0.0,0.0,0.0,0.0
2019-01-12,3,0,198,0.0,0.0,0.0,0.0,0.0
2019-01-12,3,0,199,6.53,6.53,0.0,74.166417,0.0
2019-01-12,3,0,200,0.0,0.0,0.0,0.0,0.0
2019-01-12,3,0,204,186.02,186.02,0.0,2112.777463,0.0
2019-01-12,3,0,205,250.94,250.94,0.0,2850.125668,0.0
2019-01-12,3,0,206,134.6,134.6,0.0,1528.759524,0.0
2019-01-12,3,0,210,0.0,0.0,0.0,0.0,0.0
2019-01-12,3,0,214,0.0,0.0,0.0,0.0,0.0
2019-01-12,3,0,217,0.0,0.0,0.0,0.0,0.0
2019-01-12,3,0,218,0.0,0.0,0.0,0.0,0.0
2019-01-12,3,0,219,0.0,0.0,0.0,0.0,0.0
2019-01-12,3,0,221,0.0,0.0,0.0,0.0,0.0
2019-01-12,3,0,225,0.0,0.0,0.0,0.0,0.0
2019-01-12,3,0,233,0.0,0.0,0.0,0.0,0.0
2019-01-12,3,0,236,0.0,0.0,0.0,0.0,0.0
2019-01-12,3,0,237,0.0,0.0,0.0,0.0,0.0
2019-01-12,3,0,238,0.0,0.0,0.0,0.0,0.0
2019-01-12,3,0,240,0.0,0.0,0.0,0.0,0.0
2019-01-12,3,0,245,39.63,39.63,0.0,450.109509,0.0
2019-01-12,3,0,247,32.27,32.27,0.0,366.516121,0.0
2019-01-12,3,0,248,0.0,0.0,0.0,0.0,0.0
2019-01-12,3,0,249,76.22,76.22,0.0,865.691314,0.0
2019-01-12,3,0,251,17.89,17.89,0.0,203.190995,0.0
2019-01-12,3,0,252,14.47,14.47,0.0,164.347328,0.0
2019-01-12,3,0,254,0.0,0.0,0.0,0.0,0.0
2019-01-12,3,0,255,0.0,0.0,0.0,0.0,0.0
2019-01-12,3,0,258,0.0,0.0,0.0,0.0,0.0
2019-01-12,3,0,260,0.0,0.0,0.0,0.0,0.0
2019-01-12,3,0,265,0.0,0.0,0.0,0.0,0.0
2019-01-12,3,0,266,13.68,13.68,0.0,155.374668,0.0
2019-01-12,3,0,267,16.81,16.81,0.0,190.924573,0.0
2019-01-12,3,0,270,179.7,179.7,0.0,2040.996184,0.0
2019-01-12,3,0,272,98.63,98.63,0.0,1120.219553,0.0
2019-01-12,3,0,273,0.0,0.0,0.0,0.0,0.0
2019-01-12,3,0,274,231.66,231.66,0.0,2631.147335,0.0
2019-01-12,3,0,275,322.47,322.47,0.0,3662.548912,0.0
2019-01-12,3,0,276,0.0,0.0,0.0,0.0,0.0
2019-01-12,3,0,277,0.0,0.0,0.0,0.0,0.0
2019-01-12,3,0,278,0.0,0.0,0.0,0.0,0.0
2019-01-12,3,0,279,92.24,92.24,0.0,1047.643228,0.0
2019-01-12,3,0,281,5.71,5.71,0.0,64.853023,0.0
2019-01-12,3,0,282,0.0,0.0,0.0,0.0,0.0
2019-01-12,4,0,9,0.0,0.0,0.0,0.0,0.0
2019-01-12,4,0,17,0.0,0.0,0.0,0.0,0.0
2019-01-12,4,0,19,169.38,169.38,0.0,1217.433937,0.0
2019-01-12,4,0,20,205.43,205.43,0.0,1476.546544,0.0
2019-01-12,4,0,21,0.0,0.0,0.0,0.0,0.0
2019-01-12,4,0,22,0.0,0.0,0.0,0.0,0.0
2019-01-12,4,0,23,39.6,39.6,0.0,531.290728,0.0
2019-01-12,4,0,24,65.44,65.44,0.0,877.971344,0.0
2019-01-12,4,0,29,0.0,0.0,0.0,0.0,0.0
2019-01-12,4,0,30,0.0,0.0,0.0,0.0,0.0
2019-01-12,4,0,31,13.74,13.74,0.0,184.884513,0.0
2019-01-12,4,0,32,0.0,0.0,0.0,0.0,0.0
2019-01-12,4,0,33,0.0,0.0,0.0,0.0,0.0
2019-01-12,4,0,34,0.0,0.0,0.0,0.0,0.0
2019-01-12,4,0,35,0.0,0.0,0.0,0.0,0.0
2019-01-12,4,0,36,0.0,0.0,0.0,0.0,0.0
2019-01-12,4,0,37,0.0,0.0,0.0,0.0,0.0
2019-01-12,4,0,38,0.0,0.0,0.0,0.0,0.0
2019-01-12,4,0,39,0.0,0.0,0.0,0.0,0.0
2019-01-12,4,0,40,0.0,0.0,0.0,0.0,0.0
2019-01-12,4,0,41,29.98,29.98,0.0,340.542907,0.0
2019-01-12,4,0,42,0.0,0.0,0.0,0.0,0.0
2019-01-12,4,0,43,0.0,0.0,0.0,0.0,0.0
2019-01-12,4,0,46,0.0,0.0,0.0,0.0,0.0
2019-01-12,4,0,52,14.57,14.57,0.0,196.052937,0.0
2019-01-12,4,0,53,23.15,23.15,0.0,311.504838,0.0
2019-01-12,4,0,55,220.83,220.83,0.0,2962.750792,0.0
2019-01-12,4,0,56,0.0,0.0,0.0,0.0,0.0
2019-01-12,4,0,57,0.0,0.0,0.0,0.0,0.0
2019-01-12,4,0,58,0.0,0.0,0.0,0.0,0.0
2019-01-12,4,0,59,0.0,0.0,0.0,0.0,0.0
2019-01-12,4,0,63,58.08,58.08,0.0,5607.433796,0.0
2019-01-12,4,0,64,68.33,68.33,0.0,6597.037728,0.0
2019-01-12,4,0,65,2.04,2.04,0.0,14.752744,0.0
2019-01-12,4,0,67,0.0,0.0,0.0,-0.0,0.0
2019-01-12,4,0,68,4.25,4.25,0.0,-1796.867892,0.0
2019-01-12,4,0,69,0.0,0.0,0.0,0.0,0.0
2019-01-12,4,0,74,0.0,0.0,0.0,0.0,0.0
2019-01-12,4,0,77,101.28,101.28,0.0,-30865.261039,0.0
2019-01-12,4,0,78,76.57,76.57,0.0,-23334.84437,0.0
2019-01-12,4,0,79,44.31,44.31,0.0,-13503.551705,0.0
2019-01-12,4,0,80,71.66,71.66,0.0,-21838.513093,0.0
2019-01-12,4,0,81,93.69,93.69,0.0,-28552.194972,0.0
2019-01-12,4,0,82,66.09,66.09,0.0,-20141.045637,0.0
2019-01-12,4,0,83,147.37,147.37,0.0,-44911.270926,0.0
2019-01-12,4,0,84,0.0,0.0,0.0,-0.0,0.0
2019-01-12,4,0,86,0.0,0.0,0.0,0.0,0.0
2019-01-12,4,0,87,0.0,0.0,0.0,0.0,0.0
2019-01-12,4,0,88,86.54,86.54,0.0,-26373.219691,0.0
2019-01-12,4,0,89,83.19,83.19,0.0,-25352.301203,0.0
2019-01-12,4,0,90,111.69,111.69,0.0,-34037.727147,0.0
2019-01-12,4,0,91,398.44,398.44,0.0,-121425.302216,0.0
2019-01-12,4,0,92,143.3,143.3,0.0,-43670.93115,0.0
2019-01-12,4,0,95,36.52,36.52,0.0,710.159878,0.0
2019-01-12,4,0,96,7.84,7.84,0.0,105.818157,0.0
2019-01-12,4,0,97,48.24,48.24,0.0,651.105598,0.0
2019-01-12,4,0,99,0.0,0.0,0.0,0.0,0.0
2019-01-12,4,0,101,0.0,0.0,0.0,0.0,0.0
2019-01-12,4,0,102,10.07,10.07,0.0,-4257.519922,0.0
2019-01-12,4,0,103,8.76,8.76,0.0,-3703.661819,0.0
2019-01-12,4,0,104,1.63,1.63,0.0,-689.151686,0.0
2019-01-12,4,0,106,0.0,0.0,0.0,0.0,0.0
2019-01-12,4,0,109,67.82,67.82,0.0,678.23299,0.0
2019-01-12,4,0,110,338.6,338.6,0.0,-338600.0,0.0
2019-01-12,4,0,111,0.0,0.0,0.0,0.0,0.0
2019-01-12,4,0,113,19.39,19.39,0.0,-5331.992361,0.0
2019-01-12,4,0,115,19.39,19.39,0.0,-5331.992361,0.0
2019-01-12,4,0,116,0.0,0.0,0.0,-0.0,0.0
2019-01-12,4,0,117,1.29,1.29,0.0,-354.732859,0.0
2019-01-12,4,0,119,68.33,68.33,0.0,6597.037728,0.0
2019-01-12,4,0,120,40.18,40.18,0.0,3879.247416,0.0
2019-01-12,4,0,123,0.0,0.0,0.0,0.0,0.0
2019-01-12,4,0,125,60.05,60.05,0.0,805.656772,0.0
2019-01-12,4,0,126,0.0,0.0,0.0,0.0,0.0
2019-01-12,4,0,127,0.0,0.0,0.0,0.0,0.0
2019-01-12,4,0,128,81.55,81.55,0.0,1094.110071,0.0
2019-01-12,4,0,131,11.35,11.35,0.0,-4367.991391,0.0
2019-01-12,4,0,132,16.69,16.69,0.0,-6423.063993,0.0
2019-01-12,4,0,133,34.24,34.24,0.0,245.960653,0.0
2019-01-12,4,0,134,0.0,0.0,0.0,0.0,0.0
2019-01-12,4,0,135,47.23,47.23,0.0,339.273413,0.0
2019-01-12,4,0,136,1.54,1.54,0.0,11.140608,0.0
2019-01-12,4,0,139,38.72,38.72,0.0,439.820593,0.0
2019-01-12,4,0,140,250.6,250.6,0.0,-250600.0,0.0
2019-01-12,4,0,141,165.59,165.59,0.0,-93538.590247,0.0
2019-01-12,4,0,142,0.0,0.0,0.0,-0.0,0.0
2019-01-12,4,0,143,23.1,23.1,0.0,310.832041,0.0
2019-01-12,4,0,145,10.97,10.97,0.0,133.541367,0.0
2019-01-12,4,0,146,268.0,268.0,0.0,-268000.0,0.0
2019-01-12,4,0,152,0.0,0.0,0.0,0.0,0.0
2019-01-12,4,0,153,0.0,0.0,0.0,0.0,0.0
2019-01-12,4,0,154,0.0,0.0,0.0,0.0,0.0
2019-01-12,4,0,157,250.0,250.0,0.0,-141220.167653,0.0
2019-01-12,4,0,158,0.0,0.0,0.0,-0.0,0.0
2019-01-12,4,0,159,0.0,0.0,0.0,0.0,0.0
2019-01-12,4,0,160,0.0,0.0,0.0,0.0,0.0
2019-01-12,4,0,161,0.0,0.0,0.0,-0.0,0.0
2019-01-12,4,0,162,9.26,9.26,0.0,187.27296,0.0
2019-01-12,4,0,163,132.87,132.87,0.0,-132870.0,0.0
2019-01-12,4,0,164,0.0,0.0,0.0,0.0,0.0
2019-01-12,4,0,167,0.0,0.0,0.0,0.0,0.0
2019-01-12,4,0,168,0.0,0.0,0.0,0.0,0.0
2019-01-12,4,0,169,0.0,0.0,0.0,0.0,0.0
2019-01-12,4,0,170,0.0,0.0,0.0,0.0,0.0
2019-01-12,4,0,172,0.0,0.0,0.0,0.0,0.0
2019-01-12,4,0,173,0.0,0.0,0.0,0.0,0.0
2019-01-12,4,0,188,0.0,0.0,0.0,0.0,0.0
2019-01-12,4,0,190,0.0,0.0,0.0,0.0,0.0
2019-01-12,4,0,191,0.0,0.0,0.0,0.0,0.0
2019-01-12,4,0,192,146.35,146.35,0.0,4745.772984,0.0
2019-01-12,4,0,194,103.05,103.05,0.0,-14576.533576,0.0
2019-01-12,4,0,196,0.0,0.0,0.0,0.0,0.0
2019-01-12,4,0,198,0.0,0.0,0.0,0.0,0.0
2019-01-12,4,0,199,9.51,9.51,0.0,-373.900016,0.0
2019-01-12,4,0,200,0.0,0.0,0.0,-0.0,0.0
2019-01-12,4,0,204,272.19,272.19,0.0,2764.428647,0.0
2019-01-12,4,0,205,358.78,358.78,0.0,3587.974522,0.0
2019-01-12,4,0,206,141.76,141.76,0.0,1913.365042,0.0
2019-01-12,4,0,210,0.0,0.0,0.0,0.0,0.0
2019-01-12,4,0,214,0.0,0.0,0.0,0.0,0.0
2019-01-12,4,0,217,0.0,0.0,0.0,0.0,0.0
2019-01-12,4,0,218,0.0,0.0,0.0,0.0,0.0
2019-01-12,4,0,219,0.0,0.0,0.0,0.0,0.0
2019-01-12,4,0,221,0.0,0.0,0.0,0.0,0.0
2019-01-12,4,0,225,0.0,0.0,0.0,0.0,0.0
2019-01-12,4,0,233,0.0,0.0,0.0,0.0,0.0
2019-01-12,4,0,236,0.0,0.0,0.0,0.0,0.0
2019-01-12,4,0,237,0.0,0.0,0.0,0.0,0.0
2019-01-12,4,0,238,0.0,0.0,0.0,0.0,0.0
2019-01-12,4,0,240,0.0,0.0,0.0,0.0,0.0
2019-01-12,4,0,245,21.89,21.89,0.0,153.782647,0.0
2019-01-12,4,0,247,24.11,24.11,0.0,169.378694,0.0
2019-01-12,4,0,248,0.0,0.0,0.0,0.0,0.0
2019-01-12,4,0,249,42.1,42.1,0.0,295.76288,0.0
2019-01-12,4,0,251,15.49,15.49,0.0,113.142366,0.0
2019-01-12,4,0,252,13.17,13.17,0.0,95.241978,0.0
2019-01-12,4,0,254,0.0,0.0,0.0,0.0,0.0
2019-01-12,4,0,255,0.0,0.0,0.0,0.0,0.0
2019-01-12,4,0,258,0.0,0.0,0.0,0.0,0.0
2019-01-12,4,0,260,0.0,0.0,0.0,0.0,0.0
2019-01-12,4,0,265,0.0,0.0,0.0,0.0,0.0
2019-01-12,4,0,266,25.07,25.07,0.0,284.770203,0.0
2019-01-12,4,0,267,30.81,30.81,0.0,349.97088,0.0
2019-01-12,4,0,270,414.94,414.94,0.0,-414940.0,0.0
2019-01-12,4,0,272,64.8,64.8,0.0,-17819.138987,0.0
2019-01-12,4,0,273,0.0,0.0,0.0,-0.0,0.0
2019-01-12,4,0,274,534.9,534.9,0.0,-534900.0,0.0
2019-01-12,4,0,275,744.59,744.59,0.0,-744590.0,0.0
2019-01-12,4,0,276,0.0,0.0,0.0,-0.0,0.0
2019-01-12,4,0,277,0.0,0.0,0.0,-0.0,0.0
2019-01-12,4,0,278,0.0,0.0,0.0,-0.0,0.0
2019-01-12,4,0,279,135.92,135.92,0.0,-38998.167973,0.0
2019-01-12,4,0,281,6.17,6.17,0.0,83.023104,0.0
2019-01-12,4,0,282,0.0,0.0,0.0,0.0,0.0
2019-01-12,5,0,9,0.0,0.0,0.0,0.0,0.0
2019-01-12,5,0,17,0.0,0.0,0.0,0.0,0.0
2019-01-12,5,0,19,133.29,133.29,0.0,979.533005,0.0
2019-01-12,5,0,20,161.66,161.66,0.0,1188.020899,0.0
2019-01-12,5,0,21,0.0,0.0,0.0,0.0,0.0
2019-01-12,5,0,22,0.0,0.0,0.0,0.0,0.0
2019-01-12,5,0,23,51.43,51.43,0.0,690.059398,0.0
2019-01-12,5,0,24,91.0,91.0,0.0,1220.987852,0.0
2019-01-12,5,0,29,0.0,0.0,0.0,0.0,0.0
2019-01-12,5,0,30,0.0,0.0,0.0,0.0,0.0
2019-01-12,5,0,31,13.61,13.61,0.0,183.135241,0.0
2019-01-12,5,0,32,0.0,0.0,0.0,0.0,0.0
2019-01-12,5,0,33,0.0,0.0,0.0,0.0,0.0
2019-01-12,5,0,34,0.0,0.0,0.0,0.0,0.0
2019-01-12,5,0,35,0.0,0.0,0.0,0.0,0.0
2019-01-12,5,0,36,0.0,0.0,0.0,0.0,0.0
2019-01-12,5,0,37,0.0,0.0,0.0,0.0,0.0
2019-01-12,5,0,38,0.0,0.0,0.0,0.0,0.0
2019-01-12,5,0,39,0.0,0.0,0.0,0.0,0.0
2019-01-12,5,0,40,0.0,0.0,0.0,0.0,0.0
2019-01-12,5,0,41,42.81,42.81,0.0,488.588855,0.0
2019-01-12,5,0,42,0.0,0.0,0.0,0.0,0.0
2019-01-12,5,0,43,0.0,0.0,0.0,0.0,0.0
2019-01-12,5,0,46,0.0,0.0,0.0,0.0,0.0
2019-01-12,5,0,52,14.43,14.43,0.0,194.169106,0.0
2019-01-12,5,0,53,22.93,22.93,0.0,308.544532,0.0
2019-01-12,5,0,55,162.56,162.56,0.0,2181.140497,0.0
2019-01-12,5,0,56,0.0,0.0,0.0,0.0,0.0
2019-01-12,5,0,57,0.0,0.0,0.0,0.0,0.0
2019-01-12,5,0,58,0.0,0.0,0.0,0.0,0.0
2019-01-12,5,0,59,0.0,0.0,0.0,0.0,0.0
2019-01-12,5,0,63,63.01,63.01,0.0,6036.608811,0.0
2019-01-12,5,0,64,74.13,74.13,0.0,7101.949075,0.0
2019-01-12,5,0,65,1.85,1.85,0.0,13.67501,0.0
2019-01-12,5,0,67,0.0,0.0,0.0,-0.0,0.0
2019-01-12,5,0,68,6.41,6.41,0.0,-2712.26259,0.0
2019-01-12,5,0,69,0.0,0.0,0.0,0.0,0.0
2019-01-12,5,0,74,0.0,0.0,0.0,0.0,0.0
2019-01-12,5,0,77,154.04,154.04,0.0,-47005.588068,0.0
2019-01-12,5,0,78,116.46,116.46,0.0,-35537.982254,0.0
2019-01-12,5,0,79,67.39,67.39,0.0,-20564.1819,0.0
2019-01-12,5,0,80,108.98,108.98,0.0,-33255.446557,0.0
2019-01-12,5,0,81,142.49,142.49,0.0,-43481.084419,0.0
2019-01-12,5,0,82,100.51,100.51,0.0,-30670.810548,0.0
2019-01-12,5,0,83,224.13,224.13,0.0,-68393.679913,0.0
2019-01-12,5,0,84,0.0,0.0,0.0,-0.0,0.0
2019-01-12,5,0,86,0.0,0.0,0.0,0.0,0.0
2019-01-12,5,0,87,0.0,0.0,0.0,0.0,0.0
2019-01-12,5,0,88,134.67,134.67,0.0,-41094.797099,0.0
2019-01-12,5,0,89,129.46,129.46,0.0,-39504.956059,0.0
2019-01-12,5,0,90,173.83,173.83,0.0,-53044.542807,0.0
2019-01-12,5,0,91,620.07,620.07,0.0,-189215.495933,0.0
2019-01-12,5,0,92,223.0,223.0,0.0,-68048.858344,0.0
2019-01-12,5,0,95,11.72,11.72,0.0,227.904539,0.0
2019-01-12,5,0,96,7.01,7.01,0.0,94.608023,0.0
2019-01-12,5,0,97,43.11,43.11,0.0,581.819098,0.0
2019-01-12,5,0,99,0.0,0.0,0.0,0.0,0.0
2019-01-12,5,0,101,0.0,0.0,0.0,0.0,0.0
2019-01-12,5,0,102,15.17,15.17,0.0,-6418.880419,0.0
2019-01-12,5,0,103,13.19,13.19,0.0,-5581.083239,0.0
2019-01-12,5,0,104,2.45,2.45,0.0,-1036.668229,0.0
2019-01-12,5,0,106,0.0,0.0,0.0,0.0,0.0
2019-01-12,5,0,109,99.86,99.86,0.0,1007.52764,0.0
2019-01-12,5,0,110,338.6,338.6,0.0,-338600.0,0.0
2019-01-12,5,0,111,0.0,0.0,0.0,0.0,0.0
2019-01-12,5,0,113,71.94,71.94,0.0,-19814.089273,0.0
2019-01-12,5,0,115,71.94,71.94,0.0,-19814.089273,0.0
2019-01-12,5,0,116,0.0,0.0,0.0,-0.0,0.0
2019-01-12,5,0,117,3.46,3.46,0.0,-952.971211,0.0
2019-01-12,5,0,119,74.13,74.13,0.0,7101.949075,0.0
2019-01-12,5,0,120,43.59,43.59,0.0,4176.09551,0.0
2019-01-12,5,0,123,0.0,0.0,0.0,0.0,0.0
2019-01-12,5,0,125,82.35,82.35,0.0,1104.926919,0.0
2019-01-12,5,0,126,0.0,0.0,0.0,0.0,0.0
2019-01-12,5,0,127,0.0,0.0,0.0,0.0,0.0
2019-01-12,5,0,128,117.95,117.95,0.0,1582.5881,0.0
2019-01-12,5,0,131,16.27,16.27,0.0,-6267.280228,0.0
2019-01-12,5,0,132,23.92,23.92,0.0,-9214.09607,0.0
2019-01-12,5,0,133,12.21,12.21,0.0,89.680418,0.0
2019-01-12,5,0,134,0.0,0.0,0.0,0.0,0.0
2019-01-12,5,0,135,17.39,17.39,0.0,127.726656,0.0
2019-01-12,5,0,136,1.56,1.56,0.0,11.535043,0.0
2019-01-12,5,0,139,55.29,55.29,0.0,631.022606,0.0
2019-01-12,5,0,140,250.6,250.6,0.0,-250600.0,0.0
2019-01-12,5,0,141,225.53,225.53,0.0,-127454.907338,0.0
2019-01-12,5,0,142,0.0,0.0,0.0,-0.0,0.0
2019-01-12,5,0,143,44.49,44.49,0.0,598.654437,0.0
2019-01-12,5,0,145,10.12,10.12,0.0,123.528041,0.0
2019-01-12,5,0,146,268.0,268.0,0.0,-268000.0,0.0
2019-01-12,5,0,152,0.0,0.0,0.0,0.0,0.0
2019-01-12,5,0,153,0.0,0.0,0.0,0.0,0.0
2019-01-12,5,0,154,0.0,0.0,0.0,0.0,0.0
2019-01-12,5,0,157,235.38,235.38,0.0,-133021.487559,0.0
2019-01-12,5,0,158,0.0,0.0,0.0,-0.0,0.0
2019-01-12,5,0,159,0.0,0.0,0.0,0.0,0.0
2019-01-12,5,0,160,0.0,0.0,0.0,0.0,0.0
2019-01-12,5,0,161,0.0,0.0,0.0,-0.0,0.0
2019-01-12,5,0,162,6.15,6.15,0.0,124.383571,0.0
2019-01-12,5,0,163,185.4,185.4,0.0,-185400.0,0.0
2019-01-12,5,0,164,0.0,0.0,0.0,0.0,0.0
2019-01-12,5,0,167,0.0,0.0,0.0,0.0,0.0
2019-01-12,5,0,168,0.0,0.0,0.0,0.0,0.0
2019-01-12,5,0,169,0.0,0.0,0.0,0.0,0.0
2019-01-12,5,0,170,0.0,0.0,0.0,0.0,0.0
2019-01-12,5,0,172,0.0,0.0,0.0,0.0,0.0
2019-01-12,5,0,173,0.0,0.0,0.0,0.0,0.0
2019-01-12,5,0,188,0.0,0.0,0.0,0.0,0.0
2019-01-12,5,0,190,0.0,0.0,0.0,0.0,0.0
2019-01-12,5,0,191,0.0,0.0,0.0,0.0,0.0
2019-01-12,5,0,192,239.8,239.8,0.0,7776.128197,0.0
2019-01-12,5,0,194,121.5,121.5,0.0,-17251.453942,0.0
2019-01-12,5,0,196,0.0,0.0,0.0,0.0,0.0
2019-01-12,5,0,198,0.0,0.0,0.0,0.0,0.0
2019-01-12,5,0,199,9.02,9.02,0.0,-353.996506,0.0
2019-01-12,5,0,200,0.0,0.0,0.0,-0.0,0.0
2019-01-12,5,0,204,394.67,394.67,0.0,4041.875981,0.0
2019-01-12,5,0,205,528.24,528.24,0.0,5329.625484,0.0
2019-01-12,5,0,206,126.68,126.68,0.0,1709.692491,0.0
2019-01-12,5,0,210,0.0,0.0,0.0,0.0,0.0
2019-01-12,5,0,214,0.0,0.0,0.0,0.0,0.0
2019-01-12,5,0,217,0.0,0.0,0.0,0.0,0.0
2019-01-12,5,0,218,0.0,0.0,0.0,0.0,0.0
2019-01-12,5,0,219,0.0,0.0,0.0,0.0,0.0
2019-01-12,5,0,221,0.0,0.0,0.0,0.0,0.0
2019-01-12,5,0,225,0.0,0.0,0.0,0.0,0.0
2019-01-12,5,0,233,0.0,0.0,0.0,0.0,0.0
2019-01-12,5,0,236,0.0,0.0,0.0,0.0,0.0
2019-01-12,5,0,237,0.0,0.0,0.0,0.0,0.0
2019-01-12,5,0,238,0.0,0.0,0.0,0.0,0.0
2019-01-12,5,0,240,0.0,0.0,0.0,0.0,0.0
2019-01-12,5,0,245,16.92,16.92,0.0,121.666986,0.0
2019-01-12,5,0,247,18.95,18.95,0.0,136.264148,0.0
2019-01-12,5,0,248,0.0,0.0,0.0,0.0,0.0
2019-01-12,5,0,249,32.54,32.54,0.0,233.986035,0.0
2019-01-12,5,0,251,13.88,13.88,0.0,103.579709,0.0
2019-01-12,5,0,252,11.93,11.93,0.0,88.185336,0.0
2019-01-12,5,0,254,0.0,0.0,0.0,0.0,0.0
2019-01-12,5,0,255,0.0,0.0,0.0,0.0,0.0
2019-01-12,5,0,258,0.0,0.0,0.0,0.0,0.0
2019-01-12,5,0,260,0.0,0.0,0.0,0.0,0.0
2019-01-12,5,0,265,0.0,0.0,0.0,0.0,0.0
2019-01-12,5,0,266,35.8,35.8,0.0,408.583999,0.0
2019-01-12,5,0,267,44.0,44.0,0.0,502.170278,0.0
2019-01-12,5,0,270,579.0,579.0,0.0,-579000.0,0.0
2019-01-12,5,0,272,247.31,247.31,0.0,-68115.407535,0.0
2019-01-12,5,0,273,0.0,0.0,0.0,-0.0,0.0
2019-01-12,5,0,274,746.4,746.4,0.0,-746400.0,0.0
2019-01-12,5,0,275,1039.0,1039.0,0.0,-1039000.0,0.0
2019-01-12,5,0,276,0.0,0.0,0.0,-0.0,0.0
2019-01-12,5,0,277,0.0,0.0,0.0,-0.0,0.0
2019-01-12,5,0,278,0.0,0.0,0.0,-0.0,0.0
2019-01-12,5,0,279,209.56,209.56,0.0,-60215.617803,0.0
2019-01-12,5,0,281,6.11,6.11,0.0,82.215748,0.0
2019-01-12,5,0,282,0.0,0.0,0.0,0.0,0.0
2019-01-12,6,0,9,0.0,0.0,0.0,0.0,0.0
2019-01-12,6,0,17,0.0,0.0,0.0,0.0,0.0
2019-01-12,6,0,19,110.19,110.19,0.0,1505.65827,0.0
2019-01-12,6,0,20,133.63,133.63,0.0,1825.947133,0.0
2019-01-12,6,0,21,0.0,0.0,0.0,0.0,0.0
2019-01-12,6,0,22,0.0,0.0,0.0,0.0,0.0
2019-01-12,6,0,23,60.34,60.34,0.0,809.179946,0.0
2019-01-12,6,0,24,106.76,106.76,0.0,1431.687952,0.0
2019-01-12,6,0,29,0.0,0.0,0.0,0.0,0.0
2019-01-12,6,0,30,0.0,0.0,0.0,0.0,0.0
2019-01-12,6,0,31,13.73,13.73,0.0,184.749953,0.0
2019-01-12,6,0,32,0.0,0.0,0.0,0.0,0.0
2019-01-12,6,0,33,0.0,0.0,0.0,0.0,0.0
2019-01-12,6,0,34,0.0,0.0,0.0,0.0,0.0
2019-01-12,6,0,35,0.0,0.0,0.0,0.0,0.0
2019-01-12,6,0,36,0.0,0.0,0.0,0.0,0.0
2019-01-12,6,0,37,0.0,0.0,0.0,0.0,0.0
2019-01-12,6,0,38,0.0,0.0,0.0,0.0,0.0
2019-01-12,6,0,39,0.0,0.0,0.0,0.0,0.0
2019-01-12,6,0,40,0.0,0.0,0.0,0.0,0.0
2019-01-12,6,0,41,71.95,71.95,0.0,809.069385,0.0
2019-01-12,6,0,42,0.0,0.0,0.0,0.0,0.0
2019-01-12,6,0,43,0.0,0.0,0.0,0.0,0.0
2019-01-12,6,0,46,0.0,0.0,0.0,0.0,0.0
2019-01-12,6,0,52,14.55,14.55,0.0,195.783818,0.0
2019-01-12,6,0,53,23.11,23.11,0.0,310.9666,0.0
2019-01-12,6,0,55,65.49,65.49,0.0,878.243199,0.0
2019-01-12,6,0,56,0.0,0.0,0.0,0.0,0.0
2019-01-12,6,0,57,0.0,0.0,0.0,0.0,0.0
2019-01-12,6,0,58,0.0,0.0,0.0,0.0,0.0
2019-01-12,6,0,59,0.0,0.0,0.0,0.0,0.0
2019-01-12,6,0,63,165.26,165.26,0.0,15712.109908,0.0
2019-01-12,6,0,64,194.43,194.43,0.0,18485.450378,0.0
2019-01-12,6,0,65,1.93,1.93,0.0,26.543543,0.0
2019-01-12,6,0,67,0.0,0.0,0.0,-0.0,0.0
2019-01-12,6,0,68,9.29,9.29,0.0,-3936.344932,0.0
2019-01-12,6,0,69,0.0,0.0,0.0,0.0,0.0
2019-01-12,6,0,74,0.0,0.0,0.0,0.0,0.0
2019-01-12,6,0,77,200.0,200.0,0.0,-61182.015276,0.0
2019-01-12,6,0,78,151.2,151.2,0.0,-46253.603549,0.0
2019-01-12,6,0,79,87.5,87.5,0.0,-26767.131683,0.0
2019-01-12,6,0,80,141.5,141.5,0.0,-43286.275808,0.0
2019-01-12,6,0,81,185.0,185.0,0.0,-56593.36413,0.0
2019-01-12,6,0,82,130.5,130.5,0.0,-39921.264968,0.0
2019-01-12,6,0,83,291.0,291.0,0.0,-89019.832227,0.0
2019-01-12,6,0,84,0.0,0.0,0.0,-0.0,0.0
2019-01-12,6,0,86,0.0,0.0,0.0,0.0,0.0
2019-01-12,6,0,87,0.0,0.0,0.0,0.0,0.0
2019-01-12,6,0,88,170.6,170.6,0.0,-52188.259031,0.0
2019-01-12,6,0,89,164.0,164.0,0.0,-50169.252526,0.0
2019-01-12,6,0,90,220.2,220.2,0.0,-67361.398819,0.0
2019-01-12,6,0,91,785.5,785.5,0.0,-240292.364997,0.0
2019-01-12,6,0,92,282.5,282.5,0.0,-86419.596578,0.0
2019-01-12,6,0,95,9.52,9.52,0.0,213.531093,0.0
2019-01-12,6,0,96,7.86,7.86,0.0,106.138144,0.0
2019-01-12,6,0,97,48.31,48.31,0.0,652.357981,0.0
2019-01-12,6,0,99,0.0,0.0,0.0,0.0,0.0
2019-01-12,6,0,101,0.0,0.0,0.0,0.0,0.0
2019-01-12,6,0,102,22.0,22.0,0.0,-9321.807159,0.0
2019-01-12,6,0,103,19.13,19.13,0.0,-8105.735044,0.0
2019-01-12,6,0,104,3.55,3.55,0.0,-1504.200701,0.0
2019-01-12,6,0,106,0.0,0.0,0.0,0.0,0.0
2019-01-12,6,0,109,194.32,194.32,0.0,1786.148177,0.0
2019-01-12,6,0,110,338.6,338.6,0.0,-338600.0,0.0
2019-01-12,6,0,111,0.0,0.0,0.0,0.0,0.0
2019-01-12,6,0,113,137.43,137.43,0.0,-37937.832763,0.0
2019-01-12,6,0,115,137.43,137.43,0.0,-37937.832763,0.0
2019-01-12,6,0,116,0.0,0.0,0.0,-0.0,0.0
2019-01-12,6,0,117,5.45,5.45,0.0,-1504.483654,0.0
2019-01-12,6,0,119,194.43,194.43,0.0,18485.450378,0.0
2019-01-12,6,0,120,114.32,114.32,0.0,10868.984659,0.0
2019-01-12,6,0,123,0.0,0.0,0.0,0.0,0.0
2019-01-12,6,0,125,96.61,96.61,0.0,1295.572996,0.0
2019-01-12,6,0,126,0.0,0.0,0.0,0.0,0.0
2019-01-12,6,0,127,0.0,0.0,0.0,0.0,0.0
2019-01-12,6,0,128,138.38,138.38,0.0,1855.722919,0.0
2019-01-12,6,0,131,22.82,22.82,0.0,-8804.686258,0.0
2019-01-12,6,0,132,33.54,33.54,0.0,-12940.805306,0.0
2019-01-12,6,0,133,8.17,8.17,0.0,111.568066,0.0
2019-01-12,6,0,134,0.0,0.0,0.0,0.0,0.0
2019-01-12,6,0,135,10.94,10.94,0.0,149.394693,0.0
2019-01-12,6,0,136,1.8,1.8,0.0,24.764424,0.0
2019-01-12,6,0,139,92.91,92.91,0.0,1044.762148,0.0
2019-01-12,6,0,140,250.6,250.6,0.0,-250600.0,0.0
2019-01-12,6,0,141,230.0,230.0,0.0,-130083.116819,0.0
2019-01-12,6,0,142,0.0,0.0,0.0,-0.0,0.0
2019-01-12,6,0,143,80.86,80.86,0.0,1088.046703,0.0
2019-01-12,6,0,145,12.15,12.15,0.0,144.807896,0.0
2019-01-12,6,0,146,268.0,268.0,0.0,-268000.0,0.0
2019-01-12,6,0,152,0.0,0.0,0.0,0.0,0.0
2019-01-12,6,0,153,0.0,0.0,0.0,0.0,0.0
2019-01-12,6,0,154,0.0,0.0,0.0,0.0,0.0
2019-01-12,6,0,157,174.75,174.75,0.0,-98834.889844,0.0
2019-01-12,6,0,158,0.0,0.0,0.0,-0.0,0.0
2019-01-12,6,0,159,0.0,0.0,0.0,0.0,0.0
2019-01-12,6,0,160,0.0,0.0,0.0,0.0,0.0
2019-01-12,6,0,161,0.0,0.0,0.0,-0.0,0.0
2019-01-12,6,0,162,6.5,6.5,0.0,150.878091,0.0
2019-01-12,6,0,163,185.4,185.4,0.0,-185400.0,0.0
2019-01-12,6,0,164,0.0,0.0,0.0,0.0,0.0
2019-01-12,6,0,167,0.0,0.0,0.0,0.0,0.0
2019-01-12,6,0,168,0.0,0.0,0.0,0.0,0.0
2019-01-12,6,0,169,0.0,0.0,0.0,0.0,0.0
2019-01-12,6,0,170,0.0,0.0,0.0,0.0,0.0
2019-01-12,6,0,172,0.0,0.0,0.0,0.0,0.0
2019-01-12,6,0,173,0.0,0.0,0.0,0.0,0.0
2019-01-12,6,0,188,0.0,0.0,0.0,0.0,0.0
2019-01-12,6,0,190,0.0,0.0,0.0,0.0,0.0
2019-01-12,6,0,191,0.0,0.0,0.0,0.0,0.0
2019-01-12,6,0,192,332.6,332.6,0.0,10785.405497,0.0
2019-01-12,6,0,194,176.5,176.5,0.0,-25168.788905,0.0
2019-01-12,6,0,196,0.0,0.0,0.0,0.0,0.0
2019-01-12,6,0,198,0.0,0.0,0.0,0.0,0.0
2019-01-12,6,0,199,9.4,9.4,0.0,-351.167019,0.0
2019-01-12,6,0,200,0.0,0.0,0.0,-0.0,0.0
2019-01-12,6,0,204,840.34,840.34,0.0,7970.125822,0.0
2019-01-12,6,0,205,1027.98,1027.98,0.0,9448.973874,0.0
2019-01-12,6,0,206,141.95,141.95,0.0,1916.833273,0.0
2019-01-12,6,0,210,0.0,0.0,0.0,0.0,0.0
2019-01-12,6,0,214,0.0,0.0,0.0,0.0,0.0
2019-01-12,6,0,217,0.0,0.0,0.0,0.0,0.0
2019-01-12,6,0,218,0.0,0.0,0.0,0.0,0.0
2019-01-12,6,0,219,0.0,0.0,0.0,0.0,0.0
2019-01-12,6,0,221,0.0,0.0,0.0,0.0,0.0
2019-01-12,6,0,225,0.0,0.0,0.0,0.0,0.0
2019-01-12,6,0,233,0.0,0.0,0.0,0.0,0.0
2019-01-12,6,0,236,0.0,0.0,0.0,0.0,0.0
2019-01-12,6,0,237,0.0,0.0,0.0,0.0,0.0
2019-01-12,6,0,238,0.0,0.0,0.0,0.0,0.0
2019-01-12,6,0,240,0.0,0.0,0.0,0.0,0.0
2019-01-12,6,0,245,13.61,13.61,0.0,181.518985,0.0
2019-01-12,6,0,247,16.21,16.21,0.0,216.195647,0.0
2019-01-12,6,0,248,0.0,0.0,0.0,0.0,0.0
2019-01-12,6,0,249,26.17,26.17,0.0,349.033934,0.0
2019-01-12,6,0,251,15.67,15.67,0.0,217.799524,0.0
2019-01-12,6,0,252,12.44,12.44,0.0,171.08895,0.0
2019-01-12,6,0,254,0.0,0.0,0.0,0.0,0.0
2019-01-12,6,0,255,0.0,0.0,0.0,0.0,0.0
2019-01-12,6,0,258,0.0,0.0,0.0,0.0,0.0
2019-01-12,6,0,260,0.0,0.0,0.0,0.0,0.0
2019-01-12,6,0,265,0.0,0.0,0.0,0.0,0.0
2019-01-12,6,0,266,60.16,60.16,0.0,676.492205,0.0
2019-01-12,6,0,267,73.93,73.93,0.0,831.334254,0.0
2019-01-12,6,0,270,579.0,579.0,0.0,-579000.0,0.0
2019-01-12,6,0,272,484.95,484.95,0.0,-133871.439995,0.0
2019-01-12,6,0,273,0.0,0.0,0.0,-0.0,0.0
2019-01-12,6,0,274,746.4,746.4,0.0,-746400.0,0.0
2019-01-12,6,0,275,1039.0,1039.0,0.0,-1039000.0,0.0
2019-01-12,6,0,276,0.0,0.0,0.0,-0.0,0.0
2019-01-12,6,0,277,0.0,0.0,0.0,-0.0,0.0
2019-01-12,6,0,278,0.0,0.0,0.0,-0.0,0.0
2019-01-12,6,0,279,264.6,264.6,0.0,-76210.783287,0.0
2019-01-12,6,0,281,6.17,6.17,0.0,83.023104,0.0
2019-01-12,6,0,282,0.0,0.0,0.0,0.0,0.0
2019-01-12,7,0,9,0.0,0.0,0.0,0.0,0.0
2019-01-12,7,0,17,0.0,0.0,0.0,0.0,0.0
2019-01-12,7,0,19,96.28,96.28,0.0,1415.451803,0.0
2019-01-12,7,0,20,116.77,116.77,0.0,1716.683704,0.0
2019-01-12,7,0,21,0.0,0.0,0.0,0.0,0.0
2019-01-12,7,0,22,0.0,0.0,0.0,0.0,0.0
2019-01-12,7,0,23,70.59,70.59,0.0,947.036992,0.0
2019-01-12,7,0,24,124.9,124.9,0.0,1675.661147,0.0
2019-01-12,7,0,29,0.0,0.0,0.0,0.0,0.0
2019-01-12,7,0,30,0.0,0.0,0.0,0.0,0.0
2019-01-12,7,0,31,34.41,34.41,0.0,463.018638,0.0
2019-01-12,7,0,32,0.0,0.0,0.0,0.0,0.0
2019-01-12,7,0,33,0.0,0.0,0.0,0.0,0.0
2019-01-12,7,0,34,0.0,0.0,0.0,0.0,0.0
2019-01-12,7,0,35,0.0,0.0,0.0,0.0,0.0
2019-01-12,7,0,36,0.0,0.0,0.0,0.0,0.0
2019-01-12,7,0,37,0.0,0.0,0.0,0.0,0.0
2019-01-12,7,0,38,0.0,0.0,0.0,0.0,0.0
2019-01-12,7,0,39,0.0,0.0,0.0,0.0,0.0
2019-01-12,7,0,40,0.0,0.0,0.0,0.0,0.0
2019-01-12,7,0,41,85.72,85.72,0.0,990.092467,0.0
2019-01-12,7,0,42,0.0,0.0,0.0,0.0,0.0
2019-01-12,7,0,43,0.0,0.0,0.0,0.0,0.0
2019-01-12,7,0,46,0.0,0.0,0.0,0.0,0.0
2019-01-12,7,0,52,36.48,36.48,0.0,490.872418,0.0
2019-01-12,7,0,53,57.97,57.97,0.0,780.040408,0.0
2019-01-12,7,0,55,65.39,65.39,0.0,877.273678,0.0
2019-01-12,7,0,56,0.0,0.0,0.0,0.0,0.0
2019-01-12,7,0,57,0.0,0.0,0.0,0.0,0.0
2019-01-12,7,0,58,0.0,0.0,0.0,0.0,0.0
2019-01-12,7,0,59,0.0,0.0,0.0,0.0,0.0
2019-01-12,7,0,63,170.0,170.0,0.0,16491.277182,0.0
2019-01-12,7,0,64,200.0,200.0,0.0,19401.502567,0.0
2019-01-12,7,0,65,2.3,2.3,0.0,34.00477,0.0
2019-01-12,7,0,67,0.0,0.0,0.0,-0.0,0.0
2019-01-12,7,0,68,10.2,10.2,0.0,-4308.672909,0.0
2019-01-12,7,0,69,0.0,0.0,0.0,0.0,0.0
2019-01-12,7,0,74,3.72,3.72,0.0,47.016976,0.0
2019-01-12,7,0,77,200.0,200.0,0.0,-60861.507505,0.0
2019-01-12,7,0,78,151.2,151.2,0.0,-46011.299674,0.0
2019-01-12,7,0,79,87.5,87.5,0.0,-26626.909533,0.0
2019-01-12,7,0,80,141.5,141.5,0.0,-43059.51656,0.0
2019-01-12,7,0,81,185.0,185.0,0.0,-56296.894442,0.0
2019-01-12,7,0,82,130.5,130.5,0.0,-39712.133647,0.0
2019-01-12,7,0,83,291.0,291.0,0.0,-88553.49342,0.0
2019-01-12,7,0,84,0.0,0.0,0.0,-0.0,0.0
2019-01-12,7,0,86,0.0,0.0,0.0,0.0,0.0
2019-01-12,7,0,87,0.0,0.0,0.0,0.0,0.0
2019-01-12,7,0,88,170.6,170.6,0.0,-51914.865902,0.0
2019-01-12,7,0,89,164.0,164.0,0.0,-49906.436154,0.0
2019-01-12,7,0,90,220.2,220.2,0.0,-67008.519763,0.0
2019-01-12,7,0,91,785.5,785.5,0.0,-239033.570726,0.0
2019-01-12,7,0,92,282.5,282.5,0.0,-85966.879351,0.0
2019-01-12,7,0,95,8.8,8.8,0.0,197.381682,0.0
2019-01-12,7,0,96,10.56,10.56,0.0,142.535109,0.0
2019-01-12,7,0,97,64.96,64.96,0.0,876.806885,0.0
2019-01-12,7,0,99,0.72,0.72,0.0,9.10006,0.0
2019-01-12,7,0,101,0.0,0.0,0.0,0.0,0.0
2019-01-12,7,0,102,24.15,24.15,0.0,-10201.41674,0.0
2019-01-12,7,0,103,21.0,21.0,0.0,-8870.797165,0.0
2019-01-12,7,0,104,3.9,3.9,0.0,-1647.433759,0.0
2019-01-12,7,0,106,0.0,0.0,0.0,0.0,0.0
2019-01-12,7,0,109,200.0,200.0,0.0,1936.755703,0.0
2019-01-12,7,0,110,338.6,338.6,0.0,-338600.0,0.0
2019-01-12,7,0,111,0.0,0.0,0.0,0.0,0.0
2019-01-12,7,0,113,75.93,75.93,0.0,-20843.132454,0.0
2019-01-12,7,0,115,75.93,75.93,0.0,-20843.132454,0.0
2019-01-12,7,0,116,0.0,0.0,0.0,-0.0,0.0
2019-01-12,7,0,117,3.11,3.11,0.0,-853.709231,0.0
2019-01-12,7,0,119,200.0,200.0,0.0,19401.502567,0.0
2019-01-12,7,0,120,117.6,117.6,0.0,11408.08351,0.0
2019-01-12,7,0,123,0.0,0.0,0.0,0.0,0.0
2019-01-12,7,0,125,113.02,113.02,0.0,1516.278806,0.0
2019-01-12,7,0,126,0.0,0.0,0.0,0.0,0.0
2019-01-12,7,0,127,0.0,0.0,0.0,0.0,0.0
2019-01-12,7,0,128,161.88,161.88,0.0,2171.78564,0.0
2019-01-12,7,0,131,30.0,30.0,0.0,-11533.409005,0.0
2019-01-12,7,0,132,44.1,44.1,0.0,-16954.111238,0.0
2019-01-12,7,0,133,6.7,6.7,0.0,98.446885,0.0
2019-01-12,7,0,134,0.0,0.0,0.0,0.0,0.0
2019-01-12,7,0,135,8.98,8.98,0.0,131.948214,0.0
2019-01-12,7,0,136,2.34,2.34,0.0,34.606855,0.0
2019-01-12,7,0,139,110.71,110.71,0.0,1278.734683,0.0
2019-01-12,7,0,140,250.6,250.6,0.0,-250600.0,0.0
2019-01-12,7,0,141,230.0,230.0,0.0,-129857.790405,0.0
2019-01-12,7,0,142,0.0,0.0,0.0,-0.0,0.0
2019-01-12,7,0,143,61.86,61.86,0.0,832.383985,0.0
2019-01-12,7,0,145,17.55,17.55,0.0,212.386382,0.0
2019-01-12,7,0,146,268.0,268.0,0.0,-268000.0,0.0
2019-01-12,7,0,152,0.0,0.0,0.0,0.0,0.0
2019-01-12,7,0,153,0.0,0.0,0.0,0.0,0.0
2019-01-12,7,0,154,0.0,0.0,0.0,0.0,0.0
2019-01-12,7,0,157,128.1,128.1,0.0,-72325.143264,0.0
2019-01-12,7,0,158,0.0,0.0,0.0,-0.0,0.0
2019-01-12,7,0,159,0.0,0.0,0.0,0.0,0.0
2019-01-12,7,0,160,0.0,0.0,0.0,0.0,0.0
2019-01-12,7,0,161,0.0,0.0,0.0,-0.0,0.0
2019-01-12,7,0,162,10.51,10.51,0.0,244.05903,0.0
2019-01-12,7,0,163,185.4,185.4,0.0,-185400.0,0.0
2019-01-12,7,0,164,0.0,0.0,0.0,0.0,0.0
2019-01-12,7,0,167,0.0,0.0,0.0,0.0,0.0
2019-01-12,7,0,168,0.0,0.0,0.0,0.0,0.0
2019-01-12,7,0,169,0.0,0.0,0.0,0.0,0.0
2019-01-12,7,0,170,0.0,0.0,0.0,0.0,0.0
2019-01-12,7,0,172,0.0,0.0,0.0,0.0,0.0
2019-01-12,7,0,173,0.0,0.0,0.0,0.0,0.0
2019-01-12,7,0,188,0.0,0.0,0.0,0.0,0.0
2019-01-12,7,0,190,0.0,0.0,0.0,0.0,0.0
2019-01-12,7,0,191,0.0,0.0,0.0,0.0,0.0
2019-01-12,7,0,192,332.6,332.6,0.0,10785.405497,0.0
2019-01-12,7,0,194,176.5,176.5,0.0,-24862.698656,0.0
2019-01-12,7,0,196,0.0,0.0,0.0,0.0,0.0
2019-01-12,7,0,198,0.0,0.0,0.0,0.0,0.0
2019-01-12,7,0,199,10.6,10.6,0.0,-376.828282,0.0
2019-01-12,7,0,200,0.0,0.0,0.0,-0.0,0.0
2019-01-12,7,0,204,857.0,857.0,0.0,8532.333861,0.0
2019-01-12,7,0,205,1058.0,1058.0,0.0,10245.437668,0.0
2019-01-12,7,0,206,190.88,190.88,0.0,2576.430083,0.0
2019-01-12,7,0,210,0.0,0.0,0.0,0.0,0.0
2019-01-12,7,0,214,0.0,0.0,0.0,0.0,0.0
2019-01-12,7,0,217,0.0,0.0,0.0,0.0,0.0
2019-01-12,7,0,218,0.0,0.0,0.0,0.0,0.0
2019-01-12,7,0,219,0.0,0.0,0.0,0.0,0.0
2019-01-12,7,0,221,0.0,0.0,0.0,0.0,0.0
2019-01-12,7,0,225,0.0,0.0,0.0,0.0,0.0
2019-01-12,7,0,233,0.0,0.0,0.0,0.0,0.0
2019-01-12,7,0,236,4.95,4.95,0.0,81.836503,0.0
2019-01-12,7,0,237,8.93,8.93,0.0,112.86602,0.0
2019-01-12,7,0,238,0.0,0.0,0.0,0.0,0.0
2019-01-12,7,0,240,0.0,0.0,0.0,0.0,0.0
2019-01-12,7,0,245,11.57,11.57,0.0,166.552394,0.0
2019-01-12,7,0,247,15.27,15.27,0.0,219.814612,0.0
2019-01-12,7,0,248,0.9,0.9,0.0,11.375075,0.0
2019-01-12,7,0,249,22.24,22.24,0.0,320.149114,0.0
2019-01-12,7,0,251,21.65,21.65,0.0,323.048353,0.0
2019-01-12,7,0,252,14.81,14.81,0.0,218.961152,0.0
2019-01-12,7,0,254,0.0,0.0,0.0,0.0,0.0
2019-01-12,7,0,255,0.0,0.0,0.0,0.0,0.0
2019-01-12,7,0,258,0.0,0.0,0.0,0.0,0.0
2019-01-12,7,0,260,0.0,0.0,0.0,0.0,0.0
2019-01-12,7,0,265,0.0,0.0,0.0,0.0,0.0
2019-01-12,7,0,266,71.67,71.67,0.0,827.810629,0.0
2019-01-12,7,0,267,88.09,88.09,0.0,1017.466699,0.0
2019-01-12,7,0,270,579.0,579.0,0.0,-579000.0,0.0
2019-01-12,7,0,272,270.16,270.16,0.0,-74160.156248,0.0
2019-01-12,7,0,273,0.0,0.0,0.0,-0.0,0.0
2019-01-12,7,0,274,746.4,746.4,0.0,-746400.0,0.0
2019-01-12,7,0,275,1039.0,1039.0,0.0,-1039000.0,0.0
2019-01-12,7,0,276,0.0,0.0,0.0,-0.0,0.0
2019-01-12,7,0,277,0.0,0.0,0.0,-0.0,0.0
2019-01-12,7,0,278,0.0,0.0,0.0,-0.0,0.0
2019-01-12,7,0,279,264.6,264.6,0.0,-75795.480792,0.0
2019-01-12,7,0,281,15.43,15.43,0.0,207.625039,0.0
2019-01-12,7,0,282,0.0,0.0,0.0,0.0,0.0
2019-01-12,8,0,9,0.0,0.0,0.0,0.0,0.0
2019-01-12,8,0,17,0.0,0.0,0.0,0.0,0.0
2019-01-12,8,0,19,58.47,58.47,0.0,448.307709,0.0
2019-01-12,8,0,20,72.77,72.77,0.0,557.950264,0.0
2019-01-12,8,0,21,0.0,0.0,0.0,0.0,0.0
2019-01-12,8,0,22,0.0,0.0,0.0,0.0,0.0
2019-01-12,8,0,23,84.13,84.13,0.0,1216.881836,0.0
2019-01-12,8,0,24,148.86,148.86,0.0,2153.156188,0.0
2019-01-12,8,0,29,0.0,0.0,0.0,0.0,0.0
2019-01-12,8,0,30,0.0,0.0,0.0,0.0,0.0
2019-01-12,8,0,31,13.57,13.57,0.0,196.865502,0.0
2019-01-12,8,0,32,0.0,0.0,0.0,0.0,0.0
2019-01-12,8,0,33,0.0,0.0,0.0,0.0,0.0
2019-01-12,8,0,34,0.0,0.0,0.0,0.0,0.0
2019-01-12,8,0,35,0.0,0.0,0.0,0.0,0.0
2019-01-12,8,0,36,0.0,0.0,0.0,0.0,0.0
2019-01-12,8,0,37,0.0,0.0,0.0,0.0,0.0
2019-01-12,8,0,38,0.0,0.0,0.0,0.0,0.0
2019-01-12,8,0,39,0.0,0.0,0.0,0.0,0.0
2019-01-12,8,0,40,0.0,0.0,0.0,0.0,0.0
2019-01-12,8,0,41,34.8,34.8,0.0,425.228516,0.0
2019-01-12,8,0,42,0.0,0.0,0.0,0.0,0.0
2019-01-12,8,0,43,0.0,0.0,0.0,0.0,0.0
2019-01-12,8,0,46,0.0,0.0,0.0,0.0,0.0
2019-01-12,8,0,52,14.39,14.39,0.0,208.761575,0.0
2019-01-12,8,0,53,22.86,22.86,0.0,331.639305,0.0
2019-01-12,8,0,55,46.01,46.01,0.0,665.502594,0.0
2019-01-12,8,0,56,0.0,0.0,0.0,0.0,0.0
2019-01-12,8,0,57,0.0,0.0,0.0,0.0,0.0
2019-01-12,8,0,58,0.0,0.0,0.0,0.0,0.0
2019-01-12,8,0,59,0.0,0.0,0.0,0.0,0.0
2019-01-12,8,0,63,96.01,96.01,0.0,10530.093443,0.0
2019-01-12,8,0,64,112.86,112.86,0.0,12378.151713,0.0
2019-01-12,8,0,65,0.0,0.0,0.0,0.0,0.0
2019-01-12,8,0,67,0.0,0.0,0.0,-0.0,0.0
2019-01-12,8,0,68,10.2,10.2,0.0,-4245.180018,0.0
2019-01-12,8,0,69,0.0,0.0,0.0,0.0,0.0
2019-01-12,8,0,74,4.46,4.46,0.0,40.511252,0.0
2019-01-12,8,0,77,147.17,147.17,0.0,-43683.649439,0.0
2019-01-12,8,0,78,111.12,111.12,0.0,-32983.129209,0.0
2019-01-12,8,0,79,64.1,64.1,0.0,-19026.445125,0.0
2019-01-12,8,0,80,103.96,103.96,0.0,-30857.866384,0.0
2019-01-12,8,0,81,136.09,136.09,0.0,-40394.8349,0.0
2019-01-12,8,0,82,95.84,95.84,0.0,-28447.652119,0.0
2019-01-12,8,0,83,214.4,214.4,0.0,-63639.15499,0.0
2019-01-12,8,0,84,0.0,0.0,0.0,0.0,0.0
2019-01-12,8,0,86,0.0,0.0,0.0,0.0,0.0
2019-01-12,8,0,87,0.0,0.0,0.0,0.0,0.0
2019-01-12,8,0,88,123.33,123.33,0.0,-36607.35534,0.0
2019-01-12,8,0,89,119.02,119.02,0.0,-35328.042103,0.0
2019-01-12,8,0,90,155.3,155.3,0.0,-46096.831949,0.0
2019-01-12,8,0,91,486.84,486.84,0.0,-144505.999138,0.0
2019-01-12,8,0,92,194.81,194.81,0.0,-57824.364662,0.0
2019-01-12,8,0,95,12.56,12.56,0.0,281.717492,0.0
2019-01-12,8,0,96,14.2,14.2,0.0,206.644832,0.0
2019-01-12,8,0,97,87.31,87.31,0.0,1270.574667,0.0
2019-01-12,8,0,99,0.86,0.86,0.0,7.811587,0.0
2019-01-12,8,0,101,0.0,0.0,0.0,0.0,0.0
2019-01-12,8,0,102,24.15,24.15,0.0,-10051.087984,0.0
2019-01-12,8,0,103,21.0,21.0,0.0,-8740.076508,0.0
2019-01-12,8,0,104,3.9,3.9,0.0,-1623.157066,0.0
2019-01-12,8,0,106,0.0,0.0,0.0,0.0,0.0
2019-01-12,8,0,109,200.0,200.0,0.0,2147.355988,0.0
2019-01-12,8,0,110,338.6,338.6,0.0,-338600.0,0.0
2019-01-12,8,0,111,0.0,0.0,0.0,0.0,0.0
2019-01-12,8,0,113,141.55,141.55,0.0,-37744.634253,0.0
2019-01-12,8,0,115,141.55,141.55,0.0,-37744.634253,0.0
2019-01-12,8,0,116,0.0,0.0,0.0,-0.0,0.0
2019-01-12,8,0,117,7.33,7.33,0.0,-1954.561421,0.0
2019-01-12,8,0,119,112.86,112.86,0.0,12378.151713,0.0
2019-01-12,8,0,120,66.59,66.59,0.0,7303.394671,0.0
2019-01-12,8,0,123,0.0,0.0,0.0,0.0,0.0
2019-01-12,8,0,125,134.71,134.71,0.0,1948.486296,0.0
2019-01-12,8,0,126,0.0,0.0,0.0,0.0,0.0
2019-01-12,8,0,127,0.0,0.0,0.0,0.0,0.0
2019-01-12,8,0,128,192.93,192.93,0.0,2790.598034,0.0
2019-01-12,8,0,131,30.0,30.0,0.0,-11334.388101,0.0
2019-01-12,8,0,132,44.1,44.1,0.0,-16661.550509,0.0
2019-01-12,8,0,133,3.91,3.91,0.0,29.961442,0.0
2019-01-12,8,0,134,0.0,0.0,0.0,0.0,0.0
2019-01-12,8,0,135,5.24,5.24,0.0,40.15293,0.0
2019-01-12,8,0,136,0.0,0.0,0.0,0.0,0.0
2019-01-12,8,0,139,44.94,44.94,0.0,549.131308,0.0
2019-01-12,8,0,140,250.6,250.6,0.0,-250600.0,0.0
2019-01-12,8,0,141,230.0,230.0,0.0,-128778.522817,0.0
2019-01-12,8,0,142,0.0,0.0,0.0,-0.0,0.0
2019-01-12,8,0,143,18.01,18.01,0.0,261.278385,0.0
2019-01-12,8,0,145,22.45,22.45,0.0,294.270288,0.0
2019-01-12,8,0,146,268.0,268.0,0.0,-268000.0,0.0
2019-01-12,8,0,152,0.0,0.0,0.0,0.0,0.0
2019-01-12,8,0,153,0.0,0.0,0.0,0.0,0.0
2019-01-12,8,0,154,0.0,0.0,0.0,0.0,0.0
2019-01-12,8,0,157,114.66,114.66,0.0,-64198.893158,0.0
2019-01-12,8,0,158,0.0,0.0,0.0,-0.0,0.0
2019-01-12,8,0,159,0.0,0.0,0.0,0.0,0.0
2019-01-12,8,0,160,0.0,0.0,0.0,0.0,0.0
2019-01-12,8,0,161,0.0,0.0,0.0,-0.0,0.0
2019-01-12,8,0,162,22.22,22.22,0.0,515.592166,0.0
2019-01-12,8,0,163,185.4,185.4,0.0,-185400.0,0.0
2019-01-12,8,0,164,0.0,0.0,0.0,0.0,0.0
2019-01-12,8,0,167,0.0,0.0,0.0,0.0,0.0
2019-01-12,8,0,168,0.0,0.0,0.0,0.0,0.0
2019-01-12,8,0,169,0.0,0.0,0.0,0.0,0.0
2019-01-12,8,0,170,0.0,0.0,0.0,0.0,0.0
2019-01-12,8,0,172,0.0,0.0,0.0,0.0,0.0
2019-01-12,8,0,173,0.0,0.0,0.0,0.0,0.0
2019-01-12,8,0,188,0.0,0.0,0.0,0.0,0.0
2019-01-12,8,0,190,0.0,0.0,0.0,0.0,0.0
2019-01-12,8,0,191,0.0,0.0,0.0,0.0,0.0
2019-01-12,8,0,192,332.6,332.6,0.0,10785.405497,0.0
2019-01-12,8,0,194,176.5,176.5,0.0,-23214.667979,0.0
2019-01-12,8,0,196,0.0,0.0,0.0,0.0,0.0
2019-01-12,8,0,198,0.0,0.0,0.0,0.0,0.0
2019-01-12,8,0,199,6.89,6.89,0.0,-251.703892,0.0
2019-01-12,8,0,200,0.0,0.0,0.0,-0.0,0.0
2019-01-12,8,0,204,856.99,856.99,0.0,9346.973056,0.0
2019-01-12,8,0,205,1058.0,1058.0,0.0,11359.513177,0.0
2019-01-12,8,0,206,256.55,256.55,0.0,3733.431804,0.0
2019-01-12,8,0,210,0.0,0.0,0.0,0.0,0.0
2019-01-12,8,0,214,0.0,0.0,0.0,0.0,0.0
2019-01-12,8,0,217,0.0,0.0,0.0,0.0,0.0
2019-01-12,8,0,218,0.0,0.0,0.0,0.0,0.0
2019-01-12,8,0,219,0.0,0.0,0.0,0.0,0.0
2019-01-12,8,0,221,0.0,0.0,0.0,0.0,0.0
2019-01-12,8,0,225,0.0,0.0,0.0,0.0,0.0
2019-01-12,8,0,233,0.0,0.0,0.0,0.0,0.0
2019-01-12,8,0,236,4.34,4.34,0.0,36.128887,0.0
2019-01-12,8,0,237,10.71,10.71,0.0,97.281505,0.0
2019-01-12,8,0,238,0.0,0.0,0.0,0.0,0.0
2019-01-12,8,0,240,0.0,0.0,0.0,0.0,0.0
2019-01-12,8,0,245,6.36,6.36,0.0,47.637422,0.0
2019-01-12,8,0,247,7.72,7.72,0.0,57.824041,0.0
2019-01-12,8,0,248,1.08,1.08,0.0,9.8099,0.0
2019-01-12,8,0,249,12.23,12.23,0.0,91.604666,0.0
2019-01-12,8,0,251,7.51,7.51,0.0,58.537295,0.0
2019-01-12,8,0,252,0.0,0.0,0.0,0.0,0.0
2019-01-12,8,0,254,0.0,0.0,0.0,0.0,0.0
2019-01-12,8,0,255,0.0,0.0,0.0,0.0,0.0
2019-01-12,8,0,258,0.0,0.0,0.0,0.0,0.0
2019-01-12,8,0,260,0.0,0.0,0.0,0.0,0.0
2019-01-12,8,0,265,0.0,0.0,0.0,0.0,0.0
2019-01-12,8,0,266,29.1,29.1,0.0,355.579018,0.0
2019-01-12,8,0,267,35.76,35.76,0.0,436.958958,0.0
2019-01-12,8,0,270,579.0,579.0,0.0,-579000.0,0.0
2019-01-12,8,0,272,490.05,490.05,0.0,-130672.963729,0.0
2019-01-12,8,0,273,0.0,0.0,0.0,-0.0,0.0
2019-01-12,8,0,274,746.4,746.4,0.0,-746400.0,0.0
2019-01-12,8,0,275,1039.0,1039.0,0.0,-1039000.0,0.0
2019-01-12,8,0,276,0.0,0.0,0.0,-0.0,0.0
2019-01-12,8,0,277,0.0,0.0,0.0,-0.0,0.0
2019-01-12,8,0,278,0.0,0.0,0.0,-0.0,0.0
2019-01-12,8,0,279,264.6,264.6,0.0,-73756.93079,0.0
2019-01-12,8,0,281,6.09,6.09,0.0,88.350104,0.0
2019-01-12,8,0,282,0.0,0.0,0.0,0.0,0.0
2019-01-12,9,0,9,0.11,0.11,0.0,1.476283,0.0
2019-01-12,9,0,17,7.71,7.71,0.0,60.703589,0.0
2019-01-12,9,0,19,42.89,42.89,0.0,337.688317,0.0
2019-01-12,9,0,20,53.26,53.26,0.0,419.335038,0.0
2019-01-12,9,0,21,2.53,2.53,0.0,33.954507,0.0
2019-01-12,9,0,22,8.97,8.97,0.0,120.384162,0.0
2019-01-12,9,0,23,101.1,101.1,0.0,1356.838218,0.0
2019-01-12,9,0,24,178.87,178.87,0.0,2400.570248,0.0
2019-01-12,9,0,29,1.38,1.38,0.0,8.109078,0.0
2019-01-12,9,0,30,17.8,17.8,0.0,239.515599,0.0
2019-01-12,9,0,31,17.34,17.34,0.0,233.32587,0.0
2019-01-12,9,0,32,0.53,0.53,0.0,22.488209,0.0
2019-01-12,9,0,33,0.4,0.4,0.0,2.758771,0.0
2019-01-12,9,0,34,0.64,0.64,0.0,4.414033,0.0
2019-01-12,9,0,35,0.64,0.64,0.0,4.414033,0.0
2019-01-12,9,0,36,1.23,1.23,0.0,11.505922,0.0
2019-01-12,9,0,37,0.59,0.59,0.0,5.527963,0.0
2019-01-12,9,0,38,0.75,0.75,0.0,7.027071,0.0
2019-01-12,9,0,39,0.5,0.5,0.0,4.684714,0.0
2019-01-12,9,0,40,0.5,0.5,0.0,4.684714,0.0
2019-01-12,9,0,41,34.8,34.8,0.0,403.276698,0.0
2019-01-12,9,0,42,7.9,7.9,0.0,63.871609,0.0
2019-01-12,9,0,43,3.88,3.88,0.0,35.249569,0.0
2019-01-12,9,0,46,3.11,3.11,0.0,30.297995,0.0
2019-01-12,9,0,52,18.39,18.39,0.0,247.454599,0.0
2019-01-12,9,0,53,29.38,29.38,0.0,395.335297,0.0
2019-01-12,9,0,55,32.37,32.37,0.0,434.429803,0.0
2019-01-12,9,0,56,5.25,5.25,0.0,70.643646,0.0
2019-01-12,9,0,57,5.0,5.0,0.0,67.279663,0.0
2019-01-12,9,0,58,9.61,9.61,0.0,129.311511,0.0
2019-01-12,9,0,59,9.45,9.45,0.0,127.158562,0.0
2019-01-12,9,0,63,51.0,51.0,0.0,5698.063929,0.0
2019-01-12,9,0,64,60.0,60.0,0.0,6703.604622,0.0
2019-01-12,9,0,65,0.0,0.0,0.0,0.0,0.0
2019-01-12,9,0,67,7.66,7.66,0.0,-4280.977279,0.0
2019-01-12,9,0,68,19.12,19.12,0.0,-7931.448618,0.0
2019-01-12,9,0,69,0.4,0.4,0.0,2.758771,0.0
2019-01-12,9,0,74,5.38,5.38,0.0,48.575884,0.0
2019-01-12,9,0,77,60.0,60.0,0.0,-17707.394285,0.0
2019-01-12,9,0,78,45.36,45.36,0.0,-13386.79008,0.0
2019-01-12,9,0,79,26.25,26.25,0.0,-7746.985,0.0
2019-01-12,9,0,80,42.45,42.45,0.0,-12527.981457,0.0
2019-01-12,9,0,81,55.5,55.5,0.0,-16379.339714,0.0
2019-01-12,9,0,82,39.15,39.15,0.0,-11554.074771,0.0
2019-01-12,9,0,83,87.3,87.3,0.0,-25764.258685,0.0
2019-01-12,9,0,84,0.0,0.0,0.0,0.0,0.0
2019-01-12,9,0,86,2.02,2.02,0.0,13.931792,0.0
2019-01-12,9,0,87,10.29,10.29,0.0,70.969378,0.0
2019-01-12,9,0,88,155.83,155.83,0.0,-45989.054192,0.0
2019-01-12,9,0,89,148.85,148.85,0.0,-43929.09399,0.0
2019-01-12,9,0,90,208.93,208.93,0.0,-61660.098134,0.0
2019-01-12,9,0,91,785.09,785.09,0.0,-231698.302993,0.0
2019-01-12,9,0,92,276.23,276.23,0.0,-81521.892058,0.0
2019-01-12,9,0,95,28.5,28.5,0.0,639.247494,0.0
2019-01-12,9,0,96,18.91,18.91,0.0,255.146912,0.0
2019-01-12,9,0,97,116.29,116.29,0.0,1569.065808,0.0
2019-01-12,9,0,99,1.04,1.04,0.0,9.390134,0.0
2019-01-12,9,0,101,0.36,0.36,0.0,4.844136,0.0
2019-01-12,9,0,102,45.2,45.2,0.0,-18750.077276,0.0
2019-01-12,9,0,103,39.31,39.31,0.0,-16306.759684,0.0
2019-01-12,9,0,104,7.33,7.33,0.0,-3040.665187,0.0
2019-01-12,9,0,106,8.84,8.84,0.0,118.639464,0.0
2019-01-12,9,0,109,186.24,186.24,0.0,1932.895295,0.0
2019-01-12,9,0,110,338.6,338.6,0.0,-338600.0,0.0
2019-01-12,9,0,111,1.49,1.49,0.0,17.266732,0.0
2019-01-12,9,0,113,84.3,84.3,0.0,-22343.74955,0.0
2019-01-12,9,0,115,84.3,84.3,0.0,-22343.74955,0.0
2019-01-12,9,0,116,3.74,3.74,0.0,-3740.0,0.0
2019-01-12,9,0,117,5.73,5.73,0.0,-1518.738848,0.0
2019-01-12,9,0,119,60.0,60.0,0.0,6703.604622,0.0
2019-01-12,9,0,120,35.28,35.28,0.0,3941.719518,0.0
2019-01-12,9,0,123,0.15,0.15,0.0,2.013113,0.0
2019-01-12,9,0,125,161.87,161.87,0.0,2172.417431,0.0
2019-01-12,9,0,126,6.63,6.63,0.0,88.979598,0.0
2019-01-12,9,0,127,8.5,8.5,0.0,114.076408,0.0
2019-01-12,9,0,128,231.84,231.84,0.0,3111.467581,0.0
2019-01-12,9,0,131,30.0,30.0,0.0,-11290.605215,0.0
2019-01-12,9,0,132,44.1,44.1,0.0,-16597.189667,0.0
2019-01-12,9,0,133,2.8,2.8,0.0,22.03503,0.0
2019-01-12,9,0,134,0.0,0.0,0.0,0.0,0.0
2019-01-12,9,0,135,3.75,3.75,0.0,29.511201,0.0
2019-01-12,9,0,136,0.0,0.0,0.0,0.0,0.0
2019-01-12,9,0,139,44.94,44.94,0.0,520.783184,0.0
2019-01-12,9,0,140,250.6,250.6,0.0,-250600.0,0.0
2019-01-12,9,0,141,230.0,230.0,0.0,-128541.093239,0.0
2019-01-12,9,0,142,10.1,10.1,0.0,-5644.630616,0.0
2019-01-12,9,0,143,23.1,23.1,0.0,310.832041,0.0
2019-01-12,9,0,145,29.64,29.64,0.0,364.976406,0.0
2019-01-12,9,0,146,268.0,268.0,0.0,-268000.0,0.0
2019-01-12,9,0,152,0.87,0.87,0.0,7.815389,0.0
2019-01-12,9,0,153,1.11,1.11,0.0,10.026868,0.0
2019-01-12,9,0,154,6.16,6.16,0.0,71.384611,0.0
2019-01-12,9,0,157,102.68,102.68,0.0,-57385.215016,0.0
2019-01-12,9,0,158,0.0,0.0,0.0,-0.0,0.0
2019-01-12,9,0,159,0.0,0.0,0.0,0.0,0.0
2019-01-12,9,0,160,0.31,0.31,0.0,2.544914,0.0
2019-01-12,9,0,161,2.42,2.42,0.0,-1003.875819,0.0
2019-01-12,9,0,162,48.75,48.75,0.0,1131.245677,0.0
2019-01-12,9,0,163,185.4,185.4,0.0,-185400.0,0.0
2019-01-12,9,0,164,0.46,0.46,0.0,6.189729,0.0
2019-01-12,9,0,167,0.64,0.64,0.0,12.464446,0.0
2019-01-12,9,0,168,0.32,0.32,0.0,6.232223,0.0
2019-01-12,9,0,169,0.0,0.0,0.0,0.0,0.0
2019-01-12,9,0,170,0.7,0.7,0.0,13.632988,0.0
2019-01-12,9,0,172,0.86,0.86,0.0,14.355653,0.0
2019-01-12,9,0,173,1.31,1.31,0.0,21.867331,0.0
2019-01-12,9,0,188,1.07,1.07,0.0,25.840051,0.0
2019-01-12,9,0,190,0.29,0.29,0.0,9.403992,0.0
2019-01-12,9,0,191,0.76,0.76,0.0,24.644943,0.0
2019-01-12,9,0,192,332.6,332.6,0.0,10785.405497,0.0
2019-01-12,9,0,194,130.37,130.37,0.0,-16917.811519,0.0
2019-01-12,9,0,196,0.27,0.27,0.0,71.2456,0.0
2019-01-12,9,0,198,1.49,1.49,0.0,10.014456,0.0
2019-01-12,9,0,199,16.52,16.52,0.0,-578.882351,0.0
2019-01-12,9,0,200,2.21,2.21,0.0,-77.441283,0.0
2019-01-12,9,0,204,480.72,480.72,0.0,5055.8466,0.0
2019-01-12,9,0,205,1048.92,1048.92,0.0,10886.235676,0.0
2019-01-12,9,0,206,341.71,341.71,0.0,4610.589709,0.0
2019-01-12,9,0,210,0.39,0.39,0.0,2.214265,0.0
2019-01-12,9,0,214,2.17,2.17,0.0,13.71329,0.0
2019-01-12,9,0,217,1.54,1.54,0.0,9.285706,0.0
2019-01-12,9,0,218,2.13,2.13,0.0,12.843216,0.0
2019-01-12,9,0,219,1.45,1.45,0.0,8.743035,0.0
2019-01-12,9,0,221,1.16,1.16,0.0,7.330606,0.0
2019-01-12,9,0,225,1.23,1.23,0.0,7.25124,0.0
2019-01-12,9,0,233,1.14,1.14,0.0,7.862497,0.0
2019-01-12,9,0,236,3.85,3.85,0.0,32.377845,0.0
2019-01-12,9,0,237,12.9,12.9,0.0,116.473773,0.0
2019-01-12,9,0,238,10.28,10.28,0.0,83.113942,0.0
2019-01-12,9,0,240,1.39,1.39,0.0,13.002627,0.0
2019-01-12,9,0,245,4.12,4.12,0.0,31.842554,0.0
2019-01-12,9,0,247,4.29,4.29,0.0,33.156446,0.0
2019-01-12,9,0,248,1.29,1.29,0.0,11.647377,0.0
2019-01-12,9,0,249,7.92,7.92,0.0,61.211901,0.0
2019-01-12,9,0,251,0.0,0.0,0.0,0.0,0.0
2019-01-12,9,0,252,0.0,0.0,0.0,0.0,0.0
2019-01-12,9,0,254,2.29,2.29,0.0,20.301392,0.0
2019-01-12,9,0,255,1.05,1.05,0.0,9.308498,0.0
2019-01-12,9,0,258,1.73,1.73,0.0,16.107835,0.0
2019-01-12,9,0,260,0.76,0.76,0.0,6.239144,0.0
2019-01-12,9,0,265,6.38,6.38,0.0,73.934061,0.0
2019-01-12,9,0,266,29.1,29.1,0.0,337.222756,0.0
2019-01-12,9,0,267,35.76,35.76,0.0,414.401572,0.0
2019-01-12,9,0,270,579.0,579.0,0.0,-579000.0,0.0
2019-01-12,9,0,272,281.31,281.31,0.0,-74561.330795,0.0
2019-01-12,9,0,273,0.9,0.9,0.0,-900.0,0.0
2019-01-12,9,0,274,746.4,746.4,0.0,-746400.0,0.0
2019-01-12,9,0,275,1039.0,1039.0,0.0,-1039000.0,0.0
2019-01-12,9,0,276,0.24,0.24,0.0,-216.361427,0.0
2019-01-12,9,0,277,0.45,0.45,0.0,-124.698191,0.0
2019-01-12,9,0,278,0.72,0.72,0.0,-199.517106,0.0
2019-01-12,9,0,279,264.6,264.6,0.0,-73322.536543,0.0
2019-01-12,9,0,281,7.72,7.72,0.0,103.879799,0.0
2019-01-12,9,0,282,9.77,9.77,0.0,131.464461,0.0
2019-01-12,10,0,9,1.1,1.1,0.0,6.192956,0.0
2019-01-12,10,0,17,24.66,24.66,0.0,204.31692,0.0
2019-01-12,10,0,19,45.11,45.11,0.0,373.752484,0.0
2019-01-12,10,0,20,55.89,55.89,0.0,463.068639,0.0
2019-01-12,10,0,21,25.08,25.08,0.0,141.199396,0.0
2019-01-12,10,0,22,89.15,89.15,0.0,501.91093,0.0
2019-01-12,10,0,23,108.8,108.8,0.0,612.539643,0.0
2019-01-12,10,0,24,192.5,192.5,0.0,1083.767292,0.0
2019-01-12,10,0,29,4.01,4.01,0.0,27.844327,0.0
2019-01-12,10,0,30,208.34,208.34,0.0,1169.770813,0.0
2019-01-12,10,0,31,35.58,35.58,0.0,199.771746,0.0
2019-01-12,10,0,32,1.72,1.72,0.0,76.194666,0.0
2019-01-12,10,0,33,1.33,1.33,0.0,11.752151,0.0
2019-01-12,10,0,34,2.12,2.12,0.0,18.732753,0.0
2019-01-12,10,0,35,2.12,2.12,0.0,18.732753,0.0
2019-01-12,10,0,36,4.75,4.75,0.0,34.912629,0.0
2019-01-12,10,0,37,2.22,2.22,0.0,16.262484,0.0
2019-01-12,10,0,38,2.86,2.86,0.0,20.950767,0.0
2019-01-12,10,0,39,1.91,1.91,0.0,13.991596,0.0
2019-01-12,10,0,40,1.91,1.91,0.0,13.991596,0.0
2019-01-12,10,0,41,34.8,34.8,0.0,224.228144,0.0
2019-01-12,10,0,42,28.06,28.06,0.0,229.136654,0.0
2019-01-12,10,0,43,14.8,14.8,0.0,109.401965,0.0
2019-01-12,10,0,46,12.84,12.84,0.0,91.800078,0.0
2019-01-12,10,0,52,37.73,37.73,0.0,211.843394,0.0
2019-01-12,10,0,53,60.17,60.17,0.0,337.837716,0.0
2019-01-12,10,0,55,23.16,23.16,0.0,130.389873,0.0
2019-01-12,10,0,56,61.45,61.45,0.0,345.024558,0.0
2019-01-12,10,0,57,58.45,58.45,0.0,328.180398,0.0
2019-01-12,10,0,58,112.41,112.41,0.0,631.150701,0.0
2019-01-12,10,0,59,110.54,110.54,0.0,620.651174,0.0
2019-01-12,10,0,63,51.0,51.0,0.0,5804.551328,0.0
2019-01-12,10,0,64,60.0,60.0,0.0,6828.883916,0.0
2019-01-12,10,0,65,0.0,0.0,0.0,0.0,0.0
2019-01-12,10,0,67,102.86,102.86,0.0,-57259.016935,0.0
2019-01-12,10,0,68,34.0,34.0,0.0,-14004.593728,0.0
2019-01-12,10,0,69,1.33,1.33,0.0,11.752151,0.0
2019-01-12,10,0,74,10.5,10.5,0.0,80.305511,0.0
2019-01-12,10,0,77,60.0,60.0,0.0,-17476.433412,0.0
2019-01-12,10,0,78,45.36,45.36,0.0,-13212.18366,0.0
2019-01-12,10,0,79,26.25,26.25,0.0,-7645.939618,0.0
2019-01-12,10,0,80,42.45,42.45,0.0,-12364.576639,0.0
2019-01-12,10,0,81,55.5,55.5,0.0,-16165.700907,0.0
2019-01-12,10,0,82,39.15,39.15,0.0,-11403.372802,0.0
2019-01-12,10,0,83,87.3,87.3,0.0,-25428.210615,0.0
2019-01-12,10,0,84,0.0,0.0,0.0,0.0,0.0
2019-01-12,10,0,86,6.72,6.72,0.0,59.379292,0.0
2019-01-12,10,0,87,34.29,34.29,0.0,302.99344,0.0
2019-01-12,10,0,88,103.48,103.48,0.0,-30141.022159,0.0
2019-01-12,10,0,89,99.0,99.0,0.0,-28836.115131,0.0
2019-01-12,10,0,90,137.47,137.47,0.0,-40041.421687,0.0
2019-01-12,10,0,91,509.29,509.29,0.0,-148342.879544,0.0
2019-01-12,10,0,92,180.45,180.45,0.0,-52560.373488,0.0
2019-01-12,10,0,95,88.65,88.65,0.0,1988.396151,0.0
2019-01-12,10,0,96,24.84,24.84,0.0,139.074024,0.0
2019-01-12,10,0,97,152.77,152.77,0.0,855.32764,0.0
2019-01-12,10,0,99,2.16,2.16,0.0,16.519991,0.0
2019-01-12,10,0,101,4.2,4.2,0.0,23.581825,0.0
2019-01-12,10,0,102,80.5,80.5,0.0,-33157.935149,0.0
2019-01-12,10,0,103,70.0,70.0,0.0,-28832.987086,0.0
2019-01-12,10,0,104,13.0,13.0,0.0,-5354.697602,0.0
2019-01-12,10,0,106,87.76,87.76,0.0,494.085286,0.0
2019-01-12,10,0,109,171.07,171.07,0.0,1185.940227,0.0
2019-01-12,10,0,110,338.6,338.6,0.0,-338600.0,0.0
2019-01-12,10,0,111,7.39,7.39,0.0,47.616264,0.0
2019-01-12,10,0,113,150.0,150.0,0.0,-39318.277376,0.0
2019-01-12,10,0,115,150.0,150.0,0.0,-39318.277376,0.0
2019-01-12,10,0,116,25.57,25.57,0.0,-25570.0,0.0
2019-01-12,10,0,117,10.0,10.0,0.0,-2621.218492,0.0
2019-01-12,10,0,119,60.0,60.0,0.0,6828.883916,0.0
2019-01-12,10,0,120,35.28,35.28,0.0,4015.383742,0.0
2019-01-12,10,0,123,1.46,1.46,0.0,8.219742,0.0
2019-01-12,10,0,125,174.2,174.2,0.0,980.739024,0.0
2019-01-12,10,0,126,65.82,65.82,0.0,370.563964,0.0
2019-01-12,10,0,127,84.47,84.47,0.0,475.562718,0.0
2019-01-12,10,0,128,249.5,249.5,0.0,1404.675009,0.0
2019-01-12,10,0,131,40.31,40.31,0.0,-15045.155742,0.0
2019-01-12,10,0,132,65.03,65.03,0.0,-24271.557378,0.0
2019-01-12,10,0,133,2.94,2.94,0.0,24.365095,0.0
2019-01-12,10,0,134,0.0,0.0,0.0,0.0,0.0
2019-01-12,10,0,135,3.94,3.94,0.0,32.652543,0.0
2019-01-12,10,0,136,0.0,0.0,0.0,0.0,0.0
2019-01-12,10,0,139,44.94,44.94,0.0,289.563585,0.0
2019-01-12,10,0,140,250.6,250.6,0.0,-250600.0,0.0
2019-01-12,10,0,141,230.0,230.0,0.0,-128033.96748,0.0
2019-01-12,10,0,142,135.65,135.65,0.0,-75512.207342,0.0
2019-01-12,10,0,143,26.89,26.89,0.0,150.979827,0.0
2019-01-12,10,0,145,56.19,56.19,0.0,342.996144,0.0
2019-01-12,10,0,146,268.0,268.0,0.0,-268000.0,0.0
2019-01-12,10,0,152,3.36,3.36,0.0,25.704694,0.0
2019-01-12,10,0,153,4.23,4.23,0.0,32.238536,0.0
2019-01-12,10,0,154,30.47,30.47,0.0,196.328492,0.0
2019-01-12,10,0,157,91.66,91.66,0.0,-51024.319388,0.0
2019-01-12,10,0,158,66.17,66.17,0.0,-36834.815775,0.0
2019-01-12,10,0,159,0.0,0.0,0.0,0.0,0.0
2019-01-12,10,0,160,1.16,1.16,0.0,8.859681,0.0
2019-01-12,10,0,161,20.35,20.35,0.0,-8382.161246,0.0
2019-01-12,10,0,162,91.77,91.77,0.0,2130.446164,0.0
2019-01-12,10,0,163,104.02,104.02,0.0,-104020.0,0.0
2019-01-12,10,0,164,7.79,7.79,0.0,43.738671,0.0
2019-01-12,10,0,167,2.09,2.09,0.0,40.53411,0.0
2019-01-12,10,0,168,1.05,1.05,0.0,20.364026,0.0
2019-01-12,10,0,169,0.0,0.0,0.0,0.0,0.0
2019-01-12,10,0,170,2.29,2.29,0.0,44.412972,0.0
2019-01-12,10,0,172,3.07,3.07,0.0,51.717923,0.0
2019-01-12,10,0,173,4.68,4.68,0.0,78.840352,0.0
2019-01-12,10,0,188,3.54,3.54,0.0,89.755611,0.0
2019-01-12,10,0,190,1.75,1.75,0.0,56.748225,0.0
2019-01-12,10,0,191,4.53,4.53,0.0,146.896834,0.0
2019-01-12,10,0,192,332.6,332.6,0.0,10785.405497,0.0
2019-01-12,10,0,194,52.95,52.95,0.0,-6733.242292,0.0
2019-01-12,10,0,196,1.42,1.42,0.0,378.799087,0.0
2019-01-12,10,0,198,5.25,5.25,0.0,41.61998,0.0
2019-01-12,10,0,199,39.0,39.0,0.0,-1169.415125,0.0
2019-01-12,10,0,200,8.14,8.14,0.0,-244.077926,0.0
2019-01-12,10,0,204,257.1,257.1,0.0,1764.615231,0.0
2019-01-12,10,0,205,1010.31,1010.31,0.0,7003.959027,0.0
2019-01-12,10,0,206,448.9,448.9,0.0,2513.298276,0.0
2019-01-12,10,0,210,1.17,1.17,0.0,8.325119,0.0
2019-01-12,10,0,214,6.82,6.82,0.0,62.488207,0.0
2019-01-12,10,0,217,4.72,4.72,0.0,39.04368,0.0
2019-01-12,10,0,218,6.51,6.51,0.0,53.850499,0.0
2019-01-12,10,0,219,4.44,4.44,0.0,36.727529,0.0
2019-01-12,10,0,221,3.64,3.64,0.0,33.351477,0.0
2019-01-12,10,0,225,3.69,3.69,0.0,25.561127,0.0
2019-01-12,10,0,233,3.8,3.8,0.0,33.577576,0.0
2019-01-12,10,0,236,3.45,3.45,0.0,27.532526,0.0
2019-01-12,10,0,237,24.55,24.55,0.0,187.761933,0.0
2019-01-12,10,0,238,36.53,36.53,0.0,298.302279,0.0
2019-01-12,10,0,240,5.38,5.38,0.0,39.543146,0.0
2019-01-12,10,0,245,3.96,3.96,0.0,33.133014,0.0
2019-01-12,10,0,247,3.67,3.67,0.0,30.706607,0.0
2019-01-12,10,0,248,2.68,2.68,0.0,20.497026,0.0
2019-01-12,10,0,249,7.62,7.62,0.0,63.755952,0.0
2019-01-12,10,0,251,0.0,0.0,0.0,0.0,0.0
2019-01-12,10,0,252,0.0,0.0,0.0,0.0,0.0
2019-01-12,10,0,254,8.13,8.13,0.0,60.598274,0.0
2019-01-12,10,0,255,3.73,3.73,0.0,27.80216,0.0
2019-01-12,10,0,258,6.7,6.7,0.0,49.290628,0.0
2019-01-12,10,0,260,2.82,2.82,0.0,21.53819,0.0
2019-01-12,10,0,265,31.54,31.54,0.0,203.222863,0.0
2019-01-12,10,0,266,29.1,29.1,0.0,187.50112,0.0
2019-01-12,10,0,267,35.76,35.76,0.0,230.413748,0.0
2019-01-12,10,0,270,324.69,324.69,0.0,-324690.0,0.0
2019-01-12,10,0,272,501.3,501.3,0.0,-131401.68299,0.0
2019-01-12,10,0,273,6.11,6.11,0.0,-6110.0,0.0
2019-01-12,10,0,274,418.54,418.54,0.0,-418540.0,0.0
2019-01-12,10,0,275,582.57,582.57,0.0,-582570.0,0.0
2019-01-12,10,0,276,1.56,1.56,0.0,-1405.581279,0.0
2019-01-12,10,0,277,2.5,2.5,0.0,-684.523432,0.0
2019-01-12,10,0,278,4.0,4.0,0.0,-1095.237491,0.0
2019-01-12,10,0,279,264.6,264.6,0.0,-72449.960061,0.0
2019-01-12,10,0,281,15.86,15.86,0.0,89.049463,0.0
2019-01-12,10,0,282,114.29,114.29,0.0,641.706375,0.0
2019-01-12,11,0,9,1.89,1.89,0.0,-20.44313,0.0
2019-01-12,11,0,17,37.38,37.38,0.0,228.146773,0.0
2019-01-12,11,0,19,38.09,38.09,0.0,232.480219,0.0
2019-01-12,11,0,20,46.2,46.2,0.0,281.979158,0.0
2019-01-12,11,0,21,43.19,43.19,0.0,-467.163371,0.0
2019-01-12,11,0,22,153.5,153.5,0.0,-1660.328259,0.0
2019-01-12,11,0,23,61.07,61.07,0.0,-660.561868,0.0
2019-01-12,11,0,24,108.0,108.0,0.0,-1168.17884,0.0
2019-01-12,11,0,29,5.94,5.94,0.0,30.014742,0.0
2019-01-12,11,0,30,361.53,361.53,0.0,-3948.062541,0.0
2019-01-12,11,0,31,41.05,41.05,0.0,-448.283593,0.0
2019-01-12,11,0,32,2.7,2.7,0.0,126.207822,0.0
2019-01-12,11,0,33,2.01,2.01,0.0,18.604277,0.0
2019-01-12,11,0,34,3.21,3.21,0.0,29.711308,0.0
2019-01-12,11,0,35,3.21,3.21,0.0,29.711308,0.0
2019-01-12,11,0,36,7.39,7.39,0.0,8.228649,0.0
2019-01-12,11,0,37,3.44,3.44,0.0,3.547861,0.0
2019-01-12,11,0,38,4.43,4.43,0.0,4.568903,0.0
2019-01-12,11,0,39,2.95,2.95,0.0,3.042497,0.0
2019-01-12,11,0,40,2.95,2.95,0.0,3.042497,0.0
2019-01-12,11,0,41,34.8,34.8,0.0,-186.553741,0.0
2019-01-12,11,0,42,43.23,43.23,0.0,234.311446,0.0
2019-01-12,11,0,43,22.97,22.97,0.0,40.283833,0.0
2019-01-12,11,0,46,20.2,20.2,0.0,-2.02348,0.0
2019-01-12,11,0,52,43.64,43.64,0.0,-476.567503,0.0
2019-01-12,11,0,53,71.07,71.07,0.0,-776.114859,0.0
2019-01-12,11,0,55,132.86,132.86,0.0,-1437.076303,0.0
2019-01-12,11,0,56,106.64,106.64,0.0,-1164.554503,0.0
2019-01-12,11,0,57,101.44,101.44,0.0,-1107.768274,0.0
2019-01-12,11,0,58,195.07,195.07,0.0,-2130.248001,0.0
2019-01-12,11,0,59,191.82,191.82,0.0,-2094.756609,0.0
2019-01-12,11,0,63,51.0,51.0,0.0,5888.229642,0.0
2019-01-12,11,0,64,60.0,60.0,0.0,6927.32899,0.0
2019-01-12,11,0,65,2.03,2.03,0.0,12.132311,0.0
2019-01-12,11,0,67,180.76,180.76,0.0,-100180.82024,0.0
2019-01-12,11,0,68,33.99,33.99,0.0,-13890.034845,0.0
2019-01-12,11,0,69,2.01,2.01,0.0,18.604277,0.0
2019-01-12,11,0,74,21.29,21.29,0.0,51.165378,0.0
2019-01-12,11,0,77,60.0,60.0,0.0,-17207.202976,0.0
2019-01-12,11,0,78,45.36,45.36,0.0,-13008.64545,0.0
2019-01-12,11,0,79,26.25,26.25,0.0,-7528.151302,0.0
2019-01-12,11,0,80,42.45,42.45,0.0,-12174.096106,0.0
2019-01-12,11,0,81,55.5,55.5,0.0,-15916.662753,0.0
2019-01-12,11,0,82,39.15,39.15,0.0,-11227.699942,0.0
2019-01-12,11,0,83,87.3,87.3,0.0,-25036.48033,0.0
2019-01-12,11,0,84,0.0,0.0,0.0,0.0,0.0
2019-01-12,11,0,86,10.17,10.17,0.0,94.132087,0.0
2019-01-12,11,0,87,51.91,51.91,0.0,480.471647,0.0
2019-01-12,11,0,88,51.18,51.18,0.0,-14677.744139,0.0
2019-01-12,11,0,89,49.2,49.2,0.0,-14109.90644,0.0
2019-01-12,11,0,90,66.06,66.06,0.0,-18945.130477,0.0
2019-01-12,11,0,91,235.65,235.65,0.0,-67581.289689,0.0
2019-01-12,11,0,92,84.75,84.75,0.0,-24305.174204,0.0
2019-01-12,11,0,95,96.29,96.29,0.0,1872.434137,0.0
2019-01-12,11,0,96,31.88,31.88,0.0,-351.606902,0.0
2019-01-12,11,0,97,234.28,234.28,0.0,-2583.891628,0.0
2019-01-12,11,0,99,4.57,4.57,0.0,10.982892,0.0
2019-01-12,11,0,101,7.28,7.28,0.0,-79.50072,0.0
2019-01-12,11,0,102,80.49,80.49,0.0,-32892.289047,0.0
2019-01-12,11,0,103,69.99,69.99,0.0,-28601.457453,0.0
2019-01-12,11,0,104,12.99,12.99,0.0,-5308.371658,0.0
2019-01-12,11,0,106,151.11,151.11,0.0,-1634.476894,0.0
2019-01-12,11,0,109,83.48,83.48,0.0,-155.138267,0.0
2019-01-12,11,0,110,338.6,338.6,0.0,-338600.0,0.0
2019-01-12,11,0,111,11.91,11.91,0.0,-63.84641,0.0
2019-01-12,11,0,113,84.2,84.2,0.0,-21837.326985,0.0
2019-01-12,11,0,115,84.2,84.2,0.0,-21837.326985,0.0
2019-01-12,11,0,116,43.2,43.2,0.0,-43200.0,0.0
2019-01-12,11,0,117,5.66,5.66,0.0,-1467.924831,0.0
2019-01-12,11,0,119,60.0,60.0,0.0,6927.32899,0.0
2019-01-12,11,0,120,35.28,35.28,0.0,4073.269446,0.0
2019-01-12,11,0,123,2.52,2.52,0.0,-27.257506,0.0
2019-01-12,11,0,125,97.74,97.74,0.0,-1057.20185,0.0
2019-01-12,11,0,126,113.33,113.33,0.0,-1225.830629,0.0
2019-01-12,11,0,127,145.44,145.44,0.0,-1573.147505,0.0
2019-01-12,11,0,128,139.96,139.96,0.0,-1513.873245,0.0
2019-01-12,11,0,131,30.0,30.0,0.0,-11093.205393,0.0
2019-01-12,11,0,132,44.1,44.1,0.0,-16307.011927,0.0
2019-01-12,11,0,133,5.73,5.73,0.0,35.041267,0.0
2019-01-12,11,0,134,0.0,0.0,0.0,0.0,0.0
2019-01-12,11,0,135,7.67,7.67,0.0,46.905152,0.0
2019-01-12,11,0,136,2.82,2.82,0.0,16.8341,0.0
2019-01-12,11,0,139,44.94,44.94,0.0,-240.911642,0.0
2019-01-12,11,0,140,250.6,250.6,0.0,-250600.0,0.0
2019-01-12,11,0,141,230.0,230.0,0.0,-127470.616592,0.0
2019-01-12,11,0,142,238.38,238.38,0.0,-132114.980797,0.0
2019-01-12,11,0,143,39.29,39.29,0.0,-429.063639,0.0
2019-01-12,11,0,145,100.0,100.0,0.0,-755.597461,0.0
2019-01-12,11,0,146,268.0,268.0,0.0,-268000.0,0.0
2019-01-12,11,0,152,5.2,5.2,0.0,13.007401,0.0
2019-01-12,11,0,153,6.56,6.56,0.0,15.342096,0.0
2019-01-12,11,0,154,49.13,49.13,0.0,-263.373141,0.0
2019-01-12,11,0,157,113.81,113.81,0.0,-63075.78641,0.0
2019-01-12,11,0,158,126.99,126.99,0.0,-70380.406961,0.0
2019-01-12,11,0,159,0.0,0.0,0.0,0.0,0.0
2019-01-12,11,0,160,1.79,1.79,0.0,7.271056,0.0
2019-01-12,11,0,161,34.8,34.8,0.0,-14221.041854,0.0
2019-01-12,11,0,162,162.5,162.5,0.0,3288.372149,0.0
2019-01-12,11,0,163,160.49,160.49,0.0,-160490.0,0.0
2019-01-12,11,0,164,13.87,13.87,0.0,-151.466344,0.0
2019-01-12,11,0,167,3.26,3.26,0.0,52.82511,0.0
2019-01-12,11,0,168,1.63,1.63,0.0,26.412555,0.0
2019-01-12,11,0,169,0.0,0.0,0.0,0.0,0.0
2019-01-12,11,0,170,3.57,3.57,0.0,57.848357,0.0
2019-01-12,11,0,172,4.77,4.77,0.0,79.690685,0.0
2019-01-12,11,0,173,7.27,7.27,0.0,121.457292,0.0
2019-01-12,11,0,188,5.56,5.56,0.0,146.497222,0.0
2019-01-12,11,0,190,2.92,2.92,0.0,94.688467,0.0
2019-01-12,11,0,191,7.54,7.54,0.0,244.503781,0.0
2019-01-12,11,0,192,332.6,332.6,0.0,10785.405497,0.0
2019-01-12,11,0,194,52.95,52.95,0.0,-6639.759589,0.0
2019-01-12,11,0,196,2.35,2.35,0.0,632.635502,0.0
2019-01-12,11,0,198,8.03,8.03,0.0,61.986971,0.0
2019-01-12,11,0,199,56.82,56.82,0.0,-2184.735582,0.0
2019-01-12,11,0,200,12.61,12.61,0.0,-484.855961,0.0
2019-01-12,11,0,204,257.1,257.1,0.0,-587.938715,0.0
2019-01-12,11,0,205,545.8,545.8,0.0,-1014.308408,0.0
2019-01-12,11,0,206,895.48,895.48,0.0,-9876.315839,0.0
2019-01-12,11,0,210,1.73,1.73,0.0,9.490736,0.0
2019-01-12,11,0,214,10.17,10.17,0.0,113.102953,0.0
2019-01-12,11,0,217,7.06,7.06,0.0,62.971321,0.0
2019-01-12,11,0,218,9.75,9.75,0.0,86.964643,0.0
2019-01-12,11,0,219,6.64,6.64,0.0,59.225152,0.0
2019-01-12,11,0,221,5.43,5.43,0.0,60.388302,0.0
2019-01-12,11,0,225,5.49,5.49,0.0,27.511333,0.0
2019-01-12,11,0,233,5.75,5.75,0.0,53.22119,0.0
2019-01-12,11,0,236,12.85,12.85,0.0,56.11216,0.0
2019-01-12,11,0,237,47.45,47.45,0.0,114.034626,0.0
2019-01-12,11,0,238,56.27,56.27,0.0,304.989708,0.0
2019-01-12,11,0,240,8.37,8.37,0.0,9.319864,0.0
2019-01-12,11,0,245,9.16,9.16,0.0,60.183312,0.0
2019-01-12,11,0,247,14.27,14.27,0.0,93.75719,0.0
2019-01-12,11,0,248,5.65,5.65,0.0,13.578412,0.0
2019-01-12,11,0,249,17.61,17.61,0.0,115.70176,0.0
2019-01-12,11,0,251,20.19,20.19,0.0,116.457894,0.0
2019-01-12,11,0,252,13.08,13.08,0.0,78.172721,0.0
2019-01-12,11,0,254,12.44,12.44,0.0,29.022379,0.0
2019-01-12,11,0,255,5.7,5.7,0.0,13.298035,0.0
2019-01-12,11,0,258,10.43,10.43,0.0,12.692203,0.0
2019-01-12,11,0,260,4.36,4.36,0.0,17.710505,0.0
2019-01-12,11,0,265,50.86,50.86,0.0,-272.647221,0.0
2019-01-12,11,0,266,29.1,29.1,0.0,-155.997525,0.0
2019-01-12,11,0,267,35.76,35.76,0.0,-191.700051,0.0
2019-01-12,11,0,270,542.91,542.91,0.0,-542910.0,0.0
2019-01-12,11,0,272,281.17,281.17,0.0,-72921.629791,0.0
2019-01-12,11,0,273,10.33,10.33,0.0,-10330.0,0.0
2019-01-12,11,0,274,708.99,708.99,0.0,-708990.0,0.0
2019-01-12,11,0,275,1000.33,1000.33,0.0,-1000330.0,0.0
2019-01-12,11,0,276,2.62,2.62,0.0,-2359.222889,0.0
2019-01-12,11,0,277,4.15,4.15,0.0,-1121.953445,0.0
2019-01-12,11,0,278,6.64,6.64,0.0,-1795.125512,0.0
2019-01-12,11,0,279,264.6,264.6,0.0,-71534.670267,0.0
2019-01-12,11,0,281,17.9,17.9,0.0,-195.475671,0.0
2019-01-12,11,0,282,198.32,198.32,0.0,-2165.739394,0.0
2019-01-12,12,0,9,2.71,2.71,0.0,-35.553224,0.0
2019-01-12,12,0,17,48.81,48.81,0.0,286.244113,0.0
2019-01-12,12,0,19,62.04,62.04,0.0,363.83087,0.0
2019-01-12,12,0,20,75.24,75.24,0.0,441.241694,0.0
2019-01-12,12,0,21,61.9,61.9,0.0,-812.082855,0.0
2019-01-12,12,0,22,220.0,220.0,0.0,-2886.239548,0.0
2019-01-12,12,0,23,46.17,46.17,0.0,-605.716727,0.0
2019-01-12,12,0,24,77.3,77.3,0.0,-1014.119623,0.0
2019-01-12,12,0,29,7.66,7.66,0.0,27.091829,0.0
2019-01-12,12,0,30,522.42,522.42,0.0,-6914.517617,0.0
2019-01-12,12,0,31,54.39,54.39,0.0,-719.88173,0.0
2019-01-12,12,0,32,3.67,3.67,0.0,170.207643,0.0
2019-01-12,12,0,33,2.63,2.63,0.0,24.774467,0.0
2019-01-12,12,0,34,4.21,4.21,0.0,39.657987,0.0
2019-01-12,12,0,35,4.21,4.21,0.0,39.657987,0.0
2019-01-12,12,0,36,10.12,10.12,0.0,2.180748,0.0
2019-01-12,12,0,37,4.78,4.78,0.0,0.571081,0.0
2019-01-12,12,0,38,6.15,6.15,0.0,0.734758,0.0
2019-01-12,12,0,39,4.1,4.1,0.0,0.489839,0.0
2019-01-12,12,0,40,4.1,4.1,0.0,0.489839,0.0
2019-01-12,12,0,41,34.8,34.8,0.0,-244.026232,0.0
2019-01-12,12,0,42,60.68,60.68,0.0,309.088755,0.0
2019-01-12,12,0,43,30.93,30.93,0.0,28.285851,0.0
2019-01-12,12,0,46,27.22,27.22,0.0,-31.28988,0.0
2019-01-12,12,0,52,57.65,57.65,0.0,-763.029633,0.0
2019-01-12,12,0,53,91.59,91.59,0.0,-1212.244303,0.0
2019-01-12,12,0,55,366.13,366.13,0.0,-4803.358571,0.0
2019-01-12,12,0,56,154.09,154.09,0.0,-2039.466367,0.0
2019-01-12,12,0,57,146.58,146.58,0.0,-1940.067364,0.0
2019-01-12,12,0,58,281.88,281.88,0.0,-3730.83769,0.0
2019-01-12,12,0,59,277.18,277.18,0.0,-3668.630591,0.0
2019-01-12,12,0,63,51.0,51.0,0.0,5868.934258,0.0
2019-01-12,12,0,64,60.0,60.0,0.0,6904.628539,0.0
2019-01-12,12,0,65,7.41,7.41,0.0,42.394747,0.0
2019-01-12,12,0,67,258.12,258.12,0.0,-143078.3321,0.0
2019-01-12,12,0,68,34.0,34.0,0.0,-13898.148492,0.0
2019-01-12,12,0,69,2.63,2.63,0.0,24.774467,0.0
2019-01-12,12,0,74,71.91,71.91,0.0,121.83309,0.0
2019-01-12,12,0,77,60.0,60.0,0.0,-17211.003549,0.0
2019-01-12,12,0,78,45.36,45.36,0.0,-13011.518683,0.0
2019-01-12,12,0,79,26.25,26.25,0.0,-7529.814053,0.0
2019-01-12,12,0,80,42.45,42.45,0.0,-12176.785011,0.0
2019-01-12,12,0,81,55.5,55.5,0.0,-15920.178283,0.0
2019-01-12,12,0,82,39.15,39.15,0.0,-11230.179816,0.0
2019-01-12,12,0,83,87.3,87.3,0.0,-25042.010164,0.0
2019-01-12,12,0,84,0.0,0.0,0.0,0.0,0.0
2019-01-12,12,0,86,13.32,13.32,0.0,125.473726,0.0
2019-01-12,12,0,87,67.99,67.99,0.0,640.462357,0.0
2019-01-12,12,0,88,51.18,51.18,0.0,-14680.986027,0.0
2019-01-12,12,0,89,49.2,49.2,0.0,-14113.02291,0.0
2019-01-12,12,0,90,66.06,66.06,0.0,-18949.314908,0.0
2019-01-12,12,0,91,235.65,235.65,0.0,-67596.216439,0.0
2019-01-12,12,0,92,84.75,84.75,0.0,-24310.542513,0.0
2019-01-12,12,0,95,120.0,120.0,0.0,2333.493576,0.0
2019-01-12,12,0,96,29.88,29.88,0.0,-399.109537,0.0
2019-01-12,12,0,97,183.76,183.76,0.0,-2454.496938,0.0
2019-01-12,12,0,99,13.88,13.88,0.0,23.516108,0.0
2019-01-12,12,0,101,10.52,10.52,0.0,-139.238018,0.0
2019-01-12,12,0,102,80.5,80.5,0.0,-32905.910401,0.0
2019-01-12,12,0,103,70.0,70.0,0.0,-28613.835131,0.0
2019-01-12,12,0,104,13.0,13.0,0.0,-5313.997953,0.0
2019-01-12,12,0,106,216.57,216.57,0.0,-2841.240449,0.0
2019-01-12,12,0,109,60.0,60.0,0.0,-186.162859,0.0
2019-01-12,12,0,110,338.6,338.6,0.0,-338600.0,0.0
2019-01-12,12,0,111,16.26,16.26,0.0,-114.019153,0.0
2019-01-12,12,0,113,45.0,45.0,0.0,-11685.629118,0.0
2019-01-12,12,0,115,45.0,45.0,0.0,-11685.629118,0.0
2019-01-12,12,0,116,60.76,60.76,0.0,-60760.0,0.0
2019-01-12,12,0,117,3.0,3.0,0.0,-779.041941,0.0
2019-01-12,12,0,119,60.0,60.0,0.0,6904.628539,0.0
2019-01-12,12,0,120,35.28,35.28,0.0,4059.921581,0.0
2019-01-12,12,0,123,3.61,3.61,0.0,-47.360567,0.0
2019-01-12,12,0,125,70.73,70.73,0.0,-927.926015,0.0
2019-01-12,12,0,126,162.43,162.43,0.0,-2130.963135,0.0
2019-01-12,12,0,127,208.45,208.45,0.0,-2734.711971,0.0
2019-01-12,12,0,128,96.96,96.96,0.0,-1272.044484,0.0
2019-01-12,12,0,131,30.0,30.0,0.0,-11096.992361,0.0
2019-01-12,12,0,132,44.1,44.1,0.0,-16312.57877,0.0
2019-01-12,12,0,133,13.17,13.17,0.0,77.412535,0.0
2019-01-12,12,0,134,0.0,0.0,0.0,0.0,0.0
2019-01-12,12,0,135,17.64,17.64,0.0,103.686948,0.0
2019-01-12,12,0,136,8.07,8.07,0.0,46.10737,0.0
2019-01-12,12,0,139,44.94,44.94,0.0,-315.130428,0.0
2019-01-12,12,0,140,250.6,250.6,0.0,-250600.0,0.0
2019-01-12,12,0,141,230.0,230.0,0.0,-127491.152886,0.0
2019-01-12,12,0,142,340.4,340.4,0.0,-188686.906272,0.0
2019-01-12,12,0,143,62.54,62.54,0.0,-827.751487,0.0
2019-01-12,12,0,145,56.25,56.25,0.0,-532.882151,0.0
2019-01-12,12,0,146,268.0,268.0,0.0,-268000.0,0.0
2019-01-12,12,0,152,7.29,7.29,0.0,13.121767,0.0
2019-01-12,12,0,153,9.2,9.2,0.0,14.870446,0.0
2019-01-12,12,0,154,67.08,67.08,0.0,-470.3816,0.0
2019-01-12,12,0,157,140.65,140.65,0.0,-77963.611537,0.0
2019-01-12,12,0,158,181.18,181.18,0.0,-100429.769913,0.0
2019-01-12,12,0,159,0.0,0.0,0.0,0.0,0.0
2019-01-12,12,0,160,2.43,2.43,0.0,8.42181,0.0
2019-01-12,12,0,161,49.43,49.43,0.0,-20205.455293,0.0
2019-01-12,12,0,162,162.5,162.5,0.0,3288.100081,0.0
2019-01-12,12,0,163,185.4,185.4,0.0,-185400.0,0.0
2019-01-12,12,0,164,20.08,20.08,0.0,-265.769905,0.0
2019-01-12,12,0,167,4.39,4.39,0.0,71.201338,0.0
2019-01-12,12,0,168,2.19,2.19,0.0,35.519574,0.0
2019-01-12,12,0,169,0.0,0.0,0.0,0.0,0.0
2019-01-12,12,0,170,4.8,4.8,0.0,77.851121,0.0
2019-01-12,12,0,172,6.36,6.36,0.0,106.062924,0.0
2019-01-12,12,0,173,9.69,9.69,0.0,161.595871,0.0
2019-01-12,12,0,188,7.65,7.65,0.0,199.726236,0.0
2019-01-12,12,0,190,4.06,4.06,0.0,131.655882,0.0
2019-01-12,12,0,191,10.5,10.5,0.0,340.48935,0.0
2019-01-12,12,0,192,332.6,332.6,0.0,10785.405497,0.0
2019-01-12,12,0,194,52.95,52.95,0.0,-6671.552866,0.0
2019-01-12,12,0,196,3.25,3.25,0.0,873.400971,0.0
2019-01-12,12,0,198,10.64,10.64,0.0,79.537121,0.0
2019-01-12,12,0,199,113.69,113.69,0.0,-5022.902622,0.0
2019-01-12,12,0,200,17.22,17.22,0.0,-760.791478,0.0
2019-01-12,12,0,204,257.1,257.1,0.0,-921.435777,0.0
2019-01-12,12,0,205,317.4,317.4,0.0,-984.801522,0.0
2019-01-12,12,0,206,539.95,539.95,0.0,-7212.155103,0.0
2019-01-12,12,0,210,2.22,2.22,0.0,8.767051,0.0
2019-01-12,12,0,214,13.43,13.43,0.0,154.766646,0.0
2019-01-12,12,0,217,9.17,9.17,0.0,78.584912,0.0
2019-01-12,12,0,218,12.65,12.65,0.0,108.407757,0.0
2019-01-12,12,0,219,8.62,8.62,0.0,73.871531,0.0
2019-01-12,12,0,221,7.16,7.16,0.0,82.51148,0.0
2019-01-12,12,0,225,6.96,6.96,0.0,24.338927,0.0
2019-01-12,12,0,233,7.53,7.53,0.0,70.932219,0.0
2019-01-12,12,0,236,53.34,53.34,0.0,208.301981,0.0
2019-01-12,12,0,237,172.51,172.51,0.0,292.274042,0.0
2019-01-12,12,0,238,78.98,78.98,0.0,402.304381,0.0
2019-01-12,12,0,240,11.47,11.47,0.0,2.471658,0.0
2019-01-12,12,0,245,24.07,24.07,0.0,153.829608,0.0
2019-01-12,12,0,247,47.94,47.94,0.0,306.38103,0.0
2019-01-12,12,0,248,17.32,17.32,0.0,29.344307,0.0
2019-01-12,12,0,249,46.29,46.29,0.0,295.836001,0.0
2019-01-12,12,0,251,71.17,71.17,0.0,390.455021,0.0
2019-01-12,12,0,252,47.81,47.81,0.0,273.534798,0.0
2019-01-12,12,0,254,17.05,17.05,0.0,26.507835,0.0
2019-01-12,12,0,255,7.81,7.81,0.0,12.142299,0.0
2019-01-12,12,0,258,14.2,14.2,0.0,4.663093,0.0
2019-01-12,12,0,260,5.9,5.9,0.0,20.448017,0.0
2019-01-12,12,0,265,69.45,69.45,0.0,-487.000628,0.0
2019-01-12,12,0,266,29.1,29.1,0.0,-204.056419,0.0
2019-01-12,12,0,267,35.76,35.76,0.0,-250.757991,0.0
2019-01-12,12,0,270,579.0,579.0,0.0,-579000.0,0.0
2019-01-12,12,0,272,150.39,150.39,0.0,-39053.372513,0.0
2019-01-12,12,0,273,14.53,14.53,0.0,-14530.0,0.0
2019-01-12,12,0,274,746.4,746.4,0.0,-746400.0,0.0
2019-01-12,12,0,275,1039.0,1039.0,0.0,-1039000.0,0.0
2019-01-12,12,0,276,3.67,3.67,0.0,-3304.786144,0.0
2019-01-12,12,0,277,5.79,5.79,0.0,-1566.619423,0.0
2019-01-12,12,0,278,9.26,9.26,0.0,-2505.508784,0.0
2019-01-12,12,0,279,264.6,264.6,0.0,-71593.695928,0.0
2019-01-12,12,0,281,24.41,24.41,0.0,-323.07985,0.0
2019-01-12,12,0,282,286.58,286.58,0.0,-3793.044789,0.0
2019-01-12,13,0,9,3.2,3.2,0.0,-1612.893561,0.0
2019-01-12,13,0,17,54.01,54.01,0.0,-1863.158743,0.0
2019-01-12,13,0,19,99.76,99.76,0.0,-3441.37597,0.0
2019-01-12,13,0,20,120.99,120.99,0.0,-4173.737757,0.0
2019-01-12,13,0,21,73.15,73.15,0.0,-36869.738749,0.0
2019-01-12,13,0,22,259.99,259.99,0.0,-131042.561548,0.0
2019-01-12,13,0,23,90.35,90.35,0.0,-45539.04164,0.0
2019-01-12,13,0,24,157.79,157.79,0.0,-79530.77344,0.0
2019-01-12,13,0,29,8.92,8.92,0.0,29.125701,0.0
2019-01-12,13,0,30,646.62,646.62,0.0,-646620.0,0.0
2019-01-12,13,0,31,80.08,80.08,0.0,-80080.0,0.0
2019-01-12,13,0,32,3.37,3.37,0.0,151.713769,0.0
2019-01-12,13,0,33,3.12,3.12,0.0,-16.076974,0.0
2019-01-12,13,0,34,4.99,4.99,0.0,-25.712853,0.0
2019-01-12,13,0,35,4.99,4.99,0.0,-25.712853,0.0
2019-01-12,13,0,36,12.13,12.13,0.0,-964.141664,0.0
2019-01-12,13,0,37,5.78,5.78,0.0,-462.334862,0.0
2019-01-12,13,0,38,7.43,7.43,0.0,-594.316268,0.0
2019-01-12,13,0,39,4.95,4.95,0.0,-395.944216,0.0
2019-01-12,13,0,40,4.95,4.95,0.0,-395.944216,0.0
2019-01-12,13,0,41,34.8,34.8,0.0,-5155.640304,0.0
2019-01-12,13,0,42,71.89,71.89,0.0,-2937.226372,0.0
2019-01-12,13,0,43,36.62,36.62,0.0,-2650.494538,0.0
2019-01-12,13,0,46,31.91,31.91,0.0,-2884.396184,0.0
2019-01-12,13,0,52,84.89,84.89,0.0,-84890.0,0.0
2019-01-12,13,0,53,134.86,134.86,0.0,-134860.0,0.0
2019-01-12,13,0,55,623.0,623.0,0.0,-314010.215179,0.0
2019-01-12,13,0,56,190.73,190.73,0.0,-190730.0,0.0
2019-01-12,13,0,57,181.43,181.43,0.0,-181430.0,0.0
2019-01-12,13,0,58,348.9,348.9,0.0,-348900.0,0.0
2019-01-12,13,0,59,343.08,343.08,0.0,-343080.0,0.0
2019-01-12,13,0,63,51.0,51.0,0.0,6085.339222,0.0
2019-01-12,13,0,64,60.0,60.0,0.0,7159.222614,0.0
2019-01-12,13,0,65,18.99,18.99,0.0,-677.527575,0.0
2019-01-12,13,0,67,318.06,318.06,0.0,-170331.17002,0.0
2019-01-12,13,0,68,34.0,34.0,0.0,-13051.219273,0.0
2019-01-12,13,0,69,3.12,3.12,0.0,-16.076974,0.0
2019-01-12,13,0,74,159.19,159.19,0.0,-11038.497614,0.0
2019-01-12,13,0,77,60.0,60.0,0.0,-15065.474234,0.0
2019-01-12,13,0,78,45.36,45.36,0.0,-11389.498521,0.0
2019-01-12,13,0,79,26.25,26.25,0.0,-6591.144977,0.0
2019-01-12,13,0,80,42.45,42.45,0.0,-10658.823021,0.0
2019-01-12,13,0,81,55.5,55.5,0.0,-13935.563667,0.0
2019-01-12,13,0,82,39.15,39.15,0.0,-9830.221938,0.0
2019-01-12,13,0,83,87.3,87.3,0.0,-21920.265011,0.0
2019-01-12,13,0,84,0.0,0.0,0.0,-0.0,0.0
2019-01-12,13,0,86,15.81,15.81,0.0,-81.466974,0.0
2019-01-12,13,0,87,80.7,80.7,0.0,-415.837117,0.0
2019-01-12,13,0,88,51.18,51.18,0.0,-12850.849522,0.0
2019-01-12,13,0,89,49.2,49.2,0.0,-12353.688872,0.0
2019-01-12,13,0,90,66.06,66.06,0.0,-16587.087132,0.0
2019-01-12,13,0,91,235.65,235.65,0.0,-59169.650055,0.0
2019-01-12,13,0,92,84.75,84.75,0.0,-21279.982356,0.0
2019-01-12,13,0,95,120.0,120.0,0.0,2691.568394,0.0
2019-01-12,13,0,96,29.88,29.88,0.0,-4673.175778,0.0
2019-01-12,13,0,97,183.75,183.75,0.0,-28738.154259,0.0
2019-01-12,13,0,99,30.73,30.73,0.0,-2130.868972,0.0
2019-01-12,13,0,101,13.03,13.03,0.0,-13030.0,0.0
2019-01-12,13,0,102,80.5,80.5,0.0,-30900.680926,0.0
2019-01-12,13,0,103,70.0,70.0,0.0,-26870.157327,0.0
2019-01-12,13,0,104,13.0,13.0,0.0,-4990.172075,0.0
2019-01-12,13,0,106,255.93,255.93,0.0,-128996.202842,0.0
2019-01-12,13,0,109,60.0,60.0,0.0,-6464.911841,0.0
2019-01-12,13,0,110,338.6,338.6,0.0,-338600.0,0.0
2019-01-12,13,0,111,19.98,19.98,0.0,-2960.048657,0.0
2019-01-12,13,0,113,45.0,45.0,0.0,-10869.212009,0.0
2019-01-12,13,0,115,45.0,45.0,0.0,-10869.212009,0.0
2019-01-12,13,0,116,77.75,77.75,0.0,-77750.0,0.0
2019-01-12,13,0,117,3.0,3.0,0.0,-724.614134,0.0
2019-01-12,13,0,119,60.0,60.0,0.0,7159.222614,0.0
2019-01-12,13,0,120,35.28,35.28,0.0,4209.622897,0.0
2019-01-12,13,0,123,4.27,4.27,0.0,-2152.204846,0.0
2019-01-12,13,0,125,143.27,143.27,0.0,-72212.268906,0.0
2019-01-12,13,0,126,191.95,191.95,0.0,-96748.412205,0.0
2019-01-12,13,0,127,246.34,246.34,0.0,-124162.562451,0.0
2019-01-12,13,0,128,202.25,202.25,0.0,-101939.913355,0.0
2019-01-12,13,0,131,30.0,30.0,0.0,-10300.572713,0.0
2019-01-12,13,0,132,44.1,44.1,0.0,-15141.841888,0.0
2019-01-12,13,0,133,27.63,27.63,0.0,-950.063885,0.0
2019-01-12,13,0,134,0.0,0.0,0.0,-0.0,0.0
2019-01-12,13,0,135,37.03,37.03,0.0,-1273.285041,0.0
2019-01-12,13,0,136,18.13,18.13,0.0,-648.020408,0.0
2019-01-12,13,0,139,44.94,44.94,0.0,-6657.88722,0.0
2019-01-12,13,0,140,250.6,250.6,0.0,-250600.0,0.0
2019-01-12,13,0,141,230.0,230.0,0.0,-123172.26028,0.0
2019-01-12,13,0,142,419.44,419.44,0.0,-224623.360225,0.0
2019-01-12,13,0,143,100.38,100.38,0.0,-100380.0,0.0
2019-01-12,13,0,145,100.0,100.0,0.0,-16134.79629,0.0
2019-01-12,13,0,146,268.0,268.0,0.0,-268000.0,0.0
2019-01-12,13,0,152,9.05,9.05,0.0,-613.391774,0.0
2019-01-12,13,0,153,11.32,11.32,0.0,-784.207798,0.0
2019-01-12,13,0,154,82.43,82.43,0.0,-12212.052593,0.0
2019-01-12,13,0,157,171.7,171.7,0.0,-91950.769957,0.0
2019-01-12,13,0,158,249.51,249.51,0.0,-133620.481141,0.0
2019-01-12,13,0,159,0.0,0.0,0.0,-0.0,0.0
2019-01-12,13,0,160,2.84,2.84,0.0,-138.472148,0.0
2019-01-12,13,0,161,62.19,62.19,0.0,-23872.215488,0.0
2019-01-12,13,0,162,162.5,162.5,0.0,3785.191458,0.0
2019-01-12,13,0,163,104.55,104.55,0.0,-104550.0,0.0
2019-01-12,13,0,164,24.72,24.72,0.0,-24720.0,0.0
2019-01-12,13,0,167,3.78,3.78,0.0,72.797845,0.0
2019-01-12,13,0,168,1.89,1.89,0.0,36.398922,0.0
2019-01-12,13,0,169,0.0,0.0,0.0,0.0,0.0
2019-01-12,13,0,170,4.13,4.13,0.0,79.538386,0.0
2019-01-12,13,0,172,5.53,5.53,0.0,55.331436,0.0
2019-01-12,13,0,173,8.43,8.43,0.0,84.347921,0.0
2019-01-12,13,0,188,7.11,7.11,0.0,173.203098,0.0
2019-01-12,13,0,190,5.19,5.19,0.0,168.299021,0.0
2019-01-12,13,0,191,13.39,13.39,0.0,434.20499,0.0
2019-01-12,13,0,192,332.6,332.6,0.0,10785.405497,0.0
2019-01-12,13,0,194,52.95,52.95,0.0,-6339.513185,0.0
2019-01-12,13,0,196,4.0,4.0,0.0,1112.684095,0.0
2019-01-12,13,0,198,12.23,12.23,0.0,-120.969815,0.0
2019-01-12,13,0,199,73.53,73.53,0.0,-10269.376146,0.0
2019-01-12,13,0,200,16.23,16.23,0.0,-2266.720724,0.0
2019-01-12,13,0,204,257.1,257.1,0.0,-28702.012711,0.0
2019-01-12,13,0,205,317.4,317.4,0.0,-34199.383641,0.0
2019-01-12,13,0,206,539.94,539.94,0.0,-84445.600057,0.0
2019-01-12,13,0,210,2.65,2.65,0.0,15.269365,0.0
2019-01-12,13,0,214,16.02,16.02,0.0,195.38132,0.0
2019-01-12,13,0,217,10.72,10.72,0.0,128.874981,0.0
2019-01-12,13,0,218,14.8,14.8,0.0,177.924414,0.0
2019-01-12,13,0,219,10.08,10.08,0.0,121.180952,0.0
2019-01-12,13,0,221,8.55,8.55,0.0,104.276547,0.0
2019-01-12,13,0,225,8.07,8.07,0.0,24.404394,0.0
2019-01-12,13,0,233,8.94,8.94,0.0,-46.066714,0.0
2019-01-12,13,0,236,304.9,304.9,0.0,-15428.135002,0.0
2019-01-12,13,0,237,381.88,381.88,0.0,-26480.190142,0.0
2019-01-12,13,0,238,93.57,93.57,0.0,-3823.011151,0.0
2019-01-12,13,0,240,13.75,13.75,0.0,-1092.905844,0.0
2019-01-12,13,0,245,54.42,54.42,0.0,-1640.848024,0.0
2019-01-12,13,0,247,120.28,120.28,0.0,-3626.629922,0.0
2019-01-12,13,0,248,38.33,38.33,0.0,-2657.865529,0.0
2019-01-12,13,0,249,104.64,104.64,0.0,-3155.059487,0.0
2019-01-12,13,0,251,179.8,179.8,0.0,-6763.728974,0.0
2019-01-12,13,0,252,122.51,122.51,0.0,-4370.926973,0.0
2019-01-12,13,0,254,20.41,20.41,0.0,-1356.267031,0.0
2019-01-12,13,0,255,9.35,9.35,0.0,-621.317822,0.0
2019-01-12,13,0,258,16.94,16.94,0.0,-1327.019093,0.0
2019-01-12,13,0,260,6.9,6.9,0.0,-336.42881,0.0
2019-01-12,13,0,265,85.34,85.34,0.0,-12643.17079,0.0
2019-01-12,13,0,266,29.1,29.1,0.0,-4311.181978,0.0
2019-01-12,13,0,267,35.76,35.76,0.0,-5297.864864,0.0
2019-01-12,13,0,270,325.32,325.32,0.0,-325320.0,0.0
2019-01-12,13,0,272,150.39,150.39,0.0,-36324.906533,0.0
2019-01-12,13,0,273,18.59,18.59,0.0,-18590.0,0.0
2019-01-12,13,0,274,419.18,419.18,0.0,-419180.0,0.0
2019-01-12,13,0,275,583.24,583.24,0.0,-583240.0,0.0
2019-01-12,13,0,276,4.48,4.48,0.0,-4015.397133,0.0
2019-01-12,13,0,277,6.28,6.28,0.0,-1540.911503,0.0
2019-01-12,13,0,278,10.05,10.05,0.0,-2465.949141,0.0
2019-01-12,13,0,279,378.16,378.16,0.0,-92788.390758,0.0
2019-01-12,13,0,281,35.94,35.94,0.0,-35940.0,0.0
2019-01-12,13,0,282,354.71,354.71,0.0,-354710.0,0.0
2019-01-12,14,0,9,3.36,3.36,0.0,-1658.663083,0.0
2019-01-12,14,0,17,54.57,54.57,0.0,609.295984,0.0
2019-01-12,14,0,19,77.78,77.78,0.0,868.444963,0.0
2019-01-12,14,0,20,94.34,94.34,0.0,1053.344019,0.0
2019-01-12,14,0,21,76.78,76.78,0.0,-37902.426044,0.0
2019-01-12,14,0,22,272.88,272.88,0.0,-134707.137523,0.0
2019-01-12,14,0,23,42.61,42.61,0.0,-21034.41487,0.0
2019-01-12,14,0,24,73.27,73.27,0.0,-36169.715502,0.0
2019-01-12,14,0,29,9.08,9.08,0.0,23.342826,0.0
2019-01-12,14,0,30,681.53,681.53,0.0,-681530.0,0.0
2019-01-12,14,0,31,56.75,56.75,0.0,-56750.0,0.0
2019-01-12,14,0,32,3.45,3.45,0.0,157.585136,0.0
2019-01-12,14,0,33,3.27,3.27,0.0,159.014555,0.0
2019-01-12,14,0,34,5.23,5.23,0.0,254.326031,0.0
2019-01-12,14,0,35,5.23,5.23,0.0,254.326031,0.0
2019-01-12,14,0,36,12.71,12.71,0.0,-632.334356,0.0
2019-01-12,14,0,37,5.99,5.99,0.0,-305.270137,0.0
2019-01-12,14,0,38,7.71,7.71,0.0,-392.927004,0.0
2019-01-12,14,0,39,5.14,5.14,0.0,-261.951336,0.0
2019-01-12,14,0,40,5.14,5.14,0.0,-261.951336,0.0
2019-01-12,14,0,41,34.8,34.8,0.0,-4324.174155,0.0
2019-01-12,14,0,42,75.27,75.27,0.0,229.178938,0.0
2019-01-12,14,0,43,38.43,38.43,0.0,-1706.197494,0.0
2019-01-12,14,0,46,32.94,32.94,0.0,-2082.088372,0.0
2019-01-12,14,0,52,60.15,60.15,0.0,-60150.0,0.0
2019-01-12,14,0,53,95.56,95.56,0.0,-95560.0,0.0
2019-01-12,14,0,55,483.79,483.79,0.0,-238822.80146,0.0
2019-01-12,14,0,56,201.03,201.03,0.0,-201030.0,0.0
2019-01-12,14,0,57,191.22,191.22,0.0,-191220.0,0.0
2019-01-12,14,0,58,367.73,367.73,0.0,-367730.0,0.0
2019-01-12,14,0,59,361.6,361.6,0.0,-361600.0,0.0
2019-01-12,14,0,63,51.0,51.0,0.0,6153.483337,0.0
2019-01-12,14,0,64,60.0,60.0,0.0,7239.392161,0.0
2019-01-12,14,0,65,15.83,15.83,0.0,152.868647,0.0
2019-01-12,14,0,67,331.63,331.63,0.0,-176571.380151,0.0
2019-01-12,14,0,68,19.16,19.16,0.0,-7276.038443,0.0
2019-01-12,14,0,69,3.27,3.27,0.0,159.014555,0.0
2019-01-12,14,0,74,153.98,153.98,0.0,-5044.361899,0.0
2019-01-12,14,0,77,60.0,60.0,0.0,-14720.670218,0.0
2019-01-12,14,0,78,45.36,45.36,0.0,-11128.826685,0.0
2019-01-12,14,0,79,26.25,26.25,0.0,-6440.293221,0.0
2019-01-12,14,0,80,42.45,42.45,0.0,-10414.874179,0.0
2019-01-12,14,0,81,55.5,55.5,0.0,-13616.619952,0.0
2019-01-12,14,0,82,39.15,39.15,0.0,-9605.237317,0.0
2019-01-12,14,0,83,87.3,87.3,0.0,-21418.575168,0.0
2019-01-12,14,0,84,0.0,0.0,0.0,-0.0,0.0
2019-01-12,14,0,86,16.56,16.56,0.0,805.284719,0.0
2019-01-12,14,0,87,84.55,84.55,0.0,4111.523128,0.0
2019-01-12,14,0,88,51.18,51.18,0.0,-12556.731696,0.0
2019-01-12,14,0,89,49.2,49.2,0.0,-12070.949579,0.0
2019-01-12,14,0,90,66.06,66.06,0.0,-16207.45791,0.0
2019-01-12,14,0,91,235.65,235.65,0.0,-57815.432282,0.0
2019-01-12,14,0,92,84.75,84.75,0.0,-20792.946683,0.0
2019-01-12,14,0,95,120.0,120.0,0.0,2691.568394,0.0
2019-01-12,14,0,96,31.39,31.39,0.0,-4364.14948,0.0
2019-01-12,14,0,97,210.51,210.51,0.0,-29267.190413,0.0
2019-01-12,14,0,99,29.72,29.72,0.0,-973.62278,0.0
2019-01-12,14,0,101,13.73,13.73,0.0,-13730.0,0.0
2019-01-12,14,0,102,45.25,45.25,0.0,-17183.754674,0.0
2019-01-12,14,0,103,39.36,39.36,0.0,-14947.018431,0.0
2019-01-12,14,0,104,7.37,7.37,0.0,-2798.768441,0.0
2019-01-12,14,0,106,268.63,268.63,0.0,-132609.126183,0.0
2019-01-12,14,0,109,60.0,60.0,0.0,-4841.682781,0.0
2019-01-12,14,0,110,338.6,338.6,0.0,-338600.0,0.0
2019-01-12,14,0,111,21.62,21.62,0.0,-2686.455323,0.0
2019-01-12,14,0,113,45.0,45.0,0.0,-10719.123136,0.0
2019-01-12,14,0,115,45.0,45.0,0.0,-10719.123136,0.0
2019-01-12,14,0,116,79.62,79.62,0.0,-79620.0,0.0
2019-01-12,14,0,117,3.0,3.0,0.0,-714.608209,0.0
2019-01-12,14,0,119,60.0,60.0,0.0,7239.392161,0.0
2019-01-12,14,0,120,35.28,35.28,0.0,4256.762591,0.0
2019-01-12,14,0,123,4.48,4.48,0.0,-2211.550777,0.0
2019-01-12,14,0,125,66.79,66.79,0.0,-32970.865271,0.0
2019-01-12,14,0,126,201.47,201.47,0.0,-99455.610513,0.0
2019-01-12,14,0,127,258.56,258.56,0.0,-127638.073431,0.0
2019-01-12,14,0,128,92.7,92.7,0.0,-45761.329699,0.0
2019-01-12,14,0,131,30.0,30.0,0.0,-10169.233548,0.0
2019-01-12,14,0,132,44.1,44.1,0.0,-14948.773316,0.0
2019-01-12,14,0,133,21.64,21.64,0.0,244.694868,0.0
2019-01-12,14,0,134,0.0,0.0,0.0,0.0,0.0
2019-01-12,14,0,135,29.0,29.0,0.0,327.918262,0.0
2019-01-12,14,0,136,16.87,16.87,0.0,161.514746,0.0
2019-01-12,14,0,139,44.94,44.94,0.0,-5584.149038,0.0
2019-01-12,14,0,140,250.6,250.6,0.0,-250600.0,0.0
2019-01-12,14,0,141,230.0,230.0,0.0,-122460.023022,0.0
2019-01-12,14,0,142,437.34,437.34,0.0,-232855.071601,0.0
2019-01-12,14,0,143,68.99,68.99,0.0,-68990.0,0.0
2019-01-12,14,0,145,56.12,56.12,0.0,-7900.546087,0.0
2019-01-12,14,0,146,268.0,268.0,0.0,-268000.0,0.0
2019-01-12,14,0,152,9.72,9.72,0.0,-307.828809,0.0
2019-01-12,14,0,153,12.03,12.03,0.0,-404.267016,0.0
2019-01-12,14,0,154,89.19,89.19,0.0,-11082.560141,0.0
2019-01-12,14,0,157,149.66,149.66,0.0,-79684.204545,0.0
2019-01-12,14,0,158,267.75,267.75,0.0,-142559.439844,0.0
2019-01-12,14,0,159,0.0,0.0,0.0,-0.0,0.0
2019-01-12,14,0,160,2.96,2.96,0.0,-66.652156,0.0
2019-01-12,14,0,161,63.97,63.97,0.0,-24292.702465,0.0
2019-01-12,14,0,162,162.5,162.5,0.0,3787.416613,0.0
2019-01-12,14,0,163,130.61,130.61,0.0,-130610.0,0.0
2019-01-12,14,0,164,26.7,26.7,0.0,-26700.0,0.0
2019-01-12,14,0,167,3.79,3.79,0.0,72.834952,0.0
2019-01-12,14,0,168,1.9,1.9,0.0,36.513564,0.0
2019-01-12,14,0,169,0.0,0.0,0.0,0.0,0.0
2019-01-12,14,0,170,4.15,4.15,0.0,79.753311,0.0
2019-01-12,14,0,172,5.63,5.63,0.0,57.40747,0.0
2019-01-12,14,0,173,8.58,8.58,0.0,87.48776,0.0
2019-01-12,14,0,188,7.16,7.16,0.0,176.16595,0.0
2019-01-12,14,0,190,5.27,5.27,0.0,170.893226,0.0
2019-01-12,14,0,191,13.6,13.6,0.0,441.014777,0.0
2019-01-12,14,0,192,332.6,332.6,0.0,10785.405497,0.0
2019-01-12,14,0,194,52.95,52.95,0.0,-6242.183892,0.0
2019-01-12,14,0,196,4.05,4.05,0.0,1135.841495,0.0
2019-01-12,14,0,198,12.62,12.62,0.0,110.515138,0.0
2019-01-12,14,0,199,130.0,130.0,0.0,-19270.621158,0.0
2019-01-12,14,0,200,16.69,16.69,0.0,-2474.051286,0.0
2019-01-12,14,0,204,257.1,257.1,0.0,-21955.131569,0.0
2019-01-12,14,0,205,317.4,317.4,0.0,-25612.501914,0.0
2019-01-12,14,0,206,745.19,745.19,0.0,-103603.713002,0.0
2019-01-12,14,0,210,2.68,2.68,0.0,-7.431899,0.0
2019-01-12,14,0,214,16.17,16.17,0.0,1144.802083,0.0
2019-01-12,14,0,217,10.85,10.85,0.0,518.80015,0.0
2019-01-12,14,0,218,14.98,14.98,0.0,716.278916,0.0
2019-01-12,14,0,219,10.2,10.2,0.0,487.719956,0.0
2019-01-12,14,0,221,8.62,8.62,0.0,610.277919,0.0
2019-01-12,14,0,225,8.28,8.28,0.0,25.559297,0.0
2019-01-12,14,0,233,9.37,9.37,0.0,455.647211,0.0
2019-01-12,14,0,236,130.39,130.39,0.0,-1236.239583,0.0
2019-01-12,14,0,237,369.39,369.39,0.0,-12101.161461,0.0
2019-01-12,14,0,238,97.96,97.96,0.0,298.264498,0.0
2019-01-12,14,0,240,14.41,14.41,0.0,-716.910942,0.0
2019-01-12,14,0,245,42.93,42.93,0.0,717.472975,0.0
2019-01-12,14,0,247,99.55,99.55,0.0,1663.741782,0.0
2019-01-12,14,0,248,37.08,37.08,0.0,-1214.735285,0.0
2019-01-12,14,0,249,82.56,82.56,0.0,1379.794289,0.0
2019-01-12,14,0,251,130.43,130.43,0.0,936.510499,0.0
2019-01-12,14,0,252,102.13,102.13,0.0,986.258683,0.0
2019-01-12,14,0,254,20.95,20.95,0.0,-815.103614,0.0
2019-01-12,14,0,255,9.6,9.6,0.0,-373.5081,0.0
2019-01-12,14,0,258,17.69,17.69,0.0,-864.798936,0.0
2019-01-12,14,0,260,7.18,7.18,0.0,-161.676513,0.0
2019-01-12,14,0,265,92.34,92.34,0.0,-11473.972457,0.0
2019-01-12,14,0,266,29.1,29.1,0.0,-3615.904251,0.0
2019-01-12,14,0,267,35.76,35.76,0.0,-4443.461718,0.0
2019-01-12,14,0,270,454.05,454.05,0.0,-454050.0,0.0
2019-01-12,14,0,272,150.39,150.39,0.0,-35823.309521,0.0
2019-01-12,14,0,273,19.04,19.04,0.0,-19040.0,0.0
2019-01-12,14,0,274,605.65,605.65,0.0,-605650.0,0.0
2019-01-12,14,0,275,880.86,880.86,0.0,-880860.0,0.0
2019-01-12,14,0,276,4.57,4.57,0.0,-4092.903785,0.0
2019-01-12,14,0,277,6.53,6.53,0.0,-1574.160889,0.0
2019-01-12,14,0,278,10.45,10.45,0.0,-2519.139555,0.0
2019-01-12,14,0,279,264.6,264.6,0.0,-63786.059925,0.0
2019-01-12,14,0,281,25.47,25.47,0.0,-25470.0,0.0
2019-01-12,14,0,282,373.86,373.86,0.0,-373860.0,0.0
2019-01-12,15,0,9,3.18,3.18,0.0,-73.685277,0.0
2019-01-12,15,0,17,52.08,52.08,0.0,228.024251,0.0
2019-01-12,15,0,19,62.63,62.63,0.0,274.2158,0.0
2019-01-12,15,0,20,75.95,75.95,0.0,332.535367,0.0
2019-01-12,15,0,21,72.72,72.72,0.0,-1685.029359,0.0
2019-01-12,15,0,22,258.43,258.43,0.0,-5988.203206,0.0
2019-01-12,15,0,23,32.64,32.64,0.0,-756.316808,0.0
2019-01-12,15,0,24,57.75,57.75,0.0,-1338.15244,0.0
2019-01-12,15,0,29,8.23,8.23,0.0,36.601317,0.0
2019-01-12,15,0,30,641.98,641.98,0.0,-14983.858483,0.0
2019-01-12,15,0,31,40.49,40.49,0.0,-945.039456,0.0
2019-01-12,15,0,32,3.16,3.16,0.0,145.236249,0.0
2019-01-12,15,0,33,3.07,3.07,0.0,29.306791,0.0
2019-01-12,15,0,34,4.91,4.91,0.0,46.871773,0.0
2019-01-12,15,0,35,4.91,4.91,0.0,46.871773,0.0
2019-01-12,15,0,36,12.09,12.09,0.0,-46.441304,0.0
2019-01-12,15,0,37,5.68,5.68,0.0,-22.619498,0.0
2019-01-12,15,0,38,7.31,7.31,0.0,-29.110656,0.0
2019-01-12,15,0,39,4.87,4.87,0.0,-19.39383,0.0
2019-01-12,15,0,40,4.87,4.87,0.0,-19.39383,0.0
2019-01-12,15,0,41,58.96,58.96,0.0,-844.003963,0.0
2019-01-12,15,0,42,72.02,72.02,0.0,234.651192,0.0
2019-01-12,15,0,43,36.24,36.24,0.0,-102.747007,0.0
2019-01-12,15,0,46,30.99,30.99,0.0,-180.475503,0.0
2019-01-12,15,0,52,42.92,42.92,0.0,-1001.755827,0.0
2019-01-12,15,0,53,68.19,68.19,0.0,-1591.55941,0.0
2019-01-12,15,0,55,349.46,349.46,0.0,-8097.502195,0.0
2019-01-12,15,0,56,189.36,189.36,0.0,-4419.675757,0.0
2019-01-12,15,0,57,180.12,180.12,0.0,-4204.013505,0.0
2019-01-12,15,0,58,346.39,346.39,0.0,-8084.767033,0.0
2019-01-12,15,0,59,340.62,340.62,0.0,-7950.094826,0.0
2019-01-12,15,0,63,51.0,51.0,0.0,5908.044189,0.0
2019-01-12,15,0,64,60.0,60.0,0.0,6950.640222,0.0
2019-01-12,15,0,65,14.84,14.84,0.0,61.88657,0.0
2019-01-12,15,0,67,312.14,312.14,0.0,-172310.102907,0.0
2019-01-12,15,0,68,34.0,34.0,0.0,-13795.264969,0.0
2019-01-12,15,0,69,3.07,3.07,0.0,29.306791,0.0
2019-01-12,15,0,74,151.44,151.44,0.0,-254.669407,0.0
2019-01-12,15,0,77,60.0,60.0,0.0,-16972.004033,0.0
2019-01-12,15,0,78,45.36,45.36,0.0,-12830.835049,0.0
2019-01-12,15,0,79,26.25,26.25,0.0,-7425.251765,0.0
2019-01-12,15,0,80,42.45,42.45,0.0,-12007.692854,0.0
2019-01-12,15,0,81,55.5,55.5,0.0,-15699.103731,0.0
2019-01-12,15,0,82,39.15,39.15,0.0,-11074.232632,0.0
2019-01-12,15,0,83,87.3,87.3,0.0,-24694.265868,0.0
2019-01-12,15,0,84,0.0,0.0,0.0,-0.0,0.0
2019-01-12,15,0,86,15.54,15.54,0.0,148.347728,0.0
2019-01-12,15,0,87,79.35,79.35,0.0,757.489847,0.0
2019-01-12,15,0,88,51.18,51.18,0.0,-14477.11944,0.0
2019-01-12,15,0,89,49.2,49.2,0.0,-13917.043307,0.0
2019-01-12,15,0,90,66.06,66.06,0.0,-18686.176441,0.0
2019-01-12,15,0,91,235.65,235.65,0.0,-66657.545841,0.0
2019-01-12,15,0,92,84.75,84.75,0.0,-23972.955697,0.0
2019-01-12,15,0,95,120.0,120.0,0.0,2333.493576,0.0
2019-01-12,15,0,96,29.88,29.88,0.0,-702.666262,0.0
2019-01-12,15,0,97,183.75,183.75,0.0,-4321.115315,0.0
2019-01-12,15,0,99,29.23,29.23,0.0,-49.154693,0.0
2019-01-12,15,0,101,12.93,12.93,0.0,-301.787112,0.0
2019-01-12,15,0,102,80.5,80.5,0.0,-32662.31853,0.0
2019-01-12,15,0,103,70.0,70.0,0.0,-28402.016113,0.0
2019-01-12,15,0,104,13.0,13.0,0.0,-5274.660135,0.0
2019-01-12,15,0,106,254.41,254.41,0.0,-5895.053893,0.0
2019-01-12,15,0,109,60.0,60.0,0.0,-518.989678,0.0
2019-01-12,15,0,110,338.6,338.6,0.0,-338600.0,0.0
2019-01-12,15,0,111,20.84,20.84,0.0,-298.321618,0.0
2019-01-12,15,0,113,45.0,45.0,0.0,-11549.386715,0.0
2019-01-12,15,0,115,45.0,45.0,0.0,-11549.386715,0.0
2019-01-12,15,0,116,74.19,74.19,0.0,-74190.0,0.0
2019-01-12,15,0,117,3.0,3.0,0.0,-769.959114,0.0
2019-01-12,15,0,119,60.0,60.0,0.0,6950.640222,0.0
2019-01-12,15,0,120,35.28,35.28,0.0,4086.976451,0.0
2019-01-12,15,0,123,4.24,4.24,0.0,-98.247036,0.0
2019-01-12,15,0,125,52.26,52.26,0.0,-1210.941065,0.0
2019-01-12,15,0,126,190.8,190.8,0.0,-4421.116634,0.0
2019-01-12,15,0,127,244.87,244.87,0.0,-5673.998062,0.0
2019-01-12,15,0,128,74.85,74.85,0.0,-1734.384591,0.0
2019-01-12,15,0,131,73.62,73.62,0.0,-26994.600383,0.0
2019-01-12,15,0,132,108.35,108.35,0.0,-39729.216945,0.0
2019-01-12,15,0,133,16.75,16.75,0.0,73.665684,0.0
2019-01-12,15,0,134,0.0,0.0,0.0,0.0,0.0
2019-01-12,15,0,135,22.45,22.45,0.0,98.734006,0.0
2019-01-12,15,0,136,18.21,18.21,0.0,75.732298,0.0
2019-01-12,15,0,139,76.67,76.67,0.0,-1097.520079,0.0
2019-01-12,15,0,140,250.6,250.6,0.0,-250600.0,0.0
2019-01-12,15,0,141,230.0,230.0,0.0,-126966.501149,0.0
2019-01-12,15,0,142,411.63,411.63,0.0,-227231.395078,0.0
2019-01-12,15,0,143,49.83,49.83,0.0,-1163.035715,0.0
2019-01-12,15,0,145,30.0,30.0,0.0,-536.576434,0.0
2019-01-12,15,0,146,268.0,268.0,0.0,-268000.0,0.0
2019-01-12,15,0,152,9.11,9.11,0.0,-13.939414,0.0
2019-01-12,15,0,153,11.35,11.35,0.0,-20.396591,0.0
2019-01-12,15,0,154,85.98,85.98,0.0,-1230.791396,0.0
2019-01-12,15,0,157,132.6,132.6,0.0,-73198.948054,0.0
2019-01-12,15,0,158,253.86,253.86,0.0,-140137.895573,0.0
2019-01-12,15,0,159,0.0,0.0,0.0,-0.0,0.0
2019-01-12,15,0,160,2.8,2.8,0.0,2.381886,0.0
2019-01-12,15,0,161,59.56,59.56,0.0,-24166.058282,0.0
2019-01-12,15,0,162,162.5,162.5,0.0,3291.287759,0.0
2019-01-12,15,0,163,142.89,142.89,0.0,-142890.0,0.0
2019-01-12,15,0,164,25.11,25.11,0.0,-586.069171,0.0
2019-01-12,15,0,167,3.48,3.48,0.0,56.422271,0.0
2019-01-12,15,0,168,1.74,1.74,0.0,28.211136,0.0
2019-01-12,15,0,169,0.0,0.0,0.0,0.0,0.0
2019-01-12,15,0,170,3.81,3.81,0.0,61.772659,0.0
2019-01-12,15,0,172,5.24,5.24,0.0,74.944754,0.0
2019-01-12,15,0,173,7.99,7.99,0.0,114.276448,0.0
2019-01-12,15,0,188,6.53,6.53,0.0,165.865074,0.0
2019-01-12,15,0,190,4.98,4.98,0.0,161.489234,0.0
2019-01-12,15,0,191,12.86,12.86,0.0,417.018385,0.0
2019-01-12,15,0,192,332.6,332.6,0.0,10785.405497,0.0
2019-01-12,15,0,194,52.95,52.95,0.0,-6529.097131,0.0
2019-01-12,15,0,196,3.82,3.82,0.0,1033.01424,0.0
2019-01-12,15,0,198,11.9,11.9,0.0,78.884952,0.0
2019-01-12,15,0,199,130.0,130.0,0.0,-3408.630694,0.0
2019-01-12,15,0,200,15.34,15.34,0.0,-402.218422,0.0
2019-01-12,15,0,204,257.1,257.1,0.0,-2403.491557,0.0
2019-01-12,15,0,205,317.4,317.4,0.0,-2745.455394,0.0
2019-01-12,15,0,206,539.94,539.94,0.0,-12697.376888,0.0
2019-01-12,15,0,210,2.47,2.47,0.0,13.766284,0.0
2019-01-12,15,0,214,14.84,14.84,0.0,187.048664,0.0
2019-01-12,15,0,217,9.95,9.95,0.0,96.351412,0.0
2019-01-12,15,0,218,13.73,13.73,0.0,132.955265,0.0
2019-01-12,15,0,219,9.35,9.35,0.0,90.541277,0.0
2019-01-12,15,0,221,7.92,7.92,0.0,99.826511,0.0
2019-01-12,15,0,225,7.54,7.54,0.0,32.712703,0.0
2019-01-12,15,0,233,8.79,8.79,0.0,83.910974,0.0
2019-01-12,15,0,236,128.7,128.7,0.0,196.957715,0.0
2019-01-12,15,0,237,363.29,363.29,0.0,-610.927423,0.0
2019-01-12,15,0,238,93.74,93.74,0.0,305.417977,0.0
2019-01-12,15,0,240,13.7,13.7,0.0,-52.625796,0.0
2019-01-12,15,0,245,33.75,33.75,0.0,173.595164,0.0
2019-01-12,15,0,247,82.21,82.21,0.0,422.852103,0.0
2019-01-12,15,0,248,36.47,36.47,0.0,-61.329855,0.0
2019-01-12,15,0,249,64.9,64.9,0.0,333.817072,0.0
2019-01-12,15,0,251,105.25,105.25,0.0,402.960348,0.0
2019-01-12,15,0,252,95.75,95.75,0.0,399.301825,0.0
2019-01-12,15,0,254,19.85,19.85,0.0,-37.918869,0.0
2019-01-12,15,0,255,9.1,9.1,0.0,-17.383461,0.0
2019-01-12,15,0,258,16.83,16.83,0.0,-61.914253,0.0
2019-01-12,15,0,260,6.8,6.8,0.0,5.784581,0.0
2019-01-12,15,0,265,89.02,89.02,0.0,-1274.308561,0.0
2019-01-12,15,0,266,49.03,49.03,0.0,-701.857434,0.0
2019-01-12,15,0,267,60.63,60.63,0.0,-867.909774,0.0
2019-01-12,15,0,270,466.38,466.38,0.0,-466380.0,0.0
2019-01-12,15,0,272,150.39,150.39,0.0,-38598.0504,0.0
2019-01-12,15,0,273,17.74,17.74,0.0,-17740.0,0.0
2019-01-12,15,0,274,614.3,614.3,0.0,-614300.0,0.0
2019-01-12,15,0,275,881.73,881.73,0.0,-881730.0,0.0
2019-01-12,15,0,276,4.26,4.26,0.0,-3833.903586,0.0
2019-01-12,15,0,277,6.11,6.11,0.0,-1632.363069,0.0
2019-01-12,15,0,278,9.78,9.78,0.0,-2612.849561,0.0
2019-01-12,15,0,279,264.6,264.6,0.0,-70691.205906,0.0
2019-01-12,15,0,281,18.17,18.17,0.0,-424.089082,0.0
2019-01-12,15,0,282,352.17,352.17,0.0,-8219.672641,0.0
2019-01-12,16,0,9,2.64,2.64,0.0,-66.302112,0.0
2019-01-12,16,0,17,42.33,42.33,0.0,169.12908,0.0
2019-01-12,16,0,19,92.23,92.23,0.0,368.504016,0.0
2019-01-12,16,0,20,116.4,116.4,0.0,465.075003,0.0
2019-01-12,16,0,21,60.42,60.42,0.0,-1517.414249,0.0
2019-01-12,16,0,22,214.72,214.72,0.0,-5392.57179,0.0
2019-01-12,16,0,23,32.17,32.17,0.0,-807.93142,0.0
2019-01-12,16,0,24,56.91,56.91,0.0,-1429.262577,0.0
2019-01-12,16,0,29,6.67,6.67,0.0,34.276832,0.0
2019-01-12,16,0,30,530.56,530.56,0.0,-13419.208242,0.0
2019-01-12,16,0,31,30.23,30.23,0.0,-764.593383,0.0
2019-01-12,16,0,32,2.24,2.24,0.0,104.399381,0.0
2019-01-12,16,0,33,2.5,2.5,0.0,23.646084,0.0
2019-01-12,16,0,34,4.0,4.0,0.0,37.833735,0.0
2019-01-12,16,0,35,4.0,4.0,0.0,37.833735,0.0
2019-01-12,16,0,36,10.0,10.0,0.0,-46.962852,0.0
2019-01-12,16,0,37,4.75,4.75,0.0,-23.017498,0.0
2019-01-12,16,0,38,6.1,6.1,0.0,-29.559314,0.0
2019-01-12,16,0,39,4.07,4.07,0.0,-19.722362,0.0
2019-01-12,16,0,40,4.07,4.07,0.0,-19.722362,0.0
2019-01-12,16,0,41,82.36,82.36,0.0,-1297.842013,0.0
2019-01-12,16,0,42,60.37,60.37,0.0,169.719085,0.0
2019-01-12,16,0,43,30.03,30.03,0.0,-109.18168,0.0
2019-01-12,16,0,46,23.11,23.11,0.0,-156.948163,0.0
2019-01-12,16,0,52,32.04,32.04,0.0,-810.372874,0.0
2019-01-12,16,0,53,50.91,50.91,0.0,-1287.643041,0.0
2019-01-12,16,0,55,258.93,258.93,0.0,-6502.881024,0.0
2019-01-12,16,0,56,156.5,156.5,0.0,-3958.281985,0.0
2019-01-12,16,0,57,148.86,148.86,0.0,-3765.047005,0.0
2019-01-12,16,0,58,286.27,286.27,0.0,-7240.494465,0.0
2019-01-12,16,0,59,281.5,281.5,0.0,-7119.849065,0.0
2019-01-12,16,0,63,51.0,51.0,0.0,5952.2376,0.0
2019-01-12,16,0,64,60.0,60.0,0.0,7002.63247,0.0
2019-01-12,16,0,65,15.99,15.99,0.0,60.370486,0.0
2019-01-12,16,0,67,274.49,274.49,0.0,-151283.871622,0.0
2019-01-12,16,0,68,34.0,34.0,0.0,-13755.440533,0.0
2019-01-12,16,0,69,2.5,2.5,0.0,23.646084,0.0
2019-01-12,16,0,74,93.14,93.14,0.0,-224.48151,0.0
2019-01-12,16,0,77,60.0,60.0,0.0,-16883.648969,0.0
2019-01-12,16,0,78,45.36,45.36,0.0,-12764.03862,0.0
2019-01-12,16,0,79,26.25,26.25,0.0,-7386.596424,0.0
2019-01-12,16,0,80,42.45,42.45,0.0,-11945.181645,0.0
2019-01-12,16,0,81,55.5,55.5,0.0,-15617.375296,0.0
2019-01-12,16,0,82,39.15,39.15,0.0,-11016.580952,0.0
2019-01-12,16,0,83,87.3,87.3,0.0,-24565.709249,0.0
2019-01-12,16,0,84,0.0,0.0,0.0,-0.0,0.0
2019-01-12,16,0,86,12.68,12.68,0.0,119.932939,0.0
2019-01-12,16,0,87,64.71,64.71,0.0,612.055242,0.0
2019-01-12,16,0,88,51.18,51.18,0.0,-14401.75257,0.0
2019-01-12,16,0,89,49.2,49.2,0.0,-13844.592154,0.0
2019-01-12,16,0,90,66.06,66.06,0.0,-18588.897514,0.0
2019-01-12,16,0,91,235.65,235.65,0.0,-66310.531324,0.0
2019-01-12,16,0,92,84.75,84.75,0.0,-23848.154168,0.0
2019-01-12,16,0,95,120.0,120.0,0.0,2333.493576,0.0
2019-01-12,16,0,96,29.88,29.88,0.0,-761.302627,0.0
2019-01-12,16,0,97,183.75,183.75,0.0,-4681.705409,0.0
2019-01-12,16,0,99,20.42,20.42,0.0,-49.215293,0.0
2019-01-12,16,0,101,10.69,10.69,0.0,-270.377217,0.0
2019-01-12,16,0,102,80.5,80.5,0.0,-32568.02832,0.0
2019-01-12,16,0,103,70.0,70.0,0.0,-28320.024626,0.0
2019-01-12,16,0,104,13.0,13.0,0.0,-5259.433145,0.0
2019-01-12,16,0,106,211.38,211.38,0.0,-5308.689572,0.0
2019-01-12,16,0,109,60.0,60.0,0.0,-586.498563,0.0
2019-01-12,16,0,110,338.6,338.6,0.0,-338600.0,0.0
2019-01-12,16,0,111,17.44,17.44,0.0,-274.822301,0.0
2019-01-12,16,0,113,45.0,45.0,0.0,-11489.527135,0.0
2019-01-12,16,0,115,45.0,45.0,0.0,-11489.527135,0.0
2019-01-12,16,0,116,70.06,70.06,0.0,-70060.0,0.0
2019-01-12,16,0,117,3.0,3.0,0.0,-765.968476,0.0
2019-01-12,16,0,119,60.0,60.0,0.0,7002.63247,0.0
2019-01-12,16,0,120,35.28,35.28,0.0,4117.547892,0.0
2019-01-12,16,0,123,3.52,3.52,0.0,-88.402816,0.0
2019-01-12,16,0,125,51.5,51.5,0.0,-1293.393476,0.0
2019-01-12,16,0,126,158.53,158.53,0.0,-3981.391607,0.0
2019-01-12,16,0,127,203.45,203.45,0.0,-5109.532091,0.0
2019-01-12,16,0,128,73.76,73.76,0.0,-1852.440831,0.0
2019-01-12,16,0,131,30.0,30.0,0.0,-10962.795287,0.0
2019-01-12,16,0,132,44.1,44.1,0.0,-16115.309072,0.0
2019-01-12,16,0,133,15.57,15.57,0.0,62.532463,0.0
2019-01-12,16,0,134,0.0,0.0,0.0,0.0,0.0
2019-01-12,16,0,135,19.8,19.8,0.0,79.521051,0.0
2019-01-12,16,0,136,22.41,22.41,0.0,84.338666,0.0
2019-01-12,16,0,139,107.25,107.25,0.0,-1690.062601,0.0
2019-01-12,16,0,140,250.6,250.6,0.0,-250600.0,0.0
2019-01-12,16,0,141,230.0,230.0,0.0,-126763.417513,0.0
2019-01-12,16,0,142,361.98,361.98,0.0,-199503.573354,0.0
2019-01-12,16,0,143,40.28,40.28,0.0,-1018.783376,0.0
2019-01-12,16,0,145,30.0,30.0,0.0,-585.935088,0.0
2019-01-12,16,0,146,268.0,268.0,0.0,-268000.0,0.0
2019-01-12,16,0,152,7.6,7.6,0.0,-17.104747,0.0
2019-01-12,16,0,153,9.42,9.42,0.0,-23.859148,0.0
2019-01-12,16,0,154,71.94,71.94,0.0,-1133.641991,0.0
2019-01-12,16,0,157,118.73,118.73,0.0,-65437.480701,0.0
2019-01-12,16,0,158,262.4,262.4,0.0,-144620.525024,0.0
2019-01-12,16,0,159,0.0,0.0,0.0,-0.0,0.0
2019-01-12,16,0,160,2.22,2.22,0.0,0.563264,0.0
2019-01-12,16,0,161,51.31,51.31,0.0,-20758.578051,0.0
2019-01-12,16,0,162,162.5,162.5,0.0,3292.29743,0.0
2019-01-12,16,0,163,146.36,146.36,0.0,-146360.0,0.0
2019-01-12,16,0,164,20.6,20.6,0.0,-521.026255,0.0
2019-01-12,16,0,167,2.51,2.51,0.0,40.618427,0.0
2019-01-12,16,0,168,1.25,1.25,0.0,20.2283,0.0
2019-01-12,16,0,169,0.0,0.0,0.0,0.0,0.0
2019-01-12,16,0,170,2.74,2.74,0.0,44.340435,0.0
2019-01-12,16,0,172,3.94,3.94,0.0,55.311378,0.0
2019-01-12,16,0,173,6.01,6.01,0.0,84.37091,0.0
2019-01-12,16,0,188,4.66,4.66,0.0,120.047046,0.0
2019-01-12,16,0,190,4.6,4.6,0.0,149.166763,0.0
2019-01-12,16,0,191,11.88,11.88,0.0,385.239379,0.0
2019-01-12,16,0,192,332.6,332.6,0.0,10785.405497,0.0
2019-01-12,16,0,194,52.95,52.95,0.0,-6454.33157,0.0
2019-01-12,16,0,196,3.2,3.2,0.0,869.324936,0.0
2019-01-12,16,0,198,8.22,8.22,0.0,52.170877,0.0
2019-01-12,16,0,199,130.0,130.0,0.0,-2385.049432,0.0
2019-01-12,16,0,200,12.11,12.11,0.0,-222.176528,0.0
2019-01-12,16,0,204,257.1,257.1,0.0,-2702.95809,0.0
2019-01-12,16,0,205,317.4,317.4,0.0,-3102.577397,0.0
2019-01-12,16,0,206,539.94,539.94,0.0,-13756.952483,0.0
2019-01-12,16,0,210,1.89,1.89,0.0,12.270998,0.0
2019-01-12,16,0,214,11.94,11.94,0.0,151.533566,0.0
2019-01-12,16,0,217,7.92,7.92,0.0,79.433487,0.0
2019-01-12,16,0,218,10.92,10.92,0.0,109.521929,0.0
2019-01-12,16,0,219,7.44,7.44,0.0,74.619337,0.0
2019-01-12,16,0,221,6.37,6.37,0.0,80.843285,0.0
2019-01-12,16,0,225,6.08,6.08,0.0,30.450042,0.0
2019-01-12,16,0,233,7.17,7.17,0.0,67.816969,0.0
2019-01-12,16,0,236,102.07,102.07,0.0,100.519886,0.0
2019-01-12,16,0,237,213.01,213.01,0.0,-513.386369,0.0
2019-01-12,16,0,238,78.57,78.57,0.0,220.885018,0.0
2019-01-12,16,0,240,11.34,11.34,0.0,-53.255874,0.0
2019-01-12,16,0,245,26.45,26.45,0.0,127.076408,0.0
2019-01-12,16,0,247,67.53,67.53,0.0,324.441203,0.0
2019-01-12,16,0,248,25.08,25.08,0.0,-60.446599,0.0
2019-01-12,16,0,249,50.86,50.86,0.0,244.351838,0.0
2019-01-12,16,0,251,100.08,100.08,0.0,341.70847,0.0
2019-01-12,16,0,252,103.14,103.14,0.0,389.406623,0.0
2019-01-12,16,0,254,16.29,16.29,0.0,-43.327267,0.0
2019-01-12,16,0,255,7.47,7.47,0.0,-19.868305,0.0
2019-01-12,16,0,258,13.91,13.91,0.0,-62.94276,0.0
2019-01-12,16,0,260,5.38,5.38,0.0,1.365027,0.0
2019-01-12,16,0,265,74.49,74.49,0.0,-1173.825298,0.0
2019-01-12,16,0,266,68.38,68.38,0.0,-1077.542943,0.0
2019-01-12,16,0,267,84.71,84.71,0.0,-1334.873687,0.0
2019-01-12,16,0,270,395.58,395.58,0.0,-395580.0,0.0
2019-01-12,16,0,272,150.39,150.39,0.0,-38397.999684,0.0
2019-01-12,16,0,273,16.75,16.75,0.0,-16750.0,0.0
2019-01-12,16,0,274,493.67,493.67,0.0,-493670.0,0.0
2019-01-12,16,0,275,661.83,661.83,0.0,-661830.0,0.0
2019-01-12,16,0,276,4.0,4.0,0.0,-3599.120874,0.0
2019-01-12,16,0,277,5.52,5.52,0.0,-1467.079324,0.0
2019-01-12,16,0,278,8.84,8.84,0.0,-2349.45312,0.0
2019-01-12,16,0,279,604.22,604.22,0.0,-160586.715417,0.0
2019-01-12,16,0,281,13.57,13.57,0.0,-343.219722,0.0
2019-01-12,16,0,282,291.05,291.05,0.0,-7361.39279,0.0
2019-01-12,17,0,9,1.8,1.8,0.0,4.595739,0.0
2019-01-12,17,0,17,28.96,28.96,0.0,273.712726,0.0
2019-01-12,17,0,19,37.25,37.25,0.0,352.064884,0.0
2019-01-12,17,0,20,44.86,44.86,0.0,423.990086,0.0
2019-01-12,17,0,21,41.18,41.18,0.0,105.140302,0.0
2019-01-12,17,0,22,146.34,146.34,0.0,373.633604,0.0
2019-01-12,17,0,23,25.96,25.96,0.0,66.280773,0.0
2019-01-12,17,0,24,46.18,46.18,0.0,117.906245,0.0
2019-01-12,17,0,29,4.47,4.47,0.0,27.602122,0.0
2019-01-12,17,0,30,367.22,367.22,0.0,922.990281,0.0
2019-01-12,17,0,31,15.79,15.79,0.0,39.687426,0.0
2019-01-12,17,0,32,1.5,1.5,0.0,71.594889,0.0
2019-01-12,17,0,33,1.71,1.71,0.0,18.595932,0.0
2019-01-12,17,0,34,2.74,2.74,0.0,29.79699,0.0
2019-01-12,17,0,35,2.74,2.74,0.0,29.79699,0.0
2019-01-12,17,0,36,7.0,7.0,0.0,49.295236,0.0
2019-01-12,17,0,37,3.27,3.27,0.0,22.82425,0.0
2019-01-12,17,0,38,4.2,4.2,0.0,29.315551,0.0
2019-01-12,17,0,39,2.8,2.8,0.0,19.543701,0.0
2019-01-12,17,0,40,2.8,2.8,0.0,19.543701,0.0
2019-01-12,17,0,41,30.11,30.11,0.0,140.673349,0.0
2019-01-12,17,0,42,41.67,41.67,0.0,380.983036,0.0
2019-01-12,17,0,43,20.46,20.46,0.0,146.47695,0.0
2019-01-12,17,0,46,16.06,16.06,0.0,104.754572,0.0
2019-01-12,17,0,52,16.74,16.74,0.0,42.075206,0.0
2019-01-12,17,0,53,26.6,26.6,0.0,66.857855,0.0
2019-01-12,17,0,55,145.1,145.1,0.0,370.467651,0.0
2019-01-12,17,0,56,108.32,108.32,0.0,272.25725,0.0
2019-01-12,17,0,57,103.03,103.03,0.0,258.961082,0.0
2019-01-12,17,0,58,198.14,198.14,0.0,498.015615,0.0
2019-01-12,17,0,59,194.84,194.84,0.0,489.72122,0.0
2019-01-12,17,0,63,95.49,95.49,0.0,11152.842652,0.0
2019-01-12,17,0,64,112.31,112.31,0.0,13117.350071,0.0
2019-01-12,17,0,65,9.29,9.29,0.0,87.2711,0.0
2019-01-12,17,0,67,187.82,187.82,0.0,-104213.769895,0.0
2019-01-12,17,0,68,16.67,16.67,0.0,-6826.352913,0.0
2019-01-12,17,0,69,1.71,1.71,0.0,18.595932,0.0
2019-01-12,17,0,74,50.4,50.4,0.0,393.305829,0.0
2019-01-12,17,0,77,60.0,60.0,0.0,-17293.426204,0.0
2019-01-12,17,0,78,45.36,45.36,0.0,-13073.830211,0.0
2019-01-12,17,0,79,26.25,26.25,0.0,-7565.873964,0.0
2019-01-12,17,0,80,42.45,42.45,0.0,-12235.09904,0.0
2019-01-12,17,0,81,55.5,55.5,0.0,-15996.419239,0.0
2019-01-12,17,0,82,39.15,39.15,0.0,-11283.960598,0.0
2019-01-12,17,0,83,87.3,87.3,0.0,-25161.935127,0.0
2019-01-12,17,0,84,0.0,0.0,0.0,0.0,0.0
2019-01-12,17,0,86,8.67,8.67,0.0,94.284636,0.0
2019-01-12,17,0,87,44.26,44.26,0.0,481.319262,0.0
2019-01-12,17,0,88,51.18,51.18,0.0,-14751.292552,0.0
2019-01-12,17,0,89,49.2,49.2,0.0,-14180.609488,0.0
2019-01-12,17,0,90,66.06,66.06,0.0,-19040.062251,0.0
2019-01-12,17,0,91,235.65,235.65,0.0,-67919.931418,0.0
2019-01-12,17,0,92,84.75,84.75,0.0,-24426.964514,0.0
2019-01-12,17,0,95,120.0,120.0,0.0,2691.568394,0.0
2019-01-12,17,0,96,23.21,23.21,0.0,57.3734,0.0
2019-01-12,17,0,97,142.75,142.75,0.0,352.867421,0.0
2019-01-12,17,0,99,10.25,10.25,0.0,79.987793,0.0
2019-01-12,17,0,101,7.4,7.4,0.0,18.599554,0.0
2019-01-12,17,0,102,39.41,39.41,0.0,-16138.366426,0.0
2019-01-12,17,0,103,34.27,34.27,0.0,-14033.540153,0.0
2019-01-12,17,0,104,6.39,6.39,0.0,-2616.700367,0.0
2019-01-12,17,0,106,144.06,144.06,0.0,367.812335,0.0
2019-01-12,17,0,109,60.0,60.0,0.0,357.052506,0.0
2019-01-12,17,0,110,338.6,338.6,0.0,-338600.0,0.0
2019-01-12,17,0,111,12.93,12.93,0.0,60.408715,0.0
2019-01-12,17,0,113,45.0,45.0,0.0,-11676.105836,0.0
2019-01-12,17,0,115,45.0,45.0,0.0,-11676.105836,0.0
2019-01-12,17,0,116,48.75,48.75,0.0,-48750.0,0.0
2019-01-12,17,0,117,3.0,3.0,0.0,-778.407056,0.0
2019-01-12,17,0,119,112.31,112.31,0.0,13117.350071,0.0
2019-01-12,17,0,120,66.1,66.1,0.0,7720.210486,0.0
2019-01-12,17,0,123,2.4,2.4,0.0,6.127652,0.0
2019-01-12,17,0,125,41.74,41.74,0.0,106.570088,0.0
2019-01-12,17,0,126,108.04,108.04,0.0,275.846485,0.0
2019-01-12,17,0,127,138.66,138.66,0.0,354.025117,0.0
2019-01-12,17,0,128,60.07,60.07,0.0,153.370033,0.0
2019-01-12,17,0,131,22.75,22.75,0.0,-8432.923424,0.0
2019-01-12,17,0,132,33.45,33.45,0.0,-12399.177518,0.0
2019-01-12,17,0,133,18.18,18.18,0.0,171.924739,0.0
2019-01-12,17,0,134,0.0,0.0,0.0,0.0,0.0
2019-01-12,17,0,135,23.8,23.8,0.0,225.071991,0.0
2019-01-12,17,0,136,13.19,13.19,0.0,123.866549,0.0
2019-01-12,17,0,139,38.89,38.89,0.0,181.693343,0.0
2019-01-12,17,0,140,250.6,250.6,0.0,-250600.0,0.0
2019-01-12,17,0,141,162.64,162.64,0.0,-90242.399829,0.0
2019-01-12,17,0,142,247.69,247.69,0.0,-137433.226842,0.0
2019-01-12,17,0,143,22.13,22.13,0.0,55.622719,0.0
2019-01-12,17,0,145,30.0,30.0,0.0,113.708673,0.0
2019-01-12,17,0,146,268.0,268.0,0.0,-268000.0,0.0
2019-01-12,17,0,152,5.24,5.24,0.0,40.928851,0.0
2019-01-12,17,0,153,6.48,6.48,0.0,50.132305,0.0
2019-01-12,17,0,154,53.35,53.35,0.0,249.250189,0.0
2019-01-12,17,0,157,69.45,69.45,0.0,-38535.013945,0.0
2019-01-12,17,0,158,181.3,181.3,0.0,-100596.083921,0.0
2019-01-12,17,0,159,0.0,0.0,0.0,0.0,0.0
2019-01-12,17,0,160,1.52,1.52,0.0,11.875851,0.0
2019-01-12,17,0,161,35.47,35.47,0.0,-14524.939283,0.0
2019-01-12,17,0,162,162.5,162.5,0.0,3773.030055,0.0
2019-01-12,17,0,163,185.4,185.4,0.0,-185400.0,0.0
2019-01-12,17,0,164,14.64,14.64,0.0,36.796955,0.0
2019-01-12,17,0,167,1.68,1.68,0.0,32.359863,0.0
2019-01-12,17,0,168,0.84,0.84,0.0,16.179931,0.0
2019-01-12,17,0,169,0.0,0.0,0.0,0.0,0.0
2019-01-12,17,0,170,1.83,1.83,0.0,35.249136,0.0
2019-01-12,17,0,172,2.65,2.65,0.0,49.497751,0.0
2019-01-12,17,0,173,4.03,4.03,0.0,75.273938,0.0
2019-01-12,17,0,188,3.14,3.14,0.0,87.490263,0.0
2019-01-12,17,0,190,3.15,3.15,0.0,102.146805,0.0
2019-01-12,17,0,191,8.13,8.13,0.0,263.636039,0.0
2019-01-12,17,0,192,332.6,332.6,0.0,10785.405497,0.0
2019-01-12,17,0,194,52.95,52.95,0.0,-6589.111432,0.0
2019-01-12,17,0,196,2.21,2.21,0.0,597.593976,0.0
2019-01-12,17,0,198,5.62,5.62,0.0,48.358543,0.0
2019-01-12,17,0,199,130.0,130.0,0.0,-3612.545508,0.0
2019-01-12,17,0,200,8.25,8.25,0.0,-229.257696,0.0
2019-01-12,17,0,204,257.1,257.1,0.0,1483.978954,0.0
2019-01-12,17,0,205,317.4,317.4,0.0,1888.807754,0.0
2019-01-12,17,0,206,419.47,419.47,0.0,1036.898752,0.0
2019-01-12,17,0,210,1.27,1.27,0.0,8.400041,0.0
2019-01-12,17,0,214,8.13,8.13,0.0,95.266667,0.0
2019-01-12,17,0,217,5.31,5.31,0.0,50.434722,0.0
2019-01-12,17,0,218,7.32,7.32,0.0,69.525831,0.0
2019-01-12,17,0,219,4.99,4.99,0.0,47.395341,0.0
2019-01-12,17,0,221,4.33,4.33,0.0,50.738582,0.0
2019-01-12,17,0,225,4.09,4.09,0.0,25.082142,0.0
2019-01-12,17,0,233,4.91,4.91,0.0,53.395336,0.0
2019-01-12,17,0,236,72.58,72.58,0.0,628.809109,0.0
2019-01-12,17,0,237,124.55,124.55,0.0,971.949227,0.0
2019-01-12,17,0,238,54.23,54.23,0.0,495.817375,0.0
2019-01-12,17,0,240,7.93,7.93,0.0,55.844461,0.0
2019-01-12,17,0,245,9.44,9.44,0.0,91.21092,0.0
2019-01-12,17,0,247,33.09,33.09,0.0,319.721328,0.0
2019-01-12,17,0,248,12.67,12.67,0.0,98.872715,0.0
2019-01-12,17,0,249,18.15,18.15,0.0,175.368453,0.0
2019-01-12,17,0,251,64.33,64.33,0.0,598.268176,0.0
2019-01-12,17,0,252,59.94,59.94,0.0,563.081778,0.0
2019-01-12,17,0,254,11.23,11.23,0.0,82.240281,0.0
2019-01-12,17,0,255,5.15,5.15,0.0,37.714821,0.0
2019-01-12,17,0,258,9.79,9.79,0.0,69.127921,0.0
2019-01-12,17,0,260,3.7,3.7,0.0,28.908322,0.0
2019-01-12,17,0,265,55.23,55.23,0.0,258.033513,0.0
2019-01-12,17,0,266,25.18,25.18,0.0,117.640483,0.0
2019-01-12,17,0,267,30.94,30.94,0.0,144.551093,0.0
2019-01-12,17,0,270,578.99,578.99,0.0,-578990.0,0.0
2019-01-12,17,0,272,150.39,150.39,0.0,-39021.545703,0.0
2019-01-12,17,0,273,11.66,11.66,0.0,-11660.0,0.0
2019-01-12,17,0,274,746.39,746.39,0.0,-746390.0,0.0
2019-01-12,17,0,275,1038.99,1038.99,0.0,-1038990.0,0.0
2019-01-12,17,0,276,2.78,2.78,0.0,-2503.694666,0.0
2019-01-12,17,0,277,3.81,3.81,0.0,-1032.49957,0.0
2019-01-12,17,0,278,6.09,6.09,0.0,-1650.373329,0.0
2019-01-12,17,0,279,264.6,264.6,0.0,-71705.875653,0.0
2019-01-12,17,0,281,7.09,7.09,0.0,17.820383,0.0
2019-01-12,17,0,282,201.44,201.44,0.0,506.310011,0.0
2019-01-12,18,0,9,0.93,0.93,0.0,11.51196,0.0
2019-01-12,18,0,17,13.81,13.81,0.0,110.998831,0.0
2019-01-12,18,0,19,16.42,16.42,0.0,131.976887,0.0
2019-01-12,18,0,20,20.0,20.0,0.0,160.751385,0.0
2019-01-12,18,0,21,21.19,21.19,0.0,262.299394,0.0
2019-01-12,18,0,22,75.31,75.31,0.0,932.221205,0.0
2019-01-12,18,0,23,25.46,25.46,0.0,315.155383,0.0
2019-01-12,18,0,24,45.17,45.17,0.0,559.134668,0.0
2019-01-12,18,0,29,1.76,1.76,0.0,9.15644,0.0
2019-01-12,18,0,30,198.48,198.48,0.0,2462.514554,0.0
2019-01-12,18,0,31,5.3,5.3,0.0,65.756384,0.0
2019-01-12,18,0,32,0.6,0.6,0.0,27.966337,0.0
2019-01-12,18,0,33,0.79,0.79,0.0,5.782573,0.0
2019-01-12,18,0,34,1.27,1.27,0.0,9.296035,0.0
2019-01-12,18,0,35,1.27,1.27,0.0,9.296035,0.0
2019-01-12,18,0,36,3.32,3.32,0.0,30.116223,0.0
2019-01-12,18,0,37,1.55,1.55,0.0,14.063575,0.0
2019-01-12,18,0,38,1.99,1.99,0.0,18.055815,0.0
2019-01-12,18,0,39,1.33,1.33,0.0,12.067454,0.0
2019-01-12,18,0,40,1.33,1.33,0.0,12.067454,0.0
2019-01-12,18,0,41,16.73,16.73,0.0,182.513383,0.0
2019-01-12,18,0,42,21.87,21.87,0.0,179.184746,0.0
2019-01-12,18,0,43,9.48,9.48,0.0,83.53894,0.0
2019-01-12,18,0,46,7.42,7.42,0.0,69.497865,0.0
2019-01-12,18,0,52,5.62,5.62,0.0,69.726581,0.0
2019-01-12,18,0,53,8.93,8.93,0.0,110.793304,0.0
2019-01-12,18,0,55,53.5,53.5,0.0,662.247171,0.0
2019-01-12,18,0,56,58.54,58.54,0.0,726.297874,0.0
2019-01-12,18,0,57,55.69,55.69,0.0,690.938309,0.0
2019-01-12,18,0,58,107.09,107.09,0.0,1328.651167,0.0
2019-01-12,18,0,59,105.31,105.31,0.0,1306.566947,0.0
2019-01-12,18,0,63,170.0,170.0,0.0,19434.931525,0.0
2019-01-12,18,0,64,200.0,200.0,0.0,22864.625324,0.0
2019-01-12,18,0,65,5.62,5.62,0.0,45.333589,0.0
2019-01-12,18,0,67,95.93,95.93,0.0,-53493.308814,0.0
2019-01-12,18,0,68,4.14,4.14,0.0,-1710.532793,0.0
2019-01-12,18,0,69,0.79,0.79,0.0,5.782573,0.0
2019-01-12,18,0,74,21.06,21.06,0.0,187.335244,0.0
2019-01-12,18,0,77,28.78,28.78,0.0,-8435.087703,0.0
2019-01-12,18,0,78,21.76,21.76,0.0,-6377.606269,0.0
2019-01-12,18,0,79,12.59,12.59,0.0,-3689.98451,0.0
2019-01-12,18,0,80,20.36,20.36,0.0,-5967.282336,0.0
2019-01-12,18,0,81,26.62,26.62,0.0,-7802.016493,0.0
2019-01-12,18,0,82,18.78,18.78,0.0,-5504.202469,0.0
2019-01-12,18,0,83,41.88,41.88,0.0,-12274.54736,0.0
2019-01-12,18,0,84,0.0,0.0,0.0,0.0,0.0
2019-01-12,18,0,86,4.02,4.02,0.0,29.425244,0.0
2019-01-12,18,0,87,20.54,20.54,0.0,150.346895,0.0
2019-01-12,18,0,88,38.59,38.59,0.0,-11310.286118,0.0
2019-01-12,18,0,89,37.1,37.1,0.0,-10873.584218,0.0
2019-01-12,18,0,90,49.81,49.81,0.0,-14598.73935,0.0
2019-01-12,18,0,91,177.68,177.68,0.0,-52075.968837,0.0
2019-01-12,18,0,92,63.9,63.9,0.0,-18728.356645,0.0
2019-01-12,18,0,95,120.0,120.0,0.0,2333.493576,0.0
2019-01-12,18,0,96,11.46,11.46,0.0,142.522972,0.0
2019-01-12,18,0,97,70.46,70.46,0.0,876.279981,0.0
2019-01-12,18,0,99,4.07,4.07,0.0,36.203915,0.0
2019-01-12,18,0,101,4.0,4.0,0.0,49.62746,0.0
2019-01-12,18,0,102,9.8,9.8,0.0,-4049.087287,0.0
2019-01-12,18,0,103,8.52,8.52,0.0,-3520.226907,0.0
2019-01-12,18,0,104,1.58,1.58,0.0,-652.812032,0.0
2019-01-12,18,0,106,74.14,74.14,0.0,917.738417,0.0
2019-01-12,18,0,109,60.0,60.0,0.0,594.76593,0.0
2019-01-12,18,0,110,338.6,338.6,0.0,-338600.0,0.0
2019-01-12,18,0,111,6.67,6.67,0.0,72.765348,0.0
2019-01-12,18,0,113,44.66,44.66,0.0,-11748.960678,0.0
2019-01-12,18,0,115,44.66,44.66,0.0,-11748.960678,0.0
2019-01-12,18,0,116,22.63,22.63,0.0,-22630.0,0.0
2019-01-12,18,0,117,2.98,2.98,0.0,-783.96558,0.0
2019-01-12,18,0,119,200.0,200.0,0.0,22864.625324,0.0
2019-01-12,18,0,120,117.6,117.6,0.0,13444.39969,0.0
2019-01-12,18,0,123,1.24,1.24,0.0,15.34928,0.0
2019-01-12,18,0,125,40.85,40.85,0.0,505.659756,0.0
2019-01-12,18,0,126,55.6,55.6,0.0,688.24192,0.0
2019-01-12,18,0,127,71.36,71.36,0.0,883.326321,0.0
2019-01-12,18,0,128,58.66,58.66,0.0,726.119983,0.0
2019-01-12,18,0,131,10.42,10.42,0.0,-3903.251948,0.0
2019-01-12,18,0,132,15.32,15.32,0.0,-5738.754303,0.0
2019-01-12,18,0,133,10.35,10.35,0.0,83.160655,0.0
2019-01-12,18,0,134,0.0,0.0,0.0,0.0,0.0
2019-01-12,18,0,135,13.87,13.87,0.0,111.443312,0.0
2019-01-12,18,0,136,7.73,7.73,0.0,62.366118,0.0
2019-01-12,18,0,139,21.6,21.6,0.0,235.641905,0.0
2019-01-12,18,0,140,250.6,250.6,0.0,-250600.0,0.0
2019-01-12,18,0,141,73.74,73.74,0.0,-41119.530824,0.0
2019-01-12,18,0,142,126.5,126.5,0.0,-70540.014229,0.0
2019-01-12,18,0,143,8.38,8.38,0.0,103.969528,0.0
2019-01-12,18,0,145,23.41,23.41,0.0,268.77715,0.0
2019-01-12,18,0,146,170.26,170.26,0.0,-170260.0,0.0
2019-01-12,18,0,152,2.55,2.55,0.0,22.563693,0.0
2019-01-12,18,0,153,3.14,3.14,0.0,27.898731,0.0
2019-01-12,18,0,154,27.51,27.51,0.0,300.116149,0.0
2019-01-12,18,0,157,38.17,38.17,0.0,-21284.682554,0.0
2019-01-12,18,0,158,91.86,91.86,0.0,-51223.76053,0.0
2019-01-12,18,0,159,0.0,0.0,0.0,0.0,0.0
2019-01-12,18,0,160,0.69,0.69,0.0,5.541361,0.0
2019-01-12,18,0,161,17.6,17.6,0.0,-7271.830231,0.0
2019-01-12,18,0,162,162.5,162.5,0.0,3285.575497,0.0
2019-01-12,18,0,163,185.4,185.4,0.0,-185400.0,0.0
2019-01-12,18,0,164,8.3,8.3,0.0,102.976979,0.0
2019-01-12,18,0,167,0.64,0.64,0.0,10.387375,0.0
2019-01-12,18,0,168,0.32,0.32,0.0,5.193688,0.0
2019-01-12,18,0,169,0.0,0.0,0.0,0.0,0.0
2019-01-12,18,0,170,0.7,0.7,0.0,11.361192,0.0
2019-01-12,18,0,172,1.04,1.04,0.0,19.079831,0.0
2019-01-12,18,0,173,1.58,1.58,0.0,28.986666,0.0
2019-01-12,18,0,188,1.26,1.26,0.0,33.502806,0.0
2019-01-12,18,0,190,1.37,1.37,0.0,44.425753,0.0
2019-01-12,18,0,191,3.53,3.53,0.0,114.469277,0.0
2019-01-12,18,0,192,332.6,332.6,0.0,10785.405497,0.0
2019-01-12,18,0,194,98.98,98.98,0.0,-12624.516991,0.0
2019-01-12,18,0,196,1.0,1.0,0.0,266.991475,0.0
2019-01-12,18,0,198,2.44,2.44,0.0,16.183181,0.0
2019-01-12,18,0,199,130.0,130.0,0.0,-4460.723947,0.0
2019-01-12,18,0,200,3.47,3.47,0.0,-119.067016,0.0
2019-01-12,18,0,204,257.1,257.1,0.0,2576.117352,0.0
2019-01-12,18,0,205,317.4,317.4,0.0,3146.311767,0.0
2019-01-12,18,0,206,207.06,207.06,0.0,2575.114005,0.0
2019-01-12,18,0,210,0.49,0.49,0.0,2.493927,0.0
2019-01-12,18,0,214,3.46,3.46,0.0,23.858371,0.0
2019-01-12,18,0,217,2.18,2.18,0.0,13.295401,0.0
2019-01-12,18,0,218,3.0,3.0,0.0,18.296424,0.0
2019-01-12,18,0,219,2.05,2.05,0.0,12.502556,0.0
2019-01-12,18,0,221,1.85,1.85,0.0,12.756644,0.0
2019-01-12,18,0,225,1.64,1.64,0.0,8.550015,0.0
2019-01-12,18,0,233,2.28,2.28,0.0,16.688945,0.0
2019-01-12,18,0,236,49.49,49.49,0.0,417.236294,0.0
2019-01-12,18,0,237,50.53,50.53,0.0,449.480051,0.0
2019-01-12,18,0,238,28.46,28.46,0.0,233.177772,0.0
2019-01-12,18,0,240,3.76,3.76,0.0,34.10753,0.0
2019-01-12,18,0,245,2.14,2.14,0.0,16.972927,0.0
2019-01-12,18,0,247,13.66,13.66,0.0,108.341209,0.0
2019-01-12,18,0,248,5.07,5.07,0.0,45.099225,0.0
2019-01-12,18,0,249,4.12,4.12,0.0,32.676851,0.0
2019-01-12,18,0,251,44.86,44.86,0.0,363.991049,0.0
2019-01-12,18,0,252,36.25,36.25,0.0,292.409717,0.0
2019-01-12,18,0,254,5.13,5.13,0.0,44.200605,0.0
2019-01-12,18,0,255,2.35,2.35,0.0,20.24784,0.0
2019-01-12,18,0,258,4.62,4.62,0.0,41.715442,0.0
2019-01-12,18,0,260,1.67,1.67,0.0,13.411701,0.0
2019-01-12,18,0,265,28.48,28.48,0.0,310.698216,0.0
2019-01-12,18,0,266,13.99,13.99,0.0,152.621771,0.0
2019-01-12,18,0,267,17.19,17.19,0.0,187.531683,0.0
2019-01-12,18,0,270,579.0,579.0,0.0,-579000.0,0.0
2019-01-12,18,0,272,149.24,149.24,0.0,-39261.417188,0.0
2019-01-12,18,0,273,5.41,5.41,0.0,-5410.0,0.0
2019-01-12,18,0,274,746.4,746.4,0.0,-746400.0,0.0
2019-01-12,18,0,275,1039.0,1039.0,0.0,-1039000.0,0.0
2019-01-12,18,0,276,1.31,1.31,0.0,-1180.608415,0.0
2019-01-12,18,0,277,1.82,1.82,0.0,-500.69715,0.0
2019-01-12,18,0,278,2.91,2.91,0.0,-800.565223,0.0
2019-01-12,18,0,279,196.23,196.23,0.0,-53984.506441,0.0
2019-01-12,18,0,281,2.38,2.38,0.0,29.528339,0.0
2019-01-12,18,0,282,108.88,108.88,0.0,1350.859455,0.0
2019-01-12,19,0,9,0.0,0.0,0.0,0.0,0.0
2019-01-12,19,0,17,0.0,0.0,0.0,0.0,0.0
2019-01-12,19,0,19,0.0,0.0,0.0,0.0,0.0
2019-01-12,19,0,20,0.0,0.0,0.0,0.0,0.0
2019-01-12,19,0,21,0.0,0.0,0.0,0.0,0.0
2019-01-12,19,0,22,0.0,0.0,0.0,0.0,0.0
2019-01-12,19,0,23,11.62,11.62,0.0,72.099704,0.0
2019-01-12,19,0,24,20.57,20.57,0.0,127.632608,0.0
2019-01-12,19,0,29,0.0,0.0,0.0,0.0,0.0
2019-01-12,19,0,30,0.06,0.06,0.0,0.369548,0.0
2019-01-12,19,0,31,0.83,0.83,0.0,5.112079,0.0
2019-01-12,19,0,32,0.0,0.0,0.0,0.0,0.0
2019-01-12,19,0,33,0.0,0.0,0.0,0.0,0.0
2019-01-12,19,0,34,0.0,0.0,0.0,0.0,0.0
2019-01-12,19,0,35,0.0,0.0,0.0,0.0,0.0
2019-01-12,19,0,36,0.0,0.0,0.0,0.0,0.0
2019-01-12,19,0,37,0.0,0.0,0.0,0.0,0.0
2019-01-12,19,0,38,0.0,0.0,0.0,0.0,0.0
2019-01-12,19,0,39,0.0,0.0,0.0,0.0,0.0
2019-01-12,19,0,40,0.0,0.0,0.0,0.0,0.0
2019-01-12,19,0,41,8.14,8.14,0.0,70.670663,0.0
2019-01-12,19,0,42,0.0,0.0,0.0,0.0,0.0
2019-01-12,19,0,43,0.0,0.0,0.0,0.0,0.0
2019-01-12,19,0,46,0.0,0.0,0.0,0.0,0.0
2019-01-12,19,0,52,0.88,0.88,0.0,5.420036,0.0
2019-01-12,19,0,53,1.4,1.4,0.0,8.622784,0.0
2019-01-12,19,0,55,9.23,9.23,0.0,57.270246,0.0
2019-01-12,19,0,56,0.02,0.02,0.0,0.123183,0.0
2019-01-12,19,0,57,0.02,0.02,0.0,0.123183,0.0
2019-01-12,19,0,58,0.03,0.03,0.0,0.184774,0.0
2019-01-12,19,0,59,0.03,0.03,0.0,0.184774,0.0
2019-01-12,19,0,63,170.0,170.0,0.0,4622.1504,0.0
2019-01-12,19,0,64,200.0,200.0,0.0,5437.824,0.0
2019-01-12,19,0,65,4.08,4.08,0.0,59.565073,0.0
2019-01-12,19,0,67,0.0,0.0,0.0,-0.0,0.0
2019-01-12,19,0,68,1.83,1.83,0.0,-12.218465,0.0
2019-01-12,19,0,69,0.0,0.0,0.0,0.0,0.0
2019-01-12,19,0,74,13.25,13.25,0.0,165.465801,0.0
2019-01-12,19,0,77,10.75,10.75,0.0,19.745058,0.0
2019-01-12,19,0,78,8.12,8.12,0.0,14.914406,0.0
2019-01-12,19,0,79,4.7,4.7,0.0,8.632723,0.0
2019-01-12,19,0,80,7.6,7.6,0.0,13.959297,0.0
2019-01-12,19,0,81,9.94,9.94,0.0,18.257291,0.0
2019-01-12,19,0,82,7.01,7.01,0.0,12.875614,0.0
2019-01-12,19,0,83,15.64,15.64,0.0,28.726763,0.0
2019-01-12,19,0,84,0.0,0.0,0.0,0.0,0.0
2019-01-12,19,0,86,0.0,0.0,0.0,0.0,0.0
2019-01-12,19,0,87,0.0,0.0,0.0,0.0,0.0
2019-01-12,19,0,88,17.12,17.12,0.0,31.445153,0.0
2019-01-12,19,0,89,16.46,16.46,0.0,30.232898,0.0
2019-01-12,19,0,90,22.1,22.1,0.0,40.592165,0.0
2019-01-12,19,0,91,78.84,78.84,0.0,144.809336,0.0
2019-01-12,19,0,92,28.35,28.35,0.0,52.07185,0.0
2019-01-12,19,0,95,120.0,120.0,0.0,2662.242199,0.0
2019-01-12,19,0,96,4.6,4.6,0.0,28.112486,0.0
2019-01-12,19,0,97,28.31,28.31,0.0,173.014019,0.0
2019-01-12,19,0,99,2.56,2.56,0.0,31.969242,0.0
2019-01-12,19,0,101,0.0,0.0,0.0,0.0,0.0
2019-01-12,19,0,102,5.23,5.23,0.0,-34.919439,0.0
2019-01-12,19,0,103,4.39,4.39,0.0,-29.310963,0.0
2019-01-12,19,0,104,0.63,0.63,0.0,-4.206357,0.0
2019-01-12,19,0,106,0.0,0.0,0.0,0.0,0.0
2019-01-12,19,0,109,36.07,36.07,0.0,363.442771,0.0
2019-01-12,19,0,110,338.6,338.6,0.0,-15842.079452,0.0
2019-01-12,19,0,111,0.0,0.0,0.0,0.0,0.0
2019-01-12,19,0,113,22.97,22.97,0.0,66.251414,0.0
2019-01-12,19,0,115,22.97,22.97,0.0,66.251414,0.0
2019-01-12,19,0,116,0.0,0.0,0.0,-0.0,0.0
2019-01-12,19,0,117,1.53,1.53,0.0,4.412915,0.0
2019-01-12,19,0,119,200.0,200.0,0.0,5437.824,0.0
2019-01-12,19,0,120,117.6,117.6,0.0,3197.440512,0.0
2019-01-12,19,0,123,0.0,0.0,0.0,0.0,0.0
2019-01-12,19,0,125,18.61,18.61,0.0,115.471212,0.0
2019-01-12,19,0,126,0.0,0.0,0.0,0.0,0.0
2019-01-12,19,0,127,0.0,0.0,0.0,0.0,0.0
2019-01-12,19,0,128,26.65,26.65,0.0,165.357754,0.0
2019-01-12,19,0,131,3.68,3.68,0.0,-14.866416,0.0
2019-01-12,19,0,132,5.41,5.41,0.0,-21.855247,0.0
2019-01-12,19,0,133,3.62,3.62,0.0,53.154306,0.0
2019-01-12,19,0,134,0.0,0.0,0.0,0.0,0.0
2019-01-12,19,0,135,4.91,4.91,0.0,72.096034,0.0
2019-01-12,19,0,136,4.93,4.93,0.0,71.95363,0.0
2019-01-12,19,0,139,10.51,10.51,0.0,91.246766,0.0
2019-01-12,19,0,140,250.6,250.6,0.0,-11724.823126,0.0
2019-01-12,19,0,141,26.14,26.14,0.0,-432.629832,0.0
2019-01-12,19,0,142,0.0,0.0,0.0,-0.0,0.0
2019-01-12,19,0,143,1.7,1.7,0.0,10.470524,0.0
2019-01-12,19,0,145,12.19,12.19,0.0,92.825299,0.0
2019-01-12,19,0,146,81.11,81.11,0.0,-3794.89387,0.0
2019-01-12,19,0,152,0.0,0.0,0.0,0.0,0.0
2019-01-12,19,0,153,0.0,0.0,0.0,0.0,0.0
2019-01-12,19,0,154,0.0,0.0,0.0,0.0,0.0
2019-01-12,19,0,157,20.25,20.25,0.0,-335.147441,0.0
2019-01-12,19,0,158,0.0,0.0,0.0,-0.0,0.0
2019-01-12,19,0,159,0.0,0.0,0.0,0.0,0.0
2019-01-12,19,0,160,0.0,0.0,0.0,0.0,0.0
2019-01-12,19,0,161,0.0,0.0,0.0,0.0,0.0
2019-01-12,19,0,162,162.5,162.5,0.0,3614.219292,0.0
2019-01-12,19,0,163,144.77,144.77,0.0,-6773.354525,0.0
2019-01-12,19,0,164,0.38,0.38,0.0,2.34047,0.0
2019-01-12,19,0,167,0.0,0.0,0.0,0.0,0.0
2019-01-12,19,0,168,0.0,0.0,0.0,0.0,0.0
2019-01-12,19,0,169,0.0,0.0,0.0,0.0,0.0
2019-01-12,19,0,170,0.0,0.0,0.0,0.0,0.0
2019-01-12,19,0,172,0.0,0.0,0.0,0.0,0.0
2019-01-12,19,0,173,0.0,0.0,0.0,0.0,0.0
2019-01-12,19,0,188,0.0,0.0,0.0,0.0,0.0
2019-01-12,19,0,190,0.0,0.0,0.0,0.0,0.0
2019-01-12,19,0,191,0.0,0.0,0.0,0.0,0.0
2019-01-12,19,0,192,282.02,282.02,0.0,7667.875622,0.0
2019-01-12,19,0,194,176.5,176.5,0.0,1978.774742,0.0
2019-01-12,19,0,196,0.0,0.0,0.0,0.0,0.0
2019-01-12,19,0,198,0.0,0.0,0.0,0.0,0.0
2019-01-12,19,0,199,114.27,114.27,0.0,1348.589051,0.0
2019-01-12,19,0,200,0.0,0.0,0.0,0.0,0.0
2019-01-12,19,0,204,181.46,181.46,0.0,1787.628837,0.0
2019-01-12,19,0,205,190.79,190.79,0.0,1922.407717,0.0
2019-01-12,19,0,206,83.18,83.18,0.0,508.347089,0.0
2019-01-12,19,0,210,0.0,0.0,0.0,0.0,0.0
2019-01-12,19,0,214,0.0,0.0,0.0,0.0,0.0
2019-01-12,19,0,217,0.0,0.0,0.0,0.0,0.0
2019-01-12,19,0,218,0.0,0.0,0.0,0.0,0.0
2019-01-12,19,0,219,0.0,0.0,0.0,0.0,0.0
2019-01-12,19,0,221,0.0,0.0,0.0,0.0,0.0
2019-01-12,19,0,225,0.0,0.0,0.0,0.0,0.0
2019-01-12,19,0,233,0.0,0.0,0.0,0.0,0.0
2019-01-12,19,0,236,32.03,32.03,0.0,436.073525,0.0
2019-01-12,19,0,237,31.77,31.77,0.0,396.743284,0.0
2019-01-12,19,0,238,0.0,0.0,0.0,0.0,0.0
2019-01-12,19,0,240,0.0,0.0,0.0,0.0,0.0
2019-01-12,19,0,245,0.0,0.0,0.0,0.0,0.0
2019-01-12,19,0,247,4.46,4.46,0.0,66.71856,0.0
2019-01-12,19,0,248,3.19,3.19,0.0,39.836672,0.0
2019-01-12,19,0,249,0.0,0.0,0.0,0.0,0.0
2019-01-12,19,0,251,38.86,38.86,0.0,562.416972,0.0
2019-01-12,19,0,252,26.32,26.32,0.0,384.253118,0.0
2019-01-12,19,0,254,0.0,0.0,0.0,0.0,0.0
2019-01-12,19,0,255,0.0,0.0,0.0,0.0,0.0
2019-01-12,19,0,258,0.0,0.0,0.0,0.0,0.0
2019-01-12,19,0,260,0.0,0.0,0.0,0.0,0.0
2019-01-12,19,0,265,0.0,0.0,0.0,0.0,0.0
2019-01-12,19,0,266,6.81,6.81,0.0,59.123737,0.0
2019-01-12,19,0,267,8.36,8.36,0.0,72.580681,0.0
2019-01-12,19,0,270,452.13,452.13,0.0,-21153.807981,0.0
2019-01-12,19,0,272,76.78,76.78,0.0,221.453354,0.0
2019-01-12,19,0,273,0.0,0.0,0.0,-0.0,0.0
2019-01-12,19,0,274,582.85,582.85,0.0,-27269.805104,0.0
2019-01-12,19,0,275,811.33,811.33,0.0,-37959.699709,0.0
2019-01-12,19,0,276,0.0,0.0,0.0,-0.0,0.0
2019-01-12,19,0,277,0.0,0.0,0.0,0.0,0.0
2019-01-12,19,0,278,0.0,0.0,0.0,0.0,0.0
2019-01-12,19,0,279,90.8,90.8,0.0,223.758,0.0
2019-01-12,19,0,281,0.37,0.37,0.0,2.278879,0.0
2019-01-12,19,0,282,0.03,0.03,0.0,0.184774,0.0
2019-01-12,20,0,9,0.0,0.0,0.0,0.0,0.0
2019-01-12,20,0,17,0.0,0.0,0.0,0.0,0.0
2019-01-12,20,0,19,25.81,25.81,0.0,409.572959,0.0
2019-01-12,20,0,20,31.3,31.3,0.0,496.692508,0.0
2019-01-12,20,0,21,0.0,0.0,0.0,0.0,0.0
2019-01-12,20,0,22,0.0,0.0,0.0,0.0,0.0
2019-01-12,20,0,23,12.36,12.36,0.0,131.051203,0.0
2019-01-12,20,0,24,21.86,21.86,0.0,231.77826,0.0
2019-01-12,20,0,29,0.0,0.0,0.0,0.0,0.0
2019-01-12,20,0,30,0.0,0.0,0.0,0.0,0.0
2019-01-12,20,0,31,1.46,1.46,0.0,15.441975,0.0
2019-01-12,20,0,32,0.0,0.0,0.0,0.0,0.0
2019-01-12,20,0,33,0.0,0.0,0.0,0.0,0.0
2019-01-12,20,0,34,0.0,0.0,0.0,0.0,0.0
2019-01-12,20,0,35,0.0,0.0,0.0,0.0,0.0
2019-01-12,20,0,36,0.0,0.0,0.0,0.0,0.0
2019-01-12,20,0,37,0.0,0.0,0.0,0.0,0.0
2019-01-12,20,0,38,0.0,0.0,0.0,0.0,0.0
2019-01-12,20,0,39,0.0,0.0,0.0,0.0,0.0
2019-01-12,20,0,40,0.0,0.0,0.0,0.0,0.0
2019-01-12,20,0,41,12.71,12.71,0.0,153.203216,0.0
2019-01-12,20,0,42,0.0,0.0,0.0,0.0,0.0
2019-01-12,20,0,43,0.0,0.0,0.0,0.0,0.0
2019-01-12,20,0,46,0.0,0.0,0.0,0.0,0.0
2019-01-12,20,0,52,1.55,1.55,0.0,16.393877,0.0
2019-01-12,20,0,53,2.46,2.46,0.0,26.01867,0.0
2019-01-12,20,0,55,12.85,12.85,0.0,136.246598,0.0
2019-01-12,20,0,56,0.0,0.0,0.0,0.0,0.0
2019-01-12,20,0,57,0.0,0.0,0.0,0.0,0.0
2019-01-12,20,0,58,0.0,0.0,0.0,0.0,0.0
2019-01-12,20,0,59,0.0,0.0,0.0,0.0,0.0
2019-01-12,20,0,63,170.0,170.0,0.0,4159.18235,0.0
2019-01-12,20,0,64,200.0,200.0,0.0,4893.155706,0.0
2019-01-12,20,0,65,4.62,4.62,0.0,73.071003,0.0
2019-01-12,20,0,67,0.0,0.0,0.0,-0.0,0.0
2019-01-12,20,0,68,1.4,1.4,0.0,3.897765,0.0
2019-01-12,20,0,69,0.0,0.0,0.0,0.0,0.0
2019-01-12,20,0,74,8.55,8.55,0.0,123.045485,0.0
2019-01-12,20,0,77,15.07,15.07,0.0,122.188573,0.0
2019-01-12,20,0,78,11.44,11.44,0.0,92.756289,0.0
2019-01-12,20,0,79,6.66,6.66,0.0,53.999728,0.0
2019-01-12,20,0,80,10.72,10.72,0.0,86.91848,0.0
2019-01-12,20,0,81,13.96,13.96,0.0,113.188618,0.0
2019-01-12,20,0,82,9.9,9.9,0.0,80.269865,0.0
2019-01-12,20,0,83,21.76,21.76,0.0,176.431542,0.0
2019-01-12,20,0,84,0.0,0.0,0.0,0.0,0.0
2019-01-12,20,0,86,0.0,0.0,0.0,0.0,0.0
2019-01-12,20,0,87,0.0,0.0,0.0,0.0,0.0
2019-01-12,20,0,88,27.56,27.56,0.0,223.458332,0.0
2019-01-12,20,0,89,26.5,26.5,0.0,214.863781,0.0
2019-01-12,20,0,90,35.55,35.55,0.0,288.241789,0.0
2019-01-12,20,0,91,126.57,126.57,0.0,1026.238065,0.0
2019-01-12,20,0,92,45.58,45.58,0.0,369.565703,0.0
2019-01-12,20,0,95,120.0,120.0,0.0,2569.875868,0.0
2019-01-12,20,0,96,4.66,4.66,0.0,49.16003,0.0
2019-01-12,20,0,97,33.64,33.64,0.0,354.880562,0.0
2019-01-12,20,0,99,1.65,1.65,0.0,23.74562,0.0
2019-01-12,20,0,101,0.0,0.0,0.0,0.0,0.0
2019-01-12,20,0,102,3.3,3.3,0.0,9.187589,0.0
2019-01-12,20,0,103,2.87,2.87,0.0,7.990418,0.0
2019-01-12,20,0,104,0.53,0.53,0.0,1.475582,0.0
2019-01-12,20,0,106,0.0,0.0,0.0,0.0,0.0
2019-01-12,20,0,109,28.93,28.93,0.0,370.154311,0.0
2019-01-12,20,0,110,257.04,257.04,0.0,-5751.666684,0.0
2019-01-12,20,0,111,0.0,0.0,0.0,0.0,0.0
2019-01-12,20,0,113,17.5,17.5,0.0,154.336708,0.0
2019-01-12,20,0,115,17.5,17.5,0.0,154.336708,0.0
2019-01-12,20,0,116,0.0,0.0,0.0,-0.0,0.0
2019-01-12,20,0,117,1.17,1.17,0.0,10.318511,0.0
2019-01-12,20,0,119,200.0,200.0,0.0,4893.155706,0.0
2019-01-12,20,0,120,117.6,117.6,0.0,2877.175555,0.0
2019-01-12,20,0,123,0.0,0.0,0.0,0.0,0.0
2019-01-12,20,0,125,19.78,19.78,0.0,209.724336,0.0
2019-01-12,20,0,126,0.0,0.0,0.0,0.0,0.0
2019-01-12,20,0,127,0.0,0.0,0.0,0.0,0.0
2019-01-12,20,0,128,28.34,28.34,0.0,300.484716,0.0
2019-01-12,20,0,131,3.74,3.74,0.0,16.599079,0.0
2019-01-12,20,0,132,5.49,5.49,0.0,24.366028,0.0
2019-01-12,20,0,133,5.75,5.75,0.0,91.273889,0.0
2019-01-12,20,0,134,0.0,0.0,0.0,0.0,0.0
2019-01-12,20,0,135,7.66,7.66,0.0,121.592694,0.0
2019-01-12,20,0,136,5.95,5.95,0.0,94.089435,0.0
2019-01-12,20,0,139,17.01,17.01,0.0,205.03436,0.0
2019-01-12,20,0,140,190.24,190.24,0.0,-4256.913593,0.0
2019-01-12,20,0,141,26.82,26.82,0.0,-91.444216,0.0
2019-01-12,20,0,142,0.0,0.0,0.0,-0.0,0.0
2019-01-12,20,0,143,3.13,3.13,0.0,33.105056,0.0
2019-01-12,20,0,145,8.69,8.69,0.0,99.080675,0.0
2019-01-12,20,0,146,51.96,51.96,0.0,-1162.685189,0.0
2019-01-12,20,0,152,0.0,0.0,0.0,0.0,0.0
2019-01-12,20,0,153,0.0,0.0,0.0,0.0,0.0
2019-01-12,20,0,154,0.0,0.0,0.0,0.0,0.0
2019-01-12,20,0,157,14.47,14.47,0.0,-49.336235,0.0
2019-01-12,20,0,158,0.0,0.0,0.0,-0.0,0.0
2019-01-12,20,0,159,0.0,0.0,0.0,0.0,0.0
2019-01-12,20,0,160,0.0,0.0,0.0,0.0,0.0
2019-01-12,20,0,161,0.0,0.0,0.0,0.0,0.0
2019-01-12,20,0,162,162.5,162.5,0.0,3485.461128,0.0
2019-01-12,20,0,163,104.23,104.23,0.0,-2332.307106,0.0
2019-01-12,20,0,164,0.0,0.0,0.0,0.0,0.0
2019-01-12,20,0,167,0.0,0.0,0.0,0.0,0.0
2019-01-12,20,0,168,0.0,0.0,0.0,0.0,0.0
2019-01-12,20,0,169,0.0,0.0,0.0,0.0,0.0
2019-01-12,20,0,170,0.0,0.0,0.0,0.0,0.0
2019-01-12,20,0,172,0.0,0.0,0.0,0.0,0.0
2019-01-12,20,0,173,0.0,0.0,0.0,0.0,0.0
2019-01-12,20,0,188,0.0,0.0,0.0,0.0,0.0
2019-01-12,20,0,190,0.0,0.0,0.0,0.0,0.0
2019-01-12,20,0,191,0.0,0.0,0.0,0.0,0.0
2019-01-12,20,0,192,165.41,165.41,0.0,4046.884427,0.0
2019-01-12,20,0,194,176.5,176.5,0.0,2487.428884,0.0
2019-01-12,20,0,196,0.0,0.0,0.0,0.0,0.0
2019-01-12,20,0,198,0.0,0.0,0.0,0.0,0.0
2019-01-12,20,0,199,111.05,111.05,0.0,1342.222726,0.0
2019-01-12,20,0,200,0.0,0.0,0.0,0.0,0.0
2019-01-12,20,0,204,276.04,276.04,0.0,3492.351405,0.0
2019-01-12,20,0,205,153.02,153.02,0.0,1957.864248,0.0
2019-01-12,20,0,206,127.44,127.44,0.0,1344.410784,0.0
2019-01-12,20,0,210,0.0,0.0,0.0,0.0,0.0
2019-01-12,20,0,214,0.0,0.0,0.0,0.0,0.0
2019-01-12,20,0,217,0.0,0.0,0.0,0.0,0.0
2019-01-12,20,0,218,0.0,0.0,0.0,0.0,0.0
2019-01-12,20,0,219,0.0,0.0,0.0,0.0,0.0
2019-01-12,20,0,221,0.0,0.0,0.0,0.0,0.0
2019-01-12,20,0,225,0.0,0.0,0.0,0.0,0.0
2019-01-12,20,0,233,0.0,0.0,0.0,0.0,0.0
2019-01-12,20,0,236,20.56,20.56,0.0,311.312809,0.0
2019-01-12,20,0,237,20.5,20.5,0.0,295.021338,0.0
2019-01-12,20,0,238,0.0,0.0,0.0,0.0,0.0
2019-01-12,20,0,240,0.0,0.0,0.0,0.0,0.0
2019-01-12,20,0,245,0.0,0.0,0.0,0.0,0.0
2019-01-12,20,0,247,6.73,6.73,0.0,108.096988,0.0
2019-01-12,20,0,248,2.06,2.06,0.0,29.646047,0.0
2019-01-12,20,0,249,0.0,0.0,0.0,0.0,0.0
2019-01-12,20,0,251,40.14,40.14,0.0,631.401375,0.0
2019-01-12,20,0,252,29.79,29.79,0.0,471.165624,0.0
2019-01-12,20,0,254,0.0,0.0,0.0,0.0,0.0
2019-01-12,20,0,255,0.0,0.0,0.0,0.0,0.0
2019-01-12,20,0,258,0.0,0.0,0.0,0.0,0.0
2019-01-12,20,0,260,0.0,0.0,0.0,0.0,0.0
2019-01-12,20,0,265,0.0,0.0,0.0,0.0,0.0
2019-01-12,20,0,266,10.37,10.37,0.0,124.997431,0.0
2019-01-12,20,0,267,13.11,13.11,0.0,158.024718,0.0
2019-01-12,20,0,270,325.52,325.52,0.0,-7284.012368,0.0
2019-01-12,20,0,272,58.47,58.47,0.0,515.660991,0.0
2019-01-12,20,0,273,0.0,0.0,0.0,-0.0,0.0
2019-01-12,20,0,274,419.64,419.64,0.0,-9390.092621,0.0
2019-01-12,20,0,275,584.14,584.14,0.0,-13071.033991,0.0
2019-01-12,20,0,276,0.0,0.0,0.0,-0.0,0.0
2019-01-12,20,0,277,0.0,0.0,0.0,0.0,0.0
2019-01-12,20,0,278,0.0,0.0,0.0,0.0,0.0
2019-01-12,20,0,279,176.42,176.42,0.0,1505.589386,0.0
2019-01-12,20,0,281,0.65,0.65,0.0,6.874852,0.0
2019-01-12,20,0,282,0.0,0.0,0.0,0.0,0.0
2019-01-12,21,0,9,0.0,0.0,0.0,0.0,0.0
2019-01-12,21,0,17,0.0,0.0,0.0,0.0,0.0
2019-01-12,21,0,19,60.91,60.91,0.0,838.359245,0.0
2019-01-12,21,0,20,73.87,73.87,0.0,1016.739409,0.0
2019-01-12,21,0,21,0.0,0.0,0.0,0.0,0.0
2019-01-12,21,0,22,0.0,0.0,0.0,0.0,0.0
2019-01-12,21,0,23,16.44,16.44,0.0,221.180779,0.0
2019-01-12,21,0,24,29.08,29.08,0.0,391.237047,0.0
2019-01-12,21,0,29,0.0,0.0,0.0,0.0,0.0
2019-01-12,21,0,30,0.0,0.0,0.0,0.0,0.0
2019-01-12,21,0,31,3.44,3.44,0.0,46.288408,0.0
2019-01-12,21,0,32,0.0,0.0,0.0,0.0,0.0
2019-01-12,21,0,33,0.0,0.0,0.0,0.0,0.0
2019-01-12,21,0,34,0.0,0.0,0.0,0.0,0.0
2019-01-12,21,0,35,0.0,0.0,0.0,0.0,0.0
2019-01-12,21,0,36,0.0,0.0,0.0,0.0,0.0
2019-01-12,21,0,37,0.0,0.0,0.0,0.0,0.0
2019-01-12,21,0,38,0.0,0.0,0.0,0.0,0.0
2019-01-12,21,0,39,0.0,0.0,0.0,0.0,0.0
2019-01-12,21,0,40,0.0,0.0,0.0,0.0,0.0
2019-01-12,21,0,41,25.65,25.65,0.0,343.548097,0.0
2019-01-12,21,0,42,0.0,0.0,0.0,0.0,0.0
2019-01-12,21,0,43,0.0,0.0,0.0,0.0,0.0
2019-01-12,21,0,46,0.0,0.0,0.0,0.0,0.0
2019-01-12,21,0,52,3.64,3.64,0.0,48.979594,0.0
2019-01-12,21,0,53,5.79,5.79,0.0,77.909849,0.0
2019-01-12,21,0,55,21.16,21.16,0.0,284.682803,0.0
2019-01-12,21,0,56,0.0,0.0,0.0,0.0,0.0
2019-01-12,21,0,57,0.0,0.0,0.0,0.0,0.0
2019-01-12,21,0,58,0.0,0.0,0.0,0.0,0.0
2019-01-12,21,0,59,0.0,0.0,0.0,0.0,0.0
2019-01-12,21,0,63,127.6,127.6,0.0,2790.143989,0.0
2019-01-12,21,0,64,150.12,150.12,0.0,3282.57379,0.0
2019-01-12,21,0,65,5.25,5.25,0.0,72.203938,0.0
2019-01-12,21,0,67,0.0,0.0,0.0,0.0,0.0
2019-01-12,21,0,68,1.68,1.68,0.0,19.722458,0.0
2019-01-12,21,0,69,0.0,0.0,0.0,0.0,0.0
2019-01-12,21,0,74,6.72,6.72,0.0,90.618441,0.0
2019-01-12,21,0,77,38.63,38.63,0.0,527.99193,0.0
2019-01-12,21,0,78,29.26,29.26,0.0,399.923476,0.0
2019-01-12,21,0,79,16.97,16.97,0.0,231.944682,0.0
2019-01-12,21,0,80,27.39,27.39,0.0,374.364457,0.0
2019-01-12,21,0,81,35.75,35.75,0.0,488.628307,0.0
2019-01-12,21,0,82,25.27,25.27,0.0,345.388456,0.0
2019-01-12,21,0,83,56.0,56.0,0.0,765.403781,0.0
2019-01-12,21,0,84,0.0,0.0,0.0,0.0,0.0
2019-01-12,21,0,86,0.0,0.0,0.0,0.0,0.0
2019-01-12,21,0,87,0.0,0.0,0.0,0.0,0.0
2019-01-12,21,0,88,51.86,51.86,0.0,708.818573,0.0
2019-01-12,21,0,89,49.85,49.85,0.0,681.346045,0.0
2019-01-12,21,0,90,66.94,66.94,0.0,914.930877,0.0
2019-01-12,21,0,91,238.78,238.78,0.0,3263.627052,0.0
2019-01-12,21,0,92,85.87,85.87,0.0,1173.664691,0.0
2019-01-12,21,0,95,120.0,120.0,0.0,2501.686666,0.0
2019-01-12,21,0,96,5.05,5.05,0.0,67.963615,0.0
2019-01-12,21,0,97,31.04,31.04,0.0,417.740718,0.0
2019-01-12,21,0,99,1.3,1.3,0.0,17.530353,0.0
2019-01-12,21,0,101,0.0,0.0,0.0,0.0,0.0
2019-01-12,21,0,102,3.99,3.99,0.0,46.840838,0.0
2019-01-12,21,0,103,3.47,3.47,0.0,40.736268,0.0
2019-01-12,21,0,104,0.64,0.64,0.0,7.513317,0.0
2019-01-12,21,0,106,0.0,0.0,0.0,0.0,0.0
2019-01-12,21,0,109,35.84,35.84,0.0,474.22502,0.0
2019-01-12,21,0,110,129.92,129.92,0.0,293.639038,0.0
2019-01-12,21,0,111,0.0,0.0,0.0,0.0,0.0
2019-01-12,21,0,113,29.27,29.27,0.0,415.348701,0.0
2019-01-12,21,0,115,29.27,29.27,0.0,415.348701,0.0
2019-01-12,21,0,116,0.0,0.0,0.0,0.0,0.0
2019-01-12,21,0,117,1.97,1.97,0.0,27.954798,0.0
2019-01-12,21,0,119,150.12,150.12,0.0,3282.57379,0.0
2019-01-12,21,0,120,88.27,88.27,0.0,1930.141143,0.0
2019-01-12,21,0,123,0.0,0.0,0.0,0.0,0.0
2019-01-12,21,0,125,26.32,26.32,0.0,354.104507,0.0
2019-01-12,21,0,126,0.0,0.0,0.0,0.0,0.0
2019-01-12,21,0,127,0.0,0.0,0.0,0.0,0.0
2019-01-12,21,0,128,37.7,37.7,0.0,507.208964,0.0
2019-01-12,21,0,131,4.91,4.91,0.0,60.701169,0.0
2019-01-12,21,0,132,7.22,7.22,0.0,89.259153,0.0
2019-01-12,21,0,133,9.7,9.7,0.0,133.519688,0.0
2019-01-12,21,0,134,0.0,0.0,0.0,0.0,0.0
2019-01-12,21,0,135,12.61,12.61,0.0,173.575595,0.0
2019-01-12,21,0,136,7.15,7.15,0.0,98.330659,0.0
2019-01-12,21,0,139,33.79,33.79,0.0,452.572718,0.0
2019-01-12,21,0,140,96.16,96.16,0.0,217.336283,0.0
2019-01-12,21,0,141,33.63,33.63,0.0,316.325855,0.0
2019-01-12,21,0,142,0.0,0.0,0.0,0.0,0.0
2019-01-12,21,0,143,6.99,6.99,0.0,94.056968,0.0
2019-01-12,21,0,145,7.28,7.28,0.0,97.36013,0.0
2019-01-12,21,0,146,31.77,31.77,0.0,71.805051,0.0
2019-01-12,21,0,152,0.0,0.0,0.0,0.0,0.0
2019-01-12,21,0,153,0.0,0.0,0.0,0.0,0.0
2019-01-12,21,0,154,0.0,0.0,0.0,0.0,0.0
2019-01-12,21,0,157,14.57,14.57,0.0,137.046319,0.0
2019-01-12,21,0,158,0.0,0.0,0.0,0.0,0.0
2019-01-12,21,0,159,0.0,0.0,0.0,0.0,0.0
2019-01-12,21,0,160,0.0,0.0,0.0,0.0,0.0
2019-01-12,21,0,161,0.0,0.0,0.0,0.0,0.0
2019-01-12,21,0,162,162.5,162.5,0.0,3389.27872,0.0
2019-01-12,21,0,163,81.26,81.26,0.0,183.660008,0.0
2019-01-12,21,0,164,0.0,0.0,0.0,0.0,0.0
2019-01-12,21,0,167,0.0,0.0,0.0,0.0,0.0
2019-01-12,21,0,168,0.0,0.0,0.0,0.0,0.0
2019-01-12,21,0,169,0.0,0.0,0.0,0.0,0.0
2019-01-12,21,0,170,0.0,0.0,0.0,0.0,0.0
2019-01-12,21,0,172,0.0,0.0,0.0,0.0,0.0
2019-01-12,21,0,173,0.0,0.0,0.0,0.0,0.0
2019-01-12,21,0,188,0.0,0.0,0.0,0.0,0.0
2019-01-12,21,0,190,0.0,0.0,0.0,0.0,0.0
2019-01-12,21,0,191,0.0,0.0,0.0,0.0,0.0
2019-01-12,21,0,192,87.46,87.46,0.0,1912.429414,0.0
2019-01-12,21,0,194,176.5,176.5,0.0,2897.167629,0.0
2019-01-12,21,0,196,0.0,0.0,0.0,0.0,0.0
2019-01-12,21,0,198,0.0,0.0,0.0,0.0,0.0
2019-01-12,21,0,199,120.31,120.31,0.0,1507.67735,0.0
2019-01-12,21,0,200,0.0,0.0,0.0,0.0,0.0
2019-01-12,21,0,204,463.91,463.91,0.0,6131.717767,0.0
2019-01-12,21,0,205,166.34,166.34,0.0,2200.965116,0.0
2019-01-12,21,0,206,91.2,91.2,0.0,1227.382522,0.0
2019-01-12,21,0,210,0.0,0.0,0.0,0.0,0.0
2019-01-12,21,0,214,0.0,0.0,0.0,0.0,0.0
2019-01-12,21,0,217,0.0,0.0,0.0,0.0,0.0
2019-01-12,21,0,218,0.0,0.0,0.0,0.0,0.0
2019-01-12,21,0,219,0.0,0.0,0.0,0.0,0.0
2019-01-12,21,0,221,0.0,0.0,0.0,0.0,0.0
2019-01-12,21,0,225,0.0,0.0,0.0,0.0,0.0
2019-01-12,21,0,233,0.0,0.0,0.0,0.0,0.0
2019-01-12,21,0,236,15.79,15.79,0.0,214.920153,0.0
2019-01-12,21,0,237,16.13,16.13,0.0,217.511227,0.0
2019-01-12,21,0,238,0.0,0.0,0.0,0.0,0.0
2019-01-12,21,0,240,0.0,0.0,0.0,0.0,0.0
2019-01-12,21,0,245,12.71,12.71,0.0,175.442585,0.0
2019-01-12,21,0,247,10.33,10.33,0.0,142.590237,0.0
2019-01-12,21,0,248,1.62,1.62,0.0,21.845517,0.0
2019-01-12,21,0,249,24.45,24.45,0.0,337.495768,0.0
2019-01-12,21,0,251,43.67,43.67,0.0,599.827,0.0
2019-01-12,21,0,252,33.86,33.86,0.0,465.681018,0.0
2019-01-12,21,0,254,0.0,0.0,0.0,0.0,0.0
2019-01-12,21,0,255,0.0,0.0,0.0,0.0,0.0
2019-01-12,21,0,258,0.0,0.0,0.0,0.0,0.0
2019-01-12,21,0,260,0.0,0.0,0.0,0.0,0.0
2019-01-12,21,0,265,0.0,0.0,0.0,0.0,0.0
2019-01-12,21,0,266,21.16,21.16,0.0,283.410438,0.0
2019-01-12,21,0,267,26.41,26.41,0.0,353.7273,0.0
2019-01-12,21,0,270,253.77,253.77,0.0,573.55895,0.0
2019-01-12,21,0,272,97.76,97.76,0.0,1387.239119,0.0
2019-01-12,21,0,273,0.0,0.0,0.0,0.0,0.0
2019-01-12,21,0,274,327.14,327.14,0.0,739.386353,0.0
2019-01-12,21,0,275,455.38,455.38,0.0,1029.228334,0.0
2019-01-12,21,0,276,0.0,0.0,0.0,0.0,0.0
2019-01-12,21,0,277,0.0,0.0,0.0,0.0,0.0
2019-01-12,21,0,278,0.0,0.0,0.0,0.0,0.0
2019-01-12,21,0,279,169.01,169.01,0.0,2362.902284,0.0
2019-01-12,21,0,281,1.54,1.54,0.0,20.722136,0.0
2019-01-12,21,0,282,0.0,0.0,0.0,0.0,0.0
2019-01-12,22,0,9,0.0,0.0,0.0,0.0,0.0
2019-01-12,22,0,17,0.0,0.0,0.0,0.0,0.0
2019-01-12,22,0,19,119.78,119.78,0.0,1286.10904,0.0
2019-01-12,22,0,20,145.27,145.27,0.0,1559.801805,0.0
2019-01-12,22,0,21,0.0,0.0,0.0,0.0,0.0
2019-01-12,22,0,22,0.0,0.0,0.0,0.0,0.0
2019-01-12,22,0,23,24.93,24.93,0.0,232.72279,0.0
2019-01-12,22,0,24,44.1,44.1,0.0,411.675693,0.0
2019-01-12,22,0,29,0.0,0.0,0.0,0.0,0.0
2019-01-12,22,0,30,0.0,0.0,0.0,0.0,0.0
2019-01-12,22,0,31,7.53,7.53,0.0,70.238266,0.0
2019-01-12,22,0,32,0.0,0.0,0.0,0.0,0.0
2019-01-12,22,0,33,0.0,0.0,0.0,0.0,0.0
2019-01-12,22,0,34,0.0,0.0,0.0,0.0,0.0
2019-01-12,22,0,35,0.0,0.0,0.0,0.0,0.0
2019-01-12,22,0,36,0.0,0.0,0.0,0.0,0.0
2019-01-12,22,0,37,0.0,0.0,0.0,0.0,0.0
2019-01-12,22,0,38,0.0,0.0,0.0,0.0,0.0
2019-01-12,22,0,39,0.0,0.0,0.0,0.0,0.0
2019-01-12,22,0,40,0.0,0.0,0.0,0.0,0.0
2019-01-12,22,0,41,34.35,34.35,0.0,334.333436,0.0
2019-01-12,22,0,42,0.0,0.0,0.0,0.0,0.0
2019-01-12,22,0,43,0.0,0.0,0.0,0.0,0.0
2019-01-12,22,0,46,0.0,0.0,0.0,0.0,0.0
2019-01-12,22,0,52,7.98,7.98,0.0,74.435771,0.0
2019-01-12,22,0,53,12.68,12.68,0.0,118.276389,0.0
2019-01-12,22,0,55,68.96,68.96,0.0,643.74503,0.0
2019-01-12,22,0,56,0.0,0.0,0.0,0.0,0.0
2019-01-12,22,0,57,0.0,0.0,0.0,0.0,0.0
2019-01-12,22,0,58,0.0,0.0,0.0,0.0,0.0
2019-01-12,22,0,59,0.0,0.0,0.0,0.0,0.0
2019-01-12,22,0,63,94.21,94.21,0.0,2111.489688,0.0
2019-01-12,22,0,64,110.83,110.83,0.0,2483.98686,0.0
2019-01-12,22,0,65,6.07,6.07,0.0,65.094015,0.0
2019-01-12,22,0,67,0.0,0.0,0.0,0.0,0.0
2019-01-12,22,0,68,2.41,2.41,0.0,24.735552,0.0
2019-01-12,22,0,69,0.0,0.0,0.0,0.0,0.0
2019-01-12,22,0,74,7.17,7.17,0.0,74.27638,0.0
2019-01-12,22,0,77,65.65,65.65,0.0,567.321769,0.0
2019-01-12,22,0,78,49.63,49.63,0.0,428.883159,0.0
2019-01-12,22,0,79,28.72,28.72,0.0,248.187071,0.0
2019-01-12,22,0,80,46.45,46.45,0.0,401.402836,0.0
2019-01-12,22,0,81,60.73,60.73,0.0,524.805043,0.0
2019-01-12,22,0,82,42.84,42.84,0.0,370.20662,0.0
2019-01-12,22,0,83,95.52,95.52,0.0,825.446693,0.0
2019-01-12,22,0,84,0.0,0.0,0.0,0.0,0.0
2019-01-12,22,0,86,0.0,0.0,0.0,0.0,0.0
2019-01-12,22,0,87,0.0,0.0,0.0,0.0,0.0
2019-01-12,22,0,88,66.43,66.43,0.0,574.062226,0.0
2019-01-12,22,0,89,63.86,63.86,0.0,551.853285,0.0
2019-01-12,22,0,90,85.74,85.74,0.0,740.931736,0.0
2019-01-12,22,0,91,305.86,305.86,0.0,2643.123173,0.0
2019-01-12,22,0,92,110.0,110.0,0.0,950.577222,0.0
2019-01-12,22,0,95,120.0,120.0,0.0,2691.568394,0.0
2019-01-12,22,0,96,6.65,6.65,0.0,61.979361,0.0
2019-01-12,22,0,97,40.92,40.92,0.0,381.382777,0.0
2019-01-12,22,0,99,1.38,1.38,0.0,14.295872,0.0
2019-01-12,22,0,101,0.0,0.0,0.0,0.0,0.0
2019-01-12,22,0,102,5.71,5.71,0.0,58.60581,0.0
2019-01-12,22,0,103,4.96,4.96,0.0,50.908024,0.0
2019-01-12,22,0,104,0.92,0.92,0.0,9.442617,0.0
2019-01-12,22,0,106,0.0,0.0,0.0,0.0,0.0
2019-01-12,22,0,109,74.73,74.73,0.0,743.344072,0.0
2019-01-12,22,0,110,53.01,53.01,0.0,975.681637,0.0
2019-01-12,22,0,111,0.0,0.0,0.0,0.0,0.0
2019-01-12,22,0,113,57.36,57.36,0.0,463.510837,0.0
2019-01-12,22,0,115,57.36,57.36,0.0,463.510837,0.0
2019-01-12,22,0,116,0.0,0.0,0.0,0.0,0.0
2019-01-12,22,0,117,3.82,3.82,0.0,30.8684,0.0
2019-01-12,22,0,119,110.83,110.83,0.0,2483.98686,0.0
2019-01-12,22,0,120,65.17,65.17,0.0,1460.628202,0.0
2019-01-12,22,0,123,0.0,0.0,0.0,0.0,0.0
2019-01-12,22,0,125,39.91,39.91,0.0,372.561835,0.0
2019-01-12,22,0,126,0.0,0.0,0.0,0.0,0.0
2019-01-12,22,0,127,0.0,0.0,0.0,0.0,0.0
2019-01-12,22,0,128,57.16,57.16,0.0,533.591443,0.0
2019-01-12,22,0,131,7.45,7.45,0.0,72.476886,0.0
2019-01-12,22,0,132,10.94,10.94,0.0,106.429146,0.0
2019-01-12,22,0,133,25.99,25.99,0.0,279.094134,0.0
2019-01-12,22,0,134,0.0,0.0,0.0,0.0,0.0
2019-01-12,22,0,135,34.83,34.83,0.0,374.02265,0.0
2019-01-12,22,0,136,8.66,8.66,0.0,92.862535,0.0
2019-01-12,22,0,139,44.36,44.36,0.0,431.76219,0.0
2019-01-12,22,0,140,39.24,39.24,0.0,722.236322,0.0
2019-01-12,22,0,141,47.49,47.49,0.0,582.605627,0.0
2019-01-12,22,0,142,0.0,0.0,0.0,0.0,0.0
2019-01-12,22,0,143,14.68,14.68,0.0,136.931971,0.0
2019-01-12,22,0,145,18.69,18.69,0.0,178.639568,0.0
2019-01-12,22,0,146,18.75,18.75,0.0,345.105276,0.0
2019-01-12,22,0,152,0.0,0.0,0.0,0.0,0.0
2019-01-12,22,0,153,0.0,0.0,0.0,0.0,0.0
2019-01-12,22,0,154,0.0,0.0,0.0,0.0,0.0
2019-01-12,22,0,157,20.45,20.45,0.0,250.879871,0.0
2019-01-12,22,0,158,0.0,0.0,0.0,0.0,0.0
2019-01-12,22,0,159,0.0,0.0,0.0,0.0,0.0
2019-01-12,22,0,160,0.0,0.0,0.0,0.0,0.0
2019-01-12,22,0,161,0.0,0.0,0.0,0.0,0.0
2019-01-12,22,0,162,96.21,96.21,0.0,2158.344255,0.0
2019-01-12,22,0,163,72.06,72.06,0.0,1326.308597,0.0
2019-01-12,22,0,164,0.0,0.0,0.0,0.0,0.0
2019-01-12,22,0,167,0.0,0.0,0.0,0.0,0.0
2019-01-12,22,0,168,0.0,0.0,0.0,0.0,0.0
2019-01-12,22,0,169,0.0,0.0,0.0,0.0,0.0
2019-01-12,22,0,170,0.0,0.0,0.0,0.0,0.0
2019-01-12,22,0,172,0.0,0.0,0.0,0.0,0.0
2019-01-12,22,0,173,0.0,0.0,0.0,0.0,0.0
2019-01-12,22,0,188,0.0,0.0,0.0,0.0,0.0
2019-01-12,22,0,190,0.0,0.0,0.0,0.0,0.0
2019-01-12,22,0,191,0.0,0.0,0.0,0.0,0.0
2019-01-12,22,0,192,40.48,40.48,0.0,907.261464,0.0
2019-01-12,22,0,194,176.5,176.5,0.0,1070.569267,0.0
2019-01-12,22,0,196,0.0,0.0,0.0,0.0,0.0
2019-01-12,22,0,198,0.0,0.0,0.0,0.0,0.0
2019-01-12,22,0,199,130.0,130.0,0.0,1145.681516,0.0
2019-01-12,22,0,200,0.0,0.0,0.0,0.0,0.0
2019-01-12,22,0,204,491.54,491.54,0.0,4870.865813,0.0
2019-01-12,22,0,205,371.77,371.77,0.0,3698.019881,0.0
2019-01-12,22,0,206,120.23,120.23,0.0,1120.568214,0.0
2019-01-12,22,0,210,0.0,0.0,0.0,0.0,0.0
2019-01-12,22,0,214,0.0,0.0,0.0,0.0,0.0
2019-01-12,22,0,217,0.0,0.0,0.0,0.0,0.0
2019-01-12,22,0,218,0.0,0.0,0.0,0.0,0.0
2019-01-12,22,0,219,0.0,0.0,0.0,0.0,0.0
2019-01-12,22,0,221,0.0,0.0,0.0,0.0,0.0
2019-01-12,22,0,225,0.0,0.0,0.0,0.0,0.0
2019-01-12,22,0,233,0.0,0.0,0.0,0.0,0.0
2019-01-12,22,0,236,16.45,16.45,0.0,173.588931,0.0
2019-01-12,22,0,237,17.19,17.19,0.0,178.076844,0.0
2019-01-12,22,0,238,0.0,0.0,0.0,0.0,0.0
2019-01-12,22,0,240,0.0,0.0,0.0,0.0,0.0
2019-01-12,22,0,245,27.58,27.58,0.0,297.489603,0.0
2019-01-12,22,0,247,15.89,15.89,0.0,171.396294,0.0
2019-01-12,22,0,248,1.73,1.73,0.0,17.921637,0.0
2019-01-12,22,0,249,53.03,53.03,0.0,572.004121,0.0
2019-01-12,22,0,251,102.89,102.89,0.0,1101.122552,0.0
2019-01-12,22,0,252,39.18,39.18,0.0,420.162029,0.0
2019-01-12,22,0,254,0.0,0.0,0.0,0.0,0.0
2019-01-12,22,0,255,0.0,0.0,0.0,0.0,0.0
2019-01-12,22,0,258,0.0,0.0,0.0,0.0,0.0
2019-01-12,22,0,260,0.0,0.0,0.0,0.0,0.0
2019-01-12,22,0,265,0.0,0.0,0.0,0.0,0.0
2019-01-12,22,0,266,28.73,28.73,0.0,279.633177,0.0
2019-01-12,22,0,267,35.3,35.3,0.0,343.579921,0.0
2019-01-12,22,0,270,225.03,225.03,0.0,4141.815482,0.0
2019-01-12,22,0,272,191.7,191.7,0.0,1549.076491,0.0
2019-01-12,22,0,273,0.0,0.0,0.0,0.0,0.0
2019-01-12,22,0,274,290.09,290.09,0.0,5339.284776,0.0
2019-01-12,22,0,275,403.81,403.81,0.0,7432.371283,0.0
2019-01-12,22,0,276,0.0,0.0,0.0,0.0,0.0
2019-01-12,22,0,277,0.0,0.0,0.0,0.0,0.0
2019-01-12,22,0,278,0.0,0.0,0.0,0.0,0.0
2019-01-12,22,0,279,82.5,82.5,0.0,685.211836,0.0
2019-01-12,22,0,281,3.38,3.38,0.0,31.527933,0.0
2019-01-12,22,0,282,0.0,0.0,0.0,0.0,0.0
2019-01-12,23,0,9,0.0,0.0,0.0,0.0,0.0
2019-01-12,23,0,17,0.0,0.0,0.0,0.0,0.0
2019-01-12,23,0,19,291.65,291.65,0.0,3104.896042,0.0
2019-01-12,23,0,20,353.72,353.72,0.0,3765.691165,0.0
2019-01-12,23,0,21,0.0,0.0,0.0,0.0,0.0
2019-01-12,23,0,22,0.0,0.0,0.0,0.0,0.0
2019-01-12,23,0,23,23.64,23.64,0.0,293.033378,0.0
2019-01-12,23,0,24,41.83,41.83,0.0,518.510415,0.0
2019-01-12,23,0,29,0.0,0.0,0.0,0.0,0.0
2019-01-12,23,0,30,0.0,0.0,0.0,0.0,0.0
2019-01-12,23,0,31,7.99,7.99,0.0,99.130851,0.0
2019-01-12,23,0,32,0.0,0.0,0.0,0.0,0.0
2019-01-12,23,0,33,0.0,0.0,0.0,0.0,0.0
2019-01-12,23,0,34,0.0,0.0,0.0,0.0,0.0
2019-01-12,23,0,35,0.0,0.0,0.0,0.0,0.0
2019-01-12,23,0,36,0.0,0.0,0.0,0.0,0.0
2019-01-12,23,0,37,0.0,0.0,0.0,0.0,0.0
2019-01-12,23,0,38,0.0,0.0,0.0,0.0,0.0
2019-01-12,23,0,39,0.0,0.0,0.0,0.0,0.0
2019-01-12,23,0,40,0.0,0.0,0.0,0.0,0.0
2019-01-12,23,0,41,33.11,33.11,0.0,391.139255,0.0
2019-01-12,23,0,42,0.0,0.0,0.0,0.0,0.0
2019-01-12,23,0,43,0.0,0.0,0.0,0.0,0.0
2019-01-12,23,0,46,0.0,0.0,0.0,0.0,0.0
2019-01-12,23,0,52,8.47,8.47,0.0,105.086146,0.0
2019-01-12,23,0,53,13.45,13.45,0.0,166.872334,0.0
2019-01-12,23,0,55,124.37,124.37,0.0,1541.648106,0.0
2019-01-12,23,0,56,0.0,0.0,0.0,0.0,0.0
2019-01-12,23,0,57,0.0,0.0,0.0,0.0,0.0
2019-01-12,23,0,58,0.0,0.0,0.0,0.0,0.0
2019-01-12,23,0,59,0.0,0.0,0.0,0.0,0.0
2019-01-12,23,0,63,70.54,70.54,0.0,1564.718824,0.0
2019-01-12,23,0,64,82.99,82.99,0.0,1840.88482,0.0
2019-01-12,23,0,65,5.91,5.91,0.0,62.98958,0.0
2019-01-12,23,0,67,0.0,0.0,0.0,0.0,0.0
2019-01-12,23,0,68,2.06,2.06,0.0,30.046815,0.0
2019-01-12,23,0,69,0.0,0.0,0.0,0.0,0.0
2019-01-12,23,0,74,9.54,9.54,0.0,104.984434,0.0
2019-01-12,23,0,77,54.35,54.35,0.0,732.268417,0.0
2019-01-12,23,0,78,41.09,41.09,0.0,553.613786,0.0
2019-01-12,23,0,79,23.78,23.78,0.0,320.392695,0.0
2019-01-12,23,0,80,38.45,38.45,0.0,518.044538,0.0
2019-01-12,23,0,81,50.27,50.27,0.0,677.297761,0.0
2019-01-12,23,0,82,35.46,35.46,0.0,477.75967,0.0
2019-01-12,23,0,83,79.08,79.08,0.0,1065.460652,0.0
2019-01-12,23,0,84,0.0,0.0,0.0,0.0,0.0
2019-01-12,23,0,86,0.0,0.0,0.0,0.0,0.0
2019-01-12,23,0,87,0.0,0.0,0.0,0.0,0.0
2019-01-12,23,0,88,53.32,53.32,0.0,718.391021,0.0
2019-01-12,23,0,89,51.26,51.26,0.0,690.636229,0.0
2019-01-12,23,0,90,68.82,68.82,0.0,927.22562,0.0
2019-01-12,23,0,91,245.49,245.49,0.0,3307.535855,0.0
2019-01-12,23,0,92,88.29,88.29,0.0,1189.548823,0.0
2019-01-12,23,0,95,120.0,120.0,0.0,2691.568394,0.0
2019-01-12,23,0,96,6.09,6.09,0.0,75.62913,0.0
2019-01-12,23,0,97,37.43,37.43,0.0,464.827311,0.0
2019-01-12,23,0,99,1.84,1.84,0.0,20.24857,0.0
2019-01-12,23,0,101,0.0,0.0,0.0,0.0,0.0
2019-01-12,23,0,102,4.87,4.87,0.0,71.033005,0.0
2019-01-12,23,0,103,4.23,4.23,0.0,61.698072,0.0
2019-01-12,23,0,104,0.79,0.79,0.0,11.522808,0.0
2019-01-12,23,0,106,0.0,0.0,0.0,0.0,0.0
2019-01-12,23,0,109,70.86,70.86,0.0,809.611473,0.0
2019-01-12,23,0,110,41.65,41.65,0.0,818.918204,0.0
2019-01-12,23,0,111,0.0,0.0,0.0,0.0,0.0
2019-01-12,23,0,113,45.07,45.07,0.0,606.476159,0.0
2019-01-12,23,0,115,45.07,45.07,0.0,606.476159,0.0
2019-01-12,23,0,116,0.0,0.0,0.0,0.0,0.0
2019-01-12,23,0,117,3.0,3.0,0.0,40.368948,0.0
2019-01-12,23,0,119,82.99,82.99,0.0,1840.88482,0.0
2019-01-12,23,0,120,48.8,48.8,0.0,1082.481976,0.0
2019-01-12,23,0,123,0.0,0.0,0.0,0.0,0.0
2019-01-12,23,0,125,37.85,37.85,0.0,469.175692,0.0
2019-01-12,23,0,126,0.0,0.0,0.0,0.0,0.0
2019-01-12,23,0,127,0.0,0.0,0.0,0.0,0.0
2019-01-12,23,0,128,54.21,54.21,0.0,671.968673,0.0
2019-01-12,23,0,131,6.48,6.48,0.0,92.353714,0.0
2019-01-12,23,0,132,9.53,9.53,0.0,135.822668,0.0
2019-01-12,23,0,133,51.1,51.1,0.0,543.950285,0.0
2019-01-12,23,0,134,0.0,0.0,0.0,0.0,0.0
2019-01-12,23,0,135,68.48,68.48,0.0,728.957251,0.0
2019-01-12,23,0,136,8.93,8.93,0.0,95.183115,0.0
2019-01-12,23,0,139,42.75,42.75,0.0,505.019727,0.0
2019-01-12,23,0,140,30.83,30.83,0.0,606.176428,0.0
2019-01-12,23,0,141,41.85,41.85,0.0,662.710757,0.0
2019-01-12,23,0,142,0.0,0.0,0.0,0.0,0.0
2019-01-12,23,0,143,15.44,15.44,0.0,191.561995,0.0
2019-01-12,23,0,145,6.83,6.83,0.0,82.251132,0.0
2019-01-12,23,0,146,12.45,12.45,0.0,244.790675,0.0
2019-01-12,23,0,152,0.0,0.0,0.0,0.0,0.0
2019-01-12,23,0,153,0.0,0.0,0.0,0.0,0.0
2019-01-12,23,0,154,0.0,0.0,0.0,0.0,0.0
2019-01-12,23,0,157,12.83,12.83,0.0,203.167957,0.0
2019-01-12,23,0,158,0.0,0.0,0.0,0.0,0.0
2019-01-12,23,0,159,0.0,0.0,0.0,0.0,0.0
2019-01-12,23,0,160,0.0,0.0,0.0,0.0,0.0
2019-01-12,23,0,161,0.0,0.0,0.0,0.0,0.0
2019-01-12,23,0,162,37.22,37.22,0.0,834.758181,0.0
2019-01-12,23,0,163,47.69,47.69,0.0,937.676089,0.0
2019-01-12,23,0,164,0.0,0.0,0.0,0.0,0.0
2019-01-12,23,0,167,0.0,0.0,0.0,0.0,0.0
2019-01-12,23,0,168,0.0,0.0,0.0,0.0,0.0
2019-01-12,23,0,169,0.0,0.0,0.0,0.0,0.0
2019-01-12,23,0,170,0.0,0.0,0.0,0.0,0.0
2019-01-12,23,0,172,0.0,0.0,0.0,0.0,0.0
2019-01-12,23,0,173,0.0,0.0,0.0,0.0,0.0
2019-01-12,23,0,188,0.0,0.0,0.0,0.0,0.0
2019-01-12,23,0,190,0.0,0.0,0.0,0.0,0.0
2019-01-12,23,0,191,0.0,0.0,0.0,0.0,0.0
2019-01-12,23,0,192,36.02,36.02,0.0,798.995918,0.0
2019-01-12,23,0,194,156.88,156.88,0.0,1962.639454,0.0
2019-01-12,23,0,196,0.0,0.0,0.0,0.0,0.0
2019-01-12,23,0,198,0.0,0.0,0.0,0.0,0.0
2019-01-12,23,0,199,85.84,85.84,0.0,953.597669,0.0
2019-01-12,23,0,200,0.0,0.0,0.0,0.0,0.0
2019-01-12,23,0,204,371.87,371.87,0.0,4265.008674,0.0
2019-01-12,23,0,205,374.85,374.85,0.0,4282.851547,0.0
2019-01-12,23,0,206,109.98,109.98,0.0,1365.79502,0.0
2019-01-12,23,0,210,0.0,0.0,0.0,0.0,0.0
2019-01-12,23,0,214,0.0,0.0,0.0,0.0,0.0
2019-01-12,23,0,217,0.0,0.0,0.0,0.0,0.0
2019-01-12,23,0,218,0.0,0.0,0.0,0.0,0.0
2019-01-12,23,0,219,0.0,0.0,0.0,0.0,0.0
2019-01-12,23,0,221,0.0,0.0,0.0,0.0,0.0
2019-01-12,23,0,225,0.0,0.0,0.0,0.0,0.0
2019-01-12,23,0,233,0.0,0.0,0.0,0.0,0.0
2019-01-12,23,0,236,24.41,24.41,0.0,263.917346,0.0
2019-01-12,23,0,237,22.88,22.88,0.0,251.786568,0.0
2019-01-12,23,0,238,0.0,0.0,0.0,0.0,0.0
2019-01-12,23,0,240,0.0,0.0,0.0,0.0,0.0
2019-01-12,23,0,245,59.78,59.78,0.0,633.740714,0.0
2019-01-12,23,0,247,28.72,28.72,0.0,304.466934,0.0
2019-01-12,23,0,248,2.3,2.3,0.0,25.310713,0.0
2019-01-12,23,0,249,114.96,114.96,0.0,1218.715833,0.0
2019-01-12,23,0,251,43.91,43.91,0.0,468.876042,0.0
2019-01-12,23,0,252,38.15,38.15,0.0,406.607867,0.0
2019-01-12,23,0,254,0.0,0.0,0.0,0.0,0.0
2019-01-12,23,0,255,0.0,0.0,0.0,0.0,0.0
2019-01-12,23,0,258,0.0,0.0,0.0,0.0,0.0
2019-01-12,23,0,260,0.0,0.0,0.0,0.0,0.0
2019-01-12,23,0,265,0.0,0.0,0.0,0.0,0.0
2019-01-12,23,0,266,27.68,27.68,0.0,326.99289,0.0
2019-01-12,23,0,267,34.02,34.02,0.0,401.889383,0.0
2019-01-12,23,0,270,148.92,148.92,0.0,2928.050393,0.0
2019-01-12,23,0,272,150.64,150.64,0.0,2027.059432,0.0
2019-01-12,23,0,273,0.0,0.0,0.0,0.0,0.0
2019-01-12,23,0,274,191.98,191.98,0.0,3774.691878,0.0
2019-01-12,23,0,275,267.23,267.23,0.0,5254.249977,0.0
2019-01-12,23,0,276,0.0,0.0,0.0,0.0,0.0
2019-01-12,23,0,277,0.0,0.0,0.0,0.0,0.0
2019-01-12,23,0,278,0.0,0.0,0.0,0.0,0.0
2019-01-12,23,0,279,66.7,66.7,0.0,897.98777,0.0
2019-01-12,23,0,281,3.59,3.59,0.0,44.540645,0.0
2019-01-12,23,0,282,0.0,0.0,0.0,0.0,0.0
2019-01-13,0,0,9,0.0,0.0,0.0,0.0,0.0
2019-01-13,0,0,17,0.0,0.0,0.0,0.0,0.0
2019-01-13,0,0,19,579.01,579.01,0.0,-4.682103,0.0
2019-01-13,0,0,20,702.23,702.23,0.0,-5.678508,0.0
2019-01-13,0,0,21,0.0,0.0,0.0,0.0,0.0
2019-01-13,0,0,22,0.0,0.0,0.0,0.0,0.0
2019-01-13,0,0,23,22.59,22.59,0.0,303.582786,0.0
2019-01-13,0,0,24,39.96,39.96,0.0,537.014969,0.0
2019-01-13,0,0,29,0.0,0.0,0.0,0.0,0.0
2019-01-13,0,0,30,0.0,0.0,0.0,0.0,0.0
2019-01-13,0,0,31,8.54,8.54,0.0,114.913664,0.0
2019-01-13,0,0,32,0.0,0.0,0.0,0.0,0.0
2019-01-13,0,0,33,0.0,0.0,0.0,0.0,0.0
2019-01-13,0,0,34,0.0,0.0,0.0,0.0,0.0
2019-01-13,0,0,35,0.0,0.0,0.0,0.0,0.0
2019-01-13,0,0,36,0.0,0.0,0.0,0.0,0.0
2019-01-13,0,0,37,0.0,0.0,0.0,0.0,0.0
2019-01-13,0,0,38,0.0,0.0,0.0,0.0,0.0
2019-01-13,0,0,39,0.0,0.0,0.0,0.0,0.0
2019-01-13,0,0,40,0.0,0.0,0.0,0.0,0.0
2019-01-13,0,0,41,33.57,33.57,0.0,421.177606,0.0
2019-01-13,0,0,42,0.0,0.0,0.0,0.0,0.0
2019-01-13,0,0,43,0.0,0.0,0.0,0.0,0.0
2019-01-13,0,0,46,0.0,0.0,0.0,0.0,0.0
2019-01-13,0,0,52,9.06,9.06,0.0,121.910749,0.0
2019-01-13,0,0,53,14.39,14.39,0.0,193.630869,0.0
2019-01-13,0,0,55,129.96,129.96,0.0,1746.508142,0.0
2019-01-13,0,0,56,0.0,0.0,0.0,0.0,0.0
2019-01-13,0,0,57,0.0,0.0,0.0,0.0,0.0
2019-01-13,0,0,58,0.0,0.0,0.0,0.0,0.0
2019-01-13,0,0,59,0.0,0.0,0.0,0.0,0.0
2019-01-13,0,0,63,51.25,51.25,0.0,1132.047469,0.0
2019-01-13,0,0,64,60.29,60.29,0.0,1331.729598,0.0
2019-01-13,0,0,65,6.33,6.33,0.0,33.815075,0.0
2019-01-13,0,0,67,0.0,0.0,0.0,0.0,0.0
2019-01-13,0,0,68,1.73,1.73,0.0,27.719711,0.0
2019-01-13,0,0,69,0.0,0.0,0.0,0.0,0.0
2019-01-13,0,0,74,13.33,13.33,0.0,150.543143,0.0
2019-01-13,0,0,77,44.69,44.69,0.0,674.119344,0.0
2019-01-13,0,0,78,33.78,33.78,0.0,509.549149,0.0
2019-01-13,0,0,79,19.55,19.55,0.0,294.89893,0.0
2019-01-13,0,0,80,31.62,31.62,0.0,476.966965,0.0
2019-01-13,0,0,81,41.34,41.34,0.0,623.586791,0.0
2019-01-13,0,0,82,29.16,29.16,0.0,439.859478,0.0
2019-01-13,0,0,83,65.02,65.02,0.0,980.784063,0.0
2019-01-13,0,0,84,0.0,0.0,0.0,0.0,0.0
2019-01-13,0,0,86,0.0,0.0,0.0,0.0,0.0
2019-01-13,0,0,87,0.0,0.0,0.0,0.0,0.0
2019-01-13,0,0,88,42.28,42.28,0.0,637.766075,0.0
2019-01-13,0,0,89,40.64,40.64,0.0,613.02775,0.0
2019-01-13,0,0,90,54.57,54.57,0.0,823.152665,0.0
2019-01-13,0,0,91,194.66,194.66,0.0,2936.318451,0.0
2019-01-13,0,0,92,70.01,70.01,0.0,1056.054941,0.0
2019-01-13,0,0,95,65.71,65.71,0.0,1473.857993,0.0
2019-01-13,0,0,96,5.56,5.56,0.0,74.914462,0.0
2019-01-13,0,0,97,34.18,34.18,0.0,460.535306,0.0
2019-01-13,0,0,99,2.57,2.57,0.0,29.024447,0.0
2019-01-13,0,0,101,0.0,0.0,0.0,0.0,0.0
2019-01-13,0,0,102,4.09,4.09,0.0,65.533883,0.0
2019-01-13,0,0,103,3.56,3.56,0.0,57.041717,0.0
2019-01-13,0,0,104,0.66,0.66,0.0,10.57515,0.0
2019-01-13,0,0,106,0.0,0.0,0.0,0.0,0.0
2019-01-13,0,0,109,56.88,56.88,0.0,680.234642,0.0
2019-01-13,0,0,110,31.76,31.76,0.0,637.229452,0.0
2019-01-13,0,0,111,0.0,0.0,0.0,0.0,0.0
2019-01-13,0,0,113,34.87,34.87,0.0,531.576864,0.0
2019-01-13,0,0,115,34.87,34.87,0.0,531.576864,0.0
2019-01-13,0,0,116,0.0,0.0,0.0,0.0,0.0
2019-01-13,0,0,117,2.32,2.32,0.0,35.367316,0.0
2019-01-13,0,0,119,60.29,60.29,0.0,1331.729598,0.0
2019-01-13,0,0,120,35.45,35.45,0.0,783.045517,0.0
2019-01-13,0,0,123,0.0,0.0,0.0,0.0,0.0
2019-01-13,0,0,125,36.16,36.16,0.0,485.947479,0.0
2019-01-13,0,0,126,0.0,0.0,0.0,0.0,0.0
2019-01-13,0,0,127,0.0,0.0,0.0,0.0,0.0
2019-01-13,0,0,128,51.79,51.79,0.0,695.996127,0.0
2019-01-13,0,0,131,5.62,5.62,0.0,88.555971,0.0
2019-01-13,0,0,132,8.26,8.26,0.0,130.155217,0.0
2019-01-13,0,0,133,88.51,88.51,0.0,1016.12553,0.0
2019-01-13,0,0,134,0.0,0.0,0.0,0.0,0.0
2019-01-13,0,0,135,118.6,118.6,0.0,1361.569177,0.0
2019-01-13,0,0,136,10.16,10.16,0.0,57.259168,0.0
2019-01-13,0,0,139,43.35,43.35,0.0,543.879929,0.0
2019-01-13,0,0,140,23.5,23.5,0.0,471.501641,0.0
2019-01-13,0,0,141,37.23,37.23,0.0,633.568714,0.0
2019-01-13,0,0,142,0.0,0.0,0.0,0.0,0.0
2019-01-13,0,0,143,41.35,41.35,0.0,556.402809,0.0
2019-01-13,0,0,145,6.06,6.06,0.0,78.175699,0.0
2019-01-13,0,0,146,7.9,7.9,0.0,158.504807,0.0
2019-01-13,0,0,152,0.0,0.0,0.0,0.0,0.0
2019-01-13,0,0,153,0.0,0.0,0.0,0.0,0.0
2019-01-13,0,0,154,0.0,0.0,0.0,0.0,0.0
2019-01-13,0,0,157,7.93,7.93,0.0,134.950306,0.0
2019-01-13,0,0,158,0.0,0.0,0.0,0.0,0.0
2019-01-13,0,0,159,0.0,0.0,0.0,0.0,0.0
2019-01-13,0,0,160,0.0,0.0,0.0,0.0,0.0
2019-01-13,0,0,161,0.0,0.0,0.0,0.0,0.0
2019-01-13,0,0,162,26.93,26.93,0.0,603.914911,0.0
2019-01-13,0,0,163,30.08,30.08,0.0,603.522101,0.0
2019-01-13,0,0,164,0.0,0.0,0.0,0.0,0.0
2019-01-13,0,0,167,0.0,0.0,0.0,0.0,0.0
2019-01-13,0,0,168,0.0,0.0,0.0,0.0,0.0
2019-01-13,0,0,169,0.0,0.0,0.0,0.0,0.0
2019-01-13,0,0,170,0.0,0.0,0.0,0.0,0.0
2019-01-13,0,0,172,0.0,0.0,0.0,0.0,0.0
2019-01-13,0,0,173,0.0,0.0,0.0,0.0,0.0
2019-01-13,0,0,188,0.0,0.0,0.0,0.0,0.0
2019-01-13,0,0,190,0.0,0.0,0.0,0.0,0.0
2019-01-13,0,0,191,0.0,0.0,0.0,0.0,0.0
2019-01-13,0,0,192,32.12,32.12,0.0,709.490043,0.0
2019-01-13,0,0,194,89.42,89.42,0.0,1310.320328,0.0
2019-01-13,0,0,196,0.0,0.0,0.0,0.0,0.0
2019-01-13,0,0,198,0.0,0.0,0.0,0.0,0.0
2019-01-13,0,0,199,27.82,27.82,0.0,315.700044,0.0
2019-01-13,0,0,200,0.0,0.0,0.0,0.0,0.0
2019-01-13,0,0,204,273.71,273.71,0.0,3291.857194,0.0
2019-01-13,0,0,205,300.88,300.88,0.0,3598.259476,0.0
2019-01-13,0,0,206,100.44,100.44,0.0,1353.310887,0.0
2019-01-13,0,0,210,0.0,0.0,0.0,0.0,0.0
2019-01-13,0,0,214,0.0,0.0,0.0,0.0,0.0
2019-01-13,0,0,217,0.0,0.0,0.0,0.0,0.0
2019-01-13,0,0,218,0.0,0.0,0.0,0.0,0.0
2019-01-13,0,0,219,0.0,0.0,0.0,0.0,0.0
2019-01-13,0,0,221,0.0,0.0,0.0,0.0,0.0
2019-01-13,0,0,225,0.0,0.0,0.0,0.0,0.0
2019-01-13,0,0,233,0.0,0.0,0.0,0.0,0.0
2019-01-13,0,0,236,35.57,35.57,0.0,391.268908,0.0
2019-01-13,0,0,237,31.98,31.98,0.0,361.168022,0.0
2019-01-13,0,0,238,0.0,0.0,0.0,0.0,0.0
2019-01-13,0,0,240,0.0,0.0,0.0,0.0,0.0
2019-01-13,0,0,245,70.05,70.05,0.0,673.596324,0.0
2019-01-13,0,0,247,47.44,47.44,0.0,456.180009,0.0
2019-01-13,0,0,248,3.21,3.21,0.0,36.252325,0.0
2019-01-13,0,0,249,131.23,131.23,0.0,1261.899294,0.0
2019-01-13,0,0,251,40.12,40.12,0.0,284.265962,0.0
2019-01-13,0,0,252,40.86,40.86,0.0,218.27551,0.0
2019-01-13,0,0,254,0.0,0.0,0.0,0.0,0.0
2019-01-13,0,0,255,0.0,0.0,0.0,0.0,0.0
2019-01-13,0,0,258,0.0,0.0,0.0,0.0,0.0
2019-01-13,0,0,260,0.0,0.0,0.0,0.0,0.0
2019-01-13,0,0,265,0.0,0.0,0.0,0.0,0.0
2019-01-13,0,0,266,28.07,28.07,0.0,352.173232,0.0
2019-01-13,0,0,267,34.5,34.5,0.0,432.845619,0.0
2019-01-13,0,0,270,93.93,93.93,0.0,1884.602092,0.0
2019-01-13,0,0,272,116.55,116.55,0.0,1776.750317,0.0
2019-01-13,0,0,273,0.0,0.0,0.0,0.0,0.0
2019-01-13,0,0,274,121.09,121.09,0.0,2429.537605,0.0
2019-01-13,0,0,275,168.56,168.56,0.0,3381.970921,0.0
2019-01-13,0,0,276,0.0,0.0,0.0,0.0,0.0
2019-01-13,0,0,277,0.0,0.0,0.0,0.0,0.0
2019-01-13,0,0,278,0.0,0.0,0.0,0.0,0.0
2019-01-13,0,0,279,53.68,53.68,0.0,814.87908,0.0
2019-01-13,0,0,281,3.83,3.83,0.0,51.536222,0.0
2019-01-13,0,0,282,0.0,0.0,0.0,0.0,0.0
2019-01-13,1,0,9,0.0,0.0,0.0,0.0,0.0
2019-01-13,1,0,17,0.0,0.0,0.0,-0.0,0.0
2019-01-13,1,0,19,643.3,643.3,0.0,-402.689464,0.0
2019-01-13,1,0,20,780.2,780.2,0.0,-488.385388,0.0
2019-01-13,1,0,21,0.0,0.0,0.0,0.0,0.0
2019-01-13,1,0,22,0.0,0.0,0.0,0.0,0.0
2019-01-13,1,0,23,21.91,21.91,0.0,398.143165,0.0
2019-01-13,1,0,24,38.76,38.76,0.0,704.337246,0.0
2019-01-13,1,0,29,0.0,0.0,0.0,0.0,0.0
2019-01-13,1,0,30,0.0,0.0,0.0,0.0,0.0
2019-01-13,1,0,31,20.62,20.62,0.0,375.512203,0.0
2019-01-13,1,0,32,0.0,0.0,0.0,0.0,0.0
2019-01-13,1,0,33,0.0,0.0,0.0,0.0,0.0
2019-01-13,1,0,34,0.0,0.0,0.0,0.0,0.0
2019-01-13,1,0,35,0.0,0.0,0.0,0.0,0.0
2019-01-13,1,0,36,0.0,0.0,0.0,0.0,0.0
2019-01-13,1,0,37,0.0,0.0,0.0,0.0,0.0
2019-01-13,1,0,38,0.0,0.0,0.0,0.0,0.0
2019-01-13,1,0,39,0.0,0.0,0.0,0.0,0.0
2019-01-13,1,0,40,0.0,0.0,0.0,0.0,0.0
2019-01-13,1,0,41,35.53,35.53,0.0,572.907857,0.0
2019-01-13,1,0,42,0.0,0.0,0.0,0.0,0.0
2019-01-13,1,0,43,0.0,0.0,0.0,0.0,0.0
2019-01-13,1,0,46,0.0,0.0,0.0,0.0,0.0
2019-01-13,1,0,52,21.95,21.95,0.0,399.732922,0.0
2019-01-13,1,0,53,35.88,35.88,0.0,653.413087,0.0
2019-01-13,1,0,55,115.66,115.66,0.0,2101.745251,0.0
2019-01-13,1,0,56,0.0,0.0,0.0,0.0,0.0
2019-01-13,1,0,57,0.0,0.0,0.0,0.0,0.0
2019-01-13,1,0,58,0.0,0.0,0.0,0.0,0.0
2019-01-13,1,0,59,0.0,0.0,0.0,0.0,0.0
2019-01-13,1,0,63,35.82,35.82,0.0,885.944255,0.0
2019-01-13,1,0,64,42.14,42.14,0.0,1042.25826,0.0
2019-01-13,1,0,65,7.41,7.41,0.0,42.062137,0.0
2019-01-13,1,0,67,0.0,0.0,0.0,0.0,0.0
2019-01-13,1,0,68,1.46,1.46,0.0,32.850429,0.0
2019-01-13,1,0,69,0.0,0.0,0.0,0.0,0.0
2019-01-13,1,0,74,18.87,18.87,0.0,250.280634,0.0
2019-01-13,1,0,77,36.18,36.18,0.0,794.184615,0.0
2019-01-13,1,0,78,27.35,27.35,0.0,600.357911,0.0
2019-01-13,1,0,79,15.83,15.83,0.0,347.483208,0.0
2019-01-13,1,0,80,25.6,25.6,0.0,561.943785,0.0
2019-01-13,1,0,81,33.46,33.46,0.0,734.478088,0.0
2019-01-13,1,0,82,23.61,23.61,0.0,518.261436,0.0
2019-01-13,1,0,83,52.64,52.64,0.0,1155.496909,0.0
2019-01-13,1,0,84,0.0,0.0,0.0,0.0,0.0
2019-01-13,1,0,86,0.0,0.0,0.0,0.0,0.0
2019-01-13,1,0,87,0.0,0.0,0.0,0.0,0.0
2019-01-13,1,0,88,32.9,32.9,0.0,722.185568,0.0
2019-01-13,1,0,89,31.63,31.63,0.0,694.307888,0.0
2019-01-13,1,0,90,42.47,42.47,0.0,932.255959,0.0
2019-01-13,1,0,91,151.5,151.5,0.0,3325.565761,0.0
2019-01-13,1,0,92,54.49,54.49,0.0,1196.106127,0.0
2019-01-13,1,0,95,70.17,70.17,0.0,1783.278869,0.0
2019-01-13,1,0,96,5.08,5.08,0.0,92.720929,0.0
2019-01-13,1,0,97,31.22,31.22,0.0,569.832168,0.0
2019-01-13,1,0,99,3.64,3.64,0.0,48.278829,0.0
2019-01-13,1,0,101,0.0,0.0,0.0,0.0,0.0
2019-01-13,1,0,102,3.45,3.45,0.0,77.626014,0.0
2019-01-13,1,0,103,3.0,3.0,0.0,67.500882,0.0
2019-01-13,1,0,104,0.56,0.56,0.0,12.600165,0.0
2019-01-13,1,0,106,0.0,0.0,0.0,0.0,0.0
2019-01-13,1,0,109,45.1,45.1,0.0,666.211234,0.0
2019-01-13,1,0,110,23.67,23.67,0.0,566.736421,0.0
2019-01-13,1,0,111,0.0,0.0,0.0,0.0,0.0
2019-01-13,1,0,113,15.06,15.06,0.0,342.037078,0.0
2019-01-13,1,0,115,15.06,15.06,0.0,342.037078,0.0
2019-01-13,1,0,116,0.0,0.0,0.0,0.0,0.0
2019-01-13,1,0,117,1.03,1.03,0.0,23.392974,0.0
2019-01-13,1,0,119,42.14,42.14,0.0,1042.25826,0.0
2019-01-13,1,0,120,24.78,24.78,0.0,612.889409,0.0
2019-01-13,1,0,123,0.0,0.0,0.0,0.0,0.0
2019-01-13,1,0,125,35.08,35.08,0.0,637.465186,0.0
2019-01-13,1,0,126,0.0,0.0,0.0,0.0,0.0
2019-01-13,1,0,127,0.0,0.0,0.0,0.0,0.0
2019-01-13,1,0,128,50.24,50.24,0.0,912.949001,0.0
2019-01-13,1,0,131,4.82,4.82,0.0,107.994175,0.0
2019-01-13,1,0,132,7.08,7.08,0.0,158.630448,0.0
2019-01-13,1,0,133,139.8,139.8,0.0,1797.828914,0.0
2019-01-13,1,0,134,0.0,0.0,0.0,0.0,0.0
2019-01-13,1,0,135,187.32,187.32,0.0,2408.936424,0.0
2019-01-13,1,0,136,12.56,12.56,0.0,75.641213,0.0
2019-01-13,1,0,139,45.89,45.89,0.0,739.958952,0.0
2019-01-13,1,0,140,17.52,17.52,0.0,419.485513,0.0
2019-01-13,1,0,141,33.5,33.5,0.0,765.659113,0.0
2019-01-13,1,0,142,0.0,0.0,0.0,0.0,0.0
2019-01-13,1,0,143,57.59,57.59,0.0,1048.775353,0.0
2019-01-13,1,0,145,5.38,5.38,0.0,91.107338,0.0
2019-01-13,1,0,146,0.0,0.0,0.0,0.0,0.0
2019-01-13,1,0,152,0.0,0.0,0.0,0.0,0.0
2019-01-13,1,0,153,0.0,0.0,0.0,0.0,0.0
2019-01-13,1,0,154,0.0,0.0,0.0,0.0,0.0
2019-01-13,1,0,157,5.4,5.4,0.0,123.419678,0.0
2019-01-13,1,0,158,0.0,0.0,0.0,0.0,0.0
2019-01-13,1,0,159,0.0,0.0,0.0,0.0,0.0
2019-01-13,1,0,160,0.0,0.0,0.0,0.0,0.0
2019-01-13,1,0,161,0.0,0.0,0.0,0.0,0.0
2019-01-13,1,0,162,19.2,19.2,0.0,487.708546,0.0
2019-01-13,1,0,163,18.05,18.05,0.0,432.175429,0.0
2019-01-13,1,0,164,0.0,0.0,0.0,0.0,0.0
2019-01-13,1,0,167,0.0,0.0,0.0,0.0,0.0
2019-01-13,1,0,168,0.0,0.0,0.0,0.0,0.0
2019-01-13,1,0,169,0.0,0.0,0.0,0.0,0.0
2019-01-13,1,0,170,0.0,0.0,0.0,0.0,0.0
2019-01-13,1,0,172,0.0,0.0,0.0,0.0,0.0
2019-01-13,1,0,173,0.0,0.0,0.0,0.0,0.0
2019-01-13,1,0,188,0.0,0.0,0.0,0.0,0.0
2019-01-13,1,0,190,0.0,0.0,0.0,0.0,0.0
2019-01-13,1,0,191,0.0,0.0,0.0,0.0,0.0
2019-01-13,1,0,192,28.61,28.61,0.0,707.617675,0.0
2019-01-13,1,0,194,45.04,45.04,0.0,1042.989712,0.0
2019-01-13,1,0,196,0.0,0.0,0.0,0.0,0.0
2019-01-13,1,0,198,0.0,0.0,0.0,0.0,0.0
2019-01-13,1,0,199,53.57,53.57,0.0,737.930917,0.0
2019-01-13,1,0,200,0.0,0.0,0.0,0.0,0.0
2019-01-13,1,0,204,194.64,194.64,0.0,2905.278847,0.0
2019-01-13,1,0,205,238.58,238.58,0.0,3524.272197,0.0
2019-01-13,1,0,206,91.73,91.73,0.0,1674.269852,0.0
2019-01-13,1,0,210,0.0,0.0,0.0,0.0,0.0
2019-01-13,1,0,214,0.0,0.0,0.0,0.0,0.0
2019-01-13,1,0,217,0.0,0.0,0.0,0.0,0.0
2019-01-13,1,0,218,0.0,0.0,0.0,0.0,0.0
2019-01-13,1,0,219,0.0,0.0,0.0,0.0,0.0
2019-01-13,1,0,221,0.0,0.0,0.0,0.0,0.0
2019-01-13,1,0,225,0.0,0.0,0.0,0.0,0.0
2019-01-13,1,0,233,0.0,0.0,0.0,0.0,0.0
2019-01-13,1,0,236,50.79,50.79,0.0,639.216002,0.0
2019-01-13,1,0,237,45.26,45.26,0.0,600.302146,0.0
2019-01-13,1,0,238,0.0,0.0,0.0,0.0,0.0
2019-01-13,1,0,240,0.0,0.0,0.0,0.0,0.0
2019-01-13,1,0,245,55.3,55.3,0.0,585.934781,0.0
2019-01-13,1,0,247,72.46,72.46,0.0,767.754688,0.0
2019-01-13,1,0,248,4.54,4.54,0.0,60.215902,0.0
2019-01-13,1,0,249,106.35,106.35,0.0,1126.838409,0.0
2019-01-13,1,0,251,38.39,38.39,0.0,297.821899,0.0
2019-01-13,1,0,252,47.81,47.81,0.0,271.38877,0.0
2019-01-13,1,0,254,0.0,0.0,0.0,0.0,0.0
2019-01-13,1,0,255,0.0,0.0,0.0,0.0,0.0
2019-01-13,1,0,258,0.0,0.0,0.0,0.0,0.0
2019-01-13,1,0,260,0.0,0.0,0.0,0.0,0.0
2019-01-13,1,0,265,0.0,0.0,0.0,0.0,0.0
2019-01-13,1,0,266,29.71,29.71,0.0,479.062551,0.0
2019-01-13,1,0,267,36.51,36.51,0.0,588.709988,0.0
2019-01-13,1,0,270,56.36,56.36,0.0,1349.440841,0.0
2019-01-13,1,0,272,50.22,50.22,0.0,1140.577827,0.0
2019-01-13,1,0,273,0.0,0.0,0.0,0.0,0.0
2019-01-13,1,0,274,72.66,72.66,0.0,1739.715605,0.0
2019-01-13,1,0,275,101.14,101.14,0.0,2421.618997,0.0
2019-01-13,1,0,276,0.0,0.0,0.0,0.0,0.0
2019-01-13,1,0,277,0.0,0.0,0.0,0.0,0.0
2019-01-13,1,0,278,0.0,0.0,0.0,0.0,0.0
2019-01-13,1,0,279,42.88,42.88,0.0,960.797151,0.0
2019-01-13,1,0,281,8.51,8.51,0.0,154.976181,0.0
2019-01-13,1,0,282,0.0,0.0,0.0,0.0,0.0
2019-01-13,2,0,9,0.0,0.0,0.0,0.0,0.0
2019-01-13,2,0,17,0.0,0.0,0.0,-0.0,0.0
2019-01-13,2,0,19,643.3,643.3,0.0,-402.689464,0.0
2019-01-13,2,0,20,780.2,780.2,0.0,-488.385388,0.0
2019-01-13,2,0,21,0.0,0.0,0.0,0.0,0.0
2019-01-13,2,0,22,0.0,0.0,0.0,0.0,0.0
2019-01-13,2,0,23,21.52,21.52,0.0,391.05618,0.0
2019-01-13,2,0,24,38.07,38.07,0.0,691.798735,0.0
2019-01-13,2,0,29,0.0,0.0,0.0,0.0,0.0
2019-01-13,2,0,30,0.0,0.0,0.0,0.0,0.0
2019-01-13,2,0,31,9.8,9.8,0.0,178.468457,0.0
2019-01-13,2,0,32,0.0,0.0,0.0,0.0,0.0
2019-01-13,2,0,33,0.0,0.0,0.0,0.0,0.0
2019-01-13,2,0,34,0.0,0.0,0.0,0.0,0.0
2019-01-13,2,0,35,0.0,0.0,0.0,0.0,0.0
2019-01-13,2,0,36,0.0,0.0,0.0,0.0,0.0
2019-01-13,2,0,37,0.0,0.0,0.0,0.0,0.0
2019-01-13,2,0,38,0.0,0.0,0.0,0.0,0.0
2019-01-13,2,0,39,0.0,0.0,0.0,0.0,0.0
2019-01-13,2,0,40,0.0,0.0,0.0,0.0,0.0
2019-01-13,2,0,41,35.85,35.85,0.0,578.067736,0.0
2019-01-13,2,0,42,0.0,0.0,0.0,0.0,0.0
2019-01-13,2,0,43,0.0,0.0,0.0,0.0,0.0
2019-01-13,2,0,46,0.0,0.0,0.0,0.0,0.0
2019-01-13,2,0,52,10.39,10.39,0.0,189.212987,0.0
2019-01-13,2,0,53,16.51,16.51,0.0,300.664717,0.0
2019-01-13,2,0,55,142.84,142.84,0.0,2595.653568,0.0
2019-01-13,2,0,56,0.0,0.0,0.0,0.0,0.0
2019-01-13,2,0,57,0.0,0.0,0.0,0.0,0.0
2019-01-13,2,0,58,0.0,0.0,0.0,0.0,0.0
2019-01-13,2,0,59,0.0,0.0,0.0,0.0,0.0
2019-01-13,2,0,63,35.73,35.73,0.0,883.718264,0.0
2019-01-13,2,0,64,42.03,42.03,0.0,1039.537605,0.0
2019-01-13,2,0,65,9.32,9.32,0.0,52.904065,0.0
2019-01-13,2,0,67,0.0,0.0,0.0,0.0,0.0
2019-01-13,2,0,68,1.35,1.35,0.0,30.375397,0.0
2019-01-13,2,0,69,0.0,0.0,0.0,0.0,0.0
2019-01-13,2,0,74,17.15,17.15,0.0,227.467561,0.0
2019-01-13,2,0,77,33.89,33.89,0.0,743.916988,0.0
2019-01-13,2,0,78,25.62,25.62,0.0,562.382804,0.0
2019-01-13,2,0,79,14.83,14.83,0.0,325.532279,0.0
2019-01-13,2,0,80,23.98,23.98,0.0,526.38328,0.0
2019-01-13,2,0,81,31.35,31.35,0.0,688.161628,0.0
2019-01-13,2,0,82,22.12,22.12,0.0,485.554552,0.0
2019-01-13,2,0,83,49.31,49.31,0.0,1082.400315,0.0
2019-01-13,2,0,84,0.0,0.0,0.0,0.0,0.0
2019-01-13,2,0,86,0.0,0.0,0.0,0.0,0.0
2019-01-13,2,0,87,0.0,0.0,0.0,0.0,0.0
2019-01-13,2,0,88,31.61,31.61,0.0,693.868869,0.0
2019-01-13,2,0,89,30.39,30.39,0.0,667.088736,0.0
2019-01-13,2,0,90,40.81,40.81,0.0,895.817417,0.0
2019-01-13,2,0,91,145.56,145.56,0.0,3195.177242,0.0
2019-01-13,2,0,92,52.35,52.35,0.0,1149.131139,0.0
2019-01-13,2,0,95,25.41,25.41,0.0,645.76195,0.0
2019-01-13,2,0,96,4.9,4.9,0.0,89.435542,0.0
2019-01-13,2,0,97,30.11,30.11,0.0,549.57228,0.0
2019-01-13,2,0,99,3.31,3.31,0.0,43.901902,0.0
2019-01-13,2,0,101,0.0,0.0,0.0,0.0,0.0
2019-01-13,2,0,102,3.2,3.2,0.0,72.000941,0.0
2019-01-13,2,0,103,2.78,2.78,0.0,62.550817,0.0
2019-01-13,2,0,104,0.52,0.52,0.0,11.700153,0.0
2019-01-13,2,0,106,0.0,0.0,0.0,0.0,0.0
2019-01-13,2,0,109,42.92,42.92,0.0,634.008562,0.0
2019-01-13,2,0,110,26.14,26.14,0.0,625.876217,0.0
2019-01-13,2,0,111,0.0,0.0,0.0,0.0,0.0
2019-01-13,2,0,113,15.81,15.81,0.0,359.070797,0.0
2019-01-13,2,0,115,15.81,15.81,0.0,359.070797,0.0
2019-01-13,2,0,116,0.0,0.0,0.0,0.0,0.0
2019-01-13,2,0,117,0.84,0.84,0.0,19.077765,0.0
2019-01-13,2,0,119,42.03,42.03,0.0,1039.537605,0.0
2019-01-13,2,0,120,24.72,24.72,0.0,611.405415,0.0
2019-01-13,2,0,123,0.0,0.0,0.0,0.0,0.0
2019-01-13,2,0,125,34.45,34.45,0.0,626.01698,0.0
2019-01-13,2,0,126,0.0,0.0,0.0,0.0,0.0
2019-01-13,2,0,127,0.0,0.0,0.0,0.0,0.0
2019-01-13,2,0,128,49.34,49.34,0.0,896.594421,0.0
2019-01-13,2,0,131,4.68,4.68,0.0,104.857415,0.0
2019-01-13,2,0,132,6.87,6.87,0.0,153.925308,0.0
2019-01-13,2,0,133,138.59,138.59,0.0,1782.268306,0.0
2019-01-13,2,0,134,0.0,0.0,0.0,0.0,0.0
2019-01-13,2,0,135,185.7,185.7,0.0,2388.103214,0.0
2019-01-13,2,0,136,16.63,16.63,0.0,100.152338,0.0
2019-01-13,2,0,139,46.3,46.3,0.0,746.570047,0.0
2019-01-13,2,0,140,19.35,19.35,0.0,463.301637,0.0
2019-01-13,2,0,141,32.7,32.7,0.0,747.374717,0.0
2019-01-13,2,0,142,0.0,0.0,0.0,0.0,0.0
2019-01-13,2,0,143,34.48,34.48,0.0,627.917593,0.0
2019-01-13,2,0,145,5.12,5.12,0.0,86.704381,0.0
2019-01-13,2,0,146,6.02,6.02,0.0,144.138287,0.0
2019-01-13,2,0,152,0.0,0.0,0.0,0.0,0.0
2019-01-13,2,0,153,0.0,0.0,0.0,0.0,0.0
2019-01-13,2,0,154,0.0,0.0,0.0,0.0,0.0
2019-01-13,2,0,157,0.0,0.0,0.0,0.0,0.0
2019-01-13,2,0,158,0.0,0.0,0.0,0.0,0.0
2019-01-13,2,0,159,0.0,0.0,0.0,0.0,0.0
2019-01-13,2,0,160,0.0,0.0,0.0,0.0,0.0
2019-01-13,2,0,161,0.0,0.0,0.0,0.0,0.0
2019-01-13,2,0,162,17.39,17.39,0.0,441.731855,0.0
2019-01-13,2,0,163,17.65,17.65,0.0,422.598134,0.0
2019-01-13,2,0,164,0.0,0.0,0.0,0.0,0.0
2019-01-13,2,0,167,0.0,0.0,0.0,0.0,0.0
2019-01-13,2,0,168,0.0,0.0,0.0,0.0,0.0
2019-01-13,2,0,169,0.0,0.0,0.0,0.0,0.0
2019-01-13,2,0,170,0.0,0.0,0.0,0.0,0.0
2019-01-13,2,0,172,0.0,0.0,0.0,0.0,0.0
2019-01-13,2,0,173,0.0,0.0,0.0,0.0,0.0
2019-01-13,2,0,188,0.0,0.0,0.0,0.0,0.0
2019-01-13,2,0,190,0.0,0.0,0.0,0.0,0.0
2019-01-13,2,0,191,0.0,0.0,0.0,0.0,0.0
2019-01-13,2,0,192,26.33,26.33,0.0,651.225914,0.0
2019-01-13,2,0,194,42.47,42.47,0.0,983.476311,0.0
2019-01-13,2,0,196,0.0,0.0,0.0,0.0,0.0
2019-01-13,2,0,198,0.0,0.0,0.0,0.0,0.0
2019-01-13,2,0,199,17.13,17.13,0.0,235.967082,0.0
2019-01-13,2,0,200,0.0,0.0,0.0,0.0,0.0
2019-01-13,2,0,204,188.6,188.6,0.0,2815.123256,0.0
2019-01-13,2,0,205,210.72,210.72,0.0,3112.727963,0.0
2019-01-13,2,0,206,88.46,88.46,0.0,1614.585317,0.0
2019-01-13,2,0,210,0.0,0.0,0.0,0.0,0.0
2019-01-13,2,0,214,0.0,0.0,0.0,0.0,0.0
2019-01-13,2,0,217,0.0,0.0,0.0,0.0,0.0
2019-01-13,2,0,218,0.0,0.0,0.0,0.0,0.0
2019-01-13,2,0,219,0.0,0.0,0.0,0.0,0.0
2019-01-13,2,0,221,0.0,0.0,0.0,0.0,0.0
2019-01-13,2,0,225,0.0,0.0,0.0,0.0,0.0
2019-01-13,2,0,233,0.0,0.0,0.0,0.0,0.0
2019-01-13,2,0,236,45.49,45.49,0.0,572.513013,0.0
2019-01-13,2,0,237,41.15,41.15,0.0,545.789512,0.0
2019-01-13,2,0,238,0.0,0.0,0.0,0.0,0.0
2019-01-13,2,0,240,0.0,0.0,0.0,0.0,0.0
2019-01-13,2,0,245,61.66,61.66,0.0,653.322579,0.0
2019-01-13,2,0,247,71.89,71.89,0.0,761.715216,0.0
2019-01-13,2,0,248,4.13,4.13,0.0,54.777902,0.0
2019-01-13,2,0,249,118.58,118.58,0.0,1256.422177,0.0
2019-01-13,2,0,251,38.79,38.79,0.0,300.925018,0.0
2019-01-13,2,0,252,60.13,60.13,0.0,341.32204,0.0
2019-01-13,2,0,254,0.0,0.0,0.0,0.0,0.0
2019-01-13,2,0,255,0.0,0.0,0.0,0.0,0.0
2019-01-13,2,0,258,0.0,0.0,0.0,0.0,0.0
2019-01-13,2,0,260,0.0,0.0,0.0,0.0,0.0
2019-01-13,2,0,265,0.0,0.0,0.0,0.0,0.0
2019-01-13,2,0,266,29.98,29.98,0.0,483.416199,0.0
2019-01-13,2,0,267,36.84,36.84,0.0,594.031113,0.0
2019-01-13,2,0,270,55.11,55.11,0.0,1319.511795,0.0
2019-01-13,2,0,272,68.21,68.21,0.0,1549.159968,0.0
2019-01-13,2,0,273,0.0,0.0,0.0,0.0,0.0
2019-01-13,2,0,274,71.04,71.04,0.0,1700.927561,0.0
2019-01-13,2,0,275,98.89,98.89,0.0,2367.746714,0.0
2019-01-13,2,0,276,0.0,0.0,0.0,0.0,0.0
2019-01-13,2,0,277,0.0,0.0,0.0,0.0,0.0
2019-01-13,2,0,278,0.0,0.0,0.0,0.0,0.0
2019-01-13,2,0,279,39.69,39.69,0.0,889.319938,0.0
2019-01-13,2,0,281,4.4,4.4,0.0,80.128695,0.0
2019-01-13,2,0,282,0.0,0.0,0.0,0.0,0.0
2019-01-13,3,0,9,0.0,0.0,0.0,0.0,0.0
2019-01-13,3,0,17,0.0,0.0,0.0,-0.0,0.0
2019-01-13,3,0,19,643.3,643.3,0.0,-528.098595,0.0
2019-01-13,3,0,20,780.2,780.2,0.0,-640.482704,0.0
2019-01-13,3,0,21,0.0,0.0,0.0,0.0,0.0
2019-01-13,3,0,22,0.0,0.0,0.0,0.0,0.0
2019-01-13,3,0,23,21.04,21.04,0.0,384.86183,0.0
2019-01-13,3,0,24,37.23,37.23,0.0,681.007886,0.0
2019-01-13,3,0,29,0.0,0.0,0.0,0.0,0.0
2019-01-13,3,0,30,0.0,0.0,0.0,0.0,0.0
2019-01-13,3,0,31,10.41,10.41,0.0,190.819422,0.0
2019-01-13,3,0,32,0.0,0.0,0.0,0.0,0.0
2019-01-13,3,0,33,0.0,0.0,0.0,0.0,0.0
2019-01-13,3,0,34,0.0,0.0,0.0,0.0,0.0
2019-01-13,3,0,35,0.0,0.0,0.0,0.0,0.0
2019-01-13,3,0,36,0.0,0.0,0.0,0.0,0.0
2019-01-13,3,0,37,0.0,0.0,0.0,0.0,0.0
2019-01-13,3,0,38,0.0,0.0,0.0,0.0,0.0
2019-01-13,3,0,39,0.0,0.0,0.0,0.0,0.0
2019-01-13,3,0,40,0.0,0.0,0.0,0.0,0.0
2019-01-13,3,0,41,37.17,37.17,0.0,605.402588,0.0
2019-01-13,3,0,42,0.0,0.0,0.0,0.0,0.0
2019-01-13,3,0,43,0.0,0.0,0.0,0.0,0.0
2019-01-13,3,0,46,0.0,0.0,0.0,0.0,0.0
2019-01-13,3,0,52,11.03,11.03,0.0,202.184268,0.0
2019-01-13,3,0,53,17.53,17.53,0.0,321.331841,0.0
2019-01-13,3,0,55,147.64,147.64,0.0,2700.617895,0.0
2019-01-13,3,0,56,0.0,0.0,0.0,0.0,0.0
2019-01-13,3,0,57,0.0,0.0,0.0,0.0,0.0
2019-01-13,3,0,58,0.0,0.0,0.0,0.0,0.0
2019-01-13,3,0,59,0.0,0.0,0.0,0.0,0.0
2019-01-13,3,0,63,35.78,35.78,0.0,885.122448,0.0
2019-01-13,3,0,64,42.09,42.09,0.0,1041.218664,0.0
2019-01-13,3,0,65,11.86,11.86,0.0,67.587761,0.0
2019-01-13,3,0,67,0.0,0.0,0.0,0.0,0.0
2019-01-13,3,0,68,1.25,1.25,0.0,28.164446,0.0
2019-01-13,3,0,69,0.0,0.0,0.0,0.0,0.0
2019-01-13,3,0,74,15.87,15.87,0.0,213.989398,0.0
2019-01-13,3,0,77,31.72,31.72,0.0,697.567977,0.0
2019-01-13,3,0,78,23.98,23.98,0.0,527.354354,0.0
2019-01-13,3,0,79,13.88,13.88,0.0,305.240969,0.0
2019-01-13,3,0,80,22.44,22.44,0.0,493.48756,0.0
2019-01-13,3,0,81,29.34,29.34,0.0,645.228388,0.0
2019-01-13,3,0,82,20.7,20.7,0.0,455.222482,0.0
2019-01-13,3,0,83,46.16,46.16,0.0,1015.124143,0.0
2019-01-13,3,0,84,0.0,0.0,0.0,0.0,0.0
2019-01-13,3,0,86,0.0,0.0,0.0,0.0,0.0
2019-01-13,3,0,87,0.0,0.0,0.0,0.0,0.0
2019-01-13,3,0,88,30.16,30.16,0.0,663.261355,0.0
2019-01-13,3,0,89,28.99,28.99,0.0,637.531389,0.0
2019-01-13,3,0,90,38.92,38.92,0.0,855.906232,0.0
2019-01-13,3,0,91,138.85,138.85,0.0,3053.509257,0.0
2019-01-13,3,0,92,49.94,49.94,0.0,1098.251727,0.0
2019-01-13,3,0,95,22.56,22.56,0.0,573.332924,0.0
2019-01-13,3,0,96,4.76,4.76,0.0,87.44413,0.0
2019-01-13,3,0,97,29.25,29.25,0.0,537.340502,0.0
2019-01-13,3,0,99,3.06,3.06,0.0,41.260716,0.0
2019-01-13,3,0,101,0.0,0.0,0.0,0.0,0.0
2019-01-13,3,0,102,2.95,2.95,0.0,66.468092,0.0
2019-01-13,3,0,103,2.57,2.57,0.0,57.9061,0.0
2019-01-13,3,0,104,0.48,0.48,0.0,10.815147,0.0
2019-01-13,3,0,106,0.0,0.0,0.0,0.0,0.0
2019-01-13,3,0,109,42.96,42.96,0.0,642.852543,0.0
2019-01-13,3,0,110,28.86,28.86,0.0,691.356844,0.0
2019-01-13,3,0,111,0.0,0.0,0.0,0.0,0.0
2019-01-13,3,0,113,12.86,12.86,0.0,292.378674,0.0
2019-01-13,3,0,115,12.86,12.86,0.0,292.378674,0.0
2019-01-13,3,0,116,0.0,0.0,0.0,0.0,0.0
2019-01-13,3,0,117,0.66,0.66,0.0,15.005437,0.0
2019-01-13,3,0,119,42.09,42.09,0.0,1041.218664,0.0
2019-01-13,3,0,120,24.75,24.75,0.0,612.263292,0.0
2019-01-13,3,0,123,0.0,0.0,0.0,0.0,0.0
2019-01-13,3,0,125,33.69,33.69,0.0,616.254517,0.0
2019-01-13,3,0,126,0.0,0.0,0.0,0.0,0.0
2019-01-13,3,0,127,0.0,0.0,0.0,0.0,0.0
2019-01-13,3,0,128,48.25,48.25,0.0,882.584757,0.0
2019-01-13,3,0,131,4.53,4.53,0.0,101.643866,0.0
2019-01-13,3,0,132,6.66,6.66,0.0,149.436678,0.0
2019-01-13,3,0,133,76.84,76.84,0.0,1009.318795,0.0
2019-01-13,3,0,134,0.0,0.0,0.0,0.0,0.0
2019-01-13,3,0,135,102.82,102.82,0.0,1350.574681,0.0
2019-01-13,3,0,136,21.83,21.83,0.0,132.218174,0.0
2019-01-13,3,0,139,48.01,48.01,0.0,781.957984,0.0
2019-01-13,3,0,140,21.36,21.36,0.0,511.690305,0.0
2019-01-13,3,0,141,32.02,32.02,0.0,732.684551,0.0
2019-01-13,3,0,142,0.0,0.0,0.0,0.0,0.0
2019-01-13,3,0,143,19.31,19.31,0.0,353.959946,0.0
2019-01-13,3,0,145,4.86,4.86,0.0,83.012606,0.0
2019-01-13,3,0,146,8.68,8.68,0.0,207.934075,0.0
2019-01-13,3,0,152,0.0,0.0,0.0,0.0,0.0
2019-01-13,3,0,153,0.0,0.0,0.0,0.0,0.0
2019-01-13,3,0,154,0.0,0.0,0.0,0.0,0.0
2019-01-13,3,0,157,0.0,0.0,0.0,0.0,0.0
2019-01-13,3,0,158,0.0,0.0,0.0,0.0,0.0
2019-01-13,3,0,159,0.0,0.0,0.0,0.0,0.0
2019-01-13,3,0,160,0.0,0.0,0.0,0.0,0.0
2019-01-13,3,0,161,0.0,0.0,0.0,0.0,0.0
2019-01-13,3,0,162,15.73,15.73,0.0,399.566638,0.0
2019-01-13,3,0,163,17.39,17.39,0.0,416.586816,0.0
2019-01-13,3,0,164,0.0,0.0,0.0,0.0,0.0
2019-01-13,3,0,167,0.0,0.0,0.0,0.0,0.0
2019-01-13,3,0,168,0.0,0.0,0.0,0.0,0.0
2019-01-13,3,0,169,0.0,0.0,0.0,0.0,0.0
2019-01-13,3,0,170,0.0,0.0,0.0,0.0,0.0
2019-01-13,3,0,172,0.0,0.0,0.0,0.0,0.0
2019-01-13,3,0,173,0.0,0.0,0.0,0.0,0.0
2019-01-13,3,0,188,0.0,0.0,0.0,0.0,0.0
2019-01-13,3,0,190,0.0,0.0,0.0,0.0,0.0
2019-01-13,3,0,191,0.0,0.0,0.0,0.0,0.0
2019-01-13,3,0,192,24.44,24.44,0.0,604.594539,0.0
2019-01-13,3,0,194,40.03,40.03,0.0,927.44821,0.0
2019-01-13,3,0,196,0.0,0.0,0.0,0.0,0.0
2019-01-13,3,0,198,0.0,0.0,0.0,0.0,0.0
2019-01-13,3,0,199,13.19,13.19,0.0,180.969817,0.0
2019-01-13,3,0,200,0.0,0.0,0.0,0.0,0.0
2019-01-13,3,0,204,183.71,183.71,0.0,2776.865175,0.0
2019-01-13,3,0,205,227.28,227.28,0.0,3401.013175,0.0
2019-01-13,3,0,206,85.94,85.94,0.0,1578.770692,0.0
2019-01-13,3,0,210,0.0,0.0,0.0,0.0,0.0
2019-01-13,3,0,214,0.0,0.0,0.0,0.0,0.0
2019-01-13,3,0,217,0.0,0.0,0.0,0.0,0.0
2019-01-13,3,0,218,0.0,0.0,0.0,0.0,0.0
2019-01-13,3,0,219,0.0,0.0,0.0,0.0,0.0
2019-01-13,3,0,221,0.0,0.0,0.0,0.0,0.0
2019-01-13,3,0,225,0.0,0.0,0.0,0.0,0.0
2019-01-13,3,0,233,0.0,0.0,0.0,0.0,0.0
2019-01-13,3,0,236,40.74,40.74,0.0,522.260454,0.0
2019-01-13,3,0,237,38.07,38.07,0.0,513.331845,0.0
2019-01-13,3,0,238,0.0,0.0,0.0,0.0,0.0
2019-01-13,3,0,240,0.0,0.0,0.0,0.0,0.0
2019-01-13,3,0,245,68.63,68.63,0.0,741.223915,0.0
2019-01-13,3,0,247,71.51,71.51,0.0,772.328751,0.0
2019-01-13,3,0,248,3.82,3.82,0.0,51.508475,0.0
2019-01-13,3,0,249,131.98,131.98,0.0,1425.422298,0.0
2019-01-13,3,0,251,46.34,46.34,0.0,363.719302,0.0
2019-01-13,3,0,252,76.5,76.5,0.0,435.958156,0.0
2019-01-13,3,0,254,0.0,0.0,0.0,0.0,0.0
2019-01-13,3,0,255,0.0,0.0,0.0,0.0,0.0
2019-01-13,3,0,258,0.0,0.0,0.0,0.0,0.0
2019-01-13,3,0,260,0.0,0.0,0.0,0.0,0.0
2019-01-13,3,0,265,0.0,0.0,0.0,0.0,0.0
2019-01-13,3,0,266,31.08,31.08,0.0,506.212334,0.0
2019-01-13,3,0,267,38.2,38.2,0.0,622.178608,0.0
2019-01-13,3,0,270,54.3,54.3,0.0,1300.785746,0.0
2019-01-13,3,0,272,52.53,52.53,0.0,1194.296403,0.0
2019-01-13,3,0,273,0.0,0.0,0.0,0.0,0.0
2019-01-13,3,0,274,70.0,70.0,0.0,1676.887702,0.0
2019-01-13,3,0,275,97.44,97.44,0.0,2334.227681,0.0
2019-01-13,3,0,276,0.0,0.0,0.0,0.0,0.0
2019-01-13,3,0,277,0.0,0.0,0.0,0.0,0.0
2019-01-13,3,0,278,0.0,0.0,0.0,0.0,0.0
2019-01-13,3,0,279,36.99,36.99,0.0,829.951833,0.0
2019-01-13,3,0,281,4.67,4.67,0.0,85.602949,0.0
2019-01-13,3,0,282,0.0,0.0,0.0,0.0,0.0
2019-01-13,4,0,9,0.0,0.0,0.0,0.0,0.0
2019-01-13,4,0,17,0.0,0.0,0.0,-0.0,0.0
2019-01-13,4,0,19,643.3,643.3,0.0,-137.482093,0.0
2019-01-13,4,0,20,780.2,780.2,0.0,-166.739513,0.0
2019-01-13,4,0,21,0.0,0.0,0.0,0.0,0.0
2019-01-13,4,0,22,0.0,0.0,0.0,0.0,0.0
2019-01-13,4,0,23,18.54,18.54,0.0,249.157989,0.0
2019-01-13,4,0,24,30.64,30.64,0.0,411.76919,0.0
2019-01-13,4,0,29,0.0,0.0,0.0,0.0,0.0
2019-01-13,4,0,30,0.0,0.0,0.0,0.0,0.0
2019-01-13,4,0,31,11.04,11.04,0.0,148.553495,0.0
2019-01-13,4,0,32,0.0,0.0,0.0,0.0,0.0
2019-01-13,4,0,33,0.0,0.0,0.0,0.0,0.0
2019-01-13,4,0,34,0.0,0.0,0.0,0.0,0.0
2019-01-13,4,0,35,0.0,0.0,0.0,0.0,0.0
2019-01-13,4,0,36,0.0,0.0,0.0,0.0,0.0
2019-01-13,4,0,37,0.0,0.0,0.0,0.0,0.0
2019-01-13,4,0,38,0.0,0.0,0.0,0.0,0.0
2019-01-13,4,0,39,0.0,0.0,0.0,0.0,0.0
2019-01-13,4,0,40,0.0,0.0,0.0,0.0,0.0
2019-01-13,4,0,41,39.18,39.18,0.0,491.845926,0.0
2019-01-13,4,0,42,0.0,0.0,0.0,0.0,0.0
2019-01-13,4,0,43,0.0,0.0,0.0,0.0,0.0
2019-01-13,4,0,46,0.0,0.0,0.0,0.0,0.0
2019-01-13,4,0,52,11.7,11.7,0.0,157.43441,0.0
2019-01-13,4,0,53,18.58,18.58,0.0,250.011226,0.0
2019-01-13,4,0,55,153.02,153.02,0.0,2056.426939,0.0
2019-01-13,4,0,56,0.0,0.0,0.0,0.0,0.0
2019-01-13,4,0,57,0.0,0.0,0.0,0.0,0.0
2019-01-13,4,0,58,0.0,0.0,0.0,0.0,0.0
2019-01-13,4,0,59,0.0,0.0,0.0,0.0,0.0
2019-01-13,4,0,63,35.49,35.49,0.0,784.473588,0.0
2019-01-13,4,0,64,41.76,41.76,0.0,923.066132,0.0
2019-01-13,4,0,65,15.13,15.13,0.0,79.446284,0.0
2019-01-13,4,0,67,0.0,0.0,0.0,0.0,0.0
2019-01-13,4,0,68,1.16,1.16,0.0,18.57619,0.0
2019-01-13,4,0,69,0.0,0.0,0.0,0.0,0.0
2019-01-13,4,0,74,14.91,14.91,0.0,168.662462,0.0
2019-01-13,4,0,77,29.63,29.63,0.0,446.587466,0.0
2019-01-13,4,0,78,22.4,22.4,0.0,337.615904,0.0
2019-01-13,4,0,79,12.96,12.96,0.0,195.334916,0.0
2019-01-13,4,0,80,20.97,20.97,0.0,316.062746,0.0
2019-01-13,4,0,81,27.41,27.41,0.0,413.127318,0.0
2019-01-13,4,0,82,19.34,19.34,0.0,291.49516,0.0
2019-01-13,4,0,83,43.12,43.12,0.0,649.910615,0.0
2019-01-13,4,0,84,0.0,0.0,0.0,0.0,0.0
2019-01-13,4,0,86,0.0,0.0,0.0,0.0,0.0
2019-01-13,4,0,87,0.0,0.0,0.0,0.0,0.0
2019-01-13,4,0,88,28.88,28.88,0.0,435.283362,0.0
2019-01-13,4,0,89,27.76,27.76,0.0,418.402567,0.0
2019-01-13,4,0,90,37.28,37.28,0.0,561.889326,0.0
2019-01-13,4,0,91,132.98,132.98,0.0,2004.292987,0.0
2019-01-13,4,0,92,47.82,47.82,0.0,720.749666,0.0
2019-01-13,4,0,95,47.06,47.06,0.0,1055.543405,0.0
2019-01-13,4,0,96,4.58,4.58,0.0,61.709496,0.0
2019-01-13,4,0,97,28.15,28.15,0.0,379.284346,0.0
2019-01-13,4,0,99,2.88,2.88,0.0,32.578665,0.0
2019-01-13,4,0,101,0.0,0.0,0.0,0.0,0.0
2019-01-13,4,0,102,2.74,2.74,0.0,43.878241,0.0
2019-01-13,4,0,103,2.38,2.38,0.0,38.113217,0.0
2019-01-13,4,0,104,0.44,0.44,0.0,7.046141,0.0
2019-01-13,4,0,106,0.0,0.0,0.0,0.0,0.0
2019-01-13,4,0,109,41.7,41.7,0.0,499.153922,0.0
2019-01-13,4,0,110,31.8,31.8,0.0,638.372095,0.0
2019-01-13,4,0,111,0.0,0.0,0.0,0.0,0.0
2019-01-13,4,0,113,7.02,7.02,0.0,106.904926,0.0
2019-01-13,4,0,115,7.02,7.02,0.0,106.904926,0.0
2019-01-13,4,0,116,0.0,0.0,0.0,0.0,0.0
2019-01-13,4,0,117,0.47,0.47,0.0,7.157452,0.0
2019-01-13,4,0,119,41.76,41.76,0.0,923.066132,0.0
2019-01-13,4,0,120,24.55,24.55,0.0,542.655018,0.0
2019-01-13,4,0,123,0.0,0.0,0.0,0.0,0.0
2019-01-13,4,0,125,28.12,28.12,0.0,377.903055,0.0
2019-01-13,4,0,126,0.0,0.0,0.0,0.0,0.0
2019-01-13,4,0,127,0.0,0.0,0.0,0.0,0.0
2019-01-13,4,0,128,38.19,38.19,0.0,513.233204,0.0
2019-01-13,4,0,131,4.42,4.42,0.0,69.601731,0.0
2019-01-13,4,0,132,6.5,6.5,0.0,102.355487,0.0
2019-01-13,4,0,133,106.68,106.68,0.0,1229.175855,0.0
2019-01-13,4,0,134,0.0,0.0,0.0,0.0,0.0
2019-01-13,4,0,135,147.16,147.16,0.0,1695.589791,0.0
2019-01-13,4,0,136,28.42,28.42,0.0,157.756804,0.0
2019-01-13,4,0,139,50.59,50.59,0.0,635.081302,0.0
2019-01-13,4,0,140,23.54,23.54,0.0,472.555947,0.0
2019-01-13,4,0,141,31.49,31.49,0.0,535.756469,0.0
2019-01-13,4,0,142,0.0,0.0,0.0,0.0,0.0
2019-01-13,4,0,143,20.45,20.45,0.0,275.17382,0.0
2019-01-13,4,0,145,4.62,4.62,0.0,59.618188,0.0
2019-01-13,4,0,146,12.59,12.59,0.0,252.739141,0.0
2019-01-13,4,0,152,0.0,0.0,0.0,0.0,0.0
2019-01-13,4,0,153,0.0,0.0,0.0,0.0,0.0
2019-01-13,4,0,154,0.0,0.0,0.0,0.0,0.0
2019-01-13,4,0,157,0.0,0.0,0.0,0.0,0.0
2019-01-13,4,0,158,0.0,0.0,0.0,0.0,0.0
2019-01-13,4,0,159,0.0,0.0,0.0,0.0,0.0
2019-01-13,4,0,160,0.0,0.0,0.0,0.0,0.0
2019-01-13,4,0,161,0.0,0.0,0.0,0.0,0.0
2019-01-13,4,0,162,14.21,14.21,0.0,318.668643,0.0
2019-01-13,4,0,163,17.24,17.24,0.0,346.086004,0.0
2019-01-13,4,0,164,0.0,0.0,0.0,0.0,0.0
2019-01-13,4,0,167,0.0,0.0,0.0,0.0,0.0
2019-01-13,4,0,168,0.0,0.0,0.0,0.0,0.0
2019-01-13,4,0,169,0.0,0.0,0.0,0.0,0.0
2019-01-13,4,0,170,0.0,0.0,0.0,0.0,0.0
2019-01-13,4,0,172,0.0,0.0,0.0,0.0,0.0
2019-01-13,4,0,173,0.0,0.0,0.0,0.0,0.0
2019-01-13,4,0,188,0.0,0.0,0.0,0.0,0.0
2019-01-13,4,0,190,0.0,0.0,0.0,0.0,0.0
2019-01-13,4,0,191,0.0,0.0,0.0,0.0,0.0
2019-01-13,4,0,192,22.66,22.66,0.0,500.878318,0.0
2019-01-13,4,0,194,37.92,37.92,0.0,554.791298,0.0
2019-01-13,4,0,196,0.0,0.0,0.0,0.0,0.0
2019-01-13,4,0,198,0.0,0.0,0.0,0.0,0.0
2019-01-13,4,0,199,9.95,9.95,0.0,116.799309,0.0
2019-01-13,4,0,200,0.0,0.0,0.0,0.0,0.0
2019-01-13,4,0,204,179.04,179.04,0.0,2155.125534,0.0
2019-01-13,4,0,205,220.58,220.58,0.0,2640.368638,0.0
2019-01-13,4,0,206,82.73,82.73,0.0,1114.678294,0.0
2019-01-13,4,0,210,0.0,0.0,0.0,0.0,0.0
2019-01-13,4,0,214,0.0,0.0,0.0,0.0,0.0
2019-01-13,4,0,217,0.0,0.0,0.0,0.0,0.0
2019-01-13,4,0,218,0.0,0.0,0.0,0.0,0.0
2019-01-13,4,0,219,0.0,0.0,0.0,0.0,0.0
2019-01-13,4,0,221,0.0,0.0,0.0,0.0,0.0
2019-01-13,4,0,225,0.0,0.0,0.0,0.0,0.0
2019-01-13,4,0,233,0.0,0.0,0.0,0.0,0.0
2019-01-13,4,0,236,36.53,36.53,0.0,402.641409,0.0
2019-01-13,4,0,237,35.76,35.76,0.0,404.51842,0.0
2019-01-13,4,0,238,0.0,0.0,0.0,0.0,0.0
2019-01-13,4,0,240,0.0,0.0,0.0,0.0,0.0
2019-01-13,4,0,245,76.11,76.11,0.0,732.171623,0.0
2019-01-13,4,0,247,70.99,70.99,0.0,682.917665,0.0
2019-01-13,4,0,248,3.59,3.59,0.0,40.610211,0.0
2019-01-13,4,0,249,146.36,146.36,0.0,1407.970552,0.0
2019-01-13,4,0,251,62.23,62.23,0.0,437.521049,0.0
2019-01-13,4,0,252,97.6,97.6,0.0,512.48892,0.0
2019-01-13,4,0,254,0.0,0.0,0.0,0.0,0.0
2019-01-13,4,0,255,0.0,0.0,0.0,0.0,0.0
2019-01-13,4,0,258,0.0,0.0,0.0,0.0,0.0
2019-01-13,4,0,260,0.0,0.0,0.0,0.0,0.0
2019-01-13,4,0,265,0.0,0.0,0.0,0.0,0.0
2019-01-13,4,0,266,32.76,32.76,0.0,411.252489,0.0
2019-01-13,4,0,267,40.26,40.26,0.0,505.4037,0.0
2019-01-13,4,0,270,53.84,53.84,0.0,1080.816151,0.0
2019-01-13,4,0,272,23.46,23.46,0.0,357.26347,0.0
2019-01-13,4,0,273,0.0,0.0,0.0,0.0,0.0
2019-01-13,4,0,274,69.4,69.4,0.0,1393.176836,0.0
2019-01-13,4,0,275,96.61,96.61,0.0,1939.406544,0.0
2019-01-13,4,0,276,0.0,0.0,0.0,0.0,0.0
2019-01-13,4,0,277,0.0,0.0,0.0,0.0,0.0
2019-01-13,4,0,278,0.0,0.0,0.0,0.0,0.0
2019-01-13,4,0,279,34.26,34.26,0.0,519.583227,0.0
2019-01-13,4,0,281,4.95,4.95,0.0,66.606866,0.0
2019-01-13,4,0,282,0.0,0.0,0.0,0.0,0.0
2019-01-13,5,0,9,0.0,0.0,0.0,0.0,0.0
2019-01-13,5,0,17,0.0,0.0,0.0,-0.0,0.0
2019-01-13,5,0,19,643.3,643.3,0.0,-3641.318012,0.0
2019-01-13,5,0,20,780.2,780.2,0.0,-4416.223089,0.0
2019-01-13,5,0,21,0.0,0.0,0.0,0.0,0.0
2019-01-13,5,0,22,0.0,0.0,0.0,0.0,0.0
2019-01-13,5,0,23,20.69,20.69,0.0,484.925269,0.0
2019-01-13,5,0,24,36.6,36.6,0.0,857.818504,0.0
2019-01-13,5,0,29,0.0,0.0,0.0,0.0,0.0
2019-01-13,5,0,30,0.0,0.0,0.0,0.0,0.0
2019-01-13,5,0,31,13.26,13.26,0.0,310.850254,0.0
2019-01-13,5,0,32,0.0,0.0,0.0,0.0,0.0
2019-01-13,5,0,33,0.0,0.0,0.0,0.0,0.0
2019-01-13,5,0,34,0.0,0.0,0.0,0.0,0.0
2019-01-13,5,0,35,0.0,0.0,0.0,0.0,0.0
2019-01-13,5,0,36,0.0,0.0,0.0,0.0,0.0
2019-01-13,5,0,37,0.0,0.0,0.0,0.0,0.0
2019-01-13,5,0,38,0.0,0.0,0.0,0.0,0.0
2019-01-13,5,0,39,0.0,0.0,0.0,0.0,0.0
2019-01-13,5,0,40,0.0,0.0,0.0,0.0,0.0
2019-01-13,5,0,41,39.43,39.43,0.0,919.39209,0.0
2019-01-13,5,0,42,0.0,0.0,0.0,0.0,0.0
2019-01-13,5,0,43,0.0,0.0,0.0,0.0,0.0
2019-01-13,5,0,46,0.0,0.0,0.0,0.0,0.0
2019-01-13,5,0,52,14.05,14.05,0.0,329.36999,0.0
2019-01-13,5,0,53,22.32,22.32,0.0,523.241151,0.0
2019-01-13,5,0,55,106.96,106.96,0.0,2506.892547,0.0
2019-01-13,5,0,56,0.0,0.0,0.0,0.0,0.0
2019-01-13,5,0,57,0.0,0.0,0.0,0.0,0.0
2019-01-13,5,0,58,0.0,0.0,0.0,0.0,0.0
2019-01-13,5,0,59,0.0,0.0,0.0,0.0,0.0
2019-01-13,5,0,63,28.92,28.92,0.0,723.784355,0.0
2019-01-13,5,0,64,34.03,34.03,0.0,851.672946,0.0
2019-01-13,5,0,65,15.24,15.24,0.0,141.251581,0.0
2019-01-13,5,0,67,0.0,0.0,0.0,0.0,0.0
2019-01-13,5,0,68,0.98,0.98,0.0,23.617493,0.0
2019-01-13,5,0,69,0.0,0.0,0.0,0.0,0.0
2019-01-13,5,0,74,13.74,13.74,0.0,324.785384,0.0
2019-01-13,5,0,77,28.74,28.74,0.0,688.412202,0.0
2019-01-13,5,0,78,21.73,21.73,0.0,520.500944,0.0
2019-01-13,5,0,79,12.58,12.58,0.0,301.330045,0.0
2019-01-13,5,0,80,20.34,20.34,0.0,487.20613,0.0
2019-01-13,5,0,81,26.59,26.59,0.0,636.913029,0.0
2019-01-13,5,0,82,18.75,18.75,0.0,449.120695,0.0
2019-01-13,5,0,83,41.82,41.82,0.0,1001.718799,0.0
2019-01-13,5,0,84,0.0,0.0,0.0,0.0,0.0
2019-01-13,5,0,86,0.0,0.0,0.0,0.0,0.0
2019-01-13,5,0,87,0.0,0.0,0.0,0.0,0.0
2019-01-13,5,0,88,25.11,25.11,0.0,601.462435,0.0
2019-01-13,5,0,89,24.14,24.14,0.0,578.227925,0.0
2019-01-13,5,0,90,32.41,32.41,0.0,776.320093,0.0
2019-01-13,5,0,91,115.61,115.61,0.0,2769.218324,0.0
2019-01-13,5,0,92,41.58,41.58,0.0,995.970054,0.0
2019-01-13,5,0,95,15.24,15.24,0.0,387.304688,0.0
2019-01-13,5,0,96,4.25,4.25,0.0,99.653877,0.0
2019-01-13,5,0,97,26.14,26.14,0.0,612.929962,0.0
2019-01-13,5,0,99,2.65,2.65,0.0,62.640558,0.0
2019-01-13,5,0,101,0.0,0.0,0.0,0.0,0.0
2019-01-13,5,0,102,2.33,2.33,0.0,56.151794,0.0
2019-01-13,5,0,103,2.03,2.03,0.0,48.921949,0.0
2019-01-13,5,0,104,0.38,0.38,0.0,9.157803,0.0
2019-01-13,5,0,106,0.0,0.0,0.0,0.0,0.0
2019-01-13,5,0,109,47.39,47.39,0.0,1084.783562,0.0
2019-01-13,5,0,110,28.5,28.5,0.0,702.373954,0.0
2019-01-13,5,0,111,0.0,0.0,0.0,0.0,0.0
2019-01-13,5,0,113,14.2,14.2,0.0,341.361487,0.0
2019-01-13,5,0,115,14.2,14.2,0.0,341.361487,0.0
2019-01-13,5,0,116,0.0,0.0,0.0,0.0,0.0
2019-01-13,5,0,117,0.68,0.68,0.0,16.346888,0.0
2019-01-13,5,0,119,34.03,34.03,0.0,851.672946,0.0
2019-01-13,5,0,120,20.01,20.01,0.0,500.792702,0.0
2019-01-13,5,0,123,0.0,0.0,0.0,0.0,0.0
2019-01-13,5,0,125,33.12,33.12,0.0,776.255433,0.0
2019-01-13,5,0,126,0.0,0.0,0.0,0.0,0.0
2019-01-13,5,0,127,0.0,0.0,0.0,0.0,0.0
2019-01-13,5,0,128,47.44,47.44,0.0,1111.882783,0.0
2019-01-13,5,0,131,4.37,4.37,0.0,105.158098,0.0
2019-01-13,5,0,132,6.43,6.43,0.0,154.729193,0.0
2019-01-13,5,0,133,50.42,50.42,0.0,1340.640017,0.0
2019-01-13,5,0,134,0.0,0.0,0.0,0.0,0.0
2019-01-13,5,0,135,71.85,71.85,0.0,1910.451908,0.0
2019-01-13,5,0,136,28.46,28.46,0.0,287.105624,0.0
2019-01-13,5,0,139,50.92,50.92,0.0,1187.30523,0.0
2019-01-13,5,0,140,21.09,21.09,0.0,519.756726,0.0
2019-01-13,5,0,141,31.49,31.49,0.0,763.119081,0.0
2019-01-13,5,0,142,0.0,0.0,0.0,0.0,0.0
2019-01-13,5,0,143,39.9,39.9,0.0,935.363885,0.0
2019-01-13,5,0,145,4.53,4.53,0.0,105.278523,0.0
2019-01-13,5,0,146,0.0,0.0,0.0,0.0,0.0
2019-01-13,5,0,152,0.0,0.0,0.0,0.0,0.0
2019-01-13,5,0,153,0.0,0.0,0.0,0.0,0.0
2019-01-13,5,0,154,0.0,0.0,0.0,0.0,0.0
2019-01-13,5,0,157,0.0,0.0,0.0,0.0,0.0
2019-01-13,5,0,158,0.0,0.0,0.0,0.0,0.0
2019-01-13,5,0,159,0.0,0.0,0.0,0.0,0.0
2019-01-13,5,0,160,0.0,0.0,0.0,0.0,0.0
2019-01-13,5,0,161,0.0,0.0,0.0,0.0,0.0
2019-01-13,5,0,162,11.04,11.04,0.0,280.489112,0.0
2019-01-13,5,0,163,13.42,13.42,0.0,330.731876,0.0
2019-01-13,5,0,164,0.0,0.0,0.0,0.0,0.0
2019-01-13,5,0,167,0.0,0.0,0.0,0.0,0.0
2019-01-13,5,0,168,0.0,0.0,0.0,0.0,0.0
2019-01-13,5,0,169,0.0,0.0,0.0,0.0,0.0
2019-01-13,5,0,170,0.0,0.0,0.0,0.0,0.0
2019-01-13,5,0,172,0.0,0.0,0.0,0.0,0.0
2019-01-13,5,0,173,0.0,0.0,0.0,0.0,0.0
2019-01-13,5,0,188,0.0,0.0,0.0,0.0,0.0
2019-01-13,5,0,190,0.0,0.0,0.0,0.0,0.0
2019-01-13,5,0,191,0.0,0.0,0.0,0.0,0.0
2019-01-13,5,0,192,19.94,19.94,0.0,499.040804,0.0
2019-01-13,5,0,194,33.77,33.77,0.0,811.165044,0.0
2019-01-13,5,0,196,0.0,0.0,0.0,0.0,0.0
2019-01-13,5,0,198,0.0,0.0,0.0,0.0,0.0
2019-01-13,5,0,199,8.26,8.26,0.0,121.430732,0.0
2019-01-13,5,0,200,0.0,0.0,0.0,0.0,0.0
2019-01-13,5,0,204,208.77,208.77,0.0,4769.496544,0.0
2019-01-13,5,0,205,250.68,250.68,0.0,5738.205179,0.0
2019-01-13,5,0,206,76.8,76.8,0.0,1800.804174,0.0
2019-01-13,5,0,210,0.0,0.0,0.0,0.0,0.0
2019-01-13,5,0,214,0.0,0.0,0.0,0.0,0.0
2019-01-13,5,0,217,0.0,0.0,0.0,0.0,0.0
2019-01-13,5,0,218,0.0,0.0,0.0,0.0,0.0
2019-01-13,5,0,219,0.0,0.0,0.0,0.0,0.0
2019-01-13,5,0,221,0.0,0.0,0.0,0.0,0.0
2019-01-13,5,0,225,0.0,0.0,0.0,0.0,0.0
2019-01-13,5,0,233,0.0,0.0,0.0,0.0,0.0
2019-01-13,5,0,236,39.12,39.12,0.0,940.564708,0.0
2019-01-13,5,0,237,32.95,32.95,0.0,778.870335,0.0
2019-01-13,5,0,238,0.0,0.0,0.0,0.0,0.0
2019-01-13,5,0,240,0.0,0.0,0.0,0.0,0.0
2019-01-13,5,0,245,78.0,78.0,0.0,1689.88642,0.0
2019-01-13,5,0,247,71.33,71.33,0.0,1545.379466,0.0
2019-01-13,5,0,248,3.31,3.31,0.0,78.241603,0.0
2019-01-13,5,0,249,150.0,150.0,0.0,3249.781577,0.0
2019-01-13,5,0,251,66.34,66.34,0.0,930.082262,0.0
2019-01-13,5,0,252,98.34,98.34,0.0,911.461974,0.0
2019-01-13,5,0,254,0.0,0.0,0.0,0.0,0.0
2019-01-13,5,0,255,0.0,0.0,0.0,0.0,0.0
2019-01-13,5,0,258,0.0,0.0,0.0,0.0,0.0
2019-01-13,5,0,260,0.0,0.0,0.0,0.0,0.0
2019-01-13,5,0,265,0.0,0.0,0.0,0.0,0.0
2019-01-13,5,0,266,32.97,32.97,0.0,768.763815,0.0
2019-01-13,5,0,267,40.52,40.52,0.0,944.807697,0.0
2019-01-13,5,0,270,41.92,41.92,0.0,1033.10583,0.0
2019-01-13,5,0,272,48.81,48.81,0.0,1173.370013,0.0
2019-01-13,5,0,273,0.0,0.0,0.0,0.0,0.0
2019-01-13,5,0,274,54.04,54.04,0.0,1331.799595,0.0
2019-01-13,5,0,275,75.23,75.23,0.0,1854.020791,0.0
2019-01-13,5,0,276,0.0,0.0,0.0,0.0,0.0
2019-01-13,5,0,277,0.0,0.0,0.0,0.0,0.0
2019-01-13,5,0,278,0.0,0.0,0.0,0.0,0.0
2019-01-13,5,0,279,27.12,27.12,0.0,651.012539,0.0
2019-01-13,5,0,281,5.95,5.95,0.0,139.484088,0.0
2019-01-13,5,0,282,0.0,0.0,0.0,0.0,0.0
2019-01-13,6,0,9,0.0,0.0,0.0,0.0,0.0
2019-01-13,6,0,17,0.0,0.0,0.0,-0.0,0.0
2019-01-13,6,0,19,643.3,643.3,0.0,-3512.714737,0.0
2019-01-13,6,0,20,780.2,780.2,0.0,-4260.251886,0.0
2019-01-13,6,0,21,0.0,0.0,0.0,0.0,0.0
2019-01-13,6,0,22,0.0,0.0,0.0,0.0,0.0
2019-01-13,6,0,23,20.86,20.86,0.0,509.259314,0.0
2019-01-13,6,0,24,36.9,36.9,0.0,900.847013,0.0
2019-01-13,6,0,29,0.0,0.0,0.0,0.0,0.0
2019-01-13,6,0,30,0.0,0.0,0.0,0.0,0.0
2019-01-13,6,0,31,15.94,15.94,0.0,389.347022,0.0
2019-01-13,6,0,32,0.0,0.0,0.0,0.0,0.0
2019-01-13,6,0,33,0.0,0.0,0.0,0.0,0.0
2019-01-13,6,0,34,0.0,0.0,0.0,0.0,0.0
2019-01-13,6,0,35,0.0,0.0,0.0,0.0,0.0
2019-01-13,6,0,36,0.0,0.0,0.0,0.0,0.0
2019-01-13,6,0,37,0.0,0.0,0.0,0.0,0.0
2019-01-13,6,0,38,0.0,0.0,0.0,0.0,0.0
2019-01-13,6,0,39,0.0,0.0,0.0,0.0,0.0
2019-01-13,6,0,40,0.0,0.0,0.0,0.0,0.0
2019-01-13,6,0,41,39.88,39.88,0.0,952.925286,0.0
2019-01-13,6,0,42,0.0,0.0,0.0,0.0,0.0
2019-01-13,6,0,43,0.0,0.0,0.0,0.0,0.0
2019-01-13,6,0,46,0.0,0.0,0.0,0.0,0.0
2019-01-13,6,0,52,16.9,16.9,0.0,412.795776,0.0
2019-01-13,6,0,53,26.83,26.83,0.0,655.343827,0.0
2019-01-13,6,0,55,41.68,41.68,0.0,1017.5421,0.0
2019-01-13,6,0,56,0.0,0.0,0.0,0.0,0.0
2019-01-13,6,0,57,0.0,0.0,0.0,0.0,0.0
2019-01-13,6,0,58,0.0,0.0,0.0,0.0,0.0
2019-01-13,6,0,59,0.0,0.0,0.0,0.0,0.0
2019-01-13,6,0,63,23.46,23.46,0.0,637.856755,0.0
2019-01-13,6,0,64,27.6,27.6,0.0,750.419712,0.0
2019-01-13,6,0,65,15.3,15.3,0.0,141.40897,0.0
2019-01-13,6,0,67,0.0,0.0,0.0,0.0,0.0
2019-01-13,6,0,68,0.88,0.88,0.0,22.789826,0.0
2019-01-13,6,0,69,0.0,0.0,0.0,0.0,0.0
2019-01-13,6,0,74,12.64,12.64,0.0,298.858286,0.0
2019-01-13,6,0,77,29.07,29.07,0.0,745.737919,0.0
2019-01-13,6,0,78,21.98,21.98,0.0,563.856879,0.0
2019-01-13,6,0,79,12.72,12.72,0.0,326.308439,0.0
2019-01-13,6,0,80,20.57,20.57,0.0,527.685896,0.0
2019-01-13,6,0,81,26.89,26.89,0.0,689.813988,0.0
2019-01-13,6,0,82,18.97,18.97,0.0,486.640809,0.0
2019-01-13,6,0,83,42.29,42.29,0.0,1084.872948,0.0
2019-01-13,6,0,84,0.0,0.0,0.0,0.0,0.0
2019-01-13,6,0,86,0.0,0.0,0.0,0.0,0.0
2019-01-13,6,0,87,0.0,0.0,0.0,0.0,0.0
2019-01-13,6,0,88,22.49,22.49,0.0,576.94,0.0
2019-01-13,6,0,89,21.62,21.62,0.0,554.621734,0.0
2019-01-13,6,0,90,29.02,29.02,0.0,744.45526,0.0
2019-01-13,6,0,91,103.53,103.53,0.0,2655.873642,0.0
2019-01-13,6,0,92,37.24,37.24,0.0,955.324393,0.0
2019-01-13,6,0,95,11.3,11.3,0.0,312.737706,0.0
2019-01-13,6,0,96,4.02,4.02,0.0,98.244541,0.0
2019-01-13,6,0,97,24.69,24.69,0.0,603.397444,0.0
2019-01-13,6,0,99,2.44,2.44,0.0,57.690998,0.0
2019-01-13,6,0,101,0.0,0.0,0.0,0.0,0.0
2019-01-13,6,0,102,2.07,2.07,0.0,53.607886,0.0
2019-01-13,6,0,103,1.8,1.8,0.0,46.615553,0.0
2019-01-13,6,0,104,0.33,0.33,0.0,8.546185,0.0
2019-01-13,6,0,106,0.0,0.0,0.0,0.0,0.0
2019-01-13,6,0,109,54.29,54.29,0.0,1260.453143,0.0
2019-01-13,6,0,110,26.44,26.44,0.0,705.512307,0.0
2019-01-13,6,0,111,0.0,0.0,0.0,0.0,0.0
2019-01-13,6,0,113,16.35,16.35,0.0,423.256532,0.0
2019-01-13,6,0,115,16.35,16.35,0.0,423.256532,0.0
2019-01-13,6,0,116,0.0,0.0,0.0,0.0,0.0
2019-01-13,6,0,117,0.65,0.65,0.0,16.826712,0.0
2019-01-13,6,0,119,27.6,27.6,0.0,750.419712,0.0
2019-01-13,6,0,120,16.23,16.23,0.0,441.279418,0.0
2019-01-13,6,0,123,0.0,0.0,0.0,0.0,0.0
2019-01-13,6,0,125,33.4,33.4,0.0,815.400819,0.0
2019-01-13,6,0,126,0.0,0.0,0.0,0.0,0.0
2019-01-13,6,0,127,0.0,0.0,0.0,0.0,0.0
2019-01-13,6,0,128,47.83,47.83,0.0,1167.683269,0.0
2019-01-13,6,0,131,4.48,4.48,0.0,115.789435,0.0
2019-01-13,6,0,132,6.59,6.59,0.0,170.324192,0.0
2019-01-13,6,0,133,41.94,41.94,0.0,1102.206449,0.0
2019-01-13,6,0,134,0.0,0.0,0.0,0.0,0.0
2019-01-13,6,0,135,56.2,56.2,0.0,1476.967154,0.0
2019-01-13,6,0,136,28.51,28.51,0.0,286.513374,0.0
2019-01-13,6,0,139,51.5,51.5,0.0,1230.583055,0.0
2019-01-13,6,0,140,19.57,19.57,0.0,522.196515,0.0
2019-01-13,6,0,141,32.51,32.51,0.0,848.21884,0.0
2019-01-13,6,0,142,0.0,0.0,0.0,0.0,0.0
2019-01-13,6,0,143,73.31,73.31,0.0,1790.65434,0.0
2019-01-13,6,0,145,4.53,4.53,0.0,108.627447,0.0
2019-01-13,6,0,146,0.0,0.0,0.0,0.0,0.0
2019-01-13,6,0,152,0.0,0.0,0.0,0.0,0.0
2019-01-13,6,0,153,0.0,0.0,0.0,0.0,0.0
2019-01-13,6,0,154,0.0,0.0,0.0,0.0,0.0
2019-01-13,6,0,157,6.15,6.15,0.0,160.459731,0.0
2019-01-13,6,0,158,0.0,0.0,0.0,0.0,0.0
2019-01-13,6,0,159,0.0,0.0,0.0,0.0,0.0
2019-01-13,6,0,160,0.0,0.0,0.0,0.0,0.0
2019-01-13,6,0,161,0.0,0.0,0.0,0.0,0.0
2019-01-13,6,0,162,8.53,8.53,0.0,235.999925,0.0
2019-01-13,6,0,163,10.46,10.46,0.0,279.109634,0.0
2019-01-13,6,0,164,0.0,0.0,0.0,0.0,0.0
2019-01-13,6,0,167,0.0,0.0,0.0,0.0,0.0
2019-01-13,6,0,168,0.0,0.0,0.0,0.0,0.0
2019-01-13,6,0,169,0.0,0.0,0.0,0.0,0.0
2019-01-13,6,0,170,0.0,0.0,0.0,0.0,0.0
2019-01-13,6,0,172,0.0,0.0,0.0,0.0,0.0
2019-01-13,6,0,173,0.0,0.0,0.0,0.0,0.0
2019-01-13,6,0,188,0.0,0.0,0.0,0.0,0.0
2019-01-13,6,0,190,0.0,0.0,0.0,0.0,0.0
2019-01-13,6,0,191,0.0,0.0,0.0,0.0,0.0
2019-01-13,6,0,192,17.66,17.66,0.0,480.159859,0.0
2019-01-13,6,0,194,30.09,30.09,0.0,781.185106,0.0
2019-01-13,6,0,196,0.0,0.0,0.0,0.0,0.0
2019-01-13,6,0,198,0.0,0.0,0.0,0.0,0.0
2019-01-13,6,0,199,6.79,6.79,0.0,106.410202,0.0
2019-01-13,6,0,200,0.0,0.0,0.0,0.0,0.0
2019-01-13,6,0,204,244.6,244.6,0.0,5675.712773,0.0
2019-01-13,6,0,205,287.19,287.19,0.0,6667.701936,0.0
2019-01-13,6,0,206,72.55,72.55,0.0,1773.045143,0.0
2019-01-13,6,0,210,0.0,0.0,0.0,0.0,0.0
2019-01-13,6,0,214,0.0,0.0,0.0,0.0,0.0
2019-01-13,6,0,217,0.0,0.0,0.0,0.0,0.0
2019-01-13,6,0,218,0.0,0.0,0.0,0.0,0.0
2019-01-13,6,0,219,0.0,0.0,0.0,0.0,0.0
2019-01-13,6,0,221,0.0,0.0,0.0,0.0,0.0
2019-01-13,6,0,225,0.0,0.0,0.0,0.0,0.0
2019-01-13,6,0,233,0.0,0.0,0.0,0.0,0.0
2019-01-13,6,0,236,41.71,41.71,0.0,996.886709,0.0
2019-01-13,6,0,237,30.32,30.32,0.0,716.881585,0.0
2019-01-13,6,0,238,0.0,0.0,0.0,0.0,0.0
2019-01-13,6,0,240,0.0,0.0,0.0,0.0,0.0
2019-01-13,6,0,245,78.0,78.0,0.0,1669.281727,0.0
2019-01-13,6,0,247,71.38,71.38,0.0,1527.60679,0.0
2019-01-13,6,0,248,3.04,3.04,0.0,71.877309,0.0
2019-01-13,6,0,249,150.0,150.0,0.0,3210.157166,0.0
2019-01-13,6,0,251,70.57,70.57,0.0,983.327771,0.0
2019-01-13,6,0,252,98.69,98.69,0.0,912.13407,0.0
2019-01-13,6,0,254,0.0,0.0,0.0,0.0,0.0
2019-01-13,6,0,255,0.0,0.0,0.0,0.0,0.0
2019-01-13,6,0,258,0.0,0.0,0.0,0.0,0.0
2019-01-13,6,0,260,0.0,0.0,0.0,0.0,0.0
2019-01-13,6,0,265,0.0,0.0,0.0,0.0,0.0
2019-01-13,6,0,266,33.35,33.35,0.0,796.892134,0.0
2019-01-13,6,0,267,40.98,40.98,0.0,979.209584,0.0
2019-01-13,6,0,270,32.65,32.65,0.0,871.216975,0.0
2019-01-13,6,0,272,57.68,57.68,0.0,1493.176561,0.0
2019-01-13,6,0,273,0.0,0.0,0.0,0.0,0.0
2019-01-13,6,0,274,42.09,42.09,0.0,1123.109417,0.0
2019-01-13,6,0,275,58.59,58.59,0.0,1563.387521,0.0
2019-01-13,6,0,276,0.0,0.0,0.0,0.0,0.0
2019-01-13,6,0,277,0.0,0.0,0.0,0.0,0.0
2019-01-13,6,0,278,0.0,0.0,0.0,0.0,0.0
2019-01-13,6,0,279,22.21,22.21,0.0,572.87157,0.0
2019-01-13,6,0,281,7.17,7.17,0.0,175.132883,0.0
2019-01-13,6,0,282,0.0,0.0,0.0,0.0,0.0
2019-01-13,7,0,9,0.0,0.0,0.0,0.0,0.0
2019-01-13,7,0,17,0.0,0.0,0.0,-0.0,0.0
2019-01-13,7,0,19,643.3,643.3,0.0,-1959.438065,0.0
2019-01-13,7,0,20,780.2,780.2,0.0,-2376.42403,0.0
2019-01-13,7,0,21,0.0,0.0,0.0,0.0,0.0
2019-01-13,7,0,22,0.0,0.0,0.0,0.0,0.0
2019-01-13,7,0,23,21.4,21.4,0.0,517.332665,0.0
2019-01-13,7,0,24,37.86,37.86,0.0,915.243677,0.0
2019-01-13,7,0,29,0.0,0.0,0.0,0.0,0.0
2019-01-13,7,0,30,0.0,0.0,0.0,0.0,0.0
2019-01-13,7,0,31,46.53,46.53,0.0,1127.084018,0.0
2019-01-13,7,0,32,0.0,0.0,0.0,0.0,0.0
2019-01-13,7,0,33,0.0,0.0,0.0,0.0,0.0
2019-01-13,7,0,34,0.0,0.0,0.0,0.0,0.0
2019-01-13,7,0,35,0.0,0.0,0.0,0.0,0.0
2019-01-13,7,0,36,0.0,0.0,0.0,0.0,0.0
2019-01-13,7,0,37,0.0,0.0,0.0,0.0,0.0
2019-01-13,7,0,38,0.0,0.0,0.0,0.0,0.0
2019-01-13,7,0,39,0.0,0.0,0.0,0.0,0.0
2019-01-13,7,0,40,0.0,0.0,0.0,0.0,0.0
2019-01-13,7,0,41,29.71,29.71,0.0,645.007518,0.0
2019-01-13,7,0,42,0.0,0.0,0.0,0.0,0.0
2019-01-13,7,0,43,0.0,0.0,0.0,0.0,0.0
2019-01-13,7,0,46,0.0,0.0,0.0,0.0,0.0
2019-01-13,7,0,52,49.32,49.32,0.0,1194.665458,0.0
2019-01-13,7,0,53,78.38,78.38,0.0,1898.578236,0.0
2019-01-13,7,0,55,40.25,40.25,0.0,973.020549,0.0
2019-01-13,7,0,56,0.0,0.0,0.0,0.0,0.0
2019-01-13,7,0,57,0.0,0.0,0.0,0.0,0.0
2019-01-13,7,0,58,0.0,0.0,0.0,0.0,0.0
2019-01-13,7,0,59,0.0,0.0,0.0,0.0,0.0
2019-01-13,7,0,63,18.54,18.54,0.0,601.206909,0.0
2019-01-13,7,0,64,21.81,21.81,0.0,707.245021,0.0
2019-01-13,7,0,65,15.42,15.42,0.0,108.880896,0.0
2019-01-13,7,0,67,0.0,0.0,0.0,0.0,0.0
2019-01-13,7,0,68,0.84,0.84,0.0,24.8007,0.0
2019-01-13,7,0,69,0.0,0.0,0.0,0.0,0.0
2019-01-13,7,0,74,11.54,11.54,0.0,212.862544,0.0
2019-01-13,7,0,77,30.72,30.72,0.0,885.669692,0.0
2019-01-13,7,0,78,23.22,23.22,0.0,669.44174,0.0
2019-01-13,7,0,79,13.44,13.44,0.0,387.48049,0.0
2019-01-13,7,0,80,21.73,21.73,0.0,626.484453,0.0
2019-01-13,7,0,81,28.41,28.41,0.0,819.071483,0.0
2019-01-13,7,0,82,20.04,20.04,0.0,577.761088,0.0
2019-01-13,7,0,83,44.69,44.69,0.0,1288.430291,0.0
2019-01-13,7,0,84,0.0,0.0,0.0,0.0,0.0
2019-01-13,7,0,86,0.0,0.0,0.0,0.0,0.0
2019-01-13,7,0,87,0.0,0.0,0.0,0.0,0.0
2019-01-13,7,0,88,20.97,20.97,0.0,604.573354,0.0
2019-01-13,7,0,89,20.16,20.16,0.0,581.220735,0.0
2019-01-13,7,0,90,27.07,27.07,0.0,780.438755,0.0
2019-01-13,7,0,91,96.57,96.57,0.0,2784.151112,0.0
2019-01-13,7,0,92,34.73,34.73,0.0,1001.27957,0.0
2019-01-13,7,0,95,8.17,8.17,0.0,272.367475,0.0
2019-01-13,7,0,96,3.85,3.85,0.0,93.451944,0.0
2019-01-13,7,0,97,23.67,23.67,0.0,574.547405,0.0
2019-01-13,7,0,99,2.23,2.23,0.0,41.13375,0.0
2019-01-13,7,0,101,0.0,0.0,0.0,0.0,0.0
2019-01-13,7,0,102,1.99,1.99,0.0,58.754039,0.0
2019-01-13,7,0,103,1.73,1.73,0.0,51.077632,0.0
2019-01-13,7,0,104,0.32,0.32,0.0,9.447886,0.0
2019-01-13,7,0,106,0.0,0.0,0.0,0.0,0.0
2019-01-13,7,0,109,62.97,62.97,0.0,1256.58531,0.0
2019-01-13,7,0,110,24.94,24.94,0.0,782.799619,0.0
2019-01-13,7,0,111,0.0,0.0,0.0,0.0,0.0
2019-01-13,7,0,113,8.31,8.31,0.0,247.333633,0.0
2019-01-13,7,0,115,8.31,8.31,0.0,247.333633,0.0
2019-01-13,7,0,116,0.0,0.0,0.0,0.0,0.0
2019-01-13,7,0,117,0.34,0.34,0.0,10.119547,0.0
2019-01-13,7,0,119,21.81,21.81,0.0,707.245021,0.0
2019-01-13,7,0,120,12.82,12.82,0.0,415.721282,0.0
2019-01-13,7,0,123,0.0,0.0,0.0,0.0,0.0
2019-01-13,7,0,125,34.27,34.27,0.0,828.457496,0.0
2019-01-13,7,0,126,0.0,0.0,0.0,0.0,0.0
2019-01-13,7,0,127,0.0,0.0,0.0,0.0,0.0
2019-01-13,7,0,128,49.08,49.08,0.0,1186.480709,0.0
2019-01-13,7,0,131,4.76,4.76,0.0,139.954401,0.0
2019-01-13,7,0,132,6.99,6.99,0.0,205.521274,0.0
2019-01-13,7,0,133,41.94,41.94,0.0,782.123368,0.0
2019-01-13,7,0,134,0.0,0.0,0.0,0.0,0.0
2019-01-13,7,0,135,56.2,56.2,0.0,1048.052773,0.0
2019-01-13,7,0,136,28.6,28.6,0.0,217.813832,0.0
2019-01-13,7,0,139,38.37,38.37,0.0,833.017115,0.0
2019-01-13,7,0,140,18.46,18.46,0.0,579.409822,0.0
2019-01-13,7,0,141,35.06,35.06,0.0,1051.209838,0.0
2019-01-13,7,0,142,0.0,0.0,0.0,0.0,0.0
2019-01-13,7,0,143,56.67,56.67,0.0,1372.702585,0.0
2019-01-13,7,0,145,4.68,4.68,0.0,105.953467,0.0
2019-01-13,7,0,146,0.0,0.0,0.0,0.0,0.0
2019-01-13,7,0,152,0.0,0.0,0.0,0.0,0.0
2019-01-13,7,0,153,0.0,0.0,0.0,0.0,0.0
2019-01-13,7,0,154,0.0,0.0,0.0,0.0,0.0
2019-01-13,7,0,157,11.56,11.56,0.0,346.605412,0.0
2019-01-13,7,0,158,0.0,0.0,0.0,0.0,0.0
2019-01-13,7,0,159,0.0,0.0,0.0,0.0,0.0
2019-01-13,7,0,160,0.0,0.0,0.0,0.0,0.0
2019-01-13,7,0,161,0.0,0.0,0.0,0.0,0.0
2019-01-13,7,0,162,6.51,6.51,0.0,216.920723,0.0
2019-01-13,7,0,163,8.48,8.48,0.0,266.164425,0.0
2019-01-13,7,0,164,0.0,0.0,0.0,0.0,0.0
2019-01-13,7,0,167,0.0,0.0,0.0,0.0,0.0
2019-01-13,7,0,168,0.0,0.0,0.0,0.0,0.0
2019-01-13,7,0,169,0.0,0.0,0.0,0.0,0.0
2019-01-13,7,0,170,0.0,0.0,0.0,0.0,0.0
2019-01-13,7,0,172,0.0,0.0,0.0,0.0,0.0
2019-01-13,7,0,173,0.0,0.0,0.0,0.0,0.0
2019-01-13,7,0,188,0.0,0.0,0.0,0.0,0.0
2019-01-13,7,0,190,0.0,0.0,0.0,0.0,0.0
2019-01-13,7,0,191,0.0,0.0,0.0,0.0,0.0
2019-01-13,7,0,192,15.55,15.55,0.0,504.248513,0.0
2019-01-13,7,0,194,26.71,26.71,0.0,809.113918,0.0
2019-01-13,7,0,196,0.0,0.0,0.0,0.0,0.0
2019-01-13,7,0,198,0.0,0.0,0.0,0.0,0.0
2019-01-13,7,0,199,5.56,5.56,0.0,93.264448,0.0
2019-01-13,7,0,200,0.0,0.0,0.0,0.0,0.0
2019-01-13,7,0,204,288.84,288.84,0.0,5811.982117,0.0
2019-01-13,7,0,205,333.12,333.12,0.0,6647.509903,0.0
2019-01-13,7,0,206,69.54,69.54,0.0,1687.960563,0.0
2019-01-13,7,0,210,0.0,0.0,0.0,0.0,0.0
2019-01-13,7,0,214,0.0,0.0,0.0,0.0,0.0
2019-01-13,7,0,217,0.0,0.0,0.0,0.0,0.0
2019-01-13,7,0,218,0.0,0.0,0.0,0.0,0.0
2019-01-13,7,0,219,0.0,0.0,0.0,0.0,0.0
2019-01-13,7,0,221,0.0,0.0,0.0,0.0,0.0
2019-01-13,7,0,225,0.0,0.0,0.0,0.0,0.0
2019-01-13,7,0,233,0.0,0.0,0.0,0.0,0.0
2019-01-13,7,0,236,44.33,44.33,0.0,788.459356,0.0
2019-01-13,7,0,237,27.69,27.69,0.0,510.759431,0.0
2019-01-13,7,0,238,0.0,0.0,0.0,0.0,0.0
2019-01-13,7,0,240,0.0,0.0,0.0,0.0,0.0
2019-01-13,7,0,245,78.0,78.0,0.0,1178.936889,0.0
2019-01-13,7,0,247,71.43,71.43,0.0,1079.634128,0.0
2019-01-13,7,0,248,2.78,2.78,0.0,51.278845,0.0
2019-01-13,7,0,249,150.0,150.0,0.0,2267.186325,0.0
2019-01-13,7,0,251,74.8,74.8,0.0,774.874126,0.0
2019-01-13,7,0,252,99.48,99.48,0.0,702.430063,0.0
2019-01-13,7,0,254,0.0,0.0,0.0,0.0,0.0
2019-01-13,7,0,255,0.0,0.0,0.0,0.0,0.0
2019-01-13,7,0,258,0.0,0.0,0.0,0.0,0.0
2019-01-13,7,0,260,0.0,0.0,0.0,0.0,0.0
2019-01-13,7,0,265,0.0,0.0,0.0,0.0,0.0
2019-01-13,7,0,266,24.84,24.84,0.0,539.279258,0.0
2019-01-13,7,0,267,30.53,30.53,0.0,662.809813,0.0
2019-01-13,7,0,270,26.48,26.48,0.0,831.136083,0.0
2019-01-13,7,0,272,29.56,29.56,0.0,879.805318,0.0
2019-01-13,7,0,273,0.0,0.0,0.0,0.0,0.0
2019-01-13,7,0,274,34.14,34.14,0.0,1071.562911,0.0
2019-01-13,7,0,275,47.52,47.52,0.0,1491.525176,0.0
2019-01-13,7,0,276,0.0,0.0,0.0,0.0,0.0
2019-01-13,7,0,277,0.0,0.0,0.0,0.0,0.0
2019-01-13,7,0,278,0.0,0.0,0.0,0.0,0.0
2019-01-13,7,0,279,19.0,19.0,0.0,558.397208,0.0
2019-01-13,7,0,281,20.86,20.86,0.0,505.286323,0.0
2019-01-13,7,0,282,0.0,0.0,0.0,0.0,0.0
2019-01-13,8,0,9,0.0,0.0,0.0,0.0,0.0
2019-01-13,8,0,17,0.0,0.0,0.0,-0.0,0.0
2019-01-13,8,0,19,605.38,605.38,0.0,-546.411696,0.0
2019-01-13,8,0,20,753.44,753.44,0.0,-680.049602,0.0
2019-01-13,8,0,21,0.0,0.0,0.0,0.0,0.0
2019-01-13,8,0,22,0.0,0.0,0.0,0.0,0.0
2019-01-13,8,0,23,25.21,25.21,0.0,465.071243,0.0
2019-01-13,8,0,24,44.61,44.61,0.0,822.960259,0.0
2019-01-13,8,0,29,0.0,0.0,0.0,0.0,0.0
2019-01-13,8,0,30,0.0,0.0,0.0,0.0,0.0
2019-01-13,8,0,31,19.39,19.39,0.0,358.424353,0.0
2019-01-13,8,0,32,0.0,0.0,0.0,0.0,0.0
2019-01-13,8,0,33,0.0,0.0,0.0,0.0,0.0
2019-01-13,8,0,34,0.0,0.0,0.0,0.0,0.0
2019-01-13,8,0,35,0.0,0.0,0.0,0.0,0.0
2019-01-13,8,0,36,0.0,0.0,0.0,0.0,0.0
2019-01-13,8,0,37,0.0,0.0,0.0,0.0,0.0
2019-01-13,8,0,38,0.0,0.0,0.0,0.0,0.0
2019-01-13,8,0,39,0.0,0.0,0.0,0.0,0.0
2019-01-13,8,0,40,0.0,0.0,0.0,0.0,0.0
2019-01-13,8,0,41,10.62,10.62,0.0,175.451213,0.0
2019-01-13,8,0,42,0.0,0.0,0.0,0.0,0.0
2019-01-13,8,0,43,0.0,0.0,0.0,0.0,0.0
2019-01-13,8,0,46,0.0,0.0,0.0,0.0,0.0
2019-01-13,8,0,52,20.56,20.56,0.0,380.051815,0.0
2019-01-13,8,0,53,32.66,32.66,0.0,603.720442,0.0
2019-01-13,8,0,55,48.27,48.27,0.0,890.479527,0.0
2019-01-13,8,0,56,0.0,0.0,0.0,0.0,0.0
2019-01-13,8,0,57,0.0,0.0,0.0,0.0,0.0
2019-01-13,8,0,58,0.0,0.0,0.0,0.0,0.0
2019-01-13,8,0,59,0.0,0.0,0.0,0.0,0.0
2019-01-13,8,0,63,12.36,12.36,0.0,400.804606,0.0
2019-01-13,8,0,64,14.53,14.53,0.0,471.172405,0.0
2019-01-13,8,0,65,23.68,23.68,0.0,139.248843,0.0
2019-01-13,8,0,67,0.0,0.0,0.0,0.0,0.0
2019-01-13,8,0,68,0.91,0.91,0.0,21.363727,0.0
2019-01-13,8,0,69,0.0,0.0,0.0,0.0,0.0
2019-01-13,8,0,74,9.4,9.4,0.0,130.175029,0.0
2019-01-13,8,0,77,25.51,25.51,0.0,561.679352,0.0
2019-01-13,8,0,78,19.26,19.26,0.0,424.06681,0.0
2019-01-13,8,0,79,11.11,11.11,0.0,244.620055,0.0
2019-01-13,8,0,80,18.02,18.02,0.0,396.764481,0.0
2019-01-13,8,0,81,23.59,23.59,0.0,519.404779,0.0
2019-01-13,8,0,82,16.61,16.61,0.0,365.719092,0.0
2019-01-13,8,0,83,37.17,37.17,0.0,818.40931,0.0
2019-01-13,8,0,84,0.0,0.0,0.0,0.0,0.0
2019-01-13,8,0,86,0.0,0.0,0.0,0.0,0.0
2019-01-13,8,0,87,0.0,0.0,0.0,0.0,0.0
2019-01-13,8,0,88,18.66,18.66,0.0,410.856006,0.0
2019-01-13,8,0,89,18.01,18.01,0.0,396.544301,0.0
2019-01-13,8,0,90,23.5,23.5,0.0,517.423158,0.0
2019-01-13,8,0,91,73.68,73.68,0.0,1622.286736,0.0
2019-01-13,8,0,92,29.48,29.48,0.0,649.090839,0.0
2019-01-13,8,0,95,12.47,12.47,0.0,413.083561,0.0
2019-01-13,8,0,96,3.99,3.99,0.0,73.909993,0.0
2019-01-13,8,0,97,24.56,24.56,0.0,454.944716,0.0
2019-01-13,8,0,99,1.81,1.81,0.0,25.065617,0.0
2019-01-13,8,0,101,0.0,0.0,0.0,0.0,0.0
2019-01-13,8,0,102,2.16,2.16,0.0,50.709506,0.0
2019-01-13,8,0,103,1.88,1.88,0.0,44.136052,0.0
2019-01-13,8,0,104,0.35,0.35,0.0,8.216818,0.0
2019-01-13,8,0,106,0.0,0.0,0.0,0.0,0.0
2019-01-13,8,0,109,76.36,76.36,0.0,1163.152542,0.0
2019-01-13,8,0,110,25.15,25.15,0.0,740.028509,0.0
2019-01-13,8,0,111,0.0,0.0,0.0,0.0,0.0
2019-01-13,8,0,113,16.01,16.01,0.0,360.33466,0.0
2019-01-13,8,0,115,16.01,16.01,0.0,360.33466,0.0
2019-01-13,8,0,116,0.0,0.0,0.0,0.0,0.0
2019-01-13,8,0,117,0.83,0.83,0.0,18.680685,0.0
2019-01-13,8,0,119,14.53,14.53,0.0,471.172405,0.0
2019-01-13,8,0,120,8.57,8.57,0.0,277.904165,0.0
2019-01-13,8,0,123,0.0,0.0,0.0,0.0,0.0
2019-01-13,8,0,125,40.37,40.37,0.0,744.741216,0.0
2019-01-13,8,0,126,0.0,0.0,0.0,0.0,0.0
2019-01-13,8,0,127,0.0,0.0,0.0,0.0,0.0
2019-01-13,8,0,128,57.82,57.82,0.0,1066.656852,0.0
2019-01-13,8,0,131,5.0,5.0,0.0,115.427927,0.0
2019-01-13,8,0,132,7.35,7.35,0.0,169.679053,0.0
2019-01-13,8,0,133,41.94,41.94,0.0,571.580453,0.0
2019-01-13,8,0,134,0.0,0.0,0.0,0.0,0.0
2019-01-13,8,0,135,56.2,56.2,0.0,765.923259,0.0
2019-01-13,8,0,136,38.47,38.47,0.0,240.545828,0.0
2019-01-13,8,0,139,13.72,13.72,0.0,226.665785,0.0
2019-01-13,8,0,140,18.61,18.61,0.0,547.591672,0.0
2019-01-13,8,0,141,39.96,39.96,0.0,996.634542,0.0
2019-01-13,8,0,142,0.0,0.0,0.0,0.0,0.0
2019-01-13,8,0,143,26.72,26.72,0.0,493.919479,0.0
2019-01-13,8,0,145,4.69,4.69,0.0,81.03285,0.0
2019-01-13,8,0,146,0.0,0.0,0.0,0.0,0.0
2019-01-13,8,0,152,0.0,0.0,0.0,0.0,0.0
2019-01-13,8,0,153,0.0,0.0,0.0,0.0,0.0
2019-01-13,8,0,154,0.0,0.0,0.0,0.0,0.0
2019-01-13,8,0,157,8.68,8.68,0.0,216.486182,0.0
2019-01-13,8,0,158,0.0,0.0,0.0,0.0,0.0
2019-01-13,8,0,159,0.0,0.0,0.0,0.0,0.0
2019-01-13,8,0,160,0.0,0.0,0.0,0.0,0.0
2019-01-13,8,0,161,0.0,0.0,0.0,0.0,0.0
2019-01-13,8,0,162,10.25,10.25,0.0,339.438965,0.0
2019-01-13,8,0,163,11.02,11.02,0.0,324.259013,0.0
2019-01-13,8,0,164,0.0,0.0,0.0,0.0,0.0
2019-01-13,8,0,167,0.0,0.0,0.0,0.0,0.0
2019-01-13,8,0,168,0.0,0.0,0.0,0.0,0.0
2019-01-13,8,0,169,0.0,0.0,0.0,0.0,0.0
2019-01-13,8,0,170,0.0,0.0,0.0,0.0,0.0
2019-01-13,8,0,172,0.0,0.0,0.0,0.0,0.0
2019-01-13,8,0,173,0.0,0.0,0.0,0.0,0.0
2019-01-13,8,0,188,0.0,0.0,0.0,0.0,0.0
2019-01-13,8,0,190,0.0,0.0,0.0,0.0,0.0
2019-01-13,8,0,191,0.0,0.0,0.0,0.0,0.0
2019-01-13,8,0,192,15.87,15.87,0.0,514.625331,0.0
2019-01-13,8,0,194,34.0,34.0,0.0,743.684359,0.0
2019-01-13,8,0,196,0.0,0.0,0.0,0.0,0.0
2019-01-13,8,0,198,0.0,0.0,0.0,0.0,0.0
2019-01-13,8,0,199,10.23,10.23,0.0,145.034108,0.0
2019-01-13,8,0,200,0.0,0.0,0.0,0.0,0.0
2019-01-13,8,0,204,344.88,344.88,0.0,5302.750939,0.0
2019-01-13,8,0,205,403.93,403.93,0.0,6152.8576,0.0
2019-01-13,8,0,206,72.17,72.17,0.0,1336.863199,0.0
2019-01-13,8,0,210,0.0,0.0,0.0,0.0,0.0
2019-01-13,8,0,214,0.0,0.0,0.0,0.0,0.0
2019-01-13,8,0,217,0.0,0.0,0.0,0.0,0.0
2019-01-13,8,0,218,0.0,0.0,0.0,0.0,0.0
2019-01-13,8,0,219,0.0,0.0,0.0,0.0,0.0
2019-01-13,8,0,221,0.0,0.0,0.0,0.0,0.0
2019-01-13,8,0,225,0.0,0.0,0.0,0.0,0.0
2019-01-13,8,0,233,0.0,0.0,0.0,0.0,0.0
2019-01-13,8,0,236,39.92,39.92,0.0,528.13524,0.0
2019-01-13,8,0,237,22.55,22.55,0.0,312.281584,0.0
2019-01-13,8,0,238,0.0,0.0,0.0,0.0,0.0
2019-01-13,8,0,240,0.0,0.0,0.0,0.0,0.0
2019-01-13,8,0,245,78.0,78.0,0.0,874.798475,0.0
2019-01-13,8,0,247,100.63,100.63,0.0,1128.602187,0.0
2019-01-13,8,0,248,2.26,2.26,0.0,31.2974,0.0
2019-01-13,8,0,249,150.0,150.0,0.0,1682.30476,0.0
2019-01-13,8,0,251,129.99,129.99,0.0,1054.325839,0.0
2019-01-13,8,0,252,152.78,152.78,0.0,898.413779,0.0
2019-01-13,8,0,254,0.0,0.0,0.0,0.0,0.0
2019-01-13,8,0,255,0.0,0.0,0.0,0.0,0.0
2019-01-13,8,0,258,0.0,0.0,0.0,0.0,0.0
2019-01-13,8,0,260,0.0,0.0,0.0,0.0,0.0
2019-01-13,8,0,265,0.0,0.0,0.0,0.0,0.0
2019-01-13,8,0,266,8.88,8.88,0.0,146.704969,0.0
2019-01-13,8,0,267,10.92,10.92,0.0,180.407462,0.0
2019-01-13,8,0,270,34.41,34.41,0.0,1012.500238,0.0
2019-01-13,8,0,272,55.44,55.44,0.0,1247.779733,0.0
2019-01-13,8,0,273,0.0,0.0,0.0,0.0,0.0
2019-01-13,8,0,274,44.36,44.36,0.0,1305.274936,0.0
2019-01-13,8,0,275,61.75,61.75,0.0,1816.968605,0.0
2019-01-13,8,0,276,0.0,0.0,0.0,0.0,0.0
2019-01-13,8,0,277,0.0,0.0,0.0,0.0,0.0
2019-01-13,8,0,278,0.0,0.0,0.0,0.0,0.0
2019-01-13,8,0,279,20.73,20.73,0.0,462.504221,0.0
2019-01-13,8,0,281,8.7,8.7,0.0,160.819591,0.0
2019-01-13,8,0,282,0.0,0.0,0.0,0.0,0.0
2019-01-13,9,0,9,0.12,0.12,0.0,2.074827,0.0
2019-01-13,9,0,17,8.09,8.09,0.0,45.057111,0.0
2019-01-13,9,0,19,475.02,475.02,0.0,2645.615453,0.0
2019-01-13,9,0,20,589.85,589.85,0.0,3285.159098,0.0
2019-01-13,9,0,21,2.72,2.72,0.0,47.029415,0.0
2019-01-13,9,0,22,9.66,9.66,0.0,167.023585,0.0
2019-01-13,9,0,23,29.73,29.73,0.0,514.038426,0.0
2019-01-13,9,0,24,52.6,52.6,0.0,909.4659,0.0
2019-01-13,9,0,29,1.46,1.46,0.0,15.808624,0.0
2019-01-13,9,0,30,18.54,18.54,0.0,321.125188,0.0
2019-01-13,9,0,31,26.2,26.2,0.0,453.801507,0.0
2019-01-13,9,0,32,0.52,0.52,0.0,17.184896,0.0
2019-01-13,9,0,33,0.43,0.43,0.0,5.056052,0.0
2019-01-13,9,0,34,0.68,0.68,0.0,7.995617,0.0
2019-01-13,9,0,35,0.68,0.68,0.0,7.995617,0.0
2019-01-13,9,0,36,1.32,1.32,0.0,18.173253,0.0
2019-01-13,9,0,37,0.63,0.63,0.0,8.68064,0.0
2019-01-13,9,0,38,0.81,0.81,0.0,11.160823,0.0
2019-01-13,9,0,39,0.54,0.54,0.0,7.440549,0.0
2019-01-13,9,0,40,0.54,0.54,0.0,7.440549,0.0
2019-01-13,9,0,41,9.56,9.56,0.0,150.15227,0.0
2019-01-13,9,0,42,4.13,4.13,0.0,45.145959,0.0
2019-01-13,9,0,43,4.16,4.16,0.0,56.27209,0.0
2019-01-13,9,0,46,3.34,3.34,0.0,47.09337,0.0
2019-01-13,9,0,52,27.79,27.79,0.0,481.341369,0.0
2019-01-13,9,0,53,44.39,44.39,0.0,768.864461,0.0
2019-01-13,9,0,55,57.88,57.88,0.0,1000.758294,0.0
2019-01-13,9,0,56,5.47,5.47,0.0,94.744055,0.0
2019-01-13,9,0,57,5.2,5.2,0.0,90.067475,0.0
2019-01-13,9,0,58,10.0,10.0,0.0,173.206682,0.0
2019-01-13,9,0,59,9.84,9.84,0.0,170.435375,0.0
2019-01-13,9,0,63,7.95,7.95,0.0,257.799079,0.0
2019-01-13,9,0,64,9.35,9.35,0.0,303.197659,0.0
2019-01-13,9,0,65,34.98,34.98,0.0,316.570133,0.0
2019-01-13,9,0,67,8.49,8.49,0.0,200.272099,0.0
2019-01-13,9,0,68,1.87,1.87,0.0,40.871145,0.0
2019-01-13,9,0,69,0.43,0.43,0.0,5.056052,0.0
2019-01-13,9,0,74,7.56,7.56,0.0,102.0445,0.0
2019-01-13,9,0,77,11.84,11.84,0.0,239.369603,0.0
2019-01-13,9,0,78,8.95,8.95,0.0,180.942394,0.0
2019-01-13,9,0,79,5.18,5.18,0.0,104.724201,0.0
2019-01-13,9,0,80,8.38,8.38,0.0,169.418689,0.0
2019-01-13,9,0,81,10.95,10.95,0.0,221.376449,0.0
2019-01-13,9,0,82,7.72,7.72,0.0,156.075451,0.0
2019-01-13,9,0,83,17.22,17.22,0.0,348.13721,0.0
2019-01-13,9,0,84,0.0,0.0,0.0,0.0,0.0
2019-01-13,9,0,86,2.16,2.16,0.0,25.397841,0.0
2019-01-13,9,0,87,11.02,11.02,0.0,129.576023,0.0
2019-01-13,9,0,88,28.77,28.77,0.0,581.643875,0.0
2019-01-13,9,0,89,27.48,27.48,0.0,555.56391,0.0
2019-01-13,9,0,90,38.58,38.58,0.0,779.972913,0.0
2019-01-13,9,0,91,144.96,144.96,0.0,2930.660275,0.0
2019-01-13,9,0,92,51.0,51.0,0.0,1031.068391,0.0
2019-01-13,9,0,95,18.15,18.15,0.0,599.67587,0.0
2019-01-13,9,0,96,4.22,4.22,0.0,73.227478,0.0
2019-01-13,9,0,97,25.96,25.96,0.0,450.47046,0.0
2019-01-13,9,0,99,1.46,1.46,0.0,19.707007,0.0
2019-01-13,9,0,101,0.37,0.37,0.0,6.408647,0.0
2019-01-13,9,0,102,4.43,4.43,0.0,96.823087,0.0
2019-01-13,9,0,103,3.85,3.85,0.0,84.146475,0.0
2019-01-13,9,0,104,0.72,0.72,0.0,15.736484,0.0
2019-01-13,9,0,106,9.51,9.51,0.0,164.430051,0.0
2019-01-13,9,0,109,85.59,85.59,0.0,1254.436898,0.0
2019-01-13,9,0,110,25.05,25.05,0.0,723.845139,0.0
2019-01-13,9,0,111,1.56,1.56,0.0,24.501835,0.0
2019-01-13,9,0,113,9.93,9.93,0.0,203.657792,0.0
2019-01-13,9,0,115,9.93,9.93,0.0,203.657792,0.0
2019-01-13,9,0,116,6.26,6.26,0.0,180.889045,0.0
2019-01-13,9,0,117,0.67,0.67,0.0,13.741261,0.0
2019-01-13,9,0,119,9.35,9.35,0.0,303.197659,0.0
2019-01-13,9,0,120,5.5,5.5,0.0,178.351564,0.0
2019-01-13,9,0,123,0.16,0.16,0.0,2.766436,0.0
2019-01-13,9,0,125,47.6,47.6,0.0,823.014769,0.0
2019-01-13,9,0,126,7.13,7.13,0.0,123.279313,0.0
2019-01-13,9,0,127,9.15,9.15,0.0,158.20557,0.0
2019-01-13,9,0,128,68.17,68.17,0.0,1178.674722,0.0
2019-01-13,9,0,131,5.3,5.3,0.0,113.385074,0.0
2019-01-13,9,0,132,7.79,7.79,0.0,166.654666,0.0
2019-01-13,9,0,133,41.94,41.94,0.0,545.058354,0.0
2019-01-13,9,0,134,0.0,0.0,0.0,0.0,0.0
2019-01-13,9,0,135,56.2,56.2,0.0,730.383392,0.0
2019-01-13,9,0,136,45.9,45.9,0.0,424.166838,0.0
2019-01-13,9,0,139,12.35,12.35,0.0,193.972859,0.0
2019-01-13,9,0,140,18.54,18.54,0.0,535.732091,0.0
2019-01-13,9,0,141,45.51,45.51,0.0,1073.543371,0.0
2019-01-13,9,0,142,11.19,11.19,0.0,263.962872,0.0
2019-01-13,9,0,143,57.42,57.42,0.0,994.552768,0.0
2019-01-13,9,0,145,4.8,4.8,0.0,78.392251,0.0
2019-01-13,9,0,146,0.0,0.0,0.0,0.0,0.0
2019-01-13,9,0,152,0.93,0.93,0.0,12.519058,0.0
2019-01-13,9,0,153,1.18,1.18,0.0,15.934497,0.0
2019-01-13,9,0,154,6.44,6.44,0.0,101.1486,0.0
2019-01-13,9,0,157,6.47,6.47,0.0,152.621965,0.0
2019-01-13,9,0,158,0.0,0.0,0.0,0.0,0.0
2019-01-13,9,0,159,0.0,0.0,0.0,0.0,0.0
2019-01-13,9,0,160,0.34,0.34,0.0,4.337022,0.0
2019-01-13,9,0,161,2.66,2.66,0.0,58.137565,0.0
2019-01-13,9,0,162,15.34,15.34,0.0,506.711132,0.0
2019-01-13,9,0,163,14.22,14.22,0.0,410.901312,0.0
2019-01-13,9,0,164,0.45,0.45,0.0,7.794301,0.0
2019-01-13,9,0,167,0.64,0.64,0.0,21.155977,0.0
2019-01-13,9,0,168,0.32,0.32,0.0,10.577989,0.0
2019-01-13,9,0,169,0.0,0.0,0.0,0.0,0.0
2019-01-13,9,0,170,0.7,0.7,0.0,23.13935,0.0
2019-01-13,9,0,172,0.89,0.89,0.0,30.115111,0.0
2019-01-13,9,0,173,1.36,1.36,0.0,46.018596,0.0
2019-01-13,9,0,188,1.07,1.07,0.0,35.317411,0.0
2019-01-13,9,0,190,0.55,0.55,0.0,17.835156,0.0
2019-01-13,9,0,191,1.42,1.42,0.0,46.047131,0.0
2019-01-13,9,0,192,17.07,17.07,0.0,553.5384,0.0
2019-01-13,9,0,194,31.6,31.6,0.0,615.951803,0.0
2019-01-13,9,0,196,0.42,0.42,0.0,12.989315,0.0
2019-01-13,9,0,198,1.59,1.59,0.0,18.163554,0.0
2019-01-13,9,0,199,17.2,17.2,0.0,229.770209,0.0
2019-01-13,9,0,200,2.38,2.38,0.0,31.793785,0.0
2019-01-13,9,0,204,229.96,229.96,0.0,3397.770504,0.0
2019-01-13,9,0,205,482.07,482.07,0.0,7065.386088,0.0
2019-01-13,9,0,206,76.29,76.29,0.0,1323.820931,0.0
2019-01-13,9,0,210,0.42,0.42,0.0,4.501933,0.0
2019-01-13,9,0,214,2.34,2.34,0.0,26.362887,0.0
2019-01-13,9,0,217,1.55,1.55,0.0,17.024588,0.0
2019-01-13,9,0,218,2.14,2.14,0.0,23.504916,0.0
2019-01-13,9,0,219,1.46,1.46,0.0,16.036064,0.0
2019-01-13,9,0,221,1.25,1.25,0.0,14.082739,0.0
2019-01-13,9,0,225,1.35,1.35,0.0,14.631765,0.0
2019-01-13,9,0,233,1.22,1.22,0.0,14.345077,0.0
2019-01-13,9,0,236,36.01,36.01,0.0,467.213847,0.0
2019-01-13,9,0,237,18.13,18.13,0.0,244.717829,0.0
2019-01-13,9,0,238,5.38,5.38,0.0,58.80999,0.0
2019-01-13,9,0,240,1.49,1.49,0.0,20.513748,0.0
2019-01-13,9,0,245,78.0,78.0,0.0,913.780317,0.0
2019-01-13,9,0,247,138.77,138.77,0.0,1625.708905,0.0
2019-01-13,9,0,248,1.82,1.82,0.0,24.566269,0.0
2019-01-13,9,0,249,150.0,150.0,0.0,1757.269841,0.0
2019-01-13,9,0,251,207.86,207.86,0.0,2122.644391,0.0
2019-01-13,9,0,252,225.63,225.63,0.0,2041.958808,0.0
2019-01-13,9,0,254,2.43,2.43,0.0,32.400342,0.0
2019-01-13,9,0,255,1.12,1.12,0.0,14.933491,0.0
2019-01-13,9,0,258,1.85,1.85,0.0,25.398179,0.0
2019-01-13,9,0,260,0.81,0.81,0.0,10.332317,0.0
2019-01-13,9,0,265,6.67,6.67,0.0,104.76105,0.0
2019-01-13,9,0,266,7.99,7.99,0.0,125.493372,0.0
2019-01-13,9,0,267,9.82,9.82,0.0,154.235909,0.0
2019-01-13,9,0,270,44.4,44.4,0.0,1282.983001,0.0
2019-01-13,9,0,272,33.15,33.15,0.0,679.884775,0.0
2019-01-13,9,0,273,1.5,1.5,0.0,43.34402,0.0
2019-01-13,9,0,274,57.23,57.23,0.0,1653.718854,0.0
2019-01-13,9,0,275,79.67,79.67,0.0,2302.145398,0.0
2019-01-13,9,0,276,0.36,0.36,0.0,9.975999,0.0
2019-01-13,9,0,277,0.51,0.51,0.0,10.399996,0.0
2019-01-13,9,0,278,0.82,0.82,0.0,16.721563,0.0
2019-01-13,9,0,279,22.98,22.98,0.0,468.611605,0.0
2019-01-13,9,0,281,11.67,11.67,0.0,202.132198,0.0
2019-01-13,9,0,282,10.17,10.17,0.0,176.151196,0.0
2019-01-13,10,0,9,1.11,1.11,0.0,13.776366,0.0
2019-01-13,10,0,17,25.33,25.33,0.0,345.870819,0.0
2019-01-13,10,0,19,349.46,349.46,0.0,4771.733774,0.0
2019-01-13,10,0,20,433.01,433.01,0.0,5912.574948,0.0
2019-01-13,10,0,21,25.32,25.32,0.0,314.250082,0.0
2019-01-13,10,0,22,89.98,89.98,0.0,1116.75444,0.0
2019-01-13,10,0,23,35.04,35.04,0.0,434.88637,0.0
2019-01-13,10,0,24,62.0,62.0,0.0,769.490723,0.0
2019-01-13,10,0,29,4.26,4.26,0.0,38.315766,0.0
2019-01-13,10,0,30,211.31,211.31,0.0,2621.694632,0.0
2019-01-13,10,0,31,56.6,56.6,0.0,702.228556,0.0
2019-01-13,10,0,32,2.2,2.2,0.0,66.04768,0.0
2019-01-13,10,0,33,1.4,1.4,0.0,19.686521,0.0
2019-01-13,10,0,34,2.23,2.23,0.0,31.357816,0.0
2019-01-13,10,0,35,2.23,2.23,0.0,31.357816,0.0
2019-01-13,10,0,36,5.03,5.03,0.0,64.442809,0.0
2019-01-13,10,0,37,2.35,2.35,0.0,30.007312,0.0
2019-01-13,10,0,38,3.02,3.02,0.0,38.562588,0.0
2019-01-13,10,0,39,2.01,2.01,0.0,25.665829,0.0
2019-01-13,10,0,40,2.01,2.01,0.0,25.665829,0.0
2019-01-13,10,0,41,8.76,8.76,0.0,111.059798,0.0
2019-01-13,10,0,42,18.17,18.17,0.0,246.5001,0.0
2019-01-13,10,0,43,15.71,15.71,0.0,199.13637,0.0
2019-01-13,10,0,46,13.58,13.58,0.0,172.345928,0.0
2019-01-13,10,0,52,60.03,60.03,0.0,744.784103,0.0
2019-01-13,10,0,53,95.72,95.72,0.0,1187.585113,0.0
2019-01-13,10,0,55,68.62,68.62,0.0,851.652475,0.0
2019-01-13,10,0,56,62.33,62.33,0.0,773.319892,0.0
2019-01-13,10,0,57,59.29,59.29,0.0,735.603023,0.0
2019-01-13,10,0,58,114.02,114.02,0.0,1414.630741,0.0
2019-01-13,10,0,59,112.12,112.12,0.0,1391.057698,0.0
2019-01-13,10,0,63,9.78,9.78,0.0,291.525551,0.0
2019-01-13,10,0,64,11.51,11.51,0.0,343.093977,0.0
2019-01-13,10,0,65,41.4,41.4,0.0,564.621282,0.0
2019-01-13,10,0,67,75.04,75.04,0.0,1254.309326,0.0
2019-01-13,10,0,68,3.65,3.65,0.0,51.584735,0.0
2019-01-13,10,0,69,1.4,1.4,0.0,19.686521,0.0
2019-01-13,10,0,74,9.73,9.73,0.0,128.493164,0.0
2019-01-13,10,0,77,13.49,13.49,0.0,162.011511,0.0
2019-01-13,10,0,78,10.2,10.2,0.0,122.499438,0.0
2019-01-13,10,0,79,5.9,5.9,0.0,70.857518,0.0
2019-01-13,10,0,80,9.55,9.55,0.0,114.693101,0.0
2019-01-13,10,0,81,12.48,12.48,0.0,149.881665,0.0
2019-01-13,10,0,82,8.8,8.8,0.0,105.685789,0.0
2019-01-13,10,0,83,19.63,19.63,0.0,235.751369,0.0
2019-01-13,10,0,84,0.0,0.0,0.0,0.0,0.0
2019-01-13,10,0,86,7.07,7.07,0.0,99.416931,0.0
2019-01-13,10,0,87,36.11,36.11,0.0,507.771625,0.0
2019-01-13,10,0,88,23.29,23.29,0.0,279.707049,0.0
2019-01-13,10,0,89,22.28,22.28,0.0,267.577203,0.0
2019-01-13,10,0,90,30.94,30.94,0.0,371.581628,0.0
2019-01-13,10,0,91,114.64,114.64,0.0,1376.797602,0.0
2019-01-13,10,0,92,40.62,40.62,0.0,487.835996,0.0
2019-01-13,10,0,95,62.09,62.09,0.0,1859.57902,0.0
2019-01-13,10,0,96,4.57,4.57,0.0,56.678951,0.0
2019-01-13,10,0,97,28.11,28.11,0.0,348.631362,0.0
2019-01-13,10,0,99,2.0,2.0,0.0,26.41175,0.0
2019-01-13,10,0,101,4.26,4.26,0.0,52.853245,0.0
2019-01-13,10,0,102,8.65,8.65,0.0,122.248755,0.0
2019-01-13,10,0,103,7.52,7.52,0.0,106.278687,0.0
2019-01-13,10,0,104,1.4,1.4,0.0,19.785926,0.0
2019-01-13,10,0,106,88.58,88.58,0.0,1099.378843,0.0
2019-01-13,10,0,109,93.67,93.67,0.0,1193.931758,0.0
2019-01-13,10,0,110,25.3,25.3,0.0,622.970916,0.0
2019-01-13,10,0,111,6.41,6.41,0.0,81.266359,0.0
2019-01-13,10,0,113,18.49,18.49,0.0,210.703926,0.0
2019-01-13,10,0,115,18.49,18.49,0.0,210.703926,0.0
2019-01-13,10,0,116,42.6,42.6,0.0,1048.954981,0.0
2019-01-13,10,0,117,1.23,1.23,0.0,14.01654,0.0
2019-01-13,10,0,119,11.51,11.51,0.0,343.093977,0.0
2019-01-13,10,0,120,6.77,6.77,0.0,201.802452,0.0
2019-01-13,10,0,123,1.48,1.48,0.0,18.368488,0.0
2019-01-13,10,0,125,56.11,56.11,0.0,696.389104,0.0
2019-01-13,10,0,126,66.44,66.44,0.0,824.596188,0.0
2019-01-13,10,0,127,85.26,85.26,0.0,1058.173856,0.0
2019-01-13,10,0,128,80.36,80.36,0.0,997.359266,0.0
2019-01-13,10,0,131,7.61,7.61,0.0,102.302167,0.0
2019-01-13,10,0,132,12.27,12.27,0.0,164.947121,0.0
2019-01-13,10,0,133,41.94,41.94,0.0,572.738386,0.0
2019-01-13,10,0,134,0.0,0.0,0.0,0.0,0.0
2019-01-13,10,0,135,56.2,56.2,0.0,767.474899,0.0
2019-01-13,10,0,136,45.9,45.9,0.0,625.951843,0.0
2019-01-13,10,0,139,11.31,11.31,0.0,143.388849,0.0
2019-01-13,10,0,140,18.72,18.72,0.0,460.949231,0.0
2019-01-13,10,0,141,51.34,51.34,0.0,858.15886,0.0
2019-01-13,10,0,142,98.96,98.96,0.0,1654.137139,0.0
2019-01-13,10,0,143,117.42,117.42,0.0,1456.814082,0.0
2019-01-13,10,0,145,9.27,9.27,0.0,116.186734,0.0
2019-01-13,10,0,146,0.0,0.0,0.0,0.0,0.0
2019-01-13,10,0,152,3.51,3.51,0.0,46.231421,0.0
2019-01-13,10,0,153,4.44,4.44,0.0,58.382254,0.0
2019-01-13,10,0,154,26.46,26.46,0.0,335.461444,0.0
2019-01-13,10,0,157,0.0,0.0,0.0,0.0,0.0
2019-01-13,10,0,158,75.31,75.31,0.0,1258.822433,0.0
2019-01-13,10,0,159,0.0,0.0,0.0,0.0,0.0
2019-01-13,10,0,160,1.23,1.23,0.0,15.351062,0.0
2019-01-13,10,0,161,21.04,21.04,0.0,297.354198,0.0
2019-01-13,10,0,162,41.06,41.06,0.0,1229.85139,0.0
2019-01-13,10,0,163,10.09,10.09,0.0,248.449666,0.0
2019-01-13,10,0,164,7.72,7.72,0.0,95.780997,0.0
2019-01-13,10,0,167,2.53,2.53,0.0,75.800169,0.0
2019-01-13,10,0,168,1.27,1.27,0.0,38.049887,0.0
2019-01-13,10,0,169,0.0,0.0,0.0,0.0,0.0
2019-01-13,10,0,170,2.77,2.77,0.0,82.990699,0.0
2019-01-13,10,0,172,3.4,3.4,0.0,100.165632,0.0
2019-01-13,10,0,173,5.18,5.18,0.0,152.605286,0.0
2019-01-13,10,0,188,4.52,4.52,0.0,133.737522,0.0
2019-01-13,10,0,190,3.19,3.19,0.0,95.0886,0.0
2019-01-13,10,0,191,8.25,8.25,0.0,245.918793,0.0
2019-01-13,10,0,192,18.82,18.82,0.0,560.992932,0.0
2019-01-13,10,0,194,16.06,16.06,0.0,142.938554,0.0
2019-01-13,10,0,196,2.45,2.45,0.0,68.056902,0.0
2019-01-13,10,0,198,5.55,5.55,0.0,65.827145,0.0
2019-01-13,10,0,199,26.79,26.79,0.0,274.458621,0.0
2019-01-13,10,0,200,8.87,8.87,0.0,90.871518,0.0
2019-01-13,10,0,204,144.84,144.84,0.0,1840.815912,0.0
2019-01-13,10,0,205,553.19,553.19,0.0,7051.042053,0.0
2019-01-13,10,0,206,82.6,82.6,0.0,1024.43794,0.0
2019-01-13,10,0,210,1.25,1.25,0.0,11.528707,0.0
2019-01-13,10,0,214,7.21,7.21,0.0,103.130503,0.0
2019-01-13,10,0,217,5.0,5.0,0.0,60.384349,0.0
2019-01-13,10,0,218,6.9,6.9,0.0,83.330401,0.0
2019-01-13,10,0,219,4.7,4.7,0.0,56.761288,0.0
2019-01-13,10,0,221,3.85,3.85,0.0,55.069686,0.0
2019-01-13,10,0,225,3.93,3.93,0.0,35.260862,0.0
2019-01-13,10,0,233,4.0,4.0,0.0,56.247203,0.0
2019-01-13,10,0,236,32.39,32.39,0.0,434.859843,0.0
2019-01-13,10,0,237,22.73,22.73,0.0,300.169539,0.0
2019-01-13,10,0,238,23.65,23.65,0.0,320.843553,0.0
2019-01-13,10,0,240,5.7,5.7,0.0,73.026643,0.0
2019-01-13,10,0,245,78.0,78.0,0.0,1069.761304,0.0
2019-01-13,10,0,247,171.72,171.72,0.0,2355.120656,0.0
2019-01-13,10,0,248,2.48,2.48,0.0,32.75057,0.0
2019-01-13,10,0,249,150.0,150.0,0.0,2057.233278,0.0
2019-01-13,10,0,251,313.15,313.15,0.0,4262.370503,0.0
2019-01-13,10,0,252,267.06,267.06,0.0,3642.216413,0.0
2019-01-13,10,0,254,8.56,8.56,0.0,108.085241,0.0
2019-01-13,10,0,255,3.93,3.93,0.0,49.623247,0.0
2019-01-13,10,0,258,7.11,7.11,0.0,90.935048,0.0
2019-01-13,10,0,260,2.99,2.99,0.0,37.316808,0.0
2019-01-13,10,0,265,27.4,27.4,0.0,347.37882,0.0
2019-01-13,10,0,266,7.33,7.33,0.0,92.930173,0.0
2019-01-13,10,0,267,9.0,9.0,0.0,114.102532,0.0
2019-01-13,10,0,270,31.5,31.5,0.0,775.635725,0.0
2019-01-13,10,0,272,61.81,61.81,0.0,704.359637,0.0
2019-01-13,10,0,273,10.19,10.19,0.0,250.912001,0.0
2019-01-13,10,0,274,40.61,40.61,0.0,999.954501,0.0
2019-01-13,10,0,275,56.52,56.52,0.0,1391.712101,0.0
2019-01-13,10,0,276,2.46,2.46,0.0,56.22978,0.0
2019-01-13,10,0,277,3.16,3.16,0.0,36.788085,0.0
2019-01-13,10,0,278,5.05,5.05,0.0,58.791084,0.0
2019-01-13,10,0,279,25.5,25.5,0.0,296.865872,0.0
2019-01-13,10,0,281,25.23,25.23,0.0,313.025203,0.0
2019-01-13,10,0,282,115.92,115.92,0.0,1438.203784,0.0
2019-01-13,11,0,9,1.9,1.9,0.0,28.460388,0.0
2019-01-13,11,0,17,38.6,38.6,0.0,546.3076,0.0
2019-01-13,11,0,19,192.99,192.99,0.0,2731.396471,0.0
2019-01-13,11,0,20,234.06,234.06,0.0,3312.662097,0.0
2019-01-13,11,0,21,43.54,43.54,0.0,652.192256,0.0
2019-01-13,11,0,22,154.75,154.75,0.0,2318.023695,0.0
2019-01-13,11,0,23,17.2,17.2,0.0,257.641406,0.0
2019-01-13,11,0,24,30.42,30.42,0.0,455.665789,0.0
2019-01-13,11,0,29,6.34,6.34,0.0,53.639732,0.0
2019-01-13,11,0,30,366.84,366.84,0.0,2259.415823,0.0
2019-01-13,11,0,31,69.6,69.6,0.0,428.675557,0.0
2019-01-13,11,0,32,3.44,3.44,0.0,103.08618,0.0
2019-01-13,11,0,33,2.12,2.12,0.0,31.364769,0.0
2019-01-13,11,0,34,3.39,3.39,0.0,50.154041,0.0
2019-01-13,11,0,35,3.39,3.39,0.0,50.154041,0.0
2019-01-13,11,0,36,7.81,7.81,0.0,100.679725,0.0
2019-01-13,11,0,37,3.64,3.64,0.0,46.717294,0.0
2019-01-13,11,0,38,4.68,4.68,0.0,60.065092,0.0
2019-01-13,11,0,39,3.12,3.12,0.0,40.043395,0.0
2019-01-13,11,0,40,3.12,3.12,0.0,40.043395,0.0
2019-01-13,11,0,41,6.85,6.85,0.0,85.478009,0.0
2019-01-13,11,0,42,28.19,28.19,0.0,395.053481,0.0
2019-01-13,11,0,43,24.32,24.32,0.0,310.195089,0.0
2019-01-13,11,0,46,21.3,21.3,0.0,270.135534,0.0
2019-01-13,11,0,52,73.99,73.99,0.0,455.714144,0.0
2019-01-13,11,0,53,120.5,120.5,0.0,742.175353,0.0
2019-01-13,11,0,55,174.89,174.89,0.0,2619.703806,0.0
2019-01-13,11,0,56,108.21,108.21,0.0,666.479626,0.0
2019-01-13,11,0,57,102.93,102.93,0.0,633.959412,0.0
2019-01-13,11,0,58,197.94,197.94,0.0,1219.138502,0.0
2019-01-13,11,0,59,194.64,194.64,0.0,1198.813367,0.0
2019-01-13,11,0,63,11.45,11.45,0.0,341.305477,0.0
2019-01-13,11,0,64,13.47,13.47,0.0,401.51832,0.0
2019-01-13,11,0,65,41.4,41.4,0.0,584.866465,0.0
2019-01-13,11,0,67,131.86,131.86,0.0,2051.433951,0.0
2019-01-13,11,0,68,4.28,4.28,0.0,54.551082,0.0
2019-01-13,11,0,69,2.12,2.12,0.0,31.364769,0.0
2019-01-13,11,0,74,22.77,22.77,0.0,305.985805,0.0
2019-01-13,11,0,77,13.25,13.25,0.0,138.708915,0.0
2019-01-13,11,0,78,10.02,10.02,0.0,104.895345,0.0
2019-01-13,11,0,79,5.8,5.8,0.0,60.717865,0.0
2019-01-13,11,0,80,9.38,9.38,0.0,98.195443,0.0
2019-01-13,11,0,81,12.26,12.26,0.0,128.345003,0.0
2019-01-13,11,0,82,8.65,8.65,0.0,90.553367,0.0
2019-01-13,11,0,83,19.28,19.28,0.0,201.834557,0.0
2019-01-13,11,0,84,0.0,0.0,0.0,0.0,0.0
2019-01-13,11,0,86,10.75,10.75,0.0,159.043051,0.0
2019-01-13,11,0,87,54.87,54.87,0.0,811.785319,0.0
2019-01-13,11,0,88,11.65,11.65,0.0,121.959159,0.0
2019-01-13,11,0,89,11.2,11.2,0.0,117.24829,0.0
2019-01-13,11,0,90,15.04,15.04,0.0,157.447704,0.0
2019-01-13,11,0,91,53.65,53.65,0.0,561.640248,0.0
2019-01-13,11,0,92,19.3,19.3,0.0,202.043929,0.0
2019-01-13,11,0,95,65.64,65.64,0.0,1961.476335,0.0
2019-01-13,11,0,96,5.25,5.25,0.0,59.876721,0.0
2019-01-13,11,0,97,38.55,38.55,0.0,439.666209,0.0
2019-01-13,11,0,99,4.89,4.89,0.0,65.712367,0.0
2019-01-13,11,0,101,7.39,7.39,0.0,45.515982,0.0
2019-01-13,11,0,102,10.15,10.15,0.0,129.367637,0.0
2019-01-13,11,0,103,8.82,8.82,0.0,112.416015,0.0
2019-01-13,11,0,104,1.64,1.64,0.0,20.902751,0.0
2019-01-13,11,0,106,152.34,152.34,0.0,2281.92394,0.0
2019-01-13,11,0,109,37.48,37.48,0.0,474.637514,0.0
2019-01-13,11,0,110,12.26,12.26,0.0,296.314038,0.0
2019-01-13,11,0,111,10.35,10.35,0.0,129.152905,0.0
2019-01-13,11,0,113,12.79,12.79,0.0,123.873291,0.0
2019-01-13,11,0,115,12.79,12.79,0.0,123.873291,0.0
2019-01-13,11,0,116,71.72,71.72,0.0,1733.412954,0.0
2019-01-13,11,0,117,0.86,0.86,0.0,8.329244,0.0
2019-01-13,11,0,119,13.47,13.47,0.0,401.51832,0.0
2019-01-13,11,0,120,7.92,7.92,0.0,236.082041,0.0
2019-01-13,11,0,123,2.54,2.54,0.0,38.047045,0.0
2019-01-13,11,0,125,27.53,27.53,0.0,412.376041,0.0
2019-01-13,11,0,126,114.25,114.25,0.0,1711.368059,0.0
2019-01-13,11,0,127,146.62,146.62,0.0,2196.243193,0.0
2019-01-13,11,0,128,39.42,39.42,0.0,590.478152,0.0
2019-01-13,11,0,131,5.82,5.82,0.0,69.808329,0.0
2019-01-13,11,0,132,8.55,8.55,0.0,102.553472,0.0
2019-01-13,11,0,133,41.94,41.94,0.0,593.680869,0.0
2019-01-13,11,0,134,0.0,0.0,0.0,0.0,0.0
2019-01-13,11,0,135,56.2,56.2,0.0,795.538027,0.0
2019-01-13,11,0,136,45.9,45.9,0.0,648.373801,0.0
2019-01-13,11,0,139,8.84,8.84,0.0,110.310307,0.0
2019-01-13,11,0,140,9.07,9.07,0.0,219.214382,0.0
2019-01-13,11,0,141,38.45,38.45,0.0,598.19229,0.0
2019-01-13,11,0,142,173.89,173.89,0.0,2705.322689,0.0
2019-01-13,11,0,143,131.08,131.08,0.0,807.338965,0.0
2019-01-13,11,0,145,17.65,17.65,0.0,213.927031,0.0
2019-01-13,11,0,146,0.0,0.0,0.0,0.0,0.0
2019-01-13,11,0,152,5.46,5.46,0.0,73.144387,0.0
2019-01-13,11,0,153,6.89,6.89,0.0,92.062528,0.0
2019-01-13,11,0,154,42.68,42.68,0.0,532.584152,0.0
2019-01-13,11,0,157,6.09,6.09,0.0,94.746191,0.0
2019-01-13,11,0,158,144.07,144.07,0.0,2241.393064,0.0
2019-01-13,11,0,159,0.0,0.0,0.0,0.0,0.0
2019-01-13,11,0,160,1.9,1.9,0.0,23.991709,0.0
2019-01-13,11,0,161,35.93,35.93,0.0,457.948688,0.0
2019-01-13,11,0,162,71.02,71.02,0.0,2122.568659,0.0
2019-01-13,11,0,163,18.64,18.64,0.0,450.51335,0.0
2019-01-13,11,0,164,13.73,13.73,0.0,84.564876,0.0
2019-01-13,11,0,167,3.94,3.94,0.0,117.777296,0.0
2019-01-13,11,0,168,1.97,1.97,0.0,58.888648,0.0
2019-01-13,11,0,169,0.0,0.0,0.0,0.0,0.0
2019-01-13,11,0,170,4.3,4.3,0.0,128.538674,0.0
2019-01-13,11,0,172,5.27,5.27,0.0,153.756665,0.0
2019-01-13,11,0,173,8.03,8.03,0.0,234.281978,0.0
2019-01-13,11,0,188,7.06,7.06,0.0,207.95808,0.0
2019-01-13,11,0,190,5.29,5.29,0.0,157.686111,0.0
2019-01-13,11,0,191,13.68,13.68,0.0,407.778072,0.0
2019-01-13,11,0,192,22.4,22.4,0.0,667.706784,0.0
2019-01-13,11,0,194,17.48,17.48,0.0,119.930626,0.0
2019-01-13,11,0,196,4.05,4.05,0.0,111.85606,0.0
2019-01-13,11,0,198,8.48,8.48,0.0,102.169722,0.0
2019-01-13,11,0,199,39.32,39.32,0.0,367.686756,0.0
2019-01-13,11,0,200,13.69,13.69,0.0,128.017083,0.0
2019-01-13,11,0,204,117.67,117.67,0.0,1482.30421,0.0
2019-01-13,11,0,205,245.03,245.03,0.0,3102.999734,0.0
2019-01-13,11,0,206,147.36,147.36,0.0,1680.654022,0.0
2019-01-13,11,0,210,1.85,1.85,0.0,16.207388,0.0
2019-01-13,11,0,214,10.81,10.81,0.0,164.050066,0.0
2019-01-13,11,0,217,7.51,7.51,0.0,92.935777,0.0
2019-01-13,11,0,218,10.36,10.36,0.0,128.204347,0.0
2019-01-13,11,0,219,7.06,7.06,0.0,87.367055,0.0
2019-01-13,11,0,221,5.76,5.76,0.0,87.412431,0.0
2019-01-13,11,0,225,5.88,5.88,0.0,49.577408,0.0
2019-01-13,11,0,233,6.08,6.08,0.0,89.95179,0.0
2019-01-13,11,0,236,49.81,49.81,0.0,687.0619,0.0
2019-01-13,11,0,237,50.76,50.76,0.0,682.118554,0.0
2019-01-13,11,0,238,36.69,36.69,0.0,514.172125,0.0
2019-01-13,11,0,240,8.85,8.85,0.0,114.0865,0.0
2019-01-13,11,0,245,78.0,78.0,0.0,1111.348536,0.0
2019-01-13,11,0,247,163.78,163.78,0.0,2333.546965,0.0
2019-01-13,11,0,248,6.04,6.04,0.0,81.166195,0.0
2019-01-13,11,0,249,150.0,150.0,0.0,2137.208724,0.0
2019-01-13,11,0,251,266.66,266.66,0.0,3755.849742,0.0
2019-01-13,11,0,252,267.06,267.06,0.0,3772.812513,0.0
2019-01-13,11,0,254,13.13,13.13,0.0,167.049494,0.0
2019-01-13,11,0,255,6.02,6.02,0.0,76.590857,0.0
2019-01-13,11,0,258,11.04,11.04,0.0,142.07487,0.0
2019-01-13,11,0,260,4.61,4.61,0.0,58.211462,0.0
2019-01-13,11,0,265,44.19,44.19,0.0,551.42675,0.0
2019-01-13,11,0,266,5.72,5.72,0.0,71.377258,0.0
2019-01-13,11,0,267,7.03,7.03,0.0,87.724147,0.0
2019-01-13,11,0,270,63.07,63.07,0.0,1524.349624,0.0
2019-01-13,11,0,272,42.71,42.71,0.0,413.653501,0.0
2019-01-13,11,0,273,17.15,17.15,0.0,414.501285,0.0
2019-01-13,11,0,274,82.37,82.37,0.0,1990.814627,0.0
2019-01-13,11,0,275,116.21,116.21,0.0,2808.699378,0.0
2019-01-13,11,0,276,4.12,4.12,0.0,91.655185,0.0
2019-01-13,11,0,277,5.23,5.23,0.0,52.296115,0.0
2019-01-13,11,0,278,8.37,8.37,0.0,83.693782,0.0
2019-01-13,11,0,279,33.71,33.71,0.0,337.074958,0.0
2019-01-13,11,0,281,30.35,30.35,0.0,186.929643,0.0
2019-01-13,11,0,282,201.24,201.24,0.0,1239.463636,0.0
2019-01-13,12,0,9,2.73,2.73,0.0,15.977861,0.0
2019-01-13,12,0,17,50.7,50.7,0.0,501.943178,0.0
2019-01-13,12,0,19,192.99,192.99,0.0,1910.651163,0.0
2019-01-13,12,0,20,234.06,234.06,0.0,2317.254838,0.0
2019-01-13,12,0,21,62.36,62.36,0.0,364.974152,0.0
2019-01-13,12,0,22,221.62,221.62,0.0,1297.074591,0.0
2019-01-13,12,0,23,11.43,11.43,0.0,66.896321,0.0
2019-01-13,12,0,24,19.13,19.13,0.0,111.962083,0.0
2019-01-13,12,0,29,8.21,8.21,0.0,69.176369,0.0
2019-01-13,12,0,30,530.52,530.52,0.0,2978.721377,0.0
2019-01-13,12,0,31,78.01,78.01,0.0,438.004325,0.0
2019-01-13,12,0,32,4.65,4.65,0.0,150.774155,0.0
2019-01-13,12,0,33,2.79,2.79,0.0,29.835952,0.0
2019-01-13,12,0,34,4.46,4.46,0.0,47.694748,0.0
2019-01-13,12,0,35,4.46,4.46,0.0,47.694748,0.0
2019-01-13,12,0,36,10.68,10.68,0.0,91.543189,0.0
2019-01-13,12,0,37,5.05,5.05,0.0,43.122359,0.0
2019-01-13,12,0,38,6.49,6.49,0.0,55.418635,0.0
2019-01-13,12,0,39,4.33,4.33,0.0,36.97422,0.0
2019-01-13,12,0,40,4.33,4.33,0.0,36.97422,0.0
2019-01-13,12,0,41,5.24,5.24,0.0,37.713512,0.0
2019-01-13,12,0,42,39.84,39.84,0.0,387.572636,0.0
2019-01-13,12,0,43,32.68,32.68,0.0,282.762391,0.0
2019-01-13,12,0,46,28.61,28.61,0.0,236.875407,0.0
2019-01-13,12,0,52,82.69,82.69,0.0,464.281216,0.0
2019-01-13,12,0,53,131.37,131.37,0.0,737.605797,0.0
2019-01-13,12,0,55,246.79,246.79,0.0,1444.386961,0.0
2019-01-13,12,0,56,156.48,156.48,0.0,878.591422,0.0
2019-01-13,12,0,57,148.85,148.85,0.0,835.751106,0.0
2019-01-13,12,0,58,286.25,286.25,0.0,1607.213666,0.0
2019-01-13,12,0,59,281.48,281.48,0.0,1580.431451,0.0
2019-01-13,12,0,63,13.35,13.35,0.0,432.907888,0.0
2019-01-13,12,0,64,15.71,15.71,0.0,509.436922,0.0
2019-01-13,12,0,65,37.14,37.14,0.0,366.508777,0.0
2019-01-13,12,0,67,188.42,188.42,0.0,2133.628706,0.0
2019-01-13,12,0,68,5.01,5.01,0.0,35.808732,0.0
2019-01-13,12,0,69,2.79,2.79,0.0,29.835952,0.0
2019-01-13,12,0,74,54.0,54.0,0.0,484.88473,0.0
2019-01-13,12,0,77,12.93,12.93,0.0,49.356999,0.0
2019-01-13,12,0,78,9.77,9.77,0.0,37.294499,0.0
2019-01-13,12,0,79,5.66,5.66,0.0,21.605616,0.0
2019-01-13,12,0,80,9.15,9.15,0.0,34.927806,0.0
2019-01-13,12,0,81,11.96,11.96,0.0,45.654269,0.0
2019-01-13,12,0,82,8.44,8.44,0.0,32.217561,0.0
2019-01-13,12,0,83,18.81,18.81,0.0,71.802409,0.0
2019-01-13,12,0,84,0.0,0.0,0.0,0.0,0.0
2019-01-13,12,0,86,14.13,14.13,0.0,151.104661,0.0
2019-01-13,12,0,87,72.15,72.15,0.0,771.564142,0.0
2019-01-13,12,0,88,11.81,11.81,0.0,45.081682,0.0
2019-01-13,12,0,89,11.36,11.36,0.0,43.363921,0.0
2019-01-13,12,0,90,15.25,15.25,0.0,58.213011,0.0
2019-01-13,12,0,91,54.39,54.39,0.0,207.620043,0.0
2019-01-13,12,0,92,19.56,19.56,0.0,74.665344,0.0
2019-01-13,12,0,95,80.42,80.42,0.0,2595.861841,0.0
2019-01-13,12,0,96,5.32,5.32,0.0,31.69688,0.0
2019-01-13,12,0,97,32.69,32.69,0.0,194.768984,0.0
2019-01-13,12,0,99,10.42,10.42,0.0,93.564794,0.0
2019-01-13,12,0,101,10.69,10.69,0.0,60.021359,0.0
2019-01-13,12,0,102,11.86,11.86,0.0,84.768776,0.0
2019-01-13,12,0,103,10.32,10.32,0.0,73.7617,0.0
2019-01-13,12,0,104,1.92,1.92,0.0,13.723107,0.0
2019-01-13,12,0,106,218.17,218.17,0.0,1276.882788,0.0
2019-01-13,12,0,109,22.33,22.33,0.0,177.311632,0.0
2019-01-13,12,0,110,0.0,0.0,0.0,0.0,0.0
2019-01-13,12,0,111,14.13,14.13,0.0,101.696933,0.0
2019-01-13,12,0,113,8.32,8.32,0.0,20.673839,0.0
2019-01-13,12,0,115,8.32,8.32,0.0,20.673839,0.0
2019-01-13,12,0,116,100.57,100.57,0.0,2425.051493,0.0
2019-01-13,12,0,117,0.56,0.56,0.0,1.391508,0.0
2019-01-13,12,0,119,15.71,15.71,0.0,509.436922,0.0
2019-01-13,12,0,120,9.24,9.24,0.0,299.630628,0.0
2019-01-13,12,0,123,3.64,3.64,0.0,21.303815,0.0
2019-01-13,12,0,125,17.5,17.5,0.0,102.422188,0.0
2019-01-13,12,0,126,163.63,163.63,0.0,957.676723,0.0
2019-01-13,12,0,127,209.99,209.99,0.0,1229.007731,0.0
2019-01-13,12,0,128,24.0,24.0,0.0,140.464715,0.0
2019-01-13,12,0,131,5.98,5.98,0.0,36.071838,0.0
2019-01-13,12,0,132,8.79,8.79,0.0,53.021983,0.0
2019-01-13,12,0,133,41.94,41.94,0.0,415.343175,0.0
2019-01-13,12,0,134,0.0,0.0,0.0,0.0,0.0
2019-01-13,12,0,135,56.2,56.2,0.0,556.563816,0.0
2019-01-13,12,0,136,45.9,45.9,0.0,452.874586,0.0
2019-01-13,12,0,139,6.77,6.77,0.0,48.725282,0.0
2019-01-13,12,0,140,0.0,0.0,0.0,0.0,0.0
2019-01-13,12,0,141,28.3,28.3,0.0,320.463286,0.0
2019-01-13,12,0,142,248.48,248.48,0.0,2813.735595,0.0
2019-01-13,12,0,143,145.43,145.43,0.0,816.548763,0.0
2019-01-13,12,0,145,10.67,10.67,0.0,71.479128,0.0
2019-01-13,12,0,146,0.0,0.0,0.0,0.0,0.0
2019-01-13,12,0,152,7.66,7.66,0.0,68.839797,0.0
2019-01-13,12,0,153,9.69,9.69,0.0,86.682235,0.0
2019-01-13,12,0,154,58.31,58.31,0.0,419.670781,0.0
2019-01-13,12,0,157,8.45,8.45,0.0,95.686034,0.0
2019-01-13,12,0,158,205.11,205.11,0.0,2322.622778,0.0
2019-01-13,12,0,159,0.0,0.0,0.0,0.0,0.0
2019-01-13,12,0,160,2.57,2.57,0.0,23.26468,0.0
2019-01-13,12,0,161,50.98,50.98,0.0,364.377082,0.0
2019-01-13,12,0,162,71.09,71.09,0.0,2295.534293,0.0
2019-01-13,12,0,163,25.56,25.56,0.0,616.33008,0.0
2019-01-13,12,0,164,19.89,19.89,0.0,111.676785,0.0
2019-01-13,12,0,167,5.28,5.28,0.0,170.489825,0.0
2019-01-13,12,0,168,2.64,2.64,0.0,85.244913,0.0
2019-01-13,12,0,169,0.0,0.0,0.0,0.0,0.0
2019-01-13,12,0,170,5.78,5.78,0.0,186.634695,0.0
2019-01-13,12,0,172,7.0,7.0,0.0,214.624419,0.0
2019-01-13,12,0,173,10.67,10.67,0.0,327.148935,0.0
2019-01-13,12,0,188,9.68,9.68,0.0,305.356576,0.0
2019-01-13,12,0,190,7.35,7.35,0.0,238.342545,0.0
2019-01-13,12,0,191,18.99,18.99,0.0,615.79931,0.0
2019-01-13,12,0,192,26.7,26.7,0.0,865.815775,0.0
2019-01-13,12,0,194,19.11,19.11,0.0,-35.678517,0.0
2019-01-13,12,0,196,5.59,5.59,0.0,163.54606,0.0
2019-01-13,12,0,198,11.24,11.24,0.0,107.590946,0.0
2019-01-13,12,0,199,81.28,81.28,0.0,593.040775,0.0
2019-01-13,12,0,200,18.64,18.64,0.0,136.002461,0.0
2019-01-13,12,0,204,96.87,96.87,0.0,759.41486,0.0
2019-01-13,12,0,205,118.1,118.1,0.0,937.774462,0.0
2019-01-13,12,0,206,96.05,96.05,0.0,572.271671,0.0
2019-01-13,12,0,210,2.38,2.38,0.0,20.616098,0.0
2019-01-13,12,0,214,14.32,14.32,0.0,159.866864,0.0
2019-01-13,12,0,217,9.78,9.78,0.0,98.549912,0.0
2019-01-13,12,0,218,13.5,13.5,0.0,136.035155,0.0
2019-01-13,12,0,219,9.2,9.2,0.0,92.705439,0.0
2019-01-13,12,0,221,7.64,7.64,0.0,85.292098,0.0
2019-01-13,12,0,225,7.47,7.47,0.0,62.770718,0.0
2019-01-13,12,0,233,8.0,8.0,0.0,85.551118,0.0
2019-01-13,12,0,236,72.56,72.56,0.0,686.518736,0.0
2019-01-13,12,0,237,129.53,129.53,0.0,1163.094798,0.0
2019-01-13,12,0,238,51.86,51.86,0.0,504.505946,0.0
2019-01-13,12,0,240,12.1,12.1,0.0,103.714661,0.0
2019-01-13,12,0,245,78.0,78.0,0.0,781.386419,0.0
2019-01-13,12,0,247,143.2,143.2,0.0,1434.545324,0.0
2019-01-13,12,0,248,13.0,13.0,0.0,116.731509,0.0
2019-01-13,12,0,249,150.0,150.0,0.0,1502.666191,0.0
2019-01-13,12,0,251,228.0,228.0,0.0,2238.010439,0.0
2019-01-13,12,0,252,239.58,239.58,0.0,2364.248053,0.0
2019-01-13,12,0,254,18.04,18.04,0.0,157.900877,0.0
2019-01-13,12,0,255,8.27,8.27,0.0,72.385823,0.0
2019-01-13,12,0,258,14.99,14.99,0.0,128.682282,0.0
2019-01-13,12,0,260,6.24,6.24,0.0,56.487004,0.0
2019-01-13,12,0,265,60.37,60.37,0.0,434.497085,0.0
2019-01-13,12,0,266,4.38,4.38,0.0,31.52389,0.0
2019-01-13,12,0,267,5.39,5.39,0.0,38.793097,0.0
2019-01-13,12,0,270,79.82,79.82,0.0,1924.705282,0.0
2019-01-13,12,0,272,27.82,27.82,0.0,69.12815,0.0
2019-01-13,12,0,273,24.05,24.05,0.0,579.919344,0.0
2019-01-13,12,0,274,102.9,102.9,0.0,2481.234947,0.0
2019-01-13,12,0,275,143.23,143.23,0.0,3453.715078,0.0
2019-01-13,12,0,276,5.75,5.75,0.0,122.230592,0.0
2019-01-13,12,0,277,7.27,7.27,0.0,21.948284,0.0
2019-01-13,12,0,278,11.63,11.63,0.0,35.111216,0.0
2019-01-13,12,0,279,43.31,43.31,0.0,130.753807,0.0
2019-01-13,12,0,281,35.01,35.01,0.0,196.571355,0.0
2019-01-13,12,0,282,291.02,291.02,0.0,1633.995882,0.0
2019-01-13,13,0,9,2.9,2.9,0.0,15.944857,0.0
2019-01-13,13,0,17,48.59,48.59,0.0,465.624435,0.0
2019-01-13,13,0,19,192.99,192.99,0.0,1849.369413,0.0
2019-01-13,13,0,20,234.06,234.06,0.0,2242.931783,0.0
2019-01-13,13,0,21,66.29,66.29,0.0,364.477449,0.0
2019-01-13,13,0,22,235.58,235.58,0.0,1295.272251,0.0
2019-01-13,13,0,23,19.68,19.68,0.0,108.205102,0.0
2019-01-13,13,0,24,34.36,34.36,0.0,188.91907,0.0
2019-01-13,13,0,29,9.55,9.55,0.0,84.409211,0.0
2019-01-13,13,0,30,463.58,463.58,0.0,2537.575082,0.0
2019-01-13,13,0,31,84.4,84.4,0.0,461.994342,0.0
2019-01-13,13,0,32,5.65,5.65,0.0,168.043215,0.0
2019-01-13,13,0,33,3.29,3.29,0.0,34.157093,0.0
2019-01-13,13,0,34,5.27,5.27,0.0,54.713641,0.0
2019-01-13,13,0,35,5.27,5.27,0.0,54.713641,0.0
2019-01-13,13,0,36,12.56,12.56,0.0,103.921854,0.0
2019-01-13,13,0,37,6.02,6.02,0.0,49.642173,0.0
2019-01-13,13,0,38,7.74,7.74,0.0,63.825651,0.0
2019-01-13,13,0,39,5.16,5.16,0.0,42.550434,0.0
2019-01-13,13,0,40,5.16,5.16,0.0,42.550434,0.0
2019-01-13,13,0,41,4.01,4.01,0.0,27.211652,0.0
2019-01-13,13,0,42,55.81,55.81,0.0,525.14114,0.0
2019-01-13,13,0,43,38.13,38.13,0.0,319.857099,0.0
2019-01-13,13,0,46,33.75,33.75,0.0,269.129332,0.0
2019-01-13,13,0,52,89.46,89.46,0.0,489.692107,0.0
2019-01-13,13,0,53,142.12,142.12,0.0,777.945922,0.0
2019-01-13,13,0,55,258.17,258.17,0.0,1419.477193,0.0
2019-01-13,13,0,56,136.74,136.74,0.0,748.49652,0.0
2019-01-13,13,0,57,130.07,130.07,0.0,711.98583,0.0
2019-01-13,13,0,58,250.13,250.13,0.0,1369.178255,0.0
2019-01-13,13,0,59,245.96,245.96,0.0,1346.352231,0.0
2019-01-13,13,0,63,15.62,15.62,0.0,465.606248,0.0
2019-01-13,13,0,64,18.38,18.38,0.0,547.877263,0.0
2019-01-13,13,0,65,32.2,32.2,0.0,307.527173,0.0
2019-01-13,13,0,67,188.89,188.89,0.0,1915.467091,0.0
2019-01-13,13,0,68,5.85,5.85,0.0,36.539654,0.0
2019-01-13,13,0,69,3.29,3.29,0.0,34.157093,0.0
2019-01-13,13,0,74,80.84,80.84,0.0,699.333978,0.0
2019-01-13,13,0,77,12.67,12.67,0.0,40.04445,0.0
2019-01-13,13,0,78,9.58,9.58,0.0,30.278282,0.0
2019-01-13,13,0,79,5.54,5.54,0.0,17.50957,0.0
2019-01-13,13,0,80,8.96,8.96,0.0,28.318727,0.0
2019-01-13,13,0,81,11.72,11.72,0.0,37.041906,0.0
2019-01-13,13,0,82,8.26,8.26,0.0,26.106327,0.0
2019-01-13,13,0,83,18.43,18.43,0.0,58.249346,0.0
2019-01-13,13,0,84,0.0,0.0,0.0,0.0,0.0
2019-01-13,13,0,86,16.69,16.69,0.0,173.277167,0.0
2019-01-13,13,0,87,85.22,85.22,0.0,884.762145,0.0
2019-01-13,13,0,88,11.96,11.96,0.0,37.800444,0.0
2019-01-13,13,0,89,11.5,11.5,0.0,36.346581,0.0
2019-01-13,13,0,90,15.44,15.44,0.0,48.799235,0.0
2019-01-13,13,0,91,55.09,55.09,0.0,174.115924,0.0
2019-01-13,13,0,92,19.81,19.81,0.0,62.610936,0.0
2019-01-13,13,0,95,79.62,79.62,0.0,2356.82368,0.0
2019-01-13,13,0,96,5.81,5.81,0.0,31.65525,0.0
2019-01-13,13,0,97,35.74,35.74,0.0,194.726098,0.0
2019-01-13,13,0,99,15.6,15.6,0.0,134.953118,0.0
2019-01-13,13,0,101,9.34,9.34,0.0,51.125914,0.0
2019-01-13,13,0,102,13.86,13.86,0.0,86.570872,0.0
2019-01-13,13,0,103,12.05,12.05,0.0,75.265441,0.0
2019-01-13,13,0,104,2.24,2.24,0.0,13.991252,0.0
2019-01-13,13,0,106,231.91,231.91,0.0,1275.093759,0.0
2019-01-13,13,0,109,18.63,18.63,0.0,141.402384,0.0
2019-01-13,13,0,110,0.0,0.0,0.0,0.0,0.0
2019-01-13,13,0,111,11.87,11.87,0.0,80.549205,0.0
2019-01-13,13,0,113,9.94,9.94,0.0,18.413057,0.0
2019-01-13,13,0,115,9.94,9.94,0.0,18.413057,0.0
2019-01-13,13,0,116,93.91,93.91,0.0,2072.312969,0.0
2019-01-13,13,0,117,0.66,0.66,0.0,1.222597,0.0
2019-01-13,13,0,119,18.38,18.38,0.0,547.877263,0.0
2019-01-13,13,0,120,10.81,10.81,0.0,322.22814,0.0
2019-01-13,13,0,123,3.87,3.87,0.0,21.278137,0.0
2019-01-13,13,0,125,31.2,31.2,0.0,171.544674,0.0
2019-01-13,13,0,126,173.93,173.93,0.0,956.306574,0.0
2019-01-13,13,0,127,223.21,223.21,0.0,1227.259187,0.0
2019-01-13,13,0,128,44.05,44.05,0.0,242.196887,0.0
2019-01-13,13,0,131,6.13,6.13,0.0,31.912653,0.0
2019-01-13,13,0,132,9.01,9.01,0.0,46.905874,0.0
2019-01-13,13,0,133,41.94,41.94,0.0,402.026526,0.0
2019-01-13,13,0,134,0.0,0.0,0.0,0.0,0.0
2019-01-13,13,0,135,56.2,56.2,0.0,538.719378,0.0
2019-01-13,13,0,136,43.55,43.55,0.0,415.848771,0.0
2019-01-13,13,0,139,5.18,5.18,0.0,35.151212,0.0
2019-01-13,13,0,140,0.0,0.0,0.0,0.0,0.0
2019-01-13,13,0,141,21.0,21.0,0.0,212.953618,0.0
2019-01-13,13,0,142,249.1,249.1,0.0,2526.035536,0.0
2019-01-13,13,0,143,161.53,161.53,0.0,884.193673,0.0
2019-01-13,13,0,145,20.52,20.52,0.0,128.449233,0.0
2019-01-13,13,0,146,5.36,5.36,0.0,118.279177,0.0
2019-01-13,13,0,152,7.99,7.99,0.0,69.236641,0.0
2019-01-13,13,0,153,10.89,10.89,0.0,93.914286,0.0
2019-01-13,13,0,154,48.97,48.97,0.0,332.307885,0.0
2019-01-13,13,0,157,11.94,11.94,0.0,121.079343,0.0
2019-01-13,13,0,158,200.57,200.57,0.0,2033.909865,0.0
2019-01-13,13,0,159,0.0,0.0,0.0,0.0,0.0
2019-01-13,13,0,160,2.98,2.98,0.0,26.420828,0.0
2019-01-13,13,0,161,49.34,49.34,0.0,308.182312,0.0
2019-01-13,13,0,162,72.8,72.8,0.0,2155.837014,0.0
2019-01-13,13,0,163,16.99,16.99,0.0,374.918511,0.0
2019-01-13,13,0,164,24.5,24.5,0.0,134.109732,0.0
2019-01-13,13,0,167,6.44,6.44,0.0,190.687764,0.0
2019-01-13,13,0,168,3.22,3.22,0.0,95.343882,0.0
2019-01-13,13,0,169,0.0,0.0,0.0,0.0,0.0
2019-01-13,13,0,170,7.04,7.04,0.0,208.453704,0.0
2019-01-13,13,0,172,8.57,8.57,0.0,239.458288,0.0
2019-01-13,13,0,173,13.06,13.06,0.0,364.915431,0.0
2019-01-13,13,0,188,11.68,11.68,0.0,337.429803,0.0
2019-01-13,13,0,190,8.19,8.19,0.0,244.130293,0.0
2019-01-13,13,0,191,21.15,21.15,0.0,630.446361,0.0
2019-01-13,13,0,192,31.2,31.2,0.0,930.020163,0.0
2019-01-13,13,0,194,21.03,21.03,0.0,-47.675881,0.0
2019-01-13,13,0,196,6.02,6.02,0.0,161.768301,0.0
2019-01-13,13,0,198,13.16,13.16,0.0,125.739681,0.0
2019-01-13,13,0,199,55.79,55.79,0.0,418.941037,0.0
2019-01-13,13,0,200,22.21,22.21,0.0,166.780434,0.0
2019-01-13,13,0,204,81.46,81.46,0.0,609.764256,0.0
2019-01-13,13,0,205,98.54,98.54,0.0,747.922216,0.0
2019-01-13,13,0,206,105.02,105.02,0.0,572.191797,0.0
2019-01-13,13,0,210,2.85,2.85,0.0,25.817574,0.0
2019-01-13,13,0,214,17.08,17.08,0.0,185.409186,0.0
2019-01-13,13,0,217,11.45,11.45,0.0,115.377964,0.0
2019-01-13,13,0,218,15.8,15.8,0.0,159.211514,0.0
2019-01-13,13,0,219,10.76,10.76,0.0,108.425056,0.0
2019-01-13,13,0,221,9.11,9.11,0.0,98.892136,0.0
2019-01-13,13,0,225,8.65,8.65,0.0,76.270523,0.0
2019-01-13,13,0,233,9.44,9.44,0.0,98.006978,0.0
2019-01-13,13,0,236,203.38,203.38,0.0,1859.166153,0.0
2019-01-13,13,0,237,193.93,193.93,0.0,1677.657575,0.0
2019-01-13,13,0,238,72.64,72.64,0.0,683.502104,0.0
2019-01-13,13,0,240,14.24,14.24,0.0,117.822229,0.0
2019-01-13,13,0,245,78.0,78.0,0.0,756.684758,0.0
2019-01-13,13,0,247,125.78,125.78,0.0,1220.202678,0.0
2019-01-13,13,0,248,19.47,19.47,0.0,168.431872,0.0
2019-01-13,13,0,249,150.0,150.0,0.0,1455.162997,0.0
2019-01-13,13,0,251,196.4,196.4,0.0,1865.345484,0.0
2019-01-13,13,0,252,207.7,207.7,0.0,1983.645772,0.0
2019-01-13,13,0,254,21.43,21.43,0.0,182.335113,0.0
2019-01-13,13,0,255,9.82,9.82,0.0,83.552534,0.0
2019-01-13,13,0,258,17.57,17.57,0.0,145.699849,0.0
2019-01-13,13,0,260,7.23,7.23,0.0,64.101538,0.0
2019-01-13,13,0,265,50.7,50.7,0.0,344.047575,0.0
2019-01-13,13,0,266,3.35,3.35,0.0,22.732927,0.0
2019-01-13,13,0,267,4.12,4.12,0.0,27.958107,0.0
2019-01-13,13,0,270,52.88,52.88,0.0,1166.903522,0.0
2019-01-13,13,0,272,33.23,33.23,0.0,61.555922,0.0
2019-01-13,13,0,273,22.46,22.46,0.0,495.625059,0.0
2019-01-13,13,0,274,68.14,68.14,0.0,1503.646105,0.0
2019-01-13,13,0,275,94.8,94.8,0.0,2091.952608,0.0
2019-01-13,13,0,276,6.17,6.17,0.0,119.723332,0.0
2019-01-13,13,0,277,8.84,8.84,0.0,21.011614,0.0
2019-01-13,13,0,278,14.14,14.14,0.0,33.609075,0.0
2019-01-13,13,0,279,78.64,78.64,0.0,186.917799,0.0
2019-01-13,13,0,281,37.88,37.88,0.0,207.350067,0.0
2019-01-13,13,0,282,254.3,254.3,0.0,1392.004278,0.0
2019-01-13,14,0,9,3.04,3.04,0.0,-69.578349,0.0
2019-01-13,14,0,17,49.07,49.07,0.0,500.504551,0.0
2019-01-13,14,0,19,192.99,192.99,0.0,1968.460836,0.0
2019-01-13,14,0,20,234.06,234.06,0.0,2387.366928,0.0
2019-01-13,14,0,21,69.48,69.48,0.0,-1590.231488,0.0
2019-01-13,14,0,22,246.91,246.91,0.0,-5651.18101,0.0
2019-01-13,14,0,23,11.04,11.04,0.0,-252.679269,0.0
2019-01-13,14,0,24,18.99,18.99,0.0,-434.635808,0.0
2019-01-13,14,0,29,9.68,9.68,0.0,75.73715,0.0
2019-01-13,14,0,30,487.76,487.76,0.0,-31914.309134,0.0
2019-01-13,14,0,31,98.91,98.91,0.0,-6471.716247,0.0
2019-01-13,14,0,32,5.77,5.77,0.0,170.856394,0.0
2019-01-13,14,0,33,3.44,3.44,0.0,39.723203,0.0
2019-01-13,14,0,34,5.5,5.5,0.0,63.510935,0.0
2019-01-13,14,0,35,5.5,5.5,0.0,63.510935,0.0
2019-01-13,14,0,36,13.12,13.12,0.0,104.880196,0.0
2019-01-13,14,0,37,6.22,6.22,0.0,49.443619,0.0
2019-01-13,14,0,38,8.0,8.0,0.0,63.593079,0.0
2019-01-13,14,0,39,5.33,5.33,0.0,42.368889,0.0
2019-01-13,14,0,40,5.33,5.33,0.0,42.368889,0.0
2019-01-13,14,0,41,4.8,4.8,0.0,24.992192,0.0
2019-01-13,14,0,42,58.43,58.43,0.0,578.906171,0.0
2019-01-13,14,0,43,39.88,39.88,0.0,324.926457,0.0
2019-01-13,14,0,46,34.71,34.71,0.0,261.878105,0.0
2019-01-13,14,0,52,104.85,104.85,0.0,-6860.372545,0.0
2019-01-13,14,0,53,166.57,166.57,0.0,-10898.733952,0.0
2019-01-13,14,0,55,316.6,316.6,0.0,-7246.218897,0.0
2019-01-13,14,0,56,143.87,143.87,0.0,-9413.464932,0.0
2019-01-13,14,0,57,136.85,136.85,0.0,-8954.143852,0.0
2019-01-13,14,0,58,263.18,263.18,0.0,-17219.960386,0.0
2019-01-13,14,0,59,258.79,258.79,0.0,-16932.721135,0.0
2019-01-13,14,0,63,13.02,13.02,0.0,388.104568,0.0
2019-01-13,14,0,64,15.31,15.31,0.0,456.365663,0.0
2019-01-13,14,0,65,28.77,28.77,0.0,291.887261,0.0
2019-01-13,14,0,67,196.87,196.87,0.0,2022.140781,0.0
2019-01-13,14,0,68,2.76,2.76,0.0,17.675333,0.0
2019-01-13,14,0,69,3.44,3.44,0.0,39.723203,0.0
2019-01-13,14,0,74,76.92,76.92,0.0,662.485329,0.0
2019-01-13,14,0,77,10.97,10.97,0.0,37.662325,0.0
2019-01-13,14,0,78,8.29,8.29,0.0,28.46132,0.0
2019-01-13,14,0,79,4.8,4.8,0.0,16.479413,0.0
2019-01-13,14,0,80,7.76,7.76,0.0,26.641718,0.0
2019-01-13,14,0,81,10.15,10.15,0.0,34.847092,0.0
2019-01-13,14,0,82,7.16,7.16,0.0,24.581791,0.0
2019-01-13,14,0,83,15.96,15.96,0.0,54.794048,0.0
2019-01-13,14,0,84,0.0,0.0,0.0,0.0,0.0
2019-01-13,14,0,86,17.43,17.43,0.0,201.271927,0.0
2019-01-13,14,0,87,88.99,88.99,0.0,1027.606931,0.0
2019-01-13,14,0,88,9.3,9.3,0.0,31.928863,0.0
2019-01-13,14,0,89,8.94,8.94,0.0,30.692907,0.0
2019-01-13,14,0,90,12.01,12.01,0.0,41.232865,0.0
2019-01-13,14,0,91,42.84,42.84,0.0,147.078761,0.0
2019-01-13,14,0,92,15.41,15.41,0.0,52.905782,0.0
2019-01-13,14,0,95,84.6,84.6,0.0,2492.292287,0.0
2019-01-13,14,0,96,6.25,6.25,0.0,44.139356,0.0
2019-01-13,14,0,97,41.9,41.9,0.0,295.910245,0.0
2019-01-13,14,0,99,14.85,14.85,0.0,127.897909,0.0
2019-01-13,14,0,101,9.83,9.83,0.0,-643.180373,0.0
2019-01-13,14,0,102,6.51,6.51,0.0,41.690731,0.0
2019-01-13,14,0,103,5.66,5.66,0.0,36.247241,0.0
2019-01-13,14,0,104,1.06,1.06,0.0,6.788353,0.0
2019-01-13,14,0,106,243.06,243.06,0.0,-5563.063693,0.0
2019-01-13,14,0,109,17.86,17.86,0.0,124.839136,0.0
2019-01-13,14,0,110,0.0,0.0,0.0,0.0,0.0
2019-01-13,14,0,111,12.82,12.82,0.0,66.749981,0.0
2019-01-13,14,0,113,7.22,7.22,0.0,13.201996,0.0
2019-01-13,14,0,115,7.22,7.22,0.0,13.201996,0.0
2019-01-13,14,0,116,96.18,96.18,0.0,2126.972162,0.0
2019-01-13,14,0,117,0.48,0.48,0.0,0.877695,0.0
2019-01-13,14,0,119,15.31,15.31,0.0,456.365663,0.0
2019-01-13,14,0,120,9.01,9.01,0.0,268.57313,0.0
2019-01-13,14,0,123,4.05,4.05,0.0,-92.694841,0.0
2019-01-13,14,0,125,17.31,17.31,0.0,-396.184615,0.0
2019-01-13,14,0,126,182.3,182.3,0.0,-4172.412208,0.0
2019-01-13,14,0,127,233.95,233.95,0.0,-5354.557521,0.0
2019-01-13,14,0,128,24.02,24.02,0.0,-549.760511,0.0
2019-01-13,14,0,131,5.48,5.48,0.0,29.434489,0.0
2019-01-13,14,0,132,8.05,8.05,0.0,43.23862,0.0
2019-01-13,14,0,133,41.94,41.94,0.0,427.994345,0.0
2019-01-13,14,0,134,0.0,0.0,0.0,0.0,0.0
2019-01-13,14,0,135,56.2,56.2,0.0,573.516504,0.0
2019-01-13,14,0,136,38.65,38.65,0.0,392.010083,0.0
2019-01-13,14,0,139,6.2,6.2,0.0,32.281582,0.0
2019-01-13,14,0,140,0.0,0.0,0.0,0.0,0.0
2019-01-13,14,0,141,26.09,26.09,0.0,267.982186,0.0
2019-01-13,14,0,142,259.62,259.62,0.0,2666.674403,0.0
2019-01-13,14,0,143,185.9,185.9,0.0,-12163.502682,0.0
2019-01-13,14,0,145,11.32,11.32,0.0,56.924789,0.0
2019-01-13,14,0,146,9.21,9.21,0.0,203.674502,0.0
2019-01-13,14,0,152,8.55,8.55,0.0,74.070813,0.0
2019-01-13,14,0,153,11.55,11.55,0.0,99.259766,0.0
2019-01-13,14,0,154,52.87,52.87,0.0,275.278586,0.0
2019-01-13,14,0,157,17.41,17.41,0.0,178.825982,0.0
2019-01-13,14,0,158,215.22,215.22,0.0,2210.621928,0.0
2019-01-13,14,0,159,0.0,0.0,0.0,0.0,0.0
2019-01-13,14,0,160,3.09,3.09,0.0,27.268363,0.0
2019-01-13,14,0,161,50.72,50.72,0.0,324.816263,0.0
2019-01-13,14,0,162,74.58,74.58,0.0,2198.215626,0.0
2019-01-13,14,0,163,16.01,16.01,0.0,354.05307,0.0
2019-01-13,14,0,164,26.42,26.42,0.0,-1728.669935,0.0
2019-01-13,14,0,167,6.43,6.43,0.0,189.467598,0.0
2019-01-13,14,0,168,3.22,3.22,0.0,94.88113,0.0
2019-01-13,14,0,169,0.0,0.0,0.0,0.0,0.0
2019-01-13,14,0,170,7.04,7.04,0.0,207.441973,0.0
2019-01-13,14,0,172,8.68,8.68,0.0,238.748834,0.0
2019-01-13,14,0,173,13.23,13.23,0.0,363.899432,0.0
2019-01-13,14,0,188,11.71,11.71,0.0,335.992412,0.0
2019-01-13,14,0,190,8.3,8.3,0.0,247.40921,0.0
2019-01-13,14,0,191,21.44,21.44,0.0,639.090779,0.0
2019-01-13,14,0,192,31.61,31.61,0.0,942.241582,0.0
2019-01-13,14,0,194,14.46,14.46,0.0,-36.834554,0.0
2019-01-13,14,0,196,6.1,6.1,0.0,164.23122,0.0
2019-01-13,14,0,198,13.53,13.53,0.0,131.391538,0.0
2019-01-13,14,0,199,81.8,81.8,0.0,647.259057,0.0
2019-01-13,14,0,200,22.75,22.75,0.0,180.01398,0.0
2019-01-13,14,0,204,74.06,74.06,0.0,506.1036,0.0
2019-01-13,14,0,205,94.48,94.48,0.0,660.403222,0.0
2019-01-13,14,0,206,148.33,148.33,0.0,1047.550518,0.0
2019-01-13,14,0,210,2.87,2.87,0.0,23.594138,0.0
2019-01-13,14,0,214,17.16,17.16,0.0,211.834787,0.0
2019-01-13,14,0,217,11.54,11.54,0.0,121.788108,0.0
2019-01-13,14,0,218,15.92,15.92,0.0,168.012711,0.0
2019-01-13,14,0,219,10.84,10.84,0.0,114.400615,0.0
2019-01-13,14,0,221,9.15,9.15,0.0,112.953864,0.0
2019-01-13,14,0,225,8.84,8.84,0.0,68.826109,0.0
2019-01-13,14,0,233,9.86,9.86,0.0,113.857786,0.0
2019-01-13,14,0,236,83.16,83.16,0.0,786.542869,0.0
2019-01-13,14,0,237,184.53,184.53,0.0,1589.293002,0.0
2019-01-13,14,0,238,76.06,76.06,0.0,753.578699,0.0
2019-01-13,14,0,240,14.87,14.87,0.0,118.869551,0.0
2019-01-13,14,0,245,77.69,77.69,0.0,807.925894,0.0
2019-01-13,14,0,247,106.08,106.08,0.0,1103.163585,0.0
2019-01-13,14,0,248,18.52,18.52,0.0,159.506348,0.0
2019-01-13,14,0,249,149.4,149.4,0.0,1553.663646,0.0
2019-01-13,14,0,251,168.51,168.51,0.0,1694.61219,0.0
2019-01-13,14,0,252,185.62,185.62,0.0,1883.215621,0.0
2019-01-13,14,0,254,21.93,21.93,0.0,182.4031,0.0
2019-01-13,14,0,255,10.05,10.05,0.0,83.591024,0.0
2019-01-13,14,0,258,18.29,18.29,0.0,146.662737,0.0
2019-01-13,14,0,260,7.5,7.5,0.0,66.185347,0.0
2019-01-13,14,0,265,54.74,54.74,0.0,285.015128,0.0
2019-01-13,14,0,266,4.01,4.01,0.0,20.878894,0.0
2019-01-13,14,0,267,4.93,4.93,0.0,25.669064,0.0
2019-01-13,14,0,270,55.65,55.65,0.0,1230.671666,0.0
2019-01-13,14,0,272,24.13,24.13,0.0,44.122461,0.0
2019-01-13,14,0,273,23.0,23.0,0.0,508.633393,0.0
2019-01-13,14,0,274,74.23,74.23,0.0,1641.558989,0.0
2019-01-13,14,0,275,107.96,107.96,0.0,2387.480917,0.0
2019-01-13,14,0,276,6.29,6.29,0.0,122.467519,0.0
2019-01-13,14,0,277,9.17,9.17,0.0,22.667078,0.0
2019-01-13,14,0,278,14.67,14.67,0.0,36.262382,0.0
2019-01-13,14,0,279,40.67,40.67,0.0,100.531088,0.0
2019-01-13,14,0,281,44.39,44.39,0.0,-2904.453384,0.0
2019-01-13,14,0,282,267.57,267.57,0.0,-17507.199637,0.0
2019-01-13,15,0,9,2.87,2.87,0.0,15.935841,0.0
2019-01-13,15,0,17,46.8,46.8,0.0,457.801515,0.0
2019-01-13,15,0,19,190.98,190.98,0.0,1868.182335,0.0
2019-01-13,15,0,20,231.62,231.62,0.0,2265.726214,0.0
2019-01-13,15,0,21,65.72,65.72,0.0,364.914111,0.0
2019-01-13,15,0,22,233.55,233.55,0.0,1296.799919,0.0
2019-01-13,15,0,23,10.0,10.0,0.0,55.52558,0.0
2019-01-13,15,0,24,17.7,17.7,0.0,98.280276,0.0
2019-01-13,15,0,29,8.75,8.75,0.0,73.984225,0.0
2019-01-13,15,0,30,458.75,458.75,0.0,2535.841606,0.0
2019-01-13,15,0,31,115.03,115.03,0.0,635.853646,0.0
2019-01-13,15,0,32,5.26,5.26,0.0,156.454343,0.0
2019-01-13,15,0,33,3.22,3.22,0.0,34.228746,0.0
2019-01-13,15,0,34,5.15,5.15,0.0,54.744734,0.0
2019-01-13,15,0,35,5.15,5.15,0.0,54.744734,0.0
2019-01-13,15,0,36,12.44,12.44,0.0,104.149143,0.0
2019-01-13,15,0,37,5.88,5.88,0.0,49.033871,0.0
2019-01-13,15,0,38,7.56,7.56,0.0,63.043548,0.0
2019-01-13,15,0,39,5.04,5.04,0.0,42.029032,0.0
2019-01-13,15,0,40,5.04,5.04,0.0,42.029032,0.0
2019-01-13,15,0,41,9.63,9.63,0.0,66.163658,0.0
2019-01-13,15,0,42,55.94,55.94,0.0,536.927518,0.0
2019-01-13,15,0,43,37.49,37.49,0.0,317.528545,0.0
2019-01-13,15,0,46,32.56,32.56,0.0,262.369569,0.0
2019-01-13,15,0,52,121.93,121.93,0.0,673.994914,0.0
2019-01-13,15,0,53,193.71,193.71,0.0,1070.774665,0.0
2019-01-13,15,0,55,383.17,383.17,0.0,2127.573646,0.0
2019-01-13,15,0,56,135.31,135.31,0.0,747.95581,0.0
2019-01-13,15,0,57,128.71,128.71,0.0,711.472857,0.0
2019-01-13,15,0,58,247.53,247.53,0.0,1368.276562,0.0
2019-01-13,15,0,59,243.4,243.4,0.0,1345.447077,0.0
2019-01-13,15,0,63,10.7,10.7,0.0,318.949223,0.0
2019-01-13,15,0,64,12.59,12.59,0.0,375.286982,0.0
2019-01-13,15,0,65,26.25,26.25,0.0,255.8834,0.0
2019-01-13,15,0,67,185.27,185.27,0.0,1879.521967,0.0
2019-01-13,15,0,68,4.26,4.26,0.0,26.631647,0.0
2019-01-13,15,0,69,3.22,3.22,0.0,34.228746,0.0
2019-01-13,15,0,74,74.72,74.72,0.0,657.294338,0.0
2019-01-13,15,0,77,9.76,9.76,0.0,30.940728,0.0
2019-01-13,15,0,78,7.38,7.38,0.0,23.395755,0.0
2019-01-13,15,0,79,4.27,4.27,0.0,13.536569,0.0
2019-01-13,15,0,80,6.9,6.9,0.0,21.87408,0.0
2019-01-13,15,0,81,9.03,9.03,0.0,28.626514,0.0
2019-01-13,15,0,82,6.37,6.37,0.0,20.193897,0.0
2019-01-13,15,0,83,14.2,14.2,0.0,45.016223,0.0
2019-01-13,15,0,84,0.0,0.0,0.0,0.0,0.0
2019-01-13,15,0,86,16.31,16.31,0.0,173.376041,0.0
2019-01-13,15,0,87,83.25,83.25,0.0,884.951283,0.0
2019-01-13,15,0,88,7.35,7.35,0.0,23.300651,0.0
2019-01-13,15,0,89,7.06,7.06,0.0,22.381305,0.0
2019-01-13,15,0,90,9.48,9.48,0.0,30.053084,0.0
2019-01-13,15,0,91,33.83,33.83,0.0,107.246397,0.0
2019-01-13,15,0,92,12.17,12.17,0.0,38.580805,0.0
2019-01-13,15,0,95,91.08,91.08,0.0,2696.252403,0.0
2019-01-13,15,0,96,6.12,6.12,0.0,33.670784,0.0
2019-01-13,15,0,97,37.63,37.63,0.0,207.031308,0.0
2019-01-13,15,0,99,14.42,14.42,0.0,126.849362,0.0
2019-01-13,15,0,101,9.24,9.24,0.0,51.076134,0.0
2019-01-13,15,0,102,10.09,10.09,0.0,63.078244,0.0
2019-01-13,15,0,103,8.77,8.77,0.0,54.826184,0.0
2019-01-13,15,0,104,1.63,1.63,0.0,10.190043,0.0
2019-01-13,15,0,106,229.91,229.91,0.0,1276.588608,0.0
2019-01-13,15,0,109,17.52,17.52,0.0,134.578629,0.0
2019-01-13,15,0,110,16.48,16.48,0.0,363.664577,0.0
2019-01-13,15,0,111,12.33,12.33,0.0,84.714217,0.0
2019-01-13,15,0,113,5.17,5.17,0.0,9.577012,0.0
2019-01-13,15,0,115,5.17,5.17,0.0,9.577012,0.0
2019-01-13,15,0,116,89.68,89.68,0.0,1978.970828,0.0
2019-01-13,15,0,117,0.34,0.34,0.0,0.629823,0.0
2019-01-13,15,0,119,12.59,12.59,0.0,375.286982,0.0
2019-01-13,15,0,120,7.41,7.41,0.0,220.879789,0.0
2019-01-13,15,0,123,3.83,3.83,0.0,21.266297,0.0
2019-01-13,15,0,125,16.01,16.01,0.0,88.896453,0.0
2019-01-13,15,0,126,172.43,172.43,0.0,957.427575,0.0
2019-01-13,15,0,127,221.29,221.29,0.0,1228.725558,0.0
2019-01-13,15,0,128,22.93,22.93,0.0,127.320155,0.0
2019-01-13,15,0,131,12.52,12.52,0.0,65.251778,0.0
2019-01-13,15,0,132,18.43,18.43,0.0,96.053536,0.0
2019-01-13,15,0,133,35.11,35.11,0.0,343.561904,0.0
2019-01-13,15,0,134,0.0,0.0,0.0,0.0,0.0
2019-01-13,15,0,135,47.04,47.04,0.0,460.30054,0.0
2019-01-13,15,0,136,34.58,34.58,0.0,337.018913,0.0
2019-01-13,15,0,139,12.52,12.52,0.0,86.019626,0.0
2019-01-13,15,0,140,12.2,12.2,0.0,269.217708,0.0
2019-01-13,15,0,141,32.61,32.61,0.0,330.821025,0.0
2019-01-13,15,0,142,244.32,244.32,0.0,2478.570772,0.0
2019-01-13,15,0,143,212.32,212.32,0.0,1173.645536,0.0
2019-01-13,15,0,145,6.09,6.09,0.0,38.535069,0.0
2019-01-13,15,0,146,16.09,16.09,0.0,355.058437,0.0
2019-01-13,15,0,152,8.0,8.0,0.0,70.456395,0.0
2019-01-13,15,0,153,10.87,10.87,0.0,95.252584,0.0
2019-01-13,15,0,154,50.87,50.87,0.0,349.506261,0.0
2019-01-13,15,0,157,25.43,25.43,0.0,257.98156,0.0
2019-01-13,15,0,158,204.15,204.15,0.0,2071.055268,0.0
2019-01-13,15,0,159,0.0,0.0,0.0,0.0,0.0
2019-01-13,15,0,160,2.91,2.91,0.0,25.963307,0.0
2019-01-13,15,0,161,47.21,47.21,0.0,295.136165,0.0
2019-01-13,15,0,162,76.07,76.07,0.0,2252.837632,0.0
2019-01-13,15,0,163,13.06,13.06,0.0,288.19535,0.0
2019-01-13,15,0,164,24.81,24.81,0.0,137.142736,0.0
2019-01-13,15,0,167,5.88,5.88,0.0,174.119489,0.0
2019-01-13,15,0,168,2.94,2.94,0.0,87.059745,0.0
2019-01-13,15,0,169,0.0,0.0,0.0,0.0,0.0
2019-01-13,15,0,170,6.43,6.43,0.0,190.406176,0.0
2019-01-13,15,0,172,8.05,8.05,0.0,224.992559,0.0
2019-01-13,15,0,173,12.27,12.27,0.0,342.938968,0.0
2019-01-13,15,0,188,10.65,10.65,0.0,307.705726,0.0
2019-01-13,15,0,190,7.84,7.84,0.0,233.697374,0.0
2019-01-13,15,0,191,20.25,20.25,0.0,603.618856,0.0
2019-01-13,15,0,192,32.26,32.26,0.0,961.617002,0.0
2019-01-13,15,0,194,9.51,9.51,0.0,-21.635106,0.0
2019-01-13,15,0,196,5.75,5.75,0.0,154.510541,0.0
2019-01-13,15,0,198,12.71,12.71,0.0,121.163326,0.0
2019-01-13,15,0,199,66.87,66.87,0.0,490.206884,0.0
2019-01-13,15,0,200,20.84,20.84,0.0,152.772715,0.0
2019-01-13,15,0,204,69.26,69.26,0.0,524.471712,0.0
2019-01-13,15,0,205,92.69,92.69,0.0,711.991616,0.0
2019-01-13,15,0,206,110.58,110.58,0.0,608.384853,0.0
2019-01-13,15,0,210,2.63,2.63,0.0,22.885917,0.0
2019-01-13,15,0,214,15.69,15.69,0.0,174.663746,0.0
2019-01-13,15,0,217,10.53,10.53,0.0,106.107421,0.0
2019-01-13,15,0,218,14.54,14.54,0.0,146.5149,0.0
2019-01-13,15,0,219,9.9,9.9,0.0,99.759113,0.0
2019-01-13,15,0,221,8.37,8.37,0.0,93.176262,0.0
2019-01-13,15,0,225,8.02,8.02,0.0,67.620886,0.0
2019-01-13,15,0,233,9.23,9.23,0.0,98.115319,0.0
2019-01-13,15,0,236,77.74,77.74,0.0,724.022327,0.0
2019-01-13,15,0,237,179.26,179.26,0.0,1576.908232,0.0
2019-01-13,15,0,238,72.81,72.81,0.0,698.850422,0.0
2019-01-13,15,0,240,14.1,14.1,0.0,118.046859,0.0
2019-01-13,15,0,245,62.6,62.6,0.0,620.218477,0.0
2019-01-13,15,0,247,90.51,90.51,0.0,896.740804,0.0
2019-01-13,15,0,248,17.99,17.99,0.0,158.253816,0.0
2019-01-13,15,0,249,120.38,120.38,0.0,1192.682113,0.0
2019-01-13,15,0,251,149.74,149.74,0.0,1451.261999,0.0
2019-01-13,15,0,252,169.35,169.35,0.0,1650.813476,0.0
2019-01-13,15,0,254,20.7,20.7,0.0,177.672502,0.0
2019-01-13,15,0,255,9.49,9.49,0.0,81.454688,0.0
2019-01-13,15,0,258,17.34,17.34,0.0,145.445766,0.0
2019-01-13,15,0,260,7.07,7.07,0.0,63.079237,0.0
2019-01-13,15,0,265,52.67,52.67,0.0,361.8733,0.0
2019-01-13,15,0,266,8.01,8.01,0.0,55.033323,0.0
2019-01-13,15,0,267,9.9,9.9,0.0,68.018714,0.0
2019-01-13,15,0,270,42.63,42.63,0.0,940.717288,0.0
2019-01-13,15,0,272,17.27,17.27,0.0,31.991296,0.0
2019-01-13,15,0,273,21.45,21.45,0.0,473.337692,0.0
2019-01-13,15,0,274,56.15,56.15,0.0,1239.06347,0.0
2019-01-13,15,0,275,80.6,80.6,0.0,1778.602238,0.0
2019-01-13,15,0,276,5.85,5.85,0.0,113.519471,0.0
2019-01-13,15,0,277,8.56,8.56,0.0,20.37898,0.0
2019-01-13,15,0,278,13.7,13.7,0.0,32.615891,0.0
2019-01-13,15,0,279,30.31,30.31,0.0,72.159683,0.0
2019-01-13,15,0,281,51.63,51.63,0.0,285.39619,0.0
2019-01-13,15,0,282,251.65,251.65,0.0,1391.050768,0.0
2019-01-13,16,0,9,1.69,1.69,0.0,13.18355,0.0
2019-01-13,16,0,17,30.42,30.42,0.0,297.484712,0.0
2019-01-13,16,0,19,258.19,258.19,0.0,2524.903942,0.0
2019-01-13,16,0,20,325.86,325.86,0.0,3186.665628,0.0
2019-01-13,16,0,21,38.75,38.75,0.0,302.28555,0.0
2019-01-13,16,0,22,137.73,137.73,0.0,1074.420356,0.0
2019-01-13,16,0,23,11.82,11.82,0.0,92.206844,0.0
2019-01-13,16,0,24,20.91,20.91,0.0,163.117183,0.0
2019-01-13,16,0,29,7.08,7.08,0.0,59.790385,0.0
2019-01-13,16,0,30,408.38,408.38,0.0,3181.197092,0.0
2019-01-13,16,0,31,125.0,125.0,0.0,973.724562,0.0
2019-01-13,16,0,32,4.15,4.15,0.0,135.211909,0.0
2019-01-13,16,0,33,2.28,2.28,0.0,23.2601,0.0
2019-01-13,16,0,34,3.65,3.65,0.0,37.236564,0.0
2019-01-13,16,0,35,3.65,3.65,0.0,37.236564,0.0
2019-01-13,16,0,36,9.33,9.33,0.0,84.43113,0.0
2019-01-13,16,0,37,4.38,4.38,0.0,39.545157,0.0
2019-01-13,16,0,38,5.63,5.63,0.0,50.830876,0.0
2019-01-13,16,0,39,3.75,3.75,0.0,33.857155,0.0
2019-01-13,16,0,40,3.75,3.75,0.0,33.857155,0.0
2019-01-13,16,0,41,16.01,16.01,0.0,134.445879,0.0
2019-01-13,16,0,42,48.03,48.03,0.0,465.297995,0.0
2019-01-13,16,0,43,30.97,30.97,0.0,280.837215,0.0
2019-01-13,16,0,46,26.09,26.09,0.0,232.145832,0.0
2019-01-13,16,0,52,132.5,132.5,0.0,1032.148035,0.0
2019-01-13,16,0,53,210.5,210.5,0.0,1639.752162,0.0
2019-01-13,16,0,55,459.26,459.26,0.0,3582.649335,0.0
2019-01-13,16,0,56,120.46,120.46,0.0,938.358886,0.0
2019-01-13,16,0,57,114.58,114.58,0.0,892.554882,0.0
2019-01-13,16,0,58,220.35,220.35,0.0,1716.481657,0.0
2019-01-13,16,0,59,216.68,216.68,0.0,1687.893104,0.0
2019-01-13,16,0,63,8.75,8.75,0.0,283.741125,0.0
2019-01-13,16,0,64,10.3,10.3,0.0,334.003838,0.0
2019-01-13,16,0,65,24.42,24.42,0.0,238.393727,0.0
2019-01-13,16,0,67,157.08,157.08,0.0,2122.861733,0.0
2019-01-13,16,0,68,3.89,3.89,0.0,38.030063,0.0
2019-01-13,16,0,69,2.28,2.28,0.0,23.2601,0.0
2019-01-13,16,0,74,45.02,45.02,0.0,418.337753,0.0
2019-01-13,16,0,77,9.02,9.02,0.0,60.755583,0.0
2019-01-13,16,0,78,6.82,6.82,0.0,45.937148,0.0
2019-01-13,16,0,79,3.94,3.94,0.0,26.53847,0.0
2019-01-13,16,0,80,6.38,6.38,0.0,42.973461,0.0
2019-01-13,16,0,81,8.34,8.34,0.0,56.175339,0.0
2019-01-13,16,0,82,5.88,5.88,0.0,39.605635,0.0
2019-01-13,16,0,83,13.12,13.12,0.0,88.371757,0.0
2019-01-13,16,0,84,0.0,0.0,0.0,0.0,0.0
2019-01-13,16,0,86,11.56,11.56,0.0,117.932788,0.0
2019-01-13,16,0,87,59.0,59.0,0.0,601.9061,0.0
2019-01-13,16,0,88,6.01,6.01,0.0,40.48127,0.0
2019-01-13,16,0,89,5.77,5.77,0.0,38.864713,0.0
2019-01-13,16,0,90,7.75,7.75,0.0,52.201305,0.0
2019-01-13,16,0,91,27.66,27.66,0.0,186.30814,0.0
2019-01-13,16,0,92,9.95,9.95,0.0,67.01974,0.0
2019-01-13,16,0,95,98.15,98.15,0.0,3186.337102,0.0
2019-01-13,16,0,96,6.39,6.39,0.0,49.702532,0.0
2019-01-13,16,0,97,39.27,39.27,0.0,305.448894,0.0
2019-01-13,16,0,99,9.87,9.87,0.0,91.714652,0.0
2019-01-13,16,0,101,8.23,8.23,0.0,64.110025,0.0
2019-01-13,16,0,102,9.21,9.21,0.0,90.04033,0.0
2019-01-13,16,0,103,8.01,8.01,0.0,78.308691,0.0
2019-01-13,16,0,104,1.49,1.49,0.0,14.566785,0.0
2019-01-13,16,0,106,135.58,135.58,0.0,1057.648384,0.0
2019-01-13,16,0,109,17.62,17.62,0.0,154.156212,0.0
2019-01-13,16,0,110,35.62,35.62,0.0,889.145043,0.0
2019-01-13,16,0,111,11.18,11.18,0.0,93.88538,0.0
2019-01-13,16,0,113,3.79,3.79,0.0,21.753848,0.0
2019-01-13,16,0,115,3.79,3.79,0.0,21.753848,0.0
2019-01-13,16,0,116,71.94,71.94,0.0,1795.763458,0.0
2019-01-13,16,0,117,0.25,0.25,0.0,1.43495,0.0
2019-01-13,16,0,119,10.3,10.3,0.0,334.003838,0.0
2019-01-13,16,0,120,6.05,6.05,0.0,196.186721,0.0
2019-01-13,16,0,123,2.26,2.26,0.0,17.630073,0.0
2019-01-13,16,0,125,18.93,18.93,0.0,147.671367,0.0
2019-01-13,16,0,126,101.68,101.68,0.0,793.197283,0.0
2019-01-13,16,0,127,130.49,130.49,0.0,1017.941714,0.0
2019-01-13,16,0,128,27.11,27.11,0.0,211.482871,0.0
2019-01-13,16,0,131,4.93,4.93,0.0,43.275631,0.0
2019-01-13,16,0,132,7.25,7.25,0.0,63.640634,0.0
2019-01-13,16,0,133,31.58,31.58,0.0,308.879264,0.0
2019-01-13,16,0,134,0.0,0.0,0.0,0.0,0.0
2019-01-13,16,0,135,40.15,40.15,0.0,392.701154,0.0
2019-01-13,16,0,136,31.27,31.27,0.0,305.235814,0.0
2019-01-13,16,0,139,20.85,20.85,0.0,175.090355,0.0
2019-01-13,16,0,140,26.36,26.36,0.0,657.997286,0.0
2019-01-13,16,0,141,40.77,40.77,0.0,550.987222,0.0
2019-01-13,16,0,142,207.15,207.15,0.0,2799.534046,0.0
2019-01-13,16,0,143,238.5,238.5,0.0,1857.866464,0.0
2019-01-13,16,0,145,6.2,6.2,0.0,50.506065,0.0
2019-01-13,16,0,146,27.39,27.39,0.0,683.708105,0.0
2019-01-13,16,0,152,4.97,4.97,0.0,46.175823,0.0
2019-01-13,16,0,153,6.7,6.7,0.0,62.100574,0.0
2019-01-13,16,0,154,46.11,46.11,0.0,387.21421,0.0
2019-01-13,16,0,157,36.2,36.2,0.0,489.225839,0.0
2019-01-13,16,0,158,163.63,163.63,0.0,2211.381878,0.0
2019-01-13,16,0,159,0.0,0.0,0.0,0.0,0.0
2019-01-13,16,0,160,2.4,2.4,0.0,22.141848,0.0
2019-01-13,16,0,161,35.37,35.37,0.0,345.79006,0.0
2019-01-13,16,0,162,78.08,78.08,0.0,2535.353033,0.0
2019-01-13,16,0,163,9.99,9.99,0.0,249.369988,0.0
2019-01-13,16,0,164,20.24,20.24,0.0,157.665481,0.0
2019-01-13,16,0,167,4.55,4.55,0.0,147.76888,0.0
2019-01-13,16,0,168,2.27,2.27,0.0,73.722057,0.0
2019-01-13,16,0,169,0.0,0.0,0.0,0.0,0.0
2019-01-13,16,0,170,4.98,4.98,0.0,161.733852,0.0
2019-01-13,16,0,172,6.17,6.17,0.0,193.648251,0.0
2019-01-13,16,0,173,9.41,9.41,0.0,295.337121,0.0
2019-01-13,16,0,188,8.47,8.47,0.0,269.981955,0.0
2019-01-13,16,0,190,4.68,4.68,0.0,151.760967,0.0
2019-01-13,16,0,191,12.1,12.1,0.0,392.373441,0.0
2019-01-13,16,0,192,33.51,33.51,0.0,1086.647439,0.0
2019-01-13,16,0,194,5.94,5.94,0.0,12.047111,0.0
2019-01-13,16,0,196,4.12,4.12,0.0,121.713086,0.0
2019-01-13,16,0,198,10.29,10.29,0.0,96.522798,0.0
2019-01-13,16,0,199,54.26,54.26,0.0,410.387635,0.0
2019-01-13,16,0,200,16.94,16.94,0.0,128.123231,0.0
2019-01-13,16,0,204,66.81,66.81,0.0,581.059556,0.0
2019-01-13,16,0,205,93.22,93.22,0.0,815.5756,0.0
2019-01-13,16,0,206,115.38,115.38,0.0,897.445719,0.0
2019-01-13,16,0,210,2.18,2.18,0.0,18.713371,0.0
2019-01-13,16,0,214,12.53,12.53,0.0,130.965548,0.0
2019-01-13,16,0,217,8.41,8.41,0.0,81.061893,0.0
2019-01-13,16,0,218,11.61,11.61,0.0,111.905895,0.0
2019-01-13,16,0,219,7.91,7.91,0.0,76.242518,0.0
2019-01-13,16,0,221,6.68,6.68,0.0,69.82042,0.0
2019-01-13,16,0,225,6.44,6.44,0.0,54.299066,0.0
2019-01-13,16,0,233,6.54,6.54,0.0,66.719761,0.0
2019-01-13,16,0,236,57.64,57.64,0.0,550.177766,0.0
2019-01-13,16,0,237,102.96,102.96,0.0,956.731566,0.0
2019-01-13,16,0,238,62.52,62.52,0.0,605.672093,0.0
2019-01-13,16,0,240,10.58,10.58,0.0,95.742911,0.0
2019-01-13,16,0,245,50.24,50.24,0.0,494.452822,0.0
2019-01-13,16,0,247,78.49,78.49,0.0,772.484116,0.0
2019-01-13,16,0,248,12.13,12.13,0.0,112.71517,0.0
2019-01-13,16,0,249,96.61,96.61,0.0,950.817817,0.0
2019-01-13,16,0,251,139.38,139.38,0.0,1356.766394,0.0
2019-01-13,16,0,252,157.53,157.53,0.0,1537.844549,0.0
2019-01-13,16,0,254,16.77,16.77,0.0,152.734795,0.0
2019-01-13,16,0,255,7.69,7.69,0.0,70.037601,0.0
2019-01-13,16,0,258,13.51,13.51,0.0,122.298344,0.0
2019-01-13,16,0,260,5.82,5.82,0.0,53.693982,0.0
2019-01-13,16,0,265,47.74,47.74,0.0,400.902329,0.0
2019-01-13,16,0,266,13.3,13.3,0.0,111.688332,0.0
2019-01-13,16,0,267,16.47,16.47,0.0,138.308784,0.0
2019-01-13,16,0,270,27.01,27.01,0.0,674.22256,0.0
2019-01-13,16,0,272,12.68,12.68,0.0,72.780684,0.0
2019-01-13,16,0,273,17.2,17.2,0.0,429.345725,0.0
2019-01-13,16,0,274,33.71,33.71,0.0,841.467697,0.0
2019-01-13,16,0,275,45.2,45.2,0.0,1128.280627,0.0
2019-01-13,16,0,276,4.52,4.52,0.0,101.275076,0.0
2019-01-13,16,0,277,6.95,6.95,0.0,42.666427,0.0
2019-01-13,16,0,278,11.11,11.11,0.0,68.204892,0.0
2019-01-13,16,0,279,52.67,52.67,0.0,323.343983,0.0
2019-01-13,16,0,281,56.1,56.1,0.0,437.007583,0.0
2019-01-13,16,0,282,224.02,224.02,0.0,1745.07021,0.0
2019-01-13,17,0,9,1.15,1.15,0.0,14.927524,0.0
2019-01-13,17,0,17,20.77,20.77,0.0,285.950679,0.0
2019-01-13,17,0,19,193.48,193.48,0.0,2663.733139,0.0
2019-01-13,17,0,20,232.99,232.99,0.0,3207.6865,0.0
2019-01-13,17,0,21,26.4,26.4,0.0,342.68402,0.0
2019-01-13,17,0,22,93.84,93.84,0.0,1218.085925,0.0
2019-01-13,17,0,23,19.24,19.24,0.0,249.74396,0.0
2019-01-13,17,0,24,34.23,34.23,0.0,444.320985,0.0
2019-01-13,17,0,29,4.73,4.73,0.0,39.096443,0.0
2019-01-13,17,0,30,282.55,282.55,0.0,3667.397725,0.0
2019-01-13,17,0,31,117.51,117.51,0.0,1525.23768,0.0
2019-01-13,17,0,32,2.81,2.81,0.0,91.907425,0.0
2019-01-13,17,0,33,1.56,1.56,0.0,22.033402,0.0
2019-01-13,17,0,34,2.49,2.49,0.0,35.168699,0.0
2019-01-13,17,0,35,2.49,2.49,0.0,35.168699,0.0
2019-01-13,17,0,36,6.52,6.52,0.0,84.538925,0.0
2019-01-13,17,0,37,3.01,3.01,0.0,38.884783,0.0
2019-01-13,17,0,38,3.87,3.87,0.0,49.994721,0.0
2019-01-13,17,0,39,2.58,2.58,0.0,33.329814,0.0
2019-01-13,17,0,40,2.58,2.58,0.0,33.329814,0.0
2019-01-13,17,0,41,6.91,6.91,0.0,90.341341,0.0
2019-01-13,17,0,42,33.07,33.07,0.0,452.735285,0.0
2019-01-13,17,0,43,21.11,21.11,0.0,269.72517,0.0
2019-01-13,17,0,46,18.18,18.18,0.0,234.016062,0.0
2019-01-13,17,0,52,124.56,124.56,0.0,1616.744153,0.0
2019-01-13,17,0,53,197.88,197.88,0.0,2568.411473,0.0
2019-01-13,17,0,55,436.38,436.38,0.0,5664.411082,0.0
2019-01-13,17,0,56,83.34,83.34,0.0,1081.723328,0.0
2019-01-13,17,0,57,79.28,79.28,0.0,1029.025983,0.0
2019-01-13,17,0,58,152.46,152.46,0.0,1978.876153,0.0
2019-01-13,17,0,59,149.92,149.92,0.0,1945.907864,0.0
2019-01-13,17,0,63,21.94,21.94,0.0,711.460603,0.0
2019-01-13,17,0,64,25.81,25.81,0.0,836.955249,0.0
2019-01-13,17,0,65,22.52,22.52,0.0,309.720511,0.0
2019-01-13,17,0,67,107.35,107.35,0.0,1941.977529,0.0
2019-01-13,17,0,68,3.32,3.32,0.0,50.672519,0.0
2019-01-13,17,0,69,1.56,1.56,0.0,22.033402,0.0
2019-01-13,17,0,74,32.42,32.42,0.0,433.909886,0.0
2019-01-13,17,0,77,12.22,12.22,0.0,157.801612,0.0
2019-01-13,17,0,78,9.24,9.24,0.0,119.319713,0.0
2019-01-13,17,0,79,5.35,5.35,0.0,69.08663,0.0
2019-01-13,17,0,80,8.65,8.65,0.0,111.700813,0.0
2019-01-13,17,0,81,11.3,11.3,0.0,145.921294,0.0
2019-01-13,17,0,82,7.97,7.97,0.0,102.919709,0.0
2019-01-13,17,0,83,17.78,17.78,0.0,229.600053,0.0
2019-01-13,17,0,84,0.0,0.0,0.0,0.0,0.0
2019-01-13,17,0,86,7.88,7.88,0.0,111.296928,0.0
2019-01-13,17,0,87,40.25,40.25,0.0,568.490021,0.0
2019-01-13,17,0,88,7.81,7.81,0.0,100.853567,0.0
2019-01-13,17,0,89,7.51,7.51,0.0,96.97955,0.0
2019-01-13,17,0,90,10.08,10.08,0.0,130.166959,0.0
2019-01-13,17,0,91,35.97,35.97,0.0,464.494596,0.0
2019-01-13,17,0,92,12.94,12.94,0.0,167.099251,0.0
2019-01-13,17,0,95,77.29,77.29,0.0,2522.159582,0.0
2019-01-13,17,0,96,7.74,7.74,0.0,100.455843,0.0
2019-01-13,17,0,97,47.59,47.59,0.0,617.66067,0.0
2019-01-13,17,0,99,6.59,6.59,0.0,88.200683,0.0
2019-01-13,17,0,101,5.69,5.69,0.0,73.854161,0.0
2019-01-13,17,0,102,7.86,7.86,0.0,119.965662,0.0
2019-01-13,17,0,103,6.83,6.83,0.0,104.244971,0.0
2019-01-13,17,0,104,1.27,1.27,0.0,19.383765,0.0
2019-01-13,17,0,106,92.37,92.37,0.0,1199.004656,0.0
2019-01-13,17,0,109,17.69,17.69,0.0,230.157566,0.0
2019-01-13,17,0,110,32.22,32.22,0.0,861.832506,0.0
2019-01-13,17,0,111,8.26,8.26,0.0,107.991242,0.0
2019-01-13,17,0,113,4.78,4.78,0.0,58.904102,0.0
2019-01-13,17,0,115,4.78,4.78,0.0,58.904102,0.0
2019-01-13,17,0,116,50.18,50.18,0.0,1342.233245,0.0
2019-01-13,17,0,117,0.32,0.32,0.0,3.943371,0.0
2019-01-13,17,0,119,25.81,25.81,0.0,836.955249,0.0
2019-01-13,17,0,120,15.19,15.19,0.0,492.574593,0.0
2019-01-13,17,0,123,1.54,1.54,0.0,19.989901,0.0
2019-01-13,17,0,125,30.94,30.94,0.0,401.615287,0.0
2019-01-13,17,0,126,69.28,69.28,0.0,899.285943,0.0
2019-01-13,17,0,127,88.91,88.91,0.0,1154.09228,0.0
2019-01-13,17,0,128,44.53,44.53,0.0,578.019674,0.0
2019-01-13,17,0,131,7.04,7.04,0.0,102.134285,0.0
2019-01-13,17,0,132,10.35,10.35,0.0,150.154807,0.0
2019-01-13,17,0,133,62.29,62.29,0.0,857.660929,0.0
2019-01-13,17,0,134,0.0,0.0,0.0,0.0,0.0
2019-01-13,17,0,135,81.55,81.55,0.0,1122.848752,0.0
2019-01-13,17,0,136,28.6,28.6,0.0,393.31701,0.0
2019-01-13,17,0,139,8.93,8.93,0.0,116.750822,0.0
2019-01-13,17,0,140,23.84,23.84,0.0,637.681159,0.0
2019-01-13,17,0,141,50.88,50.88,0.0,920.426797,0.0
2019-01-13,17,0,142,141.57,141.57,0.0,2561.022439,0.0
2019-01-13,17,0,143,205.65,205.65,0.0,2669.263288,0.0
2019-01-13,17,0,145,7.3,7.3,0.0,94.842259,0.0
2019-01-13,17,0,146,39.86,39.86,0.0,1066.190059,0.0
2019-01-13,17,0,152,3.41,3.41,0.0,45.484896,0.0
2019-01-13,17,0,153,4.59,4.59,0.0,61.133653,0.0
2019-01-13,17,0,154,34.06,34.06,0.0,445.300447,0.0
2019-01-13,17,0,157,39.28,39.28,0.0,710.581065,0.0
2019-01-13,17,0,158,113.11,113.11,0.0,2046.176789,0.0
2019-01-13,17,0,159,0.0,0.0,0.0,0.0,0.0
2019-01-13,17,0,160,1.65,1.65,0.0,20.539682,0.0
2019-01-13,17,0,161,24.44,24.44,0.0,373.023001,0.0
2019-01-13,17,0,162,64.37,64.37,0.0,2100.685219,0.0
2019-01-13,17,0,163,24.89,24.89,0.0,665.766948,0.0
2019-01-13,17,0,164,14.42,14.42,0.0,187.166431,0.0
2019-01-13,17,0,167,3.05,3.05,0.0,99.567606,0.0
2019-01-13,17,0,168,1.53,1.53,0.0,49.947028,0.0
2019-01-13,17,0,169,0.0,0.0,0.0,0.0,0.0
2019-01-13,17,0,170,3.34,3.34,0.0,109.034689,0.0
2019-01-13,17,0,172,4.16,4.16,0.0,133.973293,0.0
2019-01-13,17,0,173,6.34,6.34,0.0,204.180452,0.0
2019-01-13,17,0,188,5.73,5.73,0.0,184.832282,0.0
2019-01-13,17,0,190,3.22,3.22,0.0,104.416734,0.0
2019-01-13,17,0,191,8.31,8.31,0.0,269.473,0.0
2019-01-13,17,0,192,40.04,40.04,0.0,1298.399387,0.0
2019-01-13,17,0,194,6.83,6.83,0.0,66.030196,0.0
2019-01-13,17,0,196,2.86,2.86,0.0,86.350652,0.0
2019-01-13,17,0,198,7.05,7.05,0.0,81.470633,0.0
2019-01-13,17,0,199,42.42,42.42,0.0,449.983586,0.0
2019-01-13,17,0,200,11.6,11.6,0.0,123.050674,0.0
2019-01-13,17,0,204,62.78,62.78,0.0,815.152452,0.0
2019-01-13,17,0,205,93.59,93.59,0.0,1217.662331,0.0
2019-01-13,17,0,206,139.85,139.85,0.0,1815.083941,0.0
2019-01-13,17,0,210,1.46,1.46,0.0,12.446204,0.0
2019-01-13,17,0,214,8.52,8.52,0.0,122.14429,0.0
2019-01-13,17,0,217,5.64,5.64,0.0,66.412794,0.0
2019-01-13,17,0,218,7.79,7.79,0.0,91.729728,0.0
2019-01-13,17,0,219,5.3,5.3,0.0,62.409186,0.0
2019-01-13,17,0,221,4.55,4.55,0.0,65.229638,0.0
2019-01-13,17,0,225,4.32,4.32,0.0,35.599412,0.0
2019-01-13,17,0,233,4.46,4.46,0.0,62.992932,0.0
2019-01-13,17,0,236,47.61,47.61,0.0,645.862896,0.0
2019-01-13,17,0,237,80.12,80.12,0.0,1072.327577,0.0
2019-01-13,17,0,238,43.04,43.04,0.0,589.22669,0.0
2019-01-13,17,0,240,7.38,7.38,0.0,95.689765,0.0
2019-01-13,17,0,245,45.99,45.99,0.0,635.594312,0.0
2019-01-13,17,0,247,69.21,69.21,0.0,956.501029,0.0
2019-01-13,17,0,248,8.15,8.15,0.0,109.079752,0.0
2019-01-13,17,0,249,88.44,88.44,0.0,1222.264861,0.0
2019-01-13,17,0,251,132.05,132.05,0.0,1812.988804,0.0
2019-01-13,17,0,252,145.27,145.27,0.0,1997.917349,0.0
2019-01-13,17,0,254,11.56,11.56,0.0,146.749707,0.0
2019-01-13,17,0,255,5.3,5.3,0.0,67.28144,0.0
2019-01-13,17,0,258,9.49,9.49,0.0,122.758592,0.0
2019-01-13,17,0,260,4.01,4.01,0.0,49.917651,0.0
2019-01-13,17,0,265,35.26,35.26,0.0,460.989247,0.0
2019-01-13,17,0,266,5.78,5.78,0.0,75.567721,0.0
2019-01-13,17,0,267,7.1,7.1,0.0,92.825401,0.0
2019-01-13,17,0,270,77.72,77.72,0.0,2078.883376,0.0
2019-01-13,17,0,272,15.97,15.97,0.0,196.79885,0.0
2019-01-13,17,0,273,12.0,12.0,0.0,320.980449,0.0
2019-01-13,17,0,274,100.19,100.19,0.0,2679.919267,0.0
2019-01-13,17,0,275,139.46,139.46,0.0,3730.327787,0.0
2019-01-13,17,0,276,3.15,3.15,0.0,78.167794,0.0
2019-01-13,17,0,277,4.81,4.81,0.0,60.412237,0.0
2019-01-13,17,0,278,7.69,7.69,0.0,96.584221,0.0
2019-01-13,17,0,279,33.02,33.02,0.0,414.721844,0.0
2019-01-13,17,0,281,52.74,52.74,0.0,684.546296,0.0
2019-01-13,17,0,282,155.0,155.0,0.0,2011.844443,0.0
2019-01-13,18,0,9,0.6,0.6,0.0,10.492932,0.0
2019-01-13,18,0,17,9.94,9.94,0.0,136.316943,0.0
2019-01-13,18,0,19,203.31,203.31,0.0,2788.188895,0.0
2019-01-13,18,0,20,247.57,247.57,0.0,3395.169567,0.0
2019-01-13,18,0,21,13.66,13.66,0.0,238.889083,0.0
2019-01-13,18,0,22,48.55,48.55,0.0,849.053072,0.0
2019-01-13,18,0,23,45.9,45.9,0.0,802.709289,0.0
2019-01-13,18,0,24,81.46,81.46,0.0,1424.590386,0.0
2019-01-13,18,0,29,1.88,1.88,0.0,16.909305,0.0
2019-01-13,18,0,30,153.35,153.35,0.0,2063.467251,0.0
2019-01-13,18,0,31,76.62,76.62,0.0,1030.993549,0.0
2019-01-13,18,0,32,1.13,1.13,0.0,31.369753,0.0
2019-01-13,18,0,33,0.73,0.73,0.0,9.301396,0.0
2019-01-13,18,0,34,1.16,1.16,0.0,14.7803,0.0
2019-01-13,18,0,35,1.16,1.16,0.0,14.7803,0.0
2019-01-13,18,0,36,3.1,3.1,0.0,46.588159,0.0
2019-01-13,18,0,37,1.43,1.43,0.0,21.475318,0.0
2019-01-13,18,0,38,1.84,1.84,0.0,27.632577,0.0
2019-01-13,18,0,39,1.23,1.23,0.0,18.471777,0.0
2019-01-13,18,0,40,1.23,1.23,0.0,18.471777,0.0
2019-01-13,18,0,41,7.02,7.02,0.0,124.919113,0.0
2019-01-13,18,0,42,17.39,17.39,0.0,242.151358,0.0
2019-01-13,18,0,43,9.85,9.85,0.0,143.607853,0.0
2019-01-13,18,0,46,8.49,8.49,0.0,131.164018,0.0
2019-01-13,18,0,52,81.22,81.22,0.0,1092.890839,0.0
2019-01-13,18,0,53,129.06,129.06,0.0,1736.62265,0.0
2019-01-13,18,0,55,313.91,313.91,0.0,5489.727081,0.0
2019-01-13,18,0,56,45.23,45.23,0.0,608.611827,0.0
2019-01-13,18,0,57,43.03,43.03,0.0,579.008776,0.0
2019-01-13,18,0,58,82.74,82.74,0.0,1113.343856,0.0
2019-01-13,18,0,59,81.37,81.37,0.0,1094.909228,0.0
2019-01-13,18,0,63,52.2,52.2,0.0,1419.272064,0.0
2019-01-13,18,0,64,61.41,61.41,0.0,1669.683859,0.0
2019-01-13,18,0,65,21.36,21.36,0.0,293.766879,0.0
2019-01-13,18,0,67,55.08,55.08,0.0,1398.404961,0.0
2019-01-13,18,0,68,2.72,2.72,0.0,68.111249,0.0
2019-01-13,18,0,69,0.73,0.73,0.0,9.301396,0.0
2019-01-13,18,0,74,19.09,19.09,0.0,284.190274,0.0
2019-01-13,18,0,77,16.96,16.96,0.0,415.107113,0.0
2019-01-13,18,0,78,12.82,12.82,0.0,313.7779,0.0
2019-01-13,18,0,79,7.42,7.42,0.0,181.609362,0.0
2019-01-13,18,0,80,12.0,12.0,0.0,293.707863,0.0
2019-01-13,18,0,81,15.69,15.69,0.0,384.023031,0.0
2019-01-13,18,0,82,11.07,11.07,0.0,270.945503,0.0
2019-01-13,18,0,83,24.68,24.68,0.0,604.059171,0.0
2019-01-13,18,0,84,0.0,0.0,0.0,0.0,0.0
2019-01-13,18,0,86,3.67,3.67,0.0,46.761811,0.0
2019-01-13,18,0,87,18.76,18.76,0.0,239.033125,0.0
2019-01-13,18,0,88,10.26,10.26,0.0,251.120223,0.0
2019-01-13,18,0,89,9.86,9.86,0.0,241.329961,0.0
2019-01-13,18,0,90,13.24,13.24,0.0,324.057675,0.0
2019-01-13,18,0,91,47.25,47.25,0.0,1156.47471,0.0
2019-01-13,18,0,92,16.99,16.99,0.0,415.841382,0.0
2019-01-13,18,0,95,60.99,60.99,0.0,1695.348744,0.0
2019-01-13,18,0,96,9.55,9.55,0.0,195.339656,0.0
2019-01-13,18,0,97,58.73,58.73,0.0,1201.287751,0.0
2019-01-13,18,0,99,3.69,3.69,0.0,54.932536,0.0
2019-01-13,18,0,101,3.09,3.09,0.0,41.578831,0.0
2019-01-13,18,0,102,6.43,6.43,0.0,161.012988,0.0
2019-01-13,18,0,103,5.59,5.59,0.0,139.978632,0.0
2019-01-13,18,0,104,1.04,1.04,0.0,26.042536,0.0
2019-01-13,18,0,106,47.79,47.79,0.0,835.762025,0.0
2019-01-13,18,0,109,17.81,17.81,0.0,290.660084,0.0
2019-01-13,18,0,110,31.69,31.69,0.0,838.30925,0.0
2019-01-13,18,0,111,4.26,4.26,0.0,75.805615,0.0
2019-01-13,18,0,113,5.97,5.97,0.0,151.103676,0.0
2019-01-13,18,0,115,5.97,5.97,0.0,151.103676,0.0
2019-01-13,18,0,116,23.54,23.54,0.0,622.713781,0.0
2019-01-13,18,0,117,0.4,0.4,0.0,10.124199,0.0
2019-01-13,18,0,119,61.41,61.41,0.0,1669.683859,0.0
2019-01-13,18,0,120,36.11,36.11,0.0,981.799123,0.0
2019-01-13,18,0,123,0.8,0.8,0.0,13.990576,0.0
2019-01-13,18,0,125,73.67,73.67,0.0,1288.357153,0.0
2019-01-13,18,0,126,35.84,35.84,0.0,626.777798,0.0
2019-01-13,18,0,127,46.0,46.0,0.0,804.458111,0.0
2019-01-13,18,0,128,105.79,105.79,0.0,1850.078774,0.0
2019-01-13,18,0,131,10.34,10.34,0.0,257.962693,0.0
2019-01-13,18,0,132,15.2,15.2,0.0,379.210148,0.0
2019-01-13,18,0,133,70.27,70.27,0.0,963.422031,0.0
2019-01-13,18,0,134,0.0,0.0,0.0,0.0,0.0
2019-01-13,18,0,135,94.16,94.16,0.0,1290.960844,0.0
2019-01-13,18,0,136,27.4,27.4,0.0,376.894685,0.0
2019-01-13,18,0,139,9.06,9.06,0.0,161.220393,0.0
2019-01-13,18,0,140,23.46,23.46,0.0,620.597507,0.0
2019-01-13,18,0,141,69.94,69.94,0.0,1775.679792,0.0
2019-01-13,18,0,142,72.63,72.63,0.0,1843.975169,0.0
2019-01-13,18,0,143,128.43,128.43,0.0,1728.145412,0.0
2019-01-13,18,0,145,8.53,8.53,0.0,159.489422,0.0
2019-01-13,18,0,146,55.49,55.49,0.0,1467.900923,0.0
2019-01-13,18,0,152,1.67,1.67,0.0,24.725348,0.0
2019-01-13,18,0,153,2.23,2.23,0.0,33.125558,0.0
2019-01-13,18,0,154,17.59,17.59,0.0,313.009572,0.0
2019-01-13,18,0,157,46.91,46.91,0.0,1190.979969,0.0
2019-01-13,18,0,158,57.7,57.7,0.0,1464.923134,0.0
2019-01-13,18,0,159,0.0,0.0,0.0,0.0,0.0
2019-01-13,18,0,160,0.75,0.75,0.0,9.97219,0.0
2019-01-13,18,0,161,12.2,12.2,0.0,305.498983,0.0
2019-01-13,18,0,162,53.55,53.55,0.0,1487.957062,0.0
2019-01-13,18,0,163,42.83,42.83,0.0,1133.000478,0.0
2019-01-13,18,0,164,8.23,8.23,0.0,110.742325,0.0
2019-01-13,18,0,167,1.19,1.19,0.0,33.092494,0.0
2019-01-13,18,0,168,0.59,0.59,0.0,16.407203,0.0
2019-01-13,18,0,169,0.0,0.0,0.0,0.0,0.0
2019-01-13,18,0,170,1.3,1.3,0.0,36.151464,0.0
2019-01-13,18,0,172,1.66,1.66,0.0,48.153458,0.0
2019-01-13,18,0,173,2.52,2.52,0.0,73.10043,0.0
2019-01-13,18,0,188,2.33,2.33,0.0,65.216638,0.0
2019-01-13,18,0,190,1.42,1.42,0.0,38.60855,0.0
2019-01-13,18,0,191,3.66,3.66,0.0,99.512179,0.0
2019-01-13,18,0,192,48.54,48.54,0.0,1319.759885,0.0
2019-01-13,18,0,194,14.63,14.63,0.0,377.901543,0.0
2019-01-13,18,0,196,1.31,1.31,0.0,35.06334,0.0
2019-01-13,18,0,198,3.1,3.1,0.0,33.803676,0.0
2019-01-13,18,0,199,32.89,32.89,0.0,632.711082,0.0
2019-01-13,18,0,200,4.95,4.95,0.0,95.224076,0.0
2019-01-13,18,0,204,59.51,59.51,0.0,980.432157,0.0
2019-01-13,18,0,205,94.19,94.19,0.0,1537.185474,0.0
2019-01-13,18,0,206,172.56,172.56,0.0,3529.613729,0.0
2019-01-13,18,0,210,0.58,0.58,0.0,5.269801,0.0
2019-01-13,18,0,214,3.66,3.66,0.0,44.532746,0.0
2019-01-13,18,0,217,2.34,2.34,0.0,24.981316,0.0
2019-01-13,18,0,218,3.23,3.23,0.0,34.482756,0.0
2019-01-13,18,0,219,2.2,2.2,0.0,23.486707,0.0
2019-01-13,18,0,221,1.95,1.95,0.0,23.726463,0.0
2019-01-13,18,0,225,1.75,1.75,0.0,15.724572,0.0
2019-01-13,18,0,233,2.08,2.08,0.0,26.502607,0.0
2019-01-13,18,0,236,39.21,39.21,0.0,558.538422,0.0
2019-01-13,18,0,237,45.8,45.8,0.0,681.818467,0.0
2019-01-13,18,0,238,22.63,22.63,0.0,315.117034,0.0
2019-01-13,18,0,240,3.52,3.52,0.0,52.900103,0.0
2019-01-13,18,0,245,42.92,42.92,0.0,582.424458,0.0
2019-01-13,18,0,247,61.92,61.92,0.0,840.254483,0.0
2019-01-13,18,0,248,4.6,4.6,0.0,68.479584,0.0
2019-01-13,18,0,249,82.54,82.54,0.0,1120.067911,0.0
2019-01-13,18,0,251,126.66,126.66,0.0,1750.113614,0.0
2019-01-13,18,0,252,137.78,137.78,0.0,1894.906397,0.0
2019-01-13,18,0,254,5.32,5.32,0.0,75.849747,0.0
2019-01-13,18,0,255,2.44,2.44,0.0,34.78823,0.0
2019-01-13,18,0,258,4.51,4.51,0.0,67.451233,0.0
2019-01-13,18,0,260,1.83,1.83,0.0,24.332144,0.0
2019-01-13,18,0,265,18.21,18.21,0.0,324.042314,0.0
2019-01-13,18,0,266,5.87,5.87,0.0,104.455156,0.0
2019-01-13,18,0,267,7.21,7.21,0.0,128.300114,0.0
2019-01-13,18,0,270,133.76,133.76,0.0,3538.41102,0.0
2019-01-13,18,0,272,19.95,19.95,0.0,504.944447,0.0
2019-01-13,18,0,273,5.63,5.63,0.0,148.93282,0.0
2019-01-13,18,0,274,172.44,172.44,0.0,4561.629757,0.0
2019-01-13,18,0,275,240.04,240.04,0.0,6349.881737,0.0
2019-01-13,18,0,276,1.5,1.5,0.0,39.323521,0.0
2019-01-13,18,0,277,2.32,2.32,0.0,57.943848,0.0
2019-01-13,18,0,278,3.71,3.71,0.0,92.660205,0.0
2019-01-13,18,0,279,46.34,46.34,0.0,1157.378406,0.0
2019-01-13,18,0,281,34.36,34.36,0.0,462.345841,0.0
2019-01-13,18,0,282,84.12,84.12,0.0,1131.913043,0.0
2019-01-13,19,0,9,0.0,0.0,0.0,0.0,0.0
2019-01-13,19,0,17,0.0,0.0,0.0,0.0,0.0
2019-01-13,19,0,19,348.35,348.35,0.0,5506.581381,0.0
2019-01-13,19,0,20,423.41,423.41,0.0,6693.100682,0.0
2019-01-13,19,0,21,0.0,0.0,0.0,0.0,0.0
2019-01-13,19,0,22,0.0,0.0,0.0,0.0,0.0
2019-01-13,19,0,23,64.36,64.36,0.0,1187.306036,0.0
2019-01-13,19,0,24,113.88,113.88,0.0,2100.845423,0.0
2019-01-13,19,0,29,0.0,0.0,0.0,0.0,0.0
2019-01-13,19,0,30,2.26,2.26,0.0,41.740919,0.0
2019-01-13,19,0,31,27.7,27.7,0.0,511.603294,0.0
2019-01-13,19,0,32,0.0,0.0,0.0,0.0,0.0
2019-01-13,19,0,33,0.0,0.0,0.0,0.0,0.0
2019-01-13,19,0,34,0.0,0.0,0.0,0.0,0.0
2019-01-13,19,0,35,0.0,0.0,0.0,0.0,0.0
2019-01-13,19,0,36,0.0,0.0,0.0,0.0,0.0
2019-01-13,19,0,37,0.0,0.0,0.0,0.0,0.0
2019-01-13,19,0,38,0.0,0.0,0.0,0.0,0.0
2019-01-13,19,0,39,0.0,0.0,0.0,0.0,0.0
2019-01-13,19,0,40,0.0,0.0,0.0,0.0,0.0
2019-01-13,19,0,41,7.12,7.12,0.0,123.777384,0.0
2019-01-13,19,0,42,0.0,0.0,0.0,0.0,0.0
2019-01-13,19,0,43,0.0,0.0,0.0,0.0,0.0
2019-01-13,19,0,46,0.0,0.0,0.0,0.0,0.0
2019-01-13,19,0,52,29.36,29.36,0.0,542.262553,0.0
2019-01-13,19,0,53,46.65,46.65,0.0,861.59905,0.0
2019-01-13,19,0,55,125.78,125.78,0.0,2320.375283,0.0
2019-01-13,19,0,56,0.67,0.67,0.0,12.37452,0.0
2019-01-13,19,0,57,0.63,0.63,0.0,11.635743,0.0
2019-01-13,19,0,58,1.22,1.22,0.0,22.532708,0.0
2019-01-13,19,0,59,1.2,1.2,0.0,22.16332,0.0
2019-01-13,19,0,63,69.54,69.54,0.0,2072.871864,0.0
2019-01-13,19,0,64,81.81,81.81,0.0,2438.620178,0.0
2019-01-13,19,0,65,20.89,20.89,0.0,330.401138,0.0
2019-01-13,19,0,67,0.0,0.0,0.0,0.0,0.0
2019-01-13,19,0,68,5.05,5.05,0.0,109.922069,0.0
2019-01-13,19,0,69,0.0,0.0,0.0,0.0,0.0
2019-01-13,19,0,74,17.9,17.9,0.0,288.284128,0.0
2019-01-13,19,0,77,23.54,23.54,0.0,483.321438,0.0
2019-01-13,19,0,78,17.79,17.79,0.0,365.262888,0.0
2019-01-13,19,0,79,10.3,10.3,0.0,211.478794,0.0
2019-01-13,19,0,80,16.65,16.65,0.0,341.856497,0.0
2019-01-13,19,0,81,21.77,21.77,0.0,446.979937,0.0
2019-01-13,19,0,82,15.36,15.36,0.0,315.370318,0.0
2019-01-13,19,0,83,34.24,34.24,0.0,703.013001,0.0
2019-01-13,19,0,84,0.0,0.0,0.0,0.0,0.0
2019-01-13,19,0,86,0.0,0.0,0.0,0.0,0.0
2019-01-13,19,0,87,0.0,0.0,0.0,0.0,0.0
2019-01-13,19,0,88,13.5,13.5,0.0,277.180944,0.0
2019-01-13,19,0,89,12.98,12.98,0.0,266.504345,0.0
2019-01-13,19,0,90,17.42,17.42,0.0,357.666077,0.0
2019-01-13,19,0,91,62.15,62.15,0.0,1276.058938,0.0
2019-01-13,19,0,92,22.35,22.35,0.0,458.888452,0.0
2019-01-13,19,0,95,48.34,48.34,0.0,1465.191833,0.0
2019-01-13,19,0,96,11.9,11.9,0.0,220.054208,0.0
2019-01-13,19,0,97,73.17,73.17,0.0,1353.056,0.0
2019-01-13,19,0,99,3.45,3.45,0.0,55.563142,0.0
2019-01-13,19,0,101,0.05,0.05,0.0,0.923472,0.0
2019-01-13,19,0,102,14.44,14.44,0.0,314.311818,0.0
2019-01-13,19,0,103,12.12,12.12,0.0,263.812966,0.0
2019-01-13,19,0,104,1.73,1.73,0.0,37.656471,0.0
2019-01-13,19,0,106,0.0,0.0,0.0,0.0,0.0
2019-01-13,19,0,109,18.05,18.05,0.0,298.517965,0.0
2019-01-13,19,0,110,33.32,33.32,0.0,903.283138,0.0
2019-01-13,19,0,111,0.0,0.0,0.0,0.0,0.0
2019-01-13,19,0,113,7.51,7.51,0.0,155.634187,0.0
2019-01-13,19,0,115,7.51,7.51,0.0,155.634187,0.0
2019-01-13,19,0,116,0.0,0.0,0.0,0.0,0.0
2019-01-13,19,0,117,0.5,0.5,0.0,10.361797,0.0
2019-01-13,19,0,119,81.81,81.81,0.0,2438.620178,0.0
2019-01-13,19,0,120,48.1,48.1,0.0,1433.781085,0.0
2019-01-13,19,0,123,0.0,0.0,0.0,0.0,0.0
2019-01-13,19,0,125,103.05,103.05,0.0,1901.054802,0.0
2019-01-13,19,0,126,0.0,0.0,0.0,0.0,0.0
2019-01-13,19,0,127,0.0,0.0,0.0,0.0,0.0
2019-01-13,19,0,128,147.59,147.59,0.0,2722.723709,0.0
2019-01-13,19,0,131,15.09,15.09,0.0,323.160017,0.0
2019-01-13,19,0,132,22.19,22.19,0.0,475.210125,0.0
2019-01-13,19,0,133,62.79,62.79,0.0,992.508898,0.0
2019-01-13,19,0,134,0.0,0.0,0.0,0.0,0.0
2019-01-13,19,0,135,85.09,85.09,0.0,1345.000512,0.0
2019-01-13,19,0,136,27.62,27.62,0.0,436.857471,0.0
2019-01-13,19,0,139,9.2,9.2,0.0,159.93707,0.0
2019-01-13,19,0,140,24.66,24.66,0.0,668.516272,0.0
2019-01-13,19,0,141,100.45,100.45,0.0,2318.577334,0.0
2019-01-13,19,0,142,0.0,0.0,0.0,0.0,0.0
2019-01-13,19,0,143,44.26,44.26,0.0,817.457105,0.0
2019-01-13,19,0,145,9.88,9.88,0.0,175.407145,0.0
2019-01-13,19,0,146,76.04,76.04,0.0,2061.394052,0.0
2019-01-13,19,0,152,0.0,0.0,0.0,0.0,0.0
2019-01-13,19,0,153,0.0,0.0,0.0,0.0,0.0
2019-01-13,19,0,154,0.0,0.0,0.0,0.0,0.0
2019-01-13,19,0,157,60.16,60.16,0.0,1388.607391,0.0
2019-01-13,19,0,158,0.0,0.0,0.0,0.0,0.0
2019-01-13,19,0,159,0.0,0.0,0.0,0.0,0.0
2019-01-13,19,0,160,0.0,0.0,0.0,0.0,0.0
2019-01-13,19,0,161,0.0,0.0,0.0,0.0,0.0
2019-01-13,19,0,162,45.75,45.75,0.0,1386.379462,0.0
2019-01-13,19,0,163,68.36,68.36,0.0,1853.194337,0.0
2019-01-13,19,0,164,0.36,0.36,0.0,6.648996,0.0
2019-01-13,19,0,167,0.0,0.0,0.0,0.0,0.0
2019-01-13,19,0,168,0.0,0.0,0.0,0.0,0.0
2019-01-13,19,0,169,0.0,0.0,0.0,0.0,0.0
2019-01-13,19,0,170,0.0,0.0,0.0,0.0,0.0
2019-01-13,19,0,172,0.0,0.0,0.0,0.0,0.0
2019-01-13,19,0,173,0.0,0.0,0.0,0.0,0.0
2019-01-13,19,0,188,0.0,0.0,0.0,0.0,0.0
2019-01-13,19,0,190,0.0,0.0,0.0,0.0,0.0
2019-01-13,19,0,191,0.0,0.0,0.0,0.0,0.0
2019-01-13,19,0,192,60.09,60.09,0.0,1791.183064,0.0
2019-01-13,19,0,194,29.84,29.84,0.0,594.516533,0.0
2019-01-13,19,0,196,0.0,0.0,0.0,0.0,0.0
2019-01-13,19,0,198,0.0,0.0,0.0,0.0,0.0
2019-01-13,19,0,199,25.49,25.49,0.0,354.525782,0.0
2019-01-13,19,0,200,0.0,0.0,0.0,0.0,0.0
2019-01-13,19,0,204,56.63,56.63,0.0,939.874887,0.0
2019-01-13,19,0,205,95.51,95.51,0.0,1579.581764,0.0
2019-01-13,19,0,206,214.99,214.99,0.0,3975.584384,0.0
2019-01-13,19,0,210,0.0,0.0,0.0,0.0,0.0
2019-01-13,19,0,214,0.0,0.0,0.0,0.0,0.0
2019-01-13,19,0,217,0.0,0.0,0.0,0.0,0.0
2019-01-13,19,0,218,0.0,0.0,0.0,0.0,0.0
2019-01-13,19,0,219,0.0,0.0,0.0,0.0,0.0
2019-01-13,19,0,221,0.0,0.0,0.0,0.0,0.0
2019-01-13,19,0,225,0.0,0.0,0.0,0.0,0.0
2019-01-13,19,0,233,0.0,0.0,0.0,0.0,0.0
2019-01-13,19,0,236,32.24,32.24,0.0,513.211157,0.0
2019-01-13,19,0,237,42.93,42.93,0.0,691.39875,0.0
2019-01-13,19,0,238,0.0,0.0,0.0,0.0,0.0
2019-01-13,19,0,240,0.0,0.0,0.0,0.0,0.0
2019-01-13,19,0,245,40.79,40.79,0.0,643.499012,0.0
2019-01-13,19,0,247,57.06,57.06,0.0,900.172925,0.0
2019-01-13,19,0,248,4.31,4.31,0.0,69.413664,0.0
2019-01-13,19,0,249,78.44,78.44,0.0,1237.461694,0.0
2019-01-13,19,0,251,124.79,124.79,0.0,1975.474655,0.0
2019-01-13,19,0,252,134.76,134.76,0.0,2131.395754,0.0
2019-01-13,19,0,254,0.0,0.0,0.0,0.0,0.0
2019-01-13,19,0,255,0.0,0.0,0.0,0.0,0.0
2019-01-13,19,0,258,0.0,0.0,0.0,0.0,0.0
2019-01-13,19,0,260,0.0,0.0,0.0,0.0,0.0
2019-01-13,19,0,265,0.0,0.0,0.0,0.0,0.0
2019-01-13,19,0,266,5.95,5.95,0.0,103.437561,0.0
2019-01-13,19,0,267,7.32,7.32,0.0,127.254277,0.0
2019-01-13,19,0,270,213.47,213.47,0.0,5787.030355,0.0
2019-01-13,19,0,272,25.1,25.1,0.0,520.162197,0.0
2019-01-13,19,0,273,0.0,0.0,0.0,0.0,0.0
2019-01-13,19,0,274,275.19,275.19,0.0,7460.218688,0.0
2019-01-13,19,0,275,383.07,383.07,0.0,10384.774057,0.0
2019-01-13,19,0,276,0.0,0.0,0.0,0.0,0.0
2019-01-13,19,0,277,0.0,0.0,0.0,0.0,0.0
2019-01-13,19,0,278,0.0,0.0,0.0,0.0,0.0
2019-01-13,19,0,279,64.22,64.22,0.0,1325.934234,0.0
2019-01-13,19,0,281,12.43,12.43,0.0,229.575052,0.0
2019-01-13,19,0,282,1.24,1.24,0.0,22.902097,0.0
2019-01-13,20,0,9,0.0,0.0,0.0,0.0,0.0
2019-01-13,20,0,17,0.0,0.0,0.0,0.0,0.0
2019-01-13,20,0,19,372.15,372.15,0.0,5744.004008,0.0
2019-01-13,20,0,20,451.34,451.34,0.0,6966.273731,0.0
2019-01-13,20,0,21,0.0,0.0,0.0,0.0,0.0
2019-01-13,20,0,22,0.0,0.0,0.0,0.0,0.0
2019-01-13,20,0,23,48.74,48.74,0.0,786.301218,0.0
2019-01-13,20,0,24,86.23,86.23,0.0,1391.111079,0.0
2019-01-13,20,0,29,0.0,0.0,0.0,0.0,0.0
2019-01-13,20,0,30,0.0,0.0,0.0,0.0,0.0
2019-01-13,20,0,31,24.06,24.06,0.0,388.177975,0.0
2019-01-13,20,0,32,0.0,0.0,0.0,0.0,0.0
2019-01-13,20,0,33,0.0,0.0,0.0,0.0,0.0
2019-01-13,20,0,34,0.0,0.0,0.0,0.0,0.0
2019-01-13,20,0,35,0.0,0.0,0.0,0.0,0.0
2019-01-13,20,0,36,0.0,0.0,0.0,0.0,0.0
2019-01-13,20,0,37,0.0,0.0,0.0,0.0,0.0
2019-01-13,20,0,38,0.0,0.0,0.0,0.0,0.0
2019-01-13,20,0,39,0.0,0.0,0.0,0.0,0.0
2019-01-13,20,0,40,0.0,0.0,0.0,0.0,0.0
2019-01-13,20,0,41,11.91,11.91,0.0,192.486268,0.0
2019-01-13,20,0,42,0.0,0.0,0.0,0.0,0.0
2019-01-13,20,0,43,0.0,0.0,0.0,0.0,0.0
2019-01-13,20,0,46,0.0,0.0,0.0,0.0,0.0
2019-01-13,20,0,52,25.51,25.51,0.0,411.571909,0.0
2019-01-13,20,0,53,40.53,40.53,0.0,653.900803,0.0
2019-01-13,20,0,55,103.03,103.03,0.0,1662.138171,0.0
2019-01-13,20,0,56,0.0,0.0,0.0,0.0,0.0
2019-01-13,20,0,57,0.0,0.0,0.0,0.0,0.0
2019-01-13,20,0,58,0.0,0.0,0.0,0.0,0.0
2019-01-13,20,0,59,0.0,0.0,0.0,0.0,0.0
2019-01-13,20,0,63,45.78,45.78,0.0,1484.533565,0.0
2019-01-13,20,0,64,53.86,53.86,0.0,1746.548226,0.0
2019-01-13,20,0,65,14.28,14.28,0.0,225.855828,0.0
2019-01-13,20,0,67,0.0,0.0,0.0,0.0,0.0
2019-01-13,20,0,68,2.45,2.45,0.0,44.6384,0.0
2019-01-13,20,0,69,0.0,0.0,0.0,0.0,0.0
2019-01-13,20,0,74,15.8,15.8,0.0,261.350551,0.0
2019-01-13,20,0,77,21.74,21.74,0.0,353.624625,0.0
2019-01-13,20,0,78,16.51,16.51,0.0,268.553016,0.0
2019-01-13,20,0,79,9.61,9.61,0.0,156.317049,0.0
2019-01-13,20,0,80,15.46,15.46,0.0,251.473629,0.0
2019-01-13,20,0,81,20.14,20.14,0.0,327.598894,0.0
2019-01-13,20,0,82,14.27,14.27,0.0,232.116992,0.0
2019-01-13,20,0,83,31.39,31.39,0.0,510.592317,0.0
2019-01-13,20,0,84,0.0,0.0,0.0,0.0,0.0
2019-01-13,20,0,86,0.0,0.0,0.0,0.0,0.0
2019-01-13,20,0,87,0.0,0.0,0.0,0.0,0.0
2019-01-13,20,0,88,17.21,17.21,0.0,279.939273,0.0
2019-01-13,20,0,89,16.55,16.55,0.0,269.203659,0.0
2019-01-13,20,0,90,22.2,22.2,0.0,361.107023,0.0
2019-01-13,20,0,91,79.06,79.06,0.0,1285.996452,0.0
2019-01-13,20,0,92,28.47,28.47,0.0,463.095358,0.0
2019-01-13,20,0,95,34.07,34.07,0.0,1113.911837,0.0
2019-01-13,20,0,96,9.43,9.43,0.0,152.152901,0.0
2019-01-13,20,0,97,68.08,68.08,0.0,1098.469724,0.0
2019-01-13,20,0,99,3.05,3.05,0.0,50.450581,0.0
2019-01-13,20,0,101,0.0,0.0,0.0,0.0,0.0
2019-01-13,20,0,102,5.8,5.8,0.0,105.67458,0.0
2019-01-13,20,0,103,5.04,5.04,0.0,91.827566,0.0
2019-01-13,20,0,104,0.94,0.94,0.0,17.12657,0.0
2019-01-13,20,0,106,0.0,0.0,0.0,0.0,0.0
2019-01-13,20,0,109,14.98,14.98,0.0,239.0524,0.0
2019-01-13,20,0,110,15.58,15.58,0.0,431.699728,0.0
2019-01-13,20,0,111,0.0,0.0,0.0,0.0,0.0
2019-01-13,20,0,113,5.38,5.38,0.0,85.111882,0.0
2019-01-13,20,0,115,5.38,5.38,0.0,85.111882,0.0
2019-01-13,20,0,116,0.0,0.0,0.0,0.0,0.0
2019-01-13,20,0,117,0.36,0.36,0.0,5.695219,0.0
2019-01-13,20,0,119,53.86,53.86,0.0,1746.548226,0.0
2019-01-13,20,0,120,31.67,31.67,0.0,1026.980734,0.0
2019-01-13,20,0,123,0.0,0.0,0.0,0.0,0.0
2019-01-13,20,0,125,78.04,78.04,0.0,1258.985372,0.0
2019-01-13,20,0,126,0.0,0.0,0.0,0.0,0.0
2019-01-13,20,0,127,0.0,0.0,0.0,0.0,0.0
2019-01-13,20,0,128,111.77,111.77,0.0,1803.136789,0.0
2019-01-13,20,0,131,9.43,9.43,0.0,165.929625,0.0
2019-01-13,20,0,132,13.86,13.86,0.0,243.879598,0.0
2019-01-13,20,0,133,47.66,47.66,0.0,733.901853,0.0
2019-01-13,20,0,134,0.0,0.0,0.0,0.0,0.0
2019-01-13,20,0,135,63.51,63.51,0.0,977.971185,0.0
2019-01-13,20,0,136,19.45,19.45,0.0,308.033206,0.0
2019-01-13,20,0,139,15.95,15.95,0.0,257.779678,0.0
2019-01-13,20,0,140,11.53,11.53,0.0,319.479966,0.0
2019-01-13,20,0,141,59.52,59.52,0.0,1223.467607,0.0
2019-01-13,20,0,142,0.0,0.0,0.0,0.0,0.0
2019-01-13,20,0,143,33.92,33.92,0.0,547.256729,0.0
2019-01-13,20,0,145,7.37,7.37,0.0,118.43988,0.0
2019-01-13,20,0,146,43.61,43.61,0.0,1208.371319,0.0
2019-01-13,20,0,152,0.0,0.0,0.0,0.0,0.0
2019-01-13,20,0,153,0.0,0.0,0.0,0.0,0.0
2019-01-13,20,0,154,0.0,0.0,0.0,0.0,0.0
2019-01-13,20,0,157,44.34,44.34,0.0,911.434033,0.0
2019-01-13,20,0,158,0.0,0.0,0.0,0.0,0.0
2019-01-13,20,0,159,0.0,0.0,0.0,0.0,0.0
2019-01-13,20,0,160,0.0,0.0,0.0,0.0,0.0
2019-01-13,20,0,161,0.0,0.0,0.0,0.0,0.0
2019-01-13,20,0,162,34.19,34.19,0.0,1117.83133,0.0
2019-01-13,20,0,163,38.8,38.8,0.0,1075.093033,0.0
2019-01-13,20,0,164,0.0,0.0,0.0,0.0,0.0
2019-01-13,20,0,167,0.0,0.0,0.0,0.0,0.0
2019-01-13,20,0,168,0.0,0.0,0.0,0.0,0.0
2019-01-13,20,0,169,0.0,0.0,0.0,0.0,0.0
2019-01-13,20,0,170,0.0,0.0,0.0,0.0,0.0
2019-01-13,20,0,172,0.0,0.0,0.0,0.0,0.0
2019-01-13,20,0,173,0.0,0.0,0.0,0.0,0.0
2019-01-13,20,0,188,0.0,0.0,0.0,0.0,0.0
2019-01-13,20,0,190,0.0,0.0,0.0,0.0,0.0
2019-01-13,20,0,191,0.0,0.0,0.0,0.0,0.0
2019-01-13,20,0,192,37.22,37.22,0.0,1206.953676,0.0
2019-01-13,20,0,194,27.03,27.03,0.0,369.370861,0.0
2019-01-13,20,0,196,0.0,0.0,0.0,0.0,0.0
2019-01-13,20,0,198,0.0,0.0,0.0,0.0,0.0
2019-01-13,20,0,199,23.63,23.63,0.0,286.723209,0.0
2019-01-13,20,0,200,0.0,0.0,0.0,0.0,0.0
2019-01-13,20,0,204,86.82,86.82,0.0,1382.452007,0.0
2019-01-13,20,0,205,79.24,79.24,0.0,1264.520174,0.0
2019-01-13,20,0,206,257.91,257.91,0.0,4161.373772,0.0
2019-01-13,20,0,210,0.0,0.0,0.0,0.0,0.0
2019-01-13,20,0,214,0.0,0.0,0.0,0.0,0.0
2019-01-13,20,0,217,0.0,0.0,0.0,0.0,0.0
2019-01-13,20,0,218,0.0,0.0,0.0,0.0,0.0
2019-01-13,20,0,219,0.0,0.0,0.0,0.0,0.0
2019-01-13,20,0,221,0.0,0.0,0.0,0.0,0.0
2019-01-13,20,0,225,0.0,0.0,0.0,0.0,0.0
2019-01-13,20,0,233,0.0,0.0,0.0,0.0,0.0
2019-01-13,20,0,236,30.53,30.53,0.0,511.182263,0.0
2019-01-13,20,0,237,37.91,37.91,0.0,627.075909,0.0
2019-01-13,20,0,238,0.0,0.0,0.0,0.0,0.0
2019-01-13,20,0,240,0.0,0.0,0.0,0.0,0.0
2019-01-13,20,0,245,74.05,74.05,0.0,1170.024082,0.0
2019-01-13,20,0,247,47.36,47.36,0.0,748.309798,0.0
2019-01-13,20,0,248,3.81,3.81,0.0,63.021873,0.0
2019-01-13,20,0,249,142.36,142.36,0.0,2249.353523,0.0
2019-01-13,20,0,251,106.47,106.47,0.0,1705.396069,0.0
2019-01-13,20,0,252,92.1,92.1,0.0,1456.675193,0.0
2019-01-13,20,0,254,0.0,0.0,0.0,0.0,0.0
2019-01-13,20,0,255,0.0,0.0,0.0,0.0,0.0
2019-01-13,20,0,258,0.0,0.0,0.0,0.0,0.0
2019-01-13,20,0,260,0.0,0.0,0.0,0.0,0.0
2019-01-13,20,0,265,0.0,0.0,0.0,0.0,0.0
2019-01-13,20,0,266,9.72,9.72,0.0,157.092067,0.0
2019-01-13,20,0,267,12.29,12.29,0.0,198.627727,0.0
2019-01-13,20,0,270,121.18,121.18,0.0,3357.726128,0.0
2019-01-13,20,0,272,17.98,17.98,0.0,284.444544,0.0
2019-01-13,20,0,273,0.0,0.0,0.0,0.0,0.0
2019-01-13,20,0,274,156.22,156.22,0.0,4328.634888,0.0
2019-01-13,20,0,275,217.46,217.46,0.0,6025.508532,0.0
2019-01-13,20,0,276,0.0,0.0,0.0,0.0,0.0
2019-01-13,20,0,277,0.0,0.0,0.0,0.0,0.0
2019-01-13,20,0,278,0.0,0.0,0.0,0.0,0.0
2019-01-13,20,0,279,103.17,103.17,0.0,1650.603724,0.0
2019-01-13,20,0,281,10.8,10.8,0.0,174.244478,0.0
2019-01-13,20,0,282,0.0,0.0,0.0,0.0,0.0
2019-01-13,21,0,9,0.0,0.0,0.0,0.0,0.0
2019-01-13,21,0,17,0.0,0.0,0.0,0.0,0.0
2019-01-13,21,0,19,384.14,384.14,0.0,5675.827516,0.0
2019-01-13,21,0,20,465.89,465.89,0.0,6883.717607,0.0
2019-01-13,21,0,21,0.0,0.0,0.0,0.0,0.0
2019-01-13,21,0,22,0.0,0.0,0.0,0.0,0.0
2019-01-13,21,0,23,36.37,36.37,0.0,628.845528,0.0
2019-01-13,21,0,24,64.36,64.36,0.0,1112.79896,0.0
2019-01-13,21,0,29,0.0,0.0,0.0,0.0,0.0
2019-01-13,21,0,30,0.0,0.0,0.0,0.0,0.0
2019-01-13,21,0,31,20.71,20.71,0.0,358.495188,0.0
2019-01-13,21,0,32,0.0,0.0,0.0,0.0,0.0
2019-01-13,21,0,33,0.0,0.0,0.0,0.0,0.0
2019-01-13,21,0,34,0.0,0.0,0.0,0.0,0.0
2019-01-13,21,0,35,0.0,0.0,0.0,0.0,0.0
2019-01-13,21,0,36,0.0,0.0,0.0,0.0,0.0
2019-01-13,21,0,37,0.0,0.0,0.0,0.0,0.0
2019-01-13,21,0,38,0.0,0.0,0.0,0.0,0.0
2019-01-13,21,0,39,0.0,0.0,0.0,0.0,0.0
2019-01-13,21,0,40,0.0,0.0,0.0,0.0,0.0
2019-01-13,21,0,41,21.16,21.16,0.0,344.851876,0.0
2019-01-13,21,0,42,0.0,0.0,0.0,0.0,0.0
2019-01-13,21,0,43,0.0,0.0,0.0,0.0,0.0
2019-01-13,21,0,46,0.0,0.0,0.0,0.0,0.0
2019-01-13,21,0,52,21.95,21.95,0.0,379.959892,0.0
2019-01-13,21,0,53,34.88,34.88,0.0,603.781368,0.0
2019-01-13,21,0,55,83.21,83.21,0.0,1438.719725,0.0
2019-01-13,21,0,56,0.0,0.0,0.0,0.0,0.0
2019-01-13,21,0,57,0.0,0.0,0.0,0.0,0.0
2019-01-13,21,0,58,0.0,0.0,0.0,0.0,0.0
2019-01-13,21,0,59,0.0,0.0,0.0,0.0,0.0
2019-01-13,21,0,63,28.09,28.09,0.0,910.890079,0.0
2019-01-13,21,0,64,33.05,33.05,0.0,1071.730763,0.0
2019-01-13,21,0,65,9.25,9.25,0.0,136.758316,0.0
2019-01-13,21,0,67,0.0,0.0,0.0,0.0,0.0
2019-01-13,21,0,68,1.35,1.35,0.0,28.250339,0.0
2019-01-13,21,0,69,0.0,0.0,0.0,0.0,0.0
2019-01-13,21,0,74,13.92,13.92,0.0,209.987572,0.0
2019-01-13,21,0,77,28.07,28.07,0.0,539.662572,0.0
2019-01-13,21,0,78,21.26,21.26,0.0,408.736241,0.0
2019-01-13,21,0,79,12.34,12.34,0.0,237.243895,0.0
2019-01-13,21,0,80,19.91,19.91,0.0,382.781682,0.0
2019-01-13,21,0,81,25.98,25.98,0.0,499.481069,0.0
2019-01-13,21,0,82,18.37,18.37,0.0,353.174259,0.0
2019-01-13,21,0,83,40.7,40.7,0.0,782.48189,0.0
2019-01-13,21,0,84,0.0,0.0,0.0,0.0,0.0
2019-01-13,21,0,86,0.0,0.0,0.0,0.0,0.0
2019-01-13,21,0,87,0.0,0.0,0.0,0.0,0.0
2019-01-13,21,0,88,20.65,20.65,0.0,397.008625,0.0
2019-01-13,21,0,89,19.85,19.85,0.0,381.628146,0.0
2019-01-13,21,0,90,26.65,26.65,0.0,512.362221,0.0
2019-01-13,21,0,91,95.06,95.06,0.0,1827.585467,0.0
2019-01-13,21,0,92,34.19,34.19,0.0,657.323239,0.0
2019-01-13,21,0,95,23.03,23.03,0.0,758.355081,0.0
2019-01-13,21,0,96,6.58,6.58,0.0,114.039085,0.0
2019-01-13,21,0,97,40.47,40.47,0.0,701.392366,0.0
2019-01-13,21,0,99,2.69,2.69,0.0,40.579495,0.0
2019-01-13,21,0,101,0.0,0.0,0.0,0.0,0.0
2019-01-13,21,0,102,3.21,3.21,0.0,67.173029,0.0
2019-01-13,21,0,103,2.79,2.79,0.0,58.384035,0.0
2019-01-13,21,0,104,0.52,0.52,0.0,10.881612,0.0
2019-01-13,21,0,106,0.0,0.0,0.0,0.0,0.0
2019-01-13,21,0,109,17.14,17.14,0.0,266.00842,0.0
2019-01-13,21,0,110,7.49,7.49,0.0,214.139476,0.0
2019-01-13,21,0,111,0.0,0.0,0.0,0.0,0.0
2019-01-13,21,0,113,7.18,7.18,0.0,138.345368,0.0
2019-01-13,21,0,115,7.18,7.18,0.0,138.345368,0.0
2019-01-13,21,0,116,0.0,0.0,0.0,0.0,0.0
2019-01-13,21,0,117,0.48,0.48,0.0,9.248715,0.0
2019-01-13,21,0,119,33.05,33.05,0.0,1071.730763,0.0
2019-01-13,21,0,120,19.43,19.43,0.0,630.067435,0.0
2019-01-13,21,0,123,0.0,0.0,0.0,0.0,0.0
2019-01-13,21,0,125,58.24,58.24,0.0,1006.982776,0.0
2019-01-13,21,0,126,0.0,0.0,0.0,0.0,0.0
2019-01-13,21,0,127,0.0,0.0,0.0,0.0,0.0
2019-01-13,21,0,128,83.41,83.41,0.0,1442.17777,0.0
2019-01-13,21,0,131,5.53,5.53,0.0,112.93549,0.0
2019-01-13,21,0,132,8.13,8.13,0.0,166.033551,0.0
2019-01-13,21,0,133,42.16,42.16,0.0,622.894636,0.0
2019-01-13,21,0,134,0.0,0.0,0.0,0.0,0.0
2019-01-13,21,0,135,54.81,54.81,0.0,809.792575,0.0
2019-01-13,21,0,136,13.13,13.13,0.0,194.129566,0.0
2019-01-13,21,0,139,27.88,27.88,0.0,454.370052,0.0
2019-01-13,21,0,140,5.54,5.54,0.0,158.388878,0.0
2019-01-13,21,0,141,32.89,32.89,0.0,750.311469,0.0
2019-01-13,21,0,142,0.0,0.0,0.0,0.0,0.0
2019-01-13,21,0,143,25.45,25.45,0.0,440.545752,0.0
2019-01-13,21,0,145,5.38,5.38,0.0,89.558554,0.0
2019-01-13,21,0,146,26.68,26.68,0.0,762.78254,0.0
2019-01-13,21,0,152,0.0,0.0,0.0,0.0,0.0
2019-01-13,21,0,153,0.0,0.0,0.0,0.0,0.0
2019-01-13,21,0,154,0.0,0.0,0.0,0.0,0.0
2019-01-13,21,0,157,34.37,34.37,0.0,784.074344,0.0
2019-01-13,21,0,158,0.0,0.0,0.0,0.0,0.0
2019-01-13,21,0,159,0.0,0.0,0.0,0.0,0.0
2019-01-13,21,0,160,0.0,0.0,0.0,0.0,0.0
2019-01-13,21,0,161,0.0,0.0,0.0,0.0,0.0
2019-01-13,21,0,162,24.55,24.55,0.0,808.271326,0.0
2019-01-13,21,0,163,19.68,19.68,0.0,562.652188,0.0
2019-01-13,21,0,164,0.0,0.0,0.0,0.0,0.0
2019-01-13,21,0,167,0.0,0.0,0.0,0.0,0.0
2019-01-13,21,0,168,0.0,0.0,0.0,0.0,0.0
2019-01-13,21,0,169,0.0,0.0,0.0,0.0,0.0
2019-01-13,21,0,170,0.0,0.0,0.0,0.0,0.0
2019-01-13,21,0,172,0.0,0.0,0.0,0.0,0.0
2019-01-13,21,0,173,0.0,0.0,0.0,0.0,0.0
2019-01-13,21,0,188,0.0,0.0,0.0,0.0,0.0
2019-01-13,21,0,190,0.0,0.0,0.0,0.0,0.0
2019-01-13,21,0,191,0.0,0.0,0.0,0.0,0.0
2019-01-13,21,0,192,21.23,21.23,0.0,688.437038,0.0
2019-01-13,21,0,194,24.69,24.69,0.0,442.039281,0.0
2019-01-13,21,0,196,0.0,0.0,0.0,0.0,0.0
2019-01-13,21,0,198,0.0,0.0,0.0,0.0,0.0
2019-01-13,21,0,199,21.92,21.92,0.0,283.504847,0.0
2019-01-13,21,0,200,0.0,0.0,0.0,0.0,0.0
2019-01-13,21,0,204,132.12,132.12,0.0,2057.920351,0.0
2019-01-13,21,0,205,79.53,79.53,0.0,1234.285275,0.0
2019-01-13,21,0,206,118.91,118.91,0.0,2060.849178,0.0
2019-01-13,21,0,210,0.0,0.0,0.0,0.0,0.0
2019-01-13,21,0,214,0.0,0.0,0.0,0.0,0.0
2019-01-13,21,0,217,0.0,0.0,0.0,0.0,0.0
2019-01-13,21,0,218,0.0,0.0,0.0,0.0,0.0
2019-01-13,21,0,219,0.0,0.0,0.0,0.0,0.0
2019-01-13,21,0,221,0.0,0.0,0.0,0.0,0.0
2019-01-13,21,0,225,0.0,0.0,0.0,0.0,0.0
2019-01-13,21,0,233,0.0,0.0,0.0,0.0,0.0
2019-01-13,21,0,236,28.82,28.82,0.0,429.305833,0.0
2019-01-13,21,0,237,33.4,33.4,0.0,503.84949,0.0
2019-01-13,21,0,238,0.0,0.0,0.0,0.0,0.0
2019-01-13,21,0,240,0.0,0.0,0.0,0.0,0.0
2019-01-13,21,0,245,128.32,128.32,0.0,1891.607445,0.0
2019-01-13,21,0,247,39.22,39.22,0.0,578.154956,0.0
2019-01-13,21,0,248,3.35,3.35,0.0,50.535802,0.0
2019-01-13,21,0,249,246.77,246.77,0.0,3637.717964,0.0
2019-01-13,21,0,251,91.33,91.33,0.0,1351.674921,0.0
2019-01-13,21,0,252,59.67,59.67,0.0,882.20202,0.0
2019-01-13,21,0,254,0.0,0.0,0.0,0.0,0.0
2019-01-13,21,0,255,0.0,0.0,0.0,0.0,0.0
2019-01-13,21,0,258,0.0,0.0,0.0,0.0,0.0
2019-01-13,21,0,260,0.0,0.0,0.0,0.0,0.0
2019-01-13,21,0,265,0.0,0.0,0.0,0.0,0.0
2019-01-13,21,0,266,17.46,17.46,0.0,284.551689,0.0
2019-01-13,21,0,267,21.8,21.8,0.0,355.282178,0.0
2019-01-13,21,0,270,61.45,61.45,0.0,1756.858585,0.0
2019-01-13,21,0,272,23.97,23.97,0.0,461.857725,0.0
2019-01-13,21,0,273,0.0,0.0,0.0,0.0,0.0
2019-01-13,21,0,274,79.22,79.22,0.0,2264.903778,0.0
2019-01-13,21,0,275,110.27,110.27,0.0,3152.624837,0.0
2019-01-13,21,0,276,0.0,0.0,0.0,0.0,0.0
2019-01-13,21,0,277,0.0,0.0,0.0,0.0,0.0
2019-01-13,21,0,278,0.0,0.0,0.0,0.0,0.0
2019-01-13,21,0,279,65.58,65.58,0.0,1262.486808,0.0
2019-01-13,21,0,281,9.3,9.3,0.0,160.985285,0.0
2019-01-13,21,0,282,0.0,0.0,0.0,0.0,0.0
2019-01-13,22,0,9,0.0,0.0,0.0,0.0,0.0
2019-01-13,22,0,17,0.0,0.0,0.0,0.0,0.0
2019-01-13,22,0,19,398.76,398.76,0.0,5888.351386,0.0
2019-01-13,22,0,20,483.62,483.62,0.0,7141.449737,0.0
2019-01-13,22,0,21,0.0,0.0,0.0,0.0,0.0
2019-01-13,22,0,22,0.0,0.0,0.0,0.0,0.0
2019-01-13,22,0,23,27.02,27.02,0.0,498.461919,0.0
2019-01-13,22,0,24,47.81,47.81,0.0,881.993499,0.0
2019-01-13,22,0,29,0.0,0.0,0.0,0.0,0.0
2019-01-13,22,0,30,0.0,0.0,0.0,0.0,0.0
2019-01-13,22,0,31,17.74,17.74,0.0,327.747735,0.0
2019-01-13,22,0,32,0.0,0.0,0.0,0.0,0.0
2019-01-13,22,0,33,0.0,0.0,0.0,0.0,0.0
2019-01-13,22,0,34,0.0,0.0,0.0,0.0,0.0
2019-01-13,22,0,35,0.0,0.0,0.0,0.0,0.0
2019-01-13,22,0,36,0.0,0.0,0.0,0.0,0.0
2019-01-13,22,0,37,0.0,0.0,0.0,0.0,0.0
2019-01-13,22,0,38,0.0,0.0,0.0,0.0,0.0
2019-01-13,22,0,39,0.0,0.0,0.0,0.0,0.0
2019-01-13,22,0,40,0.0,0.0,0.0,0.0,0.0
2019-01-13,22,0,41,21.3,21.3,0.0,363.783909,0.0
2019-01-13,22,0,42,0.0,0.0,0.0,0.0,0.0
2019-01-13,22,0,43,0.0,0.0,0.0,0.0,0.0
2019-01-13,22,0,46,0.0,0.0,0.0,0.0,0.0
2019-01-13,22,0,52,18.8,18.8,0.0,347.331309,0.0
2019-01-13,22,0,53,29.87,29.87,0.0,551.85033,0.0
2019-01-13,22,0,55,126.18,126.18,0.0,2327.754438,0.0
2019-01-13,22,0,56,0.0,0.0,0.0,0.0,0.0
2019-01-13,22,0,57,0.0,0.0,0.0,0.0,0.0
2019-01-13,22,0,58,0.0,0.0,0.0,0.0,0.0
2019-01-13,22,0,59,0.0,0.0,0.0,0.0,0.0
2019-01-13,22,0,63,15.57,15.57,0.0,504.897064,0.0
2019-01-13,22,0,64,18.32,18.32,0.0,594.072846,0.0
2019-01-13,22,0,65,5.55,5.55,0.0,82.054989,0.0
2019-01-13,22,0,67,0.0,0.0,0.0,0.0,0.0
2019-01-13,22,0,68,0.71,0.71,0.0,16.037645,0.0
2019-01-13,22,0,69,0.0,0.0,0.0,0.0,0.0
2019-01-13,22,0,74,12.22,12.22,0.0,187.355085,0.0
2019-01-13,22,0,77,20.47,20.47,0.0,431.327499,0.0
2019-01-13,22,0,78,15.47,15.47,0.0,325.971491,0.0
2019-01-13,22,0,79,8.96,8.96,0.0,188.797967,0.0
2019-01-13,22,0,80,14.48,14.48,0.0,305.111001,0.0
2019-01-13,22,0,81,18.93,18.93,0.0,398.877849,0.0
2019-01-13,22,0,82,13.36,13.36,0.0,281.511255,0.0
2019-01-13,22,0,83,29.78,29.78,0.0,627.500387,0.0
2019-01-13,22,0,84,0.0,0.0,0.0,0.0,0.0
2019-01-13,22,0,86,0.0,0.0,0.0,0.0,0.0
2019-01-13,22,0,87,0.0,0.0,0.0,0.0,0.0
2019-01-13,22,0,88,13.88,13.88,0.0,292.46828,0.0
2019-01-13,22,0,89,13.35,13.35,0.0,281.300543,0.0
2019-01-13,22,0,90,17.92,17.92,0.0,377.595935,0.0
2019-01-13,22,0,91,63.93,63.93,0.0,1347.081926,0.0
2019-01-13,22,0,92,22.99,22.99,0.0,484.426928,0.0
2019-01-13,22,0,95,15.01,15.01,0.0,495.702721,0.0
2019-01-13,22,0,96,4.85,4.85,0.0,89.741867,0.0
2019-01-13,22,0,97,29.85,29.85,0.0,552.328809,0.0
2019-01-13,22,0,99,2.36,2.36,0.0,36.183142,0.0
2019-01-13,22,0,101,0.0,0.0,0.0,0.0,0.0
2019-01-13,22,0,102,1.68,1.68,0.0,37.94823,0.0
2019-01-13,22,0,103,1.46,1.46,0.0,32.978819,0.0
2019-01-13,22,0,104,0.27,0.27,0.0,6.098823,0.0
2019-01-13,22,0,106,0.0,0.0,0.0,0.0,0.0
2019-01-13,22,0,109,28.32,28.32,0.0,454.825609,0.0
2019-01-13,22,0,110,0.0,0.0,0.0,0.0,0.0
2019-01-13,22,0,111,0.0,0.0,0.0,0.0,0.0
2019-01-13,22,0,113,9.44,9.44,0.0,201.275614,0.0
2019-01-13,22,0,115,9.44,9.44,0.0,201.275614,0.0
2019-01-13,22,0,116,0.0,0.0,0.0,0.0,0.0
2019-01-13,22,0,117,0.63,0.63,0.0,13.432589,0.0
2019-01-13,22,0,119,18.32,18.32,0.0,594.072846,0.0
2019-01-13,22,0,120,10.77,10.77,0.0,349.24479,0.0
2019-01-13,22,0,123,0.0,0.0,0.0,0.0,0.0
2019-01-13,22,0,125,43.27,43.27,0.0,798.24009,0.0
2019-01-13,22,0,126,0.0,0.0,0.0,0.0,0.0
2019-01-13,22,0,127,0.0,0.0,0.0,0.0,0.0
2019-01-13,22,0,128,61.97,61.97,0.0,1143.215585,0.0
2019-01-13,22,0,131,3.08,3.08,0.0,68.246874,0.0
2019-01-13,22,0,132,4.53,4.53,0.0,100.376084,0.0
2019-01-13,22,0,133,65.13,65.13,0.0,961.641624,0.0
2019-01-13,22,0,134,0.0,0.0,0.0,0.0,0.0
2019-01-13,22,0,135,87.27,87.27,0.0,1288.537764,0.0
2019-01-13,22,0,136,8.36,8.36,0.0,123.608222,0.0
2019-01-13,22,0,139,27.51,27.51,0.0,469.844851,0.0
2019-01-13,22,0,140,0.0,0.0,0.0,0.0,0.0
2019-01-13,22,0,141,17.29,17.29,0.0,418.398754,0.0
2019-01-13,22,0,142,0.0,0.0,0.0,0.0,0.0
2019-01-13,22,0,143,18.5,18.5,0.0,341.788788,0.0
2019-01-13,22,0,145,9.52,9.52,0.0,167.357751,0.0
2019-01-13,22,0,146,20.41,20.41,0.0,594.568278,0.0
2019-01-13,22,0,152,0.0,0.0,0.0,0.0,0.0
2019-01-13,22,0,153,0.0,0.0,0.0,0.0,0.0
2019-01-13,22,0,154,0.0,0.0,0.0,0.0,0.0
2019-01-13,22,0,157,29.56,29.56,0.0,715.319095,0.0
2019-01-13,22,0,158,0.0,0.0,0.0,0.0,0.0
2019-01-13,22,0,159,0.0,0.0,0.0,0.0,0.0
2019-01-13,22,0,160,0.0,0.0,0.0,0.0,0.0
2019-01-13,22,0,161,0.0,0.0,0.0,0.0,0.0
2019-01-13,22,0,162,10.18,10.18,0.0,336.111886,0.0
2019-01-13,22,0,163,8.45,8.45,0.0,246.158841,0.0
2019-01-13,22,0,164,0.0,0.0,0.0,0.0,0.0
2019-01-13,22,0,167,0.0,0.0,0.0,0.0,0.0
2019-01-13,22,0,168,0.0,0.0,0.0,0.0,0.0
2019-01-13,22,0,169,0.0,0.0,0.0,0.0,0.0
2019-01-13,22,0,170,0.0,0.0,0.0,0.0,0.0
2019-01-13,22,0,172,0.0,0.0,0.0,0.0,0.0
2019-01-13,22,0,173,0.0,0.0,0.0,0.0,0.0
2019-01-13,22,0,188,0.0,0.0,0.0,0.0,0.0
2019-01-13,22,0,190,0.0,0.0,0.0,0.0,0.0
2019-01-13,22,0,191,0.0,0.0,0.0,0.0,0.0
2019-01-13,22,0,192,10.73,10.73,0.0,347.947688,0.0
2019-01-13,22,0,194,22.66,22.66,0.0,461.272871,0.0
2019-01-13,22,0,196,0.0,0.0,0.0,0.0,0.0
2019-01-13,22,0,198,0.0,0.0,0.0,0.0,0.0
2019-01-13,22,0,199,20.54,20.54,0.0,280.183939,0.0
2019-01-13,22,0,200,0.0,0.0,0.0,0.0,0.0
2019-01-13,22,0,204,111.3,111.3,0.0,1797.06849,0.0
2019-01-13,22,0,205,140.88,140.88,0.0,2262.564681,0.0
2019-01-13,22,0,206,87.7,87.7,0.0,1622.754994,0.0
2019-01-13,22,0,210,0.0,0.0,0.0,0.0,0.0
2019-01-13,22,0,214,0.0,0.0,0.0,0.0,0.0
2019-01-13,22,0,217,0.0,0.0,0.0,0.0,0.0
2019-01-13,22,0,218,0.0,0.0,0.0,0.0,0.0
2019-01-13,22,0,219,0.0,0.0,0.0,0.0,0.0
2019-01-13,22,0,221,0.0,0.0,0.0,0.0,0.0
2019-01-13,22,0,225,0.0,0.0,0.0,0.0,0.0
2019-01-13,22,0,233,0.0,0.0,0.0,0.0,0.0
2019-01-13,22,0,236,27.51,27.51,0.0,412.84785,0.0
2019-01-13,22,0,237,29.33,29.33,0.0,449.682867,0.0
2019-01-13,22,0,238,0.0,0.0,0.0,0.0,0.0
2019-01-13,22,0,240,0.0,0.0,0.0,0.0,0.0
2019-01-13,22,0,245,124.85,124.85,0.0,1835.340207,0.0
2019-01-13,22,0,247,32.09,32.09,0.0,471.73462,0.0
2019-01-13,22,0,248,2.94,2.94,0.0,45.07561,0.0
2019-01-13,22,0,249,240.09,240.09,0.0,3529.409935,0.0
2019-01-13,22,0,251,162.78,162.78,0.0,2411.468691,0.0
2019-01-13,22,0,252,35.82,35.82,0.0,529.587336,0.0
2019-01-13,22,0,254,0.0,0.0,0.0,0.0,0.0
2019-01-13,22,0,255,0.0,0.0,0.0,0.0,0.0
2019-01-13,22,0,258,0.0,0.0,0.0,0.0,0.0
2019-01-13,22,0,260,0.0,0.0,0.0,0.0,0.0
2019-01-13,22,0,265,0.0,0.0,0.0,0.0,0.0
2019-01-13,22,0,266,17.81,17.81,0.0,304.178001,0.0
2019-01-13,22,0,267,21.89,21.89,0.0,373.860552,0.0
2019-01-13,22,0,270,26.4,26.4,0.0,769.064309,0.0
2019-01-13,22,0,272,31.57,31.57,0.0,673.121944,0.0
2019-01-13,22,0,273,0.0,0.0,0.0,0.0,0.0
2019-01-13,22,0,274,34.03,34.03,0.0,991.335546,0.0
2019-01-13,22,0,275,47.37,47.37,0.0,1379.946072,0.0
2019-01-13,22,0,276,0.0,0.0,0.0,0.0,0.0
2019-01-13,22,0,277,0.0,0.0,0.0,0.0,0.0
2019-01-13,22,0,278,0.0,0.0,0.0,0.0,0.0
2019-01-13,22,0,279,16.46,16.46,0.0,349.300835,0.0
2019-01-13,22,0,281,7.96,7.96,0.0,147.061554,0.0
2019-01-13,22,0,282,0.0,0.0,0.0,0.0,0.0
2019-01-13,23,0,9,0.0,0.0,0.0,0.0,0.0
2019-01-13,23,0,17,0.0,0.0,0.0,0.0,0.0
2019-01-13,23,0,19,412.21,412.21,0.0,2362.809359,0.0
2019-01-13,23,0,20,499.93,499.93,0.0,2865.625004,0.0
2019-01-13,23,0,21,0.0,0.0,0.0,0.0,0.0
2019-01-13,23,0,22,0.0,0.0,0.0,0.0,0.0
2019-01-13,23,0,23,22.12,22.12,0.0,590.931589,0.0
2019-01-13,23,0,24,39.13,39.13,0.0,1045.350501,0.0
2019-01-13,23,0,29,0.0,0.0,0.0,0.0,0.0
2019-01-13,23,0,30,0.0,0.0,0.0,0.0,0.0
2019-01-13,23,0,31,15.06,15.06,0.0,402.784839,0.0
2019-01-13,23,0,32,0.0,0.0,0.0,0.0,0.0
2019-01-13,23,0,33,0.0,0.0,0.0,0.0,0.0
2019-01-13,23,0,34,0.0,0.0,0.0,0.0,0.0
2019-01-13,23,0,35,0.0,0.0,0.0,0.0,0.0
2019-01-13,23,0,36,0.0,0.0,0.0,0.0,0.0
2019-01-13,23,0,37,0.0,0.0,0.0,0.0,0.0
2019-01-13,23,0,38,0.0,0.0,0.0,0.0,0.0
2019-01-13,23,0,39,0.0,0.0,0.0,0.0,0.0
2019-01-13,23,0,40,0.0,0.0,0.0,0.0,0.0
2019-01-13,23,0,41,19.17,19.17,0.0,484.042224,0.0
2019-01-13,23,0,42,0.0,0.0,0.0,0.0,0.0
2019-01-13,23,0,43,0.0,0.0,0.0,0.0,0.0
2019-01-13,23,0,46,0.0,0.0,0.0,0.0,0.0
2019-01-13,23,0,52,15.97,15.97,0.0,427.123099,0.0
2019-01-13,23,0,53,25.37,25.37,0.0,678.529306,0.0
2019-01-13,23,0,55,169.29,169.29,0.0,4522.550124,0.0
2019-01-13,23,0,56,0.0,0.0,0.0,0.0,0.0
2019-01-13,23,0,57,0.0,0.0,0.0,0.0,0.0
2019-01-13,23,0,58,0.0,0.0,0.0,0.0,0.0
2019-01-13,23,0,59,0.0,0.0,0.0,0.0,0.0
2019-01-13,23,0,63,11.96,11.96,0.0,387.833583,0.0
2019-01-13,23,0,64,14.08,14.08,0.0,456.580004,0.0
2019-01-13,23,0,65,5.72,5.72,0.0,83.301464,0.0
2019-01-13,23,0,67,0.0,0.0,0.0,0.0,0.0
2019-01-13,23,0,68,0.65,0.65,0.0,19.608179,0.0
2019-01-13,23,0,69,0.0,0.0,0.0,0.0,0.0
2019-01-13,23,0,74,12.83,12.83,0.0,303.287411,0.0
2019-01-13,23,0,77,19.05,19.05,0.0,565.351015,0.0
2019-01-13,23,0,78,14.4,14.4,0.0,427.351948,0.0
2019-01-13,23,0,79,8.33,8.33,0.0,247.211231,0.0
2019-01-13,23,0,80,13.48,13.48,0.0,400.048907,0.0
2019-01-13,23,0,81,17.62,17.62,0.0,522.912592,0.0
2019-01-13,23,0,82,12.43,12.43,0.0,368.887828,0.0
2019-01-13,23,0,83,27.71,27.71,0.0,822.355728,0.0
2019-01-13,23,0,84,0.0,0.0,0.0,0.0,0.0
2019-01-13,23,0,86,0.0,0.0,0.0,0.0,0.0
2019-01-13,23,0,87,0.0,0.0,0.0,0.0,0.0
2019-01-13,23,0,88,13.34,13.34,0.0,395.894097,0.0
2019-01-13,23,0,89,12.82,12.82,0.0,380.461943,0.0
2019-01-13,23,0,90,17.22,17.22,0.0,511.041705,0.0
2019-01-13,23,0,91,61.42,61.42,0.0,1822.774769,0.0
2019-01-13,23,0,92,22.09,22.09,0.0,655.56976,0.0
2019-01-13,23,0,95,15.74,15.74,0.0,522.595828,0.0
2019-01-13,23,0,96,4.21,4.21,0.0,112.732221,0.0
2019-01-13,23,0,97,25.91,25.91,0.0,693.79854,0.0
2019-01-13,23,0,99,2.48,2.48,0.0,58.624535,0.0
2019-01-13,23,0,101,0.0,0.0,0.0,0.0,0.0
2019-01-13,23,0,102,1.53,1.53,0.0,46.154636,0.0
2019-01-13,23,0,103,1.33,1.33,0.0,40.12135,0.0
2019-01-13,23,0,104,0.25,0.25,0.0,7.541607,0.0
2019-01-13,23,0,106,0.0,0.0,0.0,0.0,0.0
2019-01-13,23,0,109,36.1,36.1,0.0,865.533235,0.0
2019-01-13,23,0,110,10.22,10.22,0.0,322.779657,0.0
2019-01-13,23,0,111,0.0,0.0,0.0,0.0,0.0
2019-01-13,23,0,113,8.7,8.7,0.0,263.256151,0.0
2019-01-13,23,0,115,8.7,8.7,0.0,263.256151,0.0
2019-01-13,23,0,116,0.0,0.0,0.0,0.0,0.0
2019-01-13,23,0,117,0.58,0.58,0.0,17.55041,0.0
2019-01-13,23,0,119,14.08,14.08,0.0,456.580004,0.0
2019-01-13,23,0,120,8.28,8.28,0.0,268.500173,0.0
2019-01-13,23,0,123,0.0,0.0,0.0,0.0,0.0
2019-01-13,23,0,125,35.41,35.41,0.0,945.971409,0.0
2019-01-13,23,0,126,0.0,0.0,0.0,0.0,0.0
2019-01-13,23,0,127,0.0,0.0,0.0,0.0,0.0
2019-01-13,23,0,128,50.72,50.72,0.0,1354.975145,0.0
2019-01-13,23,0,131,2.53,2.53,0.0,76.085424,0.0
2019-01-13,23,0,132,3.72,3.72,0.0,111.87264,0.0
2019-01-13,23,0,133,67.95,67.95,0.0,1682.759053,0.0
2019-01-13,23,0,134,0.0,0.0,0.0,0.0,0.0
2019-01-13,23,0,135,91.04,91.04,0.0,2254.57519,0.0
2019-01-13,23,0,136,8.7,8.7,0.0,130.917642,0.0
2019-01-13,23,0,139,24.76,24.76,0.0,625.189643,0.0
2019-01-13,23,0,140,7.56,7.56,0.0,238.768513,0.0
2019-01-13,23,0,141,17.6,17.6,0.0,537.067038,0.0
2019-01-13,23,0,142,0.0,0.0,0.0,0.0,0.0
2019-01-13,23,0,143,14.62,14.62,0.0,391.016888,0.0
2019-01-13,23,0,145,3.93,3.93,0.0,101.078331,0.0
2019-01-13,23,0,146,35.13,35.13,0.0,1109.515592,0.0
2019-01-13,23,0,152,0.0,0.0,0.0,0.0,0.0
2019-01-13,23,0,153,0.0,0.0,0.0,0.0,0.0
2019-01-13,23,0,154,0.0,0.0,0.0,0.0,0.0
2019-01-13,23,0,157,34.56,34.56,0.0,1054.604365,0.0
2019-01-13,23,0,158,0.0,0.0,0.0,0.0,0.0
2019-01-13,23,0,159,0.0,0.0,0.0,0.0,0.0
2019-01-13,23,0,160,0.0,0.0,0.0,0.0,0.0
2019-01-13,23,0,161,0.0,0.0,0.0,0.0,0.0
2019-01-13,23,0,162,5.26,5.26,0.0,174.567659,0.0
2019-01-13,23,0,163,8.14,8.14,0.0,257.086733,0.0
2019-01-13,23,0,164,0.0,0.0,0.0,0.0,0.0
2019-01-13,23,0,167,0.0,0.0,0.0,0.0,0.0
2019-01-13,23,0,168,0.0,0.0,0.0,0.0,0.0
2019-01-13,23,0,169,0.0,0.0,0.0,0.0,0.0
2019-01-13,23,0,170,0.0,0.0,0.0,0.0,0.0
2019-01-13,23,0,172,0.0,0.0,0.0,0.0,0.0
2019-01-13,23,0,173,0.0,0.0,0.0,0.0,0.0
2019-01-13,23,0,188,0.0,0.0,0.0,0.0,0.0
2019-01-13,23,0,190,0.0,0.0,0.0,0.0,0.0
2019-01-13,23,0,191,0.0,0.0,0.0,0.0,0.0
2019-01-13,23,0,192,7.16,7.16,0.0,232.181309,0.0
2019-01-13,23,0,194,17.44,17.44,0.0,532.667321,0.0
2019-01-13,23,0,196,0.0,0.0,0.0,0.0,0.0
2019-01-13,23,0,198,0.0,0.0,0.0,0.0,0.0
2019-01-13,23,0,199,13.72,13.72,0.0,227.728513,0.0
2019-01-13,23,0,200,0.0,0.0,0.0,0.0,0.0
2019-01-13,23,0,204,123.2,123.2,0.0,2961.644984,0.0
2019-01-13,23,0,205,190.97,190.97,0.0,4578.694788,0.0
2019-01-13,23,0,206,76.13,76.13,0.0,2038.55202,0.0
2019-01-13,23,0,210,0.0,0.0,0.0,0.0,0.0
2019-01-13,23,0,214,0.0,0.0,0.0,0.0,0.0
2019-01-13,23,0,217,0.0,0.0,0.0,0.0,0.0
2019-01-13,23,0,218,0.0,0.0,0.0,0.0,0.0
2019-01-13,23,0,219,0.0,0.0,0.0,0.0,0.0
2019-01-13,23,0,221,0.0,0.0,0.0,0.0,0.0
2019-01-13,23,0,225,0.0,0.0,0.0,0.0,0.0
2019-01-13,23,0,233,0.0,0.0,0.0,0.0,0.0
2019-01-13,23,0,236,30.47,30.47,0.0,716.942811,0.0
2019-01-13,23,0,237,30.78,30.78,0.0,727.606118,0.0
2019-01-13,23,0,238,0.0,0.0,0.0,0.0,0.0
2019-01-13,23,0,240,0.0,0.0,0.0,0.0,0.0
2019-01-13,23,0,245,129.46,129.46,0.0,2820.570996,0.0
2019-01-13,23,0,247,33.15,33.15,0.0,722.245702,0.0
2019-01-13,23,0,248,3.09,3.09,0.0,73.044279,0.0
2019-01-13,23,0,249,248.96,248.96,0.0,5424.141474,0.0
2019-01-13,23,0,251,70.75,70.75,0.0,1231.061821,0.0
2019-01-13,23,0,252,36.91,36.91,0.0,537.527454,0.0
2019-01-13,23,0,254,0.0,0.0,0.0,0.0,0.0
2019-01-13,23,0,255,0.0,0.0,0.0,0.0,0.0
2019-01-13,23,0,258,0.0,0.0,0.0,0.0,0.0
2019-01-13,23,0,260,0.0,0.0,0.0,0.0,0.0
2019-01-13,23,0,265,0.0,0.0,0.0,0.0,0.0
2019-01-13,23,0,266,16.03,16.03,0.0,404.757269,0.0
2019-01-13,23,0,267,19.7,19.7,0.0,497.424716,0.0
2019-01-13,23,0,270,25.43,25.43,0.0,803.159166,0.0
2019-01-13,23,0,272,29.06,29.06,0.0,879.336062,0.0
2019-01-13,23,0,273,0.0,0.0,0.0,0.0,0.0
2019-01-13,23,0,274,32.78,32.78,0.0,1035.295221,0.0
2019-01-13,23,0,275,45.63,45.63,0.0,1441.138528,0.0
2019-01-13,23,0,276,0.0,0.0,0.0,0.0,0.0
2019-01-13,23,0,277,0.0,0.0,0.0,0.0,0.0
2019-01-13,23,0,278,0.0,0.0,0.0,0.0,0.0
2019-01-13,23,0,279,15.4,15.4,0.0,462.399642,0.0
2019-01-13,23,0,281,6.76,6.76,0.0,180.798507,0.0
2019-01-13,23,0,282,0.0,0.0,0.0,0.0,0.0
2019-01-14,0,0,9,0.0,0.0,0.0,0.0,0.0
2019-01-14,0,0,17,0.0,0.0,0.0,0.0,0.0
2019-01-14,0,0,19,431.1,431.1,0.0,4287.344341,0.0
2019-01-14,0,0,20,522.84,522.84,0.0,5199.710311,0.0
2019-01-14,0,0,21,0.0,0.0,0.0,0.0,0.0
2019-01-14,0,0,22,0.0,0.0,0.0,0.0,0.0
2019-01-14,0,0,23,18.16,18.16,0.0,292.96738,0.0
2019-01-14,0,0,24,32.12,32.12,0.0,518.177988,0.0
2019-01-14,0,0,29,0.0,0.0,0.0,0.0,0.0
2019-01-14,0,0,30,0.0,0.0,0.0,0.0,0.0
2019-01-14,0,0,31,12.65,12.65,0.0,204.038931,0.0
2019-01-14,0,0,32,0.0,0.0,0.0,0.0,0.0
2019-01-14,0,0,33,0.0,0.0,0.0,0.0,0.0
2019-01-14,0,0,34,0.0,0.0,0.0,0.0,0.0
2019-01-14,0,0,35,0.0,0.0,0.0,0.0,0.0
2019-01-14,0,0,36,0.0,0.0,0.0,0.0,0.0
2019-01-14,0,0,37,0.0,0.0,0.0,0.0,0.0
2019-01-14,0,0,38,0.0,0.0,0.0,0.0,0.0
2019-01-14,0,0,39,0.0,0.0,0.0,0.0,0.0
2019-01-14,0,0,40,0.0,0.0,0.0,0.0,0.0
2019-01-14,0,0,41,17.37,17.37,0.0,284.369298,0.0
2019-01-14,0,0,42,0.0,0.0,0.0,0.0,0.0
2019-01-14,0,0,43,0.0,0.0,0.0,0.0,0.0
2019-01-14,0,0,46,0.0,0.0,0.0,0.0,0.0
2019-01-14,0,0,52,13.41,13.41,0.0,216.297397,0.0
2019-01-14,0,0,53,21.3,21.3,0.0,343.559623,0.0
2019-01-14,0,0,55,128.17,128.17,0.0,2067.710855,0.0
2019-01-14,0,0,56,0.0,0.0,0.0,0.0,0.0
2019-01-14,0,0,57,0.0,0.0,0.0,0.0,0.0
2019-01-14,0,0,58,0.0,0.0,0.0,0.0,0.0
2019-01-14,0,0,59,0.0,0.0,0.0,0.0,0.0
2019-01-14,0,0,63,9.92,9.92,0.0,250.187133,0.0
2019-01-14,0,0,64,11.67,11.67,0.0,294.322967,0.0
2019-01-14,0,0,65,6.4,6.4,0.0,88.020039,0.0
2019-01-14,0,0,67,0.0,0.0,0.0,0.0,0.0
2019-01-14,0,0,68,0.61,0.61,0.0,10.351089,0.0
2019-01-14,0,0,69,0.0,0.0,0.0,0.0,0.0
2019-01-14,0,0,74,13.41,13.41,0.0,227.846449,0.0
2019-01-14,0,0,77,18.16,18.16,0.0,288.046589,0.0
2019-01-14,0,0,78,13.73,13.73,0.0,217.779717,0.0
2019-01-14,0,0,79,7.94,7.94,0.0,125.941075,0.0
2019-01-14,0,0,80,12.85,12.85,0.0,203.821513,0.0
2019-01-14,0,0,81,16.8,16.8,0.0,266.474818,0.0
2019-01-14,0,0,82,11.85,11.85,0.0,187.959916,0.0
2019-01-14,0,0,83,26.42,26.42,0.0,419.063375,0.0
2019-01-14,0,0,84,0.0,0.0,0.0,0.0,0.0
2019-01-14,0,0,86,0.0,0.0,0.0,0.0,0.0
2019-01-14,0,0,87,0.0,0.0,0.0,0.0,0.0
2019-01-14,0,0,88,13.31,13.31,0.0,211.117847,0.0
2019-01-14,0,0,89,12.79,12.79,0.0,202.869817,0.0
2019-01-14,0,0,90,17.18,17.18,0.0,272.502225,0.0
2019-01-14,0,0,91,61.28,61.28,0.0,971.998622,0.0
2019-01-14,0,0,92,22.04,22.04,0.0,349.589583,0.0
2019-01-14,0,0,95,9.18,9.18,0.0,233.297706,0.0
2019-01-14,0,0,96,3.66,3.66,0.0,59.022694,0.0
2019-01-14,0,0,97,22.52,22.52,0.0,363.166957,0.0
2019-01-14,0,0,99,2.59,2.59,0.0,44.006137,0.0
2019-01-14,0,0,101,0.0,0.0,0.0,0.0,0.0
2019-01-14,0,0,102,1.45,1.45,0.0,24.605047,0.0
2019-01-14,0,0,103,1.26,1.26,0.0,21.380937,0.0
2019-01-14,0,0,104,0.23,0.23,0.0,3.902869,0.0
2019-01-14,0,0,106,0.0,0.0,0.0,0.0,0.0
2019-01-14,0,0,109,39.52,39.52,0.0,645.279164,0.0
2019-01-14,0,0,110,18.77,18.77,0.0,421.593496,0.0
2019-01-14,0,0,111,0.0,0.0,0.0,0.0,0.0
2019-01-14,0,0,113,8.38,8.38,0.0,130.113821,0.0
2019-01-14,0,0,115,8.38,8.38,0.0,130.113821,0.0
2019-01-14,0,0,116,0.0,0.0,0.0,0.0,0.0
2019-01-14,0,0,117,0.56,0.56,0.0,8.694957,0.0
2019-01-14,0,0,119,11.67,11.67,0.0,294.322967,0.0
2019-01-14,0,0,120,6.86,6.86,0.0,173.012473,0.0
2019-01-14,0,0,123,0.0,0.0,0.0,0.0,0.0
2019-01-14,0,0,125,29.07,29.07,0.0,468.973664,0.0
2019-01-14,0,0,126,0.0,0.0,0.0,0.0,0.0
2019-01-14,0,0,127,0.0,0.0,0.0,0.0,0.0
2019-01-14,0,0,128,41.63,41.63,0.0,671.598681,0.0
2019-01-14,0,0,131,2.09,2.09,0.0,34.710584,0.0
2019-01-14,0,0,132,3.08,3.08,0.0,51.152439,0.0
2019-01-14,0,0,133,71.54,71.54,0.0,1302.692676,0.0
2019-01-14,0,0,134,0.0,0.0,0.0,0.0,0.0
2019-01-14,0,0,135,95.87,95.87,0.0,1745.724725,0.0
2019-01-14,0,0,136,9.89,9.89,0.0,138.085988,0.0
2019-01-14,0,0,139,22.43,22.43,0.0,367.208023,0.0
2019-01-14,0,0,140,13.89,13.89,0.0,311.983679,0.0
2019-01-14,0,0,141,18.6,18.6,0.0,340.769532,0.0
2019-01-14,0,0,142,0.0,0.0,0.0,0.0,0.0
2019-01-14,0,0,143,28.67,28.67,0.0,462.434479,0.0
2019-01-14,0,0,145,4.01,4.01,0.0,64.980816,0.0
2019-01-14,0,0,146,59.79,59.79,0.0,1342.944864,0.0
2019-01-14,0,0,152,0.0,0.0,0.0,0.0,0.0
2019-01-14,0,0,153,0.0,0.0,0.0,0.0,0.0
2019-01-14,0,0,154,0.0,0.0,0.0,0.0,0.0
2019-01-14,0,0,157,41.92,41.92,0.0,768.013913,0.0
2019-01-14,0,0,158,0.0,0.0,0.0,0.0,0.0
2019-01-14,0,0,159,0.0,0.0,0.0,0.0,0.0
2019-01-14,0,0,160,0.0,0.0,0.0,0.0,0.0
2019-01-14,0,0,161,0.0,0.0,0.0,0.0,0.0
2019-01-14,0,0,162,5.43,5.43,0.0,137.992026,0.0
2019-01-14,0,0,163,9.28,9.28,0.0,208.43834,0.0
2019-01-14,0,0,164,0.0,0.0,0.0,0.0,0.0
2019-01-14,0,0,167,0.0,0.0,0.0,0.0,0.0
2019-01-14,0,0,168,0.0,0.0,0.0,0.0,0.0
2019-01-14,0,0,169,0.0,0.0,0.0,0.0,0.0
2019-01-14,0,0,170,0.0,0.0,0.0,0.0,0.0
2019-01-14,0,0,172,0.0,0.0,0.0,0.0,0.0
2019-01-14,0,0,173,0.0,0.0,0.0,0.0,0.0
2019-01-14,0,0,188,0.0,0.0,0.0,0.0,0.0
2019-01-14,0,0,190,0.0,0.0,0.0,0.0,0.0
2019-01-14,0,0,191,0.0,0.0,0.0,0.0,0.0
2019-01-14,0,0,192,0.0,0.0,0.0,0.0,0.0
2019-01-14,0,0,194,13.91,13.91,0.0,197.632231,0.0
2019-01-14,0,0,196,0.0,0.0,0.0,0.0,0.0
2019-01-14,0,0,198,0.0,0.0,0.0,0.0,0.0
2019-01-14,0,0,199,5.09,5.09,0.0,58.142063,0.0
2019-01-14,0,0,200,0.0,0.0,0.0,0.0,0.0
2019-01-14,0,0,204,136.13,136.13,0.0,2216.027902,0.0
2019-01-14,0,0,205,209.05,209.05,0.0,3413.350438,0.0
2019-01-14,0,0,206,66.16,66.16,0.0,1066.923883,0.0
2019-01-14,0,0,210,0.0,0.0,0.0,0.0,0.0
2019-01-14,0,0,214,0.0,0.0,0.0,0.0,0.0
2019-01-14,0,0,217,0.0,0.0,0.0,0.0,0.0
2019-01-14,0,0,218,0.0,0.0,0.0,0.0,0.0
2019-01-14,0,0,219,0.0,0.0,0.0,0.0,0.0
2019-01-14,0,0,221,0.0,0.0,0.0,0.0,0.0
2019-01-14,0,0,225,0.0,0.0,0.0,0.0,0.0
2019-01-14,0,0,233,0.0,0.0,0.0,0.0,0.0
2019-01-14,0,0,236,33.64,33.64,0.0,582.649118,0.0
2019-01-14,0,0,237,32.17,32.17,0.0,546.593607,0.0
2019-01-14,0,0,238,0.0,0.0,0.0,0.0,0.0
2019-01-14,0,0,240,0.0,0.0,0.0,0.0,0.0
2019-01-14,0,0,245,85.26,85.26,0.0,1450.105419,0.0
2019-01-14,0,0,247,34.94,34.94,0.0,594.260888,0.0
2019-01-14,0,0,248,3.23,3.23,0.0,54.880241,0.0
2019-01-14,0,0,249,159.73,159.73,0.0,2716.694095,0.0
2019-01-14,0,0,251,68.13,68.13,0.0,1018.054268,0.0
2019-01-14,0,0,252,41.27,41.27,0.0,567.591719,0.0
2019-01-14,0,0,254,0.0,0.0,0.0,0.0,0.0
2019-01-14,0,0,255,0.0,0.0,0.0,0.0,0.0
2019-01-14,0,0,258,0.0,0.0,0.0,0.0,0.0
2019-01-14,0,0,260,0.0,0.0,0.0,0.0,0.0
2019-01-14,0,0,265,0.0,0.0,0.0,0.0,0.0
2019-01-14,0,0,266,14.52,14.52,0.0,237.711123,0.0
2019-01-14,0,0,267,17.85,17.85,0.0,292.227517,0.0
2019-01-14,0,0,270,28.98,28.98,0.0,650.920592,0.0
2019-01-14,0,0,272,28.01,28.01,0.0,434.903119,0.0
2019-01-14,0,0,273,0.0,0.0,0.0,0.0,0.0
2019-01-14,0,0,274,37.35,37.35,0.0,838.919396,0.0
2019-01-14,0,0,275,52.0,52.0,0.0,1167.973456,0.0
2019-01-14,0,0,276,0.0,0.0,0.0,0.0,0.0
2019-01-14,0,0,277,0.0,0.0,0.0,0.0,0.0
2019-01-14,0,0,278,0.0,0.0,0.0,0.0,0.0
2019-01-14,0,0,279,14.97,14.97,0.0,234.444732,0.0
2019-01-14,0,0,281,5.68,5.68,0.0,91.6159,0.0
2019-01-14,0,0,282,0.0,0.0,0.0,0.0,0.0
2019-01-14,1,0,9,0.0,0.0,0.0,0.0,0.0
2019-01-14,1,0,17,0.0,0.0,0.0,0.0,0.0
2019-01-14,1,0,19,456.2,456.2,0.0,2614.962349,0.0
2019-01-14,1,0,20,553.28,553.28,0.0,3171.430005,0.0
2019-01-14,1,0,21,0.0,0.0,0.0,0.0,0.0
2019-01-14,1,0,22,0.0,0.0,0.0,0.0,0.0
2019-01-14,1,0,23,14.88,14.88,0.0,274.504565,0.0
2019-01-14,1,0,24,26.32,26.32,0.0,485.548398,0.0
2019-01-14,1,0,29,0.0,0.0,0.0,0.0,0.0
2019-01-14,1,0,30,0.0,0.0,0.0,0.0,0.0
2019-01-14,1,0,31,23.79,23.79,0.0,439.713817,0.0
2019-01-14,1,0,32,0.0,0.0,0.0,0.0,0.0
2019-01-14,1,0,33,0.0,0.0,0.0,0.0,0.0
2019-01-14,1,0,34,0.0,0.0,0.0,0.0,0.0
2019-01-14,1,0,35,0.0,0.0,0.0,0.0,0.0
2019-01-14,1,0,36,0.0,0.0,0.0,0.0,0.0
2019-01-14,1,0,37,0.0,0.0,0.0,0.0,0.0
2019-01-14,1,0,38,0.0,0.0,0.0,0.0,0.0
2019-01-14,1,0,39,0.0,0.0,0.0,0.0,0.0
2019-01-14,1,0,40,0.0,0.0,0.0,0.0,0.0
2019-01-14,1,0,41,15.84,15.84,0.0,263.67285,0.0
2019-01-14,1,0,42,0.0,0.0,0.0,0.0,0.0
2019-01-14,1,0,43,0.0,0.0,0.0,0.0,0.0
2019-01-14,1,0,46,0.0,0.0,0.0,0.0,0.0
2019-01-14,1,0,52,25.33,25.33,0.0,468.177847,0.0
2019-01-14,1,0,53,41.4,41.4,0.0,765.20185,0.0
2019-01-14,1,0,55,79.63,79.63,0.0,1469.005278,0.0
2019-01-14,1,0,56,0.0,0.0,0.0,0.0,0.0
2019-01-14,1,0,57,0.0,0.0,0.0,0.0,0.0
2019-01-14,1,0,58,0.0,0.0,0.0,0.0,0.0
2019-01-14,1,0,59,0.0,0.0,0.0,0.0,0.0
2019-01-14,1,0,63,9.26,9.26,0.0,311.859016,0.0
2019-01-14,1,0,64,10.9,10.9,0.0,367.091067,0.0
2019-01-14,1,0,65,7.58,7.58,0.0,65.391038,0.0
2019-01-14,1,0,67,0.0,0.0,0.0,0.0,0.0
2019-01-14,1,0,68,0.59,0.59,0.0,11.70512,0.0
2019-01-14,1,0,69,0.0,0.0,0.0,0.0,0.0
2019-01-14,1,0,74,13.98,13.98,0.0,199.785491,0.0
2019-01-14,1,0,77,17.83,17.83,0.0,389.476253,0.0
2019-01-14,1,0,78,13.48,13.48,0.0,294.455406,0.0
2019-01-14,1,0,79,7.8,7.8,0.0,170.382208,0.0
2019-01-14,1,0,80,12.62,12.62,0.0,275.669675,0.0
2019-01-14,1,0,81,16.5,16.5,0.0,360.423902,0.0
2019-01-14,1,0,82,11.64,11.64,0.0,254.26268,0.0
2019-01-14,1,0,83,25.95,25.95,0.0,566.8485,0.0
2019-01-14,1,0,84,0.0,0.0,0.0,0.0,0.0
2019-01-14,1,0,86,0.0,0.0,0.0,0.0,0.0
2019-01-14,1,0,87,0.0,0.0,0.0,0.0,0.0
2019-01-14,1,0,88,13.79,13.79,0.0,301.227007,0.0
2019-01-14,1,0,89,13.26,13.26,0.0,289.649754,0.0
2019-01-14,1,0,90,17.8,17.8,0.0,388.820937,0.0
2019-01-14,1,0,91,63.49,63.49,0.0,1386.867487,0.0
2019-01-14,1,0,92,22.84,22.84,0.0,498.914056,0.0
2019-01-14,1,0,95,12.66,12.66,0.0,418.107823,0.0
2019-01-14,1,0,96,3.2,3.2,0.0,59.263921,0.0
2019-01-14,1,0,97,19.7,19.7,0.0,364.843511,0.0
2019-01-14,1,0,99,2.7,2.7,0.0,38.585181,0.0
2019-01-14,1,0,101,0.0,0.0,0.0,0.0,0.0
2019-01-14,1,0,102,1.4,1.4,0.0,27.774862,0.0
2019-01-14,1,0,103,1.22,1.22,0.0,24.203808,0.0
2019-01-14,1,0,104,0.23,0.23,0.0,4.563013,0.0
2019-01-14,1,0,106,0.0,0.0,0.0,0.0,0.0
2019-01-14,1,0,109,43.07,43.07,0.0,662.033743,0.0
2019-01-14,1,0,110,31.88,31.88,0.0,285.179601,0.0
2019-01-14,1,0,111,0.0,0.0,0.0,0.0,0.0
2019-01-14,1,0,113,4.85,4.85,0.0,112.22136,0.0
2019-01-14,1,0,115,4.85,4.85,0.0,112.22136,0.0
2019-01-14,1,0,116,0.0,0.0,0.0,0.0,0.0
2019-01-14,1,0,117,0.33,0.33,0.0,7.63568,0.0
2019-01-14,1,0,119,10.9,10.9,0.0,367.091067,0.0
2019-01-14,1,0,120,6.41,6.41,0.0,215.87649,0.0
2019-01-14,1,0,123,0.0,0.0,0.0,0.0,0.0
2019-01-14,1,0,125,23.82,23.82,0.0,439.428679,0.0
2019-01-14,1,0,126,0.0,0.0,0.0,0.0,0.0
2019-01-14,1,0,127,0.0,0.0,0.0,0.0,0.0
2019-01-14,1,0,128,34.12,34.12,0.0,629.44192,0.0
2019-01-14,1,0,131,1.74,1.74,0.0,35.766357,0.0
2019-01-14,1,0,132,2.56,2.56,0.0,52.621767,0.0
2019-01-14,1,0,133,75.5,75.5,0.0,753.845078,0.0
2019-01-14,1,0,134,0.0,0.0,0.0,0.0,0.0
2019-01-14,1,0,135,101.16,101.16,0.0,1010.052558,0.0
2019-01-14,1,0,136,12.04,12.04,0.0,105.77984,0.0
2019-01-14,1,0,139,20.45,20.45,0.0,340.410972,0.0
2019-01-14,1,0,140,23.6,23.6,0.0,211.111624,0.0
2019-01-14,1,0,141,20.31,20.31,0.0,348.46926,0.0
2019-01-14,1,0,142,0.0,0.0,0.0,0.0,0.0
2019-01-14,1,0,143,28.73,28.73,0.0,531.020511,0.0
2019-01-14,1,0,145,4.11,4.11,0.0,71.223167,0.0
2019-01-14,1,0,146,97.26,97.26,0.0,870.030363,0.0
2019-01-14,1,0,152,0.0,0.0,0.0,0.0,0.0
2019-01-14,1,0,153,0.0,0.0,0.0,0.0,0.0
2019-01-14,1,0,154,0.0,0.0,0.0,0.0,0.0
2019-01-14,1,0,157,52.14,52.14,0.0,894.593166,0.0
2019-01-14,1,0,158,0.0,0.0,0.0,0.0,0.0
2019-01-14,1,0,159,0.0,0.0,0.0,0.0,0.0
2019-01-14,1,0,160,0.0,0.0,0.0,0.0,0.0
2019-01-14,1,0,161,0.0,0.0,0.0,0.0,0.0
2019-01-14,1,0,162,5.59,5.59,0.0,184.619586,0.0
2019-01-14,1,0,163,12.28,12.28,0.0,109.849608,0.0
2019-01-14,1,0,164,0.0,0.0,0.0,0.0,0.0
2019-01-14,1,0,167,0.0,0.0,0.0,0.0,0.0
2019-01-14,1,0,168,0.0,0.0,0.0,0.0,0.0
2019-01-14,1,0,169,0.0,0.0,0.0,0.0,0.0
2019-01-14,1,0,170,0.0,0.0,0.0,0.0,0.0
2019-01-14,1,0,172,0.0,0.0,0.0,0.0,0.0
2019-01-14,1,0,173,0.0,0.0,0.0,0.0,0.0
2019-01-14,1,0,188,0.0,0.0,0.0,0.0,0.0
2019-01-14,1,0,190,0.0,0.0,0.0,0.0,0.0
2019-01-14,1,0,191,0.0,0.0,0.0,0.0,0.0
2019-01-14,1,0,192,7.54,7.54,0.0,253.932719,0.0
2019-01-14,1,0,194,11.75,11.75,0.0,309.522896,0.0
2019-01-14,1,0,196,0.0,0.0,0.0,0.0,0.0
2019-01-14,1,0,198,0.0,0.0,0.0,0.0,0.0
2019-01-14,1,0,199,11.47,11.47,0.0,141.256362,0.0
2019-01-14,1,0,200,0.0,0.0,0.0,0.0,0.0
2019-01-14,1,0,204,150.2,150.2,0.0,2327.752681,0.0
2019-01-14,1,0,205,227.86,227.86,0.0,3502.46131,0.0
2019-01-14,1,0,206,57.9,57.9,0.0,1072.306564,0.0
2019-01-14,1,0,210,0.0,0.0,0.0,0.0,0.0
2019-01-14,1,0,214,0.0,0.0,0.0,0.0,0.0
2019-01-14,1,0,217,0.0,0.0,0.0,0.0,0.0
2019-01-14,1,0,218,0.0,0.0,0.0,0.0,0.0
2019-01-14,1,0,219,0.0,0.0,0.0,0.0,0.0
2019-01-14,1,0,221,0.0,0.0,0.0,0.0,0.0
2019-01-14,1,0,225,0.0,0.0,0.0,0.0,0.0
2019-01-14,1,0,233,0.0,0.0,0.0,0.0,0.0
2019-01-14,1,0,236,37.2,37.2,0.0,507.054299,0.0
2019-01-14,1,0,237,33.54,33.54,0.0,479.313689,0.0
2019-01-14,1,0,238,0.0,0.0,0.0,0.0,0.0
2019-01-14,1,0,240,0.0,0.0,0.0,0.0,0.0
2019-01-14,1,0,245,42.64,42.64,0.0,421.099777,0.0
2019-01-14,1,0,247,37.34,37.34,0.0,368.758576,0.0
2019-01-14,1,0,248,3.37,3.37,0.0,48.160022,0.0
2019-01-14,1,0,249,82.01,82.01,0.0,809.90602,0.0
2019-01-14,1,0,251,71.68,71.68,0.0,704.300725,0.0
2019-01-14,1,0,252,48.91,48.91,0.0,421.936103,0.0
2019-01-14,1,0,254,0.0,0.0,0.0,0.0,0.0
2019-01-14,1,0,255,0.0,0.0,0.0,0.0,0.0
2019-01-14,1,0,258,0.0,0.0,0.0,0.0,0.0
2019-01-14,1,0,260,0.0,0.0,0.0,0.0,0.0
2019-01-14,1,0,265,0.0,0.0,0.0,0.0,0.0
2019-01-14,1,0,266,13.24,13.24,0.0,220.393216,0.0
2019-01-14,1,0,267,16.27,16.27,0.0,270.830636,0.0
2019-01-14,1,0,270,38.35,38.35,0.0,343.056389,0.0
2019-01-14,1,0,272,16.16,16.16,0.0,373.916942,0.0
2019-01-14,1,0,273,0.0,0.0,0.0,0.0,0.0
2019-01-14,1,0,274,49.43,49.43,0.0,442.171508,0.0
2019-01-14,1,0,275,68.81,68.81,0.0,615.533511,0.0
2019-01-14,1,0,276,0.0,0.0,0.0,0.0,0.0
2019-01-14,1,0,277,0.0,0.0,0.0,0.0,0.0
2019-01-14,1,0,278,0.0,0.0,0.0,0.0,0.0
2019-01-14,1,0,279,15.23,15.23,0.0,344.493735,0.0
2019-01-14,1,0,281,9.82,9.82,0.0,181.5044,0.0
2019-01-14,1,0,282,0.0,0.0,0.0,0.0,0.0
2019-01-14,2,0,9,0.0,0.0,0.0,0.0,0.0
2019-01-14,2,0,17,0.0,0.0,0.0,0.0,0.0
2019-01-14,2,0,19,544.42,544.42,0.0,5354.871536,0.0
2019-01-14,2,0,20,660.27,660.27,0.0,6494.362862,0.0
2019-01-14,2,0,21,0.0,0.0,0.0,0.0,0.0
2019-01-14,2,0,22,0.0,0.0,0.0,0.0,0.0
2019-01-14,2,0,23,13.93,13.93,0.0,260.46467,0.0
2019-01-14,2,0,24,24.65,24.65,0.0,460.908408,0.0
2019-01-14,2,0,29,0.0,0.0,0.0,0.0,0.0
2019-01-14,2,0,30,0.0,0.0,0.0,0.0,0.0
2019-01-14,2,0,31,10.36,10.36,0.0,194.082803,0.0
2019-01-14,2,0,32,0.0,0.0,0.0,0.0,0.0
2019-01-14,2,0,33,0.0,0.0,0.0,0.0,0.0
2019-01-14,2,0,34,0.0,0.0,0.0,0.0,0.0
2019-01-14,2,0,35,0.0,0.0,0.0,0.0,0.0
2019-01-14,2,0,36,0.0,0.0,0.0,0.0,0.0
2019-01-14,2,0,37,0.0,0.0,0.0,0.0,0.0
2019-01-14,2,0,38,0.0,0.0,0.0,0.0,0.0
2019-01-14,2,0,39,0.0,0.0,0.0,0.0,0.0
2019-01-14,2,0,40,0.0,0.0,0.0,0.0,0.0
2019-01-14,2,0,41,19.2,19.2,0.0,324.011301,0.0
2019-01-14,2,0,42,0.0,0.0,0.0,0.0,0.0
2019-01-14,2,0,43,0.0,0.0,0.0,0.0,0.0
2019-01-14,2,0,46,0.0,0.0,0.0,0.0,0.0
2019-01-14,2,0,52,10.99,10.99,0.0,205.885136,0.0
2019-01-14,2,0,53,17.45,17.45,0.0,326.905879,0.0
2019-01-14,2,0,55,102.9,102.9,0.0,1924.035503,0.0
2019-01-14,2,0,56,0.0,0.0,0.0,0.0,0.0
2019-01-14,2,0,57,0.0,0.0,0.0,0.0,0.0
2019-01-14,2,0,58,0.0,0.0,0.0,0.0,0.0
2019-01-14,2,0,59,0.0,0.0,0.0,0.0,0.0
2019-01-14,2,0,63,6.2,6.2,0.0,153.510196,0.0
2019-01-14,2,0,64,7.3,7.3,0.0,180.745876,0.0
2019-01-14,2,0,65,11.01,11.01,0.0,118.509218,0.0
2019-01-14,2,0,67,0.0,0.0,0.0,0.0,0.0
2019-01-14,2,0,68,0.45,0.45,0.0,10.193687,0.0
2019-01-14,2,0,69,0.0,0.0,0.0,0.0,0.0
2019-01-14,2,0,74,16.94,16.94,0.0,245.872349,0.0
2019-01-14,2,0,77,14.45,14.45,0.0,319.974973,0.0
2019-01-14,2,0,78,10.93,10.93,0.0,242.029513,0.0
2019-01-14,2,0,79,6.32,6.32,0.0,139.947532,0.0
2019-01-14,2,0,80,10.23,10.23,0.0,226.528995,0.0
2019-01-14,2,0,81,13.37,13.37,0.0,296.059889,0.0
2019-01-14,2,0,82,9.43,9.43,0.0,208.814117,0.0
2019-01-14,2,0,83,21.03,21.03,0.0,465.67984,0.0
2019-01-14,2,0,84,0.0,0.0,0.0,0.0,0.0
2019-01-14,2,0,86,0.0,0.0,0.0,0.0,0.0
2019-01-14,2,0,87,0.0,0.0,0.0,0.0,0.0
2019-01-14,2,0,88,11.17,11.17,0.0,247.343976,0.0
2019-01-14,2,0,89,10.74,10.74,0.0,237.822229,0.0
2019-01-14,2,0,90,14.42,14.42,0.0,319.310665,0.0
2019-01-14,2,0,91,51.45,51.45,0.0,1139.288053,0.0
2019-01-14,2,0,92,18.5,18.5,0.0,409.65654,0.0
2019-01-14,2,0,95,4.51,4.51,0.0,114.615757,0.0
2019-01-14,2,0,96,2.95,2.95,0.0,55.375114,0.0
2019-01-14,2,0,97,18.16,18.16,0.0,340.885447,0.0
2019-01-14,2,0,99,3.27,3.27,0.0,47.461782,0.0
2019-01-14,2,0,101,0.0,0.0,0.0,0.0,0.0
2019-01-14,2,0,102,1.07,1.07,0.0,24.238324,0.0
2019-01-14,2,0,103,0.93,0.93,0.0,21.066954,0.0
2019-01-14,2,0,104,0.17,0.17,0.0,3.850949,0.0
2019-01-14,2,0,106,0.0,0.0,0.0,0.0,0.0
2019-01-14,2,0,109,33.89,33.89,0.0,527.782966,0.0
2019-01-14,2,0,110,36.06,36.06,0.0,865.73019,0.0
2019-01-14,2,0,111,0.0,0.0,0.0,0.0,0.0
2019-01-14,2,0,113,4.3,4.3,0.0,98.191227,0.0
2019-01-14,2,0,115,4.3,4.3,0.0,98.191227,0.0
2019-01-14,2,0,116,0.0,0.0,0.0,0.0,0.0
2019-01-14,2,0,117,0.23,0.23,0.0,5.252089,0.0
2019-01-14,2,0,119,7.3,7.3,0.0,180.745876,0.0
2019-01-14,2,0,120,4.29,4.29,0.0,106.219152,0.0
2019-01-14,2,0,123,0.0,0.0,0.0,0.0,0.0
2019-01-14,2,0,125,22.31,22.31,0.0,417.154831,0.0
2019-01-14,2,0,126,0.0,0.0,0.0,0.0,0.0
2019-01-14,2,0,127,0.0,0.0,0.0,0.0,0.0
2019-01-14,2,0,128,31.95,31.95,0.0,597.404609,0.0
2019-01-14,2,0,131,1.37,1.37,0.0,30.912036,0.0
2019-01-14,2,0,132,2.02,2.02,0.0,45.578331,0.0
2019-01-14,2,0,133,86.51,86.51,0.0,843.342856,0.0
2019-01-14,2,0,134,0.0,0.0,0.0,0.0,0.0
2019-01-14,2,0,135,115.92,115.92,0.0,1130.046282,0.0
2019-01-14,2,0,136,17.26,17.26,0.0,186.662026,0.0
2019-01-14,2,0,139,24.79,24.79,0.0,418.345841,0.0
2019-01-14,2,0,140,26.69,26.69,0.0,640.774786,0.0
2019-01-14,2,0,141,17.97,17.97,0.0,413.063682,0.0
2019-01-14,2,0,142,0.0,0.0,0.0,0.0,0.0
2019-01-14,2,0,143,16.39,16.39,0.0,307.047986,0.0
2019-01-14,2,0,145,3.34,3.34,0.0,58.657549,0.0
2019-01-14,2,0,146,101.06,101.06,0.0,2426.253273,0.0
2019-01-14,2,0,152,0.0,0.0,0.0,0.0,0.0
2019-01-14,2,0,153,0.0,0.0,0.0,0.0,0.0
2019-01-14,2,0,154,0.0,0.0,0.0,0.0,0.0
2019-01-14,2,0,157,50.95,50.95,0.0,1171.15162,0.0
2019-01-14,2,0,158,0.0,0.0,0.0,0.0,0.0
2019-01-14,2,0,159,0.0,0.0,0.0,0.0,0.0
2019-01-14,2,0,160,0.0,0.0,0.0,0.0,0.0
2019-01-14,2,0,161,0.0,0.0,0.0,0.0,0.0
2019-01-14,2,0,162,4.37,4.37,0.0,111.006505,0.0
2019-01-14,2,0,163,9.22,9.22,0.0,221.354197,0.0
2019-01-14,2,0,164,0.0,0.0,0.0,0.0,0.0
2019-01-14,2,0,167,0.0,0.0,0.0,0.0,0.0
2019-01-14,2,0,168,0.0,0.0,0.0,0.0,0.0
2019-01-14,2,0,169,0.0,0.0,0.0,0.0,0.0
2019-01-14,2,0,170,0.0,0.0,0.0,0.0,0.0
2019-01-14,2,0,172,0.0,0.0,0.0,0.0,0.0
2019-01-14,2,0,173,0.0,0.0,0.0,0.0,0.0
2019-01-14,2,0,188,0.0,0.0,0.0,0.0,0.0
2019-01-14,2,0,190,0.0,0.0,0.0,0.0,0.0
2019-01-14,2,0,191,0.0,0.0,0.0,0.0,0.0
2019-01-14,2,0,192,0.0,0.0,0.0,0.0,0.0
2019-01-14,2,0,194,9.66,9.66,0.0,224.421652,0.0
2019-01-14,2,0,196,0.0,0.0,0.0,0.0,0.0
2019-01-14,2,0,198,0.0,0.0,0.0,0.0,0.0
2019-01-14,2,0,199,3.75,3.75,0.0,51.597017,0.0
2019-01-14,2,0,200,0.0,0.0,0.0,0.0,0.0
2019-01-14,2,0,204,120.6,120.6,0.0,1893.386129,0.0
2019-01-14,2,0,205,166.38,166.38,0.0,2591.104453,0.0
2019-01-14,2,0,206,53.36,53.36,0.0,1001.632569,0.0
2019-01-14,2,0,210,0.0,0.0,0.0,0.0,0.0
2019-01-14,2,0,214,0.0,0.0,0.0,0.0,0.0
2019-01-14,2,0,217,0.0,0.0,0.0,0.0,0.0
2019-01-14,2,0,218,0.0,0.0,0.0,0.0,0.0
2019-01-14,2,0,219,0.0,0.0,0.0,0.0,0.0
2019-01-14,2,0,221,0.0,0.0,0.0,0.0,0.0
2019-01-14,2,0,225,0.0,0.0,0.0,0.0,0.0
2019-01-14,2,0,233,0.0,0.0,0.0,0.0,0.0
2019-01-14,2,0,236,42.18,42.18,0.0,584.231708,0.0
2019-01-14,2,0,237,40.64,40.64,0.0,589.861409,0.0
2019-01-14,2,0,238,0.0,0.0,0.0,0.0,0.0
2019-01-14,2,0,240,0.0,0.0,0.0,0.0,0.0
2019-01-14,2,0,245,49.1,49.1,0.0,508.491999,0.0
2019-01-14,2,0,247,50.47,50.47,0.0,522.680065,0.0
2019-01-14,2,0,248,4.08,4.08,0.0,59.21837,0.0
2019-01-14,2,0,249,94.42,94.42,0.0,977.837364,0.0
2019-01-14,2,0,251,88.74,88.74,0.0,1006.505323,0.0
2019-01-14,2,0,252,71.05,71.05,0.0,764.766568,0.0
2019-01-14,2,0,254,0.0,0.0,0.0,0.0,0.0
2019-01-14,2,0,255,0.0,0.0,0.0,0.0,0.0
2019-01-14,2,0,258,0.0,0.0,0.0,0.0,0.0
2019-01-14,2,0,260,0.0,0.0,0.0,0.0,0.0
2019-01-14,2,0,265,0.0,0.0,0.0,0.0,0.0
2019-01-14,2,0,266,16.05,16.05,0.0,270.853197,0.0
2019-01-14,2,0,267,19.73,19.73,0.0,332.955363,0.0
2019-01-14,2,0,270,28.8,28.8,0.0,691.431766,0.0
2019-01-14,2,0,272,18.54,18.54,0.0,423.364036,0.0
2019-01-14,2,0,273,0.0,0.0,0.0,0.0,0.0
2019-01-14,2,0,274,37.13,37.13,0.0,891.418801,0.0
2019-01-14,2,0,275,51.69,51.69,0.0,1240.975971,0.0
2019-01-14,2,0,276,0.0,0.0,0.0,0.0,0.0
2019-01-14,2,0,277,0.0,0.0,0.0,0.0,0.0
2019-01-14,2,0,278,0.0,0.0,0.0,0.0,0.0
2019-01-14,2,0,279,12.61,12.61,0.0,284.455203,0.0
2019-01-14,2,0,281,4.65,4.65,0.0,87.112455,0.0
2019-01-14,2,0,282,0.0,0.0,0.0,0.0,0.0
2019-01-14,3,0,9,0.0,0.0,0.0,0.0,0.0
2019-01-14,3,0,17,0.0,0.0,0.0,-0.0,0.0
2019-01-14,3,0,19,643.3,643.3,0.0,-337.904454,0.0
2019-01-14,3,0,20,780.2,780.2,0.0,-409.813547,0.0
2019-01-14,3,0,21,0.0,0.0,0.0,0.0,0.0
2019-01-14,3,0,22,0.0,0.0,0.0,0.0,0.0
2019-01-14,3,0,23,13.11,13.11,0.0,227.324766,0.0
2019-01-14,3,0,24,23.2,23.2,0.0,402.283339,0.0
2019-01-14,3,0,29,0.0,0.0,0.0,0.0,0.0
2019-01-14,3,0,30,0.0,0.0,0.0,0.0,0.0
2019-01-14,3,0,31,10.17,10.17,0.0,176.616288,0.0
2019-01-14,3,0,32,0.0,0.0,0.0,0.0,0.0
2019-01-14,3,0,33,0.0,0.0,0.0,0.0,0.0
2019-01-14,3,0,34,0.0,0.0,0.0,0.0,0.0
2019-01-14,3,0,35,0.0,0.0,0.0,0.0,0.0
2019-01-14,3,0,36,0.0,0.0,0.0,0.0,0.0
2019-01-14,3,0,37,0.0,0.0,0.0,0.0,0.0
2019-01-14,3,0,38,0.0,0.0,0.0,0.0,0.0
2019-01-14,3,0,39,0.0,0.0,0.0,0.0,0.0
2019-01-14,3,0,40,0.0,0.0,0.0,0.0,0.0
2019-01-14,3,0,41,23.02,23.02,0.0,368.186978,0.0
2019-01-14,3,0,42,0.0,0.0,0.0,0.0,0.0
2019-01-14,3,0,43,0.0,0.0,0.0,0.0,0.0
2019-01-14,3,0,46,0.0,0.0,0.0,0.0,0.0
2019-01-14,3,0,52,10.78,10.78,0.0,187.209792,0.0
2019-01-14,3,0,53,17.12,17.12,0.0,297.312768,0.0
2019-01-14,3,0,55,112.47,112.47,0.0,1950.207204,0.0
2019-01-14,3,0,56,0.0,0.0,0.0,0.0,0.0
2019-01-14,3,0,57,0.0,0.0,0.0,0.0,0.0
2019-01-14,3,0,58,0.0,0.0,0.0,0.0,0.0
2019-01-14,3,0,59,0.0,0.0,0.0,0.0,0.0
2019-01-14,3,0,63,3.98,3.98,0.0,87.226978,0.0
2019-01-14,3,0,64,4.68,4.68,0.0,102.568406,0.0
2019-01-14,3,0,65,15.34,15.34,0.0,84.074232,0.0
2019-01-14,3,0,67,0.0,0.0,0.0,0.0,0.0
2019-01-14,3,0,68,0.34,0.34,0.0,6.899012,0.0
2019-01-14,3,0,69,0.0,0.0,0.0,0.0,0.0
2019-01-14,3,0,74,20.37,20.37,0.0,291.337724,0.0
2019-01-14,3,0,77,11.78,11.78,0.0,234.489204,0.0
2019-01-14,3,0,78,8.91,8.91,0.0,177.359831,0.0
2019-01-14,3,0,79,5.16,5.16,0.0,102.713437,0.0
2019-01-14,3,0,80,8.34,8.34,0.0,166.013579,0.0
2019-01-14,3,0,81,10.9,10.9,0.0,216.972184,0.0
2019-01-14,3,0,82,7.69,7.69,0.0,153.074871,0.0
2019-01-14,3,0,83,17.14,17.14,0.0,341.183782,0.0
2019-01-14,3,0,84,0.0,0.0,0.0,0.0,0.0
2019-01-14,3,0,86,0.0,0.0,0.0,0.0,0.0
2019-01-14,3,0,87,0.0,0.0,0.0,0.0,0.0
2019-01-14,3,0,88,9.22,9.22,0.0,183.530599,0.0
2019-01-14,3,0,89,8.87,8.87,0.0,176.563603,0.0
2019-01-14,3,0,90,11.9,11.9,0.0,236.877889,0.0
2019-01-14,3,0,91,42.47,42.47,0.0,845.395288,0.0
2019-01-14,3,0,92,15.27,15.27,0.0,303.960114,0.0
2019-01-14,3,0,95,3.97,3.97,0.0,89.046054,0.0
2019-01-14,3,0,96,2.75,2.75,0.0,47.834052,0.0
2019-01-14,3,0,97,16.89,16.89,0.0,293.788048,0.0
2019-01-14,3,0,99,3.93,3.93,0.0,56.208014,0.0
2019-01-14,3,0,101,0.0,0.0,0.0,0.0,0.0
2019-01-14,3,0,102,0.82,0.82,0.0,16.638793,0.0
2019-01-14,3,0,103,0.71,0.71,0.0,14.40676,0.0
2019-01-14,3,0,104,0.13,0.13,0.0,2.637857,0.0
2019-01-14,3,0,106,0.0,0.0,0.0,0.0,0.0
2019-01-14,3,0,109,28.06,28.06,0.0,421.071268,0.0
2019-01-14,3,0,110,41.21,41.21,0.0,879.087119,0.0
2019-01-14,3,0,111,0.0,0.0,0.0,0.0,0.0
2019-01-14,3,0,113,2.92,2.92,0.0,59.623983,0.0
2019-01-14,3,0,115,2.92,2.92,0.0,59.623983,0.0
2019-01-14,3,0,116,0.0,0.0,0.0,0.0,0.0
2019-01-14,3,0,117,0.15,0.15,0.0,3.062876,0.0
2019-01-14,3,0,119,4.68,4.68,0.0,102.568406,0.0
2019-01-14,3,0,120,2.75,2.75,0.0,60.269897,0.0
2019-01-14,3,0,123,0.0,0.0,0.0,0.0,0.0
2019-01-14,3,0,125,21.0,21.0,0.0,364.135781,0.0
2019-01-14,3,0,126,0.0,0.0,0.0,0.0,0.0
2019-01-14,3,0,127,0.0,0.0,0.0,0.0,0.0
2019-01-14,3,0,128,30.07,30.07,0.0,521.407759,0.0
2019-01-14,3,0,131,1.08,1.08,0.0,21.840617,0.0
2019-01-14,3,0,132,1.59,1.59,0.0,32.154242,0.0
2019-01-14,3,0,133,55.8,55.8,0.0,566.057374,0.0
2019-01-14,3,0,134,0.0,0.0,0.0,0.0,0.0
2019-01-14,3,0,135,74.68,74.68,0.0,757.583596,0.0
2019-01-14,3,0,136,23.77,23.77,0.0,138.114057,0.0
2019-01-14,3,0,139,29.73,29.73,0.0,475.508203,0.0
2019-01-14,3,0,140,30.5,30.5,0.0,650.622595,0.0
2019-01-14,3,0,141,15.96,15.96,0.0,327.936332,0.0
2019-01-14,3,0,142,0.0,0.0,0.0,0.0,0.0
2019-01-14,3,0,143,8.75,8.75,0.0,151.956,0.0
2019-01-14,3,0,145,2.72,2.72,0.0,44.857473,0.0
2019-01-14,3,0,146,106.38,106.38,0.0,2269.286283,0.0
2019-01-14,3,0,152,0.0,0.0,0.0,0.0,0.0
2019-01-14,3,0,153,0.0,0.0,0.0,0.0,0.0
2019-01-14,3,0,154,0.0,0.0,0.0,0.0,0.0
2019-01-14,3,0,157,50.67,50.67,0.0,1041.136213,0.0
2019-01-14,3,0,158,0.0,0.0,0.0,0.0,0.0
2019-01-14,3,0,159,0.0,0.0,0.0,0.0,0.0
2019-01-14,3,0,160,0.0,0.0,0.0,0.0,0.0
2019-01-14,3,0,161,0.0,0.0,0.0,0.0,0.0
2019-01-14,3,0,162,3.32,3.32,0.0,74.436069,0.0
2019-01-14,3,0,163,7.02,7.02,0.0,149.749856,0.0
2019-01-14,3,0,164,0.0,0.0,0.0,0.0,0.0
2019-01-14,3,0,167,0.0,0.0,0.0,0.0,0.0
2019-01-14,3,0,168,0.0,0.0,0.0,0.0,0.0
2019-01-14,3,0,169,0.0,0.0,0.0,0.0,0.0
2019-01-14,3,0,170,0.0,0.0,0.0,0.0,0.0
2019-01-14,3,0,172,0.0,0.0,0.0,0.0,0.0
2019-01-14,3,0,173,0.0,0.0,0.0,0.0,0.0
2019-01-14,3,0,188,0.0,0.0,0.0,0.0,0.0
2019-01-14,3,0,190,0.0,0.0,0.0,0.0,0.0
2019-01-14,3,0,191,0.0,0.0,0.0,0.0,0.0
2019-01-14,3,0,192,0.0,0.0,0.0,0.0,0.0
2019-01-14,3,0,194,7.93,7.93,0.0,164.210905,0.0
2019-01-14,3,0,196,0.0,0.0,0.0,0.0,0.0
2019-01-14,3,0,198,0.0,0.0,0.0,0.0,0.0
2019-01-14,3,0,199,2.99,2.99,0.0,38.663789,0.0
2019-01-14,3,0,200,0.0,0.0,0.0,0.0,0.0
2019-01-14,3,0,204,97.49,97.49,0.0,1471.740813,0.0
2019-01-14,3,0,205,148.43,148.43,0.0,2227.355964,0.0
2019-01-14,3,0,206,49.64,49.64,0.0,863.448119,0.0
2019-01-14,3,0,210,0.0,0.0,0.0,0.0,0.0
2019-01-14,3,0,214,0.0,0.0,0.0,0.0,0.0
2019-01-14,3,0,217,0.0,0.0,0.0,0.0,0.0
2019-01-14,3,0,218,0.0,0.0,0.0,0.0,0.0
2019-01-14,3,0,219,0.0,0.0,0.0,0.0,0.0
2019-01-14,3,0,221,0.0,0.0,0.0,0.0,0.0
2019-01-14,3,0,225,0.0,0.0,0.0,0.0,0.0
2019-01-14,3,0,233,0.0,0.0,0.0,0.0,0.0
2019-01-14,3,0,236,47.63,47.63,0.0,656.994179,0.0
2019-01-14,3,0,237,48.87,48.87,0.0,698.953096,0.0
2019-01-14,3,0,238,0.0,0.0,0.0,0.0,0.0
2019-01-14,3,0,240,0.0,0.0,0.0,0.0,0.0
2019-01-14,3,0,245,56.37,56.37,0.0,517.598213,0.0
2019-01-14,3,0,247,66.22,66.22,0.0,608.042463,0.0
2019-01-14,3,0,248,4.91,4.91,0.0,70.224262,0.0
2019-01-14,3,0,249,108.4,108.4,0.0,995.345863,0.0
2019-01-14,3,0,251,112.12,112.12,0.0,863.4666,0.0
2019-01-14,3,0,252,98.96,98.96,0.0,542.37197,0.0
2019-01-14,3,0,254,0.0,0.0,0.0,0.0,0.0
2019-01-14,3,0,255,0.0,0.0,0.0,0.0,0.0
2019-01-14,3,0,258,0.0,0.0,0.0,0.0,0.0
2019-01-14,3,0,260,0.0,0.0,0.0,0.0,0.0
2019-01-14,3,0,265,0.0,0.0,0.0,0.0,0.0
2019-01-14,3,0,266,19.25,19.25,0.0,307.888763,0.0
2019-01-14,3,0,267,23.65,23.65,0.0,378.263337,0.0
2019-01-14,3,0,270,21.94,21.94,0.0,468.02163,0.0
2019-01-14,3,0,272,11.91,11.91,0.0,243.192342,0.0
2019-01-14,3,0,273,0.0,0.0,0.0,0.0,0.0
2019-01-14,3,0,274,28.28,28.28,0.0,603.265803,0.0
2019-01-14,3,0,275,39.36,39.36,0.0,839.623126,0.0
2019-01-14,3,0,276,0.0,0.0,0.0,0.0,0.0
2019-01-14,3,0,277,0.0,0.0,0.0,0.0,0.0
2019-01-14,3,0,278,0.0,0.0,0.0,0.0,0.0
2019-01-14,3,0,279,10.46,10.46,0.0,211.431274,0.0
2019-01-14,3,0,281,4.56,4.56,0.0,79.190784,0.0
2019-01-14,3,0,282,0.0,0.0,0.0,0.0,0.0
2019-01-14,4,0,9,0.0,0.0,0.0,0.0,0.0
2019-01-14,4,0,17,0.0,0.0,0.0,-0.0,0.0
2019-01-14,4,0,19,643.3,643.3,0.0,-1029.560096,0.0
2019-01-14,4,0,20,780.2,780.2,0.0,-1248.659702,0.0
2019-01-14,4,0,21,0.0,0.0,0.0,0.0,0.0
2019-01-14,4,0,22,0.0,0.0,0.0,0.0,0.0
2019-01-14,4,0,23,11.21,11.21,0.0,241.382578,0.0
2019-01-14,4,0,24,18.52,18.52,0.0,398.787274,0.0
2019-01-14,4,0,29,0.0,0.0,0.0,0.0,0.0
2019-01-14,4,0,30,0.0,0.0,0.0,0.0,0.0
2019-01-14,4,0,31,9.95,9.95,0.0,214.424634,0.0
2019-01-14,4,0,32,0.0,0.0,0.0,0.0,0.0
2019-01-14,4,0,33,0.0,0.0,0.0,0.0,0.0
2019-01-14,4,0,34,0.0,0.0,0.0,0.0,0.0
2019-01-14,4,0,35,0.0,0.0,0.0,0.0,0.0
2019-01-14,4,0,36,0.0,0.0,0.0,0.0,0.0
2019-01-14,4,0,37,0.0,0.0,0.0,0.0,0.0
2019-01-14,4,0,38,0.0,0.0,0.0,0.0,0.0
2019-01-14,4,0,39,0.0,0.0,0.0,0.0,0.0
2019-01-14,4,0,40,0.0,0.0,0.0,0.0,0.0
2019-01-14,4,0,41,27.18,27.18,0.0,566.027332,0.0
2019-01-14,4,0,42,0.0,0.0,0.0,0.0,0.0
2019-01-14,4,0,43,0.0,0.0,0.0,0.0,0.0
2019-01-14,4,0,46,0.0,0.0,0.0,0.0,0.0
2019-01-14,4,0,52,10.54,10.54,0.0,227.13926,0.0
2019-01-14,4,0,53,16.75,16.75,0.0,360.966092,0.0
2019-01-14,4,0,55,122.67,122.67,0.0,2641.42737,0.0
2019-01-14,4,0,56,0.0,0.0,0.0,0.0,0.0
2019-01-14,4,0,57,0.0,0.0,0.0,0.0,0.0
2019-01-14,4,0,58,0.0,0.0,0.0,0.0,0.0
2019-01-14,4,0,59,0.0,0.0,0.0,0.0,0.0
2019-01-14,4,0,63,0.0,0.0,0.0,0.0,0.0
2019-01-14,4,0,64,0.0,0.0,0.0,0.0,0.0
2019-01-14,4,0,65,20.74,20.74,0.0,130.118297,0.0
2019-01-14,4,0,67,0.0,0.0,0.0,0.0,0.0
2019-01-14,4,0,68,0.26,0.26,0.0,6.121379,0.0
2019-01-14,4,0,69,0.0,0.0,0.0,0.0,0.0
2019-01-14,4,0,74,24.28,24.28,0.0,502.617436,0.0
2019-01-14,4,0,77,9.73,9.73,0.0,226.236259,0.0
2019-01-14,4,0,78,7.36,7.36,0.0,171.130407,0.0
2019-01-14,4,0,79,4.26,4.26,0.0,99.051024,0.0
2019-01-14,4,0,80,6.88,6.88,0.0,159.969729,0.0
2019-01-14,4,0,81,9.0,9.0,0.0,209.262726,0.0
2019-01-14,4,0,82,6.35,6.35,0.0,147.646479,0.0
2019-01-14,4,0,83,14.16,14.16,0.0,329.240023,0.0
2019-01-14,4,0,84,0.0,0.0,0.0,0.0,0.0
2019-01-14,4,0,86,0.0,0.0,0.0,0.0,0.0
2019-01-14,4,0,87,0.0,0.0,0.0,0.0,0.0
2019-01-14,4,0,88,7.66,7.66,0.0,178.105832,0.0
2019-01-14,4,0,89,7.37,7.37,0.0,171.362922,0.0
2019-01-14,4,0,90,9.89,9.89,0.0,229.956485,0.0
2019-01-14,4,0,91,35.29,35.29,0.0,820.542402,0.0
2019-01-14,4,0,92,12.69,12.69,0.0,295.060444,0.0
2019-01-14,4,0,95,8.12,8.12,0.0,206.359191,0.0
2019-01-14,4,0,96,2.58,2.58,0.0,55.646535,0.0
2019-01-14,4,0,97,15.9,15.9,0.0,342.937949,0.0
2019-01-14,4,0,99,4.69,4.69,0.0,97.087141,0.0
2019-01-14,4,0,101,0.0,0.0,0.0,0.0,0.0
2019-01-14,4,0,102,0.62,0.62,0.0,14.597134,0.0
2019-01-14,4,0,103,0.54,0.54,0.0,12.713633,0.0
2019-01-14,4,0,104,0.1,0.1,0.0,2.354377,0.0
2019-01-14,4,0,106,0.0,0.0,0.0,0.0,0.0
2019-01-14,4,0,109,22.96,22.96,0.0,456.04269,0.0
2019-01-14,4,0,110,48.35,48.35,0.0,1180.084511,0.0
2019-01-14,4,0,111,0.0,0.0,0.0,0.0,0.0
2019-01-14,4,0,113,1.34,1.34,0.0,31.606816,0.0
2019-01-14,4,0,115,1.34,1.34,0.0,31.606816,0.0
2019-01-14,4,0,116,0.0,0.0,0.0,0.0,0.0
2019-01-14,4,0,117,0.09,0.09,0.0,2.122846,0.0
2019-01-14,4,0,119,0.0,0.0,0.0,0.0,0.0
2019-01-14,4,0,120,0.0,0.0,0.0,0.0,0.0
2019-01-14,4,0,123,0.0,0.0,0.0,0.0,0.0
2019-01-14,4,0,125,16.99,16.99,0.0,365.842105,0.0
2019-01-14,4,0,126,0.0,0.0,0.0,0.0,0.0
2019-01-14,4,0,127,0.0,0.0,0.0,0.0,0.0
2019-01-14,4,0,128,23.08,23.08,0.0,496.976797,0.0
2019-01-14,4,0,131,0.86,0.86,0.0,20.198824,0.0
2019-01-14,4,0,132,1.26,1.26,0.0,29.593626,0.0
2019-01-14,4,0,133,89.52,89.52,0.0,721.964676,0.0
2019-01-14,4,0,134,0.0,0.0,0.0,0.0,0.0
2019-01-14,4,0,135,123.49,123.49,0.0,995.927366,0.0
2019-01-14,4,0,136,31.68,31.68,0.0,212.448095,0.0
2019-01-14,4,0,139,35.1,35.1,0.0,730.962449,0.0
2019-01-14,4,0,140,35.78,35.78,0.0,873.286945,0.0
2019-01-14,4,0,141,14.2,14.2,0.0,337.339376,0.0
2019-01-14,4,0,142,0.0,0.0,0.0,0.0,0.0
2019-01-14,4,0,143,8.9,8.9,0.0,191.796908,0.0
2019-01-14,4,0,145,2.24,2.24,0.0,46.882802,0.0
2019-01-14,4,0,146,112.98,112.98,0.0,2757.517023,0.0
2019-01-14,4,0,152,0.0,0.0,0.0,0.0,0.0
2019-01-14,4,0,153,0.0,0.0,0.0,0.0,0.0
2019-01-14,4,0,154,0.0,0.0,0.0,0.0,0.0
2019-01-14,4,0,157,51.79,51.79,0.0,1230.338469,0.0
2019-01-14,4,0,158,0.0,0.0,0.0,0.0,0.0
2019-01-14,4,0,159,0.0,0.0,0.0,0.0,0.0
2019-01-14,4,0,160,0.0,0.0,0.0,0.0,0.0
2019-01-14,4,0,161,0.0,0.0,0.0,0.0,0.0
2019-01-14,4,0,162,2.45,2.45,0.0,62.242077,0.0
2019-01-14,4,0,163,5.56,5.56,0.0,135.703617,0.0
2019-01-14,4,0,164,0.0,0.0,0.0,0.0,0.0
2019-01-14,4,0,167,0.0,0.0,0.0,0.0,0.0
2019-01-14,4,0,168,0.0,0.0,0.0,0.0,0.0
2019-01-14,4,0,169,0.0,0.0,0.0,0.0,0.0
2019-01-14,4,0,170,0.0,0.0,0.0,0.0,0.0
2019-01-14,4,0,172,0.0,0.0,0.0,0.0,0.0
2019-01-14,4,0,173,0.0,0.0,0.0,0.0,0.0
2019-01-14,4,0,188,0.0,0.0,0.0,0.0,0.0
2019-01-14,4,0,190,0.0,0.0,0.0,0.0,0.0
2019-01-14,4,0,191,0.0,0.0,0.0,0.0,0.0
2019-01-14,4,0,192,0.0,0.0,0.0,0.0,0.0
2019-01-14,4,0,194,6.49,6.49,0.0,154.087185,0.0
2019-01-14,4,0,196,0.0,0.0,0.0,0.0,0.0
2019-01-14,4,0,198,0.0,0.0,0.0,0.0,0.0
2019-01-14,4,0,199,2.32,2.32,0.0,34.101418,0.0
2019-01-14,4,0,200,0.0,0.0,0.0,0.0,0.0
2019-01-14,4,0,204,79.23,79.23,0.0,1572.916045,0.0
2019-01-14,4,0,205,121.48,121.48,0.0,2412.894859,0.0
2019-01-14,4,0,206,46.71,46.71,0.0,1007.461108,0.0
2019-01-14,4,0,210,0.0,0.0,0.0,0.0,0.0
2019-01-14,4,0,214,0.0,0.0,0.0,0.0,0.0
2019-01-14,4,0,217,0.0,0.0,0.0,0.0,0.0
2019-01-14,4,0,218,0.0,0.0,0.0,0.0,0.0
2019-01-14,4,0,219,0.0,0.0,0.0,0.0,0.0
2019-01-14,4,0,221,0.0,0.0,0.0,0.0,0.0
2019-01-14,4,0,225,0.0,0.0,0.0,0.0,0.0
2019-01-14,4,0,233,0.0,0.0,0.0,0.0,0.0
2019-01-14,4,0,236,53.69,53.69,0.0,1098.429084,0.0
2019-01-14,4,0,237,58.25,58.25,0.0,1205.826426,0.0
2019-01-14,4,0,238,0.0,0.0,0.0,0.0,0.0
2019-01-14,4,0,240,0.0,0.0,0.0,0.0,0.0
2019-01-14,4,0,245,64.56,64.56,0.0,596.018173,0.0
2019-01-14,4,0,247,85.13,85.13,0.0,785.920493,0.0
2019-01-14,4,0,248,5.85,5.85,0.0,121.100165,0.0
2019-01-14,4,0,249,124.15,124.15,0.0,1146.153286,0.0
2019-01-14,4,0,251,141.92,141.92,0.0,1368.159953,0.0
2019-01-14,4,0,252,133.8,133.8,0.0,839.432405,0.0
2019-01-14,4,0,254,0.0,0.0,0.0,0.0,0.0
2019-01-14,4,0,255,0.0,0.0,0.0,0.0,0.0
2019-01-14,4,0,258,0.0,0.0,0.0,0.0,0.0
2019-01-14,4,0,260,0.0,0.0,0.0,0.0,0.0
2019-01-14,4,0,265,0.0,0.0,0.0,0.0,0.0
2019-01-14,4,0,266,22.73,22.73,0.0,473.355455,0.0
2019-01-14,4,0,267,27.93,27.93,0.0,581.646188,0.0
2019-01-14,4,0,270,17.37,17.37,0.0,423.951767,0.0
2019-01-14,4,0,272,4.49,4.49,0.0,105.906419,0.0
2019-01-14,4,0,273,0.0,0.0,0.0,0.0,0.0
2019-01-14,4,0,274,22.39,22.39,0.0,546.475537,0.0
2019-01-14,4,0,275,31.17,31.17,0.0,760.770097,0.0
2019-01-14,4,0,276,0.0,0.0,0.0,0.0,0.0
2019-01-14,4,0,277,0.0,0.0,0.0,0.0,0.0
2019-01-14,4,0,278,0.0,0.0,0.0,0.0,0.0
2019-01-14,4,0,279,8.63,8.63,0.0,202.395623,0.0
2019-01-14,4,0,281,4.46,4.46,0.0,96.113956,0.0
2019-01-14,4,0,282,0.0,0.0,0.0,0.0,0.0
2019-01-14,5,0,9,0.0,0.0,0.0,0.0,0.0
2019-01-14,5,0,17,0.0,0.0,0.0,-0.0,0.0
2019-01-14,5,0,19,643.3,643.3,0.0,-176.848443,0.0
2019-01-14,5,0,20,780.2,780.2,0.0,-214.483376,0.0
2019-01-14,5,0,21,0.0,0.0,0.0,0.0,0.0
2019-01-14,5,0,22,0.0,0.0,0.0,0.0,0.0
2019-01-14,5,0,23,9.09,9.09,0.0,167.691297,0.0
2019-01-14,5,0,24,16.09,16.09,0.0,296.826509,0.0
2019-01-14,5,0,29,0.0,0.0,0.0,0.0,0.0
2019-01-14,5,0,30,0.0,0.0,0.0,0.0,0.0
2019-01-14,5,0,31,8.31,8.31,0.0,153.678731,0.0
2019-01-14,5,0,32,0.0,0.0,0.0,0.0,0.0
2019-01-14,5,0,33,0.0,0.0,0.0,0.0,0.0
2019-01-14,5,0,34,0.0,0.0,0.0,0.0,0.0
2019-01-14,5,0,35,0.0,0.0,0.0,0.0,0.0
2019-01-14,5,0,36,0.0,0.0,0.0,0.0,0.0
2019-01-14,5,0,37,0.0,0.0,0.0,0.0,0.0
2019-01-14,5,0,38,0.0,0.0,0.0,0.0,0.0
2019-01-14,5,0,39,0.0,0.0,0.0,0.0,0.0
2019-01-14,5,0,40,0.0,0.0,0.0,0.0,0.0
2019-01-14,5,0,41,20.6,20.6,0.0,331.432565,0.0
2019-01-14,5,0,42,0.0,0.0,0.0,0.0,0.0
2019-01-14,5,0,43,0.0,0.0,0.0,0.0,0.0
2019-01-14,5,0,46,0.0,0.0,0.0,0.0,0.0
2019-01-14,5,0,52,8.81,8.81,0.0,162.925345,0.0
2019-01-14,5,0,53,13.99,13.99,0.0,258.72027,0.0
2019-01-14,5,0,55,73.61,73.61,0.0,1357.948995,0.0
2019-01-14,5,0,56,0.0,0.0,0.0,0.0,0.0
2019-01-14,5,0,57,0.0,0.0,0.0,0.0,0.0
2019-01-14,5,0,58,0.0,0.0,0.0,0.0,0.0
2019-01-14,5,0,59,0.0,0.0,0.0,0.0,0.0
2019-01-14,5,0,63,0.0,0.0,0.0,0.0,0.0
2019-01-14,5,0,64,0.0,0.0,0.0,0.0,0.0
2019-01-14,5,0,65,20.32,20.32,0.0,112.549374,0.0
2019-01-14,5,0,67,0.0,0.0,0.0,0.0,0.0
2019-01-14,5,0,68,0.0,0.0,0.0,0.0,0.0
2019-01-14,5,0,69,0.0,0.0,0.0,0.0,0.0
2019-01-14,5,0,74,25.01,25.01,0.0,320.140286,0.0
2019-01-14,5,0,77,7.29,7.29,0.0,166.264583,0.0
2019-01-14,5,0,78,5.51,5.51,0.0,125.667744,0.0
2019-01-14,5,0,79,3.19,3.19,0.0,72.75501,0.0
2019-01-14,5,0,80,5.15,5.15,0.0,117.457147,0.0
2019-01-14,5,0,81,6.74,6.74,0.0,153.720616,0.0
2019-01-14,5,0,82,4.75,4.75,0.0,108.334262,0.0
2019-01-14,5,0,83,10.6,10.6,0.0,241.756459,0.0
2019-01-14,5,0,84,0.0,0.0,0.0,0.0,0.0
2019-01-14,5,0,86,0.0,0.0,0.0,0.0,0.0
2019-01-14,5,0,87,0.0,0.0,0.0,0.0,0.0
2019-01-14,5,0,88,6.09,6.09,0.0,138.895928,0.0
2019-01-14,5,0,89,5.86,5.86,0.0,133.650269,0.0
2019-01-14,5,0,90,7.86,7.86,0.0,179.264695,0.0
2019-01-14,5,0,91,28.05,28.05,0.0,639.742327,0.0
2019-01-14,5,0,92,10.09,10.09,0.0,230.12478,0.0
2019-01-14,5,0,95,3.1,3.1,0.0,82.595023,0.0
2019-01-14,5,0,96,2.21,2.21,0.0,40.974759,0.0
2019-01-14,5,0,97,13.59,13.59,0.0,251.966956,0.0
2019-01-14,5,0,99,4.83,4.83,0.0,61.826373,0.0
2019-01-14,5,0,101,0.0,0.0,0.0,0.0,0.0
2019-01-14,5,0,102,0.0,0.0,0.0,0.0,0.0
2019-01-14,5,0,103,0.0,0.0,0.0,0.0,0.0
2019-01-14,5,0,104,0.0,0.0,0.0,0.0,0.0
2019-01-14,5,0,106,0.0,0.0,0.0,0.0,0.0
2019-01-14,5,0,109,18.44,18.44,0.0,267.836223,0.0
2019-01-14,5,0,110,57.26,57.26,0.0,1433.690659,0.0
2019-01-14,5,0,111,0.0,0.0,0.0,0.0,0.0
2019-01-14,5,0,113,2.65,2.65,0.0,62.771821,0.0
2019-01-14,5,0,115,2.65,2.65,0.0,62.771821,0.0
2019-01-14,5,0,116,0.0,0.0,0.0,0.0,0.0
2019-01-14,5,0,117,0.13,0.13,0.0,3.079372,0.0
2019-01-14,5,0,119,0.0,0.0,0.0,0.0,0.0
2019-01-14,5,0,120,0.0,0.0,0.0,0.0,0.0
2019-01-14,5,0,123,0.0,0.0,0.0,0.0,0.0
2019-01-14,5,0,125,14.56,14.56,0.0,268.601241,0.0
2019-01-14,5,0,126,0.0,0.0,0.0,0.0,0.0
2019-01-14,5,0,127,0.0,0.0,0.0,0.0,0.0
2019-01-14,5,0,128,20.85,20.85,0.0,384.638453,0.0
2019-01-14,5,0,131,0.0,0.0,0.0,0.0,0.0
2019-01-14,5,0,132,0.0,0.0,0.0,0.0,0.0
2019-01-14,5,0,133,50.25,50.25,0.0,610.238721,0.0
2019-01-14,5,0,134,0.0,0.0,0.0,0.0,0.0
2019-01-14,5,0,135,71.59,71.59,0.0,869.392837,0.0
2019-01-14,5,0,136,30.14,30.14,0.0,176.56044,0.0
2019-01-14,5,0,139,26.61,26.61,0.0,428.127211,0.0
2019-01-14,5,0,140,42.38,42.38,0.0,1061.121379,0.0
2019-01-14,5,0,141,8.97,8.97,0.0,213.714906,0.0
2019-01-14,5,0,142,0.0,0.0,0.0,0.0,0.0
2019-01-14,5,0,143,13.56,13.56,0.0,250.768182,0.0
2019-01-14,5,0,145,1.95,1.95,0.0,33.189378,0.0
2019-01-14,5,0,146,111.32,111.32,0.0,2787.258893,0.0
2019-01-14,5,0,152,0.0,0.0,0.0,0.0,0.0
2019-01-14,5,0,153,0.0,0.0,0.0,0.0,0.0
2019-01-14,5,0,154,0.0,0.0,0.0,0.0,0.0
2019-01-14,5,0,157,50.23,50.23,0.0,1196.755821,0.0
2019-01-14,5,0,158,0.0,0.0,0.0,0.0,0.0
2019-01-14,5,0,159,0.0,0.0,0.0,0.0,0.0
2019-01-14,5,0,160,0.0,0.0,0.0,0.0,0.0
2019-01-14,5,0,161,0.0,0.0,0.0,0.0,0.0
2019-01-14,5,0,162,2.54,2.54,0.0,67.641063,0.0
2019-01-14,5,0,163,5.13,5.13,0.0,128.446264,0.0
2019-01-14,5,0,164,0.0,0.0,0.0,0.0,0.0
2019-01-14,5,0,167,0.0,0.0,0.0,0.0,0.0
2019-01-14,5,0,168,0.0,0.0,0.0,0.0,0.0
2019-01-14,5,0,169,0.0,0.0,0.0,0.0,0.0
2019-01-14,5,0,170,0.0,0.0,0.0,0.0,0.0
2019-01-14,5,0,172,0.0,0.0,0.0,0.0,0.0
2019-01-14,5,0,173,0.0,0.0,0.0,0.0,0.0
2019-01-14,5,0,188,0.0,0.0,0.0,0.0,0.0
2019-01-14,5,0,190,0.0,0.0,0.0,0.0,0.0
2019-01-14,5,0,191,0.0,0.0,0.0,0.0,0.0
2019-01-14,5,0,192,0.0,0.0,0.0,0.0,0.0
2019-01-14,5,0,194,5.18,5.18,0.0,125.428502,0.0
2019-01-14,5,0,196,0.0,0.0,0.0,0.0,0.0
2019-01-14,5,0,198,0.0,0.0,0.0,0.0,0.0
2019-01-14,5,0,199,2.86,2.86,0.0,41.978382,0.0
2019-01-14,5,0,200,0.0,0.0,0.0,0.0,0.0
2019-01-14,5,0,204,63.14,63.14,0.0,928.288217,0.0
2019-01-14,5,0,205,97.57,97.57,0.0,1417.178976,0.0
2019-01-14,5,0,206,39.92,39.92,0.0,740.141346,0.0
2019-01-14,5,0,210,0.0,0.0,0.0,0.0,0.0
2019-01-14,5,0,214,0.0,0.0,0.0,0.0,0.0
2019-01-14,5,0,217,0.0,0.0,0.0,0.0,0.0
2019-01-14,5,0,218,0.0,0.0,0.0,0.0,0.0
2019-01-14,5,0,219,0.0,0.0,0.0,0.0,0.0
2019-01-14,5,0,221,0.0,0.0,0.0,0.0,0.0
2019-01-14,5,0,225,0.0,0.0,0.0,0.0,0.0
2019-01-14,5,0,233,0.0,0.0,0.0,0.0,0.0
2019-01-14,5,0,236,58.91,58.91,0.0,708.268873,0.0
2019-01-14,5,0,237,60.0,60.0,0.0,768.029475,0.0
2019-01-14,5,0,238,0.0,0.0,0.0,0.0,0.0
2019-01-14,5,0,240,0.0,0.0,0.0,0.0,0.0
2019-01-14,5,0,245,78.0,78.0,0.0,781.888688,0.0
2019-01-14,5,0,247,102.25,102.25,0.0,1024.975876,0.0
2019-01-14,5,0,248,6.02,6.02,0.0,77.058957,0.0
2019-01-14,5,0,249,150.0,150.0,0.0,1503.632092,0.0
2019-01-14,5,0,251,132.4,132.4,0.0,989.222686,0.0
2019-01-14,5,0,252,131.11,131.11,0.0,726.198251,0.0
2019-01-14,5,0,254,0.0,0.0,0.0,0.0,0.0
2019-01-14,5,0,255,0.0,0.0,0.0,0.0,0.0
2019-01-14,5,0,258,0.0,0.0,0.0,0.0,0.0
2019-01-14,5,0,260,0.0,0.0,0.0,0.0,0.0
2019-01-14,5,0,265,0.0,0.0,0.0,0.0,0.0
2019-01-14,5,0,266,17.23,17.23,0.0,277.212771,0.0
2019-01-14,5,0,267,21.17,21.17,0.0,340.603272,0.0
2019-01-14,5,0,270,16.01,16.01,0.0,400.862512,0.0
2019-01-14,5,0,272,9.12,9.12,0.0,216.029814,0.0
2019-01-14,5,0,273,0.0,0.0,0.0,0.0,0.0
2019-01-14,5,0,274,20.64,20.64,0.0,516.789647,0.0
2019-01-14,5,0,275,28.74,28.74,0.0,719.599538,0.0
2019-01-14,5,0,276,0.0,0.0,0.0,0.0,0.0
2019-01-14,5,0,277,0.0,0.0,0.0,0.0,0.0
2019-01-14,5,0,278,0.0,0.0,0.0,0.0,0.0
2019-01-14,5,0,279,6.01,6.01,0.0,140.240745,0.0
2019-01-14,5,0,281,3.73,3.73,0.0,68.979743,0.0
2019-01-14,5,0,282,0.0,0.0,0.0,0.0,0.0
2019-01-14,6,0,9,0.0,0.0,0.0,0.0,0.0
2019-01-14,6,0,17,0.0,0.0,0.0,-0.0,0.0
2019-01-14,6,0,19,643.3,643.3,0.0,-1132.228407,0.0
2019-01-14,6,0,20,780.2,780.2,0.0,-1373.17675,0.0
2019-01-14,6,0,21,0.0,0.0,0.0,0.0,0.0
2019-01-14,6,0,22,0.0,0.0,0.0,0.0,0.0
2019-01-14,6,0,23,6.41,6.41,0.0,118.690493,0.0
2019-01-14,6,0,24,11.35,11.35,0.0,210.161793,0.0
2019-01-14,6,0,29,0.0,0.0,0.0,0.0,0.0
2019-01-14,6,0,30,0.0,0.0,0.0,0.0,0.0
2019-01-14,6,0,31,6.85,6.85,0.0,126.985662,0.0
2019-01-14,6,0,32,0.0,0.0,0.0,0.0,0.0
2019-01-14,6,0,33,0.0,0.0,0.0,0.0,0.0
2019-01-14,6,0,34,0.0,0.0,0.0,0.0,0.0
2019-01-14,6,0,35,0.0,0.0,0.0,0.0,0.0
2019-01-14,6,0,36,0.0,0.0,0.0,0.0,0.0
2019-01-14,6,0,37,0.0,0.0,0.0,0.0,0.0
2019-01-14,6,0,38,0.0,0.0,0.0,0.0,0.0
2019-01-14,6,0,39,0.0,0.0,0.0,0.0,0.0
2019-01-14,6,0,40,0.0,0.0,0.0,0.0,0.0
2019-01-14,6,0,41,15.38,15.38,0.0,267.466457,0.0
2019-01-14,6,0,42,0.0,0.0,0.0,0.0,0.0
2019-01-14,6,0,43,0.0,0.0,0.0,0.0,0.0
2019-01-14,6,0,46,0.0,0.0,0.0,0.0,0.0
2019-01-14,6,0,52,7.26,7.26,0.0,134.586263,0.0
2019-01-14,6,0,53,11.52,11.52,0.0,213.558369,0.0
2019-01-14,6,0,55,23.71,23.71,0.0,439.025208,0.0
2019-01-14,6,0,56,0.0,0.0,0.0,0.0,0.0
2019-01-14,6,0,57,0.0,0.0,0.0,0.0,0.0
2019-01-14,6,0,58,0.0,0.0,0.0,0.0,0.0
2019-01-14,6,0,59,0.0,0.0,0.0,0.0,0.0
2019-01-14,6,0,63,0.0,0.0,0.0,0.0,0.0
2019-01-14,6,0,64,0.0,0.0,0.0,0.0,0.0
2019-01-14,6,0,65,19.92,19.92,0.0,132.155338,0.0
2019-01-14,6,0,67,0.0,0.0,0.0,0.0,0.0
2019-01-14,6,0,68,0.0,0.0,0.0,0.0,0.0
2019-01-14,6,0,69,0.0,0.0,0.0,0.0,0.0
2019-01-14,6,0,74,26.25,26.25,0.0,414.997494,0.0
2019-01-14,6,0,77,5.38,5.38,0.0,110.786058,0.0
2019-01-14,6,0,78,4.07,4.07,0.0,83.81027,0.0
2019-01-14,6,0,79,2.35,2.35,0.0,48.391679,0.0
2019-01-14,6,0,80,3.8,3.8,0.0,78.250375,0.0
2019-01-14,6,0,81,4.97,4.97,0.0,102.343254,0.0
2019-01-14,6,0,82,3.51,3.51,0.0,72.278636,0.0
2019-01-14,6,0,83,7.82,7.82,0.0,161.031035,0.0
2019-01-14,6,0,84,0.0,0.0,0.0,0.0,0.0
2019-01-14,6,0,86,0.0,0.0,0.0,0.0,0.0
2019-01-14,6,0,87,0.0,0.0,0.0,0.0,0.0
2019-01-14,6,0,88,4.79,4.79,0.0,98.636657,0.0
2019-01-14,6,0,89,4.6,4.6,0.0,94.724138,0.0
2019-01-14,6,0,90,6.18,6.18,0.0,127.259821,0.0
2019-01-14,6,0,91,22.04,22.04,0.0,453.852176,0.0
2019-01-14,6,0,92,7.93,7.93,0.0,163.296178,0.0
2019-01-14,6,0,95,2.76,2.76,0.0,79.975165,0.0
2019-01-14,6,0,96,1.86,1.86,0.0,34.522757,0.0
2019-01-14,6,0,97,11.41,11.41,0.0,211.776697,0.0
2019-01-14,6,0,99,5.07,5.07,0.0,80.153802,0.0
2019-01-14,6,0,101,0.0,0.0,0.0,0.0,0.0
2019-01-14,6,0,102,0.0,0.0,0.0,0.0,0.0
2019-01-14,6,0,103,0.0,0.0,0.0,0.0,0.0
2019-01-14,6,0,104,0.0,0.0,0.0,0.0,0.0
2019-01-14,6,0,106,0.0,0.0,0.0,0.0,0.0
2019-01-14,6,0,109,15.41,15.41,0.0,256.575574,0.0
2019-01-14,6,0,110,68.21,68.21,0.0,610.166266,0.0
2019-01-14,6,0,111,0.0,0.0,0.0,0.0,0.0
2019-01-14,6,0,113,2.91,2.91,0.0,62.681292,0.0
2019-01-14,6,0,115,2.91,2.91,0.0,62.681292,0.0
2019-01-14,6,0,116,0.0,0.0,0.0,0.0,0.0
2019-01-14,6,0,117,0.12,0.12,0.0,2.584796,0.0
2019-01-14,6,0,119,0.0,0.0,0.0,0.0,0.0
2019-01-14,6,0,120,0.0,0.0,0.0,0.0,0.0
2019-01-14,6,0,123,0.0,0.0,0.0,0.0,0.0
2019-01-14,6,0,125,10.27,10.27,0.0,190.164019,0.0
2019-01-14,6,0,126,0.0,0.0,0.0,0.0,0.0
2019-01-14,6,0,127,0.0,0.0,0.0,0.0,0.0
2019-01-14,6,0,128,14.71,14.71,0.0,272.377091,0.0
2019-01-14,6,0,131,0.0,0.0,0.0,0.0,0.0
2019-01-14,6,0,132,0.0,0.0,0.0,0.0,0.0
2019-01-14,6,0,133,41.94,41.94,0.0,682.729045,0.0
2019-01-14,6,0,134,0.0,0.0,0.0,0.0,0.0
2019-01-14,6,0,135,56.2,56.2,0.0,914.863432,0.0
2019-01-14,6,0,136,28.6,28.6,0.0,202.920896,0.0
2019-01-14,6,0,139,19.87,19.87,0.0,345.549968,0.0
2019-01-14,6,0,140,50.48,50.48,0.0,451.564186,0.0
2019-01-14,6,0,141,5.3,5.3,0.0,86.490766,0.0
2019-01-14,6,0,142,0.0,0.0,0.0,0.0,0.0
2019-01-14,6,0,143,18.98,18.98,0.0,351.852243,0.0
2019-01-14,6,0,145,1.71,1.71,0.0,30.50149,0.0
2019-01-14,6,0,146,112.28,112.28,0.0,1004.390388,0.0
2019-01-14,6,0,152,0.0,0.0,0.0,0.0,0.0
2019-01-14,6,0,153,0.0,0.0,0.0,0.0,0.0
2019-01-14,6,0,154,0.0,0.0,0.0,0.0,0.0
2019-01-14,6,0,157,50.94,50.94,0.0,831.290496,0.0
2019-01-14,6,0,158,0.0,0.0,0.0,0.0,0.0
2019-01-14,6,0,159,0.0,0.0,0.0,0.0,0.0
2019-01-14,6,0,160,0.0,0.0,0.0,0.0,0.0
2019-01-14,6,0,161,0.0,0.0,0.0,0.0,0.0
2019-01-14,6,0,162,2.67,2.67,0.0,77.382535,0.0
2019-01-14,6,0,163,5.12,5.12,0.0,45.800488,0.0
2019-01-14,6,0,164,0.0,0.0,0.0,0.0,0.0
2019-01-14,6,0,167,0.0,0.0,0.0,0.0,0.0
2019-01-14,6,0,168,0.0,0.0,0.0,0.0,0.0
2019-01-14,6,0,169,0.0,0.0,0.0,0.0,0.0
2019-01-14,6,0,170,0.0,0.0,0.0,0.0,0.0
2019-01-14,6,0,172,0.0,0.0,0.0,0.0,0.0
2019-01-14,6,0,173,0.0,0.0,0.0,0.0,0.0
2019-01-14,6,0,188,0.0,0.0,0.0,0.0,0.0
2019-01-14,6,0,190,0.0,0.0,0.0,0.0,0.0
2019-01-14,6,0,191,0.0,0.0,0.0,0.0,0.0
2019-01-14,6,0,192,0.0,0.0,0.0,0.0,0.0
2019-01-14,6,0,194,4.11,4.11,0.0,99.529957,0.0
2019-01-14,6,0,196,0.0,0.0,0.0,0.0,0.0
2019-01-14,6,0,198,0.0,0.0,0.0,0.0,0.0
2019-01-14,6,0,199,3.51,3.51,0.0,62.104549,0.0
2019-01-14,6,0,200,0.0,0.0,0.0,0.0,0.0
2019-01-14,6,0,204,52.63,52.63,0.0,880.776789,0.0
2019-01-14,6,0,205,81.51,81.51,0.0,1357.136604,0.0
2019-01-14,6,0,206,33.54,33.54,0.0,622.523262,0.0
2019-01-14,6,0,210,0.0,0.0,0.0,0.0,0.0
2019-01-14,6,0,214,0.0,0.0,0.0,0.0,0.0
2019-01-14,6,0,217,0.0,0.0,0.0,0.0,0.0
2019-01-14,6,0,218,0.0,0.0,0.0,0.0,0.0
2019-01-14,6,0,219,0.0,0.0,0.0,0.0,0.0
2019-01-14,6,0,221,0.0,0.0,0.0,0.0,0.0
2019-01-14,6,0,225,0.0,0.0,0.0,0.0,0.0
2019-01-14,6,0,233,0.0,0.0,0.0,0.0,0.0
2019-01-14,6,0,236,65.94,65.94,0.0,1018.267208,0.0
2019-01-14,6,0,237,62.97,62.97,0.0,995.519702,0.0
2019-01-14,6,0,238,0.0,0.0,0.0,0.0,0.0
2019-01-14,6,0,240,0.0,0.0,0.0,0.0,0.0
2019-01-14,6,0,245,78.0,78.0,0.0,1043.076679,0.0
2019-01-14,6,0,247,121.85,121.85,0.0,1629.472992,0.0
2019-01-14,6,0,248,6.32,6.32,0.0,99.915587,0.0
2019-01-14,6,0,249,150.0,150.0,0.0,2005.916691,0.0
2019-01-14,6,0,251,124.48,124.48,0.0,1165.353028,0.0
2019-01-14,6,0,252,128.48,128.48,0.0,852.375394,0.0
2019-01-14,6,0,254,0.0,0.0,0.0,0.0,0.0
2019-01-14,6,0,255,0.0,0.0,0.0,0.0,0.0
2019-01-14,6,0,258,0.0,0.0,0.0,0.0,0.0
2019-01-14,6,0,260,0.0,0.0,0.0,0.0,0.0
2019-01-14,6,0,265,0.0,0.0,0.0,0.0,0.0
2019-01-14,6,0,266,12.86,12.86,0.0,223.642304,0.0
2019-01-14,6,0,267,15.81,15.81,0.0,274.944388,0.0
2019-01-14,6,0,270,15.99,15.99,0.0,143.037071,0.0
2019-01-14,6,0,272,10.27,10.27,0.0,221.215419,0.0
2019-01-14,6,0,273,0.0,0.0,0.0,0.0,0.0
2019-01-14,6,0,274,20.61,20.61,0.0,184.364855,0.0
2019-01-14,6,0,275,28.69,28.69,0.0,256.64375,0.0
2019-01-14,6,0,276,0.0,0.0,0.0,0.0,0.0
2019-01-14,6,0,277,0.0,0.0,0.0,0.0,0.0
2019-01-14,6,0,278,0.0,0.0,0.0,0.0,0.0
2019-01-14,6,0,279,0.0,0.0,0.0,0.0,0.0
2019-01-14,6,0,281,3.08,3.08,0.0,57.097203,0.0
2019-01-14,6,0,282,0.0,0.0,0.0,0.0,0.0
2019-01-14,7,0,9,0.0,0.0,0.0,0.0,0.0
2019-01-14,7,0,17,0.0,0.0,0.0,0.0,0.0
2019-01-14,7,0,19,643.3,643.3,0.0,2181.980146,0.0
2019-01-14,7,0,20,780.2,780.2,0.0,2646.325058,0.0
2019-01-14,7,0,21,0.0,0.0,0.0,0.0,0.0
2019-01-14,7,0,22,0.0,0.0,0.0,0.0,0.0
2019-01-14,7,0,23,4.34,4.34,0.0,99.91292,0.0
2019-01-14,7,0,24,7.68,7.68,0.0,176.804429,0.0
2019-01-14,7,0,29,0.0,0.0,0.0,0.0,0.0
2019-01-14,7,0,30,0.0,0.0,0.0,0.0,0.0
2019-01-14,7,0,31,13.74,13.74,0.0,316.315904,0.0
2019-01-14,7,0,32,0.0,0.0,0.0,0.0,0.0
2019-01-14,7,0,33,0.0,0.0,0.0,0.0,0.0
2019-01-14,7,0,34,0.0,0.0,0.0,0.0,0.0
2019-01-14,7,0,35,0.0,0.0,0.0,0.0,0.0
2019-01-14,7,0,36,0.0,0.0,0.0,0.0,0.0
2019-01-14,7,0,37,0.0,0.0,0.0,0.0,0.0
2019-01-14,7,0,38,0.0,0.0,0.0,0.0,0.0
2019-01-14,7,0,39,0.0,0.0,0.0,0.0,0.0
2019-01-14,7,0,40,0.0,0.0,0.0,0.0,0.0
2019-01-14,7,0,41,8.38,8.38,0.0,193.718113,0.0
2019-01-14,7,0,42,0.0,0.0,0.0,0.0,0.0
2019-01-14,7,0,43,0.0,0.0,0.0,0.0,0.0
2019-01-14,7,0,46,0.0,0.0,0.0,0.0,0.0
2019-01-14,7,0,52,14.56,14.56,0.0,335.193563,0.0
2019-01-14,7,0,53,23.14,23.14,0.0,532.718341,0.0
2019-01-14,7,0,55,18.56,18.56,0.0,427.277371,0.0
2019-01-14,7,0,56,0.0,0.0,0.0,0.0,0.0
2019-01-14,7,0,57,0.0,0.0,0.0,0.0,0.0
2019-01-14,7,0,58,0.0,0.0,0.0,0.0,0.0
2019-01-14,7,0,59,0.0,0.0,0.0,0.0,0.0
2019-01-14,7,0,63,0.0,0.0,0.0,0.0,0.0
2019-01-14,7,0,64,0.0,0.0,0.0,0.0,0.0
2019-01-14,7,0,65,19.53,19.53,0.0,268.59865,0.0
2019-01-14,7,0,67,0.0,0.0,0.0,0.0,0.0
2019-01-14,7,0,68,0.0,0.0,0.0,0.0,0.0
2019-01-14,7,0,69,0.0,0.0,0.0,0.0,0.0
2019-01-14,7,0,74,28.15,28.15,0.0,664.375858,0.0
2019-01-14,7,0,77,0.0,0.0,0.0,0.0,0.0
2019-01-14,7,0,78,0.0,0.0,0.0,0.0,0.0
2019-01-14,7,0,79,0.0,0.0,0.0,0.0,0.0
2019-01-14,7,0,80,0.0,0.0,0.0,0.0,0.0
2019-01-14,7,0,81,0.0,0.0,0.0,0.0,0.0
2019-01-14,7,0,82,0.0,0.0,0.0,0.0,0.0
2019-01-14,7,0,83,0.0,0.0,0.0,0.0,0.0
2019-01-14,7,0,84,0.0,0.0,0.0,0.0,0.0
2019-01-14,7,0,86,0.0,0.0,0.0,0.0,0.0
2019-01-14,7,0,87,0.0,0.0,0.0,0.0,0.0
2019-01-14,7,0,88,3.76,3.76,0.0,86.689537,0.0
2019-01-14,7,0,89,3.61,3.61,0.0,83.231178,0.0
2019-01-14,7,0,90,4.85,4.85,0.0,111.82028,0.0
2019-01-14,7,0,91,17.29,17.29,0.0,398.633535,0.0
2019-01-14,7,0,92,6.22,6.22,0.0,143.406627,0.0
2019-01-14,7,0,95,2.5,2.5,0.0,78.292674,0.0
2019-01-14,7,0,96,1.54,1.54,0.0,35.453368,0.0
2019-01-14,7,0,97,9.49,9.49,0.0,218.475624,0.0
2019-01-14,7,0,99,5.43,5.43,0.0,128.154917,0.0
2019-01-14,7,0,101,0.0,0.0,0.0,0.0,0.0
2019-01-14,7,0,102,0.0,0.0,0.0,0.0,0.0
2019-01-14,7,0,103,0.0,0.0,0.0,0.0,0.0
2019-01-14,7,0,104,0.0,0.0,0.0,0.0,0.0
2019-01-14,7,0,106,0.0,0.0,0.0,0.0,0.0
2019-01-14,7,0,109,13.52,13.52,0.0,310.022446,0.0
2019-01-14,7,0,110,81.46,81.46,0.0,728.692919,0.0
2019-01-14,7,0,111,0.0,0.0,0.0,0.0,0.0
2019-01-14,7,0,113,0.0,0.0,0.0,0.0,0.0
2019-01-14,7,0,115,0.0,0.0,0.0,0.0,0.0
2019-01-14,7,0,116,0.0,0.0,0.0,0.0,0.0
2019-01-14,7,0,117,0.0,0.0,0.0,0.0,0.0
2019-01-14,7,0,119,0.0,0.0,0.0,0.0,0.0
2019-01-14,7,0,120,0.0,0.0,0.0,0.0,0.0
2019-01-14,7,0,123,0.0,0.0,0.0,0.0,0.0
2019-01-14,7,0,125,6.95,6.95,0.0,159.9988,0.0
2019-01-14,7,0,126,0.0,0.0,0.0,0.0,0.0
2019-01-14,7,0,127,0.0,0.0,0.0,0.0,0.0
2019-01-14,7,0,128,9.95,9.95,0.0,229.06303,0.0
2019-01-14,7,0,131,0.0,0.0,0.0,0.0,0.0
2019-01-14,7,0,132,0.0,0.0,0.0,0.0,0.0
2019-01-14,7,0,133,41.94,41.94,0.0,1081.427796,0.0
2019-01-14,7,0,134,0.0,0.0,0.0,0.0,0.0
2019-01-14,7,0,135,56.2,56.2,0.0,1449.123561,0.0
2019-01-14,7,0,136,27.2,27.2,0.0,389.556883,0.0
2019-01-14,7,0,139,10.82,10.82,0.0,250.12291,0.0
2019-01-14,7,0,140,60.29,60.29,0.0,539.318636,0.0
2019-01-14,7,0,141,0.0,0.0,0.0,0.0,0.0
2019-01-14,7,0,142,0.0,0.0,0.0,0.0,0.0
2019-01-14,7,0,143,10.95,10.95,0.0,252.085818,0.0
2019-01-14,7,0,145,1.49,1.49,0.0,34.254541,0.0
2019-01-14,7,0,146,114.03,114.03,0.0,1020.044851,0.0
2019-01-14,7,0,152,0.0,0.0,0.0,0.0,0.0
2019-01-14,7,0,153,0.0,0.0,0.0,0.0,0.0
2019-01-14,7,0,154,0.0,0.0,0.0,0.0,0.0
2019-01-14,7,0,157,54.45,54.45,0.0,967.823767,0.0
2019-01-14,7,0,158,0.0,0.0,0.0,0.0,0.0
2019-01-14,7,0,159,0.0,0.0,0.0,0.0,0.0
2019-01-14,7,0,160,0.0,0.0,0.0,0.0,0.0
2019-01-14,7,0,161,0.0,0.0,0.0,0.0,0.0
2019-01-14,7,0,162,2.83,2.83,0.0,88.653708,0.0
2019-01-14,7,0,163,5.71,5.71,0.0,51.078279,0.0
2019-01-14,7,0,164,0.0,0.0,0.0,0.0,0.0
2019-01-14,7,0,167,0.0,0.0,0.0,0.0,0.0
2019-01-14,7,0,168,0.0,0.0,0.0,0.0,0.0
2019-01-14,7,0,169,0.0,0.0,0.0,0.0,0.0
2019-01-14,7,0,170,0.0,0.0,0.0,0.0,0.0
2019-01-14,7,0,172,0.0,0.0,0.0,0.0,0.0
2019-01-14,7,0,173,0.0,0.0,0.0,0.0,0.0
2019-01-14,7,0,188,0.0,0.0,0.0,0.0,0.0
2019-01-14,7,0,190,0.0,0.0,0.0,0.0,0.0
2019-01-14,7,0,191,0.0,0.0,0.0,0.0,0.0
2019-01-14,7,0,192,0.0,0.0,0.0,0.0,0.0
2019-01-14,7,0,194,0.0,0.0,0.0,0.0,0.0
2019-01-14,7,0,196,0.0,0.0,0.0,0.0,0.0
2019-01-14,7,0,198,0.0,0.0,0.0,0.0,0.0
2019-01-14,7,0,199,4.23,4.23,0.0,75.03804,0.0
2019-01-14,7,0,200,0.0,0.0,0.0,0.0,0.0
2019-01-14,7,0,204,47.31,47.31,0.0,1082.67513,0.0
2019-01-14,7,0,205,71.52,71.52,0.0,1640.000393,0.0
2019-01-14,7,0,206,27.87,27.87,0.0,641.613873,0.0
2019-01-14,7,0,210,0.0,0.0,0.0,0.0,0.0
2019-01-14,7,0,214,0.0,0.0,0.0,0.0,0.0
2019-01-14,7,0,217,0.0,0.0,0.0,0.0,0.0
2019-01-14,7,0,218,0.0,0.0,0.0,0.0,0.0
2019-01-14,7,0,219,0.0,0.0,0.0,0.0,0.0
2019-01-14,7,0,221,0.0,0.0,0.0,0.0,0.0
2019-01-14,7,0,225,0.0,0.0,0.0,0.0,0.0
2019-01-14,7,0,233,0.0,0.0,0.0,0.0,0.0
2019-01-14,7,0,236,75.08,75.08,0.0,1798.378153,0.0
2019-01-14,7,0,237,67.52,67.52,0.0,1593.558009,0.0
2019-01-14,7,0,238,0.0,0.0,0.0,0.0,0.0
2019-01-14,7,0,240,0.0,0.0,0.0,0.0,0.0
2019-01-14,7,0,245,78.0,78.0,0.0,1745.84197,0.0
2019-01-14,7,0,247,144.83,144.83,0.0,3241.670416,0.0
2019-01-14,7,0,248,6.78,6.78,0.0,160.016637,0.0
2019-01-14,7,0,249,150.0,150.0,0.0,3357.388403,0.0
2019-01-14,7,0,251,116.95,116.95,0.0,1993.377884,0.0
2019-01-14,7,0,252,125.95,125.95,0.0,1732.206857,0.0
2019-01-14,7,0,254,0.0,0.0,0.0,0.0,0.0
2019-01-14,7,0,255,0.0,0.0,0.0,0.0,0.0
2019-01-14,7,0,258,0.0,0.0,0.0,0.0,0.0
2019-01-14,7,0,260,0.0,0.0,0.0,0.0,0.0
2019-01-14,7,0,265,0.0,0.0,0.0,0.0,0.0
2019-01-14,7,0,266,7.01,7.01,0.0,162.048207,0.0
2019-01-14,7,0,267,8.61,8.61,0.0,199.034959,0.0
2019-01-14,7,0,270,17.82,17.82,0.0,159.407167,0.0
2019-01-14,7,0,272,0.0,0.0,0.0,0.0,0.0
2019-01-14,7,0,273,0.0,0.0,0.0,0.0,0.0
2019-01-14,7,0,274,22.97,22.97,0.0,205.476017,0.0
2019-01-14,7,0,275,31.98,31.98,0.0,286.074141,0.0
2019-01-14,7,0,276,0.0,0.0,0.0,0.0,0.0
2019-01-14,7,0,277,0.0,0.0,0.0,0.0,0.0
2019-01-14,7,0,278,0.0,0.0,0.0,0.0,0.0
2019-01-14,7,0,279,0.0,0.0,0.0,0.0,0.0
2019-01-14,7,0,281,6.16,6.16,0.0,141.812661,0.0
2019-01-14,7,0,282,0.0,0.0,0.0,0.0,0.0
2019-01-14,8,0,9,0.0,0.0,0.0,0.0,0.0
2019-01-14,8,0,17,0.0,0.0,0.0,0.0,0.0
2019-01-14,8,0,19,605.38,605.38,0.0,3273.236388,0.0
2019-01-14,8,0,20,753.44,753.44,0.0,4073.783779,0.0
2019-01-14,8,0,21,0.0,0.0,0.0,0.0,0.0
2019-01-14,8,0,22,0.0,0.0,0.0,0.0,0.0
2019-01-14,8,0,23,4.38,4.38,0.0,97.059934,0.0
2019-01-14,8,0,24,7.75,7.75,0.0,171.738467,0.0
2019-01-14,8,0,29,0.0,0.0,0.0,0.0,0.0
2019-01-14,8,0,30,0.0,0.0,0.0,0.0,0.0
2019-01-14,8,0,31,6.45,6.45,0.0,142.971921,0.0
2019-01-14,8,0,32,0.0,0.0,0.0,0.0,0.0
2019-01-14,8,0,33,0.0,0.0,0.0,0.0,0.0
2019-01-14,8,0,34,0.0,0.0,0.0,0.0,0.0
2019-01-14,8,0,35,0.0,0.0,0.0,0.0,0.0
2019-01-14,8,0,36,0.0,0.0,0.0,0.0,0.0
2019-01-14,8,0,37,0.0,0.0,0.0,0.0,0.0
2019-01-14,8,0,38,0.0,0.0,0.0,0.0,0.0
2019-01-14,8,0,39,0.0,0.0,0.0,0.0,0.0
2019-01-14,8,0,40,0.0,0.0,0.0,0.0,0.0
2019-01-14,8,0,41,3.15,3.15,0.0,69.023132,0.0
2019-01-14,8,0,42,0.0,0.0,0.0,0.0,0.0
2019-01-14,8,0,43,0.0,0.0,0.0,0.0,0.0
2019-01-14,8,0,46,0.0,0.0,0.0,0.0,0.0
2019-01-14,8,0,52,6.83,6.83,0.0,151.395073,0.0
2019-01-14,8,0,53,10.86,10.86,0.0,240.724816,0.0
2019-01-14,8,0,55,19.93,19.93,0.0,441.644858,0.0
2019-01-14,8,0,56,0.0,0.0,0.0,0.0,0.0
2019-01-14,8,0,57,0.0,0.0,0.0,0.0,0.0
2019-01-14,8,0,58,0.0,0.0,0.0,0.0,0.0
2019-01-14,8,0,59,0.0,0.0,0.0,0.0,0.0
2019-01-14,8,0,63,0.0,0.0,0.0,0.0,0.0
2019-01-14,8,0,64,0.0,0.0,0.0,0.0,0.0
2019-01-14,8,0,65,25.31,25.31,0.0,348.091747,0.0
2019-01-14,8,0,67,0.0,0.0,0.0,0.0,0.0
2019-01-14,8,0,68,0.0,0.0,0.0,0.0,0.0
2019-01-14,8,0,69,0.0,0.0,0.0,0.0,0.0
2019-01-14,8,0,74,27.64,27.64,0.0,604.195819,0.0
2019-01-14,8,0,77,2.95,2.95,0.0,67.237388,0.0
2019-01-14,8,0,78,2.23,2.23,0.0,50.826907,0.0
2019-01-14,8,0,79,1.28,1.28,0.0,29.174189,0.0
2019-01-14,8,0,80,2.08,2.08,0.0,47.408057,0.0
2019-01-14,8,0,81,2.73,2.73,0.0,62.223074,0.0
2019-01-14,8,0,82,1.92,1.92,0.0,43.761283,0.0
2019-01-14,8,0,83,4.3,4.3,0.0,98.00704,0.0
2019-01-14,8,0,84,0.0,0.0,0.0,0.0,0.0
2019-01-14,8,0,86,0.0,0.0,0.0,0.0,0.0
2019-01-14,8,0,87,0.0,0.0,0.0,0.0,0.0
2019-01-14,8,0,88,0.0,0.0,0.0,0.0,0.0
2019-01-14,8,0,89,0.0,0.0,0.0,0.0,0.0
2019-01-14,8,0,90,0.0,0.0,0.0,0.0,0.0
2019-01-14,8,0,91,0.0,0.0,0.0,0.0,0.0
2019-01-14,8,0,92,0.0,0.0,0.0,0.0,0.0
2019-01-14,8,0,95,2.33,2.33,0.0,73.078135,0.0
2019-01-14,8,0,96,1.26,1.26,0.0,27.937809,0.0
2019-01-14,8,0,97,7.77,7.77,0.0,172.283156,0.0
2019-01-14,8,0,99,5.34,5.34,0.0,116.729583,0.0
2019-01-14,8,0,101,0.0,0.0,0.0,0.0,0.0
2019-01-14,8,0,102,0.0,0.0,0.0,0.0,0.0
2019-01-14,8,0,103,0.0,0.0,0.0,0.0,0.0
2019-01-14,8,0,104,0.0,0.0,0.0,0.0,0.0
2019-01-14,8,0,106,0.0,0.0,0.0,0.0,0.0
2019-01-14,8,0,109,9.82,9.82,0.0,211.530763,0.0
2019-01-14,8,0,110,111.81,111.81,0.0,1000.186046,0.0
2019-01-14,8,0,111,0.0,0.0,0.0,0.0,0.0
2019-01-14,8,0,113,0.0,0.0,0.0,0.0,0.0
2019-01-14,8,0,115,0.0,0.0,0.0,0.0,0.0
2019-01-14,8,0,116,0.0,0.0,0.0,0.0,0.0
2019-01-14,8,0,117,0.0,0.0,0.0,0.0,0.0
2019-01-14,8,0,119,0.0,0.0,0.0,0.0,0.0
2019-01-14,8,0,120,0.0,0.0,0.0,0.0,0.0
2019-01-14,8,0,123,0.0,0.0,0.0,0.0,0.0
2019-01-14,8,0,125,7.01,7.01,0.0,155.340214,0.0
2019-01-14,8,0,126,0.0,0.0,0.0,0.0,0.0
2019-01-14,8,0,127,0.0,0.0,0.0,0.0,0.0
2019-01-14,8,0,128,10.04,10.04,0.0,222.484414,0.0
2019-01-14,8,0,131,0.0,0.0,0.0,0.0,0.0
2019-01-14,8,0,132,0.0,0.0,0.0,0.0,0.0
2019-01-14,8,0,133,41.94,41.94,0.0,982.698994,0.0
2019-01-14,8,0,134,0.0,0.0,0.0,0.0,0.0
2019-01-14,8,0,135,56.2,56.2,0.0,1316.826024,0.0
2019-01-14,8,0,136,32.19,32.19,0.0,457.462444,0.0
2019-01-14,8,0,139,4.07,4.07,0.0,89.182269,0.0
2019-01-14,8,0,140,82.75,82.75,0.0,740.232495,0.0
2019-01-14,8,0,141,4.57,4.57,0.0,80.591368,0.0
2019-01-14,8,0,142,0.0,0.0,0.0,0.0,0.0
2019-01-14,8,0,143,5.67,5.67,0.0,125.682293,0.0
2019-01-14,8,0,145,0.93,0.93,0.0,20.400091,0.0
2019-01-14,8,0,146,146.18,146.18,0.0,1307.639712,0.0
2019-01-14,8,0,152,0.0,0.0,0.0,0.0,0.0
2019-01-14,8,0,153,0.0,0.0,0.0,0.0,0.0
2019-01-14,8,0,154,0.0,0.0,0.0,0.0,0.0
2019-01-14,8,0,157,67.88,67.88,0.0,1197.055161,0.0
2019-01-14,8,0,158,0.0,0.0,0.0,0.0,0.0
2019-01-14,8,0,159,0.0,0.0,0.0,0.0,0.0
2019-01-14,8,0,160,0.0,0.0,0.0,0.0,0.0
2019-01-14,8,0,161,0.0,0.0,0.0,0.0,0.0
2019-01-14,8,0,162,2.05,2.05,0.0,64.313732,0.0
2019-01-14,8,0,163,6.48,6.48,0.0,57.966243,0.0
2019-01-14,8,0,164,0.0,0.0,0.0,0.0,0.0
2019-01-14,8,0,167,0.0,0.0,0.0,0.0,0.0
2019-01-14,8,0,168,0.0,0.0,0.0,0.0,0.0
2019-01-14,8,0,169,0.0,0.0,0.0,0.0,0.0
2019-01-14,8,0,170,0.0,0.0,0.0,0.0,0.0
2019-01-14,8,0,172,0.0,0.0,0.0,0.0,0.0
2019-01-14,8,0,173,0.0,0.0,0.0,0.0,0.0
2019-01-14,8,0,188,0.0,0.0,0.0,0.0,0.0
2019-01-14,8,0,190,0.0,0.0,0.0,0.0,0.0
2019-01-14,8,0,191,0.0,0.0,0.0,0.0,0.0
2019-01-14,8,0,192,0.0,0.0,0.0,0.0,0.0
2019-01-14,8,0,194,0.0,0.0,0.0,0.0,0.0
2019-01-14,8,0,196,0.0,0.0,0.0,0.0,0.0
2019-01-14,8,0,198,0.0,0.0,0.0,0.0,0.0
2019-01-14,8,0,199,4.77,4.77,0.0,85.698727,0.0
2019-01-14,8,0,200,0.0,0.0,0.0,0.0,0.0
2019-01-14,8,0,204,35.14,35.14,0.0,756.467763,0.0
2019-01-14,8,0,205,51.97,51.97,0.0,1119.475944,0.0
2019-01-14,8,0,206,22.82,22.82,0.0,505.984765,0.0
2019-01-14,8,0,210,0.0,0.0,0.0,0.0,0.0
2019-01-14,8,0,214,0.0,0.0,0.0,0.0,0.0
2019-01-14,8,0,217,0.0,0.0,0.0,0.0,0.0
2019-01-14,8,0,218,0.0,0.0,0.0,0.0,0.0
2019-01-14,8,0,219,0.0,0.0,0.0,0.0,0.0
2019-01-14,8,0,221,0.0,0.0,0.0,0.0,0.0
2019-01-14,8,0,225,0.0,0.0,0.0,0.0,0.0
2019-01-14,8,0,233,0.0,0.0,0.0,0.0,0.0
2019-01-14,8,0,236,72.97,72.97,0.0,1608.375374,0.0
2019-01-14,8,0,237,66.31,66.31,0.0,1449.501619,0.0
2019-01-14,8,0,238,0.0,0.0,0.0,0.0,0.0
2019-01-14,8,0,240,0.0,0.0,0.0,0.0,0.0
2019-01-14,8,0,245,78.0,78.0,0.0,1612.256568,0.0
2019-01-14,8,0,247,151.3,151.3,0.0,3127.364343,0.0
2019-01-14,8,0,248,6.66,6.66,0.0,145.584087,0.0
2019-01-14,8,0,249,150.0,150.0,0.0,3100.4934,0.0
2019-01-14,8,0,251,157.55,157.55,0.0,2585.839815,0.0
2019-01-14,8,0,252,163.25,163.25,0.0,2245.198645,0.0
2019-01-14,8,0,254,0.0,0.0,0.0,0.0,0.0
2019-01-14,8,0,255,0.0,0.0,0.0,0.0,0.0
2019-01-14,8,0,258,0.0,0.0,0.0,0.0,0.0
2019-01-14,8,0,260,0.0,0.0,0.0,0.0,0.0
2019-01-14,8,0,265,0.0,0.0,0.0,0.0,0.0
2019-01-14,8,0,266,2.64,2.64,0.0,57.847958,0.0
2019-01-14,8,0,267,3.24,3.24,0.0,70.995221,0.0
2019-01-14,8,0,270,20.24,20.24,0.0,181.055054,0.0
2019-01-14,8,0,272,0.0,0.0,0.0,0.0,0.0
2019-01-14,8,0,273,0.0,0.0,0.0,0.0,0.0
2019-01-14,8,0,274,26.09,26.09,0.0,233.38569,0.0
2019-01-14,8,0,275,36.32,36.32,0.0,324.897211,0.0
2019-01-14,8,0,276,0.0,0.0,0.0,0.0,0.0
2019-01-14,8,0,277,0.0,0.0,0.0,0.0,0.0
2019-01-14,8,0,278,0.0,0.0,0.0,0.0,0.0
2019-01-14,8,0,279,0.0,0.0,0.0,0.0,0.0
2019-01-14,8,0,281,2.89,2.89,0.0,64.060287,0.0
2019-01-14,8,0,282,0.0,0.0,0.0,0.0,0.0
2019-01-14,9,0,9,0.1,0.1,0.0,2.697864,0.0
2019-01-14,9,0,17,3.13,3.13,0.0,17.494016,0.0
2019-01-14,9,0,19,475.02,475.02,0.0,2654.954533,0.0
2019-01-14,9,0,20,589.85,589.85,0.0,3296.755781,0.0
2019-01-14,9,0,21,2.29,2.29,0.0,61.781085,0.0
2019-01-14,9,0,22,8.15,8.15,0.0,219.875914,0.0
2019-01-14,9,0,23,5.67,5.67,0.0,152.968888,0.0
2019-01-14,9,0,24,10.03,10.03,0.0,270.595757,0.0
2019-01-14,9,0,29,0.87,0.87,0.0,17.674766,0.0
2019-01-14,9,0,30,19.03,19.03,0.0,514.00371,0.0
2019-01-14,9,0,31,10.01,10.01,0.0,270.371894,0.0
2019-01-14,9,0,32,0.56,0.56,0.0,18.487454,0.0
2019-01-14,9,0,33,0.2,0.2,0.0,4.249815,0.0
2019-01-14,9,0,34,0.32,0.32,0.0,6.799704,0.0
2019-01-14,9,0,35,0.32,0.32,0.0,6.799704,0.0
2019-01-14,9,0,36,0.88,0.88,0.0,20.539395,0.0
2019-01-14,9,0,37,0.39,0.39,0.0,9.109013,0.0
2019-01-14,9,0,38,0.51,0.51,0.0,11.911787,0.0
2019-01-14,9,0,39,0.34,0.34,0.0,7.941191,0.0
2019-01-14,9,0,40,0.34,0.34,0.0,7.941191,0.0
2019-01-14,9,0,41,3.01,3.01,0.0,76.250024,0.0
2019-01-14,9,0,42,4.04,4.04,0.0,72.722189,0.0
2019-01-14,9,0,43,2.9,2.9,0.0,67.01932,0.0
2019-01-14,9,0,46,2.55,2.55,0.0,60.416366,0.0
2019-01-14,9,0,52,10.62,10.62,0.0,286.848103,0.0
2019-01-14,9,0,53,16.97,16.97,0.0,458.362741,0.0
2019-01-14,9,0,55,23.14,23.14,0.0,624.285724,0.0
2019-01-14,9,0,56,5.61,5.61,0.0,151.527105,0.0
2019-01-14,9,0,57,5.34,5.34,0.0,144.234357,0.0
2019-01-14,9,0,58,10.27,10.27,0.0,277.39454,0.0
2019-01-14,9,0,59,10.1,10.1,0.0,272.80281,0.0
2019-01-14,9,0,63,0.0,0.0,0.0,0.0,0.0
2019-01-14,9,0,64,0.0,0.0,0.0,0.0,0.0
2019-01-14,9,0,65,32.28,32.28,0.0,443.951071,0.0
2019-01-14,9,0,67,7.79,7.79,0.0,239.756195,0.0
2019-01-14,9,0,68,0.0,0.0,0.0,0.0,0.0
2019-01-14,9,0,69,0.2,0.2,0.0,4.249815,0.0
2019-01-14,9,0,74,27.46,27.46,0.0,632.002317,0.0
2019-01-14,9,0,77,1.85,1.85,0.0,55.518089,0.0
2019-01-14,9,0,78,1.4,1.4,0.0,42.013689,0.0
2019-01-14,9,0,79,0.81,0.81,0.0,24.30792,0.0
2019-01-14,9,0,80,1.31,1.31,0.0,39.312809,0.0
2019-01-14,9,0,81,1.71,1.71,0.0,51.31672,0.0
2019-01-14,9,0,82,1.21,1.21,0.0,36.311831,0.0
2019-01-14,9,0,83,2.7,2.7,0.0,81.026401,0.0
2019-01-14,9,0,84,0.0,0.0,0.0,0.0,0.0
2019-01-14,9,0,86,1.01,1.01,0.0,21.461567,0.0
2019-01-14,9,0,87,5.17,5.17,0.0,109.857724,0.0
2019-01-14,9,0,88,3.7,3.7,0.0,111.036179,0.0
2019-01-14,9,0,89,3.53,3.53,0.0,105.934516,0.0
2019-01-14,9,0,90,4.96,4.96,0.0,148.848499,0.0
2019-01-14,9,0,91,18.64,18.64,0.0,559.382262,0.0
2019-01-14,9,0,92,6.56,6.56,0.0,196.864144,0.0
2019-01-14,9,0,95,2.42,2.42,0.0,79.986115,0.0
2019-01-14,9,0,96,1.23,1.23,0.0,33.263063,0.0
2019-01-14,9,0,97,7.57,7.57,0.0,204.716577,0.0
2019-01-14,9,0,99,5.3,5.3,0.0,121.981511,0.0
2019-01-14,9,0,101,0.38,0.38,0.0,10.263868,0.0
2019-01-14,9,0,102,0.0,0.0,0.0,0.0,0.0
2019-01-14,9,0,103,0.0,0.0,0.0,0.0,0.0
2019-01-14,9,0,104,0.0,0.0,0.0,0.0,0.0
2019-01-14,9,0,106,8.02,8.02,0.0,216.368691,0.0
2019-01-14,9,0,109,6.36,6.36,0.0,154.256327,0.0
2019-01-14,9,0,110,150.05,150.05,0.0,4759.628064,0.0
2019-01-14,9,0,111,1.15,1.15,0.0,29.132069,0.0
2019-01-14,9,0,113,0.0,0.0,0.0,0.0,0.0
2019-01-14,9,0,115,0.0,0.0,0.0,0.0,0.0
2019-01-14,9,0,116,6.18,6.18,0.0,196.031332,0.0
2019-01-14,9,0,117,0.0,0.0,0.0,0.0,0.0
2019-01-14,9,0,119,0.0,0.0,0.0,0.0,0.0
2019-01-14,9,0,120,0.0,0.0,0.0,0.0,0.0
2019-01-14,9,0,123,0.13,0.13,0.0,3.507223,0.0
2019-01-14,9,0,125,9.08,9.08,0.0,244.966049,0.0
2019-01-14,9,0,126,6.02,6.02,0.0,162.411411,0.0
2019-01-14,9,0,127,7.72,7.72,0.0,208.275099,0.0
2019-01-14,9,0,128,13.0,13.0,0.0,350.722317,0.0
2019-01-14,9,0,131,0.67,0.67,0.0,20.359503,0.0
2019-01-14,9,0,132,0.99,0.99,0.0,30.083445,0.0
2019-01-14,9,0,133,41.94,41.94,0.0,969.018681,0.0
2019-01-14,9,0,134,0.0,0.0,0.0,0.0,0.0
2019-01-14,9,0,135,56.2,56.2,0.0,1298.494275,0.0
2019-01-14,9,0,136,38.06,38.06,0.0,540.502146,0.0
2019-01-14,9,0,139,3.89,3.89,0.0,98.54239,0.0
2019-01-14,9,0,140,111.06,111.06,0.0,3522.854334,0.0
2019-01-14,9,0,141,8.93,8.93,0.0,274.842468,0.0
2019-01-14,9,0,142,10.27,10.27,0.0,316.084227,0.0
2019-01-14,9,0,143,13.2,13.2,0.0,356.534365,0.0
2019-01-14,9,0,145,0.0,0.0,0.0,0.0,0.0
2019-01-14,9,0,146,183.29,183.29,0.0,5814.010182,0.0
2019-01-14,9,0,152,0.56,0.56,0.0,12.873485,0.0
2019-01-14,9,0,153,0.71,0.71,0.0,16.35418,0.0
2019-01-14,9,0,154,4.73,4.73,0.0,119.821467,0.0
2019-01-14,9,0,157,83.97,83.97,0.0,2584.380967,0.0
2019-01-14,9,0,158,0.0,0.0,0.0,0.0,0.0
2019-01-14,9,0,159,0.0,0.0,0.0,0.0,0.0
2019-01-14,9,0,160,0.24,0.24,0.0,5.362986,0.0
2019-01-14,9,0,161,2.31,2.31,0.0,70.384649,0.0
2019-01-14,9,0,162,1.82,1.82,0.0,60.134389,0.0
2019-01-14,9,0,163,9.87,9.87,0.0,313.079167,0.0
2019-01-14,9,0,164,0.48,0.48,0.0,12.964886,0.0
2019-01-14,9,0,167,0.68,0.68,0.0,22.483478,0.0
2019-01-14,9,0,168,0.34,0.34,0.0,11.241739,0.0
2019-01-14,9,0,169,0.0,0.0,0.0,0.0,0.0
2019-01-14,9,0,170,0.74,0.74,0.0,24.467314,0.0
2019-01-14,9,0,172,0.93,0.93,0.0,31.918158,0.0
2019-01-14,9,0,173,1.42,1.42,0.0,48.735252,0.0
2019-01-14,9,0,188,1.15,1.15,0.0,38.239284,0.0
2019-01-14,9,0,190,0.54,0.54,0.0,17.510881,0.0
2019-01-14,9,0,191,1.39,1.39,0.0,45.074304,0.0
2019-01-14,9,0,192,8.59,8.59,0.0,278.552716,0.0
2019-01-14,9,0,194,0.0,0.0,0.0,0.0,0.0
2019-01-14,9,0,196,0.42,0.42,0.0,13.445604,0.0
2019-01-14,9,0,198,1.14,1.14,0.0,23.991271,0.0
2019-01-14,9,0,199,5.53,5.53,0.0,117.620489,0.0
2019-01-14,9,0,200,2.17,2.17,0.0,46.154876,0.0
2019-01-14,9,0,204,14.2,14.2,0.0,346.193513,0.0
2019-01-14,9,0,205,35.8,35.8,0.0,868.298193,0.0
2019-01-14,9,0,206,22.25,22.25,0.0,601.709886,0.0
2019-01-14,9,0,210,0.27,0.27,0.0,5.436908,0.0
2019-01-14,9,0,214,1.21,1.21,0.0,25.070793,0.0
2019-01-14,9,0,217,0.91,0.91,0.0,18.613594,0.0
2019-01-14,9,0,218,1.26,1.26,0.0,25.772669,0.0
2019-01-14,9,0,219,0.86,0.86,0.0,17.590869,0.0
2019-01-14,9,0,221,0.65,0.65,0.0,13.467781,0.0
2019-01-14,9,0,225,0.75,0.75,0.0,15.249841,0.0
2019-01-14,9,0,233,0.57,0.57,0.0,12.111973,0.0
2019-01-14,9,0,236,71.31,71.31,0.0,1601.944776,0.0
2019-01-14,9,0,237,65.87,65.87,0.0,1516.023038,0.0
2019-01-14,9,0,238,5.25,5.25,0.0,94.502845,0.0
2019-01-14,9,0,240,0.99,0.99,0.0,23.106819,0.0
2019-01-14,9,0,245,78.0,78.0,0.0,1578.585733,0.0
2019-01-14,9,0,247,158.96,158.96,0.0,3217.07677,0.0
2019-01-14,9,0,248,6.61,6.61,0.0,152.131658,0.0
2019-01-14,9,0,249,150.0,150.0,0.0,3035.741794,0.0
2019-01-14,9,0,251,206.23,206.23,0.0,3386.749,0.0
2019-01-14,9,0,252,208.25,208.25,0.0,2864.089543,0.0
2019-01-14,9,0,254,1.59,1.59,0.0,36.440116,0.0
2019-01-14,9,0,255,0.73,0.73,0.0,16.730368,0.0
2019-01-14,9,0,258,1.26,1.26,0.0,29.361851,0.0
2019-01-14,9,0,260,0.58,0.58,0.0,12.96055,0.0
2019-01-14,9,0,265,4.9,4.9,0.0,124.127946,0.0
2019-01-14,9,0,266,2.52,2.52,0.0,63.83723,0.0
2019-01-14,9,0,267,3.1,3.1,0.0,78.529925,0.0
2019-01-14,9,0,270,30.84,30.84,0.0,978.253445,0.0
2019-01-14,9,0,272,0.0,0.0,0.0,0.0,0.0
2019-01-14,9,0,273,1.48,1.48,0.0,46.946015,0.0
2019-01-14,9,0,274,39.75,39.75,0.0,1260.881143,0.0
2019-01-14,9,0,275,55.34,55.34,0.0,1755.400314,0.0
2019-01-14,9,0,276,0.35,0.35,0.0,11.028417,0.0
2019-01-14,9,0,277,0.45,0.45,0.0,13.66762,0.0
2019-01-14,9,0,278,0.72,0.72,0.0,21.868192,0.0
2019-01-14,9,0,279,0.0,0.0,0.0,0.0,0.0
2019-01-14,9,0,281,4.46,4.46,0.0,120.465399,0.0
2019-01-14,9,0,282,10.44,10.44,0.0,281.986271,0.0
2019-01-14,10,0,9,0.88,0.88,0.0,20.813647,0.0
2019-01-14,10,0,17,9.8,9.8,0.0,116.305605,0.0
2019-01-14,10,0,19,349.46,349.46,0.0,4147.362914,0.0
2019-01-14,10,0,20,433.01,433.01,0.0,5138.927532,0.0
2019-01-14,10,0,21,20.15,20.15,0.0,476.585203,0.0
2019-01-14,10,0,22,71.62,71.62,0.0,1693.94701,0.0
2019-01-14,10,0,23,8.51,8.51,0.0,201.277423,0.0
2019-01-14,10,0,24,15.06,15.06,0.0,356.197179,0.0
2019-01-14,10,0,29,2.37,2.37,0.0,40.129934,0.0
2019-01-14,10,0,30,175.88,175.88,0.0,2366.62941,0.0
2019-01-14,10,0,31,25.55,25.55,0.0,343.799076,0.0
2019-01-14,10,0,32,2.3,2.3,0.0,66.277576,0.0
2019-01-14,10,0,33,0.58,0.58,0.0,10.070232,0.0
2019-01-14,10,0,34,0.93,0.93,0.0,16.147096,0.0
2019-01-14,10,0,35,0.93,0.93,0.0,16.147096,0.0
2019-01-14,10,0,36,3.18,3.18,0.0,58.310722,0.0
2019-01-14,10,0,37,1.37,1.37,0.0,25.129407,0.0
2019-01-14,10,0,38,1.76,1.76,0.0,32.283033,0.0
2019-01-14,10,0,39,1.17,1.17,0.0,21.46088,0.0
2019-01-14,10,0,40,1.17,1.17,0.0,21.46088,0.0
2019-01-14,10,0,41,2.95,2.95,0.0,56.996048,0.0
2019-01-14,10,0,42,12.83,12.83,0.0,209.342581,0.0
2019-01-14,10,0,43,10.65,10.65,0.0,194.122578,0.0
2019-01-14,10,0,46,9.94,9.94,0.0,183.818986,0.0
2019-01-14,10,0,52,27.1,27.1,0.0,364.655771,0.0
2019-01-14,10,0,53,43.22,43.22,0.0,581.565403,0.0
2019-01-14,10,0,55,28.52,28.52,0.0,674.551365,0.0
2019-01-14,10,0,56,51.88,51.88,0.0,698.093779,0.0
2019-01-14,10,0,57,49.35,49.35,0.0,664.050269,0.0
2019-01-14,10,0,58,94.9,94.9,0.0,1276.967995,0.0
2019-01-14,10,0,59,93.32,93.32,0.0,1255.707622,0.0
2019-01-14,10,0,63,1.12,1.12,0.0,33.385339,0.0
2019-01-14,10,0,64,1.31,1.31,0.0,39.048924,0.0
2019-01-14,10,0,65,40.39,40.39,0.0,597.153337,0.0
2019-01-14,10,0,67,104.22,104.22,0.0,1720.057715,0.0
2019-01-14,10,0,68,1.23,1.23,0.0,23.336048,0.0
2019-01-14,10,0,69,0.58,0.58,0.0,10.070232,0.0
2019-01-14,10,0,74,44.21,44.21,0.0,804.584339,0.0
2019-01-14,10,0,77,3.35,3.35,0.0,70.126949,0.0
2019-01-14,10,0,78,2.53,2.53,0.0,52.961547,0.0
2019-01-14,10,0,79,1.47,1.47,0.0,30.772124,0.0
2019-01-14,10,0,80,2.37,2.37,0.0,49.6122,0.0
2019-01-14,10,0,81,3.1,3.1,0.0,64.893595,0.0
2019-01-14,10,0,82,2.19,2.19,0.0,45.844185,0.0
2019-01-14,10,0,83,4.88,4.88,0.0,102.155078,0.0
2019-01-14,10,0,84,0.0,0.0,0.0,0.0,0.0
2019-01-14,10,0,86,2.94,2.94,0.0,51.045659,0.0
2019-01-14,10,0,87,15.02,15.02,0.0,260.784285,0.0
2019-01-14,10,0,88,4.1,4.1,0.0,85.827012,0.0
2019-01-14,10,0,89,3.92,3.92,0.0,82.058997,0.0
2019-01-14,10,0,90,5.44,5.44,0.0,113.877792,0.0
2019-01-14,10,0,91,20.16,20.16,0.0,422.0177,0.0
2019-01-14,10,0,92,7.14,7.14,0.0,149.464602,0.0
2019-01-14,10,0,95,6.85,6.85,0.0,197.969151,0.0
2019-01-14,10,0,96,1.44,1.44,0.0,28.171159,0.0
2019-01-14,10,0,97,8.89,8.89,0.0,173.917783,0.0
2019-01-14,10,0,99,9.09,9.09,0.0,165.430256,0.0
2019-01-14,10,0,101,3.54,3.54,0.0,47.634001,0.0
2019-01-14,10,0,102,2.92,2.92,0.0,55.399397,0.0
2019-01-14,10,0,103,2.54,2.54,0.0,48.189887,0.0
2019-01-14,10,0,104,0.47,0.47,0.0,8.917026,0.0
2019-01-14,10,0,106,70.5,70.5,0.0,1667.456915,0.0
2019-01-14,10,0,109,3.92,3.92,0.0,73.499905,0.0
2019-01-14,10,0,110,195.16,195.16,0.0,1745.785786,0.0
2019-01-14,10,0,111,4.94,4.94,0.0,95.444229,0.0
2019-01-14,10,0,113,3.94,3.94,0.0,85.673371,0.0
2019-01-14,10,0,115,3.94,3.94,0.0,85.673371,0.0
2019-01-14,10,0,116,45.99,45.99,0.0,411.399305,0.0
2019-01-14,10,0,117,0.26,0.26,0.0,5.653573,0.0
2019-01-14,10,0,119,1.31,1.31,0.0,39.048924,0.0
2019-01-14,10,0,120,0.77,0.77,0.0,22.952421,0.0
2019-01-14,10,0,123,1.18,1.18,0.0,27.909208,0.0
2019-01-14,10,0,125,13.63,13.63,0.0,322.375003,0.0
2019-01-14,10,0,126,52.88,52.88,0.0,1250.710945,0.0
2019-01-14,10,0,127,67.86,67.86,0.0,1605.015975,0.0
2019-01-14,10,0,128,19.52,19.52,0.0,461.684524,0.0
2019-01-14,10,0,131,2.01,2.01,0.0,39.459518,0.0
2019-01-14,10,0,132,3.25,3.25,0.0,63.802704,0.0
2019-01-14,10,0,133,41.94,41.94,0.0,759.843877,0.0
2019-01-14,10,0,134,0.0,0.0,0.0,0.0,0.0
2019-01-14,10,0,135,56.2,56.2,0.0,1018.198043,0.0
2019-01-14,10,0,136,44.62,44.62,0.0,666.837298,0.0
2019-01-14,10,0,139,3.81,3.81,0.0,73.611845,0.0
2019-01-14,10,0,140,144.44,144.44,0.0,1292.074703,0.0
2019-01-14,10,0,141,17.58,17.58,0.0,290.142148,0.0
2019-01-14,10,0,142,137.44,137.44,0.0,2268.324049,0.0
2019-01-14,10,0,143,29.13,29.13,0.0,391.971314,0.0
2019-01-14,10,0,145,0.0,0.0,0.0,0.0,0.0
2019-01-14,10,0,146,226.3,226.3,0.0,2024.345785,0.0
2019-01-14,10,0,152,1.85,1.85,0.0,33.63318,0.0
2019-01-14,10,0,153,2.43,2.43,0.0,44.228536,0.0
2019-01-14,10,0,154,20.37,20.37,0.0,393.56254,0.0
2019-01-14,10,0,157,102.65,102.65,0.0,1694.146272,0.0
2019-01-14,10,0,158,93.32,93.32,0.0,1540.162982,0.0
2019-01-14,10,0,159,0.0,0.0,0.0,0.0,0.0
2019-01-14,10,0,160,0.84,0.84,0.0,15.013614,0.0
2019-01-14,10,0,161,19.05,19.05,0.0,361.42415,0.0
2019-01-14,10,0,162,3.99,3.99,0.0,115.341386,0.0
2019-01-14,10,0,163,9.36,9.36,0.0,83.729017,0.0
2019-01-14,10,0,164,7.42,7.42,0.0,99.843019,0.0
2019-01-14,10,0,167,2.7,2.7,0.0,77.946984,0.0
2019-01-14,10,0,168,1.35,1.35,0.0,38.973492,0.0
2019-01-14,10,0,169,0.0,0.0,0.0,0.0,0.0
2019-01-14,10,0,170,2.95,2.95,0.0,85.164298,0.0
2019-01-14,10,0,172,3.56,3.56,0.0,104.5515,0.0
2019-01-14,10,0,173,5.42,5.42,0.0,159.176722,0.0
2019-01-14,10,0,188,4.7,4.7,0.0,135.081327,0.0
2019-01-14,10,0,190,3.59,3.59,0.0,107.011935,0.0
2019-01-14,10,0,191,9.26,9.26,0.0,276.025215,0.0
2019-01-14,10,0,192,15.27,15.27,0.0,455.17333,0.0
2019-01-14,10,0,194,0.0,0.0,0.0,0.0,0.0
2019-01-14,10,0,196,2.6,2.6,0.0,84.064551,0.0
2019-01-14,10,0,198,3.8,3.8,0.0,65.628901,0.0
2019-01-14,10,0,199,6.51,6.51,0.0,117.72081,0.0
2019-01-14,10,0,200,8.44,8.44,0.0,152.621142,0.0
2019-01-14,10,0,204,5.4,5.4,0.0,101.551671,0.0
2019-01-14,10,0,205,23.17,23.17,0.0,434.436938,0.0
2019-01-14,10,0,206,26.11,26.11,0.0,510.797899,0.0
2019-01-14,10,0,210,0.78,0.78,0.0,13.142842,0.0
2019-01-14,10,0,214,3.57,3.57,0.0,61.11346,0.0
2019-01-14,10,0,217,2.7,2.7,0.0,45.890414,0.0
2019-01-14,10,0,218,3.72,3.72,0.0,63.226793,0.0
2019-01-14,10,0,219,2.54,2.54,0.0,43.170982,0.0
2019-01-14,10,0,221,1.91,1.91,0.0,32.696557,0.0
2019-01-14,10,0,225,2.06,2.06,0.0,34.897316,0.0
2019-01-14,10,0,233,1.66,1.66,0.0,28.821699,0.0
2019-01-14,10,0,236,69.84,69.84,0.0,1252.925612,0.0
2019-01-14,10,0,237,103.3,103.3,0.0,1879.972001,0.0
2019-01-14,10,0,238,16.7,16.7,0.0,272.488005,0.0
2019-01-14,10,0,240,3.61,3.61,0.0,66.195505,0.0
2019-01-14,10,0,245,78.0,78.0,0.0,1332.328053,0.0
2019-01-14,10,0,247,166.58,166.58,0.0,2845.37445,0.0
2019-01-14,10,0,248,11.27,11.27,0.0,205.104399,0.0
2019-01-14,10,0,249,150.0,150.0,0.0,2562.169333,0.0
2019-01-14,10,0,251,264.5,264.5,0.0,4164.074794,0.0
2019-01-14,10,0,252,260.54,260.54,0.0,3852.001246,0.0
2019-01-14,10,0,254,4.75,4.75,0.0,86.158399,0.0
2019-01-14,10,0,255,2.18,2.18,0.0,39.54217,0.0
2019-01-14,10,0,258,4.71,4.71,0.0,86.282786,0.0
2019-01-14,10,0,260,2.04,2.04,0.0,36.461633,0.0
2019-01-14,10,0,265,21.09,21.09,0.0,407.473439,0.0
2019-01-14,10,0,266,2.47,2.47,0.0,47.722115,0.0
2019-01-14,10,0,267,3.03,3.03,0.0,58.541703,0.0
2019-01-14,10,0,270,29.22,29.22,0.0,261.384816,0.0
2019-01-14,10,0,272,13.16,13.16,0.0,286.157758,0.0
2019-01-14,10,0,273,11.0,11.0,0.0,98.399486,0.0
2019-01-14,10,0,274,37.67,37.67,0.0,336.973512,0.0
2019-01-14,10,0,275,52.43,52.43,0.0,469.007731,0.0
2019-01-14,10,0,276,2.44,2.44,0.0,25.944776,0.0
2019-01-14,10,0,277,2.55,2.55,0.0,54.619292,0.0
2019-01-14,10,0,278,4.08,4.08,0.0,87.390868,0.0
2019-01-14,10,0,279,5.51,5.51,0.0,118.02051,0.0
2019-01-14,10,0,281,11.39,11.39,0.0,153.263071,0.0
2019-01-14,10,0,282,96.48,96.48,0.0,1298.228369,0.0
2019-01-14,11,0,9,1.51,1.51,0.0,54.765783,0.0
2019-01-14,11,0,17,14.98,14.98,0.0,345.762295,0.0
2019-01-14,11,0,19,192.99,192.99,0.0,4454.517038,0.0
2019-01-14,11,0,20,234.06,234.06,0.0,5402.478148,0.0
2019-01-14,11,0,21,34.63,34.63,0.0,1255.986146,0.0
2019-01-14,11,0,22,123.06,123.06,0.0,4463.230007,0.0
2019-01-14,11,0,23,4.54,4.54,0.0,164.660038,0.0
2019-01-14,11,0,24,8.03,8.03,0.0,291.237908,0.0
2019-01-14,11,0,29,3.52,3.52,0.0,42.906385,0.0
2019-01-14,11,0,30,306.11,306.11,0.0,3476.735348,0.0
2019-01-14,11,0,31,20.68,20.68,0.0,234.879249,0.0
2019-01-14,11,0,32,3.59,3.59,0.0,119.157715,0.0
2019-01-14,11,0,33,0.89,0.89,0.0,20.165004,0.0
2019-01-14,11,0,34,1.42,1.42,0.0,32.173377,0.0
2019-01-14,11,0,35,1.42,1.42,0.0,32.173377,0.0
2019-01-14,11,0,36,4.96,4.96,0.0,115.590328,0.0
2019-01-14,11,0,37,2.12,2.12,0.0,49.273964,0.0
2019-01-14,11,0,38,2.73,2.73,0.0,63.45185,0.0
2019-01-14,11,0,39,1.82,1.82,0.0,42.301234,0.0
2019-01-14,11,0,40,1.82,1.82,0.0,42.301234,0.0
2019-01-14,11,0,41,2.23,2.23,0.0,57.664321,0.0
2019-01-14,11,0,42,19.93,19.93,0.0,461.849164,0.0
2019-01-14,11,0,43,16.52,16.52,0.0,375.616323,0.0
2019-01-14,11,0,46,15.62,15.62,0.0,367.553408,0.0
2019-01-14,11,0,52,21.98,21.98,0.0,249.644386,0.0
2019-01-14,11,0,53,35.8,35.8,0.0,406.609145,0.0
2019-01-14,11,0,55,49.38,49.38,0.0,1790.949925,0.0
2019-01-14,11,0,56,90.29,90.29,0.0,1025.495523,0.0
2019-01-14,11,0,57,85.89,85.89,0.0,975.521215,0.0
2019-01-14,11,0,58,165.17,165.17,0.0,1875.967389,0.0
2019-01-14,11,0,59,162.42,162.42,0.0,1844.733446,0.0
2019-01-14,11,0,63,1.62,1.62,0.0,52.532643,0.0
2019-01-14,11,0,64,1.9,1.9,0.0,61.612359,0.0
2019-01-14,11,0,65,41.4,41.4,0.0,956.285341,0.0
2019-01-14,11,0,67,182.33,182.33,0.0,5540.504177,0.0
2019-01-14,11,0,68,1.89,1.89,0.0,56.725477,0.0
2019-01-14,11,0,69,0.89,0.89,0.0,20.165004,0.0
2019-01-14,11,0,74,47.65,47.65,0.0,1126.978055,0.0
2019-01-14,11,0,77,3.77,3.77,0.0,111.148933,0.0
2019-01-14,11,0,78,2.85,2.85,0.0,84.025055,0.0
2019-01-14,11,0,79,1.65,1.65,0.0,48.646085,0.0
2019-01-14,11,0,80,2.67,2.67,0.0,78.71821,0.0
2019-01-14,11,0,81,3.49,3.49,0.0,102.89384,0.0
2019-01-14,11,0,82,2.46,2.46,0.0,72.52689,0.0
2019-01-14,11,0,83,5.49,5.49,0.0,161.858791,0.0
2019-01-14,11,0,84,0.0,0.0,0.0,0.0,0.0
2019-01-14,11,0,86,4.49,4.49,0.0,101.731313,0.0
2019-01-14,11,0,87,22.9,22.9,0.0,518.852353,0.0
2019-01-14,11,0,88,2.26,2.26,0.0,66.630395,0.0
2019-01-14,11,0,89,2.18,2.18,0.0,64.271797,0.0
2019-01-14,11,0,90,2.92,2.92,0.0,86.088828,0.0
2019-01-14,11,0,91,10.43,10.43,0.0,307.50222,0.0
2019-01-14,11,0,92,3.75,3.75,0.0,110.559283,0.0
2019-01-14,11,0,95,6.7,6.7,0.0,222.728719,0.0
2019-01-14,11,0,96,1.3,1.3,0.0,34.159674,0.0
2019-01-14,11,0,97,9.56,9.56,0.0,251.204991,0.0
2019-01-14,11,0,99,10.23,10.23,0.0,241.951427,0.0
2019-01-14,11,0,101,6.17,6.17,0.0,70.07761,0.0
2019-01-14,11,0,102,4.48,4.48,0.0,134.460389,0.0
2019-01-14,11,0,103,3.89,3.89,0.0,116.752436,0.0
2019-01-14,11,0,104,0.72,0.72,0.0,21.609705,0.0
2019-01-14,11,0,106,121.14,121.14,0.0,4393.594044,0.0
2019-01-14,11,0,109,0.0,0.0,0.0,0.0,0.0
2019-01-14,11,0,110,249.36,249.36,0.0,7862.765629,0.0
2019-01-14,11,0,111,7.98,7.98,0.0,206.350352,0.0
2019-01-14,11,0,113,2.75,2.75,0.0,82.853019,0.0
2019-01-14,11,0,115,2.75,2.75,0.0,82.853019,0.0
2019-01-14,11,0,116,77.14,77.14,0.0,2432.361809,0.0
2019-01-14,11,0,117,0.19,0.19,0.0,5.72439,0.0
2019-01-14,11,0,119,1.9,1.9,0.0,61.612359,0.0
2019-01-14,11,0,120,1.12,1.12,0.0,36.318864,0.0
2019-01-14,11,0,123,2.02,2.02,0.0,73.262836,0.0
2019-01-14,11,0,125,7.26,7.26,0.0,263.310985,0.0
2019-01-14,11,0,126,90.86,90.86,0.0,3295.376877,0.0
2019-01-14,11,0,127,116.6,116.6,0.0,4228.934006,0.0
2019-01-14,11,0,128,10.4,10.4,0.0,377.1948,0.0
2019-01-14,11,0,131,1.94,1.94,0.0,58.032504,0.0
2019-01-14,11,0,132,2.86,2.86,0.0,85.553073,0.0
2019-01-14,11,0,133,41.94,41.94,0.0,967.97459,0.0
2019-01-14,11,0,134,0.0,0.0,0.0,0.0,0.0
2019-01-14,11,0,135,56.2,56.2,0.0,1297.095183,0.0
2019-01-14,11,0,136,45.9,45.9,0.0,1060.27245,0.0
2019-01-14,11,0,139,2.88,2.88,0.0,74.472308,0.0
2019-01-14,11,0,140,184.56,184.56,0.0,5819.506033,0.0
2019-01-14,11,0,141,29.69,29.69,0.0,902.196945,0.0
2019-01-14,11,0,142,240.45,240.45,0.0,7306.610154,0.0
2019-01-14,11,0,143,20.36,20.36,0.0,231.244754,0.0
2019-01-14,11,0,145,0.0,0.0,0.0,0.0,0.0
2019-01-14,11,0,146,234.03,234.03,0.0,7379.383382,0.0
2019-01-14,11,0,152,2.89,2.89,0.0,67.979889,0.0
2019-01-14,11,0,153,3.78,3.78,0.0,88.98679,0.0
2019-01-14,11,0,154,32.93,32.93,0.0,851.518433,0.0
2019-01-14,11,0,157,120.62,120.62,0.0,3665.308034,0.0
2019-01-14,11,0,158,177.73,177.73,0.0,5400.722906,0.0
2019-01-14,11,0,159,0.0,0.0,0.0,0.0,0.0
2019-01-14,11,0,160,1.3,1.3,0.0,27.759244,0.0
2019-01-14,11,0,161,32.44,32.44,0.0,973.637284,0.0
2019-01-14,11,0,162,5.96,5.96,0.0,198.041013,0.0
2019-01-14,11,0,163,20.58,20.58,0.0,648.924112,0.0
2019-01-14,11,0,164,13.14,13.14,0.0,149.241457,0.0
2019-01-14,11,0,167,4.18,4.18,0.0,139.020306,0.0
2019-01-14,11,0,168,2.09,2.09,0.0,69.510153,0.0
2019-01-14,11,0,169,0.0,0.0,0.0,0.0,0.0
2019-01-14,11,0,170,4.57,4.57,0.0,151.9911,0.0
2019-01-14,11,0,172,5.49,5.49,0.0,191.675693,0.0
2019-01-14,11,0,173,8.37,8.37,0.0,292.226876,0.0
2019-01-14,11,0,188,7.33,7.33,0.0,245.586591,0.0
2019-01-14,11,0,190,5.93,5.93,0.0,192.295414,0.0
2019-01-14,11,0,191,15.31,15.31,0.0,496.465899,0.0
2019-01-14,11,0,192,27.98,27.98,0.0,907.323048,0.0
2019-01-14,11,0,194,0.0,0.0,0.0,0.0,0.0
2019-01-14,11,0,196,4.29,4.29,0.0,136.844333,0.0
2019-01-14,11,0,198,5.81,5.81,0.0,107.384236,0.0
2019-01-14,11,0,199,8.37,8.37,0.0,135.103861,0.0
2019-01-14,11,0,200,13.02,13.02,0.0,210.161562,0.0
2019-01-14,11,0,204,0.0,0.0,0.0,0.0,0.0
2019-01-14,11,0,205,0.0,0.0,0.0,0.0,0.0
2019-01-14,11,0,206,36.54,36.54,0.0,960.14962,0.0
2019-01-14,11,0,210,1.16,1.16,0.0,14.321593,0.0
2019-01-14,11,0,214,5.36,5.36,0.0,120.111328,0.0
2019-01-14,11,0,217,4.06,4.06,0.0,73.088841,0.0
2019-01-14,11,0,218,5.6,5.6,0.0,100.812194,0.0
2019-01-14,11,0,219,3.81,3.81,0.0,68.588297,0.0
2019-01-14,11,0,221,2.86,2.86,0.0,64.089253,0.0
2019-01-14,11,0,225,3.08,3.08,0.0,37.496421,0.0
2019-01-14,11,0,233,2.54,2.54,0.0,57.549562,0.0
2019-01-14,11,0,236,54.68,54.68,0.0,1274.280083,0.0
2019-01-14,11,0,237,106.24,106.24,0.0,2512.699864,0.0
2019-01-14,11,0,238,25.94,25.94,0.0,601.122293,0.0
2019-01-14,11,0,240,5.62,5.62,0.0,130.971299,0.0
2019-01-14,11,0,245,78.0,78.0,0.0,1795.46405,0.0
2019-01-14,11,0,247,146.46,146.46,0.0,3371.329036,0.0
2019-01-14,11,0,248,12.65,12.65,0.0,299.187249,0.0
2019-01-14,11,0,249,150.0,150.0,0.0,3452.815481,0.0
2019-01-14,11,0,251,262.88,262.88,0.0,6079.554748,0.0
2019-01-14,11,0,252,267.06,267.06,0.0,6168.733409,0.0
2019-01-14,11,0,254,7.31,7.31,0.0,163.669591,0.0
2019-01-14,11,0,255,3.35,3.35,0.0,75.0059,0.0
2019-01-14,11,0,258,7.34,7.34,0.0,170.382363,0.0
2019-01-14,11,0,260,3.15,3.15,0.0,67.262784,0.0
2019-01-14,11,0,265,34.09,34.09,0.0,881.514223,0.0
2019-01-14,11,0,266,1.86,1.86,0.0,48.096699,0.0
2019-01-14,11,0,267,2.29,2.29,0.0,59.215828,0.0
2019-01-14,11,0,270,69.61,69.61,0.0,2194.927476,0.0
2019-01-14,11,0,272,9.2,9.2,0.0,277.181009,0.0
2019-01-14,11,0,273,18.45,18.45,0.0,581.761413,0.0
2019-01-14,11,0,274,90.9,90.9,0.0,2866.239155,0.0
2019-01-14,11,0,275,128.25,128.25,0.0,4043.951283,0.0
2019-01-14,11,0,276,4.08,4.08,0.0,127.607018,0.0
2019-01-14,11,0,277,4.21,4.21,0.0,125.750262,0.0
2019-01-14,11,0,278,6.74,6.74,0.0,201.319896,0.0
2019-01-14,11,0,279,8.67,8.67,0.0,258.967878,0.0
2019-01-14,11,0,281,9.02,9.02,0.0,102.447332,0.0
2019-01-14,11,0,282,167.92,167.92,0.0,1907.201331,0.0
2019-01-14,12,0,9,2.17,2.17,0.0,29.424114,0.0
2019-01-14,12,0,17,19.74,19.74,0.0,292.616706,0.0
2019-01-14,12,0,19,192.99,192.99,0.0,2860.795239,0.0
2019-01-14,12,0,20,234.06,234.06,0.0,3469.598081,0.0
2019-01-14,12,0,21,49.58,49.58,0.0,672.279976,0.0
2019-01-14,12,0,22,176.2,176.2,0.0,2389.183779,0.0
2019-01-14,12,0,23,3.94,3.94,0.0,53.424427,0.0
2019-01-14,12,0,24,6.6,6.6,0.0,89.492695,0.0
2019-01-14,12,0,29,4.56,4.56,0.0,38.62304,0.0
2019-01-14,12,0,30,444.09,444.09,0.0,2735.208736,0.0
2019-01-14,12,0,31,15.06,15.06,0.0,92.756521,0.0
2019-01-14,12,0,32,4.85,4.85,0.0,130.342632,0.0
2019-01-14,12,0,33,1.17,1.17,0.0,18.472628,0.0
2019-01-14,12,0,34,1.87,1.87,0.0,29.524628,0.0
2019-01-14,12,0,35,1.87,1.87,0.0,29.524628,0.0
2019-01-14,12,0,36,6.8,6.8,0.0,88.526029,0.0
2019-01-14,12,0,37,2.96,2.96,0.0,38.327265,0.0
2019-01-14,12,0,38,3.8,3.8,0.0,49.203921,0.0
2019-01-14,12,0,39,2.54,2.54,0.0,32.888937,0.0
2019-01-14,12,0,40,2.54,2.54,0.0,32.888937,0.0
2019-01-14,12,0,41,1.75,1.75,0.0,21.082453,0.0
2019-01-14,12,0,42,28.21,28.21,0.0,412.271001,0.0
2019-01-14,12,0,43,22.26,22.26,0.0,287.435221,0.0
2019-01-14,12,0,46,21.03,21.03,0.0,266.915139,0.0
2019-01-14,12,0,52,15.96,15.96,0.0,98.29974,0.0
2019-01-14,12,0,53,25.35,25.35,0.0,156.133985,0.0
2019-01-14,12,0,55,52.64,52.64,0.0,713.772044,0.0
2019-01-14,12,0,56,130.99,130.99,0.0,806.784643,0.0
2019-01-14,12,0,57,124.6,124.6,0.0,767.427793,0.0
2019-01-14,12,0,58,239.62,239.62,0.0,1475.851105,0.0
2019-01-14,12,0,59,235.62,235.62,0.0,1451.214579,0.0
2019-01-14,12,0,63,2.27,2.27,0.0,70.019044,0.0
2019-01-14,12,0,64,2.68,2.68,0.0,82.665655,0.0
2019-01-14,12,0,65,41.4,41.4,0.0,612.085866,0.0
2019-01-14,12,0,67,259.55,259.55,0.0,-1536.181812,0.0
2019-01-14,12,0,68,2.95,2.95,0.0,5.947407,0.0
2019-01-14,12,0,69,1.17,1.17,0.0,18.472628,0.0
2019-01-14,12,0,74,56.01,56.01,0.0,769.20425,0.0
2019-01-14,12,0,77,4.63,4.63,0.0,40.491092,0.0
2019-01-14,12,0,78,3.5,3.5,0.0,30.608817,0.0
2019-01-14,12,0,79,2.03,2.03,0.0,17.753114,0.0
2019-01-14,12,0,80,3.28,3.28,0.0,28.684834,0.0
2019-01-14,12,0,81,4.28,4.28,0.0,37.430211,0.0
2019-01-14,12,0,82,3.02,3.02,0.0,26.411036,0.0
2019-01-14,12,0,83,6.74,6.74,0.0,58.943836,0.0
2019-01-14,12,0,84,0.0,0.0,0.0,0.0,0.0
2019-01-14,12,0,86,5.92,5.92,0.0,93.468342,0.0
2019-01-14,12,0,87,30.22,30.22,0.0,477.130625,0.0
2019-01-14,12,0,88,2.81,2.81,0.0,24.574507,0.0
2019-01-14,12,0,89,2.7,2.7,0.0,23.612516,0.0
2019-01-14,12,0,90,3.63,3.63,0.0,31.745716,0.0
2019-01-14,12,0,91,12.95,12.95,0.0,113.252623,0.0
2019-01-14,12,0,92,4.66,4.66,0.0,40.753454,0.0
2019-01-14,12,0,95,7.63,7.63,0.0,206.473741,0.0
2019-01-14,12,0,96,1.14,1.14,0.0,12.018998,0.0
2019-01-14,12,0,97,7.01,7.01,0.0,73.906297,0.0
2019-01-14,12,0,99,10.81,10.81,0.0,148.457382,0.0
2019-01-14,12,0,101,8.95,8.95,0.0,55.124227,0.0
2019-01-14,12,0,102,6.97,6.97,0.0,14.052008,0.0
2019-01-14,12,0,103,6.06,6.06,0.0,12.217384,0.0
2019-01-14,12,0,104,1.13,1.13,0.0,2.278159,0.0
2019-01-14,12,0,106,173.46,173.46,0.0,2352.030751,0.0
2019-01-14,12,0,109,0.0,0.0,0.0,0.0,0.0
2019-01-14,12,0,110,313.84,313.84,0.0,-9483.374339,0.0
2019-01-14,12,0,111,10.94,10.94,0.0,131.795451,0.0
2019-01-14,12,0,113,2.04,2.04,0.0,20.310196,0.0
2019-01-14,12,0,115,2.04,2.04,0.0,20.310196,0.0
2019-01-14,12,0,116,107.86,107.86,0.0,-3259.230041,0.0
2019-01-14,12,0,117,0.14,0.14,0.0,1.393837,0.0
2019-01-14,12,0,119,2.68,2.68,0.0,82.665655,0.0
2019-01-14,12,0,120,1.57,1.57,0.0,48.427268,0.0
2019-01-14,12,0,123,2.89,2.89,0.0,39.186953,0.0
2019-01-14,12,0,125,6.04,6.04,0.0,81.899376,0.0
2019-01-14,12,0,126,130.09,130.09,0.0,1763.955266,0.0
2019-01-14,12,0,127,166.95,166.95,0.0,2263.758411,0.0
2019-01-14,12,0,128,8.28,8.28,0.0,112.272654,0.0
2019-01-14,12,0,131,2.72,2.72,0.0,11.247704,0.0
2019-01-14,12,0,132,3.99,3.99,0.0,16.49939,0.0
2019-01-14,12,0,133,40.18,40.18,0.0,595.756992,0.0
2019-01-14,12,0,134,0.0,0.0,0.0,0.0,0.0
2019-01-14,12,0,135,53.84,53.84,0.0,798.296576,0.0
2019-01-14,12,0,136,45.9,45.9,0.0,678.519022,0.0
2019-01-14,12,0,139,2.26,2.26,0.0,27.226483,0.0
2019-01-14,12,0,140,232.27,232.27,0.0,-7018.55518,0.0
2019-01-14,12,0,141,49.05,49.05,0.0,-290.309065,0.0
2019-01-14,12,0,142,342.29,342.29,0.0,-2025.889703,0.0
2019-01-14,12,0,143,14.3,14.3,0.0,88.075581,0.0
2019-01-14,12,0,145,0.0,0.0,0.0,0.0,0.0
2019-01-14,12,0,146,246.34,246.34,0.0,-7443.711556,0.0
2019-01-14,12,0,152,4.07,4.07,0.0,55.737712,0.0
2019-01-14,12,0,153,5.33,5.33,0.0,72.718581,0.0
2019-01-14,12,0,154,45.11,45.11,0.0,543.445412,0.0
2019-01-14,12,0,157,143.45,143.45,0.0,-849.028245,0.0
2019-01-14,12,0,158,252.26,252.26,0.0,-1493.03496,0.0
2019-01-14,12,0,159,0.0,0.0,0.0,0.0,0.0
2019-01-14,12,0,160,1.76,1.76,0.0,22.777491,0.0
2019-01-14,12,0,161,45.94,45.94,0.0,92.618256,0.0
2019-01-14,12,0,162,5.08,5.08,0.0,137.67291,0.0
2019-01-14,12,0,163,33.09,33.09,0.0,-999.888022,0.0
2019-01-14,12,0,164,18.97,18.97,0.0,116.838726,0.0
2019-01-14,12,0,167,5.6,5.6,0.0,150.90158,0.0
2019-01-14,12,0,168,2.8,2.8,0.0,75.45079,0.0
2019-01-14,12,0,169,0.0,0.0,0.0,0.0,0.0
2019-01-14,12,0,170,6.13,6.13,0.0,165.183337,0.0
2019-01-14,12,0,172,7.29,7.29,0.0,191.686033,0.0
2019-01-14,12,0,173,11.11,11.11,0.0,292.130566,0.0
2019-01-14,12,0,188,10.04,10.04,0.0,263.463225,0.0
2019-01-14,12,0,190,8.21,8.21,0.0,253.240682,0.0
2019-01-14,12,0,191,21.22,21.22,0.0,654.539254,0.0
2019-01-14,12,0,192,46.33,46.33,0.0,1429.067088,0.0
2019-01-14,12,0,194,0.0,0.0,0.0,0.0,0.0
2019-01-14,12,0,196,5.89,5.89,0.0,230.359234,0.0
2019-01-14,12,0,198,7.71,7.71,0.0,96.843623,0.0
2019-01-14,12,0,199,14.75,14.75,0.0,191.35165,0.0
2019-01-14,12,0,200,17.73,17.73,0.0,230.01117,0.0
2019-01-14,12,0,204,0.0,0.0,0.0,0.0,0.0
2019-01-14,12,0,205,0.0,0.0,0.0,0.0,0.0
2019-01-14,12,0,206,20.61,20.61,0.0,217.290838,0.0
2019-01-14,12,0,210,1.49,1.49,0.0,13.21322,0.0
2019-01-14,12,0,214,7.12,7.12,0.0,116.49134,0.0
2019-01-14,12,0,217,5.29,5.29,0.0,69.254428,0.0
2019-01-14,12,0,218,7.31,7.31,0.0,95.699408,0.0
2019-01-14,12,0,219,4.98,4.98,0.0,65.19604,0.0
2019-01-14,12,0,221,3.8,3.8,0.0,62.172345,0.0
2019-01-14,12,0,225,3.92,3.92,0.0,33.051605,0.0
2019-01-14,12,0,233,3.35,3.35,0.0,52.891714,0.0
2019-01-14,12,0,236,41.81,41.81,0.0,597.26973,0.0
2019-01-14,12,0,237,134.35,134.35,0.0,1845.073934,0.0
2019-01-14,12,0,238,36.72,36.72,0.0,536.639176,0.0
2019-01-14,12,0,240,7.7,7.7,0.0,100.242709,0.0
2019-01-14,12,0,245,78.0,78.0,0.0,1167.38198,0.0
2019-01-14,12,0,247,128.63,128.63,0.0,1925.132617,0.0
2019-01-14,12,0,248,13.49,13.49,0.0,185.262727,0.0
2019-01-14,12,0,249,150.0,150.0,0.0,2244.965347,0.0
2019-01-14,12,0,251,261.55,261.55,0.0,3850.247068,0.0
2019-01-14,12,0,252,267.06,267.06,0.0,3948.397377,0.0
2019-01-14,12,0,254,10.06,10.06,0.0,129.97461,0.0
2019-01-14,12,0,255,4.61,4.61,0.0,59.56093,0.0
2019-01-14,12,0,258,9.99,9.99,0.0,129.884285,0.0
2019-01-14,12,0,260,4.26,4.26,0.0,55.131881,0.0
2019-01-14,12,0,265,46.7,46.7,0.0,562.600327,0.0
2019-01-14,12,0,266,1.46,1.46,0.0,17.58879,0.0
2019-01-14,12,0,267,1.8,1.8,0.0,21.684809,0.0
2019-01-14,12,0,270,103.33,103.33,0.0,-3122.346006,0.0
2019-01-14,12,0,272,6.83,6.83,0.0,67.999334,0.0
2019-01-14,12,0,273,25.79,25.79,0.0,-779.302269,0.0
2019-01-14,12,0,274,133.21,133.21,0.0,-4025.236731,0.0
2019-01-14,12,0,275,185.42,185.42,0.0,-5602.878122,0.0
2019-01-14,12,0,276,5.67,5.67,0.0,-140.569869,0.0
2019-01-14,12,0,277,5.86,5.86,0.0,55.497884,0.0
2019-01-14,12,0,278,9.37,9.37,0.0,88.73979,0.0
2019-01-14,12,0,279,14.27,14.27,0.0,135.14587,0.0
2019-01-14,12,0,281,6.76,6.76,0.0,41.635729,0.0
2019-01-14,12,0,282,243.61,243.61,0.0,1500.42604,0.0
2019-01-14,13,0,9,3.02,3.02,0.0,235.18603,0.0
2019-01-14,13,0,17,23.28,23.28,0.0,369.069524,0.0
2019-01-14,13,0,19,192.99,192.99,0.0,3059.56733,0.0
2019-01-14,13,0,20,234.06,234.06,0.0,3710.670653,0.0
2019-01-14,13,0,21,69.03,69.03,0.0,5375.791935,0.0
2019-01-14,13,0,22,245.34,245.34,0.0,19106.139264,0.0
2019-01-14,13,0,23,10.22,10.22,0.0,795.894446,0.0
2019-01-14,13,0,24,17.85,17.85,0.0,1390.089614,0.0
2019-01-14,13,0,29,5.53,5.53,0.0,46.848644,0.0
2019-01-14,13,0,30,617.33,617.33,0.0,-65890.786779,0.0
2019-01-14,13,0,31,10.84,10.84,0.0,-1157.008616,0.0
2019-01-14,13,0,32,5.67,5.67,0.0,152.530961,0.0
2019-01-14,13,0,33,1.43,1.43,0.0,23.993995,0.0
2019-01-14,13,0,34,2.29,2.29,0.0,38.42395,0.0
2019-01-14,13,0,35,2.29,2.29,0.0,38.42395,0.0
2019-01-14,13,0,36,8.32,8.32,0.0,116.157949,0.0
2019-01-14,13,0,37,3.7,3.7,0.0,51.293473,0.0
2019-01-14,13,0,38,4.76,4.76,0.0,65.98836,0.0
2019-01-14,13,0,39,3.17,3.17,0.0,43.94603,0.0
2019-01-14,13,0,40,3.17,3.17,0.0,43.94603,0.0
2019-01-14,13,0,41,1.41,1.41,0.0,20.108413,0.0
2019-01-14,13,0,42,23.24,23.24,0.0,363.772991,0.0
2019-01-14,13,0,43,26.86,26.86,0.0,370.055272,0.0
2019-01-14,13,0,46,25.81,25.81,0.0,349.551714,0.0
2019-01-14,13,0,52,11.49,11.49,0.0,-1226.386439,0.0
2019-01-14,13,0,53,18.26,18.26,0.0,-1948.983148,0.0
2019-01-14,13,0,55,49.65,49.65,0.0,3866.551783,0.0
2019-01-14,13,0,56,182.09,182.09,0.0,-19435.39657,0.0
2019-01-14,13,0,57,173.21,173.21,0.0,-18487.588774,0.0
2019-01-14,13,0,58,333.09,333.09,0.0,-35552.398504,0.0
2019-01-14,13,0,59,327.54,327.54,0.0,-34960.018631,0.0
2019-01-14,13,0,63,3.11,3.11,0.0,100.849703,0.0
2019-01-14,13,0,64,3.66,3.66,0.0,118.684859,0.0
2019-01-14,13,0,65,41.4,41.4,0.0,654.792106,0.0
2019-01-14,13,0,67,340.39,340.39,0.0,-6224.224089,0.0
2019-01-14,13,0,68,4.47,4.47,0.0,-32.952174,0.0
2019-01-14,13,0,69,1.43,1.43,0.0,23.993995,0.0
2019-01-14,13,0,74,43.29,43.29,0.0,643.723319,0.0
2019-01-14,13,0,77,6.07,6.07,0.0,11.057555,0.0
2019-01-14,13,0,78,4.59,4.59,0.0,8.361479,0.0
2019-01-14,13,0,79,2.66,2.66,0.0,4.84565,0.0
2019-01-14,13,0,80,4.3,4.3,0.0,7.833194,0.0
2019-01-14,13,0,81,5.62,5.62,0.0,10.237802,0.0
2019-01-14,13,0,82,3.96,3.96,0.0,7.213825,0.0
2019-01-14,13,0,83,8.84,8.84,0.0,16.103589,0.0
2019-01-14,13,0,84,0.0,0.0,0.0,0.0,0.0
2019-01-14,13,0,86,7.26,7.26,0.0,121.815667,0.0
2019-01-14,13,0,87,37.07,37.07,0.0,621.998177,0.0
2019-01-14,13,0,88,3.7,3.7,0.0,6.74019,0.0
2019-01-14,13,0,89,3.56,3.56,0.0,6.485156,0.0
2019-01-14,13,0,90,4.78,4.78,0.0,8.707597,0.0
2019-01-14,13,0,91,17.04,17.04,0.0,31.041308,0.0
2019-01-14,13,0,92,6.13,6.13,0.0,11.166855,0.0
2019-01-14,13,0,95,7.14,7.14,0.0,193.869,0.0
2019-01-14,13,0,96,1.24,1.24,0.0,4.199368,0.0
2019-01-14,13,0,97,7.61,7.61,0.0,25.771925,0.0
2019-01-14,13,0,99,8.36,8.36,0.0,124.313397,0.0
2019-01-14,13,0,101,12.44,12.44,0.0,-1327.784795,0.0
2019-01-14,13,0,102,10.58,10.58,0.0,-77.994183,0.0
2019-01-14,13,0,103,9.2,9.2,0.0,-67.821029,0.0
2019-01-14,13,0,104,1.71,1.71,0.0,-12.605865,0.0
2019-01-14,13,0,106,241.52,241.52,0.0,18808.652299,0.0
2019-01-14,13,0,109,0.0,0.0,0.0,0.0,0.0
2019-01-14,13,0,110,338.6,338.6,0.0,-17507.934448,0.0
2019-01-14,13,0,111,13.24,13.24,0.0,188.819427,0.0
2019-01-14,13,0,113,2.99,2.99,0.0,11.036641,0.0
2019-01-14,13,0,115,2.99,2.99,0.0,11.036641,0.0
2019-01-14,13,0,116,126.85,126.85,0.0,-6559.012064,0.0
2019-01-14,13,0,117,0.2,0.2,0.0,0.738237,0.0
2019-01-14,13,0,119,3.66,3.66,0.0,118.684859,0.0
2019-01-14,13,0,120,2.15,2.15,0.0,69.719248,0.0
2019-01-14,13,0,123,4.03,4.03,0.0,313.84096,0.0
2019-01-14,13,0,125,16.21,16.21,0.0,1262.372697,0.0
2019-01-14,13,0,126,181.14,181.14,0.0,14106.489224,0.0
2019-01-14,13,0,127,232.46,232.46,0.0,18103.094209,0.0
2019-01-14,13,0,128,22.88,22.88,0.0,1781.806743,0.0
2019-01-14,13,0,131,3.86,3.86,0.0,-17.204536,0.0
2019-01-14,13,0,132,5.67,5.67,0.0,-25.271947,0.0
2019-01-14,13,0,133,34.49,34.49,0.0,546.90838,0.0
2019-01-14,13,0,134,0.0,0.0,0.0,0.0,0.0
2019-01-14,13,0,135,46.22,46.22,0.0,732.911143,0.0
2019-01-14,13,0,136,45.9,45.9,0.0,725.871254,0.0
2019-01-14,13,0,139,1.82,1.82,0.0,25.955541,0.0
2019-01-14,13,0,140,250.6,250.6,0.0,-12957.732938,0.0
2019-01-14,13,0,141,77.99,77.99,0.0,-1426.091356,0.0
2019-01-14,13,0,142,448.88,448.88,0.0,-8208.025233,0.0
2019-01-14,13,0,143,10.64,10.64,0.0,-1135.661593,0.0
2019-01-14,13,0,145,0.0,0.0,0.0,0.0,0.0
2019-01-14,13,0,146,261.79,261.79,0.0,-13536.332425,0.0
2019-01-14,13,0,152,4.98,4.98,0.0,73.369463,0.0
2019-01-14,13,0,153,6.43,6.43,0.0,94.398404,0.0
2019-01-14,13,0,154,54.6,54.6,0.0,778.666218,0.0
2019-01-14,13,0,157,171.01,171.01,0.0,-3127.014781,0.0
2019-01-14,13,0,158,299.08,299.08,0.0,-5468.847324,0.0
2019-01-14,13,0,159,0.0,0.0,0.0,0.0,0.0
2019-01-14,13,0,160,2.21,2.21,0.0,30.302032,0.0
2019-01-14,13,0,161,62.1,62.1,0.0,-457.791942,0.0
2019-01-14,13,0,162,4.35,4.35,0.0,118.359479,0.0
2019-01-14,13,0,163,25.25,25.25,0.0,-1305.597592,0.0
2019-01-14,13,0,164,22.22,22.22,0.0,-2371.654192,0.0
2019-01-14,13,0,167,6.52,6.52,0.0,176.003177,0.0
2019-01-14,13,0,168,3.26,3.26,0.0,88.001588,0.0
2019-01-14,13,0,169,0.0,0.0,0.0,0.0,0.0
2019-01-14,13,0,170,7.13,7.13,0.0,192.469731,0.0
2019-01-14,13,0,172,8.62,8.62,0.0,223.693074,0.0
2019-01-14,13,0,173,13.13,13.13,0.0,340.729705,0.0
2019-01-14,13,0,188,11.74,11.74,0.0,305.273783,0.0
2019-01-14,13,0,190,9.77,9.77,0.0,316.817233,0.0
2019-01-14,13,0,191,25.23,25.23,0.0,818.147266,0.0
2019-01-14,13,0,192,71.44,71.44,0.0,2316.624681,0.0
2019-01-14,13,0,194,1.11,1.11,0.0,15.050679,0.0
2019-01-14,13,0,196,6.79,6.79,0.0,297.645568,0.0
2019-01-14,13,0,198,9.93,9.93,0.0,130.264578,0.0
2019-01-14,13,0,199,8.36,8.36,0.0,99.703231,0.0
2019-01-14,13,0,200,22.13,22.13,0.0,263.927334,0.0
2019-01-14,13,0,204,0.0,0.0,0.0,0.0,0.0
2019-01-14,13,0,205,0.0,0.0,0.0,0.0,0.0
2019-01-14,13,0,206,22.37,22.37,0.0,75.757946,0.0
2019-01-14,13,0,210,1.96,1.96,0.0,17.420341,0.0
2019-01-14,13,0,214,9.28,9.28,0.0,160.825995,0.0
2019-01-14,13,0,217,6.75,6.75,0.0,92.093929,0.0
2019-01-14,13,0,218,9.31,9.31,0.0,127.021405,0.0
2019-01-14,13,0,219,6.34,6.34,0.0,86.500076,0.0
2019-01-14,13,0,221,4.95,4.95,0.0,85.785418,0.0
2019-01-14,13,0,225,4.79,4.79,0.0,40.387038,0.0
2019-01-14,13,0,233,4.11,4.11,0.0,68.961762,0.0
2019-01-14,13,0,236,62.84,62.84,0.0,963.196605,0.0
2019-01-14,13,0,237,103.86,103.86,0.0,1544.400644,0.0
2019-01-14,13,0,238,30.25,30.25,0.0,473.499698,0.0
2019-01-14,13,0,240,9.43,9.43,0.0,131.654983,0.0
2019-01-14,13,0,245,75.12,75.12,0.0,1201.209757,0.0
2019-01-14,13,0,247,111.83,111.83,0.0,1788.222672,0.0
2019-01-14,13,0,248,10.43,10.43,0.0,155.094345,0.0
2019-01-14,13,0,249,144.46,144.46,0.0,2309.994163,0.0
2019-01-14,13,0,251,260.06,260.06,0.0,4097.257651,0.0
2019-01-14,13,0,252,267.06,267.06,0.0,4223.883572,0.0
2019-01-14,13,0,254,13.12,13.12,0.0,180.539874,0.0
2019-01-14,13,0,255,6.01,6.01,0.0,82.701574,0.0
2019-01-14,13,0,258,12.07,12.07,0.0,168.1539,0.0
2019-01-14,13,0,260,5.36,5.36,0.0,73.492712,0.0
2019-01-14,13,0,265,56.53,56.53,0.0,806.1905,0.0
2019-01-14,13,0,266,1.18,1.18,0.0,16.828318,0.0
2019-01-14,13,0,267,1.45,1.45,0.0,20.678865,0.0
2019-01-14,13,0,270,78.58,78.58,0.0,-4063.123121,0.0
2019-01-14,13,0,272,9.99,9.99,0.0,36.874932,0.0
2019-01-14,13,0,273,30.33,30.33,0.0,-1568.268316,0.0
2019-01-14,13,0,274,101.25,101.25,0.0,-5235.317079,0.0
2019-01-14,13,0,275,140.87,140.87,0.0,-7283.941895,0.0
2019-01-14,13,0,276,6.78,6.78,0.0,-299.978195,0.0
2019-01-14,13,0,277,7.82,7.82,0.0,23.003837,0.0
2019-01-14,13,0,278,12.52,12.52,0.0,36.829672,0.0
2019-01-14,13,0,279,32.97,32.97,0.0,96.986764,0.0
2019-01-14,13,0,281,4.87,4.87,0.0,-519.799996,0.0
2019-01-14,13,0,282,338.64,338.64,0.0,-36144.778376,0.0
2019-01-14,14,0,9,3.16,3.16,0.0,29.093768,0.0
2019-01-14,14,0,17,23.53,23.53,0.0,349.140112,0.0
2019-01-14,14,0,19,192.99,192.99,0.0,2863.601797,0.0
2019-01-14,14,0,20,234.06,234.06,0.0,3473.001899,0.0
2019-01-14,14,0,21,72.22,72.22,0.0,664.921499,0.0
2019-01-14,14,0,22,256.67,256.67,0.0,2363.132112,0.0
2019-01-14,14,0,23,3.11,3.11,0.0,28.633424,0.0
2019-01-14,14,0,24,5.34,5.34,0.0,49.164785,0.0
2019-01-14,14,0,29,5.61,5.61,0.0,42.872396,0.0
2019-01-14,14,0,30,648.5,648.5,0.0,5951.672929,0.0
2019-01-14,14,0,31,14.63,14.63,0.0,134.268273,0.0
2019-01-14,14,0,32,5.79,5.79,0.0,146.867435,0.0
2019-01-14,14,0,33,1.5,1.5,0.0,24.246403,0.0
2019-01-14,14,0,34,2.4,2.4,0.0,38.794244,0.0
2019-01-14,14,0,35,2.4,2.4,0.0,38.794244,0.0
2019-01-14,14,0,36,8.69,8.69,0.0,107.98089,0.0
2019-01-14,14,0,37,3.83,3.83,0.0,47.265292,0.0
2019-01-14,14,0,38,4.92,4.92,0.0,60.716772,0.0
2019-01-14,14,0,39,3.28,3.28,0.0,40.477848,0.0
2019-01-14,14,0,40,3.28,3.28,0.0,40.477848,0.0
2019-01-14,14,0,41,2.46,2.46,0.0,26.595378,0.0
2019-01-14,14,0,42,24.42,24.42,0.0,355.325981,0.0
2019-01-14,14,0,43,28.1,28.1,0.0,347.041152,0.0
2019-01-14,14,0,46,26.54,26.54,0.0,317.750058,0.0
2019-01-14,14,0,52,15.51,15.51,0.0,142.34456,0.0
2019-01-14,14,0,53,24.64,24.64,0.0,226.136039,0.0
2019-01-14,14,0,55,48.89,48.89,0.0,450.124787,0.0
2019-01-14,14,0,56,191.29,191.29,0.0,1755.582906,0.0
2019-01-14,14,0,57,181.95,181.95,0.0,1669.864132,0.0
2019-01-14,14,0,58,349.91,349.91,0.0,3211.333654,0.0
2019-01-14,14,0,59,344.08,344.08,0.0,3157.828252,0.0
2019-01-14,14,0,63,1.75,1.75,0.0,52.164592,0.0
2019-01-14,14,0,64,2.06,2.06,0.0,61.405177,0.0
2019-01-14,14,0,65,41.4,41.4,0.0,612.085866,0.0
2019-01-14,14,0,67,353.74,353.74,0.0,-3430.463486,0.0
2019-01-14,14,0,68,1.53,1.53,0.0,-1.54727,0.0
2019-01-14,14,0,69,1.5,1.5,0.0,24.246403,0.0
2019-01-14,14,0,74,44.56,44.56,0.0,593.878563,0.0
2019-01-14,14,0,77,3.4,3.4,0.0,21.78849,0.0
2019-01-14,14,0,78,2.57,2.57,0.0,16.469535,0.0
2019-01-14,14,0,79,1.49,1.49,0.0,9.548485,0.0
2019-01-14,14,0,80,2.41,2.41,0.0,15.444194,0.0
2019-01-14,14,0,81,3.15,3.15,0.0,20.186395,0.0
2019-01-14,14,0,82,2.22,2.22,0.0,14.226602,0.0
2019-01-14,14,0,83,4.95,4.95,0.0,31.721477,0.0
2019-01-14,14,0,84,0.0,0.0,0.0,0.0,0.0
2019-01-14,14,0,86,7.59,7.59,0.0,122.686798,0.0
2019-01-14,14,0,87,38.77,38.77,0.0,626.688691,0.0
2019-01-14,14,0,88,1.96,1.96,0.0,12.560423,0.0
2019-01-14,14,0,89,1.89,1.89,0.0,12.111837,0.0
2019-01-14,14,0,90,2.53,2.53,0.0,16.2132,0.0
2019-01-14,14,0,91,9.03,9.03,0.0,57.867665,0.0
2019-01-14,14,0,92,3.25,3.25,0.0,20.827233,0.0
2019-01-14,14,0,95,5.96,5.96,0.0,152.331113,0.0
2019-01-14,14,0,96,1.04,1.04,0.0,9.512868,0.0
2019-01-14,14,0,97,6.99,6.99,0.0,63.937449,0.0
2019-01-14,14,0,99,8.6,8.6,0.0,114.617496,0.0
2019-01-14,14,0,101,13.06,13.06,0.0,119.859442,0.0
2019-01-14,14,0,102,3.62,3.62,0.0,-3.66086,0.0
2019-01-14,14,0,103,3.15,3.15,0.0,-3.185555,0.0
2019-01-14,14,0,104,0.59,0.59,0.0,-0.59666,0.0
2019-01-14,14,0,106,252.67,252.67,0.0,2326.304557,0.0
2019-01-14,14,0,109,0.0,0.0,0.0,0.0,0.0
2019-01-14,14,0,110,338.6,338.6,0.0,-12290.586503,0.0
2019-01-14,14,0,111,14.3,14.3,0.0,154.599147,0.0
2019-01-14,14,0,113,1.58,1.58,0.0,11.944953,0.0
2019-01-14,14,0,115,1.58,1.58,0.0,11.944953,0.0
2019-01-14,14,0,116,129.37,129.37,0.0,-4695.904241,0.0
2019-01-14,14,0,117,0.11,0.11,0.0,0.831611,0.0
2019-01-14,14,0,119,2.06,2.06,0.0,61.405177,0.0
2019-01-14,14,0,120,1.21,1.21,0.0,36.06809,0.0
2019-01-14,14,0,123,4.21,4.21,0.0,38.761001,0.0
2019-01-14,14,0,125,4.87,4.87,0.0,44.837548,0.0
2019-01-14,14,0,126,189.5,189.5,0.0,1744.705401,0.0
2019-01-14,14,0,127,243.2,243.2,0.0,2239.115322,0.0
2019-01-14,14,0,128,6.76,6.76,0.0,62.238567,0.0
2019-01-14,14,0,131,2.23,2.23,0.0,2.918145,0.0
2019-01-14,14,0,132,3.28,3.28,0.0,4.292159,0.0
2019-01-14,14,0,133,30.04,30.04,0.0,445.887175,0.0
2019-01-14,14,0,134,0.0,0.0,0.0,0.0,0.0
2019-01-14,14,0,135,40.25,40.25,0.0,597.435379,0.0
2019-01-14,14,0,136,45.9,45.9,0.0,678.482378,0.0
2019-01-14,14,0,139,3.18,3.18,0.0,34.379391,0.0
2019-01-14,14,0,140,250.6,250.6,0.0,-9096.340749,0.0
2019-01-14,14,0,141,54.4,54.4,0.0,-527.55474,0.0
2019-01-14,14,0,142,466.49,466.49,0.0,-4523.87887,0.0
2019-01-14,14,0,143,15.53,15.53,0.0,142.528112,0.0
2019-01-14,14,0,145,0.0,0.0,0.0,0.0,0.0
2019-01-14,14,0,146,216.88,216.88,0.0,-7872.363854,0.0
2019-01-14,14,0,152,5.33,5.33,0.0,70.859203,0.0
2019-01-14,14,0,153,6.82,6.82,0.0,90.188474,0.0
2019-01-14,14,0,154,58.98,58.98,0.0,637.640397,0.0
2019-01-14,14,0,157,127.35,127.35,0.0,-1235.001767,0.0
2019-01-14,14,0,158,319.69,319.69,0.0,-3100.256889,0.0
2019-01-14,14,0,159,0.0,0.0,0.0,0.0,0.0
2019-01-14,14,0,160,2.29,2.29,0.0,28.722657,0.0
2019-01-14,14,0,161,63.64,63.64,0.0,-64.358328,0.0
2019-01-14,14,0,162,3.56,3.56,0.0,91.15406,0.0
2019-01-14,14,0,163,22.37,22.37,0.0,-811.99179,0.0
2019-01-14,14,0,164,23.88,23.88,0.0,219.161063,0.0
2019-01-14,14,0,167,6.51,6.51,0.0,165.564991,0.0
2019-01-14,14,0,168,3.26,3.26,0.0,82.909657,0.0
2019-01-14,14,0,169,0.0,0.0,0.0,0.0,0.0
2019-01-14,14,0,170,7.12,7.12,0.0,181.078761,0.0
2019-01-14,14,0,172,8.72,8.72,0.0,213.127762,0.0
2019-01-14,14,0,173,13.29,13.29,0.0,324.824307,0.0
2019-01-14,14,0,188,11.76,11.76,0.0,289.582875,0.0
2019-01-14,14,0,190,9.88,9.88,0.0,294.506385,0.0
2019-01-14,14,0,191,25.53,25.53,0.0,761.006883,0.0
2019-01-14,14,0,192,54.04,54.04,0.0,1610.842616,0.0
2019-01-14,14,0,194,0.0,0.0,0.0,0.0,0.0
2019-01-14,14,0,196,6.87,6.87,0.0,267.067117,0.0
2019-01-14,14,0,198,10.2,10.2,0.0,126.047634,0.0
2019-01-14,14,0,199,12.68,12.68,0.0,160.471549,0.0
2019-01-14,14,0,200,22.65,22.65,0.0,286.646733,0.0
2019-01-14,14,0,204,0.0,0.0,0.0,0.0,0.0
2019-01-14,14,0,205,0.0,0.0,0.0,0.0,0.0
2019-01-14,14,0,206,24.73,24.73,0.0,226.205022,0.0
2019-01-14,14,0,210,1.98,1.98,0.0,16.140326,0.0
2019-01-14,14,0,214,9.33,9.33,0.0,158.149826,0.0
2019-01-14,14,0,217,6.8,6.8,0.0,89.169741,0.0
2019-01-14,14,0,218,9.38,9.38,0.0,123.00179,0.0
2019-01-14,14,0,219,6.39,6.39,0.0,83.79333,0.0
2019-01-14,14,0,221,4.98,4.98,0.0,84.414376,0.0
2019-01-14,14,0,225,4.9,4.9,0.0,37.205359,0.0
2019-01-14,14,0,233,4.3,4.3,0.0,69.506355,0.0
2019-01-14,14,0,236,25.92,25.92,0.0,365.480915,0.0
2019-01-14,14,0,237,106.89,106.89,0.0,1424.588859,0.0
2019-01-14,14,0,238,31.78,31.78,0.0,462.418496,0.0
2019-01-14,14,0,240,9.85,9.85,0.0,122.39491,0.0
2019-01-14,14,0,245,65.91,65.91,0.0,990.920943,0.0
2019-01-14,14,0,247,100.63,100.63,0.0,1512.917227,0.0
2019-01-14,14,0,248,10.73,10.73,0.0,143.005318,0.0
2019-01-14,14,0,249,126.75,126.75,0.0,1905.617197,0.0
2019-01-14,14,0,251,234.6,234.6,0.0,3447.917861,0.0
2019-01-14,14,0,252,267.06,267.06,0.0,3948.397377,0.0
2019-01-14,14,0,254,13.43,13.43,0.0,166.511928,0.0
2019-01-14,14,0,255,6.16,6.16,0.0,76.374794,0.0
2019-01-14,14,0,258,12.56,12.56,0.0,155.915563,0.0
2019-01-14,14,0,260,5.56,5.56,0.0,69.737107,0.0
2019-01-14,14,0,265,61.06,61.06,0.0,660.127546,0.0
2019-01-14,14,0,266,2.06,2.06,0.0,22.270926,0.0
2019-01-14,14,0,267,2.53,2.53,0.0,27.352157,0.0
2019-01-14,14,0,270,77.78,77.78,0.0,-2823.277668,0.0
2019-01-14,14,0,272,5.28,5.28,0.0,39.91731,0.0
2019-01-14,14,0,273,30.94,30.94,0.0,-1123.067768,0.0
2019-01-14,14,0,274,103.75,103.75,0.0,-3765.943147,0.0
2019-01-14,14,0,275,150.89,150.89,0.0,-5477.042521,0.0
2019-01-14,14,0,276,6.88,6.88,0.0,-208.869273,0.0
2019-01-14,14,0,277,8.09,8.09,0.0,57.425688,0.0
2019-01-14,14,0,278,12.95,12.95,0.0,91.923691,0.0
2019-01-14,14,0,279,12.91,12.91,0.0,91.639757,0.0
2019-01-14,14,0,281,6.57,6.57,0.0,60.296825,0.0
2019-01-14,14,0,282,355.74,355.74,0.0,3264.839056,0.0
2019-01-14,15,0,9,2.98,2.98,0.0,33.911404,0.0
2019-01-14,15,0,17,22.48,22.48,0.0,356.572662,0.0
2019-01-14,15,0,19,192.99,192.99,0.0,3061.163618,0.0
2019-01-14,15,0,20,234.06,234.06,0.0,3712.606645,0.0
2019-01-14,15,0,21,68.2,68.2,0.0,776.093217,0.0
2019-01-14,15,0,22,242.39,242.39,0.0,2758.317225,0.0
2019-01-14,15,0,23,1.6,1.6,0.0,18.207465,0.0
2019-01-14,15,0,24,2.82,2.82,0.0,32.090658,0.0
2019-01-14,15,0,29,5.07,5.07,0.0,40.860753,0.0
2019-01-14,15,0,30,609.14,609.14,0.0,6918.488679,0.0
2019-01-14,15,0,31,19.92,19.92,0.0,226.247323,0.0
2019-01-14,15,0,32,5.27,5.27,0.0,125.772199,0.0
2019-01-14,15,0,33,1.4,1.4,0.0,23.789784,0.0
2019-01-14,15,0,34,2.25,2.25,0.0,38.233582,0.0
2019-01-14,15,0,35,2.25,2.25,0.0,38.233582,0.0
2019-01-14,15,0,36,8.25,8.25,0.0,113.33319,0.0
2019-01-14,15,0,37,3.62,3.62,0.0,49.427249,0.0
2019-01-14,15,0,38,4.66,4.66,0.0,63.627342,0.0
2019-01-14,15,0,39,3.1,3.1,0.0,42.327202,0.0
2019-01-14,15,0,40,3.1,3.1,0.0,42.327202,0.0
2019-01-14,15,0,41,6.61,6.61,0.0,83.279443,0.0
2019-01-14,15,0,42,23.46,23.46,0.0,366.366077,0.0
2019-01-14,15,0,43,26.43,26.43,0.0,359.410438,0.0
2019-01-14,15,0,46,24.89,24.89,0.0,332.605916,0.0
2019-01-14,15,0,52,21.11,21.11,0.0,239.763102,0.0
2019-01-14,15,0,53,33.54,33.54,0.0,380.940523,0.0
2019-01-14,15,0,55,54.76,54.76,0.0,623.150506,0.0
2019-01-14,15,0,56,179.68,179.68,0.0,2040.769028,0.0
2019-01-14,15,0,57,170.91,170.91,0.0,1941.161146,0.0
2019-01-14,15,0,58,328.67,328.67,0.0,3732.967256,0.0
2019-01-14,15,0,59,323.2,323.2,0.0,3670.840104,0.0
2019-01-14,15,0,63,0.0,0.0,0.0,0.0,0.0
2019-01-14,15,0,64,0.0,0.0,0.0,0.0,0.0
2019-01-14,15,0,65,39.76,39.76,0.0,628.853482,0.0
2019-01-14,15,0,67,332.04,332.04,0.0,-961.433843,0.0
2019-01-14,15,0,68,1.53,1.53,0.0,5.63087,0.0
2019-01-14,15,0,69,1.4,1.4,0.0,23.789784,0.0
2019-01-14,15,0,74,46.06,46.06,0.0,671.721856,0.0
2019-01-14,15,0,77,1.69,1.69,0.0,15.70841,0.0
2019-01-14,15,0,78,1.28,1.28,0.0,11.897494,0.0
2019-01-14,15,0,79,0.74,0.74,0.0,6.878239,0.0
2019-01-14,15,0,80,1.2,1.2,0.0,11.153901,0.0
2019-01-14,15,0,81,1.56,1.56,0.0,14.500071,0.0
2019-01-14,15,0,82,1.1,1.1,0.0,10.224409,0.0
2019-01-14,15,0,83,2.46,2.46,0.0,22.865496,0.0
2019-01-14,15,0,84,0.0,0.0,0.0,0.0,0.0
2019-01-14,15,0,86,7.12,7.12,0.0,120.988045,0.0
2019-01-14,15,0,87,36.33,36.33,0.0,617.344898,0.0
2019-01-14,15,0,88,0.0,0.0,0.0,0.0,0.0
2019-01-14,15,0,89,0.0,0.0,0.0,0.0,0.0
2019-01-14,15,0,90,0.0,0.0,0.0,0.0,0.0
2019-01-14,15,0,91,0.0,0.0,0.0,0.0,0.0
2019-01-14,15,0,92,0.0,0.0,0.0,0.0,0.0
2019-01-14,15,0,95,4.91,4.91,0.0,117.917648,0.0
2019-01-14,15,0,96,0.95,0.95,0.0,10.768195,0.0
2019-01-14,15,0,97,5.87,5.87,0.0,66.536113,0.0
2019-01-14,15,0,99,8.89,8.89,0.0,129.648443,0.0
2019-01-14,15,0,101,12.27,12.27,0.0,139.360174,0.0
2019-01-14,15,0,102,3.62,3.62,0.0,13.322712,0.0
2019-01-14,15,0,103,3.15,3.15,0.0,11.592968,0.0
2019-01-14,15,0,104,0.58,0.58,0.0,2.134578,0.0
2019-01-14,15,0,106,238.62,238.62,0.0,2715.415885,0.0
2019-01-14,15,0,109,0.0,0.0,0.0,0.0,0.0
2019-01-14,15,0,110,338.6,338.6,0.0,-7798.926322,0.0
2019-01-14,15,0,111,13.76,13.76,0.0,173.362349,0.0
2019-01-14,15,0,113,0.0,0.0,0.0,0.0,0.0
2019-01-14,15,0,115,0.0,0.0,0.0,0.0,0.0
2019-01-14,15,0,116,120.13,120.13,0.0,-2766.937446,0.0
2019-01-14,15,0,117,0.0,0.0,0.0,0.0,0.0
2019-01-14,15,0,119,0.0,0.0,0.0,0.0,0.0
2019-01-14,15,0,120,0.0,0.0,0.0,0.0,0.0
2019-01-14,15,0,123,3.98,3.98,0.0,45.29107,0.0
2019-01-14,15,0,125,2.55,2.55,0.0,29.018148,0.0
2019-01-14,15,0,126,178.96,178.96,0.0,2036.505015,0.0
2019-01-14,15,0,127,229.67,229.67,0.0,2613.567875,0.0
2019-01-14,15,0,128,3.66,3.66,0.0,41.649577,0.0
2019-01-14,15,0,131,2.85,2.85,0.0,15.49406,0.0
2019-01-14,15,0,132,4.2,4.2,0.0,22.833352,0.0
2019-01-14,15,0,133,26.01,26.01,0.0,412.676317,0.0
2019-01-14,15,0,134,0.0,0.0,0.0,0.0,0.0
2019-01-14,15,0,135,34.85,34.85,0.0,552.93232,0.0
2019-01-14,15,0,136,45.9,45.9,0.0,725.850412,0.0
2019-01-14,15,0,139,8.6,8.6,0.0,108.351468,0.0
2019-01-14,15,0,140,250.6,250.6,0.0,-5772.034662,0.0
2019-01-14,15,0,141,36.11,36.11,0.0,-104.557813,0.0
2019-01-14,15,0,142,437.88,437.88,0.0,-1267.897395,0.0
2019-01-14,15,0,143,22.48,22.48,0.0,255.323284,0.0
2019-01-14,15,0,145,0.0,0.0,0.0,0.0,0.0
2019-01-14,15,0,146,178.56,178.56,0.0,-4112.747443,0.0
2019-01-14,15,0,152,5.0,5.0,0.0,72.696373,0.0
2019-01-14,15,0,153,6.43,6.43,0.0,93.099534,0.0
2019-01-14,15,0,154,56.78,56.78,0.0,715.371671,0.0
2019-01-14,15,0,157,91.84,91.84,0.0,-265.926045,0.0
2019-01-14,15,0,158,302.16,302.16,0.0,-874.915221,0.0
2019-01-14,15,0,159,0.0,0.0,0.0,0.0,0.0
2019-01-14,15,0,160,2.16,2.16,0.0,29.365393,0.0
2019-01-14,15,0,161,59.05,59.05,0.0,217.32214,0.0
2019-01-14,15,0,162,0.0,0.0,0.0,0.0,0.0
2019-01-14,15,0,163,16.56,16.56,0.0,-381.424158,0.0
2019-01-14,15,0,164,22.37,22.37,0.0,254.073927,0.0
2019-01-14,15,0,167,5.94,5.94,0.0,142.089311,0.0
2019-01-14,15,0,168,2.97,2.97,0.0,71.044656,0.0
2019-01-14,15,0,169,0.0,0.0,0.0,0.0,0.0
2019-01-14,15,0,170,6.5,6.5,0.0,155.484936,0.0
2019-01-14,15,0,172,8.09,8.09,0.0,188.312604,0.0
2019-01-14,15,0,173,12.32,12.32,0.0,286.775189,0.0
2019-01-14,15,0,188,10.69,10.69,0.0,249.326629,0.0
2019-01-14,15,0,190,9.32,9.32,0.0,253.402598,0.0
2019-01-14,15,0,191,24.07,24.07,0.0,654.442118,0.0
2019-01-14,15,0,192,39.66,39.66,0.0,1078.320499,0.0
2019-01-14,15,0,194,0.0,0.0,0.0,0.0,0.0
2019-01-14,15,0,196,6.45,6.45,0.0,219.552473,0.0
2019-01-14,15,0,198,9.58,9.58,0.0,125.175366,0.0
2019-01-14,15,0,199,10.83,10.83,0.0,137.665955,0.0
2019-01-14,15,0,200,20.74,20.74,0.0,263.637295,0.0
2019-01-14,15,0,204,0.0,0.0,0.0,0.0,0.0
2019-01-14,15,0,205,0.0,0.0,0.0,0.0,0.0
2019-01-14,15,0,206,17.24,17.24,0.0,195.414409,0.0
2019-01-14,15,0,210,1.82,1.82,0.0,15.532197,0.0
2019-01-14,15,0,214,8.54,8.54,0.0,150.847893,0.0
2019-01-14,15,0,217,6.21,6.21,0.0,84.951604,0.0
2019-01-14,15,0,218,8.58,8.58,0.0,117.372748,0.0
2019-01-14,15,0,219,5.84,5.84,0.0,79.890076,0.0
2019-01-14,15,0,221,4.55,4.55,0.0,80.369779,0.0
2019-01-14,15,0,225,4.45,4.45,0.0,35.659906,0.0
2019-01-14,15,0,233,4.03,4.03,0.0,68.480593,0.0
2019-01-14,15,0,236,24.01,24.01,0.0,365.699199,0.0
2019-01-14,15,0,237,110.49,110.49,0.0,1611.344938,0.0
2019-01-14,15,0,238,30.54,30.54,0.0,476.931799,0.0
2019-01-14,15,0,240,9.35,9.35,0.0,128.444282,0.0
2019-01-14,15,0,245,57.47,57.47,0.0,921.200006,0.0
2019-01-14,15,0,247,90.45,90.45,0.0,1449.844101,0.0
2019-01-14,15,0,248,11.09,11.09,0.0,161.732422,0.0
2019-01-14,15,0,249,110.53,110.53,0.0,1771.711095,0.0
2019-01-14,15,0,251,212.95,212.95,0.0,3352.145465,0.0
2019-01-14,15,0,252,256.5,256.5,0.0,4056.864136,0.0
2019-01-14,15,0,254,12.69,12.69,0.0,172.554853,0.0
2019-01-14,15,0,255,5.81,5.81,0.0,79.002656,0.0
2019-01-14,15,0,258,11.92,11.92,0.0,163.482116,0.0
2019-01-14,15,0,260,5.24,5.24,0.0,71.238268,0.0
2019-01-14,15,0,265,58.79,58.79,0.0,740.695677,0.0
2019-01-14,15,0,266,5.5,5.5,0.0,69.294544,0.0
2019-01-14,15,0,267,6.8,6.8,0.0,85.673254,0.0
2019-01-14,15,0,270,54.06,54.06,0.0,-1245.1564,0.0
2019-01-14,15,0,272,0.0,0.0,0.0,0.0,0.0
2019-01-14,15,0,273,28.73,28.73,0.0,-661.734062,0.0
2019-01-14,15,0,274,71.21,71.21,0.0,-1640.169945,0.0
2019-01-14,15,0,275,102.21,102.21,0.0,-2354.188598,0.0
2019-01-14,15,0,276,6.39,6.39,0.0,-118.449005,0.0
2019-01-14,15,0,277,7.54,7.54,0.0,74.05579,0.0
2019-01-14,15,0,278,12.07,12.07,0.0,118.548194,0.0
2019-01-14,15,0,279,6.28,6.28,0.0,61.680419,0.0
2019-01-14,15,0,281,8.94,8.94,0.0,101.538708,0.0
2019-01-14,15,0,282,334.15,334.15,0.0,3795.207985,0.0
2019-01-14,16,0,9,2.69,2.69,0.0,66.301692,0.0
2019-01-14,16,0,17,18.65,18.65,0.0,234.341795,0.0
2019-01-14,16,0,19,305.64,305.64,0.0,3840.441087,0.0
2019-01-14,16,0,20,385.75,385.75,0.0,4847.042761,0.0
2019-01-14,16,0,21,61.43,61.43,0.0,1514.094023,0.0
2019-01-14,16,0,22,218.3,218.3,0.0,5380.54249,0.0
2019-01-14,16,0,23,1.18,1.18,0.0,29.084013,0.0
2019-01-14,16,0,24,2.09,2.09,0.0,51.51321,0.0
2019-01-14,16,0,29,4.88,4.88,0.0,38.326419,0.0
2019-01-14,16,0,30,522.39,522.39,0.0,5933.199759,0.0
2019-01-14,16,0,31,26.78,26.78,0.0,304.161813,0.0
2019-01-14,16,0,32,4.16,4.16,0.0,117.088403,0.0
2019-01-14,16,0,33,1.29,1.29,0.0,27.780835,0.0
2019-01-14,16,0,34,2.06,2.06,0.0,44.363194,0.0
2019-01-14,16,0,35,2.06,2.06,0.0,44.363194,0.0
2019-01-14,16,0,36,6.93,6.93,0.0,150.322367,0.0
2019-01-14,16,0,37,3.05,3.05,0.0,65.456182,0.0
2019-01-14,16,0,38,3.92,3.92,0.0,84.127289,0.0
2019-01-14,16,0,39,2.61,2.61,0.0,56.013323,0.0
2019-01-14,16,0,40,2.61,2.61,0.0,56.013323,0.0
2019-01-14,16,0,41,13.89,13.89,0.0,295.984312,0.0
2019-01-14,16,0,42,36.07,36.07,0.0,711.910613,0.0
2019-01-14,16,0,43,23.26,23.26,0.0,486.788921,0.0
2019-01-14,16,0,46,21.38,21.38,0.0,450.488456,0.0
2019-01-14,16,0,52,28.39,28.39,0.0,322.447867,0.0
2019-01-14,16,0,53,45.1,45.1,0.0,512.236661,0.0
2019-01-14,16,0,55,68.04,68.04,0.0,1677.013793,0.0
2019-01-14,16,0,56,154.09,154.09,0.0,1750.122994,0.0
2019-01-14,16,0,57,146.57,146.57,0.0,1664.712358,0.0
2019-01-14,16,0,58,281.86,281.86,0.0,3201.308762,0.0
2019-01-14,16,0,59,277.17,277.17,0.0,3148.040692,0.0
2019-01-14,16,0,63,0.0,0.0,0.0,0.0,0.0
2019-01-14,16,0,64,0.0,0.0,0.0,0.0,0.0
2019-01-14,16,0,65,37.52,37.52,0.0,593.425117,0.0
2019-01-14,16,0,67,278.71,278.71,0.0,3221.453809,0.0
2019-01-14,16,0,68,0.75,0.75,0.0,11.02184,0.0
2019-01-14,16,0,69,1.29,1.29,0.0,27.780835,0.0
2019-01-14,16,0,74,29.65,29.65,0.0,716.014845,0.0
2019-01-14,16,0,77,0.0,0.0,0.0,0.0,0.0
2019-01-14,16,0,78,0.0,0.0,0.0,0.0,0.0
2019-01-14,16,0,79,0.0,0.0,0.0,0.0,0.0
2019-01-14,16,0,80,0.0,0.0,0.0,0.0,0.0
2019-01-14,16,0,81,0.0,0.0,0.0,0.0,0.0
2019-01-14,16,0,82,0.0,0.0,0.0,0.0,0.0
2019-01-14,16,0,83,0.0,0.0,0.0,0.0,0.0
2019-01-14,16,0,84,0.0,0.0,0.0,0.0,0.0
2019-01-14,16,0,86,6.52,6.52,0.0,140.411663,0.0
2019-01-14,16,0,87,33.28,33.28,0.0,716.702476,0.0
2019-01-14,16,0,88,0.0,0.0,0.0,0.0,0.0
2019-01-14,16,0,89,0.0,0.0,0.0,0.0,0.0
2019-01-14,16,0,90,0.0,0.0,0.0,0.0,0.0
2019-01-14,16,0,91,0.0,0.0,0.0,0.0,0.0
2019-01-14,16,0,92,0.0,0.0,0.0,0.0,0.0
2019-01-14,16,0,95,4.05,4.05,0.0,114.30529,0.0
2019-01-14,16,0,96,1.14,1.14,0.0,21.949973,0.0
2019-01-14,16,0,97,7.0,7.0,0.0,134.780539,0.0
2019-01-14,16,0,99,6.5,6.5,0.0,156.967841,0.0
2019-01-14,16,0,101,10.52,10.52,0.0,119.484028,0.0
2019-01-14,16,0,102,1.77,1.77,0.0,26.011543,0.0
2019-01-14,16,0,103,1.54,1.54,0.0,22.631512,0.0
2019-01-14,16,0,104,0.29,0.29,0.0,4.261778,0.0
2019-01-14,16,0,106,214.9,214.9,0.0,5296.741095,0.0
2019-01-14,16,0,109,1.58,1.58,0.0,33.853892,0.0
2019-01-14,16,0,110,338.6,338.6,0.0,660.574742,0.0
2019-01-14,16,0,111,12.46,12.46,0.0,265.512205,0.0
2019-01-14,16,0,113,0.0,0.0,0.0,0.0,0.0
2019-01-14,16,0,115,0.0,0.0,0.0,0.0,0.0
2019-01-14,16,0,116,97.57,97.57,0.0,190.349314,0.0
2019-01-14,16,0,117,0.0,0.0,0.0,0.0,0.0
2019-01-14,16,0,119,0.0,0.0,0.0,0.0,0.0
2019-01-14,16,0,120,0.0,0.0,0.0,0.0,0.0
2019-01-14,16,0,123,3.58,3.58,0.0,88.237939,0.0
2019-01-14,16,0,125,1.89,1.89,0.0,46.583716,0.0
2019-01-14,16,0,126,161.18,161.18,0.0,3972.679059,0.0
2019-01-14,16,0,127,206.84,206.84,0.0,5098.082495,0.0
2019-01-14,16,0,128,2.71,2.71,0.0,66.794641,0.0
2019-01-14,16,0,131,0.0,0.0,0.0,0.0,0.0
2019-01-14,16,0,132,0.0,0.0,0.0,0.0,0.0
2019-01-14,16,0,133,26.9,26.9,0.0,329.765779,0.0
2019-01-14,16,0,134,0.0,0.0,0.0,0.0,0.0
2019-01-14,16,0,135,34.19,34.19,0.0,419.13353,0.0
2019-01-14,16,0,136,45.9,45.9,0.0,734.157064,0.0
2019-01-14,16,0,139,18.09,18.09,0.0,385.482808,0.0
2019-01-14,16,0,140,250.6,250.6,0.0,488.895542,0.0
2019-01-14,16,0,141,22.48,22.48,0.0,259.833812,0.0
2019-01-14,16,0,142,367.54,367.54,0.0,4248.190352,0.0
2019-01-14,16,0,143,32.16,32.16,0.0,365.266763,0.0
2019-01-14,16,0,145,0.72,0.72,0.0,14.719257,0.0
2019-01-14,16,0,146,144.82,144.82,0.0,282.529339,0.0
2019-01-14,16,0,152,4.52,4.52,0.0,106.321488,0.0
2019-01-14,16,0,153,5.53,5.53,0.0,129.489841,0.0
2019-01-14,16,0,154,51.41,51.41,0.0,1095.504211,0.0
2019-01-14,16,0,157,63.66,63.66,0.0,735.810518,0.0
2019-01-14,16,0,158,244.18,244.18,0.0,2822.340753,0.0
2019-01-14,16,0,159,0.0,0.0,0.0,0.0,0.0
2019-01-14,16,0,160,1.87,1.87,0.0,37.00358,0.0
2019-01-14,16,0,161,52.44,52.44,0.0,770.647076,0.0
2019-01-14,16,0,162,0.0,0.0,0.0,0.0,0.0
2019-01-14,16,0,163,10.77,10.77,0.0,21.011193,0.0
2019-01-14,16,0,164,18.34,18.34,0.0,208.302003,0.0
2019-01-14,16,0,167,4.65,4.65,0.0,131.017582,0.0
2019-01-14,16,0,168,2.33,2.33,0.0,65.64967,0.0
2019-01-14,16,0,169,0.0,0.0,0.0,0.0,0.0
2019-01-14,16,0,170,5.09,5.09,0.0,143.414945,0.0
2019-01-14,16,0,172,6.42,6.42,0.0,179.612187,0.0
2019-01-14,16,0,173,9.78,9.78,0.0,273.614827,0.0
2019-01-14,16,0,188,8.52,8.52,0.0,237.101272,0.0
2019-01-14,16,0,190,7.6,7.6,0.0,226.543373,0.0
2019-01-14,16,0,191,19.64,19.64,0.0,585.435769,0.0
2019-01-14,16,0,192,28.57,28.57,0.0,851.624233,0.0
2019-01-14,16,0,194,0.0,0.0,0.0,0.0,0.0
2019-01-14,16,0,196,5.15,5.15,0.0,170.634457,0.0
2019-01-14,16,0,198,8.46,8.46,0.0,144.596989,0.0
2019-01-14,16,0,199,9.27,9.27,0.0,132.838141,0.0
2019-01-14,16,0,200,16.89,16.89,0.0,242.031952,0.0
2019-01-14,16,0,204,5.08,5.08,0.0,107.891617,0.0
2019-01-14,16,0,205,8.37,8.37,0.0,179.33992,0.0
2019-01-14,16,0,206,20.56,20.56,0.0,395.869696,0.0
2019-01-14,16,0,210,1.7,1.7,0.0,14.54871,0.0
2019-01-14,16,0,214,7.9,7.9,0.0,180.074972,0.0
2019-01-14,16,0,217,5.81,5.81,0.0,96.77404,0.0
2019-01-14,16,0,218,8.02,8.02,0.0,133.584819,0.0
2019-01-14,16,0,219,5.46,5.46,0.0,90.944278,0.0
2019-01-14,16,0,221,4.21,4.21,0.0,95.964004,0.0
2019-01-14,16,0,225,4.2,4.2,0.0,32.700188,0.0
2019-01-14,16,0,233,3.69,3.69,0.0,79.46611,0.0
2019-01-14,16,0,236,17.39,17.39,0.0,430.303307,0.0
2019-01-14,16,0,237,67.81,67.81,0.0,1637.536816,0.0
2019-01-14,16,0,238,46.95,46.95,0.0,926.648275,0.0
2019-01-14,16,0,240,7.85,7.85,0.0,170.278583,0.0
2019-01-14,16,0,245,49.75,49.75,0.0,758.240044,0.0
2019-01-14,16,0,247,80.7,80.7,0.0,1229.949177,0.0
2019-01-14,16,0,248,7.99,7.99,0.0,192.9497,0.0
2019-01-14,16,0,249,95.68,95.68,0.0,1458.259446,0.0
2019-01-14,16,0,251,194.37,194.37,0.0,3428.281325,0.0
2019-01-14,16,0,252,242.05,242.05,0.0,3828.319548,0.0
2019-01-14,16,0,254,10.83,10.83,0.0,223.55344,0.0
2019-01-14,16,0,255,4.97,4.97,0.0,102.591006,0.0
2019-01-14,16,0,258,10.12,10.12,0.0,218.270656,0.0
2019-01-14,16,0,260,4.53,4.53,0.0,89.639688,0.0
2019-01-14,16,0,265,53.22,53.22,0.0,1134.073801,0.0
2019-01-14,16,0,266,11.54,11.54,0.0,245.907773,0.0
2019-01-14,16,0,267,14.29,14.29,0.0,304.507978,0.0
2019-01-14,16,0,270,29.1,29.1,0.0,56.77119,0.0
2019-01-14,16,0,272,0.0,0.0,0.0,0.0,0.0
2019-01-14,16,0,273,23.33,23.33,0.0,45.514497,0.0
2019-01-14,16,0,274,36.32,36.32,0.0,70.856688,0.0
2019-01-14,16,0,275,48.69,48.69,0.0,94.989321,0.0
2019-01-14,16,0,276,5.36,5.36,0.0,21.954891,0.0
2019-01-14,16,0,277,6.75,6.75,0.0,118.594653,0.0
2019-01-14,16,0,278,10.8,10.8,0.0,189.751445,0.0
2019-01-14,16,0,279,0.0,0.0,0.0,0.0,0.0
2019-01-14,16,0,281,12.02,12.02,0.0,136.520724,0.0
2019-01-14,16,0,282,286.56,286.56,0.0,3254.690409,0.0
2019-01-14,17,0,9,1.84,1.84,0.0,35.674912,0.0
2019-01-14,17,0,17,12.76,12.76,0.0,201.87686,0.0
2019-01-14,17,0,19,244.35,244.35,0.0,3865.878594,0.0
2019-01-14,17,0,20,294.25,294.25,0.0,4655.350016,0.0
2019-01-14,17,0,21,42.0,42.0,0.0,814.318646,0.0
2019-01-14,17,0,22,149.28,149.28,0.0,2894.321129,0.0
2019-01-14,17,0,23,1.94,1.94,0.0,37.613766,0.0
2019-01-14,17,0,24,3.45,3.45,0.0,66.89046,0.0
2019-01-14,17,0,29,3.26,3.26,0.0,29.321455,0.0
2019-01-14,17,0,30,362.71,362.71,0.0,4119.586678,0.0
2019-01-14,17,0,31,32.55,32.55,0.0,369.696304,0.0
2019-01-14,17,0,32,2.82,2.82,0.0,73.134046,0.0
2019-01-14,17,0,33,0.88,0.88,0.0,14.028232,0.0
2019-01-14,17,0,34,1.41,1.41,0.0,22.477054,0.0
2019-01-14,17,0,35,1.41,1.41,0.0,22.477054,0.0
2019-01-14,17,0,36,4.84,4.84,0.0,74.245035,0.0
2019-01-14,17,0,37,2.1,2.1,0.0,32.108048,0.0
2019-01-14,17,0,38,2.7,2.7,0.0,41.281775,0.0
2019-01-14,17,0,39,1.8,1.8,0.0,27.521184,0.0
2019-01-14,17,0,40,1.8,1.8,0.0,27.521184,0.0
2019-01-14,17,0,41,7.53,7.53,0.0,121.642778,0.0
2019-01-14,17,0,42,24.87,24.87,0.0,392.82256,0.0
2019-01-14,17,0,43,15.85,15.85,0.0,238.506293,0.0
2019-01-14,17,0,46,14.9,14.9,0.0,228.57707,0.0
2019-01-14,17,0,52,34.5,34.5,0.0,391.844009,0.0
2019-01-14,17,0,53,54.81,54.81,0.0,622.520873,0.0
2019-01-14,17,0,55,89.85,89.85,0.0,1742.060246,0.0
2019-01-14,17,0,56,106.99,106.99,0.0,1215.170739,0.0
2019-01-14,17,0,57,101.77,101.77,0.0,1155.883037,0.0
2019-01-14,17,0,58,195.71,195.71,0.0,2222.83452,0.0
2019-01-14,17,0,59,192.44,192.44,0.0,2185.694522,0.0
2019-01-14,17,0,63,0.0,0.0,0.0,0.0,0.0
2019-01-14,17,0,64,0.0,0.0,0.0,0.0,0.0
2019-01-14,17,0,65,32.69,32.69,0.0,517.032704,0.0
2019-01-14,17,0,67,191.39,191.39,0.0,2223.442961,0.0
2019-01-14,17,0,68,0.76,0.76,0.0,11.104638,0.0
2019-01-14,17,0,69,0.88,0.88,0.0,14.028232,0.0
2019-01-14,17,0,74,27.2,27.2,0.0,427.713528,0.0
2019-01-14,17,0,77,1.51,1.51,0.0,25.736056,0.0
2019-01-14,17,0,78,1.14,1.14,0.0,19.42987,0.0
2019-01-14,17,0,79,0.66,0.66,0.0,11.248872,0.0
2019-01-14,17,0,80,1.07,1.07,0.0,18.236808,0.0
2019-01-14,17,0,81,1.4,1.4,0.0,23.861244,0.0
2019-01-14,17,0,82,0.99,0.99,0.0,16.873308,0.0
2019-01-14,17,0,83,2.2,2.2,0.0,37.496241,0.0
2019-01-14,17,0,84,0.0,0.0,0.0,0.0,0.0
2019-01-14,17,0,86,4.45,4.45,0.0,70.938219,0.0
2019-01-14,17,0,87,22.72,22.72,0.0,362.183448,0.0
2019-01-14,17,0,88,1.08,1.08,0.0,18.407246,0.0
2019-01-14,17,0,89,1.03,1.03,0.0,17.555058,0.0
2019-01-14,17,0,90,1.39,1.39,0.0,23.690807,0.0
2019-01-14,17,0,91,4.95,4.95,0.0,84.366542,0.0
2019-01-14,17,0,92,1.78,1.78,0.0,30.337868,0.0
2019-01-14,17,0,95,0.0,0.0,0.0,0.0,0.0
2019-01-14,17,0,96,1.72,1.72,0.0,27.802947,0.0
2019-01-14,17,0,97,10.59,10.59,0.0,171.182098,0.0
2019-01-14,17,0,99,5.53,5.53,0.0,86.957934,0.0
2019-01-14,17,0,101,7.31,7.31,0.0,83.025499,0.0
2019-01-14,17,0,102,1.8,1.8,0.0,26.300458,0.0
2019-01-14,17,0,103,1.57,1.57,0.0,22.939844,0.0
2019-01-14,17,0,104,0.29,0.29,0.0,4.237296,0.0
2019-01-14,17,0,106,146.95,146.95,0.0,2849.145833,0.0
2019-01-14,17,0,109,3.1,3.1,0.0,48.600903,0.0
2019-01-14,17,0,110,217.77,217.77,0.0,533.250601,0.0
2019-01-14,17,0,111,9.23,9.23,0.0,149.105292,0.0
2019-01-14,17,0,113,0.0,0.0,0.0,0.0,0.0
2019-01-14,17,0,115,0.0,0.0,0.0,0.0,0.0
2019-01-14,17,0,116,68.44,68.44,0.0,167.588149,0.0
2019-01-14,17,0,117,0.0,0.0,0.0,0.0,0.0
2019-01-14,17,0,119,0.0,0.0,0.0,0.0,0.0
2019-01-14,17,0,120,0.0,0.0,0.0,0.0,0.0
2019-01-14,17,0,123,2.45,2.45,0.0,47.501921,0.0
2019-01-14,17,0,125,3.12,3.12,0.0,60.492242,0.0
2019-01-14,17,0,126,110.21,110.21,0.0,2136.810903,0.0
2019-01-14,17,0,127,141.44,141.44,0.0,2742.314982,0.0
2019-01-14,17,0,128,4.49,4.49,0.0,87.054541,0.0
2019-01-14,17,0,131,0.88,0.88,0.0,13.56166,0.0
2019-01-14,17,0,132,1.3,1.3,0.0,20.03427,0.0
2019-01-14,17,0,133,56.57,56.57,0.0,895.023738,0.0
2019-01-14,17,0,134,0.0,0.0,0.0,0.0,0.0
2019-01-14,17,0,135,74.06,74.06,0.0,1171.742231,0.0
2019-01-14,17,0,136,45.9,45.9,0.0,725.952975,0.0
2019-01-14,17,0,139,9.73,9.73,0.0,157.182501,0.0
2019-01-14,17,0,140,161.17,161.17,0.0,394.654908,0.0
2019-01-14,17,0,141,20.53,20.53,0.0,238.504018,0.0
2019-01-14,17,0,142,252.4,252.4,0.0,2932.216957,0.0
2019-01-14,17,0,143,39.7,39.7,0.0,450.904555,0.0
2019-01-14,17,0,145,1.33,1.33,0.0,21.543838,0.0
2019-01-14,17,0,146,95.22,95.22,0.0,233.16399,0.0
2019-01-14,17,0,152,3.11,3.11,0.0,48.691442,0.0
2019-01-14,17,0,153,3.8,3.8,0.0,59.464004,0.0
2019-01-14,17,0,154,38.09,38.09,0.0,615.321837,0.0
2019-01-14,17,0,157,38.14,38.14,0.0,443.085399,0.0
2019-01-14,17,0,158,169.43,169.43,0.0,1968.326145,0.0
2019-01-14,17,0,159,0.0,0.0,0.0,0.0,0.0
2019-01-14,17,0,160,1.28,1.28,0.0,18.464541,0.0
2019-01-14,17,0,161,36.4,36.4,0.0,531.853706,0.0
2019-01-14,17,0,162,0.0,0.0,0.0,0.0,0.0
2019-01-14,17,0,163,15.66,15.66,0.0,38.346441,0.0
2019-01-14,17,0,164,13.12,13.12,0.0,149.014301,0.0
2019-01-14,17,0,167,3.13,3.13,0.0,81.352412,0.0
2019-01-14,17,0,168,1.57,1.57,0.0,40.806162,0.0
2019-01-14,17,0,169,0.0,0.0,0.0,0.0,0.0
2019-01-14,17,0,170,3.43,3.43,0.0,89.149768,0.0
2019-01-14,17,0,172,4.34,4.34,0.0,114.734822,0.0
2019-01-14,17,0,173,6.62,6.62,0.0,175.010258,0.0
2019-01-14,17,0,188,5.79,5.79,0.0,149.469731,0.0
2019-01-14,17,0,190,5.25,5.25,0.0,142.74288,0.0
2019-01-14,17,0,191,13.56,13.56,0.0,368.684467,0.0
2019-01-14,17,0,192,26.45,26.45,0.0,719.152224,0.0
2019-01-14,17,0,194,0.0,0.0,0.0,0.0,0.0
2019-01-14,17,0,196,3.59,3.59,0.0,108.610287,0.0
2019-01-14,17,0,198,5.8,5.8,0.0,75.351481,0.0
2019-01-14,17,0,199,3.66,3.66,0.0,49.92688,0.0
2019-01-14,17,0,200,11.58,11.58,0.0,157.965375,0.0
2019-01-14,17,0,204,9.85,9.85,0.0,154.510615,0.0
2019-01-14,17,0,205,16.41,16.41,0.0,257.271232,0.0
2019-01-14,17,0,206,31.11,31.11,0.0,502.877721,0.0
2019-01-14,17,0,210,1.14,1.14,0.0,10.514697,0.0
2019-01-14,17,0,214,5.37,5.37,0.0,85.994398,0.0
2019-01-14,17,0,217,3.89,3.89,0.0,50.663012,0.0
2019-01-14,17,0,218,5.37,5.37,0.0,69.9384,0.0
2019-01-14,17,0,219,3.66,3.66,0.0,47.667513,0.0
2019-01-14,17,0,221,2.86,2.86,0.0,45.799623,0.0
2019-01-14,17,0,225,2.82,2.82,0.0,25.301564,0.0
2019-01-14,17,0,233,2.52,2.52,0.0,40.171756,0.0
2019-01-14,17,0,236,21.09,21.09,0.0,332.125754,0.0
2019-01-14,17,0,237,67.21,67.21,0.0,1056.861259,0.0
2019-01-14,17,0,238,32.38,32.38,0.0,511.443285,0.0
2019-01-14,17,0,240,5.49,5.49,0.0,84.215959,0.0
2019-01-14,17,0,245,47.78,47.78,0.0,756.780464,0.0
2019-01-14,17,0,247,74.67,74.67,0.0,1182.687259,0.0
2019-01-14,17,0,248,6.84,6.84,0.0,107.557373,0.0
2019-01-14,17,0,249,91.89,91.89,0.0,1455.432332,0.0
2019-01-14,17,0,251,169.74,169.74,0.0,2683.299881,0.0
2019-01-14,17,0,252,210.88,210.88,0.0,3335.32752,0.0
2019-01-14,17,0,254,7.46,7.46,0.0,111.09104,0.0
2019-01-14,17,0,255,3.42,3.42,0.0,50.929136,0.0
2019-01-14,17,0,258,7.11,7.11,0.0,108.731067,0.0
2019-01-14,17,0,260,3.12,3.12,0.0,45.007319,0.0
2019-01-14,17,0,265,39.43,39.43,0.0,636.968759,0.0
2019-01-14,17,0,266,6.3,6.3,0.0,101.772843,0.0
2019-01-14,17,0,267,7.74,7.74,0.0,125.035207,0.0
2019-01-14,17,0,270,48.89,48.89,0.0,119.716315,0.0
2019-01-14,17,0,272,0.0,0.0,0.0,0.0,0.0
2019-01-14,17,0,273,16.37,16.37,0.0,40.085009,0.0
2019-01-14,17,0,274,63.03,63.03,0.0,154.340751,0.0
2019-01-14,17,0,275,87.73,87.73,0.0,214.823324,0.0
2019-01-14,17,0,276,3.74,3.74,0.0,16.814494,0.0
2019-01-14,17,0,277,4.68,4.68,0.0,82.028946,0.0
2019-01-14,17,0,278,7.49,7.49,0.0,131.281369,0.0
2019-01-14,17,0,279,6.45,6.45,0.0,113.052714,0.0
2019-01-14,17,0,281,14.61,14.61,0.0,165.937419,0.0
2019-01-14,17,0,282,198.97,198.97,0.0,2259.860939,0.0
2019-01-14,18,0,9,0.96,0.96,0.0,27.122712,0.0
2019-01-14,18,0,17,6.16,6.16,0.0,98.75744,0.0
2019-01-14,18,0,19,278.54,278.54,0.0,4465.567767,0.0
2019-01-14,18,0,20,339.18,339.18,0.0,5437.751401,0.0
2019-01-14,18,0,21,21.93,21.93,0.0,619.584441,0.0
2019-01-14,18,0,22,77.94,77.94,0.0,2202.02514,0.0
2019-01-14,18,0,23,4.43,4.43,0.0,125.160012,0.0
2019-01-14,18,0,24,7.86,7.86,0.0,222.0672,0.0
2019-01-14,18,0,29,1.31,1.31,0.0,17.737886,0.0
2019-01-14,18,0,30,198.44,198.44,0.0,2670.195248,0.0
2019-01-14,18,0,31,28.8,28.8,0.0,387.530856,0.0
2019-01-14,18,0,32,1.15,1.15,0.0,35.186213,0.0
2019-01-14,18,0,33,0.41,0.41,0.0,6.07227,0.0
2019-01-14,18,0,34,0.66,0.66,0.0,9.774874,0.0
2019-01-14,18,0,35,0.66,0.66,0.0,9.774874,0.0
2019-01-14,18,0,36,2.32,2.32,0.0,41.46515,0.0
2019-01-14,18,0,37,1.01,1.01,0.0,18.068227,0.0
2019-01-14,18,0,38,1.29,1.29,0.0,23.07724,0.0
2019-01-14,18,0,39,0.86,0.86,0.0,15.384827,0.0
2019-01-14,18,0,40,0.86,0.86,0.0,15.384827,0.0
2019-01-14,18,0,41,9.54,9.54,0.0,198.10882,0.0
2019-01-14,18,0,42,13.16,13.16,0.0,214.46668,0.0
2019-01-14,18,0,43,7.45,7.45,0.0,130.60115,0.0
2019-01-14,18,0,46,7.01,7.01,0.0,128.626237,0.0
2019-01-14,18,0,52,30.53,30.53,0.0,410.80962,0.0
2019-01-14,18,0,53,48.52,48.52,0.0,652.881845,0.0
2019-01-14,18,0,55,85.96,85.96,0.0,2428.612792,0.0
2019-01-14,18,0,56,58.53,58.53,0.0,787.57573,0.0
2019-01-14,18,0,57,55.68,55.68,0.0,749.226322,0.0
2019-01-14,18,0,58,107.07,107.07,0.0,1440.726694,0.0
2019-01-14,18,0,59,105.29,105.29,0.0,1416.775134,0.0
2019-01-14,18,0,63,7.23,7.23,0.0,215.514288,0.0
2019-01-14,18,0,64,8.5,8.5,0.0,253.370878,0.0
2019-01-14,18,0,65,28.59,28.59,0.0,459.762746,0.0
2019-01-14,18,0,67,99.25,99.25,0.0,2735.446998,0.0
2019-01-14,18,0,68,0.72,0.72,0.0,19.540993,0.0
2019-01-14,18,0,69,0.41,0.41,0.0,6.07227,0.0
2019-01-14,18,0,74,20.03,20.03,0.0,350.181796,0.0
2019-01-14,18,0,77,2.89,2.89,0.0,76.600501,0.0
2019-01-14,18,0,78,2.18,2.18,0.0,57.781693,0.0
2019-01-14,18,0,79,1.26,1.26,0.0,33.396758,0.0
2019-01-14,18,0,80,2.04,2.04,0.0,54.070942,0.0
2019-01-14,18,0,81,2.67,2.67,0.0,70.769321,0.0
2019-01-14,18,0,82,1.88,1.88,0.0,49.830083,0.0
2019-01-14,18,0,83,4.2,4.2,0.0,111.322527,0.0
2019-01-14,18,0,84,0.0,0.0,0.0,0.0,0.0
2019-01-14,18,0,86,2.09,2.09,0.0,30.953766,0.0
2019-01-14,18,0,87,10.67,10.67,0.0,158.027123,0.0
2019-01-14,18,0,88,2.74,2.74,0.0,72.624696,0.0
2019-01-14,18,0,89,2.64,2.64,0.0,69.97416,0.0
2019-01-14,18,0,90,3.54,3.54,0.0,93.828987,0.0
2019-01-14,18,0,91,12.63,12.63,0.0,334.762742,0.0
2019-01-14,18,0,92,4.54,4.54,0.0,120.334351,0.0
2019-01-14,18,0,95,0.0,0.0,0.0,0.0,0.0
2019-01-14,18,0,96,2.5,2.5,0.0,55.892401,0.0
2019-01-14,18,0,97,15.35,15.35,0.0,343.179344,0.0
2019-01-14,18,0,99,3.87,3.87,0.0,67.65869,0.0
2019-01-14,18,0,101,4.0,4.0,0.0,53.82373,0.0
2019-01-14,18,0,102,1.71,1.71,0.0,46.409858,0.0
2019-01-14,18,0,103,1.49,1.49,0.0,40.438999,0.0
2019-01-14,18,0,104,0.28,0.28,0.0,7.599275,0.0
2019-01-14,18,0,106,76.72,76.72,0.0,2167.556694,0.0
2019-01-14,18,0,109,5.33,5.33,0.0,102.03655,0.0
2019-01-14,18,0,110,132.39,132.39,0.0,3819.470412,0.0
2019-01-14,18,0,111,4.81,4.81,0.0,99.885055,0.0
2019-01-14,18,0,113,2.1,2.1,0.0,57.443281,0.0
2019-01-14,18,0,115,2.1,2.1,0.0,57.443281,0.0
2019-01-14,18,0,116,32.53,32.53,0.0,938.495147,0.0
2019-01-14,18,0,117,0.14,0.14,0.0,3.829552,0.0
2019-01-14,18,0,119,8.5,8.5,0.0,253.370878,0.0
2019-01-14,18,0,120,5.0,5.0,0.0,149.041693,0.0
2019-01-14,18,0,123,1.28,1.28,0.0,36.163615,0.0
2019-01-14,18,0,125,7.1,7.1,0.0,200.595054,0.0
2019-01-14,18,0,126,57.54,57.54,0.0,1625.667521,0.0
2019-01-14,18,0,127,73.85,73.85,0.0,2086.471088,0.0
2019-01-14,18,0,128,10.2,10.2,0.0,288.17881,0.0
2019-01-14,18,0,131,1.49,1.49,0.0,40.271504,0.0
2019-01-14,18,0,132,2.2,2.2,0.0,59.461281,0.0
2019-01-14,18,0,133,71.74,71.74,0.0,1149.806927,0.0
2019-01-14,18,0,134,0.0,0.0,0.0,0.0,0.0
2019-01-14,18,0,135,96.13,96.13,0.0,1540.715639,0.0
2019-01-14,18,0,136,44.44,44.44,0.0,714.770463,0.0
2019-01-14,18,0,139,12.32,12.32,0.0,255.838644,0.0
2019-01-14,18,0,140,97.98,97.98,0.0,2826.736997,0.0
2019-01-14,18,0,141,19.46,19.46,0.0,536.34054,0.0
2019-01-14,18,0,142,130.88,130.88,0.0,3607.207084,0.0
2019-01-14,18,0,143,36.08,36.08,0.0,485.490045,0.0
2019-01-14,18,0,145,2.22,2.22,0.0,47.820062,0.0
2019-01-14,18,0,146,58.42,58.42,0.0,1685.425345,0.0
2019-01-14,18,0,152,1.53,1.53,0.0,26.648844,0.0
2019-01-14,18,0,153,1.86,1.86,0.0,32.512638,0.0
2019-01-14,18,0,154,19.83,19.83,0.0,411.792234,0.0
2019-01-14,18,0,157,20.4,20.4,0.0,562.248048,0.0
2019-01-14,18,0,158,87.32,87.32,0.0,2406.642134,0.0
2019-01-14,18,0,159,0.0,0.0,0.0,0.0,0.0
2019-01-14,18,0,160,0.59,0.59,0.0,9.693969,0.0
2019-01-14,18,0,161,18.36,18.36,0.0,498.295313,0.0
2019-01-14,18,0,162,0.0,0.0,0.0,0.0,0.0
2019-01-14,18,0,163,21.03,21.03,0.0,606.718504,0.0
2019-01-14,18,0,164,7.54,7.54,0.0,101.457731,0.0
2019-01-14,18,0,167,1.24,1.24,0.0,38.024163,0.0
2019-01-14,18,0,168,0.62,0.62,0.0,19.012082,0.0
2019-01-14,18,0,169,0.0,0.0,0.0,0.0,0.0
2019-01-14,18,0,170,1.36,1.36,0.0,41.703921,0.0
2019-01-14,18,0,172,1.75,1.75,0.0,56.616393,0.0
2019-01-14,18,0,173,2.67,2.67,0.0,86.38044,0.0
2019-01-14,18,0,188,2.39,2.39,0.0,73.891355,0.0
2019-01-14,18,0,190,2.35,2.35,0.0,70.049596,0.0
2019-01-14,18,0,191,6.06,6.06,0.0,180.638532,0.0
2019-01-14,18,0,192,31.72,31.72,0.0,945.520499,0.0
2019-01-14,18,0,194,2.63,2.63,0.0,73.199128,0.0
2019-01-14,18,0,196,1.67,1.67,0.0,48.844546,0.0
2019-01-14,18,0,198,2.57,2.57,0.0,37.410986,0.0
2019-01-14,18,0,199,0.0,0.0,0.0,0.0,0.0
2019-01-14,18,0,200,5.0,5.0,0.0,75.984576,0.0
2019-01-14,18,0,204,16.9,16.9,0.0,326.414704,0.0
2019-01-14,18,0,205,28.19,28.19,0.0,539.66423,0.0
2019-01-14,18,0,206,45.12,45.12,0.0,1008.746059,0.0
2019-01-14,18,0,210,0.46,0.46,0.0,6.120583,0.0
2019-01-14,18,0,214,2.33,2.33,0.0,32.825382,0.0
2019-01-14,18,0,217,1.63,1.63,0.0,22.373801,0.0
2019-01-14,18,0,218,2.25,2.25,0.0,30.884081,0.0
2019-01-14,18,0,219,1.53,1.53,0.0,21.001175,0.0
2019-01-14,18,0,221,1.24,1.24,0.0,17.469302,0.0
2019-01-14,18,0,225,1.15,1.15,0.0,15.597498,0.0
2019-01-14,18,0,233,1.18,1.18,0.0,17.476289,0.0
2019-01-14,18,0,236,25.68,25.68,0.0,428.9196,0.0
2019-01-14,18,0,237,48.06,48.06,0.0,840.226517,0.0
2019-01-14,18,0,238,17.13,17.13,0.0,279.165215,0.0
2019-01-14,18,0,240,2.63,2.63,0.0,47.005752,0.0
2019-01-14,18,0,245,48.13,48.13,0.0,762.916388,0.0
2019-01-14,18,0,247,71.28,71.28,0.0,1129.87077,0.0
2019-01-14,18,0,248,4.82,4.82,0.0,84.267412,0.0
2019-01-14,18,0,249,92.56,92.56,0.0,1467.18348,0.0
2019-01-14,18,0,251,147.35,147.35,0.0,2381.471766,0.0
2019-01-14,18,0,252,184.43,184.43,0.0,2965.863703,0.0
2019-01-14,18,0,254,3.46,3.46,0.0,59.700057,0.0
2019-01-14,18,0,255,1.59,1.59,0.0,27.434419,0.0
2019-01-14,18,0,258,3.4,3.4,0.0,60.579786,0.0
2019-01-14,18,0,260,1.44,1.44,0.0,23.659856,0.0
2019-01-14,18,0,265,20.53,20.53,0.0,426.32852,0.0
2019-01-14,18,0,266,7.98,7.98,0.0,165.713667,0.0
2019-01-14,18,0,267,9.81,9.81,0.0,203.715674,0.0
2019-01-14,18,0,270,65.68,65.68,0.0,1894.877383,0.0
2019-01-14,18,0,272,7.02,7.02,0.0,192.024683,0.0
2019-01-14,18,0,273,7.78,7.78,0.0,224.454111,0.0
2019-01-14,18,0,274,84.67,84.67,0.0,2442.741595,0.0
2019-01-14,18,0,275,117.86,117.86,0.0,3400.277837,0.0
2019-01-14,18,0,276,1.8,1.8,0.0,51.41222,0.0
2019-01-14,18,0,277,2.28,2.28,0.0,61.591314,0.0
2019-01-14,18,0,278,3.65,3.65,0.0,98.600129,0.0
2019-01-14,18,0,279,15.7,15.7,0.0,424.115624,0.0
2019-01-14,18,0,281,12.92,12.92,0.0,173.850648,0.0
2019-01-14,18,0,282,108.86,108.86,0.0,1464.812813,0.0
2019-01-14,19,0,9,0.0,0.0,0.0,0.0,0.0
2019-01-14,19,0,17,0.0,0.0,0.0,0.0,0.0
2019-01-14,19,0,19,525.98,525.98,0.0,6393.00388,0.0
2019-01-14,19,0,20,639.32,639.32,0.0,7770.590594,0.0
2019-01-14,19,0,21,0.0,0.0,0.0,0.0,0.0
2019-01-14,19,0,22,0.0,0.0,0.0,0.0,0.0
2019-01-14,19,0,23,5.73,5.73,0.0,141.665331,0.0
2019-01-14,19,0,24,10.13,10.13,0.0,250.448482,0.0
2019-01-14,19,0,29,0.0,0.0,0.0,0.0,0.0
2019-01-14,19,0,30,4.01,4.01,0.0,99.330276,0.0
2019-01-14,19,0,31,13.88,13.88,0.0,343.816517,0.0
2019-01-14,19,0,32,0.0,0.0,0.0,0.0,0.0
2019-01-14,19,0,33,0.0,0.0,0.0,0.0,0.0
2019-01-14,19,0,34,0.0,0.0,0.0,0.0,0.0
2019-01-14,19,0,35,0.0,0.0,0.0,0.0,0.0
2019-01-14,19,0,36,0.0,0.0,0.0,0.0,0.0
2019-01-14,19,0,37,0.0,0.0,0.0,0.0,0.0
2019-01-14,19,0,38,0.0,0.0,0.0,0.0,0.0
2019-01-14,19,0,39,0.0,0.0,0.0,0.0,0.0
2019-01-14,19,0,40,0.0,0.0,0.0,0.0,0.0
2019-01-14,19,0,41,11.99,11.99,0.0,267.020403,0.0
2019-01-14,19,0,42,0.0,0.0,0.0,0.0,0.0
2019-01-14,19,0,43,0.0,0.0,0.0,0.0,0.0
2019-01-14,19,0,46,0.0,0.0,0.0,0.0,0.0
2019-01-14,19,0,52,14.71,14.71,0.0,364.376151,0.0
2019-01-14,19,0,53,23.37,23.37,0.0,578.889915,0.0
2019-01-14,19,0,55,44.62,44.62,0.0,1103.160047,0.0
2019-01-14,19,0,56,1.18,1.18,0.0,29.229358,0.0
2019-01-14,19,0,57,1.13,1.13,0.0,27.990826,0.0
2019-01-14,19,0,58,2.17,2.17,0.0,53.752294,0.0
2019-01-14,19,0,59,2.13,2.13,0.0,52.761468,0.0
2019-01-14,19,0,63,21.21,21.21,0.0,687.788486,0.0
2019-01-14,19,0,64,24.96,24.96,0.0,809.391826,0.0
2019-01-14,19,0,65,25.21,25.21,0.0,372.721852,0.0
2019-01-14,19,0,67,0.0,0.0,0.0,0.0,0.0
2019-01-14,19,0,68,1.48,1.48,0.0,44.257302,0.0
2019-01-14,19,0,69,0.0,0.0,0.0,0.0,0.0
2019-01-14,19,0,74,23.58,23.58,0.0,444.734336,0.0
2019-01-14,19,0,77,5.1,5.1,0.0,149.235686,0.0
2019-01-14,19,0,78,3.85,3.85,0.0,112.658312,0.0
2019-01-14,19,0,79,2.23,2.23,0.0,65.254035,0.0
2019-01-14,19,0,80,3.61,3.61,0.0,105.635456,0.0
2019-01-14,19,0,81,4.71,4.71,0.0,137.823545,0.0
2019-01-14,19,0,82,3.33,3.33,0.0,97.442124,0.0
2019-01-14,19,0,83,7.42,7.42,0.0,217.123292,0.0
2019-01-14,19,0,84,0.0,0.0,0.0,0.0,0.0
2019-01-14,19,0,86,0.0,0.0,0.0,0.0,0.0
2019-01-14,19,0,87,0.0,0.0,0.0,0.0,0.0
2019-01-14,19,0,88,5.73,5.73,0.0,167.670683,0.0
2019-01-14,19,0,89,5.51,5.51,0.0,161.233065,0.0
2019-01-14,19,0,90,7.4,7.4,0.0,216.538054,0.0
2019-01-14,19,0,91,26.4,26.4,0.0,772.514139,0.0
2019-01-14,19,0,92,9.49,9.49,0.0,277.695424,0.0
2019-01-14,19,0,95,0.0,0.0,0.0,0.0,0.0
2019-01-14,19,0,96,3.48,3.48,0.0,86.373496,0.0
2019-01-14,19,0,97,21.39,21.39,0.0,530.89916,0.0
2019-01-14,19,0,99,4.55,4.55,0.0,85.815998,0.0
2019-01-14,19,0,101,0.08,0.08,0.0,1.981651,0.0
2019-01-14,19,0,102,4.23,4.23,0.0,126.492155,0.0
2019-01-14,19,0,103,3.55,3.55,0.0,106.157719,0.0
2019-01-14,19,0,104,0.51,0.51,0.0,15.250827,0.0
2019-01-14,19,0,106,0.0,0.0,0.0,0.0,0.0
2019-01-14,19,0,109,8.49,8.49,0.0,175.213281,0.0
2019-01-14,19,0,110,76.41,76.41,0.0,2410.60741,0.0
2019-01-14,19,0,111,0.0,0.0,0.0,0.0,0.0
2019-01-14,19,0,113,4.8,4.8,0.0,144.863277,0.0
2019-01-14,19,0,115,4.8,4.8,0.0,144.863277,0.0
2019-01-14,19,0,116,0.0,0.0,0.0,0.0,0.0
2019-01-14,19,0,117,0.32,0.32,0.0,9.657552,0.0
2019-01-14,19,0,119,24.96,24.96,0.0,809.391826,0.0
2019-01-14,19,0,120,14.67,14.67,0.0,475.712263,0.0
2019-01-14,19,0,123,0.0,0.0,0.0,0.0,0.0
2019-01-14,19,0,125,9.17,9.17,0.0,226.713977,0.0
2019-01-14,19,0,126,0.0,0.0,0.0,0.0,0.0
2019-01-14,19,0,127,0.0,0.0,0.0,0.0,0.0
2019-01-14,19,0,128,13.13,13.13,0.0,324.618813,0.0
2019-01-14,19,0,131,2.42,2.42,0.0,72.104995,0.0
2019-01-14,19,0,132,3.55,3.55,0.0,105.773856,0.0
2019-01-14,19,0,133,74.96,74.96,0.0,1327.40983,0.0
2019-01-14,19,0,134,0.0,0.0,0.0,0.0,0.0
2019-01-14,19,0,135,101.57,101.57,0.0,1798.626154,0.0
2019-01-14,19,0,136,42.0,42.0,0.0,627.021216,0.0
2019-01-14,19,0,139,15.48,15.48,0.0,344.743606,0.0
2019-01-14,19,0,140,56.55,56.55,0.0,1784.057703,0.0
2019-01-14,19,0,141,19.33,19.33,0.0,585.862535,0.0
2019-01-14,19,0,142,0.0,0.0,0.0,0.0,0.0
2019-01-14,19,0,143,17.93,17.93,0.0,444.137619,0.0
2019-01-14,19,0,145,3.44,3.44,0.0,79.933909,0.0
2019-01-14,19,0,146,32.39,32.39,0.0,1021.850203,0.0
2019-01-14,19,0,152,0.0,0.0,0.0,0.0,0.0
2019-01-14,19,0,153,0.0,0.0,0.0,0.0,0.0
2019-01-14,19,0,154,0.0,0.0,0.0,0.0,0.0
2019-01-14,19,0,157,9.25,9.25,0.0,280.353256,0.0
2019-01-14,19,0,158,0.0,0.0,0.0,0.0,0.0
2019-01-14,19,0,159,0.0,0.0,0.0,0.0,0.0
2019-01-14,19,0,160,0.0,0.0,0.0,0.0,0.0
2019-01-14,19,0,161,0.0,0.0,0.0,0.0,0.0
2019-01-14,19,0,162,0.0,0.0,0.0,0.0,0.0
2019-01-14,19,0,163,30.85,30.85,0.0,973.265785,0.0
2019-01-14,19,0,164,0.52,0.52,0.0,12.880734,0.0
2019-01-14,19,0,167,0.0,0.0,0.0,0.0,0.0
2019-01-14,19,0,168,0.0,0.0,0.0,0.0,0.0
2019-01-14,19,0,169,0.0,0.0,0.0,0.0,0.0
2019-01-14,19,0,170,0.0,0.0,0.0,0.0,0.0
2019-01-14,19,0,172,0.0,0.0,0.0,0.0,0.0
2019-01-14,19,0,173,0.0,0.0,0.0,0.0,0.0
2019-01-14,19,0,188,0.0,0.0,0.0,0.0,0.0
2019-01-14,19,0,190,0.0,0.0,0.0,0.0,0.0
2019-01-14,19,0,191,0.0,0.0,0.0,0.0,0.0
2019-01-14,19,0,192,46.32,46.32,0.0,1502.044446,0.0
2019-01-14,19,0,194,18.15,18.15,0.0,557.839016,0.0
2019-01-14,19,0,196,0.0,0.0,0.0,0.0,0.0
2019-01-14,19,0,198,0.0,0.0,0.0,0.0,0.0
2019-01-14,19,0,199,0.0,0.0,0.0,0.0,0.0
2019-01-14,19,0,200,0.0,0.0,0.0,0.0,0.0
2019-01-14,19,0,204,26.82,26.82,0.0,558.425824,0.0
2019-01-14,19,0,205,44.92,44.92,0.0,927.041293,0.0
2019-01-14,19,0,206,62.86,62.86,0.0,1560.183319,0.0
2019-01-14,19,0,210,0.0,0.0,0.0,0.0,0.0
2019-01-14,19,0,214,0.0,0.0,0.0,0.0,0.0
2019-01-14,19,0,217,0.0,0.0,0.0,0.0,0.0
2019-01-14,19,0,218,0.0,0.0,0.0,0.0,0.0
2019-01-14,19,0,219,0.0,0.0,0.0,0.0,0.0
2019-01-14,19,0,221,0.0,0.0,0.0,0.0,0.0
2019-01-14,19,0,225,0.0,0.0,0.0,0.0,0.0
2019-01-14,19,0,233,0.0,0.0,0.0,0.0,0.0
2019-01-14,19,0,236,31.36,31.36,0.0,566.119098,0.0
2019-01-14,19,0,237,56.57,56.57,0.0,1066.947473,0.0
2019-01-14,19,0,238,0.0,0.0,0.0,0.0,0.0
2019-01-14,19,0,240,0.0,0.0,0.0,0.0,0.0
2019-01-14,19,0,245,50.69,50.69,0.0,844.282422,0.0
2019-01-14,19,0,247,70.38,70.38,0.0,1172.235093,0.0
2019-01-14,19,0,248,5.68,5.68,0.0,107.128542,0.0
2019-01-14,19,0,249,97.48,97.48,0.0,1623.607231,0.0
2019-01-14,19,0,251,127.79,127.79,0.0,2005.923026,0.0
2019-01-14,19,0,252,162.62,162.62,0.0,2404.28511,0.0
2019-01-14,19,0,254,0.0,0.0,0.0,0.0,0.0
2019-01-14,19,0,255,0.0,0.0,0.0,0.0,0.0
2019-01-14,19,0,258,0.0,0.0,0.0,0.0,0.0
2019-01-14,19,0,260,0.0,0.0,0.0,0.0,0.0
2019-01-14,19,0,265,0.0,0.0,0.0,0.0,0.0
2019-01-14,19,0,266,10.03,10.03,0.0,223.370695,0.0
2019-01-14,19,0,267,12.32,12.32,0.0,274.369588,0.0
2019-01-14,19,0,270,96.35,96.35,0.0,3039.680984,0.0
2019-01-14,19,0,272,16.03,16.03,0.0,483.782984,0.0
2019-01-14,19,0,273,0.0,0.0,0.0,0.0,0.0
2019-01-14,19,0,274,124.2,124.2,0.0,3918.301798,0.0
2019-01-14,19,0,275,172.89,172.89,0.0,5454.389676,0.0
2019-01-14,19,0,276,0.0,0.0,0.0,0.0,0.0
2019-01-14,19,0,277,0.0,0.0,0.0,0.0,0.0
2019-01-14,19,0,278,0.0,0.0,0.0,0.0,0.0
2019-01-14,19,0,279,32.34,32.34,0.0,964.114527,0.0
2019-01-14,19,0,281,6.23,6.23,0.0,154.321103,0.0
2019-01-14,19,0,282,2.2,2.2,0.0,54.495413,0.0
2019-01-14,20,0,9,0.0,0.0,0.0,0.0,0.0
2019-01-14,20,0,17,0.0,0.0,0.0,0.0,0.0
2019-01-14,20,0,19,433.01,433.01,0.0,6824.176592,0.0
2019-01-14,20,0,20,525.16,525.16,0.0,8276.447609,0.0
2019-01-14,20,0,21,0.0,0.0,0.0,0.0,0.0
2019-01-14,20,0,22,0.0,0.0,0.0,0.0,0.0
2019-01-14,20,0,23,8.33,8.33,0.0,197.910431,0.0
2019-01-14,20,0,24,14.74,14.74,0.0,350.204052,0.0
2019-01-14,20,0,29,0.0,0.0,0.0,0.0,0.0
2019-01-14,20,0,30,0.0,0.0,0.0,0.0,0.0
2019-01-14,20,0,31,10.91,10.91,0.0,259.763075,0.0
2019-01-14,20,0,32,0.0,0.0,0.0,0.0,0.0
2019-01-14,20,0,33,0.0,0.0,0.0,0.0,0.0
2019-01-14,20,0,34,0.0,0.0,0.0,0.0,0.0
2019-01-14,20,0,35,0.0,0.0,0.0,0.0,0.0
2019-01-14,20,0,36,0.0,0.0,0.0,0.0,0.0
2019-01-14,20,0,37,0.0,0.0,0.0,0.0,0.0
2019-01-14,20,0,38,0.0,0.0,0.0,0.0,0.0
2019-01-14,20,0,39,0.0,0.0,0.0,0.0,0.0
2019-01-14,20,0,40,0.0,0.0,0.0,0.0,0.0
2019-01-14,20,0,41,14.93,14.93,0.0,315.181922,0.0
2019-01-14,20,0,42,0.0,0.0,0.0,0.0,0.0
2019-01-14,20,0,43,0.0,0.0,0.0,0.0,0.0
2019-01-14,20,0,46,0.0,0.0,0.0,0.0,0.0
2019-01-14,20,0,52,11.56,11.56,0.0,275.239336,0.0
2019-01-14,20,0,53,18.37,18.37,0.0,437.382923,0.0
2019-01-14,20,0,55,37.88,37.88,0.0,899.981649,0.0
2019-01-14,20,0,56,0.0,0.0,0.0,0.0,0.0
2019-01-14,20,0,57,0.0,0.0,0.0,0.0,0.0
2019-01-14,20,0,58,0.0,0.0,0.0,0.0,0.0
2019-01-14,20,0,59,0.0,0.0,0.0,0.0,0.0
2019-01-14,20,0,63,23.9,23.9,0.0,775.018615,0.0
2019-01-14,20,0,64,28.12,28.12,0.0,911.862906,0.0
2019-01-14,20,0,65,21.2,21.2,0.0,335.30417,0.0
2019-01-14,20,0,67,0.0,0.0,0.0,0.0,0.0
2019-01-14,20,0,68,1.43,1.43,0.0,42.012114,0.0
2019-01-14,20,0,69,0.0,0.0,0.0,0.0,0.0
2019-01-14,20,0,74,13.76,13.76,0.0,239.674758,0.0
2019-01-14,20,0,77,9.23,9.23,0.0,264.438825,0.0
2019-01-14,20,0,78,7.01,7.01,0.0,200.835987,0.0
2019-01-14,20,0,79,4.08,4.08,0.0,116.891702,0.0
2019-01-14,20,0,80,6.56,6.56,0.0,187.94352,0.0
2019-01-14,20,0,81,8.55,8.55,0.0,244.956875,0.0
2019-01-14,20,0,82,6.06,6.06,0.0,173.618557,0.0
2019-01-14,20,0,83,13.32,13.32,0.0,381.617026,0.0
2019-01-14,20,0,84,0.0,0.0,0.0,0.0,0.0
2019-01-14,20,0,86,0.0,0.0,0.0,0.0,0.0
2019-01-14,20,0,87,0.0,0.0,0.0,0.0,0.0
2019-01-14,20,0,88,12.47,12.47,0.0,357.264588,0.0
2019-01-14,20,0,89,11.99,11.99,0.0,343.512623,0.0
2019-01-14,20,0,90,16.08,16.08,0.0,460.690824,0.0
2019-01-14,20,0,91,57.26,57.26,0.0,1640.494813,0.0
2019-01-14,20,0,92,20.62,20.62,0.0,590.761492,0.0
2019-01-14,20,0,95,0.0,0.0,0.0,0.0,0.0
2019-01-14,20,0,96,3.43,3.43,0.0,81.849409,0.0
2019-01-14,20,0,97,24.77,24.77,0.0,591.08159,0.0
2019-01-14,20,0,99,2.66,2.66,0.0,46.332475,0.0
2019-01-14,20,0,101,0.0,0.0,0.0,0.0,0.0
2019-01-14,20,0,102,3.39,3.39,0.0,99.595152,0.0
2019-01-14,20,0,103,2.95,2.95,0.0,86.668348,0.0
2019-01-14,20,0,104,0.55,0.55,0.0,16.158506,0.0
2019-01-14,20,0,106,0.0,0.0,0.0,0.0,0.0
2019-01-14,20,0,109,4.45,4.45,0.0,86.141206,0.0
2019-01-14,20,0,110,83.26,83.26,0.0,2608.971939,0.0
2019-01-14,20,0,111,0.0,0.0,0.0,0.0,0.0
2019-01-14,20,0,113,5.69,5.69,0.0,168.594776,0.0
2019-01-14,20,0,115,5.69,5.69,0.0,168.594776,0.0
2019-01-14,20,0,116,0.0,0.0,0.0,0.0,0.0
2019-01-14,20,0,117,0.38,0.38,0.0,11.259405,0.0
2019-01-14,20,0,119,28.12,28.12,0.0,911.862906,0.0
2019-01-14,20,0,120,16.53,16.53,0.0,536.027519,0.0
2019-01-14,20,0,123,0.0,0.0,0.0,0.0,0.0
2019-01-14,20,0,125,13.34,13.34,0.0,316.941795,0.0
2019-01-14,20,0,126,0.0,0.0,0.0,0.0,0.0
2019-01-14,20,0,127,0.0,0.0,0.0,0.0,0.0
2019-01-14,20,0,128,19.11,19.11,0.0,454.029813,0.0
2019-01-14,20,0,131,3.14,3.14,0.0,91.846565,0.0
2019-01-14,20,0,132,4.61,4.61,0.0,134.844798,0.0
2019-01-14,20,0,133,44.3,44.3,0.0,697.926463,0.0
2019-01-14,20,0,134,0.0,0.0,0.0,0.0,0.0
2019-01-14,20,0,135,59.03,59.03,0.0,929.99095,0.0
2019-01-14,20,0,136,34.43,34.43,0.0,544.659509,0.0
2019-01-14,20,0,139,19.98,19.98,0.0,421.790676,0.0
2019-01-14,20,0,140,61.62,61.62,0.0,1930.877383,0.0
2019-01-14,20,0,141,29.09,29.09,0.0,868.645822,0.0
2019-01-14,20,0,142,0.0,0.0,0.0,0.0,0.0
2019-01-14,20,0,143,15.5,15.5,0.0,369.049282,0.0
2019-01-14,20,0,145,2.4,2.4,0.0,53.177114,0.0
2019-01-14,20,0,146,31.83,31.83,0.0,997.400634,0.0
2019-01-14,20,0,152,0.0,0.0,0.0,0.0,0.0
2019-01-14,20,0,153,0.0,0.0,0.0,0.0,0.0
2019-01-14,20,0,154,0.0,0.0,0.0,0.0,0.0
2019-01-14,20,0,157,7.59,7.59,0.0,226.642207,0.0
2019-01-14,20,0,158,0.0,0.0,0.0,0.0,0.0
2019-01-14,20,0,159,0.0,0.0,0.0,0.0,0.0
2019-01-14,20,0,160,0.0,0.0,0.0,0.0,0.0
2019-01-14,20,0,161,0.0,0.0,0.0,0.0,0.0
2019-01-14,20,0,162,0.0,0.0,0.0,0.0,0.0
2019-01-14,20,0,163,33.36,33.36,0.0,1045.343549,0.0
2019-01-14,20,0,164,0.0,0.0,0.0,0.0,0.0
2019-01-14,20,0,167,0.0,0.0,0.0,0.0,0.0
2019-01-14,20,0,168,0.0,0.0,0.0,0.0,0.0
2019-01-14,20,0,169,0.0,0.0,0.0,0.0,0.0
2019-01-14,20,0,170,0.0,0.0,0.0,0.0,0.0
2019-01-14,20,0,172,0.0,0.0,0.0,0.0,0.0
2019-01-14,20,0,173,0.0,0.0,0.0,0.0,0.0
2019-01-14,20,0,188,0.0,0.0,0.0,0.0,0.0
2019-01-14,20,0,190,0.0,0.0,0.0,0.0,0.0
2019-01-14,20,0,191,0.0,0.0,0.0,0.0,0.0
2019-01-14,20,0,192,47.92,47.92,0.0,1553.928537,0.0
2019-01-14,20,0,194,20.47,20.47,0.0,617.907649,0.0
2019-01-14,20,0,196,0.0,0.0,0.0,0.0,0.0
2019-01-14,20,0,198,0.0,0.0,0.0,0.0,0.0
2019-01-14,20,0,199,0.0,0.0,0.0,0.0,0.0
2019-01-14,20,0,200,0.0,0.0,0.0,0.0,0.0
2019-01-14,20,0,204,26.59,26.59,0.0,520.030088,0.0
2019-01-14,20,0,205,23.52,23.52,0.0,455.290148,0.0
2019-01-14,20,0,206,93.84,93.84,0.0,2239.28528,0.0
2019-01-14,20,0,210,0.0,0.0,0.0,0.0,0.0
2019-01-14,20,0,214,0.0,0.0,0.0,0.0,0.0
2019-01-14,20,0,217,0.0,0.0,0.0,0.0,0.0
2019-01-14,20,0,218,0.0,0.0,0.0,0.0,0.0
2019-01-14,20,0,219,0.0,0.0,0.0,0.0,0.0
2019-01-14,20,0,221,0.0,0.0,0.0,0.0,0.0
2019-01-14,20,0,225,0.0,0.0,0.0,0.0,0.0
2019-01-14,20,0,233,0.0,0.0,0.0,0.0,0.0
2019-01-14,20,0,236,17.27,17.27,0.0,285.453445,0.0
2019-01-14,20,0,237,33.0,33.0,0.0,574.801382,0.0
2019-01-14,20,0,238,0.0,0.0,0.0,0.0,0.0
2019-01-14,20,0,240,0.0,0.0,0.0,0.0,0.0
2019-01-14,20,0,245,75.14,75.14,0.0,1168.61864,0.0
2019-01-14,20,0,247,51.0,51.0,0.0,793.180072,0.0
2019-01-14,20,0,248,3.31,3.31,0.0,57.65432,0.0
2019-01-14,20,0,249,144.45,144.45,0.0,2246.565911,0.0
2019-01-14,20,0,251,110.03,110.03,0.0,1750.444537,0.0
2019-01-14,20,0,252,136.79,136.79,0.0,2163.50271,0.0
2019-01-14,20,0,254,0.0,0.0,0.0,0.0,0.0
2019-01-14,20,0,255,0.0,0.0,0.0,0.0,0.0
2019-01-14,20,0,258,0.0,0.0,0.0,0.0,0.0
2019-01-14,20,0,260,0.0,0.0,0.0,0.0,0.0
2019-01-14,20,0,265,0.0,0.0,0.0,0.0,0.0
2019-01-14,20,0,266,12.18,12.18,0.0,257.127649,0.0
2019-01-14,20,0,267,15.4,15.4,0.0,325.103925,0.0
2019-01-14,20,0,270,104.18,104.18,0.0,3264.505124,0.0
2019-01-14,20,0,272,19.02,19.02,0.0,563.562853,0.0
2019-01-14,20,0,273,0.0,0.0,0.0,0.0,0.0
2019-01-14,20,0,274,134.3,134.3,0.0,4208.322501,0.0
2019-01-14,20,0,275,186.94,186.94,0.0,5857.809444,0.0
2019-01-14,20,0,276,0.0,0.0,0.0,0.0,0.0
2019-01-14,20,0,277,0.0,0.0,0.0,0.0,0.0
2019-01-14,20,0,278,0.0,0.0,0.0,0.0,0.0
2019-01-14,20,0,279,90.51,90.51,0.0,2646.248186,0.0
2019-01-14,20,0,281,4.9,4.9,0.0,116.667192,0.0
2019-01-14,20,0,282,0.0,0.0,0.0,0.0,0.0
2019-01-14,21,0,9,0.0,0.0,0.0,0.0,0.0
2019-01-14,21,0,17,0.0,0.0,0.0,0.0,0.0
2019-01-14,21,0,19,342.23,342.23,0.0,5055.953169,0.0
2019-01-14,21,0,20,415.06,415.06,0.0,6131.911061,0.0
2019-01-14,21,0,21,0.0,0.0,0.0,0.0,0.0
2019-01-14,21,0,22,0.0,0.0,0.0,0.0,0.0
2019-01-14,21,0,23,12.81,12.81,0.0,221.487798,0.0
2019-01-14,21,0,24,22.67,22.67,0.0,391.969429,0.0
2019-01-14,21,0,29,0.0,0.0,0.0,0.0,0.0
2019-01-14,21,0,30,0.0,0.0,0.0,0.0,0.0
2019-01-14,21,0,31,8.43,8.43,0.0,145.918058,0.0
2019-01-14,21,0,32,0.0,0.0,0.0,0.0,0.0
2019-01-14,21,0,33,0.0,0.0,0.0,0.0,0.0
2019-01-14,21,0,34,0.0,0.0,0.0,0.0,0.0
2019-01-14,21,0,35,0.0,0.0,0.0,0.0,0.0
2019-01-14,21,0,36,0.0,0.0,0.0,0.0,0.0
2019-01-14,21,0,37,0.0,0.0,0.0,0.0,0.0
2019-01-14,21,0,38,0.0,0.0,0.0,0.0,0.0
2019-01-14,21,0,39,0.0,0.0,0.0,0.0,0.0
2019-01-14,21,0,40,0.0,0.0,0.0,0.0,0.0
2019-01-14,21,0,41,19.62,19.62,0.0,320.429182,0.0
2019-01-14,21,0,42,0.0,0.0,0.0,0.0,0.0
2019-01-14,21,0,43,0.0,0.0,0.0,0.0,0.0
2019-01-14,21,0,46,0.0,0.0,0.0,0.0,0.0
2019-01-14,21,0,52,8.94,8.94,0.0,154.745841,0.0
2019-01-14,21,0,53,14.2,14.2,0.0,245.79317,0.0
2019-01-14,21,0,55,32.96,32.96,0.0,569.885857,0.0
2019-01-14,21,0,56,0.0,0.0,0.0,0.0,0.0
2019-01-14,21,0,57,0.0,0.0,0.0,0.0,0.0
2019-01-14,21,0,58,0.0,0.0,0.0,0.0,0.0
2019-01-14,21,0,59,0.0,0.0,0.0,0.0,0.0
2019-01-14,21,0,63,27.63,27.63,0.0,751.235386,0.0
2019-01-14,21,0,64,32.51,32.51,0.0,883.918291,0.0
2019-01-14,21,0,65,17.97,17.97,0.0,265.680749,0.0
2019-01-14,21,0,67,0.0,0.0,0.0,0.0,0.0
2019-01-14,21,0,68,1.73,1.73,0.0,34.969675,0.0
2019-01-14,21,0,69,0.0,0.0,0.0,0.0,0.0
2019-01-14,21,0,74,7.24,7.24,0.0,109.541544,0.0
2019-01-14,21,0,77,25.37,25.37,0.0,485.578227,0.0
2019-01-14,21,0,78,19.22,19.22,0.0,367.868093,0.0
2019-01-14,21,0,79,11.15,11.15,0.0,213.40943,0.0
2019-01-14,21,0,80,17.99,17.99,0.0,344.326066,0.0
2019-01-14,21,0,81,23.48,23.48,0.0,449.403893,0.0
2019-01-14,21,0,82,16.6,16.6,0.0,317.721662,0.0
2019-01-14,21,0,83,36.78,36.78,0.0,703.96402,0.0
2019-01-14,21,0,84,0.0,0.0,0.0,0.0,0.0
2019-01-14,21,0,86,0.0,0.0,0.0,0.0,0.0
2019-01-14,21,0,87,0.0,0.0,0.0,0.0,0.0
2019-01-14,21,0,88,27.77,27.77,0.0,531.513889,0.0
2019-01-14,21,0,89,26.7,26.7,0.0,511.03424,0.0
2019-01-14,21,0,90,35.84,35.84,0.0,685.972552,0.0
2019-01-14,21,0,91,127.86,127.86,0.0,2447.222392,0.0
2019-01-14,21,0,92,45.98,45.98,0.0,880.050724,0.0
2019-01-14,21,0,95,0.0,0.0,0.0,0.0,0.0
2019-01-14,21,0,96,3.42,3.42,0.0,59.266527,0.0
2019-01-14,21,0,97,21.02,21.02,0.0,364.263859,0.0
2019-01-14,21,0,99,1.4,1.4,0.0,21.182066,0.0
2019-01-14,21,0,101,0.0,0.0,0.0,0.0,0.0
2019-01-14,21,0,102,4.09,4.09,0.0,82.673972,0.0
2019-01-14,21,0,103,3.56,3.56,0.0,71.960719,0.0
2019-01-14,21,0,104,0.66,0.66,0.0,13.341032,0.0
2019-01-14,21,0,106,0.0,0.0,0.0,0.0,0.0
2019-01-14,21,0,109,3.84,3.84,0.0,59.916403,0.0
2019-01-14,21,0,110,89.94,89.94,0.0,2234.783933,0.0
2019-01-14,21,0,111,0.0,0.0,0.0,0.0,0.0
2019-01-14,21,0,113,12.97,12.97,0.0,250.520287,0.0
2019-01-14,21,0,115,12.97,12.97,0.0,250.520287,0.0
2019-01-14,21,0,116,0.0,0.0,0.0,0.0,0.0
2019-01-14,21,0,117,0.87,0.87,0.0,16.804368,0.0
2019-01-14,21,0,119,32.51,32.51,0.0,883.918291,0.0
2019-01-14,21,0,120,19.12,19.12,0.0,519.855974,0.0
2019-01-14,21,0,123,0.0,0.0,0.0,0.0,0.0
2019-01-14,21,0,125,20.51,20.51,0.0,354.62254,0.0
2019-01-14,21,0,126,0.0,0.0,0.0,0.0,0.0
2019-01-14,21,0,127,0.0,0.0,0.0,0.0,0.0
2019-01-14,21,0,128,29.38,29.38,0.0,507.986847,0.0
2019-01-14,21,0,131,4.23,4.23,0.0,84.215257,0.0
2019-01-14,21,0,132,6.22,6.22,0.0,123.834255,0.0
2019-01-14,21,0,133,30.81,30.81,0.0,455.140873,0.0
2019-01-14,21,0,134,0.0,0.0,0.0,0.0,0.0
2019-01-14,21,0,135,40.06,40.06,0.0,591.786543,0.0
2019-01-14,21,0,136,28.24,28.24,0.0,417.536695,0.0
2019-01-14,21,0,139,25.84,25.84,0.0,422.012746,0.0
2019-01-14,21,0,140,66.57,66.57,0.0,1654.097914,0.0
2019-01-14,21,0,141,42.0,42.0,0.0,896.883415,0.0
2019-01-14,21,0,142,0.0,0.0,0.0,0.0,0.0
2019-01-14,21,0,143,13.45,13.45,0.0,232.811137,0.0
2019-01-14,21,0,145,1.97,1.97,0.0,32.853322,0.0
2019-01-14,21,0,146,34.14,34.14,0.0,848.293568,0.0
2019-01-14,21,0,152,0.0,0.0,0.0,0.0,0.0
2019-01-14,21,0,153,0.0,0.0,0.0,0.0,0.0
2019-01-14,21,0,154,0.0,0.0,0.0,0.0,0.0
2019-01-14,21,0,157,8.24,8.24,0.0,175.959984,0.0
2019-01-14,21,0,158,0.0,0.0,0.0,0.0,0.0
2019-01-14,21,0,159,0.0,0.0,0.0,0.0,0.0
2019-01-14,21,0,160,0.0,0.0,0.0,0.0,0.0
2019-01-14,21,0,161,0.0,0.0,0.0,0.0,0.0
2019-01-14,21,0,162,0.0,0.0,0.0,0.0,0.0
2019-01-14,21,0,163,36.25,36.25,0.0,900.721787,0.0
2019-01-14,21,0,164,0.0,0.0,0.0,0.0,0.0
2019-01-14,21,0,167,0.0,0.0,0.0,0.0,0.0
2019-01-14,21,0,168,0.0,0.0,0.0,0.0,0.0
2019-01-14,21,0,169,0.0,0.0,0.0,0.0,0.0
2019-01-14,21,0,170,0.0,0.0,0.0,0.0,0.0
2019-01-14,21,0,172,0.0,0.0,0.0,0.0,0.0
2019-01-14,21,0,173,0.0,0.0,0.0,0.0,0.0
2019-01-14,21,0,188,0.0,0.0,0.0,0.0,0.0
2019-01-14,21,0,190,0.0,0.0,0.0,0.0,0.0
2019-01-14,21,0,191,0.0,0.0,0.0,0.0,0.0
2019-01-14,21,0,192,49.67,49.67,0.0,1350.48359,0.0
2019-01-14,21,0,194,25.3,25.3,0.0,471.339969,0.0
2019-01-14,21,0,196,0.0,0.0,0.0,0.0,0.0
2019-01-14,21,0,198,0.0,0.0,0.0,0.0,0.0
2019-01-14,21,0,199,0.0,0.0,0.0,0.0,0.0
2019-01-14,21,0,200,0.0,0.0,0.0,0.0,0.0
2019-01-14,21,0,204,31.8,31.8,0.0,498.022275,0.0
2019-01-14,21,0,205,17.82,17.82,0.0,278.049556,0.0
2019-01-14,21,0,206,61.78,61.78,0.0,1070.609953,0.0
2019-01-14,21,0,210,0.0,0.0,0.0,0.0,0.0
2019-01-14,21,0,214,0.0,0.0,0.0,0.0,0.0
2019-01-14,21,0,217,0.0,0.0,0.0,0.0,0.0
2019-01-14,21,0,218,0.0,0.0,0.0,0.0,0.0
2019-01-14,21,0,219,0.0,0.0,0.0,0.0,0.0
2019-01-14,21,0,221,0.0,0.0,0.0,0.0,0.0
2019-01-14,21,0,225,0.0,0.0,0.0,0.0,0.0
2019-01-14,21,0,233,0.0,0.0,0.0,0.0,0.0
2019-01-14,21,0,236,8.19,8.19,0.0,122.202018,0.0
2019-01-14,21,0,237,17.37,17.37,0.0,262.808925,0.0
2019-01-14,21,0,238,0.0,0.0,0.0,0.0,0.0
2019-01-14,21,0,240,0.0,0.0,0.0,0.0,0.0
2019-01-14,21,0,245,109.61,109.61,0.0,1614.843283,0.0
2019-01-14,21,0,247,37.82,37.82,0.0,557.187966,0.0
2019-01-14,21,0,248,1.74,1.74,0.0,26.326283,0.0
2019-01-14,21,0,249,210.79,210.79,0.0,3105.490517,0.0
2019-01-14,21,0,251,96.52,96.52,0.0,1428.781252,0.0
2019-01-14,21,0,252,115.92,115.92,0.0,1713.840425,0.0
2019-01-14,21,0,254,0.0,0.0,0.0,0.0,0.0
2019-01-14,21,0,255,0.0,0.0,0.0,0.0,0.0
2019-01-14,21,0,258,0.0,0.0,0.0,0.0,0.0
2019-01-14,21,0,260,0.0,0.0,0.0,0.0,0.0
2019-01-14,21,0,265,0.0,0.0,0.0,0.0,0.0
2019-01-14,21,0,266,16.18,16.18,0.0,264.247919,0.0
2019-01-14,21,0,267,20.2,20.2,0.0,329.901604,0.0
2019-01-14,21,0,270,113.2,113.2,0.0,2812.736727,0.0
2019-01-14,21,0,272,43.31,43.31,0.0,836.548467,0.0
2019-01-14,21,0,273,0.0,0.0,0.0,0.0,0.0
2019-01-14,21,0,274,145.93,145.93,0.0,3625.995322,0.0
2019-01-14,21,0,275,203.14,203.14,0.0,5047.520659,0.0
2019-01-14,21,0,276,0.0,0.0,0.0,0.0,0.0
2019-01-14,21,0,277,0.0,0.0,0.0,0.0,0.0
2019-01-14,21,0,278,0.0,0.0,0.0,0.0,0.0
2019-01-14,21,0,279,106.68,106.68,0.0,2053.056813,0.0
2019-01-14,21,0,281,3.79,3.79,0.0,65.602543,0.0
2019-01-14,21,0,282,0.0,0.0,0.0,0.0,0.0
2019-01-14,22,0,9,0.0,0.0,0.0,0.0,0.0
2019-01-14,22,0,17,0.0,0.0,0.0,0.0,0.0
2019-01-14,22,0,19,273.86,273.86,0.0,4310.08276,0.0
2019-01-14,22,0,20,332.13,332.13,0.0,5227.151782,0.0
2019-01-14,22,0,21,0.0,0.0,0.0,0.0,0.0
2019-01-14,22,0,22,0.0,0.0,0.0,0.0,0.0
2019-01-14,22,0,23,19.5,19.5,0.0,262.603082,0.0
2019-01-14,22,0,24,34.5,34.5,0.0,464.605452,0.0
2019-01-14,22,0,29,0.0,0.0,0.0,0.0,0.0
2019-01-14,22,0,30,0.0,0.0,0.0,0.0,0.0
2019-01-14,22,0,31,6.35,6.35,0.0,85.445171,0.0
2019-01-14,22,0,32,0.0,0.0,0.0,0.0,0.0
2019-01-14,22,0,33,0.0,0.0,0.0,0.0,0.0
2019-01-14,22,0,34,0.0,0.0,0.0,0.0,0.0
2019-01-14,22,0,35,0.0,0.0,0.0,0.0,0.0
2019-01-14,22,0,36,0.0,0.0,0.0,0.0,0.0
2019-01-14,22,0,37,0.0,0.0,0.0,0.0,0.0
2019-01-14,22,0,38,0.0,0.0,0.0,0.0,0.0
2019-01-14,22,0,39,0.0,0.0,0.0,0.0,0.0
2019-01-14,22,0,40,0.0,0.0,0.0,0.0,0.0
2019-01-14,22,0,41,15.13,15.13,0.0,213.529319,0.0
2019-01-14,22,0,42,0.0,0.0,0.0,0.0,0.0
2019-01-14,22,0,43,0.0,0.0,0.0,0.0,0.0
2019-01-14,22,0,46,0.0,0.0,0.0,0.0,0.0
2019-01-14,22,0,52,6.73,6.73,0.0,90.558426,0.0
2019-01-14,22,0,53,10.69,10.69,0.0,143.843919,0.0
2019-01-14,22,0,55,56.6,56.6,0.0,762.222278,0.0
2019-01-14,22,0,56,0.0,0.0,0.0,0.0,0.0
2019-01-14,22,0,57,0.0,0.0,0.0,0.0,0.0
2019-01-14,22,0,58,0.0,0.0,0.0,0.0,0.0
2019-01-14,22,0,59,0.0,0.0,0.0,0.0,0.0
2019-01-14,22,0,63,32.73,32.73,0.0,733.011399,0.0
2019-01-14,22,0,64,38.5,38.5,0.0,862.234612,0.0
2019-01-14,22,0,65,15.48,15.48,0.0,244.835309,0.0
2019-01-14,22,0,67,0.0,0.0,0.0,0.0,0.0
2019-01-14,22,0,68,2.1,2.1,0.0,28.508035,0.0
2019-01-14,22,0,69,0.0,0.0,0.0,0.0,0.0
2019-01-14,22,0,74,3.24,3.24,0.0,49.563634,0.0
2019-01-14,22,0,77,40.27,40.27,0.0,500.835242,0.0
2019-01-14,22,0,78,30.45,30.45,0.0,378.704572,0.0
2019-01-14,22,0,79,17.62,17.62,0.0,219.138738,0.0
2019-01-14,22,0,80,28.49,28.49,0.0,354.328186,0.0
2019-01-14,22,0,81,37.25,37.25,0.0,463.275708,0.0
2019-01-14,22,0,82,26.28,26.28,0.0,326.842567,0.0
2019-01-14,22,0,83,58.6,58.6,0.0,728.804202,0.0
2019-01-14,22,0,84,0.0,0.0,0.0,0.0,0.0
2019-01-14,22,0,86,0.0,0.0,0.0,0.0,0.0
2019-01-14,22,0,87,0.0,0.0,0.0,0.0,0.0
2019-01-14,22,0,88,36.33,36.33,0.0,451.833731,0.0
2019-01-14,22,0,89,34.93,34.93,0.0,434.422027,0.0
2019-01-14,22,0,90,46.9,46.9,0.0,583.2921,0.0
2019-01-14,22,0,91,167.29,167.29,0.0,2080.574316,0.0
2019-01-14,22,0,92,60.16,60.16,0.0,748.205815,0.0
2019-01-14,22,0,95,0.0,0.0,0.0,0.0,0.0
2019-01-14,22,0,96,4.1,4.1,0.0,55.122651,0.0
2019-01-14,22,0,97,25.19,25.19,0.0,338.668192,0.0
2019-01-14,22,0,99,0.63,0.63,0.0,9.637373,0.0
2019-01-14,22,0,101,0.0,0.0,0.0,0.0,0.0
2019-01-14,22,0,102,4.98,4.98,0.0,67.604769,0.0
2019-01-14,22,0,103,4.33,4.33,0.0,58.780853,0.0
2019-01-14,22,0,104,0.8,0.8,0.0,10.860204,0.0
2019-01-14,22,0,106,0.0,0.0,0.0,0.0,0.0
2019-01-14,22,0,109,7.78,7.78,0.0,111.616547,0.0
2019-01-14,22,0,110,97.18,97.18,0.0,1891.77422,0.0
2019-01-14,22,0,111,0.0,0.0,0.0,0.0,0.0
2019-01-14,22,0,113,28.67,28.67,0.0,341.595588,0.0
2019-01-14,22,0,115,28.67,28.67,0.0,341.595588,0.0
2019-01-14,22,0,116,0.0,0.0,0.0,0.0,0.0
2019-01-14,22,0,117,1.91,1.91,0.0,22.757153,0.0
2019-01-14,22,0,119,38.5,38.5,0.0,862.234612,0.0
2019-01-14,22,0,120,22.64,22.64,0.0,507.038743,0.0
2019-01-14,22,0,123,0.0,0.0,0.0,0.0,0.0
2019-01-14,22,0,125,31.22,31.22,0.0,420.434267,0.0
2019-01-14,22,0,126,0.0,0.0,0.0,0.0,0.0
2019-01-14,22,0,127,0.0,0.0,0.0,0.0,0.0
2019-01-14,22,0,128,44.72,44.72,0.0,602.236401,0.0
2019-01-14,22,0,131,5.75,5.75,0.0,75.830615,0.0
2019-01-14,22,0,132,8.46,8.46,0.0,111.569913,0.0
2019-01-14,22,0,133,38.53,38.53,0.0,606.112545,0.0
2019-01-14,22,0,134,0.0,0.0,0.0,0.0,0.0
2019-01-14,22,0,135,51.63,51.63,0.0,812.187663,0.0
2019-01-14,22,0,136,23.24,23.24,0.0,367.668757,0.0
2019-01-14,22,0,139,19.54,19.54,0.0,275.767541,0.0
2019-01-14,22,0,140,71.92,71.92,0.0,1400.045296,0.0
2019-01-14,22,0,141,58.54,58.54,0.0,879.594087,0.0
2019-01-14,22,0,142,0.0,0.0,0.0,0.0,0.0
2019-01-14,22,0,143,11.56,11.56,0.0,155.55058,0.0
2019-01-14,22,0,145,5.08,5.08,0.0,70.043485,0.0
2019-01-14,22,0,146,40.13,40.13,0.0,781.198801,0.0
2019-01-14,22,0,152,0.0,0.0,0.0,0.0,0.0
2019-01-14,22,0,153,0.0,0.0,0.0,0.0,0.0
2019-01-14,22,0,154,0.0,0.0,0.0,0.0,0.0
2019-01-14,22,0,157,11.47,11.47,0.0,172.342743,0.0
2019-01-14,22,0,158,0.0,0.0,0.0,0.0,0.0
2019-01-14,22,0,159,0.0,0.0,0.0,0.0,0.0
2019-01-14,22,0,160,0.0,0.0,0.0,0.0,0.0
2019-01-14,22,0,161,0.0,0.0,0.0,0.0,0.0
2019-01-14,22,0,162,0.0,0.0,0.0,0.0,0.0
2019-01-14,22,0,163,39.22,39.22,0.0,763.484101,0.0
2019-01-14,22,0,164,0.0,0.0,0.0,0.0,0.0
2019-01-14,22,0,167,0.0,0.0,0.0,0.0,0.0
2019-01-14,22,0,168,0.0,0.0,0.0,0.0,0.0
2019-01-14,22,0,169,0.0,0.0,0.0,0.0,0.0
2019-01-14,22,0,170,0.0,0.0,0.0,0.0,0.0
2019-01-14,22,0,172,0.0,0.0,0.0,0.0,0.0
2019-01-14,22,0,173,0.0,0.0,0.0,0.0,0.0
2019-01-14,22,0,188,0.0,0.0,0.0,0.0,0.0
2019-01-14,22,0,190,0.0,0.0,0.0,0.0,0.0
2019-01-14,22,0,191,0.0,0.0,0.0,0.0,0.0
2019-01-14,22,0,192,51.45,51.45,0.0,1152.258982,0.0
2019-01-14,22,0,194,33.02,33.02,0.0,341.691318,0.0
2019-01-14,22,0,196,0.0,0.0,0.0,0.0,0.0
2019-01-14,22,0,198,0.0,0.0,0.0,0.0,0.0
2019-01-14,22,0,199,0.0,0.0,0.0,0.0,0.0
2019-01-14,22,0,200,0.0,0.0,0.0,0.0,0.0
2019-01-14,22,0,204,32.95,32.95,0.0,470.144694,0.0
2019-01-14,22,0,205,38.71,38.71,0.0,555.35688,0.0
2019-01-14,22,0,206,74.02,74.02,0.0,995.165524,0.0
2019-01-14,22,0,210,0.0,0.0,0.0,0.0,0.0
2019-01-14,22,0,214,0.0,0.0,0.0,0.0,0.0
2019-01-14,22,0,217,0.0,0.0,0.0,0.0,0.0
2019-01-14,22,0,218,0.0,0.0,0.0,0.0,0.0
2019-01-14,22,0,219,0.0,0.0,0.0,0.0,0.0
2019-01-14,22,0,221,0.0,0.0,0.0,0.0,0.0
2019-01-14,22,0,225,0.0,0.0,0.0,0.0,0.0
2019-01-14,22,0,233,0.0,0.0,0.0,0.0,0.0
2019-01-14,22,0,236,0.0,0.0,0.0,0.0,0.0
2019-01-14,22,0,237,7.77,7.77,0.0,118.860936,0.0
2019-01-14,22,0,238,0.0,0.0,0.0,0.0,0.0
2019-01-14,22,0,240,0.0,0.0,0.0,0.0,0.0
2019-01-14,22,0,245,94.7,94.7,0.0,1509.215882,0.0
2019-01-14,22,0,247,29.64,29.64,0.0,472.367041,0.0
2019-01-14,22,0,248,0.78,0.78,0.0,11.931986,0.0
2019-01-14,22,0,249,182.12,182.12,0.0,2902.411789,0.0
2019-01-14,22,0,251,180.74,180.74,0.0,2860.685936,0.0
2019-01-14,22,0,252,99.83,99.83,0.0,1578.934685,0.0
2019-01-14,22,0,254,0.0,0.0,0.0,0.0,0.0
2019-01-14,22,0,255,0.0,0.0,0.0,0.0,0.0
2019-01-14,22,0,258,0.0,0.0,0.0,0.0,0.0
2019-01-14,22,0,260,0.0,0.0,0.0,0.0,0.0
2019-01-14,22,0,265,0.0,0.0,0.0,0.0,0.0
2019-01-14,22,0,266,12.65,12.65,0.0,178.52914,0.0
2019-01-14,22,0,267,15.55,15.55,0.0,219.456769,0.0
2019-01-14,22,0,270,122.49,122.49,0.0,2384.476479,0.0
2019-01-14,22,0,272,95.8,95.8,0.0,1141.432065,0.0
2019-01-14,22,0,273,0.0,0.0,0.0,0.0,0.0
2019-01-14,22,0,274,157.9,157.9,0.0,3073.79244,0.0
2019-01-14,22,0,275,219.8,219.8,0.0,4278.78137,0.0
2019-01-14,22,0,276,0.0,0.0,0.0,0.0,0.0
2019-01-14,22,0,277,0.0,0.0,0.0,0.0,0.0
2019-01-14,22,0,278,0.0,0.0,0.0,0.0,0.0
2019-01-14,22,0,279,51.62,51.62,0.0,625.845781,0.0
2019-01-14,22,0,281,2.85,2.85,0.0,38.349408,0.0
2019-01-14,22,0,282,0.0,0.0,0.0,0.0,0.0
2019-01-14,23,0,9,0.0,0.0,0.0,0.0,0.0
2019-01-14,23,0,17,0.0,0.0,0.0,0.0,0.0
2019-01-14,23,0,19,280.92,280.92,0.0,3857.50126,0.0
2019-01-14,23,0,20,340.71,340.71,0.0,4678.51792,0.0
2019-01-14,23,0,21,0.0,0.0,0.0,0.0,0.0
2019-01-14,23,0,22,0.0,0.0,0.0,0.0,0.0
2019-01-14,23,0,23,21.31,21.31,0.0,372.475875,0.0
2019-01-14,23,0,24,37.7,37.7,0.0,658.955443,0.0
2019-01-14,23,0,29,0.0,0.0,0.0,0.0,0.0
2019-01-14,23,0,30,0.0,0.0,0.0,0.0,0.0
2019-01-14,23,0,31,6.83,6.83,0.0,119.559932,0.0
2019-01-14,23,0,32,0.0,0.0,0.0,0.0,0.0
2019-01-14,23,0,33,0.0,0.0,0.0,0.0,0.0
2019-01-14,23,0,34,0.0,0.0,0.0,0.0,0.0
2019-01-14,23,0,35,0.0,0.0,0.0,0.0,0.0
2019-01-14,23,0,36,0.0,0.0,0.0,0.0,0.0
2019-01-14,23,0,37,0.0,0.0,0.0,0.0,0.0
2019-01-14,23,0,38,0.0,0.0,0.0,0.0,0.0
2019-01-14,23,0,39,0.0,0.0,0.0,0.0,0.0
2019-01-14,23,0,40,0.0,0.0,0.0,0.0,0.0
2019-01-14,23,0,41,16.9,16.9,0.0,272.841736,0.0
2019-01-14,23,0,42,0.0,0.0,0.0,0.0,0.0
2019-01-14,23,0,43,0.0,0.0,0.0,0.0,0.0
2019-01-14,23,0,46,0.0,0.0,0.0,0.0,0.0
2019-01-14,23,0,52,7.24,7.24,0.0,126.737029,0.0
2019-01-14,23,0,53,11.51,11.51,0.0,201.483868,0.0
2019-01-14,23,0,55,104.8,104.8,0.0,1831.791257,0.0
2019-01-14,23,0,56,0.0,0.0,0.0,0.0,0.0
2019-01-14,23,0,57,0.0,0.0,0.0,0.0,0.0
2019-01-14,23,0,58,0.0,0.0,0.0,0.0,0.0
2019-01-14,23,0,59,0.0,0.0,0.0,0.0,0.0
2019-01-14,23,0,63,33.85,33.85,0.0,742.717453,0.0
2019-01-14,23,0,64,39.82,39.82,0.0,873.707799,0.0
2019-01-14,23,0,65,13.84,13.84,0.0,190.343334,0.0
2019-01-14,23,0,67,0.0,0.0,0.0,0.0,0.0
2019-01-14,23,0,68,2.19,2.19,0.0,44.62844,0.0
2019-01-14,23,0,69,0.0,0.0,0.0,0.0,0.0
2019-01-14,23,0,74,2.22,2.22,0.0,31.934111,0.0
2019-01-14,23,0,77,47.31,47.31,0.0,946.347631,0.0
2019-01-14,23,0,78,35.77,35.77,0.0,715.51162,0.0
2019-01-14,23,0,79,20.7,20.7,0.0,414.064594,0.0
2019-01-14,23,0,80,33.47,33.47,0.0,669.504443,0.0
2019-01-14,23,0,81,43.76,43.76,0.0,875.336553,0.0
2019-01-14,23,0,82,30.87,30.87,0.0,617.49633,0.0
2019-01-14,23,0,83,68.84,68.84,0.0,1377.014816,0.0
2019-01-14,23,0,84,0.0,0.0,0.0,0.0,0.0
2019-01-14,23,0,86,0.0,0.0,0.0,0.0,0.0
2019-01-14,23,0,87,0.0,0.0,0.0,0.0,0.0
2019-01-14,23,0,88,42.14,42.14,0.0,842.931498,0.0
2019-01-14,23,0,89,40.51,40.51,0.0,810.326412,0.0
2019-01-14,23,0,90,54.39,54.39,0.0,1087.969724,0.0
2019-01-14,23,0,91,194.04,194.04,0.0,3881.405503,0.0
2019-01-14,23,0,92,69.78,69.78,0.0,1395.817749,0.0
2019-01-14,23,0,95,0.0,0.0,0.0,0.0,0.0
2019-01-14,23,0,96,4.67,4.67,0.0,81.87671,0.0
2019-01-14,23,0,97,28.71,28.71,0.0,503.357673,0.0
2019-01-14,23,0,99,0.43,0.43,0.0,6.185436,0.0
2019-01-14,23,0,101,0.0,0.0,0.0,0.0,0.0
2019-01-14,23,0,102,5.19,5.19,0.0,105.763289,0.0
2019-01-14,23,0,103,4.51,4.51,0.0,91.906056,0.0
2019-01-14,23,0,104,0.84,0.84,0.0,17.117758,0.0
2019-01-14,23,0,106,0.0,0.0,0.0,0.0,0.0
2019-01-14,23,0,109,10.34,10.34,0.0,157.071034,0.0
2019-01-14,23,0,110,96.36,96.36,0.0,2060.385408,0.0
2019-01-14,23,0,111,0.0,0.0,0.0,0.0,0.0
2019-01-14,23,0,113,31.62,31.62,0.0,648.501776,0.0
2019-01-14,23,0,115,31.62,31.62,0.0,648.501776,0.0
2019-01-14,23,0,116,0.0,0.0,0.0,0.0,0.0
2019-01-14,23,0,117,2.11,2.11,0.0,43.27447,0.0
2019-01-14,23,0,119,39.82,39.82,0.0,873.707799,0.0
2019-01-14,23,0,120,23.41,23.41,0.0,513.648909,0.0
2019-01-14,23,0,123,0.0,0.0,0.0,0.0,0.0
2019-01-14,23,0,125,34.11,34.11,0.0,596.206105,0.0
2019-01-14,23,0,126,0.0,0.0,0.0,0.0,0.0
2019-01-14,23,0,127,0.0,0.0,0.0,0.0,0.0
2019-01-14,23,0,128,48.86,48.86,0.0,854.020237,0.0
2019-01-14,23,0,131,6.21,6.21,0.0,126.139288,0.0
2019-01-14,23,0,132,9.14,9.14,0.0,185.654282,0.0
2019-01-14,23,0,133,40.42,40.42,0.0,554.952456,0.0
2019-01-14,23,0,134,0.0,0.0,0.0,0.0,0.0
2019-01-14,23,0,135,54.16,54.16,0.0,743.597848,0.0
2019-01-14,23,0,136,20.57,20.57,0.0,282.926139,0.0
2019-01-14,23,0,139,21.83,21.83,0.0,352.434029,0.0
2019-01-14,23,0,140,71.31,71.31,0.0,1524.762177,0.0
2019-01-14,23,0,141,61.63,61.63,0.0,1271.143615,0.0
2019-01-14,23,0,142,0.0,0.0,0.0,0.0,0.0
2019-01-14,23,0,143,11.91,11.91,0.0,208.485914,0.0
2019-01-14,23,0,145,2.37,2.37,0.0,39.452362,0.0
2019-01-14,23,0,146,50.52,50.52,0.0,1080.22697,0.0
2019-01-14,23,0,152,0.0,0.0,0.0,0.0,0.0
2019-01-14,23,0,153,0.0,0.0,0.0,0.0,0.0
2019-01-14,23,0,154,0.0,0.0,0.0,0.0,0.0
2019-01-14,23,0,157,16.7,16.7,0.0,344.444238,0.0
2019-01-14,23,0,158,0.0,0.0,0.0,0.0,0.0
2019-01-14,23,0,159,0.0,0.0,0.0,0.0,0.0
2019-01-14,23,0,160,0.0,0.0,0.0,0.0,0.0
2019-01-14,23,0,161,0.0,0.0,0.0,0.0,0.0
2019-01-14,23,0,162,0.0,0.0,0.0,0.0,0.0
2019-01-14,23,0,163,40.2,40.2,0.0,859.563028,0.0
2019-01-14,23,0,164,0.0,0.0,0.0,0.0,0.0
2019-01-14,23,0,167,0.0,0.0,0.0,0.0,0.0
2019-01-14,23,0,168,0.0,0.0,0.0,0.0,0.0
2019-01-14,23,0,169,0.0,0.0,0.0,0.0,0.0
2019-01-14,23,0,170,0.0,0.0,0.0,0.0,0.0
2019-01-14,23,0,172,0.0,0.0,0.0,0.0,0.0
2019-01-14,23,0,173,0.0,0.0,0.0,0.0,0.0
2019-01-14,23,0,188,0.0,0.0,0.0,0.0,0.0
2019-01-14,23,0,190,0.0,0.0,0.0,0.0,0.0
2019-01-14,23,0,191,0.0,0.0,0.0,0.0,0.0
2019-01-14,23,0,192,51.33,51.33,0.0,1126.253674,0.0
2019-01-14,23,0,194,37.19,37.19,0.0,773.458445,0.0
2019-01-14,23,0,196,0.0,0.0,0.0,0.0,0.0
2019-01-14,23,0,198,0.0,0.0,0.0,0.0,0.0
2019-01-14,23,0,199,0.0,0.0,0.0,0.0,0.0
2019-01-14,23,0,200,0.0,0.0,0.0,0.0,0.0
2019-01-14,23,0,204,42.49,42.49,0.0,649.266794,0.0
2019-01-14,23,0,205,54.69,54.69,0.0,830.775128,0.0
2019-01-14,23,0,206,84.36,84.36,0.0,1479.040518,0.0
2019-01-14,23,0,210,0.0,0.0,0.0,0.0,0.0
2019-01-14,23,0,214,0.0,0.0,0.0,0.0,0.0
2019-01-14,23,0,217,0.0,0.0,0.0,0.0,0.0
2019-01-14,23,0,218,0.0,0.0,0.0,0.0,0.0
2019-01-14,23,0,219,0.0,0.0,0.0,0.0,0.0
2019-01-14,23,0,221,0.0,0.0,0.0,0.0,0.0
2019-01-14,23,0,225,0.0,0.0,0.0,0.0,0.0
2019-01-14,23,0,233,0.0,0.0,0.0,0.0,0.0
2019-01-14,23,0,236,0.0,0.0,0.0,0.0,0.0
2019-01-14,23,0,237,5.33,5.33,0.0,76.670636,0.0
2019-01-14,23,0,238,0.0,0.0,0.0,0.0,0.0
2019-01-14,23,0,240,0.0,0.0,0.0,0.0,0.0
2019-01-14,23,0,245,99.89,99.89,0.0,1363.774206,0.0
2019-01-14,23,0,247,31.4,31.4,0.0,428.696667,0.0
2019-01-14,23,0,248,0.54,0.54,0.0,7.767757,0.0
2019-01-14,23,0,249,192.1,192.1,0.0,2622.695215,0.0
2019-01-14,23,0,251,72.97,72.97,0.0,1006.136884,0.0
2019-01-14,23,0,252,89.25,89.25,0.0,1227.466947,0.0
2019-01-14,23,0,254,0.0,0.0,0.0,0.0,0.0
2019-01-14,23,0,255,0.0,0.0,0.0,0.0,0.0
2019-01-14,23,0,258,0.0,0.0,0.0,0.0,0.0
2019-01-14,23,0,260,0.0,0.0,0.0,0.0,0.0
2019-01-14,23,0,265,0.0,0.0,0.0,0.0,0.0
2019-01-14,23,0,266,14.14,14.14,0.0,228.282967,0.0
2019-01-14,23,0,267,17.37,17.37,0.0,280.429642,0.0
2019-01-14,23,0,270,125.54,125.54,0.0,2684.316979,0.0
2019-01-14,23,0,272,105.66,105.66,0.0,2167.004986,0.0
2019-01-14,23,0,273,0.0,0.0,0.0,0.0,0.0
2019-01-14,23,0,274,161.84,161.84,0.0,3460.489564,0.0
2019-01-14,23,0,275,225.28,225.28,0.0,4816.974104,0.0
2019-01-14,23,0,276,0.0,0.0,0.0,0.0,0.0
2019-01-14,23,0,277,0.0,0.0,0.0,0.0,0.0
2019-01-14,23,0,278,0.0,0.0,0.0,0.0,0.0
2019-01-14,23,0,279,55.19,55.19,0.0,1120.705861,0.0
2019-01-14,23,0,281,3.07,3.07,0.0,53.740702,0.0
2019-01-14,23,0,282,0.0,0.0,0.0,0.0,0.0
2019-01-15,0,0,9,0.0,0.0,0.0,0.0,0.0
2019-01-15,0,0,17,0.0,0.0,0.0,0.0,0.0
2019-01-15,0,0,19,286.8,286.8,0.0,3554.33419,0.0
2019-01-15,0,0,20,347.83,347.83,0.0,4310.683617,0.0
2019-01-15,0,0,21,0.0,0.0,0.0,0.0,0.0
2019-01-15,0,0,22,0.0,0.0,0.0,0.0,0.0
2019-01-15,0,0,23,23.17,23.17,0.0,393.54621,0.0
2019-01-15,0,0,24,40.99,40.99,0.0,696.221802,0.0
2019-01-15,0,0,29,0.0,0.0,0.0,0.0,0.0
2019-01-15,0,0,30,0.0,0.0,0.0,0.0,0.0
2019-01-15,0,0,31,7.41,7.41,0.0,126.077044,0.0
2019-01-15,0,0,32,0.0,0.0,0.0,0.0,0.0
2019-01-15,0,0,33,0.0,0.0,0.0,0.0,0.0
2019-01-15,0,0,34,0.0,0.0,0.0,0.0,0.0
2019-01-15,0,0,35,0.0,0.0,0.0,0.0,0.0
2019-01-15,0,0,36,0.0,0.0,0.0,0.0,0.0
2019-01-15,0,0,37,0.0,0.0,0.0,0.0,0.0
2019-01-15,0,0,38,0.0,0.0,0.0,0.0,0.0
2019-01-15,0,0,39,0.0,0.0,0.0,0.0,0.0
2019-01-15,0,0,40,0.0,0.0,0.0,0.0,0.0
2019-01-15,0,0,41,18.84,18.84,0.0,291.301588,0.0
2019-01-15,0,0,42,0.0,0.0,0.0,0.0,0.0
2019-01-15,0,0,43,0.0,0.0,0.0,0.0,0.0
2019-01-15,0,0,46,0.0,0.0,0.0,0.0,0.0
2019-01-15,0,0,52,7.85,7.85,0.0,133.5634,0.0
2019-01-15,0,0,53,12.47,12.47,0.0,212.170141,0.0
2019-01-15,0,0,55,111.03,111.03,0.0,1885.862568,0.0
2019-01-15,0,0,56,0.0,0.0,0.0,0.0,0.0
2019-01-15,0,0,57,0.0,0.0,0.0,0.0,0.0
2019-01-15,0,0,58,0.0,0.0,0.0,0.0,0.0
2019-01-15,0,0,59,0.0,0.0,0.0,0.0,0.0
2019-01-15,0,0,63,35.11,35.11,0.0,769.194669,0.0
2019-01-15,0,0,64,41.31,41.31,0.0,905.025115,0.0
2019-01-15,0,0,65,12.53,12.53,0.0,155.68876,0.0
2019-01-15,0,0,67,0.0,0.0,0.0,0.0,0.0
2019-01-15,0,0,68,2.29,2.29,0.0,46.288954,0.0
2019-01-15,0,0,69,0.0,0.0,0.0,0.0,0.0
2019-01-15,0,0,74,1.55,1.55,0.0,20.678729,0.0
2019-01-15,0,0,77,55.19,55.19,0.0,1092.799296,0.0
2019-01-15,0,0,78,41.72,41.72,0.0,826.084193,0.0
2019-01-15,0,0,79,24.14,24.14,0.0,477.988313,0.0
2019-01-15,0,0,80,39.05,39.05,0.0,773.216389,0.0
2019-01-15,0,0,81,51.05,51.05,0.0,1010.824498,0.0
2019-01-15,0,0,82,36.01,36.01,0.0,713.022335,0.0
2019-01-15,0,0,83,80.3,80.3,0.0,1589.994265,0.0
2019-01-15,0,0,84,0.0,0.0,0.0,0.0,0.0
2019-01-15,0,0,86,0.0,0.0,0.0,0.0,0.0
2019-01-15,0,0,87,0.0,0.0,0.0,0.0,0.0
2019-01-15,0,0,88,48.6,48.6,0.0,962.312843,0.0
2019-01-15,0,0,89,46.72,46.72,0.0,925.087572,0.0
2019-01-15,0,0,90,62.73,62.73,0.0,1242.096391,0.0
2019-01-15,0,0,91,223.76,223.76,0.0,4430.599211,0.0
2019-01-15,0,0,92,80.47,80.47,0.0,1593.36038,0.0
2019-01-15,0,0,95,0.0,0.0,0.0,0.0,0.0
2019-01-15,0,0,96,5.26,5.26,0.0,89.656964,0.0
2019-01-15,0,0,97,32.36,32.36,0.0,551.577824,0.0
2019-01-15,0,0,99,0.3,0.3,0.0,4.002335,0.0
2019-01-15,0,0,101,0.0,0.0,0.0,0.0,0.0
2019-01-15,0,0,102,5.43,5.43,0.0,109.759399,0.0
2019-01-15,0,0,103,4.72,4.72,0.0,95.407801,0.0
2019-01-15,0,0,104,0.88,0.88,0.0,17.787895,0.0
2019-01-15,0,0,106,0.0,0.0,0.0,0.0,0.0
2019-01-15,0,0,109,11.73,11.73,0.0,169.512026,0.0
2019-01-15,0,0,110,96.58,96.58,0.0,2057.722918,0.0
2019-01-15,0,0,111,0.0,0.0,0.0,0.0,0.0
2019-01-15,0,0,113,34.91,34.91,0.0,710.995617,0.0
2019-01-15,0,0,115,34.91,34.91,0.0,710.995617,0.0
2019-01-15,0,0,116,0.0,0.0,0.0,0.0,0.0
2019-01-15,0,0,117,2.33,2.33,0.0,47.454019,0.0
2019-01-15,0,0,119,41.31,41.31,0.0,905.025115,0.0
2019-01-15,0,0,120,24.29,24.29,0.0,532.148633,0.0
2019-01-15,0,0,123,0.0,0.0,0.0,0.0,0.0
2019-01-15,0,0,125,37.09,37.09,0.0,629.979669,0.0
2019-01-15,0,0,126,0.0,0.0,0.0,0.0,0.0
2019-01-15,0,0,127,0.0,0.0,0.0,0.0,0.0
2019-01-15,0,0,128,53.12,53.12,0.0,902.25182,0.0
2019-01-15,0,0,131,6.71,6.71,0.0,135.150815,0.0
2019-01-15,0,0,132,9.86,9.86,0.0,198.597174,0.0
2019-01-15,0,0,133,42.33,42.33,0.0,524.470472,0.0
2019-01-15,0,0,134,0.0,0.0,0.0,0.0,0.0
2019-01-15,0,0,135,56.73,56.73,0.0,702.887074,0.0
2019-01-15,0,0,136,18.45,18.45,0.0,229.279037,0.0
2019-01-15,0,0,139,24.33,24.33,0.0,376.187242,0.0
2019-01-15,0,0,140,71.48,71.48,0.0,1522.945063,0.0
2019-01-15,0,0,141,64.51,64.51,0.0,1321.320991,0.0
2019-01-15,0,0,142,0.0,0.0,0.0,0.0,0.0
2019-01-15,0,0,143,30.92,30.92,0.0,526.086668,0.0
2019-01-15,0,0,145,2.74,2.74,0.0,44.012698,0.0
2019-01-15,0,0,146,64.38,64.38,0.0,1371.673239,0.0
2019-01-15,0,0,152,0.0,0.0,0.0,0.0,0.0
2019-01-15,0,0,153,0.0,0.0,0.0,0.0,0.0
2019-01-15,0,0,154,0.0,0.0,0.0,0.0,0.0
2019-01-15,0,0,157,24.26,24.26,0.0,496.903538,0.0
2019-01-15,0,0,158,0.0,0.0,0.0,0.0,0.0
2019-01-15,0,0,159,0.0,0.0,0.0,0.0,0.0
2019-01-15,0,0,160,0.0,0.0,0.0,0.0,0.0
2019-01-15,0,0,161,0.0,0.0,0.0,0.0,0.0
2019-01-15,0,0,162,0.98,0.98,0.0,21.971966,0.0
2019-01-15,0,0,163,41.55,41.55,0.0,885.259756,0.0
2019-01-15,0,0,164,0.0,0.0,0.0,0.0,0.0
2019-01-15,0,0,167,0.0,0.0,0.0,0.0,0.0
2019-01-15,0,0,168,0.0,0.0,0.0,0.0,0.0
2019-01-15,0,0,169,0.0,0.0,0.0,0.0,0.0
2019-01-15,0,0,170,0.0,0.0,0.0,0.0,0.0
2019-01-15,0,0,172,0.0,0.0,0.0,0.0,0.0
2019-01-15,0,0,173,0.0,0.0,0.0,0.0,0.0
2019-01-15,0,0,188,0.0,0.0,0.0,0.0,0.0
2019-01-15,0,0,190,0.0,0.0,0.0,0.0,0.0
2019-01-15,0,0,191,0.0,0.0,0.0,0.0,0.0
2019-01-15,0,0,192,51.58,51.58,0.0,1130.021676,0.0
2019-01-15,0,0,194,42.33,42.33,0.0,875.990558,0.0
2019-01-15,0,0,196,0.0,0.0,0.0,0.0,0.0
2019-01-15,0,0,198,0.0,0.0,0.0,0.0,0.0
2019-01-15,0,0,199,0.0,0.0,0.0,0.0,0.0
2019-01-15,0,0,200,0.0,0.0,0.0,0.0,0.0
2019-01-15,0,0,204,54.43,54.43,0.0,792.812362,0.0
2019-01-15,0,0,205,62.06,62.06,0.0,896.838564,0.0
2019-01-15,0,0,206,95.1,95.1,0.0,1620.984274,0.0
2019-01-15,0,0,210,0.0,0.0,0.0,0.0,0.0
2019-01-15,0,0,214,0.0,0.0,0.0,0.0,0.0
2019-01-15,0,0,217,0.0,0.0,0.0,0.0,0.0
2019-01-15,0,0,218,0.0,0.0,0.0,0.0,0.0
2019-01-15,0,0,219,0.0,0.0,0.0,0.0,0.0
2019-01-15,0,0,221,0.0,0.0,0.0,0.0,0.0
2019-01-15,0,0,225,0.0,0.0,0.0,0.0,0.0
2019-01-15,0,0,233,0.0,0.0,0.0,0.0,0.0
2019-01-15,0,0,236,0.0,0.0,0.0,0.0,0.0
2019-01-15,0,0,237,3.71,3.71,0.0,49.495539,0.0
2019-01-15,0,0,238,0.0,0.0,0.0,0.0,0.0
2019-01-15,0,0,240,0.0,0.0,0.0,0.0,0.0
2019-01-15,0,0,245,66.85,66.85,0.0,820.560474,0.0
2019-01-15,0,0,247,33.3,33.3,0.0,408.745905,0.0
2019-01-15,0,0,248,0.37,0.37,0.0,4.936213,0.0
2019-01-15,0,0,249,125.24,125.24,0.0,1537.277393,0.0
2019-01-15,0,0,251,63.51,63.51,0.0,792.487562,0.0
2019-01-15,0,0,252,80.81,80.81,0.0,1004.086888,0.0
2019-01-15,0,0,254,0.0,0.0,0.0,0.0,0.0
2019-01-15,0,0,255,0.0,0.0,0.0,0.0,0.0
2019-01-15,0,0,258,0.0,0.0,0.0,0.0,0.0
2019-01-15,0,0,260,0.0,0.0,0.0,0.0,0.0
2019-01-15,0,0,265,0.0,0.0,0.0,0.0,0.0
2019-01-15,0,0,266,15.75,15.75,0.0,243.524417,0.0
2019-01-15,0,0,267,19.36,19.36,0.0,299.34176,0.0
2019-01-15,0,0,270,129.75,129.75,0.0,2764.439311,0.0
2019-01-15,0,0,272,116.66,116.66,0.0,2375.959574,0.0
2019-01-15,0,0,273,0.0,0.0,0.0,0.0,0.0
2019-01-15,0,0,274,167.27,167.27,0.0,3563.836327,0.0
2019-01-15,0,0,275,232.84,232.84,0.0,4960.863577,0.0
2019-01-15,0,0,276,0.0,0.0,0.0,0.0,0.0
2019-01-15,0,0,277,0.0,0.0,0.0,0.0,0.0
2019-01-15,0,0,278,0.0,0.0,0.0,0.0,0.0
2019-01-15,0,0,279,58.94,58.94,0.0,1187.0322,0.0
2019-01-15,0,0,281,3.32,3.32,0.0,56.48796,0.0
2019-01-15,0,0,282,0.0,0.0,0.0,0.0,0.0
2019-01-15,1,0,9,0.0,0.0,0.0,0.0,0.0
2019-01-15,1,0,17,0.0,0.0,0.0,0.0,0.0
2019-01-15,1,0,19,294.15,294.15,0.0,3206.487717,0.0
2019-01-15,1,0,20,356.75,356.75,0.0,3888.8815,0.0
2019-01-15,1,0,21,0.0,0.0,0.0,0.0,0.0
2019-01-15,1,0,22,0.0,0.0,0.0,0.0,0.0
2019-01-15,1,0,23,25.14,25.14,0.0,319.590368,0.0
2019-01-15,1,0,24,44.49,44.49,0.0,565.575794,0.0
2019-01-15,1,0,29,0.0,0.0,0.0,0.0,0.0
2019-01-15,1,0,30,0.0,0.0,0.0,0.0,0.0
2019-01-15,1,0,31,18.12,18.12,0.0,230.58542,0.0
2019-01-15,1,0,32,0.0,0.0,0.0,0.0,0.0
2019-01-15,1,0,33,0.0,0.0,0.0,0.0,0.0
2019-01-15,1,0,34,0.0,0.0,0.0,0.0,0.0
2019-01-15,1,0,35,0.0,0.0,0.0,0.0,0.0
2019-01-15,1,0,36,0.0,0.0,0.0,0.0,0.0
2019-01-15,1,0,37,0.0,0.0,0.0,0.0,0.0
2019-01-15,1,0,38,0.0,0.0,0.0,0.0,0.0
2019-01-15,1,0,39,0.0,0.0,0.0,0.0,0.0
2019-01-15,1,0,40,0.0,0.0,0.0,0.0,0.0
2019-01-15,1,0,41,20.86,20.86,0.0,251.40968,0.0
2019-01-15,1,0,42,0.0,0.0,0.0,0.0,0.0
2019-01-15,1,0,43,0.0,0.0,0.0,0.0,0.0
2019-01-15,1,0,46,0.0,0.0,0.0,0.0,0.0
2019-01-15,1,0,52,19.3,19.3,0.0,245.601469,0.0
2019-01-15,1,0,53,31.54,31.54,0.0,401.361157,0.0
2019-01-15,1,0,55,99.88,99.88,0.0,1269.717021,0.0
2019-01-15,1,0,56,0.0,0.0,0.0,0.0,0.0
2019-01-15,1,0,57,0.0,0.0,0.0,0.0,0.0
2019-01-15,1,0,58,0.0,0.0,0.0,0.0,0.0
2019-01-15,1,0,59,0.0,0.0,0.0,0.0,0.0
2019-01-15,1,0,63,36.37,36.37,0.0,698.609362,0.0
2019-01-15,1,0,64,42.78,42.78,0.0,821.73518,0.0
2019-01-15,1,0,65,11.61,11.61,0.0,126.670194,0.0
2019-01-15,1,0,67,0.0,0.0,0.0,0.0,0.0
2019-01-15,1,0,68,2.4,2.4,0.0,35.218876,0.0
2019-01-15,1,0,69,0.0,0.0,0.0,0.0,0.0
2019-01-15,1,0,74,0.0,0.0,0.0,0.0,0.0
2019-01-15,1,0,77,63.89,63.89,0.0,892.548654,0.0
2019-01-15,1,0,78,48.3,48.3,0.0,674.755048,0.0
2019-01-15,1,0,79,27.95,27.95,0.0,390.463842,0.0
2019-01-15,1,0,80,45.2,45.2,0.0,631.447788,0.0
2019-01-15,1,0,81,59.1,59.1,0.0,825.631953,0.0
2019-01-15,1,0,82,41.69,41.69,0.0,582.412794,0.0
2019-01-15,1,0,83,92.96,92.96,0.0,1298.65899,0.0
2019-01-15,1,0,84,0.0,0.0,0.0,0.0,0.0
2019-01-15,1,0,86,0.0,0.0,0.0,0.0,0.0
2019-01-15,1,0,87,0.0,0.0,0.0,0.0,0.0
2019-01-15,1,0,88,55.66,55.66,0.0,777.574864,0.0
2019-01-15,1,0,89,53.51,53.51,0.0,747.539184,0.0
2019-01-15,1,0,90,71.85,71.85,0.0,1003.750521,0.0
2019-01-15,1,0,91,256.29,256.29,0.0,3580.392777,0.0
2019-01-15,1,0,92,92.17,92.17,0.0,1287.622624,0.0
2019-01-15,1,0,95,0.0,0.0,0.0,0.0,0.0
2019-01-15,1,0,96,5.94,5.94,0.0,75.670209,0.0
2019-01-15,1,0,97,36.51,36.51,0.0,465.104262,0.0
2019-01-15,1,0,99,0.0,0.0,0.0,0.0,0.0
2019-01-15,1,0,101,0.0,0.0,0.0,0.0,0.0
2019-01-15,1,0,102,5.67,5.67,0.0,83.204594,0.0
2019-01-15,1,0,103,4.93,4.93,0.0,72.345441,0.0
2019-01-15,1,0,104,0.92,0.92,0.0,13.500569,0.0
2019-01-15,1,0,106,0.0,0.0,0.0,0.0,0.0
2019-01-15,1,0,109,13.3,13.3,0.0,153.87868,0.0
2019-01-15,1,0,110,96.43,96.43,0.0,1706.801643,0.0
2019-01-15,1,0,111,0.0,0.0,0.0,0.0,0.0
2019-01-15,1,0,113,21.68,21.68,0.0,305.59468,0.0
2019-01-15,1,0,115,21.68,21.68,0.0,305.59468,0.0
2019-01-15,1,0,116,0.0,0.0,0.0,0.0,0.0
2019-01-15,1,0,117,1.48,1.48,0.0,20.861629,0.0
2019-01-15,1,0,119,42.78,42.78,0.0,821.73518,0.0
2019-01-15,1,0,120,25.16,25.16,0.0,483.283243,0.0
2019-01-15,1,0,123,0.0,0.0,0.0,0.0,0.0
2019-01-15,1,0,125,40.26,40.26,0.0,511.802235,0.0
2019-01-15,1,0,126,0.0,0.0,0.0,0.0,0.0
2019-01-15,1,0,127,0.0,0.0,0.0,0.0,0.0
2019-01-15,1,0,128,57.66,57.66,0.0,732.998432,0.0
2019-01-15,1,0,131,7.22,7.22,0.0,104.51408,0.0
2019-01-15,1,0,132,10.61,10.61,0.0,153.586481,0.0
2019-01-15,1,0,133,44.32,44.32,0.0,483.086076,0.0
2019-01-15,1,0,134,0.0,0.0,0.0,0.0,0.0
2019-01-15,1,0,135,59.38,59.38,0.0,647.239423,0.0
2019-01-15,1,0,136,16.89,16.89,0.0,184.286193,0.0
2019-01-15,1,0,139,26.94,26.94,0.0,324.687285,0.0
2019-01-15,1,0,140,71.37,71.37,0.0,1263.242074,0.0
2019-01-15,1,0,141,67.83,67.83,0.0,1045.889202,0.0
2019-01-15,1,0,142,0.0,0.0,0.0,0.0,0.0
2019-01-15,1,0,143,41.95,41.95,0.0,533.833244,0.0
2019-01-15,1,0,145,3.15,3.15,0.0,38.735123,0.0
2019-01-15,1,0,146,81.7,81.7,0.0,1446.082072,0.0
2019-01-15,1,0,152,0.0,0.0,0.0,0.0,0.0
2019-01-15,1,0,153,0.0,0.0,0.0,0.0,0.0
2019-01-15,1,0,154,0.0,0.0,0.0,0.0,0.0
2019-01-15,1,0,157,34.06,34.06,0.0,525.180396,0.0
2019-01-15,1,0,158,0.0,0.0,0.0,0.0,0.0
2019-01-15,1,0,159,0.0,0.0,0.0,0.0,0.0
2019-01-15,1,0,160,0.0,0.0,0.0,0.0,0.0
2019-01-15,1,0,161,0.0,0.0,0.0,0.0,0.0
2019-01-15,1,0,162,1.52,1.52,0.0,29.553121,0.0
2019-01-15,1,0,163,43.62,43.62,0.0,772.069767,0.0
2019-01-15,1,0,164,0.0,0.0,0.0,0.0,0.0
2019-01-15,1,0,167,0.0,0.0,0.0,0.0,0.0
2019-01-15,1,0,168,0.0,0.0,0.0,0.0,0.0
2019-01-15,1,0,169,0.0,0.0,0.0,0.0,0.0
2019-01-15,1,0,170,0.0,0.0,0.0,0.0,0.0
2019-01-15,1,0,172,0.0,0.0,0.0,0.0,0.0
2019-01-15,1,0,173,0.0,0.0,0.0,0.0,0.0
2019-01-15,1,0,188,0.0,0.0,0.0,0.0,0.0
2019-01-15,1,0,190,0.0,0.0,0.0,0.0,0.0
2019-01-15,1,0,191,0.0,0.0,0.0,0.0,0.0
2019-01-15,1,0,192,51.34,51.34,0.0,986.15905,0.0
2019-01-15,1,0,194,47.9,47.9,0.0,654.244027,0.0
2019-01-15,1,0,196,0.0,0.0,0.0,0.0,0.0
2019-01-15,1,0,198,0.0,0.0,0.0,0.0,0.0
2019-01-15,1,0,199,0.0,0.0,0.0,0.0,0.0
2019-01-15,1,0,200,0.0,0.0,0.0,0.0,0.0
2019-01-15,1,0,204,68.49,68.49,0.0,795.350732,0.0
2019-01-15,1,0,205,70.36,70.36,0.0,814.052926,0.0
2019-01-15,1,0,206,107.3,107.3,0.0,1366.90461,0.0
2019-01-15,1,0,210,0.0,0.0,0.0,0.0,0.0
2019-01-15,1,0,214,0.0,0.0,0.0,0.0,0.0
2019-01-15,1,0,217,0.0,0.0,0.0,0.0,0.0
2019-01-15,1,0,218,0.0,0.0,0.0,0.0,0.0
2019-01-15,1,0,219,0.0,0.0,0.0,0.0,0.0
2019-01-15,1,0,221,0.0,0.0,0.0,0.0,0.0
2019-01-15,1,0,225,0.0,0.0,0.0,0.0,0.0
2019-01-15,1,0,233,0.0,0.0,0.0,0.0,0.0
2019-01-15,1,0,236,0.0,0.0,0.0,0.0,0.0
2019-01-15,1,0,237,0.0,0.0,0.0,0.0,0.0
2019-01-15,1,0,238,0.0,0.0,0.0,0.0,0.0
2019-01-15,1,0,240,0.0,0.0,0.0,0.0,0.0
2019-01-15,1,0,245,33.29,33.29,0.0,361.716891,0.0
2019-01-15,1,0,247,35.14,35.14,0.0,381.81831,0.0
2019-01-15,1,0,248,0.0,0.0,0.0,0.0,0.0
2019-01-15,1,0,249,64.03,64.03,0.0,695.72642,0.0
2019-01-15,1,0,251,57.78,57.78,0.0,631.313925,0.0
2019-01-15,1,0,252,74.89,74.89,0.0,817.08276,0.0
2019-01-15,1,0,254,0.0,0.0,0.0,0.0,0.0
2019-01-15,1,0,255,0.0,0.0,0.0,0.0,0.0
2019-01-15,1,0,258,0.0,0.0,0.0,0.0,0.0
2019-01-15,1,0,260,0.0,0.0,0.0,0.0,0.0
2019-01-15,1,0,265,0.0,0.0,0.0,0.0,0.0
2019-01-15,1,0,266,17.45,17.45,0.0,210.311549,0.0
2019-01-15,1,0,267,21.44,21.44,0.0,258.399977,0.0
2019-01-15,1,0,270,136.23,136.23,0.0,2411.25778,0.0
2019-01-15,1,0,272,72.32,72.32,0.0,1019.400703,0.0
2019-01-15,1,0,273,0.0,0.0,0.0,0.0,0.0
2019-01-15,1,0,274,175.61,175.61,0.0,3108.279959,0.0
2019-01-15,1,0,275,244.46,244.46,0.0,4326.918278,0.0
2019-01-15,1,0,276,0.0,0.0,0.0,0.0,0.0
2019-01-15,1,0,277,0.0,0.0,0.0,0.0,0.0
2019-01-15,1,0,278,0.0,0.0,0.0,0.0,0.0
2019-01-15,1,0,279,63.53,63.53,0.0,892.300182,0.0
2019-01-15,1,0,281,7.48,7.48,0.0,95.186476,0.0
2019-01-15,1,0,282,0.0,0.0,0.0,0.0,0.0
2019-01-15,2,0,9,0.0,0.0,0.0,0.0,0.0
2019-01-15,2,0,17,0.0,0.0,0.0,0.0,0.0
2019-01-15,2,0,19,256.03,256.03,0.0,2920.404382,0.0
2019-01-15,2,0,20,310.51,310.51,0.0,3541.830116,0.0
2019-01-15,2,0,21,0.0,0.0,0.0,0.0,0.0
2019-01-15,2,0,22,0.0,0.0,0.0,0.0,0.0
2019-01-15,2,0,23,21.32,21.32,0.0,320.258101,0.0
2019-01-15,2,0,24,37.73,37.73,0.0,566.760701,0.0
2019-01-15,2,0,29,0.0,0.0,0.0,0.0,0.0
2019-01-15,2,0,30,0.0,0.0,0.0,0.0,0.0
2019-01-15,2,0,31,5.63,5.63,0.0,84.708739,0.0
2019-01-15,2,0,32,0.0,0.0,0.0,0.0,0.0
2019-01-15,2,0,33,0.0,0.0,0.0,0.0,0.0
2019-01-15,2,0,34,0.0,0.0,0.0,0.0,0.0
2019-01-15,2,0,35,0.0,0.0,0.0,0.0,0.0
2019-01-15,2,0,36,0.0,0.0,0.0,0.0,0.0
2019-01-15,2,0,37,0.0,0.0,0.0,0.0,0.0
2019-01-15,2,0,38,0.0,0.0,0.0,0.0,0.0
2019-01-15,2,0,39,0.0,0.0,0.0,0.0,0.0
2019-01-15,2,0,40,0.0,0.0,0.0,0.0,0.0
2019-01-15,2,0,41,20.67,20.67,0.0,284.539994,0.0
2019-01-15,2,0,42,0.0,0.0,0.0,0.0,0.0
2019-01-15,2,0,43,0.0,0.0,0.0,0.0,0.0
2019-01-15,2,0,46,0.0,0.0,0.0,0.0,0.0
2019-01-15,2,0,52,5.97,5.97,0.0,89.824364,0.0
2019-01-15,2,0,53,9.48,9.48,0.0,142.635674,0.0
2019-01-15,2,0,55,98.23,98.23,0.0,1475.56066,0.0
2019-01-15,2,0,56,0.0,0.0,0.0,0.0,0.0
2019-01-15,2,0,57,0.0,0.0,0.0,0.0,0.0
2019-01-15,2,0,58,0.0,0.0,0.0,0.0,0.0
2019-01-15,2,0,59,0.0,0.0,0.0,0.0,0.0
2019-01-15,2,0,63,34.35,34.35,0.0,654.321333,0.0
2019-01-15,2,0,64,40.42,40.42,0.0,769.946675,0.0
2019-01-15,2,0,65,10.8,10.8,0.0,123.431759,0.0
2019-01-15,2,0,67,0.0,0.0,0.0,0.0,0.0
2019-01-15,2,0,68,2.02,2.02,0.0,35.782143,0.0
2019-01-15,2,0,69,0.0,0.0,0.0,0.0,0.0
2019-01-15,2,0,74,0.0,0.0,0.0,0.0,0.0
2019-01-15,2,0,77,53.69,53.69,0.0,933.023365,0.0
2019-01-15,2,0,78,40.59,40.59,0.0,705.37192,0.0
2019-01-15,2,0,79,23.49,23.49,0.0,408.208584,0.0
2019-01-15,2,0,80,37.98,37.98,0.0,660.015411,0.0
2019-01-15,2,0,81,49.66,49.66,0.0,862.990135,0.0
2019-01-15,2,0,82,35.03,35.03,0.0,608.750391,0.0
2019-01-15,2,0,83,78.12,78.12,0.0,1357.567244,0.0
2019-01-15,2,0,84,0.0,0.0,0.0,0.0,0.0
2019-01-15,2,0,86,0.0,0.0,0.0,0.0,0.0
2019-01-15,2,0,87,0.0,0.0,0.0,0.0,0.0
2019-01-15,2,0,88,46.9,46.9,0.0,815.026929,0.0
2019-01-15,2,0,89,45.08,45.08,0.0,783.399019,0.0
2019-01-15,2,0,90,60.53,60.53,0.0,1051.8887,0.0
2019-01-15,2,0,91,215.93,215.93,0.0,3752.42569,0.0
2019-01-15,2,0,92,77.66,77.66,0.0,1349.573376,0.0
2019-01-15,2,0,95,0.0,0.0,0.0,0.0,0.0
2019-01-15,2,0,96,5.07,5.07,0.0,76.412662,0.0
2019-01-15,2,0,97,31.16,31.16,0.0,469.628903,0.0
2019-01-15,2,0,99,0.0,0.0,0.0,0.0,0.0
2019-01-15,2,0,101,0.0,0.0,0.0,0.0,0.0
2019-01-15,2,0,102,4.77,4.77,0.0,84.495456,0.0
2019-01-15,2,0,103,4.15,4.15,0.0,73.512818,0.0
2019-01-15,2,0,104,0.77,0.77,0.0,13.639728,0.0
2019-01-15,2,0,106,0.0,0.0,0.0,0.0,0.0
2019-01-15,2,0,109,12.42,12.42,0.0,160.099089,0.0
2019-01-15,2,0,110,95.28,95.28,0.0,1770.441989,0.0
2019-01-15,2,0,111,0.0,0.0,0.0,0.0,0.0
2019-01-15,2,0,113,21.11,21.11,0.0,376.896571,0.0
2019-01-15,2,0,115,21.11,21.11,0.0,376.896571,0.0
2019-01-15,2,0,116,0.0,0.0,0.0,0.0,0.0
2019-01-15,2,0,117,1.13,1.13,0.0,20.174947,0.0
2019-01-15,2,0,119,40.42,40.42,0.0,769.946675,0.0
2019-01-15,2,0,120,23.77,23.77,0.0,452.786553,0.0
2019-01-15,2,0,123,0.0,0.0,0.0,0.0,0.0
2019-01-15,2,0,125,34.14,34.14,0.0,512.833563,0.0
2019-01-15,2,0,126,0.0,0.0,0.0,0.0,0.0
2019-01-15,2,0,127,0.0,0.0,0.0,0.0,0.0
2019-01-15,2,0,128,48.9,48.9,0.0,734.55071,0.0
2019-01-15,2,0,131,6.36,6.36,0.0,112.29787,0.0
2019-01-15,2,0,132,9.34,9.34,0.0,164.915425,0.0
2019-01-15,2,0,133,38.03,38.03,0.0,433.708761,0.0
2019-01-15,2,0,134,0.0,0.0,0.0,0.0,0.0
2019-01-15,2,0,135,50.95,50.95,0.0,581.053415,0.0
2019-01-15,2,0,136,15.8,15.8,0.0,180.595499,0.0
2019-01-15,2,0,139,26.69,26.69,0.0,367.410374,0.0
2019-01-15,2,0,140,70.51,70.51,0.0,1310.1791,0.0
2019-01-15,2,0,141,59.34,59.34,0.0,1063.817149,0.0
2019-01-15,2,0,142,0.0,0.0,0.0,0.0,0.0
2019-01-15,2,0,143,18.16,18.16,0.0,273.234582,0.0
2019-01-15,2,0,145,3.55,3.55,0.0,50.574049,0.0
2019-01-15,2,0,146,75.7,75.7,0.0,1406.616904,0.0
2019-01-15,2,0,152,0.0,0.0,0.0,0.0,0.0
2019-01-15,2,0,153,0.0,0.0,0.0,0.0,0.0
2019-01-15,2,0,154,0.0,0.0,0.0,0.0,0.0
2019-01-15,2,0,157,32.1,32.1,0.0,575.472371,0.0
2019-01-15,2,0,158,0.0,0.0,0.0,0.0,0.0
2019-01-15,2,0,159,0.0,0.0,0.0,0.0,0.0
2019-01-15,2,0,160,0.0,0.0,0.0,0.0,0.0
2019-01-15,2,0,161,0.0,0.0,0.0,0.0,0.0
2019-01-15,2,0,162,1.66,1.66,0.0,32.26819,0.0
2019-01-15,2,0,163,40.35,40.35,0.0,749.762114,0.0
2019-01-15,2,0,164,0.0,0.0,0.0,0.0,0.0
2019-01-15,2,0,167,0.0,0.0,0.0,0.0,0.0
2019-01-15,2,0,168,0.0,0.0,0.0,0.0,0.0
2019-01-15,2,0,169,0.0,0.0,0.0,0.0,0.0
2019-01-15,2,0,170,0.0,0.0,0.0,0.0,0.0
2019-01-15,2,0,172,0.0,0.0,0.0,0.0,0.0
2019-01-15,2,0,173,0.0,0.0,0.0,0.0,0.0
2019-01-15,2,0,188,0.0,0.0,0.0,0.0,0.0
2019-01-15,2,0,190,0.0,0.0,0.0,0.0,0.0
2019-01-15,2,0,191,0.0,0.0,0.0,0.0,0.0
2019-01-15,2,0,192,47.94,47.94,0.0,913.192568,0.0
2019-01-15,2,0,194,43.42,43.42,0.0,787.597568,0.0
2019-01-15,2,0,196,0.0,0.0,0.0,0.0,0.0
2019-01-15,2,0,198,0.0,0.0,0.0,0.0,0.0
2019-01-15,2,0,199,0.0,0.0,0.0,0.0,0.0
2019-01-15,2,0,200,0.0,0.0,0.0,0.0,0.0
2019-01-15,2,0,204,68.34,68.34,0.0,886.941208,0.0
2019-01-15,2,0,205,60.98,60.98,0.0,786.05817,0.0
2019-01-15,2,0,206,91.56,91.56,0.0,1379.94937,0.0
2019-01-15,2,0,210,0.0,0.0,0.0,0.0,0.0
2019-01-15,2,0,214,0.0,0.0,0.0,0.0,0.0
2019-01-15,2,0,217,0.0,0.0,0.0,0.0,0.0
2019-01-15,2,0,218,0.0,0.0,0.0,0.0,0.0
2019-01-15,2,0,219,0.0,0.0,0.0,0.0,0.0
2019-01-15,2,0,221,0.0,0.0,0.0,0.0,0.0
2019-01-15,2,0,225,0.0,0.0,0.0,0.0,0.0
2019-01-15,2,0,233,0.0,0.0,0.0,0.0,0.0
2019-01-15,2,0,236,0.0,0.0,0.0,0.0,0.0
2019-01-15,2,0,237,0.0,0.0,0.0,0.0,0.0
2019-01-15,2,0,238,0.0,0.0,0.0,0.0,0.0
2019-01-15,2,0,240,0.0,0.0,0.0,0.0,0.0
2019-01-15,2,0,245,27.35,27.35,0.0,309.717374,0.0
2019-01-15,2,0,247,28.94,28.94,0.0,327.722881,0.0
2019-01-15,2,0,248,0.0,0.0,0.0,0.0,0.0
2019-01-15,2,0,249,52.6,52.6,0.0,595.653889,0.0
2019-01-15,2,0,251,56.57,56.57,0.0,648.609015,0.0
2019-01-15,2,0,252,69.7,69.7,0.0,796.592,0.0
2019-01-15,2,0,254,0.0,0.0,0.0,0.0,0.0
2019-01-15,2,0,255,0.0,0.0,0.0,0.0,0.0
2019-01-15,2,0,258,0.0,0.0,0.0,0.0,0.0
2019-01-15,2,0,260,0.0,0.0,0.0,0.0,0.0
2019-01-15,2,0,265,0.0,0.0,0.0,0.0,0.0
2019-01-15,2,0,266,17.28,17.28,0.0,237.873783,0.0
2019-01-15,2,0,267,21.24,21.24,0.0,292.386525,0.0
2019-01-15,2,0,270,126.01,126.01,0.0,2341.45041,0.0
2019-01-15,2,0,272,91.07,91.07,0.0,1625.957873,0.0
2019-01-15,2,0,273,0.0,0.0,0.0,0.0,0.0
2019-01-15,2,0,274,162.44,162.44,0.0,3018.373181,0.0
2019-01-15,2,0,275,226.12,226.12,0.0,4201.640875,0.0
2019-01-15,2,0,276,0.0,0.0,0.0,0.0,0.0
2019-01-15,2,0,277,0.0,0.0,0.0,0.0,0.0
2019-01-15,2,0,278,0.0,0.0,0.0,0.0,0.0
2019-01-15,2,0,279,54.25,54.25,0.0,958.223945,0.0
2019-01-15,2,0,281,2.53,2.53,0.0,38.066272,0.0
2019-01-15,2,0,282,0.0,0.0,0.0,0.0,0.0
2019-01-15,3,0,9,0.0,0.0,0.0,0.0,0.0
2019-01-15,3,0,17,0.0,0.0,0.0,0.0,0.0
2019-01-15,3,0,19,221.96,221.96,0.0,2531.785168,0.0
2019-01-15,3,0,20,269.19,269.19,0.0,3070.513829,0.0
2019-01-15,3,0,21,0.0,0.0,0.0,0.0,0.0
2019-01-15,3,0,22,0.0,0.0,0.0,0.0,0.0
2019-01-15,3,0,23,18.2,18.2,0.0,273.391062,0.0
2019-01-15,3,0,24,32.21,32.21,0.0,483.842094,0.0
2019-01-15,3,0,29,0.0,0.0,0.0,0.0,0.0
2019-01-15,3,0,30,0.0,0.0,0.0,0.0,0.0
2019-01-15,3,0,31,3.76,3.76,0.0,56.572799,0.0
2019-01-15,3,0,32,0.0,0.0,0.0,0.0,0.0
2019-01-15,3,0,33,0.0,0.0,0.0,0.0,0.0
2019-01-15,3,0,34,0.0,0.0,0.0,0.0,0.0
2019-01-15,3,0,35,0.0,0.0,0.0,0.0,0.0
2019-01-15,3,0,36,0.0,0.0,0.0,0.0,0.0
2019-01-15,3,0,37,0.0,0.0,0.0,0.0,0.0
2019-01-15,3,0,38,0.0,0.0,0.0,0.0,0.0
2019-01-15,3,0,39,0.0,0.0,0.0,0.0,0.0
2019-01-15,3,0,40,0.0,0.0,0.0,0.0,0.0
2019-01-15,3,0,41,20.35,20.35,0.0,280.134924,0.0
2019-01-15,3,0,42,0.0,0.0,0.0,0.0,0.0
2019-01-15,3,0,43,0.0,0.0,0.0,0.0,0.0
2019-01-15,3,0,46,0.0,0.0,0.0,0.0,0.0
2019-01-15,3,0,52,3.99,3.99,0.0,60.033369,0.0
2019-01-15,3,0,53,6.34,6.34,0.0,95.391368,0.0
2019-01-15,3,0,55,80.62,80.62,0.0,1211.032275,0.0
2019-01-15,3,0,56,0.0,0.0,0.0,0.0,0.0
2019-01-15,3,0,57,0.0,0.0,0.0,0.0,0.0
2019-01-15,3,0,58,0.0,0.0,0.0,0.0,0.0
2019-01-15,3,0,59,0.0,0.0,0.0,0.0,0.0
2019-01-15,3,0,63,33.02,33.02,0.0,628.986621,0.0
2019-01-15,3,0,64,38.84,38.84,0.0,739.849799,0.0
2019-01-15,3,0,65,10.02,10.02,0.0,114.517243,0.0
2019-01-15,3,0,67,0.0,0.0,0.0,0.0,0.0
2019-01-15,3,0,68,1.67,1.67,0.0,29.582267,0.0
2019-01-15,3,0,69,0.0,0.0,0.0,0.0,0.0
2019-01-15,3,0,74,0.0,0.0,0.0,0.0,0.0
2019-01-15,3,0,77,44.36,44.36,0.0,770.886878,0.0
2019-01-15,3,0,78,33.53,33.53,0.0,582.683432,0.0
2019-01-15,3,0,79,19.41,19.41,0.0,337.306454,0.0
2019-01-15,3,0,80,31.38,31.38,0.0,545.32079,0.0
2019-01-15,3,0,81,41.03,41.03,0.0,713.018228,0.0
2019-01-15,3,0,82,28.94,28.94,0.0,502.918536,0.0
2019-01-15,3,0,83,64.54,64.54,0.0,1121.574371,0.0
2019-01-15,3,0,84,0.0,0.0,0.0,0.0,0.0
2019-01-15,3,0,86,0.0,0.0,0.0,0.0,0.0
2019-01-15,3,0,87,0.0,0.0,0.0,0.0,0.0
2019-01-15,3,0,88,39.03,39.03,0.0,678.262283,0.0
2019-01-15,3,0,89,37.52,37.52,0.0,652.021543,0.0
2019-01-15,3,0,90,50.38,50.38,0.0,875.502275,0.0
2019-01-15,3,0,91,179.72,179.72,0.0,3123.169291,0.0
2019-01-15,3,0,92,64.63,64.63,0.0,1123.138389,0.0
2019-01-15,3,0,95,1.09,1.09,0.0,21.1959,0.0
2019-01-15,3,0,96,4.28,4.28,0.0,64.506152,0.0
2019-01-15,3,0,97,26.31,26.31,0.0,396.531978,0.0
2019-01-15,3,0,99,0.0,0.0,0.0,0.0,0.0
2019-01-15,3,0,101,0.0,0.0,0.0,0.0,0.0
2019-01-15,3,0,102,3.95,3.95,0.0,69.970032,0.0
2019-01-15,3,0,103,3.44,3.44,0.0,60.935926,0.0
2019-01-15,3,0,104,0.64,0.64,0.0,11.336917,0.0
2019-01-15,3,0,106,0.0,0.0,0.0,0.0,0.0
2019-01-15,3,0,109,12.75,12.75,0.0,164.35293,0.0
2019-01-15,3,0,110,93.43,93.43,0.0,1736.066279,0.0
2019-01-15,3,0,111,0.0,0.0,0.0,0.0,0.0
2019-01-15,3,0,113,15.96,15.96,0.0,284.948805,0.0
2019-01-15,3,0,115,15.96,15.96,0.0,284.948805,0.0
2019-01-15,3,0,116,0.0,0.0,0.0,0.0,0.0
2019-01-15,3,0,117,0.82,0.82,0.0,14.640227,0.0
2019-01-15,3,0,119,38.84,38.84,0.0,739.849799,0.0
2019-01-15,3,0,120,22.84,22.84,0.0,435.071303,0.0
2019-01-15,3,0,123,0.0,0.0,0.0,0.0,0.0
2019-01-15,3,0,125,29.15,29.15,0.0,437.876344,0.0
2019-01-15,3,0,126,0.0,0.0,0.0,0.0,0.0
2019-01-15,3,0,127,0.0,0.0,0.0,0.0,0.0
2019-01-15,3,0,128,41.75,41.75,0.0,627.147079,0.0
2019-01-15,3,0,131,5.58,5.58,0.0,98.52549,0.0
2019-01-15,3,0,132,8.2,8.2,0.0,144.786562,0.0
2019-01-15,3,0,133,18.44,18.44,0.0,210.296859,0.0
2019-01-15,3,0,134,0.0,0.0,0.0,0.0,0.0
2019-01-15,3,0,135,24.68,24.68,0.0,281.460221,0.0
2019-01-15,3,0,136,14.74,14.74,0.0,168.479598,0.0
2019-01-15,3,0,139,26.28,26.28,0.0,361.766378,0.0
2019-01-15,3,0,140,69.15,69.15,0.0,1284.908308,0.0
2019-01-15,3,0,141,52.03,52.03,0.0,932.767211,0.0
2019-01-15,3,0,142,0.0,0.0,0.0,0.0,0.0
2019-01-15,3,0,143,7.13,7.13,0.0,107.277674,0.0
2019-01-15,3,0,145,4.02,4.02,0.0,57.269769,0.0
2019-01-15,3,0,146,69.91,69.91,0.0,1299.030221,0.0
2019-01-15,3,0,152,0.0,0.0,0.0,0.0,0.0
2019-01-15,3,0,153,0.0,0.0,0.0,0.0,0.0
2019-01-15,3,0,154,0.0,0.0,0.0,0.0,0.0
2019-01-15,3,0,157,30.26,30.26,0.0,542.485793,0.0
2019-01-15,3,0,158,0.0,0.0,0.0,0.0,0.0
2019-01-15,3,0,159,0.0,0.0,0.0,0.0,0.0
2019-01-15,3,0,160,0.0,0.0,0.0,0.0,0.0
2019-01-15,3,0,161,0.0,0.0,0.0,0.0,0.0
2019-01-15,3,0,162,2.06,2.06,0.0,40.043657,0.0
2019-01-15,3,0,163,37.18,37.18,0.0,690.85887,0.0
2019-01-15,3,0,164,0.0,0.0,0.0,0.0,0.0
2019-01-15,3,0,167,0.0,0.0,0.0,0.0,0.0
2019-01-15,3,0,168,0.0,0.0,0.0,0.0,0.0
2019-01-15,3,0,169,0.0,0.0,0.0,0.0,0.0
2019-01-15,3,0,170,0.0,0.0,0.0,0.0,0.0
2019-01-15,3,0,172,0.0,0.0,0.0,0.0,0.0
2019-01-15,3,0,173,0.0,0.0,0.0,0.0,0.0
2019-01-15,3,0,188,0.0,0.0,0.0,0.0,0.0
2019-01-15,3,0,190,0.0,0.0,0.0,0.0,0.0
2019-01-15,3,0,191,0.0,0.0,0.0,0.0,0.0
2019-01-15,3,0,192,45.24,45.24,0.0,861.761197,0.0
2019-01-15,3,0,194,40.07,40.07,0.0,726.831749,0.0
2019-01-15,3,0,196,0.0,0.0,0.0,0.0,0.0
2019-01-15,3,0,198,0.0,0.0,0.0,0.0,0.0
2019-01-15,3,0,199,1.06,1.06,0.0,13.815141,0.0
2019-01-15,3,0,200,0.0,0.0,0.0,0.0,0.0
2019-01-15,3,0,204,71.44,71.44,0.0,927.174128,0.0
2019-01-15,3,0,205,67.46,67.46,0.0,869.58813,0.0
2019-01-15,3,0,206,77.3,77.3,0.0,1165.02934,0.0
2019-01-15,3,0,210,0.0,0.0,0.0,0.0,0.0
2019-01-15,3,0,214,0.0,0.0,0.0,0.0,0.0
2019-01-15,3,0,217,0.0,0.0,0.0,0.0,0.0
2019-01-15,3,0,218,0.0,0.0,0.0,0.0,0.0
2019-01-15,3,0,219,0.0,0.0,0.0,0.0,0.0
2019-01-15,3,0,221,0.0,0.0,0.0,0.0,0.0
2019-01-15,3,0,225,0.0,0.0,0.0,0.0,0.0
2019-01-15,3,0,233,0.0,0.0,0.0,0.0,0.0
2019-01-15,3,0,236,0.0,0.0,0.0,0.0,0.0
2019-01-15,3,0,237,0.0,0.0,0.0,0.0,0.0
2019-01-15,3,0,238,0.0,0.0,0.0,0.0,0.0
2019-01-15,3,0,240,0.0,0.0,0.0,0.0,0.0
2019-01-15,3,0,245,22.16,22.16,0.0,250.94468,0.0
2019-01-15,3,0,247,23.39,23.39,0.0,264.873469,0.0
2019-01-15,3,0,248,0.0,0.0,0.0,0.0,0.0
2019-01-15,3,0,249,42.62,42.62,0.0,482.638189,0.0
2019-01-15,3,0,251,55.17,55.17,0.0,632.557174,0.0
2019-01-15,3,0,252,64.65,64.65,0.0,738.876224,0.0
2019-01-15,3,0,254,0.0,0.0,0.0,0.0,0.0
2019-01-15,3,0,255,0.0,0.0,0.0,0.0,0.0
2019-01-15,3,0,258,0.0,0.0,0.0,0.0,0.0
2019-01-15,3,0,260,0.0,0.0,0.0,0.0,0.0
2019-01-15,3,0,265,0.0,0.0,0.0,0.0,0.0
2019-01-15,3,0,266,17.02,17.02,0.0,234.294664,0.0
2019-01-15,3,0,267,20.91,20.91,0.0,287.843796,0.0
2019-01-15,3,0,270,116.1,116.1,0.0,2157.308091,0.0
2019-01-15,3,0,272,65.19,65.19,0.0,1163.898032,0.0
2019-01-15,3,0,273,0.0,0.0,0.0,0.0,0.0
2019-01-15,3,0,274,149.66,149.66,0.0,2780.902058,0.0
2019-01-15,3,0,275,208.33,208.33,0.0,3871.076612,0.0
2019-01-15,3,0,276,0.0,0.0,0.0,0.0,0.0
2019-01-15,3,0,277,0.0,0.0,0.0,0.0,0.0
2019-01-15,3,0,278,0.0,0.0,0.0,0.0,0.0
2019-01-15,3,0,279,46.1,46.1,0.0,814.269565,0.0
2019-01-15,3,0,281,1.69,1.69,0.0,25.427668,0.0
2019-01-15,3,0,282,0.0,0.0,0.0,0.0,0.0
2019-01-15,4,0,9,0.0,0.0,0.0,0.0,0.0
2019-01-15,4,0,17,0.0,0.0,0.0,0.0,0.0
2019-01-15,4,0,19,191.27,191.27,0.0,2379.007938,0.0
2019-01-15,4,0,20,231.98,231.98,0.0,2885.357147,0.0
2019-01-15,4,0,21,0.0,0.0,0.0,0.0,0.0
2019-01-15,4,0,22,0.0,0.0,0.0,0.0,0.0
2019-01-15,4,0,23,14.03,14.03,0.0,188.658214,0.0
2019-01-15,4,0,24,23.19,23.19,0.0,311.830648,0.0
2019-01-15,4,0,29,0.0,0.0,0.0,0.0,0.0
2019-01-15,4,0,30,0.0,0.0,0.0,0.0,0.0
2019-01-15,4,0,31,2.38,2.38,0.0,32.025119,0.0
2019-01-15,4,0,32,0.0,0.0,0.0,0.0,0.0
2019-01-15,4,0,33,0.0,0.0,0.0,0.0,0.0
2019-01-15,4,0,34,0.0,0.0,0.0,0.0,0.0
2019-01-15,4,0,35,0.0,0.0,0.0,0.0,0.0
2019-01-15,4,0,36,0.0,0.0,0.0,0.0,0.0
2019-01-15,4,0,37,0.0,0.0,0.0,0.0,0.0
2019-01-15,4,0,38,0.0,0.0,0.0,0.0,0.0
2019-01-15,4,0,39,0.0,0.0,0.0,0.0,0.0
2019-01-15,4,0,40,0.0,0.0,0.0,0.0,0.0
2019-01-15,4,0,41,20.05,20.05,0.0,260.7198,0.0
2019-01-15,4,0,42,0.0,0.0,0.0,0.0,0.0
2019-01-15,4,0,43,0.0,0.0,0.0,0.0,0.0
2019-01-15,4,0,46,0.0,0.0,0.0,0.0,0.0
2019-01-15,4,0,52,2.52,2.52,0.0,33.90895,0.0
2019-01-15,4,0,53,4.0,4.0,0.0,53.82373,0.0
2019-01-15,4,0,55,64.95,64.95,0.0,873.367857,0.0
2019-01-15,4,0,56,0.0,0.0,0.0,0.0,0.0
2019-01-15,4,0,57,0.0,0.0,0.0,0.0,0.0
2019-01-15,4,0,58,0.0,0.0,0.0,0.0,0.0
2019-01-15,4,0,59,0.0,0.0,0.0,0.0,0.0
2019-01-15,4,0,63,32.1,32.1,0.0,617.476569,0.0
2019-01-15,4,0,64,37.77,37.77,0.0,726.54486,0.0
2019-01-15,4,0,65,9.33,9.33,0.0,116.058683,0.0
2019-01-15,4,0,67,0.0,0.0,0.0,0.0,0.0
2019-01-15,4,0,68,1.38,1.38,0.0,20.666774,0.0
2019-01-15,4,0,69,0.0,0.0,0.0,0.0,0.0
2019-01-15,4,0,74,0.0,0.0,0.0,0.0,0.0
2019-01-15,4,0,77,36.32,36.32,0.0,520.637867,0.0
2019-01-15,4,0,78,27.46,27.46,0.0,393.632043,0.0
2019-01-15,4,0,79,15.89,15.89,0.0,227.779067,0.0
2019-01-15,4,0,80,25.7,25.7,0.0,368.402896,0.0
2019-01-15,4,0,81,33.6,33.6,0.0,481.647366,0.0
2019-01-15,4,0,82,23.7,23.7,0.0,339.73341,0.0
2019-01-15,4,0,83,52.85,52.85,0.0,757.591169,0.0
2019-01-15,4,0,84,0.0,0.0,0.0,0.0,0.0
2019-01-15,4,0,86,0.0,0.0,0.0,0.0,0.0
2019-01-15,4,0,87,0.0,0.0,0.0,0.0,0.0
2019-01-15,4,0,88,32.1,32.1,0.0,460.145251,0.0
2019-01-15,4,0,89,30.86,30.86,0.0,442.37017,0.0
2019-01-15,4,0,90,41.43,41.43,0.0,593.888403,0.0
2019-01-15,4,0,91,147.81,147.81,0.0,2118.818366,0.0
2019-01-15,4,0,92,53.16,53.16,0.0,762.034939,0.0
2019-01-15,4,0,95,4.41,4.41,0.0,85.755889,0.0
2019-01-15,4,0,96,3.58,3.58,0.0,48.206511,0.0
2019-01-15,4,0,97,22.04,22.04,0.0,296.77975,0.0
2019-01-15,4,0,99,0.0,0.0,0.0,0.0,0.0
2019-01-15,4,0,101,0.0,0.0,0.0,0.0,0.0
2019-01-15,4,0,102,3.26,3.26,0.0,48.82151,0.0
2019-01-15,4,0,103,2.84,2.84,0.0,42.531622,0.0
2019-01-15,4,0,104,0.53,0.53,0.0,7.937239,0.0
2019-01-15,4,0,106,0.0,0.0,0.0,0.0,0.0
2019-01-15,4,0,109,13.37,13.37,0.0,168.836228,0.0
2019-01-15,4,0,110,91.72,91.72,0.0,1633.866291,0.0
2019-01-15,4,0,111,0.0,0.0,0.0,0.0,0.0
2019-01-15,4,0,113,8.1,8.1,0.0,116.545134,0.0
2019-01-15,4,0,115,8.1,8.1,0.0,116.545134,0.0
2019-01-15,4,0,116,0.0,0.0,0.0,0.0,0.0
2019-01-15,4,0,117,0.54,0.54,0.0,7.769676,0.0
2019-01-15,4,0,119,37.77,37.77,0.0,726.54486,0.0
2019-01-15,4,0,120,22.21,22.21,0.0,427.23223,0.0
2019-01-15,4,0,123,0.0,0.0,0.0,0.0,0.0
2019-01-15,4,0,125,21.28,21.28,0.0,286.147313,0.0
2019-01-15,4,0,126,0.0,0.0,0.0,0.0,0.0
2019-01-15,4,0,127,0.0,0.0,0.0,0.0,0.0
2019-01-15,4,0,128,28.9,28.9,0.0,388.611718,0.0
2019-01-15,4,0,131,4.89,4.89,0.0,72.319988,0.0
2019-01-15,4,0,132,7.19,7.19,0.0,106.335524,0.0
2019-01-15,4,0,133,22.29,22.29,0.0,277.239225,0.0
2019-01-15,4,0,134,0.0,0.0,0.0,0.0,0.0
2019-01-15,4,0,135,30.75,30.75,0.0,382.463265,0.0
2019-01-15,4,0,136,13.77,13.77,0.0,171.290199,0.0
2019-01-15,4,0,139,25.89,25.89,0.0,336.660131,0.0
2019-01-15,4,0,140,67.88,67.88,0.0,1209.189313,0.0
2019-01-15,4,0,141,46.07,46.07,0.0,722.12271,0.0
2019-01-15,4,0,142,0.0,0.0,0.0,0.0,0.0
2019-01-15,4,0,143,5.13,5.13,0.0,69.028934,0.0
2019-01-15,4,0,145,4.56,4.56,0.0,59.96056,0.0
2019-01-15,4,0,146,64.85,64.85,0.0,1155.214009,0.0
2019-01-15,4,0,152,0.0,0.0,0.0,0.0,0.0
2019-01-15,4,0,153,0.0,0.0,0.0,0.0,0.0
2019-01-15,4,0,154,0.0,0.0,0.0,0.0,0.0
2019-01-15,4,0,157,28.8,28.8,0.0,451.424659,0.0
2019-01-15,4,0,158,0.0,0.0,0.0,0.0,0.0
2019-01-15,4,0,159,0.0,0.0,0.0,0.0,0.0
2019-01-15,4,0,160,0.0,0.0,0.0,0.0,0.0
2019-01-15,4,0,161,0.0,0.0,0.0,0.0,0.0
2019-01-15,4,0,162,2.83,2.83,0.0,55.02446,0.0
2019-01-15,4,0,163,34.44,34.44,0.0,613.501472,0.0
2019-01-15,4,0,164,0.0,0.0,0.0,0.0,0.0
2019-01-15,4,0,167,0.0,0.0,0.0,0.0,0.0
2019-01-15,4,0,168,0.0,0.0,0.0,0.0,0.0
2019-01-15,4,0,169,0.0,0.0,0.0,0.0,0.0
2019-01-15,4,0,170,0.0,0.0,0.0,0.0,0.0
2019-01-15,4,0,172,0.0,0.0,0.0,0.0,0.0
2019-01-15,4,0,173,0.0,0.0,0.0,0.0,0.0
2019-01-15,4,0,188,0.0,0.0,0.0,0.0,0.0
2019-01-15,4,0,190,0.0,0.0,0.0,0.0,0.0
2019-01-15,4,0,191,0.0,0.0,0.0,0.0,0.0
2019-01-15,4,0,192,43.39,43.39,0.0,834.651349,0.0
2019-01-15,4,0,194,37.28,37.28,0.0,518.873454,0.0
2019-01-15,4,0,196,0.0,0.0,0.0,0.0,0.0
2019-01-15,4,0,198,0.0,0.0,0.0,0.0,0.0
2019-01-15,4,0,199,2.16,2.16,0.0,25.496896,0.0
2019-01-15,4,0,200,0.0,0.0,0.0,0.0,0.0
2019-01-15,4,0,204,78.35,78.35,0.0,991.034778,0.0
2019-01-15,4,0,205,70.72,70.72,0.0,893.05146,0.0
2019-01-15,4,0,206,64.77,64.77,0.0,872.160817,0.0
2019-01-15,4,0,210,0.0,0.0,0.0,0.0,0.0
2019-01-15,4,0,214,0.0,0.0,0.0,0.0,0.0
2019-01-15,4,0,217,0.0,0.0,0.0,0.0,0.0
2019-01-15,4,0,218,0.0,0.0,0.0,0.0,0.0
2019-01-15,4,0,219,0.0,0.0,0.0,0.0,0.0
2019-01-15,4,0,221,0.0,0.0,0.0,0.0,0.0
2019-01-15,4,0,225,0.0,0.0,0.0,0.0,0.0
2019-01-15,4,0,233,0.0,0.0,0.0,0.0,0.0
2019-01-15,4,0,236,0.0,0.0,0.0,0.0,0.0
2019-01-15,4,0,237,0.0,0.0,0.0,0.0,0.0
2019-01-15,4,0,238,0.0,0.0,0.0,0.0,0.0
2019-01-15,4,0,240,0.0,0.0,0.0,0.0,0.0
2019-01-15,4,0,245,17.74,17.74,0.0,220.561603,0.0
2019-01-15,4,0,247,18.78,18.78,0.0,233.491934,0.0
2019-01-15,4,0,248,0.0,0.0,0.0,0.0,0.0
2019-01-15,4,0,249,34.12,34.12,0.0,424.214313,0.0
2019-01-15,4,0,251,53.87,53.87,0.0,670.224138,0.0
2019-01-15,4,0,252,60.19,60.19,0.0,748.72156,0.0
2019-01-15,4,0,254,0.0,0.0,0.0,0.0,0.0
2019-01-15,4,0,255,0.0,0.0,0.0,0.0,0.0
2019-01-15,4,0,258,0.0,0.0,0.0,0.0,0.0
2019-01-15,4,0,260,0.0,0.0,0.0,0.0,0.0
2019-01-15,4,0,265,0.0,0.0,0.0,0.0,0.0
2019-01-15,4,0,266,16.76,16.76,0.0,217.938347,0.0
2019-01-15,4,0,267,20.6,20.6,0.0,267.871715,0.0
2019-01-15,4,0,270,107.56,107.56,0.0,1916.034215,0.0
2019-01-15,4,0,272,27.09,27.09,0.0,389.778727,0.0
2019-01-15,4,0,273,0.0,0.0,0.0,0.0,0.0
2019-01-15,4,0,274,138.66,138.66,0.0,2470.038158,0.0
2019-01-15,4,0,275,193.02,193.02,0.0,3438.387172,0.0
2019-01-15,4,0,276,0.0,0.0,0.0,0.0,0.0
2019-01-15,4,0,277,0.0,0.0,0.0,0.0,0.0
2019-01-15,4,0,278,0.0,0.0,0.0,0.0,0.0
2019-01-15,4,0,279,38.73,38.73,0.0,556.42698,0.0
2019-01-15,4,0,281,1.07,1.07,0.0,14.397848,0.0
2019-01-15,4,0,282,0.0,0.0,0.0,0.0,0.0
2019-01-15,5,0,9,0.0,0.0,0.0,0.0,0.0
2019-01-15,5,0,17,0.0,0.0,0.0,0.0,0.0
2019-01-15,5,0,19,253.32,253.32,0.0,3750.343258,0.0
2019-01-15,5,0,20,307.23,307.23,0.0,4548.468179,0.0
2019-01-15,5,0,21,0.0,0.0,0.0,0.0,0.0
2019-01-15,5,0,22,0.0,0.0,0.0,0.0,0.0
2019-01-15,5,0,23,12.09,12.09,0.0,162.724672,0.0
2019-01-15,5,0,24,21.4,21.4,0.0,288.032092,0.0
2019-01-15,5,0,29,0.0,0.0,0.0,0.0,0.0
2019-01-15,5,0,30,0.0,0.0,0.0,0.0,0.0
2019-01-15,5,0,31,2.44,2.44,0.0,32.832475,0.0
2019-01-15,5,0,32,0.0,0.0,0.0,0.0,0.0
2019-01-15,5,0,33,0.0,0.0,0.0,0.0,0.0
2019-01-15,5,0,34,0.0,0.0,0.0,0.0,0.0
2019-01-15,5,0,35,0.0,0.0,0.0,0.0,0.0
2019-01-15,5,0,36,0.0,0.0,0.0,0.0,0.0
2019-01-15,5,0,37,0.0,0.0,0.0,0.0,0.0
2019-01-15,5,0,38,0.0,0.0,0.0,0.0,0.0
2019-01-15,5,0,39,0.0,0.0,0.0,0.0,0.0
2019-01-15,5,0,40,0.0,0.0,0.0,0.0,0.0
2019-01-15,5,0,41,12.96,12.96,0.0,177.601352,0.0
2019-01-15,5,0,42,0.0,0.0,0.0,0.0,0.0
2019-01-15,5,0,43,0.0,0.0,0.0,0.0,0.0
2019-01-15,5,0,46,0.0,0.0,0.0,0.0,0.0
2019-01-15,5,0,52,2.58,2.58,0.0,34.716306,0.0
2019-01-15,5,0,53,4.1,4.1,0.0,55.169323,0.0
2019-01-15,5,0,55,35.87,35.87,0.0,482.79024,0.0
2019-01-15,5,0,56,0.0,0.0,0.0,0.0,0.0
2019-01-15,5,0,57,0.0,0.0,0.0,0.0,0.0
2019-01-15,5,0,58,0.0,0.0,0.0,0.0,0.0
2019-01-15,5,0,59,0.0,0.0,0.0,0.0,0.0
2019-01-15,5,0,63,32.83,32.83,0.0,733.232345,0.0
2019-01-15,5,0,64,38.63,38.63,0.0,862.770804,0.0
2019-01-15,5,0,65,9.42,9.42,0.0,139.271712,0.0
2019-01-15,5,0,67,0.0,0.0,0.0,0.0,0.0
2019-01-15,5,0,68,1.5,1.5,0.0,21.33626,0.0
2019-01-15,5,0,69,0.0,0.0,0.0,0.0,0.0
2019-01-15,5,0,74,1.36,1.36,0.0,19.394541,0.0
2019-01-15,5,0,77,34.8,34.8,0.0,457.109619,0.0
2019-01-15,5,0,78,26.31,26.31,0.0,345.590634,0.0
2019-01-15,5,0,79,15.22,15.22,0.0,199.919781,0.0
2019-01-15,5,0,80,24.62,24.62,0.0,323.39192,0.0
2019-01-15,5,0,81,32.19,32.19,0.0,422.826397,0.0
2019-01-15,5,0,82,22.7,22.7,0.0,298.172079,0.0
2019-01-15,5,0,83,50.63,50.63,0.0,665.041954,0.0
2019-01-15,5,0,84,0.0,0.0,0.0,0.0,0.0
2019-01-15,5,0,86,0.0,0.0,0.0,0.0,0.0
2019-01-15,5,0,87,0.0,0.0,0.0,0.0,0.0
2019-01-15,5,0,88,31.54,31.54,0.0,414.28843,0.0
2019-01-15,5,0,89,30.32,30.32,0.0,398.263323,0.0
2019-01-15,5,0,90,40.71,40.71,0.0,534.739442,0.0
2019-01-15,5,0,91,145.22,145.22,0.0,1907.513185,0.0
2019-01-15,5,0,92,52.23,52.23,0.0,686.058488,0.0
2019-01-15,5,0,95,2.2,2.2,0.0,49.345421,0.0
2019-01-15,5,0,96,3.1,3.1,0.0,41.702016,0.0
2019-01-15,5,0,97,19.05,19.05,0.0,256.265613,0.0
2019-01-15,5,0,99,0.26,0.26,0.0,3.70778,0.0
2019-01-15,5,0,101,0.0,0.0,0.0,0.0,0.0
2019-01-15,5,0,102,3.56,3.56,0.0,50.638058,0.0
2019-01-15,5,0,103,3.1,3.1,0.0,44.094938,0.0
2019-01-15,5,0,104,0.58,0.58,0.0,8.250021,0.0
2019-01-15,5,0,106,0.0,0.0,0.0,0.0,0.0
2019-01-15,5,0,109,11.74,11.74,0.0,161.010983,0.0
2019-01-15,5,0,110,103.52,103.52,0.0,2033.450595,0.0
2019-01-15,5,0,111,0.0,0.0,0.0,0.0,0.0
2019-01-15,5,0,113,19.51,19.51,0.0,249.579271,0.0
2019-01-15,5,0,115,19.51,19.51,0.0,249.579271,0.0
2019-01-15,5,0,116,0.0,0.0,0.0,0.0,0.0
2019-01-15,5,0,117,0.94,0.94,0.0,12.024834,0.0
2019-01-15,5,0,119,38.63,38.63,0.0,862.770804,0.0
2019-01-15,5,0,120,22.71,22.71,0.0,507.210069,0.0
2019-01-15,5,0,123,0.0,0.0,0.0,0.0,0.0
2019-01-15,5,0,125,19.36,19.36,0.0,260.574827,0.0
2019-01-15,5,0,126,0.0,0.0,0.0,0.0,0.0
2019-01-15,5,0,127,0.0,0.0,0.0,0.0,0.0
2019-01-15,5,0,128,27.74,27.74,0.0,373.364964,0.0
2019-01-15,5,0,131,4.7,4.7,0.0,65.179218,0.0
2019-01-15,5,0,132,6.91,6.91,0.0,95.827319,0.0
2019-01-15,5,0,133,13.52,13.52,0.0,200.186014,0.0
2019-01-15,5,0,134,0.0,0.0,0.0,0.0,0.0
2019-01-15,5,0,135,19.27,19.27,0.0,285.324297,0.0
2019-01-15,5,0,136,13.38,13.38,0.0,197.804304,0.0
2019-01-15,5,0,139,16.73,16.73,0.0,229.264708,0.0
2019-01-15,5,0,140,76.62,76.62,0.0,1505.052015,0.0
2019-01-15,5,0,141,41.46,41.46,0.0,645.039469,0.0
2019-01-15,5,0,142,0.0,0.0,0.0,0.0,0.0
2019-01-15,5,0,143,7.53,7.53,0.0,101.323172,0.0
2019-01-15,5,0,145,3.87,3.87,0.0,52.450672,0.0
2019-01-15,5,0,146,75.92,75.92,0.0,1491.301866,0.0
2019-01-15,5,0,152,0.0,0.0,0.0,0.0,0.0
2019-01-15,5,0,153,0.0,0.0,0.0,0.0,0.0
2019-01-15,5,0,154,0.0,0.0,0.0,0.0,0.0
2019-01-15,5,0,157,34.15,34.15,0.0,531.309644,0.0
2019-01-15,5,0,158,0.0,0.0,0.0,0.0,0.0
2019-01-15,5,0,159,0.0,0.0,0.0,0.0,0.0
2019-01-15,5,0,160,0.0,0.0,0.0,0.0,0.0
2019-01-15,5,0,161,0.0,0.0,0.0,0.0,0.0
2019-01-15,5,0,162,2.88,2.88,0.0,64.600588,0.0
2019-01-15,5,0,163,36.07,36.07,0.0,708.525531,0.0
2019-01-15,5,0,164,0.0,0.0,0.0,0.0,0.0
2019-01-15,5,0,167,0.0,0.0,0.0,0.0,0.0
2019-01-15,5,0,168,0.0,0.0,0.0,0.0,0.0
2019-01-15,5,0,169,0.0,0.0,0.0,0.0,0.0
2019-01-15,5,0,170,0.0,0.0,0.0,0.0,0.0
2019-01-15,5,0,172,0.0,0.0,0.0,0.0,0.0
2019-01-15,5,0,173,0.0,0.0,0.0,0.0,0.0
2019-01-15,5,0,188,0.0,0.0,0.0,0.0,0.0
2019-01-15,5,0,190,0.0,0.0,0.0,0.0,0.0
2019-01-15,5,0,191,0.0,0.0,0.0,0.0,0.0
2019-01-15,5,0,192,41.41,41.41,0.0,924.859927,0.0
2019-01-15,5,0,194,37.82,37.82,0.0,434.153324,0.0
2019-01-15,5,0,196,0.0,0.0,0.0,0.0,0.0
2019-01-15,5,0,198,0.0,0.0,0.0,0.0,0.0
2019-01-15,5,0,199,1.54,1.54,0.0,17.354568,0.0
2019-01-15,5,0,200,0.0,0.0,0.0,0.0,0.0
2019-01-15,5,0,204,73.71,73.71,0.0,1007.844036,0.0
2019-01-15,5,0,205,62.12,62.12,0.0,851.959306,0.0
2019-01-15,5,0,206,55.98,55.98,0.0,753.057691,0.0
2019-01-15,5,0,210,0.0,0.0,0.0,0.0,0.0
2019-01-15,5,0,214,0.0,0.0,0.0,0.0,0.0
2019-01-15,5,0,217,0.0,0.0,0.0,0.0,0.0
2019-01-15,5,0,218,0.0,0.0,0.0,0.0,0.0
2019-01-15,5,0,219,0.0,0.0,0.0,0.0,0.0
2019-01-15,5,0,221,0.0,0.0,0.0,0.0,0.0
2019-01-15,5,0,225,0.0,0.0,0.0,0.0,0.0
2019-01-15,5,0,233,0.0,0.0,0.0,0.0,0.0
2019-01-15,5,0,236,4.41,4.41,0.0,64.049174,0.0
2019-01-15,5,0,237,3.26,3.26,0.0,46.489856,0.0
2019-01-15,5,0,238,0.0,0.0,0.0,0.0,0.0
2019-01-15,5,0,240,0.0,0.0,0.0,0.0,0.0
2019-01-15,5,0,245,24.43,24.43,0.0,363.484608,0.0
2019-01-15,5,0,247,25.53,25.53,0.0,379.851086,0.0
2019-01-15,5,0,248,0.33,0.33,0.0,4.706028,0.0
2019-01-15,5,0,249,46.98,46.98,0.0,698.997416,0.0
2019-01-15,5,0,251,49.76,49.76,0.0,734.045081,0.0
2019-01-15,5,0,252,60.76,60.76,0.0,898.317324,0.0
2019-01-15,5,0,254,0.0,0.0,0.0,0.0,0.0
2019-01-15,5,0,255,0.0,0.0,0.0,0.0,0.0
2019-01-15,5,0,258,0.0,0.0,0.0,0.0,0.0
2019-01-15,5,0,260,0.0,0.0,0.0,0.0,0.0
2019-01-15,5,0,265,0.0,0.0,0.0,0.0,0.0
2019-01-15,5,0,266,10.83,10.83,0.0,148.412241,0.0
2019-01-15,5,0,267,13.31,13.31,0.0,182.397685,0.0
2019-01-15,5,0,270,112.63,112.63,0.0,2212.398961,0.0
2019-01-15,5,0,272,67.08,67.08,0.0,858.112634,0.0
2019-01-15,5,0,273,0.0,0.0,0.0,0.0,0.0
2019-01-15,5,0,274,145.19,145.19,0.0,2851.977317,0.0
2019-01-15,5,0,275,202.11,202.11,0.0,3970.060855,0.0
2019-01-15,5,0,276,0.0,0.0,0.0,0.0,0.0
2019-01-15,5,0,277,0.0,0.0,0.0,0.0,0.0
2019-01-15,5,0,278,0.0,0.0,0.0,0.0,0.0
2019-01-15,5,0,279,42.29,42.29,0.0,546.804363,0.0
2019-01-15,5,0,281,1.09,1.09,0.0,14.666966,0.0
2019-01-15,5,0,282,0.0,0.0,0.0,0.0,0.0
2019-01-15,6,0,9,0.0,0.0,0.0,0.0,0.0
2019-01-15,6,0,17,0.0,0.0,0.0,0.0,0.0
2019-01-15,6,0,19,333.52,333.52,0.0,4583.395319,0.0
2019-01-15,6,0,20,404.5,404.5,0.0,5558.837271,0.0
2019-01-15,6,0,21,0.0,0.0,0.0,0.0,0.0
2019-01-15,6,0,22,0.0,0.0,0.0,0.0,0.0
2019-01-15,6,0,23,10.42,10.42,0.0,168.101327,0.0
2019-01-15,6,0,24,18.44,18.44,0.0,297.484498,0.0
2019-01-15,6,0,29,0.0,0.0,0.0,0.0,0.0
2019-01-15,6,0,30,0.0,0.0,0.0,0.0,0.0
2019-01-15,6,0,31,2.68,2.68,0.0,43.283928,0.0
2019-01-15,6,0,32,0.0,0.0,0.0,0.0,0.0
2019-01-15,6,0,33,0.0,0.0,0.0,0.0,0.0
2019-01-15,6,0,34,0.0,0.0,0.0,0.0,0.0
2019-01-15,6,0,35,0.0,0.0,0.0,0.0,0.0
2019-01-15,6,0,36,0.0,0.0,0.0,0.0,0.0
2019-01-15,6,0,37,0.0,0.0,0.0,0.0,0.0
2019-01-15,6,0,38,0.0,0.0,0.0,0.0,0.0
2019-01-15,6,0,39,0.0,0.0,0.0,0.0,0.0
2019-01-15,6,0,40,0.0,0.0,0.0,0.0,0.0
2019-01-15,6,0,41,8.45,8.45,0.0,128.640001,0.0
2019-01-15,6,0,42,0.0,0.0,0.0,0.0,0.0
2019-01-15,6,0,43,0.0,0.0,0.0,0.0,0.0
2019-01-15,6,0,46,0.0,0.0,0.0,0.0,0.0
2019-01-15,6,0,52,2.84,2.84,0.0,45.868044,0.0
2019-01-15,6,0,53,4.52,4.52,0.0,73.001252,0.0
2019-01-15,6,0,55,12.6,12.6,0.0,203.270319,0.0
2019-01-15,6,0,56,0.0,0.0,0.0,0.0,0.0
2019-01-15,6,0,57,0.0,0.0,0.0,0.0,0.0
2019-01-15,6,0,58,0.0,0.0,0.0,0.0,0.0
2019-01-15,6,0,59,0.0,0.0,0.0,0.0,0.0
2019-01-15,6,0,63,34.23,34.23,0.0,1020.339429,0.0
2019-01-15,6,0,64,40.27,40.27,0.0,1200.381794,0.0
2019-01-15,6,0,65,9.7,9.7,0.0,133.405371,0.0
2019-01-15,6,0,67,0.0,0.0,0.0,0.0,0.0
2019-01-15,6,0,68,1.64,1.64,0.0,31.853643,0.0
2019-01-15,6,0,69,0.0,0.0,0.0,0.0,0.0
2019-01-15,6,0,74,3.6,3.6,0.0,50.69821,0.0
2019-01-15,6,0,77,33.64,33.64,0.0,601.678275,0.0
2019-01-15,6,0,78,25.43,25.43,0.0,454.835866,0.0
2019-01-15,6,0,79,14.72,14.72,0.0,263.27896,0.0
2019-01-15,6,0,80,23.8,23.8,0.0,425.682014,0.0
2019-01-15,6,0,81,31.12,31.12,0.0,556.606062,0.0
2019-01-15,6,0,82,21.95,21.95,0.0,392.593286,0.0
2019-01-15,6,0,83,48.94,48.94,0.0,875.330998,0.0
2019-01-15,6,0,84,0.0,0.0,0.0,0.0,0.0
2019-01-15,6,0,86,0.0,0.0,0.0,0.0,0.0
2019-01-15,6,0,87,0.0,0.0,0.0,0.0,0.0
2019-01-15,6,0,88,31.04,31.04,0.0,555.175198,0.0
2019-01-15,6,0,89,29.84,29.84,0.0,533.712239,0.0
2019-01-15,6,0,90,40.06,40.06,0.0,716.505104,0.0
2019-01-15,6,0,91,142.92,142.92,0.0,2556.238379,0.0
2019-01-15,6,0,92,51.4,51.4,0.0,919.330064,0.0
2019-01-15,6,0,95,2.86,2.86,0.0,86.478303,0.0
2019-01-15,6,0,96,2.66,2.66,0.0,43.011383,0.0
2019-01-15,6,0,97,16.38,16.38,0.0,264.85957,0.0
2019-01-15,6,0,99,0.7,0.7,0.0,9.857985,0.0
2019-01-15,6,0,101,0.0,0.0,0.0,0.0,0.0
2019-01-15,6,0,102,3.88,3.88,0.0,75.361058,0.0
2019-01-15,6,0,103,3.37,3.37,0.0,65.455352,0.0
2019-01-15,6,0,104,0.63,0.63,0.0,12.236461,0.0
2019-01-15,6,0,106,0.0,0.0,0.0,0.0,0.0
2019-01-15,6,0,109,10.28,10.28,0.0,149.406384,0.0
2019-01-15,6,0,110,116.71,116.71,0.0,3075.202104,0.0
2019-01-15,6,0,111,0.0,0.0,0.0,0.0,0.0
2019-01-15,6,0,113,26.06,26.06,0.0,467.129903,0.0
2019-01-15,6,0,115,26.06,26.06,0.0,467.129903,0.0
2019-01-15,6,0,116,0.0,0.0,0.0,0.0,0.0
2019-01-15,6,0,117,1.03,1.03,0.0,18.462924,0.0
2019-01-15,6,0,119,40.27,40.27,0.0,1200.381794,0.0
2019-01-15,6,0,120,23.68,23.68,0.0,705.861457,0.0
2019-01-15,6,0,123,0.0,0.0,0.0,0.0,0.0
2019-01-15,6,0,125,16.69,16.69,0.0,269.25251,0.0
2019-01-15,6,0,126,0.0,0.0,0.0,0.0,0.0
2019-01-15,6,0,127,0.0,0.0,0.0,0.0,0.0
2019-01-15,6,0,128,23.9,23.9,0.0,385.568303,0.0
2019-01-15,6,0,131,4.58,4.58,0.0,86.871644,0.0
2019-01-15,6,0,132,6.73,6.73,0.0,127.652001,0.0
2019-01-15,6,0,133,14.7,14.7,0.0,201.999868,0.0
2019-01-15,6,0,134,0.0,0.0,0.0,0.0,0.0
2019-01-15,6,0,135,19.7,19.7,0.0,270.707306,0.0
2019-01-15,6,0,136,13.62,13.62,0.0,187.325601,0.0
2019-01-15,6,0,139,10.91,10.91,0.0,166.090226,0.0
2019-01-15,6,0,140,86.38,86.38,0.0,2276.034254,0.0
2019-01-15,6,0,141,37.84,37.84,0.0,799.480659,0.0
2019-01-15,6,0,142,0.0,0.0,0.0,0.0,0.0
2019-01-15,6,0,143,10.37,10.37,0.0,167.482962,0.0
2019-01-15,6,0,145,3.25,3.25,0.0,50.541372,0.0
2019-01-15,6,0,146,88.3,88.3,0.0,2326.624503,0.0
2019-01-15,6,0,152,0.0,0.0,0.0,0.0,0.0
2019-01-15,6,0,153,0.0,0.0,0.0,0.0,0.0
2019-01-15,6,0,154,0.0,0.0,0.0,0.0,0.0
2019-01-15,6,0,157,40.43,40.43,0.0,854.201983,0.0
2019-01-15,6,0,158,0.0,0.0,0.0,0.0,0.0
2019-01-15,6,0,159,0.0,0.0,0.0,0.0,0.0
2019-01-15,6,0,160,0.0,0.0,0.0,0.0,0.0
2019-01-15,6,0,161,0.0,0.0,0.0,0.0,0.0
2019-01-15,6,0,162,3.25,3.25,0.0,98.256052,0.0
2019-01-15,6,0,163,38.24,38.24,0.0,1007.589139,0.0
2019-01-15,6,0,164,0.0,0.0,0.0,0.0,0.0
2019-01-15,6,0,167,0.0,0.0,0.0,0.0,0.0
2019-01-15,6,0,168,0.0,0.0,0.0,0.0,0.0
2019-01-15,6,0,169,0.0,0.0,0.0,0.0,0.0
2019-01-15,6,0,170,0.0,0.0,0.0,0.0,0.0
2019-01-15,6,0,172,0.0,0.0,0.0,0.0,0.0
2019-01-15,6,0,173,0.0,0.0,0.0,0.0,0.0
2019-01-15,6,0,188,0.0,0.0,0.0,0.0,0.0
2019-01-15,6,0,190,0.0,0.0,0.0,0.0,0.0
2019-01-15,6,0,191,0.0,0.0,0.0,0.0,0.0
2019-01-15,6,0,192,42.56,42.56,0.0,1268.642889,0.0
2019-01-15,6,0,194,38.23,38.23,0.0,638.165456,0.0
2019-01-15,6,0,196,0.0,0.0,0.0,0.0,0.0
2019-01-15,6,0,198,0.0,0.0,0.0,0.0,0.0
2019-01-15,6,0,199,1.11,1.11,0.0,14.313126,0.0
2019-01-15,6,0,200,0.0,0.0,0.0,0.0,0.0
2019-01-15,6,0,204,68.51,68.51,0.0,999.470948,0.0
2019-01-15,6,0,205,54.37,54.37,0.0,790.196993,0.0
2019-01-15,6,0,206,48.12,48.12,0.0,778.085622,0.0
2019-01-15,6,0,210,0.0,0.0,0.0,0.0,0.0
2019-01-15,6,0,214,0.0,0.0,0.0,0.0,0.0
2019-01-15,6,0,217,0.0,0.0,0.0,0.0,0.0
2019-01-15,6,0,218,0.0,0.0,0.0,0.0,0.0
2019-01-15,6,0,219,0.0,0.0,0.0,0.0,0.0
2019-01-15,6,0,221,0.0,0.0,0.0,0.0,0.0
2019-01-15,6,0,225,0.0,0.0,0.0,0.0,0.0
2019-01-15,6,0,233,0.0,0.0,0.0,0.0,0.0
2019-01-15,6,0,236,9.46,9.46,0.0,131.337236,0.0
2019-01-15,6,0,237,8.64,8.64,0.0,121.675704,0.0
2019-01-15,6,0,238,0.0,0.0,0.0,0.0,0.0
2019-01-15,6,0,240,0.0,0.0,0.0,0.0,0.0
2019-01-15,6,0,245,32.74,32.74,0.0,448.648022,0.0
2019-01-15,6,0,247,33.87,33.87,0.0,464.132819,0.0
2019-01-15,6,0,248,0.87,0.87,0.0,12.252067,0.0
2019-01-15,6,0,249,62.96,62.96,0.0,862.763575,0.0
2019-01-15,6,0,251,46.23,46.23,0.0,636.614914,0.0
2019-01-15,6,0,252,62.6,62.6,0.0,860.946004,0.0
2019-01-15,6,0,254,0.0,0.0,0.0,0.0,0.0
2019-01-15,6,0,255,0.0,0.0,0.0,0.0,0.0
2019-01-15,6,0,258,0.0,0.0,0.0,0.0,0.0
2019-01-15,6,0,260,0.0,0.0,0.0,0.0,0.0
2019-01-15,6,0,265,0.0,0.0,0.0,0.0,0.0
2019-01-15,6,0,266,7.07,7.07,0.0,107.631338,0.0
2019-01-15,6,0,267,8.68,8.68,0.0,132.141444,0.0
2019-01-15,6,0,270,119.42,119.42,0.0,3146.608134,0.0
2019-01-15,6,0,272,91.96,91.96,0.0,1648.398537,0.0
2019-01-15,6,0,273,0.0,0.0,0.0,0.0,0.0
2019-01-15,6,0,274,153.94,153.94,0.0,4056.178664,0.0
2019-01-15,6,0,275,214.29,214.29,0.0,5646.346148,0.0
2019-01-15,6,0,276,0.0,0.0,0.0,0.0,0.0
2019-01-15,6,0,277,0.0,0.0,0.0,0.0,0.0
2019-01-15,6,0,278,0.0,0.0,0.0,0.0,0.0
2019-01-15,6,0,279,45.78,45.78,0.0,819.891639,0.0
2019-01-15,6,0,281,1.21,1.21,0.0,19.542371,0.0
2019-01-15,6,0,282,0.0,0.0,0.0,0.0,0.0
2019-01-15,7,0,9,0.0,0.0,0.0,0.0,0.0
2019-01-15,7,0,17,0.0,0.0,0.0,0.0,0.0
2019-01-15,7,0,19,433.26,433.26,0.0,5949.001426,0.0
2019-01-15,7,0,20,525.47,525.47,0.0,7215.117433,0.0
2019-01-15,7,0,21,0.0,0.0,0.0,0.0,0.0
2019-01-15,7,0,22,0.0,0.0,0.0,0.0,0.0
2019-01-15,7,0,23,10.17,10.17,0.0,177.031872,0.0
2019-01-15,7,0,24,18.0,18.0,0.0,313.330747,0.0
2019-01-15,7,0,29,0.0,0.0,0.0,0.0,0.0
2019-01-15,7,0,30,0.0,0.0,0.0,0.0,0.0
2019-01-15,7,0,31,7.5,7.5,0.0,130.742595,0.0
2019-01-15,7,0,32,0.0,0.0,0.0,0.0,0.0
2019-01-15,7,0,33,0.0,0.0,0.0,0.0,0.0
2019-01-15,7,0,34,0.0,0.0,0.0,0.0,0.0
2019-01-15,7,0,35,0.0,0.0,0.0,0.0,0.0
2019-01-15,7,0,36,0.0,0.0,0.0,0.0,0.0
2019-01-15,7,0,37,0.0,0.0,0.0,0.0,0.0
2019-01-15,7,0,38,0.0,0.0,0.0,0.0,0.0
2019-01-15,7,0,39,0.0,0.0,0.0,0.0,0.0
2019-01-15,7,0,40,0.0,0.0,0.0,0.0,0.0
2019-01-15,7,0,41,4.42,4.42,0.0,71.261277,0.0
2019-01-15,7,0,42,0.0,0.0,0.0,0.0,0.0
2019-01-15,7,0,43,0.0,0.0,0.0,0.0,0.0
2019-01-15,7,0,46,0.0,0.0,0.0,0.0,0.0
2019-01-15,7,0,52,7.95,7.95,0.0,138.587151,0.0
2019-01-15,7,0,53,12.64,12.64,0.0,220.344853,0.0
2019-01-15,7,0,55,13.34,13.34,0.0,232.212898,0.0
2019-01-15,7,0,56,0.0,0.0,0.0,0.0,0.0
2019-01-15,7,0,57,0.0,0.0,0.0,0.0,0.0
2019-01-15,7,0,58,0.0,0.0,0.0,0.0,0.0
2019-01-15,7,0,59,0.0,0.0,0.0,0.0,0.0
2019-01-15,7,0,63,37.01,37.01,0.0,1200.143889,0.0
2019-01-15,7,0,64,43.54,43.54,0.0,1411.895837,0.0
2019-01-15,7,0,65,10.14,10.14,0.0,139.456749,0.0
2019-01-15,7,0,67,0.0,0.0,0.0,0.0,0.0
2019-01-15,7,0,68,1.78,1.78,0.0,30.406593,0.0
2019-01-15,7,0,69,0.0,0.0,0.0,0.0,0.0
2019-01-15,7,0,74,7.65,7.65,0.0,110.188675,0.0
2019-01-15,7,0,77,32.34,32.34,0.0,641.081745,0.0
2019-01-15,7,0,78,24.45,24.45,0.0,484.676829,0.0
2019-01-15,7,0,79,14.15,14.15,0.0,280.498042,0.0
2019-01-15,7,0,80,22.88,22.88,0.0,453.554432,0.0
2019-01-15,7,0,81,29.92,29.92,0.0,593.109642,0.0
2019-01-15,7,0,82,21.1,21.1,0.0,418.269166,0.0
2019-01-15,7,0,83,47.06,47.06,0.0,932.879002,0.0
2019-01-15,7,0,84,0.0,0.0,0.0,0.0,0.0
2019-01-15,7,0,86,0.0,0.0,0.0,0.0,0.0
2019-01-15,7,0,87,0.0,0.0,0.0,0.0,0.0
2019-01-15,7,0,88,30.52,30.52,0.0,605.003552,0.0
2019-01-15,7,0,89,29.34,29.34,0.0,581.612195,0.0
2019-01-15,7,0,90,39.39,39.39,0.0,780.835187,0.0
2019-01-15,7,0,91,140.52,140.52,0.0,2785.553705,0.0
2019-01-15,7,0,92,50.54,50.54,0.0,1001.863679,0.0
2019-01-15,7,0,95,3.89,3.89,0.0,120.994257,0.0
2019-01-15,7,0,96,2.3,2.3,0.0,40.154687,0.0
2019-01-15,7,0,97,14.13,14.13,0.0,246.689445,0.0
2019-01-15,7,0,99,1.48,1.48,0.0,21.317548,0.0
2019-01-15,7,0,101,0.0,0.0,0.0,0.0,0.0
2019-01-15,7,0,102,4.21,4.21,0.0,71.916716,0.0
2019-01-15,7,0,103,3.66,3.66,0.0,62.521421,0.0
2019-01-15,7,0,104,0.68,0.68,0.0,11.616002,0.0
2019-01-15,7,0,106,0.0,0.0,0.0,0.0,0.0
2019-01-15,7,0,109,8.95,8.95,0.0,136.22912,0.0
2019-01-15,7,0,110,131.77,131.77,0.0,384.457322,0.0
2019-01-15,7,0,111,0.0,0.0,0.0,0.0,0.0
2019-01-15,7,0,113,14.74,14.74,0.0,310.507307,0.0
2019-01-15,7,0,115,14.74,14.74,0.0,310.507307,0.0
2019-01-15,7,0,116,0.0,0.0,0.0,0.0,0.0
2019-01-15,7,0,117,0.6,0.6,0.0,12.639375,0.0
2019-01-15,7,0,119,43.54,43.54,0.0,1411.895837,0.0
2019-01-15,7,0,120,25.6,25.6,0.0,830.145462,0.0
2019-01-15,7,0,123,0.0,0.0,0.0,0.0,0.0
2019-01-15,7,0,125,16.29,16.29,0.0,283.564326,0.0
2019-01-15,7,0,126,0.0,0.0,0.0,0.0,0.0
2019-01-15,7,0,127,0.0,0.0,0.0,0.0,0.0
2019-01-15,7,0,128,23.33,23.33,0.0,406.111462,0.0
2019-01-15,7,0,131,4.43,4.43,0.0,79.800191,0.0
2019-01-15,7,0,132,6.51,6.51,0.0,117.268453,0.0
2019-01-15,7,0,133,18.8,18.8,0.0,258.09925,0.0
2019-01-15,7,0,134,0.0,0.0,0.0,0.0,0.0
2019-01-15,7,0,135,25.18,25.18,0.0,345.68825,0.0
2019-01-15,7,0,136,14.39,14.39,0.0,197.925206,0.0
2019-01-15,7,0,139,5.71,5.71,0.0,92.059252,0.0
2019-01-15,7,0,140,97.52,97.52,0.0,284.528179,0.0
2019-01-15,7,0,141,35.23,35.23,0.0,478.96946,0.0
2019-01-15,7,0,142,0.0,0.0,0.0,0.0,0.0
2019-01-15,7,0,143,6.2,6.2,0.0,108.080545,0.0
2019-01-15,7,0,145,2.71,2.71,0.0,45.018471,0.0
2019-01-15,7,0,146,101.98,101.98,0.0,297.54085,0.0
2019-01-15,7,0,152,0.0,0.0,0.0,0.0,0.0
2019-01-15,7,0,153,0.0,0.0,0.0,0.0,0.0
2019-01-15,7,0,154,0.0,0.0,0.0,0.0,0.0
2019-01-15,7,0,157,47.11,47.11,0.0,640.483999,0.0
2019-01-15,7,0,158,0.0,0.0,0.0,0.0,0.0
2019-01-15,7,0,159,0.0,0.0,0.0,0.0,0.0
2019-01-15,7,0,160,0.0,0.0,0.0,0.0,0.0
2019-01-15,7,0,161,0.0,0.0,0.0,0.0,0.0
2019-01-15,7,0,162,4.0,4.0,0.0,124.45838,0.0
2019-01-15,7,0,163,41.11,41.11,0.0,119.944149,0.0
2019-01-15,7,0,164,0.0,0.0,0.0,0.0,0.0
2019-01-15,7,0,167,0.0,0.0,0.0,0.0,0.0
2019-01-15,7,0,168,0.0,0.0,0.0,0.0,0.0
2019-01-15,7,0,169,0.0,0.0,0.0,0.0,0.0
2019-01-15,7,0,170,0.0,0.0,0.0,0.0,0.0
2019-01-15,7,0,172,0.0,0.0,0.0,0.0,0.0
2019-01-15,7,0,173,0.0,0.0,0.0,0.0,0.0
2019-01-15,7,0,188,0.0,0.0,0.0,0.0,0.0
2019-01-15,7,0,190,0.0,0.0,0.0,0.0,0.0
2019-01-15,7,0,191,0.0,0.0,0.0,0.0,0.0
2019-01-15,7,0,192,46.33,46.33,0.0,1502.368721,0.0
2019-01-15,7,0,194,39.1,39.1,0.0,970.473892,0.0
2019-01-15,7,0,196,0.0,0.0,0.0,0.0,0.0
2019-01-15,7,0,198,0.0,0.0,0.0,0.0,0.0
2019-01-15,7,0,199,0.83,0.83,0.0,15.01779,0.0
2019-01-15,7,0,200,0.0,0.0,0.0,0.0,0.0
2019-01-15,7,0,204,64.09,64.09,0.0,981.233901,0.0
2019-01-15,7,0,205,47.36,47.36,0.0,720.872753,0.0
2019-01-15,7,0,206,41.51,41.51,0.0,724.704803,0.0
2019-01-15,7,0,210,0.0,0.0,0.0,0.0,0.0
2019-01-15,7,0,214,0.0,0.0,0.0,0.0,0.0
2019-01-15,7,0,217,0.0,0.0,0.0,0.0,0.0
2019-01-15,7,0,218,0.0,0.0,0.0,0.0,0.0
2019-01-15,7,0,219,0.0,0.0,0.0,0.0,0.0
2019-01-15,7,0,221,0.0,0.0,0.0,0.0,0.0
2019-01-15,7,0,225,0.0,0.0,0.0,0.0,0.0
2019-01-15,7,0,233,0.0,0.0,0.0,0.0,0.0
2019-01-15,7,0,236,17.44,17.44,0.0,244.737884,0.0
2019-01-15,7,0,237,18.35,18.35,0.0,264.308782,0.0
2019-01-15,7,0,238,0.0,0.0,0.0,0.0,0.0
2019-01-15,7,0,240,0.0,0.0,0.0,0.0,0.0
2019-01-15,7,0,245,42.6,42.6,0.0,581.431568,0.0
2019-01-15,7,0,247,44.1,44.1,0.0,601.90451,0.0
2019-01-15,7,0,248,1.84,1.84,0.0,26.502897,0.0
2019-01-15,7,0,249,81.92,81.92,0.0,1118.095635,0.0
2019-01-15,7,0,251,43.96,43.96,0.0,606.200216,0.0
2019-01-15,7,0,252,65.42,65.42,0.0,899.729834,0.0
2019-01-15,7,0,254,0.0,0.0,0.0,0.0,0.0
2019-01-15,7,0,255,0.0,0.0,0.0,0.0,0.0
2019-01-15,7,0,258,0.0,0.0,0.0,0.0,0.0
2019-01-15,7,0,260,0.0,0.0,0.0,0.0,0.0
2019-01-15,7,0,265,0.0,0.0,0.0,0.0,0.0
2019-01-15,7,0,266,3.69,3.69,0.0,59.491881,0.0
2019-01-15,7,0,267,4.54,4.54,0.0,73.195972,0.0
2019-01-15,7,0,270,128.38,128.38,0.0,374.566525,0.0
2019-01-15,7,0,272,52.46,52.46,0.0,1105.102669,0.0
2019-01-15,7,0,273,0.0,0.0,0.0,0.0,0.0
2019-01-15,7,0,274,165.5,165.5,0.0,482.869294,0.0
2019-01-15,7,0,275,230.38,230.38,0.0,672.165728,0.0
2019-01-15,7,0,276,0.0,0.0,0.0,0.0,0.0
2019-01-15,7,0,277,0.0,0.0,0.0,0.0,0.0
2019-01-15,7,0,278,0.0,0.0,0.0,0.0,0.0
2019-01-15,7,0,279,49.51,49.51,0.0,1018.297411,0.0
2019-01-15,7,0,281,3.36,3.36,0.0,58.572683,0.0
2019-01-15,7,0,282,0.0,0.0,0.0,0.0,0.0
2019-01-15,8,0,9,0.0,0.0,0.0,0.0,0.0
2019-01-15,8,0,17,0.0,0.0,0.0,0.0,0.0
2019-01-15,8,0,19,369.0,369.0,0.0,5069.991974,0.0
2019-01-15,8,0,20,459.25,459.25,0.0,6310.010337,0.0
2019-01-15,8,0,21,0.0,0.0,0.0,0.0,0.0
2019-01-15,8,0,22,0.0,0.0,0.0,0.0,0.0
2019-01-15,8,0,23,10.91,10.91,0.0,179.565525,0.0
2019-01-15,8,0,24,19.3,19.3,0.0,317.654871,0.0
2019-01-15,8,0,29,0.0,0.0,0.0,0.0,0.0
2019-01-15,8,0,30,0.0,0.0,0.0,0.0,0.0
2019-01-15,8,0,31,3.07,3.07,0.0,50.590157,0.0
2019-01-15,8,0,32,0.0,0.0,0.0,0.0,0.0
2019-01-15,8,0,33,0.0,0.0,0.0,0.0,0.0
2019-01-15,8,0,34,0.0,0.0,0.0,0.0,0.0
2019-01-15,8,0,35,0.0,0.0,0.0,0.0,0.0
2019-01-15,8,0,36,0.0,0.0,0.0,0.0,0.0
2019-01-15,8,0,37,0.0,0.0,0.0,0.0,0.0
2019-01-15,8,0,38,0.0,0.0,0.0,0.0,0.0
2019-01-15,8,0,39,0.0,0.0,0.0,0.0,0.0
2019-01-15,8,0,40,0.0,0.0,0.0,0.0,0.0
2019-01-15,8,0,41,1.96,1.96,0.0,30.277637,0.0
2019-01-15,8,0,42,0.0,0.0,0.0,0.0,0.0
2019-01-15,8,0,43,0.0,0.0,0.0,0.0,0.0
2019-01-15,8,0,46,0.0,0.0,0.0,0.0,0.0
2019-01-15,8,0,52,3.25,3.25,0.0,53.556355,0.0
2019-01-15,8,0,53,5.17,5.17,0.0,85.195802,0.0
2019-01-15,8,0,55,11.74,11.74,0.0,193.226331,0.0
2019-01-15,8,0,56,0.0,0.0,0.0,0.0,0.0
2019-01-15,8,0,57,0.0,0.0,0.0,0.0,0.0
2019-01-15,8,0,58,0.0,0.0,0.0,0.0,0.0
2019-01-15,8,0,59,0.0,0.0,0.0,0.0,0.0
2019-01-15,8,0,63,22.58,22.58,0.0,673.072285,0.0
2019-01-15,8,0,64,26.54,26.54,0.0,791.113305,0.0
2019-01-15,8,0,65,11.55,11.55,0.0,158.848664,0.0
2019-01-15,8,0,67,0.0,0.0,0.0,0.0,0.0
2019-01-15,8,0,68,2.07,2.07,0.0,32.783674,0.0
2019-01-15,8,0,69,0.0,0.0,0.0,0.0,0.0
2019-01-15,8,0,74,5.42,5.42,0.0,76.732385,0.0
2019-01-15,8,0,77,28.72,28.72,0.0,528.344585,0.0
2019-01-15,8,0,78,21.69,21.69,0.0,399.017899,0.0
2019-01-15,8,0,79,12.51,12.51,0.0,230.138954,0.0
2019-01-15,8,0,80,20.29,20.29,0.0,373.26294,0.0
2019-01-15,8,0,81,26.56,26.56,0.0,488.608363,0.0
2019-01-15,8,0,82,18.7,18.7,0.0,344.012665,0.0
2019-01-15,8,0,83,41.84,41.84,0.0,769.705343,0.0
2019-01-15,8,0,84,0.0,0.0,0.0,0.0,0.0
2019-01-15,8,0,86,0.0,0.0,0.0,0.0,0.0
2019-01-15,8,0,87,0.0,0.0,0.0,0.0,0.0
2019-01-15,8,0,88,25.91,25.91,0.0,476.650704,0.0
2019-01-15,8,0,89,25.0,25.0,0.0,459.90998,0.0
2019-01-15,8,0,90,32.63,32.63,0.0,600.274506,0.0
2019-01-15,8,0,91,102.28,102.28,0.0,1881.583712,0.0
2019-01-15,8,0,92,40.93,40.93,0.0,752.96462,0.0
2019-01-15,8,0,95,2.7,2.7,0.0,77.091419,0.0
2019-01-15,8,0,96,2.72,2.72,0.0,44.879622,0.0
2019-01-15,8,0,97,16.73,16.73,0.0,276.042673,0.0
2019-01-15,8,0,99,1.05,1.05,0.0,14.86513,0.0
2019-01-15,8,0,101,0.0,0.0,0.0,0.0,0.0
2019-01-15,8,0,102,4.89,4.89,0.0,77.44549,0.0
2019-01-15,8,0,103,4.26,4.26,0.0,67.46785,0.0
2019-01-15,8,0,104,0.79,0.79,0.0,12.511644,0.0
2019-01-15,8,0,106,0.0,0.0,0.0,0.0,0.0
2019-01-15,8,0,109,10.51,10.51,0.0,154.447173,0.0
2019-01-15,8,0,110,140.43,140.43,0.0,381.582052,0.0
2019-01-15,8,0,111,0.0,0.0,0.0,0.0,0.0
2019-01-15,8,0,113,28.95,28.95,0.0,563.977195,0.0
2019-01-15,8,0,115,28.95,28.95,0.0,563.977195,0.0
2019-01-15,8,0,116,0.0,0.0,0.0,0.0,0.0
2019-01-15,8,0,117,1.5,1.5,0.0,29.221616,0.0
2019-01-15,8,0,119,26.54,26.54,0.0,791.113305,0.0
2019-01-15,8,0,120,15.66,15.66,0.0,466.798582,0.0
2019-01-15,8,0,123,0.0,0.0,0.0,0.0,0.0
2019-01-15,8,0,125,17.47,17.47,0.0,287.535264,0.0
2019-01-15,8,0,126,0.0,0.0,0.0,0.0,0.0
2019-01-15,8,0,127,0.0,0.0,0.0,0.0,0.0
2019-01-15,8,0,128,25.02,25.02,0.0,411.799216,0.0
2019-01-15,8,0,131,5.67,5.67,0.0,94.689516,0.0
2019-01-15,8,0,132,8.34,8.34,0.0,139.278759,0.0
2019-01-15,8,0,133,18.02,18.02,0.0,247.568872,0.0
2019-01-15,8,0,134,0.0,0.0,0.0,0.0,0.0
2019-01-15,8,0,135,24.15,24.15,0.0,331.786251,0.0
2019-01-15,8,0,136,14.68,14.68,0.0,201.906695,0.0
2019-01-15,8,0,139,2.54,2.54,0.0,39.237345,0.0
2019-01-15,8,0,140,103.93,103.93,0.0,282.402782,0.0
2019-01-15,8,0,141,50.96,50.96,0.0,642.491992,0.0
2019-01-15,8,0,142,0.0,0.0,0.0,0.0,0.0
2019-01-15,8,0,143,2.87,2.87,0.0,47.294381,0.0
2019-01-15,8,0,145,2.38,2.38,0.0,37.645592,0.0
2019-01-15,8,0,146,121.45,121.45,0.0,330.008832,0.0
2019-01-15,8,0,152,0.0,0.0,0.0,0.0,0.0
2019-01-15,8,0,153,0.0,0.0,0.0,0.0,0.0
2019-01-15,8,0,154,0.0,0.0,0.0,0.0,0.0
2019-01-15,8,0,157,46.44,46.44,0.0,585.504869,0.0
2019-01-15,8,0,158,0.0,0.0,0.0,0.0,0.0
2019-01-15,8,0,159,0.0,0.0,0.0,0.0,0.0
2019-01-15,8,0,160,0.0,0.0,0.0,0.0,0.0
2019-01-15,8,0,161,0.0,0.0,0.0,0.0,0.0
2019-01-15,8,0,162,3.19,3.19,0.0,91.115589,0.0
2019-01-15,8,0,163,49.68,49.68,0.0,134.992497,0.0
2019-01-15,8,0,164,0.0,0.0,0.0,0.0,0.0
2019-01-15,8,0,167,0.0,0.0,0.0,0.0,0.0
2019-01-15,8,0,168,0.0,0.0,0.0,0.0,0.0
2019-01-15,8,0,169,0.0,0.0,0.0,0.0,0.0
2019-01-15,8,0,170,0.0,0.0,0.0,0.0,0.0
2019-01-15,8,0,172,0.0,0.0,0.0,0.0,0.0
2019-01-15,8,0,173,0.0,0.0,0.0,0.0,0.0
2019-01-15,8,0,188,0.0,0.0,0.0,0.0,0.0
2019-01-15,8,0,190,0.0,0.0,0.0,0.0,0.0
2019-01-15,8,0,191,0.0,0.0,0.0,0.0,0.0
2019-01-15,8,0,192,39.28,39.28,0.0,1170.871539,0.0
2019-01-15,8,0,194,42.19,42.19,0.0,966.032279,0.0
2019-01-15,8,0,196,0.0,0.0,0.0,0.0,0.0
2019-01-15,8,0,198,0.0,0.0,0.0,0.0,0.0
2019-01-15,8,0,199,0.79,0.79,0.0,13.489091,0.0
2019-01-15,8,0,200,0.0,0.0,0.0,0.0,0.0
2019-01-15,8,0,204,65.72,65.72,0.0,969.944147,0.0
2019-01-15,8,0,205,55.6,55.6,0.0,817.056405,0.0
2019-01-15,8,0,206,49.16,49.16,0.0,811.133163,0.0
2019-01-15,8,0,210,0.0,0.0,0.0,0.0,0.0
2019-01-15,8,0,214,0.0,0.0,0.0,0.0,0.0
2019-01-15,8,0,217,0.0,0.0,0.0,0.0,0.0
2019-01-15,8,0,218,0.0,0.0,0.0,0.0,0.0
2019-01-15,8,0,219,0.0,0.0,0.0,0.0,0.0
2019-01-15,8,0,221,0.0,0.0,0.0,0.0,0.0
2019-01-15,8,0,225,0.0,0.0,0.0,0.0,0.0
2019-01-15,8,0,233,0.0,0.0,0.0,0.0,0.0
2019-01-15,8,0,236,11.51,11.51,0.0,160.190179,0.0
2019-01-15,8,0,237,13.01,13.01,0.0,184.186038,0.0
2019-01-15,8,0,238,0.0,0.0,0.0,0.0,0.0
2019-01-15,8,0,240,0.0,0.0,0.0,0.0,0.0
2019-01-15,8,0,245,41.43,41.43,0.0,567.211956,0.0
2019-01-15,8,0,247,48.28,48.28,0.0,660.994285,0.0
2019-01-15,8,0,248,1.31,1.31,0.0,18.546019,0.0
2019-01-15,8,0,249,79.68,79.68,0.0,1090.887006,0.0
2019-01-15,8,0,251,60.07,60.07,0.0,827.463815,0.0
2019-01-15,8,0,252,74.53,74.53,0.0,1025.020858,0.0
2019-01-15,8,0,254,0.0,0.0,0.0,0.0,0.0
2019-01-15,8,0,255,0.0,0.0,0.0,0.0,0.0
2019-01-15,8,0,258,0.0,0.0,0.0,0.0,0.0
2019-01-15,8,0,260,0.0,0.0,0.0,0.0,0.0
2019-01-15,8,0,265,0.0,0.0,0.0,0.0,0.0
2019-01-15,8,0,266,1.64,1.64,0.0,25.334349,0.0
2019-01-15,8,0,267,2.02,2.02,0.0,31.204503,0.0
2019-01-15,8,0,270,155.16,155.16,0.0,421.607001,0.0
2019-01-15,8,0,272,100.23,100.23,0.0,1952.588404,0.0
2019-01-15,8,0,273,0.0,0.0,0.0,0.0,0.0
2019-01-15,8,0,274,200.02,200.02,0.0,543.5024,0.0
2019-01-15,8,0,275,278.44,278.44,0.0,756.588383,0.0
2019-01-15,8,0,276,0.0,0.0,0.0,0.0,0.0
2019-01-15,8,0,277,0.0,0.0,0.0,0.0,0.0
2019-01-15,8,0,278,0.0,0.0,0.0,0.0,0.0
2019-01-15,8,0,279,55.98,55.98,0.0,1066.206976,0.0
2019-01-15,8,0,281,1.38,1.38,0.0,22.740852,0.0
2019-01-15,8,0,282,0.0,0.0,0.0,0.0,0.0
2019-01-15,9,0,9,0.13,0.13,0.0,2.226437,0.0
2019-01-15,9,0,17,2.69,2.69,0.0,42.546923,0.0
2019-01-15,9,0,19,263.68,263.68,0.0,4170.547489,0.0
2019-01-15,9,0,20,327.42,327.42,0.0,5178.703955,0.0
2019-01-15,9,0,21,3.0,3.0,0.0,51.379323,0.0
2019-01-15,9,0,22,10.65,10.65,0.0,182.396596,0.0
2019-01-15,9,0,23,14.94,14.94,0.0,255.869027,0.0
2019-01-15,9,0,24,26.44,26.44,0.0,452.823098,0.0
2019-01-15,9,0,29,0.87,0.87,0.0,7.825051,0.0
2019-01-15,9,0,30,20.72,20.72,0.0,355.128087,0.0
2019-01-15,9,0,31,4.25,4.25,0.0,72.842392,0.0
2019-01-15,9,0,32,0.58,0.58,0.0,16.494257,0.0
2019-01-15,9,0,33,0.17,0.17,0.0,2.690805,0.0
2019-01-15,9,0,34,0.27,0.27,0.0,4.273632,0.0
2019-01-15,9,0,35,0.27,0.27,0.0,4.273632,0.0
2019-01-15,9,0,36,0.83,0.83,0.0,12.872984,0.0
2019-01-15,9,0,37,0.38,0.38,0.0,5.875828,0.0
2019-01-15,9,0,38,0.49,0.49,0.0,7.576725,0.0
2019-01-15,9,0,39,0.33,0.33,0.0,5.102693,0.0
2019-01-15,9,0,40,0.33,0.33,0.0,5.102693,0.0
2019-01-15,9,0,41,2.81,2.81,0.0,46.390223,0.0
2019-01-15,9,0,42,3.03,3.03,0.0,47.917006,0.0
2019-01-15,9,0,43,2.47,2.47,0.0,37.528289,0.0
2019-01-15,9,0,46,2.43,2.43,0.0,37.805774,0.0
2019-01-15,9,0,52,4.51,4.51,0.0,77.298633,0.0
2019-01-15,9,0,53,7.2,7.2,0.0,123.403582,0.0
2019-01-15,9,0,55,12.5,12.5,0.0,214.080511,0.0
2019-01-15,9,0,56,6.11,6.11,0.0,104.721651,0.0
2019-01-15,9,0,57,5.81,5.81,0.0,99.579835,0.0
2019-01-15,9,0,58,11.18,11.18,0.0,191.61834,0.0
2019-01-15,9,0,59,11.0,11.0,0.0,188.533251,0.0
2019-01-15,9,0,63,13.37,13.37,0.0,398.537487,0.0
2019-01-15,9,0,64,15.73,15.73,0.0,468.885166,0.0
2019-01-15,9,0,65,13.18,13.18,0.0,208.45797,0.0
2019-01-15,9,0,67,10.03,10.03,0.0,124.382292,0.0
2019-01-15,9,0,68,4.75,4.75,0.0,74.629745,0.0
2019-01-15,9,0,69,0.17,0.17,0.0,2.690805,0.0
2019-01-15,9,0,74,3.64,3.64,0.0,57.678397,0.0
2019-01-15,9,0,77,15.3,15.3,0.0,281.264596,0.0
2019-01-15,9,0,78,11.57,11.57,0.0,212.694861,0.0
2019-01-15,9,0,79,6.7,6.7,0.0,123.168156,0.0
2019-01-15,9,0,80,10.83,10.83,0.0,199.091214,0.0
2019-01-15,9,0,81,14.16,14.16,0.0,260.307626,0.0
2019-01-15,9,0,82,9.99,9.99,0.0,183.649236,0.0
2019-01-15,9,0,83,22.27,22.27,0.0,409.396245,0.0
2019-01-15,9,0,84,0.0,0.0,0.0,0.0,0.0
2019-01-15,9,0,86,0.85,0.85,0.0,13.454025,0.0
2019-01-15,9,0,87,4.34,4.34,0.0,68.69467,0.0
2019-01-15,9,0,88,41.35,41.35,0.0,760.14974,0.0
2019-01-15,9,0,89,39.5,39.5,0.0,726.140622,0.0
2019-01-15,9,0,90,55.45,55.45,0.0,1019.354367,0.0
2019-01-15,9,0,91,208.34,208.34,0.0,3829.978159,0.0
2019-01-15,9,0,92,73.3,73.3,0.0,1347.496396,0.0
2019-01-15,9,0,95,1.8,1.8,0.0,51.383935,0.0
2019-01-15,9,0,96,3.61,3.61,0.0,61.922026,0.0
2019-01-15,9,0,97,22.23,22.23,0.0,381.309318,0.0
2019-01-15,9,0,99,0.7,0.7,0.0,11.092,0.0
2019-01-15,9,0,101,0.42,0.42,0.0,7.198542,0.0
2019-01-15,9,0,102,11.24,11.24,0.0,176.597544,0.0
2019-01-15,9,0,103,9.77,9.77,0.0,153.501602,0.0
2019-01-15,9,0,104,1.82,1.82,0.0,28.594976,0.0
2019-01-15,9,0,106,10.48,10.48,0.0,179.485101,0.0
2019-01-15,9,0,109,12.74,12.74,0.0,203.358915,0.0
2019-01-15,9,0,110,149.92,149.92,0.0,339.302705,0.0
2019-01-15,9,0,111,1.5,1.5,0.0,24.763464,0.0
2019-01-15,9,0,113,19.13,19.13,0.0,369.867064,0.0
2019-01-15,9,0,115,19.13,19.13,0.0,369.867064,0.0
2019-01-15,9,0,116,7.03,7.03,0.0,15.910472,0.0
2019-01-15,9,0,117,1.3,1.3,0.0,25.134719,0.0
2019-01-15,9,0,119,15.73,15.73,0.0,468.885166,0.0
2019-01-15,9,0,120,9.25,9.25,0.0,275.727132,0.0
2019-01-15,9,0,123,0.17,0.17,0.0,2.911495,0.0
2019-01-15,9,0,125,23.92,23.92,0.0,409.664467,0.0
2019-01-15,9,0,126,7.86,7.86,0.0,134.613826,0.0
2019-01-15,9,0,127,10.09,10.09,0.0,172.805789,0.0
2019-01-15,9,0,128,34.26,34.26,0.0,586.751866,0.0
2019-01-15,9,0,131,7.69,7.69,0.0,127.620607,0.0
2019-01-15,9,0,132,11.31,11.31,0.0,187.696888,0.0
2019-01-15,9,0,133,17.33,17.33,0.0,274.104174,0.0
2019-01-15,9,0,134,0.0,0.0,0.0,0.0,0.0
2019-01-15,9,0,135,23.21,23.21,0.0,367.106628,0.0
2019-01-15,9,0,136,15.23,15.23,0.0,240.880861,0.0
2019-01-15,9,0,139,3.62,3.62,0.0,59.762494,0.0
2019-01-15,9,0,140,110.96,110.96,0.0,251.127455,0.0
2019-01-15,9,0,141,74.63,74.63,0.0,925.488581,0.0
2019-01-15,9,0,142,13.23,13.23,0.0,164.065576,0.0
2019-01-15,9,0,143,6.54,6.54,0.0,112.091587,0.0
2019-01-15,9,0,145,2.36,2.36,0.0,39.420282,0.0
2019-01-15,9,0,146,148.11,148.11,0.0,335.206267,0.0
2019-01-15,9,0,152,0.59,0.59,0.0,9.308627,0.0
2019-01-15,9,0,153,0.72,0.72,0.0,11.35802,0.0
2019-01-15,9,0,154,6.19,6.19,0.0,102.190563,0.0
2019-01-15,9,0,157,47.78,47.78,0.0,592.521029,0.0
2019-01-15,9,0,158,0.0,0.0,0.0,0.0,0.0
2019-01-15,9,0,159,0.0,0.0,0.0,0.0,0.0
2019-01-15,9,0,160,0.2,0.2,0.0,2.896739,0.0
2019-01-15,9,0,161,2.94,2.94,0.0,46.191884,0.0
2019-01-15,9,0,162,2.51,2.51,0.0,71.677975,0.0
2019-01-15,9,0,163,61.02,61.02,0.0,138.101995,0.0
2019-01-15,9,0,164,0.49,0.49,0.0,8.398299,0.0
2019-01-15,9,0,167,0.71,0.71,0.0,20.237801,0.0
2019-01-15,9,0,168,0.35,0.35,0.0,9.976381,0.0
2019-01-15,9,0,169,0.0,0.0,0.0,0.0,0.0
2019-01-15,9,0,170,0.77,0.77,0.0,21.948038,0.0
2019-01-15,9,0,172,0.93,0.93,0.0,27.017473,0.0
2019-01-15,9,0,173,1.42,1.42,0.0,41.252486,0.0
2019-01-15,9,0,188,1.17,1.17,0.0,33.129933,0.0
2019-01-15,9,0,190,0.66,0.66,0.0,19.673503,0.0
2019-01-15,9,0,191,1.72,1.72,0.0,51.270342,0.0
2019-01-15,9,0,192,33.33,33.33,0.0,993.511924,0.0
2019-01-15,9,0,194,35.84,35.84,0.0,813.06536,0.0
2019-01-15,9,0,196,0.47,0.47,0.0,15.60193,0.0
2019-01-15,9,0,198,0.94,0.94,0.0,12.132379,0.0
2019-01-15,9,0,199,0.78,0.78,0.0,11.371844,0.0
2019-01-15,9,0,200,2.24,2.24,0.0,32.657602,0.0
2019-01-15,9,0,204,40.71,40.71,0.0,650.855214,0.0
2019-01-15,9,0,205,71.75,71.75,0.0,1145.290591,0.0
2019-01-15,9,0,206,65.31,65.31,0.0,1120.256929,0.0
2019-01-15,9,0,210,0.35,0.35,0.0,3.225136,0.0
2019-01-15,9,0,214,0.99,0.99,0.0,15.67828,0.0
2019-01-15,9,0,217,0.8,0.8,0.0,10.326448,0.0
2019-01-15,9,0,218,1.11,1.11,0.0,14.327946,0.0
2019-01-15,9,0,219,0.76,0.76,0.0,9.810125,0.0
2019-01-15,9,0,221,0.53,0.53,0.0,8.393423,0.0
2019-01-15,9,0,225,0.71,0.71,0.0,6.370851,0.0
2019-01-15,9,0,233,0.48,0.48,0.0,7.597567,0.0
2019-01-15,9,0,236,7.54,7.54,0.0,119.160394,0.0
2019-01-15,9,0,237,8.73,8.73,0.0,138.33308,0.0
2019-01-15,9,0,238,3.94,3.94,0.0,62.307922,0.0
2019-01-15,9,0,240,0.94,0.94,0.0,14.579042,0.0
2019-01-15,9,0,245,40.6,40.6,0.0,642.22755,0.0
2019-01-15,9,0,247,53.97,53.97,0.0,853.719726,0.0
2019-01-15,9,0,248,0.88,0.88,0.0,13.944228,0.0
2019-01-15,9,0,249,78.07,78.07,0.0,1234.943468,0.0
2019-01-15,9,0,251,80.16,80.16,0.0,1267.768066,0.0
2019-01-15,9,0,252,85.03,85.03,0.0,1344.854415,0.0
2019-01-15,9,0,254,1.22,1.22,0.0,18.318896,0.0
2019-01-15,9,0,255,0.56,0.56,0.0,8.408674,0.0
2019-01-15,9,0,258,1.15,1.15,0.0,17.777374,0.0
2019-01-15,9,0,260,0.48,0.48,0.0,6.952173,0.0
2019-01-15,9,0,265,6.41,6.41,0.0,105.822538,0.0
2019-01-15,9,0,266,2.35,2.35,0.0,38.796094,0.0
2019-01-15,9,0,267,2.88,2.88,0.0,47.545852,0.0
2019-01-15,9,0,270,190.58,190.58,0.0,431.325437,0.0
2019-01-15,9,0,272,63.82,63.82,0.0,1233.921382,0.0
2019-01-15,9,0,273,1.68,1.68,0.0,3.802218,0.0
2019-01-15,9,0,274,245.68,245.68,0.0,556.029139,0.0
2019-01-15,9,0,275,341.99,341.99,0.0,774.000347,0.0
2019-01-15,9,0,276,0.4,0.4,0.0,1.810713,0.0
2019-01-15,9,0,277,0.53,0.53,0.0,10.045138,0.0
2019-01-15,9,0,278,0.85,0.85,0.0,16.110128,0.0
2019-01-15,9,0,279,66.71,66.71,0.0,1264.360713,0.0
2019-01-15,9,0,281,1.89,1.89,0.0,32.39344,0.0
2019-01-15,9,0,282,11.37,11.37,0.0,194.874824,0.0
2019-01-15,10,0,9,1.06,1.06,0.0,13.148879,0.0
2019-01-15,10,0,17,7.42,7.42,0.0,89.394989,0.0
2019-01-15,10,0,19,177.68,177.68,0.0,2140.660599,0.0
2019-01-15,10,0,20,220.16,220.16,0.0,2652.452935,0.0
2019-01-15,10,0,21,24.25,24.25,0.0,300.811612,0.0
2019-01-15,10,0,22,86.17,86.17,0.0,1068.904603,0.0
2019-01-15,10,0,23,23.24,23.24,0.0,288.282964,0.0
2019-01-15,10,0,24,41.11,41.11,0.0,509.953211,0.0
2019-01-15,10,0,29,1.72,1.72,0.0,20.501366,0.0
2019-01-15,10,0,30,195.89,195.89,0.0,2430.380774,0.0
2019-01-15,10,0,31,9.72,9.72,0.0,120.594727,0.0
2019-01-15,10,0,32,2.2,2.2,0.0,60.298821,0.0
2019-01-15,10,0,33,0.46,0.46,0.0,5.513121,0.0
2019-01-15,10,0,34,0.74,0.74,0.0,8.868934,0.0
2019-01-15,10,0,35,0.74,0.74,0.0,8.868934,0.0
2019-01-15,10,0,36,3.14,3.14,0.0,38.129304,0.0
2019-01-15,10,0,37,1.42,1.42,0.0,17.24456,0.0
2019-01-15,10,0,38,1.83,1.83,0.0,22.223623,0.0
2019-01-15,10,0,39,1.22,1.22,0.0,14.815749,0.0
2019-01-15,10,0,40,1.22,1.22,0.0,14.815749,0.0
2019-01-15,10,0,41,4.58,4.58,0.0,56.273371,0.0
2019-01-15,10,0,42,7.46,7.46,0.0,89.978447,0.0
2019-01-15,10,0,43,9.18,9.18,0.0,111.314483,0.0
2019-01-15,10,0,46,8.92,8.92,0.0,108.538781,0.0
2019-01-15,10,0,52,10.31,10.31,0.0,127.914778,0.0
2019-01-15,10,0,53,16.44,16.44,0.0,203.96886,0.0
2019-01-15,10,0,55,15.66,15.66,0.0,194.256076,0.0
2019-01-15,10,0,56,57.78,57.78,0.0,716.868657,0.0
2019-01-15,10,0,57,54.96,54.96,0.0,681.881297,0.0
2019-01-15,10,0,58,105.69,105.69,0.0,1311.281556,0.0
2019-01-15,10,0,59,103.93,103.93,0.0,1289.445474,0.0
2019-01-15,10,0,63,15.23,15.23,0.0,414.090298,0.0
2019-01-15,10,0,64,17.91,17.91,0.0,486.957139,0.0
2019-01-15,10,0,65,15.02,15.02,0.0,180.996569,0.0
2019-01-15,10,0,67,110.59,110.59,0.0,1824.897974,0.0
2019-01-15,10,0,68,10.66,10.66,0.0,153.424113,0.0
2019-01-15,10,0,69,0.46,0.46,0.0,5.513121,0.0
2019-01-15,10,0,74,3.8,3.8,0.0,46.064213,0.0
2019-01-15,10,0,77,20.94,20.94,0.0,264.306539,0.0
2019-01-15,10,0,78,15.83,15.83,0.0,199.807665,0.0
2019-01-15,10,0,79,9.16,9.16,0.0,115.618333,0.0
2019-01-15,10,0,80,14.81,14.81,0.0,186.933135,0.0
2019-01-15,10,0,81,19.37,19.37,0.0,244.489859,0.0
2019-01-15,10,0,82,13.66,13.66,0.0,172.417732,0.0
2019-01-15,10,0,83,30.46,30.46,0.0,384.468824,0.0
2019-01-15,10,0,84,0.0,0.0,0.0,0.0,0.0
2019-01-15,10,0,86,2.35,2.35,0.0,28.16486,0.0
2019-01-15,10,0,87,11.99,11.99,0.0,143.700709,0.0
2019-01-15,10,0,88,36.16,36.16,0.0,456.41473,0.0
2019-01-15,10,0,89,34.6,34.6,0.0,436.724271,0.0
2019-01-15,10,0,90,48.04,48.04,0.0,606.365144,0.0
2019-01-15,10,0,91,177.98,177.98,0.0,2246.479357,0.0
2019-01-15,10,0,92,63.06,63.06,0.0,795.948917,0.0
2019-01-15,10,0,95,2.75,2.75,0.0,75.222539,0.0
2019-01-15,10,0,96,5.1,5.1,0.0,63.28707,0.0
2019-01-15,10,0,97,31.34,31.34,0.0,388.905248,0.0
2019-01-15,10,0,99,0.78,0.78,0.0,9.455286,0.0
2019-01-15,10,0,101,3.95,3.95,0.0,49.007117,0.0
2019-01-15,10,0,102,25.24,25.24,0.0,363.26685,0.0
2019-01-15,10,0,103,21.94,21.94,0.0,315.77158,0.0
2019-01-15,10,0,104,4.08,4.08,0.0,58.721424,0.0
2019-01-15,10,0,106,84.83,84.83,0.0,1052.282435,0.0
2019-01-15,10,0,109,16.04,16.04,0.0,195.831596,0.0
2019-01-15,10,0,110,161.98,161.98,0.0,3719.028982,0.0
2019-01-15,10,0,111,5.97,5.97,0.0,73.35197,0.0
2019-01-15,10,0,113,39.77,39.77,0.0,486.81095,0.0
2019-01-15,10,0,115,39.77,39.77,0.0,486.81095,0.0
2019-01-15,10,0,116,43.87,43.87,0.0,1007.246583,0.0
2019-01-15,10,0,117,2.65,2.65,0.0,32.437742,0.0
2019-01-15,10,0,119,17.91,17.91,0.0,486.957139,0.0
2019-01-15,10,0,120,10.53,10.53,0.0,286.301434,0.0
2019-01-15,10,0,123,1.41,1.41,0.0,17.49049,0.0
2019-01-15,10,0,125,37.2,37.2,0.0,461.451215,0.0
2019-01-15,10,0,126,63.62,63.62,0.0,789.180815,0.0
2019-01-15,10,0,127,81.65,81.65,0.0,1012.835799,0.0
2019-01-15,10,0,128,53.28,53.28,0.0,660.917224,0.0
2019-01-15,10,0,131,14.35,14.35,0.0,198.449961,0.0
2019-01-15,10,0,132,23.15,23.15,0.0,320.147499,0.0
2019-01-15,10,0,133,16.72,16.72,0.0,201.435938,0.0
2019-01-15,10,0,134,0.0,0.0,0.0,0.0,0.0
2019-01-15,10,0,135,22.4,22.4,0.0,269.866329,0.0
2019-01-15,10,0,136,15.88,15.88,0.0,191.362092,0.0
2019-01-15,10,0,139,5.92,5.92,0.0,72.737632,0.0
2019-01-15,10,0,140,119.88,119.88,0.0,2752.421252,0.0
2019-01-15,10,0,141,107.55,107.55,0.0,1774.733494,0.0
2019-01-15,10,0,142,145.83,145.83,0.0,2406.409907,0.0
2019-01-15,10,0,143,14.75,14.75,0.0,183.001258,0.0
2019-01-15,10,0,145,5.0,5.0,0.0,61.667014,0.0
2019-01-15,10,0,146,182.44,182.44,0.0,4188.786563,0.0
2019-01-15,10,0,152,2.01,2.01,0.0,24.359628,0.0
2019-01-15,10,0,153,2.59,2.59,0.0,31.397104,0.0
2019-01-15,10,0,154,24.61,24.61,0.0,302.377217,0.0
2019-01-15,10,0,157,50.78,50.78,0.0,837.944833,0.0
2019-01-15,10,0,158,93.93,93.93,0.0,1549.983423,0.0
2019-01-15,10,0,159,0.0,0.0,0.0,0.0,0.0
2019-01-15,10,0,160,0.67,0.67,0.0,8.086534,0.0
2019-01-15,10,0,161,21.14,21.14,0.0,304.257575,0.0
2019-01-15,10,0,162,3.64,3.64,0.0,99.572229,0.0
2019-01-15,10,0,163,42.67,42.67,0.0,979.694818,0.0
2019-01-15,10,0,164,5.74,5.74,0.0,71.215405,0.0
2019-01-15,10,0,167,2.6,2.6,0.0,71.144644,0.0
2019-01-15,10,0,168,1.3,1.3,0.0,35.572322,0.0
2019-01-15,10,0,169,0.0,0.0,0.0,0.0,0.0
2019-01-15,10,0,170,2.84,2.84,0.0,77.711842,0.0
2019-01-15,10,0,172,3.39,3.39,0.0,91.729649,0.0
2019-01-15,10,0,173,5.17,5.17,0.0,139.89448,0.0
2019-01-15,10,0,188,4.47,4.47,0.0,121.044865,0.0
2019-01-15,10,0,190,3.48,3.48,0.0,94.618138,0.0
2019-01-15,10,0,191,8.98,8.98,0.0,244.158298,0.0
2019-01-15,10,0,192,28.86,28.86,0.0,784.678003,0.0
2019-01-15,10,0,194,17.39,17.39,0.0,179.377,0.0
2019-01-15,10,0,196,2.41,2.41,0.0,61.507193,0.0
2019-01-15,10,0,198,2.7,2.7,0.0,32.329097,0.0
2019-01-15,10,0,199,0.78,0.78,0.0,8.825078,0.0
2019-01-15,10,0,200,7.31,7.31,0.0,82.706825,0.0
2019-01-15,10,0,204,25.45,25.45,0.0,310.944883,0.0
2019-01-15,10,0,205,94.76,94.76,0.0,1156.920328,0.0
2019-01-15,10,0,206,92.08,92.08,0.0,1142.641839,0.0
2019-01-15,10,0,210,0.66,0.66,0.0,7.858376,0.0
2019-01-15,10,0,214,2.47,2.47,0.0,29.51134,0.0
2019-01-15,10,0,217,1.84,1.84,0.0,21.949862,0.0
2019-01-15,10,0,218,2.54,2.54,0.0,30.300353,0.0
2019-01-15,10,0,219,1.73,1.73,0.0,20.637642,0.0
2019-01-15,10,0,221,1.32,1.32,0.0,15.771242,0.0
2019-01-15,10,0,225,1.42,1.42,0.0,16.927297,0.0
2019-01-15,10,0,233,1.33,1.33,0.0,15.940112,0.0
2019-01-15,10,0,236,5.0,5.0,0.0,60.411717,0.0
2019-01-15,10,0,237,8.89,8.89,0.0,107.766015,0.0
2019-01-15,10,0,238,9.71,9.71,0.0,117.116719,0.0
2019-01-15,10,0,240,3.56,3.56,0.0,43.229402,0.0
2019-01-15,10,0,245,40.19,40.19,0.0,483.829079,0.0
2019-01-15,10,0,247,61.7,61.7,0.0,742.778158,0.0
2019-01-15,10,0,248,0.97,0.97,0.0,11.758497,0.0
2019-01-15,10,0,249,77.29,77.29,0.0,930.459057,0.0
2019-01-15,10,0,251,105.12,105.12,0.0,1267.171378,0.0
2019-01-15,10,0,252,96.86,96.86,0.0,1167.198911,0.0
2019-01-15,10,0,254,4.07,4.07,0.0,49.294339,0.0
2019-01-15,10,0,255,1.86,1.86,0.0,22.527634,0.0
2019-01-15,10,0,258,4.37,4.37,0.0,53.053074,0.0
2019-01-15,10,0,260,1.64,1.64,0.0,19.793904,0.0
2019-01-15,10,0,265,25.48,25.48,0.0,313.0667,0.0
2019-01-15,10,0,266,3.83,3.83,0.0,47.058299,0.0
2019-01-15,10,0,267,4.71,4.71,0.0,57.87065,0.0
2019-01-15,10,0,270,133.19,133.19,0.0,3058.016237,0.0
2019-01-15,10,0,272,132.9,132.9,0.0,1626.783385,0.0
2019-01-15,10,0,273,10.49,10.49,0.0,240.848339,0.0
2019-01-15,10,0,274,171.69,171.69,0.0,3941.968675,0.0
2019-01-15,10,0,275,238.98,238.98,0.0,5486.933857,0.0
2019-01-15,10,0,276,2.36,2.36,0.0,50.781996,0.0
2019-01-15,10,0,277,2.84,2.84,0.0,35.197766,0.0
2019-01-15,10,0,278,4.54,4.54,0.0,56.266851,0.0
2019-01-15,10,0,279,81.35,81.35,0.0,1008.217689,0.0
2019-01-15,10,0,281,4.33,4.33,0.0,53.721725,0.0
2019-01-15,10,0,282,107.45,107.45,0.0,1333.117638,0.0
2019-01-15,11,0,9,1.82,1.82,0.0,5.69657,0.0
2019-01-15,11,0,17,11.33,11.33,0.0,114.436654,0.0
2019-01-15,11,0,19,131.59,131.59,0.0,1329.101438,0.0
2019-01-15,11,0,20,159.59,159.59,0.0,1611.910468,0.0
2019-01-15,11,0,21,41.52,41.52,0.0,129.956924,0.0
2019-01-15,11,0,22,147.57,147.57,0.0,461.891698,0.0
2019-01-15,11,0,23,21.65,21.65,0.0,67.764148,0.0
2019-01-15,11,0,24,38.29,38.29,0.0,119.847077,0.0
2019-01-15,11,0,29,2.55,2.55,0.0,25.446115,0.0
2019-01-15,11,0,30,339.09,339.09,0.0,1046.978679,0.0
2019-01-15,11,0,31,5.7,5.7,0.0,17.599394,0.0
2019-01-15,11,0,32,3.41,3.41,0.0,85.777164,0.0
2019-01-15,11,0,33,0.71,0.71,0.0,8.11017,0.0
2019-01-15,11,0,34,1.13,1.13,0.0,12.907735,0.0
2019-01-15,11,0,35,1.13,1.13,0.0,12.907735,0.0
2019-01-15,11,0,36,4.87,4.87,0.0,38.863292,0.0
2019-01-15,11,0,37,2.21,2.21,0.0,17.550386,0.0
2019-01-15,11,0,38,2.84,2.84,0.0,22.553438,0.0
2019-01-15,11,0,39,1.89,1.89,0.0,15.009154,0.0
2019-01-15,11,0,40,1.89,1.89,0.0,15.009154,0.0
2019-01-15,11,0,41,3.54,3.54,0.0,18.972178,0.0
2019-01-15,11,0,42,11.6,11.6,0.0,113.838471,0.0
2019-01-15,11,0,43,14.22,14.22,0.0,116.875896,0.0
2019-01-15,11,0,46,13.99,13.99,0.0,104.588082,0.0
2019-01-15,11,0,52,6.06,6.06,0.0,18.710935,0.0
2019-01-15,11,0,53,9.87,9.87,0.0,30.47474,0.0
2019-01-15,11,0,55,53.75,53.75,0.0,168.236625,0.0
2019-01-15,11,0,56,100.02,100.02,0.0,308.823048,0.0
2019-01-15,11,0,57,95.14,95.14,0.0,293.755497,0.0
2019-01-15,11,0,58,182.96,182.96,0.0,564.909668,0.0
2019-01-15,11,0,59,179.91,179.91,0.0,555.492448,0.0
2019-01-15,11,0,63,19.43,19.43,0.0,614.708528,0.0
2019-01-15,11,0,64,22.86,22.86,0.0,723.223724,0.0
2019-01-15,11,0,65,15.55,15.55,0.0,156.231966,0.0
2019-01-15,11,0,67,192.93,192.93,0.0,-4602.307079,0.0
2019-01-15,11,0,68,15.1,15.1,0.0,-173.627834,0.0
2019-01-15,11,0,69,0.71,0.71,0.0,8.11017,0.0
2019-01-15,11,0,74,3.1,3.1,0.0,26.511325,0.0
2019-01-15,11,0,77,29.65,29.65,0.0,-27.820164,0.0
2019-01-15,11,0,78,22.42,22.42,0.0,-21.03636,0.0
2019-01-15,11,0,79,12.97,12.97,0.0,-12.169563,0.0
2019-01-15,11,0,80,20.98,20.98,0.0,-19.685229,0.0
2019-01-15,11,0,81,27.43,27.43,0.0,-25.737171,0.0
2019-01-15,11,0,82,19.35,19.35,0.0,-18.155824,0.0
2019-01-15,11,0,83,43.14,43.14,0.0,-40.477635,0.0
2019-01-15,11,0,84,0.0,0.0,0.0,0.0,0.0
2019-01-15,11,0,86,3.58,3.58,0.0,40.893532,0.0
2019-01-15,11,0,87,18.25,18.25,0.0,208.465633,0.0
2019-01-15,11,0,88,24.77,24.77,0.0,-23.241331,0.0
2019-01-15,11,0,89,23.81,23.81,0.0,-22.340577,0.0
2019-01-15,11,0,90,31.97,31.97,0.0,-29.996987,0.0
2019-01-15,11,0,91,114.06,114.06,0.0,-107.020841,0.0
2019-01-15,11,0,92,41.02,41.02,0.0,-38.48847,0.0
2019-01-15,11,0,95,6.24,6.24,0.0,158.581447,0.0
2019-01-15,11,0,96,9.51,9.51,0.0,28.942081,0.0
2019-01-15,11,0,97,69.91,69.91,0.0,212.759295,0.0
2019-01-15,11,0,99,0.67,0.67,0.0,5.729867,0.0
2019-01-15,11,0,101,6.83,6.83,0.0,21.088397,0.0
2019-01-15,11,0,102,35.75,35.75,0.0,-411.07252,0.0
2019-01-15,11,0,103,31.09,31.09,0.0,-357.489361,0.0
2019-01-15,11,0,104,5.77,5.77,0.0,-66.34653,0.0
2019-01-15,11,0,106,145.27,145.27,0.0,454.692735,0.0
2019-01-15,11,0,109,9.39,9.39,0.0,63.631871,0.0
2019-01-15,11,0,110,137.17,137.17,0.0,-8462.51558,0.0
2019-01-15,11,0,111,9.62,9.62,0.0,51.557162,0.0
2019-01-15,11,0,113,32.19,32.19,0.0,21.910004,0.0
2019-01-15,11,0,115,32.19,32.19,0.0,21.910004,0.0
2019-01-15,11,0,116,73.25,73.25,0.0,-4519.058586,0.0
2019-01-15,11,0,117,2.17,2.17,0.0,1.477002,0.0
2019-01-15,11,0,119,22.86,22.86,0.0,723.223724,0.0
2019-01-15,11,0,120,13.44,13.44,0.0,425.202399,0.0
2019-01-15,11,0,123,2.42,2.42,0.0,7.574561,0.0
2019-01-15,11,0,125,34.66,34.66,0.0,108.485236,0.0
2019-01-15,11,0,126,108.95,108.95,0.0,341.011726,0.0
2019-01-15,11,0,127,139.82,139.82,0.0,437.634324,0.0
2019-01-15,11,0,128,49.63,49.63,0.0,155.341092,0.0
2019-01-15,11,0,131,15.4,15.4,0.0,-126.257712,0.0
2019-01-15,11,0,132,22.63,22.63,0.0,-185.533248,0.0
2019-01-15,11,0,133,21.04,21.04,0.0,212.616344,0.0
2019-01-15,11,0,134,0.0,0.0,0.0,0.0,0.0
2019-01-15,11,0,135,28.2,28.2,0.0,284.970575,0.0
2019-01-15,11,0,136,15.55,15.55,0.0,156.186507,0.0
2019-01-15,11,0,139,4.57,4.57,0.0,24.492332,0.0
2019-01-15,11,0,140,101.52,101.52,0.0,-6263.137579,0.0
2019-01-15,11,0,141,132.65,132.65,0.0,-3164.339574,0.0
2019-01-15,11,0,142,254.42,254.42,0.0,-6069.138895,0.0
2019-01-15,11,0,143,9.83,9.83,0.0,30.351235,0.0
2019-01-15,11,0,145,14.53,14.53,0.0,64.764734,0.0
2019-01-15,11,0,146,154.8,154.8,0.0,-9550.174323,0.0
2019-01-15,11,0,152,3.12,3.12,0.0,26.790893,0.0
2019-01-15,11,0,153,4.03,4.03,0.0,34.329221,0.0
2019-01-15,11,0,154,39.69,39.69,0.0,212.71349,0.0
2019-01-15,11,0,157,62.53,62.53,0.0,-1491.640811,0.0
2019-01-15,11,0,158,178.39,178.39,0.0,-4255.458248,0.0
2019-01-15,11,0,159,0.0,0.0,0.0,0.0,0.0
2019-01-15,11,0,160,1.04,1.04,0.0,9.485435,0.0
2019-01-15,11,0,161,35.89,35.89,0.0,-412.682314,0.0
2019-01-15,11,0,162,13.73,13.73,0.0,349.879938,0.0
2019-01-15,11,0,163,91.49,91.49,0.0,-5644.350444,0.0
2019-01-15,11,0,164,10.18,10.18,0.0,31.4319,0.0
2019-01-15,11,0,167,4.01,4.01,0.0,101.175634,0.0
2019-01-15,11,0,168,2.0,2.0,0.0,50.461663,0.0
2019-01-15,11,0,169,0.0,0.0,0.0,0.0,0.0
2019-01-15,11,0,170,4.39,4.39,0.0,110.76335,0.0
2019-01-15,11,0,172,5.22,5.22,0.0,122.069016,0.0
2019-01-15,11,0,173,7.96,7.96,0.0,186.143556,0.0
2019-01-15,11,0,188,6.93,6.93,0.0,166.479591,0.0
2019-01-15,11,0,190,5.71,5.71,0.0,180.647746,0.0
2019-01-15,11,0,191,14.74,14.74,0.0,466.330608,0.0
2019-01-15,11,0,192,38.74,38.74,0.0,1225.620606,0.0
2019-01-15,11,0,194,22.61,22.61,0.0,257.496609,0.0
2019-01-15,11,0,196,3.96,3.96,0.0,176.570743,0.0
2019-01-15,11,0,198,4.12,4.12,0.0,43.288529,0.0
2019-01-15,11,0,199,3.36,3.36,0.0,45.150945,0.0
2019-01-15,11,0,200,11.23,11.23,0.0,150.906284,0.0
2019-01-15,11,0,204,28.94,28.94,0.0,190.984858,0.0
2019-01-15,11,0,205,61.4,61.4,0.0,416.080602,0.0
2019-01-15,11,0,206,267.23,267.23,0.0,813.269437,0.0
2019-01-15,11,0,210,0.98,0.98,0.0,10.109871,0.0
2019-01-15,11,0,214,3.71,3.71,0.0,45.282223,0.0
2019-01-15,11,0,217,2.76,2.76,0.0,31.439255,0.0
2019-01-15,11,0,218,3.81,3.81,0.0,43.399841,0.0
2019-01-15,11,0,219,2.6,2.6,0.0,29.61669,0.0
2019-01-15,11,0,221,1.98,1.98,0.0,24.166793,0.0
2019-01-15,11,0,225,2.12,2.12,0.0,21.086139,0.0
2019-01-15,11,0,233,2.02,2.02,0.0,23.074004,0.0
2019-01-15,11,0,236,3.32,3.32,0.0,31.11219,0.0
2019-01-15,11,0,237,6.92,6.92,0.0,59.180119,0.0
2019-01-15,11,0,238,15.09,15.09,0.0,148.088149,0.0
2019-01-15,11,0,240,5.52,5.52,0.0,44.050384,0.0
2019-01-15,11,0,245,49.55,49.55,0.0,510.173795,0.0
2019-01-15,11,0,247,71.77,71.77,0.0,738.954051,0.0
2019-01-15,11,0,248,0.82,0.82,0.0,7.012673,0.0
2019-01-15,11,0,249,95.3,95.3,0.0,981.222253,0.0
2019-01-15,11,0,251,96.78,96.78,0.0,963.894234,0.0
2019-01-15,11,0,252,100.32,100.32,0.0,1007.922237,0.0
2019-01-15,11,0,254,6.24,6.24,0.0,52.698899,0.0
2019-01-15,11,0,255,2.86,2.86,0.0,24.153662,0.0
2019-01-15,11,0,258,6.8,6.8,0.0,54.527426,0.0
2019-01-15,11,0,260,2.53,2.53,0.0,23.075144,0.0
2019-01-15,11,0,265,41.09,41.09,0.0,220.216611,0.0
2019-01-15,11,0,266,2.96,2.96,0.0,15.863742,0.0
2019-01-15,11,0,267,3.63,3.63,0.0,19.454522,0.0
2019-01-15,11,0,270,309.49,309.49,0.0,-19093.562346,0.0
2019-01-15,11,0,272,107.5,107.5,0.0,73.169476,0.0
2019-01-15,11,0,273,17.52,17.52,0.0,-1080.872443,0.0
2019-01-15,11,0,274,404.16,404.16,0.0,-24934.098542,0.0
2019-01-15,11,0,275,570.25,570.25,0.0,-35180.793976,0.0
2019-01-15,11,0,276,3.92,3.92,0.0,-208.720481,0.0
2019-01-15,11,0,277,4.68,4.68,0.0,0.147843,0.0
2019-01-15,11,0,278,7.48,7.48,0.0,0.236296,0.0
2019-01-15,11,0,279,113.17,113.17,0.0,3.575088,0.0
2019-01-15,11,0,281,2.49,2.49,0.0,7.688156,0.0
2019-01-15,11,0,282,186.01,186.01,0.0,574.326887,0.0
2019-01-15,12,0,9,2.59,2.59,0.0,10.27885,0.0
2019-01-15,12,0,17,14.92,14.92,0.0,153.055644,0.0
2019-01-15,12,0,19,175.42,175.42,0.0,1799.532242,0.0
2019-01-15,12,0,20,212.75,212.75,0.0,2182.479105,0.0
2019-01-15,12,0,21,59.29,59.29,0.0,235.302313,0.0
2019-01-15,12,0,22,210.73,210.73,0.0,836.317361,0.0
2019-01-15,12,0,23,25.45,25.45,0.0,101.002595,0.0
2019-01-15,12,0,24,42.61,42.61,0.0,169.104934,0.0
2019-01-15,12,0,29,3.31,3.31,0.0,22.163055,0.0
2019-01-15,12,0,30,489.53,489.53,0.0,1925.24207,0.0
2019-01-15,12,0,31,5.61,5.61,0.0,22.06322,0.0
2019-01-15,12,0,32,4.59,4.59,0.0,452.56705,0.0
2019-01-15,12,0,33,0.93,0.93,0.0,10.766766,0.0
2019-01-15,12,0,34,1.49,1.49,0.0,17.24998,0.0
2019-01-15,12,0,35,1.49,1.49,0.0,17.24998,0.0
2019-01-15,12,0,36,6.67,6.67,0.0,53.393518,0.0
2019-01-15,12,0,37,3.07,3.07,0.0,24.387714,0.0
2019-01-15,12,0,38,3.94,3.94,0.0,31.298891,0.0
2019-01-15,12,0,39,2.63,2.63,0.0,20.892407,0.0
2019-01-15,12,0,40,2.63,2.63,0.0,20.892407,0.0
2019-01-15,12,0,41,3.79,3.79,0.0,22.302704,0.0
2019-01-15,12,0,42,16.44,16.44,0.0,163.948938,0.0
2019-01-15,12,0,43,19.14,19.14,0.0,154.841385,0.0
2019-01-15,12,0,46,18.81,18.81,0.0,141.594906,0.0
2019-01-15,12,0,52,5.94,5.94,0.0,23.361056,0.0
2019-01-15,12,0,53,9.44,9.44,0.0,37.125988,0.0
2019-01-15,12,0,55,126.68,126.68,0.0,502.750834,0.0
2019-01-15,12,0,56,144.39,144.39,0.0,567.862445,0.0
2019-01-15,12,0,57,137.35,137.35,0.0,540.175267,0.0
2019-01-15,12,0,58,264.13,264.13,0.0,1038.780438,0.0
2019-01-15,12,0,59,259.73,259.73,0.0,1021.475952,0.0
2019-01-15,12,0,63,24.32,24.32,0.0,3797.672566,0.0
2019-01-15,12,0,64,28.61,28.61,0.0,4467.574511,0.0
2019-01-15,12,0,65,17.06,17.06,0.0,174.102753,0.0
2019-01-15,12,0,67,274.11,274.11,0.0,-147885.060827,0.0
2019-01-15,12,0,68,20.68,20.68,0.0,-8047.350248,0.0
2019-01-15,12,0,69,0.93,0.93,0.0,10.766766,0.0
2019-01-15,12,0,74,0.0,0.0,0.0,0.0,0.0
2019-01-15,12,0,77,40.38,40.38,0.0,-10648.746872,0.0
2019-01-15,12,0,78,30.52,30.52,0.0,-8048.532802,0.0
2019-01-15,12,0,79,17.66,17.66,0.0,-4657.178548,0.0
2019-01-15,12,0,80,28.57,28.57,0.0,-7534.291683,0.0
2019-01-15,12,0,81,37.35,37.35,0.0,-9849.695287,0.0
2019-01-15,12,0,82,26.35,26.35,0.0,-6948.847947,0.0
2019-01-15,12,0,83,58.75,58.75,0.0,-15493.161931,0.0
2019-01-15,12,0,84,0.0,0.0,0.0,0.0,0.0
2019-01-15,12,0,86,4.71,4.71,0.0,54.52846,0.0
2019-01-15,12,0,87,24.07,24.07,0.0,278.662426,0.0
2019-01-15,12,0,88,33.16,33.16,0.0,-8744.736164,0.0
2019-01-15,12,0,89,31.87,31.87,0.0,-8404.545885,0.0
2019-01-15,12,0,90,42.8,42.8,0.0,-11286.933287,0.0
2019-01-15,12,0,91,152.67,152.67,0.0,-40261.123948,0.0
2019-01-15,12,0,92,54.91,54.91,0.0,-14480.502495,0.0
2019-01-15,12,0,95,14.12,14.12,0.0,274.574411,0.0
2019-01-15,12,0,96,14.56,14.56,0.0,56.716906,0.0
2019-01-15,12,0,97,89.56,89.56,0.0,348.871296,0.0
2019-01-15,12,0,99,0.0,0.0,0.0,0.0,0.0
2019-01-15,12,0,101,9.86,9.86,0.0,38.77778,0.0
2019-01-15,12,0,102,48.97,48.97,0.0,-19056.031995,0.0
2019-01-15,12,0,103,42.58,42.58,0.0,-16569.447465,0.0
2019-01-15,12,0,104,7.91,7.91,0.0,-3078.072556,0.0
2019-01-15,12,0,106,207.44,207.44,0.0,823.260444,0.0
2019-01-15,12,0,109,8.86,8.86,0.0,62.269642,0.0
2019-01-15,12,0,110,118.43,118.43,0.0,-118430.0,0.0
2019-01-15,12,0,111,13.15,13.15,0.0,77.382734,0.0
2019-01-15,12,0,113,23.82,23.82,0.0,-5570.434542,0.0
2019-01-15,12,0,115,23.82,23.82,0.0,-5570.434542,0.0
2019-01-15,12,0,116,102.02,102.02,0.0,-102020.0,0.0
2019-01-15,12,0,117,1.59,1.59,0.0,-371.830014,0.0
2019-01-15,12,0,119,28.61,28.61,0.0,4467.574511,0.0
2019-01-15,12,0,120,16.82,16.82,0.0,2626.515319,0.0
2019-01-15,12,0,123,3.46,3.46,0.0,13.731591,0.0
2019-01-15,12,0,125,38.99,38.99,0.0,154.738357,0.0
2019-01-15,12,0,126,155.58,155.58,0.0,617.445333,0.0
2019-01-15,12,0,127,199.66,199.66,0.0,792.384208,0.0
2019-01-15,12,0,128,53.45,53.45,0.0,212.125293,0.0
2019-01-15,12,0,131,21.33,21.33,0.0,-7443.6762,0.0
2019-01-15,12,0,132,31.35,31.35,0.0,-10940.424232,0.0
2019-01-15,12,0,133,26.31,26.31,0.0,270.030689,0.0
2019-01-15,12,0,134,0.0,0.0,0.0,0.0,0.0
2019-01-15,12,0,135,35.26,35.26,0.0,361.888335,0.0
2019-01-15,12,0,136,16.43,16.43,0.0,167.625505,0.0
2019-01-15,12,0,139,4.9,4.9,0.0,28.834631,0.0
2019-01-15,12,0,140,87.65,87.65,0.0,-87650.0,0.0
2019-01-15,12,0,141,161.33,161.33,0.0,-87039.133425,0.0
2019-01-15,12,0,142,361.48,361.48,0.0,-195022.041472,0.0
2019-01-15,12,0,143,9.88,9.88,0.0,38.856437,0.0
2019-01-15,12,0,145,13.26,13.26,0.0,67.396712,0.0
2019-01-15,12,0,146,128.92,128.92,0.0,-128920.0,0.0
2019-01-15,12,0,152,4.38,4.38,0.0,38.266141,0.0
2019-01-15,12,0,153,5.67,5.67,0.0,49.144852,0.0
2019-01-15,12,0,154,54.25,54.25,0.0,319.240557,0.0
2019-01-15,12,0,157,76.82,76.82,0.0,-41445.151117,0.0
2019-01-15,12,0,158,252.84,252.84,0.0,-136409.685088,0.0
2019-01-15,12,0,159,0.0,0.0,0.0,0.0,0.0
2019-01-15,12,0,160,1.41,1.41,0.0,12.186219,0.0
2019-01-15,12,0,161,50.72,50.72,0.0,-19737.021499,0.0
2019-01-15,12,0,162,24.97,24.97,0.0,504.783014,0.0
2019-01-15,12,0,163,143.02,143.02,0.0,-143020.0,0.0
2019-01-15,12,0,164,14.72,14.72,0.0,57.891372,0.0
2019-01-15,12,0,167,5.36,5.36,0.0,76.593075,0.0
2019-01-15,12,0,168,2.68,2.68,0.0,38.296537,0.0
2019-01-15,12,0,169,0.0,0.0,0.0,0.0,0.0
2019-01-15,12,0,170,5.86,5.86,0.0,83.737951,0.0
2019-01-15,12,0,172,6.91,6.91,0.0,359.92016,0.0
2019-01-15,12,0,173,10.52,10.52,0.0,547.953702,0.0
2019-01-15,12,0,188,9.45,9.45,0.0,621.357527,0.0
2019-01-15,12,0,190,7.86,7.86,0.0,1227.372795,0.0
2019-01-15,12,0,191,20.32,20.32,0.0,3173.055368,0.0
2019-01-15,12,0,192,51.53,51.53,0.0,8046.631058,0.0
2019-01-15,12,0,194,28.9,28.9,0.0,-2718.510481,0.0
2019-01-15,12,0,196,5.41,5.41,0.0,1707.632422,0.0
2019-01-15,12,0,198,5.46,5.46,0.0,50.552968,0.0
2019-01-15,12,0,199,14.9,14.9,0.0,-283.401778,0.0
2019-01-15,12,0,200,15.24,15.24,0.0,-289.868664,0.0
2019-01-15,12,0,204,35.67,35.67,0.0,244.854341,0.0
2019-01-15,12,0,205,46.88,46.88,0.0,329.480906,0.0
2019-01-15,12,0,206,263.15,263.15,0.0,1025.072371,0.0
2019-01-15,12,0,210,1.26,1.26,0.0,8.965513,0.0
2019-01-15,12,0,214,4.92,4.92,0.0,60.803291,0.0
2019-01-15,12,0,217,3.61,3.61,0.0,36.376808,0.0
2019-01-15,12,0,218,4.98,4.98,0.0,50.181857,0.0
2019-01-15,12,0,219,3.39,3.39,0.0,34.159939,0.0
2019-01-15,12,0,221,2.63,2.63,0.0,32.502572,0.0
2019-01-15,12,0,225,2.7,2.7,0.0,17.96919,0.0
2019-01-15,12,0,233,2.67,2.67,0.0,30.911038,0.0
2019-01-15,12,0,236,0.0,0.0,0.0,0.0,0.0
2019-01-15,12,0,237,0.0,0.0,0.0,0.0,0.0
2019-01-15,12,0,238,21.39,21.39,0.0,213.313126,0.0
2019-01-15,12,0,240,7.56,7.56,0.0,60.51799,0.0
2019-01-15,12,0,245,60.9,60.9,0.0,636.629792,0.0
2019-01-15,12,0,247,83.24,83.24,0.0,870.165252,0.0
2019-01-15,12,0,248,0.0,0.0,0.0,0.0,0.0
2019-01-15,12,0,249,117.12,117.12,0.0,1224.336309,0.0
2019-01-15,12,0,251,98.58,98.58,0.0,997.445817,0.0
2019-01-15,12,0,252,110.06,110.06,0.0,1123.197478,0.0
2019-01-15,12,0,254,8.59,8.59,0.0,70.684074,0.0
2019-01-15,12,0,255,3.94,3.94,0.0,32.420867,0.0
2019-01-15,12,0,258,9.24,9.24,0.0,74.093149,0.0
2019-01-15,12,0,260,3.42,3.42,0.0,29.558063,0.0
2019-01-15,12,0,265,56.17,56.17,0.0,330.539024,0.0
2019-01-15,12,0,266,3.17,3.17,0.0,18.654241,0.0
2019-01-15,12,0,267,3.9,3.9,0.0,22.950012,0.0
2019-01-15,12,0,270,446.65,446.65,0.0,-446650.0,0.0
2019-01-15,12,0,272,79.6,79.6,0.0,-18614.886213,0.0
2019-01-15,12,0,273,24.4,24.4,0.0,-24400.0,0.0
2019-01-15,12,0,274,575.78,575.78,0.0,-575780.0,0.0
2019-01-15,12,0,275,801.49,801.49,0.0,-801490.0,0.0
2019-01-15,12,0,276,5.44,5.44,0.0,-4880.671617,0.0
2019-01-15,12,0,277,6.48,6.48,0.0,-1592.951991,0.0
2019-01-15,12,0,278,10.37,10.37,0.0,-2549.214838,0.0
2019-01-15,12,0,279,152.82,152.82,0.0,-37567.117791,0.0
2019-01-15,12,0,281,2.52,2.52,0.0,9.910751,0.0
2019-01-15,12,0,282,268.54,268.54,0.0,1056.124253,0.0
2019-01-15,13,0,9,3.25,3.25,0.0,0.051994,0.0
2019-01-15,13,0,17,13.1,13.1,0.0,145.840662,0.0
2019-01-15,13,0,19,192.99,192.99,0.0,2148.533542,0.0
2019-01-15,13,0,20,234.06,234.06,0.0,2605.760717,0.0
2019-01-15,13,0,21,74.23,74.23,0.0,1.187533,0.0
2019-01-15,13,0,22,263.79,263.79,0.0,4.220116,0.0
2019-01-15,13,0,23,73.29,73.29,0.0,1.172494,0.0
2019-01-15,13,0,24,127.99,127.99,0.0,2.047586,0.0
2019-01-15,13,0,29,3.28,3.28,0.0,18.071298,0.0
2019-01-15,13,0,30,640.14,640.14,0.0,-30.597955,0.0
2019-01-15,13,0,31,10.46,10.46,0.0,-0.499976,0.0
2019-01-15,13,0,32,4.93,4.93,0.0,110.154421,0.0
2019-01-15,13,0,33,1.05,1.05,0.0,14.111205,0.0
2019-01-15,13,0,34,1.67,1.67,0.0,22.443536,0.0
2019-01-15,13,0,35,1.67,1.67,0.0,22.443536,0.0
2019-01-15,13,0,36,9.2,9.2,0.0,66.391334,0.0
2019-01-15,13,0,37,4.12,4.12,0.0,29.307529,0.0
2019-01-15,13,0,38,5.3,5.3,0.0,37.701433,0.0
2019-01-15,13,0,39,3.53,3.53,0.0,25.110577,0.0
2019-01-15,13,0,40,3.53,3.53,0.0,25.110577,0.0
2019-01-15,13,0,41,5.44,5.44,0.0,18.610447,0.0
2019-01-15,13,0,42,18.51,18.51,0.0,196.815632,0.0
2019-01-15,13,0,43,26.68,26.68,0.0,197.219217,0.0
2019-01-15,13,0,46,26.89,26.89,0.0,171.479097,0.0
2019-01-15,13,0,52,11.08,11.08,0.0,-0.529611,0.0
2019-01-15,13,0,53,17.61,17.61,0.0,-0.841738,0.0
2019-01-15,13,0,55,227.83,227.83,0.0,3.644827,0.0
2019-01-15,13,0,56,188.82,188.82,0.0,-9.025379,0.0
2019-01-15,13,0,57,179.61,179.61,0.0,-8.585151,0.0
2019-01-15,13,0,58,345.4,345.4,0.0,-16.509722,0.0
2019-01-15,13,0,59,339.64,339.64,0.0,-16.234401,0.0
2019-01-15,13,0,63,30.08,30.08,0.0,896.634824,0.0
2019-01-15,13,0,64,35.38,35.38,0.0,1054.619018,0.0
2019-01-15,13,0,65,19.63,19.63,0.0,216.715302,0.0
2019-01-15,13,0,67,346.15,346.15,0.0,-11193.389728,0.0
2019-01-15,13,0,68,27.55,27.55,0.0,-502.597289,0.0
2019-01-15,13,0,69,1.05,1.05,0.0,14.111205,0.0
2019-01-15,13,0,74,0.0,0.0,0.0,0.0,0.0
2019-01-15,13,0,77,53.44,53.44,0.0,-325.929837,0.0
2019-01-15,13,0,78,40.4,40.4,0.0,-246.399053,0.0
2019-01-15,13,0,79,23.38,23.38,0.0,-142.594304,0.0
2019-01-15,13,0,80,37.81,37.81,0.0,-230.602678,0.0
2019-01-15,13,0,81,49.43,49.43,0.0,-301.472901,0.0
2019-01-15,13,0,82,34.87,34.87,0.0,-212.671658,0.0
2019-01-15,13,0,83,77.76,77.76,0.0,-474.257187,0.0
2019-01-15,13,0,84,0.0,0.0,0.0,0.0,0.0
2019-01-15,13,0,86,5.3,5.3,0.0,71.227988,0.0
2019-01-15,13,0,87,27.05,27.05,0.0,363.531522,0.0
2019-01-15,13,0,88,43.52,43.52,0.0,-265.427891,0.0
2019-01-15,13,0,89,41.83,41.83,0.0,-255.120604,0.0
2019-01-15,13,0,90,56.17,56.17,0.0,-342.58007,0.0
2019-01-15,13,0,91,200.36,200.36,0.0,-1221.992928,0.0
2019-01-15,13,0,92,72.06,72.06,0.0,-439.492965,0.0
2019-01-15,13,0,95,23.22,23.22,0.0,520.818484,0.0
2019-01-15,13,0,96,22.42,22.42,0.0,-2.566481,0.0
2019-01-15,13,0,97,137.89,137.89,0.0,-15.784661,0.0
2019-01-15,13,0,99,0.0,0.0,0.0,0.0,0.0
2019-01-15,13,0,101,12.89,12.89,0.0,-0.616127,0.0
2019-01-15,13,0,102,65.23,65.23,0.0,-1189.997138,0.0
2019-01-15,13,0,103,56.72,56.72,0.0,-1034.748393,0.0
2019-01-15,13,0,104,10.53,10.53,0.0,-192.099799,0.0
2019-01-15,13,0,106,259.68,259.68,0.0,4.154364,0.0
2019-01-15,13,0,109,12.14,12.14,0.0,66.388902,0.0
2019-01-15,13,0,110,106.8,106.8,0.0,-8063.002618,0.0
2019-01-15,13,0,111,10.25,10.25,0.0,35.065639,0.0
2019-01-15,13,0,113,31.94,31.94,0.0,-146.202185,0.0
2019-01-15,13,0,115,31.94,31.94,0.0,-146.202185,0.0
2019-01-15,13,0,116,123.83,123.83,0.0,-9348.704253,0.0
2019-01-15,13,0,117,2.13,2.13,0.0,-9.749864,0.0
2019-01-15,13,0,119,35.38,35.38,0.0,1054.619018,0.0
2019-01-15,13,0,120,20.81,20.81,0.0,620.311525,0.0
2019-01-15,13,0,123,4.33,4.33,0.0,0.069271,0.0
2019-01-15,13,0,125,116.21,116.21,0.0,1.859129,0.0
2019-01-15,13,0,126,194.76,194.76,0.0,3.115773,0.0
2019-01-15,13,0,127,249.94,249.94,0.0,3.998543,0.0
2019-01-15,13,0,128,164.06,164.06,0.0,2.624634,0.0
2019-01-15,13,0,131,28.68,28.68,0.0,-415.260489,0.0
2019-01-15,13,0,132,42.16,42.16,0.0,-610.43871,0.0
2019-01-15,13,0,133,32.7,32.7,0.0,364.331129,0.0
2019-01-15,13,0,134,0.0,0.0,0.0,0.0,0.0
2019-01-15,13,0,135,43.81,43.81,0.0,488.114579,0.0
2019-01-15,13,0,136,18.56,18.56,0.0,204.80787,0.0
2019-01-15,13,0,139,7.02,7.02,0.0,24.015687,0.0
2019-01-15,13,0,140,79.05,79.05,0.0,-5967.98087,0.0
2019-01-15,13,0,141,194.3,194.3,0.0,-6283.043837,0.0
2019-01-15,13,0,142,456.49,456.49,0.0,-14761.434283,0.0
2019-01-15,13,0,143,14.7,14.7,0.0,-0.702643,0.0
2019-01-15,13,0,145,36.74,36.74,0.0,73.529243,0.0
2019-01-15,13,0,146,106.1,106.1,0.0,-8010.155223,0.0
2019-01-15,13,0,152,5.51,5.51,0.0,46.689014,0.0
2019-01-15,13,0,153,7.38,7.38,0.0,61.644453,0.0
2019-01-15,13,0,154,42.29,42.29,0.0,144.675696,0.0
2019-01-15,13,0,157,93.27,93.27,0.0,-3016.055063,0.0
2019-01-15,13,0,158,317.94,317.94,0.0,-10281.168078,0.0
2019-01-15,13,0,159,0.0,0.0,0.0,0.0,0.0
2019-01-15,13,0,160,1.94,1.94,0.0,16.334551,0.0
2019-01-15,13,0,161,64.86,64.86,0.0,-1183.247193,0.0
2019-01-15,13,0,162,41.06,41.06,0.0,924.313793,0.0
2019-01-15,13,0,163,104.55,104.55,0.0,-7893.13599,0.0
2019-01-15,13,0,164,23.54,23.54,0.0,-1.125185,0.0
2019-01-15,13,0,167,5.8,5.8,0.0,128.83086,0.0
2019-01-15,13,0,168,2.9,2.9,0.0,64.41543,0.0
2019-01-15,13,0,169,0.0,0.0,0.0,0.0,0.0
2019-01-15,13,0,170,6.34,6.34,0.0,140.825458,0.0
2019-01-15,13,0,172,7.43,7.43,0.0,147.729699,0.0
2019-01-15,13,0,173,11.31,11.31,0.0,224.875222,0.0
2019-01-15,13,0,188,9.87,9.87,0.0,206.728163,0.0
2019-01-15,13,0,190,9.45,9.45,0.0,281.688799,0.0
2019-01-15,13,0,191,24.42,24.42,0.0,727.919628,0.0
2019-01-15,13,0,192,68.17,68.17,0.0,2032.03444,0.0
2019-01-15,13,0,194,36.13,36.13,0.0,264.942391,0.0
2019-01-15,13,0,196,6.5,6.5,0.0,289.88155,0.0
2019-01-15,13,0,198,7.16,7.16,0.0,68.969323,0.0
2019-01-15,13,0,199,18.18,18.18,0.0,204.100867,0.0
2019-01-15,13,0,200,13.92,13.92,0.0,156.275252,0.0
2019-01-15,13,0,204,46.15,46.15,0.0,239.054509,0.0
2019-01-15,13,0,205,64.23,64.23,0.0,351.248697,0.0
2019-01-15,13,0,206,405.17,405.17,0.0,-46.380963,0.0
2019-01-15,13,0,210,1.12,1.12,0.0,6.976315,0.0
2019-01-15,13,0,214,6.36,6.36,0.0,94.162365,0.0
2019-01-15,13,0,217,4.23,4.23,0.0,46.844106,0.0
2019-01-15,13,0,218,5.83,5.83,0.0,64.562917,0.0
2019-01-15,13,0,219,3.97,3.97,0.0,43.964799,0.0
2019-01-15,13,0,221,3.39,3.39,0.0,50.190317,0.0
2019-01-15,13,0,225,2.89,2.89,0.0,15.72182,0.0
2019-01-15,13,0,233,3.0,3.0,0.0,40.317729,0.0
2019-01-15,13,0,236,0.0,0.0,0.0,0.0,0.0
2019-01-15,13,0,237,0.0,0.0,0.0,0.0,0.0
2019-01-15,13,0,238,24.09,24.09,0.0,256.14741,0.0
2019-01-15,13,0,240,10.42,10.42,0.0,75.195403,0.0
2019-01-15,13,0,245,74.42,74.42,0.0,853.923692,0.0
2019-01-15,13,0,247,96.72,96.72,0.0,1109.802466,0.0
2019-01-15,13,0,248,0.0,0.0,0.0,0.0,0.0
2019-01-15,13,0,249,143.11,143.11,0.0,1642.099161,0.0
2019-01-15,13,0,251,109.86,109.86,0.0,1196.10387,0.0
2019-01-15,13,0,252,126.62,126.62,0.0,1397.885456,0.0
2019-01-15,13,0,254,12.09,12.09,0.0,92.487869,0.0
2019-01-15,13,0,255,5.54,5.54,0.0,42.380711,0.0
2019-01-15,13,0,258,13.07,13.07,0.0,94.689617,0.0
2019-01-15,13,0,260,4.7,4.7,0.0,39.573396,0.0
2019-01-15,13,0,265,43.78,43.78,0.0,149.773043,0.0
2019-01-15,13,0,266,4.55,4.55,0.0,15.565723,0.0
2019-01-15,13,0,267,5.59,5.59,0.0,19.123602,0.0
2019-01-15,13,0,270,325.32,325.32,0.0,-24560.449548,0.0
2019-01-15,13,0,272,106.73,106.73,0.0,-488.545998,0.0
2019-01-15,13,0,273,29.61,29.61,0.0,-2235.444827,0.0
2019-01-15,13,0,274,419.18,419.18,0.0,-31646.530313,0.0
2019-01-15,13,0,275,583.24,583.24,0.0,-44032.449878,0.0
2019-01-15,13,0,276,6.76,6.76,0.0,-445.211455,0.0
2019-01-15,13,0,277,8.29,8.29,0.0,-43.003787,0.0
2019-01-15,13,0,278,13.27,13.27,0.0,-68.837184,0.0
2019-01-15,13,0,279,287.3,287.3,0.0,-1490.348382,0.0
2019-01-15,13,0,281,4.69,4.69,0.0,-0.224177,0.0
2019-01-15,13,0,282,351.16,351.16,0.0,-16.785044,0.0
2019-01-15,14,0,9,3.38,3.38,0.0,-1.622363,0.0
2019-01-15,14,0,17,13.28,13.28,0.0,138.197616,0.0
2019-01-15,14,0,19,179.58,179.58,0.0,1868.789744,0.0
2019-01-15,14,0,20,217.8,217.8,0.0,2266.524147,0.0
2019-01-15,14,0,21,77.39,77.39,0.0,-37.146354,0.0
2019-01-15,14,0,22,275.05,275.05,0.0,-132.020993,0.0
2019-01-15,14,0,23,29.56,29.56,0.0,-14.188477,0.0
2019-01-15,14,0,24,50.83,50.83,0.0,-24.397844,0.0
2019-01-15,14,0,29,3.34,3.34,0.0,17.435495,0.0
2019-01-15,14,0,30,669.46,669.46,0.0,-363.306976,0.0
2019-01-15,14,0,31,9.15,9.15,0.0,-4.965582,0.0
2019-01-15,14,0,32,5.03,5.03,0.0,269.110565,0.0
2019-01-15,14,0,33,1.1,1.1,0.0,13.918701,0.0
2019-01-15,14,0,34,1.75,1.75,0.0,22.143388,0.0
2019-01-15,14,0,35,1.75,1.75,0.0,22.143388,0.0
2019-01-15,14,0,36,9.6,9.6,0.0,63.386751,0.0
2019-01-15,14,0,37,4.26,4.26,0.0,27.708642,0.0
2019-01-15,14,0,38,5.47,5.47,0.0,35.578937,0.0
2019-01-15,14,0,39,3.65,3.65,0.0,23.740973,0.0
2019-01-15,14,0,40,3.65,3.65,0.0,23.740973,0.0
2019-01-15,14,0,41,6.7,6.7,0.0,19.184492,0.0
2019-01-15,14,0,42,19.53,19.53,0.0,193.725765,0.0
2019-01-15,14,0,43,27.9,27.9,0.0,189.353329,0.0
2019-01-15,14,0,46,27.63,27.63,0.0,159.780803,0.0
2019-01-15,14,0,52,9.7,9.7,0.0,-5.26406,0.0
2019-01-15,14,0,53,15.4,15.4,0.0,-8.357374,0.0
2019-01-15,14,0,55,193.77,193.77,0.0,-93.007481,0.0
2019-01-15,14,0,56,197.47,197.47,0.0,-107.164324,0.0
2019-01-15,14,0,57,187.83,187.83,0.0,-101.932825,0.0
2019-01-15,14,0,58,361.22,361.22,0.0,-196.029256,0.0
2019-01-15,14,0,59,355.2,355.2,0.0,-192.762283,0.0
2019-01-15,14,0,63,27.01,27.01,0.0,3284.469521,0.0
2019-01-15,14,0,64,31.78,31.78,0.0,3864.510973,0.0
2019-01-15,14,0,65,16.94,16.94,0.0,174.752549,0.0
2019-01-15,14,0,67,358.65,358.65,0.0,-198112.728813,0.0
2019-01-15,14,0,68,12.19,12.19,0.0,-4951.770028,0.0
2019-01-15,14,0,69,1.1,1.1,0.0,13.918701,0.0
2019-01-15,14,0,74,0.0,0.0,0.0,0.0,0.0
2019-01-15,14,0,77,43.0,43.0,0.0,-12217.142128,0.0
2019-01-15,14,0,78,32.51,32.51,0.0,-9236.727688,0.0
2019-01-15,14,0,79,18.81,18.81,0.0,-5344.289382,0.0
2019-01-15,14,0,80,30.42,30.42,0.0,-8642.917756,0.0
2019-01-15,14,0,81,39.77,39.77,0.0,-11299.43587,0.0
2019-01-15,14,0,82,28.06,28.06,0.0,-7972.395537,0.0
2019-01-15,14,0,83,62.56,62.56,0.0,-17774.521198,0.0
2019-01-15,14,0,84,0.0,0.0,0.0,0.0,0.0
2019-01-15,14,0,86,5.55,5.55,0.0,70.226172,0.0
2019-01-15,14,0,87,28.34,28.34,0.0,358.596346,0.0
2019-01-15,14,0,88,34.75,34.75,0.0,-9873.155557,0.0
2019-01-15,14,0,89,33.4,33.4,0.0,-9489.594118,0.0
2019-01-15,14,0,90,44.85,44.85,0.0,-12742.763359,0.0
2019-01-15,14,0,91,159.98,159.98,0.0,-45453.451106,0.0
2019-01-15,14,0,92,57.54,57.54,0.0,-16348.240884,0.0
2019-01-15,14,0,95,29.47,29.47,0.0,661.004338,0.0
2019-01-15,14,0,96,20.29,20.29,0.0,-12.340616,0.0
2019-01-15,14,0,97,136.07,136.07,0.0,-82.759367,0.0
2019-01-15,14,0,99,0.0,0.0,0.0,0.0,0.0
2019-01-15,14,0,101,13.49,13.49,0.0,-7.320842,0.0
2019-01-15,14,0,102,28.78,28.78,0.0,-11690.889368,0.0
2019-01-15,14,0,103,25.03,25.03,0.0,-10167.580295,0.0
2019-01-15,14,0,104,4.69,4.69,0.0,-1905.151881,0.0
2019-01-15,14,0,106,270.76,270.76,0.0,-129.961839,0.0
2019-01-15,14,0,109,11.95,11.95,0.0,58.328404,0.0
2019-01-15,14,0,110,153.29,153.29,0.0,-153290.0,0.0
2019-01-15,14,0,111,11.11,11.11,0.0,31.811896,0.0
2019-01-15,14,0,113,25.32,25.32,0.0,-6473.955034,0.0
2019-01-15,14,0,115,25.32,25.32,0.0,-6473.955034,0.0
2019-01-15,14,0,116,126.36,126.36,0.0,-126360.0,0.0
2019-01-15,14,0,117,1.69,1.69,0.0,-432.108373,0.0
2019-01-15,14,0,119,31.78,31.78,0.0,3864.510973,0.0
2019-01-15,14,0,120,18.69,18.69,0.0,2272.741035,0.0
2019-01-15,14,0,123,4.51,4.51,0.0,-2.164751,0.0
2019-01-15,14,0,125,46.33,46.33,0.0,-22.237893,0.0
2019-01-15,14,0,126,203.07,203.07,0.0,-97.47138,0.0
2019-01-15,14,0,127,260.61,260.61,0.0,-125.08995,0.0
2019-01-15,14,0,128,64.31,64.31,0.0,-30.868097,0.0
2019-01-15,14,0,131,22.48,22.48,0.0,-8254.174071,0.0
2019-01-15,14,0,132,33.04,33.04,0.0,-12131.579684,0.0
2019-01-15,14,0,133,23.24,23.24,0.0,242.04393,0.0
2019-01-15,14,0,134,0.0,0.0,0.0,0.0,0.0
2019-01-15,14,0,135,31.14,31.14,0.0,324.322202,0.0
2019-01-15,14,0,136,18.25,18.25,0.0,188.175825,0.0
2019-01-15,14,0,139,8.65,8.65,0.0,24.768038,0.0
2019-01-15,14,0,140,113.45,113.45,0.0,-113450.0,0.0
2019-01-15,14,0,141,176.83,176.83,0.0,-97678.164885,0.0
2019-01-15,14,0,142,472.97,472.97,0.0,-261261.333742,0.0
2019-01-15,14,0,143,12.18,12.18,0.0,-6.609923,0.0
2019-01-15,14,0,145,19.65,19.65,0.0,28.92416,0.0
2019-01-15,14,0,146,97.21,97.21,0.0,-97210.0,0.0
2019-01-15,14,0,152,5.9,5.9,0.0,46.118512,0.0
2019-01-15,14,0,153,7.82,7.82,0.0,60.208346,0.0
2019-01-15,14,0,154,45.83,45.83,0.0,131.227651,0.0
2019-01-15,14,0,157,102.31,102.31,0.0,-56514.46615,0.0
2019-01-15,14,0,158,339.19,339.19,0.0,-187363.32493,0.0
2019-01-15,14,0,159,0.0,0.0,0.0,0.0,0.0
2019-01-15,14,0,160,2.01,2.01,0.0,15.713371,0.0
2019-01-15,14,0,161,66.37,66.37,0.0,-26960.539519,0.0
2019-01-15,14,0,162,50.68,50.68,0.0,1176.843515,0.0
2019-01-15,14,0,163,106.09,106.09,0.0,-106090.0,0.0
2019-01-15,14,0,164,25.33,25.33,0.0,-13.746252,0.0
2019-01-15,14,0,167,5.79,5.79,0.0,110.259715,0.0
2019-01-15,14,0,168,2.9,2.9,0.0,55.225073,0.0
2019-01-15,14,0,169,0.0,0.0,0.0,0.0,0.0
2019-01-15,14,0,170,6.34,6.34,0.0,120.733435,0.0
2019-01-15,14,0,172,7.52,7.52,0.0,166.465616,0.0
2019-01-15,14,0,173,11.46,11.46,0.0,253.682973,0.0
2019-01-15,14,0,188,9.9,9.9,0.0,318.334629,0.0
2019-01-15,14,0,190,9.56,9.56,0.0,310.007446,0.0
2019-01-15,14,0,191,24.7,24.7,0.0,800.960661,0.0
2019-01-15,14,0,192,97.5,97.5,0.0,3161.686819,0.0
2019-01-15,14,0,194,27.65,27.65,0.0,-3327.791577,0.0
2019-01-15,14,0,196,6.57,6.57,0.0,1814.150859,0.0
2019-01-15,14,0,198,7.36,7.36,0.0,66.71183,0.0
2019-01-15,14,0,199,31.89,31.89,0.0,-811.610942,0.0
2019-01-15,14,0,200,14.27,14.27,0.0,-363.176173,0.0
2019-01-15,14,0,204,43.38,43.38,0.0,199.492253,0.0
2019-01-15,14,0,205,63.23,63.23,0.0,308.628033,0.0
2019-01-15,14,0,206,481.7,481.7,0.0,-292.975579,0.0
2019-01-15,14,0,210,1.13,1.13,0.0,6.682712,0.0
2019-01-15,14,0,214,6.41,6.41,0.0,89.639021,0.0
2019-01-15,14,0,217,4.27,4.27,0.0,44.724092,0.0
2019-01-15,14,0,218,5.89,5.89,0.0,61.692015,0.0
2019-01-15,14,0,219,4.01,4.01,0.0,42.000845,0.0
2019-01-15,14,0,221,3.42,3.42,0.0,47.826124,0.0
2019-01-15,14,0,225,2.96,2.96,0.0,15.253519,0.0
2019-01-15,14,0,233,3.14,3.14,0.0,39.731564,0.0
2019-01-15,14,0,236,0.0,0.0,0.0,0.0,0.0
2019-01-15,14,0,237,0.0,0.0,0.0,0.0,0.0
2019-01-15,14,0,238,25.42,25.42,0.0,252.150996,0.0
2019-01-15,14,0,240,10.88,10.88,0.0,71.838318,0.0
2019-01-15,14,0,245,54.51,54.51,0.0,585.391255,0.0
2019-01-15,14,0,247,66.42,66.42,0.0,713.294573,0.0
2019-01-15,14,0,248,0.0,0.0,0.0,0.0,0.0
2019-01-15,14,0,249,104.82,104.82,0.0,1125.678066,0.0
2019-01-15,14,0,251,91.32,91.32,0.0,928.489215,0.0
2019-01-15,14,0,252,109.28,109.28,0.0,1127.329315,0.0
2019-01-15,14,0,254,12.37,12.37,0.0,87.152919,0.0
2019-01-15,14,0,255,5.67,5.67,0.0,39.948024,0.0
2019-01-15,14,0,258,13.61,13.61,0.0,90.268537,0.0
2019-01-15,14,0,260,4.87,4.87,0.0,38.0717,0.0
2019-01-15,14,0,265,47.46,47.46,0.0,135.894923,0.0
2019-01-15,14,0,266,5.6,5.6,0.0,16.034799,0.0
2019-01-15,14,0,267,6.88,6.88,0.0,19.699896,0.0
2019-01-15,14,0,270,368.82,368.82,0.0,-368820.0,0.0
2019-01-15,14,0,272,84.61,84.61,0.0,-21633.544053,0.0
2019-01-15,14,0,273,30.22,30.22,0.0,-30220.0,0.0
2019-01-15,14,0,274,491.96,491.96,0.0,-491960.0,0.0
2019-01-15,14,0,275,715.51,715.51,0.0,-715510.0,0.0
2019-01-15,14,0,276,6.87,6.87,0.0,-6183.391072,0.0
2019-01-15,14,0,277,8.59,8.59,0.0,-2294.261353,0.0
2019-01-15,14,0,278,13.74,13.74,0.0,-3669.749825,0.0
2019-01-15,14,0,279,156.47,156.47,0.0,-41790.811868,0.0
2019-01-15,14,0,281,4.11,4.11,0.0,-2.230442,0.0
2019-01-15,14,0,282,367.24,367.24,0.0,-199.296229,0.0
2019-01-15,15,0,9,3.19,3.19,0.0,3.889848,0.0
2019-01-15,15,0,17,12.73,12.73,0.0,119.468832,0.0
2019-01-15,15,0,19,142.45,142.45,0.0,1336.868435,0.0
2019-01-15,15,0,20,172.76,172.76,0.0,1621.322505,0.0
2019-01-15,15,0,21,72.86,72.86,0.0,88.844617,0.0
2019-01-15,15,0,22,258.94,258.94,0.0,315.748354,0.0
2019-01-15,15,0,23,19.63,19.63,0.0,23.936588,0.0
2019-01-15,15,0,24,34.73,34.73,0.0,42.349349,0.0
2019-01-15,15,0,29,3.03,3.03,0.0,18.91803,0.0
2019-01-15,15,0,30,626.16,626.16,0.0,733.759488,0.0
2019-01-15,15,0,31,8.46,8.46,0.0,9.913768,0.0
2019-01-15,15,0,32,4.59,4.59,0.0,107.734593,0.0
2019-01-15,15,0,33,1.03,1.03,0.0,11.374234,0.0
2019-01-15,15,0,34,1.65,1.65,0.0,18.22086,0.0
2019-01-15,15,0,35,1.65,1.65,0.0,18.22086,0.0
2019-01-15,15,0,36,9.11,9.11,0.0,60.177371,0.0
2019-01-15,15,0,37,4.03,4.03,0.0,26.3461,0.0
2019-01-15,15,0,38,5.18,5.18,0.0,33.864217,0.0
2019-01-15,15,0,39,3.45,3.45,0.0,22.554353,0.0
2019-01-15,15,0,40,3.45,3.45,0.0,22.554353,0.0
2019-01-15,15,0,41,13.88,13.88,0.0,52.02014,0.0
2019-01-15,15,0,42,18.86,18.86,0.0,170.219112,0.0
2019-01-15,15,0,43,26.24,26.24,0.0,177.698574,0.0
2019-01-15,15,0,46,25.91,25.91,0.0,155.343763,0.0
2019-01-15,15,0,52,8.97,8.97,0.0,10.511407,0.0
2019-01-15,15,0,53,14.25,14.25,0.0,16.698723,0.0
2019-01-15,15,0,55,171.52,171.52,0.0,209.149447,0.0
2019-01-15,15,0,56,184.7,184.7,0.0,216.438893,0.0
2019-01-15,15,0,57,175.69,175.69,0.0,205.880613,0.0
2019-01-15,15,0,58,337.86,337.86,0.0,395.917945,0.0
2019-01-15,15,0,59,332.23,332.23,0.0,389.320484,0.0
2019-01-15,15,0,63,25.95,25.95,0.0,773.526386,0.0
2019-01-15,15,0,64,30.53,30.53,0.0,910.048576,0.0
2019-01-15,15,0,65,14.92,14.92,0.0,139.025437,0.0
2019-01-15,15,0,67,335.7,335.7,0.0,-9025.705927,0.0
2019-01-15,15,0,68,16.71,16.71,0.0,-237.355495,0.0
2019-01-15,15,0,69,1.03,1.03,0.0,11.374234,0.0
2019-01-15,15,0,74,0.0,0.0,0.0,0.0,0.0
2019-01-15,15,0,77,33.95,33.95,0.0,-113.398002,0.0
2019-01-15,15,0,78,25.67,25.67,0.0,-85.741582,0.0
2019-01-15,15,0,79,14.85,14.85,0.0,-49.601188,0.0
2019-01-15,15,0,80,24.02,24.02,0.0,-80.230339,0.0
2019-01-15,15,0,81,31.4,31.4,0.0,-104.880627,0.0
2019-01-15,15,0,82,22.15,22.15,0.0,-73.984264,0.0
2019-01-15,15,0,83,49.4,49.4,0.0,-165.003279,0.0
2019-01-15,15,0,84,0.0,0.0,0.0,0.0,0.0
2019-01-15,15,0,86,5.21,5.21,0.0,57.533746,0.0
2019-01-15,15,0,87,26.6,26.6,0.0,293.742348,0.0
2019-01-15,15,0,88,27.34,27.34,0.0,-91.319628,0.0
2019-01-15,15,0,89,26.28,26.28,0.0,-87.779072,0.0
2019-01-15,15,0,90,35.29,35.29,0.0,-117.8738,0.0
2019-01-15,15,0,91,125.87,125.87,0.0,-420.424346,0.0
2019-01-15,15,0,92,45.27,45.27,0.0,-151.20847,0.0
2019-01-15,15,0,95,37.01,37.01,0.0,830.124552,0.0
2019-01-15,15,0,96,16.47,16.47,0.0,18.481779,0.0
2019-01-15,15,0,97,101.31,101.31,0.0,113.68482,0.0
2019-01-15,15,0,99,0.0,0.0,0.0,0.0,0.0
2019-01-15,15,0,101,12.61,12.61,0.0,14.776905,0.0
2019-01-15,15,0,102,39.57,39.57,0.0,-562.06804,0.0
2019-01-15,15,0,103,34.41,34.41,0.0,-488.773344,0.0
2019-01-15,15,0,104,6.39,6.39,0.0,-90.766105,0.0
2019-01-15,15,0,106,254.9,254.9,0.0,310.822026,0.0
2019-01-15,15,0,109,12.02,12.02,0.0,63.592403,0.0
2019-01-15,15,0,110,212.68,212.68,0.0,-13977.757834,0.0
2019-01-15,15,0,111,10.74,10.74,0.0,40.251895,0.0
2019-01-15,15,0,113,19.62,19.62,0.0,-34.593783,0.0
2019-01-15,15,0,115,19.62,19.62,0.0,-34.593783,0.0
2019-01-15,15,0,116,117.45,117.45,0.0,-7719.050487,0.0
2019-01-15,15,0,117,1.31,1.31,0.0,-2.309779,0.0
2019-01-15,15,0,119,30.53,30.53,0.0,910.048576,0.0
2019-01-15,15,0,120,17.95,17.95,0.0,535.059677,0.0
2019-01-15,15,0,123,4.25,4.25,0.0,5.182399,0.0
2019-01-15,15,0,125,31.43,31.43,0.0,38.325368,0.0
2019-01-15,15,0,126,191.17,191.17,0.0,233.110423,0.0
2019-01-15,15,0,127,245.34,245.34,0.0,299.164676,0.0
2019-01-15,15,0,128,45.02,45.02,0.0,54.896852,0.0
2019-01-15,15,0,131,42.59,42.59,0.0,-460.716167,0.0
2019-01-15,15,0,132,62.68,62.68,0.0,-678.039195,0.0
2019-01-15,15,0,133,16.63,16.63,0.0,156.174263,0.0
2019-01-15,15,0,134,0.0,0.0,0.0,0.0,0.0
2019-01-15,15,0,135,22.28,22.28,0.0,209.23407,0.0
2019-01-15,15,0,136,18.44,18.44,0.0,171.757415,0.0
2019-01-15,15,0,139,18.05,18.05,0.0,67.648669,0.0
2019-01-15,15,0,140,157.41,157.41,0.0,-10345.302147,0.0
2019-01-15,15,0,141,166.57,166.57,0.0,-4478.438595,0.0
2019-01-15,15,0,142,442.71,442.71,0.0,-11902.800926,0.0
2019-01-15,15,0,143,11.81,11.81,0.0,13.839433,0.0
2019-01-15,15,0,145,10.04,10.04,0.0,27.124171,0.0
2019-01-15,15,0,146,89.92,89.92,0.0,-5909.723455,0.0
2019-01-15,15,0,152,5.53,5.53,0.0,41.343516,0.0
2019-01-15,15,0,153,7.37,7.37,0.0,54.462364,0.0
2019-01-15,15,0,154,44.29,44.29,0.0,165.992219,0.0
2019-01-15,15,0,157,112.58,112.58,0.0,-3026.851276,0.0
2019-01-15,15,0,158,320.02,320.02,0.0,-8604.12991,0.0
2019-01-15,15,0,159,0.0,0.0,0.0,0.0,0.0
2019-01-15,15,0,160,1.89,1.89,0.0,14.367191,0.0
2019-01-15,15,0,161,61.51,61.51,0.0,-873.712538,0.0
2019-01-15,15,0,162,62.12,62.12,0.0,1397.712839,0.0
2019-01-15,15,0,163,95.01,95.01,0.0,-6244.248504,0.0
2019-01-15,15,0,164,23.75,23.75,0.0,27.831206,0.0
2019-01-15,15,0,167,5.29,5.29,0.0,117.413536,0.0
2019-01-15,15,0,168,2.65,2.65,0.0,58.817745,0.0
2019-01-15,15,0,169,0.0,0.0,0.0,0.0,0.0
2019-01-15,15,0,170,5.79,5.79,0.0,128.511224,0.0
2019-01-15,15,0,172,6.98,6.98,0.0,147.748168,0.0
2019-01-15,15,0,173,10.64,10.64,0.0,225.220703,0.0
2019-01-15,15,0,188,9.0,9.0,0.0,197.946184,0.0
2019-01-15,15,0,190,9.02,9.02,0.0,268.871214,0.0
2019-01-15,15,0,191,23.3,23.3,0.0,694.534288,0.0
2019-01-15,15,0,192,141.69,141.69,0.0,4223.543491,0.0
2019-01-15,15,0,194,21.09,21.09,0.0,192.930233,0.0
2019-01-15,15,0,196,6.18,6.18,0.0,266.46128,0.0
2019-01-15,15,0,198,6.93,6.93,0.0,60.112902,0.0
2019-01-15,15,0,199,32.56,32.56,0.0,352.615913,0.0
2019-01-15,15,0,200,13.09,13.09,0.0,141.761127,0.0
2019-01-15,15,0,204,42.05,42.05,0.0,213.598072,0.0
2019-01-15,15,0,205,63.57,63.57,0.0,336.32022,0.0
2019-01-15,15,0,206,297.68,297.68,0.0,334.041034,0.0
2019-01-15,15,0,210,1.04,1.04,0.0,7.008438,0.0
2019-01-15,15,0,214,5.87,5.87,0.0,70.586318,0.0
2019-01-15,15,0,217,3.91,3.91,0.0,38.034364,0.0
2019-01-15,15,0,218,5.39,5.39,0.0,52.431003,0.0
2019-01-15,15,0,219,3.67,3.67,0.0,35.699774,0.0
2019-01-15,15,0,221,3.13,3.13,0.0,37.63802,0.0
2019-01-15,15,0,225,2.69,2.69,0.0,16.666543,0.0
2019-01-15,15,0,233,2.95,2.95,0.0,32.576689,0.0
2019-01-15,15,0,236,0.0,0.0,0.0,0.0,0.0
2019-01-15,15,0,237,0.0,0.0,0.0,0.0,0.0
2019-01-15,15,0,238,24.54,24.54,0.0,221.483404,0.0
2019-01-15,15,0,240,10.32,10.32,0.0,68.170194,0.0
2019-01-15,15,0,245,40.41,40.41,0.0,389.162346,0.0
2019-01-15,15,0,247,44.66,44.66,0.0,430.091323,0.0
2019-01-15,15,0,248,0.0,0.0,0.0,0.0,0.0
2019-01-15,15,0,249,77.71,77.71,0.0,748.374311,0.0
2019-01-15,15,0,251,78.91,78.91,0.0,726.637883,0.0
2019-01-15,15,0,252,96.26,96.26,0.0,896.956341,0.0
2019-01-15,15,0,254,11.69,11.69,0.0,81.598949,0.0
2019-01-15,15,0,255,5.36,5.36,0.0,37.414061,0.0
2019-01-15,15,0,258,12.9,12.9,0.0,85.559451,0.0
2019-01-15,15,0,260,4.6,4.6,0.0,34.967767,0.0
2019-01-15,15,0,265,45.85,45.85,0.0,171.838863,0.0
2019-01-15,15,0,266,11.54,11.54,0.0,43.250174,0.0
2019-01-15,15,0,267,14.28,14.28,0.0,53.519279,0.0
2019-01-15,15,0,270,310.11,310.11,0.0,-20381.053611,0.0
2019-01-15,15,0,272,65.58,65.58,0.0,-115.629984,0.0
2019-01-15,15,0,273,28.09,28.09,0.0,-1846.13136,0.0
2019-01-15,15,0,274,408.46,408.46,0.0,-26844.81364,0.0
2019-01-15,15,0,275,586.28,586.28,0.0,-38531.502083,0.0
2019-01-15,15,0,276,6.39,6.39,0.0,-364.554624,0.0
2019-01-15,15,0,277,8.01,8.01,0.0,-19.187294,0.0
2019-01-15,15,0,278,12.82,12.82,0.0,-30.709252,0.0
2019-01-15,15,0,279,119.81,119.81,0.0,-286.99497,0.0
2019-01-15,15,0,281,3.8,3.8,0.0,4.452993,0.0
2019-01-15,15,0,282,343.49,343.49,0.0,402.515406,0.0
2019-01-15,16,0,9,2.66,2.66,0.0,11.343125,0.0
2019-01-15,16,0,17,8.68,8.68,0.0,85.573378,0.0
2019-01-15,16,0,19,202.63,202.63,0.0,1997.665163,0.0
2019-01-15,16,0,20,255.74,255.74,0.0,2521.259876,0.0
2019-01-15,16,0,21,60.82,60.82,0.0,259.356719,0.0
2019-01-15,16,0,22,216.16,216.16,0.0,921.77817,0.0
2019-01-15,16,0,23,17.48,17.48,0.0,74.540537,0.0
2019-01-15,16,0,24,30.92,30.92,0.0,131.853169,0.0
2019-01-15,16,0,29,1.96,1.96,0.0,16.392977,0.0
2019-01-15,16,0,30,515.54,515.54,0.0,2181.403891,0.0
2019-01-15,16,0,31,8.45,8.45,0.0,35.754477,0.0
2019-01-15,16,0,32,3.9,3.9,0.0,79.809612,0.0
2019-01-15,16,0,33,0.96,0.96,0.0,10.532,0.0
2019-01-15,16,0,34,1.53,1.53,0.0,16.785374,0.0
2019-01-15,16,0,35,1.53,1.53,0.0,16.785374,0.0
2019-01-15,16,0,36,7.43,7.43,0.0,59.583765,0.0
2019-01-15,16,0,37,3.42,3.42,0.0,27.283518,0.0
2019-01-15,16,0,38,4.4,4.4,0.0,35.101602,0.0
2019-01-15,16,0,39,2.93,2.93,0.0,23.374476,0.0
2019-01-15,16,0,40,2.93,2.93,0.0,23.374476,0.0
2019-01-15,16,0,41,23.46,23.46,0.0,141.10891,0.0
2019-01-15,16,0,42,14.35,14.35,0.0,138.012693,0.0
2019-01-15,16,0,43,23.43,23.43,0.0,191.147664,0.0
2019-01-15,16,0,46,19.18,19.18,0.0,145.875389,0.0
2019-01-15,16,0,52,8.95,8.95,0.0,37.870126,0.0
2019-01-15,16,0,53,14.23,14.23,0.0,60.211385,0.0
2019-01-15,16,0,55,160.78,160.78,0.0,685.619422,0.0
2019-01-15,16,0,56,152.07,152.07,0.0,643.45364,0.0
2019-01-15,16,0,57,144.65,144.65,0.0,612.057402,0.0
2019-01-15,16,0,58,278.17,278.17,0.0,1177.020445,0.0
2019-01-15,16,0,59,273.53,273.53,0.0,1157.387218,0.0
2019-01-15,16,0,63,26.95,26.95,0.0,672.208654,0.0
2019-01-15,16,0,64,31.71,31.71,0.0,790.936416,0.0
2019-01-15,16,0,65,13.52,13.52,0.0,132.683949,0.0
2019-01-15,16,0,67,276.31,276.31,0.0,-4365.696516,0.0
2019-01-15,16,0,68,12.6,12.6,0.0,-84.376034,0.0
2019-01-15,16,0,69,0.96,0.96,0.0,10.532,0.0
2019-01-15,16,0,74,0.0,0.0,0.0,0.0,0.0
2019-01-15,16,0,77,26.33,26.33,0.0,28.838611,0.0
2019-01-15,16,0,78,19.91,19.91,0.0,21.80694,0.0
2019-01-15,16,0,79,11.52,11.52,0.0,12.617577,0.0
2019-01-15,16,0,80,18.63,18.63,0.0,20.404987,0.0
2019-01-15,16,0,81,24.36,24.36,0.0,26.680918,0.0
2019-01-15,16,0,82,17.18,17.18,0.0,18.816838,0.0
2019-01-15,16,0,83,38.31,38.31,0.0,41.960015,0.0
2019-01-15,16,0,84,0.0,0.0,0.0,0.0,0.0
2019-01-15,16,0,86,4.86,4.86,0.0,53.318248,0.0
2019-01-15,16,0,87,24.79,24.79,0.0,271.966949,0.0
2019-01-15,16,0,88,21.08,21.08,0.0,23.088413,0.0
2019-01-15,16,0,89,20.26,20.26,0.0,22.190287,0.0
2019-01-15,16,0,90,27.2,27.2,0.0,29.791501,0.0
2019-01-15,16,0,91,97.04,97.04,0.0,106.28556,0.0
2019-01-15,16,0,92,34.9,34.9,0.0,38.225124,0.0
2019-01-15,16,0,95,45.81,45.81,0.0,890.811173,0.0
2019-01-15,16,0,96,13.98,13.98,0.0,58.670921,0.0
2019-01-15,16,0,97,85.99,85.99,0.0,360.880724,0.0
2019-01-15,16,0,99,0.0,0.0,0.0,0.0,0.0
2019-01-15,16,0,101,10.38,10.38,0.0,43.920884,0.0
2019-01-15,16,0,102,29.82,29.82,0.0,-199.689948,0.0
2019-01-15,16,0,103,25.93,25.93,0.0,-173.640522,0.0
2019-01-15,16,0,104,4.82,4.82,0.0,-32.277181,0.0
2019-01-15,16,0,106,212.79,212.79,0.0,907.407369,0.0
2019-01-15,16,0,109,12.44,12.44,0.0,88.293642,0.0
2019-01-15,16,0,110,284.58,284.58,0.0,-12429.81618,0.0
2019-01-15,16,0,111,6.5,6.5,0.0,39.096671,0.0
2019-01-15,16,0,113,14.99,14.99,0.0,33.730175,0.0
2019-01-15,16,0,115,14.99,14.99,0.0,33.730175,0.0
2019-01-15,16,0,116,96.18,96.18,0.0,-4200.9267,0.0
2019-01-15,16,0,117,1.0,1.0,0.0,2.250178,0.0
2019-01-15,16,0,119,31.71,31.71,0.0,790.936416,0.0
2019-01-15,16,0,120,18.64,18.64,0.0,464.933926,0.0
2019-01-15,16,0,123,3.55,3.55,0.0,15.138381,0.0
2019-01-15,16,0,125,27.98,27.98,0.0,119.316031,0.0
2019-01-15,16,0,126,159.59,159.59,0.0,680.544866,0.0
2019-01-15,16,0,127,204.81,204.81,0.0,873.377994,0.0
2019-01-15,16,0,128,40.08,40.08,0.0,170.914457,0.0
2019-01-15,16,0,131,13.2,13.2,0.0,-56.301307,0.0
2019-01-15,16,0,132,19.4,19.4,0.0,-82.74586,0.0
2019-01-15,16,0,133,14.93,14.93,0.0,147.253147,0.0
2019-01-15,16,0,134,0.0,0.0,0.0,0.0,0.0
2019-01-15,16,0,135,18.98,18.98,0.0,187.197905,0.0
2019-01-15,16,0,136,18.98,18.98,0.0,186.22119,0.0
2019-01-15,16,0,139,30.56,30.56,0.0,183.814505,0.0
2019-01-15,16,0,140,210.62,210.62,0.0,-9199.409248,0.0
2019-01-15,16,0,141,162.73,162.73,0.0,-2571.133126,0.0
2019-01-15,16,0,142,364.39,364.39,0.0,-5757.360042,0.0
2019-01-15,16,0,143,13.22,13.22,0.0,55.937773,0.0
2019-01-15,16,0,145,9.63,9.63,0.0,50.998265,0.0
2019-01-15,16,0,146,83.61,83.61,0.0,-3651.89729,0.0
2019-01-15,16,0,152,4.55,4.55,0.0,39.042505,0.0
2019-01-15,16,0,153,6.1,6.1,0.0,51.989739,0.0
2019-01-15,16,0,154,26.8,26.8,0.0,161.198584,0.0
2019-01-15,16,0,157,123.53,123.53,0.0,-1951.773336,0.0
2019-01-15,16,0,158,262.45,262.45,0.0,-4146.70859,0.0
2019-01-15,16,0,159,0.0,0.0,0.0,0.0,0.0
2019-01-15,16,0,160,1.74,1.74,0.0,15.270711,0.0
2019-01-15,16,0,161,51.85,51.85,0.0,-347.214078,0.0
2019-01-15,16,0,162,75.26,75.26,0.0,1467.279279,0.0
2019-01-15,16,0,163,81.72,81.72,0.0,-3569.346329,0.0
2019-01-15,16,0,164,19.46,19.46,0.0,82.341079,0.0
2019-01-15,16,0,167,4.55,4.55,0.0,87.66907,0.0
2019-01-15,16,0,168,2.28,2.28,0.0,43.930875,0.0
2019-01-15,16,0,169,0.0,0.0,0.0,0.0,0.0
2019-01-15,16,0,170,4.98,4.98,0.0,95.954279,0.0
2019-01-15,16,0,172,5.74,5.74,0.0,107.488709,0.0
2019-01-15,16,0,173,8.74,8.74,0.0,163.667477,0.0
2019-01-15,16,0,188,7.63,7.63,0.0,147.568015,0.0
2019-01-15,16,0,190,7.49,7.49,0.0,186.821626,0.0
2019-01-15,16,0,191,19.34,19.34,0.0,482.393891,0.0
2019-01-15,16,0,192,202.69,202.69,0.0,5055.657588,0.0
2019-01-15,16,0,194,16.15,16.15,0.0,163.179057,0.0
2019-01-15,16,0,196,5.06,5.06,0.0,174.576678,0.0
2019-01-15,16,0,198,6.19,6.19,0.0,59.62198,0.0
2019-01-15,16,0,199,34.31,34.31,0.0,390.992595,0.0
2019-01-15,16,0,200,11.27,11.27,0.0,128.431552,0.0
2019-01-15,16,0,204,41.46,41.46,0.0,288.303551,0.0
2019-01-15,16,0,205,65.78,65.78,0.0,466.877472,0.0
2019-01-15,16,0,206,252.67,252.67,0.0,1060.399262,0.0
2019-01-15,16,0,210,0.69,0.69,0.0,5.990004,0.0
2019-01-15,16,0,214,4.68,4.68,0.0,54.425331,0.0
2019-01-15,16,0,217,2.91,2.91,0.0,30.117634,0.0
2019-01-15,16,0,218,4.01,4.01,0.0,41.502307,0.0
2019-01-15,16,0,219,2.73,2.73,0.0,28.254688,0.0
2019-01-15,16,0,221,2.49,2.49,0.0,28.957067,0.0
2019-01-15,16,0,225,1.8,1.8,0.0,14.9996,0.0
2019-01-15,16,0,233,2.75,2.75,0.0,30.169791,0.0
2019-01-15,16,0,236,0.0,0.0,0.0,0.0,0.0
2019-01-15,16,0,237,0.0,0.0,0.0,0.0,0.0
2019-01-15,16,0,238,18.68,18.68,0.0,179.656941,0.0
2019-01-15,16,0,240,8.42,8.42,0.0,67.522921,0.0
2019-01-15,16,0,245,30.83,30.83,0.0,309.020272,0.0
2019-01-15,16,0,247,29.75,29.75,0.0,298.19504,0.0
2019-01-15,16,0,248,0.0,0.0,0.0,0.0,0.0
2019-01-15,16,0,249,59.29,59.29,0.0,594.285174,0.0
2019-01-15,16,0,251,72.31,72.31,0.0,704.326593,0.0
2019-01-15,16,0,252,87.22,87.22,0.0,855.968495,0.0
2019-01-15,16,0,254,10.92,10.92,0.0,90.781553,0.0
2019-01-15,16,0,255,5.0,5.0,0.0,41.566645,0.0
2019-01-15,16,0,258,10.46,10.46,0.0,84.117039,0.0
2019-01-15,16,0,260,4.23,4.23,0.0,37.123626,0.0
2019-01-15,16,0,265,27.74,27.74,0.0,166.852564,0.0
2019-01-15,16,0,266,19.48,19.48,0.0,117.169717,0.0
2019-01-15,16,0,267,24.14,24.14,0.0,145.199023,0.0
2019-01-15,16,0,270,220.88,220.88,0.0,-9647.543038,0.0
2019-01-15,16,0,272,50.11,50.11,0.0,112.756443,0.0
2019-01-15,16,0,273,23.0,23.0,0.0,-1004.588419,0.0
2019-01-15,16,0,274,275.65,275.65,0.0,-12039.773807,0.0
2019-01-15,16,0,275,369.55,369.55,0.0,-16141.11522,0.0
2019-01-15,16,0,276,5.3,5.3,0.0,-198.502179,0.0
2019-01-15,16,0,277,6.77,6.77,0.0,12.099069,0.0
2019-01-15,16,0,278,10.83,10.83,0.0,19.354936,0.0
2019-01-15,16,0,279,203.62,203.62,0.0,363.901385,0.0
2019-01-15,16,0,281,3.79,3.79,0.0,16.036623,0.0
2019-01-15,16,0,282,282.81,282.81,0.0,1196.653673,0.0
2019-01-15,17,0,9,1.83,1.83,0.0,10.830532,0.0
2019-01-15,17,0,17,5.96,5.96,0.0,67.691932,0.0
2019-01-15,17,0,19,146.77,146.77,0.0,1666.97062,0.0
2019-01-15,17,0,20,176.74,176.74,0.0,2007.361092,0.0
2019-01-15,17,0,21,41.75,41.75,0.0,247.090002,0.0
2019-01-15,17,0,22,148.38,148.38,0.0,878.160827,0.0
2019-01-15,17,0,23,17.72,17.72,0.0,104.872691,0.0
2019-01-15,17,0,24,31.52,31.52,0.0,186.545554,0.0
2019-01-15,17,0,29,1.32,1.32,0.0,11.705991,0.0
2019-01-15,17,0,30,359.0,359.0,0.0,2113.406394,0.0
2019-01-15,17,0,31,5.57,5.57,0.0,32.790177,0.0
2019-01-15,17,0,32,2.66,2.66,0.0,53.871841,0.0
2019-01-15,17,0,33,0.66,0.66,0.0,8.234607,0.0
2019-01-15,17,0,34,1.05,1.05,0.0,13.100512,0.0
2019-01-15,17,0,35,1.05,1.05,0.0,13.100512,0.0
2019-01-15,17,0,36,5.22,5.22,0.0,49.419008,0.0
2019-01-15,17,0,37,2.36,2.36,0.0,22.228469,0.0
2019-01-15,17,0,38,3.04,3.04,0.0,28.633282,0.0
2019-01-15,17,0,39,2.03,2.03,0.0,19.120251,0.0
2019-01-15,17,0,40,2.03,2.03,0.0,19.120251,0.0
2019-01-15,17,0,41,7.42,7.42,0.0,56.329975,0.0
2019-01-15,17,0,42,9.9,9.9,0.0,110.040015,0.0
2019-01-15,17,0,43,16.05,16.05,0.0,153.487215,0.0
2019-01-15,17,0,46,13.44,13.44,0.0,121.742682,0.0
2019-01-15,17,0,52,5.91,5.91,0.0,34.791732,0.0
2019-01-15,17,0,53,9.38,9.38,0.0,55.219365,0.0
2019-01-15,17,0,55,113.97,113.97,0.0,674.511319,0.0
2019-01-15,17,0,56,105.89,105.89,0.0,623.366582,0.0
2019-01-15,17,0,57,100.73,100.73,0.0,592.990045,0.0
2019-01-15,17,0,58,193.71,193.71,0.0,1140.356414,0.0
2019-01-15,17,0,59,190.48,190.48,0.0,1121.341643,0.0
2019-01-15,17,0,63,40.73,40.73,0.0,990.652194,0.0
2019-01-15,17,0,64,47.9,47.9,0.0,1165.04395,0.0
2019-01-15,17,0,65,11.82,11.82,0.0,133.715517,0.0
2019-01-15,17,0,67,190.59,190.59,0.0,-2351.057685,0.0
2019-01-15,17,0,68,5.7,5.7,0.0,-23.526505,0.0
2019-01-15,17,0,69,0.66,0.66,0.0,8.234607,0.0
2019-01-15,17,0,74,0.0,0.0,0.0,0.0,0.0
2019-01-15,17,0,77,19.74,19.74,0.0,57.409953,0.0
2019-01-15,17,0,78,14.92,14.92,0.0,43.39192,0.0
2019-01-15,17,0,79,8.63,8.63,0.0,25.098678,0.0
2019-01-15,17,0,80,13.96,13.96,0.0,40.599947,0.0
2019-01-15,17,0,81,18.26,18.26,0.0,53.105661,0.0
2019-01-15,17,0,82,12.88,12.88,0.0,37.458977,0.0
2019-01-15,17,0,83,28.72,28.72,0.0,83.526538,0.0
2019-01-15,17,0,84,0.0,0.0,0.0,0.0,0.0
2019-01-15,17,0,86,3.34,3.34,0.0,41.672104,0.0
2019-01-15,17,0,87,17.04,17.04,0.0,212.602592,0.0
2019-01-15,17,0,88,16.63,16.63,0.0,48.365123,0.0
2019-01-15,17,0,89,15.99,15.99,0.0,46.503807,0.0
2019-01-15,17,0,90,21.47,21.47,0.0,62.441322,0.0
2019-01-15,17,0,91,76.59,76.59,0.0,222.747129,0.0
2019-01-15,17,0,92,27.55,27.55,0.0,80.12382,0.0
2019-01-15,17,0,95,38.11,38.11,0.0,741.078668,0.0
2019-01-15,17,0,96,9.6,9.6,0.0,56.199479,0.0
2019-01-15,17,0,97,59.03,59.03,0.0,345.568254,0.0
2019-01-15,17,0,99,0.0,0.0,0.0,0.0,0.0
2019-01-15,17,0,101,7.23,7.23,0.0,42.562474,0.0
2019-01-15,17,0,102,13.47,13.47,0.0,-55.596845,0.0
2019-01-15,17,0,103,11.72,11.72,0.0,-48.373795,0.0
2019-01-15,17,0,104,2.19,2.19,0.0,-9.039131,0.0
2019-01-15,17,0,106,146.07,146.07,0.0,864.4895,0.0
2019-01-15,17,0,109,8.73,8.73,0.0,75.110794,0.0
2019-01-15,17,0,110,215.25,215.25,0.0,-8065.821821,0.0
2019-01-15,17,0,111,4.83,4.83,0.0,36.667625,0.0
2019-01-15,17,0,113,12.57,12.57,0.0,49.224177,0.0
2019-01-15,17,0,115,12.57,12.57,0.0,49.224177,0.0
2019-01-15,17,0,116,67.81,67.81,0.0,-2540.968073,0.0
2019-01-15,17,0,117,0.84,0.84,0.0,3.289444,0.0
2019-01-15,17,0,119,47.9,47.9,0.0,1165.04395,0.0
2019-01-15,17,0,120,28.19,28.19,0.0,685.649039,0.0
2019-01-15,17,0,123,2.43,2.43,0.0,14.381526,0.0
2019-01-15,17,0,125,28.49,28.49,0.0,168.613034,0.0
2019-01-15,17,0,126,109.55,109.55,0.0,648.352329,0.0
2019-01-15,17,0,127,140.59,140.59,0.0,832.057088,0.0
2019-01-15,17,0,128,41.01,41.01,0.0,242.710443,0.0
2019-01-15,17,0,131,9.84,9.84,0.0,-19.043281,0.0
2019-01-15,17,0,132,14.47,14.47,0.0,-28.003687,0.0
2019-01-15,17,0,133,28.41,28.41,0.0,322.793052,0.0
2019-01-15,17,0,134,0.0,0.0,0.0,0.0,0.0
2019-01-15,17,0,135,37.19,37.19,0.0,422.550989,0.0
2019-01-15,17,0,136,15.57,15.57,0.0,176.099439,0.0
2019-01-15,17,0,139,9.58,9.58,0.0,72.727919,0.0
2019-01-15,17,0,140,159.31,159.31,0.0,-5969.644944,0.0
2019-01-15,17,0,141,113.38,113.38,0.0,-1398.619656,0.0
2019-01-15,17,0,142,251.34,251.34,0.0,-3100.450383,0.0
2019-01-15,17,0,143,8.62,8.62,0.0,50.745301,0.0
2019-01-15,17,0,145,7.08,7.08,0.0,48.824249,0.0
2019-01-15,17,0,146,64.39,64.39,0.0,-2412.814249,0.0
2019-01-15,17,0,152,3.14,3.14,0.0,31.614604,0.0
2019-01-15,17,0,153,4.21,4.21,0.0,42.141646,0.0
2019-01-15,17,0,154,19.91,19.91,0.0,151.149568,0.0
2019-01-15,17,0,157,95.12,95.12,0.0,-1173.370098,0.0
2019-01-15,17,0,158,183.09,183.09,0.0,-2258.540068,0.0
2019-01-15,17,0,159,0.0,0.0,0.0,0.0,0.0
2019-01-15,17,0,160,1.2,1.2,0.0,12.102907,0.0
2019-01-15,17,0,161,36.15,36.15,0.0,-149.207569,0.0
2019-01-15,17,0,162,57.69,57.69,0.0,1124.455939,0.0
2019-01-15,17,0,163,80.66,80.66,0.0,-3022.48171,0.0
2019-01-15,17,0,164,13.94,13.94,0.0,82.063747,0.0
2019-01-15,17,0,167,3.08,3.08,0.0,59.411228,0.0
2019-01-15,17,0,168,1.54,1.54,0.0,29.705614,0.0
2019-01-15,17,0,169,0.0,0.0,0.0,0.0,0.0
2019-01-15,17,0,170,3.37,3.37,0.0,65.005142,0.0
2019-01-15,17,0,172,3.9,3.9,0.0,72.968564,0.0
2019-01-15,17,0,173,5.94,5.94,0.0,111.136736,0.0
2019-01-15,17,0,188,5.2,5.2,0.0,100.172416,0.0
2019-01-15,17,0,190,5.2,5.2,0.0,126.476587,0.0
2019-01-15,17,0,191,13.43,13.43,0.0,326.65011,0.0
2019-01-15,17,0,192,154.04,154.04,0.0,3746.62568,0.0
2019-01-15,17,0,194,14.26,14.26,0.0,156.375969,0.0
2019-01-15,17,0,196,3.55,3.55,0.0,116.928254,0.0
2019-01-15,17,0,198,4.26,4.26,0.0,45.698219,0.0
2019-01-15,17,0,199,30.46,30.46,0.0,365.311942,0.0
2019-01-15,17,0,200,7.74,7.74,0.0,92.827132,0.0
2019-01-15,17,0,204,31.24,31.24,0.0,264.378097,0.0
2019-01-15,17,0,205,46.2,46.2,0.0,397.49355,0.0
2019-01-15,17,0,206,173.45,173.45,0.0,1015.395794,0.0
2019-01-15,17,0,210,0.47,0.47,0.0,4.329349,0.0
2019-01-15,17,0,214,3.19,3.19,0.0,41.914817,0.0
2019-01-15,17,0,217,1.95,1.95,0.0,22.290746,0.0
2019-01-15,17,0,218,2.7,2.7,0.0,30.86411,0.0
2019-01-15,17,0,219,1.84,1.84,0.0,21.033319,0.0
2019-01-15,17,0,221,1.7,1.7,0.0,22.33705,0.0
2019-01-15,17,0,225,1.21,1.21,0.0,10.690387,0.0
2019-01-15,17,0,233,1.89,1.89,0.0,23.580921,0.0
2019-01-15,17,0,236,0.0,0.0,0.0,0.0,0.0
2019-01-15,17,0,237,0.0,0.0,0.0,0.0,0.0
2019-01-15,17,0,238,12.89,12.89,0.0,143.274323,0.0
2019-01-15,17,0,240,5.92,5.92,0.0,56.046078,0.0
2019-01-15,17,0,245,24.93,24.93,0.0,287.27825,0.0
2019-01-15,17,0,247,27.03,27.03,0.0,311.477381,0.0
2019-01-15,17,0,248,0.0,0.0,0.0,0.0,0.0
2019-01-15,17,0,249,47.94,47.94,0.0,552.431581,0.0
2019-01-15,17,0,251,65.82,65.82,0.0,739.729454,0.0
2019-01-15,17,0,252,76.24,76.24,0.0,862.476397,0.0
2019-01-15,17,0,254,7.55,7.55,0.0,73.191419,0.0
2019-01-15,17,0,255,3.46,3.46,0.0,33.542028,0.0
2019-01-15,17,0,258,7.39,7.39,0.0,70.077295,0.0
2019-01-15,17,0,260,2.93,2.93,0.0,29.551265,0.0
2019-01-15,17,0,265,20.61,20.61,0.0,156.463717,0.0
2019-01-15,17,0,266,6.2,6.2,0.0,47.068173,0.0
2019-01-15,17,0,267,7.62,7.62,0.0,57.848303,0.0
2019-01-15,17,0,270,251.91,251.91,0.0,-9439.540882,0.0
2019-01-15,17,0,272,42.01,42.01,0.0,164.51135,0.0
2019-01-15,17,0,273,16.22,16.22,0.0,-607.793867,0.0
2019-01-15,17,0,274,324.74,324.74,0.0,-12168.617784,0.0
2019-01-15,17,0,275,452.05,452.05,0.0,-16939.16262,0.0
2019-01-15,17,0,276,3.73,3.73,0.0,-118.835921,0.0
2019-01-15,17,0,277,4.72,4.72,0.0,16.576648,0.0
2019-01-15,17,0,278,7.55,7.55,0.0,26.515613,0.0
2019-01-15,17,0,279,74.82,74.82,0.0,262.767973,0.0
2019-01-15,17,0,281,2.5,2.5,0.0,14.717315,0.0
2019-01-15,17,0,282,196.93,196.93,0.0,1159.312315,0.0
2019-01-15,18,0,9,0.96,0.96,0.0,12.929202,0.0
2019-01-15,18,0,17,2.9,2.9,0.0,47.174091,0.0
2019-01-15,18,0,19,146.74,146.74,0.0,2387.008991,0.0
2019-01-15,18,0,20,178.69,178.69,0.0,2906.737335,0.0
2019-01-15,18,0,21,22.0,22.0,0.0,296.294205,0.0
2019-01-15,18,0,22,78.18,78.18,0.0,1052.921861,0.0
2019-01-15,18,0,23,25.56,25.56,0.0,344.239995,0.0
2019-01-15,18,0,24,45.36,45.36,0.0,610.904779,0.0
2019-01-15,18,0,29,0.54,0.54,0.0,4.856928,0.0
2019-01-15,18,0,30,197.88,197.88,0.0,2662.659925,0.0
2019-01-15,18,0,31,3.58,3.58,0.0,48.172238,0.0
2019-01-15,18,0,32,1.1,1.1,0.0,21.341214,0.0
2019-01-15,18,0,33,0.31,0.31,0.0,5.288709,0.0
2019-01-15,18,0,34,0.5,0.5,0.0,8.530176,0.0
2019-01-15,18,0,35,0.5,0.5,0.0,8.530176,0.0
2019-01-15,18,0,36,2.53,2.53,0.0,37.200557,0.0
2019-01-15,18,0,37,1.15,1.15,0.0,16.82854,0.0
2019-01-15,18,0,38,1.47,1.47,0.0,21.511264,0.0
2019-01-15,18,0,39,0.98,0.98,0.0,14.340843,0.0
2019-01-15,18,0,40,0.98,0.98,0.0,14.340843,0.0
2019-01-15,18,0,41,6.05,6.05,0.0,85.685059,0.0
2019-01-15,18,0,42,5.27,5.27,0.0,84.820341,0.0
2019-01-15,18,0,43,7.64,7.64,0.0,110.980506,0.0
2019-01-15,18,0,46,6.41,6.41,0.0,92.65305,0.0
2019-01-15,18,0,52,3.79,3.79,0.0,50.997984,0.0
2019-01-15,18,0,53,6.03,6.03,0.0,81.139273,0.0
2019-01-15,18,0,55,62.62,62.62,0.0,843.361051,0.0
2019-01-15,18,0,56,58.37,58.37,0.0,785.422781,0.0
2019-01-15,18,0,57,55.52,55.52,0.0,747.073373,0.0
2019-01-15,18,0,58,106.77,106.77,0.0,1436.689914,0.0
2019-01-15,18,0,59,104.99,104.99,0.0,1412.738354,0.0
2019-01-15,18,0,63,59.37,59.37,0.0,1244.210623,0.0
2019-01-15,18,0,64,69.85,69.85,0.0,1463.838841,0.0
2019-01-15,18,0,65,10.25,10.25,0.0,166.408538,0.0
2019-01-15,18,0,67,99.83,99.83,0.0,647.997401,0.0
2019-01-15,18,0,68,2.6,2.6,0.0,25.054247,0.0
2019-01-15,18,0,69,0.31,0.31,0.0,5.288709,0.0
2019-01-15,18,0,74,0.0,0.0,0.0,0.0,0.0
2019-01-15,18,0,77,15.63,15.63,0.0,192.735,0.0
2019-01-15,18,0,78,11.81,11.81,0.0,145.63022,0.0
2019-01-15,18,0,79,6.84,6.84,0.0,84.344683,0.0
2019-01-15,18,0,80,11.06,11.06,0.0,136.3819,0.0
2019-01-15,18,0,81,14.45,14.45,0.0,178.184309,0.0
2019-01-15,18,0,82,10.2,10.2,0.0,125.777159,0.0
2019-01-15,18,0,83,22.74,22.74,0.0,280.409078,0.0
2019-01-15,18,0,84,0.0,0.0,0.0,0.0,0.0
2019-01-15,18,0,86,1.59,1.59,0.0,27.125959,0.0
2019-01-15,18,0,87,8.11,8.11,0.0,138.359451,0.0
2019-01-15,18,0,88,13.96,13.96,0.0,172.142073,0.0
2019-01-15,18,0,89,13.42,13.42,0.0,165.483282,0.0
2019-01-15,18,0,90,18.02,18.02,0.0,222.206314,0.0
2019-01-15,18,0,91,64.28,64.28,0.0,792.642724,0.0
2019-01-15,18,0,92,23.12,23.12,0.0,285.094894,0.0
2019-01-15,18,0,95,31.6,31.6,0.0,615.43914,0.0
2019-01-15,18,0,96,6.8,6.8,0.0,91.415161,0.0
2019-01-15,18,0,97,41.81,41.81,0.0,562.068808,0.0
2019-01-15,18,0,99,0.0,0.0,0.0,0.0,0.0
2019-01-15,18,0,101,3.99,3.99,0.0,53.689171,0.0
2019-01-15,18,0,102,6.16,6.16,0.0,59.359294,0.0
2019-01-15,18,0,103,5.36,5.36,0.0,51.650295,0.0
2019-01-15,18,0,104,1.0,1.0,0.0,9.636249,0.0
2019-01-15,18,0,106,76.97,76.97,0.0,1036.62568,0.0
2019-01-15,18,0,109,7.08,7.08,0.0,102.298582,0.0
2019-01-15,18,0,110,158.81,158.81,0.0,-498.77729,0.0
2019-01-15,18,0,111,2.53,2.53,0.0,35.831934,0.0
2019-01-15,18,0,113,11.26,11.26,0.0,143.237718,0.0
2019-01-15,18,0,115,11.26,11.26,0.0,143.237718,0.0
2019-01-15,18,0,116,32.65,32.65,0.0,-102.544415,0.0
2019-01-15,18,0,117,0.75,0.75,0.0,9.540701,0.0
2019-01-15,18,0,119,69.85,69.85,0.0,1463.838841,0.0
2019-01-15,18,0,120,41.07,41.07,0.0,860.699516,0.0
2019-01-15,18,0,123,1.28,1.28,0.0,17.238936,0.0
2019-01-15,18,0,125,41.02,41.02,0.0,552.454013,0.0
2019-01-15,18,0,126,57.72,57.72,0.0,777.368251,0.0
2019-01-15,18,0,127,74.08,74.08,0.0,997.703396,0.0
2019-01-15,18,0,128,58.9,58.9,0.0,793.260394,0.0
2019-01-15,18,0,131,7.67,7.67,0.0,80.352805,0.0
2019-01-15,18,0,132,11.28,11.28,0.0,118.172053,0.0
2019-01-15,18,0,133,30.28,30.28,0.0,492.653719,0.0
2019-01-15,18,0,134,0.0,0.0,0.0,0.0,0.0
2019-01-15,18,0,135,40.57,40.57,0.0,660.07138,0.0
2019-01-15,18,0,136,12.87,12.87,0.0,208.921611,0.0
2019-01-15,18,0,139,7.81,7.81,0.0,110.611621,0.0
2019-01-15,18,0,140,117.53,117.53,0.0,-369.128487,0.0
2019-01-15,18,0,141,78.63,78.63,0.0,510.388016,0.0
2019-01-15,18,0,142,131.65,131.65,0.0,854.541299,0.0
2019-01-15,18,0,143,5.44,5.44,0.0,73.200273,0.0
2019-01-15,18,0,145,5.69,5.69,0.0,78.669062,0.0
2019-01-15,18,0,146,49.91,49.91,0.0,-156.753193,0.0
2019-01-15,18,0,152,1.56,1.56,0.0,23.91873,0.0
2019-01-15,18,0,153,2.08,2.08,0.0,31.802689,0.0
2019-01-15,18,0,154,10.44,10.44,0.0,147.859837,0.0
2019-01-15,18,0,157,71.86,71.86,0.0,466.443887,0.0
2019-01-15,18,0,158,95.45,95.45,0.0,619.566783,0.0
2019-01-15,18,0,159,0.0,0.0,0.0,0.0,0.0
2019-01-15,18,0,160,0.56,0.56,0.0,8.032003,0.0
2019-01-15,18,0,161,18.43,18.43,0.0,177.596069,0.0
2019-01-15,18,0,162,43.09,43.09,0.0,839.889322,0.0
2019-01-15,18,0,163,64.0,64.0,0.0,-201.005898,0.0
2019-01-15,18,0,164,8.05,8.05,0.0,108.320257,0.0
2019-01-15,18,0,167,1.24,1.24,0.0,24.094541,0.0
2019-01-15,18,0,168,0.62,0.62,0.0,12.04727,0.0
2019-01-15,18,0,169,0.0,0.0,0.0,0.0,0.0
2019-01-15,18,0,170,1.36,1.36,0.0,26.426271,0.0
2019-01-15,18,0,172,1.6,1.6,0.0,30.735017,0.0
2019-01-15,18,0,173,2.44,2.44,0.0,46.870901,0.0
2019-01-15,18,0,188,2.18,2.18,0.0,41.762583,0.0
2019-01-15,18,0,190,2.36,2.36,0.0,49.458263,0.0
2019-01-15,18,0,191,6.09,6.09,0.0,127.627467,0.0
2019-01-15,18,0,192,119.25,119.25,0.0,2499.10926,0.0
2019-01-15,18,0,194,24.39,24.39,0.0,376.236334,0.0
2019-01-15,18,0,196,1.67,1.67,0.0,40.445352,0.0
2019-01-15,18,0,198,1.91,1.91,0.0,25.921322,0.0
2019-01-15,18,0,199,27.14,27.14,0.0,338.720233,0.0
2019-01-15,18,0,200,3.38,3.38,0.0,42.184023,0.0
2019-01-15,18,0,204,28.0,28.0,0.0,402.353842,0.0
2019-01-15,18,0,205,37.47,37.47,0.0,541.402243,0.0
2019-01-15,18,0,206,122.86,122.86,0.0,1651.65687,0.0
2019-01-15,18,0,210,0.19,0.19,0.0,1.78049,0.0
2019-01-15,18,0,214,1.4,1.4,0.0,24.544072,0.0
2019-01-15,18,0,217,0.83,0.83,0.0,11.593823,0.0
2019-01-15,18,0,218,1.14,1.14,0.0,15.924046,0.0
2019-01-15,18,0,219,0.78,0.78,0.0,10.8954,0.0
2019-01-15,18,0,221,0.75,0.75,0.0,13.14861,0.0
2019-01-15,18,0,225,0.5,0.5,0.0,4.478967,0.0
2019-01-15,18,0,233,0.9,0.9,0.0,15.354316,0.0
2019-01-15,18,0,236,0.0,0.0,0.0,0.0,0.0
2019-01-15,18,0,237,0.0,0.0,0.0,0.0,0.0
2019-01-15,18,0,238,6.85,6.85,0.0,110.250349,0.0
2019-01-15,18,0,240,2.87,2.87,0.0,42.199841,0.0
2019-01-15,18,0,245,19.75,19.75,0.0,323.592137,0.0
2019-01-15,18,0,247,24.74,24.74,0.0,405.350353,0.0
2019-01-15,18,0,248,0.0,0.0,0.0,0.0,0.0
2019-01-15,18,0,249,37.99,37.99,0.0,622.443812,0.0
2019-01-15,18,0,251,60.25,60.25,0.0,974.997137,0.0
2019-01-15,18,0,252,66.14,66.14,0.0,1073.78153,0.0
2019-01-15,18,0,254,3.54,3.54,0.0,51.260005,0.0
2019-01-15,18,0,255,1.62,1.62,0.0,23.457968,0.0
2019-01-15,18,0,258,3.58,3.58,0.0,52.536874,0.0
2019-01-15,18,0,260,1.36,1.36,0.0,19.506294,0.0
2019-01-15,18,0,265,10.81,10.81,0.0,153.10008,0.0
2019-01-15,18,0,266,5.06,5.06,0.0,71.663867,0.0
2019-01-15,18,0,267,6.22,6.22,0.0,88.092738,0.0
2019-01-15,18,0,270,199.86,199.86,0.0,-627.703729,0.0
2019-01-15,18,0,272,37.65,37.65,0.0,478.94317,0.0
2019-01-15,18,0,273,7.81,7.81,0.0,-24.529001,0.0
2019-01-15,18,0,274,257.64,257.64,0.0,-809.174366,0.0
2019-01-15,18,0,275,358.64,358.64,0.0,-1126.386798,0.0
2019-01-15,18,0,276,1.81,1.81,0.0,-1.792182,0.0
2019-01-15,18,0,277,2.32,2.32,0.0,29.149967,0.0
2019-01-15,18,0,278,3.72,3.72,0.0,46.740464,0.0
2019-01-15,18,0,279,66.41,66.41,0.0,834.417805,0.0
2019-01-15,18,0,281,1.6,1.6,0.0,21.529492,0.0
2019-01-15,18,0,282,108.55,108.55,0.0,1460.641474,0.0
2019-01-15,19,0,9,0.0,0.0,0.0,0.0,0.0
2019-01-15,19,0,17,0.0,0.0,0.0,0.0,0.0
2019-01-15,19,0,19,235.53,235.53,0.0,4933.722224,0.0
2019-01-15,19,0,20,286.28,286.28,0.0,5996.798702,0.0
2019-01-15,19,0,21,0.0,0.0,0.0,0.0,0.0
2019-01-15,19,0,22,0.0,0.0,0.0,0.0,0.0
2019-01-15,19,0,23,22.34,22.34,0.0,386.263654,0.0
2019-01-15,19,0,24,39.53,39.53,0.0,683.482643,0.0
2019-01-15,19,0,29,0.0,0.0,0.0,0.0,0.0
2019-01-15,19,0,30,4.29,4.29,0.0,74.116717,0.0
2019-01-15,19,0,31,1.85,1.85,0.0,31.961754,0.0
2019-01-15,19,0,32,0.0,0.0,0.0,0.0,0.0
2019-01-15,19,0,33,0.0,0.0,0.0,0.0,0.0
2019-01-15,19,0,34,0.0,0.0,0.0,0.0,0.0
2019-01-15,19,0,35,0.0,0.0,0.0,0.0,0.0
2019-01-15,19,0,36,0.0,0.0,0.0,0.0,0.0
2019-01-15,19,0,37,0.0,0.0,0.0,0.0,0.0
2019-01-15,19,0,38,0.0,0.0,0.0,0.0,0.0
2019-01-15,19,0,39,0.0,0.0,0.0,0.0,0.0
2019-01-15,19,0,40,0.0,0.0,0.0,0.0,0.0
2019-01-15,19,0,41,5.62,5.62,0.0,101.812874,0.0
2019-01-15,19,0,42,0.0,0.0,0.0,0.0,0.0
2019-01-15,19,0,43,0.0,0.0,0.0,0.0,0.0
2019-01-15,19,0,46,0.0,0.0,0.0,0.0,0.0
2019-01-15,19,0,52,1.96,1.96,0.0,33.862183,0.0
2019-01-15,19,0,53,3.12,3.12,0.0,53.903067,0.0
2019-01-15,19,0,55,21.0,21.0,0.0,363.094751,0.0
2019-01-15,19,0,56,1.26,1.26,0.0,21.768546,0.0
2019-01-15,19,0,57,1.2,1.2,0.0,20.731949,0.0
2019-01-15,19,0,58,2.31,2.31,0.0,39.909001,0.0
2019-01-15,19,0,59,2.27,2.27,0.0,39.217936,0.0
2019-01-15,19,0,63,49.54,49.54,0.0,998.676343,0.0
2019-01-15,19,0,64,58.29,58.29,0.0,1175.067501,0.0
2019-01-15,19,0,65,8.83,8.83,0.0,184.558062,0.0
2019-01-15,19,0,67,0.0,0.0,0.0,0.0,0.0
2019-01-15,19,0,68,2.98,2.98,0.0,43.495677,0.0
2019-01-15,19,0,69,0.0,0.0,0.0,0.0,0.0
2019-01-15,19,0,74,0.0,0.0,0.0,0.0,0.0
2019-01-15,19,0,77,13.59,13.59,0.0,217.551853,0.0
2019-01-15,19,0,78,10.27,10.27,0.0,164.404528,0.0
2019-01-15,19,0,79,5.94,5.94,0.0,95.088889,0.0
2019-01-15,19,0,80,9.61,9.61,0.0,153.839095,0.0
2019-01-15,19,0,81,12.57,12.57,0.0,201.223458,0.0
2019-01-15,19,0,82,8.87,8.87,0.0,141.993005,0.0
2019-01-15,19,0,83,19.77,19.77,0.0,316.482718,0.0
2019-01-15,19,0,84,0.0,0.0,0.0,0.0,0.0
2019-01-15,19,0,86,0.0,0.0,0.0,0.0,0.0
2019-01-15,19,0,87,0.0,0.0,0.0,0.0,0.0
2019-01-15,19,0,88,12.55,12.55,0.0,200.903293,0.0
2019-01-15,19,0,89,12.07,12.07,0.0,193.219343,0.0
2019-01-15,19,0,90,16.21,16.21,0.0,259.493417,0.0
2019-01-15,19,0,91,57.81,57.81,0.0,925.435807,0.0
2019-01-15,19,0,92,20.79,20.79,0.0,332.811113,0.0
2019-01-15,19,0,95,25.76,25.76,0.0,500.923288,0.0
2019-01-15,19,0,96,5.24,5.24,0.0,90.455019,0.0
2019-01-15,19,0,97,32.24,32.24,0.0,556.540038,0.0
2019-01-15,19,0,99,0.0,0.0,0.0,0.0,0.0
2019-01-15,19,0,101,0.09,0.09,0.0,1.554896,0.0
2019-01-15,19,0,102,8.52,8.52,0.0,124.356767,0.0
2019-01-15,19,0,103,7.15,7.15,0.0,104.360433,0.0
2019-01-15,19,0,104,1.02,1.02,0.0,14.887782,0.0
2019-01-15,19,0,106,0.0,0.0,0.0,0.0,0.0
2019-01-15,19,0,109,7.08,7.08,0.0,130.089444,0.0
2019-01-15,19,0,110,116.02,116.02,0.0,942.553117,0.0
2019-01-15,19,0,111,0.0,0.0,0.0,0.0,0.0
2019-01-15,19,0,113,10.89,10.89,0.0,174.78584,0.0
2019-01-15,19,0,115,10.89,10.89,0.0,174.78584,0.0
2019-01-15,19,0,116,0.0,0.0,0.0,0.0,0.0
2019-01-15,19,0,117,0.73,0.73,0.0,11.71659,0.0
2019-01-15,19,0,119,58.29,58.29,0.0,1175.067501,0.0
2019-01-15,19,0,120,34.27,34.27,0.0,690.848572,0.0
2019-01-15,19,0,123,0.0,0.0,0.0,0.0,0.0
2019-01-15,19,0,125,35.77,35.77,0.0,618.471392,0.0
2019-01-15,19,0,126,0.0,0.0,0.0,0.0,0.0
2019-01-15,19,0,127,0.0,0.0,0.0,0.0,0.0
2019-01-15,19,0,128,51.23,51.23,0.0,885.77829,0.0
2019-01-15,19,0,131,6.54,6.54,0.0,98.239571,0.0
2019-01-15,19,0,132,9.61,9.61,0.0,144.355088,0.0
2019-01-15,19,0,133,24.95,24.95,0.0,522.743916,0.0
2019-01-15,19,0,134,0.0,0.0,0.0,0.0,0.0
2019-01-15,19,0,135,33.81,33.81,0.0,708.375624,0.0
2019-01-15,19,0,136,10.83,10.83,0.0,226.333178,0.0
2019-01-15,19,0,139,7.26,7.26,0.0,131.523392,0.0
2019-01-15,19,0,140,85.87,85.87,0.0,697.612792,0.0
2019-01-15,19,0,141,55.57,55.57,0.0,722.561873,0.0
2019-01-15,19,0,142,0.0,0.0,0.0,0.0,0.0
2019-01-15,19,0,143,2.7,2.7,0.0,46.646885,0.0
2019-01-15,19,0,145,5.29,5.29,0.0,93.560147,0.0
2019-01-15,19,0,146,40.38,40.38,0.0,328.04943,0.0
2019-01-15,19,0,152,0.0,0.0,0.0,0.0,0.0
2019-01-15,19,0,153,0.0,0.0,0.0,0.0,0.0
2019-01-15,19,0,154,0.0,0.0,0.0,0.0,0.0
2019-01-15,19,0,157,53.5,53.5,0.0,695.646216,0.0
2019-01-15,19,0,158,0.0,0.0,0.0,0.0,0.0
2019-01-15,19,0,159,0.0,0.0,0.0,0.0,0.0
2019-01-15,19,0,160,0.0,0.0,0.0,0.0,0.0
2019-01-15,19,0,161,0.0,0.0,0.0,0.0,0.0
2019-01-15,19,0,162,31.08,31.08,0.0,604.599819,0.0
2019-01-15,19,0,163,51.8,51.8,0.0,420.826163,0.0
2019-01-15,19,0,164,0.43,0.43,0.0,7.428948,0.0
2019-01-15,19,0,167,0.0,0.0,0.0,0.0,0.0
2019-01-15,19,0,168,0.0,0.0,0.0,0.0,0.0
2019-01-15,19,0,169,0.0,0.0,0.0,0.0,0.0
2019-01-15,19,0,170,0.0,0.0,0.0,0.0,0.0
2019-01-15,19,0,172,0.0,0.0,0.0,0.0,0.0
2019-01-15,19,0,173,0.0,0.0,0.0,0.0,0.0
2019-01-15,19,0,188,0.0,0.0,0.0,0.0,0.0
2019-01-15,19,0,190,0.0,0.0,0.0,0.0,0.0
2019-01-15,19,0,191,0.0,0.0,0.0,0.0,0.0
2019-01-15,19,0,192,95.45,95.45,0.0,1924.175553,0.0
2019-01-15,19,0,194,41.65,41.65,0.0,719.506653,0.0
2019-01-15,19,0,196,0.0,0.0,0.0,0.0,0.0
2019-01-15,19,0,198,0.0,0.0,0.0,0.0,0.0
2019-01-15,19,0,199,24.48,24.48,0.0,326.26107,0.0
2019-01-15,19,0,200,0.0,0.0,0.0,0.0,0.0
2019-01-15,19,0,204,31.55,31.55,0.0,576.339426,0.0
2019-01-15,19,0,205,37.47,37.47,0.0,688.481843,0.0
2019-01-15,19,0,206,94.73,94.73,0.0,1635.267923,0.0
2019-01-15,19,0,210,0.0,0.0,0.0,0.0,0.0
2019-01-15,19,0,214,0.0,0.0,0.0,0.0,0.0
2019-01-15,19,0,217,0.0,0.0,0.0,0.0,0.0
2019-01-15,19,0,218,0.0,0.0,0.0,0.0,0.0
2019-01-15,19,0,219,0.0,0.0,0.0,0.0,0.0
2019-01-15,19,0,221,0.0,0.0,0.0,0.0,0.0
2019-01-15,19,0,225,0.0,0.0,0.0,0.0,0.0
2019-01-15,19,0,233,0.0,0.0,0.0,0.0,0.0
2019-01-15,19,0,236,0.0,0.0,0.0,0.0,0.0
2019-01-15,19,0,237,0.0,0.0,0.0,0.0,0.0
2019-01-15,19,0,238,0.0,0.0,0.0,0.0,0.0
2019-01-15,19,0,240,0.0,0.0,0.0,0.0,0.0
2019-01-15,19,0,245,15.34,15.34,0.0,323.93051,0.0
2019-01-15,19,0,247,22.41,22.41,0.0,473.225732,0.0
2019-01-15,19,0,248,0.0,0.0,0.0,0.0,0.0
2019-01-15,19,0,249,29.5,29.5,0.0,622.943289,0.0
2019-01-15,19,0,251,56.21,56.21,0.0,1170.608009,0.0
2019-01-15,19,0,252,56.98,56.98,0.0,1190.953382,0.0
2019-01-15,19,0,254,0.0,0.0,0.0,0.0,0.0
2019-01-15,19,0,255,0.0,0.0,0.0,0.0,0.0
2019-01-15,19,0,258,0.0,0.0,0.0,0.0,0.0
2019-01-15,19,0,260,0.0,0.0,0.0,0.0,0.0
2019-01-15,19,0,265,0.0,0.0,0.0,0.0,0.0
2019-01-15,19,0,266,4.7,4.7,0.0,85.145998,0.0
2019-01-15,19,0,267,5.78,5.78,0.0,104.711461,0.0
2019-01-15,19,0,270,161.77,161.77,0.0,1314.228734,0.0
2019-01-15,19,0,272,36.4,36.4,0.0,584.224479,0.0
2019-01-15,19,0,273,0.0,0.0,0.0,0.0,0.0
2019-01-15,19,0,274,208.54,208.54,0.0,1694.190889,0.0
2019-01-15,19,0,275,290.29,290.29,0.0,2358.332566,0.0
2019-01-15,19,0,276,0.0,0.0,0.0,0.0,0.0
2019-01-15,19,0,277,0.0,0.0,0.0,0.0,0.0
2019-01-15,19,0,278,0.0,0.0,0.0,0.0,0.0
2019-01-15,19,0,279,63.08,63.08,0.0,1011.382309,0.0
2019-01-15,19,0,281,0.83,0.83,0.0,14.339598,0.0
2019-01-15,19,0,282,2.35,2.35,0.0,40.600066,0.0
2019-01-15,20,0,9,0.0,0.0,0.0,0.0,0.0
2019-01-15,20,0,17,0.0,0.0,0.0,0.0,0.0
2019-01-15,20,0,19,252.15,252.15,0.0,3992.75961,0.0
2019-01-15,20,0,20,305.81,305.81,0.0,4842.458125,0.0
2019-01-15,20,0,21,0.0,0.0,0.0,0.0,0.0
2019-01-15,20,0,22,0.0,0.0,0.0,0.0,0.0
2019-01-15,20,0,23,28.29,28.29,0.0,420.127508,0.0
2019-01-15,20,0,24,50.06,50.06,0.0,743.428175,0.0
2019-01-15,20,0,29,0.0,0.0,0.0,0.0,0.0
2019-01-15,20,0,30,0.0,0.0,0.0,0.0,0.0
2019-01-15,20,0,31,3.13,3.13,0.0,46.480645,0.0
2019-01-15,20,0,32,0.0,0.0,0.0,0.0,0.0
2019-01-15,20,0,33,0.0,0.0,0.0,0.0,0.0
2019-01-15,20,0,34,0.0,0.0,0.0,0.0,0.0
2019-01-15,20,0,35,0.0,0.0,0.0,0.0,0.0
2019-01-15,20,0,36,0.0,0.0,0.0,0.0,0.0
2019-01-15,20,0,37,0.0,0.0,0.0,0.0,0.0
2019-01-15,20,0,38,0.0,0.0,0.0,0.0,0.0
2019-01-15,20,0,39,0.0,0.0,0.0,0.0,0.0
2019-01-15,20,0,40,0.0,0.0,0.0,0.0,0.0
2019-01-15,20,0,41,8.03,8.03,0.0,120.087974,0.0
2019-01-15,20,0,42,0.0,0.0,0.0,0.0,0.0
2019-01-15,20,0,43,0.0,0.0,0.0,0.0,0.0
2019-01-15,20,0,46,0.0,0.0,0.0,0.0,0.0
2019-01-15,20,0,52,3.32,3.32,0.0,49.302154,0.0
2019-01-15,20,0,53,5.27,5.27,0.0,78.259744,0.0
2019-01-15,20,0,55,27.1,27.1,0.0,402.455125,0.0
2019-01-15,20,0,56,0.0,0.0,0.0,0.0,0.0
2019-01-15,20,0,57,0.0,0.0,0.0,0.0,0.0
2019-01-15,20,0,58,0.0,0.0,0.0,0.0,0.0
2019-01-15,20,0,59,0.0,0.0,0.0,0.0,0.0
2019-01-15,20,0,63,58.26,58.26,0.0,1164.358326,0.0
2019-01-15,20,0,64,68.54,68.54,0.0,1369.809812,0.0
2019-01-15,20,0,65,5.86,5.86,0.0,92.683134,0.0
2019-01-15,20,0,67,0.0,0.0,0.0,0.0,0.0
2019-01-15,20,0,68,2.65,2.65,0.0,35.587091,0.0
2019-01-15,20,0,69,0.0,0.0,0.0,0.0,0.0
2019-01-15,20,0,74,0.0,0.0,0.0,0.0,0.0
2019-01-15,20,0,77,28.01,28.01,0.0,414.509299,0.0
2019-01-15,20,0,78,21.26,21.26,0.0,314.618625,0.0
2019-01-15,20,0,79,12.38,12.38,0.0,183.206895,0.0
2019-01-15,20,0,80,19.92,19.92,0.0,294.788477,0.0
2019-01-15,20,0,81,25.94,25.94,0.0,383.876159,0.0
2019-01-15,20,0,82,18.39,18.39,0.0,272.146591,0.0
2019-01-15,20,0,83,40.44,40.44,0.0,598.456125,0.0
2019-01-15,20,0,84,0.0,0.0,0.0,0.0,0.0
2019-01-15,20,0,86,0.0,0.0,0.0,0.0,0.0
2019-01-15,20,0,87,0.0,0.0,0.0,0.0,0.0
2019-01-15,20,0,88,36.36,36.36,0.0,538.077762,0.0
2019-01-15,20,0,89,34.95,34.95,0.0,517.21171,0.0
2019-01-15,20,0,90,46.89,46.89,0.0,693.907213,0.0
2019-01-15,20,0,91,166.96,166.96,0.0,2470.777313,0.0
2019-01-15,20,0,92,60.13,60.13,0.0,889.840919,0.0
2019-01-15,20,0,95,24.67,24.67,0.0,476.72218,0.0
2019-01-15,20,0,96,7.1,7.1,0.0,105.430162,0.0
2019-01-15,20,0,97,51.29,51.29,0.0,761.621553,0.0
2019-01-15,20,0,99,0.0,0.0,0.0,0.0,0.0
2019-01-15,20,0,101,0.0,0.0,0.0,0.0,0.0
2019-01-15,20,0,102,6.28,6.28,0.0,84.334691,0.0
2019-01-15,20,0,103,5.46,5.46,0.0,73.322836,0.0
2019-01-15,20,0,104,1.02,1.02,0.0,13.697673,0.0
2019-01-15,20,0,106,0.0,0.0,0.0,0.0,0.0
2019-01-15,20,0,109,9.55,9.55,0.0,141.889777,0.0
2019-01-15,20,0,110,117.19,117.19,0.0,792.629095,0.0
2019-01-15,20,0,111,0.0,0.0,0.0,0.0,0.0
2019-01-15,20,0,113,13.37,13.37,0.0,202.171182,0.0
2019-01-15,20,0,115,13.37,13.37,0.0,202.171182,0.0
2019-01-15,20,0,116,0.0,0.0,0.0,0.0,0.0
2019-01-15,20,0,117,0.89,0.89,0.0,13.457917,0.0
2019-01-15,20,0,119,68.54,68.54,0.0,1369.809812,0.0
2019-01-15,20,0,120,40.3,40.3,0.0,805.417791,0.0
2019-01-15,20,0,123,0.0,0.0,0.0,0.0,0.0
2019-01-15,20,0,125,45.3,45.3,0.0,672.73864,0.0
2019-01-15,20,0,126,0.0,0.0,0.0,0.0,0.0
2019-01-15,20,0,127,0.0,0.0,0.0,0.0,0.0
2019-01-15,20,0,128,64.88,64.88,0.0,963.516181,0.0
2019-01-15,20,0,131,7.47,7.47,0.0,103.588724,0.0
2019-01-15,20,0,132,10.98,10.98,0.0,152.262943,0.0
2019-01-15,20,0,133,19.87,19.87,0.0,314.673507,0.0
2019-01-15,20,0,134,0.0,0.0,0.0,0.0,0.0
2019-01-15,20,0,135,26.47,26.47,0.0,419.195155,0.0
2019-01-15,20,0,136,5.84,5.84,0.0,92.360838,0.0
2019-01-15,20,0,139,10.75,10.75,0.0,160.765345,0.0
2019-01-15,20,0,140,86.73,86.73,0.0,586.609109,0.0
2019-01-15,20,0,141,67.65,67.65,0.0,797.477618,0.0
2019-01-15,20,0,142,0.0,0.0,0.0,0.0,0.0
2019-01-15,20,0,143,4.73,4.73,0.0,70.240719,0.0
2019-01-15,20,0,145,6.41,6.41,0.0,95.214831,0.0
2019-01-15,20,0,146,44.9,44.9,0.0,303.686717,0.0
2019-01-15,20,0,152,0.0,0.0,0.0,0.0,0.0
2019-01-15,20,0,153,0.0,0.0,0.0,0.0,0.0
2019-01-15,20,0,154,0.0,0.0,0.0,0.0,0.0
2019-01-15,20,0,157,43.9,43.9,0.0,517.505801,0.0
2019-01-15,20,0,158,0.0,0.0,0.0,0.0,0.0
2019-01-15,20,0,159,0.0,0.0,0.0,0.0,0.0
2019-01-15,20,0,160,0.0,0.0,0.0,0.0,0.0
2019-01-15,20,0,161,0.0,0.0,0.0,0.0,0.0
2019-01-15,20,0,162,30.76,30.76,0.0,594.586552,0.0
2019-01-15,20,0,163,54.46,54.46,0.0,368.346962,0.0
2019-01-15,20,0,164,0.0,0.0,0.0,0.0,0.0
2019-01-15,20,0,167,0.0,0.0,0.0,0.0,0.0
2019-01-15,20,0,168,0.0,0.0,0.0,0.0,0.0
2019-01-15,20,0,169,0.0,0.0,0.0,0.0,0.0
2019-01-15,20,0,170,0.0,0.0,0.0,0.0,0.0
2019-01-15,20,0,172,0.0,0.0,0.0,0.0,0.0
2019-01-15,20,0,173,0.0,0.0,0.0,0.0,0.0
2019-01-15,20,0,188,0.0,0.0,0.0,0.0,0.0
2019-01-15,20,0,190,0.0,0.0,0.0,0.0,0.0
2019-01-15,20,0,191,0.0,0.0,0.0,0.0,0.0
2019-01-15,20,0,192,87.3,87.3,0.0,1744.738789,0.0
2019-01-15,20,0,194,70.46,70.46,0.0,1172.709769,0.0
2019-01-15,20,0,196,0.0,0.0,0.0,0.0,0.0
2019-01-15,20,0,198,0.0,0.0,0.0,0.0,0.0
2019-01-15,20,0,199,21.25,21.25,0.0,266.799555,0.0
2019-01-15,20,0,200,0.0,0.0,0.0,0.0,0.0
2019-01-15,20,0,204,75.16,75.16,0.0,1114.18155,0.0
2019-01-15,20,0,205,50.5,50.5,0.0,750.307199,0.0
2019-01-15,20,0,206,194.3,194.3,0.0,2885.22261,0.0
2019-01-15,20,0,210,0.0,0.0,0.0,0.0,0.0
2019-01-15,20,0,214,0.0,0.0,0.0,0.0,0.0
2019-01-15,20,0,217,0.0,0.0,0.0,0.0,0.0
2019-01-15,20,0,218,0.0,0.0,0.0,0.0,0.0
2019-01-15,20,0,219,0.0,0.0,0.0,0.0,0.0
2019-01-15,20,0,221,0.0,0.0,0.0,0.0,0.0
2019-01-15,20,0,225,0.0,0.0,0.0,0.0,0.0
2019-01-15,20,0,233,0.0,0.0,0.0,0.0,0.0
2019-01-15,20,0,236,0.0,0.0,0.0,0.0,0.0
2019-01-15,20,0,237,0.0,0.0,0.0,0.0,0.0
2019-01-15,20,0,238,0.0,0.0,0.0,0.0,0.0
2019-01-15,20,0,240,0.0,0.0,0.0,0.0,0.0
2019-01-15,20,0,245,30.58,30.58,0.0,486.3243,0.0
2019-01-15,20,0,247,20.82,20.82,0.0,331.10765,0.0
2019-01-15,20,0,248,0.0,0.0,0.0,0.0,0.0
2019-01-15,20,0,249,58.79,58.79,0.0,934.957671,0.0
2019-01-15,20,0,251,41.97,41.97,0.0,662.524007,0.0
2019-01-15,20,0,252,37.79,37.79,0.0,597.6955,0.0
2019-01-15,20,0,254,0.0,0.0,0.0,0.0,0.0
2019-01-15,20,0,255,0.0,0.0,0.0,0.0,0.0
2019-01-15,20,0,258,0.0,0.0,0.0,0.0,0.0
2019-01-15,20,0,260,0.0,0.0,0.0,0.0,0.0
2019-01-15,20,0,265,0.0,0.0,0.0,0.0,0.0
2019-01-15,20,0,266,6.55,6.55,0.0,97.954699,0.0
2019-01-15,20,0,267,8.28,8.28,0.0,123.826703,0.0
2019-01-15,20,0,270,170.08,170.08,0.0,1150.357168,0.0
2019-01-15,20,0,272,44.69,44.69,0.0,675.768896,0.0
2019-01-15,20,0,273,0.0,0.0,0.0,0.0,0.0
2019-01-15,20,0,274,219.25,219.25,0.0,1482.924559,0.0
2019-01-15,20,0,275,305.2,305.2,0.0,2064.258041,0.0
2019-01-15,20,0,276,0.0,0.0,0.0,0.0,0.0
2019-01-15,20,0,277,0.0,0.0,0.0,0.0,0.0
2019-01-15,20,0,278,0.0,0.0,0.0,0.0,0.0
2019-01-15,20,0,279,185.9,185.9,0.0,2786.995117,0.0
2019-01-15,20,0,281,1.4,1.4,0.0,20.790065,0.0
2019-01-15,20,0,282,0.0,0.0,0.0,0.0,0.0
2019-01-15,21,0,9,0.0,0.0,0.0,0.0,0.0
2019-01-15,21,0,17,0.0,0.0,0.0,0.0,0.0
2019-01-15,21,0,19,260.0,260.0,0.0,3584.824542,0.0
2019-01-15,21,0,20,315.33,315.33,0.0,4347.702781,0.0
2019-01-15,21,0,21,0.0,0.0,0.0,0.0,0.0
2019-01-15,21,0,22,0.0,0.0,0.0,0.0,0.0
2019-01-15,21,0,23,35.2,35.2,0.0,362.473268,0.0
2019-01-15,21,0,24,62.27,62.27,0.0,641.227567,0.0
2019-01-15,21,0,29,0.0,0.0,0.0,0.0,0.0
2019-01-15,21,0,30,0.0,0.0,0.0,0.0,0.0
2019-01-15,21,0,31,5.22,5.22,0.0,53.662244,0.0
2019-01-15,21,0,32,0.0,0.0,0.0,0.0,0.0
2019-01-15,21,0,33,0.0,0.0,0.0,0.0,0.0
2019-01-15,21,0,34,0.0,0.0,0.0,0.0,0.0
2019-01-15,21,0,35,0.0,0.0,0.0,0.0,0.0
2019-01-15,21,0,36,0.0,0.0,0.0,0.0,0.0
2019-01-15,21,0,37,0.0,0.0,0.0,0.0,0.0
2019-01-15,21,0,38,0.0,0.0,0.0,0.0,0.0
2019-01-15,21,0,39,0.0,0.0,0.0,0.0,0.0
2019-01-15,21,0,40,0.0,0.0,0.0,0.0,0.0
2019-01-15,21,0,41,12.09,12.09,0.0,136.161512,0.0
2019-01-15,21,0,42,0.0,0.0,0.0,0.0,0.0
2019-01-15,21,0,43,0.0,0.0,0.0,0.0,0.0
2019-01-15,21,0,46,0.0,0.0,0.0,0.0,0.0
2019-01-15,21,0,52,5.54,5.54,0.0,56.951883,0.0
2019-01-15,21,0,53,8.8,8.8,0.0,90.465085,0.0
2019-01-15,21,0,55,35.54,35.54,0.0,365.97443,0.0
2019-01-15,21,0,56,0.0,0.0,0.0,0.0,0.0
2019-01-15,21,0,57,0.0,0.0,0.0,0.0,0.0
2019-01-15,21,0,58,0.0,0.0,0.0,0.0,0.0
2019-01-15,21,0,59,0.0,0.0,0.0,0.0,0.0
2019-01-15,21,0,63,69.79,69.79,0.0,1219.486125,0.0
2019-01-15,21,0,64,82.11,82.11,0.0,1434.76151,0.0
2019-01-15,21,0,65,3.82,3.82,0.0,52.536961,0.0
2019-01-15,21,0,67,0.0,0.0,0.0,0.0,0.0
2019-01-15,21,0,68,2.91,2.91,0.0,21.7206,0.0
2019-01-15,21,0,69,0.0,0.0,0.0,0.0,0.0
2019-01-15,21,0,74,0.0,0.0,0.0,0.0,0.0
2019-01-15,21,0,77,79.79,79.79,0.0,689.08523,0.0
2019-01-15,21,0,78,60.44,60.44,0.0,521.974073,0.0
2019-01-15,21,0,79,35.06,35.06,0.0,302.786416,0.0
2019-01-15,21,0,80,56.58,56.58,0.0,488.638204,0.0
2019-01-15,21,0,81,73.85,73.85,0.0,637.785991,0.0
2019-01-15,21,0,82,52.21,52.21,0.0,450.897855,0.0
2019-01-15,21,0,83,115.67,115.67,0.0,998.953359,0.0
2019-01-15,21,0,84,0.0,0.0,0.0,0.0,0.0
2019-01-15,21,0,86,0.0,0.0,0.0,0.0,0.0
2019-01-15,21,0,87,0.0,0.0,0.0,0.0,0.0
2019-01-15,21,0,88,94.77,94.77,0.0,818.456037,0.0
2019-01-15,21,0,89,91.1,91.1,0.0,786.761053,0.0
2019-01-15,21,0,90,122.32,122.32,0.0,1056.384325,0.0
2019-01-15,21,0,91,436.36,436.36,0.0,3768.507719,0.0
2019-01-15,21,0,92,156.93,156.93,0.0,1355.284436,0.0
2019-01-15,21,0,95,24.54,24.54,0.0,404.296932,0.0
2019-01-15,21,0,96,8.43,8.43,0.0,86.50803,0.0
2019-01-15,21,0,97,51.85,51.85,0.0,532.080825,0.0
2019-01-15,21,0,99,0.0,0.0,0.0,0.0,0.0
2019-01-15,21,0,101,0.0,0.0,0.0,0.0,0.0
2019-01-15,21,0,102,6.9,6.9,0.0,51.502453,0.0
2019-01-15,21,0,103,6.0,6.0,0.0,44.784742,0.0
2019-01-15,21,0,104,1.11,1.11,0.0,8.285177,0.0
2019-01-15,21,0,106,0.0,0.0,0.0,0.0,0.0
2019-01-15,21,0,109,17.69,17.69,0.0,207.997731,0.0
2019-01-15,21,0,110,117.53,117.53,0.0,269.015872,0.0
2019-01-15,21,0,111,0.0,0.0,0.0,0.0,0.0
2019-01-15,21,0,113,30.25,30.25,0.0,258.016672,0.0
2019-01-15,21,0,115,30.25,30.25,0.0,258.016672,0.0
2019-01-15,21,0,116,0.0,0.0,0.0,0.0,0.0
2019-01-15,21,0,117,2.03,2.03,0.0,17.314838,0.0
2019-01-15,21,0,119,82.11,82.11,0.0,1434.76151,0.0
2019-01-15,21,0,120,48.28,48.28,0.0,843.627886,0.0
2019-01-15,21,0,123,0.0,0.0,0.0,0.0,0.0
2019-01-15,21,0,125,56.35,56.35,0.0,580.266154,0.0
2019-01-15,21,0,126,0.0,0.0,0.0,0.0,0.0
2019-01-15,21,0,127,0.0,0.0,0.0,0.0,0.0
2019-01-15,21,0,128,80.71,80.71,0.0,831.114131,0.0
2019-01-15,21,0,131,8.48,8.48,0.0,66.180955,0.0
2019-01-15,21,0,132,12.47,12.47,0.0,97.320342,0.0
2019-01-15,21,0,133,18.23,18.23,0.0,251.410874,0.0
2019-01-15,21,0,134,0.0,0.0,0.0,0.0,0.0
2019-01-15,21,0,135,23.7,23.7,0.0,326.847927,0.0
2019-01-15,21,0,136,2.74,2.74,0.0,37.678366,0.0
2019-01-15,21,0,139,15.92,15.92,0.0,179.296218,0.0
2019-01-15,21,0,140,86.98,86.98,0.0,199.089599,0.0
2019-01-15,21,0,141,82.03,82.03,0.0,507.779515,0.0
2019-01-15,21,0,142,0.0,0.0,0.0,0.0,0.0
2019-01-15,21,0,143,8.47,8.47,0.0,87.072644,0.0
2019-01-15,21,0,145,7.71,7.71,0.0,83.497311,0.0
2019-01-15,21,0,146,53.71,53.71,0.0,122.937484,0.0
2019-01-15,21,0,152,0.0,0.0,0.0,0.0,0.0
2019-01-15,21,0,153,0.0,0.0,0.0,0.0,0.0
2019-01-15,21,0,154,0.0,0.0,0.0,0.0,0.0
2019-01-15,21,0,157,39.71,39.71,0.0,245.811588,0.0
2019-01-15,21,0,158,0.0,0.0,0.0,0.0,0.0
2019-01-15,21,0,159,0.0,0.0,0.0,0.0,0.0
2019-01-15,21,0,160,0.0,0.0,0.0,0.0,0.0
2019-01-15,21,0,161,0.0,0.0,0.0,0.0,0.0
2019-01-15,21,0,162,31.14,31.14,0.0,513.432254,0.0
2019-01-15,21,0,163,57.77,57.77,0.0,132.230468,0.0
2019-01-15,21,0,164,0.0,0.0,0.0,0.0,0.0
2019-01-15,21,0,167,0.0,0.0,0.0,0.0,0.0
2019-01-15,21,0,168,0.0,0.0,0.0,0.0,0.0
2019-01-15,21,0,169,0.0,0.0,0.0,0.0,0.0
2019-01-15,21,0,170,0.0,0.0,0.0,0.0,0.0
2019-01-15,21,0,172,0.0,0.0,0.0,0.0,0.0
2019-01-15,21,0,173,0.0,0.0,0.0,0.0,0.0
2019-01-15,21,0,188,0.0,0.0,0.0,0.0,0.0
2019-01-15,21,0,190,0.0,0.0,0.0,0.0,0.0
2019-01-15,21,0,191,0.0,0.0,0.0,0.0,0.0
2019-01-15,21,0,192,80.72,80.72,0.0,1410.473134,0.0
2019-01-15,21,0,194,111.93,111.93,0.0,1049.696183,0.0
2019-01-15,21,0,196,0.0,0.0,0.0,0.0,0.0
2019-01-15,21,0,198,0.0,0.0,0.0,0.0,0.0
2019-01-15,21,0,199,19.2,19.2,0.0,200.350546,0.0
2019-01-15,21,0,200,0.0,0.0,0.0,0.0,0.0
2019-01-15,21,0,204,178.8,178.8,0.0,2085.367854,0.0
2019-01-15,21,0,205,82.11,82.11,0.0,965.443395,0.0
2019-01-15,21,0,206,152.37,152.37,0.0,1563.609553,0.0
2019-01-15,21,0,210,0.0,0.0,0.0,0.0,0.0
2019-01-15,21,0,214,0.0,0.0,0.0,0.0,0.0
2019-01-15,21,0,217,0.0,0.0,0.0,0.0,0.0
2019-01-15,21,0,218,0.0,0.0,0.0,0.0,0.0
2019-01-15,21,0,219,0.0,0.0,0.0,0.0,0.0
2019-01-15,21,0,221,0.0,0.0,0.0,0.0,0.0
2019-01-15,21,0,225,0.0,0.0,0.0,0.0,0.0
2019-01-15,21,0,233,0.0,0.0,0.0,0.0,0.0
2019-01-15,21,0,236,0.0,0.0,0.0,0.0,0.0
2019-01-15,21,0,237,0.0,0.0,0.0,0.0,0.0
2019-01-15,21,0,238,0.0,0.0,0.0,0.0,0.0
2019-01-15,21,0,240,0.0,0.0,0.0,0.0,0.0
2019-01-15,21,0,245,57.75,57.75,0.0,803.604282,0.0
2019-01-15,21,0,247,19.71,19.71,0.0,274.269098,0.0
2019-01-15,21,0,248,0.0,0.0,0.0,0.0,0.0
2019-01-15,21,0,249,111.06,111.06,0.0,1545.424962,0.0
2019-01-15,21,0,251,30.63,30.63,0.0,419.515594,0.0
2019-01-15,21,0,252,24.62,24.62,0.0,338.602087,0.0
2019-01-15,21,0,254,0.0,0.0,0.0,0.0,0.0
2019-01-15,21,0,255,0.0,0.0,0.0,0.0,0.0
2019-01-15,21,0,258,0.0,0.0,0.0,0.0,0.0
2019-01-15,21,0,260,0.0,0.0,0.0,0.0,0.0
2019-01-15,21,0,265,0.0,0.0,0.0,0.0,0.0
2019-01-15,21,0,266,9.97,9.97,0.0,112.285383,0.0
2019-01-15,21,0,267,12.45,12.45,0.0,140.215949,0.0
2019-01-15,21,0,270,180.41,180.41,0.0,412.942683,0.0
2019-01-15,21,0,272,101.05,101.05,0.0,861.903625,0.0
2019-01-15,21,0,273,0.0,0.0,0.0,0.0,0.0
2019-01-15,21,0,274,232.57,232.57,0.0,532.332353,0.0
2019-01-15,21,0,275,323.74,323.74,0.0,741.012494,0.0
2019-01-15,21,0,276,0.0,0.0,0.0,0.0,0.0
2019-01-15,21,0,277,0.0,0.0,0.0,0.0,0.0
2019-01-15,21,0,278,0.0,0.0,0.0,0.0,0.0
2019-01-15,21,0,279,220.57,220.57,0.0,1890.787369,0.0
2019-01-15,21,0,281,2.34,2.34,0.0,24.055488,0.0
2019-01-15,21,0,282,0.0,0.0,0.0,0.0,0.0
2019-01-15,22,0,9,0.0,0.0,0.0,0.0,0.0
2019-01-15,22,0,17,0.0,0.0,0.0,0.0,0.0
2019-01-15,22,0,19,266.12,266.12,0.0,3947.201462,0.0
2019-01-15,22,0,20,322.75,322.75,0.0,4787.160949,0.0
2019-01-15,22,0,21,0.0,0.0,0.0,0.0,0.0
2019-01-15,22,0,22,0.0,0.0,0.0,0.0,0.0
2019-01-15,22,0,23,43.37,43.37,0.0,435.109732,0.0
2019-01-15,22,0,24,76.74,76.74,0.0,769.894416,0.0
2019-01-15,22,0,29,0.0,0.0,0.0,0.0,0.0
2019-01-15,22,0,30,0.0,0.0,0.0,0.0,0.0
2019-01-15,22,0,31,8.35,8.35,0.0,83.571738,0.0
2019-01-15,22,0,32,0.0,0.0,0.0,0.0,0.0
2019-01-15,22,0,33,0.0,0.0,0.0,0.0,0.0
2019-01-15,22,0,34,0.0,0.0,0.0,0.0,0.0
2019-01-15,22,0,35,0.0,0.0,0.0,0.0,0.0
2019-01-15,22,0,36,0.0,0.0,0.0,0.0,0.0
2019-01-15,22,0,37,0.0,0.0,0.0,0.0,0.0
2019-01-15,22,0,38,0.0,0.0,0.0,0.0,0.0
2019-01-15,22,0,39,0.0,0.0,0.0,0.0,0.0
2019-01-15,22,0,40,0.0,0.0,0.0,0.0,0.0
2019-01-15,22,0,41,10.49,10.49,0.0,119.145367,0.0
2019-01-15,22,0,42,0.0,0.0,0.0,0.0,0.0
2019-01-15,22,0,43,0.0,0.0,0.0,0.0,0.0
2019-01-15,22,0,46,0.0,0.0,0.0,0.0,0.0
2019-01-15,22,0,52,8.85,8.85,0.0,88.576033,0.0
2019-01-15,22,0,53,14.07,14.07,0.0,140.82088,0.0
2019-01-15,22,0,55,88.94,88.94,0.0,892.290974,0.0
2019-01-15,22,0,56,0.0,0.0,0.0,0.0,0.0
2019-01-15,22,0,57,0.0,0.0,0.0,0.0,0.0
2019-01-15,22,0,58,0.0,0.0,0.0,0.0,0.0
2019-01-15,22,0,59,0.0,0.0,0.0,0.0,0.0
2019-01-15,22,0,63,84.55,84.55,0.0,1559.489039,0.0
2019-01-15,22,0,64,99.47,99.47,0.0,1834.682137,0.0
2019-01-15,22,0,65,2.55,2.55,0.0,37.700941,0.0
2019-01-15,22,0,67,0.0,0.0,0.0,0.0,0.0
2019-01-15,22,0,68,3.18,3.18,0.0,21.289905,0.0
2019-01-15,22,0,69,0.0,0.0,0.0,0.0,0.0
2019-01-15,22,0,74,1.37,1.37,0.0,18.480772,0.0
2019-01-15,22,0,77,125.18,125.18,0.0,970.28302,0.0
2019-01-15,22,0,78,94.64,94.64,0.0,733.564348,0.0
2019-01-15,22,0,79,54.77,54.77,0.0,424.527888,0.0
2019-01-15,22,0,80,88.57,88.57,0.0,686.515155,0.0
2019-01-15,22,0,81,115.8,115.8,0.0,897.577678,0.0
2019-01-15,22,0,82,81.68,81.68,0.0,633.110058,0.0
2019-01-15,22,0,83,182.14,182.14,0.0,1411.785823,0.0
2019-01-15,22,0,84,0.0,0.0,0.0,0.0,0.0
2019-01-15,22,0,86,0.0,0.0,0.0,0.0,0.0
2019-01-15,22,0,87,0.0,0.0,0.0,0.0,0.0
2019-01-15,22,0,88,132.83,132.83,0.0,1029.578955,0.0
2019-01-15,22,0,89,127.69,127.69,0.0,989.738288,0.0
2019-01-15,22,0,90,171.44,171.44,0.0,1328.849025,0.0
2019-01-15,22,0,91,611.58,611.58,0.0,4740.419312,0.0
2019-01-15,22,0,92,219.95,219.95,0.0,1704.855011,0.0
2019-01-15,22,0,95,25.56,25.56,0.0,443.577597,0.0
2019-01-15,22,0,96,10.43,10.43,0.0,104.128942,0.0
2019-01-15,22,0,97,64.13,64.13,0.0,640.248233,0.0
2019-01-15,22,0,99,0.26,0.26,0.0,3.5073,0.0
2019-01-15,22,0,101,0.0,0.0,0.0,0.0,0.0
2019-01-15,22,0,102,7.52,7.52,0.0,50.34594,0.0
2019-01-15,22,0,103,6.54,6.54,0.0,43.7849,0.0
2019-01-15,22,0,104,1.21,1.21,0.0,8.100876,0.0
2019-01-15,22,0,106,0.0,0.0,0.0,0.0,0.0
2019-01-15,22,0,109,47.23,47.23,0.0,568.540522,0.0
2019-01-15,22,0,110,118.75,118.75,0.0,271.761609,0.0
2019-01-15,22,0,111,0.0,0.0,0.0,0.0,0.0
2019-01-15,22,0,113,65.06,65.06,0.0,485.94311,0.0
2019-01-15,22,0,115,65.06,65.06,0.0,485.94311,0.0
2019-01-15,22,0,116,0.0,0.0,0.0,0.0,0.0
2019-01-15,22,0,117,4.34,4.34,0.0,32.416125,0.0
2019-01-15,22,0,119,99.47,99.47,0.0,1834.682137,0.0
2019-01-15,22,0,120,58.49,58.49,0.0,1078.823346,0.0
2019-01-15,22,0,123,0.0,0.0,0.0,0.0,0.0
2019-01-15,22,0,125,69.44,69.44,0.0,696.657131,0.0
2019-01-15,22,0,126,0.0,0.0,0.0,0.0,0.0
2019-01-15,22,0,127,0.0,0.0,0.0,0.0,0.0
2019-01-15,22,0,128,99.46,99.46,0.0,997.832925,0.0
2019-01-15,22,0,131,9.64,9.64,0.0,67.331836,0.0
2019-01-15,22,0,132,14.17,14.17,0.0,98.972212,0.0
2019-01-15,22,0,133,28.86,28.86,0.0,428.193186,0.0
2019-01-15,22,0,134,0.0,0.0,0.0,0.0,0.0
2019-01-15,22,0,135,38.67,38.67,0.0,573.743261,0.0
2019-01-15,22,0,136,1.07,1.07,0.0,15.816807,0.0
2019-01-15,22,0,139,13.55,13.55,0.0,153.900831,0.0
2019-01-15,22,0,140,87.88,87.88,0.0,201.115033,0.0
2019-01-15,22,0,141,98.41,98.41,0.0,552.103027,0.0
2019-01-15,22,0,142,0.0,0.0,0.0,0.0,0.0
2019-01-15,22,0,143,14.5,14.5,0.0,145.124574,0.0
2019-01-15,22,0,145,22.48,22.48,0.0,241.958054,0.0
2019-01-15,22,0,146,67.33,67.33,0.0,154.085972,0.0
2019-01-15,22,0,152,0.0,0.0,0.0,0.0,0.0
2019-01-15,22,0,153,0.0,0.0,0.0,0.0,0.0
2019-01-15,22,0,154,0.0,0.0,0.0,0.0,0.0
2019-01-15,22,0,157,40.06,40.06,0.0,224.745933,0.0
2019-01-15,22,0,158,0.0,0.0,0.0,0.0,0.0
2019-01-15,22,0,159,0.0,0.0,0.0,0.0,0.0
2019-01-15,22,0,160,0.0,0.0,0.0,0.0,0.0
2019-01-15,22,0,161,0.0,0.0,0.0,0.0,0.0
2019-01-15,22,0,162,19.16,19.16,0.0,332.794836,0.0
2019-01-15,22,0,163,61.51,61.51,0.0,140.766792,0.0
2019-01-15,22,0,164,0.0,0.0,0.0,0.0,0.0
2019-01-15,22,0,167,0.0,0.0,0.0,0.0,0.0
2019-01-15,22,0,168,0.0,0.0,0.0,0.0,0.0
2019-01-15,22,0,169,0.0,0.0,0.0,0.0,0.0
2019-01-15,22,0,170,0.0,0.0,0.0,0.0,0.0
2019-01-15,22,0,172,0.0,0.0,0.0,0.0,0.0
2019-01-15,22,0,173,0.0,0.0,0.0,0.0,0.0
2019-01-15,22,0,188,0.0,0.0,0.0,0.0,0.0
2019-01-15,22,0,190,0.0,0.0,0.0,0.0,0.0
2019-01-15,22,0,191,0.0,0.0,0.0,0.0,0.0
2019-01-15,22,0,192,74.47,74.47,0.0,1373.567696,0.0
2019-01-15,22,0,194,169.02,169.02,0.0,1354.44199,0.0
2019-01-15,22,0,196,0.0,0.0,0.0,0.0,0.0
2019-01-15,22,0,198,0.0,0.0,0.0,0.0,0.0
2019-01-15,22,0,199,18.23,18.23,0.0,181.852145,0.0
2019-01-15,22,0,200,0.0,0.0,0.0,0.0,0.0
2019-01-15,22,0,204,236.96,236.96,0.0,2821.549008,0.0
2019-01-15,22,0,205,234.95,234.95,0.0,2828.257373,0.0
2019-01-15,22,0,206,188.43,188.43,0.0,1881.209644,0.0
2019-01-15,22,0,210,0.0,0.0,0.0,0.0,0.0
2019-01-15,22,0,214,0.0,0.0,0.0,0.0,0.0
2019-01-15,22,0,217,0.0,0.0,0.0,0.0,0.0
2019-01-15,22,0,218,0.0,0.0,0.0,0.0,0.0
2019-01-15,22,0,219,0.0,0.0,0.0,0.0,0.0
2019-01-15,22,0,221,0.0,0.0,0.0,0.0,0.0
2019-01-15,22,0,225,0.0,0.0,0.0,0.0,0.0
2019-01-15,22,0,233,0.0,0.0,0.0,0.0,0.0
2019-01-15,22,0,236,0.0,0.0,0.0,0.0,0.0
2019-01-15,22,0,237,3.29,3.29,0.0,44.380832,0.0
2019-01-15,22,0,238,0.0,0.0,0.0,0.0,0.0
2019-01-15,22,0,240,0.0,0.0,0.0,0.0,0.0
2019-01-15,22,0,245,61.45,61.45,0.0,922.237058,0.0
2019-01-15,22,0,247,19.26,19.26,0.0,289.052656,0.0
2019-01-15,22,0,248,0.33,0.33,0.0,4.451573,0.0
2019-01-15,22,0,249,118.17,118.17,0.0,1773.486626,0.0
2019-01-15,22,0,251,45.67,45.67,0.0,671.637607,0.0
2019-01-15,22,0,252,16.42,16.42,0.0,242.764491,0.0
2019-01-15,22,0,254,0.0,0.0,0.0,0.0,0.0
2019-01-15,22,0,255,0.0,0.0,0.0,0.0,0.0
2019-01-15,22,0,258,0.0,0.0,0.0,0.0,0.0
2019-01-15,22,0,260,0.0,0.0,0.0,0.0,0.0
2019-01-15,22,0,265,0.0,0.0,0.0,0.0,0.0
2019-01-15,22,0,266,8.77,8.77,0.0,99.609616,0.0
2019-01-15,22,0,267,10.78,10.78,0.0,122.439185,0.0
2019-01-15,22,0,270,192.1,192.1,0.0,439.624464,0.0
2019-01-15,22,0,272,217.42,217.42,0.0,1623.943299,0.0
2019-01-15,22,0,273,0.0,0.0,0.0,0.0,0.0
2019-01-15,22,0,274,247.64,247.64,0.0,566.728799,0.0
2019-01-15,22,0,275,344.72,344.72,0.0,788.898206,0.0
2019-01-15,22,0,276,0.0,0.0,0.0,0.0,0.0
2019-01-15,22,0,277,0.0,0.0,0.0,0.0,0.0
2019-01-15,22,0,278,0.0,0.0,0.0,0.0,0.0
2019-01-15,22,0,279,106.11,106.11,0.0,804.546317,0.0
2019-01-15,22,0,281,3.75,3.75,0.0,37.532218,0.0
2019-01-15,22,0,282,0.0,0.0,0.0,0.0,0.0
2019-01-15,23,0,9,0.0,0.0,0.0,0.0,0.0
2019-01-15,23,0,17,0.0,0.0,0.0,0.0,0.0
2019-01-15,23,0,19,285.07,285.07,0.0,2914.768985,0.0
2019-01-15,23,0,20,345.74,345.74,0.0,3535.104462,0.0
2019-01-15,23,0,21,0.0,0.0,0.0,0.0,0.0
2019-01-15,23,0,22,0.0,0.0,0.0,0.0,0.0
2019-01-15,23,0,23,49.12,49.12,0.0,362.796759,0.0
2019-01-15,23,0,24,86.91,86.91,0.0,641.910959,0.0
2019-01-15,23,0,29,0.0,0.0,0.0,0.0,0.0
2019-01-15,23,0,30,0.0,0.0,0.0,0.0,0.0
2019-01-15,23,0,31,8.17,8.17,0.0,60.220083,0.0
2019-01-15,23,0,32,0.0,0.0,0.0,0.0,0.0
2019-01-15,23,0,33,0.0,0.0,0.0,0.0,0.0
2019-01-15,23,0,34,0.0,0.0,0.0,0.0,0.0
2019-01-15,23,0,35,0.0,0.0,0.0,0.0,0.0
2019-01-15,23,0,36,0.0,0.0,0.0,0.0,0.0
2019-01-15,23,0,37,0.0,0.0,0.0,0.0,0.0
2019-01-15,23,0,38,0.0,0.0,0.0,0.0,0.0
2019-01-15,23,0,39,0.0,0.0,0.0,0.0,0.0
2019-01-15,23,0,40,0.0,0.0,0.0,0.0,0.0
2019-01-15,23,0,41,11.93,11.93,0.0,97.896692,0.0
2019-01-15,23,0,42,0.0,0.0,0.0,0.0,0.0
2019-01-15,23,0,43,0.0,0.0,0.0,0.0,0.0
2019-01-15,23,0,46,0.0,0.0,0.0,0.0,0.0
2019-01-15,23,0,52,8.66,8.66,0.0,63.831814,0.0
2019-01-15,23,0,53,13.75,13.75,0.0,101.349589,0.0
2019-01-15,23,0,55,155.91,155.91,0.0,1151.539957,0.0
2019-01-15,23,0,56,0.0,0.0,0.0,0.0,0.0
2019-01-15,23,0,57,0.0,0.0,0.0,0.0,0.0
2019-01-15,23,0,58,0.0,0.0,0.0,0.0,0.0
2019-01-15,23,0,59,0.0,0.0,0.0,0.0,0.0
2019-01-15,23,0,63,80.18,80.18,0.0,1252.471671,0.0
2019-01-15,23,0,64,94.33,94.33,0.0,1473.505273,0.0
2019-01-15,23,0,65,2.36,2.36,0.0,24.068275,0.0
2019-01-15,23,0,67,0.0,0.0,0.0,0.0,0.0
2019-01-15,23,0,68,3.46,3.46,0.0,24.330714,0.0
2019-01-15,23,0,69,0.0,0.0,0.0,0.0,0.0
2019-01-15,23,0,74,0.0,0.0,0.0,0.0,0.0
2019-01-15,23,0,77,131.52,131.52,0.0,782.175992,0.0
2019-01-15,23,0,78,99.43,99.43,0.0,591.330284,0.0
2019-01-15,23,0,79,57.54,57.54,0.0,342.201997,0.0
2019-01-15,23,0,80,93.05,93.05,0.0,553.387136,0.0
2019-01-15,23,0,81,121.66,121.66,0.0,723.536582,0.0
2019-01-15,23,0,82,85.82,85.82,0.0,510.388866,0.0
2019-01-15,23,0,83,191.36,191.36,0.0,1138.056553,0.0
2019-01-15,23,0,84,0.0,0.0,0.0,0.0,0.0
2019-01-15,23,0,86,0.0,0.0,0.0,0.0,0.0
2019-01-15,23,0,87,0.0,0.0,0.0,0.0,0.0
2019-01-15,23,0,88,138.0,138.0,0.0,820.71386,0.0
2019-01-15,23,0,89,132.66,132.66,0.0,788.955802,0.0
2019-01-15,23,0,90,178.13,178.13,0.0,1059.375072,0.0
2019-01-15,23,0,91,635.42,635.42,0.0,3778.971023,0.0
2019-01-15,23,0,92,228.52,228.52,0.0,1359.054575,0.0
2019-01-15,23,0,95,23.25,23.25,0.0,360.103015,0.0
2019-01-15,23,0,96,12.11,12.11,0.0,89.070893,0.0
2019-01-15,23,0,97,74.48,74.48,0.0,547.811736,0.0
2019-01-15,23,0,99,0.0,0.0,0.0,0.0,0.0
2019-01-15,23,0,101,0.0,0.0,0.0,0.0,0.0
2019-01-15,23,0,102,8.19,8.19,0.0,57.592066,0.0
2019-01-15,23,0,103,7.12,7.12,0.0,50.067827,0.0
2019-01-15,23,0,104,1.32,1.32,0.0,9.282238,0.0
2019-01-15,23,0,106,0.0,0.0,0.0,0.0,0.0
2019-01-15,23,0,109,61.82,61.82,0.0,535.290508,0.0
2019-01-15,23,0,110,112.35,112.35,0.0,1437.655479,0.0
2019-01-15,23,0,111,0.0,0.0,0.0,0.0,0.0
2019-01-15,23,0,113,62.03,62.03,0.0,331.316239,0.0
2019-01-15,23,0,115,62.03,62.03,0.0,331.316239,0.0
2019-01-15,23,0,116,0.0,0.0,0.0,0.0,0.0
2019-01-15,23,0,117,4.14,4.14,0.0,22.112675,0.0
2019-01-15,23,0,119,94.33,94.33,0.0,1473.505273,0.0
2019-01-15,23,0,120,55.47,55.47,0.0,866.482958,0.0
2019-01-15,23,0,123,0.0,0.0,0.0,0.0,0.0
2019-01-15,23,0,125,78.65,78.65,0.0,580.903198,0.0
2019-01-15,23,0,126,0.0,0.0,0.0,0.0,0.0
2019-01-15,23,0,127,0.0,0.0,0.0,0.0,0.0
2019-01-15,23,0,128,112.64,112.64,0.0,831.950874,0.0
2019-01-15,23,0,131,11.26,11.26,0.0,74.913237,0.0
2019-01-15,23,0,132,16.55,16.55,0.0,110.107822,0.0
2019-01-15,23,0,133,35.38,35.38,0.0,361.839349,0.0
2019-01-15,23,0,134,0.0,0.0,0.0,0.0,0.0
2019-01-15,23,0,135,47.4,47.4,0.0,484.770638,0.0
2019-01-15,23,0,136,1.04,1.04,0.0,10.604855,0.0
2019-01-15,23,0,139,15.41,15.41,0.0,126.453313,0.0
2019-01-15,23,0,140,83.15,83.15,0.0,1064.005813,0.0
2019-01-15,23,0,141,100.96,100.96,0.0,853.207662,0.0
2019-01-15,23,0,142,0.0,0.0,0.0,0.0,0.0
2019-01-15,23,0,143,13.59,13.59,0.0,100.170248,0.0
2019-01-15,23,0,145,9.42,9.42,0.0,73.943541,0.0
2019-01-15,23,0,146,56.12,56.12,0.0,718.123947,0.0
2019-01-15,23,0,152,0.0,0.0,0.0,0.0,0.0
2019-01-15,23,0,153,0.0,0.0,0.0,0.0,0.0
2019-01-15,23,0,154,0.0,0.0,0.0,0.0,0.0
2019-01-15,23,0,157,43.25,43.25,0.0,365.50348,0.0
2019-01-15,23,0,158,0.0,0.0,0.0,0.0,0.0
2019-01-15,23,0,159,0.0,0.0,0.0,0.0,0.0
2019-01-15,23,0,160,0.0,0.0,0.0,0.0,0.0
2019-01-15,23,0,161,0.0,0.0,0.0,0.0,0.0
2019-01-15,23,0,162,9.8,9.8,0.0,151.839709,0.0
2019-01-15,23,0,163,58.59,58.59,0.0,749.730614,0.0
2019-01-15,23,0,164,0.0,0.0,0.0,0.0,0.0
2019-01-15,23,0,167,0.0,0.0,0.0,0.0,0.0
2019-01-15,23,0,168,0.0,0.0,0.0,0.0,0.0
2019-01-15,23,0,169,0.0,0.0,0.0,0.0,0.0
2019-01-15,23,0,170,0.0,0.0,0.0,0.0,0.0
2019-01-15,23,0,172,0.0,0.0,0.0,0.0,0.0
2019-01-15,23,0,173,0.0,0.0,0.0,0.0,0.0
2019-01-15,23,0,188,0.0,0.0,0.0,0.0,0.0
2019-01-15,23,0,190,0.0,0.0,0.0,0.0,0.0
2019-01-15,23,0,191,0.0,0.0,0.0,0.0,0.0
2019-01-15,23,0,192,72.41,72.41,0.0,1131.09845,0.0
2019-01-15,23,0,194,166.44,166.44,0.0,619.096506,0.0
2019-01-15,23,0,196,0.0,0.0,0.0,0.0,0.0
2019-01-15,23,0,198,0.0,0.0,0.0,0.0,0.0
2019-01-15,23,0,199,15.81,15.81,0.0,118.602351,0.0
2019-01-15,23,0,200,0.0,0.0,0.0,0.0,0.0
2019-01-15,23,0,204,259.28,259.28,0.0,2225.442725,0.0
2019-01-15,23,0,205,327.05,327.05,0.0,2831.879015,0.0
2019-01-15,23,0,206,218.85,218.85,0.0,1609.67506,0.0
2019-01-15,23,0,210,0.0,0.0,0.0,0.0,0.0
2019-01-15,23,0,214,0.0,0.0,0.0,0.0,0.0
2019-01-15,23,0,217,0.0,0.0,0.0,0.0,0.0
2019-01-15,23,0,218,0.0,0.0,0.0,0.0,0.0
2019-01-15,23,0,219,0.0,0.0,0.0,0.0,0.0
2019-01-15,23,0,221,0.0,0.0,0.0,0.0,0.0
2019-01-15,23,0,225,0.0,0.0,0.0,0.0,0.0
2019-01-15,23,0,233,0.0,0.0,0.0,0.0,0.0
2019-01-15,23,0,236,0.0,0.0,0.0,0.0,0.0
2019-01-15,23,0,237,0.0,0.0,0.0,0.0,0.0
2019-01-15,23,0,238,0.0,0.0,0.0,0.0,0.0
2019-01-15,23,0,240,0.0,0.0,0.0,0.0,0.0
2019-01-15,23,0,245,60.61,60.61,0.0,625.589735,0.0
2019-01-15,23,0,247,17.86,17.86,0.0,184.343057,0.0
2019-01-15,23,0,248,0.0,0.0,0.0,0.0,0.0
2019-01-15,23,0,249,116.56,116.56,0.0,1203.081001,0.0
2019-01-15,23,0,251,19.88,19.88,0.0,201.885319,0.0
2019-01-15,23,0,252,15.25,15.25,0.0,155.525927,0.0
2019-01-15,23,0,254,0.0,0.0,0.0,0.0,0.0
2019-01-15,23,0,255,0.0,0.0,0.0,0.0,0.0
2019-01-15,23,0,258,0.0,0.0,0.0,0.0,0.0
2019-01-15,23,0,260,0.0,0.0,0.0,0.0,0.0
2019-01-15,23,0,265,0.0,0.0,0.0,0.0,0.0
2019-01-15,23,0,266,9.98,9.98,0.0,81.895137,0.0
2019-01-15,23,0,267,12.26,12.26,0.0,100.604647,0.0
2019-01-15,23,0,270,182.98,182.98,0.0,2341.4526,0.0
2019-01-15,23,0,272,207.3,207.3,0.0,1107.236117,0.0
2019-01-15,23,0,273,0.0,0.0,0.0,0.0,0.0
2019-01-15,23,0,274,235.88,235.88,0.0,3018.372714,0.0
2019-01-15,23,0,275,328.35,328.35,0.0,4201.639311,0.0
2019-01-15,23,0,276,0.0,0.0,0.0,0.0,0.0
2019-01-15,23,0,277,0.0,0.0,0.0,0.0,0.0
2019-01-15,23,0,278,0.0,0.0,0.0,0.0,0.0
2019-01-15,23,0,279,107.19,107.19,0.0,598.567334,0.0
2019-01-15,23,0,281,3.66,3.66,0.0,26.977418,0.0
2019-01-15,23,0,282,0.0,0.0,0.0,0.0,0.0
2019-01-16,0,0,9,0.0,0.0,0.0,0.0,0.0
2019-01-16,0,0,17,0.0,0.0,0.0,0.0,0.0
2019-01-16,0,0,19,310.64,310.64,0.0,2985.061755,0.0
2019-01-16,0,0,20,376.74,376.74,0.0,3620.242613,0.0
2019-01-16,0,0,21,0.0,0.0,0.0,0.0,0.0
2019-01-16,0,0,22,0.0,0.0,0.0,0.0,0.0
2019-01-16,0,0,23,55.31,55.31,0.0,425.972291,0.0
2019-01-16,0,0,24,97.85,97.85,0.0,753.59589,0.0
2019-01-16,0,0,29,0.0,0.0,0.0,0.0,0.0
2019-01-16,0,0,30,0.0,0.0,0.0,0.0,0.0
2019-01-16,0,0,31,7.94,7.94,0.0,61.061664,0.0
2019-01-16,0,0,32,0.0,0.0,0.0,0.0,0.0
2019-01-16,0,0,33,0.0,0.0,0.0,0.0,0.0
2019-01-16,0,0,34,0.0,0.0,0.0,0.0,0.0
2019-01-16,0,0,35,0.0,0.0,0.0,0.0,0.0
2019-01-16,0,0,36,0.0,0.0,0.0,0.0,0.0
2019-01-16,0,0,37,0.0,0.0,0.0,0.0,0.0
2019-01-16,0,0,38,0.0,0.0,0.0,0.0,0.0
2019-01-16,0,0,39,0.0,0.0,0.0,0.0,0.0
2019-01-16,0,0,40,0.0,0.0,0.0,0.0,0.0
2019-01-16,0,0,41,13.86,13.86,0.0,114.957275,0.0
2019-01-16,0,0,42,0.0,0.0,0.0,0.0,0.0
2019-01-16,0,0,43,0.0,0.0,0.0,0.0,0.0
2019-01-16,0,0,46,0.0,0.0,0.0,0.0,0.0
2019-01-16,0,0,52,8.41,8.41,0.0,64.676145,0.0
2019-01-16,0,0,53,13.37,13.37,0.0,102.820459,0.0
2019-01-16,0,0,55,155.9,155.9,0.0,1200.670406,0.0
2019-01-16,0,0,56,0.0,0.0,0.0,0.0,0.0
2019-01-16,0,0,57,0.0,0.0,0.0,0.0,0.0
2019-01-16,0,0,58,0.0,0.0,0.0,0.0,0.0
2019-01-16,0,0,59,0.0,0.0,0.0,0.0,0.0
2019-01-16,0,0,63,76.25,76.25,0.0,1237.140335,0.0
2019-01-16,0,0,64,89.71,89.71,0.0,1455.526025,0.0
2019-01-16,0,0,65,2.21,2.21,0.0,21.202499,0.0
2019-01-16,0,0,67,0.0,0.0,0.0,0.0,0.0
2019-01-16,0,0,68,3.83,3.83,0.0,29.603276,0.0
2019-01-16,0,0,69,0.0,0.0,0.0,0.0,0.0
2019-01-16,0,0,74,0.0,0.0,0.0,0.0,0.0
2019-01-16,0,0,77,140.98,140.98,0.0,934.922397,0.0
2019-01-16,0,0,78,106.58,106.58,0.0,706.795496,0.0
2019-01-16,0,0,79,61.68,61.68,0.0,409.036838,0.0
2019-01-16,0,0,80,99.74,99.74,0.0,661.43538,0.0
2019-01-16,0,0,81,130.4,130.4,0.0,864.760112,0.0
2019-01-16,0,0,82,91.99,91.99,0.0,610.040511,0.0
2019-01-16,0,0,83,205.12,205.12,0.0,1360.272961,0.0
2019-01-16,0,0,84,0.0,0.0,0.0,0.0,0.0
2019-01-16,0,0,86,0.0,0.0,0.0,0.0,0.0
2019-01-16,0,0,87,0.0,0.0,0.0,0.0,0.0
2019-01-16,0,0,88,145.75,145.75,0.0,966.555109,0.0
2019-01-16,0,0,89,140.12,140.12,0.0,929.219224,0.0
2019-01-16,0,0,90,188.13,188.13,0.0,1247.602146,0.0
2019-01-16,0,0,91,671.1,671.1,0.0,4450.46404,0.0
2019-01-16,0,0,92,241.36,241.36,0.0,1600.601998,0.0
2019-01-16,0,0,95,11.91,11.91,0.0,191.920792,0.0
2019-01-16,0,0,96,14.06,14.06,0.0,107.962894,0.0
2019-01-16,0,0,97,86.46,86.46,0.0,663.902692,0.0
2019-01-16,0,0,99,0.0,0.0,0.0,0.0,0.0
2019-01-16,0,0,101,0.0,0.0,0.0,0.0,0.0
2019-01-16,0,0,102,9.07,9.07,0.0,70.104885,0.0
2019-01-16,0,0,103,7.89,7.89,0.0,60.984294,0.0
2019-01-16,0,0,104,1.46,1.46,0.0,11.2848,0.0
2019-01-16,0,0,106,0.0,0.0,0.0,0.0,0.0
2019-01-16,0,0,109,69.49,69.49,0.0,601.59258,0.0
2019-01-16,0,0,110,105.52,105.52,0.0,1417.7521,0.0
2019-01-16,0,0,111,0.0,0.0,0.0,0.0,0.0
2019-01-16,0,0,113,60.8,60.8,0.0,371.474125,0.0
2019-01-16,0,0,115,60.8,60.8,0.0,371.474125,0.0
2019-01-16,0,0,116,0.0,0.0,0.0,0.0,0.0
2019-01-16,0,0,117,4.05,4.05,0.0,24.744576,0.0
2019-01-16,0,0,119,89.71,89.71,0.0,1455.526025,0.0
2019-01-16,0,0,120,52.75,52.75,0.0,855.85774,0.0
2019-01-16,0,0,123,0.0,0.0,0.0,0.0,0.0
2019-01-16,0,0,125,88.55,88.55,0.0,681.971549,0.0
2019-01-16,0,0,126,0.0,0.0,0.0,0.0,0.0
2019-01-16,0,0,127,0.0,0.0,0.0,0.0,0.0
2019-01-16,0,0,128,126.83,126.83,0.0,976.786579,0.0
2019-01-16,0,0,131,13.34,13.34,0.0,98.104348,0.0
2019-01-16,0,0,132,19.62,19.62,0.0,144.288404,0.0
2019-01-16,0,0,133,43.5,43.5,0.0,418.072116,0.0
2019-01-16,0,0,134,0.0,0.0,0.0,0.0,0.0
2019-01-16,0,0,135,58.29,58.29,0.0,560.216636,0.0
2019-01-16,0,0,136,1.16,1.16,0.0,11.127926,0.0
2019-01-16,0,0,139,17.9,17.9,0.0,148.465744,0.0
2019-01-16,0,0,140,78.09,78.09,0.0,1049.20642,0.0
2019-01-16,0,0,141,104.09,104.09,0.0,950.764947,0.0
2019-01-16,0,0,142,0.0,0.0,0.0,0.0,0.0
2019-01-16,0,0,143,32.88,32.88,0.0,252.859886,0.0
2019-01-16,0,0,145,9.83,9.83,0.0,79.126468,0.0
2019-01-16,0,0,146,51.02,51.02,0.0,685.497651,0.0
2019-01-16,0,0,152,0.0,0.0,0.0,0.0,0.0
2019-01-16,0,0,153,0.0,0.0,0.0,0.0,0.0
2019-01-16,0,0,154,0.0,0.0,0.0,0.0,0.0
2019-01-16,0,0,157,49.72,49.72,0.0,454.145769,0.0
2019-01-16,0,0,158,0.0,0.0,0.0,0.0,0.0
2019-01-16,0,0,159,0.0,0.0,0.0,0.0,0.0
2019-01-16,0,0,160,0.0,0.0,0.0,0.0,0.0
2019-01-16,0,0,161,0.0,0.0,0.0,0.0,0.0
2019-01-16,0,0,162,9.98,9.98,0.0,160.871149,0.0
2019-01-16,0,0,163,56.31,56.31,0.0,756.573358,0.0
2019-01-16,0,0,164,0.0,0.0,0.0,0.0,0.0
2019-01-16,0,0,167,0.0,0.0,0.0,0.0,0.0
2019-01-16,0,0,168,0.0,0.0,0.0,0.0,0.0
2019-01-16,0,0,169,0.0,0.0,0.0,0.0,0.0
2019-01-16,0,0,170,0.0,0.0,0.0,0.0,0.0
2019-01-16,0,0,172,0.0,0.0,0.0,0.0,0.0
2019-01-16,0,0,173,0.0,0.0,0.0,0.0,0.0
2019-01-16,0,0,188,0.0,0.0,0.0,0.0,0.0
2019-01-16,0,0,190,0.0,0.0,0.0,0.0,0.0
2019-01-16,0,0,191,0.0,0.0,0.0,0.0,0.0
2019-01-16,0,0,192,71.97,71.97,0.0,1167.698228,0.0
2019-01-16,0,0,194,166.08,166.08,0.0,760.192437,0.0
2019-01-16,0,0,196,0.0,0.0,0.0,0.0,0.0
2019-01-16,0,0,198,0.0,0.0,0.0,0.0,0.0
2019-01-16,0,0,199,7.68,7.68,0.0,65.851951,0.0
2019-01-16,0,0,200,0.0,0.0,0.0,0.0,0.0
2019-01-16,0,0,204,285.51,285.51,0.0,2457.682955,0.0
2019-01-16,0,0,205,367.61,367.61,0.0,3182.49314,0.0
2019-01-16,0,0,206,254.05,254.05,0.0,1950.780464,0.0
2019-01-16,0,0,210,0.0,0.0,0.0,0.0,0.0
2019-01-16,0,0,214,0.0,0.0,0.0,0.0,0.0
2019-01-16,0,0,217,0.0,0.0,0.0,0.0,0.0
2019-01-16,0,0,218,0.0,0.0,0.0,0.0,0.0
2019-01-16,0,0,219,0.0,0.0,0.0,0.0,0.0
2019-01-16,0,0,221,0.0,0.0,0.0,0.0,0.0
2019-01-16,0,0,225,0.0,0.0,0.0,0.0,0.0
2019-01-16,0,0,233,0.0,0.0,0.0,0.0,0.0
2019-01-16,0,0,236,0.0,0.0,0.0,0.0,0.0
2019-01-16,0,0,237,0.0,0.0,0.0,0.0,0.0
2019-01-16,0,0,238,0.0,0.0,0.0,0.0,0.0
2019-01-16,0,0,240,0.0,0.0,0.0,0.0,0.0
2019-01-16,0,0,245,38.77,38.77,0.0,374.766253,0.0
2019-01-16,0,0,247,16.83,16.83,0.0,162.685479,0.0
2019-01-16,0,0,248,0.0,0.0,0.0,0.0,0.0
2019-01-16,0,0,249,72.64,72.64,0.0,702.167155,0.0
2019-01-16,0,0,251,18.04,18.04,0.0,172.614641,0.0
2019-01-16,0,0,252,14.25,14.25,0.0,136.712943,0.0
2019-01-16,0,0,254,0.0,0.0,0.0,0.0,0.0
2019-01-16,0,0,255,0.0,0.0,0.0,0.0,0.0
2019-01-16,0,0,258,0.0,0.0,0.0,0.0,0.0
2019-01-16,0,0,260,0.0,0.0,0.0,0.0,0.0
2019-01-16,0,0,265,0.0,0.0,0.0,0.0,0.0
2019-01-16,0,0,266,11.59,11.59,0.0,96.129496,0.0
2019-01-16,0,0,267,14.24,14.24,0.0,118.109061,0.0
2019-01-16,0,0,270,175.85,175.85,0.0,2362.696236,0.0
2019-01-16,0,0,272,203.21,203.21,0.0,1241.566726,0.0
2019-01-16,0,0,273,0.0,0.0,0.0,0.0,0.0
2019-01-16,0,0,274,226.69,226.69,0.0,3045.775431,0.0
2019-01-16,0,0,275,315.55,315.55,0.0,4239.68608,0.0
2019-01-16,0,0,276,0.0,0.0,0.0,0.0,0.0
2019-01-16,0,0,277,0.0,0.0,0.0,0.0,0.0
2019-01-16,0,0,278,0.0,0.0,0.0,0.0,0.0
2019-01-16,0,0,279,111.23,111.23,0.0,702.860092,0.0
2019-01-16,0,0,281,3.56,3.56,0.0,27.377774,0.0
2019-01-16,0,0,282,0.0,0.0,0.0,0.0,0.0
2019-01-16,1,0,9,0.0,0.0,0.0,0.0,0.0
2019-01-16,1,0,17,0.0,0.0,0.0,0.0,0.0
2019-01-16,1,0,19,344.25,344.25,0.0,3431.846205,0.0
2019-01-16,1,0,20,417.51,417.51,0.0,4162.178966,0.0
2019-01-16,1,0,21,0.0,0.0,0.0,0.0,0.0
2019-01-16,1,0,22,0.0,0.0,0.0,0.0,0.0
2019-01-16,1,0,23,62.46,62.46,0.0,386.007197,0.0
2019-01-16,1,0,24,110.52,110.52,0.0,683.021381,0.0
2019-01-16,1,0,29,0.0,0.0,0.0,0.0,0.0
2019-01-16,1,0,30,0.0,0.0,0.0,0.0,0.0
2019-01-16,1,0,31,17.4,17.4,0.0,107.168889,0.0
2019-01-16,1,0,32,0.0,0.0,0.0,0.0,0.0
2019-01-16,1,0,33,0.0,0.0,0.0,0.0,0.0
2019-01-16,1,0,34,0.0,0.0,0.0,0.0,0.0
2019-01-16,1,0,35,0.0,0.0,0.0,0.0,0.0
2019-01-16,1,0,36,0.0,0.0,0.0,0.0,0.0
2019-01-16,1,0,37,0.0,0.0,0.0,0.0,0.0
2019-01-16,1,0,38,0.0,0.0,0.0,0.0,0.0
2019-01-16,1,0,39,0.0,0.0,0.0,0.0,0.0
2019-01-16,1,0,40,0.0,0.0,0.0,0.0,0.0
2019-01-16,1,0,41,16.07,16.07,0.0,117.44822,0.0
2019-01-16,1,0,42,0.0,0.0,0.0,0.0,0.0
2019-01-16,1,0,43,0.0,0.0,0.0,0.0,0.0
2019-01-16,1,0,46,0.0,0.0,0.0,0.0,0.0
2019-01-16,1,0,52,18.53,18.53,0.0,114.128708,0.0
2019-01-16,1,0,53,30.29,30.29,0.0,186.560095,0.0
2019-01-16,1,0,55,132.1,132.1,0.0,816.3873,0.0
2019-01-16,1,0,56,0.0,0.0,0.0,0.0,0.0
2019-01-16,1,0,57,0.0,0.0,0.0,0.0,0.0
2019-01-16,1,0,58,0.0,0.0,0.0,0.0,0.0
2019-01-16,1,0,59,0.0,0.0,0.0,0.0,0.0
2019-01-16,1,0,63,72.51,72.51,0.0,1346.730211,0.0
2019-01-16,1,0,64,85.3,85.3,0.0,1584.27923,0.0
2019-01-16,1,0,65,2.07,2.07,0.0,20.566915,0.0
2019-01-16,1,0,67,0.0,0.0,0.0,0.0,0.0
2019-01-16,1,0,68,4.34,4.34,0.0,16.244276,0.0
2019-01-16,1,0,69,0.0,0.0,0.0,0.0,0.0
2019-01-16,1,0,74,0.0,0.0,0.0,0.0,0.0
2019-01-16,1,0,77,154.33,154.33,0.0,644.395885,0.0
2019-01-16,1,0,78,116.68,116.68,0.0,487.190513,0.0
2019-01-16,1,0,79,67.52,67.52,0.0,281.925809,0.0
2019-01-16,1,0,80,109.19,109.19,0.0,455.916456,0.0
2019-01-16,1,0,81,142.76,142.76,0.0,596.086027,0.0
2019-01-16,1,0,82,100.7,100.7,0.0,420.466958,0.0
2019-01-16,1,0,83,224.56,224.56,0.0,937.637141,0.0
2019-01-16,1,0,84,0.0,0.0,0.0,0.0,0.0
2019-01-16,1,0,86,0.0,0.0,0.0,0.0,0.0
2019-01-16,1,0,87,0.0,0.0,0.0,0.0,0.0
2019-01-16,1,0,88,157.77,157.77,0.0,658.759404,0.0
2019-01-16,1,0,89,151.67,151.67,0.0,633.289211,0.0
2019-01-16,1,0,90,203.64,203.64,0.0,850.286905,0.0
2019-01-16,1,0,91,726.43,726.43,0.0,3033.165963,0.0
2019-01-16,1,0,92,261.26,261.26,0.0,1090.875844,0.0
2019-01-16,1,0,95,14.33,14.33,0.0,251.414623,0.0
2019-01-16,1,0,96,16.36,16.36,0.0,100.405384,0.0
2019-01-16,1,0,97,100.58,100.58,0.0,617.284446,0.0
2019-01-16,1,0,99,0.0,0.0,0.0,0.0,0.0
2019-01-16,1,0,101,0.0,0.0,0.0,0.0,0.0
2019-01-16,1,0,102,10.27,10.27,0.0,38.439795,0.0
2019-01-16,1,0,103,8.93,8.93,0.0,33.424281,0.0
2019-01-16,1,0,104,1.66,1.66,0.0,6.213248,0.0
2019-01-16,1,0,106,0.0,0.0,0.0,0.0,0.0
2019-01-16,1,0,109,78.16,78.16,0.0,622.240368,0.0
2019-01-16,1,0,110,98.89,98.89,0.0,226.350545,0.0
2019-01-16,1,0,111,0.0,0.0,0.0,0.0,0.0
2019-01-16,1,0,113,34.11,34.11,0.0,129.83931,0.0
2019-01-16,1,0,115,34.11,34.11,0.0,129.83931,0.0
2019-01-16,1,0,116,0.0,0.0,0.0,0.0,0.0
2019-01-16,1,0,117,2.33,2.33,0.0,8.869117,0.0
2019-01-16,1,0,119,85.3,85.3,0.0,1584.27923,0.0
2019-01-16,1,0,120,50.16,50.16,0.0,931.62305,0.0
2019-01-16,1,0,123,0.0,0.0,0.0,0.0,0.0
2019-01-16,1,0,125,100.01,100.01,0.0,618.068841,0.0
2019-01-16,1,0,126,0.0,0.0,0.0,0.0,0.0
2019-01-16,1,0,127,0.0,0.0,0.0,0.0,0.0
2019-01-16,1,0,128,143.24,143.24,0.0,885.233284,0.0
2019-01-16,1,0,131,15.92,15.92,0.0,61.109105,0.0
2019-01-16,1,0,132,23.4,23.4,0.0,89.821171,0.0
2019-01-16,1,0,133,53.18,53.18,0.0,530.321262,0.0
2019-01-16,1,0,134,0.0,0.0,0.0,0.0,0.0
2019-01-16,1,0,135,71.26,71.26,0.0,710.618525,0.0
2019-01-16,1,0,136,1.42,1.42,0.0,14.106105,0.0
2019-01-16,1,0,139,20.75,20.75,0.0,151.652182,0.0
2019-01-16,1,0,140,73.19,73.19,0.0,167.525497,0.0
2019-01-16,1,0,141,108.02,108.02,0.0,365.647148,0.0
2019-01-16,1,0,142,0.0,0.0,0.0,0.0,0.0
2019-01-16,1,0,143,41.03,41.03,0.0,252.709168,0.0
2019-01-16,1,0,145,10.42,10.42,0.0,71.15511,0.0
2019-01-16,1,0,146,50.76,50.76,0.0,116.185192,0.0
2019-01-16,1,0,152,0.0,0.0,0.0,0.0,0.0
2019-01-16,1,0,153,0.0,0.0,0.0,0.0,0.0
2019-01-16,1,0,154,0.0,0.0,0.0,0.0,0.0
2019-01-16,1,0,157,60.11,60.11,0.0,203.472043,0.0
2019-01-16,1,0,158,0.0,0.0,0.0,0.0,0.0
2019-01-16,1,0,159,0.0,0.0,0.0,0.0,0.0
2019-01-16,1,0,160,0.0,0.0,0.0,0.0,0.0
2019-01-16,1,0,161,0.0,0.0,0.0,0.0,0.0
2019-01-16,1,0,162,10.31,10.31,0.0,181.045064,0.0
2019-01-16,1,0,163,54.38,54.38,0.0,124.471055,0.0
2019-01-16,1,0,164,0.0,0.0,0.0,0.0,0.0
2019-01-16,1,0,167,0.0,0.0,0.0,0.0,0.0
2019-01-16,1,0,168,0.0,0.0,0.0,0.0,0.0
2019-01-16,1,0,169,0.0,0.0,0.0,0.0,0.0
2019-01-16,1,0,170,0.0,0.0,0.0,0.0,0.0
2019-01-16,1,0,172,0.0,0.0,0.0,0.0,0.0
2019-01-16,1,0,173,0.0,0.0,0.0,0.0,0.0
2019-01-16,1,0,188,0.0,0.0,0.0,0.0,0.0
2019-01-16,1,0,190,0.0,0.0,0.0,0.0,0.0
2019-01-16,1,0,191,0.0,0.0,0.0,0.0,0.0
2019-01-16,1,0,192,72.63,72.63,0.0,1348.958974,0.0
2019-01-16,1,0,194,167.54,167.54,0.0,624.702357,0.0
2019-01-16,1,0,196,0.0,0.0,0.0,0.0,0.0
2019-01-16,1,0,198,0.0,0.0,0.0,0.0,0.0
2019-01-16,1,0,199,22.77,22.77,0.0,178.39183,0.0
2019-01-16,1,0,200,0.0,0.0,0.0,0.0,0.0
2019-01-16,1,0,204,314.51,314.51,0.0,2472.502357,0.0
2019-01-16,1,0,205,413.45,413.45,0.0,3291.520987,0.0
2019-01-16,1,0,206,295.55,295.55,0.0,1813.86377,0.0
2019-01-16,1,0,210,0.0,0.0,0.0,0.0,0.0
2019-01-16,1,0,214,0.0,0.0,0.0,0.0,0.0
2019-01-16,1,0,217,0.0,0.0,0.0,0.0,0.0
2019-01-16,1,0,218,0.0,0.0,0.0,0.0,0.0
2019-01-16,1,0,219,0.0,0.0,0.0,0.0,0.0
2019-01-16,1,0,221,0.0,0.0,0.0,0.0,0.0
2019-01-16,1,0,225,0.0,0.0,0.0,0.0,0.0
2019-01-16,1,0,233,0.0,0.0,0.0,0.0,0.0
2019-01-16,1,0,236,0.0,0.0,0.0,0.0,0.0
2019-01-16,1,0,237,0.0,0.0,0.0,0.0,0.0
2019-01-16,1,0,238,0.0,0.0,0.0,0.0,0.0
2019-01-16,1,0,240,0.0,0.0,0.0,0.0,0.0
2019-01-16,1,0,245,18.93,18.93,0.0,191.035314,0.0
2019-01-16,1,0,247,15.91,15.91,0.0,160.55847,0.0
2019-01-16,1,0,248,0.0,0.0,0.0,0.0,0.0
2019-01-16,1,0,249,36.41,36.41,0.0,367.437706,0.0
2019-01-16,1,0,251,16.29,16.29,0.0,160.960859,0.0
2019-01-16,1,0,252,13.36,13.36,0.0,132.741053,0.0
2019-01-16,1,0,254,0.0,0.0,0.0,0.0,0.0
2019-01-16,1,0,255,0.0,0.0,0.0,0.0,0.0
2019-01-16,1,0,258,0.0,0.0,0.0,0.0,0.0
2019-01-16,1,0,260,0.0,0.0,0.0,0.0,0.0
2019-01-16,1,0,265,0.0,0.0,0.0,0.0,0.0
2019-01-16,1,0,266,13.44,13.44,0.0,98.226763,0.0
2019-01-16,1,0,267,16.51,16.51,0.0,120.663977,0.0
2019-01-16,1,0,270,169.81,169.81,0.0,388.680211,0.0
2019-01-16,1,0,272,113.77,113.77,0.0,433.064153,0.0
2019-01-16,1,0,273,0.0,0.0,0.0,0.0,0.0
2019-01-16,1,0,274,218.91,218.91,0.0,501.065809,0.0
2019-01-16,1,0,275,304.72,304.72,0.0,697.477381,0.0
2019-01-16,1,0,276,0.0,0.0,0.0,0.0,0.0
2019-01-16,1,0,277,0.0,0.0,0.0,0.0,0.0
2019-01-16,1,0,278,0.0,0.0,0.0,0.0,0.0
2019-01-16,1,0,279,118.06,118.06,0.0,466.857347,0.0
2019-01-16,1,0,281,7.19,7.19,0.0,44.284156,0.0
2019-01-16,1,0,282,0.0,0.0,0.0,0.0,0.0
2019-01-16,2,0,9,0.0,0.0,0.0,0.0,0.0
2019-01-16,2,0,17,0.0,0.0,0.0,0.0,0.0
2019-01-16,2,0,19,291.22,291.22,0.0,2957.896068,0.0
2019-01-16,2,0,20,353.19,353.19,0.0,3587.319937,0.0
2019-01-16,2,0,21,0.0,0.0,0.0,0.0,0.0
2019-01-16,2,0,22,0.0,0.0,0.0,0.0,0.0
2019-01-16,2,0,23,55.12,55.12,0.0,383.908382,0.0
2019-01-16,2,0,24,97.53,97.53,0.0,679.292172,0.0
2019-01-16,2,0,29,0.0,0.0,0.0,0.0,0.0
2019-01-16,2,0,30,0.0,0.0,0.0,0.0,0.0
2019-01-16,2,0,31,6.25,6.25,0.0,43.423653,0.0
2019-01-16,2,0,32,0.0,0.0,0.0,0.0,0.0
2019-01-16,2,0,33,0.0,0.0,0.0,0.0,0.0
2019-01-16,2,0,34,0.0,0.0,0.0,0.0,0.0
2019-01-16,2,0,35,0.0,0.0,0.0,0.0,0.0
2019-01-16,2,0,36,0.0,0.0,0.0,0.0,0.0
2019-01-16,2,0,37,0.0,0.0,0.0,0.0,0.0
2019-01-16,2,0,38,0.0,0.0,0.0,0.0,0.0
2019-01-16,2,0,39,0.0,0.0,0.0,0.0,0.0
2019-01-16,2,0,40,0.0,0.0,0.0,0.0,0.0
2019-01-16,2,0,41,15.03,15.03,0.0,118.691522,0.0
2019-01-16,2,0,42,0.0,0.0,0.0,0.0,0.0
2019-01-16,2,0,43,0.0,0.0,0.0,0.0,0.0
2019-01-16,2,0,46,0.0,0.0,0.0,0.0,0.0
2019-01-16,2,0,52,6.63,6.63,0.0,46.063811,0.0
2019-01-16,2,0,53,10.53,10.53,0.0,73.16017,0.0
2019-01-16,2,0,55,140.26,140.26,0.0,976.904747,0.0
2019-01-16,2,0,56,0.0,0.0,0.0,0.0,0.0
2019-01-16,2,0,57,0.0,0.0,0.0,0.0,0.0
2019-01-16,2,0,58,0.0,0.0,0.0,0.0,0.0
2019-01-16,2,0,59,0.0,0.0,0.0,0.0,0.0
2019-01-16,2,0,63,73.29,73.29,0.0,1241.878545,0.0
2019-01-16,2,0,64,86.22,86.22,0.0,1460.973778,0.0
2019-01-16,2,0,65,1.76,1.76,0.0,17.824997,0.0
2019-01-16,2,0,67,0.0,0.0,0.0,0.0,0.0
2019-01-16,2,0,68,4.19,4.19,0.0,27.784048,0.0
2019-01-16,2,0,69,0.0,0.0,0.0,0.0,0.0
2019-01-16,2,0,74,0.0,0.0,0.0,0.0,0.0
2019-01-16,2,0,77,149.92,149.92,0.0,797.937139,0.0
2019-01-16,2,0,78,113.34,113.34,0.0,603.243032,0.0
2019-01-16,2,0,79,65.59,65.59,0.0,349.097498,0.0
2019-01-16,2,0,80,106.07,106.07,0.0,564.549042,0.0
2019-01-16,2,0,81,138.67,138.67,0.0,738.059919,0.0
2019-01-16,2,0,82,97.82,97.82,0.0,520.63908,0.0
2019-01-16,2,0,83,218.13,218.13,0.0,1160.979377,0.0
2019-01-16,2,0,84,0.0,0.0,0.0,0.0,0.0
2019-01-16,2,0,86,0.0,0.0,0.0,0.0,0.0
2019-01-16,2,0,87,0.0,0.0,0.0,0.0,0.0
2019-01-16,2,0,88,157.96,157.96,0.0,840.729392,0.0
2019-01-16,2,0,89,151.85,151.85,0.0,808.209409,0.0
2019-01-16,2,0,90,203.89,203.89,0.0,1085.188122,0.0
2019-01-16,2,0,91,727.3,727.3,0.0,3870.995739,0.0
2019-01-16,2,0,92,261.57,261.57,0.0,1392.185282,0.0
2019-01-16,2,0,95,6.75,6.75,0.0,113.336606,0.0
2019-01-16,2,0,96,14.5,14.5,0.0,100.482656,0.0
2019-01-16,2,0,97,89.16,89.16,0.0,617.864389,0.0
2019-01-16,2,0,99,0.0,0.0,0.0,0.0,0.0
2019-01-16,2,0,101,0.0,0.0,0.0,0.0,0.0
2019-01-16,2,0,102,9.92,9.92,0.0,65.779893,0.0
2019-01-16,2,0,103,8.63,8.63,0.0,57.225855,0.0
2019-01-16,2,0,104,1.6,1.6,0.0,10.60966,0.0
2019-01-16,2,0,106,0.0,0.0,0.0,0.0,0.0
2019-01-16,2,0,109,64.96,64.96,0.0,546.988829,0.0
2019-01-16,2,0,110,84.45,84.45,0.0,1144.644767,0.0
2019-01-16,2,0,111,0.0,0.0,0.0,0.0,0.0
2019-01-16,2,0,113,37.64,37.64,0.0,173.649961,0.0
2019-01-16,2,0,115,37.64,37.64,0.0,173.649961,0.0
2019-01-16,2,0,116,0.0,0.0,0.0,0.0,0.0
2019-01-16,2,0,117,2.01,2.01,0.0,9.273019,0.0
2019-01-16,2,0,119,86.22,86.22,0.0,1460.973778,0.0
2019-01-16,2,0,120,50.7,50.7,0.0,859.097315,0.0
2019-01-16,2,0,123,0.0,0.0,0.0,0.0,0.0
2019-01-16,2,0,125,88.25,88.25,0.0,614.657379,0.0
2019-01-16,2,0,126,0.0,0.0,0.0,0.0,0.0
2019-01-16,2,0,127,0.0,0.0,0.0,0.0,0.0
2019-01-16,2,0,128,126.4,126.4,0.0,880.370455,0.0
2019-01-16,2,0,131,14.8,14.8,0.0,91.403225,0.0
2019-01-16,2,0,132,21.75,21.75,0.0,134.325685,0.0
2019-01-16,2,0,133,39.02,39.02,0.0,396.429609,0.0
2019-01-16,2,0,134,0.0,0.0,0.0,0.0,0.0
2019-01-16,2,0,135,52.28,52.28,0.0,531.146591,0.0
2019-01-16,2,0,136,1.39,1.39,0.0,14.075478,0.0
2019-01-16,2,0,139,19.41,19.41,0.0,153.280269,0.0
2019-01-16,2,0,140,62.5,62.5,0.0,847.132006,0.0
2019-01-16,2,0,141,100.75,100.75,0.0,839.776981,0.0
2019-01-16,2,0,142,0.0,0.0,0.0,0.0,0.0
2019-01-16,2,0,143,17.7,17.7,0.0,122.975785,0.0
2019-01-16,2,0,145,9.43,9.43,0.0,70.678769,0.0
2019-01-16,2,0,146,39.65,39.65,0.0,537.420545,0.0
2019-01-16,2,0,152,0.0,0.0,0.0,0.0,0.0
2019-01-16,2,0,153,0.0,0.0,0.0,0.0,0.0
2019-01-16,2,0,154,0.0,0.0,0.0,0.0,0.0
2019-01-16,2,0,157,60.58,60.58,0.0,504.949772,0.0
2019-01-16,2,0,158,0.0,0.0,0.0,0.0,0.0
2019-01-16,2,0,159,0.0,0.0,0.0,0.0,0.0
2019-01-16,2,0,160,0.0,0.0,0.0,0.0,0.0
2019-01-16,2,0,161,0.0,0.0,0.0,0.0,0.0
2019-01-16,2,0,162,10.65,10.65,0.0,178.88991,0.0
2019-01-16,2,0,163,55.38,55.38,0.0,750.626728,0.0
2019-01-16,2,0,164,0.0,0.0,0.0,0.0,0.0
2019-01-16,2,0,167,0.0,0.0,0.0,0.0,0.0
2019-01-16,2,0,168,0.0,0.0,0.0,0.0,0.0
2019-01-16,2,0,169,0.0,0.0,0.0,0.0,0.0
2019-01-16,2,0,170,0.0,0.0,0.0,0.0,0.0
2019-01-16,2,0,172,0.0,0.0,0.0,0.0,0.0
2019-01-16,2,0,173,0.0,0.0,0.0,0.0,0.0
2019-01-16,2,0,188,0.0,0.0,0.0,0.0,0.0
2019-01-16,2,0,190,0.0,0.0,0.0,0.0,0.0
2019-01-16,2,0,191,0.0,0.0,0.0,0.0,0.0
2019-01-16,2,0,192,68.96,68.96,0.0,1168.507907,0.0
2019-01-16,2,0,194,173.13,173.13,0.0,464.578906,0.0
2019-01-16,2,0,196,0.0,0.0,0.0,0.0,0.0
2019-01-16,2,0,198,0.0,0.0,0.0,0.0,0.0
2019-01-16,2,0,199,9.56,9.56,0.0,69.662234,0.0
2019-01-16,2,0,200,0.0,0.0,0.0,0.0,0.0
2019-01-16,2,0,204,269.3,269.3,0.0,2244.800375,0.0
2019-01-16,2,0,205,318.92,318.92,0.0,2685.432223,0.0
2019-01-16,2,0,206,261.98,261.98,0.0,1815.479056,0.0
2019-01-16,2,0,210,0.0,0.0,0.0,0.0,0.0
2019-01-16,2,0,214,0.0,0.0,0.0,0.0,0.0
2019-01-16,2,0,217,0.0,0.0,0.0,0.0,0.0
2019-01-16,2,0,218,0.0,0.0,0.0,0.0,0.0
2019-01-16,2,0,219,0.0,0.0,0.0,0.0,0.0
2019-01-16,2,0,221,0.0,0.0,0.0,0.0,0.0
2019-01-16,2,0,225,0.0,0.0,0.0,0.0,0.0
2019-01-16,2,0,233,0.0,0.0,0.0,0.0,0.0
2019-01-16,2,0,236,0.0,0.0,0.0,0.0,0.0
2019-01-16,2,0,237,0.0,0.0,0.0,0.0,0.0
2019-01-16,2,0,238,0.0,0.0,0.0,0.0,0.0
2019-01-16,2,0,240,0.0,0.0,0.0,0.0,0.0
2019-01-16,2,0,245,16.64,16.64,0.0,170.790038,0.0
2019-01-16,2,0,247,13.59,13.59,0.0,139.485374,0.0
2019-01-16,2,0,248,0.0,0.0,0.0,0.0,0.0
2019-01-16,2,0,249,32.0,32.0,0.0,328.442381,0.0
2019-01-16,2,0,251,13.77,13.77,0.0,138.803047,0.0
2019-01-16,2,0,252,11.34,11.34,0.0,114.849694,0.0
2019-01-16,2,0,254,0.0,0.0,0.0,0.0,0.0
2019-01-16,2,0,255,0.0,0.0,0.0,0.0,0.0
2019-01-16,2,0,258,0.0,0.0,0.0,0.0,0.0
2019-01-16,2,0,260,0.0,0.0,0.0,0.0,0.0
2019-01-16,2,0,265,0.0,0.0,0.0,0.0,0.0
2019-01-16,2,0,266,12.57,12.57,0.0,99.264965,0.0
2019-01-16,2,0,267,15.44,15.44,0.0,121.929281,0.0
2019-01-16,2,0,270,172.96,172.96,0.0,2344.319228,0.0
2019-01-16,2,0,272,162.38,162.38,0.0,749.130729,0.0
2019-01-16,2,0,273,0.0,0.0,0.0,0.0,0.0
2019-01-16,2,0,274,222.97,222.97,0.0,3022.160374,0.0
2019-01-16,2,0,275,310.37,310.37,0.0,4206.789771,0.0
2019-01-16,2,0,276,0.0,0.0,0.0,0.0,0.0
2019-01-16,2,0,277,0.0,0.0,0.0,0.0,0.0
2019-01-16,2,0,278,0.0,0.0,0.0,0.0,0.0
2019-01-16,2,0,279,119.25,119.25,0.0,584.04865,0.0
2019-01-16,2,0,281,2.81,2.81,0.0,19.523274,0.0
2019-01-16,2,0,282,0.0,0.0,0.0,0.0,0.0
2019-01-16,3,0,9,0.0,0.0,0.0,0.0,0.0
2019-01-16,3,0,17,0.0,0.0,0.0,0.0,0.0
2019-01-16,3,0,19,304.23,304.23,0.0,4712.253916,0.0
2019-01-16,3,0,20,368.97,368.97,0.0,5715.019319,0.0
2019-01-16,3,0,21,0.0,0.0,0.0,0.0,0.0
2019-01-16,3,0,22,0.0,0.0,0.0,0.0,0.0
2019-01-16,3,0,23,48.75,48.75,0.0,588.444431,0.0
2019-01-16,3,0,24,86.26,86.26,0.0,1041.2147,0.0
2019-01-16,3,0,29,0.0,0.0,0.0,0.0,0.0
2019-01-16,3,0,30,0.0,0.0,0.0,0.0,0.0
2019-01-16,3,0,31,5.01,5.01,0.0,60.383069,0.0
2019-01-16,3,0,32,0.0,0.0,0.0,0.0,0.0
2019-01-16,3,0,33,0.0,0.0,0.0,0.0,0.0
2019-01-16,3,0,34,0.0,0.0,0.0,0.0,0.0
2019-01-16,3,0,35,0.0,0.0,0.0,0.0,0.0
2019-01-16,3,0,36,0.0,0.0,0.0,0.0,0.0
2019-01-16,3,0,37,0.0,0.0,0.0,0.0,0.0
2019-01-16,3,0,38,0.0,0.0,0.0,0.0,0.0
2019-01-16,3,0,39,0.0,0.0,0.0,0.0,0.0
2019-01-16,3,0,40,0.0,0.0,0.0,0.0,0.0
2019-01-16,3,0,41,14.34,14.34,0.0,187.267316,0.0
2019-01-16,3,0,42,0.0,0.0,0.0,0.0,0.0
2019-01-16,3,0,43,0.0,0.0,0.0,0.0,0.0
2019-01-16,3,0,46,0.0,0.0,0.0,0.0,0.0
2019-01-16,3,0,52,5.31,5.31,0.0,63.998822,0.0
2019-01-16,3,0,53,8.43,8.43,0.0,101.60265,0.0
2019-01-16,3,0,55,124.96,124.96,0.0,1508.349048,0.0
2019-01-16,3,0,56,0.0,0.0,0.0,0.0,0.0
2019-01-16,3,0,57,0.0,0.0,0.0,0.0,0.0
2019-01-16,3,0,58,0.0,0.0,0.0,0.0,0.0
2019-01-16,3,0,59,0.0,0.0,0.0,0.0,0.0
2019-01-16,3,0,63,74.9,74.9,0.0,1652.229928,0.0
2019-01-16,3,0,64,88.11,88.11,0.0,1943.631228,0.0
2019-01-16,3,0,65,1.48,1.48,0.0,22.877051,0.0
2019-01-16,3,0,67,0.0,0.0,0.0,0.0,0.0
2019-01-16,3,0,68,4.05,4.05,0.0,47.186065,0.0
2019-01-16,3,0,69,0.0,0.0,0.0,0.0,0.0
2019-01-16,3,0,74,0.0,0.0,0.0,0.0,0.0
2019-01-16,3,0,77,145.8,145.8,0.0,1506.941325,0.0
2019-01-16,3,0,78,110.23,110.23,0.0,1139.301387,0.0
2019-01-16,3,0,79,63.79,63.79,0.0,659.312669,0.0
2019-01-16,3,0,80,103.16,103.16,0.0,1066.228169,0.0
2019-01-16,3,0,81,134.87,134.87,0.0,1393.972404,0.0
2019-01-16,3,0,82,95.14,95.14,0.0,983.336061,0.0
2019-01-16,3,0,83,212.14,212.14,0.0,2192.609963,0.0
2019-01-16,3,0,84,0.0,0.0,0.0,0.0,0.0
2019-01-16,3,0,86,0.0,0.0,0.0,0.0,0.0
2019-01-16,3,0,87,0.0,0.0,0.0,0.0,0.0
2019-01-16,3,0,88,158.23,158.23,0.0,1635.413757,0.0
2019-01-16,3,0,89,152.11,152.11,0.0,1572.15943,0.0
2019-01-16,3,0,90,204.24,204.24,0.0,2110.958136,0.0
2019-01-16,3,0,91,728.57,728.57,0.0,7530.262284,0.0
2019-01-16,3,0,92,262.02,262.02,0.0,2708.153401,0.0
2019-01-16,3,0,95,7.77,7.77,0.0,170.156265,0.0
2019-01-16,3,0,96,12.72,12.72,0.0,153.066684,0.0
2019-01-16,3,0,97,78.24,78.24,0.0,941.504508,0.0
2019-01-16,3,0,99,0.0,0.0,0.0,0.0,0.0
2019-01-16,3,0,101,0.0,0.0,0.0,0.0,0.0
2019-01-16,3,0,102,9.59,9.59,0.0,111.731942,0.0
2019-01-16,3,0,103,8.34,8.34,0.0,97.168342,0.0
2019-01-16,3,0,104,1.55,1.55,0.0,18.058864,0.0
2019-01-16,3,0,106,0.0,0.0,0.0,0.0,0.0
2019-01-16,3,0,109,55.88,55.88,0.0,760.298704,0.0
2019-01-16,3,0,110,70.94,70.94,0.0,1322.063667,0.0
2019-01-16,3,0,111,0.0,0.0,0.0,0.0,0.0
2019-01-16,3,0,113,32.38,32.38,0.0,310.951563,0.0
2019-01-16,3,0,115,32.38,32.38,0.0,310.951563,0.0
2019-01-16,3,0,116,0.0,0.0,0.0,0.0,0.0
2019-01-16,3,0,117,1.66,1.66,0.0,15.941309,0.0
2019-01-16,3,0,119,88.11,88.11,0.0,1943.631228,0.0
2019-01-16,3,0,120,51.81,51.81,0.0,1142.88428,0.0
2019-01-16,3,0,123,0.0,0.0,0.0,0.0,0.0
2019-01-16,3,0,125,78.06,78.06,0.0,942.235329,0.0
2019-01-16,3,0,126,0.0,0.0,0.0,0.0,0.0
2019-01-16,3,0,127,0.0,0.0,0.0,0.0,0.0
2019-01-16,3,0,128,111.8,111.8,0.0,1349.499228,0.0
2019-01-16,3,0,131,13.82,13.82,0.0,154.668371,0.0
2019-01-16,3,0,132,20.32,20.32,0.0,227.413987,0.0
2019-01-16,3,0,133,19.96,19.96,0.0,309.222283,0.0
2019-01-16,3,0,134,0.0,0.0,0.0,0.0,0.0
2019-01-16,3,0,135,26.71,26.71,0.0,413.793947,0.0
2019-01-16,3,0,136,1.36,1.36,0.0,21.019792,0.0
2019-01-16,3,0,139,18.52,18.52,0.0,241.854302,0.0
2019-01-16,3,0,140,52.5,52.5,0.0,978.409114,0.0
2019-01-16,3,0,141,93.87,93.87,0.0,1255.085176,0.0
2019-01-16,3,0,142,0.0,0.0,0.0,0.0,0.0
2019-01-16,3,0,143,7.01,7.01,0.0,84.488087,0.0
2019-01-16,3,0,145,8.49,8.49,0.0,107.228012,0.0
2019-01-16,3,0,146,36.3,36.3,0.0,676.500016,0.0
2019-01-16,3,0,152,0.0,0.0,0.0,0.0,0.0
2019-01-16,3,0,153,0.0,0.0,0.0,0.0,0.0
2019-01-16,3,0,154,0.0,0.0,0.0,0.0,0.0
2019-01-16,3,0,157,61.79,61.79,0.0,826.160787,0.0
2019-01-16,3,0,158,0.0,0.0,0.0,0.0,0.0
2019-01-16,3,0,159,0.0,0.0,0.0,0.0,0.0
2019-01-16,3,0,160,0.0,0.0,0.0,0.0,0.0
2019-01-16,3,0,161,0.0,0.0,0.0,0.0,0.0
2019-01-16,3,0,162,10.95,10.95,0.0,239.869001,0.0
2019-01-16,3,0,163,57.0,57.0,0.0,1062.272752,0.0
2019-01-16,3,0,164,0.0,0.0,0.0,0.0,0.0
2019-01-16,3,0,167,0.0,0.0,0.0,0.0,0.0
2019-01-16,3,0,168,0.0,0.0,0.0,0.0,0.0
2019-01-16,3,0,169,0.0,0.0,0.0,0.0,0.0
2019-01-16,3,0,170,0.0,0.0,0.0,0.0,0.0
2019-01-16,3,0,172,0.0,0.0,0.0,0.0,0.0
2019-01-16,3,0,173,0.0,0.0,0.0,0.0,0.0
2019-01-16,3,0,188,0.0,0.0,0.0,0.0,0.0
2019-01-16,3,0,190,0.0,0.0,0.0,0.0,0.0
2019-01-16,3,0,191,0.0,0.0,0.0,0.0,0.0
2019-01-16,3,0,192,64.96,64.96,0.0,1432.962031,0.0
2019-01-16,3,0,194,176.5,176.5,0.0,1348.425951,0.0
2019-01-16,3,0,196,0.0,0.0,0.0,0.0,0.0
2019-01-16,3,0,198,0.0,0.0,0.0,0.0,0.0
2019-01-16,3,0,199,10.12,10.12,0.0,123.760743,0.0
2019-01-16,3,0,200,0.0,0.0,0.0,0.0,0.0
2019-01-16,3,0,204,230.8,230.8,0.0,3119.218248,0.0
2019-01-16,3,0,205,295.62,295.62,0.0,4022.181513,0.0
2019-01-16,3,0,206,229.9,229.9,0.0,2766.511842,0.0
2019-01-16,3,0,210,0.0,0.0,0.0,0.0,0.0
2019-01-16,3,0,214,0.0,0.0,0.0,0.0,0.0
2019-01-16,3,0,217,0.0,0.0,0.0,0.0,0.0
2019-01-16,3,0,218,0.0,0.0,0.0,0.0,0.0
2019-01-16,3,0,219,0.0,0.0,0.0,0.0,0.0
2019-01-16,3,0,221,0.0,0.0,0.0,0.0,0.0
2019-01-16,3,0,225,0.0,0.0,0.0,0.0,0.0
2019-01-16,3,0,233,0.0,0.0,0.0,0.0,0.0
2019-01-16,3,0,236,3.32,3.32,0.0,49.973522,0.0
2019-01-16,3,0,237,0.0,0.0,0.0,0.0,0.0
2019-01-16,3,0,238,0.0,0.0,0.0,0.0,0.0
2019-01-16,3,0,240,0.0,0.0,0.0,0.0,0.0
2019-01-16,3,0,245,19.56,19.56,0.0,305.24359,0.0
2019-01-16,3,0,247,13.55,13.55,0.0,211.454532,0.0
2019-01-16,3,0,248,0.0,0.0,0.0,0.0,0.0
2019-01-16,3,0,249,37.62,37.62,0.0,587.07893,0.0
2019-01-16,3,0,251,12.04,12.04,0.0,185.48227,0.0
2019-01-16,3,0,252,9.54,9.54,0.0,147.464237,0.0
2019-01-16,3,0,254,0.0,0.0,0.0,0.0,0.0
2019-01-16,3,0,255,0.0,0.0,0.0,0.0,0.0
2019-01-16,3,0,258,0.0,0.0,0.0,0.0,0.0
2019-01-16,3,0,260,0.0,0.0,0.0,0.0,0.0
2019-01-16,3,0,265,0.0,0.0,0.0,0.0,0.0
2019-01-16,3,0,266,11.99,11.99,0.0,156.57846,0.0
2019-01-16,3,0,267,14.74,14.74,0.0,192.490951,0.0
2019-01-16,3,0,270,178.0,178.0,0.0,3317.272804,0.0
2019-01-16,3,0,272,132.27,132.27,0.0,1270.215049,0.0
2019-01-16,3,0,273,0.0,0.0,0.0,0.0,0.0
2019-01-16,3,0,274,229.46,229.46,0.0,4276.300099,0.0
2019-01-16,3,0,275,319.41,319.41,0.0,5952.641047,0.0
2019-01-16,3,0,276,0.0,0.0,0.0,0.0,0.0
2019-01-16,3,0,277,0.0,0.0,0.0,0.0,0.0
2019-01-16,3,0,278,0.0,0.0,0.0,0.0,0.0
2019-01-16,3,0,279,119.91,119.91,0.0,1186.732462,0.0
2019-01-16,3,0,281,2.25,2.25,0.0,27.118145,0.0
2019-01-16,3,0,282,0.0,0.0,0.0,0.0,0.0
2019-01-16,4,0,9,0.0,0.0,0.0,0.0,0.0
2019-01-16,4,0,17,0.0,0.0,0.0,0.0,0.0
2019-01-16,4,0,19,389.63,389.63,0.0,4003.941724,0.0
2019-01-16,4,0,20,472.54,472.54,0.0,4855.946981,0.0
2019-01-16,4,0,21,0.0,0.0,0.0,0.0,0.0
2019-01-16,4,0,22,0.0,0.0,0.0,0.0,0.0
2019-01-16,4,0,23,38.46,38.46,0.0,274.809147,0.0
2019-01-16,4,0,24,63.55,63.55,0.0,454.085318,0.0
2019-01-16,4,0,29,0.0,0.0,0.0,0.0,0.0
2019-01-16,4,0,30,0.0,0.0,0.0,0.0,0.0
2019-01-16,4,0,31,3.92,3.92,0.0,27.943405,0.0
2019-01-16,4,0,32,0.0,0.0,0.0,0.0,0.0
2019-01-16,4,0,33,0.0,0.0,0.0,0.0,0.0
2019-01-16,4,0,34,0.0,0.0,0.0,0.0,0.0
2019-01-16,4,0,35,0.0,0.0,0.0,0.0,0.0
2019-01-16,4,0,36,0.0,0.0,0.0,0.0,0.0
2019-01-16,4,0,37,0.0,0.0,0.0,0.0,0.0
2019-01-16,4,0,38,0.0,0.0,0.0,0.0,0.0
2019-01-16,4,0,39,0.0,0.0,0.0,0.0,0.0
2019-01-16,4,0,40,0.0,0.0,0.0,0.0,0.0
2019-01-16,4,0,41,13.95,13.95,0.0,112.464049,0.0
2019-01-16,4,0,42,0.0,0.0,0.0,0.0,0.0
2019-01-16,4,0,43,0.0,0.0,0.0,0.0,0.0
2019-01-16,4,0,46,0.0,0.0,0.0,0.0,0.0
2019-01-16,4,0,52,4.15,4.15,0.0,29.582942,0.0
2019-01-16,4,0,53,6.6,6.6,0.0,47.04757,0.0
2019-01-16,4,0,55,111.07,111.07,0.0,793.631097,0.0
2019-01-16,4,0,56,0.0,0.0,0.0,0.0,0.0
2019-01-16,4,0,57,0.0,0.0,0.0,0.0,0.0
2019-01-16,4,0,58,0.0,0.0,0.0,0.0,0.0
2019-01-16,4,0,59,0.0,0.0,0.0,0.0,0.0
2019-01-16,4,0,63,76.83,76.83,0.0,1314.399435,0.0
2019-01-16,4,0,64,90.38,90.38,0.0,1546.211388,0.0
2019-01-16,4,0,65,1.24,1.24,0.0,12.707366,0.0
2019-01-16,4,0,67,0.0,0.0,0.0,0.0,0.0
2019-01-16,4,0,68,3.9,3.9,0.0,26.649531,0.0
2019-01-16,4,0,69,0.0,0.0,0.0,0.0,0.0
2019-01-16,4,0,74,2.18,2.18,0.0,20.64236,0.0
2019-01-16,4,0,77,141.77,141.77,0.0,783.732967,0.0
2019-01-16,4,0,78,107.18,107.18,0.0,592.512516,0.0
2019-01-16,4,0,79,62.03,62.03,0.0,342.914269,0.0
2019-01-16,4,0,80,100.3,100.3,0.0,554.478497,0.0
2019-01-16,4,0,81,131.14,131.14,0.0,724.968197,0.0
2019-01-16,4,0,82,92.51,92.51,0.0,511.413816,0.0
2019-01-16,4,0,83,206.28,206.28,0.0,1140.357173,0.0
2019-01-16,4,0,84,0.0,0.0,0.0,0.0,0.0
2019-01-16,4,0,86,0.0,0.0,0.0,0.0,0.0
2019-01-16,4,0,87,0.0,0.0,0.0,0.0,0.0
2019-01-16,4,0,88,158.64,158.64,0.0,876.993707,0.0
2019-01-16,4,0,89,152.51,152.51,0.0,843.105839,0.0
2019-01-16,4,0,90,204.77,204.77,0.0,1132.00959,0.0
2019-01-16,4,0,91,730.44,730.44,0.0,4038.018679,0.0
2019-01-16,4,0,92,262.7,262.7,0.0,1452.258237,0.0
2019-01-16,4,0,95,20.96,20.96,0.0,355.386804,0.0
2019-01-16,4,0,96,11.1,11.1,0.0,78.929362,0.0
2019-01-16,4,0,97,68.28,68.28,0.0,485.522235,0.0
2019-01-16,4,0,99,0.42,0.42,0.0,3.976968,0.0
2019-01-16,4,0,101,0.0,0.0,0.0,0.0,0.0
2019-01-16,4,0,102,9.23,9.23,0.0,63.070556,0.0
2019-01-16,4,0,103,8.03,8.03,0.0,54.8707,0.0
2019-01-16,4,0,104,1.49,1.49,0.0,10.181487,0.0
2019-01-16,4,0,106,0.0,0.0,0.0,0.0,0.0
2019-01-16,4,0,109,46.74,46.74,0.0,400.971333,0.0
2019-01-16,4,0,110,59.06,59.06,0.0,810.915932,0.0
2019-01-16,4,0,111,0.0,0.0,0.0,0.0,0.0
2019-01-16,4,0,113,18.76,18.76,0.0,90.538043,0.0
2019-01-16,4,0,115,18.76,18.76,0.0,90.538043,0.0
2019-01-16,4,0,116,0.0,0.0,0.0,0.0,0.0
2019-01-16,4,0,117,1.25,1.25,0.0,6.032652,0.0
2019-01-16,4,0,119,90.38,90.38,0.0,1546.211388,0.0
2019-01-16,4,0,120,53.15,53.15,0.0,909.284524,0.0
2019-01-16,4,0,123,0.0,0.0,0.0,0.0,0.0
2019-01-16,4,0,125,58.32,58.32,0.0,416.715275,0.0
2019-01-16,4,0,126,0.0,0.0,0.0,0.0,0.0
2019-01-16,4,0,127,0.0,0.0,0.0,0.0,0.0
2019-01-16,4,0,128,79.2,79.2,0.0,565.909633,0.0
2019-01-16,4,0,131,12.82,12.82,0.0,81.788683,0.0
2019-01-16,4,0,132,18.85,18.85,0.0,120.258711,0.0
2019-01-16,4,0,133,33.14,33.14,0.0,340.644116,0.0
2019-01-16,4,0,134,0.0,0.0,0.0,0.0,0.0
2019-01-16,4,0,135,45.72,45.72,0.0,469.953198,0.0
2019-01-16,4,0,136,1.34,1.34,0.0,13.730065,0.0
2019-01-16,4,0,139,18.01,18.01,0.0,145.195521,0.0
2019-01-16,4,0,140,43.71,43.71,0.0,600.15468,0.0
2019-01-16,4,0,141,87.88,87.88,0.0,749.708843,0.0
2019-01-16,4,0,142,0.0,0.0,0.0,0.0,0.0
2019-01-16,4,0,143,5.11,5.11,0.0,36.426224,0.0
2019-01-16,4,0,145,7.63,7.63,0.0,58.502566,0.0
2019-01-16,4,0,146,39.59,39.59,0.0,543.585536,0.0
2019-01-16,4,0,152,0.0,0.0,0.0,0.0,0.0
2019-01-16,4,0,153,0.0,0.0,0.0,0.0,0.0
2019-01-16,4,0,154,0.0,0.0,0.0,0.0,0.0
2019-01-16,4,0,157,63.22,63.22,0.0,539.333103,0.0
2019-01-16,4,0,158,0.0,0.0,0.0,0.0,0.0
2019-01-16,4,0,159,0.0,0.0,0.0,0.0,0.0
2019-01-16,4,0,160,0.0,0.0,0.0,0.0,0.0
2019-01-16,4,0,161,0.0,0.0,0.0,0.0,0.0
2019-01-16,4,0,162,11.28,11.28,0.0,191.331334,0.0
2019-01-16,4,0,163,59.55,59.55,0.0,817.643815,0.0
2019-01-16,4,0,164,0.0,0.0,0.0,0.0,0.0
2019-01-16,4,0,167,0.0,0.0,0.0,0.0,0.0
2019-01-16,4,0,168,0.0,0.0,0.0,0.0,0.0
2019-01-16,4,0,169,0.0,0.0,0.0,0.0,0.0
2019-01-16,4,0,170,0.0,0.0,0.0,0.0,0.0
2019-01-16,4,0,172,0.0,0.0,0.0,0.0,0.0
2019-01-16,4,0,173,0.0,0.0,0.0,0.0,0.0
2019-01-16,4,0,188,0.0,0.0,0.0,0.0,0.0
2019-01-16,4,0,190,0.0,0.0,0.0,0.0,0.0
2019-01-16,4,0,191,0.0,0.0,0.0,0.0,0.0
2019-01-16,4,0,192,61.65,61.65,0.0,1054.701616,0.0
2019-01-16,4,0,194,176.5,176.5,0.0,513.134061,0.0
2019-01-16,4,0,196,0.0,0.0,0.0,0.0,0.0
2019-01-16,4,0,198,0.0,0.0,0.0,0.0,0.0
2019-01-16,4,0,199,10.92,10.92,0.0,81.978952,0.0
2019-01-16,4,0,200,0.0,0.0,0.0,0.0,0.0
2019-01-16,4,0,204,195.35,195.35,0.0,1659.648577,0.0
2019-01-16,4,0,205,247.26,247.26,0.0,2121.184676,0.0
2019-01-16,4,0,206,200.65,200.65,0.0,1426.77265,0.0
2019-01-16,4,0,210,0.0,0.0,0.0,0.0,0.0
2019-01-16,4,0,214,0.0,0.0,0.0,0.0,0.0
2019-01-16,4,0,217,0.0,0.0,0.0,0.0,0.0
2019-01-16,4,0,218,0.0,0.0,0.0,0.0,0.0
2019-01-16,4,0,219,0.0,0.0,0.0,0.0,0.0
2019-01-16,4,0,221,0.0,0.0,0.0,0.0,0.0
2019-01-16,4,0,225,0.0,0.0,0.0,0.0,0.0
2019-01-16,4,0,233,0.0,0.0,0.0,0.0,0.0
2019-01-16,4,0,236,6.32,6.32,0.0,62.471335,0.0
2019-01-16,4,0,237,5.23,5.23,0.0,49.522726,0.0
2019-01-16,4,0,238,0.0,0.0,0.0,0.0,0.0
2019-01-16,4,0,240,0.0,0.0,0.0,0.0,0.0
2019-01-16,4,0,245,28.59,28.59,0.0,296.783267,0.0
2019-01-16,4,0,247,15.67,15.67,0.0,162.66505,0.0
2019-01-16,4,0,248,0.52,0.52,0.0,4.923866,0.0
2019-01-16,4,0,249,54.99,54.99,0.0,570.832873,0.0
2019-01-16,4,0,251,10.98,10.98,0.0,112.009872,0.0
2019-01-16,4,0,252,8.01,8.01,0.0,82.085487,0.0
2019-01-16,4,0,254,0.0,0.0,0.0,0.0,0.0
2019-01-16,4,0,255,0.0,0.0,0.0,0.0,0.0
2019-01-16,4,0,258,0.0,0.0,0.0,0.0,0.0
2019-01-16,4,0,260,0.0,0.0,0.0,0.0,0.0
2019-01-16,4,0,265,0.0,0.0,0.0,0.0,0.0
2019-01-16,4,0,266,11.66,11.66,0.0,94.002209,0.0
2019-01-16,4,0,267,14.33,14.33,0.0,115.527586,0.0
2019-01-16,4,0,270,185.96,185.96,0.0,2553.300485,0.0
2019-01-16,4,0,272,62.71,62.71,0.0,302.646093,0.0
2019-01-16,4,0,273,0.0,0.0,0.0,0.0,0.0
2019-01-16,4,0,274,239.73,239.73,0.0,3291.582735,0.0
2019-01-16,4,0,275,333.71,333.71,0.0,4581.963352,0.0
2019-01-16,4,0,276,0.0,0.0,0.0,0.0,0.0
2019-01-16,4,0,277,0.0,0.0,0.0,0.0,0.0
2019-01-16,4,0,278,0.0,0.0,0.0,0.0,0.0
2019-01-16,4,0,279,121.51,121.51,0.0,620.624036,0.0
2019-01-16,4,0,281,1.76,1.76,0.0,12.546019,0.0
2019-01-16,4,0,282,0.0,0.0,0.0,0.0,0.0
2019-01-16,5,0,9,0.0,0.0,0.0,0.0,0.0
2019-01-16,5,0,17,0.0,0.0,0.0,0.0,0.0
2019-01-16,5,0,19,324.45,324.45,0.0,4484.315548,0.0
2019-01-16,5,0,20,393.5,393.5,0.0,5438.675198,0.0
2019-01-16,5,0,21,0.0,0.0,0.0,0.0,0.0
2019-01-16,5,0,22,0.0,0.0,0.0,0.0,0.0
2019-01-16,5,0,23,42.83,42.83,0.0,265.577113,0.0
2019-01-16,5,0,24,75.78,75.78,0.0,469.891049,0.0
2019-01-16,5,0,29,0.0,0.0,0.0,0.0,0.0
2019-01-16,5,0,30,0.0,0.0,0.0,0.0,0.0
2019-01-16,5,0,31,2.76,2.76,0.0,16.999203,0.0
2019-01-16,5,0,32,0.0,0.0,0.0,0.0,0.0
2019-01-16,5,0,33,0.0,0.0,0.0,0.0,0.0
2019-01-16,5,0,34,0.0,0.0,0.0,0.0,0.0
2019-01-16,5,0,35,0.0,0.0,0.0,0.0,0.0
2019-01-16,5,0,36,0.0,0.0,0.0,0.0,0.0
2019-01-16,5,0,37,0.0,0.0,0.0,0.0,0.0
2019-01-16,5,0,38,0.0,0.0,0.0,0.0,0.0
2019-01-16,5,0,39,0.0,0.0,0.0,0.0,0.0
2019-01-16,5,0,40,0.0,0.0,0.0,0.0,0.0
2019-01-16,5,0,41,14.93,14.93,0.0,126.154092,0.0
2019-01-16,5,0,42,0.0,0.0,0.0,0.0,0.0
2019-01-16,5,0,43,0.0,0.0,0.0,0.0,0.0
2019-01-16,5,0,46,0.0,0.0,0.0,0.0,0.0
2019-01-16,5,0,52,2.93,2.93,0.0,18.046255,0.0
2019-01-16,5,0,53,4.65,4.65,0.0,28.639962,0.0
2019-01-16,5,0,55,80.35,80.35,0.0,498.228369,0.0
2019-01-16,5,0,56,0.0,0.0,0.0,0.0,0.0
2019-01-16,5,0,57,0.0,0.0,0.0,0.0,0.0
2019-01-16,5,0,58,0.0,0.0,0.0,0.0,0.0
2019-01-16,5,0,59,0.0,0.0,0.0,0.0,0.0
2019-01-16,5,0,63,80.79,80.79,0.0,2564.501144,0.0
2019-01-16,5,0,64,95.05,95.05,0.0,3017.153531,0.0
2019-01-16,5,0,65,0.0,0.0,0.0,0.0,0.0
2019-01-16,5,0,67,0.0,0.0,0.0,0.0,0.0
2019-01-16,5,0,68,4.05,4.05,0.0,22.501945,0.0
2019-01-16,5,0,69,0.0,0.0,0.0,0.0,0.0
2019-01-16,5,0,74,2.29,2.29,0.0,27.205409,0.0
2019-01-16,5,0,77,146.43,146.43,0.0,325.093956,0.0
2019-01-16,5,0,78,110.7,110.7,0.0,245.768633,0.0
2019-01-16,5,0,79,64.06,64.06,0.0,142.221668,0.0
2019-01-16,5,0,80,103.6,103.6,0.0,230.005694,0.0
2019-01-16,5,0,81,135.45,135.45,0.0,300.716904,0.0
2019-01-16,5,0,82,95.55,95.55,0.0,212.13363,0.0
2019-01-16,5,0,83,213.06,213.06,0.0,473.021363,0.0
2019-01-16,5,0,84,0.0,0.0,0.0,0.0,0.0
2019-01-16,5,0,86,0.0,0.0,0.0,0.0,0.0
2019-01-16,5,0,87,0.0,0.0,0.0,0.0,0.0
2019-01-16,5,0,88,157.01,157.01,0.0,348.582954,0.0
2019-01-16,5,0,89,150.93,150.93,0.0,335.08455,0.0
2019-01-16,5,0,90,202.65,202.65,0.0,449.909787,0.0
2019-01-16,5,0,91,722.91,722.91,0.0,1604.955757,0.0
2019-01-16,5,0,92,259.99,259.99,0.0,577.212166,0.0
2019-01-16,5,0,95,12.44,12.44,0.0,390.149699,0.0
2019-01-16,5,0,96,11.14,11.14,0.0,68.128462,0.0
2019-01-16,5,0,97,68.5,68.5,0.0,418.922767,0.0
2019-01-16,5,0,99,0.44,0.44,0.0,5.22724,0.0
2019-01-16,5,0,101,0.0,0.0,0.0,0.0,0.0
2019-01-16,5,0,102,9.59,9.59,0.0,53.282384,0.0
2019-01-16,5,0,103,8.34,8.34,0.0,46.337339,0.0
2019-01-16,5,0,104,1.55,1.55,0.0,8.611856,0.0
2019-01-16,5,0,106,0.0,0.0,0.0,0.0,0.0
2019-01-16,5,0,109,43.95,43.95,0.0,427.766438,0.0
2019-01-16,5,0,110,58.95,58.95,0.0,1363.901923,0.0
2019-01-16,5,0,111,0.0,0.0,0.0,0.0,0.0
2019-01-16,5,0,113,42.61,42.61,0.0,19.673827,0.0
2019-01-16,5,0,115,42.61,42.61,0.0,19.673827,0.0
2019-01-16,5,0,116,0.0,0.0,0.0,0.0,0.0
2019-01-16,5,0,117,2.05,2.05,0.0,0.946523,0.0
2019-01-16,5,0,119,95.05,95.05,0.0,3017.153531,0.0
2019-01-16,5,0,120,55.89,55.89,0.0,1774.105322,0.0
2019-01-16,5,0,123,0.0,0.0,0.0,0.0,0.0
2019-01-16,5,0,125,68.58,68.58,0.0,425.245818,0.0
2019-01-16,5,0,126,0.0,0.0,0.0,0.0,0.0
2019-01-16,5,0,127,0.0,0.0,0.0,0.0,0.0
2019-01-16,5,0,128,98.22,98.22,0.0,609.03535,0.0
2019-01-16,5,0,131,14.01,14.01,0.0,61.647315,0.0
2019-01-16,5,0,132,20.59,20.59,0.0,90.600872,0.0
2019-01-16,5,0,133,11.82,11.82,0.0,163.443472,0.0
2019-01-16,5,0,134,0.0,0.0,0.0,0.0,0.0
2019-01-16,5,0,135,16.83,16.83,0.0,232.720273,0.0
2019-01-16,5,0,136,0.0,0.0,0.0,0.0,0.0
2019-01-16,5,0,139,19.27,19.27,0.0,162.825811,0.0
2019-01-16,5,0,140,43.63,43.63,0.0,1009.449379,0.0
2019-01-16,5,0,141,91.59,91.59,0.0,905.252714,0.0
2019-01-16,5,0,142,0.0,0.0,0.0,0.0,0.0
2019-01-16,5,0,143,7.66,7.66,0.0,47.178948,0.0
2019-01-16,5,0,145,7.15,7.15,0.0,53.533812,0.0
2019-01-16,5,0,146,37.09,37.09,0.0,858.136087,0.0
2019-01-16,5,0,152,0.0,0.0,0.0,0.0,0.0
2019-01-16,5,0,153,0.0,0.0,0.0,0.0,0.0
2019-01-16,5,0,154,0.0,0.0,0.0,0.0,0.0
2019-01-16,5,0,157,75.53,75.53,0.0,746.51968,0.0
2019-01-16,5,0,158,0.0,0.0,0.0,0.0,0.0
2019-01-16,5,0,159,0.0,0.0,0.0,0.0,0.0
2019-01-16,5,0,160,0.0,0.0,0.0,0.0,0.0
2019-01-16,5,0,161,0.0,0.0,0.0,0.0,0.0
2019-01-16,5,0,162,12.45,12.45,0.0,390.668292,0.0
2019-01-16,5,0,163,57.44,57.44,0.0,1328.965674,0.0
2019-01-16,5,0,164,0.0,0.0,0.0,0.0,0.0
2019-01-16,5,0,167,0.0,0.0,0.0,0.0,0.0
2019-01-16,5,0,168,0.0,0.0,0.0,0.0,0.0
2019-01-16,5,0,169,0.0,0.0,0.0,0.0,0.0
2019-01-16,5,0,170,0.0,0.0,0.0,0.0,0.0
2019-01-16,5,0,172,0.0,0.0,0.0,0.0,0.0
2019-01-16,5,0,173,0.0,0.0,0.0,0.0,0.0
2019-01-16,5,0,188,0.0,0.0,0.0,0.0,0.0
2019-01-16,5,0,190,0.0,0.0,0.0,0.0,0.0
2019-01-16,5,0,191,0.0,0.0,0.0,0.0,0.0
2019-01-16,5,0,192,57.2,57.2,0.0,1815.688395,0.0
2019-01-16,5,0,194,176.5,176.5,0.0,-776.647377,0.0
2019-01-16,5,0,196,0.0,0.0,0.0,0.0,0.0
2019-01-16,5,0,198,0.0,0.0,0.0,0.0,0.0
2019-01-16,5,0,199,9.81,9.81,0.0,72.846359,0.0
2019-01-16,5,0,200,0.0,0.0,0.0,0.0,0.0
2019-01-16,5,0,204,186.26,186.26,0.0,1775.382689,0.0
2019-01-16,5,0,205,232.5,232.5,0.0,2262.928255,0.0
2019-01-16,5,0,206,201.27,201.27,0.0,1230.899056,0.0
2019-01-16,5,0,210,0.0,0.0,0.0,0.0,0.0
2019-01-16,5,0,214,0.0,0.0,0.0,0.0,0.0
2019-01-16,5,0,217,0.0,0.0,0.0,0.0,0.0
2019-01-16,5,0,218,0.0,0.0,0.0,0.0,0.0
2019-01-16,5,0,219,0.0,0.0,0.0,0.0,0.0
2019-01-16,5,0,221,0.0,0.0,0.0,0.0,0.0
2019-01-16,5,0,225,0.0,0.0,0.0,0.0,0.0
2019-01-16,5,0,233,0.0,0.0,0.0,0.0,0.0
2019-01-16,5,0,236,7.01,7.01,0.0,90.301579,0.0
2019-01-16,5,0,237,5.48,5.48,0.0,65.102901,0.0
2019-01-16,5,0,238,0.0,0.0,0.0,0.0,0.0
2019-01-16,5,0,240,0.0,0.0,0.0,0.0,0.0
2019-01-16,5,0,245,14.98,14.98,0.0,210.797087,0.0
2019-01-16,5,0,247,7.98,7.98,0.0,112.293775,0.0
2019-01-16,5,0,248,0.55,0.55,0.0,6.53405,0.0
2019-01-16,5,0,249,28.82,28.82,0.0,405.552207,0.0
2019-01-16,5,0,251,9.9,9.9,0.0,135.048231,0.0
2019-01-16,5,0,252,0.0,0.0,0.0,0.0,0.0
2019-01-16,5,0,254,0.0,0.0,0.0,0.0,0.0
2019-01-16,5,0,255,0.0,0.0,0.0,0.0,0.0
2019-01-16,5,0,258,0.0,0.0,0.0,0.0,0.0
2019-01-16,5,0,260,0.0,0.0,0.0,0.0,0.0
2019-01-16,5,0,265,0.0,0.0,0.0,0.0,0.0
2019-01-16,5,0,266,12.48,12.48,0.0,105.452315,0.0
2019-01-16,5,0,267,15.34,15.34,0.0,129.618471,0.0
2019-01-16,5,0,270,179.37,179.37,0.0,4150.009974,0.0
2019-01-16,5,0,272,146.47,146.47,0.0,67.627915,0.0
2019-01-16,5,0,273,0.0,0.0,0.0,0.0,0.0
2019-01-16,5,0,274,231.23,231.23,0.0,5349.873481,0.0
2019-01-16,5,0,275,321.88,321.88,0.0,7447.205276,0.0
2019-01-16,5,0,276,0.0,0.0,0.0,0.0,0.0
2019-01-16,5,0,277,0.0,0.0,0.0,0.0,0.0
2019-01-16,5,0,278,0.0,0.0,0.0,0.0,0.0
2019-01-16,5,0,279,119.44,119.44,0.0,139.350045,0.0
2019-01-16,5,0,281,1.24,1.24,0.0,7.637323,0.0
2019-01-16,5,0,282,0.0,0.0,0.0,0.0,0.0
2019-01-16,6,0,9,0.0,0.0,0.0,0.0,0.0
2019-01-16,6,0,17,0.0,0.0,0.0,0.0,0.0
2019-01-16,6,0,19,273.58,273.58,0.0,4348.203015,0.0
2019-01-16,6,0,20,331.8,331.8,0.0,5273.535201,0.0
2019-01-16,6,0,21,0.0,0.0,0.0,0.0,0.0
2019-01-16,6,0,22,0.0,0.0,0.0,0.0,0.0
2019-01-16,6,0,23,43.96,43.96,0.0,329.433539,0.0
2019-01-16,6,0,24,77.78,77.78,0.0,582.878541,0.0
2019-01-16,6,0,29,0.0,0.0,0.0,0.0,0.0
2019-01-16,6,0,30,0.0,0.0,0.0,0.0,0.0
2019-01-16,6,0,31,1.93,1.93,0.0,14.376983,0.0
2019-01-16,6,0,32,0.0,0.0,0.0,0.0,0.0
2019-01-16,6,0,33,0.0,0.0,0.0,0.0,0.0
2019-01-16,6,0,34,0.0,0.0,0.0,0.0,0.0
2019-01-16,6,0,35,0.0,0.0,0.0,0.0,0.0
2019-01-16,6,0,36,0.0,0.0,0.0,0.0,0.0
2019-01-16,6,0,37,0.0,0.0,0.0,0.0,0.0
2019-01-16,6,0,38,0.0,0.0,0.0,0.0,0.0
2019-01-16,6,0,39,0.0,0.0,0.0,0.0,0.0
2019-01-16,6,0,40,0.0,0.0,0.0,0.0,0.0
2019-01-16,6,0,41,16.4,16.4,0.0,162.821144,0.0
2019-01-16,6,0,42,0.0,0.0,0.0,0.0,0.0
2019-01-16,6,0,43,0.0,0.0,0.0,0.0,0.0
2019-01-16,6,0,46,0.0,0.0,0.0,0.0,0.0
2019-01-16,6,0,52,2.04,2.04,0.0,15.196397,0.0
2019-01-16,6,0,53,3.24,3.24,0.0,24.135454,0.0
2019-01-16,6,0,55,32.64,32.64,0.0,244.602154,0.0
2019-01-16,6,0,56,0.0,0.0,0.0,0.0,0.0
2019-01-16,6,0,57,0.0,0.0,0.0,0.0,0.0
2019-01-16,6,0,58,0.0,0.0,0.0,0.0,0.0
2019-01-16,6,0,59,0.0,0.0,0.0,0.0,0.0
2019-01-16,6,0,63,84.62,84.62,0.0,2744.019883,0.0
2019-01-16,6,0,64,99.55,99.55,0.0,3228.163311,0.0
2019-01-16,6,0,65,0.0,0.0,0.0,0.0,0.0
2019-01-16,6,0,67,0.0,0.0,0.0,0.0,0.0
2019-01-16,6,0,68,4.2,4.2,0.0,27.288006,0.0
2019-01-16,6,0,69,0.0,0.0,0.0,0.0,0.0
2019-01-16,6,0,74,2.71,2.71,0.0,37.113419,0.0
2019-01-16,6,0,77,151.62,151.62,0.0,487.811518,0.0
2019-01-16,6,0,78,114.62,114.62,0.0,368.770322,0.0
2019-01-16,6,0,79,66.33,66.33,0.0,213.405474,0.0
2019-01-16,6,0,80,107.27,107.27,0.0,345.122949,0.0
2019-01-16,6,0,81,140.25,140.25,0.0,451.23048,0.0
2019-01-16,6,0,82,98.93,98.93,0.0,318.29042,0.0
2019-01-16,6,0,83,220.6,220.6,0.0,709.742916,0.0
2019-01-16,6,0,84,0.0,0.0,0.0,0.0,0.0
2019-01-16,6,0,86,0.0,0.0,0.0,0.0,0.0
2019-01-16,6,0,87,0.0,0.0,0.0,0.0,0.0
2019-01-16,6,0,88,155.82,155.82,0.0,501.324303,0.0
2019-01-16,6,0,89,149.79,149.79,0.0,481.923805,0.0
2019-01-16,6,0,90,201.12,201.12,0.0,647.069335,0.0
2019-01-16,6,0,91,717.45,717.45,0.0,2308.273142,0.0
2019-01-16,6,0,92,258.03,258.03,0.0,830.167564,0.0
2019-01-16,6,0,95,16.86,16.86,0.0,540.052292,0.0
2019-01-16,6,0,96,11.23,11.23,0.0,83.129767,0.0
2019-01-16,6,0,97,69.09,69.09,0.0,511.436831,0.0
2019-01-16,6,0,99,0.52,0.52,0.0,7.121394,0.0
2019-01-16,6,0,101,0.0,0.0,0.0,0.0,0.0
2019-01-16,6,0,102,9.95,9.95,0.0,64.646585,0.0
2019-01-16,6,0,103,8.66,8.66,0.0,56.265269,0.0
2019-01-16,6,0,104,1.61,1.61,0.0,10.460402,0.0
2019-01-16,6,0,106,0.0,0.0,0.0,0.0,0.0
2019-01-16,6,0,109,42.48,42.48,0.0,479.150562,0.0
2019-01-16,6,0,110,59.47,59.47,0.0,1421.387864,0.0
2019-01-16,6,0,111,0.0,0.0,0.0,0.0,0.0
2019-01-16,6,0,113,53.26,53.26,0.0,74.699843,0.0
2019-01-16,6,0,115,53.26,53.26,0.0,74.699843,0.0
2019-01-16,6,0,116,0.0,0.0,0.0,0.0,0.0
2019-01-16,6,0,117,2.11,2.11,0.0,2.959382,0.0
2019-01-16,6,0,119,99.55,99.55,0.0,3228.163311,0.0
2019-01-16,6,0,120,58.53,58.53,0.0,1897.984918,0.0
2019-01-16,6,0,123,0.0,0.0,0.0,0.0,0.0
2019-01-16,6,0,125,70.39,70.39,0.0,527.498335,0.0
2019-01-16,6,0,126,0.0,0.0,0.0,0.0,0.0
2019-01-16,6,0,127,0.0,0.0,0.0,0.0,0.0
2019-01-16,6,0,128,100.82,100.82,0.0,755.538885,0.0
2019-01-16,6,0,131,15.33,15.33,0.0,82.060978,0.0
2019-01-16,6,0,132,22.54,22.54,0.0,120.655868,0.0
2019-01-16,6,0,133,7.75,7.75,0.0,123.232879,0.0
2019-01-16,6,0,134,0.0,0.0,0.0,0.0,0.0
2019-01-16,6,0,135,10.39,10.39,0.0,165.211564,0.0
2019-01-16,6,0,136,0.0,0.0,0.0,0.0,0.0
2019-01-16,6,0,139,21.18,21.18,0.0,210.277551,0.0
2019-01-16,6,0,140,44.01,44.01,0.0,1051.879601,0.0
2019-01-16,6,0,141,96.54,96.54,0.0,1040.830864,0.0
2019-01-16,6,0,142,0.0,0.0,0.0,0.0,0.0
2019-01-16,6,0,143,10.7,10.7,0.0,79.706591,0.0
2019-01-16,6,0,145,6.74,6.74,0.0,59.80328,0.0
2019-01-16,6,0,146,34.81,34.81,0.0,831.991114,0.0
2019-01-16,6,0,152,0.0,0.0,0.0,0.0,0.0
2019-01-16,6,0,153,0.0,0.0,0.0,0.0,0.0
2019-01-16,6,0,154,0.0,0.0,0.0,0.0,0.0
2019-01-16,6,0,157,89.25,89.25,0.0,962.234873,0.0
2019-01-16,6,0,158,0.0,0.0,0.0,0.0,0.0
2019-01-16,6,0,159,0.0,0.0,0.0,0.0,0.0
2019-01-16,6,0,160,0.0,0.0,0.0,0.0,0.0
2019-01-16,6,0,161,0.0,0.0,0.0,0.0,0.0
2019-01-16,6,0,162,13.81,13.81,0.0,442.58622,0.0
2019-01-16,6,0,163,55.41,55.41,0.0,1324.350118,0.0
2019-01-16,6,0,164,0.0,0.0,0.0,0.0,0.0
2019-01-16,6,0,167,0.0,0.0,0.0,0.0,0.0
2019-01-16,6,0,168,0.0,0.0,0.0,0.0,0.0
2019-01-16,6,0,169,0.0,0.0,0.0,0.0,0.0
2019-01-16,6,0,170,0.0,0.0,0.0,0.0,0.0
2019-01-16,6,0,172,0.0,0.0,0.0,0.0,0.0
2019-01-16,6,0,173,0.0,0.0,0.0,0.0,0.0
2019-01-16,6,0,188,0.0,0.0,0.0,0.0,0.0
2019-01-16,6,0,190,0.0,0.0,0.0,0.0,0.0
2019-01-16,6,0,191,0.0,0.0,0.0,0.0,0.0
2019-01-16,6,0,192,53.22,53.22,0.0,1725.79459,0.0
2019-01-16,6,0,194,176.5,176.5,0.0,-614.155508,0.0
2019-01-16,6,0,196,0.0,0.0,0.0,0.0,0.0
2019-01-16,6,0,198,0.0,0.0,0.0,0.0,0.0
2019-01-16,6,0,199,8.84,8.84,0.0,70.610232,0.0
2019-01-16,6,0,200,0.0,0.0,0.0,0.0,0.0
2019-01-16,6,0,204,182.18,182.18,0.0,2014.143376,0.0
2019-01-16,6,0,205,224.75,224.75,0.0,2535.053878,0.0
2019-01-16,6,0,206,203.01,203.01,0.0,1502.77596,0.0
2019-01-16,6,0,210,0.0,0.0,0.0,0.0,0.0
2019-01-16,6,0,214,0.0,0.0,0.0,0.0,0.0
2019-01-16,6,0,217,0.0,0.0,0.0,0.0,0.0
2019-01-16,6,0,218,0.0,0.0,0.0,0.0,0.0
2019-01-16,6,0,219,0.0,0.0,0.0,0.0,0.0
2019-01-16,6,0,221,0.0,0.0,0.0,0.0,0.0
2019-01-16,6,0,225,0.0,0.0,0.0,0.0,0.0
2019-01-16,6,0,233,0.0,0.0,0.0,0.0,0.0
2019-01-16,6,0,236,9.46,9.46,0.0,140.238728,0.0
2019-01-16,6,0,237,6.5,6.5,0.0,89.017425,0.0
2019-01-16,6,0,238,0.0,0.0,0.0,0.0,0.0
2019-01-16,6,0,240,0.0,0.0,0.0,0.0,0.0
2019-01-16,6,0,245,6.71,6.71,0.0,108.558686,0.0
2019-01-16,6,0,247,4.52,4.52,0.0,73.12746,0.0
2019-01-16,6,0,248,0.65,0.65,0.0,8.901742,0.0
2019-01-16,6,0,249,12.9,12.9,0.0,208.704478,0.0
2019-01-16,6,0,251,9.3,9.3,0.0,145.9079,0.0
2019-01-16,6,0,252,0.0,0.0,0.0,0.0,0.0
2019-01-16,6,0,254,0.0,0.0,0.0,0.0,0.0
2019-01-16,6,0,255,0.0,0.0,0.0,0.0,0.0
2019-01-16,6,0,258,0.0,0.0,0.0,0.0,0.0
2019-01-16,6,0,260,0.0,0.0,0.0,0.0,0.0
2019-01-16,6,0,265,0.0,0.0,0.0,0.0,0.0
2019-01-16,6,0,266,13.71,13.71,0.0,136.114505,0.0
2019-01-16,6,0,267,16.85,16.85,0.0,167.288798,0.0
2019-01-16,6,0,270,173.04,173.04,0.0,4135.815637,0.0
2019-01-16,6,0,272,187.94,187.94,0.0,263.595353,0.0
2019-01-16,6,0,273,0.0,0.0,0.0,0.0,0.0
2019-01-16,6,0,274,223.07,223.07,0.0,5331.578792,0.0
2019-01-16,6,0,275,310.52,310.52,0.0,7421.714469,0.0
2019-01-16,6,0,276,0.0,0.0,0.0,0.0,0.0
2019-01-16,6,0,277,0.0,0.0,0.0,0.0,0.0
2019-01-16,6,0,278,0.0,0.0,0.0,0.0,0.0
2019-01-16,6,0,279,116.78,116.78,0.0,248.755972,0.0
2019-01-16,6,0,281,0.87,0.87,0.0,6.480816,0.0
2019-01-16,6,0,282,0.0,0.0,0.0,0.0,0.0
2019-01-16,7,0,9,0.0,0.0,0.0,0.0,0.0
2019-01-16,7,0,17,0.0,0.0,0.0,0.0,0.0
2019-01-16,7,0,19,235.66,235.66,0.0,6172.532619,0.0
2019-01-16,7,0,20,285.81,285.81,0.0,7486.088211,0.0
2019-01-16,7,0,21,0.0,0.0,0.0,0.0,0.0
2019-01-16,7,0,22,0.0,0.0,0.0,0.0,0.0
2019-01-16,7,0,23,45.77,45.77,0.0,750.952934,0.0
2019-01-16,7,0,24,80.98,80.98,0.0,1328.6469,0.0
2019-01-16,7,0,29,0.0,0.0,0.0,0.0,0.0
2019-01-16,7,0,30,0.0,0.0,0.0,0.0,0.0
2019-01-16,7,0,31,3.22,3.22,0.0,52.672107,0.0
2019-01-16,7,0,32,0.0,0.0,0.0,0.0,0.0
2019-01-16,7,0,33,0.0,0.0,0.0,0.0,0.0
2019-01-16,7,0,34,0.0,0.0,0.0,0.0,0.0
2019-01-16,7,0,35,0.0,0.0,0.0,0.0,0.0
2019-01-16,7,0,36,0.0,0.0,0.0,0.0,0.0
2019-01-16,7,0,37,0.0,0.0,0.0,0.0,0.0
2019-01-16,7,0,38,0.0,0.0,0.0,0.0,0.0
2019-01-16,7,0,39,0.0,0.0,0.0,0.0,0.0
2019-01-16,7,0,40,0.0,0.0,0.0,0.0,0.0
2019-01-16,7,0,41,13.82,13.82,0.0,264.394038,0.0
2019-01-16,7,0,42,0.0,0.0,0.0,0.0,0.0
2019-01-16,7,0,43,0.0,0.0,0.0,0.0,0.0
2019-01-16,7,0,46,0.0,0.0,0.0,0.0,0.0
2019-01-16,7,0,52,3.42,3.42,0.0,55.943667,0.0
2019-01-16,7,0,53,5.43,5.43,0.0,88.82284,0.0
2019-01-16,7,0,55,33.47,33.47,0.0,549.145613,0.0
2019-01-16,7,0,56,0.0,0.0,0.0,0.0,0.0
2019-01-16,7,0,57,0.0,0.0,0.0,0.0,0.0
2019-01-16,7,0,58,0.0,0.0,0.0,0.0,0.0
2019-01-16,7,0,59,0.0,0.0,0.0,0.0,0.0
2019-01-16,7,0,63,88.86,88.86,0.0,3325.812725,0.0
2019-01-16,7,0,64,104.54,104.54,0.0,3912.676821,0.0
2019-01-16,7,0,65,0.0,0.0,0.0,0.0,0.0
2019-01-16,7,0,67,0.0,0.0,0.0,0.0,0.0
2019-01-16,7,0,68,4.43,4.43,0.0,64.37926,0.0
2019-01-16,7,0,69,0.0,0.0,0.0,0.0,0.0
2019-01-16,7,0,74,3.47,3.47,0.0,81.489236,0.0
2019-01-16,7,0,77,158.16,158.16,0.0,1850.74069,0.0
2019-01-16,7,0,78,119.57,119.57,0.0,1399.172132,0.0
2019-01-16,7,0,79,69.19,69.19,0.0,809.640544,0.0
2019-01-16,7,0,80,111.9,111.9,0.0,1309.420102,0.0
2019-01-16,7,0,81,146.3,146.3,0.0,1711.958542,0.0
2019-01-16,7,0,82,103.2,103.2,0.0,1207.615322,0.0
2019-01-16,7,0,83,230.12,230.12,0.0,2692.79494,0.0
2019-01-16,7,0,84,0.0,0.0,0.0,0.0,0.0
2019-01-16,7,0,86,0.0,0.0,0.0,0.0,0.0
2019-01-16,7,0,87,0.0,0.0,0.0,0.0,0.0
2019-01-16,7,0,88,154.47,154.47,0.0,1807.561422,0.0
2019-01-16,7,0,89,148.49,148.49,0.0,1737.585263,0.0
2019-01-16,7,0,90,199.38,199.38,0.0,2333.084717,0.0
2019-01-16,7,0,91,711.23,711.23,0.0,8322.599275,0.0
2019-01-16,7,0,92,255.79,255.79,0.0,2993.177549,0.0
2019-01-16,7,0,95,22.49,22.49,0.0,832.670726,0.0
2019-01-16,7,0,96,11.4,11.4,0.0,185.891501,0.0
2019-01-16,7,0,97,70.13,70.13,0.0,1143.558854,0.0
2019-01-16,7,0,99,0.67,0.67,0.0,15.734233,0.0
2019-01-16,7,0,101,0.0,0.0,0.0,0.0,0.0
2019-01-16,7,0,102,10.49,10.49,0.0,152.4466,0.0
2019-01-16,7,0,103,9.12,9.12,0.0,132.536987,0.0
2019-01-16,7,0,104,1.69,1.69,0.0,24.560034,0.0
2019-01-16,7,0,106,0.0,0.0,0.0,0.0,0.0
2019-01-16,7,0,109,42.0,42.0,0.0,863.012636,0.0
2019-01-16,7,0,110,60.03,60.03,0.0,1794.062307,0.0
2019-01-16,7,0,111,0.0,0.0,0.0,0.0,0.0
2019-01-16,7,0,113,28.3,28.3,0.0,280.034487,0.0
2019-01-16,7,0,115,28.3,28.3,0.0,280.034487,0.0
2019-01-16,7,0,116,0.0,0.0,0.0,0.0,0.0
2019-01-16,7,0,117,1.16,1.16,0.0,11.478445,0.0
2019-01-16,7,0,119,104.54,104.54,0.0,3912.676821,0.0
2019-01-16,7,0,120,61.47,61.47,0.0,2300.671936,0.0
2019-01-16,7,0,123,0.0,0.0,0.0,0.0,0.0
2019-01-16,7,0,125,73.28,73.28,0.0,1202.312235,0.0
2019-01-16,7,0,126,0.0,0.0,0.0,0.0,0.0
2019-01-16,7,0,127,0.0,0.0,0.0,0.0,0.0
2019-01-16,7,0,128,104.95,104.95,0.0,1721.92507,0.0
2019-01-16,7,0,131,16.92,16.92,0.0,228.812143,0.0
2019-01-16,7,0,132,24.87,24.87,0.0,336.321394,0.0
2019-01-16,7,0,133,6.13,6.13,0.0,160.615764,0.0
2019-01-16,7,0,134,0.0,0.0,0.0,0.0,0.0
2019-01-16,7,0,135,8.22,8.22,0.0,215.377093,0.0
2019-01-16,7,0,136,0.0,0.0,0.0,0.0,0.0
2019-01-16,7,0,139,17.85,17.85,0.0,341.493024,0.0
2019-01-16,7,0,140,44.43,44.43,0.0,1327.839218,0.0
2019-01-16,7,0,141,101.81,101.81,0.0,1864.351275,0.0
2019-01-16,7,0,142,0.0,0.0,0.0,0.0,0.0
2019-01-16,7,0,143,6.38,6.38,0.0,104.362747,0.0
2019-01-16,7,0,145,6.32,6.32,0.0,113.229282,0.0
2019-01-16,7,0,146,33.07,33.07,0.0,988.333175,0.0
2019-01-16,7,0,152,0.0,0.0,0.0,0.0,0.0
2019-01-16,7,0,153,0.0,0.0,0.0,0.0,0.0
2019-01-16,7,0,154,0.0,0.0,0.0,0.0,0.0
2019-01-16,7,0,157,104.95,104.95,0.0,1921.851157,0.0
2019-01-16,7,0,158,0.0,0.0,0.0,0.0,0.0
2019-01-16,7,0,159,0.0,0.0,0.0,0.0,0.0
2019-01-16,7,0,160,0.0,0.0,0.0,0.0,0.0
2019-01-16,7,0,161,0.0,0.0,0.0,0.0,0.0
2019-01-16,7,0,162,15.23,15.23,0.0,564.115919,0.0
2019-01-16,7,0,163,53.64,53.64,0.0,1603.090157,0.0
2019-01-16,7,0,164,0.0,0.0,0.0,0.0,0.0
2019-01-16,7,0,167,0.0,0.0,0.0,0.0,0.0
2019-01-16,7,0,168,0.0,0.0,0.0,0.0,0.0
2019-01-16,7,0,169,0.0,0.0,0.0,0.0,0.0
2019-01-16,7,0,170,0.0,0.0,0.0,0.0,0.0
2019-01-16,7,0,172,0.0,0.0,0.0,0.0,0.0
2019-01-16,7,0,173,0.0,0.0,0.0,0.0,0.0
2019-01-16,7,0,188,0.0,0.0,0.0,0.0,0.0
2019-01-16,7,0,190,0.0,0.0,0.0,0.0,0.0
2019-01-16,7,0,191,0.0,0.0,0.0,0.0,0.0
2019-01-16,7,0,192,49.2,49.2,0.0,1841.43581,0.0
2019-01-16,7,0,194,176.5,176.5,0.0,952.471551,0.0
2019-01-16,7,0,196,0.0,0.0,0.0,0.0,0.0
2019-01-16,7,0,198,0.0,0.0,0.0,0.0,0.0
2019-01-16,7,0,199,8.01,8.01,0.0,118.925124,0.0
2019-01-16,7,0,200,0.0,0.0,0.0,0.0,0.0
2019-01-16,7,0,204,184.74,184.74,0.0,3747.065591,0.0
2019-01-16,7,0,205,222.18,222.18,0.0,4565.336846,0.0
2019-01-16,7,0,206,206.07,206.07,0.0,3360.233468,0.0
2019-01-16,7,0,210,0.0,0.0,0.0,0.0,0.0
2019-01-16,7,0,214,0.0,0.0,0.0,0.0,0.0
2019-01-16,7,0,217,0.0,0.0,0.0,0.0,0.0
2019-01-16,7,0,218,0.0,0.0,0.0,0.0,0.0
2019-01-16,7,0,219,0.0,0.0,0.0,0.0,0.0
2019-01-16,7,0,221,0.0,0.0,0.0,0.0,0.0
2019-01-16,7,0,225,0.0,0.0,0.0,0.0,0.0
2019-01-16,7,0,233,0.0,0.0,0.0,0.0,0.0
2019-01-16,7,0,236,14.0,14.0,0.0,348.075733,0.0
2019-01-16,7,0,237,8.32,8.32,0.0,195.386294,0.0
2019-01-16,7,0,238,0.0,0.0,0.0,0.0,0.0
2019-01-16,7,0,240,0.0,0.0,0.0,0.0,0.0
2019-01-16,7,0,245,2.36,2.36,0.0,62.648792,0.0
2019-01-16,7,0,247,3.99,3.99,0.0,105.918932,0.0
2019-01-16,7,0,248,0.84,0.84,0.0,19.726501,0.0
2019-01-16,7,0,249,4.54,4.54,0.0,120.519286,0.0
2019-01-16,7,0,251,9.14,9.14,0.0,237.078141,0.0
2019-01-16,7,0,252,0.0,0.0,0.0,0.0,0.0
2019-01-16,7,0,254,0.0,0.0,0.0,0.0,0.0
2019-01-16,7,0,255,0.0,0.0,0.0,0.0,0.0
2019-01-16,7,0,258,0.0,0.0,0.0,0.0,0.0
2019-01-16,7,0,260,0.0,0.0,0.0,0.0,0.0
2019-01-16,7,0,265,0.0,0.0,0.0,0.0,0.0
2019-01-16,7,0,266,11.55,11.55,0.0,220.966074,0.0
2019-01-16,7,0,267,14.2,14.2,0.0,271.663918,0.0
2019-01-16,7,0,270,167.51,167.51,0.0,5006.21984,0.0
2019-01-16,7,0,272,100.7,100.7,0.0,996.447804,0.0
2019-01-16,7,0,273,0.0,0.0,0.0,0.0,0.0
2019-01-16,7,0,274,215.94,215.94,0.0,6453.60344,0.0
2019-01-16,7,0,275,300.6,300.6,0.0,8983.760276,0.0
2019-01-16,7,0,276,0.0,0.0,0.0,0.0,0.0
2019-01-16,7,0,277,0.0,0.0,0.0,0.0,0.0
2019-01-16,7,0,278,0.0,0.0,0.0,0.0,0.0
2019-01-16,7,0,279,114.95,114.95,0.0,1220.707095,0.0
2019-01-16,7,0,281,1.44,1.44,0.0,23.555228,0.0
2019-01-16,7,0,282,0.0,0.0,0.0,0.0,0.0
2019-01-16,8,0,9,0.0,0.0,0.0,0.0,0.0
2019-01-16,8,0,17,0.0,0.0,0.0,0.0,0.0
2019-01-16,8,0,19,135.79,135.79,0.0,2414.542626,0.0
2019-01-16,8,0,20,169.0,169.0,0.0,3005.064466,0.0
2019-01-16,8,0,21,0.0,0.0,0.0,0.0,0.0
2019-01-16,8,0,22,0.0,0.0,0.0,0.0,0.0
2019-01-16,8,0,23,58.56,58.56,0.0,589.618763,0.0
2019-01-16,8,0,24,103.61,103.61,0.0,1043.210383,0.0
2019-01-16,8,0,29,0.0,0.0,0.0,0.0,0.0
2019-01-16,8,0,30,0.0,0.0,0.0,0.0,0.0
2019-01-16,8,0,31,1.35,1.35,0.0,13.53916,0.0
2019-01-16,8,0,32,0.0,0.0,0.0,0.0,0.0
2019-01-16,8,0,33,0.0,0.0,0.0,0.0,0.0
2019-01-16,8,0,34,0.0,0.0,0.0,0.0,0.0
2019-01-16,8,0,35,0.0,0.0,0.0,0.0,0.0
2019-01-16,8,0,36,0.0,0.0,0.0,0.0,0.0
2019-01-16,8,0,37,0.0,0.0,0.0,0.0,0.0
2019-01-16,8,0,38,0.0,0.0,0.0,0.0,0.0
2019-01-16,8,0,39,0.0,0.0,0.0,0.0,0.0
2019-01-16,8,0,40,0.0,0.0,0.0,0.0,0.0
2019-01-16,8,0,41,3.51,3.51,0.0,42.983601,0.0
2019-01-16,8,0,42,0.0,0.0,0.0,0.0,0.0
2019-01-16,8,0,43,0.0,0.0,0.0,0.0,0.0
2019-01-16,8,0,46,0.0,0.0,0.0,0.0,0.0
2019-01-16,8,0,52,1.43,1.43,0.0,14.341481,0.0
2019-01-16,8,0,53,2.27,2.27,0.0,22.765848,0.0
2019-01-16,8,0,55,43.63,43.63,0.0,439.29417,0.0
2019-01-16,8,0,56,0.0,0.0,0.0,0.0,0.0
2019-01-16,8,0,57,0.0,0.0,0.0,0.0,0.0
2019-01-16,8,0,58,0.0,0.0,0.0,0.0,0.0
2019-01-16,8,0,59,0.0,0.0,0.0,0.0,0.0
2019-01-16,8,0,63,54.86,54.86,0.0,1491.595123,0.0
2019-01-16,8,0,64,64.48,64.48,0.0,1753.154458,0.0
2019-01-16,8,0,65,0.0,0.0,0.0,0.0,0.0
2019-01-16,8,0,67,0.0,0.0,0.0,0.0,0.0
2019-01-16,8,0,68,5.42,5.42,0.0,29.238016,0.0
2019-01-16,8,0,69,0.0,0.0,0.0,0.0,0.0
2019-01-16,8,0,74,2.61,2.61,0.0,40.9416,0.0
2019-01-16,8,0,77,127.38,127.38,0.0,800.564023,0.0
2019-01-16,8,0,78,96.18,96.18,0.0,604.476745,0.0
2019-01-16,8,0,79,55.48,55.48,0.0,348.683404,0.0
2019-01-16,8,0,80,89.98,89.98,0.0,565.510683,0.0
2019-01-16,8,0,81,117.79,117.79,0.0,740.292324,0.0
2019-01-16,8,0,82,82.95,82.95,0.0,521.328197,0.0
2019-01-16,8,0,83,185.57,185.57,0.0,1166.279367,0.0
2019-01-16,8,0,84,0.0,0.0,0.0,0.0,0.0
2019-01-16,8,0,86,0.0,0.0,0.0,0.0,0.0
2019-01-16,8,0,87,0.0,0.0,0.0,0.0,0.0
2019-01-16,8,0,88,119.69,119.69,0.0,752.233537,0.0
2019-01-16,8,0,89,115.51,115.51,0.0,725.962869,0.0
2019-01-16,8,0,90,150.71,150.71,0.0,947.189542,0.0
2019-01-16,8,0,91,472.46,472.46,0.0,2969.3396,0.0
2019-01-16,8,0,92,189.05,189.05,0.0,1188.15064,0.0
2019-01-16,8,0,95,23.39,23.39,0.0,597.844177,0.0
2019-01-16,8,0,96,12.82,12.82,0.0,128.041062,0.0
2019-01-16,8,0,97,78.82,78.82,0.0,787.222816,0.0
2019-01-16,8,0,99,0.5,0.5,0.0,7.843218,0.0
2019-01-16,8,0,101,0.0,0.0,0.0,0.0,0.0
2019-01-16,8,0,102,12.84,12.84,0.0,69.264967,0.0
2019-01-16,8,0,103,11.17,11.17,0.0,60.256206,0.0
2019-01-16,8,0,104,2.07,2.07,0.0,11.166548,0.0
2019-01-16,8,0,106,0.0,0.0,0.0,0.0,0.0
2019-01-16,8,0,109,53.56,53.56,0.0,717.99112,0.0
2019-01-16,8,0,110,42.96,42.96,0.0,98.331676,0.0
2019-01-16,8,0,111,0.0,0.0,0.0,0.0,0.0
2019-01-16,8,0,113,68.63,68.63,0.0,384.779764,0.0
2019-01-16,8,0,115,68.63,68.63,0.0,384.779764,0.0
2019-01-16,8,0,116,0.0,0.0,0.0,0.0,0.0
2019-01-16,8,0,117,3.55,3.55,0.0,19.903368,0.0
2019-01-16,8,0,119,64.48,64.48,0.0,1753.154458,0.0
2019-01-16,8,0,120,38.04,38.04,0.0,1034.274125,0.0
2019-01-16,8,0,123,0.0,0.0,0.0,0.0,0.0
2019-01-16,8,0,125,93.76,93.76,0.0,944.034412,0.0
2019-01-16,8,0,126,0.0,0.0,0.0,0.0,0.0
2019-01-16,8,0,127,0.0,0.0,0.0,0.0,0.0
2019-01-16,8,0,128,134.29,134.29,0.0,1352.115841,0.0
2019-01-16,8,0,131,20.1,20.1,0.0,112.532595,0.0
2019-01-16,8,0,132,29.54,29.54,0.0,165.383724,0.0
2019-01-16,8,0,133,3.44,3.44,0.0,61.192221,0.0
2019-01-16,8,0,134,0.0,0.0,0.0,0.0,0.0
2019-01-16,8,0,135,4.61,4.61,0.0,82.004691,0.0
2019-01-16,8,0,136,0.0,0.0,0.0,0.0,0.0
2019-01-16,8,0,139,4.54,4.54,0.0,55.597023,0.0
2019-01-16,8,0,140,31.8,31.8,0.0,72.787414,0.0
2019-01-16,8,0,141,127.42,127.42,0.0,589.95322,0.0
2019-01-16,8,0,142,0.0,0.0,0.0,0.0,0.0
2019-01-16,8,0,143,2.19,2.19,0.0,21.963527,0.0
2019-01-16,8,0,145,8.2,8.2,0.0,92.531959,0.0
2019-01-16,8,0,146,34.49,34.49,0.0,78.944588,0.0
2019-01-16,8,0,152,0.0,0.0,0.0,0.0,0.0
2019-01-16,8,0,153,0.0,0.0,0.0,0.0,0.0
2019-01-16,8,0,154,0.0,0.0,0.0,0.0,0.0
2019-01-16,8,0,157,116.66,116.66,0.0,540.134537,0.0
2019-01-16,8,0,158,0.0,0.0,0.0,0.0,0.0
2019-01-16,8,0,159,0.0,0.0,0.0,0.0,0.0
2019-01-16,8,0,160,0.0,0.0,0.0,0.0,0.0
2019-01-16,8,0,161,0.0,0.0,0.0,0.0,0.0
2019-01-16,8,0,162,17.12,17.12,0.0,437.999306,0.0
2019-01-16,8,0,163,71.98,71.98,0.0,164.755913,0.0
2019-01-16,8,0,164,0.0,0.0,0.0,0.0,0.0
2019-01-16,8,0,167,0.0,0.0,0.0,0.0,0.0
2019-01-16,8,0,168,0.0,0.0,0.0,0.0,0.0
2019-01-16,8,0,169,0.0,0.0,0.0,0.0,0.0
2019-01-16,8,0,170,0.0,0.0,0.0,0.0,0.0
2019-01-16,8,0,172,0.0,0.0,0.0,0.0,0.0
2019-01-16,8,0,173,0.0,0.0,0.0,0.0,0.0
2019-01-16,8,0,188,0.0,0.0,0.0,0.0,0.0
2019-01-16,8,0,190,0.0,0.0,0.0,0.0,0.0
2019-01-16,8,0,191,0.0,0.0,0.0,0.0,0.0
2019-01-16,8,0,192,50.8,50.8,0.0,1381.207296,0.0
2019-01-16,8,0,194,176.5,176.5,0.0,978.304115,0.0
2019-01-16,8,0,196,0.0,0.0,0.0,0.0,0.0
2019-01-16,8,0,198,0.0,0.0,0.0,0.0,0.0
2019-01-16,8,0,199,8.77,8.77,0.0,94.16029,0.0
2019-01-16,8,0,200,0.0,0.0,0.0,0.0,0.0
2019-01-16,8,0,204,234.67,234.67,0.0,3097.102852,0.0
2019-01-16,8,0,205,283.35,283.35,0.0,3798.408958,0.0
2019-01-16,8,0,206,231.62,231.62,0.0,2313.328453,0.0
2019-01-16,8,0,210,0.0,0.0,0.0,0.0,0.0
2019-01-16,8,0,214,0.0,0.0,0.0,0.0,0.0
2019-01-16,8,0,217,0.0,0.0,0.0,0.0,0.0
2019-01-16,8,0,218,0.0,0.0,0.0,0.0,0.0
2019-01-16,8,0,219,0.0,0.0,0.0,0.0,0.0
2019-01-16,8,0,221,0.0,0.0,0.0,0.0,0.0
2019-01-16,8,0,225,0.0,0.0,0.0,0.0,0.0
2019-01-16,8,0,233,0.0,0.0,0.0,0.0,0.0
2019-01-16,8,0,236,9.07,9.07,0.0,151.976956,0.0
2019-01-16,8,0,237,6.26,6.26,0.0,98.197095,0.0
2019-01-16,8,0,238,0.0,0.0,0.0,0.0,0.0
2019-01-16,8,0,240,0.0,0.0,0.0,0.0,0.0
2019-01-16,8,0,245,1.55,1.55,0.0,27.9841,0.0
2019-01-16,8,0,247,0.0,0.0,0.0,0.0,0.0
2019-01-16,8,0,248,0.63,0.63,0.0,9.882455,0.0
2019-01-16,8,0,249,2.97,2.97,0.0,53.621146,0.0
2019-01-16,8,0,251,0.0,0.0,0.0,0.0,0.0
2019-01-16,8,0,252,0.0,0.0,0.0,0.0,0.0
2019-01-16,8,0,254,0.0,0.0,0.0,0.0,0.0
2019-01-16,8,0,255,0.0,0.0,0.0,0.0,0.0
2019-01-16,8,0,258,0.0,0.0,0.0,0.0,0.0
2019-01-16,8,0,260,0.0,0.0,0.0,0.0,0.0
2019-01-16,8,0,265,0.0,0.0,0.0,0.0,0.0
2019-01-16,8,0,266,2.94,2.94,0.0,36.003358,0.0
2019-01-16,8,0,267,3.61,3.61,0.0,44.208205,0.0
2019-01-16,8,0,270,224.79,224.79,0.0,514.524614,0.0
2019-01-16,8,0,272,237.61,237.61,0.0,1332.180093,0.0
2019-01-16,8,0,273,0.0,0.0,0.0,0.0,0.0
2019-01-16,8,0,274,289.78,289.78,0.0,663.28103,0.0
2019-01-16,8,0,275,403.37,403.37,0.0,923.278587,0.0
2019-01-16,8,0,276,0.0,0.0,0.0,0.0,0.0
2019-01-16,8,0,277,0.0,0.0,0.0,0.0,0.0
2019-01-16,8,0,278,0.0,0.0,0.0,0.0,0.0
2019-01-16,8,0,279,147.12,147.12,0.0,864.846452,0.0
2019-01-16,8,0,281,0.6,0.6,0.0,6.017405,0.0
2019-01-16,8,0,282,0.0,0.0,0.0,0.0,0.0
2019-01-16,9,0,9,0.12,0.12,0.0,1.368189,0.0
2019-01-16,9,0,17,2.05,2.05,0.0,40.897677,0.0
2019-01-16,9,0,19,64.22,64.22,0.0,1281.194544,0.0
2019-01-16,9,0,20,79.74,79.74,0.0,1590.819884,0.0
2019-01-16,9,0,21,2.65,2.65,0.0,30.214172,0.0
2019-01-16,9,0,22,9.43,9.43,0.0,107.516847,0.0
2019-01-16,9,0,23,74.23,74.23,0.0,846.338869,0.0
2019-01-16,9,0,24,131.34,131.34,0.0,1497.482784,0.0
2019-01-16,9,0,29,0.53,0.53,0.0,4.261149,0.0
2019-01-16,9,0,30,18.38,18.38,0.0,208.756315,0.0
2019-01-16,9,0,31,2.6,2.6,0.0,29.530273,0.0
2019-01-16,9,0,32,0.55,0.55,0.0,12.643941,0.0
2019-01-16,9,0,33,0.12,0.12,0.0,2.639897,0.0
2019-01-16,9,0,34,0.19,0.19,0.0,4.179837,0.0
2019-01-16,9,0,35,0.19,0.19,0.0,4.179837,0.0
2019-01-16,9,0,36,0.72,0.72,0.0,11.65754,0.0
2019-01-16,9,0,37,0.26,0.26,0.0,4.174148,0.0
2019-01-16,9,0,38,0.34,0.34,0.0,5.458502,0.0
2019-01-16,9,0,39,0.23,0.23,0.0,3.692516,0.0
2019-01-16,9,0,40,0.23,0.23,0.0,3.692516,0.0
2019-01-16,9,0,41,2.35,2.35,0.0,32.45247,0.0
2019-01-16,9,0,42,6.21,6.21,0.0,121.131781,0.0
2019-01-16,9,0,43,2.54,2.54,0.0,40.738627,0.0
2019-01-16,9,0,46,3.07,3.07,0.0,47.573849,0.0
2019-01-16,9,0,52,2.76,2.76,0.0,31.347521,0.0
2019-01-16,9,0,53,4.41,4.41,0.0,50.087886,0.0
2019-01-16,9,0,55,57.64,57.64,0.0,657.18675,0.0
2019-01-16,9,0,56,5.42,5.42,0.0,61.559262,0.0
2019-01-16,9,0,57,5.16,5.16,0.0,58.606234,0.0
2019-01-16,9,0,58,9.92,9.92,0.0,112.66935,0.0
2019-01-16,9,0,59,9.75,9.75,0.0,110.738524,0.0
2019-01-16,9,0,63,31.84,31.84,0.0,865.701581,0.0
2019-01-16,9,0,64,37.46,37.46,0.0,1018.504435,0.0
2019-01-16,9,0,65,0.0,0.0,0.0,0.0,0.0
2019-01-16,9,0,67,8.66,8.66,0.0,-65.824884,0.0
2019-01-16,9,0,68,12.35,12.35,0.0,4.126611,0.0
2019-01-16,9,0,69,0.12,0.12,0.0,2.639897,0.0
2019-01-16,9,0,74,2.0,2.0,0.0,35.242043,0.0
2019-01-16,9,0,77,57.74,57.74,0.0,416.945866,0.0
2019-01-16,9,0,78,43.65,43.65,0.0,315.200676,0.0
2019-01-16,9,0,79,25.26,25.26,0.0,182.40479,0.0
2019-01-16,9,0,80,40.85,40.85,0.0,294.981618,0.0
2019-01-16,9,0,81,53.41,53.41,0.0,385.678537,0.0
2019-01-16,9,0,82,37.68,37.68,0.0,272.090756,0.0
2019-01-16,9,0,83,84.02,84.02,0.0,606.71617,0.0
2019-01-16,9,0,84,0.0,0.0,0.0,0.0,0.0
2019-01-16,9,0,86,0.61,0.61,0.0,13.419477,0.0
2019-01-16,9,0,87,3.13,3.13,0.0,68.857314,0.0
2019-01-16,9,0,88,155.83,155.83,0.0,1125.262804,0.0
2019-01-16,9,0,89,148.85,148.85,0.0,1074.859581,0.0
2019-01-16,9,0,90,208.93,208.93,0.0,1508.702803,0.0
2019-01-16,9,0,91,785.09,785.09,0.0,5669.20731,0.0
2019-01-16,9,0,92,276.23,276.23,0.0,1994.682311,0.0
2019-01-16,9,0,95,24.25,24.25,0.0,561.371367,0.0
2019-01-16,9,0,96,14.81,14.81,0.0,167.531401,0.0
2019-01-16,9,0,97,91.06,91.06,0.0,1030.07491,0.0
2019-01-16,9,0,99,0.39,0.39,0.0,6.872198,0.0
2019-01-16,9,0,101,0.37,0.37,0.0,4.202385,0.0
2019-01-16,9,0,102,29.2,29.2,0.0,9.756846,0.0
2019-01-16,9,0,103,25.39,25.39,0.0,8.483778,0.0
2019-01-16,9,0,104,4.74,4.74,0.0,1.583817,0.0
2019-01-16,9,0,106,9.29,9.29,0.0,105.920626,0.0
2019-01-16,9,0,109,63.3,63.3,0.0,955.003136,0.0
2019-01-16,9,0,110,30.14,30.14,0.0,-961.496825,0.0
2019-01-16,9,0,111,1.51,1.51,0.0,20.852438,0.0
2019-01-16,9,0,113,52.54,52.54,0.0,415.869653,0.0
2019-01-16,9,0,115,52.54,52.54,0.0,415.869653,0.0
2019-01-16,9,0,116,6.22,6.22,0.0,-198.424361,0.0
2019-01-16,9,0,117,3.57,3.57,0.0,28.257607,0.0
2019-01-16,9,0,119,37.46,37.46,0.0,1018.504435,0.0
2019-01-16,9,0,120,22.03,22.03,0.0,598.976314,0.0
2019-01-16,9,0,123,0.15,0.15,0.0,1.710236,0.0
2019-01-16,9,0,125,118.85,118.85,0.0,1355.07712,0.0
2019-01-16,9,0,126,6.96,6.96,0.0,79.354958,0.0
2019-01-16,9,0,127,8.94,8.94,0.0,101.930075,0.0
2019-01-16,9,0,128,170.23,170.23,0.0,1940.890013,0.0
2019-01-16,9,0,131,23.93,23.93,0.0,58.709302,0.0
2019-01-16,9,0,132,35.18,35.18,0.0,86.309788,0.0
2019-01-16,9,0,133,1.88,1.88,0.0,37.520777,0.0
2019-01-16,9,0,134,0.0,0.0,0.0,0.0,0.0
2019-01-16,9,0,135,2.52,2.52,0.0,50.293807,0.0
2019-01-16,9,0,136,0.0,0.0,0.0,0.0,0.0
2019-01-16,9,0,139,3.04,3.04,0.0,41.981068,0.0
2019-01-16,9,0,140,22.3,22.3,0.0,-711.392807,0.0
2019-01-16,9,0,141,156.38,156.38,0.0,-1188.648425,0.0
2019-01-16,9,0,142,11.43,11.43,0.0,-86.879726,0.0
2019-01-16,9,0,143,3.68,3.68,0.0,41.796694,0.0
2019-01-16,9,0,145,10.61,10.61,0.0,135.217927,0.0
2019-01-16,9,0,146,36.46,36.46,0.0,-1163.111288,0.0
2019-01-16,9,0,152,0.46,0.46,0.0,8.078563,0.0
2019-01-16,9,0,153,0.58,0.58,0.0,10.122911,0.0
2019-01-16,9,0,154,6.25,6.25,0.0,86.309761,0.0
2019-01-16,9,0,157,129.68,129.68,0.0,-985.701035,0.0
2019-01-16,9,0,158,0.0,0.0,0.0,-0.0,0.0
2019-01-16,9,0,159,0.0,0.0,0.0,0.0,0.0
2019-01-16,9,0,160,0.2,0.2,0.0,3.251297,0.0
2019-01-16,9,0,161,2.57,2.57,0.0,0.858736,0.0
2019-01-16,9,0,162,19.22,19.22,0.0,445.803388,0.0
2019-01-16,9,0,163,94.3,94.3,0.0,-3008.266442,0.0
2019-01-16,9,0,164,0.46,0.46,0.0,5.224587,0.0
2019-01-16,9,0,167,0.66,0.66,0.0,15.200739,0.0
2019-01-16,9,0,168,0.33,0.33,0.0,7.60037,0.0
2019-01-16,9,0,169,0.0,0.0,0.0,0.0,0.0
2019-01-16,9,0,170,0.73,0.73,0.0,16.812939,0.0
2019-01-16,9,0,172,0.89,0.89,0.0,19.316181,0.0
2019-01-16,9,0,173,1.36,1.36,0.0,29.516861,0.0
2019-01-16,9,0,188,1.1,1.1,0.0,24.463309,0.0
2019-01-16,9,0,190,0.59,0.59,0.0,16.041581,0.0
2019-01-16,9,0,191,1.51,1.51,0.0,41.055571,0.0
2019-01-16,9,0,192,53.0,53.0,0.0,1441.02336,0.0
2019-01-16,9,0,194,130.37,130.37,0.0,1886.401638,0.0
2019-01-16,9,0,196,0.41,0.41,0.0,14.550576,0.0
2019-01-16,9,0,198,0.92,0.92,0.0,14.530712,0.0
2019-01-16,9,0,199,9.64,9.64,0.0,138.009508,0.0
2019-01-16,9,0,200,2.25,2.25,0.0,32.211763,0.0
2019-01-16,9,0,204,167.05,167.05,0.0,2481.787655,0.0
2019-01-16,9,0,205,356.5,356.5,0.0,5378.493177,0.0
2019-01-16,9,0,206,267.59,267.59,0.0,3026.990392,0.0
2019-01-16,9,0,210,0.22,0.22,0.0,1.946198,0.0
2019-01-16,9,0,214,0.72,0.72,0.0,16.71435,0.0
2019-01-16,9,0,217,0.6,0.6,0.0,10.168214,0.0
2019-01-16,9,0,218,0.83,0.83,0.0,14.066029,0.0
2019-01-16,9,0,219,0.56,0.56,0.0,9.490333,0.0
2019-01-16,9,0,221,0.38,0.38,0.0,8.821462,0.0
2019-01-16,9,0,225,0.46,0.46,0.0,3.66253,0.0
2019-01-16,9,0,233,0.35,0.35,0.0,7.6997,0.0
2019-01-16,9,0,236,5.47,5.47,0.0,102.887936,0.0
2019-01-16,9,0,237,4.79,4.79,0.0,84.404692,0.0
2019-01-16,9,0,238,8.09,8.09,0.0,157.802916,0.0
2019-01-16,9,0,240,0.82,0.82,0.0,13.276643,0.0
2019-01-16,9,0,245,0.0,0.0,0.0,0.0,0.0
2019-01-16,9,0,247,0.0,0.0,0.0,0.0,0.0
2019-01-16,9,0,248,0.48,0.48,0.0,8.45809,0.0
2019-01-16,9,0,249,0.0,0.0,0.0,0.0,0.0
2019-01-16,9,0,251,0.0,0.0,0.0,0.0,0.0
2019-01-16,9,0,252,0.0,0.0,0.0,0.0,0.0
2019-01-16,9,0,254,0.93,0.93,0.0,14.966905,0.0
2019-01-16,9,0,255,0.42,0.42,0.0,6.759248,0.0
2019-01-16,9,0,258,1.15,1.15,0.0,18.591413,0.0
2019-01-16,9,0,260,0.48,0.48,0.0,7.803112,0.0
2019-01-16,9,0,265,6.47,6.47,0.0,89.347865,0.0
2019-01-16,9,0,266,1.97,1.97,0.0,27.204837,0.0
2019-01-16,9,0,267,2.42,2.42,0.0,33.41914,0.0
2019-01-16,9,0,270,294.51,294.51,0.0,-9395.1702,0.0
2019-01-16,9,0,272,175.32,175.32,0.0,1387.7097,0.0
2019-01-16,9,0,273,1.49,1.49,0.0,-47.532524,0.0
2019-01-16,9,0,274,379.66,379.66,0.0,-12111.542285,0.0
2019-01-16,9,0,275,528.49,528.49,0.0,-16859.371495,0.0
2019-01-16,9,0,276,0.35,0.35,0.0,-9.266371,0.0
2019-01-16,9,0,277,0.5,0.5,0.0,3.818489,0.0
2019-01-16,9,0,278,0.79,0.79,0.0,6.033213,0.0
2019-01-16,9,0,279,185.2,185.2,0.0,1414.368424,0.0
2019-01-16,9,0,281,1.16,1.16,0.0,13.175045,0.0
2019-01-16,9,0,282,10.08,10.08,0.0,114.486597,0.0
2019-01-16,10,0,9,1.09,1.09,0.0,12.136545,0.0
2019-01-16,10,0,17,6.62,6.62,0.0,98.120299,0.0
2019-01-16,10,0,19,30.69,30.69,0.0,454.880965,0.0
2019-01-16,10,0,20,38.03,38.03,0.0,563.672959,0.0
2019-01-16,10,0,21,24.98,24.98,0.0,278.13844,0.0
2019-01-16,10,0,22,88.77,88.77,0.0,988.404696,0.0
2019-01-16,10,0,23,93.37,93.37,0.0,1039.623143,0.0
2019-01-16,10,0,24,165.19,165.19,0.0,1839.298994,0.0
2019-01-16,10,0,29,1.17,1.17,0.0,10.11072,0.0
2019-01-16,10,0,30,203.81,203.81,0.0,2265.610662,0.0
2019-01-16,10,0,31,9.52,9.52,0.0,105.827062,0.0
2019-01-16,10,0,32,2.13,2.13,0.0,37.82227,0.0
2019-01-16,10,0,33,0.32,0.32,0.0,5.037927,0.0
2019-01-16,10,0,34,0.51,0.51,0.0,8.029196,0.0
2019-01-16,10,0,35,0.51,0.51,0.0,8.029196,0.0
2019-01-16,10,0,36,2.82,2.82,0.0,36.935244,0.0
2019-01-16,10,0,37,1.03,1.03,0.0,13.421707,0.0
2019-01-16,10,0,38,1.32,1.32,0.0,17.200634,0.0
2019-01-16,10,0,39,0.88,0.88,0.0,11.467089,0.0
2019-01-16,10,0,40,0.88,0.88,0.0,11.467089,0.0
2019-01-16,10,0,41,1.85,1.85,0.0,22.466768,0.0
2019-01-16,10,0,42,15.81,15.81,0.0,231.173823,0.0
2019-01-16,10,0,43,9.18,9.18,0.0,119.27092,0.0
2019-01-16,10,0,46,10.32,10.32,0.0,132.005228,0.0
2019-01-16,10,0,52,10.1,10.1,0.0,112.274509,0.0
2019-01-16,10,0,53,16.11,16.11,0.0,179.0834,0.0
2019-01-16,10,0,55,75.59,75.59,0.0,841.652709,0.0
2019-01-16,10,0,56,60.12,60.12,0.0,668.311236,0.0
2019-01-16,10,0,57,57.18,57.18,0.0,635.629349,0.0
2019-01-16,10,0,58,109.97,109.97,0.0,1222.458194,0.0
2019-01-16,10,0,59,108.14,108.14,0.0,1202.115387,0.0
2019-01-16,10,0,63,34.78,34.78,0.0,620.794716,0.0
2019-01-16,10,0,64,40.91,40.91,0.0,730.21023,0.0
2019-01-16,10,0,65,0.0,0.0,0.0,0.0,0.0
2019-01-16,10,0,67,111.09,111.09,0.0,1284.536291,0.0
2019-01-16,10,0,68,26.45,26.45,0.0,272.987431,0.0
2019-01-16,10,0,69,0.32,0.32,0.0,5.037927,0.0
2019-01-16,10,0,74,2.66,2.66,0.0,36.652203,0.0
2019-01-16,10,0,77,60.0,60.0,0.0,564.176128,0.0
2019-01-16,10,0,78,45.36,45.36,0.0,426.517153,0.0
2019-01-16,10,0,79,26.25,26.25,0.0,246.827056,0.0
2019-01-16,10,0,80,42.45,42.45,0.0,399.154611,0.0
2019-01-16,10,0,81,55.5,55.5,0.0,521.862918,0.0
2019-01-16,10,0,82,39.15,39.15,0.0,368.124924,0.0
2019-01-16,10,0,83,87.3,87.3,0.0,820.876266,0.0
2019-01-16,10,0,84,0.0,0.0,0.0,0.0,0.0
2019-01-16,10,0,86,1.62,1.62,0.0,25.504504,0.0
2019-01-16,10,0,87,8.25,8.25,0.0,129.884047,0.0
2019-01-16,10,0,88,103.48,103.48,0.0,973.015762,0.0
2019-01-16,10,0,89,99.0,99.0,0.0,930.890611,0.0
2019-01-16,10,0,90,137.47,137.47,0.0,1292.621539,0.0
2019-01-16,10,0,91,509.29,509.29,0.0,4788.821004,0.0
2019-01-16,10,0,92,180.45,180.45,0.0,1696.759705,0.0
2019-01-16,10,0,95,62.12,62.12,0.0,1099.885526,0.0
2019-01-16,10,0,96,17.4,17.4,0.0,193.09323,0.0
2019-01-16,10,0,97,106.99,106.99,0.0,1187.301416,0.0
2019-01-16,10,0,99,0.55,0.55,0.0,7.578463,0.0
2019-01-16,10,0,101,4.11,4.11,0.0,45.687944,0.0
2019-01-16,10,0,102,62.62,62.62,0.0,646.293874,0.0
2019-01-16,10,0,103,54.45,54.45,0.0,561.972236,0.0
2019-01-16,10,0,104,10.11,10.11,0.0,104.344156,0.0
2019-01-16,10,0,106,87.39,87.39,0.0,973.039161,0.0
2019-01-16,10,0,109,73.76,73.76,0.0,933.384361,0.0
2019-01-16,10,0,110,21.31,21.31,0.0,327.467451,0.0
2019-01-16,10,0,111,7.18,7.18,0.0,87.195348,0.0
2019-01-16,10,0,113,118.52,118.52,0.0,1039.236696,0.0
2019-01-16,10,0,115,118.52,118.52,0.0,1039.236696,0.0
2019-01-16,10,0,116,44.87,44.87,0.0,689.510303,0.0
2019-01-16,10,0,117,7.9,7.9,0.0,69.270755,0.0
2019-01-16,10,0,119,40.91,40.91,0.0,730.21023,0.0
2019-01-16,10,0,120,24.06,24.06,0.0,429.451433,0.0
2019-01-16,10,0,123,1.46,1.46,0.0,16.25629,0.0
2019-01-16,10,0,125,149.49,149.49,0.0,1664.488205,0.0
2019-01-16,10,0,126,65.54,65.54,0.0,729.751535,0.0
2019-01-16,10,0,127,84.11,84.11,0.0,936.518181,0.0
2019-01-16,10,0,128,214.11,214.11,0.0,2383.996051,0.0
2019-01-16,10,0,131,38.13,38.13,0.0,380.886257,0.0
2019-01-16,10,0,132,61.52,61.52,0.0,614.532456,0.0
2019-01-16,10,0,133,1.13,1.13,0.0,16.752583,0.0
2019-01-16,10,0,134,0.0,0.0,0.0,0.0,0.0
2019-01-16,10,0,135,1.52,1.52,0.0,22.534447,0.0
2019-01-16,10,0,136,0.0,0.0,0.0,0.0,0.0
2019-01-16,10,0,139,2.39,2.39,0.0,29.024635,0.0
2019-01-16,10,0,140,15.77,15.77,0.0,242.335134,0.0
2019-01-16,10,0,141,190.82,190.82,0.0,2206.456162,0.0
2019-01-16,10,0,142,146.5,146.5,0.0,1693.982957,0.0
2019-01-16,10,0,143,6.44,6.44,0.0,71.588895,0.0
2019-01-16,10,0,145,25.42,25.42,0.0,297.118795,0.0
2019-01-16,10,0,146,38.0,38.0,0.0,583.940082,0.0
2019-01-16,10,0,152,1.51,1.51,0.0,20.754343,0.0
2019-01-16,10,0,153,1.85,1.85,0.0,25.336603,0.0
2019-01-16,10,0,154,29.64,29.64,0.0,359.954054,0.0
2019-01-16,10,0,157,143.78,143.78,0.0,1662.531532,0.0
2019-01-16,10,0,158,93.84,93.84,0.0,1085.074134,0.0
2019-01-16,10,0,159,0.0,0.0,0.0,0.0,0.0
2019-01-16,10,0,160,0.62,0.62,0.0,8.064732,0.0
2019-01-16,10,0,161,22.29,22.29,0.0,230.052546,0.0
2019-01-16,10,0,162,40.45,40.45,0.0,716.417987,0.0
2019-01-16,10,0,163,67.83,67.83,0.0,1042.333047,0.0
2019-01-16,10,0,164,7.41,7.41,0.0,82.371694,0.0
2019-01-16,10,0,167,2.42,2.42,0.0,42.851802,0.0
2019-01-16,10,0,168,1.21,1.21,0.0,21.425901,0.0
2019-01-16,10,0,169,0.0,0.0,0.0,0.0,0.0
2019-01-16,10,0,170,2.64,2.64,0.0,46.74742,0.0
2019-01-16,10,0,172,3.23,3.23,0.0,54.950733,0.0
2019-01-16,10,0,173,4.93,4.93,0.0,83.872171,0.0
2019-01-16,10,0,188,4.45,4.45,0.0,77.629715,0.0
2019-01-16,10,0,190,3.59,3.59,0.0,64.07858,0.0
2019-01-16,10,0,191,9.28,9.28,0.0,165.640453,0.0
2019-01-16,10,0,192,56.32,56.32,0.0,1005.266198,0.0
2019-01-16,10,0,194,52.95,52.95,0.0,383.986701,0.0
2019-01-16,10,0,196,2.53,2.53,0.0,42.822519,0.0
2019-01-16,10,0,198,1.9,1.9,0.0,23.971403,0.0
2019-01-16,10,0,199,10.54,10.54,0.0,107.779246,0.0
2019-01-16,10,0,200,5.98,5.98,0.0,61.149895,0.0
2019-01-16,10,0,204,112.61,112.61,0.0,1413.684938,0.0
2019-01-16,10,0,205,435.61,435.61,0.0,5512.35848,0.0
2019-01-16,10,0,206,314.39,314.39,0.0,3488.883934,0.0
2019-01-16,10,0,210,0.41,0.41,0.0,3.699972,0.0
2019-01-16,10,0,214,1.73,1.73,0.0,28.182295,0.0
2019-01-16,10,0,217,1.26,1.26,0.0,16.531,0.0
2019-01-16,10,0,218,1.74,1.74,0.0,22.828524,0.0
2019-01-16,10,0,219,1.19,1.19,0.0,15.612611,0.0
2019-01-16,10,0,221,0.93,0.93,0.0,15.15002,0.0
2019-01-16,10,0,225,1.03,1.03,0.0,8.862825,0.0
2019-01-16,10,0,233,0.91,0.91,0.0,14.326604,0.0
2019-01-16,10,0,236,0.0,0.0,0.0,0.0,0.0
2019-01-16,10,0,237,6.21,6.21,0.0,85.567736,0.0
2019-01-16,10,0,238,20.57,20.57,0.0,300.774544,0.0
2019-01-16,10,0,240,3.19,3.19,0.0,41.781357,0.0
2019-01-16,10,0,245,0.0,0.0,0.0,0.0,0.0
2019-01-16,10,0,247,0.0,0.0,0.0,0.0,0.0
2019-01-16,10,0,248,0.68,0.68,0.0,9.369736,0.0
2019-01-16,10,0,249,0.0,0.0,0.0,0.0,0.0
2019-01-16,10,0,251,0.0,0.0,0.0,0.0,0.0
2019-01-16,10,0,252,0.0,0.0,0.0,0.0,0.0
2019-01-16,10,0,254,2.44,2.44,0.0,31.710919,0.0
2019-01-16,10,0,255,1.12,1.12,0.0,14.555832,0.0
2019-01-16,10,0,258,4.28,4.28,0.0,55.985075,0.0
2019-01-16,10,0,260,1.5,1.5,0.0,19.511448,0.0
2019-01-16,10,0,265,30.68,30.68,0.0,372.58402,0.0
2019-01-16,10,0,266,1.55,1.55,0.0,18.823508,0.0
2019-01-16,10,0,267,1.91,1.91,0.0,23.19542,0.0
2019-01-16,10,0,270,211.73,211.73,0.0,3253.621938,0.0
2019-01-16,10,0,272,396.11,396.11,0.0,3473.270735,0.0
2019-01-16,10,0,273,10.73,10.73,0.0,164.886239,0.0
2019-01-16,10,0,274,272.93,272.93,0.0,4194.072807,0.0
2019-01-16,10,0,275,379.9,379.9,0.0,5837.864139,0.0
2019-01-16,10,0,276,2.46,2.46,0.0,35.713127,0.0
2019-01-16,10,0,277,3.04,3.04,0.0,27.429389,0.0
2019-01-16,10,0,278,4.87,4.87,0.0,43.94116,0.0
2019-01-16,10,0,279,230.17,230.17,0.0,2076.783739,0.0
2019-01-16,10,0,281,4.25,4.25,0.0,47.244224,0.0
2019-01-16,10,0,282,111.8,111.8,0.0,1242.801001,0.0
2019-01-16,11,0,9,1.86,1.86,0.0,11.02844,0.0
2019-01-16,11,0,17,10.12,10.12,0.0,139.912396,0.0
2019-01-16,11,0,19,5.43,5.43,0.0,75.071572,0.0
2019-01-16,11,0,20,6.58,6.58,0.0,90.970708,0.0
2019-01-16,11,0,21,42.51,42.51,0.0,252.05322,0.0
2019-01-16,11,0,22,151.07,151.07,0.0,895.734648,0.0
2019-01-16,11,0,23,55.69,55.69,0.0,330.200983,0.0
2019-01-16,11,0,24,98.5,98.5,0.0,584.032984,0.0
2019-01-16,11,0,29,1.74,1.74,0.0,9.681128,0.0
2019-01-16,11,0,30,350.89,350.89,0.0,2065.663425,0.0
2019-01-16,11,0,31,14.45,14.45,0.0,85.066079,0.0
2019-01-16,11,0,32,3.3,3.3,0.0,175.218402,0.0
2019-01-16,11,0,33,0.49,0.49,0.0,7.653061,0.0
2019-01-16,11,0,34,0.78,0.78,0.0,12.182424,0.0
2019-01-16,11,0,35,0.78,0.78,0.0,12.182424,0.0
2019-01-16,11,0,36,4.37,4.37,0.0,46.423045,0.0
2019-01-16,11,0,37,1.59,1.59,0.0,16.723109,0.0
2019-01-16,11,0,38,2.05,2.05,0.0,21.561241,0.0
2019-01-16,11,0,39,1.36,1.36,0.0,14.304043,0.0
2019-01-16,11,0,40,1.36,1.36,0.0,14.304043,0.0
2019-01-16,11,0,41,4.36,4.36,0.0,35.880401,0.0
2019-01-16,11,0,42,24.48,24.48,0.0,328.928997,0.0
2019-01-16,11,0,43,14.21,14.21,0.0,150.430848,0.0
2019-01-16,11,0,46,16.12,16.12,0.0,161.187879,0.0
2019-01-16,11,0,52,15.36,15.36,0.0,90.423182,0.0
2019-01-16,11,0,53,25.01,25.01,0.0,147.232016,0.0
2019-01-16,11,0,55,215.51,215.51,0.0,1277.816734,0.0
2019-01-16,11,0,56,103.5,103.5,0.0,609.296829,0.0
2019-01-16,11,0,57,98.45,98.45,0.0,579.567854,0.0
2019-01-16,11,0,58,189.33,189.33,0.0,1114.571678,0.0
2019-01-16,11,0,59,186.18,186.18,0.0,1096.027862,0.0
2019-01-16,11,0,63,44.28,44.28,0.0,5394.800885,0.0
2019-01-16,11,0,64,52.09,52.09,0.0,6346.322902,0.0
2019-01-16,11,0,65,0.0,0.0,0.0,0.0,0.0
2019-01-16,11,0,67,192.8,192.8,0.0,-106596.420854,0.0
2019-01-16,11,0,68,31.38,31.38,0.0,-12767.923111,0.0
2019-01-16,11,0,69,0.49,0.49,0.0,7.653061,0.0
2019-01-16,11,0,74,0.0,0.0,0.0,0.0,0.0
2019-01-16,11,0,77,60.0,60.0,0.0,-17103.158912,0.0
2019-01-16,11,0,78,45.36,45.36,0.0,-12929.988138,0.0
2019-01-16,11,0,79,26.25,26.25,0.0,-7482.632024,0.0
2019-01-16,11,0,80,42.45,42.45,0.0,-12100.484931,0.0
2019-01-16,11,0,81,55.5,55.5,0.0,-15820.421994,0.0
2019-01-16,11,0,82,39.15,39.15,0.0,-11159.81119,0.0
2019-01-16,11,0,83,87.3,87.3,0.0,-24885.096218,0.0
2019-01-16,11,0,84,0.0,0.0,0.0,0.0,0.0
2019-01-16,11,0,86,2.46,2.46,0.0,38.421491,0.0
2019-01-16,11,0,87,12.56,12.56,0.0,196.168263,0.0
2019-01-16,11,0,88,51.18,51.18,0.0,-14588.994552,0.0
2019-01-16,11,0,89,49.2,49.2,0.0,-14024.590308,0.0
2019-01-16,11,0,90,66.06,66.06,0.0,-18830.577963,0.0
2019-01-16,11,0,91,235.65,235.65,0.0,-67172.656629,0.0
2019-01-16,11,0,92,84.75,84.75,0.0,-24158.211964,0.0
2019-01-16,11,0,95,91.58,91.58,0.0,2327.386046,0.0
2019-01-16,11,0,96,25.19,25.19,0.0,147.176941,0.0
2019-01-16,11,0,97,185.12,185.12,0.0,1081.595682,0.0
2019-01-16,11,0,99,0.0,0.0,0.0,0.0,0.0
2019-01-16,11,0,101,7.07,7.07,0.0,41.620566,0.0
2019-01-16,11,0,102,74.3,74.3,0.0,-30231.25198,0.0
2019-01-16,11,0,103,64.61,64.61,0.0,-26288.575914,0.0
2019-01-16,11,0,104,11.99,11.99,0.0,-4878.50217,0.0
2019-01-16,11,0,106,148.72,148.72,0.0,881.800866,0.0
2019-01-16,11,0,109,51.84,51.84,0.0,493.342835,0.0
2019-01-16,11,0,110,27.04,27.04,0.0,-27040.0,0.0
2019-01-16,11,0,111,11.54,11.54,0.0,94.967849,0.0
2019-01-16,11,0,113,84.2,84.2,0.0,-21573.697821,0.0
2019-01-16,11,0,115,84.2,84.2,0.0,-21573.697821,0.0
2019-01-16,11,0,116,74.63,74.63,0.0,-74630.0,0.0
2019-01-16,11,0,117,5.66,5.66,0.0,-1450.20344,0.0
2019-01-16,11,0,119,52.09,52.09,0.0,6346.322902,0.0
2019-01-16,11,0,120,30.63,30.63,0.0,3731.769447,0.0
2019-01-16,11,0,123,2.48,2.48,0.0,14.704587,0.0
2019-01-16,11,0,125,89.14,89.14,0.0,528.535027,0.0
2019-01-16,11,0,126,111.54,111.54,0.0,661.35065,0.0
2019-01-16,11,0,127,143.14,143.14,0.0,848.715546,0.0
2019-01-16,11,0,128,127.64,127.64,0.0,756.811878,0.0
2019-01-16,11,0,131,30.0,30.0,0.0,-11036.623611,0.0
2019-01-16,11,0,132,44.1,44.1,0.0,-16223.836708,0.0
2019-01-16,11,0,133,0.0,0.0,0.0,0.0,0.0
2019-01-16,11,0,134,0.0,0.0,0.0,0.0,0.0
2019-01-16,11,0,135,0.0,0.0,0.0,0.0,0.0
2019-01-16,11,0,136,0.0,0.0,0.0,0.0,0.0
2019-01-16,11,0,139,5.64,5.64,0.0,46.414096,0.0
2019-01-16,11,0,140,20.01,20.01,0.0,-20010.0,0.0
2019-01-16,11,0,141,213.77,213.77,0.0,-118190.44028,0.0
2019-01-16,11,0,142,254.26,254.26,0.0,-140576.794432,0.0
2019-01-16,11,0,143,13.13,13.13,0.0,77.295337,0.0
2019-01-16,11,0,145,69.86,69.86,0.0,505.506329,0.0
2019-01-16,11,0,146,116.22,116.22,0.0,-116220.0,0.0
2019-01-16,11,0,152,2.35,2.35,0.0,27.597188,0.0
2019-01-16,11,0,153,2.88,2.88,0.0,33.548517,0.0
2019-01-16,11,0,154,47.62,47.62,0.0,391.886393,0.0
2019-01-16,11,0,157,249.11,249.11,0.0,-137729.43153,0.0
2019-01-16,11,0,158,177.48,177.48,0.0,-98126.20733,0.0
2019-01-16,11,0,159,0.0,0.0,0.0,0.0,0.0
2019-01-16,11,0,160,0.95,0.95,0.0,10.444441,0.0
2019-01-16,11,0,161,37.66,37.66,0.0,-15323.135257,0.0
2019-01-16,11,0,162,107.67,107.67,0.0,2821.310416,0.0
2019-01-16,11,0,163,143.12,143.12,0.0,-143120.0,0.0
2019-01-16,11,0,164,13.11,13.11,0.0,77.177598,0.0
2019-01-16,11,0,167,3.73,3.73,0.0,82.6263,0.0
2019-01-16,11,0,168,1.86,1.86,0.0,41.202391,0.0
2019-01-16,11,0,169,0.0,0.0,0.0,0.0,0.0
2019-01-16,11,0,170,4.08,4.08,0.0,90.379438,0.0
2019-01-16,11,0,172,4.97,4.97,0.0,115.851202,0.0
2019-01-16,11,0,173,7.57,7.57,0.0,176.457464,0.0
2019-01-16,11,0,188,6.9,6.9,0.0,225.15641,0.0
2019-01-16,11,0,190,5.89,5.89,0.0,717.601111,0.0
2019-01-16,11,0,191,15.2,15.2,0.0,1851.873836,0.0
2019-01-16,11,0,192,61.82,61.82,0.0,7531.765824,0.0
2019-01-16,11,0,194,52.95,52.95,0.0,-6387.791665,0.0
2019-01-16,11,0,196,4.12,4.12,0.0,1137.656902,0.0
2019-01-16,11,0,198,2.9,2.9,0.0,32.105662,0.0
2019-01-16,11,0,199,20.1,20.1,0.0,-530.879848,0.0
2019-01-16,11,0,200,9.19,9.19,0.0,-242.725662,0.0
2019-01-16,11,0,204,150.87,150.87,0.0,1404.129476,0.0
2019-01-16,11,0,205,338.98,338.98,0.0,3225.952052,0.0
2019-01-16,11,0,206,707.57,707.57,0.0,4134.100351,0.0
2019-01-16,11,0,210,0.61,0.61,0.0,3.79254,0.0
2019-01-16,11,0,214,2.6,2.6,0.0,43.371883,0.0
2019-01-16,11,0,217,1.9,1.9,0.0,23.02753,0.0
2019-01-16,11,0,218,2.62,2.62,0.0,31.753752,0.0
2019-01-16,11,0,219,1.78,1.78,0.0,21.57316,0.0
2019-01-16,11,0,221,1.39,1.39,0.0,23.187276,0.0
2019-01-16,11,0,225,1.54,1.54,0.0,8.471177,0.0
2019-01-16,11,0,233,1.39,1.39,0.0,21.709704,0.0
2019-01-16,11,0,236,0.0,0.0,0.0,0.0,0.0
2019-01-16,11,0,237,0.0,0.0,0.0,0.0,0.0
2019-01-16,11,0,238,31.86,31.86,0.0,428.091415,0.0
2019-01-16,11,0,240,4.95,4.95,0.0,52.584457,0.0
2019-01-16,11,0,245,0.0,0.0,0.0,0.0,0.0
2019-01-16,11,0,247,0.0,0.0,0.0,0.0,0.0
2019-01-16,11,0,248,0.0,0.0,0.0,0.0,0.0
2019-01-16,11,0,249,0.0,0.0,0.0,0.0,0.0
2019-01-16,11,0,251,0.0,0.0,0.0,0.0,0.0
2019-01-16,11,0,252,0.0,0.0,0.0,0.0,0.0
2019-01-16,11,0,254,3.76,3.76,0.0,40.189206,0.0
2019-01-16,11,0,255,1.72,1.72,0.0,18.384424,0.0
2019-01-16,11,0,258,6.65,6.65,0.0,70.60418,0.0
2019-01-16,11,0,260,2.31,2.31,0.0,25.396483,0.0
2019-01-16,11,0,265,49.3,49.3,0.0,405.711868,0.0
2019-01-16,11,0,266,3.65,3.65,0.0,30.037491,0.0
2019-01-16,11,0,267,4.48,4.48,0.0,36.867934,0.0
2019-01-16,11,0,270,484.16,484.16,0.0,-484160.0,0.0
2019-01-16,11,0,272,281.17,281.17,0.0,-72041.289979,0.0
2019-01-16,11,0,273,17.85,17.85,0.0,-17850.0,0.0
2019-01-16,11,0,274,632.27,632.27,0.0,-632270.0,0.0
2019-01-16,11,0,275,892.09,892.09,0.0,-892090.0,0.0
2019-01-16,11,0,276,4.07,4.07,0.0,-3663.687348,0.0
2019-01-16,11,0,277,5.0,5.0,0.0,-1338.896439,0.0
2019-01-16,11,0,278,8.0,8.0,0.0,-2142.234303,0.0
2019-01-16,11,0,279,264.6,264.6,0.0,-70854.399559,0.0
2019-01-16,11,0,281,6.3,6.3,0.0,37.087633,0.0
2019-01-16,11,0,282,192.49,192.49,0.0,1133.174364,0.0
2019-01-16,12,0,9,2.64,2.64,0.0,-11.340134,0.0
2019-01-16,12,0,17,13.33,13.33,0.0,185.332775,0.0
2019-01-16,12,0,19,5.18,5.18,0.0,72.019788,0.0
2019-01-16,12,0,20,6.28,6.28,0.0,87.313565,0.0
2019-01-16,12,0,21,60.37,60.37,0.0,-259.319659,0.0
2019-01-16,12,0,22,214.54,214.54,0.0,-921.55772,0.0
2019-01-16,12,0,23,44.7,44.7,0.0,-192.00909,0.0
2019-01-16,12,0,24,74.83,74.83,0.0,-321.432666,0.0
2019-01-16,12,0,29,2.26,2.26,0.0,11.936757,0.0
2019-01-16,12,0,30,504.16,504.16,0.0,-2218.691079,0.0
2019-01-16,12,0,31,20.37,20.37,0.0,-89.643639,0.0
2019-01-16,12,0,32,4.44,4.44,0.0,461.041732,0.0
2019-01-16,12,0,33,0.64,0.64,0.0,11.287117,0.0
2019-01-16,12,0,34,1.02,1.02,0.0,17.988842,0.0
2019-01-16,12,0,35,1.02,1.02,0.0,17.988842,0.0
2019-01-16,12,0,36,5.98,5.98,0.0,45.499336,0.0
2019-01-16,12,0,37,2.22,2.22,0.0,16.536713,0.0
2019-01-16,12,0,38,2.85,2.85,0.0,21.229564,0.0
2019-01-16,12,0,39,1.9,1.9,0.0,14.153043,0.0
2019-01-16,12,0,40,1.9,1.9,0.0,14.153043,0.0
2019-01-16,12,0,41,8.44,8.44,0.0,11.069376,0.0
2019-01-16,12,0,42,34.56,34.56,0.0,452.539649,0.0
2019-01-16,12,0,43,19.1,19.1,0.0,151.669224,0.0
2019-01-16,12,0,46,21.58,21.58,0.0,134.70509,0.0
2019-01-16,12,0,52,21.6,21.6,0.0,-95.056584,0.0
2019-01-16,12,0,53,34.31,34.31,0.0,-150.990342,0.0
2019-01-16,12,0,55,341.27,341.27,0.0,-1465.927115,0.0
2019-01-16,12,0,56,148.71,148.71,0.0,-654.438175,0.0
2019-01-16,12,0,57,141.45,141.45,0.0,-622.488601,0.0
2019-01-16,12,0,58,272.03,272.03,0.0,-1197.140856,0.0
2019-01-16,12,0,59,267.49,267.49,0.0,-1177.161371,0.0
2019-01-16,12,0,63,51.0,51.0,0.0,8286.961869,0.0
2019-01-16,12,0,64,60.0,60.0,0.0,9749.366905,0.0
2019-01-16,12,0,65,0.0,0.0,0.0,0.0,0.0
2019-01-16,12,0,67,272.74,272.74,0.0,-146043.736143,0.0
2019-01-16,12,0,68,34.0,34.0,0.0,-13048.384307,0.0
2019-01-16,12,0,69,0.64,0.64,0.0,11.287117,0.0
2019-01-16,12,0,74,0.0,0.0,0.0,0.0,0.0
2019-01-16,12,0,77,60.0,60.0,0.0,-15408.420658,0.0
2019-01-16,12,0,78,45.36,45.36,0.0,-11648.766017,0.0
2019-01-16,12,0,79,26.25,26.25,0.0,-6741.184038,0.0
2019-01-16,12,0,80,42.45,42.45,0.0,-10901.457615,0.0
2019-01-16,12,0,81,55.5,55.5,0.0,-14252.789108,0.0
2019-01-16,12,0,82,39.15,39.15,0.0,-10053.994479,0.0
2019-01-16,12,0,83,87.3,87.3,0.0,-22419.252057,0.0
2019-01-16,12,0,84,0.0,0.0,0.0,0.0,0.0
2019-01-16,12,0,86,3.24,3.24,0.0,57.141028,0.0
2019-01-16,12,0,87,16.56,16.56,0.0,292.054141,0.0
2019-01-16,12,0,88,51.18,51.18,0.0,-13143.382821,0.0
2019-01-16,12,0,89,49.2,49.2,0.0,-12634.904939,0.0
2019-01-16,12,0,90,66.06,66.06,0.0,-16964.671144,0.0
2019-01-16,12,0,91,235.65,235.65,0.0,-60516.572133,0.0
2019-01-16,12,0,92,84.75,84.75,0.0,-21764.394179,0.0
2019-01-16,12,0,95,120.0,120.0,0.0,3049.643213,0.0
2019-01-16,12,0,96,29.88,29.88,0.0,-134.782027,0.0
2019-01-16,12,0,97,183.76,183.76,0.0,-828.900445,0.0
2019-01-16,12,0,99,0.0,0.0,0.0,0.0,0.0
2019-01-16,12,0,101,10.16,10.16,0.0,-44.711801,0.0
2019-01-16,12,0,102,80.5,80.5,0.0,-30893.968728,0.0
2019-01-16,12,0,103,70.0,70.0,0.0,-26864.320633,0.0
2019-01-16,12,0,104,13.0,13.0,0.0,-4989.088118,0.0
2019-01-16,12,0,106,211.2,211.2,0.0,-907.210732,0.0
2019-01-16,12,0,109,53.6,53.6,0.0,252.448323,0.0
2019-01-16,12,0,110,34.1,34.1,0.0,-34100.0,0.0
2019-01-16,12,0,111,15.73,15.73,0.0,20.630485,0.0
2019-01-16,12,0,113,45.0,45.0,0.0,-10266.654197,0.0
2019-01-16,12,0,115,45.0,45.0,0.0,-10266.654197,0.0
2019-01-16,12,0,116,103.62,103.62,0.0,-103620.0,0.0
2019-01-16,12,0,117,3.0,3.0,0.0,-684.443613,0.0
2019-01-16,12,0,119,60.0,60.0,0.0,9749.366905,0.0
2019-01-16,12,0,120,35.28,35.28,0.0,5732.62774,0.0
2019-01-16,12,0,123,3.52,3.52,0.0,-15.120179,0.0
2019-01-16,12,0,125,68.47,68.47,0.0,-294.113252,0.0
2019-01-16,12,0,126,158.4,158.4,0.0,-680.408049,0.0
2019-01-16,12,0,127,203.28,203.28,0.0,-873.19033,0.0
2019-01-16,12,0,128,93.86,93.86,0.0,-403.176133,0.0
2019-01-16,12,0,131,30.0,30.0,0.0,-10297.90682,0.0
2019-01-16,12,0,132,44.1,44.1,0.0,-15137.923026,0.0
2019-01-16,12,0,133,1.14,1.14,0.0,15.866058,0.0
2019-01-16,12,0,134,0.0,0.0,0.0,0.0,0.0
2019-01-16,12,0,135,1.53,1.53,0.0,21.29392,0.0
2019-01-16,12,0,136,0.0,0.0,0.0,0.0,0.0
2019-01-16,12,0,139,10.9,10.9,0.0,14.295759,0.0
2019-01-16,12,0,140,25.24,25.24,0.0,-25240.0,0.0
2019-01-16,12,0,141,230.0,230.0,0.0,-123157.80345,0.0
2019-01-16,12,0,142,359.68,359.68,0.0,-192597.385847,0.0
2019-01-16,12,0,143,27.46,27.46,0.0,-120.845083,0.0
2019-01-16,12,0,145,56.25,56.25,0.0,-57.190599,0.0
2019-01-16,12,0,146,263.43,263.43,0.0,-263430.0,0.0
2019-01-16,12,0,152,3.3,3.3,0.0,31.691185,0.0
2019-01-16,12,0,153,4.06,4.06,0.0,38.198379,0.0
2019-01-16,12,0,154,64.88,64.88,0.0,85.092552,0.0
2019-01-16,12,0,157,250.0,250.0,0.0,-133867.177663,0.0
2019-01-16,12,0,158,250.94,250.94,0.0,-134370.518251,0.0
2019-01-16,12,0,159,0.0,0.0,0.0,0.0,0.0
2019-01-16,12,0,160,1.28,1.28,0.0,12.432317,0.0
2019-01-16,12,0,161,52.98,52.98,0.0,-20332.452959,0.0
2019-01-16,12,0,162,162.07,162.07,0.0,4245.726921,0.0
2019-01-16,12,0,163,185.4,185.4,0.0,-185400.0,0.0
2019-01-16,12,0,164,18.93,18.93,0.0,-83.306534,0.0
2019-01-16,12,0,167,4.98,4.98,0.0,100.899752,0.0
2019-01-16,12,0,168,2.49,2.49,0.0,50.449876,0.0
2019-01-16,12,0,169,0.0,0.0,0.0,0.0,0.0
2019-01-16,12,0,170,5.44,5.44,0.0,110.219809,0.0
2019-01-16,12,0,172,6.56,6.56,0.0,371.265765,0.0
2019-01-16,12,0,173,10.0,10.0,0.0,565.95391,0.0
2019-01-16,12,0,188,9.39,9.39,0.0,665.932389,0.0
2019-01-16,12,0,190,8.09,8.09,0.0,262.338937,0.0
2019-01-16,12,0,191,20.91,20.91,0.0,678.060219,0.0
2019-01-16,12,0,192,83.18,83.18,0.0,2697.324201,0.0
2019-01-16,12,0,194,52.95,52.95,0.0,-4685.805731,0.0
2019-01-16,12,0,196,5.63,5.63,0.0,1820.222796,0.0
2019-01-16,12,0,198,3.85,3.85,0.0,45.874764,0.0
2019-01-16,12,0,199,54.95,54.95,0.0,-904.997999,0.0
2019-01-16,12,0,200,12.48,12.48,0.0,-205.539127,0.0
2019-01-16,12,0,204,208.43,208.43,0.0,883.454,0.0
2019-01-16,12,0,205,283.56,283.56,0.0,1335.526988,0.0
2019-01-16,12,0,206,539.95,539.95,0.0,-2435.594226,0.0
2019-01-16,12,0,210,0.79,0.79,0.0,5.004501,0.0
2019-01-16,12,0,214,3.46,3.46,0.0,68.670332,0.0
2019-01-16,12,0,217,2.48,2.48,0.0,34.793074,0.0
2019-01-16,12,0,218,3.42,3.42,0.0,47.980772,0.0
2019-01-16,12,0,219,2.33,2.33,0.0,32.688654,0.0
2019-01-16,12,0,221,1.84,1.84,0.0,36.518327,0.0
2019-01-16,12,0,225,1.96,1.96,0.0,10.152905,0.0
2019-01-16,12,0,233,1.84,1.84,0.0,32.45046,0.0
2019-01-16,12,0,236,0.0,0.0,0.0,0.0,0.0
2019-01-16,12,0,237,0.0,0.0,0.0,0.0,0.0
2019-01-16,12,0,238,44.98,44.98,0.0,588.982448,0.0
2019-01-16,12,0,240,6.78,6.78,0.0,51.586204,0.0
2019-01-16,12,0,245,2.5,2.5,0.0,36.140354,0.0
2019-01-16,12,0,247,5.13,5.13,0.0,74.160007,0.0
2019-01-16,12,0,248,0.0,0.0,0.0,0.0,0.0
2019-01-16,12,0,249,4.81,4.81,0.0,69.534042,0.0
2019-01-16,12,0,251,7.41,7.41,0.0,100.082118,0.0
2019-01-16,12,0,252,0.0,0.0,0.0,0.0,0.0
2019-01-16,12,0,254,5.18,5.18,0.0,43.43659,0.0
2019-01-16,12,0,255,2.38,2.38,0.0,19.957352,0.0
2019-01-16,12,0,258,9.03,9.03,0.0,69.190024,0.0
2019-01-16,12,0,260,3.12,3.12,0.0,30.303772,0.0
2019-01-16,12,0,265,67.17,67.17,0.0,88.095973,0.0
2019-01-16,12,0,266,7.06,7.06,0.0,9.259455,0.0
2019-01-16,12,0,267,8.67,8.67,0.0,11.37103,0.0
2019-01-16,12,0,270,579.0,579.0,0.0,-579000.0,0.0
2019-01-16,12,0,272,150.39,150.39,0.0,-34311.158326,0.0
2019-01-16,12,0,273,24.78,24.78,0.0,-24780.0,0.0
2019-01-16,12,0,274,746.4,746.4,0.0,-746400.0,0.0
2019-01-16,12,0,275,1039.0,1039.0,0.0,-1039000.0,0.0
2019-01-16,12,0,276,5.63,5.63,0.0,-5046.056223,0.0
2019-01-16,12,0,277,6.91,6.91,0.0,-1655.897079,0.0
2019-01-16,12,0,278,11.06,11.06,0.0,-2650.393877,0.0
2019-01-16,12,0,279,264.6,264.6,0.0,-63408.15731,0.0
2019-01-16,12,0,281,9.14,9.14,0.0,-40.223017,0.0
2019-01-16,12,0,282,276.56,276.56,0.0,-1217.076334,0.0
2019-01-16,13,0,9,3.2,3.2,0.0,-265.461266,0.0
2019-01-16,13,0,17,19.38,19.38,0.0,977.569681,0.0
2019-01-16,13,0,19,15.83,15.83,0.0,798.499899,0.0
2019-01-16,13,0,20,19.2,19.2,0.0,968.490086,0.0
2019-01-16,13,0,21,73.08,73.08,0.0,-6062.471652,0.0
2019-01-16,13,0,22,259.74,259.74,0.0,-21547.159099,0.0
2019-01-16,13,0,23,90.35,90.35,0.0,-7495.13292,0.0
2019-01-16,13,0,24,157.79,157.79,0.0,-13089.729091,0.0
2019-01-16,13,0,29,2.21,2.21,0.0,22.191252,0.0
2019-01-16,13,0,30,625.46,625.46,0.0,-52376.667802,0.0
2019-01-16,13,0,31,27.75,27.75,0.0,-2323.813723,0.0
2019-01-16,13,0,32,5.35,5.35,0.0,1190.377257,0.0
2019-01-16,13,0,33,0.99,0.99,0.0,76.363018,0.0
2019-01-16,13,0,34,1.59,1.59,0.0,122.643634,0.0
2019-01-16,13,0,35,1.59,1.59,0.0,122.643634,0.0
2019-01-16,13,0,36,8.98,8.98,0.0,54.906616,0.0
2019-01-16,13,0,37,3.82,3.82,0.0,19.419678,0.0
2019-01-16,13,0,38,4.91,4.91,0.0,24.960895,0.0
2019-01-16,13,0,39,3.27,3.27,0.0,16.623651,0.0
2019-01-16,13,0,40,3.27,3.27,0.0,16.623651,0.0
2019-01-16,13,0,41,14.51,14.51,0.0,-599.936083,0.0
2019-01-16,13,0,42,49.28,49.28,0.0,2200.66076,0.0
2019-01-16,13,0,43,28.77,28.77,0.0,266.016657,0.0
2019-01-16,13,0,46,31.87,31.87,0.0,-120.548129,0.0
2019-01-16,13,0,52,29.42,29.42,0.0,-2463.661252,0.0
2019-01-16,13,0,53,46.74,46.74,0.0,-3914.05598,0.0
2019-01-16,13,0,55,405.68,405.68,0.0,-33653.851941,0.0
2019-01-16,13,0,56,184.49,184.49,0.0,-15449.383562,0.0
2019-01-16,13,0,57,175.49,175.49,0.0,-14695.714246,0.0
2019-01-16,13,0,58,337.48,337.48,0.0,-28260.924519,0.0
2019-01-16,13,0,59,331.85,331.85,0.0,-27789.462492,0.0
2019-01-16,13,0,63,51.0,51.0,0.0,13552.717907,0.0
2019-01-16,13,0,64,60.0,60.0,0.0,15944.374008,0.0
2019-01-16,13,0,65,1.77,1.77,0.0,87.380275,0.0
2019-01-16,13,0,67,334.0,334.0,0.0,-159154.900493,0.0
2019-01-16,13,0,68,34.0,34.0,0.0,-10389.262917,0.0
2019-01-16,13,0,69,0.99,0.99,0.0,76.363018,0.0
2019-01-16,13,0,74,0.0,0.0,0.0,0.0,0.0
2019-01-16,13,0,77,60.0,60.0,0.0,-9491.802318,0.0
2019-01-16,13,0,78,45.36,45.36,0.0,-7175.802553,0.0
2019-01-16,13,0,79,26.25,26.25,0.0,-4152.663514,0.0
2019-01-16,13,0,80,42.45,42.45,0.0,-6715.45014,0.0
2019-01-16,13,0,81,55.5,55.5,0.0,-8779.917144,0.0
2019-01-16,13,0,82,39.15,39.15,0.0,-6193.401013,0.0
2019-01-16,13,0,83,87.3,87.3,0.0,-13810.572373,0.0
2019-01-16,13,0,84,0.0,0.0,0.0,0.0,0.0
2019-01-16,13,0,86,5.02,5.02,0.0,387.214494,0.0
2019-01-16,13,0,87,25.63,25.63,0.0,1976.953681,0.0
2019-01-16,13,0,88,51.18,51.18,0.0,-8096.507377,0.0
2019-01-16,13,0,89,49.2,49.2,0.0,-7783.277901,0.0
2019-01-16,13,0,90,66.06,66.06,0.0,-10450.474352,0.0
2019-01-16,13,0,91,235.65,235.65,0.0,-37279.053605,0.0
2019-01-16,13,0,92,84.75,84.75,0.0,-13407.170774,0.0
2019-01-16,13,0,95,120.0,120.0,0.0,3649.643213,0.0
2019-01-16,13,0,96,29.88,29.88,0.0,-2526.676686,0.0
2019-01-16,13,0,97,183.75,183.75,0.0,-15538.046887,0.0
2019-01-16,13,0,99,0.0,0.0,0.0,0.0,0.0
2019-01-16,13,0,101,12.6,12.6,0.0,-1055.137042,0.0
2019-01-16,13,0,102,80.5,80.5,0.0,-24598.107789,0.0
2019-01-16,13,0,103,70.0,70.0,0.0,-21389.658947,0.0
2019-01-16,13,0,104,13.0,13.0,0.0,-3972.365233,0.0
2019-01-16,13,0,106,255.69,255.69,0.0,-21211.184684,0.0
2019-01-16,13,0,109,60.0,60.0,0.0,-942.937952,0.0
2019-01-16,13,0,110,42.03,42.03,0.0,-42030.0,0.0
2019-01-16,13,0,111,19.72,19.72,0.0,-815.350762,0.0
2019-01-16,13,0,113,45.0,45.0,0.0,-6298.979799,0.0
2019-01-16,13,0,115,45.0,45.0,0.0,-6298.979799,0.0
2019-01-16,13,0,116,121.24,121.24,0.0,-121240.0,0.0
2019-01-16,13,0,117,3.0,3.0,0.0,-419.931987,0.0
2019-01-16,13,0,119,60.0,60.0,0.0,15944.374008,0.0
2019-01-16,13,0,120,35.28,35.28,0.0,9375.291917,0.0
2019-01-16,13,0,123,4.26,4.26,0.0,-353.39531,0.0
2019-01-16,13,0,125,143.27,143.27,0.0,-11885.198599,0.0
2019-01-16,13,0,126,191.77,191.77,0.0,-15908.595905,0.0
2019-01-16,13,0,127,246.1,246.1,0.0,-20415.630454,0.0
2019-01-16,13,0,128,202.25,202.25,0.0,-16777.98155,0.0
2019-01-16,13,0,131,30.0,30.0,0.0,-7797.371388,0.0
2019-01-16,13,0,132,44.1,44.1,0.0,-11462.13594,0.0
2019-01-16,13,0,133,5.2,5.2,0.0,262.825966,0.0
2019-01-16,13,0,134,0.0,0.0,0.0,0.0,0.0
2019-01-16,13,0,135,6.96,6.96,0.0,351.782447,0.0
2019-01-16,13,0,136,0.0,0.0,0.0,0.0,0.0
2019-01-16,13,0,139,18.74,18.74,0.0,-774.831302,0.0
2019-01-16,13,0,140,31.11,31.11,0.0,-31110.0,0.0
2019-01-16,13,0,141,230.0,230.0,0.0,-109597.685968,0.0
2019-01-16,13,0,142,440.46,440.46,0.0,-209884.333746,0.0
2019-01-16,13,0,143,52.31,52.31,0.0,-4380.493545,0.0
2019-01-16,13,0,145,100.0,100.0,0.0,-5847.696282,0.0
2019-01-16,13,0,146,268.0,268.0,0.0,-268000.0,0.0
2019-01-16,13,0,152,6.29,6.29,0.0,124.259067,0.0
2019-01-16,13,0,153,7.65,7.65,0.0,140.493837,0.0
2019-01-16,13,0,154,81.35,81.35,0.0,-3363.528624,0.0
2019-01-16,13,0,157,250.0,250.0,0.0,-119127.919531,0.0
2019-01-16,13,0,158,313.73,313.73,0.0,-149496.008778,0.0
2019-01-16,13,0,159,0.0,0.0,0.0,0.0,0.0
2019-01-16,13,0,160,1.89,1.89,0.0,44.650134,0.0
2019-01-16,13,0,161,64.07,64.07,0.0,-19577.649268,0.0
2019-01-16,13,0,162,162.5,162.5,0.0,5087.052456,0.0
2019-01-16,13,0,163,104.55,104.55,0.0,-104550.0,0.0
2019-01-16,13,0,164,23.46,23.46,0.0,-1964.564683,0.0
2019-01-16,13,0,167,6.16,6.16,0.0,128.616531,0.0
2019-01-16,13,0,168,3.08,3.08,0.0,64.308265,0.0
2019-01-16,13,0,169,0.0,0.0,0.0,0.0,0.0
2019-01-16,13,0,170,6.74,6.74,0.0,140.726529,0.0
2019-01-16,13,0,172,7.56,7.56,0.0,934.653474,0.0
2019-01-16,13,0,173,11.53,11.53,0.0,1425.470179,0.0
2019-01-16,13,0,188,11.08,11.08,0.0,1764.467533,0.0
2019-01-16,13,0,190,9.39,9.39,0.0,351.444761,0.0
2019-01-16,13,0,191,24.25,24.25,0.0,907.61826,0.0
2019-01-16,13,0,192,125.04,125.04,0.0,4679.941742,0.0
2019-01-16,13,0,194,52.95,52.95,0.0,225.880431,0.0
2019-01-16,13,0,196,6.46,6.46,0.0,2896.154081,0.0
2019-01-16,13,0,198,4.1,4.1,0.0,176.935597,0.0
2019-01-16,13,0,199,49.08,49.08,0.0,3394.852798,0.0
2019-01-16,13,0,200,16.1,16.1,0.0,1113.633457,0.0
2019-01-16,13,0,204,257.1,257.1,0.0,-4923.327117,0.0
2019-01-16,13,0,205,317.4,317.4,0.0,-4988.141765,0.0
2019-01-16,13,0,206,539.94,539.94,0.0,-45657.75802,0.0
2019-01-16,13,0,210,0.68,0.68,0.0,12.082628,0.0
2019-01-16,13,0,214,3.86,3.86,0.0,358.748239,0.0
2019-01-16,13,0,217,2.6,2.6,0.0,156.771962,0.0
2019-01-16,13,0,218,3.59,3.59,0.0,216.465902,0.0
2019-01-16,13,0,219,2.44,2.44,0.0,147.124457,0.0
2019-01-16,13,0,221,2.06,2.06,0.0,191.456314,0.0
2019-01-16,13,0,225,1.97,1.97,0.0,18.311236,0.0
2019-01-16,13,0,233,2.84,2.84,0.0,219.061586,0.0
2019-01-16,13,0,236,7.94,7.94,0.0,283.375757,0.0
2019-01-16,13,0,237,0.0,0.0,0.0,0.0,0.0
2019-01-16,13,0,238,64.14,64.14,0.0,2864.252864,0.0
2019-01-16,13,0,240,10.18,10.18,0.0,62.243803,0.0
2019-01-16,13,0,245,14.01,14.01,0.0,762.067872,0.0
2019-01-16,13,0,247,22.5,22.5,0.0,1223.877738,0.0
2019-01-16,13,0,248,0.0,0.0,0.0,0.0,0.0
2019-01-16,13,0,249,26.94,26.94,0.0,1465.389612,0.0
2019-01-16,13,0,251,17.56,17.56,0.0,835.904028,0.0
2019-01-16,13,0,252,11.45,11.45,0.0,565.256578,0.0
2019-01-16,13,0,254,5.99,5.99,0.0,76.997213,0.0
2019-01-16,13,0,255,2.75,2.75,0.0,35.349305,0.0
2019-01-16,13,0,258,12.92,12.92,0.0,85.532543,0.0
2019-01-16,13,0,260,4.59,4.59,0.0,108.436039,0.0
2019-01-16,13,0,265,84.23,84.23,0.0,-3482.60622,0.0
2019-01-16,13,0,266,12.14,12.14,0.0,-501.945144,0.0
2019-01-16,13,0,267,14.91,14.91,0.0,-616.474638,0.0
2019-01-16,13,0,270,325.32,325.32,0.0,-325320.0,0.0
2019-01-16,13,0,272,150.39,150.39,0.0,-21051.190488,0.0
2019-01-16,13,0,273,28.99,28.99,0.0,-28990.0,0.0
2019-01-16,13,0,274,419.18,419.18,0.0,-419180.0,0.0
2019-01-16,13,0,275,583.24,583.24,0.0,-583240.0,0.0
2019-01-16,13,0,276,6.72,6.72,0.0,-5934.540243,0.0
2019-01-16,13,0,277,8.38,8.38,0.0,-1234.22124,0.0
2019-01-16,13,0,278,13.4,13.4,0.0,-1973.57573,0.0
2019-01-16,13,0,279,378.16,378.16,0.0,-55696.074483,0.0
2019-01-16,13,0,281,12.46,12.46,0.0,-1043.413297,0.0
2019-01-16,13,0,282,343.1,343.1,0.0,-28731.549136,0.0
2019-01-16,14,0,9,3.34,3.34,0.0,-1317.649267,0.0
2019-01-16,14,0,17,19.66,19.66,0.0,168.333078,0.0
2019-01-16,14,0,19,6.87,6.87,0.0,58.822393,0.0
2019-01-16,14,0,20,8.33,8.33,0.0,71.323222,0.0
2019-01-16,14,0,21,76.29,76.29,0.0,-30096.845074,0.0
2019-01-16,14,0,22,271.14,271.14,0.0,-106966.294054,0.0
2019-01-16,14,0,23,42.61,42.61,0.0,-16809.890793,0.0
2019-01-16,14,0,24,73.27,73.27,0.0,-28905.437653,0.0
2019-01-16,14,0,29,2.25,2.25,0.0,10.940339,0.0
2019-01-16,14,0,30,655.88,655.88,0.0,-655880.0,0.0
2019-01-16,14,0,31,45.41,45.41,0.0,-45410.0,0.0
2019-01-16,14,0,32,5.46,5.46,0.0,242.141449,0.0
2019-01-16,14,0,33,1.04,1.04,0.0,14.282214,0.0
2019-01-16,14,0,34,1.66,1.66,0.0,22.79661,0.0
2019-01-16,14,0,35,1.66,1.66,0.0,22.79661,0.0
2019-01-16,14,0,36,9.37,9.37,0.0,7.842976,0.0
2019-01-16,14,0,37,3.95,3.95,0.0,3.183301,0.0
2019-01-16,14,0,38,5.07,5.07,0.0,4.085908,0.0
2019-01-16,14,0,39,3.38,3.38,0.0,2.723939,0.0
2019-01-16,14,0,40,3.38,3.38,0.0,2.723939,0.0
2019-01-16,14,0,41,13.91,13.91,0.0,-213.62078,0.0
2019-01-16,14,0,42,51.57,51.57,0.0,383.752377,0.0
2019-01-16,14,0,43,30.1,30.1,0.0,54.961664,0.0
2019-01-16,14,0,46,32.73,32.73,0.0,-14.23039,0.0
2019-01-16,14,0,52,48.13,48.13,0.0,-48130.0,0.0
2019-01-16,14,0,53,76.47,76.47,0.0,-76470.0,0.0
2019-01-16,14,0,55,534.88,534.88,0.0,-211013.245422,0.0
2019-01-16,14,0,56,193.46,193.46,0.0,-193460.0,0.0
2019-01-16,14,0,57,184.02,184.02,0.0,-184020.0,0.0
2019-01-16,14,0,58,353.89,353.89,0.0,-353890.0,0.0
2019-01-16,14,0,59,348.0,348.0,0.0,-348000.0,0.0
2019-01-16,14,0,63,51.0,51.0,0.0,5915.998613,0.0
2019-01-16,14,0,64,60.0,60.0,0.0,6959.998368,0.0
2019-01-16,14,0,65,0.0,0.0,0.0,0.0,0.0
2019-01-16,14,0,67,346.91,346.91,0.0,-191625.133558,0.0
2019-01-16,14,0,68,19.16,19.16,0.0,-7782.903311,0.0
2019-01-16,14,0,69,1.04,1.04,0.0,14.282214,0.0
2019-01-16,14,0,74,0.0,0.0,0.0,0.0,0.0
2019-01-16,14,0,77,60.0,60.0,0.0,-17009.870815,0.0
2019-01-16,14,0,78,45.36,45.36,0.0,-12859.462336,0.0
2019-01-16,14,0,79,26.25,26.25,0.0,-7441.818481,0.0
2019-01-16,14,0,80,42.45,42.45,0.0,-12034.483601,0.0
2019-01-16,14,0,81,55.5,55.5,0.0,-15734.130504,0.0
2019-01-16,14,0,82,39.15,39.15,0.0,-11098.940707,0.0
2019-01-16,14,0,83,87.3,87.3,0.0,-24749.362035,0.0
2019-01-16,14,0,84,0.0,0.0,0.0,0.0,0.0
2019-01-16,14,0,86,5.25,5.25,0.0,72.097714,0.0
2019-01-16,14,0,87,26.78,26.78,0.0,367.767005,0.0
2019-01-16,14,0,88,51.18,51.18,0.0,-14509.419805,0.0
2019-01-16,14,0,89,49.2,49.2,0.0,-13948.094068,0.0
2019-01-16,14,0,90,66.06,66.06,0.0,-18727.867767,0.0
2019-01-16,14,0,91,235.65,235.65,0.0,-66806.267625,0.0
2019-01-16,14,0,92,84.75,84.75,0.0,-24026.442526,0.0
2019-01-16,14,0,95,120.0,120.0,0.0,3049.643213,0.0
2019-01-16,14,0,96,31.39,31.39,0.0,1030.885094,0.0
2019-01-16,14,0,97,210.51,210.51,0.0,6913.399842,0.0
2019-01-16,14,0,99,0.0,0.0,0.0,0.0,0.0
2019-01-16,14,0,101,13.21,13.21,0.0,-13210.0,0.0
2019-01-16,14,0,102,45.25,45.25,0.0,-18380.812882,0.0
2019-01-16,14,0,103,39.36,39.36,0.0,-15988.260664,0.0
2019-01-16,14,0,104,7.37,7.37,0.0,-2993.736816,0.0
2019-01-16,14,0,106,266.92,266.92,0.0,-105301.479712,0.0
2019-01-16,14,0,109,60.0,60.0,0.0,-158.592106,0.0
2019-01-16,14,0,110,97.43,97.43,0.0,-97430.0,0.0
2019-01-16,14,0,111,21.26,21.26,0.0,-326.497324,0.0
2019-01-16,14,0,113,45.0,45.0,0.0,-11567.959204,0.0
2019-01-16,14,0,115,45.0,45.0,0.0,-11567.959204,0.0
2019-01-16,14,0,116,123.54,123.54,0.0,-123540.0,0.0
2019-01-16,14,0,117,3.0,3.0,0.0,-771.19728,0.0
2019-01-16,14,0,119,60.0,60.0,0.0,6959.998368,0.0
2019-01-16,14,0,120,35.28,35.28,0.0,4092.47904,0.0
2019-01-16,14,0,123,4.45,4.45,0.0,-1755.55067,0.0
2019-01-16,14,0,125,66.79,66.79,0.0,-26349.040274,0.0
2019-01-16,14,0,126,200.19,200.19,0.0,-78976.109784,0.0
2019-01-16,14,0,127,256.91,256.91,0.0,-101352.476969,0.0
2019-01-16,14,0,128,92.7,92.7,0.0,-36570.684734,0.0
2019-01-16,14,0,131,30.0,30.0,0.0,-11015.038944,0.0
2019-01-16,14,0,132,44.1,44.1,0.0,-16192.107248,0.0
2019-01-16,14,0,133,1.46,1.46,0.0,12.529468,0.0
2019-01-16,14,0,134,0.0,0.0,0.0,0.0,0.0
2019-01-16,14,0,135,1.96,1.96,0.0,16.820382,0.0
2019-01-16,14,0,136,0.0,0.0,0.0,0.0,0.0
2019-01-16,14,0,139,17.96,17.96,0.0,-275.818059,0.0
2019-01-16,14,0,140,72.11,72.11,0.0,-72110.0,0.0
2019-01-16,14,0,141,230.0,230.0,0.0,-127046.728887,0.0
2019-01-16,14,0,142,457.49,457.49,0.0,-252706.991298,0.0
2019-01-16,14,0,143,95.74,95.74,0.0,-95740.0,0.0
2019-01-16,14,0,145,56.12,56.12,0.0,-515.010627,0.0
2019-01-16,14,0,146,268.0,268.0,0.0,-268000.0,0.0
2019-01-16,14,0,152,6.72,6.72,0.0,19.059611,0.0
2019-01-16,14,0,153,8.1,8.1,0.0,20.908583,0.0
2019-01-16,14,0,154,87.68,87.68,0.0,-1346.532707,0.0
2019-01-16,14,0,157,250.0,250.0,0.0,-138094.27053,0.0
2019-01-16,14,0,158,336.13,336.13,0.0,-185670.508612,0.0
2019-01-16,14,0,159,0.0,0.0,0.0,0.0,0.0
2019-01-16,14,0,160,1.96,1.96,0.0,9.645963,0.0
2019-01-16,14,0,161,65.58,65.58,0.0,-26638.97699,0.0
2019-01-16,14,0,162,162.5,162.5,0.0,4261.476528,0.0
2019-01-16,14,0,163,130.61,130.61,0.0,-130610.0,0.0
2019-01-16,14,0,164,25.35,25.35,0.0,-25350.0,0.0
2019-01-16,14,0,167,6.15,6.15,0.0,138.091367,0.0
2019-01-16,14,0,168,3.07,3.07,0.0,68.933414,0.0
2019-01-16,14,0,169,0.0,0.0,0.0,0.0,0.0
2019-01-16,14,0,170,6.73,6.73,0.0,151.114618,0.0
2019-01-16,14,0,172,7.65,7.65,0.0,118.740142,0.0
2019-01-16,14,0,173,11.66,11.66,0.0,180.981707,0.0
2019-01-16,14,0,188,11.1,11.1,0.0,284.508076,0.0
2019-01-16,14,0,190,9.48,9.48,0.0,307.413241,0.0
2019-01-16,14,0,191,24.48,24.48,0.0,793.826598,0.0
2019-01-16,14,0,192,171.68,171.68,0.0,5567.163006,0.0
2019-01-16,14,0,194,52.95,52.95,0.0,-6544.651077,0.0
2019-01-16,14,0,196,6.52,6.52,0.0,1762.638277,0.0
2019-01-16,14,0,198,4.22,4.22,0.0,40.137047,0.0
2019-01-16,14,0,199,122.56,122.56,0.0,-3236.135926,0.0
2019-01-16,14,0,200,16.49,16.49,0.0,-435.41026,0.0
2019-01-16,14,0,204,251.86,251.86,0.0,-781.079731,0.0
2019-01-16,14,0,205,317.4,317.4,0.0,-838.95224,0.0
2019-01-16,14,0,206,745.19,745.19,0.0,24472.929688,0.0
2019-01-16,14,0,210,0.69,0.69,0.0,4.181031,0.0
2019-01-16,14,0,214,3.89,3.89,0.0,65.281305,0.0
2019-01-16,14,0,217,2.63,2.63,0.0,32.23385,0.0
2019-01-16,14,0,218,3.63,3.63,0.0,44.490066,0.0
2019-01-16,14,0,219,2.47,2.47,0.0,30.272855,0.0
2019-01-16,14,0,221,2.07,2.07,0.0,34.738381,0.0
2019-01-16,14,0,225,2.03,2.03,0.0,9.635935,0.0
2019-01-16,14,0,233,2.97,2.97,0.0,40.786707,0.0
2019-01-16,14,0,236,0.0,0.0,0.0,0.0,0.0
2019-01-16,14,0,237,0.0,0.0,0.0,0.0,0.0
2019-01-16,14,0,238,67.12,67.12,0.0,499.46596,0.0
2019-01-16,14,0,240,10.62,10.62,0.0,8.889265,0.0
2019-01-16,14,0,245,0.0,0.0,0.0,0.0,0.0
2019-01-16,14,0,247,0.0,0.0,0.0,0.0,0.0
2019-01-16,14,0,248,0.0,0.0,0.0,0.0,0.0
2019-01-16,14,0,249,0.0,0.0,0.0,0.0,0.0
2019-01-16,14,0,251,0.0,0.0,0.0,0.0,0.0
2019-01-16,14,0,252,0.0,0.0,0.0,0.0,0.0
2019-01-16,14,0,254,6.13,6.13,0.0,15.954702,0.0
2019-01-16,14,0,255,2.81,2.81,0.0,7.313656,0.0
2019-01-16,14,0,258,13.45,13.45,0.0,13.406317,0.0
2019-01-16,14,0,260,4.76,4.76,0.0,23.425911,0.0
2019-01-16,14,0,265,90.78,90.78,0.0,-1394.140501,0.0
2019-01-16,14,0,266,11.63,11.63,0.0,-178.606015,0.0
2019-01-16,14,0,267,14.29,14.29,0.0,-219.456574,0.0
2019-01-16,14,0,270,454.05,454.05,0.0,-454050.0,0.0
2019-01-16,14,0,272,150.39,150.39,0.0,-38660.119659,0.0
2019-01-16,14,0,273,29.54,29.54,0.0,-29540.0,0.0
2019-01-16,14,0,274,605.65,605.65,0.0,-605650.0,0.0
2019-01-16,14,0,275,880.86,880.86,0.0,-880860.0,0.0
2019-01-16,14,0,276,6.83,6.83,0.0,-6147.377364,0.0
2019-01-16,14,0,277,8.67,8.67,0.0,-2320.636565,0.0
2019-01-16,14,0,278,13.87,13.87,0.0,-3712.483178,0.0
2019-01-16,14,0,279,264.6,264.6,0.0,-70823.579591,0.0
2019-01-16,14,0,281,20.38,20.38,0.0,-20380.0,0.0
2019-01-16,14,0,282,359.79,359.79,0.0,-359790.0,0.0
2019-01-16,15,0,9,3.15,3.15,0.0,-1220.694286,0.0
2019-01-16,15,0,17,18.86,18.86,0.0,234.020838,0.0
2019-01-16,15,0,19,11.0,11.0,0.0,136.491475,0.0
2019-01-16,15,0,20,13.34,13.34,0.0,165.526935,0.0
2019-01-16,15,0,21,71.93,71.93,0.0,-27874.45714,0.0
2019-01-16,15,0,22,255.65,255.65,0.0,-99069.998161,0.0
2019-01-16,15,0,23,32.64,32.64,0.0,-12648.717935,0.0
2019-01-16,15,0,24,57.75,57.75,0.0,-22379.395243,0.0
2019-01-16,15,0,29,2.04,2.04,0.0,10.649225,0.0
2019-01-16,15,0,30,615.28,615.28,0.0,-615280.0,0.0
2019-01-16,15,0,31,72.37,72.37,0.0,-72370.0,0.0
2019-01-16,15,0,32,4.98,4.98,0.0,207.521167,0.0
2019-01-16,15,0,33,0.97,0.97,0.0,15.811555,0.0
2019-01-16,15,0,34,1.55,1.55,0.0,25.265887,0.0
2019-01-16,15,0,35,1.55,1.55,0.0,25.265887,0.0
2019-01-16,15,0,36,8.89,8.89,0.0,58.480291,0.0
2019-01-16,15,0,37,3.73,3.73,0.0,24.468713,0.0
2019-01-16,15,0,38,4.79,4.79,0.0,31.422288,0.0
2019-01-16,15,0,39,3.2,3.2,0.0,20.991925,0.0
2019-01-16,15,0,40,3.2,3.2,0.0,20.991925,0.0
2019-01-16,15,0,41,22.95,22.95,0.0,-151.034318,0.0
2019-01-16,15,0,42,49.38,49.38,0.0,571.060502,0.0
2019-01-16,15,0,43,28.32,28.32,0.0,202.748154,0.0
2019-01-16,15,0,46,30.68,30.68,0.0,178.907377,0.0
2019-01-16,15,0,52,76.71,76.71,0.0,-76710.0,0.0
2019-01-16,15,0,53,121.86,121.86,0.0,-121860.0,0.0
2019-01-16,15,0,55,623.0,623.0,0.0,-241426.203225,0.0
2019-01-16,15,0,56,181.49,181.49,0.0,-181490.0,0.0
2019-01-16,15,0,57,172.63,172.63,0.0,-172630.0,0.0
2019-01-16,15,0,58,331.99,331.99,0.0,-331990.0,0.0
2019-01-16,15,0,59,326.45,326.45,0.0,-326450.0,0.0
2019-01-16,15,0,63,51.0,51.0,0.0,5784.952122,0.0
2019-01-16,15,0,64,60.0,60.0,0.0,6805.826026,0.0
2019-01-16,15,0,65,0.0,0.0,0.0,0.0,0.0
2019-01-16,15,0,67,325.62,325.62,0.0,-180576.263512,0.0
2019-01-16,15,0,68,34.0,34.0,0.0,-13909.513451,0.0
2019-01-16,15,0,69,0.97,0.97,0.0,15.811555,0.0
2019-01-16,15,0,74,7.87,7.87,0.0,59.492055,0.0
2019-01-16,15,0,77,60.0,60.0,0.0,-17238.133467,0.0
2019-01-16,15,0,78,45.36,45.36,0.0,-13032.028901,0.0
2019-01-16,15,0,79,26.25,26.25,0.0,-7541.683392,0.0
2019-01-16,15,0,80,42.45,42.45,0.0,-12195.979428,0.0
2019-01-16,15,0,81,55.5,55.5,0.0,-15945.273457,0.0
2019-01-16,15,0,82,39.15,39.15,0.0,-11247.882087,0.0
2019-01-16,15,0,83,87.3,87.3,0.0,-25081.484194,0.0
2019-01-16,15,0,84,0.0,0.0,0.0,0.0,0.0
2019-01-16,15,0,86,4.92,4.92,0.0,80.198815,0.0
2019-01-16,15,0,87,25.11,25.11,0.0,409.307367,0.0
2019-01-16,15,0,88,51.18,51.18,0.0,-14704.127847,0.0
2019-01-16,15,0,89,49.2,49.2,0.0,-14135.269443,0.0
2019-01-16,15,0,90,66.06,66.06,0.0,-18979.184947,0.0
2019-01-16,15,0,91,235.65,235.65,0.0,-67702.76919,0.0
2019-01-16,15,0,92,84.75,84.75,0.0,-24348.863522,0.0
2019-01-16,15,0,95,120.0,120.0,0.0,3049.643213,0.0
2019-01-16,15,0,96,29.88,29.88,0.0,1341.385225,0.0
2019-01-16,15,0,97,183.75,183.75,0.0,8248.980428,0.0
2019-01-16,15,0,99,1.52,1.52,0.0,11.490206,0.0
2019-01-16,15,0,101,12.39,12.39,0.0,-12390.0,0.0
2019-01-16,15,0,102,80.5,80.5,0.0,-32932.818612,0.0
2019-01-16,15,0,103,70.0,70.0,0.0,-28637.233576,0.0
2019-01-16,15,0,104,13.0,13.0,0.0,-5318.343378,0.0
2019-01-16,15,0,106,251.66,251.66,0.0,-97523.785399,0.0
2019-01-16,15,0,109,58.13,58.13,0.0,263.579018,0.0
2019-01-16,15,0,110,186.36,186.36,0.0,-186360.0,0.0
2019-01-16,15,0,111,20.43,20.43,0.0,-134.450158,0.0
2019-01-16,15,0,113,45.0,45.0,0.0,-11699.430156,0.0
2019-01-16,15,0,115,45.0,45.0,0.0,-11699.430156,0.0
2019-01-16,15,0,116,114.69,114.69,0.0,-114690.0,0.0
2019-01-16,15,0,117,3.0,3.0,0.0,-779.96201,0.0
2019-01-16,15,0,119,60.0,60.0,0.0,6805.826026,0.0
2019-01-16,15,0,120,35.28,35.28,0.0,4001.825703,0.0
2019-01-16,15,0,123,4.19,4.19,0.0,-1623.717161,0.0
2019-01-16,15,0,125,52.26,52.26,0.0,-20251.899487,0.0
2019-01-16,15,0,126,188.75,188.75,0.0,-73144.776659,0.0
2019-01-16,15,0,127,242.23,242.23,0.0,-93869.452981,0.0
2019-01-16,15,0,128,74.85,74.85,0.0,-29006.021367,0.0
2019-01-16,15,0,131,73.62,73.62,0.0,-27258.245569,0.0
2019-01-16,15,0,132,108.35,108.35,0.0,-40117.235906,0.0
2019-01-16,15,0,133,2.3,2.3,0.0,28.573089,0.0
2019-01-16,15,0,134,0.0,0.0,0.0,0.0,0.0
2019-01-16,15,0,135,3.08,3.08,0.0,38.263093,0.0
2019-01-16,15,0,136,0.0,0.0,0.0,0.0,0.0
2019-01-16,15,0,139,29.84,29.84,0.0,-196.377519,0.0
2019-01-16,15,0,140,137.92,137.92,0.0,-137920.0,0.0
2019-01-16,15,0,141,230.0,230.0,0.0,-127549.108187,0.0
2019-01-16,15,0,142,429.41,429.41,0.0,-238134.184985,0.0
2019-01-16,15,0,143,161.52,161.52,0.0,-161520.0,0.0
2019-01-16,15,0,145,30.0,30.0,0.0,20.915909,0.0
2019-01-16,15,0,146,268.0,268.0,0.0,-268000.0,0.0
2019-01-16,15,0,152,6.28,6.28,0.0,51.075937,0.0
2019-01-16,15,0,153,7.62,7.62,0.0,60.529386,0.0
2019-01-16,15,0,154,84.27,84.27,0.0,-554.582222,0.0
2019-01-16,15,0,157,250.0,250.0,0.0,-138640.334986,0.0
2019-01-16,15,0,158,318.62,318.62,0.0,-176694.334133,0.0
2019-01-16,15,0,159,0.0,0.0,0.0,0.0,0.0
2019-01-16,15,0,160,1.85,1.85,0.0,16.608204,0.0
2019-01-16,15,0,161,60.83,60.83,0.0,-24885.755978,0.0
2019-01-16,15,0,162,162.5,162.5,0.0,4260.355039,0.0
2019-01-16,15,0,163,142.89,142.89,0.0,-142890.0,0.0
2019-01-16,15,0,164,23.87,23.87,0.0,-23870.0,0.0
2019-01-16,15,0,167,5.61,5.61,0.0,126.574424,0.0
2019-01-16,15,0,168,2.81,2.81,0.0,63.400023,0.0
2019-01-16,15,0,169,0.0,0.0,0.0,0.0,0.0
2019-01-16,15,0,170,6.14,6.14,0.0,138.532435,0.0
2019-01-16,15,0,172,7.1,7.1,0.0,102.992196,0.0
2019-01-16,15,0,173,10.82,10.82,0.0,156.954305,0.0
2019-01-16,15,0,188,10.08,10.08,0.0,239.452467,0.0
2019-01-16,15,0,190,8.92,8.92,0.0,289.253809,0.0
2019-01-16,15,0,191,23.04,23.04,0.0,747.130916,0.0
2019-01-16,15,0,192,229.65,229.65,0.0,7446.988492,0.0
2019-01-16,15,0,194,52.95,52.95,0.0,-6683.848296,0.0
2019-01-16,15,0,196,6.13,6.13,0.0,1636.753975,0.0
2019-01-16,15,0,198,3.97,3.97,0.0,44.980901,0.0
2019-01-16,15,0,199,130.0,130.0,0.0,-3588.023167,0.0
2019-01-16,15,0,200,15.11,15.11,0.0,-417.038693,0.0
2019-01-16,15,0,204,222.84,222.84,0.0,950.486363,0.0
2019-01-16,15,0,205,307.5,307.5,0.0,1394.298089,0.0
2019-01-16,15,0,206,539.94,539.94,0.0,24239.20812,0.0
2019-01-16,15,0,210,0.63,0.63,0.0,3.934492,0.0
2019-01-16,15,0,214,3.57,3.57,0.0,66.37917,0.0
2019-01-16,15,0,217,2.41,2.41,0.0,32.064088,0.0
2019-01-16,15,0,218,3.32,3.32,0.0,44.171275,0.0
2019-01-16,15,0,219,2.26,2.26,0.0,30.068398,0.0
2019-01-16,15,0,221,1.9,1.9,0.0,35.32785,0.0
2019-01-16,15,0,225,1.85,1.85,0.0,9.474255,0.0
2019-01-16,15,0,233,2.78,2.78,0.0,45.315591,0.0
2019-01-16,15,0,236,0.0,0.0,0.0,0.0,0.0
2019-01-16,15,0,237,18.89,18.89,0.0,142.796051,0.0
2019-01-16,15,0,238,64.27,64.27,0.0,743.257564,0.0
2019-01-16,15,0,240,10.08,10.08,0.0,66.308361,0.0
2019-01-16,15,0,245,3.7,3.7,0.0,48.043211,0.0
2019-01-16,15,0,247,0.0,0.0,0.0,0.0,0.0
2019-01-16,15,0,248,1.9,1.9,0.0,14.362758,0.0
2019-01-16,15,0,249,7.11,7.11,0.0,92.320874,0.0
2019-01-16,15,0,251,0.0,0.0,0.0,0.0,0.0
2019-01-16,15,0,252,0.0,0.0,0.0,0.0,0.0
2019-01-16,15,0,254,5.8,5.8,0.0,44.169566,0.0
2019-01-16,15,0,255,2.66,2.66,0.0,20.257077,0.0
2019-01-16,15,0,258,12.76,12.76,0.0,85.135266,0.0
2019-01-16,15,0,260,4.5,4.5,0.0,40.398334,0.0
2019-01-16,15,0,265,87.25,87.25,0.0,-574.19365,0.0
2019-01-16,15,0,266,19.08,19.08,0.0,-125.565786,0.0
2019-01-16,15,0,267,23.6,23.6,0.0,-155.311979,0.0
2019-01-16,15,0,270,466.38,466.38,0.0,-466380.0,0.0
2019-01-16,15,0,272,150.39,150.39,0.0,-39099.495582,0.0
2019-01-16,15,0,273,27.43,27.43,0.0,-27430.0,0.0
2019-01-16,15,0,274,614.3,614.3,0.0,-614300.0,0.0
2019-01-16,15,0,275,881.73,881.73,0.0,-881730.0,0.0
2019-01-16,15,0,276,6.33,6.33,0.0,-5700.436871,0.0
2019-01-16,15,0,277,8.08,8.08,0.0,-2189.181594,0.0
2019-01-16,15,0,278,12.93,12.93,0.0,-3503.232427,0.0
2019-01-16,15,0,279,264.6,264.6,0.0,-71690.278429,0.0
2019-01-16,15,0,281,32.48,32.48,0.0,-32480.0,0.0
2019-01-16,15,0,282,337.52,337.52,0.0,-337520.0,0.0
2019-01-16,16,0,9,2.61,2.61,0.0,2.464624,0.0
2019-01-16,16,0,17,26.96,26.96,0.0,257.769263,0.0
2019-01-16,16,0,19,56.88,56.88,0.0,543.839602,0.0
2019-01-16,16,0,20,71.79,71.79,0.0,686.396713,0.0
2019-01-16,16,0,21,59.6,59.6,0.0,56.280297,0.0
2019-01-16,16,0,22,211.83,211.83,0.0,200.031129,0.0
2019-01-16,16,0,23,32.64,32.64,0.0,30.821961,0.0
2019-01-16,16,0,24,57.75,57.75,0.0,54.533341,0.0
2019-01-16,16,0,29,1.69,1.69,0.0,14.349418,0.0
2019-01-16,16,0,30,504.83,504.83,0.0,450.465188,0.0
2019-01-16,16,0,31,111.29,111.29,0.0,99.305253,0.0
2019-01-16,16,0,32,3.93,3.93,0.0,159.725173,0.0
2019-01-16,16,0,33,1.7,1.7,0.0,19.067819,0.0
2019-01-16,16,0,34,2.72,2.72,0.0,30.50851,0.0
2019-01-16,16,0,35,2.72,2.72,0.0,30.50851,0.0
2019-01-16,16,0,36,9.77,9.77,0.0,67.266118,0.0
2019-01-16,16,0,37,4.57,4.57,0.0,31.225763,0.0
2019-01-16,16,0,38,5.87,5.87,0.0,40.108365,0.0
2019-01-16,16,0,39,3.92,3.92,0.0,26.784462,0.0
2019-01-16,16,0,40,3.92,3.92,0.0,26.784462,0.0
2019-01-16,16,0,41,31.43,31.43,0.0,115.81263,0.0
2019-01-16,16,0,42,46.07,46.07,0.0,423.953985,0.0
2019-01-16,16,0,43,27.84,27.84,0.0,199.311745,0.0
2019-01-16,16,0,46,24.73,24.73,0.0,154.760341,0.0
2019-01-16,16,0,52,117.97,117.97,0.0,105.265888,0.0
2019-01-16,16,0,53,187.41,187.41,0.0,167.22794,0.0
2019-01-16,16,0,55,623.0,623.0,0.0,588.299075,0.0
2019-01-16,16,0,56,148.91,148.91,0.0,132.87398,0.0
2019-01-16,16,0,57,141.64,141.64,0.0,126.386881,0.0
2019-01-16,16,0,58,272.39,272.39,0.0,243.056499,0.0
2019-01-16,16,0,59,267.85,267.85,0.0,239.005409,0.0
2019-01-16,16,0,63,51.0,51.0,0.0,5716.379471,0.0
2019-01-16,16,0,64,60.0,60.0,0.0,6725.152319,0.0
2019-01-16,16,0,65,1.95,1.95,0.0,18.514325,0.0
2019-01-16,16,0,67,271.24,271.24,0.0,-150935.503935,0.0
2019-01-16,16,0,68,34.0,34.0,0.0,-13995.363241,0.0
2019-01-16,16,0,69,1.7,1.7,0.0,19.067819,0.0
2019-01-16,16,0,74,9.67,9.67,0.0,73.749838,0.0
2019-01-16,16,0,77,60.0,60.0,0.0,-17442.591105,0.0
2019-01-16,16,0,78,45.36,45.36,0.0,-13186.598876,0.0
2019-01-16,16,0,79,26.25,26.25,0.0,-7631.133609,0.0
2019-01-16,16,0,80,42.45,42.45,0.0,-12340.633207,0.0
2019-01-16,16,0,81,55.5,55.5,0.0,-16134.396772,0.0
2019-01-16,16,0,82,39.15,39.15,0.0,-11381.290696,0.0
2019-01-16,16,0,83,87.3,87.3,0.0,-25378.970058,0.0
2019-01-16,16,0,84,0.0,0.0,0.0,0.0,0.0
2019-01-16,16,0,86,8.63,8.63,0.0,96.797222,0.0
2019-01-16,16,0,87,44.05,44.05,0.0,494.080839,0.0
2019-01-16,16,0,88,51.18,51.18,0.0,-14878.530213,0.0
2019-01-16,16,0,89,49.2,49.2,0.0,-14302.924706,0.0
2019-01-16,16,0,90,66.06,66.06,0.0,-19204.292807,0.0
2019-01-16,16,0,91,235.65,235.65,0.0,-68505.776566,0.0
2019-01-16,16,0,92,84.75,84.75,0.0,-24637.659936,0.0
2019-01-16,16,0,95,120.0,120.0,0.0,3049.643213,0.0
2019-01-16,16,0,96,29.88,29.88,0.0,25.038734,0.0
2019-01-16,16,0,97,183.75,183.75,0.0,153.97816,0.0
2019-01-16,16,0,99,2.12,2.12,0.0,16.168527,0.0
2019-01-16,16,0,101,10.17,10.17,0.0,9.074799,0.0
2019-01-16,16,0,102,80.5,80.5,0.0,-33136.080614,0.0
2019-01-16,16,0,103,70.0,70.0,0.0,-28813.983143,0.0
2019-01-16,16,0,104,13.0,13.0,0.0,-5351.168298,0.0
2019-01-16,16,0,106,208.53,208.53,0.0,196.914938,0.0
2019-01-16,16,0,109,51.41,51.41,0.0,278.374307,0.0
2019-01-16,16,0,110,317.55,317.55,0.0,-317550.0,0.0
2019-01-16,16,0,111,17.01,17.01,0.0,62.678105,0.0
2019-01-16,16,0,113,45.0,45.0,0.0,-11804.502635,0.0
2019-01-16,16,0,115,45.0,45.0,0.0,-11804.502635,0.0
2019-01-16,16,0,116,93.36,93.36,0.0,-93360.0,0.0
2019-01-16,16,0,117,3.0,3.0,0.0,-786.966842,0.0
2019-01-16,16,0,119,60.0,60.0,0.0,6725.152319,0.0
2019-01-16,16,0,120,35.28,35.28,0.0,3954.389564,0.0
2019-01-16,16,0,123,3.48,3.48,0.0,3.286165,0.0
2019-01-16,16,0,125,52.26,52.26,0.0,49.349133,0.0
2019-01-16,16,0,126,156.4,156.4,0.0,147.688564,0.0
2019-01-16,16,0,127,200.71,200.71,0.0,189.53051,0.0
2019-01-16,16,0,128,74.85,74.85,0.0,70.680876,0.0
2019-01-16,16,0,131,30.0,30.0,0.0,-11188.40937,0.0
2019-01-16,16,0,132,44.1,44.1,0.0,-16446.961773,0.0
2019-01-16,16,0,133,10.95,10.95,0.0,104.763619,0.0
2019-01-16,16,0,134,0.0,0.0,0.0,0.0,0.0
2019-01-16,16,0,135,13.92,13.92,0.0,133.178957,0.0
2019-01-16,16,0,136,1.2,1.2,0.0,11.38904,0.0
2019-01-16,16,0,139,40.93,40.93,0.0,150.818039,0.0
2019-01-16,16,0,140,235.02,235.02,0.0,-235020.0,0.0
2019-01-16,16,0,141,230.0,230.0,0.0,-127986.896863,0.0
2019-01-16,16,0,142,357.69,357.69,0.0,-199041.883213,0.0
2019-01-16,16,0,143,238.5,238.5,0.0,212.816091,0.0
2019-01-16,16,0,145,30.0,30.0,0.0,77.147774,0.0
2019-01-16,16,0,146,268.0,268.0,0.0,-268000.0,0.0
2019-01-16,16,0,152,7.51,7.51,0.0,57.562844,0.0
2019-01-16,16,0,153,9.07,9.07,0.0,68.74219,0.0
2019-01-16,16,0,154,70.16,70.16,0.0,258.524153,0.0
2019-01-16,16,0,157,250.0,250.0,0.0,-139116.192242,0.0
2019-01-16,16,0,158,262.05,262.05,0.0,-145821.592709,0.0
2019-01-16,16,0,159,0.0,0.0,0.0,0.0,0.0
2019-01-16,16,0,160,2.13,2.13,0.0,17.532736,0.0
2019-01-16,16,0,161,50.57,50.57,0.0,-20816.044679,0.0
2019-01-16,16,0,162,162.5,162.5,0.0,4258.932546,0.0
2019-01-16,16,0,163,146.36,146.36,0.0,-146360.0,0.0
2019-01-16,16,0,164,19.36,19.36,0.0,17.275134,0.0
2019-01-16,16,0,167,4.4,4.4,0.0,99.489282,0.0
2019-01-16,16,0,168,2.2,2.2,0.0,49.744641,0.0
2019-01-16,16,0,169,0.0,0.0,0.0,0.0,0.0
2019-01-16,16,0,170,4.81,4.81,0.0,108.759874,0.0
2019-01-16,16,0,172,6.06,6.06,0.0,89.325696,0.0
2019-01-16,16,0,173,9.23,9.23,0.0,136.052173,0.0
2019-01-16,16,0,188,8.03,8.03,0.0,185.942619,0.0
2019-01-16,16,0,190,7.28,7.28,0.0,236.072616,0.0
2019-01-16,16,0,191,18.8,18.8,0.0,609.638074,0.0
2019-01-16,16,0,192,299.55,299.55,0.0,9713.674735,0.0
2019-01-16,16,0,194,52.95,52.95,0.0,-6778.988143,0.0
2019-01-16,16,0,196,4.89,4.89,0.0,1295.910827,0.0
2019-01-16,16,0,198,5.09,5.09,0.0,50.096388,0.0
2019-01-16,16,0,199,130.0,130.0,0.0,-3725.314674,0.0
2019-01-16,16,0,200,15.66,15.66,0.0,-448.757137,0.0
2019-01-16,16,0,204,198.9,198.9,0.0,1033.302801,0.0
2019-01-16,16,0,205,271.97,271.97,0.0,1472.660188,0.0
2019-01-16,16,0,206,539.94,539.94,0.0,452.456967,0.0
2019-01-16,16,0,210,0.57,0.57,0.0,5.058981,0.0
2019-01-16,16,0,214,3.48,3.48,0.0,42.442384,0.0
2019-01-16,16,0,217,2.2,2.2,0.0,23.747906,0.0
2019-01-16,16,0,218,3.04,3.04,0.0,32.815288,0.0
2019-01-16,16,0,219,2.07,2.07,0.0,22.344621,0.0
2019-01-16,16,0,221,1.85,1.85,0.0,22.562762,0.0
2019-01-16,16,0,225,1.58,1.58,0.0,13.356744,0.0
2019-01-16,16,0,233,4.88,4.88,0.0,54.735857,0.0
2019-01-16,16,0,236,7.15,7.15,0.0,61.833298,0.0
2019-01-16,16,0,237,22.12,22.12,0.0,168.7018,0.0
2019-01-16,16,0,238,59.96,59.96,0.0,551.775145,0.0
2019-01-16,16,0,240,11.07,11.07,0.0,76.216574,0.0
2019-01-16,16,0,245,28.1,28.1,0.0,275.555973,0.0
2019-01-16,16,0,247,19.55,19.55,0.0,191.712429,0.0
2019-01-16,16,0,248,2.6,2.6,0.0,19.829326,0.0
2019-01-16,16,0,249,54.04,54.04,0.0,529.930419,0.0
2019-01-16,16,0,251,12.24,12.24,0.0,114.87361,0.0
2019-01-16,16,0,252,12.6,12.6,0.0,119.63102,0.0
2019-01-16,16,0,254,12.5,12.5,0.0,92.852817,0.0
2019-01-16,16,0,255,5.73,5.73,0.0,42.563731,0.0
2019-01-16,16,0,258,13.55,13.55,0.0,93.891403,0.0
2019-01-16,16,0,260,5.16,5.16,0.0,42.473669,0.0
2019-01-16,16,0,265,72.64,72.64,0.0,267.662407,0.0
2019-01-16,16,0,266,26.1,26.1,0.0,96.172754,0.0
2019-01-16,16,0,267,32.33,32.33,0.0,119.128932,0.0
2019-01-16,16,0,270,395.58,395.58,0.0,-395580.0,0.0
2019-01-16,16,0,272,150.39,150.39,0.0,-39450.647807,0.0
2019-01-16,16,0,273,22.33,22.33,0.0,-22330.0,0.0
2019-01-16,16,0,274,493.67,493.67,0.0,-493670.0,0.0
2019-01-16,16,0,275,661.83,661.83,0.0,-661830.0,0.0
2019-01-16,16,0,276,5.14,5.14,0.0,-4630.975238,0.0
2019-01-16,16,0,277,6.57,6.57,0.0,-1798.230787,0.0
2019-01-16,16,0,278,10.52,10.52,0.0,-2879.358885,0.0
2019-01-16,16,0,279,604.22,604.22,0.0,-165377.017651,0.0
2019-01-16,16,0,281,49.95,49.95,0.0,44.570917,0.0
2019-01-16,16,0,282,276.93,276.93,0.0,247.10759,0.0
2019-01-16,17,0,9,1.8,1.8,0.0,10.846829,0.0
2019-01-16,17,0,17,18.58,18.58,0.0,176.508298,0.0
2019-01-16,17,0,19,58.3,58.3,0.0,553.84466,0.0
2019-01-16,17,0,20,70.2,70.2,0.0,666.893569,0.0
2019-01-16,17,0,21,41.11,41.11,0.0,247.729524,0.0
2019-01-16,17,0,22,146.1,146.1,0.0,880.400961,0.0
2019-01-16,17,0,23,47.2,47.2,0.0,284.427963,0.0
2019-01-16,17,0,24,83.96,83.96,0.0,505.944317,0.0
2019-01-16,17,0,29,1.13,1.13,0.0,11.00665,0.0
2019-01-16,17,0,30,353.06,353.06,0.0,2119.978432,0.0
2019-01-16,17,0,31,71.31,71.31,0.0,428.186886,0.0
2019-01-16,17,0,32,2.68,2.68,0.0,119.901423,0.0
2019-01-16,17,0,33,1.17,1.17,0.0,11.866774,0.0
2019-01-16,17,0,34,1.87,1.87,0.0,18.966553,0.0
2019-01-16,17,0,35,1.87,1.87,0.0,18.966553,0.0
2019-01-16,17,0,36,6.88,6.88,0.0,58.396621,0.0
2019-01-16,17,0,37,3.17,3.17,0.0,26.856169,0.0
2019-01-16,17,0,38,4.07,4.07,0.0,34.480949,0.0
2019-01-16,17,0,39,2.71,2.71,0.0,22.959059,0.0
2019-01-16,17,0,40,2.71,2.71,0.0,22.959059,0.0
2019-01-16,17,0,41,9.14,9.14,0.0,65.347945,0.0
2019-01-16,17,0,42,31.89,31.89,0.0,298.509789,0.0
2019-01-16,17,0,43,19.13,19.13,0.0,164.979677,0.0
2019-01-16,17,0,46,17.39,17.39,0.0,143.285286,0.0
2019-01-16,17,0,52,75.59,75.59,0.0,453.886506,0.0
2019-01-16,17,0,53,120.09,120.09,0.0,721.090494,0.0
2019-01-16,17,0,55,607.64,607.64,0.0,3661.648461,0.0
2019-01-16,17,0,56,104.14,104.14,0.0,625.317379,0.0
2019-01-16,17,0,57,99.06,99.06,0.0,594.814093,0.0
2019-01-16,17,0,58,190.5,190.5,0.0,1143.873255,0.0
2019-01-16,17,0,59,187.33,187.33,0.0,1124.838724,0.0
2019-01-16,17,0,63,95.49,95.49,0.0,10984.796586,0.0
2019-01-16,17,0,64,112.31,112.31,0.0,12919.703682,0.0
2019-01-16,17,0,65,3.09,3.09,0.0,29.274758,0.0
2019-01-16,17,0,67,187.96,187.96,0.0,-104515.453094,0.0
2019-01-16,17,0,68,17.56,17.56,0.0,-7218.568338,0.0
2019-01-16,17,0,69,1.17,1.17,0.0,11.866774,0.0
2019-01-16,17,0,74,5.86,5.86,0.0,51.244777,0.0
2019-01-16,17,0,77,60.0,60.0,0.0,-17414.769855,0.0
2019-01-16,17,0,78,45.36,45.36,0.0,-13165.56601,0.0
2019-01-16,17,0,79,26.25,26.25,0.0,-7618.961812,0.0
2019-01-16,17,0,80,42.45,42.45,0.0,-12320.949672,0.0
2019-01-16,17,0,81,55.5,55.5,0.0,-16108.662116,0.0
2019-01-16,17,0,82,39.15,39.15,0.0,-11363.13733,0.0
2019-01-16,17,0,83,87.3,87.3,0.0,-25338.490139,0.0
2019-01-16,17,0,84,0.0,0.0,0.0,0.0,0.0
2019-01-16,17,0,86,5.93,5.93,0.0,60.145273,0.0
2019-01-16,17,0,87,30.28,30.28,0.0,307.116169,0.0
2019-01-16,17,0,88,51.18,51.18,0.0,-14854.798686,0.0
2019-01-16,17,0,89,49.2,49.2,0.0,-14280.111281,0.0
2019-01-16,17,0,90,66.06,66.06,0.0,-19173.66161,0.0
2019-01-16,17,0,91,235.65,235.65,0.0,-68396.508605,0.0
2019-01-16,17,0,92,84.75,84.75,0.0,-24598.36242,0.0
2019-01-16,17,0,95,120.0,120.0,0.0,3049.643213,0.0
2019-01-16,17,0,96,25.41,25.41,0.0,152.007329,0.0
2019-01-16,17,0,97,156.26,156.26,0.0,934.776277,0.0
2019-01-16,17,0,99,1.19,1.19,0.0,10.406363,0.0
2019-01-16,17,0,101,7.11,7.11,0.0,42.692592,0.0
2019-01-16,17,0,102,41.52,41.52,0.0,-17068.049966,0.0
2019-01-16,17,0,103,36.11,36.11,0.0,-14844.106076,0.0
2019-01-16,17,0,104,6.73,6.73,0.0,-2766.569756,0.0
2019-01-16,17,0,106,143.83,143.83,0.0,866.721905,0.0
2019-01-16,17,0,109,33.01,33.01,0.0,259.911105,0.0
2019-01-16,17,0,110,222.4,222.4,0.0,-222400.0,0.0
2019-01-16,17,0,111,12.7,12.7,0.0,90.800755,0.0
2019-01-16,17,0,113,41.03,41.03,0.0,-10716.41494,0.0
2019-01-16,17,0,115,41.03,41.03,0.0,-10716.41494,0.0
2019-01-16,17,0,116,66.08,66.08,0.0,-66080.0,0.0
2019-01-16,17,0,117,2.74,2.74,0.0,-715.646525,0.0
2019-01-16,17,0,119,112.31,112.31,0.0,12919.703682,0.0
2019-01-16,17,0,120,66.1,66.1,0.0,7603.885793,0.0
2019-01-16,17,0,123,2.4,2.4,0.0,14.462439,0.0
2019-01-16,17,0,125,75.89,75.89,0.0,457.314367,0.0
2019-01-16,17,0,126,107.87,107.87,0.0,650.026364,0.0
2019-01-16,17,0,127,138.43,138.43,0.0,834.181417,0.0
2019-01-16,17,0,128,109.23,109.23,0.0,658.221745,0.0
2019-01-16,17,0,131,30.0,30.0,0.0,-11170.884425,0.0
2019-01-16,17,0,132,44.1,44.1,0.0,-16421.200105,0.0
2019-01-16,17,0,133,24.87,24.87,0.0,236.323354,0.0
2019-01-16,17,0,134,0.0,0.0,0.0,0.0,0.0
2019-01-16,17,0,135,32.56,32.56,0.0,309.396398,0.0
2019-01-16,17,0,136,2.14,2.14,0.0,20.271388,0.0
2019-01-16,17,0,139,11.81,11.81,0.0,84.437552,0.0
2019-01-16,17,0,140,164.6,164.6,0.0,-164600.0,0.0
2019-01-16,17,0,141,230.0,230.0,0.0,-127891.861096,0.0
2019-01-16,17,0,142,247.87,247.87,0.0,-137828.502652,0.0
2019-01-16,17,0,143,169.36,169.36,0.0,1016.936349,0.0
2019-01-16,17,0,145,24.51,24.51,0.0,164.1805,0.0
2019-01-16,17,0,146,268.0,268.0,0.0,-268000.0,0.0
2019-01-16,17,0,152,5.21,5.21,0.0,45.671335,0.0
2019-01-16,17,0,153,6.27,6.27,0.0,54.755641,0.0
2019-01-16,17,0,154,52.39,52.39,0.0,374.570987,0.0
2019-01-16,17,0,157,250.0,250.0,0.0,-139012.892496,0.0
2019-01-16,17,0,158,183.5,183.5,0.0,-102035.463092,0.0
2019-01-16,17,0,159,0.0,0.0,0.0,0.0,0.0
2019-01-16,17,0,160,1.47,1.47,0.0,13.3882,0.0
2019-01-16,17,0,161,35.41,35.41,0.0,-14556.349935,0.0
2019-01-16,17,0,162,162.5,162.5,0.0,4257.927221,0.0
2019-01-16,17,0,163,185.4,185.4,0.0,-185400.0,0.0
2019-01-16,17,0,164,13.89,13.89,0.0,83.403672,0.0
2019-01-16,17,0,167,2.99,2.99,0.0,67.171258,0.0
2019-01-16,17,0,168,1.49,1.49,0.0,33.473303,0.0
2019-01-16,17,0,169,0.0,0.0,0.0,0.0,0.0
2019-01-16,17,0,170,3.26,3.26,0.0,73.23689,0.0
2019-01-16,17,0,172,4.13,4.13,0.0,74.368507,0.0
2019-01-16,17,0,173,6.29,6.29,0.0,113.263417,0.0
2019-01-16,17,0,188,5.5,5.5,0.0,144.980157,0.0
2019-01-16,17,0,190,5.07,5.07,0.0,164.407715,0.0
2019-01-16,17,0,191,13.1,13.1,0.0,424.800998,0.0
2019-01-16,17,0,192,215.65,215.65,0.0,6993.002692,0.0
2019-01-16,17,0,194,52.95,52.95,0.0,-6680.15958,0.0
2019-01-16,17,0,196,3.44,3.44,0.0,922.463922,0.0
2019-01-16,17,0,198,3.5,3.5,0.0,34.586365,0.0
2019-01-16,17,0,199,130.0,130.0,0.0,-3683.077828,0.0
2019-01-16,17,0,200,10.82,10.82,0.0,-306.545401,0.0
2019-01-16,17,0,204,131.32,131.32,0.0,1022.442784,0.0
2019-01-16,17,0,205,174.62,174.62,0.0,1374.906912,0.0
2019-01-16,17,0,206,459.16,459.16,0.0,2746.780208,0.0
2019-01-16,17,0,210,0.39,0.39,0.0,3.850012,0.0
2019-01-16,17,0,214,2.38,2.38,0.0,25.044214,0.0
2019-01-16,17,0,217,1.49,1.49,0.0,15.286055,0.0
2019-01-16,17,0,218,2.05,2.05,0.0,21.03115,0.0
2019-01-16,17,0,219,1.4,1.4,0.0,14.362736,0.0
2019-01-16,17,0,221,1.27,1.27,0.0,13.36393,0.0
2019-01-16,17,0,225,1.07,1.07,0.0,10.408646,0.0
2019-01-16,17,0,233,3.36,3.36,0.0,34.078941,0.0
2019-01-16,17,0,236,8.47,8.47,0.0,77.466488,0.0
2019-01-16,17,0,237,14.48,14.48,0.0,126.62532,0.0
2019-01-16,17,0,238,41.5,41.5,0.0,388.465231,0.0
2019-01-16,17,0,240,7.8,7.8,0.0,66.205471,0.0
2019-01-16,17,0,245,28.9,28.9,0.0,277.29737,0.0
2019-01-16,17,0,247,24.99,24.99,0.0,239.780667,0.0
2019-01-16,17,0,248,1.47,1.47,0.0,12.854919,0.0
2019-01-16,17,0,249,55.57,55.57,0.0,533.197745,0.0
2019-01-16,17,0,251,18.09,18.09,0.0,170.616674,0.0
2019-01-16,17,0,252,19.95,19.95,0.0,189.006932,0.0
2019-01-16,17,0,254,8.65,8.65,0.0,75.648205,0.0
2019-01-16,17,0,255,3.96,3.96,0.0,34.632011,0.0
2019-01-16,17,0,258,9.61,9.61,0.0,81.780013,0.0
2019-01-16,17,0,260,3.58,3.58,0.0,32.605276,0.0
2019-01-16,17,0,265,54.24,54.24,0.0,387.797869,0.0
2019-01-16,17,0,266,7.64,7.64,0.0,54.623446,0.0
2019-01-16,17,0,267,9.39,9.39,0.0,67.135361,0.0
2019-01-16,17,0,270,578.99,578.99,0.0,-578990.0,0.0
2019-01-16,17,0,272,137.13,137.13,0.0,-35816.280299,0.0
2019-01-16,17,0,273,15.8,15.8,0.0,-15800.0,0.0
2019-01-16,17,0,274,746.39,746.39,0.0,-746390.0,0.0
2019-01-16,17,0,275,1038.99,1038.99,0.0,-1038990.0,0.0
2019-01-16,17,0,276,3.62,3.62,0.0,-3261.169985,0.0
2019-01-16,17,0,277,4.6,4.6,0.0,-1255.045636,0.0
2019-01-16,17,0,278,7.35,7.35,0.0,-2005.344657,0.0
2019-01-16,17,0,279,248.23,248.23,0.0,-67726.082218,0.0
2019-01-16,17,0,281,32.0,32.0,0.0,192.146688,0.0
2019-01-16,17,0,282,193.68,193.68,0.0,1162.967832,0.0
2019-01-16,18,0,9,0.96,0.96,0.0,5.417481,0.0
2019-01-16,18,0,17,9.14,9.14,0.0,96.692905,0.0
2019-01-16,18,0,19,81.29,81.29,0.0,859.974428,0.0
2019-01-16,18,0,20,98.99,98.99,0.0,1047.224365,0.0
2019-01-16,18,0,21,21.88,21.88,0.0,123.473417,0.0
2019-01-16,18,0,22,77.76,77.76,0.0,438.815945,0.0
2019-01-16,18,0,23,62.2,62.2,0.0,351.00761,0.0
2019-01-16,18,0,24,110.37,110.37,0.0,622.840995,0.0
2019-01-16,18,0,29,0.47,0.47,0.0,3.908879,0.0
2019-01-16,18,0,30,196.29,196.29,0.0,1102.113434,0.0
2019-01-16,18,0,31,31.27,31.27,0.0,175.572302,0.0
2019-01-16,18,0,32,1.13,1.13,0.0,26.515775,0.0
2019-01-16,18,0,33,0.56,0.56,0.0,6.492978,0.0
2019-01-16,18,0,34,0.9,0.9,0.0,10.435143,0.0
2019-01-16,18,0,35,0.9,0.9,0.0,10.435143,0.0
2019-01-16,18,0,36,3.37,3.37,0.0,29.869325,0.0
2019-01-16,18,0,37,1.55,1.55,0.0,13.670003,0.0
2019-01-16,18,0,38,1.99,1.99,0.0,17.55052,0.0
2019-01-16,18,0,39,1.33,1.33,0.0,11.729744,0.0
2019-01-16,18,0,40,1.33,1.33,0.0,11.729744,0.0
2019-01-16,18,0,41,6.27,6.27,0.0,44.902887,0.0
2019-01-16,18,0,42,17.08,17.08,0.0,176.931129,0.0
2019-01-16,18,0,43,9.19,9.19,0.0,82.251713,0.0
2019-01-16,18,0,46,8.37,8.37,0.0,71.07915,0.0
2019-01-16,18,0,52,33.15,33.15,0.0,186.127976,0.0
2019-01-16,18,0,53,52.67,52.67,0.0,295.727315,0.0
2019-01-16,18,0,55,281.93,281.93,0.0,1590.98996,0.0
2019-01-16,18,0,56,57.9,57.9,0.0,325.092301,0.0
2019-01-16,18,0,57,55.07,55.07,0.0,309.202643,0.0
2019-01-16,18,0,58,105.91,105.91,0.0,594.65502,0.0
2019-01-16,18,0,59,104.15,104.15,0.0,584.773112,0.0
2019-01-16,18,0,63,147.63,147.63,0.0,4787.280257,0.0
2019-01-16,18,0,64,173.68,173.68,0.0,5632.01812,0.0
2019-01-16,18,0,65,4.59,4.59,0.0,48.370344,0.0
2019-01-16,18,0,67,99.45,99.45,0.0,-4621.787438,0.0
2019-01-16,18,0,68,6.06,6.06,0.0,-177.303409,0.0
2019-01-16,18,0,69,0.56,0.56,0.0,6.492978,0.0
2019-01-16,18,0,74,5.57,5.57,0.0,52.375275,0.0
2019-01-16,18,0,77,38.59,38.59,0.0,-568.891623,0.0
2019-01-16,18,0,78,29.17,29.17,0.0,-430.022509,0.0
2019-01-16,18,0,79,16.88,16.88,0.0,-248.844016,0.0
2019-01-16,18,0,80,27.3,27.3,0.0,-402.455074,0.0
2019-01-16,18,0,81,35.69,35.69,0.0,-526.139985,0.0
2019-01-16,18,0,82,25.18,25.18,0.0,-371.202153,0.0
2019-01-16,18,0,83,56.14,56.14,0.0,-827.612742,0.0
2019-01-16,18,0,84,0.0,0.0,0.0,0.0,0.0
2019-01-16,18,0,86,2.84,2.84,0.0,32.928673,0.0
2019-01-16,18,0,87,14.52,14.52,0.0,168.353637,0.0
2019-01-16,18,0,88,34.2,34.2,0.0,-504.174488,0.0
2019-01-16,18,0,89,32.88,32.88,0.0,-484.715122,0.0
2019-01-16,18,0,90,44.15,44.15,0.0,-650.856832,0.0
2019-01-16,18,0,91,157.48,157.48,0.0,-2321.561357,0.0
2019-01-16,18,0,92,56.64,56.64,0.0,-834.983714,0.0
2019-01-16,18,0,95,120.0,120.0,0.0,2860.512293,0.0
2019-01-16,18,0,96,15.36,15.36,0.0,85.784778,0.0
2019-01-16,18,0,97,94.43,94.43,0.0,527.386497,0.0
2019-01-16,18,0,99,1.08,1.08,0.0,10.15535,0.0
2019-01-16,18,0,101,3.95,3.95,0.0,22.178145,0.0
2019-01-16,18,0,102,14.35,14.35,0.0,-419.852133,0.0
2019-01-16,18,0,103,12.48,12.48,0.0,-365.139695,0.0
2019-01-16,18,0,104,2.32,2.32,0.0,-67.878533,0.0
2019-01-16,18,0,106,76.55,76.55,0.0,431.987662,0.0
2019-01-16,18,0,109,22.16,22.16,0.0,179.049399,0.0
2019-01-16,18,0,110,154.87,154.87,0.0,-15361.986421,0.0
2019-01-16,18,0,111,6.73,6.73,0.0,48.197198,0.0
2019-01-16,18,0,113,26.74,26.74,0.0,-316.574156,0.0
2019-01-16,18,0,115,26.74,26.74,0.0,-316.574156,0.0
2019-01-16,18,0,116,32.17,32.17,0.0,-3191.031853,0.0
2019-01-16,18,0,117,1.78,1.78,0.0,-21.073373,0.0
2019-01-16,18,0,119,173.68,173.68,0.0,5632.01812,0.0
2019-01-16,18,0,120,102.13,102.13,0.0,3311.826408,0.0
2019-01-16,18,0,123,1.28,1.28,0.0,7.223308,0.0
2019-01-16,18,0,125,99.81,99.81,0.0,563.248707,0.0
2019-01-16,18,0,126,57.41,57.41,0.0,323.976638,0.0
2019-01-16,18,0,127,73.68,73.68,0.0,415.791651,0.0
2019-01-16,18,0,128,143.33,143.33,0.0,808.84117,0.0
2019-01-16,18,0,131,19.14,19.14,0.0,-471.997399,0.0
2019-01-16,18,0,132,28.14,28.14,0.0,-693.93975,0.0
2019-01-16,18,0,133,31.89,31.89,0.0,337.490118,0.0
2019-01-16,18,0,134,0.0,0.0,0.0,0.0,0.0
2019-01-16,18,0,135,42.73,42.73,0.0,452.209242,0.0
2019-01-16,18,0,136,3.48,3.48,0.0,36.665128,0.0
2019-01-16,18,0,139,8.1,8.1,0.0,58.008514,0.0
2019-01-16,18,0,140,114.62,114.62,0.0,-11369.476874,0.0
2019-01-16,18,0,141,173.34,173.34,0.0,-8055.712765,0.0
2019-01-16,18,0,142,131.15,131.15,0.0,-6094.996707,0.0
2019-01-16,18,0,143,78.41,78.41,0.0,440.250213,0.0
2019-01-16,18,0,145,14.82,14.82,0.0,96.780244,0.0
2019-01-16,18,0,146,268.0,268.0,0.0,-26583.666047,0.0
2019-01-16,18,0,152,2.61,2.61,0.0,24.557321,0.0
2019-01-16,18,0,153,3.13,3.13,0.0,29.283923,0.0
2019-01-16,18,0,154,27.76,27.76,0.0,198.804488,0.0
2019-01-16,18,0,157,250.0,250.0,0.0,-11618.369628,0.0
2019-01-16,18,0,158,96.6,96.6,0.0,-4489.338024,0.0
2019-01-16,18,0,159,0.0,0.0,0.0,0.0,0.0
2019-01-16,18,0,160,0.69,0.69,0.0,6.502694,0.0
2019-01-16,18,0,161,18.23,18.23,0.0,-533.373128,0.0
2019-01-16,18,0,162,162.5,162.5,0.0,3888.970181,0.0
2019-01-16,18,0,163,128.21,128.21,0.0,-12717.506806,0.0
2019-01-16,18,0,164,8.07,8.07,0.0,45.310792,0.0
2019-01-16,18,0,167,1.22,1.22,0.0,28.772144,0.0
2019-01-16,18,0,168,0.61,0.61,0.0,14.386072,0.0
2019-01-16,18,0,169,0.0,0.0,0.0,0.0,0.0
2019-01-16,18,0,170,1.33,1.33,0.0,31.366354,0.0
2019-01-16,18,0,172,1.72,1.72,0.0,36.599226,0.0
2019-01-16,18,0,173,2.62,2.62,0.0,55.749984,0.0
2019-01-16,18,0,188,2.34,2.34,0.0,51.320133,0.0
2019-01-16,18,0,190,2.33,2.33,0.0,75.556208,0.0
2019-01-16,18,0,191,6.01,6.01,0.0,194.889618,0.0
2019-01-16,18,0,192,154.74,154.74,0.0,5017.840188,0.0
2019-01-16,18,0,194,77.35,77.35,0.0,284.958672,0.0
2019-01-16,18,0,196,1.64,1.64,0.0,82.82787,0.0
2019-01-16,18,0,198,1.59,1.59,0.0,15.909127,0.0
2019-01-16,18,0,199,130.0,130.0,0.0,1207.990292,0.0
2019-01-16,18,0,200,4.79,4.79,0.0,44.509796,0.0
2019-01-16,18,0,204,94.33,94.33,0.0,750.106568,0.0
2019-01-16,18,0,205,117.2,117.2,0.0,946.958013,0.0
2019-01-16,18,0,206,277.48,277.48,0.0,1549.710953,0.0
2019-01-16,18,0,210,0.16,0.16,0.0,1.380529,0.0
2019-01-16,18,0,214,1.05,1.05,0.0,12.805892,0.0
2019-01-16,18,0,217,0.64,0.64,0.0,6.812464,0.0
2019-01-16,18,0,218,0.88,0.88,0.0,9.367138,0.0
2019-01-16,18,0,219,0.6,0.6,0.0,6.386685,0.0
2019-01-16,18,0,221,0.56,0.56,0.0,6.829809,0.0
2019-01-16,18,0,225,0.45,0.45,0.0,3.729005,0.0
2019-01-16,18,0,233,1.61,1.61,0.0,18.667311,0.0
2019-01-16,18,0,236,11.95,11.95,0.0,119.705078,0.0
2019-01-16,18,0,237,13.37,13.37,0.0,125.719466,0.0
2019-01-16,18,0,238,22.23,22.23,0.0,230.2798,0.0
2019-01-16,18,0,240,3.82,3.82,0.0,33.857811,0.0
2019-01-16,18,0,245,30.11,30.11,0.0,323.064089,0.0
2019-01-16,18,0,247,31.71,31.71,0.0,340.231227,0.0
2019-01-16,18,0,248,1.34,1.34,0.0,12.600156,0.0
2019-01-16,18,0,249,57.9,57.9,0.0,621.235827,0.0
2019-01-16,18,0,251,25.71,25.71,0.0,269.211071,0.0
2019-01-16,18,0,252,29.6,29.6,0.0,311.930757,0.0
2019-01-16,18,0,254,4.08,4.08,0.0,37.001891,0.0
2019-01-16,18,0,255,1.87,1.87,0.0,16.9592,0.0
2019-01-16,18,0,258,4.7,4.7,0.0,41.723428,0.0
2019-01-16,18,0,260,1.69,1.69,0.0,15.926887,0.0
2019-01-16,18,0,265,28.74,28.74,0.0,205.822802,0.0
2019-01-16,18,0,266,5.25,5.25,0.0,37.598111,0.0
2019-01-16,18,0,267,6.45,6.45,0.0,46.191965,0.0
2019-01-16,18,0,270,400.4,400.4,0.0,-39716.790617,0.0
2019-01-16,18,0,272,89.35,89.35,0.0,-1057.812298,0.0
2019-01-16,18,0,273,7.69,7.69,0.0,-762.792507,0.0
2019-01-16,18,0,274,516.16,516.16,0.0,-51199.347264,0.0
2019-01-16,18,0,275,718.5,718.5,0.0,-71270.01513,0.0
2019-01-16,18,0,276,1.79,1.79,0.0,-156.4848,0.0
2019-01-16,18,0,277,2.29,2.29,0.0,-29.776461,0.0
2019-01-16,18,0,278,3.66,3.66,0.0,-47.590326,0.0
2019-01-16,18,0,279,160.07,160.07,0.0,-2081.361616,0.0
2019-01-16,18,0,281,14.02,14.02,0.0,78.718378,0.0
2019-01-16,18,0,282,107.68,107.68,0.0,604.593075,0.0
2019-01-16,19,0,9,0.0,0.0,0.0,0.0,0.0
2019-01-16,19,0,17,0.0,0.0,0.0,0.0,0.0
2019-01-16,19,0,19,177.8,177.8,0.0,2955.434016,0.0
2019-01-16,19,0,20,216.11,216.11,0.0,3592.231975,0.0
2019-01-16,19,0,21,0.0,0.0,0.0,0.0,0.0
2019-01-16,19,0,22,0.0,0.0,0.0,0.0,0.0
2019-01-16,19,0,23,37.54,37.54,0.0,595.080711,0.0
2019-01-16,19,0,24,66.43,66.43,0.0,1053.042398,0.0
2019-01-16,19,0,29,0.0,0.0,0.0,0.0,0.0
2019-01-16,19,0,30,6.24,6.24,0.0,98.919824,0.0
2019-01-16,19,0,31,6.81,6.81,0.0,107.955769,0.0
2019-01-16,19,0,32,0.0,0.0,0.0,0.0,0.0
2019-01-16,19,0,33,0.0,0.0,0.0,0.0,0.0
2019-01-16,19,0,34,0.0,0.0,0.0,0.0,0.0
2019-01-16,19,0,35,0.0,0.0,0.0,0.0,0.0
2019-01-16,19,0,36,0.0,0.0,0.0,0.0,0.0
2019-01-16,19,0,37,0.0,0.0,0.0,0.0,0.0
2019-01-16,19,0,38,0.0,0.0,0.0,0.0,0.0
2019-01-16,19,0,39,0.0,0.0,0.0,0.0,0.0
2019-01-16,19,0,40,0.0,0.0,0.0,0.0,0.0
2019-01-16,19,0,41,4.34,4.34,0.0,68.948778,0.0
2019-01-16,19,0,42,0.18,0.18,0.0,2.975494,0.0
2019-01-16,19,0,43,0.0,0.0,0.0,0.0,0.0
2019-01-16,19,0,46,0.0,0.0,0.0,0.0,0.0
2019-01-16,19,0,52,7.22,7.22,0.0,114.455309,0.0
2019-01-16,19,0,53,11.48,11.48,0.0,181.987112,0.0
2019-01-16,19,0,55,65.5,65.5,0.0,1038.300122,0.0
2019-01-16,19,0,56,1.84,1.84,0.0,29.168666,0.0
2019-01-16,19,0,57,1.75,1.75,0.0,27.741938,0.0
2019-01-16,19,0,58,3.37,3.37,0.0,53.423046,0.0
2019-01-16,19,0,59,3.31,3.31,0.0,52.471894,0.0
2019-01-16,19,0,63,102.14,102.14,0.0,1666.819223,0.0
2019-01-16,19,0,64,120.17,120.17,0.0,1961.050186,0.0
2019-01-16,19,0,65,6.52,6.52,0.0,108.265908,0.0
2019-01-16,19,0,67,0.0,0.0,0.0,0.0,0.0
2019-01-16,19,0,68,4.59,4.59,0.0,73.313003,0.0
2019-01-16,19,0,69,0.0,0.0,0.0,0.0,0.0
2019-01-16,19,0,74,11.32,11.32,0.0,183.069052,0.0
2019-01-16,19,0,77,22.59,22.59,0.0,359.785796,0.0
2019-01-16,19,0,78,17.07,17.07,0.0,271.87001,0.0
2019-01-16,19,0,79,9.88,9.88,0.0,157.356514,0.0
2019-01-16,19,0,80,15.98,15.98,0.0,254.509828,0.0
2019-01-16,19,0,81,20.89,20.89,0.0,332.710282,0.0
2019-01-16,19,0,82,14.74,14.74,0.0,234.76063,0.0
2019-01-16,19,0,83,32.86,32.86,0.0,523.353752,0.0
2019-01-16,19,0,84,0.0,0.0,0.0,0.0,0.0
2019-01-16,19,0,86,0.0,0.0,0.0,0.0,0.0
2019-01-16,19,0,87,0.0,0.0,0.0,0.0,0.0
2019-01-16,19,0,88,20.48,20.48,0.0,326.180305,0.0
2019-01-16,19,0,89,19.68,19.68,0.0,313.438887,0.0
2019-01-16,19,0,90,26.43,26.43,0.0,420.944603,0.0
2019-01-16,19,0,91,94.28,94.28,0.0,1501.576132,0.0
2019-01-16,19,0,92,33.91,33.91,0.0,540.076863,0.0
2019-01-16,19,0,95,120.0,120.0,0.0,1977.002113,0.0
2019-01-16,19,0,96,8.67,8.67,0.0,137.447155,0.0
2019-01-16,19,0,97,53.3,53.3,0.0,844.975012,0.0
2019-01-16,19,0,99,2.18,2.18,0.0,35.255347,0.0
2019-01-16,19,0,101,0.13,0.13,0.0,2.06083,0.0
2019-01-16,19,0,102,13.14,13.14,0.0,209.876439,0.0
2019-01-16,19,0,103,11.02,11.02,0.0,176.015096,0.0
2019-01-16,19,0,104,1.57,1.57,0.0,25.076561,0.0
2019-01-16,19,0,106,0.0,0.0,0.0,0.0,0.0
2019-01-16,19,0,109,17.33,17.33,0.0,272.856401,0.0
2019-01-16,19,0,110,110.37,110.37,0.0,1784.684011,0.0
2019-01-16,19,0,111,0.0,0.0,0.0,0.0,0.0
2019-01-16,19,0,113,16.99,16.99,0.0,270.709102,0.0
2019-01-16,19,0,115,16.99,16.99,0.0,270.709102,0.0
2019-01-16,19,0,116,0.0,0.0,0.0,0.0,0.0
2019-01-16,19,0,117,1.13,1.13,0.0,18.004784,0.0
2019-01-16,19,0,119,120.17,120.17,0.0,1961.050186,0.0
2019-01-16,19,0,120,70.66,70.66,0.0,1153.098162,0.0
2019-01-16,19,0,123,0.0,0.0,0.0,0.0,0.0
2019-01-16,19,0,125,60.11,60.11,0.0,952.858325,0.0
2019-01-16,19,0,126,0.0,0.0,0.0,0.0,0.0
2019-01-16,19,0,127,0.0,0.0,0.0,0.0,0.0
2019-01-16,19,0,128,86.1,86.1,0.0,1364.849473,0.0
2019-01-16,19,0,131,10.99,10.99,0.0,175.3931,0.0
2019-01-16,19,0,132,16.15,16.15,0.0,257.743272,0.0
2019-01-16,19,0,133,31.62,31.62,0.0,525.645941,0.0
2019-01-16,19,0,134,0.0,0.0,0.0,0.0,0.0
2019-01-16,19,0,135,42.84,42.84,0.0,712.165468,0.0
2019-01-16,19,0,136,5.31,5.31,0.0,88.168649,0.0
2019-01-16,19,0,139,5.61,5.61,0.0,89.125033,0.0
2019-01-16,19,0,140,81.69,81.69,0.0,1320.928122,0.0
2019-01-16,19,0,141,90.96,90.96,0.0,1457.26954,0.0
2019-01-16,19,0,142,0.0,0.0,0.0,0.0,0.0
2019-01-16,19,0,143,18.31,18.31,0.0,290.259932,0.0
2019-01-16,19,0,145,8.51,8.51,0.0,134.575323,0.0
2019-01-16,19,0,146,229.04,229.04,0.0,3703.579105,0.0
2019-01-16,19,0,152,0.0,0.0,0.0,0.0,0.0
2019-01-16,19,0,153,0.0,0.0,0.0,0.0,0.0
2019-01-16,19,0,154,0.0,0.0,0.0,0.0,0.0
2019-01-16,19,0,157,250.0,250.0,0.0,4005.248296,0.0
2019-01-16,19,0,158,0.0,0.0,0.0,0.0,0.0
2019-01-16,19,0,159,0.0,0.0,0.0,0.0,0.0
2019-01-16,19,0,160,0.0,0.0,0.0,0.0,0.0
2019-01-16,19,0,161,0.0,0.0,0.0,0.0,0.0
2019-01-16,19,0,162,162.5,162.5,0.0,2676.724709,0.0
2019-01-16,19,0,163,80.46,80.46,0.0,1301.03901,0.0
2019-01-16,19,0,164,0.59,0.59,0.0,9.352996,0.0
2019-01-16,19,0,167,0.0,0.0,0.0,0.0,0.0
2019-01-16,19,0,168,0.0,0.0,0.0,0.0,0.0
2019-01-16,19,0,169,0.0,0.0,0.0,0.0,0.0
2019-01-16,19,0,170,0.0,0.0,0.0,0.0,0.0
2019-01-16,19,0,172,0.0,0.0,0.0,0.0,0.0
2019-01-16,19,0,173,0.0,0.0,0.0,0.0,0.0
2019-01-16,19,0,188,0.0,0.0,0.0,0.0,0.0
2019-01-16,19,0,190,0.0,0.0,0.0,0.0,0.0
2019-01-16,19,0,191,0.0,0.0,0.0,0.0,0.0
2019-01-16,19,0,192,113.2,113.2,0.0,1847.306991,0.0
2019-01-16,19,0,194,88.07,88.07,0.0,1400.615448,0.0
2019-01-16,19,0,196,0.0,0.0,0.0,0.0,0.0
2019-01-16,19,0,198,0.0,0.0,0.0,0.0,0.0
2019-01-16,19,0,199,130.0,130.0,0.0,1536.042019,0.0
2019-01-16,19,0,200,0.0,0.0,0.0,0.0,0.0
2019-01-16,19,0,204,80.6,80.6,0.0,1266.766345,0.0
2019-01-16,19,0,205,91.66,91.66,0.0,1443.163167,0.0
2019-01-16,19,0,206,156.61,156.61,0.0,2482.768041,0.0
2019-01-16,19,0,210,0.0,0.0,0.0,0.0,0.0
2019-01-16,19,0,214,0.0,0.0,0.0,0.0,0.0
2019-01-16,19,0,217,0.0,0.0,0.0,0.0,0.0
2019-01-16,19,0,218,0.0,0.0,0.0,0.0,0.0
2019-01-16,19,0,219,0.0,0.0,0.0,0.0,0.0
2019-01-16,19,0,221,0.0,0.0,0.0,0.0,0.0
2019-01-16,19,0,225,0.0,0.0,0.0,0.0,0.0
2019-01-16,19,0,233,0.0,0.0,0.0,0.0,0.0
2019-01-16,19,0,236,18.41,18.41,0.0,301.591668,0.0
2019-01-16,19,0,237,27.15,27.15,0.0,439.074624,0.0
2019-01-16,19,0,238,0.24,0.24,0.0,3.967325,0.0
2019-01-16,19,0,240,0.0,0.0,0.0,0.0,0.0
2019-01-16,19,0,245,31.62,31.62,0.0,527.576284,0.0
2019-01-16,19,0,247,39.96,39.96,0.0,666.728283,0.0
2019-01-16,19,0,248,2.73,2.73,0.0,44.150045,0.0
2019-01-16,19,0,249,60.81,60.81,0.0,1014.608281,0.0
2019-01-16,19,0,251,34.85,34.85,0.0,577.716369,0.0
2019-01-16,19,0,252,42.08,42.08,0.0,698.746843,0.0
2019-01-16,19,0,254,0.0,0.0,0.0,0.0,0.0
2019-01-16,19,0,255,0.0,0.0,0.0,0.0,0.0
2019-01-16,19,0,258,0.0,0.0,0.0,0.0,0.0
2019-01-16,19,0,260,0.0,0.0,0.0,0.0,0.0
2019-01-16,19,0,265,0.0,0.0,0.0,0.0,0.0
2019-01-16,19,0,266,3.63,3.63,0.0,57.669139,0.0
2019-01-16,19,0,267,4.46,4.46,0.0,70.855196,0.0
2019-01-16,19,0,270,251.27,251.27,0.0,4063.038428,0.0
2019-01-16,19,0,272,56.79,56.79,0.0,904.859913,0.0
2019-01-16,19,0,273,0.0,0.0,0.0,0.0,0.0
2019-01-16,19,0,274,323.92,323.92,0.0,5237.789659,0.0
2019-01-16,19,0,275,450.9,450.9,0.0,7291.057537,0.0
2019-01-16,19,0,276,0.0,0.0,0.0,0.0,0.0
2019-01-16,19,0,277,0.0,0.0,0.0,0.0,0.0
2019-01-16,19,0,278,0.0,0.0,0.0,0.0,0.0
2019-01-16,19,0,279,98.61,98.61,0.0,1570.932782,0.0
2019-01-16,19,0,281,3.06,3.06,0.0,48.50876,0.0
2019-01-16,19,0,282,3.42,3.42,0.0,54.215673,0.0
2019-01-16,20,0,9,0.0,0.0,0.0,0.0,0.0
2019-01-16,20,0,17,0.0,0.0,0.0,0.0,0.0
2019-01-16,20,0,19,130.77,130.77,0.0,2416.920018,0.0
2019-01-16,20,0,20,158.59,158.59,0.0,2931.095401,0.0
2019-01-16,20,0,21,0.0,0.0,0.0,0.0,0.0
2019-01-16,20,0,22,0.0,0.0,0.0,0.0,0.0
2019-01-16,20,0,23,41.6,41.6,0.0,497.47354,0.0
2019-01-16,20,0,24,73.61,73.61,0.0,880.265078,0.0
2019-01-16,20,0,29,0.0,0.0,0.0,0.0,0.0
2019-01-16,20,0,30,0.0,0.0,0.0,0.0,0.0
2019-01-16,20,0,31,8.23,8.23,0.0,98.156021,0.0
2019-01-16,20,0,32,0.0,0.0,0.0,0.0,0.0
2019-01-16,20,0,33,0.0,0.0,0.0,0.0,0.0
2019-01-16,20,0,34,0.0,0.0,0.0,0.0,0.0
2019-01-16,20,0,35,0.0,0.0,0.0,0.0,0.0
2019-01-16,20,0,36,0.0,0.0,0.0,0.0,0.0
2019-01-16,20,0,37,0.0,0.0,0.0,0.0,0.0
2019-01-16,20,0,38,0.0,0.0,0.0,0.0,0.0
2019-01-16,20,0,39,0.0,0.0,0.0,0.0,0.0
2019-01-16,20,0,40,0.0,0.0,0.0,0.0,0.0
2019-01-16,20,0,41,9.39,9.39,0.0,128.976291,0.0
2019-01-16,20,0,42,0.0,0.0,0.0,0.0,0.0
2019-01-16,20,0,43,0.0,0.0,0.0,0.0,0.0
2019-01-16,20,0,46,0.0,0.0,0.0,0.0,0.0
2019-01-16,20,0,52,8.73,8.73,0.0,104.119328,0.0
2019-01-16,20,0,53,13.86,13.86,0.0,165.30285,0.0
2019-01-16,20,0,55,68.17,68.17,0.0,815.210846,0.0
2019-01-16,20,0,56,0.0,0.0,0.0,0.0,0.0
2019-01-16,20,0,57,0.0,0.0,0.0,0.0,0.0
2019-01-16,20,0,58,0.0,0.0,0.0,0.0,0.0
2019-01-16,20,0,59,0.0,0.0,0.0,0.0,0.0
2019-01-16,20,0,63,138.2,138.2,0.0,2825.069792,0.0
2019-01-16,20,0,64,162.59,162.59,0.0,3323.647593,0.0
2019-01-16,20,0,65,5.12,5.12,0.0,94.290212,0.0
2019-01-16,20,0,67,0.0,0.0,0.0,0.0,0.0
2019-01-16,20,0,68,3.95,3.95,0.0,18.921723,0.0
2019-01-16,20,0,69,0.0,0.0,0.0,0.0,0.0
2019-01-16,20,0,74,10.21,10.21,0.0,169.739498,0.0
2019-01-16,20,0,77,34.46,34.46,0.0,307.334482,0.0
2019-01-16,20,0,78,26.16,26.16,0.0,233.310216,0.0
2019-01-16,20,0,79,15.23,15.23,0.0,135.830068,0.0
2019-01-16,20,0,80,24.51,24.51,0.0,218.594549,0.0
2019-01-16,20,0,81,31.92,31.92,0.0,284.681273,0.0
2019-01-16,20,0,82,22.62,22.62,0.0,201.738421,0.0
2019-01-16,20,0,83,49.76,49.76,0.0,443.788851,0.0
2019-01-16,20,0,84,0.0,0.0,0.0,0.0,0.0
2019-01-16,20,0,86,0.0,0.0,0.0,0.0,0.0
2019-01-16,20,0,87,0.0,0.0,0.0,0.0,0.0
2019-01-16,20,0,88,41.86,41.86,0.0,373.33202,0.0
2019-01-16,20,0,89,40.24,40.24,0.0,358.88391,0.0
2019-01-16,20,0,90,53.99,53.99,0.0,481.514471,0.0
2019-01-16,20,0,91,192.23,192.23,0.0,1714.419832,0.0
2019-01-16,20,0,92,69.23,69.23,0.0,617.433725,0.0
2019-01-16,20,0,95,120.0,120.0,0.0,2163.227865,0.0
2019-01-16,20,0,96,10.28,10.28,0.0,122.263006,0.0
2019-01-16,20,0,97,74.26,74.26,0.0,883.195607,0.0
2019-01-16,20,0,99,1.97,1.97,0.0,32.750912,0.0
2019-01-16,20,0,101,0.0,0.0,0.0,0.0,0.0
2019-01-16,20,0,102,9.36,9.36,0.0,44.837298,0.0
2019-01-16,20,0,103,8.14,8.14,0.0,38.99312,0.0
2019-01-16,20,0,104,1.51,1.51,0.0,7.233367,0.0
2019-01-16,20,0,106,0.0,0.0,0.0,0.0,0.0
2019-01-16,20,0,109,20.1,20.1,0.0,293.955769,0.0
2019-01-16,20,0,110,107.94,107.94,0.0,-1549.774867,0.0
2019-01-16,20,0,111,0.0,0.0,0.0,0.0,0.0
2019-01-16,20,0,113,18.25,18.25,0.0,168.051359,0.0
2019-01-16,20,0,115,18.25,18.25,0.0,168.051359,0.0
2019-01-16,20,0,116,0.0,0.0,0.0,-0.0,0.0
2019-01-16,20,0,117,1.22,1.22,0.0,11.234118,0.0
2019-01-16,20,0,119,162.59,162.59,0.0,3323.647593,0.0
2019-01-16,20,0,120,95.6,95.6,0.0,1954.245095,0.0
2019-01-16,20,0,123,0.0,0.0,0.0,0.0,0.0
2019-01-16,20,0,125,66.61,66.61,0.0,796.555588,0.0
2019-01-16,20,0,126,0.0,0.0,0.0,0.0,0.0
2019-01-16,20,0,127,0.0,0.0,0.0,0.0,0.0
2019-01-16,20,0,128,95.41,95.41,0.0,1140.960347,0.0
2019-01-16,20,0,131,11.81,11.81,0.0,71.440593,0.0
2019-01-16,20,0,132,17.36,17.36,0.0,105.013437,0.0
2019-01-16,20,0,133,19.1,19.1,0.0,353.12948,0.0
2019-01-16,20,0,134,0.0,0.0,0.0,0.0,0.0
2019-01-16,20,0,135,25.45,25.45,0.0,470.531166,0.0
2019-01-16,20,0,136,3.59,3.59,0.0,66.100605,0.0
2019-01-16,20,0,139,12.57,12.57,0.0,172.655163,0.0
2019-01-16,20,0,140,79.89,79.89,0.0,-1147.040153,0.0
2019-01-16,20,0,141,98.83,98.83,0.0,7.583365,0.0
2019-01-16,20,0,142,0.0,0.0,0.0,0.0,0.0
2019-01-16,20,0,143,19.03,19.03,0.0,226.963437,0.0
2019-01-16,20,0,145,9.52,9.52,0.0,123.096069,0.0
2019-01-16,20,0,146,234.89,234.89,0.0,-3372.490443,0.0
2019-01-16,20,0,152,0.0,0.0,0.0,0.0,0.0
2019-01-16,20,0,153,0.0,0.0,0.0,0.0,0.0
2019-01-16,20,0,154,0.0,0.0,0.0,0.0,0.0
2019-01-16,20,0,157,250.0,250.0,0.0,19.182852,0.0
2019-01-16,20,0,158,0.0,0.0,0.0,0.0,0.0
2019-01-16,20,0,159,0.0,0.0,0.0,0.0,0.0
2019-01-16,20,0,160,0.0,0.0,0.0,0.0,0.0
2019-01-16,20,0,161,0.0,0.0,0.0,0.0,0.0
2019-01-16,20,0,162,162.5,162.5,0.0,2933.813986,0.0
2019-01-16,20,0,163,84.56,84.56,0.0,-1214.090817,0.0
2019-01-16,20,0,164,0.0,0.0,0.0,0.0,0.0
2019-01-16,20,0,167,0.0,0.0,0.0,0.0,0.0
2019-01-16,20,0,168,0.0,0.0,0.0,0.0,0.0
2019-01-16,20,0,169,0.0,0.0,0.0,0.0,0.0
2019-01-16,20,0,170,0.0,0.0,0.0,0.0,0.0
2019-01-16,20,0,172,0.0,0.0,0.0,0.0,0.0
2019-01-16,20,0,173,0.0,0.0,0.0,0.0,0.0
2019-01-16,20,0,188,0.0,0.0,0.0,0.0,0.0
2019-01-16,20,0,190,0.0,0.0,0.0,0.0,0.0
2019-01-16,20,0,191,0.0,0.0,0.0,0.0,0.0
2019-01-16,20,0,192,113.88,113.88,0.0,2327.922922,0.0
2019-01-16,20,0,194,135.83,135.83,0.0,1764.049165,0.0
2019-01-16,20,0,196,0.0,0.0,0.0,0.0,0.0
2019-01-16,20,0,198,0.0,0.0,0.0,0.0,0.0
2019-01-16,20,0,199,130.0,130.0,0.0,1608.68532,0.0
2019-01-16,20,0,200,0.0,0.0,0.0,0.0,0.0
2019-01-16,20,0,204,180.35,180.35,0.0,2605.413183,0.0
2019-01-16,20,0,205,106.34,106.34,0.0,1555.186891,0.0
2019-01-16,20,0,206,281.3,281.3,0.0,3345.582066,0.0
2019-01-16,20,0,210,0.0,0.0,0.0,0.0,0.0
2019-01-16,20,0,214,0.0,0.0,0.0,0.0,0.0
2019-01-16,20,0,217,0.0,0.0,0.0,0.0,0.0
2019-01-16,20,0,218,0.0,0.0,0.0,0.0,0.0
2019-01-16,20,0,219,0.0,0.0,0.0,0.0,0.0
2019-01-16,20,0,221,0.0,0.0,0.0,0.0,0.0
2019-01-16,20,0,225,0.0,0.0,0.0,0.0,0.0
2019-01-16,20,0,233,0.0,0.0,0.0,0.0,0.0
2019-01-16,20,0,236,18.39,18.39,0.0,323.038639,0.0
2019-01-16,20,0,237,24.49,24.49,0.0,407.142046,0.0
2019-01-16,20,0,238,0.0,0.0,0.0,0.0,0.0
2019-01-16,20,0,240,0.0,0.0,0.0,0.0,0.0
2019-01-16,20,0,245,48.48,48.48,0.0,907.813424,0.0
2019-01-16,20,0,247,32.04,32.04,0.0,599.965802,0.0
2019-01-16,20,0,248,2.46,2.46,0.0,40.897078,0.0
2019-01-16,20,0,249,93.2,93.2,0.0,1745.218875,0.0
2019-01-16,20,0,251,37.75,37.75,0.0,691.105375,0.0
2019-01-16,20,0,252,33.03,33.03,0.0,608.282365,0.0
2019-01-16,20,0,254,0.0,0.0,0.0,0.0,0.0
2019-01-16,20,0,255,0.0,0.0,0.0,0.0,0.0
2019-01-16,20,0,258,0.0,0.0,0.0,0.0,0.0
2019-01-16,20,0,260,0.0,0.0,0.0,0.0,0.0
2019-01-16,20,0,265,0.0,0.0,0.0,0.0,0.0
2019-01-16,20,0,266,7.66,7.66,0.0,105.213886,0.0
2019-01-16,20,0,267,9.69,9.69,0.0,133.096939,0.0
2019-01-16,20,0,270,264.09,264.09,0.0,-3791.736563,0.0
2019-01-16,20,0,272,60.98,60.98,0.0,561.521747,0.0
2019-01-16,20,0,273,0.0,0.0,0.0,-0.0,0.0
2019-01-16,20,0,274,340.45,340.45,0.0,-4888.09388,0.0
2019-01-16,20,0,275,473.91,473.91,0.0,-6804.278369,0.0
2019-01-16,20,0,276,0.0,0.0,0.0,-0.0,0.0
2019-01-16,20,0,277,0.0,0.0,0.0,0.0,0.0
2019-01-16,20,0,278,0.0,0.0,0.0,0.0,0.0
2019-01-16,20,0,279,259.04,259.04,0.0,2355.229312,0.0
2019-01-16,20,0,281,3.7,3.7,0.0,44.128466,0.0
2019-01-16,20,0,282,0.0,0.0,0.0,0.0,0.0
2019-01-16,21,0,9,0.0,0.0,0.0,0.0,0.0
2019-01-16,21,0,17,0.0,0.0,0.0,0.0,0.0
2019-01-16,21,0,19,91.2,91.2,0.0,1258.530159,0.0
2019-01-16,21,0,20,110.61,110.61,0.0,1526.381808,0.0
2019-01-16,21,0,21,0.0,0.0,0.0,0.0,0.0
2019-01-16,21,0,22,0.0,0.0,0.0,0.0,0.0
2019-01-16,21,0,23,45.87,45.87,0.0,407.249709,0.0
2019-01-16,21,0,24,81.17,81.17,0.0,720.655306,0.0
2019-01-16,21,0,29,0.0,0.0,0.0,0.0,0.0
2019-01-16,21,0,30,0.0,0.0,0.0,0.0,0.0
2019-01-16,21,0,31,9.91,9.91,0.0,87.730132,0.0
2019-01-16,21,0,32,0.0,0.0,0.0,0.0,0.0
2019-01-16,21,0,33,0.0,0.0,0.0,0.0,0.0
2019-01-16,21,0,34,0.0,0.0,0.0,0.0,0.0
2019-01-16,21,0,35,0.0,0.0,0.0,0.0,0.0
2019-01-16,21,0,36,0.0,0.0,0.0,0.0,0.0
2019-01-16,21,0,37,0.0,0.0,0.0,0.0,0.0
2019-01-16,21,0,38,0.0,0.0,0.0,0.0,0.0
2019-01-16,21,0,39,0.0,0.0,0.0,0.0,0.0
2019-01-16,21,0,40,0.0,0.0,0.0,0.0,0.0
2019-01-16,21,0,41,21.36,21.36,0.0,219.640075,0.0
2019-01-16,21,0,42,0.0,0.0,0.0,0.0,0.0
2019-01-16,21,0,43,0.0,0.0,0.0,0.0,0.0
2019-01-16,21,0,46,0.0,0.0,0.0,0.0,0.0
2019-01-16,21,0,52,10.51,10.51,0.0,93.041744,0.0
2019-01-16,21,0,53,16.69,16.69,0.0,147.751352,0.0
2019-01-16,21,0,55,71.09,71.09,0.0,631.161583,0.0
2019-01-16,21,0,56,0.0,0.0,0.0,0.0,0.0
2019-01-16,21,0,57,0.0,0.0,0.0,0.0,0.0
2019-01-16,21,0,58,0.0,0.0,0.0,0.0,0.0
2019-01-16,21,0,59,0.0,0.0,0.0,0.0,0.0
2019-01-16,21,0,63,170.0,170.0,0.0,3235.954891,0.0
2019-01-16,21,0,64,200.0,200.0,0.0,3807.005754,0.0
2019-01-16,21,0,65,4.16,4.16,0.0,57.213025,0.0
2019-01-16,21,0,67,0.0,0.0,0.0,-0.0,0.0
2019-01-16,21,0,68,4.23,4.23,0.0,8.984899,0.0
2019-01-16,21,0,69,0.0,0.0,0.0,0.0,0.0
2019-01-16,21,0,74,9.36,9.36,0.0,116.839061,0.0
2019-01-16,21,0,77,76.24,76.24,0.0,489.965179,0.0
2019-01-16,21,0,78,57.75,57.75,0.0,371.137055,0.0
2019-01-16,21,0,79,33.5,33.5,0.0,215.291625,0.0
2019-01-16,21,0,80,54.06,54.06,0.0,347.422843,0.0
2019-01-16,21,0,81,70.56,70.56,0.0,453.462002,0.0
2019-01-16,21,0,82,49.88,49.88,0.0,320.55959,0.0
2019-01-16,21,0,83,110.52,110.52,0.0,710.269564,0.0
2019-01-16,21,0,84,0.0,0.0,0.0,0.0,0.0
2019-01-16,21,0,86,0.0,0.0,0.0,0.0,0.0
2019-01-16,21,0,87,0.0,0.0,0.0,0.0,0.0
2019-01-16,21,0,88,80.52,80.52,0.0,517.471094,0.0
2019-01-16,21,0,89,77.41,77.41,0.0,497.484319,0.0
2019-01-16,21,0,90,103.94,103.94,0.0,667.982433,0.0
2019-01-16,21,0,91,370.76,370.76,0.0,2382.732028,0.0
2019-01-16,21,0,92,133.34,133.34,0.0,856.924934,0.0
2019-01-16,21,0,95,120.0,120.0,0.0,1981.110737,0.0
2019-01-16,21,0,96,10.73,10.73,0.0,94.701607,0.0
2019-01-16,21,0,97,65.96,65.96,0.0,582.15452,0.0
2019-01-16,21,0,99,1.81,1.81,0.0,22.593878,0.0
2019-01-16,21,0,101,0.0,0.0,0.0,0.0,0.0
2019-01-16,21,0,102,10.02,10.02,0.0,21.283377,0.0
2019-01-16,21,0,103,8.72,8.72,0.0,18.522061,0.0
2019-01-16,21,0,104,1.62,1.62,0.0,3.441025,0.0
2019-01-16,21,0,106,0.0,0.0,0.0,0.0,0.0
2019-01-16,21,0,109,33.33,33.33,0.0,368.090184,0.0
2019-01-16,21,0,110,110.5,110.5,0.0,-1996.374308,0.0
2019-01-16,21,0,111,0.0,0.0,0.0,0.0,0.0
2019-01-16,21,0,113,36.59,36.59,0.0,252.404476,0.0
2019-01-16,21,0,115,36.59,36.59,0.0,252.404476,0.0
2019-01-16,21,0,116,0.0,0.0,0.0,-0.0,0.0
2019-01-16,21,0,117,2.46,2.46,0.0,16.969528,0.0
2019-01-16,21,0,119,200.0,200.0,0.0,3807.005754,0.0
2019-01-16,21,0,120,117.6,117.6,0.0,2238.519383,0.0
2019-01-16,21,0,123,0.0,0.0,0.0,0.0,0.0
2019-01-16,21,0,125,73.45,73.45,0.0,652.114479,0.0
2019-01-16,21,0,126,0.0,0.0,0.0,0.0,0.0
2019-01-16,21,0,127,0.0,0.0,0.0,0.0,0.0
2019-01-16,21,0,128,105.2,105.2,0.0,934.001949,0.0
2019-01-16,21,0,131,12.71,12.71,0.0,43.868515,0.0
2019-01-16,21,0,132,18.69,18.69,0.0,64.508462,0.0
2019-01-16,21,0,133,13.14,13.14,0.0,181.385319,0.0
2019-01-16,21,0,134,0.0,0.0,0.0,0.0,0.0
2019-01-16,21,0,135,17.08,17.08,0.0,235.773306,0.0
2019-01-16,21,0,136,2.41,2.41,0.0,33.138888,0.0
2019-01-16,21,0,139,28.13,28.13,0.0,289.254463,0.0
2019-01-16,21,0,140,81.78,81.78,0.0,-1477.497655,0.0
2019-01-16,21,0,141,106.9,106.9,0.0,-304.256905,0.0
2019-01-16,21,0,142,0.0,0.0,0.0,-0.0,0.0
2019-01-16,21,0,143,19.81,19.81,0.0,175.371737,0.0
2019-01-16,21,0,145,10.63,10.63,0.0,102.763069,0.0
2019-01-16,21,0,146,241.94,241.94,0.0,-4371.066064,0.0
2019-01-16,21,0,152,0.0,0.0,0.0,0.0,0.0
2019-01-16,21,0,153,0.0,0.0,0.0,0.0,0.0
2019-01-16,21,0,154,0.0,0.0,0.0,0.0,0.0
2019-01-16,21,0,157,250.0,250.0,0.0,-711.545614,0.0
2019-01-16,21,0,158,0.0,0.0,0.0,-0.0,0.0
2019-01-16,21,0,159,0.0,0.0,0.0,0.0,0.0
2019-01-16,21,0,160,0.0,0.0,0.0,0.0,0.0
2019-01-16,21,0,161,0.0,0.0,0.0,0.0,0.0
2019-01-16,21,0,162,162.5,162.5,0.0,2687.360931,0.0
2019-01-16,21,0,163,88.7,88.7,0.0,-1602.519467,0.0
2019-01-16,21,0,164,0.0,0.0,0.0,0.0,0.0
2019-01-16,21,0,167,0.0,0.0,0.0,0.0,0.0
2019-01-16,21,0,168,0.0,0.0,0.0,0.0,0.0
2019-01-16,21,0,169,0.0,0.0,0.0,0.0,0.0
2019-01-16,21,0,170,0.0,0.0,0.0,0.0,0.0
2019-01-16,21,0,172,0.0,0.0,0.0,0.0,0.0
2019-01-16,21,0,173,0.0,0.0,0.0,0.0,0.0
2019-01-16,21,0,188,0.0,0.0,0.0,0.0,0.0
2019-01-16,21,0,190,0.0,0.0,0.0,0.0,0.0
2019-01-16,21,0,191,0.0,0.0,0.0,0.0,0.0
2019-01-16,21,0,192,114.3,114.3,0.0,2175.703788,0.0
2019-01-16,21,0,194,176.5,176.5,0.0,1948.175266,0.0
2019-01-16,21,0,196,0.0,0.0,0.0,0.0,0.0
2019-01-16,21,0,198,0.0,0.0,0.0,0.0,0.0
2019-01-16,21,0,199,130.0,130.0,0.0,1442.752072,0.0
2019-01-16,21,0,200,0.0,0.0,0.0,0.0,0.0
2019-01-16,21,0,204,412.9,412.9,0.0,4505.526325,0.0
2019-01-16,21,0,205,154.69,154.69,0.0,1708.366955,0.0
2019-01-16,21,0,206,193.81,193.81,0.0,1710.542262,0.0
2019-01-16,21,0,210,0.0,0.0,0.0,0.0,0.0
2019-01-16,21,0,214,0.0,0.0,0.0,0.0,0.0
2019-01-16,21,0,217,0.0,0.0,0.0,0.0,0.0
2019-01-16,21,0,218,0.0,0.0,0.0,0.0,0.0
2019-01-16,21,0,219,0.0,0.0,0.0,0.0,0.0
2019-01-16,21,0,221,0.0,0.0,0.0,0.0,0.0
2019-01-16,21,0,225,0.0,0.0,0.0,0.0,0.0
2019-01-16,21,0,233,0.0,0.0,0.0,0.0,0.0
2019-01-16,21,0,236,18.36,18.36,0.0,241.558104,0.0
2019-01-16,21,0,237,22.45,22.45,0.0,280.238988,0.0
2019-01-16,21,0,238,0.0,0.0,0.0,0.0,0.0
2019-01-16,21,0,240,0.0,0.0,0.0,0.0,0.0
2019-01-16,21,0,245,72.87,72.87,0.0,1018.053683,0.0
2019-01-16,21,0,247,26.25,26.25,0.0,366.734036,0.0
2019-01-16,21,0,248,2.25,2.25,0.0,28.086313,0.0
2019-01-16,21,0,249,140.14,140.14,0.0,1957.870772,0.0
2019-01-16,21,0,251,42.63,42.63,0.0,583.038457,0.0
2019-01-16,21,0,252,26.83,26.83,0.0,368.996506,0.0
2019-01-16,21,0,254,0.0,0.0,0.0,0.0,0.0
2019-01-16,21,0,255,0.0,0.0,0.0,0.0,0.0
2019-01-16,21,0,258,0.0,0.0,0.0,0.0,0.0
2019-01-16,21,0,260,0.0,0.0,0.0,0.0,0.0
2019-01-16,21,0,265,0.0,0.0,0.0,0.0,0.0
2019-01-16,21,0,266,17.62,17.62,0.0,181.182497,0.0
2019-01-16,21,0,267,21.99,21.99,0.0,226.118224,0.0
2019-01-16,21,0,270,277.01,277.01,0.0,-5004.666489,0.0
2019-01-16,21,0,272,122.2,122.2,0.0,842.95783,0.0
2019-01-16,21,0,273,0.0,0.0,0.0,-0.0,0.0
2019-01-16,21,0,274,357.1,357.1,0.0,-6451.631361,0.0
2019-01-16,21,0,275,497.08,497.08,0.0,-8980.613041,0.0
2019-01-16,21,0,276,0.0,0.0,0.0,-0.0,0.0
2019-01-16,21,0,277,0.0,0.0,0.0,0.0,0.0
2019-01-16,21,0,278,0.0,0.0,0.0,0.0,0.0
2019-01-16,21,0,279,277.42,277.42,0.0,1861.245013,0.0
2019-01-16,21,0,281,4.45,4.45,0.0,39.394459,0.0
2019-01-16,21,0,282,0.0,0.0,0.0,0.0,0.0
2019-01-16,22,0,9,0.0,0.0,0.0,0.0,0.0
2019-01-16,22,0,17,0.0,0.0,0.0,0.0,0.0
2019-01-16,22,0,19,63.85,63.85,0.0,882.658389,0.0
2019-01-16,22,0,20,77.44,77.44,0.0,1070.525695,0.0
2019-01-16,22,0,21,0.0,0.0,0.0,0.0,0.0
2019-01-16,22,0,22,0.0,0.0,0.0,0.0,0.0
2019-01-16,22,0,23,50.64,50.64,0.0,300.432473,0.0
2019-01-16,22,0,24,89.6,89.6,0.0,531.570884,0.0
2019-01-16,22,0,29,0.0,0.0,0.0,0.0,0.0
2019-01-16,22,0,30,0.0,0.0,0.0,0.0,0.0
2019-01-16,22,0,31,11.91,11.91,0.0,70.146913,0.0
2019-01-16,22,0,32,0.0,0.0,0.0,0.0,0.0
2019-01-16,22,0,33,0.0,0.0,0.0,0.0,0.0
2019-01-16,22,0,34,0.0,0.0,0.0,0.0,0.0
2019-01-16,22,0,35,0.0,0.0,0.0,0.0,0.0
2019-01-16,22,0,36,0.0,0.0,0.0,0.0,0.0
2019-01-16,22,0,37,0.0,0.0,0.0,0.0,0.0
2019-01-16,22,0,38,0.0,0.0,0.0,0.0,0.0
2019-01-16,22,0,39,0.0,0.0,0.0,0.0,0.0
2019-01-16,22,0,40,0.0,0.0,0.0,0.0,0.0
2019-01-16,22,0,41,27.46,27.46,0.0,226.741546,0.0
2019-01-16,22,0,42,0.0,0.0,0.0,0.0,0.0
2019-01-16,22,0,43,0.0,0.0,0.0,0.0,0.0
2019-01-16,22,0,46,0.0,0.0,0.0,0.0,0.0
2019-01-16,22,0,52,12.62,12.62,0.0,74.328635,0.0
2019-01-16,22,0,53,20.05,20.05,0.0,118.089472,0.0
2019-01-16,22,0,55,142.05,142.05,0.0,842.741563,0.0
2019-01-16,22,0,56,0.0,0.0,0.0,0.0,0.0
2019-01-16,22,0,57,0.0,0.0,0.0,0.0,0.0
2019-01-16,22,0,58,0.0,0.0,0.0,0.0,0.0
2019-01-16,22,0,59,0.0,0.0,0.0,0.0,0.0
2019-01-16,22,0,63,170.0,170.0,0.0,4501.508241,0.0
2019-01-16,22,0,64,200.0,200.0,0.0,5295.892049,0.0
2019-01-16,22,0,65,3.61,3.61,0.0,49.648803,0.0
2019-01-16,22,0,67,0.0,0.0,0.0,-0.0,0.0
2019-01-16,22,0,68,4.51,4.51,0.0,-28.976301,0.0
2019-01-16,22,0,69,0.0,0.0,0.0,0.0,0.0
2019-01-16,22,0,74,8.75,8.75,0.0,103.319807,0.0
2019-01-16,22,0,77,95.69,95.69,0.0,174.315889,0.0
2019-01-16,22,0,78,72.34,72.34,0.0,131.779825,0.0
2019-01-16,22,0,79,41.86,41.86,0.0,76.255232,0.0
2019-01-16,22,0,80,67.7,67.7,0.0,123.327262,0.0
2019-01-16,22,0,81,88.51,88.51,0.0,161.236277,0.0
2019-01-16,22,0,82,62.44,62.44,0.0,113.745262,0.0
2019-01-16,22,0,83,139.23,139.23,0.0,253.631531,0.0
2019-01-16,22,0,84,0.0,0.0,0.0,0.0,0.0
2019-01-16,22,0,86,0.0,0.0,0.0,0.0,0.0
2019-01-16,22,0,87,0.0,0.0,0.0,0.0,0.0
2019-01-16,22,0,88,87.69,87.69,0.0,159.742505,0.0
2019-01-16,22,0,89,84.3,84.3,0.0,153.567034,0.0
2019-01-16,22,0,90,113.19,113.19,0.0,206.195167,0.0
2019-01-16,22,0,91,403.76,403.76,0.0,735.518689,0.0
2019-01-16,22,0,92,145.21,145.21,0.0,264.525136,0.0
2019-01-16,22,0,95,120.0,120.0,0.0,2595.731853,0.0
2019-01-16,22,0,96,11.9,11.9,0.0,69.553718,0.0
2019-01-16,22,0,97,73.19,73.19,0.0,427.784589,0.0
2019-01-16,22,0,99,1.69,1.69,0.0,19.955483,0.0
2019-01-16,22,0,101,0.0,0.0,0.0,0.0,0.0
2019-01-16,22,0,102,10.68,10.68,0.0,-68.617936,0.0
2019-01-16,22,0,103,9.29,9.29,0.0,-59.687325,0.0
2019-01-16,22,0,104,1.73,1.73,0.0,-11.115078,0.0
2019-01-16,22,0,106,0.0,0.0,0.0,0.0,0.0
2019-01-16,22,0,109,82.58,82.58,0.0,791.102211,0.0
2019-01-16,22,0,110,116.92,116.92,0.0,-5298.443466,0.0
2019-01-16,22,0,111,0.0,0.0,0.0,0.0,0.0
2019-01-16,22,0,113,70.16,70.16,0.0,200.991572,0.0
2019-01-16,22,0,115,70.16,70.16,0.0,200.991572,0.0
2019-01-16,22,0,116,0.0,0.0,0.0,-0.0,0.0
2019-01-16,22,0,117,4.68,4.68,0.0,13.407077,0.0
2019-01-16,22,0,119,200.0,200.0,0.0,5295.892049,0.0
2019-01-16,22,0,120,117.6,117.6,0.0,3113.984525,0.0
2019-01-16,22,0,123,0.0,0.0,0.0,0.0,0.0
2019-01-16,22,0,125,81.08,81.08,0.0,481.024188,0.0
2019-01-16,22,0,126,0.0,0.0,0.0,0.0,0.0
2019-01-16,22,0,127,0.0,0.0,0.0,0.0,0.0
2019-01-16,22,0,128,116.13,116.13,0.0,688.9657,0.0
2019-01-16,22,0,131,13.59,13.59,0.0,-52.566477,0.0
2019-01-16,22,0,132,19.97,19.97,0.0,-77.244484,0.0
2019-01-16,22,0,133,15.58,15.58,0.0,215.480876,0.0
2019-01-16,22,0,134,0.0,0.0,0.0,0.0,0.0
2019-01-16,22,0,135,20.88,20.88,0.0,288.783099,0.0
2019-01-16,22,0,136,1.72,1.72,0.0,23.6487,0.0
2019-01-16,22,0,139,35.47,35.47,0.0,292.881378,0.0
2019-01-16,22,0,140,86.53,86.53,0.0,-3921.265079,0.0
2019-01-16,22,0,141,115.79,115.79,0.0,-1852.492571,0.0
2019-01-16,22,0,142,0.0,0.0,0.0,-0.0,0.0
2019-01-16,22,0,143,20.64,20.64,0.0,121.564424,0.0
2019-01-16,22,0,145,29.24,29.24,0.0,212.313705,0.0
2019-01-16,22,0,146,248.0,248.0,0.0,-11238.573208,0.0
2019-01-16,22,0,152,0.0,0.0,0.0,0.0,0.0
2019-01-16,22,0,153,0.0,0.0,0.0,0.0,0.0
2019-01-16,22,0,154,0.0,0.0,0.0,0.0,0.0
2019-01-16,22,0,157,250.0,250.0,0.0,-3999.681689,0.0
2019-01-16,22,0,158,0.0,0.0,0.0,-0.0,0.0
2019-01-16,22,0,159,0.0,0.0,0.0,0.0,0.0
2019-01-16,22,0,160,0.0,0.0,0.0,0.0,0.0
2019-01-16,22,0,161,0.0,0.0,0.0,-0.0,0.0
2019-01-16,22,0,162,96.21,96.21,0.0,2086.344298,0.0
2019-01-16,22,0,163,93.51,93.51,0.0,-4237.576535,0.0
2019-01-16,22,0,164,0.0,0.0,0.0,0.0,0.0
2019-01-16,22,0,167,0.0,0.0,0.0,0.0,0.0
2019-01-16,22,0,168,0.0,0.0,0.0,0.0,0.0
2019-01-16,22,0,169,0.0,0.0,0.0,0.0,0.0
2019-01-16,22,0,170,0.0,0.0,0.0,0.0,0.0
2019-01-16,22,0,172,0.0,0.0,0.0,0.0,0.0
2019-01-16,22,0,173,0.0,0.0,0.0,0.0,0.0
2019-01-16,22,0,188,0.0,0.0,0.0,0.0,0.0
2019-01-16,22,0,190,0.0,0.0,0.0,0.0,0.0
2019-01-16,22,0,191,0.0,0.0,0.0,0.0,0.0
2019-01-16,22,0,192,115.23,115.23,0.0,3051.228204,0.0
2019-01-16,22,0,194,176.5,176.5,0.0,1935.20357,0.0
2019-01-16,22,0,196,0.0,0.0,0.0,0.0,0.0
2019-01-16,22,0,198,0.0,0.0,0.0,0.0,0.0
2019-01-16,22,0,199,123.94,123.94,0.0,1444.333013,0.0
2019-01-16,22,0,200,0.0,0.0,0.0,0.0,0.0
2019-01-16,22,0,204,540.93,540.93,0.0,5069.175237,0.0
2019-01-16,22,0,205,410.83,410.83,0.0,3935.680811,0.0
2019-01-16,22,0,206,215.06,215.06,0.0,1256.993491,0.0
2019-01-16,22,0,210,0.0,0.0,0.0,0.0,0.0
2019-01-16,22,0,214,0.0,0.0,0.0,0.0,0.0
2019-01-16,22,0,217,0.0,0.0,0.0,0.0,0.0
2019-01-16,22,0,218,0.0,0.0,0.0,0.0,0.0
2019-01-16,22,0,219,0.0,0.0,0.0,0.0,0.0
2019-01-16,22,0,221,0.0,0.0,0.0,0.0,0.0
2019-01-16,22,0,225,0.0,0.0,0.0,0.0,0.0
2019-01-16,22,0,233,0.0,0.0,0.0,0.0,0.0
2019-01-16,22,0,236,18.45,18.45,0.0,237.041482,0.0
2019-01-16,22,0,237,20.99,20.99,0.0,247.849458,0.0
2019-01-16,22,0,238,0.0,0.0,0.0,0.0,0.0
2019-01-16,22,0,240,0.0,0.0,0.0,0.0,0.0
2019-01-16,22,0,245,64.33,64.33,0.0,906.043793,0.0
2019-01-16,22,0,247,22.34,22.34,0.0,314.643531,0.0
2019-01-16,22,0,248,2.11,2.11,0.0,24.914834,0.0
2019-01-16,22,0,249,123.71,123.71,0.0,1742.370241,0.0
2019-01-16,22,0,251,103.39,103.39,0.0,1409.916939,0.0
2019-01-16,22,0,252,23.26,23.26,0.0,319.897828,0.0
2019-01-16,22,0,254,0.0,0.0,0.0,0.0,0.0
2019-01-16,22,0,255,0.0,0.0,0.0,0.0,0.0
2019-01-16,22,0,258,0.0,0.0,0.0,0.0,0.0
2019-01-16,22,0,260,0.0,0.0,0.0,0.0,0.0
2019-01-16,22,0,265,0.0,0.0,0.0,0.0,0.0
2019-01-16,22,0,266,22.97,22.97,0.0,189.666909,0.0
2019-01-16,22,0,267,28.22,28.22,0.0,233.016986,0.0
2019-01-16,22,0,270,292.02,292.02,0.0,-13233.419952,0.0
2019-01-16,22,0,272,234.48,234.48,0.0,671.728958,0.0
2019-01-16,22,0,273,0.0,0.0,0.0,-0.0,0.0
2019-01-16,22,0,274,376.45,376.45,0.0,-17059.519694,0.0
2019-01-16,22,0,275,524.02,524.02,0.0,-23746.923921,0.0
2019-01-16,22,0,276,0.0,0.0,0.0,-0.0,0.0
2019-01-16,22,0,277,0.0,0.0,0.0,0.0,0.0
2019-01-16,22,0,278,0.0,0.0,0.0,0.0,0.0
2019-01-16,22,0,279,120.0,120.0,0.0,293.588361,0.0
2019-01-16,22,0,281,5.34,5.34,0.0,31.451261,0.0
2019-01-16,22,0,282,0.0,0.0,0.0,0.0,0.0
2019-01-16,23,0,9,0.0,0.0,0.0,0.0,0.0
2019-01-16,23,0,17,0.0,0.0,0.0,0.0,0.0
2019-01-16,23,0,19,47.15,47.15,0.0,522.484699,0.0
2019-01-16,23,0,20,57.18,57.18,0.0,633.630436,0.0
2019-01-16,23,0,21,0.0,0.0,0.0,0.0,0.0
2019-01-16,23,0,22,0.0,0.0,0.0,0.0,0.0
2019-01-16,23,0,23,52.24,52.24,0.0,295.759683,0.0
2019-01-16,23,0,24,92.44,92.44,0.0,523.354232,0.0
2019-01-16,23,0,29,0.0,0.0,0.0,0.0,0.0
2019-01-16,23,0,30,0.0,0.0,0.0,0.0,0.0
2019-01-16,23,0,31,12.62,12.62,0.0,71.072912,0.0
2019-01-16,23,0,32,0.0,0.0,0.0,0.0,0.0
2019-01-16,23,0,33,0.0,0.0,0.0,0.0,0.0
2019-01-16,23,0,34,0.0,0.0,0.0,0.0,0.0
2019-01-16,23,0,35,0.0,0.0,0.0,0.0,0.0
2019-01-16,23,0,36,0.0,0.0,0.0,0.0,0.0
2019-01-16,23,0,37,0.0,0.0,0.0,0.0,0.0
2019-01-16,23,0,38,0.0,0.0,0.0,0.0,0.0
2019-01-16,23,0,39,0.0,0.0,0.0,0.0,0.0
2019-01-16,23,0,40,0.0,0.0,0.0,0.0,0.0
2019-01-16,23,0,41,27.61,27.61,0.0,200.703323,0.0
2019-01-16,23,0,42,0.0,0.0,0.0,0.0,0.0
2019-01-16,23,0,43,0.0,0.0,0.0,0.0,0.0
2019-01-16,23,0,46,0.0,0.0,0.0,0.0,0.0
2019-01-16,23,0,52,13.38,13.38,0.0,75.353056,0.0
2019-01-16,23,0,53,21.25,21.25,0.0,119.67507,0.0
2019-01-16,23,0,55,257.8,257.8,0.0,1459.549125,0.0
2019-01-16,23,0,56,0.0,0.0,0.0,0.0,0.0
2019-01-16,23,0,57,0.0,0.0,0.0,0.0,0.0
2019-01-16,23,0,58,0.0,0.0,0.0,0.0,0.0
2019-01-16,23,0,59,0.0,0.0,0.0,0.0,0.0
2019-01-16,23,0,63,170.0,170.0,0.0,3473.548415,0.0
2019-01-16,23,0,64,200.0,200.0,0.0,4086.527547,0.0
2019-01-16,23,0,65,1.73,1.73,0.0,19.087593,0.0
2019-01-16,23,0,67,0.0,0.0,0.0,-0.0,0.0
2019-01-16,23,0,68,4.59,4.59,0.0,-14.055201,0.0
2019-01-16,23,0,69,0.0,0.0,0.0,0.0,0.0
2019-01-16,23,0,74,8.44,8.44,0.0,81.96543,0.0
2019-01-16,23,0,77,97.89,97.89,0.0,275.094092,0.0
2019-01-16,23,0,78,74.01,74.01,0.0,207.985634,0.0
2019-01-16,23,0,79,42.83,42.83,0.0,120.362447,0.0
2019-01-16,23,0,80,69.26,69.26,0.0,194.637009,0.0
2019-01-16,23,0,81,90.55,90.55,0.0,254.466953,0.0
2019-01-16,23,0,82,63.88,63.88,0.0,179.517934,0.0
2019-01-16,23,0,83,142.44,142.44,0.0,400.290147,0.0
2019-01-16,23,0,84,0.0,0.0,0.0,0.0,0.0
2019-01-16,23,0,86,0.0,0.0,0.0,0.0,0.0
2019-01-16,23,0,87,0.0,0.0,0.0,0.0,0.0
2019-01-16,23,0,88,87.83,87.83,0.0,246.823109,0.0
2019-01-16,23,0,89,84.43,84.43,0.0,237.268303,0.0
2019-01-16,23,0,90,113.36,113.36,0.0,318.568457,0.0
2019-01-16,23,0,91,404.38,404.38,0.0,1136.403606,0.0
2019-01-16,23,0,92,145.43,145.43,0.0,408.692755,0.0
2019-01-16,23,0,95,120.0,120.0,0.0,2037.502462,0.0
2019-01-16,23,0,96,12.01,12.01,0.0,67.263647,0.0
2019-01-16,23,0,97,73.84,73.84,0.0,413.551013,0.0
2019-01-16,23,0,99,1.63,1.63,0.0,15.829816,0.0
2019-01-16,23,0,101,0.0,0.0,0.0,0.0,0.0
2019-01-16,23,0,102,10.86,10.86,0.0,-33.25479,0.0
2019-01-16,23,0,103,9.44,9.44,0.0,-28.906557,0.0
2019-01-16,23,0,104,1.75,1.75,0.0,-5.358737,0.0
2019-01-16,23,0,106,0.0,0.0,0.0,0.0,0.0
2019-01-16,23,0,109,102.58,102.58,0.0,840.48835,0.0
2019-01-16,23,0,110,82.47,82.47,0.0,-2538.586924,0.0
2019-01-16,23,0,111,0.0,0.0,0.0,0.0,0.0
2019-01-16,23,0,113,68.33,68.33,0.0,244.009505,0.0
2019-01-16,23,0,115,68.33,68.33,0.0,244.009505,0.0
2019-01-16,23,0,116,0.0,0.0,0.0,-0.0,0.0
2019-01-16,23,0,117,4.56,4.56,0.0,16.283965,0.0
2019-01-16,23,0,119,200.0,200.0,0.0,4086.527547,0.0
2019-01-16,23,0,120,117.6,117.6,0.0,2402.878198,0.0
2019-01-16,23,0,123,0.0,0.0,0.0,0.0,0.0
2019-01-16,23,0,125,83.65,83.65,0.0,473.589156,0.0
2019-01-16,23,0,126,0.0,0.0,0.0,0.0,0.0
2019-01-16,23,0,127,0.0,0.0,0.0,0.0,0.0
2019-01-16,23,0,128,119.81,119.81,0.0,678.311019,0.0
2019-01-16,23,0,131,13.91,13.91,0.0,-17.244928,0.0
2019-01-16,23,0,132,20.45,20.45,0.0,-25.352895,0.0
2019-01-16,23,0,133,12.44,12.44,0.0,137.908046,0.0
2019-01-16,23,0,134,0.0,0.0,0.0,0.0,0.0
2019-01-16,23,0,135,16.68,16.68,0.0,184.912074,0.0
2019-01-16,23,0,136,0.0,0.0,0.0,0.0,0.0
2019-01-16,23,0,139,35.66,35.66,0.0,259.220591,0.0
2019-01-16,23,0,140,61.04,61.04,0.0,-1878.929863,0.0
2019-01-16,23,0,141,113.21,113.21,0.0,-1119.168991,0.0
2019-01-16,23,0,142,0.0,0.0,0.0,-0.0,0.0
2019-01-16,23,0,143,20.28,20.28,0.0,114.212255,0.0
2019-01-16,23,0,145,12.08,12.08,0.0,79.530964,0.0
2019-01-16,23,0,146,268.0,268.0,0.0,-8249.560998,0.0
2019-01-16,23,0,152,0.0,0.0,0.0,0.0,0.0
2019-01-16,23,0,153,0.0,0.0,0.0,0.0,0.0
2019-01-16,23,0,154,0.0,0.0,0.0,0.0,0.0
2019-01-16,23,0,157,241.45,241.45,0.0,-2386.921233,0.0
2019-01-16,23,0,158,0.0,0.0,0.0,-0.0,0.0
2019-01-16,23,0,159,0.0,0.0,0.0,0.0,0.0
2019-01-16,23,0,160,0.0,0.0,0.0,0.0,0.0
2019-01-16,23,0,161,0.0,0.0,0.0,-0.0,0.0
2019-01-16,23,0,162,48.75,48.75,0.0,829.616778,0.0
2019-01-16,23,0,163,93.27,93.27,0.0,-2871.031919,0.0
2019-01-16,23,0,164,0.0,0.0,0.0,0.0,0.0
2019-01-16,23,0,167,0.0,0.0,0.0,0.0,0.0
2019-01-16,23,0,168,0.0,0.0,0.0,0.0,0.0
2019-01-16,23,0,169,0.0,0.0,0.0,0.0,0.0
2019-01-16,23,0,170,0.0,0.0,0.0,0.0,0.0
2019-01-16,23,0,172,0.0,0.0,0.0,0.0,0.0
2019-01-16,23,0,173,0.0,0.0,0.0,0.0,0.0
2019-01-16,23,0,188,0.0,0.0,0.0,0.0,0.0
2019-01-16,23,0,190,0.0,0.0,0.0,0.0,0.0
2019-01-16,23,0,191,0.0,0.0,0.0,0.0,0.0
2019-01-16,23,0,192,102.78,102.78,0.0,2100.066507,0.0
2019-01-16,23,0,194,176.5,176.5,0.0,1652.06131,0.0
2019-01-16,23,0,196,0.0,0.0,0.0,0.0,0.0
2019-01-16,23,0,198,0.0,0.0,0.0,0.0,0.0
2019-01-16,23,0,199,77.68,77.68,0.0,770.984562,0.0
2019-01-16,23,0,200,0.0,0.0,0.0,0.0,0.0
2019-01-16,23,0,204,564.33,564.33,0.0,4543.232979,0.0
2019-01-16,23,0,205,542.65,542.65,0.0,4446.198118,0.0
2019-01-16,23,0,206,216.99,216.99,0.0,1215.282154,0.0
2019-01-16,23,0,210,0.0,0.0,0.0,0.0,0.0
2019-01-16,23,0,214,0.0,0.0,0.0,0.0,0.0
2019-01-16,23,0,217,0.0,0.0,0.0,0.0,0.0
2019-01-16,23,0,218,0.0,0.0,0.0,0.0,0.0
2019-01-16,23,0,219,0.0,0.0,0.0,0.0,0.0
2019-01-16,23,0,221,0.0,0.0,0.0,0.0,0.0
2019-01-16,23,0,225,0.0,0.0,0.0,0.0,0.0
2019-01-16,23,0,233,0.0,0.0,0.0,0.0,0.0
2019-01-16,23,0,236,15.07,15.07,0.0,157.019807,0.0
2019-01-16,23,0,237,20.24,20.24,0.0,196.561647,0.0
2019-01-16,23,0,238,0.0,0.0,0.0,0.0,0.0
2019-01-16,23,0,240,0.0,0.0,0.0,0.0,0.0
2019-01-16,23,0,245,36.71,36.71,0.0,413.280542,0.0
2019-01-16,23,0,247,13.76,13.76,0.0,154.909841,0.0
2019-01-16,23,0,248,2.03,2.03,0.0,19.714434,0.0
2019-01-16,23,0,249,70.59,70.59,0.0,794.700993,0.0
2019-01-16,23,0,251,25.61,25.61,0.0,280.542675,0.0
2019-01-16,23,0,252,11.14,11.14,0.0,122.910861,0.0
2019-01-16,23,0,254,0.0,0.0,0.0,0.0,0.0
2019-01-16,23,0,255,0.0,0.0,0.0,0.0,0.0
2019-01-16,23,0,258,0.0,0.0,0.0,0.0,0.0
2019-01-16,23,0,260,0.0,0.0,0.0,0.0,0.0
2019-01-16,23,0,265,0.0,0.0,0.0,0.0,0.0
2019-01-16,23,0,266,23.09,23.09,0.0,167.846423,0.0
2019-01-16,23,0,267,28.38,28.38,0.0,206.300627,0.0
2019-01-16,23,0,270,291.29,291.29,0.0,-8966.472475,0.0
2019-01-16,23,0,272,228.36,228.36,0.0,815.483836,0.0
2019-01-16,23,0,273,0.0,0.0,0.0,-0.0,0.0
2019-01-16,23,0,274,375.51,375.51,0.0,-11558.9278,0.0
2019-01-16,23,0,275,522.72,522.72,0.0,-16090.33778,0.0
2019-01-16,23,0,276,0.0,0.0,0.0,-0.0,0.0
2019-01-16,23,0,277,0.0,0.0,0.0,0.0,0.0
2019-01-16,23,0,278,0.0,0.0,0.0,0.0,0.0
2019-01-16,23,0,279,121.42,121.42,0.0,396.560727,0.0
2019-01-16,23,0,281,5.66,5.66,0.0,31.875807,0.0
2019-01-16,23,0,282,0.0,0.0,0.0,0.0,0.0
2019-01-17,0,0,9,0.0,0.0,0.0,0.0,0.0
2019-01-17,0,0,17,0.0,0.0,0.0,0.0,0.0
2019-01-17,0,0,19,38.34,38.34,0.0,402.284748,0.0
2019-01-17,0,0,20,46.5,46.5,0.0,487.904037,0.0
2019-01-17,0,0,21,0.0,0.0,0.0,0.0,0.0
2019-01-17,0,0,22,0.0,0.0,0.0,0.0,0.0
2019-01-17,0,0,23,53.83,53.83,0.0,351.255915,0.0
2019-01-17,0,0,24,95.25,95.25,0.0,621.533083,0.0
2019-01-17,0,0,29,0.0,0.0,0.0,0.0,0.0
2019-01-17,0,0,30,0.0,0.0,0.0,0.0,0.0
2019-01-17,0,0,31,13.38,13.38,0.0,87.012868,0.0
2019-01-17,0,0,32,0.0,0.0,0.0,0.0,0.0
2019-01-17,0,0,33,0.0,0.0,0.0,0.0,0.0
2019-01-17,0,0,34,0.0,0.0,0.0,0.0,0.0
2019-01-17,0,0,35,0.0,0.0,0.0,0.0,0.0
2019-01-17,0,0,36,0.0,0.0,0.0,0.0,0.0
2019-01-17,0,0,37,0.0,0.0,0.0,0.0,0.0
2019-01-17,0,0,38,0.0,0.0,0.0,0.0,0.0
2019-01-17,0,0,39,0.0,0.0,0.0,0.0,0.0
2019-01-17,0,0,40,0.0,0.0,0.0,0.0,0.0
2019-01-17,0,0,41,27.85,27.85,0.0,214.806365,0.0
2019-01-17,0,0,42,0.0,0.0,0.0,0.0,0.0
2019-01-17,0,0,43,0.0,0.0,0.0,0.0,0.0
2019-01-17,0,0,46,0.0,0.0,0.0,0.0,0.0
2019-01-17,0,0,52,14.18,14.18,0.0,92.215431,0.0
2019-01-17,0,0,53,22.53,22.53,0.0,146.517183,0.0
2019-01-17,0,0,55,265.64,265.64,0.0,1733.375834,0.0
2019-01-17,0,0,56,0.0,0.0,0.0,0.0,0.0
2019-01-17,0,0,57,0.0,0.0,0.0,0.0,0.0
2019-01-17,0,0,58,0.0,0.0,0.0,0.0,0.0
2019-01-17,0,0,59,0.0,0.0,0.0,0.0,0.0
2019-01-17,0,0,63,170.0,170.0,0.0,3056.126812,0.0
2019-01-17,0,0,64,200.0,200.0,0.0,3595.443309,0.0
2019-01-17,0,0,65,0.0,0.0,0.0,0.0,0.0
2019-01-17,0,0,67,0.0,0.0,0.0,-0.0,0.0
2019-01-17,0,0,68,4.71,4.71,0.0,-0.422494,0.0
2019-01-17,0,0,69,0.0,0.0,0.0,0.0,0.0
2019-01-17,0,0,74,8.44,8.44,0.0,80.215658,0.0
2019-01-17,0,0,77,101.43,101.43,0.0,447.4215,0.0
2019-01-17,0,0,78,76.68,76.68,0.0,338.24589,0.0
2019-01-17,0,0,79,44.37,44.37,0.0,195.722093,0.0
2019-01-17,0,0,80,71.76,71.76,0.0,316.543102,0.0
2019-01-17,0,0,81,93.82,93.82,0.0,413.852756,0.0
2019-01-17,0,0,82,66.18,66.18,0.0,291.928964,0.0
2019-01-17,0,0,83,147.58,147.58,0.0,650.995415,0.0
2019-01-17,0,0,84,0.0,0.0,0.0,0.0,0.0
2019-01-17,0,0,86,0.0,0.0,0.0,0.0,0.0
2019-01-17,0,0,87,0.0,0.0,0.0,0.0,0.0
2019-01-17,0,0,88,89.95,89.95,0.0,396.781661,0.0
2019-01-17,0,0,89,86.47,86.47,0.0,381.430909,0.0
2019-01-17,0,0,90,116.1,116.1,0.0,512.132861,0.0
2019-01-17,0,0,91,414.16,414.16,0.0,1826.915984,0.0
2019-01-17,0,0,92,148.95,148.95,0.0,657.038671,0.0
2019-01-17,0,0,95,67.44,67.44,0.0,1033.819134,0.0
2019-01-17,0,0,96,12.28,12.28,0.0,79.576001,0.0
2019-01-17,0,0,97,75.5,75.5,0.0,489.249841,0.0
2019-01-17,0,0,99,1.63,1.63,0.0,15.491887,0.0
2019-01-17,0,0,101,0.0,0.0,0.0,0.0,0.0
2019-01-17,0,0,102,11.14,11.14,0.0,-0.999275,0.0
2019-01-17,0,0,103,9.69,9.69,0.0,-0.869208,0.0
2019-01-17,0,0,104,1.8,1.8,0.0,-0.161463,0.0
2019-01-17,0,0,106,0.0,0.0,0.0,0.0,0.0
2019-01-17,0,0,109,109.55,109.55,0.0,920.757137,0.0
2019-01-17,0,0,110,88.39,88.39,0.0,-1887.892478,0.0
2019-01-17,0,0,111,0.0,0.0,0.0,0.0,0.0
2019-01-17,0,0,113,69.08,69.08,0.0,346.167801,0.0
2019-01-17,0,0,115,69.08,69.08,0.0,346.167801,0.0
2019-01-17,0,0,116,0.0,0.0,0.0,-0.0,0.0
2019-01-17,0,0,117,4.61,4.61,0.0,23.101239,0.0
2019-01-17,0,0,119,200.0,200.0,0.0,3595.443309,0.0
2019-01-17,0,0,120,117.6,117.6,0.0,2114.120666,0.0
2019-01-17,0,0,123,0.0,0.0,0.0,0.0,0.0
2019-01-17,0,0,125,86.19,86.19,0.0,562.414031,0.0
2019-01-17,0,0,126,0.0,0.0,0.0,0.0,0.0
2019-01-17,0,0,127,0.0,0.0,0.0,0.0,0.0
2019-01-17,0,0,128,123.45,123.45,0.0,805.546027,0.0
2019-01-17,0,0,131,14.22,14.22,0.0,18.608082,0.0
2019-01-17,0,0,132,20.9,20.9,0.0,27.349431,0.0
2019-01-17,0,0,133,10.43,10.43,0.0,109.471391,0.0
2019-01-17,0,0,134,0.0,0.0,0.0,0.0,0.0
2019-01-17,0,0,135,13.98,13.98,0.0,146.731549,0.0
2019-01-17,0,0,136,0.0,0.0,0.0,0.0,0.0
2019-01-17,0,0,139,35.96,35.96,0.0,277.358595,0.0
2019-01-17,0,0,140,65.41,65.41,0.0,-1397.070336,0.0
2019-01-17,0,0,141,112.51,112.51,0.0,-599.157768,0.0
2019-01-17,0,0,142,0.0,0.0,0.0,-0.0,0.0
2019-01-17,0,0,143,51.11,51.11,0.0,332.37875,0.0
2019-01-17,0,0,145,12.27,12.27,0.0,88.46413,0.0
2019-01-17,0,0,146,268.0,268.0,0.0,-5724.122457,0.0
2019-01-17,0,0,152,0.0,0.0,0.0,0.0,0.0
2019-01-17,0,0,153,0.0,0.0,0.0,0.0,0.0
2019-01-17,0,0,154,0.0,0.0,0.0,0.0,0.0
2019-01-17,0,0,157,228.32,228.32,0.0,-1215.889269,0.0
2019-01-17,0,0,158,0.0,0.0,0.0,-0.0,0.0
2019-01-17,0,0,159,0.0,0.0,0.0,0.0,0.0
2019-01-17,0,0,160,0.0,0.0,0.0,0.0,0.0
2019-01-17,0,0,161,0.0,0.0,0.0,-0.0,0.0
2019-01-17,0,0,162,48.75,48.75,0.0,748.752712,0.0
2019-01-17,0,0,163,96.78,96.78,0.0,-2067.091684,0.0
2019-01-17,0,0,164,0.0,0.0,0.0,0.0,0.0
2019-01-17,0,0,167,0.0,0.0,0.0,0.0,0.0
2019-01-17,0,0,168,0.0,0.0,0.0,0.0,0.0
2019-01-17,0,0,169,0.0,0.0,0.0,0.0,0.0
2019-01-17,0,0,170,0.0,0.0,0.0,0.0,0.0
2019-01-17,0,0,172,0.0,0.0,0.0,0.0,0.0
2019-01-17,0,0,173,0.0,0.0,0.0,0.0,0.0
2019-01-17,0,0,188,0.0,0.0,0.0,0.0,0.0
2019-01-17,0,0,190,0.0,0.0,0.0,0.0,0.0
2019-01-17,0,0,191,0.0,0.0,0.0,0.0,0.0
2019-01-17,0,0,192,98.57,98.57,0.0,1772.014235,0.0
2019-01-17,0,0,194,176.5,176.5,0.0,1671.122449,0.0
2019-01-17,0,0,196,0.0,0.0,0.0,0.0,0.0
2019-01-17,0,0,198,0.0,0.0,0.0,0.0,0.0
2019-01-17,0,0,199,26.67,26.67,0.0,265.916892,0.0
2019-01-17,0,0,200,0.0,0.0,0.0,0.0,0.0
2019-01-17,0,0,204,590.13,590.13,0.0,4898.545501,0.0
2019-01-17,0,0,205,579.51,579.51,0.0,4870.725409,0.0
2019-01-17,0,0,206,221.84,221.84,0.0,1437.552115,0.0
2019-01-17,0,0,210,0.0,0.0,0.0,0.0,0.0
2019-01-17,0,0,214,0.0,0.0,0.0,0.0,0.0
2019-01-17,0,0,217,0.0,0.0,0.0,0.0,0.0
2019-01-17,0,0,218,0.0,0.0,0.0,0.0,0.0
2019-01-17,0,0,219,0.0,0.0,0.0,0.0,0.0
2019-01-17,0,0,221,0.0,0.0,0.0,0.0,0.0
2019-01-17,0,0,225,0.0,0.0,0.0,0.0,0.0
2019-01-17,0,0,233,0.0,0.0,0.0,0.0,0.0
2019-01-17,0,0,236,12.24,12.24,0.0,122.598475,0.0
2019-01-17,0,0,237,20.24,20.24,0.0,192.365511,0.0
2019-01-17,0,0,238,0.0,0.0,0.0,0.0,0.0
2019-01-17,0,0,240,0.0,0.0,0.0,0.0,0.0
2019-01-17,0,0,245,12.3,12.3,0.0,130.623052,0.0
2019-01-17,0,0,247,7.74,7.74,0.0,82.196945,0.0
2019-01-17,0,0,248,2.03,2.03,0.0,19.293576,0.0
2019-01-17,0,0,249,23.04,23.04,0.0,244.679277,0.0
2019-01-17,0,0,251,10.88,10.88,0.0,113.164805,0.0
2019-01-17,0,0,252,0.0,0.0,0.0,0.0,0.0
2019-01-17,0,0,254,0.0,0.0,0.0,0.0,0.0
2019-01-17,0,0,255,0.0,0.0,0.0,0.0,0.0
2019-01-17,0,0,258,0.0,0.0,0.0,0.0,0.0
2019-01-17,0,0,260,0.0,0.0,0.0,0.0,0.0
2019-01-17,0,0,265,0.0,0.0,0.0,0.0,0.0
2019-01-17,0,0,266,23.28,23.28,0.0,179.558067,0.0
2019-01-17,0,0,267,28.61,28.61,0.0,220.668226,0.0
2019-01-17,0,0,270,302.25,302.25,0.0,-6455.656764,0.0
2019-01-17,0,0,272,230.88,230.88,0.0,1156.966153,0.0
2019-01-17,0,0,273,0.0,0.0,0.0,-0.0,0.0
2019-01-17,0,0,274,389.63,389.63,0.0,-8321.976989,0.0
2019-01-17,0,0,275,542.37,542.37,0.0,-11584.299616,0.0
2019-01-17,0,0,276,0.0,0.0,0.0,-0.0,0.0
2019-01-17,0,0,277,0.0,0.0,0.0,0.0,0.0
2019-01-17,0,0,278,0.0,0.0,0.0,0.0,0.0
2019-01-17,0,0,279,125.27,125.27,0.0,597.609734,0.0
2019-01-17,0,0,281,6.01,6.01,0.0,39.084255,0.0
2019-01-17,0,0,282,0.0,0.0,0.0,0.0,0.0
2019-01-17,1,0,9,0.0,0.0,0.0,0.0,0.0
2019-01-17,1,0,17,0.0,0.0,0.0,0.0,0.0
2019-01-17,1,0,19,36.84,36.84,0.0,452.912903,0.0
2019-01-17,1,0,20,44.68,44.68,0.0,549.298277,0.0
2019-01-17,1,0,21,0.0,0.0,0.0,0.0,0.0
2019-01-17,1,0,22,0.0,0.0,0.0,0.0,0.0
2019-01-17,1,0,23,55.66,55.66,0.0,229.999171,0.0
2019-01-17,1,0,24,98.48,98.48,0.0,406.940681,0.0
2019-01-17,1,0,29,0.0,0.0,0.0,0.0,0.0
2019-01-17,1,0,30,0.0,0.0,0.0,0.0,0.0
2019-01-17,1,0,31,31.91,31.91,0.0,130.412191,0.0
2019-01-17,1,0,32,0.0,0.0,0.0,0.0,0.0
2019-01-17,1,0,33,0.0,0.0,0.0,0.0,0.0
2019-01-17,1,0,34,0.0,0.0,0.0,0.0,0.0
2019-01-17,1,0,35,0.0,0.0,0.0,0.0,0.0
2019-01-17,1,0,36,0.0,0.0,0.0,0.0,0.0
2019-01-17,1,0,37,0.0,0.0,0.0,0.0,0.0
2019-01-17,1,0,38,0.0,0.0,0.0,0.0,0.0
2019-01-17,1,0,39,0.0,0.0,0.0,0.0,0.0
2019-01-17,1,0,40,0.0,0.0,0.0,0.0,0.0
2019-01-17,1,0,41,28.23,28.23,0.0,185.54126,0.0
2019-01-17,1,0,42,0.0,0.0,0.0,0.0,0.0
2019-01-17,1,0,43,0.0,0.0,0.0,0.0,0.0
2019-01-17,1,0,46,0.0,0.0,0.0,0.0,0.0
2019-01-17,1,0,52,33.97,33.97,0.0,138.831155,0.0
2019-01-17,1,0,53,55.52,55.52,0.0,226.903318,0.0
2019-01-17,1,0,55,231.52,231.52,0.0,956.690765,0.0
2019-01-17,1,0,56,0.0,0.0,0.0,0.0,0.0
2019-01-17,1,0,57,0.0,0.0,0.0,0.0,0.0
2019-01-17,1,0,58,0.0,0.0,0.0,0.0,0.0
2019-01-17,1,0,59,0.0,0.0,0.0,0.0,0.0
2019-01-17,1,0,63,170.0,170.0,0.0,4676.086746,0.0
2019-01-17,1,0,64,200.0,200.0,0.0,5501.278525,0.0
2019-01-17,1,0,65,0.0,0.0,0.0,0.0,0.0
2019-01-17,1,0,67,0.0,0.0,0.0,-0.0,0.0
2019-01-17,1,0,68,4.87,4.87,0.0,-45.82731,0.0
2019-01-17,1,0,69,0.0,0.0,0.0,0.0,0.0
2019-01-17,1,0,74,8.5,8.5,0.0,87.18105,0.0
2019-01-17,1,0,77,105.74,105.74,0.0,-22.137219,0.0
2019-01-17,1,0,78,79.94,79.94,0.0,-16.735855,0.0
2019-01-17,1,0,79,46.26,46.26,0.0,-9.684772,0.0
2019-01-17,1,0,80,74.81,74.81,0.0,-15.661863,0.0
2019-01-17,1,0,81,97.81,97.81,0.0,-20.477032,0.0
2019-01-17,1,0,82,68.99,68.99,0.0,-14.443415,0.0
2019-01-17,1,0,83,153.85,153.85,0.0,-32.209298,0.0
2019-01-17,1,0,84,0.0,0.0,0.0,0.0,0.0
2019-01-17,1,0,86,0.0,0.0,0.0,0.0,0.0
2019-01-17,1,0,87,0.0,0.0,0.0,0.0,0.0
2019-01-17,1,0,88,93.68,93.68,0.0,-19.612395,0.0
2019-01-17,1,0,89,90.05,90.05,0.0,-18.852436,0.0
2019-01-17,1,0,90,120.91,120.91,0.0,-25.313138,0.0
2019-01-17,1,0,91,431.33,431.33,0.0,-90.30118,0.0
2019-01-17,1,0,92,155.12,155.12,0.0,-32.475179,0.0
2019-01-17,1,0,95,88.63,88.63,0.0,1958.192111,0.0
2019-01-17,1,0,96,12.69,12.69,0.0,51.261119,0.0
2019-01-17,1,0,97,78.02,78.02,0.0,315.160957,0.0
2019-01-17,1,0,99,1.64,1.64,0.0,16.820814,0.0
2019-01-17,1,0,101,0.0,0.0,0.0,0.0,0.0
2019-01-17,1,0,102,11.54,11.54,0.0,-108.592844,0.0
2019-01-17,1,0,103,10.03,10.03,0.0,-94.383555,0.0
2019-01-17,1,0,104,1.86,1.86,0.0,-17.502833,0.0
2019-01-17,1,0,106,0.0,0.0,0.0,0.0,0.0
2019-01-17,1,0,109,116.23,116.23,0.0,928.854044,0.0
2019-01-17,1,0,110,137.25,137.25,0.0,-7258.112425,0.0
2019-01-17,1,0,111,0.0,0.0,0.0,0.0,0.0
2019-01-17,1,0,113,40.33,40.33,0.0,40.832696,0.0
2019-01-17,1,0,115,40.33,40.33,0.0,40.832696,0.0
2019-01-17,1,0,116,0.0,0.0,0.0,-0.0,0.0
2019-01-17,1,0,117,2.76,2.76,0.0,2.794402,0.0
2019-01-17,1,0,119,200.0,200.0,0.0,5501.278525,0.0
2019-01-17,1,0,120,117.6,117.6,0.0,3234.751773,0.0
2019-01-17,1,0,123,0.0,0.0,0.0,0.0,0.0
2019-01-17,1,0,125,89.12,89.12,0.0,368.263135,0.0
2019-01-17,1,0,126,0.0,0.0,0.0,0.0,0.0
2019-01-17,1,0,127,0.0,0.0,0.0,0.0,0.0
2019-01-17,1,0,128,127.64,127.64,0.0,527.436115,0.0
2019-01-17,1,0,131,14.6,14.6,0.0,-95.661003,0.0
2019-01-17,1,0,132,21.46,21.46,0.0,-140.608571,0.0
2019-01-17,1,0,133,9.53,9.53,0.0,117.226368,0.0
2019-01-17,1,0,134,0.0,0.0,0.0,0.0,0.0
2019-01-17,1,0,135,12.77,12.77,0.0,157.080873,0.0
2019-01-17,1,0,136,0.0,0.0,0.0,0.0,0.0
2019-01-17,1,0,139,36.46,36.46,0.0,239.632814,0.0
2019-01-17,1,0,140,101.58,101.58,0.0,-5371.796431,0.0
2019-01-17,1,0,141,112.8,112.8,0.0,-2268.574684,0.0
2019-01-17,1,0,142,0.0,0.0,0.0,-0.0,0.0
2019-01-17,1,0,143,66.93,66.93,0.0,273.534565,0.0
2019-01-17,1,0,145,12.51,12.51,0.0,69.276467,0.0
2019-01-17,1,0,146,268.0,268.0,0.0,-14172.489107,0.0
2019-01-17,1,0,152,0.0,0.0,0.0,0.0,0.0
2019-01-17,1,0,153,0.0,0.0,0.0,0.0,0.0
2019-01-17,1,0,154,0.0,0.0,0.0,0.0,0.0
2019-01-17,1,0,157,217.06,217.06,0.0,-4365.397348,0.0
2019-01-17,1,0,158,0.0,0.0,0.0,-0.0,0.0
2019-01-17,1,0,159,0.0,0.0,0.0,0.0,0.0
2019-01-17,1,0,160,0.0,0.0,0.0,0.0,0.0
2019-01-17,1,0,161,0.0,0.0,0.0,-0.0,0.0
2019-01-17,1,0,162,48.75,48.75,0.0,1080.029506,0.0
2019-01-17,1,0,163,104.35,104.35,0.0,-5518.28074,0.0
2019-01-17,1,0,164,0.0,0.0,0.0,0.0,0.0
2019-01-17,1,0,167,0.0,0.0,0.0,0.0,0.0
2019-01-17,1,0,168,0.0,0.0,0.0,0.0,0.0
2019-01-17,1,0,169,0.0,0.0,0.0,0.0,0.0
2019-01-17,1,0,170,0.0,0.0,0.0,0.0,0.0
2019-01-17,1,0,172,0.0,0.0,0.0,0.0,0.0
2019-01-17,1,0,173,0.0,0.0,0.0,0.0,0.0
2019-01-17,1,0,188,0.0,0.0,0.0,0.0,0.0
2019-01-17,1,0,190,0.0,0.0,0.0,0.0,0.0
2019-01-17,1,0,191,0.0,0.0,0.0,0.0,0.0
2019-01-17,1,0,192,100.79,100.79,0.0,2772.369313,0.0
2019-01-17,1,0,194,176.5,176.5,0.0,1785.839914,0.0
2019-01-17,1,0,196,0.0,0.0,0.0,0.0,0.0
2019-01-17,1,0,198,0.0,0.0,0.0,0.0,0.0
2019-01-17,1,0,199,54.95,54.95,0.0,611.377672,0.0
2019-01-17,1,0,200,0.0,0.0,0.0,0.0,0.0
2019-01-17,1,0,204,618.9,618.9,0.0,4813.309812,0.0
2019-01-17,1,0,205,614.88,614.88,0.0,4913.824097,0.0
2019-01-17,1,0,206,229.25,229.25,0.0,926.052926,0.0
2019-01-17,1,0,210,0.0,0.0,0.0,0.0,0.0
2019-01-17,1,0,214,0.0,0.0,0.0,0.0,0.0
2019-01-17,1,0,217,0.0,0.0,0.0,0.0,0.0
2019-01-17,1,0,218,0.0,0.0,0.0,0.0,0.0
2019-01-17,1,0,219,0.0,0.0,0.0,0.0,0.0
2019-01-17,1,0,221,0.0,0.0,0.0,0.0,0.0
2019-01-17,1,0,225,0.0,0.0,0.0,0.0,0.0
2019-01-17,1,0,233,0.0,0.0,0.0,0.0,0.0
2019-01-17,1,0,236,9.88,9.88,0.0,111.759477,0.0
2019-01-17,1,0,237,20.4,20.4,0.0,209.23452,0.0
2019-01-17,1,0,238,0.0,0.0,0.0,0.0,0.0
2019-01-17,1,0,240,0.0,0.0,0.0,0.0,0.0
2019-01-17,1,0,245,3.08,3.08,0.0,38.673568,0.0
2019-01-17,1,0,247,3.88,3.88,0.0,48.718651,0.0
2019-01-17,1,0,248,2.05,2.05,0.0,21.026018,0.0
2019-01-17,1,0,249,5.92,5.92,0.0,74.333612,0.0
2019-01-17,1,0,251,0.0,0.0,0.0,0.0,0.0
2019-01-17,1,0,252,0.0,0.0,0.0,0.0,0.0
2019-01-17,1,0,254,0.0,0.0,0.0,0.0,0.0
2019-01-17,1,0,255,0.0,0.0,0.0,0.0,0.0
2019-01-17,1,0,258,0.0,0.0,0.0,0.0,0.0
2019-01-17,1,0,260,0.0,0.0,0.0,0.0,0.0
2019-01-17,1,0,265,0.0,0.0,0.0,0.0,0.0
2019-01-17,1,0,266,23.61,23.61,0.0,155.176378,0.0
2019-01-17,1,0,267,29.01,29.01,0.0,190.667798,0.0
2019-01-17,1,0,270,325.89,325.89,0.0,-17233.852519,0.0
2019-01-17,1,0,272,134.52,134.52,0.0,136.196733,0.0
2019-01-17,1,0,273,0.0,0.0,0.0,-0.0,0.0
2019-01-17,1,0,274,420.11,420.11,0.0,-22216.434323,0.0
2019-01-17,1,0,275,584.8,584.8,0.0,-30925.640409,0.0
2019-01-17,1,0,276,0.0,0.0,0.0,-0.0,0.0
2019-01-17,1,0,277,0.0,0.0,0.0,0.0,0.0
2019-01-17,1,0,278,0.0,0.0,0.0,0.0,0.0
2019-01-17,1,0,279,131.71,131.71,0.0,68.833925,0.0
2019-01-17,1,0,281,13.17,13.17,0.0,53.824148,0.0
2019-01-17,1,0,282,0.0,0.0,0.0,0.0,0.0
2019-01-17,2,0,9,0.0,0.0,0.0,0.0,0.0
2019-01-17,2,0,17,0.0,0.0,0.0,0.0,0.0
2019-01-17,2,0,19,62.91,62.91,0.0,868.444755,0.0
2019-01-17,2,0,20,76.29,76.29,0.0,1053.149743,0.0
2019-01-17,2,0,21,0.0,0.0,0.0,0.0,0.0
2019-01-17,2,0,22,0.0,0.0,0.0,0.0,0.0
2019-01-17,2,0,23,53.1,53.1,0.0,447.66994,0.0
2019-01-17,2,0,24,93.94,93.94,0.0,791.979551,0.0
2019-01-17,2,0,29,0.0,0.0,0.0,0.0,0.0
2019-01-17,2,0,30,0.0,0.0,0.0,0.0,0.0
2019-01-17,2,0,31,11.88,11.88,0.0,99.827241,0.0
2019-01-17,2,0,32,0.0,0.0,0.0,0.0,0.0
2019-01-17,2,0,33,0.0,0.0,0.0,0.0,0.0
2019-01-17,2,0,34,0.0,0.0,0.0,0.0,0.0
2019-01-17,2,0,35,0.0,0.0,0.0,0.0,0.0
2019-01-17,2,0,36,0.0,0.0,0.0,0.0,0.0
2019-01-17,2,0,37,0.0,0.0,0.0,0.0,0.0
2019-01-17,2,0,38,0.0,0.0,0.0,0.0,0.0
2019-01-17,2,0,39,0.0,0.0,0.0,0.0,0.0
2019-01-17,2,0,40,0.0,0.0,0.0,0.0,0.0
2019-01-17,2,0,41,24.4,24.4,0.0,242.847909,0.0
2019-01-17,2,0,42,0.0,0.0,0.0,0.0,0.0
2019-01-17,2,0,43,0.0,0.0,0.0,0.0,0.0
2019-01-17,2,0,46,0.0,0.0,0.0,0.0,0.0
2019-01-17,2,0,52,12.59,12.59,0.0,105.793347,0.0
2019-01-17,2,0,53,20.0,20.0,0.0,168.059328,0.0
2019-01-17,2,0,55,258.9,258.9,0.0,2182.707107,0.0
2019-01-17,2,0,56,0.0,0.0,0.0,0.0,0.0
2019-01-17,2,0,57,0.0,0.0,0.0,0.0,0.0
2019-01-17,2,0,58,0.0,0.0,0.0,0.0,0.0
2019-01-17,2,0,59,0.0,0.0,0.0,0.0,0.0
2019-01-17,2,0,63,151.0,151.0,0.0,2845.772454,0.0
2019-01-17,2,0,64,177.65,177.65,0.0,3348.023023,0.0
2019-01-17,2,0,65,0.0,0.0,0.0,0.0,0.0
2019-01-17,2,0,67,0.0,0.0,0.0,-0.0,0.0
2019-01-17,2,0,68,4.58,4.58,0.0,5.941985,0.0
2019-01-17,2,0,69,0.0,0.0,0.0,0.0,0.0
2019-01-17,2,0,74,2.25,2.25,0.0,27.790764,0.0
2019-01-17,2,0,77,93.43,93.43,0.0,540.212486,0.0
2019-01-17,2,0,78,70.64,70.64,0.0,408.440651,0.0
2019-01-17,2,0,79,40.88,40.88,0.0,236.368259,0.0
2019-01-17,2,0,80,66.1,66.1,0.0,382.19036,0.0
2019-01-17,2,0,81,86.43,86.43,0.0,499.738469,0.0
2019-01-17,2,0,82,60.97,60.97,0.0,352.528687,0.0
2019-01-17,2,0,83,135.95,135.95,0.0,786.063228,0.0
2019-01-17,2,0,84,0.0,0.0,0.0,0.0,0.0
2019-01-17,2,0,86,0.0,0.0,0.0,0.0,0.0
2019-01-17,2,0,87,0.0,0.0,0.0,0.0,0.0
2019-01-17,2,0,88,80.76,80.76,0.0,466.954515,0.0
2019-01-17,2,0,89,77.64,77.64,0.0,448.914667,0.0
2019-01-17,2,0,90,104.24,104.24,0.0,602.715932,0.0
2019-01-17,2,0,91,371.86,371.86,0.0,2150.095418,0.0
2019-01-17,2,0,92,133.74,133.74,0.0,773.285003,0.0
2019-01-17,2,0,95,36.0,36.0,0.0,583.727483,0.0
2019-01-17,2,0,96,10.67,10.67,0.0,89.350437,0.0
2019-01-17,2,0,97,65.63,65.63,0.0,549.584741,0.0
2019-01-17,2,0,99,0.44,0.44,0.0,5.434638,0.0
2019-01-17,2,0,101,0.0,0.0,0.0,0.0,0.0
2019-01-17,2,0,102,10.84,10.84,0.0,14.063562,0.0
2019-01-17,2,0,103,9.43,9.43,0.0,12.234261,0.0
2019-01-17,2,0,104,1.75,1.75,0.0,2.270409,0.0
2019-01-17,2,0,106,0.0,0.0,0.0,0.0,0.0
2019-01-17,2,0,109,102.52,102.52,0.0,1103.891972,0.0
2019-01-17,2,0,110,81.7,81.7,0.0,-1610.919236,0.0
2019-01-17,2,0,111,0.0,0.0,0.0,0.0,0.0
2019-01-17,2,0,113,40.62,40.62,0.0,253.934418,0.0
2019-01-17,2,0,115,40.62,40.62,0.0,253.934418,0.0
2019-01-17,2,0,116,0.0,0.0,0.0,-0.0,0.0
2019-01-17,2,0,117,2.17,2.17,0.0,13.565674,0.0
2019-01-17,2,0,119,177.65,177.65,0.0,3348.023023,0.0
2019-01-17,2,0,120,104.46,104.46,0.0,1968.671461,0.0
2019-01-17,2,0,123,0.0,0.0,0.0,0.0,0.0
2019-01-17,2,0,125,85.01,85.01,0.0,716.693438,0.0
2019-01-17,2,0,126,0.0,0.0,0.0,0.0,0.0
2019-01-17,2,0,127,0.0,0.0,0.0,0.0,0.0
2019-01-17,2,0,128,121.76,121.76,0.0,1026.521504,0.0
2019-01-17,2,0,131,13.63,13.63,0.0,36.514203,0.0
2019-01-17,2,0,132,20.04,20.04,0.0,53.686326,0.0
2019-01-17,2,0,133,14.24,14.24,0.0,196.645904,0.0
2019-01-17,2,0,134,0.0,0.0,0.0,0.0,0.0
2019-01-17,2,0,135,19.07,19.07,0.0,263.345323,0.0
2019-01-17,2,0,136,0.0,0.0,0.0,0.0,0.0
2019-01-17,2,0,139,31.51,31.51,0.0,313.612197,0.0
2019-01-17,2,0,140,60.47,60.47,0.0,-1192.316845,0.0
2019-01-17,2,0,141,110.22,110.22,0.0,-427.18476,0.0
2019-01-17,2,0,142,0.0,0.0,0.0,-0.0,0.0
2019-01-17,2,0,143,29.1,29.1,0.0,244.526322,0.0
2019-01-17,2,0,145,11.08,11.08,0.0,102.845965,0.0
2019-01-17,2,0,146,268.0,268.0,0.0,-5284.288316,0.0
2019-01-17,2,0,152,0.0,0.0,0.0,0.0,0.0
2019-01-17,2,0,153,0.0,0.0,0.0,0.0,0.0
2019-01-17,2,0,154,0.0,0.0,0.0,0.0,0.0
2019-01-17,2,0,157,180.79,180.79,0.0,-700.696178,0.0
2019-01-17,2,0,158,0.0,0.0,0.0,-0.0,0.0
2019-01-17,2,0,159,0.0,0.0,0.0,0.0,0.0
2019-01-17,2,0,160,0.0,0.0,0.0,0.0,0.0
2019-01-17,2,0,161,0.0,0.0,0.0,0.0,0.0
2019-01-17,2,0,162,48.75,48.75,0.0,791.905757,0.0
2019-01-17,2,0,163,96.06,96.06,0.0,-1894.062446,0.0
2019-01-17,2,0,164,0.0,0.0,0.0,0.0,0.0
2019-01-17,2,0,167,0.0,0.0,0.0,0.0,0.0
2019-01-17,2,0,168,0.0,0.0,0.0,0.0,0.0
2019-01-17,2,0,169,0.0,0.0,0.0,0.0,0.0
2019-01-17,2,0,170,0.0,0.0,0.0,0.0,0.0
2019-01-17,2,0,172,0.0,0.0,0.0,0.0,0.0
2019-01-17,2,0,173,0.0,0.0,0.0,0.0,0.0
2019-01-17,2,0,188,0.0,0.0,0.0,0.0,0.0
2019-01-17,2,0,190,0.0,0.0,0.0,0.0,0.0
2019-01-17,2,0,191,0.0,0.0,0.0,0.0,0.0
2019-01-17,2,0,192,90.49,90.49,0.0,1705.390393,0.0
2019-01-17,2,0,194,168.03,168.03,0.0,1771.05804,0.0
2019-01-17,2,0,196,0.0,0.0,0.0,0.0,0.0
2019-01-17,2,0,198,0.0,0.0,0.0,0.0,0.0
2019-01-17,2,0,199,22.88,22.88,0.0,240.515853,0.0
2019-01-17,2,0,200,0.0,0.0,0.0,0.0,0.0
2019-01-17,2,0,204,503.46,503.46,0.0,5348.298664,0.0
2019-01-17,2,0,205,503.27,503.27,0.0,5418.998368,0.0
2019-01-17,2,0,206,192.84,192.84,0.0,1614.839577,0.0
2019-01-17,2,0,210,0.0,0.0,0.0,0.0,0.0
2019-01-17,2,0,214,0.0,0.0,0.0,0.0,0.0
2019-01-17,2,0,217,0.0,0.0,0.0,0.0,0.0
2019-01-17,2,0,218,0.0,0.0,0.0,0.0,0.0
2019-01-17,2,0,219,0.0,0.0,0.0,0.0,0.0
2019-01-17,2,0,221,0.0,0.0,0.0,0.0,0.0
2019-01-17,2,0,225,0.0,0.0,0.0,0.0,0.0
2019-01-17,2,0,233,0.0,0.0,0.0,0.0,0.0
2019-01-17,2,0,236,5.54,5.54,0.0,72.539947,0.0
2019-01-17,2,0,237,5.41,5.41,0.0,66.821348,0.0
2019-01-17,2,0,238,0.0,0.0,0.0,0.0,0.0
2019-01-17,2,0,240,0.0,0.0,0.0,0.0,0.0
2019-01-17,2,0,245,6.37,6.37,0.0,89.139683,0.0
2019-01-17,2,0,247,6.52,6.52,0.0,91.238734,0.0
2019-01-17,2,0,248,0.54,0.54,0.0,6.669783,0.0
2019-01-17,2,0,249,12.26,12.26,0.0,171.562404,0.0
2019-01-17,2,0,251,0.0,0.0,0.0,0.0,0.0
2019-01-17,2,0,252,0.0,0.0,0.0,0.0,0.0
2019-01-17,2,0,254,0.0,0.0,0.0,0.0,0.0
2019-01-17,2,0,255,0.0,0.0,0.0,0.0,0.0
2019-01-17,2,0,258,0.0,0.0,0.0,0.0,0.0
2019-01-17,2,0,260,0.0,0.0,0.0,0.0,0.0
2019-01-17,2,0,265,0.0,0.0,0.0,0.0,0.0
2019-01-17,2,0,266,20.4,20.4,0.0,203.036776,0.0
2019-01-17,2,0,267,25.07,25.07,0.0,249.516274,0.0
2019-01-17,2,0,270,299.99,299.99,0.0,-5915.050939,0.0
2019-01-17,2,0,272,175.23,175.23,0.0,1095.443821,0.0
2019-01-17,2,0,273,0.0,0.0,0.0,-0.0,0.0
2019-01-17,2,0,274,386.72,386.72,0.0,-7625.149169,0.0
2019-01-17,2,0,275,538.32,538.32,0.0,-10614.321217,0.0
2019-01-17,2,0,276,0.0,0.0,0.0,-0.0,0.0
2019-01-17,2,0,277,0.0,0.0,0.0,0.0,0.0
2019-01-17,2,0,278,0.0,0.0,0.0,0.0,0.0
2019-01-17,2,0,279,123.12,123.12,0.0,746.50716,0.0
2019-01-17,2,0,281,5.33,5.33,0.0,44.787811,0.0
2019-01-17,2,0,282,0.0,0.0,0.0,0.0,0.0
2019-01-17,3,0,9,0.0,0.0,0.0,0.0,0.0
2019-01-17,3,0,17,0.0,0.0,0.0,0.0,0.0
2019-01-17,3,0,19,101.26,101.26,0.0,1395.260894,0.0
2019-01-17,3,0,20,122.81,122.81,0.0,1692.198206,0.0
2019-01-17,3,0,21,0.0,0.0,0.0,0.0,0.0
2019-01-17,3,0,22,0.0,0.0,0.0,0.0,0.0
2019-01-17,3,0,23,51.73,51.73,0.0,588.113281,0.0
2019-01-17,3,0,24,91.53,91.53,0.0,1040.595566,0.0
2019-01-17,3,0,29,0.0,0.0,0.0,0.0,0.0
2019-01-17,3,0,30,0.0,0.0,0.0,0.0,0.0
2019-01-17,3,0,31,9.92,9.92,0.0,112.66935,0.0
2019-01-17,3,0,32,0.0,0.0,0.0,0.0,0.0
2019-01-17,3,0,33,0.0,0.0,0.0,0.0,0.0
2019-01-17,3,0,34,0.0,0.0,0.0,0.0,0.0
2019-01-17,3,0,35,0.0,0.0,0.0,0.0,0.0
2019-01-17,3,0,36,0.0,0.0,0.0,0.0,0.0
2019-01-17,3,0,37,0.0,0.0,0.0,0.0,0.0
2019-01-17,3,0,38,0.0,0.0,0.0,0.0,0.0
2019-01-17,3,0,39,0.0,0.0,0.0,0.0,0.0
2019-01-17,3,0,40,0.0,0.0,0.0,0.0,0.0
2019-01-17,3,0,41,22.87,22.87,0.0,274.405084,0.0
2019-01-17,3,0,42,0.0,0.0,0.0,0.0,0.0
2019-01-17,3,0,43,0.0,0.0,0.0,0.0,0.0
2019-01-17,3,0,46,0.0,0.0,0.0,0.0,0.0
2019-01-17,3,0,52,10.51,10.51,0.0,119.37045,0.0
2019-01-17,3,0,53,16.7,16.7,0.0,189.675216,0.0
2019-01-17,3,0,55,243.67,243.67,0.0,2770.260259,0.0
2019-01-17,3,0,56,0.0,0.0,0.0,0.0,0.0
2019-01-17,3,0,57,0.0,0.0,0.0,0.0,0.0
2019-01-17,3,0,58,0.0,0.0,0.0,0.0,0.0
2019-01-17,3,0,59,0.0,0.0,0.0,0.0,0.0
2019-01-17,3,0,63,132.61,132.61,0.0,1713.43457,0.0
2019-01-17,3,0,64,156.01,156.01,0.0,2015.782574,0.0
2019-01-17,3,0,65,0.0,0.0,0.0,0.0,0.0
2019-01-17,3,0,67,0.0,0.0,0.0,0.0,0.0
2019-01-17,3,0,68,4.45,4.45,0.0,41.330936,0.0
2019-01-17,3,0,69,0.0,0.0,0.0,0.0,0.0
2019-01-17,3,0,74,0.0,0.0,0.0,0.0,0.0
2019-01-17,3,0,77,87.84,87.84,0.0,905.85845,0.0
2019-01-17,3,0,78,66.4,66.4,0.0,684.756387,0.0
2019-01-17,3,0,79,38.43,38.43,0.0,396.313072,0.0
2019-01-17,3,0,80,62.14,62.14,0.0,640.824727,0.0
2019-01-17,3,0,81,81.25,81.25,0.0,837.898441,0.0
2019-01-17,3,0,82,57.31,57.31,0.0,591.014888,0.0
2019-01-17,3,0,83,127.8,127.8,0.0,1317.949794,0.0
2019-01-17,3,0,84,0.0,0.0,0.0,0.0,0.0
2019-01-17,3,0,86,0.0,0.0,0.0,0.0,0.0
2019-01-17,3,0,87,0.0,0.0,0.0,0.0,0.0
2019-01-17,3,0,88,72.87,72.87,0.0,751.478885,0.0
2019-01-17,3,0,89,70.05,70.05,0.0,722.397363,0.0
2019-01-17,3,0,90,94.06,94.06,0.0,970.002798,0.0
2019-01-17,3,0,91,335.53,335.53,0.0,3460.185401,0.0
2019-01-17,3,0,92,120.67,120.67,0.0,1244.420983,0.0
2019-01-17,3,0,95,36.0,36.0,0.0,443.704116,0.0
2019-01-17,3,0,96,9.58,9.58,0.0,108.696522,0.0
2019-01-17,3,0,97,58.92,58.92,0.0,668.51765,0.0
2019-01-17,3,0,99,0.0,0.0,0.0,0.0,0.0
2019-01-17,3,0,101,0.0,0.0,0.0,0.0,0.0
2019-01-17,3,0,102,10.54,10.54,0.0,97.893948,0.0
2019-01-17,3,0,103,9.16,9.16,0.0,85.076714,0.0
2019-01-17,3,0,104,1.7,1.7,0.0,15.789346,0.0
2019-01-17,3,0,106,0.0,0.0,0.0,0.0,0.0
2019-01-17,3,0,109,102.78,102.78,0.0,1263.058488,0.0
2019-01-17,3,0,110,80.6,80.6,0.0,373.466586,0.0
2019-01-17,3,0,111,0.0,0.0,0.0,0.0,0.0
2019-01-17,3,0,113,32.92,32.92,0.0,339.506477,0.0
2019-01-17,3,0,115,32.92,32.92,0.0,339.506477,0.0
2019-01-17,3,0,116,0.0,0.0,0.0,0.0,0.0
2019-01-17,3,0,117,1.69,1.69,0.0,17.429099,0.0
2019-01-17,3,0,119,156.01,156.01,0.0,2015.782574,0.0
2019-01-17,3,0,120,91.73,91.73,0.0,1185.230021,0.0
2019-01-17,3,0,123,0.0,0.0,0.0,0.0,0.0
2019-01-17,3,0,125,82.83,82.83,0.0,941.686121,0.0
2019-01-17,3,0,126,0.0,0.0,0.0,0.0,0.0
2019-01-17,3,0,127,0.0,0.0,0.0,0.0,0.0
2019-01-17,3,0,128,118.63,118.63,0.0,1348.6928,0.0
2019-01-17,3,0,131,13.25,13.25,0.0,127.118337,0.0
2019-01-17,3,0,132,19.48,19.48,0.0,186.887941,0.0
2019-01-17,3,0,133,11.73,11.73,0.0,161.656177,0.0
2019-01-17,3,0,134,0.0,0.0,0.0,0.0,0.0
2019-01-17,3,0,135,15.69,15.69,0.0,216.230641,0.0
2019-01-17,3,0,136,0.0,0.0,0.0,0.0,0.0
2019-01-17,3,0,139,29.53,29.53,0.0,354.314916,0.0
2019-01-17,3,0,140,59.66,59.66,0.0,276.439411,0.0
2019-01-17,3,0,141,107.65,107.65,0.0,876.500612,0.0
2019-01-17,3,0,142,0.0,0.0,0.0,0.0,0.0
2019-01-17,3,0,143,11.53,11.53,0.0,130.955403,0.0
2019-01-17,3,0,145,10.12,10.12,0.0,118.44837,0.0
2019-01-17,3,0,146,268.0,268.0,0.0,1241.799566,0.0
2019-01-17,3,0,152,0.0,0.0,0.0,0.0,0.0
2019-01-17,3,0,153,0.0,0.0,0.0,0.0,0.0
2019-01-17,3,0,154,0.0,0.0,0.0,0.0,0.0
2019-01-17,3,0,157,149.41,149.41,0.0,1216.516084,0.0
2019-01-17,3,0,158,0.0,0.0,0.0,0.0,0.0
2019-01-17,3,0,159,0.0,0.0,0.0,0.0,0.0
2019-01-17,3,0,160,0.0,0.0,0.0,0.0,0.0
2019-01-17,3,0,161,0.0,0.0,0.0,0.0,0.0
2019-01-17,3,0,162,48.75,48.75,0.0,601.183165,0.0
2019-01-17,3,0,163,89.51,89.51,0.0,414.751788,0.0
2019-01-17,3,0,164,0.0,0.0,0.0,0.0,0.0
2019-01-17,3,0,167,0.0,0.0,0.0,0.0,0.0
2019-01-17,3,0,168,0.0,0.0,0.0,0.0,0.0
2019-01-17,3,0,169,0.0,0.0,0.0,0.0,0.0
2019-01-17,3,0,170,0.0,0.0,0.0,0.0,0.0
2019-01-17,3,0,172,0.0,0.0,0.0,0.0,0.0
2019-01-17,3,0,173,0.0,0.0,0.0,0.0,0.0
2019-01-17,3,0,188,0.0,0.0,0.0,0.0,0.0
2019-01-17,3,0,190,0.0,0.0,0.0,0.0,0.0
2019-01-17,3,0,191,0.0,0.0,0.0,0.0,0.0
2019-01-17,3,0,192,90.13,90.13,0.0,1164.556653,0.0
2019-01-17,3,0,194,138.67,138.67,0.0,1548.437611,0.0
2019-01-17,3,0,196,0.0,0.0,0.0,0.0,0.0
2019-01-17,3,0,198,0.0,0.0,0.0,0.0,0.0
2019-01-17,3,0,199,23.61,23.61,0.0,253.098964,0.0
2019-01-17,3,0,200,0.0,0.0,0.0,0.0,0.0
2019-01-17,3,0,204,444.88,444.88,0.0,5437.33621,0.0
2019-01-17,3,0,205,543.69,543.69,0.0,6681.380322,0.0
2019-01-17,3,0,206,173.14,173.14,0.0,1964.479734,0.0
2019-01-17,3,0,210,0.0,0.0,0.0,0.0,0.0
2019-01-17,3,0,214,0.0,0.0,0.0,0.0,0.0
2019-01-17,3,0,217,0.0,0.0,0.0,0.0,0.0
2019-01-17,3,0,218,0.0,0.0,0.0,0.0,0.0
2019-01-17,3,0,219,0.0,0.0,0.0,0.0,0.0
2019-01-17,3,0,221,0.0,0.0,0.0,0.0,0.0
2019-01-17,3,0,225,0.0,0.0,0.0,0.0,0.0
2019-01-17,3,0,233,0.0,0.0,0.0,0.0,0.0
2019-01-17,3,0,236,3.66,3.66,0.0,49.11787,0.0
2019-01-17,3,0,237,0.0,0.0,0.0,0.0,0.0
2019-01-17,3,0,238,0.0,0.0,0.0,0.0,0.0
2019-01-17,3,0,240,0.0,0.0,0.0,0.0,0.0
2019-01-17,3,0,245,11.86,11.86,0.0,164.5468,0.0
2019-01-17,3,0,247,12.48,12.48,0.0,173.148741,0.0
2019-01-17,3,0,248,0.0,0.0,0.0,0.0,0.0
2019-01-17,3,0,249,22.81,22.81,0.0,316.468172,0.0
2019-01-17,3,0,251,9.56,9.56,0.0,131.073996,0.0
2019-01-17,3,0,252,0.0,0.0,0.0,0.0,0.0
2019-01-17,3,0,254,0.0,0.0,0.0,0.0,0.0
2019-01-17,3,0,255,0.0,0.0,0.0,0.0,0.0
2019-01-17,3,0,258,0.0,0.0,0.0,0.0,0.0
2019-01-17,3,0,260,0.0,0.0,0.0,0.0,0.0
2019-01-17,3,0,265,0.0,0.0,0.0,0.0,0.0
2019-01-17,3,0,266,19.12,19.12,0.0,229.410809,0.0
2019-01-17,3,0,267,23.5,23.5,0.0,281.964122,0.0
2019-01-17,3,0,270,279.53,279.53,0.0,1295.224749,0.0
2019-01-17,3,0,272,134.47,134.47,0.0,1386.799392,0.0
2019-01-17,3,0,273,0.0,0.0,0.0,0.0,0.0
2019-01-17,3,0,274,360.34,360.34,0.0,1669.664386,0.0
2019-01-17,3,0,275,501.6,501.6,0.0,2324.203963,0.0
2019-01-17,3,0,276,0.0,0.0,0.0,0.0,0.0
2019-01-17,3,0,277,0.0,0.0,0.0,0.0,0.0
2019-01-17,3,0,278,0.0,0.0,0.0,0.0,0.0
2019-01-17,3,0,279,117.78,117.78,0.0,1214.651468,0.0
2019-01-17,3,0,281,4.45,4.45,0.0,50.542198,0.0
2019-01-17,3,0,282,0.0,0.0,0.0,0.0,0.0
2019-01-17,4,0,9,0.0,0.0,0.0,0.0,0.0
2019-01-17,4,0,17,0.0,0.0,0.0,0.0,0.0
2019-01-17,4,0,19,154.71,154.71,0.0,2135.222663,0.0
2019-01-17,4,0,20,187.63,187.63,0.0,2589.566468,0.0
2019-01-17,4,0,21,0.0,0.0,0.0,0.0,0.0
2019-01-17,4,0,22,0.0,0.0,0.0,0.0,0.0
2019-01-17,4,0,23,46.82,46.82,0.0,410.342295,0.0
2019-01-17,4,0,24,77.37,77.37,0.0,678.090204,0.0
2019-01-17,4,0,29,0.0,0.0,0.0,0.0,0.0
2019-01-17,4,0,30,0.0,0.0,0.0,0.0,0.0
2019-01-17,4,0,31,8.15,8.15,0.0,71.21727,0.0
2019-01-17,4,0,32,0.0,0.0,0.0,0.0,0.0
2019-01-17,4,0,33,0.0,0.0,0.0,0.0,0.0
2019-01-17,4,0,34,0.0,0.0,0.0,0.0,0.0
2019-01-17,4,0,35,0.0,0.0,0.0,0.0,0.0
2019-01-17,4,0,36,0.0,0.0,0.0,0.0,0.0
2019-01-17,4,0,37,0.0,0.0,0.0,0.0,0.0
2019-01-17,4,0,38,0.0,0.0,0.0,0.0,0.0
2019-01-17,4,0,39,0.0,0.0,0.0,0.0,0.0
2019-01-17,4,0,40,0.0,0.0,0.0,0.0,0.0
2019-01-17,4,0,41,23.9,23.9,0.0,243.512039,0.0
2019-01-17,4,0,42,0.0,0.0,0.0,0.0,0.0
2019-01-17,4,0,43,0.0,0.0,0.0,0.0,0.0
2019-01-17,4,0,46,0.0,0.0,0.0,0.0,0.0
2019-01-17,4,0,52,8.64,8.64,0.0,75.499045,0.0
2019-01-17,4,0,53,13.72,13.72,0.0,119.889687,0.0
2019-01-17,4,0,55,230.23,230.23,0.0,2017.793817,0.0
2019-01-17,4,0,56,0.0,0.0,0.0,0.0,0.0
2019-01-17,4,0,57,0.0,0.0,0.0,0.0,0.0
2019-01-17,4,0,58,0.0,0.0,0.0,0.0,0.0
2019-01-17,4,0,59,0.0,0.0,0.0,0.0,0.0
2019-01-17,4,0,63,126.7,126.7,0.0,2331.045787,0.0
2019-01-17,4,0,64,149.05,149.05,0.0,2742.244471,0.0
2019-01-17,4,0,65,1.13,1.13,0.0,15.541038,0.0
2019-01-17,4,0,67,0.0,0.0,0.0,-0.0,0.0
2019-01-17,4,0,68,4.44,4.44,0.0,9.430958,0.0
2019-01-17,4,0,69,0.0,0.0,0.0,0.0,0.0
2019-01-17,4,0,74,0.0,0.0,0.0,0.0,0.0
2019-01-17,4,0,77,87.87,87.87,0.0,552.433417,0.0
2019-01-17,4,0,78,66.43,66.43,0.0,417.641424,0.0
2019-01-17,4,0,79,38.44,38.44,0.0,241.669973,0.0
2019-01-17,4,0,80,62.17,62.17,0.0,390.859059,0.0
2019-01-17,4,0,81,81.28,81.28,0.0,511.002483,0.0
2019-01-17,4,0,82,57.33,57.33,0.0,360.43027,0.0
2019-01-17,4,0,83,127.85,127.85,0.0,803.785278,0.0
2019-01-17,4,0,84,0.0,0.0,0.0,0.0,0.0
2019-01-17,4,0,86,0.0,0.0,0.0,0.0,0.0
2019-01-17,4,0,87,0.0,0.0,0.0,0.0,0.0
2019-01-17,4,0,88,69.8,69.8,0.0,438.828411,0.0
2019-01-17,4,0,89,67.1,67.1,0.0,421.853673,0.0
2019-01-17,4,0,90,90.09,90.09,0.0,566.390424,0.0
2019-01-17,4,0,91,321.36,321.36,0.0,2020.371036,0.0
2019-01-17,4,0,92,115.58,115.58,0.0,726.644524,0.0
2019-01-17,4,0,95,84.17,84.17,0.0,1342.988971,0.0
2019-01-17,4,0,96,9.43,9.43,0.0,82.146698,0.0
2019-01-17,4,0,97,58.02,58.02,0.0,505.424329,0.0
2019-01-17,4,0,99,0.0,0.0,0.0,0.0,0.0
2019-01-17,4,0,101,0.0,0.0,0.0,0.0,0.0
2019-01-17,4,0,102,10.5,10.5,0.0,22.30294,0.0
2019-01-17,4,0,103,9.13,9.13,0.0,19.392937,0.0
2019-01-17,4,0,104,1.7,1.7,0.0,3.610952,0.0
2019-01-17,4,0,106,0.0,0.0,0.0,0.0,0.0
2019-01-17,4,0,109,109.76,109.76,0.0,1201.810038,0.0
2019-01-17,4,0,110,132.42,132.42,0.0,-2301.040801,0.0
2019-01-17,4,0,111,0.0,0.0,0.0,0.0,0.0
2019-01-17,4,0,113,18.51,18.51,0.0,124.355682,0.0
2019-01-17,4,0,115,18.51,18.51,0.0,124.355682,0.0
2019-01-17,4,0,116,0.0,0.0,0.0,-0.0,0.0
2019-01-17,4,0,117,1.23,1.23,0.0,8.263506,0.0
2019-01-17,4,0,119,149.05,149.05,0.0,2742.244471,0.0
2019-01-17,4,0,120,87.64,87.64,0.0,1612.413992,0.0
2019-01-17,4,0,123,0.0,0.0,0.0,0.0,0.0
2019-01-17,4,0,125,70.99,70.99,0.0,622.174274,0.0
2019-01-17,4,0,126,0.0,0.0,0.0,0.0,0.0
2019-01-17,4,0,127,0.0,0.0,0.0,0.0,0.0
2019-01-17,4,0,128,96.41,96.41,0.0,844.961568,0.0
2019-01-17,4,0,131,13.49,13.49,0.0,45.94883,0.0
2019-01-17,4,0,132,19.83,19.83,0.0,67.543758,0.0
2019-01-17,4,0,133,23.57,23.57,0.0,325.407532,0.0
2019-01-17,4,0,134,0.0,0.0,0.0,0.0,0.0
2019-01-17,4,0,135,32.52,32.52,0.0,448.971274,0.0
2019-01-17,4,0,136,0.0,0.0,0.0,0.0,0.0
2019-01-17,4,0,139,30.87,30.87,0.0,314.527893,0.0
2019-01-17,4,0,140,98.0,98.0,0.0,-1702.93006,0.0
2019-01-17,4,0,141,106.01,106.01,0.0,-283.720254,0.0
2019-01-17,4,0,142,0.0,0.0,0.0,-0.0,0.0
2019-01-17,4,0,143,8.44,8.44,0.0,73.751382,0.0
2019-01-17,4,0,145,9.62,9.62,0.0,91.97128,0.0
2019-01-17,4,0,146,231.16,231.16,0.0,-4016.829721,0.0
2019-01-17,4,0,152,0.0,0.0,0.0,0.0,0.0
2019-01-17,4,0,153,0.0,0.0,0.0,0.0,0.0
2019-01-17,4,0,154,0.0,0.0,0.0,0.0,0.0
2019-01-17,4,0,157,124.13,124.13,0.0,-332.215783,0.0
2019-01-17,4,0,158,0.0,0.0,0.0,-0.0,0.0
2019-01-17,4,0,159,0.0,0.0,0.0,0.0,0.0
2019-01-17,4,0,160,0.0,0.0,0.0,0.0,0.0
2019-01-17,4,0,161,0.0,0.0,0.0,0.0,0.0
2019-01-17,4,0,162,48.75,48.75,0.0,779.177261,0.0
2019-01-17,4,0,163,85.07,85.07,0.0,-1478.247553,0.0
2019-01-17,4,0,164,0.0,0.0,0.0,0.0,0.0
2019-01-17,4,0,167,0.0,0.0,0.0,0.0,0.0
2019-01-17,4,0,168,0.0,0.0,0.0,0.0,0.0
2019-01-17,4,0,169,0.0,0.0,0.0,0.0,0.0
2019-01-17,4,0,170,0.0,0.0,0.0,0.0,0.0
2019-01-17,4,0,172,0.0,0.0,0.0,0.0,0.0
2019-01-17,4,0,173,0.0,0.0,0.0,0.0,0.0
2019-01-17,4,0,188,0.0,0.0,0.0,0.0,0.0
2019-01-17,4,0,190,0.0,0.0,0.0,0.0,0.0
2019-01-17,4,0,191,0.0,0.0,0.0,0.0,0.0
2019-01-17,4,0,192,99.69,99.69,0.0,1834.111716,0.0
2019-01-17,4,0,194,123.8,123.8,0.0,1323.918039,0.0
2019-01-17,4,0,196,0.0,0.0,0.0,0.0,0.0
2019-01-17,4,0,198,0.0,0.0,0.0,0.0,0.0
2019-01-17,4,0,199,24.61,24.61,0.0,262.090182,0.0
2019-01-17,4,0,200,0.0,0.0,0.0,0.0,0.0
2019-01-17,4,0,204,433.92,433.92,0.0,4692.371226,0.0
2019-01-17,4,0,205,580.61,580.61,0.0,6357.351735,0.0
2019-01-17,4,0,206,170.49,170.49,0.0,1485.173973,0.0
2019-01-17,4,0,210,0.0,0.0,0.0,0.0,0.0
2019-01-17,4,0,214,0.0,0.0,0.0,0.0,0.0
2019-01-17,4,0,217,0.0,0.0,0.0,0.0,0.0
2019-01-17,4,0,218,0.0,0.0,0.0,0.0,0.0
2019-01-17,4,0,219,0.0,0.0,0.0,0.0,0.0
2019-01-17,4,0,221,0.0,0.0,0.0,0.0,0.0
2019-01-17,4,0,225,0.0,0.0,0.0,0.0,0.0
2019-01-17,4,0,233,0.0,0.0,0.0,0.0,0.0
2019-01-17,4,0,236,3.63,3.63,0.0,47.675017,0.0
2019-01-17,4,0,237,0.0,0.0,0.0,0.0,0.0
2019-01-17,4,0,238,0.0,0.0,0.0,0.0,0.0
2019-01-17,4,0,240,0.0,0.0,0.0,0.0,0.0
2019-01-17,4,0,245,20.04,20.04,0.0,280.142026,0.0
2019-01-17,4,0,247,22.86,22.86,0.0,319.563209,0.0
2019-01-17,4,0,248,0.0,0.0,0.0,0.0,0.0
2019-01-17,4,0,249,38.54,38.54,0.0,538.756171,0.0
2019-01-17,4,0,251,16.54,16.54,0.0,226.164583,0.0
2019-01-17,4,0,252,7.28,7.28,0.0,100.122794,0.0
2019-01-17,4,0,254,0.0,0.0,0.0,0.0,0.0
2019-01-17,4,0,255,0.0,0.0,0.0,0.0,0.0
2019-01-17,4,0,258,0.0,0.0,0.0,0.0,0.0
2019-01-17,4,0,260,0.0,0.0,0.0,0.0,0.0
2019-01-17,4,0,265,0.0,0.0,0.0,0.0,0.0
2019-01-17,4,0,266,19.99,19.99,0.0,203.673877,0.0
2019-01-17,4,0,267,24.56,24.56,0.0,250.236639,0.0
2019-01-17,4,0,270,265.66,265.66,0.0,-4616.330609,0.0
2019-01-17,4,0,272,61.87,61.87,0.0,415.661052,0.0
2019-01-17,4,0,273,0.0,0.0,0.0,-0.0,0.0
2019-01-17,4,0,274,342.46,342.46,0.0,-5950.871718,0.0
2019-01-17,4,0,275,476.71,476.71,0.0,-8283.712131,0.0
2019-01-17,4,0,276,0.0,0.0,0.0,-0.0,0.0
2019-01-17,4,0,277,0.0,0.0,0.0,0.0,0.0
2019-01-17,4,0,278,0.0,0.0,0.0,0.0,0.0
2019-01-17,4,0,279,115.02,115.02,0.0,752.847212,0.0
2019-01-17,4,0,281,3.66,3.66,0.0,31.982234,0.0
2019-01-17,4,0,282,0.0,0.0,0.0,0.0,0.0
2019-01-17,5,0,9,0.0,0.0,0.0,0.0,0.0
2019-01-17,5,0,17,0.0,0.0,0.0,0.0,0.0
2019-01-17,5,0,19,111.69,111.69,0.0,1072.831573,0.0
2019-01-17,5,0,20,135.46,135.46,0.0,1301.152878,0.0
2019-01-17,5,0,21,0.0,0.0,0.0,0.0,0.0
2019-01-17,5,0,22,0.0,0.0,0.0,0.0,0.0
2019-01-17,5,0,23,54.67,54.67,0.0,357.738334,0.0
2019-01-17,5,0,24,96.72,96.72,0.0,632.896501,0.0
2019-01-17,5,0,29,0.0,0.0,0.0,0.0,0.0
2019-01-17,5,0,30,0.0,0.0,0.0,0.0,0.0
2019-01-17,5,0,31,9.69,9.69,0.0,63.219288,0.0
2019-01-17,5,0,32,0.0,0.0,0.0,0.0,0.0
2019-01-17,5,0,33,0.0,0.0,0.0,0.0,0.0
2019-01-17,5,0,34,0.0,0.0,0.0,0.0,0.0
2019-01-17,5,0,35,0.0,0.0,0.0,0.0,0.0
2019-01-17,5,0,36,0.0,0.0,0.0,0.0,0.0
2019-01-17,5,0,37,0.0,0.0,0.0,0.0,0.0
2019-01-17,5,0,38,0.0,0.0,0.0,0.0,0.0
2019-01-17,5,0,39,0.0,0.0,0.0,0.0,0.0
2019-01-17,5,0,40,0.0,0.0,0.0,0.0,0.0
2019-01-17,5,0,41,21.93,21.93,0.0,165.679907,0.0
2019-01-17,5,0,42,0.0,0.0,0.0,0.0,0.0
2019-01-17,5,0,43,0.0,0.0,0.0,0.0,0.0
2019-01-17,5,0,46,0.0,0.0,0.0,0.0,0.0
2019-01-17,5,0,52,10.28,10.28,0.0,67.068553,0.0
2019-01-17,5,0,53,16.32,16.32,0.0,106.47459,0.0
2019-01-17,5,0,55,175.2,175.2,0.0,1146.43783,0.0
2019-01-17,5,0,56,0.0,0.0,0.0,0.0,0.0
2019-01-17,5,0,57,0.0,0.0,0.0,0.0,0.0
2019-01-17,5,0,58,0.0,0.0,0.0,0.0,0.0
2019-01-17,5,0,59,0.0,0.0,0.0,0.0,0.0
2019-01-17,5,0,63,97.05,97.05,0.0,2048.738632,0.0
2019-01-17,5,0,64,114.17,114.17,0.0,2410.144148,0.0
2019-01-17,5,0,65,0.94,0.94,0.0,9.008714,0.0
2019-01-17,5,0,67,0.0,0.0,0.0,-0.0,0.0
2019-01-17,5,0,68,4.5,4.5,0.0,-1.004096,0.0
2019-01-17,5,0,69,0.0,0.0,0.0,0.0,0.0
2019-01-17,5,0,74,1.89,1.89,0.0,16.948774,0.0
2019-01-17,5,0,77,95.47,95.47,0.0,446.518036,0.0
2019-01-17,5,0,78,72.18,72.18,0.0,337.589524,0.0
2019-01-17,5,0,79,41.77,41.77,0.0,195.36041,0.0
2019-01-17,5,0,80,67.55,67.55,0.0,315.934779,0.0
2019-01-17,5,0,81,88.31,88.31,0.0,413.030353,0.0
2019-01-17,5,0,82,62.3,62.3,0.0,291.380263,0.0
2019-01-17,5,0,83,138.91,138.91,0.0,649.689122,0.0
2019-01-17,5,0,84,0.0,0.0,0.0,0.0,0.0
2019-01-17,5,0,86,0.0,0.0,0.0,0.0,0.0
2019-01-17,5,0,87,0.0,0.0,0.0,0.0,0.0
2019-01-17,5,0,88,74.95,74.95,0.0,350.544955,0.0
2019-01-17,5,0,89,72.05,72.05,0.0,336.981507,0.0
2019-01-17,5,0,90,96.74,96.74,0.0,452.457891,0.0
2019-01-17,5,0,91,345.09,345.09,0.0,1614.003448,0.0
2019-01-17,5,0,92,124.11,124.11,0.0,580.46877,0.0
2019-01-17,5,0,95,36.0,36.0,0.0,653.443444,0.0
2019-01-17,5,0,96,9.85,9.85,0.0,64.063278,0.0
2019-01-17,5,0,97,60.6,60.6,0.0,394.135497,0.0
2019-01-17,5,0,99,0.37,0.37,0.0,3.318014,0.0
2019-01-17,5,0,101,0.0,0.0,0.0,0.0,0.0
2019-01-17,5,0,102,10.66,10.66,0.0,-2.378593,0.0
2019-01-17,5,0,103,9.27,9.27,0.0,-2.068439,0.0
2019-01-17,5,0,104,1.72,1.72,0.0,-0.383788,0.0
2019-01-17,5,0,106,0.0,0.0,0.0,0.0,0.0
2019-01-17,5,0,109,94.49,94.49,0.0,776.966191,0.0
2019-01-17,5,0,110,119.96,119.96,0.0,-2821.660795,0.0
2019-01-17,5,0,111,0.0,0.0,0.0,0.0,0.0
2019-01-17,5,0,113,43.2,43.2,0.0,234.717884,0.0
2019-01-17,5,0,115,43.2,43.2,0.0,234.717884,0.0
2019-01-17,5,0,116,0.0,0.0,0.0,-0.0,0.0
2019-01-17,5,0,117,2.08,2.08,0.0,11.301231,0.0
2019-01-17,5,0,119,114.17,114.17,0.0,2410.144148,0.0
2019-01-17,5,0,120,67.13,67.13,0.0,1417.123383,0.0
2019-01-17,5,0,123,0.0,0.0,0.0,0.0,0.0
2019-01-17,5,0,125,87.53,87.53,0.0,572.760863,0.0
2019-01-17,5,0,126,0.0,0.0,0.0,0.0,0.0
2019-01-17,5,0,127,0.0,0.0,0.0,0.0,0.0
2019-01-17,5,0,128,125.37,125.37,0.0,820.370495,0.0
2019-01-17,5,0,131,13.66,13.66,0.0,17.875274,0.0
2019-01-17,5,0,132,20.07,20.07,0.0,26.263305,0.0
2019-01-17,5,0,133,7.83,7.83,0.0,75.226603,0.0
2019-01-17,5,0,134,0.0,0.0,0.0,0.0,0.0
2019-01-17,5,0,135,11.15,11.15,0.0,107.123451,0.0
2019-01-17,5,0,136,0.0,0.0,0.0,0.0,0.0
2019-01-17,5,0,139,28.33,28.33,0.0,214.031545,0.0
2019-01-17,5,0,140,88.78,88.78,0.0,-2088.254797,0.0
2019-01-17,5,0,141,112.45,112.45,0.0,-670.023956,0.0
2019-01-17,5,0,142,0.0,0.0,0.0,-0.0,0.0
2019-01-17,5,0,143,22.36,22.36,0.0,145.880628,0.0
2019-01-17,5,0,145,9.46,9.46,0.0,67.683048,0.0
2019-01-17,5,0,146,185.65,185.65,0.0,-4366.799989,0.0
2019-01-17,5,0,152,0.0,0.0,0.0,0.0,0.0
2019-01-17,5,0,153,0.0,0.0,0.0,0.0,0.0
2019-01-17,5,0,154,0.0,0.0,0.0,0.0,0.0
2019-01-17,5,0,157,119.55,119.55,0.0,-712.328715,0.0
2019-01-17,5,0,158,0.0,0.0,0.0,-0.0,0.0
2019-01-17,5,0,159,0.0,0.0,0.0,0.0,0.0
2019-01-17,5,0,160,0.0,0.0,0.0,0.0,0.0
2019-01-17,5,0,161,0.0,0.0,0.0,-0.0,0.0
2019-01-17,5,0,162,31.06,31.06,0.0,564.807505,0.0
2019-01-17,5,0,163,83.26,83.26,0.0,-1958.41512,0.0
2019-01-17,5,0,164,0.0,0.0,0.0,0.0,0.0
2019-01-17,5,0,167,0.0,0.0,0.0,0.0,0.0
2019-01-17,5,0,168,0.0,0.0,0.0,0.0,0.0
2019-01-17,5,0,169,0.0,0.0,0.0,0.0,0.0
2019-01-17,5,0,170,0.0,0.0,0.0,0.0,0.0
2019-01-17,5,0,172,0.0,0.0,0.0,0.0,0.0
2019-01-17,5,0,173,0.0,0.0,0.0,0.0,0.0
2019-01-17,5,0,188,0.0,0.0,0.0,0.0,0.0
2019-01-17,5,0,190,0.0,0.0,0.0,0.0,0.0
2019-01-17,5,0,191,0.0,0.0,0.0,0.0,0.0
2019-01-17,5,0,192,93.57,93.57,0.0,1975.275361,0.0
2019-01-17,5,0,194,100.34,100.34,0.0,1044.335019,0.0
2019-01-17,5,0,196,0.0,0.0,0.0,0.0,0.0
2019-01-17,5,0,198,0.0,0.0,0.0,0.0,0.0
2019-01-17,5,0,199,21.29,21.29,0.0,253.290295,0.0
2019-01-17,5,0,200,0.0,0.0,0.0,0.0,0.0
2019-01-17,5,0,204,362.77,362.77,0.0,2955.185891,0.0
2019-01-17,5,0,205,499.85,499.85,0.0,4110.133881,0.0
2019-01-17,5,0,206,178.08,178.08,0.0,1158.212035,0.0
2019-01-17,5,0,210,0.0,0.0,0.0,0.0,0.0
2019-01-17,5,0,214,0.0,0.0,0.0,0.0,0.0
2019-01-17,5,0,217,0.0,0.0,0.0,0.0,0.0
2019-01-17,5,0,218,0.0,0.0,0.0,0.0,0.0
2019-01-17,5,0,219,0.0,0.0,0.0,0.0,0.0
2019-01-17,5,0,221,0.0,0.0,0.0,0.0,0.0
2019-01-17,5,0,225,0.0,0.0,0.0,0.0,0.0
2019-01-17,5,0,233,0.0,0.0,0.0,0.0,0.0
2019-01-17,5,0,236,4.61,4.61,0.0,42.916048,0.0
2019-01-17,5,0,237,4.54,4.54,0.0,40.712929,0.0
2019-01-17,5,0,238,0.0,0.0,0.0,0.0,0.0
2019-01-17,5,0,240,0.0,0.0,0.0,0.0,0.0
2019-01-17,5,0,245,14.95,14.95,0.0,144.794354,0.0
2019-01-17,5,0,247,18.79,18.79,0.0,181.98568,0.0
2019-01-17,5,0,248,0.46,0.46,0.0,4.125099,0.0
2019-01-17,5,0,249,28.75,28.75,0.0,278.450681,0.0
2019-01-17,5,0,251,13.01,13.01,0.0,124.2209,0.0
2019-01-17,5,0,252,6.06,6.06,0.0,58.077457,0.0
2019-01-17,5,0,254,0.0,0.0,0.0,0.0,0.0
2019-01-17,5,0,255,0.0,0.0,0.0,0.0,0.0
2019-01-17,5,0,258,0.0,0.0,0.0,0.0,0.0
2019-01-17,5,0,260,0.0,0.0,0.0,0.0,0.0
2019-01-17,5,0,265,0.0,0.0,0.0,0.0,0.0
2019-01-17,5,0,266,18.34,18.34,0.0,138.557661,0.0
2019-01-17,5,0,267,22.54,22.54,0.0,170.288423,0.0
2019-01-17,5,0,270,260.02,260.02,0.0,-6116.107369,0.0
2019-01-17,5,0,272,148.51,148.51,0.0,806.897059,0.0
2019-01-17,5,0,273,0.0,0.0,0.0,-0.0,0.0
2019-01-17,5,0,274,335.19,335.19,0.0,-7884.232094,0.0
2019-01-17,5,0,275,466.6,466.6,0.0,-10975.216131,0.0
2019-01-17,5,0,276,0.0,0.0,0.0,-0.0,0.0
2019-01-17,5,0,277,0.0,0.0,0.0,0.0,0.0
2019-01-17,5,0,278,0.0,0.0,0.0,0.0,0.0
2019-01-17,5,0,279,116.03,116.03,0.0,595.245283,0.0
2019-01-17,5,0,281,4.35,4.35,0.0,28.380176,0.0
2019-01-17,5,0,282,0.0,0.0,0.0,0.0,0.0
2019-01-17,6,0,9,0.0,0.0,0.0,0.0,0.0
2019-01-17,6,0,17,0.0,0.0,0.0,0.0,0.0
2019-01-17,6,0,19,80.12,80.12,0.0,1189.171756,0.0
2019-01-17,6,0,20,97.17,97.17,0.0,1442.234393,0.0
2019-01-17,6,0,21,0.0,0.0,0.0,0.0,0.0
2019-01-17,6,0,22,0.0,0.0,0.0,0.0,0.0
2019-01-17,6,0,23,58.06,58.06,0.0,505.233014,0.0
2019-01-17,6,0,24,102.73,102.73,0.0,893.947426,0.0
2019-01-17,6,0,29,0.0,0.0,0.0,0.0,0.0
2019-01-17,6,0,30,0.0,0.0,0.0,0.0,0.0
2019-01-17,6,0,31,11.72,11.72,0.0,101.609133,0.0
2019-01-17,6,0,32,0.0,0.0,0.0,0.0,0.0
2019-01-17,6,0,33,0.0,0.0,0.0,0.0,0.0
2019-01-17,6,0,34,0.0,0.0,0.0,0.0,0.0
2019-01-17,6,0,35,0.0,0.0,0.0,0.0,0.0
2019-01-17,6,0,36,0.0,0.0,0.0,0.0,0.0
2019-01-17,6,0,37,0.0,0.0,0.0,0.0,0.0
2019-01-17,6,0,38,0.0,0.0,0.0,0.0,0.0
2019-01-17,6,0,39,0.0,0.0,0.0,0.0,0.0
2019-01-17,6,0,40,0.0,0.0,0.0,0.0,0.0
2019-01-17,6,0,41,24.58,24.58,0.0,257.138414,0.0
2019-01-17,6,0,42,0.0,0.0,0.0,0.0,0.0
2019-01-17,6,0,43,0.0,0.0,0.0,0.0,0.0
2019-01-17,6,0,46,0.0,0.0,0.0,0.0,0.0
2019-01-17,6,0,52,12.42,12.42,0.0,107.677938,0.0
2019-01-17,6,0,53,19.73,19.73,0.0,171.0536,0.0
2019-01-17,6,0,55,74.52,74.52,0.0,648.466487,0.0
2019-01-17,6,0,56,0.0,0.0,0.0,0.0,0.0
2019-01-17,6,0,57,0.0,0.0,0.0,0.0,0.0
2019-01-17,6,0,58,0.0,0.0,0.0,0.0,0.0
2019-01-17,6,0,59,0.0,0.0,0.0,0.0,0.0
2019-01-17,6,0,63,81.18,81.18,0.0,2060.082378,0.0
2019-01-17,6,0,64,95.51,95.51,0.0,2423.730819,0.0
2019-01-17,6,0,65,0.0,0.0,0.0,0.0,0.0
2019-01-17,6,0,67,0.0,0.0,0.0,-0.0,0.0
2019-01-17,6,0,68,4.59,4.59,0.0,-4.011131,0.0
2019-01-17,6,0,69,0.0,0.0,0.0,0.0,0.0
2019-01-17,6,0,74,2.85,2.85,0.0,37.644413,0.0
2019-01-17,6,0,77,104.97,104.97,0.0,590.497078,0.0
2019-01-17,6,0,78,79.35,79.35,0.0,446.374613,0.0
2019-01-17,6,0,79,45.92,45.92,0.0,258.31786,0.0
2019-01-17,6,0,80,74.26,74.26,0.0,417.741383,0.0
2019-01-17,6,0,81,97.09,97.09,0.0,546.169013,0.0
2019-01-17,6,0,82,68.49,68.49,0.0,385.282889,0.0
2019-01-17,6,0,83,152.73,152.73,0.0,859.165654,0.0
2019-01-17,6,0,84,0.0,0.0,0.0,0.0,0.0
2019-01-17,6,0,86,0.0,0.0,0.0,0.0,0.0
2019-01-17,6,0,87,0.0,0.0,0.0,0.0,0.0
2019-01-17,6,0,88,82.08,82.08,0.0,461.731925,0.0
2019-01-17,6,0,89,78.91,78.91,0.0,443.899442,0.0
2019-01-17,6,0,90,105.95,105.95,0.0,596.009959,0.0
2019-01-17,6,0,91,377.94,377.94,0.0,2126.059498,0.0
2019-01-17,6,0,92,135.92,135.92,0.0,764.602866,0.0
2019-01-17,6,0,95,36.0,36.0,0.0,777.681182,0.0
2019-01-17,6,0,96,10.29,10.29,0.0,88.865249,0.0
2019-01-17,6,0,97,63.28,63.28,0.0,546.491056,0.0
2019-01-17,6,0,99,0.55,0.55,0.0,7.264711,0.0
2019-01-17,6,0,101,0.0,0.0,0.0,0.0,0.0
2019-01-17,6,0,102,10.87,10.87,0.0,-9.499127,0.0
2019-01-17,6,0,103,9.46,9.46,0.0,-8.266949,0.0
2019-01-17,6,0,104,1.76,1.76,0.0,-1.538037,0.0
2019-01-17,6,0,106,0.0,0.0,0.0,0.0,0.0
2019-01-17,6,0,109,83.77,83.77,0.0,956.718638,0.0
2019-01-17,6,0,110,109.63,109.63,0.0,-3461.991324,0.0
2019-01-17,6,0,111,0.0,0.0,0.0,0.0,0.0
2019-01-17,6,0,113,57.97,57.97,0.0,376.004656,0.0
2019-01-17,6,0,115,57.97,57.97,0.0,376.004656,0.0
2019-01-17,6,0,116,0.0,0.0,0.0,-0.0,0.0
2019-01-17,6,0,117,2.3,2.3,0.0,14.918246,0.0
2019-01-17,6,0,119,95.51,95.51,0.0,2423.730819,0.0
2019-01-17,6,0,120,56.16,56.16,0.0,1425.156767,0.0
2019-01-17,6,0,123,0.0,0.0,0.0,0.0,0.0
2019-01-17,6,0,125,92.96,92.96,0.0,808.929745,0.0
2019-01-17,6,0,126,0.0,0.0,0.0,0.0,0.0
2019-01-17,6,0,127,0.0,0.0,0.0,0.0,0.0
2019-01-17,6,0,128,133.14,133.14,0.0,1158.572571,0.0
2019-01-17,6,0,131,13.97,13.97,0.0,15.992224,0.0
2019-01-17,6,0,132,20.54,20.54,0.0,23.513263,0.0
2019-01-17,6,0,133,4.7,4.7,0.0,69.784752,0.0
2019-01-17,6,0,134,0.0,0.0,0.0,0.0,0.0
2019-01-17,6,0,135,6.3,6.3,0.0,93.541264,0.0
2019-01-17,6,0,136,0.0,0.0,0.0,0.0,0.0
2019-01-17,6,0,139,31.74,31.74,0.0,332.041223,0.0
2019-01-17,6,0,140,81.14,81.14,0.0,-2562.309368,0.0
2019-01-17,6,0,141,119.4,119.4,0.0,-1006.825351,0.0
2019-01-17,6,0,142,0.0,0.0,0.0,-0.0,0.0
2019-01-17,6,0,143,53.82,53.82,0.0,466.604396,0.0
2019-01-17,6,0,145,9.88,9.88,0.0,95.761074,0.0
2019-01-17,6,0,146,147.45,147.45,0.0,-4656.30412,0.0
2019-01-17,6,0,152,0.0,0.0,0.0,0.0,0.0
2019-01-17,6,0,153,0.0,0.0,0.0,0.0,0.0
2019-01-17,6,0,154,0.0,0.0,0.0,0.0,0.0
2019-01-17,6,0,157,114.66,114.66,0.0,-966.855902,0.0
2019-01-17,6,0,158,0.0,0.0,0.0,-0.0,0.0
2019-01-17,6,0,159,0.0,0.0,0.0,0.0,0.0
2019-01-17,6,0,160,0.0,0.0,0.0,0.0,0.0
2019-01-17,6,0,161,0.0,0.0,0.0,-0.0,0.0
2019-01-17,6,0,162,17.91,17.91,0.0,387.643954,0.0
2019-01-17,6,0,163,83.17,83.17,0.0,-2626.414471,0.0
2019-01-17,6,0,164,0.0,0.0,0.0,0.0,0.0
2019-01-17,6,0,167,0.0,0.0,0.0,0.0,0.0
2019-01-17,6,0,168,0.0,0.0,0.0,0.0,0.0
2019-01-17,6,0,169,0.0,0.0,0.0,0.0,0.0
2019-01-17,6,0,170,0.0,0.0,0.0,0.0,0.0
2019-01-17,6,0,172,0.0,0.0,0.0,0.0,0.0
2019-01-17,6,0,173,0.0,0.0,0.0,0.0,0.0
2019-01-17,6,0,188,0.0,0.0,0.0,0.0,0.0
2019-01-17,6,0,190,0.0,0.0,0.0,0.0,0.0
2019-01-17,6,0,191,0.0,0.0,0.0,0.0,0.0
2019-01-17,6,0,192,97.03,97.03,0.0,2462.303438,0.0
2019-01-17,6,0,194,86.53,86.53,0.0,1117.58302,0.0
2019-01-17,6,0,196,0.0,0.0,0.0,0.0,0.0
2019-01-17,6,0,198,0.0,0.0,0.0,0.0,0.0
2019-01-17,6,0,199,18.91,18.91,0.0,228.249207,0.0
2019-01-17,6,0,200,0.0,0.0,0.0,0.0,0.0
2019-01-17,6,0,204,313.34,313.34,0.0,3527.105693,0.0
2019-01-17,6,0,205,443.12,443.12,0.0,5060.775492,0.0
2019-01-17,6,0,206,185.94,185.94,0.0,1605.792461,0.0
2019-01-17,6,0,210,0.0,0.0,0.0,0.0,0.0
2019-01-17,6,0,214,0.0,0.0,0.0,0.0,0.0
2019-01-17,6,0,217,0.0,0.0,0.0,0.0,0.0
2019-01-17,6,0,218,0.0,0.0,0.0,0.0,0.0
2019-01-17,6,0,219,0.0,0.0,0.0,0.0,0.0
2019-01-17,6,0,221,0.0,0.0,0.0,0.0,0.0
2019-01-17,6,0,225,0.0,0.0,0.0,0.0,0.0
2019-01-17,6,0,233,0.0,0.0,0.0,0.0,0.0
2019-01-17,6,0,236,5.71,5.71,0.0,80.199875,0.0
2019-01-17,6,0,237,6.85,6.85,0.0,90.478678,0.0
2019-01-17,6,0,238,0.0,0.0,0.0,0.0,0.0
2019-01-17,6,0,240,0.0,0.0,0.0,0.0,0.0
2019-01-17,6,0,245,11.0,11.0,0.0,165.60022,0.0
2019-01-17,6,0,247,15.25,15.25,0.0,229.582124,0.0
2019-01-17,6,0,248,0.69,0.69,0.0,9.113911,0.0
2019-01-17,6,0,249,21.16,21.16,0.0,318.554606,0.0
2019-01-17,6,0,251,9.98,9.98,0.0,146.60568,0.0
2019-01-17,6,0,252,0.0,0.0,0.0,0.0,0.0
2019-01-17,6,0,254,0.0,0.0,0.0,0.0,0.0
2019-01-17,6,0,255,0.0,0.0,0.0,0.0,0.0
2019-01-17,6,0,258,0.0,0.0,0.0,0.0,0.0
2019-01-17,6,0,260,0.0,0.0,0.0,0.0,0.0
2019-01-17,6,0,265,0.0,0.0,0.0,0.0,0.0
2019-01-17,6,0,266,20.55,20.55,0.0,214.979431,0.0
2019-01-17,6,0,267,25.25,25.25,0.0,264.147476,0.0
2019-01-17,6,0,270,259.74,259.74,0.0,-8202.295234,0.0
2019-01-17,6,0,272,204.57,204.57,0.0,1326.880669,0.0
2019-01-17,6,0,273,0.0,0.0,0.0,-0.0,0.0
2019-01-17,6,0,274,334.83,334.83,0.0,-10573.552449,0.0
2019-01-17,6,0,275,466.09,466.09,0.0,-14718.594693,0.0
2019-01-17,6,0,276,0.0,0.0,0.0,-0.0,0.0
2019-01-17,6,0,277,0.0,0.0,0.0,0.0,0.0
2019-01-17,6,0,278,0.0,0.0,0.0,0.0,0.0
2019-01-17,6,0,279,119.96,119.96,0.0,736.684347,0.0
2019-01-17,6,0,281,5.27,5.27,0.0,45.689431,0.0
2019-01-17,6,0,282,0.0,0.0,0.0,0.0,0.0
2019-01-17,7,0,9,0.0,0.0,0.0,0.0,0.0
2019-01-17,7,0,17,0.0,0.0,0.0,0.0,0.0
2019-01-17,7,0,19,57.17,57.17,0.0,907.111846,0.0
2019-01-17,7,0,20,69.34,69.34,0.0,1100.212268,0.0
2019-01-17,7,0,21,0.0,0.0,0.0,0.0,0.0
2019-01-17,7,0,22,0.0,0.0,0.0,0.0,0.0
2019-01-17,7,0,23,62.04,62.04,0.0,667.105076,0.0
2019-01-17,7,0,24,109.76,109.76,0.0,1180.229741,0.0
2019-01-17,7,0,29,0.0,0.0,0.0,0.0,0.0
2019-01-17,7,0,30,0.0,0.0,0.0,0.0,0.0
2019-01-17,7,0,31,35.15,35.15,0.0,377.063315,0.0
2019-01-17,7,0,32,0.0,0.0,0.0,0.0,0.0
2019-01-17,7,0,33,0.0,0.0,0.0,0.0,0.0
2019-01-17,7,0,34,0.0,0.0,0.0,0.0,0.0
2019-01-17,7,0,35,0.0,0.0,0.0,0.0,0.0
2019-01-17,7,0,36,0.0,0.0,0.0,0.0,0.0
2019-01-17,7,0,37,0.0,0.0,0.0,0.0,0.0
2019-01-17,7,0,38,0.0,0.0,0.0,0.0,0.0
2019-01-17,7,0,39,0.0,0.0,0.0,0.0,0.0
2019-01-17,7,0,40,0.0,0.0,0.0,0.0,0.0
2019-01-17,7,0,41,23.71,23.71,0.0,288.509185,0.0
2019-01-17,7,0,42,0.0,0.0,0.0,0.0,0.0
2019-01-17,7,0,43,0.0,0.0,0.0,0.0,0.0
2019-01-17,7,0,46,0.0,0.0,0.0,0.0,0.0
2019-01-17,7,0,52,37.26,37.26,0.0,399.697841,0.0
2019-01-17,7,0,53,59.22,59.22,0.0,635.268549,0.0
2019-01-17,7,0,55,79.68,79.68,0.0,856.784856,0.0
2019-01-17,7,0,56,0.0,0.0,0.0,0.0,0.0
2019-01-17,7,0,57,0.0,0.0,0.0,0.0,0.0
2019-01-17,7,0,58,0.0,0.0,0.0,0.0,0.0
2019-01-17,7,0,59,0.0,0.0,0.0,0.0,0.0
2019-01-17,7,0,63,77.38,77.38,0.0,2183.04302,0.0
2019-01-17,7,0,64,91.04,91.04,0.0,2568.418668,0.0
2019-01-17,7,0,65,0.0,0.0,0.0,0.0,0.0
2019-01-17,7,0,67,0.0,0.0,0.0,-0.0,0.0
2019-01-17,7,0,68,4.74,4.74,0.0,9.556172,0.0
2019-01-17,7,0,69,0.0,0.0,0.0,0.0,0.0
2019-01-17,7,0,74,4.06,4.06,0.0,58.628074,0.0
2019-01-17,7,0,77,116.38,116.38,0.0,967.608284,0.0
2019-01-17,7,0,78,87.98,87.98,0.0,731.484592,0.0
2019-01-17,7,0,79,50.91,50.91,0.0,423.27666,0.0
2019-01-17,7,0,80,82.34,82.34,0.0,684.592422,0.0
2019-01-17,7,0,81,107.65,107.65,0.0,895.025191,0.0
2019-01-17,7,0,82,75.94,75.94,0.0,631.381449,0.0
2019-01-17,7,0,83,169.33,169.33,0.0,1407.845941,0.0
2019-01-17,7,0,84,0.0,0.0,0.0,0.0,0.0
2019-01-17,7,0,86,0.0,0.0,0.0,0.0,0.0
2019-01-17,7,0,87,0.0,0.0,0.0,0.0,0.0
2019-01-17,7,0,88,92.14,92.14,0.0,766.071724,0.0
2019-01-17,7,0,89,88.58,88.58,0.0,736.47312,0.0
2019-01-17,7,0,90,118.93,118.93,0.0,988.809531,0.0
2019-01-17,7,0,91,424.26,424.26,0.0,3527.388644,0.0
2019-01-17,7,0,92,152.58,152.58,0.0,1268.582849,0.0
2019-01-17,7,0,95,28.02,28.02,0.0,690.107927,0.0
2019-01-17,7,0,96,10.78,10.78,0.0,115.351956,0.0
2019-01-17,7,0,97,66.3,66.3,0.0,709.446633,0.0
2019-01-17,7,0,99,0.78,0.78,0.0,11.263522,0.0
2019-01-17,7,0,101,0.0,0.0,0.0,0.0,0.0
2019-01-17,7,0,102,11.23,11.23,0.0,22.640466,0.0
2019-01-17,7,0,103,9.77,9.77,0.0,19.697004,0.0
2019-01-17,7,0,104,1.81,1.81,0.0,3.649087,0.0
2019-01-17,7,0,106,0.0,0.0,0.0,0.0,0.0
2019-01-17,7,0,109,77.31,77.31,0.0,997.061422,0.0
2019-01-17,7,0,110,99.41,99.41,0.0,-2775.173122,0.0
2019-01-17,7,0,111,0.0,0.0,0.0,0.0,0.0
2019-01-17,7,0,113,34.69,34.69,0.0,321.816253,0.0
2019-01-17,7,0,115,34.69,34.69,0.0,321.816253,0.0
2019-01-17,7,0,116,0.0,0.0,0.0,-0.0,0.0
2019-01-17,7,0,117,1.42,1.42,0.0,13.173222,0.0
2019-01-17,7,0,119,91.04,91.04,0.0,2568.418668,0.0
2019-01-17,7,0,120,53.53,53.53,0.0,1510.187295,0.0
2019-01-17,7,0,123,0.0,0.0,0.0,0.0,0.0
2019-01-17,7,0,125,99.33,99.33,0.0,1068.077808,0.0
2019-01-17,7,0,126,0.0,0.0,0.0,0.0,0.0
2019-01-17,7,0,127,0.0,0.0,0.0,0.0,0.0
2019-01-17,7,0,128,142.26,142.26,0.0,1529.696456,0.0
2019-01-17,7,0,131,14.35,14.35,0.0,57.169318,0.0
2019-01-17,7,0,132,21.09,21.09,0.0,84.020969,0.0
2019-01-17,7,0,133,3.42,3.42,0.0,54.2812,0.0
2019-01-17,7,0,134,0.0,0.0,0.0,0.0,0.0
2019-01-17,7,0,135,4.58,4.58,0.0,72.692367,0.0
2019-01-17,7,0,136,0.0,0.0,0.0,0.0,0.0
2019-01-17,7,0,139,30.62,30.62,0.0,372.591786,0.0
2019-01-17,7,0,140,73.57,73.57,0.0,-2053.812359,0.0
2019-01-17,7,0,141,126.52,126.52,0.0,-677.168205,0.0
2019-01-17,7,0,142,0.0,0.0,0.0,-0.0,0.0
2019-01-17,7,0,143,52.56,52.56,0.0,563.824974,0.0
2019-01-17,7,0,145,10.97,10.97,0.0,126.529983,0.0
2019-01-17,7,0,146,114.17,114.17,0.0,-3187.21975,0.0
2019-01-17,7,0,152,0.0,0.0,0.0,0.0,0.0
2019-01-17,7,0,153,0.0,0.0,0.0,0.0,0.0
2019-01-17,7,0,154,0.0,0.0,0.0,0.0,0.0
2019-01-17,7,0,157,110.48,110.48,0.0,-591.317921,0.0
2019-01-17,7,0,158,0.0,0.0,0.0,-0.0,0.0
2019-01-17,7,0,159,0.0,0.0,0.0,0.0,0.0
2019-01-17,7,0,160,0.0,0.0,0.0,0.0,0.0
2019-01-17,7,0,161,0.0,0.0,0.0,0.0,0.0
2019-01-17,7,0,162,9.83,9.83,0.0,242.48501,0.0
2019-01-17,7,0,163,84.85,84.85,0.0,-2368.709782,0.0
2019-01-17,7,0,164,0.0,0.0,0.0,0.0,0.0
2019-01-17,7,0,167,0.0,0.0,0.0,0.0,0.0
2019-01-17,7,0,168,0.0,0.0,0.0,0.0,0.0
2019-01-17,7,0,169,0.0,0.0,0.0,0.0,0.0
2019-01-17,7,0,170,0.0,0.0,0.0,0.0,0.0
2019-01-17,7,0,172,0.0,0.0,0.0,0.0,0.0
2019-01-17,7,0,173,0.0,0.0,0.0,0.0,0.0
2019-01-17,7,0,188,0.0,0.0,0.0,0.0,0.0
2019-01-17,7,0,190,0.0,0.0,0.0,0.0,0.0
2019-01-17,7,0,191,0.0,0.0,0.0,0.0,0.0
2019-01-17,7,0,192,110.55,110.55,0.0,3118.8344,0.0
2019-01-17,7,0,194,81.97,81.97,0.0,1283.634297,0.0
2019-01-17,7,0,196,0.0,0.0,0.0,0.0,0.0
2019-01-17,7,0,198,0.0,0.0,0.0,0.0,0.0
2019-01-17,7,0,199,17.46,17.46,0.0,223.069634,0.0
2019-01-17,7,0,200,0.0,0.0,0.0,0.0,0.0
2019-01-17,7,0,204,281.69,281.69,0.0,3593.828516,0.0
2019-01-17,7,0,205,408.97,408.97,0.0,5274.456211,0.0
2019-01-17,7,0,206,194.83,194.83,0.0,2084.78865,0.0
2019-01-17,7,0,210,0.0,0.0,0.0,0.0,0.0
2019-01-17,7,0,214,0.0,0.0,0.0,0.0,0.0
2019-01-17,7,0,217,0.0,0.0,0.0,0.0,0.0
2019-01-17,7,0,218,0.0,0.0,0.0,0.0,0.0
2019-01-17,7,0,219,0.0,0.0,0.0,0.0,0.0
2019-01-17,7,0,221,0.0,0.0,0.0,0.0,0.0
2019-01-17,7,0,225,0.0,0.0,0.0,0.0,0.0
2019-01-17,7,0,233,0.0,0.0,0.0,0.0,0.0
2019-01-17,7,0,236,7.07,7.07,0.0,107.220682,0.0
2019-01-17,7,0,237,9.73,9.73,0.0,140.505212,0.0
2019-01-17,7,0,238,0.0,0.0,0.0,0.0,0.0
2019-01-17,7,0,240,0.0,0.0,0.0,0.0,0.0
2019-01-17,7,0,245,7.99,7.99,0.0,128.265931,0.0
2019-01-17,7,0,247,12.32,12.32,0.0,197.776755,0.0
2019-01-17,7,0,248,0.98,0.98,0.0,14.151604,0.0
2019-01-17,7,0,249,15.37,15.37,0.0,246.739345,0.0
2019-01-17,7,0,251,7.56,7.56,0.0,118.941604,0.0
2019-01-17,7,0,252,0.0,0.0,0.0,0.0,0.0
2019-01-17,7,0,254,0.0,0.0,0.0,0.0,0.0
2019-01-17,7,0,255,0.0,0.0,0.0,0.0,0.0
2019-01-17,7,0,258,0.0,0.0,0.0,0.0,0.0
2019-01-17,7,0,260,0.0,0.0,0.0,0.0,0.0
2019-01-17,7,0,265,0.0,0.0,0.0,0.0,0.0
2019-01-17,7,0,266,19.82,19.82,0.0,241.174696,0.0
2019-01-17,7,0,267,24.36,24.36,0.0,296.418547,0.0
2019-01-17,7,0,270,264.99,264.99,0.0,-7397.57696,0.0
2019-01-17,7,0,272,123.44,123.44,0.0,1145.142644,0.0
2019-01-17,7,0,273,0.0,0.0,0.0,-0.0,0.0
2019-01-17,7,0,274,341.6,341.6,0.0,-9536.255291,0.0
2019-01-17,7,0,275,475.52,475.52,0.0,-13274.824695,0.0
2019-01-17,7,0,276,0.0,0.0,0.0,-0.0,0.0
2019-01-17,7,0,277,0.0,0.0,0.0,0.0,0.0
2019-01-17,7,0,278,0.0,0.0,0.0,0.0,0.0
2019-01-17,7,0,279,126.62,126.62,0.0,1125.772605,0.0
2019-01-17,7,0,281,15.76,15.76,0.0,169.061674,0.0
2019-01-17,7,0,282,0.0,0.0,0.0,0.0,0.0
2019-01-17,8,0,9,0.0,0.0,0.0,0.0,0.0
2019-01-17,8,0,17,0.0,0.0,0.0,0.0,0.0
2019-01-17,8,0,19,64.67,64.67,0.0,957.372306,0.0
2019-01-17,8,0,20,80.48,80.48,0.0,1191.422966,0.0
2019-01-17,8,0,21,0.0,0.0,0.0,0.0,0.0
2019-01-17,8,0,22,0.0,0.0,0.0,0.0,0.0
2019-01-17,8,0,23,58.96,58.96,0.0,784.088184,0.0
2019-01-17,8,0,24,104.31,104.31,0.0,1387.181793,0.0
2019-01-17,8,0,29,0.0,0.0,0.0,0.0,0.0
2019-01-17,8,0,30,0.0,0.0,0.0,0.0,0.0
2019-01-17,8,0,31,10.62,10.62,0.0,141.173773,0.0
2019-01-17,8,0,32,0.0,0.0,0.0,0.0,0.0
2019-01-17,8,0,33,0.0,0.0,0.0,0.0,0.0
2019-01-17,8,0,34,0.0,0.0,0.0,0.0,0.0
2019-01-17,8,0,35,0.0,0.0,0.0,0.0,0.0
2019-01-17,8,0,36,0.0,0.0,0.0,0.0,0.0
2019-01-17,8,0,37,0.0,0.0,0.0,0.0,0.0
2019-01-17,8,0,38,0.0,0.0,0.0,0.0,0.0
2019-01-17,8,0,39,0.0,0.0,0.0,0.0,0.0
2019-01-17,8,0,40,0.0,0.0,0.0,0.0,0.0
2019-01-17,8,0,41,5.88,5.88,0.0,80.159546,0.0
2019-01-17,8,0,42,0.0,0.0,0.0,0.0,0.0
2019-01-17,8,0,43,0.0,0.0,0.0,0.0,0.0
2019-01-17,8,0,46,0.0,0.0,0.0,0.0,0.0
2019-01-17,8,0,52,11.26,11.26,0.0,149.681421,0.0
2019-01-17,8,0,53,17.89,17.89,0.0,237.81533,0.0
2019-01-17,8,0,55,63.12,63.12,0.0,839.410553,0.0
2019-01-17,8,0,56,0.0,0.0,0.0,0.0,0.0
2019-01-17,8,0,57,0.0,0.0,0.0,0.0,0.0
2019-01-17,8,0,58,0.0,0.0,0.0,0.0,0.0
2019-01-17,8,0,59,0.0,0.0,0.0,0.0,0.0
2019-01-17,8,0,63,29.93,29.93,0.0,813.770362,0.0
2019-01-17,8,0,64,35.18,35.18,0.0,956.513242,0.0
2019-01-17,8,0,65,0.0,0.0,0.0,0.0,0.0
2019-01-17,8,0,67,0.0,0.0,0.0,0.0,0.0
2019-01-17,8,0,68,3.0,3.0,0.0,43.474983,0.0
2019-01-17,8,0,69,0.0,0.0,0.0,0.0,0.0
2019-01-17,8,0,74,0.0,0.0,0.0,0.0,0.0
2019-01-17,8,0,77,64.18,64.18,0.0,820.60166,0.0
2019-01-17,8,0,78,48.46,48.46,0.0,619.606676,0.0
2019-01-17,8,0,79,27.95,27.95,0.0,357.367036,0.0
2019-01-17,8,0,80,45.34,45.34,0.0,579.714541,0.0
2019-01-17,8,0,81,59.35,59.35,0.0,758.845567,0.0
2019-01-17,8,0,82,41.79,41.79,0.0,534.324453,0.0
2019-01-17,8,0,83,93.5,93.5,0.0,1195.485435,0.0
2019-01-17,8,0,84,0.0,0.0,0.0,0.0,0.0
2019-01-17,8,0,86,0.0,0.0,0.0,0.0,0.0
2019-01-17,8,0,87,0.0,0.0,0.0,0.0,0.0
2019-01-17,8,0,88,53.39,53.39,0.0,682.641362,0.0
2019-01-17,8,0,89,51.52,51.52,0.0,658.731653,0.0
2019-01-17,8,0,90,67.23,67.23,0.0,859.598778,0.0
2019-01-17,8,0,91,210.74,210.74,0.0,2694.509097,0.0
2019-01-17,8,0,92,84.33,84.33,0.0,1078.238361,0.0
2019-01-17,8,0,95,15.44,15.44,0.0,421.67453,0.0
2019-01-17,8,0,96,8.29,8.29,0.0,110.153425,0.0
2019-01-17,8,0,97,50.99,50.99,0.0,677.529934,0.0
2019-01-17,8,0,99,0.0,0.0,0.0,0.0,0.0
2019-01-17,8,0,101,0.0,0.0,0.0,0.0,0.0
2019-01-17,8,0,102,7.1,7.1,0.0,102.890793,0.0
2019-01-17,8,0,103,6.17,6.17,0.0,89.413548,0.0
2019-01-17,8,0,104,1.15,1.15,0.0,16.66541,0.0
2019-01-17,8,0,106,0.0,0.0,0.0,0.0,0.0
2019-01-17,8,0,109,85.46,85.46,0.0,1173.387841,0.0
2019-01-17,8,0,110,77.27,77.27,0.0,1775.844331,0.0
2019-01-17,8,0,111,0.0,0.0,0.0,0.0,0.0
2019-01-17,8,0,113,41.44,41.44,0.0,507.534415,0.0
2019-01-17,8,0,115,41.44,41.44,0.0,507.534415,0.0
2019-01-17,8,0,116,0.0,0.0,0.0,0.0,0.0
2019-01-17,8,0,117,2.14,2.14,0.0,26.209547,0.0
2019-01-17,8,0,119,35.18,35.18,0.0,956.513242,0.0
2019-01-17,8,0,120,20.76,20.76,0.0,564.446131,0.0
2019-01-17,8,0,123,0.0,0.0,0.0,0.0,0.0
2019-01-17,8,0,125,94.39,94.39,0.0,1255.259221,0.0
2019-01-17,8,0,126,0.0,0.0,0.0,0.0,0.0
2019-01-17,8,0,127,0.0,0.0,0.0,0.0,0.0
2019-01-17,8,0,128,135.2,135.2,0.0,1797.976976,0.0
2019-01-17,8,0,131,9.89,9.89,0.0,137.801906,0.0
2019-01-17,8,0,132,14.54,14.54,0.0,202.592489,0.0
2019-01-17,8,0,133,3.81,3.81,0.0,56.410021,0.0
2019-01-17,8,0,134,0.0,0.0,0.0,0.0,0.0
2019-01-17,8,0,135,5.1,5.1,0.0,75.509477,0.0
2019-01-17,8,0,136,0.0,0.0,0.0,0.0,0.0
2019-01-17,8,0,139,7.6,7.6,0.0,103.607576,0.0
2019-01-17,8,0,140,57.19,57.19,0.0,1314.359225,0.0
2019-01-17,8,0,141,104.41,104.41,0.0,1731.302024,0.0
2019-01-17,8,0,142,0.0,0.0,0.0,0.0,0.0
2019-01-17,8,0,143,15.52,15.52,0.0,206.310448,0.0
2019-01-17,8,0,145,10.39,10.39,0.0,139.811652,0.0
2019-01-17,8,0,146,74.99,74.99,0.0,1723.444628,0.0
2019-01-17,8,0,152,0.0,0.0,0.0,0.0,0.0
2019-01-17,8,0,153,0.0,0.0,0.0,0.0,0.0
2019-01-17,8,0,154,0.0,0.0,0.0,0.0,0.0
2019-01-17,8,0,157,77.31,77.31,0.0,1281.936208,0.0
2019-01-17,8,0,158,0.0,0.0,0.0,0.0,0.0
2019-01-17,8,0,159,0.0,0.0,0.0,0.0,0.0
2019-01-17,8,0,160,0.0,0.0,0.0,0.0,0.0
2019-01-17,8,0,161,0.0,0.0,0.0,0.0,0.0
2019-01-17,8,0,162,6.83,6.83,0.0,186.545519,0.0
2019-01-17,8,0,163,44.62,44.62,0.0,1025.471387,0.0
2019-01-17,8,0,164,0.0,0.0,0.0,0.0,0.0
2019-01-17,8,0,167,0.0,0.0,0.0,0.0,0.0
2019-01-17,8,0,168,0.0,0.0,0.0,0.0,0.0
2019-01-17,8,0,169,0.0,0.0,0.0,0.0,0.0
2019-01-17,8,0,170,0.0,0.0,0.0,0.0,0.0
2019-01-17,8,0,172,0.0,0.0,0.0,0.0,0.0
2019-01-17,8,0,173,0.0,0.0,0.0,0.0,0.0
2019-01-17,8,0,188,0.0,0.0,0.0,0.0,0.0
2019-01-17,8,0,190,0.0,0.0,0.0,0.0,0.0
2019-01-17,8,0,191,0.0,0.0,0.0,0.0,0.0
2019-01-17,8,0,192,64.17,64.17,0.0,1744.72583,0.0
2019-01-17,8,0,194,69.47,69.47,0.0,707.847306,0.0
2019-01-17,8,0,196,0.0,0.0,0.0,0.0,0.0
2019-01-17,8,0,198,0.0,0.0,0.0,0.0,0.0
2019-01-17,8,0,199,14.63,14.63,0.0,155.683613,0.0
2019-01-17,8,0,200,0.0,0.0,0.0,0.0,0.0
2019-01-17,8,0,204,308.31,308.31,0.0,4219.557834,0.0
2019-01-17,8,0,205,452.08,452.08,0.0,6207.174995,0.0
2019-01-17,8,0,206,149.82,149.82,0.0,1990.734157,0.0
2019-01-17,8,0,210,0.0,0.0,0.0,0.0,0.0
2019-01-17,8,0,214,0.0,0.0,0.0,0.0,0.0
2019-01-17,8,0,217,0.0,0.0,0.0,0.0,0.0
2019-01-17,8,0,218,0.0,0.0,0.0,0.0,0.0
2019-01-17,8,0,219,0.0,0.0,0.0,0.0,0.0
2019-01-17,8,0,221,0.0,0.0,0.0,0.0,0.0
2019-01-17,8,0,225,0.0,0.0,0.0,0.0,0.0
2019-01-17,8,0,233,0.0,0.0,0.0,0.0,0.0
2019-01-17,8,0,236,0.0,0.0,0.0,0.0,0.0
2019-01-17,8,0,237,0.0,0.0,0.0,0.0,0.0
2019-01-17,8,0,238,0.0,0.0,0.0,0.0,0.0
2019-01-17,8,0,240,0.0,0.0,0.0,0.0,0.0
2019-01-17,8,0,245,6.2,6.2,0.0,92.224154,0.0
2019-01-17,8,0,247,7.09,7.09,0.0,105.462782,0.0
2019-01-17,8,0,248,0.0,0.0,0.0,0.0,0.0
2019-01-17,8,0,249,11.92,11.92,0.0,177.308373,0.0
2019-01-17,8,0,251,0.0,0.0,0.0,0.0,0.0
2019-01-17,8,0,252,0.0,0.0,0.0,0.0,0.0
2019-01-17,8,0,254,0.0,0.0,0.0,0.0,0.0
2019-01-17,8,0,255,0.0,0.0,0.0,0.0,0.0
2019-01-17,8,0,258,0.0,0.0,0.0,0.0,0.0
2019-01-17,8,0,260,0.0,0.0,0.0,0.0,0.0
2019-01-17,8,0,265,0.0,0.0,0.0,0.0,0.0
2019-01-17,8,0,266,4.92,4.92,0.0,67.072273,0.0
2019-01-17,8,0,267,6.05,6.05,0.0,82.477084,0.0
2019-01-17,8,0,270,139.35,139.35,0.0,3202.58713,0.0
2019-01-17,8,0,272,143.48,143.48,0.0,1757.264427,0.0
2019-01-17,8,0,273,0.0,0.0,0.0,0.0,0.0
2019-01-17,8,0,274,179.63,179.63,0.0,4128.315221,0.0
2019-01-17,8,0,275,250.05,250.05,0.0,5746.730619,0.0
2019-01-17,8,0,276,0.0,0.0,0.0,0.0,0.0
2019-01-17,8,0,277,0.0,0.0,0.0,0.0,0.0
2019-01-17,8,0,278,0.0,0.0,0.0,0.0,0.0
2019-01-17,8,0,279,80.83,80.83,0.0,1007.411835,0.0
2019-01-17,8,0,281,4.77,4.77,0.0,63.408559,0.0
2019-01-17,8,0,282,0.0,0.0,0.0,0.0,0.0
2019-01-17,9,0,9,0.13,0.13,0.0,2.890386,0.0
2019-01-17,9,0,17,7.78,7.78,0.0,122.752277,0.0
2019-01-17,9,0,19,67.78,67.78,0.0,1069.427936,0.0
2019-01-17,9,0,20,84.16,84.16,0.0,1327.870391,0.0
2019-01-17,9,0,21,2.91,2.91,0.0,64.700178,0.0
2019-01-17,9,0,22,10.35,10.35,0.0,230.119189,0.0
2019-01-17,9,0,23,56.08,56.08,0.0,1246.868031,0.0
2019-01-17,9,0,24,99.23,99.23,0.0,2206.253829,0.0
2019-01-17,9,0,29,1.41,1.41,0.0,12.681979,0.0
2019-01-17,9,0,30,20.3,20.3,0.0,452.247925,0.0
2019-01-17,9,0,31,10.14,10.14,0.0,225.90118,0.0
2019-01-17,9,0,32,0.56,0.56,0.0,17.127791,0.0
2019-01-17,9,0,33,0.41,0.41,0.0,6.078906,0.0
2019-01-17,9,0,34,0.66,0.66,0.0,9.785556,0.0
2019-01-17,9,0,35,0.66,0.66,0.0,9.785556,0.0
2019-01-17,9,0,36,1.28,1.28,0.0,21.759554,0.0
2019-01-17,9,0,37,0.61,0.61,0.0,10.356929,0.0
2019-01-17,9,0,38,0.79,0.79,0.0,13.413072,0.0
2019-01-17,9,0,39,0.52,0.52,0.0,8.828858,0.0
2019-01-17,9,0,40,0.52,0.52,0.0,8.828858,0.0
2019-01-17,9,0,41,3.27,3.27,0.0,65.269492,0.0
2019-01-17,9,0,42,8.22,8.22,0.0,131.389648,0.0
2019-01-17,9,0,43,4.04,4.04,0.0,66.632607,0.0
2019-01-17,9,0,46,3.27,3.27,0.0,56.956281,0.0
2019-01-17,9,0,52,10.76,10.76,0.0,239.713678,0.0
2019-01-17,9,0,53,17.18,17.18,0.0,382.739869,0.0
2019-01-17,9,0,55,48.89,48.89,0.0,1087.007455,0.0
2019-01-17,9,0,56,5.99,5.99,0.0,133.446555,0.0
2019-01-17,9,0,57,5.7,5.7,0.0,126.98587,0.0
2019-01-17,9,0,58,10.95,10.95,0.0,243.946541,0.0
2019-01-17,9,0,59,10.77,10.77,0.0,239.93646,0.0
2019-01-17,9,0,63,14.05,14.05,0.0,418.807157,0.0
2019-01-17,9,0,64,16.53,16.53,0.0,492.731836,0.0
2019-01-17,9,0,65,0.0,0.0,0.0,0.0,0.0
2019-01-17,9,0,67,9.21,9.21,0.0,253.971705,0.0
2019-01-17,9,0,68,3.31,3.31,0.0,89.887508,0.0
2019-01-17,9,0,69,0.41,0.41,0.0,6.078906,0.0
2019-01-17,9,0,74,0.0,0.0,0.0,0.0,0.0
2019-01-17,9,0,77,19.39,19.39,0.0,514.214987,0.0
2019-01-17,9,0,78,14.66,14.66,0.0,388.777293,0.0
2019-01-17,9,0,79,8.48,8.48,0.0,224.886183,0.0
2019-01-17,9,0,80,13.72,13.72,0.0,363.848872,0.0
2019-01-17,9,0,81,17.94,17.94,0.0,475.761572,0.0
2019-01-17,9,0,82,12.65,12.65,0.0,335.472903,0.0
2019-01-17,9,0,83,28.21,28.21,0.0,748.117833,0.0
2019-01-17,9,0,84,0.0,0.0,0.0,0.0,0.0
2019-01-17,9,0,86,2.09,2.09,0.0,30.987595,0.0
2019-01-17,9,0,87,10.68,10.68,0.0,158.348091,0.0
2019-01-17,9,0,88,54.86,54.86,0.0,1454.865096,0.0
2019-01-17,9,0,89,52.41,52.41,0.0,1389.892083,0.0
2019-01-17,9,0,90,73.56,73.56,0.0,1950.781561,0.0
2019-01-17,9,0,91,276.41,276.41,0.0,7330.281827,0.0
2019-01-17,9,0,92,97.25,97.25,0.0,2579.030815,0.0
2019-01-17,9,0,95,8.72,8.72,0.0,267.149869,0.0
2019-01-17,9,0,96,6.22,6.22,0.0,138.85972,0.0
2019-01-17,9,0,97,38.26,38.26,0.0,854.143553,0.0
2019-01-17,9,0,99,0.0,0.0,0.0,0.0,0.0
2019-01-17,9,0,101,0.41,0.41,0.0,9.134071,0.0
2019-01-17,9,0,102,7.84,7.84,0.0,212.905759,0.0
2019-01-17,9,0,103,6.81,6.81,0.0,184.934722,0.0
2019-01-17,9,0,104,1.27,1.27,0.0,34.48856,0.0
2019-01-17,9,0,106,10.19,10.19,0.0,226.561791,0.0
2019-01-17,9,0,109,88.69,88.69,0.0,1627.68915,0.0
2019-01-17,9,0,110,65.99,65.99,0.0,1904.449997,0.0
2019-01-17,9,0,111,1.58,1.58,0.0,31.536941,0.0
2019-01-17,9,0,113,15.25,15.25,0.0,417.529337,0.0
2019-01-17,9,0,115,15.25,15.25,0.0,417.529337,0.0
2019-01-17,9,0,116,6.52,6.52,0.0,188.165085,0.0
2019-01-17,9,0,117,1.04,1.04,0.0,28.474132,0.0
2019-01-17,9,0,119,16.53,16.53,0.0,492.731836,0.0
2019-01-17,9,0,120,9.72,9.72,0.0,289.737051,0.0
2019-01-17,9,0,123,0.17,0.17,0.0,3.779735,0.0
2019-01-17,9,0,125,89.8,89.8,0.0,1996.589679,0.0
2019-01-17,9,0,126,7.65,7.65,0.0,170.088096,0.0
2019-01-17,9,0,127,9.81,9.81,0.0,218.112971,0.0
2019-01-17,9,0,128,128.61,128.61,0.0,2859.481054,0.0
2019-01-17,9,0,131,6.52,6.52,0.0,176.329258,0.0
2019-01-17,9,0,132,9.59,9.59,0.0,259.355458,0.0
2019-01-17,9,0,133,5.04,5.04,0.0,79.502566,0.0
2019-01-17,9,0,134,0.0,0.0,0.0,0.0,0.0
2019-01-17,9,0,135,6.75,6.75,0.0,106.47665,0.0
2019-01-17,9,0,136,0.0,0.0,0.0,0.0,0.0
2019-01-17,9,0,139,4.22,4.22,0.0,84.231576,0.0
2019-01-17,9,0,140,48.84,48.84,0.0,1409.506559,0.0
2019-01-17,9,0,141,84.48,84.48,0.0,2329.590619,0.0
2019-01-17,9,0,142,12.14,12.14,0.0,334.768349,0.0
2019-01-17,9,0,143,20.32,20.32,0.0,452.693489,0.0
2019-01-17,9,0,145,9.88,9.88,0.0,205.720289,0.0
2019-01-17,9,0,146,46.04,46.04,0.0,1328.699468,0.0
2019-01-17,9,0,152,0.91,0.91,0.0,15.323676,0.0
2019-01-17,9,0,153,1.15,1.15,0.0,19.419612,0.0
2019-01-17,9,0,154,6.5,6.5,0.0,129.74058,0.0
2019-01-17,9,0,157,52.37,52.37,0.0,1444.136609,0.0
2019-01-17,9,0,158,0.0,0.0,0.0,0.0,0.0
2019-01-17,9,0,159,0.0,0.0,0.0,0.0,0.0
2019-01-17,9,0,160,0.33,0.33,0.0,4.979623,0.0
2019-01-17,9,0,161,2.85,2.85,0.0,77.395588,0.0
2019-01-17,9,0,162,5.96,5.96,0.0,182.504565,0.0
2019-01-17,9,0,163,23.75,23.75,0.0,685.417297,0.0
2019-01-17,9,0,164,0.53,0.53,0.0,11.807458,0.0
2019-01-17,9,0,167,0.68,0.68,0.0,20.843473,0.0
2019-01-17,9,0,168,0.34,0.34,0.0,10.421736,0.0
2019-01-17,9,0,169,0.0,0.0,0.0,0.0,0.0
2019-01-17,9,0,170,0.74,0.74,0.0,22.682603,0.0
2019-01-17,9,0,172,0.91,0.91,0.0,29.404681,0.0
2019-01-17,9,0,173,1.39,1.39,0.0,44.914842,0.0
2019-01-17,9,0,188,1.15,1.15,0.0,35.535668,0.0
2019-01-17,9,0,190,0.6,0.6,0.0,17.885003,0.0
2019-01-17,9,0,191,1.55,1.55,0.0,46.202925,0.0
2019-01-17,9,0,192,44.5,44.5,0.0,1326.471066,0.0
2019-01-17,9,0,194,47.38,47.38,0.0,1320.417583,0.0
2019-01-17,9,0,196,0.43,0.43,0.0,12.579444,0.0
2019-01-17,9,0,198,1.54,1.54,0.0,19.128785,0.0
2019-01-17,9,0,199,12.63,12.63,0.0,198.102631,0.0
2019-01-17,9,0,200,2.35,2.35,0.0,36.859951,0.0
2019-01-17,9,0,204,191.52,191.52,0.0,3544.720262,0.0
2019-01-17,9,0,205,499.51,499.51,0.0,9167.290647,0.0
2019-01-17,9,0,206,112.42,112.42,0.0,2509.744335,0.0
2019-01-17,9,0,210,0.41,0.41,0.0,3.699561,0.0
2019-01-17,9,0,214,2.27,2.27,0.0,32.381972,0.0
2019-01-17,9,0,217,1.6,1.6,0.0,19.039345,0.0
2019-01-17,9,0,218,2.21,2.21,0.0,26.298096,0.0
2019-01-17,9,0,219,1.51,1.51,0.0,17.968382,0.0
2019-01-17,9,0,221,1.21,1.21,0.0,17.260875,0.0
2019-01-17,9,0,225,1.28,1.28,0.0,11.509133,0.0
2019-01-17,9,0,233,1.18,1.18,0.0,17.495388,0.0
2019-01-17,9,0,236,0.0,0.0,0.0,0.0,0.0
2019-01-17,9,0,237,0.0,0.0,0.0,0.0,0.0
2019-01-17,9,0,238,10.7,10.7,0.0,171.03032,0.0
2019-01-17,9,0,240,1.45,1.45,0.0,24.649495,0.0
2019-01-17,9,0,245,7.11,7.11,0.0,111.179513,0.0
2019-01-17,9,0,247,4.76,4.76,0.0,74.432417,0.0
2019-01-17,9,0,248,0.0,0.0,0.0,0.0,0.0
2019-01-17,9,0,249,13.67,13.67,0.0,213.758642,0.0
2019-01-17,9,0,251,0.0,0.0,0.0,0.0,0.0
2019-01-17,9,0,252,0.0,0.0,0.0,0.0,0.0
2019-01-17,9,0,254,2.38,2.38,0.0,38.415683,0.0
2019-01-17,9,0,255,1.09,1.09,0.0,17.593737,0.0
2019-01-17,9,0,258,1.8,1.8,0.0,30.452146,0.0
2019-01-17,9,0,260,0.79,0.79,0.0,11.920915,0.0
2019-01-17,9,0,265,6.73,6.73,0.0,134.3314,0.0
2019-01-17,9,0,266,2.74,2.74,0.0,54.690644,0.0
2019-01-17,9,0,267,3.36,3.36,0.0,67.0659,0.0
2019-01-17,9,0,270,74.17,74.17,0.0,2140.522144,0.0
2019-01-17,9,0,272,50.88,50.88,0.0,1393.042142,0.0
2019-01-17,9,0,273,1.56,1.56,0.0,45.021094,0.0
2019-01-17,9,0,274,95.61,95.61,0.0,2759.27359,0.0
2019-01-17,9,0,275,133.09,133.09,0.0,3840.934234,0.0
2019-01-17,9,0,276,0.38,0.38,0.0,10.857732,0.0
2019-01-17,9,0,277,0.54,0.54,0.0,14.598595,0.0
2019-01-17,9,0,278,0.86,0.86,0.0,23.249614,0.0
2019-01-17,9,0,279,49.22,49.22,0.0,1330.634904,0.0
2019-01-17,9,0,281,4.52,4.52,0.0,100.697567,0.0
2019-01-17,9,0,282,11.14,11.14,0.0,248.179403,0.0
2019-01-17,10,0,9,1.12,1.12,0.0,13.88925,0.0
2019-01-17,10,0,17,23.04,23.04,0.0,265.160182,0.0
2019-01-17,10,0,19,69.91,69.91,0.0,804.572409,0.0
2019-01-17,10,0,20,86.63,86.63,0.0,996.99768,0.0
2019-01-17,10,0,21,25.64,25.64,0.0,317.964613,0.0
2019-01-17,10,0,22,91.11,91.11,0.0,1129.865673,0.0
2019-01-17,10,0,23,53.24,53.24,0.0,660.235413,0.0
2019-01-17,10,0,24,94.2,94.2,0.0,1168.185122,0.0
2019-01-17,10,0,29,4.0,4.0,0.0,44.234085,0.0
2019-01-17,10,0,30,210.19,210.19,0.0,2607.798943,0.0
2019-01-17,10,0,31,14.82,14.82,0.0,183.869738,0.0
2019-01-17,10,0,32,2.23,2.23,0.0,67.167183,0.0
2019-01-17,10,0,33,1.28,1.28,0.0,14.536048,0.0
2019-01-17,10,0,34,2.05,2.05,0.0,23.280389,0.0
2019-01-17,10,0,35,2.05,2.05,0.0,23.280389,0.0
2019-01-17,10,0,36,4.73,4.73,0.0,55.503013,0.0
2019-01-17,10,0,37,2.21,2.21,0.0,25.935882,0.0
2019-01-17,10,0,38,2.84,2.84,0.0,33.329368,0.0
2019-01-17,10,0,39,1.9,1.9,0.0,22.297817,0.0
2019-01-17,10,0,40,1.9,1.9,0.0,22.297817,0.0
2019-01-17,10,0,41,1.57,1.57,0.0,19.001345,0.0
2019-01-17,10,0,42,27.17,27.17,0.0,313.588631,0.0
2019-01-17,10,0,43,14.79,14.79,0.0,172.836282,0.0
2019-01-17,10,0,46,12.92,12.92,0.0,152.401595,0.0
2019-01-17,10,0,52,15.72,15.72,0.0,195.035917,0.0
2019-01-17,10,0,53,25.06,25.06,0.0,310.916036,0.0
2019-01-17,10,0,55,37.07,37.07,0.0,459.709368,0.0
2019-01-17,10,0,56,62.0,62.0,0.0,769.225627,0.0
2019-01-17,10,0,57,58.97,58.97,0.0,731.632826,0.0
2019-01-17,10,0,58,113.41,113.41,0.0,1407.062553,0.0
2019-01-17,10,0,59,111.52,111.52,0.0,1383.613579,0.0
2019-01-17,10,0,63,17.12,17.12,0.0,510.318756,0.0
2019-01-17,10,0,64,20.14,20.14,0.0,600.339939,0.0
2019-01-17,10,0,65,0.0,0.0,0.0,0.0,0.0
2019-01-17,10,0,67,114.17,114.17,0.0,1992.808246,0.0
2019-01-17,10,0,68,3.23,3.23,0.0,48.511375,0.0
2019-01-17,10,0,69,1.28,1.28,0.0,14.536048,0.0
2019-01-17,10,0,74,0.0,0.0,0.0,0.0,0.0
2019-01-17,10,0,77,14.25,14.25,0.0,184.594722,0.0
2019-01-17,10,0,78,10.77,10.77,0.0,139.514747,0.0
2019-01-17,10,0,79,6.23,6.23,0.0,80.703517,0.0
2019-01-17,10,0,80,10.08,10.08,0.0,130.576477,0.0
2019-01-17,10,0,81,13.18,13.18,0.0,170.733925,0.0
2019-01-17,10,0,82,9.3,9.3,0.0,120.472345,0.0
2019-01-17,10,0,83,20.73,20.73,0.0,268.536742,0.0
2019-01-17,10,0,84,0.0,0.0,0.0,0.0,0.0
2019-01-17,10,0,86,6.5,6.5,0.0,73.815869,0.0
2019-01-17,10,0,87,33.21,33.21,0.0,377.14231,0.0
2019-01-17,10,0,88,30.09,30.09,0.0,389.786328,0.0
2019-01-17,10,0,89,28.79,28.79,0.0,372.946108,0.0
2019-01-17,10,0,90,39.98,39.98,0.0,517.901542,0.0
2019-01-17,10,0,91,148.11,148.11,0.0,1918.619243,0.0
2019-01-17,10,0,92,52.48,52.48,0.0,679.826736,0.0
2019-01-17,10,0,95,15.08,15.08,0.0,453.324521,0.0
2019-01-17,10,0,96,4.54,4.54,0.0,56.354444,0.0
2019-01-17,10,0,97,27.91,27.91,0.0,346.443292,0.0
2019-01-17,10,0,99,0.0,0.0,0.0,0.0,0.0
2019-01-17,10,0,101,4.23,4.23,0.0,52.481039,0.0
2019-01-17,10,0,102,7.64,7.64,0.0,114.745172,0.0
2019-01-17,10,0,103,6.64,6.64,0.0,99.726171,0.0
2019-01-17,10,0,104,1.23,1.23,0.0,18.473372,0.0
2019-01-17,10,0,106,89.69,89.69,0.0,1112.256089,0.0
2019-01-17,10,0,109,91.23,91.23,0.0,1085.918011,0.0
2019-01-17,10,0,110,64.28,64.28,0.0,1601.456891,0.0
2019-01-17,10,0,111,7.22,7.22,0.0,87.381979,0.0
2019-01-17,10,0,113,16.18,16.18,0.0,203.544219,0.0
2019-01-17,10,0,115,16.18,16.18,0.0,203.544219,0.0
2019-01-17,10,0,116,45.67,45.67,0.0,1137.811702,0.0
2019-01-17,10,0,117,1.08,1.08,0.0,13.586388,0.0
2019-01-17,10,0,119,20.14,20.14,0.0,600.339939,0.0
2019-01-17,10,0,120,11.84,11.84,0.0,352.930729,0.0
2019-01-17,10,0,123,1.49,1.49,0.0,18.477663,0.0
2019-01-17,10,0,125,85.25,85.25,0.0,1057.195134,0.0
2019-01-17,10,0,126,67.27,67.27,0.0,834.223069,0.0
2019-01-17,10,0,127,86.33,86.33,0.0,1070.588339,0.0
2019-01-17,10,0,128,122.1,122.1,0.0,1514.176256,0.0
2019-01-17,10,0,131,5.48,5.48,0.0,78.739323,0.0
2019-01-17,10,0,132,8.85,8.85,0.0,127.161132,0.0
2019-01-17,10,0,133,7.24,7.24,0.0,83.318718,0.0
2019-01-17,10,0,134,0.0,0.0,0.0,0.0,0.0
2019-01-17,10,0,135,9.7,9.7,0.0,111.62867,0.0
2019-01-17,10,0,136,0.0,0.0,0.0,0.0,0.0
2019-01-17,10,0,139,2.03,2.03,0.0,24.568617,0.0
2019-01-17,10,0,140,47.57,47.57,0.0,1185.147858,0.0
2019-01-17,10,0,141,67.62,67.62,0.0,1180.289862,0.0
2019-01-17,10,0,142,150.56,150.56,0.0,2627.986419,0.0
2019-01-17,10,0,143,24.25,24.25,0.0,300.866475,0.0
2019-01-17,10,0,145,17.59,17.59,0.0,214.947837,0.0
2019-01-17,10,0,146,26.01,26.01,0.0,648.007059,0.0
2019-01-17,10,0,152,3.29,3.29,0.0,38.431826,0.0
2019-01-17,10,0,153,4.17,4.17,0.0,48.743874,0.0
2019-01-17,10,0,154,29.78,29.78,0.0,360.420407,0.0
2019-01-17,10,0,157,33.91,33.91,0.0,591.890406,0.0
2019-01-17,10,0,158,96.44,96.44,0.0,1683.335616,0.0
2019-01-17,10,0,159,0.0,0.0,0.0,0.0,0.0
2019-01-17,10,0,160,1.17,1.17,0.0,13.496468,0.0
2019-01-17,10,0,161,22.82,22.82,0.0,342.733616,0.0
2019-01-17,10,0,162,13.42,13.42,0.0,403.427698,0.0
2019-01-17,10,0,163,8.8,8.8,0.0,219.241143,0.0
2019-01-17,10,0,164,7.68,7.68,0.0,95.284723,0.0
2019-01-17,10,0,167,2.62,2.62,0.0,78.792759,0.0
2019-01-17,10,0,168,1.31,1.31,0.0,39.396379,0.0
2019-01-17,10,0,169,0.0,0.0,0.0,0.0,0.0
2019-01-17,10,0,170,2.86,2.86,0.0,86.010416,0.0
2019-01-17,10,0,172,3.43,3.43,0.0,102.414464,0.0
2019-01-17,10,0,173,5.22,5.22,0.0,155.861079,0.0
2019-01-17,10,0,188,4.55,4.55,0.0,135.451595,0.0
2019-01-17,10,0,190,3.62,3.62,0.0,107.906186,0.0
2019-01-17,10,0,191,9.36,9.36,0.0,279.006049,0.0
2019-01-17,10,0,192,45.46,45.46,0.0,1355.087071,0.0
2019-01-17,10,0,194,19.7,19.7,0.0,205.233669,0.0
2019-01-17,10,0,196,2.57,2.57,0.0,71.611574,0.0
2019-01-17,10,0,198,5.28,5.28,0.0,59.517866,0.0
2019-01-17,10,0,199,11.47,11.47,0.0,120.576028,0.0
2019-01-17,10,0,200,8.54,8.54,0.0,89.775003,0.0
2019-01-17,10,0,204,114.4,114.4,0.0,1364.249013,0.0
2019-01-17,10,0,205,538.79,538.79,0.0,6413.260607,0.0
2019-01-17,10,0,206,82.0,82.0,0.0,1017.855604,0.0
2019-01-17,10,0,210,1.17,1.17,0.0,12.906135,0.0
2019-01-17,10,0,214,6.8,6.8,0.0,76.610099,0.0
2019-01-17,10,0,217,4.71,4.71,0.0,52.572269,0.0
2019-01-17,10,0,218,6.5,6.5,0.0,72.551964,0.0
2019-01-17,10,0,219,4.43,4.43,0.0,49.446954,0.0
2019-01-17,10,0,221,3.63,3.63,0.0,40.896273,0.0
2019-01-17,10,0,225,3.62,3.62,0.0,40.041509,0.0
2019-01-17,10,0,233,3.68,3.68,0.0,41.791138,0.0
2019-01-17,10,0,236,0.0,0.0,0.0,0.0,0.0
2019-01-17,10,0,237,0.0,0.0,0.0,0.0,0.0
2019-01-17,10,0,238,35.36,35.36,0.0,408.115347,0.0
2019-01-17,10,0,240,5.36,5.36,0.0,62.895592,0.0
2019-01-17,10,0,245,11.11,11.11,0.0,127.610816,0.0
2019-01-17,10,0,247,4.44,4.44,0.0,50.998382,0.0
2019-01-17,10,0,248,0.0,0.0,0.0,0.0,0.0
2019-01-17,10,0,249,21.37,21.37,0.0,245.458429,0.0
2019-01-17,10,0,251,0.0,0.0,0.0,0.0,0.0
2019-01-17,10,0,252,0.0,0.0,0.0,0.0,0.0
2019-01-17,10,0,254,7.93,7.93,0.0,92.370521,0.0
2019-01-17,10,0,255,3.64,3.64,0.0,42.399583,0.0
2019-01-17,10,0,258,6.68,6.68,0.0,78.332772,0.0
2019-01-17,10,0,260,2.83,2.83,0.0,32.645303,0.0
2019-01-17,10,0,265,30.83,30.83,0.0,373.128313,0.0
2019-01-17,10,0,266,1.31,1.31,0.0,15.854625,0.0
2019-01-17,10,0,267,1.61,1.61,0.0,19.485455,0.0
2019-01-17,10,0,270,27.46,27.46,0.0,684.13202,0.0
2019-01-17,10,0,272,54.07,54.07,0.0,680.199995,0.0
2019-01-17,10,0,273,10.92,10.92,0.0,272.058327,0.0
2019-01-17,10,0,274,35.4,35.4,0.0,881.947323,0.0
2019-01-17,10,0,275,49.28,49.28,0.0,1227.750398,0.0
2019-01-17,10,0,276,2.52,2.52,0.0,58.585777,0.0
2019-01-17,10,0,277,3.12,3.12,0.0,39.71742,0.0
2019-01-17,10,0,278,5.0,5.0,0.0,63.649711,0.0
2019-01-17,10,0,279,28.43,28.43,0.0,361.912256,0.0
2019-01-17,10,0,281,6.61,6.61,0.0,82.009377,0.0
2019-01-17,10,0,282,115.3,115.3,0.0,1430.511528,0.0
2019-01-17,11,0,9,1.91,1.91,0.0,21.818205,0.0
2019-01-17,11,0,17,34.87,34.87,0.0,480.443632,0.0
2019-01-17,11,0,19,29.87,29.87,0.0,411.552948,0.0
2019-01-17,11,0,20,36.22,36.22,0.0,499.044117,0.0
2019-01-17,11,0,21,43.64,43.64,0.0,498.505994,0.0
2019-01-17,11,0,22,155.11,155.11,0.0,1771.843829,0.0
2019-01-17,11,0,23,20.07,20.07,0.0,229.262495,0.0
2019-01-17,11,0,24,35.49,35.49,0.0,405.407372,0.0
2019-01-17,11,0,29,5.92,5.92,0.0,52.930578,0.0
2019-01-17,11,0,30,361.98,361.98,0.0,4130.976206,0.0
2019-01-17,11,0,31,12.15,12.15,0.0,138.657829,0.0
2019-01-17,11,0,32,3.46,3.46,0.0,94.446218,0.0
2019-01-17,11,0,33,1.93,1.93,0.0,27.790343,0.0
2019-01-17,11,0,34,3.1,3.1,0.0,44.637338,0.0
2019-01-17,11,0,35,3.1,3.1,0.0,44.637338,0.0
2019-01-17,11,0,36,7.3,7.3,0.0,91.901514,0.0
2019-01-17,11,0,37,3.4,3.4,0.0,42.635435,0.0
2019-01-17,11,0,38,4.37,4.37,0.0,54.799074,0.0
2019-01-17,11,0,39,2.91,2.91,0.0,36.490917,0.0
2019-01-17,11,0,40,2.91,2.91,0.0,36.490917,0.0
2019-01-17,11,0,41,3.45,3.45,0.0,41.549581,0.0
2019-01-17,11,0,42,41.8,41.8,0.0,570.29934,0.0
2019-01-17,11,0,43,22.76,22.76,0.0,284.236134,0.0
2019-01-17,11,0,46,20.13,20.13,0.0,249.366182,0.0
2019-01-17,11,0,52,12.92,12.92,0.0,147.445197,0.0
2019-01-17,11,0,53,21.04,21.04,0.0,240.111993,0.0
2019-01-17,11,0,55,80.79,80.79,0.0,922.875785,0.0
2019-01-17,11,0,56,106.77,106.77,0.0,1218.477069,0.0
2019-01-17,11,0,57,101.56,101.56,0.0,1159.019679,0.0
2019-01-17,11,0,58,195.31,195.31,0.0,2228.910334,0.0
2019-01-17,11,0,59,192.06,192.06,0.0,2191.820792,0.0
2019-01-17,11,0,63,18.74,18.74,0.0,509.524109,0.0
2019-01-17,11,0,64,22.04,22.04,0.0,599.248205,0.0
2019-01-17,11,0,65,0.0,0.0,0.0,0.0,0.0
2019-01-17,11,0,67,198.28,198.28,0.0,2933.032034,0.0
2019-01-17,11,0,68,2.53,2.53,0.0,31.234184,0.0
2019-01-17,11,0,69,1.93,1.93,0.0,27.790343,0.0
2019-01-17,11,0,74,0.0,0.0,0.0,0.0,0.0
2019-01-17,11,0,77,11.06,11.06,0.0,114.78623,0.0
2019-01-17,11,0,78,8.36,8.36,0.0,86.764275,0.0
2019-01-17,11,0,79,4.84,4.84,0.0,50.231949,0.0
2019-01-17,11,0,80,7.82,7.82,0.0,81.159884,0.0
2019-01-17,11,0,81,10.23,10.23,0.0,106.172073,0.0
2019-01-17,11,0,82,7.22,7.22,0.0,74.932783,0.0
2019-01-17,11,0,83,16.09,16.09,0.0,166.990094,0.0
2019-01-17,11,0,84,0.0,0.0,0.0,0.0,0.0
2019-01-17,11,0,86,9.8,9.8,0.0,141.111584,0.0
2019-01-17,11,0,87,50.04,50.04,0.0,720.533027,0.0
2019-01-17,11,0,88,12.44,12.44,0.0,129.108562,0.0
2019-01-17,11,0,89,11.96,11.96,0.0,124.126881,0.0
2019-01-17,11,0,90,16.05,16.05,0.0,166.574954,0.0
2019-01-17,11,0,91,57.27,57.27,0.0,594.376797,0.0
2019-01-17,11,0,92,20.6,20.6,0.0,213.797137,0.0
2019-01-17,11,0,95,9.96,9.96,0.0,271.115362,0.0
2019-01-17,11,0,96,5.36,5.36,0.0,61.107726,0.0
2019-01-17,11,0,97,39.41,39.41,0.0,449.301397,0.0
2019-01-17,11,0,99,0.0,0.0,0.0,0.0,0.0
2019-01-17,11,0,101,7.29,7.29,0.0,83.194697,0.0
2019-01-17,11,0,102,5.99,5.99,0.0,73.949709,0.0
2019-01-17,11,0,103,5.21,5.21,0.0,64.320197,0.0
2019-01-17,11,0,104,0.97,0.97,0.0,11.975162,0.0
2019-01-17,11,0,106,152.69,152.69,0.0,1744.199821,0.0
2019-01-17,11,0,109,44.73,44.73,0.0,551.713477,0.0
2019-01-17,11,0,110,12.25,12.25,0.0,272.996137,0.0
2019-01-17,11,0,111,11.57,11.57,0.0,139.341638,0.0
2019-01-17,11,0,113,11.37,11.37,0.0,109.721989,0.0
2019-01-17,11,0,115,11.37,11.37,0.0,109.721989,0.0
2019-01-17,11,0,116,76.23,76.23,0.0,1698.81596,0.0
2019-01-17,11,0,117,0.76,0.76,0.0,7.3341,0.0
2019-01-17,11,0,119,22.04,22.04,0.0,599.248205,0.0
2019-01-17,11,0,120,12.96,12.96,0.0,352.370995,0.0
2019-01-17,11,0,123,2.54,2.54,0.0,29.014785,0.0
2019-01-17,11,0,125,32.12,32.12,0.0,366.911378,0.0
2019-01-17,11,0,126,114.52,114.52,0.0,1308.178424,0.0
2019-01-17,11,0,127,146.97,146.97,0.0,1678.859439,0.0
2019-01-17,11,0,128,45.99,45.99,0.0,525.350382,0.0
2019-01-17,11,0,131,2.98,2.98,0.0,34.842308,0.0
2019-01-17,11,0,132,4.38,4.38,0.0,51.211178,0.0
2019-01-17,11,0,133,6.67,6.67,0.0,91.915887,0.0
2019-01-17,11,0,134,0.0,0.0,0.0,0.0,0.0
2019-01-17,11,0,135,8.94,8.94,0.0,123.197605,0.0
2019-01-17,11,0,136,0.0,0.0,0.0,0.0,0.0
2019-01-17,11,0,139,4.46,4.46,0.0,53.713371,0.0
2019-01-17,11,0,140,9.07,9.07,0.0,202.128568,0.0
2019-01-17,11,0,141,48.15,48.15,0.0,712.252836,0.0
2019-01-17,11,0,142,261.48,261.48,0.0,3867.910108,0.0
2019-01-17,11,0,143,21.09,21.09,0.0,240.682602,0.0
2019-01-17,11,0,145,26.97,26.97,0.0,317.041965,0.0
2019-01-17,11,0,146,28.53,28.53,0.0,635.802431,0.0
2019-01-17,11,0,152,5.07,5.07,0.0,66.163074,0.0
2019-01-17,11,0,153,6.43,6.43,0.0,83.697054,0.0
2019-01-17,11,0,154,47.74,47.74,0.0,574.949851,0.0
2019-01-17,11,0,157,33.5,33.5,0.0,495.544549,0.0
2019-01-17,11,0,158,182.08,182.08,0.0,2693.395565,0.0
2019-01-17,11,0,159,0.0,0.0,0.0,0.0,0.0
2019-01-17,11,0,160,1.79,1.79,0.0,22.251288,0.0
2019-01-17,11,0,161,38.61,38.61,0.0,476.660811,0.0
2019-01-17,11,0,162,23.15,23.15,0.0,630.259551,0.0
2019-01-17,11,0,163,13.19,13.19,0.0,293.944412,0.0
2019-01-17,11,0,164,13.53,13.53,0.0,154.406619,0.0
2019-01-17,11,0,167,4.04,4.04,0.0,110.004667,0.0
2019-01-17,11,0,168,2.02,2.02,0.0,55.002333,0.0
2019-01-17,11,0,169,0.0,0.0,0.0,0.0,0.0
2019-01-17,11,0,170,4.41,4.41,0.0,120.079352,0.0
2019-01-17,11,0,172,5.27,5.27,0.0,139.83307,0.0
2019-01-17,11,0,173,8.03,8.03,0.0,213.066329,0.0
2019-01-17,11,0,188,7.06,7.06,0.0,189.461119,0.0
2019-01-17,11,0,190,5.96,5.96,0.0,162.047155,0.0
2019-01-17,11,0,191,15.41,15.41,0.0,418.984339,0.0
2019-01-17,11,0,192,46.98,46.98,0.0,1277.344858,0.0
2019-01-17,11,0,194,21.94,21.94,0.0,156.853954,0.0
2019-01-17,11,0,196,4.21,4.21,0.0,106.482193,0.0
2019-01-17,11,0,198,7.99,7.99,0.0,96.019412,0.0
2019-01-17,11,0,199,11.83,11.83,0.0,115.319357,0.0
2019-01-17,11,0,200,13.09,13.09,0.0,127.601893,0.0
2019-01-17,11,0,204,124.39,124.39,0.0,1526.155019,0.0
2019-01-17,11,0,205,292.46,292.46,0.0,3607.290935,0.0
2019-01-17,11,0,206,150.63,150.63,0.0,1717.286714,0.0
2019-01-17,11,0,210,1.73,1.73,0.0,15.942132,0.0
2019-01-17,11,0,214,10.1,10.1,0.0,149.153815,0.0
2019-01-17,11,0,217,7.02,7.02,0.0,86.655451,0.0
2019-01-17,11,0,218,9.69,9.69,0.0,119.614149,0.0
2019-01-17,11,0,219,6.6,6.6,0.0,81.470937,0.0
2019-01-17,11,0,221,5.39,5.39,0.0,79.597927,0.0
2019-01-17,11,0,225,5.38,5.38,0.0,47.960023,0.0
2019-01-17,11,0,233,5.55,5.55,0.0,79.915234,0.0
2019-01-17,11,0,236,8.15,8.15,0.0,109.46535,0.0
2019-01-17,11,0,237,0.0,0.0,0.0,0.0,0.0
2019-01-17,11,0,238,54.41,54.41,0.0,742.344188,0.0
2019-01-17,11,0,240,8.28,8.28,0.0,104.238978,0.0
2019-01-17,11,0,245,10.99,10.99,0.0,152.432294,0.0
2019-01-17,11,0,247,10.38,10.38,0.0,143.971539,0.0
2019-01-17,11,0,248,0.0,0.0,0.0,0.0,0.0
2019-01-17,11,0,249,21.13,21.13,0.0,293.075012,0.0
2019-01-17,11,0,251,0.0,0.0,0.0,0.0,0.0
2019-01-17,11,0,252,0.0,0.0,0.0,0.0,0.0
2019-01-17,11,0,254,12.03,12.03,0.0,150.061894,0.0
2019-01-17,11,0,255,5.52,5.52,0.0,68.85633,0.0
2019-01-17,11,0,258,10.31,10.31,0.0,129.627236,0.0
2019-01-17,11,0,260,4.34,4.34,0.0,53.950049,0.0
2019-01-17,11,0,265,49.43,49.43,0.0,595.303124,0.0
2019-01-17,11,0,266,2.89,2.89,0.0,34.805301,0.0
2019-01-17,11,0,267,3.55,3.55,0.0,42.753916,0.0
2019-01-17,11,0,270,44.62,44.62,0.0,994.3745,0.0
2019-01-17,11,0,272,37.96,37.96,0.0,366.31897,0.0
2019-01-17,11,0,273,18.23,18.23,0.0,406.262822,0.0
2019-01-17,11,0,274,58.26,58.26,0.0,1298.347342,0.0
2019-01-17,11,0,275,82.21,82.21,0.0,1832.082646,0.0
2019-01-17,11,0,276,4.18,4.18,0.0,86.159685,0.0
2019-01-17,11,0,277,5.14,5.14,0.0,51.102633,0.0
2019-01-17,11,0,278,8.22,8.22,0.0,81.724445,0.0
2019-01-17,11,0,279,27.52,27.52,0.0,273.607873,0.0
2019-01-17,11,0,281,5.3,5.3,0.0,60.484485,0.0
2019-01-17,11,0,282,198.57,198.57,0.0,2266.113999,0.0
2019-01-17,12,0,9,2.71,2.71,0.0,21.011537,0.0
2019-01-17,12,0,17,45.52,45.52,0.0,455.458254,0.0
2019-01-17,12,0,19,25.94,25.94,0.0,259.547168,0.0
2019-01-17,12,0,20,31.46,31.46,0.0,314.778486,0.0
2019-01-17,12,0,21,62.06,62.06,0.0,481.171953,0.0
2019-01-17,12,0,22,220.57,220.57,0.0,1710.15304,0.0
2019-01-17,12,0,23,9.58,9.58,0.0,74.276947,0.0
2019-01-17,12,0,24,16.04,16.04,0.0,124.363489,0.0
2019-01-17,12,0,29,7.63,7.63,0.0,68.49312,0.0
2019-01-17,12,0,30,520.76,520.76,0.0,4030.855421,0.0
2019-01-17,12,0,31,8.65,8.65,0.0,66.953874,0.0
2019-01-17,12,0,32,4.66,4.66,0.0,80.466369,0.0
2019-01-17,12,0,33,2.53,2.53,0.0,26.486428,0.0
2019-01-17,12,0,34,4.04,4.04,0.0,42.294533,0.0
2019-01-17,12,0,35,4.04,4.04,0.0,42.294533,0.0
2019-01-17,12,0,36,9.94,9.94,0.0,91.677301,0.0
2019-01-17,12,0,37,4.69,4.69,0.0,43.162268,0.0
2019-01-17,12,0,38,6.03,6.03,0.0,55.494344,0.0
2019-01-17,12,0,39,4.02,4.02,0.0,36.99623,0.0
2019-01-17,12,0,40,4.02,4.02,0.0,36.99623,0.0
2019-01-17,12,0,41,6.44,6.44,0.0,54.394026,0.0
2019-01-17,12,0,42,58.63,58.63,0.0,580.744962,0.0
2019-01-17,12,0,43,30.46,30.46,0.0,282.145593,0.0
2019-01-17,12,0,46,26.91,26.91,0.0,243.635599,0.0
2019-01-17,12,0,52,9.17,9.17,0.0,70.978847,0.0
2019-01-17,12,0,53,14.56,14.56,0.0,112.699238,0.0
2019-01-17,12,0,55,102.53,102.53,0.0,794.949409,0.0
2019-01-17,12,0,56,153.6,153.6,0.0,1188.915033,0.0
2019-01-17,12,0,57,146.11,146.11,0.0,1130.939945,0.0
2019-01-17,12,0,58,280.98,280.98,0.0,2174.878555,0.0
2019-01-17,12,0,59,276.3,276.3,0.0,2138.6538,0.0
2019-01-17,12,0,63,21.66,21.66,0.0,375.446776,0.0
2019-01-17,12,0,64,25.48,25.48,0.0,441.661304,0.0
2019-01-17,12,0,65,0.0,0.0,0.0,0.0,0.0
2019-01-17,12,0,67,281.01,281.01,0.0,2621.528973,0.0
2019-01-17,12,0,68,2.51,2.51,0.0,19.435666,0.0
2019-01-17,12,0,69,2.53,2.53,0.0,26.486428,0.0
2019-01-17,12,0,74,36.4,36.4,0.0,344.67792,0.0
2019-01-17,12,0,77,9.61,9.61,0.0,62.530435,0.0
2019-01-17,12,0,78,7.27,7.27,0.0,47.304502,0.0
2019-01-17,12,0,79,4.2,4.2,0.0,27.328598,0.0
2019-01-17,12,0,80,6.8,6.8,0.0,44.246301,0.0
2019-01-17,12,0,81,8.89,8.89,0.0,57.845532,0.0
2019-01-17,12,0,82,6.27,6.27,0.0,40.797693,0.0
2019-01-17,12,0,83,13.98,13.98,0.0,90.96519,0.0
2019-01-17,12,0,84,0.0,0.0,0.0,0.0,0.0
2019-01-17,12,0,86,12.8,12.8,0.0,134.00248,0.0
2019-01-17,12,0,87,65.33,65.33,0.0,683.936096,0.0
2019-01-17,12,0,88,12.38,12.38,0.0,80.554296,0.0
2019-01-17,12,0,89,11.9,11.9,0.0,77.431027,0.0
2019-01-17,12,0,90,15.98,15.98,0.0,103.978808,0.0
2019-01-17,12,0,91,57.01,57.01,0.0,370.953183,0.0
2019-01-17,12,0,92,20.5,20.5,0.0,133.389585,0.0
2019-01-17,12,0,95,16.28,16.28,0.0,280.123818,0.0
2019-01-17,12,0,96,5.77,5.77,0.0,44.583309,0.0
2019-01-17,12,0,97,35.49,35.49,0.0,274.222123,0.0
2019-01-17,12,0,99,7.03,7.03,0.0,66.568291,0.0
2019-01-17,12,0,101,10.49,10.49,0.0,81.196085,0.0
2019-01-17,12,0,102,5.95,5.95,0.0,46.072594,0.0
2019-01-17,12,0,103,5.18,5.18,0.0,40.110258,0.0
2019-01-17,12,0,104,0.96,0.96,0.0,7.433561,0.0
2019-01-17,12,0,106,217.14,217.14,0.0,1683.559102,0.0
2019-01-17,12,0,109,35.64,35.64,0.0,315.964734,0.0
2019-01-17,12,0,110,0.0,0.0,0.0,0.0,0.0
2019-01-17,12,0,111,15.74,15.74,0.0,132.944406,0.0
2019-01-17,12,0,113,9.39,9.39,0.0,55.487723,0.0
2019-01-17,12,0,115,9.39,9.39,0.0,55.487723,0.0
2019-01-17,12,0,116,106.33,106.33,0.0,1508.264083,0.0
2019-01-17,12,0,117,0.63,0.63,0.0,3.722818,0.0
2019-01-17,12,0,119,25.48,25.48,0.0,441.661304,0.0
2019-01-17,12,0,120,14.98,14.98,0.0,259.658019,0.0
2019-01-17,12,0,123,3.62,3.62,0.0,28.067072,0.0
2019-01-17,12,0,125,14.67,14.67,0.0,113.74142,0.0
2019-01-17,12,0,126,162.85,162.85,0.0,1262.63056,0.0
2019-01-17,12,0,127,208.99,208.99,0.0,1620.369424,0.0
2019-01-17,12,0,128,20.12,20.12,0.0,155.997095,0.0
2019-01-17,12,0,131,2.44,2.44,0.0,17.860342,0.0
2019-01-17,12,0,132,3.59,3.59,0.0,26.278126,0.0
2019-01-17,12,0,133,6.72,6.72,0.0,67.249936,0.0
2019-01-17,12,0,134,0.0,0.0,0.0,0.0,0.0
2019-01-17,12,0,135,9.0,9.0,0.0,90.066878,0.0
2019-01-17,12,0,136,0.0,0.0,0.0,0.0,0.0
2019-01-17,12,0,139,8.32,8.32,0.0,70.273028,0.0
2019-01-17,12,0,140,0.0,0.0,0.0,0.0,0.0
2019-01-17,12,0,141,35.66,35.66,0.0,332.67045,0.0
2019-01-17,12,0,142,370.58,370.58,0.0,3457.123259,0.0
2019-01-17,12,0,143,18.23,18.23,0.0,141.106257,0.0
2019-01-17,12,0,145,14.93,14.93,0.0,121.802714,0.0
2019-01-17,12,0,146,36.57,36.57,0.0,518.736175,0.0
2019-01-17,12,0,152,7.07,7.07,0.0,66.966091,0.0
2019-01-17,12,0,153,8.98,8.98,0.0,84.840039,0.0
2019-01-17,12,0,154,64.94,64.94,0.0,548.501251,0.0
2019-01-17,12,0,157,33.41,33.41,0.0,311.680307,0.0
2019-01-17,12,0,158,257.48,257.48,0.0,2402.018718,0.0
2019-01-17,12,0,159,0.0,0.0,0.0,0.0,0.0
2019-01-17,12,0,160,2.4,2.4,0.0,22.750584,0.0
2019-01-17,12,0,161,54.46,54.46,0.0,421.69974,0.0
2019-01-17,12,0,162,37.71,37.71,0.0,649.080343,0.0
2019-01-17,12,0,163,18.83,18.83,0.0,267.098774,0.0
2019-01-17,12,0,164,19.46,19.46,0.0,150.626866,0.0
2019-01-17,12,0,167,5.4,5.4,0.0,92.93157,0.0
2019-01-17,12,0,168,2.7,2.7,0.0,46.465785,0.0
2019-01-17,12,0,169,0.0,0.0,0.0,0.0,0.0
2019-01-17,12,0,170,5.9,5.9,0.0,101.536345,0.0
2019-01-17,12,0,172,6.97,6.97,0.0,114.577488,0.0
2019-01-17,12,0,173,10.62,10.62,0.0,174.578612,0.0
2019-01-17,12,0,188,9.64,9.64,0.0,162.911872,0.0
2019-01-17,12,0,190,8.25,8.25,0.0,143.002581,0.0
2019-01-17,12,0,191,21.32,21.32,0.0,369.553336,0.0
2019-01-17,12,0,192,48.9,48.9,0.0,847.615297,0.0
2019-01-17,12,0,194,27.92,27.92,0.0,116.465354,0.0
2019-01-17,12,0,196,5.78,5.78,0.0,93.341012,0.0
2019-01-17,12,0,198,10.52,10.52,0.0,102.521842,0.0
2019-01-17,12,0,199,29.92,29.92,0.0,258.97815,0.0
2019-01-17,12,0,200,17.73,17.73,0.0,153.465328,0.0
2019-01-17,12,0,204,148.43,148.43,0.0,1307.236469,0.0
2019-01-17,12,0,205,188.55,188.55,0.0,1671.581106,0.0
2019-01-17,12,0,206,104.27,104.27,0.0,805.667532,0.0
2019-01-17,12,0,210,2.21,2.21,0.0,20.152692,0.0
2019-01-17,12,0,214,13.3,13.3,0.0,142.886381,0.0
2019-01-17,12,0,217,9.09,9.09,0.0,91.235139,0.0
2019-01-17,12,0,218,12.55,12.55,0.0,125.962705,0.0
2019-01-17,12,0,219,8.55,8.55,0.0,85.81523,0.0
2019-01-17,12,0,221,7.09,7.09,0.0,76.170259,0.0
2019-01-17,12,0,225,6.81,6.81,0.0,61.03871,0.0
2019-01-17,12,0,233,7.24,7.24,0.0,75.795153,0.0
2019-01-17,12,0,236,43.48,43.48,0.0,423.900715,0.0
2019-01-17,12,0,237,87.31,87.31,0.0,826.753549,0.0
2019-01-17,12,0,238,76.31,76.31,0.0,755.869829,0.0
2019-01-17,12,0,240,11.26,11.26,0.0,103.851752,0.0
2019-01-17,12,0,245,13.71,13.71,0.0,138.118255,0.0
2019-01-17,12,0,247,22.39,22.39,0.0,225.562927,0.0
2019-01-17,12,0,248,8.76,8.76,0.0,82.949961,0.0
2019-01-17,12,0,249,26.36,26.36,0.0,265.557783,0.0
2019-01-17,12,0,251,0.0,0.0,0.0,0.0,0.0
2019-01-17,12,0,252,0.0,0.0,0.0,0.0,0.0
2019-01-17,12,0,254,16.38,16.38,0.0,152.615285,0.0
2019-01-17,12,0,255,7.51,7.51,0.0,69.971965,0.0
2019-01-17,12,0,258,13.94,13.94,0.0,128.65908,0.0
2019-01-17,12,0,260,5.83,5.83,0.0,55.26496,0.0
2019-01-17,12,0,265,67.23,67.23,0.0,567.843226,0.0
2019-01-17,12,0,266,5.39,5.39,0.0,45.525435,0.0
2019-01-17,12,0,267,6.62,6.62,0.0,55.914356,0.0
2019-01-17,12,0,270,58.79,58.79,0.0,833.92124,0.0
2019-01-17,12,0,272,31.39,31.39,0.0,185.490908,0.0
2019-01-17,12,0,273,25.43,25.43,0.0,360.718101,0.0
2019-01-17,12,0,274,75.79,75.79,0.0,1075.061929,0.0
2019-01-17,12,0,275,105.5,105.5,0.0,1496.490744,0.0
2019-01-17,12,0,276,5.8,5.8,0.0,75.983191,0.0
2019-01-17,12,0,277,7.12,7.12,0.0,43.779545,0.0
2019-01-17,12,0,278,11.39,11.39,0.0,70.034974,0.0
2019-01-17,12,0,279,36.27,36.27,0.0,223.017428,0.0
2019-01-17,12,0,281,3.88,3.88,0.0,30.032489,0.0
2019-01-17,12,0,282,285.67,285.67,0.0,2211.180713,0.0
2019-01-17,13,0,9,3.24,3.24,0.0,16.696433,0.0
2019-01-17,13,0,17,52.72,52.72,0.0,472.75494,0.0
2019-01-17,13,0,19,26.3,26.3,0.0,235.839433,0.0
2019-01-17,13,0,20,31.89,31.89,0.0,285.966522,0.0
2019-01-17,13,0,21,74.16,74.16,0.0,382.16279,0.0
2019-01-17,13,0,22,263.56,263.56,0.0,1358.182644,0.0
2019-01-17,13,0,23,10.87,10.87,0.0,56.015501,0.0
2019-01-17,13,0,24,18.98,18.98,0.0,97.808114,0.0
2019-01-17,13,0,29,8.06,8.06,0.0,68.113517,0.0
2019-01-17,13,0,30,615.18,615.18,0.0,3156.087834,0.0
2019-01-17,13,0,31,5.64,5.64,0.0,28.935166,0.0
2019-01-17,13,0,32,5.43,5.43,0.0,128.719905,0.0
2019-01-17,13,0,33,3.04,3.04,0.0,29.510036,0.0
2019-01-17,13,0,34,4.86,4.86,0.0,47.177228,0.0
2019-01-17,13,0,35,4.86,4.86,0.0,47.177228,0.0
2019-01-17,13,0,36,11.72,11.72,0.0,90.980129,0.0
2019-01-17,13,0,37,5.59,5.59,0.0,43.25641,0.0
2019-01-17,13,0,38,7.19,7.19,0.0,55.637493,0.0
2019-01-17,13,0,39,4.8,4.8,0.0,37.14325,0.0
2019-01-17,13,0,40,4.8,4.8,0.0,37.14325,0.0
2019-01-17,13,0,41,10.85,10.85,0.0,69.012795,0.0
2019-01-17,13,0,42,67.74,67.74,0.0,596.578005,0.0
2019-01-17,13,0,43,35.41,35.41,0.0,278.908185,0.0
2019-01-17,13,0,46,31.68,31.68,0.0,237.092722,0.0
2019-01-17,13,0,52,5.98,5.98,0.0,30.679484,0.0
2019-01-17,13,0,53,9.51,9.51,0.0,48.789615,0.0
2019-01-17,13,0,55,102.36,102.36,0.0,527.483592,0.0
2019-01-17,13,0,56,181.46,181.46,0.0,930.953052,0.0
2019-01-17,13,0,57,172.6,172.6,0.0,885.498163,0.0
2019-01-17,13,0,58,331.93,331.93,0.0,1702.916601,0.0
2019-01-17,13,0,59,326.4,326.4,0.0,1674.545774,0.0
2019-01-17,13,0,63,26.24,26.24,0.0,625.083746,0.0
2019-01-17,13,0,64,30.87,30.87,0.0,735.37863,0.0
2019-01-17,13,0,65,0.89,0.89,0.0,7.95436,0.0
2019-01-17,13,0,67,341.62,341.62,0.0,2872.263791,0.0
2019-01-17,13,0,68,3.18,3.18,0.0,17.024285,0.0
2019-01-17,13,0,69,3.04,3.04,0.0,29.510036,0.0
2019-01-17,13,0,74,161.27,161.27,0.0,1306.871066,0.0
2019-01-17,13,0,77,9.73,9.73,0.0,28.782096,0.0
2019-01-17,13,0,78,7.36,7.36,0.0,21.771452,0.0
2019-01-17,13,0,79,4.26,4.26,0.0,12.601411,0.0
2019-01-17,13,0,80,6.88,6.88,0.0,20.351575,0.0
2019-01-17,13,0,81,9.0,9.0,0.0,26.6227,0.0
2019-01-17,13,0,82,6.35,6.35,0.0,18.783794,0.0
2019-01-17,13,0,83,14.16,14.16,0.0,41.886381,0.0
2019-01-17,13,0,84,0.0,0.0,0.0,0.0,0.0
2019-01-17,13,0,86,15.39,15.39,0.0,149.394557,0.0
2019-01-17,13,0,87,78.56,78.56,0.0,762.601453,0.0
2019-01-17,13,0,88,14.71,14.71,0.0,43.513324,0.0
2019-01-17,13,0,89,14.14,14.14,0.0,41.827219,0.0
2019-01-17,13,0,90,18.98,18.98,0.0,56.144316,0.0
2019-01-17,13,0,91,67.72,67.72,0.0,200.321025,0.0
2019-01-17,13,0,92,24.36,24.36,0.0,72.058774,0.0
2019-01-17,13,0,95,34.73,34.73,0.0,819.248797,0.0
2019-01-17,13,0,96,6.77,6.77,0.0,34.570638,0.0
2019-01-17,13,0,97,41.62,41.62,0.0,212.530272,0.0
2019-01-17,13,0,99,31.13,31.13,0.0,252.265742,0.0
2019-01-17,13,0,101,12.39,12.39,0.0,63.565019,0.0
2019-01-17,13,0,102,7.53,7.53,0.0,40.312223,0.0
2019-01-17,13,0,103,6.55,6.55,0.0,35.065745,0.0
2019-01-17,13,0,104,1.22,1.22,0.0,6.53133,0.0
2019-01-17,13,0,106,259.45,259.45,0.0,1337.00291,0.0
2019-01-17,13,0,109,42.56,42.56,0.0,302.961685,0.0
2019-01-17,13,0,110,0.0,0.0,0.0,0.0,0.0
2019-01-17,13,0,111,19.29,19.29,0.0,122.696481,0.0
2019-01-17,13,0,113,15.59,15.59,0.0,28.879231,0.0
2019-01-17,13,0,115,15.59,15.59,0.0,28.879231,0.0
2019-01-17,13,0,116,124.42,124.42,0.0,2209.796628,0.0
2019-01-17,13,0,117,1.04,1.04,0.0,1.926517,0.0
2019-01-17,13,0,119,30.87,30.87,0.0,735.37863,0.0
2019-01-17,13,0,120,18.15,18.15,0.0,432.365472,0.0
2019-01-17,13,0,123,4.32,4.32,0.0,22.26191,0.0
2019-01-17,13,0,125,17.23,17.23,0.0,88.789979,0.0
2019-01-17,13,0,126,194.59,194.59,0.0,1002.765065,0.0
2019-01-17,13,0,127,249.72,249.72,0.0,1286.86208,0.0
2019-01-17,13,0,128,24.33,24.33,0.0,125.377841,0.0
2019-01-17,13,0,131,2.43,2.43,0.0,11.026998,0.0
2019-01-17,13,0,132,3.58,3.58,0.0,16.245537,0.0
2019-01-17,13,0,133,7.43,7.43,0.0,66.64774,0.0
2019-01-17,13,0,134,0.0,0.0,0.0,0.0,0.0
2019-01-17,13,0,135,9.95,9.95,0.0,89.252357,0.0
2019-01-17,13,0,136,0.0,0.0,0.0,0.0,0.0
2019-01-17,13,0,139,14.01,14.01,0.0,89.112374,0.0
2019-01-17,13,0,140,0.0,0.0,0.0,0.0,0.0
2019-01-17,13,0,141,28.73,28.73,0.0,241.55535,0.0
2019-01-17,13,0,142,450.51,450.51,0.0,3787.786314,0.0
2019-01-17,13,0,143,15.69,15.69,0.0,80.495169,0.0
2019-01-17,13,0,145,30.28,30.28,0.0,177.701397,0.0
2019-01-17,13,0,146,51.02,51.02,0.0,906.155151,0.0
2019-01-17,13,0,152,8.83,8.83,0.0,71.688723,0.0
2019-01-17,13,0,153,11.01,11.01,0.0,88.965025,0.0
2019-01-17,13,0,154,79.56,79.56,0.0,506.051427,0.0
2019-01-17,13,0,157,33.61,33.61,0.0,282.585288,0.0
2019-01-17,13,0,158,322.1,322.1,0.0,2708.14404,0.0
2019-01-17,13,0,159,0.0,0.0,0.0,0.0,0.0
2019-01-17,13,0,160,2.76,2.76,0.0,23.006927,0.0
2019-01-17,13,0,161,65.46,65.46,0.0,350.443308,0.0
2019-01-17,13,0,162,73.64,73.64,0.0,1737.905369,0.0
2019-01-17,13,0,163,15.17,15.17,0.0,269.431079,0.0
2019-01-17,13,0,164,23.04,23.04,0.0,118.203231,0.0
2019-01-17,13,0,167,6.23,6.23,0.0,146.996389,0.0
2019-01-17,13,0,168,3.12,3.12,0.0,73.616169,0.0
2019-01-17,13,0,169,0.0,0.0,0.0,0.0,0.0
2019-01-17,13,0,170,6.82,6.82,0.0,160.917396,0.0
2019-01-17,13,0,172,8.22,8.22,0.0,181.948509,0.0
2019-01-17,13,0,173,12.52,12.52,0.0,277.128386,0.0
2019-01-17,13,0,188,11.22,11.22,0.0,258.096111,0.0
2019-01-17,13,0,190,9.61,9.61,0.0,228.927393,0.0
2019-01-17,13,0,191,24.82,24.82,0.0,591.256806,0.0
2019-01-17,13,0,192,51.5,51.5,0.0,1226.822139,0.0
2019-01-17,13,0,194,38.37,38.37,0.0,-55.736519,0.0
2019-01-17,13,0,196,6.62,6.62,0.0,142.585639,0.0
2019-01-17,13,0,198,12.19,12.19,0.0,109.852292,0.0
2019-01-17,13,0,199,36.13,36.13,0.0,264.896952,0.0
2019-01-17,13,0,200,20.99,20.99,0.0,153.893912,0.0
2019-01-17,13,0,204,189.73,189.73,0.0,1332.092552,0.0
2019-01-17,13,0,205,225.16,225.16,0.0,1602.792598,0.0
2019-01-17,13,0,206,122.29,122.29,0.0,624.467251,0.0
2019-01-17,13,0,210,2.59,2.59,0.0,22.404576,0.0
2019-01-17,13,0,214,15.66,15.66,0.0,158.875195,0.0
2019-01-17,13,0,217,10.5,10.5,0.0,99.729675,0.0
2019-01-17,13,0,218,14.49,14.49,0.0,137.626952,0.0
2019-01-17,13,0,219,9.87,9.87,0.0,93.745895,0.0
2019-01-17,13,0,221,8.35,8.35,0.0,84.713147,0.0
2019-01-17,13,0,225,7.59,7.59,0.0,63.995327,0.0
2019-01-17,13,0,233,8.71,8.71,0.0,84.550136,0.0
2019-01-17,13,0,236,255.92,255.92,0.0,2190.382943,0.0
2019-01-17,13,0,237,386.86,386.86,0.0,3134.967077,0.0
2019-01-17,13,0,238,88.16,88.16,0.0,776.414481,0.0
2019-01-17,13,0,240,13.28,13.28,0.0,103.090112,0.0
2019-01-17,13,0,245,19.94,19.94,0.0,180.992348,0.0
2019-01-17,13,0,247,42.75,42.75,0.0,388.03525,0.0
2019-01-17,13,0,248,38.83,38.83,0.0,314.663629,0.0
2019-01-17,13,0,249,38.35,38.35,0.0,348.097119,0.0
2019-01-17,13,0,251,6.48,6.48,0.0,57.597884,0.0
2019-01-17,13,0,252,5.74,5.74,0.0,51.301151,0.0
2019-01-17,13,0,254,19.8,19.8,0.0,158.23751,0.0
2019-01-17,13,0,255,9.07,9.07,0.0,72.485566,0.0
2019-01-17,13,0,258,16.35,16.35,0.0,127.222253,0.0
2019-01-17,13,0,260,6.71,6.71,0.0,55.933508,0.0
2019-01-17,13,0,265,82.37,82.37,0.0,523.924787,0.0
2019-01-17,13,0,266,9.07,9.07,0.0,57.69088,0.0
2019-01-17,13,0,267,11.15,11.15,0.0,70.920983,0.0
2019-01-17,13,0,270,47.2,47.2,0.0,838.30896,0.0
2019-01-17,13,0,272,52.09,52.09,0.0,96.492567,0.0
2019-01-17,13,0,273,29.75,29.75,0.0,528.383296,0.0
2019-01-17,13,0,274,60.82,60.82,0.0,1080.210825,0.0
2019-01-17,13,0,275,84.62,84.62,0.0,1502.917462,0.0
2019-01-17,13,0,276,6.87,6.87,0.0,107.669756,0.0
2019-01-17,13,0,277,8.55,8.55,0.0,19.628202,0.0
2019-01-17,13,0,278,13.68,13.68,0.0,31.405123,0.0
2019-01-17,13,0,279,81.96,81.96,0.0,188.155255,0.0
2019-01-17,13,0,281,2.53,2.53,0.0,12.979782,0.0
2019-01-17,13,0,282,337.46,337.46,0.0,1731.287429,0.0
2019-01-17,14,0,9,3.39,3.39,0.0,24.439217,0.0
2019-01-17,14,0,17,53.27,53.27,0.0,510.616543,0.0
2019-01-17,14,0,19,14.38,14.38,0.0,137.838669,0.0
2019-01-17,14,0,20,17.44,17.44,0.0,167.170124,0.0
2019-01-17,14,0,21,77.53,77.53,0.0,558.929938,0.0
2019-01-17,14,0,22,275.53,275.53,0.0,1986.353229,0.0
2019-01-17,14,0,23,4.97,4.97,0.0,35.829766,0.0
2019-01-17,14,0,24,8.55,8.55,0.0,61.638733,0.0
2019-01-17,14,0,29,8.19,8.19,0.0,69.174198,0.0
2019-01-17,14,0,30,644.99,644.99,0.0,4641.043789,0.0
2019-01-17,14,0,31,3.06,3.06,0.0,22.018317,0.0
2019-01-17,14,0,32,5.55,5.55,0.0,95.124299,0.0
2019-01-17,14,0,33,3.17,3.17,0.0,31.941399,0.0
2019-01-17,14,0,34,5.08,5.08,0.0,51.186848,0.0
2019-01-17,14,0,35,5.08,5.08,0.0,51.186848,0.0
2019-01-17,14,0,36,12.24,12.24,0.0,107.154914,0.0
2019-01-17,14,0,37,5.78,5.78,0.0,50.476457,0.0
2019-01-17,14,0,38,7.44,7.44,0.0,64.973156,0.0
2019-01-17,14,0,39,4.96,4.96,0.0,43.315438,0.0
2019-01-17,14,0,40,4.96,4.96,0.0,43.315438,0.0
2019-01-17,14,0,41,7.98,7.98,0.0,63.351431,0.0
2019-01-17,14,0,42,71.0,71.0,0.0,673.014292,0.0
2019-01-17,14,0,43,37.05,37.05,0.0,325.832165,0.0
2019-01-17,14,0,46,32.6,32.6,0.0,279.560427,0.0
2019-01-17,14,0,52,3.24,3.24,0.0,23.313512,0.0
2019-01-17,14,0,53,5.15,5.15,0.0,37.056971,0.0
2019-01-17,14,0,55,69.94,69.94,0.0,504.212045,0.0
2019-01-17,14,0,56,190.25,190.25,0.0,1368.949256,0.0
2019-01-17,14,0,57,180.97,180.97,0.0,1302.174754,0.0
2019-01-17,14,0,58,348.02,348.02,0.0,2504.187754,0.0
2019-01-17,14,0,59,342.22,342.22,0.0,2462.45369,0.0
2019-01-17,14,0,63,14.36,14.36,0.0,247.123341,0.0
2019-01-17,14,0,64,16.9,16.9,0.0,290.834573,0.0
2019-01-17,14,0,65,0.0,0.0,0.0,0.0,0.0
2019-01-17,14,0,67,355.0,355.0,0.0,3140.241658,0.0
2019-01-17,14,0,68,0.83,0.83,0.0,5.966931,0.0
2019-01-17,14,0,69,3.17,3.17,0.0,31.941399,0.0
2019-01-17,14,0,74,110.86,110.86,0.0,999.675948,0.0
2019-01-17,14,0,77,6.19,6.19,0.0,36.507479,0.0
2019-01-17,14,0,78,4.68,4.68,0.0,27.601777,0.0
2019-01-17,14,0,79,2.71,2.71,0.0,15.98308,0.0
2019-01-17,14,0,80,4.38,4.38,0.0,25.832433,0.0
2019-01-17,14,0,81,5.73,5.73,0.0,33.794484,0.0
2019-01-17,14,0,82,4.04,4.04,0.0,23.827175,0.0
2019-01-17,14,0,83,9.01,9.01,0.0,53.139319,0.0
2019-01-17,14,0,84,0.0,0.0,0.0,0.0,0.0
2019-01-17,14,0,86,16.08,16.08,0.0,162.024512,0.0
2019-01-17,14,0,87,82.11,82.11,0.0,827.352779,0.0
2019-01-17,14,0,88,8.19,8.19,0.0,48.30311,0.0
2019-01-17,14,0,89,7.87,7.87,0.0,46.415809,0.0
2019-01-17,14,0,90,10.57,10.57,0.0,62.339912,0.0
2019-01-17,14,0,91,37.71,37.71,0.0,222.406629,0.0
2019-01-17,14,0,92,13.56,13.56,0.0,79.97438,0.0
2019-01-17,14,0,95,38.37,38.37,0.0,655.202619,0.0
2019-01-17,14,0,96,3.99,3.99,0.0,28.653112,0.0
2019-01-17,14,0,97,26.78,26.78,0.0,192.313368,0.0
2019-01-17,14,0,99,21.4,21.4,0.0,192.973708,0.0
2019-01-17,14,0,101,12.99,12.99,0.0,93.469912,0.0
2019-01-17,14,0,102,1.96,1.96,0.0,14.090583,0.0
2019-01-17,14,0,103,1.71,1.71,0.0,12.293315,0.0
2019-01-17,14,0,104,0.32,0.32,0.0,2.300503,0.0
2019-01-17,14,0,106,271.23,271.23,0.0,1955.353632,0.0
2019-01-17,14,0,109,29.78,29.78,0.0,249.523677,0.0
2019-01-17,14,0,110,23.13,23.13,0.0,321.947081,0.0
2019-01-17,14,0,111,20.82,20.82,0.0,165.285314,0.0
2019-01-17,14,0,113,7.52,7.52,0.0,39.64158,0.0
2019-01-17,14,0,115,7.52,7.52,0.0,39.64158,0.0
2019-01-17,14,0,116,127.15,127.15,0.0,1769.804209,0.0
2019-01-17,14,0,117,0.5,0.5,0.0,2.635743,0.0
2019-01-17,14,0,119,16.9,16.9,0.0,290.834573,0.0
2019-01-17,14,0,120,9.93,9.93,0.0,170.886823,0.0
2019-01-17,14,0,123,4.52,4.52,0.0,32.585623,0.0
2019-01-17,14,0,125,7.79,7.79,0.0,56.159735,0.0
2019-01-17,14,0,126,203.42,203.42,0.0,1466.497201,0.0
2019-01-17,14,0,127,261.06,261.06,0.0,1882.035981,0.0
2019-01-17,14,0,128,10.81,10.81,0.0,77.931544,0.0
2019-01-17,14,0,131,1.73,1.73,0.0,11.671662,0.0
2019-01-17,14,0,132,2.54,2.54,0.0,17.136428,0.0
2019-01-17,14,0,133,4.98,4.98,0.0,47.744777,0.0
2019-01-17,14,0,134,0.0,0.0,0.0,0.0,0.0
2019-01-17,14,0,135,6.68,6.68,0.0,64.043194,0.0
2019-01-17,14,0,136,0.0,0.0,0.0,0.0,0.0
2019-01-17,14,0,139,10.3,10.3,0.0,81.769391,0.0
2019-01-17,14,0,140,17.12,17.12,0.0,238.293732,0.0
2019-01-17,14,0,141,19.53,19.53,0.0,172.75752,0.0
2019-01-17,14,0,142,468.15,468.15,0.0,4141.138401,0.0
2019-01-17,14,0,143,6.15,6.15,0.0,44.252499,0.0
2019-01-17,14,0,145,10.13,10.13,0.0,77.343522,0.0
2019-01-17,14,0,146,72.93,72.93,0.0,1015.114597,0.0
2019-01-17,14,0,152,9.45,9.45,0.0,85.237473,0.0
2019-01-17,14,0,153,11.67,11.67,0.0,104.962236,0.0
2019-01-17,14,0,154,85.89,85.89,0.0,681.861459,0.0
2019-01-17,14,0,157,54.08,54.08,0.0,478.378222,0.0
2019-01-17,14,0,158,343.93,343.93,0.0,3042.319193,0.0
2019-01-17,14,0,159,0.0,0.0,0.0,0.0,0.0
2019-01-17,14,0,160,2.87,2.87,0.0,25.884037,0.0
2019-01-17,14,0,161,67.14,67.14,0.0,482.674362,0.0
2019-01-17,14,0,162,63.89,63.89,0.0,1091.367401,0.0
2019-01-17,14,0,163,4.57,4.57,0.0,63.609951,0.0
2019-01-17,14,0,164,24.87,24.87,0.0,178.952788,0.0
2019-01-17,14,0,167,6.23,6.23,0.0,106.401909,0.0
2019-01-17,14,0,168,3.11,3.11,0.0,53.11556,0.0
2019-01-17,14,0,169,0.0,0.0,0.0,0.0,0.0
2019-01-17,14,0,170,6.81,6.81,0.0,116.307704,0.0
2019-01-17,14,0,172,8.33,8.33,0.0,135.549575,0.0
2019-01-17,14,0,173,12.69,12.69,0.0,206.497491,0.0
2019-01-17,14,0,188,11.26,11.26,0.0,188.659738,0.0
2019-01-17,14,0,190,9.72,9.72,0.0,167.272902,0.0
2019-01-17,14,0,191,25.12,25.12,0.0,432.293755,0.0
2019-01-17,14,0,192,17.75,17.75,0.0,305.462347,0.0
2019-01-17,14,0,194,22.4,22.4,0.0,77.368563,0.0
2019-01-17,14,0,196,6.71,6.71,0.0,107.168506,0.0
2019-01-17,14,0,198,12.54,12.54,0.0,116.491319,0.0
2019-01-17,14,0,199,64.12,64.12,0.0,521.464677,0.0
2019-01-17,14,0,200,21.53,21.53,0.0,175.095672,0.0
2019-01-17,14,0,204,136.43,136.43,0.0,1134.725027,0.0
2019-01-17,14,0,205,157.53,157.53,0.0,1319.9283,0.0
2019-01-17,14,0,206,94.79,94.79,0.0,680.708894,0.0
2019-01-17,14,0,210,2.61,2.61,0.0,22.440353,0.0
2019-01-17,14,0,214,15.74,15.74,0.0,163.173534,0.0
2019-01-17,14,0,217,10.59,10.59,0.0,101.636157,0.0
2019-01-17,14,0,218,14.61,14.61,0.0,140.217587,0.0
2019-01-17,14,0,219,9.95,9.95,0.0,95.493839,0.0
2019-01-17,14,0,221,8.4,8.4,0.0,87.081174,0.0
2019-01-17,14,0,225,7.77,7.77,0.0,65.513003,0.0
2019-01-17,14,0,233,9.1,9.1,0.0,91.692976,0.0
2019-01-17,14,0,236,90.1,90.1,0.0,839.179498,0.0
2019-01-17,14,0,237,265.93,265.93,0.0,2398.013935,0.0
2019-01-17,14,0,238,92.41,92.41,0.0,875.961278,0.0
2019-01-17,14,0,240,13.87,13.87,0.0,121.424727,0.0
2019-01-17,14,0,245,10.09,10.09,0.0,97.450262,0.0
2019-01-17,14,0,247,17.13,17.13,0.0,165.443309,0.0
2019-01-17,14,0,248,26.7,26.7,0.0,240.766262,0.0
2019-01-17,14,0,249,19.39,19.39,0.0,187.270623,0.0
2019-01-17,14,0,251,7.15,7.15,0.0,68.162683,0.0
2019-01-17,14,0,252,0.0,0.0,0.0,0.0,0.0
2019-01-17,14,0,254,20.25,20.25,0.0,179.226874,0.0
2019-01-17,14,0,255,9.28,9.28,0.0,82.134587,0.0
2019-01-17,14,0,258,17.03,17.03,0.0,149.198659,0.0
2019-01-17,14,0,260,6.96,6.96,0.0,62.771045,0.0
2019-01-17,14,0,265,88.92,88.92,0.0,705.91595,0.0
2019-01-17,14,0,266,6.67,6.67,0.0,52.951635,0.0
2019-01-17,14,0,267,8.2,8.2,0.0,65.097962,0.0
2019-01-17,14,0,270,15.88,15.88,0.0,221.03414,0.0
2019-01-17,14,0,272,25.14,25.14,0.0,132.525175,0.0
2019-01-17,14,0,273,30.41,30.41,0.0,423.277593,0.0
2019-01-17,14,0,274,21.19,21.19,0.0,294.94417,0.0
2019-01-17,14,0,275,30.82,30.82,0.0,428.984394,0.0
2019-01-17,14,0,276,6.99,6.99,0.0,89.376035,0.0
2019-01-17,14,0,277,8.87,8.87,0.0,48.985392,0.0
2019-01-17,14,0,278,14.19,14.19,0.0,78.365582,0.0
2019-01-17,14,0,279,25.12,25.12,0.0,138.727513,0.0
2019-01-17,14,0,281,1.37,1.37,0.0,9.857874,0.0
2019-01-17,14,0,282,353.82,353.82,0.0,2545.921818,0.0
2019-01-17,15,0,9,3.2,3.2,0.0,24.958838,0.0
2019-01-17,15,0,17,50.9,50.9,0.0,487.421186,0.0
2019-01-17,15,0,19,10.76,10.76,0.0,103.038349,0.0
2019-01-17,15,0,20,13.05,13.05,0.0,124.967514,0.0
2019-01-17,15,0,21,73.22,73.22,0.0,571.089416,0.0
2019-01-17,15,0,22,260.23,260.23,0.0,2029.699518,0.0
2019-01-17,15,0,23,3.71,3.71,0.0,28.936653,0.0
2019-01-17,15,0,24,6.57,6.57,0.0,51.243615,0.0
2019-01-17,15,0,29,7.43,7.43,0.0,68.48906,0.0
2019-01-17,15,0,30,605.12,605.12,0.0,4713.319821,0.0
2019-01-17,15,0,31,0.0,0.0,0.0,0.0,0.0
2019-01-17,15,0,32,5.06,5.06,0.0,82.003283,0.0
2019-01-17,15,0,33,2.98,2.98,0.0,29.576413,0.0
2019-01-17,15,0,34,4.76,4.76,0.0,47.242861,0.0
2019-01-17,15,0,35,4.76,4.76,0.0,47.242861,0.0
2019-01-17,15,0,36,11.63,11.63,0.0,104.710472,0.0
2019-01-17,15,0,37,5.47,5.47,0.0,49.18141,0.0
2019-01-17,15,0,38,7.04,7.04,0.0,63.297464,0.0
2019-01-17,15,0,39,4.69,4.69,0.0,42.168339,0.0
2019-01-17,15,0,40,4.69,4.69,0.0,42.168339,0.0
2019-01-17,15,0,41,9.61,9.61,0.0,80.32741,0.0
2019-01-17,15,0,42,68.09,68.09,0.0,646.883731,0.0
2019-01-17,15,0,43,34.89,34.89,0.0,315.824172,0.0
2019-01-17,15,0,46,30.62,30.62,0.0,271.686803,0.0
2019-01-17,15,0,52,0.0,0.0,0.0,0.0,0.0
2019-01-17,15,0,53,0.0,0.0,0.0,0.0,0.0
2019-01-17,15,0,55,45.18,45.18,0.0,352.387596,0.0
2019-01-17,15,0,56,178.49,178.49,0.0,1390.27045,0.0
2019-01-17,15,0,57,169.78,169.78,0.0,1322.427682,0.0
2019-01-17,15,0,58,326.5,326.5,0.0,2543.130159,0.0
2019-01-17,15,0,59,321.06,321.06,0.0,2500.757638,0.0
2019-01-17,15,0,63,7.5,7.5,0.0,121.950044,0.0
2019-01-17,15,0,64,8.82,8.82,0.0,143.413251,0.0
2019-01-17,15,0,65,1.21,1.21,0.0,11.570026,0.0
2019-01-17,15,0,67,333.5,333.5,0.0,3087.943508,0.0
2019-01-17,15,0,68,0.71,0.71,0.0,5.589184,0.0
2019-01-17,15,0,69,2.98,2.98,0.0,29.576413,0.0
2019-01-17,15,0,74,71.68,71.68,0.0,657.269769,0.0
2019-01-17,15,0,77,3.83,3.83,0.0,25.987798,0.0
2019-01-17,15,0,78,2.9,2.9,0.0,19.677445,0.0
2019-01-17,15,0,79,1.68,1.68,0.0,11.399348,0.0
2019-01-17,15,0,80,2.71,2.71,0.0,18.388233,0.0
2019-01-17,15,0,81,3.55,3.55,0.0,24.087907,0.0
2019-01-17,15,0,82,2.5,2.5,0.0,16.963315,0.0
2019-01-17,15,0,83,5.58,5.58,0.0,37.862119,0.0
2019-01-17,15,0,84,0.0,0.0,0.0,0.0,0.0
2019-01-17,15,0,86,15.08,15.08,0.0,149.66856,0.0
2019-01-17,15,0,87,76.98,76.98,0.0,764.024255,0.0
2019-01-17,15,0,88,4.09,4.09,0.0,27.751983,0.0
2019-01-17,15,0,89,3.93,3.93,0.0,26.666331,0.0
2019-01-17,15,0,90,5.27,5.27,0.0,35.758668,0.0
2019-01-17,15,0,91,18.81,18.81,0.0,127.631981,0.0
2019-01-17,15,0,92,6.76,6.76,0.0,45.868803,0.0
2019-01-17,15,0,95,44.38,44.38,0.0,716.883915,0.0
2019-01-17,15,0,96,1.88,1.88,0.0,14.622676,0.0
2019-01-17,15,0,97,11.58,11.58,0.0,90.06946,0.0
2019-01-17,15,0,99,13.83,13.83,0.0,126.814187,0.0
2019-01-17,15,0,101,12.19,12.19,0.0,94.948719,0.0
2019-01-17,15,0,102,1.69,1.69,0.0,13.303833,0.0
2019-01-17,15,0,103,1.47,1.47,0.0,11.571973,0.0
2019-01-17,15,0,104,0.27,0.27,0.0,2.125464,0.0
2019-01-17,15,0,106,256.18,256.18,0.0,1998.110988,0.0
2019-01-17,15,0,109,20.12,20.12,0.0,175.186663,0.0
2019-01-17,15,0,110,82.57,82.57,0.0,1115.270797,0.0
2019-01-17,15,0,111,20.05,20.05,0.0,167.592567,0.0
2019-01-17,15,0,113,3.03,3.03,0.0,19.026441,0.0
2019-01-17,15,0,115,3.03,3.03,0.0,19.026441,0.0
2019-01-17,15,0,116,118.45,118.45,0.0,1599.901004,0.0
2019-01-17,15,0,117,0.2,0.2,0.0,1.255871,0.0
2019-01-17,15,0,119,8.82,8.82,0.0,143.413251,0.0
2019-01-17,15,0,120,5.19,5.19,0.0,84.38943,0.0
2019-01-17,15,0,123,4.27,4.27,0.0,33.30445,0.0
2019-01-17,15,0,125,5.95,5.95,0.0,46.40784,0.0
2019-01-17,15,0,126,192.13,192.13,0.0,1498.544243,0.0
2019-01-17,15,0,127,246.57,246.57,0.0,1923.156477,0.0
2019-01-17,15,0,128,8.52,8.52,0.0,66.452907,0.0
2019-01-17,15,0,131,3.23,3.23,0.0,24.230285,0.0
2019-01-17,15,0,132,4.75,4.75,0.0,35.632772,0.0
2019-01-17,15,0,133,4.89,4.89,0.0,46.833381,0.0
2019-01-17,15,0,134,0.0,0.0,0.0,0.0,0.0
2019-01-17,15,0,135,6.56,6.56,0.0,62.827603,0.0
2019-01-17,15,0,136,0.0,0.0,0.0,0.0,0.0
2019-01-17,15,0,139,12.49,12.49,0.0,104.400557,0.0
2019-01-17,15,0,140,61.11,61.11,0.0,825.411147,0.0
2019-01-17,15,0,141,21.69,21.69,0.0,200.832068,0.0
2019-01-17,15,0,142,439.8,439.8,0.0,4072.196567,0.0
2019-01-17,15,0,143,0.0,0.0,0.0,0.0,0.0
2019-01-17,15,0,145,2.94,2.94,0.0,23.902146,0.0
2019-01-17,15,0,146,121.34,121.34,0.0,1638.936158,0.0
2019-01-17,15,0,152,8.84,8.84,0.0,81.111764,0.0
2019-01-17,15,0,153,10.99,10.99,0.0,100.63996,0.0
2019-01-17,15,0,154,82.71,82.71,0.0,691.350683,0.0
2019-01-17,15,0,157,85.58,85.58,0.0,792.402415,0.0
2019-01-17,15,0,158,325.04,325.04,0.0,3009.610669,0.0
2019-01-17,15,0,159,0.0,0.0,0.0,0.0,0.0
2019-01-17,15,0,160,2.71,2.71,0.0,25.086586,0.0
2019-01-17,15,0,161,62.42,62.42,0.0,491.375903,0.0
2019-01-17,15,0,162,58.39,58.39,0.0,943.482956,0.0
2019-01-17,15,0,163,0.0,0.0,0.0,0.0,0.0
2019-01-17,15,0,164,23.4,23.4,0.0,182.264152,0.0
2019-01-17,15,0,167,5.7,5.7,0.0,92.0889,0.0
2019-01-17,15,0,168,2.85,2.85,0.0,46.04445,0.0
2019-01-17,15,0,169,0.0,0.0,0.0,0.0,0.0
2019-01-17,15,0,170,6.23,6.23,0.0,100.651552,0.0
2019-01-17,15,0,172,7.74,7.74,0.0,119.898409,0.0
2019-01-17,15,0,173,11.8,11.8,0.0,182.790855,0.0
2019-01-17,15,0,188,10.26,10.26,0.0,162.998208,0.0
2019-01-17,15,0,190,9.18,9.18,0.0,149.266854,0.0
2019-01-17,15,0,191,23.72,23.72,0.0,385.687338,0.0
2019-01-17,15,0,192,0.0,0.0,0.0,0.0,0.0
2019-01-17,15,0,194,12.14,12.14,0.0,57.965699,0.0
2019-01-17,15,0,196,6.32,6.32,0.0,96.210539,0.0
2019-01-17,15,0,198,11.8,11.8,0.0,112.69227,0.0
2019-01-17,15,0,199,64.88,64.88,0.0,567.823202,0.0
2019-01-17,15,0,200,19.78,19.78,0.0,173.112561,0.0
2019-01-17,15,0,204,95.54,95.54,0.0,827.525736,0.0
2019-01-17,15,0,205,106.43,106.43,0.0,926.695654,0.0
2019-01-17,15,0,206,34.03,34.03,0.0,264.685987,0.0
2019-01-17,15,0,210,2.41,2.41,0.0,22.448676,0.0
2019-01-17,15,0,214,14.41,14.41,0.0,145.99553,0.0
2019-01-17,15,0,217,9.69,9.69,0.0,94.743166,0.0
2019-01-17,15,0,218,13.37,13.37,0.0,130.724059,0.0
2019-01-17,15,0,219,9.11,9.11,0.0,89.072264,0.0
2019-01-17,15,0,221,7.69,7.69,0.0,77.911563,0.0
2019-01-17,15,0,225,7.07,7.07,0.0,65.104456,0.0
2019-01-17,15,0,233,8.53,8.53,0.0,84.660001,0.0
2019-01-17,15,0,236,69.75,69.75,0.0,654.489902,0.0
2019-01-17,15,0,237,171.95,171.95,0.0,1576.695548,0.0
2019-01-17,15,0,238,88.63,88.63,0.0,842.022398,0.0
2019-01-17,15,0,240,13.18,13.18,0.0,118.665866,0.0
2019-01-17,15,0,245,8.25,8.25,0.0,79.428687,0.0
2019-01-17,15,0,247,8.07,8.07,0.0,77.695697,0.0
2019-01-17,15,0,248,17.26,17.26,0.0,158.265572,0.0
2019-01-17,15,0,249,15.87,15.87,0.0,152.79191,0.0
2019-01-17,15,0,251,19.26,19.26,0.0,183.719942,0.0
2019-01-17,15,0,252,7.8,7.8,0.0,74.583639,0.0
2019-01-17,15,0,254,19.14,19.14,0.0,174.240036,0.0
2019-01-17,15,0,255,8.77,8.77,0.0,79.837258,0.0
2019-01-17,15,0,258,16.17,16.17,0.0,145.712977,0.0
2019-01-17,15,0,260,6.58,6.58,0.0,60.911341,0.0
2019-01-17,15,0,265,85.63,85.63,0.0,715.758179,0.0
2019-01-17,15,0,266,7.99,7.99,0.0,66.786265,0.0
2019-01-17,15,0,267,9.88,9.88,0.0,82.584267,0.0
2019-01-17,15,0,270,0.0,0.0,0.0,0.0,0.0
2019-01-17,15,0,272,10.13,10.13,0.0,63.60985,0.0
2019-01-17,15,0,273,28.33,28.33,0.0,382.652558,0.0
2019-01-17,15,0,274,0.0,0.0,0.0,0.0,0.0
2019-01-17,15,0,275,0.0,0.0,0.0,0.0,0.0
2019-01-17,15,0,276,6.51,6.51,0.0,81.756066,0.0
2019-01-17,15,0,277,8.3,8.3,0.0,53.80231,0.0
2019-01-17,15,0,278,13.27,13.27,0.0,86.018873,0.0
2019-01-17,15,0,279,9.05,9.05,0.0,58.663964,0.0
2019-01-17,15,0,281,0.0,0.0,0.0,0.0,0.0
2019-01-17,15,0,282,331.95,331.95,0.0,2585.58057,0.0
2019-01-17,16,0,9,2.67,2.67,0.0,21.196154,0.0
2019-01-17,16,0,17,42.19,42.19,0.0,422.60193,0.0
2019-01-17,16,0,19,23.57,23.57,0.0,236.092142,0.0
2019-01-17,16,0,20,29.75,29.75,0.0,297.994961,0.0
2019-01-17,16,0,21,61.03,61.03,0.0,484.494871,0.0
2019-01-17,16,0,22,216.91,216.91,0.0,1721.969236,0.0
2019-01-17,16,0,23,3.6,3.6,0.0,28.579085,0.0
2019-01-17,16,0,24,6.36,6.36,0.0,50.489716,0.0
2019-01-17,16,0,29,6.64,6.64,0.0,62.500437,0.0
2019-01-17,16,0,30,523.42,523.42,0.0,4148.835347,0.0
2019-01-17,16,0,31,0.0,0.0,0.0,0.0,0.0
2019-01-17,16,0,32,4.04,4.04,0.0,75.208876,0.0
2019-01-17,16,0,33,2.5,2.5,0.0,26.07877,0.0
2019-01-17,16,0,34,3.99,3.99,0.0,41.621716,0.0
2019-01-17,16,0,35,3.99,3.99,0.0,41.621716,0.0
2019-01-17,16,0,36,9.84,9.84,0.0,91.793723,0.0
2019-01-17,16,0,37,4.68,4.68,0.0,43.583755,0.0
2019-01-17,16,0,38,6.02,6.02,0.0,56.062864,0.0
2019-01-17,16,0,39,4.01,4.01,0.0,37.3442,0.0
2019-01-17,16,0,40,4.01,4.01,0.0,37.3442,0.0
2019-01-17,16,0,41,9.39,9.39,0.0,80.636792,0.0
2019-01-17,16,0,42,60.92,60.92,0.0,604.73505,0.0
2019-01-17,16,0,43,29.86,29.86,0.0,280.038457,0.0
2019-01-17,16,0,46,25.33,25.33,0.0,232.393348,0.0
2019-01-17,16,0,52,0.0,0.0,0.0,0.0,0.0
2019-01-17,16,0,53,0.0,0.0,0.0,0.0,0.0
2019-01-17,16,0,55,27.06,27.06,0.0,214.819453,0.0
2019-01-17,16,0,56,154.39,154.39,0.0,1223.756619,0.0
2019-01-17,16,0,57,146.86,146.86,0.0,1164.07084,0.0
2019-01-17,16,0,58,282.42,282.42,0.0,2238.57338,0.0
2019-01-17,16,0,59,277.71,277.71,0.0,2201.240045,0.0
2019-01-17,16,0,63,4.14,4.14,0.0,81.378116,0.0
2019-01-17,16,0,64,4.87,4.87,0.0,95.727398,0.0
2019-01-17,16,0,65,4.03,4.03,0.0,40.299726,0.0
2019-01-17,16,0,67,278.19,278.19,0.0,1399.361366,0.0
2019-01-17,16,0,68,0.0,0.0,0.0,0.0,0.0
2019-01-17,16,0,69,2.5,2.5,0.0,26.07877,0.0
2019-01-17,16,0,74,26.75,26.75,0.0,255.042392,0.0
2019-01-17,16,0,77,2.41,2.41,0.0,16.303275,0.0
2019-01-17,16,0,78,1.82,1.82,0.0,12.312017,0.0
2019-01-17,16,0,79,1.05,1.05,0.0,7.103087,0.0
2019-01-17,16,0,80,1.7,1.7,0.0,11.500235,0.0
2019-01-17,16,0,81,2.23,2.23,0.0,15.085603,0.0
2019-01-17,16,0,82,1.57,1.57,0.0,10.620806,0.0
2019-01-17,16,0,83,3.5,3.5,0.0,23.676955,0.0
2019-01-17,16,0,84,0.0,0.0,0.0,0.0,0.0
2019-01-17,16,0,86,12.65,12.65,0.0,131.958574,0.0
2019-01-17,16,0,87,64.57,64.57,0.0,673.562461,0.0
2019-01-17,16,0,88,1.84,1.84,0.0,12.447314,0.0
2019-01-17,16,0,89,1.77,1.77,0.0,11.973774,0.0
2019-01-17,16,0,90,2.38,2.38,0.0,16.10033,0.0
2019-01-17,16,0,91,8.48,8.48,0.0,57.36588,0.0
2019-01-17,16,0,92,3.05,3.05,0.0,20.632775,0.0
2019-01-17,16,0,95,53.3,53.3,0.0,992.492076,0.0
2019-01-17,16,0,96,0.75,0.75,0.0,5.935207,0.0
2019-01-17,16,0,97,4.63,4.63,0.0,36.640014,0.0
2019-01-17,16,0,99,5.87,5.87,0.0,55.966312,0.0
2019-01-17,16,0,101,10.54,10.54,0.0,83.544237,0.0
2019-01-17,16,0,102,0.0,0.0,0.0,0.0,0.0
2019-01-17,16,0,103,0.0,0.0,0.0,0.0,0.0
2019-01-17,16,0,104,0.0,0.0,0.0,0.0,0.0
2019-01-17,16,0,106,213.52,213.52,0.0,1695.057264,0.0
2019-01-17,16,0,109,13.05,13.05,0.0,117.29044,0.0
2019-01-17,16,0,110,209.84,209.84,0.0,474.915152,0.0
2019-01-17,16,0,111,17.15,17.15,0.0,147.275931,0.0
2019-01-17,16,0,113,1.04,1.04,0.0,6.95769,0.0
2019-01-17,16,0,115,1.04,1.04,0.0,6.95769,0.0
2019-01-17,16,0,116,97.42,97.42,0.0,220.483388,0.0
2019-01-17,16,0,117,0.07,0.07,0.0,0.468306,0.0
2019-01-17,16,0,119,4.87,4.87,0.0,95.727398,0.0
2019-01-17,16,0,120,2.86,2.86,0.0,56.217733,0.0
2019-01-17,16,0,123,3.56,3.56,0.0,28.261539,0.0
2019-01-17,16,0,125,5.76,5.76,0.0,45.726535,0.0
2019-01-17,16,0,126,160.14,160.14,0.0,1271.292948,0.0
2019-01-17,16,0,127,205.52,205.52,0.0,1631.548187,0.0
2019-01-17,16,0,128,8.25,8.25,0.0,65.493736,0.0
2019-01-17,16,0,131,1.13,1.13,0.0,6.977884,0.0
2019-01-17,16,0,132,1.65,1.65,0.0,10.188946,0.0
2019-01-17,16,0,133,8.59,8.59,0.0,86.056435,0.0
2019-01-17,16,0,134,0.0,0.0,0.0,0.0,0.0
2019-01-17,16,0,135,10.92,10.92,0.0,109.398867,0.0
2019-01-17,16,0,136,2.73,2.73,0.0,27.29731,0.0
2019-01-17,16,0,139,12.23,12.23,0.0,105.025343,0.0
2019-01-17,16,0,140,155.3,155.3,0.0,351.478856,0.0
2019-01-17,16,0,141,36.09,36.09,0.0,181.541219,0.0
2019-01-17,16,0,142,366.86,366.86,0.0,1845.392397,0.0
2019-01-17,16,0,143,0.0,0.0,0.0,0.0,0.0
2019-01-17,16,0,145,1.42,1.42,0.0,11.815223,0.0
2019-01-17,16,0,146,208.07,208.07,0.0,470.909243,0.0
2019-01-17,16,0,152,7.52,7.52,0.0,71.739005,0.0
2019-01-17,16,0,153,9.32,9.32,0.0,88.709303,0.0
2019-01-17,16,0,154,70.76,70.76,0.0,607.652761,0.0
2019-01-17,16,0,157,132.03,132.03,0.0,664.142065,0.0
2019-01-17,16,0,158,267.35,267.35,0.0,1344.833607,0.0
2019-01-17,16,0,159,0.0,0.0,0.0,0.0,0.0
2019-01-17,16,0,160,2.3,2.3,0.0,22.089828,0.0
2019-01-17,16,0,161,52.33,52.33,0.0,310.515939,0.0
2019-01-17,16,0,162,56.53,56.53,0.0,1053.431957,0.0
2019-01-17,16,0,163,3.38,3.38,0.0,7.649701,0.0
2019-01-17,16,0,164,19.5,19.5,0.0,154.564765,0.0
2019-01-17,16,0,167,4.52,4.52,0.0,84.046197,0.0
2019-01-17,16,0,168,2.26,2.26,0.0,42.023099,0.0
2019-01-17,16,0,169,0.0,0.0,0.0,0.0,0.0
2019-01-17,16,0,170,4.95,4.95,0.0,92.041742,0.0
2019-01-17,16,0,172,6.23,6.23,0.0,111.502798,0.0
2019-01-17,16,0,173,9.5,9.5,0.0,170.028344,0.0
2019-01-17,16,0,188,8.28,8.28,0.0,150.750324,0.0
2019-01-17,16,0,190,7.57,7.57,0.0,148.800082,0.0
2019-01-17,16,0,191,19.56,19.56,0.0,384.482115,0.0
2019-01-17,16,0,192,0.0,0.0,0.0,0.0,0.0
2019-01-17,16,0,194,6.17,6.17,0.0,44.997288,0.0
2019-01-17,16,0,196,5.11,5.11,0.0,106.894446,0.0
2019-01-17,16,0,198,9.87,9.87,0.0,97.843105,0.0
2019-01-17,16,0,199,66.12,66.12,0.0,644.969537,0.0
2019-01-17,16,0,200,16.43,16.43,0.0,160.266931,0.0
2019-01-17,16,0,204,64.94,64.94,0.0,580.194174,0.0
2019-01-17,16,0,205,69.03,69.03,0.0,620.42598,0.0
2019-01-17,16,0,206,13.61,13.61,0.0,107.704231,0.0
2019-01-17,16,0,210,2.04,2.04,0.0,19.445766,0.0
2019-01-17,16,0,214,11.83,11.83,0.0,126.310869,0.0
2019-01-17,16,0,217,7.91,7.91,0.0,80.524269,0.0
2019-01-17,16,0,218,10.91,10.91,0.0,111.064447,0.0
2019-01-17,16,0,219,7.43,7.43,0.0,75.637841,0.0
2019-01-17,16,0,221,6.31,6.31,0.0,67.372915,0.0
2019-01-17,16,0,225,6.06,6.06,0.0,56.971113,0.0
2019-01-17,16,0,233,7.16,7.16,0.0,74.689596,0.0
2019-01-17,16,0,236,40.5,40.5,0.0,396.388234,0.0
2019-01-17,16,0,237,61.17,61.17,0.0,583.212827,0.0
2019-01-17,16,0,238,79.3,79.3,0.0,787.187942,0.0
2019-01-17,16,0,240,11.15,11.15,0.0,104.014228,0.0
2019-01-17,16,0,245,13.38,13.38,0.0,134.844553,0.0
2019-01-17,16,0,247,9.12,9.12,0.0,91.911982,0.0
2019-01-17,16,0,248,7.2,7.2,0.0,68.646924,0.0
2019-01-17,16,0,249,25.73,25.73,0.0,259.308695,0.0
2019-01-17,16,0,251,51.57,51.57,0.0,514.282047,0.0
2019-01-17,16,0,252,26.01,26.01,0.0,260.098228,0.0
2019-01-17,16,0,254,16.04,16.04,0.0,151.338447,0.0
2019-01-17,16,0,255,7.35,7.35,0.0,69.34773,0.0
2019-01-17,16,0,258,13.68,13.68,0.0,127.725584,0.0
2019-01-17,16,0,260,5.58,5.58,0.0,53.591842,0.0
2019-01-17,16,0,265,73.26,73.26,0.0,629.121555,0.0
2019-01-17,16,0,266,7.8,7.8,0.0,66.982639,0.0
2019-01-17,16,0,267,9.66,9.66,0.0,82.955422,0.0
2019-01-17,16,0,270,9.14,9.14,0.0,20.685877,0.0
2019-01-17,16,0,272,3.48,3.48,0.0,23.281503,0.0
2019-01-17,16,0,273,23.3,23.3,0.0,52.733144,0.0
2019-01-17,16,0,274,11.4,11.4,0.0,25.800766,0.0
2019-01-17,16,0,275,15.29,15.29,0.0,34.604712,0.0
2019-01-17,16,0,276,5.36,5.36,0.0,15.442376,0.0
2019-01-17,16,0,277,6.85,6.85,0.0,46.0324,0.0
2019-01-17,16,0,278,10.96,10.96,0.0,73.65184,0.0
2019-01-17,16,0,279,0.0,0.0,0.0,0.0,0.0
2019-01-17,16,0,281,0.0,0.0,0.0,0.0,0.0
2019-01-17,16,0,282,287.13,287.13,0.0,2275.906716,0.0
2019-01-17,17,0,9,1.85,1.85,0.0,36.277624,0.0
2019-01-17,17,0,17,29.28,29.28,0.0,402.003362,0.0
2019-01-17,17,0,19,46.08,46.08,0.0,632.661029,0.0
2019-01-17,17,0,20,55.49,55.49,0.0,761.856782,0.0
2019-01-17,17,0,21,42.25,42.25,0.0,828.502486,0.0
2019-01-17,17,0,22,150.14,150.14,0.0,2944.17428,0.0
2019-01-17,17,0,23,3.1,3.1,0.0,60.789532,0.0
2019-01-17,17,0,24,5.52,5.52,0.0,108.244585,0.0
2019-01-17,17,0,29,4.51,4.51,0.0,56.536105,0.0
2019-01-17,17,0,30,367.05,367.05,0.0,4553.939778,0.0
2019-01-17,17,0,31,0.0,0.0,0.0,0.0,0.0
2019-01-17,17,0,32,2.78,2.78,0.0,57.522692,0.0
2019-01-17,17,0,33,1.73,1.73,0.0,22.742259,0.0
2019-01-17,17,0,34,2.77,2.77,0.0,36.413906,0.0
2019-01-17,17,0,35,2.77,2.77,0.0,36.413906,0.0
2019-01-17,17,0,36,6.97,6.97,0.0,101.836698,0.0
2019-01-17,17,0,37,3.26,3.26,0.0,47.657232,0.0
2019-01-17,17,0,38,4.19,4.19,0.0,61.2527,0.0
2019-01-17,17,0,39,2.8,2.8,0.0,40.932592,0.0
2019-01-17,17,0,40,2.8,2.8,0.0,40.932592,0.0
2019-01-17,17,0,41,3.38,3.38,0.0,54.042831,0.0
2019-01-17,17,0,42,42.38,42.38,0.0,587.22458,0.0
2019-01-17,17,0,43,20.6,20.6,0.0,297.640967,0.0
2019-01-17,17,0,46,17.87,17.87,0.0,265.152732,0.0
2019-01-17,17,0,52,0.0,0.0,0.0,0.0,0.0
2019-01-17,17,0,53,0.0,0.0,0.0,0.0,0.0
2019-01-17,17,0,55,28.77,28.77,0.0,564.166072,0.0
2019-01-17,17,0,56,108.27,108.27,0.0,1343.291268,0.0
2019-01-17,17,0,57,102.98,102.98,0.0,1277.658952,0.0
2019-01-17,17,0,58,198.05,198.05,0.0,2457.179602,0.0
2019-01-17,17,0,59,194.75,194.75,0.0,2416.236948,0.0
2019-01-17,17,0,63,0.0,0.0,0.0,0.0,0.0
2019-01-17,17,0,64,0.0,0.0,0.0,0.0,0.0
2019-01-17,17,0,65,10.35,10.35,0.0,142.344906,0.0
2019-01-17,17,0,67,193.3,193.3,0.0,3715.686126,0.0
2019-01-17,17,0,68,0.0,0.0,0.0,0.0,0.0
2019-01-17,17,0,69,1.73,1.73,0.0,22.742259,0.0
2019-01-17,17,0,74,14.29,14.29,0.0,206.101517,0.0
2019-01-17,17,0,77,0.0,0.0,0.0,0.0,0.0
2019-01-17,17,0,78,0.0,0.0,0.0,0.0,0.0
2019-01-17,17,0,79,0.0,0.0,0.0,0.0,0.0
2019-01-17,17,0,80,0.0,0.0,0.0,0.0,0.0
2019-01-17,17,0,81,0.0,0.0,0.0,0.0,0.0
2019-01-17,17,0,82,0.0,0.0,0.0,0.0,0.0
2019-01-17,17,0,83,0.0,0.0,0.0,0.0,0.0
2019-01-17,17,0,84,0.0,0.0,0.0,0.0,0.0
2019-01-17,17,0,86,8.77,8.77,0.0,115.288793,0.0
2019-01-17,17,0,87,44.76,44.76,0.0,588.406658,0.0
2019-01-17,17,0,88,0.0,0.0,0.0,0.0,0.0
2019-01-17,17,0,89,0.0,0.0,0.0,0.0,0.0
2019-01-17,17,0,90,0.0,0.0,0.0,0.0,0.0
2019-01-17,17,0,91,0.0,0.0,0.0,0.0,0.0
2019-01-17,17,0,92,0.0,0.0,0.0,0.0,0.0
2019-01-17,17,0,95,27.82,27.82,0.0,576.34598,0.0
2019-01-17,17,0,96,0.0,0.0,0.0,0.0,0.0
2019-01-17,17,0,97,0.0,0.0,0.0,0.0,0.0
2019-01-17,17,0,99,2.91,2.91,0.0,41.970288,0.0
2019-01-17,17,0,101,7.39,7.39,0.0,91.686732,0.0
2019-01-17,17,0,102,0.0,0.0,0.0,0.0,0.0
2019-01-17,17,0,103,0.0,0.0,0.0,0.0,0.0
2019-01-17,17,0,104,0.0,0.0,0.0,0.0,0.0
2019-01-17,17,0,106,147.8,147.8,0.0,2898.287988,0.0
2019-01-17,17,0,109,2.34,2.34,0.0,35.604538,0.0
2019-01-17,17,0,110,177.84,177.84,0.0,3529.04086,0.0
2019-01-17,17,0,111,12.86,12.86,0.0,205.618583,0.0
2019-01-17,17,0,113,0.0,0.0,0.0,0.0,0.0
2019-01-17,17,0,115,0.0,0.0,0.0,0.0,0.0
2019-01-17,17,0,116,69.17,69.17,0.0,1372.603218,0.0
2019-01-17,17,0,117,0.0,0.0,0.0,0.0,0.0
2019-01-17,17,0,119,0.0,0.0,0.0,0.0,0.0
2019-01-17,17,0,120,0.0,0.0,0.0,0.0,0.0
2019-01-17,17,0,123,2.46,2.46,0.0,48.239435,0.0
2019-01-17,17,0,125,4.99,4.99,0.0,97.851536,0.0
2019-01-17,17,0,126,110.85,110.85,0.0,2173.715991,0.0
2019-01-17,17,0,127,142.26,142.26,0.0,2789.651212,0.0
2019-01-17,17,0,128,7.18,7.18,0.0,140.796399,0.0
2019-01-17,17,0,131,0.0,0.0,0.0,0.0,0.0
2019-01-17,17,0,132,0.0,0.0,0.0,0.0,0.0
2019-01-17,17,0,133,32.45,32.45,0.0,445.454396,0.0
2019-01-17,17,0,134,0.0,0.0,0.0,0.0,0.0
2019-01-17,17,0,135,42.49,42.49,0.0,583.277575,0.0
2019-01-17,17,0,136,7.5,7.5,0.0,103.158162,0.0
2019-01-17,17,0,139,4.36,4.36,0.0,69.712055,0.0
2019-01-17,17,0,140,131.62,131.62,0.0,2611.855364,0.0
2019-01-17,17,0,141,35.48,35.48,0.0,682.010056,0.0
2019-01-17,17,0,142,254.91,254.91,0.0,4899.97698,0.0
2019-01-17,17,0,143,0.0,0.0,0.0,0.0,0.0
2019-01-17,17,0,145,0.0,0.0,0.0,0.0,0.0
2019-01-17,17,0,146,167.73,167.73,0.0,3328.418935,0.0
2019-01-17,17,0,152,5.25,5.25,0.0,75.557174,0.0
2019-01-17,17,0,153,6.49,6.49,0.0,93.596539,0.0
2019-01-17,17,0,154,53.06,53.06,0.0,848.376518,0.0
2019-01-17,17,0,157,113.05,113.05,0.0,2173.090101,0.0
2019-01-17,17,0,158,187.64,187.64,0.0,3606.887453,0.0
2019-01-17,17,0,159,0.0,0.0,0.0,0.0,0.0
2019-01-17,17,0,160,1.6,1.6,0.0,22.282537,0.0
2019-01-17,17,0,161,36.76,36.76,0.0,699.15388,0.0
2019-01-17,17,0,162,24.7,24.7,0.0,511.527422,0.0
2019-01-17,17,0,163,0.0,0.0,0.0,0.0,0.0
2019-01-17,17,0,164,14.03,14.03,0.0,174.068315,0.0
2019-01-17,17,0,167,3.09,3.09,0.0,64.03935,0.0
2019-01-17,17,0,168,1.54,1.54,0.0,31.916052,0.0
2019-01-17,17,0,169,0.0,0.0,0.0,0.0,0.0
2019-01-17,17,0,170,3.38,3.38,0.0,70.049516,0.0
2019-01-17,17,0,172,4.27,4.27,0.0,92.003107,0.0
2019-01-17,17,0,173,6.51,6.51,0.0,140.267032,0.0
2019-01-17,17,0,188,5.69,5.69,0.0,118.621969,0.0
2019-01-17,17,0,190,5.29,5.29,0.0,107.430507,0.0
2019-01-17,17,0,191,13.66,13.66,0.0,277.410345,0.0
2019-01-17,17,0,192,0.0,0.0,0.0,0.0,0.0
2019-01-17,17,0,194,0.0,0.0,0.0,0.0,0.0
2019-01-17,17,0,196,3.61,3.61,0.0,72.331885,0.0
2019-01-17,17,0,198,6.85,6.85,0.0,89.318514,0.0
2019-01-17,17,0,199,24.7,24.7,0.0,323.438104,0.0
2019-01-17,17,0,200,11.4,11.4,0.0,149.279125,0.0
2019-01-17,17,0,204,12.4,12.4,0.0,189.68291,0.0
2019-01-17,17,0,205,12.36,12.36,0.0,188.064995,0.0
2019-01-17,17,0,206,0.0,0.0,0.0,0.0,0.0
2019-01-17,17,0,210,1.39,1.39,0.0,17.259831,0.0
2019-01-17,17,0,214,8.17,8.17,0.0,104.581258,0.0
2019-01-17,17,0,217,5.39,5.39,0.0,68.061824,0.0
2019-01-17,17,0,218,7.44,7.44,0.0,93.948047,0.0
2019-01-17,17,0,219,5.07,5.07,0.0,64.021048,0.0
2019-01-17,17,0,221,4.36,4.36,0.0,55.810806,0.0
2019-01-17,17,0,225,4.13,4.13,0.0,51.819825,0.0
2019-01-17,17,0,233,4.96,4.96,0.0,65.20324,0.0
2019-01-17,17,0,236,25.17,25.17,0.0,353.639483,0.0
2019-01-17,17,0,237,35.32,35.32,0.0,509.412567,0.0
2019-01-17,17,0,238,55.17,55.17,0.0,764.445023,0.0
2019-01-17,17,0,240,7.89,7.89,0.0,115.278558,0.0
2019-01-17,17,0,245,23.77,23.77,0.0,324.298319,0.0
2019-01-17,17,0,247,21.52,21.52,0.0,293.601171,0.0
2019-01-17,17,0,248,3.59,3.59,0.0,51.777778,0.0
2019-01-17,17,0,249,45.71,45.71,0.0,623.629625,0.0
2019-01-17,17,0,251,118.23,118.23,0.0,1630.595924,0.0
2019-01-17,17,0,252,66.74,66.74,0.0,917.883967,0.0
2019-01-17,17,0,254,11.19,11.19,0.0,160.213956,0.0
2019-01-17,17,0,255,5.13,5.13,0.0,73.449294,0.0
2019-01-17,17,0,258,9.74,9.74,0.0,142.053345,0.0
2019-01-17,17,0,260,3.89,3.89,0.0,54.174418,0.0
2019-01-17,17,0,265,54.93,54.93,0.0,878.275955,0.0
2019-01-17,17,0,266,2.82,2.82,0.0,45.088989,0.0
2019-01-17,17,0,267,3.47,3.47,0.0,55.481842,0.0
2019-01-17,17,0,270,0.0,0.0,0.0,0.0,0.0
2019-01-17,17,0,272,0.0,0.0,0.0,0.0,0.0
2019-01-17,17,0,273,16.54,16.54,0.0,328.218263,0.0
2019-01-17,17,0,274,0.0,0.0,0.0,0.0,0.0
2019-01-17,17,0,275,0.0,0.0,0.0,0.0,0.0
2019-01-17,17,0,276,3.79,3.79,0.0,74.682462,0.0
2019-01-17,17,0,277,4.81,4.81,0.0,91.182198,0.0
2019-01-17,17,0,278,7.7,7.7,0.0,145.967344,0.0
2019-01-17,17,0,279,0.0,0.0,0.0,0.0,0.0
2019-01-17,17,0,281,0.0,0.0,0.0,0.0,0.0
2019-01-17,17,0,282,201.35,201.35,0.0,2498.122257,0.0
2019-01-17,18,0,9,0.99,0.99,0.0,24.381498,0.0
2019-01-17,18,0,17,14.6,14.6,0.0,204.711016,0.0
2019-01-17,18,0,19,105.21,105.21,0.0,1475.18123,0.0
2019-01-17,18,0,20,128.11,128.11,0.0,1796.269056,0.0
2019-01-17,18,0,21,22.68,22.68,0.0,558.557958,0.0
2019-01-17,18,0,22,80.61,80.61,0.0,1985.245018,0.0
2019-01-17,18,0,23,8.97,8.97,0.0,220.91115,0.0
2019-01-17,18,0,24,15.91,15.91,0.0,391.827915,0.0
2019-01-17,18,0,29,1.9,1.9,0.0,22.20289,0.0
2019-01-17,18,0,30,205.5,205.5,0.0,2765.194131,0.0
2019-01-17,18,0,31,3.41,3.41,0.0,45.88473,0.0
2019-01-17,18,0,32,1.19,1.19,0.0,33.190719,0.0
2019-01-17,18,0,33,0.84,0.84,0.0,10.807047,0.0
2019-01-17,18,0,34,1.35,1.35,0.0,17.368469,0.0
2019-01-17,18,0,35,1.35,1.35,0.0,17.368469,0.0
2019-01-17,18,0,36,3.45,3.45,0.0,54.353426,0.0
2019-01-17,18,0,37,1.62,1.62,0.0,25.54561,0.0
2019-01-17,18,0,38,2.08,2.08,0.0,32.799301,0.0
2019-01-17,18,0,39,1.39,1.39,0.0,21.918764,0.0
2019-01-17,18,0,40,1.39,1.39,0.0,21.918764,0.0
2019-01-17,18,0,41,3.48,3.48,0.0,64.417178,0.0
2019-01-17,18,0,42,22.91,22.91,0.0,326.967691,0.0
2019-01-17,18,0,43,10.01,10.01,0.0,154.353,0.0
2019-01-17,18,0,46,8.69,8.69,0.0,140.853239,0.0
2019-01-17,18,0,52,3.62,3.62,0.0,48.710476,0.0
2019-01-17,18,0,53,5.75,5.75,0.0,77.371612,0.0
2019-01-17,18,0,55,36.84,36.84,0.0,907.287265,0.0
2019-01-17,18,0,56,60.61,60.61,0.0,815.56407,0.0
2019-01-17,18,0,57,57.66,57.66,0.0,775.869069,0.0
2019-01-17,18,0,58,110.88,110.88,0.0,1491.993797,0.0
2019-01-17,18,0,59,109.03,109.03,0.0,1467.100322,0.0
2019-01-17,18,0,63,0.0,0.0,0.0,0.0,0.0
2019-01-17,18,0,64,0.0,0.0,0.0,0.0,0.0
2019-01-17,18,0,65,21.41,21.41,0.0,301.192486,0.0
2019-01-17,18,0,67,103.12,103.12,0.0,2592.553586,0.0
2019-01-17,18,0,68,0.48,0.48,0.0,11.882251,0.0
2019-01-17,18,0,69,0.84,0.84,0.0,10.807047,0.0
2019-01-17,18,0,74,7.78,7.78,0.0,119.769244,0.0
2019-01-17,18,0,77,1.61,1.61,0.0,38.898777,0.0
2019-01-17,18,0,78,1.22,1.22,0.0,29.476092,0.0
2019-01-17,18,0,79,0.7,0.7,0.0,16.912512,0.0
2019-01-17,18,0,80,1.14,1.14,0.0,27.543233,0.0
2019-01-17,18,0,81,1.49,1.49,0.0,35.999489,0.0
2019-01-17,18,0,82,1.05,1.05,0.0,25.368767,0.0
2019-01-17,18,0,83,2.34,2.34,0.0,56.53611,0.0
2019-01-17,18,0,84,0.0,0.0,0.0,0.0,0.0
2019-01-17,18,0,86,4.26,4.26,0.0,54.807168,0.0
2019-01-17,18,0,87,21.77,21.77,0.0,280.082638,0.0
2019-01-17,18,0,88,0.0,0.0,0.0,0.0,0.0
2019-01-17,18,0,89,0.0,0.0,0.0,0.0,0.0
2019-01-17,18,0,90,0.0,0.0,0.0,0.0,0.0
2019-01-17,18,0,91,0.0,0.0,0.0,0.0,0.0
2019-01-17,18,0,92,0.0,0.0,0.0,0.0,0.0
2019-01-17,18,0,95,15.99,15.99,0.0,446.717555,0.0
2019-01-17,18,0,96,0.0,0.0,0.0,0.0,0.0
2019-01-17,18,0,97,0.0,0.0,0.0,0.0,0.0
2019-01-17,18,0,99,1.5,1.5,0.0,23.091757,0.0
2019-01-17,18,0,101,4.14,4.14,0.0,55.707561,0.0
2019-01-17,18,0,102,1.13,1.13,0.0,27.9728,0.0
2019-01-17,18,0,103,0.98,0.98,0.0,24.259596,0.0
2019-01-17,18,0,104,0.18,0.18,0.0,4.455844,0.0
2019-01-17,18,0,106,79.35,79.35,0.0,1954.214021,0.0
2019-01-17,18,0,109,0.0,0.0,0.0,0.0,0.0
2019-01-17,18,0,110,153.67,153.67,0.0,4045.292377,0.0
2019-01-17,18,0,111,6.88,6.88,0.0,127.353501,0.0
2019-01-17,18,0,113,0.91,0.91,0.0,22.728255,0.0
2019-01-17,18,0,115,0.91,0.91,0.0,22.728255,0.0
2019-01-17,18,0,116,34.02,34.02,0.0,895.560921,0.0
2019-01-17,18,0,117,0.06,0.06,0.0,1.498566,0.0
2019-01-17,18,0,119,0.0,0.0,0.0,0.0,0.0
2019-01-17,18,0,120,0.0,0.0,0.0,0.0,0.0
2019-01-17,18,0,123,1.32,1.32,0.0,32.508664,0.0
2019-01-17,18,0,125,14.39,14.39,0.0,354.393696,0.0
2019-01-17,18,0,126,59.52,59.52,0.0,1465.845224,0.0
2019-01-17,18,0,127,76.38,76.38,0.0,1881.069526,0.0
2019-01-17,18,0,128,20.67,20.67,0.0,509.056129,0.0
2019-01-17,18,0,131,0.9,0.9,0.0,22.186335,0.0
2019-01-17,18,0,132,1.32,1.32,0.0,32.539958,0.0
2019-01-17,18,0,133,66.27,66.27,0.0,928.90114,0.0
2019-01-17,18,0,134,0.0,0.0,0.0,0.0,0.0
2019-01-17,18,0,135,88.8,88.8,0.0,1244.702297,0.0
2019-01-17,18,0,136,17.1,17.1,0.0,240.603778,0.0
2019-01-17,18,0,139,4.49,4.49,0.0,83.112968,0.0
2019-01-17,18,0,140,113.73,113.73,0.0,2993.890168,0.0
2019-01-17,18,0,141,43.26,43.26,0.0,1087.605393,0.0
2019-01-17,18,0,142,135.98,135.98,0.0,3418.691201,0.0
2019-01-17,18,0,143,7.81,7.81,0.0,105.090833,0.0
2019-01-17,18,0,145,0.0,0.0,0.0,0.0,0.0
2019-01-17,18,0,146,142.2,142.2,0.0,3743.34988,0.0
2019-01-17,18,0,152,2.67,2.67,0.0,40.935685,0.0
2019-01-17,18,0,153,3.28,3.28,0.0,50.48149,0.0
2019-01-17,18,0,154,28.37,28.37,0.0,525.148083,0.0
2019-01-17,18,0,157,104.5,104.5,0.0,2627.248349,0.0
2019-01-17,18,0,158,99.61,99.61,0.0,2504.308211,0.0
2019-01-17,18,0,159,0.0,0.0,0.0,0.0,0.0
2019-01-17,18,0,160,0.76,0.76,0.0,10.908866,0.0
2019-01-17,18,0,161,19.11,19.11,0.0,473.062128,0.0
2019-01-17,18,0,162,11.4,11.4,0.0,318.332211,0.0
2019-01-17,18,0,163,9.45,9.45,0.0,248.766922,0.0
2019-01-17,18,0,164,8.2,8.2,0.0,110.338647,0.0
2019-01-17,18,0,167,1.28,1.28,0.0,35.777955,0.0
2019-01-17,18,0,168,0.64,0.64,0.0,17.888978,0.0
2019-01-17,18,0,169,0.0,0.0,0.0,0.0,0.0
2019-01-17,18,0,170,1.4,1.4,0.0,39.132139,0.0
2019-01-17,18,0,172,1.81,1.81,0.0,53.301036,0.0
2019-01-17,18,0,173,2.75,2.75,0.0,80.982237,0.0
2019-01-17,18,0,188,2.45,2.45,0.0,69.030537,0.0
2019-01-17,18,0,190,2.45,2.45,0.0,66.613344,0.0
2019-01-17,18,0,191,6.34,6.34,0.0,172.379021,0.0
2019-01-17,18,0,192,0.0,0.0,0.0,0.0,0.0
2019-01-17,18,0,194,0.0,0.0,0.0,0.0,0.0
2019-01-17,18,0,196,1.73,1.73,0.0,46.166068,0.0
2019-01-17,18,0,198,3.16,3.16,0.0,39.578954,0.0
2019-01-17,18,0,199,7.29,7.29,0.0,108.5546,0.0
2019-01-17,18,0,200,5.12,5.12,0.0,76.241365,0.0
2019-01-17,18,0,204,0.0,0.0,0.0,0.0,0.0
2019-01-17,18,0,205,0.0,0.0,0.0,0.0,0.0
2019-01-17,18,0,206,0.0,0.0,0.0,0.0,0.0
2019-01-17,18,0,210,0.58,0.58,0.0,6.674557,0.0
2019-01-17,18,0,214,3.69,3.69,0.0,44.952426,0.0
2019-01-17,18,0,217,2.36,2.36,0.0,27.94651,0.0
2019-01-17,18,0,218,3.25,3.25,0.0,38.48566,0.0
2019-01-17,18,0,219,2.22,2.22,0.0,26.288666,0.0
2019-01-17,18,0,221,1.97,1.97,0.0,23.998992,0.0
2019-01-17,18,0,225,1.77,1.77,0.0,20.71415,0.0
2019-01-17,18,0,233,2.41,2.41,0.0,31.005933,0.0
2019-01-17,18,0,236,20.05,20.05,0.0,293.84248,0.0
2019-01-17,18,0,237,18.66,18.66,0.0,287.261451,0.0
2019-01-17,18,0,238,29.82,29.82,0.0,425.586057,0.0
2019-01-17,18,0,240,3.91,3.91,0.0,61.600549,0.0
2019-01-17,18,0,245,39.04,39.04,0.0,540.710432,0.0
2019-01-17,18,0,247,42.67,42.67,0.0,590.98653,0.0
2019-01-17,18,0,248,1.87,1.87,0.0,28.787723,0.0
2019-01-17,18,0,249,75.08,75.08,0.0,1039.87037,0.0
2019-01-17,18,0,251,225.39,225.39,0.0,3187.972696,0.0
2019-01-17,18,0,252,138.1,138.1,0.0,1942.768908,0.0
2019-01-17,18,0,254,5.37,5.37,0.0,81.368149,0.0
2019-01-17,18,0,255,2.46,2.46,0.0,37.274795,0.0
2019-01-17,18,0,258,4.81,4.81,0.0,75.519662,0.0
2019-01-17,18,0,260,1.85,1.85,0.0,26.554476,0.0
2019-01-17,18,0,265,29.37,29.37,0.0,543.658766,0.0
2019-01-17,18,0,266,2.91,2.91,0.0,53.866088,0.0
2019-01-17,18,0,267,3.57,3.57,0.0,66.083139,0.0
2019-01-17,18,0,270,29.52,29.52,0.0,777.100481,0.0
2019-01-17,18,0,272,3.04,3.04,0.0,75.927357,0.0
2019-01-17,18,0,273,8.14,8.14,0.0,214.281772,0.0
2019-01-17,18,0,274,38.05,38.05,0.0,1001.648825,0.0
2019-01-17,18,0,275,52.97,52.97,0.0,1394.410992,0.0
2019-01-17,18,0,276,1.89,1.89,0.0,49.253989,0.0
2019-01-17,18,0,277,2.42,2.42,0.0,59.651083,0.0
2019-01-17,18,0,278,3.87,3.87,0.0,95.392434,0.0
2019-01-17,18,0,279,7.62,7.62,0.0,187.826964,0.0
2019-01-17,18,0,281,1.53,1.53,0.0,20.587577,0.0
2019-01-17,18,0,282,112.73,112.73,0.0,1516.887272,0.0
2019-01-17,19,0,9,0.0,0.0,0.0,0.0,0.0
2019-01-17,19,0,17,0.0,0.0,0.0,0.0,0.0
2019-01-17,19,0,19,339.47,339.47,0.0,2670.976997,0.0
2019-01-17,19,0,20,412.62,412.62,0.0,3246.527023,0.0
2019-01-17,19,0,21,0.0,0.0,0.0,0.0,0.0
2019-01-17,19,0,22,0.0,0.0,0.0,0.0,0.0
2019-01-17,19,0,23,23.83,23.83,0.0,605.765337,0.0
2019-01-17,19,0,24,42.17,42.17,0.0,1071.973322,0.0
2019-01-17,19,0,29,0.0,0.0,0.0,0.0,0.0
2019-01-17,19,0,30,9.29,9.29,0.0,236.36161,0.0
2019-01-17,19,0,31,3.87,3.87,0.0,98.462802,0.0
2019-01-17,19,0,32,0.0,0.0,0.0,0.0,0.0
2019-01-17,19,0,33,0.0,0.0,0.0,0.0,0.0
2019-01-17,19,0,34,0.0,0.0,0.0,0.0,0.0
2019-01-17,19,0,35,0.0,0.0,0.0,0.0,0.0
2019-01-17,19,0,36,0.0,0.0,0.0,0.0,0.0
2019-01-17,19,0,37,0.0,0.0,0.0,0.0,0.0
2019-01-17,19,0,38,0.0,0.0,0.0,0.0,0.0
2019-01-17,19,0,39,0.0,0.0,0.0,0.0,0.0
2019-01-17,19,0,40,0.0,0.0,0.0,0.0,0.0
2019-01-17,19,0,41,4.25,4.25,0.0,104.128622,0.0
2019-01-17,19,0,42,0.42,0.42,0.0,7.189927,0.0
2019-01-17,19,0,43,0.0,0.0,0.0,0.0,0.0
2019-01-17,19,0,46,0.0,0.0,0.0,0.0,0.0
2019-01-17,19,0,52,4.1,4.1,0.0,104.314596,0.0
2019-01-17,19,0,53,6.51,6.51,0.0,165.631225,0.0
2019-01-17,19,0,55,30.06,30.06,0.0,764.133699,0.0
2019-01-17,19,0,56,2.74,2.74,0.0,69.712682,0.0
2019-01-17,19,0,57,2.61,2.61,0.0,66.405146,0.0
2019-01-17,19,0,58,5.01,5.01,0.0,127.467348,0.0
2019-01-17,19,0,59,4.93,4.93,0.0,125.431942,0.0
2019-01-17,19,0,63,0.0,0.0,0.0,0.0,0.0
2019-01-17,19,0,64,0.0,0.0,0.0,0.0,0.0
2019-01-17,19,0,65,38.68,38.68,0.0,462.420081,0.0
2019-01-17,19,0,67,0.0,0.0,0.0,0.0,0.0
2019-01-17,19,0,68,2.46,2.46,0.0,68.868778,0.0
2019-01-17,19,0,69,0.0,0.0,0.0,0.0,0.0
2019-01-17,19,0,74,9.13,9.13,0.0,221.62336,0.0
2019-01-17,19,0,77,10.76,10.76,0.0,297.159036,0.0
2019-01-17,19,0,78,8.14,8.14,0.0,224.802468,0.0
2019-01-17,19,0,79,4.71,4.71,0.0,130.076121,0.0
2019-01-17,19,0,80,7.62,7.62,0.0,210.441622,0.0
2019-01-17,19,0,81,9.96,9.96,0.0,275.065427,0.0
2019-01-17,19,0,82,7.02,7.02,0.0,193.871416,0.0
2019-01-17,19,0,83,15.66,15.66,0.0,432.482389,0.0
2019-01-17,19,0,84,0.0,0.0,0.0,0.0,0.0
2019-01-17,19,0,86,0.0,0.0,0.0,0.0,0.0
2019-01-17,19,0,87,0.0,0.0,0.0,0.0,0.0
2019-01-17,19,0,88,7.72,7.72,0.0,213.203323,0.0
2019-01-17,19,0,89,7.42,7.42,0.0,204.91822,0.0
2019-01-17,19,0,90,9.97,9.97,0.0,275.341597,0.0
2019-01-17,19,0,91,35.56,35.56,0.0,982.060903,0.0
2019-01-17,19,0,92,12.79,12.79,0.0,353.221568,0.0
2019-01-17,19,0,95,13.41,13.41,0.0,408.288887,0.0
2019-01-17,19,0,96,3.55,3.55,0.0,90.403917,0.0
2019-01-17,19,0,97,21.81,21.81,0.0,555.411106,0.0
2019-01-17,19,0,99,1.76,1.76,0.0,42.722576,0.0
2019-01-17,19,0,101,0.19,0.19,0.0,4.834091,0.0
2019-01-17,19,0,102,7.03,7.03,0.0,196.807932,0.0
2019-01-17,19,0,103,5.9,5.9,0.0,165.173086,0.0
2019-01-17,19,0,104,0.84,0.84,0.0,23.516168,0.0
2019-01-17,19,0,106,0.0,0.0,0.0,0.0,0.0
2019-01-17,19,0,109,0.0,0.0,0.0,0.0,0.0
2019-01-17,19,0,110,136.58,136.58,0.0,3977.504862,0.0
2019-01-17,19,0,111,0.0,0.0,0.0,0.0,0.0
2019-01-17,19,0,113,6.77,6.77,0.0,189.864665,0.0
2019-01-17,19,0,115,6.77,6.77,0.0,189.864665,0.0
2019-01-17,19,0,116,0.0,0.0,0.0,0.0,0.0
2019-01-17,19,0,117,0.45,0.45,0.0,12.620251,0.0
2019-01-17,19,0,119,0.0,0.0,0.0,0.0,0.0
2019-01-17,19,0,120,0.0,0.0,0.0,0.0,0.0
2019-01-17,19,0,123,0.0,0.0,0.0,0.0,0.0
2019-01-17,19,0,125,38.16,38.16,0.0,970.037989,0.0
2019-01-17,19,0,126,0.0,0.0,0.0,0.0,0.0
2019-01-17,19,0,127,0.0,0.0,0.0,0.0,0.0
2019-01-17,19,0,128,54.66,54.66,0.0,1389.472654,0.0
2019-01-17,19,0,131,4.73,4.73,0.0,132.068052,0.0
2019-01-17,19,0,132,6.95,6.95,0.0,194.053481,0.0
2019-01-17,19,0,133,100.08,100.08,0.0,748.901428,0.0
2019-01-17,19,0,134,0.0,0.0,0.0,0.0,0.0
2019-01-17,19,0,135,135.61,135.61,0.0,1014.773407,0.0
2019-01-17,19,0,136,33.4,33.4,0.0,406.791368,0.0
2019-01-17,19,0,139,5.49,5.49,0.0,134.509679,0.0
2019-01-17,19,0,140,101.08,101.08,0.0,2943.668117,0.0
2019-01-17,19,0,141,61.34,61.34,0.0,1734.253435,0.0
2019-01-17,19,0,142,0.0,0.0,0.0,0.0,0.0
2019-01-17,19,0,143,7.45,7.45,0.0,189.547255,0.0
2019-01-17,19,0,145,0.8,0.8,0.0,19.721813,0.0
2019-01-17,19,0,146,129.67,129.67,0.0,3776.270724,0.0
2019-01-17,19,0,152,0.0,0.0,0.0,0.0,0.0
2019-01-17,19,0,153,0.0,0.0,0.0,0.0,0.0
2019-01-17,19,0,154,0.0,0.0,0.0,0.0,0.0
2019-01-17,19,0,157,104.91,104.91,0.0,2966.099248,0.0
2019-01-17,19,0,158,0.0,0.0,0.0,0.0,0.0
2019-01-17,19,0,159,0.0,0.0,0.0,0.0,0.0
2019-01-17,19,0,160,0.0,0.0,0.0,0.0,0.0
2019-01-17,19,0,161,0.0,0.0,0.0,0.0,0.0
2019-01-17,19,0,162,9.42,9.42,0.0,286.698042,0.0
2019-01-17,19,0,163,30.28,30.28,0.0,881.81906,0.0
2019-01-17,19,0,164,0.71,0.71,0.0,18.064235,0.0
2019-01-17,19,0,167,0.0,0.0,0.0,0.0,0.0
2019-01-17,19,0,168,0.0,0.0,0.0,0.0,0.0
2019-01-17,19,0,169,0.0,0.0,0.0,0.0,0.0
2019-01-17,19,0,170,0.0,0.0,0.0,0.0,0.0
2019-01-17,19,0,172,0.0,0.0,0.0,0.0,0.0
2019-01-17,19,0,173,0.0,0.0,0.0,0.0,0.0
2019-01-17,19,0,188,0.0,0.0,0.0,0.0,0.0
2019-01-17,19,0,190,0.0,0.0,0.0,0.0,0.0
2019-01-17,19,0,191,0.0,0.0,0.0,0.0,0.0
2019-01-17,19,0,192,16.19,16.19,0.0,482.597001,0.0
2019-01-17,19,0,194,5.23,5.23,0.0,147.684048,0.0
2019-01-17,19,0,196,0.0,0.0,0.0,0.0,0.0
2019-01-17,19,0,198,0.0,0.0,0.0,0.0,0.0
2019-01-17,19,0,199,3.29,3.29,0.0,53.110673,0.0
2019-01-17,19,0,200,0.0,0.0,0.0,0.0,0.0
2019-01-17,19,0,204,0.0,0.0,0.0,0.0,0.0
2019-01-17,19,0,205,0.0,0.0,0.0,0.0,0.0
2019-01-17,19,0,206,64.09,64.09,0.0,1632.109023,0.0
2019-01-17,19,0,210,0.0,0.0,0.0,0.0,0.0
2019-01-17,19,0,214,0.0,0.0,0.0,0.0,0.0
2019-01-17,19,0,217,0.0,0.0,0.0,0.0,0.0
2019-01-17,19,0,218,0.0,0.0,0.0,0.0,0.0
2019-01-17,19,0,219,0.0,0.0,0.0,0.0,0.0
2019-01-17,19,0,221,0.0,0.0,0.0,0.0,0.0
2019-01-17,19,0,225,0.0,0.0,0.0,0.0,0.0
2019-01-17,19,0,233,0.0,0.0,0.0,0.0,0.0
2019-01-17,19,0,236,23.26,23.26,0.0,556.408744,0.0
2019-01-17,19,0,237,21.9,21.9,0.0,531.604775,0.0
2019-01-17,19,0,238,0.55,0.55,0.0,9.41538,0.0
2019-01-17,19,0,240,0.0,0.0,0.0,0.0,0.0
2019-01-17,19,0,245,60.22,60.22,0.0,656.336698,0.0
2019-01-17,19,0,247,75.97,75.97,0.0,827.995665,0.0
2019-01-17,19,0,248,2.2,2.2,0.0,53.403219,0.0
2019-01-17,19,0,249,115.82,115.82,0.0,1262.320099,0.0
2019-01-17,19,0,251,326.4,326.4,0.0,4675.717631,0.0
2019-01-17,19,0,252,249.54,249.54,0.0,2983.255097,0.0
2019-01-17,19,0,254,0.0,0.0,0.0,0.0,0.0
2019-01-17,19,0,255,0.0,0.0,0.0,0.0,0.0
2019-01-17,19,0,258,0.0,0.0,0.0,0.0,0.0
2019-01-17,19,0,260,0.0,0.0,0.0,0.0,0.0
2019-01-17,19,0,265,0.0,0.0,0.0,0.0,0.0
2019-01-17,19,0,266,3.55,3.55,0.0,86.978025,0.0
2019-01-17,19,0,267,4.37,4.37,0.0,107.068724,0.0
2019-01-17,19,0,270,94.56,94.56,0.0,2753.791622,0.0
2019-01-17,19,0,272,22.63,22.63,0.0,634.658401,0.0
2019-01-17,19,0,273,0.0,0.0,0.0,0.0,0.0
2019-01-17,19,0,274,121.9,121.9,0.0,3549.991527,0.0
2019-01-17,19,0,275,169.69,169.69,0.0,4941.73964,0.0
2019-01-17,19,0,276,0.0,0.0,0.0,0.0,0.0
2019-01-17,19,0,277,0.0,0.0,0.0,0.0,0.0
2019-01-17,19,0,278,0.0,0.0,0.0,0.0,0.0
2019-01-17,19,0,279,41.64,41.64,0.0,1160.648941,0.0
2019-01-17,19,0,281,1.74,1.74,0.0,44.270097,0.0
2019-01-17,19,0,282,5.09,5.09,0.0,129.502755,0.0
2019-01-17,20,0,9,0.0,0.0,0.0,0.0,0.0
2019-01-17,20,0,17,0.0,0.0,0.0,0.0,0.0
2019-01-17,20,0,19,317.77,317.77,0.0,4150.408402,0.0
2019-01-17,20,0,20,385.4,385.4,0.0,5033.726904,0.0
2019-01-17,20,0,21,0.0,0.0,0.0,0.0,0.0
2019-01-17,20,0,22,0.0,0.0,0.0,0.0,0.0
2019-01-17,20,0,23,29.72,29.72,0.0,1239.870341,0.0
2019-01-17,20,0,24,52.58,52.58,0.0,2193.552575,0.0
2019-01-17,20,0,29,0.0,0.0,0.0,0.0,0.0
2019-01-17,20,0,30,0.0,0.0,0.0,0.0,0.0
2019-01-17,20,0,31,5.34,5.34,0.0,223.558261,0.0
2019-01-17,20,0,32,0.0,0.0,0.0,0.0,0.0
2019-01-17,20,0,33,0.0,0.0,0.0,0.0,0.0
2019-01-17,20,0,34,0.0,0.0,0.0,0.0,0.0
2019-01-17,20,0,35,0.0,0.0,0.0,0.0,0.0
2019-01-17,20,0,36,0.0,0.0,0.0,0.0,0.0
2019-01-17,20,0,37,0.0,0.0,0.0,0.0,0.0
2019-01-17,20,0,38,0.0,0.0,0.0,0.0,0.0
2019-01-17,20,0,39,0.0,0.0,0.0,0.0,0.0
2019-01-17,20,0,40,0.0,0.0,0.0,0.0,0.0
2019-01-17,20,0,41,9.47,9.47,0.0,323.572725,0.0
2019-01-17,20,0,42,0.0,0.0,0.0,0.0,0.0
2019-01-17,20,0,43,0.0,0.0,0.0,0.0,0.0
2019-01-17,20,0,46,0.0,0.0,0.0,0.0,0.0
2019-01-17,20,0,52,5.66,5.66,0.0,236.955011,0.0
2019-01-17,20,0,53,8.98,8.98,0.0,375.94629,0.0
2019-01-17,20,0,55,41.56,41.56,0.0,1733.815995,0.0
2019-01-17,20,0,56,0.0,0.0,0.0,0.0,0.0
2019-01-17,20,0,57,0.0,0.0,0.0,0.0,0.0
2019-01-17,20,0,58,0.0,0.0,0.0,0.0,0.0
2019-01-17,20,0,59,0.0,0.0,0.0,0.0,0.0
2019-01-17,20,0,63,7.21,7.21,0.0,477.433663,0.0
2019-01-17,20,0,64,8.49,8.49,0.0,562.193037,0.0
2019-01-17,20,0,65,32.24,32.24,0.0,476.658172,0.0
2019-01-17,20,0,67,0.0,0.0,0.0,0.0,0.0
2019-01-17,20,0,68,2.43,2.43,0.0,140.616038,0.0
2019-01-17,20,0,69,0.0,0.0,0.0,0.0,0.0
2019-01-17,20,0,74,7.17,7.17,0.0,171.914182,0.0
2019-01-17,20,0,77,19.81,19.81,0.0,1105.693217,0.0
2019-01-17,20,0,78,15.04,15.04,0.0,839.456132,0.0
2019-01-17,20,0,79,8.75,8.75,0.0,488.380396,0.0
2019-01-17,20,0,80,14.09,14.09,0.0,786.431975,0.0
2019-01-17,20,0,81,18.35,18.35,0.0,1024.203459,0.0
2019-01-17,20,0,82,13.0,13.0,0.0,725.593731,0.0
2019-01-17,20,0,83,28.6,28.6,0.0,1596.306209,0.0
2019-01-17,20,0,84,0.0,0.0,0.0,0.0,0.0
2019-01-17,20,0,86,0.0,0.0,0.0,0.0,0.0
2019-01-17,20,0,87,0.0,0.0,0.0,0.0,0.0
2019-01-17,20,0,88,20.44,20.44,0.0,1140.856605,0.0
2019-01-17,20,0,89,19.65,19.65,0.0,1096.762832,0.0
2019-01-17,20,0,90,26.37,26.37,0.0,1471.838977,0.0
2019-01-17,20,0,91,93.87,93.87,0.0,5239.344889,0.0
2019-01-17,20,0,92,33.81,33.81,0.0,1887.10185,0.0
2019-01-17,20,0,95,10.94,10.94,0.0,752.311619,0.0
2019-01-17,20,0,96,5.58,5.58,0.0,234.459927,0.0
2019-01-17,20,0,97,40.31,40.31,0.0,1693.741875,0.0
2019-01-17,20,0,99,1.38,1.38,0.0,33.088085,0.0
2019-01-17,20,0,101,0.0,0.0,0.0,0.0,0.0
2019-01-17,20,0,102,5.76,5.76,0.0,333.31209,0.0
2019-01-17,20,0,103,5.01,5.01,0.0,289.912078,0.0
2019-01-17,20,0,104,0.93,0.93,0.0,53.816015,0.0
2019-01-17,20,0,106,0.0,0.0,0.0,0.0,0.0
2019-01-17,20,0,109,2.11,2.11,0.0,61.16432,0.0
2019-01-17,20,0,110,153.39,153.39,0.0,9703.696662,0.0
2019-01-17,20,0,111,0.0,0.0,0.0,0.0,0.0
2019-01-17,20,0,113,9.23,9.23,0.0,541.355983,0.0
2019-01-17,20,0,115,9.23,9.23,0.0,541.355983,0.0
2019-01-17,20,0,116,0.0,0.0,0.0,0.0,0.0
2019-01-17,20,0,117,0.62,0.62,0.0,36.364107,0.0
2019-01-17,20,0,119,8.49,8.49,0.0,562.193037,0.0
2019-01-17,20,0,120,4.99,4.99,0.0,330.429123,0.0
2019-01-17,20,0,123,0.0,0.0,0.0,0.0,0.0
2019-01-17,20,0,125,47.58,47.58,0.0,1984.96066,0.0
2019-01-17,20,0,126,0.0,0.0,0.0,0.0,0.0
2019-01-17,20,0,127,0.0,0.0,0.0,0.0,0.0
2019-01-17,20,0,128,68.15,68.15,0.0,2843.107797,0.0
2019-01-17,20,0,131,6.2,6.2,0.0,356.574425,0.0
2019-01-17,20,0,132,9.12,9.12,0.0,524.509477,0.0
2019-01-17,20,0,133,64.07,64.07,0.0,826.416668,0.0
2019-01-17,20,0,134,0.0,0.0,0.0,0.0,0.0
2019-01-17,20,0,135,85.38,85.38,0.0,1101.286953,0.0
2019-01-17,20,0,136,28.41,28.41,0.0,422.721111,0.0
2019-01-17,20,0,139,12.68,12.68,0.0,433.252603,0.0
2019-01-17,20,0,140,113.53,113.53,0.0,7182.089328,0.0
2019-01-17,20,0,141,73.24,73.24,0.0,4335.421387,0.0
2019-01-17,20,0,142,0.0,0.0,0.0,0.0,0.0
2019-01-17,20,0,143,10.35,10.35,0.0,433.301125,0.0
2019-01-17,20,0,145,2.33,2.33,0.0,86.414341,0.0
2019-01-17,20,0,146,194.02,194.02,0.0,12274.015427,0.0
2019-01-17,20,0,152,0.0,0.0,0.0,0.0,0.0
2019-01-17,20,0,153,0.0,0.0,0.0,0.0,0.0
2019-01-17,20,0,154,0.0,0.0,0.0,0.0,0.0
2019-01-17,20,0,157,121.7,121.7,0.0,7203.997581,0.0
2019-01-17,20,0,158,0.0,0.0,0.0,0.0,0.0
2019-01-17,20,0,159,0.0,0.0,0.0,0.0,0.0
2019-01-17,20,0,160,0.0,0.0,0.0,0.0,0.0
2019-01-17,20,0,161,0.0,0.0,0.0,0.0,0.0
2019-01-17,20,0,162,6.2,6.2,0.0,426.072254,0.0
2019-01-17,20,0,163,37.38,37.38,0.0,2364.718568,0.0
2019-01-17,20,0,164,0.0,0.0,0.0,0.0,0.0
2019-01-17,20,0,167,0.0,0.0,0.0,0.0,0.0
2019-01-17,20,0,168,0.0,0.0,0.0,0.0,0.0
2019-01-17,20,0,169,0.0,0.0,0.0,0.0,0.0
2019-01-17,20,0,170,0.0,0.0,0.0,0.0,0.0
2019-01-17,20,0,172,0.0,0.0,0.0,0.0,0.0
2019-01-17,20,0,173,0.0,0.0,0.0,0.0,0.0
2019-01-17,20,0,188,0.0,0.0,0.0,0.0,0.0
2019-01-17,20,0,190,0.0,0.0,0.0,0.0,0.0
2019-01-17,20,0,191,0.0,0.0,0.0,0.0,0.0
2019-01-17,20,0,192,27.59,27.59,0.0,1826.961824,0.0
2019-01-17,20,0,194,11.97,11.97,0.0,721.911772,0.0
2019-01-17,20,0,196,0.0,0.0,0.0,0.0,0.0
2019-01-17,20,0,198,0.0,0.0,0.0,0.0,0.0
2019-01-17,20,0,199,2.89,2.89,0.0,72.322606,0.0
2019-01-17,20,0,200,0.0,0.0,0.0,0.0,0.0
2019-01-17,20,0,204,13.16,13.16,0.0,388.688913,0.0
2019-01-17,20,0,205,11.19,11.19,0.0,324.37381,0.0
2019-01-17,20,0,206,152.71,152.71,0.0,6416.554744,0.0
2019-01-17,20,0,210,0.0,0.0,0.0,0.0,0.0
2019-01-17,20,0,214,0.0,0.0,0.0,0.0,0.0
2019-01-17,20,0,217,0.0,0.0,0.0,0.0,0.0
2019-01-17,20,0,218,0.0,0.0,0.0,0.0,0.0
2019-01-17,20,0,219,0.0,0.0,0.0,0.0,0.0
2019-01-17,20,0,221,0.0,0.0,0.0,0.0,0.0
2019-01-17,20,0,225,0.0,0.0,0.0,0.0,0.0
2019-01-17,20,0,233,0.0,0.0,0.0,0.0,0.0
2019-01-17,20,0,236,19.69,19.69,0.0,420.724336,0.0
2019-01-17,20,0,237,17.19,17.19,0.0,412.162454,0.0
2019-01-17,20,0,238,0.0,0.0,0.0,0.0,0.0
2019-01-17,20,0,240,0.0,0.0,0.0,0.0,0.0
2019-01-17,20,0,245,96.47,96.47,0.0,1315.995978,0.0
2019-01-17,20,0,247,69.89,69.89,0.0,953.404778,0.0
2019-01-17,20,0,248,1.73,1.73,0.0,41.479991,0.0
2019-01-17,20,0,249,185.44,185.44,0.0,2529.68067,0.0
2019-01-17,20,0,251,326.4,326.4,0.0,5206.714805,0.0
2019-01-17,20,0,252,207.95,207.95,0.0,3074.474779,0.0
2019-01-17,20,0,254,0.0,0.0,0.0,0.0,0.0
2019-01-17,20,0,255,0.0,0.0,0.0,0.0,0.0
2019-01-17,20,0,258,0.0,0.0,0.0,0.0,0.0
2019-01-17,20,0,260,0.0,0.0,0.0,0.0,0.0
2019-01-17,20,0,265,0.0,0.0,0.0,0.0,0.0
2019-01-17,20,0,266,7.73,7.73,0.0,264.120081,0.0
2019-01-17,20,0,267,9.77,9.77,0.0,333.823181,0.0
2019-01-17,20,0,270,116.72,116.72,0.0,7383.893829,0.0
2019-01-17,20,0,272,30.84,30.84,0.0,1808.821073,0.0
2019-01-17,20,0,273,0.0,0.0,0.0,0.0,0.0
2019-01-17,20,0,274,150.47,150.47,0.0,9518.972793,0.0
2019-01-17,20,0,275,209.46,209.46,0.0,13250.774515,0.0
2019-01-17,20,0,276,0.0,0.0,0.0,0.0,0.0
2019-01-17,20,0,277,0.0,0.0,0.0,0.0,0.0
2019-01-17,20,0,278,0.0,0.0,0.0,0.0,0.0
2019-01-17,20,0,279,136.69,136.69,0.0,7861.647907,0.0
2019-01-17,20,0,281,2.39,2.39,0.0,100.056975,0.0
2019-01-17,20,0,282,0.0,0.0,0.0,0.0,0.0
2019-01-17,21,0,9,0.0,0.0,0.0,0.0,0.0
2019-01-17,21,0,17,0.0,0.0,0.0,0.0,0.0
2019-01-17,21,0,19,300.34,300.34,0.0,4136.123603,0.0
2019-01-17,21,0,20,364.25,364.25,0.0,5016.258315,0.0
2019-01-17,21,0,21,0.0,0.0,0.0,0.0,0.0
2019-01-17,21,0,22,0.0,0.0,0.0,0.0,0.0
2019-01-17,21,0,23,36.56,36.56,0.0,453.758932,0.0
2019-01-17,21,0,24,64.68,64.68,0.0,802.766076,0.0
2019-01-17,21,0,29,0.0,0.0,0.0,0.0,0.0
2019-01-17,21,0,30,0.0,0.0,0.0,0.0,0.0
2019-01-17,21,0,31,7.36,7.36,0.0,91.314526,0.0
2019-01-17,21,0,32,0.0,0.0,0.0,0.0,0.0
2019-01-17,21,0,33,0.0,0.0,0.0,0.0,0.0
2019-01-17,21,0,34,0.0,0.0,0.0,0.0,0.0
2019-01-17,21,0,35,0.0,0.0,0.0,0.0,0.0
2019-01-17,21,0,36,0.0,0.0,0.0,0.0,0.0
2019-01-17,21,0,37,0.0,0.0,0.0,0.0,0.0
2019-01-17,21,0,38,0.0,0.0,0.0,0.0,0.0
2019-01-17,21,0,39,0.0,0.0,0.0,0.0,0.0
2019-01-17,21,0,40,0.0,0.0,0.0,0.0,0.0
2019-01-17,21,0,41,22.74,22.74,0.0,288.698894,0.0
2019-01-17,21,0,42,0.0,0.0,0.0,0.0,0.0
2019-01-17,21,0,43,0.0,0.0,0.0,0.0,0.0
2019-01-17,21,0,46,0.0,0.0,0.0,0.0,0.0
2019-01-17,21,0,52,7.8,7.8,0.0,96.773547,0.0
2019-01-17,21,0,53,12.4,12.4,0.0,153.845125,0.0
2019-01-17,21,0,55,56.19,56.19,0.0,697.39372,0.0
2019-01-17,21,0,56,0.0,0.0,0.0,0.0,0.0
2019-01-17,21,0,57,0.0,0.0,0.0,0.0,0.0
2019-01-17,21,0,58,0.0,0.0,0.0,0.0,0.0
2019-01-17,21,0,59,0.0,0.0,0.0,0.0,0.0
2019-01-17,21,0,63,18.16,18.16,0.0,484.48407,0.0
2019-01-17,21,0,64,21.36,21.36,0.0,569.855712,0.0
2019-01-17,21,0,65,27.13,27.13,0.0,373.122446,0.0
2019-01-17,21,0,67,0.0,0.0,0.0,0.0,0.0
2019-01-17,21,0,68,2.96,2.96,0.0,30.527431,0.0
2019-01-17,21,0,69,0.0,0.0,0.0,0.0,0.0
2019-01-17,21,0,74,5.8,5.8,0.0,76.969097,0.0
2019-01-17,21,0,77,52.0,52.0,0.0,623.548561,0.0
2019-01-17,21,0,78,39.39,39.39,0.0,472.338035,0.0
2019-01-17,21,0,79,22.85,22.85,0.0,274.001627,0.0
2019-01-17,21,0,80,36.87,36.87,0.0,442.119912,0.0
2019-01-17,21,0,81,48.13,48.13,0.0,577.142158,0.0
2019-01-17,21,0,82,34.02,34.02,0.0,407.944655,0.0
2019-01-17,21,0,83,75.38,75.38,0.0,903.905587,0.0
2019-01-17,21,0,84,0.0,0.0,0.0,0.0,0.0
2019-01-17,21,0,86,0.0,0.0,0.0,0.0,0.0
2019-01-17,21,0,87,0.0,0.0,0.0,0.0,0.0
2019-01-17,21,0,88,50.46,50.46,0.0,605.08193,0.0
2019-01-17,21,0,89,48.51,48.51,0.0,581.698859,0.0
2019-01-17,21,0,90,65.13,65.13,0.0,780.994572,0.0
2019-01-17,21,0,91,232.35,232.35,0.0,2786.182848,0.0
2019-01-17,21,0,92,83.56,83.56,0.0,1001.994572,0.0
2019-01-17,21,0,95,9.33,9.33,0.0,237.10976,0.0
2019-01-17,21,0,96,7.46,7.46,0.0,92.52025,0.0
2019-01-17,21,0,97,45.89,45.89,0.0,569.135962,0.0
2019-01-17,21,0,99,1.12,1.12,0.0,14.862998,0.0
2019-01-17,21,0,101,0.0,0.0,0.0,0.0,0.0
2019-01-17,21,0,102,7.01,7.01,0.0,72.296381,0.0
2019-01-17,21,0,103,6.09,6.09,0.0,62.808126,0.0
2019-01-17,21,0,104,1.13,1.13,0.0,11.654053,0.0
2019-01-17,21,0,106,0.0,0.0,0.0,0.0,0.0
2019-01-17,21,0,109,8.76,8.76,0.0,111.771349,0.0
2019-01-17,21,0,110,173.33,173.33,0.0,392.284804,0.0
2019-01-17,21,0,111,0.0,0.0,0.0,0.0,0.0
2019-01-17,21,0,113,23.25,23.25,0.0,286.027003,0.0
2019-01-17,21,0,115,23.25,23.25,0.0,286.027003,0.0
2019-01-17,21,0,116,0.0,0.0,0.0,0.0,0.0
2019-01-17,21,0,117,1.56,1.56,0.0,19.191489,0.0
2019-01-17,21,0,119,21.36,21.36,0.0,569.855712,0.0
2019-01-17,21,0,120,12.56,12.56,0.0,335.083696,0.0
2019-01-17,21,0,123,0.0,0.0,0.0,0.0,0.0
2019-01-17,21,0,125,58.53,58.53,0.0,726.436277,0.0
2019-01-17,21,0,126,0.0,0.0,0.0,0.0,0.0
2019-01-17,21,0,127,0.0,0.0,0.0,0.0,0.0
2019-01-17,21,0,128,83.83,83.83,0.0,1040.443416,0.0
2019-01-17,21,0,131,8.06,8.06,0.0,87.391026,0.0
2019-01-17,21,0,132,11.85,11.85,0.0,128.484325,0.0
2019-01-17,21,0,133,51.25,51.25,0.0,705.876444,0.0
2019-01-17,21,0,134,0.0,0.0,0.0,0.0,0.0
2019-01-17,21,0,135,66.63,66.63,0.0,917.708244,0.0
2019-01-17,21,0,136,24.11,24.11,0.0,331.563715,0.0
2019-01-17,21,0,139,29.95,29.95,0.0,380.234471,0.0
2019-01-17,21,0,140,128.28,128.28,0.0,290.326514,0.0
2019-01-17,21,0,141,87.62,87.62,0.0,730.020948,0.0
2019-01-17,21,0,142,0.0,0.0,0.0,0.0,0.0
2019-01-17,21,0,143,13.91,13.91,0.0,172.579491,0.0
2019-01-17,21,0,145,5.2,5.2,0.0,65.200857,0.0
2019-01-17,21,0,146,268.0,268.0,0.0,606.544323,0.0
2019-01-17,21,0,152,0.0,0.0,0.0,0.0,0.0
2019-01-17,21,0,153,0.0,0.0,0.0,0.0,0.0
2019-01-17,21,0,154,0.0,0.0,0.0,0.0,0.0
2019-01-17,21,0,157,140.46,140.46,0.0,1170.266404,0.0
2019-01-17,21,0,158,0.0,0.0,0.0,0.0,0.0
2019-01-17,21,0,159,0.0,0.0,0.0,0.0,0.0
2019-01-17,21,0,160,0.0,0.0,0.0,0.0,0.0
2019-01-17,21,0,161,0.0,0.0,0.0,0.0,0.0
2019-01-17,21,0,162,4.31,4.31,0.0,109.594843,0.0
2019-01-17,21,0,163,46.24,46.24,0.0,104.651528,0.0
2019-01-17,21,0,164,0.0,0.0,0.0,0.0,0.0
2019-01-17,21,0,167,0.0,0.0,0.0,0.0,0.0
2019-01-17,21,0,168,0.0,0.0,0.0,0.0,0.0
2019-01-17,21,0,169,0.0,0.0,0.0,0.0,0.0
2019-01-17,21,0,170,0.0,0.0,0.0,0.0,0.0
2019-01-17,21,0,172,0.0,0.0,0.0,0.0,0.0
2019-01-17,21,0,173,0.0,0.0,0.0,0.0,0.0
2019-01-17,21,0,188,0.0,0.0,0.0,0.0,0.0
2019-01-17,21,0,190,0.0,0.0,0.0,0.0,0.0
2019-01-17,21,0,191,0.0,0.0,0.0,0.0,0.0
2019-01-17,21,0,192,45.42,45.42,0.0,1211.743747,0.0
2019-01-17,21,0,194,24.82,24.82,0.0,349.152481,0.0
2019-01-17,21,0,196,0.0,0.0,0.0,0.0,0.0
2019-01-17,21,0,198,0.0,0.0,0.0,0.0,0.0
2019-01-17,21,0,199,0.0,0.0,0.0,0.0,0.0
2019-01-17,21,0,200,0.0,0.0,0.0,0.0,0.0
2019-01-17,21,0,204,71.77,71.77,0.0,912.819689,0.0
2019-01-17,21,0,205,40.63,40.63,0.0,518.409807,0.0
2019-01-17,21,0,206,134.84,134.84,0.0,1672.309722,0.0
2019-01-17,21,0,210,0.0,0.0,0.0,0.0,0.0
2019-01-17,21,0,214,0.0,0.0,0.0,0.0,0.0
2019-01-17,21,0,217,0.0,0.0,0.0,0.0,0.0
2019-01-17,21,0,218,0.0,0.0,0.0,0.0,0.0
2019-01-17,21,0,219,0.0,0.0,0.0,0.0,0.0
2019-01-17,21,0,221,0.0,0.0,0.0,0.0,0.0
2019-01-17,21,0,225,0.0,0.0,0.0,0.0,0.0
2019-01-17,21,0,233,0.0,0.0,0.0,0.0,0.0
2019-01-17,21,0,236,16.87,16.87,0.0,228.004086,0.0
2019-01-17,21,0,237,13.91,13.91,0.0,184.593128,0.0
2019-01-17,21,0,238,0.0,0.0,0.0,0.0,0.0
2019-01-17,21,0,240,0.0,0.0,0.0,0.0,0.0
2019-01-17,21,0,245,157.83,157.83,0.0,2184.195542,0.0
2019-01-17,21,0,247,67.11,67.11,0.0,928.72941,0.0
2019-01-17,21,0,248,1.4,1.4,0.0,18.578748,0.0
2019-01-17,21,0,249,303.52,303.52,0.0,4200.386687,0.0
2019-01-17,21,0,251,307.06,307.06,0.0,4213.790493,0.0
2019-01-17,21,0,252,174.98,174.98,0.0,2406.522873,0.0
2019-01-17,21,0,254,0.0,0.0,0.0,0.0,0.0
2019-01-17,21,0,255,0.0,0.0,0.0,0.0,0.0
2019-01-17,21,0,258,0.0,0.0,0.0,0.0,0.0
2019-01-17,21,0,260,0.0,0.0,0.0,0.0,0.0
2019-01-17,21,0,265,0.0,0.0,0.0,0.0,0.0
2019-01-17,21,0,266,18.76,18.76,0.0,238.170239,0.0
2019-01-17,21,0,267,23.42,23.42,0.0,297.33193,0.0
2019-01-17,21,0,270,144.41,144.41,0.0,326.832335,0.0
2019-01-17,21,0,272,77.66,77.66,0.0,955.391701,0.0
2019-01-17,21,0,273,0.0,0.0,0.0,0.0,0.0
2019-01-17,21,0,274,186.16,186.16,0.0,421.321982,0.0
2019-01-17,21,0,275,259.14,259.14,0.0,586.492149,0.0
2019-01-17,21,0,276,0.0,0.0,0.0,0.0,0.0
2019-01-17,21,0,277,0.0,0.0,0.0,0.0,0.0
2019-01-17,21,0,278,0.0,0.0,0.0,0.0,0.0
2019-01-17,21,0,279,180.1,180.1,0.0,2193.182979,0.0
2019-01-17,21,0,281,3.3,3.3,0.0,40.942654,0.0
2019-01-17,21,0,282,0.0,0.0,0.0,0.0,0.0
2019-01-17,22,0,9,0.0,0.0,0.0,0.0,0.0
2019-01-17,22,0,17,0.0,0.0,0.0,0.0,0.0
2019-01-17,22,0,19,302.78,302.78,0.0,2910.328342,0.0
2019-01-17,22,0,20,367.21,367.21,0.0,3529.630988,0.0
2019-01-17,22,0,21,0.0,0.0,0.0,0.0,0.0
2019-01-17,22,0,22,0.0,0.0,0.0,0.0,0.0
2019-01-17,22,0,23,44.89,44.89,0.0,340.283592,0.0
2019-01-17,22,0,24,79.42,79.42,0.0,602.034371,0.0
2019-01-17,22,0,29,0.0,0.0,0.0,0.0,0.0
2019-01-17,22,0,30,0.0,0.0,0.0,0.0,0.0
2019-01-17,22,0,31,10.06,10.06,0.0,76.13213,0.0
2019-01-17,22,0,32,0.0,0.0,0.0,0.0,0.0
2019-01-17,22,0,33,0.0,0.0,0.0,0.0,0.0
2019-01-17,22,0,34,0.0,0.0,0.0,0.0,0.0
2019-01-17,22,0,35,0.0,0.0,0.0,0.0,0.0
2019-01-17,22,0,36,0.0,0.0,0.0,0.0,0.0
2019-01-17,22,0,37,0.0,0.0,0.0,0.0,0.0
2019-01-17,22,0,38,0.0,0.0,0.0,0.0,0.0
2019-01-17,22,0,39,0.0,0.0,0.0,0.0,0.0
2019-01-17,22,0,40,0.0,0.0,0.0,0.0,0.0
2019-01-17,22,0,41,31.25,31.25,0.0,257.481543,0.0
2019-01-17,22,0,42,0.0,0.0,0.0,0.0,0.0
2019-01-17,22,0,43,0.0,0.0,0.0,0.0,0.0
2019-01-17,22,0,46,0.0,0.0,0.0,0.0,0.0
2019-01-17,22,0,52,10.66,10.66,0.0,80.672813,0.0
2019-01-17,22,0,53,16.94,16.94,0.0,128.198636,0.0
2019-01-17,22,0,55,141.89,141.89,0.0,1075.581175,0.0
2019-01-17,22,0,56,0.0,0.0,0.0,0.0,0.0
2019-01-17,22,0,57,0.0,0.0,0.0,0.0,0.0
2019-01-17,22,0,58,0.0,0.0,0.0,0.0,0.0
2019-01-17,22,0,59,0.0,0.0,0.0,0.0,0.0
2019-01-17,22,0,63,39.45,39.45,0.0,924.733093,0.0
2019-01-17,22,0,64,46.41,46.41,0.0,1087.87992,0.0
2019-01-17,22,0,65,22.93,22.93,0.0,220.058949,0.0
2019-01-17,22,0,67,0.0,0.0,0.0,-0.0,0.0
2019-01-17,22,0,68,3.59,3.59,0.0,7.431586,0.0
2019-01-17,22,0,69,0.0,0.0,0.0,0.0,0.0
2019-01-17,22,0,74,4.97,4.97,0.0,45.58939,0.0
2019-01-17,22,0,77,76.56,76.56,0.0,487.820128,0.0
2019-01-17,22,0,78,57.88,57.88,0.0,368.796095,0.0
2019-01-17,22,0,79,33.49,33.49,0.0,213.389447,0.0
2019-01-17,22,0,80,54.16,54.16,0.0,345.093236,0.0
2019-01-17,22,0,81,70.81,70.81,0.0,451.182645,0.0
2019-01-17,22,0,82,49.95,49.95,0.0,318.268226,0.0
2019-01-17,22,0,83,111.39,111.39,0.0,709.747702,0.0
2019-01-17,22,0,84,0.0,0.0,0.0,0.0,0.0
2019-01-17,22,0,86,0.0,0.0,0.0,0.0,0.0
2019-01-17,22,0,87,0.0,0.0,0.0,0.0,0.0
2019-01-17,22,0,88,68.13,68.13,0.0,434.106391,0.0
2019-01-17,22,0,89,65.49,65.49,0.0,417.285008,0.0
2019-01-17,22,0,90,87.94,87.94,0.0,560.330487,0.0
2019-01-17,22,0,91,313.69,313.69,0.0,1998.749948,0.0
2019-01-17,22,0,92,112.82,112.82,0.0,718.859285,0.0
2019-01-17,22,0,95,8.54,8.54,0.0,177.814474,0.0
2019-01-17,22,0,96,10.26,10.26,0.0,77.510785,0.0
2019-01-17,22,0,97,63.09,63.09,0.0,476.623338,0.0
2019-01-17,22,0,99,0.96,0.96,0.0,8.805999,0.0
2019-01-17,22,0,101,0.0,0.0,0.0,0.0,0.0
2019-01-17,22,0,102,8.51,8.51,0.0,17.616379,0.0
2019-01-17,22,0,103,7.4,7.4,0.0,15.31859,0.0
2019-01-17,22,0,104,1.37,1.37,0.0,2.836009,0.0
2019-01-17,22,0,106,0.0,0.0,0.0,0.0,0.0
2019-01-17,22,0,109,40.25,40.25,0.0,348.786525,0.0
2019-01-17,22,0,110,196.71,196.71,0.0,-3643.755392,0.0
2019-01-17,22,0,111,0.0,0.0,0.0,0.0,0.0
2019-01-17,22,0,113,54.84,54.84,0.0,391.416187,0.0
2019-01-17,22,0,115,54.84,54.84,0.0,391.416187,0.0
2019-01-17,22,0,116,0.0,0.0,0.0,-0.0,0.0
2019-01-17,22,0,117,3.66,3.66,0.0,26.122962,0.0
2019-01-17,22,0,119,46.41,46.41,0.0,1087.87992,0.0
2019-01-17,22,0,120,27.29,27.29,0.0,639.694958,0.0
2019-01-17,22,0,123,0.0,0.0,0.0,0.0,0.0
2019-01-17,22,0,125,71.87,71.87,0.0,544.802446,0.0
2019-01-17,22,0,126,0.0,0.0,0.0,0.0,0.0
2019-01-17,22,0,127,0.0,0.0,0.0,0.0,0.0
2019-01-17,22,0,128,102.94,102.94,0.0,780.325084,0.0
2019-01-17,22,0,131,10.35,10.35,0.0,35.438026,0.0
2019-01-17,22,0,132,15.21,15.21,0.0,52.07849,0.0
2019-01-17,22,0,133,77.97,77.97,0.0,749.55988,0.0
2019-01-17,22,0,134,0.0,0.0,0.0,0.0,0.0
2019-01-17,22,0,135,104.47,104.47,0.0,1004.316028,0.0
2019-01-17,22,0,136,20.19,20.19,0.0,193.746537,0.0
2019-01-17,22,0,139,40.36,40.36,0.0,332.542562,0.0
2019-01-17,22,0,140,145.59,145.59,0.0,-2696.834668,0.0
2019-01-17,22,0,141,104.76,104.76,0.0,-314.210163,0.0
2019-01-17,22,0,142,0.0,0.0,0.0,-0.0,0.0
2019-01-17,22,0,143,18.43,18.43,0.0,139.474667,0.0
2019-01-17,22,0,145,24.22,24.22,0.0,193.162341,0.0
2019-01-17,22,0,146,268.0,268.0,0.0,-4964.294876,0.0
2019-01-17,22,0,152,0.0,0.0,0.0,0.0,0.0
2019-01-17,22,0,153,0.0,0.0,0.0,0.0,0.0
2019-01-17,22,0,154,0.0,0.0,0.0,0.0,0.0
2019-01-17,22,0,157,160.92,160.92,0.0,-482.652725,0.0
2019-01-17,22,0,158,0.0,0.0,0.0,-0.0,0.0
2019-01-17,22,0,159,0.0,0.0,0.0,0.0,0.0
2019-01-17,22,0,160,0.0,0.0,0.0,0.0,0.0
2019-01-17,22,0,161,0.0,0.0,0.0,0.0,0.0
2019-01-17,22,0,162,2.06,2.06,0.0,42.951607,0.0
2019-01-17,22,0,163,57.62,57.62,0.0,-1067.323398,0.0
2019-01-17,22,0,164,0.0,0.0,0.0,0.0,0.0
2019-01-17,22,0,167,0.0,0.0,0.0,0.0,0.0
2019-01-17,22,0,168,0.0,0.0,0.0,0.0,0.0
2019-01-17,22,0,169,0.0,0.0,0.0,0.0,0.0
2019-01-17,22,0,170,0.0,0.0,0.0,0.0,0.0
2019-01-17,22,0,172,0.0,0.0,0.0,0.0,0.0
2019-01-17,22,0,173,0.0,0.0,0.0,0.0,0.0
2019-01-17,22,0,188,0.0,0.0,0.0,0.0,0.0
2019-01-17,22,0,190,0.0,0.0,0.0,0.0,0.0
2019-01-17,22,0,191,0.0,0.0,0.0,0.0,0.0
2019-01-17,22,0,192,70.72,70.72,0.0,1657.721782,0.0
2019-01-17,22,0,194,45.85,45.85,0.0,533.018719,0.0
2019-01-17,22,0,196,0.0,0.0,0.0,0.0,0.0
2019-01-17,22,0,198,0.0,0.0,0.0,0.0,0.0
2019-01-17,22,0,199,0.0,0.0,0.0,0.0,0.0
2019-01-17,22,0,200,0.0,0.0,0.0,0.0,0.0
2019-01-17,22,0,204,163.81,163.81,0.0,1411.095192,0.0
2019-01-17,22,0,205,200.25,200.25,0.0,1735.267121,0.0
2019-01-17,22,0,206,185.37,185.37,0.0,1400.406851,0.0
2019-01-17,22,0,210,0.0,0.0,0.0,0.0,0.0
2019-01-17,22,0,214,0.0,0.0,0.0,0.0,0.0
2019-01-17,22,0,217,0.0,0.0,0.0,0.0,0.0
2019-01-17,22,0,218,0.0,0.0,0.0,0.0,0.0
2019-01-17,22,0,219,0.0,0.0,0.0,0.0,0.0
2019-01-17,22,0,221,0.0,0.0,0.0,0.0,0.0
2019-01-17,22,0,225,0.0,0.0,0.0,0.0,0.0
2019-01-17,22,0,233,0.0,0.0,0.0,0.0,0.0
2019-01-17,22,0,236,14.66,14.66,0.0,137.898648,0.0
2019-01-17,22,0,237,11.91,11.91,0.0,109.249424,0.0
2019-01-17,22,0,238,0.0,0.0,0.0,0.0,0.0
2019-01-17,22,0,240,0.0,0.0,0.0,0.0,0.0
2019-01-17,22,0,245,155.77,155.77,0.0,1505.876731,0.0
2019-01-17,22,0,247,68.46,68.46,0.0,661.823978,0.0
2019-01-17,22,0,248,1.2,1.2,0.0,11.007499,0.0
2019-01-17,22,0,249,299.55,299.55,0.0,2895.842426,0.0
2019-01-17,22,0,251,583.87,583.87,0.0,5588.981491,0.0
2019-01-17,22,0,252,147.9,147.9,0.0,1419.394619,0.0
2019-01-17,22,0,254,0.0,0.0,0.0,0.0,0.0
2019-01-17,22,0,255,0.0,0.0,0.0,0.0,0.0
2019-01-17,22,0,258,0.0,0.0,0.0,0.0,0.0
2019-01-17,22,0,260,0.0,0.0,0.0,0.0,0.0
2019-01-17,22,0,265,0.0,0.0,0.0,0.0,0.0
2019-01-17,22,0,266,26.14,26.14,0.0,215.378161,0.0
2019-01-17,22,0,267,32.12,32.12,0.0,264.649829,0.0
2019-01-17,22,0,270,179.95,179.95,0.0,-3333.301728,0.0
2019-01-17,22,0,272,183.29,183.29,0.0,1308.217958,0.0
2019-01-17,22,0,273,0.0,0.0,0.0,-0.0,0.0
2019-01-17,22,0,274,231.98,231.98,0.0,-4297.078826,0.0
2019-01-17,22,0,275,322.92,322.92,0.0,-5981.604856,0.0
2019-01-17,22,0,276,0.0,0.0,0.0,-0.0,0.0
2019-01-17,22,0,277,0.0,0.0,0.0,0.0,0.0
2019-01-17,22,0,278,0.0,0.0,0.0,0.0,0.0
2019-01-17,22,0,279,95.3,95.3,0.0,650.941488,0.0
2019-01-17,22,0,281,4.51,4.51,0.0,34.130806,0.0
2019-01-17,22,0,282,0.0,0.0,0.0,0.0,0.0
2019-01-17,23,0,9,0.0,0.0,0.0,0.0,0.0
2019-01-17,23,0,17,0.0,0.0,0.0,0.0,0.0
2019-01-17,23,0,19,196.81,196.81,0.0,2192.142406,0.0
2019-01-17,23,0,20,238.7,238.7,0.0,2658.728684,0.0
2019-01-17,23,0,21,0.0,0.0,0.0,0.0,0.0
2019-01-17,23,0,22,0.0,0.0,0.0,0.0,0.0
2019-01-17,23,0,23,47.96,47.96,0.0,296.74234,0.0
2019-01-17,23,0,24,84.86,84.86,0.0,525.053273,0.0
2019-01-17,23,0,29,0.0,0.0,0.0,0.0,0.0
2019-01-17,23,0,30,0.0,0.0,0.0,0.0,0.0
2019-01-17,23,0,31,10.03,10.03,0.0,61.77609,0.0
2019-01-17,23,0,32,0.0,0.0,0.0,0.0,0.0
2019-01-17,23,0,33,0.0,0.0,0.0,0.0,0.0
2019-01-17,23,0,34,0.0,0.0,0.0,0.0,0.0
2019-01-17,23,0,35,0.0,0.0,0.0,0.0,0.0
2019-01-17,23,0,36,0.0,0.0,0.0,0.0,0.0
2019-01-17,23,0,37,0.0,0.0,0.0,0.0,0.0
2019-01-17,23,0,38,0.0,0.0,0.0,0.0,0.0
2019-01-17,23,0,39,0.0,0.0,0.0,0.0,0.0
2019-01-17,23,0,40,0.0,0.0,0.0,0.0,0.0
2019-01-17,23,0,41,34.72,34.72,0.0,267.120549,0.0
2019-01-17,23,0,42,0.0,0.0,0.0,0.0,0.0
2019-01-17,23,0,43,0.0,0.0,0.0,0.0,0.0
2019-01-17,23,0,46,0.0,0.0,0.0,0.0,0.0
2019-01-17,23,0,52,10.63,10.63,0.0,65.471569,0.0
2019-01-17,23,0,53,16.89,16.89,0.0,104.027732,0.0
2019-01-17,23,0,55,251.46,251.46,0.0,1555.85548,0.0
2019-01-17,23,0,56,0.0,0.0,0.0,0.0,0.0
2019-01-17,23,0,57,0.0,0.0,0.0,0.0,0.0
2019-01-17,23,0,58,0.0,0.0,0.0,0.0,0.0
2019-01-17,23,0,59,0.0,0.0,0.0,0.0,0.0
2019-01-17,23,0,63,40.52,40.52,0.0,900.630938,0.0
2019-01-17,23,0,64,47.67,47.67,0.0,1059.552735,0.0
2019-01-17,23,0,65,17.94,17.94,0.0,199.070659,0.0
2019-01-17,23,0,67,0.0,0.0,0.0,-0.0,0.0
2019-01-17,23,0,68,3.55,3.55,0.0,-9.471355,0.0
2019-01-17,23,0,69,0.0,0.0,0.0,0.0,0.0
2019-01-17,23,0,74,5.43,5.43,0.0,53.956188,0.0
2019-01-17,23,0,77,88.63,88.63,0.0,309.248762,0.0
2019-01-17,23,0,78,67.0,67.0,0.0,233.77713,0.0
2019-01-17,23,0,79,38.77,38.77,0.0,135.276706,0.0
2019-01-17,23,0,80,62.7,62.7,0.0,218.773523,0.0
2019-01-17,23,0,81,81.98,81.98,0.0,286.045509,0.0
2019-01-17,23,0,82,57.83,57.83,0.0,201.781066,0.0
2019-01-17,23,0,83,128.95,128.95,0.0,449.933745,0.0
2019-01-17,23,0,84,0.0,0.0,0.0,0.0,0.0
2019-01-17,23,0,86,0.0,0.0,0.0,0.0,0.0
2019-01-17,23,0,87,0.0,0.0,0.0,0.0,0.0
2019-01-17,23,0,88,77.07,77.07,0.0,268.913484,0.0
2019-01-17,23,0,89,74.08,74.08,0.0,258.480743,0.0
2019-01-17,23,0,90,99.47,99.47,0.0,347.071808,0.0
2019-01-17,23,0,91,354.83,354.83,0.0,1238.076702,0.0
2019-01-17,23,0,92,127.61,127.61,0.0,445.258202,0.0
2019-01-17,23,0,95,4.49,4.49,0.0,83.544498,0.0
2019-01-17,23,0,96,10.43,10.43,0.0,63.932825,0.0
2019-01-17,23,0,97,64.15,64.15,0.0,393.220585,0.0
2019-01-17,23,0,99,1.05,1.05,0.0,10.433517,0.0
2019-01-17,23,0,101,0.0,0.0,0.0,0.0,0.0
2019-01-17,23,0,102,8.41,8.41,0.0,-22.437773,0.0
2019-01-17,23,0,103,7.31,7.31,0.0,-19.502987,0.0
2019-01-17,23,0,104,1.36,1.36,0.0,-3.628463,0.0
2019-01-17,23,0,106,0.0,0.0,0.0,0.0,0.0
2019-01-17,23,0,109,49.39,49.39,0.0,424.312299,0.0
2019-01-17,23,0,110,318.16,318.16,0.0,-10126.30906,0.0
2019-01-17,23,0,111,0.0,0.0,0.0,0.0,0.0
2019-01-17,23,0,113,57.91,57.91,0.0,252.252776,0.0
2019-01-17,23,0,115,57.91,57.91,0.0,252.252776,0.0
2019-01-17,23,0,116,0.0,0.0,0.0,-0.0,0.0
2019-01-17,23,0,117,3.86,3.86,0.0,16.813948,0.0
2019-01-17,23,0,119,47.67,47.67,0.0,1059.552735,0.0
2019-01-17,23,0,120,28.03,28.03,0.0,623.017897,0.0
2019-01-17,23,0,123,0.0,0.0,0.0,0.0,0.0
2019-01-17,23,0,125,76.79,76.79,0.0,475.121858,0.0
2019-01-17,23,0,126,0.0,0.0,0.0,0.0,0.0
2019-01-17,23,0,127,0.0,0.0,0.0,0.0,0.0
2019-01-17,23,0,128,109.99,109.99,0.0,680.539825,0.0
2019-01-17,23,0,131,10.58,10.58,0.0,-7.944913,0.0
2019-01-17,23,0,132,15.55,15.55,0.0,-11.677069,0.0
2019-01-17,23,0,133,53.85,53.85,0.0,600.013749,0.0
2019-01-17,23,0,134,0.0,0.0,0.0,0.0,0.0
2019-01-17,23,0,135,72.16,72.16,0.0,804.029566,0.0
2019-01-17,23,0,136,14.57,14.57,0.0,161.642044,0.0
2019-01-17,23,0,139,44.83,44.83,0.0,344.902483,0.0
2019-01-17,23,0,140,235.47,235.47,0.0,-7494.474461,0.0
2019-01-17,23,0,141,121.68,121.68,0.0,-1198.072291,0.0
2019-01-17,23,0,142,0.0,0.0,0.0,-0.0,0.0
2019-01-17,23,0,143,19.84,19.84,0.0,122.19717,0.0
2019-01-17,23,0,145,9.54,9.54,0.0,67.376885,0.0
2019-01-17,23,0,146,268.0,268.0,0.0,-8529.830363,0.0
2019-01-17,23,0,152,0.0,0.0,0.0,0.0,0.0
2019-01-17,23,0,153,0.0,0.0,0.0,0.0,0.0
2019-01-17,23,0,154,0.0,0.0,0.0,0.0,0.0
2019-01-17,23,0,157,170.58,170.58,0.0,-1679.546116,0.0
2019-01-17,23,0,158,0.0,0.0,0.0,-0.0,0.0
2019-01-17,23,0,159,0.0,0.0,0.0,0.0,0.0
2019-01-17,23,0,160,0.0,0.0,0.0,0.0,0.0
2019-01-17,23,0,161,0.0,0.0,0.0,-0.0,0.0
2019-01-17,23,0,162,0.0,0.0,0.0,0.0,0.0
2019-01-17,23,0,163,59.23,59.23,0.0,-1885.156166,0.0
2019-01-17,23,0,164,0.0,0.0,0.0,0.0,0.0
2019-01-17,23,0,167,0.0,0.0,0.0,0.0,0.0
2019-01-17,23,0,168,0.0,0.0,0.0,0.0,0.0
2019-01-17,23,0,169,0.0,0.0,0.0,0.0,0.0
2019-01-17,23,0,170,0.0,0.0,0.0,0.0,0.0
2019-01-17,23,0,172,0.0,0.0,0.0,0.0,0.0
2019-01-17,23,0,173,0.0,0.0,0.0,0.0,0.0
2019-01-17,23,0,188,0.0,0.0,0.0,0.0,0.0
2019-01-17,23,0,190,0.0,0.0,0.0,0.0,0.0
2019-01-17,23,0,191,0.0,0.0,0.0,0.0,0.0
2019-01-17,23,0,192,72.83,72.83,0.0,1618.779646,0.0
2019-01-17,23,0,194,52.94,52.94,0.0,556.277427,0.0
2019-01-17,23,0,196,0.0,0.0,0.0,0.0,0.0
2019-01-17,23,0,198,0.0,0.0,0.0,0.0,0.0
2019-01-17,23,0,199,0.0,0.0,0.0,0.0,0.0
2019-01-17,23,0,200,0.0,0.0,0.0,0.0,0.0
2019-01-17,23,0,204,189.28,189.28,0.0,1601.704067,0.0
2019-01-17,23,0,205,261.25,261.25,0.0,2244.413609,0.0
2019-01-17,23,0,206,188.51,188.51,0.0,1155.510718,0.0
2019-01-17,23,0,210,0.0,0.0,0.0,0.0,0.0
2019-01-17,23,0,214,0.0,0.0,0.0,0.0,0.0
2019-01-17,23,0,217,0.0,0.0,0.0,0.0,0.0
2019-01-17,23,0,218,0.0,0.0,0.0,0.0,0.0
2019-01-17,23,0,219,0.0,0.0,0.0,0.0,0.0
2019-01-17,23,0,221,0.0,0.0,0.0,0.0,0.0
2019-01-17,23,0,225,0.0,0.0,0.0,0.0,0.0
2019-01-17,23,0,233,0.0,0.0,0.0,0.0,0.0
2019-01-17,23,0,236,13.92,13.92,0.0,147.024012,0.0
2019-01-17,23,0,237,13.02,13.02,0.0,129.37561,0.0
2019-01-17,23,0,238,0.0,0.0,0.0,0.0,0.0
2019-01-17,23,0,240,0.0,0.0,0.0,0.0,0.0
2019-01-17,23,0,245,118.6,118.6,0.0,1339.28416,0.0
2019-01-17,23,0,247,52.34,52.34,0.0,591.046652,0.0
2019-01-17,23,0,248,1.31,1.31,0.0,13.017054,0.0
2019-01-17,23,0,249,228.08,228.08,0.0,2575.581208,0.0
2019-01-17,23,0,251,241.02,241.02,0.0,2657.890696,0.0
2019-01-17,23,0,252,115.71,115.71,0.0,1283.972463,0.0
2019-01-17,23,0,254,0.0,0.0,0.0,0.0,0.0
2019-01-17,23,0,255,0.0,0.0,0.0,0.0,0.0
2019-01-17,23,0,258,0.0,0.0,0.0,0.0,0.0
2019-01-17,23,0,260,0.0,0.0,0.0,0.0,0.0
2019-01-17,23,0,265,0.0,0.0,0.0,0.0,0.0
2019-01-17,23,0,266,29.03,29.03,0.0,223.344169,0.0
2019-01-17,23,0,267,35.67,35.67,0.0,274.429435,0.0
2019-01-17,23,0,270,184.96,184.96,0.0,-5886.856059,0.0
2019-01-17,23,0,272,193.52,193.52,0.0,842.962481,0.0
2019-01-17,23,0,273,0.0,0.0,0.0,-0.0,0.0
2019-01-17,23,0,274,238.44,238.44,0.0,-7589.002805,0.0
2019-01-17,23,0,275,331.91,331.91,0.0,-10563.940282,0.0
2019-01-17,23,0,276,0.0,0.0,0.0,-0.0,0.0
2019-01-17,23,0,277,0.0,0.0,0.0,0.0,0.0
2019-01-17,23,0,278,0.0,0.0,0.0,0.0,0.0
2019-01-17,23,0,279,94.17,94.17,0.0,377.476426,0.0
2019-01-17,23,0,281,4.5,4.5,0.0,27.716092,0.0
2019-01-17,23,0,282,0.0,0.0,0.0,0.0,0.0
2019-01-18,0,0,9,0.0,0.0,0.0,0.0,0.0
2019-01-18,0,0,17,0.0,0.0,0.0,0.0,0.0
2019-01-18,0,0,19,120.66,120.66,0.0,1154.572803,0.0
2019-01-18,0,0,20,146.34,146.34,0.0,1400.299884,0.0
2019-01-18,0,0,21,0.0,0.0,0.0,0.0,0.0
2019-01-18,0,0,22,0.0,0.0,0.0,0.0,0.0
2019-01-18,0,0,23,52.64,52.64,0.0,342.621886,0.0
2019-01-18,0,0,24,93.13,93.13,0.0,606.162163,0.0
2019-01-18,0,0,29,0.0,0.0,0.0,0.0,0.0
2019-01-18,0,0,30,0.0,0.0,0.0,0.0,0.0
2019-01-18,0,0,31,10.56,10.56,0.0,68.540272,0.0
2019-01-18,0,0,32,0.0,0.0,0.0,0.0,0.0
2019-01-18,0,0,33,0.0,0.0,0.0,0.0,0.0
2019-01-18,0,0,34,0.0,0.0,0.0,0.0,0.0
2019-01-18,0,0,35,0.0,0.0,0.0,0.0,0.0
2019-01-18,0,0,36,0.0,0.0,0.0,0.0,0.0
2019-01-18,0,0,37,0.0,0.0,0.0,0.0,0.0
2019-01-18,0,0,38,0.0,0.0,0.0,0.0,0.0
2019-01-18,0,0,39,0.0,0.0,0.0,0.0,0.0
2019-01-18,0,0,40,0.0,0.0,0.0,0.0,0.0
2019-01-18,0,0,41,38.93,38.93,0.0,290.89455,0.0
2019-01-18,0,0,42,0.0,0.0,0.0,0.0,0.0
2019-01-18,0,0,43,0.0,0.0,0.0,0.0,0.0
2019-01-18,0,0,46,0.0,0.0,0.0,0.0,0.0
2019-01-18,0,0,52,11.19,11.19,0.0,72.629322,0.0
2019-01-18,0,0,53,17.78,17.78,0.0,115.402087,0.0
2019-01-18,0,0,55,259.31,259.31,0.0,1687.790298,0.0
2019-01-18,0,0,56,0.0,0.0,0.0,0.0,0.0
2019-01-18,0,0,57,0.0,0.0,0.0,0.0,0.0
2019-01-18,0,0,58,0.0,0.0,0.0,0.0,0.0
2019-01-18,0,0,59,0.0,0.0,0.0,0.0,0.0
2019-01-18,0,0,63,45.17,45.17,0.0,818.807115,0.0
2019-01-18,0,0,64,53.14,53.14,0.0,963.281163,0.0
2019-01-18,0,0,65,13.72,13.72,0.0,130.952322,0.0
2019-01-18,0,0,67,0.0,0.0,0.0,-0.0,0.0
2019-01-18,0,0,68,3.74,3.74,0.0,1.526143,0.0
2019-01-18,0,0,69,0.0,0.0,0.0,0.0,0.0
2019-01-18,0,0,74,8.76,8.76,0.0,77.692344,0.0
2019-01-18,0,0,77,106.75,106.75,0.0,508.192628,0.0
2019-01-18,0,0,78,80.7,80.7,0.0,384.179345,0.0
2019-01-18,0,0,79,46.7,46.7,0.0,222.319398,0.0
2019-01-18,0,0,80,75.53,75.53,0.0,359.567112,0.0
2019-01-18,0,0,81,98.74,98.74,0.0,470.060329,0.0
2019-01-18,0,0,82,69.66,69.66,0.0,331.622468,0.0
2019-01-18,0,0,83,155.32,155.32,0.0,739.414323,0.0
2019-01-18,0,0,84,0.0,0.0,0.0,0.0,0.0
2019-01-18,0,0,86,0.0,0.0,0.0,0.0,0.0
2019-01-18,0,0,87,0.0,0.0,0.0,0.0,0.0
2019-01-18,0,0,88,91.97,91.97,0.0,437.831157,0.0
2019-01-18,0,0,89,88.41,88.41,0.0,420.883468,0.0
2019-01-18,0,0,90,118.71,118.71,0.0,565.129244,0.0
2019-01-18,0,0,91,423.46,423.46,0.0,2015.918034,0.0
2019-01-18,0,0,92,152.29,152.29,0.0,724.989745,0.0
2019-01-18,0,0,95,0.0,0.0,0.0,0.0,0.0
2019-01-18,0,0,96,11.09,11.09,0.0,71.769113,0.0
2019-01-18,0,0,97,68.21,68.21,0.0,441.422111,0.0
2019-01-18,0,0,99,1.69,1.69,0.0,14.988591,0.0
2019-01-18,0,0,101,0.0,0.0,0.0,0.0,0.0
2019-01-18,0,0,102,8.85,8.85,0.0,3.611327,0.0
2019-01-18,0,0,103,7.7,7.7,0.0,3.142058,0.0
2019-01-18,0,0,104,1.43,1.43,0.0,0.583525,0.0
2019-01-18,0,0,106,0.0,0.0,0.0,0.0,0.0
2019-01-18,0,0,109,61.63,61.63,0.0,497.530682,0.0
2019-01-18,0,0,110,338.6,338.6,0.0,-6859.038385,0.0
2019-01-18,0,0,111,0.0,0.0,0.0,0.0,0.0
2019-01-18,0,0,113,63.86,63.86,0.0,345.542827,0.0
2019-01-18,0,0,115,63.86,63.86,0.0,345.542827,0.0
2019-01-18,0,0,116,0.0,0.0,0.0,-0.0,0.0
2019-01-18,0,0,117,4.26,4.26,0.0,23.050618,0.0
2019-01-18,0,0,119,53.14,53.14,0.0,963.281163,0.0
2019-01-18,0,0,120,31.25,31.25,0.0,566.476032,0.0
2019-01-18,0,0,123,0.0,0.0,0.0,0.0,0.0
2019-01-18,0,0,125,84.27,84.27,0.0,548.494421,0.0
2019-01-18,0,0,126,0.0,0.0,0.0,0.0,0.0
2019-01-18,0,0,127,0.0,0.0,0.0,0.0,0.0
2019-01-18,0,0,128,120.7,120.7,0.0,785.609074,0.0
2019-01-18,0,0,131,11.43,11.43,0.0,20.192778,0.0
2019-01-18,0,0,132,16.8,16.8,0.0,29.679673,0.0
2019-01-18,0,0,133,35.84,35.84,0.0,343.02786,0.0
2019-01-18,0,0,134,0.0,0.0,0.0,0.0,0.0
2019-01-18,0,0,135,48.02,48.02,0.0,459.603734,0.0
2019-01-18,0,0,136,10.11,10.11,0.0,96.482787,0.0
2019-01-18,0,0,139,50.28,50.28,0.0,375.704546,0.0
2019-01-18,0,0,140,250.6,250.6,0.0,-5076.417659,0.0
2019-01-18,0,0,141,142.69,142.69,0.0,-667.641587,0.0
2019-01-18,0,0,142,0.0,0.0,0.0,-0.0,0.0
2019-01-18,0,0,143,55.85,55.85,0.0,362.497556,0.0
2019-01-18,0,0,145,10.2,10.2,0.0,72.197196,0.0
2019-01-18,0,0,146,268.0,268.0,0.0,-5428.890393,0.0
2019-01-18,0,0,152,0.0,0.0,0.0,0.0,0.0
2019-01-18,0,0,153,0.0,0.0,0.0,0.0,0.0
2019-01-18,0,0,154,0.0,0.0,0.0,0.0,0.0
2019-01-18,0,0,157,183.74,183.74,0.0,-859.713121,0.0
2019-01-18,0,0,158,0.0,0.0,0.0,-0.0,0.0
2019-01-18,0,0,159,0.0,0.0,0.0,0.0,0.0
2019-01-18,0,0,160,0.0,0.0,0.0,0.0,0.0
2019-01-18,0,0,161,0.0,0.0,0.0,0.0,0.0
2019-01-18,0,0,162,0.0,0.0,0.0,0.0,0.0
2019-01-18,0,0,163,62.33,62.33,0.0,-1262.622157,0.0
2019-01-18,0,0,164,0.0,0.0,0.0,0.0,0.0
2019-01-18,0,0,167,0.0,0.0,0.0,0.0,0.0
2019-01-18,0,0,168,0.0,0.0,0.0,0.0,0.0
2019-01-18,0,0,169,0.0,0.0,0.0,0.0,0.0
2019-01-18,0,0,170,0.0,0.0,0.0,0.0,0.0
2019-01-18,0,0,172,0.0,0.0,0.0,0.0,0.0
2019-01-18,0,0,173,0.0,0.0,0.0,0.0,0.0
2019-01-18,0,0,188,0.0,0.0,0.0,0.0,0.0
2019-01-18,0,0,190,0.0,0.0,0.0,0.0,0.0
2019-01-18,0,0,191,0.0,0.0,0.0,0.0,0.0
2019-01-18,0,0,192,75.93,75.93,0.0,1376.400803,0.0
2019-01-18,0,0,194,64.98,64.98,0.0,637.083446,0.0
2019-01-18,0,0,196,0.0,0.0,0.0,0.0,0.0
2019-01-18,0,0,198,0.0,0.0,0.0,0.0,0.0
2019-01-18,0,0,199,0.0,0.0,0.0,0.0,0.0
2019-01-18,0,0,200,0.0,0.0,0.0,0.0,0.0
2019-01-18,0,0,204,252.87,252.87,0.0,2021.5579,0.0
2019-01-18,0,0,205,326.04,326.04,0.0,2632.076971,0.0
2019-01-18,0,0,206,200.44,200.44,0.0,1297.150682,0.0
2019-01-18,0,0,210,0.0,0.0,0.0,0.0,0.0
2019-01-18,0,0,214,0.0,0.0,0.0,0.0,0.0
2019-01-18,0,0,217,0.0,0.0,0.0,0.0,0.0
2019-01-18,0,0,218,0.0,0.0,0.0,0.0,0.0
2019-01-18,0,0,219,0.0,0.0,0.0,0.0,0.0
2019-01-18,0,0,221,0.0,0.0,0.0,0.0,0.0
2019-01-18,0,0,225,0.0,0.0,0.0,0.0,0.0
2019-01-18,0,0,233,0.0,0.0,0.0,0.0,0.0
2019-01-18,0,0,236,13.99,13.99,0.0,129.228143,0.0
2019-01-18,0,0,237,21.02,21.02,0.0,186.426149,0.0
2019-01-18,0,0,238,0.0,0.0,0.0,0.0,0.0
2019-01-18,0,0,240,0.0,0.0,0.0,0.0,0.0
2019-01-18,0,0,245,55.86,55.86,0.0,539.481065,0.0
2019-01-18,0,0,247,39.46,39.46,0.0,381.094214,0.0
2019-01-18,0,0,248,2.11,2.11,0.0,18.713567,0.0
2019-01-18,0,0,249,104.64,104.64,0.0,1010.585367,0.0
2019-01-18,0,0,251,204.26,204.26,0.0,1941.476495,0.0
2019-01-18,0,0,252,88.48,88.48,0.0,844.50885,0.0
2019-01-18,0,0,254,0.0,0.0,0.0,0.0,0.0
2019-01-18,0,0,255,0.0,0.0,0.0,0.0,0.0
2019-01-18,0,0,258,0.0,0.0,0.0,0.0,0.0
2019-01-18,0,0,260,0.0,0.0,0.0,0.0,0.0
2019-01-18,0,0,265,0.0,0.0,0.0,0.0,0.0
2019-01-18,0,0,266,32.56,32.56,0.0,243.296341,0.0
2019-01-18,0,0,267,40.01,40.01,0.0,298.964576,0.0
2019-01-18,0,0,270,194.66,194.66,0.0,-3943.238074,0.0
2019-01-18,0,0,272,213.43,213.43,0.0,1154.857588,0.0
2019-01-18,0,0,273,0.0,0.0,0.0,-0.0,0.0
2019-01-18,0,0,274,250.94,250.94,0.0,-5083.305057,0.0
2019-01-18,0,0,275,349.31,349.31,0.0,-7075.99143,0.0
2019-01-18,0,0,276,0.0,0.0,0.0,-0.0,0.0
2019-01-18,0,0,277,0.0,0.0,0.0,0.0,0.0
2019-01-18,0,0,278,0.0,0.0,0.0,0.0,0.0
2019-01-18,0,0,279,99.68,99.68,0.0,513.372407,0.0
2019-01-18,0,0,281,4.74,4.74,0.0,30.765236,0.0
2019-01-18,0,0,282,0.0,0.0,0.0,0.0,0.0
2019-01-18,1,0,9,0.0,0.0,0.0,0.0,0.0
2019-01-18,1,0,17,0.0,0.0,0.0,0.0,0.0
2019-01-18,1,0,19,68.19,68.19,0.0,608.083643,0.0
2019-01-18,1,0,20,82.71,82.71,0.0,737.565597,0.0
2019-01-18,1,0,21,0.0,0.0,0.0,0.0,0.0
2019-01-18,1,0,22,0.0,0.0,0.0,0.0,0.0
2019-01-18,1,0,23,59.05,59.05,0.0,346.945034,0.0
2019-01-18,1,0,24,104.48,104.48,0.0,613.866505,0.0
2019-01-18,1,0,29,0.0,0.0,0.0,0.0,0.0
2019-01-18,1,0,30,0.0,0.0,0.0,0.0,0.0
2019-01-18,1,0,31,26.31,26.31,0.0,154.094744,0.0
2019-01-18,1,0,32,0.0,0.0,0.0,0.0,0.0
2019-01-18,1,0,33,0.0,0.0,0.0,0.0,0.0
2019-01-18,1,0,34,0.0,0.0,0.0,0.0,0.0
2019-01-18,1,0,35,0.0,0.0,0.0,0.0,0.0
2019-01-18,1,0,36,0.0,0.0,0.0,0.0,0.0
2019-01-18,1,0,37,0.0,0.0,0.0,0.0,0.0
2019-01-18,1,0,38,0.0,0.0,0.0,0.0,0.0
2019-01-18,1,0,39,0.0,0.0,0.0,0.0,0.0
2019-01-18,1,0,40,0.0,0.0,0.0,0.0,0.0
2019-01-18,1,0,41,43.69,43.69,0.0,299.319475,0.0
2019-01-18,1,0,42,0.0,0.0,0.0,0.0,0.0
2019-01-18,1,0,43,0.0,0.0,0.0,0.0,0.0
2019-01-18,1,0,46,0.0,0.0,0.0,0.0,0.0
2019-01-18,1,0,52,28.01,28.01,0.0,164.051455,0.0
2019-01-18,1,0,53,45.78,45.78,0.0,268.128369,0.0
2019-01-18,1,0,55,227.32,227.32,0.0,1335.606183,0.0
2019-01-18,1,0,56,0.0,0.0,0.0,0.0,0.0
2019-01-18,1,0,57,0.0,0.0,0.0,0.0,0.0
2019-01-18,1,0,58,0.0,0.0,0.0,0.0,0.0
2019-01-18,1,0,59,0.0,0.0,0.0,0.0,0.0
2019-01-18,1,0,63,53.42,53.42,0.0,986.558692,0.0
2019-01-18,1,0,64,62.85,62.85,0.0,1160.711602,0.0
2019-01-18,1,0,65,10.24,10.24,0.0,91.078509,0.0
2019-01-18,1,0,67,0.0,0.0,0.0,-0.0,0.0
2019-01-18,1,0,68,4.12,4.12,0.0,-2.319779,0.0
2019-01-18,1,0,69,0.0,0.0,0.0,0.0,0.0
2019-01-18,1,0,74,16.09,16.09,0.0,132.664808,0.0
2019-01-18,1,0,77,132.33,132.33,0.0,541.700973,0.0
2019-01-18,1,0,78,100.04,100.04,0.0,409.519877,0.0
2019-01-18,1,0,79,57.89,57.89,0.0,236.976266,0.0
2019-01-18,1,0,80,93.62,93.62,0.0,383.239213,0.0
2019-01-18,1,0,81,122.4,122.4,0.0,501.051909,0.0
2019-01-18,1,0,82,86.34,86.34,0.0,353.438087,0.0
2019-01-18,1,0,83,192.53,192.53,0.0,788.133366,0.0
2019-01-18,1,0,84,0.0,0.0,0.0,0.0,0.0
2019-01-18,1,0,86,0.0,0.0,0.0,0.0,0.0
2019-01-18,1,0,87,0.0,0.0,0.0,0.0,0.0
2019-01-18,1,0,88,113.05,113.05,0.0,462.77711,0.0
2019-01-18,1,0,89,108.67,108.67,0.0,444.847311,0.0
2019-01-18,1,0,90,145.91,145.91,0.0,597.291536,0.0
2019-01-18,1,0,91,520.5,520.5,0.0,2130.698681,0.0
2019-01-18,1,0,92,187.2,187.2,0.0,766.314684,0.0
2019-01-18,1,0,95,0.0,0.0,0.0,0.0,0.0
2019-01-18,1,0,96,12.3,12.3,0.0,71.801196,0.0
2019-01-18,1,0,97,75.62,75.62,0.0,441.431417,0.0
2019-01-18,1,0,99,3.11,3.11,0.0,25.642483,0.0
2019-01-18,1,0,101,0.0,0.0,0.0,0.0,0.0
2019-01-18,1,0,102,9.74,9.74,0.0,-5.484137,0.0
2019-01-18,1,0,103,8.47,8.47,0.0,-4.769059,0.0
2019-01-18,1,0,104,1.57,1.57,0.0,-0.883993,0.0
2019-01-18,1,0,106,0.0,0.0,0.0,0.0,0.0
2019-01-18,1,0,109,84.7,84.7,0.0,632.972874,0.0
2019-01-18,1,0,110,338.6,338.6,0.0,-7686.516931,0.0
2019-01-18,1,0,111,0.0,0.0,0.0,0.0,0.0
2019-01-18,1,0,113,41.18,41.18,0.0,198.087864,0.0
2019-01-18,1,0,115,41.18,41.18,0.0,198.087864,0.0
2019-01-18,1,0,116,0.0,0.0,0.0,-0.0,0.0
2019-01-18,1,0,117,2.81,2.81,0.0,13.516923,0.0
2019-01-18,1,0,119,62.85,62.85,0.0,1160.711602,0.0
2019-01-18,1,0,120,36.96,36.96,0.0,682.575987,0.0
2019-01-18,1,0,123,0.0,0.0,0.0,0.0,0.0
2019-01-18,1,0,125,94.55,94.55,0.0,555.523335,0.0
2019-01-18,1,0,126,0.0,0.0,0.0,0.0,0.0
2019-01-18,1,0,127,0.0,0.0,0.0,0.0,0.0
2019-01-18,1,0,128,135.42,135.42,0.0,795.652777,0.0
2019-01-18,1,0,131,12.95,12.95,0.0,11.555999,0.0
2019-01-18,1,0,132,19.04,19.04,0.0,16.990442,0.0
2019-01-18,1,0,133,22.87,22.87,0.0,203.992779,0.0
2019-01-18,1,0,134,0.0,0.0,0.0,0.0,0.0
2019-01-18,1,0,135,30.64,30.64,0.0,273.29859,0.0
2019-01-18,1,0,136,6.66,6.66,0.0,59.228161,0.0
2019-01-18,1,0,139,56.42,56.42,0.0,386.532497,0.0
2019-01-18,1,0,140,250.6,250.6,0.0,-5688.83976,0.0
2019-01-18,1,0,141,168.67,168.67,0.0,-1014.14654,0.0
2019-01-18,1,0,142,0.0,0.0,0.0,-0.0,0.0
2019-01-18,1,0,143,83.52,83.52,0.0,489.167351,0.0
2019-01-18,1,0,145,11.95,11.95,0.0,77.160856,0.0
2019-01-18,1,0,146,268.0,268.0,0.0,-6083.835019,0.0
2019-01-18,1,0,152,0.0,0.0,0.0,0.0,0.0
2019-01-18,1,0,153,0.0,0.0,0.0,0.0,0.0
2019-01-18,1,0,154,0.0,0.0,0.0,0.0,0.0
2019-01-18,1,0,157,199.8,199.8,0.0,-1201.319018,0.0
2019-01-18,1,0,158,0.0,0.0,0.0,-0.0,0.0
2019-01-18,1,0,159,0.0,0.0,0.0,0.0,0.0
2019-01-18,1,0,160,0.0,0.0,0.0,0.0,0.0
2019-01-18,1,0,161,0.0,0.0,0.0,-0.0,0.0
2019-01-18,1,0,162,0.0,0.0,0.0,0.0,0.0
2019-01-18,1,0,163,66.68,66.68,0.0,-1513.694474,0.0
2019-01-18,1,0,164,0.0,0.0,0.0,0.0,0.0
2019-01-18,1,0,167,0.0,0.0,0.0,0.0,0.0
2019-01-18,1,0,168,0.0,0.0,0.0,0.0,0.0
2019-01-18,1,0,169,0.0,0.0,0.0,0.0,0.0
2019-01-18,1,0,170,0.0,0.0,0.0,0.0,0.0
2019-01-18,1,0,172,0.0,0.0,0.0,0.0,0.0
2019-01-18,1,0,173,0.0,0.0,0.0,0.0,0.0
2019-01-18,1,0,188,0.0,0.0,0.0,0.0,0.0
2019-01-18,1,0,190,0.0,0.0,0.0,0.0,0.0
2019-01-18,1,0,191,0.0,0.0,0.0,0.0,0.0
2019-01-18,1,0,192,79.62,79.62,0.0,1470.419375,0.0
2019-01-18,1,0,194,83.47,83.47,0.0,795.922419,0.0
2019-01-18,1,0,196,0.0,0.0,0.0,0.0,0.0
2019-01-18,1,0,198,0.0,0.0,0.0,0.0,0.0
2019-01-18,1,0,199,0.0,0.0,0.0,0.0,0.0
2019-01-18,1,0,200,0.0,0.0,0.0,0.0,0.0
2019-01-18,1,0,204,364.67,364.67,0.0,2697.053848,0.0
2019-01-18,1,0,205,448.08,448.08,0.0,3348.553545,0.0
2019-01-18,1,0,206,222.19,222.19,0.0,1297.033146,0.0
2019-01-18,1,0,210,0.0,0.0,0.0,0.0,0.0
2019-01-18,1,0,214,0.0,0.0,0.0,0.0,0.0
2019-01-18,1,0,217,0.0,0.0,0.0,0.0,0.0
2019-01-18,1,0,218,0.0,0.0,0.0,0.0,0.0
2019-01-18,1,0,219,0.0,0.0,0.0,0.0,0.0
2019-01-18,1,0,221,0.0,0.0,0.0,0.0,0.0
2019-01-18,1,0,225,0.0,0.0,0.0,0.0,0.0
2019-01-18,1,0,233,0.0,0.0,0.0,0.0,0.0
2019-01-18,1,0,236,14.95,14.95,0.0,128.58792,0.0
2019-01-18,1,0,237,38.6,38.6,0.0,318.263618,0.0
2019-01-18,1,0,238,0.0,0.0,0.0,0.0,0.0
2019-01-18,1,0,240,0.0,0.0,0.0,0.0,0.0
2019-01-18,1,0,245,19.18,19.18,0.0,172.667022,0.0
2019-01-18,1,0,247,29.02,29.02,0.0,261.251146,0.0
2019-01-18,1,0,248,3.87,3.87,0.0,31.908813,0.0
2019-01-18,1,0,249,36.89,36.89,0.0,332.10044,0.0
2019-01-18,1,0,251,172.27,172.27,0.0,1525.700993,0.0
2019-01-18,1,0,252,66.06,66.06,0.0,587.563113,0.0
2019-01-18,1,0,254,0.0,0.0,0.0,0.0,0.0
2019-01-18,1,0,255,0.0,0.0,0.0,0.0,0.0
2019-01-18,1,0,258,0.0,0.0,0.0,0.0,0.0
2019-01-18,1,0,260,0.0,0.0,0.0,0.0,0.0
2019-01-18,1,0,265,0.0,0.0,0.0,0.0,0.0
2019-01-18,1,0,266,36.54,36.54,0.0,250.334942,0.0
2019-01-18,1,0,267,44.9,44.9,0.0,307.609165,0.0
2019-01-18,1,0,270,208.23,208.23,0.0,-4727.003605,0.0
2019-01-18,1,0,272,137.35,137.35,0.0,660.693738,0.0
2019-01-18,1,0,273,0.0,0.0,0.0,-0.0,0.0
2019-01-18,1,0,274,268.43,268.43,0.0,-6093.596396,0.0
2019-01-18,1,0,275,373.66,373.66,0.0,-8482.409676,0.0
2019-01-18,1,0,276,0.0,0.0,0.0,-0.0,0.0
2019-01-18,1,0,277,0.0,0.0,0.0,0.0,0.0
2019-01-18,1,0,278,0.0,0.0,0.0,0.0,0.0
2019-01-18,1,0,279,111.49,111.49,0.0,504.262992,0.0
2019-01-18,1,0,281,10.86,10.86,0.0,63.605812,0.0
2019-01-18,1,0,282,0.0,0.0,0.0,0.0,0.0
2019-01-18,2,0,9,0.0,0.0,0.0,0.0,0.0
2019-01-18,2,0,17,0.0,0.0,0.0,0.0,0.0
2019-01-18,2,0,19,53.03,53.03,0.0,493.233203,0.0
2019-01-18,2,0,20,64.31,64.31,0.0,598.148732,0.0
2019-01-18,2,0,21,0.0,0.0,0.0,0.0,0.0
2019-01-18,2,0,22,0.0,0.0,0.0,0.0,0.0
2019-01-18,2,0,23,71.89,71.89,0.0,370.391165,0.0
2019-01-18,2,0,24,127.2,127.2,0.0,655.358968,0.0
2019-01-18,2,0,29,0.0,0.0,0.0,0.0,0.0
2019-01-18,2,0,30,0.0,0.0,0.0,0.0,0.0
2019-01-18,2,0,31,9.32,9.32,0.0,47.792897,0.0
2019-01-18,2,0,32,0.0,0.0,0.0,0.0,0.0
2019-01-18,2,0,33,0.0,0.0,0.0,0.0,0.0
2019-01-18,2,0,34,0.0,0.0,0.0,0.0,0.0
2019-01-18,2,0,35,0.0,0.0,0.0,0.0,0.0
2019-01-18,2,0,36,0.0,0.0,0.0,0.0,0.0
2019-01-18,2,0,37,0.0,0.0,0.0,0.0,0.0
2019-01-18,2,0,38,0.0,0.0,0.0,0.0,0.0
2019-01-18,2,0,39,0.0,0.0,0.0,0.0,0.0
2019-01-18,2,0,40,0.0,0.0,0.0,0.0,0.0
2019-01-18,2,0,41,44.51,44.51,0.0,286.578839,0.0
2019-01-18,2,0,42,0.0,0.0,0.0,0.0,0.0
2019-01-18,2,0,43,0.0,0.0,0.0,0.0,0.0
2019-01-18,2,0,46,0.0,0.0,0.0,0.0,0.0
2019-01-18,2,0,52,9.88,9.88,0.0,50.664574,0.0
2019-01-18,2,0,53,15.7,15.7,0.0,80.509495,0.0
2019-01-18,2,0,55,257.75,257.75,0.0,1327.977784,0.0
2019-01-18,2,0,56,0.0,0.0,0.0,0.0,0.0
2019-01-18,2,0,57,0.0,0.0,0.0,0.0,0.0
2019-01-18,2,0,58,0.0,0.0,0.0,0.0,0.0
2019-01-18,2,0,59,0.0,0.0,0.0,0.0,0.0
2019-01-18,2,0,63,60.16,60.16,0.0,1187.063538,0.0
2019-01-18,2,0,64,70.77,70.77,0.0,1396.417662,0.0
2019-01-18,2,0,65,6.58,6.58,0.0,60.978072,0.0
2019-01-18,2,0,67,0.0,0.0,0.0,-0.0,0.0
2019-01-18,2,0,68,4.47,4.47,0.0,-12.063617,0.0
2019-01-18,2,0,69,0.0,0.0,0.0,0.0,0.0
2019-01-18,2,0,74,11.69,11.69,0.0,97.329526,0.0
2019-01-18,2,0,77,151.54,151.54,0.0,429.079695,0.0
2019-01-18,2,0,78,114.56,114.56,0.0,324.372244,0.0
2019-01-18,2,0,79,66.3,66.3,0.0,187.725906,0.0
2019-01-18,2,0,80,107.21,107.21,0.0,303.561001,0.0
2019-01-18,2,0,81,140.17,140.17,0.0,396.885976,0.0
2019-01-18,2,0,82,98.88,98.88,0.0,279.974926,0.0
2019-01-18,2,0,83,220.49,220.49,0.0,624.308974,0.0
2019-01-18,2,0,84,0.0,0.0,0.0,0.0,0.0
2019-01-18,2,0,86,0.0,0.0,0.0,0.0,0.0
2019-01-18,2,0,87,0.0,0.0,0.0,0.0,0.0
2019-01-18,2,0,88,132.94,132.94,0.0,376.414509,0.0
2019-01-18,2,0,89,127.79,127.79,0.0,361.832481,0.0
2019-01-18,2,0,90,171.59,171.59,0.0,485.8505,0.0
2019-01-18,2,0,91,612.09,612.09,0.0,1733.109347,0.0
2019-01-18,2,0,92,220.13,220.13,0.0,623.289648,0.0
2019-01-18,2,0,95,0.0,0.0,0.0,0.0,0.0
2019-01-18,2,0,96,13.38,13.38,0.0,68.274153,0.0
2019-01-18,2,0,97,82.3,82.3,0.0,419.952378,0.0
2019-01-18,2,0,99,2.26,2.26,0.0,18.816487,0.0
2019-01-18,2,0,101,0.0,0.0,0.0,0.0,0.0
2019-01-18,2,0,102,10.58,10.58,0.0,-28.553259,0.0
2019-01-18,2,0,103,9.2,9.2,0.0,-24.828921,0.0
2019-01-18,2,0,104,1.71,1.71,0.0,-4.614941,0.0
2019-01-18,2,0,106,0.0,0.0,0.0,0.0,0.0
2019-01-18,2,0,109,74.05,74.05,0.0,534.987046,0.0
2019-01-18,2,0,110,338.6,338.6,0.0,-9793.331328,0.0
2019-01-18,2,0,111,0.0,0.0,0.0,0.0,0.0
2019-01-18,2,0,113,49.45,49.45,0.0,179.712969,0.0
2019-01-18,2,0,115,49.45,49.45,0.0,179.712969,0.0
2019-01-18,2,0,116,0.0,0.0,0.0,-0.0,0.0
2019-01-18,2,0,117,2.64,2.64,0.0,9.594383,0.0
2019-01-18,2,0,119,70.77,70.77,0.0,1396.417662,0.0
2019-01-18,2,0,120,41.61,41.61,0.0,821.039126,0.0
2019-01-18,2,0,123,0.0,0.0,0.0,0.0,0.0
2019-01-18,2,0,125,115.11,115.11,0.0,593.068953,0.0
2019-01-18,2,0,126,0.0,0.0,0.0,0.0,0.0
2019-01-18,2,0,127,0.0,0.0,0.0,0.0,0.0
2019-01-18,2,0,128,164.86,164.86,0.0,849.390562,0.0
2019-01-18,2,0,131,14.86,14.86,0.0,-14.484573,0.0
2019-01-18,2,0,132,21.85,21.85,0.0,-21.297976,0.0
2019-01-18,2,0,133,19.28,19.28,0.0,179.385172,0.0
2019-01-18,2,0,134,0.0,0.0,0.0,0.0,0.0
2019-01-18,2,0,135,25.83,25.83,0.0,240.327749,0.0
2019-01-18,2,0,136,4.27,4.27,0.0,39.562944,0.0
2019-01-18,2,0,139,57.48,57.48,0.0,370.086535,0.0
2019-01-18,2,0,140,250.6,250.6,0.0,-7248.106411,0.0
2019-01-18,2,0,141,183.77,183.77,0.0,-1682.281354,0.0
2019-01-18,2,0,142,0.0,0.0,0.0,-0.0,0.0
2019-01-18,2,0,143,37.88,37.88,0.0,194.248386,0.0
2019-01-18,2,0,145,11.41,11.41,0.0,67.395807,0.0
2019-01-18,2,0,146,268.0,268.0,0.0,-7751.366792,0.0
2019-01-18,2,0,152,0.0,0.0,0.0,0.0,0.0
2019-01-18,2,0,153,0.0,0.0,0.0,0.0,0.0
2019-01-18,2,0,154,0.0,0.0,0.0,0.0,0.0
2019-01-18,2,0,157,198.55,198.55,0.0,-1817.581558,0.0
2019-01-18,2,0,158,0.0,0.0,0.0,-0.0,0.0
2019-01-18,2,0,159,0.0,0.0,0.0,0.0,0.0
2019-01-18,2,0,160,0.0,0.0,0.0,0.0,0.0
2019-01-18,2,0,161,0.0,0.0,0.0,-0.0,0.0
2019-01-18,2,0,162,0.0,0.0,0.0,0.0,0.0
2019-01-18,2,0,163,68.32,68.32,0.0,-1976.020072,0.0
2019-01-18,2,0,164,0.0,0.0,0.0,0.0,0.0
2019-01-18,2,0,167,0.0,0.0,0.0,0.0,0.0
2019-01-18,2,0,168,0.0,0.0,0.0,0.0,0.0
2019-01-18,2,0,169,0.0,0.0,0.0,0.0,0.0
2019-01-18,2,0,170,0.0,0.0,0.0,0.0,0.0
2019-01-18,2,0,172,0.0,0.0,0.0,0.0,0.0
2019-01-18,2,0,173,0.0,0.0,0.0,0.0,0.0
2019-01-18,2,0,188,0.0,0.0,0.0,0.0,0.0
2019-01-18,2,0,190,0.0,0.0,0.0,0.0,0.0
2019-01-18,2,0,191,0.0,0.0,0.0,0.0,0.0
2019-01-18,2,0,192,81.99,81.99,0.0,1617.808169,0.0
2019-01-18,2,0,194,106.34,106.34,0.0,977.096767,0.0
2019-01-18,2,0,196,0.0,0.0,0.0,0.0,0.0
2019-01-18,2,0,198,0.0,0.0,0.0,0.0,0.0
2019-01-18,2,0,199,0.0,0.0,0.0,0.0,0.0
2019-01-18,2,0,200,0.0,0.0,0.0,0.0,0.0
2019-01-18,2,0,204,330.87,330.87,0.0,2354.98926,0.0
2019-01-18,2,0,205,363.53,363.53,0.0,2626.385428,0.0
2019-01-18,2,0,206,241.83,241.83,0.0,1233.986436,0.0
2019-01-18,2,0,210,0.0,0.0,0.0,0.0,0.0
2019-01-18,2,0,214,0.0,0.0,0.0,0.0,0.0
2019-01-18,2,0,217,0.0,0.0,0.0,0.0,0.0
2019-01-18,2,0,218,0.0,0.0,0.0,0.0,0.0
2019-01-18,2,0,219,0.0,0.0,0.0,0.0,0.0
2019-01-18,2,0,221,0.0,0.0,0.0,0.0,0.0
2019-01-18,2,0,225,0.0,0.0,0.0,0.0,0.0
2019-01-18,2,0,233,0.0,0.0,0.0,0.0,0.0
2019-01-18,2,0,236,14.29,14.29,0.0,126.271091,0.0
2019-01-18,2,0,237,28.05,28.05,0.0,233.540906,0.0
2019-01-18,2,0,238,0.0,0.0,0.0,0.0,0.0
2019-01-18,2,0,240,0.0,0.0,0.0,0.0,0.0
2019-01-18,2,0,245,16.55,16.55,0.0,155.991268,0.0
2019-01-18,2,0,247,24.55,24.55,0.0,231.394902,0.0
2019-01-18,2,0,248,2.82,2.82,0.0,23.478979,0.0
2019-01-18,2,0,249,31.82,31.82,0.0,299.917955,0.0
2019-01-18,2,0,251,126.08,126.08,0.0,1161.402034,0.0
2019-01-18,2,0,252,42.45,42.45,0.0,393.391967,0.0
2019-01-18,2,0,254,0.0,0.0,0.0,0.0,0.0
2019-01-18,2,0,255,0.0,0.0,0.0,0.0,0.0
2019-01-18,2,0,258,0.0,0.0,0.0,0.0,0.0
2019-01-18,2,0,260,0.0,0.0,0.0,0.0,0.0
2019-01-18,2,0,265,0.0,0.0,0.0,0.0,0.0
2019-01-18,2,0,266,37.22,37.22,0.0,239.641977,0.0
2019-01-18,2,0,267,45.74,45.74,0.0,294.498228,0.0
2019-01-18,2,0,270,213.36,213.36,0.0,-6171.013503,0.0
2019-01-18,2,0,272,213.33,213.33,0.0,775.29156,0.0
2019-01-18,2,0,273,0.0,0.0,0.0,-0.0,0.0
2019-01-18,2,0,274,275.04,275.04,0.0,-7954.984786,0.0
2019-01-18,2,0,275,382.87,382.87,0.0,-11073.752999,0.0
2019-01-18,2,0,276,0.0,0.0,0.0,-0.0,0.0
2019-01-18,2,0,277,0.0,0.0,0.0,0.0,0.0
2019-01-18,2,0,278,0.0,0.0,0.0,0.0,0.0
2019-01-18,2,0,279,118.82,118.82,0.0,393.578273,0.0
2019-01-18,2,0,281,4.18,4.18,0.0,21.435012,0.0
2019-01-18,2,0,282,0.0,0.0,0.0,0.0,0.0
2019-01-18,3,0,9,0.0,0.0,0.0,0.0,0.0
2019-01-18,3,0,17,0.0,0.0,0.0,0.0,0.0
2019-01-18,3,0,19,46.8,46.8,0.0,403.583115,0.0
2019-01-18,3,0,20,56.76,56.76,0.0,489.47388,0.0
2019-01-18,3,0,21,0.0,0.0,0.0,0.0,0.0
2019-01-18,3,0,22,0.0,0.0,0.0,0.0,0.0
2019-01-18,3,0,23,88.42,88.42,0.0,381.789366,0.0
2019-01-18,3,0,24,156.44,156.44,0.0,675.493423,0.0
2019-01-18,3,0,29,0.0,0.0,0.0,0.0,0.0
2019-01-18,3,0,30,0.0,0.0,0.0,0.0,0.0
2019-01-18,3,0,31,7.65,7.65,0.0,32.843573,0.0
2019-01-18,3,0,32,0.0,0.0,0.0,0.0,0.0
2019-01-18,3,0,33,0.0,0.0,0.0,0.0,0.0
2019-01-18,3,0,34,0.0,0.0,0.0,0.0,0.0
2019-01-18,3,0,35,0.0,0.0,0.0,0.0,0.0
2019-01-18,3,0,36,0.0,0.0,0.0,0.0,0.0
2019-01-18,3,0,37,0.0,0.0,0.0,0.0,0.0
2019-01-18,3,0,38,0.0,0.0,0.0,0.0,0.0
2019-01-18,3,0,39,0.0,0.0,0.0,0.0,0.0
2019-01-18,3,0,40,0.0,0.0,0.0,0.0,0.0
2019-01-18,3,0,41,45.49,45.49,0.0,256.270338,0.0
2019-01-18,3,0,42,0.0,0.0,0.0,0.0,0.0
2019-01-18,3,0,43,0.0,0.0,0.0,0.0,0.0
2019-01-18,3,0,46,0.0,0.0,0.0,0.0,0.0
2019-01-18,3,0,52,8.11,8.11,0.0,34.81848,0.0
2019-01-18,3,0,53,12.89,12.89,0.0,55.340346,0.0
2019-01-18,3,0,55,253.55,253.55,0.0,1094.805404,0.0
2019-01-18,3,0,56,0.0,0.0,0.0,0.0,0.0
2019-01-18,3,0,57,0.0,0.0,0.0,0.0,0.0
2019-01-18,3,0,58,0.0,0.0,0.0,0.0,0.0
2019-01-18,3,0,59,0.0,0.0,0.0,0.0,0.0
2019-01-18,3,0,63,67.44,67.44,0.0,1790.349906,0.0
2019-01-18,3,0,64,79.35,79.35,0.0,2106.528248,0.0
2019-01-18,3,0,65,4.0,4.0,0.0,34.34974,0.0
2019-01-18,3,0,67,0.0,0.0,0.0,-0.0,0.0
2019-01-18,3,0,68,4.94,4.94,0.0,-120.40375,0.0
2019-01-18,3,0,69,0.0,0.0,0.0,0.0,0.0
2019-01-18,3,0,74,8.85,8.85,0.0,67.136884,0.0
2019-01-18,3,0,77,175.34,175.34,0.0,-2169.014812,0.0
2019-01-18,3,0,78,132.56,132.56,0.0,-1639.811814,0.0
2019-01-18,3,0,79,76.71,76.71,0.0,-948.928518,0.0
2019-01-18,3,0,80,124.06,124.06,0.0,-1534.663954,0.0
2019-01-18,3,0,81,162.19,162.19,0.0,-2006.344887,0.0
2019-01-18,3,0,82,114.41,114.41,0.0,-1415.290206,0.0
2019-01-18,3,0,83,255.12,255.12,0.0,-3155.920263,0.0
2019-01-18,3,0,84,0.0,0.0,0.0,0.0,0.0
2019-01-18,3,0,86,0.0,0.0,0.0,0.0,0.0
2019-01-18,3,0,87,0.0,0.0,0.0,0.0,0.0
2019-01-18,3,0,88,157.5,157.5,0.0,-1948.328008,0.0
2019-01-18,3,0,89,151.4,151.4,0.0,-1872.868955,0.0
2019-01-18,3,0,90,203.29,203.29,0.0,-2514.765719,0.0
2019-01-18,3,0,91,725.16,725.16,0.0,-8970.47326,0.0
2019-01-18,3,0,92,260.8,260.8,0.0,-3226.183775,0.0
2019-01-18,3,0,95,0.0,0.0,0.0,0.0,0.0
2019-01-18,3,0,96,14.64,14.64,0.0,62.476739,0.0
2019-01-18,3,0,97,90.05,90.05,0.0,384.291691,0.0
2019-01-18,3,0,99,1.71,1.71,0.0,12.972211,0.0
2019-01-18,3,0,101,0.0,0.0,0.0,0.0,0.0
2019-01-18,3,0,102,11.69,11.69,0.0,-284.923044,0.0
2019-01-18,3,0,103,10.17,10.17,0.0,-247.875736,0.0
2019-01-18,3,0,104,1.89,1.89,0.0,-46.065402,0.0
2019-01-18,3,0,106,0.0,0.0,0.0,0.0,0.0
2019-01-18,3,0,109,70.85,70.85,0.0,455.008463,0.0
2019-01-18,3,0,110,338.6,338.6,0.0,-27821.675343,0.0
2019-01-18,3,0,111,0.0,0.0,0.0,0.0,0.0
2019-01-18,3,0,113,46.5,46.5,0.0,-464.728595,0.0
2019-01-18,3,0,115,46.5,46.5,0.0,-464.728595,0.0
2019-01-18,3,0,116,0.0,0.0,0.0,-0.0,0.0
2019-01-18,3,0,117,2.39,2.39,0.0,-23.88605,0.0
2019-01-18,3,0,119,79.35,79.35,0.0,2106.528248,0.0
2019-01-18,3,0,120,46.66,46.66,0.0,1238.697014,0.0
2019-01-18,3,0,123,0.0,0.0,0.0,0.0,0.0
2019-01-18,3,0,125,141.57,141.57,0.0,611.286141,0.0
2019-01-18,3,0,126,0.0,0.0,0.0,0.0,0.0
2019-01-18,3,0,127,0.0,0.0,0.0,0.0,0.0
2019-01-18,3,0,128,202.77,202.77,0.0,875.542069,0.0
2019-01-18,3,0,131,17.15,17.15,0.0,-352.839012,0.0
2019-01-18,3,0,132,25.21,25.21,0.0,-518.663061,0.0
2019-01-18,3,0,133,9.88,9.88,0.0,85.234517,0.0
2019-01-18,3,0,134,0.0,0.0,0.0,0.0,0.0
2019-01-18,3,0,135,13.22,13.22,0.0,114.048614,0.0
2019-01-18,3,0,136,2.56,2.56,0.0,21.978755,0.0
2019-01-18,3,0,139,58.74,58.74,0.0,330.914919,0.0
2019-01-18,3,0,140,250.6,250.6,0.0,-20590.997758,0.0
2019-01-18,3,0,141,204.56,204.56,0.0,-7896.010617,0.0
2019-01-18,3,0,142,0.0,0.0,0.0,-0.0,0.0
2019-01-18,3,0,143,16.52,16.52,0.0,70.924944,0.0
2019-01-18,3,0,145,11.28,11.28,0.0,57.348533,0.0
2019-01-18,3,0,146,268.0,268.0,0.0,-22020.699917,0.0
2019-01-18,3,0,152,0.0,0.0,0.0,0.0,0.0
2019-01-18,3,0,153,0.0,0.0,0.0,0.0,0.0
2019-01-18,3,0,154,0.0,0.0,0.0,0.0,0.0
2019-01-18,3,0,157,200.18,200.18,0.0,-7726.942733,0.0
2019-01-18,3,0,158,0.0,0.0,0.0,-0.0,0.0
2019-01-18,3,0,159,0.0,0.0,0.0,0.0,0.0
2019-01-18,3,0,160,0.0,0.0,0.0,0.0,0.0
2019-01-18,3,0,161,0.0,0.0,0.0,-0.0,0.0
2019-01-18,3,0,162,1.94,1.94,0.0,37.876478,0.0
2019-01-18,3,0,163,70.42,70.42,0.0,-5786.185404,0.0
2019-01-18,3,0,164,0.0,0.0,0.0,0.0,0.0
2019-01-18,3,0,167,0.0,0.0,0.0,0.0,0.0
2019-01-18,3,0,168,0.0,0.0,0.0,0.0,0.0
2019-01-18,3,0,169,0.0,0.0,0.0,0.0,0.0
2019-01-18,3,0,170,0.0,0.0,0.0,0.0,0.0
2019-01-18,3,0,172,0.0,0.0,0.0,0.0,0.0
2019-01-18,3,0,173,0.0,0.0,0.0,0.0,0.0
2019-01-18,3,0,188,0.0,0.0,0.0,0.0,0.0
2019-01-18,3,0,190,0.0,0.0,0.0,0.0,0.0
2019-01-18,3,0,191,0.0,0.0,0.0,0.0,0.0
2019-01-18,3,0,192,85.17,85.17,0.0,2261.033533,0.0
2019-01-18,3,0,194,134.34,134.34,0.0,377.847776,0.0
2019-01-18,3,0,196,0.0,0.0,0.0,0.0,0.0
2019-01-18,3,0,198,0.0,0.0,0.0,0.0,0.0
2019-01-18,3,0,199,0.0,0.0,0.0,0.0,0.0
2019-01-18,3,0,200,0.0,0.0,0.0,0.0,0.0
2019-01-18,3,0,204,310.31,310.31,0.0,1958.121358,0.0
2019-01-18,3,0,205,374.78,374.78,0.0,2406.888803,0.0
2019-01-18,3,0,206,264.61,264.61,0.0,1129.232919,0.0
2019-01-18,3,0,210,0.0,0.0,0.0,0.0,0.0
2019-01-18,3,0,214,0.0,0.0,0.0,0.0,0.0
2019-01-18,3,0,217,0.0,0.0,0.0,0.0,0.0
2019-01-18,3,0,218,0.0,0.0,0.0,0.0,0.0
2019-01-18,3,0,219,0.0,0.0,0.0,0.0,0.0
2019-01-18,3,0,221,0.0,0.0,0.0,0.0,0.0
2019-01-18,3,0,225,0.0,0.0,0.0,0.0,0.0
2019-01-18,3,0,233,0.0,0.0,0.0,0.0,0.0
2019-01-18,3,0,236,14.4,14.4,0.0,117.024795,0.0
2019-01-18,3,0,237,21.24,21.24,0.0,161.128521,0.0
2019-01-18,3,0,238,0.0,0.0,0.0,0.0,0.0
2019-01-18,3,0,240,0.0,0.0,0.0,0.0,0.0
2019-01-18,3,0,245,14.17,14.17,0.0,124.078931,0.0
2019-01-18,3,0,247,20.59,20.59,0.0,180.295356,0.0
2019-01-18,3,0,248,2.13,2.13,0.0,16.158369,0.0
2019-01-18,3,0,249,27.24,27.24,0.0,238.525765,0.0
2019-01-18,3,0,251,89.23,89.23,0.0,760.962923,0.0
2019-01-18,3,0,252,25.81,25.81,0.0,221.6417,0.0
2019-01-18,3,0,254,0.0,0.0,0.0,0.0,0.0
2019-01-18,3,0,255,0.0,0.0,0.0,0.0,0.0
2019-01-18,3,0,258,0.0,0.0,0.0,0.0,0.0
2019-01-18,3,0,260,0.0,0.0,0.0,0.0,0.0
2019-01-18,3,0,265,0.0,0.0,0.0,0.0,0.0
2019-01-18,3,0,266,38.04,38.04,0.0,214.300366,0.0
2019-01-18,3,0,267,46.74,46.74,0.0,263.31228,0.0
2019-01-18,3,0,270,219.92,219.92,0.0,-18070.120619,0.0
2019-01-18,3,0,272,189.92,189.92,0.0,-1898.0915,0.0
2019-01-18,3,0,273,0.0,0.0,0.0,-0.0,0.0
2019-01-18,3,0,274,283.51,283.51,0.0,-23295.106842,0.0
2019-01-18,3,0,275,394.65,394.65,0.0,-32427.123964,0.0
2019-01-18,3,0,276,0.0,0.0,0.0,-0.0,0.0
2019-01-18,3,0,277,0.0,0.0,0.0,-0.0,0.0
2019-01-18,3,0,278,0.0,0.0,0.0,-0.0,0.0
2019-01-18,3,0,279,128.85,128.85,0.0,-1410.496407,0.0
2019-01-18,3,0,281,3.43,3.43,0.0,14.725942,0.0
2019-01-18,3,0,282,0.0,0.0,0.0,0.0,0.0
2019-01-18,4,0,9,0.0,0.0,0.0,0.0,0.0
2019-01-18,4,0,17,0.0,0.0,0.0,0.0,0.0
2019-01-18,4,0,19,48.73,48.73,0.0,332.330251,0.0
2019-01-18,4,0,20,59.1,59.1,0.0,403.051875,0.0
2019-01-18,4,0,21,0.0,0.0,0.0,0.0,0.0
2019-01-18,4,0,22,0.0,0.0,0.0,0.0,0.0
2019-01-18,4,0,23,98.16,98.16,0.0,926.601513,0.0
2019-01-18,4,0,24,162.22,162.22,0.0,1531.309062,0.0
2019-01-18,4,0,29,0.0,0.0,0.0,0.0,0.0
2019-01-18,4,0,30,0.0,0.0,0.0,0.0,0.0
2019-01-18,4,0,31,6.62,6.62,0.0,62.600836,0.0
2019-01-18,4,0,32,0.0,0.0,0.0,0.0,0.0
2019-01-18,4,0,33,0.0,0.0,0.0,0.0,0.0
2019-01-18,4,0,34,0.0,0.0,0.0,0.0,0.0
2019-01-18,4,0,35,0.0,0.0,0.0,0.0,0.0
2019-01-18,4,0,36,0.0,0.0,0.0,0.0,0.0
2019-01-18,4,0,37,0.0,0.0,0.0,0.0,0.0
2019-01-18,4,0,38,0.0,0.0,0.0,0.0,0.0
2019-01-18,4,0,39,0.0,0.0,0.0,0.0,0.0
2019-01-18,4,0,40,0.0,0.0,0.0,0.0,0.0
2019-01-18,4,0,41,46.6,46.6,0.0,399.564353,0.0
2019-01-18,4,0,42,0.0,0.0,0.0,0.0,0.0
2019-01-18,4,0,43,0.0,0.0,0.0,0.0,0.0
2019-01-18,4,0,46,0.0,0.0,0.0,0.0,0.0
2019-01-18,4,0,52,7.02,7.02,0.0,66.383363,0.0
2019-01-18,4,0,53,11.15,11.15,0.0,105.437963,0.0
2019-01-18,4,0,55,257.09,257.09,0.0,2426.853943,0.0
2019-01-18,4,0,56,0.0,0.0,0.0,0.0,0.0
2019-01-18,4,0,57,0.0,0.0,0.0,0.0,0.0
2019-01-18,4,0,58,0.0,0.0,0.0,0.0,0.0
2019-01-18,4,0,59,0.0,0.0,0.0,0.0,0.0
2019-01-18,4,0,63,75.56,75.56,0.0,2269.961281,0.0
2019-01-18,4,0,64,88.89,88.89,0.0,2670.418982,0.0
2019-01-18,4,0,65,2.31,2.31,0.0,15.796698,0.0
2019-01-18,4,0,67,0.0,0.0,0.0,-0.0,0.0
2019-01-18,4,0,68,5.53,5.53,0.0,-377.515876,0.0
2019-01-18,4,0,69,0.0,0.0,0.0,0.0,0.0
2019-01-18,4,0,74,7.16,7.16,0.0,52.73765,0.0
2019-01-18,4,0,77,200.0,200.0,0.0,-9252.225983,0.0
2019-01-18,4,0,78,151.2,151.2,0.0,-6994.682843,0.0
2019-01-18,4,0,79,87.5,87.5,0.0,-4047.848868,0.0
2019-01-18,4,0,80,141.5,141.5,0.0,-6545.949883,0.0
2019-01-18,4,0,81,185.0,185.0,0.0,-8558.309034,0.0
2019-01-18,4,0,82,130.5,130.5,0.0,-6037.077454,0.0
2019-01-18,4,0,83,291.0,291.0,0.0,-13461.988805,0.0
2019-01-18,4,0,84,0.0,0.0,0.0,0.0,0.0
2019-01-18,4,0,86,0.0,0.0,0.0,0.0,0.0
2019-01-18,4,0,87,0.0,0.0,0.0,0.0,0.0
2019-01-18,4,0,88,170.6,170.6,0.0,-7892.148763,0.0
2019-01-18,4,0,89,164.0,164.0,0.0,-7586.825306,0.0
2019-01-18,4,0,90,220.2,220.2,0.0,-10186.700807,0.0
2019-01-18,4,0,91,785.5,785.5,0.0,-36338.117548,0.0
2019-01-18,4,0,92,282.5,282.5,0.0,-13068.769201,0.0
2019-01-18,4,0,95,4.48,4.48,0.0,75.931373,0.0
2019-01-18,4,0,96,16.09,16.09,0.0,152.431555,0.0
2019-01-18,4,0,97,98.96,98.96,0.0,937.51564,0.0
2019-01-18,4,0,99,1.38,1.38,0.0,10.164519,0.0
2019-01-18,4,0,101,0.0,0.0,0.0,0.0,0.0
2019-01-18,4,0,102,13.08,13.08,0.0,-892.930859,0.0
2019-01-18,4,0,103,11.38,11.38,0.0,-776.877155,0.0
2019-01-18,4,0,104,2.11,2.11,0.0,-144.043128,0.0
2019-01-18,4,0,106,0.0,0.0,0.0,0.0,0.0
2019-01-18,4,0,109,69.77,69.77,0.0,558.36545,0.0
2019-01-18,4,0,110,338.6,338.6,0.0,-59649.175732,0.0
2019-01-18,4,0,111,0.0,0.0,0.0,0.0,0.0
2019-01-18,4,0,113,29.47,29.47,0.0,-1193.581299,0.0
2019-01-18,4,0,115,29.47,29.47,0.0,-1193.581299,0.0
2019-01-18,4,0,116,0.0,0.0,0.0,-0.0,0.0
2019-01-18,4,0,117,1.97,1.97,0.0,-79.788095,0.0
2019-01-18,4,0,119,88.89,88.89,0.0,2670.418982,0.0
2019-01-18,4,0,120,52.27,52.27,0.0,1570.286874,0.0
2019-01-18,4,0,123,0.0,0.0,0.0,0.0,0.0
2019-01-18,4,0,125,148.85,148.85,0.0,1405.100196,0.0
2019-01-18,4,0,126,0.0,0.0,0.0,0.0,0.0
2019-01-18,4,0,127,0.0,0.0,0.0,0.0,0.0
2019-01-18,4,0,128,202.15,202.15,0.0,1908.236511,0.0
2019-01-18,4,0,131,19.91,19.91,0.0,-1217.962203,0.0
2019-01-18,4,0,132,29.27,29.27,0.0,-1790.545138,0.0
2019-01-18,4,0,133,13.7,13.7,0.0,93.407685,0.0
2019-01-18,4,0,134,0.0,0.0,0.0,0.0,0.0
2019-01-18,4,0,135,18.9,18.9,0.0,128.861697,0.0
2019-01-18,4,0,136,1.42,1.42,0.0,9.711972,0.0
2019-01-18,4,0,139,60.18,60.18,0.0,516.003921,0.0
2019-01-18,4,0,140,250.6,250.6,0.0,-44146.731951,0.0
2019-01-18,4,0,141,230.0,230.0,0.0,-21810.301535,0.0
2019-01-18,4,0,142,0.0,0.0,0.0,-0.0,0.0
2019-01-18,4,0,143,13.98,13.98,0.0,132.199348,0.0
2019-01-18,4,0,145,11.43,11.43,0.0,101.919587,0.0
2019-01-18,4,0,146,268.0,268.0,0.0,-47211.98788,0.0
2019-01-18,4,0,152,0.0,0.0,0.0,0.0,0.0
2019-01-18,4,0,153,0.0,0.0,0.0,0.0,0.0
2019-01-18,4,0,154,0.0,0.0,0.0,0.0,0.0
2019-01-18,4,0,157,207.0,207.0,0.0,-19629.271382,0.0
2019-01-18,4,0,158,0.0,0.0,0.0,-0.0,0.0
2019-01-18,4,0,159,0.0,0.0,0.0,0.0,0.0
2019-01-18,4,0,160,0.0,0.0,0.0,0.0,0.0
2019-01-18,4,0,161,0.0,0.0,0.0,-0.0,0.0
2019-01-18,4,0,162,3.94,3.94,0.0,67.338906,0.0
2019-01-18,4,0,163,72.97,72.97,0.0,-12854.696849,0.0
2019-01-18,4,0,164,0.0,0.0,0.0,0.0,0.0
2019-01-18,4,0,167,0.0,0.0,0.0,0.0,0.0
2019-01-18,4,0,168,0.0,0.0,0.0,0.0,0.0
2019-01-18,4,0,169,0.0,0.0,0.0,0.0,0.0
2019-01-18,4,0,170,0.0,0.0,0.0,0.0,0.0
2019-01-18,4,0,172,0.0,0.0,0.0,0.0,0.0
2019-01-18,4,0,173,0.0,0.0,0.0,0.0,0.0
2019-01-18,4,0,188,0.0,0.0,0.0,0.0,0.0
2019-01-18,4,0,190,0.0,0.0,0.0,0.0,0.0
2019-01-18,4,0,191,0.0,0.0,0.0,0.0,0.0
2019-01-18,4,0,192,88.9,88.9,0.0,2670.719401,0.0
2019-01-18,4,0,194,168.44,168.44,0.0,-2586.785654,0.0
2019-01-18,4,0,196,0.0,0.0,0.0,0.0,0.0
2019-01-18,4,0,198,0.0,0.0,0.0,0.0,0.0
2019-01-18,4,0,199,0.77,0.77,0.0,-0.968549,0.0
2019-01-18,4,0,200,0.0,0.0,0.0,-0.0,0.0
2019-01-18,4,0,204,301.67,301.67,0.0,2434.011687,0.0
2019-01-18,4,0,205,369.1,369.1,0.0,2953.886882,0.0
2019-01-18,4,0,206,290.79,290.79,0.0,2754.852193,0.0
2019-01-18,4,0,210,0.0,0.0,0.0,0.0,0.0
2019-01-18,4,0,214,0.0,0.0,0.0,0.0,0.0
2019-01-18,4,0,217,0.0,0.0,0.0,0.0,0.0
2019-01-18,4,0,218,0.0,0.0,0.0,0.0,0.0
2019-01-18,4,0,219,0.0,0.0,0.0,0.0,0.0
2019-01-18,4,0,221,0.0,0.0,0.0,0.0,0.0
2019-01-18,4,0,225,0.0,0.0,0.0,0.0,0.0
2019-01-18,4,0,233,0.0,0.0,0.0,0.0,0.0
2019-01-18,4,0,236,15.39,15.39,0.0,108.856381,0.0
2019-01-18,4,0,237,17.18,17.18,0.0,126.540898,0.0
2019-01-18,4,0,238,0.0,0.0,0.0,0.0,0.0
2019-01-18,4,0,240,0.0,0.0,0.0,0.0,0.0
2019-01-18,4,0,245,11.98,11.98,0.0,80.883527,0.0
2019-01-18,4,0,247,17.45,17.45,0.0,117.814486,0.0
2019-01-18,4,0,248,1.72,1.72,0.0,12.668821,0.0
2019-01-18,4,0,249,23.04,23.04,0.0,155.555631,0.0
2019-01-18,4,0,251,61.03,61.03,0.0,419.20798,0.0
2019-01-18,4,0,252,14.93,14.93,0.0,102.097271,0.0
2019-01-18,4,0,254,0.0,0.0,0.0,0.0,0.0
2019-01-18,4,0,255,0.0,0.0,0.0,0.0,0.0
2019-01-18,4,0,258,0.0,0.0,0.0,0.0,0.0
2019-01-18,4,0,260,0.0,0.0,0.0,0.0,0.0
2019-01-18,4,0,265,0.0,0.0,0.0,0.0,0.0
2019-01-18,4,0,266,38.97,38.97,0.0,334.142121,0.0
2019-01-18,4,0,267,47.88,47.88,0.0,410.539511,0.0
2019-01-18,4,0,270,227.88,227.88,0.0,-40144.282829,0.0
2019-01-18,4,0,272,98.5,98.5,0.0,-3989.404749,0.0
2019-01-18,4,0,273,0.0,0.0,0.0,-0.0,0.0
2019-01-18,4,0,274,293.76,293.76,0.0,-51749.975969,0.0
2019-01-18,4,0,275,408.92,408.92,0.0,-72037.037627,0.0
2019-01-18,4,0,276,0.0,0.0,0.0,-0.0,0.0
2019-01-18,4,0,277,0.0,0.0,0.0,-0.0,0.0
2019-01-18,4,0,278,0.0,0.0,0.0,-0.0,0.0
2019-01-18,4,0,279,141.36,141.36,0.0,-6051.716474,0.0
2019-01-18,4,0,281,2.97,2.97,0.0,28.085269,0.0
2019-01-18,4,0,282,0.0,0.0,0.0,0.0,0.0
2019-01-18,5,0,9,0.0,0.0,0.0,0.0,0.0
2019-01-18,5,0,17,0.0,0.0,0.0,0.0,0.0
2019-01-18,5,0,19,55.73,55.73,0.0,384.494731,0.0
2019-01-18,5,0,20,67.58,67.58,0.0,466.250743,0.0
2019-01-18,5,0,21,0.0,0.0,0.0,0.0,0.0
2019-01-18,5,0,22,0.0,0.0,0.0,0.0,0.0
2019-01-18,5,0,23,108.8,108.8,0.0,1459.510165,0.0
2019-01-18,5,0,24,192.5,192.5,0.0,2582.313481,0.0
2019-01-18,5,0,29,0.0,0.0,0.0,0.0,0.0
2019-01-18,5,0,30,0.0,0.0,0.0,0.0,0.0
2019-01-18,5,0,31,8.36,8.36,0.0,112.491596,0.0
2019-01-18,5,0,32,0.0,0.0,0.0,0.0,0.0
2019-01-18,5,0,33,0.0,0.0,0.0,0.0,0.0
2019-01-18,5,0,34,0.0,0.0,0.0,0.0,0.0
2019-01-18,5,0,35,0.0,0.0,0.0,0.0,0.0
2019-01-18,5,0,36,0.0,0.0,0.0,0.0,0.0
2019-01-18,5,0,37,0.0,0.0,0.0,0.0,0.0
2019-01-18,5,0,38,0.0,0.0,0.0,0.0,0.0
2019-01-18,5,0,39,0.0,0.0,0.0,0.0,0.0
2019-01-18,5,0,40,0.0,0.0,0.0,0.0,0.0
2019-01-18,5,0,41,66.2,66.2,0.0,745.580327,0.0
2019-01-18,5,0,42,0.0,0.0,0.0,0.0,0.0
2019-01-18,5,0,43,0.0,0.0,0.0,0.0,0.0
2019-01-18,5,0,46,0.0,0.0,0.0,0.0,0.0
2019-01-18,5,0,52,8.86,8.86,0.0,119.219562,0.0
2019-01-18,5,0,53,14.07,14.07,0.0,189.32497,0.0
2019-01-18,5,0,55,216.55,216.55,0.0,2904.934984,0.0
2019-01-18,5,0,56,0.0,0.0,0.0,0.0,0.0
2019-01-18,5,0,57,0.0,0.0,0.0,0.0,0.0
2019-01-18,5,0,58,0.0,0.0,0.0,0.0,0.0
2019-01-18,5,0,59,0.0,0.0,0.0,0.0,0.0
2019-01-18,5,0,63,129.98,129.98,0.0,12608.565094,0.0
2019-01-18,5,0,64,152.91,152.91,0.0,14832.864199,0.0
2019-01-18,5,0,65,2.52,2.52,0.0,17.502458,0.0
2019-01-18,5,0,67,0.0,0.0,0.0,-0.0,0.0
2019-01-18,5,0,68,7.89,7.89,0.0,-3335.422356,0.0
2019-01-18,5,0,69,0.0,0.0,0.0,0.0,0.0
2019-01-18,5,0,74,7.4,7.4,0.0,61.098134,0.0
2019-01-18,5,0,77,200.0,200.0,0.0,-60940.178196,0.0
2019-01-18,5,0,78,151.2,151.2,0.0,-46070.774716,0.0
2019-01-18,5,0,79,87.5,87.5,0.0,-26661.327961,0.0
2019-01-18,5,0,80,141.5,141.5,0.0,-43115.176074,0.0
2019-01-18,5,0,81,185.0,185.0,0.0,-56369.664832,0.0
2019-01-18,5,0,82,130.5,130.5,0.0,-39763.466273,0.0
2019-01-18,5,0,83,291.0,291.0,0.0,-88667.959276,0.0
2019-01-18,5,0,84,0.0,0.0,0.0,0.0,0.0
2019-01-18,5,0,86,0.0,0.0,0.0,0.0,0.0
2019-01-18,5,0,87,0.0,0.0,0.0,0.0,0.0
2019-01-18,5,0,88,170.6,170.6,0.0,-51981.972001,0.0
2019-01-18,5,0,89,164.0,164.0,0.0,-49970.946121,0.0
2019-01-18,5,0,90,220.2,220.2,0.0,-67095.136194,0.0
2019-01-18,5,0,91,785.5,785.5,0.0,-239342.549866,0.0
2019-01-18,5,0,92,282.5,282.5,0.0,-86078.001702,0.0
2019-01-18,5,0,95,3.39,3.39,0.0,86.152421,0.0
2019-01-18,5,0,96,22.65,22.65,0.0,305.754906,0.0
2019-01-18,5,0,97,139.26,139.26,0.0,1879.886458,0.0
2019-01-18,5,0,99,1.43,1.43,0.0,11.806802,0.0
2019-01-18,5,0,101,0.0,0.0,0.0,0.0,0.0
2019-01-18,5,0,102,18.68,18.68,0.0,-7896.792092,0.0
2019-01-18,5,0,103,16.24,16.24,0.0,-6865.305331,0.0
2019-01-18,5,0,104,3.02,3.02,0.0,-1276.676238,0.0
2019-01-18,5,0,106,0.0,0.0,0.0,0.0,0.0
2019-01-18,5,0,109,98.14,98.14,0.0,965.848099,0.0
2019-01-18,5,0,110,338.6,338.6,0.0,-338600.0,0.0
2019-01-18,5,0,111,0.0,0.0,0.0,0.0,0.0
2019-01-18,5,0,113,95.45,95.45,0.0,-26238.700056,0.0
2019-01-18,5,0,115,95.45,95.45,0.0,-26238.700056,0.0
2019-01-18,5,0,116,0.0,0.0,0.0,-0.0,0.0
2019-01-18,5,0,117,4.59,4.59,0.0,-1261.766718,0.0
2019-01-18,5,0,119,152.91,152.91,0.0,14832.864199,0.0
2019-01-18,5,0,120,89.91,89.91,0.0,8721.619385,0.0
2019-01-18,5,0,123,0.0,0.0,0.0,0.0,0.0
2019-01-18,5,0,125,174.2,174.2,0.0,2336.826018,0.0
2019-01-18,5,0,126,0.0,0.0,0.0,0.0,0.0
2019-01-18,5,0,127,0.0,0.0,0.0,0.0,0.0
2019-01-18,5,0,128,249.5,249.5,0.0,3346.946564,0.0
2019-01-18,5,0,131,30.0,30.0,0.0,-11543.690124,0.0
2019-01-18,5,0,132,44.1,44.1,0.0,-16969.224483,0.0
2019-01-18,5,0,133,6.59,6.59,0.0,45.437331,0.0
2019-01-18,5,0,134,0.0,0.0,0.0,0.0,0.0
2019-01-18,5,0,135,9.39,9.39,0.0,64.743025,0.0
2019-01-18,5,0,136,2.09,2.09,0.0,14.521226,0.0
2019-01-18,5,0,139,85.49,85.49,0.0,962.834776,0.0
2019-01-18,5,0,140,250.6,250.6,0.0,-250600.0,0.0
2019-01-18,5,0,141,230.0,230.0,0.0,-129913.543736,0.0
2019-01-18,5,0,142,0.0,0.0,0.0,-0.0,0.0
2019-01-18,5,0,143,32.5,32.5,0.0,437.317807,0.0
2019-01-18,5,0,145,13.09,13.09,0.0,158.576493,0.0
2019-01-18,5,0,146,268.0,268.0,0.0,-268000.0,0.0
2019-01-18,5,0,152,0.0,0.0,0.0,0.0,0.0
2019-01-18,5,0,153,0.0,0.0,0.0,0.0,0.0
2019-01-18,5,0,154,0.0,0.0,0.0,0.0,0.0
2019-01-18,5,0,157,225.94,225.94,0.0,-127620.287268,0.0
2019-01-18,5,0,158,0.0,0.0,0.0,-0.0,0.0
2019-01-18,5,0,159,0.0,0.0,0.0,0.0,0.0
2019-01-18,5,0,160,0.0,0.0,0.0,0.0,0.0
2019-01-18,5,0,161,0.0,0.0,0.0,-0.0,0.0
2019-01-18,5,0,162,6.34,6.34,0.0,166.166855,0.0
2019-01-18,5,0,163,95.31,95.31,0.0,-95310.0,0.0
2019-01-18,5,0,164,0.0,0.0,0.0,0.0,0.0
2019-01-18,5,0,167,0.0,0.0,0.0,0.0,0.0
2019-01-18,5,0,168,0.0,0.0,0.0,0.0,0.0
2019-01-18,5,0,169,0.0,0.0,0.0,0.0,0.0
2019-01-18,5,0,170,0.0,0.0,0.0,0.0,0.0
2019-01-18,5,0,172,0.0,0.0,0.0,0.0,0.0
2019-01-18,5,0,173,0.0,0.0,0.0,0.0,0.0
2019-01-18,5,0,188,0.0,0.0,0.0,0.0,0.0
2019-01-18,5,0,190,0.0,0.0,0.0,0.0,0.0
2019-01-18,5,0,191,0.0,0.0,0.0,0.0,0.0
2019-01-18,5,0,192,95.72,95.72,0.0,9285.211962,0.0
2019-01-18,5,0,194,176.5,176.5,0.0,-24941.42676,0.0
2019-01-18,5,0,196,0.0,0.0,0.0,0.0,0.0
2019-01-18,5,0,198,0.0,0.0,0.0,0.0,0.0
2019-01-18,5,0,199,2.19,2.19,0.0,-86.890569,0.0
2019-01-18,5,0,200,0.0,0.0,0.0,-0.0,0.0
2019-01-18,5,0,204,458.99,458.99,0.0,4591.946323,0.0
2019-01-18,5,0,205,519.18,519.18,0.0,5109.52737,0.0
2019-01-18,5,0,206,409.22,409.22,0.0,5524.106968,0.0
2019-01-18,5,0,210,0.0,0.0,0.0,0.0,0.0
2019-01-18,5,0,214,0.0,0.0,0.0,0.0,0.0
2019-01-18,5,0,217,0.0,0.0,0.0,0.0,0.0
2019-01-18,5,0,218,0.0,0.0,0.0,0.0,0.0
2019-01-18,5,0,219,0.0,0.0,0.0,0.0,0.0
2019-01-18,5,0,221,0.0,0.0,0.0,0.0,0.0
2019-01-18,5,0,225,0.0,0.0,0.0,0.0,0.0
2019-01-18,5,0,233,0.0,0.0,0.0,0.0,0.0
2019-01-18,5,0,236,14.79,14.79,0.0,111.358701,0.0
2019-01-18,5,0,237,17.75,17.75,0.0,146.552957,0.0
2019-01-18,5,0,238,0.0,0.0,0.0,0.0,0.0
2019-01-18,5,0,240,0.0,0.0,0.0,0.0,0.0
2019-01-18,5,0,245,13.34,13.34,0.0,89.770603,0.0
2019-01-18,5,0,247,18.86,18.86,0.0,126.91706,0.0
2019-01-18,5,0,248,1.78,1.78,0.0,14.696578,0.0
2019-01-18,5,0,249,25.66,25.66,0.0,172.677187,0.0
2019-01-18,5,0,251,48.73,48.73,0.0,342.144871,0.0
2019-01-18,5,0,252,16.27,16.27,0.0,113.00198,0.0
2019-01-18,5,0,254,0.0,0.0,0.0,0.0,0.0
2019-01-18,5,0,255,0.0,0.0,0.0,0.0,0.0
2019-01-18,5,0,258,0.0,0.0,0.0,0.0,0.0
2019-01-18,5,0,260,0.0,0.0,0.0,0.0,0.0
2019-01-18,5,0,265,0.0,0.0,0.0,0.0,0.0
2019-01-18,5,0,266,55.36,55.36,0.0,623.494364,0.0
2019-01-18,5,0,267,68.03,68.03,0.0,766.19078,0.0
2019-01-18,5,0,270,297.65,297.65,0.0,-297650.0,0.0
2019-01-18,5,0,272,328.13,328.13,0.0,-90201.201145,0.0
2019-01-18,5,0,273,0.0,0.0,0.0,-0.0,0.0
2019-01-18,5,0,274,383.71,383.71,0.0,-383710.0,0.0
2019-01-18,5,0,275,534.12,534.12,0.0,-534120.0,0.0
2019-01-18,5,0,276,0.0,0.0,0.0,-0.0,0.0
2019-01-18,5,0,277,0.0,0.0,0.0,-0.0,0.0
2019-01-18,5,0,278,0.0,0.0,0.0,-0.0,0.0
2019-01-18,5,0,279,214.11,214.11,0.0,-61416.273512,0.0
2019-01-18,5,0,281,3.75,3.75,0.0,50.459747,0.0
2019-01-18,5,0,282,0.0,0.0,0.0,0.0,0.0
2019-01-18,6,0,9,0.0,0.0,0.0,0.0,0.0
2019-01-18,6,0,17,0.0,0.0,0.0,0.0,0.0
2019-01-18,6,0,19,65.36,65.36,0.0,483.027169,0.0
2019-01-18,6,0,20,79.26,79.26,0.0,585.751736,0.0
2019-01-18,6,0,21,0.0,0.0,0.0,0.0,0.0
2019-01-18,6,0,22,0.0,0.0,0.0,0.0,0.0
2019-01-18,6,0,23,108.8,108.8,0.0,1459.846807,0.0
2019-01-18,6,0,24,192.5,192.5,0.0,2582.909102,0.0
2019-01-18,6,0,29,0.0,0.0,0.0,0.0,0.0
2019-01-18,6,0,30,0.0,0.0,0.0,0.0,0.0
2019-01-18,6,0,31,11.51,11.51,0.0,154.877783,0.0
2019-01-18,6,0,32,0.0,0.0,0.0,0.0,0.0
2019-01-18,6,0,33,0.0,0.0,0.0,0.0,0.0
2019-01-18,6,0,34,0.0,0.0,0.0,0.0,0.0
2019-01-18,6,0,35,0.0,0.0,0.0,0.0,0.0
2019-01-18,6,0,36,0.0,0.0,0.0,0.0,0.0
2019-01-18,6,0,37,0.0,0.0,0.0,0.0,0.0
2019-01-18,6,0,38,0.0,0.0,0.0,0.0,0.0
2019-01-18,6,0,39,0.0,0.0,0.0,0.0,0.0
2019-01-18,6,0,40,0.0,0.0,0.0,0.0,0.0
2019-01-18,6,0,41,91.39,91.39,0.0,1044.295294,0.0
2019-01-18,6,0,42,0.0,0.0,0.0,0.0,0.0
2019-01-18,6,0,43,0.0,0.0,0.0,0.0,0.0
2019-01-18,6,0,46,0.0,0.0,0.0,0.0,0.0
2019-01-18,6,0,52,12.2,12.2,0.0,164.162377,0.0
2019-01-18,6,0,53,19.38,19.38,0.0,260.775972,0.0
2019-01-18,6,0,55,101.2,101.2,0.0,1357.872214,0.0
2019-01-18,6,0,56,0.0,0.0,0.0,0.0,0.0
2019-01-18,6,0,57,0.0,0.0,0.0,0.0,0.0
2019-01-18,6,0,58,0.0,0.0,0.0,0.0,0.0
2019-01-18,6,0,59,0.0,0.0,0.0,0.0,0.0
2019-01-18,6,0,63,170.0,170.0,0.0,18764.833922,0.0
2019-01-18,6,0,64,200.0,200.0,0.0,22076.275202,0.0
2019-01-18,6,0,65,2.79,2.79,0.0,20.738005,0.0
2019-01-18,6,0,67,0.0,0.0,0.0,-0.0,0.0
2019-01-18,6,0,68,10.2,10.2,0.0,-4239.497838,0.0
2019-01-18,6,0,69,0.0,0.0,0.0,0.0,0.0
2019-01-18,6,0,74,7.59,7.59,0.0,65.62221,0.0
2019-01-18,6,0,77,200.0,200.0,0.0,-59224.337069,0.0
2019-01-18,6,0,78,151.2,151.2,0.0,-44773.598824,0.0
2019-01-18,6,0,79,87.5,87.5,0.0,-25910.647468,0.0
2019-01-18,6,0,80,141.5,141.5,0.0,-41901.218477,0.0
2019-01-18,6,0,81,185.0,185.0,0.0,-54782.511789,0.0
2019-01-18,6,0,82,130.5,130.5,0.0,-38643.879938,0.0
2019-01-18,6,0,83,291.0,291.0,0.0,-86171.410436,0.0
2019-01-18,6,0,84,0.0,0.0,0.0,0.0,0.0
2019-01-18,6,0,86,0.0,0.0,0.0,0.0,0.0
2019-01-18,6,0,87,0.0,0.0,0.0,0.0,0.0
2019-01-18,6,0,88,170.6,170.6,0.0,-50518.35952,0.0
2019-01-18,6,0,89,164.0,164.0,0.0,-48563.956397,0.0
2019-01-18,6,0,90,220.2,220.2,0.0,-65205.995113,0.0
2019-01-18,6,0,91,785.5,785.5,0.0,-232603.58384,0.0
2019-01-18,6,0,92,282.5,282.5,0.0,-83654.37611,0.0
2019-01-18,6,0,95,5.9,5.9,0.0,132.335446,0.0
2019-01-18,6,0,96,29.88,29.88,0.0,403.25687,0.0
2019-01-18,6,0,97,183.75,183.75,0.0,2479.867802,0.0
2019-01-18,6,0,99,1.47,1.47,0.0,12.70944,0.0
2019-01-18,6,0,101,0.0,0.0,0.0,0.0,0.0
2019-01-18,6,0,102,24.15,24.15,0.0,-10037.634588,0.0
2019-01-18,6,0,103,21.0,21.0,0.0,-8728.377902,0.0
2019-01-18,6,0,104,3.9,3.9,0.0,-1620.984468,0.0
2019-01-18,6,0,106,0.0,0.0,0.0,0.0,0.0
2019-01-18,6,0,109,133.51,133.51,0.0,1350.080794,0.0
2019-01-18,6,0,110,338.6,338.6,0.0,-338600.0,0.0
2019-01-18,6,0,111,0.0,0.0,0.0,0.0,0.0
2019-01-18,6,0,113,137.43,137.43,0.0,-36559.824309,0.0
2019-01-18,6,0,115,137.43,137.43,0.0,-36559.824309,0.0
2019-01-18,6,0,116,0.0,0.0,0.0,-0.0,0.0
2019-01-18,6,0,117,5.45,5.45,0.0,-1449.836589,0.0
2019-01-18,6,0,119,200.0,200.0,0.0,22076.275202,0.0
2019-01-18,6,0,120,117.6,117.6,0.0,12980.849819,0.0
2019-01-18,6,0,123,0.0,0.0,0.0,0.0,0.0
2019-01-18,6,0,125,174.2,174.2,0.0,2337.365016,0.0
2019-01-18,6,0,126,0.0,0.0,0.0,0.0,0.0
2019-01-18,6,0,127,0.0,0.0,0.0,0.0,0.0
2019-01-18,6,0,128,249.5,249.5,0.0,3347.71855,0.0
2019-01-18,6,0,131,30.0,30.0,0.0,-11316.57709,0.0
2019-01-18,6,0,132,44.1,44.1,0.0,-16635.368323,0.0
2019-01-18,6,0,133,5.87,5.87,0.0,43.35718,0.0
2019-01-18,6,0,134,0.0,0.0,0.0,0.0,0.0
2019-01-18,6,0,135,7.86,7.86,0.0,58.055781,0.0
2019-01-18,6,0,136,3.23,3.23,0.0,24.01609,0.0
2019-01-18,6,0,139,118.02,118.02,0.0,1348.59099,0.0
2019-01-18,6,0,140,250.6,250.6,0.0,-250600.0,0.0
2019-01-18,6,0,141,230.0,230.0,0.0,-128681.935745,0.0
2019-01-18,6,0,142,0.0,0.0,0.0,-0.0,0.0
2019-01-18,6,0,143,74.64,74.64,0.0,1004.350803,0.0
2019-01-18,6,0,145,14.95,14.95,0.0,182.61116,0.0
2019-01-18,6,0,146,268.0,268.0,0.0,-268000.0,0.0
2019-01-18,6,0,152,0.0,0.0,0.0,0.0,0.0
2019-01-18,6,0,153,0.0,0.0,0.0,0.0,0.0
2019-01-18,6,0,154,0.0,0.0,0.0,0.0,0.0
2019-01-18,6,0,157,246.99,246.99,0.0,-138187.61439,0.0
2019-01-18,6,0,158,0.0,0.0,0.0,-0.0,0.0
2019-01-18,6,0,159,0.0,0.0,0.0,0.0,0.0
2019-01-18,6,0,160,0.0,0.0,0.0,0.0,0.0
2019-01-18,6,0,161,0.0,0.0,0.0,-0.0,0.0
2019-01-18,6,0,162,10.01,10.01,0.0,232.315947,0.0
2019-01-18,6,0,163,124.05,124.05,0.0,-124050.0,0.0
2019-01-18,6,0,164,0.0,0.0,0.0,0.0,0.0
2019-01-18,6,0,167,0.0,0.0,0.0,0.0,0.0
2019-01-18,6,0,168,0.0,0.0,0.0,0.0,0.0
2019-01-18,6,0,169,0.0,0.0,0.0,0.0,0.0
2019-01-18,6,0,170,0.0,0.0,0.0,0.0,0.0
2019-01-18,6,0,172,0.0,0.0,0.0,0.0,0.0
2019-01-18,6,0,173,0.0,0.0,0.0,0.0,0.0
2019-01-18,6,0,188,0.0,0.0,0.0,0.0,0.0
2019-01-18,6,0,190,0.0,0.0,0.0,0.0,0.0
2019-01-18,6,0,191,0.0,0.0,0.0,0.0,0.0
2019-01-18,6,0,192,104.39,104.39,0.0,11522.711842,0.0
2019-01-18,6,0,194,176.5,176.5,0.0,-23098.373326,0.0
2019-01-18,6,0,196,0.0,0.0,0.0,0.0,0.0
2019-01-18,6,0,198,0.0,0.0,0.0,0.0,0.0
2019-01-18,6,0,199,5.24,5.24,0.0,-188.765016,0.0
2019-01-18,6,0,200,0.0,0.0,0.0,-0.0,0.0
2019-01-18,6,0,204,664.73,664.73,0.0,6822.078143,0.0
2019-01-18,6,0,205,706.28,706.28,0.0,7142.049757,0.0
2019-01-18,6,0,206,539.94,539.94,0.0,7286.965012,0.0
2019-01-18,6,0,210,0.0,0.0,0.0,0.0,0.0
2019-01-18,6,0,214,0.0,0.0,0.0,0.0,0.0
2019-01-18,6,0,217,0.0,0.0,0.0,0.0,0.0
2019-01-18,6,0,218,0.0,0.0,0.0,0.0,0.0
2019-01-18,6,0,219,0.0,0.0,0.0,0.0,0.0
2019-01-18,6,0,221,0.0,0.0,0.0,0.0,0.0
2019-01-18,6,0,225,0.0,0.0,0.0,0.0,0.0
2019-01-18,6,0,233,0.0,0.0,0.0,0.0,0.0
2019-01-18,6,0,236,14.37,14.37,0.0,114.574217,0.0
2019-01-18,6,0,237,18.22,18.22,0.0,157.527887,0.0
2019-01-18,6,0,238,0.0,0.0,0.0,0.0,0.0
2019-01-18,6,0,240,0.0,0.0,0.0,0.0,0.0
2019-01-18,6,0,245,14.75,14.75,0.0,106.689144,0.0
2019-01-18,6,0,247,20.36,20.36,0.0,147.267184,0.0
2019-01-18,6,0,248,1.83,1.83,0.0,15.821956,0.0
2019-01-18,6,0,249,28.37,28.37,0.0,205.204814,0.0
2019-01-18,6,0,251,38.58,38.58,0.0,289.470212,0.0
2019-01-18,6,0,252,18.02,18.02,0.0,133.942239,0.0
2019-01-18,6,0,254,0.0,0.0,0.0,0.0,0.0
2019-01-18,6,0,255,0.0,0.0,0.0,0.0,0.0
2019-01-18,6,0,258,0.0,0.0,0.0,0.0,0.0
2019-01-18,6,0,260,0.0,0.0,0.0,0.0,0.0
2019-01-18,6,0,265,0.0,0.0,0.0,0.0,0.0
2019-01-18,6,0,266,76.42,76.42,0.0,873.236091,0.0
2019-01-18,6,0,267,93.91,93.91,0.0,1073.090831,0.0
2019-01-18,6,0,270,387.4,387.4,0.0,-387400.0,0.0
2019-01-18,6,0,272,484.95,484.95,0.0,-129008.853954,0.0
2019-01-18,6,0,273,0.0,0.0,0.0,-0.0,0.0
2019-01-18,6,0,274,499.41,499.41,0.0,-499410.0,0.0
2019-01-18,6,0,275,695.18,695.18,0.0,-695180.0,0.0
2019-01-18,6,0,276,0.0,0.0,0.0,-0.0,0.0
2019-01-18,6,0,277,0.0,0.0,0.0,-0.0,0.0
2019-01-18,6,0,278,0.0,0.0,0.0,-0.0,0.0
2019-01-18,6,0,279,264.6,264.6,0.0,-73582.953788,0.0
2019-01-18,6,0,281,5.18,5.18,0.0,69.70173,0.0
2019-01-18,6,0,282,0.0,0.0,0.0,0.0,0.0
2019-01-18,7,0,9,0.0,0.0,0.0,0.0,0.0
2019-01-18,7,0,17,0.0,0.0,0.0,0.0,0.0
2019-01-18,7,0,19,78.2,78.2,0.0,659.172043,0.0
2019-01-18,7,0,20,94.84,94.84,0.0,799.435761,0.0
2019-01-18,7,0,21,0.0,0.0,0.0,0.0,0.0
2019-01-18,7,0,22,0.0,0.0,0.0,0.0,0.0
2019-01-18,7,0,23,108.8,108.8,0.0,1347.139879,0.0
2019-01-18,7,0,24,192.5,192.5,0.0,2383.496569,0.0
2019-01-18,7,0,29,0.0,0.0,0.0,0.0,0.0
2019-01-18,7,0,30,0.0,0.0,0.0,0.0,0.0
2019-01-18,7,0,31,39.86,39.86,0.0,494.537637,0.0
2019-01-18,7,0,32,0.0,0.0,0.0,0.0,0.0
2019-01-18,7,0,33,0.0,0.0,0.0,0.0,0.0
2019-01-18,7,0,34,0.0,0.0,0.0,0.0,0.0
2019-01-18,7,0,35,0.0,0.0,0.0,0.0,0.0
2019-01-18,7,0,36,0.0,0.0,0.0,0.0,0.0
2019-01-18,7,0,37,0.0,0.0,0.0,0.0,0.0
2019-01-18,7,0,38,0.0,0.0,0.0,0.0,0.0
2019-01-18,7,0,39,0.0,0.0,0.0,0.0,0.0
2019-01-18,7,0,40,0.0,0.0,0.0,0.0,0.0
2019-01-18,7,0,41,85.72,85.72,0.0,949.45749,0.0
2019-01-18,7,0,42,0.0,0.0,0.0,0.0,0.0
2019-01-18,7,0,43,0.0,0.0,0.0,0.0,0.0
2019-01-18,7,0,46,0.0,0.0,0.0,0.0,0.0
2019-01-18,7,0,52,42.25,42.25,0.0,524.190044,0.0
2019-01-18,7,0,53,67.14,67.14,0.0,832.996912,0.0
2019-01-18,7,0,55,117.23,117.23,0.0,1451.518456,0.0
2019-01-18,7,0,56,0.0,0.0,0.0,0.0,0.0
2019-01-18,7,0,57,0.0,0.0,0.0,0.0,0.0
2019-01-18,7,0,58,0.0,0.0,0.0,0.0,0.0
2019-01-18,7,0,59,0.0,0.0,0.0,0.0,0.0
2019-01-18,7,0,63,170.0,170.0,0.0,19463.64248,0.0
2019-01-18,7,0,64,200.0,200.0,0.0,22898.402917,0.0
2019-01-18,7,0,65,3.13,3.13,0.0,26.471423,0.0
2019-01-18,7,0,67,0.0,0.0,0.0,-0.0,0.0
2019-01-18,7,0,68,10.2,10.2,0.0,-4212.461294,0.0
2019-01-18,7,0,69,0.0,0.0,0.0,0.0,0.0
2019-01-18,7,0,74,7.85,7.85,0.0,72.633545,0.0
2019-01-18,7,0,77,200.0,200.0,0.0,-58568.582595,0.0
2019-01-18,7,0,78,151.2,151.2,0.0,-44277.848442,0.0
2019-01-18,7,0,79,87.5,87.5,0.0,-25623.754885,0.0
2019-01-18,7,0,80,141.5,141.5,0.0,-41437.272186,0.0
2019-01-18,7,0,81,185.0,185.0,0.0,-54175.9389,0.0
2019-01-18,7,0,82,130.5,130.5,0.0,-38216.000143,0.0
2019-01-18,7,0,83,291.0,291.0,0.0,-85217.287676,0.0
2019-01-18,7,0,84,0.0,0.0,0.0,0.0,0.0
2019-01-18,7,0,86,0.0,0.0,0.0,0.0,0.0
2019-01-18,7,0,87,0.0,0.0,0.0,0.0,0.0
2019-01-18,7,0,88,170.6,170.6,0.0,-49959.000954,0.0
2019-01-18,7,0,89,164.0,164.0,0.0,-48026.237728,0.0
2019-01-18,7,0,90,220.2,220.2,0.0,-64484.009437,0.0
2019-01-18,7,0,91,785.5,785.5,0.0,-230028.108142,0.0
2019-01-18,7,0,92,282.5,282.5,0.0,-82728.122915,0.0
2019-01-18,7,0,95,9.75,9.75,0.0,218.689932,0.0
2019-01-18,7,0,96,29.88,29.88,0.0,371.49983,0.0
2019-01-18,7,0,97,183.75,183.75,0.0,2284.574757,0.0
2019-01-18,7,0,99,1.51,1.51,0.0,13.971548,0.0
2019-01-18,7,0,101,0.0,0.0,0.0,0.0,0.0
2019-01-18,7,0,102,24.15,24.15,0.0,-9973.621592,0.0
2019-01-18,7,0,103,21.0,21.0,0.0,-8672.714428,0.0
2019-01-18,7,0,104,3.9,3.9,0.0,-1610.646965,0.0
2019-01-18,7,0,106,0.0,0.0,0.0,0.0,0.0
2019-01-18,7,0,109,175.97,175.97,0.0,1797.396957,0.0
2019-01-18,7,0,110,338.6,338.6,0.0,-338600.0,0.0
2019-01-18,7,0,111,0.0,0.0,0.0,0.0,0.0
2019-01-18,7,0,113,75.93,75.93,0.0,-19961.409628,0.0
2019-01-18,7,0,115,75.93,75.93,0.0,-19961.409628,0.0
2019-01-18,7,0,116,0.0,0.0,0.0,-0.0,0.0
2019-01-18,7,0,117,3.11,3.11,0.0,-817.594942,0.0
2019-01-18,7,0,119,200.0,200.0,0.0,22898.402917,0.0
2019-01-18,7,0,120,117.6,117.6,0.0,13464.260915,0.0
2019-01-18,7,0,123,0.0,0.0,0.0,0.0,0.0
2019-01-18,7,0,125,174.2,174.2,0.0,2156.909623,0.0
2019-01-18,7,0,126,0.0,0.0,0.0,0.0,0.0
2019-01-18,7,0,127,0.0,0.0,0.0,0.0,0.0
2019-01-18,7,0,128,249.5,249.5,0.0,3089.25919,0.0
2019-01-18,7,0,131,30.0,30.0,0.0,-11231.830003,0.0
2019-01-18,7,0,132,44.1,44.1,0.0,-16510.790104,0.0
2019-01-18,7,0,133,6.3,6.3,0.0,53.088025,0.0
2019-01-18,7,0,134,0.0,0.0,0.0,0.0,0.0
2019-01-18,7,0,135,8.45,8.45,0.0,71.205367,0.0
2019-01-18,7,0,136,4.95,4.95,0.0,41.871364,0.0
2019-01-18,7,0,139,110.71,110.71,0.0,1226.253369,0.0
2019-01-18,7,0,140,250.6,250.6,0.0,-250600.0,0.0
2019-01-18,7,0,141,230.0,230.0,0.0,-128222.361988,0.0
2019-01-18,7,0,142,0.0,0.0,0.0,-0.0,0.0
2019-01-18,7,0,143,73.66,73.66,0.0,913.889672,0.0
2019-01-18,7,0,145,17.09,17.09,0.0,198.124206,0.0
2019-01-18,7,0,146,268.0,268.0,0.0,-268000.0,0.0
2019-01-18,7,0,152,0.0,0.0,0.0,0.0,0.0
2019-01-18,7,0,153,0.0,0.0,0.0,0.0,0.0
2019-01-18,7,0,154,0.0,0.0,0.0,0.0,0.0
2019-01-18,7,0,157,250.0,250.0,0.0,-139372.132595,0.0
2019-01-18,7,0,158,0.0,0.0,0.0,-0.0,0.0
2019-01-18,7,0,159,0.0,0.0,0.0,0.0,0.0
2019-01-18,7,0,160,0.0,0.0,0.0,0.0,0.0
2019-01-18,7,0,161,0.0,0.0,0.0,-0.0,0.0
2019-01-18,7,0,162,15.15,15.15,0.0,351.582443,0.0
2019-01-18,7,0,163,159.7,159.7,0.0,-159700.0,0.0
2019-01-18,7,0,164,0.0,0.0,0.0,0.0,0.0
2019-01-18,7,0,167,0.0,0.0,0.0,0.0,0.0
2019-01-18,7,0,168,0.0,0.0,0.0,0.0,0.0
2019-01-18,7,0,169,0.0,0.0,0.0,0.0,0.0
2019-01-18,7,0,170,0.0,0.0,0.0,0.0,0.0
2019-01-18,7,0,172,0.0,0.0,0.0,0.0,0.0
2019-01-18,7,0,173,0.0,0.0,0.0,0.0,0.0
2019-01-18,7,0,188,0.0,0.0,0.0,0.0,0.0
2019-01-18,7,0,190,0.0,0.0,0.0,0.0,0.0
2019-01-18,7,0,191,0.0,0.0,0.0,0.0,0.0
2019-01-18,7,0,192,115.45,115.45,0.0,13218.103084,0.0
2019-01-18,7,0,194,176.5,176.5,0.0,-22483.748739,0.0
2019-01-18,7,0,196,0.0,0.0,0.0,0.0,0.0
2019-01-18,7,0,198,0.0,0.0,0.0,0.0,0.0
2019-01-18,7,0,199,10.56,10.56,0.0,-347.330377,0.0
2019-01-18,7,0,200,0.0,0.0,0.0,-0.0,0.0
2019-01-18,7,0,204,857.0,857.0,0.0,8838.29291,0.0
2019-01-18,7,0,205,930.87,930.87,0.0,9508.114483,0.0
2019-01-18,7,0,206,539.94,539.94,0.0,6713.106364,0.0
2019-01-18,7,0,210,0.0,0.0,0.0,0.0,0.0
2019-01-18,7,0,214,0.0,0.0,0.0,0.0,0.0
2019-01-18,7,0,217,0.0,0.0,0.0,0.0,0.0
2019-01-18,7,0,218,0.0,0.0,0.0,0.0,0.0
2019-01-18,7,0,219,0.0,0.0,0.0,0.0,0.0
2019-01-18,7,0,221,0.0,0.0,0.0,0.0,0.0
2019-01-18,7,0,225,0.0,0.0,0.0,0.0,0.0
2019-01-18,7,0,233,0.0,0.0,0.0,0.0,0.0
2019-01-18,7,0,236,14.07,14.07,0.0,123.978418,0.0
2019-01-18,7,0,237,18.82,18.82,0.0,174.135455,0.0
2019-01-18,7,0,238,0.0,0.0,0.0,0.0,0.0
2019-01-18,7,0,240,0.0,0.0,0.0,0.0,0.0
2019-01-18,7,0,245,16.29,16.29,0.0,135.635358,0.0
2019-01-18,7,0,247,21.94,21.94,0.0,182.678929,0.0
2019-01-18,7,0,248,1.89,1.89,0.0,17.487567,0.0
2019-01-18,7,0,249,31.33,31.33,0.0,260.862846,0.0
2019-01-18,7,0,251,30.07,30.07,0.0,255.694751,0.0
2019-01-18,7,0,252,20.2,20.2,0.0,170.837937,0.0
2019-01-18,7,0,254,0.0,0.0,0.0,0.0,0.0
2019-01-18,7,0,255,0.0,0.0,0.0,0.0,0.0
2019-01-18,7,0,258,0.0,0.0,0.0,0.0,0.0
2019-01-18,7,0,260,0.0,0.0,0.0,0.0,0.0
2019-01-18,7,0,265,0.0,0.0,0.0,0.0,0.0
2019-01-18,7,0,266,71.67,71.67,0.0,793.835958,0.0
2019-01-18,7,0,267,88.09,88.09,0.0,975.70824,0.0
2019-01-18,7,0,270,498.74,498.74,0.0,-498740.0,0.0
2019-01-18,7,0,272,270.16,270.16,0.0,-71022.974123,0.0
2019-01-18,7,0,273,0.0,0.0,0.0,-0.0,0.0
2019-01-18,7,0,274,642.93,642.93,0.0,-642930.0,0.0
2019-01-18,7,0,275,894.97,894.97,0.0,-894970.0,0.0
2019-01-18,7,0,276,0.0,0.0,0.0,-0.0,0.0
2019-01-18,7,0,277,0.0,0.0,0.0,-0.0,0.0
2019-01-18,7,0,278,0.0,0.0,0.0,-0.0,0.0
2019-01-18,7,0,279,264.6,264.6,0.0,-72738.530127,0.0
2019-01-18,7,0,281,17.87,17.87,0.0,221.710677,0.0
2019-01-18,7,0,282,0.0,0.0,0.0,0.0,0.0
2019-01-18,8,0,9,0.0,0.0,0.0,0.0,0.0
2019-01-18,8,0,17,0.0,0.0,0.0,0.0,0.0
2019-01-18,8,0,19,116.53,116.53,0.0,963.345624,0.0
2019-01-18,8,0,20,145.04,145.04,0.0,1199.035864,0.0
2019-01-18,8,0,21,0.0,0.0,0.0,0.0,0.0
2019-01-18,8,0,22,0.0,0.0,0.0,0.0,0.0
2019-01-18,8,0,23,108.8,108.8,0.0,1243.305681,0.0
2019-01-18,8,0,24,192.5,192.5,0.0,2199.78257,0.0
2019-01-18,8,0,29,0.0,0.0,0.0,0.0,0.0
2019-01-18,8,0,30,0.0,0.0,0.0,0.0,0.0
2019-01-18,8,0,31,13.07,13.07,0.0,149.618618,0.0
2019-01-18,8,0,32,0.0,0.0,0.0,0.0,0.0
2019-01-18,8,0,33,0.0,0.0,0.0,0.0,0.0
2019-01-18,8,0,34,0.0,0.0,0.0,0.0,0.0
2019-01-18,8,0,35,0.0,0.0,0.0,0.0,0.0
2019-01-18,8,0,36,0.0,0.0,0.0,0.0,0.0
2019-01-18,8,0,37,0.0,0.0,0.0,0.0,0.0
2019-01-18,8,0,38,0.0,0.0,0.0,0.0,0.0
2019-01-18,8,0,39,0.0,0.0,0.0,0.0,0.0
2019-01-18,8,0,40,0.0,0.0,0.0,0.0,0.0
2019-01-18,8,0,41,34.8,34.8,0.0,361.345935,0.0
2019-01-18,8,0,42,0.0,0.0,0.0,0.0,0.0
2019-01-18,8,0,43,0.0,0.0,0.0,0.0,0.0
2019-01-18,8,0,46,0.0,0.0,0.0,0.0,0.0
2019-01-18,8,0,52,13.85,13.85,0.0,158.547656,0.0
2019-01-18,8,0,53,22.01,22.01,0.0,251.959127,0.0
2019-01-18,8,0,55,144.64,144.64,0.0,1652.865199,0.0
2019-01-18,8,0,56,0.0,0.0,0.0,0.0,0.0
2019-01-18,8,0,57,0.0,0.0,0.0,0.0,0.0
2019-01-18,8,0,58,0.0,0.0,0.0,0.0,0.0
2019-01-18,8,0,59,0.0,0.0,0.0,0.0,0.0
2019-01-18,8,0,63,96.01,96.01,0.0,10996.773474,0.0
2019-01-18,8,0,64,112.86,112.86,0.0,12926.735281,0.0
2019-01-18,8,0,65,4.76,4.76,0.0,39.457224,0.0
2019-01-18,8,0,67,0.0,0.0,0.0,-0.0,0.0
2019-01-18,8,0,68,10.2,10.2,0.0,-4210.355609,0.0
2019-01-18,8,0,69,0.0,0.0,0.0,0.0,0.0
2019-01-18,8,0,74,7.21,7.21,0.0,64.351558,0.0
2019-01-18,8,0,77,147.17,147.17,0.0,-43056.31437,0.0
2019-01-18,8,0,78,111.12,111.12,0.0,-32509.462885,0.0
2019-01-18,8,0,79,64.1,64.1,0.0,-18753.208882,0.0
2019-01-18,8,0,80,103.96,103.96,0.0,-30414.720676,0.0
2019-01-18,8,0,81,136.09,136.09,0.0,-39814.730058,0.0
2019-01-18,8,0,82,95.84,95.84,0.0,-28039.119177,0.0
2019-01-18,8,0,83,214.4,214.4,0.0,-62725.241564,0.0
2019-01-18,8,0,84,0.0,0.0,0.0,0.0,0.0
2019-01-18,8,0,86,0.0,0.0,0.0,0.0,0.0
2019-01-18,8,0,87,0.0,0.0,0.0,0.0,0.0
2019-01-18,8,0,88,123.33,123.33,0.0,-36081.641987,0.0
2019-01-18,8,0,89,119.02,119.02,0.0,-34820.700797,0.0
2019-01-18,8,0,90,155.3,155.3,0.0,-45434.841487,0.0
2019-01-18,8,0,91,486.84,486.84,0.0,-142430.767738,0.0
2019-01-18,8,0,92,194.81,194.81,0.0,-56993.956666,0.0
2019-01-18,8,0,95,16.83,16.83,0.0,377.492467,0.0
2019-01-18,8,0,96,29.88,29.88,0.0,342.676698,0.0
2019-01-18,8,0,97,183.75,183.75,0.0,2107.324072,0.0
2019-01-18,8,0,99,1.39,1.39,0.0,12.406195,0.0
2019-01-18,8,0,101,0.0,0.0,0.0,0.0,0.0
2019-01-18,8,0,102,24.15,24.15,0.0,-9968.636074,0.0
2019-01-18,8,0,103,21.0,21.0,0.0,-8668.379195,0.0
2019-01-18,8,0,104,3.9,3.9,0.0,-1609.84185,0.0
2019-01-18,8,0,106,0.0,0.0,0.0,0.0,0.0
2019-01-18,8,0,109,200.0,200.0,0.0,1938.838754,0.0
2019-01-18,8,0,110,338.6,338.6,0.0,-338600.0,0.0
2019-01-18,8,0,111,0.0,0.0,0.0,0.0,0.0
2019-01-18,8,0,113,141.55,141.55,0.0,-37186.202233,0.0
2019-01-18,8,0,115,141.55,141.55,0.0,-37186.202233,0.0
2019-01-18,8,0,116,0.0,0.0,0.0,-0.0,0.0
2019-01-18,8,0,117,7.33,7.33,0.0,-1925.643676,0.0
2019-01-18,8,0,119,112.86,112.86,0.0,12926.735281,0.0
2019-01-18,8,0,120,66.59,66.59,0.0,7627.071614,0.0
2019-01-18,8,0,123,0.0,0.0,0.0,0.0,0.0
2019-01-18,8,0,125,174.2,174.2,0.0,1990.660383,0.0
2019-01-18,8,0,126,0.0,0.0,0.0,0.0,0.0
2019-01-18,8,0,127,0.0,0.0,0.0,0.0,0.0
2019-01-18,8,0,128,249.5,249.5,0.0,2851.146759,0.0
2019-01-18,8,0,131,30.0,30.0,0.0,-11225.229653,0.0
2019-01-18,8,0,132,44.1,44.1,0.0,-16501.08759,0.0
2019-01-18,8,0,133,8.27,8.27,0.0,68.350077,0.0
2019-01-18,8,0,134,0.0,0.0,0.0,0.0,0.0
2019-01-18,8,0,135,11.08,11.08,0.0,91.574226,0.0
2019-01-18,8,0,136,6.63,6.63,0.0,54.966429,0.0
2019-01-18,8,0,139,44.94,44.94,0.0,466.634665,0.0
2019-01-18,8,0,140,250.6,250.6,0.0,-250600.0,0.0
2019-01-18,8,0,141,230.0,230.0,0.0,-128186.569047,0.0
2019-01-18,8,0,142,0.0,0.0,0.0,-0.0,0.0
2019-01-18,8,0,143,24.13,24.13,0.0,276.227793,0.0
2019-01-18,8,0,145,24.78,24.78,0.0,267.541974,0.0
2019-01-18,8,0,146,268.0,268.0,0.0,-268000.0,0.0
2019-01-18,8,0,152,0.0,0.0,0.0,0.0,0.0
2019-01-18,8,0,153,0.0,0.0,0.0,0.0,0.0
2019-01-18,8,0,154,0.0,0.0,0.0,0.0,0.0
2019-01-18,8,0,157,250.0,250.0,0.0,-139333.227225,0.0
2019-01-18,8,0,158,0.0,0.0,0.0,-0.0,0.0
2019-01-18,8,0,159,0.0,0.0,0.0,0.0,0.0
2019-01-18,8,0,160,0.0,0.0,0.0,0.0,0.0
2019-01-18,8,0,161,0.0,0.0,0.0,-0.0,0.0
2019-01-18,8,0,162,23.46,23.46,0.0,544.453958,0.0
2019-01-18,8,0,163,185.4,185.4,0.0,-185400.0,0.0
2019-01-18,8,0,164,0.0,0.0,0.0,0.0,0.0
2019-01-18,8,0,167,0.0,0.0,0.0,0.0,0.0
2019-01-18,8,0,168,0.0,0.0,0.0,0.0,0.0
2019-01-18,8,0,169,0.0,0.0,0.0,0.0,0.0
2019-01-18,8,0,170,0.0,0.0,0.0,0.0,0.0
2019-01-18,8,0,172,0.0,0.0,0.0,0.0,0.0
2019-01-18,8,0,173,0.0,0.0,0.0,0.0,0.0
2019-01-18,8,0,188,0.0,0.0,0.0,0.0,0.0
2019-01-18,8,0,190,0.0,0.0,0.0,0.0,0.0
2019-01-18,8,0,191,0.0,0.0,0.0,0.0,0.0
2019-01-18,8,0,192,158.18,158.18,0.0,5129.390985,0.0
2019-01-18,8,0,194,176.5,176.5,0.0,-22460.227147,0.0
2019-01-18,8,0,196,0.0,0.0,0.0,0.0,0.0
2019-01-18,8,0,198,0.0,0.0,0.0,0.0,0.0
2019-01-18,8,0,199,13.25,13.25,0.0,-429.772633,0.0
2019-01-18,8,0,200,0.0,0.0,0.0,-0.0,0.0
2019-01-18,8,0,204,856.99,856.99,0.0,8375.557062,0.0
2019-01-18,8,0,205,1058.0,1058.0,0.0,10256.457007,0.0
2019-01-18,8,0,206,539.94,539.94,0.0,6192.26427,0.0
2019-01-18,8,0,210,0.0,0.0,0.0,0.0,0.0
2019-01-18,8,0,214,0.0,0.0,0.0,0.0,0.0
2019-01-18,8,0,217,0.0,0.0,0.0,0.0,0.0
2019-01-18,8,0,218,0.0,0.0,0.0,0.0,0.0
2019-01-18,8,0,219,0.0,0.0,0.0,0.0,0.0
2019-01-18,8,0,221,0.0,0.0,0.0,0.0,0.0
2019-01-18,8,0,225,0.0,0.0,0.0,0.0,0.0
2019-01-18,8,0,233,0.0,0.0,0.0,0.0,0.0
2019-01-18,8,0,236,14.3,14.3,0.0,122.587834,0.0
2019-01-18,8,0,237,17.29,17.29,0.0,154.318786,0.0
2019-01-18,8,0,238,0.0,0.0,0.0,0.0,0.0
2019-01-18,8,0,240,0.0,0.0,0.0,0.0,0.0
2019-01-18,8,0,245,18.42,18.42,0.0,150.759587,0.0
2019-01-18,8,0,247,25.63,25.63,0.0,209.770262,0.0
2019-01-18,8,0,248,1.74,1.74,0.0,15.530057,0.0
2019-01-18,8,0,249,35.42,35.42,0.0,289.8971,0.0
2019-01-18,8,0,251,46.53,46.53,0.0,387.413917,0.0
2019-01-18,8,0,252,30.73,30.73,0.0,254.731194,0.0
2019-01-18,8,0,254,0.0,0.0,0.0,0.0,0.0
2019-01-18,8,0,255,0.0,0.0,0.0,0.0,0.0
2019-01-18,8,0,258,0.0,0.0,0.0,0.0,0.0
2019-01-18,8,0,260,0.0,0.0,0.0,0.0,0.0
2019-01-18,8,0,265,0.0,0.0,0.0,0.0,0.0
2019-01-18,8,0,266,29.1,29.1,0.0,302.159963,0.0
2019-01-18,8,0,267,35.76,35.76,0.0,371.314099,0.0
2019-01-18,8,0,270,579.0,579.0,0.0,-579000.0,0.0
2019-01-18,8,0,272,490.05,490.05,0.0,-128739.65669,0.0
2019-01-18,8,0,273,0.0,0.0,0.0,-0.0,0.0
2019-01-18,8,0,274,746.4,746.4,0.0,-746400.0,0.0
2019-01-18,8,0,275,1039.0,1039.0,0.0,-1039000.0,0.0
2019-01-18,8,0,276,0.0,0.0,0.0,-0.0,0.0
2019-01-18,8,0,277,0.0,0.0,0.0,-0.0,0.0
2019-01-18,8,0,278,0.0,0.0,0.0,-0.0,0.0
2019-01-18,8,0,279,264.6,264.6,0.0,-72679.366747,0.0
2019-01-18,8,0,281,5.87,5.87,0.0,67.196732,0.0
2019-01-18,8,0,282,0.0,0.0,0.0,0.0,0.0
2019-01-18,9,0,9,0.12,0.12,0.0,1.362989,0.0
2019-01-18,9,0,17,3.9,3.9,0.0,46.989433,0.0
2019-01-18,9,0,19,144.97,144.97,0.0,1746.681571,0.0
2019-01-18,9,0,20,180.01,180.01,0.0,2168.863556,0.0
2019-01-18,9,0,21,2.83,2.83,0.0,32.143834,0.0
2019-01-18,9,0,22,10.04,10.04,0.0,114.036782,0.0
2019-01-18,9,0,23,108.8,108.8,0.0,1235.77708,0.0
2019-01-18,9,0,24,192.5,192.5,0.0,2186.462205,0.0
2019-01-18,9,0,29,1.36,1.36,0.0,9.046196,0.0
2019-01-18,9,0,30,19.78,19.78,0.0,224.657232,0.0
2019-01-18,9,0,31,13.9,13.9,0.0,157.873383,0.0
2019-01-18,9,0,32,0.64,0.64,0.0,30.537116,0.0
2019-01-18,9,0,33,0.26,0.26,0.0,3.217535,0.0
2019-01-18,9,0,34,0.41,0.41,0.0,5.073805,0.0
2019-01-18,9,0,35,0.41,0.41,0.0,5.073805,0.0
2019-01-18,9,0,36,1.2,1.2,0.0,13.569616,0.0
2019-01-18,9,0,37,0.57,0.57,0.0,6.420141,0.0
2019-01-18,9,0,38,0.73,0.73,0.0,8.222286,0.0
2019-01-18,9,0,39,0.49,0.49,0.0,5.519069,0.0
2019-01-18,9,0,40,0.49,0.49,0.0,5.519069,0.0
2019-01-18,9,0,41,34.8,34.8,0.0,397.753696,0.0
2019-01-18,9,0,42,5.98,5.98,0.0,71.627158,0.0
2019-01-18,9,0,43,3.83,3.83,0.0,42.619497,0.0
2019-01-18,9,0,46,2.5,2.5,0.0,28.057887,0.0
2019-01-18,9,0,52,14.75,14.75,0.0,167.527511,0.0
2019-01-18,9,0,53,23.56,23.56,0.0,267.589706,0.0
2019-01-18,9,0,55,177.68,177.68,0.0,2018.133011,0.0
2019-01-18,9,0,56,5.84,5.84,0.0,66.329537,0.0
2019-01-18,9,0,57,5.55,5.55,0.0,63.035775,0.0
2019-01-18,9,0,58,10.67,10.67,0.0,121.187698,0.0
2019-01-18,9,0,59,10.5,10.5,0.0,119.256872,0.0
2019-01-18,9,0,63,51.0,51.0,0.0,5933.644595,0.0
2019-01-18,9,0,64,60.0,60.0,0.0,6980.758346,0.0
2019-01-18,9,0,65,7.16,7.16,0.0,86.173629,0.0
2019-01-18,9,0,67,8.8,8.8,0.0,-4893.431663,0.0
2019-01-18,9,0,68,19.12,19.12,0.0,-7860.36605,0.0
2019-01-18,9,0,69,0.26,0.26,0.0,3.217535,0.0
2019-01-18,9,0,74,6.67,6.67,0.0,78.027331,0.0
2019-01-18,9,0,77,60.0,60.0,0.0,-17424.86805,0.0
2019-01-18,9,0,78,45.36,45.36,0.0,-13173.200246,0.0
2019-01-18,9,0,79,26.25,26.25,0.0,-7623.379772,0.0
2019-01-18,9,0,80,42.45,42.45,0.0,-12328.094146,0.0
2019-01-18,9,0,81,55.5,55.5,0.0,-16118.002946,0.0
2019-01-18,9,0,82,39.15,39.15,0.0,-11369.726403,0.0
2019-01-18,9,0,83,87.3,87.3,0.0,-25353.183013,0.0
2019-01-18,9,0,84,0.0,0.0,0.0,0.0,0.0
2019-01-18,9,0,86,1.3,1.3,0.0,16.087673,0.0
2019-01-18,9,0,87,6.62,6.62,0.0,81.923383,0.0
2019-01-18,9,0,88,155.83,155.83,0.0,-45255.286471,0.0
2019-01-18,9,0,89,148.85,148.85,0.0,-43228.193488,0.0
2019-01-18,9,0,90,208.93,208.93,0.0,-60676.294696,0.0
2019-01-18,9,0,91,785.09,785.09,0.0,-228001.494293,0.0
2019-01-18,9,0,92,276.23,276.23,0.0,-80221.188359,0.0
2019-01-18,9,0,95,26.65,26.65,0.0,597.752481,0.0
2019-01-18,9,0,96,29.88,29.88,0.0,339.356999,0.0
2019-01-18,9,0,97,183.75,183.75,0.0,2086.909256,0.0
2019-01-18,9,0,99,1.29,1.29,0.0,15.090743,0.0
2019-01-18,9,0,101,0.4,0.4,0.0,4.543119,0.0
2019-01-18,9,0,102,45.2,45.2,0.0,-18582.036897,0.0
2019-01-18,9,0,103,39.31,39.31,0.0,-16160.616602,0.0
2019-01-18,9,0,104,7.33,7.33,0.0,-3013.414391,0.0
2019-01-18,9,0,106,9.89,9.89,0.0,112.333045,0.0
2019-01-18,9,0,109,186.24,186.24,0.0,2115.525416,0.0
2019-01-18,9,0,110,338.6,338.6,0.0,-338600.0,0.0
2019-01-18,9,0,111,1.48,1.48,0.0,16.915962,0.0
2019-01-18,9,0,113,84.3,84.3,0.0,-21994.532581,0.0
2019-01-18,9,0,115,84.3,84.3,0.0,-21994.532581,0.0
2019-01-18,9,0,116,6.48,6.48,0.0,-6480.0,0.0
2019-01-18,9,0,117,5.73,5.73,0.0,-1495.002037,0.0
2019-01-18,9,0,119,60.0,60.0,0.0,6980.758346,0.0
2019-01-18,9,0,120,35.28,35.28,0.0,4104.685908,0.0
2019-01-18,9,0,123,0.16,0.16,0.0,1.817319,0.0
2019-01-18,9,0,125,174.2,174.2,0.0,1978.606318,0.0
2019-01-18,9,0,126,7.41,7.41,0.0,84.164597,0.0
2019-01-18,9,0,127,9.52,9.52,0.0,108.130495,0.0
2019-01-18,9,0,128,249.5,249.5,0.0,2833.882183,0.0
2019-01-18,9,0,131,30.0,30.0,0.0,-11171.741587,0.0
2019-01-18,9,0,132,44.1,44.1,0.0,-16422.460132,0.0
2019-01-18,9,0,133,11.3,11.3,0.0,136.16287,0.0
2019-01-18,9,0,134,0.0,0.0,0.0,0.0,0.0
2019-01-18,9,0,135,15.14,15.14,0.0,182.434146,0.0
2019-01-18,9,0,136,9.33,9.33,0.0,112.283762,0.0
2019-01-18,9,0,139,44.94,44.94,0.0,513.650893,0.0
2019-01-18,9,0,140,250.6,250.6,0.0,-250600.0,0.0
2019-01-18,9,0,141,230.0,230.0,0.0,-127896.509383,0.0
2019-01-18,9,0,142,11.61,11.61,0.0,-6455.993365,0.0
2019-01-18,9,0,143,37.15,37.15,0.0,421.942172,0.0
2019-01-18,9,0,145,30.0,30.0,0.0,340.775814,0.0
2019-01-18,9,0,146,268.0,268.0,0.0,-268000.0,0.0
2019-01-18,9,0,152,0.76,0.76,0.0,8.857939,0.0
2019-01-18,9,0,153,1.02,1.02,0.0,11.869747,0.0
2019-01-18,9,0,154,6.1,6.1,0.0,69.721194,0.0
2019-01-18,9,0,157,250.0,250.0,0.0,-139017.944981,0.0
2019-01-18,9,0,158,0.0,0.0,0.0,-0.0,0.0
2019-01-18,9,0,159,0.0,0.0,0.0,0.0,0.0
2019-01-18,9,0,160,0.31,0.31,0.0,3.351267,0.0
2019-01-18,9,0,161,2.78,2.78,0.0,-1142.877491,0.0
2019-01-18,9,0,162,34.32,34.32,0.0,796.604872,0.0
2019-01-18,9,0,163,185.4,185.4,0.0,-185400.0,0.0
2019-01-18,9,0,164,0.52,0.52,0.0,5.906055,0.0
2019-01-18,9,0,167,0.78,0.78,0.0,15.031517,0.0
2019-01-18,9,0,168,0.39,0.39,0.0,7.515759,0.0
2019-01-18,9,0,169,0.0,0.0,0.0,0.0,0.0
2019-01-18,9,0,170,0.85,0.85,0.0,16.3805,0.0
2019-01-18,9,0,172,1.03,1.03,0.0,20.03523,0.0
2019-01-18,9,0,173,1.57,1.57,0.0,30.539137,0.0
2019-01-18,9,0,188,1.3,1.3,0.0,36.402506,0.0
2019-01-18,9,0,190,0.61,0.61,0.0,19.78081,0.0
2019-01-18,9,0,191,1.58,1.58,0.0,51.23554,0.0
2019-01-18,9,0,192,212.27,212.27,0.0,6883.397549,0.0
2019-01-18,9,0,194,130.37,130.37,0.0,-16357.810558,0.0
2019-01-18,9,0,196,0.43,0.43,0.0,115.8985,0.0
2019-01-18,9,0,198,1.54,1.54,0.0,15.334951,0.0
2019-01-18,9,0,199,16.45,16.45,0.0,-498.974323,0.0
2019-01-18,9,0,200,2.44,2.44,0.0,-74.011997,0.0
2019-01-18,9,0,204,480.72,480.72,0.0,5449.256606,0.0
2019-01-18,9,0,205,1048.92,1048.92,0.0,11914.824522,0.0
2019-01-18,9,0,206,539.94,539.94,0.0,6132.276373,0.0
2019-01-18,9,0,210,0.41,0.41,0.0,2.814587,0.0
2019-01-18,9,0,214,2.12,2.12,0.0,26.647468,0.0
2019-01-18,9,0,217,1.6,1.6,0.0,16.122685,0.0
2019-01-18,9,0,218,2.21,2.21,0.0,22.269459,0.0
2019-01-18,9,0,219,1.51,1.51,0.0,15.215784,0.0
2019-01-18,9,0,221,1.13,1.13,0.0,14.203603,0.0
2019-01-18,9,0,225,1.27,1.27,0.0,8.421399,0.0
2019-01-18,9,0,233,0.73,0.73,0.0,9.033847,0.0
2019-01-18,9,0,236,14.47,14.47,0.0,171.665999,0.0
2019-01-18,9,0,237,16.0,16.0,0.0,187.172008,0.0
2019-01-18,9,0,238,7.78,7.78,0.0,93.187173,0.0
2019-01-18,9,0,240,1.36,1.36,0.0,15.378898,0.0
2019-01-18,9,0,245,21.6,21.6,0.0,261.293629,0.0
2019-01-18,9,0,247,30.84,30.84,0.0,373.069236,0.0
2019-01-18,9,0,248,1.61,1.61,0.0,18.834183,0.0
2019-01-18,9,0,249,41.53,41.53,0.0,502.385389,0.0
2019-01-18,9,0,251,69.74,69.74,0.0,837.844767,0.0
2019-01-18,9,0,252,46.2,46.2,0.0,556.036547,0.0
2019-01-18,9,0,254,2.27,2.27,0.0,25.079397,0.0
2019-01-18,9,0,255,1.04,1.04,0.0,11.49012,0.0
2019-01-18,9,0,258,1.69,1.69,0.0,19.061355,0.0
2019-01-18,9,0,260,0.76,0.76,0.0,8.216009,0.0
2019-01-18,9,0,265,6.32,6.32,0.0,72.235729,0.0
2019-01-18,9,0,266,29.1,29.1,0.0,332.604383,0.0
2019-01-18,9,0,267,35.76,35.76,0.0,408.726211,0.0
2019-01-18,9,0,270,579.0,579.0,0.0,-579000.0,0.0
2019-01-18,9,0,272,281.31,281.31,0.0,-73395.990041,0.0
2019-01-18,9,0,273,1.55,1.55,0.0,-1550.0,0.0
2019-01-18,9,0,274,746.4,746.4,0.0,-746400.0,0.0
2019-01-18,9,0,275,1039.0,1039.0,0.0,-1039000.0,0.0
2019-01-18,9,0,276,0.37,0.37,0.0,-333.325674,0.0
2019-01-18,9,0,277,0.51,0.51,0.0,-139.096143,0.0
2019-01-18,9,0,278,0.82,0.82,0.0,-223.644779,0.0
2019-01-18,9,0,279,264.6,264.6,0.0,-72166.35176,0.0
2019-01-18,9,0,281,6.19,6.19,0.0,70.304766,0.0
2019-01-18,9,0,282,10.85,10.85,0.0,123.232101,0.0
2019-01-18,10,0,9,1.08,1.08,0.0,3.41522,0.0
2019-01-18,10,0,17,9.66,9.66,0.0,92.621228,0.0
2019-01-18,10,0,19,163.91,163.91,0.0,1571.588561,0.0
2019-01-18,10,0,20,203.09,203.09,0.0,1947.251057,0.0
2019-01-18,10,0,21,24.75,24.75,0.0,78.265468,0.0
2019-01-18,10,0,22,87.95,87.95,0.0,278.119109,0.0
2019-01-18,10,0,23,108.8,108.8,0.0,344.051837,0.0
2019-01-18,10,0,24,192.5,192.5,0.0,608.731422,0.0
2019-01-18,10,0,29,2.53,2.53,0.0,15.669839,0.0
2019-01-18,10,0,30,208.26,208.26,0.0,650.909339,0.0
2019-01-18,10,0,31,23.8,23.8,0.0,74.386067,0.0
2019-01-18,10,0,32,2.2,2.2,0.0,100.149202,0.0
2019-01-18,10,0,33,0.57,0.57,0.0,6.228104,0.0
2019-01-18,10,0,34,0.91,0.91,0.0,9.943114,0.0
2019-01-18,10,0,35,0.91,0.91,0.0,9.943114,0.0
2019-01-18,10,0,36,3.04,3.04,0.0,22.222756,0.0
2019-01-18,10,0,37,1.39,1.39,0.0,10.076813,0.0
2019-01-18,10,0,38,1.79,1.79,0.0,12.976616,0.0
2019-01-18,10,0,39,1.19,1.19,0.0,8.626912,0.0
2019-01-18,10,0,40,1.19,1.19,0.0,8.626912,0.0
2019-01-18,10,0,41,34.8,34.8,0.0,178.400743,0.0
2019-01-18,10,0,42,23.19,23.19,0.0,215.620736,0.0
2019-01-18,10,0,43,9.53,9.53,0.0,70.580616,0.0
2019-01-18,10,0,46,10.16,10.16,0.0,69.331743,0.0
2019-01-18,10,0,52,25.24,25.24,0.0,78.886736,0.0
2019-01-18,10,0,53,40.25,40.25,0.0,125.799966,0.0
2019-01-18,10,0,55,186.9,186.9,0.0,591.022871,0.0
2019-01-18,10,0,56,61.43,61.43,0.0,191.997314,0.0
2019-01-18,10,0,57,58.43,58.43,0.0,182.620919,0.0
2019-01-18,10,0,58,112.37,112.37,0.0,351.208501,0.0
2019-01-18,10,0,59,110.5,110.5,0.0,345.363881,0.0
2019-01-18,10,0,63,51.0,51.0,0.0,5866.0016,0.0
2019-01-18,10,0,64,60.0,60.0,0.0,6901.178353,0.0
2019-01-18,10,0,65,10.51,10.51,0.0,100.204723,0.0
2019-01-18,10,0,67,110.47,110.47,0.0,-61380.701461,0.0
2019-01-18,10,0,68,34.0,34.0,0.0,-13957.817165,0.0
2019-01-18,10,0,69,0.57,0.57,0.0,6.228104,0.0
2019-01-18,10,0,74,9.98,9.98,0.0,80.246163,0.0
2019-01-18,10,0,77,60.0,60.0,0.0,-17368.658021,0.0
2019-01-18,10,0,78,45.36,45.36,0.0,-13130.705464,0.0
2019-01-18,10,0,79,26.25,26.25,0.0,-7598.787884,0.0
2019-01-18,10,0,80,42.45,42.45,0.0,-12288.32555,0.0
2019-01-18,10,0,81,55.5,55.5,0.0,-16066.008669,0.0
2019-01-18,10,0,82,39.15,39.15,0.0,-11333.049358,0.0
2019-01-18,10,0,83,87.3,87.3,0.0,-25271.39742,0.0
2019-01-18,10,0,84,0.0,0.0,0.0,0.0,0.0
2019-01-18,10,0,86,2.9,2.9,0.0,31.686847,0.0
2019-01-18,10,0,87,14.79,14.79,0.0,161.602918,0.0
2019-01-18,10,0,88,103.48,103.48,0.0,-29955.145533,0.0
2019-01-18,10,0,89,99.0,99.0,0.0,-28658.285734,0.0
2019-01-18,10,0,90,137.47,137.47,0.0,-39794.490302,0.0
2019-01-18,10,0,91,509.29,509.29,0.0,-147428.064056,0.0
2019-01-18,10,0,92,180.45,180.45,0.0,-52236.238997,0.0
2019-01-18,10,0,95,88.65,88.65,0.0,1988.396151,0.0
2019-01-18,10,0,96,29.88,29.88,0.0,92.240465,0.0
2019-01-18,10,0,97,183.75,183.75,0.0,567.241815,0.0
2019-01-18,10,0,99,2.05,2.05,0.0,16.48343,0.0
2019-01-18,10,0,101,4.2,4.2,0.0,13.126953,0.0
2019-01-18,10,0,102,80.5,80.5,0.0,-33047.184758,0.0
2019-01-18,10,0,103,70.0,70.0,0.0,-28736.682398,0.0
2019-01-18,10,0,104,13.0,13.0,0.0,-5336.812445,0.0
2019-01-18,10,0,106,86.58,86.58,0.0,273.786839,0.0
2019-01-18,10,0,109,171.07,171.07,0.0,1078.488666,0.0
2019-01-18,10,0,110,338.6,338.6,0.0,-338600.0,0.0
2019-01-18,10,0,111,7.11,7.11,0.0,36.449117,0.0
2019-01-18,10,0,113,150.0,150.0,0.0,-39106.733922,0.0
2019-01-18,10,0,115,150.0,150.0,0.0,-39106.733922,0.0
2019-01-18,10,0,116,39.69,39.69,0.0,-39690.0,0.0
2019-01-18,10,0,117,10.0,10.0,0.0,-2607.115595,0.0
2019-01-18,10,0,119,60.0,60.0,0.0,6901.178353,0.0
2019-01-18,10,0,120,35.28,35.28,0.0,4057.892872,0.0
2019-01-18,10,0,123,1.44,1.44,0.0,4.553627,0.0
2019-01-18,10,0,125,174.2,174.2,0.0,550.862409,0.0
2019-01-18,10,0,126,64.93,64.93,0.0,205.324318,0.0
2019-01-18,10,0,127,83.33,83.33,0.0,263.509555,0.0
2019-01-18,10,0,128,249.5,249.5,0.0,788.979167,0.0
2019-01-18,10,0,131,40.31,40.31,0.0,-14986.052038,0.0
2019-01-18,10,0,132,65.03,65.03,0.0,-24176.208486,0.0
2019-01-18,10,0,133,15.54,15.54,0.0,149.078271,0.0
2019-01-18,10,0,134,0.0,0.0,0.0,0.0,0.0
2019-01-18,10,0,135,20.82,20.82,0.0,199.730347,0.0
2019-01-18,10,0,136,13.29,13.29,0.0,126.670554,0.0
2019-01-18,10,0,139,44.94,44.94,0.0,230.383029,0.0
2019-01-18,10,0,140,250.6,250.6,0.0,-250600.0,0.0
2019-01-18,10,0,141,230.0,230.0,0.0,-127795.431666,0.0
2019-01-18,10,0,142,145.68,145.68,0.0,-80944.515152,0.0
2019-01-18,10,0,143,55.88,55.88,0.0,174.650984,0.0
2019-01-18,10,0,145,56.19,56.19,0.0,241.972983,0.0
2019-01-18,10,0,146,268.0,268.0,0.0,-268000.0,0.0
2019-01-18,10,0,152,2.31,2.31,0.0,18.582592,0.0
2019-01-18,10,0,153,2.87,2.87,0.0,22.886521,0.0
2019-01-18,10,0,154,29.32,29.32,0.0,150.307753,0.0
2019-01-18,10,0,157,250.0,250.0,0.0,-138908.077897,0.0
2019-01-18,10,0,158,81.57,81.57,0.0,-45322.927656,0.0
2019-01-18,10,0,159,0.0,0.0,0.0,0.0,0.0
2019-01-18,10,0,160,0.74,0.74,0.0,5.912156,0.0
2019-01-18,10,0,161,21.68,21.68,0.0,-8900.161063,0.0
2019-01-18,10,0,162,91.12,91.12,0.0,2115.696261,0.0
2019-01-18,10,0,163,104.02,104.02,0.0,-104020.0,0.0
2019-01-18,10,0,164,7.7,7.7,0.0,24.06608,0.0
2019-01-18,10,0,167,2.57,2.57,0.0,49.714665,0.0
2019-01-18,10,0,168,1.29,1.29,0.0,24.954054,0.0
2019-01-18,10,0,169,0.0,0.0,0.0,0.0,0.0
2019-01-18,10,0,170,2.81,2.81,0.0,54.35728,0.0
2019-01-18,10,0,172,3.28,3.28,0.0,56.563692,0.0
2019-01-18,10,0,173,5.0,5.0,0.0,86.22514,0.0
2019-01-18,10,0,188,4.49,4.49,0.0,117.638522,0.0
2019-01-18,10,0,190,3.27,3.27,0.0,106.038112,0.0
2019-01-18,10,0,191,8.45,8.45,0.0,274.012858,0.0
2019-01-18,10,0,192,280.67,280.67,0.0,9101.442456,0.0
2019-01-18,10,0,194,52.95,52.95,0.0,-6664.287105,0.0
2019-01-18,10,0,196,2.34,2.34,0.0,627.911216,0.0
2019-01-18,10,0,198,3.61,3.61,0.0,31.276674,0.0
2019-01-18,10,0,199,20.16,20.16,0.0,-572.126635,0.0
2019-01-18,10,0,200,6.8,6.8,0.0,-192.979222,0.0
2019-01-18,10,0,204,257.1,257.1,0.0,1577.914167,0.0
2019-01-18,10,0,205,1010.31,1010.31,0.0,6369.368587,0.0
2019-01-18,10,0,206,539.94,539.94,0.0,1666.811131,0.0
2019-01-18,10,0,210,0.91,0.91,0.0,6.018927,0.0
2019-01-18,10,0,214,5.64,5.64,0.0,66.096891,0.0
2019-01-18,10,0,217,3.79,3.79,0.0,35.997664,0.0
2019-01-18,10,0,218,5.23,5.23,0.0,49.674876,0.0
2019-01-18,10,0,219,3.56,3.56,0.0,33.813109,0.0
2019-01-18,10,0,221,3.01,3.01,0.0,35.275114,0.0
2019-01-18,10,0,225,2.35,2.35,0.0,14.459537,0.0
2019-01-18,10,0,233,1.64,1.64,0.0,17.919458,0.0
2019-01-18,10,0,236,14.77,14.77,0.0,130.672391,0.0
2019-01-18,10,0,237,23.32,23.32,0.0,187.509071,0.0
2019-01-18,10,0,238,30.19,30.19,0.0,280.706771,0.0
2019-01-18,10,0,240,3.45,3.45,0.0,25.219904,0.0
2019-01-18,10,0,245,26.11,26.11,0.0,255.520189,0.0
2019-01-18,10,0,247,38.27,38.27,0.0,374.521549,0.0
2019-01-18,10,0,248,2.54,2.54,0.0,20.423372,0.0
2019-01-18,10,0,249,50.2,50.2,0.0,491.27206,0.0
2019-01-18,10,0,251,99.85,99.85,0.0,943.157618,0.0
2019-01-18,10,0,252,67.82,67.82,0.0,646.611256,0.0
2019-01-18,10,0,254,4.0,4.0,0.0,30.210034,0.0
2019-01-18,10,0,255,1.83,1.83,0.0,13.821091,0.0
2019-01-18,10,0,258,4.23,4.23,0.0,30.987404,0.0
2019-01-18,10,0,260,1.81,1.81,0.0,14.460814,0.0
2019-01-18,10,0,265,30.35,30.35,0.0,155.588004,0.0
2019-01-18,10,0,266,29.1,29.1,0.0,149.179932,0.0
2019-01-18,10,0,267,35.76,35.76,0.0,183.322143,0.0
2019-01-18,10,0,270,324.69,324.69,0.0,-324690.0,0.0
2019-01-18,10,0,272,501.3,501.3,0.0,-130694.704767,0.0
2019-01-18,10,0,273,9.49,9.49,0.0,-9490.0,0.0
2019-01-18,10,0,274,418.54,418.54,0.0,-418540.0,0.0
2019-01-18,10,0,275,582.57,582.57,0.0,-582570.0,0.0
2019-01-18,10,0,276,2.35,2.35,0.0,-2116.837876,0.0
2019-01-18,10,0,277,3.0,3.0,0.0,-816.733029,0.0
2019-01-18,10,0,278,4.8,4.8,0.0,-1306.772846,0.0
2019-01-18,10,0,279,264.6,264.6,0.0,-72035.853116,0.0
2019-01-18,10,0,281,10.61,10.61,0.0,33.161184,0.0
2019-01-18,10,0,282,114.25,114.25,0.0,357.084375,0.0
2019-01-18,11,0,9,1.84,1.84,0.0,8.168916,0.0
2019-01-18,11,0,17,14.71,14.71,0.0,126.375786,0.0
2019-01-18,11,0,19,95.82,95.82,0.0,823.203792,0.0
2019-01-18,11,0,20,116.21,116.21,0.0,998.377297,0.0
2019-01-18,11,0,21,41.98,41.98,0.0,186.375599,0.0
2019-01-18,11,0,22,149.2,149.2,0.0,662.392553,0.0
2019-01-18,11,0,23,61.07,61.07,0.0,271.128105,0.0
2019-01-18,11,0,24,108.0,108.0,0.0,479.479864,0.0
2019-01-18,11,0,29,3.75,3.75,0.0,17.470391,0.0
2019-01-18,11,0,30,357.37,357.37,0.0,1577.29026,0.0
2019-01-18,11,0,31,65.37,65.37,0.0,288.517403,0.0
2019-01-18,11,0,32,3.4,3.4,0.0,159.591821,0.0
2019-01-18,11,0,33,0.87,0.87,0.0,8.123839,0.0
2019-01-18,11,0,34,1.39,1.39,0.0,12.979466,0.0
2019-01-18,11,0,35,1.39,1.39,0.0,12.979466,0.0
2019-01-18,11,0,36,4.71,4.71,0.0,35.041159,0.0
2019-01-18,11,0,37,2.14,2.14,0.0,15.889905,0.0
2019-01-18,11,0,38,2.76,2.76,0.0,20.493522,0.0
2019-01-18,11,0,39,1.84,1.84,0.0,13.662348,0.0
2019-01-18,11,0,40,1.84,1.84,0.0,13.662348,0.0
2019-01-18,11,0,41,34.8,34.8,0.0,201.79795,0.0
2019-01-18,11,0,42,35.79,35.79,0.0,301.685065,0.0
2019-01-18,11,0,43,14.7,14.7,0.0,112.085487,0.0
2019-01-18,11,0,46,15.8,15.8,0.0,112.918664,0.0
2019-01-18,11,0,52,69.49,69.49,0.0,306.701458,0.0
2019-01-18,11,0,53,113.18,113.18,0.0,499.53189,0.0
2019-01-18,11,0,55,460.54,460.54,0.0,2044.62645,0.0
2019-01-18,11,0,56,105.41,105.41,0.0,465.238174,0.0
2019-01-18,11,0,57,100.27,100.27,0.0,442.552241,0.0
2019-01-18,11,0,58,192.83,192.83,0.0,851.075582,0.0
2019-01-18,11,0,59,189.61,189.61,0.0,836.863772,0.0
2019-01-18,11,0,63,51.0,51.0,0.0,5813.507202,0.0
2019-01-18,11,0,64,60.0,60.0,0.0,6839.420238,0.0
2019-01-18,11,0,65,15.84,15.84,0.0,135.607585,0.0
2019-01-18,11,0,67,191.03,191.03,0.0,-106542.761955,0.0
2019-01-18,11,0,68,33.99,33.99,0.0,-14048.20111,0.0
2019-01-18,11,0,69,0.87,0.87,0.0,8.123839,0.0
2019-01-18,11,0,74,27.28,27.28,0.0,210.338051,0.0
2019-01-18,11,0,77,60.0,60.0,0.0,-17573.758849,0.0
2019-01-18,11,0,78,45.36,45.36,0.0,-13285.76169,0.0
2019-01-18,11,0,79,26.25,26.25,0.0,-7688.519497,0.0
2019-01-18,11,0,80,42.45,42.45,0.0,-12433.434386,0.0
2019-01-18,11,0,81,55.5,55.5,0.0,-16255.726935,0.0
2019-01-18,11,0,82,39.15,39.15,0.0,-11466.877649,0.0
2019-01-18,11,0,83,87.3,87.3,0.0,-25569.819126,0.0
2019-01-18,11,0,84,0.0,0.0,0.0,0.0,0.0
2019-01-18,11,0,86,4.39,4.39,0.0,40.992703,0.0
2019-01-18,11,0,87,22.42,22.42,0.0,209.352256,0.0
2019-01-18,11,0,88,51.18,51.18,0.0,-14990.416298,0.0
2019-01-18,11,0,89,49.2,49.2,0.0,-14410.482256,0.0
2019-01-18,11,0,90,66.06,66.06,0.0,-19348.708493,0.0
2019-01-18,11,0,91,235.65,235.65,0.0,-69020.93788,0.0
2019-01-18,11,0,92,84.75,84.75,0.0,-24822.934374,0.0
2019-01-18,11,0,95,96.29,96.29,0.0,1872.434137,0.0
2019-01-18,11,0,96,31.88,31.88,0.0,139.838732,0.0
2019-01-18,11,0,97,234.28,234.28,0.0,1027.647993,0.0
2019-01-18,11,0,99,5.85,5.85,0.0,45.105484,0.0
2019-01-18,11,0,101,7.2,7.2,0.0,31.777961,0.0
2019-01-18,11,0,102,80.49,80.49,0.0,-33266.834579,0.0
2019-01-18,11,0,103,69.99,69.99,0.0,-28927.14315,0.0
2019-01-18,11,0,104,12.99,12.99,0.0,-5368.818253,0.0
2019-01-18,11,0,106,146.88,146.88,0.0,652.092615,0.0
2019-01-18,11,0,109,83.48,83.48,0.0,558.242002,0.0
2019-01-18,11,0,110,338.6,338.6,0.0,-338600.0,0.0
2019-01-18,11,0,111,11.4,11.4,0.0,66.106225,0.0
2019-01-18,11,0,113,84.2,84.2,0.0,-22232.469073,0.0
2019-01-18,11,0,115,84.2,84.2,0.0,-22232.469073,0.0
2019-01-18,11,0,116,65.73,65.73,0.0,-65730.0,0.0
2019-01-18,11,0,117,5.66,5.66,0.0,-1494.486638,0.0
2019-01-18,11,0,119,60.0,60.0,0.0,6839.420238,0.0
2019-01-18,11,0,120,35.28,35.28,0.0,4021.5791,0.0
2019-01-18,11,0,123,2.45,2.45,0.0,10.87709,0.0
2019-01-18,11,0,125,97.74,97.74,0.0,433.929277,0.0
2019-01-18,11,0,126,110.16,110.16,0.0,489.069461,0.0
2019-01-18,11,0,127,141.37,141.37,0.0,627.630263,0.0
2019-01-18,11,0,128,139.96,139.96,0.0,621.370387,0.0
2019-01-18,11,0,131,30.0,30.0,0.0,-11241.98262,0.0
2019-01-18,11,0,132,44.1,44.1,0.0,-16525.714451,0.0
2019-01-18,11,0,133,19.01,19.01,0.0,163.371565,0.0
2019-01-18,11,0,134,0.0,0.0,0.0,0.0,0.0
2019-01-18,11,0,135,25.47,25.47,0.0,218.888678,0.0
2019-01-18,11,0,136,18.9,18.9,0.0,161.773312,0.0
2019-01-18,11,0,139,44.94,44.94,0.0,260.597698,0.0
2019-01-18,11,0,140,250.6,250.6,0.0,-250600.0,0.0
2019-01-18,11,0,141,230.0,230.0,0.0,-128277.418467,0.0
2019-01-18,11,0,142,251.92,251.92,0.0,-140502.814174,0.0
2019-01-18,11,0,143,134.55,134.55,0.0,593.850643,0.0
2019-01-18,11,0,145,100.0,100.0,0.0,525.757416,0.0
2019-01-18,11,0,146,268.0,268.0,0.0,-268000.0,0.0
2019-01-18,11,0,152,3.58,3.58,0.0,27.712133,0.0
2019-01-18,11,0,153,4.43,4.43,0.0,34.121936,0.0
2019-01-18,11,0,154,47.04,47.04,0.0,272.775161,0.0
2019-01-18,11,0,157,250.0,250.0,0.0,-139431.976594,0.0
2019-01-18,11,0,158,153.84,153.84,0.0,-85800.861117,0.0
2019-01-18,11,0,159,0.0,0.0,0.0,0.0,0.0
2019-01-18,11,0,160,1.14,1.14,0.0,9.401716,0.0
2019-01-18,11,0,161,36.5,36.5,0.0,-15085.594013,0.0
2019-01-18,11,0,162,162.5,162.5,0.0,3283.687687,0.0
2019-01-18,11,0,163,160.49,160.49,0.0,-160490.0,0.0
2019-01-18,11,0,164,13.6,13.6,0.0,60.025037,0.0
2019-01-18,11,0,167,3.95,3.95,0.0,64.100707,0.0
2019-01-18,11,0,168,1.98,1.98,0.0,32.131494,0.0
2019-01-18,11,0,169,0.0,0.0,0.0,0.0,0.0
2019-01-18,11,0,170,4.32,4.32,0.0,70.105077,0.0
2019-01-18,11,0,172,5.02,5.02,0.0,100.030768,0.0
2019-01-18,11,0,173,7.66,7.66,0.0,152.63659,0.0
2019-01-18,11,0,188,6.93,6.93,0.0,187.621231,0.0
2019-01-18,11,0,190,5.34,5.34,0.0,173.163155,0.0
2019-01-18,11,0,191,13.79,13.79,0.0,447.176013,0.0
2019-01-18,11,0,192,332.6,332.6,0.0,10785.405497,0.0
2019-01-18,11,0,194,52.95,52.95,0.0,-6863.423855,0.0
2019-01-18,11,0,196,3.8,3.8,0.0,1012.07914,0.0
2019-01-18,11,0,198,5.47,5.47,0.0,50.764948,0.0
2019-01-18,11,0,199,50.09,50.09,0.0,-3250.032379,0.0
2019-01-18,11,0,200,10.41,10.41,0.0,-675.440948,0.0
2019-01-18,11,0,204,257.1,257.1,0.0,1692.447317,0.0
2019-01-18,11,0,205,545.8,545.8,0.0,3649.838098,0.0
2019-01-18,11,0,206,895.48,895.48,0.0,3927.941885,0.0
2019-01-18,11,0,210,1.34,1.34,0.0,5.391119,0.0
2019-01-18,11,0,214,8.39,8.39,0.0,82.048892,0.0
2019-01-18,11,0,217,5.66,5.66,0.0,44.267323,0.0
2019-01-18,11,0,218,7.81,7.81,0.0,61.082649,0.0
2019-01-18,11,0,219,5.32,5.32,0.0,41.608156,0.0
2019-01-18,11,0,221,4.47,4.47,0.0,43.713772,0.0
2019-01-18,11,0,225,3.49,3.49,0.0,16.473316,0.0
2019-01-18,11,0,233,2.48,2.48,0.0,23.157609,0.0
2019-01-18,11,0,236,31.08,31.08,0.0,254.250558,0.0
2019-01-18,11,0,237,60.83,60.83,0.0,469.019928,0.0
2019-01-18,11,0,238,46.59,46.59,0.0,392.721632,0.0
2019-01-18,11,0,240,5.34,5.34,0.0,39.728193,0.0
2019-01-18,11,0,245,34.35,34.35,0.0,298.903341,0.0
2019-01-18,11,0,247,55.23,55.23,0.0,480.594804,0.0
2019-01-18,11,0,248,7.24,7.24,0.0,55.822855,0.0
2019-01-18,11,0,249,66.06,66.06,0.0,574.834198,0.0
2019-01-18,11,0,251,148.15,148.15,0.0,1261.012267,0.0
2019-01-18,11,0,252,102.2,102.2,0.0,874.942875,0.0
2019-01-18,11,0,254,6.1,6.1,0.0,47.464156,0.0
2019-01-18,11,0,255,2.8,2.8,0.0,21.786826,0.0
2019-01-18,11,0,258,6.55,6.55,0.0,48.926115,0.0
2019-01-18,11,0,260,2.77,2.77,0.0,22.84452,0.0
2019-01-18,11,0,265,48.71,48.71,0.0,282.459143,0.0
2019-01-18,11,0,266,29.1,29.1,0.0,168.744838,0.0
2019-01-18,11,0,267,35.76,35.76,0.0,207.36479,0.0
2019-01-18,11,0,270,542.91,542.91,0.0,-542910.0,0.0
2019-01-18,11,0,272,281.17,281.17,0.0,-74241.132176,0.0
2019-01-18,11,0,273,15.72,15.72,0.0,-15720.0,0.0
2019-01-18,11,0,274,708.99,708.99,0.0,-708990.0,0.0
2019-01-18,11,0,275,1000.33,1000.33,0.0,-1000330.0,0.0
2019-01-18,11,0,276,3.88,3.88,0.0,-3496.849911,0.0
2019-01-18,11,0,277,4.91,4.91,0.0,-1353.249865,0.0
2019-01-18,11,0,278,7.86,7.86,0.0,-2166.302228,0.0
2019-01-18,11,0,279,264.6,264.6,0.0,-72926.662798,0.0
2019-01-18,11,0,281,28.5,28.5,0.0,125.787762,0.0
2019-01-18,11,0,282,196.04,196.04,0.0,865.243256,0.0
2019-01-18,12,0,9,2.6,2.6,0.0,-1017.131525,0.0
2019-01-18,12,0,17,19.34,19.34,0.0,118.043977,0.0
2019-01-18,12,0,19,103.74,103.74,0.0,633.189356,0.0
2019-01-18,12,0,20,125.81,125.81,0.0,767.89621,0.0
2019-01-18,12,0,21,59.55,59.55,0.0,-23296.223961,0.0
2019-01-18,12,0,22,211.63,211.63,0.0,-82790.594069,0.0
2019-01-18,12,0,23,46.17,46.17,0.0,-18061.908653,0.0
2019-01-18,12,0,24,77.3,77.3,0.0,-30240.102639,0.0
2019-01-18,12,0,29,4.84,4.84,0.0,23.533884,0.0
2019-01-18,12,0,30,512.74,512.74,0.0,-512740.0,0.0
2019-01-18,12,0,31,125.0,125.0,0.0,-125000.0,0.0
2019-01-18,12,0,32,4.56,4.56,0.0,191.09905,0.0
2019-01-18,12,0,33,1.14,1.14,0.0,11.017584,0.0
2019-01-18,12,0,34,1.82,1.82,0.0,17.589476,0.0
2019-01-18,12,0,35,1.82,1.82,0.0,17.589476,0.0
2019-01-18,12,0,36,6.43,6.43,0.0,7.06367,0.0
2019-01-18,12,0,37,2.97,2.97,0.0,3.377741,0.0
2019-01-18,12,0,38,3.82,3.82,0.0,4.344434,0.0
2019-01-18,12,0,39,2.55,2.55,0.0,2.900081,0.0
2019-01-18,12,0,40,2.55,2.55,0.0,2.900081,0.0
2019-01-18,12,0,41,34.8,34.8,0.0,-432.25475,0.0
2019-01-18,12,0,42,50.38,50.38,0.0,268.612739,0.0
2019-01-18,12,0,43,19.72,19.72,0.0,38.395375,0.0
2019-01-18,12,0,46,21.08,21.08,0.0,8.842806,0.0
2019-01-18,12,0,52,132.5,132.5,0.0,-132500.0,0.0
2019-01-18,12,0,53,210.5,210.5,0.0,-210500.0,0.0
2019-01-18,12,0,55,623.0,623.0,0.0,-243720.361504,0.0
2019-01-18,12,0,56,151.24,151.24,0.0,-151240.0,0.0
2019-01-18,12,0,57,143.86,143.86,0.0,-143860.0,0.0
2019-01-18,12,0,58,276.66,276.66,0.0,-276660.0,0.0
2019-01-18,12,0,59,272.05,272.05,0.0,-272050.0,0.0
2019-01-18,12,0,63,51.0,51.0,0.0,5633.698755,0.0
2019-01-18,12,0,64,60.0,60.0,0.0,6627.880889,0.0
2019-01-18,12,0,65,22.99,22.99,0.0,137.02572,0.0
2019-01-18,12,0,67,269.88,269.88,0.0,-150441.772769,0.0
2019-01-18,12,0,68,34.0,34.0,0.0,-14039.326328,0.0
2019-01-18,12,0,69,1.14,1.14,0.0,11.017584,0.0
2019-01-18,12,0,74,76.49,76.49,0.0,122.430891,0.0
2019-01-18,12,0,77,60.0,60.0,0.0,-17512.885116,0.0
2019-01-18,12,0,78,45.36,45.36,0.0,-13239.741147,0.0
2019-01-18,12,0,79,26.25,26.25,0.0,-7661.887238,0.0
2019-01-18,12,0,80,42.45,42.45,0.0,-12390.366219,0.0
2019-01-18,12,0,81,55.5,55.5,0.0,-16199.418732,0.0
2019-01-18,12,0,82,39.15,39.15,0.0,-11427.157538,0.0
2019-01-18,12,0,83,87.3,87.3,0.0,-25481.247843,0.0
2019-01-18,12,0,84,0.0,0.0,0.0,0.0,0.0
2019-01-18,12,0,86,5.77,5.77,0.0,55.764439,0.0
2019-01-18,12,0,87,29.47,29.47,0.0,284.814216,0.0
2019-01-18,12,0,88,51.18,51.18,0.0,-14938.491004,0.0
2019-01-18,12,0,89,49.2,49.2,0.0,-14360.565795,0.0
2019-01-18,12,0,90,66.06,66.06,0.0,-19281.686512,0.0
2019-01-18,12,0,91,235.65,235.65,0.0,-68781.856292,0.0
2019-01-18,12,0,92,84.75,84.75,0.0,-24736.950226,0.0
2019-01-18,12,0,95,120.0,120.0,0.0,2333.493576,0.0
2019-01-18,12,0,96,29.88,29.88,0.0,1153.357901,0.0
2019-01-18,12,0,97,183.76,183.76,0.0,7093.073891,0.0
2019-01-18,12,0,99,14.76,14.76,0.0,23.625048,0.0
2019-01-18,12,0,101,10.33,10.33,0.0,-10330.0,0.0
2019-01-18,12,0,102,80.5,80.5,0.0,-33240.169688,0.0
2019-01-18,12,0,103,70.0,70.0,0.0,-28904.495381,0.0
2019-01-18,12,0,104,13.0,13.0,0.0,-5367.977714,0.0
2019-01-18,12,0,106,208.34,208.34,0.0,-81503.531486,0.0
2019-01-18,12,0,109,60.0,60.0,0.0,-67.707271,0.0
2019-01-18,12,0,110,338.6,338.6,0.0,-338600.0,0.0
2019-01-18,12,0,111,15.54,15.54,0.0,-193.024104,0.0
2019-01-18,12,0,113,45.0,45.0,0.0,-11917.254736,0.0
2019-01-18,12,0,115,45.0,45.0,0.0,-11917.254736,0.0
2019-01-18,12,0,116,91.07,91.07,0.0,-91070.0,0.0
2019-01-18,12,0,117,3.0,3.0,0.0,-794.483649,0.0
2019-01-18,12,0,119,60.0,60.0,0.0,6627.880889,0.0
2019-01-18,12,0,120,35.28,35.28,0.0,3897.193963,0.0
2019-01-18,12,0,123,3.47,3.47,0.0,-1357.479381,0.0
2019-01-18,12,0,125,70.73,70.73,0.0,-27669.889517,0.0
2019-01-18,12,0,126,156.25,156.25,0.0,-61125.692592,0.0
2019-01-18,12,0,127,200.52,200.52,0.0,-78444.312823,0.0
2019-01-18,12,0,128,96.96,96.96,0.0,-37931.181784,0.0
2019-01-18,12,0,131,30.0,30.0,0.0,-11229.750565,0.0
2019-01-18,12,0,132,44.1,44.1,0.0,-16507.73333,0.0
2019-01-18,12,0,133,23.38,23.38,0.0,143.01844,0.0
2019-01-18,12,0,134,0.0,0.0,0.0,0.0,0.0
2019-01-18,12,0,135,31.33,31.33,0.0,191.649603,0.0
2019-01-18,12,0,136,26.49,26.49,0.0,157.67801,0.0
2019-01-18,12,0,139,44.94,44.94,0.0,-558.204841,0.0
2019-01-18,12,0,140,250.6,250.6,0.0,-250600.0,0.0
2019-01-18,12,0,141,230.0,230.0,0.0,-128211.085434,0.0
2019-01-18,12,0,142,355.91,355.91,0.0,-198398.293116,0.0
2019-01-18,12,0,143,238.5,238.5,0.0,-238500.0,0.0
2019-01-18,12,0,145,56.25,56.25,0.0,-291.631349,0.0
2019-01-18,12,0,146,268.0,268.0,0.0,-268000.0,0.0
2019-01-18,12,0,152,5.01,5.01,0.0,11.189136,0.0
2019-01-18,12,0,153,6.22,6.22,0.0,12.829123,0.0
2019-01-18,12,0,154,64.1,64.1,0.0,-796.193376,0.0
2019-01-18,12,0,157,250.0,250.0,0.0,-139359.875472,0.0
2019-01-18,12,0,158,217.77,217.77,0.0,-121393.600326,0.0
2019-01-18,12,0,159,0.0,0.0,0.0,0.0,0.0
2019-01-18,12,0,160,1.54,1.54,0.0,6.59364,0.0
2019-01-18,12,0,161,51.29,51.29,0.0,-21178.736687,0.0
2019-01-18,12,0,162,162.5,162.5,0.0,3285.118188,0.0
2019-01-18,12,0,163,185.4,185.4,0.0,-185400.0,0.0
2019-01-18,12,0,164,19.64,19.64,0.0,-19640.0,0.0
2019-01-18,12,0,167,5.27,5.27,0.0,86.45183,0.0
2019-01-18,12,0,168,2.64,2.64,0.0,43.307938,0.0
2019-01-18,12,0,169,0.0,0.0,0.0,0.0,0.0
2019-01-18,12,0,170,5.77,5.77,0.0,94.654091,0.0
2019-01-18,12,0,172,6.63,6.63,0.0,105.085811,0.0
2019-01-18,12,0,173,10.1,10.1,0.0,160.085473,0.0
2019-01-18,12,0,188,9.42,9.42,0.0,217.762986,0.0
2019-01-18,12,0,190,7.34,7.34,0.0,238.018269,0.0
2019-01-18,12,0,191,18.96,18.96,0.0,614.826483,0.0
2019-01-18,12,0,192,332.6,332.6,0.0,10785.405497,0.0
2019-01-18,12,0,194,52.95,52.95,0.0,-6990.110333,0.0
2019-01-18,12,0,196,5.18,5.18,0.0,1361.002567,0.0
2019-01-18,12,0,198,7.21,7.21,0.0,57.170198,0.0
2019-01-18,12,0,199,113.69,113.69,0.0,-8495.53883,0.0
2019-01-18,12,0,200,14.08,14.08,0.0,-1052.134636,0.0
2019-01-18,12,0,204,257.1,257.1,0.0,-355.359362,0.0
2019-01-18,12,0,205,317.4,317.4,0.0,-358.171462,0.0
2019-01-18,12,0,206,539.95,539.95,0.0,20841.887501,0.0
2019-01-18,12,0,210,1.72,1.72,0.0,6.480702,0.0
2019-01-18,12,0,214,11.06,11.06,0.0,130.06531,0.0
2019-01-18,12,0,217,7.34,7.34,0.0,69.715792,0.0
2019-01-18,12,0,218,10.13,10.13,0.0,96.215392,0.0
2019-01-18,12,0,219,6.9,6.9,0.0,65.536644,0.0
2019-01-18,12,0,221,5.9,5.9,0.0,69.383845,0.0
2019-01-18,12,0,225,4.43,4.43,0.0,22.008568,0.0
2019-01-18,12,0,233,3.27,3.27,0.0,31.60307,0.0
2019-01-18,12,0,236,56.52,56.52,0.0,236.911624,0.0
2019-01-18,12,0,237,183.49,183.49,0.0,293.696487,0.0
2019-01-18,12,0,238,65.57,65.57,0.0,349.601772,0.0
2019-01-18,12,0,240,7.29,7.29,0.0,8.008422,0.0
2019-01-18,12,0,245,44.36,44.36,0.0,294.146443,0.0
2019-01-18,12,0,247,76.07,76.07,0.0,504.412081,0.0
2019-01-18,12,0,248,18.42,18.42,0.0,29.483292,0.0
2019-01-18,12,0,249,85.3,85.3,0.0,565.615229,0.0
2019-01-18,12,0,251,213.42,213.42,0.0,1221.789817,0.0
2019-01-18,12,0,252,148.29,148.29,0.0,883.842716,0.0
2019-01-18,12,0,254,8.36,8.36,0.0,21.174627,0.0
2019-01-18,12,0,255,3.83,3.83,0.0,9.700816,0.0
2019-01-18,12,0,258,8.89,8.89,0.0,10.984351,0.0
2019-01-18,12,0,260,3.73,3.73,0.0,15.970309,0.0
2019-01-18,12,0,265,66.37,66.37,0.0,-824.389304,0.0
2019-01-18,12,0,266,29.1,29.1,0.0,-361.454403,0.0
2019-01-18,12,0,267,35.76,35.76,0.0,-444.179019,0.0
2019-01-18,12,0,270,579.0,579.0,0.0,-579000.0,0.0
2019-01-18,12,0,272,150.39,150.39,0.0,-39827.465329,0.0
2019-01-18,12,0,273,21.78,21.78,0.0,-21780.0,0.0
2019-01-18,12,0,274,746.4,746.4,0.0,-746400.0,0.0
2019-01-18,12,0,275,1039.0,1039.0,0.0,-1039000.0,0.0
2019-01-18,12,0,276,5.35,5.35,0.0,-4821.342866,0.0
2019-01-18,12,0,277,6.77,6.77,0.0,-1866.313535,0.0
2019-01-18,12,0,278,10.83,10.83,0.0,-2985.550308,0.0
2019-01-18,12,0,279,264.6,264.6,0.0,-72943.362103,0.0
2019-01-18,12,0,281,56.1,56.1,0.0,-56100.0,0.0
2019-01-18,12,0,282,281.27,281.27,0.0,-281270.0,0.0
2019-01-18,13,0,9,3.04,3.04,0.0,-1499.1528,0.0
2019-01-18,13,0,17,37.44,37.44,0.0,531.779519,0.0
2019-01-18,13,0,19,114.13,114.13,0.0,1621.046914,0.0
2019-01-18,13,0,20,138.41,138.41,0.0,1965.908204,0.0
2019-01-18,13,0,21,69.56,69.56,0.0,-34302.983148,0.0
2019-01-18,13,0,22,247.2,247.2,0.0,-121904.793475,0.0
2019-01-18,13,0,23,90.35,90.35,0.0,-44555.412987,0.0
2019-01-18,13,0,24,157.79,157.79,0.0,-77812.934314,0.0
2019-01-18,13,0,29,6.24,6.24,0.0,19.686953,0.0
2019-01-18,13,0,30,627.52,627.52,0.0,-627520.0,0.0
2019-01-18,13,0,31,125.0,125.0,0.0,-125000.0,0.0
2019-01-18,13,0,32,5.23,5.23,0.0,235.58873,0.0
2019-01-18,13,0,33,1.7,1.7,0.0,88.806823,0.0
2019-01-18,13,0,34,2.72,2.72,0.0,142.090917,0.0
2019-01-18,13,0,35,2.72,2.72,0.0,142.090917,0.0
2019-01-18,13,0,36,10.14,10.14,0.0,-484.678352,0.0
2019-01-18,13,0,37,4.49,4.49,0.0,-220.256102,0.0
2019-01-18,13,0,38,5.77,5.77,0.0,-283.04626,0.0
2019-01-18,13,0,39,3.85,3.85,0.0,-188.861023,0.0
2019-01-18,13,0,40,3.85,3.85,0.0,-188.861023,0.0
2019-01-18,13,0,41,34.8,34.8,0.0,-4275.222653,0.0
2019-01-18,13,0,42,68.77,68.77,0.0,409.778828,0.0
2019-01-18,13,0,43,31.14,31.14,0.0,-1324.281091,0.0
2019-01-18,13,0,46,30.89,30.89,0.0,-1897.987446,0.0
2019-01-18,13,0,52,132.5,132.5,0.0,-132500.0,0.0
2019-01-18,13,0,53,210.5,210.5,0.0,-210500.0,0.0
2019-01-18,13,0,55,623.0,623.0,0.0,-307227.69553,0.0
2019-01-18,13,0,56,185.09,185.09,0.0,-185090.0,0.0
2019-01-18,13,0,57,176.07,176.07,0.0,-176070.0,0.0
2019-01-18,13,0,58,338.59,338.59,0.0,-338590.0,0.0
2019-01-18,13,0,59,332.94,332.94,0.0,-332940.0,0.0
2019-01-18,13,0,63,51.0,51.0,0.0,6096.580386,0.0
2019-01-18,13,0,64,60.0,60.0,0.0,7172.447513,0.0
2019-01-18,13,0,65,32.38,32.38,0.0,410.317331,0.0
2019-01-18,13,0,67,327.84,327.84,0.0,-174598.465068,0.0
2019-01-18,13,0,68,34.0,34.0,0.0,-12917.743169,0.0
2019-01-18,13,0,69,1.7,1.7,0.0,88.806823,0.0
2019-01-18,13,0,74,131.27,131.27,0.0,-3986.403392,0.0
2019-01-18,13,0,77,60.0,60.0,0.0,-14729.771777,0.0
2019-01-18,13,0,78,45.36,45.36,0.0,-11135.707463,0.0
2019-01-18,13,0,79,26.25,26.25,0.0,-6444.275152,0.0
2019-01-18,13,0,80,42.45,42.45,0.0,-10421.313532,0.0
2019-01-18,13,0,81,55.5,55.5,0.0,-13625.038893,0.0
2019-01-18,13,0,82,39.15,39.15,0.0,-9611.176084,0.0
2019-01-18,13,0,83,87.3,87.3,0.0,-21431.817935,0.0
2019-01-18,13,0,84,0.0,0.0,0.0,-0.0,0.0
2019-01-18,13,0,86,8.61,8.61,0.0,449.780439,0.0
2019-01-18,13,0,87,43.97,43.97,0.0,2296.962359,0.0
2019-01-18,13,0,88,51.18,51.18,0.0,-12564.495325,0.0
2019-01-18,13,0,89,49.2,49.2,0.0,-12078.412857,0.0
2019-01-18,13,0,90,66.06,66.06,0.0,-16217.478726,0.0
2019-01-18,13,0,91,235.65,235.65,0.0,-57851.178652,0.0
2019-01-18,13,0,92,84.75,84.75,0.0,-20805.802634,0.0
2019-01-18,13,0,95,120.0,120.0,0.0,2333.493576,0.0
2019-01-18,13,0,96,29.88,29.88,0.0,-4129.215789,0.0
2019-01-18,13,0,97,183.75,183.75,0.0,-25393.018782,0.0
2019-01-18,13,0,99,25.34,25.34,0.0,-769.524354,0.0
2019-01-18,13,0,101,12.64,12.64,0.0,-12640.0,0.0
2019-01-18,13,0,102,80.5,80.5,0.0,-30584.656622,0.0
2019-01-18,13,0,103,70.0,70.0,0.0,-26595.353584,0.0
2019-01-18,13,0,104,13.0,13.0,0.0,-4939.137094,0.0
2019-01-18,13,0,106,243.34,243.34,0.0,-120001.263933,0.0
2019-01-18,13,0,109,60.0,60.0,0.0,-4739.606967,0.0
2019-01-18,13,0,110,338.6,338.6,0.0,-338600.0,0.0
2019-01-18,13,0,111,19.29,19.29,0.0,-2369.800143,0.0
2019-01-18,13,0,113,45.0,45.0,0.0,-10736.376313,0.0
2019-01-18,13,0,115,45.0,45.0,0.0,-10736.376313,0.0
2019-01-18,13,0,116,118.81,118.81,0.0,-118810.0,0.0
2019-01-18,13,0,117,3.0,3.0,0.0,-715.758421,0.0
2019-01-18,13,0,119,60.0,60.0,0.0,7172.447513,0.0
2019-01-18,13,0,120,35.28,35.28,0.0,4217.399137,0.0
2019-01-18,13,0,123,4.06,4.06,0.0,-2002.158016,0.0
2019-01-18,13,0,125,143.27,143.27,0.0,-70652.507124,0.0
2019-01-18,13,0,126,182.51,182.51,0.0,-90003.413661,0.0
2019-01-18,13,0,127,234.22,234.22,0.0,-115503.805533,0.0
2019-01-18,13,0,128,202.25,202.25,0.0,-99738.044014,0.0
2019-01-18,13,0,131,30.0,30.0,0.0,-10175.056921,0.0
2019-01-18,13,0,132,44.1,44.1,0.0,-14957.333674,0.0
2019-01-18,13,0,133,28.62,28.62,0.0,410.634337,0.0
2019-01-18,13,0,134,0.0,0.0,0.0,0.0,0.0
2019-01-18,13,0,135,38.35,38.35,0.0,550.238533,0.0
2019-01-18,13,0,136,36.45,36.45,0.0,458.827385,0.0
2019-01-18,13,0,139,44.94,44.94,0.0,-5520.934082,0.0
2019-01-18,13,0,140,250.6,250.6,0.0,-250600.0,0.0
2019-01-18,13,0,141,230.0,230.0,0.0,-122491.602506,0.0
2019-01-18,13,0,142,432.34,432.34,0.0,-230252.258381,0.0
2019-01-18,13,0,143,238.5,238.5,0.0,-238500.0,0.0
2019-01-18,13,0,145,100.0,100.0,0.0,-13963.793433,0.0
2019-01-18,13,0,146,268.0,268.0,0.0,-268000.0,0.0
2019-01-18,13,0,152,7.13,7.13,0.0,-208.924795,0.0
2019-01-18,13,0,153,8.83,8.83,0.0,-276.097391,0.0
2019-01-18,13,0,154,79.57,79.57,0.0,-9775.272026,0.0
2019-01-18,13,0,157,250.0,250.0,0.0,-133143.046202,0.0
2019-01-18,13,0,158,299.12,299.12,0.0,-159302.99192,0.0
2019-01-18,13,0,159,0.0,0.0,0.0,-0.0,0.0
2019-01-18,13,0,160,2.42,2.42,0.0,-50.031322,0.0
2019-01-18,13,0,161,61.81,61.81,0.0,-23483.697215,0.0
2019-01-18,13,0,162,162.5,162.5,0.0,3302.883077,0.0
2019-01-18,13,0,163,104.55,104.55,0.0,-104550.0,0.0
2019-01-18,13,0,164,23.9,23.9,0.0,-23900.0,0.0
2019-01-18,13,0,167,5.9,5.9,0.0,95.288717,0.0
2019-01-18,13,0,168,2.95,2.95,0.0,47.644358,0.0
2019-01-18,13,0,169,0.0,0.0,0.0,0.0,0.0
2019-01-18,13,0,170,6.45,6.45,0.0,104.171563,0.0
2019-01-18,13,0,172,7.56,7.56,0.0,88.445628,0.0
2019-01-18,13,0,173,11.52,11.52,0.0,134.77429,0.0
2019-01-18,13,0,188,10.88,10.88,0.0,254.569684,0.0
2019-01-18,13,0,190,7.86,7.86,0.0,254.880599,0.0
2019-01-18,13,0,191,20.31,20.31,0.0,658.603685,0.0
2019-01-18,13,0,192,332.6,332.6,0.0,10785.405497,0.0
2019-01-18,13,0,194,0.0,0.0,0.0,-0.0,0.0
2019-01-18,13,0,196,6.39,6.39,0.0,1784.938238,0.0
2019-01-18,13,0,198,9.19,9.19,0.0,94.439327,0.0
2019-01-18,13,0,199,73.53,73.53,0.0,-10964.993043,0.0
2019-01-18,13,0,200,20.23,20.23,0.0,-3016.752472,0.0
2019-01-18,13,0,204,257.1,257.1,0.0,-21533.400877,0.0
2019-01-18,13,0,205,317.4,317.4,0.0,-25072.520857,0.0
2019-01-18,13,0,206,539.94,539.94,0.0,-74616.090129,0.0
2019-01-18,13,0,210,1.99,1.99,0.0,-4.990733,0.0
2019-01-18,13,0,214,11.35,11.35,0.0,848.399446,0.0
2019-01-18,13,0,217,8.41,8.41,0.0,424.426253,0.0
2019-01-18,13,0,218,11.61,11.61,0.0,585.92019,0.0
2019-01-18,13,0,219,7.91,7.91,0.0,399.192825,0.0
2019-01-18,13,0,221,6.06,6.06,0.0,452.97803,0.0
2019-01-18,13,0,225,5.84,5.84,0.0,21.618749,0.0
2019-01-18,13,0,233,4.87,4.87,0.0,254.405428,0.0
2019-01-18,13,0,236,187.43,187.43,0.0,-1267.52169,0.0
2019-01-18,13,0,237,314.91,314.91,0.0,-9563.177361,0.0
2019-01-18,13,0,238,89.51,89.51,0.0,533.361973,0.0
2019-01-18,13,0,240,11.5,11.5,0.0,-549.684522,0.0
2019-01-18,13,0,245,56.17,56.17,0.0,1114.16369,0.0
2019-01-18,13,0,247,102.08,102.08,0.0,2024.814482,0.0
2019-01-18,13,0,248,31.61,31.61,0.0,-959.931524,0.0
2019-01-18,13,0,249,108.02,108.02,0.0,2142.637738,0.0
2019-01-18,13,0,251,300.13,300.13,0.0,3048.523907,0.0
2019-01-18,13,0,252,208.89,208.89,0.0,2647.040988,0.0
2019-01-18,13,0,254,9.58,9.58,0.0,-354.872901,0.0
2019-01-18,13,0,255,4.39,4.39,0.0,-162.61921,0.0
2019-01-18,13,0,258,14.48,14.48,0.0,-679.795292,0.0
2019-01-18,13,0,260,5.87,5.87,0.0,-121.356967,0.0
2019-01-18,13,0,265,82.38,82.38,0.0,-10120.483971,0.0
2019-01-18,13,0,266,29.1,29.1,0.0,-3574.970667,0.0
2019-01-18,13,0,267,35.76,35.76,0.0,-4393.15983,0.0
2019-01-18,13,0,270,325.32,325.32,0.0,-325320.0,0.0
2019-01-18,13,0,272,150.39,150.39,0.0,-35880.969639,0.0
2019-01-18,13,0,273,28.41,28.41,0.0,-28410.0,0.0
2019-01-18,13,0,274,419.18,419.18,0.0,-419180.0,0.0
2019-01-18,13,0,275,583.24,583.24,0.0,-583240.0,0.0
2019-01-18,13,0,276,6.58,6.58,0.0,-5893.266689,0.0
2019-01-18,13,0,277,8.28,8.28,0.0,-1998.431764,0.0
2019-01-18,13,0,278,13.25,13.25,0.0,-3197.973536,0.0
2019-01-18,13,0,279,378.16,378.16,0.0,-91271.371488,0.0
2019-01-18,13,0,281,56.1,56.1,0.0,-56100.0,0.0
2019-01-18,13,0,282,344.23,344.23,0.0,-344230.0,0.0
2019-01-18,14,0,9,3.19,3.19,0.0,-1733.213497,0.0
2019-01-18,14,0,17,37.88,37.88,0.0,-485.392156,0.0
2019-01-18,14,0,19,187.8,187.8,0.0,-2406.458473,0.0
2019-01-18,14,0,20,227.76,227.76,0.0,-2918.503631,0.0
2019-01-18,14,0,21,72.91,72.91,0.0,-39613.979965,0.0
2019-01-18,14,0,22,259.11,259.11,0.0,-140781.488805,0.0
2019-01-18,14,0,23,42.61,42.61,0.0,-23151.168376,0.0
2019-01-18,14,0,24,73.27,73.27,0.0,-39809.577727,0.0
2019-01-18,14,0,29,6.35,6.35,0.0,20.835151,0.0
2019-01-18,14,0,30,660.63,660.63,0.0,-660630.0,0.0
2019-01-18,14,0,31,125.0,125.0,0.0,-125000.0,0.0
2019-01-18,14,0,32,5.33,5.33,0.0,219.97494,0.0
2019-01-18,14,0,33,1.78,1.78,0.0,11.614007,0.0
2019-01-18,14,0,34,2.84,2.84,0.0,18.530214,0.0
2019-01-18,14,0,35,2.84,2.84,0.0,18.530214,0.0
2019-01-18,14,0,36,10.61,10.61,0.0,-319.431524,0.0
2019-01-18,14,0,37,4.65,4.65,0.0,-130.212239,0.0
2019-01-18,14,0,38,5.98,5.98,0.0,-167.45574,0.0
2019-01-18,14,0,39,3.98,3.98,0.0,-111.450476,0.0
2019-01-18,14,0,40,3.98,3.98,0.0,-111.450476,0.0
2019-01-18,14,0,41,34.8,34.8,0.0,-6211.282347,0.0
2019-01-18,14,0,42,72.01,72.01,0.0,-1224.593974,0.0
2019-01-18,14,0,43,32.6,32.6,0.0,-663.098065,0.0
2019-01-18,14,0,46,31.78,31.78,0.0,-395.086064,0.0
2019-01-18,14,0,52,132.5,132.5,0.0,-132500.0,0.0
2019-01-18,14,0,53,210.5,210.5,0.0,-210500.0,0.0
2019-01-18,14,0,55,623.0,623.0,0.0,-338492.792736,0.0
2019-01-18,14,0,56,194.86,194.86,0.0,-194860.0,0.0
2019-01-18,14,0,57,185.36,185.36,0.0,-185360.0,0.0
2019-01-18,14,0,58,356.46,356.46,0.0,-356460.0,0.0
2019-01-18,14,0,59,350.52,350.52,0.0,-350520.0,0.0
2019-01-18,14,0,63,51.0,51.0,0.0,5744.058434,0.0
2019-01-18,14,0,64,60.0,60.0,0.0,6757.715804,0.0
2019-01-18,14,0,65,41.4,41.4,0.0,-562.735582,0.0
2019-01-18,14,0,67,341.47,341.47,0.0,-187033.04646,0.0
2019-01-18,14,0,68,19.16,19.16,0.0,-7664.766258,0.0
2019-01-18,14,0,69,1.78,1.78,0.0,11.614007,0.0
2019-01-18,14,0,74,189.93,189.93,0.0,-7795.185882,0.0
2019-01-18,14,0,77,60.0,60.0,0.0,-16414.759761,0.0
2019-01-18,14,0,78,45.36,45.36,0.0,-12409.558379,0.0
2019-01-18,14,0,79,26.25,26.25,0.0,-7181.457395,0.0
2019-01-18,14,0,80,42.45,42.45,0.0,-11613.442531,0.0
2019-01-18,14,0,81,55.5,55.5,0.0,-15183.652779,0.0
2019-01-18,14,0,82,39.15,39.15,0.0,-10710.630744,0.0
2019-01-18,14,0,83,87.3,87.3,0.0,-23883.475452,0.0
2019-01-18,14,0,84,0.0,0.0,0.0,-0.0,0.0
2019-01-18,14,0,86,9.01,9.01,0.0,58.787755,0.0
2019-01-18,14,0,87,45.99,45.99,0.0,300.072014,0.0
2019-01-18,14,0,88,51.18,51.18,0.0,-14001.790076,0.0
2019-01-18,14,0,89,49.2,49.2,0.0,-13460.103004,0.0
2019-01-18,14,0,90,66.06,66.06,0.0,-18072.650497,0.0
2019-01-18,14,0,91,235.65,235.65,0.0,-64468.968961,0.0
2019-01-18,14,0,92,84.75,84.75,0.0,-23185.848162,0.0
2019-01-18,14,0,95,120.0,120.0,0.0,2333.493576,0.0
2019-01-18,14,0,96,31.39,31.39,0.0,-6984.537057,0.0
2019-01-18,14,0,97,210.51,210.51,0.0,-46840.232424,0.0
2019-01-18,14,0,99,36.66,36.66,0.0,-1504.614934,0.0
2019-01-18,14,0,101,13.31,13.31,0.0,-13310.0,0.0
2019-01-18,14,0,102,45.25,45.25,0.0,-18101.809664,0.0
2019-01-18,14,0,103,39.36,39.36,0.0,-15745.574108,0.0
2019-01-18,14,0,104,7.37,7.37,0.0,-2948.294745,0.0
2019-01-18,14,0,106,255.07,255.07,0.0,-138586.44726,0.0
2019-01-18,14,0,109,60.0,60.0,0.0,-2190.741729,0.0
2019-01-18,14,0,110,338.6,338.6,0.0,-338600.0,0.0
2019-01-18,14,0,111,20.82,20.82,0.0,-3716.0603,0.0
2019-01-18,14,0,113,45.0,45.0,0.0,-11475.575722,0.0
2019-01-18,14,0,115,45.0,45.0,0.0,-11475.575722,0.0
2019-01-18,14,0,116,120.97,120.97,0.0,-120970.0,0.0
2019-01-18,14,0,117,3.0,3.0,0.0,-765.038381,0.0
2019-01-18,14,0,119,60.0,60.0,0.0,6757.715804,0.0
2019-01-18,14,0,120,35.28,35.28,0.0,3973.536893,0.0
2019-01-18,14,0,123,4.25,4.25,0.0,-2309.140239,0.0
2019-01-18,14,0,125,66.79,66.79,0.0,-36288.818021,0.0
2019-01-18,14,0,126,191.3,191.3,0.0,-103938.477127,0.0
2019-01-18,14,0,127,245.51,245.51,0.0,-133392.240039,0.0
2019-01-18,14,0,128,92.7,92.7,0.0,-50366.423574,0.0
2019-01-18,14,0,131,30.0,30.0,0.0,-10817.903646,0.0
2019-01-18,14,0,132,44.1,44.1,0.0,-15902.318359,0.0
2019-01-18,14,0,133,41.94,41.94,0.0,-534.339804,0.0
2019-01-18,14,0,134,0.0,0.0,0.0,-0.0,0.0
2019-01-18,14,0,135,56.2,56.2,0.0,-716.020433,0.0
2019-01-18,14,0,136,45.9,45.9,0.0,-625.864684,0.0
2019-01-18,14,0,139,44.94,44.94,0.0,-8021.121513,0.0
2019-01-18,14,0,140,250.6,250.6,0.0,-250600.0,0.0
2019-01-18,14,0,141,230.0,230.0,0.0,-125977.686725,0.0
2019-01-18,14,0,142,450.32,450.32,0.0,-246653.356026,0.0
2019-01-18,14,0,143,238.5,238.5,0.0,-238500.0,0.0
2019-01-18,14,0,145,56.12,56.12,0.0,-14023.965563,0.0
2019-01-18,14,0,146,268.0,268.0,0.0,-268000.0,0.0
2019-01-18,14,0,152,7.65,7.65,0.0,-241.091537,0.0
2019-01-18,14,0,153,9.37,9.37,0.0,-302.570646,0.0
2019-01-18,14,0,154,85.87,85.87,0.0,-15326.517675,0.0
2019-01-18,14,0,157,250.0,250.0,0.0,-136932.268179,0.0
2019-01-18,14,0,158,321.07,321.07,0.0,-175859.373377,0.0
2019-01-18,14,0,159,0.0,0.0,0.0,-0.0,0.0
2019-01-18,14,0,160,2.51,2.51,0.0,-27.241969,0.0
2019-01-18,14,0,161,63.46,63.46,0.0,-25386.537929,0.0
2019-01-18,14,0,162,162.5,162.5,0.0,3292.258705,0.0
2019-01-18,14,0,163,130.61,130.61,0.0,-130610.0,0.0
2019-01-18,14,0,164,25.85,25.85,0.0,-25850.0,0.0
2019-01-18,14,0,167,5.88,5.88,0.0,96.26231,0.0
2019-01-18,14,0,168,2.94,2.94,0.0,48.131155,0.0
2019-01-18,14,0,169,0.0,0.0,0.0,0.0,0.0
2019-01-18,14,0,170,6.44,6.44,0.0,105.430149,0.0
2019-01-18,14,0,172,7.64,7.64,0.0,85.363059,0.0
2019-01-18,14,0,173,11.64,11.64,0.0,130.055759,0.0
2019-01-18,14,0,188,10.89,10.89,0.0,237.096565,0.0
2019-01-18,14,0,190,7.93,7.93,0.0,257.150528,0.0
2019-01-18,14,0,191,20.49,20.49,0.0,664.440645,0.0
2019-01-18,14,0,192,332.6,332.6,0.0,10785.405497,0.0
2019-01-18,14,0,194,52.95,52.95,0.0,-6764.704872,0.0
2019-01-18,14,0,196,6.44,6.44,0.0,1724.451684,0.0
2019-01-18,14,0,198,9.44,9.44,0.0,38.156297,0.0
2019-01-18,14,0,199,130.0,130.0,0.0,-14010.002424,0.0
2019-01-18,14,0,200,20.66,20.66,0.0,-2226.512693,0.0
2019-01-18,14,0,204,257.1,257.1,0.0,-798.069925,0.0
2019-01-18,14,0,205,317.4,317.4,0.0,-11589.023748,0.0
2019-01-18,14,0,206,745.19,745.19,0.0,-165810.996151,0.0
2019-01-18,14,0,210,2.01,2.01,0.0,4.565744,0.0
2019-01-18,14,0,214,11.46,11.46,0.0,203.623961,0.0
2019-01-18,14,0,217,8.51,8.51,0.0,122.478773,0.0
2019-01-18,14,0,218,11.74,11.74,0.0,168.966016,0.0
2019-01-18,14,0,219,8.0,8.0,0.0,115.138682,0.0
2019-01-18,14,0,221,6.11,6.11,0.0,108.563909,0.0
2019-01-18,14,0,225,6.0,6.0,0.0,20.271764,0.0
2019-01-18,14,0,233,5.1,5.1,0.0,33.276088,0.0
2019-01-18,14,0,236,159.05,159.05,0.0,-3597.068725,0.0
2019-01-18,14,0,237,455.62,455.62,0.0,-18699.745125,0.0
2019-01-18,14,0,238,93.73,93.73,0.0,-1593.961855,0.0
2019-01-18,14,0,240,12.02,12.02,0.0,-361.881896,0.0
2019-01-18,14,0,245,78.0,78.0,0.0,-776.132742,0.0
2019-01-18,14,0,247,171.72,171.72,0.0,-1708.686083,0.0
2019-01-18,14,0,248,45.74,45.74,0.0,-1877.280062,0.0
2019-01-18,14,0,249,150.0,150.0,0.0,-1492.562966,0.0
2019-01-18,14,0,251,326.4,326.4,0.0,-4853.943208,0.0
2019-01-18,14,0,252,267.06,267.06,0.0,-3630.05228,0.0
2019-01-18,14,0,254,9.81,9.81,0.0,-176.185567,0.0
2019-01-18,14,0,255,4.5,4.5,0.0,-80.819067,0.0
2019-01-18,14,0,258,15.1,15.1,0.0,-430.792783,0.0
2019-01-18,14,0,260,6.09,6.09,0.0,-66.097049,0.0
2019-01-18,14,0,265,88.9,88.9,0.0,-15867.327604,0.0
2019-01-18,14,0,266,29.1,29.1,0.0,-5193.917135,0.0
2019-01-18,14,0,267,35.76,35.76,0.0,-6382.628066,0.0
2019-01-18,14,0,270,454.05,454.05,0.0,-454050.0,0.0
2019-01-18,14,0,272,150.39,150.39,0.0,-38351.374061,0.0
2019-01-18,14,0,273,28.93,28.93,0.0,-28930.0,0.0
2019-01-18,14,0,274,605.65,605.65,0.0,-605650.0,0.0
2019-01-18,14,0,275,880.86,880.86,0.0,-880860.0,0.0
2019-01-18,14,0,276,6.68,6.68,0.0,-6005.436556,0.0
2019-01-18,14,0,277,8.58,8.58,0.0,-2251.876062,0.0
2019-01-18,14,0,278,13.73,13.73,0.0,-3603.526613,0.0
2019-01-18,14,0,279,264.6,264.6,0.0,-69445.968078,0.0
2019-01-18,14,0,281,56.1,56.1,0.0,-56100.0,0.0
2019-01-18,14,0,282,362.4,362.4,0.0,-362400.0,0.0
2019-01-18,15,0,9,3.02,3.02,0.0,-1199.135093,0.0
2019-01-18,15,0,17,36.23,36.23,0.0,153.995957,0.0
2019-01-18,15,0,19,192.99,192.99,0.0,820.305816,0.0
2019-01-18,15,0,20,234.06,234.06,0.0,994.874238,0.0
2019-01-18,15,0,21,69.07,69.07,0.0,-27425.251949,0.0
2019-01-18,15,0,22,245.47,245.47,0.0,-97467.447456,0.0
2019-01-18,15,0,23,32.64,32.64,0.0,-12960.188557,0.0
2019-01-18,15,0,24,57.75,57.75,0.0,-22930.480672,0.0
2019-01-18,15,0,29,5.77,5.77,0.0,25.515317,0.0
2019-01-18,15,0,30,622.57,622.57,0.0,-622570.0,0.0
2019-01-18,15,0,31,125.0,125.0,0.0,-125000.0,0.0
2019-01-18,15,0,32,4.86,4.86,0.0,199.498033,0.0
2019-01-18,15,0,33,1.67,1.67,0.0,15.446727,0.0
2019-01-18,15,0,34,2.67,2.67,0.0,24.696264,0.0
2019-01-18,15,0,35,2.67,2.67,0.0,24.696264,0.0
2019-01-18,15,0,36,10.09,10.09,0.0,-30.731537,0.0
2019-01-18,15,0,37,4.41,4.41,0.0,-13.437928,0.0
2019-01-18,15,0,38,5.67,5.67,0.0,-17.277336,0.0
2019-01-18,15,0,39,3.78,3.78,0.0,-11.518224,0.0
2019-01-18,15,0,40,3.78,3.78,0.0,-11.518224,0.0
2019-01-18,15,0,41,58.96,58.96,0.0,-1145.467338,0.0
2019-01-18,15,0,42,69.01,69.01,0.0,218.547459,0.0
2019-01-18,15,0,43,30.72,30.72,0.0,-58.858514,0.0
2019-01-18,15,0,46,29.85,29.85,0.0,-127.865101,0.0
2019-01-18,15,0,52,132.5,132.5,0.0,-132500.0,0.0
2019-01-18,15,0,53,210.5,210.5,0.0,-210500.0,0.0
2019-01-18,15,0,55,623.0,623.0,0.0,-247371.24604,0.0
2019-01-18,15,0,56,183.64,183.64,0.0,-183640.0,0.0
2019-01-18,15,0,57,174.68,174.68,0.0,-174680.0,0.0
2019-01-18,15,0,58,335.92,335.92,0.0,-335920.0,0.0
2019-01-18,15,0,59,330.32,330.32,0.0,-330320.0,0.0
2019-01-18,15,0,63,51.0,51.0,0.0,5704.382824,0.0
2019-01-18,15,0,64,60.0,60.0,0.0,6711.038616,0.0
2019-01-18,15,0,65,41.4,41.4,0.0,167.637507,0.0
2019-01-18,15,0,67,321.64,321.64,0.0,-178140.733008,0.0
2019-01-18,15,0,68,34.0,34.0,0.0,-13877.488855,0.0
2019-01-18,15,0,69,1.67,1.67,0.0,15.446727,0.0
2019-01-18,15,0,74,217.6,217.6,0.0,-421.287351,0.0
2019-01-18,15,0,77,60.0,60.0,0.0,-17150.552356,0.0
2019-01-18,15,0,78,45.36,45.36,0.0,-12965.817581,0.0
2019-01-18,15,0,79,26.25,26.25,0.0,-7503.366656,0.0
2019-01-18,15,0,80,42.45,42.45,0.0,-12134.015792,0.0
2019-01-18,15,0,81,55.5,55.5,0.0,-15864.26093,0.0
2019-01-18,15,0,82,39.15,39.15,0.0,-11190.735413,0.0
2019-01-18,15,0,83,87.3,87.3,0.0,-24954.053679,0.0
2019-01-18,15,0,84,0.0,0.0,0.0,-0.0,0.0
2019-01-18,15,0,86,8.46,8.46,0.0,78.251083,0.0
2019-01-18,15,0,87,43.18,43.18,0.0,399.395007,0.0
2019-01-18,15,0,88,51.18,51.18,0.0,-14629.42116,0.0
2019-01-18,15,0,89,49.2,49.2,0.0,-14063.452932,0.0
2019-01-18,15,0,90,66.06,66.06,0.0,-18882.758144,0.0
2019-01-18,15,0,91,235.65,235.65,0.0,-67358.79438,0.0
2019-01-18,15,0,92,84.75,84.75,0.0,-24225.155204,0.0
2019-01-18,15,0,95,120.0,120.0,0.0,2333.493576,0.0
2019-01-18,15,0,96,29.88,29.88,0.0,850.676666,0.0
2019-01-18,15,0,97,183.75,183.75,0.0,5231.319858,0.0
2019-01-18,15,0,99,42.0,42.0,0.0,-81.314654,0.0
2019-01-18,15,0,101,12.54,12.54,0.0,-12540.0,0.0
2019-01-18,15,0,102,80.5,80.5,0.0,-32856.995671,0.0
2019-01-18,15,0,103,70.0,70.0,0.0,-28571.300584,0.0
2019-01-18,15,0,104,13.0,13.0,0.0,-5306.09868,0.0
2019-01-18,15,0,106,241.64,241.64,0.0,-95946.690037,0.0
2019-01-18,15,0,109,60.0,60.0,0.0,-397.530466,0.0
2019-01-18,15,0,110,338.6,338.6,0.0,-338600.0,0.0
2019-01-18,15,0,111,20.04,20.04,0.0,-389.334557,0.0
2019-01-18,15,0,113,45.0,45.0,0.0,-11679.614426,0.0
2019-01-18,15,0,115,45.0,45.0,0.0,-11679.614426,0.0
2019-01-18,15,0,116,112.3,112.3,0.0,-112300.0,0.0
2019-01-18,15,0,117,3.0,3.0,0.0,-778.640962,0.0
2019-01-18,15,0,119,60.0,60.0,0.0,6711.038616,0.0
2019-01-18,15,0,120,35.28,35.28,0.0,3946.090706,0.0
2019-01-18,15,0,123,4.03,4.03,0.0,-1600.17034,0.0
2019-01-18,15,0,125,52.26,52.26,0.0,-20750.596016,0.0
2019-01-18,15,0,126,181.23,181.23,0.0,-71960.017528,0.0
2019-01-18,15,0,127,232.58,232.58,0.0,-92349.284757,0.0
2019-01-18,15,0,128,74.85,74.85,0.0,-29720.285339,0.0
2019-01-18,15,0,131,73.62,73.62,0.0,-27184.3441,0.0
2019-01-18,15,0,132,108.35,108.35,0.0,-40008.471655,0.0
2019-01-18,15,0,133,41.94,41.94,0.0,179.061757,0.0
2019-01-18,15,0,134,0.0,0.0,0.0,0.0,0.0
2019-01-18,15,0,135,56.2,56.2,0.0,239.944462,0.0
2019-01-18,15,0,136,45.9,45.9,0.0,185.351751,0.0
2019-01-18,15,0,139,76.67,76.67,0.0,-1489.534953,0.0
2019-01-18,15,0,140,250.6,250.6,0.0,-250600.0,0.0
2019-01-18,15,0,141,230.0,230.0,0.0,-127385.799626,0.0
2019-01-18,15,0,142,424.16,424.16,0.0,-234921.568563,0.0
2019-01-18,15,0,143,238.5,238.5,0.0,-238500.0,0.0
2019-01-18,15,0,145,30.0,30.0,0.0,-398.428851,0.0
2019-01-18,15,0,146,268.0,268.0,0.0,-268000.0,0.0
2019-01-18,15,0,152,7.17,7.17,0.0,-9.074827,0.0
2019-01-18,15,0,153,8.85,8.85,0.0,-13.371121,0.0
2019-01-18,15,0,154,82.67,82.67,0.0,-1606.102186,0.0
2019-01-18,15,0,157,250.0,250.0,0.0,-138462.825681,0.0
2019-01-18,15,0,158,305.14,305.14,0.0,-169002.186513,0.0
2019-01-18,15,0,159,0.0,0.0,0.0,-0.0,0.0
2019-01-18,15,0,160,2.37,2.37,0.0,3.442768,0.0
2019-01-18,15,0,161,59.08,59.08,0.0,-24114.177693,0.0
2019-01-18,15,0,162,162.5,162.5,0.0,3291.223464,0.0
2019-01-18,15,0,163,142.89,142.89,0.0,-142890.0,0.0
2019-01-18,15,0,164,24.38,24.38,0.0,-24380.0,0.0
2019-01-18,15,0,167,5.37,5.37,0.0,88.054358,0.0
2019-01-18,15,0,168,2.69,2.69,0.0,44.109166,0.0
2019-01-18,15,0,169,0.0,0.0,0.0,0.0,0.0
2019-01-18,15,0,170,5.88,5.88,0.0,96.417062,0.0
2019-01-18,15,0,172,7.09,7.09,0.0,79.327902,0.0
2019-01-18,15,0,173,10.8,10.8,0.0,120.837989,0.0
2019-01-18,15,0,188,9.89,9.89,0.0,214.757071,0.0
2019-01-18,15,0,190,7.46,7.46,0.0,241.909576,0.0
2019-01-18,15,0,191,19.28,19.28,0.0,625.203301,0.0
2019-01-18,15,0,192,332.6,332.6,0.0,10785.405497,0.0
2019-01-18,15,0,194,52.95,52.95,0.0,-6701.751318,0.0
2019-01-18,15,0,196,6.05,6.05,0.0,1607.760249,0.0
2019-01-18,15,0,198,8.88,8.88,0.0,59.723978,0.0
2019-01-18,15,0,199,130.0,130.0,0.0,-3633.091652,0.0
2019-01-18,15,0,200,18.9,18.9,0.0,-528.195633,0.0
2019-01-18,15,0,204,257.1,257.1,0.0,-1819.265814,0.0
2019-01-18,15,0,205,317.4,317.4,0.0,-2102.936164,0.0
2019-01-18,15,0,206,539.94,539.94,0.0,15371.966499,0.0
2019-01-18,15,0,210,1.86,1.86,0.0,10.192322,0.0
2019-01-18,15,0,214,10.54,10.54,0.0,128.546761,0.0
2019-01-18,15,0,217,7.81,7.81,0.0,73.59339,0.0
2019-01-18,15,0,218,10.78,10.78,0.0,101.579609,0.0
2019-01-18,15,0,219,7.35,7.35,0.0,69.258824,0.0
2019-01-18,15,0,221,5.62,5.62,0.0,68.542011,0.0
2019-01-18,15,0,225,5.47,5.47,0.0,23.629975,0.0
2019-01-18,15,0,233,4.79,4.79,0.0,44.305282,0.0
2019-01-18,15,0,236,179.56,179.56,0.0,277.522556,0.0
2019-01-18,15,0,237,522.0,522.0,0.0,-1010.624988,0.0
2019-01-18,15,0,238,89.82,89.82,0.0,284.450555,0.0
2019-01-18,15,0,240,11.44,11.44,0.0,-34.843289,0.0
2019-01-18,15,0,245,78.0,78.0,0.0,389.276749,0.0
2019-01-18,15,0,247,171.72,171.72,0.0,857.007735,0.0
2019-01-18,15,0,248,52.4,52.4,0.0,-101.449711,0.0
2019-01-18,15,0,249,150.0,150.0,0.0,748.609133,0.0
2019-01-18,15,0,251,326.4,326.4,0.0,1213.791314,0.0
2019-01-18,15,0,252,267.06,267.06,0.0,1081.3834,0.0
2019-01-18,15,0,254,9.29,9.29,0.0,-9.946461,0.0
2019-01-18,15,0,255,4.26,4.26,0.0,-4.561025,0.0
2019-01-18,15,0,258,14.35,14.35,0.0,-41.087985,0.0
2019-01-18,15,0,260,5.75,5.75,0.0,8.352708,0.0
2019-01-18,15,0,265,85.6,85.6,0.0,-1663.025851,0.0
2019-01-18,15,0,266,49.03,49.03,0.0,-952.548569,0.0
2019-01-18,15,0,267,60.63,60.63,0.0,-1177.911885,0.0
2019-01-18,15,0,270,466.38,466.38,0.0,-466380.0,0.0
2019-01-18,15,0,272,150.39,150.39,0.0,-39033.27141,0.0
2019-01-18,15,0,273,26.85,26.85,0.0,-26850.0,0.0
2019-01-18,15,0,274,614.3,614.3,0.0,-614300.0,0.0
2019-01-18,15,0,275,881.73,881.73,0.0,-881730.0,0.0
2019-01-18,15,0,276,6.2,6.2,0.0,-5582.383362,0.0
2019-01-18,15,0,277,8.01,8.01,0.0,-2163.41528,0.0
2019-01-18,15,0,278,12.82,12.82,0.0,-3462.544805,0.0
2019-01-18,15,0,279,264.6,264.6,0.0,-71465.628356,0.0
2019-01-18,15,0,281,56.1,56.1,0.0,-56100.0,0.0
2019-01-18,15,0,282,341.52,341.52,0.0,-341520.0,0.0
2019-01-18,16,0,9,2.64,2.64,0.0,-1047.275924,0.0
2019-01-18,16,0,17,35.19,35.19,0.0,230.995302,0.0
2019-01-18,16,0,19,332.0,332.0,0.0,2179.324816,0.0
2019-01-18,16,0,20,419.03,419.03,0.0,2750.609873,0.0
2019-01-18,16,0,21,60.34,60.34,0.0,-23936.602,0.0
2019-01-18,16,0,22,214.44,214.44,0.0,-85067.367133,0.0
2019-01-18,16,0,23,32.64,32.64,0.0,-12948.138702,0.0
2019-01-18,16,0,24,57.75,57.75,0.0,-22909.160846,0.0
2019-01-18,16,0,29,3.85,3.85,0.0,13.213982,0.0
2019-01-18,16,0,30,519.22,519.22,0.0,-519220.0,0.0
2019-01-18,16,0,31,125.0,125.0,0.0,-125000.0,0.0
2019-01-18,16,0,32,3.91,3.91,0.0,160.44027,0.0
2019-01-18,16,0,33,2.3,2.3,0.0,27.618551,0.0
2019-01-18,16,0,34,3.68,3.68,0.0,44.189681,0.0
2019-01-18,16,0,35,3.68,3.68,0.0,44.189681,0.0
2019-01-18,16,0,36,9.55,9.55,0.0,-15.052427,0.0
2019-01-18,16,0,37,4.51,4.51,0.0,-7.269026,0.0
2019-01-18,16,0,38,5.8,5.8,0.0,-9.348193,0.0
2019-01-18,16,0,39,3.86,3.86,0.0,-6.221384,0.0
2019-01-18,16,0,40,3.86,3.86,0.0,-6.221384,0.0
2019-01-18,16,0,41,82.36,82.36,0.0,-1513.606171,0.0
2019-01-18,16,0,42,60.11,60.11,0.0,323.644201,0.0
2019-01-18,16,0,43,28.72,28.72,0.0,-14.66992,0.0
2019-01-18,16,0,46,24.27,24.27,0.0,-71.819589,0.0
2019-01-18,16,0,52,132.5,132.5,0.0,-132500.0,0.0
2019-01-18,16,0,53,210.5,210.5,0.0,-210500.0,0.0
2019-01-18,16,0,55,623.0,623.0,0.0,-247141.250344,0.0
2019-01-18,16,0,56,153.15,153.15,0.0,-153150.0,0.0
2019-01-18,16,0,57,145.68,145.68,0.0,-145680.0,0.0
2019-01-18,16,0,58,280.16,280.16,0.0,-280160.0,0.0
2019-01-18,16,0,59,275.49,275.49,0.0,-275490.0,0.0
2019-01-18,16,0,63,51.0,51.0,0.0,5707.805617,0.0
2019-01-18,16,0,64,60.0,60.0,0.0,6715.065431,0.0
2019-01-18,16,0,65,41.4,41.4,0.0,262.684085,0.0
2019-01-18,16,0,67,273.16,273.16,0.0,-151227.917571,0.0
2019-01-18,16,0,68,34.0,34.0,0.0,-13867.234532,0.0
2019-01-18,16,0,69,2.3,2.3,0.0,27.618551,0.0
2019-01-18,16,0,74,134.72,134.72,0.0,-16.694319,0.0
2019-01-18,16,0,77,60.0,60.0,0.0,-17125.609629,0.0
2019-01-18,16,0,78,45.36,45.36,0.0,-12946.96088,0.0
2019-01-18,16,0,79,26.25,26.25,0.0,-7492.454213,0.0
2019-01-18,16,0,80,42.45,42.45,0.0,-12116.368813,0.0
2019-01-18,16,0,81,55.5,55.5,0.0,-15841.188907,0.0
2019-01-18,16,0,82,39.15,39.15,0.0,-11174.460283,0.0
2019-01-18,16,0,83,87.3,87.3,0.0,-24917.762011,0.0
2019-01-18,16,0,84,0.0,0.0,0.0,-0.0,0.0
2019-01-18,16,0,86,11.65,11.65,0.0,139.893963,0.0
2019-01-18,16,0,87,59.46,59.46,0.0,713.999573,0.0
2019-01-18,16,0,88,51.18,51.18,0.0,-14608.145014,0.0
2019-01-18,16,0,89,49.2,49.2,0.0,-14042.999896,0.0
2019-01-18,16,0,90,66.06,66.06,0.0,-18855.296202,0.0
2019-01-18,16,0,91,235.65,235.65,0.0,-67260.83182,0.0
2019-01-18,16,0,92,84.75,84.75,0.0,-24189.923602,0.0
2019-01-18,16,0,95,120.0,120.0,0.0,2333.493576,0.0
2019-01-18,16,0,96,29.88,29.88,0.0,868.828052,0.0
2019-01-18,16,0,97,183.75,183.75,0.0,5342.943592,0.0
2019-01-18,16,0,99,29.54,29.54,0.0,-3.660557,0.0
2019-01-18,16,0,101,10.46,10.46,0.0,-10460.0,0.0
2019-01-18,16,0,102,80.5,80.5,0.0,-32832.717054,0.0
2019-01-18,16,0,103,70.0,70.0,0.0,-28550.188743,0.0
2019-01-18,16,0,104,13.0,13.0,0.0,-5302.177909,0.0
2019-01-18,16,0,106,211.1,211.1,0.0,-83742.40441,0.0
2019-01-18,16,0,109,60.0,60.0,0.0,-320.950422,0.0
2019-01-18,16,0,110,338.6,338.6,0.0,-338600.0,0.0
2019-01-18,16,0,111,16.96,16.96,0.0,-311.689663,0.0
2019-01-18,16,0,113,45.0,45.0,0.0,-11667.957114,0.0
2019-01-18,16,0,115,45.0,45.0,0.0,-11667.957114,0.0
2019-01-18,16,0,116,93.25,93.25,0.0,-93250.0,0.0
2019-01-18,16,0,117,3.0,3.0,0.0,-777.863808,0.0
2019-01-18,16,0,119,60.0,60.0,0.0,6715.065431,0.0
2019-01-18,16,0,120,35.28,35.28,0.0,3948.458474,0.0
2019-01-18,16,0,123,3.52,3.52,0.0,-1396.367899,0.0
2019-01-18,16,0,125,52.26,52.26,0.0,-20731.302958,0.0
2019-01-18,16,0,126,158.32,158.32,0.0,-62804.819831,0.0
2019-01-18,16,0,127,203.18,203.18,0.0,-80600.576637,0.0
2019-01-18,16,0,128,74.85,74.85,0.0,-29692.65263,0.0
2019-01-18,16,0,131,30.0,30.0,0.0,-11067.922063,0.0
2019-01-18,16,0,132,44.1,44.1,0.0,-16269.845432,0.0
2019-01-18,16,0,133,50.5,50.5,0.0,332.536634,0.0
2019-01-18,16,0,134,0.0,0.0,0.0,0.0,0.0
2019-01-18,16,0,135,64.2,64.2,0.0,422.749542,0.0
2019-01-18,16,0,136,45.9,45.9,0.0,290.684346,0.0
2019-01-18,16,0,139,107.25,107.25,0.0,-1971.032806,0.0
2019-01-18,16,0,140,250.6,250.6,0.0,-250600.0,0.0
2019-01-18,16,0,141,230.0,230.0,0.0,-127333.507985,0.0
2019-01-18,16,0,142,360.23,360.23,0.0,-199431.954703,0.0
2019-01-18,16,0,143,238.5,238.5,0.0,-238500.0,0.0
2019-01-18,16,0,145,30.0,30.0,0.0,-373.094398,0.0
2019-01-18,16,0,146,268.0,268.0,0.0,-268000.0,0.0
2019-01-18,16,0,152,7.34,7.34,0.0,3.869711,0.0
2019-01-18,16,0,153,9.09,9.09,0.0,2.347356,0.0
2019-01-18,16,0,154,69.97,69.97,0.0,-1285.90364,0.0
2019-01-18,16,0,157,250.0,250.0,0.0,-138405.986941,0.0
2019-01-18,16,0,158,255.94,255.94,0.0,-141694.51319,0.0
2019-01-18,16,0,159,0.0,0.0,0.0,0.0,0.0
2019-01-18,16,0,160,2.05,2.05,0.0,5.809645,0.0
2019-01-18,16,0,161,51.53,51.53,0.0,-21017.017513,0.0
2019-01-18,16,0,162,162.5,162.5,0.0,3291.445363,0.0
2019-01-18,16,0,163,146.36,146.36,0.0,-146360.0,0.0
2019-01-18,16,0,164,20.22,20.22,0.0,-20220.0,0.0
2019-01-18,16,0,167,4.37,4.37,0.0,71.652392,0.0
2019-01-18,16,0,168,2.19,2.19,0.0,35.908178,0.0
2019-01-18,16,0,169,0.0,0.0,0.0,0.0,0.0
2019-01-18,16,0,170,4.78,4.78,0.0,78.374927,0.0
2019-01-18,16,0,172,5.98,5.98,0.0,66.009729,0.0
2019-01-18,16,0,173,9.1,9.1,0.0,100.449588,0.0
2019-01-18,16,0,188,7.99,7.99,0.0,173.188063,0.0
2019-01-18,16,0,190,6.99,6.99,0.0,226.668624,0.0
2019-01-18,16,0,191,18.05,18.05,0.0,585.317406,0.0
2019-01-18,16,0,192,332.6,332.6,0.0,10785.405497,0.0
2019-01-18,16,0,194,52.95,52.95,0.0,-6692.847854,0.0
2019-01-18,16,0,196,4.79,4.79,0.0,1273.609264,0.0
2019-01-18,16,0,198,8.71,8.71,0.0,68.367839,0.0
2019-01-18,16,0,199,130.0,130.0,0.0,-3605.34577,0.0
2019-01-18,16,0,200,15.62,15.62,0.0,-433.196161,0.0
2019-01-18,16,0,204,257.1,257.1,0.0,-1503.259315,0.0
2019-01-18,16,0,205,317.4,317.4,0.0,-1697.827735,0.0
2019-01-18,16,0,206,539.94,539.94,0.0,15699.967147,0.0
2019-01-18,16,0,210,1.56,1.56,0.0,7.301142,0.0
2019-01-18,16,0,214,9.86,9.86,0.0,150.055023,0.0
2019-01-18,16,0,217,6.79,6.79,0.0,73.186907,0.0
2019-01-18,16,0,218,9.37,9.37,0.0,100.995775,0.0
2019-01-18,16,0,219,6.38,6.38,0.0,68.767668,0.0
2019-01-18,16,0,221,5.26,5.26,0.0,80.049637,0.0
2019-01-18,16,0,225,3.88,3.88,0.0,12.849312,0.0
2019-01-18,16,0,233,6.59,6.59,0.0,79.133151,0.0
2019-01-18,16,0,236,159.03,159.03,0.0,574.2693,0.0
2019-01-18,16,0,237,308.11,308.11,0.0,-38.180572,0.0
2019-01-18,16,0,238,78.23,78.23,0.0,421.205887,0.0
2019-01-18,16,0,240,10.82,10.82,0.0,-17.054163,0.0
2019-01-18,16,0,245,78.0,78.0,0.0,574.88442,0.0
2019-01-18,16,0,247,171.72,171.72,0.0,1265.630161,0.0
2019-01-18,16,0,248,36.28,36.28,0.0,-4.495768,0.0
2019-01-18,16,0,249,150.0,150.0,0.0,1105.546961,0.0
2019-01-18,16,0,251,326.4,326.4,0.0,1953.545695,0.0
2019-01-18,16,0,252,267.06,267.06,0.0,1694.502699,0.0
2019-01-18,16,0,254,12.11,12.11,0.0,3.978483,0.0
2019-01-18,16,0,255,5.55,5.55,0.0,1.823334,0.0
2019-01-18,16,0,258,13.28,13.28,0.0,-18.646486,0.0
2019-01-18,16,0,260,4.99,4.99,0.0,14.141526,0.0
2019-01-18,16,0,265,72.44,72.44,0.0,-1331.297123,0.0
2019-01-18,16,0,266,68.38,68.38,0.0,-1256.682734,0.0
2019-01-18,16,0,267,84.71,84.71,0.0,-1556.794303,0.0
2019-01-18,16,0,270,395.58,395.58,0.0,-395580.0,0.0
2019-01-18,16,0,272,150.39,150.39,0.0,-38994.312676,0.0
2019-01-18,16,0,273,22.3,22.3,0.0,-22300.0,0.0
2019-01-18,16,0,274,493.67,493.67,0.0,-493670.0,0.0
2019-01-18,16,0,275,661.83,661.83,0.0,-661830.0,0.0
2019-01-18,16,0,276,5.14,5.14,0.0,-4627.714959,0.0
2019-01-18,16,0,277,6.57,6.57,0.0,-1772.372076,0.0
2019-01-18,16,0,278,10.52,10.52,0.0,-2837.953461,0.0
2019-01-18,16,0,279,604.22,604.22,0.0,-162998.882121,0.0
2019-01-18,16,0,281,56.1,56.1,0.0,-56100.0,0.0
2019-01-18,16,0,282,284.83,284.83,0.0,-284830.0,0.0
2019-01-18,17,0,9,1.83,1.83,0.0,-7.567168,0.0
2019-01-18,17,0,17,24.41,24.41,0.0,189.599934,0.0
2019-01-18,17,0,19,284.63,284.63,0.0,2210.808246,0.0
2019-01-18,17,0,20,342.76,342.76,0.0,2662.321731,0.0
2019-01-18,17,0,21,41.73,41.73,0.0,-172.556235,0.0
2019-01-18,17,0,22,148.32,148.32,0.0,-613.312744,0.0
2019-01-18,17,0,23,47.2,47.2,0.0,-195.175037,0.0
2019-01-18,17,0,24,83.96,83.96,0.0,-347.180002,0.0
2019-01-18,17,0,29,2.62,2.62,0.0,12.739417,0.0
2019-01-18,17,0,30,364.71,364.71,0.0,-1533.801692,0.0
2019-01-18,17,0,31,125.0,125.0,0.0,-525.692225,0.0
2019-01-18,17,0,32,2.69,2.69,0.0,111.066176,0.0
2019-01-18,17,0,33,1.59,1.59,0.0,16.096315,0.0
2019-01-18,17,0,34,2.55,2.55,0.0,25.814846,0.0
2019-01-18,17,0,35,2.55,2.55,0.0,25.814846,0.0
2019-01-18,17,0,36,6.77,6.77,0.0,26.275384,0.0
2019-01-18,17,0,37,3.14,3.14,0.0,11.914699,0.0
2019-01-18,17,0,38,4.04,4.04,0.0,15.32974,0.0
2019-01-18,17,0,39,2.69,2.69,0.0,10.207178,0.0
2019-01-18,17,0,40,2.69,2.69,0.0,10.207178,0.0
2019-01-18,17,0,41,34.8,34.8,0.0,-14.025317,0.0
2019-01-18,17,0,42,41.92,41.92,0.0,304.195508,0.0
2019-01-18,17,0,43,19.85,19.85,0.0,83.113807,0.0
2019-01-18,17,0,46,17.17,17.17,0.0,51.555585,0.0
2019-01-18,17,0,52,132.5,132.5,0.0,-557.233759,0.0
2019-01-18,17,0,53,210.5,210.5,0.0,-885.265707,0.0
2019-01-18,17,0,55,623.0,623.0,0.0,-2576.145087,0.0
2019-01-18,17,0,56,107.58,107.58,0.0,-452.431757,0.0
2019-01-18,17,0,57,102.33,102.33,0.0,-430.352683,0.0
2019-01-18,17,0,58,196.79,196.79,0.0,-827.607784,0.0
2019-01-18,17,0,59,193.51,193.51,0.0,-813.81362,0.0
2019-01-18,17,0,63,95.49,95.49,0.0,10624.766664,0.0
2019-01-18,17,0,64,112.31,112.31,0.0,12496.256613,0.0
2019-01-18,17,0,65,41.4,41.4,0.0,317.638639,0.0
2019-01-18,17,0,67,189.92,189.92,0.0,-105627.034781,0.0
2019-01-18,17,0,68,19.11,19.11,0.0,-7858.6419,0.0
2019-01-18,17,0,69,1.59,1.59,0.0,16.096315,0.0
2019-01-18,17,0,74,104.24,104.24,0.0,523.787415,0.0
2019-01-18,17,0,77,60.0,60.0,0.0,-17406.802063,0.0
2019-01-18,17,0,78,45.36,45.36,0.0,-13159.54236,0.0
2019-01-18,17,0,79,26.25,26.25,0.0,-7615.475903,0.0
2019-01-18,17,0,80,42.45,42.45,0.0,-12315.31246,0.0
2019-01-18,17,0,81,55.5,55.5,0.0,-16101.291908,0.0
2019-01-18,17,0,82,39.15,39.15,0.0,-11357.938346,0.0
2019-01-18,17,0,83,87.3,87.3,0.0,-25326.897002,0.0
2019-01-18,17,0,84,0.0,0.0,0.0,0.0,0.0
2019-01-18,17,0,86,8.07,8.07,0.0,81.696394,0.0
2019-01-18,17,0,87,41.19,41.19,0.0,416.985683,0.0
2019-01-18,17,0,88,51.18,51.18,0.0,-14848.00216,0.0
2019-01-18,17,0,89,49.2,49.2,0.0,-14273.577692,0.0
2019-01-18,17,0,90,66.06,66.06,0.0,-19164.889072,0.0
2019-01-18,17,0,91,235.65,235.65,0.0,-68365.215103,0.0
2019-01-18,17,0,92,84.75,84.75,0.0,-24587.107914,0.0
2019-01-18,17,0,95,120.0,120.0,0.0,2333.493576,0.0
2019-01-18,17,0,96,29.88,29.88,0.0,-127.862182,0.0
2019-01-18,17,0,97,183.75,183.75,0.0,-786.301071,0.0
2019-01-18,17,0,99,21.2,21.2,0.0,106.52622,0.0
2019-01-18,17,0,101,7.35,7.35,0.0,-30.910703,0.0
2019-01-18,17,0,102,45.19,45.19,0.0,-18583.57025,0.0
2019-01-18,17,0,103,39.3,39.3,0.0,-16161.414269,0.0
2019-01-18,17,0,104,7.33,7.33,0.0,-3014.329939,0.0
2019-01-18,17,0,106,146.01,146.01,0.0,-603.760745,0.0
2019-01-18,17,0,109,60.0,60.0,0.0,114.675661,0.0
2019-01-18,17,0,110,98.27,98.27,0.0,-98270.0,0.0
2019-01-18,17,0,111,12.73,12.73,0.0,-5.130525,0.0
2019-01-18,17,0,113,45.0,45.0,0.0,-11794.327987,0.0
2019-01-18,17,0,115,45.0,45.0,0.0,-11794.327987,0.0
2019-01-18,17,0,116,66.31,66.31,0.0,-66310.0,0.0
2019-01-18,17,0,117,3.0,3.0,0.0,-786.288532,0.0
2019-01-18,17,0,119,112.31,112.31,0.0,12496.256613,0.0
2019-01-18,17,0,120,66.1,66.1,0.0,7354.666211,0.0
2019-01-18,17,0,123,2.43,2.43,0.0,-10.048206,0.0
2019-01-18,17,0,125,75.89,75.89,0.0,-313.810033,0.0
2019-01-18,17,0,126,109.51,109.51,0.0,-452.830896,0.0
2019-01-18,17,0,127,140.53,140.53,0.0,-581.100592,0.0
2019-01-18,17,0,128,109.23,109.23,0.0,-451.673078,0.0
2019-01-18,17,0,131,30.0,30.0,0.0,-11175.735062,0.0
2019-01-18,17,0,132,44.1,44.1,0.0,-16428.330541,0.0
2019-01-18,17,0,133,111.85,111.85,0.0,869.772941,0.0
2019-01-18,17,0,134,0.0,0.0,0.0,0.0,0.0
2019-01-18,17,0,135,146.43,146.43,0.0,1138.675474,0.0
2019-01-18,17,0,136,45.9,45.9,0.0,351.925511,0.0
2019-01-18,17,0,139,44.94,44.94,0.0,-18.112004,0.0
2019-01-18,17,0,140,72.73,72.73,0.0,-72730.0,0.0
2019-01-18,17,0,141,230.0,230.0,0.0,-127918.165542,0.0
2019-01-18,17,0,142,250.46,250.46,0.0,-139297.320616,0.0
2019-01-18,17,0,143,238.5,238.5,0.0,-1003.020766,0.0
2019-01-18,17,0,145,30.0,30.0,0.0,-58.017918,0.0
2019-01-18,17,0,146,268.0,268.0,0.0,-268000.0,0.0
2019-01-18,17,0,152,5.12,5.12,0.0,25.911903,0.0
2019-01-18,17,0,153,6.33,6.33,0.0,31.260045,0.0
2019-01-18,17,0,154,52.51,52.51,0.0,-21.162914,0.0
2019-01-18,17,0,157,250.0,250.0,0.0,-139041.484284,0.0
2019-01-18,17,0,158,181.4,181.4,0.0,-100888.500997,0.0
2019-01-18,17,0,159,0.0,0.0,0.0,0.0,0.0
2019-01-18,17,0,160,1.43,1.43,0.0,7.897598,0.0
2019-01-18,17,0,161,36.2,36.2,0.0,-14886.595332,0.0
2019-01-18,17,0,162,162.5,162.5,0.0,3289.076436,0.0
2019-01-18,17,0,163,185.4,185.4,0.0,-185400.0,0.0
2019-01-18,17,0,164,14.57,14.57,0.0,-61.274686,0.0
2019-01-18,17,0,167,2.98,2.98,0.0,48.885273,0.0
2019-01-18,17,0,168,1.49,1.49,0.0,24.442636,0.0
2019-01-18,17,0,169,0.0,0.0,0.0,0.0,0.0
2019-01-18,17,0,170,3.26,3.26,0.0,53.47852,0.0
2019-01-18,17,0,172,4.09,4.09,0.0,51.880516,0.0
2019-01-18,17,0,173,6.24,6.24,0.0,79.15267,0.0
2019-01-18,17,0,188,5.5,5.5,0.0,121.865021,0.0
2019-01-18,17,0,190,4.9,4.9,0.0,158.89503,0.0
2019-01-18,17,0,191,12.65,12.65,0.0,410.208598,0.0
2019-01-18,17,0,192,332.6,332.6,0.0,10785.405497,0.0
2019-01-18,17,0,194,52.95,52.95,0.0,-6781.467714,0.0
2019-01-18,17,0,196,3.4,3.4,0.0,898.981267,0.0
2019-01-18,17,0,198,6.06,6.06,0.0,44.807997,0.0
2019-01-18,17,0,199,130.0,130.0,0.0,-3587.194472,0.0
2019-01-18,17,0,200,10.86,10.86,0.0,-299.668707,0.0
2019-01-18,17,0,204,257.1,257.1,0.0,412.814378,0.0
2019-01-18,17,0,205,317.4,317.4,0.0,606.634246,0.0
2019-01-18,17,0,206,539.94,539.94,0.0,-2310.505578,0.0
2019-01-18,17,0,210,1.07,1.07,0.0,5.915455,0.0
2019-01-18,17,0,214,6.81,6.81,0.0,78.441075,0.0
2019-01-18,17,0,217,4.63,4.63,0.0,41.297056,0.0
2019-01-18,17,0,218,6.39,6.39,0.0,56.995289,0.0
2019-01-18,17,0,219,4.35,4.35,0.0,38.79961,0.0
2019-01-18,17,0,221,3.63,3.63,0.0,41.812203,0.0
2019-01-18,17,0,225,2.65,2.65,0.0,12.714823,0.0
2019-01-18,17,0,233,4.56,4.56,0.0,46.163018,0.0
2019-01-18,17,0,236,159.03,159.03,0.0,1028.237232,0.0
2019-01-18,17,0,237,257.58,257.58,0.0,1294.293576,0.0
2019-01-18,17,0,238,54.56,54.56,0.0,395.918581,0.0
2019-01-18,17,0,240,7.67,7.67,0.0,29.768419,0.0
2019-01-18,17,0,245,78.0,78.0,0.0,633.062708,0.0
2019-01-18,17,0,247,171.72,171.72,0.0,1393.7119,0.0
2019-01-18,17,0,248,26.21,26.21,0.0,131.700577,0.0
2019-01-18,17,0,249,150.0,150.0,0.0,1217.428284,0.0
2019-01-18,17,0,251,326.4,326.4,0.0,2453.438512,0.0
2019-01-18,17,0,252,267.06,267.06,0.0,2048.999398,0.0
2019-01-18,17,0,254,8.46,8.46,0.0,38.258393,0.0
2019-01-18,17,0,255,3.88,3.88,0.0,17.546402,0.0
2019-01-18,17,0,258,9.47,9.47,0.0,37.222424,0.0
2019-01-18,17,0,260,3.48,3.48,0.0,19.21933,0.0
2019-01-18,17,0,265,54.37,54.37,0.0,-21.912543,0.0
2019-01-18,17,0,266,29.1,29.1,0.0,-11.728067,0.0
2019-01-18,17,0,267,35.76,35.76,0.0,-14.412222,0.0
2019-01-18,17,0,270,578.99,578.99,0.0,-578990.0,0.0
2019-01-18,17,0,272,150.39,150.39,0.0,-39416.644132,0.0
2019-01-18,17,0,273,15.86,15.86,0.0,-15860.0,0.0
2019-01-18,17,0,274,746.39,746.39,0.0,-746390.0,0.0
2019-01-18,17,0,275,1038.99,1038.99,0.0,-1038990.0,0.0
2019-01-18,17,0,276,3.64,3.64,0.0,-3279.280449,0.0
2019-01-18,17,0,277,4.62,4.62,0.0,-1262.778692,0.0
2019-01-18,17,0,278,7.4,7.4,0.0,-2022.632537,0.0
2019-01-18,17,0,279,264.6,264.6,0.0,-72322.779625,0.0
2019-01-18,17,0,281,56.1,56.1,0.0,-235.930671,0.0
2019-01-18,17,0,282,200.07,200.07,0.0,-841.401948,0.0
2019-01-18,18,0,9,0.98,0.98,0.0,-6.503942,0.0
2019-01-18,18,0,17,12.23,12.23,0.0,76.95937,0.0
2019-01-18,18,0,19,332.94,332.94,0.0,2095.081989,0.0
2019-01-18,18,0,20,405.43,405.43,0.0,2551.237732,0.0
2019-01-18,18,0,21,22.51,22.51,0.0,-149.39157,0.0
2019-01-18,18,0,22,79.98,79.98,0.0,-530.801322,0.0
2019-01-18,18,0,23,94.93,94.93,0.0,-630.019624,0.0
2019-01-18,18,0,24,168.46,168.46,0.0,-1118.014388,0.0
2019-01-18,18,0,29,1.12,1.12,0.0,8.060383,0.0
2019-01-18,18,0,30,205.4,205.4,0.0,-1379.477857,0.0
2019-01-18,18,0,31,92.34,92.34,0.0,-620.16059,0.0
2019-01-18,18,0,32,1.16,1.16,0.0,51.547821,0.0
2019-01-18,18,0,33,0.78,0.78,0.0,6.78965,0.0
2019-01-18,18,0,34,1.25,1.25,0.0,10.880849,0.0
2019-01-18,18,0,35,1.25,1.25,0.0,10.880849,0.0
2019-01-18,18,0,36,3.38,3.38,0.0,8.352682,0.0
2019-01-18,18,0,37,1.57,1.57,0.0,3.780253,0.0
2019-01-18,18,0,38,2.02,2.02,0.0,4.863765,0.0
2019-01-18,18,0,39,1.34,1.34,0.0,3.226458,0.0
2019-01-18,18,0,40,1.34,1.34,0.0,3.226458,0.0
2019-01-18,18,0,41,26.05,26.05,0.0,-64.344582,0.0
2019-01-18,18,0,42,22.81,22.81,0.0,131.609881,0.0
2019-01-18,18,0,43,9.72,9.72,0.0,28.744473,0.0
2019-01-18,18,0,46,8.43,8.43,0.0,13.009518,0.0
2019-01-18,18,0,52,97.89,97.89,0.0,-657.4347,0.0
2019-01-18,18,0,53,155.55,155.55,0.0,-1044.682476,0.0
2019-01-18,18,0,55,460.54,460.54,0.0,-3056.454625,0.0
2019-01-18,18,0,56,60.59,60.59,0.0,-406.92582,0.0
2019-01-18,18,0,57,57.63,57.63,0.0,-387.046294,0.0
2019-01-18,18,0,58,110.83,110.83,0.0,-744.340462,0.0
2019-01-18,18,0,59,108.98,108.98,0.0,-731.915759,0.0
2019-01-18,18,0,63,170.0,170.0,0.0,19363.302861,0.0
2019-01-18,18,0,64,200.0,200.0,0.0,22780.356307,0.0
2019-01-18,18,0,65,41.4,41.4,0.0,256.495677,0.0
2019-01-18,18,0,67,101.92,101.92,0.0,-56549.402408,0.0
2019-01-18,18,0,68,10.2,10.2,0.0,-4176.639083,0.0
2019-01-18,18,0,69,0.78,0.78,0.0,6.78965,0.0
2019-01-18,18,0,74,53.05,53.05,0.0,183.662371,0.0
2019-01-18,18,0,77,60.0,60.0,0.0,-17276.266802,0.0
2019-01-18,18,0,78,45.36,45.36,0.0,-13060.857702,0.0
2019-01-18,18,0,79,26.25,26.25,0.0,-7558.366726,0.0
2019-01-18,18,0,80,42.45,42.45,0.0,-12222.958762,0.0
2019-01-18,18,0,81,55.5,55.5,0.0,-15980.546792,0.0
2019-01-18,18,0,82,39.15,39.15,0.0,-11272.764088,0.0
2019-01-18,18,0,83,87.3,87.3,0.0,-25136.968197,0.0
2019-01-18,18,0,84,0.0,0.0,0.0,0.0,0.0
2019-01-18,18,0,86,3.95,3.95,0.0,34.383482,0.0
2019-01-18,18,0,87,20.15,20.15,0.0,175.399283,0.0
2019-01-18,18,0,88,51.18,51.18,0.0,-14736.655582,0.0
2019-01-18,18,0,89,49.2,49.2,0.0,-14166.538778,0.0
2019-01-18,18,0,90,66.06,66.06,0.0,-19021.169749,0.0
2019-01-18,18,0,91,235.65,235.65,0.0,-67852.537865,0.0
2019-01-18,18,0,92,84.75,84.75,0.0,-24402.726858,0.0
2019-01-18,18,0,95,120.0,120.0,0.0,2333.493576,0.0
2019-01-18,18,0,96,29.88,29.88,0.0,-203.154591,0.0
2019-01-18,18,0,97,183.75,183.75,0.0,-1249.319148,0.0
2019-01-18,18,0,99,10.24,10.24,0.0,35.451511,0.0
2019-01-18,18,0,101,4.14,4.14,0.0,-27.804471,0.0
2019-01-18,18,0,102,24.15,24.15,0.0,-9888.807241,0.0
2019-01-18,18,0,103,21.0,21.0,0.0,-8598.962818,0.0
2019-01-18,18,0,104,3.9,3.9,0.0,-1596.950238,0.0
2019-01-18,18,0,106,78.74,78.74,0.0,-522.571844,0.0
2019-01-18,18,0,109,60.0,60.0,0.0,12.176682,0.0
2019-01-18,18,0,110,41.45,41.45,0.0,-41450.0,0.0
2019-01-18,18,0,111,6.85,6.85,0.0,-16.919784,0.0
2019-01-18,18,0,113,45.0,45.0,0.0,-11701.020408,0.0
2019-01-18,18,0,115,45.0,45.0,0.0,-11701.020408,0.0
2019-01-18,18,0,116,32.91,32.91,0.0,-32910.0,0.0
2019-01-18,18,0,117,3.0,3.0,0.0,-780.068027,0.0
2019-01-18,18,0,119,200.0,200.0,0.0,22780.356307,0.0
2019-01-18,18,0,120,117.6,117.6,0.0,13394.849509,0.0
2019-01-18,18,0,123,1.31,1.31,0.0,-8.694045,0.0
2019-01-18,18,0,125,152.35,152.35,0.0,-1011.097542,0.0
2019-01-18,18,0,126,59.05,59.05,0.0,-391.8957,0.0
2019-01-18,18,0,127,75.79,75.79,0.0,-502.993651,0.0
2019-01-18,18,0,128,218.77,218.77,0.0,-1451.905542,0.0
2019-01-18,18,0,131,30.0,30.0,0.0,-11119.543909,0.0
2019-01-18,18,0,132,44.1,44.1,0.0,-16345.729546,0.0
2019-01-18,18,0,133,139.8,139.8,0.0,880.994693,0.0
2019-01-18,18,0,134,0.0,0.0,0.0,0.0,0.0
2019-01-18,18,0,135,187.33,187.33,0.0,1180.520285,0.0
2019-01-18,18,0,136,45.9,45.9,0.0,284.130908,0.0
2019-01-18,18,0,139,33.64,33.64,0.0,-83.092197,0.0
2019-01-18,18,0,140,30.68,30.68,0.0,-30680.0,0.0
2019-01-18,18,0,141,230.0,230.0,0.0,-127613.447349,0.0
2019-01-18,18,0,142,134.41,134.41,0.0,-74576.188948,0.0
2019-01-18,18,0,143,176.17,176.17,0.0,-1183.167546,0.0
2019-01-18,18,0,145,30.0,30.0,0.0,-124.416954,0.0
2019-01-18,18,0,146,268.0,268.0,0.0,-268000.0,0.0
2019-01-18,18,0,152,2.61,2.61,0.0,9.229844,0.0
2019-01-18,18,0,153,3.22,3.22,0.0,10.986124,0.0
2019-01-18,18,0,154,28.24,28.24,0.0,-69.753972,0.0
2019-01-18,18,0,157,250.0,250.0,0.0,-138710.268857,0.0
2019-01-18,18,0,158,97.8,97.8,0.0,-54263.457177,0.0
2019-01-18,18,0,159,0.0,0.0,0.0,0.0,0.0
2019-01-18,18,0,160,0.69,0.69,0.0,3.253142,0.0
2019-01-18,18,0,161,18.93,18.93,0.0,-7751.350769,0.0
2019-01-18,18,0,162,162.5,162.5,0.0,3289.337726,0.0
2019-01-18,18,0,163,185.4,185.4,0.0,-185400.0,0.0
2019-01-18,18,0,164,8.56,8.56,0.0,-57.489437,0.0
2019-01-18,18,0,167,1.25,1.25,0.0,20.356166,0.0
2019-01-18,18,0,168,0.63,0.63,0.0,10.259508,0.0
2019-01-18,18,0,169,0.0,0.0,0.0,0.0,0.0
2019-01-18,18,0,170,1.37,1.37,0.0,22.310358,0.0
2019-01-18,18,0,172,1.75,1.75,0.0,25.435394,0.0
2019-01-18,18,0,173,2.67,2.67,0.0,38.807143,0.0
2019-01-18,18,0,188,2.4,2.4,0.0,58.783841,0.0
2019-01-18,18,0,190,2.3,2.3,0.0,74.583381,0.0
2019-01-18,18,0,191,5.94,5.94,0.0,192.619689,0.0
2019-01-18,18,0,192,310.52,310.52,0.0,10069.405036,0.0
2019-01-18,18,0,194,98.98,98.98,0.0,-12448.987361,0.0
2019-01-18,18,0,196,1.65,1.65,0.0,441.450589,0.0
2019-01-18,18,0,198,2.82,2.82,0.0,21.132612,0.0
2019-01-18,18,0,199,130.0,130.0,0.0,-3255.878052,0.0
2019-01-18,18,0,200,4.92,4.92,0.0,-123.222462,0.0
2019-01-18,18,0,204,257.1,257.1,0.0,-32.016003,0.0
2019-01-18,18,0,205,317.4,317.4,0.0,64.414649,0.0
2019-01-18,18,0,206,539.94,539.94,0.0,-3671.060576,0.0
2019-01-18,18,0,210,0.45,0.45,0.0,3.503144,0.0
2019-01-18,18,0,214,3.11,3.11,0.0,31.510373,0.0
2019-01-18,18,0,217,2.05,2.05,0.0,18.710763,0.0
2019-01-18,18,0,218,2.83,2.83,0.0,25.829981,0.0
2019-01-18,18,0,219,1.92,1.92,0.0,17.524227,0.0
2019-01-18,18,0,221,1.66,1.66,0.0,16.819042,0.0
2019-01-18,18,0,225,1.15,1.15,0.0,8.210984,0.0
2019-01-18,18,0,233,2.23,2.23,0.0,19.411434,0.0
2019-01-18,18,0,236,159.03,159.03,0.0,789.386672,0.0
2019-01-18,18,0,237,127.27,127.27,0.0,440.616586,0.0
2019-01-18,18,0,238,29.69,29.69,0.0,171.30633,0.0
2019-01-18,18,0,240,3.83,3.83,0.0,9.464726,0.0
2019-01-18,18,0,245,78.0,78.0,0.0,518.686206,0.0
2019-01-18,18,0,247,171.72,171.72,0.0,1141.907631,0.0
2019-01-18,18,0,248,12.78,12.78,0.0,44.245148,0.0
2019-01-18,18,0,249,150.0,150.0,0.0,997.473472,0.0
2019-01-18,18,0,251,326.4,326.4,0.0,1970.178797,0.0
2019-01-18,18,0,252,267.06,267.06,0.0,1654.582984,0.0
2019-01-18,18,0,254,4.09,4.09,0.0,13.898868,0.0
2019-01-18,18,0,255,1.87,1.87,0.0,6.354739,0.0
2019-01-18,18,0,258,4.71,4.71,0.0,12.009123,0.0
2019-01-18,18,0,260,1.68,1.68,0.0,7.920693,0.0
2019-01-18,18,0,265,29.24,29.24,0.0,-72.224014,0.0
2019-01-18,18,0,266,21.78,21.78,0.0,-53.797504,0.0
2019-01-18,18,0,267,26.77,26.77,0.0,-66.123011,0.0
2019-01-18,18,0,270,579.0,579.0,0.0,-579000.0,0.0
2019-01-18,18,0,272,150.39,150.39,0.0,-39104.810203,0.0
2019-01-18,18,0,273,7.87,7.87,0.0,-7870.0,0.0
2019-01-18,18,0,274,746.4,746.4,0.0,-746400.0,0.0
2019-01-18,18,0,275,1039.0,1039.0,0.0,-1039000.0,0.0
2019-01-18,18,0,276,1.83,1.83,0.0,-1648.107898,0.0
2019-01-18,18,0,277,2.35,2.35,0.0,-637.353585,0.0
2019-01-18,18,0,278,3.75,3.75,0.0,-1017.053593,0.0
2019-01-18,18,0,279,264.6,264.6,0.0,-71763.301539,0.0
2019-01-18,18,0,281,41.41,41.41,0.0,-278.11187,0.0
2019-01-18,18,0,282,112.68,112.68,0.0,-756.765165,0.0
2019-01-18,19,0,9,0.0,0.0,0.0,0.0,0.0
2019-01-18,19,0,17,0.0,0.0,0.0,0.0,0.0
2019-01-18,19,0,19,615.51,615.51,0.0,509.706203,0.0
2019-01-18,19,0,20,748.14,748.14,0.0,619.537618,0.0
2019-01-18,19,0,21,0.05,0.05,0.0,0.61908,0.0
2019-01-18,19,0,22,0.18,0.18,0.0,2.228686,0.0
2019-01-18,19,0,23,108.8,108.8,0.0,1347.117154,0.0
2019-01-18,19,0,24,192.5,192.5,0.0,2383.456361,0.0
2019-01-18,19,0,29,0.0,0.0,0.0,0.0,0.0
2019-01-18,19,0,30,6.71,6.71,0.0,83.250064,0.0
2019-01-18,19,0,31,37.5,37.5,0.0,465.257435,0.0
2019-01-18,19,0,32,0.0,0.0,0.0,0.0,0.0
2019-01-18,19,0,33,0.0,0.0,0.0,0.0,0.0
2019-01-18,19,0,34,0.0,0.0,0.0,0.0,0.0
2019-01-18,19,0,35,0.0,0.0,0.0,0.0,0.0
2019-01-18,19,0,36,0.0,0.0,0.0,0.0,0.0
2019-01-18,19,0,37,0.0,0.0,0.0,0.0,0.0
2019-01-18,19,0,38,0.0,0.0,0.0,0.0,0.0
2019-01-18,19,0,39,0.0,0.0,0.0,0.0,0.0
2019-01-18,19,0,40,0.0,0.0,0.0,0.0,0.0
2019-01-18,19,0,41,17.9,17.9,0.0,198.036809,0.0
2019-01-18,19,0,42,0.36,0.36,0.0,2.381241,0.0
2019-01-18,19,0,43,0.0,0.0,0.0,0.0,0.0
2019-01-18,19,0,46,0.0,0.0,0.0,0.0,0.0
2019-01-18,19,0,52,39.75,39.75,0.0,493.172882,0.0
2019-01-18,19,0,53,63.15,63.15,0.0,783.493521,0.0
2019-01-18,19,0,55,186.9,186.9,0.0,2314.119448,0.0
2019-01-18,19,0,56,1.98,1.98,0.0,24.565593,0.0
2019-01-18,19,0,57,1.88,1.88,0.0,23.324906,0.0
2019-01-18,19,0,58,3.62,3.62,0.0,44.912851,0.0
2019-01-18,19,0,59,3.56,3.56,0.0,44.168439,0.0
2019-01-18,19,0,63,170.0,170.0,0.0,18831.909913,0.0
2019-01-18,19,0,64,200.0,200.0,0.0,22155.188133,0.0
2019-01-18,19,0,65,41.4,41.4,0.0,190.599154,0.0
2019-01-18,19,0,67,0.0,0.0,0.0,-0.0,0.0
2019-01-18,19,0,68,12.55,12.55,0.0,-5206.148463,0.0
2019-01-18,19,0,69,0.0,0.0,0.0,0.0,0.0
2019-01-18,19,0,74,35.54,35.54,0.0,327.483203,0.0
2019-01-18,19,0,77,60.0,60.0,0.0,-17704.124315,0.0
2019-01-18,19,0,78,45.36,45.36,0.0,-13384.317982,0.0
2019-01-18,19,0,79,26.25,26.25,0.0,-7745.554388,0.0
2019-01-18,19,0,80,42.45,42.45,0.0,-12525.667953,0.0
2019-01-18,19,0,81,55.5,55.5,0.0,-16376.314991,0.0
2019-01-18,19,0,82,39.15,39.15,0.0,-11551.941115,0.0
2019-01-18,19,0,83,87.3,87.3,0.0,-25759.500878,0.0
2019-01-18,19,0,84,0.0,0.0,0.0,0.0,0.0
2019-01-18,19,0,86,0.0,0.0,0.0,0.0,0.0
2019-01-18,19,0,87,0.0,0.0,0.0,0.0,0.0
2019-01-18,19,0,88,51.18,51.18,0.0,-15101.618041,0.0
2019-01-18,19,0,89,49.2,49.2,0.0,-14517.381938,0.0
2019-01-18,19,0,90,66.06,66.06,0.0,-19492.240871,0.0
2019-01-18,19,0,91,235.65,235.65,0.0,-69532.948247,0.0
2019-01-18,19,0,92,84.75,84.75,0.0,-25007.075595,0.0
2019-01-18,19,0,95,120.0,120.0,0.0,2333.493576,0.0
2019-01-18,19,0,96,29.49,29.49,0.0,366.657374,0.0
2019-01-18,19,0,97,181.32,181.32,0.0,2254.402003,0.0
2019-01-18,19,0,99,6.86,6.86,0.0,63.211445,0.0
2019-01-18,19,0,101,0.14,0.14,0.0,1.736961,0.0
2019-01-18,19,0,102,35.91,35.91,0.0,-14896.636758,0.0
2019-01-18,19,0,103,30.13,30.13,0.0,-12498.904638,0.0
2019-01-18,19,0,104,4.3,4.3,0.0,-1783.779952,0.0
2019-01-18,19,0,106,0.18,0.18,0.0,2.228686,0.0
2019-01-18,19,0,109,60.0,60.0,0.0,611.840509,0.0
2019-01-18,19,0,110,103.27,103.27,0.0,-103270.0,0.0
2019-01-18,19,0,111,0.03,0.03,0.0,0.331905,0.0
2019-01-18,19,0,113,43.53,43.53,0.0,-11544.428921,0.0
2019-01-18,19,0,115,43.53,43.53,0.0,-11544.428921,0.0
2019-01-18,19,0,116,0.0,0.0,0.0,-0.0,0.0
2019-01-18,19,0,117,2.9,2.9,0.0,-769.098182,0.0
2019-01-18,19,0,119,200.0,200.0,0.0,22155.188133,0.0
2019-01-18,19,0,120,117.6,117.6,0.0,13027.250622,0.0
2019-01-18,19,0,123,0.0,0.0,0.0,0.0,0.0
2019-01-18,19,0,125,174.2,174.2,0.0,2156.873237,0.0
2019-01-18,19,0,126,0.13,0.13,0.0,1.609607,0.0
2019-01-18,19,0,127,0.17,0.17,0.0,2.104871,0.0
2019-01-18,19,0,128,249.5,249.5,0.0,3089.207075,0.0
2019-01-18,19,0,131,30.0,30.0,0.0,-11290.855507,0.0
2019-01-18,19,0,132,44.1,44.1,0.0,-16597.557595,0.0
2019-01-18,19,0,133,135.62,135.62,0.0,1207.294843,0.0
2019-01-18,19,0,134,0.0,0.0,0.0,0.0,0.0
2019-01-18,19,0,135,183.78,183.78,0.0,1636.017153,0.0
2019-01-18,19,0,136,45.9,45.9,0.0,220.83063,0.0
2019-01-18,19,0,139,23.12,23.12,0.0,255.788325,0.0
2019-01-18,19,0,140,76.43,76.43,0.0,-76430.0,0.0
2019-01-18,19,0,141,230.0,230.0,0.0,-128542.45054,0.0
2019-01-18,19,0,142,0.0,0.0,0.0,-0.0,0.0
2019-01-18,19,0,143,71.55,71.55,0.0,887.711187,0.0
2019-01-18,19,0,145,26.73,26.73,0.0,309.711518,0.0
2019-01-18,19,0,146,268.0,268.0,0.0,-268000.0,0.0
2019-01-18,19,0,152,0.0,0.0,0.0,0.0,0.0
2019-01-18,19,0,153,0.0,0.0,0.0,0.0,0.0
2019-01-18,19,0,154,0.13,0.13,0.0,1.438256,0.0
2019-01-18,19,0,157,206.9,206.9,0.0,-115632.317464,0.0
2019-01-18,19,0,158,0.0,0.0,0.0,-0.0,0.0
2019-01-18,19,0,159,0.0,0.0,0.0,0.0,0.0
2019-01-18,19,0,160,0.0,0.0,0.0,0.0,0.0
2019-01-18,19,0,161,0.0,0.0,0.0,-0.0,0.0
2019-01-18,19,0,162,162.5,162.5,0.0,3286.047021,0.0
2019-01-18,19,0,163,185.4,185.4,0.0,-185400.0,0.0
2019-01-18,19,0,164,0.57,0.57,0.0,7.071913,0.0
2019-01-18,19,0,167,0.0,0.0,0.0,0.0,0.0
2019-01-18,19,0,168,0.0,0.0,0.0,0.0,0.0
2019-01-18,19,0,169,0.0,0.0,0.0,0.0,0.0
2019-01-18,19,0,170,0.0,0.0,0.0,0.0,0.0
2019-01-18,19,0,172,0.0,0.0,0.0,0.0,0.0
2019-01-18,19,0,173,0.0,0.0,0.0,0.0,0.0
2019-01-18,19,0,188,0.0,0.0,0.0,0.0,0.0
2019-01-18,19,0,190,0.0,0.0,0.0,0.0,0.0
2019-01-18,19,0,191,0.0,0.0,0.0,0.0,0.0
2019-01-18,19,0,192,172.97,172.97,0.0,5608.994555,0.0
2019-01-18,19,0,194,176.5,176.5,0.0,-22966.397916,0.0
2019-01-18,19,0,196,0.0,0.0,0.0,0.0,0.0
2019-01-18,19,0,198,0.0,0.0,0.0,0.0,0.0
2019-01-18,19,0,199,130.0,130.0,0.0,-4378.821526,0.0
2019-01-18,19,0,200,0.0,0.0,0.0,-0.0,0.0
2019-01-18,19,0,204,257.1,257.1,0.0,2647.515336,0.0
2019-01-18,19,0,205,317.4,317.4,0.0,3236.636294,0.0
2019-01-18,19,0,206,532.8,532.8,0.0,6624.450624,0.0
2019-01-18,19,0,210,0.0,0.0,0.0,0.0,0.0
2019-01-18,19,0,214,0.0,0.0,0.0,0.0,0.0
2019-01-18,19,0,217,0.0,0.0,0.0,0.0,0.0
2019-01-18,19,0,218,0.0,0.0,0.0,0.0,0.0
2019-01-18,19,0,219,0.0,0.0,0.0,0.0,0.0
2019-01-18,19,0,221,0.0,0.0,0.0,0.0,0.0
2019-01-18,19,0,225,0.0,0.0,0.0,0.0,0.0
2019-01-18,19,0,233,0.0,0.0,0.0,0.0,0.0
2019-01-18,19,0,236,159.03,159.03,0.0,1394.953,0.0
2019-01-18,19,0,237,85.25,85.25,0.0,785.53582,0.0
2019-01-18,19,0,238,0.46,0.46,0.0,3.042697,0.0
2019-01-18,19,0,240,0.0,0.0,0.0,0.0,0.0
2019-01-18,19,0,245,78.0,78.0,0.0,587.925304,0.0
2019-01-18,19,0,247,171.72,171.72,0.0,1294.340169,0.0
2019-01-18,19,0,248,8.56,8.56,0.0,78.876089,0.0
2019-01-18,19,0,249,150.0,150.0,0.0,1130.625584,0.0
2019-01-18,19,0,251,326.4,326.4,0.0,1910.753874,0.0
2019-01-18,19,0,252,267.06,267.06,0.0,1229.502657,0.0
2019-01-18,19,0,254,0.0,0.0,0.0,0.0,0.0
2019-01-18,19,0,255,0.0,0.0,0.0,0.0,0.0
2019-01-18,19,0,258,0.0,0.0,0.0,0.0,0.0
2019-01-18,19,0,260,0.0,0.0,0.0,0.0,0.0
2019-01-18,19,0,265,0.13,0.13,0.0,1.438256,0.0
2019-01-18,19,0,266,14.97,14.97,0.0,165.620728,0.0
2019-01-18,19,0,267,18.4,18.4,0.0,203.568563,0.0
2019-01-18,19,0,270,579.0,579.0,0.0,-579000.0,0.0
2019-01-18,19,0,272,145.47,145.47,0.0,-38579.556058,0.0
2019-01-18,19,0,273,0.0,0.0,0.0,-0.0,0.0
2019-01-18,19,0,274,746.4,746.4,0.0,-746400.0,0.0
2019-01-18,19,0,275,1039.0,1039.0,0.0,-1039000.0,0.0
2019-01-18,19,0,276,0.0,0.0,0.0,-0.0,0.0
2019-01-18,19,0,277,0.0,0.0,0.0,-0.0,0.0
2019-01-18,19,0,278,0.0,0.0,0.0,-0.0,0.0
2019-01-18,19,0,279,264.6,264.6,0.0,-73341.461636,0.0
2019-01-18,19,0,281,16.83,16.83,0.0,208.807537,0.0
2019-01-18,19,0,282,3.68,3.68,0.0,45.657263,0.0
2019-01-18,20,0,9,0.0,0.0,0.0,0.0,0.0
2019-01-18,20,0,17,0.0,0.0,0.0,0.0,0.0
2019-01-18,20,0,19,643.3,643.3,0.0,665.067,0.0
2019-01-18,20,0,20,780.2,780.2,0.0,806.599213,0.0
2019-01-18,20,0,21,0.0,0.0,0.0,0.0,0.0
2019-01-18,20,0,22,0.0,0.0,0.0,0.0,0.0
2019-01-18,20,0,23,108.8,108.8,0.0,1346.195775,0.0
2019-01-18,20,0,24,192.5,192.5,0.0,2381.826165,0.0
2019-01-18,20,0,29,0.0,0.0,0.0,0.0,0.0
2019-01-18,20,0,30,0.0,0.0,0.0,0.0,0.0
2019-01-18,20,0,31,37.5,37.5,0.0,465.257435,0.0
2019-01-18,20,0,32,0.0,0.0,0.0,0.0,0.0
2019-01-18,20,0,33,0.0,0.0,0.0,0.0,0.0
2019-01-18,20,0,34,0.0,0.0,0.0,0.0,0.0
2019-01-18,20,0,35,0.0,0.0,0.0,0.0,0.0
2019-01-18,20,0,36,0.0,0.0,0.0,0.0,0.0
2019-01-18,20,0,37,0.0,0.0,0.0,0.0,0.0
2019-01-18,20,0,38,0.0,0.0,0.0,0.0,0.0
2019-01-18,20,0,39,0.0,0.0,0.0,0.0,0.0
2019-01-18,20,0,40,0.0,0.0,0.0,0.0,0.0
2019-01-18,20,0,41,32.05,32.05,0.0,340.187739,0.0
2019-01-18,20,0,42,0.0,0.0,0.0,0.0,0.0
2019-01-18,20,0,43,0.0,0.0,0.0,0.0,0.0
2019-01-18,20,0,46,0.0,0.0,0.0,0.0,0.0
2019-01-18,20,0,52,39.75,39.75,0.0,493.172882,0.0
2019-01-18,20,0,53,63.15,63.15,0.0,783.493521,0.0
2019-01-18,20,0,55,186.9,186.9,0.0,2312.536677,0.0
2019-01-18,20,0,56,0.0,0.0,0.0,0.0,0.0
2019-01-18,20,0,57,0.0,0.0,0.0,0.0,0.0
2019-01-18,20,0,58,0.0,0.0,0.0,0.0,0.0
2019-01-18,20,0,59,0.0,0.0,0.0,0.0,0.0
2019-01-18,20,0,63,154.89,154.89,0.0,16489.852942,0.0
2019-01-18,20,0,64,182.23,182.23,0.0,19400.515861,0.0
2019-01-18,20,0,65,41.4,41.4,0.0,167.7408,0.0
2019-01-18,20,0,67,0.0,0.0,0.0,-0.0,0.0
2019-01-18,20,0,68,10.2,10.2,0.0,-4257.880163,0.0
2019-01-18,20,0,69,0.0,0.0,0.0,0.0,0.0
2019-01-18,20,0,74,28.47,28.47,0.0,232.06556,0.0
2019-01-18,20,0,77,84.7,84.7,0.0,-25262.985583,0.0
2019-01-18,20,0,78,64.3,64.3,0.0,-19178.394014,0.0
2019-01-18,20,0,79,37.43,37.43,0.0,-11164.032472,0.0
2019-01-18,20,0,80,60.23,60.23,0.0,-17964.458343,0.0
2019-01-18,20,0,81,78.45,78.45,0.0,-23398.833754,0.0
2019-01-18,20,0,82,55.6,55.6,0.0,-16583.494668,0.0
2019-01-18,20,0,83,122.29,122.29,0.0,-36474.740341,0.0
2019-01-18,20,0,84,0.0,0.0,0.0,0.0,0.0
2019-01-18,20,0,86,0.0,0.0,0.0,0.0,0.0
2019-01-18,20,0,87,0.0,0.0,0.0,0.0,0.0
2019-01-18,20,0,88,95.98,95.98,0.0,-28627.406803,0.0
2019-01-18,20,0,89,92.28,92.28,0.0,-27523.828921,0.0
2019-01-18,20,0,90,123.8,123.8,0.0,-36925.119423,0.0
2019-01-18,20,0,91,440.78,440.78,0.0,-131468.93489,0.0
2019-01-18,20,0,92,158.74,158.74,0.0,-47346.473806,0.0
2019-01-18,20,0,95,120.0,120.0,0.0,2333.493576,0.0
2019-01-18,20,0,96,24.56,24.56,0.0,305.57868,0.0
2019-01-18,20,0,97,177.33,177.33,0.0,2206.362676,0.0
2019-01-18,20,0,99,5.49,5.49,0.0,44.750261,0.0
2019-01-18,20,0,101,0.0,0.0,0.0,0.0,0.0
2019-01-18,20,0,102,24.15,24.15,0.0,-10081.157445,0.0
2019-01-18,20,0,103,21.0,21.0,0.0,-8766.223866,0.0
2019-01-18,20,0,104,3.9,3.9,0.0,-1628.013004,0.0
2019-01-18,20,0,106,0.0,0.0,0.0,0.0,0.0
2019-01-18,20,0,109,60.0,60.0,0.0,567.373882,0.0
2019-01-18,20,0,110,338.6,338.6,0.0,-338600.0,0.0
2019-01-18,20,0,111,0.0,0.0,0.0,0.0,0.0
2019-01-18,20,0,113,36.19,36.19,0.0,-9711.695179,0.0
2019-01-18,20,0,115,36.19,36.19,0.0,-9711.695179,0.0
2019-01-18,20,0,116,0.0,0.0,0.0,-0.0,0.0
2019-01-18,20,0,117,2.41,2.41,0.0,-646.730737,0.0
2019-01-18,20,0,119,182.23,182.23,0.0,19400.515861,0.0
2019-01-18,20,0,120,107.15,107.15,0.0,11407.371313,0.0
2019-01-18,20,0,123,0.0,0.0,0.0,0.0,0.0
2019-01-18,20,0,125,174.2,174.2,0.0,2155.398015,0.0
2019-01-18,20,0,126,0.0,0.0,0.0,0.0,0.0
2019-01-18,20,0,127,0.0,0.0,0.0,0.0,0.0
2019-01-18,20,0,128,249.5,249.5,0.0,3087.094172,0.0
2019-01-18,20,0,131,30.0,30.0,0.0,-11374.197194,0.0
2019-01-18,20,0,132,44.1,44.1,0.0,-16720.069875,0.0
2019-01-18,20,0,133,103.8,103.8,0.0,773.634758,0.0
2019-01-18,20,0,134,0.0,0.0,0.0,0.0,0.0
2019-01-18,20,0,135,138.32,138.32,0.0,1030.916761,0.0
2019-01-18,20,0,136,45.9,45.9,0.0,193.577986,0.0
2019-01-18,20,0,139,42.89,42.89,0.0,455.246557,0.0
2019-01-18,20,0,140,250.6,250.6,0.0,-250600.0,0.0
2019-01-18,20,0,141,230.0,230.0,0.0,-128994.402972,0.0
2019-01-18,20,0,142,0.0,0.0,0.0,-0.0,0.0
2019-01-18,20,0,143,71.55,71.55,0.0,887.711187,0.0
2019-01-18,20,0,145,23.37,23.37,0.0,264.351793,0.0
2019-01-18,20,0,146,268.0,268.0,0.0,-268000.0,0.0
2019-01-18,20,0,152,0.0,0.0,0.0,0.0,0.0
2019-01-18,20,0,153,0.0,0.0,0.0,0.0,0.0
2019-01-18,20,0,154,0.0,0.0,0.0,0.0,0.0
2019-01-18,20,0,157,250.0,250.0,0.0,-140211.307579,0.0
2019-01-18,20,0,158,0.0,0.0,0.0,-0.0,0.0
2019-01-18,20,0,159,0.0,0.0,0.0,0.0,0.0
2019-01-18,20,0,160,0.0,0.0,0.0,0.0,0.0
2019-01-18,20,0,161,0.0,0.0,0.0,-0.0,0.0
2019-01-18,20,0,162,162.5,162.5,0.0,3286.003114,0.0
2019-01-18,20,0,163,185.4,185.4,0.0,-185400.0,0.0
2019-01-18,20,0,164,0.0,0.0,0.0,0.0,0.0
2019-01-18,20,0,167,0.0,0.0,0.0,0.0,0.0
2019-01-18,20,0,168,0.0,0.0,0.0,0.0,0.0
2019-01-18,20,0,169,0.0,0.0,0.0,0.0,0.0
2019-01-18,20,0,170,0.0,0.0,0.0,0.0,0.0
2019-01-18,20,0,172,0.0,0.0,0.0,0.0,0.0
2019-01-18,20,0,173,0.0,0.0,0.0,0.0,0.0
2019-01-18,20,0,188,0.0,0.0,0.0,0.0,0.0
2019-01-18,20,0,190,0.0,0.0,0.0,0.0,0.0
2019-01-18,20,0,191,0.0,0.0,0.0,0.0,0.0
2019-01-18,20,0,192,120.18,120.18,0.0,3897.143814,0.0
2019-01-18,20,0,194,176.5,176.5,0.0,-23598.059375,0.0
2019-01-18,20,0,196,0.0,0.0,0.0,0.0,0.0
2019-01-18,20,0,198,0.0,0.0,0.0,0.0,0.0
2019-01-18,20,0,199,130.0,130.0,0.0,-4754.066166,0.0
2019-01-18,20,0,200,0.0,0.0,0.0,-0.0,0.0
2019-01-18,20,0,204,465.33,465.33,0.0,4462.406933,0.0
2019-01-18,20,0,205,317.4,317.4,0.0,3001.407836,0.0
2019-01-18,20,0,206,671.73,671.73,0.0,8357.751089,0.0
2019-01-18,20,0,210,0.0,0.0,0.0,0.0,0.0
2019-01-18,20,0,214,0.0,0.0,0.0,0.0,0.0
2019-01-18,20,0,217,0.0,0.0,0.0,0.0,0.0
2019-01-18,20,0,218,0.0,0.0,0.0,0.0,0.0
2019-01-18,20,0,219,0.0,0.0,0.0,0.0,0.0
2019-01-18,20,0,221,0.0,0.0,0.0,0.0,0.0
2019-01-18,20,0,225,0.0,0.0,0.0,0.0,0.0
2019-01-18,20,0,233,0.0,0.0,0.0,0.0,0.0
2019-01-18,20,0,236,152.0,152.0,0.0,1148.956306,0.0
2019-01-18,20,0,237,68.29,68.29,0.0,556.647597,0.0
2019-01-18,20,0,238,0.0,0.0,0.0,0.0,0.0
2019-01-18,20,0,240,0.0,0.0,0.0,0.0,0.0
2019-01-18,20,0,245,145.89,145.89,0.0,921.055304,0.0
2019-01-18,20,0,247,171.72,171.72,0.0,1084.129254,0.0
2019-01-18,20,0,248,6.86,6.86,0.0,55.917448,0.0
2019-01-18,20,0,249,280.44,280.44,0.0,1770.517167,0.0
2019-01-18,20,0,251,326.4,326.4,0.0,1655.155384,0.0
2019-01-18,20,0,252,267.06,267.06,0.0,1082.049709,0.0
2019-01-18,20,0,254,0.0,0.0,0.0,0.0,0.0
2019-01-18,20,0,255,0.0,0.0,0.0,0.0,0.0
2019-01-18,20,0,258,0.0,0.0,0.0,0.0,0.0
2019-01-18,20,0,260,0.0,0.0,0.0,0.0,0.0
2019-01-18,20,0,265,0.0,0.0,0.0,0.0,0.0
2019-01-18,20,0,266,26.14,26.14,0.0,277.457332,0.0
2019-01-18,20,0,267,33.06,33.06,0.0,350.908164,0.0
2019-01-18,20,0,270,579.0,579.0,0.0,-579000.0,0.0
2019-01-18,20,0,272,120.95,120.95,0.0,-32457.295714,0.0
2019-01-18,20,0,273,0.0,0.0,0.0,-0.0,0.0
2019-01-18,20,0,274,746.4,746.4,0.0,-746400.0,0.0
2019-01-18,20,0,275,1039.0,1039.0,0.0,-1039000.0,0.0
2019-01-18,20,0,276,0.0,0.0,0.0,-0.0,0.0
2019-01-18,20,0,277,0.0,0.0,0.0,-0.0,0.0
2019-01-18,20,0,278,0.0,0.0,0.0,-0.0,0.0
2019-01-18,20,0,279,651.99,651.99,0.0,-182782.0855,0.0
2019-01-18,20,0,281,16.83,16.83,0.0,208.807537,0.0
2019-01-18,20,0,282,0.0,0.0,0.0,0.0,0.0
2019-01-18,21,0,9,0.0,0.0,0.0,0.0,0.0
2019-01-18,21,0,17,0.0,0.0,0.0,0.0,0.0
2019-01-18,21,0,19,643.3,643.3,0.0,585.831161,0.0
2019-01-18,21,0,20,780.2,780.2,0.0,710.501277,0.0
2019-01-18,21,0,21,0.0,0.0,0.0,0.0,0.0
2019-01-18,21,0,22,0.0,0.0,0.0,0.0,0.0
2019-01-18,21,0,23,108.8,108.8,0.0,1459.646835,0.0
2019-01-18,21,0,24,192.5,192.5,0.0,2582.555291,0.0
2019-01-18,21,0,29,0.0,0.0,0.0,0.0,0.0
2019-01-18,21,0,30,0.0,0.0,0.0,0.0,0.0
2019-01-18,21,0,31,37.5,37.5,0.0,504.597469,0.0
2019-01-18,21,0,32,0.0,0.0,0.0,0.0,0.0
2019-01-18,21,0,33,0.0,0.0,0.0,0.0,0.0
2019-01-18,21,0,34,0.0,0.0,0.0,0.0,0.0
2019-01-18,21,0,35,0.0,0.0,0.0,0.0,0.0
2019-01-18,21,0,36,0.0,0.0,0.0,0.0,0.0
2019-01-18,21,0,37,0.0,0.0,0.0,0.0,0.0
2019-01-18,21,0,38,0.0,0.0,0.0,0.0,0.0
2019-01-18,21,0,39,0.0,0.0,0.0,0.0,0.0
2019-01-18,21,0,40,0.0,0.0,0.0,0.0,0.0
2019-01-18,21,0,41,61.0,61.0,0.0,690.999702,0.0
2019-01-18,21,0,42,0.0,0.0,0.0,0.0,0.0
2019-01-18,21,0,43,0.0,0.0,0.0,0.0,0.0
2019-01-18,21,0,46,0.0,0.0,0.0,0.0,0.0
2019-01-18,21,0,52,39.75,39.75,0.0,534.873317,0.0
2019-01-18,21,0,53,63.15,63.15,0.0,849.742138,0.0
2019-01-18,21,0,55,186.9,186.9,0.0,2507.42641,0.0
2019-01-18,21,0,56,0.0,0.0,0.0,0.0,0.0
2019-01-18,21,0,57,0.0,0.0,0.0,0.0,0.0
2019-01-18,21,0,58,0.0,0.0,0.0,0.0,0.0
2019-01-18,21,0,59,0.0,0.0,0.0,0.0,0.0
2019-01-18,21,0,63,125.48,125.48,0.0,11980.088759,0.0
2019-01-18,21,0,64,147.62,147.62,0.0,14093.885102,0.0
2019-01-18,21,0,65,41.4,41.4,0.0,166.408356,0.0
2019-01-18,21,0,67,0.0,0.0,0.0,-0.0,0.0
2019-01-18,21,0,68,10.2,10.2,0.0,-4317.756605,0.0
2019-01-18,21,0,69,0.0,0.0,0.0,0.0,0.0
2019-01-18,21,0,74,22.37,22.37,0.0,188.016558,0.0
2019-01-18,21,0,77,172.48,172.48,0.0,-52671.661853,0.0
2019-01-18,21,0,78,130.65,130.65,0.0,-39897.684491,0.0
2019-01-18,21,0,79,75.79,75.79,0.0,-23144.626924,0.0
2019-01-18,21,0,80,122.31,122.31,0.0,-37350.828857,0.0
2019-01-18,21,0,81,159.64,159.64,0.0,-48750.603538,0.0
2019-01-18,21,0,82,112.85,112.85,0.0,-34461.949444,0.0
2019-01-18,21,0,83,250.05,250.05,0.0,-76359.862281,0.0
2019-01-18,21,0,84,0.0,0.0,0.0,0.0,0.0
2019-01-18,21,0,86,0.0,0.0,0.0,0.0,0.0
2019-01-18,21,0,87,0.0,0.0,0.0,0.0,0.0
2019-01-18,21,0,88,170.6,170.6,0.0,-52097.550511,0.0
2019-01-18,21,0,89,164.0,164.0,0.0,-50082.053246,0.0
2019-01-18,21,0,90,220.2,220.2,0.0,-67244.317834,0.0
2019-01-18,21,0,91,785.5,785.5,0.0,-239874.712345,0.0
2019-01-18,21,0,92,282.5,282.5,0.0,-86269.3905,0.0
2019-01-18,21,0,95,120.0,120.0,0.0,2333.493576,0.0
2019-01-18,21,0,96,19.03,19.03,0.0,256.863135,0.0
2019-01-18,21,0,97,117.01,117.01,0.0,1579.377585,0.0
2019-01-18,21,0,99,4.32,4.32,0.0,36.308964,0.0
2019-01-18,21,0,101,0.0,0.0,0.0,0.0,0.0
2019-01-18,21,0,102,24.15,24.15,0.0,-10222.923727,0.0
2019-01-18,21,0,103,21.0,21.0,0.0,-8889.498893,0.0
2019-01-18,21,0,104,3.9,3.9,0.0,-1650.906937,0.0
2019-01-18,21,0,106,0.0,0.0,0.0,0.0,0.0
2019-01-18,21,0,109,83.6,83.6,0.0,832.033876,0.0
2019-01-18,21,0,110,338.6,338.6,0.0,-338600.0,0.0
2019-01-18,21,0,111,0.0,0.0,0.0,0.0,0.0
2019-01-18,21,0,113,60.42,60.42,0.0,-16653.407089,0.0
2019-01-18,21,0,115,60.42,60.42,0.0,-16653.407089,0.0
2019-01-18,21,0,116,0.0,0.0,0.0,-0.0,0.0
2019-01-18,21,0,117,4.06,4.06,0.0,-1119.047216,0.0
2019-01-18,21,0,119,147.62,147.62,0.0,14093.885102,0.0
2019-01-18,21,0,120,86.8,86.8,0.0,8287.150975,0.0
2019-01-18,21,0,123,0.0,0.0,0.0,0.0,0.0
2019-01-18,21,0,125,174.2,174.2,0.0,2337.04484,0.0
2019-01-18,21,0,126,0.0,0.0,0.0,0.0,0.0
2019-01-18,21,0,127,0.0,0.0,0.0,0.0,0.0
2019-01-18,21,0,128,249.5,249.5,0.0,3347.259974,0.0
2019-01-18,21,0,131,30.0,30.0,0.0,-11561.882201,0.0
2019-01-18,21,0,132,44.1,44.1,0.0,-16995.966835,0.0
2019-01-18,21,0,133,91.59,91.59,0.0,687.856044,0.0
2019-01-18,21,0,134,0.0,0.0,0.0,0.0,0.0
2019-01-18,21,0,135,119.08,119.08,0.0,894.310489,0.0
2019-01-18,21,0,136,45.9,45.9,0.0,192.32998,0.0
2019-01-18,21,0,139,80.34,80.34,0.0,910.080591,0.0
2019-01-18,21,0,140,250.6,250.6,0.0,-250600.0,0.0
2019-01-18,21,0,141,230.0,230.0,0.0,-130012.197284,0.0
2019-01-18,21,0,142,0.0,0.0,0.0,-0.0,0.0
2019-01-18,21,0,143,71.55,71.55,0.0,962.771971,0.0
2019-01-18,21,0,145,20.36,20.36,0.0,247.485667,0.0
2019-01-18,21,0,146,268.0,268.0,0.0,-268000.0,0.0
2019-01-18,21,0,152,0.0,0.0,0.0,0.0,0.0
2019-01-18,21,0,153,0.0,0.0,0.0,0.0,0.0
2019-01-18,21,0,154,0.0,0.0,0.0,0.0,0.0
2019-01-18,21,0,157,250.0,250.0,0.0,-141317.605744,0.0
2019-01-18,21,0,158,0.0,0.0,0.0,-0.0,0.0
2019-01-18,21,0,159,0.0,0.0,0.0,0.0,0.0
2019-01-18,21,0,160,0.0,0.0,0.0,0.0,0.0
2019-01-18,21,0,161,0.0,0.0,0.0,-0.0,0.0
2019-01-18,21,0,162,162.5,162.5,0.0,3288.384497,0.0
2019-01-18,21,0,163,185.4,185.4,0.0,-185400.0,0.0
2019-01-18,21,0,164,0.0,0.0,0.0,0.0,0.0
2019-01-18,21,0,167,0.0,0.0,0.0,0.0,0.0
2019-01-18,21,0,168,0.0,0.0,0.0,0.0,0.0
2019-01-18,21,0,169,0.0,0.0,0.0,0.0,0.0
2019-01-18,21,0,170,0.0,0.0,0.0,0.0,0.0
2019-01-18,21,0,172,0.0,0.0,0.0,0.0,0.0
2019-01-18,21,0,173,0.0,0.0,0.0,0.0,0.0
2019-01-18,21,0,188,0.0,0.0,0.0,0.0,0.0
2019-01-18,21,0,190,0.0,0.0,0.0,0.0,0.0
2019-01-18,21,0,191,0.0,0.0,0.0,0.0,0.0
2019-01-18,21,0,192,108.32,108.32,0.0,3512.552987,0.0
2019-01-18,21,0,194,129.56,129.56,0.0,-18423.386074,0.0
2019-01-18,21,0,196,0.0,0.0,0.0,0.0,0.0
2019-01-18,21,0,198,0.0,0.0,0.0,0.0,0.0
2019-01-18,21,0,199,130.0,130.0,0.0,-5151.454889,0.0
2019-01-18,21,0,200,0.0,0.0,0.0,-0.0,0.0
2019-01-18,21,0,204,841.64,841.64,0.0,8509.843948,0.0
2019-01-18,21,0,205,387.97,387.97,0.0,3861.294055,0.0
2019-01-18,21,0,206,343.83,343.83,0.0,4640.948596,0.0
2019-01-18,21,0,210,0.0,0.0,0.0,0.0,0.0
2019-01-18,21,0,214,0.0,0.0,0.0,0.0,0.0
2019-01-18,21,0,217,0.0,0.0,0.0,0.0,0.0
2019-01-18,21,0,218,0.0,0.0,0.0,0.0,0.0
2019-01-18,21,0,219,0.0,0.0,0.0,0.0,0.0
2019-01-18,21,0,221,0.0,0.0,0.0,0.0,0.0
2019-01-18,21,0,225,0.0,0.0,0.0,0.0,0.0
2019-01-18,21,0,233,0.0,0.0,0.0,0.0,0.0
2019-01-18,21,0,236,124.75,124.75,0.0,960.746658,0.0
2019-01-18,21,0,237,53.66,53.66,0.0,451.004403,0.0
2019-01-18,21,0,238,0.0,0.0,0.0,0.0,0.0
2019-01-18,21,0,240,0.0,0.0,0.0,0.0,0.0
2019-01-18,21,0,245,260.0,260.0,0.0,1642.366603,0.0
2019-01-18,21,0,247,171.72,171.72,0.0,1084.719973,0.0
2019-01-18,21,0,248,5.39,5.39,0.0,45.302157,0.0
2019-01-18,21,0,249,500.0,500.0,0.0,3158.397314,0.0
2019-01-18,21,0,251,326.4,326.4,0.0,1657.234339,0.0
2019-01-18,21,0,252,267.06,267.06,0.0,1073.454483,0.0
2019-01-18,21,0,254,0.0,0.0,0.0,0.0,0.0
2019-01-18,21,0,255,0.0,0.0,0.0,0.0,0.0
2019-01-18,21,0,258,0.0,0.0,0.0,0.0,0.0
2019-01-18,21,0,260,0.0,0.0,0.0,0.0,0.0
2019-01-18,21,0,265,0.0,0.0,0.0,0.0,0.0
2019-01-18,21,0,266,50.32,50.32,0.0,570.018115,0.0
2019-01-18,21,0,267,62.81,62.81,0.0,711.503136,0.0
2019-01-18,21,0,270,579.0,579.0,0.0,-579000.0,0.0
2019-01-18,21,0,272,201.78,201.78,0.0,-55616.095372,0.0
2019-01-18,21,0,273,0.0,0.0,0.0,-0.0,0.0
2019-01-18,21,0,274,746.4,746.4,0.0,-746400.0,0.0
2019-01-18,21,0,275,1039.0,1039.0,0.0,-1039000.0,0.0
2019-01-18,21,0,276,0.0,0.0,0.0,-0.0,0.0
2019-01-18,21,0,277,0.0,0.0,0.0,-0.0,0.0
2019-01-18,21,0,278,0.0,0.0,0.0,-0.0,0.0
2019-01-18,21,0,279,651.69,651.69,0.0,-187396.744807,0.0
2019-01-18,21,0,281,16.83,16.83,0.0,226.463344,0.0
2019-01-18,21,0,282,0.0,0.0,0.0,0.0,0.0
2019-01-18,22,0,9,0.0,0.0,0.0,0.0,0.0
2019-01-18,22,0,17,0.0,0.0,0.0,0.0,0.0
2019-01-18,22,0,19,643.3,643.3,0.0,723.995953,0.0
2019-01-18,22,0,20,780.2,780.2,0.0,878.068774,0.0
2019-01-18,22,0,21,0.0,0.0,0.0,0.0,0.0
2019-01-18,22,0,22,0.0,0.0,0.0,0.0,0.0
2019-01-18,22,0,23,108.8,108.8,0.0,1232.454173,0.0
2019-01-18,22,0,24,192.5,192.5,0.0,2180.582981,0.0
2019-01-18,22,0,29,0.0,0.0,0.0,0.0,0.0
2019-01-18,22,0,30,0.0,0.0,0.0,0.0,0.0
2019-01-18,22,0,31,37.5,37.5,0.0,425.917401,0.0
2019-01-18,22,0,32,0.0,0.0,0.0,0.0,0.0
2019-01-18,22,0,33,0.0,0.0,0.0,0.0,0.0
2019-01-18,22,0,34,0.0,0.0,0.0,0.0,0.0
2019-01-18,22,0,35,0.0,0.0,0.0,0.0,0.0
2019-01-18,22,0,36,0.0,0.0,0.0,0.0,0.0
2019-01-18,22,0,37,0.0,0.0,0.0,0.0,0.0
2019-01-18,22,0,38,0.0,0.0,0.0,0.0,0.0
2019-01-18,22,0,39,0.0,0.0,0.0,0.0,0.0
2019-01-18,22,0,40,0.0,0.0,0.0,0.0,0.0
2019-01-18,22,0,41,65.87,65.87,0.0,642.826856,0.0
2019-01-18,22,0,42,0.0,0.0,0.0,0.0,0.0
2019-01-18,22,0,43,0.0,0.0,0.0,0.0,0.0
2019-01-18,22,0,46,0.0,0.0,0.0,0.0,0.0
2019-01-18,22,0,52,39.75,39.75,0.0,451.472445,0.0
2019-01-18,22,0,53,63.15,63.15,0.0,717.244903,0.0
2019-01-18,22,0,55,356.65,356.65,0.0,4040.025559,0.0
2019-01-18,22,0,56,0.0,0.0,0.0,0.0,0.0
2019-01-18,22,0,57,0.0,0.0,0.0,0.0,0.0
2019-01-18,22,0,58,0.0,0.0,0.0,0.0,0.0
2019-01-18,22,0,59,0.0,0.0,0.0,0.0,0.0
2019-01-18,22,0,63,113.89,113.89,0.0,10839.209177,0.0
2019-01-18,22,0,64,133.99,133.99,0.0,12752.178748,0.0
2019-01-18,22,0,65,41.4,41.4,0.0,159.849669,0.0
2019-01-18,22,0,67,0.0,0.0,0.0,-0.0,0.0
2019-01-18,22,0,68,10.2,10.2,0.0,-4316.280013,0.0
2019-01-18,22,0,69,0.0,0.0,0.0,0.0,0.0
2019-01-18,22,0,74,17.45,17.45,0.0,131.959986,0.0
2019-01-18,22,0,77,200.0,200.0,0.0,-61027.927009,0.0
2019-01-18,22,0,78,151.2,151.2,0.0,-46137.112819,0.0
2019-01-18,22,0,79,87.5,87.5,0.0,-26699.718066,0.0
2019-01-18,22,0,80,141.5,141.5,0.0,-43177.258359,0.0
2019-01-18,22,0,81,185.0,185.0,0.0,-56450.832483,0.0
2019-01-18,22,0,82,130.5,130.5,0.0,-39820.722373,0.0
2019-01-18,22,0,83,291.0,291.0,0.0,-88795.633798,0.0
2019-01-18,22,0,84,0.0,0.0,0.0,-0.0,0.0
2019-01-18,22,0,86,0.0,0.0,0.0,0.0,0.0
2019-01-18,22,0,87,0.0,0.0,0.0,0.0,0.0
2019-01-18,22,0,88,170.6,170.6,0.0,-52056.821738,0.0
2019-01-18,22,0,89,164.0,164.0,0.0,-50042.900147,0.0
2019-01-18,22,0,90,220.2,220.2,0.0,-67191.747637,0.0
2019-01-18,22,0,91,785.5,785.5,0.0,-239687.183327,0.0
2019-01-18,22,0,92,282.5,282.5,0.0,-86201.9469,0.0
2019-01-18,22,0,95,120.0,120.0,0.0,2333.493576,0.0
2019-01-18,22,0,96,17.08,17.08,0.0,194.528357,0.0
2019-01-18,22,0,97,105.05,105.05,0.0,1196.440511,0.0
2019-01-18,22,0,99,3.37,3.37,0.0,25.484536,0.0
2019-01-18,22,0,101,0.0,0.0,0.0,0.0,0.0
2019-01-18,22,0,102,24.15,24.15,0.0,-10219.427678,0.0
2019-01-18,22,0,103,21.0,21.0,0.0,-8886.458851,0.0
2019-01-18,22,0,104,3.9,3.9,0.0,-1650.342358,0.0
2019-01-18,22,0,106,0.0,0.0,0.0,0.0,0.0
2019-01-18,22,0,109,171.41,171.41,0.0,1495.762428,0.0
2019-01-18,22,0,110,0.0,0.0,0.0,-0.0,0.0
2019-01-18,22,0,111,0.0,0.0,0.0,0.0,0.0
2019-01-18,22,0,113,104.25,104.25,0.0,-28730.527884,0.0
2019-01-18,22,0,115,104.25,104.25,0.0,-28730.527884,0.0
2019-01-18,22,0,116,0.0,0.0,0.0,-0.0,0.0
2019-01-18,22,0,117,6.95,6.95,0.0,-1915.368526,0.0
2019-01-18,22,0,119,133.99,133.99,0.0,12752.178748,0.0
2019-01-18,22,0,120,78.79,78.79,0.0,7498.650374,0.0
2019-01-18,22,0,123,0.0,0.0,0.0,0.0,0.0
2019-01-18,22,0,125,174.2,174.2,0.0,1973.286002,0.0
2019-01-18,22,0,126,0.0,0.0,0.0,0.0,0.0
2019-01-18,22,0,127,0.0,0.0,0.0,0.0,0.0
2019-01-18,22,0,128,249.5,249.5,0.0,2826.262098,0.0
2019-01-18,22,0,131,30.0,30.0,0.0,-11557.253766,0.0
2019-01-18,22,0,132,44.1,44.1,0.0,-16989.163036,0.0
2019-01-18,22,0,133,139.8,139.8,0.0,971.006585,0.0
2019-01-18,22,0,134,0.0,0.0,0.0,0.0,0.0
2019-01-18,22,0,135,187.33,187.33,0.0,1301.134932,0.0
2019-01-18,22,0,136,45.9,45.9,0.0,184.118003,0.0
2019-01-18,22,0,139,85.06,85.06,0.0,830.102511,0.0
2019-01-18,22,0,140,0.0,0.0,0.0,-0.0,0.0
2019-01-18,22,0,141,230.0,230.0,0.0,-129987.097813,0.0
2019-01-18,22,0,142,0.0,0.0,0.0,-0.0,0.0
2019-01-18,22,0,143,71.55,71.55,0.0,812.650401,0.0
2019-01-18,22,0,145,43.23,43.23,0.0,448.768691,0.0
2019-01-18,22,0,146,0.0,0.0,0.0,-0.0,0.0
2019-01-18,22,0,152,0.0,0.0,0.0,0.0,0.0
2019-01-18,22,0,153,0.0,0.0,0.0,0.0,0.0
2019-01-18,22,0,154,0.0,0.0,0.0,0.0,0.0
2019-01-18,22,0,157,250.0,250.0,0.0,-141290.32371,0.0
2019-01-18,22,0,158,0.0,0.0,0.0,-0.0,0.0
2019-01-18,22,0,159,0.0,0.0,0.0,0.0,0.0
2019-01-18,22,0,160,0.0,0.0,0.0,0.0,0.0
2019-01-18,22,0,161,0.0,0.0,0.0,-0.0,0.0
2019-01-18,22,0,162,89.77,89.77,0.0,1815.849332,0.0
2019-01-18,22,0,163,185.4,185.4,0.0,-185400.0,0.0
2019-01-18,22,0,164,0.0,0.0,0.0,0.0,0.0
2019-01-18,22,0,167,0.0,0.0,0.0,0.0,0.0
2019-01-18,22,0,168,0.0,0.0,0.0,0.0,0.0
2019-01-18,22,0,169,0.0,0.0,0.0,0.0,0.0
2019-01-18,22,0,170,0.0,0.0,0.0,0.0,0.0
2019-01-18,22,0,172,0.0,0.0,0.0,0.0,0.0
2019-01-18,22,0,173,0.0,0.0,0.0,0.0,0.0
2019-01-18,22,0,188,0.0,0.0,0.0,0.0,0.0
2019-01-18,22,0,190,0.0,0.0,0.0,0.0,0.0
2019-01-18,22,0,191,0.0,0.0,0.0,0.0,0.0
2019-01-18,22,0,192,134.27,134.27,0.0,4354.048094,0.0
2019-01-18,22,0,194,80.98,80.98,0.0,-11525.769815,0.0
2019-01-18,22,0,196,0.0,0.0,0.0,0.0,0.0
2019-01-18,22,0,198,0.0,0.0,0.0,0.0,0.0
2019-01-18,22,0,199,130.0,130.0,0.0,-5066.962209,0.0
2019-01-18,22,0,200,0.0,0.0,0.0,-0.0,0.0
2019-01-18,22,0,204,857.0,857.0,0.0,7580.448895,0.0
2019-01-18,22,0,205,852.76,852.76,0.0,7441.376631,0.0
2019-01-18,22,0,206,308.69,308.69,0.0,3515.746989,0.0
2019-01-18,22,0,210,0.0,0.0,0.0,0.0,0.0
2019-01-18,22,0,214,0.0,0.0,0.0,0.0,0.0
2019-01-18,22,0,217,0.0,0.0,0.0,0.0,0.0
2019-01-18,22,0,218,0.0,0.0,0.0,0.0,0.0
2019-01-18,22,0,219,0.0,0.0,0.0,0.0,0.0
2019-01-18,22,0,221,0.0,0.0,0.0,0.0,0.0
2019-01-18,22,0,225,0.0,0.0,0.0,0.0,0.0
2019-01-18,22,0,233,0.0,0.0,0.0,0.0,0.0
2019-01-18,22,0,236,101.99,101.99,0.0,717.391187,0.0
2019-01-18,22,0,237,41.86,41.86,0.0,316.552723,0.0
2019-01-18,22,0,238,0.0,0.0,0.0,0.0,0.0
2019-01-18,22,0,240,0.0,0.0,0.0,0.0,0.0
2019-01-18,22,0,245,260.0,260.0,0.0,1537.713486,0.0
2019-01-18,22,0,247,171.72,171.72,0.0,1015.600615,0.0
2019-01-18,22,0,248,4.2,4.2,0.0,31.761143,0.0
2019-01-18,22,0,249,500.0,500.0,0.0,2957.141319,0.0
2019-01-18,22,0,251,678.68,678.68,0.0,3247.005468,0.0
2019-01-18,22,0,252,267.06,267.06,0.0,1031.146197,0.0
2019-01-18,22,0,254,0.0,0.0,0.0,0.0,0.0
2019-01-18,22,0,255,0.0,0.0,0.0,0.0,0.0
2019-01-18,22,0,258,0.0,0.0,0.0,0.0,0.0
2019-01-18,22,0,260,0.0,0.0,0.0,0.0,0.0
2019-01-18,22,0,265,0.0,0.0,0.0,0.0,0.0
2019-01-18,22,0,266,55.08,55.08,0.0,537.526996,0.0
2019-01-18,22,0,267,67.68,67.68,0.0,660.490688,0.0
2019-01-18,22,0,270,579.0,579.0,0.0,-579000.0,0.0
2019-01-18,22,0,272,348.43,348.43,0.0,-96024.727393,0.0
2019-01-18,22,0,273,0.0,0.0,0.0,-0.0,0.0
2019-01-18,22,0,274,746.4,746.4,0.0,-746400.0,0.0
2019-01-18,22,0,275,1039.0,1039.0,0.0,-1039000.0,0.0
2019-01-18,22,0,276,0.0,0.0,0.0,-0.0,0.0
2019-01-18,22,0,277,0.0,0.0,0.0,-0.0,0.0
2019-01-18,22,0,278,0.0,0.0,0.0,-0.0,0.0
2019-01-18,22,0,279,264.61,264.61,0.0,-76059.096019,0.0
2019-01-18,22,0,281,16.83,16.83,0.0,191.151729,0.0
2019-01-18,22,0,282,0.0,0.0,0.0,0.0,0.0
2019-01-18,23,0,9,0.0,0.0,0.0,0.0,0.0
2019-01-18,23,0,17,0.0,0.0,0.0,0.0,0.0
2019-01-18,23,0,19,643.3,643.3,0.0,1296.875966,0.0
2019-01-18,23,0,20,780.2,780.2,0.0,1572.862784,0.0
2019-01-18,23,0,21,0.0,0.0,0.0,0.0,0.0
2019-01-18,23,0,22,0.0,0.0,0.0,0.0,0.0
2019-01-18,23,0,23,108.8,108.8,0.0,669.636102,0.0
2019-01-18,23,0,24,192.5,192.5,0.0,1184.78814,0.0
2019-01-18,23,0,29,0.0,0.0,0.0,0.0,0.0
2019-01-18,23,0,30,0.0,0.0,0.0,0.0,0.0
2019-01-18,23,0,31,37.5,37.5,0.0,230.967434,0.0
2019-01-18,23,0,32,0.0,0.0,0.0,0.0,0.0
2019-01-18,23,0,33,0.0,0.0,0.0,0.0,0.0
2019-01-18,23,0,34,0.0,0.0,0.0,0.0,0.0
2019-01-18,23,0,35,0.0,0.0,0.0,0.0,0.0
2019-01-18,23,0,36,0.0,0.0,0.0,0.0,0.0
2019-01-18,23,0,37,0.0,0.0,0.0,0.0,0.0
2019-01-18,23,0,38,0.0,0.0,0.0,0.0,0.0
2019-01-18,23,0,39,0.0,0.0,0.0,0.0,0.0
2019-01-18,23,0,40,0.0,0.0,0.0,0.0,0.0
2019-01-18,23,0,41,44.38,44.38,0.0,262.970485,0.0
2019-01-18,23,0,42,0.0,0.0,0.0,0.0,0.0
2019-01-18,23,0,43,0.0,0.0,0.0,0.0,0.0
2019-01-18,23,0,46,0.0,0.0,0.0,0.0,0.0
2019-01-18,23,0,52,39.75,39.75,0.0,244.82548,0.0
2019-01-18,23,0,53,63.15,63.15,0.0,388.949158,0.0
2019-01-18,23,0,55,623.0,623.0,0.0,3834.405252,0.0
2019-01-18,23,0,56,0.0,0.0,0.0,0.0,0.0
2019-01-18,23,0,57,0.0,0.0,0.0,0.0,0.0
2019-01-18,23,0,58,0.0,0.0,0.0,0.0,0.0
2019-01-18,23,0,59,0.0,0.0,0.0,0.0,0.0
2019-01-18,23,0,63,111.99,111.99,0.0,9847.599289,0.0
2019-01-18,23,0,64,131.76,131.76,0.0,11586.031631,0.0
2019-01-18,23,0,65,41.4,41.4,0.0,154.324607,0.0
2019-01-18,23,0,67,0.0,0.0,0.0,-0.0,0.0
2019-01-18,23,0,68,10.2,10.2,0.0,-4343.867335,0.0
2019-01-18,23,0,69,0.0,0.0,0.0,0.0,0.0
2019-01-18,23,0,74,13.1,13.1,0.0,73.379895,0.0
2019-01-18,23,0,77,200.0,200.0,0.0,-61646.546337,0.0
2019-01-18,23,0,78,151.2,151.2,0.0,-46604.789031,0.0
2019-01-18,23,0,79,87.5,87.5,0.0,-26970.364023,0.0
2019-01-18,23,0,80,141.5,141.5,0.0,-43614.931534,0.0
2019-01-18,23,0,81,185.0,185.0,0.0,-57023.055362,0.0
2019-01-18,23,0,82,130.5,130.5,0.0,-40224.371485,0.0
2019-01-18,23,0,83,291.0,291.0,0.0,-89695.724921,0.0
2019-01-18,23,0,84,0.0,0.0,0.0,-0.0,0.0
2019-01-18,23,0,86,0.0,0.0,0.0,0.0,0.0
2019-01-18,23,0,87,0.0,0.0,0.0,0.0,0.0
2019-01-18,23,0,88,170.6,170.6,0.0,-52584.504026,0.0
2019-01-18,23,0,89,164.0,164.0,0.0,-50550.167996,0.0
2019-01-18,23,0,90,220.2,220.2,0.0,-67872.847517,0.0
2019-01-18,23,0,91,785.5,785.5,0.0,-242116.810739,0.0
2019-01-18,23,0,92,282.5,282.5,0.0,-87075.746701,0.0
2019-01-18,23,0,95,120.0,120.0,0.0,1977.002113,0.0
2019-01-18,23,0,96,29.88,29.88,0.0,184.171877,0.0
2019-01-18,23,0,97,183.75,183.75,0.0,1132.583079,0.0
2019-01-18,23,0,99,2.53,2.53,0.0,14.171842,0.0
2019-01-18,23,0,101,0.0,0.0,0.0,0.0,0.0
2019-01-18,23,0,102,24.15,24.15,0.0,-10284.744719,0.0
2019-01-18,23,0,103,21.0,21.0,0.0,-8943.256277,0.0
2019-01-18,23,0,104,3.9,3.9,0.0,-1660.890452,0.0
2019-01-18,23,0,106,0.0,0.0,0.0,0.0,0.0
2019-01-18,23,0,109,200.0,200.0,0.0,1155.181149,0.0
2019-01-18,23,0,110,0.0,0.0,0.0,-0.0,0.0
2019-01-18,23,0,111,0.0,0.0,0.0,0.0,0.0
2019-01-18,23,0,113,147.52,147.52,0.0,-41212.058306,0.0
2019-01-18,23,0,115,147.52,147.52,0.0,-41212.058306,0.0
2019-01-18,23,0,116,0.0,0.0,0.0,-0.0,0.0
2019-01-18,23,0,117,9.83,9.83,0.0,-2746.166846,0.0
2019-01-18,23,0,119,131.76,131.76,0.0,11586.031631,0.0
2019-01-18,23,0,120,77.47,77.47,0.0,6812.157487,0.0
2019-01-18,23,0,123,0.0,0.0,0.0,0.0,0.0
2019-01-18,23,0,125,174.2,174.2,0.0,1072.156332,0.0
2019-01-18,23,0,126,0.0,0.0,0.0,0.0,0.0
2019-01-18,23,0,127,0.0,0.0,0.0,0.0,0.0
2019-01-18,23,0,128,249.5,249.5,0.0,1535.608524,0.0
2019-01-18,23,0,131,30.0,30.0,0.0,-11643.727285,0.0
2019-01-18,23,0,132,44.1,44.1,0.0,-17116.279108,0.0
2019-01-18,23,0,133,139.8,139.8,0.0,796.013052,0.0
2019-01-18,23,0,134,0.0,0.0,0.0,0.0,0.0
2019-01-18,23,0,135,187.33,187.33,0.0,1066.646101,0.0
2019-01-18,23,0,136,45.9,45.9,0.0,175.412126,0.0
2019-01-18,23,0,139,57.31,57.31,0.0,339.586266,0.0
2019-01-18,23,0,140,0.0,0.0,0.0,-0.0,0.0
2019-01-18,23,0,141,230.0,230.0,0.0,-130456.033808,0.0
2019-01-18,23,0,142,0.0,0.0,0.0,-0.0,0.0
2019-01-18,23,0,143,71.55,71.55,0.0,440.685863,0.0
2019-01-18,23,0,145,18.67,18.67,0.0,112.334711,0.0
2019-01-18,23,0,146,0.0,0.0,0.0,-0.0,0.0
2019-01-18,23,0,152,0.0,0.0,0.0,0.0,0.0
2019-01-18,23,0,153,0.0,0.0,0.0,0.0,0.0
2019-01-18,23,0,154,0.0,0.0,0.0,0.0,0.0
2019-01-18,23,0,157,250.0,250.0,0.0,-141800.036748,0.0
2019-01-18,23,0,158,0.0,0.0,0.0,-0.0,0.0
2019-01-18,23,0,159,0.0,0.0,0.0,0.0,0.0
2019-01-18,23,0,160,0.0,0.0,0.0,0.0,0.0
2019-01-18,23,0,161,0.0,0.0,0.0,-0.0,0.0
2019-01-18,23,0,162,36.92,36.92,0.0,637.603027,0.0
2019-01-18,23,0,163,185.4,185.4,0.0,-185400.0,0.0
2019-01-18,23,0,164,0.0,0.0,0.0,0.0,0.0
2019-01-18,23,0,167,0.0,0.0,0.0,0.0,0.0
2019-01-18,23,0,168,0.0,0.0,0.0,0.0,0.0
2019-01-18,23,0,169,0.0,0.0,0.0,0.0,0.0
2019-01-18,23,0,170,0.0,0.0,0.0,0.0,0.0
2019-01-18,23,0,172,0.0,0.0,0.0,0.0,0.0
2019-01-18,23,0,173,0.0,0.0,0.0,0.0,0.0
2019-01-18,23,0,188,0.0,0.0,0.0,0.0,0.0
2019-01-18,23,0,190,0.0,0.0,0.0,0.0,0.0
2019-01-18,23,0,191,0.0,0.0,0.0,0.0,0.0
2019-01-18,23,0,192,285.12,285.12,0.0,9245.745085,0.0
2019-01-18,23,0,194,114.91,114.91,0.0,-16918.445207,0.0
2019-01-18,23,0,196,0.0,0.0,0.0,0.0,0.0
2019-01-18,23,0,198,0.0,0.0,0.0,0.0,0.0
2019-01-18,23,0,199,95.85,95.85,0.0,-3685.43705,0.0
2019-01-18,23,0,200,0.0,0.0,0.0,-0.0,0.0
2019-01-18,23,0,204,857.0,857.0,0.0,4965.016851,0.0
2019-01-18,23,0,205,1058.0,1058.0,0.0,6110.908277,0.0
2019-01-18,23,0,206,539.94,539.94,0.0,3328.037592,0.0
2019-01-18,23,0,210,0.0,0.0,0.0,0.0,0.0
2019-01-18,23,0,214,0.0,0.0,0.0,0.0,0.0
2019-01-18,23,0,217,0.0,0.0,0.0,0.0,0.0
2019-01-18,23,0,218,0.0,0.0,0.0,0.0,0.0
2019-01-18,23,0,219,0.0,0.0,0.0,0.0,0.0
2019-01-18,23,0,221,0.0,0.0,0.0,0.0,0.0
2019-01-18,23,0,225,0.0,0.0,0.0,0.0,0.0
2019-01-18,23,0,233,0.0,0.0,0.0,0.0,0.0
2019-01-18,23,0,236,70.3,70.3,0.0,388.420076,0.0
2019-01-18,23,0,237,31.42,31.42,0.0,175.999718,0.0
2019-01-18,23,0,238,0.0,0.0,0.0,0.0,0.0
2019-01-18,23,0,240,0.0,0.0,0.0,0.0,0.0
2019-01-18,23,0,245,260.0,260.0,0.0,1326.25908,0.0
2019-01-18,23,0,247,171.72,171.72,0.0,875.943112,0.0
2019-01-18,23,0,248,3.15,3.15,0.0,17.644784,0.0
2019-01-18,23,0,249,500.0,500.0,0.0,2550.49823,0.0
2019-01-18,23,0,251,326.4,326.4,0.0,1398.285709,0.0
2019-01-18,23,0,252,267.06,267.06,0.0,995.505546,0.0
2019-01-18,23,0,254,0.0,0.0,0.0,0.0,0.0
2019-01-18,23,0,255,0.0,0.0,0.0,0.0,0.0
2019-01-18,23,0,258,0.0,0.0,0.0,0.0,0.0
2019-01-18,23,0,260,0.0,0.0,0.0,0.0,0.0
2019-01-18,23,0,265,0.0,0.0,0.0,0.0,0.0
2019-01-18,23,0,266,37.11,37.11,0.0,219.892625,0.0
2019-01-18,23,0,267,45.6,45.6,0.0,270.199507,0.0
2019-01-18,23,0,270,579.0,579.0,0.0,-579000.0,0.0
2019-01-18,23,0,272,493.02,493.02,0.0,-137732.978484,0.0
2019-01-18,23,0,273,0.0,0.0,0.0,-0.0,0.0
2019-01-18,23,0,274,746.4,746.4,0.0,-746400.0,0.0
2019-01-18,23,0,275,1039.0,1039.0,0.0,-1039000.0,0.0
2019-01-18,23,0,276,0.0,0.0,0.0,-0.0,0.0
2019-01-18,23,0,277,0.0,0.0,0.0,-0.0,0.0
2019-01-18,23,0,278,0.0,0.0,0.0,-0.0,0.0
2019-01-18,23,0,279,264.6,264.6,0.0,-76982.481008,0.0
2019-01-18,23,0,281,16.83,16.83,0.0,103.658184,0.0
2019-01-18,23,0,282,0.0,0.0,0.0,0.0,0.0
2019-01-19,0,0,9,0.0,0.0,0.0,0.0,0.0
2019-01-19,0,0,17,0.0,0.0,0.0,0.0,0.0
2019-01-19,0,0,19,643.3,643.3,0.0,1129.924747,0.0
2019-01-19,0,0,20,780.2,780.2,0.0,1370.38285,0.0
2019-01-19,0,0,21,0.0,0.0,0.0,0.0,0.0
2019-01-19,0,0,22,0.0,0.0,0.0,0.0,0.0
2019-01-19,0,0,23,108.8,108.8,0.0,663.076586,0.0
2019-01-19,0,0,24,192.5,192.5,0.0,1173.182379,0.0
2019-01-19,0,0,29,0.0,0.0,0.0,0.0,0.0
2019-01-19,0,0,30,0.0,0.0,0.0,0.0,0.0
2019-01-19,0,0,31,37.5,37.5,0.0,228.729999,0.0
2019-01-19,0,0,32,0.0,0.0,0.0,0.0,0.0
2019-01-19,0,0,33,0.0,0.0,0.0,0.0,0.0
2019-01-19,0,0,34,0.0,0.0,0.0,0.0,0.0
2019-01-19,0,0,35,0.0,0.0,0.0,0.0,0.0
2019-01-19,0,0,36,0.0,0.0,0.0,0.0,0.0
2019-01-19,0,0,37,0.0,0.0,0.0,0.0,0.0
2019-01-19,0,0,38,0.0,0.0,0.0,0.0,0.0
2019-01-19,0,0,39,0.0,0.0,0.0,0.0,0.0
2019-01-19,0,0,40,0.0,0.0,0.0,0.0,0.0
2019-01-19,0,0,41,52.67,52.67,0.0,307.201754,0.0
2019-01-19,0,0,42,0.0,0.0,0.0,0.0,0.0
2019-01-19,0,0,43,0.0,0.0,0.0,0.0,0.0
2019-01-19,0,0,46,0.0,0.0,0.0,0.0,0.0
2019-01-19,0,0,52,39.75,39.75,0.0,242.453799,0.0
2019-01-19,0,0,53,63.15,63.15,0.0,385.181318,0.0
2019-01-19,0,0,55,622.97,622.97,0.0,3796.661956,0.0
2019-01-19,0,0,56,0.0,0.0,0.0,0.0,0.0
2019-01-19,0,0,57,0.0,0.0,0.0,0.0,0.0
2019-01-19,0,0,58,0.0,0.0,0.0,0.0,0.0
2019-01-19,0,0,59,0.0,0.0,0.0,0.0,0.0
2019-01-19,0,0,63,170.0,170.0,0.0,14428.320794,0.0
2019-01-19,0,0,64,200.0,200.0,0.0,16974.495051,0.0
2019-01-19,0,0,65,40.15,40.15,0.0,141.275618,0.0
2019-01-19,0,0,67,0.0,0.0,0.0,-0.0,0.0
2019-01-19,0,0,68,10.2,10.2,0.0,-4359.306137,0.0
2019-01-19,0,0,69,0.0,0.0,0.0,0.0,0.0
2019-01-19,0,0,74,10.57,10.57,0.0,57.74473,0.0
2019-01-19,0,0,77,200.0,200.0,0.0,-62012.115161,0.0
2019-01-19,0,0,78,151.2,151.2,0.0,-46881.159062,0.0
2019-01-19,0,0,79,87.5,87.5,0.0,-27130.300383,0.0
2019-01-19,0,0,80,141.5,141.5,0.0,-43873.571477,0.0
2019-01-19,0,0,81,185.0,185.0,0.0,-57361.206524,0.0
2019-01-19,0,0,82,130.5,130.5,0.0,-40462.905143,0.0
2019-01-19,0,0,83,291.0,291.0,0.0,-90227.627559,0.0
2019-01-19,0,0,84,0.0,0.0,0.0,-0.0,0.0
2019-01-19,0,0,86,0.0,0.0,0.0,0.0,0.0
2019-01-19,0,0,87,0.0,0.0,0.0,0.0,0.0
2019-01-19,0,0,88,170.6,170.6,0.0,-52896.334232,0.0
2019-01-19,0,0,89,164.0,164.0,0.0,-50849.934432,0.0
2019-01-19,0,0,90,220.2,220.2,0.0,-68275.338792,0.0
2019-01-19,0,0,91,785.5,785.5,0.0,-243552.582295,0.0
2019-01-19,0,0,92,282.5,282.5,0.0,-87592.112665,0.0
2019-01-19,0,0,95,67.44,67.44,0.0,908.165634,0.0
2019-01-19,0,0,96,29.88,29.88,0.0,182.408598,0.0
2019-01-19,0,0,97,183.75,183.75,0.0,1121.739619,0.0
2019-01-19,0,0,99,2.04,2.04,0.0,11.144678,0.0
2019-01-19,0,0,101,0.0,0.0,0.0,0.0,0.0
2019-01-19,0,0,102,24.15,24.15,0.0,-10321.298354,0.0
2019-01-19,0,0,103,21.0,21.0,0.0,-8975.042047,0.0
2019-01-19,0,0,104,3.9,3.9,0.0,-1666.793523,0.0
2019-01-19,0,0,106,0.0,0.0,0.0,0.0,0.0
2019-01-19,0,0,109,200.0,200.0,0.0,1132.321574,0.0
2019-01-19,0,0,110,0.0,0.0,0.0,-0.0,0.0
2019-01-19,0,0,111,0.0,0.0,0.0,0.0,0.0
2019-01-19,0,0,113,150.0,150.0,0.0,-42188.455563,0.0
2019-01-19,0,0,115,150.0,150.0,0.0,-42188.455563,0.0
2019-01-19,0,0,116,0.0,0.0,0.0,-0.0,0.0
2019-01-19,0,0,117,10.0,10.0,0.0,-2812.563704,0.0
2019-01-19,0,0,119,200.0,200.0,0.0,16974.495051,0.0
2019-01-19,0,0,120,117.6,117.6,0.0,9981.00309,0.0
2019-01-19,0,0,123,0.0,0.0,0.0,0.0,0.0
2019-01-19,0,0,125,174.2,174.2,0.0,1061.653872,0.0
2019-01-19,0,0,126,0.0,0.0,0.0,0.0,0.0
2019-01-19,0,0,127,0.0,0.0,0.0,0.0,0.0
2019-01-19,0,0,128,249.5,249.5,0.0,1520.566252,0.0
2019-01-19,0,0,131,30.0,30.0,0.0,-11692.120804,0.0
2019-01-19,0,0,132,44.1,44.1,0.0,-17187.417582,0.0
2019-01-19,0,0,133,139.8,139.8,0.0,774.749019,0.0
2019-01-19,0,0,134,0.0,0.0,0.0,0.0,0.0
2019-01-19,0,0,135,187.33,187.33,0.0,1038.152601,0.0
2019-01-19,0,0,136,45.9,45.9,0.0,165.948651,0.0
2019-01-19,0,0,139,68.01,68.01,0.0,396.673463,0.0
2019-01-19,0,0,140,0.0,0.0,0.0,-0.0,0.0
2019-01-19,0,0,141,230.0,230.0,0.0,-130718.466325,0.0
2019-01-19,0,0,142,0.0,0.0,0.0,-0.0,0.0
2019-01-19,0,0,143,181.61,181.61,0.0,1107.724135,0.0
2019-01-19,0,0,145,30.0,30.0,0.0,178.107356,0.0
2019-01-19,0,0,146,0.0,0.0,0.0,-0.0,0.0
2019-01-19,0,0,152,0.0,0.0,0.0,0.0,0.0
2019-01-19,0,0,153,0.0,0.0,0.0,0.0,0.0
2019-01-19,0,0,154,0.0,0.0,0.0,0.0,0.0
2019-01-19,0,0,157,250.0,250.0,0.0,-142085.289483,0.0
2019-01-19,0,0,158,0.0,0.0,0.0,-0.0,0.0
2019-01-19,0,0,159,0.0,0.0,0.0,0.0,0.0
2019-01-19,0,0,160,0.0,0.0,0.0,0.0,0.0
2019-01-19,0,0,161,0.0,0.0,0.0,-0.0,0.0
2019-01-19,0,0,162,31.78,31.78,0.0,453.263529,0.0
2019-01-19,0,0,163,185.4,185.4,0.0,-185400.0,0.0
2019-01-19,0,0,164,0.0,0.0,0.0,0.0,0.0
2019-01-19,0,0,167,0.0,0.0,0.0,0.0,0.0
2019-01-19,0,0,168,0.0,0.0,0.0,0.0,0.0
2019-01-19,0,0,169,0.0,0.0,0.0,0.0,0.0
2019-01-19,0,0,170,0.0,0.0,0.0,0.0,0.0
2019-01-19,0,0,172,0.0,0.0,0.0,0.0,0.0
2019-01-19,0,0,173,0.0,0.0,0.0,0.0,0.0
2019-01-19,0,0,188,0.0,0.0,0.0,-0.0,0.0
2019-01-19,0,0,190,0.0,0.0,0.0,0.0,0.0
2019-01-19,0,0,191,0.0,0.0,0.0,0.0,0.0
2019-01-19,0,0,192,332.6,332.6,0.0,10785.405497,0.0
2019-01-19,0,0,194,176.5,176.5,0.0,-26379.403614,0.0
2019-01-19,0,0,196,0.0,0.0,0.0,0.0,0.0
2019-01-19,0,0,198,0.0,0.0,0.0,0.0,0.0
2019-01-19,0,0,199,39.0,39.0,0.0,-1531.267145,0.0
2019-01-19,0,0,200,0.0,0.0,0.0,-0.0,0.0
2019-01-19,0,0,204,857.0,857.0,0.0,4869.181715,0.0
2019-01-19,0,0,205,1058.0,1058.0,0.0,5989.981125,0.0
2019-01-19,0,0,206,539.94,539.94,0.0,3296.174639,0.0
2019-01-19,0,0,210,0.0,0.0,0.0,0.0,0.0
2019-01-19,0,0,214,0.0,0.0,0.0,0.0,0.0
2019-01-19,0,0,217,0.0,0.0,0.0,0.0,0.0
2019-01-19,0,0,218,0.0,0.0,0.0,0.0,0.0
2019-01-19,0,0,219,0.0,0.0,0.0,0.0,0.0
2019-01-19,0,0,221,0.0,0.0,0.0,0.0,0.0
2019-01-19,0,0,225,0.0,0.0,0.0,0.0,0.0
2019-01-19,0,0,233,0.0,0.0,0.0,0.0,0.0
2019-01-19,0,0,236,46.68,46.68,0.0,250.94087,0.0
2019-01-19,0,0,237,25.35,25.35,0.0,138.489017,0.0
2019-01-19,0,0,238,0.0,0.0,0.0,0.0,0.0
2019-01-19,0,0,240,0.0,0.0,0.0,0.0,0.0
2019-01-19,0,0,245,164.49,164.49,0.0,810.866397,0.0
2019-01-19,0,0,247,170.93,170.93,0.0,842.612884,0.0
2019-01-19,0,0,248,2.54,2.54,0.0,13.876217,0.0
2019-01-19,0,0,249,308.16,308.16,0.0,1519.098966,0.0
2019-01-19,0,0,251,208.67,208.67,0.0,853.914856,0.0
2019-01-19,0,0,252,258.97,258.97,0.0,911.236532,0.0
2019-01-19,0,0,254,0.0,0.0,0.0,0.0,0.0
2019-01-19,0,0,255,0.0,0.0,0.0,0.0,0.0
2019-01-19,0,0,258,0.0,0.0,0.0,0.0,0.0
2019-01-19,0,0,260,0.0,0.0,0.0,0.0,0.0
2019-01-19,0,0,265,0.0,0.0,0.0,0.0,0.0
2019-01-19,0,0,266,44.04,44.04,0.0,256.866627,0.0
2019-01-19,0,0,267,54.12,54.12,0.0,315.658988,0.0
2019-01-19,0,0,270,579.0,579.0,0.0,-579000.0,0.0
2019-01-19,0,0,272,501.3,501.3,0.0,-140993.818491,0.0
2019-01-19,0,0,273,0.0,0.0,0.0,-0.0,0.0
2019-01-19,0,0,274,746.4,746.4,0.0,-746400.0,0.0
2019-01-19,0,0,275,1039.0,1039.0,0.0,-1039000.0,0.0
2019-01-19,0,0,276,0.0,0.0,0.0,-0.0,0.0
2019-01-19,0,0,277,0.0,0.0,0.0,-0.0,0.0
2019-01-19,0,0,278,0.0,0.0,0.0,-0.0,0.0
2019-01-19,0,0,279,264.6,264.6,0.0,-77476.055139,0.0
2019-01-19,0,0,281,16.83,16.83,0.0,102.654023,0.0
2019-01-19,0,0,282,0.0,0.0,0.0,0.0,0.0
2019-01-19,1,0,9,0.0,0.0,0.0,0.0,0.0
2019-01-19,1,0,17,0.0,0.0,0.0,0.0,0.0
2019-01-19,1,0,19,643.3,643.3,0.0,420.132651,0.0
2019-01-19,1,0,20,780.2,780.2,0.0,509.540641,0.0
2019-01-19,1,0,21,0.0,0.0,0.0,0.0,0.0
2019-01-19,1,0,22,0.0,0.0,0.0,0.0,0.0
2019-01-19,1,0,23,108.8,108.8,0.0,884.010815,0.0
2019-01-19,1,0,24,192.5,192.5,0.0,1564.081635,0.0
2019-01-19,1,0,29,0.0,0.0,0.0,0.0,0.0
2019-01-19,1,0,30,0.0,0.0,0.0,0.0,0.0
2019-01-19,1,0,31,84.11,84.11,0.0,682.986937,0.0
2019-01-19,1,0,32,0.0,0.0,0.0,0.0,0.0
2019-01-19,1,0,33,0.0,0.0,0.0,0.0,0.0
2019-01-19,1,0,34,0.0,0.0,0.0,0.0,0.0
2019-01-19,1,0,35,0.0,0.0,0.0,0.0,0.0
2019-01-19,1,0,36,0.0,0.0,0.0,0.0,0.0
2019-01-19,1,0,37,0.0,0.0,0.0,0.0,0.0
2019-01-19,1,0,38,0.0,0.0,0.0,0.0,0.0
2019-01-19,1,0,39,0.0,0.0,0.0,0.0,0.0
2019-01-19,1,0,40,0.0,0.0,0.0,0.0,0.0
2019-01-19,1,0,41,95.5,95.5,0.0,800.32682,0.0
2019-01-19,1,0,42,0.0,0.0,0.0,0.0,0.0
2019-01-19,1,0,43,0.0,0.0,0.0,0.0,0.0
2019-01-19,1,0,46,0.0,0.0,0.0,0.0,0.0
2019-01-19,1,0,52,89.55,89.55,0.0,727.160625,0.0
2019-01-19,1,0,53,146.38,146.38,0.0,1188.629507,0.0
2019-01-19,1,0,55,524.08,524.08,0.0,4258.202094,0.0
2019-01-19,1,0,56,0.0,0.0,0.0,0.0,0.0
2019-01-19,1,0,57,0.0,0.0,0.0,0.0,0.0
2019-01-19,1,0,58,0.0,0.0,0.0,0.0,0.0
2019-01-19,1,0,59,0.0,0.0,0.0,0.0,0.0
2019-01-19,1,0,63,170.0,170.0,0.0,2175.865154,0.0
2019-01-19,1,0,64,200.0,200.0,0.0,2559.841358,0.0
2019-01-19,1,0,65,28.32,28.32,0.0,134.03681,0.0
2019-01-19,1,0,67,0.0,0.0,0.0,0.0,0.0
2019-01-19,1,0,68,10.2,10.2,0.0,84.103932,0.0
2019-01-19,1,0,69,0.0,0.0,0.0,0.0,0.0
2019-01-19,1,0,74,9.7,9.7,0.0,84.665082,0.0
2019-01-19,1,0,77,200.0,200.0,0.0,1530.038065,0.0
2019-01-19,1,0,78,151.2,151.2,0.0,1156.708777,0.0
2019-01-19,1,0,79,87.5,87.5,0.0,669.391654,0.0
2019-01-19,1,0,80,141.5,141.5,0.0,1082.501931,0.0
2019-01-19,1,0,81,185.0,185.0,0.0,1415.28521,0.0
2019-01-19,1,0,82,130.5,130.5,0.0,998.349838,0.0
2019-01-19,1,0,83,291.0,291.0,0.0,2226.205385,0.0
2019-01-19,1,0,84,0.0,0.0,0.0,0.0,0.0
2019-01-19,1,0,86,0.0,0.0,0.0,0.0,0.0
2019-01-19,1,0,87,0.0,0.0,0.0,0.0,0.0
2019-01-19,1,0,88,170.6,170.6,0.0,1305.12247,0.0
2019-01-19,1,0,89,164.0,164.0,0.0,1254.631214,0.0
2019-01-19,1,0,90,220.2,220.2,0.0,1684.57191,0.0
2019-01-19,1,0,91,785.5,785.5,0.0,6009.224502,0.0
2019-01-19,1,0,92,282.5,282.5,0.0,2161.178767,0.0
2019-01-19,1,0,95,88.63,88.63,0.0,1129.649098,0.0
2019-01-19,1,0,96,29.88,29.88,0.0,242.476338,0.0
2019-01-19,1,0,97,183.75,183.75,0.0,1491.132101,0.0
2019-01-19,1,0,99,1.87,1.87,0.0,16.322031,0.0
2019-01-19,1,0,101,0.0,0.0,0.0,0.0,0.0
2019-01-19,1,0,102,24.15,24.15,0.0,199.128428,0.0
2019-01-19,1,0,103,21.0,21.0,0.0,173.155154,0.0
2019-01-19,1,0,104,3.9,3.9,0.0,32.157386,0.0
2019-01-19,1,0,106,0.0,0.0,0.0,0.0,0.0
2019-01-19,1,0,109,200.0,200.0,0.0,1710.697139,0.0
2019-01-19,1,0,110,0.0,0.0,0.0,0.0,0.0
2019-01-19,1,0,111,0.0,0.0,0.0,0.0,0.0
2019-01-19,1,0,113,84.36,84.36,0.0,623.600929,0.0
2019-01-19,1,0,115,84.36,84.36,0.0,623.600929,0.0
2019-01-19,1,0,116,0.0,0.0,0.0,0.0,0.0
2019-01-19,1,0,117,5.76,5.76,0.0,42.578726,0.0
2019-01-19,1,0,119,200.0,200.0,0.0,2559.841358,0.0
2019-01-19,1,0,120,117.6,117.6,0.0,1505.186718,0.0
2019-01-19,1,0,123,0.0,0.0,0.0,0.0,0.0
2019-01-19,1,0,125,174.2,174.2,0.0,1415.392316,0.0
2019-01-19,1,0,126,0.0,0.0,0.0,0.0,0.0
2019-01-19,1,0,127,0.0,0.0,0.0,0.0,0.0
2019-01-19,1,0,128,249.5,249.5,0.0,2027.212301,0.0
2019-01-19,1,0,131,30.0,30.0,0.0,241.328933,0.0
2019-01-19,1,0,132,44.1,44.1,0.0,354.753532,0.0
2019-01-19,1,0,133,139.8,139.8,0.0,1322.282907,0.0
2019-01-19,1,0,134,0.0,0.0,0.0,0.0,0.0
2019-01-19,1,0,135,187.32,187.32,0.0,1771.745595,0.0
2019-01-19,1,0,136,45.9,45.9,0.0,227.522336,0.0
2019-01-19,1,0,139,123.33,123.33,0.0,1033.55295,0.0
2019-01-19,1,0,140,0.0,0.0,0.0,0.0,0.0
2019-01-19,1,0,141,0.0,0.0,0.0,0.0,0.0
2019-01-19,1,0,142,0.0,0.0,0.0,0.0,0.0
2019-01-19,1,0,143,238.49,238.49,0.0,1936.577751,0.0
2019-01-19,1,0,145,30.0,30.0,0.0,248.4282,0.0
2019-01-19,1,0,146,0.0,0.0,0.0,0.0,0.0
2019-01-19,1,0,152,0.0,0.0,0.0,0.0,0.0
2019-01-19,1,0,153,0.0,0.0,0.0,0.0,0.0
2019-01-19,1,0,154,0.0,0.0,0.0,0.0,0.0
2019-01-19,1,0,157,250.0,250.0,0.0,2249.698267,0.0
2019-01-19,1,0,158,0.0,0.0,0.0,0.0,0.0
2019-01-19,1,0,159,0.0,0.0,0.0,0.0,0.0
2019-01-19,1,0,160,0.0,0.0,0.0,0.0,0.0
2019-01-19,1,0,161,0.0,0.0,0.0,0.0,0.0
2019-01-19,1,0,162,29.78,29.78,0.0,379.644312,0.0
2019-01-19,1,0,163,0.0,0.0,0.0,0.0,0.0
2019-01-19,1,0,164,0.0,0.0,0.0,0.0,0.0
2019-01-19,1,0,167,0.0,0.0,0.0,0.0,0.0
2019-01-19,1,0,168,0.0,0.0,0.0,0.0,0.0
2019-01-19,1,0,169,0.0,0.0,0.0,0.0,0.0
2019-01-19,1,0,170,0.0,0.0,0.0,0.0,0.0
2019-01-19,1,0,172,0.0,0.0,0.0,0.0,0.0
2019-01-19,1,0,173,0.0,0.0,0.0,0.0,0.0
2019-01-19,1,0,188,0.0,0.0,0.0,0.0,0.0
2019-01-19,1,0,190,0.0,0.0,0.0,0.0,0.0
2019-01-19,1,0,191,0.0,0.0,0.0,0.0,0.0
2019-01-19,1,0,192,0.0,0.0,0.0,0.0,0.0
2019-01-19,1,0,194,176.5,176.5,0.0,1163.248733,0.0
2019-01-19,1,0,196,0.0,0.0,0.0,0.0,0.0
2019-01-19,1,0,198,0.0,0.0,0.0,0.0,0.0
2019-01-19,1,0,199,95.96,95.96,0.0,844.902824,0.0
2019-01-19,1,0,200,0.0,0.0,0.0,0.0,0.0
2019-01-19,1,0,204,857.0,857.0,0.0,7314.223336,0.0
2019-01-19,1,0,205,1058.0,1058.0,0.0,9049.587863,0.0
2019-01-19,1,0,206,539.94,539.94,0.0,4381.615601,0.0
2019-01-19,1,0,210,0.0,0.0,0.0,0.0,0.0
2019-01-19,1,0,214,0.0,0.0,0.0,0.0,0.0
2019-01-19,1,0,217,0.0,0.0,0.0,0.0,0.0
2019-01-19,1,0,218,0.0,0.0,0.0,0.0,0.0
2019-01-19,1,0,219,0.0,0.0,0.0,0.0,0.0
2019-01-19,1,0,221,0.0,0.0,0.0,0.0,0.0
2019-01-19,1,0,225,0.0,0.0,0.0,0.0,0.0
2019-01-19,1,0,233,0.0,0.0,0.0,0.0,0.0
2019-01-19,1,0,236,29.88,29.88,0.0,263.46276,0.0
2019-01-19,1,0,237,23.28,23.28,0.0,203.196196,0.0
2019-01-19,1,0,238,0.0,0.0,0.0,0.0,0.0
2019-01-19,1,0,240,0.0,0.0,0.0,0.0,0.0
2019-01-19,1,0,245,78.0,78.0,0.0,631.872573,0.0
2019-01-19,1,0,247,129.7,129.7,0.0,1050.690676,0.0
2019-01-19,1,0,248,2.34,2.34,0.0,20.42436,0.0
2019-01-19,1,0,249,150.01,150.01,0.0,1215.220573,0.0
2019-01-19,1,0,251,116.16,116.16,0.0,701.167179,0.0
2019-01-19,1,0,252,182.65,182.65,0.0,864.471162,0.0
2019-01-19,1,0,254,0.0,0.0,0.0,0.0,0.0
2019-01-19,1,0,255,0.0,0.0,0.0,0.0,0.0
2019-01-19,1,0,258,0.0,0.0,0.0,0.0,0.0
2019-01-19,1,0,260,0.0,0.0,0.0,0.0,0.0
2019-01-19,1,0,265,0.0,0.0,0.0,0.0,0.0
2019-01-19,1,0,266,79.86,79.86,0.0,669.25759,0.0
2019-01-19,1,0,267,98.14,98.14,0.0,822.451038,0.0
2019-01-19,1,0,270,0.0,0.0,0.0,0.0,0.0
2019-01-19,1,0,272,281.35,281.35,0.0,2079.778583,0.0
2019-01-19,1,0,273,0.0,0.0,0.0,0.0,0.0
2019-01-19,1,0,274,0.0,0.0,0.0,0.0,0.0
2019-01-19,1,0,275,0.0,0.0,0.0,0.0,0.0
2019-01-19,1,0,276,0.0,0.0,0.0,0.0,0.0
2019-01-19,1,0,277,0.0,0.0,0.0,0.0,0.0
2019-01-19,1,0,278,0.0,0.0,0.0,0.0,0.0
2019-01-19,1,0,279,264.6,264.6,0.0,1983.334841,0.0
2019-01-19,1,0,281,34.73,34.73,0.0,282.013272,0.0
2019-01-19,1,0,282,0.0,0.0,0.0,0.0,0.0
2019-01-19,2,0,9,0.0,0.0,0.0,0.0,0.0
2019-01-19,2,0,17,0.0,0.0,0.0,0.0,0.0
2019-01-19,2,0,19,643.3,643.3,0.0,862.441887,0.0
2019-01-19,2,0,20,780.2,780.2,0.0,1045.977242,0.0
2019-01-19,2,0,21,0.0,0.0,0.0,0.0,0.0
2019-01-19,2,0,22,0.0,0.0,0.0,0.0,0.0
2019-01-19,2,0,23,108.8,108.8,0.0,641.387934,0.0
2019-01-19,2,0,24,192.5,192.5,0.0,1134.808616,0.0
2019-01-19,2,0,29,0.0,0.0,0.0,0.0,0.0
2019-01-19,2,0,30,0.0,0.0,0.0,0.0,0.0
2019-01-19,2,0,31,37.5,37.5,0.0,220.759721,0.0
2019-01-19,2,0,32,0.0,0.0,0.0,0.0,0.0
2019-01-19,2,0,33,0.0,0.0,0.0,0.0,0.0
2019-01-19,2,0,34,0.0,0.0,0.0,0.0,0.0
2019-01-19,2,0,35,0.0,0.0,0.0,0.0,0.0
2019-01-19,2,0,36,0.0,0.0,0.0,0.0,0.0
2019-01-19,2,0,37,0.0,0.0,0.0,0.0,0.0
2019-01-19,2,0,38,0.0,0.0,0.0,0.0,0.0
2019-01-19,2,0,39,0.0,0.0,0.0,0.0,0.0
2019-01-19,2,0,40,0.0,0.0,0.0,0.0,0.0
2019-01-19,2,0,41,116.0,116.0,0.0,733.130405,0.0
2019-01-19,2,0,42,0.0,0.0,0.0,0.0,0.0
2019-01-19,2,0,43,0.0,0.0,0.0,0.0,0.0
2019-01-19,2,0,46,0.0,0.0,0.0,0.0,0.0
2019-01-19,2,0,52,39.75,39.75,0.0,234.005304,0.0
2019-01-19,2,0,53,63.15,63.15,0.0,371.75937,0.0
2019-01-19,2,0,55,623.0,623.0,0.0,3672.653338,0.0
2019-01-19,2,0,56,0.0,0.0,0.0,0.0,0.0
2019-01-19,2,0,57,0.0,0.0,0.0,0.0,0.0
2019-01-19,2,0,58,0.0,0.0,0.0,0.0,0.0
2019-01-19,2,0,59,0.0,0.0,0.0,0.0,0.0
2019-01-19,2,0,63,170.0,170.0,0.0,2304.274299,0.0
2019-01-19,2,0,64,200.0,200.0,0.0,2710.91094,0.0
2019-01-19,2,0,65,20.49,20.49,0.0,86.58619,0.0
2019-01-19,2,0,67,0.0,0.0,0.0,0.0,0.0
2019-01-19,2,0,68,10.2,10.2,0.0,62.058207,0.0
2019-01-19,2,0,69,0.0,0.0,0.0,0.0,0.0
2019-01-19,2,0,74,13.03,13.03,0.0,90.006085,0.0
2019-01-19,2,0,77,200.0,200.0,0.0,1021.621587,0.0
2019-01-19,2,0,78,151.2,151.2,0.0,772.34592,0.0
2019-01-19,2,0,79,87.5,87.5,0.0,446.959444,0.0
2019-01-19,2,0,80,141.5,141.5,0.0,722.797273,0.0
2019-01-19,2,0,81,185.0,185.0,0.0,944.999968,0.0
2019-01-19,2,0,82,130.5,130.5,0.0,666.608086,0.0
2019-01-19,2,0,83,291.0,291.0,0.0,1486.459409,0.0
2019-01-19,2,0,84,0.0,0.0,0.0,0.0,0.0
2019-01-19,2,0,86,0.0,0.0,0.0,0.0,0.0
2019-01-19,2,0,87,0.0,0.0,0.0,0.0,0.0
2019-01-19,2,0,88,170.6,170.6,0.0,871.443214,0.0
2019-01-19,2,0,89,164.0,164.0,0.0,837.729701,0.0
2019-01-19,2,0,90,220.2,220.2,0.0,1124.805367,0.0
2019-01-19,2,0,91,785.5,785.5,0.0,4012.418783,0.0
2019-01-19,2,0,92,282.5,282.5,0.0,1443.040492,0.0
2019-01-19,2,0,95,19.38,19.38,0.0,260.976423,0.0
2019-01-19,2,0,96,29.88,29.88,0.0,175.645785,0.0
2019-01-19,2,0,97,183.75,183.75,0.0,1080.15104,0.0
2019-01-19,2,0,99,2.52,2.52,0.0,17.407163,0.0
2019-01-19,2,0,101,0.0,0.0,0.0,0.0,0.0
2019-01-19,2,0,102,24.15,24.15,0.0,146.931932,0.0
2019-01-19,2,0,103,21.0,21.0,0.0,127.766897,0.0
2019-01-19,2,0,104,3.9,3.9,0.0,23.728138,0.0
2019-01-19,2,0,106,0.0,0.0,0.0,0.0,0.0
2019-01-19,2,0,109,195.26,195.26,0.0,1289.480654,0.0
2019-01-19,2,0,110,0.0,0.0,0.0,0.0,0.0
2019-01-19,2,0,111,0.0,0.0,0.0,0.0,0.0
2019-01-19,2,0,113,92.76,92.76,0.0,434.398624,0.0
2019-01-19,2,0,115,92.76,92.76,0.0,434.398624,0.0
2019-01-19,2,0,116,0.0,0.0,0.0,0.0,0.0
2019-01-19,2,0,117,4.96,4.96,0.0,23.22787,0.0
2019-01-19,2,0,119,200.0,200.0,0.0,2710.91094,0.0
2019-01-19,2,0,120,117.6,117.6,0.0,1594.015633,0.0
2019-01-19,2,0,123,0.0,0.0,0.0,0.0,0.0
2019-01-19,2,0,125,174.2,174.2,0.0,1026.928108,0.0
2019-01-19,2,0,126,0.0,0.0,0.0,0.0,0.0
2019-01-19,2,0,127,0.0,0.0,0.0,0.0,0.0
2019-01-19,2,0,128,249.5,249.5,0.0,1470.829868,0.0
2019-01-19,2,0,131,30.0,30.0,0.0,172.622953,0.0
2019-01-19,2,0,132,44.1,44.1,0.0,253.755742,0.0
2019-01-19,2,0,133,139.8,139.8,0.0,1059.579168,0.0
2019-01-19,2,0,134,0.0,0.0,0.0,0.0,0.0
2019-01-19,2,0,135,187.33,187.33,0.0,1419.820927,0.0
2019-01-19,2,0,136,36.36,36.36,0.0,159.408258,0.0
2019-01-19,2,0,139,149.8,149.8,0.0,946.749436,0.0
2019-01-19,2,0,140,0.0,0.0,0.0,0.0,0.0
2019-01-19,2,0,141,0.0,0.0,0.0,0.0,0.0
2019-01-19,2,0,142,0.0,0.0,0.0,0.0,0.0
2019-01-19,2,0,143,135.14,135.14,0.0,795.559164,0.0
2019-01-19,2,0,145,30.0,30.0,0.0,184.590447,0.0
2019-01-19,2,0,146,0.0,0.0,0.0,0.0,0.0
2019-01-19,2,0,152,0.0,0.0,0.0,0.0,0.0
2019-01-19,2,0,153,0.0,0.0,0.0,0.0,0.0
2019-01-19,2,0,154,0.0,0.0,0.0,0.0,0.0
2019-01-19,2,0,157,250.0,250.0,0.0,1829.980171,0.0
2019-01-19,2,0,158,0.0,0.0,0.0,0.0,0.0
2019-01-19,2,0,159,0.0,0.0,0.0,0.0,0.0
2019-01-19,2,0,160,0.0,0.0,0.0,0.0,0.0
2019-01-19,2,0,161,0.0,0.0,0.0,0.0,0.0
2019-01-19,2,0,162,16.19,16.19,0.0,218.088832,0.0
2019-01-19,2,0,163,0.0,0.0,0.0,0.0,0.0
2019-01-19,2,0,164,0.0,0.0,0.0,0.0,0.0
2019-01-19,2,0,167,0.0,0.0,0.0,0.0,0.0
2019-01-19,2,0,168,0.0,0.0,0.0,0.0,0.0
2019-01-19,2,0,169,0.0,0.0,0.0,0.0,0.0
2019-01-19,2,0,170,0.0,0.0,0.0,0.0,0.0
2019-01-19,2,0,172,0.0,0.0,0.0,0.0,0.0
2019-01-19,2,0,173,0.0,0.0,0.0,0.0,0.0
2019-01-19,2,0,188,0.0,0.0,0.0,0.0,0.0
2019-01-19,2,0,190,0.0,0.0,0.0,0.0,0.0
2019-01-19,2,0,191,0.0,0.0,0.0,0.0,0.0
2019-01-19,2,0,192,0.0,0.0,0.0,0.0,0.0
2019-01-19,2,0,194,176.5,176.5,0.0,594.201196,0.0
2019-01-19,2,0,196,0.0,0.0,0.0,0.0,0.0
2019-01-19,2,0,198,0.0,0.0,0.0,0.0,0.0
2019-01-19,2,0,199,25.23,25.23,0.0,176.435529,0.0
2019-01-19,2,0,200,0.0,0.0,0.0,0.0,0.0
2019-01-19,2,0,204,857.0,857.0,0.0,5632.301509,0.0
2019-01-19,2,0,205,958.56,958.56,0.0,6330.249799,0.0
2019-01-19,2,0,206,539.94,539.94,0.0,3173.968721,0.0
2019-01-19,2,0,210,0.0,0.0,0.0,0.0,0.0
2019-01-19,2,0,214,0.0,0.0,0.0,0.0,0.0
2019-01-19,2,0,217,0.0,0.0,0.0,0.0,0.0
2019-01-19,2,0,218,0.0,0.0,0.0,0.0,0.0
2019-01-19,2,0,219,0.0,0.0,0.0,0.0,0.0
2019-01-19,2,0,221,0.0,0.0,0.0,0.0,0.0
2019-01-19,2,0,225,0.0,0.0,0.0,0.0,0.0
2019-01-19,2,0,233,0.0,0.0,0.0,0.0,0.0
2019-01-19,2,0,236,27.97,27.97,0.0,197.276512,0.0
2019-01-19,2,0,237,31.26,31.26,0.0,215.931713,0.0
2019-01-19,2,0,238,0.0,0.0,0.0,0.0,0.0
2019-01-19,2,0,240,0.0,0.0,0.0,0.0,0.0
2019-01-19,2,0,245,78.01,78.01,0.0,517.700013,0.0
2019-01-19,2,0,247,109.99,109.99,0.0,729.929809,0.0
2019-01-19,2,0,248,3.14,3.14,0.0,21.689878,0.0
2019-01-19,2,0,249,150.01,150.01,0.0,995.51569,0.0
2019-01-19,2,0,251,86.41,86.41,0.0,444.189318,0.0
2019-01-19,2,0,252,132.16,132.16,0.0,558.478814,0.0
2019-01-19,2,0,254,0.0,0.0,0.0,0.0,0.0
2019-01-19,2,0,255,0.0,0.0,0.0,0.0,0.0
2019-01-19,2,0,258,0.0,0.0,0.0,0.0,0.0
2019-01-19,2,0,260,0.0,0.0,0.0,0.0,0.0
2019-01-19,2,0,265,0.0,0.0,0.0,0.0,0.0
2019-01-19,2,0,266,97.0,97.0,0.0,613.0487,0.0
2019-01-19,2,0,267,119.2,119.2,0.0,753.354692,0.0
2019-01-19,2,0,270,0.0,0.0,0.0,0.0,0.0
2019-01-19,2,0,272,400.13,400.13,0.0,1873.824078,0.0
2019-01-19,2,0,273,0.0,0.0,0.0,0.0,0.0
2019-01-19,2,0,274,0.0,0.0,0.0,0.0,0.0
2019-01-19,2,0,275,0.0,0.0,0.0,0.0,0.0
2019-01-19,2,0,276,0.0,0.0,0.0,0.0,0.0
2019-01-19,2,0,277,0.0,0.0,0.0,0.0,0.0
2019-01-19,2,0,278,0.0,0.0,0.0,0.0,0.0
2019-01-19,2,0,279,264.6,264.6,0.0,1284.224331,0.0
2019-01-19,2,0,281,16.83,16.83,0.0,99.076963,0.0
2019-01-19,2,0,282,0.0,0.0,0.0,0.0,0.0
2019-01-19,3,0,9,0.0,0.0,0.0,0.0,0.0
2019-01-19,3,0,17,0.0,0.0,0.0,0.0,0.0
2019-01-19,3,0,19,643.3,643.3,0.0,1394.267085,0.0
2019-01-19,3,0,20,780.2,780.2,0.0,1690.979605,0.0
2019-01-19,3,0,21,0.0,0.0,0.0,0.0,0.0
2019-01-19,3,0,22,0.0,0.0,0.0,0.0,0.0
2019-01-19,3,0,23,108.8,108.8,0.0,154.403711,0.0
2019-01-19,3,0,24,192.5,192.5,0.0,273.186713,0.0
2019-01-19,3,0,29,0.0,0.0,0.0,0.0,0.0
2019-01-19,3,0,30,0.0,0.0,0.0,0.0,0.0
2019-01-19,3,0,31,37.5,37.5,0.0,52.586906,0.0
2019-01-19,3,0,32,0.0,0.0,0.0,0.0,0.0
2019-01-19,3,0,33,0.0,0.0,0.0,0.0,0.0
2019-01-19,3,0,34,0.0,0.0,0.0,0.0,0.0
2019-01-19,3,0,35,0.0,0.0,0.0,0.0,0.0
2019-01-19,3,0,36,0.0,0.0,0.0,0.0,0.0
2019-01-19,3,0,37,0.0,0.0,0.0,0.0,0.0
2019-01-19,3,0,38,0.0,0.0,0.0,0.0,0.0
2019-01-19,3,0,39,0.0,0.0,0.0,0.0,0.0
2019-01-19,3,0,40,0.0,0.0,0.0,0.0,0.0
2019-01-19,3,0,41,116.0,116.0,0.0,266.286715,0.0
2019-01-19,3,0,42,0.0,0.0,0.0,0.0,0.0
2019-01-19,3,0,43,0.0,0.0,0.0,0.0,0.0
2019-01-19,3,0,46,0.0,0.0,0.0,0.0,0.0
2019-01-19,3,0,52,39.75,39.75,0.0,55.74212,0.0
2019-01-19,3,0,53,63.15,63.15,0.0,88.556349,0.0
2019-01-19,3,0,55,623.0,623.0,0.0,884.131544,0.0
2019-01-19,3,0,56,0.0,0.0,0.0,0.0,0.0
2019-01-19,3,0,57,0.0,0.0,0.0,0.0,0.0
2019-01-19,3,0,58,0.0,0.0,0.0,0.0,0.0
2019-01-19,3,0,59,0.0,0.0,0.0,0.0,0.0
2019-01-19,3,0,63,0.0,0.0,0.0,0.0,0.0
2019-01-19,3,0,64,0.0,0.0,0.0,0.0,0.0
2019-01-19,3,0,65,14.48,14.48,0.0,44.780231,0.0
2019-01-19,3,0,67,0.0,0.0,0.0,0.0,0.0
2019-01-19,3,0,68,10.2,10.2,0.0,23.558201,0.0
2019-01-19,3,0,69,0.0,0.0,0.0,0.0,0.0
2019-01-19,3,0,74,24.45,24.45,0.0,86.009779,0.0
2019-01-19,3,0,77,200.0,200.0,0.0,-39.848409,0.0
2019-01-19,3,0,78,151.2,151.2,0.0,-30.125397,0.0
2019-01-19,3,0,79,87.5,87.5,0.0,-17.433679,0.0
2019-01-19,3,0,80,141.5,141.5,0.0,-28.192749,0.0
2019-01-19,3,0,81,185.0,185.0,0.0,-36.859778,0.0
2019-01-19,3,0,82,130.5,130.5,0.0,-26.001087,0.0
2019-01-19,3,0,83,291.0,291.0,0.0,-57.979435,0.0
2019-01-19,3,0,84,0.0,0.0,0.0,0.0,0.0
2019-01-19,3,0,86,0.0,0.0,0.0,0.0,0.0
2019-01-19,3,0,87,0.0,0.0,0.0,0.0,0.0
2019-01-19,3,0,88,170.6,170.6,0.0,-33.990693,0.0
2019-01-19,3,0,89,164.0,164.0,0.0,-32.675695,0.0
2019-01-19,3,0,90,220.2,220.2,0.0,-43.873098,0.0
2019-01-19,3,0,91,785.5,785.5,0.0,-156.504625,0.0
2019-01-19,3,0,92,282.5,282.5,0.0,-56.285877,0.0
2019-01-19,3,0,95,22.24,22.24,0.0,321.989323,0.0
2019-01-19,3,0,96,29.88,29.88,0.0,41.375554,0.0
2019-01-19,3,0,97,183.75,183.75,0.0,254.443039,0.0
2019-01-19,3,0,99,4.72,4.72,0.0,16.603933,0.0
2019-01-19,3,0,101,0.0,0.0,0.0,0.0,0.0
2019-01-19,3,0,102,24.15,24.15,0.0,55.777506,0.0
2019-01-19,3,0,103,21.0,21.0,0.0,48.502179,0.0
2019-01-19,3,0,104,3.9,3.9,0.0,9.007547,0.0
2019-01-19,3,0,106,0.0,0.0,0.0,0.0,0.0
2019-01-19,3,0,109,200.0,200.0,0.0,575.064724,0.0
2019-01-19,3,0,110,0.0,0.0,0.0,0.0,0.0
2019-01-19,3,0,111,0.0,0.0,0.0,0.0,0.0
2019-01-19,3,0,113,78.82,78.82,0.0,142.241927,0.0
2019-01-19,3,0,115,78.82,78.82,0.0,142.241927,0.0
2019-01-19,3,0,116,0.0,0.0,0.0,0.0,0.0
2019-01-19,3,0,117,4.05,4.05,0.0,7.308802,0.0
2019-01-19,3,0,119,0.0,0.0,0.0,0.0,0.0
2019-01-19,3,0,120,0.0,0.0,0.0,0.0,0.0
2019-01-19,3,0,123,0.0,0.0,0.0,0.0,0.0
2019-01-19,3,0,125,174.2,174.2,0.0,247.216236,0.0
2019-01-19,3,0,126,0.0,0.0,0.0,0.0,0.0
2019-01-19,3,0,127,0.0,0.0,0.0,0.0,0.0
2019-01-19,3,0,128,249.5,249.5,0.0,354.078363,0.0
2019-01-19,3,0,131,30.0,30.0,0.0,52.282755,0.0
2019-01-19,3,0,132,44.1,44.1,0.0,76.85565,0.0
2019-01-19,3,0,133,78.86,78.86,0.0,331.500658,0.0
2019-01-19,3,0,134,0.0,0.0,0.0,0.0,0.0
2019-01-19,3,0,135,105.53,105.53,0.0,443.612281,0.0
2019-01-19,3,0,136,26.71,26.71,0.0,83.958838,0.0
2019-01-19,3,0,139,149.8,149.8,0.0,343.877155,0.0
2019-01-19,3,0,140,0.0,0.0,0.0,0.0,0.0
2019-01-19,3,0,141,0.0,0.0,0.0,0.0,0.0
2019-01-19,3,0,142,0.0,0.0,0.0,0.0,0.0
2019-01-19,3,0,143,71.55,71.55,0.0,100.335816,0.0
2019-01-19,3,0,145,30.0,30.0,0.0,58.471782,0.0
2019-01-19,3,0,146,0.0,0.0,0.0,0.0,0.0
2019-01-19,3,0,152,0.0,0.0,0.0,0.0,0.0
2019-01-19,3,0,153,0.0,0.0,0.0,0.0,0.0
2019-01-19,3,0,154,0.0,0.0,0.0,0.0,0.0
2019-01-19,3,0,157,250.0,250.0,0.0,1108.045639,0.0
2019-01-19,3,0,158,0.0,0.0,0.0,0.0,0.0
2019-01-19,3,0,159,0.0,0.0,0.0,0.0,0.0
2019-01-19,3,0,160,0.0,0.0,0.0,0.0,0.0
2019-01-19,3,0,161,0.0,0.0,0.0,0.0,0.0
2019-01-19,3,0,162,48.75,48.75,0.0,706.116563,0.0
2019-01-19,3,0,163,0.0,0.0,0.0,0.0,0.0
2019-01-19,3,0,164,0.0,0.0,0.0,0.0,0.0
2019-01-19,3,0,167,0.0,0.0,0.0,0.0,0.0
2019-01-19,3,0,168,0.0,0.0,0.0,0.0,0.0
2019-01-19,3,0,169,0.0,0.0,0.0,0.0,0.0
2019-01-19,3,0,170,0.0,0.0,0.0,0.0,0.0
2019-01-19,3,0,172,0.0,0.0,0.0,0.0,0.0
2019-01-19,3,0,173,0.0,0.0,0.0,0.0,0.0
2019-01-19,3,0,188,0.0,0.0,0.0,0.0,0.0
2019-01-19,3,0,190,0.0,0.0,0.0,0.0,0.0
2019-01-19,3,0,191,0.0,0.0,0.0,0.0,0.0
2019-01-19,3,0,192,0.0,0.0,0.0,0.0,0.0
2019-01-19,3,0,194,0.0,0.0,0.0,-0.0,0.0
2019-01-19,3,0,196,0.0,0.0,0.0,0.0,0.0
2019-01-19,3,0,198,0.0,0.0,0.0,0.0,0.0
2019-01-19,3,0,199,20.64,20.64,0.0,95.777702,0.0
2019-01-19,3,0,200,0.0,0.0,0.0,0.0,0.0
2019-01-19,3,0,204,857.0,857.0,0.0,2407.393731,0.0
2019-01-19,3,0,205,1058.0,1058.0,0.0,3042.09239,0.0
2019-01-19,3,0,206,539.94,539.94,0.0,747.667888,0.0
2019-01-19,3,0,210,0.0,0.0,0.0,0.0,0.0
2019-01-19,3,0,214,0.0,0.0,0.0,0.0,0.0
2019-01-19,3,0,217,0.0,0.0,0.0,0.0,0.0
2019-01-19,3,0,218,0.0,0.0,0.0,0.0,0.0
2019-01-19,3,0,219,0.0,0.0,0.0,0.0,0.0
2019-01-19,3,0,221,0.0,0.0,0.0,0.0,0.0
2019-01-19,3,0,225,0.0,0.0,0.0,0.0,0.0
2019-01-19,3,0,233,0.0,0.0,0.0,0.0,0.0
2019-01-19,3,0,236,35.95,35.95,0.0,137.133342,0.0
2019-01-19,3,0,237,58.65,58.65,0.0,206.317936,0.0
2019-01-19,3,0,238,0.0,0.0,0.0,0.0,0.0
2019-01-19,3,0,240,0.0,0.0,0.0,0.0,0.0
2019-01-19,3,0,245,77.8,77.8,0.0,307.530948,0.0
2019-01-19,3,0,247,97.63,97.63,0.0,385.915764,0.0
2019-01-19,3,0,248,5.89,5.89,0.0,20.719738,0.0
2019-01-19,3,0,249,149.61,149.61,0.0,591.384384,0.0
2019-01-19,3,0,251,63.87,63.87,0.0,214.916704,0.0
2019-01-19,3,0,252,93.4,93.4,0.0,288.84486,0.0
2019-01-19,3,0,254,0.0,0.0,0.0,0.0,0.0
2019-01-19,3,0,255,0.0,0.0,0.0,0.0,0.0
2019-01-19,3,0,258,0.0,0.0,0.0,0.0,0.0
2019-01-19,3,0,260,0.0,0.0,0.0,0.0,0.0
2019-01-19,3,0,265,0.0,0.0,0.0,0.0,0.0
2019-01-19,3,0,266,97.0,97.0,0.0,222.670788,0.0
2019-01-19,3,0,267,119.2,119.2,0.0,273.632556,0.0
2019-01-19,3,0,270,0.0,0.0,0.0,0.0,0.0
2019-01-19,3,0,272,321.97,321.97,0.0,581.040765,0.0
2019-01-19,3,0,273,0.0,0.0,0.0,0.0,0.0
2019-01-19,3,0,274,0.0,0.0,0.0,0.0,0.0
2019-01-19,3,0,275,0.0,0.0,0.0,0.0,0.0
2019-01-19,3,0,276,0.0,0.0,0.0,0.0,0.0
2019-01-19,3,0,277,0.0,0.0,0.0,0.0,0.0
2019-01-19,3,0,278,0.0,0.0,0.0,0.0,0.0
2019-01-19,3,0,279,264.6,264.6,0.0,724.724787,0.0
2019-01-19,3,0,281,16.83,16.83,0.0,23.601003,0.0
2019-01-19,3,0,282,0.0,0.0,0.0,0.0,0.0
2019-01-19,4,0,9,0.0,0.0,0.0,0.0,0.0
2019-01-19,4,0,17,0.0,0.0,0.0,-0.0,0.0
2019-01-19,4,0,19,643.3,643.3,0.0,-355.302854,0.0
2019-01-19,4,0,20,780.2,780.2,0.0,-430.914482,0.0
2019-01-19,4,0,21,0.0,0.0,0.0,0.0,0.0
2019-01-19,4,0,22,0.0,0.0,0.0,0.0,0.0
2019-01-19,4,0,23,0.0,0.0,0.0,0.0,0.0
2019-01-19,4,0,24,0.0,0.0,0.0,0.0,0.0
2019-01-19,4,0,29,0.0,0.0,0.0,0.0,0.0
2019-01-19,4,0,30,0.0,0.0,0.0,0.0,0.0
2019-01-19,4,0,31,37.5,37.5,0.0,412.634896,0.0
2019-01-19,4,0,32,0.0,0.0,0.0,0.0,0.0
2019-01-19,4,0,33,0.0,0.0,0.0,0.0,0.0
2019-01-19,4,0,34,0.0,0.0,0.0,0.0,0.0
2019-01-19,4,0,35,0.0,0.0,0.0,0.0,0.0
2019-01-19,4,0,36,0.0,0.0,0.0,0.0,0.0
2019-01-19,4,0,37,0.0,0.0,0.0,0.0,0.0
2019-01-19,4,0,38,0.0,0.0,0.0,0.0,0.0
2019-01-19,4,0,39,0.0,0.0,0.0,0.0,0.0
2019-01-19,4,0,40,0.0,0.0,0.0,0.0,0.0
2019-01-19,4,0,41,0.0,0.0,0.0,0.0,0.0
2019-01-19,4,0,42,0.0,0.0,0.0,0.0,0.0
2019-01-19,4,0,43,0.0,0.0,0.0,0.0,0.0
2019-01-19,4,0,46,0.0,0.0,0.0,0.0,0.0
2019-01-19,4,0,52,39.75,39.75,0.0,437.39299,0.0
2019-01-19,4,0,53,63.15,63.15,0.0,694.877166,0.0
2019-01-19,4,0,55,623.0,623.0,0.0,6855.163169,0.0
2019-01-19,4,0,56,0.0,0.0,0.0,0.0,0.0
2019-01-19,4,0,57,0.0,0.0,0.0,0.0,0.0
2019-01-19,4,0,58,0.0,0.0,0.0,0.0,0.0
2019-01-19,4,0,59,0.0,0.0,0.0,0.0,0.0
2019-01-19,4,0,63,0.0,0.0,0.0,0.0,0.0
2019-01-19,4,0,64,0.0,0.0,0.0,0.0,0.0
2019-01-19,4,0,65,9.96,9.96,0.0,51.39526,0.0
2019-01-19,4,0,67,0.0,0.0,0.0,0.0,0.0
2019-01-19,4,0,68,10.2,10.2,0.0,112.365849,0.0
2019-01-19,4,0,69,0.0,0.0,0.0,0.0,0.0
2019-01-19,4,0,74,47.85,47.85,0.0,524.901195,0.0
2019-01-19,4,0,77,0.0,0.0,0.0,0.0,0.0
2019-01-19,4,0,78,0.0,0.0,0.0,0.0,0.0
2019-01-19,4,0,79,0.0,0.0,0.0,0.0,0.0
2019-01-19,4,0,80,0.0,0.0,0.0,0.0,0.0
2019-01-19,4,0,81,0.0,0.0,0.0,0.0,0.0
2019-01-19,4,0,82,0.0,0.0,0.0,0.0,0.0
2019-01-19,4,0,83,0.0,0.0,0.0,0.0,0.0
2019-01-19,4,0,84,0.0,0.0,0.0,0.0,0.0
2019-01-19,4,0,86,0.0,0.0,0.0,0.0,0.0
2019-01-19,4,0,87,0.0,0.0,0.0,0.0,0.0
2019-01-19,4,0,88,0.0,0.0,0.0,0.0,0.0
2019-01-19,4,0,89,0.0,0.0,0.0,0.0,0.0
2019-01-19,4,0,90,0.0,0.0,0.0,0.0,0.0
2019-01-19,4,0,91,0.0,0.0,0.0,0.0,0.0
2019-01-19,4,0,92,0.0,0.0,0.0,0.0,0.0
2019-01-19,4,0,95,84.17,84.17,0.0,927.608979,0.0
2019-01-19,4,0,96,0.0,0.0,0.0,0.0,0.0
2019-01-19,4,0,97,0.0,0.0,0.0,0.0,0.0
2019-01-19,4,0,99,9.24,9.24,0.0,101.360231,0.0
2019-01-19,4,0,101,0.0,0.0,0.0,0.0,0.0
2019-01-19,4,0,102,24.15,24.15,0.0,266.042671,0.0
2019-01-19,4,0,103,21.0,21.0,0.0,231.341453,0.0
2019-01-19,4,0,104,3.9,3.9,0.0,42.963413,0.0
2019-01-19,4,0,106,0.0,0.0,0.0,0.0,0.0
2019-01-19,4,0,109,200.0,200.0,0.0,2198.955352,0.0
2019-01-19,4,0,110,0.0,0.0,0.0,0.0,0.0
2019-01-19,4,0,111,0.0,0.0,0.0,0.0,0.0
2019-01-19,4,0,113,0.0,0.0,0.0,0.0,0.0
2019-01-19,4,0,115,0.0,0.0,0.0,0.0,0.0
2019-01-19,4,0,116,0.0,0.0,0.0,0.0,0.0
2019-01-19,4,0,117,0.0,0.0,0.0,0.0,0.0
2019-01-19,4,0,119,0.0,0.0,0.0,0.0,0.0
2019-01-19,4,0,120,0.0,0.0,0.0,0.0,0.0
2019-01-19,4,0,123,0.0,0.0,0.0,0.0,0.0
2019-01-19,4,0,125,0.0,0.0,0.0,0.0,0.0
2019-01-19,4,0,126,0.0,0.0,0.0,0.0,0.0
2019-01-19,4,0,127,0.0,0.0,0.0,0.0,0.0
2019-01-19,4,0,128,0.0,0.0,0.0,0.0,0.0
2019-01-19,4,0,131,30.0,30.0,0.0,330.482484,0.0
2019-01-19,4,0,132,44.1,44.1,0.0,485.809252,0.0
2019-01-19,4,0,133,111.41,111.41,0.0,1310.060189,0.0
2019-01-19,4,0,134,0.0,0.0,0.0,0.0,0.0
2019-01-19,4,0,135,153.69,153.69,0.0,1807.226914,0.0
2019-01-19,4,0,136,19.07,19.07,0.0,104.3848,0.0
2019-01-19,4,0,139,0.0,0.0,0.0,0.0,0.0
2019-01-19,4,0,140,0.0,0.0,0.0,0.0,0.0
2019-01-19,4,0,141,0.0,0.0,0.0,0.0,0.0
2019-01-19,4,0,142,0.0,0.0,0.0,0.0,0.0
2019-01-19,4,0,143,71.55,71.55,0.0,787.307382,0.0
2019-01-19,4,0,145,30.0,30.0,0.0,330.006932,0.0
2019-01-19,4,0,146,0.0,0.0,0.0,0.0,0.0
2019-01-19,4,0,152,0.0,0.0,0.0,0.0,0.0
2019-01-19,4,0,153,0.0,0.0,0.0,0.0,0.0
2019-01-19,4,0,154,0.0,0.0,0.0,0.0,0.0
2019-01-19,4,0,157,250.0,250.0,0.0,2754.230496,0.0
2019-01-19,4,0,158,0.0,0.0,0.0,0.0,0.0
2019-01-19,4,0,159,0.0,0.0,0.0,0.0,0.0
2019-01-19,4,0,160,0.0,0.0,0.0,0.0,0.0
2019-01-19,4,0,161,0.0,0.0,0.0,0.0,0.0
2019-01-19,4,0,162,0.0,0.0,0.0,0.0,0.0
2019-01-19,4,0,163,0.0,0.0,0.0,0.0,0.0
2019-01-19,4,0,164,0.0,0.0,0.0,0.0,0.0
2019-01-19,4,0,167,0.0,0.0,0.0,0.0,0.0
2019-01-19,4,0,168,0.0,0.0,0.0,0.0,0.0
2019-01-19,4,0,169,0.0,0.0,0.0,0.0,0.0
2019-01-19,4,0,170,0.0,0.0,0.0,0.0,0.0
2019-01-19,4,0,172,0.0,0.0,0.0,0.0,0.0
2019-01-19,4,0,173,0.0,0.0,0.0,0.0,0.0
2019-01-19,4,0,188,0.0,0.0,0.0,0.0,0.0
2019-01-19,4,0,190,0.0,0.0,0.0,0.0,0.0
2019-01-19,4,0,191,0.0,0.0,0.0,0.0,0.0
2019-01-19,4,0,192,0.0,0.0,0.0,0.0,0.0
2019-01-19,4,0,194,0.0,0.0,0.0,0.0,0.0
2019-01-19,4,0,196,0.0,0.0,0.0,0.0,0.0
2019-01-19,4,0,198,0.0,0.0,0.0,0.0,0.0
2019-01-19,4,0,199,28.72,28.72,0.0,316.766974,0.0
2019-01-19,4,0,200,0.0,0.0,0.0,0.0,0.0
2019-01-19,4,0,204,857.0,857.0,0.0,9423.739194,0.0
2019-01-19,4,0,205,1058.0,1058.0,0.0,11632.473814,0.0
2019-01-19,4,0,206,0.0,0.0,0.0,0.0,0.0
2019-01-19,4,0,210,0.0,0.0,0.0,0.0,0.0
2019-01-19,4,0,214,0.0,0.0,0.0,0.0,0.0
2019-01-19,4,0,217,0.0,0.0,0.0,0.0,0.0
2019-01-19,4,0,218,0.0,0.0,0.0,0.0,0.0
2019-01-19,4,0,219,0.0,0.0,0.0,0.0,0.0
2019-01-19,4,0,221,0.0,0.0,0.0,0.0,0.0
2019-01-19,4,0,225,0.0,0.0,0.0,0.0,0.0
2019-01-19,4,0,233,0.0,0.0,0.0,0.0,0.0
2019-01-19,4,0,236,56.26,56.26,0.0,617.200077,0.0
2019-01-19,4,0,237,114.79,114.79,0.0,1259.214381,0.0
2019-01-19,4,0,238,0.0,0.0,0.0,0.0,0.0
2019-01-19,4,0,240,0.0,0.0,0.0,0.0,0.0
2019-01-19,4,0,245,74.61,74.61,0.0,733.618464,0.0
2019-01-19,4,0,247,91.27,91.27,0.0,897.431406,0.0
2019-01-19,4,0,248,11.52,11.52,0.0,126.371197,0.0
2019-01-19,4,0,249,143.48,143.48,0.0,1410.797174,0.0
2019-01-19,4,0,251,47.69,47.69,0.0,333.609013,0.0
2019-01-19,4,0,252,64.22,64.22,0.0,331.385905,0.0
2019-01-19,4,0,254,0.0,0.0,0.0,0.0,0.0
2019-01-19,4,0,255,0.0,0.0,0.0,0.0,0.0
2019-01-19,4,0,258,0.0,0.0,0.0,0.0,0.0
2019-01-19,4,0,260,0.0,0.0,0.0,0.0,0.0
2019-01-19,4,0,265,0.0,0.0,0.0,0.0,0.0
2019-01-19,4,0,266,0.0,0.0,0.0,0.0,0.0
2019-01-19,4,0,267,0.0,0.0,0.0,0.0,0.0
2019-01-19,4,0,270,0.0,0.0,0.0,0.0,0.0
2019-01-19,4,0,272,0.0,0.0,0.0,0.0,0.0
2019-01-19,4,0,273,0.0,0.0,0.0,0.0,0.0
2019-01-19,4,0,274,0.0,0.0,0.0,0.0,0.0
2019-01-19,4,0,275,0.0,0.0,0.0,0.0,0.0
2019-01-19,4,0,276,0.0,0.0,0.0,0.0,0.0
2019-01-19,4,0,277,0.0,0.0,0.0,0.0,0.0
2019-01-19,4,0,278,0.0,0.0,0.0,0.0,0.0
2019-01-19,4,0,279,0.0,0.0,0.0,0.0,0.0
2019-01-19,4,0,281,16.83,16.83,0.0,185.190542,0.0
2019-01-19,4,0,282,0.0,0.0,0.0,0.0,0.0
2019-01-19,5,0,9,0.0,0.0,0.0,-0.0,0.0
2019-01-19,5,0,17,0.0,0.0,0.0,0.0,0.0
2019-01-19,5,0,19,503.42,503.42,0.0,1840.85637,0.0
2019-01-19,5,0,20,610.55,610.55,0.0,2232.598738,0.0
2019-01-19,5,0,21,0.0,0.0,0.0,-0.0,0.0
2019-01-19,5,0,22,0.0,0.0,0.0,-0.0,0.0
2019-01-19,5,0,23,108.8,108.8,0.0,-483.987397,0.0
2019-01-19,5,0,24,192.5,192.5,0.0,-856.319614,0.0
2019-01-19,5,0,29,0.0,0.0,0.0,0.0,0.0
2019-01-19,5,0,30,0.0,0.0,0.0,-0.0,0.0
2019-01-19,5,0,31,37.5,37.5,0.0,-168.742946,0.0
2019-01-19,5,0,32,0.0,0.0,0.0,0.0,0.0
2019-01-19,5,0,33,0.0,0.0,0.0,0.0,0.0
2019-01-19,5,0,34,0.0,0.0,0.0,0.0,0.0
2019-01-19,5,0,35,0.0,0.0,0.0,0.0,0.0
2019-01-19,5,0,36,0.0,0.0,0.0,0.0,0.0
2019-01-19,5,0,37,0.0,0.0,0.0,0.0,0.0
2019-01-19,5,0,38,0.0,0.0,0.0,0.0,0.0
2019-01-19,5,0,39,0.0,0.0,0.0,0.0,0.0
2019-01-19,5,0,40,0.0,0.0,0.0,0.0,0.0
2019-01-19,5,0,41,0.0,0.0,0.0,-0.0,0.0
2019-01-19,5,0,42,0.0,0.0,0.0,0.0,0.0
2019-01-19,5,0,43,0.0,0.0,0.0,0.0,0.0
2019-01-19,5,0,46,0.0,0.0,0.0,0.0,0.0
2019-01-19,5,0,52,39.75,39.75,0.0,-178.867523,0.0
2019-01-19,5,0,53,63.15,63.15,0.0,-284.163121,0.0
2019-01-19,5,0,55,460.36,460.36,0.0,-2047.871675,0.0
2019-01-19,5,0,56,0.0,0.0,0.0,-0.0,0.0
2019-01-19,5,0,57,0.0,0.0,0.0,-0.0,0.0
2019-01-19,5,0,58,0.0,0.0,0.0,-0.0,0.0
2019-01-19,5,0,59,0.0,0.0,0.0,-0.0,0.0
2019-01-19,5,0,63,0.0,0.0,0.0,0.0,0.0
2019-01-19,5,0,64,0.0,0.0,0.0,0.0,0.0
2019-01-19,5,0,65,3.69,3.69,0.0,13.281252,0.0
2019-01-19,5,0,67,0.0,0.0,0.0,-0.0,0.0
2019-01-19,5,0,68,10.2,10.2,0.0,-4181.320686,0.0
2019-01-19,5,0,69,0.0,0.0,0.0,0.0,0.0
2019-01-19,5,0,74,65.28,65.28,0.0,128.488525,0.0
2019-01-19,5,0,77,200.0,200.0,0.0,-57734.176811,0.0
2019-01-19,5,0,78,151.2,151.2,0.0,-43647.037669,0.0
2019-01-19,5,0,79,87.5,87.5,0.0,-25258.702355,0.0
2019-01-19,5,0,80,141.5,141.5,0.0,-40846.930094,0.0
2019-01-19,5,0,81,185.0,185.0,0.0,-53404.11355,0.0
2019-01-19,5,0,82,130.5,130.5,0.0,-37671.550369,0.0
2019-01-19,5,0,83,291.0,291.0,0.0,-84003.22726,0.0
2019-01-19,5,0,84,0.0,0.0,0.0,0.0,0.0
2019-01-19,5,0,86,0.0,0.0,0.0,0.0,0.0
2019-01-19,5,0,87,0.0,0.0,0.0,0.0,0.0
2019-01-19,5,0,88,0.0,0.0,0.0,-0.0,0.0
2019-01-19,5,0,89,0.0,0.0,0.0,-0.0,0.0
2019-01-19,5,0,90,0.0,0.0,0.0,-0.0,0.0
2019-01-19,5,0,91,0.0,0.0,0.0,-0.0,0.0
2019-01-19,5,0,92,0.0,0.0,0.0,-0.0,0.0
2019-01-19,5,0,95,36.0,36.0,0.0,700.048073,0.0
2019-01-19,5,0,96,29.88,29.88,0.0,-136.059422,0.0
2019-01-19,5,0,97,183.75,183.75,0.0,-836.710803,0.0
2019-01-19,5,0,99,12.6,12.6,0.0,24.800175,0.0
2019-01-19,5,0,101,0.0,0.0,0.0,-0.0,0.0
2019-01-19,5,0,102,24.15,24.15,0.0,-9899.891623,0.0
2019-01-19,5,0,103,21.0,21.0,0.0,-8608.601411,0.0
2019-01-19,5,0,104,3.9,3.9,0.0,-1598.740262,0.0
2019-01-19,5,0,106,0.0,0.0,0.0,-0.0,0.0
2019-01-19,5,0,109,200.0,200.0,0.0,-0.701095,0.0
2019-01-19,5,0,110,0.0,0.0,0.0,-0.0,0.0
2019-01-19,5,0,111,0.0,0.0,0.0,-0.0,0.0
2019-01-19,5,0,113,0.0,0.0,0.0,-0.0,0.0
2019-01-19,5,0,115,0.0,0.0,0.0,-0.0,0.0
2019-01-19,5,0,116,0.0,0.0,0.0,-0.0,0.0
2019-01-19,5,0,117,0.0,0.0,0.0,-0.0,0.0
2019-01-19,5,0,119,0.0,0.0,0.0,0.0,0.0
2019-01-19,5,0,120,0.0,0.0,0.0,0.0,0.0
2019-01-19,5,0,123,0.0,0.0,0.0,-0.0,0.0
2019-01-19,5,0,125,174.2,174.2,0.0,-774.913645,0.0
2019-01-19,5,0,126,0.0,0.0,0.0,-0.0,0.0
2019-01-19,5,0,127,0.0,0.0,0.0,-0.0,0.0
2019-01-19,5,0,128,249.5,249.5,0.0,-1109.879188,0.0
2019-01-19,5,0,131,30.0,30.0,0.0,-11134.218571,0.0
2019-01-19,5,0,132,44.1,44.1,0.0,-16367.301299,0.0
2019-01-19,5,0,133,50.43,50.43,0.0,184.680367,0.0
2019-01-19,5,0,134,0.0,0.0,0.0,0.0,0.0
2019-01-19,5,0,135,71.85,71.85,0.0,263.122831,0.0
2019-01-19,5,0,136,6.73,6.73,0.0,24.201764,0.0
2019-01-19,5,0,139,0.0,0.0,0.0,-0.0,0.0
2019-01-19,5,0,140,0.0,0.0,0.0,-0.0,0.0
2019-01-19,5,0,141,230.0,230.0,0.0,-127693.026364,0.0
2019-01-19,5,0,142,0.0,0.0,0.0,-0.0,0.0
2019-01-19,5,0,143,135.05,135.05,0.0,-607.699596,0.0
2019-01-19,5,0,145,30.0,30.0,0.0,-84.92557,0.0
2019-01-19,5,0,146,268.0,268.0,0.0,-268000.0,0.0
2019-01-19,5,0,152,0.0,0.0,0.0,0.0,0.0
2019-01-19,5,0,153,0.0,0.0,0.0,0.0,0.0
2019-01-19,5,0,154,0.0,0.0,0.0,-0.0,0.0
2019-01-19,5,0,157,204.41,204.41,0.0,-113485.789213,0.0
2019-01-19,5,0,158,0.0,0.0,0.0,-0.0,0.0
2019-01-19,5,0,159,0.0,0.0,0.0,0.0,0.0
2019-01-19,5,0,160,0.0,0.0,0.0,0.0,0.0
2019-01-19,5,0,161,0.0,0.0,0.0,-0.0,0.0
2019-01-19,5,0,162,0.0,0.0,0.0,0.0,0.0
2019-01-19,5,0,163,185.4,185.4,0.0,-185400.0,0.0
2019-01-19,5,0,164,0.0,0.0,0.0,-0.0,0.0
2019-01-19,5,0,167,0.0,0.0,0.0,0.0,0.0
2019-01-19,5,0,168,0.0,0.0,0.0,0.0,0.0
2019-01-19,5,0,169,0.0,0.0,0.0,0.0,0.0
2019-01-19,5,0,170,0.0,0.0,0.0,0.0,0.0
2019-01-19,5,0,172,0.0,0.0,0.0,0.0,0.0
2019-01-19,5,0,173,0.0,0.0,0.0,0.0,0.0
2019-01-19,5,0,188,0.0,0.0,0.0,0.0,0.0
2019-01-19,5,0,190,0.0,0.0,0.0,0.0,0.0
2019-01-19,5,0,191,0.0,0.0,0.0,0.0,0.0
2019-01-19,5,0,192,332.6,332.6,0.0,10785.405497,0.0
2019-01-19,5,0,194,0.0,0.0,0.0,-0.0,0.0
2019-01-19,5,0,196,0.0,0.0,0.0,0.0,0.0
2019-01-19,5,0,198,0.0,0.0,0.0,0.0,0.0
2019-01-19,5,0,199,39.0,39.0,0.0,-1077.983096,0.0
2019-01-19,5,0,200,0.0,0.0,0.0,-0.0,0.0
2019-01-19,5,0,204,857.0,857.0,0.0,-176.699398,0.0
2019-01-19,5,0,205,1058.0,1058.0,0.0,-3.708793,0.0
2019-01-19,5,0,206,539.94,539.94,0.0,-2458.632007,0.0
2019-01-19,5,0,210,0.0,0.0,0.0,0.0,0.0
2019-01-19,5,0,214,0.0,0.0,0.0,0.0,0.0
2019-01-19,5,0,217,0.0,0.0,0.0,0.0,0.0
2019-01-19,5,0,218,0.0,0.0,0.0,0.0,0.0
2019-01-19,5,0,219,0.0,0.0,0.0,0.0,0.0
2019-01-19,5,0,221,0.0,0.0,0.0,0.0,0.0
2019-01-19,5,0,225,0.0,0.0,0.0,0.0,0.0
2019-01-19,5,0,233,0.0,0.0,0.0,0.0,0.0
2019-01-19,5,0,236,81.71,81.71,0.0,234.742981,0.0
2019-01-19,5,0,237,156.6,156.6,0.0,308.230745,0.0
2019-01-19,5,0,238,0.0,0.0,0.0,0.0,0.0
2019-01-19,5,0,240,0.0,0.0,0.0,0.0,0.0
2019-01-19,5,0,245,38.97,38.97,0.0,150.733837,0.0
2019-01-19,5,0,247,48.17,48.17,0.0,186.318936,0.0
2019-01-19,5,0,248,15.72,15.72,0.0,30.941171,0.0
2019-01-19,5,0,249,74.94,74.94,0.0,289.863838,0.0
2019-01-19,5,0,251,17.12,17.12,0.0,60.004555,0.0
2019-01-19,5,0,252,23.78,23.78,0.0,85.590289,0.0
2019-01-19,5,0,254,0.0,0.0,0.0,0.0,0.0
2019-01-19,5,0,255,0.0,0.0,0.0,0.0,0.0
2019-01-19,5,0,258,0.0,0.0,0.0,0.0,0.0
2019-01-19,5,0,260,0.0,0.0,0.0,0.0,0.0
2019-01-19,5,0,265,0.0,0.0,0.0,-0.0,0.0
2019-01-19,5,0,266,0.0,0.0,0.0,-0.0,0.0
2019-01-19,5,0,267,0.0,0.0,0.0,-0.0,0.0
2019-01-19,5,0,270,579.0,579.0,0.0,-579000.0,0.0
2019-01-19,5,0,272,0.0,0.0,0.0,-0.0,0.0
2019-01-19,5,0,273,0.0,0.0,0.0,-0.0,0.0
2019-01-19,5,0,274,746.4,746.4,0.0,-746400.0,0.0
2019-01-19,5,0,275,1039.0,1039.0,0.0,-1039000.0,0.0
2019-01-19,5,0,276,0.0,0.0,0.0,-0.0,0.0
2019-01-19,5,0,277,0.0,0.0,0.0,-0.0,0.0
2019-01-19,5,0,278,0.0,0.0,0.0,-0.0,0.0
2019-01-19,5,0,279,0.0,0.0,0.0,-0.0,0.0
2019-01-19,5,0,281,16.83,16.83,0.0,-75.731834,0.0
2019-01-19,5,0,282,0.0,0.0,0.0,-0.0,0.0
2019-01-19,6,0,9,0.0,0.0,0.0,0.0,0.0
2019-01-19,6,0,17,0.0,0.0,0.0,0.0,0.0
2019-01-19,6,0,19,358.07,358.07,0.0,2628.841663,0.0
2019-01-19,6,0,20,434.27,434.27,0.0,3188.27902,0.0
2019-01-19,6,0,21,0.0,0.0,0.0,0.0,0.0
2019-01-19,6,0,22,0.0,0.0,0.0,0.0,0.0
2019-01-19,6,0,23,108.8,108.8,0.0,1532.9294,0.0
2019-01-19,6,0,24,192.5,192.5,0.0,2712.214242,0.0
2019-01-19,6,0,29,0.0,0.0,0.0,0.0,0.0
2019-01-19,6,0,30,0.0,0.0,0.0,0.0,0.0
2019-01-19,6,0,31,37.57,37.57,0.0,530.947322,0.0
2019-01-19,6,0,32,0.0,0.0,0.0,0.0,0.0
2019-01-19,6,0,33,0.0,0.0,0.0,0.0,0.0
2019-01-19,6,0,34,0.0,0.0,0.0,0.0,0.0
2019-01-19,6,0,35,0.0,0.0,0.0,0.0,0.0
2019-01-19,6,0,36,0.0,0.0,0.0,0.0,0.0
2019-01-19,6,0,37,0.0,0.0,0.0,0.0,0.0
2019-01-19,6,0,38,0.0,0.0,0.0,0.0,0.0
2019-01-19,6,0,39,0.0,0.0,0.0,0.0,0.0
2019-01-19,6,0,40,0.0,0.0,0.0,0.0,0.0
2019-01-19,6,0,41,0.0,0.0,0.0,0.0,0.0
2019-01-19,6,0,42,0.0,0.0,0.0,0.0,0.0
2019-01-19,6,0,43,0.0,0.0,0.0,0.0,0.0
2019-01-19,6,0,46,0.0,0.0,0.0,0.0,0.0
2019-01-19,6,0,52,39.83,39.83,0.0,562.886128,0.0
2019-01-19,6,0,53,63.23,63.23,0.0,893.579962,0.0
2019-01-19,6,0,55,186.9,186.9,0.0,2633.313464,0.0
2019-01-19,6,0,56,0.0,0.0,0.0,0.0,0.0
2019-01-19,6,0,57,0.0,0.0,0.0,0.0,0.0
2019-01-19,6,0,58,0.0,0.0,0.0,0.0,0.0
2019-01-19,6,0,59,0.0,0.0,0.0,0.0,0.0
2019-01-19,6,0,63,0.0,0.0,0.0,0.0,0.0
2019-01-19,6,0,64,0.0,0.0,0.0,0.0,0.0
2019-01-19,6,0,65,2.88,2.88,0.0,21.281825,0.0
2019-01-19,6,0,67,0.0,0.0,0.0,-0.0,0.0
2019-01-19,6,0,68,10.2,10.2,0.0,-4261.930113,0.0
2019-01-19,6,0,69,0.0,0.0,0.0,0.0,0.0
2019-01-19,6,0,74,65.28,65.28,0.0,571.027908,0.0
2019-01-19,6,0,77,200.0,200.0,0.0,-59760.224072,0.0
2019-01-19,6,0,78,151.2,151.2,0.0,-45178.729398,0.0
2019-01-19,6,0,79,87.5,87.5,0.0,-26145.098031,0.0
2019-01-19,6,0,80,141.5,141.5,0.0,-42280.358531,0.0
2019-01-19,6,0,81,185.0,185.0,0.0,-55278.207266,0.0
2019-01-19,6,0,82,130.5,130.5,0.0,-38993.546207,0.0
2019-01-19,6,0,83,291.0,291.0,0.0,-86951.126024,0.0
2019-01-19,6,0,84,0.0,0.0,0.0,0.0,0.0
2019-01-19,6,0,86,0.0,0.0,0.0,0.0,0.0
2019-01-19,6,0,87,0.0,0.0,0.0,0.0,0.0
2019-01-19,6,0,88,170.6,170.6,0.0,-50975.471133,0.0
2019-01-19,6,0,89,164.0,164.0,0.0,-49003.383739,0.0
2019-01-19,6,0,90,220.2,220.2,0.0,-65796.006703,0.0
2019-01-19,6,0,91,785.5,785.5,0.0,-234708.280042,0.0
2019-01-19,6,0,92,282.5,282.5,0.0,-84411.316501,0.0
2019-01-19,6,0,95,36.0,36.0,0.0,807.470518,0.0
2019-01-19,6,0,96,29.88,29.88,0.0,423.606829,0.0
2019-01-19,6,0,97,183.75,183.75,0.0,2605.011876,0.0
2019-01-19,6,0,99,12.6,12.6,0.0,110.216784,0.0
2019-01-19,6,0,101,0.0,0.0,0.0,0.0,0.0
2019-01-19,6,0,102,24.15,24.15,0.0,-10090.746297,0.0
2019-01-19,6,0,103,21.0,21.0,0.0,-8774.561997,0.0
2019-01-19,6,0,104,3.9,3.9,0.0,-1629.561514,0.0
2019-01-19,6,0,106,0.0,0.0,0.0,0.0,0.0
2019-01-19,6,0,109,0.0,0.0,0.0,0.0,0.0
2019-01-19,6,0,110,0.0,0.0,0.0,-0.0,0.0
2019-01-19,6,0,111,0.0,0.0,0.0,0.0,0.0
2019-01-19,6,0,113,137.43,137.43,0.0,-36929.905475,0.0
2019-01-19,6,0,115,137.43,137.43,0.0,-36929.905475,0.0
2019-01-19,6,0,116,0.0,0.0,0.0,-0.0,0.0
2019-01-19,6,0,117,5.45,5.45,0.0,-1464.512733,0.0
2019-01-19,6,0,119,0.0,0.0,0.0,0.0,0.0
2019-01-19,6,0,120,0.0,0.0,0.0,0.0,0.0
2019-01-19,6,0,123,0.0,0.0,0.0,0.0,0.0
2019-01-19,6,0,125,174.2,174.2,0.0,2454.377771,0.0
2019-01-19,6,0,126,0.0,0.0,0.0,0.0,0.0
2019-01-19,6,0,127,0.0,0.0,0.0,0.0,0.0
2019-01-19,6,0,128,249.5,249.5,0.0,3515.311446,0.0
2019-01-19,6,0,131,30.0,30.0,0.0,-11386.891917,0.0
2019-01-19,6,0,132,44.1,44.1,0.0,-16738.731118,0.0
2019-01-19,6,0,133,31.03,31.03,0.0,227.67306,0.0
2019-01-19,6,0,134,0.0,0.0,0.0,0.0,0.0
2019-01-19,6,0,135,41.58,41.58,0.0,305.080433,0.0
2019-01-19,6,0,136,3.94,3.94,0.0,29.125064,0.0
2019-01-19,6,0,139,0.0,0.0,0.0,0.0,0.0
2019-01-19,6,0,140,0.0,0.0,0.0,-0.0,0.0
2019-01-19,6,0,141,230.0,230.0,0.0,-129063.245001,0.0
2019-01-19,6,0,142,0.0,0.0,0.0,-0.0,0.0
2019-01-19,6,0,143,238.49,238.49,0.0,3370.391983,0.0
2019-01-19,6,0,145,30.0,30.0,0.0,382.282834,0.0
2019-01-19,6,0,146,268.0,268.0,0.0,-268000.0,0.0
2019-01-19,6,0,152,0.0,0.0,0.0,0.0,0.0
2019-01-19,6,0,153,0.0,0.0,0.0,0.0,0.0
2019-01-19,6,0,154,0.0,0.0,0.0,0.0,0.0
2019-01-19,6,0,157,140.83,140.83,0.0,-79025.986059,0.0
2019-01-19,6,0,158,0.0,0.0,0.0,-0.0,0.0
2019-01-19,6,0,159,0.0,0.0,0.0,0.0,0.0
2019-01-19,6,0,160,0.0,0.0,0.0,0.0,0.0
2019-01-19,6,0,161,0.0,0.0,0.0,-0.0,0.0
2019-01-19,6,0,162,0.0,0.0,0.0,0.0,0.0
2019-01-19,6,0,163,185.4,185.4,0.0,-185400.0,0.0
2019-01-19,6,0,164,0.0,0.0,0.0,0.0,0.0
2019-01-19,6,0,167,0.0,0.0,0.0,0.0,0.0
2019-01-19,6,0,168,0.0,0.0,0.0,0.0,0.0
2019-01-19,6,0,169,0.0,0.0,0.0,0.0,0.0
2019-01-19,6,0,170,0.0,0.0,0.0,0.0,0.0
2019-01-19,6,0,172,0.0,0.0,0.0,0.0,0.0
2019-01-19,6,0,173,0.0,0.0,0.0,0.0,0.0
2019-01-19,6,0,188,0.0,0.0,0.0,0.0,0.0
2019-01-19,6,0,190,0.0,0.0,0.0,0.0,0.0
2019-01-19,6,0,191,0.0,0.0,0.0,0.0,0.0
2019-01-19,6,0,192,332.6,332.6,0.0,10785.405497,0.0
2019-01-19,6,0,194,0.0,0.0,0.0,-0.0,0.0
2019-01-19,6,0,196,0.0,0.0,0.0,0.0,0.0
2019-01-19,6,0,198,0.0,0.0,0.0,0.0,0.0
2019-01-19,6,0,199,39.0,39.0,0.0,-1459.719269,0.0
2019-01-19,6,0,200,0.0,0.0,0.0,-0.0,0.0
2019-01-19,6,0,204,0.0,0.0,0.0,0.0,0.0
2019-01-19,6,0,205,0.0,0.0,0.0,0.0,0.0
2019-01-19,6,0,206,539.94,539.94,0.0,7654.69449,0.0
2019-01-19,6,0,210,0.0,0.0,0.0,0.0,0.0
2019-01-19,6,0,214,0.0,0.0,0.0,0.0,0.0
2019-01-19,6,0,217,0.0,0.0,0.0,0.0,0.0
2019-01-19,6,0,218,0.0,0.0,0.0,0.0,0.0
2019-01-19,6,0,219,0.0,0.0,0.0,0.0,0.0
2019-01-19,6,0,221,0.0,0.0,0.0,0.0,0.0
2019-01-19,6,0,225,0.0,0.0,0.0,0.0,0.0
2019-01-19,6,0,233,0.0,0.0,0.0,0.0,0.0
2019-01-19,6,0,236,159.03,159.03,0.0,1271.325602,0.0
2019-01-19,6,0,237,156.6,156.6,0.0,1369.83717,0.0
2019-01-19,6,0,238,0.0,0.0,0.0,0.0,0.0
2019-01-19,6,0,240,0.0,0.0,0.0,0.0,0.0
2019-01-19,6,0,245,31.05,31.05,0.0,222.499045,0.0
2019-01-19,6,0,247,48.93,48.93,0.0,350.624098,0.0
2019-01-19,6,0,248,15.72,15.72,0.0,137.508559,0.0
2019-01-19,6,0,249,59.7,59.7,0.0,427.800096,0.0
2019-01-19,6,0,251,16.0,16.0,0.0,119.488697,0.0
2019-01-19,6,0,252,18.59,18.59,0.0,137.371227,0.0
2019-01-19,6,0,254,0.0,0.0,0.0,0.0,0.0
2019-01-19,6,0,255,0.0,0.0,0.0,0.0,0.0
2019-01-19,6,0,258,0.0,0.0,0.0,0.0,0.0
2019-01-19,6,0,260,0.0,0.0,0.0,0.0,0.0
2019-01-19,6,0,265,0.0,0.0,0.0,0.0,0.0
2019-01-19,6,0,266,0.0,0.0,0.0,0.0,0.0
2019-01-19,6,0,267,0.0,0.0,0.0,0.0,0.0
2019-01-19,6,0,270,579.0,579.0,0.0,-579000.0,0.0
2019-01-19,6,0,272,484.95,484.95,0.0,-130314.761406,0.0
2019-01-19,6,0,273,0.0,0.0,0.0,-0.0,0.0
2019-01-19,6,0,274,746.4,746.4,0.0,-746400.0,0.0
2019-01-19,6,0,275,1039.0,1039.0,0.0,-1039000.0,0.0
2019-01-19,6,0,276,0.0,0.0,0.0,-0.0,0.0
2019-01-19,6,0,277,0.0,0.0,0.0,-0.0,0.0
2019-01-19,6,0,278,0.0,0.0,0.0,-0.0,0.0
2019-01-19,6,0,279,264.6,264.6,0.0,-74294.062022,0.0
2019-01-19,6,0,281,16.89,16.89,0.0,238.693113,0.0
2019-01-19,6,0,282,0.0,0.0,0.0,0.0,0.0
2019-01-19,7,0,9,0.0,0.0,0.0,0.0,0.0
2019-01-19,7,0,17,0.0,0.0,0.0,0.0,0.0
2019-01-19,7,0,19,456.11,456.11,0.0,2614.446464,0.0
2019-01-19,7,0,20,553.18,553.18,0.0,3170.8568,0.0
2019-01-19,7,0,21,0.0,0.0,0.0,0.0,0.0
2019-01-19,7,0,22,0.0,0.0,0.0,0.0,0.0
2019-01-19,7,0,23,108.8,108.8,0.0,1423.827851,0.0
2019-01-19,7,0,24,192.5,192.5,0.0,2519.180711,0.0
2019-01-19,7,0,29,0.0,0.0,0.0,0.0,0.0
2019-01-19,7,0,30,0.0,0.0,0.0,0.0,0.0
2019-01-19,7,0,31,65.48,65.48,0.0,859.334872,0.0
2019-01-19,7,0,32,0.0,0.0,0.0,0.0,0.0
2019-01-19,7,0,33,0.0,0.0,0.0,0.0,0.0
2019-01-19,7,0,34,0.0,0.0,0.0,0.0,0.0
2019-01-19,7,0,35,0.0,0.0,0.0,0.0,0.0
2019-01-19,7,0,36,0.0,0.0,0.0,0.0,0.0
2019-01-19,7,0,37,0.0,0.0,0.0,0.0,0.0
2019-01-19,7,0,38,0.0,0.0,0.0,0.0,0.0
2019-01-19,7,0,39,0.0,0.0,0.0,0.0,0.0
2019-01-19,7,0,40,0.0,0.0,0.0,0.0,0.0
2019-01-19,7,0,41,0.0,0.0,0.0,0.0,0.0
2019-01-19,7,0,42,0.0,0.0,0.0,0.0,0.0
2019-01-19,7,0,43,0.0,0.0,0.0,0.0,0.0
2019-01-19,7,0,46,0.0,0.0,0.0,0.0,0.0
2019-01-19,7,0,52,69.41,69.41,0.0,910.910712,0.0
2019-01-19,7,0,53,110.31,110.31,0.0,1447.666916,0.0
2019-01-19,7,0,55,186.9,186.9,0.0,2445.895454,0.0
2019-01-19,7,0,56,0.0,0.0,0.0,0.0,0.0
2019-01-19,7,0,57,0.0,0.0,0.0,0.0,0.0
2019-01-19,7,0,58,0.0,0.0,0.0,0.0,0.0
2019-01-19,7,0,59,0.0,0.0,0.0,0.0,0.0
2019-01-19,7,0,63,0.0,0.0,0.0,0.0,0.0
2019-01-19,7,0,64,0.0,0.0,0.0,0.0,0.0
2019-01-19,7,0,65,6.63,6.63,0.0,43.282827,0.0
2019-01-19,7,0,67,0.0,0.0,0.0,-0.0,0.0
2019-01-19,7,0,68,10.2,10.2,0.0,-4221.998827,0.0
2019-01-19,7,0,69,0.0,0.0,0.0,0.0,0.0
2019-01-19,7,0,74,65.28,65.28,0.0,552.841387,0.0
2019-01-19,7,0,77,200.0,200.0,0.0,-58809.282049,0.0
2019-01-19,7,0,78,151.2,151.2,0.0,-44459.817229,0.0
2019-01-19,7,0,79,87.5,87.5,0.0,-25729.060897,0.0
2019-01-19,7,0,80,141.5,141.5,0.0,-41607.56705,0.0
2019-01-19,7,0,81,185.0,185.0,0.0,-54398.585896,0.0
2019-01-19,7,0,82,130.5,130.5,0.0,-38373.056537,0.0
2019-01-19,7,0,83,291.0,291.0,0.0,-85567.505382,0.0
2019-01-19,7,0,84,0.0,0.0,0.0,0.0,0.0
2019-01-19,7,0,86,0.0,0.0,0.0,0.0,0.0
2019-01-19,7,0,87,0.0,0.0,0.0,0.0,0.0
2019-01-19,7,0,88,170.6,170.6,0.0,-50164.317588,0.0
2019-01-19,7,0,89,164.0,164.0,0.0,-48223.61128,0.0
2019-01-19,7,0,90,220.2,220.2,0.0,-64749.019536,0.0
2019-01-19,7,0,91,785.5,785.5,0.0,-230973.455248,0.0
2019-01-19,7,0,92,282.5,282.5,0.0,-83068.110895,0.0
2019-01-19,7,0,95,0.0,0.0,0.0,0.0,0.0
2019-01-19,7,0,96,29.88,29.88,0.0,393.288371,0.0
2019-01-19,7,0,97,183.75,183.75,0.0,2418.565535,0.0
2019-01-19,7,0,99,12.6,12.6,0.0,106.706518,0.0
2019-01-19,7,0,101,0.0,0.0,0.0,0.0,0.0
2019-01-19,7,0,102,24.15,24.15,0.0,-9996.203105,0.0
2019-01-19,7,0,103,21.0,21.0,0.0,-8692.350526,0.0
2019-01-19,7,0,104,3.9,3.9,0.0,-1614.293669,0.0
2019-01-19,7,0,106,0.0,0.0,0.0,0.0,0.0
2019-01-19,7,0,109,0.0,0.0,0.0,0.0,0.0
2019-01-19,7,0,110,338.6,338.6,0.0,-338600.0,0.0
2019-01-19,7,0,111,0.0,0.0,0.0,0.0,0.0
2019-01-19,7,0,113,75.93,75.93,0.0,-20037.19502,0.0
2019-01-19,7,0,115,75.93,75.93,0.0,-20037.19502,0.0
2019-01-19,7,0,116,0.0,0.0,0.0,-0.0,0.0
2019-01-19,7,0,117,3.11,3.11,0.0,-820.699019,0.0
2019-01-19,7,0,119,0.0,0.0,0.0,0.0,0.0
2019-01-19,7,0,120,0.0,0.0,0.0,0.0,0.0
2019-01-19,7,0,123,0.0,0.0,0.0,0.0,0.0
2019-01-19,7,0,125,174.2,174.2,0.0,2279.69496,0.0
2019-01-19,7,0,126,0.0,0.0,0.0,0.0,0.0
2019-01-19,7,0,127,0.0,0.0,0.0,0.0,0.0
2019-01-19,7,0,128,249.5,249.5,0.0,3265.119934,0.0
2019-01-19,7,0,131,30.0,30.0,0.0,-11261.725767,0.0
2019-01-19,7,0,132,44.1,44.1,0.0,-16554.736878,0.0
2019-01-19,7,0,133,37.49,37.49,0.0,275.748065,0.0
2019-01-19,7,0,134,0.0,0.0,0.0,0.0,0.0
2019-01-19,7,0,135,50.23,50.23,0.0,369.453863,0.0
2019-01-19,7,0,136,7.78,7.78,0.0,51.130502,0.0
2019-01-19,7,0,139,0.0,0.0,0.0,0.0,0.0
2019-01-19,7,0,140,250.6,250.6,0.0,-250600.0,0.0
2019-01-19,7,0,141,230.0,230.0,0.0,-128384.483296,0.0
2019-01-19,7,0,142,0.0,0.0,0.0,-0.0,0.0
2019-01-19,7,0,143,94.38,94.38,0.0,1238.607593,0.0
2019-01-19,7,0,145,30.0,30.0,0.0,357.69725,0.0
2019-01-19,7,0,146,268.0,268.0,0.0,-268000.0,0.0
2019-01-19,7,0,152,0.0,0.0,0.0,0.0,0.0
2019-01-19,7,0,153,0.0,0.0,0.0,0.0,0.0
2019-01-19,7,0,154,0.0,0.0,0.0,0.0,0.0
2019-01-19,7,0,157,106.34,106.34,0.0,-59358.286755,0.0
2019-01-19,7,0,158,0.0,0.0,0.0,-0.0,0.0
2019-01-19,7,0,159,0.0,0.0,0.0,0.0,0.0
2019-01-19,7,0,160,0.0,0.0,0.0,0.0,0.0
2019-01-19,7,0,161,0.0,0.0,0.0,-0.0,0.0
2019-01-19,7,0,162,0.0,0.0,0.0,0.0,0.0
2019-01-19,7,0,163,185.4,185.4,0.0,-185400.0,0.0
2019-01-19,7,0,164,0.0,0.0,0.0,0.0,0.0
2019-01-19,7,0,167,0.0,0.0,0.0,0.0,0.0
2019-01-19,7,0,168,0.0,0.0,0.0,0.0,0.0
2019-01-19,7,0,169,0.0,0.0,0.0,0.0,0.0
2019-01-19,7,0,170,0.0,0.0,0.0,0.0,0.0
2019-01-19,7,0,172,0.0,0.0,0.0,0.0,0.0
2019-01-19,7,0,173,0.0,0.0,0.0,0.0,0.0
2019-01-19,7,0,188,0.0,0.0,0.0,0.0,0.0
2019-01-19,7,0,190,0.0,0.0,0.0,0.0,0.0
2019-01-19,7,0,191,0.0,0.0,0.0,0.0,0.0
2019-01-19,7,0,192,332.6,332.6,0.0,10785.405497,0.0
2019-01-19,7,0,194,0.0,0.0,0.0,-0.0,0.0
2019-01-19,7,0,196,0.0,0.0,0.0,0.0,0.0
2019-01-19,7,0,198,0.0,0.0,0.0,0.0,0.0
2019-01-19,7,0,199,0.0,0.0,0.0,-0.0,0.0
2019-01-19,7,0,200,0.0,0.0,0.0,-0.0,0.0
2019-01-19,7,0,204,0.0,0.0,0.0,0.0,0.0
2019-01-19,7,0,205,0.0,0.0,0.0,0.0,0.0
2019-01-19,7,0,206,539.94,539.94,0.0,7106.831428,0.0
2019-01-19,7,0,210,0.0,0.0,0.0,0.0,0.0
2019-01-19,7,0,214,0.0,0.0,0.0,0.0,0.0
2019-01-19,7,0,217,0.0,0.0,0.0,0.0,0.0
2019-01-19,7,0,218,0.0,0.0,0.0,0.0,0.0
2019-01-19,7,0,219,0.0,0.0,0.0,0.0,0.0
2019-01-19,7,0,221,0.0,0.0,0.0,0.0,0.0
2019-01-19,7,0,225,0.0,0.0,0.0,0.0,0.0
2019-01-19,7,0,233,0.0,0.0,0.0,0.0,0.0
2019-01-19,7,0,236,159.03,159.03,0.0,1243.373203,0.0
2019-01-19,7,0,237,156.6,156.6,0.0,1326.209577,0.0
2019-01-19,7,0,238,0.0,0.0,0.0,0.0,0.0
2019-01-19,7,0,240,0.0,0.0,0.0,0.0,0.0
2019-01-19,7,0,245,46.28,46.28,0.0,321.770203,0.0
2019-01-19,7,0,247,93.51,93.51,0.0,650.145455,0.0
2019-01-19,7,0,248,15.72,15.72,0.0,133.129084,0.0
2019-01-19,7,0,249,89.0,89.0,0.0,618.788852,0.0
2019-01-19,7,0,251,43.22,43.22,0.0,295.567979,0.0
2019-01-19,7,0,252,42.78,42.78,0.0,279.281954,0.0
2019-01-19,7,0,254,0.0,0.0,0.0,0.0,0.0
2019-01-19,7,0,255,0.0,0.0,0.0,0.0,0.0
2019-01-19,7,0,258,0.0,0.0,0.0,0.0,0.0
2019-01-19,7,0,260,0.0,0.0,0.0,0.0,0.0
2019-01-19,7,0,265,0.0,0.0,0.0,0.0,0.0
2019-01-19,7,0,266,0.0,0.0,0.0,0.0,0.0
2019-01-19,7,0,267,0.0,0.0,0.0,0.0,0.0
2019-01-19,7,0,270,579.0,579.0,0.0,-579000.0,0.0
2019-01-19,7,0,272,270.16,270.16,0.0,-71292.619606,0.0
2019-01-19,7,0,273,0.0,0.0,0.0,-0.0,0.0
2019-01-19,7,0,274,746.4,746.4,0.0,-746400.0,0.0
2019-01-19,7,0,275,1039.0,1039.0,0.0,-1039000.0,0.0
2019-01-19,7,0,276,0.0,0.0,0.0,-0.0,0.0
2019-01-19,7,0,277,0.0,0.0,0.0,-0.0,0.0
2019-01-19,7,0,278,0.0,0.0,0.0,-0.0,0.0
2019-01-19,7,0,279,264.6,264.6,0.0,-73024.415713,0.0
2019-01-19,7,0,281,29.36,29.36,0.0,385.309588,0.0
2019-01-19,7,0,282,0.0,0.0,0.0,0.0,0.0
2019-01-19,8,0,9,0.0,0.0,0.0,0.0,0.0
2019-01-19,8,0,17,0.0,0.0,0.0,0.0,0.0
2019-01-19,8,0,19,605.38,605.38,0.0,370.259134,0.0
2019-01-19,8,0,20,753.44,753.44,0.0,460.814764,0.0
2019-01-19,8,0,21,0.0,0.0,0.0,0.0,0.0
2019-01-19,8,0,22,0.0,0.0,0.0,0.0,0.0
2019-01-19,8,0,23,108.8,108.8,0.0,1460.168704,0.0
2019-01-19,8,0,24,192.5,192.5,0.0,2583.478635,0.0
2019-01-19,8,0,29,0.0,0.0,0.0,0.0,0.0
2019-01-19,8,0,30,0.0,0.0,0.0,0.0,0.0
2019-01-19,8,0,31,21.88,21.88,0.0,294.415803,0.0
2019-01-19,8,0,32,0.0,0.0,0.0,0.0,0.0
2019-01-19,8,0,33,0.0,0.0,0.0,0.0,0.0
2019-01-19,8,0,34,0.0,0.0,0.0,0.0,0.0
2019-01-19,8,0,35,0.0,0.0,0.0,0.0,0.0
2019-01-19,8,0,36,0.0,0.0,0.0,0.0,0.0
2019-01-19,8,0,37,0.0,0.0,0.0,0.0,0.0
2019-01-19,8,0,38,0.0,0.0,0.0,0.0,0.0
2019-01-19,8,0,39,0.0,0.0,0.0,0.0,0.0
2019-01-19,8,0,40,0.0,0.0,0.0,0.0,0.0
2019-01-19,8,0,41,0.0,0.0,0.0,0.0,0.0
2019-01-19,8,0,42,0.0,0.0,0.0,0.0,0.0
2019-01-19,8,0,43,0.0,0.0,0.0,0.0,0.0
2019-01-19,8,0,46,0.0,0.0,0.0,0.0,0.0
2019-01-19,8,0,52,23.19,23.19,0.0,312.043075,0.0
2019-01-19,8,0,53,36.84,36.84,0.0,495.716554,0.0
2019-01-19,8,0,55,140.33,140.33,0.0,1883.322373,0.0
2019-01-19,8,0,56,0.0,0.0,0.0,0.0,0.0
2019-01-19,8,0,57,0.0,0.0,0.0,0.0,0.0
2019-01-19,8,0,58,0.0,0.0,0.0,0.0,0.0
2019-01-19,8,0,59,0.0,0.0,0.0,0.0,0.0
2019-01-19,8,0,63,0.0,0.0,0.0,0.0,0.0
2019-01-19,8,0,64,0.0,0.0,0.0,0.0,0.0
2019-01-19,8,0,65,29.1,29.1,0.0,123.387249,0.0
2019-01-19,8,0,67,0.0,0.0,0.0,-0.0,0.0
2019-01-19,8,0,68,10.2,10.2,0.0,-4185.596819,0.0
2019-01-19,8,0,69,0.0,0.0,0.0,0.0,0.0
2019-01-19,8,0,74,65.28,65.28,0.0,587.963914,0.0
2019-01-19,8,0,77,147.17,147.17,0.0,-42640.321666,0.0
2019-01-19,8,0,78,111.12,111.12,0.0,-32195.369596,0.0
2019-01-19,8,0,79,64.1,64.1,0.0,-18572.022958,0.0
2019-01-19,8,0,80,103.96,103.96,0.0,-30120.86594,0.0
2019-01-19,8,0,81,136.09,136.09,0.0,-39430.056231,0.0
2019-01-19,8,0,82,95.84,95.84,0.0,-27768.216542,0.0
2019-01-19,8,0,83,214.4,214.4,0.0,-62119.215636,0.0
2019-01-19,8,0,84,0.0,0.0,0.0,0.0,0.0
2019-01-19,8,0,86,0.0,0.0,0.0,0.0,0.0
2019-01-19,8,0,87,0.0,0.0,0.0,0.0,0.0
2019-01-19,8,0,88,123.33,123.33,0.0,-35733.035748,0.0
2019-01-19,8,0,89,119.02,119.02,0.0,-34484.277262,0.0
2019-01-19,8,0,90,155.3,155.3,0.0,-44995.868415,0.0
2019-01-19,8,0,91,486.84,486.84,0.0,-141054.659235,0.0
2019-01-19,8,0,92,194.81,194.81,0.0,-56443.304095,0.0
2019-01-19,8,0,95,0.0,0.0,0.0,0.0,0.0
2019-01-19,8,0,96,29.88,29.88,0.0,403.16448,0.0
2019-01-19,8,0,97,183.75,183.75,0.0,2479.299639,0.0
2019-01-19,8,0,99,12.6,12.6,0.0,113.485682,0.0
2019-01-19,8,0,101,0.0,0.0,0.0,0.0,0.0
2019-01-19,8,0,102,24.15,24.15,0.0,-9910.015997,0.0
2019-01-19,8,0,103,21.0,21.0,0.0,-8617.405215,0.0
2019-01-19,8,0,104,3.9,3.9,0.0,-1600.375254,0.0
2019-01-19,8,0,106,0.0,0.0,0.0,0.0,0.0
2019-01-19,8,0,109,0.0,0.0,0.0,0.0,0.0
2019-01-19,8,0,110,338.6,338.6,0.0,-338600.0,0.0
2019-01-19,8,0,111,0.0,0.0,0.0,0.0,0.0
2019-01-19,8,0,113,141.55,141.55,0.0,-36723.230038,0.0
2019-01-19,8,0,115,141.55,141.55,0.0,-36723.230038,0.0
2019-01-19,8,0,116,0.0,0.0,0.0,-0.0,0.0
2019-01-19,8,0,117,7.33,7.33,0.0,-1901.669206,0.0
2019-01-19,8,0,119,0.0,0.0,0.0,0.0,0.0
2019-01-19,8,0,120,0.0,0.0,0.0,0.0,0.0
2019-01-19,8,0,123,0.0,0.0,0.0,0.0,0.0
2019-01-19,8,0,125,174.2,174.2,0.0,2337.880407,0.0
2019-01-19,8,0,126,0.0,0.0,0.0,0.0,0.0
2019-01-19,8,0,127,0.0,0.0,0.0,0.0,0.0
2019-01-19,8,0,128,249.5,249.5,0.0,3348.456725,0.0
2019-01-19,8,0,131,30.0,30.0,0.0,-11147.622275,0.0
2019-01-19,8,0,132,44.1,44.1,0.0,-16387.004744,0.0
2019-01-19,8,0,133,41.94,41.94,0.0,349.909431,0.0
2019-01-19,8,0,134,0.0,0.0,0.0,0.0,0.0
2019-01-19,8,0,135,56.2,56.2,0.0,468.881975,0.0
2019-01-19,8,0,136,30.63,30.63,0.0,135.97603,0.0
2019-01-19,8,0,139,0.0,0.0,0.0,0.0,0.0
2019-01-19,8,0,140,250.6,250.6,0.0,-250600.0,0.0
2019-01-19,8,0,141,230.0,230.0,0.0,-127765.713116,0.0
2019-01-19,8,0,142,0.0,0.0,0.0,-0.0,0.0
2019-01-19,8,0,143,26.27,26.27,0.0,353.487347,0.0
2019-01-19,8,0,145,30.0,30.0,0.0,369.338975,0.0
2019-01-19,8,0,146,268.0,268.0,0.0,-268000.0,0.0
2019-01-19,8,0,152,0.0,0.0,0.0,0.0,0.0
2019-01-19,8,0,153,0.0,0.0,0.0,0.0,0.0
2019-01-19,8,0,154,0.0,0.0,0.0,0.0,0.0
2019-01-19,8,0,157,75.77,75.77,0.0,-42090.469925,0.0
2019-01-19,8,0,158,0.0,0.0,0.0,-0.0,0.0
2019-01-19,8,0,159,0.0,0.0,0.0,0.0,0.0
2019-01-19,8,0,160,0.0,0.0,0.0,0.0,0.0
2019-01-19,8,0,161,0.0,0.0,0.0,-0.0,0.0
2019-01-19,8,0,162,0.0,0.0,0.0,0.0,0.0
2019-01-19,8,0,163,185.4,185.4,0.0,-185400.0,0.0
2019-01-19,8,0,164,0.0,0.0,0.0,0.0,0.0
2019-01-19,8,0,167,0.0,0.0,0.0,0.0,0.0
2019-01-19,8,0,168,0.0,0.0,0.0,0.0,0.0
2019-01-19,8,0,169,0.0,0.0,0.0,0.0,0.0
2019-01-19,8,0,170,0.0,0.0,0.0,0.0,0.0
2019-01-19,8,0,172,0.0,0.0,0.0,0.0,0.0
2019-01-19,8,0,173,0.0,0.0,0.0,0.0,0.0
2019-01-19,8,0,188,0.0,0.0,0.0,0.0,0.0
2019-01-19,8,0,190,0.0,0.0,0.0,0.0,0.0
2019-01-19,8,0,191,0.0,0.0,0.0,0.0,0.0
2019-01-19,8,0,192,332.6,332.6,0.0,10785.405497,0.0
2019-01-19,8,0,194,0.0,0.0,0.0,-0.0,0.0
2019-01-19,8,0,196,0.0,0.0,0.0,0.0,0.0
2019-01-19,8,0,198,0.0,0.0,0.0,0.0,0.0
2019-01-19,8,0,199,0.0,0.0,0.0,-0.0,0.0
2019-01-19,8,0,200,0.0,0.0,0.0,-0.0,0.0
2019-01-19,8,0,204,0.0,0.0,0.0,0.0,0.0
2019-01-19,8,0,205,0.0,0.0,0.0,0.0,0.0
2019-01-19,8,0,206,539.94,539.94,0.0,7285.295494,0.0
2019-01-19,8,0,210,0.0,0.0,0.0,0.0,0.0
2019-01-19,8,0,214,0.0,0.0,0.0,0.0,0.0
2019-01-19,8,0,217,0.0,0.0,0.0,0.0,0.0
2019-01-19,8,0,218,0.0,0.0,0.0,0.0,0.0
2019-01-19,8,0,219,0.0,0.0,0.0,0.0,0.0
2019-01-19,8,0,221,0.0,0.0,0.0,0.0,0.0
2019-01-19,8,0,225,0.0,0.0,0.0,0.0,0.0
2019-01-19,8,0,233,0.0,0.0,0.0,0.0,0.0
2019-01-19,8,0,236,159.03,159.03,0.0,1333.946328,0.0
2019-01-19,8,0,237,156.6,156.6,0.0,1410.464903,0.0
2019-01-19,8,0,238,0.0,0.0,0.0,0.0,0.0
2019-01-19,8,0,240,0.0,0.0,0.0,0.0,0.0
2019-01-19,8,0,245,78.0,78.0,0.0,545.372121,0.0
2019-01-19,8,0,247,171.72,171.72,0.0,1200.657699,0.0
2019-01-19,8,0,248,15.72,15.72,0.0,141.586898,0.0
2019-01-19,8,0,249,150.0,150.0,0.0,1048.79254,0.0
2019-01-19,8,0,251,209.09,209.09,0.0,1141.158895,0.0
2019-01-19,8,0,252,187.69,187.69,0.0,795.826557,0.0
2019-01-19,8,0,254,0.0,0.0,0.0,0.0,0.0
2019-01-19,8,0,255,0.0,0.0,0.0,0.0,0.0
2019-01-19,8,0,258,0.0,0.0,0.0,0.0,0.0
2019-01-19,8,0,260,0.0,0.0,0.0,0.0,0.0
2019-01-19,8,0,265,0.0,0.0,0.0,0.0,0.0
2019-01-19,8,0,266,0.0,0.0,0.0,0.0,0.0
2019-01-19,8,0,267,0.0,0.0,0.0,0.0,0.0
2019-01-19,8,0,270,579.0,579.0,0.0,-579000.0,0.0
2019-01-19,8,0,272,490.05,490.05,0.0,-127136.834192,0.0
2019-01-19,8,0,273,0.0,0.0,0.0,-0.0,0.0
2019-01-19,8,0,274,746.4,746.4,0.0,-746400.0,0.0
2019-01-19,8,0,275,1039.0,1039.0,0.0,-1039000.0,0.0
2019-01-19,8,0,276,0.0,0.0,0.0,-0.0,0.0
2019-01-19,8,0,277,0.0,0.0,0.0,-0.0,0.0
2019-01-19,8,0,278,0.0,0.0,0.0,-0.0,0.0
2019-01-19,8,0,279,264.6,264.6,0.0,-71861.044132,0.0
2019-01-19,8,0,281,9.82,9.82,0.0,132.137257,0.0
2019-01-19,8,0,282,0.0,0.0,0.0,0.0,0.0
2019-01-19,9,0,9,0.13,0.13,0.0,1.474218,0.0
2019-01-19,9,0,17,8.06,8.06,0.0,43.579711,0.0
2019-01-19,9,0,19,475.02,475.02,0.0,2568.39134,0.0
2019-01-19,9,0,20,589.85,589.85,0.0,3189.267045,0.0
2019-01-19,9,0,21,3.07,3.07,0.0,34.814226,0.0
2019-01-19,9,0,22,10.92,10.92,0.0,123.834314,0.0
2019-01-19,9,0,23,108.8,108.8,0.0,1233.807083,0.0
2019-01-19,9,0,24,192.5,192.5,0.0,2182.976686,0.0
2019-01-19,9,0,29,1.34,1.34,0.0,10.146985,0.0
2019-01-19,9,0,30,21.57,21.57,0.0,244.987689,0.0
2019-01-19,9,0,31,24.38,24.38,0.0,276.903099,0.0
2019-01-19,9,0,32,0.17,0.17,0.0,8.560038,0.0
2019-01-19,9,0,33,0.39,0.39,0.0,3.154417,0.0
2019-01-19,9,0,34,0.63,0.63,0.0,5.095597,0.0
2019-01-19,9,0,35,0.63,0.63,0.0,5.095597,0.0
2019-01-19,9,0,36,1.04,1.04,0.0,9.672349,0.0
2019-01-19,9,0,37,0.5,0.5,0.0,4.654202,0.0
2019-01-19,9,0,38,0.64,0.64,0.0,5.957379,0.0
2019-01-19,9,0,39,0.43,0.43,0.0,4.002614,0.0
2019-01-19,9,0,40,0.43,0.43,0.0,4.002614,0.0
2019-01-19,9,0,41,0.0,0.0,0.0,0.0,0.0
2019-01-19,9,0,42,8.31,8.31,0.0,65.293886,0.0
2019-01-19,9,0,43,3.0,3.0,0.0,27.501816,0.0
2019-01-19,9,0,46,2.46,2.46,0.0,23.359891,0.0
2019-01-19,9,0,52,25.87,25.87,0.0,293.826218,0.0
2019-01-19,9,0,53,41.32,41.32,0.0,469.304187,0.0
2019-01-19,9,0,55,94.14,94.14,0.0,1067.56065,0.0
2019-01-19,9,0,56,6.36,6.36,0.0,72.235591,0.0
2019-01-19,9,0,57,6.05,6.05,0.0,68.714674,0.0
2019-01-19,9,0,58,11.64,11.64,0.0,132.204761,0.0
2019-01-19,9,0,59,11.45,11.45,0.0,130.04678,0.0
2019-01-19,9,0,63,0.0,0.0,0.0,0.0,0.0
2019-01-19,9,0,64,0.0,0.0,0.0,0.0,0.0
2019-01-19,9,0,65,41.4,41.4,0.0,289.209616,0.0
2019-01-19,9,0,67,10.22,10.22,0.0,-5678.053417,0.0
2019-01-19,9,0,68,19.12,19.12,0.0,-7847.956795,0.0
2019-01-19,9,0,69,0.39,0.39,0.0,3.154417,0.0
2019-01-19,9,0,74,65.28,65.28,0.0,596.047731,0.0
2019-01-19,9,0,77,60.0,60.0,0.0,-17384.911614,0.0
2019-01-19,9,0,78,45.36,45.36,0.0,-13142.99318,0.0
2019-01-19,9,0,79,26.25,26.25,0.0,-7605.898831,0.0
2019-01-19,9,0,80,42.45,42.45,0.0,-12299.824967,0.0
2019-01-19,9,0,81,55.5,55.5,0.0,-16081.043243,0.0
2019-01-19,9,0,82,39.15,39.15,0.0,-11343.654828,0.0
2019-01-19,9,0,83,87.3,87.3,0.0,-25295.046398,0.0
2019-01-19,9,0,84,0.0,0.0,0.0,0.0,0.0
2019-01-19,9,0,86,2.0,2.0,0.0,16.176498,0.0
2019-01-19,9,0,87,10.22,10.22,0.0,82.661904,0.0
2019-01-19,9,0,88,155.83,155.83,0.0,-45151.512947,0.0
2019-01-19,9,0,89,148.85,148.85,0.0,-43129.068229,0.0
2019-01-19,9,0,90,208.93,208.93,0.0,-60537.159725,0.0
2019-01-19,9,0,91,785.09,785.09,0.0,-227478.670984,0.0
2019-01-19,9,0,92,276.23,276.23,0.0,-80037.235586,0.0
2019-01-19,9,0,95,0.0,0.0,0.0,0.0,0.0
2019-01-19,9,0,96,29.88,29.88,0.0,339.922423,0.0
2019-01-19,9,0,97,183.75,183.75,0.0,2090.386389,0.0
2019-01-19,9,0,99,12.6,12.6,0.0,115.045978,0.0
2019-01-19,9,0,101,0.43,0.43,0.0,4.883853,0.0
2019-01-19,9,0,102,45.2,45.2,0.0,-18552.701209,0.0
2019-01-19,9,0,103,39.31,39.31,0.0,-16135.10364,0.0
2019-01-19,9,0,104,7.33,7.33,0.0,-3008.657077,0.0
2019-01-19,9,0,106,10.75,10.75,0.0,121.90649,0.0
2019-01-19,9,0,109,0.0,0.0,0.0,0.0,0.0
2019-01-19,9,0,110,338.6,338.6,0.0,-338600.0,0.0
2019-01-19,9,0,111,1.64,1.64,0.0,17.088239,0.0
2019-01-19,9,0,113,84.3,84.3,0.0,-21903.510634,0.0
2019-01-19,9,0,115,84.3,84.3,0.0,-21903.510634,0.0
2019-01-19,9,0,116,6.84,6.84,0.0,-6840.0,0.0
2019-01-19,9,0,117,5.73,5.73,0.0,-1488.815136,0.0
2019-01-19,9,0,119,0.0,0.0,0.0,0.0,0.0
2019-01-19,9,0,120,0.0,0.0,0.0,0.0,0.0
2019-01-19,9,0,123,0.18,0.18,0.0,2.041225,0.0
2019-01-19,9,0,125,174.2,174.2,0.0,1975.452149,0.0
2019-01-19,9,0,126,8.06,8.06,0.0,91.401517,0.0
2019-01-19,9,0,127,10.35,10.35,0.0,117.370435,0.0
2019-01-19,9,0,128,249.5,249.5,0.0,2829.364588,0.0
2019-01-19,9,0,131,30.0,30.0,0.0,-11150.990941,0.0
2019-01-19,9,0,132,44.1,44.1,0.0,-16391.956684,0.0
2019-01-19,9,0,133,41.94,41.94,0.0,367.612746,0.0
2019-01-19,9,0,134,0.0,0.0,0.0,0.0,0.0
2019-01-19,9,0,135,56.2,56.2,0.0,492.604586,0.0
2019-01-19,9,0,136,45.9,45.9,0.0,324.623801,0.0
2019-01-19,9,0,139,0.0,0.0,0.0,0.0,0.0
2019-01-19,9,0,140,250.6,250.6,0.0,-250600.0,0.0
2019-01-19,9,0,141,230.0,230.0,0.0,-127783.981009,0.0
2019-01-19,9,0,142,13.48,13.48,0.0,-7489.252452,0.0
2019-01-19,9,0,143,35.32,35.32,0.0,401.157402,0.0
2019-01-19,9,0,145,30.0,30.0,0.0,323.537663,0.0
2019-01-19,9,0,146,268.0,268.0,0.0,-268000.0,0.0
2019-01-19,9,0,152,0.86,0.86,0.0,7.834899,0.0
2019-01-19,9,0,153,1.03,1.03,0.0,9.409683,0.0
2019-01-19,9,0,154,6.76,6.76,0.0,70.436886,0.0
2019-01-19,9,0,157,53.32,53.32,0.0,-29623.660293,0.0
2019-01-19,9,0,158,0.0,0.0,0.0,-0.0,0.0
2019-01-19,9,0,159,0.0,0.0,0.0,0.0,0.0
2019-01-19,9,0,160,0.24,0.24,0.0,2.095616,0.0
2019-01-19,9,0,161,3.0,3.0,0.0,-1231.373974,0.0
2019-01-19,9,0,162,0.0,0.0,0.0,0.0,0.0
2019-01-19,9,0,163,185.4,185.4,0.0,-185400.0,0.0
2019-01-19,9,0,164,0.58,0.58,0.0,6.587522,0.0
2019-01-19,9,0,167,0.19,0.19,0.0,4.230712,0.0
2019-01-19,9,0,168,0.09,0.09,0.0,2.004021,0.0
2019-01-19,9,0,169,0.0,0.0,0.0,0.0,0.0
2019-01-19,9,0,170,0.21,0.21,0.0,4.67605,0.0
2019-01-19,9,0,172,0.28,0.28,0.0,6.346146,0.0
2019-01-19,9,0,173,0.43,0.43,0.0,9.745866,0.0
2019-01-19,9,0,188,0.37,0.37,0.0,11.389678,0.0
2019-01-19,9,0,190,0.5,0.5,0.0,16.213779,0.0
2019-01-19,9,0,191,1.29,1.29,0.0,41.831549,0.0
2019-01-19,9,0,192,332.6,332.6,0.0,10785.405497,0.0
2019-01-19,9,0,194,0.0,0.0,0.0,-0.0,0.0
2019-01-19,9,0,196,0.4,0.4,0.0,108.928556,0.0
2019-01-19,9,0,198,1.04,1.04,0.0,8.310724,0.0
2019-01-19,9,0,199,0.0,0.0,0.0,-0.0,0.0
2019-01-19,9,0,200,1.02,1.02,0.0,-31.624636,0.0
2019-01-19,9,0,204,0.0,0.0,0.0,0.0,0.0
2019-01-19,9,0,205,0.0,0.0,0.0,0.0,0.0
2019-01-19,9,0,206,539.94,539.94,0.0,6142.493751,0.0
2019-01-19,9,0,210,0.38,0.38,0.0,2.83955,0.0
2019-01-19,9,0,214,2.04,2.04,0.0,15.904134,0.0
2019-01-19,9,0,217,1.6,1.6,0.0,12.239431,0.0
2019-01-19,9,0,218,2.2,2.2,0.0,16.829218,0.0
2019-01-19,9,0,219,1.5,1.5,0.0,11.474467,0.0
2019-01-19,9,0,221,1.09,1.09,0.0,8.497797,0.0
2019-01-19,9,0,225,1.27,1.27,0.0,9.629169,0.0
2019-01-19,9,0,233,1.13,1.13,0.0,9.139721,0.0
2019-01-19,9,0,236,159.03,159.03,0.0,1402.748128,0.0
2019-01-19,9,0,237,156.6,156.6,0.0,1429.85715,0.0
2019-01-19,9,0,238,10.82,10.82,0.0,85.015626,0.0
2019-01-19,9,0,240,1.18,1.18,0.0,10.974396,0.0
2019-01-19,9,0,245,78.0,78.0,0.0,637.174229,0.0
2019-01-19,9,0,247,171.72,171.72,0.0,1402.763571,0.0
2019-01-19,9,0,248,15.72,15.72,0.0,143.533553,0.0
2019-01-19,9,0,249,150.0,150.0,0.0,1225.335055,0.0
2019-01-19,9,0,251,326.4,326.4,0.0,2454.191453,0.0
2019-01-19,9,0,252,267.06,267.06,0.0,1865.611598,0.0
2019-01-19,9,0,254,1.76,1.76,0.0,15.942044,0.0
2019-01-19,9,0,255,0.81,0.81,0.0,7.336963,0.0
2019-01-19,9,0,258,1.43,1.43,0.0,13.268748,0.0
2019-01-19,9,0,260,0.58,0.58,0.0,5.064404,0.0
2019-01-19,9,0,265,7.0,7.0,0.0,72.937604,0.0
2019-01-19,9,0,266,0.0,0.0,0.0,0.0,0.0
2019-01-19,9,0,267,0.0,0.0,0.0,0.0,0.0
2019-01-19,9,0,270,579.0,579.0,0.0,-579000.0,0.0
2019-01-19,9,0,272,281.31,281.31,0.0,-73092.248832,0.0
2019-01-19,9,0,273,1.63,1.63,0.0,-1630.0,0.0
2019-01-19,9,0,274,746.4,746.4,0.0,-746400.0,0.0
2019-01-19,9,0,275,1039.0,1039.0,0.0,-1039000.0,0.0
2019-01-19,9,0,276,0.39,0.39,0.0,-351.300674,0.0
2019-01-19,9,0,277,0.56,0.56,0.0,-152.221269,0.0
2019-01-19,9,0,278,0.9,0.9,0.0,-244.641325,0.0
2019-01-19,9,0,279,264.6,264.6,0.0,-71924.549647,0.0
2019-01-19,9,0,281,10.86,10.86,0.0,123.345679,0.0
2019-01-19,9,0,282,11.83,11.83,0.0,134.362743,0.0
2019-01-19,10,0,9,1.16,1.16,0.0,6.855151,0.0
2019-01-19,10,0,17,23.58,23.58,0.0,230.770113,0.0
2019-01-19,10,0,19,0.0,0.0,0.0,0.0,0.0
2019-01-19,10,0,20,0.0,0.0,0.0,0.0,0.0
2019-01-19,10,0,21,26.63,26.63,0.0,157.372987,0.0
2019-01-19,10,0,22,94.63,94.63,0.0,559.226651,0.0
2019-01-19,10,0,23,108.8,108.8,0.0,642.965863,0.0
2019-01-19,10,0,24,192.5,192.5,0.0,1137.600447,0.0
2019-01-19,10,0,29,2.91,2.91,0.0,24.600362,0.0
2019-01-19,10,0,30,218.3,218.3,0.0,1285.115921,0.0
2019-01-19,10,0,31,45.2,45.2,0.0,266.08905,0.0
2019-01-19,10,0,32,0.94,0.94,0.0,46.593733,0.0
2019-01-19,10,0,33,1.01,1.01,0.0,10.673912,0.0
2019-01-19,10,0,34,1.62,1.62,0.0,17.120533,0.0
2019-01-19,10,0,35,1.62,1.62,0.0,17.120533,0.0
2019-01-19,10,0,36,4.45,4.45,0.0,37.748062,0.0
2019-01-19,10,0,37,1.97,1.97,0.0,16.649562,0.0
2019-01-19,10,0,38,2.54,2.54,0.0,21.466948,0.0
2019-01-19,10,0,39,1.69,1.69,0.0,14.283127,0.0
2019-01-19,10,0,40,1.69,1.69,0.0,14.283127,0.0
2019-01-19,10,0,41,0.0,0.0,0.0,0.0,0.0
2019-01-19,10,0,42,29.23,29.23,0.0,281.113023,0.0
2019-01-19,10,0,43,12.72,12.72,0.0,108.981499,0.0
2019-01-19,10,0,46,12.39,12.39,0.0,101.52418,0.0
2019-01-19,10,0,52,47.94,47.94,0.0,282.219227,0.0
2019-01-19,10,0,53,76.44,76.44,0.0,449.996615,0.0
2019-01-19,10,0,55,60.49,60.49,0.0,357.472473,0.0
2019-01-19,10,0,56,64.39,64.39,0.0,379.059158,0.0
2019-01-19,10,0,57,61.25,61.25,0.0,360.574211,0.0
2019-01-19,10,0,58,117.79,117.79,0.0,693.421,0.0
2019-01-19,10,0,59,115.83,115.83,0.0,681.882626,0.0
2019-01-19,10,0,63,0.0,0.0,0.0,0.0,0.0
2019-01-19,10,0,64,0.0,0.0,0.0,0.0,0.0
2019-01-19,10,0,65,41.4,41.4,0.0,403.866038,0.0
2019-01-19,10,0,67,118.99,118.99,0.0,-65981.792053,0.0
2019-01-19,10,0,68,34.0,34.0,0.0,-13907.443182,0.0
2019-01-19,10,0,69,1.01,1.01,0.0,10.673912,0.0
2019-01-19,10,0,74,106.28,106.28,0.0,943.682053,0.0
2019-01-19,10,0,77,60.0,60.0,0.0,-17266.975564,0.0
2019-01-19,10,0,78,45.36,45.36,0.0,-13053.833527,0.0
2019-01-19,10,0,79,26.25,26.25,0.0,-7554.301809,0.0
2019-01-19,10,0,80,42.45,42.45,0.0,-12216.385212,0.0
2019-01-19,10,0,81,55.5,55.5,0.0,-15971.952397,0.0
2019-01-19,10,0,82,39.15,39.15,0.0,-11266.701556,0.0
2019-01-19,10,0,83,87.3,87.3,0.0,-25123.449446,0.0
2019-01-19,10,0,84,0.0,0.0,0.0,0.0,0.0
2019-01-19,10,0,86,5.12,5.12,0.0,54.109338,0.0
2019-01-19,10,0,87,26.13,26.13,0.0,276.147852,0.0
2019-01-19,10,0,88,103.48,103.48,0.0,-29779.77719,0.0
2019-01-19,10,0,89,99.0,99.0,0.0,-28490.509681,0.0
2019-01-19,10,0,90,137.47,137.47,0.0,-39561.518847,0.0
2019-01-19,10,0,91,509.29,509.29,0.0,-146564.966421,0.0
2019-01-19,10,0,92,180.45,180.45,0.0,-51930.42901,0.0
2019-01-19,10,0,95,0.0,0.0,0.0,0.0,0.0
2019-01-19,10,0,96,29.88,29.88,0.0,175.192892,0.0
2019-01-19,10,0,97,183.75,183.75,0.0,1077.365926,0.0
2019-01-19,10,0,99,21.85,21.85,0.0,194.010659,0.0
2019-01-19,10,0,101,4.4,4.4,0.0,25.902474,0.0
2019-01-19,10,0,102,80.5,80.5,0.0,-32927.916946,0.0
2019-01-19,10,0,103,70.0,70.0,0.0,-28632.971257,0.0
2019-01-19,10,0,104,13.0,13.0,0.0,-5317.551805,0.0
2019-01-19,10,0,106,93.15,93.15,0.0,550.480424,0.0
2019-01-19,10,0,109,0.0,0.0,0.0,0.0,0.0
2019-01-19,10,0,110,338.6,338.6,0.0,-338600.0,0.0
2019-01-19,10,0,111,7.8,7.8,0.0,55.493583,0.0
2019-01-19,10,0,113,150.0,150.0,0.0,-38796.795135,0.0
2019-01-19,10,0,115,150.0,150.0,0.0,-38796.795135,0.0
2019-01-19,10,0,116,44.36,44.36,0.0,-44360.0,0.0
2019-01-19,10,0,117,10.0,10.0,0.0,-2586.453009,0.0
2019-01-19,10,0,119,0.0,0.0,0.0,0.0,0.0
2019-01-19,10,0,120,0.0,0.0,0.0,0.0,0.0
2019-01-19,10,0,123,1.55,1.55,0.0,9.1599,0.0
2019-01-19,10,0,125,174.2,174.2,0.0,1029.454535,0.0
2019-01-19,10,0,126,69.86,69.86,0.0,412.845544,0.0
2019-01-19,10,0,127,89.66,89.66,0.0,529.855876,0.0
2019-01-19,10,0,128,249.5,249.5,0.0,1474.448372,0.0
2019-01-19,10,0,131,40.31,40.31,0.0,-14922.402878,0.0
2019-01-19,10,0,132,65.03,65.03,0.0,-24073.526647,0.0
2019-01-19,10,0,133,0.0,0.0,0.0,0.0,0.0
2019-01-19,10,0,134,0.0,0.0,0.0,0.0,0.0
2019-01-19,10,0,135,0.0,0.0,0.0,0.0,0.0
2019-01-19,10,0,136,45.9,45.9,0.0,447.685222,0.0
2019-01-19,10,0,139,0.0,0.0,0.0,0.0,0.0
2019-01-19,10,0,140,250.6,250.6,0.0,-250600.0,0.0
2019-01-19,10,0,141,193.86,193.86,0.0,-107498.362951,0.0
2019-01-19,10,0,142,156.92,156.92,0.0,-87014.562644,0.0
2019-01-19,10,0,143,50.22,50.22,0.0,295.641418,0.0
2019-01-19,10,0,145,56.19,56.19,0.0,371.82258,0.0
2019-01-19,10,0,146,268.0,268.0,0.0,-268000.0,0.0
2019-01-19,10,0,152,3.35,3.35,0.0,29.773542,0.0
2019-01-19,10,0,153,4.06,4.06,0.0,35.918394,0.0
2019-01-19,10,0,154,32.17,32.17,0.0,228.875458,0.0
2019-01-19,10,0,157,37.64,37.64,0.0,-20871.961113,0.0
2019-01-19,10,0,158,99.81,99.81,0.0,-55346.185939,0.0
2019-01-19,10,0,159,0.0,0.0,0.0,0.0,0.0
2019-01-19,10,0,160,0.96,0.96,0.0,8.614679,0.0
2019-01-19,10,0,161,23.89,23.89,0.0,-9772.024048,0.0
2019-01-19,10,0,162,0.0,0.0,0.0,0.0,0.0
2019-01-19,10,0,163,104.02,104.02,0.0,-104020.0,0.0
2019-01-19,10,0,164,8.2,8.2,0.0,48.272792,0.0
2019-01-19,10,0,167,0.81,0.81,0.0,18.051777,0.0
2019-01-19,10,0,168,0.4,0.4,0.0,8.914458,0.0
2019-01-19,10,0,169,0.0,0.0,0.0,0.0,0.0
2019-01-19,10,0,170,0.88,0.88,0.0,19.611808,0.0
2019-01-19,10,0,172,1.46,1.46,0.0,31.005352,0.0
2019-01-19,10,0,173,2.23,2.23,0.0,47.35749,0.0
2019-01-19,10,0,188,2.18,2.18,0.0,65.434312,0.0
2019-01-19,10,0,190,2.64,2.64,0.0,85.608751,0.0
2019-01-19,10,0,191,6.82,6.82,0.0,221.15594,0.0
2019-01-19,10,0,192,332.6,332.6,0.0,10785.405497,0.0
2019-01-19,10,0,194,0.0,0.0,0.0,-0.0,0.0
2019-01-19,10,0,196,2.06,2.06,0.0,561.498279,0.0
2019-01-19,10,0,198,3.5,3.5,0.0,33.292243,0.0
2019-01-19,10,0,199,0.0,0.0,0.0,-0.0,0.0
2019-01-19,10,0,200,5.18,5.18,0.0,-141.082129,0.0
2019-01-19,10,0,204,0.0,0.0,0.0,0.0,0.0
2019-01-19,10,0,205,0.0,0.0,0.0,0.0,0.0
2019-01-19,10,0,206,539.94,539.94,0.0,3165.784805,0.0
2019-01-19,10,0,210,0.78,0.78,0.0,6.773222,0.0
2019-01-19,10,0,214,5.48,5.48,0.0,60.450139,0.0
2019-01-19,10,0,217,3.61,3.61,0.0,36.14044,0.0
2019-01-19,10,0,218,4.99,4.99,0.0,49.955898,0.0
2019-01-19,10,0,219,3.4,3.4,0.0,34.038087,0.0
2019-01-19,10,0,221,2.92,2.92,0.0,32.210658,0.0
2019-01-19,10,0,225,2.86,2.86,0.0,24.114181,0.0
2019-01-19,10,0,233,2.9,2.9,0.0,30.647867,0.0
2019-01-19,10,0,236,159.03,159.03,0.0,1487.661824,0.0
2019-01-19,10,0,237,248.36,248.36,0.0,2205.239694,0.0
2019-01-19,10,0,238,38.04,38.04,0.0,365.841239,0.0
2019-01-19,10,0,240,5.04,5.04,0.0,42.752861,0.0
2019-01-19,10,0,245,0.0,0.0,0.0,0.0,0.0
2019-01-19,10,0,247,0.0,0.0,0.0,0.0,0.0
2019-01-19,10,0,248,27.11,27.11,0.0,240.715285,0.0
2019-01-19,10,0,249,0.0,0.0,0.0,0.0,0.0
2019-01-19,10,0,251,326.4,326.4,0.0,3167.238604,0.0
2019-01-19,10,0,252,267.06,267.06,0.0,2605.228602,0.0
2019-01-19,10,0,254,5.58,5.58,0.0,48.376266,0.0
2019-01-19,10,0,255,2.56,2.56,0.0,22.194129,0.0
2019-01-19,10,0,258,6.33,6.33,0.0,53.782475,0.0
2019-01-19,10,0,260,2.33,2.33,0.0,20.908544,0.0
2019-01-19,10,0,265,33.31,33.31,0.0,236.986058,0.0
2019-01-19,10,0,266,0.0,0.0,0.0,0.0,0.0
2019-01-19,10,0,267,0.0,0.0,0.0,0.0,0.0
2019-01-19,10,0,270,324.69,324.69,0.0,-324690.0,0.0
2019-01-19,10,0,272,501.3,501.3,0.0,-129658.88934,0.0
2019-01-19,10,0,273,10.61,10.61,0.0,-10610.0,0.0
2019-01-19,10,0,274,418.54,418.54,0.0,-418540.0,0.0
2019-01-19,10,0,275,582.57,582.57,0.0,-582570.0,0.0
2019-01-19,10,0,276,2.44,2.44,0.0,-2197.29979,0.0
2019-01-19,10,0,277,3.3,3.3,0.0,-892.079249,0.0
2019-01-19,10,0,278,5.28,5.28,0.0,-1427.326798,0.0
2019-01-19,10,0,279,264.6,264.6,0.0,-71528.536119,0.0
2019-01-19,10,0,281,20.15,20.15,0.0,118.621557,0.0
2019-01-19,10,0,282,119.75,119.75,0.0,704.959375,0.0
2019-01-19,11,0,9,1.99,1.99,0.0,-17.022641,0.0
2019-01-19,11,0,17,36.2,36.2,0.0,247.968273,0.0
2019-01-19,11,0,19,0.0,0.0,0.0,0.0,0.0
2019-01-19,11,0,20,0.0,0.0,0.0,0.0,0.0
2019-01-19,11,0,21,45.47,45.47,0.0,-388.954513,0.0
2019-01-19,11,0,22,161.61,161.61,0.0,-1382.426629,0.0
2019-01-19,11,0,23,61.07,61.07,0.0,-522.398331,0.0
2019-01-19,11,0,24,108.0,108.0,0.0,-923.841817,0.0
2019-01-19,11,0,29,4.37,4.37,0.0,26.617951,0.0
2019-01-19,11,0,30,376.9,376.9,0.0,-3259.557187,0.0
2019-01-19,11,0,31,69.23,69.23,0.0,-598.724182,0.0
2019-01-19,11,0,32,1.47,1.47,0.0,74.718417,0.0
2019-01-19,11,0,33,1.54,1.54,0.0,15.000908,0.0
2019-01-19,11,0,34,2.47,2.47,0.0,24.059899,0.0
2019-01-19,11,0,35,2.47,2.47,0.0,24.059899,0.0
2019-01-19,11,0,36,6.92,6.92,0.0,15.572218,0.0
2019-01-19,11,0,37,3.06,3.06,0.0,6.643844,0.0
2019-01-19,11,0,38,3.94,3.94,0.0,8.554492,0.0
2019-01-19,11,0,39,2.63,2.63,0.0,5.710232,0.0
2019-01-19,11,0,40,2.63,2.63,0.0,5.710232,0.0
2019-01-19,11,0,41,0.0,0.0,0.0,-0.0,0.0
2019-01-19,11,0,42,45.4,45.4,0.0,282.538142,0.0
2019-01-19,11,0,43,19.74,19.74,0.0,55.49772,0.0
2019-01-19,11,0,46,19.46,19.46,0.0,22.216763,0.0
2019-01-19,11,0,52,73.6,73.6,0.0,-636.517402,0.0
2019-01-19,11,0,53,119.86,119.86,0.0,-1036.589346,0.0
2019-01-19,11,0,55,229.69,229.69,0.0,-1964.789137,0.0
2019-01-19,11,0,56,111.17,111.17,0.0,-961.435321,0.0
2019-01-19,11,0,57,105.75,105.75,0.0,-914.561349,0.0
2019-01-19,11,0,58,203.36,203.36,0.0,-1758.725257,0.0
2019-01-19,11,0,59,199.97,199.97,0.0,-1729.407404,0.0
2019-01-19,11,0,63,0.0,0.0,0.0,0.0,0.0
2019-01-19,11,0,64,0.0,0.0,0.0,0.0,0.0
2019-01-19,11,0,65,0.0,0.0,0.0,0.0,0.0
2019-01-19,11,0,67,206.61,206.61,0.0,-114137.171516,0.0
2019-01-19,11,0,68,33.99,33.99,0.0,-13809.236221,0.0
2019-01-19,11,0,69,1.54,1.54,0.0,15.000908,0.0
2019-01-19,11,0,74,144.48,144.48,0.0,499.93101,0.0
2019-01-19,11,0,77,60.0,60.0,0.0,-17039.106174,0.0
2019-01-19,11,0,78,45.36,45.36,0.0,-12881.564268,0.0
2019-01-19,11,0,79,26.25,26.25,0.0,-7454.608951,0.0
2019-01-19,11,0,80,42.45,42.45,0.0,-12055.167618,0.0
2019-01-19,11,0,81,55.5,55.5,0.0,-15761.173211,0.0
2019-01-19,11,0,82,39.15,39.15,0.0,-11118.016779,0.0
2019-01-19,11,0,83,87.3,87.3,0.0,-24791.899483,0.0
2019-01-19,11,0,84,0.0,0.0,0.0,0.0,0.0
2019-01-19,11,0,86,7.83,7.83,0.0,76.270852,0.0
2019-01-19,11,0,87,39.95,39.95,0.0,389.146942,0.0
2019-01-19,11,0,88,51.18,51.18,0.0,-14534.357566,0.0
2019-01-19,11,0,89,49.2,49.2,0.0,-13972.067063,0.0
2019-01-19,11,0,90,66.06,66.06,0.0,-18760.055898,0.0
2019-01-19,11,0,91,235.65,235.65,0.0,-66921.089498,0.0
2019-01-19,11,0,92,84.75,84.75,0.0,-24067.737471,0.0
2019-01-19,11,0,95,0.0,0.0,0.0,0.0,0.0
2019-01-19,11,0,96,31.88,31.88,0.0,-278.848873,0.0
2019-01-19,11,0,97,234.28,234.28,0.0,-2049.206834,0.0
2019-01-19,11,0,99,31.0,31.0,0.0,107.266482,0.0
2019-01-19,11,0,101,7.59,7.59,0.0,-65.640857,0.0
2019-01-19,11,0,102,80.49,80.49,0.0,-32700.953911,0.0
2019-01-19,11,0,103,69.99,69.99,0.0,-28435.082175,0.0
2019-01-19,11,0,104,12.99,12.99,0.0,-5277.492748,0.0
2019-01-19,11,0,106,159.09,159.09,0.0,-1360.87032,0.0
2019-01-19,11,0,109,0.0,0.0,0.0,-0.0,0.0
2019-01-19,11,0,110,338.6,338.6,0.0,-338600.0,0.0
2019-01-19,11,0,111,12.56,12.56,0.0,-45.255067,0.0
2019-01-19,11,0,113,84.2,84.2,0.0,-21574.062736,0.0
2019-01-19,11,0,115,84.2,84.2,0.0,-21574.062736,0.0
2019-01-19,11,0,116,74.27,74.27,0.0,-74270.0,0.0
2019-01-19,11,0,117,5.66,5.66,0.0,-1450.22797,0.0
2019-01-19,11,0,119,0.0,0.0,0.0,0.0,0.0
2019-01-19,11,0,120,0.0,0.0,0.0,0.0,0.0
2019-01-19,11,0,123,2.65,2.65,0.0,-22.668341,0.0
2019-01-19,11,0,125,97.74,97.74,0.0,-836.076844,0.0
2019-01-19,11,0,126,119.32,119.32,0.0,-1020.674125,0.0
2019-01-19,11,0,127,153.13,153.13,0.0,-1309.887939,0.0
2019-01-19,11,0,128,139.96,139.96,0.0,-1197.230562,0.0
2019-01-19,11,0,131,30.0,30.0,0.0,-11017.203122,0.0
2019-01-19,11,0,132,44.1,44.1,0.0,-16195.288589,0.0
2019-01-19,11,0,133,0.0,0.0,0.0,0.0,0.0
2019-01-19,11,0,134,0.0,0.0,0.0,0.0,0.0
2019-01-19,11,0,135,0.0,0.0,0.0,0.0,0.0
2019-01-19,11,0,136,0.0,0.0,0.0,0.0,0.0
2019-01-19,11,0,139,0.0,0.0,0.0,-0.0,0.0
2019-01-19,11,0,140,250.6,250.6,0.0,-250600.0,0.0
2019-01-19,11,0,141,230.0,230.0,0.0,-127058.464976,0.0
2019-01-19,11,0,142,272.47,272.47,0.0,-150520.086748,0.0
2019-01-19,11,0,143,71.73,71.73,0.0,-620.345017,0.0
2019-01-19,11,0,145,100.0,100.0,0.0,-559.965904,0.0
2019-01-19,11,0,146,268.0,268.0,0.0,-268000.0,0.0
2019-01-19,11,0,152,5.22,5.22,0.0,18.502844,0.0
2019-01-19,11,0,153,6.31,6.31,0.0,21.424176,0.0
2019-01-19,11,0,154,51.83,51.83,0.0,-186.749215,0.0
2019-01-19,11,0,157,44.04,44.04,0.0,-24328.933902,0.0
2019-01-19,11,0,158,188.02,188.02,0.0,-103867.532977,0.0
2019-01-19,11,0,159,0.0,0.0,0.0,0.0,0.0
2019-01-19,11,0,160,1.48,1.48,0.0,7.206787,0.0
2019-01-19,11,0,161,40.49,40.49,0.0,-16450.013963,0.0
2019-01-19,11,0,162,0.0,0.0,0.0,0.0,0.0
2019-01-19,11,0,163,160.49,160.49,0.0,-160490.0,0.0
2019-01-19,11,0,164,14.5,14.5,0.0,-125.400847,0.0
2019-01-19,11,0,167,1.26,1.26,0.0,28.008996,0.0
2019-01-19,11,0,168,0.63,0.63,0.0,14.004498,0.0
2019-01-19,11,0,169,0.0,0.0,0.0,0.0,0.0
2019-01-19,11,0,170,1.38,1.38,0.0,30.676519,0.0
2019-01-19,11,0,172,2.27,2.27,0.0,48.382312,0.0
2019-01-19,11,0,173,3.46,3.46,0.0,73.745727,0.0
2019-01-19,11,0,188,3.4,3.4,0.0,104.775415,0.0
2019-01-19,11,0,190,4.36,4.36,0.0,141.384149,0.0
2019-01-19,11,0,191,11.26,11.26,0.0,365.134293,0.0
2019-01-19,11,0,192,332.6,332.6,0.0,10785.405497,0.0
2019-01-19,11,0,194,0.0,0.0,0.0,-0.0,0.0
2019-01-19,11,0,196,3.39,3.39,0.0,931.259409,0.0
2019-01-19,11,0,198,5.37,5.37,0.0,43.461076,0.0
2019-01-19,11,0,199,0.0,0.0,0.0,-0.0,0.0
2019-01-19,11,0,200,8.02,8.02,0.0,-252.505875,0.0
2019-01-19,11,0,204,0.0,0.0,0.0,-0.0,0.0
2019-01-19,11,0,205,0.0,0.0,0.0,-0.0,0.0
2019-01-19,11,0,206,895.48,895.48,0.0,-7832.609424,0.0
2019-01-19,11,0,210,1.18,1.18,0.0,7.804762,0.0
2019-01-19,11,0,214,8.26,8.26,0.0,94.590245,0.0
2019-01-19,11,0,217,5.47,5.47,0.0,51.954412,0.0
2019-01-19,11,0,218,7.55,7.55,0.0,71.710386,0.0
2019-01-19,11,0,219,5.14,5.14,0.0,48.820051,0.0
2019-01-19,11,0,221,4.41,4.41,0.0,50.501572,0.0
2019-01-19,11,0,225,4.32,4.32,0.0,26.095146,0.0
2019-01-19,11,0,233,4.43,4.43,0.0,43.151964,0.0
2019-01-19,11,0,236,159.03,159.03,0.0,835.981149,0.0
2019-01-19,11,0,237,322.11,322.11,0.0,1114.567951,0.0
2019-01-19,11,0,238,59.1,59.1,0.0,367.797449,0.0
2019-01-19,11,0,240,7.84,7.84,0.0,17.642513,0.0
2019-01-19,11,0,245,0.0,0.0,0.0,0.0,0.0
2019-01-19,11,0,247,0.0,0.0,0.0,0.0,0.0
2019-01-19,11,0,248,38.35,38.35,0.0,132.699019,0.0
2019-01-19,11,0,249,0.0,0.0,0.0,0.0,0.0
2019-01-19,11,0,251,0.0,0.0,0.0,0.0,0.0
2019-01-19,11,0,252,0.0,0.0,0.0,0.0,0.0
2019-01-19,11,0,254,8.58,8.58,0.0,28.553072,0.0
2019-01-19,11,0,255,3.93,3.93,0.0,13.078505,0.0
2019-01-19,11,0,258,9.86,9.86,0.0,23.081718,0.0
2019-01-19,11,0,260,3.6,3.6,0.0,17.530023,0.0
2019-01-19,11,0,265,53.66,53.66,0.0,-193.342907,0.0
2019-01-19,11,0,266,0.0,0.0,0.0,-0.0,0.0
2019-01-19,11,0,267,0.0,0.0,0.0,-0.0,0.0
2019-01-19,11,0,270,542.91,542.91,0.0,-542910.0,0.0
2019-01-19,11,0,272,281.17,281.17,0.0,-72042.508544,0.0
2019-01-19,11,0,273,17.76,17.76,0.0,-17760.0,0.0
2019-01-19,11,0,274,708.99,708.99,0.0,-708990.0,0.0
2019-01-19,11,0,275,1000.33,1000.33,0.0,-1000330.0,0.0
2019-01-19,11,0,276,4.07,4.07,0.0,-3663.271241,0.0
2019-01-19,11,0,277,5.45,5.45,0.0,-1457.078689,0.0
2019-01-19,11,0,278,8.72,8.72,0.0,-2331.325903,0.0
2019-01-19,11,0,279,264.6,264.6,0.0,-70741.838745,0.0
2019-01-19,11,0,281,30.19,30.19,0.0,-261.093212,0.0
2019-01-19,11,0,282,206.75,206.75,0.0,-1788.043111,0.0
2019-01-19,12,0,9,2.84,2.84,0.0,-1110.381073,0.0
2019-01-19,12,0,17,47.99,47.99,0.0,287.164279,0.0
2019-01-19,12,0,19,0.0,0.0,0.0,0.0,0.0
2019-01-19,12,0,20,0.0,0.0,0.0,0.0,0.0
2019-01-19,12,0,21,65.02,65.02,0.0,-25421.470893,0.0
2019-01-19,12,0,22,231.08,231.08,0.0,-90347.485295,0.0
2019-01-19,12,0,23,46.17,46.17,0.0,-18051.512013,0.0
2019-01-19,12,0,24,77.3,77.3,0.0,-30222.696093,0.0
2019-01-19,12,0,29,5.74,5.74,0.0,28.937007,0.0
2019-01-19,12,0,30,544.81,544.81,0.0,-544810.0,0.0
2019-01-19,12,0,31,96.55,96.55,0.0,-96550.0,0.0
2019-01-19,12,0,32,2.0,2.0,0.0,101.200395,0.0
2019-01-19,12,0,33,2.05,2.05,0.0,19.416929,0.0
2019-01-19,12,0,34,3.28,3.28,0.0,31.067086,0.0
2019-01-19,12,0,35,3.28,3.28,0.0,31.067086,0.0
2019-01-19,12,0,36,9.51,9.51,0.0,10.221152,0.0
2019-01-19,12,0,37,4.28,4.28,0.0,4.760451,0.0
2019-01-19,12,0,38,5.5,5.5,0.0,6.117402,0.0
2019-01-19,12,0,39,3.67,3.67,0.0,4.081975,0.0
2019-01-19,12,0,40,3.67,3.67,0.0,4.081975,0.0
2019-01-19,12,0,41,0.0,0.0,0.0,-0.0,0.0
2019-01-19,12,0,42,64.37,64.37,0.0,336.513164,0.0
2019-01-19,12,0,43,26.68,26.68,0.0,50.331768,0.0
2019-01-19,12,0,46,26.27,26.27,0.0,11.237213,0.0
2019-01-19,12,0,52,102.34,102.34,0.0,-102340.0,0.0
2019-01-19,12,0,53,162.59,162.59,0.0,-162590.0,0.0
2019-01-19,12,0,55,454.54,454.54,0.0,-177715.708697,0.0
2019-01-19,12,0,56,160.7,160.7,0.0,-160700.0,0.0
2019-01-19,12,0,57,152.86,152.86,0.0,-152860.0,0.0
2019-01-19,12,0,58,293.96,293.96,0.0,-293960.0,0.0
2019-01-19,12,0,59,289.06,289.06,0.0,-289060.0,0.0
2019-01-19,12,0,63,0.0,0.0,0.0,0.0,0.0
2019-01-19,12,0,64,0.0,0.0,0.0,0.0,0.0
2019-01-19,12,0,65,0.0,0.0,0.0,0.0,0.0
2019-01-19,12,0,67,293.52,293.52,0.0,-162043.656574,0.0
2019-01-19,12,0,68,34.0,34.0,0.0,-13797.158075,0.0
2019-01-19,12,0,69,2.05,2.05,0.0,19.416929,0.0
2019-01-19,12,0,74,217.6,217.6,0.0,341.510226,0.0
2019-01-19,12,0,77,60.0,60.0,0.0,-16999.237639,0.0
2019-01-19,12,0,78,45.36,45.36,0.0,-12851.423655,0.0
2019-01-19,12,0,79,26.25,26.25,0.0,-7437.166467,0.0
2019-01-19,12,0,80,42.45,42.45,0.0,-12026.96063,0.0
2019-01-19,12,0,81,55.5,55.5,0.0,-15724.294816,0.0
2019-01-19,12,0,82,39.15,39.15,0.0,-11092.00256,0.0
2019-01-19,12,0,83,87.3,87.3,0.0,-24733.890765,0.0
2019-01-19,12,0,84,0.0,0.0,0.0,0.0,0.0
2019-01-19,12,0,86,10.38,10.38,0.0,98.315962,0.0
2019-01-19,12,0,87,52.98,52.98,0.0,501.809219,0.0
2019-01-19,12,0,88,51.18,51.18,0.0,-14500.349706,0.0
2019-01-19,12,0,89,49.2,49.2,0.0,-13939.374864,0.0
2019-01-19,12,0,90,66.06,66.06,0.0,-18716.160641,0.0
2019-01-19,12,0,91,235.65,235.65,0.0,-66764.505829,0.0
2019-01-19,12,0,92,84.75,84.75,0.0,-24011.423166,0.0
2019-01-19,12,0,95,0.0,0.0,0.0,0.0,0.0
2019-01-19,12,0,96,29.88,29.88,0.0,1165.113881,0.0
2019-01-19,12,0,97,183.76,183.76,0.0,7165.37238,0.0
2019-01-19,12,0,99,42.0,42.0,0.0,65.916496,0.0
2019-01-19,12,0,101,10.97,10.97,0.0,-10970.0,0.0
2019-01-19,12,0,102,80.5,80.5,0.0,-32666.800735,0.0
2019-01-19,12,0,103,70.0,70.0,0.0,-28405.913683,0.0
2019-01-19,12,0,104,13.0,13.0,0.0,-5275.38397,0.0
2019-01-19,12,0,106,227.48,227.48,0.0,-88939.959991,0.0
2019-01-19,12,0,109,0.0,0.0,0.0,-0.0,0.0
2019-01-19,12,0,110,338.6,338.6,0.0,-338600.0,0.0
2019-01-19,12,0,111,17.2,17.2,0.0,-210.296108,0.0
2019-01-19,12,0,113,0.0,0.0,0.0,-0.0,0.0
2019-01-19,12,0,115,0.0,0.0,0.0,-0.0,0.0
2019-01-19,12,0,116,104.16,104.16,0.0,-104160.0,0.0
2019-01-19,12,0,117,0.0,0.0,0.0,-0.0,0.0
2019-01-19,12,0,119,0.0,0.0,0.0,0.0,0.0
2019-01-19,12,0,120,0.0,0.0,0.0,0.0,0.0
2019-01-19,12,0,123,3.79,3.79,0.0,-1481.811361,0.0
2019-01-19,12,0,125,70.73,70.73,0.0,-27653.962415,0.0
2019-01-19,12,0,126,170.61,170.61,0.0,-66704.969994,0.0
2019-01-19,12,0,127,218.95,218.95,0.0,-85604.906981,0.0
2019-01-19,12,0,128,96.96,96.96,0.0,-37909.348166,0.0
2019-01-19,12,0,131,30.0,30.0,0.0,-11002.024858,0.0
2019-01-19,12,0,132,44.1,44.1,0.0,-16172.976541,0.0
2019-01-19,12,0,133,0.0,0.0,0.0,0.0,0.0
2019-01-19,12,0,134,0.0,0.0,0.0,0.0,0.0
2019-01-19,12,0,135,0.0,0.0,0.0,0.0,0.0
2019-01-19,12,0,136,0.0,0.0,0.0,0.0,0.0
2019-01-19,12,0,139,0.0,0.0,0.0,-0.0,0.0
2019-01-19,12,0,140,250.6,250.6,0.0,-250600.0,0.0
2019-01-19,12,0,141,230.0,230.0,0.0,-126976.154988,0.0
2019-01-19,12,0,142,387.08,387.08,0.0,-213695.348142,0.0
2019-01-19,12,0,143,100.75,100.75,0.0,-100750.0,0.0
2019-01-19,12,0,145,0.0,0.0,0.0,-0.0,0.0
2019-01-19,12,0,146,268.0,268.0,0.0,-268000.0,0.0
2019-01-19,12,0,152,7.36,7.36,0.0,16.157889,0.0
2019-01-19,12,0,153,8.91,8.91,0.0,18.071476,0.0
2019-01-19,12,0,154,70.95,70.95,0.0,-867.471445,0.0
2019-01-19,12,0,157,51.25,51.25,0.0,-28293.599753,0.0
2019-01-19,12,0,158,266.42,266.42,0.0,-147082.553095,0.0
2019-01-19,12,0,159,0.0,0.0,0.0,0.0,0.0
2019-01-19,12,0,160,2.02,2.02,0.0,8.318098,0.0
2019-01-19,12,0,161,57.35,57.35,0.0,-23272.559282,0.0
2019-01-19,12,0,162,0.0,0.0,0.0,0.0,0.0
2019-01-19,12,0,163,185.4,185.4,0.0,-185400.0,0.0
2019-01-19,12,0,164,20.99,20.99,0.0,-20990.0,0.0
2019-01-19,12,0,167,1.7,1.7,0.0,37.798991,0.0
2019-01-19,12,0,168,0.85,0.85,0.0,18.899495,0.0
2019-01-19,12,0,169,0.0,0.0,0.0,0.0,0.0
2019-01-19,12,0,170,1.86,1.86,0.0,41.356543,0.0
2019-01-19,12,0,172,3.03,3.03,0.0,63.462691,0.0
2019-01-19,12,0,173,4.62,4.62,0.0,96.764896,0.0
2019-01-19,12,0,188,4.69,4.69,0.0,143.465498,0.0
2019-01-19,12,0,190,6.06,6.06,0.0,196.510996,0.0
2019-01-19,12,0,191,15.66,15.66,0.0,507.815544,0.0
2019-01-19,12,0,192,332.6,332.6,0.0,10785.405497,0.0
2019-01-19,12,0,194,0.0,0.0,0.0,-0.0,0.0
2019-01-19,12,0,196,4.69,4.69,0.0,1288.79402,0.0
2019-01-19,12,0,198,7.16,7.16,0.0,54.207514,0.0
2019-01-19,12,0,199,0.0,0.0,0.0,-0.0,0.0
2019-01-19,12,0,200,10.98,10.98,0.0,-337.737578,0.0
2019-01-19,12,0,204,0.0,0.0,0.0,-0.0,0.0
2019-01-19,12,0,205,0.0,0.0,0.0,-0.0,0.0
2019-01-19,12,0,206,539.95,539.95,0.0,21054.325296,0.0
2019-01-19,12,0,210,1.53,1.53,0.0,8.734421,0.0
2019-01-19,12,0,214,11.04,11.04,0.0,127.224406,0.0
2019-01-19,12,0,217,7.2,7.2,0.0,65.896657,0.0
2019-01-19,12,0,218,9.93,9.93,0.0,90.882473,0.0
2019-01-19,12,0,219,6.76,6.76,0.0,61.869639,0.0
2019-01-19,12,0,221,5.89,5.89,0.0,67.876064,0.0
2019-01-19,12,0,225,5.56,5.56,0.0,27.671174,0.0
2019-01-19,12,0,233,5.87,5.87,0.0,55.598719,0.0
2019-01-19,12,0,236,159.03,159.03,0.0,653.882715,0.0
2019-01-19,12,0,237,522.0,522.0,0.0,819.247876,0.0
2019-01-19,12,0,238,83.78,83.78,0.0,437.984665,0.0
2019-01-19,12,0,240,10.78,10.78,0.0,11.586122,0.0
2019-01-19,12,0,245,0.0,0.0,0.0,0.0,0.0
2019-01-19,12,0,247,0.0,0.0,0.0,0.0,0.0
2019-01-19,12,0,248,52.4,52.4,0.0,82.238676,0.0
2019-01-19,12,0,249,0.0,0.0,0.0,0.0,0.0
2019-01-19,12,0,251,0.0,0.0,0.0,0.0,0.0
2019-01-19,12,0,252,0.0,0.0,0.0,0.0,0.0
2019-01-19,12,0,254,11.86,11.86,0.0,29.01464,0.0
2019-01-19,12,0,255,5.44,5.44,0.0,13.30857,0.0
2019-01-19,12,0,258,13.46,13.46,0.0,16.231126,0.0
2019-01-19,12,0,260,4.9,4.9,0.0,20.177563,0.0
2019-01-19,12,0,265,73.45,73.45,0.0,-898.037739,0.0
2019-01-19,12,0,266,0.0,0.0,0.0,-0.0,0.0
2019-01-19,12,0,267,0.0,0.0,0.0,-0.0,0.0
2019-01-19,12,0,270,579.0,579.0,0.0,-579000.0,0.0
2019-01-19,12,0,272,0.0,0.0,0.0,-0.0,0.0
2019-01-19,12,0,273,24.91,24.91,0.0,-24910.0,0.0
2019-01-19,12,0,274,746.4,746.4,0.0,-746400.0,0.0
2019-01-19,12,0,275,1039.0,1039.0,0.0,-1039000.0,0.0
2019-01-19,12,0,276,5.68,5.68,0.0,-5111.924679,0.0
2019-01-19,12,0,277,7.59,7.59,0.0,-2025.445055,0.0
2019-01-19,12,0,278,12.14,12.14,0.0,-3239.644659,0.0
2019-01-19,12,0,279,264.6,264.6,0.0,-70610.377007,0.0
2019-01-19,12,0,281,43.33,43.33,0.0,-43330.0,0.0
2019-01-19,12,0,282,298.86,298.86,0.0,-298860.0,0.0
2019-01-19,13,0,9,3.46,3.46,0.0,-1372.193253,0.0
2019-01-19,13,0,17,57.06,57.06,0.0,354.267166,0.0
2019-01-19,13,0,19,0.0,0.0,0.0,0.0,0.0
2019-01-19,13,0,20,0.0,0.0,0.0,0.0,0.0
2019-01-19,13,0,21,79.14,79.14,0.0,-31385.94626,0.0
2019-01-19,13,0,22,281.26,281.26,0.0,-111544.241156,0.0
2019-01-19,13,0,23,90.35,90.35,0.0,-35831.693765,0.0
2019-01-19,13,0,24,157.79,157.79,0.0,-62577.564574,0.0
2019-01-19,13,0,29,5.69,5.69,0.0,19.39214,0.0
2019-01-19,13,0,30,676.94,676.94,0.0,-676940.0,0.0
2019-01-19,13,0,31,125.0,125.0,0.0,-125000.0,0.0
2019-01-19,13,0,32,4.2,4.2,0.0,216.695612,0.0
2019-01-19,13,0,33,3.02,3.02,0.0,34.81217,0.0
2019-01-19,13,0,34,4.83,4.83,0.0,55.676417,0.0
2019-01-19,13,0,35,4.83,4.83,0.0,55.676417,0.0
2019-01-19,13,0,36,12.93,12.93,0.0,-22.028656,0.0
2019-01-19,13,0,37,6.12,6.12,0.0,-10.595003,0.0
2019-01-19,13,0,38,7.87,7.87,0.0,-13.62462,0.0
2019-01-19,13,0,39,5.25,5.25,0.0,-9.088851,0.0
2019-01-19,13,0,40,5.25,5.25,0.0,-9.088851,0.0
2019-01-19,13,0,41,0.0,0.0,0.0,-0.0,0.0
2019-01-19,13,0,42,77.68,77.68,0.0,392.73509,0.0
2019-01-19,13,0,43,37.39,37.39,0.0,-23.597811,0.0
2019-01-19,13,0,46,33.7,33.7,0.0,-102.574228,0.0
2019-01-19,13,0,52,132.5,132.5,0.0,-132500.0,0.0
2019-01-19,13,0,53,210.5,210.5,0.0,-210500.0,0.0
2019-01-19,13,0,55,623.0,623.0,0.0,-247074.103108,0.0
2019-01-19,13,0,56,199.67,199.67,0.0,-199670.0,0.0
2019-01-19,13,0,57,189.93,189.93,0.0,-189930.0,0.0
2019-01-19,13,0,58,365.25,365.25,0.0,-365250.0,0.0
2019-01-19,13,0,59,359.17,359.17,0.0,-359170.0,0.0
2019-01-19,13,0,63,0.0,0.0,0.0,0.0,0.0
2019-01-19,13,0,64,0.0,0.0,0.0,0.0,0.0
2019-01-19,13,0,65,0.0,0.0,0.0,0.0,0.0
2019-01-19,13,0,67,361.22,361.22,0.0,-198709.889561,0.0
2019-01-19,13,0,68,34.0,34.0,0.0,-13708.640535,0.0
2019-01-19,13,0,69,3.02,3.02,0.0,34.81217,0.0
2019-01-19,13,0,74,217.6,217.6,0.0,-73.29127,0.0
2019-01-19,13,0,77,60.0,60.0,0.0,-16789.444578,0.0
2019-01-19,13,0,78,45.36,45.36,0.0,-12692.820101,0.0
2019-01-19,13,0,79,26.25,26.25,0.0,-7345.382003,0.0
2019-01-19,13,0,80,42.45,42.45,0.0,-11878.532039,0.0
2019-01-19,13,0,81,55.5,55.5,0.0,-15530.236235,0.0
2019-01-19,13,0,82,39.15,39.15,0.0,-10955.112587,0.0
2019-01-19,13,0,83,87.3,87.3,0.0,-24428.641861,0.0
2019-01-19,13,0,84,0.0,0.0,0.0,0.0,0.0
2019-01-19,13,0,86,15.28,15.28,0.0,176.135746,0.0
2019-01-19,13,0,87,78.01,78.01,0.0,899.237538,0.0
2019-01-19,13,0,88,0.0,0.0,0.0,-0.0,0.0
2019-01-19,13,0,89,0.0,0.0,0.0,-0.0,0.0
2019-01-19,13,0,90,0.0,0.0,0.0,-0.0,0.0
2019-01-19,13,0,91,0.0,0.0,0.0,-0.0,0.0
2019-01-19,13,0,92,0.0,0.0,0.0,-0.0,0.0
2019-01-19,13,0,95,0.0,0.0,0.0,0.0,0.0
2019-01-19,13,0,96,29.88,29.88,0.0,874.551374,0.0
2019-01-19,13,0,97,183.75,183.75,0.0,5378.139724,0.0
2019-01-19,13,0,99,42.0,42.0,0.0,-14.146293,0.0
2019-01-19,13,0,101,13.64,13.64,0.0,-13640.0,0.0
2019-01-19,13,0,102,80.5,80.5,0.0,-32457.222443,0.0
2019-01-19,13,0,103,70.0,70.0,0.0,-28223.671689,0.0
2019-01-19,13,0,104,13.0,13.0,0.0,-5241.539028,0.0
2019-01-19,13,0,106,276.87,276.87,0.0,-109803.221392,0.0
2019-01-19,13,0,109,0.0,0.0,0.0,-0.0,0.0
2019-01-19,13,0,110,338.6,338.6,0.0,-338600.0,0.0
2019-01-19,13,0,111,21.2,21.2,0.0,-389.10545,0.0
2019-01-19,13,0,113,0.0,0.0,0.0,-0.0,0.0
2019-01-19,13,0,115,0.0,0.0,0.0,-0.0,0.0
2019-01-19,13,0,116,133.89,133.89,0.0,-133890.0,0.0
2019-01-19,13,0,117,0.0,0.0,0.0,-0.0,0.0
2019-01-19,13,0,119,0.0,0.0,0.0,0.0,0.0
2019-01-19,13,0,120,0.0,0.0,0.0,0.0,0.0
2019-01-19,13,0,123,4.61,4.61,0.0,-1828.269045,0.0
2019-01-19,13,0,125,143.27,143.27,0.0,-56819.111962,0.0
2019-01-19,13,0,126,207.66,207.66,0.0,-82355.390452,0.0
2019-01-19,13,0,127,266.49,266.49,0.0,-105686.641633,0.0
2019-01-19,13,0,128,202.25,202.25,0.0,-80209.85129,0.0
2019-01-19,13,0,131,30.0,30.0,0.0,-10918.78637,0.0
2019-01-19,13,0,132,44.1,44.1,0.0,-16050.615964,0.0
2019-01-19,13,0,133,0.0,0.0,0.0,0.0,0.0
2019-01-19,13,0,134,0.0,0.0,0.0,0.0,0.0
2019-01-19,13,0,135,0.0,0.0,0.0,0.0,0.0
2019-01-19,13,0,136,0.0,0.0,0.0,0.0,0.0
2019-01-19,13,0,139,0.0,0.0,0.0,-0.0,0.0
2019-01-19,13,0,140,250.6,250.6,0.0,-250600.0,0.0
2019-01-19,13,0,141,230.0,230.0,0.0,-126524.762192,0.0
2019-01-19,13,0,142,476.36,476.36,0.0,-262049.28573,0.0
2019-01-19,13,0,143,137.84,137.84,0.0,-137840.0,0.0
2019-01-19,13,0,145,0.0,0.0,0.0,-0.0,0.0
2019-01-19,13,0,146,268.0,268.0,0.0,-268000.0,0.0
2019-01-19,13,0,152,9.7,9.7,0.0,3.080185,0.0
2019-01-19,13,0,153,12.08,12.08,0.0,0.667,0.0
2019-01-19,13,0,154,87.44,87.44,0.0,-1604.876441,0.0
2019-01-19,13,0,157,59.05,59.05,0.0,-32483.857424,0.0
2019-01-19,13,0,158,332.36,332.36,0.0,-182833.782445,0.0
2019-01-19,13,0,159,0.0,0.0,0.0,0.0,0.0
2019-01-19,13,0,160,2.69,2.69,0.0,7.250699,0.0
2019-01-19,13,0,161,69.79,69.79,0.0,-28139.000674,0.0
2019-01-19,13,0,162,0.0,0.0,0.0,0.0,0.0
2019-01-19,13,0,163,104.55,104.55,0.0,-104550.0,0.0
2019-01-19,13,0,164,25.88,25.88,0.0,-25880.0,0.0
2019-01-19,13,0,167,4.54,4.54,0.0,100.725278,0.0
2019-01-19,13,0,168,2.27,2.27,0.0,50.362639,0.0
2019-01-19,13,0,169,0.0,0.0,0.0,0.0,0.0
2019-01-19,13,0,170,4.96,4.96,0.0,110.043476,0.0
2019-01-19,13,0,172,6.02,6.02,0.0,123.546232,0.0
2019-01-19,13,0,173,9.17,9.17,0.0,188.192516,0.0
2019-01-19,13,0,188,8.88,8.88,0.0,276.561422,0.0
2019-01-19,13,0,190,8.77,8.77,0.0,284.389676,0.0
2019-01-19,13,0,191,22.66,22.66,0.0,734.808444,0.0
2019-01-19,13,0,192,332.6,332.6,0.0,10785.405497,0.0
2019-01-19,13,0,194,0.0,0.0,0.0,-0.0,0.0
2019-01-19,13,0,196,7.11,7.11,0.0,1968.439888,0.0
2019-01-19,13,0,198,9.58,9.58,0.0,74.036566,0.0
2019-01-19,13,0,199,0.0,0.0,0.0,-0.0,0.0
2019-01-19,13,0,200,17.17,17.17,0.0,-481.818203,0.0
2019-01-19,13,0,204,0.0,0.0,0.0,-0.0,0.0
2019-01-19,13,0,205,0.0,0.0,0.0,-0.0,0.0
2019-01-19,13,0,206,539.94,539.94,0.0,15803.389183,0.0
2019-01-19,13,0,210,1.67,1.67,0.0,7.612723,0.0
2019-01-19,13,0,214,12.38,12.38,0.0,181.532889,0.0
2019-01-19,13,0,217,7.75,7.75,0.0,80.963097,0.0
2019-01-19,13,0,218,10.69,10.69,0.0,111.67684,0.0
2019-01-19,13,0,219,7.28,7.28,0.0,76.053077,0.0
2019-01-19,13,0,221,6.6,6.6,0.0,96.778438,0.0
2019-01-19,13,0,225,5.62,5.62,0.0,18.5292,0.0
2019-01-19,13,0,233,8.65,8.65,0.0,99.710354,0.0
2019-01-19,13,0,236,319.85,319.85,0.0,1063.576705,0.0
2019-01-19,13,0,237,522.0,522.0,0.0,-175.818212,0.0
2019-01-19,13,0,238,101.11,101.11,0.0,511.192648,0.0
2019-01-19,13,0,240,14.66,14.66,0.0,-24.976033,0.0
2019-01-19,13,0,245,0.0,0.0,0.0,0.0,0.0
2019-01-19,13,0,247,0.0,0.0,0.0,0.0,0.0
2019-01-19,13,0,248,52.4,52.4,0.0,-17.649185,0.0
2019-01-19,13,0,249,0.0,0.0,0.0,0.0,0.0
2019-01-19,13,0,251,0.0,0.0,0.0,0.0,0.0
2019-01-19,13,0,252,0.0,0.0,0.0,0.0,0.0
2019-01-19,13,0,254,18.47,18.47,0.0,3.760931,0.0
2019-01-19,13,0,255,8.46,8.46,0.0,1.722657,0.0
2019-01-19,13,0,258,18.06,18.06,0.0,-27.640083,0.0
2019-01-19,13,0,260,6.53,6.53,0.0,17.601138,0.0
2019-01-19,13,0,265,90.53,90.53,0.0,-1661.590395,0.0
2019-01-19,13,0,266,0.0,0.0,0.0,-0.0,0.0
2019-01-19,13,0,267,0.0,0.0,0.0,-0.0,0.0
2019-01-19,13,0,270,325.32,325.32,0.0,-325320.0,0.0
2019-01-19,13,0,272,0.0,0.0,0.0,-0.0,0.0
2019-01-19,13,0,273,32.02,32.02,0.0,-32020.0,0.0
2019-01-19,13,0,274,419.18,419.18,0.0,-419180.0,0.0
2019-01-19,13,0,275,583.24,583.24,0.0,-583240.0,0.0
2019-01-19,13,0,276,7.38,7.38,0.0,-6638.668205,0.0
2019-01-19,13,0,277,9.3,9.3,0.0,-2455.104384,0.0
2019-01-19,13,0,278,14.87,14.87,0.0,-3925.527117,0.0
2019-01-19,13,0,279,378.16,378.16,0.0,-99830.352016,0.0
2019-01-19,13,0,281,56.1,56.1,0.0,-56100.0,0.0
2019-01-19,13,0,282,371.34,371.34,0.0,-371340.0,0.0
2019-01-19,14,0,9,3.63,3.63,0.0,-2002.344877,0.0
2019-01-19,14,0,17,57.8,57.8,0.0,-591.856038,0.0
2019-01-19,14,0,19,0.0,0.0,0.0,-0.0,0.0
2019-01-19,14,0,20,0.0,0.0,0.0,-0.0,0.0
2019-01-19,14,0,21,83.0,83.0,0.0,-45783.643182,0.0
2019-01-19,14,0,22,294.99,294.99,0.0,-162719.480749,0.0
2019-01-19,14,0,23,42.61,42.61,0.0,-23504.108867,0.0
2019-01-19,14,0,24,73.27,73.27,0.0,-40416.476336,0.0
2019-01-19,14,0,29,5.81,5.81,0.0,19.704414,0.0
2019-01-19,14,0,30,713.03,713.03,0.0,-713030.0,0.0
2019-01-19,14,0,31,110.99,110.99,0.0,-110990.0,0.0
2019-01-19,14,0,32,4.32,4.32,0.0,233.148447,0.0
2019-01-19,14,0,33,3.16,3.16,0.0,12.78746,0.0
2019-01-19,14,0,34,5.06,5.06,0.0,20.476123,0.0
2019-01-19,14,0,35,5.06,5.06,0.0,20.476123,0.0
2019-01-19,14,0,36,13.55,13.55,0.0,-211.811316,0.0
2019-01-19,14,0,37,6.35,6.35,0.0,-80.246017,0.0
2019-01-19,14,0,38,8.17,8.17,0.0,-103.245663,0.0
2019-01-19,14,0,39,5.44,5.44,0.0,-68.746194,0.0
2019-01-19,14,0,40,5.44,5.44,0.0,-68.746194,0.0
2019-01-19,14,0,41,0.0,0.0,0.0,-0.0,0.0
2019-01-19,14,0,42,81.71,81.71,0.0,-1089.726398,0.0
2019-01-19,14,0,43,39.24,39.24,0.0,-199.29261,0.0
2019-01-19,14,0,46,34.78,34.78,0.0,391.683616,0.0
2019-01-19,14,0,52,117.65,117.65,0.0,-117650.0,0.0
2019-01-19,14,0,53,186.91,186.91,0.0,-186910.0,0.0
2019-01-19,14,0,55,581.51,581.51,0.0,-320766.823453,0.0
2019-01-19,14,0,56,210.32,210.32,0.0,-210320.0,0.0
2019-01-19,14,0,57,200.06,200.06,0.0,-200060.0,0.0
2019-01-19,14,0,58,384.73,384.73,0.0,-384730.0,0.0
2019-01-19,14,0,59,378.32,378.32,0.0,-378320.0,0.0
2019-01-19,14,0,63,0.0,0.0,0.0,0.0,0.0
2019-01-19,14,0,64,0.0,0.0,0.0,0.0,0.0
2019-01-19,14,0,65,0.0,0.0,0.0,-0.0,0.0
2019-01-19,14,0,67,376.51,376.51,0.0,-204990.847192,0.0
2019-01-19,14,0,68,19.16,19.16,0.0,-7581.42155,0.0
2019-01-19,14,0,69,3.16,3.16,0.0,12.78746,0.0
2019-01-19,14,0,74,217.6,217.6,0.0,-7423.971511,0.0
2019-01-19,14,0,77,60.0,60.0,0.0,-16173.252334,0.0
2019-01-19,14,0,78,45.36,45.36,0.0,-12226.978765,0.0
2019-01-19,14,0,79,26.25,26.25,0.0,-7075.797896,0.0
2019-01-19,14,0,80,42.45,42.45,0.0,-11442.576026,0.0
2019-01-19,14,0,81,55.5,55.5,0.0,-14960.258409,0.0
2019-01-19,14,0,82,39.15,39.15,0.0,-10553.047148,0.0
2019-01-19,14,0,83,87.3,87.3,0.0,-23532.082146,0.0
2019-01-19,14,0,84,0.0,0.0,0.0,0.0,0.0
2019-01-19,14,0,86,16.02,16.02,0.0,64.827569,0.0
2019-01-19,14,0,87,81.77,81.77,0.0,330.895773,0.0
2019-01-19,14,0,88,51.18,51.18,0.0,-13795.784241,0.0
2019-01-19,14,0,89,49.2,49.2,0.0,-13262.066914,0.0
2019-01-19,14,0,90,66.06,66.06,0.0,-17806.75082,0.0
2019-01-19,14,0,91,235.65,235.65,0.0,-63520.448542,0.0
2019-01-19,14,0,92,84.75,84.75,0.0,-22844.718922,0.0
2019-01-19,14,0,95,0.0,0.0,0.0,0.0,0.0
2019-01-19,14,0,96,31.39,31.39,0.0,-7414.95206,0.0
2019-01-19,14,0,97,210.51,210.51,0.0,-49726.714184,0.0
2019-01-19,14,0,99,42.0,42.0,0.0,-1432.935678,0.0
2019-01-19,14,0,101,14.36,14.36,0.0,-14360.0,0.0
2019-01-19,14,0,102,45.25,45.25,0.0,-17904.975215,0.0
2019-01-19,14,0,103,39.36,39.36,0.0,-15574.360762,0.0
2019-01-19,14,0,104,7.37,7.37,0.0,-2916.235742,0.0
2019-01-19,14,0,106,290.39,290.39,0.0,-160182.074019,0.0
2019-01-19,14,0,109,0.0,0.0,0.0,-0.0,0.0
2019-01-19,14,0,110,338.6,338.6,0.0,-338600.0,0.0
2019-01-19,14,0,111,22.94,22.94,0.0,-4238.681755,0.0
2019-01-19,14,0,113,0.0,0.0,0.0,-0.0,0.0
2019-01-19,14,0,115,0.0,0.0,0.0,-0.0,0.0
2019-01-19,14,0,116,137.25,137.25,0.0,-137250.0,0.0
2019-01-19,14,0,117,0.0,0.0,0.0,-0.0,0.0
2019-01-19,14,0,119,0.0,0.0,0.0,0.0,0.0
2019-01-19,14,0,120,0.0,0.0,0.0,0.0,0.0
2019-01-19,14,0,123,4.84,4.84,0.0,-2669.793169,0.0
2019-01-19,14,0,125,66.79,66.79,0.0,-36842.042507,0.0
2019-01-19,14,0,126,217.79,217.79,0.0,-120135.176489,0.0
2019-01-19,14,0,127,279.5,279.5,0.0,-154175.039389,0.0
2019-01-19,14,0,128,92.7,92.7,0.0,-51134.261722,0.0
2019-01-19,14,0,131,30.0,30.0,0.0,-10678.826333,0.0
2019-01-19,14,0,132,44.1,44.1,0.0,-15697.874709,0.0
2019-01-19,14,0,133,0.0,0.0,0.0,-0.0,0.0
2019-01-19,14,0,134,0.0,0.0,0.0,-0.0,0.0
2019-01-19,14,0,135,0.0,0.0,0.0,-0.0,0.0
2019-01-19,14,0,136,0.0,0.0,0.0,-0.0,0.0
2019-01-19,14,0,139,0.0,0.0,0.0,-0.0,0.0
2019-01-19,14,0,140,250.6,250.6,0.0,-250600.0,0.0
2019-01-19,14,0,141,230.0,230.0,0.0,-125223.486373,0.0
2019-01-19,14,0,142,496.53,496.53,0.0,-270335.729081,0.0
2019-01-19,14,0,143,119.06,119.06,0.0,-119060.0,0.0
2019-01-19,14,0,145,0.0,0.0,0.0,-0.0,0.0
2019-01-19,14,0,146,268.0,268.0,0.0,-268000.0,0.0
2019-01-19,14,0,152,10.42,10.42,0.0,-231.305589,0.0
2019-01-19,14,0,153,12.85,12.85,0.0,-291.05661,0.0
2019-01-19,14,0,154,94.61,94.61,0.0,-17481.328721,0.0
2019-01-19,14,0,157,40.65,40.65,0.0,-22131.890092,0.0
2019-01-19,14,0,158,356.56,356.56,0.0,-194129.070874,0.0
2019-01-19,14,0,159,0.0,0.0,0.0,-0.0,0.0
2019-01-19,14,0,160,2.8,2.8,0.0,-1.024943,0.0
2019-01-19,14,0,161,71.79,71.79,0.0,-28406.589408,0.0
2019-01-19,14,0,162,0.0,0.0,0.0,0.0,0.0
2019-01-19,14,0,163,130.61,130.61,0.0,-130610.0,0.0
2019-01-19,14,0,164,27.95,27.95,0.0,-27950.0,0.0
2019-01-19,14,0,167,4.55,4.55,0.0,100.402916,0.0
2019-01-19,14,0,168,2.28,2.28,0.0,50.311791,0.0
2019-01-19,14,0,169,0.0,0.0,0.0,0.0,0.0
2019-01-19,14,0,170,4.98,4.98,0.0,109.891543,0.0
2019-01-19,14,0,172,6.13,6.13,0.0,119.728621,0.0
2019-01-19,14,0,173,9.34,9.34,0.0,182.425011,0.0
2019-01-19,14,0,188,8.95,8.95,0.0,290.285333,0.0
2019-01-19,14,0,190,8.92,8.92,0.0,289.253809,0.0
2019-01-19,14,0,191,23.04,23.04,0.0,747.130916,0.0
2019-01-19,14,0,192,332.6,332.6,0.0,10785.405497,0.0
2019-01-19,14,0,194,0.0,0.0,0.0,-0.0,0.0
2019-01-19,14,0,196,7.22,7.22,0.0,2036.882076,0.0
2019-01-19,14,0,198,9.89,9.89,0.0,70.140623,0.0
2019-01-19,14,0,199,0.0,0.0,0.0,-0.0,0.0
2019-01-19,14,0,200,17.66,17.66,0.0,-565.894728,0.0
2019-01-19,14,0,204,0.0,0.0,0.0,0.0,0.0
2019-01-19,14,0,205,0.0,0.0,0.0,-0.0,0.0
2019-01-19,14,0,206,745.19,745.19,0.0,-176028.930421,0.0
2019-01-19,14,0,210,1.69,1.69,0.0,9.29076,0.0
2019-01-19,14,0,214,12.53,12.53,0.0,153.411556,0.0
2019-01-19,14,0,217,7.87,7.87,0.0,79.303457,0.0
2019-01-19,14,0,218,10.86,10.86,0.0,109.432724,0.0
2019-01-19,14,0,219,7.4,7.4,0.0,74.567418,0.0
2019-01-19,14,0,221,6.68,6.68,0.0,81.786847,0.0
2019-01-19,14,0,225,5.8,5.8,0.0,18.490865,0.0
2019-01-19,14,0,233,9.06,9.06,0.0,36.662782,0.0
2019-01-19,14,0,236,159.05,159.05,0.0,-2706.222497,0.0
2019-01-19,14,0,237,522.0,522.0,0.0,-17809.343422,0.0
2019-01-19,14,0,238,106.35,106.35,0.0,-1418.338055,0.0
2019-01-19,14,0,240,15.36,15.36,0.0,-240.104931,0.0
2019-01-19,14,0,245,0.0,0.0,0.0,-0.0,0.0
2019-01-19,14,0,247,0.0,0.0,0.0,-0.0,0.0
2019-01-19,14,0,248,52.4,52.4,0.0,-1787.757845,0.0
2019-01-19,14,0,249,0.0,0.0,0.0,-0.0,0.0
2019-01-19,14,0,251,0.0,0.0,0.0,-0.0,0.0
2019-01-19,14,0,252,0.0,0.0,0.0,-0.0,0.0
2019-01-19,14,0,254,18.96,18.96,0.0,-73.872215,0.0
2019-01-19,14,0,255,8.69,8.69,0.0,-33.858099,0.0
2019-01-19,14,0,258,18.87,18.87,0.0,-262.810657,0.0
2019-01-19,14,0,260,6.8,6.8,0.0,-2.489147,0.0
2019-01-19,14,0,265,97.96,97.96,0.0,-18100.316684,0.0
2019-01-19,14,0,266,0.0,0.0,0.0,-0.0,0.0
2019-01-19,14,0,267,0.0,0.0,0.0,-0.0,0.0
2019-01-19,14,0,270,454.05,454.05,0.0,-454050.0,0.0
2019-01-19,14,0,272,0.0,0.0,0.0,-0.0,0.0
2019-01-19,14,0,273,32.82,32.82,0.0,-32820.0,0.0
2019-01-19,14,0,274,605.65,605.65,0.0,-605650.0,0.0
2019-01-19,14,0,275,880.86,880.86,0.0,-880860.0,0.0
2019-01-19,14,0,276,7.53,7.53,0.0,-6764.088215,0.0
2019-01-19,14,0,277,9.66,9.66,0.0,-2472.067328,0.0
2019-01-19,14,0,278,15.46,15.46,0.0,-3956.331355,0.0
2019-01-19,14,0,279,264.6,264.6,0.0,-67713.148539,0.0
2019-01-19,14,0,281,49.81,49.81,0.0,-49810.0,0.0
2019-01-19,14,0,282,391.14,391.14,0.0,-391140.0,0.0
2019-01-19,15,0,9,3.44,3.44,0.0,-1353.557161,0.0
2019-01-19,15,0,17,55.41,55.41,0.0,282.123262,0.0
2019-01-19,15,0,19,0.0,0.0,0.0,0.0,0.0
2019-01-19,15,0,20,0.0,0.0,0.0,0.0,0.0
2019-01-19,15,0,21,78.7,78.7,0.0,-30966.554809,0.0
2019-01-19,15,0,22,279.71,279.71,0.0,-110059.149246,0.0
2019-01-19,15,0,23,32.64,32.64,0.0,-12843.053989,0.0
2019-01-19,15,0,24,57.75,57.75,0.0,-22723.23431,0.0
2019-01-19,15,0,29,5.32,5.32,0.0,24.432362,0.0
2019-01-19,15,0,30,672.48,672.48,0.0,-672480.0,0.0
2019-01-19,15,0,31,97.24,97.24,0.0,-97240.0,0.0
2019-01-19,15,0,32,3.96,3.96,0.0,195.402214,0.0
2019-01-19,15,0,33,2.97,2.97,0.0,27.145943,0.0
2019-01-19,15,0,34,4.76,4.76,0.0,43.506629,0.0
2019-01-19,15,0,35,4.76,4.76,0.0,43.506629,0.0
2019-01-19,15,0,36,12.92,12.92,0.0,-8.709512,0.0
2019-01-19,15,0,37,6.03,6.03,0.0,-3.897704,0.0
2019-01-19,15,0,38,7.76,7.76,0.0,-5.015951,0.0
2019-01-19,15,0,39,5.17,5.17,0.0,-3.341812,0.0
2019-01-19,15,0,40,5.17,5.17,0.0,-3.341812,0.0
2019-01-19,15,0,41,58.96,58.96,0.0,-897.354115,0.0
2019-01-19,15,0,42,78.69,78.69,0.0,331.598716,0.0
2019-01-19,15,0,43,37.09,37.09,0.0,10.676053,0.0
2019-01-19,15,0,46,32.8,32.8,0.0,-50.707251,0.0
2019-01-19,15,0,52,103.07,103.07,0.0,-103070.0,0.0
2019-01-19,15,0,53,163.75,163.75,0.0,-163750.0,0.0
2019-01-19,15,0,55,536.67,536.67,0.0,-211166.721339,0.0
2019-01-19,15,0,56,198.36,198.36,0.0,-198360.0,0.0
2019-01-19,15,0,57,188.68,188.68,0.0,-188680.0,0.0
2019-01-19,15,0,58,362.85,362.85,0.0,-362850.0,0.0
2019-01-19,15,0,59,356.8,356.8,0.0,-356800.0,0.0
2019-01-19,15,0,63,0.0,0.0,0.0,0.0,0.0
2019-01-19,15,0,64,0.0,0.0,0.0,0.0,0.0
2019-01-19,15,0,65,0.0,0.0,0.0,0.0,0.0
2019-01-19,15,0,67,355.0,355.0,0.0,-196061.371935,0.0
2019-01-19,15,0,68,34.0,34.0,0.0,-13806.869393,0.0
2019-01-19,15,0,69,2.97,2.97,0.0,27.145943,0.0
2019-01-19,15,0,74,217.6,217.6,0.0,3.37125,0.0
2019-01-19,15,0,77,60.0,60.0,0.0,-17012.124359,0.0
2019-01-19,15,0,78,45.36,45.36,0.0,-12861.166015,0.0
2019-01-19,15,0,79,26.25,26.25,0.0,-7442.804407,0.0
2019-01-19,15,0,80,42.45,42.45,0.0,-12036.077984,0.0
2019-01-19,15,0,81,55.5,55.5,0.0,-15736.215032,0.0
2019-01-19,15,0,82,39.15,39.15,0.0,-11100.411144,0.0
2019-01-19,15,0,83,87.3,87.3,0.0,-24752.640942,0.0
2019-01-19,15,0,84,0.0,0.0,0.0,0.0,0.0
2019-01-19,15,0,86,15.07,15.07,0.0,137.740526,0.0
2019-01-19,15,0,87,76.93,76.93,0.0,703.143904,0.0
2019-01-19,15,0,88,51.18,51.18,0.0,-14511.342078,0.0
2019-01-19,15,0,89,49.2,49.2,0.0,-13949.941974,0.0
2019-01-19,15,0,90,66.06,66.06,0.0,-18730.348919,0.0
2019-01-19,15,0,91,235.65,235.65,0.0,-66815.11842,0.0
2019-01-19,15,0,92,84.75,84.75,0.0,-24029.625657,0.0
2019-01-19,15,0,95,0.0,0.0,0.0,0.0,0.0
2019-01-19,15,0,96,29.88,29.88,0.0,1036.159563,0.0
2019-01-19,15,0,97,183.75,183.75,0.0,6371.965187,0.0
2019-01-19,15,0,99,42.0,42.0,0.0,0.650701,0.0
2019-01-19,15,0,101,13.55,13.55,0.0,-13550.0,0.0
2019-01-19,15,0,102,80.5,80.5,0.0,-32689.793709,0.0
2019-01-19,15,0,103,70.0,70.0,0.0,-28425.907573,0.0
2019-01-19,15,0,104,13.0,13.0,0.0,-5279.097121,0.0
2019-01-19,15,0,106,275.35,275.35,0.0,-108343.59424,0.0
2019-01-19,15,0,109,0.0,0.0,0.0,-0.0,0.0
2019-01-19,15,0,110,338.6,338.6,0.0,-338600.0,0.0
2019-01-19,15,0,111,22.15,22.15,0.0,-337.116582,0.0
2019-01-19,15,0,113,45.0,45.0,0.0,-11542.203233,0.0
2019-01-19,15,0,115,45.0,45.0,0.0,-11542.203233,0.0
2019-01-19,15,0,116,128.33,128.33,0.0,-128330.0,0.0
2019-01-19,15,0,117,3.0,3.0,0.0,-769.480216,0.0
2019-01-19,15,0,119,0.0,0.0,0.0,0.0,0.0
2019-01-19,15,0,120,0.0,0.0,0.0,0.0,0.0
2019-01-19,15,0,123,4.59,4.59,0.0,-1806.054467,0.0
2019-01-19,15,0,125,52.26,52.26,0.0,-20563.051516,0.0
2019-01-19,15,0,126,206.51,206.51,0.0,-81256.71199,0.0
2019-01-19,15,0,127,265.02,265.02,0.0,-104278.987998,0.0
2019-01-19,15,0,128,74.85,74.85,0.0,-29451.672522,0.0
2019-01-19,15,0,131,73.62,73.62,0.0,-27021.379298,0.0
2019-01-19,15,0,132,108.35,108.35,0.0,-39768.628728,0.0
2019-01-19,15,0,133,0.0,0.0,0.0,0.0,0.0
2019-01-19,15,0,134,0.0,0.0,0.0,0.0,0.0
2019-01-19,15,0,135,0.0,0.0,0.0,0.0,0.0
2019-01-19,15,0,136,0.0,0.0,0.0,0.0,0.0
2019-01-19,15,0,139,76.67,76.67,0.0,-1166.895183,0.0
2019-01-19,15,0,140,250.6,250.6,0.0,-250600.0,0.0
2019-01-19,15,0,141,230.0,230.0,0.0,-127025.677592,0.0
2019-01-19,15,0,142,468.16,468.16,0.0,-258558.00531,0.0
2019-01-19,15,0,143,106.49,106.49,0.0,-106490.0,0.0
2019-01-19,15,0,145,30.0,30.0,0.0,-251.060854,0.0
2019-01-19,15,0,146,268.0,268.0,0.0,-268000.0,0.0
2019-01-19,15,0,152,9.79,9.79,0.0,6.507241,0.0
2019-01-19,15,0,153,12.15,12.15,0.0,5.695329,0.0
2019-01-19,15,0,154,91.37,91.37,0.0,-1390.624924,0.0
2019-01-19,15,0,157,26.44,26.44,0.0,-14602.430068,0.0
2019-01-19,15,0,158,338.79,338.79,0.0,-187108.823093,0.0
2019-01-19,15,0,159,0.0,0.0,0.0,0.0,0.0
2019-01-19,15,0,160,2.65,2.65,0.0,7.987362,0.0
2019-01-19,15,0,161,66.98,66.98,0.0,-27199.532704,0.0
2019-01-19,15,0,162,0.0,0.0,0.0,0.0,0.0
2019-01-19,15,0,163,142.89,142.89,0.0,-142890.0,0.0
2019-01-19,15,0,164,26.33,26.33,0.0,-26330.0,0.0
2019-01-19,15,0,167,4.19,4.19,0.0,80.405658,0.0
2019-01-19,15,0,168,2.09,2.09,0.0,40.10688,0.0
2019-01-19,15,0,169,0.0,0.0,0.0,0.0,0.0
2019-01-19,15,0,170,4.58,4.58,0.0,87.889717,0.0
2019-01-19,15,0,172,5.73,5.73,0.0,108.174177,0.0
2019-01-19,15,0,173,8.72,8.72,0.0,164.621086,0.0
2019-01-19,15,0,188,8.19,8.19,0.0,236.701911,0.0
2019-01-19,15,0,190,8.46,8.46,0.0,274.337133,0.0
2019-01-19,15,0,191,21.87,21.87,0.0,709.190674,0.0
2019-01-19,15,0,192,332.6,332.6,0.0,10785.405497,0.0
2019-01-19,15,0,194,0.0,0.0,0.0,-0.0,0.0
2019-01-19,15,0,196,6.82,6.82,0.0,1862.267347,0.0
2019-01-19,15,0,198,9.34,9.34,0.0,68.217651,0.0
2019-01-19,15,0,199,0.0,0.0,0.0,-0.0,0.0
2019-01-19,15,0,200,16.28,16.28,0.0,-548.229792,0.0
2019-01-19,15,0,204,0.0,0.0,0.0,-0.0,0.0
2019-01-19,15,0,205,0.0,0.0,0.0,-0.0,0.0
2019-01-19,15,0,206,539.94,539.94,0.0,18723.6946,0.0
2019-01-19,15,0,210,1.57,1.57,0.0,8.303308,0.0
2019-01-19,15,0,214,11.56,11.56,0.0,133.216859,0.0
2019-01-19,15,0,217,7.26,7.26,0.0,65.596744,0.0
2019-01-19,15,0,218,10.02,10.02,0.0,90.53435,0.0
2019-01-19,15,0,219,6.82,6.82,0.0,61.621184,0.0
2019-01-19,15,0,221,6.16,6.16,0.0,70.987531,0.0
2019-01-19,15,0,225,5.31,5.31,0.0,24.029433,0.0
2019-01-19,15,0,233,8.53,8.53,0.0,77.964611,0.0
2019-01-19,15,0,236,179.56,179.56,0.0,522.716114,0.0
2019-01-19,15,0,237,522.0,522.0,0.0,8.087282,0.0
2019-01-19,15,0,238,102.42,102.42,0.0,431.596651,0.0
2019-01-19,15,0,240,14.64,14.64,0.0,-9.868982,0.0
2019-01-19,15,0,245,0.0,0.0,0.0,0.0,0.0
2019-01-19,15,0,247,0.0,0.0,0.0,0.0,0.0
2019-01-19,15,0,248,52.4,52.4,0.0,0.811827,0.0
2019-01-19,15,0,249,0.0,0.0,0.0,0.0,0.0
2019-01-19,15,0,251,0.0,0.0,0.0,0.0,0.0
2019-01-19,15,0,252,0.0,0.0,0.0,0.0,0.0
2019-01-19,15,0,254,17.99,17.99,0.0,17.485493,0.0
2019-01-19,15,0,255,8.25,8.25,0.0,8.018639,0.0
2019-01-19,15,0,258,17.98,17.98,0.0,-9.327082,0.0
2019-01-19,15,0,260,6.45,6.45,0.0,19.440937,0.0
2019-01-19,15,0,265,94.6,94.6,0.0,-1439.784588,0.0
2019-01-19,15,0,266,49.03,49.03,0.0,-746.222392,0.0
2019-01-19,15,0,267,60.63,60.63,0.0,-922.771031,0.0
2019-01-19,15,0,270,466.38,466.38,0.0,-466380.0,0.0
2019-01-19,15,0,272,150.39,150.39,0.0,-38574.043205,0.0
2019-01-19,15,0,273,30.69,30.69,0.0,-30690.0,0.0
2019-01-19,15,0,274,614.3,614.3,0.0,-614300.0,0.0
2019-01-19,15,0,275,881.73,881.73,0.0,-881730.0,0.0
2019-01-19,15,0,276,7.03,7.03,0.0,-6327.244748,0.0
2019-01-19,15,0,277,9.06,9.06,0.0,-2422.054916,0.0
2019-01-19,15,0,278,14.5,14.5,0.0,-3876.357206,0.0
2019-01-19,15,0,279,264.6,264.6,0.0,-70736.835628,0.0
2019-01-19,15,0,281,43.64,43.64,0.0,-43640.0,0.0
2019-01-19,15,0,282,368.9,368.9,0.0,-368900.0,0.0
2019-01-19,16,0,9,2.87,2.87,0.0,-35.871611,0.0
2019-01-19,16,0,17,47.26,47.26,0.0,273.715943,0.0
2019-01-19,16,0,19,0.0,0.0,0.0,0.0,0.0
2019-01-19,16,0,20,0.0,0.0,0.0,0.0,0.0
2019-01-19,16,0,21,65.69,65.69,0.0,-821.047422,0.0
2019-01-19,16,0,22,233.46,233.46,0.0,-2917.974292,0.0
2019-01-19,16,0,23,32.64,32.64,0.0,-407.961453,0.0
2019-01-19,16,0,24,57.75,57.75,0.0,-721.806799,0.0
2019-01-19,16,0,29,4.91,4.91,0.0,23.832606,0.0
2019-01-19,16,0,30,565.45,565.45,0.0,-7130.811434,0.0
2019-01-19,16,0,31,87.14,87.14,0.0,-1098.91044,0.0
2019-01-19,16,0,32,2.84,2.84,0.0,138.501449,0.0
2019-01-19,16,0,33,2.76,2.76,0.0,25.439084,0.0
2019-01-19,16,0,34,4.42,4.42,0.0,40.739403,0.0
2019-01-19,16,0,35,4.42,4.42,0.0,40.739403,0.0
2019-01-19,16,0,36,10.91,10.91,0.0,3.8168,0.0
2019-01-19,16,0,37,5.19,5.19,0.0,1.335897,0.0
2019-01-19,16,0,38,6.67,6.67,0.0,1.716846,0.0
2019-01-19,16,0,39,4.44,4.44,0.0,1.142848,0.0
2019-01-19,16,0,40,4.44,4.44,0.0,1.142848,0.0
2019-01-19,16,0,41,82.36,82.36,0.0,-544.775531,0.0
2019-01-19,16,0,42,67.62,67.62,0.0,341.427398,0.0
2019-01-19,16,0,43,33.2,33.2,0.0,33.985555,0.0
2019-01-19,16,0,46,27.99,27.99,0.0,-27.017735,0.0
2019-01-19,16,0,52,92.37,92.37,0.0,-1164.865244,0.0
2019-01-19,16,0,53,146.74,146.74,0.0,-1850.517764,0.0
2019-01-19,16,0,55,504.53,504.53,0.0,-6306.029167,0.0
2019-01-19,16,0,56,166.79,166.79,0.0,-2103.36553,0.0
2019-01-19,16,0,57,158.65,158.65,0.0,-2000.71312,0.0
2019-01-19,16,0,58,305.1,305.1,0.0,-3847.573735,0.0
2019-01-19,16,0,59,300.02,300.02,0.0,-3783.51056,0.0
2019-01-19,16,0,63,51.0,51.0,0.0,6018.825692,0.0
2019-01-19,16,0,64,60.0,60.0,0.0,7080.971403,0.0
2019-01-19,16,0,65,0.0,0.0,0.0,0.0,0.0
2019-01-19,16,0,67,295.55,295.55,0.0,-163424.556814,0.0
2019-01-19,16,0,68,34.0,34.0,0.0,-13836.865796,0.0
2019-01-19,16,0,69,2.76,2.76,0.0,25.439084,0.0
2019-01-19,16,0,74,134.72,134.72,0.0,239.003898,0.0
2019-01-19,16,0,77,60.0,60.0,0.0,-17082.333456,0.0
2019-01-19,16,0,78,45.36,45.36,0.0,-12914.244093,0.0
2019-01-19,16,0,79,26.25,26.25,0.0,-7473.520887,0.0
2019-01-19,16,0,80,42.45,42.45,0.0,-12085.75092,0.0
2019-01-19,16,0,81,55.5,55.5,0.0,-15801.158447,0.0
2019-01-19,16,0,82,39.15,39.15,0.0,-11146.22258,0.0
2019-01-19,16,0,83,87.3,87.3,0.0,-24854.795179,0.0
2019-01-19,16,0,84,0.0,0.0,0.0,0.0,0.0
2019-01-19,16,0,86,13.99,13.99,0.0,128.946663,0.0
2019-01-19,16,0,87,71.44,71.44,0.0,658.466734,0.0
2019-01-19,16,0,88,51.18,51.18,0.0,-14571.230438,0.0
2019-01-19,16,0,89,49.2,49.2,0.0,-14007.513434,0.0
2019-01-19,16,0,90,66.06,66.06,0.0,-18807.649135,0.0
2019-01-19,16,0,91,235.65,235.65,0.0,-67090.86465,0.0
2019-01-19,16,0,92,84.75,84.75,0.0,-24128.796007,0.0
2019-01-19,16,0,95,0.0,0.0,0.0,0.0,0.0
2019-01-19,16,0,96,29.88,29.88,0.0,-380.31133,0.0
2019-01-19,16,0,97,183.75,183.75,0.0,-2338.761947,0.0
2019-01-19,16,0,99,29.54,29.54,0.0,52.406288,0.0
2019-01-19,16,0,101,11.39,11.39,0.0,-143.637708,0.0
2019-01-19,16,0,102,80.5,80.5,0.0,-32760.814604,0.0
2019-01-19,16,0,103,70.0,70.0,0.0,-28487.664873,0.0
2019-01-19,16,0,104,13.0,13.0,0.0,-5290.566334,0.0
2019-01-19,16,0,106,229.82,229.82,0.0,-2872.47859,0.0
2019-01-19,16,0,109,0.0,0.0,0.0,-0.0,0.0
2019-01-19,16,0,110,338.6,338.6,0.0,-338600.0,0.0
2019-01-19,16,0,111,18.74,18.74,0.0,-123.956938,0.0
2019-01-19,16,0,113,45.0,45.0,0.0,-11581.022582,0.0
2019-01-19,16,0,115,45.0,45.0,0.0,-11581.022582,0.0
2019-01-19,16,0,116,106.12,106.12,0.0,-106120.0,0.0
2019-01-19,16,0,117,3.0,3.0,0.0,-772.068172,0.0
2019-01-19,16,0,119,60.0,60.0,0.0,7080.971403,0.0
2019-01-19,16,0,120,35.28,35.28,0.0,4163.611185,0.0
2019-01-19,16,0,123,3.83,3.83,0.0,-47.870477,0.0
2019-01-19,16,0,125,52.26,52.26,0.0,-653.188283,0.0
2019-01-19,16,0,126,172.37,172.37,0.0,-2154.421437,0.0
2019-01-19,16,0,127,221.2,221.2,0.0,-2764.73877,0.0
2019-01-19,16,0,128,74.85,74.85,0.0,-935.536605,0.0
2019-01-19,16,0,131,30.0,30.0,0.0,-11039.364471,0.0
2019-01-19,16,0,132,44.1,44.1,0.0,-16227.865772,0.0
2019-01-19,16,0,133,0.0,0.0,0.0,0.0,0.0
2019-01-19,16,0,134,0.0,0.0,0.0,0.0,0.0
2019-01-19,16,0,135,0.0,0.0,0.0,0.0,0.0
2019-01-19,16,0,136,0.0,0.0,0.0,0.0,0.0
2019-01-19,16,0,139,107.25,107.25,0.0,-709.412041,0.0
2019-01-19,16,0,140,250.6,250.6,0.0,-250600.0,0.0
2019-01-19,16,0,141,230.0,230.0,0.0,-127178.643435,0.0
2019-01-19,16,0,142,389.76,389.76,0.0,-215518.035066,0.0
2019-01-19,16,0,143,100.56,100.56,0.0,-1268.148197,0.0
2019-01-19,16,0,145,30.0,30.0,0.0,-269.578007,0.0
2019-01-19,16,0,146,181.9,181.9,0.0,-181900.0,0.0
2019-01-19,16,0,152,8.3,8.3,0.0,15.570925,0.0
2019-01-19,16,0,153,10.29,10.29,0.0,17.483971,0.0
2019-01-19,16,0,154,77.32,77.32,0.0,-511.438126,0.0
2019-01-19,16,0,157,16.15,16.15,0.0,-8930.152572,0.0
2019-01-19,16,0,158,279.69,279.69,0.0,-154654.759923,0.0
2019-01-19,16,0,159,0.0,0.0,0.0,0.0,0.0
2019-01-19,16,0,160,2.53,2.53,0.0,8.81045,0.0
2019-01-19,16,0,161,56.2,56.2,0.0,-22871.525227,0.0
2019-01-19,16,0,162,162.5,162.5,0.0,3774.027842,0.0
2019-01-19,16,0,163,146.36,146.36,0.0,-146360.0,0.0
2019-01-19,16,0,164,21.92,21.92,0.0,-276.430076,0.0
2019-01-19,16,0,167,2.88,2.88,0.0,55.338307,0.0
2019-01-19,16,0,168,1.44,1.44,0.0,27.669153,0.0
2019-01-19,16,0,169,0.0,0.0,0.0,0.0,0.0
2019-01-19,16,0,170,3.15,3.15,0.0,60.526273,0.0
2019-01-19,16,0,172,4.02,4.02,0.0,75.429962,0.0
2019-01-19,16,0,173,6.12,6.12,0.0,114.833673,0.0
2019-01-19,16,0,188,6.0,6.0,0.0,171.139935,0.0
2019-01-19,16,0,190,7.84,7.84,0.0,254.232048,0.0
2019-01-19,16,0,191,20.26,20.26,0.0,656.982307,0.0
2019-01-19,16,0,192,332.6,332.6,0.0,10785.405497,0.0
2019-01-19,16,0,194,0.0,0.0,0.0,-0.0,0.0
2019-01-19,16,0,196,5.32,5.32,0.0,1448.11806,0.0
2019-01-19,16,0,198,8.79,8.79,0.0,64.580657,0.0
2019-01-19,16,0,199,0.0,0.0,0.0,-0.0,0.0
2019-01-19,16,0,200,12.15,12.15,0.0,-418.74385,0.0
2019-01-19,16,0,204,0.0,0.0,0.0,-0.0,0.0
2019-01-19,16,0,205,0.0,0.0,0.0,-0.0,0.0
2019-01-19,16,0,206,539.94,539.94,0.0,-6872.332656,0.0
2019-01-19,16,0,210,1.54,1.54,0.0,8.369671,0.0
2019-01-19,16,0,214,10.59,10.59,0.0,119.074466,0.0
2019-01-19,16,0,217,6.95,6.95,0.0,61.990181,0.0
2019-01-19,16,0,218,9.59,9.59,0.0,85.537531,0.0
2019-01-19,16,0,219,6.53,6.53,0.0,58.244012,0.0
2019-01-19,16,0,221,5.65,5.65,0.0,63.52887,0.0
2019-01-19,16,0,225,5.01,5.01,0.0,24.036909,0.0
2019-01-19,16,0,233,7.92,7.92,0.0,72.999112,0.0
2019-01-19,16,0,236,159.03,159.03,0.0,620.875891,0.0
2019-01-19,16,0,237,308.11,308.11,0.0,546.611423,0.0
2019-01-19,16,0,238,88.01,88.01,0.0,444.380735,0.0
2019-01-19,16,0,240,12.37,12.37,0.0,4.327573,0.0
2019-01-19,16,0,245,0.0,0.0,0.0,0.0,0.0
2019-01-19,16,0,247,0.0,0.0,0.0,0.0,0.0
2019-01-19,16,0,248,36.28,36.28,0.0,64.363579,0.0
2019-01-19,16,0,249,0.0,0.0,0.0,0.0,0.0
2019-01-19,16,0,251,0.0,0.0,0.0,0.0,0.0
2019-01-19,16,0,252,0.0,0.0,0.0,0.0,0.0
2019-01-19,16,0,254,17.89,17.89,0.0,29.351117,0.0
2019-01-19,16,0,255,8.2,8.2,0.0,13.453279,0.0
2019-01-19,16,0,258,15.18,15.18,0.0,6.962628,0.0
2019-01-19,16,0,260,6.14,6.14,0.0,21.381883,0.0
2019-01-19,16,0,265,80.05,80.05,0.0,-529.495887,0.0
2019-01-19,16,0,266,68.38,68.38,0.0,-452.30392,0.0
2019-01-19,16,0,267,84.71,84.71,0.0,-560.319758,0.0
2019-01-19,16,0,270,395.58,395.58,0.0,-395580.0,0.0
2019-01-19,16,0,272,150.39,150.39,0.0,-38703.77747,0.0
2019-01-19,16,0,273,25.38,25.38,0.0,-25380.0,0.0
2019-01-19,16,0,274,493.67,493.67,0.0,-493670.0,0.0
2019-01-19,16,0,275,661.83,661.83,0.0,-661830.0,0.0
2019-01-19,16,0,276,5.81,5.81,0.0,-5230.065035,0.0
2019-01-19,16,0,277,7.44,7.44,0.0,-1996.307596,0.0
2019-01-19,16,0,278,11.9,11.9,0.0,-3193.018869,0.0
2019-01-19,16,0,279,604.22,604.22,0.0,-162124.862284,0.0
2019-01-19,16,0,281,39.11,39.11,0.0,-493.210779,0.0
2019-01-19,16,0,282,310.19,310.19,0.0,-3911.763018,0.0
2019-01-19,17,0,9,1.99,1.99,0.0,-12.89251,0.0
2019-01-19,17,0,17,32.9,32.9,0.0,120.880472,0.0
2019-01-19,17,0,19,284.63,284.63,0.0,1045.78142,0.0
2019-01-19,17,0,20,342.76,342.76,0.0,1259.361415,0.0
2019-01-19,17,0,21,45.55,45.55,0.0,-295.102438,0.0
2019-01-19,17,0,22,161.89,161.89,0.0,-1048.8284,0.0
2019-01-19,17,0,23,45.93,45.93,0.0,-297.564324,0.0
2019-01-19,17,0,24,81.7,81.7,0.0,-529.30558,0.0
2019-01-19,17,0,29,3.34,3.34,0.0,24.281194,0.0
2019-01-19,17,0,30,397.66,397.66,0.0,-2601.885701,0.0
2019-01-19,17,0,31,45.27,45.27,0.0,-296.201191,0.0
2019-01-19,17,0,32,1.95,1.95,0.0,96.790865,0.0
2019-01-19,17,0,33,1.92,1.92,0.0,10.489739,0.0
2019-01-19,17,0,34,3.07,3.07,0.0,16.772656,0.0
2019-01-19,17,0,35,3.07,3.07,0.0,16.772656,0.0
2019-01-19,17,0,36,7.75,7.75,0.0,7.422072,0.0
2019-01-19,17,0,37,3.63,3.63,0.0,3.374974,0.0
2019-01-19,17,0,38,4.66,4.66,0.0,4.332611,0.0
2019-01-19,17,0,39,3.11,3.11,0.0,2.891506,0.0
2019-01-19,17,0,40,3.11,3.11,0.0,2.891506,0.0
2019-01-19,17,0,41,34.8,34.8,0.0,-108.811051,0.0
2019-01-19,17,0,42,47.31,47.31,0.0,155.476588,0.0
2019-01-19,17,0,43,23.01,23.01,0.0,33.332449,0.0
2019-01-19,17,0,46,19.84,19.84,0.0,4.91457,0.0
2019-01-19,17,0,52,47.98,47.98,0.0,-313.932696,0.0
2019-01-19,17,0,53,76.23,76.23,0.0,-498.772185,0.0
2019-01-19,17,0,55,261.29,261.29,0.0,-1692.806057,0.0
2019-01-19,17,0,56,117.3,117.3,0.0,-767.492815,0.0
2019-01-19,17,0,57,111.57,111.57,0.0,-730.001478,0.0
2019-01-19,17,0,58,214.57,214.57,0.0,-1403.929525,0.0
2019-01-19,17,0,59,210.99,210.99,0.0,-1380.505618,0.0
2019-01-19,17,0,63,95.49,95.49,0.0,11324.175589,0.0
2019-01-19,17,0,64,112.31,112.31,0.0,13318.862293,0.0
2019-01-19,17,0,65,41.4,41.4,0.0,149.128274,0.0
2019-01-19,17,0,67,205.96,205.96,0.0,-113996.938192,0.0
2019-01-19,17,0,68,19.11,19.11,0.0,-7790.822861,0.0
2019-01-19,17,0,69,1.92,1.92,0.0,10.489739,0.0
2019-01-19,17,0,74,104.24,104.24,0.0,162.300625,0.0
2019-01-19,17,0,77,60.0,60.0,0.0,-17152.548994,0.0
2019-01-19,17,0,78,45.36,45.36,0.0,-12967.32704,0.0
2019-01-19,17,0,79,26.25,26.25,0.0,-7504.240185,0.0
2019-01-19,17,0,80,42.45,42.45,0.0,-12135.428413,0.0
2019-01-19,17,0,81,55.5,55.5,0.0,-15866.10782,0.0
2019-01-19,17,0,82,39.15,39.15,0.0,-11192.038219,0.0
2019-01-19,17,0,83,87.3,87.3,0.0,-24956.958787,0.0
2019-01-19,17,0,84,0.0,0.0,0.0,0.0,0.0
2019-01-19,17,0,86,9.73,9.73,0.0,53.15894,0.0
2019-01-19,17,0,87,49.66,49.66,0.0,271.312741,0.0
2019-01-19,17,0,88,51.18,51.18,0.0,-14631.124292,0.0
2019-01-19,17,0,89,49.2,49.2,0.0,-14065.090175,0.0
2019-01-19,17,0,90,66.06,66.06,0.0,-18884.956443,0.0
2019-01-19,17,0,91,235.65,235.65,0.0,-67366.636175,0.0
2019-01-19,17,0,92,84.75,84.75,0.0,-24227.975454,0.0
2019-01-19,17,0,95,0.0,0.0,0.0,0.0,0.0
2019-01-19,17,0,96,29.88,29.88,0.0,-197.513815,0.0
2019-01-19,17,0,97,183.75,183.75,0.0,-1214.630639,0.0
2019-01-19,17,0,99,21.2,21.2,0.0,33.008185,0.0
2019-01-19,17,0,101,8.01,8.01,0.0,-52.409356,0.0
2019-01-19,17,0,102,45.19,45.19,0.0,-18423.196499,0.0
2019-01-19,17,0,103,39.3,39.3,0.0,-16021.943404,0.0
2019-01-19,17,0,104,7.33,7.33,0.0,-2988.316671,0.0
2019-01-19,17,0,106,159.37,159.37,0.0,-1032.502206,0.0
2019-01-19,17,0,109,60.0,60.0,0.0,-54.884995,0.0
2019-01-19,17,0,110,338.6,338.6,0.0,-338600.0,0.0
2019-01-19,17,0,111,14.09,14.09,0.0,-44.055969,0.0
2019-01-19,17,0,113,45.0,45.0,0.0,-11589.92262,0.0
2019-01-19,17,0,115,45.0,45.0,0.0,-11589.92262,0.0
2019-01-19,17,0,116,75.55,75.55,0.0,-75550.0,0.0
2019-01-19,17,0,117,3.0,3.0,0.0,-772.661508,0.0
2019-01-19,17,0,119,112.31,112.31,0.0,13318.862293,0.0
2019-01-19,17,0,120,66.1,66.1,0.0,7838.810414,0.0
2019-01-19,17,0,123,2.66,2.66,0.0,-17.233205,0.0
2019-01-19,17,0,125,73.84,73.84,0.0,-478.383403,0.0
2019-01-19,17,0,126,119.53,119.53,0.0,-774.392851,0.0
2019-01-19,17,0,127,153.39,153.39,0.0,-993.759888,0.0
2019-01-19,17,0,128,106.28,106.28,0.0,-688.550759,0.0
2019-01-19,17,0,131,30.0,30.0,0.0,-11062.269332,0.0
2019-01-19,17,0,132,44.1,44.1,0.0,-16261.535918,0.0
2019-01-19,17,0,133,111.85,111.85,0.0,411.716084,0.0
2019-01-19,17,0,134,0.0,0.0,0.0,0.0,0.0
2019-01-19,17,0,135,146.43,146.43,0.0,539.0039,0.0
2019-01-19,17,0,136,45.9,45.9,0.0,165.156325,0.0
2019-01-19,17,0,139,44.94,44.94,0.0,-140.51634,0.0
2019-01-19,17,0,140,250.6,250.6,0.0,-250600.0,0.0
2019-01-19,17,0,141,176.21,176.21,0.0,-97530.590788,0.0
2019-01-19,17,0,142,271.61,271.61,0.0,-150333.600613,0.0
2019-01-19,17,0,143,59.26,59.26,0.0,-387.737632,0.0
2019-01-19,17,0,145,30.0,30.0,0.0,-133.615953,0.0
2019-01-19,17,0,146,94.51,94.51,0.0,-94510.0,0.0
2019-01-19,17,0,152,5.81,5.81,0.0,9.529804,0.0
2019-01-19,17,0,153,7.19,7.19,0.0,11.134348,0.0
2019-01-19,17,0,154,58.12,58.12,0.0,-181.726963,0.0
2019-01-19,17,0,157,10.92,10.92,0.0,-6044.118106,0.0
2019-01-19,17,0,158,197.01,197.01,0.0,-109043.196704,0.0
2019-01-19,17,0,159,0.0,0.0,0.0,0.0,0.0
2019-01-19,17,0,160,1.77,1.77,0.0,5.392329,0.0
2019-01-19,17,0,161,39.57,39.57,0.0,-16132.017824,0.0
2019-01-19,17,0,162,162.5,162.5,0.0,3773.742252,0.0
2019-01-19,17,0,163,185.4,185.4,0.0,-185400.0,0.0
2019-01-19,17,0,164,15.8,15.8,0.0,-103.379254,0.0
2019-01-19,17,0,167,1.97,1.97,0.0,37.795363,0.0
2019-01-19,17,0,168,0.99,0.99,0.0,18.993609,0.0
2019-01-19,17,0,169,0.0,0.0,0.0,0.0,0.0
2019-01-19,17,0,170,2.16,2.16,0.0,41.440601,0.0
2019-01-19,17,0,172,2.76,2.76,0.0,53.672657,0.0
2019-01-19,17,0,173,4.21,4.21,0.0,81.870249,0.0
2019-01-19,17,0,188,4.14,4.14,0.0,120.926587,0.0
2019-01-19,17,0,190,5.5,5.5,0.0,178.351564,0.0
2019-01-19,17,0,191,14.21,14.21,0.0,460.795587,0.0
2019-01-19,17,0,192,332.6,332.6,0.0,10785.405497,0.0
2019-01-19,17,0,194,52.95,52.95,0.0,-6491.461001,0.0
2019-01-19,17,0,196,3.77,3.77,0.0,1028.069856,0.0
2019-01-19,17,0,198,6.13,6.13,0.0,35.305165,0.0
2019-01-19,17,0,199,130.0,130.0,0.0,-3310.223693,0.0
2019-01-19,17,0,200,8.45,8.45,0.0,-215.16454,0.0
2019-01-19,17,0,204,257.1,257.1,0.0,-300.472708,0.0
2019-01-19,17,0,205,317.4,317.4,0.0,-290.341622,0.0
2019-01-19,17,0,206,539.94,539.94,0.0,-3569.13016,0.0
2019-01-19,17,0,210,1.05,1.05,0.0,8.016939,0.0
2019-01-19,17,0,214,7.32,7.32,0.0,47.737583,0.0
2019-01-19,17,0,217,4.74,4.74,0.0,33.299507,0.0
2019-01-19,17,0,218,6.54,6.54,0.0,45.944889,0.0
2019-01-19,17,0,219,4.46,4.46,0.0,31.332447,0.0
2019-01-19,17,0,221,3.91,3.91,0.0,25.499173,0.0
2019-01-19,17,0,225,3.43,3.43,0.0,24.814454,0.0
2019-01-19,17,0,233,5.5,5.5,0.0,30.048733,0.0
2019-01-19,17,0,236,159.03,159.03,0.0,427.962374,0.0
2019-01-19,17,0,237,257.58,257.58,0.0,401.049453,0.0
2019-01-19,17,0,238,61.57,61.57,0.0,202.339749,0.0
2019-01-19,17,0,240,8.79,8.79,0.0,8.418066,0.0
2019-01-19,17,0,245,78.0,78.0,0.0,307.250871,0.0
2019-01-19,17,0,247,171.72,171.72,0.0,676.424609,0.0
2019-01-19,17,0,248,26.21,26.21,0.0,40.808705,0.0
2019-01-19,17,0,249,150.0,150.0,0.0,590.867059,0.0
2019-01-19,17,0,251,326.4,326.4,0.0,1137.126752,0.0
2019-01-19,17,0,252,267.06,267.06,0.0,961.985429,0.0
2019-01-19,17,0,254,12.54,12.54,0.0,23.193714,0.0
2019-01-19,17,0,255,5.75,5.75,0.0,10.635076,0.0
2019-01-19,17,0,258,10.85,10.85,0.0,11.251172,0.0
2019-01-19,17,0,260,4.3,4.3,0.0,13.100009,0.0
2019-01-19,17,0,265,60.17,60.17,0.0,-188.136809,0.0
2019-01-19,17,0,266,29.1,29.1,0.0,-90.988551,0.0
2019-01-19,17,0,267,35.76,35.76,0.0,-111.812735,0.0
2019-01-19,17,0,270,578.99,578.99,0.0,-578990.0,0.0
2019-01-19,17,0,272,150.39,150.39,0.0,-38733.521397,0.0
2019-01-19,17,0,273,18.07,18.07,0.0,-18070.0,0.0
2019-01-19,17,0,274,746.39,746.39,0.0,-746390.0,0.0
2019-01-19,17,0,275,1038.99,1038.99,0.0,-1038990.0,0.0
2019-01-19,17,0,276,4.12,4.12,0.0,-3709.252032,0.0
2019-01-19,17,0,277,5.23,5.23,0.0,-1406.391848,0.0
2019-01-19,17,0,278,8.37,8.37,0.0,-2250.764773,0.0
2019-01-19,17,0,279,264.6,264.6,0.0,-71153.208962,0.0
2019-01-19,17,0,281,20.32,20.32,0.0,-132.953572,0.0
2019-01-19,17,0,282,218.14,218.14,0.0,-1427.288002,0.0
2019-01-19,18,0,9,1.08,1.08,0.0,6.36088,0.0
2019-01-19,18,0,17,16.64,16.64,0.0,105.292918,0.0
2019-01-19,18,0,19,332.94,332.94,0.0,2106.744236,0.0
2019-01-19,18,0,20,405.43,405.43,0.0,2565.439165,0.0
2019-01-19,18,0,21,24.75,24.75,0.0,145.77016,0.0
2019-01-19,18,0,22,87.97,87.97,0.0,518.11721,0.0
2019-01-19,18,0,23,40.82,40.82,0.0,240.417694,0.0
2019-01-19,18,0,24,72.43,72.43,0.0,426.591219,0.0
2019-01-19,18,0,29,1.44,1.44,0.0,9.338962,0.0
2019-01-19,18,0,30,225.17,225.17,0.0,1325.559102,0.0
2019-01-19,18,0,31,15.23,15.23,0.0,89.657881,0.0
2019-01-19,18,0,32,0.86,0.86,0.0,42.152263,0.0
2019-01-19,18,0,33,0.95,0.95,0.0,6.084554,0.0
2019-01-19,18,0,34,1.52,1.52,0.0,9.735286,0.0
2019-01-19,18,0,35,1.52,1.52,0.0,9.735286,0.0
2019-01-19,18,0,36,3.9,3.9,0.0,24.221975,0.0
2019-01-19,18,0,37,1.83,1.83,0.0,11.363525,0.0
2019-01-19,18,0,38,2.35,2.35,0.0,14.592505,0.0
2019-01-19,18,0,39,1.57,1.57,0.0,9.749036,0.0
2019-01-19,18,0,40,1.57,1.57,0.0,9.749036,0.0
2019-01-19,18,0,41,34.8,34.8,0.0,209.996302,0.0
2019-01-19,18,0,42,25.93,25.93,0.0,163.64392,0.0
2019-01-19,18,0,43,11.38,11.38,0.0,70.920599,0.0
2019-01-19,18,0,46,9.82,9.82,0.0,60.689081,0.0
2019-01-19,18,0,52,16.15,16.15,0.0,95.073853,0.0
2019-01-19,18,0,53,25.66,25.66,0.0,151.058518,0.0
2019-01-19,18,0,55,86.65,86.65,0.0,510.342802,0.0
2019-01-19,18,0,56,66.42,66.42,0.0,391.009617,0.0
2019-01-19,18,0,57,63.18,63.18,0.0,371.935978,0.0
2019-01-19,18,0,58,121.49,121.49,0.0,715.202626,0.0
2019-01-19,18,0,59,119.47,119.47,0.0,703.311036,0.0
2019-01-19,18,0,63,170.0,170.0,0.0,19953.607899,0.0
2019-01-19,18,0,64,200.0,200.0,0.0,23474.832822,0.0
2019-01-19,18,0,65,41.4,41.4,0.0,261.838236,0.0
2019-01-19,18,0,67,111.36,111.36,0.0,-61875.564607,0.0
2019-01-19,18,0,68,6.52,6.52,0.0,-2676.643917,0.0
2019-01-19,18,0,69,0.95,0.95,0.0,6.084554,0.0
2019-01-19,18,0,74,65.28,65.28,0.0,407.115939,0.0
2019-01-19,18,0,77,53.66,53.66,0.0,-15545.371305,0.0
2019-01-19,18,0,78,40.57,40.57,0.0,-11753.181398,0.0
2019-01-19,18,0,79,23.48,23.48,0.0,-6802.186326,0.0
2019-01-19,18,0,80,37.97,37.97,0.0,-10999.95804,0.0
2019-01-19,18,0,81,49.64,49.64,0.0,-14380.772113,0.0
2019-01-19,18,0,82,35.01,35.01,0.0,-10142.442217,0.0
2019-01-19,18,0,83,78.08,78.08,0.0,-22619.876844,0.0
2019-01-19,18,0,84,0.0,0.0,0.0,0.0,0.0
2019-01-19,18,0,86,4.81,4.81,0.0,30.807058,0.0
2019-01-19,18,0,87,24.53,24.53,0.0,157.10959,0.0
2019-01-19,18,0,88,51.18,51.18,0.0,-14826.912102,0.0
2019-01-19,18,0,89,49.2,49.2,0.0,-14253.303544,0.0
2019-01-19,18,0,90,66.06,66.06,0.0,-19137.66732,0.0
2019-01-19,18,0,91,235.65,235.65,0.0,-68268.109354,0.0
2019-01-19,18,0,92,84.75,84.75,0.0,-24552.184459,0.0
2019-01-19,18,0,95,120.0,120.0,0.0,2691.568394,0.0
2019-01-19,18,0,96,20.13,20.13,0.0,118.445385,0.0
2019-01-19,18,0,97,123.8,123.8,0.0,728.442058,0.0
2019-01-19,18,0,99,12.6,12.6,0.0,78.579363,0.0
2019-01-19,18,0,101,4.54,4.54,0.0,26.726644,0.0
2019-01-19,18,0,102,15.43,15.43,0.0,-6334.450252,0.0
2019-01-19,18,0,103,13.42,13.42,0.0,-5509.288554,0.0
2019-01-19,18,0,104,2.49,2.49,0.0,-1022.215238,0.0
2019-01-19,18,0,106,86.59,86.59,0.0,509.98942,0.0
2019-01-19,18,0,109,60.0,60.0,0.0,367.79423,0.0
2019-01-19,18,0,110,222.59,222.59,0.0,-222590.0,0.0
2019-01-19,18,0,111,7.62,7.62,0.0,45.981949,0.0
2019-01-19,18,0,113,45.0,45.0,0.0,-11709.783198,0.0
2019-01-19,18,0,115,45.0,45.0,0.0,-11709.783198,0.0
2019-01-19,18,0,116,37.79,37.79,0.0,-37790.0,0.0
2019-01-19,18,0,117,3.0,3.0,0.0,-780.652213,0.0
2019-01-19,18,0,119,200.0,200.0,0.0,23474.832822,0.0
2019-01-19,18,0,120,117.6,117.6,0.0,13803.201699,0.0
2019-01-19,18,0,123,1.44,1.44,0.0,8.481173,0.0
2019-01-19,18,0,125,65.5,65.5,0.0,385.775574,0.0
2019-01-19,18,0,126,64.95,64.95,0.0,382.536237,0.0
2019-01-19,18,0,127,83.35,83.35,0.0,490.90678,0.0
2019-01-19,18,0,128,94.06,94.06,0.0,553.985504,0.0
2019-01-19,18,0,131,16.79,16.79,0.0,-6242.094378,0.0
2019-01-19,18,0,132,24.68,24.68,0.0,-9175.395428,0.0
2019-01-19,18,0,133,139.8,139.8,0.0,884.653263,0.0
2019-01-19,18,0,134,0.0,0.0,0.0,0.0,0.0
2019-01-19,18,0,135,187.33,187.33,0.0,1185.422717,0.0
2019-01-19,18,0,136,45.9,45.9,0.0,290.291091,0.0
2019-01-19,18,0,139,44.94,44.94,0.0,271.18488,0.0
2019-01-19,18,0,140,164.74,164.74,0.0,-164740.0,0.0
2019-01-19,18,0,141,81.82,81.82,0.0,-45462.093176,0.0
2019-01-19,18,0,142,146.86,146.86,0.0,-81600.623367,0.0
2019-01-19,18,0,143,24.47,24.47,0.0,144.053076,0.0
2019-01-19,18,0,145,30.0,30.0,0.0,179.313467,0.0
2019-01-19,18,0,146,41.17,41.17,0.0,-41170.0,0.0
2019-01-19,18,0,152,2.99,2.99,0.0,18.657813,0.0
2019-01-19,18,0,153,3.69,3.69,0.0,23.011292,0.0
2019-01-19,18,0,154,31.45,31.45,0.0,189.781141,0.0
2019-01-19,18,0,157,9.61,9.61,0.0,-5339.656752,0.0
2019-01-19,18,0,158,106.17,106.17,0.0,-58991.816579,0.0
2019-01-19,18,0,159,0.0,0.0,0.0,0.0,0.0
2019-01-19,18,0,160,0.86,0.86,0.0,5.419004,0.0
2019-01-19,18,0,161,20.85,20.85,0.0,-8559.51314,0.0
2019-01-19,18,0,162,162.5,162.5,0.0,3771.734956,0.0
2019-01-19,18,0,163,185.4,185.4,0.0,-185400.0,0.0
2019-01-19,18,0,164,9.32,9.32,0.0,54.866149,0.0
2019-01-19,18,0,167,0.84,0.84,0.0,16.14729,0.0
2019-01-19,18,0,168,0.42,0.42,0.0,8.073645,0.0
2019-01-19,18,0,169,0.0,0.0,0.0,0.0,0.0
2019-01-19,18,0,170,0.92,0.92,0.0,17.685127,0.0
2019-01-19,18,0,172,1.2,1.2,0.0,24.400955,0.0
2019-01-19,18,0,173,1.82,1.82,0.0,37.008116,0.0
2019-01-19,18,0,188,1.82,1.82,0.0,52.758323,0.0
2019-01-19,18,0,190,2.6,2.6,0.0,84.311649,0.0
2019-01-19,18,0,191,6.73,6.73,0.0,218.237459,0.0
2019-01-19,18,0,192,321.71,321.71,0.0,10432.2694,0.0
2019-01-19,18,0,194,98.98,98.98,0.0,-12342.497684,0.0
2019-01-19,18,0,196,1.85,1.85,0.0,500.827789,0.0
2019-01-19,18,0,198,2.88,2.88,0.0,18.485785,0.0
2019-01-19,18,0,199,130.0,130.0,0.0,-3987.146486,0.0
2019-01-19,18,0,200,3.87,3.87,0.0,-118.694284,0.0
2019-01-19,18,0,204,257.1,257.1,0.0,1573.182358,0.0
2019-01-19,18,0,205,317.4,317.4,0.0,1945.631477,0.0
2019-01-19,18,0,206,363.77,363.77,0.0,2140.431079,0.0
2019-01-19,18,0,210,0.45,0.45,0.0,2.92548,0.0
2019-01-19,18,0,214,3.37,3.37,0.0,21.737799,0.0
2019-01-19,18,0,217,2.11,2.11,0.0,13.658594,0.0
2019-01-19,18,0,218,2.92,2.92,0.0,18.901941,0.0
2019-01-19,18,0,219,1.99,1.99,0.0,12.881802,0.0
2019-01-19,18,0,221,1.79,1.79,0.0,11.54619,0.0
2019-01-19,18,0,225,1.5,1.5,0.0,9.725814,0.0
2019-01-19,18,0,233,2.72,2.72,0.0,17.421039,0.0
2019-01-19,18,0,236,159.03,159.03,0.0,999.557956,0.0
2019-01-19,18,0,237,156.6,156.6,0.0,976.629228,0.0
2019-01-19,18,0,238,33.75,33.75,0.0,212.995847,0.0
2019-01-19,18,0,240,4.43,4.43,0.0,27.513679,0.0
2019-01-19,18,0,245,78.0,78.0,0.0,494.450965,0.0
2019-01-19,18,0,247,171.72,171.72,0.0,1088.552817,0.0
2019-01-19,18,0,248,15.72,15.72,0.0,98.03711,0.0
2019-01-19,18,0,249,150.0,150.0,0.0,950.867241,0.0
2019-01-19,18,0,251,326.4,326.4,0.0,2062.684232,0.0
2019-01-19,18,0,252,267.06,267.06,0.0,1689.046357,0.0
2019-01-19,18,0,254,6.13,6.13,0.0,38.308732,0.0
2019-01-19,18,0,255,2.81,2.81,0.0,17.560773,0.0
2019-01-19,18,0,258,5.45,5.45,0.0,33.867384,0.0
2019-01-19,18,0,260,2.09,2.09,0.0,13.169439,0.0
2019-01-19,18,0,265,32.56,32.56,0.0,196.479299,0.0
2019-01-19,18,0,266,29.1,29.1,0.0,175.600356,0.0
2019-01-19,18,0,267,35.76,35.76,0.0,215.789304,0.0
2019-01-19,18,0,270,579.0,579.0,0.0,-579000.0,0.0
2019-01-19,18,0,272,150.39,150.39,0.0,-39134.095447,0.0
2019-01-19,18,0,273,9.04,9.04,0.0,-9040.0,0.0
2019-01-19,18,0,274,746.4,746.4,0.0,-746400.0,0.0
2019-01-19,18,0,275,1039.0,1039.0,0.0,-1039000.0,0.0
2019-01-19,18,0,276,2.09,2.09,0.0,-1882.636005,0.0
2019-01-19,18,0,277,2.67,2.67,0.0,-726.341381,0.0
2019-01-19,18,0,278,4.27,4.27,0.0,-1161.602134,0.0
2019-01-19,18,0,279,264.6,264.6,0.0,-71981.247009,0.0
2019-01-19,18,0,281,6.83,6.83,0.0,40.207704,0.0
2019-01-19,18,0,282,123.52,123.52,0.0,727.153086,0.0
2019-01-19,19,0,9,0.01,0.01,0.0,0.13173,0.0
2019-01-19,19,0,17,0.0,0.0,0.0,0.0,0.0
2019-01-19,19,0,19,615.51,615.51,0.0,125.601164,0.0
2019-01-19,19,0,20,748.14,748.14,0.0,152.665683,0.0
2019-01-19,19,0,21,0.24,0.24,0.0,3.161523,0.0
2019-01-19,19,0,22,0.85,0.85,0.0,11.197061,0.0
2019-01-19,19,0,23,15.44,15.44,0.0,203.391322,0.0
2019-01-19,19,0,24,27.32,27.32,0.0,359.886717,0.0
2019-01-19,19,0,29,0.0,0.0,0.0,0.0,0.0
2019-01-19,19,0,30,9.5,9.5,0.0,125.340585,0.0
2019-01-19,19,0,31,2.49,2.49,0.0,32.852427,0.0
2019-01-19,19,0,32,0.0,0.0,0.0,0.0,0.0
2019-01-19,19,0,33,0.0,0.0,0.0,0.0,0.0
2019-01-19,19,0,34,0.0,0.0,0.0,0.0,0.0
2019-01-19,19,0,35,0.0,0.0,0.0,0.0,0.0
2019-01-19,19,0,36,0.0,0.0,0.0,0.0,0.0
2019-01-19,19,0,37,0.0,0.0,0.0,0.0,0.0
2019-01-19,19,0,38,0.0,0.0,0.0,0.0,0.0
2019-01-19,19,0,39,0.0,0.0,0.0,0.0,0.0
2019-01-19,19,0,40,0.0,0.0,0.0,0.0,0.0
2019-01-19,19,0,41,34.8,34.8,0.0,420.95865,0.0
2019-01-19,19,0,42,0.62,0.62,0.0,4.709205,0.0
2019-01-19,19,0,43,0.0,0.0,0.0,0.0,0.0
2019-01-19,19,0,46,0.0,0.0,0.0,0.0,0.0
2019-01-19,19,0,52,2.64,2.64,0.0,34.831489,0.0
2019-01-19,19,0,53,4.19,4.19,0.0,55.281795,0.0
2019-01-19,19,0,55,13.73,13.73,0.0,180.865469,0.0
2019-01-19,19,0,56,2.8,2.8,0.0,36.942488,0.0
2019-01-19,19,0,57,2.67,2.67,0.0,35.227301,0.0
2019-01-19,19,0,58,5.13,5.13,0.0,67.683916,0.0
2019-01-19,19,0,59,5.04,5.04,0.0,66.496479,0.0
2019-01-19,19,0,63,170.0,170.0,0.0,2780.805497,0.0
2019-01-19,19,0,64,200.0,200.0,0.0,3271.535879,0.0
2019-01-19,19,0,65,41.4,41.4,0.0,209.655866,0.0
2019-01-19,19,0,67,0.3,0.3,0.0,4.67441,0.0
2019-01-19,19,0,68,2.24,2.24,0.0,34.559117,0.0
2019-01-19,19,0,69,0.0,0.0,0.0,0.0,0.0
2019-01-19,19,0,74,51.04,51.04,0.0,541.132456,0.0
2019-01-19,19,0,77,16.74,16.74,0.0,253.892621,0.0
2019-01-19,19,0,78,12.66,12.66,0.0,192.011983,0.0
2019-01-19,19,0,79,7.32,7.32,0.0,111.021146,0.0
2019-01-19,19,0,80,11.84,11.84,0.0,179.575187,0.0
2019-01-19,19,0,81,15.49,15.49,0.0,234.934092,0.0
2019-01-19,19,0,82,10.92,10.92,0.0,165.62171,0.0
2019-01-19,19,0,83,24.36,24.36,0.0,369.463815,0.0
2019-01-19,19,0,84,0.0,0.0,0.0,0.0,0.0
2019-01-19,19,0,86,0.0,0.0,0.0,0.0,0.0
2019-01-19,19,0,87,0.0,0.0,0.0,0.0,0.0
2019-01-19,19,0,88,26.02,26.02,0.0,394.640741,0.0
2019-01-19,19,0,89,25.01,25.01,0.0,379.32225,0.0
2019-01-19,19,0,90,33.58,33.58,0.0,509.301925,0.0
2019-01-19,19,0,91,119.8,119.8,0.0,1816.985427,0.0
2019-01-19,19,0,92,43.09,43.09,0.0,653.538415,0.0
2019-01-19,19,0,95,120.0,120.0,0.0,1991.936394,0.0
2019-01-19,19,0,96,4.74,4.74,0.0,62.64106,0.0
2019-01-19,19,0,97,29.16,29.16,0.0,385.36146,0.0
2019-01-19,19,0,99,9.85,9.85,0.0,104.43093,0.0
2019-01-19,19,0,101,0.19,0.19,0.0,2.506812,0.0
2019-01-19,19,0,102,6.41,6.41,0.0,98.894615,0.0
2019-01-19,19,0,103,5.38,5.38,0.0,83.003593,0.0
2019-01-19,19,0,104,0.77,0.77,0.0,11.879696,0.0
2019-01-19,19,0,106,0.84,0.84,0.0,11.065331,0.0
2019-01-19,19,0,109,60.0,60.0,0.0,682.64876,0.0
2019-01-19,19,0,110,69.19,69.19,0.0,1110.532506,0.0
2019-01-19,19,0,111,0.1,0.1,0.0,1.209651,0.0
2019-01-19,19,0,113,27.47,27.47,0.0,427.848493,0.0
2019-01-19,19,0,115,27.47,27.47,0.0,427.848493,0.0
2019-01-19,19,0,116,0.0,0.0,0.0,0.0,0.0
2019-01-19,19,0,117,1.83,1.83,0.0,28.502466,0.0
2019-01-19,19,0,119,200.0,200.0,0.0,3271.535879,0.0
2019-01-19,19,0,120,117.6,117.6,0.0,1923.663097,0.0
2019-01-19,19,0,123,0.01,0.01,0.0,0.13173,0.0
2019-01-19,19,0,125,24.72,24.72,0.0,325.636883,0.0
2019-01-19,19,0,126,0.63,0.63,0.0,8.298998,0.0
2019-01-19,19,0,127,0.81,0.81,0.0,10.670141,0.0
2019-01-19,19,0,128,35.4,35.4,0.0,466.324663,0.0
2019-01-19,19,0,131,4.48,4.48,0.0,68.934948,0.0
2019-01-19,19,0,132,6.58,6.58,0.0,101.248205,0.0
2019-01-19,19,0,133,135.62,135.62,0.0,1441.598684,0.0
2019-01-19,19,0,134,0.0,0.0,0.0,0.0,0.0
2019-01-19,19,0,135,183.78,183.78,0.0,1953.5246,0.0
2019-01-19,19,0,136,45.9,45.9,0.0,244.691089,0.0
2019-01-19,19,0,139,44.94,44.94,0.0,543.617291,0.0
2019-01-19,19,0,140,51.21,51.21,0.0,821.944929,0.0
2019-01-19,19,0,141,29.29,29.29,0.0,456.378195,0.0
2019-01-19,19,0,142,0.39,0.39,0.0,6.076733,0.0
2019-01-19,19,0,143,5.52,5.52,0.0,72.829477,0.0
2019-01-19,19,0,145,21.43,21.43,0.0,268.295061,0.0
2019-01-19,19,0,146,13.34,13.34,0.0,214.113364,0.0
2019-01-19,19,0,152,0.0,0.0,0.0,0.0,0.0
2019-01-19,19,0,153,0.0,0.0,0.0,0.0,0.0
2019-01-19,19,0,154,0.42,0.42,0.0,5.080535,0.0
2019-01-19,19,0,157,11.56,11.56,0.0,180.120585,0.0
2019-01-19,19,0,158,0.0,0.0,0.0,0.0,0.0
2019-01-19,19,0,159,0.0,0.0,0.0,0.0,0.0
2019-01-19,19,0,160,0.0,0.0,0.0,0.0,0.0
2019-01-19,19,0,161,0.0,0.0,0.0,0.0,0.0
2019-01-19,19,0,162,162.5,162.5,0.0,2696.717883,0.0
2019-01-19,19,0,163,77.57,77.57,0.0,1245.035503,0.0
2019-01-19,19,0,164,0.74,0.74,0.0,9.763372,0.0
2019-01-19,19,0,167,0.0,0.0,0.0,0.0,0.0
2019-01-19,19,0,168,0.0,0.0,0.0,0.0,0.0
2019-01-19,19,0,169,0.0,0.0,0.0,0.0,0.0
2019-01-19,19,0,170,0.0,0.0,0.0,0.0,0.0
2019-01-19,19,0,172,0.0,0.0,0.0,0.0,0.0
2019-01-19,19,0,173,0.0,0.0,0.0,0.0,0.0
2019-01-19,19,0,188,0.0,0.0,0.0,0.0,0.0
2019-01-19,19,0,190,0.0,0.0,0.0,0.0,0.0
2019-01-19,19,0,191,0.0,0.0,0.0,0.0,0.0
2019-01-19,19,0,192,117.49,117.49,0.0,1921.863752,0.0
2019-01-19,19,0,194,176.5,176.5,0.0,2796.11902,0.0
2019-01-19,19,0,196,0.0,0.0,0.0,0.0,0.0
2019-01-19,19,0,198,0.0,0.0,0.0,0.0,0.0
2019-01-19,19,0,199,130.0,130.0,0.0,1833.098453,0.0
2019-01-19,19,0,200,0.0,0.0,0.0,0.0,0.0
2019-01-19,19,0,204,257.1,257.1,0.0,2945.72494,0.0
2019-01-19,19,0,205,317.4,317.4,0.0,3611.211941,0.0
2019-01-19,19,0,206,85.69,85.69,0.0,1132.428789,0.0
2019-01-19,19,0,210,0.0,0.0,0.0,0.0,0.0
2019-01-19,19,0,214,0.0,0.0,0.0,0.0,0.0
2019-01-19,19,0,217,0.0,0.0,0.0,0.0,0.0
2019-01-19,19,0,218,0.0,0.0,0.0,0.0,0.0
2019-01-19,19,0,219,0.0,0.0,0.0,0.0,0.0
2019-01-19,19,0,221,0.0,0.0,0.0,0.0,0.0
2019-01-19,19,0,225,0.0,0.0,0.0,0.0,0.0
2019-01-19,19,0,233,0.0,0.0,0.0,0.0,0.0
2019-01-19,19,0,236,159.03,159.03,0.0,1631.317668,0.0
2019-01-19,19,0,237,122.44,122.44,0.0,1298.124175,0.0
2019-01-19,19,0,238,0.81,0.81,0.0,6.152348,0.0
2019-01-19,19,0,240,0.0,0.0,0.0,0.0,0.0
2019-01-19,19,0,245,78.0,78.0,0.0,695.823863,0.0
2019-01-19,19,0,247,171.72,171.72,0.0,1531.882996,0.0
2019-01-19,19,0,248,12.29,12.29,0.0,130.300115,0.0
2019-01-19,19,0,249,150.0,150.0,0.0,1338.122813,0.0
2019-01-19,19,0,251,326.4,326.4,0.0,2171.874402,0.0
2019-01-19,19,0,252,267.06,267.06,0.0,1352.43226,0.0
2019-01-19,19,0,254,0.0,0.0,0.0,0.0,0.0
2019-01-19,19,0,255,0.0,0.0,0.0,0.0,0.0
2019-01-19,19,0,258,0.0,0.0,0.0,0.0,0.0
2019-01-19,19,0,260,0.0,0.0,0.0,0.0,0.0
2019-01-19,19,0,265,0.44,0.44,0.0,5.322466,0.0
2019-01-19,19,0,266,29.1,29.1,0.0,352.008526,0.0
2019-01-19,19,0,267,35.76,35.76,0.0,432.571303,0.0
2019-01-19,19,0,270,242.26,242.26,0.0,3888.388566,0.0
2019-01-19,19,0,272,91.79,91.79,0.0,1429.640085,0.0
2019-01-19,19,0,273,0.0,0.0,0.0,0.0,0.0
2019-01-19,19,0,274,312.3,312.3,0.0,5012.563977,0.0
2019-01-19,19,0,275,434.72,434.72,0.0,6977.463375,0.0
2019-01-19,19,0,276,0.0,0.0,0.0,0.0,0.0
2019-01-19,19,0,277,0.0,0.0,0.0,0.0,0.0
2019-01-19,19,0,278,0.0,0.0,0.0,0.0,0.0
2019-01-19,19,0,279,106.61,106.61,0.0,1643.012134,0.0
2019-01-19,19,0,281,1.12,1.12,0.0,14.776995,0.0
2019-01-19,19,0,282,5.21,5.21,0.0,68.739416,0.0
2019-01-19,20,0,9,0.0,0.0,0.0,0.0,0.0
2019-01-19,20,0,17,0.0,0.0,0.0,0.0,0.0
2019-01-19,20,0,19,643.3,643.3,0.0,68.234038,0.0
2019-01-19,20,0,20,780.2,780.2,0.0,82.754852,0.0
2019-01-19,20,0,21,0.0,0.0,0.0,0.0,0.0
2019-01-19,20,0,22,0.0,0.0,0.0,0.0,0.0
2019-01-19,20,0,23,6.37,6.37,0.0,60.809976,0.0
2019-01-19,20,0,24,11.27,11.27,0.0,107.58688,0.0
2019-01-19,20,0,29,0.0,0.0,0.0,0.0,0.0
2019-01-19,20,0,30,0.0,0.0,0.0,0.0,0.0
2019-01-19,20,0,31,0.8,0.8,0.0,7.63761,0.0
2019-01-19,20,0,32,0.0,0.0,0.0,0.0,0.0
2019-01-19,20,0,33,0.0,0.0,0.0,0.0,0.0
2019-01-19,20,0,34,0.0,0.0,0.0,0.0,0.0
2019-01-19,20,0,35,0.0,0.0,0.0,0.0,0.0
2019-01-19,20,0,36,0.0,0.0,0.0,0.0,0.0
2019-01-19,20,0,37,0.0,0.0,0.0,0.0,0.0
2019-01-19,20,0,38,0.0,0.0,0.0,0.0,0.0
2019-01-19,20,0,39,0.0,0.0,0.0,0.0,0.0
2019-01-19,20,0,40,0.0,0.0,0.0,0.0,0.0
2019-01-19,20,0,41,60.5,60.5,0.0,575.300604,0.0
2019-01-19,20,0,42,0.0,0.0,0.0,0.0,0.0
2019-01-19,20,0,43,0.0,0.0,0.0,0.0,0.0
2019-01-19,20,0,46,0.0,0.0,0.0,0.0,0.0
2019-01-19,20,0,52,0.84,0.84,0.0,8.01949,0.0
2019-01-19,20,0,53,1.34,1.34,0.0,12.792996,0.0
2019-01-19,20,0,55,3.94,3.94,0.0,37.61245,0.0
2019-01-19,20,0,56,0.0,0.0,0.0,0.0,0.0
2019-01-19,20,0,57,0.0,0.0,0.0,0.0,0.0
2019-01-19,20,0,58,0.0,0.0,0.0,0.0,0.0
2019-01-19,20,0,59,0.0,0.0,0.0,0.0,0.0
2019-01-19,20,0,63,170.0,170.0,0.0,2884.977754,0.0
2019-01-19,20,0,64,200.0,200.0,0.0,3394.091475,0.0
2019-01-19,20,0,65,41.4,41.4,0.0,196.07248,0.0
2019-01-19,20,0,67,0.0,0.0,0.0,0.0,0.0
2019-01-19,20,0,68,1.57,1.57,0.0,16.497326,0.0
2019-01-19,20,0,69,0.0,0.0,0.0,0.0,0.0
2019-01-19,20,0,74,36.32,36.32,0.0,343.330954,0.0
2019-01-19,20,0,77,19.13,19.13,0.0,183.915876,0.0
2019-01-19,20,0,78,14.53,14.53,0.0,139.691463,0.0
2019-01-19,20,0,79,8.45,8.45,0.0,81.238325,0.0
2019-01-19,20,0,80,13.61,13.61,0.0,130.84658,0.0
2019-01-19,20,0,81,17.72,17.72,0.0,170.360132,0.0
2019-01-19,20,0,82,12.56,12.56,0.0,120.751877,0.0
2019-01-19,20,0,83,27.63,27.63,0.0,265.634901,0.0
2019-01-19,20,0,84,0.0,0.0,0.0,0.0,0.0
2019-01-19,20,0,86,0.0,0.0,0.0,0.0,0.0
2019-01-19,20,0,87,0.0,0.0,0.0,0.0,0.0
2019-01-19,20,0,88,37.23,37.23,0.0,357.929329,0.0
2019-01-19,20,0,89,35.79,35.79,0.0,344.085165,0.0
2019-01-19,20,0,90,48.02,48.02,0.0,461.664421,0.0
2019-01-19,20,0,91,170.96,170.96,0.0,1643.609942,0.0
2019-01-19,20,0,92,61.57,61.57,0.0,591.934161,0.0
2019-01-19,20,0,95,120.0,120.0,0.0,2039.55281,0.0
2019-01-19,20,0,96,4.47,4.47,0.0,42.67844,0.0
2019-01-19,20,0,97,32.27,32.27,0.0,308.105872,0.0
2019-01-19,20,0,99,7.01,7.01,0.0,66.265143,0.0
2019-01-19,20,0,101,0.0,0.0,0.0,0.0,0.0
2019-01-19,20,0,102,3.71,3.71,0.0,38.984127,0.0
2019-01-19,20,0,103,3.23,3.23,0.0,33.940359,0.0
2019-01-19,20,0,104,0.6,0.6,0.0,6.304711,0.0
2019-01-19,20,0,106,0.0,0.0,0.0,0.0,0.0
2019-01-19,20,0,109,60.0,60.0,0.0,569.146986,0.0
2019-01-19,20,0,110,61.57,61.57,0.0,914.135823,0.0
2019-01-19,20,0,111,0.0,0.0,0.0,0.0,0.0
2019-01-19,20,0,113,19.71,19.71,0.0,185.499733,0.0
2019-01-19,20,0,115,19.71,19.71,0.0,185.499733,0.0
2019-01-19,20,0,116,0.0,0.0,0.0,0.0,0.0
2019-01-19,20,0,117,1.31,1.31,0.0,12.329003,0.0
2019-01-19,20,0,119,200.0,200.0,0.0,3394.091475,0.0
2019-01-19,20,0,120,117.6,117.6,0.0,1995.725787,0.0
2019-01-19,20,0,123,0.0,0.0,0.0,0.0,0.0
2019-01-19,20,0,125,10.2,10.2,0.0,97.372332,0.0
2019-01-19,20,0,126,0.0,0.0,0.0,0.0,0.0
2019-01-19,20,0,127,0.0,0.0,0.0,0.0,0.0
2019-01-19,20,0,128,14.6,14.6,0.0,139.376082,0.0
2019-01-19,20,0,131,4.26,4.26,0.0,43.548172,0.0
2019-01-19,20,0,132,6.25,6.25,0.0,63.891098,0.0
2019-01-19,20,0,133,103.8,103.8,0.0,1046.695636,0.0
2019-01-19,20,0,134,0.0,0.0,0.0,0.0,0.0
2019-01-19,20,0,135,138.32,138.32,0.0,1394.78748,0.0
2019-01-19,20,0,136,45.9,45.9,0.0,229.051414,0.0
2019-01-19,20,0,139,80.98,80.98,0.0,770.04699,0.0
2019-01-19,20,0,140,45.57,45.57,0.0,676.582255,0.0
2019-01-19,20,0,141,10.9,10.9,0.0,126.178631,0.0
2019-01-19,20,0,142,0.0,0.0,0.0,0.0,0.0
2019-01-19,20,0,143,1.83,1.83,0.0,17.471032,0.0
2019-01-19,20,0,145,15.96,15.96,0.0,152.00687,0.0
2019-01-19,20,0,146,0.0,0.0,0.0,0.0,0.0
2019-01-19,20,0,152,0.0,0.0,0.0,0.0,0.0
2019-01-19,20,0,153,0.0,0.0,0.0,0.0,0.0
2019-01-19,20,0,154,0.0,0.0,0.0,0.0,0.0
2019-01-19,20,0,157,11.17,11.17,0.0,129.304157,0.0
2019-01-19,20,0,158,0.0,0.0,0.0,0.0,0.0
2019-01-19,20,0,159,0.0,0.0,0.0,0.0,0.0
2019-01-19,20,0,160,0.0,0.0,0.0,0.0,0.0
2019-01-19,20,0,161,0.0,0.0,0.0,0.0,0.0
2019-01-19,20,0,162,162.5,162.5,0.0,2762.183984,0.0
2019-01-19,20,0,163,59.59,59.59,0.0,884.738569,0.0
2019-01-19,20,0,164,0.0,0.0,0.0,0.0,0.0
2019-01-19,20,0,167,0.0,0.0,0.0,0.0,0.0
2019-01-19,20,0,168,0.0,0.0,0.0,0.0,0.0
2019-01-19,20,0,169,0.0,0.0,0.0,0.0,0.0
2019-01-19,20,0,170,0.0,0.0,0.0,0.0,0.0
2019-01-19,20,0,172,0.0,0.0,0.0,0.0,0.0
2019-01-19,20,0,173,0.0,0.0,0.0,0.0,0.0
2019-01-19,20,0,188,0.0,0.0,0.0,0.0,0.0
2019-01-19,20,0,190,0.0,0.0,0.0,0.0,0.0
2019-01-19,20,0,191,0.0,0.0,0.0,0.0,0.0
2019-01-19,20,0,192,92.34,92.34,0.0,1567.052034,0.0
2019-01-19,20,0,194,176.5,176.5,0.0,1487.430836,0.0
2019-01-19,20,0,196,0.0,0.0,0.0,0.0,0.0
2019-01-19,20,0,198,0.0,0.0,0.0,0.0,0.0
2019-01-19,20,0,199,130.0,130.0,0.0,1358.366763,0.0
2019-01-19,20,0,200,0.0,0.0,0.0,0.0,0.0
2019-01-19,20,0,204,465.33,465.33,0.0,4415.328061,0.0
2019-01-19,20,0,205,317.4,317.4,0.0,3010.787558,0.0
2019-01-19,20,0,206,122.26,122.26,0.0,1167.307837,0.0
2019-01-19,20,0,210,0.0,0.0,0.0,0.0,0.0
2019-01-19,20,0,214,0.0,0.0,0.0,0.0,0.0
2019-01-19,20,0,217,0.0,0.0,0.0,0.0,0.0
2019-01-19,20,0,218,0.0,0.0,0.0,0.0,0.0
2019-01-19,20,0,219,0.0,0.0,0.0,0.0,0.0
2019-01-19,20,0,221,0.0,0.0,0.0,0.0,0.0
2019-01-19,20,0,225,0.0,0.0,0.0,0.0,0.0
2019-01-19,20,0,233,0.0,0.0,0.0,0.0,0.0
2019-01-19,20,0,236,117.14,117.14,0.0,1106.755607,0.0
2019-01-19,20,0,237,87.13,87.13,0.0,823.635078,0.0
2019-01-19,20,0,238,0.0,0.0,0.0,0.0,0.0
2019-01-19,20,0,240,0.0,0.0,0.0,0.0,0.0
2019-01-19,20,0,245,145.89,145.89,0.0,1243.237697,0.0
2019-01-19,20,0,247,171.72,171.72,0.0,1463.354427,0.0
2019-01-19,20,0,248,8.75,8.75,0.0,82.713267,0.0
2019-01-19,20,0,249,280.44,280.44,0.0,2389.838781,0.0
2019-01-19,20,0,251,326.4,326.4,0.0,2031.456266,0.0
2019-01-19,20,0,252,267.06,267.06,0.0,1264.809579,0.0
2019-01-19,20,0,254,0.0,0.0,0.0,0.0,0.0
2019-01-19,20,0,255,0.0,0.0,0.0,0.0,0.0
2019-01-19,20,0,258,0.0,0.0,0.0,0.0,0.0
2019-01-19,20,0,260,0.0,0.0,0.0,0.0,0.0
2019-01-19,20,0,265,0.0,0.0,0.0,0.0,0.0
2019-01-19,20,0,266,49.35,49.35,0.0,469.274129,0.0
2019-01-19,20,0,267,62.41,62.41,0.0,593.462986,0.0
2019-01-19,20,0,270,186.09,186.09,0.0,2762.896465,0.0
2019-01-19,20,0,272,65.86,65.86,0.0,619.838275,0.0
2019-01-19,20,0,273,0.0,0.0,0.0,0.0,0.0
2019-01-19,20,0,274,239.89,239.89,0.0,3561.670337,0.0
2019-01-19,20,0,275,333.93,333.93,0.0,4957.891432,0.0
2019-01-19,20,0,276,0.0,0.0,0.0,0.0,0.0
2019-01-19,20,0,277,0.0,0.0,0.0,0.0,0.0
2019-01-19,20,0,278,0.0,0.0,0.0,0.0,0.0
2019-01-19,20,0,279,189.58,189.58,0.0,1799.618173,0.0
2019-01-19,20,0,281,0.36,0.36,0.0,3.436924,0.0
2019-01-19,20,0,282,0.0,0.0,0.0,0.0,0.0
2019-01-19,21,0,9,0.0,0.0,0.0,0.0,0.0
2019-01-19,21,0,17,0.0,0.0,0.0,0.0,0.0
2019-01-19,21,0,19,643.3,643.3,0.0,254.746223,0.0
2019-01-19,21,0,20,780.2,780.2,0.0,308.958501,0.0
2019-01-19,21,0,21,0.0,0.0,0.0,0.0,0.0
2019-01-19,21,0,22,0.0,0.0,0.0,0.0,0.0
2019-01-19,21,0,23,4.09,4.09,0.0,28.746035,0.0
2019-01-19,21,0,24,7.23,7.23,0.0,50.815118,0.0
2019-01-19,21,0,29,0.0,0.0,0.0,0.0,0.0
2019-01-19,21,0,30,0.0,0.0,0.0,0.0,0.0
2019-01-19,21,0,31,0.0,0.0,0.0,0.0,0.0
2019-01-19,21,0,32,0.0,0.0,0.0,0.0,0.0
2019-01-19,21,0,33,0.0,0.0,0.0,0.0,0.0
2019-01-19,21,0,34,0.0,0.0,0.0,0.0,0.0
2019-01-19,21,0,35,0.0,0.0,0.0,0.0,0.0
2019-01-19,21,0,36,0.0,0.0,0.0,0.0,0.0
2019-01-19,21,0,37,0.0,0.0,0.0,0.0,0.0
2019-01-19,21,0,38,0.0,0.0,0.0,0.0,0.0
2019-01-19,21,0,39,0.0,0.0,0.0,0.0,0.0
2019-01-19,21,0,40,0.0,0.0,0.0,0.0,0.0
2019-01-19,21,0,41,68.67,68.67,0.0,518.785158,0.0
2019-01-19,21,0,42,0.0,0.0,0.0,0.0,0.0
2019-01-19,21,0,43,0.0,0.0,0.0,0.0,0.0
2019-01-19,21,0,46,0.0,0.0,0.0,0.0,0.0
2019-01-19,21,0,52,0.0,0.0,0.0,0.0,0.0
2019-01-19,21,0,53,0.0,0.0,0.0,0.0,0.0
2019-01-19,21,0,55,0.0,0.0,0.0,0.0,0.0
2019-01-19,21,0,56,0.0,0.0,0.0,0.0,0.0
2019-01-19,21,0,57,0.0,0.0,0.0,0.0,0.0
2019-01-19,21,0,58,0.0,0.0,0.0,0.0,0.0
2019-01-19,21,0,59,0.0,0.0,0.0,0.0,0.0
2019-01-19,21,0,63,147.44,147.44,0.0,2445.148535,0.0
2019-01-19,21,0,64,173.46,173.46,0.0,2876.664846,0.0
2019-01-19,21,0,65,41.4,41.4,0.0,184.671851,0.0
2019-01-19,21,0,67,0.0,0.0,0.0,0.0,0.0
2019-01-19,21,0,68,1.59,1.59,0.0,11.559877,0.0
2019-01-19,21,0,69,0.0,0.0,0.0,0.0,0.0
2019-01-19,21,0,74,25.02,25.02,0.0,207.201276,0.0
2019-01-19,21,0,77,34.63,34.63,0.0,209.619796,0.0
2019-01-19,21,0,78,26.23,26.23,0.0,158.773528,0.0
2019-01-19,21,0,79,15.22,15.22,0.0,92.128597,0.0
2019-01-19,21,0,80,24.56,24.56,0.0,148.664805,0.0
2019-01-19,21,0,81,32.05,32.05,0.0,194.002728,0.0
2019-01-19,21,0,82,22.66,22.66,0.0,137.163863,0.0
2019-01-19,21,0,83,50.21,50.21,0.0,303.927519,0.0
2019-01-19,21,0,84,0.0,0.0,0.0,0.0,0.0
2019-01-19,21,0,86,0.0,0.0,0.0,0.0,0.0
2019-01-19,21,0,87,0.0,0.0,0.0,0.0,0.0
2019-01-19,21,0,88,51.27,51.27,0.0,310.343834,0.0
2019-01-19,21,0,89,49.29,49.29,0.0,298.358642,0.0
2019-01-19,21,0,90,66.17,66.17,0.0,400.53543,0.0
2019-01-19,21,0,91,236.06,236.06,0.0,1428.901217,0.0
2019-01-19,21,0,92,84.9,84.9,0.0,513.910503,0.0
2019-01-19,21,0,95,120.0,120.0,0.0,1977.002113,0.0
2019-01-19,21,0,96,3.92,3.92,0.0,27.469916,0.0
2019-01-19,21,0,97,24.08,24.08,0.0,168.743767,0.0
2019-01-19,21,0,99,4.83,4.83,0.0,39.999287,0.0
2019-01-19,21,0,101,0.0,0.0,0.0,0.0,0.0
2019-01-19,21,0,102,3.77,3.77,0.0,27.409269,0.0
2019-01-19,21,0,103,3.28,3.28,0.0,23.846791,0.0
2019-01-19,21,0,104,0.61,0.61,0.0,4.434921,0.0
2019-01-19,21,0,106,0.0,0.0,0.0,0.0,0.0
2019-01-19,21,0,109,83.6,83.6,0.0,661.012968,0.0
2019-01-19,21,0,110,54.87,54.87,0.0,742.340844,0.0
2019-01-19,21,0,111,0.0,0.0,0.0,0.0,0.0
2019-01-19,21,0,113,26.24,26.24,0.0,144.962623,0.0
2019-01-19,21,0,115,26.24,26.24,0.0,144.962623,0.0
2019-01-19,21,0,116,0.0,0.0,0.0,0.0,0.0
2019-01-19,21,0,117,1.76,1.76,0.0,9.723103,0.0
2019-01-19,21,0,119,173.46,173.46,0.0,2876.664846,0.0
2019-01-19,21,0,120,101.99,101.99,0.0,1691.404633,0.0
2019-01-19,21,0,123,0.0,0.0,0.0,0.0,0.0
2019-01-19,21,0,125,6.54,6.54,0.0,45.965543,0.0
2019-01-19,21,0,126,0.0,0.0,0.0,0.0,0.0
2019-01-19,21,0,127,0.0,0.0,0.0,0.0,0.0
2019-01-19,21,0,128,9.37,9.37,0.0,65.855831,0.0
2019-01-19,21,0,131,4.92,4.92,0.0,33.745766,0.0
2019-01-19,21,0,132,7.24,7.24,0.0,49.658404,0.0
2019-01-19,21,0,133,91.59,91.59,0.0,840.950027,0.0
2019-01-19,21,0,134,0.0,0.0,0.0,0.0,0.0
2019-01-19,21,0,135,119.08,119.08,0.0,1093.354397,0.0
2019-01-19,21,0,136,45.9,45.9,0.0,214.987114,0.0
2019-01-19,21,0,139,90.45,90.45,0.0,683.327764,0.0
2019-01-19,21,0,140,40.61,40.61,0.0,549.416105,0.0
2019-01-19,21,0,141,7.81,7.81,0.0,68.814225,0.0
2019-01-19,21,0,142,0.0,0.0,0.0,0.0,0.0
2019-01-19,21,0,143,0.0,0.0,0.0,0.0,0.0
2019-01-19,21,0,145,11.52,11.52,0.0,84.649045,0.0
2019-01-19,21,0,146,0.0,0.0,0.0,0.0,0.0
2019-01-19,21,0,152,0.0,0.0,0.0,0.0,0.0
2019-01-19,21,0,153,0.0,0.0,0.0,0.0,0.0
2019-01-19,21,0,154,0.0,0.0,0.0,0.0,0.0
2019-01-19,21,0,157,17.97,17.97,0.0,158.334394,0.0
2019-01-19,21,0,158,0.0,0.0,0.0,0.0,0.0
2019-01-19,21,0,159,0.0,0.0,0.0,0.0,0.0
2019-01-19,21,0,160,0.0,0.0,0.0,0.0,0.0
2019-01-19,21,0,161,0.0,0.0,0.0,0.0,0.0
2019-01-19,21,0,162,162.5,162.5,0.0,2678.060895,0.0
2019-01-19,21,0,163,47.48,47.48,0.0,642.360912,0.0
2019-01-19,21,0,164,0.0,0.0,0.0,0.0,0.0
2019-01-19,21,0,167,0.0,0.0,0.0,0.0,0.0
2019-01-19,21,0,168,0.0,0.0,0.0,0.0,0.0
2019-01-19,21,0,169,0.0,0.0,0.0,0.0,0.0
2019-01-19,21,0,170,0.0,0.0,0.0,0.0,0.0
2019-01-19,21,0,172,0.0,0.0,0.0,0.0,0.0
2019-01-19,21,0,173,0.0,0.0,0.0,0.0,0.0
2019-01-19,21,0,188,0.0,0.0,0.0,0.0,0.0
2019-01-19,21,0,190,0.0,0.0,0.0,0.0,0.0
2019-01-19,21,0,191,0.0,0.0,0.0,0.0,0.0
2019-01-19,21,0,192,73.85,73.85,0.0,1224.730191,0.0
2019-01-19,21,0,194,176.5,176.5,0.0,685.605597,0.0
2019-01-19,21,0,196,0.0,0.0,0.0,0.0,0.0
2019-01-19,21,0,198,0.0,0.0,0.0,0.0,0.0
2019-01-19,21,0,199,130.0,130.0,0.0,1090.705303,0.0
2019-01-19,21,0,200,0.0,0.0,0.0,0.0,0.0
2019-01-19,21,0,204,841.64,841.64,0.0,6621.62448,0.0
2019-01-19,21,0,205,387.97,387.97,0.0,3067.622024,0.0
2019-01-19,21,0,206,70.76,70.76,0.0,495.860007,0.0
2019-01-19,21,0,210,0.0,0.0,0.0,0.0,0.0
2019-01-19,21,0,214,0.0,0.0,0.0,0.0,0.0
2019-01-19,21,0,217,0.0,0.0,0.0,0.0,0.0
2019-01-19,21,0,218,0.0,0.0,0.0,0.0,0.0
2019-01-19,21,0,219,0.0,0.0,0.0,0.0,0.0
2019-01-19,21,0,221,0.0,0.0,0.0,0.0,0.0
2019-01-19,21,0,225,0.0,0.0,0.0,0.0,0.0
2019-01-19,21,0,233,0.0,0.0,0.0,0.0,0.0
2019-01-19,21,0,236,72.87,72.87,0.0,616.627859,0.0
2019-01-19,21,0,237,60.02,60.02,0.0,497.051182,0.0
2019-01-19,21,0,238,0.0,0.0,0.0,0.0,0.0
2019-01-19,21,0,240,0.0,0.0,0.0,0.0,0.0
2019-01-19,21,0,245,260.0,260.0,0.0,2040.536589,0.0
2019-01-19,21,0,247,171.72,171.72,0.0,1347.695935,0.0
2019-01-19,21,0,248,6.02,6.02,0.0,49.854184,0.0
2019-01-19,21,0,249,500.0,500.0,0.0,3924.108826,0.0
2019-01-19,21,0,251,326.4,326.4,0.0,1877.255895,0.0
2019-01-19,21,0,252,267.06,267.06,0.0,1191.267261,0.0
2019-01-19,21,0,254,0.0,0.0,0.0,0.0,0.0
2019-01-19,21,0,255,0.0,0.0,0.0,0.0,0.0
2019-01-19,21,0,258,0.0,0.0,0.0,0.0,0.0
2019-01-19,21,0,260,0.0,0.0,0.0,0.0,0.0
2019-01-19,21,0,265,0.0,0.0,0.0,0.0,0.0
2019-01-19,21,0,266,56.64,56.64,0.0,427.901432,0.0
2019-01-19,21,0,267,70.71,70.71,0.0,534.196862,0.0
2019-01-19,21,0,270,148.29,148.29,0.0,2006.227879,0.0
2019-01-19,21,0,272,87.63,87.63,0.0,484.111078,0.0
2019-01-19,21,0,273,0.0,0.0,0.0,0.0,0.0
2019-01-19,21,0,274,191.17,191.17,0.0,2586.355005,0.0
2019-01-19,21,0,275,266.11,266.11,0.0,3600.224567,0.0
2019-01-19,21,0,276,0.0,0.0,0.0,0.0,0.0
2019-01-19,21,0,277,0.0,0.0,0.0,0.0,0.0
2019-01-19,21,0,278,0.0,0.0,0.0,0.0,0.0
2019-01-19,21,0,279,141.49,141.49,0.0,811.647386,0.0
2019-01-19,21,0,281,0.0,0.0,0.0,0.0,0.0
2019-01-19,21,0,282,0.0,0.0,0.0,0.0,0.0
2019-01-19,22,0,9,0.0,0.0,0.0,0.0,0.0
2019-01-19,22,0,17,0.0,0.0,0.0,-0.0,0.0
2019-01-19,22,0,19,643.3,643.3,0.0,-1.594935,0.0
2019-01-19,22,0,20,780.2,780.2,0.0,-1.934351,0.0
2019-01-19,22,0,21,0.0,0.0,0.0,0.0,0.0
2019-01-19,22,0,22,0.0,0.0,0.0,0.0,0.0
2019-01-19,22,0,23,6.7,6.7,0.0,75.343834,0.0
2019-01-19,22,0,24,11.85,11.85,0.0,133.257377,0.0
2019-01-19,22,0,29,0.0,0.0,0.0,0.0,0.0
2019-01-19,22,0,30,0.0,0.0,0.0,0.0,0.0
2019-01-19,22,0,31,0.0,0.0,0.0,0.0,0.0
2019-01-19,22,0,32,0.0,0.0,0.0,0.0,0.0
2019-01-19,22,0,33,0.0,0.0,0.0,0.0,0.0
2019-01-19,22,0,34,0.0,0.0,0.0,0.0,0.0
2019-01-19,22,0,35,0.0,0.0,0.0,0.0,0.0
2019-01-19,22,0,36,0.0,0.0,0.0,0.0,0.0
2019-01-19,22,0,37,0.0,0.0,0.0,0.0,0.0
2019-01-19,22,0,38,0.0,0.0,0.0,0.0,0.0
2019-01-19,22,0,39,0.0,0.0,0.0,0.0,0.0
2019-01-19,22,0,40,0.0,0.0,0.0,0.0,0.0
2019-01-19,22,0,41,38.44,38.44,0.0,466.826125,0.0
2019-01-19,22,0,42,0.0,0.0,0.0,0.0,0.0
2019-01-19,22,0,43,0.0,0.0,0.0,0.0,0.0
2019-01-19,22,0,46,0.0,0.0,0.0,0.0,0.0
2019-01-19,22,0,52,0.0,0.0,0.0,0.0,0.0
2019-01-19,22,0,53,0.0,0.0,0.0,0.0,0.0
2019-01-19,22,0,55,0.0,0.0,0.0,0.0,0.0
2019-01-19,22,0,56,0.0,0.0,0.0,0.0,0.0
2019-01-19,22,0,57,0.0,0.0,0.0,0.0,0.0
2019-01-19,22,0,58,0.0,0.0,0.0,0.0,0.0
2019-01-19,22,0,59,0.0,0.0,0.0,0.0,0.0
2019-01-19,22,0,63,95.77,95.77,0.0,1616.053865,0.0
2019-01-19,22,0,64,112.67,112.67,0.0,1901.229915,0.0
2019-01-19,22,0,65,34.42,34.42,0.0,127.07613,0.0
2019-01-19,22,0,67,0.0,0.0,0.0,0.0,0.0
2019-01-19,22,0,68,1.93,1.93,0.0,20.630953,0.0
2019-01-19,22,0,69,0.0,0.0,0.0,0.0,0.0
2019-01-19,22,0,74,16.37,16.37,0.0,232.011135,0.0
2019-01-19,22,0,77,40.05,40.05,0.0,397.682387,0.0
2019-01-19,22,0,78,30.28,30.28,0.0,300.66973,0.0
2019-01-19,22,0,79,17.52,17.52,0.0,173.967426,0.0
2019-01-19,22,0,80,28.34,28.34,0.0,281.406213,0.0
2019-01-19,22,0,81,37.05,37.05,0.0,367.893444,0.0
2019-01-19,22,0,82,26.13,26.13,0.0,259.461692,0.0
2019-01-19,22,0,83,58.28,58.28,0.0,578.699863,0.0
2019-01-19,22,0,84,0.0,0.0,0.0,0.0,0.0
2019-01-19,22,0,86,0.0,0.0,0.0,0.0,0.0
2019-01-19,22,0,87,0.0,0.0,0.0,0.0,0.0
2019-01-19,22,0,88,40.76,40.76,0.0,404.732437,0.0
2019-01-19,22,0,89,39.19,39.19,0.0,389.14289,0.0
2019-01-19,22,0,90,52.61,52.61,0.0,522.398761,0.0
2019-01-19,22,0,91,187.69,187.69,0.0,1863.695561,0.0
2019-01-19,22,0,92,67.5,67.5,0.0,670.251214,0.0
2019-01-19,22,0,95,120.0,120.0,0.0,2015.604392,0.0
2019-01-19,22,0,96,3.82,3.82,0.0,42.847359,0.0
2019-01-19,22,0,97,23.49,23.49,0.0,263.477607,0.0
2019-01-19,22,0,99,3.16,3.16,0.0,44.786511,0.0
2019-01-19,22,0,101,0.0,0.0,0.0,0.0,0.0
2019-01-19,22,0,102,4.57,4.57,0.0,48.851531,0.0
2019-01-19,22,0,103,3.97,3.97,0.0,42.437763,0.0
2019-01-19,22,0,104,0.74,0.74,0.0,7.910314,0.0
2019-01-19,22,0,106,0.0,0.0,0.0,0.0,0.0
2019-01-19,22,0,109,126.85,126.85,0.0,1563.234963,0.0
2019-01-19,22,0,110,50.09,50.09,0.0,742.753266,0.0
2019-01-19,22,0,111,0.0,0.0,0.0,0.0,0.0
2019-01-19,22,0,113,33.27,33.27,0.0,313.815575,0.0
2019-01-19,22,0,115,33.27,33.27,0.0,313.815575,0.0
2019-01-19,22,0,116,0.0,0.0,0.0,0.0,0.0
2019-01-19,22,0,117,2.22,2.22,0.0,20.939903,0.0
2019-01-19,22,0,119,112.67,112.67,0.0,1901.229915,0.0
2019-01-19,22,0,120,66.25,66.25,0.0,1117.923865,0.0
2019-01-19,22,0,123,0.0,0.0,0.0,0.0,0.0
2019-01-19,22,0,125,10.72,10.72,0.0,120.550134,0.0
2019-01-19,22,0,126,0.0,0.0,0.0,0.0,0.0
2019-01-19,22,0,127,0.0,0.0,0.0,0.0,0.0
2019-01-19,22,0,128,15.36,15.36,0.0,172.72855,0.0
2019-01-19,22,0,131,6.56,6.56,0.0,68.338918,0.0
2019-01-19,22,0,132,9.65,9.65,0.0,100.529049,0.0
2019-01-19,22,0,133,139.8,139.8,0.0,-49.0067,0.0
2019-01-19,22,0,134,0.0,0.0,0.0,-0.0,0.0
2019-01-19,22,0,135,187.33,187.33,0.0,-65.668277,0.0
2019-01-19,22,0,136,45.9,45.9,0.0,178.768683,0.0
2019-01-19,22,0,139,49.64,49.64,0.0,602.842061,0.0
2019-01-19,22,0,140,37.07,37.07,0.0,549.687833,0.0
2019-01-19,22,0,141,16.75,16.75,0.0,196.116211,0.0
2019-01-19,22,0,142,0.0,0.0,0.0,0.0,0.0
2019-01-19,22,0,143,0.0,0.0,0.0,0.0,0.0
2019-01-19,22,0,145,19.55,19.55,0.0,227.611091,0.0
2019-01-19,22,0,146,0.0,0.0,0.0,0.0,0.0
2019-01-19,22,0,152,0.0,0.0,0.0,0.0,0.0
2019-01-19,22,0,153,0.0,0.0,0.0,0.0,0.0
2019-01-19,22,0,154,0.0,0.0,0.0,0.0,0.0
2019-01-19,22,0,157,35.58,35.58,0.0,416.585958,0.0
2019-01-19,22,0,158,0.0,0.0,0.0,0.0,0.0
2019-01-19,22,0,159,0.0,0.0,0.0,0.0,0.0
2019-01-19,22,0,160,0.0,0.0,0.0,0.0,0.0
2019-01-19,22,0,161,0.0,0.0,0.0,0.0,0.0
2019-01-19,22,0,162,96.21,96.21,0.0,1616.362077,0.0
2019-01-19,22,0,163,39.83,39.83,0.0,590.614146,0.0
2019-01-19,22,0,164,0.0,0.0,0.0,0.0,0.0
2019-01-19,22,0,167,0.0,0.0,0.0,0.0,0.0
2019-01-19,22,0,168,0.0,0.0,0.0,0.0,0.0
2019-01-19,22,0,169,0.0,0.0,0.0,0.0,0.0
2019-01-19,22,0,170,0.0,0.0,0.0,0.0,0.0
2019-01-19,22,0,172,0.0,0.0,0.0,0.0,0.0
2019-01-19,22,0,173,0.0,0.0,0.0,0.0,0.0
2019-01-19,22,0,188,0.0,0.0,0.0,0.0,0.0
2019-01-19,22,0,190,0.0,0.0,0.0,0.0,0.0
2019-01-19,22,0,191,0.0,0.0,0.0,0.0,0.0
2019-01-19,22,0,192,60.35,60.35,0.0,1018.365362,0.0
2019-01-19,22,0,194,172.45,172.45,0.0,1415.827629,0.0
2019-01-19,22,0,196,0.0,0.0,0.0,0.0,0.0
2019-01-19,22,0,198,0.0,0.0,0.0,0.0,0.0
2019-01-19,22,0,199,130.0,130.0,0.0,1270.523998,0.0
2019-01-19,22,0,200,0.0,0.0,0.0,0.0,0.0
2019-01-19,22,0,204,857.0,857.0,0.0,10460.90502,0.0
2019-01-19,22,0,205,631.08,631.08,0.0,7777.109344,0.0
2019-01-19,22,0,206,69.03,69.03,0.0,774.280938,0.0
2019-01-19,22,0,210,0.0,0.0,0.0,0.0,0.0
2019-01-19,22,0,214,0.0,0.0,0.0,0.0,0.0
2019-01-19,22,0,217,0.0,0.0,0.0,0.0,0.0
2019-01-19,22,0,218,0.0,0.0,0.0,0.0,0.0
2019-01-19,22,0,219,0.0,0.0,0.0,0.0,0.0
2019-01-19,22,0,221,0.0,0.0,0.0,0.0,0.0
2019-01-19,22,0,225,0.0,0.0,0.0,0.0,0.0
2019-01-19,22,0,233,0.0,0.0,0.0,0.0,0.0
2019-01-19,22,0,236,43.34,43.34,0.0,618.890405,0.0
2019-01-19,22,0,237,39.27,39.27,0.0,556.571612,0.0
2019-01-19,22,0,238,0.0,0.0,0.0,0.0,0.0
2019-01-19,22,0,240,0.0,0.0,0.0,0.0,0.0
2019-01-19,22,0,245,260.0,260.0,0.0,739.517935,0.0
2019-01-19,22,0,247,140.38,140.38,0.0,399.282799,0.0
2019-01-19,22,0,248,3.94,3.94,0.0,55.841409,0.0
2019-01-19,22,0,249,500.0,500.0,0.0,1422.149875,0.0
2019-01-19,22,0,251,646.93,646.93,0.0,3757.808712,0.0
2019-01-19,22,0,252,222.05,222.05,0.0,819.792409,0.0
2019-01-19,22,0,254,0.0,0.0,0.0,0.0,0.0
2019-01-19,22,0,255,0.0,0.0,0.0,0.0,0.0
2019-01-19,22,0,258,0.0,0.0,0.0,0.0,0.0
2019-01-19,22,0,260,0.0,0.0,0.0,0.0,0.0
2019-01-19,22,0,265,0.0,0.0,0.0,0.0,0.0
2019-01-19,22,0,266,32.14,32.14,0.0,390.317161,0.0
2019-01-19,22,0,267,39.5,39.5,0.0,479.699062,0.0
2019-01-19,22,0,270,124.37,124.37,0.0,1844.204905,0.0
2019-01-19,22,0,272,111.18,111.18,0.0,1048.692985,0.0
2019-01-19,22,0,273,0.0,0.0,0.0,0.0,0.0
2019-01-19,22,0,274,160.33,160.33,0.0,2377.433243,0.0
2019-01-19,22,0,275,223.19,223.19,0.0,3309.544849,0.0
2019-01-19,22,0,276,0.0,0.0,0.0,0.0,0.0
2019-01-19,22,0,277,0.0,0.0,0.0,0.0,0.0
2019-01-19,22,0,278,0.0,0.0,0.0,0.0,0.0
2019-01-19,22,0,279,46.16,46.16,0.0,444.601482,0.0
2019-01-19,22,0,281,0.0,0.0,0.0,0.0,0.0
2019-01-19,22,0,282,0.0,0.0,0.0,0.0,0.0
2019-01-19,23,0,9,0.0,0.0,0.0,0.0,0.0
2019-01-19,23,0,17,0.0,0.0,0.0,0.0,0.0
2019-01-19,23,0,19,643.3,643.3,0.0,618.295265,0.0
2019-01-19,23,0,20,780.2,780.2,0.0,749.874034,0.0
2019-01-19,23,0,21,0.0,0.0,0.0,0.0,0.0
2019-01-19,23,0,22,0.0,0.0,0.0,0.0,0.0
2019-01-19,23,0,23,6.2,6.2,0.0,71.414709,0.0
2019-01-19,23,0,24,10.98,10.98,0.0,126.473147,0.0
2019-01-19,23,0,29,0.0,0.0,0.0,0.0,0.0
2019-01-19,23,0,30,0.0,0.0,0.0,0.0,0.0
2019-01-19,23,0,31,0.0,0.0,0.0,0.0,0.0
2019-01-19,23,0,32,0.0,0.0,0.0,0.0,0.0
2019-01-19,23,0,33,0.0,0.0,0.0,0.0,0.0
2019-01-19,23,0,34,0.0,0.0,0.0,0.0,0.0
2019-01-19,23,0,35,0.0,0.0,0.0,0.0,0.0
2019-01-19,23,0,36,0.0,0.0,0.0,0.0,0.0
2019-01-19,23,0,37,0.0,0.0,0.0,0.0,0.0
2019-01-19,23,0,38,0.0,0.0,0.0,0.0,0.0
2019-01-19,23,0,39,0.0,0.0,0.0,0.0,0.0
2019-01-19,23,0,40,0.0,0.0,0.0,0.0,0.0
2019-01-19,23,0,41,27.25,27.25,0.0,334.876657,0.0
2019-01-19,23,0,42,0.0,0.0,0.0,0.0,0.0
2019-01-19,23,0,43,0.0,0.0,0.0,0.0,0.0
2019-01-19,23,0,46,0.0,0.0,0.0,0.0,0.0
2019-01-19,23,0,52,0.0,0.0,0.0,0.0,0.0
2019-01-19,23,0,53,0.0,0.0,0.0,0.0,0.0
2019-01-19,23,0,55,0.0,0.0,0.0,0.0,0.0
2019-01-19,23,0,56,0.0,0.0,0.0,0.0,0.0
2019-01-19,23,0,57,0.0,0.0,0.0,0.0,0.0
2019-01-19,23,0,58,0.0,0.0,0.0,0.0,0.0
2019-01-19,23,0,59,0.0,0.0,0.0,0.0,0.0
2019-01-19,23,0,63,75.47,75.47,0.0,1283.055117,0.0
2019-01-19,23,0,64,88.78,88.78,0.0,1509.336602,0.0
2019-01-19,23,0,65,25.15,25.15,0.0,110.265705,0.0
2019-01-19,23,0,67,0.0,0.0,0.0,0.0,0.0
2019-01-19,23,0,68,1.85,1.85,0.0,20.635282,0.0
2019-01-19,23,0,69,0.0,0.0,0.0,0.0,0.0
2019-01-19,23,0,74,9.94,9.94,0.0,140.160816,0.0
2019-01-19,23,0,77,37.09,37.09,0.0,386.690878,0.0
2019-01-19,23,0,78,28.04,28.04,0.0,292.337886,0.0
2019-01-19,23,0,79,16.23,16.23,0.0,169.209839,0.0
2019-01-19,23,0,80,26.24,26.24,0.0,273.571546,0.0
2019-01-19,23,0,81,34.3,34.3,0.0,357.603049,0.0
2019-01-19,23,0,82,24.2,24.2,0.0,252.303026,0.0
2019-01-19,23,0,83,53.96,53.96,0.0,562.573194,0.0
2019-01-19,23,0,84,0.0,0.0,0.0,0.0,0.0
2019-01-19,23,0,86,0.0,0.0,0.0,0.0,0.0
2019-01-19,23,0,87,0.0,0.0,0.0,0.0,0.0
2019-01-19,23,0,88,35.82,35.82,0.0,373.450182,0.0
2019-01-19,23,0,89,34.43,34.43,0.0,358.958396,0.0
2019-01-19,23,0,90,46.23,46.23,0.0,481.982186,0.0
2019-01-19,23,0,91,164.91,164.91,0.0,1719.309589,0.0
2019-01-19,23,0,92,59.31,59.31,0.0,618.350929,0.0
2019-01-19,23,0,95,120.0,120.0,0.0,2033.652891,0.0
2019-01-19,23,0,96,2.7,2.7,0.0,31.035187,0.0
2019-01-19,23,0,97,16.58,16.58,0.0,190.579037,0.0
2019-01-19,23,0,99,1.92,1.92,0.0,27.073316,0.0
2019-01-19,23,0,101,0.0,0.0,0.0,0.0,0.0
2019-01-19,23,0,102,4.38,4.38,0.0,48.855423,0.0
2019-01-19,23,0,103,3.81,3.81,0.0,42.497526,0.0
2019-01-19,23,0,104,0.71,0.71,0.0,7.919486,0.0
2019-01-19,23,0,106,0.0,0.0,0.0,0.0,0.0
2019-01-19,23,0,109,112.35,112.35,0.0,1393.209897,0.0
2019-01-19,23,0,110,37.01,37.01,0.0,557.601872,0.0
2019-01-19,23,0,111,0.0,0.0,0.0,0.0,0.0
2019-01-19,23,0,113,28.71,28.71,0.0,286.783708,0.0
2019-01-19,23,0,115,28.71,28.71,0.0,286.783708,0.0
2019-01-19,23,0,116,0.0,0.0,0.0,0.0,0.0
2019-01-19,23,0,117,1.91,1.91,0.0,19.078958,0.0
2019-01-19,23,0,119,88.78,88.78,0.0,1509.336602,0.0
2019-01-19,23,0,120,52.2,52.2,0.0,887.44504,0.0
2019-01-19,23,0,123,0.0,0.0,0.0,0.0,0.0
2019-01-19,23,0,125,9.93,9.93,0.0,114.37872,0.0
2019-01-19,23,0,126,0.0,0.0,0.0,0.0,0.0
2019-01-19,23,0,127,0.0,0.0,0.0,0.0,0.0
2019-01-19,23,0,128,14.23,14.23,0.0,163.908277,0.0
2019-01-19,23,0,131,6.14,6.14,0.0,66.907682,0.0
2019-01-19,23,0,132,9.02,9.02,0.0,98.29109,0.0
2019-01-19,23,0,133,139.8,139.8,0.0,89.2782,0.0
2019-01-19,23,0,134,0.0,0.0,0.0,0.0,0.0
2019-01-19,23,0,135,187.33,187.33,0.0,119.631511,0.0
2019-01-19,23,0,136,39.47,39.47,0.0,180.466652,0.0
2019-01-19,23,0,139,35.19,35.19,0.0,432.451727,0.0
2019-01-19,23,0,140,27.39,27.39,0.0,412.664558,0.0
2019-01-19,23,0,141,17.49,17.49,0.0,211.930068,0.0
2019-01-19,23,0,142,0.0,0.0,0.0,0.0,0.0
2019-01-19,23,0,143,0.0,0.0,0.0,0.0,0.0
2019-01-19,23,0,145,6.48,6.48,0.0,76.749419,0.0
2019-01-19,23,0,146,6.05,6.05,0.0,91.150806,0.0
2019-01-19,23,0,152,0.0,0.0,0.0,0.0,0.0
2019-01-19,23,0,153,0.0,0.0,0.0,0.0,0.0
2019-01-19,23,0,154,0.0,0.0,0.0,0.0,0.0
2019-01-19,23,0,157,32.23,32.23,0.0,390.537799,0.0
2019-01-19,23,0,158,0.0,0.0,0.0,0.0,0.0
2019-01-19,23,0,159,0.0,0.0,0.0,0.0,0.0
2019-01-19,23,0,160,0.0,0.0,0.0,0.0,0.0
2019-01-19,23,0,161,0.0,0.0,0.0,0.0,0.0
2019-01-19,23,0,162,48.75,48.75,0.0,826.321497,0.0
2019-01-19,23,0,163,35.92,35.92,0.0,541.179661,0.0
2019-01-19,23,0,164,0.0,0.0,0.0,0.0,0.0
2019-01-19,23,0,167,0.0,0.0,0.0,0.0,0.0
2019-01-19,23,0,168,0.0,0.0,0.0,0.0,0.0
2019-01-19,23,0,169,0.0,0.0,0.0,0.0,0.0
2019-01-19,23,0,170,0.0,0.0,0.0,0.0,0.0
2019-01-19,23,0,172,0.0,0.0,0.0,0.0,0.0
2019-01-19,23,0,173,0.0,0.0,0.0,0.0,0.0
2019-01-19,23,0,188,0.0,0.0,0.0,0.0,0.0
2019-01-19,23,0,190,0.0,0.0,0.0,0.0,0.0
2019-01-19,23,0,191,0.0,0.0,0.0,0.0,0.0
2019-01-19,23,0,192,49.31,49.31,0.0,838.312546,0.0
2019-01-19,23,0,194,118.4,118.4,0.0,1049.575483,0.0
2019-01-19,23,0,196,0.0,0.0,0.0,0.0,0.0
2019-01-19,23,0,198,0.0,0.0,0.0,0.0,0.0
2019-01-19,23,0,199,95.85,95.85,0.0,972.441091,0.0
2019-01-19,23,0,200,0.0,0.0,0.0,0.0,0.0
2019-01-19,23,0,204,644.0,644.0,0.0,7917.868594,0.0
2019-01-19,23,0,205,594.32,594.32,0.0,7369.937748,0.0
2019-01-19,23,0,206,48.71,48.71,0.0,559.897761,0.0
2019-01-19,23,0,210,0.0,0.0,0.0,0.0,0.0
2019-01-19,23,0,214,0.0,0.0,0.0,0.0,0.0
2019-01-19,23,0,217,0.0,0.0,0.0,0.0,0.0
2019-01-19,23,0,218,0.0,0.0,0.0,0.0,0.0
2019-01-19,23,0,219,0.0,0.0,0.0,0.0,0.0
2019-01-19,23,0,221,0.0,0.0,0.0,0.0,0.0
2019-01-19,23,0,225,0.0,0.0,0.0,0.0,0.0
2019-01-19,23,0,233,0.0,0.0,0.0,0.0,0.0
2019-01-19,23,0,236,26.54,26.54,0.0,376.725634,0.0
2019-01-19,23,0,237,23.85,23.85,0.0,336.301353,0.0
2019-01-19,23,0,238,0.0,0.0,0.0,0.0,0.0
2019-01-19,23,0,240,0.0,0.0,0.0,0.0,0.0
2019-01-19,23,0,245,260.0,260.0,0.0,935.68799,0.0
2019-01-19,23,0,247,99.1,99.1,0.0,356.641076,0.0
2019-01-19,23,0,248,2.39,2.39,0.0,33.700639,0.0
2019-01-19,23,0,249,500.0,500.0,0.0,1799.39998,0.0
2019-01-19,23,0,251,204.99,204.99,0.0,1300.806646,0.0
2019-01-19,23,0,252,162.23,162.23,0.0,711.268601,0.0
2019-01-19,23,0,254,0.0,0.0,0.0,0.0,0.0
2019-01-19,23,0,255,0.0,0.0,0.0,0.0,0.0
2019-01-19,23,0,258,0.0,0.0,0.0,0.0,0.0
2019-01-19,23,0,260,0.0,0.0,0.0,0.0,0.0
2019-01-19,23,0,265,0.0,0.0,0.0,0.0,0.0
2019-01-19,23,0,266,22.79,22.79,0.0,280.067487,0.0
2019-01-19,23,0,267,28.0,28.0,0.0,344.093446,0.0
2019-01-19,23,0,270,112.16,112.16,0.0,1689.830478,0.0
2019-01-19,23,0,272,95.96,95.96,0.0,958.54283,0.0
2019-01-19,23,0,273,0.0,0.0,0.0,0.0,0.0
2019-01-19,23,0,274,144.59,144.59,0.0,2178.428931,0.0
2019-01-19,23,0,275,201.28,201.28,0.0,3032.534582,0.0
2019-01-19,23,0,276,0.0,0.0,0.0,0.0,0.0
2019-01-19,23,0,277,0.0,0.0,0.0,0.0,0.0
2019-01-19,23,0,278,0.0,0.0,0.0,0.0,0.0
2019-01-19,23,0,279,40.8,40.8,0.0,414.694791,0.0
2019-01-19,23,0,281,0.0,0.0,0.0,0.0,0.0
2019-01-19,23,0,282,0.0,0.0,0.0,0.0,0.0
2019-01-20,0,0,9,0.0,0.0,0.0,0.0,0.0
2019-01-20,0,0,17,0.0,0.0,0.0,0.0,0.0
2019-01-20,0,0,19,643.3,643.3,0.0,373.891574,0.0
2019-01-20,0,0,20,780.2,780.2,0.0,453.459049,0.0
2019-01-20,0,0,21,0.0,0.0,0.0,0.0,0.0
2019-01-20,0,0,22,0.0,0.0,0.0,0.0,0.0
2019-01-20,0,0,23,7.26,7.26,0.0,90.152051,0.0
2019-01-20,0,0,24,12.84,12.84,0.0,159.442471,0.0
2019-01-20,0,0,29,0.0,0.0,0.0,0.0,0.0
2019-01-20,0,0,30,0.0,0.0,0.0,0.0,0.0
2019-01-20,0,0,31,0.0,0.0,0.0,0.0,0.0
2019-01-20,0,0,32,0.0,0.0,0.0,0.0,0.0
2019-01-20,0,0,33,0.0,0.0,0.0,0.0,0.0
2019-01-20,0,0,34,0.0,0.0,0.0,0.0,0.0
2019-01-20,0,0,35,0.0,0.0,0.0,0.0,0.0
2019-01-20,0,0,36,0.0,0.0,0.0,0.0,0.0
2019-01-20,0,0,37,0.0,0.0,0.0,0.0,0.0
2019-01-20,0,0,38,0.0,0.0,0.0,0.0,0.0
2019-01-20,0,0,39,0.0,0.0,0.0,0.0,0.0
2019-01-20,0,0,40,0.0,0.0,0.0,0.0,0.0
2019-01-20,0,0,41,18.67,18.67,0.0,245.5688,0.0
2019-01-20,0,0,42,0.0,0.0,0.0,0.0,0.0
2019-01-20,0,0,43,0.0,0.0,0.0,0.0,0.0
2019-01-20,0,0,46,0.0,0.0,0.0,0.0,0.0
2019-01-20,0,0,52,0.0,0.0,0.0,0.0,0.0
2019-01-20,0,0,53,0.0,0.0,0.0,0.0,0.0
2019-01-20,0,0,55,0.0,0.0,0.0,0.0,0.0
2019-01-20,0,0,56,0.0,0.0,0.0,0.0,0.0
2019-01-20,0,0,57,0.0,0.0,0.0,0.0,0.0
2019-01-20,0,0,58,0.0,0.0,0.0,0.0,0.0
2019-01-20,0,0,59,0.0,0.0,0.0,0.0,0.0
2019-01-20,0,0,63,58.76,58.76,0.0,1011.479636,0.0
2019-01-20,0,0,64,69.12,69.12,0.0,1189.814031,0.0
2019-01-20,0,0,65,18.16,18.16,0.0,79.642087,0.0
2019-01-20,0,0,67,0.0,0.0,0.0,0.0,0.0
2019-01-20,0,0,68,1.92,1.92,0.0,23.153493,0.0
2019-01-20,0,0,69,0.0,0.0,0.0,0.0,0.0
2019-01-20,0,0,74,5.64,5.64,0.0,84.488711,0.0
2019-01-20,0,0,77,37.32,37.32,0.0,426.195969,0.0
2019-01-20,0,0,78,28.22,28.22,0.0,322.273587,0.0
2019-01-20,0,0,79,16.33,16.33,0.0,186.489287,0.0
2019-01-20,0,0,80,26.41,26.41,0.0,301.60331,0.0
2019-01-20,0,0,81,34.52,34.52,0.0,394.219851,0.0
2019-01-20,0,0,82,24.35,24.35,0.0,278.078024,0.0
2019-01-20,0,0,83,54.3,54.3,0.0,620.108283,0.0
2019-01-20,0,0,84,0.0,0.0,0.0,0.0,0.0
2019-01-20,0,0,86,0.0,0.0,0.0,0.0,0.0
2019-01-20,0,0,87,0.0,0.0,0.0,0.0,0.0
2019-01-20,0,0,88,34.03,34.03,0.0,388.624031,0.0
2019-01-20,0,0,89,32.71,32.71,0.0,373.549575,0.0
2019-01-20,0,0,90,43.92,43.92,0.0,501.568247,0.0
2019-01-20,0,0,91,156.69,156.69,0.0,1789.406388,0.0
2019-01-20,0,0,92,56.35,56.35,0.0,643.519369,0.0
2019-01-20,0,0,95,67.44,67.44,0.0,1158.650514,0.0
2019-01-20,0,0,96,2.14,2.14,0.0,26.526597,0.0
2019-01-20,0,0,97,13.16,13.16,0.0,163.126176,0.0
2019-01-20,0,0,99,1.09,1.09,0.0,16.328492,0.0
2019-01-20,0,0,101,0.0,0.0,0.0,0.0,0.0
2019-01-20,0,0,102,4.55,4.55,0.0,54.868954,0.0
2019-01-20,0,0,103,3.96,3.96,0.0,47.754079,0.0
2019-01-20,0,0,104,0.74,0.74,0.0,8.923742,0.0
2019-01-20,0,0,106,0.0,0.0,0.0,0.0,0.0
2019-01-20,0,0,109,83.6,83.6,0.0,1103.934439,0.0
2019-01-20,0,0,110,27.49,27.49,0.0,426.199112,0.0
2019-01-20,0,0,111,0.0,0.0,0.0,0.0,0.0
2019-01-20,0,0,113,26.66,26.66,0.0,293.998334,0.0
2019-01-20,0,0,115,26.66,26.66,0.0,293.998334,0.0
2019-01-20,0,0,116,0.0,0.0,0.0,0.0,0.0
2019-01-20,0,0,117,1.78,1.78,0.0,19.629296,0.0
2019-01-20,0,0,119,69.12,69.12,0.0,1189.814031,0.0
2019-01-20,0,0,120,40.65,40.65,0.0,699.738721,0.0
2019-01-20,0,0,123,0.0,0.0,0.0,0.0,0.0
2019-01-20,0,0,125,11.62,11.62,0.0,144.292953,0.0
2019-01-20,0,0,126,0.0,0.0,0.0,0.0,0.0
2019-01-20,0,0,127,0.0,0.0,0.0,0.0,0.0
2019-01-20,0,0,128,16.64,16.64,0.0,206.629495,0.0
2019-01-20,0,0,131,6.16,6.16,0.0,72.889107,0.0
2019-01-20,0,0,132,9.05,9.05,0.0,107.085457,0.0
2019-01-20,0,0,133,139.8,139.8,0.0,71.981788,0.0
2019-01-20,0,0,134,0.0,0.0,0.0,0.0,0.0
2019-01-20,0,0,135,187.33,187.33,0.0,96.454566,0.0
2019-01-20,0,0,136,34.49,34.49,0.0,158.461878,0.0
2019-01-20,0,0,139,24.11,24.11,0.0,317.121787,0.0
2019-01-20,0,0,140,20.34,20.34,0.0,315.347033,0.0
2019-01-20,0,0,141,22.38,22.38,0.0,288.860207,0.0
2019-01-20,0,0,142,0.0,0.0,0.0,0.0,0.0
2019-01-20,0,0,143,4.98,4.98,0.0,61.786187,0.0
2019-01-20,0,0,145,5.57,5.57,0.0,70.789426,0.0
2019-01-20,0,0,146,11.15,11.15,0.0,172.867228,0.0
2019-01-20,0,0,152,0.0,0.0,0.0,0.0,0.0
2019-01-20,0,0,153,0.0,0.0,0.0,0.0,0.0
2019-01-20,0,0,154,0.0,0.0,0.0,0.0,0.0
2019-01-20,0,0,157,29.87,29.87,0.0,385.534154,0.0
2019-01-20,0,0,158,0.0,0.0,0.0,0.0,0.0
2019-01-20,0,0,159,0.0,0.0,0.0,0.0,0.0
2019-01-20,0,0,160,0.0,0.0,0.0,0.0,0.0
2019-01-20,0,0,161,0.0,0.0,0.0,0.0,0.0
2019-01-20,0,0,162,46.09,46.09,0.0,791.960167,0.0
2019-01-20,0,0,163,33.81,33.81,0.0,524.183048,0.0
2019-01-20,0,0,164,0.0,0.0,0.0,0.0,0.0
2019-01-20,0,0,167,0.0,0.0,0.0,0.0,0.0
2019-01-20,0,0,168,0.0,0.0,0.0,0.0,0.0
2019-01-20,0,0,169,0.0,0.0,0.0,0.0,0.0
2019-01-20,0,0,170,0.0,0.0,0.0,0.0,0.0
2019-01-20,0,0,172,0.0,0.0,0.0,0.0,0.0
2019-01-20,0,0,173,0.0,0.0,0.0,0.0,0.0
2019-01-20,0,0,188,0.0,0.0,0.0,0.0,0.0
2019-01-20,0,0,190,0.0,0.0,0.0,0.0,0.0
2019-01-20,0,0,191,0.0,0.0,0.0,0.0,0.0
2019-01-20,0,0,192,39.64,39.64,0.0,682.352838,0.0
2019-01-20,0,0,194,78.01,78.01,0.0,782.475055,0.0
2019-01-20,0,0,196,0.0,0.0,0.0,0.0,0.0
2019-01-20,0,0,198,0.0,0.0,0.0,0.0,0.0
2019-01-20,0,0,199,39.0,39.0,0.0,416.557694,0.0
2019-01-20,0,0,200,0.0,0.0,0.0,0.0,0.0
2019-01-20,0,0,204,430.64,430.64,0.0,5640.170077,0.0
2019-01-20,0,0,205,442.23,442.23,0.0,5839.628313,0.0
2019-01-20,0,0,206,38.68,38.68,0.0,479.462044,0.0
2019-01-20,0,0,210,0.0,0.0,0.0,0.0,0.0
2019-01-20,0,0,214,0.0,0.0,0.0,0.0,0.0
2019-01-20,0,0,217,0.0,0.0,0.0,0.0,0.0
2019-01-20,0,0,218,0.0,0.0,0.0,0.0,0.0
2019-01-20,0,0,219,0.0,0.0,0.0,0.0,0.0
2019-01-20,0,0,221,0.0,0.0,0.0,0.0,0.0
2019-01-20,0,0,225,0.0,0.0,0.0,0.0,0.0
2019-01-20,0,0,233,0.0,0.0,0.0,0.0,0.0
2019-01-20,0,0,236,15.63,15.63,0.0,235.380506,0.0
2019-01-20,0,0,237,13.52,13.52,0.0,202.533221,0.0
2019-01-20,0,0,238,0.0,0.0,0.0,0.0,0.0
2019-01-20,0,0,240,0.0,0.0,0.0,0.0,0.0
2019-01-20,0,0,245,164.49,164.49,0.0,599.284616,0.0
2019-01-20,0,0,247,69.54,69.54,0.0,253.354321,0.0
2019-01-20,0,0,248,1.36,1.36,0.0,20.373164,0.0
2019-01-20,0,0,249,308.16,308.16,0.0,1122.715954,0.0
2019-01-20,0,0,251,127.28,127.28,0.0,831.641982,0.0
2019-01-20,0,0,252,117.14,117.14,0.0,513.726544,0.0
2019-01-20,0,0,254,0.0,0.0,0.0,0.0,0.0
2019-01-20,0,0,255,0.0,0.0,0.0,0.0,0.0
2019-01-20,0,0,258,0.0,0.0,0.0,0.0,0.0
2019-01-20,0,0,260,0.0,0.0,0.0,0.0,0.0
2019-01-20,0,0,265,0.0,0.0,0.0,0.0,0.0
2019-01-20,0,0,266,15.61,15.61,0.0,205.320245,0.0
2019-01-20,0,0,267,19.18,19.18,0.0,252.276892,0.0
2019-01-20,0,0,270,105.6,105.6,0.0,1637.199937,0.0
2019-01-20,0,0,272,89.09,89.09,0.0,982.457298,0.0
2019-01-20,0,0,273,0.0,0.0,0.0,0.0,0.0
2019-01-20,0,0,274,136.13,136.13,0.0,2110.530563,0.0
2019-01-20,0,0,275,189.5,189.5,0.0,2937.96769,0.0
2019-01-20,0,0,276,0.0,0.0,0.0,0.0,0.0
2019-01-20,0,0,277,0.0,0.0,0.0,0.0,0.0
2019-01-20,0,0,278,0.0,0.0,0.0,0.0,0.0
2019-01-20,0,0,279,39.26,39.26,0.0,439.122822,0.0
2019-01-20,0,0,281,0.0,0.0,0.0,0.0,0.0
2019-01-20,0,0,282,0.0,0.0,0.0,0.0,0.0
2019-01-20,1,0,9,0.0,0.0,0.0,0.0,0.0
2019-01-20,1,0,17,0.0,0.0,0.0,0.0,0.0
2019-01-20,1,0,19,643.3,643.3,0.0,409.42629,0.0
2019-01-20,1,0,20,780.2,780.2,0.0,496.55587,0.0
2019-01-20,1,0,21,0.0,0.0,0.0,0.0,0.0
2019-01-20,1,0,22,0.0,0.0,0.0,0.0,0.0
2019-01-20,1,0,23,10.13,10.13,0.0,130.885713,0.0
2019-01-20,1,0,24,17.92,17.92,0.0,231.537214,0.0
2019-01-20,1,0,29,0.0,0.0,0.0,0.0,0.0
2019-01-20,1,0,30,0.0,0.0,0.0,0.0,0.0
2019-01-20,1,0,31,2.77,2.77,0.0,35.753997,0.0
2019-01-20,1,0,32,0.0,0.0,0.0,0.0,0.0
2019-01-20,1,0,33,0.0,0.0,0.0,0.0,0.0
2019-01-20,1,0,34,0.0,0.0,0.0,0.0,0.0
2019-01-20,1,0,35,0.0,0.0,0.0,0.0,0.0
2019-01-20,1,0,36,0.0,0.0,0.0,0.0,0.0
2019-01-20,1,0,37,0.0,0.0,0.0,0.0,0.0
2019-01-20,1,0,38,0.0,0.0,0.0,0.0,0.0
2019-01-20,1,0,39,0.0,0.0,0.0,0.0,0.0
2019-01-20,1,0,40,0.0,0.0,0.0,0.0,0.0
2019-01-20,1,0,41,12.37,12.37,0.0,170.635079,0.0
2019-01-20,1,0,42,0.0,0.0,0.0,0.0,0.0
2019-01-20,1,0,43,0.0,0.0,0.0,0.0,0.0
2019-01-20,1,0,46,0.0,0.0,0.0,0.0,0.0
2019-01-20,1,0,52,2.95,2.95,0.0,38.077362,0.0
2019-01-20,1,0,53,4.82,4.82,0.0,62.214537,0.0
2019-01-20,1,0,55,23.67,23.67,0.0,305.830684,0.0
2019-01-20,1,0,56,0.0,0.0,0.0,0.0,0.0
2019-01-20,1,0,57,0.0,0.0,0.0,0.0,0.0
2019-01-20,1,0,58,0.0,0.0,0.0,0.0,0.0
2019-01-20,1,0,59,0.0,0.0,0.0,0.0,0.0
2019-01-20,1,0,63,44.79,44.79,0.0,772.553239,0.0
2019-01-20,1,0,64,52.69,52.69,0.0,908.815141,0.0
2019-01-20,1,0,65,13.03,13.03,0.0,60.248315,0.0
2019-01-20,1,0,67,0.0,0.0,0.0,0.0,0.0
2019-01-20,1,0,68,2.16,2.16,0.0,26.581545,0.0
2019-01-20,1,0,69,0.0,0.0,0.0,0.0,0.0
2019-01-20,1,0,74,2.87,2.87,0.0,45.645181,0.0
2019-01-20,1,0,77,41.07,41.07,0.0,480.981957,0.0
2019-01-20,1,0,78,31.05,31.05,0.0,363.635008,0.0
2019-01-20,1,0,79,17.97,17.97,0.0,210.451565,0.0
2019-01-20,1,0,80,29.06,29.06,0.0,340.329576,0.0
2019-01-20,1,0,81,37.99,37.99,0.0,444.911238,0.0
2019-01-20,1,0,82,26.8,26.8,0.0,313.8621,0.0
2019-01-20,1,0,83,59.76,59.76,0.0,699.865638,0.0
2019-01-20,1,0,84,0.0,0.0,0.0,0.0,0.0
2019-01-20,1,0,86,0.0,0.0,0.0,0.0,0.0
2019-01-20,1,0,87,0.0,0.0,0.0,0.0,0.0
2019-01-20,1,0,88,35.63,35.63,0.0,417.272635,0.0
2019-01-20,1,0,89,34.25,34.25,0.0,401.111079,0.0
2019-01-20,1,0,90,45.98,45.98,0.0,538.484304,0.0
2019-01-20,1,0,91,164.04,164.04,0.0,1921.117122,0.0
2019-01-20,1,0,92,59.0,59.0,0.0,690.965071,0.0
2019-01-20,1,0,95,88.63,88.63,0.0,1524.650546,0.0
2019-01-20,1,0,96,2.05,2.05,0.0,26.432638,0.0
2019-01-20,1,0,97,12.58,12.58,0.0,162.206141,0.0
2019-01-20,1,0,99,0.55,0.55,0.0,8.747334,0.0
2019-01-20,1,0,101,0.0,0.0,0.0,0.0,0.0
2019-01-20,1,0,102,5.12,5.12,0.0,63.008107,0.0
2019-01-20,1,0,103,4.45,4.45,0.0,54.762906,0.0
2019-01-20,1,0,104,0.83,0.83,0.0,10.214205,0.0
2019-01-20,1,0,106,0.0,0.0,0.0,0.0,0.0
2019-01-20,1,0,109,60.48,60.48,0.0,839.788866,0.0
2019-01-20,1,0,110,20.32,20.32,0.0,317.098063,0.0
2019-01-20,1,0,111,0.0,0.0,0.0,0.0,0.0
2019-01-20,1,0,113,15.19,15.19,0.0,171.336807,0.0
2019-01-20,1,0,115,15.19,15.19,0.0,171.336807,0.0
2019-01-20,1,0,116,0.0,0.0,0.0,0.0,0.0
2019-01-20,1,0,117,1.04,1.04,0.0,11.730762,0.0
2019-01-20,1,0,119,52.69,52.69,0.0,908.815141,0.0
2019-01-20,1,0,120,30.98,30.98,0.0,534.353636,0.0
2019-01-20,1,0,123,0.0,0.0,0.0,0.0,0.0
2019-01-20,1,0,125,16.22,16.22,0.0,209.572188,0.0
2019-01-20,1,0,126,0.0,0.0,0.0,0.0,0.0
2019-01-20,1,0,127,0.0,0.0,0.0,0.0,0.0
2019-01-20,1,0,128,23.23,23.23,0.0,300.145618,0.0
2019-01-20,1,0,131,6.55,6.55,0.0,79.185491,0.0
2019-01-20,1,0,132,9.63,9.63,0.0,116.420806,0.0
2019-01-20,1,0,133,139.8,139.8,0.0,36.456494,0.0
2019-01-20,1,0,134,0.0,0.0,0.0,0.0,0.0
2019-01-20,1,0,135,187.32,187.32,0.0,48.848572,0.0
2019-01-20,1,0,136,30.84,30.84,0.0,149.349297,0.0
2019-01-20,1,0,139,15.98,15.98,0.0,220.432381,0.0
2019-01-20,1,0,140,15.04,15.04,0.0,234.702504,0.0
2019-01-20,1,0,141,32.48,32.48,0.0,426.08421,0.0
2019-01-20,1,0,142,0.0,0.0,0.0,0.0,0.0
2019-01-20,1,0,143,11.44,11.44,0.0,147.662719,0.0
2019-01-20,1,0,145,5.14,5.14,0.0,68.244315,0.0
2019-01-20,1,0,146,20.48,20.48,0.0,319.594898,0.0
2019-01-20,1,0,152,0.0,0.0,0.0,0.0,0.0
2019-01-20,1,0,153,0.0,0.0,0.0,0.0,0.0
2019-01-20,1,0,154,0.0,0.0,0.0,0.0,0.0
2019-01-20,1,0,157,28.3,28.3,0.0,371.249481,0.0
2019-01-20,1,0,158,0.0,0.0,0.0,0.0,0.0
2019-01-20,1,0,159,0.0,0.0,0.0,0.0,0.0
2019-01-20,1,0,160,0.0,0.0,0.0,0.0,0.0
2019-01-20,1,0,161,0.0,0.0,0.0,0.0,0.0
2019-01-20,1,0,162,32.08,32.08,0.0,551.937302,0.0
2019-01-20,1,0,163,33.36,33.36,0.0,520.590128,0.0
2019-01-20,1,0,164,0.0,0.0,0.0,0.0,0.0
2019-01-20,1,0,167,0.0,0.0,0.0,0.0,0.0
2019-01-20,1,0,168,0.0,0.0,0.0,0.0,0.0
2019-01-20,1,0,169,0.0,0.0,0.0,0.0,0.0
2019-01-20,1,0,170,0.0,0.0,0.0,0.0,0.0
2019-01-20,1,0,172,0.0,0.0,0.0,0.0,0.0
2019-01-20,1,0,173,0.0,0.0,0.0,0.0,0.0
2019-01-20,1,0,188,0.0,0.0,0.0,0.0,0.0
2019-01-20,1,0,190,0.0,0.0,0.0,0.0,0.0
2019-01-20,1,0,191,0.0,0.0,0.0,0.0,0.0
2019-01-20,1,0,192,31.93,31.93,0.0,550.739561,0.0
2019-01-20,1,0,194,49.53,49.53,0.0,508.788146,0.0
2019-01-20,1,0,196,0.0,0.0,0.0,0.0,0.0
2019-01-20,1,0,198,0.0,0.0,0.0,0.0,0.0
2019-01-20,1,0,199,95.96,95.96,0.0,1026.238446,0.0
2019-01-20,1,0,200,0.0,0.0,0.0,0.0,0.0
2019-01-20,1,0,204,272.61,272.61,0.0,3751.232183,0.0
2019-01-20,1,0,205,319.96,319.96,0.0,4442.77192,0.0
2019-01-20,1,0,206,36.96,36.96,0.0,476.561125,0.0
2019-01-20,1,0,210,0.0,0.0,0.0,0.0,0.0
2019-01-20,1,0,214,0.0,0.0,0.0,0.0,0.0
2019-01-20,1,0,217,0.0,0.0,0.0,0.0,0.0
2019-01-20,1,0,218,0.0,0.0,0.0,0.0,0.0
2019-01-20,1,0,219,0.0,0.0,0.0,0.0,0.0
2019-01-20,1,0,221,0.0,0.0,0.0,0.0,0.0
2019-01-20,1,0,225,0.0,0.0,0.0,0.0,0.0
2019-01-20,1,0,233,0.0,0.0,0.0,0.0,0.0
2019-01-20,1,0,236,9.28,9.28,0.0,148.785589,0.0
2019-01-20,1,0,237,6.88,6.88,0.0,109.4212,0.0
2019-01-20,1,0,238,0.0,0.0,0.0,0.0,0.0
2019-01-20,1,0,240,0.0,0.0,0.0,0.0,0.0
2019-01-20,1,0,245,73.67,73.67,0.0,273.797777,0.0
2019-01-20,1,0,247,49.25,49.25,0.0,183.039779,0.0
2019-01-20,1,0,248,0.69,0.69,0.0,10.973928,0.0
2019-01-20,1,0,249,141.68,141.68,0.0,526.559916,0.0
2019-01-20,1,0,251,72.98,72.98,0.0,504.043947,0.0
2019-01-20,1,0,252,84.06,84.06,0.0,388.677925,0.0
2019-01-20,1,0,254,0.0,0.0,0.0,0.0,0.0
2019-01-20,1,0,255,0.0,0.0,0.0,0.0,0.0
2019-01-20,1,0,258,0.0,0.0,0.0,0.0,0.0
2019-01-20,1,0,260,0.0,0.0,0.0,0.0,0.0
2019-01-20,1,0,265,0.0,0.0,0.0,0.0,0.0
2019-01-20,1,0,266,10.35,10.35,0.0,142.77066,0.0
2019-01-20,1,0,267,12.71,12.71,0.0,175.325129,0.0
2019-01-20,1,0,270,104.18,104.18,0.0,1625.751783,0.0
2019-01-20,1,0,272,50.68,50.68,0.0,571.649071,0.0
2019-01-20,1,0,273,0.0,0.0,0.0,0.0,0.0
2019-01-20,1,0,274,134.29,134.29,0.0,2095.624947,0.0
2019-01-20,1,0,275,186.94,186.94,0.0,2917.239762,0.0
2019-01-20,1,0,276,0.0,0.0,0.0,0.0,0.0
2019-01-20,1,0,277,0.0,0.0,0.0,0.0,0.0
2019-01-20,1,0,278,0.0,0.0,0.0,0.0,0.0
2019-01-20,1,0,279,41.9,41.9,0.0,479.866116,0.0
2019-01-20,1,0,281,1.14,1.14,0.0,14.714642,0.0
2019-01-20,1,0,282,0.0,0.0,0.0,0.0,0.0
2019-01-20,2,0,9,0.0,0.0,0.0,0.0,0.0
2019-01-20,2,0,17,0.0,0.0,0.0,0.0,0.0
2019-01-20,2,0,19,643.3,643.3,0.0,387.519449,0.0
2019-01-20,2,0,20,780.2,780.2,0.0,469.987058,0.0
2019-01-20,2,0,21,0.0,0.0,0.0,0.0,0.0
2019-01-20,2,0,22,0.0,0.0,0.0,0.0,0.0
2019-01-20,2,0,23,15.23,15.23,0.0,205.09606,0.0
2019-01-20,2,0,24,26.94,26.94,0.0,362.789748,0.0
2019-01-20,2,0,29,0.0,0.0,0.0,0.0,0.0
2019-01-20,2,0,30,0.0,0.0,0.0,0.0,0.0
2019-01-20,2,0,31,0.85,0.85,0.0,11.437543,0.0
2019-01-20,2,0,32,0.0,0.0,0.0,0.0,0.0
2019-01-20,2,0,33,0.0,0.0,0.0,0.0,0.0
2019-01-20,2,0,34,0.0,0.0,0.0,0.0,0.0
2019-01-20,2,0,35,0.0,0.0,0.0,0.0,0.0
2019-01-20,2,0,36,0.0,0.0,0.0,0.0,0.0
2019-01-20,2,0,37,0.0,0.0,0.0,0.0,0.0
2019-01-20,2,0,38,0.0,0.0,0.0,0.0,0.0
2019-01-20,2,0,39,0.0,0.0,0.0,0.0,0.0
2019-01-20,2,0,40,0.0,0.0,0.0,0.0,0.0
2019-01-20,2,0,41,7.0,7.0,0.0,99.533954,0.0
2019-01-20,2,0,42,0.0,0.0,0.0,0.0,0.0
2019-01-20,2,0,43,0.0,0.0,0.0,0.0,0.0
2019-01-20,2,0,46,0.0,0.0,0.0,0.0,0.0
2019-01-20,2,0,52,0.9,0.9,0.0,12.110339,0.0
2019-01-20,2,0,53,1.43,1.43,0.0,19.241983,0.0
2019-01-20,2,0,55,20.05,20.05,0.0,270.004991,0.0
2019-01-20,2,0,56,0.0,0.0,0.0,0.0,0.0
2019-01-20,2,0,57,0.0,0.0,0.0,0.0,0.0
2019-01-20,2,0,58,0.0,0.0,0.0,0.0,0.0
2019-01-20,2,0,59,0.0,0.0,0.0,0.0,0.0
2019-01-20,2,0,63,31.86,31.86,0.0,542.976975,0.0
2019-01-20,2,0,64,37.49,37.49,0.0,638.926767,0.0
2019-01-20,2,0,65,11.58,11.58,0.0,53.834658,0.0
2019-01-20,2,0,67,0.0,0.0,0.0,0.0,0.0
2019-01-20,2,0,68,1.79,1.79,0.0,23.226184,0.0
2019-01-20,2,0,69,0.0,0.0,0.0,0.0,0.0
2019-01-20,2,0,74,2.28,2.28,0.0,36.871012,0.0
2019-01-20,2,0,77,34.86,34.86,0.0,435.257464,0.0
2019-01-20,2,0,78,26.35,26.35,0.0,329.002702,0.0
2019-01-20,2,0,79,15.25,15.25,0.0,190.409533,0.0
2019-01-20,2,0,80,24.66,24.66,0.0,307.90158,0.0
2019-01-20,2,0,81,32.24,32.24,0.0,402.544482,0.0
2019-01-20,2,0,82,22.74,22.74,0.0,283.928707,0.0
2019-01-20,2,0,83,50.71,50.71,0.0,633.15852,0.0
2019-01-20,2,0,84,0.0,0.0,0.0,0.0,0.0
2019-01-20,2,0,86,0.0,0.0,0.0,0.0,0.0
2019-01-20,2,0,87,0.0,0.0,0.0,0.0,0.0
2019-01-20,2,0,88,27.36,27.36,0.0,341.613431,0.0
2019-01-20,2,0,89,26.3,26.3,0.0,328.378408,0.0
2019-01-20,2,0,90,35.32,35.32,0.0,441.000965,0.0
2019-01-20,2,0,91,125.99,125.99,0.0,1573.094891,0.0
2019-01-20,2,0,92,45.31,45.31,0.0,565.734816,0.0
2019-01-20,2,0,95,36.0,36.0,0.0,612.958558,0.0
2019-01-20,2,0,96,2.71,2.71,0.0,36.435412,0.0
2019-01-20,2,0,97,16.66,16.66,0.0,223.990395,0.0
2019-01-20,2,0,99,0.44,0.44,0.0,7.115458,0.0
2019-01-20,2,0,101,0.0,0.0,0.0,0.0,0.0
2019-01-20,2,0,102,4.23,4.23,0.0,54.886456,0.0
2019-01-20,2,0,103,3.68,3.68,0.0,47.749919,0.0
2019-01-20,2,0,104,0.68,0.68,0.0,8.823355,0.0
2019-01-20,2,0,106,0.0,0.0,0.0,0.0,0.0
2019-01-20,2,0,109,55.24,55.24,0.0,785.741694,0.0
2019-01-20,2,0,110,8.62,8.62,0.0,135.209579,0.0
2019-01-20,2,0,111,0.0,0.0,0.0,0.0,0.0
2019-01-20,2,0,113,12.6,12.6,0.0,152.8895,0.0
2019-01-20,2,0,115,12.6,12.6,0.0,152.8895,0.0
2019-01-20,2,0,116,0.0,0.0,0.0,0.0,0.0
2019-01-20,2,0,117,0.67,0.67,0.0,8.129838,0.0
2019-01-20,2,0,119,37.49,37.49,0.0,638.926767,0.0
2019-01-20,2,0,120,22.04,22.04,0.0,375.618724,0.0
2019-01-20,2,0,123,0.0,0.0,0.0,0.0,0.0
2019-01-20,2,0,125,24.38,24.38,0.0,328.315295,0.0
2019-01-20,2,0,126,0.0,0.0,0.0,0.0,0.0
2019-01-20,2,0,127,0.0,0.0,0.0,0.0,0.0
2019-01-20,2,0,128,34.92,34.92,0.0,470.253081,0.0
2019-01-20,2,0,131,5.83,5.83,0.0,74.608579,0.0
2019-01-20,2,0,132,8.56,8.56,0.0,109.545358,0.0
2019-01-20,2,0,133,139.8,139.8,0.0,30.916386,0.0
2019-01-20,2,0,134,0.0,0.0,0.0,0.0,0.0
2019-01-20,2,0,135,187.33,187.33,0.0,41.427515,0.0
2019-01-20,2,0,136,29.39,29.39,0.0,143.161076,0.0
2019-01-20,2,0,139,9.05,9.05,0.0,128.683183,0.0
2019-01-20,2,0,140,6.38,6.38,0.0,100.073911,0.0
2019-01-20,2,0,141,40.92,40.92,0.0,558.2568,0.0
2019-01-20,2,0,142,0.0,0.0,0.0,0.0,0.0
2019-01-20,2,0,143,4.34,4.34,0.0,58.398747,0.0
2019-01-20,2,0,145,4.66,4.66,0.0,64.064473,0.0
2019-01-20,2,0,146,25.23,25.23,0.0,395.74683,0.0
2019-01-20,2,0,152,0.0,0.0,0.0,0.0,0.0
2019-01-20,2,0,153,0.0,0.0,0.0,0.0,0.0
2019-01-20,2,0,154,0.0,0.0,0.0,0.0,0.0
2019-01-20,2,0,157,27.42,27.42,0.0,374.08117,0.0
2019-01-20,2,0,158,0.0,0.0,0.0,0.0,0.0
2019-01-20,2,0,159,0.0,0.0,0.0,0.0,0.0
2019-01-20,2,0,160,0.0,0.0,0.0,0.0,0.0
2019-01-20,2,0,161,0.0,0.0,0.0,0.0,0.0
2019-01-20,2,0,162,22.54,22.54,0.0,383.819112,0.0
2019-01-20,2,0,163,21.59,21.59,0.0,338.65137,0.0
2019-01-20,2,0,164,0.0,0.0,0.0,0.0,0.0
2019-01-20,2,0,167,0.0,0.0,0.0,0.0,0.0
2019-01-20,2,0,168,0.0,0.0,0.0,0.0,0.0
2019-01-20,2,0,169,0.0,0.0,0.0,0.0,0.0
2019-01-20,2,0,170,0.0,0.0,0.0,0.0,0.0
2019-01-20,2,0,172,0.0,0.0,0.0,0.0,0.0
2019-01-20,2,0,173,0.0,0.0,0.0,0.0,0.0
2019-01-20,2,0,188,0.0,0.0,0.0,0.0,0.0
2019-01-20,2,0,190,0.0,0.0,0.0,0.0,0.0
2019-01-20,2,0,191,0.0,0.0,0.0,0.0,0.0
2019-01-20,2,0,192,19.84,19.84,0.0,338.125022,0.0
2019-01-20,2,0,194,37.07,37.07,0.0,419.235567,0.0
2019-01-20,2,0,196,0.0,0.0,0.0,0.0,0.0
2019-01-20,2,0,198,0.0,0.0,0.0,0.0,0.0
2019-01-20,2,0,199,33.14,33.14,0.0,367.037645,0.0
2019-01-20,2,0,200,0.0,0.0,0.0,0.0,0.0
2019-01-20,2,0,204,257.38,257.38,0.0,3631.021004,0.0
2019-01-20,2,0,205,271.2,271.2,0.0,3857.587753,0.0
2019-01-20,2,0,206,48.95,48.95,0.0,658.12304,0.0
2019-01-20,2,0,210,0.0,0.0,0.0,0.0,0.0
2019-01-20,2,0,214,0.0,0.0,0.0,0.0,0.0
2019-01-20,2,0,217,0.0,0.0,0.0,0.0,0.0
2019-01-20,2,0,218,0.0,0.0,0.0,0.0,0.0
2019-01-20,2,0,219,0.0,0.0,0.0,0.0,0.0
2019-01-20,2,0,221,0.0,0.0,0.0,0.0,0.0
2019-01-20,2,0,225,0.0,0.0,0.0,0.0,0.0
2019-01-20,2,0,233,0.0,0.0,0.0,0.0,0.0
2019-01-20,2,0,236,10.3,10.3,0.0,167.437582,0.0
2019-01-20,2,0,237,5.47,5.47,0.0,88.458086,0.0
2019-01-20,2,0,238,0.0,0.0,0.0,0.0,0.0
2019-01-20,2,0,240,0.0,0.0,0.0,0.0,0.0
2019-01-20,2,0,245,74.86,74.86,0.0,278.116332,0.0
2019-01-20,2,0,247,48.96,48.96,0.0,181.893877,0.0
2019-01-20,2,0,248,0.55,0.55,0.0,8.894323,0.0
2019-01-20,2,0,249,143.95,143.95,0.0,534.796233,0.0
2019-01-20,2,0,251,68.58,68.58,0.0,477.915801,0.0
2019-01-20,2,0,252,74.71,74.71,0.0,347.321877,0.0
2019-01-20,2,0,254,0.0,0.0,0.0,0.0,0.0
2019-01-20,2,0,255,0.0,0.0,0.0,0.0,0.0
2019-01-20,2,0,258,0.0,0.0,0.0,0.0,0.0
2019-01-20,2,0,260,0.0,0.0,0.0,0.0,0.0
2019-01-20,2,0,265,0.0,0.0,0.0,0.0,0.0
2019-01-20,2,0,266,5.86,5.86,0.0,83.324138,0.0
2019-01-20,2,0,267,7.2,7.2,0.0,102.377781,0.0
2019-01-20,2,0,270,67.42,67.42,0.0,1057.520859,0.0
2019-01-20,2,0,272,54.35,54.35,0.0,659.487643,0.0
2019-01-20,2,0,273,0.0,0.0,0.0,0.0,0.0
2019-01-20,2,0,274,86.91,86.91,0.0,1363.23254,0.0
2019-01-20,2,0,275,120.98,120.98,0.0,1897.639773,0.0
2019-01-20,2,0,276,0.0,0.0,0.0,0.0,0.0
2019-01-20,2,0,277,0.0,0.0,0.0,0.0,0.0
2019-01-20,2,0,278,0.0,0.0,0.0,0.0,0.0
2019-01-20,2,0,279,32.52,32.52,0.0,399.187002,0.0
2019-01-20,2,0,281,0.38,0.38,0.0,5.113254,0.0
2019-01-20,2,0,282,0.0,0.0,0.0,0.0,0.0
2019-01-20,3,0,9,0.0,0.0,0.0,0.0,0.0
2019-01-20,3,0,17,0.0,0.0,0.0,0.0,0.0
2019-01-20,3,0,19,643.3,643.3,0.0,254.173773,0.0
2019-01-20,3,0,20,780.2,780.2,0.0,308.264228,0.0
2019-01-20,3,0,21,0.0,0.0,0.0,0.0,0.0
2019-01-20,3,0,22,0.0,0.0,0.0,0.0,0.0
2019-01-20,3,0,23,22.19,22.19,0.0,298.669861,0.0
2019-01-20,3,0,24,39.26,39.26,0.0,528.426261,0.0
2019-01-20,3,0,29,0.0,0.0,0.0,0.0,0.0
2019-01-20,3,0,30,0.0,0.0,0.0,0.0,0.0
2019-01-20,3,0,31,3.61,3.61,0.0,48.575916,0.0
2019-01-20,3,0,32,0.0,0.0,0.0,0.0,0.0
2019-01-20,3,0,33,0.0,0.0,0.0,0.0,0.0
2019-01-20,3,0,34,0.0,0.0,0.0,0.0,0.0
2019-01-20,3,0,35,0.0,0.0,0.0,0.0,0.0
2019-01-20,3,0,36,0.0,0.0,0.0,0.0,0.0
2019-01-20,3,0,37,0.0,0.0,0.0,0.0,0.0
2019-01-20,3,0,38,0.0,0.0,0.0,0.0,0.0
2019-01-20,3,0,39,0.0,0.0,0.0,0.0,0.0
2019-01-20,3,0,40,0.0,0.0,0.0,0.0,0.0
2019-01-20,3,0,41,7.59,7.59,0.0,104.773933,0.0
2019-01-20,3,0,42,0.0,0.0,0.0,0.0,0.0
2019-01-20,3,0,43,0.0,0.0,0.0,0.0,0.0
2019-01-20,3,0,46,0.0,0.0,0.0,0.0,0.0
2019-01-20,3,0,52,3.82,3.82,0.0,51.401662,0.0
2019-01-20,3,0,53,6.07,6.07,0.0,81.67751,0.0
2019-01-20,3,0,55,59.17,59.17,0.0,796.408096,0.0
2019-01-20,3,0,56,0.0,0.0,0.0,0.0,0.0
2019-01-20,3,0,57,0.0,0.0,0.0,0.0,0.0
2019-01-20,3,0,58,0.0,0.0,0.0,0.0,0.0
2019-01-20,3,0,59,0.0,0.0,0.0,0.0,0.0
2019-01-20,3,0,63,22.42,22.42,0.0,378.066023,0.0
2019-01-20,3,0,64,26.38,26.38,0.0,444.843073,0.0
2019-01-20,3,0,65,10.26,10.26,0.0,50.512338,0.0
2019-01-20,3,0,67,0.0,0.0,0.0,0.0,0.0
2019-01-20,3,0,68,1.55,1.55,0.0,21.022666,0.0
2019-01-20,3,0,69,0.0,0.0,0.0,0.0,0.0
2019-01-20,3,0,74,4.54,4.54,0.0,67.928558,0.0
2019-01-20,3,0,77,31.12,31.12,0.0,408.733448,0.0
2019-01-20,3,0,78,23.52,23.52,0.0,308.914226,0.0
2019-01-20,3,0,79,13.61,13.61,0.0,178.755213,0.0
2019-01-20,3,0,80,22.01,22.01,0.0,289.081722,0.0
2019-01-20,3,0,81,28.78,28.78,0.0,377.999635,0.0
2019-01-20,3,0,82,20.3,20.3,0.0,266.622397,0.0
2019-01-20,3,0,83,45.27,45.27,0.0,594.58108,0.0
2019-01-20,3,0,84,0.0,0.0,0.0,0.0,0.0
2019-01-20,3,0,86,0.0,0.0,0.0,0.0,0.0
2019-01-20,3,0,87,0.0,0.0,0.0,0.0,0.0
2019-01-20,3,0,88,21.91,21.91,0.0,287.768311,0.0
2019-01-20,3,0,89,21.06,21.06,0.0,276.604319,0.0
2019-01-20,3,0,90,28.27,28.27,0.0,371.30124,0.0
2019-01-20,3,0,91,100.86,100.86,0.0,1324.706156,0.0
2019-01-20,3,0,92,36.27,36.27,0.0,476.374105,0.0
2019-01-20,3,0,95,30.07,30.07,0.0,508.280925,0.0
2019-01-20,3,0,96,3.66,3.66,0.0,49.234454,0.0
2019-01-20,3,0,97,22.5,22.5,0.0,302.670825,0.0
2019-01-20,3,0,99,0.88,0.88,0.0,13.166769,0.0
2019-01-20,3,0,101,0.0,0.0,0.0,0.0,0.0
2019-01-20,3,0,102,3.67,3.67,0.0,49.776247,0.0
2019-01-20,3,0,103,3.19,3.19,0.0,43.266003,0.0
2019-01-20,3,0,104,0.59,0.59,0.0,8.002176,0.0
2019-01-20,3,0,106,0.0,0.0,0.0,0.0,0.0
2019-01-20,3,0,109,57.16,57.16,0.0,780.694292,0.0
2019-01-20,3,0,110,6.79,6.79,0.0,107.025069,0.0
2019-01-20,3,0,111,0.0,0.0,0.0,0.0,0.0
2019-01-20,3,0,113,8.51,8.51,0.0,110.223997,0.0
2019-01-20,3,0,115,8.51,8.51,0.0,110.223997,0.0
2019-01-20,3,0,116,0.0,0.0,0.0,0.0,0.0
2019-01-20,3,0,117,0.44,0.44,0.0,5.699008,0.0
2019-01-20,3,0,119,26.38,26.38,0.0,444.843073,0.0
2019-01-20,3,0,120,15.51,15.51,0.0,261.543444,0.0
2019-01-20,3,0,123,0.0,0.0,0.0,0.0,0.0
2019-01-20,3,0,125,35.53,35.53,0.0,478.221728,0.0
2019-01-20,3,0,126,0.0,0.0,0.0,0.0,0.0
2019-01-20,3,0,127,0.0,0.0,0.0,0.0,0.0
2019-01-20,3,0,128,50.89,50.89,0.0,684.962109,0.0
2019-01-20,3,0,131,5.35,5.35,0.0,71.788608,0.0
2019-01-20,3,0,132,7.87,7.87,0.0,105.603055,0.0
2019-01-20,3,0,133,78.86,78.86,0.0,280.548035,0.0
2019-01-20,3,0,134,0.0,0.0,0.0,0.0,0.0
2019-01-20,3,0,135,105.53,105.53,0.0,375.427772,0.0
2019-01-20,3,0,136,28.1,28.1,0.0,145.327988,0.0
2019-01-20,3,0,139,9.8,9.8,0.0,135.281231,0.0
2019-01-20,3,0,140,5.02,5.02,0.0,79.126045,0.0
2019-01-20,3,0,141,50.46,50.46,0.0,711.706194,0.0
2019-01-20,3,0,142,0.0,0.0,0.0,0.0,0.0
2019-01-20,3,0,143,4.59,4.59,0.0,61.76273,0.0
2019-01-20,3,0,145,4.75,4.75,0.0,64.295528,0.0
2019-01-20,3,0,146,32.26,32.26,0.0,508.487296,0.0
2019-01-20,3,0,152,0.0,0.0,0.0,0.0,0.0
2019-01-20,3,0,153,0.0,0.0,0.0,0.0,0.0
2019-01-20,3,0,154,0.0,0.0,0.0,0.0,0.0
2019-01-20,3,0,157,26.56,26.56,0.0,374.611901,0.0
2019-01-20,3,0,158,0.0,0.0,0.0,0.0,0.0
2019-01-20,3,0,159,0.0,0.0,0.0,0.0,0.0
2019-01-20,3,0,160,0.0,0.0,0.0,0.0,0.0
2019-01-20,3,0,161,0.0,0.0,0.0,0.0,0.0
2019-01-20,3,0,162,15.16,15.16,0.0,256.259216,0.0
2019-01-20,3,0,163,14.43,14.43,0.0,227.447975,0.0
2019-01-20,3,0,164,0.0,0.0,0.0,0.0,0.0
2019-01-20,3,0,167,0.0,0.0,0.0,0.0,0.0
2019-01-20,3,0,168,0.0,0.0,0.0,0.0,0.0
2019-01-20,3,0,169,0.0,0.0,0.0,0.0,0.0
2019-01-20,3,0,170,0.0,0.0,0.0,0.0,0.0
2019-01-20,3,0,172,0.0,0.0,0.0,0.0,0.0
2019-01-20,3,0,173,0.0,0.0,0.0,0.0,0.0
2019-01-20,3,0,188,0.0,0.0,0.0,0.0,0.0
2019-01-20,3,0,190,0.0,0.0,0.0,0.0,0.0
2019-01-20,3,0,191,0.0,0.0,0.0,0.0,0.0
2019-01-20,3,0,192,13.61,13.61,0.0,229.503951,0.0
2019-01-20,3,0,194,27.9,27.9,0.0,345.393436,0.0
2019-01-20,3,0,196,0.0,0.0,0.0,0.0,0.0
2019-01-20,3,0,198,0.0,0.0,0.0,0.0,0.0
2019-01-20,3,0,199,27.96,27.96,0.0,329.807144,0.0
2019-01-20,3,0,200,0.0,0.0,0.0,0.0,0.0
2019-01-20,3,0,204,258.53,258.53,0.0,3512.413879,0.0
2019-01-20,3,0,205,302.35,302.35,0.0,4129.512234,0.0
2019-01-20,3,0,206,66.12,66.12,0.0,889.448665,0.0
2019-01-20,3,0,210,0.0,0.0,0.0,0.0,0.0
2019-01-20,3,0,214,0.0,0.0,0.0,0.0,0.0
2019-01-20,3,0,217,0.0,0.0,0.0,0.0,0.0
2019-01-20,3,0,218,0.0,0.0,0.0,0.0,0.0
2019-01-20,3,0,219,0.0,0.0,0.0,0.0,0.0
2019-01-20,3,0,221,0.0,0.0,0.0,0.0,0.0
2019-01-20,3,0,225,0.0,0.0,0.0,0.0,0.0
2019-01-20,3,0,233,0.0,0.0,0.0,0.0,0.0
2019-01-20,3,0,236,12.72,12.72,0.0,190.544356,0.0
2019-01-20,3,0,237,10.88,10.88,0.0,162.789143,0.0
2019-01-20,3,0,238,0.0,0.0,0.0,0.0,0.0
2019-01-20,3,0,240,0.0,0.0,0.0,0.0,0.0
2019-01-20,3,0,245,76.09,76.09,0.0,421.629384,0.0
2019-01-20,3,0,247,48.82,48.82,0.0,270.521048,0.0
2019-01-20,3,0,248,1.09,1.09,0.0,16.308839,0.0
2019-01-20,3,0,249,146.32,146.32,0.0,810.787377,0.0
2019-01-20,3,0,251,64.08,64.08,0.0,456.21765,0.0
2019-01-20,3,0,252,66.17,66.17,0.0,325.770118,0.0
2019-01-20,3,0,254,0.0,0.0,0.0,0.0,0.0
2019-01-20,3,0,255,0.0,0.0,0.0,0.0,0.0
2019-01-20,3,0,258,0.0,0.0,0.0,0.0,0.0
2019-01-20,3,0,260,0.0,0.0,0.0,0.0,0.0
2019-01-20,3,0,265,0.0,0.0,0.0,0.0,0.0
2019-01-20,3,0,266,6.35,6.35,0.0,87.656716,0.0
2019-01-20,3,0,267,7.8,7.8,0.0,107.672816,0.0
2019-01-20,3,0,270,45.07,45.07,0.0,710.400572,0.0
2019-01-20,3,0,272,34.74,34.74,0.0,449.962594,0.0
2019-01-20,3,0,273,0.0,0.0,0.0,0.0,0.0
2019-01-20,3,0,274,58.1,58.1,0.0,915.781522,0.0
2019-01-20,3,0,275,80.88,80.88,0.0,1274.843538,0.0
2019-01-20,3,0,276,0.0,0.0,0.0,0.0,0.0
2019-01-20,3,0,277,0.0,0.0,0.0,0.0,0.0
2019-01-20,3,0,278,0.0,0.0,0.0,0.0,0.0
2019-01-20,3,0,279,26.66,26.66,0.0,347.25142,0.0
2019-01-20,3,0,281,1.62,1.62,0.0,21.798611,0.0
2019-01-20,3,0,282,0.0,0.0,0.0,0.0,0.0
2019-01-20,4,0,9,0.0,0.0,0.0,0.0,0.0
2019-01-20,4,0,17,0.0,0.0,0.0,0.0,0.0
2019-01-20,4,0,19,643.3,643.3,0.0,310.116159,0.0
2019-01-20,4,0,20,780.2,780.2,0.0,376.111654,0.0
2019-01-20,4,0,21,0.0,0.0,0.0,0.0,0.0
2019-01-20,4,0,22,0.0,0.0,0.0,0.0,0.0
2019-01-20,4,0,23,28.28,28.28,0.0,305.168402,0.0
2019-01-20,4,0,24,46.74,46.74,0.0,504.369559,0.0
2019-01-20,4,0,29,0.0,0.0,0.0,0.0,0.0
2019-01-20,4,0,30,0.0,0.0,0.0,0.0,0.0
2019-01-20,4,0,31,12.97,12.97,0.0,140.071584,0.0
2019-01-20,4,0,32,0.0,0.0,0.0,0.0,0.0
2019-01-20,4,0,33,0.0,0.0,0.0,0.0,0.0
2019-01-20,4,0,34,0.0,0.0,0.0,0.0,0.0
2019-01-20,4,0,35,0.0,0.0,0.0,0.0,0.0
2019-01-20,4,0,36,0.0,0.0,0.0,0.0,0.0
2019-01-20,4,0,37,0.0,0.0,0.0,0.0,0.0
2019-01-20,4,0,38,0.0,0.0,0.0,0.0,0.0
2019-01-20,4,0,39,0.0,0.0,0.0,0.0,0.0
2019-01-20,4,0,40,0.0,0.0,0.0,0.0,0.0
2019-01-20,4,0,41,14.57,14.57,0.0,150.745049,0.0
2019-01-20,4,0,42,0.0,0.0,0.0,0.0,0.0
2019-01-20,4,0,43,0.0,0.0,0.0,0.0,0.0
2019-01-20,4,0,46,0.0,0.0,0.0,0.0,0.0
2019-01-20,4,0,52,13.75,13.75,0.0,148.495319,0.0
2019-01-20,4,0,53,21.84,21.84,0.0,235.864565,0.0
2019-01-20,4,0,55,185.75,185.75,0.0,2004.421171,0.0
2019-01-20,4,0,56,0.0,0.0,0.0,0.0,0.0
2019-01-20,4,0,57,0.0,0.0,0.0,0.0,0.0
2019-01-20,4,0,58,0.0,0.0,0.0,0.0,0.0
2019-01-20,4,0,59,0.0,0.0,0.0,0.0,0.0
2019-01-20,4,0,63,16.01,16.01,0.0,273.066045,0.0
2019-01-20,4,0,64,18.84,18.84,0.0,321.334434,0.0
2019-01-20,4,0,65,9.07,9.07,0.0,45.172992,0.0
2019-01-20,4,0,67,0.0,0.0,0.0,0.0,0.0
2019-01-20,4,0,68,1.43,1.43,0.0,17.638219,0.0
2019-01-20,4,0,69,0.0,0.0,0.0,0.0,0.0
2019-01-20,4,0,74,11.21,11.21,0.0,109.318379,0.0
2019-01-20,4,0,77,29.45,29.45,0.0,342.47108,0.0
2019-01-20,4,0,78,22.27,22.27,0.0,258.975584,0.0
2019-01-20,4,0,79,12.88,12.88,0.0,149.780221,0.0
2019-01-20,4,0,80,20.84,20.84,0.0,242.346258,0.0
2019-01-20,4,0,81,27.24,27.24,0.0,316.771213,0.0
2019-01-20,4,0,82,19.22,19.22,0.0,223.507442,0.0
2019-01-20,4,0,83,42.85,42.85,0.0,498.298329,0.0
2019-01-20,4,0,84,0.0,0.0,0.0,0.0,0.0
2019-01-20,4,0,86,0.0,0.0,0.0,0.0,0.0
2019-01-20,4,0,87,0.0,0.0,0.0,0.0,0.0
2019-01-20,4,0,88,18.75,18.75,0.0,218.041859,0.0
2019-01-20,4,0,89,18.02,18.02,0.0,209.552763,0.0
2019-01-20,4,0,90,24.2,24.2,0.0,281.41936,0.0
2019-01-20,4,0,91,86.31,86.31,0.0,1003.690286,0.0
2019-01-20,4,0,92,31.04,31.04,0.0,360.96103,0.0
2019-01-20,4,0,95,50.33,50.33,0.0,864.442031,0.0
2019-01-20,4,0,96,4.97,4.97,0.0,53.719485,0.0
2019-01-20,4,0,97,30.56,30.56,0.0,330.315384,0.0
2019-01-20,4,0,99,2.16,2.16,0.0,21.064023,0.0
2019-01-20,4,0,101,0.0,0.0,0.0,0.0,0.0
2019-01-20,4,0,102,3.4,3.4,0.0,41.937024,0.0
2019-01-20,4,0,103,2.95,2.95,0.0,36.386536,0.0
2019-01-20,4,0,104,0.55,0.55,0.0,6.78393,0.0
2019-01-20,4,0,106,0.0,0.0,0.0,0.0,0.0
2019-01-20,4,0,109,62.16,62.16,0.0,623.609749,0.0
2019-01-20,4,0,110,12.97,12.97,0.0,201.067274,0.0
2019-01-20,4,0,111,0.0,0.0,0.0,0.0,0.0
2019-01-20,4,0,113,4.28,4.28,0.0,49.882683,0.0
2019-01-20,4,0,115,4.28,4.28,0.0,49.882683,0.0
2019-01-20,4,0,116,0.0,0.0,0.0,0.0,0.0
2019-01-20,4,0,117,0.29,0.29,0.0,3.379901,0.0
2019-01-20,4,0,119,18.84,18.84,0.0,321.334434,0.0
2019-01-20,4,0,120,11.08,11.08,0.0,188.980123,0.0
2019-01-20,4,0,123,0.0,0.0,0.0,0.0,0.0
2019-01-20,4,0,125,42.89,42.89,0.0,462.824355,0.0
2019-01-20,4,0,126,0.0,0.0,0.0,0.0,0.0
2019-01-20,4,0,127,0.0,0.0,0.0,0.0,0.0
2019-01-20,4,0,128,58.25,58.25,0.0,628.57353,0.0
2019-01-20,4,0,131,5.05,5.05,0.0,61.237009,0.0
2019-01-20,4,0,132,7.42,7.42,0.0,89.975961,0.0
2019-01-20,4,0,133,111.41,111.41,0.0,1132.0699,0.0
2019-01-20,4,0,134,0.0,0.0,0.0,0.0,0.0
2019-01-20,4,0,135,153.69,153.69,0.0,1561.689461,0.0
2019-01-20,4,0,136,26.96,26.96,0.0,140.93173,0.0
2019-01-20,4,0,139,18.82,18.82,0.0,194.716666,0.0
2019-01-20,4,0,140,9.6,9.6,0.0,148.823888,0.0
2019-01-20,4,0,141,61.45,61.45,0.0,805.872893,0.0
2019-01-20,4,0,142,0.0,0.0,0.0,0.0,0.0
2019-01-20,4,0,143,12.29,12.29,0.0,132.727816,0.0
2019-01-20,4,0,145,5.45,5.45,0.0,57.306532,0.0
2019-01-20,4,0,146,41.96,41.96,0.0,650.48441,0.0
2019-01-20,4,0,152,0.0,0.0,0.0,0.0,0.0
2019-01-20,4,0,153,0.0,0.0,0.0,0.0,0.0
2019-01-20,4,0,154,0.0,0.0,0.0,0.0,0.0
2019-01-20,4,0,157,25.61,25.61,0.0,335.856872,0.0
2019-01-20,4,0,158,0.0,0.0,0.0,0.0,0.0
2019-01-20,4,0,159,0.0,0.0,0.0,0.0,0.0
2019-01-20,4,0,160,0.0,0.0,0.0,0.0,0.0
2019-01-20,4,0,161,0.0,0.0,0.0,0.0,0.0
2019-01-20,4,0,162,9.68,9.68,0.0,166.25269,0.0
2019-01-20,4,0,163,10.81,10.81,0.0,167.581899,0.0
2019-01-20,4,0,164,0.0,0.0,0.0,0.0,0.0
2019-01-20,4,0,167,0.0,0.0,0.0,0.0,0.0
2019-01-20,4,0,168,0.0,0.0,0.0,0.0,0.0
2019-01-20,4,0,169,0.0,0.0,0.0,0.0,0.0
2019-01-20,4,0,170,0.0,0.0,0.0,0.0,0.0
2019-01-20,4,0,172,0.0,0.0,0.0,0.0,0.0
2019-01-20,4,0,173,0.0,0.0,0.0,0.0,0.0
2019-01-20,4,0,188,0.0,0.0,0.0,0.0,0.0
2019-01-20,4,0,190,0.0,0.0,0.0,0.0,0.0
2019-01-20,4,0,191,0.0,0.0,0.0,0.0,0.0
2019-01-20,4,0,192,11.82,11.82,0.0,201.60154,0.0
2019-01-20,4,0,194,21.53,21.53,0.0,238.951301,0.0
2019-01-20,4,0,196,0.0,0.0,0.0,0.0,0.0
2019-01-20,4,0,198,0.0,0.0,0.0,0.0,0.0
2019-01-20,4,0,199,23.43,23.43,0.0,271.730791,0.0
2019-01-20,4,0,200,0.0,0.0,0.0,0.0,0.0
2019-01-20,4,0,204,274.92,274.92,0.0,2766.433529,0.0
2019-01-20,4,0,205,328.82,328.82,0.0,3298.831368,0.0
2019-01-20,4,0,206,89.8,89.8,0.0,970.625703,0.0
2019-01-20,4,0,210,0.0,0.0,0.0,0.0,0.0
2019-01-20,4,0,214,0.0,0.0,0.0,0.0,0.0
2019-01-20,4,0,217,0.0,0.0,0.0,0.0,0.0
2019-01-20,4,0,218,0.0,0.0,0.0,0.0,0.0
2019-01-20,4,0,219,0.0,0.0,0.0,0.0,0.0
2019-01-20,4,0,221,0.0,0.0,0.0,0.0,0.0
2019-01-20,4,0,225,0.0,0.0,0.0,0.0,0.0
2019-01-20,4,0,233,0.0,0.0,0.0,0.0,0.0
2019-01-20,4,0,236,16.68,16.68,0.0,160.7106,0.0
2019-01-20,4,0,237,26.9,26.9,0.0,262.325101,0.0
2019-01-20,4,0,238,0.0,0.0,0.0,0.0,0.0
2019-01-20,4,0,240,0.0,0.0,0.0,0.0,0.0
2019-01-20,4,0,245,77.62,77.62,0.0,669.246356,0.0
2019-01-20,4,0,247,49.09,49.09,0.0,423.258228,0.0
2019-01-20,4,0,248,2.7,2.7,0.0,26.330029,0.0
2019-01-20,4,0,249,149.26,149.26,0.0,1286.932635,0.0
2019-01-20,4,0,251,59.71,59.71,0.0,384.21932,0.0
2019-01-20,4,0,252,58.5,58.5,0.0,291.358327,0.0
2019-01-20,4,0,254,0.0,0.0,0.0,0.0,0.0
2019-01-20,4,0,255,0.0,0.0,0.0,0.0,0.0
2019-01-20,4,0,258,0.0,0.0,0.0,0.0,0.0
2019-01-20,4,0,260,0.0,0.0,0.0,0.0,0.0
2019-01-20,4,0,265,0.0,0.0,0.0,0.0,0.0
2019-01-20,4,0,266,12.19,12.19,0.0,126.120944,0.0
2019-01-20,4,0,267,14.97,14.97,0.0,154.883554,0.0
2019-01-20,4,0,270,33.77,33.77,0.0,523.519031,0.0
2019-01-20,4,0,272,14.31,14.31,0.0,166.780651,0.0
2019-01-20,4,0,273,0.0,0.0,0.0,0.0,0.0
2019-01-20,4,0,274,43.54,43.54,0.0,674.978342,0.0
2019-01-20,4,0,275,60.6,60.6,0.0,939.450793,0.0
2019-01-20,4,0,276,0.0,0.0,0.0,0.0,0.0
2019-01-20,4,0,277,0.0,0.0,0.0,0.0,0.0
2019-01-20,4,0,278,0.0,0.0,0.0,0.0,0.0
2019-01-20,4,0,279,23.29,23.29,0.0,271.198899,0.0
2019-01-20,4,0,281,5.82,5.82,0.0,62.854019,0.0
2019-01-20,4,0,282,0.0,0.0,0.0,0.0,0.0
2019-01-20,5,0,9,0.0,0.0,0.0,0.0,0.0
2019-01-20,5,0,17,0.0,0.0,0.0,0.0,0.0
2019-01-20,5,0,19,643.3,643.3,0.0,3478.266491,0.0
2019-01-20,5,0,20,780.2,780.2,0.0,4218.472745,0.0
2019-01-20,5,0,21,0.0,0.0,0.0,0.0,0.0
2019-01-20,5,0,22,0.0,0.0,0.0,0.0,0.0
2019-01-20,5,0,23,21.0,21.0,0.0,313.541732,0.0
2019-01-20,5,0,24,37.16,37.16,0.0,554.819559,0.0
2019-01-20,5,0,29,0.0,0.0,0.0,0.0,0.0
2019-01-20,5,0,30,0.0,0.0,0.0,0.0,0.0
2019-01-20,5,0,31,8.12,8.12,0.0,121.455587,0.0
2019-01-20,5,0,32,0.0,0.0,0.0,0.0,0.0
2019-01-20,5,0,33,0.0,0.0,0.0,0.0,0.0
2019-01-20,5,0,34,0.0,0.0,0.0,0.0,0.0
2019-01-20,5,0,35,0.0,0.0,0.0,0.0,0.0
2019-01-20,5,0,36,0.0,0.0,0.0,0.0,0.0
2019-01-20,5,0,37,0.0,0.0,0.0,0.0,0.0
2019-01-20,5,0,38,0.0,0.0,0.0,0.0,0.0
2019-01-20,5,0,39,0.0,0.0,0.0,0.0,0.0
2019-01-20,5,0,40,0.0,0.0,0.0,0.0,0.0
2019-01-20,5,0,41,5.34,5.34,0.0,72.267356,0.0
2019-01-20,5,0,42,0.0,0.0,0.0,0.0,0.0
2019-01-20,5,0,43,0.0,0.0,0.0,0.0,0.0
2019-01-20,5,0,46,0.0,0.0,0.0,0.0,0.0
2019-01-20,5,0,52,8.61,8.61,0.0,128.784804,0.0
2019-01-20,5,0,53,13.67,13.67,0.0,204.470182,0.0
2019-01-20,5,0,55,88.15,88.15,0.0,1316.128745,0.0
2019-01-20,5,0,56,0.0,0.0,0.0,0.0,0.0
2019-01-20,5,0,57,0.0,0.0,0.0,0.0,0.0
2019-01-20,5,0,58,0.0,0.0,0.0,0.0,0.0
2019-01-20,5,0,59,0.0,0.0,0.0,0.0,0.0
2019-01-20,5,0,63,4.36,4.36,0.0,83.348486,0.0
2019-01-20,5,0,64,5.14,5.14,0.0,98.259454,0.0
2019-01-20,5,0,65,9.62,9.62,0.0,78.049143,0.0
2019-01-20,5,0,67,0.0,0.0,0.0,0.0,0.0
2019-01-20,5,0,68,0.48,0.48,0.0,8.580038,0.0
2019-01-20,5,0,69,0.0,0.0,0.0,0.0,0.0
2019-01-20,5,0,74,10.6,10.6,0.0,123.131837,0.0
2019-01-20,5,0,77,9.55,9.55,0.0,167.419756,0.0
2019-01-20,5,0,78,7.22,7.22,0.0,126.572842,0.0
2019-01-20,5,0,79,4.18,4.18,0.0,73.279014,0.0
2019-01-20,5,0,80,6.76,6.76,0.0,118.508644,0.0
2019-01-20,5,0,81,8.83,8.83,0.0,154.797533,0.0
2019-01-20,5,0,82,6.23,6.23,0.0,109.217286,0.0
2019-01-20,5,0,83,13.89,13.89,0.0,243.503708,0.0
2019-01-20,5,0,84,0.0,0.0,0.0,0.0,0.0
2019-01-20,5,0,86,0.0,0.0,0.0,0.0,0.0
2019-01-20,5,0,87,0.0,0.0,0.0,0.0,0.0
2019-01-20,5,0,88,4.33,4.33,0.0,75.908643,0.0
2019-01-20,5,0,89,4.16,4.16,0.0,72.928396,0.0
2019-01-20,5,0,90,5.59,5.59,0.0,97.997533,0.0
2019-01-20,5,0,91,19.93,19.93,0.0,349.390129,0.0
2019-01-20,5,0,92,7.17,7.17,0.0,125.696298,0.0
2019-01-20,5,0,95,15.07,15.07,0.0,293.047902,0.0
2019-01-20,5,0,96,2.0,2.0,0.0,29.971659,0.0
2019-01-20,5,0,97,12.33,12.33,0.0,184.775277,0.0
2019-01-20,5,0,99,2.05,2.05,0.0,23.813233,0.0
2019-01-20,5,0,101,0.0,0.0,0.0,0.0,0.0
2019-01-20,5,0,102,1.15,1.15,0.0,20.556341,0.0
2019-01-20,5,0,103,1.0,1.0,0.0,17.875079,0.0
2019-01-20,5,0,104,0.19,0.19,0.0,3.396265,0.0
2019-01-20,5,0,106,0.0,0.0,0.0,0.0,0.0
2019-01-20,5,0,109,37.37,37.37,0.0,470.311785,0.0
2019-01-20,5,0,110,0.0,0.0,0.0,0.0,0.0
2019-01-20,5,0,111,0.0,0.0,0.0,0.0,0.0
2019-01-20,5,0,113,0.0,0.0,0.0,0.0,0.0
2019-01-20,5,0,115,0.0,0.0,0.0,0.0,0.0
2019-01-20,5,0,116,0.0,0.0,0.0,0.0,0.0
2019-01-20,5,0,117,0.0,0.0,0.0,0.0,0.0
2019-01-20,5,0,119,5.14,5.14,0.0,98.259454,0.0
2019-01-20,5,0,120,3.02,3.02,0.0,57.732208,0.0
2019-01-20,5,0,123,0.0,0.0,0.0,0.0,0.0
2019-01-20,5,0,125,33.63,33.63,0.0,502.114687,0.0
2019-01-20,5,0,126,0.0,0.0,0.0,0.0,0.0
2019-01-20,5,0,127,0.0,0.0,0.0,0.0,0.0
2019-01-20,5,0,128,48.17,48.17,0.0,719.20501,0.0
2019-01-20,5,0,131,1.79,1.79,0.0,31.898954,0.0
2019-01-20,5,0,132,2.63,2.63,0.0,46.868296,0.0
2019-01-20,5,0,133,50.43,50.43,0.0,563.727717,0.0
2019-01-20,5,0,134,0.0,0.0,0.0,0.0,0.0
2019-01-20,5,0,135,71.85,71.85,0.0,803.169472,0.0
2019-01-20,5,0,136,27.03,27.03,0.0,223.316108,0.0
2019-01-20,5,0,139,6.9,6.9,0.0,93.379167,0.0
2019-01-20,5,0,140,0.0,0.0,0.0,0.0,0.0
2019-01-20,5,0,141,39.64,39.64,0.0,716.647537,0.0
2019-01-20,5,0,142,0.0,0.0,0.0,0.0,0.0
2019-01-20,5,0,143,14.08,14.08,0.0,210.602792,0.0
2019-01-20,5,0,145,1.47,1.47,0.0,20.693474,0.0
2019-01-20,5,0,146,63.47,63.47,0.0,1187.083158,0.0
2019-01-20,5,0,152,0.0,0.0,0.0,0.0,0.0
2019-01-20,5,0,153,0.0,0.0,0.0,0.0,0.0
2019-01-20,5,0,154,0.0,0.0,0.0,0.0,0.0
2019-01-20,5,0,157,28.52,28.52,0.0,515.610186,0.0
2019-01-20,5,0,158,0.0,0.0,0.0,0.0,0.0
2019-01-20,5,0,159,0.0,0.0,0.0,0.0,0.0
2019-01-20,5,0,160,0.0,0.0,0.0,0.0,0.0
2019-01-20,5,0,161,0.0,0.0,0.0,0.0,0.0
2019-01-20,5,0,162,5.87,5.87,0.0,114.112446,0.0
2019-01-20,5,0,163,0.0,0.0,0.0,0.0,0.0
2019-01-20,5,0,164,0.0,0.0,0.0,0.0,0.0
2019-01-20,5,0,167,0.0,0.0,0.0,0.0,0.0
2019-01-20,5,0,168,0.0,0.0,0.0,0.0,0.0
2019-01-20,5,0,169,0.0,0.0,0.0,0.0,0.0
2019-01-20,5,0,170,0.0,0.0,0.0,0.0,0.0
2019-01-20,5,0,172,0.0,0.0,0.0,0.0,0.0
2019-01-20,5,0,173,0.0,0.0,0.0,0.0,0.0
2019-01-20,5,0,188,0.0,0.0,0.0,0.0,0.0
2019-01-20,5,0,190,0.0,0.0,0.0,0.0,0.0
2019-01-20,5,0,191,0.0,0.0,0.0,0.0,0.0
2019-01-20,5,0,192,0.0,0.0,0.0,0.0,0.0
2019-01-20,5,0,194,9.27,9.27,0.0,170.63187,0.0
2019-01-20,5,0,196,0.0,0.0,0.0,0.0,0.0
2019-01-20,5,0,198,0.0,0.0,0.0,0.0,0.0
2019-01-20,5,0,199,15.95,15.95,0.0,251.338046,0.0
2019-01-20,5,0,200,0.0,0.0,0.0,0.0,0.0
2019-01-20,5,0,204,177.65,177.65,0.0,2253.856786,0.0
2019-01-20,5,0,205,197.68,197.68,0.0,2487.857469,0.0
2019-01-20,5,0,206,36.22,36.22,0.0,542.786744,0.0
2019-01-20,5,0,210,0.0,0.0,0.0,0.0,0.0
2019-01-20,5,0,214,0.0,0.0,0.0,0.0,0.0
2019-01-20,5,0,217,0.0,0.0,0.0,0.0,0.0
2019-01-20,5,0,218,0.0,0.0,0.0,0.0,0.0
2019-01-20,5,0,219,0.0,0.0,0.0,0.0,0.0
2019-01-20,5,0,221,0.0,0.0,0.0,0.0,0.0
2019-01-20,5,0,225,0.0,0.0,0.0,0.0,0.0
2019-01-20,5,0,233,0.0,0.0,0.0,0.0,0.0
2019-01-20,5,0,236,14.18,14.18,0.0,158.528359,0.0
2019-01-20,5,0,237,25.42,25.42,0.0,295.284084,0.0
2019-01-20,5,0,238,0.0,0.0,0.0,0.0,0.0
2019-01-20,5,0,240,0.0,0.0,0.0,0.0,0.0
2019-01-20,5,0,245,78.0,78.0,0.0,793.875671,0.0
2019-01-20,5,0,247,56.23,56.23,0.0,572.302935,0.0
2019-01-20,5,0,248,2.55,2.55,0.0,29.621338,0.0
2019-01-20,5,0,249,150.0,150.0,0.0,1526.683982,0.0
2019-01-20,5,0,251,52.04,52.04,0.0,469.319796,0.0
2019-01-20,5,0,252,62.04,62.04,0.0,503.343954,0.0
2019-01-20,5,0,254,0.0,0.0,0.0,0.0,0.0
2019-01-20,5,0,255,0.0,0.0,0.0,0.0,0.0
2019-01-20,5,0,258,0.0,0.0,0.0,0.0,0.0
2019-01-20,5,0,260,0.0,0.0,0.0,0.0,0.0
2019-01-20,5,0,265,0.0,0.0,0.0,0.0,0.0
2019-01-20,5,0,266,4.47,4.47,0.0,60.493461,0.0
2019-01-20,5,0,267,5.49,5.49,0.0,74.297338,0.0
2019-01-20,5,0,270,0.0,0.0,0.0,0.0,0.0
2019-01-20,5,0,272,0.0,0.0,0.0,0.0,0.0
2019-01-20,5,0,273,0.0,0.0,0.0,0.0,0.0
2019-01-20,5,0,274,0.0,0.0,0.0,0.0,0.0
2019-01-20,5,0,275,0.0,0.0,0.0,0.0,0.0
2019-01-20,5,0,276,0.0,0.0,0.0,0.0,0.0
2019-01-20,5,0,277,0.0,0.0,0.0,0.0,0.0
2019-01-20,5,0,278,0.0,0.0,0.0,0.0,0.0
2019-01-20,5,0,279,0.0,0.0,0.0,0.0,0.0
2019-01-20,5,0,281,3.64,3.64,0.0,54.445608,0.0
2019-01-20,5,0,282,0.0,0.0,0.0,0.0,0.0
2019-01-20,6,0,9,0.0,0.0,0.0,0.0,0.0
2019-01-20,6,0,17,0.0,0.0,0.0,0.0,0.0
2019-01-20,6,0,19,643.3,643.3,0.0,3478.266491,0.0
2019-01-20,6,0,20,780.2,780.2,0.0,4218.472745,0.0
2019-01-20,6,0,21,0.0,0.0,0.0,0.0,0.0
2019-01-20,6,0,22,0.0,0.0,0.0,0.0,0.0
2019-01-20,6,0,23,17.55,17.55,0.0,302.113168,0.0
2019-01-20,6,0,24,31.04,31.04,0.0,534.335768,0.0
2019-01-20,6,0,29,0.0,0.0,0.0,0.0,0.0
2019-01-20,6,0,30,0.0,0.0,0.0,0.0,0.0
2019-01-20,6,0,31,4.95,4.95,0.0,85.362049,0.0
2019-01-20,6,0,32,0.0,0.0,0.0,0.0,0.0
2019-01-20,6,0,33,0.0,0.0,0.0,0.0,0.0
2019-01-20,6,0,34,0.0,0.0,0.0,0.0,0.0
2019-01-20,6,0,35,0.0,0.0,0.0,0.0,0.0
2019-01-20,6,0,36,0.0,0.0,0.0,0.0,0.0
2019-01-20,6,0,37,0.0,0.0,0.0,0.0,0.0
2019-01-20,6,0,38,0.0,0.0,0.0,0.0,0.0
2019-01-20,6,0,39,0.0,0.0,0.0,0.0,0.0
2019-01-20,6,0,40,0.0,0.0,0.0,0.0,0.0
2019-01-20,6,0,41,0.0,0.0,0.0,0.0,0.0
2019-01-20,6,0,42,0.0,0.0,0.0,0.0,0.0
2019-01-20,6,0,43,0.0,0.0,0.0,0.0,0.0
2019-01-20,6,0,46,0.0,0.0,0.0,0.0,0.0
2019-01-20,6,0,52,5.25,5.25,0.0,90.535506,0.0
2019-01-20,6,0,53,8.33,8.33,0.0,143.64967,0.0
2019-01-20,6,0,55,26.52,26.52,0.0,456.526565,0.0
2019-01-20,6,0,56,0.0,0.0,0.0,0.0,0.0
2019-01-20,6,0,57,0.0,0.0,0.0,0.0,0.0
2019-01-20,6,0,58,0.0,0.0,0.0,0.0,0.0
2019-01-20,6,0,59,0.0,0.0,0.0,0.0,0.0
2019-01-20,6,0,63,0.0,0.0,0.0,0.0,0.0
2019-01-20,6,0,64,0.0,0.0,0.0,0.0,0.0
2019-01-20,6,0,65,10.18,10.18,0.0,91.114279,0.0
2019-01-20,6,0,67,0.0,0.0,0.0,0.0,0.0
2019-01-20,6,0,68,0.0,0.0,0.0,0.0,0.0
2019-01-20,6,0,69,0.0,0.0,0.0,0.0,0.0
2019-01-20,6,0,74,10.02,10.02,0.0,134.685028,0.0
2019-01-20,6,0,77,0.0,0.0,0.0,0.0,0.0
2019-01-20,6,0,78,0.0,0.0,0.0,0.0,0.0
2019-01-20,6,0,79,0.0,0.0,0.0,0.0,0.0
2019-01-20,6,0,80,0.0,0.0,0.0,0.0,0.0
2019-01-20,6,0,81,0.0,0.0,0.0,0.0,0.0
2019-01-20,6,0,82,0.0,0.0,0.0,0.0,0.0
2019-01-20,6,0,83,0.0,0.0,0.0,0.0,0.0
2019-01-20,6,0,84,0.0,0.0,0.0,0.0,0.0
2019-01-20,6,0,86,0.0,0.0,0.0,0.0,0.0
2019-01-20,6,0,87,0.0,0.0,0.0,0.0,0.0
2019-01-20,6,0,88,0.0,0.0,0.0,0.0,0.0
2019-01-20,6,0,89,0.0,0.0,0.0,0.0,0.0
2019-01-20,6,0,90,0.0,0.0,0.0,0.0,0.0
2019-01-20,6,0,91,0.0,0.0,0.0,0.0,0.0
2019-01-20,6,0,92,0.0,0.0,0.0,0.0,0.0
2019-01-20,6,0,95,10.19,10.19,0.0,228.559016,0.0
2019-01-20,6,0,96,1.24,1.24,0.0,21.423063,0.0
2019-01-20,6,0,97,7.64,7.64,0.0,131.99371,0.0
2019-01-20,6,0,99,1.93,1.93,0.0,25.942326,0.0
2019-01-20,6,0,101,0.0,0.0,0.0,0.0,0.0
2019-01-20,6,0,102,0.0,0.0,0.0,0.0,0.0
2019-01-20,6,0,103,0.0,0.0,0.0,0.0,0.0
2019-01-20,6,0,104,0.0,0.0,0.0,0.0,0.0
2019-01-20,6,0,106,0.0,0.0,0.0,0.0,0.0
2019-01-20,6,0,109,23.79,23.79,0.0,346.831933,0.0
2019-01-20,6,0,110,17.26,17.26,0.0,371.38361,0.0
2019-01-20,6,0,111,0.0,0.0,0.0,0.0,0.0
2019-01-20,6,0,113,0.0,0.0,0.0,0.0,0.0
2019-01-20,6,0,115,0.0,0.0,0.0,0.0,0.0
2019-01-20,6,0,116,0.0,0.0,0.0,0.0,0.0
2019-01-20,6,0,117,0.0,0.0,0.0,0.0,0.0
2019-01-20,6,0,119,0.0,0.0,0.0,0.0,0.0
2019-01-20,6,0,120,0.0,0.0,0.0,0.0,0.0
2019-01-20,6,0,123,0.0,0.0,0.0,0.0,0.0
2019-01-20,6,0,125,28.09,28.09,0.0,483.553213,0.0
2019-01-20,6,0,126,0.0,0.0,0.0,0.0,0.0
2019-01-20,6,0,127,0.0,0.0,0.0,0.0,0.0
2019-01-20,6,0,128,40.24,40.24,0.0,692.708483,0.0
2019-01-20,6,0,131,0.73,0.73,0.0,14.945813,0.0
2019-01-20,6,0,132,1.07,1.07,0.0,21.906876,0.0
2019-01-20,6,0,133,41.94,41.94,0.0,544.000807,0.0
2019-01-20,6,0,134,0.0,0.0,0.0,0.0,0.0
2019-01-20,6,0,135,56.2,56.2,0.0,728.96627,0.0
2019-01-20,6,0,136,27.12,27.12,0.0,248.008282,0.0
2019-01-20,6,0,139,0.0,0.0,0.0,0.0,0.0
2019-01-20,6,0,140,12.77,12.77,0.0,274.772231,0.0
2019-01-20,6,0,141,35.0,35.0,0.0,727.266891,0.0
2019-01-20,6,0,142,0.0,0.0,0.0,0.0,0.0
2019-01-20,6,0,143,15.82,15.82,0.0,272.813659,0.0
2019-01-20,6,0,145,0.0,0.0,0.0,0.0,0.0
2019-01-20,6,0,146,114.09,114.09,0.0,2454.875786,0.0
2019-01-20,6,0,152,0.0,0.0,0.0,0.0,0.0
2019-01-20,6,0,153,0.0,0.0,0.0,0.0,0.0
2019-01-20,6,0,154,0.0,0.0,0.0,0.0,0.0
2019-01-20,6,0,157,33.62,33.62,0.0,698.591797,0.0
2019-01-20,6,0,158,0.0,0.0,0.0,0.0,0.0
2019-01-20,6,0,159,0.0,0.0,0.0,0.0,0.0
2019-01-20,6,0,160,0.0,0.0,0.0,0.0,0.0
2019-01-20,6,0,161,0.0,0.0,0.0,0.0,0.0
2019-01-20,6,0,162,3.38,3.38,0.0,75.787824,0.0
2019-01-20,6,0,163,0.0,0.0,0.0,0.0,0.0
2019-01-20,6,0,164,0.0,0.0,0.0,0.0,0.0
2019-01-20,6,0,167,0.0,0.0,0.0,0.0,0.0
2019-01-20,6,0,168,0.0,0.0,0.0,0.0,0.0
2019-01-20,6,0,169,0.0,0.0,0.0,0.0,0.0
2019-01-20,6,0,170,0.0,0.0,0.0,0.0,0.0
2019-01-20,6,0,172,0.0,0.0,0.0,0.0,0.0
2019-01-20,6,0,173,0.0,0.0,0.0,0.0,0.0
2019-01-20,6,0,188,0.0,0.0,0.0,0.0,0.0
2019-01-20,6,0,190,0.0,0.0,0.0,0.0,0.0
2019-01-20,6,0,191,0.0,0.0,0.0,0.0,0.0
2019-01-20,6,0,192,0.0,0.0,0.0,0.0,0.0
2019-01-20,6,0,194,4.38,4.38,0.0,92.478357,0.0
2019-01-20,6,0,196,0.0,0.0,0.0,0.0,0.0
2019-01-20,6,0,198,0.0,0.0,0.0,0.0,0.0
2019-01-20,6,0,199,10.58,10.58,0.0,180.343319,0.0
2019-01-20,6,0,200,0.0,0.0,0.0,0.0,0.0
2019-01-20,6,0,204,120.01,120.01,0.0,1763.737431,0.0
2019-01-20,6,0,205,125.86,125.86,0.0,1834.899835,0.0
2019-01-20,6,0,206,22.45,22.45,0.0,387.861098,0.0
2019-01-20,6,0,210,0.0,0.0,0.0,0.0,0.0
2019-01-20,6,0,214,0.0,0.0,0.0,0.0,0.0
2019-01-20,6,0,217,0.0,0.0,0.0,0.0,0.0
2019-01-20,6,0,218,0.0,0.0,0.0,0.0,0.0
2019-01-20,6,0,219,0.0,0.0,0.0,0.0,0.0
2019-01-20,6,0,221,0.0,0.0,0.0,0.0,0.0
2019-01-20,6,0,225,0.0,0.0,0.0,0.0,0.0
2019-01-20,6,0,233,0.0,0.0,0.0,0.0,0.0
2019-01-20,6,0,236,12.09,12.09,0.0,156.307881,0.0
2019-01-20,6,0,237,24.03,24.03,0.0,323.002117,0.0
2019-01-20,6,0,238,0.0,0.0,0.0,0.0,0.0
2019-01-20,6,0,240,0.0,0.0,0.0,0.0,0.0
2019-01-20,6,0,245,78.0,78.0,0.0,910.372074,0.0
2019-01-20,6,0,247,64.34,64.34,0.0,750.940246,0.0
2019-01-20,6,0,248,2.41,2.41,0.0,32.394303,0.0
2019-01-20,6,0,249,150.0,150.0,0.0,1750.715526,0.0
2019-01-20,6,0,251,45.46,45.46,0.0,460.5677,0.0
2019-01-20,6,0,252,65.65,65.65,0.0,587.588645,0.0
2019-01-20,6,0,254,0.0,0.0,0.0,0.0,0.0
2019-01-20,6,0,255,0.0,0.0,0.0,0.0,0.0
2019-01-20,6,0,258,0.0,0.0,0.0,0.0,0.0
2019-01-20,6,0,260,0.0,0.0,0.0,0.0,0.0
2019-01-20,6,0,265,0.0,0.0,0.0,0.0,0.0
2019-01-20,6,0,266,0.0,0.0,0.0,0.0,0.0
2019-01-20,6,0,267,0.0,0.0,0.0,0.0,0.0
2019-01-20,6,0,270,0.0,0.0,0.0,0.0,0.0
2019-01-20,6,0,272,0.0,0.0,0.0,0.0,0.0
2019-01-20,6,0,273,0.0,0.0,0.0,0.0,0.0
2019-01-20,6,0,274,0.0,0.0,0.0,0.0,0.0
2019-01-20,6,0,275,0.0,0.0,0.0,0.0,0.0
2019-01-20,6,0,276,0.0,0.0,0.0,0.0,0.0
2019-01-20,6,0,277,0.0,0.0,0.0,0.0,0.0
2019-01-20,6,0,278,0.0,0.0,0.0,0.0,0.0
2019-01-20,6,0,279,0.0,0.0,0.0,0.0,0.0
2019-01-20,6,0,281,2.23,2.23,0.0,38.456034,0.0
2019-01-20,6,0,282,0.0,0.0,0.0,0.0,0.0
2019-01-20,7,0,9,0.0,0.0,0.0,0.0,0.0
2019-01-20,7,0,17,0.0,0.0,0.0,0.0,0.0
2019-01-20,7,0,19,643.3,643.3,0.0,3582.847924,0.0
2019-01-20,7,0,20,780.2,780.2,0.0,4345.310042,0.0
2019-01-20,7,0,21,0.0,0.0,0.0,0.0,0.0
2019-01-20,7,0,22,0.0,0.0,0.0,0.0,0.0
2019-01-20,7,0,23,19.89,19.89,0.0,366.928481,0.0
2019-01-20,7,0,24,35.2,35.2,0.0,649.365638,0.0
2019-01-20,7,0,29,0.0,0.0,0.0,0.0,0.0
2019-01-20,7,0,30,0.0,0.0,0.0,0.0,0.0
2019-01-20,7,0,31,7.52,7.52,0.0,138.894044,0.0
2019-01-20,7,0,32,0.0,0.0,0.0,0.0,0.0
2019-01-20,7,0,33,0.0,0.0,0.0,0.0,0.0
2019-01-20,7,0,34,0.0,0.0,0.0,0.0,0.0
2019-01-20,7,0,35,0.0,0.0,0.0,0.0,0.0
2019-01-20,7,0,36,0.0,0.0,0.0,0.0,0.0
2019-01-20,7,0,37,0.0,0.0,0.0,0.0,0.0
2019-01-20,7,0,38,0.0,0.0,0.0,0.0,0.0
2019-01-20,7,0,39,0.0,0.0,0.0,0.0,0.0
2019-01-20,7,0,40,0.0,0.0,0.0,0.0,0.0
2019-01-20,7,0,41,1.87,1.87,0.0,32.412758,0.0
2019-01-20,7,0,42,0.0,0.0,0.0,0.0,0.0
2019-01-20,7,0,43,0.0,0.0,0.0,0.0,0.0
2019-01-20,7,0,46,0.0,0.0,0.0,0.0,0.0
2019-01-20,7,0,52,7.97,7.97,0.0,147.205523,0.0
2019-01-20,7,0,53,12.67,12.67,0.0,234.0143,0.0
2019-01-20,7,0,55,25.7,25.7,0.0,474.110707,0.0
2019-01-20,7,0,56,0.0,0.0,0.0,0.0,0.0
2019-01-20,7,0,57,0.0,0.0,0.0,0.0,0.0
2019-01-20,7,0,58,0.0,0.0,0.0,0.0,0.0
2019-01-20,7,0,59,0.0,0.0,0.0,0.0,0.0
2019-01-20,7,0,63,3.72,3.72,0.0,82.120455,0.0
2019-01-20,7,0,64,4.38,4.38,0.0,96.690214,0.0
2019-01-20,7,0,65,10.81,10.81,0.0,113.203135,0.0
2019-01-20,7,0,67,0.0,0.0,0.0,0.0,0.0
2019-01-20,7,0,68,0.26,0.26,0.0,5.428536,0.0
2019-01-20,7,0,69,0.0,0.0,0.0,0.0,0.0
2019-01-20,7,0,74,9.61,9.61,0.0,152.739977,0.0
2019-01-20,7,0,77,4.53,4.53,0.0,93.21183,0.0
2019-01-20,7,0,78,3.43,3.43,0.0,70.577611,0.0
2019-01-20,7,0,79,1.98,1.98,0.0,40.741594,0.0
2019-01-20,7,0,80,3.21,3.21,0.0,66.050767,0.0
2019-01-20,7,0,81,4.19,4.19,0.0,86.215798,0.0
2019-01-20,7,0,82,2.96,2.96,0.0,60.906626,0.0
2019-01-20,7,0,83,6.59,6.59,0.0,135.599549,0.0
2019-01-20,7,0,84,0.0,0.0,0.0,0.0,0.0
2019-01-20,7,0,86,0.0,0.0,0.0,0.0,0.0
2019-01-20,7,0,87,0.0,0.0,0.0,0.0,0.0
2019-01-20,7,0,88,0.0,0.0,0.0,0.0,0.0
2019-01-20,7,0,89,0.0,0.0,0.0,0.0,0.0
2019-01-20,7,0,90,0.0,0.0,0.0,0.0,0.0
2019-01-20,7,0,91,0.0,0.0,0.0,0.0,0.0
2019-01-20,7,0,92,0.0,0.0,0.0,0.0,0.0
2019-01-20,7,0,95,6.59,6.59,0.0,147.811964,0.0
2019-01-20,7,0,96,2.07,2.07,0.0,38.280537,0.0
2019-01-20,7,0,97,12.7,12.7,0.0,234.861265,0.0
2019-01-20,7,0,99,1.85,1.85,0.0,29.403638,0.0
2019-01-20,7,0,101,0.0,0.0,0.0,0.0,0.0
2019-01-20,7,0,102,0.62,0.62,0.0,12.944971,0.0
2019-01-20,7,0,103,0.54,0.54,0.0,11.274652,0.0
2019-01-20,7,0,104,0.1,0.1,0.0,2.087899,0.0
2019-01-20,7,0,106,0.0,0.0,0.0,0.0,0.0
2019-01-20,7,0,109,18.53,18.53,0.0,305.980591,0.0
2019-01-20,7,0,110,69.41,69.41,0.0,1503.244546,0.0
2019-01-20,7,0,111,0.0,0.0,0.0,0.0,0.0
2019-01-20,7,0,113,0.0,0.0,0.0,0.0,0.0
2019-01-20,7,0,115,0.0,0.0,0.0,0.0,0.0
2019-01-20,7,0,116,0.0,0.0,0.0,0.0,0.0
2019-01-20,7,0,117,0.0,0.0,0.0,0.0,0.0
2019-01-20,7,0,119,4.38,4.38,0.0,96.690214,0.0
2019-01-20,7,0,120,2.57,2.57,0.0,56.733755,0.0
2019-01-20,7,0,123,0.0,0.0,0.0,0.0,0.0
2019-01-20,7,0,125,31.85,31.85,0.0,587.565215,0.0
2019-01-20,7,0,126,0.0,0.0,0.0,0.0,0.0
2019-01-20,7,0,127,0.0,0.0,0.0,0.0,0.0
2019-01-20,7,0,128,45.62,45.62,0.0,841.592625,0.0
2019-01-20,7,0,131,0.92,0.92,0.0,19.161582,0.0
2019-01-20,7,0,132,1.35,1.35,0.0,28.117539,0.0
2019-01-20,7,0,133,41.94,41.94,0.0,675.306483,0.0
2019-01-20,7,0,134,0.0,0.0,0.0,0.0,0.0
2019-01-20,7,0,135,56.2,56.2,0.0,904.917128,0.0
2019-01-20,7,0,136,27.24,27.24,0.0,292.590776,0.0
2019-01-20,7,0,139,2.42,2.42,0.0,41.945923,0.0
2019-01-20,7,0,140,51.37,51.37,0.0,1112.543903,0.0
2019-01-20,7,0,141,45.79,45.79,0.0,964.823678,0.0
2019-01-20,7,0,142,0.0,0.0,0.0,0.0,0.0
2019-01-20,7,0,143,8.74,8.74,0.0,161.427386,0.0
2019-01-20,7,0,145,0.0,0.0,0.0,0.0,0.0
2019-01-20,7,0,146,206.89,206.89,0.0,4480.712637,0.0
2019-01-20,7,0,152,0.0,0.0,0.0,0.0,0.0
2019-01-20,7,0,153,0.0,0.0,0.0,0.0,0.0
2019-01-20,7,0,154,0.0,0.0,0.0,0.0,0.0
2019-01-20,7,0,157,40.96,40.96,0.0,863.052585,0.0
2019-01-20,7,0,158,0.0,0.0,0.0,0.0,0.0
2019-01-20,7,0,159,0.0,0.0,0.0,0.0,0.0
2019-01-20,7,0,160,0.0,0.0,0.0,0.0,0.0
2019-01-20,7,0,161,0.0,0.0,0.0,0.0,0.0
2019-01-20,7,0,162,1.89,1.89,0.0,42.380214,0.0
2019-01-20,7,0,163,12.16,12.16,0.0,263.354757,0.0
2019-01-20,7,0,164,0.0,0.0,0.0,0.0,0.0
2019-01-20,7,0,167,0.0,0.0,0.0,0.0,0.0
2019-01-20,7,0,168,0.0,0.0,0.0,0.0,0.0
2019-01-20,7,0,169,0.0,0.0,0.0,0.0,0.0
2019-01-20,7,0,170,0.0,0.0,0.0,0.0,0.0
2019-01-20,7,0,172,0.0,0.0,0.0,0.0,0.0
2019-01-20,7,0,173,0.0,0.0,0.0,0.0,0.0
2019-01-20,7,0,188,0.0,0.0,0.0,0.0,0.0
2019-01-20,7,0,190,0.0,0.0,0.0,0.0,0.0
2019-01-20,7,0,191,0.0,0.0,0.0,0.0,0.0
2019-01-20,7,0,192,14.8,14.8,0.0,326.71579,0.0
2019-01-20,7,0,194,3.96,3.96,0.0,84.211587,0.0
2019-01-20,7,0,196,0.0,0.0,0.0,0.0,0.0
2019-01-20,7,0,198,0.0,0.0,0.0,0.0,0.0
2019-01-20,7,0,199,6.97,6.97,0.0,116.911624,0.0
2019-01-20,7,0,200,0.0,0.0,0.0,0.0,0.0
2019-01-20,7,0,204,94.01,94.01,0.0,1559.058262,0.0
2019-01-20,7,0,205,98.04,98.04,0.0,1618.906484,0.0
2019-01-20,7,0,206,37.33,37.33,0.0,690.344176,0.0
2019-01-20,7,0,210,0.0,0.0,0.0,0.0,0.0
2019-01-20,7,0,214,0.0,0.0,0.0,0.0,0.0
2019-01-20,7,0,217,0.0,0.0,0.0,0.0,0.0
2019-01-20,7,0,218,0.0,0.0,0.0,0.0,0.0
2019-01-20,7,0,219,0.0,0.0,0.0,0.0,0.0
2019-01-20,7,0,221,0.0,0.0,0.0,0.0,0.0
2019-01-20,7,0,225,0.0,0.0,0.0,0.0,0.0
2019-01-20,7,0,233,0.0,0.0,0.0,0.0,0.0
2019-01-20,7,0,236,10.18,10.18,0.0,159.091558,0.0
2019-01-20,7,0,237,23.05,23.05,0.0,366.35343,0.0
2019-01-20,7,0,238,0.0,0.0,0.0,0.0,0.0
2019-01-20,7,0,240,0.0,0.0,0.0,0.0,0.0
2019-01-20,7,0,245,78.0,78.0,0.0,1123.21519,0.0
2019-01-20,7,0,247,72.76,72.76,0.0,1047.75817,0.0
2019-01-20,7,0,248,2.31,2.31,0.0,36.714812,0.0
2019-01-20,7,0,249,150.0,150.0,0.0,2160.029212,0.0
2019-01-20,7,0,251,39.88,39.88,0.0,481.223546,0.0
2019-01-20,7,0,252,69.72,69.72,0.0,730.113099,0.0
2019-01-20,7,0,254,0.0,0.0,0.0,0.0,0.0
2019-01-20,7,0,255,0.0,0.0,0.0,0.0,0.0
2019-01-20,7,0,258,0.0,0.0,0.0,0.0,0.0
2019-01-20,7,0,260,0.0,0.0,0.0,0.0,0.0
2019-01-20,7,0,265,0.0,0.0,0.0,0.0,0.0
2019-01-20,7,0,266,1.57,1.57,0.0,27.212851,0.0
2019-01-20,7,0,267,1.93,1.93,0.0,33.45274,0.0
2019-01-20,7,0,270,37.98,37.98,0.0,822.550466,0.0
2019-01-20,7,0,272,0.0,0.0,0.0,0.0,0.0
2019-01-20,7,0,273,0.0,0.0,0.0,0.0,0.0
2019-01-20,7,0,274,48.95,48.95,0.0,1060.132842,0.0
2019-01-20,7,0,275,68.15,68.15,0.0,1475.956142,0.0
2019-01-20,7,0,276,0.0,0.0,0.0,0.0,0.0
2019-01-20,7,0,277,0.0,0.0,0.0,0.0,0.0
2019-01-20,7,0,278,0.0,0.0,0.0,0.0,0.0
2019-01-20,7,0,279,0.0,0.0,0.0,0.0,0.0
2019-01-20,7,0,281,3.37,3.37,0.0,62.243741,0.0
2019-01-20,7,0,282,0.0,0.0,0.0,0.0,0.0
2019-01-20,8,0,9,0.0,0.0,0.0,0.0,0.0
2019-01-20,8,0,17,0.0,0.0,0.0,0.0,0.0
2019-01-20,8,0,19,605.38,605.38,0.0,3470.06994,0.0
2019-01-20,8,0,20,753.44,753.44,0.0,4318.757632,0.0
2019-01-20,8,0,21,0.0,0.0,0.0,0.0,0.0
2019-01-20,8,0,22,0.0,0.0,0.0,0.0,0.0
2019-01-20,8,0,23,24.29,24.29,0.0,478.507235,0.0
2019-01-20,8,0,24,42.97,42.97,0.0,846.498801,0.0
2019-01-20,8,0,29,0.0,0.0,0.0,0.0,0.0
2019-01-20,8,0,30,0.0,0.0,0.0,0.0,0.0
2019-01-20,8,0,31,4.44,4.44,0.0,87.443439,0.0
2019-01-20,8,0,32,0.0,0.0,0.0,0.0,0.0
2019-01-20,8,0,33,0.0,0.0,0.0,0.0,0.0
2019-01-20,8,0,34,0.0,0.0,0.0,0.0,0.0
2019-01-20,8,0,35,0.0,0.0,0.0,0.0,0.0
2019-01-20,8,0,36,0.0,0.0,0.0,0.0,0.0
2019-01-20,8,0,37,0.0,0.0,0.0,0.0,0.0
2019-01-20,8,0,38,0.0,0.0,0.0,0.0,0.0
2019-01-20,8,0,39,0.0,0.0,0.0,0.0,0.0
2019-01-20,8,0,40,0.0,0.0,0.0,0.0,0.0
2019-01-20,8,0,41,1.84,1.84,0.0,36.958224,0.0
2019-01-20,8,0,42,0.0,0.0,0.0,0.0,0.0
2019-01-20,8,0,43,0.0,0.0,0.0,0.0,0.0
2019-01-20,8,0,46,0.0,0.0,0.0,0.0,0.0
2019-01-20,8,0,52,4.71,4.71,0.0,92.760946,0.0
2019-01-20,8,0,53,7.48,7.48,0.0,147.314623,0.0
2019-01-20,8,0,55,29.91,29.91,0.0,589.219901,0.0
2019-01-20,8,0,56,0.0,0.0,0.0,0.0,0.0
2019-01-20,8,0,57,0.0,0.0,0.0,0.0,0.0
2019-01-20,8,0,58,0.0,0.0,0.0,0.0,0.0
2019-01-20,8,0,59,0.0,0.0,0.0,0.0,0.0
2019-01-20,8,0,63,0.0,0.0,0.0,0.0,0.0
2019-01-20,8,0,64,0.0,0.0,0.0,0.0,0.0
2019-01-20,8,0,65,11.9,11.9,0.0,163.66226,0.0
2019-01-20,8,0,67,0.0,0.0,0.0,0.0,0.0
2019-01-20,8,0,68,0.55,0.55,0.0,10.556282,0.0
2019-01-20,8,0,69,0.0,0.0,0.0,0.0,0.0
2019-01-20,8,0,74,10.14,10.14,0.0,213.024415,0.0
2019-01-20,8,0,77,10.1,10.1,0.0,194.070553,0.0
2019-01-20,8,0,78,7.62,7.62,0.0,146.417585,0.0
2019-01-20,8,0,79,4.4,4.4,0.0,84.545587,0.0
2019-01-20,8,0,80,7.13,7.13,0.0,137.002281,0.0
2019-01-20,8,0,81,9.34,9.34,0.0,179.467224,0.0
2019-01-20,8,0,82,6.57,6.57,0.0,126.241934,0.0
2019-01-20,8,0,83,14.71,14.71,0.0,282.651271,0.0
2019-01-20,8,0,84,0.0,0.0,0.0,0.0,0.0
2019-01-20,8,0,86,0.0,0.0,0.0,0.0,0.0
2019-01-20,8,0,87,0.0,0.0,0.0,0.0,0.0
2019-01-20,8,0,88,4.53,4.53,0.0,87.043525,0.0
2019-01-20,8,0,89,4.37,4.37,0.0,83.96914,0.0
2019-01-20,8,0,90,5.7,5.7,0.0,109.524965,0.0
2019-01-20,8,0,91,17.87,17.87,0.0,343.370374,0.0
2019-01-20,8,0,92,7.15,7.15,0.0,137.38658,0.0
2019-01-20,8,0,95,5.65,5.65,0.0,109.868656,0.0
2019-01-20,8,0,96,3.08,3.08,0.0,60.641921,0.0
2019-01-20,8,0,97,18.92,18.92,0.0,372.514655,0.0
2019-01-20,8,0,99,1.96,1.96,0.0,41.176317,0.0
2019-01-20,8,0,101,0.0,0.0,0.0,0.0,0.0
2019-01-20,8,0,102,1.31,1.31,0.0,25.143144,0.0
2019-01-20,8,0,103,1.14,1.14,0.0,21.880293,0.0
2019-01-20,8,0,104,0.21,0.21,0.0,4.03058,0.0
2019-01-20,8,0,106,0.0,0.0,0.0,0.0,0.0
2019-01-20,8,0,109,7.49,7.49,0.0,150.331286,0.0
2019-01-20,8,0,110,116.88,116.88,0.0,2249.487596,0.0
2019-01-20,8,0,111,0.0,0.0,0.0,0.0,0.0
2019-01-20,8,0,113,0.0,0.0,0.0,0.0,0.0
2019-01-20,8,0,115,0.0,0.0,0.0,0.0,0.0
2019-01-20,8,0,116,0.0,0.0,0.0,0.0,0.0
2019-01-20,8,0,117,0.0,0.0,0.0,0.0,0.0
2019-01-20,8,0,119,0.0,0.0,0.0,0.0,0.0
2019-01-20,8,0,120,0.0,0.0,0.0,0.0,0.0
2019-01-20,8,0,123,0.0,0.0,0.0,0.0,0.0
2019-01-20,8,0,125,38.89,38.89,0.0,766.123769,0.0
2019-01-20,8,0,126,0.0,0.0,0.0,0.0,0.0
2019-01-20,8,0,127,0.0,0.0,0.0,0.0,0.0
2019-01-20,8,0,128,55.7,55.7,0.0,1097.276779,0.0
2019-01-20,8,0,131,2.04,2.04,0.0,39.147115,0.0
2019-01-20,8,0,132,3.0,3.0,0.0,57.569287,0.0
2019-01-20,8,0,133,41.94,41.94,0.0,968.806275,0.0
2019-01-20,8,0,134,0.0,0.0,0.0,0.0,0.0
2019-01-20,8,0,135,56.2,56.2,0.0,1298.209648,0.0
2019-01-20,8,0,136,25.99,25.99,0.0,368.88834,0.0
2019-01-20,8,0,139,2.38,2.38,0.0,47.804659,0.0
2019-01-20,8,0,140,86.5,86.5,0.0,1664.790187,0.0
2019-01-20,8,0,141,68.13,68.13,0.0,1308.52243,0.0
2019-01-20,8,0,142,0.0,0.0,0.0,0.0,0.0
2019-01-20,8,0,143,4.35,4.35,0.0,85.670937,0.0
2019-01-20,8,0,145,0.0,0.0,0.0,0.0,0.0
2019-01-20,8,0,146,247.87,247.87,0.0,4770.538076,0.0
2019-01-20,8,0,152,0.0,0.0,0.0,0.0,0.0
2019-01-20,8,0,153,0.0,0.0,0.0,0.0,0.0
2019-01-20,8,0,154,0.0,0.0,0.0,0.0,0.0
2019-01-20,8,0,157,43.98,43.98,0.0,844.691274,0.0
2019-01-20,8,0,158,0.0,0.0,0.0,0.0,0.0
2019-01-20,8,0,159,0.0,0.0,0.0,0.0,0.0
2019-01-20,8,0,160,0.0,0.0,0.0,0.0,0.0
2019-01-20,8,0,161,0.0,0.0,0.0,0.0,0.0
2019-01-20,8,0,162,2.01,2.01,0.0,39.081742,0.0
2019-01-20,8,0,163,15.59,15.59,0.0,300.047156,0.0
2019-01-20,8,0,164,0.0,0.0,0.0,0.0,0.0
2019-01-20,8,0,167,0.0,0.0,0.0,0.0,0.0
2019-01-20,8,0,168,0.0,0.0,0.0,0.0,0.0
2019-01-20,8,0,169,0.0,0.0,0.0,0.0,0.0
2019-01-20,8,0,170,0.0,0.0,0.0,0.0,0.0
2019-01-20,8,0,172,0.0,0.0,0.0,0.0,0.0
2019-01-20,8,0,173,0.0,0.0,0.0,0.0,0.0
2019-01-20,8,0,188,0.0,0.0,0.0,0.0,0.0
2019-01-20,8,0,190,0.0,0.0,0.0,0.0,0.0
2019-01-20,8,0,191,0.0,0.0,0.0,0.0,0.0
2019-01-20,8,0,192,13.4,13.4,0.0,259.054295,0.0
2019-01-20,8,0,194,0.0,0.0,0.0,0.0,0.0
2019-01-20,8,0,196,0.0,0.0,0.0,0.0,0.0
2019-01-20,8,0,198,0.0,0.0,0.0,0.0,0.0
2019-01-20,8,0,199,6.77,6.77,0.0,99.557186,0.0
2019-01-20,8,0,200,0.0,0.0,0.0,0.0,0.0
2019-01-20,8,0,204,47.0,47.0,0.0,939.991043,0.0
2019-01-20,8,0,205,39.62,39.62,0.0,795.210352,0.0
2019-01-20,8,0,206,55.6,55.6,0.0,1094.7048,0.0
2019-01-20,8,0,210,0.0,0.0,0.0,0.0,0.0
2019-01-20,8,0,214,0.0,0.0,0.0,0.0,0.0
2019-01-20,8,0,217,0.0,0.0,0.0,0.0,0.0
2019-01-20,8,0,218,0.0,0.0,0.0,0.0,0.0
2019-01-20,8,0,219,0.0,0.0,0.0,0.0,0.0
2019-01-20,8,0,221,0.0,0.0,0.0,0.0,0.0
2019-01-20,8,0,225,0.0,0.0,0.0,0.0,0.0
2019-01-20,8,0,233,0.0,0.0,0.0,0.0,0.0
2019-01-20,8,0,236,16.0,16.0,0.0,343.660637,0.0
2019-01-20,8,0,237,24.33,24.33,0.0,511.132546,0.0
2019-01-20,8,0,238,0.0,0.0,0.0,0.0,0.0
2019-01-20,8,0,240,0.0,0.0,0.0,0.0,0.0
2019-01-20,8,0,245,78.0,78.0,0.0,1599.960262,0.0
2019-01-20,8,0,247,88.51,88.51,0.0,1815.544651,0.0
2019-01-20,8,0,248,2.44,2.44,0.0,51.260313,0.0
2019-01-20,8,0,249,150.0,150.0,0.0,3076.846657,0.0
2019-01-20,8,0,251,35.94,35.94,0.0,585.187232,0.0
2019-01-20,8,0,252,76.74,76.74,0.0,1055.415278,0.0
2019-01-20,8,0,254,0.0,0.0,0.0,0.0,0.0
2019-01-20,8,0,255,0.0,0.0,0.0,0.0,0.0
2019-01-20,8,0,258,0.0,0.0,0.0,0.0,0.0
2019-01-20,8,0,260,0.0,0.0,0.0,0.0,0.0
2019-01-20,8,0,265,0.0,0.0,0.0,0.0,0.0
2019-01-20,8,0,266,1.54,1.54,0.0,30.932426,0.0
2019-01-20,8,0,267,1.89,1.89,0.0,37.962523,0.0
2019-01-20,8,0,270,48.69,48.69,0.0,937.094037,0.0
2019-01-20,8,0,272,0.0,0.0,0.0,0.0,0.0
2019-01-20,8,0,273,0.0,0.0,0.0,0.0,0.0
2019-01-20,8,0,274,62.76,62.76,0.0,1207.887077,0.0
2019-01-20,8,0,275,87.37,87.37,0.0,1681.534319,0.0
2019-01-20,8,0,276,0.0,0.0,0.0,0.0,0.0
2019-01-20,8,0,277,0.0,0.0,0.0,0.0,0.0
2019-01-20,8,0,278,0.0,0.0,0.0,0.0,0.0
2019-01-20,8,0,279,5.94,5.94,0.0,113.747208,0.0
2019-01-20,8,0,281,1.99,1.99,0.0,39.191992,0.0
2019-01-20,8,0,282,0.0,0.0,0.0,0.0,0.0
2019-01-20,9,0,9,0.15,0.15,0.0,2.018451,0.0
2019-01-20,9,0,17,9.14,9.14,0.0,125.752106,0.0
2019-01-20,9,0,19,475.02,475.02,0.0,6535.532335,0.0
2019-01-20,9,0,20,589.85,589.85,0.0,8115.413557,0.0
2019-01-20,9,0,21,3.37,3.37,0.0,45.347874,0.0
2019-01-20,9,0,22,11.99,11.99,0.0,161.341545,0.0
2019-01-20,9,0,23,29.79,29.79,0.0,400.864438,0.0
2019-01-20,9,0,24,52.7,52.7,0.0,709.149241,0.0
2019-01-20,9,0,29,1.68,1.68,0.0,19.667858,0.0
2019-01-20,9,0,30,23.51,23.51,0.0,316.348973,0.0
2019-01-20,9,0,31,8.31,8.31,0.0,111.818799,0.0
2019-01-20,9,0,32,0.66,0.66,0.0,10.883697,0.0
2019-01-20,9,0,33,0.48,0.48,0.0,6.667289,0.0
2019-01-20,9,0,34,0.76,0.76,0.0,10.55654,0.0
2019-01-20,9,0,35,0.76,0.76,0.0,10.55654,0.0
2019-01-20,9,0,36,1.45,1.45,0.0,19.52371,0.0
2019-01-20,9,0,37,0.69,0.69,0.0,9.278728,0.0
2019-01-20,9,0,38,0.89,0.89,0.0,11.968215,0.0
2019-01-20,9,0,39,0.59,0.59,0.0,7.933985,0.0
2019-01-20,9,0,40,0.59,0.59,0.0,7.933985,0.0
2019-01-20,9,0,41,3.69,3.69,0.0,49.800728,0.0
2019-01-20,9,0,42,9.23,9.23,0.0,126.726771,0.0
2019-01-20,9,0,43,4.62,4.62,0.0,61.895977,0.0
2019-01-20,9,0,46,3.76,3.76,0.0,50.494863,0.0
2019-01-20,9,0,52,8.82,8.82,0.0,118.681325,0.0
2019-01-20,9,0,53,14.09,14.09,0.0,189.594089,0.0
2019-01-20,9,0,55,34.95,34.95,0.0,470.299165,0.0
2019-01-20,9,0,56,6.93,6.93,0.0,93.249612,0.0
2019-01-20,9,0,57,6.6,6.6,0.0,88.809155,0.0
2019-01-20,9,0,58,12.69,12.69,0.0,170.755784,0.0
2019-01-20,9,0,59,12.47,12.47,0.0,167.795478,0.0
2019-01-20,9,0,63,1.14,1.14,0.0,18.755824,0.0
2019-01-20,9,0,64,1.34,1.34,0.0,22.04632,0.0
2019-01-20,9,0,65,13.5,13.5,0.0,185.667269,0.0
2019-01-20,9,0,67,11.84,11.84,0.0,166.727168,0.0
2019-01-20,9,0,68,1.89,1.89,0.0,25.930513,0.0
2019-01-20,9,0,69,0.48,0.48,0.0,6.667289,0.0
2019-01-20,9,0,74,10.84,10.84,0.0,147.601439,0.0
2019-01-20,9,0,77,9.35,9.35,0.0,125.486051,0.0
2019-01-20,9,0,78,7.07,7.07,0.0,94.886244,0.0
2019-01-20,9,0,79,4.09,4.09,0.0,54.891759,0.0
2019-01-20,9,0,80,6.61,6.61,0.0,88.712598,0.0
2019-01-20,9,0,81,8.65,8.65,0.0,116.091373,0.0
2019-01-20,9,0,82,6.1,6.1,0.0,81.867905,0.0
2019-01-20,9,0,83,13.6,13.6,0.0,182.525165,0.0
2019-01-20,9,0,84,0.0,0.0,0.0,0.0,0.0
2019-01-20,9,0,86,2.42,2.42,0.0,33.614247,0.0
2019-01-20,9,0,87,12.35,12.35,0.0,171.543782,0.0
2019-01-20,9,0,88,17.72,17.72,0.0,237.819553,0.0
2019-01-20,9,0,89,16.93,16.93,0.0,227.216988,0.0
2019-01-20,9,0,90,23.76,23.76,0.0,318.882199,0.0
2019-01-20,9,0,91,89.29,89.29,0.0,1198.358231,0.0
2019-01-20,9,0,92,31.42,31.42,0.0,421.686814,0.0
2019-01-20,9,0,95,4.82,4.82,0.0,79.446713,0.0
2019-01-20,9,0,96,4.42,4.42,0.0,59.473329,0.0
2019-01-20,9,0,97,27.17,27.17,0.0,365.586049,0.0
2019-01-20,9,0,99,2.09,2.09,0.0,28.458211,0.0
2019-01-20,9,0,101,0.47,0.47,0.0,6.324288,0.0
2019-01-20,9,0,102,4.46,4.46,0.0,61.190523,0.0
2019-01-20,9,0,103,3.88,3.88,0.0,53.233011,0.0
2019-01-20,9,0,104,0.72,0.72,0.0,9.878291,0.0
2019-01-20,9,0,106,11.8,11.8,0.0,158.78484,0.0
2019-01-20,9,0,109,0.0,0.0,0.0,0.0,0.0
2019-01-20,9,0,110,185.84,185.84,0.0,2822.863252,0.0
2019-01-20,9,0,111,1.71,1.71,0.0,23.078386,0.0
2019-01-20,9,0,113,5.07,5.07,0.0,67.631379,0.0
2019-01-20,9,0,115,5.07,5.07,0.0,67.631379,0.0
2019-01-20,9,0,116,7.94,7.94,0.0,120.60662,0.0
2019-01-20,9,0,117,0.34,0.34,0.0,4.535438,0.0
2019-01-20,9,0,119,1.34,1.34,0.0,22.04632,0.0
2019-01-20,9,0,120,0.79,0.79,0.0,12.997457,0.0
2019-01-20,9,0,123,0.2,0.2,0.0,2.691268,0.0
2019-01-20,9,0,125,47.69,47.69,0.0,641.732966,0.0
2019-01-20,9,0,126,8.85,8.85,0.0,119.08863,0.0
2019-01-20,9,0,127,11.36,11.36,0.0,152.864049,0.0
2019-01-20,9,0,128,68.31,68.31,0.0,919.202745,0.0
2019-01-20,9,0,131,3.98,3.98,0.0,54.220385,0.0
2019-01-20,9,0,132,5.85,5.85,0.0,79.695791,0.0
2019-01-20,9,0,133,41.94,41.94,0.0,577.049774,0.0
2019-01-20,9,0,134,0.0,0.0,0.0,0.0,0.0
2019-01-20,9,0,135,56.2,56.2,0.0,773.252201,0.0
2019-01-20,9,0,136,25.57,25.57,0.0,351.660114,0.0
2019-01-20,9,0,139,4.77,4.77,0.0,64.376551,0.0
2019-01-20,9,0,140,137.54,137.54,0.0,2089.198298,0.0
2019-01-20,9,0,141,97.62,97.62,0.0,1374.654233,0.0
2019-01-20,9,0,142,15.61,15.61,0.0,219.815126,0.0
2019-01-20,9,0,143,10.89,10.89,0.0,146.535105,0.0
2019-01-20,9,0,145,0.0,0.0,0.0,0.0,0.0
2019-01-20,9,0,146,268.0,268.0,0.0,4070.853162,0.0
2019-01-20,9,0,152,1.02,1.02,0.0,13.872179,0.0
2019-01-20,9,0,153,1.3,1.3,0.0,17.670733,0.0
2019-01-20,9,0,154,7.07,7.07,0.0,95.417655,0.0
2019-01-20,9,0,157,47.74,47.74,0.0,672.259712,0.0
2019-01-20,9,0,158,0.0,0.0,0.0,0.0,0.0
2019-01-20,9,0,159,0.0,0.0,0.0,0.0,0.0
2019-01-20,9,0,160,0.37,0.37,0.0,4.914248,0.0
2019-01-20,9,0,161,3.35,3.35,0.0,45.961491,0.0
2019-01-20,9,0,162,2.15,2.15,0.0,35.438049,0.0
2019-01-20,9,0,163,20.96,20.96,0.0,318.377173,0.0
2019-01-20,9,0,164,0.63,0.63,0.0,8.477237,0.0
2019-01-20,9,0,167,0.8,0.8,0.0,13.187409,0.0
2019-01-20,9,0,168,0.4,0.4,0.0,6.593704,0.0
2019-01-20,9,0,169,0.0,0.0,0.0,0.0,0.0
2019-01-20,9,0,170,0.87,0.87,0.0,14.341307,0.0
2019-01-20,9,0,172,1.06,1.06,0.0,17.460745,0.0
2019-01-20,9,0,173,1.62,1.62,0.0,26.685289,0.0
2019-01-20,9,0,188,1.33,1.33,0.0,21.853819,0.0
2019-01-20,9,0,190,0.73,0.73,0.0,12.010308,0.0
2019-01-20,9,0,191,1.88,1.88,0.0,30.930657,0.0
2019-01-20,9,0,192,13.89,13.89,0.0,228.524909,0.0
2019-01-20,9,0,194,0.0,0.0,0.0,0.0,0.0
2019-01-20,9,0,196,0.52,0.52,0.0,8.408721,0.0
2019-01-20,9,0,198,1.79,1.79,0.0,23.207432,0.0
2019-01-20,9,0,199,6.57,6.57,0.0,81.112849,0.0
2019-01-20,9,0,200,2.69,2.69,0.0,33.210588,0.0
2019-01-20,9,0,204,10.99,10.99,0.0,148.005964,0.0
2019-01-20,9,0,205,0.0,0.0,0.0,0.0,0.0
2019-01-20,9,0,206,79.85,79.85,0.0,1074.422011,0.0
2019-01-20,9,0,210,0.48,0.48,0.0,5.659471,0.0
2019-01-20,9,0,214,2.64,2.64,0.0,36.8771,0.0
2019-01-20,9,0,217,1.88,1.88,0.0,24.471157,0.0
2019-01-20,9,0,218,2.6,2.6,0.0,33.84309,0.0
2019-01-20,9,0,219,1.77,1.77,0.0,23.039334,0.0
2019-01-20,9,0,221,1.41,1.41,0.0,19.695724,0.0
2019-01-20,9,0,225,1.53,1.53,0.0,17.89946,0.0
2019-01-20,9,0,233,1.37,1.37,0.0,19.029553,0.0
2019-01-20,9,0,236,24.28,24.28,0.0,332.245454,0.0
2019-01-20,9,0,237,26.0,26.0,0.0,354.025592,0.0
2019-01-20,9,0,238,12.01,12.01,0.0,164.895831,0.0
2019-01-20,9,0,240,1.65,1.65,0.0,22.216636,0.0
2019-01-20,9,0,245,78.0,78.0,0.0,1074.679669,0.0
2019-01-20,9,0,247,108.62,108.62,0.0,1496.560329,0.0
2019-01-20,9,0,248,2.61,2.61,0.0,35.538723,0.0
2019-01-20,9,0,249,150.0,150.0,0.0,2066.691672,0.0
2019-01-20,9,0,251,33.22,33.22,0.0,456.589666,0.0
2019-01-20,9,0,252,87.09,87.09,0.0,1197.760184,0.0
2019-01-20,9,0,254,2.72,2.72,0.0,36.361987,0.0
2019-01-20,9,0,255,1.25,1.25,0.0,16.710472,0.0
2019-01-20,9,0,258,2.05,2.05,0.0,27.580228,0.0
2019-01-20,9,0,260,0.91,0.91,0.0,12.086393,0.0
2019-01-20,9,0,265,7.32,7.32,0.0,98.791688,0.0
2019-01-20,9,0,266,3.09,3.09,0.0,41.703049,0.0
2019-01-20,9,0,267,3.79,3.79,0.0,51.150341,0.0
2019-01-20,9,0,270,65.45,65.45,0.0,994.169177,0.0
2019-01-20,9,0,272,16.93,16.93,0.0,225.838115,0.0
2019-01-20,9,0,273,1.9,1.9,0.0,28.860526,0.0
2019-01-20,9,0,274,84.38,84.38,0.0,1281.711156,0.0
2019-01-20,9,0,275,117.46,117.46,0.0,1784.188106,0.0
2019-01-20,9,0,276,0.45,0.45,0.0,6.724054,0.0
2019-01-20,9,0,277,0.62,0.62,0.0,8.290749,0.0
2019-01-20,9,0,278,0.99,0.99,0.0,13.238454,0.0
2019-01-20,9,0,279,15.69,15.69,0.0,209.80943,0.0
2019-01-20,9,0,281,3.7,3.7,0.0,49.78695,0.0
2019-01-20,9,0,282,12.9,12.9,0.0,173.581529,0.0
2019-01-20,10,0,9,1.16,1.16,0.0,8.770893,0.0
2019-01-20,10,0,17,27.96,27.96,0.0,279.543427,0.0
2019-01-20,10,0,19,349.46,349.46,0.0,3493.892918,0.0
2019-01-20,10,0,20,433.01,433.01,0.0,4329.223867,0.0
2019-01-20,10,0,21,26.59,26.59,0.0,201.050038,0.0
2019-01-20,10,0,22,94.48,94.48,0.0,714.374111,0.0
2019-01-20,10,0,23,36.3,36.3,0.0,274.468461,0.0
2019-01-20,10,0,24,64.23,64.23,0.0,485.650393,0.0
2019-01-20,10,0,29,4.65,4.65,0.0,41.823548,0.0
2019-01-20,10,0,30,220.77,220.77,0.0,1666.144726,0.0
2019-01-20,10,0,31,24.3,24.3,0.0,183.391389,0.0
2019-01-20,10,0,32,2.45,2.45,0.0,39.661137,0.0
2019-01-20,10,0,33,1.5,1.5,0.0,15.742836,0.0
2019-01-20,10,0,34,2.4,2.4,0.0,25.188538,0.0
2019-01-20,10,0,35,2.4,2.4,0.0,25.188538,0.0
2019-01-20,10,0,36,5.26,5.26,0.0,48.19235,0.0
2019-01-20,10,0,37,2.45,2.45,0.0,22.395954,0.0
2019-01-20,10,0,38,3.15,3.15,0.0,28.794798,0.0
2019-01-20,10,0,39,2.1,2.1,0.0,19.196532,0.0
2019-01-20,10,0,40,2.1,2.1,0.0,19.196532,0.0
2019-01-20,10,0,41,6.53,6.53,0.0,54.289524,0.0
2019-01-20,10,0,42,31.51,31.51,0.0,311.639913,0.0
2019-01-20,10,0,43,16.43,16.43,0.0,151.30716,0.0
2019-01-20,10,0,46,14.26,14.26,0.0,128.048113,0.0
2019-01-20,10,0,52,25.77,25.77,0.0,194.485435,0.0
2019-01-20,10,0,53,41.1,41.1,0.0,310.180497,0.0
2019-01-20,10,0,55,40.91,40.91,0.0,309.3252,0.0
2019-01-20,10,0,56,65.12,65.12,0.0,491.458733,0.0
2019-01-20,10,0,57,61.94,61.94,0.0,467.459366,0.0
2019-01-20,10,0,58,119.12,119.12,0.0,898.995152,0.0
2019-01-20,10,0,59,117.13,117.13,0.0,883.976681,0.0
2019-01-20,10,0,63,2.11,2.11,0.0,36.152408,0.0
2019-01-20,10,0,64,2.48,2.48,0.0,42.49193,0.0
2019-01-20,10,0,65,15.68,15.68,0.0,156.454321,0.0
2019-01-20,10,0,67,117.38,117.38,0.0,548.4335,0.0
2019-01-20,10,0,68,5.59,5.59,0.0,30.51565,0.0
2019-01-20,10,0,69,1.5,1.5,0.0,15.742836,0.0
2019-01-20,10,0,74,18.62,18.62,0.0,175.428867,0.0
2019-01-20,10,0,77,17.82,17.82,0.0,110.571986,0.0
2019-01-20,10,0,78,13.48,13.48,0.0,83.642557,0.0
2019-01-20,10,0,79,7.8,7.8,0.0,48.398512,0.0
2019-01-20,10,0,80,12.61,12.61,0.0,78.244261,0.0
2019-01-20,10,0,81,16.49,16.49,0.0,102.319419,0.0
2019-01-20,10,0,82,11.63,11.63,0.0,72.163423,0.0
2019-01-20,10,0,83,25.94,25.94,0.0,160.956078,0.0
2019-01-20,10,0,84,0.0,0.0,0.0,0.0,0.0
2019-01-20,10,0,86,7.6,7.6,0.0,79.763703,0.0
2019-01-20,10,0,87,38.79,38.79,0.0,407.109742,0.0
2019-01-20,10,0,88,26.61,26.61,0.0,165.113386,0.0
2019-01-20,10,0,89,25.45,25.45,0.0,157.915658,0.0
2019-01-20,10,0,90,35.34,35.34,0.0,219.28249,0.0
2019-01-20,10,0,91,130.94,130.94,0.0,812.474511,0.0
2019-01-20,10,0,92,46.39,46.39,0.0,287.847049,0.0
2019-01-20,10,0,95,9.97,9.97,0.0,161.396235,0.0
2019-01-20,10,0,96,6.12,6.12,0.0,46.096996,0.0
2019-01-20,10,0,97,37.61,37.61,0.0,283.285626,0.0
2019-01-20,10,0,99,3.83,3.83,0.0,36.084455,0.0
2019-01-20,10,0,101,4.45,4.45,0.0,33.58402,0.0
2019-01-20,10,0,102,13.24,13.24,0.0,72.27678,0.0
2019-01-20,10,0,103,11.52,11.52,0.0,62.88735,0.0
2019-01-20,10,0,104,2.14,2.14,0.0,11.682199,0.0
2019-01-20,10,0,106,93.01,93.01,0.0,703.259272,0.0
2019-01-20,10,0,109,0.0,0.0,0.0,0.0,0.0
2019-01-20,10,0,110,280.63,280.63,0.0,635.128856,0.0
2019-01-20,10,0,111,7.94,7.94,0.0,66.012071,0.0
2019-01-20,10,0,113,23.21,23.21,0.0,140.796164,0.0
2019-01-20,10,0,115,23.21,23.21,0.0,140.796164,0.0
2019-01-20,10,0,116,48.63,48.63,0.0,110.060636,0.0
2019-01-20,10,0,117,1.55,1.55,0.0,9.402587,0.0
2019-01-20,10,0,119,2.48,2.48,0.0,42.49193,0.0
2019-01-20,10,0,120,1.46,1.46,0.0,25.015411,0.0
2019-01-20,10,0,123,1.55,1.55,0.0,11.719728,0.0
2019-01-20,10,0,125,58.12,58.12,0.0,439.451983,0.0
2019-01-20,10,0,126,69.76,69.76,0.0,527.463357,0.0
2019-01-20,10,0,127,89.52,89.52,0.0,676.870982,0.0
2019-01-20,10,0,128,83.25,83.25,0.0,629.462794,0.0
2019-01-20,10,0,131,9.24,9.24,0.0,52.382202,0.0
2019-01-20,10,0,132,14.91,14.91,0.0,84.525825,0.0
2019-01-20,10,0,133,41.94,41.94,0.0,419.394257,0.0
2019-01-20,10,0,134,0.0,0.0,0.0,0.0,0.0
2019-01-20,10,0,135,56.2,56.2,0.0,561.992305,0.0
2019-01-20,10,0,136,26.05,26.05,0.0,259.897071,0.0
2019-01-20,10,0,139,8.44,8.44,0.0,70.169002,0.0
2019-01-20,10,0,140,207.69,207.69,0.0,470.049218,0.0
2019-01-20,10,0,141,134.56,134.56,0.0,628.703457,0.0
2019-01-20,10,0,142,154.79,154.79,0.0,723.2239,0.0
2019-01-20,10,0,143,26.7,26.7,0.0,201.504118,0.0
2019-01-20,10,0,145,2.59,2.59,0.0,20.724815,0.0
2019-01-20,10,0,146,268.0,268.0,0.0,606.544323,0.0
2019-01-20,10,0,152,3.68,3.68,0.0,34.685425,0.0
2019-01-20,10,0,153,4.59,4.59,0.0,43.143413,0.0
2019-01-20,10,0,154,32.77,32.77,0.0,272.445285,0.0
2019-01-20,10,0,157,51.41,51.41,0.0,240.202473,0.0
2019-01-20,10,0,158,98.85,98.85,0.0,461.85595,0.0
2019-01-20,10,0,159,0.0,0.0,0.0,0.0,0.0
2019-01-20,10,0,160,1.3,1.3,0.0,12.287335,0.0
2019-01-20,10,0,161,23.73,23.73,0.0,129.541389,0.0
2019-01-20,10,0,162,4.36,4.36,0.0,70.637728,0.0
2019-01-20,10,0,163,15.95,15.95,0.0,36.09844,0.0
2019-01-20,10,0,164,8.15,8.15,0.0,61.507811,0.0
2019-01-20,10,0,167,2.89,2.89,0.0,46.715029,0.0
2019-01-20,10,0,168,1.44,1.44,0.0,23.276693,0.0
2019-01-20,10,0,169,0.0,0.0,0.0,0.0,0.0
2019-01-20,10,0,170,3.16,3.16,0.0,51.079409,0.0
2019-01-20,10,0,172,3.78,3.78,0.0,58.384468,0.0
2019-01-20,10,0,173,5.77,5.77,0.0,89.121265,0.0
2019-01-20,10,0,188,5.0,5.0,0.0,79.058264,0.0
2019-01-20,10,0,190,3.89,3.89,0.0,66.650649,0.0
2019-01-20,10,0,191,10.05,10.05,0.0,172.195121,0.0
2019-01-20,10,0,192,16.29,16.29,0.0,279.1103,0.0
2019-01-20,10,0,194,3.03,3.03,0.0,19.76257,0.0
2019-01-20,10,0,196,2.75,2.75,0.0,50.161368,0.0
2019-01-20,10,0,198,5.91,5.91,0.0,57.680008,0.0
2019-01-20,10,0,199,6.37,6.37,0.0,59.983717,0.0
2019-01-20,10,0,200,9.41,9.41,0.0,88.610169,0.0
2019-01-20,10,0,204,0.0,0.0,0.0,0.0,0.0
2019-01-20,10,0,205,0.0,0.0,0.0,0.0,0.0
2019-01-20,10,0,206,110.5,110.5,0.0,832.306878,0.0
2019-01-20,10,0,210,1.35,1.35,0.0,12.344859,0.0
2019-01-20,10,0,214,7.8,7.8,0.0,84.159816,0.0
2019-01-20,10,0,217,5.42,5.42,0.0,54.603339,0.0
2019-01-20,10,0,218,7.48,7.48,0.0,75.356638,0.0
2019-01-20,10,0,219,5.09,5.09,0.0,51.278781,0.0
2019-01-20,10,0,221,4.16,4.16,0.0,44.885235,0.0
2019-01-20,10,0,225,4.27,4.27,0.0,38.343843,0.0
2019-01-20,10,0,233,4.3,4.3,0.0,45.129464,0.0
2019-01-20,10,0,236,35.44,35.44,0.0,344.580329,0.0
2019-01-20,10,0,237,43.51,43.51,0.0,409.930719,0.0
2019-01-20,10,0,238,41.02,41.02,0.0,405.695628,0.0
2019-01-20,10,0,240,5.97,5.97,0.0,54.697401,0.0
2019-01-20,10,0,245,78.0,78.0,0.0,785.585212,0.0
2019-01-20,10,0,247,134.16,134.16,0.0,1351.206564,0.0
2019-01-20,10,0,248,4.75,4.75,0.0,44.752262,0.0
2019-01-20,10,0,249,150.0,150.0,0.0,1510.740792,0.0
2019-01-20,10,0,251,32.17,32.17,0.0,319.93324,0.0
2019-01-20,10,0,252,101.12,101.12,0.0,1008.970722,0.0
2019-01-20,10,0,254,9.1,9.1,0.0,84.357694,0.0
2019-01-20,10,0,255,4.17,4.17,0.0,38.656218,0.0
2019-01-20,10,0,258,7.44,7.44,0.0,68.22227,0.0
2019-01-20,10,0,260,3.16,3.16,0.0,29.867677,0.0
2019-01-20,10,0,265,33.93,33.93,0.0,282.089366,0.0
2019-01-20,10,0,266,5.46,5.46,0.0,45.393691,0.0
2019-01-20,10,0,267,6.72,6.72,0.0,55.869158,0.0
2019-01-20,10,0,270,49.77,49.77,0.0,112.640712,0.0
2019-01-20,10,0,272,77.56,77.56,0.0,470.493342,0.0
2019-01-20,10,0,273,11.63,11.63,0.0,26.321308,0.0
2019-01-20,10,0,274,64.16,64.16,0.0,145.208521,0.0
2019-01-20,10,0,275,89.3,89.3,0.0,202.106,0.0
2019-01-20,10,0,276,2.66,2.66,0.0,7.450976,0.0
2019-01-20,10,0,277,3.32,3.32,0.0,20.32442,0.0
2019-01-20,10,0,278,5.32,5.32,0.0,32.568047,0.0
2019-01-20,10,0,279,33.07,33.07,0.0,202.448368,0.0
2019-01-20,10,0,281,10.83,10.83,0.0,81.733693,0.0
2019-01-20,10,0,282,121.11,121.11,0.0,914.013624,0.0
2019-01-20,11,0,9,1.97,1.97,0.0,10.819207,0.0
2019-01-20,11,0,17,42.47,42.47,0.0,420.904046,0.0
2019-01-20,11,0,19,192.99,192.99,0.0,1912.650622,0.0
2019-01-20,11,0,20,234.06,234.06,0.0,2319.6798,0.0
2019-01-20,11,0,21,45.02,45.02,0.0,247.249079,0.0
2019-01-20,11,0,22,159.99,159.99,0.0,878.662374,0.0
2019-01-20,11,0,23,24.47,24.47,0.0,134.388826,0.0
2019-01-20,11,0,24,43.27,43.27,0.0,237.638108,0.0
2019-01-20,11,0,29,6.88,6.88,0.0,56.148577,0.0
2019-01-20,11,0,30,378.31,378.31,0.0,2067.951277,0.0
2019-01-20,11,0,31,12.06,12.06,0.0,65.923429,0.0
2019-01-20,11,0,32,3.8,3.8,0.0,65.589845,0.0
2019-01-20,11,0,33,2.27,2.27,0.0,24.538011,0.0
2019-01-20,11,0,34,3.63,3.63,0.0,39.239198,0.0
2019-01-20,11,0,35,3.63,3.63,0.0,39.239198,0.0
2019-01-20,11,0,36,8.12,8.12,0.0,68.222641,0.0
2019-01-20,11,0,37,3.77,3.77,0.0,31.534358,0.0
2019-01-20,11,0,38,4.85,4.85,0.0,40.568074,0.0
2019-01-20,11,0,39,3.23,3.23,0.0,27.017501,0.0
2019-01-20,11,0,40,3.23,3.23,0.0,27.017501,0.0
2019-01-20,11,0,41,6.77,6.77,0.0,46.434451,0.0
2019-01-20,11,0,42,48.51,48.51,0.0,471.310167,0.0
2019-01-20,11,0,43,25.3,25.3,0.0,214.796369,0.0
2019-01-20,11,0,46,22.21,22.21,0.0,179.263988,0.0
2019-01-20,11,0,52,12.82,12.82,0.0,70.077808,0.0
2019-01-20,11,0,53,20.88,20.88,0.0,114.136086,0.0
2019-01-20,11,0,55,79.39,79.39,0.0,436.008537,0.0
2019-01-20,11,0,56,111.59,111.59,0.0,609.983038,0.0
2019-01-20,11,0,57,106.14,106.14,0.0,580.19177,0.0
2019-01-20,11,0,58,204.12,204.12,0.0,1115.778633,0.0
2019-01-20,11,0,59,200.72,200.72,0.0,1097.193255,0.0
2019-01-20,11,0,63,5.97,5.97,0.0,124.394437,0.0
2019-01-20,11,0,64,7.02,7.02,0.0,146.272856,0.0
2019-01-20,11,0,65,16.31,16.31,0.0,161.05175,0.0
2019-01-20,11,0,67,202.57,202.57,0.0,-1946.755662,0.0
2019-01-20,11,0,68,10.91,10.91,0.0,-30.590904,0.0
2019-01-20,11,0,69,2.27,2.27,0.0,24.538011,0.0
2019-01-20,11,0,74,25.32,25.32,0.0,224.536556,0.0
2019-01-20,11,0,77,30.34,30.34,0.0,91.871163,0.0
2019-01-20,11,0,78,22.94,22.94,0.0,69.463562,0.0
2019-01-20,11,0,79,13.27,13.27,0.0,40.182279,0.0
2019-01-20,11,0,80,21.46,21.46,0.0,64.982042,0.0
2019-01-20,11,0,81,28.06,28.06,0.0,84.9672,0.0
2019-01-20,11,0,82,19.8,19.8,0.0,59.955472,0.0
2019-01-20,11,0,83,44.14,44.14,0.0,133.658311,0.0
2019-01-20,11,0,84,0.0,0.0,0.0,0.0,0.0
2019-01-20,11,0,86,11.49,11.49,0.0,124.203413,0.0
2019-01-20,11,0,87,58.68,58.68,0.0,634.312991,0.0
2019-01-20,11,0,88,22.59,22.59,0.0,68.403744,0.0
2019-01-20,11,0,89,21.71,21.71,0.0,65.739056,0.0
2019-01-20,11,0,90,29.15,29.15,0.0,88.267779,0.0
2019-01-20,11,0,91,103.99,103.99,0.0,314.887352,0.0
2019-01-20,11,0,92,37.4,37.4,0.0,113.249226,0.0
2019-01-20,11,0,95,4.09,4.09,0.0,71.175609,0.0
2019-01-20,11,0,96,12.35,12.35,0.0,67.177002,0.0
2019-01-20,11,0,97,90.75,90.75,0.0,493.628578,0.0
2019-01-20,11,0,99,5.43,5.43,0.0,48.152982,0.0
2019-01-20,11,0,101,7.62,7.62,0.0,41.653112,0.0
2019-01-20,11,0,102,25.83,25.83,0.0,-72.425576,0.0
2019-01-20,11,0,103,22.46,22.46,0.0,-62.976324,0.0
2019-01-20,11,0,104,4.17,4.17,0.0,-11.692399,0.0
2019-01-20,11,0,106,157.5,157.5,0.0,864.987337,0.0
2019-01-20,11,0,109,0.0,0.0,0.0,0.0,0.0
2019-01-20,11,0,110,338.6,338.6,0.0,-10311.556907,0.0
2019-01-20,11,0,111,12.74,12.74,0.0,87.381817,0.0
2019-01-20,11,0,113,24.12,24.12,0.0,93.361346,0.0
2019-01-20,11,0,115,24.12,24.12,0.0,93.361346,0.0
2019-01-20,11,0,116,80.62,80.62,0.0,-2455.1616,0.0
2019-01-20,11,0,117,1.62,1.62,0.0,6.270538,0.0
2019-01-20,11,0,119,7.02,7.02,0.0,146.272856,0.0
2019-01-20,11,0,120,4.13,4.13,0.0,86.055113,0.0
2019-01-20,11,0,123,2.62,2.62,0.0,14.388996,0.0
2019-01-20,11,0,125,39.16,39.16,0.0,215.066058,0.0
2019-01-20,11,0,126,118.12,118.12,0.0,648.713043,0.0
2019-01-20,11,0,127,151.59,151.59,0.0,832.529717,0.0
2019-01-20,11,0,128,56.08,56.08,0.0,307.990412,0.0
2019-01-20,11,0,131,12.76,12.76,0.0,-12.583466,0.0
2019-01-20,11,0,132,18.76,18.76,0.0,-18.500457,0.0
2019-01-20,11,0,133,41.94,41.94,0.0,415.794469,0.0
2019-01-20,11,0,134,0.0,0.0,0.0,0.0,0.0
2019-01-20,11,0,135,56.2,56.2,0.0,557.168554,0.0
2019-01-20,11,0,136,25.86,25.86,0.0,255.301042,0.0
2019-01-20,11,0,139,8.74,8.74,0.0,59.946396,0.0
2019-01-20,11,0,140,250.6,250.6,0.0,-7631.648437,0.0
2019-01-20,11,0,141,152.22,152.22,0.0,-1462.877755,0.0
2019-01-20,11,0,142,267.14,267.14,0.0,-2567.291837,0.0
2019-01-20,11,0,143,11.62,11.62,0.0,63.518262,0.0
2019-01-20,11,0,145,11.13,11.13,0.0,70.039628,0.0
2019-01-20,11,0,146,268.0,268.0,0.0,-8161.53943,0.0
2019-01-20,11,0,152,5.68,5.68,0.0,50.413162,0.0
2019-01-20,11,0,153,7.08,7.08,0.0,62.506846,0.0
2019-01-20,11,0,154,52.55,52.55,0.0,360.432849,0.0
2019-01-20,11,0,157,62.14,62.14,0.0,-597.18318,0.0
2019-01-20,11,0,158,185.29,185.29,0.0,-1780.689918,0.0
2019-01-20,11,0,159,0.0,0.0,0.0,0.0,0.0
2019-01-20,11,0,160,2.0,2.0,0.0,17.870356,0.0
2019-01-20,11,0,161,39.89,39.89,0.0,-111.848867,0.0
2019-01-20,11,0,162,0.0,0.0,0.0,0.0,0.0
2019-01-20,11,0,163,47.35,47.35,0.0,-1441.973478,0.0
2019-01-20,11,0,164,14.33,14.33,0.0,78.331902,0.0
2019-01-20,11,0,167,4.45,4.45,0.0,76.991913,0.0
2019-01-20,11,0,168,2.23,2.23,0.0,38.582464,0.0
2019-01-20,11,0,169,0.0,0.0,0.0,0.0,0.0
2019-01-20,11,0,170,4.87,4.87,0.0,84.258565,0.0
2019-01-20,11,0,172,5.82,5.82,0.0,94.659233,0.0
2019-01-20,11,0,173,8.87,8.87,0.0,144.265875,0.0
2019-01-20,11,0,188,7.75,7.75,0.0,128.91282,0.0
2019-01-20,11,0,190,6.36,6.36,0.0,132.520707,0.0
2019-01-20,11,0,191,16.43,16.43,0.0,342.34516,0.0
2019-01-20,11,0,192,45.16,45.16,0.0,940.980366,0.0
2019-01-20,11,0,194,6.89,6.89,0.0,66.993306,0.0
2019-01-20,11,0,196,4.48,4.48,0.0,125.29821,0.0
2019-01-20,11,0,198,8.98,8.98,0.0,85.368225,0.0
2019-01-20,11,0,199,5.01,5.01,0.0,53.321942,0.0
2019-01-20,11,0,200,14.44,14.44,0.0,153.686395,0.0
2019-01-20,11,0,204,0.0,0.0,0.0,0.0,0.0
2019-01-20,11,0,205,0.0,0.0,0.0,0.0,0.0
2019-01-20,11,0,206,346.87,346.87,0.0,1886.776252,0.0
2019-01-20,11,0,210,1.99,1.99,0.0,16.77733,0.0
2019-01-20,11,0,214,11.65,11.65,0.0,132.136192,0.0
2019-01-20,11,0,217,8.11,8.11,0.0,81.721859,0.0
2019-01-20,11,0,218,11.19,11.19,0.0,112.758028,0.0
2019-01-20,11,0,219,7.62,7.62,0.0,76.784287,0.0
2019-01-20,11,0,221,6.21,6.21,0.0,70.434828,0.0
2019-01-20,11,0,225,6.35,6.35,0.0,51.657795,0.0
2019-01-20,11,0,233,6.5,6.5,0.0,70.263027,0.0
2019-01-20,11,0,236,34.84,34.84,0.0,327.961147,0.0
2019-01-20,11,0,237,56.46,56.46,0.0,500.684594,0.0
2019-01-20,11,0,238,63.14,63.14,0.0,613.451329,0.0
2019-01-20,11,0,240,9.2,9.2,0.0,77.296589,0.0
2019-01-20,11,0,245,78.0,78.0,0.0,783.412402,0.0
2019-01-20,11,0,247,114.39,114.39,0.0,1148.904418,0.0
2019-01-20,11,0,248,6.72,6.72,0.0,59.59264,0.0
2019-01-20,11,0,249,150.0,150.0,0.0,1506.562311,0.0
2019-01-20,11,0,251,40.96,40.96,0.0,402.02152,0.0
2019-01-20,11,0,252,105.22,105.22,0.0,1038.986213,0.0
2019-01-20,11,0,254,13.88,13.88,0.0,119.391487,0.0
2019-01-20,11,0,255,6.36,6.36,0.0,54.706762,0.0
2019-01-20,11,0,258,11.48,11.48,0.0,96.61618,0.0
2019-01-20,11,0,260,4.85,4.85,0.0,43.335612,0.0
2019-01-20,11,0,265,54.41,54.41,0.0,373.19032,0.0
2019-01-20,11,0,266,5.66,5.66,0.0,38.821121,0.0
2019-01-20,11,0,267,6.95,6.95,0.0,47.669045,0.0
2019-01-20,11,0,270,160.18,160.18,0.0,-4878.042485,0.0
2019-01-20,11,0,272,80.56,80.56,0.0,311.823798,0.0
2019-01-20,11,0,273,19.28,19.28,0.0,-587.143583,0.0
2019-01-20,11,0,274,209.19,209.19,0.0,-6370.568781,0.0
2019-01-20,11,0,275,295.15,295.15,0.0,-8988.3521,0.0
2019-01-20,11,0,276,4.4,4.4,0.0,-113.51848,0.0
2019-01-20,11,0,277,5.44,5.44,0.0,19.218819,0.0
2019-01-20,11,0,278,8.7,8.7,0.0,30.73598,0.0
2019-01-20,11,0,279,65.38,65.38,0.0,230.97912,0.0
2019-01-20,11,0,281,5.26,5.26,0.0,28.752673,0.0
2019-01-20,11,0,282,207.52,207.52,0.0,1134.364011,0.0
2019-01-20,12,0,9,2.79,2.79,0.0,-19.071067,0.0
2019-01-20,12,0,17,55.73,55.73,0.0,361.319598,0.0
2019-01-20,12,0,19,192.99,192.99,0.0,1251.230384,0.0
2019-01-20,12,0,20,234.06,234.06,0.0,1517.503413,0.0
2019-01-20,12,0,21,63.89,63.89,0.0,-436.72061,0.0
2019-01-20,12,0,22,227.07,227.07,0.0,-1552.138816,0.0
2019-01-20,12,0,23,26.56,26.56,0.0,-181.551094,0.0
2019-01-20,12,0,24,44.47,44.47,0.0,-303.975044,0.0
2019-01-20,12,0,29,8.9,8.9,0.0,53.043227,0.0
2019-01-20,12,0,30,543.32,543.32,0.0,-3757.74626,0.0
2019-01-20,12,0,31,6.49,6.49,0.0,-44.886574,0.0
2019-01-20,12,0,32,5.13,5.13,0.0,252.011804,0.0
2019-01-20,12,0,33,2.98,2.98,0.0,26.882331,0.0
2019-01-20,12,0,34,4.77,4.77,0.0,43.029772,0.0
2019-01-20,12,0,35,4.77,4.77,0.0,43.029772,0.0
2019-01-20,12,0,36,11.07,11.07,0.0,26.606166,0.0
2019-01-20,12,0,37,5.22,5.22,0.0,12.147568,0.0
2019-01-20,12,0,38,6.71,6.71,0.0,15.614977,0.0
2019-01-20,12,0,39,4.47,4.47,0.0,10.402227,0.0
2019-01-20,12,0,40,4.47,4.47,0.0,10.402227,0.0
2019-01-20,12,0,41,9.72,9.72,0.0,-25.11337,0.0
2019-01-20,12,0,42,68.18,68.18,0.0,404.535747,0.0
2019-01-20,12,0,43,33.94,33.94,0.0,96.696907,0.0
2019-01-20,12,0,46,29.76,29.76,0.0,42.797457,0.0
2019-01-20,12,0,52,6.88,6.88,0.0,-47.583918,0.0
2019-01-20,12,0,53,10.93,10.93,0.0,-75.5948,0.0
2019-01-20,12,0,55,114.39,114.39,0.0,-781.913767,0.0
2019-01-20,12,0,56,160.26,160.26,0.0,-1108.400971,0.0
2019-01-20,12,0,57,152.44,152.44,0.0,-1054.315762,0.0
2019-01-20,12,0,58,293.16,293.16,0.0,-2027.572873,0.0
2019-01-20,12,0,59,288.27,288.27,0.0,-1993.752327,0.0
2019-01-20,12,0,63,13.51,13.51,0.0,1599.037181,0.0
2019-01-20,12,0,64,15.89,15.89,0.0,1880.73285,0.0
2019-01-20,12,0,65,17.08,17.08,0.0,108.991192,0.0
2019-01-20,12,0,67,286.43,286.43,0.0,-158441.830946,0.0
2019-01-20,12,0,68,19.02,19.02,0.0,-7745.806971,0.0
2019-01-20,12,0,69,2.98,2.98,0.0,26.882331,0.0
2019-01-20,12,0,74,38.11,38.11,0.0,133.929287,0.0
2019-01-20,12,0,77,48.47,48.47,0.0,-13825.738076,0.0
2019-01-20,12,0,78,36.64,36.64,0.0,-10451.310978,0.0
2019-01-20,12,0,79,21.2,21.2,0.0,-6047.155915,0.0
2019-01-20,12,0,80,34.29,34.29,0.0,-9780.98945,0.0
2019-01-20,12,0,81,44.83,44.83,0.0,-12787.452815,0.0
2019-01-20,12,0,82,31.62,31.62,0.0,-9019.390096,0.0
2019-01-20,12,0,83,70.52,70.52,0.0,-20115.350715,0.0
2019-01-20,12,0,84,0.0,0.0,0.0,0.0,0.0
2019-01-20,12,0,86,15.09,15.09,0.0,136.125631,0.0
2019-01-20,12,0,87,77.04,77.04,0.0,694.971411,0.0
2019-01-20,12,0,88,35.9,35.9,0.0,-10240.231008,0.0
2019-01-20,12,0,89,34.51,34.51,0.0,-9843.742955,0.0
2019-01-20,12,0,90,46.34,46.34,0.0,-13218.170053,0.0
2019-01-20,12,0,91,165.29,165.29,0.0,-47147.849116,0.0
2019-01-20,12,0,92,59.44,59.44,0.0,-16954.856019,0.0
2019-01-20,12,0,95,0.0,0.0,0.0,0.0,0.0
2019-01-20,12,0,96,20.49,20.49,0.0,-143.443694,0.0
2019-01-20,12,0,97,126.01,126.01,0.0,-882.154214,0.0
2019-01-20,12,0,99,7.35,7.35,0.0,25.829973,0.0
2019-01-20,12,0,101,10.94,10.94,0.0,-75.663962,0.0
2019-01-20,12,0,102,45.02,45.02,0.0,-18334.186638,0.0
2019-01-20,12,0,103,39.15,39.15,0.0,-15943.656306,0.0
2019-01-20,12,0,104,7.27,7.27,0.0,-2960.673853,0.0
2019-01-20,12,0,106,223.53,223.53,0.0,-1527.941117,0.0
2019-01-20,12,0,109,0.0,0.0,0.0,0.0,0.0
2019-01-20,12,0,110,338.6,338.6,0.0,-338600.0,0.0
2019-01-20,12,0,111,17.37,17.37,0.0,-44.878523,0.0
2019-01-20,12,0,113,21.45,21.45,0.0,-5517.904153,0.0
2019-01-20,12,0,115,21.45,21.45,0.0,-5517.904153,0.0
2019-01-20,12,0,116,112.11,112.11,0.0,-112110.0,0.0
2019-01-20,12,0,117,1.43,1.43,0.0,-367.860277,0.0
2019-01-20,12,0,119,15.89,15.89,0.0,1880.73285,0.0
2019-01-20,12,0,120,9.34,9.34,0.0,1105.477962,0.0
2019-01-20,12,0,123,3.73,3.73,0.0,-25.496445,0.0
2019-01-20,12,0,125,40.69,40.69,0.0,-278.136823,0.0
2019-01-20,12,0,126,167.65,167.65,0.0,-1145.972927,0.0
2019-01-20,12,0,127,215.15,215.15,0.0,-1470.65956,0.0
2019-01-20,12,0,128,55.78,55.78,0.0,-381.28464,0.0
2019-01-20,12,0,131,21.65,21.65,0.0,-7973.172608,0.0
2019-01-20,12,0,132,31.83,31.83,0.0,-11722.220976,0.0
2019-01-20,12,0,133,41.94,41.94,0.0,272.317326,0.0
2019-01-20,12,0,134,0.0,0.0,0.0,0.0,0.0
2019-01-20,12,0,135,56.2,56.2,0.0,364.907814,0.0
2019-01-20,12,0,136,25.73,25.73,0.0,164.044393,0.0
2019-01-20,12,0,139,12.56,12.56,0.0,-32.451022,0.0
2019-01-20,12,0,140,250.6,250.6,0.0,-250600.0,0.0
2019-01-20,12,0,141,188.27,188.27,0.0,-104143.572643,0.0
2019-01-20,12,0,142,377.72,377.72,0.0,-208939.874961,0.0
2019-01-20,12,0,143,5.43,5.43,0.0,-37.555331,0.0
2019-01-20,12,0,145,12.37,12.37,0.0,-53.269138,0.0
2019-01-20,12,0,146,268.0,268.0,0.0,-268000.0,0.0
2019-01-20,12,0,152,7.95,7.95,0.0,28.446937,0.0
2019-01-20,12,0,153,9.93,9.93,0.0,34.227723,0.0
2019-01-20,12,0,154,71.67,71.67,0.0,-185.172351,0.0
2019-01-20,12,0,157,74.4,74.4,0.0,-41155.159105,0.0
2019-01-20,12,0,158,261.89,261.89,0.0,-144867.266371,0.0
2019-01-20,12,0,159,0.0,0.0,0.0,0.0,0.0
2019-01-20,12,0,160,2.7,2.7,0.0,12.283968,0.0
2019-01-20,12,0,161,56.12,56.12,0.0,-22854.610265,0.0
2019-01-20,12,0,162,0.0,0.0,0.0,0.0,0.0
2019-01-20,12,0,163,94.28,94.28,0.0,-94280.0,0.0
2019-01-20,12,0,164,20.63,20.63,0.0,-142.682591,0.0
2019-01-20,12,0,167,5.96,5.96,0.0,114.437425,0.0
2019-01-20,12,0,168,2.98,2.98,0.0,57.218712,0.0
2019-01-20,12,0,169,0.0,0.0,0.0,0.0,0.0
2019-01-20,12,0,170,6.52,6.52,0.0,125.189934,0.0
2019-01-20,12,0,172,7.72,7.72,0.0,145.082584,0.0
2019-01-20,12,0,173,11.77,11.77,0.0,221.194561,0.0
2019-01-20,12,0,188,10.6,10.6,0.0,304.879208,0.0
2019-01-20,12,0,190,8.78,8.78,0.0,284.713951,0.0
2019-01-20,12,0,191,22.67,22.67,0.0,735.13272,0.0
2019-01-20,12,0,192,97.0,97.0,0.0,3145.47304,0.0
2019-01-20,12,0,194,13.6,13.6,0.0,-1666.122529,0.0
2019-01-20,12,0,196,6.14,6.14,0.0,1673.612064,0.0
2019-01-20,12,0,198,11.88,11.88,0.0,84.882649,0.0
2019-01-20,12,0,199,4.62,4.62,0.0,-114.32681,0.0
2019-01-20,12,0,200,19.64,19.64,0.0,-486.012671,0.0
2019-01-20,12,0,204,0.0,0.0,0.0,-0.0,0.0
2019-01-20,12,0,205,0.0,0.0,0.0,0.0,0.0
2019-01-20,12,0,206,370.28,370.28,0.0,-2592.207463,0.0
2019-01-20,12,0,210,2.56,2.56,0.0,16.932366,0.0
2019-01-20,12,0,214,15.42,15.42,0.0,162.261255,0.0
2019-01-20,12,0,217,10.56,10.56,0.0,93.308751,0.0
2019-01-20,12,0,218,14.57,14.57,0.0,128.741335,0.0
2019-01-20,12,0,219,9.93,9.93,0.0,87.742036,0.0
2019-01-20,12,0,221,8.23,8.23,0.0,86.602472,0.0
2019-01-20,12,0,225,8.07,8.07,0.0,47.586581,0.0
2019-01-20,12,0,233,8.54,8.54,0.0,77.038627,0.0
2019-01-20,12,0,236,34.37,34.37,0.0,174.73623,0.0
2019-01-20,12,0,237,91.41,91.41,0.0,321.240518,0.0
2019-01-20,12,0,238,88.74,88.74,0.0,526.525406,0.0
2019-01-20,12,0,240,12.55,12.55,0.0,30.163268,0.0
2019-01-20,12,0,245,78.0,78.0,0.0,535.012287,0.0
2019-01-20,12,0,247,96.99,96.99,0.0,665.267202,0.0
2019-01-20,12,0,248,9.18,9.18,0.0,32.261109,0.0
2019-01-20,12,0,249,150.0,150.0,0.0,1028.869783,0.0
2019-01-20,12,0,251,54.48,54.48,0.0,338.509229,0.0
2019-01-20,12,0,252,110.18,110.18,0.0,703.082524,0.0
2019-01-20,12,0,254,19.02,19.02,0.0,62.30545,0.0
2019-01-20,12,0,255,8.72,8.72,0.0,28.564854,0.0
2019-01-20,12,0,258,15.55,15.55,0.0,38.492731,0.0
2019-01-20,12,0,260,6.55,6.55,0.0,29.799997,0.0
2019-01-20,12,0,265,74.2,74.2,0.0,-191.709062,0.0
2019-01-20,12,0,266,8.13,8.13,0.0,-21.005319,0.0
2019-01-20,12,0,267,9.99,9.99,0.0,-25.810964,0.0
2019-01-20,12,0,270,294.42,294.42,0.0,-294420.0,0.0
2019-01-20,12,0,272,71.7,71.7,0.0,-18444.462833,0.0
2019-01-20,12,0,273,26.81,26.81,0.0,-26810.0,0.0
2019-01-20,12,0,274,379.54,379.54,0.0,-379540.0,0.0
2019-01-20,12,0,275,528.33,528.33,0.0,-528330.0,0.0
2019-01-20,12,0,276,6.09,6.09,0.0,-5482.402072,0.0
2019-01-20,12,0,277,7.51,7.51,0.0,-2016.208956,0.0
2019-01-20,12,0,278,12.01,12.01,0.0,-3224.323511,0.0
2019-01-20,12,0,279,114.0,114.0,0.0,-30605.568713,0.0
2019-01-20,12,0,281,2.91,2.91,0.0,-20.126337,0.0
2019-01-20,12,0,282,298.04,298.04,0.0,-2061.324257,0.0
2019-01-20,13,0,9,3.36,3.36,0.0,-42.855928,0.0
2019-01-20,13,0,17,61.54,61.54,0.0,354.864999,0.0
2019-01-20,13,0,19,192.99,192.99,0.0,1112.859865,0.0
2019-01-20,13,0,20,234.06,234.06,0.0,1349.686408,0.0
2019-01-20,13,0,21,76.84,76.84,0.0,-980.074253,0.0
2019-01-20,13,0,22,273.07,273.07,0.0,-3482.936963,0.0
2019-01-20,13,0,23,80.49,80.49,0.0,-1026.629055,0.0
2019-01-20,13,0,24,140.57,140.57,0.0,-1792.933859,0.0
2019-01-20,13,0,29,10.21,10.21,0.0,65.048198,0.0
2019-01-20,13,0,30,664.03,664.03,0.0,-8545.037482,0.0
2019-01-20,13,0,31,7.07,7.07,0.0,-90.979948,0.0
2019-01-20,13,0,32,5.96,5.96,0.0,269.949713,0.0
2019-01-20,13,0,33,3.49,3.49,0.0,32.183447,0.0
2019-01-20,13,0,34,5.58,5.58,0.0,51.456629,0.0
2019-01-20,13,0,35,5.58,5.58,0.0,51.456629,0.0
2019-01-20,13,0,36,13.13,13.13,0.0,3.835577,0.0
2019-01-20,13,0,37,6.29,6.29,0.0,1.266126,0.0
2019-01-20,13,0,38,8.08,8.08,0.0,1.626439,0.0
2019-01-20,13,0,39,5.39,5.39,0.0,1.084964,0.0
2019-01-20,13,0,40,5.39,5.39,0.0,1.084964,0.0
2019-01-20,13,0,41,16.3,16.3,0.0,-110.613503,0.0
2019-01-20,13,0,42,80.65,80.65,0.0,404.6569,0.0
2019-01-20,13,0,43,39.62,39.62,0.0,39.158112,0.0
2019-01-20,13,0,46,34.95,34.95,0.0,-36.249634,0.0
2019-01-20,13,0,52,7.49,7.49,0.0,-96.384698,0.0
2019-01-20,13,0,53,11.9,11.9,0.0,-153.134566,0.0
2019-01-20,13,0,55,161.53,161.53,0.0,-2060.273218,0.0
2019-01-20,13,0,56,195.86,195.86,0.0,-2520.414802,0.0
2019-01-20,13,0,57,186.31,186.31,0.0,-2397.521096,0.0
2019-01-20,13,0,58,358.29,358.29,0.0,-4610.63729,0.0
2019-01-20,13,0,59,352.32,352.32,0.0,-4533.812637,0.0
2019-01-20,13,0,63,26.26,26.26,0.0,3035.045392,0.0
2019-01-20,13,0,64,30.9,30.9,0.0,3571.321501,0.0
2019-01-20,13,0,65,18.12,18.12,0.0,101.966356,0.0
2019-01-20,13,0,67,353.12,353.12,0.0,-195460.795136,0.0
2019-01-20,13,0,68,30.32,30.32,0.0,-12362.335915,0.0
2019-01-20,13,0,69,3.49,3.49,0.0,32.183447,0.0
2019-01-20,13,0,74,38.73,38.73,0.0,66.288833,0.0
2019-01-20,13,0,77,60.0,60.0,0.0,-17136.783772,0.0
2019-01-20,13,0,78,45.36,45.36,0.0,-12955.408532,0.0
2019-01-20,13,0,79,26.25,26.25,0.0,-7497.3429,0.0
2019-01-20,13,0,80,42.45,42.45,0.0,-12124.274519,0.0
2019-01-20,13,0,81,55.5,55.5,0.0,-15851.524989,0.0
2019-01-20,13,0,82,39.15,39.15,0.0,-11181.751411,0.0
2019-01-20,13,0,83,87.3,87.3,0.0,-24934.020388,0.0
2019-01-20,13,0,84,0.0,0.0,0.0,0.0,0.0
2019-01-20,13,0,86,17.68,17.68,0.0,163.038209,0.0
2019-01-20,13,0,87,90.27,90.27,0.0,832.435472,0.0
2019-01-20,13,0,88,51.18,51.18,0.0,-14617.676557,0.0
2019-01-20,13,0,89,49.2,49.2,0.0,-14052.162693,0.0
2019-01-20,13,0,90,66.06,66.06,0.0,-18867.598933,0.0
2019-01-20,13,0,91,235.65,235.65,0.0,-67304.718264,0.0
2019-01-20,13,0,92,84.75,84.75,0.0,-24205.707078,0.0
2019-01-20,13,0,95,0.0,0.0,0.0,0.0,0.0
2019-01-20,13,0,96,29.88,29.88,0.0,-388.060215,0.0
2019-01-20,13,0,97,183.75,183.75,0.0,-2386.414473,0.0
2019-01-20,13,0,99,7.48,7.48,0.0,12.802491,0.0
2019-01-20,13,0,101,13.38,13.38,0.0,-172.179874,0.0
2019-01-20,13,0,102,71.79,71.79,0.0,-29270.847472,0.0
2019-01-20,13,0,103,62.42,62.42,0.0,-25450.429018,0.0
2019-01-20,13,0,104,11.59,11.59,0.0,-4725.576295,0.0
2019-01-20,13,0,106,268.81,268.81,0.0,-3428.601769,0.0
2019-01-20,13,0,109,3.68,3.68,0.0,-10.882176,0.0
2019-01-20,13,0,110,338.6,338.6,0.0,-338600.0,0.0
2019-01-20,13,0,111,21.15,21.15,0.0,-143.52611,0.0
2019-01-20,13,0,113,33.11,33.11,0.0,-8553.545845,0.0
2019-01-20,13,0,115,33.11,33.11,0.0,-8553.545845,0.0
2019-01-20,13,0,116,131.73,131.73,0.0,-131730.0,0.0
2019-01-20,13,0,117,2.21,2.21,0.0,-570.925289,0.0
2019-01-20,13,0,119,30.9,30.9,0.0,3571.321501,0.0
2019-01-20,13,0,120,18.17,18.17,0.0,2100.029504,0.0
2019-01-20,13,0,123,4.48,4.48,0.0,-57.141237,0.0
2019-01-20,13,0,125,127.63,127.63,0.0,-1627.887518,0.0
2019-01-20,13,0,126,201.61,201.61,0.0,-2571.483214,0.0
2019-01-20,13,0,127,258.73,258.73,0.0,-3300.033986,0.0
2019-01-20,13,0,128,180.18,180.18,0.0,-2298.149127,0.0
2019-01-20,13,0,131,30.0,30.0,0.0,-11063.731068,0.0
2019-01-20,13,0,132,44.1,44.1,0.0,-16263.68467,0.0
2019-01-20,13,0,133,34.67,34.67,0.0,200.375965,0.0
2019-01-20,13,0,134,0.0,0.0,0.0,0.0,0.0
2019-01-20,13,0,135,46.45,46.45,0.0,268.458713,0.0
2019-01-20,13,0,136,25.62,25.62,0.0,143.97529,0.0
2019-01-20,13,0,139,21.05,21.05,0.0,-142.847499,0.0
2019-01-20,13,0,140,250.6,250.6,0.0,-250600.0,0.0
2019-01-20,13,0,141,230.0,230.0,0.0,-127310.780701,0.0
2019-01-20,13,0,142,465.68,465.68,0.0,-257765.58416,0.0
2019-01-20,13,0,143,4.87,4.87,0.0,-62.669356,0.0
2019-01-20,13,0,145,38.39,38.39,0.0,-352.752613,0.0
2019-01-20,13,0,146,268.0,268.0,0.0,-268000.0,0.0
2019-01-20,13,0,152,9.92,9.92,0.0,18.034133,0.0
2019-01-20,13,0,153,12.34,12.34,0.0,20.232807,0.0
2019-01-20,13,0,154,87.26,87.26,0.0,-592.155477,0.0
2019-01-20,13,0,157,88.4,88.4,0.0,-48931.6218,0.0
2019-01-20,13,0,158,324.67,324.67,0.0,-179713.005088,0.0
2019-01-20,13,0,159,0.0,0.0,0.0,0.0,0.0
2019-01-20,13,0,160,3.12,3.12,0.0,10.938108,0.0
2019-01-20,13,0,161,67.99,67.99,0.0,-27721.478195,0.0
2019-01-20,13,0,162,0.0,0.0,0.0,0.0,0.0
2019-01-20,13,0,163,83.97,83.97,0.0,-83970.0,0.0
2019-01-20,13,0,164,25.21,25.21,0.0,-324.413648,0.0
2019-01-20,13,0,167,6.86,6.86,0.0,132.656715,0.0
2019-01-20,13,0,168,3.43,3.43,0.0,66.328357,0.0
2019-01-20,13,0,169,0.0,0.0,0.0,0.0,0.0
2019-01-20,13,0,170,7.5,7.5,0.0,145.032852,0.0
2019-01-20,13,0,172,9.09,9.09,0.0,143.60638,0.0
2019-01-20,13,0,173,13.85,13.85,0.0,218.806201,0.0
2019-01-20,13,0,188,12.34,12.34,0.0,318.07149,0.0
2019-01-20,13,0,190,10.27,10.27,0.0,333.031012,0.0
2019-01-20,13,0,191,26.52,26.52,0.0,859.978815,0.0
2019-01-20,13,0,192,177.58,177.58,0.0,5758.485593,0.0
2019-01-20,13,0,194,23.99,23.99,0.0,-2983.489955,0.0
2019-01-20,13,0,196,7.06,7.06,0.0,1903.373967,0.0
2019-01-20,13,0,198,13.84,13.84,0.0,103.616368,0.0
2019-01-20,13,0,199,0.0,0.0,0.0,-0.0,0.0
2019-01-20,13,0,200,23.29,23.29,0.0,-625.11409,0.0
2019-01-20,13,0,204,13.18,13.18,0.0,-45.157505,0.0
2019-01-20,13,0,205,19.48,19.48,0.0,-57.604562,0.0
2019-01-20,13,0,206,539.94,539.94,0.0,-7012.357172,0.0
2019-01-20,13,0,210,3.03,3.03,0.0,21.559923,0.0
2019-01-20,13,0,214,18.18,18.18,0.0,204.819352,0.0
2019-01-20,13,0,217,12.2,12.2,0.0,116.522234,0.0
2019-01-20,13,0,218,16.84,16.84,0.0,160.838886,0.0
2019-01-20,13,0,219,11.47,11.47,0.0,109.550002,0.0
2019-01-20,13,0,221,9.7,9.7,0.0,109.282053,0.0
2019-01-20,13,0,225,9.24,9.24,0.0,58.203995,0.0
2019-01-20,13,0,233,10.0,10.0,0.0,92.216182,0.0
2019-01-20,13,0,236,68.23,68.23,0.0,263.55491,0.0
2019-01-20,13,0,237,92.91,92.91,0.0,159.021313,0.0
2019-01-20,13,0,238,104.98,104.98,0.0,526.731325,0.0
2019-01-20,13,0,240,14.88,14.88,0.0,4.346792,0.0
2019-01-20,13,0,245,60.2,60.2,0.0,377.937575,0.0
2019-01-20,13,0,247,82.03,82.03,0.0,514.987031,0.0
2019-01-20,13,0,248,9.33,9.33,0.0,15.968882,0.0
2019-01-20,13,0,249,115.76,115.76,0.0,726.745077,0.0
2019-01-20,13,0,251,74.09,74.09,0.0,400.00113,0.0
2019-01-20,13,0,252,116.86,116.86,0.0,657.604217,0.0
2019-01-20,13,0,254,22.51,22.51,0.0,36.467604,0.0
2019-01-20,13,0,255,10.32,10.32,0.0,16.719044,0.0
2019-01-20,13,0,258,18.32,18.32,0.0,7.411689,0.0
2019-01-20,13,0,260,7.57,7.57,0.0,26.538934,0.0
2019-01-20,13,0,265,90.35,90.35,0.0,-613.12454,0.0
2019-01-20,13,0,266,13.63,13.63,0.0,-92.494604,0.0
2019-01-20,13,0,267,16.75,16.75,0.0,-113.66725,0.0
2019-01-20,13,0,270,261.27,261.27,0.0,-261270.0,0.0
2019-01-20,13,0,272,110.66,110.66,0.0,-28587.598407,0.0
2019-01-20,13,0,273,31.5,31.5,0.0,-31500.0,0.0
2019-01-20,13,0,274,336.66,336.66,0.0,-336660.0,0.0
2019-01-20,13,0,275,468.41,468.41,0.0,-468410.0,0.0
2019-01-20,13,0,276,7.29,7.29,0.0,-6563.271466,0.0
2019-01-20,13,0,277,9.06,9.06,0.0,-2439.609343,0.0
2019-01-20,13,0,278,14.5,14.5,0.0,-3904.45204,0.0
2019-01-20,13,0,279,260.52,260.52,0.0,-70150.885888,0.0
2019-01-20,13,0,281,3.17,3.17,0.0,-40.792989,0.0
2019-01-20,13,0,282,364.26,364.26,0.0,-4687.461942,0.0
2019-01-20,14,0,9,3.51,3.51,0.0,-95.964815,0.0
2019-01-20,14,0,17,62.12,62.12,0.0,198.948957,0.0
2019-01-20,14,0,19,170.71,170.71,0.0,546.725313,0.0
2019-01-20,14,0,20,207.03,207.03,0.0,663.045759,0.0
2019-01-20,14,0,21,80.33,80.33,0.0,-2196.254594,0.0
2019-01-20,14,0,22,285.47,285.47,0.0,-7804.86492,0.0
2019-01-20,14,0,23,37.2,37.2,0.0,-1017.063001,0.0
2019-01-20,14,0,24,63.97,63.97,0.0,-1748.965597,0.0
2019-01-20,14,0,29,10.36,10.36,0.0,53.02338,0.0
2019-01-20,14,0,30,696.65,696.65,0.0,-19177.495581,0.0
2019-01-20,14,0,31,10.21,10.21,0.0,-281.062556,0.0
2019-01-20,14,0,32,6.1,6.1,0.0,274.56553,0.0
2019-01-20,14,0,33,3.65,3.65,0.0,32.441125,0.0
2019-01-20,14,0,34,5.83,5.83,0.0,51.81692,0.0
2019-01-20,14,0,35,5.83,5.83,0.0,51.81692,0.0
2019-01-20,14,0,36,13.72,13.72,0.0,-79.448364,0.0
2019-01-20,14,0,37,6.5,6.5,0.0,-38.596056,0.0
2019-01-20,14,0,38,8.36,8.36,0.0,-49.640466,0.0
2019-01-20,14,0,39,5.57,5.57,0.0,-33.073851,0.0
2019-01-20,14,0,40,5.57,5.57,0.0,-33.073851,0.0
2019-01-20,14,0,41,18.94,18.94,0.0,-331.221641,0.0
2019-01-20,14,0,42,84.49,84.49,0.0,166.468665,0.0
2019-01-20,14,0,43,41.49,41.49,0.0,-192.074224,0.0
2019-01-20,14,0,46,36.01,36.01,0.0,-287.381174,0.0
2019-01-20,14,0,52,10.82,10.82,0.0,-297.854737,0.0
2019-01-20,14,0,53,17.19,17.19,0.0,-473.209142,0.0
2019-01-20,14,0,55,186.97,186.97,0.0,-5111.835198,0.0
2019-01-20,14,0,56,205.49,205.49,0.0,-5656.762459,0.0
2019-01-20,14,0,57,195.46,195.46,0.0,-5380.654972,0.0
2019-01-20,14,0,58,375.89,375.89,0.0,-10347.561636,0.0
2019-01-20,14,0,59,369.63,369.63,0.0,-10175.235328,0.0
2019-01-20,14,0,63,28.09,28.09,0.0,3264.217322,0.0
2019-01-20,14,0,64,33.04,33.04,0.0,3839.435398,0.0
2019-01-20,14,0,65,17.87,17.87,0.0,53.140489,0.0
2019-01-20,14,0,67,366.66,366.66,0.0,-202137.800442,0.0
2019-01-20,14,0,68,17.12,17.12,0.0,-6929.667292,0.0
2019-01-20,14,0,69,3.65,3.65,0.0,32.441125,0.0
2019-01-20,14,0,74,54.26,54.26,0.0,-188.360553,0.0
2019-01-20,14,0,77,60.0,60.0,0.0,-16894.254146,0.0
2019-01-20,14,0,78,45.36,45.36,0.0,-12772.056135,0.0
2019-01-20,14,0,79,26.25,26.25,0.0,-7391.236189,0.0
2019-01-20,14,0,80,42.45,42.45,0.0,-11952.684808,0.0
2019-01-20,14,0,81,55.5,55.5,0.0,-15627.185085,0.0
2019-01-20,14,0,82,39.15,39.15,0.0,-11023.50083,0.0
2019-01-20,14,0,83,87.3,87.3,0.0,-24581.139783,0.0
2019-01-20,14,0,84,0.0,0.0,0.0,-0.0,0.0
2019-01-20,14,0,86,18.47,18.47,0.0,164.160979,0.0
2019-01-20,14,0,87,94.29,94.29,0.0,838.047573,0.0
2019-01-20,14,0,88,51.18,51.18,0.0,-14410.798787,0.0
2019-01-20,14,0,89,49.2,49.2,0.0,-13853.2884,0.0
2019-01-20,14,0,90,66.06,66.06,0.0,-18600.573815,0.0
2019-01-20,14,0,91,235.65,235.65,0.0,-66352.183159,0.0
2019-01-20,14,0,92,84.75,84.75,0.0,-23863.133982,0.0
2019-01-20,14,0,95,2.42,2.42,0.0,54.279963,0.0
2019-01-20,14,0,96,31.39,31.39,0.0,-870.268691,0.0
2019-01-20,14,0,97,210.51,210.51,0.0,-5836.261933,0.0
2019-01-20,14,0,99,10.47,10.47,0.0,-36.346019,0.0
2019-01-20,14,0,101,14.03,14.03,0.0,-386.220144,0.0
2019-01-20,14,0,102,40.44,40.44,0.0,-16368.910355,0.0
2019-01-20,14,0,103,35.18,35.18,0.0,-14239.818652,0.0
2019-01-20,14,0,104,6.59,6.59,0.0,-2667.436183,0.0
2019-01-20,14,0,106,281.02,281.02,0.0,-7683.200126,0.0
2019-01-20,14,0,109,9.85,9.85,0.0,-109.925757,0.0
2019-01-20,14,0,110,338.6,338.6,0.0,-338600.0,0.0
2019-01-20,14,0,111,22.86,22.86,0.0,-399.774378,0.0
2019-01-20,14,0,113,37.0,37.0,0.0,-9461.439323,0.0
2019-01-20,14,0,115,37.0,37.0,0.0,-9461.439323,0.0
2019-01-20,14,0,116,134.56,134.56,0.0,-134560.0,0.0
2019-01-20,14,0,117,2.47,2.47,0.0,-631.615003,0.0
2019-01-20,14,0,119,33.04,33.04,0.0,3839.435398,0.0
2019-01-20,14,0,120,19.43,19.43,0.0,2257.876204,0.0
2019-01-20,14,0,123,4.68,4.68,0.0,-127.953087,0.0
2019-01-20,14,0,125,58.31,58.31,0.0,-1594.218914,0.0
2019-01-20,14,0,126,210.77,210.77,0.0,-5762.536796,0.0
2019-01-20,14,0,127,270.49,270.49,0.0,-7395.305679,0.0
2019-01-20,14,0,128,80.93,80.93,0.0,-2212.658836,0.0
2019-01-20,14,0,131,30.0,30.0,0.0,-10969.141958,0.0
2019-01-20,14,0,132,44.1,44.1,0.0,-16124.638678,0.0
2019-01-20,14,0,133,32.11,32.11,0.0,103.529835,0.0
2019-01-20,14,0,134,0.0,0.0,0.0,0.0,0.0
2019-01-20,14,0,135,43.03,43.03,0.0,138.738362,0.0
2019-01-20,14,0,136,23.39,23.39,0.0,69.261498,0.0
2019-01-20,14,0,139,24.45,24.45,0.0,-427.580208,0.0
2019-01-20,14,0,140,250.6,250.6,0.0,-250600.0,0.0
2019-01-20,14,0,141,230.0,230.0,0.0,-126797.834783,0.0
2019-01-20,14,0,142,483.53,483.53,0.0,-266567.63936,0.0
2019-01-20,14,0,143,8.18,8.18,0.0,-225.180383,0.0
2019-01-20,14,0,145,27.68,27.68,0.0,-593.768888,0.0
2019-01-20,14,0,146,268.0,268.0,0.0,-268000.0,0.0
2019-01-20,14,0,152,10.62,10.62,0.0,-34.971538,0.0
2019-01-20,14,0,153,13.08,13.08,0.0,-46.909592,0.0
2019-01-20,14,0,154,94.31,94.31,0.0,-1649.287909,0.0
2019-01-20,14,0,157,107.91,107.91,0.0,-59490.236311,0.0
2019-01-20,14,0,158,347.4,347.4,0.0,-191519.860016,0.0
2019-01-20,14,0,159,0.0,0.0,0.0,-0.0,0.0
2019-01-20,14,0,160,3.24,3.24,0.0,-1.463337,0.0
2019-01-20,14,0,161,69.69,69.69,0.0,-28208.441212,0.0
2019-01-20,14,0,162,8.79,8.79,0.0,204.335053,0.0
2019-01-20,14,0,163,111.38,111.38,0.0,-111380.0,0.0
2019-01-20,14,0,164,27.18,27.18,0.0,-748.215503,0.0
2019-01-20,14,0,167,6.86,6.86,0.0,132.611664,0.0
2019-01-20,14,0,168,3.43,3.43,0.0,66.305832,0.0
2019-01-20,14,0,169,0.0,0.0,0.0,0.0,0.0
2019-01-20,14,0,170,7.51,7.51,0.0,145.176909,0.0
2019-01-20,14,0,172,9.22,9.22,0.0,129.755178,0.0
2019-01-20,14,0,173,14.05,14.05,0.0,197.728878,0.0
2019-01-20,14,0,188,12.39,12.39,0.0,313.05679,0.0
2019-01-20,14,0,190,10.41,10.41,0.0,337.57087,0.0
2019-01-20,14,0,191,26.9,26.9,0.0,872.301286,0.0
2019-01-20,14,0,192,191.77,191.77,0.0,6218.632628,0.0
2019-01-20,14,0,194,29.78,29.78,0.0,-3648.751487,0.0
2019-01-20,14,0,196,7.15,7.15,0.0,1937.730568,0.0
2019-01-20,14,0,198,14.23,14.23,0.0,87.901094,0.0
2019-01-20,14,0,199,0.0,0.0,0.0,-0.0,0.0
2019-01-20,14,0,200,23.88,23.88,0.0,-508.703983,0.0
2019-01-20,14,0,204,39.65,39.65,0.0,-473.150609,0.0
2019-01-20,14,0,205,52.1,52.1,0.0,-581.434715,0.0
2019-01-20,14,0,206,745.19,745.19,0.0,-20659.940289,0.0
2019-01-20,14,0,210,3.05,3.05,0.0,19.566233,0.0
2019-01-20,14,0,214,18.28,18.28,0.0,223.968739,0.0
2019-01-20,14,0,217,12.31,12.31,0.0,120.728435,0.0
2019-01-20,14,0,218,16.98,16.98,0.0,166.528742,0.0
2019-01-20,14,0,219,11.57,11.57,0.0,113.470998,0.0
2019-01-20,14,0,221,9.75,9.75,0.0,119.458162,0.0
2019-01-20,14,0,225,9.46,9.46,0.0,47.232122,0.0
2019-01-20,14,0,233,10.45,10.45,0.0,92.879384,0.0
2019-01-20,14,0,236,42.62,42.62,0.0,3.009425,0.0
2019-01-20,14,0,237,130.17,130.17,0.0,-451.877869,0.0
2019-01-20,14,0,238,109.97,109.97,0.0,216.671312,0.0
2019-01-20,14,0,240,15.55,15.55,0.0,-90.04534,0.0
2019-01-20,14,0,245,56.55,56.55,0.0,228.7162,0.0
2019-01-20,14,0,247,77.36,77.36,0.0,312.882144,0.0
2019-01-20,14,0,248,13.07,13.07,0.0,-45.371773,0.0
2019-01-20,14,0,249,108.75,108.75,0.0,439.838846,0.0
2019-01-20,14,0,251,79.97,79.97,0.0,207.751076,0.0
2019-01-20,14,0,252,115.25,115.25,0.0,342.721956,0.0
2019-01-20,14,0,254,23.04,23.04,0.0,-82.507654,0.0
2019-01-20,14,0,255,10.56,10.56,0.0,-37.816008,0.0
2019-01-20,14,0,258,19.09,19.09,0.0,-106.963938,0.0
2019-01-20,14,0,260,7.86,7.86,0.0,-3.549947,0.0
2019-01-20,14,0,265,97.64,97.64,0.0,-1707.52276,0.0
2019-01-20,14,0,266,15.83,15.83,0.0,-276.834139,0.0
2019-01-20,14,0,267,19.46,19.46,0.0,-340.315372,0.0
2019-01-20,14,0,270,387.18,387.18,0.0,-387180.0,0.0
2019-01-20,14,0,272,123.64,123.64,0.0,-31616.550214,0.0
2019-01-20,14,0,273,32.18,32.18,0.0,-32180.0,0.0
2019-01-20,14,0,274,516.45,516.45,0.0,-516450.0,0.0
2019-01-20,14,0,275,751.12,751.12,0.0,-751120.0,0.0
2019-01-20,14,0,276,7.41,7.41,0.0,-6667.618999,0.0
2019-01-20,14,0,277,9.4,9.4,0.0,-2501.15947,0.0
2019-01-20,14,0,278,15.04,15.04,0.0,-4001.855152,0.0
2019-01-20,14,0,279,193.82,193.82,0.0,-51571.779631,0.0
2019-01-20,14,0,281,4.58,4.58,0.0,-126.078992,0.0
2019-01-20,14,0,282,382.16,382.16,0.0,-10520.163226,0.0
2019-01-20,15,0,9,3.32,3.32,0.0,-32.840111,0.0
2019-01-20,15,0,17,59.35,59.35,0.0,376.971719,0.0
2019-01-20,15,0,19,151.76,151.76,0.0,963.929706,0.0
2019-01-20,15,0,20,184.06,184.06,0.0,1169.088704,0.0
2019-01-20,15,0,21,75.94,75.94,0.0,-751.168091,0.0
2019-01-20,15,0,22,269.9,269.9,0.0,-2669.742795,0.0
2019-01-20,15,0,23,28.59,28.59,0.0,-282.800839,0.0
2019-01-20,15,0,24,50.59,50.59,0.0,-500.416036,0.0
2019-01-20,15,0,29,9.39,9.39,0.0,51.786398,0.0
2019-01-20,15,0,30,654.59,654.59,0.0,-6539.505976,0.0
2019-01-20,15,0,31,14.25,14.25,0.0,-142.360806,0.0
2019-01-20,15,0,32,5.58,5.58,0.0,229.969705,0.0
2019-01-20,15,0,33,3.42,3.42,0.0,32.281299,0.0
2019-01-20,15,0,34,5.47,5.47,0.0,51.6312,0.0
2019-01-20,15,0,35,5.47,5.47,0.0,51.6312,0.0
2019-01-20,15,0,36,13.06,13.06,0.0,18.230448,0.0
2019-01-20,15,0,37,6.16,6.16,0.0,8.034791,0.0
2019-01-20,15,0,38,7.93,7.93,0.0,10.343489,0.0
2019-01-20,15,0,39,5.28,5.28,0.0,6.886963,0.0
2019-01-20,15,0,40,5.28,5.28,0.0,6.886963,0.0
2019-01-20,15,0,41,37.55,37.55,0.0,-176.507223,0.0
2019-01-20,15,0,42,81.05,81.05,0.0,460.562766,0.0
2019-01-20,15,0,43,39.13,39.13,0.0,76.187171,0.0
2019-01-20,15,0,46,33.92,33.92,0.0,7.458817,0.0
2019-01-20,15,0,52,15.11,15.11,0.0,-150.952406,0.0
2019-01-20,15,0,53,24.0,24.0,0.0,-239.765568,0.0
2019-01-20,15,0,55,214.87,214.87,0.0,-2125.408056,0.0
2019-01-20,15,0,56,193.08,193.08,0.0,-1928.913998,0.0
2019-01-20,15,0,57,183.66,183.66,0.0,-1834.806012,0.0
2019-01-20,15,0,58,353.2,353.2,0.0,-3528.549949,0.0
2019-01-20,15,0,59,347.31,347.31,0.0,-3469.707482,0.0
2019-01-20,15,0,63,38.17,38.17,0.0,4254.32258,0.0
2019-01-20,15,0,64,44.91,44.91,0.0,5005.54433,0.0
2019-01-20,15,0,65,17.75,17.75,0.0,110.535573,0.0
2019-01-20,15,0,67,344.5,344.5,0.0,-191342.774191,0.0
2019-01-20,15,0,68,31.85,31.85,0.0,-13066.291842,0.0
2019-01-20,15,0,69,3.42,3.42,0.0,32.281299,0.0
2019-01-20,15,0,74,73.75,73.75,0.0,201.932379,0.0
2019-01-20,15,0,77,60.0,60.0,0.0,-17324.517878,0.0
2019-01-20,15,0,78,45.36,45.36,0.0,-13097.335516,0.0
2019-01-20,15,0,79,26.25,26.25,0.0,-7579.476572,0.0
2019-01-20,15,0,80,42.45,42.45,0.0,-12257.096399,0.0
2019-01-20,15,0,81,55.5,55.5,0.0,-16025.179037,0.0
2019-01-20,15,0,82,39.15,39.15,0.0,-11304.247915,0.0
2019-01-20,15,0,83,87.3,87.3,0.0,-25207.173512,0.0
2019-01-20,15,0,84,0.0,0.0,0.0,-0.0,0.0
2019-01-20,15,0,86,17.32,17.32,0.0,163.483068,0.0
2019-01-20,15,0,87,88.42,88.42,0.0,834.594277,0.0
2019-01-20,15,0,88,51.18,51.18,0.0,-14777.81375,0.0
2019-01-20,15,0,89,49.2,49.2,0.0,-14206.10466,0.0
2019-01-20,15,0,90,66.06,66.06,0.0,-19074.294184,0.0
2019-01-20,15,0,91,235.65,235.65,0.0,-68042.043966,0.0
2019-01-20,15,0,92,84.75,84.75,0.0,-24470.881503,0.0
2019-01-20,15,0,95,9.24,9.24,0.0,179.679005,0.0
2019-01-20,15,0,96,29.88,29.88,0.0,-301.588173,0.0
2019-01-20,15,0,97,183.75,183.75,0.0,-1854.646145,0.0
2019-01-20,15,0,99,14.24,14.24,0.0,38.990062,0.0
2019-01-20,15,0,101,13.19,13.19,0.0,-131.77116,0.0
2019-01-20,15,0,102,75.4,75.4,0.0,-30932.445994,0.0
2019-01-20,15,0,103,65.57,65.57,0.0,-26899.741165,0.0
2019-01-20,15,0,104,12.18,12.18,0.0,-4996.779738,0.0
2019-01-20,15,0,106,265.69,265.69,0.0,-2628.09916,0.0
2019-01-20,15,0,109,22.27,22.27,0.0,-31.267994,0.0
2019-01-20,15,0,110,338.6,338.6,0.0,-338600.0,0.0
2019-01-20,15,0,111,22.06,22.06,0.0,-103.695056,0.0
2019-01-20,15,0,113,43.61,43.61,0.0,-11394.08687,0.0
2019-01-20,15,0,115,43.61,43.61,0.0,-11394.08687,0.0
2019-01-20,15,0,116,125.42,125.42,0.0,-125420.0,0.0
2019-01-20,15,0,117,2.91,2.91,0.0,-760.302518,0.0
2019-01-20,15,0,119,44.91,44.91,0.0,5005.54433,0.0
2019-01-20,15,0,120,26.4,26.4,0.0,2942.470949,0.0
2019-01-20,15,0,123,4.43,4.43,0.0,-43.819787,0.0
2019-01-20,15,0,125,45.78,45.78,0.0,-452.83744,0.0
2019-01-20,15,0,126,199.27,199.27,0.0,-1971.099099,0.0
2019-01-20,15,0,127,255.73,255.73,0.0,-2529.578825,0.0
2019-01-20,15,0,128,65.57,65.57,0.0,-648.592201,0.0
2019-01-20,15,0,131,73.62,73.62,0.0,-27347.792366,0.0
2019-01-20,15,0,132,108.35,108.35,0.0,-40249.026119,0.0
2019-01-20,15,0,133,30.92,30.92,0.0,196.755839,0.0
2019-01-20,15,0,134,0.0,0.0,0.0,0.0,0.0
2019-01-20,15,0,135,41.44,41.44,0.0,263.69864,0.0
2019-01-20,15,0,136,21.54,21.54,0.0,133.99025,0.0
2019-01-20,15,0,139,48.83,48.83,0.0,-229.529899,0.0
2019-01-20,15,0,140,250.6,250.6,0.0,-250600.0,0.0
2019-01-20,15,0,141,230.0,230.0,0.0,-127746.990026,0.0
2019-01-20,15,0,142,454.31,454.31,0.0,-252333.630602,0.0
2019-01-20,15,0,143,12.74,12.74,0.0,-127.275556,0.0
2019-01-20,15,0,145,19.63,19.63,0.0,-133.526578,0.0
2019-01-20,15,0,146,268.0,268.0,0.0,-268000.0,0.0
2019-01-20,15,0,152,9.95,9.95,0.0,28.037195,0.0
2019-01-20,15,0,153,12.33,12.33,0.0,32.774029,0.0
2019-01-20,15,0,154,90.99,90.99,0.0,-427.70685,0.0
2019-01-20,15,0,157,130.75,130.75,0.0,-72621.386721,0.0
2019-01-20,15,0,158,329.38,329.38,0.0,-182944.798151,0.0
2019-01-20,15,0,159,0.0,0.0,0.0,0.0,0.0
2019-01-20,15,0,160,3.06,3.06,0.0,12.351054,0.0
2019-01-20,15,0,161,64.81,64.81,0.0,-26587.955237,0.0
2019-01-20,15,0,162,24.5,24.5,0.0,495.996611,0.0
2019-01-20,15,0,163,142.89,142.89,0.0,-142890.0,0.0
2019-01-20,15,0,164,25.57,25.57,0.0,-255.450233,0.0
2019-01-20,15,0,167,6.29,6.29,0.0,103.169266,0.0
2019-01-20,15,0,168,3.15,3.15,0.0,51.666644,0.0
2019-01-20,15,0,169,0.0,0.0,0.0,0.0,0.0
2019-01-20,15,0,170,6.88,6.88,0.0,112.84651,0.0
2019-01-20,15,0,172,8.58,8.58,0.0,104.674462,0.0
2019-01-20,15,0,173,13.08,13.08,0.0,159.573656,0.0
2019-01-20,15,0,188,11.31,11.31,0.0,248.993753,0.0
2019-01-20,15,0,190,9.86,9.86,0.0,319.735713,0.0
2019-01-20,15,0,191,25.48,25.48,0.0,826.254155,0.0
2019-01-20,15,0,192,267.11,267.11,0.0,8661.724782,0.0
2019-01-20,15,0,194,41.5,41.5,0.0,-5294.536546,0.0
2019-01-20,15,0,196,6.75,6.75,0.0,1787.680604,0.0
2019-01-20,15,0,198,13.41,13.41,0.0,97.072796,0.0
2019-01-20,15,0,199,0.0,0.0,0.0,-0.0,0.0
2019-01-20,15,0,200,21.95,21.95,0.0,-605.298493,0.0
2019-01-20,15,0,204,95.78,95.78,0.0,-174.050426,0.0
2019-01-20,15,0,205,117.8,117.8,0.0,-165.396033,0.0
2019-01-20,15,0,206,539.94,539.94,0.0,-5449.783073,0.0
2019-01-20,15,0,210,2.82,2.82,0.0,17.623086,0.0
2019-01-20,15,0,214,16.76,16.76,0.0,188.821361,0.0
2019-01-20,15,0,217,11.27,11.27,0.0,103.005272,0.0
2019-01-20,15,0,218,15.55,15.55,0.0,142.123511,0.0
2019-01-20,15,0,219,10.6,10.6,0.0,96.881622,0.0
2019-01-20,15,0,221,8.94,8.94,0.0,100.719748,0.0
2019-01-20,15,0,225,8.6,8.6,0.0,46.819676,0.0
2019-01-20,15,0,233,9.8,9.8,0.0,92.501967,0.0
2019-01-20,15,0,236,60.86,60.86,0.0,282.952565,0.0
2019-01-20,15,0,237,176.93,176.93,0.0,484.446046,0.0
2019-01-20,15,0,238,105.49,105.49,0.0,599.441902,0.0
2019-01-20,15,0,240,14.8,14.8,0.0,20.659313,0.0
2019-01-20,15,0,245,54.42,54.42,0.0,370.535789,0.0
2019-01-20,15,0,247,74.06,74.06,0.0,504.260943,0.0
2019-01-20,15,0,248,17.76,17.76,0.0,48.628055,0.0
2019-01-20,15,0,249,104.65,104.65,0.0,712.542637,0.0
2019-01-20,15,0,251,86.62,86.62,0.0,521.733984,0.0
2019-01-20,15,0,252,114.52,114.52,0.0,713.156836,0.0
2019-01-20,15,0,254,21.8,21.8,0.0,53.87429,0.0
2019-01-20,15,0,255,9.99,9.99,0.0,24.688264,0.0
2019-01-20,15,0,258,18.17,18.17,0.0,26.980836,0.0
2019-01-20,15,0,260,7.43,7.43,0.0,29.98965,0.0
2019-01-20,15,0,265,94.2,94.2,0.0,-442.795749,0.0
2019-01-20,15,0,266,31.23,31.23,0.0,-146.799483,0.0
2019-01-20,15,0,267,38.62,38.62,0.0,-181.536856,0.0
2019-01-20,15,0,270,466.38,466.38,0.0,-466380.0,0.0
2019-01-20,15,0,272,145.73,145.73,0.0,-38075.218518,0.0
2019-01-20,15,0,273,29.99,29.99,0.0,-29990.0,0.0
2019-01-20,15,0,274,614.3,614.3,0.0,-614300.0,0.0
2019-01-20,15,0,275,881.73,881.73,0.0,-881730.0,0.0
2019-01-20,15,0,276,6.9,6.9,0.0,-6215.071837,0.0
2019-01-20,15,0,277,8.79,8.79,0.0,-2393.388292,0.0
2019-01-20,15,0,278,14.07,14.07,0.0,-3831.05498,0.0
2019-01-20,15,0,279,218.73,218.73,0.0,-59556.976245,0.0
2019-01-20,15,0,281,6.4,6.4,0.0,-63.937485,0.0
2019-01-20,15,0,282,359.08,359.08,0.0,-3587.292513,0.0
2019-01-20,16,0,9,2.84,2.84,0.0,-53.604555,0.0
2019-01-20,16,0,17,48.87,48.87,0.0,188.720913,0.0
2019-01-20,16,0,19,240.58,240.58,0.0,929.045983,0.0
2019-01-20,16,0,20,303.64,303.64,0.0,1172.564313,0.0
2019-01-20,16,0,21,64.85,64.85,0.0,-1224.033596,0.0
2019-01-20,16,0,22,230.46,230.46,0.0,-4349.896417,0.0
2019-01-20,16,0,23,29.31,29.31,0.0,-553.221661,0.0
2019-01-20,16,0,24,51.85,51.85,0.0,-978.660632,0.0
2019-01-20,16,0,29,7.75,7.75,0.0,46.549859,0.0
2019-01-20,16,0,30,556.46,556.46,0.0,-10581.375724,0.0
2019-01-20,16,0,31,19.25,19.25,0.0,-366.048741,0.0
2019-01-20,16,0,32,4.5,4.5,0.0,183.337003,0.0
2019-01-20,16,0,33,2.84,2.84,0.0,22.852621,0.0
2019-01-20,16,0,34,4.54,4.54,0.0,36.532007,0.0
2019-01-20,16,0,35,4.54,4.54,0.0,36.532007,0.0
2019-01-20,16,0,36,10.9,10.9,0.0,-29.484428,0.0
2019-01-20,16,0,37,5.12,5.12,0.0,-14.360067,0.0
2019-01-20,16,0,38,6.58,6.58,0.0,-18.454929,0.0
2019-01-20,16,0,39,4.39,4.39,0.0,-12.312635,0.0
2019-01-20,16,0,40,4.39,4.39,0.0,-12.312635,0.0
2019-01-20,16,0,41,61.78,61.78,0.0,-710.750517,0.0
2019-01-20,16,0,42,69.05,69.05,0.0,204.010305,0.0
2019-01-20,16,0,43,33.37,33.37,0.0,-59.776276,0.0
2019-01-20,16,0,46,28.09,28.09,0.0,-121.53826,0.0
2019-01-20,16,0,52,20.41,20.41,0.0,-388.106744,0.0
2019-01-20,16,0,53,32.42,32.42,0.0,-616.483127,0.0
2019-01-20,16,0,55,246.16,246.16,0.0,-4646.231459,0.0
2019-01-20,16,0,56,164.14,164.14,0.0,-3121.207295,0.0
2019-01-20,16,0,57,156.13,156.13,0.0,-2968.892988,0.0
2019-01-20,16,0,58,300.25,300.25,0.0,-5709.409591,0.0
2019-01-20,16,0,59,295.24,295.24,0.0,-5614.141841,0.0
2019-01-20,16,0,63,51.0,51.0,0.0,5683.793628,0.0
2019-01-20,16,0,64,60.0,60.0,0.0,6686.816033,0.0
2019-01-20,16,0,65,17.64,17.64,0.0,65.147628,0.0
2019-01-20,16,0,67,294.7,294.7,0.0,-163393.772085,0.0
2019-01-20,16,0,68,34.0,34.0,0.0,-13904.087231,0.0
2019-01-20,16,0,69,2.84,2.84,0.0,22.852621,0.0
2019-01-20,16,0,74,60.32,60.32,0.0,-63.880658,0.0
2019-01-20,16,0,77,60.0,60.0,0.0,-17214.181988,0.0
2019-01-20,16,0,78,45.36,45.36,0.0,-13013.921583,0.0
2019-01-20,16,0,79,26.25,26.25,0.0,-7531.20462,0.0
2019-01-20,16,0,80,42.45,42.45,0.0,-12179.033756,0.0
2019-01-20,16,0,81,55.5,55.5,0.0,-15923.118339,0.0
2019-01-20,16,0,82,39.15,39.15,0.0,-11232.253747,0.0
2019-01-20,16,0,83,87.3,87.3,0.0,-25046.634792,0.0
2019-01-20,16,0,84,0.0,0.0,0.0,-0.0,0.0
2019-01-20,16,0,86,14.38,14.38,0.0,115.711512,0.0
2019-01-20,16,0,87,73.42,73.42,0.0,590.788538,0.0
2019-01-20,16,0,88,51.18,51.18,0.0,-14683.697236,0.0
2019-01-20,16,0,89,49.2,49.2,0.0,-14115.62923,0.0
2019-01-20,16,0,90,66.06,66.06,0.0,-18952.814369,0.0
2019-01-20,16,0,91,235.65,235.65,0.0,-67608.699757,0.0
2019-01-20,16,0,92,84.75,84.75,0.0,-24315.032058,0.0
2019-01-20,16,0,95,27.68,27.68,0.0,538.259185,0.0
2019-01-20,16,0,96,29.88,29.88,0.0,-572.576662,0.0
2019-01-20,16,0,97,183.75,183.75,0.0,-3521.116521,0.0
2019-01-20,16,0,99,13.23,13.23,0.0,-14.01096,0.0
2019-01-20,16,0,101,11.21,11.21,0.0,-213.163968,0.0
2019-01-20,16,0,102,80.5,80.5,0.0,-32919.971238,0.0
2019-01-20,16,0,103,70.0,70.0,0.0,-28626.061946,0.0
2019-01-20,16,0,104,13.0,13.0,0.0,-5316.268647,0.0
2019-01-20,16,0,106,226.87,226.87,0.0,-4282.135729,0.0
2019-01-20,16,0,109,43.35,43.35,0.0,-292.310745,0.0
2019-01-20,16,0,110,338.6,338.6,0.0,-338600.0,0.0
2019-01-20,16,0,111,18.77,18.77,0.0,-215.940227,0.0
2019-01-20,16,0,113,45.0,45.0,0.0,-11711.682566,0.0
2019-01-20,16,0,115,45.0,45.0,0.0,-11711.682566,0.0
2019-01-20,16,0,116,103.8,103.8,0.0,-103800.0,0.0
2019-01-20,16,0,117,3.0,3.0,0.0,-780.778838,0.0
2019-01-20,16,0,119,60.0,60.0,0.0,6686.816033,0.0
2019-01-20,16,0,120,35.28,35.28,0.0,3931.847827,0.0
2019-01-20,16,0,123,3.78,3.78,0.0,-71.346908,0.0
2019-01-20,16,0,125,46.93,46.93,0.0,-885.796402,0.0
2019-01-20,16,0,126,170.15,170.15,0.0,-3211.55461,0.0
2019-01-20,16,0,127,218.36,218.36,0.0,-4121.510811,0.0
2019-01-20,16,0,128,67.21,67.21,0.0,-1268.578227,0.0
2019-01-20,16,0,131,30.0,30.0,0.0,-11102.576922,0.0
2019-01-20,16,0,132,44.1,44.1,0.0,-16320.788076,0.0
2019-01-20,16,0,133,37.53,37.53,0.0,145.525176,0.0
2019-01-20,16,0,134,0.0,0.0,0.0,0.0,0.0
2019-01-20,16,0,135,47.71,47.71,0.0,184.998832,0.0
2019-01-20,16,0,136,20.04,20.04,0.0,73.825857,0.0
2019-01-20,16,0,139,80.45,80.45,0.0,-925.540289,0.0
2019-01-20,16,0,140,250.6,250.6,0.0,-250600.0,0.0
2019-01-20,16,0,141,230.0,230.0,0.0,-127521.437324,0.0
2019-01-20,16,0,142,388.64,388.64,0.0,-215477.962616,0.0
2019-01-20,16,0,143,18.85,18.85,0.0,-358.442534,0.0
2019-01-20,16,0,145,26.32,26.32,0.0,-380.570378,0.0
2019-01-20,16,0,146,268.0,268.0,0.0,-268000.0,0.0
2019-01-20,16,0,152,8.37,8.37,0.0,-7.658218,0.0
2019-01-20,16,0,153,10.24,10.24,0.0,-11.577317,0.0
2019-01-20,16,0,154,77.42,77.42,0.0,-890.681531,0.0
2019-01-20,16,0,157,157.33,157.33,0.0,-87230.20754,0.0
2019-01-20,16,0,158,281.95,281.95,0.0,-156324.648929,0.0
2019-01-20,16,0,159,0.0,0.0,0.0,0.0,0.0
2019-01-20,16,0,160,2.59,2.59,0.0,3.669417,0.0
2019-01-20,16,0,161,55.38,55.38,0.0,-22647.304437,0.0
2019-01-20,16,0,162,55.15,55.15,0.0,1116.845394,0.0
2019-01-20,16,0,163,146.36,146.36,0.0,-146360.0,0.0
2019-01-20,16,0,164,21.44,21.44,0.0,-407.692728,0.0
2019-01-20,16,0,167,5.01,5.01,0.0,82.224817,0.0
2019-01-20,16,0,168,2.51,2.51,0.0,41.194469,0.0
2019-01-20,16,0,169,0.0,0.0,0.0,0.0,0.0
2019-01-20,16,0,170,5.48,5.48,0.0,89.938522,0.0
2019-01-20,16,0,172,6.94,6.94,0.0,78.134739,0.0
2019-01-20,16,0,173,10.58,10.58,0.0,119.116071,0.0
2019-01-20,16,0,188,9.25,9.25,0.0,199.205237,0.0
2019-01-20,16,0,190,8.17,8.17,0.0,264.933142,0.0
2019-01-20,16,0,191,21.11,21.11,0.0,684.545731,0.0
2019-01-20,16,0,192,332.6,332.6,0.0,10785.405497,0.0
2019-01-20,16,0,194,52.95,52.95,0.0,-6729.889271,0.0
2019-01-20,16,0,196,5.49,5.49,0.0,1455.637287,0.0
2019-01-20,16,0,198,11.15,11.15,0.0,73.48136,0.0
2019-01-20,16,0,199,7.28,7.28,0.0,-203.637009,0.0
2019-01-20,16,0,200,18.36,18.36,0.0,-513.568061,0.0
2019-01-20,16,0,204,194.02,194.02,0.0,-1419.679167,0.0
2019-01-20,16,0,205,229.33,229.33,0.0,-1546.381155,0.0
2019-01-20,16,0,206,539.94,539.94,0.0,-10346.621249,0.0
2019-01-20,16,0,210,2.39,2.39,0.0,16.362374,0.0
2019-01-20,16,0,214,13.72,13.72,0.0,144.37253,0.0
2019-01-20,16,0,217,9.21,9.21,0.0,83.378457,0.0
2019-01-20,16,0,218,12.71,12.71,0.0,115.064081,0.0
2019-01-20,16,0,219,8.66,8.66,0.0,78.399287,0.0
2019-01-20,16,0,221,7.32,7.32,0.0,77.026743,0.0
2019-01-20,16,0,225,7.06,7.06,0.0,41.832875,0.0
2019-01-20,16,0,233,8.14,8.14,0.0,65.500118,0.0
2019-01-20,16,0,236,68.06,68.06,0.0,105.995723,0.0
2019-01-20,16,0,237,137.96,137.96,0.0,-146.103706,0.0
2019-01-20,16,0,238,89.87,89.87,0.0,265.523622,0.0
2019-01-20,16,0,240,12.35,12.35,0.0,-33.406669,0.0
2019-01-20,16,0,245,54.1,54.1,0.0,242.44246,0.0
2019-01-20,16,0,247,72.86,72.86,0.0,326.513081,0.0
2019-01-20,16,0,248,16.25,16.25,0.0,-17.209229,0.0
2019-01-20,16,0,249,104.03,104.03,0.0,466.197582,0.0
2019-01-20,16,0,251,93.81,93.81,0.0,320.501908,0.0
2019-01-20,16,0,252,113.77,113.77,0.0,420.172658,0.0
2019-01-20,16,0,254,18.14,18.14,0.0,-17.891421,0.0
2019-01-20,16,0,255,8.31,8.31,0.0,-8.196125,0.0
2019-01-20,16,0,258,15.23,15.23,0.0,-38.949618,0.0
2019-01-20,16,0,260,6.3,6.3,0.0,8.925608,0.0
2019-01-20,16,0,265,80.16,80.16,0.0,-922.203973,0.0
2019-01-20,16,0,266,51.29,51.29,0.0,-590.067886,0.0
2019-01-20,16,0,267,63.54,63.54,0.0,-730.998508,0.0
2019-01-20,16,0,270,395.58,395.58,0.0,-395580.0,0.0
2019-01-20,16,0,272,150.39,150.39,0.0,-39140.443136,0.0
2019-01-20,16,0,273,24.82,24.82,0.0,-24820.0,0.0
2019-01-20,16,0,274,493.67,493.67,0.0,-493670.0,0.0
2019-01-20,16,0,275,661.83,661.83,0.0,-661830.0,0.0
2019-01-20,16,0,276,5.7,5.7,0.0,-5132.941698,0.0
2019-01-20,16,0,277,7.29,7.29,0.0,-1975.162732,0.0
2019-01-20,16,0,278,11.67,11.67,0.0,-3161.886019,0.0
2019-01-20,16,0,279,591.69,591.69,0.0,-160313.310956,0.0
2019-01-20,16,0,281,8.64,8.64,0.0,-164.294084,0.0
2019-01-20,16,0,282,305.25,305.25,0.0,-5804.487187,0.0
2019-01-20,17,0,9,1.97,1.97,0.0,11.100986,0.0
2019-01-20,17,0,17,34.02,34.02,0.0,315.460487,0.0
2019-01-20,17,0,19,112.52,112.52,0.0,1043.374896,0.0
2019-01-20,17,0,20,135.5,135.5,0.0,1256.463726,0.0
2019-01-20,17,0,21,45.14,45.14,0.0,254.364715,0.0
2019-01-20,17,0,22,160.41,160.41,0.0,903.913247,0.0
2019-01-20,17,0,23,29.55,29.55,0.0,166.514784,0.0
2019-01-20,17,0,24,52.56,52.56,0.0,296.176549,0.0
2019-01-20,17,0,29,5.3,5.3,0.0,34.9891,0.0
2019-01-20,17,0,30,392.84,392.84,0.0,2205.686696,0.0
2019-01-20,17,0,31,16.12,16.12,0.0,90.50929,0.0
2019-01-20,17,0,32,3.12,3.12,0.0,138.730624,0.0
2019-01-20,17,0,33,1.98,1.98,0.0,19.914225,0.0
2019-01-20,17,0,34,3.17,3.17,0.0,31.882876,0.0
2019-01-20,17,0,35,3.17,3.17,0.0,31.882876,0.0
2019-01-20,17,0,36,7.78,7.78,0.0,61.534728,0.0
2019-01-20,17,0,37,3.6,3.6,0.0,28.329703,0.0
2019-01-20,17,0,38,4.62,4.62,0.0,36.356453,0.0
2019-01-20,17,0,39,3.08,3.08,0.0,24.237635,0.0
2019-01-20,17,0,40,3.08,3.08,0.0,24.237635,0.0
2019-01-20,17,0,41,21.08,21.08,0.0,141.788414,0.0
2019-01-20,17,0,42,48.41,48.41,0.0,440.659646,0.0
2019-01-20,17,0,43,23.21,23.21,0.0,184.179274,0.0
2019-01-20,17,0,46,19.99,19.99,0.0,152.509413,0.0
2019-01-20,17,0,52,17.08,17.08,0.0,95.899422,0.0
2019-01-20,17,0,53,27.14,27.14,0.0,152.383507,0.0
2019-01-20,17,0,55,177.4,177.4,0.0,999.652204,0.0
2019-01-20,17,0,56,115.87,115.87,0.0,650.577633,0.0
2019-01-20,17,0,57,110.22,110.22,0.0,618.854464,0.0
2019-01-20,17,0,58,211.96,211.96,0.0,1190.0961,0.0
2019-01-20,17,0,59,208.43,208.43,0.0,1170.276138,0.0
2019-01-20,17,0,63,77.28,77.28,0.0,8809.971081,0.0
2019-01-20,17,0,64,90.89,90.89,0.0,10361.520077,0.0
2019-01-20,17,0,65,8.98,8.98,0.0,82.985886,0.0
2019-01-20,17,0,67,206.05,206.05,0.0,-114659.670476,0.0
2019-01-20,17,0,68,13.57,13.57,0.0,-5585.805605,0.0
2019-01-20,17,0,69,1.98,1.98,0.0,19.914225,0.0
2019-01-20,17,0,74,32.07,32.07,0.0,268.405546,0.0
2019-01-20,17,0,77,52.57,52.57,0.0,-15293.409925,0.0
2019-01-20,17,0,78,39.74,39.74,0.0,-11560.968431,0.0
2019-01-20,17,0,79,23.0,23.0,0.0,-6691.048664,0.0
2019-01-20,17,0,80,37.19,37.19,0.0,-10819.134775,0.0
2019-01-20,17,0,81,48.62,48.62,0.0,-14144.295046,0.0
2019-01-20,17,0,82,34.3,34.3,0.0,-9978.389965,0.0
2019-01-20,17,0,83,76.49,76.49,0.0,-22252.100536,0.0
2019-01-20,17,0,84,0.0,0.0,0.0,0.0,0.0
2019-01-20,17,0,86,10.02,10.02,0.0,100.778049,0.0
2019-01-20,17,0,87,51.17,51.17,0.0,514.65197,0.0
2019-01-20,17,0,88,47.57,47.57,0.0,-13838.834129,0.0
2019-01-20,17,0,89,45.73,45.73,0.0,-13303.550236,0.0
2019-01-20,17,0,90,61.4,61.4,0.0,-17862.190782,0.0
2019-01-20,17,0,91,219.01,219.01,0.0,-63713.329042,0.0
2019-01-20,17,0,92,78.77,78.77,0.0,-22915.387099,0.0
2019-01-20,17,0,95,28.45,28.45,0.0,638.126007,0.0
2019-01-20,17,0,96,24.74,24.74,0.0,138.383363,0.0
2019-01-20,17,0,97,152.12,152.12,0.0,850.884285,0.0
2019-01-20,17,0,99,6.52,6.52,0.0,54.568262,0.0
2019-01-20,17,0,101,7.91,7.91,0.0,44.412437,0.0
2019-01-20,17,0,102,32.08,32.08,0.0,-13205.058497,0.0
2019-01-20,17,0,103,27.9,27.9,0.0,-11484.449254,0.0
2019-01-20,17,0,104,5.2,5.2,0.0,-2140.470829,0.0
2019-01-20,17,0,106,157.91,157.91,0.0,889.825702,0.0
2019-01-20,17,0,109,30.8,30.8,0.0,226.801481,0.0
2019-01-20,17,0,110,338.6,338.6,0.0,-338600.0,0.0
2019-01-20,17,0,111,14.18,14.18,0.0,95.377596,0.0
2019-01-20,17,0,113,38.09,38.09,0.0,-9974.095789,0.0
2019-01-20,17,0,115,38.09,38.09,0.0,-9974.095789,0.0
2019-01-20,17,0,116,74.31,74.31,0.0,-74310.0,0.0
2019-01-20,17,0,117,2.54,2.54,0.0,-665.11429,0.0
2019-01-20,17,0,119,90.89,90.89,0.0,10361.520077,0.0
2019-01-20,17,0,120,53.49,53.49,0.0,6097.895356,0.0
2019-01-20,17,0,123,2.63,2.63,0.0,14.820098,0.0
2019-01-20,17,0,125,47.51,47.51,0.0,267.719708,0.0
2019-01-20,17,0,126,118.43,118.43,0.0,667.355189,0.0
2019-01-20,17,0,127,151.99,151.99,0.0,856.466395,0.0
2019-01-20,17,0,128,68.38,68.38,0.0,385.322535,0.0
2019-01-20,17,0,131,21.93,21.93,0.0,-8178.743023,0.0
2019-01-20,17,0,132,32.24,32.24,0.0,-12023.833792,0.0
2019-01-20,17,0,133,45.75,45.75,0.0,424.366601,0.0
2019-01-20,17,0,134,0.0,0.0,0.0,0.0,0.0
2019-01-20,17,0,135,59.9,59.9,0.0,555.618785,0.0
2019-01-20,17,0,136,10.08,10.08,0.0,93.133705,0.0
2019-01-20,17,0,139,27.22,27.22,0.0,183.087317,0.0
2019-01-20,17,0,140,250.6,250.6,0.0,-250600.0,0.0
2019-01-20,17,0,141,171.26,171.26,0.0,-95300.243464,0.0
2019-01-20,17,0,142,271.73,271.73,0.0,-151208.309917,0.0
2019-01-20,17,0,143,15.89,15.89,0.0,89.217904,0.0
2019-01-20,17,0,145,19.27,19.27,0.0,120.717747,0.0
2019-01-20,17,0,146,249.0,249.0,0.0,-249000.0,0.0
2019-01-20,17,0,152,5.88,5.88,0.0,49.186171,0.0
2019-01-20,17,0,153,7.18,7.18,0.0,59.764685,0.0
2019-01-20,17,0,154,58.5,58.5,0.0,393.483029,0.0
2019-01-20,17,0,157,119.99,119.99,0.0,-66770.268675,0.0
2019-01-20,17,0,158,199.45,199.45,0.0,-110986.999643,0.0
2019-01-20,17,0,159,0.0,0.0,0.0,0.0,0.0
2019-01-20,17,0,160,1.82,1.82,0.0,14.940287,0.0
2019-01-20,17,0,161,39.16,39.16,0.0,-16119.391856,0.0
2019-01-20,17,0,162,49.04,49.04,0.0,1138.510538,0.0
2019-01-20,17,0,163,166.95,166.95,0.0,-166950.0,0.0
2019-01-20,17,0,164,15.54,15.54,0.0,87.252752,0.0
2019-01-20,17,0,167,3.45,3.45,0.0,66.885389,0.0
2019-01-20,17,0,168,1.73,1.73,0.0,33.53963,0.0
2019-01-20,17,0,169,0.0,0.0,0.0,0.0,0.0
2019-01-20,17,0,170,3.78,3.78,0.0,73.283122,0.0
2019-01-20,17,0,172,4.8,4.8,0.0,80.927285,0.0
2019-01-20,17,0,173,7.31,7.31,0.0,123.245511,0.0
2019-01-20,17,0,188,6.42,6.42,0.0,163.462502,0.0
2019-01-20,17,0,190,5.77,5.77,0.0,187.107005,0.0
2019-01-20,17,0,191,14.91,14.91,0.0,483.494877,0.0
2019-01-20,17,0,192,278.56,278.56,0.0,9033.020311,0.0
2019-01-20,17,0,194,43.94,43.94,0.0,-5577.457919,0.0
2019-01-20,17,0,196,3.91,3.91,0.0,1044.042024,0.0
2019-01-20,17,0,198,7.79,7.79,0.0,65.848919,0.0
2019-01-20,17,0,199,5.63,5.63,0.0,-166.962747,0.0
2019-01-20,17,0,200,12.85,12.85,0.0,-381.078384,0.0
2019-01-20,17,0,204,136.06,136.06,0.0,988.925486,0.0
2019-01-20,17,0,205,162.94,162.94,0.0,1199.838743,0.0
2019-01-20,17,0,206,446.99,446.99,0.0,2500.241695,0.0
2019-01-20,17,0,210,1.64,1.64,0.0,11.258347,0.0
2019-01-20,17,0,214,9.53,9.53,0.0,100.282085,0.0
2019-01-20,17,0,217,6.32,6.32,0.0,56.43509,0.0
2019-01-20,17,0,218,8.71,8.71,0.0,77.77684,0.0
2019-01-20,17,0,219,5.94,5.94,0.0,53.04184,0.0
2019-01-20,17,0,221,5.08,5.08,0.0,53.455718,0.0
2019-01-20,17,0,225,4.85,4.85,0.0,31.895083,0.0
2019-01-20,17,0,233,5.67,5.67,0.0,57.027099,0.0
2019-01-20,17,0,236,42.88,42.88,0.0,378.957456,0.0
2019-01-20,17,0,237,79.26,79.26,0.0,663.355895,0.0
2019-01-20,17,0,238,63.01,63.01,0.0,573.558444,0.0
2019-01-20,17,0,240,8.81,8.81,0.0,69.681357,0.0
2019-01-20,17,0,245,30.52,30.52,0.0,286.552776,0.0
2019-01-20,17,0,247,40.13,40.13,0.0,376.781222,0.0
2019-01-20,17,0,248,8.06,8.06,0.0,67.457084,0.0
2019-01-20,17,0,249,58.69,58.69,0.0,551.041364,0.0
2019-01-20,17,0,251,44.87,44.87,0.0,412.323873,0.0
2019-01-20,17,0,252,57.9,57.9,0.0,535.064897,0.0
2019-01-20,17,0,254,12.75,12.75,0.0,102.050989,0.0
2019-01-20,17,0,255,5.85,5.85,0.0,46.823395,0.0
2019-01-20,17,0,258,10.93,10.93,0.0,86.49506,0.0
2019-01-20,17,0,260,4.42,4.42,0.0,36.283554,0.0
2019-01-20,17,0,265,60.56,60.56,0.0,407.339012,0.0
2019-01-20,17,0,266,17.63,17.63,0.0,118.583005,0.0
2019-01-20,17,0,267,21.66,21.66,0.0,145.689614,0.0
2019-01-20,17,0,270,521.37,521.37,0.0,-521370.0,0.0
2019-01-20,17,0,272,127.3,127.3,0.0,-33334.271302,0.0
2019-01-20,17,0,273,17.77,17.77,0.0,-17770.0,0.0
2019-01-20,17,0,274,672.11,672.11,0.0,-672110.0,0.0
2019-01-20,17,0,275,935.59,935.59,0.0,-935590.0,0.0
2019-01-20,17,0,276,4.07,4.07,0.0,-3666.939999,0.0
2019-01-20,17,0,277,5.16,5.16,0.0,-1411.292496,0.0
2019-01-20,17,0,278,8.26,8.26,0.0,-2259.162019,0.0
2019-01-20,17,0,279,187.37,187.37,0.0,-51246.874999,0.0
2019-01-20,17,0,281,7.23,7.23,0.0,40.594427,0.0
2019-01-20,17,0,282,215.49,215.49,0.0,1209.916063,0.0
2019-01-20,18,0,9,1.08,1.08,0.0,2.134214,0.0
2019-01-20,18,0,17,17.3,17.3,0.0,155.937103,0.0
2019-01-20,18,0,19,68.96,68.96,0.0,621.585122,0.0
2019-01-20,18,0,20,83.97,83.97,0.0,756.880839,0.0
2019-01-20,18,0,21,24.74,24.74,0.0,48.889313,0.0
2019-01-20,18,0,22,87.92,87.92,0.0,173.740839,0.0
2019-01-20,18,0,23,39.44,39.44,0.0,77.938338,0.0
2019-01-20,18,0,24,69.98,69.98,0.0,138.289171,0.0
2019-01-20,18,0,29,2.32,2.32,0.0,15.548171,0.0
2019-01-20,18,0,30,224.19,224.19,0.0,433.778201,0.0
2019-01-20,18,0,31,10.4,10.4,0.0,20.122634,0.0
2019-01-20,18,0,32,1.39,1.39,0.0,29.665584,0.0
2019-01-20,18,0,33,0.99,0.99,0.0,10.324148,0.0
2019-01-20,18,0,34,1.58,1.58,0.0,16.476923,0.0
2019-01-20,18,0,35,1.58,1.58,0.0,16.476923,0.0
2019-01-20,18,0,36,3.96,3.96,0.0,26.363146,0.0
2019-01-20,18,0,37,1.83,1.83,0.0,12.080967,0.0
2019-01-20,18,0,38,2.35,2.35,0.0,15.51381,0.0
2019-01-20,18,0,39,1.57,1.57,0.0,10.364545,0.0
2019-01-20,18,0,40,1.57,1.57,0.0,10.364545,0.0
2019-01-20,18,0,41,16.81,16.81,0.0,70.035609,0.0
2019-01-20,18,0,42,26.69,26.69,0.0,232.390954,0.0
2019-01-20,18,0,43,11.59,11.59,0.0,78.994625,0.0
2019-01-20,18,0,46,10.01,10.01,0.0,61.402076,0.0
2019-01-20,18,0,52,11.02,11.02,0.0,21.322252,0.0
2019-01-20,18,0,53,17.51,17.51,0.0,33.87955,0.0
2019-01-20,18,0,55,92.0,92.0,0.0,181.803426,0.0
2019-01-20,18,0,56,66.13,66.13,0.0,127.952863,0.0
2019-01-20,18,0,57,62.9,62.9,0.0,121.703238,0.0
2019-01-20,18,0,58,120.96,120.96,0.0,234.041711,0.0
2019-01-20,18,0,59,118.95,118.95,0.0,230.152625,0.0
2019-01-20,18,0,63,98.18,98.18,0.0,2669.427802,0.0
2019-01-20,18,0,64,115.51,115.51,0.0,3140.615251,0.0
2019-01-20,18,0,65,4.92,4.92,0.0,44.067156,0.0
2019-01-20,18,0,67,112.36,112.36,0.0,-2544.489234,0.0
2019-01-20,18,0,68,4.8,4.8,0.0,-55.267749,0.0
2019-01-20,18,0,69,0.99,0.99,0.0,10.324148,0.0
2019-01-20,18,0,74,13.93,13.93,0.0,102.669699,0.0
2019-01-20,18,0,77,33.36,33.36,0.0,-66.08017,0.0
2019-01-20,18,0,78,25.22,25.22,0.0,-49.956292,0.0
2019-01-20,18,0,79,14.59,14.59,0.0,-28.90017,0.0
2019-01-20,18,0,80,23.6,23.6,0.0,-46.747363,0.0
2019-01-20,18,0,81,30.85,30.85,0.0,-61.108311,0.0
2019-01-20,18,0,82,21.76,21.76,0.0,-43.102653,0.0
2019-01-20,18,0,83,48.53,48.53,0.0,-96.129216,0.0
2019-01-20,18,0,84,0.0,0.0,0.0,0.0,0.0
2019-01-20,18,0,86,4.99,4.99,0.0,52.037879,0.0
2019-01-20,18,0,87,25.5,25.5,0.0,265.925031,0.0
2019-01-20,18,0,88,31.57,31.57,0.0,-62.534502,0.0
2019-01-20,18,0,89,30.35,30.35,0.0,-60.117901,0.0
2019-01-20,18,0,90,40.75,40.75,0.0,-80.718433,0.0
2019-01-20,18,0,91,145.35,145.35,0.0,-287.912252,0.0
2019-01-20,18,0,92,52.27,52.27,0.0,-103.537485,0.0
2019-01-20,18,0,95,29.27,29.27,0.0,631.484014,0.0
2019-01-20,18,0,96,14.77,14.77,0.0,27.941185,0.0
2019-01-20,18,0,97,90.81,90.81,0.0,171.790047,0.0
2019-01-20,18,0,99,2.69,2.69,0.0,19.826381,0.0
2019-01-20,18,0,101,4.52,4.52,0.0,8.745606,0.0
2019-01-20,18,0,102,11.37,11.37,0.0,-130.915481,0.0
2019-01-20,18,0,103,9.88,9.88,0.0,-113.75945,0.0
2019-01-20,18,0,104,1.84,1.84,0.0,-21.185971,0.0
2019-01-20,18,0,106,86.55,86.55,0.0,171.033549,0.0
2019-01-20,18,0,109,22.08,22.08,0.0,121.691935,0.0
2019-01-20,18,0,110,338.6,338.6,0.0,-19210.409855,0.0
2019-01-20,18,0,111,7.75,7.75,0.0,32.288874,0.0
2019-01-20,18,0,113,25.85,25.85,0.0,-15.164487,0.0
2019-01-20,18,0,115,25.85,25.85,0.0,-15.164487,0.0
2019-01-20,18,0,116,37.63,37.63,0.0,-2134.931255,0.0
2019-01-20,18,0,117,1.72,1.72,0.0,-1.00901,0.0
2019-01-20,18,0,119,115.51,115.51,0.0,3140.615251,0.0
2019-01-20,18,0,120,67.92,67.92,0.0,1846.68503,0.0
2019-01-20,18,0,123,1.44,1.44,0.0,2.845619,0.0
2019-01-20,18,0,125,63.29,63.29,0.0,125.0689,0.0
2019-01-20,18,0,126,64.91,64.91,0.0,128.270221,0.0
2019-01-20,18,0,127,83.3,83.3,0.0,164.611145,0.0
2019-01-20,18,0,128,90.88,90.88,0.0,179.590167,0.0
2019-01-20,18,0,131,13.9,13.9,0.0,-118.722222,0.0
2019-01-20,18,0,132,20.43,20.43,0.0,-174.496043,0.0
2019-01-20,18,0,133,30.16,30.16,0.0,272.015225,0.0
2019-01-20,18,0,134,0.0,0.0,0.0,0.0,0.0
2019-01-20,18,0,135,40.41,40.41,0.0,364.460718,0.0
2019-01-20,18,0,136,5.55,5.55,0.0,49.692545,0.0
2019-01-20,18,0,139,21.71,21.71,0.0,90.45051,0.0
2019-01-20,18,0,140,250.6,250.6,0.0,-14217.745746,0.0
2019-01-20,18,0,141,112.36,112.36,0.0,-2544.489234,0.0
2019-01-20,18,0,142,148.17,148.17,0.0,-3355.43761,0.0
2019-01-20,18,0,143,10.91,10.91,0.0,21.109417,0.0
2019-01-20,18,0,145,13.65,13.65,0.0,44.542651,0.0
2019-01-20,18,0,146,210.27,210.27,0.0,-11929.630479,0.0
2019-01-20,18,0,152,3.06,3.06,0.0,22.603032,0.0
2019-01-20,18,0,153,3.72,3.72,0.0,27.204021,0.0
2019-01-20,18,0,154,31.96,31.96,0.0,133.15515,0.0
2019-01-20,18,0,157,92.6,92.6,0.0,-2097.00697,0.0
2019-01-20,18,0,158,108.55,108.55,0.0,-2458.208494,0.0
2019-01-20,18,0,159,0.0,0.0,0.0,0.0,0.0
2019-01-20,18,0,160,0.89,0.89,0.0,6.728986,0.0
2019-01-20,18,0,161,20.83,20.83,0.0,-239.839003,0.0
2019-01-20,18,0,162,44.03,44.03,0.0,952.675397,0.0
2019-01-20,18,0,163,109.99,109.99,0.0,-6240.262788,0.0
2019-01-20,18,0,164,9.24,9.24,0.0,17.878186,0.0
2019-01-20,18,0,167,1.5,1.5,0.0,32.114424,0.0
2019-01-20,18,0,168,0.75,0.75,0.0,16.057212,0.0
2019-01-20,18,0,169,0.0,0.0,0.0,0.0,0.0
2019-01-20,18,0,170,1.64,1.64,0.0,35.111771,0.0
2019-01-20,18,0,172,2.11,2.11,0.0,41.609386,0.0
2019-01-20,18,0,173,3.22,3.22,0.0,63.498684,0.0
2019-01-20,18,0,188,2.88,2.88,0.0,58.51715,0.0
2019-01-20,18,0,190,2.78,2.78,0.0,75.585754,0.0
2019-01-20,18,0,191,7.17,7.17,0.0,194.94599,0.0
2019-01-20,18,0,192,176.97,176.97,0.0,4811.658566,0.0
2019-01-20,18,0,194,57.89,57.89,0.0,521.019483,0.0
2019-01-20,18,0,196,1.94,1.94,0.0,75.376519,0.0
2019-01-20,18,0,198,3.7,3.7,0.0,31.663947,0.0
2019-01-20,18,0,199,6.24,6.24,0.0,65.974061,0.0
2019-01-20,18,0,200,5.97,5.97,0.0,63.119414,0.0
2019-01-20,18,0,204,95.84,95.84,0.0,510.832469,0.0
2019-01-20,18,0,205,116.78,116.78,0.0,643.622471,0.0
2019-01-20,18,0,206,266.84,266.84,0.0,504.795246,0.0
2019-01-20,18,0,210,0.71,0.71,0.0,5.051995,0.0
2019-01-20,18,0,214,4.43,4.43,0.0,49.909226,0.0
2019-01-20,18,0,217,2.85,2.85,0.0,26.970151,0.0
2019-01-20,18,0,218,3.94,3.94,0.0,37.285051,0.0
2019-01-20,18,0,219,2.68,2.68,0.0,25.361405,0.0
2019-01-20,18,0,221,2.36,2.36,0.0,26.588211,0.0
2019-01-20,18,0,225,2.15,2.15,0.0,14.322971,0.0
2019-01-20,18,0,233,2.83,2.83,0.0,29.512464,0.0
2019-01-20,18,0,236,28.65,28.65,0.0,235.836489,0.0
2019-01-20,18,0,237,33.41,33.41,0.0,246.245128,0.0
2019-01-20,18,0,238,34.75,34.75,0.0,302.569713,0.0
2019-01-20,18,0,240,4.48,4.48,0.0,29.824974,0.0
2019-01-20,18,0,245,17.36,17.36,0.0,160.114534,0.0
2019-01-20,18,0,247,23.26,23.26,0.0,214.53134,0.0
2019-01-20,18,0,248,3.35,3.35,0.0,24.690846,0.0
2019-01-20,18,0,249,33.38,33.38,0.0,307.869997,0.0
2019-01-20,18,0,251,25.31,25.31,0.0,224.327836,0.0
2019-01-20,18,0,252,31.76,31.76,0.0,284.46603,0.0
2019-01-20,18,0,254,6.29,6.29,0.0,44.046852,0.0
2019-01-20,18,0,255,2.88,2.88,0.0,20.167716,0.0
2019-01-20,18,0,258,5.55,5.55,0.0,37.090331,0.0
2019-01-20,18,0,260,2.17,2.17,0.0,16.406628,0.0
2019-01-20,18,0,265,33.09,33.09,0.0,137.863076,0.0
2019-01-20,18,0,266,14.05,14.05,0.0,58.536604,0.0
2019-01-20,18,0,267,17.27,17.27,0.0,71.95211,0.0
2019-01-20,18,0,270,343.49,343.49,0.0,-19487.843122,0.0
2019-01-20,18,0,272,86.4,86.4,0.0,-50.685172,0.0
2019-01-20,18,0,273,9.0,9.0,0.0,-510.613375,0.0
2019-01-20,18,0,274,442.8,442.8,0.0,-25122.178038,0.0
2019-01-20,18,0,275,616.38,616.38,0.0,-34970.207993,0.0
2019-01-20,18,0,276,2.08,2.08,0.0,-102.176828,0.0
2019-01-20,18,0,277,2.67,2.67,0.0,-3.058714,0.0
2019-01-20,18,0,278,4.27,4.27,0.0,-4.891651,0.0
2019-01-20,18,0,279,130.67,130.67,0.0,-149.693697,0.0
2019-01-20,18,0,281,4.66,4.66,0.0,9.016488,0.0
2019-01-20,18,0,282,122.98,122.98,0.0,237.950146,0.0
2019-01-20,19,0,9,0.02,0.02,0.0,0.247986,0.0
2019-01-20,19,0,17,0.0,0.0,0.0,0.0,0.0
2019-01-20,19,0,19,72.91,72.91,0.0,843.258019,0.0
2019-01-20,19,0,20,88.62,88.62,0.0,1024.955776,0.0
2019-01-20,19,0,21,0.5,0.5,0.0,6.19964,0.0
2019-01-20,19,0,22,1.77,1.77,0.0,21.946725,0.0
2019-01-20,19,0,23,28.11,28.11,0.0,348.543753,0.0
2019-01-20,19,0,24,49.74,49.74,0.0,616.740174,0.0
2019-01-20,19,0,29,0.0,0.0,0.0,0.0,0.0
2019-01-20,19,0,30,10.69,10.69,0.0,132.629386,0.0
2019-01-20,19,0,31,3.93,3.93,0.0,48.758979,0.0
2019-01-20,19,0,32,0.0,0.0,0.0,0.0,0.0
2019-01-20,19,0,33,0.0,0.0,0.0,0.0,0.0
2019-01-20,19,0,34,0.0,0.0,0.0,0.0,0.0
2019-01-20,19,0,35,0.0,0.0,0.0,0.0,0.0
2019-01-20,19,0,36,0.0,0.0,0.0,0.0,0.0
2019-01-20,19,0,37,0.0,0.0,0.0,0.0,0.0
2019-01-20,19,0,38,0.0,0.0,0.0,0.0,0.0
2019-01-20,19,0,39,0.0,0.0,0.0,0.0,0.0
2019-01-20,19,0,40,0.0,0.0,0.0,0.0,0.0
2019-01-20,19,0,41,13.14,13.14,0.0,158.105092,0.0
2019-01-20,19,0,42,0.81,0.81,0.0,9.372943,0.0
2019-01-20,19,0,43,0.0,0.0,0.0,0.0,0.0
2019-01-20,19,0,46,0.0,0.0,0.0,0.0,0.0
2019-01-20,19,0,52,4.17,4.17,0.0,51.736627,0.0
2019-01-20,19,0,53,6.62,6.62,0.0,82.133446,0.0
2019-01-20,19,0,55,25.08,25.08,0.0,310.973936,0.0
2019-01-20,19,0,56,3.15,3.15,0.0,39.081625,0.0
2019-01-20,19,0,57,3.0,3.0,0.0,37.220595,0.0
2019-01-20,19,0,58,5.77,5.77,0.0,71.587611,0.0
2019-01-20,19,0,59,5.67,5.67,0.0,70.346924,0.0
2019-01-20,19,0,63,72.48,72.48,0.0,985.176997,0.0
2019-01-20,19,0,64,85.27,85.27,0.0,1159.023765,0.0
2019-01-20,19,0,65,4.05,4.05,0.0,46.845603,0.0
2019-01-20,19,0,67,1.51,1.51,0.0,20.070473,0.0
2019-01-20,19,0,68,3.64,3.64,0.0,48.167791,0.0
2019-01-20,19,0,69,0.0,0.0,0.0,0.0,0.0
2019-01-20,19,0,74,9.94,9.94,0.0,115.488356,0.0
2019-01-20,19,0,77,19.53,19.53,0.0,256.518737,0.0
2019-01-20,19,0,78,14.76,14.76,0.0,193.866696,0.0
2019-01-20,19,0,79,8.54,8.54,0.0,112.169484,0.0
2019-01-20,19,0,80,13.81,13.81,0.0,181.388826,0.0
2019-01-20,19,0,81,18.06,18.06,0.0,237.210875,0.0
2019-01-20,19,0,82,12.74,12.74,0.0,167.334804,0.0
2019-01-20,19,0,83,28.41,28.41,0.0,373.153985,0.0
2019-01-20,19,0,84,0.0,0.0,0.0,0.0,0.0
2019-01-20,19,0,86,0.0,0.0,0.0,0.0,0.0
2019-01-20,19,0,87,0.0,0.0,0.0,0.0,0.0
2019-01-20,19,0,88,19.75,19.75,0.0,259.408349,0.0
2019-01-20,19,0,89,18.98,18.98,0.0,249.294707,0.0
2019-01-20,19,0,90,25.49,25.49,0.0,334.800953,0.0
2019-01-20,19,0,91,90.92,90.92,0.0,1194.197829,0.0
2019-01-20,19,0,92,32.7,32.7,0.0,429.501419,0.0
2019-01-20,19,0,95,30.03,30.03,0.0,411.093486,0.0
2019-01-20,19,0,96,7.96,7.96,0.0,98.821746,0.0
2019-01-20,19,0,97,48.95,48.95,0.0,607.70408,0.0
2019-01-20,19,0,99,1.92,1.92,0.0,22.30761,0.0
2019-01-20,19,0,101,0.22,0.22,0.0,2.72951,0.0
2019-01-20,19,0,102,10.42,10.42,0.0,137.886918,0.0
2019-01-20,19,0,103,8.74,8.74,0.0,115.65563,0.0
2019-01-20,19,0,104,1.25,1.25,0.0,16.541137,0.0
2019-01-20,19,0,106,1.75,1.75,0.0,21.69874,0.0
2019-01-20,19,0,109,16.41,16.41,0.0,192.344424,0.0
2019-01-20,19,0,110,338.6,338.6,0.0,4561.534888,0.0
2019-01-20,19,0,111,0.18,0.18,0.0,2.165823,0.0
2019-01-20,19,0,113,16.62,16.62,0.0,220.792377,0.0
2019-01-20,19,0,115,16.62,16.62,0.0,220.792377,0.0
2019-01-20,19,0,116,0.0,0.0,0.0,0.0,0.0
2019-01-20,19,0,117,1.11,1.11,0.0,14.746061,0.0
2019-01-20,19,0,119,85.27,85.27,0.0,1159.023765,0.0
2019-01-20,19,0,120,50.14,50.14,0.0,681.522828,0.0
2019-01-20,19,0,123,0.03,0.03,0.0,0.371978,0.0
2019-01-20,19,0,125,45.01,45.01,0.0,558.09158,0.0
2019-01-20,19,0,126,1.31,1.31,0.0,16.243056,0.0
2019-01-20,19,0,127,1.68,1.68,0.0,20.83079,0.0
2019-01-20,19,0,128,64.47,64.47,0.0,799.381564,0.0
2019-01-20,19,0,131,8.06,8.06,0.0,106.530692,0.0
2019-01-20,19,0,132,11.85,11.85,0.0,156.623908,0.0
2019-01-20,19,0,133,16.31,16.31,0.0,188.635546,0.0
2019-01-20,19,0,134,0.0,0.0,0.0,0.0,0.0
2019-01-20,19,0,135,22.1,22.1,0.0,255.600586,0.0
2019-01-20,19,0,136,4.66,4.66,0.0,53.901636,0.0
2019-01-20,19,0,139,16.97,16.97,0.0,204.188996,0.0
2019-01-20,19,0,140,250.6,250.6,0.0,3376.0208,0.0
2019-01-20,19,0,141,68.83,68.83,0.0,914.867985,0.0
2019-01-20,19,0,142,1.99,1.99,0.0,26.450491,0.0
2019-01-20,19,0,143,4.64,4.64,0.0,57.567853,0.0
2019-01-20,19,0,145,9.32,9.32,0.0,113.264772,0.0
2019-01-20,19,0,146,178.32,178.32,0.0,2402.282638,0.0
2019-01-20,19,0,152,0.0,0.0,0.0,0.0,0.0
2019-01-20,19,0,153,0.0,0.0,0.0,0.0,0.0
2019-01-20,19,0,154,0.75,0.75,0.0,9.024263,0.0
2019-01-20,19,0,157,72.56,72.56,0.0,964.446041,0.0
2019-01-20,19,0,158,1.17,1.17,0.0,15.551294,0.0
2019-01-20,19,0,159,0.0,0.0,0.0,0.0,0.0
2019-01-20,19,0,160,0.0,0.0,0.0,0.0,0.0
2019-01-20,19,0,161,0.0,0.0,0.0,0.0,0.0
2019-01-20,19,0,162,40.11,40.11,0.0,549.013753,0.0
2019-01-20,19,0,163,67.91,67.91,0.0,914.86661,0.0
2019-01-20,19,0,164,0.83,0.83,0.0,10.297698,0.0
2019-01-20,19,0,167,0.0,0.0,0.0,0.0,0.0
2019-01-20,19,0,168,0.0,0.0,0.0,0.0,0.0
2019-01-20,19,0,169,0.0,0.0,0.0,0.0,0.0
2019-01-20,19,0,170,0.0,0.0,0.0,0.0,0.0
2019-01-20,19,0,172,0.0,0.0,0.0,0.0,0.0
2019-01-20,19,0,173,0.0,0.0,0.0,0.0,0.0
2019-01-20,19,0,188,0.0,0.0,0.0,0.0,0.0
2019-01-20,19,0,190,0.0,0.0,0.0,0.0,0.0
2019-01-20,19,0,191,0.0,0.0,0.0,0.0,0.0
2019-01-20,19,0,192,109.49,109.49,0.0,1488.231641,0.0
2019-01-20,19,0,194,71.65,71.65,0.0,958.7528,0.0
2019-01-20,19,0,196,0.0,0.0,0.0,0.0,0.0
2019-01-20,19,0,198,0.0,0.0,0.0,0.0,0.0
2019-01-20,19,0,199,9.27,9.27,0.0,116.098726,0.0
2019-01-20,19,0,200,0.0,0.0,0.0,0.0,0.0
2019-01-20,19,0,204,69.74,69.74,0.0,818.632754,0.0
2019-01-20,19,0,205,86.8,86.8,0.0,1017.397684,0.0
2019-01-20,19,0,206,143.82,143.82,0.0,1785.495421,0.0
2019-01-20,19,0,210,0.0,0.0,0.0,0.0,0.0
2019-01-20,19,0,214,0.0,0.0,0.0,0.0,0.0
2019-01-20,19,0,217,0.0,0.0,0.0,0.0,0.0
2019-01-20,19,0,218,0.0,0.0,0.0,0.0,0.0
2019-01-20,19,0,219,0.0,0.0,0.0,0.0,0.0
2019-01-20,19,0,221,0.0,0.0,0.0,0.0,0.0
2019-01-20,19,0,225,0.0,0.0,0.0,0.0,0.0
2019-01-20,19,0,233,0.0,0.0,0.0,0.0,0.0
2019-01-20,19,0,236,22.51,22.51,0.0,260.602083,0.0
2019-01-20,19,0,237,23.85,23.85,0.0,277.102343,0.0
2019-01-20,19,0,238,1.05,1.05,0.0,12.150112,0.0
2019-01-20,19,0,240,0.0,0.0,0.0,0.0,0.0
2019-01-20,19,0,245,11.71,11.71,0.0,135.388437,0.0
2019-01-20,19,0,247,17.63,17.63,0.0,203.83417,0.0
2019-01-20,19,0,248,2.39,2.39,0.0,27.768327,0.0
2019-01-20,19,0,249,22.52,22.52,0.0,260.371272,0.0
2019-01-20,19,0,251,24.94,24.94,0.0,288.52047,0.0
2019-01-20,19,0,252,26.13,26.13,0.0,302.240891,0.0
2019-01-20,19,0,254,0.0,0.0,0.0,0.0,0.0
2019-01-20,19,0,255,0.0,0.0,0.0,0.0,0.0
2019-01-20,19,0,258,0.0,0.0,0.0,0.0,0.0
2019-01-20,19,0,260,0.0,0.0,0.0,0.0,0.0
2019-01-20,19,0,265,0.77,0.77,0.0,9.26491,0.0
2019-01-20,19,0,266,10.99,10.99,0.0,132.235537,0.0
2019-01-20,19,0,267,13.51,13.51,0.0,162.557062,0.0
2019-01-20,19,0,270,212.07,212.07,0.0,2856.954234,0.0
2019-01-20,19,0,272,55.53,55.53,0.0,737.701608,0.0
2019-01-20,19,0,273,0.0,0.0,0.0,0.0,0.0
2019-01-20,19,0,274,273.38,273.38,0.0,3682.907288,0.0
2019-01-20,19,0,275,380.55,380.55,0.0,5126.674843,0.0
2019-01-20,19,0,276,0.0,0.0,0.0,0.0,0.0
2019-01-20,19,0,277,0.0,0.0,0.0,0.0,0.0
2019-01-20,19,0,278,0.0,0.0,0.0,0.0,0.0
2019-01-20,19,0,279,86.73,86.73,0.0,1146.964908,0.0
2019-01-20,19,0,281,1.77,1.77,0.0,21.960151,0.0
2019-01-20,19,0,282,5.87,5.87,0.0,72.828297,0.0
2019-01-20,20,0,9,0.0,0.0,0.0,0.0,0.0
2019-01-20,20,0,17,0.0,0.0,0.0,0.0,0.0
2019-01-20,20,0,19,62.07,62.07,0.0,639.104158,0.0
2019-01-20,20,0,20,75.28,75.28,0.0,775.121009,0.0
2019-01-20,20,0,21,0.0,0.0,0.0,0.0,0.0
2019-01-20,20,0,22,0.0,0.0,0.0,0.0,0.0
2019-01-20,20,0,23,35.47,35.47,0.0,233.927291,0.0
2019-01-20,20,0,24,62.75,62.75,0.0,413.840923,0.0
2019-01-20,20,0,29,0.0,0.0,0.0,0.0,0.0
2019-01-20,20,0,30,0.0,0.0,0.0,0.0,0.0
2019-01-20,20,0,31,6.57,6.57,0.0,43.190449,0.0
2019-01-20,20,0,32,0.0,0.0,0.0,0.0,0.0
2019-01-20,20,0,33,0.0,0.0,0.0,0.0,0.0
2019-01-20,20,0,34,0.0,0.0,0.0,0.0,0.0
2019-01-20,20,0,35,0.0,0.0,0.0,0.0,0.0
2019-01-20,20,0,36,0.0,0.0,0.0,0.0,0.0
2019-01-20,20,0,37,0.0,0.0,0.0,0.0,0.0
2019-01-20,20,0,38,0.0,0.0,0.0,0.0,0.0
2019-01-20,20,0,39,0.0,0.0,0.0,0.0,0.0
2019-01-20,20,0,40,0.0,0.0,0.0,0.0,0.0
2019-01-20,20,0,41,32.58,32.58,0.0,251.731976,0.0
2019-01-20,20,0,42,0.0,0.0,0.0,0.0,0.0
2019-01-20,20,0,43,0.0,0.0,0.0,0.0,0.0
2019-01-20,20,0,46,0.0,0.0,0.0,0.0,0.0
2019-01-20,20,0,52,6.97,6.97,0.0,45.820004,0.0
2019-01-20,20,0,53,11.07,11.07,0.0,72.772948,0.0
2019-01-20,20,0,55,36.3,36.3,0.0,239.401203,0.0
2019-01-20,20,0,56,0.0,0.0,0.0,0.0,0.0
2019-01-20,20,0,57,0.0,0.0,0.0,0.0,0.0
2019-01-20,20,0,58,0.0,0.0,0.0,0.0,0.0
2019-01-20,20,0,59,0.0,0.0,0.0,0.0,0.0
2019-01-20,20,0,63,86.37,86.37,0.0,1658.077244,0.0
2019-01-20,20,0,64,101.61,101.61,0.0,1950.645233,0.0
2019-01-20,20,0,65,4.42,4.42,0.0,45.373367,0.0
2019-01-20,20,0,67,0.0,0.0,0.0,-0.0,0.0
2019-01-20,20,0,68,3.23,3.23,0.0,-0.713303,0.0
2019-01-20,20,0,69,0.0,0.0,0.0,0.0,0.0
2019-01-20,20,0,74,12.41,12.41,0.0,116.719328,0.0
2019-01-20,20,0,77,36.99,36.99,0.0,168.843333,0.0
2019-01-20,20,0,78,28.08,28.08,0.0,128.173041,0.0
2019-01-20,20,0,79,16.34,16.34,0.0,74.585025,0.0
2019-01-20,20,0,80,26.3,26.3,0.0,120.048112,0.0
2019-01-20,20,0,81,34.26,34.26,0.0,156.382065,0.0
2019-01-20,20,0,82,24.28,24.28,0.0,110.827687,0.0
2019-01-20,20,0,83,53.4,53.4,0.0,243.747878,0.0
2019-01-20,20,0,84,0.0,0.0,0.0,0.0,0.0
2019-01-20,20,0,86,0.0,0.0,0.0,0.0,0.0
2019-01-20,20,0,87,0.0,0.0,0.0,0.0,0.0
2019-01-20,20,0,88,50.14,50.14,0.0,228.867389,0.0
2019-01-20,20,0,89,48.21,48.21,0.0,220.057775,0.0
2019-01-20,20,0,90,64.67,64.67,0.0,295.190548,0.0
2019-01-20,20,0,91,230.27,230.27,0.0,1051.082843,0.0
2019-01-20,20,0,92,82.93,82.93,0.0,378.539541,0.0
2019-01-20,20,0,95,29.27,29.27,0.0,479.644097,0.0
2019-01-20,20,0,96,9.91,9.91,0.0,64.927818,0.0
2019-01-20,20,0,97,71.58,71.58,0.0,468.974088,0.0
2019-01-20,20,0,99,2.4,2.4,0.0,22.572634,0.0
2019-01-20,20,0,101,0.0,0.0,0.0,0.0,0.0
2019-01-20,20,0,102,7.64,7.64,0.0,-1.687193,0.0
2019-01-20,20,0,103,6.65,6.65,0.0,-1.468564,0.0
2019-01-20,20,0,104,1.24,1.24,0.0,-0.273838,0.0
2019-01-20,20,0,106,0.0,0.0,0.0,0.0,0.0
2019-01-20,20,0,109,22.26,22.26,0.0,187.099544,0.0
2019-01-20,20,0,110,330.09,330.09,0.0,-7560.936342,0.0
2019-01-20,20,0,111,0.0,0.0,0.0,0.0,0.0
2019-01-20,20,0,113,21.4,21.4,0.0,112.434136,0.0
2019-01-20,20,0,115,21.4,21.4,0.0,112.434136,0.0
2019-01-20,20,0,116,0.0,0.0,0.0,-0.0,0.0
2019-01-20,20,0,117,1.43,1.43,0.0,7.513122,0.0
2019-01-20,20,0,119,101.61,101.61,0.0,1950.645233,0.0
2019-01-20,20,0,120,59.74,59.74,0.0,1146.851159,0.0
2019-01-20,20,0,123,0.0,0.0,0.0,0.0,0.0
2019-01-20,20,0,125,56.78,56.78,0.0,374.468328,0.0
2019-01-20,20,0,126,0.0,0.0,0.0,0.0,0.0
2019-01-20,20,0,127,0.0,0.0,0.0,0.0,0.0
2019-01-20,20,0,128,81.33,81.33,0.0,536.377407,0.0
2019-01-20,20,0,131,9.23,9.23,0.0,11.727031,0.0
2019-01-20,20,0,132,13.56,13.56,0.0,17.228444,0.0
2019-01-20,20,0,133,9.37,9.37,0.0,96.505667,0.0
2019-01-20,20,0,134,0.0,0.0,0.0,0.0,0.0
2019-01-20,20,0,135,12.48,12.48,0.0,128.536897,0.0
2019-01-20,20,0,136,5.16,5.16,0.0,52.961021,0.0
2019-01-20,20,0,139,43.61,43.61,0.0,336.956153,0.0
2019-01-20,20,0,140,244.3,244.3,0.0,-5595.857943,0.0
2019-01-20,20,0,141,80.45,80.45,0.0,-467.016166,0.0
2019-01-20,20,0,142,0.0,0.0,0.0,-0.0,0.0
2019-01-20,20,0,143,8.96,8.96,0.0,58.902043,0.0
2019-01-20,20,0,145,10.92,10.92,0.0,79.215463,0.0
2019-01-20,20,0,146,201.22,201.22,0.0,-4609.081192,0.0
2019-01-20,20,0,152,0.0,0.0,0.0,0.0,0.0
2019-01-20,20,0,153,0.0,0.0,0.0,0.0,0.0
2019-01-20,20,0,154,0.0,0.0,0.0,0.0,0.0
2019-01-20,20,0,157,71.16,71.16,0.0,-413.087263,0.0
2019-01-20,20,0,158,0.0,0.0,0.0,-0.0,0.0
2019-01-20,20,0,159,0.0,0.0,0.0,0.0,0.0
2019-01-20,20,0,160,0.0,0.0,0.0,0.0,0.0
2019-01-20,20,0,161,0.0,0.0,0.0,-0.0,0.0
2019-01-20,20,0,162,37.34,37.34,0.0,613.052953,0.0
2019-01-20,20,0,163,69.41,69.41,0.0,-1589.883339,0.0
2019-01-20,20,0,164,0.0,0.0,0.0,0.0,0.0
2019-01-20,20,0,167,0.0,0.0,0.0,0.0,0.0
2019-01-20,20,0,168,0.0,0.0,0.0,0.0,0.0
2019-01-20,20,0,169,0.0,0.0,0.0,0.0,0.0
2019-01-20,20,0,170,0.0,0.0,0.0,0.0,0.0
2019-01-20,20,0,172,0.0,0.0,0.0,0.0,0.0
2019-01-20,20,0,173,0.0,0.0,0.0,0.0,0.0
2019-01-20,20,0,188,0.0,0.0,0.0,0.0,0.0
2019-01-20,20,0,190,0.0,0.0,0.0,0.0,0.0
2019-01-20,20,0,191,0.0,0.0,0.0,0.0,0.0
2019-01-20,20,0,192,97.13,97.13,0.0,1864.640995,0.0
2019-01-20,20,0,194,117.83,117.83,0.0,1184.635613,0.0
2019-01-20,20,0,196,0.0,0.0,0.0,0.0,0.0
2019-01-20,20,0,198,0.0,0.0,0.0,0.0,0.0
2019-01-20,20,0,199,15.04,15.04,0.0,158.914843,0.0
2019-01-20,20,0,200,0.0,0.0,0.0,0.0,0.0
2019-01-20,20,0,204,193.17,193.17,0.0,1605.047597,0.0
2019-01-20,20,0,205,117.77,117.77,0.0,989.879306,0.0
2019-01-20,20,0,206,271.14,271.14,0.0,1776.440826,0.0
2019-01-20,20,0,210,0.0,0.0,0.0,0.0,0.0
2019-01-20,20,0,214,0.0,0.0,0.0,0.0,0.0
2019-01-20,20,0,217,0.0,0.0,0.0,0.0,0.0
2019-01-20,20,0,218,0.0,0.0,0.0,0.0,0.0
2019-01-20,20,0,219,0.0,0.0,0.0,0.0,0.0
2019-01-20,20,0,221,0.0,0.0,0.0,0.0,0.0
2019-01-20,20,0,225,0.0,0.0,0.0,0.0,0.0
2019-01-20,20,0,233,0.0,0.0,0.0,0.0,0.0
2019-01-20,20,0,236,25.99,25.99,0.0,256.514857,0.0
2019-01-20,20,0,237,29.77,29.77,0.0,279.994714,0.0
2019-01-20,20,0,238,0.0,0.0,0.0,0.0,0.0
2019-01-20,20,0,240,0.0,0.0,0.0,0.0,0.0
2019-01-20,20,0,245,19.99,19.99,0.0,208.1088,0.0
2019-01-20,20,0,247,18.69,18.69,0.0,194.574962,0.0
2019-01-20,20,0,248,2.99,2.99,0.0,28.12174,0.0
2019-01-20,20,0,249,38.43,38.43,0.0,400.081101,0.0
2019-01-20,20,0,251,35.86,35.86,0.0,366.292224,0.0
2019-01-20,20,0,252,28.5,28.5,0.0,292.565829,0.0
2019-01-20,20,0,254,0.0,0.0,0.0,0.0,0.0
2019-01-20,20,0,255,0.0,0.0,0.0,0.0,0.0
2019-01-20,20,0,258,0.0,0.0,0.0,0.0,0.0
2019-01-20,20,0,260,0.0,0.0,0.0,0.0,0.0
2019-01-20,20,0,265,0.0,0.0,0.0,0.0,0.0
2019-01-20,20,0,266,26.58,26.58,0.0,205.372496,0.0
2019-01-20,20,0,267,33.61,33.61,0.0,259.690353,0.0
2019-01-20,20,0,270,216.77,216.77,0.0,-4965.264536,0.0
2019-01-20,20,0,272,71.52,71.52,0.0,375.761188,0.0
2019-01-20,20,0,273,0.0,0.0,0.0,-0.0,0.0
2019-01-20,20,0,274,279.45,279.45,0.0,-6400.992641,0.0
2019-01-20,20,0,275,388.99,388.99,0.0,-8910.080971,0.0
2019-01-20,20,0,276,0.0,0.0,0.0,-0.0,0.0
2019-01-20,20,0,277,0.0,0.0,0.0,0.0,0.0
2019-01-20,20,0,278,0.0,0.0,0.0,0.0,0.0
2019-01-20,20,0,279,254.25,254.25,0.0,1265.543157,0.0
2019-01-20,20,0,281,2.95,2.95,0.0,19.392972,0.0
2019-01-20,20,0,282,0.0,0.0,0.0,0.0,0.0
2019-01-20,21,0,9,0.0,0.0,0.0,0.0,0.0
2019-01-20,21,0,17,0.0,0.0,0.0,0.0,0.0
2019-01-20,21,0,19,67.52,67.52,0.0,1002.188258,0.0
2019-01-20,21,0,20,81.89,81.89,0.0,1215.479805,0.0
2019-01-20,21,0,21,0.0,0.0,0.0,0.0,0.0
2019-01-20,21,0,22,0.0,0.0,0.0,0.0,0.0
2019-01-20,21,0,23,44.07,44.07,0.0,384.812361,0.0
2019-01-20,21,0,24,77.97,77.97,0.0,680.821869,0.0
2019-01-20,21,0,29,0.0,0.0,0.0,0.0,0.0
2019-01-20,21,0,30,0.0,0.0,0.0,0.0,0.0
2019-01-20,21,0,31,10.44,10.44,0.0,90.829615,0.0
2019-01-20,21,0,32,0.0,0.0,0.0,0.0,0.0
2019-01-20,21,0,33,0.0,0.0,0.0,0.0,0.0
2019-01-20,21,0,34,0.0,0.0,0.0,0.0,0.0
2019-01-20,21,0,35,0.0,0.0,0.0,0.0,0.0
2019-01-20,21,0,36,0.0,0.0,0.0,0.0,0.0
2019-01-20,21,0,37,0.0,0.0,0.0,0.0,0.0
2019-01-20,21,0,38,0.0,0.0,0.0,0.0,0.0
2019-01-20,21,0,39,0.0,0.0,0.0,0.0,0.0
2019-01-20,21,0,40,0.0,0.0,0.0,0.0,0.0
2019-01-20,21,0,41,82.39,82.39,0.0,862.536338,0.0
2019-01-20,21,0,42,0.0,0.0,0.0,0.0,0.0
2019-01-20,21,0,43,0.0,0.0,0.0,0.0,0.0
2019-01-20,21,0,46,0.0,0.0,0.0,0.0,0.0
2019-01-20,21,0,52,11.06,11.06,0.0,96.223711,0.0
2019-01-20,21,0,53,17.57,17.57,0.0,152.861718,0.0
2019-01-20,21,0,55,51.6,51.6,0.0,450.563145,0.0
2019-01-20,21,0,56,0.0,0.0,0.0,0.0,0.0
2019-01-20,21,0,57,0.0,0.0,0.0,0.0,0.0
2019-01-20,21,0,58,0.0,0.0,0.0,0.0,0.0
2019-01-20,21,0,59,0.0,0.0,0.0,0.0,0.0
2019-01-20,21,0,63,101.98,101.98,0.0,2148.076414,0.0
2019-01-20,21,0,64,119.98,119.98,0.0,2527.223065,0.0
2019-01-20,21,0,65,5.28,5.28,0.0,78.063125,0.0
2019-01-20,21,0,67,0.0,0.0,0.0,-0.0,0.0
2019-01-20,21,0,68,3.53,3.53,0.0,2.620873,0.0
2019-01-20,21,0,69,0.0,0.0,0.0,0.0,0.0
2019-01-20,21,0,74,15.16,15.16,0.0,200.091129,0.0
2019-01-20,21,0,77,98.84,98.84,0.0,563.821124,0.0
2019-01-20,21,0,78,74.87,74.87,0.0,427.087086,0.0
2019-01-20,21,0,79,43.43,43.43,0.0,247.741313,0.0
2019-01-20,21,0,80,70.09,70.09,0.0,399.820139,0.0
2019-01-20,21,0,81,91.48,91.48,0.0,521.836872,0.0
2019-01-20,21,0,82,64.67,64.67,0.0,368.902389,0.0
2019-01-20,21,0,83,143.29,143.29,0.0,817.380907,0.0
2019-01-20,21,0,84,0.0,0.0,0.0,0.0,0.0
2019-01-20,21,0,86,0.0,0.0,0.0,0.0,0.0
2019-01-20,21,0,87,0.0,0.0,0.0,0.0,0.0
2019-01-20,21,0,88,118.07,118.07,0.0,673.516391,0.0
2019-01-20,21,0,89,113.5,113.5,0.0,647.447365,0.0
2019-01-20,21,0,90,152.39,152.39,0.0,869.290784,0.0
2019-01-20,21,0,91,543.62,543.62,0.0,3101.016182,0.0
2019-01-20,21,0,92,195.51,195.51,0.0,1115.263739,0.0
2019-01-20,21,0,95,29.1,29.1,0.0,526.696838,0.0
2019-01-20,21,0,96,10.93,10.93,0.0,94.730707,0.0
2019-01-20,21,0,97,67.2,67.2,0.0,582.42484,0.0
2019-01-20,21,0,99,2.93,2.93,0.0,38.671966,0.0
2019-01-20,21,0,101,0.0,0.0,0.0,0.0,0.0
2019-01-20,21,0,102,8.37,8.37,0.0,6.214364,0.0
2019-01-20,21,0,103,7.27,7.27,0.0,5.397661,0.0
2019-01-20,21,0,104,1.35,1.35,0.0,1.002317,0.0
2019-01-20,21,0,106,0.0,0.0,0.0,0.0,0.0
2019-01-20,21,0,109,43.1,43.1,0.0,491.525387,0.0
2019-01-20,21,0,110,226.93,226.93,0.0,-5100.775465,0.0
2019-01-20,21,0,111,0.0,0.0,0.0,0.0,0.0
2019-01-20,21,0,113,50.85,50.85,0.0,315.314041,0.0
2019-01-20,21,0,115,50.85,50.85,0.0,315.314041,0.0
2019-01-20,21,0,116,0.0,0.0,0.0,-0.0,0.0
2019-01-20,21,0,117,3.42,3.42,0.0,21.206962,0.0
2019-01-20,21,0,119,119.98,119.98,0.0,2527.223065,0.0
2019-01-20,21,0,120,70.55,70.55,0.0,1486.044234,0.0
2019-01-20,21,0,123,0.0,0.0,0.0,0.0,0.0
2019-01-20,21,0,125,70.55,70.55,0.0,616.031587,0.0
2019-01-20,21,0,126,0.0,0.0,0.0,0.0,0.0
2019-01-20,21,0,127,0.0,0.0,0.0,0.0,0.0
2019-01-20,21,0,128,101.05,101.05,0.0,882.352826,0.0
2019-01-20,21,0,131,10.52,10.52,0.0,23.869828,0.0
2019-01-20,21,0,132,15.46,15.46,0.0,35.078664,0.0
2019-01-20,21,0,133,8.95,8.95,0.0,132.892414,0.0
2019-01-20,21,0,134,0.0,0.0,0.0,0.0,0.0
2019-01-20,21,0,135,11.63,11.63,0.0,172.685897,0.0
2019-01-20,21,0,136,6.15,6.15,0.0,90.906165,0.0
2019-01-20,21,0,139,108.53,108.53,0.0,1136.194547,0.0
2019-01-20,21,0,140,167.95,167.95,0.0,-3775.063849,0.0
2019-01-20,21,0,141,93.7,93.7,0.0,-466.010732,0.0
2019-01-20,21,0,142,0.0,0.0,0.0,-0.0,0.0
2019-01-20,21,0,143,15.91,15.91,0.0,138.419461,0.0
2019-01-20,21,0,145,13.01,13.01,0.0,126.268676,0.0
2019-01-20,21,0,146,227.38,227.38,0.0,-5110.890253,0.0
2019-01-20,21,0,152,0.0,0.0,0.0,0.0,0.0
2019-01-20,21,0,153,0.0,0.0,0.0,0.0,0.0
2019-01-20,21,0,154,0.0,0.0,0.0,0.0,0.0
2019-01-20,21,0,157,71.78,71.78,0.0,-356.993067,0.0
2019-01-20,21,0,158,0.0,0.0,0.0,-0.0,0.0
2019-01-20,21,0,159,0.0,0.0,0.0,0.0,0.0
2019-01-20,21,0,160,0.0,0.0,0.0,0.0,0.0
2019-01-20,21,0,161,0.0,0.0,0.0,0.0,0.0
2019-01-20,21,0,162,36.54,36.54,0.0,662.583953,0.0
2019-01-20,21,0,163,70.77,70.77,0.0,-1590.719075,0.0
2019-01-20,21,0,164,0.0,0.0,0.0,0.0,0.0
2019-01-20,21,0,167,0.0,0.0,0.0,0.0,0.0
2019-01-20,21,0,168,0.0,0.0,0.0,0.0,0.0
2019-01-20,21,0,169,0.0,0.0,0.0,0.0,0.0
2019-01-20,21,0,170,0.0,0.0,0.0,0.0,0.0
2019-01-20,21,0,172,0.0,0.0,0.0,0.0,0.0
2019-01-20,21,0,173,0.0,0.0,0.0,0.0,0.0
2019-01-20,21,0,188,0.0,0.0,0.0,0.0,0.0
2019-01-20,21,0,190,0.0,0.0,0.0,0.0,0.0
2019-01-20,21,0,191,0.0,0.0,0.0,0.0,0.0
2019-01-20,21,0,192,89.52,89.52,0.0,1885.622677,0.0
2019-01-20,21,0,194,176.5,176.5,0.0,1927.161155,0.0
2019-01-20,21,0,196,0.0,0.0,0.0,0.0,0.0
2019-01-20,21,0,198,0.0,0.0,0.0,0.0,0.0
2019-01-20,21,0,199,22.88,22.88,0.0,255.930917,0.0
2019-01-20,21,0,200,0.0,0.0,0.0,0.0,0.0
2019-01-20,21,0,204,528.41,528.41,0.0,5939.454886,0.0
2019-01-20,21,0,205,200.0,200.0,0.0,2280.860264,0.0
2019-01-20,21,0,206,197.46,197.46,0.0,1711.392991,0.0
2019-01-20,21,0,210,0.0,0.0,0.0,0.0,0.0
2019-01-20,21,0,214,0.0,0.0,0.0,0.0,0.0
2019-01-20,21,0,217,0.0,0.0,0.0,0.0,0.0
2019-01-20,21,0,218,0.0,0.0,0.0,0.0,0.0
2019-01-20,21,0,219,0.0,0.0,0.0,0.0,0.0
2019-01-20,21,0,221,0.0,0.0,0.0,0.0,0.0
2019-01-20,21,0,225,0.0,0.0,0.0,0.0,0.0
2019-01-20,21,0,233,0.0,0.0,0.0,0.0,0.0
2019-01-20,21,0,236,30.76,30.76,0.0,431.850348,0.0
2019-01-20,21,0,237,36.37,36.37,0.0,480.03393,0.0
2019-01-20,21,0,238,0.0,0.0,0.0,0.0,0.0
2019-01-20,21,0,240,0.0,0.0,0.0,0.0,0.0
2019-01-20,21,0,245,45.26,45.26,0.0,681.465361,0.0
2019-01-20,21,0,247,22.95,22.95,0.0,345.550818,0.0
2019-01-20,21,0,248,3.65,3.65,0.0,48.174975,0.0
2019-01-20,21,0,249,87.04,87.04,0.0,1310.533474,0.0
2019-01-20,21,0,251,53.27,53.27,0.0,782.493977,0.0
2019-01-20,21,0,252,34.09,34.09,0.0,504.009835,0.0
2019-01-20,21,0,254,0.0,0.0,0.0,0.0,0.0
2019-01-20,21,0,255,0.0,0.0,0.0,0.0,0.0
2019-01-20,21,0,258,0.0,0.0,0.0,0.0,0.0
2019-01-20,21,0,260,0.0,0.0,0.0,0.0,0.0
2019-01-20,21,0,265,0.0,0.0,0.0,0.0,0.0
2019-01-20,21,0,266,67.97,67.97,0.0,711.574158,0.0
2019-01-20,21,0,267,84.85,84.85,0.0,888.289941,0.0
2019-01-20,21,0,270,221.01,221.01,0.0,-4967.709802,0.0
2019-01-20,21,0,272,169.82,169.82,0.0,1053.031081,0.0
2019-01-20,21,0,273,0.0,0.0,0.0,-0.0,0.0
2019-01-20,21,0,274,284.91,284.91,0.0,-6404.009772,0.0
2019-01-20,21,0,275,396.59,396.59,0.0,-8914.27551,0.0
2019-01-20,21,0,276,0.0,0.0,0.0,-0.0,0.0
2019-01-20,21,0,277,0.0,0.0,0.0,0.0,0.0
2019-01-20,21,0,278,0.0,0.0,0.0,0.0,0.0
2019-01-20,21,0,279,302.92,302.92,0.0,1818.0706,0.0
2019-01-20,21,0,281,4.68,4.68,0.0,40.716724,0.0
2019-01-20,21,0,282,0.0,0.0,0.0,0.0,0.0
2019-01-20,22,0,9,0.0,0.0,0.0,0.0,0.0
2019-01-20,22,0,17,0.0,0.0,0.0,0.0,0.0
2019-01-20,22,0,19,93.76,93.76,0.0,928.594393,0.0
2019-01-20,22,0,20,113.71,113.71,0.0,1126.178204,0.0
2019-01-20,22,0,21,0.0,0.0,0.0,0.0,0.0
2019-01-20,22,0,22,0.0,0.0,0.0,0.0,0.0
2019-01-20,22,0,23,53.99,53.99,0.0,302.59323,0.0
2019-01-20,22,0,24,95.53,95.53,0.0,535.408987,0.0
2019-01-20,22,0,29,0.0,0.0,0.0,0.0,0.0
2019-01-20,22,0,30,0.0,0.0,0.0,0.0,0.0
2019-01-20,22,0,31,15.87,15.87,0.0,88.559895,0.0
2019-01-20,22,0,32,0.0,0.0,0.0,0.0,0.0
2019-01-20,22,0,33,0.0,0.0,0.0,0.0,0.0
2019-01-20,22,0,34,0.0,0.0,0.0,0.0,0.0
2019-01-20,22,0,35,0.0,0.0,0.0,0.0,0.0
2019-01-20,22,0,36,0.0,0.0,0.0,0.0,0.0
2019-01-20,22,0,37,0.0,0.0,0.0,0.0,0.0
2019-01-20,22,0,38,0.0,0.0,0.0,0.0,0.0
2019-01-20,22,0,39,0.0,0.0,0.0,0.0,0.0
2019-01-20,22,0,40,0.0,0.0,0.0,0.0,0.0
2019-01-20,22,0,41,113.87,113.87,0.0,786.378787,0.0
2019-01-20,22,0,42,0.0,0.0,0.0,0.0,0.0
2019-01-20,22,0,43,0.0,0.0,0.0,0.0,0.0
2019-01-20,22,0,46,0.0,0.0,0.0,0.0,0.0
2019-01-20,22,0,52,16.82,16.82,0.0,93.861212,0.0
2019-01-20,22,0,53,26.72,26.72,0.0,149.106515,0.0
2019-01-20,22,0,55,137.0,137.0,0.0,767.832422,0.0
2019-01-20,22,0,56,0.0,0.0,0.0,0.0,0.0
2019-01-20,22,0,57,0.0,0.0,0.0,0.0,0.0
2019-01-20,22,0,58,0.0,0.0,0.0,0.0,0.0
2019-01-20,22,0,59,0.0,0.0,0.0,0.0,0.0
2019-01-20,22,0,63,119.78,119.78,0.0,2390.789475,0.0
2019-01-20,22,0,64,140.92,140.92,0.0,2812.740464,0.0
2019-01-20,22,0,65,6.67,6.67,0.0,65.814319,0.0
2019-01-20,22,0,67,0.0,0.0,0.0,-0.0,0.0
2019-01-20,22,0,68,3.86,3.86,0.0,1.744979,0.0
2019-01-20,22,0,69,0.0,0.0,0.0,0.0,0.0
2019-01-20,22,0,74,18.33,18.33,0.0,162.250661,0.0
2019-01-20,22,0,77,147.08,147.08,0.0,482.166757,0.0
2019-01-20,22,0,78,111.19,111.19,0.0,364.509938,0.0
2019-01-20,22,0,79,64.35,64.35,0.0,210.956152,0.0
2019-01-20,22,0,80,104.06,104.06,0.0,341.135931,0.0
2019-01-20,22,0,81,136.04,136.04,0.0,445.974745,0.0
2019-01-20,22,0,82,95.97,95.97,0.0,314.614792,0.0
2019-01-20,22,0,83,214.0,214.0,0.0,701.548041,0.0
2019-01-20,22,0,84,0.0,0.0,0.0,0.0,0.0
2019-01-20,22,0,86,0.0,0.0,0.0,0.0,0.0
2019-01-20,22,0,87,0.0,0.0,0.0,0.0,0.0
2019-01-20,22,0,88,152.81,152.81,0.0,500.951197,0.0
2019-01-20,22,0,89,146.9,146.9,0.0,481.576669,0.0
2019-01-20,22,0,90,197.23,197.23,0.0,646.57159,0.0
2019-01-20,22,0,91,703.58,703.58,0.0,2306.51949,0.0
2019-01-20,22,0,92,253.04,253.04,0.0,829.531385,0.0
2019-01-20,22,0,95,29.75,29.75,0.0,530.111536,0.0
2019-01-20,22,0,96,12.75,12.75,0.0,70.825688,0.0
2019-01-20,22,0,97,78.43,78.43,0.0,435.675196,0.0
2019-01-20,22,0,99,3.54,3.54,0.0,31.334825,0.0
2019-01-20,22,0,101,0.0,0.0,0.0,0.0,0.0
2019-01-20,22,0,102,9.14,9.14,0.0,4.131893,0.0
2019-01-20,22,0,103,7.95,7.95,0.0,3.593933,0.0
2019-01-20,22,0,104,1.48,1.48,0.0,0.669059,0.0
2019-01-20,22,0,106,0.0,0.0,0.0,0.0,0.0
2019-01-20,22,0,109,122.14,122.14,0.0,937.528973,0.0
2019-01-20,22,0,110,147.25,147.25,0.0,-1851.845587,0.0
2019-01-20,22,0,111,0.0,0.0,0.0,0.0,0.0
2019-01-20,22,0,113,114.03,114.03,0.0,389.807291,0.0
2019-01-20,22,0,115,114.03,114.03,0.0,389.807291,0.0
2019-01-20,22,0,116,0.0,0.0,0.0,-0.0,0.0
2019-01-20,22,0,117,7.6,7.6,0.0,25.980316,0.0
2019-01-20,22,0,119,140.92,140.92,0.0,2812.740464,0.0
2019-01-20,22,0,120,82.86,82.86,0.0,1653.872231,0.0
2019-01-20,22,0,123,0.0,0.0,0.0,0.0,0.0
2019-01-20,22,0,125,86.45,86.45,0.0,484.519072,0.0
2019-01-20,22,0,126,0.0,0.0,0.0,0.0,0.0
2019-01-20,22,0,127,0.0,0.0,0.0,0.0,0.0
2019-01-20,22,0,128,123.82,123.82,0.0,693.96358,0.0
2019-01-20,22,0,131,11.97,11.97,0.0,15.663765,0.0
2019-01-20,22,0,132,17.59,17.59,0.0,23.018014,0.0
2019-01-20,22,0,133,20.32,20.32,0.0,201.318603,0.0
2019-01-20,22,0,134,0.0,0.0,0.0,0.0,0.0
2019-01-20,22,0,135,27.22,27.22,0.0,269.679742,0.0
2019-01-20,22,0,136,7.65,7.65,0.0,75.468761,0.0
2019-01-20,22,0,139,147.04,147.04,0.0,1015.448642,0.0
2019-01-20,22,0,140,108.98,108.98,0.0,-1370.554377,0.0
2019-01-20,22,0,141,108.27,108.27,0.0,-298.287629,0.0
2019-01-20,22,0,142,0.0,0.0,0.0,-0.0,0.0
2019-01-20,22,0,143,26.11,26.11,0.0,145.702511,0.0
2019-01-20,22,0,145,38.47,38.47,0.0,244.624635,0.0
2019-01-20,22,0,146,254.4,254.4,0.0,-3199.385517,0.0
2019-01-20,22,0,152,0.0,0.0,0.0,0.0,0.0
2019-01-20,22,0,153,0.0,0.0,0.0,0.0,0.0
2019-01-20,22,0,154,0.0,0.0,0.0,0.0,0.0
2019-01-20,22,0,157,73.34,73.34,0.0,-202.05426,0.0
2019-01-20,22,0,158,0.0,0.0,0.0,-0.0,0.0
2019-01-20,22,0,159,0.0,0.0,0.0,0.0,0.0
2019-01-20,22,0,160,0.0,0.0,0.0,0.0,0.0
2019-01-20,22,0,161,0.0,0.0,0.0,0.0,0.0
2019-01-20,22,0,162,22.14,22.14,0.0,395.093237,0.0
2019-01-20,22,0,163,72.66,72.66,0.0,-913.78676,0.0
2019-01-20,22,0,164,0.0,0.0,0.0,0.0,0.0
2019-01-20,22,0,167,0.0,0.0,0.0,0.0,0.0
2019-01-20,22,0,168,0.0,0.0,0.0,0.0,0.0
2019-01-20,22,0,169,0.0,0.0,0.0,0.0,0.0
2019-01-20,22,0,170,0.0,0.0,0.0,0.0,0.0
2019-01-20,22,0,172,0.0,0.0,0.0,0.0,0.0
2019-01-20,22,0,173,0.0,0.0,0.0,0.0,0.0
2019-01-20,22,0,188,0.0,0.0,0.0,0.0,0.0
2019-01-20,22,0,190,0.0,0.0,0.0,0.0,0.0
2019-01-20,22,0,191,0.0,0.0,0.0,0.0,0.0
2019-01-20,22,0,192,86.35,86.35,0.0,1723.532068,0.0
2019-01-20,22,0,194,176.5,176.5,0.0,1047.792896,0.0
2019-01-20,22,0,196,0.0,0.0,0.0,0.0,0.0
2019-01-20,22,0,198,0.0,0.0,0.0,0.0,0.0
2019-01-20,22,0,199,33.12,33.12,0.0,293.491523,0.0
2019-01-20,22,0,200,0.0,0.0,0.0,0.0,0.0
2019-01-20,22,0,204,793.99,793.99,0.0,6005.420348,0.0
2019-01-20,22,0,205,607.64,607.64,0.0,4664.156748,0.0
2019-01-20,22,0,206,230.46,230.46,0.0,1280.19515,0.0
2019-01-20,22,0,210,0.0,0.0,0.0,0.0,0.0
2019-01-20,22,0,214,0.0,0.0,0.0,0.0,0.0
2019-01-20,22,0,217,0.0,0.0,0.0,0.0,0.0
2019-01-20,22,0,218,0.0,0.0,0.0,0.0,0.0
2019-01-20,22,0,219,0.0,0.0,0.0,0.0,0.0
2019-01-20,22,0,221,0.0,0.0,0.0,0.0,0.0
2019-01-20,22,0,225,0.0,0.0,0.0,0.0,0.0
2019-01-20,22,0,233,0.0,0.0,0.0,0.0,0.0
2019-01-20,22,0,236,36.74,36.74,0.0,345.299877,0.0
2019-01-20,22,0,237,43.97,43.97,0.0,389.20685,0.0
2019-01-20,22,0,238,0.0,0.0,0.0,0.0,0.0
2019-01-20,22,0,240,0.0,0.0,0.0,0.0,0.0
2019-01-20,22,0,245,70.97,70.97,0.0,712.470685,0.0
2019-01-20,22,0,247,31.44,31.44,0.0,315.627425,0.0
2019-01-20,22,0,248,4.41,4.41,0.0,39.035756,0.0
2019-01-20,22,0,249,136.48,136.48,0.0,1370.128211,0.0
2019-01-20,22,0,251,164.85,164.85,0.0,1616.667381,0.0
2019-01-20,22,0,252,43.05,43.05,0.0,424.783573,0.0
2019-01-20,22,0,254,0.0,0.0,0.0,0.0,0.0
2019-01-20,22,0,255,0.0,0.0,0.0,0.0,0.0
2019-01-20,22,0,258,0.0,0.0,0.0,0.0,0.0
2019-01-20,22,0,260,0.0,0.0,0.0,0.0,0.0
2019-01-20,22,0,265,0.0,0.0,0.0,0.0,0.0
2019-01-20,22,0,266,95.22,95.22,0.0,657.583104,0.0
2019-01-20,22,0,267,117.01,117.01,0.0,808.063422,0.0
2019-01-20,22,0,270,226.92,226.92,0.0,-2853.791515,0.0
2019-01-20,22,0,272,381.11,381.11,0.0,1302.810285,0.0
2019-01-20,22,0,273,0.0,0.0,0.0,-0.0,0.0
2019-01-20,22,0,274,292.52,292.52,0.0,-3678.790296,0.0
2019-01-20,22,0,275,407.2,407.2,0.0,-5121.029019,0.0
2019-01-20,22,0,276,0.0,0.0,0.0,-0.0,0.0
2019-01-20,22,0,277,0.0,0.0,0.0,0.0,0.0
2019-01-20,22,0,278,0.0,0.0,0.0,0.0,0.0
2019-01-20,22,0,279,145.16,145.16,0.0,488.064772,0.0
2019-01-20,22,0,281,7.12,7.12,0.0,39.731976,0.0
2019-01-20,22,0,282,0.0,0.0,0.0,0.0,0.0
2019-01-20,23,0,9,0.0,0.0,0.0,0.0,0.0
2019-01-20,23,0,17,0.0,0.0,0.0,0.0,0.0
2019-01-20,23,0,19,115.04,115.04,0.0,1127.099678,0.0
2019-01-20,23,0,20,139.52,139.52,0.0,1366.941474,0.0
2019-01-20,23,0,21,0.0,0.0,0.0,0.0,0.0
2019-01-20,23,0,22,0.0,0.0,0.0,0.0,0.0
2019-01-20,23,0,23,67.24,67.24,0.0,374.501258,0.0
2019-01-20,23,0,24,118.96,118.96,0.0,662.562011,0.0
2019-01-20,23,0,29,0.0,0.0,0.0,0.0,0.0
2019-01-20,23,0,30,0.0,0.0,0.0,0.0,0.0
2019-01-20,23,0,31,13.97,13.97,0.0,77.479387,0.0
2019-01-20,23,0,32,0.0,0.0,0.0,0.0,0.0
2019-01-20,23,0,33,0.0,0.0,0.0,0.0,0.0
2019-01-20,23,0,34,0.0,0.0,0.0,0.0,0.0
2019-01-20,23,0,35,0.0,0.0,0.0,0.0,0.0
2019-01-20,23,0,36,0.0,0.0,0.0,0.0,0.0
2019-01-20,23,0,37,0.0,0.0,0.0,0.0,0.0
2019-01-20,23,0,38,0.0,0.0,0.0,0.0,0.0
2019-01-20,23,0,39,0.0,0.0,0.0,0.0,0.0
2019-01-20,23,0,40,0.0,0.0,0.0,0.0,0.0
2019-01-20,23,0,41,116.0,116.0,0.0,792.738864,0.0
2019-01-20,23,0,42,0.0,0.0,0.0,0.0,0.0
2019-01-20,23,0,43,0.0,0.0,0.0,0.0,0.0
2019-01-20,23,0,46,0.0,0.0,0.0,0.0,0.0
2019-01-20,23,0,52,14.81,14.81,0.0,82.138133,0.0
2019-01-20,23,0,53,23.53,23.53,0.0,130.500356,0.0
2019-01-20,23,0,55,234.68,234.68,0.0,1307.078452,0.0
2019-01-20,23,0,56,0.0,0.0,0.0,0.0,0.0
2019-01-20,23,0,57,0.0,0.0,0.0,0.0,0.0
2019-01-20,23,0,58,0.0,0.0,0.0,0.0,0.0
2019-01-20,23,0,59,0.0,0.0,0.0,0.0,0.0
2019-01-20,23,0,63,117.93,117.93,0.0,2196.008004,0.0
2019-01-20,23,0,64,138.74,138.74,0.0,2583.516921,0.0
2019-01-20,23,0,65,6.0,6.0,0.0,58.563147,0.0
2019-01-20,23,0,67,0.0,0.0,0.0,-0.0,0.0
2019-01-20,23,0,68,4.08,4.08,0.0,1.982646,0.0
2019-01-20,23,0,69,0.0,0.0,0.0,0.0,0.0
2019-01-20,23,0,74,17.66,17.66,0.0,154.391049,0.0
2019-01-20,23,0,77,166.84,166.84,0.0,553.909165,0.0
2019-01-20,23,0,78,126.13,126.13,0.0,418.751876,0.0
2019-01-20,23,0,79,72.99,72.99,0.0,242.32696,0.0
2019-01-20,23,0,80,118.04,118.04,0.0,391.893058,0.0
2019-01-20,23,0,81,154.32,154.32,0.0,512.342738,0.0
2019-01-20,23,0,82,108.86,108.86,0.0,361.415438,0.0
2019-01-20,23,0,83,242.75,242.75,0.0,805.930531,0.0
2019-01-20,23,0,84,0.0,0.0,0.0,0.0,0.0
2019-01-20,23,0,86,0.0,0.0,0.0,0.0,0.0
2019-01-20,23,0,87,0.0,0.0,0.0,0.0,0.0
2019-01-20,23,0,88,169.82,169.82,0.0,563.802772,0.0
2019-01-20,23,0,89,163.25,163.25,0.0,541.990357,0.0
2019-01-20,23,0,90,219.19,219.19,0.0,727.71128,0.0
2019-01-20,23,0,91,781.9,781.9,0.0,2595.909712,0.0
2019-01-20,23,0,92,281.21,281.21,0.0,933.617816,0.0
2019-01-20,23,0,95,32.09,32.09,0.0,531.247854,0.0
2019-01-20,23,0,96,16.28,16.28,0.0,89.891213,0.0
2019-01-20,23,0,97,100.11,100.11,0.0,552.764702,0.0
2019-01-20,23,0,99,3.41,3.41,0.0,29.811635,0.0
2019-01-20,23,0,101,0.0,0.0,0.0,0.0,0.0
2019-01-20,23,0,102,9.67,9.67,0.0,4.699066,0.0
2019-01-20,23,0,103,8.41,8.41,0.0,4.086778,0.0
2019-01-20,23,0,104,1.56,1.56,0.0,0.758071,0.0
2019-01-20,23,0,106,0.0,0.0,0.0,0.0,0.0
2019-01-20,23,0,109,172.69,172.69,0.0,1307.160153,0.0
2019-01-20,23,0,110,141.48,141.48,0.0,-1783.473695,0.0
2019-01-20,23,0,111,0.0,0.0,0.0,0.0,0.0
2019-01-20,23,0,113,97.04,97.04,0.0,337.728757,0.0
2019-01-20,23,0,115,97.04,97.04,0.0,337.728757,0.0
2019-01-20,23,0,116,0.0,0.0,0.0,-0.0,0.0
2019-01-20,23,0,117,6.47,6.47,0.0,22.517571,0.0
2019-01-20,23,0,119,138.74,138.74,0.0,2583.516921,0.0
2019-01-20,23,0,120,81.58,81.58,0.0,1519.124336,0.0
2019-01-20,23,0,123,0.0,0.0,0.0,0.0,0.0
2019-01-20,23,0,125,107.65,107.65,0.0,599.569607,0.0
2019-01-20,23,0,126,0.0,0.0,0.0,0.0,0.0
2019-01-20,23,0,127,0.0,0.0,0.0,0.0,0.0
2019-01-20,23,0,128,154.19,154.19,0.0,858.779728,0.0
2019-01-20,23,0,131,14.18,14.18,0.0,19.095302,0.0
2019-01-20,23,0,132,20.85,20.85,0.0,28.077366,0.0
2019-01-20,23,0,133,21.45,21.45,0.0,210.230136,0.0
2019-01-20,23,0,134,0.0,0.0,0.0,0.0,0.0
2019-01-20,23,0,135,28.75,28.75,0.0,281.776989,0.0
2019-01-20,23,0,136,7.1,7.1,0.0,69.285328,0.0
2019-01-20,23,0,139,149.8,149.8,0.0,1023.726568,0.0
2019-01-20,23,0,140,104.71,104.71,0.0,-1319.957101,0.0
2019-01-20,23,0,141,114.66,114.66,0.0,-313.800732,0.0
2019-01-20,23,0,142,0.0,0.0,0.0,-0.0,0.0
2019-01-20,23,0,143,21.91,21.91,0.0,121.515631,0.0
2019-01-20,23,0,145,15.87,15.87,0.0,99.947591,0.0
2019-01-20,23,0,146,239.21,239.21,0.0,-3015.44206,0.0
2019-01-20,23,0,152,0.0,0.0,0.0,0.0,0.0
2019-01-20,23,0,153,0.0,0.0,0.0,0.0,0.0
2019-01-20,23,0,154,0.0,0.0,0.0,0.0,0.0
2019-01-20,23,0,157,75.76,75.76,0.0,-207.339468,0.0
2019-01-20,23,0,158,0.0,0.0,0.0,-0.0,0.0
2019-01-20,23,0,159,0.0,0.0,0.0,0.0,0.0
2019-01-20,23,0,160,0.0,0.0,0.0,0.0,0.0
2019-01-20,23,0,161,0.0,0.0,0.0,0.0,0.0
2019-01-20,23,0,162,12.46,12.46,0.0,206.587777,0.0
2019-01-20,23,0,163,69.46,69.46,0.0,-875.601377,0.0
2019-01-20,23,0,164,0.0,0.0,0.0,0.0,0.0
2019-01-20,23,0,167,0.0,0.0,0.0,0.0,0.0
2019-01-20,23,0,168,0.0,0.0,0.0,0.0,0.0
2019-01-20,23,0,169,0.0,0.0,0.0,0.0,0.0
2019-01-20,23,0,170,0.0,0.0,0.0,0.0,0.0
2019-01-20,23,0,172,0.0,0.0,0.0,0.0,0.0
2019-01-20,23,0,173,0.0,0.0,0.0,0.0,0.0
2019-01-20,23,0,188,0.0,0.0,0.0,0.0,0.0
2019-01-20,23,0,190,0.0,0.0,0.0,0.0,0.0
2019-01-20,23,0,191,0.0,0.0,0.0,0.0,0.0
2019-01-20,23,0,192,80.49,80.49,0.0,1498.827137,0.0
2019-01-20,23,0,194,176.5,176.5,0.0,1064.072271,0.0
2019-01-20,23,0,196,0.0,0.0,0.0,0.0,0.0
2019-01-20,23,0,198,0.0,0.0,0.0,0.0,0.0
2019-01-20,23,0,199,27.04,27.04,0.0,228.40871,0.0
2019-01-20,23,0,200,0.0,0.0,0.0,0.0,0.0
2019-01-20,23,0,204,857.0,857.0,0.0,6391.846881,0.0
2019-01-20,23,0,205,913.54,913.54,0.0,6914.952146,0.0
2019-01-20,23,0,206,294.18,294.18,0.0,1624.336431,0.0
2019-01-20,23,0,210,0.0,0.0,0.0,0.0,0.0
2019-01-20,23,0,214,0.0,0.0,0.0,0.0,0.0
2019-01-20,23,0,217,0.0,0.0,0.0,0.0,0.0
2019-01-20,23,0,218,0.0,0.0,0.0,0.0,0.0
2019-01-20,23,0,219,0.0,0.0,0.0,0.0,0.0
2019-01-20,23,0,221,0.0,0.0,0.0,0.0,0.0
2019-01-20,23,0,225,0.0,0.0,0.0,0.0,0.0
2019-01-20,23,0,233,0.0,0.0,0.0,0.0,0.0
2019-01-20,23,0,236,34.04,34.04,0.0,316.190754,0.0
2019-01-20,23,0,237,42.36,42.36,0.0,370.3287,0.0
2019-01-20,23,0,238,0.0,0.0,0.0,0.0,0.0
2019-01-20,23,0,240,0.0,0.0,0.0,0.0,0.0
2019-01-20,23,0,245,74.3,74.3,0.0,738.042538,0.0
2019-01-20,23,0,247,30.18,30.18,0.0,299.786323,0.0
2019-01-20,23,0,248,4.25,4.25,0.0,37.155264,0.0
2019-01-20,23,0,249,142.89,142.89,0.0,1419.366061,0.0
2019-01-20,23,0,251,71.72,71.72,0.0,695.6757,0.0
2019-01-20,23,0,252,38.73,38.73,0.0,378.025114,0.0
2019-01-20,23,0,254,0.0,0.0,0.0,0.0,0.0
2019-01-20,23,0,255,0.0,0.0,0.0,0.0,0.0
2019-01-20,23,0,258,0.0,0.0,0.0,0.0,0.0
2019-01-20,23,0,260,0.0,0.0,0.0,0.0,0.0
2019-01-20,23,0,265,0.0,0.0,0.0,0.0,0.0
2019-01-20,23,0,266,97.0,97.0,0.0,662.893705,0.0
2019-01-20,23,0,267,119.2,119.2,0.0,814.607523,0.0
2019-01-20,23,0,270,216.93,216.93,0.0,-2734.584031,0.0
2019-01-20,23,0,272,324.3,324.3,0.0,1128.662777,0.0
2019-01-20,23,0,273,0.0,0.0,0.0,-0.0,0.0
2019-01-20,23,0,274,279.65,279.65,0.0,-3525.222073,0.0
2019-01-20,23,0,275,389.28,389.28,0.0,-4907.199888,0.0
2019-01-20,23,0,276,0.0,0.0,0.0,-0.0,0.0
2019-01-20,23,0,277,0.0,0.0,0.0,0.0,0.0
2019-01-20,23,0,278,0.0,0.0,0.0,0.0,0.0
2019-01-20,23,0,279,138.33,138.33,0.0,472.540366,0.0
2019-01-20,23,0,281,6.27,6.27,0.0,34.774213,0.0
2019-01-20,23,0,282,0.0,0.0,0.0,0.0,0.0
2019-01-21,0,0,9,0.0,0.0,0.0,0.0,0.0
2019-01-21,0,0,17,0.0,0.0,0.0,0.0,0.0
2019-01-21,0,0,19,141.74,141.74,0.0,1349.161736,0.0
2019-01-21,0,0,20,171.9,171.9,0.0,1636.241728,0.0
2019-01-21,0,0,21,0.0,0.0,0.0,0.0,0.0
2019-01-21,0,0,22,0.0,0.0,0.0,0.0,0.0
2019-01-21,0,0,23,84.84,84.84,0.0,498.385662,0.0
2019-01-21,0,0,24,150.11,150.11,0.0,881.808955,0.0
2019-01-21,0,0,29,0.0,0.0,0.0,0.0,0.0
2019-01-21,0,0,30,0.0,0.0,0.0,0.0,0.0
2019-01-21,0,0,31,12.41,12.41,0.0,72.649115,0.0
2019-01-21,0,0,32,0.0,0.0,0.0,0.0,0.0
2019-01-21,0,0,33,0.0,0.0,0.0,0.0,0.0
2019-01-21,0,0,34,0.0,0.0,0.0,0.0,0.0
2019-01-21,0,0,35,0.0,0.0,0.0,0.0,0.0
2019-01-21,0,0,36,0.0,0.0,0.0,0.0,0.0
2019-01-21,0,0,37,0.0,0.0,0.0,0.0,0.0
2019-01-21,0,0,38,0.0,0.0,0.0,0.0,0.0
2019-01-21,0,0,39,0.0,0.0,0.0,0.0,0.0
2019-01-21,0,0,40,0.0,0.0,0.0,0.0,0.0
2019-01-21,0,0,41,116.0,116.0,0.0,808.26225,0.0
2019-01-21,0,0,42,0.0,0.0,0.0,0.0,0.0
2019-01-21,0,0,43,0.0,0.0,0.0,0.0,0.0
2019-01-21,0,0,46,0.0,0.0,0.0,0.0,0.0
2019-01-21,0,0,52,13.15,13.15,0.0,76.981133,0.0
2019-01-21,0,0,53,20.89,20.89,0.0,122.291701,0.0
2019-01-21,0,0,55,236.57,236.57,0.0,1389.711174,0.0
2019-01-21,0,0,56,0.0,0.0,0.0,0.0,0.0
2019-01-21,0,0,57,0.0,0.0,0.0,0.0,0.0
2019-01-21,0,0,58,0.0,0.0,0.0,0.0,0.0
2019-01-21,0,0,59,0.0,0.0,0.0,0.0,0.0
2019-01-21,0,0,63,116.11,116.11,0.0,2052.009145,0.0
2019-01-21,0,0,64,136.61,136.61,0.0,2414.305136,0.0
2019-01-21,0,0,65,5.4,5.4,0.0,51.229371,0.0
2019-01-21,0,0,67,0.0,0.0,0.0,0.0,0.0
2019-01-21,0,0,68,4.67,4.67,0.0,9.919498,0.0
2019-01-21,0,0,69,0.0,0.0,0.0,0.0,0.0
2019-01-21,0,0,74,16.95,16.95,0.0,146.005589,0.0
2019-01-21,0,0,77,200.0,200.0,0.0,785.302008,0.0
2019-01-21,0,0,78,151.2,151.2,0.0,593.688318,0.0
2019-01-21,0,0,79,87.5,87.5,0.0,343.569628,0.0
2019-01-21,0,0,80,141.5,141.5,0.0,555.60117,0.0
2019-01-21,0,0,81,185.0,185.0,0.0,726.404357,0.0
2019-01-21,0,0,82,130.5,130.5,0.0,512.40956,0.0
2019-01-21,0,0,83,291.0,291.0,0.0,1142.614421,0.0
2019-01-21,0,0,84,0.0,0.0,0.0,0.0,0.0
2019-01-21,0,0,86,0.0,0.0,0.0,0.0,0.0
2019-01-21,0,0,87,0.0,0.0,0.0,0.0,0.0
2019-01-21,0,0,88,170.6,170.6,0.0,669.862612,0.0
2019-01-21,0,0,89,164.0,164.0,0.0,643.947646,0.0
2019-01-21,0,0,90,220.2,220.2,0.0,864.61751,0.0
2019-01-21,0,0,91,785.5,785.5,0.0,3084.273635,0.0
2019-01-21,0,0,92,282.5,282.5,0.0,1109.239086,0.0
2019-01-21,0,0,95,19.71,19.71,0.0,317.777554,0.0
2019-01-21,0,0,96,20.98,20.98,0.0,122.372591,0.0
2019-01-21,0,0,97,129.04,129.04,0.0,752.667261,0.0
2019-01-21,0,0,99,3.27,3.27,0.0,28.16745,0.0
2019-01-21,0,0,101,0.0,0.0,0.0,0.0,0.0
2019-01-21,0,0,102,11.06,11.06,0.0,23.49243,0.0
2019-01-21,0,0,103,9.62,9.62,0.0,20.433741,0.0
2019-01-21,0,0,104,1.79,1.79,0.0,3.80212,0.0
2019-01-21,0,0,106,0.0,0.0,0.0,0.0,0.0
2019-01-21,0,0,109,200.0,200.0,0.0,1521.348325,0.0
2019-01-21,0,0,110,137.25,137.25,0.0,-827.992864,0.0
2019-01-21,0,0,111,0.0,0.0,0.0,0.0,0.0
2019-01-21,0,0,113,86.32,86.32,0.0,337.164377,0.0
2019-01-21,0,0,115,86.32,86.32,0.0,337.164377,0.0
2019-01-21,0,0,116,0.0,0.0,0.0,-0.0,0.0
2019-01-21,0,0,117,5.75,5.75,0.0,22.459397,0.0
2019-01-21,0,0,119,136.61,136.61,0.0,2414.305136,0.0
2019-01-21,0,0,120,80.32,80.32,0.0,1419.493365,0.0
2019-01-21,0,0,123,0.0,0.0,0.0,0.0,0.0
2019-01-21,0,0,125,135.84,135.84,0.0,797.981003,0.0
2019-01-21,0,0,126,0.0,0.0,0.0,0.0,0.0
2019-01-21,0,0,127,0.0,0.0,0.0,0.0,0.0
2019-01-21,0,0,128,194.56,194.56,0.0,1142.926855,0.0
2019-01-21,0,0,131,17.96,17.96,0.0,47.77978,0.0
2019-01-21,0,0,132,26.4,26.4,0.0,70.233084,0.0
2019-01-21,0,0,133,22.76,22.76,0.0,216.710454,0.0
2019-01-21,0,0,134,0.0,0.0,0.0,0.0,0.0
2019-01-21,0,0,135,30.49,30.49,0.0,290.312028,0.0
2019-01-21,0,0,136,6.66,6.66,0.0,63.171321,0.0
2019-01-21,0,0,139,149.8,149.8,0.0,1043.773146,0.0
2019-01-21,0,0,140,101.58,101.58,0.0,-612.80521,0.0
2019-01-21,0,0,141,127.51,127.51,0.0,14.812311,0.0
2019-01-21,0,0,142,0.0,0.0,0.0,0.0,0.0
2019-01-21,0,0,143,46.99,46.99,0.0,275.08315,0.0
2019-01-21,0,0,145,17.1,17.1,0.0,111.240186,0.0
2019-01-21,0,0,146,230.37,230.37,0.0,-1389.761137,0.0
2019-01-21,0,0,152,0.0,0.0,0.0,0.0,0.0
2019-01-21,0,0,153,0.0,0.0,0.0,0.0,0.0
2019-01-21,0,0,154,0.0,0.0,0.0,0.0,0.0
2019-01-21,0,0,157,94.49,94.49,0.0,10.976513,0.0
2019-01-21,0,0,158,0.0,0.0,0.0,0.0,0.0
2019-01-21,0,0,159,0.0,0.0,0.0,0.0,0.0
2019-01-21,0,0,160,0.0,0.0,0.0,0.0,0.0
2019-01-21,0,0,161,0.0,0.0,0.0,0.0,0.0
2019-01-21,0,0,162,14.05,14.05,0.0,226.802112,0.0
2019-01-21,0,0,163,66.36,66.36,0.0,-400.332287,0.0
2019-01-21,0,0,164,0.0,0.0,0.0,0.0,0.0
2019-01-21,0,0,167,0.0,0.0,0.0,0.0,0.0
2019-01-21,0,0,168,0.0,0.0,0.0,0.0,0.0
2019-01-21,0,0,169,0.0,0.0,0.0,0.0,0.0
2019-01-21,0,0,170,0.0,0.0,0.0,0.0,0.0
2019-01-21,0,0,172,0.0,0.0,0.0,0.0,0.0
2019-01-21,0,0,173,0.0,0.0,0.0,0.0,0.0
2019-01-21,0,0,188,0.0,0.0,0.0,0.0,0.0
2019-01-21,0,0,190,0.0,0.0,0.0,0.0,0.0
2019-01-21,0,0,191,0.0,0.0,0.0,0.0,0.0
2019-01-21,0,0,192,76.82,76.82,0.0,1357.637952,0.0
2019-01-21,0,0,194,176.5,176.5,0.0,949.824806,0.0
2019-01-21,0,0,196,0.0,0.0,0.0,0.0,0.0
2019-01-21,0,0,198,0.0,0.0,0.0,0.0,0.0
2019-01-21,0,0,199,12.45,12.45,0.0,101.919197,0.0
2019-01-21,0,0,200,0.0,0.0,0.0,0.0,0.0
2019-01-21,0,0,204,857.0,857.0,0.0,6437.102558,0.0
2019-01-21,0,0,205,1058.0,1058.0,0.0,8047.932638,0.0
2019-01-21,0,0,206,379.19,379.19,0.0,2211.747511,0.0
2019-01-21,0,0,210,0.0,0.0,0.0,0.0,0.0
2019-01-21,0,0,214,0.0,0.0,0.0,0.0,0.0
2019-01-21,0,0,217,0.0,0.0,0.0,0.0,0.0
2019-01-21,0,0,218,0.0,0.0,0.0,0.0,0.0
2019-01-21,0,0,219,0.0,0.0,0.0,0.0,0.0
2019-01-21,0,0,221,0.0,0.0,0.0,0.0,0.0
2019-01-21,0,0,225,0.0,0.0,0.0,0.0,0.0
2019-01-21,0,0,233,0.0,0.0,0.0,0.0,0.0
2019-01-21,0,0,236,31.35,31.35,0.0,284.746851,0.0
2019-01-21,0,0,237,40.67,40.67,0.0,350.327274,0.0
2019-01-21,0,0,238,0.0,0.0,0.0,0.0,0.0
2019-01-21,0,0,240,0.0,0.0,0.0,0.0,0.0
2019-01-21,0,0,245,49.86,49.86,0.0,480.398188,0.0
2019-01-21,0,0,247,29.31,29.31,0.0,282.400138,0.0
2019-01-21,0,0,248,4.08,4.08,0.0,35.144708,0.0
2019-01-21,0,0,249,93.42,93.42,0.0,900.096244,0.0
2019-01-21,0,0,251,65.08,65.08,0.0,614.027327,0.0
2019-01-21,0,0,252,34.83,34.83,0.0,330.429446,0.0
2019-01-21,0,0,254,0.0,0.0,0.0,0.0,0.0
2019-01-21,0,0,255,0.0,0.0,0.0,0.0,0.0
2019-01-21,0,0,258,0.0,0.0,0.0,0.0,0.0
2019-01-21,0,0,260,0.0,0.0,0.0,0.0,0.0
2019-01-21,0,0,265,0.0,0.0,0.0,0.0,0.0
2019-01-21,0,0,266,97.0,97.0,0.0,675.874467,0.0
2019-01-21,0,0,267,119.2,119.2,0.0,830.559139,0.0
2019-01-21,0,0,270,207.24,207.24,0.0,-1250.223979,0.0
2019-01-21,0,0,272,288.5,288.5,0.0,1126.875844,0.0
2019-01-21,0,0,273,0.0,0.0,0.0,-0.0,0.0
2019-01-21,0,0,274,267.16,267.16,0.0,-1611.705453,0.0
2019-01-21,0,0,275,371.9,371.9,0.0,-2243.574106,0.0
2019-01-21,0,0,276,0.0,0.0,0.0,-0.0,0.0
2019-01-21,0,0,277,0.0,0.0,0.0,0.0,0.0
2019-01-21,0,0,278,0.0,0.0,0.0,0.0,0.0
2019-01-21,0,0,279,140.92,140.92,0.0,551.590769,0.0
2019-01-21,0,0,281,5.57,5.57,0.0,32.607217,0.0
2019-01-21,0,0,282,0.0,0.0,0.0,0.0,0.0
2019-01-21,1,0,9,0.0,0.0,0.0,0.0,0.0
2019-01-21,1,0,17,0.0,0.0,0.0,0.0,0.0
2019-01-21,1,0,19,173.89,173.89,0.0,1653.519157,0.0
2019-01-21,1,0,20,210.89,210.89,0.0,2005.351975,0.0
2019-01-21,1,0,21,0.0,0.0,0.0,0.0,0.0
2019-01-21,1,0,22,0.0,0.0,0.0,0.0,0.0
2019-01-21,1,0,23,107.52,107.52,0.0,606.584424,0.0
2019-01-21,1,0,24,190.24,190.24,0.0,1073.257263,0.0
2019-01-21,1,0,29,0.0,0.0,0.0,0.0,0.0
2019-01-21,1,0,30,0.0,0.0,0.0,0.0,0.0
2019-01-21,1,0,31,25.1,25.1,0.0,141.059422,0.0
2019-01-21,1,0,32,0.0,0.0,0.0,0.0,0.0
2019-01-21,1,0,33,0.0,0.0,0.0,0.0,0.0
2019-01-21,1,0,34,0.0,0.0,0.0,0.0,0.0
2019-01-21,1,0,35,0.0,0.0,0.0,0.0,0.0
2019-01-21,1,0,36,0.0,0.0,0.0,0.0,0.0
2019-01-21,1,0,37,0.0,0.0,0.0,0.0,0.0
2019-01-21,1,0,38,0.0,0.0,0.0,0.0,0.0
2019-01-21,1,0,39,0.0,0.0,0.0,0.0,0.0
2019-01-21,1,0,40,0.0,0.0,0.0,0.0,0.0
2019-01-21,1,0,41,116.0,116.0,0.0,789.546595,0.0
2019-01-21,1,0,42,0.0,0.0,0.0,0.0,0.0
2019-01-21,1,0,43,0.0,0.0,0.0,0.0,0.0
2019-01-21,1,0,46,0.0,0.0,0.0,0.0,0.0
2019-01-21,1,0,52,26.73,26.73,0.0,150.219855,0.0
2019-01-21,1,0,53,43.69,43.69,0.0,245.533313,0.0
2019-01-21,1,0,55,206.06,206.06,0.0,1162.507315,0.0
2019-01-21,1,0,56,0.0,0.0,0.0,0.0,0.0
2019-01-21,1,0,57,0.0,0.0,0.0,0.0,0.0
2019-01-21,1,0,58,0.0,0.0,0.0,0.0,0.0
2019-01-21,1,0,59,0.0,0.0,0.0,0.0,0.0
2019-01-21,1,0,63,114.84,114.84,0.0,2140.917558,0.0
2019-01-21,1,0,64,135.1,135.1,0.0,2518.616877,0.0
2019-01-21,1,0,65,4.86,4.86,0.0,46.051644,0.0
2019-01-21,1,0,67,0.0,0.0,0.0,0.0,0.0
2019-01-21,1,0,68,5.67,5.67,0.0,11.431117,0.0
2019-01-21,1,0,69,0.0,0.0,0.0,0.0,0.0
2019-01-21,1,0,74,16.37,16.37,0.0,140.0427,0.0
2019-01-21,1,0,77,200.0,200.0,0.0,712.639561,0.0
2019-01-21,1,0,78,151.2,151.2,0.0,538.755508,0.0
2019-01-21,1,0,79,87.5,87.5,0.0,311.779808,0.0
2019-01-21,1,0,80,141.5,141.5,0.0,504.192489,0.0
2019-01-21,1,0,81,185.0,185.0,0.0,659.191594,0.0
2019-01-21,1,0,82,130.5,130.5,0.0,464.997313,0.0
2019-01-21,1,0,83,291.0,291.0,0.0,1036.890561,0.0
2019-01-21,1,0,84,0.0,0.0,0.0,0.0,0.0
2019-01-21,1,0,86,0.0,0.0,0.0,0.0,0.0
2019-01-21,1,0,87,0.0,0.0,0.0,0.0,0.0
2019-01-21,1,0,88,170.6,170.6,0.0,607.881545,0.0
2019-01-21,1,0,89,164.0,164.0,0.0,584.36444,0.0
2019-01-21,1,0,90,220.2,220.2,0.0,784.616156,0.0
2019-01-21,1,0,91,785.5,785.5,0.0,2798.891875,0.0
2019-01-21,1,0,92,282.5,282.5,0.0,1006.60338,0.0
2019-01-21,1,0,95,28.64,28.64,0.0,490.302417,0.0
2019-01-21,1,0,96,27.24,27.24,0.0,152.468267,0.0
2019-01-21,1,0,97,167.5,167.5,0.0,937.534315,0.0
2019-01-21,1,0,99,3.16,3.16,0.0,27.033288,0.0
2019-01-21,1,0,101,0.0,0.0,0.0,0.0,0.0
2019-01-21,1,0,102,13.43,13.43,0.0,27.07582,0.0
2019-01-21,1,0,103,11.68,11.68,0.0,23.547698,0.0
2019-01-21,1,0,104,2.17,2.17,0.0,4.374872,0.0
2019-01-21,1,0,106,0.0,0.0,0.0,0.0,0.0
2019-01-21,1,0,109,200.0,200.0,0.0,1498.179577,0.0
2019-01-21,1,0,110,133.58,133.58,0.0,-648.177563,0.0
2019-01-21,1,0,111,0.0,0.0,0.0,0.0,0.0
2019-01-21,1,0,113,45.2,45.2,0.0,155.910017,0.0
2019-01-21,1,0,115,45.2,45.2,0.0,155.910017,0.0
2019-01-21,1,0,116,0.0,0.0,0.0,-0.0,0.0
2019-01-21,1,0,117,3.09,3.09,0.0,10.65845,0.0
2019-01-21,1,0,119,135.1,135.1,0.0,2518.616877,0.0
2019-01-21,1,0,120,79.44,79.44,0.0,1480.969095,0.0
2019-01-21,1,0,123,0.0,0.0,0.0,0.0,0.0
2019-01-21,1,0,125,172.15,172.15,0.0,971.200787,0.0
2019-01-21,1,0,126,0.0,0.0,0.0,0.0,0.0
2019-01-21,1,0,127,0.0,0.0,0.0,0.0,0.0
2019-01-21,1,0,128,246.56,246.56,0.0,1390.991961,0.0
2019-01-21,1,0,131,23.64,23.64,0.0,58.334566,0.0
2019-01-21,1,0,132,34.75,34.75,0.0,85.749838,0.0
2019-01-21,1,0,133,24.32,24.32,0.0,231.335172,0.0
2019-01-21,1,0,134,0.0,0.0,0.0,0.0,0.0
2019-01-21,1,0,135,32.59,32.59,0.0,310.000545,0.0
2019-01-21,1,0,136,6.31,6.31,0.0,59.77978,0.0
2019-01-21,1,0,139,149.8,149.8,0.0,1019.604137,0.0
2019-01-21,1,0,140,98.86,98.86,0.0,-479.703802,0.0
2019-01-21,1,0,141,146.93,146.93,0.0,47.797072,0.0
2019-01-21,1,0,142,0.0,0.0,0.0,0.0,0.0
2019-01-21,1,0,143,53.25,53.25,0.0,299.259531,0.0
2019-01-21,1,0,145,19.42,19.42,0.0,122.637899,0.0
2019-01-21,1,0,146,228.94,228.94,0.0,-1110.898123,0.0
2019-01-21,1,0,152,0.0,0.0,0.0,0.0,0.0
2019-01-21,1,0,153,0.0,0.0,0.0,0.0,0.0
2019-01-21,1,0,154,0.0,0.0,0.0,0.0,0.0
2019-01-21,1,0,157,131.85,131.85,0.0,42.891471,0.0
2019-01-21,1,0,158,0.0,0.0,0.0,0.0,0.0
2019-01-21,1,0,159,0.0,0.0,0.0,0.0,0.0
2019-01-21,1,0,160,0.0,0.0,0.0,0.0,0.0
2019-01-21,1,0,161,0.0,0.0,0.0,0.0,0.0
2019-01-21,1,0,162,15.99,15.99,0.0,274.063197,0.0
2019-01-21,1,0,163,63.61,63.61,0.0,-308.658293,0.0
2019-01-21,1,0,164,0.0,0.0,0.0,0.0,0.0
2019-01-21,1,0,167,0.0,0.0,0.0,0.0,0.0
2019-01-21,1,0,168,0.0,0.0,0.0,0.0,0.0
2019-01-21,1,0,169,0.0,0.0,0.0,0.0,0.0
2019-01-21,1,0,170,0.0,0.0,0.0,0.0,0.0
2019-01-21,1,0,172,0.0,0.0,0.0,0.0,0.0
2019-01-21,1,0,173,0.0,0.0,0.0,0.0,0.0
2019-01-21,1,0,188,0.0,0.0,0.0,0.0,0.0
2019-01-21,1,0,190,0.0,0.0,0.0,0.0,0.0
2019-01-21,1,0,191,0.0,0.0,0.0,0.0,0.0
2019-01-21,1,0,192,74.96,74.96,0.0,1397.450193,0.0
2019-01-21,1,0,194,176.5,176.5,0.0,812.189053,0.0
2019-01-21,1,0,196,0.0,0.0,0.0,0.0,0.0
2019-01-21,1,0,198,0.0,0.0,0.0,0.0,0.0
2019-01-21,1,0,199,34.98,34.98,0.0,281.744067,0.0
2019-01-21,1,0,200,0.0,0.0,0.0,0.0,0.0
2019-01-21,1,0,204,857.0,857.0,0.0,6332.962711,0.0
2019-01-21,1,0,205,1058.0,1058.0,0.0,7925.369965,0.0
2019-01-21,1,0,206,492.18,492.18,0.0,2754.839637,0.0
2019-01-21,1,0,210,0.0,0.0,0.0,0.0,0.0
2019-01-21,1,0,214,0.0,0.0,0.0,0.0,0.0
2019-01-21,1,0,217,0.0,0.0,0.0,0.0,0.0
2019-01-21,1,0,218,0.0,0.0,0.0,0.0,0.0
2019-01-21,1,0,219,0.0,0.0,0.0,0.0,0.0
2019-01-21,1,0,221,0.0,0.0,0.0,0.0,0.0
2019-01-21,1,0,225,0.0,0.0,0.0,0.0,0.0
2019-01-21,1,0,233,0.0,0.0,0.0,0.0,0.0
2019-01-21,1,0,236,29.02,29.02,0.0,262.629981,0.0
2019-01-21,1,0,237,39.27,39.27,0.0,335.948493,0.0
2019-01-21,1,0,238,0.0,0.0,0.0,0.0,0.0
2019-01-21,1,0,240,0.0,0.0,0.0,0.0,0.0
2019-01-21,1,0,245,25.15,25.15,0.0,242.235402,0.0
2019-01-21,1,0,247,28.52,28.52,0.0,274.693983,0.0
2019-01-21,1,0,248,3.94,3.94,0.0,33.706062,0.0
2019-01-21,1,0,249,48.36,48.36,0.0,465.78545,0.0
2019-01-21,1,0,251,59.35,59.35,0.0,559.130094,0.0
2019-01-21,1,0,252,31.32,31.32,0.0,296.77726,0.0
2019-01-21,1,0,254,0.0,0.0,0.0,0.0,0.0
2019-01-21,1,0,255,0.0,0.0,0.0,0.0,0.0
2019-01-21,1,0,258,0.0,0.0,0.0,0.0,0.0
2019-01-21,1,0,260,0.0,0.0,0.0,0.0,0.0
2019-01-21,1,0,265,0.0,0.0,0.0,0.0,0.0
2019-01-21,1,0,266,97.0,97.0,0.0,660.224308,0.0
2019-01-21,1,0,267,119.2,119.2,0.0,811.32719,0.0
2019-01-21,1,0,270,198.64,198.64,0.0,-963.871771,0.0
2019-01-21,1,0,272,150.74,150.74,0.0,519.953009,0.0
2019-01-21,1,0,273,0.0,0.0,0.0,-0.0,0.0
2019-01-21,1,0,274,256.08,256.08,0.0,-1242.591034,0.0
2019-01-21,1,0,275,356.46,356.46,0.0,-1729.670416,0.0
2019-01-21,1,0,276,0.0,0.0,0.0,-0.0,0.0
2019-01-21,1,0,277,0.0,0.0,0.0,0.0,0.0
2019-01-21,1,0,278,0.0,0.0,0.0,0.0,0.0
2019-01-21,1,0,279,152.71,152.71,0.0,533.719225,0.0
2019-01-21,1,0,281,10.36,10.36,0.0,58.222136,0.0
2019-01-21,1,0,282,0.0,0.0,0.0,0.0,0.0
2019-01-21,2,0,9,0.0,0.0,0.0,0.0,0.0
2019-01-21,2,0,17,0.0,0.0,0.0,0.0,0.0
2019-01-21,2,0,19,174.02,174.02,0.0,1723.712002,0.0
2019-01-21,2,0,20,211.05,211.05,0.0,2090.503494,0.0
2019-01-21,2,0,21,0.0,0.0,0.0,0.0,0.0
2019-01-21,2,0,22,0.0,0.0,0.0,0.0,0.0
2019-01-21,2,0,23,108.8,108.8,0.0,511.348113,0.0
2019-01-21,2,0,24,192.5,192.5,0.0,904.728968,0.0
2019-01-21,2,0,29,0.0,0.0,0.0,0.0,0.0
2019-01-21,2,0,30,0.0,0.0,0.0,0.0,0.0
2019-01-21,2,0,31,12.11,12.11,0.0,56.558228,0.0
2019-01-21,2,0,32,0.0,0.0,0.0,0.0,0.0
2019-01-21,2,0,33,0.0,0.0,0.0,0.0,0.0
2019-01-21,2,0,34,0.0,0.0,0.0,0.0,0.0
2019-01-21,2,0,35,0.0,0.0,0.0,0.0,0.0
2019-01-21,2,0,36,0.0,0.0,0.0,0.0,0.0
2019-01-21,2,0,37,0.0,0.0,0.0,0.0,0.0
2019-01-21,2,0,38,0.0,0.0,0.0,0.0,0.0
2019-01-21,2,0,39,0.0,0.0,0.0,0.0,0.0
2019-01-21,2,0,40,0.0,0.0,0.0,0.0,0.0
2019-01-21,2,0,41,116.0,116.0,0.0,728.492332,0.0
2019-01-21,2,0,42,0.0,0.0,0.0,0.0,0.0
2019-01-21,2,0,43,0.0,0.0,0.0,0.0,0.0
2019-01-21,2,0,46,0.0,0.0,0.0,0.0,0.0
2019-01-21,2,0,52,12.84,12.84,0.0,59.967601,0.0
2019-01-21,2,0,53,20.4,20.4,0.0,95.275628,0.0
2019-01-21,2,0,55,248.02,248.02,0.0,1165.666902,0.0
2019-01-21,2,0,56,0.0,0.0,0.0,0.0,0.0
2019-01-21,2,0,57,0.0,0.0,0.0,0.0,0.0
2019-01-21,2,0,58,0.0,0.0,0.0,0.0,0.0
2019-01-21,2,0,59,0.0,0.0,0.0,0.0,0.0
2019-01-21,2,0,63,140.84,140.84,0.0,3011.586046,0.0
2019-01-21,2,0,64,165.7,165.7,0.0,3543.168189,0.0
2019-01-21,2,0,65,3.5,3.5,0.0,34.513571,0.0
2019-01-21,2,0,67,0.0,0.0,0.0,-0.0,0.0
2019-01-21,2,0,68,5.67,5.67,0.0,-20.779221,0.0
2019-01-21,2,0,69,0.0,0.0,0.0,0.0,0.0
2019-01-21,2,0,74,14.51,14.51,0.0,125.327759,0.0
2019-01-21,2,0,77,200.0,200.0,0.0,374.345495,0.0
2019-01-21,2,0,78,151.2,151.2,0.0,283.005194,0.0
2019-01-21,2,0,79,87.5,87.5,0.0,163.776154,0.0
2019-01-21,2,0,80,141.5,141.5,0.0,264.849438,0.0
2019-01-21,2,0,81,185.0,185.0,0.0,346.269583,0.0
2019-01-21,2,0,82,130.5,130.5,0.0,244.260436,0.0
2019-01-21,2,0,83,291.0,291.0,0.0,544.672695,0.0
2019-01-21,2,0,84,0.0,0.0,0.0,0.0,0.0
2019-01-21,2,0,86,0.0,0.0,0.0,0.0,0.0
2019-01-21,2,0,87,0.0,0.0,0.0,0.0,0.0
2019-01-21,2,0,88,170.6,170.6,0.0,319.316707,0.0
2019-01-21,2,0,89,164.0,164.0,0.0,306.963306,0.0
2019-01-21,2,0,90,220.2,220.2,0.0,412.15439,0.0
2019-01-21,2,0,91,785.5,785.5,0.0,1470.241932,0.0
2019-01-21,2,0,92,282.5,282.5,0.0,528.763012,0.0
2019-01-21,2,0,95,11.36,11.36,0.0,204.076425,0.0
2019-01-21,2,0,96,28.56,28.56,0.0,132.504861,0.0
2019-01-21,2,0,97,175.6,175.6,0.0,814.700757,0.0
2019-01-21,2,0,99,2.8,2.8,0.0,24.184543,0.0
2019-01-21,2,0,101,0.0,0.0,0.0,0.0,0.0
2019-01-21,2,0,102,13.42,13.42,0.0,-49.181154,0.0
2019-01-21,2,0,103,11.67,11.67,0.0,-42.767814,0.0
2019-01-21,2,0,104,2.17,2.17,0.0,-7.952541,0.0
2019-01-21,2,0,106,0.0,0.0,0.0,0.0,0.0
2019-01-21,2,0,109,195.26,195.26,0.0,1409.554893,0.0
2019-01-21,2,0,110,149.85,149.85,0.0,-4458.525691,0.0
2019-01-21,2,0,111,0.0,0.0,0.0,0.0,0.0
2019-01-21,2,0,113,57.44,57.44,0.0,146.809085,0.0
2019-01-21,2,0,115,57.44,57.44,0.0,146.809085,0.0
2019-01-21,2,0,116,0.0,0.0,0.0,-0.0,0.0
2019-01-21,2,0,117,3.07,3.07,0.0,7.846516,0.0
2019-01-21,2,0,119,165.7,165.7,0.0,3543.168189,0.0
2019-01-21,2,0,120,97.43,97.43,0.0,2083.348682,0.0
2019-01-21,2,0,123,0.0,0.0,0.0,0.0,0.0
2019-01-21,2,0,125,174.2,174.2,0.0,818.720967,0.0
2019-01-21,2,0,126,0.0,0.0,0.0,0.0,0.0
2019-01-21,2,0,127,0.0,0.0,0.0,0.0,0.0
2019-01-21,2,0,128,249.5,249.5,0.0,1172.62274,0.0
2019-01-21,2,0,131,22.89,22.89,0.0,-44.626993,0.0
2019-01-21,2,0,132,33.65,33.65,0.0,-65.604995,0.0
2019-01-21,2,0,133,21.23,21.23,0.0,210.376978,0.0
2019-01-21,2,0,134,0.0,0.0,0.0,0.0,0.0
2019-01-21,2,0,135,28.45,28.45,0.0,281.922988,0.0
2019-01-21,2,0,136,5.7,5.7,0.0,56.193974,0.0
2019-01-21,2,0,139,149.8,149.8,0.0,940.759925,0.0
2019-01-21,2,0,140,110.91,110.91,0.0,-3299.933829,0.0
2019-01-21,2,0,141,151.88,151.88,0.0,-1531.988654,0.0
2019-01-21,2,0,142,0.0,0.0,0.0,-0.0,0.0
2019-01-21,2,0,143,33.66,33.66,0.0,157.204786,0.0
2019-01-21,2,0,145,18.31,18.31,0.0,102.849702,0.0
2019-01-21,2,0,146,222.81,222.81,0.0,-6629.323384,0.0
2019-01-21,2,0,152,0.0,0.0,0.0,0.0,0.0
2019-01-21,2,0,153,0.0,0.0,0.0,0.0,0.0
2019-01-21,2,0,154,0.0,0.0,0.0,0.0,0.0
2019-01-21,2,0,157,133.77,133.77,0.0,-1349.316054,0.0
2019-01-21,2,0,158,0.0,0.0,0.0,-0.0,0.0
2019-01-21,2,0,159,0.0,0.0,0.0,0.0,0.0
2019-01-21,2,0,160,0.0,0.0,0.0,0.0,0.0
2019-01-21,2,0,161,0.0,0.0,0.0,-0.0,0.0
2019-01-21,2,0,162,16.17,16.17,0.0,291.115415,0.0
2019-01-21,2,0,163,72.42,72.42,0.0,-2154.730934,0.0
2019-01-21,2,0,164,0.0,0.0,0.0,0.0,0.0
2019-01-21,2,0,167,0.0,0.0,0.0,0.0,0.0
2019-01-21,2,0,168,0.0,0.0,0.0,0.0,0.0
2019-01-21,2,0,169,0.0,0.0,0.0,0.0,0.0
2019-01-21,2,0,170,0.0,0.0,0.0,0.0,0.0
2019-01-21,2,0,172,0.0,0.0,0.0,0.0,0.0
2019-01-21,2,0,173,0.0,0.0,0.0,0.0,0.0
2019-01-21,2,0,188,0.0,0.0,0.0,0.0,0.0
2019-01-21,2,0,190,0.0,0.0,0.0,0.0,0.0
2019-01-21,2,0,191,0.0,0.0,0.0,0.0,0.0
2019-01-21,2,0,192,90.48,90.48,0.0,1934.736619,0.0
2019-01-21,2,0,194,176.5,176.5,0.0,1407.499086,0.0
2019-01-21,2,0,196,0.0,0.0,0.0,0.0,0.0
2019-01-21,2,0,198,0.0,0.0,0.0,0.0,0.0
2019-01-21,2,0,199,11.89,11.89,0.0,113.799637,0.0
2019-01-21,2,0,200,0.0,0.0,0.0,0.0,0.0
2019-01-21,2,0,204,857.0,857.0,0.0,6070.244528,0.0
2019-01-21,2,0,205,958.56,958.56,0.0,6919.71186,0.0
2019-01-21,2,0,206,516.0,516.0,0.0,2393.99539,0.0
2019-01-21,2,0,210,0.0,0.0,0.0,0.0,0.0
2019-01-21,2,0,214,0.0,0.0,0.0,0.0,0.0
2019-01-21,2,0,217,0.0,0.0,0.0,0.0,0.0
2019-01-21,2,0,218,0.0,0.0,0.0,0.0,0.0
2019-01-21,2,0,219,0.0,0.0,0.0,0.0,0.0
2019-01-21,2,0,221,0.0,0.0,0.0,0.0,0.0
2019-01-21,2,0,225,0.0,0.0,0.0,0.0,0.0
2019-01-21,2,0,233,0.0,0.0,0.0,0.0,0.0
2019-01-21,2,0,236,21.71,21.71,0.0,201.832917,0.0
2019-01-21,2,0,237,34.81,34.81,0.0,300.6657,0.0
2019-01-21,2,0,238,0.0,0.0,0.0,0.0,0.0
2019-01-21,2,0,240,0.0,0.0,0.0,0.0,0.0
2019-01-21,2,0,245,19.11,19.11,0.0,192.397692,0.0
2019-01-21,2,0,247,18.2,18.2,0.0,183.235897,0.0
2019-01-21,2,0,248,3.49,3.49,0.0,30.144306,0.0
2019-01-21,2,0,249,36.76,36.76,0.0,370.09624,0.0
2019-01-21,2,0,251,46.54,46.54,0.0,455.552072,0.0
2019-01-21,2,0,252,22.59,22.59,0.0,222.760448,0.0
2019-01-21,2,0,254,0.0,0.0,0.0,0.0,0.0
2019-01-21,2,0,255,0.0,0.0,0.0,0.0,0.0
2019-01-21,2,0,258,0.0,0.0,0.0,0.0,0.0
2019-01-21,2,0,260,0.0,0.0,0.0,0.0,0.0
2019-01-21,2,0,265,0.0,0.0,0.0,0.0,0.0
2019-01-21,2,0,266,97.0,97.0,0.0,609.170312,0.0
2019-01-21,2,0,267,119.2,119.2,0.0,748.588672,0.0
2019-01-21,2,0,270,226.18,226.18,0.0,-6729.591863,0.0
2019-01-21,2,0,272,247.81,247.81,0.0,633.369765,0.0
2019-01-21,2,0,273,0.0,0.0,0.0,-0.0,0.0
2019-01-21,2,0,274,291.58,291.58,0.0,-8675.454927,0.0
2019-01-21,2,0,275,405.88,405.88,0.0,-12076.252301,0.0
2019-01-21,2,0,276,0.0,0.0,0.0,-0.0,0.0
2019-01-21,2,0,277,0.0,0.0,0.0,0.0,0.0
2019-01-21,2,0,278,0.0,0.0,0.0,0.0,0.0
2019-01-21,2,0,279,156.28,156.28,0.0,356.566151,0.0
2019-01-21,2,0,281,5.44,5.44,0.0,25.406834,0.0
2019-01-21,2,0,282,0.0,0.0,0.0,0.0,0.0
2019-01-21,3,0,9,0.0,0.0,0.0,0.0,0.0
2019-01-21,3,0,17,0.0,0.0,0.0,0.0,0.0
2019-01-21,3,0,19,173.24,173.24,0.0,1689.246574,0.0
2019-01-21,3,0,20,210.11,210.11,0.0,2048.762398,0.0
2019-01-21,3,0,21,0.0,0.0,0.0,0.0,0.0
2019-01-21,3,0,22,0.0,0.0,0.0,0.0,0.0
2019-01-21,3,0,23,108.8,108.8,0.0,422.954122,0.0
2019-01-21,3,0,24,192.5,192.5,0.0,748.33335,0.0
2019-01-21,3,0,29,0.0,0.0,0.0,0.0,0.0
2019-01-21,3,0,30,0.0,0.0,0.0,0.0,0.0
2019-01-21,3,0,31,13.1,13.1,0.0,50.489932,0.0
2019-01-21,3,0,32,0.0,0.0,0.0,0.0,0.0
2019-01-21,3,0,33,0.0,0.0,0.0,0.0,0.0
2019-01-21,3,0,34,0.0,0.0,0.0,0.0,0.0
2019-01-21,3,0,35,0.0,0.0,0.0,0.0,0.0
2019-01-21,3,0,36,0.0,0.0,0.0,0.0,0.0
2019-01-21,3,0,37,0.0,0.0,0.0,0.0,0.0
2019-01-21,3,0,38,0.0,0.0,0.0,0.0,0.0
2019-01-21,3,0,39,0.0,0.0,0.0,0.0,0.0
2019-01-21,3,0,40,0.0,0.0,0.0,0.0,0.0
2019-01-21,3,0,41,116.0,116.0,0.0,657.442569,0.0
2019-01-21,3,0,42,0.0,0.0,0.0,0.0,0.0
2019-01-21,3,0,43,0.0,0.0,0.0,0.0,0.0
2019-01-21,3,0,46,0.0,0.0,0.0,0.0,0.0
2019-01-21,3,0,52,13.89,13.89,0.0,53.534745,0.0
2019-01-21,3,0,53,22.06,22.06,0.0,85.023504,0.0
2019-01-21,3,0,55,250.16,250.16,0.0,972.483484,0.0
2019-01-21,3,0,56,0.0,0.0,0.0,0.0,0.0
2019-01-21,3,0,57,0.0,0.0,0.0,0.0,0.0
2019-01-21,3,0,58,0.0,0.0,0.0,0.0,0.0
2019-01-21,3,0,59,0.0,0.0,0.0,0.0,0.0
2019-01-21,3,0,63,170.0,170.0,0.0,3786.082051,0.0
2019-01-21,3,0,64,200.0,200.0,0.0,4454.214177,0.0
2019-01-21,3,0,65,2.42,2.42,0.0,23.476634,0.0
2019-01-21,3,0,67,0.0,0.0,0.0,-0.0,0.0
2019-01-21,3,0,68,5.81,5.81,0.0,-37.253175,0.0
2019-01-21,3,0,69,0.0,0.0,0.0,0.0,0.0
2019-01-21,3,0,74,13.27,13.27,0.0,110.444996,0.0
2019-01-21,3,0,77,200.0,200.0,0.0,140.263427,0.0
2019-01-21,3,0,78,151.2,151.2,0.0,106.039151,0.0
2019-01-21,3,0,79,87.5,87.5,0.0,61.365249,0.0
2019-01-21,3,0,80,141.5,141.5,0.0,99.236375,0.0
2019-01-21,3,0,81,185.0,185.0,0.0,129.74367,0.0
2019-01-21,3,0,82,130.5,130.5,0.0,91.521886,0.0
2019-01-21,3,0,83,291.0,291.0,0.0,204.083287,0.0
2019-01-21,3,0,84,0.0,0.0,0.0,0.0,0.0
2019-01-21,3,0,86,0.0,0.0,0.0,0.0,0.0
2019-01-21,3,0,87,0.0,0.0,0.0,0.0,0.0
2019-01-21,3,0,88,170.6,170.6,0.0,119.644704,0.0
2019-01-21,3,0,89,164.0,164.0,0.0,115.01601,0.0
2019-01-21,3,0,90,220.2,220.2,0.0,154.430033,0.0
2019-01-21,3,0,91,785.5,785.5,0.0,550.884611,0.0
2019-01-21,3,0,92,282.5,282.5,0.0,198.122091,0.0
2019-01-21,3,0,95,11.15,11.15,0.0,201.643193,0.0
2019-01-21,3,0,96,29.88,29.88,0.0,114.124896,0.0
2019-01-21,3,0,97,183.75,183.75,0.0,701.822278,0.0
2019-01-21,3,0,99,2.56,2.56,0.0,21.306646,0.0
2019-01-21,3,0,101,0.0,0.0,0.0,0.0,0.0
2019-01-21,3,0,102,13.75,13.75,0.0,-88.163711,0.0
2019-01-21,3,0,103,11.95,11.95,0.0,-76.62228,0.0
2019-01-21,3,0,104,2.22,2.22,0.0,-14.234432,0.0
2019-01-21,3,0,106,0.0,0.0,0.0,0.0,0.0
2019-01-21,3,0,109,200.0,200.0,0.0,1345.056184,0.0
2019-01-21,3,0,110,171.21,171.21,0.0,-6861.519888,0.0
2019-01-21,3,0,111,0.0,0.0,0.0,0.0,0.0
2019-01-21,3,0,113,57.06,57.06,0.0,96.218035,0.0
2019-01-21,3,0,115,57.06,57.06,0.0,96.218035,0.0
2019-01-21,3,0,116,0.0,0.0,0.0,-0.0,0.0
2019-01-21,3,0,117,2.93,2.93,0.0,4.940744,0.0
2019-01-21,3,0,119,200.0,200.0,0.0,4454.214177,0.0
2019-01-21,3,0,120,117.6,117.6,0.0,2619.077936,0.0
2019-01-21,3,0,123,0.0,0.0,0.0,0.0,0.0
2019-01-21,3,0,125,174.2,174.2,0.0,677.193088,0.0
2019-01-21,3,0,126,0.0,0.0,0.0,0.0,0.0
2019-01-21,3,0,127,0.0,0.0,0.0,0.0,0.0
2019-01-21,3,0,128,249.5,249.5,0.0,969.91777,0.0
2019-01-21,3,0,131,22.52,22.52,0.0,-94.554373,0.0
2019-01-21,3,0,132,33.1,33.1,0.0,-138.976454,0.0
2019-01-21,3,0,133,10.3,10.3,0.0,100.482651,0.0
2019-01-21,3,0,134,0.0,0.0,0.0,0.0,0.0
2019-01-21,3,0,135,13.79,13.79,0.0,134.529685,0.0
2019-01-21,3,0,136,5.18,5.18,0.0,50.237472,0.0
2019-01-21,3,0,139,149.8,149.8,0.0,849.007732,0.0
2019-01-21,3,0,140,126.71,126.71,0.0,-5078.109836,0.0
2019-01-21,3,0,141,158.71,158.71,0.0,-2332.874936,0.0
2019-01-21,3,0,142,0.0,0.0,0.0,-0.0,0.0
2019-01-21,3,0,143,19.82,19.82,0.0,76.390111,0.0
2019-01-21,3,0,145,17.46,17.46,0.0,85.917107,0.0
2019-01-21,3,0,146,220.18,220.18,0.0,-8824.072478,0.0
2019-01-21,3,0,152,0.0,0.0,0.0,0.0,0.0
2019-01-21,3,0,153,0.0,0.0,0.0,0.0,0.0
2019-01-21,3,0,154,0.0,0.0,0.0,0.0,0.0
2019-01-21,3,0,157,136.28,136.28,0.0,-2003.17684,0.0
2019-01-21,3,0,158,0.0,0.0,0.0,-0.0,0.0
2019-01-21,3,0,159,0.0,0.0,0.0,0.0,0.0
2019-01-21,3,0,160,0.0,0.0,0.0,0.0,0.0
2019-01-21,3,0,161,0.0,0.0,0.0,-0.0,0.0
2019-01-21,3,0,162,16.44,16.44,0.0,298.078319,0.0
2019-01-21,3,0,163,85.14,85.14,0.0,-3412.124311,0.0
2019-01-21,3,0,164,0.0,0.0,0.0,0.0,0.0
2019-01-21,3,0,167,0.0,0.0,0.0,0.0,0.0
2019-01-21,3,0,168,0.0,0.0,0.0,0.0,0.0
2019-01-21,3,0,169,0.0,0.0,0.0,0.0,0.0
2019-01-21,3,0,170,0.0,0.0,0.0,0.0,0.0
2019-01-21,3,0,172,0.0,0.0,0.0,0.0,0.0
2019-01-21,3,0,173,0.0,0.0,0.0,0.0,0.0
2019-01-21,3,0,188,0.0,0.0,0.0,0.0,0.0
2019-01-21,3,0,190,0.0,0.0,0.0,0.0,0.0
2019-01-21,3,0,191,0.0,0.0,0.0,0.0,0.0
2019-01-21,3,0,192,108.5,108.5,0.0,2416.411191,0.0
2019-01-21,3,0,194,176.5,176.5,0.0,1548.570858,0.0
2019-01-21,3,0,196,0.0,0.0,0.0,0.0,0.0
2019-01-21,3,0,198,0.0,0.0,0.0,0.0,0.0
2019-01-21,3,0,199,9.86,9.86,0.0,95.83186,0.0
2019-01-21,3,0,200,0.0,0.0,0.0,0.0,0.0
2019-01-21,3,0,204,857.0,857.0,0.0,5632.545744,0.0
2019-01-21,3,0,205,1058.0,1058.0,0.0,7115.347214,0.0
2019-01-21,3,0,206,539.94,539.94,0.0,2062.268956,0.0
2019-01-21,3,0,210,0.0,0.0,0.0,0.0,0.0
2019-01-21,3,0,214,0.0,0.0,0.0,0.0,0.0
2019-01-21,3,0,217,0.0,0.0,0.0,0.0,0.0
2019-01-21,3,0,218,0.0,0.0,0.0,0.0,0.0
2019-01-21,3,0,219,0.0,0.0,0.0,0.0,0.0
2019-01-21,3,0,221,0.0,0.0,0.0,0.0,0.0
2019-01-21,3,0,225,0.0,0.0,0.0,0.0,0.0
2019-01-21,3,0,233,0.0,0.0,0.0,0.0,0.0
2019-01-21,3,0,236,16.19,16.19,0.0,146.772392,0.0
2019-01-21,3,0,237,31.83,31.83,0.0,264.918178,0.0
2019-01-21,3,0,238,0.0,0.0,0.0,0.0,0.0
2019-01-21,3,0,240,0.0,0.0,0.0,0.0,0.0
2019-01-21,3,0,245,14.17,14.17,0.0,140.76605,0.0
2019-01-21,3,0,247,10.94,10.94,0.0,108.678941,0.0
2019-01-21,3,0,248,3.2,3.2,0.0,26.633307,0.0
2019-01-21,3,0,249,27.26,27.26,0.0,270.803284,0.0
2019-01-21,3,0,251,35.55,35.55,0.0,341.966107,0.0
2019-01-21,3,0,252,15.61,15.61,0.0,151.43399,0.0
2019-01-21,3,0,254,0.0,0.0,0.0,0.0,0.0
2019-01-21,3,0,255,0.0,0.0,0.0,0.0,0.0
2019-01-21,3,0,258,0.0,0.0,0.0,0.0,0.0
2019-01-21,3,0,260,0.0,0.0,0.0,0.0,0.0
2019-01-21,3,0,265,0.0,0.0,0.0,0.0,0.0
2019-01-21,3,0,266,97.0,97.0,0.0,549.75801,0.0
2019-01-21,3,0,267,119.2,119.2,0.0,675.578916,0.0
2019-01-21,3,0,270,265.88,265.88,0.0,-10655.574487,0.0
2019-01-21,3,0,272,233.07,233.07,0.0,393.016778,0.0
2019-01-21,3,0,273,0.0,0.0,0.0,-0.0,0.0
2019-01-21,3,0,274,342.75,342.75,0.0,-13736.265065,0.0
2019-01-21,3,0,275,477.11,477.11,0.0,-19120.961123,0.0
2019-01-21,3,0,276,0.0,0.0,0.0,-0.0,0.0
2019-01-21,3,0,277,0.0,0.0,0.0,0.0,0.0
2019-01-21,3,0,278,0.0,0.0,0.0,0.0,0.0
2019-01-21,3,0,279,164.78,164.78,0.0,212.793749,0.0
2019-01-21,3,0,281,5.88,5.88,0.0,22.662657,0.0
2019-01-21,3,0,282,0.0,0.0,0.0,0.0,0.0
2019-01-21,4,0,9,0.0,0.0,0.0,0.0,0.0
2019-01-21,4,0,17,0.0,0.0,0.0,0.0,0.0
2019-01-21,4,0,19,173.56,173.56,0.0,1730.436192,0.0
2019-01-21,4,0,20,210.5,210.5,0.0,2098.737143,0.0
2019-01-21,4,0,21,0.0,0.0,0.0,0.0,0.0
2019-01-21,4,0,22,0.0,0.0,0.0,0.0,0.0
2019-01-21,4,0,23,98.16,98.16,0.0,521.260979,0.0
2019-01-21,4,0,24,162.22,162.22,0.0,861.440057,0.0
2019-01-21,4,0,29,0.0,0.0,0.0,0.0,0.0
2019-01-21,4,0,30,0.0,0.0,0.0,0.0,0.0
2019-01-21,4,0,31,14.14,14.14,0.0,74.723028,0.0
2019-01-21,4,0,32,0.0,0.0,0.0,0.0,0.0
2019-01-21,4,0,33,0.0,0.0,0.0,0.0,0.0
2019-01-21,4,0,34,0.0,0.0,0.0,0.0,0.0
2019-01-21,4,0,35,0.0,0.0,0.0,0.0,0.0
2019-01-21,4,0,36,0.0,0.0,0.0,0.0,0.0
2019-01-21,4,0,37,0.0,0.0,0.0,0.0,0.0
2019-01-21,4,0,38,0.0,0.0,0.0,0.0,0.0
2019-01-21,4,0,39,0.0,0.0,0.0,0.0,0.0
2019-01-21,4,0,40,0.0,0.0,0.0,0.0,0.0
2019-01-21,4,0,41,116.0,116.0,0.0,777.237379,0.0
2019-01-21,4,0,42,0.0,0.0,0.0,0.0,0.0
2019-01-21,4,0,43,0.0,0.0,0.0,0.0,0.0
2019-01-21,4,0,46,0.0,0.0,0.0,0.0,0.0
2019-01-21,4,0,52,14.99,14.99,0.0,79.214865,0.0
2019-01-21,4,0,53,23.81,23.81,0.0,125.824279,0.0
2019-01-21,4,0,55,253.47,253.47,0.0,1346.006726,0.0
2019-01-21,4,0,56,0.0,0.0,0.0,0.0,0.0
2019-01-21,4,0,57,0.0,0.0,0.0,0.0,0.0
2019-01-21,4,0,58,0.0,0.0,0.0,0.0,0.0
2019-01-21,4,0,59,0.0,0.0,0.0,0.0,0.0
2019-01-21,4,0,63,170.0,170.0,0.0,5067.417556,0.0
2019-01-21,4,0,64,200.0,200.0,0.0,5961.667712,0.0
2019-01-21,4,0,65,1.6,1.6,0.0,15.886962,0.0
2019-01-21,4,0,67,0.0,0.0,0.0,-0.0,0.0
2019-01-21,4,0,68,6.09,6.09,0.0,-221.548802,0.0
2019-01-21,4,0,69,0.0,0.0,0.0,0.0,0.0
2019-01-21,4,0,74,12.41,12.41,0.0,109.24145,0.0
2019-01-21,4,0,77,200.0,200.0,0.0,-4172.94928,0.0
2019-01-21,4,0,78,151.2,151.2,0.0,-3154.749656,0.0
2019-01-21,4,0,79,87.5,87.5,0.0,-1825.66531,0.0
2019-01-21,4,0,80,141.5,141.5,0.0,-2952.361616,0.0
2019-01-21,4,0,81,185.0,185.0,0.0,-3859.978084,0.0
2019-01-21,4,0,82,130.5,130.5,0.0,-2722.849405,0.0
2019-01-21,4,0,83,291.0,291.0,0.0,-6071.641203,0.0
2019-01-21,4,0,84,0.0,0.0,0.0,0.0,0.0
2019-01-21,4,0,86,0.0,0.0,0.0,0.0,0.0
2019-01-21,4,0,87,0.0,0.0,0.0,0.0,0.0
2019-01-21,4,0,88,170.6,170.6,0.0,-3559.525736,0.0
2019-01-21,4,0,89,164.0,164.0,0.0,-3421.81841,0.0
2019-01-21,4,0,90,220.2,220.2,0.0,-4594.417157,0.0
2019-01-21,4,0,91,785.5,785.5,0.0,-16389.258298,0.0
2019-01-21,4,0,92,282.5,282.5,0.0,-5894.290858,0.0
2019-01-21,4,0,95,25.89,25.89,0.0,533.106156,0.0
2019-01-21,4,0,96,29.88,29.88,0.0,157.095433,0.0
2019-01-21,4,0,97,183.75,183.75,0.0,966.07382,0.0
2019-01-21,4,0,99,2.39,2.39,0.0,21.038442,0.0
2019-01-21,4,0,101,0.0,0.0,0.0,0.0,0.0
2019-01-21,4,0,102,14.42,14.42,0.0,-524.586818,0.0
2019-01-21,4,0,103,12.54,12.54,0.0,-456.194084,0.0
2019-01-21,4,0,104,2.33,2.33,0.0,-84.763335,0.0
2019-01-21,4,0,106,0.0,0.0,0.0,0.0,0.0
2019-01-21,4,0,109,185.52,185.52,0.0,1392.498176,0.0
2019-01-21,4,0,110,196.88,196.88,0.0,-21906.917096,0.0
2019-01-21,4,0,111,0.0,0.0,0.0,0.0,0.0
2019-01-21,4,0,113,38.6,38.6,0.0,-681.519698,0.0
2019-01-21,4,0,115,38.6,38.6,0.0,-681.519698,0.0
2019-01-21,4,0,116,0.0,0.0,0.0,-0.0,0.0
2019-01-21,4,0,117,2.57,2.57,0.0,-45.375793,0.0
2019-01-21,4,0,119,200.0,200.0,0.0,5961.667712,0.0
2019-01-21,4,0,120,117.6,117.6,0.0,3505.460615,0.0
2019-01-21,4,0,123,0.0,0.0,0.0,0.0,0.0
2019-01-21,4,0,125,148.85,148.85,0.0,790.441083,0.0
2019-01-21,4,0,126,0.0,0.0,0.0,0.0,0.0
2019-01-21,4,0,127,0.0,0.0,0.0,0.0,0.0
2019-01-21,4,0,128,202.15,202.15,0.0,1073.481121,0.0
2019-01-21,4,0,131,22.62,22.62,0.0,-711.524118,0.0
2019-01-21,4,0,132,33.25,33.25,0.0,-1045.896416,0.0
2019-01-21,4,0,133,12.53,12.53,0.0,124.975483,0.0
2019-01-21,4,0,134,0.0,0.0,0.0,0.0,0.0
2019-01-21,4,0,135,17.28,17.28,0.0,172.352461,0.0
2019-01-21,4,0,136,4.71,4.71,0.0,46.75667,0.0
2019-01-21,4,0,139,149.8,149.8,0.0,1003.708271,0.0
2019-01-21,4,0,140,145.71,145.71,0.0,-16213.210535,0.0
2019-01-21,4,0,141,166.78,166.78,0.0,-9141.998779,0.0
2019-01-21,4,0,142,0.0,0.0,0.0,-0.0,0.0
2019-01-21,4,0,143,21.99,21.99,0.0,116.206464,0.0
2019-01-21,4,0,145,16.83,16.83,0.0,102.830002,0.0
2019-01-21,4,0,146,221.32,221.32,0.0,-24626.365764,0.0
2019-01-21,4,0,152,0.0,0.0,0.0,0.0,0.0
2019-01-21,4,0,153,0.0,0.0,0.0,0.0,0.0
2019-01-21,4,0,154,0.0,0.0,0.0,0.0,0.0
2019-01-21,4,0,157,139.88,139.88,0.0,-7667.482847,0.0
2019-01-21,4,0,158,0.0,0.0,0.0,-0.0,0.0
2019-01-21,4,0,159,0.0,0.0,0.0,0.0,0.0
2019-01-21,4,0,160,0.0,0.0,0.0,0.0,0.0
2019-01-21,4,0,161,0.0,0.0,0.0,-0.0,0.0
2019-01-21,4,0,162,16.7,16.7,0.0,345.56873,0.0
2019-01-21,4,0,163,102.77,102.77,0.0,-11435.259396,0.0
2019-01-21,4,0,164,0.0,0.0,0.0,0.0,0.0
2019-01-21,4,0,167,0.0,0.0,0.0,0.0,0.0
2019-01-21,4,0,168,0.0,0.0,0.0,0.0,0.0
2019-01-21,4,0,169,0.0,0.0,0.0,0.0,0.0
2019-01-21,4,0,170,0.0,0.0,0.0,0.0,0.0
2019-01-21,4,0,172,0.0,0.0,0.0,0.0,0.0
2019-01-21,4,0,173,0.0,0.0,0.0,0.0,0.0
2019-01-21,4,0,188,0.0,0.0,0.0,0.0,0.0
2019-01-21,4,0,190,0.0,0.0,0.0,0.0,0.0
2019-01-21,4,0,191,0.0,0.0,0.0,0.0,0.0
2019-01-21,4,0,192,128.4,128.4,0.0,3827.390671,0.0
2019-01-21,4,0,194,176.5,176.5,0.0,-165.807663,0.0
2019-01-21,4,0,196,0.0,0.0,0.0,0.0,0.0
2019-01-21,4,0,198,0.0,0.0,0.0,0.0,0.0
2019-01-21,4,0,199,8.09,8.09,0.0,52.382619,0.0
2019-01-21,4,0,200,0.0,0.0,0.0,0.0,0.0
2019-01-21,4,0,204,857.0,857.0,0.0,6327.59763,0.0
2019-01-21,4,0,205,981.43,981.43,0.0,7366.534524,0.0
2019-01-21,4,0,206,539.94,539.94,0.0,2838.75863,0.0
2019-01-21,4,0,210,0.0,0.0,0.0,0.0,0.0
2019-01-21,4,0,214,0.0,0.0,0.0,0.0,0.0
2019-01-21,4,0,217,0.0,0.0,0.0,0.0,0.0
2019-01-21,4,0,218,0.0,0.0,0.0,0.0,0.0
2019-01-21,4,0,219,0.0,0.0,0.0,0.0,0.0
2019-01-21,4,0,221,0.0,0.0,0.0,0.0,0.0
2019-01-21,4,0,225,0.0,0.0,0.0,0.0,0.0
2019-01-21,4,0,233,0.0,0.0,0.0,0.0,0.0
2019-01-21,4,0,236,12.35,12.35,0.0,116.175499,0.0
2019-01-21,4,0,237,29.76,29.76,0.0,261.968215,0.0
2019-01-21,4,0,238,0.0,0.0,0.0,0.0,0.0
2019-01-21,4,0,240,0.0,0.0,0.0,0.0,0.0
2019-01-21,4,0,245,10.18,10.18,0.0,103.028071,0.0
2019-01-21,4,0,247,5.98,5.98,0.0,60.521401,0.0
2019-01-21,4,0,248,2.99,2.99,0.0,26.320059,0.0
2019-01-21,4,0,249,19.58,19.58,0.0,198.162047,0.0
2019-01-21,4,0,251,26.61,26.61,0.0,262.433309,0.0
2019-01-21,4,0,252,10.31,10.31,0.0,102.371612,0.0
2019-01-21,4,0,254,0.0,0.0,0.0,0.0,0.0
2019-01-21,4,0,255,0.0,0.0,0.0,0.0,0.0
2019-01-21,4,0,258,0.0,0.0,0.0,0.0,0.0
2019-01-21,4,0,260,0.0,0.0,0.0,0.0,0.0
2019-01-21,4,0,265,0.0,0.0,0.0,0.0,0.0
2019-01-21,4,0,266,97.0,97.0,0.0,649.931257,0.0
2019-01-21,4,0,267,119.2,119.2,0.0,798.67841,0.0
2019-01-21,4,0,270,320.95,320.95,0.0,-35712.236093,0.0
2019-01-21,4,0,272,129.02,129.02,0.0,-2277.970764,0.0
2019-01-21,4,0,273,0.0,0.0,0.0,-0.0,0.0
2019-01-21,4,0,274,413.74,413.74,0.0,-46037.01686,0.0
2019-01-21,4,0,275,575.93,575.93,0.0,-64083.963649,0.0
2019-01-21,4,0,276,0.0,0.0,0.0,-0.0,0.0
2019-01-21,4,0,277,0.0,0.0,0.0,-0.0,0.0
2019-01-21,4,0,278,0.0,0.0,0.0,-0.0,0.0
2019-01-21,4,0,279,176.52,176.52,0.0,-3343.713984,0.0
2019-01-21,4,0,281,6.35,6.35,0.0,33.556664,0.0
2019-01-21,4,0,282,0.0,0.0,0.0,0.0,0.0
2019-01-21,5,0,9,0.0,0.0,0.0,0.0,0.0
2019-01-21,5,0,17,0.0,0.0,0.0,0.0,0.0
2019-01-21,5,0,19,225.2,225.2,0.0,2178.676857,0.0
2019-01-21,5,0,20,273.12,273.12,0.0,2642.274526,0.0
2019-01-21,5,0,21,0.0,0.0,0.0,0.0,0.0
2019-01-21,5,0,22,0.0,0.0,0.0,0.0,0.0
2019-01-21,5,0,23,108.8,108.8,0.0,1050.831065,0.0
2019-01-21,5,0,24,192.5,192.5,0.0,1859.236948,0.0
2019-01-21,5,0,29,0.0,0.0,0.0,0.0,0.0
2019-01-21,5,0,30,0.0,0.0,0.0,0.0,0.0
2019-01-21,5,0,31,14.51,14.51,0.0,140.178763,0.0
2019-01-21,5,0,32,0.0,0.0,0.0,0.0,0.0
2019-01-21,5,0,33,0.0,0.0,0.0,0.0,0.0
2019-01-21,5,0,34,0.0,0.0,0.0,0.0,0.0
2019-01-21,5,0,35,0.0,0.0,0.0,0.0,0.0
2019-01-21,5,0,36,0.0,0.0,0.0,0.0,0.0
2019-01-21,5,0,37,0.0,0.0,0.0,0.0,0.0
2019-01-21,5,0,38,0.0,0.0,0.0,0.0,0.0
2019-01-21,5,0,39,0.0,0.0,0.0,0.0,0.0
2019-01-21,5,0,40,0.0,0.0,0.0,0.0,0.0
2019-01-21,5,0,41,116.0,116.0,0.0,1108.775011,0.0
2019-01-21,5,0,42,0.0,0.0,0.0,0.0,0.0
2019-01-21,5,0,43,0.0,0.0,0.0,0.0,0.0
2019-01-21,5,0,46,0.0,0.0,0.0,0.0,0.0
2019-01-21,5,0,52,15.38,15.38,0.0,148.583692,0.0
2019-01-21,5,0,53,24.43,24.43,0.0,236.014278,0.0
2019-01-21,5,0,55,202.96,202.96,0.0,1960.263538,0.0
2019-01-21,5,0,56,0.0,0.0,0.0,0.0,0.0
2019-01-21,5,0,57,0.0,0.0,0.0,0.0,0.0
2019-01-21,5,0,58,0.0,0.0,0.0,0.0,0.0
2019-01-21,5,0,59,0.0,0.0,0.0,0.0,0.0
2019-01-21,5,0,63,170.0,170.0,0.0,19369.035072,0.0
2019-01-21,5,0,64,200.0,200.0,0.0,22787.100085,0.0
2019-01-21,5,0,65,2.23,2.23,0.0,21.565134,0.0
2019-01-21,5,0,67,0.0,0.0,0.0,-0.0,0.0
2019-01-21,5,0,68,8.25,8.25,0.0,-3407.604176,0.0
2019-01-21,5,0,69,0.0,0.0,0.0,0.0,0.0
2019-01-21,5,0,74,12.42,12.42,0.0,118.513039,0.0
2019-01-21,5,0,77,200.0,200.0,0.0,-58553.127638,0.0
2019-01-21,5,0,78,151.2,151.2,0.0,-44266.164494,0.0
2019-01-21,5,0,79,87.5,87.5,0.0,-25616.993342,0.0
2019-01-21,5,0,80,141.5,141.5,0.0,-41426.337804,0.0
2019-01-21,5,0,81,185.0,185.0,0.0,-54161.643065,0.0
2019-01-21,5,0,82,130.5,130.5,0.0,-38205.915784,0.0
2019-01-21,5,0,83,291.0,291.0,0.0,-85194.800713,0.0
2019-01-21,5,0,84,0.0,0.0,0.0,0.0,0.0
2019-01-21,5,0,86,0.0,0.0,0.0,0.0,0.0
2019-01-21,5,0,87,0.0,0.0,0.0,0.0,0.0
2019-01-21,5,0,88,170.6,170.6,0.0,-49945.817875,0.0
2019-01-21,5,0,89,164.0,164.0,0.0,-48013.564663,0.0
2019-01-21,5,0,90,220.2,220.2,0.0,-64466.99353,0.0
2019-01-21,5,0,91,785.5,785.5,0.0,-229967.408799,0.0
2019-01-21,5,0,92,282.5,282.5,0.0,-82706.292789,0.0
2019-01-21,5,0,95,16.29,16.29,0.0,677.75208,0.0
2019-01-21,5,0,96,29.88,29.88,0.0,288.742807,0.0
2019-01-21,5,0,97,183.75,183.75,0.0,1775.6523,0.0
2019-01-21,5,0,99,2.4,2.4,0.0,22.90107,0.0
2019-01-21,5,0,101,0.0,0.0,0.0,0.0,0.0
2019-01-21,5,0,102,19.54,19.54,0.0,-8070.858861,0.0
2019-01-21,5,0,103,16.99,16.99,0.0,-7017.599388,0.0
2019-01-21,5,0,104,3.16,3.16,0.0,-1305.21566,0.0
2019-01-21,5,0,106,0.0,0.0,0.0,0.0,0.0
2019-01-21,5,0,109,200.0,200.0,0.0,1884.400777,0.0
2019-01-21,5,0,110,261.85,261.85,0.0,-261850.0,0.0
2019-01-21,5,0,111,0.0,0.0,0.0,0.0,0.0
2019-01-21,5,0,113,106.15,106.15,0.0,-27948.797314,0.0
2019-01-21,5,0,115,106.15,106.15,0.0,-27948.797314,0.0
2019-01-21,5,0,116,0.0,0.0,0.0,-0.0,0.0
2019-01-21,5,0,117,5.11,5.11,0.0,-1345.439042,0.0
2019-01-21,5,0,119,200.0,200.0,0.0,22787.100085,0.0
2019-01-21,5,0,120,117.6,117.6,0.0,13398.81485,0.0
2019-01-21,5,0,123,0.0,0.0,0.0,0.0,0.0
2019-01-21,5,0,125,174.2,174.2,0.0,1682.488709,0.0
2019-01-21,5,0,126,0.0,0.0,0.0,0.0,0.0
2019-01-21,5,0,127,0.0,0.0,0.0,0.0,0.0
2019-01-21,5,0,128,249.5,249.5,0.0,2409.764253,0.0
2019-01-21,5,0,131,30.0,30.0,0.0,-11233.637368,0.0
2019-01-21,5,0,132,44.1,44.1,0.0,-16513.446932,0.0
2019-01-21,5,0,133,8.21,8.21,0.0,79.429948,0.0
2019-01-21,5,0,134,0.0,0.0,0.0,0.0,0.0
2019-01-21,5,0,135,11.7,11.7,0.0,113.194931,0.0
2019-01-21,5,0,136,5.8,5.8,0.0,56.087434,0.0
2019-01-21,5,0,139,149.8,149.8,0.0,1431.849109,0.0
2019-01-21,5,0,140,193.8,193.8,0.0,-193800.0,0.0
2019-01-21,5,0,141,196.23,196.23,0.0,-109404.336391,0.0
2019-01-21,5,0,142,0.0,0.0,0.0,-0.0,0.0
2019-01-21,5,0,143,43.42,43.42,0.0,419.473597,0.0
2019-01-21,5,0,145,22.69,22.69,0.0,217.212656,0.0
2019-01-21,5,0,146,268.0,268.0,0.0,-268000.0,0.0
2019-01-21,5,0,152,0.0,0.0,0.0,0.0,0.0
2019-01-21,5,0,153,0.0,0.0,0.0,0.0,0.0
2019-01-21,5,0,154,0.0,0.0,0.0,0.0,0.0
2019-01-21,5,0,157,146.06,146.06,0.0,-81432.998896,0.0
2019-01-21,5,0,158,0.0,0.0,0.0,-0.0,0.0
2019-01-21,5,0,159,0.0,0.0,0.0,0.0,0.0
2019-01-21,5,0,160,0.0,0.0,0.0,0.0,0.0
2019-01-21,5,0,161,0.0,0.0,0.0,-0.0,0.0
2019-01-21,5,0,162,21.85,21.85,0.0,926.464489,0.0
2019-01-21,5,0,163,105.58,105.58,0.0,-105580.0,0.0
2019-01-21,5,0,164,0.0,0.0,0.0,0.0,0.0
2019-01-21,5,0,167,0.0,0.0,0.0,0.0,0.0
2019-01-21,5,0,168,0.0,0.0,0.0,0.0,0.0
2019-01-21,5,0,169,0.0,0.0,0.0,0.0,0.0
2019-01-21,5,0,170,0.0,0.0,0.0,0.0,0.0
2019-01-21,5,0,172,0.0,0.0,0.0,0.0,0.0
2019-01-21,5,0,173,0.0,0.0,0.0,0.0,0.0
2019-01-21,5,0,188,0.0,0.0,0.0,0.0,0.0
2019-01-21,5,0,190,0.0,0.0,0.0,0.0,0.0
2019-01-21,5,0,191,0.0,0.0,0.0,0.0,0.0
2019-01-21,5,0,192,127.33,127.33,0.0,14507.407269,0.0
2019-01-21,5,0,194,176.5,176.5,0.0,-22635.812396,0.0
2019-01-21,5,0,196,0.0,0.0,0.0,0.0,0.0
2019-01-21,5,0,198,0.0,0.0,0.0,0.0,0.0
2019-01-21,5,0,199,10.75,10.75,0.0,-340.559158,0.0
2019-01-21,5,0,200,0.0,0.0,0.0,-0.0,0.0
2019-01-21,5,0,204,857.0,857.0,0.0,8073.445716,0.0
2019-01-21,5,0,205,1058.0,1058.0,0.0,9968.480112,0.0
2019-01-21,5,0,206,539.94,539.94,0.0,5217.66369,0.0
2019-01-21,5,0,210,0.0,0.0,0.0,0.0,0.0
2019-01-21,5,0,214,0.0,0.0,0.0,0.0,0.0
2019-01-21,5,0,217,0.0,0.0,0.0,0.0,0.0
2019-01-21,5,0,218,0.0,0.0,0.0,0.0,0.0
2019-01-21,5,0,219,0.0,0.0,0.0,0.0,0.0
2019-01-21,5,0,221,0.0,0.0,0.0,0.0,0.0
2019-01-21,5,0,225,0.0,0.0,0.0,0.0,0.0
2019-01-21,5,0,233,0.0,0.0,0.0,0.0,0.0
2019-01-21,5,0,236,13.39,13.39,0.0,128.853306,0.0
2019-01-21,5,0,237,29.8,29.8,0.0,284.354957,0.0
2019-01-21,5,0,238,0.0,0.0,0.0,0.0,0.0
2019-01-21,5,0,240,0.0,0.0,0.0,0.0,0.0
2019-01-21,5,0,245,15.02,15.02,0.0,145.527514,0.0
2019-01-21,5,0,247,8.71,8.71,0.0,84.390456,0.0
2019-01-21,5,0,248,2.99,2.99,0.0,28.530917,0.0
2019-01-21,5,0,249,28.88,28.88,0.0,279.815886,0.0
2019-01-21,5,0,251,33.35,33.35,0.0,322.293957,0.0
2019-01-21,5,0,252,14.38,14.38,0.0,139.061269,0.0
2019-01-21,5,0,254,0.0,0.0,0.0,0.0,0.0
2019-01-21,5,0,255,0.0,0.0,0.0,0.0,0.0
2019-01-21,5,0,258,0.0,0.0,0.0,0.0,0.0
2019-01-21,5,0,260,0.0,0.0,0.0,0.0,0.0
2019-01-21,5,0,265,0.0,0.0,0.0,0.0,0.0
2019-01-21,5,0,266,97.0,97.0,0.0,927.165311,0.0
2019-01-21,5,0,267,119.2,119.2,0.0,1139.361908,0.0
2019-01-21,5,0,270,329.71,329.71,0.0,-329710.0,0.0
2019-01-21,5,0,272,364.92,364.92,0.0,-96081.725065,0.0
2019-01-21,5,0,273,0.0,0.0,0.0,-0.0,0.0
2019-01-21,5,0,274,425.03,425.03,0.0,-425030.0,0.0
2019-01-21,5,0,275,591.65,591.65,0.0,-591650.0,0.0
2019-01-21,5,0,276,0.0,0.0,0.0,-0.0,0.0
2019-01-21,5,0,277,0.0,0.0,0.0,-0.0,0.0
2019-01-21,5,0,278,0.0,0.0,0.0,-0.0,0.0
2019-01-21,5,0,279,260.02,260.02,0.0,-71534.216879,0.0
2019-01-21,5,0,281,6.51,6.51,0.0,62.892057,0.0
2019-01-21,5,0,282,0.0,0.0,0.0,0.0,0.0
2019-01-21,6,0,9,0.0,0.0,0.0,0.0,0.0
2019-01-21,6,0,17,0.0,0.0,0.0,0.0,0.0
2019-01-21,6,0,19,287.66,287.66,0.0,3038.263635,0.0
2019-01-21,6,0,20,348.87,348.87,0.0,3684.763382,0.0
2019-01-21,6,0,21,0.0,0.0,0.0,0.0,0.0
2019-01-21,6,0,22,0.0,0.0,0.0,0.0,0.0
2019-01-21,6,0,23,108.8,108.8,0.0,1234.947135,0.0
2019-01-21,6,0,24,192.5,192.5,0.0,2184.993783,0.0
2019-01-21,6,0,29,0.0,0.0,0.0,0.0,0.0
2019-01-21,6,0,30,0.0,0.0,0.0,0.0,0.0
2019-01-21,6,0,31,15.06,15.06,0.0,171.048428,0.0
2019-01-21,6,0,32,0.0,0.0,0.0,0.0,0.0
2019-01-21,6,0,33,0.0,0.0,0.0,0.0,0.0
2019-01-21,6,0,34,0.0,0.0,0.0,0.0,0.0
2019-01-21,6,0,35,0.0,0.0,0.0,0.0,0.0
2019-01-21,6,0,36,0.0,0.0,0.0,0.0,0.0
2019-01-21,6,0,37,0.0,0.0,0.0,0.0,0.0
2019-01-21,6,0,38,0.0,0.0,0.0,0.0,0.0
2019-01-21,6,0,39,0.0,0.0,0.0,0.0,0.0
2019-01-21,6,0,40,0.0,0.0,0.0,0.0,0.0
2019-01-21,6,0,41,116.0,116.0,0.0,1276.383821,0.0
2019-01-21,6,0,42,0.0,0.0,0.0,0.0,0.0
2019-01-21,6,0,43,0.0,0.0,0.0,0.0,0.0
2019-01-21,6,0,46,0.0,0.0,0.0,0.0,0.0
2019-01-21,6,0,52,15.96,15.96,0.0,181.270446,0.0
2019-01-21,6,0,53,25.34,25.34,0.0,287.806585,0.0
2019-01-21,6,0,55,89.36,89.36,0.0,1014.29114,0.0
2019-01-21,6,0,56,0.0,0.0,0.0,0.0,0.0
2019-01-21,6,0,57,0.0,0.0,0.0,0.0,0.0
2019-01-21,6,0,58,0.0,0.0,0.0,0.0,0.0
2019-01-21,6,0,59,0.0,0.0,0.0,0.0,0.0
2019-01-21,6,0,63,170.0,170.0,0.0,19679.074933,0.0
2019-01-21,6,0,64,200.0,200.0,0.0,23151.852862,0.0
2019-01-21,6,0,65,2.99,2.99,0.0,31.583388,0.0
2019-01-21,6,0,67,0.0,0.0,0.0,-0.0,0.0
2019-01-21,6,0,68,10.2,10.2,0.0,-4205.378132,0.0
2019-01-21,6,0,69,0.0,0.0,0.0,0.0,0.0
2019-01-21,6,0,74,12.38,12.38,0.0,131.373535,0.0
2019-01-21,6,0,77,200.0,200.0,0.0,-58378.235499,0.0
2019-01-21,6,0,78,151.2,151.2,0.0,-44133.946037,0.0
2019-01-21,6,0,79,87.5,87.5,0.0,-25540.478031,0.0
2019-01-21,6,0,80,141.5,141.5,0.0,-41302.601616,0.0
2019-01-21,6,0,81,185.0,185.0,0.0,-53999.867837,0.0
2019-01-21,6,0,82,130.5,130.5,0.0,-38091.798663,0.0
2019-01-21,6,0,83,291.0,291.0,0.0,-84940.332651,0.0
2019-01-21,6,0,84,0.0,0.0,0.0,0.0,0.0
2019-01-21,6,0,86,0.0,0.0,0.0,0.0,0.0
2019-01-21,6,0,87,0.0,0.0,0.0,0.0,0.0
2019-01-21,6,0,88,170.6,170.6,0.0,-49796.634881,0.0
2019-01-21,6,0,89,164.0,164.0,0.0,-47870.153109,0.0
2019-01-21,6,0,90,220.2,220.2,0.0,-64274.437285,0.0
2019-01-21,6,0,91,785.5,785.5,0.0,-229280.519923,0.0
2019-01-21,6,0,92,282.5,282.5,0.0,-82459.257643,0.0
2019-01-21,6,0,95,23.23,23.23,0.0,1007.959056,0.0
2019-01-21,6,0,96,29.88,29.88,0.0,339.595208,0.0
2019-01-21,6,0,97,183.75,183.75,0.0,2088.374146,0.0
2019-01-21,6,0,99,2.39,2.39,0.0,25.362096,0.0
2019-01-21,6,0,101,0.0,0.0,0.0,0.0,0.0
2019-01-21,6,0,102,24.15,24.15,0.0,-9956.851165,0.0
2019-01-21,6,0,103,21.0,21.0,0.0,-8658.131448,0.0
2019-01-21,6,0,104,3.9,3.9,0.0,-1607.938698,0.0
2019-01-21,6,0,106,0.0,0.0,0.0,0.0,0.0
2019-01-21,6,0,109,200.0,200.0,0.0,2141.736451,0.0
2019-01-21,6,0,110,338.6,338.6,0.0,-338600.0,0.0
2019-01-21,6,0,111,0.0,0.0,0.0,0.0,0.0
2019-01-21,6,0,113,137.43,137.43,0.0,-36045.603986,0.0
2019-01-21,6,0,115,137.43,137.43,0.0,-36045.603986,0.0
2019-01-21,6,0,116,0.0,0.0,0.0,-0.0,0.0
2019-01-21,6,0,117,5.45,5.45,0.0,-1429.444384,0.0
2019-01-21,6,0,119,200.0,200.0,0.0,23151.852862,0.0
2019-01-21,6,0,120,117.6,117.6,0.0,13613.289483,0.0
2019-01-21,6,0,123,0.0,0.0,0.0,0.0,0.0
2019-01-21,6,0,125,174.2,174.2,0.0,1977.27749,0.0
2019-01-21,6,0,126,0.0,0.0,0.0,0.0,0.0
2019-01-21,6,0,127,0.0,0.0,0.0,0.0,0.0
2019-01-21,6,0,128,249.5,249.5,0.0,2831.978954,0.0
2019-01-21,6,0,131,30.0,30.0,0.0,-11209.627561,0.0
2019-01-21,6,0,132,44.1,44.1,0.0,-16478.152514,0.0
2019-01-21,6,0,133,9.46,9.46,0.0,99.915577,0.0
2019-01-21,6,0,134,0.0,0.0,0.0,0.0,0.0
2019-01-21,6,0,135,12.68,12.68,0.0,133.924896,0.0
2019-01-21,6,0,136,7.04,7.04,0.0,74.363954,0.0
2019-01-21,6,0,139,149.8,149.8,0.0,1648.295659,0.0
2019-01-21,6,0,140,250.6,250.6,0.0,-250600.0,0.0
2019-01-21,6,0,141,229.59,229.59,0.0,-127873.605016,0.0
2019-01-21,6,0,142,0.0,0.0,0.0,-0.0,0.0
2019-01-21,6,0,143,81.04,81.04,0.0,920.435897,0.0
2019-01-21,6,0,145,30.0,30.0,0.0,333.520643,0.0
2019-01-21,6,0,146,268.0,268.0,0.0,-268000.0,0.0
2019-01-21,6,0,152,0.0,0.0,0.0,0.0,0.0
2019-01-21,6,0,153,0.0,0.0,0.0,0.0,0.0
2019-01-21,6,0,154,0.0,0.0,0.0,0.0,0.0
2019-01-21,6,0,157,154.21,154.21,0.0,-85889.579814,0.0
2019-01-21,6,0,158,0.0,0.0,0.0,-0.0,0.0
2019-01-21,6,0,159,0.0,0.0,0.0,0.0,0.0
2019-01-21,6,0,160,0.0,0.0,0.0,0.0,0.0
2019-01-21,6,0,161,0.0,0.0,0.0,-0.0,0.0
2019-01-21,6,0,162,28.36,28.36,0.0,1253.115906,0.0
2019-01-21,6,0,163,116.99,116.99,0.0,-116990.0,0.0
2019-01-21,6,0,164,0.0,0.0,0.0,0.0,0.0
2019-01-21,6,0,167,0.0,0.0,0.0,0.0,0.0
2019-01-21,6,0,168,0.0,0.0,0.0,0.0,0.0
2019-01-21,6,0,169,0.0,0.0,0.0,0.0,0.0
2019-01-21,6,0,170,0.0,0.0,0.0,0.0,0.0
2019-01-21,6,0,172,0.0,0.0,0.0,0.0,0.0
2019-01-21,6,0,173,0.0,0.0,0.0,0.0,0.0
2019-01-21,6,0,188,0.0,0.0,0.0,0.0,0.0
2019-01-21,6,0,190,0.0,0.0,0.0,0.0,0.0
2019-01-21,6,0,191,0.0,0.0,0.0,0.0,0.0
2019-01-21,6,0,192,130.58,130.58,0.0,15115.844733,0.0
2019-01-21,6,0,194,176.5,176.5,0.0,-22410.27936,0.0
2019-01-21,6,0,196,0.0,0.0,0.0,0.0,0.0
2019-01-21,6,0,198,0.0,0.0,0.0,0.0,0.0
2019-01-21,6,0,199,13.95,13.95,0.0,-434.810342,0.0
2019-01-21,6,0,200,0.0,0.0,0.0,-0.0,0.0
2019-01-21,6,0,204,857.0,857.0,0.0,9191.26669,0.0
2019-01-21,6,0,205,1058.0,1058.0,0.0,11329.785824,0.0
2019-01-21,6,0,206,539.94,539.94,0.0,6136.580877,0.0
2019-01-21,6,0,210,0.0,0.0,0.0,0.0,0.0
2019-01-21,6,0,214,0.0,0.0,0.0,0.0,0.0
2019-01-21,6,0,217,0.0,0.0,0.0,0.0,0.0
2019-01-21,6,0,218,0.0,0.0,0.0,0.0,0.0
2019-01-21,6,0,219,0.0,0.0,0.0,0.0,0.0
2019-01-21,6,0,221,0.0,0.0,0.0,0.0,0.0
2019-01-21,6,0,225,0.0,0.0,0.0,0.0,0.0
2019-01-21,6,0,233,0.0,0.0,0.0,0.0,0.0
2019-01-21,6,0,236,14.38,14.38,0.0,152.035345,0.0
2019-01-21,6,0,237,29.69,29.69,0.0,315.063025,0.0
2019-01-21,6,0,238,0.0,0.0,0.0,0.0,0.0
2019-01-21,6,0,240,0.0,0.0,0.0,0.0,0.0
2019-01-21,6,0,245,21.29,21.29,0.0,224.785763,0.0
2019-01-21,6,0,247,12.44,12.44,0.0,131.344993,0.0
2019-01-21,6,0,248,2.98,2.98,0.0,31.623032,0.0
2019-01-21,6,0,249,40.94,40.94,0.0,432.255949,0.0
2019-01-21,6,0,251,41.43,41.43,0.0,437.694089,0.0
2019-01-21,6,0,252,19.27,19.27,0.0,203.549129,0.0
2019-01-21,6,0,254,0.0,0.0,0.0,0.0,0.0
2019-01-21,6,0,255,0.0,0.0,0.0,0.0,0.0
2019-01-21,6,0,258,0.0,0.0,0.0,0.0,0.0
2019-01-21,6,0,260,0.0,0.0,0.0,0.0,0.0
2019-01-21,6,0,265,0.0,0.0,0.0,0.0,0.0
2019-01-21,6,0,266,97.0,97.0,0.0,1067.320954,0.0
2019-01-21,6,0,267,119.2,119.2,0.0,1311.594409,0.0
2019-01-21,6,0,270,365.35,365.35,0.0,-365350.0,0.0
2019-01-21,6,0,272,484.95,484.95,0.0,-127194.321857,0.0
2019-01-21,6,0,273,0.0,0.0,0.0,-0.0,0.0
2019-01-21,6,0,274,470.97,470.97,0.0,-470970.0,0.0
2019-01-21,6,0,275,655.6,655.6,0.0,-655600.0,0.0
2019-01-21,6,0,276,0.0,0.0,0.0,-0.0,0.0
2019-01-21,6,0,277,0.0,0.0,0.0,-0.0,0.0
2019-01-21,6,0,278,0.0,0.0,0.0,-0.0,0.0
2019-01-21,6,0,279,264.6,264.6,0.0,-72541.047792,0.0
2019-01-21,6,0,281,6.77,6.77,0.0,76.892288,0.0
2019-01-21,6,0,282,0.0,0.0,0.0,0.0,0.0
2019-01-21,7,0,9,0.0,0.0,0.0,0.0,0.0
2019-01-21,7,0,17,0.0,0.0,0.0,0.0,0.0
2019-01-21,7,0,19,361.49,361.49,0.0,4131.754905,0.0
2019-01-21,7,0,20,438.41,438.41,0.0,5010.934377,0.0
2019-01-21,7,0,21,0.0,0.0,0.0,0.0,0.0
2019-01-21,7,0,22,0.0,0.0,0.0,0.0,0.0
2019-01-21,7,0,23,108.8,108.8,0.0,1348.998024,0.0
2019-01-21,7,0,24,192.5,192.5,0.0,2386.784187,0.0
2019-01-21,7,0,29,0.0,0.0,0.0,0.0,0.0
2019-01-21,7,0,30,0.0,0.0,0.0,0.0,0.0
2019-01-21,7,0,31,38.52,38.52,0.0,477.912438,0.0
2019-01-21,7,0,32,0.0,0.0,0.0,0.0,0.0
2019-01-21,7,0,33,0.0,0.0,0.0,0.0,0.0
2019-01-21,7,0,34,0.0,0.0,0.0,0.0,0.0
2019-01-21,7,0,35,0.0,0.0,0.0,0.0,0.0
2019-01-21,7,0,36,0.0,0.0,0.0,0.0,0.0
2019-01-21,7,0,37,0.0,0.0,0.0,0.0,0.0
2019-01-21,7,0,38,0.0,0.0,0.0,0.0,0.0
2019-01-21,7,0,39,0.0,0.0,0.0,0.0,0.0
2019-01-21,7,0,40,0.0,0.0,0.0,0.0,0.0
2019-01-21,7,0,41,85.72,85.72,0.0,1029.107488,0.0
2019-01-21,7,0,42,0.0,0.0,0.0,0.0,0.0
2019-01-21,7,0,43,0.0,0.0,0.0,0.0,0.0
2019-01-21,7,0,46,0.0,0.0,0.0,0.0,0.0
2019-01-21,7,0,52,40.84,40.84,0.0,506.696364,0.0
2019-01-21,7,0,53,64.9,64.9,0.0,805.205535,0.0
2019-01-21,7,0,55,96.74,96.74,0.0,1199.467544,0.0
2019-01-21,7,0,56,0.0,0.0,0.0,0.0,0.0
2019-01-21,7,0,57,0.0,0.0,0.0,0.0,0.0
2019-01-21,7,0,58,0.0,0.0,0.0,0.0,0.0
2019-01-21,7,0,59,0.0,0.0,0.0,0.0,0.0
2019-01-21,7,0,63,170.0,170.0,0.0,19693.098085,0.0
2019-01-21,7,0,64,200.0,200.0,0.0,23168.350688,0.0
2019-01-21,7,0,65,3.93,3.93,0.0,44.930871,0.0
2019-01-21,7,0,67,0.0,0.0,0.0,-0.0,0.0
2019-01-21,7,0,68,10.2,10.2,0.0,-4204.746826,0.0
2019-01-21,7,0,69,0.0,0.0,0.0,0.0,0.0
2019-01-21,7,0,74,12.34,12.34,0.0,142.341189,0.0
2019-01-21,7,0,77,200.0,200.0,0.0,-58364.347347,0.0
2019-01-21,7,0,78,151.2,151.2,0.0,-44123.446594,0.0
2019-01-21,7,0,79,87.5,87.5,0.0,-25534.401964,0.0
2019-01-21,7,0,80,141.5,141.5,0.0,-41292.775748,0.0
2019-01-21,7,0,81,185.0,185.0,0.0,-53987.021296,0.0
2019-01-21,7,0,82,130.5,130.5,0.0,-38082.736644,0.0
2019-01-21,7,0,83,291.0,291.0,0.0,-84920.12539,0.0
2019-01-21,7,0,84,0.0,0.0,0.0,0.0,0.0
2019-01-21,7,0,86,0.0,0.0,0.0,0.0,0.0
2019-01-21,7,0,87,0.0,0.0,0.0,0.0,0.0
2019-01-21,7,0,88,170.6,170.6,0.0,-49784.788287,0.0
2019-01-21,7,0,89,164.0,164.0,0.0,-47858.764825,0.0
2019-01-21,7,0,90,220.2,220.2,0.0,-64259.146429,0.0
2019-01-21,7,0,91,785.5,785.5,0.0,-229225.974206,0.0
2019-01-21,7,0,92,282.5,282.5,0.0,-82439.640628,0.0
2019-01-21,7,0,95,32.18,32.18,0.0,1398.121708,0.0
2019-01-21,7,0,96,29.88,29.88,0.0,370.966509,0.0
2019-01-21,7,0,97,183.75,183.75,0.0,2281.29505,0.0
2019-01-21,7,0,99,2.38,2.38,0.0,27.453163,0.0
2019-01-21,7,0,101,0.0,0.0,0.0,0.0,0.0
2019-01-21,7,0,102,24.15,24.15,0.0,-9955.356455,0.0
2019-01-21,7,0,103,21.0,21.0,0.0,-8656.8317,0.0
2019-01-21,7,0,104,3.9,3.9,0.0,-1607.697316,0.0
2019-01-21,7,0,106,0.0,0.0,0.0,0.0,0.0
2019-01-21,7,0,109,200.0,200.0,0.0,2338.104821,0.0
2019-01-21,7,0,110,338.6,338.6,0.0,-338600.0,0.0
2019-01-21,7,0,111,0.0,0.0,0.0,0.0,0.0
2019-01-21,7,0,113,75.93,75.93,0.0,-19908.38745,0.0
2019-01-21,7,0,115,75.93,75.93,0.0,-19908.38745,0.0
2019-01-21,7,0,116,0.0,0.0,0.0,-0.0,0.0
2019-01-21,7,0,117,3.11,3.11,0.0,-815.423218,0.0
2019-01-21,7,0,119,200.0,200.0,0.0,23168.350688,0.0
2019-01-21,7,0,120,117.6,117.6,0.0,13622.990205,0.0
2019-01-21,7,0,123,0.0,0.0,0.0,0.0,0.0
2019-01-21,7,0,125,174.2,174.2,0.0,2159.884703,0.0
2019-01-21,7,0,126,0.0,0.0,0.0,0.0,0.0
2019-01-21,7,0,127,0.0,0.0,0.0,0.0,0.0
2019-01-21,7,0,128,249.5,249.5,0.0,3093.520284,0.0
2019-01-21,7,0,131,30.0,30.0,0.0,-11207.648706,0.0
2019-01-21,7,0,132,44.1,44.1,0.0,-16475.243599,0.0
2019-01-21,7,0,133,12.74,12.74,0.0,145.611926,0.0
2019-01-21,7,0,134,0.0,0.0,0.0,0.0,0.0
2019-01-21,7,0,135,17.08,17.08,0.0,195.215989,0.0
2019-01-21,7,0,136,8.52,8.52,0.0,97.408788,0.0
2019-01-21,7,0,139,110.71,110.71,0.0,1329.123774,0.0
2019-01-21,7,0,140,250.6,250.6,0.0,-250600.0,0.0
2019-01-21,7,0,141,230.0,230.0,0.0,-128091.229585,0.0
2019-01-21,7,0,142,0.0,0.0,0.0,-0.0,0.0
2019-01-21,7,0,143,63.79,63.79,0.0,791.433915,0.0
2019-01-21,7,0,145,30.0,30.0,0.0,364.24175,0.0
2019-01-21,7,0,146,268.0,268.0,0.0,-268000.0,0.0
2019-01-21,7,0,152,0.0,0.0,0.0,0.0,0.0
2019-01-21,7,0,153,0.0,0.0,0.0,0.0,0.0
2019-01-21,7,0,154,0.0,0.0,0.0,0.0,0.0
2019-01-21,7,0,157,165.47,165.47,0.0,-92153.285911,0.0
2019-01-21,7,0,158,0.0,0.0,0.0,-0.0,0.0
2019-01-21,7,0,159,0.0,0.0,0.0,0.0,0.0
2019-01-21,7,0,160,0.0,0.0,0.0,0.0,0.0
2019-01-21,7,0,161,0.0,0.0,0.0,-0.0,0.0
2019-01-21,7,0,162,36.31,36.31,0.0,1606.462698,0.0
2019-01-21,7,0,163,138.88,138.88,0.0,-138880.0,0.0
2019-01-21,7,0,164,0.0,0.0,0.0,0.0,0.0
2019-01-21,7,0,167,0.0,0.0,0.0,0.0,0.0
2019-01-21,7,0,168,0.0,0.0,0.0,0.0,0.0
2019-01-21,7,0,169,0.0,0.0,0.0,0.0,0.0
2019-01-21,7,0,170,0.0,0.0,0.0,0.0,0.0
2019-01-21,7,0,172,0.0,0.0,0.0,0.0,0.0
2019-01-21,7,0,173,0.0,0.0,0.0,0.0,0.0
2019-01-21,7,0,188,0.0,0.0,0.0,0.0,0.0
2019-01-21,7,0,190,0.0,0.0,0.0,0.0,0.0
2019-01-21,7,0,191,0.0,0.0,0.0,0.0,0.0
2019-01-21,7,0,192,138.56,138.56,0.0,16051.033357,0.0
2019-01-21,7,0,194,176.5,176.5,0.0,-22389.207558,0.0
2019-01-21,7,0,196,0.0,0.0,0.0,0.0,0.0
2019-01-21,7,0,198,0.0,0.0,0.0,0.0,0.0
2019-01-21,7,0,199,17.77,17.77,0.0,-538.729394,0.0
2019-01-21,7,0,200,0.0,0.0,0.0,-0.0,0.0
2019-01-21,7,0,204,857.0,857.0,0.0,10037.034867,0.0
2019-01-21,7,0,205,1058.0,1058.0,0.0,12368.574506,0.0
2019-01-21,7,0,206,539.94,539.94,0.0,6703.469112,0.0
2019-01-21,7,0,210,0.0,0.0,0.0,0.0,0.0
2019-01-21,7,0,214,0.0,0.0,0.0,0.0,0.0
2019-01-21,7,0,217,0.0,0.0,0.0,0.0,0.0
2019-01-21,7,0,218,0.0,0.0,0.0,0.0,0.0
2019-01-21,7,0,219,0.0,0.0,0.0,0.0,0.0
2019-01-21,7,0,221,0.0,0.0,0.0,0.0,0.0
2019-01-21,7,0,225,0.0,0.0,0.0,0.0,0.0
2019-01-21,7,0,233,0.0,0.0,0.0,0.0,0.0
2019-01-21,7,0,236,15.41,15.41,0.0,176.723899,0.0
2019-01-21,7,0,237,29.59,29.59,0.0,341.318944,0.0
2019-01-21,7,0,238,0.0,0.0,0.0,0.0,0.0
2019-01-21,7,0,240,0.0,0.0,0.0,0.0,0.0
2019-01-21,7,0,245,29.25,29.25,0.0,333.998548,0.0
2019-01-21,7,0,247,17.09,17.09,0.0,195.146502,0.0
2019-01-21,7,0,248,2.97,2.97,0.0,34.258779,0.0
2019-01-21,7,0,249,56.25,56.25,0.0,642.304899,0.0
2019-01-21,7,0,251,50.66,50.66,0.0,579.434854,0.0
2019-01-21,7,0,252,25.37,25.37,0.0,290.049923,0.0
2019-01-21,7,0,254,0.0,0.0,0.0,0.0,0.0
2019-01-21,7,0,255,0.0,0.0,0.0,0.0,0.0
2019-01-21,7,0,258,0.0,0.0,0.0,0.0,0.0
2019-01-21,7,0,260,0.0,0.0,0.0,0.0,0.0
2019-01-21,7,0,265,0.0,0.0,0.0,0.0,0.0
2019-01-21,7,0,266,71.67,71.67,0.0,860.430864,0.0
2019-01-21,7,0,267,88.09,88.09,0.0,1057.560413,0.0
2019-01-21,7,0,270,433.73,433.73,0.0,-433730.0,0.0
2019-01-21,7,0,272,270.16,270.16,0.0,-70834.320472,0.0
2019-01-21,7,0,273,0.0,0.0,0.0,-0.0,0.0
2019-01-21,7,0,274,559.12,559.12,0.0,-559120.0,0.0
2019-01-21,7,0,275,778.31,778.31,0.0,-778310.0,0.0
2019-01-21,7,0,276,0.0,0.0,0.0,-0.0,0.0
2019-01-21,7,0,277,0.0,0.0,0.0,-0.0,0.0
2019-01-21,7,0,278,0.0,0.0,0.0,-0.0,0.0
2019-01-21,7,0,279,264.6,264.6,0.0,-72519.507916,0.0
2019-01-21,7,0,281,17.27,17.27,0.0,214.266558,0.0
2019-01-21,7,0,282,0.0,0.0,0.0,0.0,0.0
2019-01-21,8,0,9,0.0,0.0,0.0,0.0,0.0
2019-01-21,8,0,17,0.0,0.0,0.0,0.0,0.0
2019-01-21,8,0,19,320.49,320.49,0.0,3763.144248,0.0
2019-01-21,8,0,20,398.87,398.87,0.0,4683.470144,0.0
2019-01-21,8,0,21,0.0,0.0,0.0,0.0,0.0
2019-01-21,8,0,22,0.0,0.0,0.0,0.0,0.0
2019-01-21,8,0,23,108.8,108.8,0.0,1349.131803,0.0
2019-01-21,8,0,24,192.5,192.5,0.0,2387.020883,0.0
2019-01-21,8,0,29,0.0,0.0,0.0,0.0,0.0
2019-01-21,8,0,30,0.0,0.0,0.0,0.0,0.0
2019-01-21,8,0,31,11.98,11.98,0.0,148.634242,0.0
2019-01-21,8,0,32,0.0,0.0,0.0,0.0,0.0
2019-01-21,8,0,33,0.0,0.0,0.0,0.0,0.0
2019-01-21,8,0,34,0.0,0.0,0.0,0.0,0.0
2019-01-21,8,0,35,0.0,0.0,0.0,0.0,0.0
2019-01-21,8,0,36,0.0,0.0,0.0,0.0,0.0
2019-01-21,8,0,37,0.0,0.0,0.0,0.0,0.0
2019-01-21,8,0,38,0.0,0.0,0.0,0.0,0.0
2019-01-21,8,0,39,0.0,0.0,0.0,0.0,0.0
2019-01-21,8,0,40,0.0,0.0,0.0,0.0,0.0
2019-01-21,8,0,41,34.8,34.8,0.0,420.377401,0.0
2019-01-21,8,0,42,0.0,0.0,0.0,0.0,0.0
2019-01-21,8,0,43,0.0,0.0,0.0,0.0,0.0
2019-01-21,8,0,46,0.0,0.0,0.0,0.0,0.0
2019-01-21,8,0,52,12.69,12.69,0.0,157.443116,0.0
2019-01-21,8,0,53,20.17,20.17,0.0,250.246466,0.0
2019-01-21,8,0,55,115.05,115.05,0.0,1426.632481,0.0
2019-01-21,8,0,56,0.0,0.0,0.0,0.0,0.0
2019-01-21,8,0,57,0.0,0.0,0.0,0.0,0.0
2019-01-21,8,0,58,0.0,0.0,0.0,0.0,0.0
2019-01-21,8,0,59,0.0,0.0,0.0,0.0,0.0
2019-01-21,8,0,63,96.01,96.01,0.0,11546.972655,0.0
2019-01-21,8,0,64,112.86,112.86,0.0,13573.495822,0.0
2019-01-21,8,0,65,2.82,2.82,0.0,33.109864,0.0
2019-01-21,8,0,67,0.0,0.0,0.0,-0.0,0.0
2019-01-21,8,0,68,10.2,10.2,0.0,-4174.802681,0.0
2019-01-21,8,0,69,0.0,0.0,0.0,0.0,0.0
2019-01-21,8,0,74,11.22,11.22,0.0,131.759615,0.0
2019-01-21,8,0,77,147.17,147.17,0.0,-42425.664758,0.0
2019-01-21,8,0,78,111.12,111.12,0.0,-32033.293931,0.0
2019-01-21,8,0,79,64.1,64.1,0.0,-18478.528987,0.0
2019-01-21,8,0,80,103.96,103.96,0.0,-29969.233595,0.0
2019-01-21,8,0,81,136.09,136.09,0.0,-39231.560215,0.0
2019-01-21,8,0,82,95.84,95.84,0.0,-27628.427739,0.0
2019-01-21,8,0,83,214.4,214.4,0.0,-61806.49945,0.0
2019-01-21,8,0,84,0.0,0.0,0.0,0.0,0.0
2019-01-21,8,0,86,0.0,0.0,0.0,0.0,0.0
2019-01-21,8,0,87,0.0,0.0,0.0,0.0,0.0
2019-01-21,8,0,88,123.33,123.33,0.0,-35553.151013,0.0
2019-01-21,8,0,89,119.02,119.02,0.0,-34310.678939,0.0
2019-01-21,8,0,90,155.3,155.3,0.0,-44769.35338,0.0
2019-01-21,8,0,91,486.84,486.84,0.0,-140344.571793,0.0
2019-01-21,8,0,92,194.81,194.81,0.0,-56159.161184,0.0
2019-01-21,8,0,95,36.0,36.0,0.0,807.470518,0.0
2019-01-21,8,0,96,29.88,29.88,0.0,370.928112,0.0
2019-01-21,8,0,97,183.75,183.75,0.0,2281.058923,0.0
2019-01-21,8,0,99,2.17,2.17,0.0,25.48292,0.0
2019-01-21,8,0,101,0.0,0.0,0.0,0.0,0.0
2019-01-21,8,0,102,24.15,24.15,0.0,-9884.459289,0.0
2019-01-21,8,0,103,21.0,21.0,0.0,-8595.18199,0.0
2019-01-21,8,0,104,3.9,3.9,0.0,-1596.248084,0.0
2019-01-21,8,0,106,0.0,0.0,0.0,0.0,0.0
2019-01-21,8,0,109,200.0,200.0,0.0,2358.189665,0.0
2019-01-21,8,0,110,338.6,338.6,0.0,-338600.0,0.0
2019-01-21,8,0,111,0.0,0.0,0.0,0.0,0.0
2019-01-21,8,0,113,141.55,141.55,0.0,-36594.537376,0.0
2019-01-21,8,0,115,141.55,141.55,0.0,-36594.537376,0.0
2019-01-21,8,0,116,0.0,0.0,0.0,-0.0,0.0
2019-01-21,8,0,117,7.33,7.33,0.0,-1895.005009,0.0
2019-01-21,8,0,119,112.86,112.86,0.0,13573.495822,0.0
2019-01-21,8,0,120,66.59,66.59,0.0,8008.675233,0.0
2019-01-21,8,0,123,0.0,0.0,0.0,0.0,0.0
2019-01-21,8,0,125,174.2,174.2,0.0,2160.098898,0.0
2019-01-21,8,0,126,0.0,0.0,0.0,0.0,0.0
2019-01-21,8,0,127,0.0,0.0,0.0,0.0,0.0
2019-01-21,8,0,128,249.5,249.5,0.0,3093.827067,0.0
2019-01-21,8,0,131,30.0,30.0,0.0,-11113.787636,0.0
2019-01-21,8,0,132,44.1,44.1,0.0,-16337.267824,0.0
2019-01-21,8,0,133,11.96,11.96,0.0,140.433335,0.0
2019-01-21,8,0,134,0.0,0.0,0.0,0.0,0.0
2019-01-21,8,0,135,16.02,16.02,0.0,188.105521,0.0
2019-01-21,8,0,136,6.73,6.73,0.0,79.017231,0.0
2019-01-21,8,0,139,44.94,44.94,0.0,542.866678,0.0
2019-01-21,8,0,140,250.6,250.6,0.0,-250600.0,0.0
2019-01-21,8,0,141,230.0,230.0,0.0,-127582.231739,0.0
2019-01-21,8,0,142,0.0,0.0,0.0,-0.0,0.0
2019-01-21,8,0,143,17.03,17.03,0.0,211.28891,0.0
2019-01-21,8,0,145,30.0,30.0,0.0,365.365121,0.0
2019-01-21,8,0,146,268.0,268.0,0.0,-268000.0,0.0
2019-01-21,8,0,152,0.0,0.0,0.0,0.0,0.0
2019-01-21,8,0,153,0.0,0.0,0.0,0.0,0.0
2019-01-21,8,0,154,0.0,0.0,0.0,0.0,0.0
2019-01-21,8,0,157,193.93,193.93,0.0,-107574.00957,0.0
2019-01-21,8,0,158,0.0,0.0,0.0,-0.0,0.0
2019-01-21,8,0,159,0.0,0.0,0.0,0.0,0.0
2019-01-21,8,0,160,0.0,0.0,0.0,0.0,0.0
2019-01-21,8,0,161,0.0,0.0,0.0,-0.0,0.0
2019-01-21,8,0,162,48.75,48.75,0.0,1131.410983,0.0
2019-01-21,8,0,163,183.33,183.33,0.0,-183330.0,0.0
2019-01-21,8,0,164,0.0,0.0,0.0,0.0,0.0
2019-01-21,8,0,167,0.0,0.0,0.0,0.0,0.0
2019-01-21,8,0,168,0.0,0.0,0.0,0.0,0.0
2019-01-21,8,0,169,0.0,0.0,0.0,0.0,0.0
2019-01-21,8,0,170,0.0,0.0,0.0,0.0,0.0
2019-01-21,8,0,172,0.0,0.0,0.0,0.0,0.0
2019-01-21,8,0,173,0.0,0.0,0.0,0.0,0.0
2019-01-21,8,0,188,0.0,0.0,0.0,0.0,0.0
2019-01-21,8,0,190,0.0,0.0,0.0,0.0,0.0
2019-01-21,8,0,191,0.0,0.0,0.0,0.0,0.0
2019-01-21,8,0,192,189.38,189.38,0.0,6141.130767,0.0
2019-01-21,8,0,194,176.5,176.5,0.0,-21627.084523,0.0
2019-01-21,8,0,196,0.0,0.0,0.0,0.0,0.0
2019-01-21,8,0,198,0.0,0.0,0.0,0.0,0.0
2019-01-21,8,0,199,25.0,25.0,0.0,-733.851037,0.0
2019-01-21,8,0,200,0.0,0.0,0.0,-0.0,0.0
2019-01-21,8,0,204,856.99,856.99,0.0,10115.307239,0.0
2019-01-21,8,0,205,1058.0,1058.0,0.0,12474.823327,0.0
2019-01-21,8,0,206,539.94,539.94,0.0,6702.775264,0.0
2019-01-21,8,0,210,0.0,0.0,0.0,0.0,0.0
2019-01-21,8,0,214,0.0,0.0,0.0,0.0,0.0
2019-01-21,8,0,217,0.0,0.0,0.0,0.0,0.0
2019-01-21,8,0,218,0.0,0.0,0.0,0.0,0.0
2019-01-21,8,0,219,0.0,0.0,0.0,0.0,0.0
2019-01-21,8,0,221,0.0,0.0,0.0,0.0,0.0
2019-01-21,8,0,225,0.0,0.0,0.0,0.0,0.0
2019-01-21,8,0,233,0.0,0.0,0.0,0.0,0.0
2019-01-21,8,0,236,12.07,12.07,0.0,141.554772,0.0
2019-01-21,8,0,237,26.91,26.91,0.0,316.011698,0.0
2019-01-21,8,0,238,0.0,0.0,0.0,0.0,0.0
2019-01-21,8,0,240,0.0,0.0,0.0,0.0,0.0
2019-01-21,8,0,245,24.63,24.63,0.0,289.270473,0.0
2019-01-21,8,0,247,12.64,12.64,0.0,148.452245,0.0
2019-01-21,8,0,248,2.7,2.7,0.0,31.706859,0.0
2019-01-21,8,0,249,47.37,47.37,0.0,556.343578,0.0
2019-01-21,8,0,251,33.4,33.4,0.0,392.110628,0.0
2019-01-21,8,0,252,18.16,18.16,0.0,213.218129,0.0
2019-01-21,8,0,254,0.0,0.0,0.0,0.0,0.0
2019-01-21,8,0,255,0.0,0.0,0.0,0.0,0.0
2019-01-21,8,0,258,0.0,0.0,0.0,0.0,0.0
2019-01-21,8,0,260,0.0,0.0,0.0,0.0,0.0
2019-01-21,8,0,265,0.0,0.0,0.0,0.0,0.0
2019-01-21,8,0,266,29.1,29.1,0.0,351.522482,0.0
2019-01-21,8,0,267,35.76,35.76,0.0,431.974019,0.0
2019-01-21,8,0,270,572.54,572.54,0.0,-572540.0,0.0
2019-01-21,8,0,272,490.05,490.05,0.0,-126691.296652,0.0
2019-01-21,8,0,273,0.0,0.0,0.0,-0.0,0.0
2019-01-21,8,0,274,738.08,738.08,0.0,-738080.0,0.0
2019-01-21,8,0,275,1027.42,1027.42,0.0,-1027420.0,0.0
2019-01-21,8,0,276,0.0,0.0,0.0,-0.0,0.0
2019-01-21,8,0,277,0.0,0.0,0.0,-0.0,0.0
2019-01-21,8,0,278,0.0,0.0,0.0,-0.0,0.0
2019-01-21,8,0,279,264.6,264.6,0.0,-71562.197073,0.0
2019-01-21,8,0,281,5.37,5.37,0.0,66.624865,0.0
2019-01-21,8,0,282,0.0,0.0,0.0,0.0,0.0
2019-01-21,9,0,9,0.15,0.15,0.0,1.703123,0.0
2019-01-21,9,0,17,8.64,8.64,0.0,96.227753,0.0
2019-01-21,9,0,19,237.1,237.1,0.0,2640.694475,0.0
2019-01-21,9,0,20,294.42,294.42,0.0,3279.094337,0.0
2019-01-21,9,0,21,3.38,3.38,0.0,38.377031,0.0
2019-01-21,9,0,22,12.02,12.02,0.0,136.476898,0.0
2019-01-21,9,0,23,108.8,108.8,0.0,1235.331658,0.0
2019-01-21,9,0,24,192.5,192.5,0.0,2185.67412,0.0
2019-01-21,9,0,29,1.59,1.59,0.0,12.394902,0.0
2019-01-21,9,0,30,23.9,23.9,0.0,271.451357,0.0
2019-01-21,9,0,31,12.01,12.01,0.0,136.407146,0.0
2019-01-21,9,0,32,0.65,0.65,0.0,34.25892,0.0
2019-01-21,9,0,33,0.46,0.46,0.0,5.160226,0.0
2019-01-21,9,0,34,0.74,0.74,0.0,8.301233,0.0
2019-01-21,9,0,35,0.74,0.74,0.0,8.301233,0.0
2019-01-21,9,0,36,1.46,1.46,0.0,15.875637,0.0
2019-01-21,9,0,37,0.69,0.69,0.0,7.486225,0.0
2019-01-21,9,0,38,0.89,0.89,0.0,9.656145,0.0
2019-01-21,9,0,39,0.6,0.6,0.0,6.509761,0.0
2019-01-21,9,0,40,0.6,0.6,0.0,6.509761,0.0
2019-01-21,9,0,41,34.8,34.8,0.0,389.483864,0.0
2019-01-21,9,0,42,9.07,9.07,0.0,100.858773,0.0
2019-01-21,9,0,43,4.63,4.63,0.0,49.724465,0.0
2019-01-21,9,0,46,3.77,3.77,0.0,40.971234,0.0
2019-01-21,9,0,52,12.75,12.75,0.0,144.811916,0.0
2019-01-21,9,0,53,20.36,20.36,0.0,231.244754,0.0
2019-01-21,9,0,55,136.86,136.86,0.0,1553.929143,0.0
2019-01-21,9,0,56,7.05,7.05,0.0,80.072471,0.0
2019-01-21,9,0,57,6.7,6.7,0.0,76.097242,0.0
2019-01-21,9,0,58,12.89,12.89,0.0,146.402008,0.0
2019-01-21,9,0,59,12.68,12.68,0.0,144.01687,0.0
2019-01-21,9,0,63,51.0,51.0,0.0,6133.301981,0.0
2019-01-21,9,0,64,60.0,60.0,0.0,7215.649389,0.0
2019-01-21,9,0,65,1.96,1.96,0.0,21.823098,0.0
2019-01-21,9,0,67,11.55,11.55,0.0,-6405.941292,0.0
2019-01-21,9,0,68,19.12,19.12,0.0,-7823.719951,0.0
2019-01-21,9,0,69,0.46,0.46,0.0,5.160226,0.0
2019-01-21,9,0,74,10.22,10.22,0.0,113.066041,0.0
2019-01-21,9,0,77,60.0,60.0,0.0,-17287.868189,0.0
2019-01-21,9,0,78,45.36,45.36,0.0,-13069.628351,0.0
2019-01-21,9,0,79,26.25,26.25,0.0,-7563.442333,0.0
2019-01-21,9,0,80,42.45,42.45,0.0,-12231.166744,0.0
2019-01-21,9,0,81,55.5,55.5,0.0,-15991.278075,0.0
2019-01-21,9,0,82,39.15,39.15,0.0,-11280.333993,0.0
2019-01-21,9,0,83,87.3,87.3,0.0,-25153.848215,0.0
2019-01-21,9,0,84,0.0,0.0,0.0,0.0,0.0
2019-01-21,9,0,86,2.34,2.34,0.0,26.249845,0.0
2019-01-21,9,0,87,11.96,11.96,0.0,134.165874,0.0
2019-01-21,9,0,88,155.83,155.83,0.0,-44899.474998,0.0
2019-01-21,9,0,89,148.85,148.85,0.0,-42888.319666,0.0
2019-01-21,9,0,90,208.93,208.93,0.0,-60199.238346,0.0
2019-01-21,9,0,91,785.09,785.09,0.0,-226208.873943,0.0
2019-01-21,9,0,92,276.23,276.23,0.0,-79590.463831,0.0
2019-01-21,9,0,95,36.0,36.0,0.0,807.470518,0.0
2019-01-21,9,0,96,29.88,29.88,0.0,339.484843,0.0
2019-01-21,9,0,97,183.75,183.75,0.0,2087.695445,0.0
2019-01-21,9,0,99,1.97,1.97,0.0,21.79453,0.0
2019-01-21,9,0,101,0.48,0.48,0.0,5.451743,0.0
2019-01-21,9,0,102,45.2,45.2,0.0,-18495.404905,0.0
2019-01-21,9,0,103,39.31,39.31,0.0,-16085.273602,0.0
2019-01-21,9,0,104,7.33,7.33,0.0,-2999.365441,0.0
2019-01-21,9,0,106,11.83,11.83,0.0,134.31961,0.0
2019-01-21,9,0,109,186.24,186.24,0.0,2051.798959,0.0
2019-01-21,9,0,110,338.6,338.6,0.0,-338600.0,0.0
2019-01-21,9,0,111,1.79,1.79,0.0,20.033796,0.0
2019-01-21,9,0,113,84.3,84.3,0.0,-21786.721367,0.0
2019-01-21,9,0,115,84.3,84.3,0.0,-21786.721367,0.0
2019-01-21,9,0,116,7.66,7.66,0.0,-7660.0,0.0
2019-01-21,9,0,117,5.73,5.73,0.0,-1480.87679,0.0
2019-01-21,9,0,119,60.0,60.0,0.0,7215.649389,0.0
2019-01-21,9,0,120,35.28,35.28,0.0,4242.801841,0.0
2019-01-21,9,0,123,0.2,0.2,0.0,2.27083,0.0
2019-01-21,9,0,125,174.2,174.2,0.0,1977.893152,0.0
2019-01-21,9,0,126,8.87,8.87,0.0,100.711322,0.0
2019-01-21,9,0,127,11.39,11.39,0.0,129.323783,0.0
2019-01-21,9,0,128,249.5,249.5,0.0,2832.860743,0.0
2019-01-21,9,0,131,30.0,30.0,0.0,-11110.46231,0.0
2019-01-21,9,0,132,44.1,44.1,0.0,-16332.379596,0.0
2019-01-21,9,0,133,11.15,11.15,0.0,124.186208,0.0
2019-01-21,9,0,134,0.0,0.0,0.0,0.0,0.0
2019-01-21,9,0,135,14.94,14.94,0.0,166.398381,0.0
2019-01-21,9,0,136,5.25,5.25,0.0,58.453793,0.0
2019-01-21,9,0,139,44.94,44.94,0.0,502.971404,0.0
2019-01-21,9,0,140,250.6,250.6,0.0,-250600.0,0.0
2019-01-21,9,0,141,230.0,230.0,0.0,-127564.198878,0.0
2019-01-21,9,0,142,15.24,15.24,0.0,-8452.514743,0.0
2019-01-21,9,0,143,20.06,20.06,0.0,227.837415,0.0
2019-01-21,9,0,145,30.0,30.0,0.0,336.954138,0.0
2019-01-21,9,0,146,268.0,268.0,0.0,-268000.0,0.0
2019-01-21,9,0,152,1.03,1.03,0.0,11.36423,0.0
2019-01-21,9,0,153,1.31,1.31,0.0,14.447042,0.0
2019-01-21,9,0,154,7.38,7.38,0.0,82.59744,0.0
2019-01-21,9,0,157,227.25,227.25,0.0,-126038.974761,0.0
2019-01-21,9,0,158,0.0,0.0,0.0,-0.0,0.0
2019-01-21,9,0,159,0.0,0.0,0.0,0.0,0.0
2019-01-21,9,0,160,0.37,0.37,0.0,3.869833,0.0
2019-01-21,9,0,161,3.28,3.28,0.0,-1342.144427,0.0
2019-01-21,9,0,162,48.75,48.75,0.0,1131.44038,0.0
2019-01-21,9,0,163,185.4,185.4,0.0,-185400.0,0.0
2019-01-21,9,0,164,0.63,0.63,0.0,7.155412,0.0
2019-01-21,9,0,167,0.79,0.79,0.0,15.078658,0.0
2019-01-21,9,0,168,0.39,0.39,0.0,7.443895,0.0
2019-01-21,9,0,169,0.0,0.0,0.0,0.0,0.0
2019-01-21,9,0,170,0.86,0.86,0.0,16.414742,0.0
2019-01-21,9,0,172,1.05,1.05,0.0,24.014169,0.0
2019-01-21,9,0,173,1.6,1.6,0.0,36.59302,0.0
2019-01-21,9,0,188,1.31,1.31,0.0,41.654016,0.0
2019-01-21,9,0,190,0.72,0.72,0.0,23.347841,0.0
2019-01-21,9,0,191,1.86,1.86,0.0,60.315256,0.0
2019-01-21,9,0,192,250.66,250.66,0.0,8128.291467,0.0
2019-01-21,9,0,194,130.37,130.37,0.0,-15968.530666,0.0
2019-01-21,9,0,196,0.5,0.5,0.0,137.000583,0.0
2019-01-21,9,0,198,1.78,1.78,0.0,17.44537,0.0
2019-01-21,9,0,199,34.07,34.07,0.0,-994.271311,0.0
2019-01-21,9,0,200,2.67,2.67,0.0,-77.919119,0.0
2019-01-21,9,0,204,480.72,480.72,0.0,5296.939123,0.0
2019-01-21,9,0,205,1048.92,1048.92,0.0,11555.911531,0.0
2019-01-21,9,0,206,539.94,539.94,0.0,6134.58655,0.0
2019-01-21,9,0,210,0.46,0.46,0.0,3.632517,0.0
2019-01-21,9,0,214,2.57,2.57,0.0,28.954111,0.0
2019-01-21,9,0,217,1.82,1.82,0.0,17.822839,0.0
2019-01-21,9,0,218,2.51,2.51,0.0,24.57985,0.0
2019-01-21,9,0,219,1.71,1.71,0.0,16.745635,0.0
2019-01-21,9,0,221,1.37,1.37,0.0,15.434682,0.0
2019-01-21,9,0,225,1.46,1.46,0.0,11.367208,0.0
2019-01-21,9,0,233,1.33,1.33,0.0,14.919784,0.0
2019-01-21,9,0,236,9.29,9.29,0.0,103.026747,0.0
2019-01-21,9,0,237,24.52,24.52,0.0,271.269993,0.0
2019-01-21,9,0,238,11.81,11.81,0.0,131.327686,0.0
2019-01-21,9,0,240,1.65,1.65,0.0,17.941645,0.0
2019-01-21,9,0,245,20.55,20.55,0.0,229.11972,0.0
2019-01-21,9,0,247,9.14,9.14,0.0,101.905316,0.0
2019-01-21,9,0,248,2.46,2.46,0.0,27.215505,0.0
2019-01-21,9,0,249,39.51,39.51,0.0,440.511928,0.0
2019-01-21,9,0,251,21.06,21.06,0.0,234.375002,0.0
2019-01-21,9,0,252,12.64,12.64,0.0,140.736712,0.0
2019-01-21,9,0,254,2.71,2.71,0.0,28.913555,0.0
2019-01-21,9,0,255,1.24,1.24,0.0,13.229819,0.0
2019-01-21,9,0,258,2.05,2.05,0.0,22.246735,0.0
2019-01-21,9,0,260,0.91,0.91,0.0,9.517698,0.0
2019-01-21,9,0,265,7.64,7.64,0.0,85.507377,0.0
2019-01-21,9,0,266,29.1,29.1,0.0,325.689093,0.0
2019-01-21,9,0,267,35.76,35.76,0.0,400.228247,0.0
2019-01-21,9,0,270,579.0,579.0,0.0,-579000.0,0.0
2019-01-21,9,0,272,281.31,281.31,0.0,-72702.521802,0.0
2019-01-21,9,0,273,1.83,1.83,0.0,-1830.0,0.0
2019-01-21,9,0,274,746.4,746.4,0.0,-746400.0,0.0
2019-01-21,9,0,275,1039.0,1039.0,0.0,-1039000.0,0.0
2019-01-21,9,0,276,0.44,0.44,0.0,-396.245344,0.0
2019-01-21,9,0,277,0.6,0.6,0.0,-162.207171,0.0
2019-01-21,9,0,278,0.97,0.97,0.0,-262.234927,0.0
2019-01-21,9,0,279,264.6,264.6,0.0,-71533.362617,0.0
2019-01-21,9,0,281,5.35,5.35,0.0,60.764216,0.0
2019-01-21,9,0,282,13.11,13.11,0.0,148.900723,0.0
2019-01-21,10,0,9,1.19,1.19,0.0,6.710494,0.0
2019-01-21,10,0,17,26.45,26.45,0.0,261.124612,0.0
2019-01-21,10,0,19,164.53,164.53,0.0,1624.303682,0.0
2019-01-21,10,0,20,203.87,203.87,0.0,2012.683351,0.0
2019-01-21,10,0,21,27.2,27.2,0.0,153.382717,0.0
2019-01-21,10,0,22,96.67,96.67,0.0,545.128942,0.0
2019-01-21,10,0,23,108.8,108.8,0.0,613.530867,0.0
2019-01-21,10,0,24,192.5,192.5,0.0,1085.521065,0.0
2019-01-21,10,0,29,4.37,4.37,0.0,34.138224,0.0
2019-01-21,10,0,30,223.69,223.69,0.0,1255.956769,0.0
2019-01-21,10,0,31,19.66,19.66,0.0,110.3854,0.0
2019-01-21,10,0,32,2.41,2.41,0.0,131.136139,0.0
2019-01-21,10,0,33,1.45,1.45,0.0,15.584184,0.0
2019-01-21,10,0,34,2.32,2.32,0.0,24.934695,0.0
2019-01-21,10,0,35,2.32,2.32,0.0,24.934695,0.0
2019-01-21,10,0,36,5.19,5.19,0.0,43.53882,0.0
2019-01-21,10,0,37,2.43,2.43,0.0,20.291432,0.0
2019-01-21,10,0,38,3.13,3.13,0.0,26.136701,0.0
2019-01-21,10,0,39,2.09,2.09,0.0,17.452302,0.0
2019-01-21,10,0,40,2.09,2.09,0.0,17.452302,0.0
2019-01-21,10,0,41,34.8,34.8,0.0,241.440899,0.0
2019-01-21,10,0,42,30.88,30.88,0.0,299.000104,0.0
2019-01-21,10,0,43,16.2,16.2,0.0,137.034277,0.0
2019-01-21,10,0,46,14.09,14.09,0.0,113.704421,0.0
2019-01-21,10,0,52,20.86,20.86,0.0,117.123064,0.0
2019-01-21,10,0,53,33.26,33.26,0.0,186.745595,0.0
2019-01-21,10,0,55,162.71,162.71,0.0,917.533155,0.0
2019-01-21,10,0,56,65.98,65.98,0.0,370.459241,0.0
2019-01-21,10,0,57,62.76,62.76,0.0,352.379842,0.0
2019-01-21,10,0,58,120.7,120.7,0.0,677.696732,0.0
2019-01-21,10,0,59,118.69,118.69,0.0,666.411144,0.0
2019-01-21,10,0,63,51.0,51.0,0.0,6208.274827,0.0
2019-01-21,10,0,64,60.0,60.0,0.0,7303.852737,0.0
2019-01-21,10,0,65,1.31,1.31,0.0,12.886653,0.0
2019-01-21,10,0,67,121.68,121.68,0.0,-67329.084409,0.0
2019-01-21,10,0,68,34.0,34.0,0.0,-13853.935925,0.0
2019-01-21,10,0,69,1.45,1.45,0.0,15.584184,0.0
2019-01-21,10,0,74,15.04,15.04,0.0,133.245225,0.0
2019-01-21,10,0,77,60.0,60.0,0.0,-17152.561813,0.0
2019-01-21,10,0,78,45.36,45.36,0.0,-12967.336731,0.0
2019-01-21,10,0,79,26.25,26.25,0.0,-7504.245793,0.0
2019-01-21,10,0,80,42.45,42.45,0.0,-12135.437483,0.0
2019-01-21,10,0,81,55.5,55.5,0.0,-15866.119677,0.0
2019-01-21,10,0,82,39.15,39.15,0.0,-11192.046583,0.0
2019-01-21,10,0,83,87.3,87.3,0.0,-24956.977438,0.0
2019-01-21,10,0,84,0.0,0.0,0.0,0.0,0.0
2019-01-21,10,0,86,7.35,7.35,0.0,78.995692,0.0
2019-01-21,10,0,87,37.51,37.51,0.0,403.146722,0.0
2019-01-21,10,0,88,103.48,103.48,0.0,-29582.451607,0.0
2019-01-21,10,0,89,99.0,99.0,0.0,-28301.726992,0.0
2019-01-21,10,0,90,137.47,137.47,0.0,-39299.377874,0.0
2019-01-21,10,0,91,509.29,509.29,0.0,-145593.80343,0.0
2019-01-21,10,0,92,180.45,180.45,0.0,-51586.329653,0.0
2019-01-21,10,0,95,88.65,88.65,0.0,1988.396151,0.0
2019-01-21,10,0,96,29.88,29.88,0.0,167.007443,0.0
2019-01-21,10,0,97,183.75,183.75,0.0,1027.028701,0.0
2019-01-21,10,0,99,3.09,3.09,0.0,27.375515,0.0
2019-01-21,10,0,101,4.51,4.51,0.0,25.322388,0.0
2019-01-21,10,0,102,80.5,80.5,0.0,-32801.230645,0.0
2019-01-21,10,0,103,70.0,70.0,0.0,-28522.809256,0.0
2019-01-21,10,0,104,13.0,13.0,0.0,-5297.093148,0.0
2019-01-21,10,0,106,95.16,95.16,0.0,536.613946,0.0
2019-01-21,10,0,109,171.07,171.07,0.0,1320.804669,0.0
2019-01-21,10,0,110,338.6,338.6,0.0,-338600.0,0.0
2019-01-21,10,0,111,7.99,7.99,0.0,55.434275,0.0
2019-01-21,10,0,113,150.0,150.0,0.0,-38504.163244,0.0
2019-01-21,10,0,115,150.0,150.0,0.0,-38504.163244,0.0
2019-01-21,10,0,116,49.14,49.14,0.0,-49140.0,0.0
2019-01-21,10,0,117,10.0,10.0,0.0,-2566.944216,0.0
2019-01-21,10,0,119,60.0,60.0,0.0,7303.852737,0.0
2019-01-21,10,0,120,35.28,35.28,0.0,4294.66541,0.0
2019-01-21,10,0,123,1.59,1.59,0.0,8.966122,0.0
2019-01-21,10,0,125,174.2,174.2,0.0,982.326075,0.0
2019-01-21,10,0,126,71.37,71.37,0.0,402.460459,0.0
2019-01-21,10,0,127,91.59,91.59,0.0,516.482464,0.0
2019-01-21,10,0,128,249.5,249.5,0.0,1406.948081,0.0
2019-01-21,10,0,131,40.31,40.31,0.0,-14854.794722,0.0
2019-01-21,10,0,132,65.03,65.03,0.0,-23964.457971,0.0
2019-01-21,10,0,133,10.42,10.42,0.0,102.904865,0.0
2019-01-21,10,0,134,0.0,0.0,0.0,0.0,0.0
2019-01-21,10,0,135,13.96,13.96,0.0,137.864868,0.0
2019-01-21,10,0,136,4.0,4.0,0.0,39.340818,0.0
2019-01-21,10,0,139,44.94,44.94,0.0,311.791782,0.0
2019-01-21,10,0,140,250.6,250.6,0.0,-250600.0,0.0
2019-01-21,10,0,141,230.0,230.0,0.0,-127265.692095,0.0
2019-01-21,10,0,142,160.46,160.46,0.0,-88787.186755,0.0
2019-01-21,10,0,143,21.78,21.78,0.0,122.288607,0.0
2019-01-21,10,0,145,56.19,56.19,0.0,359.450346,0.0
2019-01-21,10,0,146,268.0,268.0,0.0,-268000.0,0.0
2019-01-21,10,0,152,3.67,3.67,0.0,32.528515,0.0
2019-01-21,10,0,153,4.63,4.63,0.0,40.825502,0.0
2019-01-21,10,0,154,32.96,32.96,0.0,228.675059,0.0
2019-01-21,10,0,157,250.0,250.0,0.0,-138332.274017,0.0
2019-01-21,10,0,158,99.17,99.17,0.0,-54873.646457,0.0
2019-01-21,10,0,159,0.0,0.0,0.0,0.0,0.0
2019-01-21,10,0,160,1.28,1.28,0.0,11.336219,0.0
2019-01-21,10,0,161,24.34,24.34,0.0,-9917.788247,0.0
2019-01-21,10,0,162,91.77,91.77,0.0,2129.731895,0.0
2019-01-21,10,0,163,104.02,104.02,0.0,-104020.0,0.0
2019-01-21,10,0,164,8.01,8.01,0.0,44.973909,0.0
2019-01-21,10,0,167,2.84,2.84,0.0,54.006083,0.0
2019-01-21,10,0,168,1.42,1.42,0.0,27.003042,0.0
2019-01-21,10,0,169,0.0,0.0,0.0,0.0,0.0
2019-01-21,10,0,170,3.11,3.11,0.0,59.140465,0.0
2019-01-21,10,0,172,3.72,3.72,0.0,94.706158,0.0
2019-01-21,10,0,173,5.67,5.67,0.0,144.350515,0.0
2019-01-21,10,0,188,4.93,4.93,0.0,162.544673,0.0
2019-01-21,10,0,190,3.91,3.91,0.0,126.791748,0.0
2019-01-21,10,0,191,10.1,10.1,0.0,327.518327,0.0
2019-01-21,10,0,192,325.55,325.55,0.0,10556.79122,0.0
2019-01-21,10,0,194,52.95,52.95,0.0,-6401.407376,0.0
2019-01-21,10,0,196,2.77,2.77,0.0,764.308658,0.0
2019-01-21,10,0,198,5.8,5.8,0.0,54.132008,0.0
2019-01-21,10,0,199,39.0,39.0,0.0,-1047.034379,0.0
2019-01-21,10,0,200,9.27,9.27,0.0,-248.872018,0.0
2019-01-21,10,0,204,257.1,257.1,0.0,1956.790751,0.0
2019-01-21,10,0,205,1010.31,1010.31,0.0,7800.44523,0.0
2019-01-21,10,0,206,539.94,539.94,0.0,3017.871438,0.0
2019-01-21,10,0,210,1.3,1.3,0.0,10.508111,0.0
2019-01-21,10,0,214,7.5,7.5,0.0,84.496432,0.0
2019-01-21,10,0,217,5.19,5.19,0.0,51.285621,0.0
2019-01-21,10,0,218,7.16,7.16,0.0,70.752418,0.0
2019-01-21,10,0,219,4.88,4.88,0.0,48.222318,0.0
2019-01-21,10,0,221,4.0,4.0,0.0,45.064764,0.0
2019-01-21,10,0,225,4.04,4.04,0.0,31.454466,0.0
2019-01-21,10,0,233,4.16,4.16,0.0,44.710487,0.0
2019-01-21,10,0,236,7.03,7.03,0.0,65.997104,0.0
2019-01-21,10,0,237,35.14,35.14,0.0,311.318963,0.0
2019-01-21,10,0,238,40.2,40.2,0.0,389.242363,0.0
2019-01-21,10,0,240,5.88,5.88,0.0,49.327218,0.0
2019-01-21,10,0,245,16.91,16.91,0.0,169.133784,0.0
2019-01-21,10,0,247,6.4,6.4,0.0,64.012787,0.0
2019-01-21,10,0,248,3.83,3.83,0.0,33.931463,0.0
2019-01-21,10,0,249,32.52,32.52,0.0,325.264971,0.0
2019-01-21,10,0,251,12.67,12.67,0.0,123.903359,0.0
2019-01-21,10,0,252,8.42,8.42,0.0,82.828715,0.0
2019-01-21,10,0,254,8.96,8.96,0.0,76.685564,0.0
2019-01-21,10,0,255,4.11,4.11,0.0,35.176079,0.0
2019-01-21,10,0,258,7.32,7.32,0.0,61.490019,0.0
2019-01-21,10,0,260,3.1,3.1,0.0,27.454906,0.0
2019-01-21,10,0,265,34.13,34.13,0.0,236.792468,0.0
2019-01-21,10,0,266,29.1,29.1,0.0,201.894545,0.0
2019-01-21,10,0,267,35.76,35.76,0.0,248.101338,0.0
2019-01-21,10,0,270,324.69,324.69,0.0,-324690.0,0.0
2019-01-21,10,0,272,501.3,501.3,0.0,-128680.91356,0.0
2019-01-21,10,0,273,11.75,11.75,0.0,-11750.0,0.0
2019-01-21,10,0,274,418.54,418.54,0.0,-418540.0,0.0
2019-01-21,10,0,275,582.57,582.57,0.0,-582570.0,0.0
2019-01-21,10,0,276,2.69,2.69,0.0,-2421.720424,0.0
2019-01-21,10,0,277,3.35,3.35,0.0,-899.119228,0.0
2019-01-21,10,0,278,5.35,5.35,0.0,-1435.906827,0.0
2019-01-21,10,0,279,264.6,264.6,0.0,-71016.99933,0.0
2019-01-21,10,0,281,8.77,8.77,0.0,49.241096,0.0
2019-01-21,10,0,282,122.71,122.71,0.0,688.98232,0.0
2019-01-21,11,0,9,2.01,2.01,0.0,-31.313149,0.0
2019-01-21,11,0,17,40.01,40.01,0.0,351.06431,0.0
2019-01-21,11,0,19,136.38,136.38,0.0,1196.6546,0.0
2019-01-21,11,0,20,165.4,165.4,0.0,1451.288098,0.0
2019-01-21,11,0,21,45.93,45.93,0.0,-715.528831,0.0
2019-01-21,11,0,22,163.25,163.25,0.0,-2543.219718,0.0
2019-01-21,11,0,23,61.07,61.07,0.0,-951.390065,0.0
2019-01-21,11,0,24,108.0,108.0,0.0,-1682.497577,0.0
2019-01-21,11,0,29,6.42,6.42,0.0,35.915177,0.0
2019-01-21,11,0,30,381.77,381.77,0.0,-6003.256391,0.0
2019-01-21,11,0,31,22.0,22.0,0.0,-345.945571,0.0
2019-01-21,11,0,32,3.72,3.72,0.0,186.256187,0.0
2019-01-21,11,0,33,2.17,2.17,0.0,29.283966,0.0
2019-01-21,11,0,34,3.48,3.48,0.0,46.962306,0.0
2019-01-21,11,0,35,3.48,3.48,0.0,46.962306,0.0
2019-01-21,11,0,36,7.98,7.98,0.0,8.740951,0.0
2019-01-21,11,0,37,3.73,3.73,0.0,3.502345,0.0
2019-01-21,11,0,38,4.79,4.79,0.0,4.49765,0.0
2019-01-21,11,0,39,3.19,3.19,0.0,2.995303,0.0
2019-01-21,11,0,40,3.19,3.19,0.0,2.995303,0.0
2019-01-21,11,0,41,34.8,34.8,0.0,-273.73775,0.0
2019-01-21,11,0,42,47.24,47.24,0.0,366.165504,0.0
2019-01-21,11,0,43,24.82,24.82,0.0,45.320548,0.0
2019-01-21,11,0,46,21.83,21.83,0.0,-14.935737,0.0
2019-01-21,11,0,52,23.38,23.38,0.0,-367.645793,0.0
2019-01-21,11,0,53,38.09,38.09,0.0,-598.957582,0.0
2019-01-21,11,0,55,433.88,433.88,0.0,-6759.27823,0.0
2019-01-21,11,0,56,112.61,112.61,0.0,-1770.769579,0.0
2019-01-21,11,0,57,107.12,107.12,0.0,-1684.440434,0.0
2019-01-21,11,0,58,205.99,205.99,0.0,-3239.15128,0.0
2019-01-21,11,0,59,202.56,202.56,0.0,-3185.21522,0.0
2019-01-21,11,0,63,51.0,51.0,0.0,6113.210333,0.0
2019-01-21,11,0,64,60.0,60.0,0.0,7192.012157,0.0
2019-01-21,11,0,65,4.71,4.71,0.0,40.432219,0.0
2019-01-21,11,0,67,208.8,208.8,0.0,-115009.03033,0.0
2019-01-21,11,0,68,33.99,33.99,0.0,-13736.255527,0.0
2019-01-21,11,0,69,2.17,2.17,0.0,29.283966,0.0
2019-01-21,11,0,74,20.13,20.13,0.0,65.708122,0.0
2019-01-21,11,0,77,60.0,60.0,0.0,-16863.848739,0.0
2019-01-21,11,0,78,45.36,45.36,0.0,-12749.069646,0.0
2019-01-21,11,0,79,26.25,26.25,0.0,-7377.933823,0.0
2019-01-21,11,0,80,42.45,42.45,0.0,-11931.172983,0.0
2019-01-21,11,0,81,55.5,55.5,0.0,-15599.060083,0.0
2019-01-21,11,0,82,39.15,39.15,0.0,-11003.661302,0.0
2019-01-21,11,0,83,87.3,87.3,0.0,-24536.899915,0.0
2019-01-21,11,0,84,0.0,0.0,0.0,0.0,0.0
2019-01-21,11,0,86,11.01,11.01,0.0,148.579019,0.0
2019-01-21,11,0,87,56.21,56.21,0.0,758.549196,0.0
2019-01-21,11,0,88,51.18,51.18,0.0,-14384.862974,0.0
2019-01-21,11,0,89,49.2,49.2,0.0,-13828.355966,0.0
2019-01-21,11,0,90,66.06,66.06,0.0,-18567.097461,0.0
2019-01-21,11,0,91,235.65,235.65,0.0,-66232.765921,0.0
2019-01-21,11,0,92,84.75,84.75,0.0,-23820.186343,0.0
2019-01-21,11,0,95,96.29,96.29,0.0,2159.759339,0.0
2019-01-21,11,0,96,31.88,31.88,0.0,-506.174883,0.0
2019-01-21,11,0,97,234.28,234.28,0.0,-3719.782045,0.0
2019-01-21,11,0,99,4.32,4.32,0.0,14.101296,0.0
2019-01-21,11,0,101,7.69,7.69,0.0,-120.923702,0.0
2019-01-21,11,0,102,80.49,80.49,0.0,-32528.132021,0.0
2019-01-21,11,0,103,69.99,69.99,0.0,-28284.805071,0.0
2019-01-21,11,0,104,12.99,12.99,0.0,-5249.601627,0.0
2019-01-21,11,0,106,160.7,160.7,0.0,-2503.49408,0.0
2019-01-21,11,0,109,83.48,83.48,0.0,-252.325386,0.0
2019-01-21,11,0,110,338.6,338.6,0.0,-338600.0,0.0
2019-01-21,11,0,111,12.77,12.77,0.0,-100.449169,0.0
2019-01-21,11,0,113,84.2,84.2,0.0,-21411.361723,0.0
2019-01-21,11,0,115,84.2,84.2,0.0,-21411.361723,0.0
2019-01-21,11,0,116,81.0,81.0,0.0,-81000.0,0.0
2019-01-21,11,0,117,5.66,5.66,0.0,-1439.291061,0.0
2019-01-21,11,0,119,60.0,60.0,0.0,7192.012157,0.0
2019-01-21,11,0,120,35.28,35.28,0.0,4228.903148,0.0
2019-01-21,11,0,123,2.68,2.68,0.0,-41.750866,0.0
2019-01-21,11,0,125,97.74,97.74,0.0,-1522.660308,0.0
2019-01-21,11,0,126,120.53,120.53,0.0,-1877.698454,0.0
2019-01-21,11,0,127,154.68,154.68,0.0,-2409.710419,0.0
2019-01-21,11,0,128,139.96,139.96,0.0,-2180.392231,0.0
2019-01-21,11,0,131,30.0,30.0,0.0,-10948.554695,0.0
2019-01-21,11,0,132,44.1,44.1,0.0,-16094.375402,0.0
2019-01-21,11,0,133,18.31,18.31,0.0,160.987424,0.0
2019-01-21,11,0,134,0.0,0.0,0.0,0.0,0.0
2019-01-21,11,0,135,24.53,24.53,0.0,215.67567,0.0
2019-01-21,11,0,136,10.71,10.71,0.0,91.826472,0.0
2019-01-21,11,0,139,44.94,44.94,0.0,-353.499267,0.0
2019-01-21,11,0,140,250.6,250.6,0.0,-250600.0,0.0
2019-01-21,11,0,141,230.0,230.0,0.0,-126686.192413,0.0
2019-01-21,11,0,142,275.35,275.35,0.0,-151665.4047,0.0
2019-01-21,11,0,143,21.2,21.2,0.0,-333.365732,0.0
2019-01-21,11,0,145,100.0,100.0,0.0,-1100.802882,0.0
2019-01-21,11,0,146,268.0,268.0,0.0,-268000.0,0.0
2019-01-21,11,0,152,5.64,5.64,0.0,18.961206,0.0
2019-01-21,11,0,153,7.1,7.1,0.0,22.131246,0.0
2019-01-21,11,0,154,52.67,52.67,0.0,-414.303658,0.0
2019-01-21,11,0,157,250.0,250.0,0.0,-137702.383058,0.0
2019-01-21,11,0,158,184.7,184.7,0.0,-101734.520603,0.0
2019-01-21,11,0,159,0.0,0.0,0.0,0.0,0.0
2019-01-21,11,0,160,1.94,1.94,0.0,9.249052,0.0
2019-01-21,11,0,161,40.77,40.77,0.0,-16476.232358,0.0
2019-01-21,11,0,162,162.5,162.5,0.0,3776.34757,0.0
2019-01-21,11,0,163,160.49,160.49,0.0,-160490.0,0.0
2019-01-21,11,0,164,14.01,14.01,0.0,-220.304429,0.0
2019-01-21,11,0,167,4.35,4.35,0.0,83.305738,0.0
2019-01-21,11,0,168,2.18,2.18,0.0,41.748623,0.0
2019-01-21,11,0,169,0.0,0.0,0.0,0.0,0.0
2019-01-21,11,0,170,4.76,4.76,0.0,91.157543,0.0
2019-01-21,11,0,172,5.68,5.68,0.0,102.564187,0.0
2019-01-21,11,0,173,8.65,8.65,0.0,156.193701,0.0
2019-01-21,11,0,188,7.59,7.59,0.0,221.739189,0.0
2019-01-21,11,0,190,6.36,6.36,0.0,206.239263,0.0
2019-01-21,11,0,191,16.42,16.42,0.0,532.460488,0.0
2019-01-21,11,0,192,332.6,332.6,0.0,10785.405497,0.0
2019-01-21,11,0,194,52.95,52.95,0.0,-6360.775346,0.0
2019-01-21,11,0,196,4.49,4.49,0.0,1234.3936,0.0
2019-01-21,11,0,198,8.73,8.73,0.0,79.481385,0.0
2019-01-21,11,0,199,56.82,56.82,0.0,-1099.106844,0.0
2019-01-21,11,0,200,14.13,14.13,0.0,-273.325936,0.0
2019-01-21,11,0,204,257.1,257.1,0.0,-937.080399,0.0
2019-01-21,11,0,205,545.8,545.8,0.0,-1649.726827,0.0
2019-01-21,11,0,206,895.48,895.48,0.0,-14217.988842,0.0
2019-01-21,11,0,210,1.9,1.9,0.0,13.043207,0.0
2019-01-21,11,0,214,11.07,11.07,0.0,180.322285,0.0
2019-01-21,11,0,217,7.69,7.69,0.0,93.89001,0.0
2019-01-21,11,0,218,10.61,10.61,0.0,129.541353,0.0
2019-01-21,11,0,219,7.23,7.23,0.0,88.273702,0.0
2019-01-21,11,0,221,5.91,5.91,0.0,96.269621,0.0
2019-01-21,11,0,225,5.97,5.97,0.0,32.665215,0.0
2019-01-21,11,0,233,6.23,6.23,0.0,84.073323,0.0
2019-01-21,11,0,236,12.99,12.99,0.0,80.136271,0.0
2019-01-21,11,0,237,44.88,44.88,0.0,146.496797,0.0
2019-01-21,11,0,238,61.49,61.49,0.0,476.619747,0.0
2019-01-21,11,0,240,9.04,9.04,0.0,9.90203,0.0
2019-01-21,11,0,245,31.12,31.12,0.0,294.811903,0.0
2019-01-21,11,0,247,22.77,22.77,0.0,215.709095,0.0
2019-01-21,11,0,248,5.34,5.34,0.0,17.430769,0.0
2019-01-21,11,0,249,59.85,59.85,0.0,566.982403,0.0
2019-01-21,11,0,251,33.89,33.89,0.0,280.346794,0.0
2019-01-21,11,0,252,30.38,30.38,0.0,260.792103,0.0
2019-01-21,11,0,254,13.53,13.53,0.0,34.692496,0.0
2019-01-21,11,0,255,6.2,6.2,0.0,15.897522,0.0
2019-01-21,11,0,258,11.26,11.26,0.0,13.6624,0.0
2019-01-21,11,0,260,4.72,4.72,0.0,22.502849,0.0
2019-01-21,11,0,265,54.53,54.53,0.0,-428.934469,0.0
2019-01-21,11,0,266,29.1,29.1,0.0,-228.901395,0.0
2019-01-21,11,0,267,35.76,35.76,0.0,-281.289137,0.0
2019-01-21,11,0,270,542.91,542.91,0.0,-542910.0,0.0
2019-01-21,11,0,272,281.17,281.17,0.0,-71499.199234,0.0
2019-01-21,11,0,273,19.37,19.37,0.0,-19370.0,0.0
2019-01-21,11,0,274,708.99,708.99,0.0,-708990.0,0.0
2019-01-21,11,0,275,1000.33,1000.33,0.0,-1000330.0,0.0
2019-01-21,11,0,276,4.43,4.43,0.0,-3985.694258,0.0
2019-01-21,11,0,277,5.46,5.46,0.0,-1447.037645,0.0
2019-01-21,11,0,278,8.73,8.73,0.0,-2313.67008,0.0
2019-01-21,11,0,279,264.6,264.6,0.0,-70125.670473,0.0
2019-01-21,11,0,281,9.59,9.59,0.0,-150.800819,0.0
2019-01-21,11,0,282,209.43,209.43,0.0,-3293.244587,0.0
2019-01-21,12,0,9,2.85,2.85,0.0,-1115.299796,0.0
2019-01-21,12,0,17,52.29,52.29,0.0,332.025361,0.0
2019-01-21,12,0,19,192.99,192.99,0.0,1225.426935,0.0
2019-01-21,12,0,20,234.06,234.06,0.0,1486.208759,0.0
2019-01-21,12,0,21,65.11,65.11,0.0,-25479.708675,0.0
2019-01-21,12,0,22,231.38,231.38,0.0,-90546.690112,0.0
2019-01-21,12,0,23,46.17,46.17,0.0,-18067.856697,0.0
2019-01-21,12,0,24,77.3,77.3,0.0,-30250.061136,0.0
2019-01-21,12,0,29,8.26,8.26,0.0,30.645964,0.0
2019-01-21,12,0,30,546.76,546.76,0.0,-546760.0,0.0
2019-01-21,12,0,31,22.06,22.06,0.0,-22060.0,0.0
2019-01-21,12,0,32,5.0,5.0,0.0,234.024631,0.0
2019-01-21,12,0,33,2.83,2.83,0.0,28.384566,0.0
2019-01-21,12,0,34,4.52,4.52,0.0,45.335067,0.0
2019-01-21,12,0,35,4.52,4.52,0.0,45.335067,0.0
2019-01-21,12,0,36,10.85,10.85,0.0,12.119562,0.0
2019-01-21,12,0,37,5.14,5.14,0.0,5.892322,0.0
2019-01-21,12,0,38,6.6,6.6,0.0,7.566016,0.0
2019-01-21,12,0,39,4.4,4.4,0.0,5.044011,0.0
2019-01-21,12,0,40,4.4,4.4,0.0,5.044011,0.0
2019-01-21,12,0,41,34.8,34.8,0.0,-435.318355,0.0
2019-01-21,12,0,42,65.99,65.99,0.0,366.373512,0.0
2019-01-21,12,0,43,33.15,33.15,0.0,64.543949,0.0
2019-01-21,12,0,46,29.12,29.12,0.0,11.617609,0.0
2019-01-21,12,0,52,23.39,23.39,0.0,-23390.0,0.0
2019-01-21,12,0,53,37.15,37.15,0.0,-37150.0,0.0
2019-01-21,12,0,55,623.0,623.0,0.0,-243800.622094,0.0
2019-01-21,12,0,56,161.28,161.28,0.0,-161280.0,0.0
2019-01-21,12,0,57,153.41,153.41,0.0,-153410.0,0.0
2019-01-21,12,0,58,295.02,295.02,0.0,-295020.0,0.0
2019-01-21,12,0,59,290.1,290.1,0.0,-290100.0,0.0
2019-01-21,12,0,63,51.0,51.0,0.0,5892.306004,0.0
2019-01-21,12,0,64,60.0,60.0,0.0,6932.12471,0.0
2019-01-21,12,0,65,13.68,13.68,0.0,84.836551,0.0
2019-01-21,12,0,67,294.0,294.0,0.0,-162881.202705,0.0
2019-01-21,12,0,68,34.0,34.0,0.0,-13884.993654,0.0
2019-01-21,12,0,69,2.83,2.83,0.0,28.384566,0.0
2019-01-21,12,0,74,54.48,54.48,0.0,93.295803,0.0
2019-01-21,12,0,77,60.0,60.0,0.0,-17183.892927,0.0
2019-01-21,12,0,78,45.36,45.36,0.0,-12991.023053,0.0
2019-01-21,12,0,79,26.25,26.25,0.0,-7517.953156,0.0
2019-01-21,12,0,80,42.45,42.45,0.0,-12157.604246,0.0
2019-01-21,12,0,81,55.5,55.5,0.0,-15895.100957,0.0
2019-01-21,12,0,82,39.15,39.15,0.0,-11212.490135,0.0
2019-01-21,12,0,83,87.3,87.3,0.0,-25002.564209,0.0
2019-01-21,12,0,84,0.0,0.0,0.0,0.0,0.0
2019-01-21,12,0,86,14.32,14.32,0.0,143.627911,0.0
2019-01-21,12,0,87,73.12,73.12,0.0,733.384977,0.0
2019-01-21,12,0,88,51.18,51.18,0.0,-14657.860667,0.0
2019-01-21,12,0,89,49.2,49.2,0.0,-14090.7922,0.0
2019-01-21,12,0,90,66.06,66.06,0.0,-18919.466113,0.0
2019-01-21,12,0,91,235.65,235.65,0.0,-67489.739471,0.0
2019-01-21,12,0,92,84.75,84.75,0.0,-24272.248759,0.0
2019-01-21,12,0,95,120.0,120.0,0.0,2333.493576,0.0
2019-01-21,12,0,96,29.88,29.88,0.0,1146.612261,0.0
2019-01-21,12,0,97,183.76,183.76,0.0,7051.588656,0.0
2019-01-21,12,0,99,10.52,10.52,0.0,18.015269,0.0
2019-01-21,12,0,101,11.01,11.01,0.0,-11010.0,0.0
2019-01-21,12,0,102,80.5,80.5,0.0,-32874.764386,0.0
2019-01-21,12,0,103,70.0,70.0,0.0,-28586.75164,0.0
2019-01-21,12,0,104,13.0,13.0,0.0,-5308.968162,0.0
2019-01-21,12,0,106,227.78,227.78,0.0,-89137.89037,0.0
2019-01-21,12,0,109,60.0,60.0,0.0,-69.633246,0.0
2019-01-21,12,0,110,338.6,338.6,0.0,-338600.0,0.0
2019-01-21,12,0,111,17.37,17.37,0.0,-217.283903,0.0
2019-01-21,12,0,113,45.0,45.0,0.0,-11662.30164,0.0
2019-01-21,12,0,115,45.0,45.0,0.0,-11662.30164,0.0
2019-01-21,12,0,116,112.14,112.14,0.0,-112140.0,0.0
2019-01-21,12,0,117,3.0,3.0,0.0,-777.486776,0.0
2019-01-21,12,0,119,60.0,60.0,0.0,6932.12471,0.0
2019-01-21,12,0,120,35.28,35.28,0.0,4076.08933,0.0
2019-01-21,12,0,123,3.8,3.8,0.0,-1487.066395,0.0
2019-01-21,12,0,125,70.73,70.73,0.0,-27679.001606,0.0
2019-01-21,12,0,126,170.83,170.83,0.0,-66851.461111,0.0
2019-01-21,12,0,127,219.23,219.23,0.0,-85791.990982,0.0
2019-01-21,12,0,128,96.96,96.96,0.0,-37943.673063,0.0
2019-01-21,12,0,131,30.0,30.0,0.0,-11084.622057,0.0
2019-01-21,12,0,132,44.1,44.1,0.0,-16294.394424,0.0
2019-01-21,12,0,133,29.66,29.66,0.0,188.745949,0.0
2019-01-21,12,0,134,0.0,0.0,0.0,0.0,0.0
2019-01-21,12,0,135,39.74,39.74,0.0,252.891571,0.0
2019-01-21,12,0,136,23.51,23.51,0.0,145.606058,0.0
2019-01-21,12,0,139,44.94,44.94,0.0,-562.161117,0.0
2019-01-21,12,0,140,250.6,250.6,0.0,-250600.0,0.0
2019-01-21,12,0,141,230.0,230.0,0.0,-127424.070144,0.0
2019-01-21,12,0,142,387.72,387.72,0.0,-214803.741201,0.0
2019-01-21,12,0,143,20.47,20.47,0.0,-20470.0,0.0
2019-01-21,12,0,145,56.25,56.25,0.0,-299.845409,0.0
2019-01-21,12,0,146,268.0,268.0,0.0,-268000.0,0.0
2019-01-21,12,0,152,7.85,7.85,0.0,18.365982,0.0
2019-01-21,12,0,153,9.9,9.9,0.0,21.408042,0.0
2019-01-21,12,0,154,71.64,71.64,0.0,-896.155371,0.0
2019-01-21,12,0,157,250.0,250.0,0.0,-138504.424069,0.0
2019-01-21,12,0,158,260.0,260.0,0.0,-144044.601032,0.0
2019-01-21,12,0,159,0.0,0.0,0.0,0.0,0.0
2019-01-21,12,0,160,2.61,2.61,0.0,11.151746,0.0
2019-01-21,12,0,161,57.22,57.22,0.0,-23367.627555,0.0
2019-01-21,12,0,162,162.5,162.5,0.0,3288.443242,0.0
2019-01-21,12,0,163,185.4,185.4,0.0,-185400.0,0.0
2019-01-21,12,0,164,20.11,20.11,0.0,-20110.0,0.0
2019-01-21,12,0,167,5.8,5.8,0.0,93.965729,0.0
2019-01-21,12,0,168,2.9,2.9,0.0,46.982865,0.0
2019-01-21,12,0,169,0.0,0.0,0.0,0.0,0.0
2019-01-21,12,0,170,6.35,6.35,0.0,102.876272,0.0
2019-01-21,12,0,172,7.49,7.49,0.0,125.170392,0.0
2019-01-21,12,0,173,11.42,11.42,0.0,190.847247,0.0
2019-01-21,12,0,188,10.33,10.33,0.0,272.569112,0.0
2019-01-21,12,0,190,8.72,8.72,0.0,282.768298,0.0
2019-01-21,12,0,191,22.53,22.53,0.0,730.592862,0.0
2019-01-21,12,0,192,332.6,332.6,0.0,10785.405497,0.0
2019-01-21,12,0,194,52.95,52.95,0.0,-6637.062819,0.0
2019-01-21,12,0,196,6.12,6.12,0.0,1648.349597,0.0
2019-01-21,12,0,198,11.45,11.45,0.0,89.834047,0.0
2019-01-21,12,0,199,113.69,113.69,0.0,-4557.525279,0.0
2019-01-21,12,0,200,19.08,19.08,0.0,-764.865708,0.0
2019-01-21,12,0,204,257.1,257.1,0.0,-366.864025,0.0
2019-01-21,12,0,205,317.4,317.4,0.0,-368.359869,0.0
2019-01-21,12,0,206,539.95,539.95,0.0,20719.989631,0.0
2019-01-21,12,0,210,2.43,2.43,0.0,10.326134,0.0
2019-01-21,12,0,214,14.5,14.5,0.0,176.843268,0.0
2019-01-21,12,0,217,9.92,9.92,0.0,89.52798,0.0
2019-01-21,12,0,218,13.68,13.68,0.0,123.461972,0.0
2019-01-21,12,0,219,9.32,9.32,0.0,84.112981,0.0
2019-01-21,12,0,221,7.73,7.73,0.0,94.275756,0.0
2019-01-21,12,0,225,7.54,7.54,0.0,27.581968,0.0
2019-01-21,12,0,233,8.1,8.1,0.0,81.242045,0.0
2019-01-21,12,0,236,38.72,38.72,0.0,169.249817,0.0
2019-01-21,12,0,237,130.69,130.69,0.0,223.803754,0.0
2019-01-21,12,0,238,85.89,85.89,0.0,476.857417,0.0
2019-01-21,12,0,240,12.3,12.3,0.0,13.739227,0.0
2019-01-21,12,0,245,52.61,52.61,0.0,362.72628,0.0
2019-01-21,12,0,247,61.12,61.12,0.0,421.399548,0.0
2019-01-21,12,0,248,13.12,13.12,0.0,22.467712,0.0
2019-01-21,12,0,249,101.17,101.17,0.0,697.529324,0.0
2019-01-21,12,0,251,97.77,97.77,0.0,582.533253,0.0
2019-01-21,12,0,252,88.27,88.27,0.0,547.406605,0.0
2019-01-21,12,0,254,18.36,18.36,0.0,46.462196,0.0
2019-01-21,12,0,255,8.41,8.41,0.0,21.28252,0.0
2019-01-21,12,0,258,15.21,15.21,0.0,19.028695,0.0
2019-01-21,12,0,260,6.33,6.33,0.0,27.046188,0.0
2019-01-21,12,0,265,74.17,74.17,0.0,-927.803516,0.0
2019-01-21,12,0,266,29.1,29.1,0.0,-364.01621,0.0
2019-01-21,12,0,267,35.76,35.76,0.0,-447.327137,0.0
2019-01-21,12,0,270,579.0,579.0,0.0,-579000.0,0.0
2019-01-21,12,0,272,150.39,150.39,0.0,-38975.412082,0.0
2019-01-21,12,0,273,26.82,26.82,0.0,-26820.0,0.0
2019-01-21,12,0,274,746.4,746.4,0.0,-746400.0,0.0
2019-01-21,12,0,275,1039.0,1039.0,0.0,-1039000.0,0.0
2019-01-21,12,0,276,6.1,6.1,0.0,-5492.571549,0.0
2019-01-21,12,0,277,7.52,7.52,0.0,-2031.013581,0.0
2019-01-21,12,0,278,12.03,12.03,0.0,-3249.081567,0.0
2019-01-21,12,0,279,264.6,264.6,0.0,-71463.589579,0.0
2019-01-21,12,0,281,9.9,9.9,0.0,-9900.0,0.0
2019-01-21,12,0,282,299.93,299.93,0.0,-299930.0,0.0
2019-01-21,13,0,9,3.41,3.41,0.0,-1713.533842,0.0
2019-01-21,13,0,17,57.64,57.64,0.0,420.251952,0.0
2019-01-21,13,0,19,192.99,192.99,0.0,1407.085777,0.0
2019-01-21,13,0,20,234.06,234.06,0.0,1706.52623,0.0
2019-01-21,13,0,21,77.9,77.9,0.0,-39144.951987,0.0
2019-01-21,13,0,22,276.85,276.85,0.0,-139117.842846,0.0
2019-01-21,13,0,23,90.35,90.35,0.0,-45401.109269,0.0
2019-01-21,13,0,24,157.79,157.79,0.0,-79289.884134,0.0
2019-01-21,13,0,29,8.71,8.71,0.0,24.761693,0.0
2019-01-21,13,0,30,667.69,667.69,0.0,-667690.0,0.0
2019-01-21,13,0,31,21.28,21.28,0.0,-21280.0,0.0
2019-01-21,13,0,32,5.82,5.82,0.0,264.588079,0.0
2019-01-21,13,0,33,3.3,3.3,0.0,137.21619,0.0
2019-01-21,13,0,34,5.28,5.28,0.0,219.545904,0.0
2019-01-21,13,0,35,5.28,5.28,0.0,219.545904,0.0
2019-01-21,13,0,36,12.79,12.79,0.0,-587.654742,0.0
2019-01-21,13,0,37,6.1,6.1,0.0,-284.073917,0.0
2019-01-21,13,0,38,7.85,7.85,0.0,-365.570532,0.0
2019-01-21,13,0,39,5.23,5.23,0.0,-243.558456,0.0
2019-01-21,13,0,40,5.23,5.23,0.0,-243.558456,0.0
2019-01-21,13,0,41,34.8,34.8,0.0,-4656.271719,0.0
2019-01-21,13,0,42,77.56,77.56,0.0,-10.999883,0.0
2019-01-21,13,0,43,38.59,38.59,0.0,-1536.402542,0.0
2019-01-21,13,0,46,34.22,34.22,0.0,-1842.308845,0.0
2019-01-21,13,0,52,22.56,22.56,0.0,-22560.0,0.0
2019-01-21,13,0,53,35.84,35.84,0.0,-35840.0,0.0
2019-01-21,13,0,55,623.0,623.0,0.0,-313059.11538,0.0
2019-01-21,13,0,56,196.94,196.94,0.0,-196940.0,0.0
2019-01-21,13,0,57,187.34,187.34,0.0,-187340.0,0.0
2019-01-21,13,0,58,360.26,360.26,0.0,-360260.0,0.0
2019-01-21,13,0,59,354.26,354.26,0.0,-354260.0,0.0
2019-01-21,13,0,63,51.0,51.0,0.0,6069.543579,0.0
2019-01-21,13,0,64,60.0,60.0,0.0,7140.639505,0.0
2019-01-21,13,0,65,31.25,31.25,0.0,184.695175,0.0
2019-01-21,13,0,67,356.53,356.53,0.0,-190814.692511,0.0
2019-01-21,13,0,68,34.0,34.0,0.0,-13036.244049,0.0
2019-01-21,13,0,69,3.3,3.3,0.0,137.21619,0.0
2019-01-21,13,0,74,115.32,115.32,0.0,-3910.233656,0.0
2019-01-21,13,0,77,60.0,60.0,0.0,-15026.088885,0.0
2019-01-21,13,0,78,45.36,45.36,0.0,-11359.723197,0.0
2019-01-21,13,0,79,26.25,26.25,0.0,-6573.913887,0.0
2019-01-21,13,0,80,42.45,42.45,0.0,-10630.957886,0.0
2019-01-21,13,0,81,55.5,55.5,0.0,-13899.132219,0.0
2019-01-21,13,0,82,39.15,39.15,0.0,-9804.522998,0.0
2019-01-21,13,0,83,87.3,87.3,0.0,-21862.959328,0.0
2019-01-21,13,0,84,0.0,0.0,0.0,-0.0,0.0
2019-01-21,13,0,86,16.73,16.73,0.0,695.644503,0.0
2019-01-21,13,0,87,85.43,85.43,0.0,3552.236095,0.0
2019-01-21,13,0,88,51.18,51.18,0.0,-12817.253819,0.0
2019-01-21,13,0,89,49.2,49.2,0.0,-12321.392886,0.0
2019-01-21,13,0,90,66.06,66.06,0.0,-16543.723863,0.0
2019-01-21,13,0,91,235.65,235.65,0.0,-59014.964098,0.0
2019-01-21,13,0,92,84.75,84.75,0.0,-21224.350551,0.0
2019-01-21,13,0,95,120.0,120.0,0.0,2333.493576,0.0
2019-01-21,13,0,96,29.88,29.88,0.0,-4598.787305,0.0
2019-01-21,13,0,97,183.75,183.75,0.0,-28280.695021,0.0
2019-01-21,13,0,99,22.26,22.26,0.0,-754.784956,0.0
2019-01-21,13,0,101,13.45,13.45,0.0,-13450.0,0.0
2019-01-21,13,0,102,80.5,80.5,0.0,-30865.224881,0.0
2019-01-21,13,0,103,70.0,70.0,0.0,-26839.325984,0.0
2019-01-21,13,0,104,13.0,13.0,0.0,-4984.446254,0.0
2019-01-21,13,0,106,272.53,272.53,0.0,-136947.031644,0.0
2019-01-21,13,0,109,60.0,60.0,0.0,-4350.934538,0.0
2019-01-21,13,0,110,338.6,338.6,0.0,-338600.0,0.0
2019-01-21,13,0,111,21.12,21.12,0.0,-2825.87525,0.0
2019-01-21,13,0,113,45.0,45.0,0.0,-10857.257893,0.0
2019-01-21,13,0,115,45.0,45.0,0.0,-10857.257893,0.0
2019-01-21,13,0,116,130.12,130.12,0.0,-130120.0,0.0
2019-01-21,13,0,117,3.0,3.0,0.0,-723.817193,0.0
2019-01-21,13,0,119,60.0,60.0,0.0,7140.639505,0.0
2019-01-21,13,0,120,35.28,35.28,0.0,4198.696029,0.0
2019-01-21,13,0,123,4.54,4.54,0.0,-2281.361772,0.0
2019-01-21,13,0,125,143.27,143.27,0.0,-71993.546485,0.0
2019-01-21,13,0,126,204.4,204.4,0.0,-102711.52999,0.0
2019-01-21,13,0,127,262.31,262.31,0.0,-131811.455145,0.0
2019-01-21,13,0,128,202.25,202.25,0.0,-101631.149415,0.0
2019-01-21,13,0,131,30.0,30.0,0.0,-10286.490589,0.0
2019-01-21,13,0,132,44.1,44.1,0.0,-15121.141165,0.0
2019-01-21,13,0,133,41.94,41.94,0.0,311.239409,0.0
2019-01-21,13,0,134,0.0,0.0,0.0,0.0,0.0
2019-01-21,13,0,135,56.2,56.2,0.0,417.063776,0.0
2019-01-21,13,0,136,44.55,44.55,0.0,259.924578,0.0
2019-01-21,13,0,139,44.94,44.94,0.0,-6013.012962,0.0
2019-01-21,13,0,140,250.6,250.6,0.0,-250600.0,0.0
2019-01-21,13,0,141,230.0,230.0,0.0,-123095.894532,0.0
2019-01-21,13,0,142,470.18,470.18,0.0,-251640.120396,0.0
2019-01-21,13,0,143,19.95,19.95,0.0,-19950.0,0.0
2019-01-21,13,0,145,100.0,100.0,0.0,-16022.186495,0.0
2019-01-21,13,0,146,268.0,268.0,0.0,-268000.0,0.0
2019-01-21,13,0,152,9.61,9.61,0.0,-300.844995,0.0
2019-01-21,13,0,153,11.99,11.99,0.0,-396.112242,0.0
2019-01-21,13,0,154,87.12,87.12,0.0,-11656.735408,0.0
2019-01-21,13,0,157,250.0,250.0,0.0,-133799.885361,0.0
2019-01-21,13,0,158,326.3,326.3,0.0,-174635.610373,0.0
2019-01-21,13,0,159,0.0,0.0,0.0,-0.0,0.0
2019-01-21,13,0,160,3.0,3.0,0.0,-60.502962,0.0
2019-01-21,13,0,161,68.46,68.46,0.0,-26248.860812,0.0
2019-01-21,13,0,162,162.5,162.5,0.0,3300.253811,0.0
2019-01-21,13,0,163,104.55,104.55,0.0,-104550.0,0.0
2019-01-21,13,0,164,24.46,24.46,0.0,-24460.0,0.0
2019-01-21,13,0,167,6.7,6.7,0.0,108.20891,0.0
2019-01-21,13,0,168,3.35,3.35,0.0,54.104455,0.0
2019-01-21,13,0,169,0.0,0.0,0.0,0.0,0.0
2019-01-21,13,0,170,7.33,7.33,0.0,118.383778,0.0
2019-01-21,13,0,172,8.81,8.81,0.0,79.959771,0.0
2019-01-21,13,0,173,13.42,13.42,0.0,121.800241,0.0
2019-01-21,13,0,188,12.03,12.03,0.0,288.154942,0.0
2019-01-21,13,0,190,10.08,10.08,0.0,326.869776,0.0
2019-01-21,13,0,191,26.04,26.04,0.0,844.413587,0.0
2019-01-21,13,0,192,332.6,332.6,0.0,10785.405497,0.0
2019-01-21,13,0,194,52.95,52.95,0.0,-6340.479258,0.0
2019-01-21,13,0,196,6.95,6.95,0.0,1932.14691,0.0
2019-01-21,13,0,198,13.25,13.25,0.0,107.449888,0.0
2019-01-21,13,0,199,73.53,73.53,0.0,-10407.877224,0.0
2019-01-21,13,0,200,22.56,22.56,0.0,-3193.277712,0.0
2019-01-21,13,0,204,257.1,257.1,0.0,-18094.08038,0.0
2019-01-21,13,0,205,317.4,317.4,0.0,-23016.443708,0.0
2019-01-21,13,0,206,539.94,539.94,0.0,-83101.379427,0.0
2019-01-21,13,0,210,2.71,2.71,0.0,-4.778895,0.0
2019-01-21,13,0,214,16.63,16.63,0.0,1028.341434,0.0
2019-01-21,13,0,217,10.96,10.96,0.0,462.682797,0.0
2019-01-21,13,0,218,15.12,15.12,0.0,638.299625,0.0
2019-01-21,13,0,219,10.3,10.3,0.0,434.820511,0.0
2019-01-21,13,0,221,8.87,8.87,0.0,548.489989,0.0
2019-01-21,13,0,225,8.01,8.01,0.0,26.334889,0.0
2019-01-21,13,0,233,9.47,9.47,0.0,393.768885,0.0
2019-01-21,13,0,236,199.8,199.8,0.0,-2288.413111,0.0
2019-01-21,13,0,237,276.65,276.65,0.0,-9380.559668,0.0
2019-01-21,13,0,238,100.94,100.94,0.0,-14.315732,0.0
2019-01-21,13,0,240,14.5,14.5,0.0,-666.223124,0.0
2019-01-21,13,0,245,78.0,78.0,0.0,964.730092,0.0
2019-01-21,13,0,247,131.96,131.96,0.0,1632.125422,0.0
2019-01-21,13,0,248,27.77,27.77,0.0,-941.616273,0.0
2019-01-21,13,0,249,150.0,150.0,0.0,1855.250177,0.0
2019-01-21,13,0,251,231.58,231.58,0.0,843.718402,0.0
2019-01-21,13,0,252,201.57,201.57,0.0,1191.328204,0.0
2019-01-21,13,0,254,21.55,21.55,0.0,-751.742725,0.0
2019-01-21,13,0,255,9.88,9.88,0.0,-344.650493,0.0
2019-01-21,13,0,258,17.84,17.84,0.0,-802.01332,0.0
2019-01-21,13,0,260,7.3,7.3,0.0,-147.223874,0.0
2019-01-21,13,0,265,90.2,90.2,0.0,-12068.842215,0.0
2019-01-21,13,0,266,29.1,29.1,0.0,-3893.606524,0.0
2019-01-21,13,0,267,35.76,35.76,0.0,-4784.720594,0.0
2019-01-21,13,0,270,325.32,325.32,0.0,-325320.0,0.0
2019-01-21,13,0,272,150.39,150.39,0.0,-36284.955878,0.0
2019-01-21,13,0,273,31.12,31.12,0.0,-31120.0,0.0
2019-01-21,13,0,274,419.18,419.18,0.0,-419180.0,0.0
2019-01-21,13,0,275,583.24,583.24,0.0,-583240.0,0.0
2019-01-21,13,0,276,7.21,7.21,0.0,-6461.745253,0.0
2019-01-21,13,0,277,9.01,9.01,0.0,-2206.961284,0.0
2019-01-21,13,0,278,14.42,14.42,0.0,-3532.117838,0.0
2019-01-21,13,0,279,378.16,378.16,0.0,-92628.688038,0.0
2019-01-21,13,0,281,9.55,9.55,0.0,-9550.0,0.0
2019-01-21,13,0,282,366.27,366.27,0.0,-366270.0,0.0
2019-01-21,14,0,9,3.56,3.56,0.0,-1965.350044,0.0
2019-01-21,14,0,17,58.45,58.45,0.0,-793.519523,0.0
2019-01-21,14,0,19,192.99,192.99,0.0,-2620.03991,0.0
2019-01-21,14,0,20,234.06,234.06,0.0,-3177.607862,0.0
2019-01-21,14,0,21,81.44,81.44,0.0,-44960.142572,0.0
2019-01-21,14,0,22,289.45,289.45,0.0,-159795.103973,0.0
2019-01-21,14,0,23,42.61,42.61,0.0,-23523.473416,0.0
2019-01-21,14,0,24,73.27,73.27,0.0,-40449.774635,0.0
2019-01-21,14,0,29,8.88,8.88,0.0,29.1364,0.0
2019-01-21,14,0,30,699.83,699.83,0.0,-699830.0,0.0
2019-01-21,14,0,31,44.01,44.01,0.0,-44010.0,0.0
2019-01-21,14,0,32,5.95,5.95,0.0,238.595742,0.0
2019-01-21,14,0,33,3.46,3.46,0.0,9.567149,0.0
2019-01-21,14,0,34,5.54,5.54,0.0,15.318499,0.0
2019-01-21,14,0,35,5.54,5.54,0.0,15.318499,0.0
2019-01-21,14,0,36,13.38,13.38,0.0,-312.069159,0.0
2019-01-21,14,0,37,6.32,6.32,0.0,-130.221381,0.0
2019-01-21,14,0,38,8.12,8.12,0.0,-167.309749,0.0
2019-01-21,14,0,39,5.41,5.41,0.0,-111.47115,0.0
2019-01-21,14,0,40,5.41,5.41,0.0,-111.47115,0.0
2019-01-21,14,0,41,34.8,34.8,0.0,-6502.22421,0.0
2019-01-21,14,0,42,81.23,81.23,0.0,-1390.513001,0.0
2019-01-21,14,0,43,40.42,40.42,0.0,-513.978371,0.0
2019-01-21,14,0,46,35.25,35.25,0.0,8.791226,0.0
2019-01-21,14,0,52,46.66,46.66,0.0,-46660.0,0.0
2019-01-21,14,0,53,74.12,74.12,0.0,-74120.0,0.0
2019-01-21,14,0,55,623.0,623.0,0.0,-343936.257645,0.0
2019-01-21,14,0,56,206.42,206.42,0.0,-206420.0,0.0
2019-01-21,14,0,57,196.35,196.35,0.0,-196350.0,0.0
2019-01-21,14,0,58,377.6,377.6,0.0,-377600.0,0.0
2019-01-21,14,0,59,371.31,371.31,0.0,-371310.0,0.0
2019-01-21,14,0,63,51.0,51.0,0.0,5663.438951,0.0
2019-01-21,14,0,64,60.0,60.0,0.0,6662.869354,0.0
2019-01-21,14,0,65,41.4,41.4,0.0,-589.289346,0.0
2019-01-21,14,0,67,369.73,369.73,0.0,-203528.804241,0.0
2019-01-21,14,0,68,19.16,19.16,0.0,-7734.674324,0.0
2019-01-21,14,0,69,3.46,3.46,0.0,9.567149,0.0
2019-01-21,14,0,74,163.7,163.7,0.0,-6443.0628,0.0
2019-01-21,14,0,77,60.0,60.0,0.0,-16718.185029,0.0
2019-01-21,14,0,78,45.36,45.36,0.0,-12638.947882,0.0
2019-01-21,14,0,79,26.25,26.25,0.0,-7314.20595,0.0
2019-01-21,14,0,80,42.45,42.45,0.0,-11828.115908,0.0
2019-01-21,14,0,81,55.5,55.5,0.0,-15464.321152,0.0
2019-01-21,14,0,82,39.15,39.15,0.0,-10908.615731,0.0
2019-01-21,14,0,83,87.3,87.3,0.0,-24324.959217,0.0
2019-01-21,14,0,84,0.0,0.0,0.0,-0.0,0.0
2019-01-21,14,0,86,17.54,17.54,0.0,48.499362,0.0
2019-01-21,14,0,87,89.57,89.57,0.0,247.667494,0.0
2019-01-21,14,0,88,51.18,51.18,0.0,-14260.61183,0.0
2019-01-21,14,0,89,49.2,49.2,0.0,-13708.911724,0.0
2019-01-21,14,0,90,66.06,66.06,0.0,-18406.721717,0.0
2019-01-21,14,0,91,235.65,235.65,0.0,-65660.6717,0.0
2019-01-21,14,0,92,84.75,84.75,0.0,-23614.436353,0.0
2019-01-21,14,0,95,120.0,120.0,0.0,2333.493576,0.0
2019-01-21,14,0,96,31.39,31.39,0.0,-7445.701723,0.0
2019-01-21,14,0,97,210.51,210.51,0.0,-49932.929906,0.0
2019-01-21,14,0,99,31.6,31.6,0.0,-1243.743338,0.0
2019-01-21,14,0,101,14.1,14.1,0.0,-14100.0,0.0
2019-01-21,14,0,102,45.25,45.25,0.0,-18266.910918,0.0
2019-01-21,14,0,103,39.36,39.36,0.0,-15889.184833,0.0
2019-01-21,14,0,104,7.37,7.37,0.0,-2975.18527,0.0
2019-01-21,14,0,106,284.94,284.94,0.0,-157305.292542,0.0
2019-01-21,14,0,109,60.0,60.0,0.0,-1515.172534,0.0
2019-01-21,14,0,110,338.6,338.6,0.0,-338600.0,0.0
2019-01-21,14,0,111,22.82,22.82,0.0,-4263.814841,0.0
2019-01-21,14,0,113,45.0,45.0,0.0,-11613.733122,0.0
2019-01-21,14,0,115,45.0,45.0,0.0,-11613.733122,0.0
2019-01-21,14,0,116,132.83,132.83,0.0,-132830.0,0.0
2019-01-21,14,0,117,3.0,3.0,0.0,-774.248875,0.0
2019-01-21,14,0,119,60.0,60.0,0.0,6662.869354,0.0
2019-01-21,14,0,120,35.28,35.28,0.0,3917.76718,0.0
2019-01-21,14,0,123,4.75,4.75,0.0,-2622.30694,0.0
2019-01-21,14,0,125,66.79,66.79,0.0,-36872.395904,0.0
2019-01-21,14,0,126,213.7,213.7,0.0,-117976.209083,0.0
2019-01-21,14,0,127,274.25,274.25,0.0,-151403.721764,0.0
2019-01-21,14,0,128,92.7,92.7,0.0,-51176.390183,0.0
2019-01-21,14,0,131,30.0,30.0,0.0,-10934.559235,0.0
2019-01-21,14,0,132,44.1,44.1,0.0,-16073.802076,0.0
2019-01-21,14,0,133,41.94,41.94,0.0,-566.779085,0.0
2019-01-21,14,0,134,0.0,0.0,0.0,-0.0,0.0
2019-01-21,14,0,135,56.2,56.2,0.0,-759.489379,0.0
2019-01-21,14,0,136,45.9,45.9,0.0,-655.000582,0.0
2019-01-21,14,0,139,44.94,44.94,0.0,-8396.837816,0.0
2019-01-21,14,0,140,250.6,250.6,0.0,-250600.0,0.0
2019-01-21,14,0,141,230.0,230.0,0.0,-126610.296637,0.0
2019-01-21,14,0,142,487.58,487.58,0.0,-268402.819279,0.0
2019-01-21,14,0,143,49.33,49.33,0.0,-49330.0,0.0
2019-01-21,14,0,145,56.12,56.12,0.0,-15110.919865,0.0
2019-01-21,14,0,146,268.0,268.0,0.0,-268000.0,0.0
2019-01-21,14,0,152,10.29,10.29,0.0,-290.110385,0.0
2019-01-21,14,0,153,12.72,12.72,0.0,-365.97832,0.0
2019-01-21,14,0,154,94.12,94.12,0.0,-17585.90065,0.0
2019-01-21,14,0,157,250.0,250.0,0.0,-137619.887649,0.0
2019-01-21,14,0,158,348.89,348.89,0.0,-192056.810407,0.0
2019-01-21,14,0,159,0.0,0.0,0.0,-0.0,0.0
2019-01-21,14,0,160,3.12,3.12,0.0,-17.317469,0.0
2019-01-21,14,0,161,70.15,70.15,0.0,-28318.75803,0.0
2019-01-21,14,0,162,162.5,162.5,0.0,3290.564643,0.0
2019-01-21,14,0,163,130.61,130.61,0.0,-130610.0,0.0
2019-01-21,14,0,164,26.42,26.42,0.0,-26420.0,0.0
2019-01-21,14,0,167,6.7,6.7,0.0,110.070592,0.0
2019-01-21,14,0,168,3.35,3.35,0.0,55.035296,0.0
2019-01-21,14,0,169,0.0,0.0,0.0,0.0,0.0
2019-01-21,14,0,170,7.33,7.33,0.0,120.420514,0.0
2019-01-21,14,0,172,8.94,8.94,0.0,102.240951,0.0
2019-01-21,14,0,173,13.62,13.62,0.0,155.763059,0.0
2019-01-21,14,0,188,12.08,12.08,0.0,254.851888,0.0
2019-01-21,14,0,190,10.21,10.21,0.0,331.085358,0.0
2019-01-21,14,0,191,26.38,26.38,0.0,855.438957,0.0
2019-01-21,14,0,192,332.6,332.6,0.0,10785.405497,0.0
2019-01-21,14,0,194,0.0,0.0,0.0,-0.0,0.0
2019-01-21,14,0,196,7.04,7.04,0.0,1867.977826,0.0
2019-01-21,14,0,198,13.64,13.64,0.0,83.414297,0.0
2019-01-21,14,0,199,130.0,130.0,0.0,-13103.781174,0.0
2019-01-21,14,0,200,23.14,23.14,0.0,-2332.473049,0.0
2019-01-21,14,0,204,257.1,257.1,0.0,3995.71833,0.0
2019-01-21,14,0,205,317.4,317.4,0.0,-8015.262705,0.0
2019-01-21,14,0,206,745.19,745.19,0.0,-176758.918989,0.0
2019-01-21,14,0,210,2.74,2.74,0.0,11.477489,0.0
2019-01-21,14,0,214,16.78,16.78,0.0,204.650347,0.0
2019-01-21,14,0,217,11.09,11.09,0.0,116.172401,0.0
2019-01-21,14,0,218,15.31,15.31,0.0,160.37867,0.0
2019-01-21,14,0,219,10.43,10.43,0.0,109.258624,0.0
2019-01-21,14,0,221,8.95,8.95,0.0,109.154982,0.0
2019-01-21,14,0,225,8.24,8.24,0.0,26.314135,0.0
2019-01-21,14,0,233,9.93,9.93,0.0,27.457164,0.0
2019-01-21,14,0,236,141.48,141.48,0.0,-3050.492866,0.0
2019-01-21,14,0,237,392.7,392.7,0.0,-15456.266107,0.0
2019-01-21,14,0,238,105.72,105.72,0.0,-1809.738206,0.0
2019-01-21,14,0,240,15.16,15.16,0.0,-353.585087,0.0
2019-01-21,14,0,245,78.0,78.0,0.0,-870.196997,0.0
2019-01-21,14,0,247,171.72,171.72,0.0,-1915.772158,0.0
2019-01-21,14,0,248,39.42,39.42,0.0,-1551.530456,0.0
2019-01-21,14,0,249,150.0,150.0,0.0,-1673.455763,0.0
2019-01-21,14,0,251,326.4,326.4,0.0,-4998.611305,0.0
2019-01-21,14,0,252,267.06,267.06,0.0,-3801.343304,0.0
2019-01-21,14,0,254,22.08,22.08,0.0,-241.0666,0.0
2019-01-21,14,0,255,10.12,10.12,0.0,-110.488859,0.0
2019-01-21,14,0,258,18.6,18.6,0.0,-401.952297,0.0
2019-01-21,14,0,260,7.57,7.57,0.0,-42.017064,0.0
2019-01-21,14,0,265,97.45,97.45,0.0,-18208.096243,0.0
2019-01-21,14,0,266,29.1,29.1,0.0,-5437.204727,0.0
2019-01-21,14,0,267,35.76,35.76,0.0,-6681.595912,0.0
2019-01-21,14,0,270,454.05,454.05,0.0,-454050.0,0.0
2019-01-21,14,0,272,150.39,150.39,0.0,-38813.096094,0.0
2019-01-21,14,0,273,31.76,31.76,0.0,-31760.0,0.0
2019-01-21,14,0,274,605.65,605.65,0.0,-605650.0,0.0
2019-01-21,14,0,275,880.86,880.86,0.0,-880860.0,0.0
2019-01-21,14,0,276,7.33,7.33,0.0,-6594.299424,0.0
2019-01-21,14,0,277,9.34,9.34,0.0,-2487.458423,0.0
2019-01-21,14,0,278,14.95,14.95,0.0,-3981.531416,0.0
2019-01-21,14,0,279,264.6,264.6,0.0,-70469.11121,0.0
2019-01-21,14,0,281,19.75,19.75,0.0,-19750.0,0.0
2019-01-21,14,0,282,383.9,383.9,0.0,-383900.0,0.0
2019-01-21,15,0,9,3.37,3.37,0.0,-1701.505412,0.0
2019-01-21,15,0,17,56.12,56.12,0.0,-1980.791775,0.0
2019-01-21,15,0,19,192.99,192.99,0.0,-6811.707139,0.0
2019-01-21,15,0,20,234.06,234.06,0.0,-8261.299409,0.0
2019-01-21,15,0,21,77.03,77.03,0.0,-38892.273567,0.0
2019-01-21,15,0,22,273.76,273.76,0.0,-138220.807629,0.0
2019-01-21,15,0,23,32.64,32.64,0.0,-16479.862511,0.0
2019-01-21,15,0,24,57.75,57.75,0.0,-29157.844976,0.0
2019-01-21,15,0,29,8.09,8.09,0.0,27.318992,0.0
2019-01-21,15,0,30,657.13,657.13,0.0,-657130.0,0.0
2019-01-21,15,0,31,78.84,78.84,0.0,-78840.0,0.0
2019-01-21,15,0,32,5.45,5.45,0.0,228.275339,0.0
2019-01-21,15,0,33,3.26,3.26,0.0,-19.143023,0.0
2019-01-21,15,0,34,5.22,5.22,0.0,-30.652325,0.0
2019-01-21,15,0,35,5.22,5.22,0.0,-30.652325,0.0
2019-01-21,15,0,36,12.73,12.73,0.0,-1023.135204,0.0
2019-01-21,15,0,37,5.99,5.99,0.0,-484.427418,0.0
2019-01-21,15,0,38,7.7,7.7,0.0,-622.719719,0.0
2019-01-21,15,0,39,5.14,5.14,0.0,-415.685631,0.0
2019-01-21,15,0,40,5.14,5.14,0.0,-415.685631,0.0
2019-01-21,15,0,41,58.96,58.96,0.0,-8804.506821,0.0
2019-01-21,15,0,42,77.91,77.91,0.0,-3246.793562,0.0
2019-01-21,15,0,43,38.14,38.14,0.0,-2792.14247,0.0
2019-01-21,15,0,46,33.19,33.19,0.0,-3030.854521,0.0
2019-01-21,15,0,52,83.57,83.57,0.0,-83570.0,0.0
2019-01-21,15,0,53,132.77,132.77,0.0,-132770.0,0.0
2019-01-21,15,0,55,623.0,623.0,0.0,-314551.297314,0.0
2019-01-21,15,0,56,193.83,193.83,0.0,-193830.0,0.0
2019-01-21,15,0,57,184.37,184.37,0.0,-184370.0,0.0
2019-01-21,15,0,58,354.57,354.57,0.0,-354570.0,0.0
2019-01-21,15,0,59,348.66,348.66,0.0,-348660.0,0.0
2019-01-21,15,0,63,51.0,51.0,0.0,5917.630011,0.0
2019-01-21,15,0,64,60.0,60.0,0.0,6961.91766,0.0
2019-01-21,15,0,65,41.4,41.4,0.0,-1510.290103,0.0
2019-01-21,15,0,67,347.05,347.05,0.0,-186277.492555,0.0
2019-01-21,15,0,68,34.0,34.0,0.0,-13105.966638,0.0
2019-01-21,15,0,69,3.26,3.26,0.0,-19.143023,0.0
2019-01-21,15,0,74,217.6,217.6,0.0,-15284.164941,0.0
2019-01-21,15,0,77,60.0,60.0,0.0,-15180.170444,0.0
2019-01-21,15,0,78,45.36,45.36,0.0,-11476.208855,0.0
2019-01-21,15,0,79,26.25,26.25,0.0,-6641.324569,0.0
2019-01-21,15,0,80,42.45,42.45,0.0,-10739.970589,0.0
2019-01-21,15,0,81,55.5,55.5,0.0,-14041.65766,0.0
2019-01-21,15,0,82,39.15,39.15,0.0,-9905.061215,0.0
2019-01-21,15,0,83,87.3,87.3,0.0,-22087.147996,0.0
2019-01-21,15,0,84,0.0,0.0,0.0,-0.0,0.0
2019-01-21,15,0,86,16.52,16.52,0.0,-97.006974,0.0
2019-01-21,15,0,87,84.33,84.33,0.0,-495.193589,0.0
2019-01-21,15,0,88,51.18,51.18,0.0,-12948.685389,0.0
2019-01-21,15,0,89,49.2,49.2,0.0,-12447.739764,0.0
2019-01-21,15,0,90,66.06,66.06,0.0,-16713.367659,0.0
2019-01-21,15,0,91,235.65,235.65,0.0,-59620.119418,0.0
2019-01-21,15,0,92,84.75,84.75,0.0,-21441.990752,0.0
2019-01-21,15,0,95,120.0,120.0,0.0,2333.493576,0.0
2019-01-21,15,0,96,29.88,29.88,0.0,-4717.824682,0.0
2019-01-21,15,0,97,183.75,183.75,0.0,-29012.727088,0.0
2019-01-21,15,0,99,42.0,42.0,0.0,-2950.068601,0.0
2019-01-21,15,0,101,13.24,13.24,0.0,-13240.0,0.0
2019-01-21,15,0,102,80.5,80.5,0.0,-31030.303363,0.0
2019-01-21,15,0,103,70.0,70.0,0.0,-26982.87249,0.0
2019-01-21,15,0,104,13.0,13.0,0.0,-5011.104891,0.0
2019-01-21,15,0,106,269.5,269.5,0.0,-136069.94322,0.0
2019-01-21,15,0,109,60.0,60.0,0.0,-6526.513187,0.0
2019-01-21,15,0,110,338.6,338.6,0.0,-338600.0,0.0
2019-01-21,15,0,111,22.01,22.01,0.0,-3286.757041,0.0
2019-01-21,15,0,113,45.0,45.0,0.0,-10963.095115,0.0
2019-01-21,15,0,115,45.0,45.0,0.0,-10963.095115,0.0
2019-01-21,15,0,116,123.76,123.76,0.0,-123760.0,0.0
2019-01-21,15,0,117,3.0,3.0,0.0,-730.873008,0.0
2019-01-21,15,0,119,60.0,60.0,0.0,6961.91766,0.0
2019-01-21,15,0,120,35.28,35.28,0.0,4093.607584,0.0
2019-01-21,15,0,123,4.49,4.49,0.0,-2266.990891,0.0
2019-01-21,15,0,125,52.26,52.26,0.0,-26385.956336,0.0
2019-01-21,15,0,126,202.12,202.12,0.0,-102049.932926,0.0
2019-01-21,15,0,127,259.39,259.39,0.0,-130965.426983,0.0
2019-01-21,15,0,128,74.85,74.85,0.0,-37791.596475,0.0
2019-01-21,15,0,131,73.62,73.62,0.0,-25403.943039,0.0
2019-01-21,15,0,132,108.35,108.35,0.0,-37388.172077,0.0
2019-01-21,15,0,133,41.94,41.94,0.0,-1475.617924,0.0
2019-01-21,15,0,134,0.0,0.0,0.0,-0.0,0.0
2019-01-21,15,0,135,56.2,56.2,0.0,-1977.342092,0.0
2019-01-21,15,0,136,45.9,45.9,0.0,-1677.437523,0.0
2019-01-21,15,0,139,76.67,76.67,0.0,-11449.14413,0.0
2019-01-21,15,0,140,250.6,250.6,0.0,-250600.0,0.0
2019-01-21,15,0,141,230.0,230.0,0.0,-123451.442984,0.0
2019-01-21,15,0,142,457.67,457.67,0.0,-245652.269177,0.0
2019-01-21,15,0,143,102.37,102.37,0.0,-102370.0,0.0
2019-01-21,15,0,145,30.0,30.0,0.0,-4878.724287,0.0
2019-01-21,15,0,146,268.0,268.0,0.0,-268000.0,0.0
2019-01-21,15,0,152,9.65,9.65,0.0,-662.619771,0.0
2019-01-21,15,0,153,12.01,12.01,0.0,-842.710294,0.0
2019-01-21,15,0,154,90.81,90.81,0.0,-13560.672734,0.0
2019-01-21,15,0,157,250.0,250.0,0.0,-134186.35107,0.0
2019-01-21,15,0,158,330.66,330.66,0.0,-177480.235379,0.0
2019-01-21,15,0,159,0.0,0.0,0.0,-0.0,0.0
2019-01-21,15,0,160,2.95,2.95,0.0,-145.825697,0.0
2019-01-21,15,0,161,65.24,65.24,0.0,-25148.037161,0.0
2019-01-21,15,0,162,162.5,162.5,0.0,3300.011122,0.0
2019-01-21,15,0,163,142.89,142.89,0.0,-142890.0,0.0
2019-01-21,15,0,164,24.92,24.92,0.0,-24920.0,0.0
2019-01-21,15,0,167,6.15,6.15,0.0,100.159719,0.0
2019-01-21,15,0,168,3.08,3.08,0.0,50.16129,0.0
2019-01-21,15,0,169,0.0,0.0,0.0,0.0,0.0
2019-01-21,15,0,170,6.73,6.73,0.0,109.605676,0.0
2019-01-21,15,0,172,8.33,8.33,0.0,57.737843,0.0
2019-01-21,15,0,173,12.69,12.69,0.0,87.958371,0.0
2019-01-21,15,0,188,11.03,11.03,0.0,234.863524,0.0
2019-01-21,15,0,190,9.67,9.67,0.0,313.574477,0.0
2019-01-21,15,0,191,24.97,24.97,0.0,809.716101,0.0
2019-01-21,15,0,192,332.6,332.6,0.0,10785.405497,0.0
2019-01-21,15,0,194,0.0,0.0,0.0,-0.0,0.0
2019-01-21,15,0,196,6.64,6.64,0.0,1822.404728,0.0
2019-01-21,15,0,198,12.87,12.87,0.0,-132.049985,0.0
2019-01-21,15,0,199,130.0,130.0,0.0,-18562.30745,0.0
2019-01-21,15,0,200,21.28,21.28,0.0,-3038.506943,0.0
2019-01-21,15,0,204,257.1,257.1,0.0,-28969.774452,0.0
2019-01-21,15,0,205,317.4,317.4,0.0,-34525.25476,0.0
2019-01-21,15,0,206,539.94,539.94,0.0,-85252.418308,0.0
2019-01-21,15,0,210,2.54,2.54,0.0,14.750674,0.0
2019-01-21,15,0,214,15.44,15.44,0.0,177.929785,0.0
2019-01-21,15,0,217,10.2,10.2,0.0,119.368422,0.0
2019-01-21,15,0,218,14.08,14.08,0.0,164.775233,0.0
2019-01-21,15,0,219,9.59,9.59,0.0,112.229722,0.0
2019-01-21,15,0,221,8.23,8.23,0.0,94.842107,0.0
2019-01-21,15,0,225,7.53,7.53,0.0,23.660513,0.0
2019-01-21,15,0,233,9.35,9.35,0.0,-54.904068,0.0
2019-01-21,15,0,236,179.56,179.56,0.0,-9237.094287,0.0
2019-01-21,15,0,237,522.0,522.0,0.0,-36665.138324,0.0
2019-01-21,15,0,238,101.41,101.41,0.0,-4226.124183,0.0
2019-01-21,15,0,240,14.43,14.43,0.0,-1159.767556,0.0
2019-01-21,15,0,245,78.0,78.0,0.0,-2413.228822,0.0
2019-01-21,15,0,247,171.72,171.72,0.0,-5312.816069,0.0
2019-01-21,15,0,248,52.4,52.4,0.0,-3680.561778,0.0
2019-01-21,15,0,249,150.0,150.0,0.0,-4640.824659,0.0
2019-01-21,15,0,251,326.4,326.4,0.0,-12542.136781,0.0
2019-01-21,15,0,252,267.06,267.06,0.0,-9742.465575,0.0
2019-01-21,15,0,254,20.92,20.92,0.0,-1406.69554,0.0
2019-01-21,15,0,255,9.59,9.59,0.0,-644.847525,0.0
2019-01-21,15,0,258,17.71,17.71,0.0,-1402.895648,0.0
2019-01-21,15,0,260,7.17,7.17,0.0,-354.430593,0.0
2019-01-21,15,0,265,94.02,94.02,0.0,-14040.022579,0.0
2019-01-21,15,0,266,49.03,49.03,0.0,-7321.658233,0.0
2019-01-21,15,0,267,60.63,60.63,0.0,-9053.888204,0.0
2019-01-21,15,0,270,466.38,466.38,0.0,-466380.0,0.0
2019-01-21,15,0,272,150.39,150.39,0.0,-36638.663876,0.0
2019-01-21,15,0,273,29.59,29.59,0.0,-29590.0,0.0
2019-01-21,15,0,274,614.3,614.3,0.0,-614300.0,0.0
2019-01-21,15,0,275,881.73,881.73,0.0,-881730.0,0.0
2019-01-21,15,0,276,6.83,6.83,0.0,-6123.539136,0.0
2019-01-21,15,0,277,8.75,8.75,0.0,-2164.612886,0.0
2019-01-21,15,0,278,13.99,13.99,0.0,-3460.906774,0.0
2019-01-21,15,0,279,264.6,264.6,0.0,-65457.893673,0.0
2019-01-21,15,0,281,35.38,35.38,0.0,-35380.0,0.0
2019-01-21,15,0,282,360.48,360.48,0.0,-360480.0,0.0
2019-01-21,16,0,9,2.8,2.8,0.0,-1147.137514,0.0
2019-01-21,16,0,17,46.23,46.23,0.0,-34.341079,0.0
2019-01-21,16,0,19,332.0,332.0,0.0,-246.619907,0.0
2019-01-21,16,0,20,419.03,419.03,0.0,-311.268493,0.0
2019-01-21,16,0,21,64.07,64.07,0.0,-26248.964474,0.0
2019-01-21,16,0,22,227.71,227.71,0.0,-93290.958331,0.0
2019-01-21,16,0,23,32.64,32.64,0.0,-13372.345878,0.0
2019-01-21,16,0,24,57.75,57.75,0.0,-23659.711228,0.0
2019-01-21,16,0,29,6.54,6.54,0.0,21.966936,0.0
2019-01-21,16,0,30,548.13,548.13,0.0,-548130.0,0.0
2019-01-21,16,0,31,125.0,125.0,0.0,-125000.0,0.0
2019-01-21,16,0,32,4.36,4.36,0.0,158.961834,0.0
2019-01-21,16,0,33,2.62,2.62,0.0,18.265356,0.0
2019-01-21,16,0,34,4.19,4.19,0.0,29.210627,0.0
2019-01-21,16,0,35,4.19,4.19,0.0,29.210627,0.0
2019-01-21,16,0,36,10.57,10.57,0.0,-128.390544,0.0
2019-01-21,16,0,37,4.98,4.98,0.0,-60.699805,0.0
2019-01-21,16,0,38,6.41,6.41,0.0,-78.129669,0.0
2019-01-21,16,0,39,4.27,4.27,0.0,-52.045817,0.0
2019-01-21,16,0,40,4.27,4.27,0.0,-52.045817,0.0
2019-01-21,16,0,41,82.36,82.36,0.0,-2857.658992,0.0
2019-01-21,16,0,42,65.94,65.94,0.0,-159.247062,0.0
2019-01-21,16,0,43,32.11,32.11,0.0,-328.919718,0.0
2019-01-21,16,0,46,27.04,27.04,0.0,-391.582322,0.0
2019-01-21,16,0,52,132.5,132.5,0.0,-132500.0,0.0
2019-01-21,16,0,53,210.5,210.5,0.0,-210500.0,0.0
2019-01-21,16,0,55,623.0,623.0,0.0,-255238.096879,0.0
2019-01-21,16,0,56,161.68,161.68,0.0,-161680.0,0.0
2019-01-21,16,0,57,153.79,153.79,0.0,-153790.0,0.0
2019-01-21,16,0,58,295.75,295.75,0.0,-295750.0,0.0
2019-01-21,16,0,59,290.82,290.82,0.0,-290820.0,0.0
2019-01-21,16,0,63,0.0,0.0,0.0,0.0,0.0
2019-01-21,16,0,64,0.0,0.0,0.0,0.0,0.0
2019-01-21,16,0,65,41.4,41.4,0.0,-43.613327,0.0
2019-01-21,16,0,67,287.45,287.45,0.0,-159718.008634,0.0
2019-01-21,16,0,68,34.0,34.0,0.0,-13958.052629,0.0
2019-01-21,16,0,69,2.62,2.62,0.0,18.265356,0.0
2019-01-21,16,0,74,134.72,134.72,0.0,-1366.035735,0.0
2019-01-21,16,0,77,60.0,60.0,0.0,-17283.509906,0.0
2019-01-21,16,0,78,45.36,45.36,0.0,-13066.333489,0.0
2019-01-21,16,0,79,26.25,26.25,0.0,-7561.535584,0.0
2019-01-21,16,0,80,42.45,42.45,0.0,-12228.083259,0.0
2019-01-21,16,0,81,55.5,55.5,0.0,-15987.246663,0.0
2019-01-21,16,0,82,39.15,39.15,0.0,-11277.490214,0.0
2019-01-21,16,0,83,87.3,87.3,0.0,-25147.506913,0.0
2019-01-21,16,0,84,0.0,0.0,0.0,0.0,0.0
2019-01-21,16,0,86,13.26,13.26,0.0,92.442224,0.0
2019-01-21,16,0,87,67.68,67.68,0.0,471.831803,0.0
2019-01-21,16,0,88,51.18,51.18,0.0,-14742.83395,0.0
2019-01-21,16,0,89,49.2,49.2,0.0,-14172.478123,0.0
2019-01-21,16,0,90,66.06,66.06,0.0,-19029.144407,0.0
2019-01-21,16,0,91,235.65,235.65,0.0,-67880.985156,0.0
2019-01-21,16,0,92,84.75,84.75,0.0,-24412.957742,0.0
2019-01-21,16,0,95,0.0,0.0,0.0,0.0,0.0
2019-01-21,16,0,96,29.88,29.88,0.0,198.66129,0.0
2019-01-21,16,0,97,183.75,183.75,0.0,1221.687148,0.0
2019-01-21,16,0,99,29.54,29.54,0.0,-299.530104,0.0
2019-01-21,16,0,101,11.04,11.04,0.0,-11040.0,0.0
2019-01-21,16,0,102,80.5,80.5,0.0,-33047.742254,0.0
2019-01-21,16,0,103,70.0,70.0,0.0,-28737.167177,0.0
2019-01-21,16,0,104,13.0,13.0,0.0,-5336.902476,0.0
2019-01-21,16,0,106,224.16,224.16,0.0,-91836.55184,0.0
2019-01-21,16,0,109,60.0,60.0,0.0,-1118.208148,0.0
2019-01-21,16,0,110,338.6,338.6,0.0,-338600.0,0.0
2019-01-21,16,0,111,18.49,18.49,0.0,-641.550689,0.0
2019-01-21,16,0,113,45.0,45.0,0.0,-11879.141225,0.0
2019-01-21,16,0,115,45.0,45.0,0.0,-11879.141225,0.0
2019-01-21,16,0,116,101.15,101.15,0.0,-101150.0,0.0
2019-01-21,16,0,117,3.0,3.0,0.0,-791.942748,0.0
2019-01-21,16,0,119,0.0,0.0,0.0,0.0,0.0
2019-01-21,16,0,120,0.0,0.0,0.0,0.0,0.0
2019-01-21,16,0,123,3.74,3.74,0.0,-1532.247965,0.0
2019-01-21,16,0,125,52.26,52.26,0.0,-21410.502316,0.0
2019-01-21,16,0,126,168.12,168.12,0.0,-68877.41388,0.0
2019-01-21,16,0,127,215.75,215.75,0.0,-88391.042378,0.0
2019-01-21,16,0,128,74.85,74.85,0.0,-30665.443903,0.0
2019-01-21,16,0,131,30.0,30.0,0.0,-11153.323906,0.0
2019-01-21,16,0,132,44.1,44.1,0.0,-16395.386142,0.0
2019-01-21,16,0,133,50.5,50.5,0.0,-36.035026,0.0
2019-01-21,16,0,134,0.0,0.0,0.0,-0.0,0.0
2019-01-21,16,0,135,64.2,64.2,0.0,-45.810865,0.0
2019-01-21,16,0,136,45.9,45.9,0.0,-49.136639,0.0
2019-01-21,16,0,139,107.25,107.25,0.0,-3721.271574,0.0
2019-01-21,16,0,140,250.6,250.6,0.0,-250600.0,0.0
2019-01-21,16,0,141,230.0,230.0,0.0,-127796.632409,0.0
2019-01-21,16,0,142,379.07,379.07,0.0,-210625.519335,0.0
2019-01-21,16,0,143,186.5,186.5,0.0,-186500.0,0.0
2019-01-21,16,0,145,30.0,30.0,0.0,-923.614272,0.0
2019-01-21,16,0,146,268.0,268.0,0.0,-268000.0,0.0
2019-01-21,16,0,152,8.06,8.06,0.0,-75.339187,0.0
2019-01-21,16,0,153,10.0,10.0,0.0,-97.316861,0.0
2019-01-21,16,0,154,76.29,76.29,0.0,-2647.047165,0.0
2019-01-21,16,0,157,250.0,250.0,0.0,-138909.383053,0.0
2019-01-21,16,0,158,276.64,276.64,0.0,-153711.566911,0.0
2019-01-21,16,0,159,0.0,0.0,0.0,-0.0,0.0
2019-01-21,16,0,160,2.47,2.47,0.0,-10.804527,0.0
2019-01-21,16,0,161,54.35,54.35,0.0,-22312.357658,0.0
2019-01-21,16,0,162,0.0,0.0,0.0,0.0,0.0
2019-01-21,16,0,163,146.36,146.36,0.0,-146360.0,0.0
2019-01-21,16,0,164,20.7,20.7,0.0,-20700.0,0.0
2019-01-21,16,0,167,4.89,4.89,0.0,96.223419,0.0
2019-01-21,16,0,168,2.45,2.45,0.0,48.210098,0.0
2019-01-21,16,0,169,0.0,0.0,0.0,0.0,0.0
2019-01-21,16,0,170,5.35,5.35,0.0,105.275111,0.0
2019-01-21,16,0,172,6.72,6.72,0.0,80.166072,0.0
2019-01-21,16,0,173,10.24,10.24,0.0,122.157824,0.0
2019-01-21,16,0,188,8.91,8.91,0.0,173.091644,0.0
2019-01-21,16,0,190,7.95,7.95,0.0,257.799079,0.0
2019-01-21,16,0,191,20.55,20.55,0.0,666.386299,0.0
2019-01-21,16,0,192,332.6,332.6,0.0,10785.405497,0.0
2019-01-21,16,0,194,0.0,0.0,0.0,-0.0,0.0
2019-01-21,16,0,196,5.33,5.33,0.0,1387.808052,0.0
2019-01-21,16,0,198,10.49,10.49,0.0,54.345818,0.0
2019-01-21,16,0,199,130.0,130.0,0.0,-11531.643504,0.0
2019-01-21,16,0,200,17.53,17.53,0.0,-1554.997774,0.0
2019-01-21,16,0,204,257.1,257.1,0.0,-5008.365556,0.0
2019-01-21,16,0,205,317.4,317.4,0.0,-5915.321105,0.0
2019-01-21,16,0,206,539.94,539.94,0.0,3589.865353,0.0
2019-01-21,16,0,210,2.04,2.04,0.0,7.036465,0.0
2019-01-21,16,0,214,11.75,11.75,0.0,135.40641,0.0
2019-01-21,16,0,217,8.0,8.0,0.0,72.875755,0.0
2019-01-21,16,0,218,11.03,11.03,0.0,100.477447,0.0
2019-01-21,16,0,219,7.52,7.52,0.0,68.503209,0.0
2019-01-21,16,0,221,6.27,6.27,0.0,72.255165,0.0
2019-01-21,16,0,225,6.22,6.22,0.0,20.837806,0.0
2019-01-21,16,0,233,7.5,7.5,0.0,52.286326,0.0
2019-01-21,16,0,236,159.03,159.03,0.0,-785.626378,0.0
2019-01-21,16,0,237,308.11,308.11,0.0,-3124.178076,0.0
2019-01-21,16,0,238,85.83,85.83,0.0,-207.282004,0.0
2019-01-21,16,0,240,11.98,11.98,0.0,-145.51738,0.0
2019-01-21,16,0,245,78.0,78.0,0.0,31.15711,0.0
2019-01-21,16,0,247,171.72,171.72,0.0,68.593577,0.0
2019-01-21,16,0,248,36.28,36.28,0.0,-367.87245,0.0
2019-01-21,16,0,249,150.0,150.0,0.0,59.91752,0.0
2019-01-21,16,0,251,326.4,326.4,0.0,-510.315448,0.0
2019-01-21,16,0,252,267.06,267.06,0.0,-281.337564,0.0
2019-01-21,16,0,254,15.88,15.88,0.0,-139.279228,0.0
2019-01-21,16,0,255,7.28,7.28,0.0,-63.850931,0.0
2019-01-21,16,0,258,14.71,14.71,0.0,-174.156344,0.0
2019-01-21,16,0,260,6.0,6.0,0.0,-26.245816,0.0
2019-01-21,16,0,265,78.99,78.99,0.0,-2740.729526,0.0
2019-01-21,16,0,266,68.38,68.38,0.0,-2372.592543,0.0
2019-01-21,16,0,267,84.71,84.71,0.0,-2939.197343,0.0
2019-01-21,16,0,270,395.58,395.58,0.0,-395580.0,0.0
2019-01-21,16,0,272,150.39,150.39,0.0,-39700.089974,0.0
2019-01-21,16,0,273,24.19,24.19,0.0,-24190.0,0.0
2019-01-21,16,0,274,493.67,493.67,0.0,-493670.0,0.0
2019-01-21,16,0,275,661.83,661.83,0.0,-661830.0,0.0
2019-01-21,16,0,276,5.57,5.57,0.0,-5017.36265,0.0
2019-01-21,16,0,277,7.15,7.15,0.0,-1956.483153,0.0
2019-01-21,16,0,278,11.44,11.44,0.0,-3130.373045,0.0
2019-01-21,16,0,279,604.22,604.22,0.0,-165335.139964,0.0
2019-01-21,16,0,281,56.1,56.1,0.0,-56100.0,0.0
2019-01-21,16,0,282,300.68,300.68,0.0,-300680.0,0.0
2019-01-21,17,0,9,1.96,1.96,0.0,-21.857425,0.0
2019-01-21,17,0,17,32.31,32.31,0.0,199.464763,0.0
2019-01-21,17,0,19,284.63,284.63,0.0,1757.154303,0.0
2019-01-21,17,0,20,342.76,342.76,0.0,2116.01802,0.0
2019-01-21,17,0,21,44.72,44.72,0.0,-498.706136,0.0
2019-01-21,17,0,22,158.93,158.93,0.0,-1772.347186,0.0
2019-01-21,17,0,23,47.2,47.2,0.0,-526.362469,0.0
2019-01-21,17,0,24,83.96,83.96,0.0,-936.300697,0.0
2019-01-21,17,0,29,4.49,4.49,0.0,15.53159,0.0
2019-01-21,17,0,30,388.27,388.27,0.0,-4371.430276,0.0
2019-01-21,17,0,31,96.67,96.67,0.0,-1088.382221,0.0
2019-01-21,17,0,32,3.03,3.03,0.0,127.002238,0.0
2019-01-21,17,0,33,1.83,1.83,0.0,17.152711,0.0
2019-01-21,17,0,34,2.93,2.93,0.0,27.463084,0.0
2019-01-21,17,0,35,2.93,2.93,0.0,27.463084,0.0
2019-01-21,17,0,36,7.55,7.55,0.0,8.613252,0.0
2019-01-21,17,0,37,3.5,3.5,0.0,3.719226,0.0
2019-01-21,17,0,38,4.51,4.51,0.0,4.792489,0.0
2019-01-21,17,0,39,3.0,3.0,0.0,3.187908,0.0
2019-01-21,17,0,40,3.0,3.0,0.0,3.187908,0.0
2019-01-21,17,0,41,34.8,34.8,0.0,-192.920748,0.0
2019-01-21,17,0,42,46.3,46.3,0.0,253.719727,0.0
2019-01-21,17,0,43,22.36,22.36,0.0,40.828665,0.0
2019-01-21,17,0,46,19.27,19.27,0.0,-1.866153,0.0
2019-01-21,17,0,52,102.47,102.47,0.0,-1153.682902,0.0
2019-01-21,17,0,53,162.79,162.79,0.0,-1832.80999,0.0
2019-01-21,17,0,55,623.0,623.0,0.0,-6947.538521,0.0
2019-01-21,17,0,56,114.53,114.53,0.0,-1289.463285,0.0
2019-01-21,17,0,57,108.94,108.94,0.0,-1226.526938,0.0
2019-01-21,17,0,58,209.5,209.5,0.0,-2358.70565,0.0
2019-01-21,17,0,59,206.01,206.01,0.0,-2319.412654,0.0
2019-01-21,17,0,63,95.49,95.49,0.0,10545.921221,0.0
2019-01-21,17,0,64,112.31,112.31,0.0,12403.523011,0.0
2019-01-21,17,0,65,41.4,41.4,0.0,250.24773,0.0
2019-01-21,17,0,67,201.61,201.61,0.0,-112407.654342,0.0
2019-01-21,17,0,68,19.11,19.11,0.0,-7893.728262,0.0
2019-01-21,17,0,69,1.83,1.83,0.0,17.152711,0.0
2019-01-21,17,0,74,104.24,104.24,0.0,251.549792,0.0
2019-01-21,17,0,77,60.0,60.0,0.0,-17525.38039,0.0
2019-01-21,17,0,78,45.36,45.36,0.0,-13249.187575,0.0
2019-01-21,17,0,79,26.25,26.25,0.0,-7667.353921,0.0
2019-01-21,17,0,80,42.45,42.45,0.0,-12399.206626,0.0
2019-01-21,17,0,81,55.5,55.5,0.0,-16210.976861,0.0
2019-01-21,17,0,82,39.15,39.15,0.0,-11435.310704,0.0
2019-01-21,17,0,83,87.3,87.3,0.0,-25499.428467,0.0
2019-01-21,17,0,84,0.0,0.0,0.0,0.0,0.0
2019-01-21,17,0,86,9.27,9.27,0.0,86.888325,0.0
2019-01-21,17,0,87,47.31,47.31,0.0,443.439767,0.0
2019-01-21,17,0,88,51.18,51.18,0.0,-14949.149473,0.0
2019-01-21,17,0,89,49.2,49.2,0.0,-14370.81192,0.0
2019-01-21,17,0,90,66.06,66.06,0.0,-19295.443809,0.0
2019-01-21,17,0,91,235.65,235.65,0.0,-68830.931481,0.0
2019-01-21,17,0,92,84.75,84.75,0.0,-24754.599801,0.0
2019-01-21,17,0,95,120.0,120.0,0.0,2333.493576,0.0
2019-01-21,17,0,96,29.88,29.88,0.0,-339.752162,0.0
2019-01-21,17,0,97,183.75,183.75,0.0,-2089.339347,0.0
2019-01-21,17,0,99,21.2,21.2,0.0,51.159397,0.0
2019-01-21,17,0,101,7.82,7.82,0.0,-88.043333,0.0
2019-01-21,17,0,102,45.19,45.19,0.0,-18666.540039,0.0
2019-01-21,17,0,103,39.3,39.3,0.0,-16233.569894,0.0
2019-01-21,17,0,104,7.33,7.33,0.0,-3027.787973,0.0
2019-01-21,17,0,106,156.45,156.45,0.0,-1744.690853,0.0
2019-01-21,17,0,109,60.0,60.0,0.0,-115.61416,0.0
2019-01-21,17,0,110,338.6,338.6,0.0,-338600.0,0.0
2019-01-21,17,0,111,13.96,13.96,0.0,-77.390047,0.0
2019-01-21,17,0,113,45.0,45.0,0.0,-11922.280484,0.0
2019-01-21,17,0,115,45.0,45.0,0.0,-11922.280484,0.0
2019-01-21,17,0,116,72.53,72.53,0.0,-72530.0,0.0
2019-01-21,17,0,117,3.0,3.0,0.0,-794.818699,0.0
2019-01-21,17,0,119,112.31,112.31,0.0,12403.523011,0.0
2019-01-21,17,0,120,66.1,66.1,0.0,7300.087891,0.0
2019-01-21,17,0,123,2.61,2.61,0.0,-29.10606,0.0
2019-01-21,17,0,125,75.89,75.89,0.0,-846.306097,0.0
2019-01-21,17,0,126,117.34,117.34,0.0,-1308.546019,0.0
2019-01-21,17,0,127,150.59,150.59,0.0,-1679.341615,0.0
2019-01-21,17,0,128,109.23,109.23,0.0,-1218.105349,0.0
2019-01-21,17,0,131,30.0,30.0,0.0,-11234.436861,0.0
2019-01-21,17,0,132,44.1,44.1,0.0,-16514.622185,0.0
2019-01-21,17,0,133,111.85,111.85,0.0,691.860121,0.0
2019-01-21,17,0,134,0.0,0.0,0.0,0.0,0.0
2019-01-21,17,0,135,146.43,146.43,0.0,905.758404,0.0
2019-01-21,17,0,136,45.9,45.9,0.0,277.123924,0.0
2019-01-21,17,0,139,44.94,44.94,0.0,-249.133862,0.0
2019-01-21,17,0,140,250.6,250.6,0.0,-250600.0,0.0
2019-01-21,17,0,141,230.0,230.0,0.0,-128236.498679,0.0
2019-01-21,17,0,142,265.87,265.87,0.0,-148235.816973,0.0
2019-01-21,17,0,143,131.96,131.96,0.0,-1485.703091,0.0
2019-01-21,17,0,145,30.0,30.0,0.0,-233.82739,0.0
2019-01-21,17,0,146,268.0,268.0,0.0,-268000.0,0.0
2019-01-21,17,0,152,5.68,5.68,0.0,14.316054,0.0
2019-01-21,17,0,153,7.02,7.02,0.0,16.535591,0.0
2019-01-21,17,0,154,57.58,57.58,0.0,-319.206225,0.0
2019-01-21,17,0,157,250.0,250.0,0.0,-139387.498564,0.0
2019-01-21,17,0,158,196.36,196.36,0.0,-109480.516872,0.0
2019-01-21,17,0,159,0.0,0.0,0.0,0.0,0.0
2019-01-21,17,0,160,1.74,1.74,0.0,7.392269,0.0
2019-01-21,17,0,161,38.52,38.52,0.0,-15911.376904,0.0
2019-01-21,17,0,162,162.5,162.5,0.0,3285.036938,0.0
2019-01-21,17,0,163,185.4,185.4,0.0,-185400.0,0.0
2019-01-21,17,0,164,15.03,15.03,0.0,-169.218835,0.0
2019-01-21,17,0,167,3.38,3.38,0.0,55.448567,0.0
2019-01-21,17,0,168,1.69,1.69,0.0,27.724284,0.0
2019-01-21,17,0,169,0.0,0.0,0.0,0.0,0.0
2019-01-21,17,0,170,3.69,3.69,0.0,60.534087,0.0
2019-01-21,17,0,172,4.65,4.65,0.0,73.950176,0.0
2019-01-21,17,0,173,7.09,7.09,0.0,112.75414,0.0
2019-01-21,17,0,188,6.2,6.2,0.0,143.420854,0.0
2019-01-21,17,0,190,5.62,5.62,0.0,182.242871,0.0
2019-01-21,17,0,191,14.52,14.52,0.0,470.848129,0.0
2019-01-21,17,0,192,332.6,332.6,0.0,10785.405497,0.0
2019-01-21,17,0,194,0.0,0.0,0.0,-0.0,0.0
2019-01-21,17,0,196,3.81,3.81,0.0,1000.828216,0.0
2019-01-21,17,0,198,7.36,7.36,0.0,59.887026,0.0
2019-01-21,17,0,199,130.0,130.0,0.0,-9665.431749,0.0
2019-01-21,17,0,200,12.29,12.29,0.0,-913.755048,0.0
2019-01-21,17,0,204,257.1,257.1,0.0,-607.969884,0.0
2019-01-21,17,0,205,317.4,317.4,0.0,-611.598909,0.0
2019-01-21,17,0,206,539.94,539.94,0.0,-6139.417073,0.0
2019-01-21,17,0,210,1.41,1.41,0.0,4.378094,0.0
2019-01-21,17,0,214,8.19,8.19,0.0,92.270104,0.0
2019-01-21,17,0,217,5.5,5.5,0.0,46.537737,0.0
2019-01-21,17,0,218,7.59,7.59,0.0,64.222077,0.0
2019-01-21,17,0,219,5.17,5.17,0.0,43.745473,0.0
2019-01-21,17,0,221,4.37,4.37,0.0,49.233255,0.0
2019-01-21,17,0,225,4.28,4.28,0.0,14.951538,0.0
2019-01-21,17,0,233,5.24,5.24,0.0,49.114867,0.0
2019-01-21,17,0,236,159.03,159.03,0.0,701.554675,0.0
2019-01-21,17,0,237,257.58,257.58,0.0,621.586679,0.0
2019-01-21,17,0,238,60.26,60.26,0.0,330.219239,0.0
2019-01-21,17,0,240,8.55,8.55,0.0,9.75408,0.0
2019-01-21,17,0,245,78.0,78.0,0.0,518.484766,0.0
2019-01-21,17,0,247,171.72,171.72,0.0,1141.464154,0.0
2019-01-21,17,0,248,26.21,26.21,0.0,63.249425,0.0
2019-01-21,17,0,249,150.0,150.0,0.0,997.086089,0.0
2019-01-21,17,0,251,326.4,326.4,0.0,1903.92445,0.0
2019-01-21,17,0,252,267.06,267.06,0.0,1614.279199,0.0
2019-01-21,17,0,254,11.18,11.18,0.0,27.210447,0.0
2019-01-21,17,0,255,5.13,5.13,0.0,12.485652,0.0
2019-01-21,17,0,258,10.57,10.57,0.0,13.228185,0.0
2019-01-21,17,0,260,4.23,4.23,0.0,17.970861,0.0
2019-01-21,17,0,265,59.62,59.62,0.0,-330.515373,0.0
2019-01-21,17,0,266,29.1,29.1,0.0,-161.32166,0.0
2019-01-21,17,0,267,35.76,35.76,0.0,-198.242699,0.0
2019-01-21,17,0,270,578.99,578.99,0.0,-578990.0,0.0
2019-01-21,17,0,272,150.39,150.39,0.0,-39844.261376,0.0
2019-01-21,17,0,273,17.35,17.35,0.0,-17350.0,0.0
2019-01-21,17,0,274,746.39,746.39,0.0,-746390.0,0.0
2019-01-21,17,0,275,1038.99,1038.99,0.0,-1038990.0,0.0
2019-01-21,17,0,276,3.98,3.98,0.0,-3586.816807,0.0
2019-01-21,17,0,277,5.06,5.06,0.0,-1395.67188,0.0
2019-01-21,17,0,278,8.1,8.1,0.0,-2234.178306,0.0
2019-01-21,17,0,279,264.6,264.6,0.0,-72983.158012,0.0
2019-01-21,17,0,281,43.39,43.39,0.0,-488.51665,0.0
2019-01-21,17,0,282,212.99,212.99,0.0,-2397.998647,0.0
2019-01-21,18,0,9,1.08,1.08,0.0,3.161121,0.0
2019-01-21,18,0,17,16.58,16.58,0.0,150.131975,0.0
2019-01-21,18,0,19,332.94,332.94,0.0,3014.773215,0.0
2019-01-21,18,0,20,405.43,405.43,0.0,3671.170495,0.0
2019-01-21,18,0,21,24.69,24.69,0.0,72.266735,0.0
2019-01-21,18,0,22,87.76,87.76,0.0,256.870338,0.0
2019-01-21,18,0,23,94.93,94.93,0.0,277.856668,0.0
2019-01-21,18,0,24,168.46,168.46,0.0,493.076312,0.0
2019-01-21,18,0,29,1.99,1.99,0.0,14.27695,0.0
2019-01-21,18,0,30,223.21,223.21,0.0,645.288475,0.0
2019-01-21,18,0,31,52.51,52.51,0.0,151.803673,0.0
2019-01-21,18,0,32,1.36,1.36,0.0,62.933625,0.0
2019-01-21,18,0,33,0.92,0.92,0.0,9.459514,0.0
2019-01-21,18,0,34,1.47,1.47,0.0,15.114659,0.0
2019-01-21,18,0,35,1.47,1.47,0.0,15.114659,0.0
2019-01-21,18,0,36,3.86,3.86,0.0,27.082708,0.0
2019-01-21,18,0,37,1.8,1.8,0.0,12.543684,0.0
2019-01-21,18,0,38,2.31,2.31,0.0,16.097728,0.0
2019-01-21,18,0,39,1.54,1.54,0.0,10.731818,0.0
2019-01-21,18,0,40,1.54,1.54,0.0,10.731818,0.0
2019-01-21,18,0,41,34.8,34.8,0.0,168.354013,0.0
2019-01-21,18,0,42,25.67,25.67,0.0,225.614078,0.0
2019-01-21,18,0,43,11.25,11.25,0.0,80.540845,0.0
2019-01-21,18,0,46,9.71,9.71,0.0,63.711659,0.0
2019-01-21,18,0,52,55.67,55.67,0.0,160.939068,0.0
2019-01-21,18,0,53,88.46,88.46,0.0,255.733249,0.0
2019-01-21,18,0,55,460.54,460.54,0.0,1347.983882,0.0
2019-01-21,18,0,56,65.84,65.84,0.0,190.340008,0.0
2019-01-21,18,0,57,62.63,62.63,0.0,181.060065,0.0
2019-01-21,18,0,58,120.44,120.44,0.0,348.185762,0.0
2019-01-21,18,0,59,118.43,118.43,0.0,342.374957,0.0
2019-01-21,18,0,63,170.0,170.0,0.0,19525.591274,0.0
2019-01-21,18,0,64,200.0,200.0,0.0,22971.283852,0.0
2019-01-21,18,0,65,41.4,41.4,0.0,372.831602,0.0
2019-01-21,18,0,67,110.84,110.84,0.0,-61585.67586,0.0
2019-01-21,18,0,68,10.2,10.2,0.0,-4187.270738,0.0
2019-01-21,18,0,69,0.92,0.92,0.0,9.459514,0.0
2019-01-21,18,0,74,59.02,59.02,0.0,450.259319,0.0
2019-01-21,18,0,77,60.0,60.0,0.0,-17368.412516,0.0
2019-01-21,18,0,78,45.36,45.36,0.0,-13130.519862,0.0
2019-01-21,18,0,79,26.25,26.25,0.0,-7598.680476,0.0
2019-01-21,18,0,80,42.45,42.45,0.0,-12288.151855,0.0
2019-01-21,18,0,81,55.5,55.5,0.0,-16065.781577,0.0
2019-01-21,18,0,82,39.15,39.15,0.0,-11332.889167,0.0
2019-01-21,18,0,83,87.3,87.3,0.0,-25271.040211,0.0
2019-01-21,18,0,84,0.0,0.0,0.0,0.0,0.0
2019-01-21,18,0,86,4.66,4.66,0.0,47.914496,0.0
2019-01-21,18,0,87,23.79,23.79,0.0,244.6107,0.0
2019-01-21,18,0,88,51.18,51.18,0.0,-14815.255876,0.0
2019-01-21,18,0,89,49.2,49.2,0.0,-14242.098263,0.0
2019-01-21,18,0,90,66.06,66.06,0.0,-19122.62218,0.0
2019-01-21,18,0,91,235.65,235.65,0.0,-68214.440156,0.0
2019-01-21,18,0,92,84.75,84.75,0.0,-24532.882679,0.0
2019-01-21,18,0,95,120.0,120.0,0.0,2333.493576,0.0
2019-01-21,18,0,96,29.88,29.88,0.0,85.256836,0.0
2019-01-21,18,0,97,183.75,183.75,0.0,524.295299,0.0
2019-01-21,18,0,99,11.39,11.39,0.0,86.893488,0.0
2019-01-21,18,0,101,4.5,4.5,0.0,13.009265,0.0
2019-01-21,18,0,102,24.15,24.15,0.0,-9913.979247,0.0
2019-01-21,18,0,103,21.0,21.0,0.0,-8620.851519,0.0
2019-01-21,18,0,104,3.9,3.9,0.0,-1601.015282,0.0
2019-01-21,18,0,106,86.39,86.39,0.0,252.860398,0.0
2019-01-21,18,0,109,60.0,60.0,0.0,360.85255,0.0
2019-01-21,18,0,110,338.6,338.6,0.0,-338600.0,0.0
2019-01-21,18,0,111,7.65,7.65,0.0,37.008856,0.0
2019-01-21,18,0,113,45.0,45.0,0.0,-11731.125185,0.0
2019-01-21,18,0,115,45.0,45.0,0.0,-11731.125185,0.0
2019-01-21,18,0,116,37.03,37.03,0.0,-37030.0,0.0
2019-01-21,18,0,117,3.0,3.0,0.0,-782.075012,0.0
2019-01-21,18,0,119,200.0,200.0,0.0,22971.283852,0.0
2019-01-21,18,0,120,117.6,117.6,0.0,13507.114905,0.0
2019-01-21,18,0,123,1.44,1.44,0.0,4.214828,0.0
2019-01-21,18,0,125,152.35,152.35,0.0,445.922926,0.0
2019-01-21,18,0,126,64.79,64.79,0.0,189.637981,0.0
2019-01-21,18,0,127,83.15,83.15,0.0,243.377035,0.0
2019-01-21,18,0,128,218.77,218.77,0.0,640.331858,0.0
2019-01-21,18,0,131,30.0,30.0,0.0,-11152.869238,0.0
2019-01-21,18,0,132,44.1,44.1,0.0,-16394.71778,0.0
2019-01-21,18,0,133,139.8,139.8,0.0,1266.540433,0.0
2019-01-21,18,0,134,0.0,0.0,0.0,0.0,0.0
2019-01-21,18,0,135,187.33,187.33,0.0,1697.146062,0.0
2019-01-21,18,0,136,45.9,45.9,0.0,413.232272,0.0
2019-01-21,18,0,139,44.94,44.94,0.0,217.408889,0.0
2019-01-21,18,0,140,250.6,250.6,0.0,-250600.0,0.0
2019-01-21,18,0,141,230.0,230.0,0.0,-127794.166797,0.0
2019-01-21,18,0,142,146.17,146.17,0.0,-81215.971134,0.0
2019-01-21,18,0,143,66.94,66.94,0.0,193.520051,0.0
2019-01-21,18,0,145,30.0,30.0,0.0,121.527168,0.0
2019-01-21,18,0,146,268.0,268.0,0.0,-268000.0,0.0
2019-01-21,18,0,152,2.97,2.97,0.0,22.703235,0.0
2019-01-21,18,0,153,3.66,3.66,0.0,27.743861,0.0
2019-01-21,18,0,154,31.58,31.58,0.0,152.776429,0.0
2019-01-21,18,0,157,250.0,250.0,0.0,-138906.703041,0.0
2019-01-21,18,0,158,107.83,107.83,0.0,-59913.239156,0.0
2019-01-21,18,0,159,0.0,0.0,0.0,0.0,0.0
2019-01-21,18,0,160,0.86,0.86,0.0,6.723322,0.0
2019-01-21,18,0,161,20.66,20.66,0.0,-8481.275828,0.0
2019-01-21,18,0,162,162.5,162.5,0.0,3287.847476,0.0
2019-01-21,18,0,163,185.4,185.4,0.0,-185400.0,0.0
2019-01-21,18,0,164,8.99,8.99,0.0,25.989621,0.0
2019-01-21,18,0,167,1.48,1.48,0.0,24.015716,0.0
2019-01-21,18,0,168,0.74,0.74,0.0,12.007858,0.0
2019-01-21,18,0,169,0.0,0.0,0.0,0.0,0.0
2019-01-21,18,0,170,1.62,1.62,0.0,26.287473,0.0
2019-01-21,18,0,172,2.07,2.07,0.0,34.503134,0.0
2019-01-21,18,0,173,3.16,3.16,0.0,52.671451,0.0
2019-01-21,18,0,188,2.81,2.81,0.0,73.222108,0.0
2019-01-21,18,0,190,2.73,2.73,0.0,88.527231,0.0
2019-01-21,18,0,191,7.04,7.04,0.0,228.290002,0.0
2019-01-21,18,0,192,332.6,332.6,0.0,10785.405497,0.0
2019-01-21,18,0,194,98.98,98.98,0.0,-12454.063264,0.0
2019-01-21,18,0,196,1.91,1.91,0.0,512.338582,0.0
2019-01-21,18,0,198,3.53,3.53,0.0,30.747927,0.0
2019-01-21,18,0,199,130.0,130.0,0.0,-3625.368986,0.0
2019-01-21,18,0,200,5.76,5.76,0.0,-160.631734,0.0
2019-01-21,18,0,204,257.1,257.1,0.0,1505.690547,0.0
2019-01-21,18,0,205,317.4,317.4,0.0,1908.909989,0.0
2019-01-21,18,0,206,539.94,539.94,0.0,1540.614987,0.0
2019-01-21,18,0,210,0.62,0.62,0.0,4.668691,0.0
2019-01-21,18,0,214,3.85,3.85,0.0,42.383461,0.0
2019-01-21,18,0,217,2.51,2.51,0.0,23.840141,0.0
2019-01-21,18,0,218,3.46,3.46,0.0,32.863303,0.0
2019-01-21,18,0,219,2.36,2.36,0.0,22.415432,0.0
2019-01-21,18,0,221,2.05,2.05,0.0,22.567817,0.0
2019-01-21,18,0,225,1.92,1.92,0.0,13.708773,0.0
2019-01-21,18,0,233,2.64,2.64,0.0,27.144693,0.0
2019-01-21,18,0,236,159.03,159.03,0.0,1332.160567,0.0
2019-01-21,18,0,237,141.58,141.58,0.0,1080.103598,0.0
2019-01-21,18,0,238,33.42,33.42,0.0,293.728963,0.0
2019-01-21,18,0,240,4.38,4.38,0.0,30.731156,0.0
2019-01-21,18,0,245,78.0,78.0,0.0,720.462654,0.0
2019-01-21,18,0,247,171.72,171.72,0.0,1586.126243,0.0
2019-01-21,18,0,248,14.21,14.21,0.0,108.407064,0.0
2019-01-21,18,0,249,150.0,150.0,0.0,1385.505104,0.0
2019-01-21,18,0,251,326.4,326.4,0.0,2912.947258,0.0
2019-01-21,18,0,252,267.06,267.06,0.0,2405.034003,0.0
2019-01-21,18,0,254,5.56,5.56,0.0,40.723996,0.0
2019-01-21,18,0,255,2.55,2.55,0.0,18.677372,0.0
2019-01-21,18,0,258,5.4,5.4,0.0,38.012391,0.0
2019-01-21,18,0,260,2.09,2.09,0.0,16.339235,0.0
2019-01-21,18,0,265,32.69,32.69,0.0,158.146342,0.0
2019-01-21,18,0,266,29.1,29.1,0.0,140.778787,0.0
2019-01-21,18,0,267,35.76,35.76,0.0,172.998262,0.0
2019-01-21,18,0,270,579.0,579.0,0.0,-579000.0,0.0
2019-01-21,18,0,272,150.39,150.39,0.0,-39205.420369,0.0
2019-01-21,18,0,273,8.86,8.86,0.0,-8860.0,0.0
2019-01-21,18,0,274,746.4,746.4,0.0,-746400.0,0.0
2019-01-21,18,0,275,1039.0,1039.0,0.0,-1039000.0,0.0
2019-01-21,18,0,276,2.05,2.05,0.0,-1846.600736,0.0
2019-01-21,18,0,277,2.63,2.63,0.0,-715.966971,0.0
2019-01-21,18,0,278,4.21,4.21,0.0,-1146.091615,0.0
2019-01-21,18,0,279,264.6,264.6,0.0,-72032.266346,0.0
2019-01-21,18,0,281,23.55,23.55,0.0,68.081822,0.0
2019-01-21,18,0,282,122.45,122.45,0.0,353.996567,0.0
2019-01-21,19,0,9,0.02,0.02,0.0,0.246779,0.0
2019-01-21,19,0,17,0.0,0.0,0.0,0.0,0.0
2019-01-21,19,0,19,615.51,615.51,0.0,551.654337,0.0
2019-01-21,19,0,20,748.14,748.14,0.0,670.524729,0.0
2019-01-21,19,0,21,0.57,0.57,0.0,7.033207,0.0
2019-01-21,19,0,22,2.02,2.02,0.0,24.924699,0.0
2019-01-21,19,0,23,108.8,108.8,0.0,1342.47883,0.0
2019-01-21,19,0,24,192.5,192.5,0.0,2375.249768,0.0
2019-01-21,19,0,29,0.0,0.0,0.0,0.0,0.0
2019-01-21,19,0,30,12.73,12.73,0.0,157.387124,0.0
2019-01-21,19,0,31,15.38,15.38,0.0,190.150351,0.0
2019-01-21,19,0,32,0.0,0.0,0.0,0.0,0.0
2019-01-21,19,0,33,0.0,0.0,0.0,0.0,0.0
2019-01-21,19,0,34,0.0,0.0,0.0,0.0,0.0
2019-01-21,19,0,35,0.0,0.0,0.0,0.0,0.0
2019-01-21,19,0,36,0.0,0.0,0.0,0.0,0.0
2019-01-21,19,0,37,0.0,0.0,0.0,0.0,0.0
2019-01-21,19,0,38,0.0,0.0,0.0,0.0,0.0
2019-01-21,19,0,39,0.0,0.0,0.0,0.0,0.0
2019-01-21,19,0,40,0.0,0.0,0.0,0.0,0.0
2019-01-21,19,0,41,34.8,34.8,0.0,384.888491,0.0
2019-01-21,19,0,42,0.78,0.78,0.0,5.213464,0.0
2019-01-21,19,0,43,0.0,0.0,0.0,0.0,0.0
2019-01-21,19,0,46,0.0,0.0,0.0,0.0,0.0
2019-01-21,19,0,52,16.3,16.3,0.0,201.524755,0.0
2019-01-21,19,0,53,25.9,25.9,0.0,320.214181,0.0
2019-01-21,19,0,55,152.81,152.81,0.0,1885.516452,0.0
2019-01-21,19,0,56,3.75,3.75,0.0,46.363057,0.0
2019-01-21,19,0,57,3.57,3.57,0.0,44.13763,0.0
2019-01-21,19,0,58,6.87,6.87,0.0,84.937121,0.0
2019-01-21,19,0,59,6.75,6.75,0.0,83.453503,0.0
2019-01-21,19,0,63,170.0,170.0,0.0,19116.489836,0.0
2019-01-21,19,0,64,200.0,200.0,0.0,22489.988043,0.0
2019-01-21,19,0,65,41.4,41.4,0.0,193.543888,0.0
2019-01-21,19,0,67,2.64,2.64,0.0,-1473.655196,0.0
2019-01-21,19,0,68,12.55,12.55,0.0,-5194.869405,0.0
2019-01-21,19,0,69,0.0,0.0,0.0,0.0,0.0
2019-01-21,19,0,74,45.61,45.61,0.0,422.606772,0.0
2019-01-21,19,0,77,60.0,60.0,0.0,-17638.858265,0.0
2019-01-21,19,0,78,45.36,45.36,0.0,-13334.976849,0.0
2019-01-21,19,0,79,26.25,26.25,0.0,-7717.000491,0.0
2019-01-21,19,0,80,42.45,42.45,0.0,-12479.492223,0.0
2019-01-21,19,0,81,55.5,55.5,0.0,-16315.943895,0.0
2019-01-21,19,0,82,39.15,39.15,0.0,-11509.355018,0.0
2019-01-21,19,0,83,87.3,87.3,0.0,-25664.538776,0.0
2019-01-21,19,0,84,0.0,0.0,0.0,0.0,0.0
2019-01-21,19,0,86,0.0,0.0,0.0,0.0,0.0
2019-01-21,19,0,87,0.0,0.0,0.0,0.0,0.0
2019-01-21,19,0,88,51.18,51.18,0.0,-15045.9461,0.0
2019-01-21,19,0,89,49.2,49.2,0.0,-14463.863778,0.0
2019-01-21,19,0,90,66.06,66.06,0.0,-19420.38295,0.0
2019-01-21,19,0,91,235.65,235.65,0.0,-69276.615837,0.0
2019-01-21,19,0,92,84.75,84.75,0.0,-24914.8873,0.0
2019-01-21,19,0,95,120.0,120.0,0.0,2333.493576,0.0
2019-01-21,19,0,96,29.88,29.88,0.0,370.186602,0.0
2019-01-21,19,0,97,183.75,183.75,0.0,2276.498933,0.0
2019-01-21,19,0,99,8.8,8.8,0.0,81.537812,0.0
2019-01-21,19,0,101,0.26,0.26,0.0,3.214505,0.0
2019-01-21,19,0,102,35.91,35.91,0.0,-14864.363374,0.0
2019-01-21,19,0,103,30.13,30.13,0.0,-12471.825911,0.0
2019-01-21,19,0,104,4.3,4.3,0.0,-1779.915414,0.0
2019-01-21,19,0,106,1.99,1.99,0.0,24.55453,0.0
2019-01-21,19,0,109,60.0,60.0,0.0,613.181597,0.0
2019-01-21,19,0,110,338.6,338.6,0.0,-338600.0,0.0
2019-01-21,19,0,111,0.18,0.18,0.0,1.990803,0.0
2019-01-21,19,0,113,45.0,45.0,0.0,-11884.022207,0.0
2019-01-21,19,0,115,45.0,45.0,0.0,-11884.022207,0.0
2019-01-21,19,0,116,0.0,0.0,0.0,-0.0,0.0
2019-01-21,19,0,117,3.0,3.0,0.0,-792.268147,0.0
2019-01-21,19,0,119,200.0,200.0,0.0,22489.988043,0.0
2019-01-21,19,0,120,117.6,117.6,0.0,13224.112969,0.0
2019-01-21,19,0,123,0.03,0.03,0.0,0.370169,0.0
2019-01-21,19,0,125,174.2,174.2,0.0,2149.446803,0.0
2019-01-21,19,0,126,1.49,1.49,0.0,18.38505,0.0
2019-01-21,19,0,127,1.91,1.91,0.0,23.567413,0.0
2019-01-21,19,0,128,249.5,249.5,0.0,3078.570479,0.0
2019-01-21,19,0,131,30.0,30.0,0.0,-11262.121058,0.0
2019-01-21,19,0,132,44.1,44.1,0.0,-16555.317955,0.0
2019-01-21,19,0,133,135.62,135.62,0.0,1217.663939,0.0
2019-01-21,19,0,134,0.0,0.0,0.0,0.0,0.0
2019-01-21,19,0,135,183.78,183.78,0.0,1650.068417,0.0
2019-01-21,19,0,136,45.9,45.9,0.0,224.102945,0.0
2019-01-21,19,0,139,44.94,44.94,0.0,497.037034,0.0
2019-01-21,19,0,140,250.6,250.6,0.0,-250600.0,0.0
2019-01-21,19,0,141,230.0,230.0,0.0,-128386.626913,0.0
2019-01-21,19,0,142,3.48,3.48,0.0,-1942.545485,0.0
2019-01-21,19,0,143,17.96,17.96,0.0,222.048135,0.0
2019-01-21,19,0,145,30.0,30.0,0.0,347.030404,0.0
2019-01-21,19,0,146,268.0,268.0,0.0,-268000.0,0.0
2019-01-21,19,0,152,0.0,0.0,0.0,0.0,0.0
2019-01-21,19,0,153,0.0,0.0,0.0,0.0,0.0
2019-01-21,19,0,154,0.75,0.75,0.0,8.295011,0.0
2019-01-21,19,0,157,250.0,250.0,0.0,-139550.681427,0.0
2019-01-21,19,0,158,2.33,2.33,0.0,-1300.612351,0.0
2019-01-21,19,0,159,0.0,0.0,0.0,0.0,0.0
2019-01-21,19,0,160,0.0,0.0,0.0,0.0,0.0
2019-01-21,19,0,161,0.0,0.0,0.0,-0.0,0.0
2019-01-21,19,0,162,162.5,162.5,0.0,3285.967979,0.0
2019-01-21,19,0,163,185.4,185.4,0.0,-185400.0,0.0
2019-01-21,19,0,164,0.93,0.93,0.0,11.498038,0.0
2019-01-21,19,0,167,0.0,0.0,0.0,0.0,0.0
2019-01-21,19,0,168,0.0,0.0,0.0,0.0,0.0
2019-01-21,19,0,169,0.0,0.0,0.0,0.0,0.0
2019-01-21,19,0,170,0.0,0.0,0.0,0.0,0.0
2019-01-21,19,0,172,0.0,0.0,0.0,0.0,0.0
2019-01-21,19,0,173,0.0,0.0,0.0,0.0,0.0
2019-01-21,19,0,188,0.0,0.0,0.0,0.0,0.0
2019-01-21,19,0,190,0.0,0.0,0.0,0.0,0.0
2019-01-21,19,0,191,0.0,0.0,0.0,0.0,0.0
2019-01-21,19,0,192,332.6,332.6,0.0,10785.405497,0.0
2019-01-21,19,0,194,176.5,176.5,0.0,-22735.406181,0.0
2019-01-21,19,0,196,0.0,0.0,0.0,0.0,0.0
2019-01-21,19,0,198,0.0,0.0,0.0,0.0,0.0
2019-01-21,19,0,199,130.0,130.0,0.0,-4312.956906,0.0
2019-01-21,19,0,200,0.0,0.0,0.0,-0.0,0.0
2019-01-21,19,0,204,257.1,257.1,0.0,2652.500263,0.0
2019-01-21,19,0,205,317.4,317.4,0.0,3243.73065,0.0
2019-01-21,19,0,206,539.94,539.94,0.0,6689.375968,0.0
2019-01-21,19,0,210,0.0,0.0,0.0,0.0,0.0
2019-01-21,19,0,214,0.0,0.0,0.0,0.0,0.0
2019-01-21,19,0,217,0.0,0.0,0.0,0.0,0.0
2019-01-21,19,0,218,0.0,0.0,0.0,0.0,0.0
2019-01-21,19,0,219,0.0,0.0,0.0,0.0,0.0
2019-01-21,19,0,221,0.0,0.0,0.0,0.0,0.0
2019-01-21,19,0,225,0.0,0.0,0.0,0.0,0.0
2019-01-21,19,0,233,0.0,0.0,0.0,0.0,0.0
2019-01-21,19,0,236,159.03,159.03,0.0,1405.193072,0.0
2019-01-21,19,0,237,109.41,109.41,0.0,1013.755906,0.0
2019-01-21,19,0,238,1.01,1.01,0.0,6.750767,0.0
2019-01-21,19,0,240,0.0,0.0,0.0,0.0,0.0
2019-01-21,19,0,245,78.0,78.0,0.0,594.023299,0.0
2019-01-21,19,0,247,171.72,171.72,0.0,1307.765139,0.0
2019-01-21,19,0,248,10.98,10.98,0.0,101.736951,0.0
2019-01-21,19,0,249,150.0,150.0,0.0,1142.352498,0.0
2019-01-21,19,0,251,326.4,326.4,0.0,1933.920464,0.0
2019-01-21,19,0,252,267.06,267.06,0.0,1248.498325,0.0
2019-01-21,19,0,254,0.0,0.0,0.0,0.0,0.0
2019-01-21,19,0,255,0.0,0.0,0.0,0.0,0.0
2019-01-21,19,0,258,0.0,0.0,0.0,0.0,0.0
2019-01-21,19,0,260,0.0,0.0,0.0,0.0,0.0
2019-01-21,19,0,265,0.77,0.77,0.0,8.516211,0.0
2019-01-21,19,0,266,29.1,29.1,0.0,321.846411,0.0
2019-01-21,19,0,267,35.76,35.76,0.0,395.506105,0.0
2019-01-21,19,0,270,579.0,579.0,0.0,-579000.0,0.0
2019-01-21,19,0,272,150.39,150.39,0.0,-39716.402217,0.0
2019-01-21,19,0,273,0.0,0.0,0.0,-0.0,0.0
2019-01-21,19,0,274,746.4,746.4,0.0,-746400.0,0.0
2019-01-21,19,0,275,1039.0,1039.0,0.0,-1039000.0,0.0
2019-01-21,19,0,276,0.0,0.0,0.0,-0.0,0.0
2019-01-21,19,0,277,0.0,0.0,0.0,-0.0,0.0
2019-01-21,19,0,278,0.0,0.0,0.0,-0.0,0.0
2019-01-21,19,0,279,264.6,264.6,0.0,-73049.022348,0.0
2019-01-21,19,0,281,6.9,6.9,0.0,85.308025,0.0
2019-01-21,19,0,282,6.98,6.98,0.0,86.297104,0.0
2019-01-21,20,0,9,0.0,0.0,0.0,0.0,0.0
2019-01-21,20,0,17,0.0,0.0,0.0,0.0,0.0
2019-01-21,20,0,19,643.3,643.3,0.0,754.542687,0.0
2019-01-21,20,0,20,780.2,780.2,0.0,915.116127,0.0
2019-01-21,20,0,21,0.0,0.0,0.0,0.0,0.0
2019-01-21,20,0,22,0.0,0.0,0.0,0.0,0.0
2019-01-21,20,0,23,108.8,108.8,0.0,1232.935968,0.0
2019-01-21,20,0,24,192.5,192.5,0.0,2181.435422,0.0
2019-01-21,20,0,29,0.0,0.0,0.0,0.0,0.0
2019-01-21,20,0,30,0.0,0.0,0.0,0.0,0.0
2019-01-21,20,0,31,19.02,19.02,0.0,216.025306,0.0
2019-01-21,20,0,32,0.0,0.0,0.0,0.0,0.0
2019-01-21,20,0,33,0.0,0.0,0.0,0.0,0.0
2019-01-21,20,0,34,0.0,0.0,0.0,0.0,0.0
2019-01-21,20,0,35,0.0,0.0,0.0,0.0,0.0
2019-01-21,20,0,36,0.0,0.0,0.0,0.0,0.0
2019-01-21,20,0,37,0.0,0.0,0.0,0.0,0.0
2019-01-21,20,0,38,0.0,0.0,0.0,0.0,0.0
2019-01-21,20,0,39,0.0,0.0,0.0,0.0,0.0
2019-01-21,20,0,40,0.0,0.0,0.0,0.0,0.0
2019-01-21,20,0,41,60.5,60.5,0.0,604.634658,0.0
2019-01-21,20,0,42,0.0,0.0,0.0,0.0,0.0
2019-01-21,20,0,43,0.0,0.0,0.0,0.0,0.0
2019-01-21,20,0,46,0.0,0.0,0.0,0.0,0.0
2019-01-21,20,0,52,20.16,20.16,0.0,228.973195,0.0
2019-01-21,20,0,53,32.03,32.03,0.0,363.790249,0.0
2019-01-21,20,0,55,186.9,186.9,0.0,2117.975483,0.0
2019-01-21,20,0,56,0.0,0.0,0.0,0.0,0.0
2019-01-21,20,0,57,0.0,0.0,0.0,0.0,0.0
2019-01-21,20,0,58,0.0,0.0,0.0,0.0,0.0
2019-01-21,20,0,59,0.0,0.0,0.0,0.0,0.0
2019-01-21,20,0,63,170.0,170.0,0.0,18777.089335,0.0
2019-01-21,20,0,64,200.0,200.0,0.0,22090.693336,0.0
2019-01-21,20,0,65,41.4,41.4,0.0,175.043272,0.0
2019-01-21,20,0,67,0.0,0.0,0.0,-0.0,0.0
2019-01-21,20,0,68,10.2,10.2,0.0,-4233.607615,0.0
2019-01-21,20,0,69,0.0,0.0,0.0,0.0,0.0
2019-01-21,20,0,74,54.22,54.22,0.0,440.180165,0.0
2019-01-21,20,0,77,84.7,84.7,0.0,-25015.706405,0.0
2019-01-21,20,0,78,64.3,64.3,0.0,-18990.672041,0.0
2019-01-21,20,0,79,37.43,37.43,0.0,-11054.756679,0.0
2019-01-21,20,0,80,60.23,60.23,0.0,-17788.618616,0.0
2019-01-21,20,0,81,78.45,78.45,0.0,-23169.801269,0.0
2019-01-21,20,0,82,55.6,55.6,0.0,-16421.172091,0.0
2019-01-21,20,0,83,122.29,122.29,0.0,-36117.718256,0.0
2019-01-21,20,0,84,0.0,0.0,0.0,0.0,0.0
2019-01-21,20,0,86,0.0,0.0,0.0,0.0,0.0
2019-01-21,20,0,87,0.0,0.0,0.0,0.0,0.0
2019-01-21,20,0,88,95.98,95.98,0.0,-28347.195995,0.0
2019-01-21,20,0,89,92.28,92.28,0.0,-27254.420154,0.0
2019-01-21,20,0,90,123.8,123.8,0.0,-36563.688937,0.0
2019-01-21,20,0,91,440.78,440.78,0.0,-130182.090547,0.0
2019-01-21,20,0,92,158.74,158.74,0.0,-46883.03701,0.0
2019-01-21,20,0,95,120.0,120.0,0.0,2333.493576,0.0
2019-01-21,20,0,96,31.77,31.77,0.0,361.689381,0.0
2019-01-21,20,0,97,229.39,229.39,0.0,2611.518006,0.0
2019-01-21,20,0,99,10.47,10.47,0.0,84.999748,0.0
2019-01-21,20,0,101,0.0,0.0,0.0,0.0,0.0
2019-01-21,20,0,102,24.15,24.15,0.0,-10023.688617,0.0
2019-01-21,20,0,103,21.0,21.0,0.0,-8716.250972,0.0
2019-01-21,20,0,104,3.9,3.9,0.0,-1618.732323,0.0
2019-01-21,20,0,106,0.0,0.0,0.0,0.0,0.0
2019-01-21,20,0,109,60.0,60.0,0.0,546.823779,0.0
2019-01-21,20,0,110,338.6,338.6,0.0,-338600.0,0.0
2019-01-21,20,0,111,0.0,0.0,0.0,0.0,0.0
2019-01-21,20,0,113,45.0,45.0,0.0,-11946.843554,0.0
2019-01-21,20,0,115,45.0,45.0,0.0,-11946.843554,0.0
2019-01-21,20,0,116,0.0,0.0,0.0,-0.0,0.0
2019-01-21,20,0,117,3.0,3.0,0.0,-796.456237,0.0
2019-01-21,20,0,119,200.0,200.0,0.0,22090.693336,0.0
2019-01-21,20,0,120,117.6,117.6,0.0,12989.327681,0.0
2019-01-21,20,0,123,0.0,0.0,0.0,0.0,0.0
2019-01-21,20,0,125,174.2,174.2,0.0,1974.057405,0.0
2019-01-21,20,0,126,0.0,0.0,0.0,0.0,0.0
2019-01-21,20,0,127,0.0,0.0,0.0,0.0,0.0
2019-01-21,20,0,128,249.5,249.5,0.0,2827.36695,0.0
2019-01-21,20,0,131,30.0,30.0,0.0,-11298.113959,0.0
2019-01-21,20,0,132,44.1,44.1,0.0,-16608.227519,0.0
2019-01-21,20,0,133,103.8,103.8,0.0,798.524156,0.0
2019-01-21,20,0,134,0.0,0.0,0.0,0.0,0.0
2019-01-21,20,0,135,138.32,138.32,0.0,1064.083442,0.0
2019-01-21,20,0,136,45.9,45.9,0.0,201.768194,0.0
2019-01-21,20,0,139,80.98,80.98,0.0,809.310985,0.0
2019-01-21,20,0,140,250.6,250.6,0.0,-250600.0,0.0
2019-01-21,20,0,141,230.0,230.0,0.0,-128581.812295,0.0
2019-01-21,20,0,142,0.0,0.0,0.0,-0.0,0.0
2019-01-21,20,0,143,20.31,20.31,0.0,230.676864,0.0
2019-01-21,20,0,145,30.0,30.0,0.0,315.743557,0.0
2019-01-21,20,0,146,268.0,268.0,0.0,-268000.0,0.0
2019-01-21,20,0,152,0.0,0.0,0.0,0.0,0.0
2019-01-21,20,0,153,0.0,0.0,0.0,0.0,0.0
2019-01-21,20,0,154,0.0,0.0,0.0,0.0,0.0
2019-01-21,20,0,157,247.09,247.09,0.0,-138136.0,0.0
2019-01-21,20,0,158,0.0,0.0,0.0,-0.0,0.0
2019-01-21,20,0,159,0.0,0.0,0.0,0.0,0.0
2019-01-21,20,0,160,0.0,0.0,0.0,0.0,0.0
2019-01-21,20,0,161,0.0,0.0,0.0,-0.0,0.0
2019-01-21,20,0,162,162.5,162.5,0.0,3285.965729,0.0
2019-01-21,20,0,163,185.4,185.4,0.0,-185400.0,0.0
2019-01-21,20,0,164,0.0,0.0,0.0,0.0,0.0
2019-01-21,20,0,167,0.0,0.0,0.0,0.0,0.0
2019-01-21,20,0,168,0.0,0.0,0.0,0.0,0.0
2019-01-21,20,0,169,0.0,0.0,0.0,0.0,0.0
2019-01-21,20,0,170,0.0,0.0,0.0,0.0,0.0
2019-01-21,20,0,172,0.0,0.0,0.0,0.0,0.0
2019-01-21,20,0,173,0.0,0.0,0.0,0.0,0.0
2019-01-21,20,0,188,0.0,0.0,0.0,0.0,0.0
2019-01-21,20,0,190,0.0,0.0,0.0,0.0,0.0
2019-01-21,20,0,191,0.0,0.0,0.0,0.0,0.0
2019-01-21,20,0,192,332.6,332.6,0.0,10785.405497,0.0
2019-01-21,20,0,194,176.5,176.5,0.0,-23023.512535,0.0
2019-01-21,20,0,196,0.0,0.0,0.0,0.0,0.0
2019-01-21,20,0,198,0.0,0.0,0.0,0.0,0.0
2019-01-21,20,0,199,130.0,130.0,0.0,-4500.355852,0.0
2019-01-21,20,0,200,0.0,0.0,0.0,-0.0,0.0
2019-01-21,20,0,204,465.33,465.33,0.0,4288.213894,0.0
2019-01-21,20,0,205,317.4,317.4,0.0,2892.697791,0.0
2019-01-21,20,0,206,868.95,868.95,0.0,9892.665641,0.0
2019-01-21,20,0,210,0.0,0.0,0.0,0.0,0.0
2019-01-21,20,0,214,0.0,0.0,0.0,0.0,0.0
2019-01-21,20,0,217,0.0,0.0,0.0,0.0,0.0
2019-01-21,20,0,218,0.0,0.0,0.0,0.0,0.0
2019-01-21,20,0,219,0.0,0.0,0.0,0.0,0.0
2019-01-21,20,0,221,0.0,0.0,0.0,0.0,0.0
2019-01-21,20,0,225,0.0,0.0,0.0,0.0,0.0
2019-01-21,20,0,233,0.0,0.0,0.0,0.0,0.0
2019-01-21,20,0,236,159.03,159.03,0.0,1219.485891,0.0
2019-01-21,20,0,237,130.07,130.07,0.0,1055.961527,0.0
2019-01-21,20,0,238,0.0,0.0,0.0,0.0,0.0
2019-01-21,20,0,240,0.0,0.0,0.0,0.0,0.0
2019-01-21,20,0,245,145.89,145.89,0.0,958.477465,0.0
2019-01-21,20,0,247,171.72,171.72,0.0,1128.177054,0.0
2019-01-21,20,0,248,13.06,13.06,0.0,106.026428,0.0
2019-01-21,20,0,249,280.44,280.44,0.0,1842.452672,0.0
2019-01-21,20,0,251,326.4,326.4,0.0,1712.748289,0.0
2019-01-21,20,0,252,267.06,267.06,0.0,1129.155948,0.0
2019-01-21,20,0,254,0.0,0.0,0.0,0.0,0.0
2019-01-21,20,0,255,0.0,0.0,0.0,0.0,0.0
2019-01-21,20,0,258,0.0,0.0,0.0,0.0,0.0
2019-01-21,20,0,260,0.0,0.0,0.0,0.0,0.0
2019-01-21,20,0,265,0.0,0.0,0.0,0.0,0.0
2019-01-21,20,0,266,49.35,49.35,0.0,493.201989,0.0
2019-01-21,20,0,267,62.41,62.41,0.0,623.723124,0.0
2019-01-21,20,0,270,579.0,579.0,0.0,-579000.0,0.0
2019-01-21,20,0,272,150.39,150.39,0.0,-39926.351159,0.0
2019-01-21,20,0,273,0.0,0.0,0.0,-0.0,0.0
2019-01-21,20,0,274,746.4,746.4,0.0,-746400.0,0.0
2019-01-21,20,0,275,1039.0,1039.0,0.0,-1039000.0,0.0
2019-01-21,20,0,276,0.0,0.0,0.0,-0.0,0.0
2019-01-21,20,0,277,0.0,0.0,0.0,-0.0,0.0
2019-01-21,20,0,278,0.0,0.0,0.0,-0.0,0.0
2019-01-21,20,0,279,651.99,651.99,0.0,-180898.883931,0.0
2019-01-21,20,0,281,8.54,8.54,0.0,96.995589,0.0
2019-01-21,20,0,282,0.0,0.0,0.0,0.0,0.0
2019-01-21,21,0,9,0.0,0.0,0.0,0.0,0.0
2019-01-21,21,0,17,0.0,0.0,0.0,0.0,0.0
2019-01-21,21,0,19,643.3,643.3,0.0,696.524669,0.0
2019-01-21,21,0,20,780.2,780.2,0.0,844.751356,0.0
2019-01-21,21,0,21,0.0,0.0,0.0,0.0,0.0
2019-01-21,21,0,22,0.0,0.0,0.0,0.0,0.0
2019-01-21,21,0,23,108.8,108.8,0.0,1245.473565,0.0
2019-01-21,21,0,24,192.5,192.5,0.0,2203.618211,0.0
2019-01-21,21,0,29,0.0,0.0,0.0,0.0,0.0
2019-01-21,21,0,30,0.0,0.0,0.0,0.0,0.0
2019-01-21,21,0,31,23.65,23.65,0.0,271.424951,0.0
2019-01-21,21,0,32,0.0,0.0,0.0,0.0,0.0
2019-01-21,21,0,33,0.0,0.0,0.0,0.0,0.0
2019-01-21,21,0,34,0.0,0.0,0.0,0.0,0.0
2019-01-21,21,0,35,0.0,0.0,0.0,0.0,0.0
2019-01-21,21,0,36,0.0,0.0,0.0,0.0,0.0
2019-01-21,21,0,37,0.0,0.0,0.0,0.0,0.0
2019-01-21,21,0,38,0.0,0.0,0.0,0.0,0.0
2019-01-21,21,0,39,0.0,0.0,0.0,0.0,0.0
2019-01-21,21,0,40,0.0,0.0,0.0,0.0,0.0
2019-01-21,21,0,41,111.37,111.37,0.0,1104.352108,0.0
2019-01-21,21,0,42,0.0,0.0,0.0,0.0,0.0
2019-01-21,21,0,43,0.0,0.0,0.0,0.0,0.0
2019-01-21,21,0,46,0.0,0.0,0.0,0.0,0.0
2019-01-21,21,0,52,25.07,25.07,0.0,287.721925,0.0
2019-01-21,21,0,53,39.83,39.83,0.0,457.118638,0.0
2019-01-21,21,0,55,186.9,186.9,0.0,2139.512954,0.0
2019-01-21,21,0,56,0.0,0.0,0.0,0.0,0.0
2019-01-21,21,0,57,0.0,0.0,0.0,0.0,0.0
2019-01-21,21,0,58,0.0,0.0,0.0,0.0,0.0
2019-01-21,21,0,59,0.0,0.0,0.0,0.0,0.0
2019-01-21,21,0,63,170.0,170.0,0.0,16361.840353,0.0
2019-01-21,21,0,64,200.0,200.0,0.0,19249.223944,0.0
2019-01-21,21,0,65,41.4,41.4,0.0,163.700614,0.0
2019-01-21,21,0,67,0.0,0.0,0.0,-0.0,0.0
2019-01-21,21,0,68,10.2,10.2,0.0,-4309.716179,0.0
2019-01-21,21,0,69,0.0,0.0,0.0,0.0,0.0
2019-01-21,21,0,74,64.42,64.42,0.0,500.616849,0.0
2019-01-21,21,0,77,172.48,172.48,0.0,-52495.943648,0.0
2019-01-21,21,0,78,130.65,130.65,0.0,-39764.581619,0.0
2019-01-21,21,0,79,75.79,75.79,0.0,-23067.414014,0.0
2019-01-21,21,0,80,122.31,122.31,0.0,-37226.222563,0.0
2019-01-21,21,0,81,159.64,159.64,0.0,-48587.966396,0.0
2019-01-21,21,0,82,112.85,112.85,0.0,-34346.980756,0.0
2019-01-21,21,0,83,250.05,250.05,0.0,-76105.117749,0.0
2019-01-21,21,0,84,0.0,0.0,0.0,-0.0,0.0
2019-01-21,21,0,86,0.0,0.0,0.0,0.0,0.0
2019-01-21,21,0,87,0.0,0.0,0.0,0.0,0.0
2019-01-21,21,0,88,170.6,170.6,0.0,-51923.747602,0.0
2019-01-21,21,0,89,164.0,164.0,0.0,-49914.974248,0.0
2019-01-21,21,0,90,220.2,220.2,0.0,-67019.983716,0.0
2019-01-21,21,0,91,785.5,785.5,0.0,-239074.465073,0.0
2019-01-21,21,0,92,282.5,282.5,0.0,-85981.586739,0.0
2019-01-21,21,0,95,120.0,120.0,0.0,2333.493576,0.0
2019-01-21,21,0,96,29.88,29.88,0.0,343.842356,0.0
2019-01-21,21,0,97,183.75,183.75,0.0,2114.492403,0.0
2019-01-21,21,0,99,12.43,12.43,0.0,96.595272,0.0
2019-01-21,21,0,101,0.0,0.0,0.0,0.0,0.0
2019-01-21,21,0,102,24.15,24.15,0.0,-10203.886836,0.0
2019-01-21,21,0,103,21.0,21.0,0.0,-8872.945075,0.0
2019-01-21,21,0,104,3.9,3.9,0.0,-1647.832657,0.0
2019-01-21,21,0,106,0.0,0.0,0.0,0.0,0.0
2019-01-21,21,0,109,83.6,83.6,0.0,744.717127,0.0
2019-01-21,21,0,110,338.6,338.6,0.0,-338600.0,0.0
2019-01-21,21,0,111,0.0,0.0,0.0,0.0,0.0
2019-01-21,21,0,113,84.18,84.18,0.0,-23132.288549,0.0
2019-01-21,21,0,115,84.18,84.18,0.0,-23132.288549,0.0
2019-01-21,21,0,116,0.0,0.0,0.0,-0.0,0.0
2019-01-21,21,0,117,5.66,5.66,0.0,-1555.342756,0.0
2019-01-21,21,0,119,200.0,200.0,0.0,19249.223944,0.0
2019-01-21,21,0,120,117.6,117.6,0.0,11318.543679,0.0
2019-01-21,21,0,123,0.0,0.0,0.0,0.0,0.0
2019-01-21,21,0,125,174.2,174.2,0.0,1994.131389,0.0
2019-01-21,21,0,126,0.0,0.0,0.0,0.0,0.0
2019-01-21,21,0,127,0.0,0.0,0.0,0.0,0.0
2019-01-21,21,0,128,249.5,249.5,0.0,2856.118149,0.0
2019-01-21,21,0,131,30.0,30.0,0.0,-11536.679177,0.0
2019-01-21,21,0,132,44.1,44.1,0.0,-16958.91839,0.0
2019-01-21,21,0,133,91.59,91.59,0.0,659.200203,0.0
2019-01-21,21,0,134,0.0,0.0,0.0,0.0,0.0
2019-01-21,21,0,135,119.08,119.08,0.0,857.053829,0.0
2019-01-21,21,0,136,45.9,45.9,0.0,188.729523,0.0
2019-01-21,21,0,139,146.7,146.7,0.0,1454.686668,0.0
2019-01-21,21,0,140,250.6,250.6,0.0,-250600.0,0.0
2019-01-21,21,0,141,230.0,230.0,0.0,-129875.52417,0.0
2019-01-21,21,0,142,0.0,0.0,0.0,-0.0,0.0
2019-01-21,21,0,143,26.6,26.6,0.0,305.28134,0.0
2019-01-21,21,0,145,30.0,30.0,0.0,315.697676,0.0
2019-01-21,21,0,146,268.0,268.0,0.0,-268000.0,0.0
2019-01-21,21,0,152,0.0,0.0,0.0,0.0,0.0
2019-01-21,21,0,153,0.0,0.0,0.0,0.0,0.0
2019-01-21,21,0,154,0.0,0.0,0.0,0.0,0.0
2019-01-21,21,0,157,215.65,215.65,0.0,-121772.420814,0.0
2019-01-21,21,0,158,0.0,0.0,0.0,-0.0,0.0
2019-01-21,21,0,159,0.0,0.0,0.0,0.0,0.0
2019-01-21,21,0,160,0.0,0.0,0.0,0.0,0.0
2019-01-21,21,0,161,0.0,0.0,0.0,-0.0,0.0
2019-01-21,21,0,162,162.5,162.5,0.0,3288.5961,0.0
2019-01-21,21,0,163,185.4,185.4,0.0,-185400.0,0.0
2019-01-21,21,0,164,0.0,0.0,0.0,0.0,0.0
2019-01-21,21,0,167,0.0,0.0,0.0,0.0,0.0
2019-01-21,21,0,168,0.0,0.0,0.0,0.0,0.0
2019-01-21,21,0,169,0.0,0.0,0.0,0.0,0.0
2019-01-21,21,0,170,0.0,0.0,0.0,0.0,0.0
2019-01-21,21,0,172,0.0,0.0,0.0,0.0,0.0
2019-01-21,21,0,173,0.0,0.0,0.0,0.0,0.0
2019-01-21,21,0,188,0.0,0.0,0.0,0.0,0.0
2019-01-21,21,0,190,0.0,0.0,0.0,0.0,0.0
2019-01-21,21,0,191,0.0,0.0,0.0,0.0,0.0
2019-01-21,21,0,192,332.6,332.6,0.0,10785.405497,0.0
2019-01-21,21,0,194,176.5,176.5,0.0,-24956.703212,0.0
2019-01-21,21,0,196,0.0,0.0,0.0,0.0,0.0
2019-01-21,21,0,198,0.0,0.0,0.0,0.0,0.0
2019-01-21,21,0,199,130.0,130.0,0.0,-5000.768481,0.0
2019-01-21,21,0,200,0.0,0.0,0.0,-0.0,0.0
2019-01-21,21,0,204,841.64,841.64,0.0,7595.289692,0.0
2019-01-21,21,0,205,387.97,387.97,0.0,3456.075405,0.0
2019-01-21,21,0,206,539.94,539.94,0.0,6213.328044,0.0
2019-01-21,21,0,210,0.0,0.0,0.0,0.0,0.0
2019-01-21,21,0,214,0.0,0.0,0.0,0.0,0.0
2019-01-21,21,0,217,0.0,0.0,0.0,0.0,0.0
2019-01-21,21,0,218,0.0,0.0,0.0,0.0,0.0
2019-01-21,21,0,219,0.0,0.0,0.0,0.0,0.0
2019-01-21,21,0,221,0.0,0.0,0.0,0.0,0.0
2019-01-21,21,0,225,0.0,0.0,0.0,0.0,0.0
2019-01-21,21,0,233,0.0,0.0,0.0,0.0,0.0
2019-01-21,21,0,236,159.03,159.03,0.0,1153.861463,0.0
2019-01-21,21,0,237,154.55,154.55,0.0,1201.029711,0.0
2019-01-21,21,0,238,0.0,0.0,0.0,0.0,0.0
2019-01-21,21,0,240,0.0,0.0,0.0,0.0,0.0
2019-01-21,21,0,245,260.0,260.0,0.0,1591.914372,0.0
2019-01-21,21,0,247,171.72,171.72,0.0,1051.398215,0.0
2019-01-21,21,0,248,15.51,15.51,0.0,120.530384,0.0
2019-01-21,21,0,249,500.0,500.0,0.0,3061.373793,0.0
2019-01-21,21,0,251,326.4,326.4,0.0,1605.83906,0.0
2019-01-21,21,0,252,267.06,267.06,0.0,1055.987583,0.0
2019-01-21,21,0,254,0.0,0.0,0.0,0.0,0.0
2019-01-21,21,0,255,0.0,0.0,0.0,0.0,0.0
2019-01-21,21,0,258,0.0,0.0,0.0,0.0,0.0
2019-01-21,21,0,260,0.0,0.0,0.0,0.0,0.0
2019-01-21,21,0,265,0.0,0.0,0.0,0.0,0.0
2019-01-21,21,0,266,91.87,91.87,0.0,910.988849,0.0
2019-01-21,21,0,267,114.69,114.69,0.0,1137.273442,0.0
2019-01-21,21,0,270,579.0,579.0,0.0,-579000.0,0.0
2019-01-21,21,0,272,281.15,281.15,0.0,-77258.766042,0.0
2019-01-21,21,0,273,0.0,0.0,0.0,-0.0,0.0
2019-01-21,21,0,274,746.4,746.4,0.0,-746400.0,0.0
2019-01-21,21,0,275,1039.0,1039.0,0.0,-1039000.0,0.0
2019-01-21,21,0,276,0.0,0.0,0.0,-0.0,0.0
2019-01-21,21,0,277,0.0,0.0,0.0,-0.0,0.0
2019-01-21,21,0,278,0.0,0.0,0.0,-0.0,0.0
2019-01-21,21,0,279,651.69,651.69,0.0,-186805.796946,0.0
2019-01-21,21,0,281,10.61,10.61,0.0,121.768234,0.0
2019-01-21,21,0,282,0.0,0.0,0.0,0.0,0.0
2019-01-21,22,0,9,0.0,0.0,0.0,0.0,0.0
2019-01-21,22,0,17,0.0,0.0,0.0,0.0,0.0
2019-01-21,22,0,19,643.3,643.3,0.0,1026.353447,0.0
2019-01-21,22,0,20,780.2,780.2,0.0,1244.770651,0.0
2019-01-21,22,0,21,0.0,0.0,0.0,0.0,0.0
2019-01-21,22,0,22,0.0,0.0,0.0,0.0,0.0
2019-01-21,22,0,23,108.8,108.8,0.0,669.634779,0.0
2019-01-21,22,0,24,192.5,192.5,0.0,1184.7858,0.0
2019-01-21,22,0,29,0.0,0.0,0.0,0.0,0.0
2019-01-21,22,0,30,0.0,0.0,0.0,0.0,0.0
2019-01-21,22,0,31,29.46,29.46,0.0,181.448016,0.0
2019-01-21,22,0,32,0.0,0.0,0.0,0.0,0.0
2019-01-21,22,0,33,0.0,0.0,0.0,0.0,0.0
2019-01-21,22,0,34,0.0,0.0,0.0,0.0,0.0
2019-01-21,22,0,35,0.0,0.0,0.0,0.0,0.0
2019-01-21,22,0,36,0.0,0.0,0.0,0.0,0.0
2019-01-21,22,0,37,0.0,0.0,0.0,0.0,0.0
2019-01-21,22,0,38,0.0,0.0,0.0,0.0,0.0
2019-01-21,22,0,39,0.0,0.0,0.0,0.0,0.0
2019-01-21,22,0,40,0.0,0.0,0.0,0.0,0.0
2019-01-21,22,0,41,116.0,116.0,0.0,687.264065,0.0
2019-01-21,22,0,42,0.0,0.0,0.0,0.0,0.0
2019-01-21,22,0,43,0.0,0.0,0.0,0.0,0.0
2019-01-21,22,0,46,0.0,0.0,0.0,0.0,0.0
2019-01-21,22,0,52,31.23,31.23,0.0,192.349679,0.0
2019-01-21,22,0,53,49.62,49.62,0.0,305.616108,0.0
2019-01-21,22,0,55,356.65,356.65,0.0,2195.084963,0.0
2019-01-21,22,0,56,0.0,0.0,0.0,0.0,0.0
2019-01-21,22,0,57,0.0,0.0,0.0,0.0,0.0
2019-01-21,22,0,58,0.0,0.0,0.0,0.0,0.0
2019-01-21,22,0,59,0.0,0.0,0.0,0.0,0.0
2019-01-21,22,0,63,170.0,170.0,0.0,16278.831053,0.0
2019-01-21,22,0,64,200.0,200.0,0.0,19151.565944,0.0
2019-01-21,22,0,65,41.4,41.4,0.0,145.496749,0.0
2019-01-21,22,0,67,0.0,0.0,0.0,-0.0,0.0
2019-01-21,22,0,68,10.2,10.2,0.0,-4303.744596,0.0
2019-01-21,22,0,69,0.0,0.0,0.0,0.0,0.0
2019-01-21,22,0,74,65.28,65.28,0.0,365.524322,0.0
2019-01-21,22,0,77,200.0,200.0,0.0,-60698.607377,0.0
2019-01-21,22,0,78,151.2,151.2,0.0,-45888.147177,0.0
2019-01-21,22,0,79,87.5,87.5,0.0,-26555.640727,0.0
2019-01-21,22,0,80,141.5,141.5,0.0,-42944.264719,0.0
2019-01-21,22,0,81,185.0,185.0,0.0,-56146.211824,0.0
2019-01-21,22,0,82,130.5,130.5,0.0,-39605.841313,0.0
2019-01-21,22,0,83,291.0,291.0,0.0,-88316.473733,0.0
2019-01-21,22,0,84,0.0,0.0,0.0,-0.0,0.0
2019-01-21,22,0,86,0.0,0.0,0.0,0.0,0.0
2019-01-21,22,0,87,0.0,0.0,0.0,0.0,0.0
2019-01-21,22,0,88,170.6,170.6,0.0,-51775.912092,0.0
2019-01-21,22,0,89,164.0,164.0,0.0,-49772.858049,0.0
2019-01-21,22,0,90,220.2,220.2,0.0,-66829.166722,0.0
2019-01-21,22,0,91,785.5,785.5,0.0,-238393.780473,0.0
2019-01-21,22,0,92,282.5,282.5,0.0,-85736.78292,0.0
2019-01-21,22,0,95,120.0,120.0,0.0,2333.493576,0.0
2019-01-21,22,0,96,29.88,29.88,0.0,184.172257,0.0
2019-01-21,22,0,97,183.75,183.75,0.0,1132.585413,0.0
2019-01-21,22,0,99,12.6,12.6,0.0,70.551569,0.0
2019-01-21,22,0,101,0.0,0.0,0.0,0.0,0.0
2019-01-21,22,0,102,24.15,24.15,0.0,-10189.748235,0.0
2019-01-21,22,0,103,21.0,21.0,0.0,-8860.650639,0.0
2019-01-21,22,0,104,3.9,3.9,0.0,-1645.549404,0.0
2019-01-21,22,0,106,0.0,0.0,0.0,0.0,0.0
2019-01-21,22,0,109,171.41,171.41,0.0,989.878917,0.0
2019-01-21,22,0,110,338.6,338.6,0.0,-338600.0,0.0
2019-01-21,22,0,111,0.0,0.0,0.0,0.0,0.0
2019-01-21,22,0,113,149.99,149.99,0.0,-41161.578054,0.0
2019-01-21,22,0,115,149.99,149.99,0.0,-41161.578054,0.0
2019-01-21,22,0,116,0.0,0.0,0.0,-0.0,0.0
2019-01-21,22,0,117,10.0,10.0,0.0,-2744.288156,0.0
2019-01-21,22,0,119,200.0,200.0,0.0,19151.565944,0.0
2019-01-21,22,0,120,117.6,117.6,0.0,11261.120775,0.0
2019-01-21,22,0,123,0.0,0.0,0.0,0.0,0.0
2019-01-21,22,0,125,174.2,174.2,0.0,1072.154214,0.0
2019-01-21,22,0,126,0.0,0.0,0.0,0.0,0.0
2019-01-21,22,0,127,0.0,0.0,0.0,0.0,0.0
2019-01-21,22,0,128,249.5,249.5,0.0,1535.605491,0.0
2019-01-21,22,0,131,30.0,30.0,0.0,-11517.96102,0.0
2019-01-21,22,0,132,44.1,44.1,0.0,-16931.402699,0.0
2019-01-21,22,0,133,139.8,139.8,0.0,799.675447,0.0
2019-01-21,22,0,134,0.0,0.0,0.0,0.0,0.0
2019-01-21,22,0,135,187.33,187.33,0.0,1071.553659,0.0
2019-01-21,22,0,136,45.9,45.9,0.0,166.14705,0.0
2019-01-21,22,0,139,149.8,149.8,0.0,887.518595,0.0
2019-01-21,22,0,140,250.6,250.6,0.0,-250600.0,0.0
2019-01-21,22,0,141,230.0,230.0,0.0,-129774.017747,0.0
2019-01-21,22,0,142,0.0,0.0,0.0,-0.0,0.0
2019-01-21,22,0,143,38.04,38.04,0.0,234.293365,0.0
2019-01-21,22,0,145,73.71,73.71,0.0,443.475258,0.0
2019-01-21,22,0,146,268.0,268.0,0.0,-268000.0,0.0
2019-01-21,22,0,152,0.0,0.0,0.0,0.0,0.0
2019-01-21,22,0,153,0.0,0.0,0.0,0.0,0.0
2019-01-21,22,0,154,0.0,0.0,0.0,0.0,0.0
2019-01-21,22,0,157,189.91,189.91,0.0,-107153.842219,0.0
2019-01-21,22,0,158,0.0,0.0,0.0,-0.0,0.0
2019-01-21,22,0,159,0.0,0.0,0.0,0.0,0.0
2019-01-21,22,0,160,0.0,0.0,0.0,0.0,0.0
2019-01-21,22,0,161,0.0,0.0,0.0,-0.0,0.0
2019-01-21,22,0,162,96.21,96.21,0.0,1946.635772,0.0
2019-01-21,22,0,163,185.4,185.4,0.0,-185400.0,0.0
2019-01-21,22,0,164,0.0,0.0,0.0,0.0,0.0
2019-01-21,22,0,167,0.0,0.0,0.0,0.0,0.0
2019-01-21,22,0,168,0.0,0.0,0.0,0.0,0.0
2019-01-21,22,0,169,0.0,0.0,0.0,0.0,0.0
2019-01-21,22,0,170,0.0,0.0,0.0,0.0,0.0
2019-01-21,22,0,172,0.0,0.0,0.0,0.0,0.0
2019-01-21,22,0,173,0.0,0.0,0.0,0.0,0.0
2019-01-21,22,0,188,0.0,0.0,0.0,0.0,0.0
2019-01-21,22,0,190,0.0,0.0,0.0,0.0,0.0
2019-01-21,22,0,191,0.0,0.0,0.0,0.0,0.0
2019-01-21,22,0,192,332.6,332.6,0.0,10785.405497,0.0
2019-01-21,22,0,194,0.0,0.0,0.0,-0.0,0.0
2019-01-21,22,0,196,0.0,0.0,0.0,0.0,0.0
2019-01-21,22,0,198,0.0,0.0,0.0,0.0,0.0
2019-01-21,22,0,199,130.0,130.0,0.0,-4782.457962,0.0
2019-01-21,22,0,200,0.0,0.0,0.0,-0.0,0.0
2019-01-21,22,0,204,857.0,857.0,0.0,4964.241314,0.0
2019-01-21,22,0,205,852.76,852.76,0.0,4924.620179,0.0
2019-01-21,22,0,206,539.94,539.94,0.0,3328.044451,0.0
2019-01-21,22,0,210,0.0,0.0,0.0,0.0,0.0
2019-01-21,22,0,214,0.0,0.0,0.0,0.0,0.0
2019-01-21,22,0,217,0.0,0.0,0.0,0.0,0.0
2019-01-21,22,0,218,0.0,0.0,0.0,0.0,0.0
2019-01-21,22,0,219,0.0,0.0,0.0,0.0,0.0
2019-01-21,22,0,221,0.0,0.0,0.0,0.0,0.0
2019-01-21,22,0,225,0.0,0.0,0.0,0.0,0.0
2019-01-21,22,0,233,0.0,0.0,0.0,0.0,0.0
2019-01-21,22,0,236,159.03,159.03,0.0,878.304415,0.0
2019-01-21,22,0,237,156.6,156.6,0.0,876.85522,0.0
2019-01-21,22,0,238,0.0,0.0,0.0,0.0,0.0
2019-01-21,22,0,240,0.0,0.0,0.0,0.0,0.0
2019-01-21,22,0,245,260.0,260.0,0.0,1314.890152,0.0
2019-01-21,22,0,247,171.72,171.72,0.0,868.434373,0.0
2019-01-21,22,0,248,15.72,15.72,0.0,88.021482,0.0
2019-01-21,22,0,249,500.0,500.0,0.0,2528.634908,0.0
2019-01-21,22,0,251,678.68,678.68,0.0,2807.927021,0.0
2019-01-21,22,0,252,267.06,267.06,0.0,938.559461,0.0
2019-01-21,22,0,254,0.0,0.0,0.0,0.0,0.0
2019-01-21,22,0,255,0.0,0.0,0.0,0.0,0.0
2019-01-21,22,0,258,0.0,0.0,0.0,0.0,0.0
2019-01-21,22,0,260,0.0,0.0,0.0,0.0,0.0
2019-01-21,22,0,265,0.0,0.0,0.0,0.0,0.0
2019-01-21,22,0,266,97.0,97.0,0.0,574.694951,0.0
2019-01-21,22,0,267,119.2,119.2,0.0,706.223074,0.0
2019-01-21,22,0,270,579.0,579.0,0.0,-579000.0,0.0
2019-01-21,22,0,272,501.3,501.3,0.0,-137571.165268,0.0
2019-01-21,22,0,273,0.0,0.0,0.0,-0.0,0.0
2019-01-21,22,0,274,746.4,746.4,0.0,-746400.0,0.0
2019-01-21,22,0,275,1039.0,1039.0,0.0,-1039000.0,0.0
2019-01-21,22,0,276,0.0,0.0,0.0,-0.0,0.0
2019-01-21,22,0,277,0.0,0.0,0.0,-0.0,0.0
2019-01-21,22,0,278,0.0,0.0,0.0,-0.0,0.0
2019-01-21,22,0,279,264.61,264.61,0.0,-75699.928061,0.0
2019-01-21,22,0,281,13.22,13.22,0.0,81.423719,0.0
2019-01-21,22,0,282,0.0,0.0,0.0,0.0,0.0
2019-01-21,23,0,9,0.0,0.0,0.0,-0.0,0.0
2019-01-21,23,0,17,0.0,0.0,0.0,0.0,0.0
2019-01-21,23,0,19,643.3,643.3,0.0,1623.474259,0.0
2019-01-21,23,0,20,780.2,780.2,0.0,1968.964117,0.0
2019-01-21,23,0,21,0.0,0.0,0.0,-0.0,0.0
2019-01-21,23,0,22,0.0,0.0,0.0,-0.0,0.0
2019-01-21,23,0,23,108.8,108.8,0.0,-22.204166,0.0
2019-01-21,23,0,24,192.5,192.5,0.0,-39.285863,0.0
2019-01-21,23,0,29,0.0,0.0,0.0,0.0,0.0
2019-01-21,23,0,30,0.0,0.0,0.0,-0.0,0.0
2019-01-21,23,0,31,29.32,29.32,0.0,-6.638269,0.0
2019-01-21,23,0,32,0.0,0.0,0.0,0.0,0.0
2019-01-21,23,0,33,0.0,0.0,0.0,0.0,0.0
2019-01-21,23,0,34,0.0,0.0,0.0,0.0,0.0
2019-01-21,23,0,35,0.0,0.0,0.0,0.0,0.0
2019-01-21,23,0,36,0.0,0.0,0.0,0.0,0.0
2019-01-21,23,0,37,0.0,0.0,0.0,0.0,0.0
2019-01-21,23,0,38,0.0,0.0,0.0,0.0,0.0
2019-01-21,23,0,39,0.0,0.0,0.0,0.0,0.0
2019-01-21,23,0,40,0.0,0.0,0.0,0.0,0.0
2019-01-21,23,0,41,116.0,116.0,0.0,111.196247,0.0
2019-01-21,23,0,42,0.0,0.0,0.0,0.0,0.0
2019-01-21,23,0,43,0.0,0.0,0.0,0.0,0.0
2019-01-21,23,0,46,0.0,0.0,0.0,0.0,0.0
2019-01-21,23,0,52,31.08,31.08,0.0,-7.036746,0.0
2019-01-21,23,0,53,49.37,49.37,0.0,-11.17774,0.0
2019-01-21,23,0,55,623.0,623.0,0.0,-127.143338,0.0
2019-01-21,23,0,56,0.0,0.0,0.0,-0.0,0.0
2019-01-21,23,0,57,0.0,0.0,0.0,-0.0,0.0
2019-01-21,23,0,58,0.0,0.0,0.0,-0.0,0.0
2019-01-21,23,0,59,0.0,0.0,0.0,-0.0,0.0
2019-01-21,23,0,63,170.0,170.0,0.0,15511.91327,0.0
2019-01-21,23,0,64,200.0,200.0,0.0,18249.309729,0.0
2019-01-21,23,0,65,41.4,41.4,0.0,119.698286,0.0
2019-01-21,23,0,67,0.0,0.0,0.0,-0.0,0.0
2019-01-21,23,0,68,10.2,10.2,0.0,-4317.976985,0.0
2019-01-21,23,0,69,0.0,0.0,0.0,0.0,0.0
2019-01-21,23,0,74,65.28,65.28,0.0,168.539352,0.0
2019-01-21,23,0,77,200.0,200.0,0.0,-61000.383134,0.0
2019-01-21,23,0,78,151.2,151.2,0.0,-46116.289649,0.0
2019-01-21,23,0,79,87.5,87.5,0.0,-26687.667621,0.0
2019-01-21,23,0,80,141.5,141.5,0.0,-43157.771067,0.0
2019-01-21,23,0,81,185.0,185.0,0.0,-56425.354399,0.0
2019-01-21,23,0,82,130.5,130.5,0.0,-39802.749995,0.0
2019-01-21,23,0,83,291.0,291.0,0.0,-88755.55746,0.0
2019-01-21,23,0,84,0.0,0.0,0.0,-0.0,0.0
2019-01-21,23,0,86,0.0,0.0,0.0,0.0,0.0
2019-01-21,23,0,87,0.0,0.0,0.0,0.0,0.0
2019-01-21,23,0,88,170.6,170.6,0.0,-52033.326813,0.0
2019-01-21,23,0,89,164.0,164.0,0.0,-50020.31417,0.0
2019-01-21,23,0,90,220.2,220.2,0.0,-67161.42183,0.0
2019-01-21,23,0,91,785.5,785.5,0.0,-239579.004759,0.0
2019-01-21,23,0,92,282.5,282.5,0.0,-86163.041177,0.0
2019-01-21,23,0,95,120.0,120.0,0.0,2333.493576,0.0
2019-01-21,23,0,96,29.88,29.88,0.0,-7.462216,0.0
2019-01-21,23,0,97,183.75,183.75,0.0,-45.889634,0.0
2019-01-21,23,0,99,12.6,12.6,0.0,32.530574,0.0
2019-01-21,23,0,101,0.0,0.0,0.0,-0.0,0.0
2019-01-21,23,0,102,24.15,24.15,0.0,-10223.44551,0.0
2019-01-21,23,0,103,21.0,21.0,0.0,-8889.952617,0.0
2019-01-21,23,0,104,3.9,3.9,0.0,-1650.9912,0.0
2019-01-21,23,0,106,0.0,0.0,0.0,-0.0,0.0
2019-01-21,23,0,109,200.0,200.0,0.0,345.346637,0.0
2019-01-21,23,0,110,338.6,338.6,0.0,-338600.0,0.0
2019-01-21,23,0,111,0.0,0.0,0.0,0.0,0.0
2019-01-21,23,0,113,150.0,150.0,0.0,-41486.082833,0.0
2019-01-21,23,0,115,150.0,150.0,0.0,-41486.082833,0.0
2019-01-21,23,0,116,0.0,0.0,0.0,-0.0,0.0
2019-01-21,23,0,117,10.0,10.0,0.0,-2765.738856,0.0
2019-01-21,23,0,119,200.0,200.0,0.0,18249.309729,0.0
2019-01-21,23,0,120,117.6,117.6,0.0,10730.594121,0.0
2019-01-21,23,0,123,0.0,0.0,0.0,-0.0,0.0
2019-01-21,23,0,125,174.2,174.2,0.0,-35.551155,0.0
2019-01-21,23,0,126,0.0,0.0,0.0,-0.0,0.0
2019-01-21,23,0,127,0.0,0.0,0.0,-0.0,0.0
2019-01-21,23,0,128,249.5,249.5,0.0,-50.91856,0.0
2019-01-21,23,0,131,30.0,30.0,0.0,-11562.572991,0.0
2019-01-21,23,0,132,44.1,44.1,0.0,-16996.982296,0.0
2019-01-21,23,0,133,139.8,139.8,0.0,471.410948,0.0
2019-01-21,23,0,134,0.0,0.0,0.0,0.0,0.0
2019-01-21,23,0,135,187.33,187.33,0.0,631.683926,0.0
2019-01-21,23,0,136,45.9,45.9,0.0,133.635247,0.0
2019-01-21,23,0,139,149.8,149.8,0.0,143.596533,0.0
2019-01-21,23,0,140,250.6,250.6,0.0,-250600.0,0.0
2019-01-21,23,0,141,230.0,230.0,0.0,-130015.94336,0.0
2019-01-21,23,0,142,0.0,0.0,0.0,-0.0,0.0
2019-01-21,23,0,143,40.61,40.61,0.0,-9.19441,0.0
2019-01-21,23,0,145,30.0,30.0,0.0,14.956855,0.0
2019-01-21,23,0,146,268.0,268.0,0.0,-268000.0,0.0
2019-01-21,23,0,152,0.0,0.0,0.0,0.0,0.0
2019-01-21,23,0,153,0.0,0.0,0.0,0.0,0.0
2019-01-21,23,0,154,0.0,0.0,0.0,0.0,0.0
2019-01-21,23,0,157,193.08,193.08,0.0,-109145.558017,0.0
2019-01-21,23,0,158,0.0,0.0,0.0,-0.0,0.0
2019-01-21,23,0,159,0.0,0.0,0.0,0.0,0.0
2019-01-21,23,0,160,0.0,0.0,0.0,0.0,0.0
2019-01-21,23,0,161,0.0,0.0,0.0,-0.0,0.0
2019-01-21,23,0,162,48.75,48.75,0.0,986.901243,0.0
2019-01-21,23,0,163,185.4,185.4,0.0,-185400.0,0.0
2019-01-21,23,0,164,0.0,0.0,0.0,-0.0,0.0
2019-01-21,23,0,167,0.0,0.0,0.0,0.0,0.0
2019-01-21,23,0,168,0.0,0.0,0.0,0.0,0.0
2019-01-21,23,0,169,0.0,0.0,0.0,0.0,0.0
2019-01-21,23,0,170,0.0,0.0,0.0,0.0,0.0
2019-01-21,23,0,172,0.0,0.0,0.0,0.0,0.0
2019-01-21,23,0,173,0.0,0.0,0.0,0.0,0.0
2019-01-21,23,0,188,0.0,0.0,0.0,0.0,0.0
2019-01-21,23,0,190,0.0,0.0,0.0,0.0,0.0
2019-01-21,23,0,191,0.0,0.0,0.0,0.0,0.0
2019-01-21,23,0,192,332.6,332.6,0.0,10785.405497,0.0
2019-01-21,23,0,194,0.0,0.0,0.0,-0.0,0.0
2019-01-21,23,0,196,0.0,0.0,0.0,0.0,0.0
2019-01-21,23,0,198,0.0,0.0,0.0,0.0,0.0
2019-01-21,23,0,199,95.85,95.85,0.0,-3483.916045,0.0
2019-01-21,23,0,200,0.0,0.0,0.0,-0.0,0.0
2019-01-21,23,0,204,857.0,857.0,0.0,1404.419371,0.0
2019-01-21,23,0,205,1058.0,1058.0,0.0,1826.883709,0.0
2019-01-21,23,0,206,539.94,539.94,0.0,-134.844347,0.0
2019-01-21,23,0,210,0.0,0.0,0.0,0.0,0.0
2019-01-21,23,0,214,0.0,0.0,0.0,0.0,0.0
2019-01-21,23,0,217,0.0,0.0,0.0,0.0,0.0
2019-01-21,23,0,218,0.0,0.0,0.0,0.0,0.0
2019-01-21,23,0,219,0.0,0.0,0.0,0.0,0.0
2019-01-21,23,0,221,0.0,0.0,0.0,0.0,0.0
2019-01-21,23,0,225,0.0,0.0,0.0,0.0,0.0
2019-01-21,23,0,233,0.0,0.0,0.0,0.0,0.0
2019-01-21,23,0,236,159.03,159.03,0.0,473.101356,0.0
2019-01-21,23,0,237,156.6,156.6,0.0,404.308557,0.0
2019-01-21,23,0,238,0.0,0.0,0.0,0.0,0.0
2019-01-21,23,0,240,0.0,0.0,0.0,0.0,0.0
2019-01-21,23,0,245,260.0,260.0,0.0,865.568497,0.0
2019-01-21,23,0,247,171.72,171.72,0.0,571.674701,0.0
2019-01-21,23,0,248,15.72,15.72,0.0,40.585763,0.0
2019-01-21,23,0,249,500.0,500.0,0.0,1664.554801,0.0
2019-01-21,23,0,251,326.4,326.4,0.0,971.495107,0.0
2019-01-21,23,0,252,267.06,267.06,0.0,772.140684,0.0
2019-01-21,23,0,254,0.0,0.0,0.0,0.0,0.0
2019-01-21,23,0,255,0.0,0.0,0.0,0.0,0.0
2019-01-21,23,0,258,0.0,0.0,0.0,0.0,0.0
2019-01-21,23,0,260,0.0,0.0,0.0,0.0,0.0
2019-01-21,23,0,265,0.0,0.0,0.0,0.0,0.0
2019-01-21,23,0,266,97.0,97.0,0.0,92.983069,0.0
2019-01-21,23,0,267,119.2,119.2,0.0,114.26373,0.0
2019-01-21,23,0,270,579.0,579.0,0.0,-579000.0,0.0
2019-01-21,23,0,272,501.3,501.3,0.0,-138646.488827,0.0
2019-01-21,23,0,273,0.0,0.0,0.0,-0.0,0.0
2019-01-21,23,0,274,746.4,746.4,0.0,-746400.0,0.0
2019-01-21,23,0,275,1039.0,1039.0,0.0,-1039000.0,0.0
2019-01-21,23,0,276,0.0,0.0,0.0,-0.0,0.0
2019-01-21,23,0,277,0.0,0.0,0.0,-0.0,0.0
2019-01-21,23,0,278,0.0,0.0,0.0,-0.0,0.0
2019-01-21,23,0,279,264.6,264.6,0.0,-76197.164064,0.0
2019-01-21,23,0,281,13.16,13.16,0.0,-2.979523,0.0
2019-01-21,23,0,282,0.0,0.0,0.0,-0.0,0.0
2019-01-22,0,0,9,0.0,0.0,0.0,0.0,0.0
2019-01-22,0,0,17,0.0,0.0,0.0,0.0,0.0
2019-01-22,0,0,19,643.3,643.3,0.0,1073.046207,0.0
2019-01-22,0,0,20,780.2,780.2,0.0,1301.400048,0.0
2019-01-22,0,0,21,0.0,0.0,0.0,0.0,0.0
2019-01-22,0,0,22,0.0,0.0,0.0,0.0,0.0
2019-01-22,0,0,23,108.8,108.8,0.0,640.081456,0.0
2019-01-22,0,0,24,192.5,192.5,0.0,1132.497061,0.0
2019-01-22,0,0,29,0.0,0.0,0.0,0.0,0.0
2019-01-22,0,0,30,0.0,0.0,0.0,0.0,0.0
2019-01-22,0,0,31,29.21,29.21,0.0,171.957105,0.0
2019-01-22,0,0,32,0.0,0.0,0.0,0.0,0.0
2019-01-22,0,0,33,0.0,0.0,0.0,0.0,0.0
2019-01-22,0,0,34,0.0,0.0,0.0,0.0,0.0
2019-01-22,0,0,35,0.0,0.0,0.0,0.0,0.0
2019-01-22,0,0,36,0.0,0.0,0.0,0.0,0.0
2019-01-22,0,0,37,0.0,0.0,0.0,0.0,0.0
2019-01-22,0,0,38,0.0,0.0,0.0,0.0,0.0
2019-01-22,0,0,39,0.0,0.0,0.0,0.0,0.0
2019-01-22,0,0,40,0.0,0.0,0.0,0.0,0.0
2019-01-22,0,0,41,116.0,116.0,0.0,659.240908,0.0
2019-01-22,0,0,42,0.0,0.0,0.0,0.0,0.0
2019-01-22,0,0,43,0.0,0.0,0.0,0.0,0.0
2019-01-22,0,0,46,0.0,0.0,0.0,0.0,0.0
2019-01-22,0,0,52,30.97,30.97,0.0,182.318095,0.0
2019-01-22,0,0,53,49.19,49.19,0.0,289.577884,0.0
2019-01-22,0,0,55,622.97,622.97,0.0,3664.995814,0.0
2019-01-22,0,0,56,0.0,0.0,0.0,0.0,0.0
2019-01-22,0,0,57,0.0,0.0,0.0,0.0,0.0
2019-01-22,0,0,58,0.0,0.0,0.0,0.0,0.0
2019-01-22,0,0,59,0.0,0.0,0.0,0.0,0.0
2019-01-22,0,0,63,170.0,170.0,0.0,16251.785374,0.0
2019-01-22,0,0,64,200.0,200.0,0.0,19119.747498,0.0
2019-01-22,0,0,65,41.4,41.4,0.0,143.280242,0.0
2019-01-22,0,0,67,0.0,0.0,0.0,-0.0,0.0
2019-01-22,0,0,68,10.2,10.2,0.0,-4304.431769,0.0
2019-01-22,0,0,69,0.0,0.0,0.0,0.0,0.0
2019-01-22,0,0,74,65.28,65.28,0.0,352.51147,0.0
2019-01-22,0,0,77,200.0,200.0,0.0,-60714.099841,0.0
2019-01-22,0,0,78,151.2,151.2,0.0,-45899.85948,0.0
2019-01-22,0,0,79,87.5,87.5,0.0,-26562.41868,0.0
2019-01-22,0,0,80,141.5,141.5,0.0,-42955.225638,0.0
2019-01-22,0,0,81,185.0,185.0,0.0,-56160.542353,0.0
2019-01-22,0,0,82,130.5,130.5,0.0,-39615.950146,0.0
2019-01-22,0,0,83,291.0,291.0,0.0,-88339.015269,0.0
2019-01-22,0,0,84,0.0,0.0,0.0,-0.0,0.0
2019-01-22,0,0,86,0.0,0.0,0.0,0.0,0.0
2019-01-22,0,0,87,0.0,0.0,0.0,0.0,0.0
2019-01-22,0,0,88,170.6,170.6,0.0,-51789.127164,0.0
2019-01-22,0,0,89,164.0,164.0,0.0,-49785.56187,0.0
2019-01-22,0,0,90,220.2,220.2,0.0,-66846.223925,0.0
2019-01-22,0,0,91,785.5,785.5,0.0,-238454.627126,0.0
2019-01-22,0,0,92,282.5,282.5,0.0,-85758.666025,0.0
2019-01-22,0,0,95,67.44,67.44,0.0,1311.42339,0.0
2019-01-22,0,0,96,29.88,29.88,0.0,176.020768,0.0
2019-01-22,0,0,97,183.75,183.75,0.0,1082.457033,0.0
2019-01-22,0,0,99,12.6,12.6,0.0,68.039898,0.0
2019-01-22,0,0,101,0.0,0.0,0.0,0.0,0.0
2019-01-22,0,0,102,24.15,24.15,0.0,-10191.375217,0.0
2019-01-22,0,0,103,21.0,21.0,0.0,-8862.065406,0.0
2019-01-22,0,0,104,3.9,3.9,0.0,-1645.812147,0.0
2019-01-22,0,0,106,0.0,0.0,0.0,0.0,0.0
2019-01-22,0,0,109,200.0,200.0,0.0,1110.608718,0.0
2019-01-22,0,0,110,338.6,338.6,0.0,-338600.0,0.0
2019-01-22,0,0,111,0.0,0.0,0.0,0.0,0.0
2019-01-22,0,0,113,150.0,150.0,0.0,-41178.278081,0.0
2019-01-22,0,0,115,150.0,150.0,0.0,-41178.278081,0.0
2019-01-22,0,0,116,0.0,0.0,0.0,-0.0,0.0
2019-01-22,0,0,117,10.0,10.0,0.0,-2745.218539,0.0
2019-01-22,0,0,119,200.0,200.0,0.0,19119.747498,0.0
2019-01-22,0,0,120,117.6,117.6,0.0,11242.411529,0.0
2019-01-22,0,0,123,0.0,0.0,0.0,0.0,0.0
2019-01-22,0,0,125,174.2,174.2,0.0,1024.836302,0.0
2019-01-22,0,0,126,0.0,0.0,0.0,0.0,0.0
2019-01-22,0,0,127,0.0,0.0,0.0,0.0,0.0
2019-01-22,0,0,128,249.5,249.5,0.0,1467.833853,0.0
2019-01-22,0,0,131,30.0,30.0,0.0,-11520.114988,0.0
2019-01-22,0,0,132,44.1,44.1,0.0,-16934.569033,0.0
2019-01-22,0,0,133,139.8,139.8,0.0,772.024796,0.0
2019-01-22,0,0,134,0.0,0.0,0.0,0.0,0.0
2019-01-22,0,0,135,187.33,187.33,0.0,1034.502182,0.0
2019-01-22,0,0,136,45.9,45.9,0.0,163.371814,0.0
2019-01-22,0,0,139,149.8,149.8,0.0,851.33007,0.0
2019-01-22,0,0,140,250.6,250.6,0.0,-250600.0,0.0
2019-01-22,0,0,141,230.0,230.0,0.0,-129785.698471,0.0
2019-01-22,0,0,142,0.0,0.0,0.0,-0.0,0.0
2019-01-22,0,0,143,110.03,110.03,0.0,647.738455,0.0
2019-01-22,0,0,145,30.0,30.0,0.0,172.888952,0.0
2019-01-22,0,0,146,268.0,268.0,0.0,-268000.0,0.0
2019-01-22,0,0,152,0.0,0.0,0.0,0.0,0.0
2019-01-22,0,0,153,0.0,0.0,0.0,0.0,0.0
2019-01-22,0,0,154,0.0,0.0,0.0,0.0,0.0
2019-01-22,0,0,157,197.9,197.9,0.0,-111672.129249,0.0
2019-01-22,0,0,158,0.0,0.0,0.0,-0.0,0.0
2019-01-22,0,0,159,0.0,0.0,0.0,0.0,0.0
2019-01-22,0,0,160,0.0,0.0,0.0,0.0,0.0
2019-01-22,0,0,161,0.0,0.0,0.0,-0.0,0.0
2019-01-22,0,0,162,48.75,48.75,0.0,986.380023,0.0
2019-01-22,0,0,163,185.4,185.4,0.0,-185400.0,0.0
2019-01-22,0,0,164,0.0,0.0,0.0,0.0,0.0
2019-01-22,0,0,167,0.0,0.0,0.0,0.0,0.0
2019-01-22,0,0,168,0.0,0.0,0.0,0.0,0.0
2019-01-22,0,0,169,0.0,0.0,0.0,0.0,0.0
2019-01-22,0,0,170,0.0,0.0,0.0,0.0,0.0
2019-01-22,0,0,172,0.0,0.0,0.0,0.0,0.0
2019-01-22,0,0,173,0.0,0.0,0.0,0.0,0.0
2019-01-22,0,0,188,0.0,0.0,0.0,0.0,0.0
2019-01-22,0,0,190,0.0,0.0,0.0,0.0,0.0
2019-01-22,0,0,191,0.0,0.0,0.0,0.0,0.0
2019-01-22,0,0,192,332.6,332.6,0.0,10785.405497,0.0
2019-01-22,0,0,194,0.0,0.0,0.0,-0.0,0.0
2019-01-22,0,0,196,0.0,0.0,0.0,0.0,0.0
2019-01-22,0,0,198,0.0,0.0,0.0,0.0,0.0
2019-01-22,0,0,199,39.0,39.0,0.0,-1438.768699,0.0
2019-01-22,0,0,200,0.0,0.0,0.0,-0.0,0.0
2019-01-22,0,0,204,857.0,857.0,0.0,4772.13034,0.0
2019-01-22,0,0,205,1058.0,1058.0,0.0,5875.120119,0.0
2019-01-22,0,0,206,539.94,539.94,0.0,3180.744763,0.0
2019-01-22,0,0,210,0.0,0.0,0.0,0.0,0.0
2019-01-22,0,0,214,0.0,0.0,0.0,0.0,0.0
2019-01-22,0,0,217,0.0,0.0,0.0,0.0,0.0
2019-01-22,0,0,218,0.0,0.0,0.0,0.0,0.0
2019-01-22,0,0,219,0.0,0.0,0.0,0.0,0.0
2019-01-22,0,0,221,0.0,0.0,0.0,0.0,0.0
2019-01-22,0,0,225,0.0,0.0,0.0,0.0,0.0
2019-01-22,0,0,233,0.0,0.0,0.0,0.0,0.0
2019-01-22,0,0,236,159.03,159.03,0.0,848.204948,0.0
2019-01-22,0,0,237,156.6,156.6,0.0,845.63873,0.0
2019-01-22,0,0,238,0.0,0.0,0.0,0.0,0.0
2019-01-22,0,0,240,0.0,0.0,0.0,0.0,0.0
2019-01-22,0,0,245,164.49,164.49,0.0,806.673608,0.0
2019-01-22,0,0,247,171.72,171.72,0.0,842.130172,0.0
2019-01-22,0,0,248,15.72,15.72,0.0,84.887872,0.0
2019-01-22,0,0,249,308.16,308.16,0.0,1511.244082,0.0
2019-01-22,0,0,251,326.4,326.4,0.0,1319.450099,0.0
2019-01-22,0,0,252,267.06,267.06,0.0,924.261386,0.0
2019-01-22,0,0,254,0.0,0.0,0.0,0.0,0.0
2019-01-22,0,0,255,0.0,0.0,0.0,0.0,0.0
2019-01-22,0,0,258,0.0,0.0,0.0,0.0,0.0
2019-01-22,0,0,260,0.0,0.0,0.0,0.0,0.0
2019-01-22,0,0,265,0.0,0.0,0.0,0.0,0.0
2019-01-22,0,0,266,97.0,97.0,0.0,551.261794,0.0
2019-01-22,0,0,267,119.2,119.2,0.0,677.426865,0.0
2019-01-22,0,0,270,579.0,579.0,0.0,-579000.0,0.0
2019-01-22,0,0,272,501.3,501.3,0.0,-137617.805345,0.0
2019-01-22,0,0,273,0.0,0.0,0.0,-0.0,0.0
2019-01-22,0,0,274,746.4,746.4,0.0,-746400.0,0.0
2019-01-22,0,0,275,1039.0,1039.0,0.0,-1039000.0,0.0
2019-01-22,0,0,276,0.0,0.0,0.0,-0.0,0.0
2019-01-22,0,0,277,0.0,0.0,0.0,-0.0,0.0
2019-01-22,0,0,278,0.0,0.0,0.0,-0.0,0.0
2019-01-22,0,0,279,264.6,264.6,0.0,-75720.032839,0.0
2019-01-22,0,0,281,13.11,13.11,0.0,77.177598,0.0
2019-01-22,0,0,282,0.0,0.0,0.0,0.0,0.0
2019-01-22,1,0,9,0.0,0.0,0.0,0.0,0.0
2019-01-22,1,0,17,0.0,0.0,0.0,0.0,0.0
2019-01-22,1,0,19,643.3,643.3,0.0,399.489035,0.0
2019-01-22,1,0,20,780.2,780.2,0.0,484.503879,0.0
2019-01-22,1,0,21,0.0,0.0,0.0,0.0,0.0
2019-01-22,1,0,22,0.0,0.0,0.0,0.0,0.0
2019-01-22,1,0,23,108.8,108.8,0.0,459.253169,0.0
2019-01-22,1,0,24,192.5,192.5,0.0,812.557307,0.0
2019-01-22,1,0,29,0.0,0.0,0.0,0.0,0.0
2019-01-22,1,0,30,0.0,0.0,0.0,0.0,0.0
2019-01-22,1,0,31,65.14,65.14,0.0,273.412555,0.0
2019-01-22,1,0,32,0.0,0.0,0.0,0.0,0.0
2019-01-22,1,0,33,0.0,0.0,0.0,0.0,0.0
2019-01-22,1,0,34,0.0,0.0,0.0,0.0,0.0
2019-01-22,1,0,35,0.0,0.0,0.0,0.0,0.0
2019-01-22,1,0,36,0.0,0.0,0.0,0.0,0.0
2019-01-22,1,0,37,0.0,0.0,0.0,0.0,0.0
2019-01-22,1,0,38,0.0,0.0,0.0,0.0,0.0
2019-01-22,1,0,39,0.0,0.0,0.0,0.0,0.0
2019-01-22,1,0,40,0.0,0.0,0.0,0.0,0.0
2019-01-22,1,0,41,116.0,116.0,0.0,633.078735,0.0
2019-01-22,1,0,42,0.0,0.0,0.0,0.0,0.0
2019-01-22,1,0,43,0.0,0.0,0.0,0.0,0.0
2019-01-22,1,0,46,0.0,0.0,0.0,0.0,0.0
2019-01-22,1,0,52,69.35,69.35,0.0,291.083216,0.0
2019-01-22,1,0,53,113.37,113.37,0.0,475.848654,0.0
2019-01-22,1,0,55,524.08,524.08,0.0,2212.181991,0.0
2019-01-22,1,0,56,0.0,0.0,0.0,0.0,0.0
2019-01-22,1,0,57,0.0,0.0,0.0,0.0,0.0
2019-01-22,1,0,58,0.0,0.0,0.0,0.0,0.0
2019-01-22,1,0,59,0.0,0.0,0.0,0.0,0.0
2019-01-22,1,0,63,170.0,170.0,0.0,16353.60724,0.0
2019-01-22,1,0,64,200.0,200.0,0.0,19239.537929,0.0
2019-01-22,1,0,65,41.4,41.4,0.0,175.254023,0.0
2019-01-22,1,0,67,0.0,0.0,0.0,-0.0,0.0
2019-01-22,1,0,68,10.2,10.2,0.0,-4289.494946,0.0
2019-01-22,1,0,69,0.0,0.0,0.0,0.0,0.0
2019-01-22,1,0,74,65.28,65.28,0.0,468.518339,0.0
2019-01-22,1,0,77,200.0,200.0,0.0,-60325.587031,0.0
2019-01-22,1,0,78,151.2,151.2,0.0,-45606.143795,0.0
2019-01-22,1,0,79,87.5,87.5,0.0,-26392.444326,0.0
2019-01-22,1,0,80,141.5,141.5,0.0,-42680.352824,0.0
2019-01-22,1,0,81,185.0,185.0,0.0,-55801.168004,0.0
2019-01-22,1,0,82,130.5,130.5,0.0,-39362.445538,0.0
2019-01-22,1,0,83,291.0,291.0,0.0,-87773.72913,0.0
2019-01-22,1,0,84,0.0,0.0,0.0,-0.0,0.0
2019-01-22,1,0,86,0.0,0.0,0.0,0.0,0.0
2019-01-22,1,0,87,0.0,0.0,0.0,0.0,0.0
2019-01-22,1,0,88,170.6,170.6,0.0,-51457.725737,0.0
2019-01-22,1,0,89,164.0,164.0,0.0,-49466.981365,0.0
2019-01-22,1,0,90,220.2,220.2,0.0,-66418.471321,0.0
2019-01-22,1,0,91,785.5,785.5,0.0,-236928.743064,0.0
2019-01-22,1,0,92,282.5,282.5,0.0,-85209.891681,0.0
2019-01-22,1,0,95,88.63,88.63,0.0,1723.479464,0.0
2019-01-22,1,0,96,29.88,29.88,0.0,124.673235,0.0
2019-01-22,1,0,97,183.75,183.75,0.0,766.690328,0.0
2019-01-22,1,0,99,12.6,12.6,0.0,90.430929,0.0
2019-01-22,1,0,101,0.0,0.0,0.0,0.0,0.0
2019-01-22,1,0,102,24.15,24.15,0.0,-10156.010092,0.0
2019-01-22,1,0,103,21.0,21.0,0.0,-8831.313124,0.0
2019-01-22,1,0,104,3.9,3.9,0.0,-1640.101009,0.0
2019-01-22,1,0,106,0.0,0.0,0.0,0.0,0.0
2019-01-22,1,0,109,200.0,200.0,0.0,1255.61441,0.0
2019-01-22,1,0,110,338.6,338.6,0.0,-338600.0,0.0
2019-01-22,1,0,111,0.0,0.0,0.0,0.0,0.0
2019-01-22,1,0,113,84.36,84.36,0.0,-23037.927429,0.0
2019-01-22,1,0,115,84.36,84.36,0.0,-23037.927429,0.0
2019-01-22,1,0,116,0.0,0.0,0.0,-0.0,0.0
2019-01-22,1,0,117,5.76,5.76,0.0,-1573.002157,0.0
2019-01-22,1,0,119,200.0,200.0,0.0,19239.537929,0.0
2019-01-22,1,0,120,117.6,117.6,0.0,11312.848302,0.0
2019-01-22,1,0,123,0.0,0.0,0.0,0.0,0.0
2019-01-22,1,0,125,174.2,174.2,0.0,735.311599,0.0
2019-01-22,1,0,126,0.0,0.0,0.0,0.0,0.0
2019-01-22,1,0,127,0.0,0.0,0.0,0.0,0.0
2019-01-22,1,0,128,249.5,249.5,0.0,1053.158691,0.0
2019-01-22,1,0,131,30.0,30.0,0.0,-11473.294944,0.0
2019-01-22,1,0,132,44.1,44.1,0.0,-16865.743567,0.0
2019-01-22,1,0,133,139.8,139.8,0.0,1183.512042,0.0
2019-01-22,1,0,134,0.0,0.0,0.0,0.0,0.0
2019-01-22,1,0,135,187.32,187.32,0.0,1585.804547,0.0
2019-01-22,1,0,136,45.9,45.9,0.0,203.405431,0.0
2019-01-22,1,0,139,149.8,149.8,0.0,817.54478,0.0
2019-01-22,1,0,140,250.6,250.6,0.0,-250600.0,0.0
2019-01-22,1,0,141,230.0,230.0,0.0,-129531.798727,0.0
2019-01-22,1,0,142,0.0,0.0,0.0,-0.0,0.0
2019-01-22,1,0,143,154.11,154.11,0.0,646.846927,0.0
2019-01-22,1,0,145,30.0,30.0,0.0,149.087879,0.0
2019-01-22,1,0,146,268.0,268.0,0.0,-268000.0,0.0
2019-01-22,1,0,152,0.0,0.0,0.0,0.0,0.0
2019-01-22,1,0,153,0.0,0.0,0.0,0.0,0.0
2019-01-22,1,0,154,0.0,0.0,0.0,0.0,0.0
2019-01-22,1,0,157,205.74,205.74,0.0,-115869.00987,0.0
2019-01-22,1,0,158,0.0,0.0,0.0,-0.0,0.0
2019-01-22,1,0,159,0.0,0.0,0.0,0.0,0.0
2019-01-22,1,0,160,0.0,0.0,0.0,0.0,0.0
2019-01-22,1,0,161,0.0,0.0,0.0,-0.0,0.0
2019-01-22,1,0,162,48.75,48.75,0.0,986.770564,0.0
2019-01-22,1,0,163,185.4,185.4,0.0,-185400.0,0.0
2019-01-22,1,0,164,0.0,0.0,0.0,0.0,0.0
2019-01-22,1,0,167,0.0,0.0,0.0,0.0,0.0
2019-01-22,1,0,168,0.0,0.0,0.0,0.0,0.0
2019-01-22,1,0,169,0.0,0.0,0.0,0.0,0.0
2019-01-22,1,0,170,0.0,0.0,0.0,0.0,0.0
2019-01-22,1,0,172,0.0,0.0,0.0,0.0,0.0
2019-01-22,1,0,173,0.0,0.0,0.0,0.0,0.0
2019-01-22,1,0,188,0.0,0.0,0.0,0.0,0.0
2019-01-22,1,0,190,0.0,0.0,0.0,0.0,0.0
2019-01-22,1,0,191,0.0,0.0,0.0,0.0,0.0
2019-01-22,1,0,192,332.6,332.6,0.0,10785.405497,0.0
2019-01-22,1,0,194,0.0,0.0,0.0,-0.0,0.0
2019-01-22,1,0,196,0.0,0.0,0.0,0.0,0.0
2019-01-22,1,0,198,0.0,0.0,0.0,0.0,0.0
2019-01-22,1,0,199,95.96,95.96,0.0,-3039.192923,0.0
2019-01-22,1,0,200,0.0,0.0,0.0,-0.0,0.0
2019-01-22,1,0,204,857.0,857.0,0.0,5300.483671,0.0
2019-01-22,1,0,205,1058.0,1058.0,0.0,6642.200231,0.0
2019-01-22,1,0,206,539.94,539.94,0.0,2252.880411,0.0
2019-01-22,1,0,210,0.0,0.0,0.0,0.0,0.0
2019-01-22,1,0,214,0.0,0.0,0.0,0.0,0.0
2019-01-22,1,0,217,0.0,0.0,0.0,0.0,0.0
2019-01-22,1,0,218,0.0,0.0,0.0,0.0,0.0
2019-01-22,1,0,219,0.0,0.0,0.0,0.0,0.0
2019-01-22,1,0,221,0.0,0.0,0.0,0.0,0.0
2019-01-22,1,0,225,0.0,0.0,0.0,0.0,0.0
2019-01-22,1,0,233,0.0,0.0,0.0,0.0,0.0
2019-01-22,1,0,236,159.03,159.03,0.0,1208.200231,0.0
2019-01-22,1,0,237,156.6,156.6,0.0,1123.927265,0.0
2019-01-22,1,0,238,0.0,0.0,0.0,0.0,0.0
2019-01-22,1,0,240,0.0,0.0,0.0,0.0,0.0
2019-01-22,1,0,245,78.0,78.0,0.0,572.073343,0.0
2019-01-22,1,0,247,171.72,171.72,0.0,1259.441468,0.0
2019-01-22,1,0,248,15.72,15.72,0.0,112.82335,0.0
2019-01-22,1,0,249,150.01,150.01,0.0,1100.214387,0.0
2019-01-22,1,0,251,326.4,326.4,0.0,1748.996424,0.0
2019-01-22,1,0,252,267.06,267.06,0.0,1130.515444,0.0
2019-01-22,1,0,254,0.0,0.0,0.0,0.0,0.0
2019-01-22,1,0,255,0.0,0.0,0.0,0.0,0.0
2019-01-22,1,0,258,0.0,0.0,0.0,0.0,0.0
2019-01-22,1,0,260,0.0,0.0,0.0,0.0,0.0
2019-01-22,1,0,265,0.0,0.0,0.0,0.0,0.0
2019-01-22,1,0,266,97.0,97.0,0.0,529.384804,0.0
2019-01-22,1,0,267,119.2,119.2,0.0,650.542976,0.0
2019-01-22,1,0,270,579.0,579.0,0.0,-579000.0,0.0
2019-01-22,1,0,272,281.35,281.35,0.0,-76834.055028,0.0
2019-01-22,1,0,273,0.0,0.0,0.0,-0.0,0.0
2019-01-22,1,0,274,746.4,746.4,0.0,-746400.0,0.0
2019-01-22,1,0,275,1039.0,1039.0,0.0,-1039000.0,0.0
2019-01-22,1,0,276,0.0,0.0,0.0,-0.0,0.0
2019-01-22,1,0,277,0.0,0.0,0.0,-0.0,0.0
2019-01-22,1,0,278,0.0,0.0,0.0,-0.0,0.0
2019-01-22,1,0,279,264.6,264.6,0.0,-75287.090342,0.0
2019-01-22,1,0,281,26.89,26.89,0.0,112.865576,0.0
2019-01-22,1,0,282,0.0,0.0,0.0,0.0,0.0
2019-01-22,2,0,9,0.0,0.0,0.0,0.0,0.0
2019-01-22,2,0,17,0.0,0.0,0.0,0.0,0.0
2019-01-22,2,0,19,643.3,643.3,0.0,993.564752,0.0
2019-01-22,2,0,20,780.2,780.2,0.0,1205.004228,0.0
2019-01-22,2,0,21,0.0,0.0,0.0,0.0,0.0
2019-01-22,2,0,22,0.0,0.0,0.0,0.0,0.0
2019-01-22,2,0,23,108.8,108.8,0.0,640.297066,0.0
2019-01-22,2,0,24,192.5,192.5,0.0,1132.87854,0.0
2019-01-22,2,0,29,0.0,0.0,0.0,0.0,0.0
2019-01-22,2,0,30,0.0,0.0,0.0,0.0,0.0
2019-01-22,2,0,31,26.29,26.29,0.0,154.767282,0.0
2019-01-22,2,0,32,0.0,0.0,0.0,0.0,0.0
2019-01-22,2,0,33,0.0,0.0,0.0,0.0,0.0
2019-01-22,2,0,34,0.0,0.0,0.0,0.0,0.0
2019-01-22,2,0,35,0.0,0.0,0.0,0.0,0.0
2019-01-22,2,0,36,0.0,0.0,0.0,0.0,0.0
2019-01-22,2,0,37,0.0,0.0,0.0,0.0,0.0
2019-01-22,2,0,38,0.0,0.0,0.0,0.0,0.0
2019-01-22,2,0,39,0.0,0.0,0.0,0.0,0.0
2019-01-22,2,0,40,0.0,0.0,0.0,0.0,0.0
2019-01-22,2,0,41,116.0,116.0,0.0,671.433212,0.0
2019-01-22,2,0,42,0.0,0.0,0.0,0.0,0.0
2019-01-22,2,0,43,0.0,0.0,0.0,0.0,0.0
2019-01-22,2,0,46,0.0,0.0,0.0,0.0,0.0
2019-01-22,2,0,52,27.87,27.87,0.0,164.068624,0.0
2019-01-22,2,0,53,44.27,44.27,0.0,260.614209,0.0
2019-01-22,2,0,55,623.0,623.0,0.0,3666.406911,0.0
2019-01-22,2,0,56,0.0,0.0,0.0,0.0,0.0
2019-01-22,2,0,57,0.0,0.0,0.0,0.0,0.0
2019-01-22,2,0,58,0.0,0.0,0.0,0.0,0.0
2019-01-22,2,0,59,0.0,0.0,0.0,0.0,0.0
2019-01-22,2,0,63,170.0,170.0,0.0,14955.345517,0.0
2019-01-22,2,0,64,200.0,200.0,0.0,17594.524138,0.0
2019-01-22,2,0,65,41.4,41.4,0.0,147.053229,0.0
2019-01-22,2,0,67,0.0,0.0,0.0,-0.0,0.0
2019-01-22,2,0,68,10.2,10.2,0.0,-4342.618214,0.0
2019-01-22,2,0,69,0.0,0.0,0.0,0.0,0.0
2019-01-22,2,0,74,62.35,62.35,0.0,352.195563,0.0
2019-01-22,2,0,77,200.0,200.0,0.0,-61613.749187,0.0
2019-01-22,2,0,78,151.2,151.2,0.0,-46579.994385,0.0
2019-01-22,2,0,79,87.5,87.5,0.0,-26956.015269,0.0
2019-01-22,2,0,80,141.5,141.5,0.0,-43591.72755,0.0
2019-01-22,2,0,81,185.0,185.0,0.0,-56992.717998,0.0
2019-01-22,2,0,82,130.5,130.5,0.0,-40202.971344,0.0
2019-01-22,2,0,83,291.0,291.0,0.0,-89648.005067,0.0
2019-01-22,2,0,84,0.0,0.0,0.0,-0.0,0.0
2019-01-22,2,0,86,0.0,0.0,0.0,0.0,0.0
2019-01-22,2,0,87,0.0,0.0,0.0,0.0,0.0
2019-01-22,2,0,88,170.6,170.6,0.0,-52556.528056,0.0
2019-01-22,2,0,89,164.0,164.0,0.0,-50523.274333,0.0
2019-01-22,2,0,90,220.2,220.2,0.0,-67836.737855,0.0
2019-01-22,2,0,91,785.5,785.5,0.0,-241987.999931,0.0
2019-01-22,2,0,92,282.5,282.5,0.0,-87029.420726,0.0
2019-01-22,2,0,95,36.0,36.0,0.0,593.100634,0.0
2019-01-22,2,0,96,29.88,29.88,0.0,175.958884,0.0
2019-01-22,2,0,97,183.75,183.75,0.0,1082.076472,0.0
2019-01-22,2,0,99,12.03,12.03,0.0,67.953691,0.0
2019-01-22,2,0,101,0.0,0.0,0.0,0.0,0.0
2019-01-22,2,0,102,24.15,24.15,0.0,-10281.787241,0.0
2019-01-22,2,0,103,21.0,21.0,0.0,-8940.684558,0.0
2019-01-22,2,0,104,3.9,3.9,0.0,-1660.412846,0.0
2019-01-22,2,0,106,0.0,0.0,0.0,0.0,0.0
2019-01-22,2,0,109,195.26,195.26,0.0,1118.153118,0.0
2019-01-22,2,0,110,338.6,338.6,0.0,-338600.0,0.0
2019-01-22,2,0,111,0.0,0.0,0.0,0.0,0.0
2019-01-22,2,0,113,92.76,92.76,0.0,-25903.204428,0.0
2019-01-22,2,0,115,92.76,92.76,0.0,-25903.204428,0.0
2019-01-22,2,0,116,0.0,0.0,0.0,-0.0,0.0
2019-01-22,2,0,117,4.96,4.96,0.0,-1385.078633,0.0
2019-01-22,2,0,119,200.0,200.0,0.0,17594.524138,0.0
2019-01-22,2,0,120,117.6,117.6,0.0,10345.580193,0.0
2019-01-22,2,0,123,0.0,0.0,0.0,0.0,0.0
2019-01-22,2,0,125,174.2,174.2,0.0,1025.181515,0.0
2019-01-22,2,0,126,0.0,0.0,0.0,0.0,0.0
2019-01-22,2,0,127,0.0,0.0,0.0,0.0,0.0
2019-01-22,2,0,128,249.5,249.5,0.0,1468.32829,0.0
2019-01-22,2,0,131,30.0,30.0,0.0,-11639.811867,0.0
2019-01-22,2,0,132,44.1,44.1,0.0,-17110.523444,0.0
2019-01-22,2,0,133,139.8,139.8,0.0,820.133383,0.0
2019-01-22,2,0,134,0.0,0.0,0.0,0.0,0.0
2019-01-22,2,0,135,187.33,187.33,0.0,1098.967001,0.0
2019-01-22,2,0,136,45.9,45.9,0.0,168.095883,0.0
2019-01-22,2,0,139,149.8,149.8,0.0,867.074958,0.0
2019-01-22,2,0,140,250.6,250.6,0.0,-250600.0,0.0
2019-01-22,2,0,141,230.0,230.0,0.0,-130434.800946,0.0
2019-01-22,2,0,142,0.0,0.0,0.0,-0.0,0.0
2019-01-22,2,0,143,65.37,65.37,0.0,384.828345,0.0
2019-01-22,2,0,145,30.0,30.0,0.0,174.820191,0.0
2019-01-22,2,0,146,268.0,268.0,0.0,-268000.0,0.0
2019-01-22,2,0,152,0.0,0.0,0.0,0.0,0.0
2019-01-22,2,0,153,0.0,0.0,0.0,0.0,0.0
2019-01-22,2,0,154,0.0,0.0,0.0,0.0,0.0
2019-01-22,2,0,157,171.33,171.33,0.0,-97162.584548,0.0
2019-01-22,2,0,158,0.0,0.0,0.0,-0.0,0.0
2019-01-22,2,0,159,0.0,0.0,0.0,0.0,0.0
2019-01-22,2,0,160,0.0,0.0,0.0,0.0,0.0
2019-01-22,2,0,161,0.0,0.0,0.0,-0.0,0.0
2019-01-22,2,0,162,48.75,48.75,0.0,841.939233,0.0
2019-01-22,2,0,163,185.4,185.4,0.0,-185400.0,0.0
2019-01-22,2,0,164,0.0,0.0,0.0,0.0,0.0
2019-01-22,2,0,167,0.0,0.0,0.0,0.0,0.0
2019-01-22,2,0,168,0.0,0.0,0.0,0.0,0.0
2019-01-22,2,0,169,0.0,0.0,0.0,0.0,0.0
2019-01-22,2,0,170,0.0,0.0,0.0,0.0,0.0
2019-01-22,2,0,172,0.0,0.0,0.0,0.0,0.0
2019-01-22,2,0,173,0.0,0.0,0.0,0.0,0.0
2019-01-22,2,0,188,0.0,0.0,0.0,0.0,0.0
2019-01-22,2,0,190,0.0,0.0,0.0,0.0,0.0
2019-01-22,2,0,191,0.0,0.0,0.0,0.0,0.0
2019-01-22,2,0,192,332.6,332.6,0.0,10785.405497,0.0
2019-01-22,2,0,194,176.5,176.5,0.0,-25969.878616,0.0
2019-01-22,2,0,196,0.0,0.0,0.0,0.0,0.0
2019-01-22,2,0,198,0.0,0.0,0.0,0.0,0.0
2019-01-22,2,0,199,39.0,39.0,0.0,-1484.184068,0.0
2019-01-22,2,0,200,0.0,0.0,0.0,-0.0,0.0
2019-01-22,2,0,204,857.0,857.0,0.0,4914.101251,0.0
2019-01-22,2,0,205,958.56,958.56,0.0,5489.177775,0.0
2019-01-22,2,0,206,539.94,539.94,0.0,3179.626504,0.0
2019-01-22,2,0,210,0.0,0.0,0.0,0.0,0.0
2019-01-22,2,0,214,0.0,0.0,0.0,0.0,0.0
2019-01-22,2,0,217,0.0,0.0,0.0,0.0,0.0
2019-01-22,2,0,218,0.0,0.0,0.0,0.0,0.0
2019-01-22,2,0,219,0.0,0.0,0.0,0.0,0.0
2019-01-22,2,0,221,0.0,0.0,0.0,0.0,0.0
2019-01-22,2,0,225,0.0,0.0,0.0,0.0,0.0
2019-01-22,2,0,233,0.0,0.0,0.0,0.0,0.0
2019-01-22,2,0,236,159.03,159.03,0.0,893.31938,0.0
2019-01-22,2,0,237,149.57,149.57,0.0,844.873944,0.0
2019-01-22,2,0,238,0.0,0.0,0.0,0.0,0.0
2019-01-22,2,0,240,0.0,0.0,0.0,0.0,0.0
2019-01-22,2,0,245,78.01,78.01,0.0,404.32809,0.0
2019-01-22,2,0,247,171.72,171.72,0.0,890.029735,0.0
2019-01-22,2,0,248,15.01,15.01,0.0,84.786775,0.0
2019-01-22,2,0,249,150.01,150.01,0.0,777.506176,0.0
2019-01-22,2,0,251,326.4,326.4,0.0,1370.751668,0.0
2019-01-22,2,0,252,267.06,267.06,0.0,948.599888,0.0
2019-01-22,2,0,254,0.0,0.0,0.0,0.0,0.0
2019-01-22,2,0,255,0.0,0.0,0.0,0.0,0.0
2019-01-22,2,0,258,0.0,0.0,0.0,0.0,0.0
2019-01-22,2,0,260,0.0,0.0,0.0,0.0,0.0
2019-01-22,2,0,265,0.0,0.0,0.0,0.0,0.0
2019-01-22,2,0,266,97.0,97.0,0.0,561.457082,0.0
2019-01-22,2,0,267,119.2,119.2,0.0,689.955507,0.0
2019-01-22,2,0,270,579.0,579.0,0.0,-579000.0,0.0
2019-01-22,2,0,272,400.13,400.13,0.0,-111736.192194,0.0
2019-01-22,2,0,273,0.0,0.0,0.0,-0.0,0.0
2019-01-22,2,0,274,746.39,746.39,0.0,-746390.0,0.0
2019-01-22,2,0,275,1038.99,1038.99,0.0,-1038990.0,0.0
2019-01-22,2,0,276,0.0,0.0,0.0,-0.0,0.0
2019-01-22,2,0,277,0.0,0.0,0.0,-0.0,0.0
2019-01-22,2,0,278,0.0,0.0,0.0,-0.0,0.0
2019-01-22,2,0,279,264.6,264.6,0.0,-76946.668323,0.0
2019-01-22,2,0,281,11.8,11.8,0.0,69.465725,0.0
2019-01-22,2,0,282,0.0,0.0,0.0,0.0,0.0
2019-01-22,3,0,9,0.0,0.0,0.0,0.0,0.0
2019-01-22,3,0,17,0.0,0.0,0.0,0.0,0.0
2019-01-22,3,0,19,643.3,643.3,0.0,543.234181,0.0
2019-01-22,3,0,20,780.2,780.2,0.0,658.839279,0.0
2019-01-22,3,0,21,0.0,0.0,0.0,0.0,0.0
2019-01-22,3,0,22,0.0,0.0,0.0,0.0,0.0
2019-01-22,3,0,23,108.8,108.8,0.0,669.625061,0.0
2019-01-22,3,0,24,192.5,192.5,0.0,1184.768605,0.0
2019-01-22,3,0,29,0.0,0.0,0.0,0.0,0.0
2019-01-22,3,0,30,0.0,0.0,0.0,0.0,0.0
2019-01-22,3,0,31,23.69,23.69,0.0,145.909827,0.0
2019-01-22,3,0,32,0.0,0.0,0.0,0.0,0.0
2019-01-22,3,0,33,0.0,0.0,0.0,0.0,0.0
2019-01-22,3,0,34,0.0,0.0,0.0,0.0,0.0
2019-01-22,3,0,35,0.0,0.0,0.0,0.0,0.0
2019-01-22,3,0,36,0.0,0.0,0.0,0.0,0.0
2019-01-22,3,0,37,0.0,0.0,0.0,0.0,0.0
2019-01-22,3,0,38,0.0,0.0,0.0,0.0,0.0
2019-01-22,3,0,39,0.0,0.0,0.0,0.0,0.0
2019-01-22,3,0,40,0.0,0.0,0.0,0.0,0.0
2019-01-22,3,0,41,116.0,116.0,0.0,686.695185,0.0
2019-01-22,3,0,42,0.0,0.0,0.0,0.0,0.0
2019-01-22,3,0,43,0.0,0.0,0.0,0.0,0.0
2019-01-22,3,0,46,0.0,0.0,0.0,0.0,0.0
2019-01-22,3,0,52,25.11,25.11,0.0,154.655794,0.0
2019-01-22,3,0,53,39.9,39.9,0.0,245.749349,0.0
2019-01-22,3,0,55,623.0,623.0,0.0,3834.342032,0.0
2019-01-22,3,0,56,0.0,0.0,0.0,0.0,0.0
2019-01-22,3,0,57,0.0,0.0,0.0,0.0,0.0
2019-01-22,3,0,58,0.0,0.0,0.0,0.0,0.0
2019-01-22,3,0,59,0.0,0.0,0.0,0.0,0.0
2019-01-22,3,0,63,170.0,170.0,0.0,15458.953329,0.0
2019-01-22,3,0,64,200.0,200.0,0.0,18187.003916,0.0
2019-01-22,3,0,65,41.4,41.4,0.0,129.514473,0.0
2019-01-22,3,0,67,0.0,0.0,0.0,-0.0,0.0
2019-01-22,3,0,68,10.2,10.2,0.0,-4329.079379,0.0
2019-01-22,3,0,69,0.0,0.0,0.0,0.0,0.0
2019-01-22,3,0,74,54.98,54.98,0.0,307.169531,0.0
2019-01-22,3,0,77,200.0,200.0,0.0,-61297.290911,0.0
2019-01-22,3,0,78,151.2,151.2,0.0,-46340.751929,0.0
2019-01-22,3,0,79,87.5,87.5,0.0,-26817.564773,0.0
2019-01-22,3,0,80,141.5,141.5,0.0,-43367.833319,0.0
2019-01-22,3,0,81,185.0,185.0,0.0,-56699.994092,0.0
2019-01-22,3,0,82,130.5,130.5,0.0,-39996.482319,0.0
2019-01-22,3,0,83,291.0,291.0,0.0,-89187.558275,0.0
2019-01-22,3,0,84,0.0,0.0,0.0,-0.0,0.0
2019-01-22,3,0,86,0.0,0.0,0.0,0.0,0.0
2019-01-22,3,0,87,0.0,0.0,0.0,0.0,0.0
2019-01-22,3,0,88,170.6,170.6,0.0,-52286.589147,0.0
2019-01-22,3,0,89,164.0,164.0,0.0,-50263.778547,0.0
2019-01-22,3,0,90,220.2,220.2,0.0,-67488.317293,0.0
2019-01-22,3,0,91,785.5,785.5,0.0,-240745.110052,0.0
2019-01-22,3,0,92,282.5,282.5,0.0,-86582.423411,0.0
2019-01-22,3,0,95,36.0,36.0,0.0,700.048073,0.0
2019-01-22,3,0,96,29.88,29.88,0.0,184.175046,0.0
2019-01-22,3,0,97,183.75,183.75,0.0,1132.602566,0.0
2019-01-22,3,0,99,10.61,10.61,0.0,59.27735,0.0
2019-01-22,3,0,101,0.0,0.0,0.0,0.0,0.0
2019-01-22,3,0,102,24.15,24.15,0.0,-10249.732059,0.0
2019-01-22,3,0,103,21.0,21.0,0.0,-8912.810486,0.0
2019-01-22,3,0,104,3.9,3.9,0.0,-1655.236233,0.0
2019-01-22,3,0,106,0.0,0.0,0.0,0.0,0.0
2019-01-22,3,0,109,200.0,200.0,0.0,1153.448196,0.0
2019-01-22,3,0,110,338.6,338.6,0.0,-338600.0,0.0
2019-01-22,3,0,111,0.0,0.0,0.0,0.0,0.0
2019-01-22,3,0,113,78.82,78.82,0.0,-21876.083509,0.0
2019-01-22,3,0,115,78.82,78.82,0.0,-21876.083509,0.0
2019-01-22,3,0,116,0.0,0.0,0.0,-0.0,0.0
2019-01-22,3,0,117,4.05,4.05,0.0,-1124.056562,0.0
2019-01-22,3,0,119,200.0,200.0,0.0,18187.003916,0.0
2019-01-22,3,0,120,117.6,117.6,0.0,10693.958303,0.0
2019-01-22,3,0,123,0.0,0.0,0.0,0.0,0.0
2019-01-22,3,0,125,174.2,174.2,0.0,1072.138655,0.0
2019-01-22,3,0,126,0.0,0.0,0.0,0.0,0.0
2019-01-22,3,0,127,0.0,0.0,0.0,0.0,0.0
2019-01-22,3,0,128,249.5,249.5,0.0,1535.583206,0.0
2019-01-22,3,0,131,30.0,30.0,0.0,-11597.373869,0.0
2019-01-22,3,0,132,44.1,44.1,0.0,-17048.139588,0.0
2019-01-22,3,0,133,78.86,78.86,0.0,453.876109,0.0
2019-01-22,3,0,134,0.0,0.0,0.0,0.0,0.0
2019-01-22,3,0,135,105.53,105.53,0.0,607.374408,0.0
2019-01-22,3,0,136,45.9,45.9,0.0,149.347194,0.0
2019-01-22,3,0,139,149.8,149.8,0.0,886.783955,0.0
2019-01-22,3,0,140,250.6,250.6,0.0,-250600.0,0.0
2019-01-22,3,0,141,230.0,230.0,0.0,-130204.664541,0.0
2019-01-22,3,0,142,0.0,0.0,0.0,-0.0,0.0
2019-01-22,3,0,143,25.12,25.12,0.0,154.717385,0.0
2019-01-22,3,0,145,30.0,30.0,0.0,180.408932,0.0
2019-01-22,3,0,146,268.0,268.0,0.0,-268000.0,0.0
2019-01-22,3,0,152,0.0,0.0,0.0,0.0,0.0
2019-01-22,3,0,153,0.0,0.0,0.0,0.0,0.0
2019-01-22,3,0,154,0.0,0.0,0.0,0.0,0.0
2019-01-22,3,0,157,163.01,163.01,0.0,-92281.140725,0.0
2019-01-22,3,0,158,0.0,0.0,0.0,-0.0,0.0
2019-01-22,3,0,159,0.0,0.0,0.0,0.0,0.0
2019-01-22,3,0,160,0.0,0.0,0.0,0.0,0.0
2019-01-22,3,0,161,0.0,0.0,0.0,-0.0,0.0
2019-01-22,3,0,162,48.75,48.75,0.0,986.642151,0.0
2019-01-22,3,0,163,185.4,185.4,0.0,-185400.0,0.0
2019-01-22,3,0,164,0.0,0.0,0.0,0.0,0.0
2019-01-22,3,0,167,0.0,0.0,0.0,0.0,0.0
2019-01-22,3,0,168,0.0,0.0,0.0,0.0,0.0
2019-01-22,3,0,169,0.0,0.0,0.0,0.0,0.0
2019-01-22,3,0,170,0.0,0.0,0.0,0.0,0.0
2019-01-22,3,0,172,0.0,0.0,0.0,0.0,0.0
2019-01-22,3,0,173,0.0,0.0,0.0,0.0,0.0
2019-01-22,3,0,188,0.0,0.0,0.0,0.0,0.0
2019-01-22,3,0,190,0.0,0.0,0.0,0.0,0.0
2019-01-22,3,0,191,0.0,0.0,0.0,0.0,0.0
2019-01-22,3,0,192,332.6,332.6,0.0,10785.405497,0.0
2019-01-22,3,0,194,176.5,176.5,0.0,-25605.847685,0.0
2019-01-22,3,0,196,0.0,0.0,0.0,0.0,0.0
2019-01-22,3,0,198,0.0,0.0,0.0,0.0,0.0
2019-01-22,3,0,199,39.0,39.0,0.0,-1476.292015,0.0
2019-01-22,3,0,200,0.0,0.0,0.0,-0.0,0.0
2019-01-22,3,0,204,857.0,857.0,0.0,4958.013487,0.0
2019-01-22,3,0,205,1058.0,1058.0,0.0,6101.740955,0.0
2019-01-22,3,0,206,539.94,539.94,0.0,3328.094854,0.0
2019-01-22,3,0,210,0.0,0.0,0.0,0.0,0.0
2019-01-22,3,0,214,0.0,0.0,0.0,0.0,0.0
2019-01-22,3,0,217,0.0,0.0,0.0,0.0,0.0
2019-01-22,3,0,218,0.0,0.0,0.0,0.0,0.0
2019-01-22,3,0,219,0.0,0.0,0.0,0.0,0.0
2019-01-22,3,0,221,0.0,0.0,0.0,0.0,0.0
2019-01-22,3,0,225,0.0,0.0,0.0,0.0,0.0
2019-01-22,3,0,233,0.0,0.0,0.0,0.0,0.0
2019-01-22,3,0,236,159.03,159.03,0.0,876.112857,0.0
2019-01-22,3,0,237,131.88,131.88,0.0,736.804615,0.0
2019-01-22,3,0,238,0.0,0.0,0.0,0.0,0.0
2019-01-22,3,0,240,0.0,0.0,0.0,0.0,0.0
2019-01-22,3,0,245,78.0,78.0,0.0,387.600893,0.0
2019-01-22,3,0,247,171.72,171.72,0.0,853.318274,0.0
2019-01-22,3,0,248,13.24,13.24,0.0,73.970982,0.0
2019-01-22,3,0,249,150.0,150.0,0.0,745.386333,0.0
2019-01-22,3,0,251,326.4,326.4,0.0,1262.729596,0.0
2019-01-22,3,0,252,267.06,267.06,0.0,835.462205,0.0
2019-01-22,3,0,254,0.0,0.0,0.0,0.0,0.0
2019-01-22,3,0,255,0.0,0.0,0.0,0.0,0.0
2019-01-22,3,0,258,0.0,0.0,0.0,0.0,0.0
2019-01-22,3,0,260,0.0,0.0,0.0,0.0,0.0
2019-01-22,3,0,265,0.0,0.0,0.0,0.0,0.0
2019-01-22,3,0,266,97.0,97.0,0.0,574.21925,0.0
2019-01-22,3,0,267,119.2,119.2,0.0,705.638501,0.0
2019-01-22,3,0,270,579.0,579.0,0.0,-579000.0,0.0
2019-01-22,3,0,272,321.97,321.97,0.0,-89361.10895,0.0
2019-01-22,3,0,273,0.0,0.0,0.0,-0.0,0.0
2019-01-22,3,0,274,746.4,746.4,0.0,-746400.0,0.0
2019-01-22,3,0,275,1039.0,1039.0,0.0,-1039000.0,0.0
2019-01-22,3,0,276,0.0,0.0,0.0,-0.0,0.0
2019-01-22,3,0,277,0.0,0.0,0.0,-0.0,0.0
2019-01-22,3,0,278,0.0,0.0,0.0,-0.0,0.0
2019-01-22,3,0,279,264.6,264.6,0.0,-76508.559318,0.0
2019-01-22,3,0,281,10.63,10.63,0.0,65.471569,0.0
2019-01-22,3,0,282,0.0,0.0,0.0,0.0,0.0
2019-01-22,4,0,9,0.0,0.0,0.0,0.0,0.0
2019-01-22,4,0,17,0.0,0.0,0.0,0.0,0.0
2019-01-22,4,0,19,643.3,643.3,0.0,1073.046207,0.0
2019-01-22,4,0,20,780.2,780.2,0.0,1301.400048,0.0
2019-01-22,4,0,21,0.0,0.0,0.0,0.0,0.0
2019-01-22,4,0,22,0.0,0.0,0.0,0.0,0.0
2019-01-22,4,0,23,98.16,98.16,0.0,577.485255,0.0
2019-01-22,4,0,24,162.22,162.22,0.0,954.356744,0.0
2019-01-22,4,0,29,0.0,0.0,0.0,0.0,0.0
2019-01-22,4,0,30,0.0,0.0,0.0,0.0,0.0
2019-01-22,4,0,31,21.33,21.33,0.0,125.568129,0.0
2019-01-22,4,0,32,0.0,0.0,0.0,0.0,0.0
2019-01-22,4,0,33,0.0,0.0,0.0,0.0,0.0
2019-01-22,4,0,34,0.0,0.0,0.0,0.0,0.0
2019-01-22,4,0,35,0.0,0.0,0.0,0.0,0.0
2019-01-22,4,0,36,0.0,0.0,0.0,0.0,0.0
2019-01-22,4,0,37,0.0,0.0,0.0,0.0,0.0
2019-01-22,4,0,38,0.0,0.0,0.0,0.0,0.0
2019-01-22,4,0,39,0.0,0.0,0.0,0.0,0.0
2019-01-22,4,0,40,0.0,0.0,0.0,0.0,0.0
2019-01-22,4,0,41,116.0,116.0,0.0,659.240908,0.0
2019-01-22,4,0,42,0.0,0.0,0.0,0.0,0.0
2019-01-22,4,0,43,0.0,0.0,0.0,0.0,0.0
2019-01-22,4,0,46,0.0,0.0,0.0,0.0,0.0
2019-01-22,4,0,52,22.61,22.61,0.0,133.103394,0.0
2019-01-22,4,0,53,35.91,35.91,0.0,211.399509,0.0
2019-01-22,4,0,55,581.32,581.32,0.0,3419.964632,0.0
2019-01-22,4,0,56,0.0,0.0,0.0,0.0,0.0
2019-01-22,4,0,57,0.0,0.0,0.0,0.0,0.0
2019-01-22,4,0,58,0.0,0.0,0.0,0.0,0.0
2019-01-22,4,0,59,0.0,0.0,0.0,0.0,0.0
2019-01-22,4,0,63,170.0,170.0,0.0,16381.557736,0.0
2019-01-22,4,0,64,200.0,200.0,0.0,19272.420866,0.0
2019-01-22,4,0,65,41.4,41.4,0.0,143.280242,0.0
2019-01-22,4,0,67,0.0,0.0,0.0,-0.0,0.0
2019-01-22,4,0,68,10.2,10.2,0.0,-4300.428958,0.0
2019-01-22,4,0,69,0.0,0.0,0.0,0.0,0.0
2019-01-22,4,0,74,48.41,48.41,0.0,261.413607,0.0
2019-01-22,4,0,77,200.0,200.0,0.0,-60619.527991,0.0
2019-01-22,4,0,78,151.2,151.2,0.0,-45828.363161,0.0
2019-01-22,4,0,79,87.5,87.5,0.0,-26521.043496,0.0
2019-01-22,4,0,80,141.5,141.5,0.0,-42888.316053,0.0
2019-01-22,4,0,81,185.0,185.0,0.0,-56073.063391,0.0
2019-01-22,4,0,82,130.5,130.5,0.0,-39554.242014,0.0
2019-01-22,4,0,83,291.0,291.0,0.0,-88201.413226,0.0
2019-01-22,4,0,84,0.0,0.0,0.0,-0.0,0.0
2019-01-22,4,0,86,0.0,0.0,0.0,0.0,0.0
2019-01-22,4,0,87,0.0,0.0,0.0,0.0,0.0
2019-01-22,4,0,88,170.6,170.6,0.0,-51708.457376,0.0
2019-01-22,4,0,89,164.0,164.0,0.0,-49708.012952,0.0
2019-01-22,4,0,90,220.2,220.2,0.0,-66742.100318,0.0
2019-01-22,4,0,91,785.5,785.5,0.0,-238083.196183,0.0
2019-01-22,4,0,92,282.5,282.5,0.0,-85625.083287,0.0
2019-01-22,4,0,95,84.17,84.17,0.0,1636.751286,0.0
2019-01-22,4,0,96,29.88,29.88,0.0,176.020768,0.0
2019-01-22,4,0,97,183.75,183.75,0.0,1082.457033,0.0
2019-01-22,4,0,99,9.34,9.34,0.0,50.435924,0.0
2019-01-22,4,0,101,0.0,0.0,0.0,0.0,0.0
2019-01-22,4,0,102,24.15,24.15,0.0,-10181.897974,0.0
2019-01-22,4,0,103,21.0,21.0,0.0,-8853.824325,0.0
2019-01-22,4,0,104,3.9,3.9,0.0,-1644.28166,0.0
2019-01-22,4,0,106,0.0,0.0,0.0,0.0,0.0
2019-01-22,4,0,109,200.0,200.0,0.0,1110.608718,0.0
2019-01-22,4,0,110,338.6,338.6,0.0,-338600.0,0.0
2019-01-22,4,0,111,0.0,0.0,0.0,0.0,0.0
2019-01-22,4,0,113,45.0,45.0,0.0,-12331.319713,0.0
2019-01-22,4,0,115,45.0,45.0,0.0,-12331.319713,0.0
2019-01-22,4,0,116,0.0,0.0,0.0,-0.0,0.0
2019-01-22,4,0,117,3.0,3.0,0.0,-822.087981,0.0
2019-01-22,4,0,119,200.0,200.0,0.0,19272.420866,0.0
2019-01-22,4,0,120,117.6,117.6,0.0,11332.183469,0.0
2019-01-22,4,0,123,0.0,0.0,0.0,0.0,0.0
2019-01-22,4,0,125,148.85,148.85,0.0,875.699676,0.0
2019-01-22,4,0,126,0.0,0.0,0.0,0.0,0.0
2019-01-22,4,0,127,0.0,0.0,0.0,0.0,0.0
2019-01-22,4,0,128,202.15,202.15,0.0,1189.268992,0.0
2019-01-22,4,0,131,30.0,30.0,0.0,-11507.568025,0.0
2019-01-22,4,0,132,44.1,44.1,0.0,-16916.124997,0.0
2019-01-22,4,0,133,111.41,111.41,0.0,615.245225,0.0
2019-01-22,4,0,134,0.0,0.0,0.0,0.0,0.0
2019-01-22,4,0,135,153.69,153.69,0.0,848.730264,0.0
2019-01-22,4,0,136,45.9,45.9,0.0,163.371814,0.0
2019-01-22,4,0,139,149.8,149.8,0.0,851.33007,0.0
2019-01-22,4,0,140,250.6,250.6,0.0,-250600.0,0.0
2019-01-22,4,0,141,230.0,230.0,0.0,-129717.657726,0.0
2019-01-22,4,0,142,0.0,0.0,0.0,-0.0,0.0
2019-01-22,4,0,143,17.6,17.6,0.0,103.609896,0.0
2019-01-22,4,0,145,30.0,30.0,0.0,172.888952,0.0
2019-01-22,4,0,146,268.0,268.0,0.0,-268000.0,0.0
2019-01-22,4,0,152,0.0,0.0,0.0,0.0,0.0
2019-01-22,4,0,153,0.0,0.0,0.0,0.0,0.0
2019-01-22,4,0,154,0.0,0.0,0.0,0.0,0.0
2019-01-22,4,0,157,179.47,179.47,0.0,-101219.252314,0.0
2019-01-22,4,0,158,0.0,0.0,0.0,-0.0,0.0
2019-01-22,4,0,159,0.0,0.0,0.0,0.0,0.0
2019-01-22,4,0,160,0.0,0.0,0.0,0.0,0.0
2019-01-22,4,0,161,0.0,0.0,0.0,-0.0,0.0
2019-01-22,4,0,162,48.75,48.75,0.0,986.335381,0.0
2019-01-22,4,0,163,185.4,185.4,0.0,-185400.0,0.0
2019-01-22,4,0,164,0.0,0.0,0.0,0.0,0.0
2019-01-22,4,0,167,0.0,0.0,0.0,0.0,0.0
2019-01-22,4,0,168,0.0,0.0,0.0,0.0,0.0
2019-01-22,4,0,169,0.0,0.0,0.0,0.0,0.0
2019-01-22,4,0,170,0.0,0.0,0.0,0.0,0.0
2019-01-22,4,0,172,0.0,0.0,0.0,0.0,0.0
2019-01-22,4,0,173,0.0,0.0,0.0,0.0,0.0
2019-01-22,4,0,188,0.0,0.0,0.0,0.0,0.0
2019-01-22,4,0,190,0.0,0.0,0.0,0.0,0.0
2019-01-22,4,0,191,0.0,0.0,0.0,0.0,0.0
2019-01-22,4,0,192,290.5,290.5,0.0,9420.205343,0.0
2019-01-22,4,0,194,176.5,176.5,0.0,-24873.65744,0.0
2019-01-22,4,0,196,0.0,0.0,0.0,0.0,0.0
2019-01-22,4,0,198,0.0,0.0,0.0,0.0,0.0
2019-01-22,4,0,199,39.0,39.0,0.0,-1432.299516,0.0
2019-01-22,4,0,200,0.0,0.0,0.0,-0.0,0.0
2019-01-22,4,0,204,857.0,857.0,0.0,4772.13034,0.0
2019-01-22,4,0,205,1058.0,1058.0,0.0,5875.120119,0.0
2019-01-22,4,0,206,539.94,539.94,0.0,3180.744763,0.0
2019-01-22,4,0,210,0.0,0.0,0.0,0.0,0.0
2019-01-22,4,0,214,0.0,0.0,0.0,0.0,0.0
2019-01-22,4,0,217,0.0,0.0,0.0,0.0,0.0
2019-01-22,4,0,218,0.0,0.0,0.0,0.0,0.0
2019-01-22,4,0,219,0.0,0.0,0.0,0.0,0.0
2019-01-22,4,0,221,0.0,0.0,0.0,0.0,0.0
2019-01-22,4,0,225,0.0,0.0,0.0,0.0,0.0
2019-01-22,4,0,233,0.0,0.0,0.0,0.0,0.0
2019-01-22,4,0,236,159.03,159.03,0.0,848.204948,0.0
2019-01-22,4,0,237,116.12,116.12,0.0,627.047058,0.0
2019-01-22,4,0,238,0.0,0.0,0.0,0.0,0.0
2019-01-22,4,0,240,0.0,0.0,0.0,0.0,0.0
2019-01-22,4,0,245,78.0,78.0,0.0,382.518946,0.0
2019-01-22,4,0,247,171.72,171.72,0.0,842.130172,0.0
2019-01-22,4,0,248,11.66,11.66,0.0,62.963905,0.0
2019-01-22,4,0,249,150.0,150.0,0.0,735.613358,0.0
2019-01-22,4,0,251,326.4,326.4,0.0,1319.450099,0.0
2019-01-22,4,0,252,267.06,267.06,0.0,924.261386,0.0
2019-01-22,4,0,254,0.0,0.0,0.0,0.0,0.0
2019-01-22,4,0,255,0.0,0.0,0.0,0.0,0.0
2019-01-22,4,0,258,0.0,0.0,0.0,0.0,0.0
2019-01-22,4,0,260,0.0,0.0,0.0,0.0,0.0
2019-01-22,4,0,265,0.0,0.0,0.0,0.0,0.0
2019-01-22,4,0,266,97.0,97.0,0.0,551.261794,0.0
2019-01-22,4,0,267,119.2,119.2,0.0,677.426865,0.0
2019-01-22,4,0,270,579.0,579.0,0.0,-579000.0,0.0
2019-01-22,4,0,272,150.39,150.39,0.0,-41211.270482,0.0
2019-01-22,4,0,273,0.0,0.0,0.0,-0.0,0.0
2019-01-22,4,0,274,746.4,746.4,0.0,-746400.0,0.0
2019-01-22,4,0,275,1039.0,1039.0,0.0,-1039000.0,0.0
2019-01-22,4,0,276,0.0,0.0,0.0,-0.0,0.0
2019-01-22,4,0,277,0.0,0.0,0.0,-0.0,0.0
2019-01-22,4,0,278,0.0,0.0,0.0,-0.0,0.0
2019-01-22,4,0,279,264.6,264.6,0.0,-75591.796612,0.0
2019-01-22,4,0,281,9.57,9.57,0.0,56.337881,0.0
2019-01-22,4,0,282,0.0,0.0,0.0,0.0,0.0
2019-01-22,5,0,9,0.0,0.0,0.0,0.0,0.0
2019-01-22,5,0,17,0.0,0.0,0.0,0.0,0.0
2019-01-22,5,0,19,643.3,643.3,0.0,795.905904,0.0
2019-01-22,5,0,20,780.2,780.2,0.0,965.281807,0.0
2019-01-22,5,0,21,0.0,0.0,0.0,0.0,0.0
2019-01-22,5,0,22,0.0,0.0,0.0,0.0,0.0
2019-01-22,5,0,23,108.8,108.8,0.0,1232.431916,0.0
2019-01-22,5,0,24,192.5,192.5,0.0,2180.543601,0.0
2019-01-22,5,0,29,0.0,0.0,0.0,0.0,0.0
2019-01-22,5,0,30,0.0,0.0,0.0,0.0,0.0
2019-01-22,5,0,31,11.47,11.47,0.0,130.273936,0.0
2019-01-22,5,0,32,0.0,0.0,0.0,0.0,0.0
2019-01-22,5,0,33,0.0,0.0,0.0,0.0,0.0
2019-01-22,5,0,34,0.0,0.0,0.0,0.0,0.0
2019-01-22,5,0,35,0.0,0.0,0.0,0.0,0.0
2019-01-22,5,0,36,0.0,0.0,0.0,0.0,0.0
2019-01-22,5,0,37,0.0,0.0,0.0,0.0,0.0
2019-01-22,5,0,38,0.0,0.0,0.0,0.0,0.0
2019-01-22,5,0,39,0.0,0.0,0.0,0.0,0.0
2019-01-22,5,0,40,0.0,0.0,0.0,0.0,0.0
2019-01-22,5,0,41,116.0,116.0,0.0,1130.790618,0.0
2019-01-22,5,0,42,0.0,0.0,0.0,0.0,0.0
2019-01-22,5,0,43,0.0,0.0,0.0,0.0,0.0
2019-01-22,5,0,46,0.0,0.0,0.0,0.0,0.0
2019-01-22,5,0,52,12.16,12.16,0.0,138.110816,0.0
2019-01-22,5,0,53,19.31,19.31,0.0,219.319067,0.0
2019-01-22,5,0,55,278.86,278.86,0.0,3158.786435,0.0
2019-01-22,5,0,56,0.0,0.0,0.0,0.0,0.0
2019-01-22,5,0,57,0.0,0.0,0.0,0.0,0.0
2019-01-22,5,0,58,0.0,0.0,0.0,0.0,0.0
2019-01-22,5,0,59,0.0,0.0,0.0,0.0,0.0
2019-01-22,5,0,63,170.0,170.0,0.0,16357.269658,0.0
2019-01-22,5,0,64,200.0,200.0,0.0,19243.846657,0.0
2019-01-22,5,0,65,41.4,41.4,0.0,161.529873,0.0
2019-01-22,5,0,67,0.0,0.0,0.0,-0.0,0.0
2019-01-22,5,0,68,10.2,10.2,0.0,-4310.325974,0.0
2019-01-22,5,0,69,0.0,0.0,0.0,0.0,0.0
2019-01-22,5,0,74,36.11,36.11,0.0,272.148796,0.0
2019-01-22,5,0,77,200.0,200.0,0.0,-60887.518779,0.0
2019-01-22,5,0,78,151.2,151.2,0.0,-46030.964197,0.0
2019-01-22,5,0,79,87.5,87.5,0.0,-26638.289466,0.0
2019-01-22,5,0,80,141.5,141.5,0.0,-43077.919536,0.0
2019-01-22,5,0,81,185.0,185.0,0.0,-56320.95487,0.0
2019-01-22,5,0,82,130.5,130.5,0.0,-39729.106003,0.0
2019-01-22,5,0,83,291.0,291.0,0.0,-88591.339823,0.0
2019-01-22,5,0,84,0.0,0.0,0.0,-0.0,0.0
2019-01-22,5,0,86,0.0,0.0,0.0,0.0,0.0
2019-01-22,5,0,87,0.0,0.0,0.0,0.0,0.0
2019-01-22,5,0,88,170.6,170.6,0.0,-51937.053518,0.0
2019-01-22,5,0,89,164.0,164.0,0.0,-49927.765399,0.0
2019-01-22,5,0,90,220.2,220.2,0.0,-67037.158175,0.0
2019-01-22,5,0,91,785.5,785.5,0.0,-239135.730003,0.0
2019-01-22,5,0,92,282.5,282.5,0.0,-86003.620275,0.0
2019-01-22,5,0,95,36.0,36.0,0.0,700.048073,0.0
2019-01-22,5,0,96,29.88,29.88,0.0,340.317121,0.0
2019-01-22,5,0,97,183.75,183.75,0.0,2092.813619,0.0
2019-01-22,5,0,99,6.97,6.97,0.0,52.530521,0.0
2019-01-22,5,0,101,0.0,0.0,0.0,0.0,0.0
2019-01-22,5,0,102,24.15,24.15,0.0,-10205.330614,0.0
2019-01-22,5,0,103,21.0,21.0,0.0,-8874.200534,0.0
2019-01-22,5,0,104,3.9,3.9,0.0,-1648.065813,0.0
2019-01-22,5,0,106,0.0,0.0,0.0,0.0,0.0
2019-01-22,5,0,109,200.0,200.0,0.0,1741.66079,0.0
2019-01-22,5,0,110,338.6,338.6,0.0,-338600.0,0.0
2019-01-22,5,0,111,0.0,0.0,0.0,0.0,0.0
2019-01-22,5,0,113,106.15,106.15,0.0,-29176.066434,0.0
2019-01-22,5,0,115,106.15,106.15,0.0,-29176.066434,0.0
2019-01-22,5,0,116,0.0,0.0,0.0,-0.0,0.0
2019-01-22,5,0,117,5.11,5.11,0.0,-1404.519072,0.0
2019-01-22,5,0,119,200.0,200.0,0.0,19243.846657,0.0
2019-01-22,5,0,120,117.6,117.6,0.0,11315.381834,0.0
2019-01-22,5,0,123,0.0,0.0,0.0,0.0,0.0
2019-01-22,5,0,125,174.2,174.2,0.0,1973.250365,0.0
2019-01-22,5,0,126,0.0,0.0,0.0,0.0,0.0
2019-01-22,5,0,127,0.0,0.0,0.0,0.0,0.0
2019-01-22,5,0,128,249.5,249.5,0.0,2826.211057,0.0
2019-01-22,5,0,131,30.0,30.0,0.0,-11538.5906,0.0
2019-01-22,5,0,132,44.1,44.1,0.0,-16961.728182,0.0
2019-01-22,5,0,133,50.43,50.43,0.0,348.143796,0.0
2019-01-22,5,0,134,0.0,0.0,0.0,0.0,0.0
2019-01-22,5,0,135,71.85,71.85,0.0,496.01689,0.0
2019-01-22,5,0,136,45.9,45.9,0.0,185.801431,0.0
2019-01-22,5,0,139,149.8,149.8,0.0,1460.279609,0.0
2019-01-22,5,0,140,250.6,250.6,0.0,-250600.0,0.0
2019-01-22,5,0,141,230.0,230.0,0.0,-129885.8896,0.0
2019-01-22,5,0,142,0.0,0.0,0.0,-0.0,0.0
2019-01-22,5,0,143,12.58,12.58,0.0,142.881091,0.0
2019-01-22,5,0,145,30.0,30.0,0.0,311.229115,0.0
2019-01-22,5,0,146,213.32,213.32,0.0,-213320.0,0.0
2019-01-22,5,0,152,0.0,0.0,0.0,0.0,0.0
2019-01-22,5,0,153,0.0,0.0,0.0,0.0,0.0
2019-01-22,5,0,154,0.0,0.0,0.0,0.0,0.0
2019-01-22,5,0,157,171.14,171.14,0.0,-96646.396288,0.0
2019-01-22,5,0,158,0.0,0.0,0.0,-0.0,0.0
2019-01-22,5,0,159,0.0,0.0,0.0,0.0,0.0
2019-01-22,5,0,160,0.0,0.0,0.0,0.0,0.0
2019-01-22,5,0,161,0.0,0.0,0.0,-0.0,0.0
2019-01-22,5,0,162,48.75,48.75,0.0,986.56085,0.0
2019-01-22,5,0,163,185.4,185.4,0.0,-185400.0,0.0
2019-01-22,5,0,164,0.0,0.0,0.0,0.0,0.0
2019-01-22,5,0,167,0.0,0.0,0.0,0.0,0.0
2019-01-22,5,0,168,0.0,0.0,0.0,0.0,0.0
2019-01-22,5,0,169,0.0,0.0,0.0,0.0,0.0
2019-01-22,5,0,170,0.0,0.0,0.0,0.0,0.0
2019-01-22,5,0,172,0.0,0.0,0.0,0.0,0.0
2019-01-22,5,0,173,0.0,0.0,0.0,0.0,0.0
2019-01-22,5,0,188,0.0,0.0,0.0,0.0,0.0
2019-01-22,5,0,190,0.0,0.0,0.0,0.0,0.0
2019-01-22,5,0,191,0.0,0.0,0.0,0.0,0.0
2019-01-22,5,0,192,207.37,207.37,0.0,6724.50252,0.0
2019-01-22,5,0,194,176.5,176.5,0.0,-24966.748279,0.0
2019-01-22,5,0,196,0.0,0.0,0.0,0.0,0.0
2019-01-22,5,0,198,0.0,0.0,0.0,0.0,0.0
2019-01-22,5,0,199,39.0,39.0,0.0,-1512.164998,0.0
2019-01-22,5,0,200,0.0,0.0,0.0,-0.0,0.0
2019-01-22,5,0,204,857.0,857.0,0.0,7565.770958,0.0
2019-01-22,5,0,205,1058.0,1058.0,0.0,9213.385577,0.0
2019-01-22,5,0,206,539.94,539.94,0.0,6149.626044,0.0
2019-01-22,5,0,210,0.0,0.0,0.0,0.0,0.0
2019-01-22,5,0,214,0.0,0.0,0.0,0.0,0.0
2019-01-22,5,0,217,0.0,0.0,0.0,0.0,0.0
2019-01-22,5,0,218,0.0,0.0,0.0,0.0,0.0
2019-01-22,5,0,219,0.0,0.0,0.0,0.0,0.0
2019-01-22,5,0,221,0.0,0.0,0.0,0.0,0.0
2019-01-22,5,0,225,0.0,0.0,0.0,0.0,0.0
2019-01-22,5,0,233,0.0,0.0,0.0,0.0,0.0
2019-01-22,5,0,236,159.03,159.03,0.0,1113.970502,0.0
2019-01-22,5,0,237,86.62,86.62,0.0,652.825497,0.0
2019-01-22,5,0,238,0.0,0.0,0.0,0.0,0.0
2019-01-22,5,0,240,0.0,0.0,0.0,0.0,0.0
2019-01-22,5,0,245,78.0,78.0,0.0,459.838419,0.0
2019-01-22,5,0,247,171.72,171.72,0.0,1012.351965,0.0
2019-01-22,5,0,248,8.7,8.7,0.0,65.568943,0.0
2019-01-22,5,0,249,150.0,150.0,0.0,884.304652,0.0
2019-01-22,5,0,251,326.4,326.4,0.0,1567.474248,0.0
2019-01-22,5,0,252,267.06,267.06,0.0,1041.984729,0.0
2019-01-22,5,0,254,0.0,0.0,0.0,0.0,0.0
2019-01-22,5,0,255,0.0,0.0,0.0,0.0,0.0
2019-01-22,5,0,258,0.0,0.0,0.0,0.0,0.0
2019-01-22,5,0,260,0.0,0.0,0.0,0.0,0.0
2019-01-22,5,0,265,0.0,0.0,0.0,0.0,0.0
2019-01-22,5,0,266,97.0,97.0,0.0,945.574914,0.0
2019-01-22,5,0,267,119.2,119.2,0.0,1161.984842,0.0
2019-01-22,5,0,270,579.0,579.0,0.0,-579000.0,0.0
2019-01-22,5,0,272,364.92,364.92,0.0,-100300.80229,0.0
2019-01-22,5,0,273,0.0,0.0,0.0,-0.0,0.0
2019-01-22,5,0,274,746.4,746.4,0.0,-746400.0,0.0
2019-01-22,5,0,275,1039.0,1039.0,0.0,-1039000.0,0.0
2019-01-22,5,0,276,0.0,0.0,0.0,-0.0,0.0
2019-01-22,5,0,277,0.0,0.0,0.0,-0.0,0.0
2019-01-22,5,0,278,0.0,0.0,0.0,-0.0,0.0
2019-01-22,5,0,279,264.6,264.6,0.0,-75865.136744,0.0
2019-01-22,5,0,281,5.15,5.15,0.0,58.492656,0.0
2019-01-22,5,0,282,0.0,0.0,0.0,0.0,0.0
2019-01-22,6,0,9,0.0,0.0,0.0,0.0,0.0
2019-01-22,6,0,17,0.0,0.0,0.0,0.0,0.0
2019-01-22,6,0,19,643.3,643.3,0.0,686.543491,0.0
2019-01-22,6,0,20,780.2,780.2,0.0,832.646093,0.0
2019-01-22,6,0,21,0.0,0.0,0.0,0.0,0.0
2019-01-22,6,0,22,0.0,0.0,0.0,0.0,0.0
2019-01-22,6,0,23,108.8,108.8,0.0,1232.642177,0.0
2019-01-22,6,0,24,192.5,192.5,0.0,2180.915617,0.0
2019-01-22,6,0,29,0.0,0.0,0.0,0.0,0.0
2019-01-22,6,0,30,0.0,0.0,0.0,0.0,0.0
2019-01-22,6,0,31,6.04,6.04,0.0,68.601096,0.0
2019-01-22,6,0,32,0.0,0.0,0.0,0.0,0.0
2019-01-22,6,0,33,0.0,0.0,0.0,0.0,0.0
2019-01-22,6,0,34,0.0,0.0,0.0,0.0,0.0
2019-01-22,6,0,35,0.0,0.0,0.0,0.0,0.0
2019-01-22,6,0,36,0.0,0.0,0.0,0.0,0.0
2019-01-22,6,0,37,0.0,0.0,0.0,0.0,0.0
2019-01-22,6,0,38,0.0,0.0,0.0,0.0,0.0
2019-01-22,6,0,39,0.0,0.0,0.0,0.0,0.0
2019-01-22,6,0,40,0.0,0.0,0.0,0.0,0.0
2019-01-22,6,0,41,116.0,116.0,0.0,1142.679207,0.0
2019-01-22,6,0,42,0.0,0.0,0.0,0.0,0.0
2019-01-22,6,0,43,0.0,0.0,0.0,0.0,0.0
2019-01-22,6,0,46,0.0,0.0,0.0,0.0,0.0
2019-01-22,6,0,52,6.4,6.4,0.0,72.689903,0.0
2019-01-22,6,0,53,10.16,10.16,0.0,115.395221,0.0
2019-01-22,6,0,55,73.53,73.53,0.0,833.053119,0.0
2019-01-22,6,0,56,0.0,0.0,0.0,0.0,0.0
2019-01-22,6,0,57,0.0,0.0,0.0,0.0,0.0
2019-01-22,6,0,58,0.0,0.0,0.0,0.0,0.0
2019-01-22,6,0,59,0.0,0.0,0.0,0.0,0.0
2019-01-22,6,0,63,170.0,170.0,0.0,16392.820119,0.0
2019-01-22,6,0,64,200.0,200.0,0.0,19285.670728,0.0
2019-01-22,6,0,65,41.4,41.4,0.0,164.174421,0.0
2019-01-22,6,0,67,0.0,0.0,0.0,-0.0,0.0
2019-01-22,6,0,68,10.2,10.2,0.0,-4308.991594,0.0
2019-01-22,6,0,69,0.0,0.0,0.0,0.0,0.0
2019-01-22,6,0,74,26.53,26.53,0.0,206.379708,0.0
2019-01-22,6,0,77,200.0,200.0,0.0,-60853.498208,0.0
2019-01-22,6,0,78,151.2,151.2,0.0,-46005.244645,0.0
2019-01-22,6,0,79,87.5,87.5,0.0,-26623.405466,0.0
2019-01-22,6,0,80,141.5,141.5,0.0,-43053.849982,0.0
2019-01-22,6,0,81,185.0,185.0,0.0,-56289.485842,0.0
2019-01-22,6,0,82,130.5,130.5,0.0,-39706.907581,0.0
2019-01-22,6,0,83,291.0,291.0,0.0,-88541.839893,0.0
2019-01-22,6,0,84,0.0,0.0,0.0,0.0,0.0
2019-01-22,6,0,86,0.0,0.0,0.0,0.0,0.0
2019-01-22,6,0,87,0.0,0.0,0.0,0.0,0.0
2019-01-22,6,0,88,170.6,170.6,0.0,-51908.033971,0.0
2019-01-22,6,0,89,164.0,164.0,0.0,-49899.86853,0.0
2019-01-22,6,0,90,220.2,220.2,0.0,-66999.701527,0.0
2019-01-22,6,0,91,785.5,785.5,0.0,-239002.114212,0.0
2019-01-22,6,0,92,282.5,282.5,0.0,-85955.566219,0.0
2019-01-22,6,0,95,36.0,36.0,0.0,807.470518,0.0
2019-01-22,6,0,96,29.88,29.88,0.0,340.256772,0.0
2019-01-22,6,0,97,183.75,183.75,0.0,2092.442499,0.0
2019-01-22,6,0,99,5.12,5.12,0.0,39.829028,0.0
2019-01-22,6,0,101,0.0,0.0,0.0,0.0,0.0
2019-01-22,6,0,102,24.15,24.15,0.0,-10202.171275,0.0
2019-01-22,6,0,103,21.0,21.0,0.0,-8871.453283,0.0
2019-01-22,6,0,104,3.9,3.9,0.0,-1647.55561,0.0
2019-01-22,6,0,106,0.0,0.0,0.0,0.0,0.0
2019-01-22,6,0,109,200.0,200.0,0.0,1775.490052,0.0
2019-01-22,6,0,110,210.32,210.32,0.0,-210320.0,0.0
2019-01-22,6,0,111,0.0,0.0,0.0,0.0,0.0
2019-01-22,6,0,113,137.43,137.43,0.0,-37754.94232,0.0
2019-01-22,6,0,115,137.43,137.43,0.0,-37754.94232,0.0
2019-01-22,6,0,116,0.0,0.0,0.0,-0.0,0.0
2019-01-22,6,0,117,5.45,5.45,0.0,-1497.230849,0.0
2019-01-22,6,0,119,200.0,200.0,0.0,19285.670728,0.0
2019-01-22,6,0,120,117.6,117.6,0.0,11339.974388,0.0
2019-01-22,6,0,123,0.0,0.0,0.0,0.0,0.0
2019-01-22,6,0,125,174.2,174.2,0.0,1973.587016,0.0
2019-01-22,6,0,126,0.0,0.0,0.0,0.0,0.0
2019-01-22,6,0,127,0.0,0.0,0.0,0.0,0.0
2019-01-22,6,0,128,249.5,249.5,0.0,2826.693228,0.0
2019-01-22,6,0,131,30.0,30.0,0.0,-11534.407937,0.0
2019-01-22,6,0,132,44.1,44.1,0.0,-16955.579668,0.0
2019-01-22,6,0,133,41.94,41.94,0.0,303.747127,0.0
2019-01-22,6,0,134,0.0,0.0,0.0,0.0,0.0
2019-01-22,6,0,135,56.2,56.2,0.0,407.024047,0.0
2019-01-22,6,0,136,45.9,45.9,0.0,189.322765,0.0
2019-01-22,6,0,139,149.8,149.8,0.0,1475.632287,0.0
2019-01-22,6,0,140,155.66,155.66,0.0,-155660.0,0.0
2019-01-22,6,0,141,230.0,230.0,0.0,-129863.207499,0.0
2019-01-22,6,0,142,0.0,0.0,0.0,-0.0,0.0
2019-01-22,6,0,143,8.5,8.5,0.0,96.541277,0.0
2019-01-22,6,0,145,30.0,30.0,0.0,313.112536,0.0
2019-01-22,6,0,146,158.99,158.99,0.0,-158990.0,0.0
2019-01-22,6,0,152,0.0,0.0,0.0,0.0,0.0
2019-01-22,6,0,153,0.0,0.0,0.0,0.0,0.0
2019-01-22,6,0,154,0.0,0.0,0.0,0.0,0.0
2019-01-22,6,0,157,164.33,164.33,0.0,-92784.438645,0.0
2019-01-22,6,0,158,0.0,0.0,0.0,-0.0,0.0
2019-01-22,6,0,159,0.0,0.0,0.0,0.0,0.0
2019-01-22,6,0,160,0.0,0.0,0.0,0.0,0.0
2019-01-22,6,0,161,0.0,0.0,0.0,-0.0,0.0
2019-01-22,6,0,162,48.75,48.75,0.0,1132.397613,0.0
2019-01-22,6,0,163,185.4,185.4,0.0,-185400.0,0.0
2019-01-22,6,0,164,0.0,0.0,0.0,0.0,0.0
2019-01-22,6,0,167,0.0,0.0,0.0,0.0,0.0
2019-01-22,6,0,168,0.0,0.0,0.0,0.0,0.0
2019-01-22,6,0,169,0.0,0.0,0.0,0.0,0.0
2019-01-22,6,0,170,0.0,0.0,0.0,0.0,0.0
2019-01-22,6,0,172,0.0,0.0,0.0,0.0,0.0
2019-01-22,6,0,173,0.0,0.0,0.0,0.0,0.0
2019-01-22,6,0,188,0.0,0.0,0.0,0.0,0.0
2019-01-22,6,0,190,0.0,0.0,0.0,0.0,0.0
2019-01-22,6,0,191,0.0,0.0,0.0,0.0,0.0
2019-01-22,6,0,192,142.69,142.69,0.0,4627.088125,0.0
2019-01-22,6,0,194,176.5,176.5,0.0,-24944.230157,0.0
2019-01-22,6,0,196,0.0,0.0,0.0,0.0,0.0
2019-01-22,6,0,198,0.0,0.0,0.0,0.0,0.0
2019-01-22,6,0,199,39.0,39.0,0.0,-1494.104542,0.0
2019-01-22,6,0,200,0.0,0.0,0.0,-0.0,0.0
2019-01-22,6,0,204,857.0,857.0,0.0,7704.231263,0.0
2019-01-22,6,0,205,1058.0,1058.0,0.0,9392.342375,0.0
2019-01-22,6,0,206,539.94,539.94,0.0,6148.535525,0.0
2019-01-22,6,0,210,0.0,0.0,0.0,0.0,0.0
2019-01-22,6,0,214,0.0,0.0,0.0,0.0,0.0
2019-01-22,6,0,217,0.0,0.0,0.0,0.0,0.0
2019-01-22,6,0,218,0.0,0.0,0.0,0.0,0.0
2019-01-22,6,0,219,0.0,0.0,0.0,0.0,0.0
2019-01-22,6,0,221,0.0,0.0,0.0,0.0,0.0
2019-01-22,6,0,225,0.0,0.0,0.0,0.0,0.0
2019-01-22,6,0,233,0.0,0.0,0.0,0.0,0.0
2019-01-22,6,0,236,151.13,151.13,0.0,1100.432669,0.0
2019-01-22,6,0,237,63.64,63.64,0.0,495.062368,0.0
2019-01-22,6,0,238,0.0,0.0,0.0,0.0,0.0
2019-01-22,6,0,240,0.0,0.0,0.0,0.0,0.0
2019-01-22,6,0,245,78.0,78.0,0.0,480.670828,0.0
2019-01-22,6,0,247,171.72,171.72,0.0,1058.215314,0.0
2019-01-22,6,0,248,6.39,6.39,0.0,49.708494,0.0
2019-01-22,6,0,249,150.0,150.0,0.0,924.366976,0.0
2019-01-22,6,0,251,326.4,326.4,0.0,1611.91514,0.0
2019-01-22,6,0,252,267.06,267.06,0.0,1059.043981,0.0
2019-01-22,6,0,254,0.0,0.0,0.0,0.0,0.0
2019-01-22,6,0,255,0.0,0.0,0.0,0.0,0.0
2019-01-22,6,0,258,0.0,0.0,0.0,0.0,0.0
2019-01-22,6,0,260,0.0,0.0,0.0,0.0,0.0
2019-01-22,6,0,265,0.0,0.0,0.0,0.0,0.0
2019-01-22,6,0,266,97.0,97.0,0.0,955.516234,0.0
2019-01-22,6,0,267,119.2,119.2,0.0,1174.201392,0.0
2019-01-22,6,0,270,579.0,579.0,0.0,-579000.0,0.0
2019-01-22,6,0,272,484.95,484.95,0.0,-133226.073479,0.0
2019-01-22,6,0,273,0.0,0.0,0.0,-0.0,0.0
2019-01-22,6,0,274,746.4,746.4,0.0,-746400.0,0.0
2019-01-22,6,0,275,1039.0,1039.0,0.0,-1039000.0,0.0
2019-01-22,6,0,276,0.0,0.0,0.0,-0.0,0.0
2019-01-22,6,0,277,0.0,0.0,0.0,-0.0,0.0
2019-01-22,6,0,278,0.0,0.0,0.0,-0.0,0.0
2019-01-22,6,0,279,264.6,264.6,0.0,-75825.580283,0.0
2019-01-22,6,0,281,2.71,2.71,0.0,30.779631,0.0
2019-01-22,6,0,282,0.0,0.0,0.0,0.0,0.0
2019-01-22,7,0,9,0.0,0.0,0.0,0.0,0.0
2019-01-22,7,0,17,0.0,0.0,0.0,0.0,0.0
2019-01-22,7,0,19,643.3,643.3,0.0,276.754073,0.0
2019-01-22,7,0,20,780.2,780.2,0.0,335.649817,0.0
2019-01-22,7,0,21,0.0,0.0,0.0,0.0,0.0
2019-01-22,7,0,22,0.0,0.0,0.0,0.0,0.0
2019-01-22,7,0,23,108.8,108.8,0.0,1347.162748,0.0
2019-01-22,7,0,24,192.5,192.5,0.0,2383.537031,0.0
2019-01-22,7,0,29,0.0,0.0,0.0,0.0,0.0
2019-01-22,7,0,30,0.0,0.0,0.0,0.0,0.0
2019-01-22,7,0,31,9.12,9.12,0.0,113.150608,0.0
2019-01-22,7,0,32,0.0,0.0,0.0,0.0,0.0
2019-01-22,7,0,33,0.0,0.0,0.0,0.0,0.0
2019-01-22,7,0,34,0.0,0.0,0.0,0.0,0.0
2019-01-22,7,0,35,0.0,0.0,0.0,0.0,0.0
2019-01-22,7,0,36,0.0,0.0,0.0,0.0,0.0
2019-01-22,7,0,37,0.0,0.0,0.0,0.0,0.0
2019-01-22,7,0,38,0.0,0.0,0.0,0.0,0.0
2019-01-22,7,0,39,0.0,0.0,0.0,0.0,0.0
2019-01-22,7,0,40,0.0,0.0,0.0,0.0,0.0
2019-01-22,7,0,41,85.72,85.72,0.0,950.2622,0.0
2019-01-22,7,0,42,0.0,0.0,0.0,0.0,0.0
2019-01-22,7,0,43,0.0,0.0,0.0,0.0,0.0
2019-01-22,7,0,46,0.0,0.0,0.0,0.0,0.0
2019-01-22,7,0,52,9.67,9.67,0.0,119.974384,0.0
2019-01-22,7,0,53,15.37,15.37,0.0,190.693514,0.0
2019-01-22,7,0,55,50.41,50.41,0.0,624.177152,0.0
2019-01-22,7,0,56,0.0,0.0,0.0,0.0,0.0
2019-01-22,7,0,57,0.0,0.0,0.0,0.0,0.0
2019-01-22,7,0,58,0.0,0.0,0.0,0.0,0.0
2019-01-22,7,0,59,0.0,0.0,0.0,0.0,0.0
2019-01-22,7,0,63,170.0,170.0,0.0,18118.464384,0.0
2019-01-22,7,0,64,200.0,200.0,0.0,21315.840452,0.0
2019-01-22,7,0,65,41.4,41.4,0.0,183.627138,0.0
2019-01-22,7,0,67,0.0,0.0,0.0,-0.0,0.0
2019-01-22,7,0,68,10.2,10.2,0.0,-4253.860264,0.0
2019-01-22,7,0,69,0.0,0.0,0.0,0.0,0.0
2019-01-22,7,0,74,18.97,18.97,0.0,175.785547,0.0
2019-01-22,7,0,77,200.0,200.0,0.0,-59546.413153,0.0
2019-01-22,7,0,78,151.2,151.2,0.0,-45017.088344,0.0
2019-01-22,7,0,79,87.5,87.5,0.0,-26051.555754,0.0
2019-01-22,7,0,80,141.5,141.5,0.0,-42129.087306,0.0
2019-01-22,7,0,81,185.0,185.0,0.0,-55080.432167,0.0
2019-01-22,7,0,82,130.5,130.5,0.0,-38854.034582,0.0
2019-01-22,7,0,83,291.0,291.0,0.0,-86640.031138,0.0
2019-01-22,7,0,84,0.0,0.0,0.0,0.0,0.0
2019-01-22,7,0,86,0.0,0.0,0.0,0.0,0.0
2019-01-22,7,0,87,0.0,0.0,0.0,0.0,0.0
2019-01-22,7,0,88,170.6,170.6,0.0,-50793.09042,0.0
2019-01-22,7,0,89,164.0,164.0,0.0,-48828.058786,0.0
2019-01-22,7,0,90,220.2,220.2,0.0,-65560.600882,0.0
2019-01-22,7,0,91,785.5,785.5,0.0,-233868.537659,0.0
2019-01-22,7,0,92,282.5,282.5,0.0,-84109.308579,0.0
2019-01-22,7,0,95,36.0,36.0,0.0,807.470518,0.0
2019-01-22,7,0,96,29.88,29.88,0.0,371.493266,0.0
2019-01-22,7,0,97,183.75,183.75,0.0,2284.534393,0.0
2019-01-22,7,0,99,3.66,3.66,0.0,33.915398,0.0
2019-01-22,7,0,101,0.0,0.0,0.0,0.0,0.0
2019-01-22,7,0,102,24.15,24.15,0.0,-10071.639742,0.0
2019-01-22,7,0,103,21.0,21.0,0.0,-8757.947602,0.0
2019-01-22,7,0,104,3.9,3.9,0.0,-1626.475983,0.0
2019-01-22,7,0,106,0.0,0.0,0.0,0.0,0.0
2019-01-22,7,0,109,200.0,200.0,0.0,2046.817342,0.0
2019-01-22,7,0,110,116.19,116.19,0.0,-116190.0,0.0
2019-01-22,7,0,111,0.0,0.0,0.0,0.0,0.0
2019-01-22,7,0,113,75.93,75.93,0.0,-20348.432871,0.0
2019-01-22,7,0,115,75.93,75.93,0.0,-20348.432871,0.0
2019-01-22,7,0,116,0.0,0.0,0.0,-0.0,0.0
2019-01-22,7,0,117,3.11,3.11,0.0,-833.446941,0.0
2019-01-22,7,0,119,200.0,200.0,0.0,21315.840452,0.0
2019-01-22,7,0,120,117.6,117.6,0.0,12533.714186,0.0
2019-01-22,7,0,123,0.0,0.0,0.0,0.0,0.0
2019-01-22,7,0,125,174.2,174.2,0.0,2156.946238,0.0
2019-01-22,7,0,126,0.0,0.0,0.0,0.0,0.0
2019-01-22,7,0,127,0.0,0.0,0.0,0.0,0.0
2019-01-22,7,0,128,249.5,249.5,0.0,3089.311632,0.0
2019-01-22,7,0,131,30.0,30.0,0.0,-11361.596664,0.0
2019-01-22,7,0,132,44.1,44.1,0.0,-16701.547097,0.0
2019-01-22,7,0,133,41.94,41.94,0.0,377.451317,0.0
2019-01-22,7,0,134,0.0,0.0,0.0,0.0,0.0
2019-01-22,7,0,135,56.2,56.2,0.0,505.788364,0.0
2019-01-22,7,0,136,45.9,45.9,0.0,213.679053,0.0
2019-01-22,7,0,139,110.71,110.71,0.0,1227.292676,0.0
2019-01-22,7,0,140,86.0,86.0,0.0,-86000.0,0.0
2019-01-22,7,0,141,230.0,230.0,0.0,-128926.071742,0.0
2019-01-22,7,0,142,0.0,0.0,0.0,-0.0,0.0
2019-01-22,7,0,143,5.43,5.43,0.0,67.369277,0.0
2019-01-22,7,0,145,30.0,30.0,0.0,348.008971,0.0
2019-01-22,7,0,146,143.65,143.65,0.0,-143650.0,0.0
2019-01-22,7,0,152,0.0,0.0,0.0,0.0,0.0
2019-01-22,7,0,153,0.0,0.0,0.0,0.0,0.0
2019-01-22,7,0,154,0.0,0.0,0.0,0.0,0.0
2019-01-22,7,0,157,158.09,158.09,0.0,-88617.055138,0.0
2019-01-22,7,0,158,0.0,0.0,0.0,-0.0,0.0
2019-01-22,7,0,159,0.0,0.0,0.0,0.0,0.0
2019-01-22,7,0,160,0.0,0.0,0.0,0.0,0.0
2019-01-22,7,0,161,0.0,0.0,0.0,-0.0,0.0
2019-01-22,7,0,162,48.75,48.75,0.0,1131.775548,0.0
2019-01-22,7,0,163,185.4,185.4,0.0,-185400.0,0.0
2019-01-22,7,0,164,0.0,0.0,0.0,0.0,0.0
2019-01-22,7,0,167,0.0,0.0,0.0,0.0,0.0
2019-01-22,7,0,168,0.0,0.0,0.0,0.0,0.0
2019-01-22,7,0,169,0.0,0.0,0.0,0.0,0.0
2019-01-22,7,0,170,0.0,0.0,0.0,0.0,0.0
2019-01-22,7,0,172,0.0,0.0,0.0,0.0,0.0
2019-01-22,7,0,173,0.0,0.0,0.0,0.0,0.0
2019-01-22,7,0,188,0.0,0.0,0.0,0.0,0.0
2019-01-22,7,0,190,0.0,0.0,0.0,0.0,0.0
2019-01-22,7,0,191,0.0,0.0,0.0,0.0,0.0
2019-01-22,7,0,192,94.53,94.53,0.0,3065.376974,0.0
2019-01-22,7,0,194,176.5,176.5,0.0,-23548.895763,0.0
2019-01-22,7,0,196,0.0,0.0,0.0,0.0,0.0
2019-01-22,7,0,198,0.0,0.0,0.0,0.0,0.0
2019-01-22,7,0,199,39.0,39.0,0.0,-1346.612036,0.0
2019-01-22,7,0,200,0.0,0.0,0.0,-0.0,0.0
2019-01-22,7,0,204,857.0,857.0,0.0,8855.157223,0.0
2019-01-22,7,0,205,1058.0,1058.0,0.0,10827.663739,0.0
2019-01-22,7,0,206,539.94,539.94,0.0,6712.987757,0.0
2019-01-22,7,0,210,0.0,0.0,0.0,0.0,0.0
2019-01-22,7,0,214,0.0,0.0,0.0,0.0,0.0
2019-01-22,7,0,217,0.0,0.0,0.0,0.0,0.0
2019-01-22,7,0,218,0.0,0.0,0.0,0.0,0.0
2019-01-22,7,0,219,0.0,0.0,0.0,0.0,0.0
2019-01-22,7,0,221,0.0,0.0,0.0,0.0,0.0
2019-01-22,7,0,225,0.0,0.0,0.0,0.0,0.0
2019-01-22,7,0,233,0.0,0.0,0.0,0.0,0.0
2019-01-22,7,0,236,128.95,128.95,0.0,1138.774904,0.0
2019-01-22,7,0,237,45.51,45.51,0.0,421.718516,0.0
2019-01-22,7,0,238,0.0,0.0,0.0,0.0,0.0
2019-01-22,7,0,240,0.0,0.0,0.0,0.0,0.0
2019-01-22,7,0,245,78.0,78.0,0.0,589.634193,0.0
2019-01-22,7,0,247,171.72,171.72,0.0,1298.102354,0.0
2019-01-22,7,0,248,4.57,4.57,0.0,42.347915,0.0
2019-01-22,7,0,249,150.0,150.0,0.0,1133.91191,0.0
2019-01-22,7,0,251,326.4,326.4,0.0,1879.64581,0.0
2019-01-22,7,0,252,267.06,267.06,0.0,1184.528103,0.0
2019-01-22,7,0,254,0.0,0.0,0.0,0.0,0.0
2019-01-22,7,0,255,0.0,0.0,0.0,0.0,0.0
2019-01-22,7,0,258,0.0,0.0,0.0,0.0,0.0
2019-01-22,7,0,260,0.0,0.0,0.0,0.0,0.0
2019-01-22,7,0,265,0.0,0.0,0.0,0.0,0.0
2019-01-22,7,0,266,71.67,71.67,0.0,794.508771,0.0
2019-01-22,7,0,267,88.09,88.09,0.0,976.535198,0.0
2019-01-22,7,0,270,579.0,579.0,0.0,-579000.0,0.0
2019-01-22,7,0,272,270.16,270.16,0.0,-72400.008225,0.0
2019-01-22,7,0,273,0.0,0.0,0.0,-0.0,0.0
2019-01-22,7,0,274,746.4,746.4,0.0,-746400.0,0.0
2019-01-22,7,0,275,1039.0,1039.0,0.0,-1039000.0,0.0
2019-01-22,7,0,276,0.0,0.0,0.0,-0.0,0.0
2019-01-22,7,0,277,0.0,0.0,0.0,-0.0,0.0
2019-01-22,7,0,278,0.0,0.0,0.0,-0.0,0.0
2019-01-22,7,0,279,264.6,264.6,0.0,-74065.164165,0.0
2019-01-22,7,0,281,4.09,4.09,0.0,50.744078,0.0
2019-01-22,7,0,282,0.0,0.0,0.0,0.0,0.0
2019-01-22,8,0,9,0.0,0.0,0.0,0.0,0.0
2019-01-22,8,0,17,0.0,0.0,0.0,0.0,0.0
2019-01-22,8,0,19,605.38,605.38,0.0,422.692297,0.0
2019-01-22,8,0,20,753.44,753.44,0.0,526.071698,0.0
2019-01-22,8,0,21,0.0,0.0,0.0,0.0,0.0
2019-01-22,8,0,22,0.0,0.0,0.0,0.0,0.0
2019-01-22,8,0,23,108.8,108.8,0.0,1233.372511,0.0
2019-01-22,8,0,24,192.5,192.5,0.0,2182.207798,0.0
2019-01-22,8,0,29,0.0,0.0,0.0,0.0,0.0
2019-01-22,8,0,30,0.0,0.0,0.0,0.0,0.0
2019-01-22,8,0,31,3.93,3.93,0.0,44.636144,0.0
2019-01-22,8,0,32,0.0,0.0,0.0,0.0,0.0
2019-01-22,8,0,33,0.0,0.0,0.0,0.0,0.0
2019-01-22,8,0,34,0.0,0.0,0.0,0.0,0.0
2019-01-22,8,0,35,0.0,0.0,0.0,0.0,0.0
2019-01-22,8,0,36,0.0,0.0,0.0,0.0,0.0
2019-01-22,8,0,37,0.0,0.0,0.0,0.0,0.0
2019-01-22,8,0,38,0.0,0.0,0.0,0.0,0.0
2019-01-22,8,0,39,0.0,0.0,0.0,0.0,0.0
2019-01-22,8,0,40,0.0,0.0,0.0,0.0,0.0
2019-01-22,8,0,41,34.8,34.8,0.0,355.193817,0.0
2019-01-22,8,0,42,0.0,0.0,0.0,0.0,0.0
2019-01-22,8,0,43,0.0,0.0,0.0,0.0,0.0
2019-01-22,8,0,46,0.0,0.0,0.0,0.0,0.0
2019-01-22,8,0,52,4.17,4.17,0.0,47.362015,0.0
2019-01-22,8,0,53,6.62,6.62,0.0,75.188618,0.0
2019-01-22,8,0,55,56.22,56.22,0.0,637.318039,0.0
2019-01-22,8,0,56,0.0,0.0,0.0,0.0,0.0
2019-01-22,8,0,57,0.0,0.0,0.0,0.0,0.0
2019-01-22,8,0,58,0.0,0.0,0.0,0.0,0.0
2019-01-22,8,0,59,0.0,0.0,0.0,0.0,0.0
2019-01-22,8,0,63,96.01,96.01,0.0,10616.566596,0.0
2019-01-22,8,0,64,112.86,112.86,0.0,12479.801125,0.0
2019-01-22,8,0,65,41.4,41.4,0.0,177.989483,0.0
2019-01-22,8,0,67,0.0,0.0,0.0,-0.0,0.0
2019-01-22,8,0,68,10.2,10.2,0.0,-4231.713238,0.0
2019-01-22,8,0,69,0.0,0.0,0.0,0.0,0.0
2019-01-22,8,0,74,16.33,16.33,0.0,140.790474,0.0
2019-01-22,8,0,77,147.17,147.17,0.0,-43429.152437,0.0
2019-01-22,8,0,78,111.12,111.12,0.0,-32790.972473,0.0
2019-01-22,8,0,79,64.1,64.1,0.0,-18915.598772,0.0
2019-01-22,8,0,80,103.96,103.96,0.0,-30678.091237,0.0
2019-01-22,8,0,81,136.09,136.09,0.0,-40159.498235,0.0
2019-01-22,8,0,82,95.84,95.84,0.0,-28281.918663,0.0
2019-01-22,8,0,83,214.4,214.4,0.0,-63268.399012,0.0
2019-01-22,8,0,84,0.0,0.0,0.0,0.0,0.0
2019-01-22,8,0,86,0.0,0.0,0.0,0.0,0.0
2019-01-22,8,0,87,0.0,0.0,0.0,0.0,0.0
2019-01-22,8,0,88,123.33,123.33,0.0,-36394.084189,0.0
2019-01-22,8,0,89,119.02,119.02,0.0,-35122.224115,0.0
2019-01-22,8,0,90,155.3,155.3,0.0,-45828.275963,0.0
2019-01-22,8,0,91,486.84,486.84,0.0,-143664.120218,0.0
2019-01-22,8,0,92,194.81,194.81,0.0,-57487.485128,0.0
2019-01-22,8,0,95,36.0,36.0,0.0,768.593841,0.0
2019-01-22,8,0,96,29.88,29.88,0.0,340.047153,0.0
2019-01-22,8,0,97,183.75,183.75,0.0,2091.153427,0.0
2019-01-22,8,0,99,3.15,3.15,0.0,27.157991,0.0
2019-01-22,8,0,101,0.0,0.0,0.0,0.0,0.0
2019-01-22,8,0,102,24.15,24.15,0.0,-10019.203402,0.0
2019-01-22,8,0,103,21.0,21.0,0.0,-8712.350784,0.0
2019-01-22,8,0,104,3.9,3.9,0.0,-1618.008003,0.0
2019-01-22,8,0,106,0.0,0.0,0.0,0.0,0.0
2019-01-22,8,0,109,200.0,200.0,0.0,1892.986454,0.0
2019-01-22,8,0,110,28.16,28.16,0.0,-28160.0,0.0
2019-01-22,8,0,111,0.0,0.0,0.0,0.0,0.0
2019-01-22,8,0,113,141.55,141.55,0.0,-37554.836974,0.0
2019-01-22,8,0,115,141.55,141.55,0.0,-37554.836974,0.0
2019-01-22,8,0,116,0.0,0.0,0.0,-0.0,0.0
2019-01-22,8,0,117,7.33,7.33,0.0,-1944.732992,0.0
2019-01-22,8,0,119,112.86,112.86,0.0,12479.801125,0.0
2019-01-22,8,0,120,66.59,66.59,0.0,7363.370166,0.0
2019-01-22,8,0,123,0.0,0.0,0.0,0.0,0.0
2019-01-22,8,0,125,174.2,174.2,0.0,1974.756356,0.0
2019-01-22,8,0,126,0.0,0.0,0.0,0.0,0.0
2019-01-22,8,0,127,0.0,0.0,0.0,0.0,0.0
2019-01-22,8,0,128,249.5,249.5,0.0,2828.368029,0.0
2019-01-22,8,0,131,30.0,30.0,0.0,-11292.175962,0.0
2019-01-22,8,0,132,44.1,44.1,0.0,-16599.498664,0.0
2019-01-22,8,0,133,41.94,41.94,0.0,352.494966,0.0
2019-01-22,8,0,134,0.0,0.0,0.0,0.0,0.0
2019-01-22,8,0,135,56.2,56.2,0.0,472.346617,0.0
2019-01-22,8,0,136,45.9,45.9,0.0,206.41012,0.0
2019-01-22,8,0,139,44.94,44.94,0.0,458.689947,0.0
2019-01-22,8,0,140,20.84,20.84,0.0,-20840.0,0.0
2019-01-22,8,0,141,226.23,226.23,0.0,-126442.515417,0.0
2019-01-22,8,0,142,0.0,0.0,0.0,-0.0,0.0
2019-01-22,8,0,143,2.47,2.47,0.0,28.053759,0.0
2019-01-22,8,0,145,30.0,30.0,0.0,319.65412,0.0
2019-01-22,8,0,146,143.95,143.95,0.0,-143950.0,0.0
2019-01-22,8,0,152,0.0,0.0,0.0,0.0,0.0
2019-01-22,8,0,153,0.0,0.0,0.0,0.0,0.0
2019-01-22,8,0,154,0.0,0.0,0.0,0.0,0.0
2019-01-22,8,0,157,54.03,54.03,0.0,-30197.980409,0.0
2019-01-22,8,0,158,0.0,0.0,0.0,-0.0,0.0
2019-01-22,8,0,159,0.0,0.0,0.0,0.0,0.0
2019-01-22,8,0,160,0.0,0.0,0.0,0.0,0.0
2019-01-22,8,0,161,0.0,0.0,0.0,-0.0,0.0
2019-01-22,8,0,162,48.75,48.75,0.0,1078.738507,0.0
2019-01-22,8,0,163,185.4,185.4,0.0,-185400.0,0.0
2019-01-22,8,0,164,0.0,0.0,0.0,0.0,0.0
2019-01-22,8,0,167,0.0,0.0,0.0,0.0,0.0
2019-01-22,8,0,168,0.0,0.0,0.0,0.0,0.0
2019-01-22,8,0,169,0.0,0.0,0.0,0.0,0.0
2019-01-22,8,0,170,0.0,0.0,0.0,0.0,0.0
2019-01-22,8,0,172,0.0,0.0,0.0,0.0,0.0
2019-01-22,8,0,173,0.0,0.0,0.0,0.0,0.0
2019-01-22,8,0,188,0.0,0.0,0.0,0.0,0.0
2019-01-22,8,0,190,0.0,0.0,0.0,0.0,0.0
2019-01-22,8,0,191,0.0,0.0,0.0,0.0,0.0
2019-01-22,8,0,192,122.0,122.0,0.0,3956.161968,0.0
2019-01-22,8,0,194,176.5,176.5,0.0,-22999.27311,0.0
2019-01-22,8,0,196,0.0,0.0,0.0,0.0,0.0
2019-01-22,8,0,198,0.0,0.0,0.0,0.0,0.0
2019-01-22,8,0,199,39.0,39.0,0.0,-1314.005483,0.0
2019-01-22,8,0,200,0.0,0.0,0.0,-0.0,0.0
2019-01-22,8,0,204,856.99,856.99,0.0,8185.021784,0.0
2019-01-22,8,0,205,1058.0,1058.0,0.0,10013.89834,0.0
2019-01-22,8,0,206,539.94,539.94,0.0,6144.747653,0.0
2019-01-22,8,0,210,0.0,0.0,0.0,0.0,0.0
2019-01-22,8,0,214,0.0,0.0,0.0,0.0,0.0
2019-01-22,8,0,217,0.0,0.0,0.0,0.0,0.0
2019-01-22,8,0,218,0.0,0.0,0.0,0.0,0.0
2019-01-22,8,0,219,0.0,0.0,0.0,0.0,0.0
2019-01-22,8,0,221,0.0,0.0,0.0,0.0,0.0
2019-01-22,8,0,225,0.0,0.0,0.0,0.0,0.0
2019-01-22,8,0,233,0.0,0.0,0.0,0.0,0.0
2019-01-22,8,0,236,119.52,119.52,0.0,985.126221,0.0
2019-01-22,8,0,237,39.16,39.16,0.0,337.621247,0.0
2019-01-22,8,0,238,0.0,0.0,0.0,0.0,0.0
2019-01-22,8,0,240,0.0,0.0,0.0,0.0,0.0
2019-01-22,8,0,245,78.0,78.0,0.0,554.75443,0.0
2019-01-22,8,0,247,171.72,171.72,0.0,1221.313215,0.0
2019-01-22,8,0,248,3.93,3.93,0.0,33.882827,0.0
2019-01-22,8,0,249,150.0,150.0,0.0,1066.835443,0.0
2019-01-22,8,0,251,326.4,326.4,0.0,1791.276707,0.0
2019-01-22,8,0,252,267.06,267.06,0.0,1148.161143,0.0
2019-01-22,8,0,254,0.0,0.0,0.0,0.0,0.0
2019-01-22,8,0,255,0.0,0.0,0.0,0.0,0.0
2019-01-22,8,0,258,0.0,0.0,0.0,0.0,0.0
2019-01-22,8,0,260,0.0,0.0,0.0,0.0,0.0
2019-01-22,8,0,265,0.0,0.0,0.0,0.0,0.0
2019-01-22,8,0,266,29.1,29.1,0.0,297.01552,0.0
2019-01-22,8,0,267,35.76,35.76,0.0,364.992268,0.0
2019-01-22,8,0,270,579.0,579.0,0.0,-579000.0,0.0
2019-01-22,8,0,272,490.05,490.05,0.0,-130015.880317,0.0
2019-01-22,8,0,273,0.0,0.0,0.0,-0.0,0.0
2019-01-22,8,0,274,746.4,746.4,0.0,-746400.0,0.0
2019-01-22,8,0,275,1039.0,1039.0,0.0,-1039000.0,0.0
2019-01-22,8,0,276,0.0,0.0,0.0,-0.0,0.0
2019-01-22,8,0,277,0.0,0.0,0.0,-0.0,0.0
2019-01-22,8,0,278,0.0,0.0,0.0,-0.0,0.0
2019-01-22,8,0,279,264.6,264.6,0.0,-73360.93715,0.0
2019-01-22,8,0,281,1.77,1.77,0.0,20.103301,0.0
2019-01-22,8,0,282,0.0,0.0,0.0,0.0,0.0
2019-01-22,9,0,9,0.17,0.17,0.0,1.926779,0.0
2019-01-22,9,0,17,7.99,7.99,0.0,60.564206,0.0
2019-01-22,9,0,19,475.02,475.02,0.0,3600.651943,0.0
2019-01-22,9,0,20,589.85,589.85,0.0,4471.063426,0.0
2019-01-22,9,0,21,3.84,3.84,0.0,43.522528,0.0
2019-01-22,9,0,22,13.63,13.63,0.0,154.482305,0.0
2019-01-22,9,0,23,108.8,108.8,0.0,1233.13828,0.0
2019-01-22,9,0,24,192.5,192.5,0.0,2181.793373,0.0
2019-01-22,9,0,29,1.47,1.47,0.0,9.155838,0.0
2019-01-22,9,0,30,27.5,27.5,0.0,312.339427,0.0
2019-01-22,9,0,31,6.06,6.06,0.0,68.828252,0.0
2019-01-22,9,0,32,0.47,0.47,0.0,21.894231,0.0
2019-01-22,9,0,33,0.42,0.42,0.0,2.90608,0.0
2019-01-22,9,0,34,0.67,0.67,0.0,4.635889,0.0
2019-01-22,9,0,35,0.67,0.67,0.0,4.635889,0.0
2019-01-22,9,0,36,1.25,1.25,0.0,10.727807,0.0
2019-01-22,9,0,37,0.56,0.56,0.0,4.81175,0.0
2019-01-22,9,0,38,0.72,0.72,0.0,6.186535,0.0
2019-01-22,9,0,39,0.48,0.48,0.0,4.124357,0.0
2019-01-22,9,0,40,0.48,0.48,0.0,4.124357,0.0
2019-01-22,9,0,41,34.8,34.8,0.0,351.271986,0.0
2019-01-22,9,0,42,8.63,8.63,0.0,66.651483,0.0
2019-01-22,9,0,43,3.98,3.98,0.0,33.431576,0.0
2019-01-22,9,0,46,3.42,3.42,0.0,30.248584,0.0
2019-01-22,9,0,52,6.43,6.43,0.0,73.030637,0.0
2019-01-22,9,0,53,10.27,10.27,0.0,116.644579,0.0
2019-01-22,9,0,55,65.12,65.12,0.0,738.069529,0.0
2019-01-22,9,0,56,8.11,8.11,0.0,92.111737,0.0
2019-01-22,9,0,57,7.72,7.72,0.0,87.682196,0.0
2019-01-22,9,0,58,14.84,14.84,0.0,168.549713,0.0
2019-01-22,9,0,59,14.59,14.59,0.0,165.710263,0.0
2019-01-22,9,0,63,51.0,51.0,0.0,5833.197544,0.0
2019-01-22,9,0,64,60.0,60.0,0.0,6862.585346,0.0
2019-01-22,9,0,65,41.4,41.4,0.0,314.913548,0.0
2019-01-22,9,0,67,13.7,13.7,0.0,-7637.181267,0.0
2019-01-22,9,0,68,19.12,19.12,0.0,-7895.537974,0.0
2019-01-22,9,0,69,0.42,0.42,0.0,2.90608,0.0
2019-01-22,9,0,74,14.14,14.14,0.0,118.238974,0.0
2019-01-22,9,0,77,60.0,60.0,0.0,-17567.206135,0.0
2019-01-22,9,0,78,45.36,45.36,0.0,-13280.807838,0.0
2019-01-22,9,0,79,26.25,26.25,0.0,-7685.652684,0.0
2019-01-22,9,0,80,42.45,42.45,0.0,-12428.79834,0.0
2019-01-22,9,0,81,55.5,55.5,0.0,-16249.665675,0.0
2019-01-22,9,0,82,39.15,39.15,0.0,-11462.602003,0.0
2019-01-22,9,0,83,87.3,87.3,0.0,-25560.284926,0.0
2019-01-22,9,0,84,0.0,0.0,0.0,0.0,0.0
2019-01-22,9,0,86,2.11,2.11,0.0,14.599592,0.0
2019-01-22,9,0,87,10.76,10.76,0.0,74.451001,0.0
2019-01-22,9,0,88,155.83,155.83,0.0,-45624.9622,0.0
2019-01-22,9,0,89,148.85,148.85,0.0,-43581.310553,0.0
2019-01-22,9,0,90,208.93,208.93,0.0,-61171.939629,0.0
2019-01-22,9,0,91,785.09,785.09,0.0,-229863.964407,0.0
2019-01-22,9,0,92,276.23,276.23,0.0,-80876.489177,0.0
2019-01-22,9,0,95,36.0,36.0,0.0,700.048073,0.0
2019-01-22,9,0,96,29.88,29.88,0.0,340.114382,0.0
2019-01-22,9,0,97,183.75,183.75,0.0,2091.566855,0.0
2019-01-22,9,0,99,2.73,2.73,0.0,22.828317,0.0
2019-01-22,9,0,101,0.55,0.55,0.0,6.246789,0.0
2019-01-22,9,0,102,45.2,45.2,0.0,-18665.183914,0.0
2019-01-22,9,0,103,39.31,39.31,0.0,-16232.928754,0.0
2019-01-22,9,0,104,7.33,7.33,0.0,-3026.898188,0.0
2019-01-22,9,0,106,13.42,13.42,0.0,152.102167,0.0
2019-01-22,9,0,109,186.24,186.24,0.0,1727.426965,0.0
2019-01-22,9,0,110,60.05,60.05,0.0,-60050.0,0.0
2019-01-22,9,0,111,1.68,1.68,0.0,16.957958,0.0
2019-01-22,9,0,113,84.3,84.3,0.0,-22159.165075,0.0
2019-01-22,9,0,115,84.3,84.3,0.0,-22159.165075,0.0
2019-01-22,9,0,116,8.49,8.49,0.0,-8490.0,0.0
2019-01-22,9,0,117,5.73,5.73,0.0,-1506.192359,0.0
2019-01-22,9,0,119,60.0,60.0,0.0,6862.585346,0.0
2019-01-22,9,0,120,35.28,35.28,0.0,4035.200184,0.0
2019-01-22,9,0,123,0.22,0.22,0.0,2.493478,0.0
2019-01-22,9,0,125,174.2,174.2,0.0,1974.381327,0.0
2019-01-22,9,0,126,10.06,10.06,0.0,114.019955,0.0
2019-01-22,9,0,127,12.91,12.91,0.0,146.321831,0.0
2019-01-22,9,0,128,249.5,249.5,0.0,2827.830891,0.0
2019-01-22,9,0,131,30.0,30.0,0.0,-11230.555761,0.0
2019-01-22,9,0,132,44.1,44.1,0.0,-16508.916969,0.0
2019-01-22,9,0,133,41.94,41.94,0.0,317.800097,0.0
2019-01-22,9,0,134,0.0,0.0,0.0,0.0,0.0
2019-01-22,9,0,135,56.2,56.2,0.0,425.855161,0.0
2019-01-22,9,0,136,45.9,45.9,0.0,349.210326,0.0
2019-01-22,9,0,139,44.94,44.94,0.0,453.625375,0.0
2019-01-22,9,0,140,44.44,44.44,0.0,-44440.0,0.0
2019-01-22,9,0,141,203.7,203.7,0.0,-113554.293724,0.0
2019-01-22,9,0,142,18.06,18.06,0.0,-10067.700268,0.0
2019-01-22,9,0,143,5.17,5.17,0.0,58.719812,0.0
2019-01-22,9,0,145,30.0,30.0,0.0,317.543901,0.0
2019-01-22,9,0,146,268.0,268.0,0.0,-268000.0,0.0
2019-01-22,9,0,152,0.87,0.87,0.0,7.248012,0.0
2019-01-22,9,0,153,1.12,1.12,0.0,9.368677,0.0
2019-01-22,9,0,154,6.91,6.91,0.0,69.749696,0.0
2019-01-22,9,0,157,104.09,104.09,0.0,-58025.853872,0.0
2019-01-22,9,0,158,0.0,0.0,0.0,-0.0,0.0
2019-01-22,9,0,159,0.0,0.0,0.0,0.0,0.0
2019-01-22,9,0,160,0.31,0.31,0.0,2.420296,0.0
2019-01-22,9,0,161,3.69,3.69,0.0,-1523.772758,0.0
2019-01-22,9,0,162,48.75,48.75,0.0,985.737148,0.0
2019-01-22,9,0,163,185.4,185.4,0.0,-185400.0,0.0
2019-01-22,9,0,164,0.69,0.69,0.0,7.83688,0.0
2019-01-22,9,0,167,0.53,0.53,0.0,8.601803,0.0
2019-01-22,9,0,168,0.27,0.27,0.0,4.382051,0.0
2019-01-22,9,0,169,0.0,0.0,0.0,0.0,0.0
2019-01-22,9,0,170,0.58,0.58,0.0,9.413294,0.0
2019-01-22,9,0,172,0.74,0.74,0.0,13.459215,0.0
2019-01-22,9,0,173,1.13,1.13,0.0,20.552585,0.0
2019-01-22,9,0,188,0.99,0.99,0.0,26.277228,0.0
2019-01-22,9,0,190,0.74,0.74,0.0,23.996392,0.0
2019-01-22,9,0,191,1.9,1.9,0.0,61.612359,0.0
2019-01-22,9,0,192,153.18,153.18,0.0,4967.253199,0.0
2019-01-22,9,0,194,130.37,130.37,0.0,-16605.348072,0.0
2019-01-22,9,0,196,0.54,0.54,0.0,144.23912,0.0
2019-01-22,9,0,198,1.4,1.4,0.0,9.520366,0.0
2019-01-22,9,0,199,39.0,39.0,0.0,-1301.057979,0.0
2019-01-22,9,0,200,1.97,1.97,0.0,-65.720108,0.0
2019-01-22,9,0,204,480.72,480.72,0.0,4503.936216,0.0
2019-01-22,9,0,205,1048.92,1048.92,0.0,9729.020037,0.0
2019-01-22,9,0,206,539.94,539.94,0.0,6145.962491,0.0
2019-01-22,9,0,210,0.42,0.42,0.0,2.559525,0.0
2019-01-22,9,0,214,2.33,2.33,0.0,15.211354,0.0
2019-01-22,9,0,217,1.66,1.66,0.0,10.511719,0.0
2019-01-22,9,0,218,2.29,2.29,0.0,14.501106,0.0
2019-01-22,9,0,219,1.56,1.56,0.0,9.878483,0.0
2019-01-22,9,0,221,1.24,1.24,0.0,8.095313,0.0
2019-01-22,9,0,225,1.34,1.34,0.0,8.363524,0.0
2019-01-22,9,0,233,1.19,1.19,0.0,8.233893,0.0
2019-01-22,9,0,236,111.71,111.71,0.0,887.316772,0.0
2019-01-22,9,0,237,33.93,33.93,0.0,283.723365,0.0
2019-01-22,9,0,238,11.23,11.23,0.0,86.731883,0.0
2019-01-22,9,0,240,1.41,1.41,0.0,12.100966,0.0
2019-01-22,9,0,245,78.0,78.0,0.0,583.608479,0.0
2019-01-22,9,0,247,171.72,171.72,0.0,1284.836513,0.0
2019-01-22,9,0,248,3.41,3.41,0.0,28.514491,0.0
2019-01-22,9,0,249,150.0,150.0,0.0,1122.323998,0.0
2019-01-22,9,0,251,326.4,326.4,0.0,2497.055071,0.0
2019-01-22,9,0,252,267.06,267.06,0.0,2031.420585,0.0
2019-01-22,9,0,254,2.11,2.11,0.0,17.410068,0.0
2019-01-22,9,0,255,0.97,0.97,0.0,8.003681,0.0
2019-01-22,9,0,258,1.79,1.79,0.0,15.309502,0.0
2019-01-22,9,0,260,0.75,0.75,0.0,5.855554,0.0
2019-01-22,9,0,265,7.16,7.16,0.0,72.273202,0.0
2019-01-22,9,0,266,29.1,29.1,0.0,293.736057,0.0
2019-01-22,9,0,267,35.76,35.76,0.0,360.962247,0.0
2019-01-22,9,0,270,579.0,579.0,0.0,-579000.0,0.0
2019-01-22,9,0,272,281.31,281.31,0.0,-73945.370428,0.0
2019-01-22,9,0,273,2.03,2.03,0.0,-2030.0,0.0
2019-01-22,9,0,274,746.4,746.4,0.0,-746400.0,0.0
2019-01-22,9,0,275,1039.0,1039.0,0.0,-1039000.0,0.0
2019-01-22,9,0,276,0.48,0.48,0.0,-432.571114,0.0
2019-01-22,9,0,277,0.65,0.65,0.0,-178.658091,0.0
2019-01-22,9,0,278,1.04,1.04,0.0,-285.852945,0.0
2019-01-22,9,0,279,264.6,264.6,0.0,-72727.585898,0.0
2019-01-22,9,0,281,2.7,2.7,0.0,30.666053,0.0
2019-01-22,9,0,282,15.09,15.09,0.0,171.389162,0.0
2019-01-22,10,0,9,1.1,1.1,0.0,6.624079,0.0
2019-01-22,10,0,17,24.5,24.5,0.0,167.729385,0.0
2019-01-22,10,0,19,349.46,349.46,0.0,2392.437176,0.0
2019-01-22,10,0,20,433.01,433.01,0.0,2964.428609,0.0
2019-01-22,10,0,21,25.13,25.13,0.0,151.330085,0.0
2019-01-22,10,0,22,89.31,89.31,0.0,537.814957,0.0
2019-01-22,10,0,23,108.8,108.8,0.0,655.181585,0.0
2019-01-22,10,0,24,192.5,192.5,0.0,1159.213742,0.0
2019-01-22,10,0,29,4.08,4.08,0.0,29.142766,0.0
2019-01-22,10,0,30,205.34,205.34,0.0,1235.461556,0.0
2019-01-22,10,0,31,15.76,15.76,0.0,94.822607,0.0
2019-01-22,10,0,32,1.31,1.31,0.0,60.866594,0.0
2019-01-22,10,0,33,1.28,1.28,0.0,8.948699,0.0
2019-01-22,10,0,34,2.05,2.05,0.0,14.331901,0.0
2019-01-22,10,0,35,2.05,2.05,0.0,14.331901,0.0
2019-01-22,10,0,36,4.37,4.37,0.0,28.955836,0.0
2019-01-22,10,0,37,1.97,1.97,0.0,13.048921,0.0
2019-01-22,10,0,38,2.53,2.53,0.0,16.758259,0.0
2019-01-22,10,0,39,1.68,1.68,0.0,11.128014,0.0
2019-01-22,10,0,40,1.68,1.68,0.0,11.128014,0.0
2019-01-22,10,0,41,34.63,34.63,0.0,217.965759,0.0
2019-01-22,10,0,42,28.82,28.82,0.0,196.398225,0.0
2019-01-22,10,0,43,13.0,13.0,0.0,86.659114,0.0
2019-01-22,10,0,46,11.64,11.64,0.0,76.456697,0.0
2019-01-22,10,0,52,16.72,16.72,0.0,100.598603,0.0
2019-01-22,10,0,53,26.65,26.65,0.0,160.344066,0.0
2019-01-22,10,0,55,78.46,78.46,0.0,472.477455,0.0
2019-01-22,10,0,56,60.57,60.57,0.0,364.429271,0.0
2019-01-22,10,0,57,57.61,57.61,0.0,346.619949,0.0
2019-01-22,10,0,58,110.79,110.79,0.0,666.586081,0.0
2019-01-22,10,0,59,108.95,108.95,0.0,655.515421,0.0
2019-01-22,10,0,63,51.0,51.0,0.0,5846.497774,0.0
2019-01-22,10,0,64,60.0,60.0,0.0,6878.232676,0.0
2019-01-22,10,0,65,41.4,41.4,0.0,283.186586,0.0
2019-01-22,10,0,67,115.02,115.02,0.0,-64014.695738,0.0
2019-01-22,10,0,68,34.0,34.0,0.0,-13999.330809,0.0
2019-01-22,10,0,69,1.28,1.28,0.0,8.948699,0.0
2019-01-22,10,0,74,19.82,19.82,0.0,132.286625,0.0
2019-01-22,10,0,77,60.0,60.0,0.0,-17469.101106,0.0
2019-01-22,10,0,78,45.36,45.36,0.0,-13206.640436,0.0
2019-01-22,10,0,79,26.25,26.25,0.0,-7642.731734,0.0
2019-01-22,10,0,80,42.45,42.45,0.0,-12359.389032,0.0
2019-01-22,10,0,81,55.5,55.5,0.0,-16158.918523,0.0
2019-01-22,10,0,82,39.15,39.15,0.0,-11398.588472,0.0
2019-01-22,10,0,83,87.3,87.3,0.0,-25417.542109,0.0
2019-01-22,10,0,84,0.0,0.0,0.0,0.0,0.0
2019-01-22,10,0,86,6.49,6.49,0.0,45.372701,0.0
2019-01-22,10,0,87,33.12,33.12,0.0,231.547589,0.0
2019-01-22,10,0,88,103.48,103.48,0.0,-30128.376374,0.0
2019-01-22,10,0,89,99.0,99.0,0.0,-28824.016825,0.0
2019-01-22,10,0,90,137.47,137.47,0.0,-40024.62215,0.0
2019-01-22,10,0,91,509.29,509.29,0.0,-148280.641703,0.0
2019-01-22,10,0,92,180.45,180.45,0.0,-52538.321576,0.0
2019-01-22,10,0,95,88.65,88.65,0.0,1723.868379,0.0
2019-01-22,10,0,96,29.88,29.88,0.0,179.61467,0.0
2019-01-22,10,0,97,183.75,183.75,0.0,1104.558088,0.0
2019-01-22,10,0,99,4.07,4.07,0.0,27.164811,0.0
2019-01-22,10,0,101,4.14,4.14,0.0,24.908984,0.0
2019-01-22,10,0,102,80.5,80.5,0.0,-33145.474414,0.0
2019-01-22,10,0,103,70.0,70.0,0.0,-28822.151665,0.0
2019-01-22,10,0,104,13.0,13.0,0.0,-5352.685309,0.0
2019-01-22,10,0,106,87.92,87.92,0.0,529.444531,0.0
2019-01-22,10,0,109,171.07,171.07,0.0,1107.488627,0.0
2019-01-22,10,0,110,272.54,272.54,0.0,-272540.0,0.0
2019-01-22,10,0,111,7.07,7.07,0.0,44.499507,0.0
2019-01-22,10,0,113,150.0,150.0,0.0,-39267.101643,0.0
2019-01-22,10,0,115,150.0,150.0,0.0,-39267.101643,0.0
2019-01-22,10,0,116,44.85,44.85,0.0,-44850.0,0.0
2019-01-22,10,0,117,10.0,10.0,0.0,-2617.806776,0.0
2019-01-22,10,0,119,60.0,60.0,0.0,6878.232676,0.0
2019-01-22,10,0,120,35.28,35.28,0.0,4044.400813,0.0
2019-01-22,10,0,123,1.47,1.47,0.0,8.852178,0.0
2019-01-22,10,0,125,174.2,174.2,0.0,1049.013163,0.0
2019-01-22,10,0,126,65.94,65.94,0.0,397.083398,0.0
2019-01-22,10,0,127,84.62,84.62,0.0,509.572295,0.0
2019-01-22,10,0,128,249.5,249.5,0.0,1502.461447,0.0
2019-01-22,10,0,131,40.31,40.31,0.0,-15038.505873,0.0
2019-01-22,10,0,132,65.03,65.03,0.0,-24260.829495,0.0
2019-01-22,10,0,133,41.94,41.94,0.0,287.148405,0.0
2019-01-22,10,0,134,0.0,0.0,0.0,0.0,0.0
2019-01-22,10,0,135,56.2,56.2,0.0,384.781601,0.0
2019-01-22,10,0,136,45.9,45.9,0.0,313.953017,0.0
2019-01-22,10,0,139,44.72,44.72,0.0,281.473541,0.0
2019-01-22,10,0,140,201.71,201.71,0.0,-201710.0,0.0
2019-01-22,10,0,141,183.03,183.03,0.0,-101865.847339,0.0
2019-01-22,10,0,142,151.68,151.68,0.0,-84417.919054,0.0
2019-01-22,10,0,143,10.4,10.4,0.0,62.573294,0.0
2019-01-22,10,0,145,56.19,56.19,0.0,347.612642,0.0
2019-01-22,10,0,146,268.0,268.0,0.0,-268000.0,0.0
2019-01-22,10,0,152,3.18,3.18,0.0,21.246219,0.0
2019-01-22,10,0,153,3.9,3.9,0.0,26.027706,0.0
2019-01-22,10,0,154,29.15,29.15,0.0,183.47392,0.0
2019-01-22,10,0,157,250.0,250.0,0.0,-139138.184094,0.0
2019-01-22,10,0,158,37.22,37.22,0.0,-20714.892848,0.0
2019-01-22,10,0,159,0.0,0.0,0.0,0.0,0.0
2019-01-22,10,0,160,0.9,0.9,0.0,6.116553,0.0
2019-01-22,10,0,161,22.43,22.43,0.0,-9235.440883,0.0
2019-01-22,10,0,162,91.77,91.77,0.0,1856.182878,0.0
2019-01-22,10,0,163,104.02,104.02,0.0,-104020.0,0.0
2019-01-22,10,0,164,7.65,7.65,0.0,46.027471,0.0
2019-01-22,10,0,167,1.48,1.48,0.0,24.016249,0.0
2019-01-22,10,0,168,0.74,0.74,0.0,12.008124,0.0
2019-01-22,10,0,169,0.0,0.0,0.0,0.0,0.0
2019-01-22,10,0,170,1.62,1.62,0.0,26.288056,0.0
2019-01-22,10,0,172,1.9,1.9,0.0,33.176034,0.0
2019-01-22,10,0,173,2.89,2.89,0.0,50.462493,0.0
2019-01-22,10,0,188,2.7,2.7,0.0,71.085356,0.0
2019-01-22,10,0,190,3.49,3.49,0.0,113.172174,0.0
2019-01-22,10,0,191,9.01,9.01,0.0,292.17229,0.0
2019-01-22,10,0,192,190.56,190.56,0.0,6179.395284,0.0
2019-01-22,10,0,194,52.95,52.95,0.0,-6702.857853,0.0
2019-01-22,10,0,196,2.51,2.51,0.0,671.909871,0.0
2019-01-22,10,0,198,3.34,3.34,0.0,23.437759,0.0
2019-01-22,10,0,199,39.0,39.0,0.0,-1192.528018,0.0
2019-01-22,10,0,200,5.27,5.27,0.0,-161.144171,0.0
2019-01-22,10,0,204,257.1,257.1,0.0,1659.138606,0.0
2019-01-22,10,0,205,1010.31,1010.31,0.0,6540.63737,0.0
2019-01-22,10,0,206,539.94,539.94,0.0,3245.687588,0.0
2019-01-22,10,0,210,1.17,1.17,0.0,8.39163,0.0
2019-01-22,10,0,214,6.57,6.57,0.0,46.495657,0.0
2019-01-22,10,0,217,4.71,4.71,0.0,33.535309,0.0
2019-01-22,10,0,218,6.49,6.49,0.0,46.20895,0.0
2019-01-22,10,0,219,4.42,4.42,0.0,31.470502,0.0
2019-01-22,10,0,221,3.5,3.5,0.0,24.769376,0.0
2019-01-22,10,0,225,3.74,3.74,0.0,26.703548,0.0
2019-01-22,10,0,233,3.67,3.67,0.0,25.657598,0.0
2019-01-22,10,0,236,105.01,105.01,0.0,710.538684,0.0
2019-01-22,10,0,237,46.32,46.32,0.0,309.158248,0.0
2019-01-22,10,0,238,37.52,37.52,0.0,255.685684,0.0
2019-01-22,10,0,240,4.95,4.95,0.0,32.798944,0.0
2019-01-22,10,0,245,78.0,78.0,0.0,535.671144,0.0
2019-01-22,10,0,247,171.72,171.72,0.0,1179.300626,0.0
2019-01-22,10,0,248,5.05,5.05,0.0,33.705724,0.0
2019-01-22,10,0,249,150.0,150.0,0.0,1030.136815,0.0
2019-01-22,10,0,251,326.4,326.4,0.0,2229.528955,0.0
2019-01-22,10,0,252,267.06,267.06,0.0,1826.758686,0.0
2019-01-22,10,0,254,5.41,5.41,0.0,36.24012,0.0
2019-01-22,10,0,255,2.48,2.48,0.0,16.612846,0.0
2019-01-22,10,0,258,6.19,6.19,0.0,41.055271,0.0
2019-01-22,10,0,260,2.18,2.18,0.0,14.81565,0.0
2019-01-22,10,0,265,30.18,30.18,0.0,189.956875,0.0
2019-01-22,10,0,266,28.96,28.96,0.0,182.278035,0.0
2019-01-22,10,0,267,35.59,35.59,0.0,224.008124,0.0
2019-01-22,10,0,270,324.69,324.69,0.0,-324690.0,0.0
2019-01-22,10,0,272,501.3,501.3,0.0,-131230.653692,0.0
2019-01-22,10,0,273,10.73,10.73,0.0,-10730.0,0.0
2019-01-22,10,0,274,418.54,418.54,0.0,-418540.0,0.0
2019-01-22,10,0,275,582.57,582.57,0.0,-582570.0,0.0
2019-01-22,10,0,276,2.45,2.45,0.0,-2207.419587,0.0
2019-01-22,10,0,277,3.02,3.02,0.0,-826.139085,0.0
2019-01-22,10,0,278,4.83,4.83,0.0,-1321.275424,0.0
2019-01-22,10,0,279,264.6,264.6,0.0,-72382.914557,0.0
2019-01-22,10,0,281,7.03,7.03,0.0,42.29714,0.0
2019-01-22,10,0,282,112.64,112.64,0.0,677.716907,0.0
2019-01-22,11,0,9,1.85,1.85,0.0,-28.127362,0.0
2019-01-22,11,0,17,37.11,37.11,0.0,202.824644,0.0
2019-01-22,11,0,19,192.99,192.99,0.0,1054.786525,0.0
2019-01-22,11,0,20,234.06,234.06,0.0,1279.254542,0.0
2019-01-22,11,0,21,42.4,42.4,0.0,-644.648722,0.0
2019-01-22,11,0,22,150.69,150.69,0.0,-2291.087639,0.0
2019-01-22,11,0,23,61.07,61.07,0.0,-928.507015,0.0
2019-01-22,11,0,24,108.0,108.0,0.0,-1642.029763,0.0
2019-01-22,11,0,29,6.03,6.03,0.0,33.957868,0.0
2019-01-22,11,0,30,350.65,350.65,0.0,-5375.46084,0.0
2019-01-22,11,0,31,35.71,35.71,0.0,-547.433927,0.0
2019-01-22,11,0,32,2.02,2.02,0.0,92.941953,0.0
2019-01-22,11,0,33,1.93,1.93,0.0,18.080082,0.0
2019-01-22,11,0,34,3.08,3.08,0.0,28.853187,0.0
2019-01-22,11,0,35,3.08,3.08,0.0,28.853187,0.0
2019-01-22,11,0,36,6.73,6.73,0.0,-5.1803,0.0
2019-01-22,11,0,37,3.02,3.02,0.0,-2.659949,0.0
2019-01-22,11,0,38,3.89,3.89,0.0,-3.426225,0.0
2019-01-22,11,0,39,2.59,2.59,0.0,-2.281214,0.0
2019-01-22,11,0,40,2.59,2.59,0.0,-2.281214,0.0
2019-01-22,11,0,41,25.88,25.88,0.0,-222.010956,0.0
2019-01-22,11,0,42,44.12,44.12,0.0,203.816337,0.0
2019-01-22,11,0,43,19.98,19.98,0.0,-0.822339,0.0
2019-01-22,11,0,46,18.08,18.08,0.0,-40.888324,0.0
2019-01-22,11,0,52,37.96,37.96,0.0,-581.926404,0.0
2019-01-22,11,0,53,61.83,61.83,0.0,-947.853255,0.0
2019-01-22,11,0,55,321.94,321.94,0.0,-4894.769092,0.0
2019-01-22,11,0,56,103.43,103.43,0.0,-1585.580821,0.0
2019-01-22,11,0,57,98.38,98.38,0.0,-1508.164373,0.0
2019-01-22,11,0,58,189.2,189.2,0.0,-2900.434025,0.0
2019-01-22,11,0,59,186.04,186.04,0.0,-2851.991258,0.0
2019-01-22,11,0,63,51.0,51.0,0.0,5898.117255,0.0
2019-01-22,11,0,64,60.0,60.0,0.0,6938.961477,0.0
2019-01-22,11,0,65,41.4,41.4,0.0,219.766139,0.0
2019-01-22,11,0,67,197.64,197.64,0.0,-109284.149117,0.0
2019-01-22,11,0,68,33.99,33.99,0.0,-13832.565221,0.0
2019-01-22,11,0,69,1.93,1.93,0.0,18.080082,0.0
2019-01-22,11,0,74,62.7,62.7,0.0,56.025586,0.0
2019-01-22,11,0,77,60.0,60.0,0.0,-17076.447313,0.0
2019-01-22,11,0,78,45.36,45.36,0.0,-12909.794169,0.0
2019-01-22,11,0,79,26.25,26.25,0.0,-7470.9457,0.0
2019-01-22,11,0,80,42.45,42.45,0.0,-12081.586474,0.0
2019-01-22,11,0,81,55.5,55.5,0.0,-15795.713765,0.0
2019-01-22,11,0,82,39.15,39.15,0.0,-11142.381872,0.0
2019-01-22,11,0,83,87.3,87.3,0.0,-24846.230841,0.0
2019-01-22,11,0,84,0.0,0.0,0.0,0.0,0.0
2019-01-22,11,0,86,9.77,9.77,0.0,91.524558,0.0
2019-01-22,11,0,87,49.86,49.86,0.0,467.084386,0.0
2019-01-22,11,0,88,51.18,51.18,0.0,-14566.209558,0.0
2019-01-22,11,0,89,49.2,49.2,0.0,-14002.686797,0.0
2019-01-22,11,0,90,66.06,66.06,0.0,-18801.168492,0.0
2019-01-22,11,0,91,235.65,235.65,0.0,-67067.746823,0.0
2019-01-22,11,0,92,84.75,84.75,0.0,-24120.48183,0.0
2019-01-22,11,0,95,96.29,96.29,0.0,1872.434137,0.0
2019-01-22,11,0,96,25.87,25.87,0.0,-399.993731,0.0
2019-01-22,11,0,97,190.14,190.14,0.0,-2939.884348,0.0
2019-01-22,11,0,99,13.46,13.46,0.0,12.027183,0.0
2019-01-22,11,0,101,7.06,7.06,0.0,-108.229726,0.0
2019-01-22,11,0,102,80.49,80.49,0.0,-32756.198136,0.0
2019-01-22,11,0,103,69.99,69.99,0.0,-28483.119735,0.0
2019-01-22,11,0,104,12.99,12.99,0.0,-5286.408421,0.0
2019-01-22,11,0,106,148.34,148.34,0.0,-2255.358288,0.0
2019-01-22,11,0,109,83.48,83.48,0.0,-363.590646,0.0
2019-01-22,11,0,110,338.6,338.6,0.0,-338600.0,0.0
2019-01-22,11,0,111,11.32,11.32,0.0,-97.108347,0.0
2019-01-22,11,0,113,84.2,84.2,0.0,-21685.955855,0.0
2019-01-22,11,0,115,84.2,84.2,0.0,-21685.955855,0.0
2019-01-22,11,0,116,74.16,74.16,0.0,-74160.0,0.0
2019-01-22,11,0,117,5.66,5.66,0.0,-1457.749527,0.0
2019-01-22,11,0,119,60.0,60.0,0.0,6938.961477,0.0
2019-01-22,11,0,120,35.28,35.28,0.0,4080.109348,0.0
2019-01-22,11,0,123,2.47,2.47,0.0,-37.553829,0.0
2019-01-22,11,0,125,97.74,97.74,0.0,-1486.036936,0.0
2019-01-22,11,0,126,111.26,111.26,0.0,-1691.594736,0.0
2019-01-22,11,0,127,142.78,142.78,0.0,-2170.824163,0.0
2019-01-22,11,0,128,139.96,139.96,0.0,-2127.948941,0.0
2019-01-22,11,0,131,30.0,30.0,0.0,-11039.14727,0.0
2019-01-22,11,0,132,44.1,44.1,0.0,-16227.546487,0.0
2019-01-22,11,0,133,41.94,41.94,0.0,229.843912,0.0
2019-01-22,11,0,134,0.0,0.0,0.0,0.0,0.0
2019-01-22,11,0,135,56.2,56.2,0.0,307.993034,0.0
2019-01-22,11,0,136,45.9,45.9,0.0,243.257805,0.0
2019-01-22,11,0,139,33.42,33.42,0.0,-286.692665,0.0
2019-01-22,11,0,140,250.6,250.6,0.0,-250600.0,0.0
2019-01-22,11,0,141,105.9,105.9,0.0,-58556.928716,0.0
2019-01-22,11,0,142,260.64,260.64,0.0,-144119.715775,0.0
2019-01-22,11,0,143,60.44,60.44,0.0,-926.544569,0.0
2019-01-22,11,0,145,100.0,100.0,0.0,-1125.524002,0.0
2019-01-22,11,0,146,268.0,268.0,0.0,-268000.0,0.0
2019-01-22,11,0,152,4.91,4.91,0.0,4.916101,0.0
2019-01-22,11,0,153,6.0,6.0,0.0,4.797023,0.0
2019-01-22,11,0,154,46.69,46.69,0.0,-400.52904,0.0
2019-01-22,11,0,157,250.0,250.0,0.0,-138236.375629,0.0
2019-01-22,11,0,158,70.38,70.38,0.0,-38916.304467,0.0
2019-01-22,11,0,159,0.0,0.0,0.0,0.0,0.0
2019-01-22,11,0,160,1.37,1.37,0.0,3.660359,0.0
2019-01-22,11,0,161,37.6,37.6,0.0,-15301.690271,0.0
2019-01-22,11,0,162,162.5,162.5,0.0,3290.670262,0.0
2019-01-22,11,0,163,88.46,88.46,0.0,-88460.0,0.0
2019-01-22,11,0,164,13.51,13.51,0.0,-207.108159,0.0
2019-01-22,11,0,167,2.28,2.28,0.0,36.97369,0.0
2019-01-22,11,0,168,1.14,1.14,0.0,18.486845,0.0
2019-01-22,11,0,169,0.0,0.0,0.0,0.0,0.0
2019-01-22,11,0,170,2.49,2.49,0.0,40.379161,0.0
2019-01-22,11,0,172,2.91,2.91,0.0,42.765587,0.0
2019-01-22,11,0,173,4.44,4.44,0.0,65.250587,0.0
2019-01-22,11,0,188,4.18,4.18,0.0,106.643322,0.0
2019-01-22,11,0,190,5.69,5.69,0.0,184.5128,0.0
2019-01-22,11,0,191,14.7,14.7,0.0,476.68509,0.0
2019-01-22,11,0,192,63.67,63.67,0.0,2064.662562,0.0
2019-01-22,11,0,194,52.95,52.95,0.0,-6547.011333,0.0
2019-01-22,11,0,196,4.07,4.07,0.0,1098.763157,0.0
2019-01-22,11,0,198,5.06,5.06,0.0,34.809938,0.0
2019-01-22,11,0,199,56.82,56.82,0.0,-1257.332427,0.0
2019-01-22,11,0,200,8.07,8.07,0.0,-178.575725,0.0
2019-01-22,11,0,204,257.1,257.1,0.0,-1254.738821,0.0
2019-01-22,11,0,205,545.8,545.8,0.0,-2377.189443,0.0
2019-01-22,11,0,206,726.77,726.77,0.0,-11237.087135,0.0
2019-01-22,11,0,210,1.72,1.72,0.0,11.376433,0.0
2019-01-22,11,0,214,9.73,9.73,0.0,113.621127,0.0
2019-01-22,11,0,217,7.0,7.0,0.0,66.48645,0.0
2019-01-22,11,0,218,9.67,9.67,0.0,91.846282,0.0
2019-01-22,11,0,219,6.58,6.58,0.0,62.497263,0.0
2019-01-22,11,0,221,5.19,5.19,0.0,60.605719,0.0
2019-01-22,11,0,225,5.56,5.56,0.0,30.783402,0.0
2019-01-22,11,0,233,5.53,5.53,0.0,51.804586,0.0
2019-01-22,11,0,236,159.03,159.03,0.0,527.063984,0.0
2019-01-22,11,0,237,139.79,139.79,0.0,124.909357,0.0
2019-01-22,11,0,238,57.42,57.42,0.0,265.256892,0.0
2019-01-22,11,0,240,7.63,7.63,0.0,-5.87306,0.0
2019-01-22,11,0,245,78.0,78.0,0.0,471.380447,0.0
2019-01-22,11,0,247,171.72,171.72,0.0,1037.762183,0.0
2019-01-22,11,0,248,16.64,16.64,0.0,14.868672,0.0
2019-01-22,11,0,249,150.0,150.0,0.0,906.500859,0.0
2019-01-22,11,0,251,326.4,326.4,0.0,1648.439838,0.0
2019-01-22,11,0,252,267.06,267.06,0.0,1417.650845,0.0
2019-01-22,11,0,254,8.23,8.23,0.0,5.264055,0.0
2019-01-22,11,0,255,3.77,3.77,0.0,2.411359,0.0
2019-01-22,11,0,258,9.55,9.55,0.0,-6.227191,0.0
2019-01-22,11,0,260,3.33,3.33,0.0,8.897077,0.0
2019-01-22,11,0,265,48.34,48.34,0.0,-414.683525,0.0
2019-01-22,11,0,266,21.64,21.64,0.0,-185.638219,0.0
2019-01-22,11,0,267,26.59,26.59,0.0,-228.101674,0.0
2019-01-22,11,0,270,299.25,299.25,0.0,-299250.0,0.0
2019-01-22,11,0,272,281.17,281.17,0.0,-72416.154485,0.0
2019-01-22,11,0,273,17.73,17.73,0.0,-17730.0,0.0
2019-01-22,11,0,274,390.79,390.79,0.0,-390790.0,0.0
2019-01-22,11,0,275,551.38,551.38,0.0,-551380.0,0.0
2019-01-22,11,0,276,4.05,4.05,0.0,-3645.737777,0.0
2019-01-22,11,0,277,4.94,4.94,0.0,-1325.893627,0.0
2019-01-22,11,0,278,7.9,7.9,0.0,-2120.356206,0.0
2019-01-22,11,0,279,264.6,264.6,0.0,-71018.512913,0.0
2019-01-22,11,0,281,15.57,15.57,0.0,-238.687937,0.0
2019-01-22,11,0,282,192.35,192.35,0.0,-2948.723492,0.0
2019-01-22,12,0,9,2.63,2.63,0.0,-33.430102,0.0
2019-01-22,12,0,17,48.59,48.59,0.0,310.887087,0.0
2019-01-22,12,0,19,192.99,192.99,0.0,1234.782857,0.0
2019-01-22,12,0,20,234.06,234.06,0.0,1497.555705,0.0
2019-01-22,12,0,21,60.14,60.14,0.0,-764.44348,0.0
2019-01-22,12,0,22,213.73,213.73,0.0,-2716.736034,0.0
2019-01-22,12,0,23,46.17,46.17,0.0,-586.869895,0.0
2019-01-22,12,0,24,77.3,77.3,0.0,-982.565365,0.0
2019-01-22,12,0,29,7.8,7.8,0.0,38.65086,0.0
2019-01-22,12,0,30,503.26,503.26,0.0,-6455.252743,0.0
2019-01-22,12,0,31,82.21,82.21,0.0,-1054.497333,0.0
2019-01-22,12,0,32,2.73,2.73,0.0,122.523092,0.0
2019-01-22,12,0,33,2.52,2.52,0.0,25.305832,0.0
2019-01-22,12,0,34,4.03,4.03,0.0,40.469248,0.0
2019-01-22,12,0,35,4.03,4.03,0.0,40.469248,0.0
2019-01-22,12,0,36,9.19,9.19,0.0,4.925802,0.0
2019-01-22,12,0,37,4.19,4.19,0.0,1.784241,0.0
2019-01-22,12,0,38,5.38,5.38,0.0,2.290982,0.0
2019-01-22,12,0,39,3.59,3.59,0.0,1.528741,0.0
2019-01-22,12,0,40,3.59,3.59,0.0,1.528741,0.0
2019-01-22,12,0,41,20.13,20.13,0.0,-133.122986,0.0
2019-01-22,12,0,42,61.71,61.71,0.0,346.089195,0.0
2019-01-22,12,0,43,26.8,26.8,0.0,31.411379,0.0
2019-01-22,12,0,46,24.19,24.19,0.0,-20.552073,0.0
2019-01-22,12,0,52,87.15,87.15,0.0,-1117.862092,0.0
2019-01-22,12,0,53,138.45,138.45,0.0,-1775.880742,0.0
2019-01-22,12,0,55,623.0,623.0,0.0,-7918.99382,0.0
2019-01-22,12,0,56,148.44,148.44,0.0,-1904.021216,0.0
2019-01-22,12,0,57,141.2,141.2,0.0,-1811.154646,0.0
2019-01-22,12,0,58,271.54,271.54,0.0,-3483.009438,0.0
2019-01-22,12,0,59,267.02,267.02,0.0,-3425.031966,0.0
2019-01-22,12,0,63,51.0,51.0,0.0,5839.297901,0.0
2019-01-22,12,0,64,60.0,60.0,0.0,6869.762236,0.0
2019-01-22,12,0,65,41.4,41.4,0.0,258.809836,0.0
2019-01-22,12,0,67,279.17,279.17,0.0,-154614.885018,0.0
2019-01-22,12,0,68,25.22,25.22,0.0,-10293.378067,0.0
2019-01-22,12,0,69,2.52,2.52,0.0,25.305832,0.0
2019-01-22,12,0,74,207.49,207.49,0.0,443.011361,0.0
2019-01-22,12,0,77,60.0,60.0,0.0,-17165.971106,0.0
2019-01-22,12,0,78,45.36,45.36,0.0,-12977.474156,0.0
2019-01-22,12,0,79,26.25,26.25,0.0,-7510.112359,0.0
2019-01-22,12,0,80,42.45,42.45,0.0,-12144.924557,0.0
2019-01-22,12,0,81,55.5,55.5,0.0,-15878.523273,0.0
2019-01-22,12,0,82,39.15,39.15,0.0,-11200.796147,0.0
2019-01-22,12,0,83,87.3,87.3,0.0,-24976.487959,0.0
2019-01-22,12,0,84,0.0,0.0,0.0,0.0,0.0
2019-01-22,12,0,86,12.77,12.77,0.0,128.236301,0.0
2019-01-22,12,0,87,65.22,65.22,0.0,654.93904,0.0
2019-01-22,12,0,88,51.18,51.18,0.0,-14642.573353,0.0
2019-01-22,12,0,89,49.2,49.2,0.0,-14076.096307,0.0
2019-01-22,12,0,90,66.06,66.06,0.0,-18899.734188,0.0
2019-01-22,12,0,91,235.65,235.65,0.0,-67419.351518,0.0
2019-01-22,12,0,92,84.75,84.75,0.0,-24246.934187,0.0
2019-01-22,12,0,95,120.0,120.0,0.0,2333.493576,0.0
2019-01-22,12,0,96,22.03,22.03,0.0,-285.242365,0.0
2019-01-22,12,0,97,135.45,135.45,0.0,-1753.79384,0.0
2019-01-22,12,0,99,40.05,40.05,0.0,85.510651,0.0
2019-01-22,12,0,101,10.14,10.14,0.0,-130.064505,0.0
2019-01-22,12,0,102,59.72,59.72,0.0,-24374.327444,0.0
2019-01-22,12,0,103,51.93,51.93,0.0,-21194.889889,0.0
2019-01-22,12,0,104,9.64,9.64,0.0,-3934.502956,0.0
2019-01-22,12,0,106,210.4,210.4,0.0,-2674.408186,0.0
2019-01-22,12,0,109,60.0,60.0,0.0,-164.861545,0.0
2019-01-22,12,0,110,338.6,338.6,0.0,-338600.0,0.0
2019-01-22,12,0,111,15.44,15.44,0.0,-102.107248,0.0
2019-01-22,12,0,113,45.0,45.0,0.0,-11649.957874,0.0
2019-01-22,12,0,115,45.0,45.0,0.0,-11649.957874,0.0
2019-01-22,12,0,116,103.15,103.15,0.0,-103150.0,0.0
2019-01-22,12,0,117,3.0,3.0,0.0,-776.663858,0.0
2019-01-22,12,0,119,60.0,60.0,0.0,6869.762236,0.0
2019-01-22,12,0,120,35.28,35.28,0.0,4039.420195,0.0
2019-01-22,12,0,123,3.51,3.51,0.0,-44.61584,0.0
2019-01-22,12,0,125,70.73,70.73,0.0,-899.053664,0.0
2019-01-22,12,0,126,157.8,157.8,0.0,-2005.806139,0.0
2019-01-22,12,0,127,202.51,202.51,0.0,-2574.117879,0.0
2019-01-22,12,0,128,96.96,96.96,0.0,-1232.464913,0.0
2019-01-22,12,0,131,30.0,30.0,0.0,-11076.990077,0.0
2019-01-22,12,0,132,44.1,44.1,0.0,-16283.175413,0.0
2019-01-22,12,0,133,41.94,41.94,0.0,268.919022,0.0
2019-01-22,12,0,134,0.0,0.0,0.0,0.0,0.0
2019-01-22,12,0,135,56.2,56.2,0.0,360.354055,0.0
2019-01-22,12,0,136,45.9,45.9,0.0,286.57162,0.0
2019-01-22,12,0,139,25.99,25.99,0.0,-171.876126,0.0
2019-01-22,12,0,140,250.6,250.6,0.0,-250600.0,0.0
2019-01-22,12,0,141,76.48,76.48,0.0,-42357.511216,0.0
2019-01-22,12,0,142,368.16,368.16,0.0,-203900.906502,0.0
2019-01-22,12,0,143,191.42,191.42,0.0,-2455.320272,0.0
2019-01-22,12,0,145,56.25,56.25,0.0,-510.99793,0.0
2019-01-22,12,0,146,268.0,268.0,0.0,-268000.0,0.0
2019-01-22,12,0,152,6.87,6.87,0.0,15.293333,0.0
2019-01-22,12,0,153,8.42,8.42,0.0,17.155714,0.0
2019-01-22,12,0,154,63.71,63.71,0.0,-421.324662,0.0
2019-01-22,12,0,157,250.0,250.0,0.0,-138459.437814,0.0
2019-01-22,12,0,158,100.86,100.86,0.0,-55860.075592,0.0
2019-01-22,12,0,159,0.0,0.0,0.0,0.0,0.0
2019-01-22,12,0,160,1.85,1.85,0.0,6.67006,0.0
2019-01-22,12,0,161,52.89,52.89,0.0,-21586.707611,0.0
2019-01-22,12,0,162,162.5,162.5,0.0,3289.973274,0.0
2019-01-22,12,0,163,70.62,70.62,0.0,-70620.0,0.0
2019-01-22,12,0,164,19.61,19.61,0.0,-251.535004,0.0
2019-01-22,12,0,167,3.05,3.05,0.0,49.603303,0.0
2019-01-22,12,0,168,1.53,1.53,0.0,24.882968,0.0
2019-01-22,12,0,169,0.0,0.0,0.0,0.0,0.0
2019-01-22,12,0,170,3.34,3.34,0.0,54.319682,0.0
2019-01-22,12,0,172,3.86,3.86,0.0,55.718498,0.0
2019-01-22,12,0,173,5.89,5.89,0.0,85.021231,0.0
2019-01-22,12,0,188,5.71,5.71,0.0,141.315435,0.0
2019-01-22,12,0,190,7.85,7.85,0.0,898.793893,0.0
2019-01-22,12,0,191,20.28,20.28,0.0,2321.979636,0.0
2019-01-22,12,0,192,42.58,42.58,0.0,4875.241267,0.0
2019-01-22,12,0,194,52.95,52.95,0.0,-6621.427318,0.0
2019-01-22,12,0,196,5.57,5.57,0.0,1495.297595,0.0
2019-01-22,12,0,198,6.69,6.69,0.0,48.926089,0.0
2019-01-22,12,0,199,113.69,113.69,0.0,-3089.491451,0.0
2019-01-22,12,0,200,10.98,10.98,0.0,-298.378187,0.0
2019-01-22,12,0,204,257.1,257.1,0.0,-831.486376,0.0
2019-01-22,12,0,205,317.4,317.4,0.0,-872.117575,0.0
2019-01-22,12,0,206,398.01,398.01,0.0,-5153.395986,0.0
2019-01-22,12,0,210,2.21,2.21,0.0,12.842097,0.0
2019-01-22,12,0,214,12.81,12.81,0.0,156.264808,0.0
2019-01-22,12,0,217,9.08,9.08,0.0,86.242424,0.0
2019-01-22,12,0,218,12.53,12.53,0.0,119.010746,0.0
2019-01-22,12,0,219,8.53,8.53,0.0,81.018489,0.0
2019-01-22,12,0,221,6.83,6.83,0.0,83.316834,0.0
2019-01-22,12,0,225,7.05,7.05,0.0,34.35186,0.0
2019-01-22,12,0,233,7.23,7.23,0.0,72.603638,0.0
2019-01-22,12,0,236,159.03,159.03,0.0,697.911884,0.0
2019-01-22,12,0,237,497.74,497.74,0.0,1062.723385,0.0
2019-01-22,12,0,238,80.32,80.32,0.0,450.45996,0.0
2019-01-22,12,0,240,10.41,10.41,0.0,5.579716,0.0
2019-01-22,12,0,245,78.0,78.0,0.0,541.142192,0.0
2019-01-22,12,0,247,171.72,171.72,0.0,1191.345348,0.0
2019-01-22,12,0,248,49.96,49.96,0.0,106.669467,0.0
2019-01-22,12,0,249,150.0,150.0,0.0,1040.658061,0.0
2019-01-22,12,0,251,326.4,326.4,0.0,1961.842707,0.0
2019-01-22,12,0,252,267.06,267.06,0.0,1669.510985,0.0
2019-01-22,12,0,254,11.26,11.26,0.0,20.073038,0.0
2019-01-22,12,0,255,5.16,5.16,0.0,9.198657,0.0
2019-01-22,12,0,258,12.95,12.95,0.0,8.271507,0.0
2019-01-22,12,0,260,4.49,4.49,0.0,16.188416,0.0
2019-01-22,12,0,265,65.96,65.96,0.0,-436.20428,0.0
2019-01-22,12,0,266,16.83,16.83,0.0,-111.299546,0.0
2019-01-22,12,0,267,20.68,20.68,0.0,-136.760226,0.0
2019-01-22,12,0,270,220.55,220.55,0.0,-220550.0,0.0
2019-01-22,12,0,272,150.39,150.39,0.0,-38934.159216,0.0
2019-01-22,12,0,273,24.67,24.67,0.0,-24670.0,0.0
2019-01-22,12,0,274,284.31,284.31,0.0,-284310.0,0.0
2019-01-22,12,0,275,395.77,395.77,0.0,-395770.0,0.0
2019-01-22,12,0,276,5.6,5.6,0.0,-5042.13577,0.0
2019-01-22,12,0,277,6.83,6.83,0.0,-1842.716984,0.0
2019-01-22,12,0,278,10.93,10.93,0.0,-2948.886769,0.0
2019-01-22,12,0,279,261.67,261.67,0.0,-70597.914068,0.0
2019-01-22,12,0,281,36.9,36.9,0.0,-473.31166,0.0
2019-01-22,12,0,282,276.07,276.07,0.0,-3541.115178,0.0
2019-01-22,13,0,9,3.22,3.22,0.0,-1270.524499,0.0
2019-01-22,13,0,17,53.83,53.83,0.0,313.13738,0.0
2019-01-22,13,0,19,192.99,192.99,0.0,1122.652478,0.0
2019-01-22,13,0,20,234.06,234.06,0.0,1361.562978,0.0
2019-01-22,13,0,21,73.72,73.72,0.0,-29087.908727,0.0
2019-01-22,13,0,22,262.0,262.0,0.0,-103378.080393,0.0
2019-01-22,13,0,23,90.35,90.35,0.0,-35649.654823,0.0
2019-01-22,13,0,24,157.79,157.79,0.0,-62259.646203,0.0
2019-01-22,13,0,29,8.9,8.9,0.0,30.33217,0.0
2019-01-22,13,0,30,641.88,641.88,0.0,-641880.0,0.0
2019-01-22,13,0,31,125.0,125.0,0.0,-125000.0,0.0
2019-01-22,13,0,32,2.36,2.36,0.0,39.486865,0.0
2019-01-22,13,0,33,2.99,2.99,0.0,31.106627,0.0
2019-01-22,13,0,34,4.79,4.79,0.0,49.833025,0.0
2019-01-22,13,0,35,4.79,4.79,0.0,49.833025,0.0
2019-01-22,13,0,36,9.75,9.75,0.0,-8.579249,0.0
2019-01-22,13,0,37,4.42,4.42,0.0,-3.885933,0.0
2019-01-22,13,0,38,5.69,5.69,0.0,-5.00248,0.0
2019-01-22,13,0,39,3.79,3.79,0.0,-3.332056,0.0
2019-01-22,13,0,40,3.79,3.79,0.0,-3.332056,0.0
2019-01-22,13,0,41,16.7,16.7,0.0,-271.203974,0.0
2019-01-22,13,0,42,73.03,73.03,0.0,352.22243,0.0
2019-01-22,13,0,43,28.35,28.35,0.0,2.953954,0.0
2019-01-22,13,0,46,26.7,26.7,0.0,-51.950787,0.0
2019-01-22,13,0,52,132.5,132.5,0.0,-132500.0,0.0
2019-01-22,13,0,53,210.5,210.5,0.0,-210500.0,0.0
2019-01-22,13,0,55,623.0,623.0,0.0,-245818.870553,0.0
2019-01-22,13,0,56,189.33,189.33,0.0,-189330.0,0.0
2019-01-22,13,0,57,180.1,180.1,0.0,-180100.0,0.0
2019-01-22,13,0,58,346.34,346.34,0.0,-346340.0,0.0
2019-01-22,13,0,59,340.57,340.57,0.0,-340570.0,0.0
2019-01-22,13,0,63,51.0,51.0,0.0,934.442104,0.0
2019-01-22,13,0,64,60.0,60.0,0.0,1099.343652,0.0
2019-01-22,13,0,65,41.4,41.4,0.0,233.184443,0.0
2019-01-22,13,0,67,329.02,329.02,0.0,4511.054913,0.0
2019-01-22,13,0,68,20.88,20.88,0.0,340.061161,0.0
2019-01-22,13,0,69,2.99,2.99,0.0,31.106627,0.0
2019-01-22,13,0,74,217.6,217.6,0.0,26.529443,0.0
2019-01-22,13,0,77,60.0,60.0,0.0,1161.058274,0.0
2019-01-22,13,0,78,45.36,45.36,0.0,877.760055,0.0
2019-01-22,13,0,79,26.25,26.25,0.0,507.962995,0.0
2019-01-22,13,0,80,42.45,42.45,0.0,821.448729,0.0
2019-01-22,13,0,81,55.5,55.5,0.0,1073.978903,0.0
2019-01-22,13,0,82,39.15,39.15,0.0,757.590524,0.0
2019-01-22,13,0,83,87.3,87.3,0.0,1689.339788,0.0
2019-01-22,13,0,84,0.0,0.0,0.0,0.0,0.0
2019-01-22,13,0,86,15.17,15.17,0.0,157.821918,0.0
2019-01-22,13,0,87,77.43,77.43,0.0,805.547208,0.0
2019-01-22,13,0,88,51.18,51.18,0.0,990.382707,0.0
2019-01-22,13,0,89,49.2,49.2,0.0,952.067784,0.0
2019-01-22,13,0,90,66.06,66.06,0.0,1278.325159,0.0
2019-01-22,13,0,91,235.65,235.65,0.0,4560.05637,0.0
2019-01-22,13,0,92,84.75,84.75,0.0,1639.994812,0.0
2019-01-22,13,0,95,120.0,120.0,0.0,1977.002113,0.0
2019-01-22,13,0,96,23.73,23.73,0.0,777.55287,0.0
2019-01-22,13,0,97,145.95,145.95,0.0,4782.294201,0.0
2019-01-22,13,0,99,42.0,42.0,0.0,5.120573,0.0
2019-01-22,13,0,101,12.93,12.93,0.0,-12930.0,0.0
2019-01-22,13,0,102,49.44,49.44,0.0,805.202288,0.0
2019-01-22,13,0,103,42.99,42.99,0.0,700.15466,0.0
2019-01-22,13,0,104,7.98,7.98,0.0,129.965903,0.0
2019-01-22,13,0,106,257.92,257.92,0.0,-101768.223263,0.0
2019-01-22,13,0,109,60.0,60.0,0.0,-238.513628,0.0
2019-01-22,13,0,110,0.0,0.0,0.0,0.0,0.0
2019-01-22,13,0,111,18.74,18.74,0.0,-304.333082,0.0
2019-01-22,13,0,113,40.11,40.11,0.0,676.014439,0.0
2019-01-22,13,0,115,40.11,40.11,0.0,676.014439,0.0
2019-01-22,13,0,116,118.88,118.88,0.0,692.170844,0.0
2019-01-22,13,0,117,2.67,2.67,0.0,45.000213,0.0
2019-01-22,13,0,119,60.0,60.0,0.0,1099.343652,0.0
2019-01-22,13,0,120,35.28,35.28,0.0,646.414067,0.0
2019-01-22,13,0,123,4.3,4.3,0.0,-1696.663151,0.0
2019-01-22,13,0,125,143.27,143.27,0.0,-56530.448771,0.0
2019-01-22,13,0,126,193.44,193.44,0.0,-76326.167447,0.0
2019-01-22,13,0,127,248.24,248.24,0.0,-97948.758308,0.0
2019-01-22,13,0,128,202.25,202.25,0.0,-79802.354044,0.0
2019-01-22,13,0,131,28.37,28.37,0.0,481.563466,0.0
2019-01-22,13,0,132,41.7,41.7,0.0,707.832095,0.0
2019-01-22,13,0,133,41.94,41.94,0.0,244.701162,0.0
2019-01-22,13,0,134,0.0,0.0,0.0,0.0,0.0
2019-01-22,13,0,135,56.2,56.2,0.0,327.901891,0.0
2019-01-22,13,0,136,0.0,0.0,0.0,0.0,0.0
2019-01-22,13,0,139,21.57,21.57,0.0,-350.2916,0.0
2019-01-22,13,0,140,0.0,0.0,0.0,0.0,0.0
2019-01-22,13,0,141,84.12,84.12,0.0,1153.333959,0.0
2019-01-22,13,0,142,433.9,433.9,0.0,5949.020506,0.0
2019-01-22,13,0,143,238.5,238.5,0.0,-238500.0,0.0
2019-01-22,13,0,145,100.0,100.0,0.0,-972.578482,0.0
2019-01-22,13,0,146,0.0,0.0,0.0,0.0,0.0
2019-01-22,13,0,152,7.7,7.7,0.0,5.914751,0.0
2019-01-22,13,0,153,9.22,9.22,0.0,5.015386,0.0
2019-01-22,13,0,154,77.29,77.29,0.0,-1255.170967,0.0
2019-01-22,13,0,157,250.0,250.0,0.0,3427.64491,0.0
2019-01-22,13,0,158,195.54,195.54,0.0,2680.966743,0.0
2019-01-22,13,0,159,0.0,0.0,0.0,0.0,0.0
2019-01-22,13,0,160,2.01,2.01,0.0,6.087888,0.0
2019-01-22,13,0,161,64.52,64.52,0.0,1050.802016,0.0
2019-01-22,13,0,162,162.5,162.5,0.0,2680.840964,0.0
2019-01-22,13,0,163,46.68,46.68,0.0,271.791176,0.0
2019-01-22,13,0,164,24.59,24.59,0.0,-24590.0,0.0
2019-01-22,13,0,167,2.38,2.38,0.0,39.08832,0.0
2019-01-22,13,0,168,1.19,1.19,0.0,19.54416,0.0
2019-01-22,13,0,169,0.0,0.0,0.0,0.0,0.0
2019-01-22,13,0,170,2.61,2.61,0.0,42.865763,0.0
2019-01-22,13,0,172,3.39,3.39,0.0,51.022596,0.0
2019-01-22,13,0,173,5.16,5.16,0.0,77.662712,0.0
2019-01-22,13,0,188,5.39,5.39,0.0,87.564122,0.0
2019-01-22,13,0,190,7.82,7.82,0.0,143.281123,0.0
2019-01-22,13,0,191,20.2,20.2,0.0,370.112363,0.0
2019-01-22,13,0,192,102.34,102.34,0.0,1875.113822,0.0
2019-01-22,13,0,194,52.95,52.95,0.0,870.587913,0.0
2019-01-22,13,0,196,6.24,6.24,0.0,130.317477,0.0
2019-01-22,13,0,198,9.04,9.04,0.0,67.8863,0.0
2019-01-22,13,0,199,73.53,73.53,0.0,353.09974,0.0
2019-01-22,13,0,200,11.71,11.71,0.0,56.232802,0.0
2019-01-22,13,0,204,257.1,257.1,0.0,-1121.86074,0.0
2019-01-22,13,0,205,317.4,317.4,0.0,-1261.737093,0.0
2019-01-22,13,0,206,428.85,428.85,0.0,14051.982652,0.0
2019-01-22,13,0,210,2.5,2.5,0.0,10.620936,0.0
2019-01-22,13,0,214,15.43,15.43,0.0,202.228583,0.0
2019-01-22,13,0,217,10.4,10.4,0.0,98.779869,0.0
2019-01-22,13,0,218,14.35,14.35,0.0,136.297223,0.0
2019-01-22,13,0,219,9.78,9.78,0.0,92.891069,0.0
2019-01-22,13,0,221,8.23,8.23,0.0,107.863982,0.0
2019-01-22,13,0,225,8.04,8.04,0.0,26.748775,0.0
2019-01-22,13,0,233,8.58,8.58,0.0,89.262496,0.0
2019-01-22,13,0,236,319.85,319.85,0.0,1067.806344,0.0
2019-01-22,13,0,237,522.0,522.0,0.0,63.641403,0.0
2019-01-22,13,0,238,95.05,95.05,0.0,458.42451,0.0
2019-01-22,13,0,240,11.05,11.05,0.0,-9.723149,0.0
2019-01-22,13,0,245,78.0,78.0,0.0,506.7093,0.0
2019-01-22,13,0,247,171.72,171.72,0.0,1115.540013,0.0
2019-01-22,13,0,248,52.4,52.4,0.0,6.388524,0.0
2019-01-22,13,0,249,150.0,150.0,0.0,974.440962,0.0
2019-01-22,13,0,251,326.4,326.4,0.0,1739.471104,0.0
2019-01-22,13,0,252,267.06,267.06,0.0,1504.208631,0.0
2019-01-22,13,0,254,16.07,16.07,0.0,13.46799,0.0
2019-01-22,13,0,255,7.36,7.36,0.0,6.168289,0.0
2019-01-22,13,0,258,13.87,13.87,0.0,-9.999989,0.0
2019-01-22,13,0,260,4.88,4.88,0.0,14.780545,0.0
2019-01-22,13,0,265,80.02,80.02,0.0,-1299.505509,0.0
2019-01-22,13,0,266,13.96,13.96,0.0,-226.707034,0.0
2019-01-22,13,0,267,17.16,17.16,0.0,-278.674263,0.0
2019-01-22,13,0,270,145.24,145.24,0.0,845.65018,0.0
2019-01-22,13,0,272,134.05,134.05,0.0,2259.280369,0.0
2019-01-22,13,0,273,28.43,28.43,0.0,165.531772,0.0
2019-01-22,13,0,274,187.14,187.14,0.0,1089.610126,0.0
2019-01-22,13,0,275,260.39,260.39,0.0,1516.103349,0.0
2019-01-22,13,0,276,6.62,6.62,0.0,50.204026,0.0
2019-01-22,13,0,277,8.2,8.2,0.0,146.411685,0.0
2019-01-22,13,0,278,13.12,13.12,0.0,234.258696,0.0
2019-01-22,13,0,279,293.9,293.9,0.0,5247.609046,0.0
2019-01-22,13,0,281,56.1,56.1,0.0,-56100.0,0.0
2019-01-22,13,0,282,352.11,352.11,0.0,-352110.0,0.0
2019-01-22,14,0,9,3.39,3.39,0.0,-1330.1922,0.0
2019-01-22,14,0,17,54.55,54.55,0.0,332.233319,0.0
2019-01-22,14,0,19,192.99,192.99,0.0,1175.39337,0.0
2019-01-22,14,0,20,234.06,234.06,0.0,1425.527603,0.0
2019-01-22,14,0,21,77.55,77.55,0.0,-30429.61802,0.0
2019-01-22,14,0,22,275.61,275.61,0.0,-108145.802999,0.0
2019-01-22,14,0,23,42.61,42.61,0.0,-16719.61346,0.0
2019-01-22,14,0,24,73.27,73.27,0.0,-28750.20132,0.0
2019-01-22,14,0,29,9.08,9.08,0.0,42.553811,0.0
2019-01-22,14,0,30,678.18,678.18,0.0,-678180.0,0.0
2019-01-22,14,0,31,125.0,125.0,0.0,-125000.0,0.0
2019-01-22,14,0,32,2.42,2.42,0.0,46.297671,0.0
2019-01-22,14,0,33,3.14,3.14,0.0,31.542763,0.0
2019-01-22,14,0,34,5.02,5.02,0.0,50.428239,0.0
2019-01-22,14,0,35,5.02,5.02,0.0,50.428239,0.0
2019-01-22,14,0,36,10.22,10.22,0.0,4.265214,0.0
2019-01-22,14,0,37,4.59,4.59,0.0,2.01325,0.0
2019-01-22,14,0,38,5.9,5.9,0.0,2.587837,0.0
2019-01-22,14,0,39,3.93,3.93,0.0,1.723763,0.0
2019-01-22,14,0,40,3.93,3.93,0.0,1.723763,0.0
2019-01-22,14,0,41,5.9,5.9,0.0,-81.109056,0.0
2019-01-22,14,0,42,76.41,76.41,0.0,399.863078,0.0
2019-01-22,14,0,43,29.74,29.74,0.0,38.610005,0.0
2019-01-22,14,0,46,27.54,27.54,0.0,-11.207471,0.0
2019-01-22,14,0,52,132.5,132.5,0.0,-132500.0,0.0
2019-01-22,14,0,53,210.5,210.5,0.0,-210500.0,0.0
2019-01-22,14,0,55,623.0,623.0,0.0,-244457.150569,0.0
2019-01-22,14,0,56,200.04,200.04,0.0,-200040.0,0.0
2019-01-22,14,0,57,190.28,190.28,0.0,-190280.0,0.0
2019-01-22,14,0,58,365.92,365.92,0.0,-365920.0,0.0
2019-01-22,14,0,59,359.82,359.82,0.0,-359820.0,0.0
2019-01-22,14,0,63,13.43,13.43,0.0,265.423595,0.0
2019-01-22,14,0,64,15.8,15.8,0.0,312.263053,0.0
2019-01-22,14,0,65,41.4,41.4,0.0,245.550882,0.0
2019-01-22,14,0,67,345.64,345.64,0.0,7933.680591,0.0
2019-01-22,14,0,68,6.37,6.37,0.0,150.562299,0.0
2019-01-22,14,0,69,3.14,3.14,0.0,31.542763,0.0
2019-01-22,14,0,74,217.6,217.6,0.0,246.28454,0.0
2019-01-22,14,0,77,43.36,43.36,0.0,1083.85924,0.0
2019-01-22,14,0,78,32.78,32.78,0.0,819.393586,0.0
2019-01-22,14,0,79,18.97,18.97,0.0,474.188417,0.0
2019-01-22,14,0,80,30.68,30.68,0.0,766.900403,0.0
2019-01-22,14,0,81,40.11,40.11,0.0,1002.61979,0.0
2019-01-22,14,0,82,28.29,28.29,0.0,707.158162,0.0
2019-01-22,14,0,83,63.09,63.09,0.0,1577.04519,0.0
2019-01-22,14,0,84,0.0,0.0,0.0,0.0,0.0
2019-01-22,14,0,86,15.91,15.91,0.0,159.823363,0.0
2019-01-22,14,0,87,81.24,81.24,0.0,816.093655,0.0
2019-01-22,14,0,88,34.37,34.37,0.0,859.138424,0.0
2019-01-22,14,0,89,33.04,33.04,0.0,825.892742,0.0
2019-01-22,14,0,90,44.36,44.36,0.0,1108.855994,0.0
2019-01-22,14,0,91,158.23,158.23,0.0,3955.236336,0.0
2019-01-22,14,0,92,56.91,56.91,0.0,1422.565252,0.0
2019-01-22,14,0,95,120.0,120.0,0.0,2292.112813,0.0
2019-01-22,14,0,96,31.39,31.39,0.0,1147.340434,0.0
2019-01-22,14,0,97,210.51,210.51,0.0,7694.381486,0.0
2019-01-22,14,0,99,42.0,42.0,0.0,47.536538,0.0
2019-01-22,14,0,101,13.66,13.66,0.0,-13660.0,0.0
2019-01-22,14,0,102,15.05,15.05,0.0,355.724112,0.0
2019-01-22,14,0,103,13.09,13.09,0.0,309.397251,0.0
2019-01-22,14,0,104,2.45,2.45,0.0,57.908576,0.0
2019-01-22,14,0,106,271.31,271.31,0.0,-106458.538557,0.0
2019-01-22,14,0,109,60.0,60.0,0.0,-126.866438,0.0
2019-01-22,14,0,110,0.0,0.0,0.0,0.0,0.0
2019-01-22,14,0,111,20.22,20.22,0.0,-277.970359,0.0
2019-01-22,14,0,113,17.08,17.08,0.0,384.8725,0.0
2019-01-22,14,0,115,17.08,17.08,0.0,384.8725,0.0
2019-01-22,14,0,116,122.8,122.8,0.0,2562.023514,0.0
2019-01-22,14,0,117,1.14,1.14,0.0,25.688211,0.0
2019-01-22,14,0,119,15.8,15.8,0.0,312.263053,0.0
2019-01-22,14,0,120,9.29,9.29,0.0,183.602769,0.0
2019-01-22,14,0,123,4.52,4.52,0.0,-1773.5896,0.0
2019-01-22,14,0,125,66.79,66.79,0.0,-26207.533044,0.0
2019-01-22,14,0,126,203.48,203.48,0.0,-79842.92295,0.0
2019-01-22,14,0,127,261.14,261.14,0.0,-102467.961958,0.0
2019-01-22,14,0,128,92.7,92.7,0.0,-36374.282276,0.0
2019-01-22,14,0,131,16.83,16.83,0.0,400.864412,0.0
2019-01-22,14,0,132,24.74,24.74,0.0,589.268304,0.0
2019-01-22,14,0,133,41.94,41.94,0.0,256.062195,0.0
2019-01-22,14,0,134,0.0,0.0,0.0,0.0,0.0
2019-01-22,14,0,135,56.2,56.2,0.0,343.125783,0.0
2019-01-22,14,0,136,0.0,0.0,0.0,0.0,0.0
2019-01-22,14,0,139,7.62,7.62,0.0,-104.754408,0.0
2019-01-22,14,0,140,0.0,0.0,0.0,0.0,0.0
2019-01-22,14,0,141,100.71,100.71,0.0,2311.656557,0.0
2019-01-22,14,0,142,455.82,455.82,0.0,10462.707693,0.0
2019-01-22,14,0,143,238.5,238.5,0.0,-238500.0,0.0
2019-01-22,14,0,145,38.6,38.6,0.0,-261.479889,0.0
2019-01-22,14,0,146,0.0,0.0,0.0,0.0,0.0
2019-01-22,14,0,152,8.26,8.26,0.0,14.583777,0.0
2019-01-22,14,0,153,9.8,9.8,0.0,15.426882,0.0
2019-01-22,14,0,154,83.42,83.42,0.0,-1146.799571,0.0
2019-01-22,14,0,157,250.0,250.0,0.0,5738.398761,0.0
2019-01-22,14,0,158,210.76,210.76,0.0,4837.699692,0.0
2019-01-22,14,0,159,0.0,0.0,0.0,0.0,0.0
2019-01-22,14,0,160,2.09,2.09,0.0,7.973392,0.0
2019-01-22,14,0,161,66.63,66.63,0.0,1574.876915,0.0
2019-01-22,14,0,162,162.5,162.5,0.0,3105.723685,0.0
2019-01-22,14,0,163,81.31,81.31,0.0,1696.401726,0.0
2019-01-22,14,0,164,26.65,26.65,0.0,-26650.0,0.0
2019-01-22,14,0,167,2.4,2.4,0.0,45.809532,0.0
2019-01-22,14,0,168,1.2,1.2,0.0,22.904766,0.0
2019-01-22,14,0,169,0.0,0.0,0.0,0.0,0.0
2019-01-22,14,0,170,2.62,2.62,0.0,50.008739,0.0
2019-01-22,14,0,172,3.45,3.45,0.0,61.869958,0.0
2019-01-22,14,0,173,5.26,5.26,0.0,94.32927,0.0
2019-01-22,14,0,188,5.43,5.43,0.0,102.623643,0.0
2019-01-22,14,0,190,8.0,8.0,0.0,158.107875,0.0
2019-01-22,14,0,191,20.67,20.67,0.0,408.511221,0.0
2019-01-22,14,0,192,218.37,218.37,0.0,4315.752075,0.0
2019-01-22,14,0,194,34.96,34.96,0.0,725.188005,0.0
2019-01-22,14,0,196,6.37,6.37,0.0,129.635451,0.0
2019-01-22,14,0,198,9.31,9.31,0.0,71.540622,0.0
2019-01-22,14,0,199,130.0,130.0,0.0,1300.062877,0.0
2019-01-22,14,0,200,12.03,12.03,0.0,120.305818,0.0
2019-01-22,14,0,204,257.1,257.1,0.0,-621.712189,0.0
2019-01-22,14,0,205,317.4,317.4,0.0,-671.123459,0.0
2019-01-22,14,0,206,745.19,745.19,0.0,27237.547574,0.0
2019-01-22,14,0,210,2.53,2.53,0.0,13.837374,0.0
2019-01-22,14,0,214,15.6,15.6,0.0,193.039773,0.0
2019-01-22,14,0,217,10.55,10.55,0.0,100.63251,0.0
2019-01-22,14,0,218,14.55,14.55,0.0,138.787016,0.0
2019-01-22,14,0,219,9.91,9.91,0.0,94.527789,0.0
2019-01-22,14,0,221,8.32,8.32,0.0,102.954546,0.0
2019-01-22,14,0,225,8.27,8.27,0.0,38.132542,0.0
2019-01-22,14,0,233,9.0,9.0,0.0,90.409194,0.0
2019-01-22,14,0,236,159.05,159.05,0.0,629.880535,0.0
2019-01-22,14,0,237,522.0,522.0,0.0,590.811259,0.0
2019-01-22,14,0,238,99.45,99.45,0.0,520.434276,0.0
2019-01-22,14,0,240,11.58,11.58,0.0,4.832796,0.0
2019-01-22,14,0,245,78.0,78.0,0.0,520.733259,0.0
2019-01-22,14,0,247,171.72,171.72,0.0,1146.414298,0.0
2019-01-22,14,0,248,52.4,52.4,0.0,59.30749,0.0
2019-01-22,14,0,249,150.0,150.0,0.0,1001.410113,0.0
2019-01-22,14,0,251,326.4,326.4,0.0,1850.593,0.0
2019-01-22,14,0,252,267.06,267.06,0.0,1583.981125,0.0
2019-01-22,14,0,254,16.48,16.48,0.0,31.803072,0.0
2019-01-22,14,0,255,7.55,7.55,0.0,14.569975,0.0
2019-01-22,14,0,258,14.48,14.48,0.0,8.103216,0.0
2019-01-22,14,0,260,5.07,5.07,0.0,19.342152,0.0
2019-01-22,14,0,265,86.37,86.37,0.0,-1187.354099,0.0
2019-01-22,14,0,266,4.93,4.93,0.0,-67.774177,0.0
2019-01-22,14,0,267,6.06,6.06,0.0,-83.308624,0.0
2019-01-22,14,0,270,282.66,282.66,0.0,5897.244027,0.0
2019-01-22,14,0,272,57.09,57.09,0.0,1286.438584,0.0
2019-01-22,14,0,273,29.37,29.37,0.0,612.757578,0.0
2019-01-22,14,0,274,377.04,377.04,0.0,7866.330177,0.0
2019-01-22,14,0,275,548.36,548.36,0.0,11440.645067,0.0
2019-01-22,14,0,276,6.78,6.78,0.0,144.617968,0.0
2019-01-22,14,0,277,8.52,8.52,0.0,200.399511,0.0
2019-01-22,14,0,278,13.63,13.63,0.0,320.592176,0.0
2019-01-22,14,0,279,81.69,81.69,0.0,1921.436157,0.0
2019-01-22,14,0,281,56.1,56.1,0.0,-56100.0,0.0
2019-01-22,14,0,282,372.02,372.02,0.0,-372020.0,0.0
2019-01-22,15,0,9,3.23,3.23,0.0,-1628.187794,0.0
2019-01-22,15,0,17,52.35,52.35,0.0,-1812.433536,0.0
2019-01-22,15,0,19,192.99,192.99,0.0,-6681.595952,0.0
2019-01-22,15,0,20,234.06,234.06,0.0,-8103.499396,0.0
2019-01-22,15,0,21,73.83,73.83,0.0,-37216.441132,0.0
2019-01-22,15,0,22,262.37,262.37,0.0,-132256.232693,0.0
2019-01-22,15,0,23,32.64,32.64,0.0,-16453.266132,0.0
2019-01-22,15,0,24,57.75,57.75,0.0,-29110.787964,0.0
2019-01-22,15,0,29,8.29,8.29,0.0,27.994368,0.0
2019-01-22,15,0,30,642.2,642.2,0.0,-642200.0,0.0
2019-01-22,15,0,31,125.0,125.0,0.0,-125000.0,0.0
2019-01-22,15,0,32,2.22,2.22,0.0,101.074948,0.0
2019-01-22,15,0,33,2.96,2.96,0.0,-15.665311,0.0
2019-01-22,15,0,34,4.74,4.74,0.0,-25.085667,0.0
2019-01-22,15,0,35,4.74,4.74,0.0,-25.085667,0.0
2019-01-22,15,0,36,9.74,9.74,0.0,-775.085349,0.0
2019-01-22,15,0,37,4.36,4.36,0.0,-349.150933,0.0
2019-01-22,15,0,38,5.61,5.61,0.0,-449.251544,0.0
2019-01-22,15,0,39,3.74,3.74,0.0,-299.50103,0.0
2019-01-22,15,0,40,3.74,3.74,0.0,-299.50103,0.0
2019-01-22,15,0,41,2.21,2.21,0.0,-327.618316,0.0
2019-01-22,15,0,42,73.24,73.24,0.0,-3001.301126,0.0
2019-01-22,15,0,43,28.12,28.12,0.0,-2037.729158,0.0
2019-01-22,15,0,46,25.98,25.98,0.0,-2350.698999,0.0
2019-01-22,15,0,52,132.5,132.5,0.0,-132500.0,0.0
2019-01-22,15,0,53,210.5,210.5,0.0,-210500.0,0.0
2019-01-22,15,0,55,623.0,623.0,0.0,-314043.651972,0.0
2019-01-22,15,0,56,189.43,189.43,0.0,-189430.0,0.0
2019-01-22,15,0,57,180.19,180.19,0.0,-180190.0,0.0
2019-01-22,15,0,58,346.51,346.51,0.0,-346510.0,0.0
2019-01-22,15,0,59,340.74,340.74,0.0,-340740.0,0.0
2019-01-22,15,0,63,14.59,14.59,0.0,1736.152436,0.0
2019-01-22,15,0,64,17.16,17.16,0.0,2041.972296,0.0
2019-01-22,15,0,65,41.4,41.4,0.0,-1482.22138,0.0
2019-01-22,15,0,67,328.8,328.8,0.0,-176099.808942,0.0
2019-01-22,15,0,68,20.56,20.56,0.0,-7893.561692,0.0
2019-01-22,15,0,69,2.96,2.96,0.0,-15.665311,0.0
2019-01-22,15,0,74,211.35,211.35,0.0,-14678.40641,0.0
2019-01-22,15,0,77,47.26,47.26,0.0,-11870.510408,0.0
2019-01-22,15,0,78,35.73,35.73,0.0,-8974.46756,0.0
2019-01-22,15,0,79,20.68,20.68,0.0,-5194.290208,0.0
2019-01-22,15,0,80,33.44,33.44,0.0,-8399.277784,0.0
2019-01-22,15,0,81,43.72,43.72,0.0,-10981.352413,0.0
2019-01-22,15,0,82,30.84,30.84,0.0,-7746.223889,0.0
2019-01-22,15,0,83,68.76,68.76,0.0,-17270.763768,0.0
2019-01-22,15,0,84,0.0,0.0,0.0,-0.0,0.0
2019-01-22,15,0,86,15.0,15.0,0.0,-79.385021,0.0
2019-01-22,15,0,87,76.56,76.56,0.0,-405.181146,0.0
2019-01-22,15,0,88,37.58,37.58,0.0,-9439.140523,0.0
2019-01-22,15,0,89,36.13,36.13,0.0,-9074.93739,0.0
2019-01-22,15,0,90,48.51,48.51,0.0,-12184.478627,0.0
2019-01-22,15,0,91,173.05,173.05,0.0,-43465.760181,0.0
2019-01-22,15,0,92,62.24,62.24,0.0,-15633.10554,0.0
2019-01-22,15,0,95,120.0,120.0,0.0,2333.493576,0.0
2019-01-22,15,0,96,29.88,29.88,0.0,-4675.905102,0.0
2019-01-22,15,0,97,183.75,183.75,0.0,-28754.938504,0.0
2019-01-22,15,0,99,40.79,40.79,0.0,-2832.894239,0.0
2019-01-22,15,0,101,12.94,12.94,0.0,-12940.0,0.0
2019-01-22,15,0,102,48.68,48.68,0.0,-18689.619803,0.0
2019-01-22,15,0,103,42.33,42.33,0.0,-16251.676382,0.0
2019-01-22,15,0,104,7.86,7.86,0.0,-3017.674849,0.0
2019-01-22,15,0,106,258.28,258.28,0.0,-130194.533598,0.0
2019-01-22,15,0,109,44.6,44.6,0.0,-4809.751698,0.0
2019-01-22,15,0,110,0.0,0.0,0.0,-0.0,0.0
2019-01-22,15,0,111,19.49,19.49,0.0,-2889.267413,0.0
2019-01-22,15,0,113,24.44,24.44,0.0,-5905.266678,0.0
2019-01-22,15,0,115,24.44,24.44,0.0,-5905.266678,0.0
2019-01-22,15,0,116,115.84,115.84,0.0,-115840.0,0.0
2019-01-22,15,0,117,1.63,1.63,0.0,-393.845527,0.0
2019-01-22,15,0,119,17.16,17.16,0.0,2041.972296,0.0
2019-01-22,15,0,120,10.09,10.09,0.0,1200.67019,0.0
2019-01-22,15,0,123,4.3,4.3,0.0,-2167.556506,0.0
2019-01-22,15,0,125,52.26,52.26,0.0,-26343.372796,0.0
2019-01-22,15,0,126,193.71,193.71,0.0,-97645.900198,0.0
2019-01-22,15,0,127,248.59,248.59,0.0,-125309.970215,0.0
2019-01-22,15,0,128,74.85,74.85,0.0,-37730.605698,0.0
2019-01-22,15,0,131,43.6,43.6,0.0,-14973.358264,0.0
2019-01-22,15,0,132,64.16,64.16,0.0,-22034.189592,0.0
2019-01-22,15,0,133,41.94,41.94,0.0,-1447.357581,0.0
2019-01-22,15,0,134,0.0,0.0,0.0,-0.0,0.0
2019-01-22,15,0,135,56.2,56.2,0.0,-1939.472963,0.0
2019-01-22,15,0,136,0.0,0.0,0.0,-0.0,0.0
2019-01-22,15,0,139,2.87,2.87,0.0,-425.45908,0.0
2019-01-22,15,0,140,0.0,0.0,0.0,-0.0,0.0
2019-01-22,15,0,141,230.0,230.0,0.0,-123184.172922,0.0
2019-01-22,15,0,142,433.61,433.61,0.0,-232234.30096,0.0
2019-01-22,15,0,143,238.5,238.5,0.0,-238500.0,0.0
2019-01-22,15,0,145,18.45,18.45,0.0,-2978.523962,0.0
2019-01-22,15,0,146,0.0,0.0,0.0,-0.0,0.0
2019-01-22,15,0,152,7.76,7.76,0.0,-526.792542,0.0
2019-01-22,15,0,153,9.27,9.27,0.0,-643.180854,0.0
2019-01-22,15,0,154,80.42,80.42,0.0,-11921.748865,0.0
2019-01-22,15,0,157,250.0,250.0,0.0,-133895.840133,0.0
2019-01-22,15,0,158,201.43,201.43,0.0,-107882.556312,0.0
2019-01-22,15,0,159,0.0,0.0,0.0,-0.0,0.0
2019-01-22,15,0,160,1.98,1.98,0.0,-96.692411,0.0
2019-01-22,15,0,161,62.48,62.48,0.0,-23987.827553,0.0
2019-01-22,15,0,162,153.18,153.18,0.0,3110.90076,0.0
2019-01-22,15,0,163,142.89,142.89,0.0,-142890.0,0.0
2019-01-22,15,0,164,25.22,25.22,0.0,-25220.0,0.0
2019-01-22,15,0,167,2.21,2.21,0.0,35.692731,0.0
2019-01-22,15,0,168,1.1,1.1,0.0,17.765613,0.0
2019-01-22,15,0,169,0.0,0.0,0.0,0.0,0.0
2019-01-22,15,0,170,2.42,2.42,0.0,39.084349,0.0
2019-01-22,15,0,172,3.23,3.23,0.0,34.510908,0.0
2019-01-22,15,0,173,4.92,4.92,0.0,52.567699,0.0
2019-01-22,15,0,188,4.97,4.97,0.0,119.473999,0.0
2019-01-22,15,0,190,7.66,7.66,0.0,248.395088,0.0
2019-01-22,15,0,191,19.78,19.78,0.0,641.41708,0.0
2019-01-22,15,0,192,332.6,332.6,0.0,10785.405497,0.0
2019-01-22,15,0,194,17.42,17.42,0.0,-2087.360283,0.0
2019-01-22,15,0,196,6.06,6.06,0.0,1684.01186,0.0
2019-01-22,15,0,198,8.78,8.78,0.0,-87.258246,0.0
2019-01-22,15,0,199,130.0,130.0,0.0,-18141.951818,0.0
2019-01-22,15,0,200,11.07,11.07,0.0,-1544.856974,0.0
2019-01-22,15,0,204,231.32,231.32,0.0,-25845.339966,0.0
2019-01-22,15,0,205,235.96,235.96,0.0,-25446.390372,0.0
2019-01-22,15,0,206,539.94,539.94,0.0,-84494.919704,0.0
2019-01-22,15,0,210,2.35,2.35,0.0,13.788198,0.0
2019-01-22,15,0,214,14.39,14.39,0.0,173.370384,0.0
2019-01-22,15,0,217,9.72,9.72,0.0,116.471782,0.0
2019-01-22,15,0,218,13.41,13.41,0.0,160.687922,0.0
2019-01-22,15,0,219,9.14,9.14,0.0,109.52182,0.0
2019-01-22,15,0,221,7.67,7.67,0.0,92.407981,0.0
2019-01-22,15,0,225,7.58,7.58,0.0,23.773724,0.0
2019-01-22,15,0,233,8.49,8.49,0.0,-44.931922,0.0
2019-01-22,15,0,236,179.56,179.56,0.0,-9106.806964,0.0
2019-01-22,15,0,237,507.0,507.0,0.0,-35211.507216,0.0
2019-01-22,15,0,238,95.32,95.32,0.0,-3906.117194,0.0
2019-01-22,15,0,240,11.04,11.04,0.0,-878.536165,0.0
2019-01-22,15,0,245,78.0,78.0,0.0,-2361.732913,0.0
2019-01-22,15,0,247,171.72,171.72,0.0,-5199.445843,0.0
2019-01-22,15,0,248,50.89,50.89,0.0,-3534.346355,0.0
2019-01-22,15,0,249,150.0,150.0,0.0,-4541.794063,0.0
2019-01-22,15,0,251,326.4,326.4,0.0,-12318.803712,0.0
2019-01-22,15,0,252,267.06,267.06,0.0,-9561.401976,0.0
2019-01-22,15,0,254,15.64,15.64,0.0,-1040.617397,0.0
2019-01-22,15,0,255,7.17,7.17,0.0,-477.060533,0.0
2019-01-22,15,0,258,13.81,13.81,0.0,-1083.103011,0.0
2019-01-22,15,0,260,4.81,4.81,0.0,-234.894191,0.0
2019-01-22,15,0,265,83.26,83.26,0.0,-12342.760638,0.0
2019-01-22,15,0,266,1.84,1.84,0.0,-272.768191,0.0
2019-01-22,15,0,267,2.27,2.27,0.0,-336.512931,0.0
2019-01-22,15,0,270,466.38,466.38,0.0,-466380.0,0.0
2019-01-22,15,0,272,81.67,81.67,0.0,-19733.352274,0.0
2019-01-22,15,0,273,27.7,27.7,0.0,-27700.0,0.0
2019-01-22,15,0,274,614.3,614.3,0.0,-614300.0,0.0
2019-01-22,15,0,275,881.73,881.73,0.0,-881730.0,0.0
2019-01-22,15,0,276,6.36,6.36,0.0,-5700.503408,0.0
2019-01-22,15,0,277,7.99,7.99,0.0,-1961.164629,0.0
2019-01-22,15,0,278,12.79,12.79,0.0,-3139.336122,0.0
2019-01-22,15,0,279,146.85,146.85,0.0,-36044.684085,0.0
2019-01-22,15,0,281,56.1,56.1,0.0,-56100.0,0.0
2019-01-22,15,0,282,352.29,352.29,0.0,-352290.0,0.0
2019-01-22,16,0,9,2.61,2.61,0.0,-1024.301409,0.0
2019-01-22,16,0,17,43.81,43.81,0.0,334.359015,0.0
2019-01-22,16,0,19,332.0,332.0,0.0,2533.832298,0.0
2019-01-22,16,0,20,419.03,419.03,0.0,3198.047433,0.0
2019-01-22,16,0,21,59.78,59.78,0.0,-23460.819239,0.0
2019-01-22,16,0,22,212.47,212.47,0.0,-83384.413912,0.0
2019-01-22,16,0,23,32.64,32.64,0.0,-12809.654399,0.0
2019-01-22,16,0,24,57.75,57.75,0.0,-22664.140365,0.0
2019-01-22,16,0,29,6.68,6.68,0.0,22.927116,0.0
2019-01-22,16,0,30,553.08,553.08,0.0,-553080.0,0.0
2019-01-22,16,0,31,125.0,125.0,0.0,-125000.0,0.0
2019-01-22,16,0,32,2.65,2.65,0.0,47.241054,0.0
2019-01-22,16,0,33,2.46,2.46,0.0,29.499177,0.0
2019-01-22,16,0,34,3.94,3.94,0.0,47.24665,0.0
2019-01-22,16,0,35,3.94,3.94,0.0,47.24665,0.0
2019-01-22,16,0,36,8.9,8.9,0.0,10.765212,0.0
2019-01-22,16,0,37,4.25,4.25,0.0,5.11147,0.0
2019-01-22,16,0,38,5.46,5.46,0.0,6.566736,0.0
2019-01-22,16,0,39,3.64,3.64,0.0,4.377824,0.0
2019-01-22,16,0,40,3.64,3.64,0.0,4.377824,0.0
2019-01-22,16,0,41,0.0,0.0,0.0,-0.0,0.0
2019-01-22,16,0,42,62.55,62.55,0.0,418.274098,0.0
2019-01-22,16,0,43,26.96,26.96,0.0,55.333851,0.0
2019-01-22,16,0,46,23.13,23.13,0.0,5.76854,0.0
2019-01-22,16,0,52,132.5,132.5,0.0,-132500.0,0.0
2019-01-22,16,0,53,210.5,210.5,0.0,-210500.0,0.0
2019-01-22,16,0,55,623.0,623.0,0.0,-244497.999092,0.0
2019-01-22,16,0,56,163.14,163.14,0.0,-163140.0,0.0
2019-01-22,16,0,57,155.18,155.18,0.0,-155180.0,0.0
2019-01-22,16,0,58,298.42,298.42,0.0,-298420.0,0.0
2019-01-22,16,0,59,293.45,293.45,0.0,-293450.0,0.0
2019-01-22,16,0,63,51.0,51.0,0.0,943.575493,0.0
2019-01-22,16,0,64,60.0,60.0,0.0,1110.088816,0.0
2019-01-22,16,0,65,0.0,0.0,0.0,0.0,0.0
2019-01-22,16,0,67,181.97,181.97,0.0,3986.198367,0.0
2019-01-22,16,0,68,34.0,34.0,0.0,769.562477,0.0
2019-01-22,16,0,69,2.46,2.46,0.0,29.499177,0.0
2019-01-22,16,0,74,89.38,89.38,0.0,197.955554,0.0
2019-01-22,16,0,77,60.0,60.0,0.0,1445.169108,0.0
2019-01-22,16,0,78,45.36,45.36,0.0,1092.547845,0.0
2019-01-22,16,0,79,26.25,26.25,0.0,632.261485,0.0
2019-01-22,16,0,80,42.45,42.45,0.0,1022.457144,0.0
2019-01-22,16,0,81,55.5,55.5,0.0,1336.781425,0.0
2019-01-22,16,0,82,39.15,39.15,0.0,942.972843,0.0
2019-01-22,16,0,83,87.3,87.3,0.0,2102.721052,0.0
2019-01-22,16,0,84,0.0,0.0,0.0,0.0,0.0
2019-01-22,16,0,86,12.49,12.49,0.0,149.774279,0.0
2019-01-22,16,0,87,63.74,63.74,0.0,764.340474,0.0
2019-01-22,16,0,88,51.18,51.18,0.0,1232.729249,0.0
2019-01-22,16,0,89,49.2,49.2,0.0,1185.038668,0.0
2019-01-22,16,0,90,66.06,66.06,0.0,1591.131188,0.0
2019-01-22,16,0,91,235.65,235.65,0.0,5675.901671,0.0
2019-01-22,16,0,92,84.75,84.75,0.0,2041.301365,0.0
2019-01-22,16,0,95,120.0,120.0,0.0,2135.333723,0.0
2019-01-22,16,0,96,29.88,29.88,0.0,1088.121855,0.0
2019-01-22,16,0,97,183.75,183.75,0.0,6691.51241,0.0
2019-01-22,16,0,99,19.6,19.6,0.0,43.409363,0.0
2019-01-22,16,0,101,11.14,11.14,0.0,-11140.0,0.0
2019-01-22,16,0,102,80.5,80.5,0.0,1822.052336,0.0
2019-01-22,16,0,103,70.0,70.0,0.0,1584.393335,0.0
2019-01-22,16,0,104,13.0,13.0,0.0,294.244477,0.0
2019-01-22,16,0,106,209.15,209.15,0.0,-82081.471124,0.0
2019-01-22,16,0,109,20.38,20.38,0.0,-31.15415,0.0
2019-01-22,16,0,110,0.0,0.0,0.0,0.0,0.0
2019-01-22,16,0,111,17.18,17.18,0.0,-230.190453,0.0
2019-01-22,16,0,113,45.0,45.0,0.0,965.588229,0.0
2019-01-22,16,0,115,45.0,45.0,0.0,965.588229,0.0
2019-01-22,16,0,116,88.91,88.91,0.0,1749.325174,0.0
2019-01-22,16,0,117,3.0,3.0,0.0,64.372549,0.0
2019-01-22,16,0,119,60.0,60.0,0.0,1110.088816,0.0
2019-01-22,16,0,120,35.28,35.28,0.0,652.732224,0.0
2019-01-22,16,0,123,3.49,3.49,0.0,-1369.659738,0.0
2019-01-22,16,0,125,52.26,52.26,0.0,-20509.575333,0.0
2019-01-22,16,0,126,156.87,156.87,0.0,-61564.046738,0.0
2019-01-22,16,0,127,201.31,201.31,0.0,-79004.642371,0.0
2019-01-22,16,0,128,74.85,74.85,0.0,-29375.080629,0.0
2019-01-22,16,0,131,30.0,30.0,0.0,684.861638,0.0
2019-01-22,16,0,132,44.1,44.1,0.0,1006.746608,0.0
2019-01-22,16,0,133,50.5,50.5,0.0,386.252473,0.0
2019-01-22,16,0,134,0.0,0.0,0.0,0.0,0.0
2019-01-22,16,0,135,64.2,64.2,0.0,491.037797,0.0
2019-01-22,16,0,136,45.9,45.9,0.0,341.810185,0.0
2019-01-22,16,0,139,0.0,0.0,0.0,-0.0,0.0
2019-01-22,16,0,140,0.0,0.0,0.0,0.0,0.0
2019-01-22,16,0,141,230.0,230.0,0.0,5038.333926,0.0
2019-01-22,16,0,142,239.98,239.98,0.0,5256.953807,0.0
2019-01-22,16,0,143,238.5,238.5,0.0,-238500.0,0.0
2019-01-22,16,0,145,25.69,25.69,0.0,-170.373534,0.0
2019-01-22,16,0,146,0.0,0.0,0.0,0.0,0.0
2019-01-22,16,0,152,6.94,6.94,0.0,19.675675,0.0
2019-01-22,16,0,153,8.57,8.57,0.0,22.472012,0.0
2019-01-22,16,0,154,70.87,70.87,0.0,-949.569114,0.0
2019-01-22,16,0,157,250.0,250.0,0.0,5476.449919,0.0
2019-01-22,16,0,158,213.45,213.45,0.0,4675.792941,0.0
2019-01-22,16,0,159,0.0,0.0,0.0,0.0,0.0
2019-01-22,16,0,160,2.06,2.06,0.0,9.464029,0.0
2019-01-22,16,0,161,49.62,49.62,0.0,1123.108533,0.0
2019-01-22,16,0,162,127.89,127.89,0.0,2277.261234,0.0
2019-01-22,16,0,163,146.36,146.36,0.0,2879.667444,0.0
2019-01-22,16,0,164,20.32,20.32,0.0,-20320.0,0.0
2019-01-22,16,0,167,3.06,3.06,0.0,54.406485,0.0
2019-01-22,16,0,168,1.53,1.53,0.0,27.203242,0.0
2019-01-22,16,0,169,0.0,0.0,0.0,0.0,0.0
2019-01-22,16,0,170,3.35,3.35,0.0,59.562655,0.0
2019-01-22,16,0,172,4.08,4.08,0.0,67.517577,0.0
2019-01-22,16,0,173,6.21,6.21,0.0,102.765724,0.0
2019-01-22,16,0,188,5.44,5.44,0.0,95.631692,0.0
2019-01-22,16,0,190,6.29,6.29,0.0,116.374311,0.0
2019-01-22,16,0,191,16.25,16.25,0.0,300.649054,0.0
2019-01-22,16,0,192,332.6,332.6,0.0,6153.592335,0.0
2019-01-22,16,0,194,24.09,24.09,0.0,470.891003,0.0
2019-01-22,16,0,196,4.21,4.21,0.0,80.530464,0.0
2019-01-22,16,0,198,9.03,9.03,0.0,75.241303,0.0
2019-01-22,16,0,199,130.0,130.0,0.0,1050.779107,0.0
2019-01-22,16,0,200,12.48,12.48,0.0,100.874794,0.0
2019-01-22,16,0,204,112.97,112.97,0.0,-212.07003,0.0
2019-01-22,16,0,205,107.83,107.83,0.0,-164.83572,0.0
2019-01-22,16,0,206,539.94,539.94,0.0,19662.667814,0.0
2019-01-22,16,0,210,2.03,2.03,0.0,8.811802,0.0
2019-01-22,16,0,214,11.67,11.67,0.0,169.919162,0.0
2019-01-22,16,0,217,7.84,7.84,0.0,80.789631,0.0
2019-01-22,16,0,218,10.82,10.82,0.0,111.497934,0.0
2019-01-22,16,0,219,7.37,7.37,0.0,75.946375,0.0
2019-01-22,16,0,221,6.22,6.22,0.0,90.565312,0.0
2019-01-22,16,0,225,6.13,6.13,0.0,20.501528,0.0
2019-01-22,16,0,233,7.06,7.06,0.0,84.660241,0.0
2019-01-22,16,0,236,159.03,159.03,0.0,839.127145,0.0
2019-01-22,16,0,237,204.41,204.41,0.0,452.71979,0.0
2019-01-22,16,0,238,81.42,81.42,0.0,544.458466,0.0
2019-01-22,16,0,240,10.08,10.08,0.0,12.19251,0.0
2019-01-22,16,0,245,78.0,78.0,0.0,645.648766,0.0
2019-01-22,16,0,247,171.72,171.72,0.0,1421.42059,0.0
2019-01-22,16,0,248,24.07,24.07,0.0,53.309355,0.0
2019-01-22,16,0,249,150.0,150.0,0.0,1241.632242,0.0
2019-01-22,16,0,251,326.4,326.4,0.0,2339.72314,0.0
2019-01-22,16,0,252,0.0,0.0,0.0,0.0,0.0
2019-01-22,16,0,254,14.84,14.84,0.0,39.923409,0.0
2019-01-22,16,0,255,6.8,6.8,0.0,18.293745,0.0
2019-01-22,16,0,258,12.32,12.32,0.0,16.579079,0.0
2019-01-22,16,0,260,5.0,5.0,0.0,22.970943,0.0
2019-01-22,16,0,265,73.38,73.38,0.0,-983.199965,0.0
2019-01-22,16,0,266,0.0,0.0,0.0,-0.0,0.0
2019-01-22,16,0,267,0.0,0.0,0.0,-0.0,0.0
2019-01-22,16,0,270,395.58,395.58,0.0,7783.129595,0.0
2019-01-22,16,0,272,150.39,150.39,0.0,3226.99586,0.0
2019-01-22,16,0,273,21.26,21.26,0.0,418.295503,0.0
2019-01-22,16,0,274,493.67,493.67,0.0,9713.07343,0.0
2019-01-22,16,0,275,661.83,661.83,0.0,13021.661004,0.0
2019-01-22,16,0,276,5.38,5.38,0.0,108.53221,0.0
2019-01-22,16,0,277,6.9,6.9,0.0,155.328513,0.0
2019-01-22,16,0,278,11.05,11.05,0.0,248.750734,0.0
2019-01-22,16,0,279,604.22,604.22,0.0,13601.825193,0.0
2019-01-22,16,0,281,56.1,56.1,0.0,-56100.0,0.0
2019-01-22,16,0,282,303.4,303.4,0.0,-303400.0,0.0
2019-01-22,17,0,9,1.84,1.84,0.0,-17.482164,0.0
2019-01-22,17,0,17,30.75,30.75,0.0,214.54566,0.0
2019-01-22,17,0,19,284.63,284.63,0.0,1985.890448,0.0
2019-01-22,17,0,20,342.76,342.76,0.0,2391.468959,0.0
2019-01-22,17,0,21,41.98,41.98,0.0,-398.859372,0.0
2019-01-22,17,0,22,149.19,149.19,0.0,-1417.48046,0.0
2019-01-22,17,0,23,47.2,47.2,0.0,-448.455511,0.0
2019-01-22,17,0,24,83.96,83.96,0.0,-797.718744,0.0
2019-01-22,17,0,29,4.6,4.6,0.0,23.189936,0.0
2019-01-22,17,0,30,392.0,392.0,0.0,-3763.374082,0.0
2019-01-22,17,0,31,125.0,125.0,0.0,-1200.055511,0.0
2019-01-22,17,0,32,1.84,1.84,0.0,91.907401,0.0
2019-01-22,17,0,33,1.73,1.73,0.0,17.560097,0.0
2019-01-22,17,0,34,2.76,2.76,0.0,28.014952,0.0
2019-01-22,17,0,35,2.76,2.76,0.0,28.014952,0.0
2019-01-22,17,0,36,6.37,6.37,0.0,11.705776,0.0
2019-01-22,17,0,37,2.99,2.99,0.0,5.191126,0.0
2019-01-22,17,0,38,3.85,3.85,0.0,6.684226,0.0
2019-01-22,17,0,39,2.57,2.57,0.0,4.461938,0.0
2019-01-22,17,0,40,2.57,2.57,0.0,4.461938,0.0
2019-01-22,17,0,41,0.0,0.0,0.0,0.0,0.0
2019-01-22,17,0,42,44.03,44.03,0.0,276.915466,0.0
2019-01-22,17,0,43,18.83,18.83,0.0,44.320415,0.0
2019-01-22,17,0,46,16.52,16.52,0.0,10.527404,0.0
2019-01-22,17,0,52,132.5,132.5,0.0,-1272.058841,0.0
2019-01-22,17,0,53,210.5,210.5,0.0,-2020.89348,0.0
2019-01-22,17,0,55,623.0,623.0,0.0,-5919.232698,0.0
2019-01-22,17,0,56,115.63,115.63,0.0,-1110.09935,0.0
2019-01-22,17,0,57,109.99,109.99,0.0,-1055.952845,0.0
2019-01-22,17,0,58,211.51,211.51,0.0,-2030.589929,0.0
2019-01-22,17,0,59,207.99,207.99,0.0,-1996.796365,0.0
2019-01-22,17,0,63,95.49,95.49,0.0,11302.460519,0.0
2019-01-22,17,0,64,112.31,112.31,0.0,13293.322242,0.0
2019-01-22,17,0,65,41.4,41.4,0.0,283.56178,0.0
2019-01-22,17,0,67,128.55,128.55,0.0,-71050.397321,0.0
2019-01-22,17,0,68,19.11,19.11,0.0,-7770.9393,0.0
2019-01-22,17,0,69,1.73,1.73,0.0,17.560097,0.0
2019-01-22,17,0,74,27.22,27.22,0.0,88.999446,0.0
2019-01-22,17,0,77,60.0,60.0,0.0,-17063.862532,0.0
2019-01-22,17,0,78,45.36,45.36,0.0,-12900.280074,0.0
2019-01-22,17,0,79,26.25,26.25,0.0,-7465.439858,0.0
2019-01-22,17,0,80,42.45,42.45,0.0,-12072.682741,0.0
2019-01-22,17,0,81,55.5,55.5,0.0,-15784.072842,0.0
2019-01-22,17,0,82,39.15,39.15,0.0,-11134.170302,0.0
2019-01-22,17,0,83,87.3,87.3,0.0,-24827.919984,0.0
2019-01-22,17,0,84,0.0,0.0,0.0,0.0,0.0
2019-01-22,17,0,86,8.75,8.75,0.0,88.815519,0.0
2019-01-22,17,0,87,44.67,44.67,0.0,453.415912,0.0
2019-01-22,17,0,88,51.18,51.18,0.0,-14555.47474,0.0
2019-01-22,17,0,89,49.2,49.2,0.0,-13992.367276,0.0
2019-01-22,17,0,90,66.06,66.06,0.0,-18787.312648,0.0
2019-01-22,17,0,91,235.65,235.65,0.0,-67018.320094,0.0
2019-01-22,17,0,92,84.75,84.75,0.0,-24102.705826,0.0
2019-01-22,17,0,95,110.67,110.67,0.0,2152.064451,0.0
2019-01-22,17,0,96,29.88,29.88,0.0,-289.961165,0.0
2019-01-22,17,0,97,183.75,183.75,0.0,-1783.144714,0.0
2019-01-22,17,0,99,5.54,5.54,0.0,18.113774,0.0
2019-01-22,17,0,101,7.9,7.9,0.0,-75.843508,0.0
2019-01-22,17,0,102,45.19,45.19,0.0,-18376.177235,0.0
2019-01-22,17,0,103,39.3,39.3,0.0,-15981.052564,0.0
2019-01-22,17,0,104,7.33,7.33,0.0,-2980.689957,0.0
2019-01-22,17,0,106,146.87,146.87,0.0,-1395.437731,0.0
2019-01-22,17,0,109,9.48,9.48,0.0,-9.165825,0.0
2019-01-22,17,0,110,0.0,0.0,0.0,-0.0,0.0
2019-01-22,17,0,111,12.99,12.99,0.0,-55.422948,0.0
2019-01-22,17,0,113,45.0,45.0,0.0,-11554.223355,0.0
2019-01-22,17,0,115,45.0,45.0,0.0,-11554.223355,0.0
2019-01-22,17,0,116,64.18,64.18,0.0,-64180.0,0.0
2019-01-22,17,0,117,3.0,3.0,0.0,-770.281557,0.0
2019-01-22,17,0,119,112.31,112.31,0.0,13293.322242,0.0
2019-01-22,17,0,120,66.1,66.1,0.0,7823.778828,0.0
2019-01-22,17,0,123,2.45,2.45,0.0,-23.277881,0.0
2019-01-22,17,0,125,75.89,75.89,0.0,-721.044253,0.0
2019-01-22,17,0,126,110.15,110.15,0.0,-1046.554545,0.0
2019-01-22,17,0,127,141.36,141.36,0.0,-1343.086251,0.0
2019-01-22,17,0,128,109.23,109.23,0.0,-1037.813463,0.0
2019-01-22,17,0,131,30.0,30.0,0.0,-11029.002821,0.0
2019-01-22,17,0,132,44.1,44.1,0.0,-16212.634147,0.0
2019-01-22,17,0,133,111.85,111.85,0.0,781.734539,0.0
2019-01-22,17,0,134,0.0,0.0,0.0,0.0,0.0
2019-01-22,17,0,135,146.43,146.43,0.0,1023.418762,0.0
2019-01-22,17,0,136,45.9,45.9,0.0,314.06174,0.0
2019-01-22,17,0,139,0.0,0.0,0.0,0.0,0.0
2019-01-22,17,0,140,0.0,0.0,0.0,-0.0,0.0
2019-01-22,17,0,141,230.0,230.0,0.0,-127122.453394,0.0
2019-01-22,17,0,142,169.52,169.52,0.0,-93694.775215,0.0
2019-01-22,17,0,143,238.5,238.5,0.0,-2289.705914,0.0
2019-01-22,17,0,145,20.01,20.01,0.0,-127.955818,0.0
2019-01-22,17,0,146,0.0,0.0,0.0,-0.0,0.0
2019-01-22,17,0,152,4.89,4.89,0.0,16.336089,0.0
2019-01-22,17,0,153,6.02,6.02,0.0,19.121084,0.0
2019-01-22,17,0,154,53.57,53.57,0.0,-228.560995,0.0
2019-01-22,17,0,157,250.0,250.0,0.0,-138176.579776,0.0
2019-01-22,17,0,158,151.24,151.24,0.0,-83591.303701,0.0
2019-01-22,17,0,159,0.0,0.0,0.0,0.0,0.0
2019-01-22,17,0,160,1.45,1.45,0.0,6.361728,0.0
2019-01-22,17,0,161,35.49,35.49,0.0,-14431.744414,0.0
2019-01-22,17,0,162,45.25,45.25,0.0,915.952442,0.0
2019-01-22,17,0,163,185.4,185.4,0.0,-185400.0,0.0
2019-01-22,17,0,164,14.75,14.75,0.0,-141.60655,0.0
2019-01-22,17,0,167,2.12,2.12,0.0,34.086375,0.0
2019-01-22,17,0,168,1.06,1.06,0.0,17.043187,0.0
2019-01-22,17,0,169,0.0,0.0,0.0,0.0,0.0
2019-01-22,17,0,170,2.31,2.31,0.0,37.141286,0.0
2019-01-22,17,0,172,2.83,2.83,0.0,51.208688,0.0
2019-01-22,17,0,173,4.31,4.31,0.0,77.989203,0.0
2019-01-22,17,0,188,3.79,3.79,0.0,108.544012,0.0
2019-01-22,17,0,190,4.48,4.48,0.0,145.275456,0.0
2019-01-22,17,0,191,11.58,11.58,0.0,375.511111,0.0
2019-01-22,17,0,192,332.6,332.6,0.0,10785.405497,0.0
2019-01-22,17,0,194,52.95,52.95,0.0,-6473.190469,0.0
2019-01-22,17,0,196,3.03,3.03,0.0,826.510545,0.0
2019-01-22,17,0,198,6.35,6.35,0.0,47.163434,0.0
2019-01-22,17,0,199,130.0,130.0,0.0,-3376.50197,0.0
2019-01-22,17,0,200,8.76,8.76,0.0,-227.524287,0.0
2019-01-22,17,0,204,43.64,43.64,0.0,-60.539372,0.0
2019-01-22,17,0,205,50.17,50.17,0.0,-48.507325,0.0
2019-01-22,17,0,206,539.94,539.94,0.0,-5239.679764,0.0
2019-01-22,17,0,210,1.4,1.4,0.0,8.163604,0.0
2019-01-22,17,0,214,8.16,8.16,0.0,98.153949,0.0
2019-01-22,17,0,217,5.41,5.41,0.0,50.757297,0.0
2019-01-22,17,0,218,7.47,7.47,0.0,70.084475,0.0
2019-01-22,17,0,219,5.09,5.09,0.0,47.755017,0.0
2019-01-22,17,0,221,4.35,4.35,0.0,52.324716,0.0
2019-01-22,17,0,225,4.24,4.24,0.0,21.05165,0.0
2019-01-22,17,0,233,4.95,4.95,0.0,50.244208,0.0
2019-01-22,17,0,236,159.03,159.03,0.0,831.126978,0.0
2019-01-22,17,0,237,67.26,67.26,0.0,219.915604,0.0
2019-01-22,17,0,238,57.31,57.31,0.0,360.436643,0.0
2019-01-22,17,0,240,7.22,7.22,0.0,13.267772,0.0
2019-01-22,17,0,245,78.0,78.0,0.0,580.86331,0.0
2019-01-22,17,0,247,171.72,171.72,0.0,1278.792917,0.0
2019-01-22,17,0,248,6.84,6.84,0.0,22.364299,0.0
2019-01-22,17,0,249,150.0,150.0,0.0,1117.044827,0.0
2019-01-22,17,0,251,326.4,326.4,0.0,2167.142897,0.0
2019-01-22,17,0,252,267.06,267.06,0.0,1829.178962,0.0
2019-01-22,17,0,254,10.49,10.49,0.0,30.043745,0.0
2019-01-22,17,0,255,4.81,4.81,0.0,13.776017,0.0
2019-01-22,17,0,258,8.87,8.87,0.0,17.039192,0.0
2019-01-22,17,0,260,3.53,3.53,0.0,15.487517,0.0
2019-01-22,17,0,265,55.46,55.46,0.0,-236.624842,0.0
2019-01-22,17,0,266,0.0,0.0,0.0,0.0,0.0
2019-01-22,17,0,267,0.0,0.0,0.0,0.0,0.0
2019-01-22,17,0,270,578.99,578.99,0.0,-578990.0,0.0
2019-01-22,17,0,272,150.39,150.39,0.0,-38614.214452,0.0
2019-01-22,17,0,273,15.35,15.35,0.0,-15350.0,0.0
2019-01-22,17,0,274,746.39,746.39,0.0,-746390.0,0.0
2019-01-22,17,0,275,1038.99,1038.99,0.0,-1038990.0,0.0
2019-01-22,17,0,276,3.88,3.88,0.0,-3492.499599,0.0
2019-01-22,17,0,277,4.94,4.94,0.0,-1323.133129,0.0
2019-01-22,17,0,278,7.9,7.9,0.0,-2115.941644,0.0
2019-01-22,17,0,279,264.6,264.6,0.0,-70870.653034,0.0
2019-01-22,17,0,281,56.1,56.1,0.0,-538.584913,0.0
2019-01-22,17,0,282,215.04,215.04,0.0,-2064.479496,0.0
2019-01-22,18,0,9,1.02,1.02,0.0,5.743874,0.0
2019-01-22,18,0,17,15.94,15.94,0.0,132.815136,0.0
2019-01-22,18,0,19,332.94,332.94,0.0,2774.119906,0.0
2019-01-22,18,0,20,405.43,405.43,0.0,3378.120482,0.0
2019-01-22,18,0,21,23.43,23.43,0.0,131.940161,0.0
2019-01-22,18,0,22,83.26,83.26,0.0,468.85778,0.0
2019-01-22,18,0,23,94.93,94.93,0.0,534.574454,0.0
2019-01-22,18,0,24,168.46,168.46,0.0,948.640182,0.0
2019-01-22,18,0,29,2.06,2.06,0.0,17.393906,0.0
2019-01-22,18,0,30,226.39,226.39,0.0,1271.116513,0.0
2019-01-22,18,0,31,92.34,92.34,0.0,518.463266,0.0
2019-01-22,18,0,32,0.84,0.84,0.0,42.361612,0.0
2019-01-22,18,0,33,0.88,0.88,0.0,7.778208,0.0
2019-01-22,18,0,34,1.4,1.4,0.0,12.374421,0.0
2019-01-22,18,0,35,1.4,1.4,0.0,12.374421,0.0
2019-01-22,18,0,36,3.29,3.29,0.0,24.761394,0.0
2019-01-22,18,0,37,1.55,1.55,0.0,11.644264,0.0
2019-01-22,18,0,38,1.99,1.99,0.0,14.949733,0.0
2019-01-22,18,0,39,1.32,1.32,0.0,9.916406,0.0
2019-01-22,18,0,40,1.32,1.32,0.0,9.916406,0.0
2019-01-22,18,0,41,0.97,0.97,0.0,6.304527,0.0
2019-01-22,18,0,42,24.57,24.57,0.0,202.023412,0.0
2019-01-22,18,0,43,9.56,9.56,0.0,72.893691,0.0
2019-01-22,18,0,46,8.4,8.4,0.0,61.588003,0.0
2019-01-22,18,0,52,97.89,97.89,0.0,549.624963,0.0
2019-01-22,18,0,53,155.55,155.55,0.0,873.369732,0.0
2019-01-22,18,0,55,460.54,460.54,0.0,2593.415348,0.0
2019-01-22,18,0,56,66.78,66.78,0.0,374.951017,0.0
2019-01-22,18,0,57,63.52,63.52,0.0,356.647029,0.0
2019-01-22,18,0,58,122.15,122.15,0.0,685.838076,0.0
2019-01-22,18,0,59,120.12,120.12,0.0,674.440194,0.0
2019-01-22,18,0,63,170.0,170.0,0.0,20179.569862,0.0
2019-01-22,18,0,64,200.0,200.0,0.0,23740.670425,0.0
2019-01-22,18,0,65,41.4,41.4,0.0,344.108079,0.0
2019-01-22,18,0,67,71.53,71.53,0.0,-39676.675252,0.0
2019-01-22,18,0,68,10.2,10.2,0.0,-4174.538077,0.0
2019-01-22,18,0,69,0.88,0.88,0.0,7.778208,0.0
2019-01-22,18,0,74,4.37,4.37,0.0,33.815257,0.0
2019-01-22,18,0,77,60.0,60.0,0.0,-17285.683701,0.0
2019-01-22,18,0,78,45.36,45.36,0.0,-13067.976878,0.0
2019-01-22,18,0,79,26.25,26.25,0.0,-7562.486619,0.0
2019-01-22,18,0,80,42.45,42.45,0.0,-12229.621219,0.0
2019-01-22,18,0,81,55.5,55.5,0.0,-15989.257424,0.0
2019-01-22,18,0,82,39.15,39.15,0.0,-11278.908615,0.0
2019-01-22,18,0,83,87.3,87.3,0.0,-25150.669785,0.0
2019-01-22,18,0,84,0.0,0.0,0.0,0.0,0.0
2019-01-22,18,0,86,4.44,4.44,0.0,39.244593,0.0
2019-01-22,18,0,87,22.65,22.65,0.0,200.200458,0.0
2019-01-22,18,0,88,51.18,51.18,0.0,-14744.688197,0.0
2019-01-22,18,0,89,49.2,49.2,0.0,-14174.260635,0.0
2019-01-22,18,0,90,66.06,66.06,0.0,-19031.537755,0.0
2019-01-22,18,0,91,235.65,235.65,0.0,-67889.522737,0.0
2019-01-22,18,0,92,84.75,84.75,0.0,-24416.028228,0.0
2019-01-22,18,0,95,47.99,47.99,0.0,1076.40306,0.0
2019-01-22,18,0,96,26.93,26.93,0.0,150.739226,0.0
2019-01-22,18,0,97,165.62,165.62,0.0,927.049038,0.0
2019-01-22,18,0,99,0.84,0.84,0.0,6.499958,0.0
2019-01-22,18,0,101,4.56,4.56,0.0,25.603124,0.0
2019-01-22,18,0,102,24.15,24.15,0.0,-9883.832799,0.0
2019-01-22,18,0,103,21.0,21.0,0.0,-8594.637217,0.0
2019-01-22,18,0,104,3.9,3.9,0.0,-1596.146912,0.0
2019-01-22,18,0,106,81.96,81.96,0.0,461.537156,0.0
2019-01-22,18,0,109,7.72,7.72,0.0,54.463578,0.0
2019-01-22,18,0,110,338.6,338.6,0.0,-338600.0,0.0
2019-01-22,18,0,111,7.16,7.16,0.0,46.53651,0.0
2019-01-22,18,0,113,45.0,45.0,0.0,-11647.742515,0.0
2019-01-22,18,0,115,45.0,45.0,0.0,-11647.742515,0.0
2019-01-22,18,0,116,33.2,33.2,0.0,-33200.0,0.0
2019-01-22,18,0,117,3.0,3.0,0.0,-776.516168,0.0
2019-01-22,18,0,119,200.0,200.0,0.0,23740.670425,0.0
2019-01-22,18,0,120,117.6,117.6,0.0,13959.51421,0.0
2019-01-22,18,0,123,1.37,1.37,0.0,7.714811,0.0
2019-01-22,18,0,125,152.35,152.35,0.0,857.920763,0.0
2019-01-22,18,0,126,61.47,61.47,0.0,346.152867,0.0
2019-01-22,18,0,127,78.89,78.89,0.0,444.249222,0.0
2019-01-22,18,0,128,218.77,218.77,0.0,1231.948312,0.0
2019-01-22,18,0,131,30.0,30.0,0.0,-11112.958223,0.0
2019-01-22,18,0,132,44.1,44.1,0.0,-16336.048588,0.0
2019-01-22,18,0,133,139.8,139.8,0.0,1165.109125,0.0
2019-01-22,18,0,134,0.0,0.0,0.0,0.0,0.0
2019-01-22,18,0,135,187.33,187.33,0.0,1561.22956,0.0
2019-01-22,18,0,136,45.9,45.9,0.0,381.459721,0.0
2019-01-22,18,0,139,1.25,1.25,0.0,8.124391,0.0
2019-01-22,18,0,140,250.6,250.6,0.0,-250600.0,0.0
2019-01-22,18,0,141,230.0,230.0,0.0,-127577.733929,0.0
2019-01-22,18,0,142,94.33,94.33,0.0,-52323.511485,0.0
2019-01-22,18,0,143,176.17,176.17,0.0,989.145263,0.0
2019-01-22,18,0,145,16.35,16.35,0.0,100.542983,0.0
2019-01-22,18,0,146,268.0,268.0,0.0,-268000.0,0.0
2019-01-22,18,0,152,2.57,2.57,0.0,19.924935,0.0
2019-01-22,18,0,153,3.16,3.16,0.0,24.416439,0.0
2019-01-22,18,0,154,29.55,29.55,0.0,192.060597,0.0
2019-01-22,18,0,157,250.0,250.0,0.0,-138671.449923,0.0
2019-01-22,18,0,158,83.35,83.35,0.0,-46233.061404,0.0
2019-01-22,18,0,159,0.0,0.0,0.0,0.0,0.0
2019-01-22,18,0,160,0.73,0.73,0.0,5.829889,0.0
2019-01-22,18,0,161,19.3,19.3,0.0,-7898.88087,0.0
2019-01-22,18,0,162,14.78,14.78,0.0,343.101735,0.0
2019-01-22,18,0,163,185.4,185.4,0.0,-185400.0,0.0
2019-01-22,18,0,164,8.85,8.85,0.0,49.690274,0.0
2019-01-22,18,0,167,0.94,0.94,0.0,18.016408,0.0
2019-01-22,18,0,168,0.47,0.47,0.0,9.008204,0.0
2019-01-22,18,0,169,0.0,0.0,0.0,0.0,0.0
2019-01-22,18,0,170,1.03,1.03,0.0,19.741383,0.0
2019-01-22,18,0,172,1.27,1.27,0.0,26.542473,0.0
2019-01-22,18,0,173,1.94,1.94,0.0,40.545196,0.0
2019-01-22,18,0,188,1.73,1.73,0.0,51.879518,0.0
2019-01-22,18,0,190,2.21,2.21,0.0,71.664901,0.0
2019-01-22,18,0,191,5.71,5.71,0.0,185.161351,0.0
2019-01-22,18,0,192,332.6,332.6,0.0,10785.405497,0.0
2019-01-22,18,0,194,98.98,98.98,0.0,-12204.232533,0.0
2019-01-22,18,0,196,1.54,1.54,0.0,419.504501,0.0
2019-01-22,18,0,198,3.08,3.08,0.0,26.341633,0.0
2019-01-22,18,0,199,91.26,91.26,0.0,-2544.218982,0.0
2019-01-22,18,0,200,4.15,4.15,0.0,-115.697006,0.0
2019-01-22,18,0,204,31.5,31.5,0.0,220.070744,0.0
2019-01-22,18,0,205,40.84,40.84,0.0,288.120794,0.0
2019-01-22,18,0,206,486.68,486.68,0.0,2724.165113,0.0
2019-01-22,18,0,210,0.63,0.63,0.0,5.398508,0.0
2019-01-22,18,0,214,3.87,3.87,0.0,35.366811,0.0
2019-01-22,18,0,217,2.5,2.5,0.0,22.235349,0.0
2019-01-22,18,0,218,3.45,3.45,0.0,30.684782,0.0
2019-01-22,18,0,219,2.35,2.35,0.0,20.901228,0.0
2019-01-22,18,0,221,2.07,2.07,0.0,18.917131,0.0
2019-01-22,18,0,225,1.92,1.92,0.0,16.188541,0.0
2019-01-22,18,0,233,2.51,2.51,0.0,22.18557,0.0
2019-01-22,18,0,236,102.52,102.52,0.0,825.589511,0.0
2019-01-22,18,0,237,10.49,10.49,0.0,81.172092,0.0
2019-01-22,18,0,238,31.98,31.98,0.0,262.951108,0.0
2019-01-22,18,0,240,3.72,3.72,0.0,27.997686,0.0
2019-01-22,18,0,245,78.0,78.0,0.0,655.762936,0.0
2019-01-22,18,0,247,171.72,171.72,0.0,1443.687326,0.0
2019-01-22,18,0,248,1.05,1.05,0.0,8.124947,0.0
2019-01-22,18,0,249,150.0,150.0,0.0,1261.08257,0.0
2019-01-22,18,0,251,326.4,326.4,0.0,2702.034536,0.0
2019-01-22,18,0,252,267.06,267.06,0.0,2219.746465,0.0
2019-01-22,18,0,254,5.27,5.27,0.0,40.660804,0.0
2019-01-22,18,0,255,2.41,2.41,0.0,18.59441,0.0
2019-01-22,18,0,258,4.57,4.57,0.0,34.467785,0.0
2019-01-22,18,0,260,1.76,1.76,0.0,14.055623,0.0
2019-01-22,18,0,265,30.59,30.59,0.0,198.820091,0.0
2019-01-22,18,0,266,0.81,0.81,0.0,5.264605,0.0
2019-01-22,18,0,267,0.99,0.99,0.0,6.434517,0.0
2019-01-22,18,0,270,579.0,579.0,0.0,-579000.0,0.0
2019-01-22,18,0,272,150.39,150.39,0.0,-38926.755484,0.0
2019-01-22,18,0,273,7.94,7.94,0.0,-7940.0,0.0
2019-01-22,18,0,274,746.4,746.4,0.0,-746400.0,0.0
2019-01-22,18,0,275,1039.0,1039.0,0.0,-1039000.0,0.0
2019-01-22,18,0,276,2.03,2.03,0.0,-1828.1586,0.0
2019-01-22,18,0,277,2.61,2.61,0.0,-706.182291,0.0
2019-01-22,18,0,278,4.17,4.17,0.0,-1128.268257,0.0
2019-01-22,18,0,279,264.6,264.6,0.0,-71592.27359,0.0
2019-01-22,18,0,281,41.41,41.41,0.0,232.505565,0.0
2019-01-22,18,0,282,124.19,124.19,0.0,697.292106,0.0
2019-01-22,19,0,9,0.04,0.04,0.0,0.536991,0.0
2019-01-22,19,0,17,0.0,0.0,0.0,0.0,0.0
2019-01-22,19,0,19,615.51,615.51,0.0,538.148006,0.0
2019-01-22,19,0,20,748.14,748.14,0.0,654.108056,0.0
2019-01-22,19,0,21,0.82,0.82,0.0,11.008319,0.0
2019-01-22,19,0,22,2.91,2.91,0.0,39.066107,0.0
2019-01-22,19,0,23,108.8,108.8,0.0,1460.615956,0.0
2019-01-22,19,0,24,192.5,192.5,0.0,2584.269959,0.0
2019-01-22,19,0,29,0.0,0.0,0.0,0.0,0.0
2019-01-22,19,0,30,14.82,14.82,0.0,199.41692,0.0
2019-01-22,19,0,31,37.5,37.5,0.0,504.597469,0.0
2019-01-22,19,0,32,0.0,0.0,0.0,0.0,0.0
2019-01-22,19,0,33,0.0,0.0,0.0,0.0,0.0
2019-01-22,19,0,34,0.0,0.0,0.0,0.0,0.0
2019-01-22,19,0,35,0.0,0.0,0.0,0.0,0.0
2019-01-22,19,0,36,0.0,0.0,0.0,0.0,0.0
2019-01-22,19,0,37,0.0,0.0,0.0,0.0,0.0
2019-01-22,19,0,38,0.0,0.0,0.0,0.0,0.0
2019-01-22,19,0,39,0.0,0.0,0.0,0.0,0.0
2019-01-22,19,0,40,0.0,0.0,0.0,0.0,0.0
2019-01-22,19,0,41,3.41,3.41,0.0,40.239392,0.0
2019-01-22,19,0,42,1.55,1.55,0.0,10.459504,0.0
2019-01-22,19,0,43,0.0,0.0,0.0,0.0,0.0
2019-01-22,19,0,46,0.0,0.0,0.0,0.0,0.0
2019-01-22,19,0,52,39.75,39.75,0.0,534.873317,0.0
2019-01-22,19,0,53,63.15,63.15,0.0,849.742138,0.0
2019-01-22,19,0,55,186.9,186.9,0.0,2509.091197,0.0
2019-01-22,19,0,56,4.37,4.37,0.0,58.802425,0.0
2019-01-22,19,0,57,4.16,4.16,0.0,55.976679,0.0
2019-01-22,19,0,58,8.0,8.0,0.0,107.64746,0.0
2019-01-22,19,0,59,7.86,7.86,0.0,105.76363,0.0
2019-01-22,19,0,63,170.0,170.0,0.0,20715.041424,0.0
2019-01-22,19,0,64,200.0,200.0,0.0,24370.636969,0.0
2019-01-22,19,0,65,41.4,41.4,0.0,194.213981,0.0
2019-01-22,19,0,67,2.93,2.93,0.0,-1625.516739,0.0
2019-01-22,19,0,68,12.55,12.55,0.0,-5137.951599,0.0
2019-01-22,19,0,69,0.0,0.0,0.0,0.0,0.0
2019-01-22,19,0,74,0.0,0.0,0.0,0.0,0.0
2019-01-22,19,0,77,60.0,60.0,0.0,-17313.539507,0.0
2019-01-22,19,0,78,45.36,45.36,0.0,-13089.035867,0.0
2019-01-22,19,0,79,26.25,26.25,0.0,-7574.673534,0.0
2019-01-22,19,0,80,42.45,42.45,0.0,-12249.329201,0.0
2019-01-22,19,0,81,55.5,55.5,0.0,-16015.024044,0.0
2019-01-22,19,0,82,39.15,39.15,0.0,-11297.084528,0.0
2019-01-22,19,0,83,87.3,87.3,0.0,-25191.199982,0.0
2019-01-22,19,0,84,0.0,0.0,0.0,0.0,0.0
2019-01-22,19,0,86,0.0,0.0,0.0,0.0,0.0
2019-01-22,19,0,87,0.0,0.0,0.0,0.0,0.0
2019-01-22,19,0,88,51.18,51.18,0.0,-14768.449199,0.0
2019-01-22,19,0,89,49.2,49.2,0.0,-14197.102396,0.0
2019-01-22,19,0,90,66.06,66.06,0.0,-19062.206997,0.0
2019-01-22,19,0,91,235.65,235.65,0.0,-67998.926413,0.0
2019-01-22,19,0,92,84.75,84.75,0.0,-24455.374553,0.0
2019-01-22,19,0,95,15.49,15.49,0.0,347.43662,0.0
2019-01-22,19,0,96,25.36,25.36,0.0,342.068131,0.0
2019-01-22,19,0,97,155.96,155.96,0.0,2103.665054,0.0
2019-01-22,19,0,99,0.0,0.0,0.0,0.0,0.0
2019-01-22,19,0,101,0.3,0.3,0.0,4.03678,0.0
2019-01-22,19,0,102,35.91,35.91,0.0,-14701.501348,0.0
2019-01-22,19,0,103,30.13,30.13,0.0,-12335.177823,0.0
2019-01-22,19,0,104,4.3,4.3,0.0,-1760.413695,0.0
2019-01-22,19,0,106,2.87,2.87,0.0,38.529116,0.0
2019-01-22,19,0,109,13.57,13.57,0.0,145.633757,0.0
2019-01-22,19,0,110,338.6,338.6,0.0,-338600.0,0.0
2019-01-22,19,0,111,0.44,0.44,0.0,5.19218,0.0
2019-01-22,19,0,113,45.0,45.0,0.0,-11623.481578,0.0
2019-01-22,19,0,115,45.0,45.0,0.0,-11623.481578,0.0
2019-01-22,19,0,116,0.0,0.0,0.0,-0.0,0.0
2019-01-22,19,0,117,3.0,3.0,0.0,-774.898772,0.0
2019-01-22,19,0,119,200.0,200.0,0.0,24370.636969,0.0
2019-01-22,19,0,120,117.6,117.6,0.0,14329.934538,0.0
2019-01-22,19,0,123,0.05,0.05,0.0,0.671239,0.0
2019-01-22,19,0,125,174.2,174.2,0.0,2338.596503,0.0
2019-01-22,19,0,126,2.15,2.15,0.0,28.863275,0.0
2019-01-22,19,0,127,2.76,2.76,0.0,37.05239,0.0
2019-01-22,19,0,128,249.5,249.5,0.0,3349.482363,0.0
2019-01-22,19,0,131,30.0,30.0,0.0,-11117.117655,0.0
2019-01-22,19,0,132,44.1,44.1,0.0,-16342.162953,0.0
2019-01-22,19,0,133,135.62,135.62,0.0,1223.571637,0.0
2019-01-22,19,0,134,0.0,0.0,0.0,0.0,0.0
2019-01-22,19,0,135,183.78,183.78,0.0,1658.073996,0.0
2019-01-22,19,0,136,45.9,45.9,0.0,224.941953,0.0
2019-01-22,19,0,139,4.4,4.4,0.0,51.921796,0.0
2019-01-22,19,0,140,250.6,250.6,0.0,-250600.0,0.0
2019-01-22,19,0,141,230.0,230.0,0.0,-127600.290055,0.0
2019-01-22,19,0,142,3.87,3.87,0.0,-2147.013576,0.0
2019-01-22,19,0,143,71.55,71.55,0.0,962.771971,0.0
2019-01-22,19,0,145,14.32,14.32,0.0,178.209592,0.0
2019-01-22,19,0,146,268.0,268.0,0.0,-268000.0,0.0
2019-01-22,19,0,152,0.0,0.0,0.0,0.0,0.0
2019-01-22,19,0,153,0.0,0.0,0.0,0.0,0.0
2019-01-22,19,0,154,1.81,1.81,0.0,21.358739,0.0
2019-01-22,19,0,157,250.0,250.0,0.0,-138695.967451,0.0
2019-01-22,19,0,158,2.75,2.75,0.0,-1525.655642,0.0
2019-01-22,19,0,159,0.0,0.0,0.0,0.0,0.0
2019-01-22,19,0,160,0.0,0.0,0.0,0.0,0.0
2019-01-22,19,0,161,0.1,0.1,0.0,-40.939853,0.0
2019-01-22,19,0,162,12.08,12.08,0.0,280.281213,0.0
2019-01-22,19,0,163,185.4,185.4,0.0,-185400.0,0.0
2019-01-22,19,0,164,0.73,0.73,0.0,9.822831,0.0
2019-01-22,19,0,167,0.0,0.0,0.0,0.0,0.0
2019-01-22,19,0,168,0.0,0.0,0.0,0.0,0.0
2019-01-22,19,0,169,0.0,0.0,0.0,0.0,0.0
2019-01-22,19,0,170,0.0,0.0,0.0,0.0,0.0
2019-01-22,19,0,172,0.0,0.0,0.0,0.0,0.0
2019-01-22,19,0,173,0.0,0.0,0.0,0.0,0.0
2019-01-22,19,0,188,0.0,0.0,0.0,0.0,0.0
2019-01-22,19,0,190,0.0,0.0,0.0,0.0,0.0
2019-01-22,19,0,191,0.0,0.0,0.0,0.0,0.0
2019-01-22,19,0,192,332.6,332.6,0.0,10785.405497,0.0
2019-01-22,19,0,194,176.5,176.5,0.0,-21506.262601,0.0
2019-01-22,19,0,196,0.0,0.0,0.0,0.0,0.0
2019-01-22,19,0,198,0.0,0.0,0.0,0.0,0.0
2019-01-22,19,0,199,33.97,33.97,0.0,-1082.63043,0.0
2019-01-22,19,0,200,0.0,0.0,0.0,-0.0,0.0
2019-01-22,19,0,204,63.82,63.82,0.0,692.79787,0.0
2019-01-22,19,0,205,71.77,71.77,0.0,770.238376,0.0
2019-01-22,19,0,206,458.29,458.29,0.0,6181.640535,0.0
2019-01-22,19,0,210,0.0,0.0,0.0,0.0,0.0
2019-01-22,19,0,214,0.0,0.0,0.0,0.0,0.0
2019-01-22,19,0,217,0.0,0.0,0.0,0.0,0.0
2019-01-22,19,0,218,0.0,0.0,0.0,0.0,0.0
2019-01-22,19,0,219,0.0,0.0,0.0,0.0,0.0
2019-01-22,19,0,221,0.0,0.0,0.0,0.0,0.0
2019-01-22,19,0,225,0.0,0.0,0.0,0.0,0.0
2019-01-22,19,0,233,0.0,0.0,0.0,0.0,0.0
2019-01-22,19,0,236,34.08,34.08,0.0,305.941729,0.0
2019-01-22,19,0,237,0.0,0.0,0.0,0.0,0.0
2019-01-22,19,0,238,2.02,2.02,0.0,13.631096,0.0
2019-01-22,19,0,240,0.0,0.0,0.0,0.0,0.0
2019-01-22,19,0,245,78.0,78.0,0.0,594.541903,0.0
2019-01-22,19,0,247,171.72,171.72,0.0,1308.906866,0.0
2019-01-22,19,0,248,0.0,0.0,0.0,0.0,0.0
2019-01-22,19,0,249,150.0,150.0,0.0,1143.349813,0.0
2019-01-22,19,0,251,326.4,326.4,0.0,1946.396105,0.0
2019-01-22,19,0,252,267.06,267.06,0.0,1252.820913,0.0
2019-01-22,19,0,254,0.0,0.0,0.0,0.0,0.0
2019-01-22,19,0,255,0.0,0.0,0.0,0.0,0.0
2019-01-22,19,0,258,0.0,0.0,0.0,0.0,0.0
2019-01-22,19,0,260,0.0,0.0,0.0,0.0,0.0
2019-01-22,19,0,265,1.88,1.88,0.0,22.184768,0.0
2019-01-22,19,0,266,2.85,2.85,0.0,33.631164,0.0
2019-01-22,19,0,267,3.5,3.5,0.0,41.301429,0.0
2019-01-22,19,0,270,579.0,579.0,0.0,-579000.0,0.0
2019-01-22,19,0,272,150.39,150.39,0.0,-38845.675434,0.0
2019-01-22,19,0,273,0.0,0.0,0.0,-0.0,0.0
2019-01-22,19,0,274,746.4,746.4,0.0,-746400.0,0.0
2019-01-22,19,0,275,1039.0,1039.0,0.0,-1039000.0,0.0
2019-01-22,19,0,276,0.0,0.0,0.0,-0.0,0.0
2019-01-22,19,0,277,0.0,0.0,0.0,-0.0,0.0
2019-01-22,19,0,278,0.0,0.0,0.0,-0.0,0.0
2019-01-22,19,0,279,264.6,264.6,0.0,-71556.061879,0.0
2019-01-22,19,0,281,16.83,16.83,0.0,226.463344,0.0
2019-01-22,19,0,282,8.13,8.13,0.0,109.396731,0.0
2019-01-22,20,0,9,0.0,0.0,0.0,0.0,0.0
2019-01-22,20,0,17,0.0,0.0,0.0,0.0,0.0
2019-01-22,20,0,19,643.3,643.3,0.0,721.272262,0.0
2019-01-22,20,0,20,780.2,780.2,0.0,874.765457,0.0
2019-01-22,20,0,21,0.0,0.0,0.0,0.0,0.0
2019-01-22,20,0,22,0.0,0.0,0.0,0.0,0.0
2019-01-22,20,0,23,108.8,108.8,0.0,1346.435153,0.0
2019-01-22,20,0,24,192.5,192.5,0.0,2382.249697,0.0
2019-01-22,20,0,29,0.0,0.0,0.0,0.0,0.0
2019-01-22,20,0,30,0.0,0.0,0.0,0.0,0.0
2019-01-22,20,0,31,35.52,35.52,0.0,440.691843,0.0
2019-01-22,20,0,32,0.0,0.0,0.0,0.0,0.0
2019-01-22,20,0,33,0.0,0.0,0.0,0.0,0.0
2019-01-22,20,0,34,0.0,0.0,0.0,0.0,0.0
2019-01-22,20,0,35,0.0,0.0,0.0,0.0,0.0
2019-01-22,20,0,36,0.0,0.0,0.0,0.0,0.0
2019-01-22,20,0,37,0.0,0.0,0.0,0.0,0.0
2019-01-22,20,0,38,0.0,0.0,0.0,0.0,0.0
2019-01-22,20,0,39,0.0,0.0,0.0,0.0,0.0
2019-01-22,20,0,40,0.0,0.0,0.0,0.0,0.0
2019-01-22,20,0,41,20.65,20.65,0.0,221.595646,0.0
2019-01-22,20,0,42,0.0,0.0,0.0,0.0,0.0
2019-01-22,20,0,43,0.0,0.0,0.0,0.0,0.0
2019-01-22,20,0,46,0.0,0.0,0.0,0.0,0.0
2019-01-22,20,0,52,37.66,37.66,0.0,467.242534,0.0
2019-01-22,20,0,53,59.82,59.82,0.0,742.178661,0.0
2019-01-22,20,0,55,186.9,186.9,0.0,2312.947887,0.0
2019-01-22,20,0,56,0.0,0.0,0.0,0.0,0.0
2019-01-22,20,0,57,0.0,0.0,0.0,0.0,0.0
2019-01-22,20,0,58,0.0,0.0,0.0,0.0,0.0
2019-01-22,20,0,59,0.0,0.0,0.0,0.0,0.0
2019-01-22,20,0,63,170.0,170.0,0.0,20462.87946,0.0
2019-01-22,20,0,64,200.0,200.0,0.0,24073.975835,0.0
2019-01-22,20,0,65,41.4,41.4,0.0,176.62262,0.0
2019-01-22,20,0,67,0.0,0.0,0.0,-0.0,0.0
2019-01-22,20,0,68,10.2,10.2,0.0,-4184.313448,0.0
2019-01-22,20,0,69,0.0,0.0,0.0,0.0,0.0
2019-01-22,20,0,74,0.0,0.0,0.0,0.0,0.0
2019-01-22,20,0,77,84.7,84.7,0.0,-24525.691933,0.0
2019-01-22,20,0,78,64.3,64.3,0.0,-18618.677583,0.0
2019-01-22,20,0,79,37.43,37.43,0.0,-10838.213094,0.0
2019-01-22,20,0,80,60.23,60.23,0.0,-17440.170308,0.0
2019-01-22,20,0,81,78.45,78.45,0.0,-22715.94489,0.0
2019-01-22,20,0,82,55.6,55.6,0.0,-16099.509699,0.0
2019-01-22,20,0,83,122.29,122.29,0.0,-35410.234551,0.0
2019-01-22,20,0,84,0.0,0.0,0.0,0.0,0.0
2019-01-22,20,0,86,0.0,0.0,0.0,0.0,0.0
2019-01-22,20,0,87,0.0,0.0,0.0,0.0,0.0
2019-01-22,20,0,88,95.98,95.98,0.0,-27791.923397,0.0
2019-01-22,20,0,89,92.28,92.28,0.0,-26720.553147,0.0
2019-01-22,20,0,90,123.8,123.8,0.0,-35847.469437,0.0
2019-01-22,20,0,91,440.78,440.78,0.0,-127632.048291,0.0
2019-01-22,20,0,92,158.74,158.74,0.0,-45964.679309,0.0
2019-01-22,20,0,95,3.4,3.4,0.0,76.261104,0.0
2019-01-22,20,0,96,31.77,31.77,0.0,395.213376,0.0
2019-01-22,20,0,97,229.39,229.39,0.0,2853.572438,0.0
2019-01-22,20,0,99,0.0,0.0,0.0,0.0,0.0
2019-01-22,20,0,101,0.0,0.0,0.0,0.0,0.0
2019-01-22,20,0,102,24.15,24.15,0.0,-9906.977427,0.0
2019-01-22,20,0,103,21.0,21.0,0.0,-8614.76298,0.0
2019-01-22,20,0,104,3.9,3.9,0.0,-1599.884553,0.0
2019-01-22,20,0,106,0.0,0.0,0.0,0.0,0.0
2019-01-22,20,0,109,34.42,34.42,0.0,332.109941,0.0
2019-01-22,20,0,110,338.6,338.6,0.0,-338600.0,0.0
2019-01-22,20,0,111,0.0,0.0,0.0,0.0,0.0
2019-01-22,20,0,113,45.0,45.0,0.0,-11670.002695,0.0
2019-01-22,20,0,115,45.0,45.0,0.0,-11670.002695,0.0
2019-01-22,20,0,116,0.0,0.0,0.0,-0.0,0.0
2019-01-22,20,0,117,3.0,3.0,0.0,-778.00018,0.0
2019-01-22,20,0,119,200.0,200.0,0.0,24073.975835,0.0
2019-01-22,20,0,120,117.6,117.6,0.0,14155.497791,0.0
2019-01-22,20,0,123,0.0,0.0,0.0,0.0,0.0
2019-01-22,20,0,125,174.2,174.2,0.0,2155.781284,0.0
2019-01-22,20,0,126,0.0,0.0,0.0,0.0,0.0
2019-01-22,20,0,127,0.0,0.0,0.0,0.0,0.0
2019-01-22,20,0,128,249.5,249.5,0.0,3087.643113,0.0
2019-01-22,20,0,131,30.0,30.0,0.0,-11143.599498,0.0
2019-01-22,20,0,132,44.1,44.1,0.0,-16381.091263,0.0
2019-01-22,20,0,133,103.8,103.8,0.0,811.726337,0.0
2019-01-22,20,0,134,0.0,0.0,0.0,0.0,0.0
2019-01-22,20,0,135,138.32,138.32,0.0,1081.676175,0.0
2019-01-22,20,0,136,45.9,45.9,0.0,203.745658,0.0
2019-01-22,20,0,139,27.65,27.65,0.0,296.712815,0.0
2019-01-22,20,0,140,250.6,250.6,0.0,-250600.0,0.0
2019-01-22,20,0,141,230.0,230.0,0.0,-127743.898059,0.0
2019-01-22,20,0,142,0.0,0.0,0.0,-0.0,0.0
2019-01-22,20,0,143,71.55,71.55,0.0,887.711187,0.0
2019-01-22,20,0,145,30.0,30.0,0.0,341.491341,0.0
2019-01-22,20,0,146,268.0,268.0,0.0,-268000.0,0.0
2019-01-22,20,0,152,0.0,0.0,0.0,0.0,0.0
2019-01-22,20,0,153,0.0,0.0,0.0,0.0,0.0
2019-01-22,20,0,154,0.0,0.0,0.0,0.0,0.0
2019-01-22,20,0,157,250.0,250.0,0.0,-138852.063108,0.0
2019-01-22,20,0,158,0.0,0.0,0.0,-0.0,0.0
2019-01-22,20,0,159,0.0,0.0,0.0,0.0,0.0
2019-01-22,20,0,160,0.0,0.0,0.0,0.0,0.0
2019-01-22,20,0,161,0.0,0.0,0.0,-0.0,0.0
2019-01-22,20,0,162,76.47,76.47,0.0,1774.262379,0.0
2019-01-22,20,0,163,185.4,185.4,0.0,-185400.0,0.0
2019-01-22,20,0,164,0.0,0.0,0.0,0.0,0.0
2019-01-22,20,0,167,0.0,0.0,0.0,0.0,0.0
2019-01-22,20,0,168,0.0,0.0,0.0,0.0,0.0
2019-01-22,20,0,169,0.0,0.0,0.0,0.0,0.0
2019-01-22,20,0,170,0.0,0.0,0.0,0.0,0.0
2019-01-22,20,0,172,0.0,0.0,0.0,0.0,0.0
2019-01-22,20,0,173,0.0,0.0,0.0,0.0,0.0
2019-01-22,20,0,188,0.0,0.0,0.0,0.0,0.0
2019-01-22,20,0,190,0.0,0.0,0.0,0.0,0.0
2019-01-22,20,0,191,0.0,0.0,0.0,0.0,0.0
2019-01-22,20,0,192,332.6,332.6,0.0,10785.405497,0.0
2019-01-22,20,0,194,176.5,176.5,0.0,-21720.994306,0.0
2019-01-22,20,0,196,0.0,0.0,0.0,0.0,0.0
2019-01-22,20,0,198,0.0,0.0,0.0,0.0,0.0
2019-01-22,20,0,199,4.11,4.11,0.0,-135.868643,0.0
2019-01-22,20,0,200,0.0,0.0,0.0,-0.0,0.0
2019-01-22,20,0,204,295.33,295.33,0.0,2886.446493,0.0
2019-01-22,20,0,205,182.07,182.07,0.0,1756.747732,0.0
2019-01-22,20,0,206,868.95,868.95,0.0,10809.589651,0.0
2019-01-22,20,0,210,0.0,0.0,0.0,0.0,0.0
2019-01-22,20,0,214,0.0,0.0,0.0,0.0,0.0
2019-01-22,20,0,217,0.0,0.0,0.0,0.0,0.0
2019-01-22,20,0,218,0.0,0.0,0.0,0.0,0.0
2019-01-22,20,0,219,0.0,0.0,0.0,0.0,0.0
2019-01-22,20,0,221,0.0,0.0,0.0,0.0,0.0
2019-01-22,20,0,225,0.0,0.0,0.0,0.0,0.0
2019-01-22,20,0,233,0.0,0.0,0.0,0.0,0.0
2019-01-22,20,0,236,11.01,11.01,0.0,86.694672,0.0
2019-01-22,20,0,237,0.0,0.0,0.0,0.0,0.0
2019-01-22,20,0,238,0.0,0.0,0.0,0.0,0.0
2019-01-22,20,0,240,0.0,0.0,0.0,0.0,0.0
2019-01-22,20,0,245,145.89,145.89,0.0,969.502955,0.0
2019-01-22,20,0,247,170.77,170.77,0.0,1134.841454,0.0
2019-01-22,20,0,248,0.0,0.0,0.0,0.0,0.0
2019-01-22,20,0,249,280.44,280.44,0.0,1863.646643,0.0
2019-01-22,20,0,251,326.4,326.4,0.0,1737.453526,0.0
2019-01-22,20,0,252,267.06,267.06,0.0,1139.343889,0.0
2019-01-22,20,0,254,0.0,0.0,0.0,0.0,0.0
2019-01-22,20,0,255,0.0,0.0,0.0,0.0,0.0
2019-01-22,20,0,258,0.0,0.0,0.0,0.0,0.0
2019-01-22,20,0,260,0.0,0.0,0.0,0.0,0.0
2019-01-22,20,0,265,0.0,0.0,0.0,0.0,0.0
2019-01-22,20,0,266,16.85,16.85,0.0,180.817755,0.0
2019-01-22,20,0,267,21.31,21.31,0.0,228.678122,0.0
2019-01-22,20,0,270,579.0,579.0,0.0,-579000.0,0.0
2019-01-22,20,0,272,150.39,150.39,0.0,-39001.149007,0.0
2019-01-22,20,0,273,0.0,0.0,0.0,-0.0,0.0
2019-01-22,20,0,274,746.4,746.4,0.0,-746400.0,0.0
2019-01-22,20,0,275,1039.0,1039.0,0.0,-1039000.0,0.0
2019-01-22,20,0,276,0.0,0.0,0.0,-0.0,0.0
2019-01-22,20,0,277,0.0,0.0,0.0,-0.0,0.0
2019-01-22,20,0,278,0.0,0.0,0.0,-0.0,0.0
2019-01-22,20,0,279,651.99,651.99,0.0,-176983.688271,0.0
2019-01-22,20,0,281,15.94,15.94,0.0,197.765427,0.0
2019-01-22,20,0,282,0.0,0.0,0.0,0.0,0.0
2019-01-22,21,0,9,0.0,0.0,0.0,0.0,0.0
2019-01-22,21,0,17,0.0,0.0,0.0,0.0,0.0
2019-01-22,21,0,19,643.3,643.3,0.0,710.81849,0.0
2019-01-22,21,0,20,780.2,780.2,0.0,862.087029,0.0
2019-01-22,21,0,21,0.0,0.0,0.0,0.0,0.0
2019-01-22,21,0,22,0.0,0.0,0.0,0.0,0.0
2019-01-22,21,0,23,108.8,108.8,0.0,1263.849107,0.0
2019-01-22,21,0,24,192.5,192.5,0.0,2236.130083,0.0
2019-01-22,21,0,29,0.0,0.0,0.0,0.0,0.0
2019-01-22,21,0,30,0.0,0.0,0.0,0.0,0.0
2019-01-22,21,0,31,37.5,37.5,0.0,436.765508,0.0
2019-01-22,21,0,32,0.0,0.0,0.0,0.0,0.0
2019-01-22,21,0,33,0.0,0.0,0.0,0.0,0.0
2019-01-22,21,0,34,0.0,0.0,0.0,0.0,0.0
2019-01-22,21,0,35,0.0,0.0,0.0,0.0,0.0
2019-01-22,21,0,36,0.0,0.0,0.0,0.0,0.0
2019-01-22,21,0,37,0.0,0.0,0.0,0.0,0.0
2019-01-22,21,0,38,0.0,0.0,0.0,0.0,0.0
2019-01-22,21,0,39,0.0,0.0,0.0,0.0,0.0
2019-01-22,21,0,40,0.0,0.0,0.0,0.0,0.0
2019-01-22,21,0,41,92.26,92.26,0.0,923.494573,0.0
2019-01-22,21,0,42,0.0,0.0,0.0,0.0,0.0
2019-01-22,21,0,43,0.0,0.0,0.0,0.0,0.0
2019-01-22,21,0,46,0.0,0.0,0.0,0.0,0.0
2019-01-22,21,0,52,39.75,39.75,0.0,462.971439,0.0
2019-01-22,21,0,53,63.15,63.15,0.0,735.513116,0.0
2019-01-22,21,0,55,186.9,186.9,0.0,2171.079026,0.0
2019-01-22,21,0,56,0.0,0.0,0.0,0.0,0.0
2019-01-22,21,0,57,0.0,0.0,0.0,0.0,0.0
2019-01-22,21,0,58,0.0,0.0,0.0,0.0,0.0
2019-01-22,21,0,59,0.0,0.0,0.0,0.0,0.0
2019-01-22,21,0,63,170.0,170.0,0.0,18771.854997,0.0
2019-01-22,21,0,64,200.0,200.0,0.0,22084.535291,0.0
2019-01-22,21,0,65,41.4,41.4,0.0,163.022086,0.0
2019-01-22,21,0,67,0.0,0.0,0.0,-0.0,0.0
2019-01-22,21,0,68,10.2,10.2,0.0,-4236.626737,0.0
2019-01-22,21,0,69,0.0,0.0,0.0,0.0,0.0
2019-01-22,21,0,74,2.12,2.12,0.0,16.45063,0.0
2019-01-22,21,0,77,172.48,172.48,0.0,-51008.327221,0.0
2019-01-22,21,0,78,130.65,130.65,0.0,-38637.743225,0.0
2019-01-22,21,0,79,75.79,75.79,0.0,-22413.735622,0.0
2019-01-22,21,0,80,122.31,122.31,0.0,-36171.315529,0.0
2019-01-22,21,0,81,159.64,159.64,0.0,-47211.093214,0.0
2019-01-22,21,0,82,112.85,112.85,0.0,-33373.664928,0.0
2019-01-22,21,0,83,250.05,250.05,0.0,-73948.470672,0.0
2019-01-22,21,0,84,0.0,0.0,0.0,0.0,0.0
2019-01-22,21,0,86,0.0,0.0,0.0,0.0,0.0
2019-01-22,21,0,87,0.0,0.0,0.0,0.0,0.0
2019-01-22,21,0,88,170.6,170.6,0.0,-50452.345918,0.0
2019-01-22,21,0,89,164.0,164.0,0.0,-48500.496662,0.0
2019-01-22,21,0,90,220.2,220.2,0.0,-65120.78881,0.0
2019-01-22,21,0,91,785.5,785.5,0.0,-232299.634925,0.0
2019-01-22,21,0,92,282.5,282.5,0.0,-83545.062847,0.0
2019-01-22,21,0,95,91.17,91.17,0.0,2044.919087,0.0
2019-01-22,21,0,96,29.88,29.88,0.0,348.977191,0.0
2019-01-22,21,0,97,183.75,183.75,0.0,2146.069573,0.0
2019-01-22,21,0,99,0.41,0.41,0.0,3.18149,0.0
2019-01-22,21,0,101,0.0,0.0,0.0,0.0,0.0
2019-01-22,21,0,102,24.15,24.15,0.0,-10030.836833,0.0
2019-01-22,21,0,103,21.0,21.0,0.0,-8722.466812,0.0
2019-01-22,21,0,104,3.9,3.9,0.0,-1619.886694,0.0
2019-01-22,21,0,106,0.0,0.0,0.0,0.0,0.0
2019-01-22,21,0,109,83.6,83.6,0.0,748.386518,0.0
2019-01-22,21,0,110,338.6,338.6,0.0,-338600.0,0.0
2019-01-22,21,0,111,0.0,0.0,0.0,0.0,0.0
2019-01-22,21,0,113,84.18,84.18,0.0,-22373.438619,0.0
2019-01-22,21,0,115,84.18,84.18,0.0,-22373.438619,0.0
2019-01-22,21,0,116,0.0,0.0,0.0,-0.0,0.0
2019-01-22,21,0,117,5.66,5.66,0.0,-1504.320059,0.0
2019-01-22,21,0,119,200.0,200.0,0.0,22084.535291,0.0
2019-01-22,21,0,120,117.6,117.6,0.0,12985.706751,0.0
2019-01-22,21,0,123,0.0,0.0,0.0,0.0,0.0
2019-01-22,21,0,125,174.2,174.2,0.0,2023.552522,0.0
2019-01-22,21,0,126,0.0,0.0,0.0,0.0,0.0
2019-01-22,21,0,127,0.0,0.0,0.0,0.0,0.0
2019-01-22,21,0,128,249.5,249.5,0.0,2898.256913,0.0
2019-01-22,21,0,131,30.0,30.0,0.0,-11307.577513,0.0
2019-01-22,21,0,132,44.1,44.1,0.0,-16622.138945,0.0
2019-01-22,21,0,133,91.59,91.59,0.0,653.281263,0.0
2019-01-22,21,0,134,0.0,0.0,0.0,0.0,0.0
2019-01-22,21,0,135,119.08,119.08,0.0,849.358367,0.0
2019-01-22,21,0,136,45.9,45.9,0.0,187.879954,0.0
2019-01-22,21,0,139,121.52,121.52,0.0,1216.378284,0.0
2019-01-22,21,0,140,250.6,250.6,0.0,-250600.0,0.0
2019-01-22,21,0,141,230.0,230.0,0.0,-128633.132069,0.0
2019-01-22,21,0,142,0.0,0.0,0.0,-0.0,0.0
2019-01-22,21,0,143,71.55,71.55,0.0,833.348589,0.0
2019-01-22,21,0,145,30.0,30.0,0.0,319.399796,0.0
2019-01-22,21,0,146,268.0,268.0,0.0,-268000.0,0.0
2019-01-22,21,0,152,0.0,0.0,0.0,0.0,0.0
2019-01-22,21,0,153,0.0,0.0,0.0,0.0,0.0
2019-01-22,21,0,154,0.0,0.0,0.0,0.0,0.0
2019-01-22,21,0,157,250.0,250.0,0.0,-139818.621814,0.0
2019-01-22,21,0,158,0.0,0.0,0.0,-0.0,0.0
2019-01-22,21,0,159,0.0,0.0,0.0,0.0,0.0
2019-01-22,21,0,160,0.0,0.0,0.0,0.0,0.0
2019-01-22,21,0,161,0.0,0.0,0.0,-0.0,0.0
2019-01-22,21,0,162,162.5,162.5,0.0,3771.739426,0.0
2019-01-22,21,0,163,185.4,185.4,0.0,-185400.0,0.0
2019-01-22,21,0,164,0.0,0.0,0.0,0.0,0.0
2019-01-22,21,0,167,0.0,0.0,0.0,0.0,0.0
2019-01-22,21,0,168,0.0,0.0,0.0,0.0,0.0
2019-01-22,21,0,169,0.0,0.0,0.0,0.0,0.0
2019-01-22,21,0,170,0.0,0.0,0.0,0.0,0.0
2019-01-22,21,0,172,0.0,0.0,0.0,0.0,0.0
2019-01-22,21,0,173,0.0,0.0,0.0,0.0,0.0
2019-01-22,21,0,188,0.0,0.0,0.0,0.0,0.0
2019-01-22,21,0,190,0.0,0.0,0.0,0.0,0.0
2019-01-22,21,0,191,0.0,0.0,0.0,0.0,0.0
2019-01-22,21,0,192,332.6,332.6,0.0,10785.405497,0.0
2019-01-22,21,0,194,176.5,176.5,0.0,-23069.698977,0.0
2019-01-22,21,0,196,0.0,0.0,0.0,0.0,0.0
2019-01-22,21,0,198,0.0,0.0,0.0,0.0,0.0
2019-01-22,21,0,199,13.26,13.26,0.0,-472.328741,0.0
2019-01-22,21,0,200,0.0,0.0,0.0,-0.0,0.0
2019-01-22,21,0,204,841.64,841.64,0.0,7637.022243,0.0
2019-01-22,21,0,205,387.97,387.97,0.0,3473.104276,0.0
2019-01-22,21,0,206,539.94,539.94,0.0,6306.115946,0.0
2019-01-22,21,0,210,0.0,0.0,0.0,0.0,0.0
2019-01-22,21,0,214,0.0,0.0,0.0,0.0,0.0
2019-01-22,21,0,217,0.0,0.0,0.0,0.0,0.0
2019-01-22,21,0,218,0.0,0.0,0.0,0.0,0.0
2019-01-22,21,0,219,0.0,0.0,0.0,0.0,0.0
2019-01-22,21,0,221,0.0,0.0,0.0,0.0,0.0
2019-01-22,21,0,225,0.0,0.0,0.0,0.0,0.0
2019-01-22,21,0,233,0.0,0.0,0.0,0.0,0.0
2019-01-22,21,0,236,0.0,0.0,0.0,0.0,0.0
2019-01-22,21,0,237,5.09,5.09,0.0,39.497031,0.0
2019-01-22,21,0,238,0.0,0.0,0.0,0.0,0.0
2019-01-22,21,0,240,0.0,0.0,0.0,0.0,0.0
2019-01-22,21,0,245,260.0,260.0,0.0,1577.132871,0.0
2019-01-22,21,0,247,103.58,103.58,0.0,628.305472,0.0
2019-01-22,21,0,248,0.51,0.51,0.0,3.957463,0.0
2019-01-22,21,0,249,500.0,500.0,0.0,3032.947828,0.0
2019-01-22,21,0,251,326.4,326.4,0.0,1597.137642,0.0
2019-01-22,21,0,252,267.06,267.06,0.0,1051.610585,0.0
2019-01-22,21,0,254,0.0,0.0,0.0,0.0,0.0
2019-01-22,21,0,255,0.0,0.0,0.0,0.0,0.0
2019-01-22,21,0,258,0.0,0.0,0.0,0.0,0.0
2019-01-22,21,0,260,0.0,0.0,0.0,0.0,0.0
2019-01-22,21,0,265,0.0,0.0,0.0,0.0,0.0
2019-01-22,21,0,266,76.1,76.1,0.0,761.737882,0.0
2019-01-22,21,0,267,95.0,95.0,0.0,950.921141,0.0
2019-01-22,21,0,270,579.0,579.0,0.0,-579000.0,0.0
2019-01-22,21,0,272,281.15,281.15,0.0,-74724.308241,0.0
2019-01-22,21,0,273,0.0,0.0,0.0,-0.0,0.0
2019-01-22,21,0,274,746.4,746.4,0.0,-746400.0,0.0
2019-01-22,21,0,275,1039.0,1039.0,0.0,-1039000.0,0.0
2019-01-22,21,0,276,0.0,0.0,0.0,-0.0,0.0
2019-01-22,21,0,277,0.0,0.0,0.0,-0.0,0.0
2019-01-22,21,0,278,0.0,0.0,0.0,-0.0,0.0
2019-01-22,21,0,279,651.69,651.69,0.0,-181032.895773,0.0
2019-01-22,21,0,281,16.83,16.83,0.0,196.02036,0.0
2019-01-22,21,0,282,0.0,0.0,0.0,0.0,0.0
2019-01-22,22,0,9,0.0,0.0,0.0,0.0,0.0
2019-01-22,22,0,17,0.0,0.0,0.0,0.0,0.0
2019-01-22,22,0,19,643.3,643.3,0.0,284.054276,0.0
2019-01-22,22,0,20,780.2,780.2,0.0,344.503569,0.0
2019-01-22,22,0,21,0.0,0.0,0.0,0.0,0.0
2019-01-22,22,0,22,0.0,0.0,0.0,0.0,0.0
2019-01-22,22,0,23,108.8,108.8,0.0,1078.031947,0.0
2019-01-22,22,0,24,192.5,192.5,0.0,1907.36351,0.0
2019-01-22,22,0,29,0.0,0.0,0.0,0.0,0.0
2019-01-22,22,0,30,0.0,0.0,0.0,0.0,0.0
2019-01-22,22,0,31,37.5,37.5,0.0,372.394407,0.0
2019-01-22,22,0,32,0.0,0.0,0.0,0.0,0.0
2019-01-22,22,0,33,0.0,0.0,0.0,0.0,0.0
2019-01-22,22,0,34,0.0,0.0,0.0,0.0,0.0
2019-01-22,22,0,35,0.0,0.0,0.0,0.0,0.0
2019-01-22,22,0,36,0.0,0.0,0.0,0.0,0.0
2019-01-22,22,0,37,0.0,0.0,0.0,0.0,0.0
2019-01-22,22,0,38,0.0,0.0,0.0,0.0,0.0
2019-01-22,22,0,39,0.0,0.0,0.0,0.0,0.0
2019-01-22,22,0,40,0.0,0.0,0.0,0.0,0.0
2019-01-22,22,0,41,116.0,116.0,0.0,1015.474361,0.0
2019-01-22,22,0,42,0.0,0.0,0.0,0.0,0.0
2019-01-22,22,0,43,0.0,0.0,0.0,0.0,0.0
2019-01-22,22,0,46,0.0,0.0,0.0,0.0,0.0
2019-01-22,22,0,52,39.75,39.75,0.0,394.738071,0.0
2019-01-22,22,0,53,63.15,63.15,0.0,627.112181,0.0
2019-01-22,22,0,55,356.65,356.65,0.0,3533.824393,0.0
2019-01-22,22,0,56,0.0,0.0,0.0,0.0,0.0
2019-01-22,22,0,57,0.0,0.0,0.0,0.0,0.0
2019-01-22,22,0,58,0.0,0.0,0.0,0.0,0.0
2019-01-22,22,0,59,0.0,0.0,0.0,0.0,0.0
2019-01-22,22,0,63,170.0,170.0,0.0,18782.644613,0.0
2019-01-22,22,0,64,200.0,200.0,0.0,22097.228957,0.0
2019-01-22,22,0,65,38.57,38.57,0.0,132.123447,0.0
2019-01-22,22,0,67,0.0,0.0,0.0,-0.0,0.0
2019-01-22,22,0,68,10.2,10.2,0.0,-4233.052358,0.0
2019-01-22,22,0,69,0.0,0.0,0.0,0.0,0.0
2019-01-22,22,0,74,11.78,11.78,0.0,84.056454,0.0
2019-01-22,22,0,77,200.0,200.0,0.0,-59051.291153,0.0
2019-01-22,22,0,78,151.2,151.2,0.0,-44642.776112,0.0
2019-01-22,22,0,79,87.5,87.5,0.0,-25834.93988,0.0
2019-01-22,22,0,80,141.5,141.5,0.0,-41778.788491,0.0
2019-01-22,22,0,81,185.0,185.0,0.0,-54622.444317,0.0
2019-01-22,22,0,82,130.5,130.5,0.0,-38530.967478,0.0
2019-01-22,22,0,83,291.0,291.0,0.0,-85919.628628,0.0
2019-01-22,22,0,84,0.0,0.0,0.0,0.0,0.0
2019-01-22,22,0,86,0.0,0.0,0.0,0.0,0.0
2019-01-22,22,0,87,0.0,0.0,0.0,0.0,0.0
2019-01-22,22,0,88,170.6,170.6,0.0,-50370.751354,0.0
2019-01-22,22,0,89,164.0,164.0,0.0,-48422.058746,0.0
2019-01-22,22,0,90,220.2,220.2,0.0,-65015.47156,0.0
2019-01-22,22,0,91,785.5,785.5,0.0,-231923.946005,0.0
2019-01-22,22,0,92,282.5,282.5,0.0,-83409.948754,0.0
2019-01-22,22,0,95,120.0,120.0,0.0,2691.568394,0.0
2019-01-22,22,0,96,29.88,29.88,0.0,297.415105,0.0
2019-01-22,22,0,97,183.75,183.75,0.0,1828.98345,0.0
2019-01-22,22,0,99,2.27,2.27,0.0,16.197636,0.0
2019-01-22,22,0,101,0.0,0.0,0.0,0.0,0.0
2019-01-22,22,0,102,24.15,24.15,0.0,-10022.373966,0.0
2019-01-22,22,0,103,21.0,21.0,0.0,-8715.107797,0.0
2019-01-22,22,0,104,3.9,3.9,0.0,-1618.520019,0.0
2019-01-22,22,0,106,0.0,0.0,0.0,0.0,0.0
2019-01-22,22,0,109,171.41,171.41,0.0,1370.456796,0.0
2019-01-22,22,0,110,338.6,338.6,0.0,-338600.0,0.0
2019-01-22,22,0,111,0.0,0.0,0.0,0.0,0.0
2019-01-22,22,0,113,149.99,149.99,0.0,-39817.711508,0.0
2019-01-22,22,0,115,149.99,149.99,0.0,-39817.711508,0.0
2019-01-22,22,0,116,0.0,0.0,0.0,-0.0,0.0
2019-01-22,22,0,117,10.0,10.0,0.0,-2654.69108,0.0
2019-01-22,22,0,119,200.0,200.0,0.0,22097.228957,0.0
2019-01-22,22,0,120,117.6,117.6,0.0,12993.170626,0.0
2019-01-22,22,0,123,0.0,0.0,0.0,0.0,0.0
2019-01-22,22,0,125,174.2,174.2,0.0,1726.040122,0.0
2019-01-22,22,0,126,0.0,0.0,0.0,0.0,0.0
2019-01-22,22,0,127,0.0,0.0,0.0,0.0,0.0
2019-01-22,22,0,128,249.5,249.5,0.0,2472.141276,0.0
2019-01-22,22,0,131,30.0,30.0,0.0,-11296.373486,0.0
2019-01-22,22,0,132,44.1,44.1,0.0,-16605.669025,0.0
2019-01-22,22,0,133,139.8,139.8,0.0,953.017546,0.0
2019-01-22,22,0,134,0.0,0.0,0.0,0.0,0.0
2019-01-22,22,0,135,187.33,187.33,0.0,1277.029878,0.0
2019-01-22,22,0,136,45.9,45.9,0.0,164.751839,0.0
2019-01-22,22,0,139,149.8,149.8,0.0,1311.36258,0.0
2019-01-22,22,0,140,250.6,250.6,0.0,-250600.0,0.0
2019-01-22,22,0,141,230.0,230.0,0.0,-128572.373911,0.0
2019-01-22,22,0,142,0.0,0.0,0.0,-0.0,0.0
2019-01-22,22,0,143,71.55,71.55,0.0,710.528528,0.0
2019-01-22,22,0,145,73.71,73.71,0.0,679.024542,0.0
2019-01-22,22,0,146,268.0,268.0,0.0,-268000.0,0.0
2019-01-22,22,0,152,0.0,0.0,0.0,0.0,0.0
2019-01-22,22,0,153,0.0,0.0,0.0,0.0,0.0
2019-01-22,22,0,154,0.0,0.0,0.0,0.0,0.0
2019-01-22,22,0,157,188.36,188.36,0.0,-105295.18413,0.0
2019-01-22,22,0,158,0.0,0.0,0.0,-0.0,0.0
2019-01-22,22,0,159,0.0,0.0,0.0,0.0,0.0
2019-01-22,22,0,160,0.0,0.0,0.0,0.0,0.0
2019-01-22,22,0,161,0.0,0.0,0.0,-0.0,0.0
2019-01-22,22,0,162,0.0,0.0,0.0,0.0,0.0
2019-01-22,22,0,163,185.4,185.4,0.0,-185400.0,0.0
2019-01-22,22,0,164,0.0,0.0,0.0,0.0,0.0
2019-01-22,22,0,167,0.0,0.0,0.0,0.0,0.0
2019-01-22,22,0,168,0.0,0.0,0.0,0.0,0.0
2019-01-22,22,0,169,0.0,0.0,0.0,0.0,0.0
2019-01-22,22,0,170,0.0,0.0,0.0,0.0,0.0
2019-01-22,22,0,172,0.0,0.0,0.0,0.0,0.0
2019-01-22,22,0,173,0.0,0.0,0.0,0.0,0.0
2019-01-22,22,0,188,0.0,0.0,0.0,0.0,0.0
2019-01-22,22,0,190,0.0,0.0,0.0,0.0,0.0
2019-01-22,22,0,191,0.0,0.0,0.0,0.0,0.0
2019-01-22,22,0,192,332.6,332.6,0.0,10785.405497,0.0
2019-01-22,22,0,194,0.0,0.0,0.0,-0.0,0.0
2019-01-22,22,0,196,0.0,0.0,0.0,0.0,0.0
2019-01-22,22,0,198,0.0,0.0,0.0,0.0,0.0
2019-01-22,22,0,199,86.84,86.84,0.0,-3028.598515,0.0
2019-01-22,22,0,200,0.0,0.0,0.0,-0.0,0.0
2019-01-22,22,0,204,857.0,857.0,0.0,6927.100048,0.0
2019-01-22,22,0,205,852.76,852.76,0.0,6817.984583,0.0
2019-01-22,22,0,206,539.94,539.94,0.0,5374.374552,0.0
2019-01-22,22,0,210,0.0,0.0,0.0,0.0,0.0
2019-01-22,22,0,214,0.0,0.0,0.0,0.0,0.0
2019-01-22,22,0,217,0.0,0.0,0.0,0.0,0.0
2019-01-22,22,0,218,0.0,0.0,0.0,0.0,0.0
2019-01-22,22,0,219,0.0,0.0,0.0,0.0,0.0
2019-01-22,22,0,221,0.0,0.0,0.0,0.0,0.0
2019-01-22,22,0,225,0.0,0.0,0.0,0.0,0.0
2019-01-22,22,0,233,0.0,0.0,0.0,0.0,0.0
2019-01-22,22,0,236,0.0,0.0,0.0,0.0,0.0
2019-01-22,22,0,237,28.26,28.26,0.0,201.649862,0.0
2019-01-22,22,0,238,0.0,0.0,0.0,0.0,0.0
2019-01-22,22,0,240,0.0,0.0,0.0,0.0,0.0
2019-01-22,22,0,245,208.06,208.06,0.0,1192.342185,0.0
2019-01-22,22,0,247,56.91,56.91,0.0,326.137623,0.0
2019-01-22,22,0,248,2.84,2.84,0.0,20.264884,0.0
2019-01-22,22,0,249,400.11,400.11,0.0,2292.934883,0.0
2019-01-22,22,0,251,501.35,501.35,0.0,2214.345853,0.0
2019-01-22,22,0,252,248.78,248.78,0.0,852.208222,0.0
2019-01-22,22,0,254,0.0,0.0,0.0,0.0,0.0
2019-01-22,22,0,255,0.0,0.0,0.0,0.0,0.0
2019-01-22,22,0,258,0.0,0.0,0.0,0.0,0.0
2019-01-22,22,0,260,0.0,0.0,0.0,0.0,0.0
2019-01-22,22,0,265,0.0,0.0,0.0,0.0,0.0
2019-01-22,22,0,266,97.0,97.0,0.0,849.146664,0.0
2019-01-22,22,0,267,119.2,119.2,0.0,1043.487447,0.0
2019-01-22,22,0,270,579.0,579.0,0.0,-579000.0,0.0
2019-01-22,22,0,272,501.3,501.3,0.0,-133079.663836,0.0
2019-01-22,22,0,273,0.0,0.0,0.0,-0.0,0.0
2019-01-22,22,0,274,746.4,746.4,0.0,-746400.0,0.0
2019-01-22,22,0,275,1039.0,1039.0,0.0,-1039000.0,0.0
2019-01-22,22,0,276,0.0,0.0,0.0,-0.0,0.0
2019-01-22,22,0,277,0.0,0.0,0.0,-0.0,0.0
2019-01-22,22,0,278,0.0,0.0,0.0,-0.0,0.0
2019-01-22,22,0,279,264.61,264.61,0.0,-73405.813728,0.0
2019-01-22,22,0,281,16.83,16.83,0.0,167.13061,0.0
2019-01-22,22,0,282,0.0,0.0,0.0,0.0,0.0
2019-01-22,23,0,9,0.0,0.0,0.0,0.0,0.0
2019-01-22,23,0,17,0.0,0.0,0.0,0.0,0.0
2019-01-22,23,0,19,184.17,184.17,0.0,1818.740689,0.0
2019-01-22,23,0,20,223.37,223.37,0.0,2205.853872,0.0
2019-01-22,23,0,21,0.0,0.0,0.0,0.0,0.0
2019-01-22,23,0,22,0.0,0.0,0.0,0.0,0.0
2019-01-22,23,0,23,108.8,108.8,0.0,1232.0083,0.0
2019-01-22,23,0,24,192.5,192.5,0.0,2179.794097,0.0
2019-01-22,23,0,29,0.0,0.0,0.0,0.0,0.0
2019-01-22,23,0,30,0.0,0.0,0.0,0.0,0.0
2019-01-22,23,0,31,37.5,37.5,0.0,425.917401,0.0
2019-01-22,23,0,32,0.0,0.0,0.0,0.0,0.0
2019-01-22,23,0,33,0.0,0.0,0.0,0.0,0.0
2019-01-22,23,0,34,0.0,0.0,0.0,0.0,0.0
2019-01-22,23,0,35,0.0,0.0,0.0,0.0,0.0
2019-01-22,23,0,36,0.0,0.0,0.0,0.0,0.0
2019-01-22,23,0,37,0.0,0.0,0.0,0.0,0.0
2019-01-22,23,0,38,0.0,0.0,0.0,0.0,0.0
2019-01-22,23,0,39,0.0,0.0,0.0,0.0,0.0
2019-01-22,23,0,40,0.0,0.0,0.0,0.0,0.0
2019-01-22,23,0,41,116.0,116.0,0.0,1119.811882,0.0
2019-01-22,23,0,42,0.0,0.0,0.0,0.0,0.0
2019-01-22,23,0,43,0.0,0.0,0.0,0.0,0.0
2019-01-22,23,0,46,0.0,0.0,0.0,0.0,0.0
2019-01-22,23,0,52,39.75,39.75,0.0,451.472445,0.0
2019-01-22,23,0,53,63.15,63.15,0.0,717.244903,0.0
2019-01-22,23,0,55,623.0,623.0,0.0,7054.606351,0.0
2019-01-22,23,0,56,0.0,0.0,0.0,0.0,0.0
2019-01-22,23,0,57,0.0,0.0,0.0,0.0,0.0
2019-01-22,23,0,58,0.0,0.0,0.0,0.0,0.0
2019-01-22,23,0,59,0.0,0.0,0.0,0.0,0.0
2019-01-22,23,0,63,170.0,170.0,0.0,18092.282746,0.0
2019-01-22,23,0,64,200.0,200.0,0.0,21285.038524,0.0
2019-01-22,23,0,65,17.25,17.25,0.0,171.3558,0.0
2019-01-22,23,0,67,0.0,0.0,0.0,-0.0,0.0
2019-01-22,23,0,68,10.2,10.2,0.0,-4258.13556,0.0
2019-01-22,23,0,69,0.0,0.0,0.0,0.0,0.0
2019-01-22,23,0,74,27.12,27.12,0.0,250.676467,0.0
2019-01-22,23,0,77,200.0,200.0,0.0,-59659.808483,0.0
2019-01-22,23,0,78,151.2,151.2,0.0,-45102.815213,0.0
2019-01-22,23,0,79,87.5,87.5,0.0,-26101.166211,0.0
2019-01-22,23,0,80,141.5,141.5,0.0,-42209.314502,0.0
2019-01-22,23,0,81,185.0,185.0,0.0,-55185.322847,0.0
2019-01-22,23,0,82,130.5,130.5,0.0,-38928.025035,0.0
2019-01-22,23,0,83,291.0,291.0,0.0,-86805.021343,0.0
2019-01-22,23,0,84,0.0,0.0,0.0,0.0,0.0
2019-01-22,23,0,86,0.0,0.0,0.0,0.0,0.0
2019-01-22,23,0,87,0.0,0.0,0.0,0.0,0.0
2019-01-22,23,0,88,170.6,170.6,0.0,-50889.816636,0.0
2019-01-22,23,0,89,164.0,164.0,0.0,-48921.042956,0.0
2019-01-22,23,0,90,220.2,220.2,0.0,-65685.44914,0.0
2019-01-22,23,0,91,785.5,785.5,0.0,-234313.897818,0.0
2019-01-22,23,0,92,282.5,282.5,0.0,-84269.479482,0.0
2019-01-22,23,0,95,120.0,120.0,0.0,2691.568394,0.0
2019-01-22,23,0,96,29.88,29.88,0.0,340.438706,0.0
2019-01-22,23,0,97,183.75,183.75,0.0,2093.56132,0.0
2019-01-22,23,0,99,5.23,5.23,0.0,48.342106,0.0
2019-01-22,23,0,101,0.0,0.0,0.0,0.0,0.0
2019-01-22,23,0,102,24.15,24.15,0.0,-10081.762136,0.0
2019-01-22,23,0,103,21.0,21.0,0.0,-8766.749683,0.0
2019-01-22,23,0,104,3.9,3.9,0.0,-1628.110655,0.0
2019-01-22,23,0,106,0.0,0.0,0.0,0.0,0.0
2019-01-22,23,0,109,200.0,200.0,0.0,1644.123969,0.0
2019-01-22,23,0,110,338.6,338.6,0.0,-338600.0,0.0
2019-01-22,23,0,111,0.0,0.0,0.0,0.0,0.0
2019-01-22,23,0,113,150.0,150.0,0.0,-40256.095252,0.0
2019-01-22,23,0,115,150.0,150.0,0.0,-40256.095252,0.0
2019-01-22,23,0,116,0.0,0.0,0.0,-0.0,0.0
2019-01-22,23,0,117,10.0,10.0,0.0,-2683.739683,0.0
2019-01-22,23,0,119,200.0,200.0,0.0,21285.038524,0.0
2019-01-22,23,0,120,117.6,117.6,0.0,12515.602652,0.0
2019-01-22,23,0,123,0.0,0.0,0.0,0.0,0.0
2019-01-22,23,0,125,174.2,174.2,0.0,1972.572113,0.0
2019-01-22,23,0,126,0.0,0.0,0.0,0.0,0.0
2019-01-22,23,0,127,0.0,0.0,0.0,0.0,0.0
2019-01-22,23,0,128,249.5,249.5,0.0,2825.239622,0.0
2019-01-22,23,0,131,30.0,30.0,0.0,-11374.997746,0.0
2019-01-22,23,0,132,44.1,44.1,0.0,-16721.246687,0.0
2019-01-22,23,0,133,37.76,37.76,0.0,372.685175,0.0
2019-01-22,23,0,134,0.0,0.0,0.0,0.0,0.0
2019-01-22,23,0,135,50.6,50.6,0.0,499.413926,0.0
2019-01-22,23,0,136,32.19,32.19,0.0,319.867907,0.0
2019-01-22,23,0,139,149.8,149.8,0.0,1446.101896,0.0
2019-01-22,23,0,140,250.6,250.6,0.0,-250600.0,0.0
2019-01-22,23,0,141,230.0,230.0,0.0,-128998.744275,0.0
2019-01-22,23,0,142,0.0,0.0,0.0,-0.0,0.0
2019-01-22,23,0,143,71.55,71.55,0.0,812.650401,0.0
2019-01-22,23,0,145,30.0,30.0,0.0,306.518134,0.0
2019-01-22,23,0,146,268.0,268.0,0.0,-268000.0,0.0
2019-01-22,23,0,152,0.0,0.0,0.0,0.0,0.0
2019-01-22,23,0,153,0.0,0.0,0.0,0.0,0.0
2019-01-22,23,0,154,0.0,0.0,0.0,0.0,0.0
2019-01-22,23,0,157,87.22,87.22,0.0,-48918.567286,0.0
2019-01-22,23,0,158,0.0,0.0,0.0,-0.0,0.0
2019-01-22,23,0,159,0.0,0.0,0.0,0.0,0.0
2019-01-22,23,0,160,0.0,0.0,0.0,0.0,0.0
2019-01-22,23,0,161,0.0,0.0,0.0,-0.0,0.0
2019-01-22,23,0,162,48.75,48.75,0.0,1131.837498,0.0
2019-01-22,23,0,163,185.4,185.4,0.0,-185400.0,0.0
2019-01-22,23,0,164,0.0,0.0,0.0,0.0,0.0
2019-01-22,23,0,167,0.0,0.0,0.0,0.0,0.0
2019-01-22,23,0,168,0.0,0.0,0.0,0.0,0.0
2019-01-22,23,0,169,0.0,0.0,0.0,0.0,0.0
2019-01-22,23,0,170,0.0,0.0,0.0,0.0,0.0
2019-01-22,23,0,172,0.0,0.0,0.0,0.0,0.0
2019-01-22,23,0,173,0.0,0.0,0.0,0.0,0.0
2019-01-22,23,0,188,0.0,0.0,0.0,0.0,0.0
2019-01-22,23,0,190,0.0,0.0,0.0,0.0,0.0
2019-01-22,23,0,191,0.0,0.0,0.0,0.0,0.0
2019-01-22,23,0,192,332.6,332.6,0.0,10785.405497,0.0
2019-01-22,23,0,194,176.5,176.5,0.0,-23600.299563,0.0
2019-01-22,23,0,196,0.0,0.0,0.0,0.0,0.0
2019-01-22,23,0,198,0.0,0.0,0.0,0.0,0.0
2019-01-22,23,0,199,95.85,95.85,0.0,-3405.373741,0.0
2019-01-22,23,0,200,0.0,0.0,0.0,-0.0,0.0
2019-01-22,23,0,204,857.0,857.0,0.0,7211.850202,0.0
2019-01-22,23,0,205,1058.0,1058.0,0.0,8697.415798,0.0
2019-01-22,23,0,206,539.94,539.94,0.0,6151.823125,0.0
2019-01-22,23,0,210,0.0,0.0,0.0,0.0,0.0
2019-01-22,23,0,214,0.0,0.0,0.0,0.0,0.0
2019-01-22,23,0,217,0.0,0.0,0.0,0.0,0.0
2019-01-22,23,0,218,0.0,0.0,0.0,0.0,0.0
2019-01-22,23,0,219,0.0,0.0,0.0,0.0,0.0
2019-01-22,23,0,221,0.0,0.0,0.0,0.0,0.0
2019-01-22,23,0,225,0.0,0.0,0.0,0.0,0.0
2019-01-22,23,0,233,0.0,0.0,0.0,0.0,0.0
2019-01-22,23,0,236,4.22,4.22,0.0,46.558803,0.0
2019-01-22,23,0,237,65.06,65.06,0.0,601.36471,0.0
2019-01-22,23,0,238,0.0,0.0,0.0,0.0,0.0
2019-01-22,23,0,240,0.0,0.0,0.0,0.0,0.0
2019-01-22,23,0,245,48.32,48.32,0.0,466.811205,0.0
2019-01-22,23,0,247,12.71,12.71,0.0,122.789123,0.0
2019-01-22,23,0,248,6.53,6.53,0.0,60.358309,0.0
2019-01-22,23,0,249,92.93,92.93,0.0,897.780739,0.0
2019-01-22,23,0,251,97.34,97.34,0.0,976.265982,0.0
2019-01-22,23,0,252,111.27,111.27,0.0,1105.31941,0.0
2019-01-22,23,0,254,0.0,0.0,0.0,0.0,0.0
2019-01-22,23,0,255,0.0,0.0,0.0,0.0,0.0
2019-01-22,23,0,258,0.0,0.0,0.0,0.0,0.0
2019-01-22,23,0,260,0.0,0.0,0.0,0.0,0.0
2019-01-22,23,0,265,0.0,0.0,0.0,0.0,0.0
2019-01-22,23,0,266,97.0,97.0,0.0,936.394419,0.0
2019-01-22,23,0,267,119.2,119.2,0.0,1150.703244,0.0
2019-01-22,23,0,270,579.0,579.0,0.0,-579000.0,0.0
2019-01-22,23,0,272,501.3,501.3,0.0,-134535.870331,0.0
2019-01-22,23,0,273,0.0,0.0,0.0,-0.0,0.0
2019-01-22,23,0,274,746.4,746.4,0.0,-746400.0,0.0
2019-01-22,23,0,275,1039.0,1039.0,0.0,-1039000.0,0.0
2019-01-22,23,0,276,0.0,0.0,0.0,-0.0,0.0
2019-01-22,23,0,277,0.0,0.0,0.0,-0.0,0.0
2019-01-22,23,0,278,0.0,0.0,0.0,-0.0,0.0
2019-01-22,23,0,279,264.6,264.6,0.0,-74186.276002,0.0
2019-01-22,23,0,281,16.83,16.83,0.0,191.151729,0.0
2019-01-22,23,0,282,0.0,0.0,0.0,0.0,0.0
2019-01-23,0,0,9,0.0,0.0,0.0,0.0,0.0
2019-01-23,0,0,17,0.0,0.0,0.0,0.0,0.0
2019-01-23,0,0,19,27.15,27.15,0.0,398.230169,0.0
2019-01-23,0,0,20,32.93,32.93,0.0,483.009926,0.0
2019-01-23,0,0,21,0.0,0.0,0.0,0.0,0.0
2019-01-23,0,0,22,0.0,0.0,0.0,0.0,0.0
2019-01-23,0,0,23,108.8,108.8,0.0,1229.718507,0.0
2019-01-23,0,0,24,192.5,192.5,0.0,2175.742762,0.0
2019-01-23,0,0,29,0.0,0.0,0.0,0.0,0.0
2019-01-23,0,0,30,0.0,0.0,0.0,0.0,0.0
2019-01-23,0,0,31,37.5,37.5,0.0,425.917401,0.0
2019-01-23,0,0,32,0.0,0.0,0.0,0.0,0.0
2019-01-23,0,0,33,0.0,0.0,0.0,0.0,0.0
2019-01-23,0,0,34,0.0,0.0,0.0,0.0,0.0
2019-01-23,0,0,35,0.0,0.0,0.0,0.0,0.0
2019-01-23,0,0,36,0.0,0.0,0.0,0.0,0.0
2019-01-23,0,0,37,0.0,0.0,0.0,0.0,0.0
2019-01-23,0,0,38,0.0,0.0,0.0,0.0,0.0
2019-01-23,0,0,39,0.0,0.0,0.0,0.0,0.0
2019-01-23,0,0,40,0.0,0.0,0.0,0.0,0.0
2019-01-23,0,0,41,116.0,116.0,0.0,1018.18454,0.0
2019-01-23,0,0,42,0.0,0.0,0.0,0.0,0.0
2019-01-23,0,0,43,0.0,0.0,0.0,0.0,0.0
2019-01-23,0,0,46,0.0,0.0,0.0,0.0,0.0
2019-01-23,0,0,52,39.75,39.75,0.0,451.472445,0.0
2019-01-23,0,0,53,63.15,63.15,0.0,717.244903,0.0
2019-01-23,0,0,55,622.97,622.97,0.0,7041.155682,0.0
2019-01-23,0,0,56,0.0,0.0,0.0,0.0,0.0
2019-01-23,0,0,57,0.0,0.0,0.0,0.0,0.0
2019-01-23,0,0,58,0.0,0.0,0.0,0.0,0.0
2019-01-23,0,0,59,0.0,0.0,0.0,0.0,0.0
2019-01-23,0,0,63,170.0,170.0,0.0,18074.343925,0.0
2019-01-23,0,0,64,200.0,200.0,0.0,21263.934029,0.0
2019-01-23,0,0,65,5.98,5.98,0.0,88.412403,0.0
2019-01-23,0,0,67,0.0,0.0,0.0,-0.0,0.0
2019-01-23,0,0,68,10.2,10.2,0.0,-4267.049021,0.0
2019-01-23,0,0,69,0.0,0.0,0.0,0.0,0.0
2019-01-23,0,0,74,52.56,52.56,0.0,582.517813,0.0
2019-01-23,0,0,77,200.0,200.0,0.0,-59898.279815,0.0
2019-01-23,0,0,78,151.2,151.2,0.0,-45283.09954,0.0
2019-01-23,0,0,79,87.5,87.5,0.0,-26205.497419,0.0
2019-01-23,0,0,80,141.5,141.5,0.0,-42378.032969,0.0
2019-01-23,0,0,81,185.0,185.0,0.0,-55405.908828,0.0
2019-01-23,0,0,82,130.5,130.5,0.0,-39083.627579,0.0
2019-01-23,0,0,83,291.0,291.0,0.0,-87151.99713,0.0
2019-01-23,0,0,84,0.0,0.0,0.0,0.0,0.0
2019-01-23,0,0,86,0.0,0.0,0.0,0.0,0.0
2019-01-23,0,0,87,0.0,0.0,0.0,0.0,0.0
2019-01-23,0,0,88,170.6,170.6,0.0,-51093.232682,0.0
2019-01-23,0,0,89,164.0,164.0,0.0,-49116.589448,0.0
2019-01-23,0,0,90,220.2,220.2,0.0,-65948.006076,0.0
2019-01-23,0,0,91,785.5,785.5,0.0,-235250.493972,0.0
2019-01-23,0,0,92,282.5,282.5,0.0,-84606.320238,0.0
2019-01-23,0,0,95,67.44,67.44,0.0,1512.661437,0.0
2019-01-23,0,0,96,29.88,29.88,0.0,341.095918,0.0
2019-01-23,0,0,97,183.75,183.75,0.0,2097.602907,0.0
2019-01-23,0,0,99,10.14,10.14,0.0,112.38072,0.0
2019-01-23,0,0,101,0.0,0.0,0.0,0.0,0.0
2019-01-23,0,0,102,24.15,24.15,0.0,-10102.866064,0.0
2019-01-23,0,0,103,21.0,21.0,0.0,-8785.100926,0.0
2019-01-23,0,0,104,3.9,3.9,0.0,-1631.518743,0.0
2019-01-23,0,0,106,0.0,0.0,0.0,0.0,0.0
2019-01-23,0,0,109,200.0,200.0,0.0,1214.435305,0.0
2019-01-23,0,0,110,338.6,338.6,0.0,-338600.0,0.0
2019-01-23,0,0,111,0.0,0.0,0.0,0.0,0.0
2019-01-23,0,0,113,150.0,150.0,0.0,-40372.848552,0.0
2019-01-23,0,0,115,150.0,150.0,0.0,-40372.848552,0.0
2019-01-23,0,0,116,0.0,0.0,0.0,-0.0,0.0
2019-01-23,0,0,117,10.0,10.0,0.0,-2691.523237,0.0
2019-01-23,0,0,119,200.0,200.0,0.0,21263.934029,0.0
2019-01-23,0,0,120,117.6,117.6,0.0,12503.193209,0.0
2019-01-23,0,0,123,0.0,0.0,0.0,0.0,0.0
2019-01-23,0,0,125,174.2,174.2,0.0,1968.905918,0.0
2019-01-23,0,0,126,0.0,0.0,0.0,0.0,0.0
2019-01-23,0,0,127,0.0,0.0,0.0,0.0,0.0
2019-01-23,0,0,128,249.5,249.5,0.0,2819.988671,0.0
2019-01-23,0,0,131,30.0,30.0,0.0,-11402.937331,0.0
2019-01-23,0,0,132,44.1,44.1,0.0,-16762.317876,0.0
2019-01-23,0,0,133,5.86,5.86,0.0,85.888635,0.0
2019-01-23,0,0,134,0.0,0.0,0.0,0.0,0.0
2019-01-23,0,0,135,7.85,7.85,0.0,115.055595,0.0
2019-01-23,0,0,136,14.27,14.27,0.0,211.069006,0.0
2019-01-23,0,0,139,149.8,149.8,0.0,1314.862449,0.0
2019-01-23,0,0,140,250.6,250.6,0.0,-250600.0,0.0
2019-01-23,0,0,141,230.0,230.0,0.0,-129150.257444,0.0
2019-01-23,0,0,142,0.0,0.0,0.0,-0.0,0.0
2019-01-23,0,0,143,181.61,181.61,0.0,2062.689577,0.0
2019-01-23,0,0,145,30.0,30.0,0.0,284.040501,0.0
2019-01-23,0,0,146,268.0,268.0,0.0,-268000.0,0.0
2019-01-23,0,0,152,0.0,0.0,0.0,0.0,0.0
2019-01-23,0,0,153,0.0,0.0,0.0,0.0,0.0
2019-01-23,0,0,154,0.0,0.0,0.0,0.0,0.0
2019-01-23,0,0,157,34.7,34.7,0.0,-19484.843188,0.0
2019-01-23,0,0,158,0.0,0.0,0.0,-0.0,0.0
2019-01-23,0,0,159,0.0,0.0,0.0,0.0,0.0
2019-01-23,0,0,160,0.0,0.0,0.0,0.0,0.0
2019-01-23,0,0,161,0.0,0.0,0.0,-0.0,0.0
2019-01-23,0,0,162,48.75,48.75,0.0,1131.38788,0.0
2019-01-23,0,0,163,185.4,185.4,0.0,-185400.0,0.0
2019-01-23,0,0,164,0.0,0.0,0.0,0.0,0.0
2019-01-23,0,0,167,0.0,0.0,0.0,0.0,0.0
2019-01-23,0,0,168,0.0,0.0,0.0,0.0,0.0
2019-01-23,0,0,169,0.0,0.0,0.0,0.0,0.0
2019-01-23,0,0,170,0.0,0.0,0.0,0.0,0.0
2019-01-23,0,0,172,0.0,0.0,0.0,0.0,0.0
2019-01-23,0,0,173,0.0,0.0,0.0,0.0,0.0
2019-01-23,0,0,188,0.0,0.0,0.0,0.0,0.0
2019-01-23,0,0,190,0.0,0.0,0.0,0.0,0.0
2019-01-23,0,0,191,0.0,0.0,0.0,0.0,0.0
2019-01-23,0,0,192,332.6,332.6,0.0,10785.405497,0.0
2019-01-23,0,0,194,176.5,176.5,0.0,-23697.764832,0.0
2019-01-23,0,0,196,0.0,0.0,0.0,0.0,0.0
2019-01-23,0,0,198,0.0,0.0,0.0,0.0,0.0
2019-01-23,0,0,199,39.0,39.0,0.0,-1467.663035,0.0
2019-01-23,0,0,200,0.0,0.0,0.0,-0.0,0.0
2019-01-23,0,0,204,857.0,857.0,0.0,5536.534946,0.0
2019-01-23,0,0,205,1058.0,1058.0,0.0,6424.362765,0.0
2019-01-23,0,0,206,539.94,539.94,0.0,6163.699122,0.0
2019-01-23,0,0,210,0.0,0.0,0.0,0.0,0.0
2019-01-23,0,0,214,0.0,0.0,0.0,0.0,0.0
2019-01-23,0,0,217,0.0,0.0,0.0,0.0,0.0
2019-01-23,0,0,218,0.0,0.0,0.0,0.0,0.0
2019-01-23,0,0,219,0.0,0.0,0.0,0.0,0.0
2019-01-23,0,0,221,0.0,0.0,0.0,0.0,0.0
2019-01-23,0,0,225,0.0,0.0,0.0,0.0,0.0
2019-01-23,0,0,233,0.0,0.0,0.0,0.0,0.0
2019-01-23,0,0,236,14.37,14.37,0.0,249.24541,0.0
2019-01-23,0,0,237,126.08,126.08,0.0,1397.333444,0.0
2019-01-23,0,0,238,0.0,0.0,0.0,0.0,0.0
2019-01-23,0,0,240,0.0,0.0,0.0,0.0,0.0
2019-01-23,0,0,245,5.92,5.92,0.0,84.288275,0.0
2019-01-23,0,0,247,5.02,5.02,0.0,71.474179,0.0
2019-01-23,0,0,248,12.66,12.66,0.0,140.309656,0.0
2019-01-23,0,0,249,11.09,11.09,0.0,157.898137,0.0
2019-01-23,0,0,251,31.13,31.13,0.0,466.222216,0.0
2019-01-23,0,0,252,38.56,38.56,0.0,570.097367,0.0
2019-01-23,0,0,254,0.0,0.0,0.0,0.0,0.0
2019-01-23,0,0,255,0.0,0.0,0.0,0.0,0.0
2019-01-23,0,0,258,0.0,0.0,0.0,0.0,0.0
2019-01-23,0,0,260,0.0,0.0,0.0,0.0,0.0
2019-01-23,0,0,265,0.0,0.0,0.0,0.0,0.0
2019-01-23,0,0,266,97.0,97.0,0.0,851.412934,0.0
2019-01-23,0,0,267,119.2,119.2,0.0,1046.272389,0.0
2019-01-23,0,0,270,579.0,579.0,0.0,-579000.0,0.0
2019-01-23,0,0,272,501.3,501.3,0.0,-134926.059861,0.0
2019-01-23,0,0,273,0.0,0.0,0.0,-0.0,0.0
2019-01-23,0,0,274,746.4,746.4,0.0,-746400.0,0.0
2019-01-23,0,0,275,1039.0,1039.0,0.0,-1039000.0,0.0
2019-01-23,0,0,276,0.0,0.0,0.0,-0.0,0.0
2019-01-23,0,0,277,0.0,0.0,0.0,-0.0,0.0
2019-01-23,0,0,278,0.0,0.0,0.0,-0.0,0.0
2019-01-23,0,0,279,264.6,264.6,0.0,-74436.147082,0.0
2019-01-23,0,0,281,16.83,16.83,0.0,191.151729,0.0
2019-01-23,0,0,282,0.0,0.0,0.0,0.0,0.0
2019-01-23,1,0,9,0.0,0.0,0.0,0.0,0.0
2019-01-23,1,0,17,0.0,0.0,0.0,0.0,0.0
2019-01-23,1,0,19,19.63,19.63,0.0,268.596814,0.0
2019-01-23,1,0,20,23.81,23.81,0.0,325.791652,0.0
2019-01-23,1,0,21,0.0,0.0,0.0,0.0,0.0
2019-01-23,1,0,22,0.0,0.0,0.0,0.0,0.0
2019-01-23,1,0,23,108.8,108.8,0.0,1460.110365,0.0
2019-01-23,1,0,24,192.5,192.5,0.0,2583.375416,0.0
2019-01-23,1,0,29,0.0,0.0,0.0,0.0,0.0
2019-01-23,1,0,30,0.0,0.0,0.0,0.0,0.0
2019-01-23,1,0,31,28.4,28.4,0.0,382.148483,0.0
2019-01-23,1,0,32,0.0,0.0,0.0,0.0,0.0
2019-01-23,1,0,33,0.0,0.0,0.0,0.0,0.0
2019-01-23,1,0,34,0.0,0.0,0.0,0.0,0.0
2019-01-23,1,0,35,0.0,0.0,0.0,0.0,0.0
2019-01-23,1,0,36,0.0,0.0,0.0,0.0,0.0
2019-01-23,1,0,37,0.0,0.0,0.0,0.0,0.0
2019-01-23,1,0,38,0.0,0.0,0.0,0.0,0.0
2019-01-23,1,0,39,0.0,0.0,0.0,0.0,0.0
2019-01-23,1,0,40,0.0,0.0,0.0,0.0,0.0
2019-01-23,1,0,41,116.0,116.0,0.0,1359.696706,0.0
2019-01-23,1,0,42,0.0,0.0,0.0,0.0,0.0
2019-01-23,1,0,43,0.0,0.0,0.0,0.0,0.0
2019-01-23,1,0,46,0.0,0.0,0.0,0.0,0.0
2019-01-23,1,0,52,30.23,30.23,0.0,406.77284,0.0
2019-01-23,1,0,53,49.42,49.42,0.0,664.992185,0.0
2019-01-23,1,0,55,337.45,337.45,0.0,4528.623554,0.0
2019-01-23,1,0,56,0.0,0.0,0.0,0.0,0.0
2019-01-23,1,0,57,0.0,0.0,0.0,0.0,0.0
2019-01-23,1,0,58,0.0,0.0,0.0,0.0,0.0
2019-01-23,1,0,59,0.0,0.0,0.0,0.0,0.0
2019-01-23,1,0,63,170.0,170.0,0.0,18793.425504,0.0
2019-01-23,1,0,64,200.0,200.0,0.0,22109.912358,0.0
2019-01-23,1,0,65,1.42,1.42,0.0,19.529446,0.0
2019-01-23,1,0,67,0.0,0.0,0.0,-0.0,0.0
2019-01-23,1,0,68,10.2,10.2,0.0,-4236.184874,0.0
2019-01-23,1,0,69,0.0,0.0,0.0,0.0,0.0
2019-01-23,1,0,74,65.28,65.28,0.0,798.319436,0.0
2019-01-23,1,0,77,200.0,200.0,0.0,-59143.434868,0.0
2019-01-23,1,0,78,151.2,151.2,0.0,-44712.43676,0.0
2019-01-23,1,0,79,87.5,87.5,0.0,-25875.252755,0.0
2019-01-23,1,0,80,141.5,141.5,0.0,-41843.980169,0.0
2019-01-23,1,0,81,185.0,185.0,0.0,-54707.677253,0.0
2019-01-23,1,0,82,130.5,130.5,0.0,-38591.091251,0.0
2019-01-23,1,0,83,291.0,291.0,0.0,-86053.697732,0.0
2019-01-23,1,0,84,0.0,0.0,0.0,0.0,0.0
2019-01-23,1,0,86,0.0,0.0,0.0,0.0,0.0
2019-01-23,1,0,87,0.0,0.0,0.0,0.0,0.0
2019-01-23,1,0,88,170.6,170.6,0.0,-50449.349942,0.0
2019-01-23,1,0,89,164.0,164.0,0.0,-48497.616591,0.0
2019-01-23,1,0,90,220.2,220.2,0.0,-65116.921789,0.0
2019-01-23,1,0,91,785.5,785.5,0.0,-232285.840443,0.0
2019-01-23,1,0,92,282.5,282.5,0.0,-83540.101751,0.0
2019-01-23,1,0,95,0.0,0.0,0.0,0.0,0.0
2019-01-23,1,0,96,29.88,29.88,0.0,403.181224,0.0
2019-01-23,1,0,97,183.75,183.75,0.0,2479.40261,0.0
2019-01-23,1,0,99,12.6,12.6,0.0,154.087391,0.0
2019-01-23,1,0,101,0.0,0.0,0.0,0.0,0.0
2019-01-23,1,0,102,24.15,24.15,0.0,-10029.790658,0.0
2019-01-23,1,0,103,21.0,21.0,0.0,-8721.557094,0.0
2019-01-23,1,0,104,3.9,3.9,0.0,-1619.717746,0.0
2019-01-23,1,0,106,0.0,0.0,0.0,0.0,0.0
2019-01-23,1,0,109,0.0,0.0,0.0,0.0,0.0
2019-01-23,1,0,110,338.6,338.6,0.0,-338600.0,0.0
2019-01-23,1,0,111,0.0,0.0,0.0,0.0,0.0
2019-01-23,1,0,113,84.36,84.36,0.0,-22410.018253,0.0
2019-01-23,1,0,115,84.36,84.36,0.0,-22410.018253,0.0
2019-01-23,1,0,116,0.0,0.0,0.0,-0.0,0.0
2019-01-23,1,0,117,5.76,5.76,0.0,-1530.129269,0.0
2019-01-23,1,0,119,200.0,200.0,0.0,22109.912358,0.0
2019-01-23,1,0,120,117.6,117.6,0.0,13000.628467,0.0
2019-01-23,1,0,123,0.0,0.0,0.0,0.0,0.0
2019-01-23,1,0,125,174.2,174.2,0.0,2337.787,0.0
2019-01-23,1,0,126,0.0,0.0,0.0,0.0,0.0
2019-01-23,1,0,127,0.0,0.0,0.0,0.0,0.0
2019-01-23,1,0,128,249.5,249.5,0.0,3348.322942,0.0
2019-01-23,1,0,131,30.0,30.0,0.0,-11306.192477,0.0
2019-01-23,1,0,132,44.1,44.1,0.0,-16620.102941,0.0
2019-01-23,1,0,133,10.37,10.37,0.0,141.823916,0.0
2019-01-23,1,0,134,0.0,0.0,0.0,0.0,0.0
2019-01-23,1,0,135,13.89,13.89,0.0,189.964724,0.0
2019-01-23,1,0,136,4.66,4.66,0.0,64.107538,0.0
2019-01-23,1,0,139,149.8,149.8,0.0,1755.884194,0.0
2019-01-23,1,0,140,250.6,250.6,0.0,-250600.0,0.0
2019-01-23,1,0,141,122.25,122.25,0.0,-68367.313862,0.0
2019-01-23,1,0,142,0.0,0.0,0.0,-0.0,0.0
2019-01-23,1,0,143,76.68,76.68,0.0,1031.800905,0.0
2019-01-23,1,0,145,30.0,30.0,0.0,367.442288,0.0
2019-01-23,1,0,146,225.45,225.45,0.0,-225450.0,0.0
2019-01-23,1,0,152,0.0,0.0,0.0,0.0,0.0
2019-01-23,1,0,153,0.0,0.0,0.0,0.0,0.0
2019-01-23,1,0,154,0.0,0.0,0.0,0.0,0.0
2019-01-23,1,0,157,13.59,13.59,0.0,-7600.096486,0.0
2019-01-23,1,0,158,0.0,0.0,0.0,-0.0,0.0
2019-01-23,1,0,159,0.0,0.0,0.0,0.0,0.0
2019-01-23,1,0,160,0.0,0.0,0.0,0.0,0.0
2019-01-23,1,0,161,0.0,0.0,0.0,-0.0,0.0
2019-01-23,1,0,162,48.75,48.75,0.0,1131.352503,0.0
2019-01-23,1,0,163,185.4,185.4,0.0,-185400.0,0.0
2019-01-23,1,0,164,0.0,0.0,0.0,0.0,0.0
2019-01-23,1,0,167,0.0,0.0,0.0,0.0,0.0
2019-01-23,1,0,168,0.0,0.0,0.0,0.0,0.0
2019-01-23,1,0,169,0.0,0.0,0.0,0.0,0.0
2019-01-23,1,0,170,0.0,0.0,0.0,0.0,0.0
2019-01-23,1,0,172,0.0,0.0,0.0,0.0,0.0
2019-01-23,1,0,173,0.0,0.0,0.0,0.0,0.0
2019-01-23,1,0,188,0.0,0.0,0.0,0.0,0.0
2019-01-23,1,0,190,0.0,0.0,0.0,0.0,0.0
2019-01-23,1,0,191,0.0,0.0,0.0,0.0,0.0
2019-01-23,1,0,192,332.6,332.6,0.0,10785.405497,0.0
2019-01-23,1,0,194,176.5,176.5,0.0,-23025.647443,0.0
2019-01-23,1,0,196,0.0,0.0,0.0,0.0,0.0
2019-01-23,1,0,198,0.0,0.0,0.0,0.0,0.0
2019-01-23,1,0,199,0.0,0.0,0.0,-0.0,0.0
2019-01-23,1,0,200,0.0,0.0,0.0,-0.0,0.0
2019-01-23,1,0,204,0.0,0.0,0.0,0.0,0.0
2019-01-23,1,0,205,0.0,0.0,0.0,0.0,0.0
2019-01-23,1,0,206,539.94,539.94,0.0,7285.598068,0.0
2019-01-23,1,0,210,0.0,0.0,0.0,0.0,0.0
2019-01-23,1,0,214,0.0,0.0,0.0,0.0,0.0
2019-01-23,1,0,217,0.0,0.0,0.0,0.0,0.0
2019-01-23,1,0,218,0.0,0.0,0.0,0.0,0.0
2019-01-23,1,0,219,0.0,0.0,0.0,0.0,0.0
2019-01-23,1,0,221,0.0,0.0,0.0,0.0,0.0
2019-01-23,1,0,225,0.0,0.0,0.0,0.0,0.0
2019-01-23,1,0,233,0.0,0.0,0.0,0.0,0.0
2019-01-23,1,0,236,37.35,37.35,0.0,567.048247,0.0
2019-01-23,1,0,237,156.6,156.6,0.0,1915.086148,0.0
2019-01-23,1,0,238,0.0,0.0,0.0,0.0,0.0
2019-01-23,1,0,240,0.0,0.0,0.0,0.0,0.0
2019-01-23,1,0,245,7.76,7.76,0.0,104.177954,0.0
2019-01-23,1,0,247,19.74,19.74,0.0,265.009382,0.0
2019-01-23,1,0,248,15.72,15.72,0.0,192.242364,0.0
2019-01-23,1,0,249,14.92,14.92,0.0,200.300911,0.0
2019-01-23,1,0,251,10.95,10.95,0.0,151.858043,0.0
2019-01-23,1,0,252,9.18,9.18,0.0,126.253743,0.0
2019-01-23,1,0,254,0.0,0.0,0.0,0.0,0.0
2019-01-23,1,0,255,0.0,0.0,0.0,0.0,0.0
2019-01-23,1,0,258,0.0,0.0,0.0,0.0,0.0
2019-01-23,1,0,260,0.0,0.0,0.0,0.0,0.0
2019-01-23,1,0,265,0.0,0.0,0.0,0.0,0.0
2019-01-23,1,0,266,97.0,97.0,0.0,1136.987762,0.0
2019-01-23,1,0,267,119.2,119.2,0.0,1397.20558,0.0
2019-01-23,1,0,270,579.0,579.0,0.0,-579000.0,0.0
2019-01-23,1,0,272,281.35,281.35,0.0,-74739.90796,0.0
2019-01-23,1,0,273,0.0,0.0,0.0,-0.0,0.0
2019-01-23,1,0,274,746.4,746.4,0.0,-746400.0,0.0
2019-01-23,1,0,275,1039.0,1039.0,0.0,-1039000.0,0.0
2019-01-23,1,0,276,0.0,0.0,0.0,-0.0,0.0
2019-01-23,1,0,277,0.0,0.0,0.0,-0.0,0.0
2019-01-23,1,0,278,0.0,0.0,0.0,-0.0,0.0
2019-01-23,1,0,279,264.6,264.6,0.0,-73480.182915,0.0
2019-01-23,1,0,281,11.72,11.72,0.0,157.703529,0.0
2019-01-23,1,0,282,0.0,0.0,0.0,0.0,0.0
2019-01-23,2,0,9,0.0,0.0,0.0,0.0,0.0
2019-01-23,2,0,17,0.0,0.0,0.0,0.0,0.0
2019-01-23,2,0,19,120.59,120.59,0.0,1638.94969,0.0
2019-01-23,2,0,20,146.25,146.25,0.0,1987.69709,0.0
2019-01-23,2,0,21,0.0,0.0,0.0,0.0,0.0
2019-01-23,2,0,22,0.0,0.0,0.0,0.0,0.0
2019-01-23,2,0,23,78.84,78.84,0.0,1747.641187,0.0
2019-01-23,2,0,24,139.49,139.49,0.0,3092.06582,0.0
2019-01-23,2,0,29,0.0,0.0,0.0,0.0,0.0
2019-01-23,2,0,30,0.0,0.0,0.0,0.0,0.0
2019-01-23,2,0,31,6.93,6.93,0.0,154.358806,0.0
2019-01-23,2,0,32,0.0,0.0,0.0,0.0,0.0
2019-01-23,2,0,33,0.0,0.0,0.0,0.0,0.0
2019-01-23,2,0,34,0.0,0.0,0.0,0.0,0.0
2019-01-23,2,0,35,0.0,0.0,0.0,0.0,0.0
2019-01-23,2,0,36,0.0,0.0,0.0,0.0,0.0
2019-01-23,2,0,37,0.0,0.0,0.0,0.0,0.0
2019-01-23,2,0,38,0.0,0.0,0.0,0.0,0.0
2019-01-23,2,0,39,0.0,0.0,0.0,0.0,0.0
2019-01-23,2,0,40,0.0,0.0,0.0,0.0,0.0
2019-01-23,2,0,41,0.0,0.0,0.0,0.0,0.0
2019-01-23,2,0,42,0.0,0.0,0.0,0.0,0.0
2019-01-23,2,0,43,0.0,0.0,0.0,0.0,0.0
2019-01-23,2,0,46,0.0,0.0,0.0,0.0,0.0
2019-01-23,2,0,52,7.34,7.34,0.0,163.491145,0.0
2019-01-23,2,0,53,11.66,11.66,0.0,259.714816,0.0
2019-01-23,2,0,55,225.67,225.67,0.0,5002.412313,0.0
2019-01-23,2,0,56,0.0,0.0,0.0,0.0,0.0
2019-01-23,2,0,57,0.0,0.0,0.0,0.0,0.0
2019-01-23,2,0,58,0.0,0.0,0.0,0.0,0.0
2019-01-23,2,0,59,0.0,0.0,0.0,0.0,0.0
2019-01-23,2,0,63,170.0,170.0,0.0,18636.687839,0.0
2019-01-23,2,0,64,200.0,200.0,0.0,21925.515105,0.0
2019-01-23,2,0,65,0.0,0.0,0.0,0.0,0.0
2019-01-23,2,0,67,0.0,0.0,0.0,-0.0,0.0
2019-01-23,2,0,68,8.27,8.27,0.0,-3461.157384,0.0
2019-01-23,2,0,69,0.0,0.0,0.0,0.0,0.0
2019-01-23,2,0,74,65.28,65.28,0.0,875.437413,0.0
2019-01-23,2,0,77,200.0,200.0,0.0,-60008.538075,0.0
2019-01-23,2,0,78,151.2,151.2,0.0,-45366.454785,0.0
2019-01-23,2,0,79,87.5,87.5,0.0,-26253.735408,0.0
2019-01-23,2,0,80,141.5,141.5,0.0,-42456.040688,0.0
2019-01-23,2,0,81,185.0,185.0,0.0,-55507.89772,0.0
2019-01-23,2,0,82,130.5,130.5,0.0,-39155.571094,0.0
2019-01-23,2,0,83,291.0,291.0,0.0,-87312.422899,0.0
2019-01-23,2,0,84,0.0,0.0,0.0,0.0,0.0
2019-01-23,2,0,86,0.0,0.0,0.0,0.0,0.0
2019-01-23,2,0,87,0.0,0.0,0.0,0.0,0.0
2019-01-23,2,0,88,170.6,170.6,0.0,-51187.282978,0.0
2019-01-23,2,0,89,164.0,164.0,0.0,-49207.001222,0.0
2019-01-23,2,0,90,220.2,220.2,0.0,-66069.400421,0.0
2019-01-23,2,0,91,785.5,785.5,0.0,-235683.53329,0.0
2019-01-23,2,0,92,282.5,282.5,0.0,-84762.060031,0.0
2019-01-23,2,0,95,36.0,36.0,0.0,807.470518,0.0
2019-01-23,2,0,96,29.88,29.88,0.0,668.890358,0.0
2019-01-23,2,0,97,183.75,183.75,0.0,4113.407069,0.0
2019-01-23,2,0,99,12.6,12.6,0.0,168.972295,0.0
2019-01-23,2,0,101,0.0,0.0,0.0,0.0,0.0
2019-01-23,2,0,102,19.57,19.57,0.0,-8190.429263,0.0
2019-01-23,2,0,103,17.02,17.02,0.0,-7123.204193,0.0
2019-01-23,2,0,104,3.16,3.16,0.0,-1322.522048,0.0
2019-01-23,2,0,106,0.0,0.0,0.0,0.0,0.0
2019-01-23,2,0,109,195.26,195.26,0.0,2460.360556,0.0
2019-01-23,2,0,110,338.6,338.6,0.0,-338600.0,0.0
2019-01-23,2,0,111,0.0,0.0,0.0,0.0,0.0
2019-01-23,2,0,113,92.76,92.76,0.0,-24917.227095,0.0
2019-01-23,2,0,115,92.76,92.76,0.0,-24917.227095,0.0
2019-01-23,2,0,116,0.0,0.0,0.0,-0.0,0.0
2019-01-23,2,0,117,4.96,4.96,0.0,-1332.357119,0.0
2019-01-23,2,0,119,200.0,200.0,0.0,21925.515105,0.0
2019-01-23,2,0,120,117.6,117.6,0.0,12892.202882,0.0
2019-01-23,2,0,123,0.0,0.0,0.0,0.0,0.0
2019-01-23,2,0,125,126.23,126.23,0.0,2798.132256,0.0
2019-01-23,2,0,126,0.0,0.0,0.0,0.0,0.0
2019-01-23,2,0,127,0.0,0.0,0.0,0.0,0.0
2019-01-23,2,0,128,180.79,180.79,0.0,4007.560252,0.0
2019-01-23,2,0,131,24.73,24.73,0.0,-9404.604817,0.0
2019-01-23,2,0,132,36.36,36.36,0.0,-13827.393091,0.0
2019-01-23,2,0,133,31.59,31.59,0.0,428.860299,0.0
2019-01-23,2,0,134,0.0,0.0,0.0,0.0,0.0
2019-01-23,2,0,135,42.33,42.33,0.0,574.664655,0.0
2019-01-23,2,0,136,0.0,0.0,0.0,0.0,0.0
2019-01-23,2,0,139,0.0,0.0,0.0,0.0,0.0
2019-01-23,2,0,140,250.6,250.6,0.0,-250600.0,0.0
2019-01-23,2,0,141,83.04,83.04,0.0,-46640.219538,0.0
2019-01-23,2,0,142,0.0,0.0,0.0,-0.0,0.0
2019-01-23,2,0,143,20.67,20.67,0.0,460.403537,0.0
2019-01-23,2,0,145,30.0,30.0,0.0,562.012866,0.0
2019-01-23,2,0,146,193.18,193.18,0.0,-193180.0,0.0
2019-01-23,2,0,152,0.0,0.0,0.0,0.0,0.0
2019-01-23,2,0,153,0.0,0.0,0.0,0.0,0.0
2019-01-23,2,0,154,0.0,0.0,0.0,0.0,0.0
2019-01-23,2,0,157,12.04,12.04,0.0,-6762.382505,0.0
2019-01-23,2,0,158,0.0,0.0,0.0,-0.0,0.0
2019-01-23,2,0,159,0.0,0.0,0.0,0.0,0.0
2019-01-23,2,0,160,0.0,0.0,0.0,0.0,0.0
2019-01-23,2,0,161,0.0,0.0,0.0,-0.0,0.0
2019-01-23,2,0,162,48.75,48.75,0.0,1130.550003,0.0
2019-01-23,2,0,163,185.4,185.4,0.0,-185400.0,0.0
2019-01-23,2,0,164,0.0,0.0,0.0,0.0,0.0
2019-01-23,2,0,167,0.0,0.0,0.0,0.0,0.0
2019-01-23,2,0,168,0.0,0.0,0.0,0.0,0.0
2019-01-23,2,0,169,0.0,0.0,0.0,0.0,0.0
2019-01-23,2,0,170,0.0,0.0,0.0,0.0,0.0
2019-01-23,2,0,172,0.0,0.0,0.0,0.0,0.0
2019-01-23,2,0,173,0.0,0.0,0.0,0.0,0.0
2019-01-23,2,0,188,0.0,0.0,0.0,0.0,0.0
2019-01-23,2,0,190,0.0,0.0,0.0,0.0,0.0
2019-01-23,2,0,191,0.0,0.0,0.0,0.0,0.0
2019-01-23,2,0,192,332.6,332.6,0.0,10785.405497,0.0
2019-01-23,2,0,194,176.5,176.5,0.0,-23431.365816,0.0
2019-01-23,2,0,196,0.0,0.0,0.0,0.0,0.0
2019-01-23,2,0,198,0.0,0.0,0.0,0.0,0.0
2019-01-23,2,0,199,39.0,39.0,0.0,-1612.187883,0.0
2019-01-23,2,0,200,0.0,0.0,0.0,-0.0,0.0
2019-01-23,2,0,204,0.0,0.0,0.0,0.0,0.0
2019-01-23,2,0,205,958.56,958.56,0.0,12078.271095,0.0
2019-01-23,2,0,206,539.94,539.94,0.0,12087.036806,0.0
2019-01-23,2,0,210,0.0,0.0,0.0,0.0,0.0
2019-01-23,2,0,214,0.0,0.0,0.0,0.0,0.0
2019-01-23,2,0,217,0.0,0.0,0.0,0.0,0.0
2019-01-23,2,0,218,0.0,0.0,0.0,0.0,0.0
2019-01-23,2,0,219,0.0,0.0,0.0,0.0,0.0
2019-01-23,2,0,221,0.0,0.0,0.0,0.0,0.0
2019-01-23,2,0,225,0.0,0.0,0.0,0.0,0.0
2019-01-23,2,0,233,0.0,0.0,0.0,0.0,0.0
2019-01-23,2,0,236,148.44,148.44,0.0,2458.734424,0.0
2019-01-23,2,0,237,156.6,156.6,0.0,2100.084235,0.0
2019-01-23,2,0,238,0.0,0.0,0.0,0.0,0.0
2019-01-23,2,0,240,0.0,0.0,0.0,0.0,0.0
2019-01-23,2,0,245,21.3,21.3,0.0,276.798254,0.0
2019-01-23,2,0,247,52.41,52.41,0.0,681.079647,0.0
2019-01-23,2,0,248,15.72,15.72,0.0,210.813053,0.0
2019-01-23,2,0,249,40.96,40.96,0.0,532.284341,0.0
2019-01-23,2,0,251,0.0,0.0,0.0,0.0,0.0
2019-01-23,2,0,252,0.0,0.0,0.0,0.0,0.0
2019-01-23,2,0,254,0.0,0.0,0.0,0.0,0.0
2019-01-23,2,0,255,0.0,0.0,0.0,0.0,0.0
2019-01-23,2,0,258,0.0,0.0,0.0,0.0,0.0
2019-01-23,2,0,260,0.0,0.0,0.0,0.0,0.0
2019-01-23,2,0,265,0.0,0.0,0.0,0.0,0.0
2019-01-23,2,0,266,0.0,0.0,0.0,0.0,0.0
2019-01-23,2,0,267,0.0,0.0,0.0,0.0,0.0
2019-01-23,2,0,270,579.0,579.0,0.0,-579000.0,0.0
2019-01-23,2,0,272,400.13,400.13,0.0,-107483.075435,0.0
2019-01-23,2,0,273,0.0,0.0,0.0,-0.0,0.0
2019-01-23,2,0,274,746.39,746.39,0.0,-746390.0,0.0
2019-01-23,2,0,275,1038.99,1038.99,0.0,-1038990.0,0.0
2019-01-23,2,0,276,0.0,0.0,0.0,-0.0,0.0
2019-01-23,2,0,277,0.0,0.0,0.0,-0.0,0.0
2019-01-23,2,0,278,0.0,0.0,0.0,-0.0,0.0
2019-01-23,2,0,279,264.6,264.6,0.0,-74410.308065,0.0
2019-01-23,2,0,281,3.11,3.11,0.0,69.272134,0.0
2019-01-23,2,0,282,0.0,0.0,0.0,0.0,0.0
2019-01-23,3,0,9,0.0,0.0,0.0,0.0,0.0
2019-01-23,3,0,17,0.0,0.0,0.0,0.0,0.0
2019-01-23,3,0,19,504.01,504.01,0.0,7341.896774,0.0
2019-01-23,3,0,20,611.26,611.26,0.0,8904.203929,0.0
2019-01-23,3,0,21,0.0,0.0,0.0,0.0,0.0
2019-01-23,3,0,22,0.0,0.0,0.0,0.0,0.0
2019-01-23,3,0,23,45.25,45.25,0.0,2049.143913,0.0
2019-01-23,3,0,24,80.07,80.07,0.0,3625.965815,0.0
2019-01-23,3,0,29,0.0,0.0,0.0,0.0,0.0
2019-01-23,3,0,30,0.0,0.0,0.0,0.0,0.0
2019-01-23,3,0,31,4.05,4.05,0.0,184.192969,0.0
2019-01-23,3,0,32,0.0,0.0,0.0,0.0,0.0
2019-01-23,3,0,33,0.0,0.0,0.0,0.0,0.0
2019-01-23,3,0,34,0.0,0.0,0.0,0.0,0.0
2019-01-23,3,0,35,0.0,0.0,0.0,0.0,0.0
2019-01-23,3,0,36,0.0,0.0,0.0,0.0,0.0
2019-01-23,3,0,37,0.0,0.0,0.0,0.0,0.0
2019-01-23,3,0,38,0.0,0.0,0.0,0.0,0.0
2019-01-23,3,0,39,0.0,0.0,0.0,0.0,0.0
2019-01-23,3,0,40,0.0,0.0,0.0,0.0,0.0
2019-01-23,3,0,41,0.0,0.0,0.0,0.0,0.0
2019-01-23,3,0,42,0.0,0.0,0.0,0.0,0.0
2019-01-23,3,0,43,0.0,0.0,0.0,0.0,0.0
2019-01-23,3,0,46,0.0,0.0,0.0,0.0,0.0
2019-01-23,3,0,52,4.29,4.29,0.0,195.108108,0.0
2019-01-23,3,0,53,6.82,6.82,0.0,310.171864,0.0
2019-01-23,3,0,55,131.71,131.71,0.0,5964.480548,0.0
2019-01-23,3,0,56,0.0,0.0,0.0,0.0,0.0
2019-01-23,3,0,57,0.0,0.0,0.0,0.0,0.0
2019-01-23,3,0,58,0.0,0.0,0.0,0.0,0.0
2019-01-23,3,0,59,0.0,0.0,0.0,0.0,0.0
2019-01-23,3,0,63,170.0,170.0,0.0,19210.681968,0.0
2019-01-23,3,0,64,200.0,200.0,0.0,22600.802315,0.0
2019-01-23,3,0,65,1.33,1.33,0.0,19.663628,0.0
2019-01-23,3,0,67,0.0,0.0,0.0,-0.0,0.0
2019-01-23,3,0,68,4.54,4.54,0.0,-1906.431537,0.0
2019-01-23,3,0,69,0.0,0.0,0.0,0.0,0.0
2019-01-23,3,0,74,65.28,65.28,0.0,1368.663353,0.0
2019-01-23,3,0,77,180.01,180.01,0.0,-54415.442123,0.0
2019-01-23,3,0,78,136.09,136.09,0.0,-41138.811836,0.0
2019-01-23,3,0,79,78.76,78.76,0.0,-23808.456317,0.0
2019-01-23,3,0,80,127.36,127.36,0.0,-38499.809504,0.0
2019-01-23,3,0,81,166.51,166.51,0.0,-50334.510682,0.0
2019-01-23,3,0,82,117.46,117.46,0.0,-35507.126447,0.0
2019-01-23,3,0,83,261.92,261.92,0.0,-79176.115776,0.0
2019-01-23,3,0,84,0.0,0.0,0.0,0.0,0.0
2019-01-23,3,0,86,0.0,0.0,0.0,0.0,0.0
2019-01-23,3,0,87,0.0,0.0,0.0,0.0,0.0
2019-01-23,3,0,88,170.6,170.6,0.0,-51570.881763,0.0
2019-01-23,3,0,89,164.0,164.0,0.0,-49575.759725,0.0
2019-01-23,3,0,90,220.2,220.2,0.0,-66564.526168,0.0
2019-01-23,3,0,91,785.5,785.5,0.0,-237449.751612,0.0
2019-01-23,3,0,92,282.5,282.5,0.0,-85397.269039,0.0
2019-01-23,3,0,95,36.0,36.0,0.0,807.470518,0.0
2019-01-23,3,0,96,23.62,23.62,0.0,1079.040195,0.0
2019-01-23,3,0,97,145.27,145.27,0.0,6636.416985,0.0
2019-01-23,3,0,99,12.6,12.6,0.0,264.172155,0.0
2019-01-23,3,0,101,0.0,0.0,0.0,0.0,0.0
2019-01-23,3,0,102,10.75,10.75,0.0,-4514.127538,0.0
2019-01-23,3,0,103,9.35,9.35,0.0,-3926.241161,0.0
2019-01-23,3,0,104,1.74,1.74,0.0,-730.658783,0.0
2019-01-23,3,0,106,0.0,0.0,0.0,0.0,0.0
2019-01-23,3,0,109,200.0,200.0,0.0,5687.793423,0.0
2019-01-23,3,0,110,338.6,338.6,0.0,-338600.0,0.0
2019-01-23,3,0,111,0.0,0.0,0.0,0.0,0.0
2019-01-23,3,0,113,78.82,78.82,0.0,-21209.789262,0.0
2019-01-23,3,0,115,78.82,78.82,0.0,-21209.789262,0.0
2019-01-23,3,0,116,0.0,0.0,0.0,-0.0,0.0
2019-01-23,3,0,117,4.05,4.05,0.0,-1089.820433,0.0
2019-01-23,3,0,119,200.0,200.0,0.0,22600.802315,0.0
2019-01-23,3,0,120,117.6,117.6,0.0,13289.271761,0.0
2019-01-23,3,0,123,0.0,0.0,0.0,0.0,0.0
2019-01-23,3,0,125,72.45,72.45,0.0,3280.894509,0.0
2019-01-23,3,0,126,0.0,0.0,0.0,0.0,0.0
2019-01-23,3,0,127,0.0,0.0,0.0,0.0,0.0
2019-01-23,3,0,128,103.77,103.77,0.0,4699.219091,0.0
2019-01-23,3,0,131,14.11,14.11,0.0,-5386.951535,0.0
2019-01-23,3,0,132,20.74,20.74,0.0,-7918.169726,0.0
2019-01-23,3,0,133,54.07,54.07,0.0,786.526783,0.0
2019-01-23,3,0,134,0.0,0.0,0.0,0.0,0.0
2019-01-23,3,0,135,72.36,72.36,0.0,1052.581432,0.0
2019-01-23,3,0,136,0.0,0.0,0.0,0.0,0.0
2019-01-23,3,0,139,0.0,0.0,0.0,0.0,0.0
2019-01-23,3,0,140,250.6,250.6,0.0,-250600.0,0.0
2019-01-23,3,0,141,59.05,59.05,0.0,-33228.288079,0.0
2019-01-23,3,0,142,0.0,0.0,0.0,-0.0,0.0
2019-01-23,3,0,143,4.78,4.78,0.0,217.393183,0.0
2019-01-23,3,0,145,30.0,30.0,0.0,1174.634144,0.0
2019-01-23,3,0,146,165.24,165.24,0.0,-165240.0,0.0
2019-01-23,3,0,152,0.0,0.0,0.0,0.0,0.0
2019-01-23,3,0,153,0.0,0.0,0.0,0.0,0.0
2019-01-23,3,0,154,0.0,0.0,0.0,0.0,0.0
2019-01-23,3,0,157,10.94,10.94,0.0,-6156.096047,0.0
2019-01-23,3,0,158,0.0,0.0,0.0,-0.0,0.0
2019-01-23,3,0,159,0.0,0.0,0.0,0.0,0.0
2019-01-23,3,0,160,0.0,0.0,0.0,0.0,0.0
2019-01-23,3,0,161,0.0,0.0,0.0,-0.0,0.0
2019-01-23,3,0,162,48.75,48.75,0.0,1129.58715,0.0
2019-01-23,3,0,163,135.87,135.87,0.0,-135870.0,0.0
2019-01-23,3,0,164,0.0,0.0,0.0,0.0,0.0
2019-01-23,3,0,167,0.0,0.0,0.0,0.0,0.0
2019-01-23,3,0,168,0.0,0.0,0.0,0.0,0.0
2019-01-23,3,0,169,0.0,0.0,0.0,0.0,0.0
2019-01-23,3,0,170,0.0,0.0,0.0,0.0,0.0
2019-01-23,3,0,172,0.0,0.0,0.0,0.0,0.0
2019-01-23,3,0,173,0.0,0.0,0.0,0.0,0.0
2019-01-23,3,0,188,0.0,0.0,0.0,0.0,0.0
2019-01-23,3,0,190,0.0,0.0,0.0,0.0,0.0
2019-01-23,3,0,191,0.0,0.0,0.0,0.0,0.0
2019-01-23,3,0,192,208.18,208.18,0.0,6750.768841,0.0
2019-01-23,3,0,194,176.5,176.5,0.0,-23267.058959,0.0
2019-01-23,3,0,196,0.0,0.0,0.0,0.0,0.0
2019-01-23,3,0,198,0.0,0.0,0.0,0.0,0.0
2019-01-23,3,0,199,39.0,39.0,0.0,-1864.203739,0.0
2019-01-23,3,0,200,0.0,0.0,0.0,-0.0,0.0
2019-01-23,3,0,204,0.0,0.0,0.0,0.0,0.0
2019-01-23,3,0,205,1058.0,1058.0,0.0,30088.42721,0.0
2019-01-23,3,0,206,426.87,426.87,0.0,19500.842007,0.0
2019-01-23,3,0,210,0.0,0.0,0.0,0.0,0.0
2019-01-23,3,0,214,0.0,0.0,0.0,0.0,0.0
2019-01-23,3,0,217,0.0,0.0,0.0,0.0,0.0
2019-01-23,3,0,218,0.0,0.0,0.0,0.0,0.0
2019-01-23,3,0,219,0.0,0.0,0.0,0.0,0.0
2019-01-23,3,0,221,0.0,0.0,0.0,0.0,0.0
2019-01-23,3,0,225,0.0,0.0,0.0,0.0,0.0
2019-01-23,3,0,233,0.0,0.0,0.0,0.0,0.0
2019-01-23,3,0,236,159.03,159.03,0.0,2789.006253,0.0
2019-01-23,3,0,237,156.6,156.6,0.0,3283.282492,0.0
2019-01-23,3,0,238,0.0,0.0,0.0,0.0,0.0
2019-01-23,3,0,240,0.0,0.0,0.0,0.0,0.0
2019-01-23,3,0,245,54.76,54.76,0.0,753.845865,0.0
2019-01-23,3,0,247,129.5,129.5,0.0,1782.743599,0.0
2019-01-23,3,0,248,15.72,15.72,0.0,329.586212,0.0
2019-01-23,3,0,249,105.3,105.3,0.0,1449.597691,0.0
2019-01-23,3,0,251,10.23,10.23,0.0,154.904059,0.0
2019-01-23,3,0,252,8.58,8.58,0.0,126.852578,0.0
2019-01-23,3,0,254,0.0,0.0,0.0,0.0,0.0
2019-01-23,3,0,255,0.0,0.0,0.0,0.0,0.0
2019-01-23,3,0,258,0.0,0.0,0.0,0.0,0.0
2019-01-23,3,0,260,0.0,0.0,0.0,0.0,0.0
2019-01-23,3,0,265,0.0,0.0,0.0,0.0,0.0
2019-01-23,3,0,266,0.0,0.0,0.0,0.0,0.0
2019-01-23,3,0,267,0.0,0.0,0.0,0.0,0.0
2019-01-23,3,0,270,424.33,424.33,0.0,-424330.0,0.0
2019-01-23,3,0,272,321.97,321.97,0.0,-86639.37895,0.0
2019-01-23,3,0,273,0.0,0.0,0.0,-0.0,0.0
2019-01-23,3,0,274,547.01,547.01,0.0,-547010.0,0.0
2019-01-23,3,0,275,761.45,761.45,0.0,-761450.0,0.0
2019-01-23,3,0,276,0.0,0.0,0.0,-0.0,0.0
2019-01-23,3,0,277,0.0,0.0,0.0,-0.0,0.0
2019-01-23,3,0,278,0.0,0.0,0.0,-0.0,0.0
2019-01-23,3,0,279,213.41,213.41,0.0,-60267.364214,0.0
2019-01-23,3,0,281,1.82,1.82,0.0,82.773137,0.0
2019-01-23,3,0,282,0.0,0.0,0.0,0.0,0.0
2019-01-23,4,0,9,0.0,0.0,0.0,0.0,0.0
2019-01-23,4,0,17,0.0,0.0,0.0,0.0,0.0
2019-01-23,4,0,19,643.3,643.3,0.0,180.399098,0.0
2019-01-23,4,0,20,780.2,780.2,0.0,218.789641,0.0
2019-01-23,4,0,21,0.0,0.0,0.0,0.0,0.0
2019-01-23,4,0,22,0.0,0.0,0.0,0.0,0.0
2019-01-23,4,0,23,24.93,24.93,0.0,178.854691,0.0
2019-01-23,4,0,24,41.2,41.2,0.0,295.580155,0.0
2019-01-23,4,0,29,0.0,0.0,0.0,0.0,0.0
2019-01-23,4,0,30,0.0,0.0,0.0,0.0,0.0
2019-01-23,4,0,31,3.18,3.18,0.0,22.759917,0.0
2019-01-23,4,0,32,0.0,0.0,0.0,0.0,0.0
2019-01-23,4,0,33,0.0,0.0,0.0,0.0,0.0
2019-01-23,4,0,34,0.0,0.0,0.0,0.0,0.0
2019-01-23,4,0,35,0.0,0.0,0.0,0.0,0.0
2019-01-23,4,0,36,0.0,0.0,0.0,0.0,0.0
2019-01-23,4,0,37,0.0,0.0,0.0,0.0,0.0
2019-01-23,4,0,38,0.0,0.0,0.0,0.0,0.0
2019-01-23,4,0,39,0.0,0.0,0.0,0.0,0.0
2019-01-23,4,0,40,0.0,0.0,0.0,0.0,0.0
2019-01-23,4,0,41,0.0,0.0,0.0,0.0,0.0
2019-01-23,4,0,42,0.0,0.0,0.0,0.0,0.0
2019-01-23,4,0,43,0.0,0.0,0.0,0.0,0.0
2019-01-23,4,0,46,0.0,0.0,0.0,0.0,0.0
2019-01-23,4,0,52,3.37,3.37,0.0,24.119786,0.0
2019-01-23,4,0,53,5.35,5.35,0.0,38.291055,0.0
2019-01-23,4,0,55,95.81,95.81,0.0,687.367345,0.0
2019-01-23,4,0,56,0.0,0.0,0.0,0.0,0.0
2019-01-23,4,0,57,0.0,0.0,0.0,0.0,0.0
2019-01-23,4,0,58,0.0,0.0,0.0,0.0,0.0
2019-01-23,4,0,59,0.0,0.0,0.0,0.0,0.0
2019-01-23,4,0,63,170.0,170.0,0.0,3388.037645,0.0
2019-01-23,4,0,64,200.0,200.0,0.0,3985.926641,0.0
2019-01-23,4,0,65,6.08,6.08,0.0,30.447553,0.0
2019-01-23,4,0,67,0.0,0.0,0.0,-0.0,0.0
2019-01-23,4,0,68,2.28,2.28,0.0,2.061738,0.0
2019-01-23,4,0,69,0.0,0.0,0.0,0.0,0.0
2019-01-23,4,0,74,65.28,65.28,0.0,606.459978,0.0
2019-01-23,4,0,77,112.1,112.1,0.0,620.24364,0.0
2019-01-23,4,0,78,84.75,84.75,0.0,468.917471,0.0
2019-01-23,4,0,79,49.05,49.05,0.0,271.391173,0.0
2019-01-23,4,0,80,79.31,79.31,0.0,438.818226,0.0
2019-01-23,4,0,81,103.7,103.7,0.0,573.766864,0.0
2019-01-23,4,0,82,73.15,73.15,0.0,404.735257,0.0
2019-01-23,4,0,83,163.11,163.11,0.0,902.479395,0.0
2019-01-23,4,0,84,0.0,0.0,0.0,0.0,0.0
2019-01-23,4,0,86,0.0,0.0,0.0,0.0,0.0
2019-01-23,4,0,87,0.0,0.0,0.0,0.0,0.0
2019-01-23,4,0,88,150.59,150.59,0.0,833.206867,0.0
2019-01-23,4,0,89,144.77,144.77,0.0,801.005101,0.0
2019-01-23,4,0,90,194.38,194.38,0.0,1075.494726,0.0
2019-01-23,4,0,91,693.39,693.39,0.0,3836.491861,0.0
2019-01-23,4,0,92,249.37,249.37,0.0,1379.751619,0.0
2019-01-23,4,0,95,84.17,84.17,0.0,1447.732314,0.0
2019-01-23,4,0,96,13.63,13.63,0.0,97.309584,0.0
2019-01-23,4,0,97,83.85,83.85,0.0,598.635995,0.0
2019-01-23,4,0,99,12.6,12.6,0.0,117.055694,0.0
2019-01-23,4,0,101,0.0,0.0,0.0,0.0,0.0
2019-01-23,4,0,102,5.39,5.39,0.0,4.874021,0.0
2019-01-23,4,0,103,4.69,4.69,0.0,4.241032,0.0
2019-01-23,4,0,104,0.87,0.87,0.0,0.786716,0.0
2019-01-23,4,0,106,0.0,0.0,0.0,0.0,0.0
2019-01-23,4,0,109,200.0,200.0,0.0,1730.431205,0.0
2019-01-23,4,0,110,338.6,338.6,0.0,-7159.106254,0.0
2019-01-23,4,0,111,0.0,0.0,0.0,0.0,0.0
2019-01-23,4,0,113,29.3,29.3,0.0,183.890492,0.0
2019-01-23,4,0,115,29.3,29.3,0.0,183.890492,0.0
2019-01-23,4,0,116,0.0,0.0,0.0,-0.0,0.0
2019-01-23,4,0,117,1.95,1.95,0.0,12.238446,0.0
2019-01-23,4,0,119,200.0,200.0,0.0,3985.926641,0.0
2019-01-23,4,0,120,117.6,117.6,0.0,2343.724865,0.0
2019-01-23,4,0,123,0.0,0.0,0.0,0.0,0.0
2019-01-23,4,0,125,37.8,37.8,0.0,271.187618,0.0
2019-01-23,4,0,126,0.0,0.0,0.0,0.0,0.0
2019-01-23,4,0,127,0.0,0.0,0.0,0.0,0.0
2019-01-23,4,0,128,51.34,51.34,0.0,368.327309,0.0
2019-01-23,4,0,131,7.59,7.59,0.0,17.864909,0.0
2019-01-23,4,0,132,11.15,11.15,0.0,26.244234,0.0
2019-01-23,4,0,133,111.41,111.41,0.0,1171.121912,0.0
2019-01-23,4,0,134,0.0,0.0,0.0,0.0,0.0
2019-01-23,4,0,135,153.69,153.69,0.0,1615.561679,0.0
2019-01-23,4,0,136,3.22,3.22,0.0,16.960853,0.0
2019-01-23,4,0,139,0.0,0.0,0.0,0.0,0.0
2019-01-23,4,0,140,250.6,250.6,0.0,-5298.499785,0.0
2019-01-23,4,0,141,47.69,47.69,0.0,-215.704514,0.0
2019-01-23,4,0,142,0.0,0.0,0.0,-0.0,0.0
2019-01-23,4,0,143,2.53,2.53,0.0,18.107733,0.0
2019-01-23,4,0,145,30.0,30.0,0.0,231.360966,0.0
2019-01-23,4,0,146,140.57,140.57,0.0,-2972.107401,0.0
2019-01-23,4,0,152,0.0,0.0,0.0,0.0,0.0
2019-01-23,4,0,153,0.0,0.0,0.0,0.0,0.0
2019-01-23,4,0,154,0.0,0.0,0.0,0.0,0.0
2019-01-23,4,0,157,10.22,10.22,0.0,-46.225627,0.0
2019-01-23,4,0,158,0.0,0.0,0.0,-0.0,0.0
2019-01-23,4,0,159,0.0,0.0,0.0,0.0,0.0
2019-01-23,4,0,160,0.0,0.0,0.0,0.0,0.0
2019-01-23,4,0,161,0.0,0.0,0.0,0.0,0.0
2019-01-23,4,0,162,48.75,48.75,0.0,839.981761,0.0
2019-01-23,4,0,163,76.59,76.59,0.0,-1619.361925,0.0
2019-01-23,4,0,164,0.0,0.0,0.0,0.0,0.0
2019-01-23,4,0,167,0.0,0.0,0.0,0.0,0.0
2019-01-23,4,0,168,0.0,0.0,0.0,0.0,0.0
2019-01-23,4,0,169,0.0,0.0,0.0,0.0,0.0
2019-01-23,4,0,170,0.0,0.0,0.0,0.0,0.0
2019-01-23,4,0,172,0.0,0.0,0.0,0.0,0.0
2019-01-23,4,0,173,0.0,0.0,0.0,0.0,0.0
2019-01-23,4,0,188,0.0,0.0,0.0,0.0,0.0
2019-01-23,4,0,190,0.0,0.0,0.0,0.0,0.0
2019-01-23,4,0,191,0.0,0.0,0.0,0.0,0.0
2019-01-23,4,0,192,108.07,108.07,0.0,2153.79546,0.0
2019-01-23,4,0,194,176.5,176.5,0.0,1943.157636,0.0
2019-01-23,4,0,196,0.0,0.0,0.0,0.0,0.0
2019-01-23,4,0,198,0.0,0.0,0.0,0.0,0.0
2019-01-23,4,0,199,39.0,39.0,0.0,469.790155,0.0
2019-01-23,4,0,200,0.0,0.0,0.0,0.0,0.0
2019-01-23,4,0,204,857.0,857.0,0.0,7357.873718,0.0
2019-01-23,4,0,205,1058.0,1058.0,0.0,9153.981076,0.0
2019-01-23,4,0,206,246.39,246.39,0.0,1759.068847,0.0
2019-01-23,4,0,210,0.0,0.0,0.0,0.0,0.0
2019-01-23,4,0,214,0.0,0.0,0.0,0.0,0.0
2019-01-23,4,0,217,0.0,0.0,0.0,0.0,0.0
2019-01-23,4,0,218,0.0,0.0,0.0,0.0,0.0
2019-01-23,4,0,219,0.0,0.0,0.0,0.0,0.0
2019-01-23,4,0,221,0.0,0.0,0.0,0.0,0.0
2019-01-23,4,0,225,0.0,0.0,0.0,0.0,0.0
2019-01-23,4,0,233,0.0,0.0,0.0,0.0,0.0
2019-01-23,4,0,236,159.03,159.03,0.0,1525.578059,0.0
2019-01-23,4,0,237,156.6,156.6,0.0,1454.835057,0.0
2019-01-23,4,0,238,0.0,0.0,0.0,0.0,0.0
2019-01-23,4,0,240,0.0,0.0,0.0,0.0,0.0
2019-01-23,4,0,245,78.0,78.0,0.0,700.446408,0.0
2019-01-23,4,0,247,171.72,171.72,0.0,1542.059709,0.0
2019-01-23,4,0,248,15.72,15.72,0.0,146.040914,0.0
2019-01-23,4,0,249,150.0,150.0,0.0,1347.012324,0.0
2019-01-23,4,0,251,29.54,29.54,0.0,192.045577,0.0
2019-01-23,4,0,252,39.2,39.2,0.0,196.306594,0.0
2019-01-23,4,0,254,0.0,0.0,0.0,0.0,0.0
2019-01-23,4,0,255,0.0,0.0,0.0,0.0,0.0
2019-01-23,4,0,258,0.0,0.0,0.0,0.0,0.0
2019-01-23,4,0,260,0.0,0.0,0.0,0.0,0.0
2019-01-23,4,0,265,0.0,0.0,0.0,0.0,0.0
2019-01-23,4,0,266,0.0,0.0,0.0,0.0,0.0
2019-01-23,4,0,267,0.0,0.0,0.0,0.0,0.0
2019-01-23,4,0,270,239.2,239.2,0.0,-5057.466674,0.0
2019-01-23,4,0,272,97.93,97.93,0.0,614.621021,0.0
2019-01-23,4,0,273,0.0,0.0,0.0,-0.0,0.0
2019-01-23,4,0,274,308.36,308.36,0.0,-6519.734212,0.0
2019-01-23,4,0,275,429.24,429.24,0.0,-9075.530916,0.0
2019-01-23,4,0,276,0.0,0.0,0.0,-0.0,0.0
2019-01-23,4,0,277,0.0,0.0,0.0,0.0,0.0
2019-01-23,4,0,278,0.0,0.0,0.0,0.0,0.0
2019-01-23,4,0,279,105.71,105.71,0.0,631.952833,0.0
2019-01-23,4,0,281,1.43,1.43,0.0,10.234805,0.0
2019-01-23,4,0,282,0.0,0.0,0.0,0.0,0.0
2019-01-23,5,0,9,0.0,0.0,0.0,0.0,0.0
2019-01-23,5,0,17,0.0,0.0,0.0,-0.0,0.0
2019-01-23,5,0,19,643.3,643.3,0.0,-2970.055417,0.0
2019-01-23,5,0,20,780.2,780.2,0.0,-3602.109803,0.0
2019-01-23,5,0,21,0.0,0.0,0.0,0.0,0.0
2019-01-23,5,0,22,0.0,0.0,0.0,0.0,0.0
2019-01-23,5,0,23,21.76,21.76,0.0,138.89317,0.0
2019-01-23,5,0,24,38.49,38.49,0.0,245.68006,0.0
2019-01-23,5,0,29,0.0,0.0,0.0,0.0,0.0
2019-01-23,5,0,30,0.0,0.0,0.0,0.0,0.0
2019-01-23,5,0,31,3.28,3.28,0.0,20.87674,0.0
2019-01-23,5,0,32,0.0,0.0,0.0,0.0,0.0
2019-01-23,5,0,33,0.0,0.0,0.0,0.0,0.0
2019-01-23,5,0,34,0.0,0.0,0.0,0.0,0.0
2019-01-23,5,0,35,0.0,0.0,0.0,0.0,0.0
2019-01-23,5,0,36,0.0,0.0,0.0,0.0,0.0
2019-01-23,5,0,37,0.0,0.0,0.0,0.0,0.0
2019-01-23,5,0,38,0.0,0.0,0.0,0.0,0.0
2019-01-23,5,0,39,0.0,0.0,0.0,0.0,0.0
2019-01-23,5,0,40,0.0,0.0,0.0,0.0,0.0
2019-01-23,5,0,41,116.0,116.0,0.0,849.420984,0.0
2019-01-23,5,0,42,0.0,0.0,0.0,0.0,0.0
2019-01-23,5,0,43,0.0,0.0,0.0,0.0,0.0
2019-01-23,5,0,46,0.0,0.0,0.0,0.0,0.0
2019-01-23,5,0,52,3.48,3.48,0.0,22.149712,0.0
2019-01-23,5,0,53,5.53,5.53,0.0,35.197674,0.0
2019-01-23,5,0,55,52.95,52.95,0.0,337.977635,0.0
2019-01-23,5,0,56,0.0,0.0,0.0,0.0,0.0
2019-01-23,5,0,57,0.0,0.0,0.0,0.0,0.0
2019-01-23,5,0,58,0.0,0.0,0.0,0.0,0.0
2019-01-23,5,0,59,0.0,0.0,0.0,0.0,0.0
2019-01-23,5,0,63,170.0,170.0,0.0,3745.503873,0.0
2019-01-23,5,0,64,200.0,200.0,0.0,4406.475145,0.0
2019-01-23,5,0,65,41.4,41.4,0.0,92.028392,0.0
2019-01-23,5,0,67,0.0,0.0,0.0,0.0,0.0
2019-01-23,5,0,68,1.87,1.87,0.0,7.644034,0.0
2019-01-23,5,0,69,0.0,0.0,0.0,0.0,0.0
2019-01-23,5,0,74,65.28,65.28,0.0,562.754477,0.0
2019-01-23,5,0,77,101.14,101.14,0.0,469.538743,0.0
2019-01-23,5,0,78,76.46,76.46,0.0,354.962748,0.0
2019-01-23,5,0,79,44.25,44.25,0.0,205.429003,0.0
2019-01-23,5,0,80,71.56,71.56,0.0,332.214677,0.0
2019-01-23,5,0,81,93.56,93.56,0.0,434.348871,0.0
2019-01-23,5,0,82,66.0,66.0,0.0,306.402581,0.0
2019-01-23,5,0,83,147.16,147.16,0.0,683.184907,0.0
2019-01-23,5,0,84,0.0,0.0,0.0,0.0,0.0
2019-01-23,5,0,86,0.0,0.0,0.0,0.0,0.0
2019-01-23,5,0,87,0.0,0.0,0.0,0.0,0.0
2019-01-23,5,0,88,140.24,140.24,0.0,651.059061,0.0
2019-01-23,5,0,89,134.81,134.81,0.0,625.850485,0.0
2019-01-23,5,0,90,181.01,181.01,0.0,840.332291,0.0
2019-01-23,5,0,91,645.7,645.7,0.0,2997.638587,0.0
2019-01-23,5,0,92,232.22,232.22,0.0,1078.07284,0.0
2019-01-23,5,0,95,36.0,36.0,0.0,748.788051,0.0
2019-01-23,5,0,96,9.79,9.79,0.0,62.126802,0.0
2019-01-23,5,0,97,60.23,60.23,0.0,382.216272,0.0
2019-01-23,5,0,99,12.6,12.6,0.0,108.61989,0.0
2019-01-23,5,0,101,0.0,0.0,0.0,0.0,0.0
2019-01-23,5,0,102,4.43,4.43,0.0,18.108594,0.0
2019-01-23,5,0,103,3.86,3.86,0.0,15.778594,0.0
2019-01-23,5,0,104,0.72,0.72,0.0,2.943158,0.0
2019-01-23,5,0,106,0.0,0.0,0.0,0.0,0.0
2019-01-23,5,0,109,200.0,200.0,0.0,1590.130034,0.0
2019-01-23,5,0,110,327.9,327.9,0.0,639.700112,0.0
2019-01-23,5,0,111,0.0,0.0,0.0,0.0,0.0
2019-01-23,5,0,113,64.22,64.22,0.0,280.378662,0.0
2019-01-23,5,0,115,64.22,64.22,0.0,280.378662,0.0
2019-01-23,5,0,116,0.0,0.0,0.0,0.0,0.0
2019-01-23,5,0,117,3.09,3.09,0.0,13.490658,0.0
2019-01-23,5,0,119,200.0,200.0,0.0,4406.475145,0.0
2019-01-23,5,0,120,117.6,117.6,0.0,2591.007385,0.0
2019-01-23,5,0,123,0.0,0.0,0.0,0.0,0.0
2019-01-23,5,0,125,34.83,34.83,0.0,222.318433,0.0
2019-01-23,5,0,126,0.0,0.0,0.0,0.0,0.0
2019-01-23,5,0,127,0.0,0.0,0.0,0.0,0.0
2019-01-23,5,0,128,49.89,49.89,0.0,318.445783,0.0
2019-01-23,5,0,131,6.13,6.13,0.0,25.918865,0.0
2019-01-23,5,0,132,9.01,9.01,0.0,38.09608,0.0
2019-01-23,5,0,133,50.43,50.43,0.0,512.861173,0.0
2019-01-23,5,0,134,0.0,0.0,0.0,0.0,0.0
2019-01-23,5,0,135,71.85,71.85,0.0,730.697508,0.0
2019-01-23,5,0,136,45.9,45.9,0.0,119.26656,0.0
2019-01-23,5,0,139,149.8,149.8,0.0,1096.924684,0.0
2019-01-23,5,0,140,242.68,242.68,0.0,473.444413,0.0
2019-01-23,5,0,141,39.39,39.39,0.0,140.295719,0.0
2019-01-23,5,0,142,0.0,0.0,0.0,0.0,0.0
2019-01-23,5,0,143,5.21,5.21,0.0,33.160919,0.0
2019-01-23,5,0,145,30.0,30.0,0.0,208.6011,0.0
2019-01-23,5,0,146,101.64,101.64,0.0,198.289477,0.0
2019-01-23,5,0,152,0.0,0.0,0.0,0.0,0.0
2019-01-23,5,0,153,0.0,0.0,0.0,0.0,0.0
2019-01-23,5,0,154,0.0,0.0,0.0,0.0,0.0
2019-01-23,5,0,157,14.31,14.31,0.0,50.968057,0.0
2019-01-23,5,0,158,0.0,0.0,0.0,0.0,0.0
2019-01-23,5,0,159,0.0,0.0,0.0,0.0,0.0
2019-01-23,5,0,160,0.0,0.0,0.0,0.0,0.0
2019-01-23,5,0,161,0.0,0.0,0.0,0.0,0.0
2019-01-23,5,0,162,48.75,48.75,0.0,1014.872462,0.0
2019-01-23,5,0,163,58.81,58.81,0.0,114.732429,0.0
2019-01-23,5,0,164,0.0,0.0,0.0,0.0,0.0
2019-01-23,5,0,167,0.0,0.0,0.0,0.0,0.0
2019-01-23,5,0,168,0.0,0.0,0.0,0.0,0.0
2019-01-23,5,0,169,0.0,0.0,0.0,0.0,0.0
2019-01-23,5,0,170,0.0,0.0,0.0,0.0,0.0
2019-01-23,5,0,172,0.0,0.0,0.0,0.0,0.0
2019-01-23,5,0,173,0.0,0.0,0.0,0.0,0.0
2019-01-23,5,0,188,0.0,0.0,0.0,0.0,0.0
2019-01-23,5,0,190,0.0,0.0,0.0,0.0,0.0
2019-01-23,5,0,191,0.0,0.0,0.0,0.0,0.0
2019-01-23,5,0,192,85.18,85.18,0.0,1876.717764,0.0
2019-01-23,5,0,194,176.5,176.5,0.0,794.147671,0.0
2019-01-23,5,0,196,0.0,0.0,0.0,0.0,0.0
2019-01-23,5,0,198,0.0,0.0,0.0,0.0,0.0
2019-01-23,5,0,199,39.0,39.0,0.0,384.951278,0.0
2019-01-23,5,0,200,0.0,0.0,0.0,0.0,0.0
2019-01-23,5,0,204,857.0,857.0,0.0,6753.497616,0.0
2019-01-23,5,0,205,1058.0,1058.0,0.0,8411.78788,0.0
2019-01-23,5,0,206,176.99,176.99,0.0,1123.168818,0.0
2019-01-23,5,0,210,0.0,0.0,0.0,0.0,0.0
2019-01-23,5,0,214,0.0,0.0,0.0,0.0,0.0
2019-01-23,5,0,217,0.0,0.0,0.0,0.0,0.0
2019-01-23,5,0,218,0.0,0.0,0.0,0.0,0.0
2019-01-23,5,0,219,0.0,0.0,0.0,0.0,0.0
2019-01-23,5,0,221,0.0,0.0,0.0,0.0,0.0
2019-01-23,5,0,225,0.0,0.0,0.0,0.0,0.0
2019-01-23,5,0,233,0.0,0.0,0.0,0.0,0.0
2019-01-23,5,0,236,159.03,159.03,0.0,1422.162573,0.0
2019-01-23,5,0,237,156.6,156.6,0.0,1349.990059,0.0
2019-01-23,5,0,238,0.0,0.0,0.0,0.0,0.0
2019-01-23,5,0,240,0.0,0.0,0.0,0.0,0.0
2019-01-23,5,0,245,78.0,78.0,0.0,618.511709,0.0
2019-01-23,5,0,247,171.72,171.72,0.0,1361.677315,0.0
2019-01-23,5,0,248,15.72,15.72,0.0,135.516243,0.0
2019-01-23,5,0,249,150.0,150.0,0.0,1189.445593,0.0
2019-01-23,5,0,251,260.9,260.9,0.0,1146.223057,0.0
2019-01-23,5,0,252,267.06,267.06,0.0,593.649814,0.0
2019-01-23,5,0,254,0.0,0.0,0.0,0.0,0.0
2019-01-23,5,0,255,0.0,0.0,0.0,0.0,0.0
2019-01-23,5,0,258,0.0,0.0,0.0,0.0,0.0
2019-01-23,5,0,260,0.0,0.0,0.0,0.0,0.0
2019-01-23,5,0,265,0.0,0.0,0.0,0.0,0.0
2019-01-23,5,0,266,97.0,97.0,0.0,710.291685,0.0
2019-01-23,5,0,267,119.2,119.2,0.0,872.853287,0.0
2019-01-23,5,0,270,183.65,183.65,0.0,358.282786,0.0
2019-01-23,5,0,272,220.78,220.78,0.0,963.905342,0.0
2019-01-23,5,0,273,0.0,0.0,0.0,0.0,0.0
2019-01-23,5,0,274,236.75,236.75,0.0,461.875576,0.0
2019-01-23,5,0,275,329.56,329.56,0.0,642.938606,0.0
2019-01-23,5,0,276,0.0,0.0,0.0,0.0,0.0
2019-01-23,5,0,277,0.0,0.0,0.0,0.0,0.0
2019-01-23,5,0,278,0.0,0.0,0.0,0.0,0.0
2019-01-23,5,0,279,91.37,91.37,0.0,409.043752,0.0
2019-01-23,5,0,281,1.47,1.47,0.0,9.356344,0.0
2019-01-23,5,0,282,0.0,0.0,0.0,0.0,0.0
2019-01-23,6,0,9,0.0,0.0,0.0,0.0,0.0
2019-01-23,6,0,17,0.0,0.0,0.0,0.0,0.0
2019-01-23,6,0,19,0.0,0.0,0.0,0.0,0.0
2019-01-23,6,0,20,0.0,0.0,0.0,0.0,0.0
2019-01-23,6,0,21,0.0,0.0,0.0,0.0,0.0
2019-01-23,6,0,22,0.0,0.0,0.0,0.0,0.0
2019-01-23,6,0,23,21.4,21.4,0.0,100.896269,0.0
2019-01-23,6,0,24,37.86,37.86,0.0,178.501531,0.0
2019-01-23,6,0,29,0.0,0.0,0.0,0.0,0.0
2019-01-23,6,0,30,0.0,0.0,0.0,0.0,0.0
2019-01-23,6,0,31,5.5,5.5,0.0,25.713774,0.0
2019-01-23,6,0,32,0.0,0.0,0.0,0.0,0.0
2019-01-23,6,0,33,0.0,0.0,0.0,0.0,0.0
2019-01-23,6,0,34,0.0,0.0,0.0,0.0,0.0
2019-01-23,6,0,35,0.0,0.0,0.0,0.0,0.0
2019-01-23,6,0,36,0.0,0.0,0.0,0.0,0.0
2019-01-23,6,0,37,0.0,0.0,0.0,0.0,0.0
2019-01-23,6,0,38,0.0,0.0,0.0,0.0,0.0
2019-01-23,6,0,39,0.0,0.0,0.0,0.0,0.0
2019-01-23,6,0,40,0.0,0.0,0.0,0.0,0.0
2019-01-23,6,0,41,116.0,116.0,0.0,792.441573,0.0
2019-01-23,6,0,42,0.0,0.0,0.0,0.0,0.0
2019-01-23,6,0,43,0.0,0.0,0.0,0.0,0.0
2019-01-23,6,0,46,0.0,0.0,0.0,0.0,0.0
2019-01-23,6,0,52,5.83,5.83,0.0,27.2566,0.0
2019-01-23,6,0,53,9.26,9.26,0.0,43.292644,0.0
2019-01-23,6,0,55,26.56,26.56,0.0,125.224529,0.0
2019-01-23,6,0,56,0.0,0.0,0.0,0.0,0.0
2019-01-23,6,0,57,0.0,0.0,0.0,0.0,0.0
2019-01-23,6,0,58,0.0,0.0,0.0,0.0,0.0
2019-01-23,6,0,59,0.0,0.0,0.0,0.0,0.0
2019-01-23,6,0,63,170.0,170.0,0.0,5512.68471,0.0
2019-01-23,6,0,64,200.0,200.0,0.0,6485.511424,0.0
2019-01-23,6,0,65,41.4,41.4,0.0,481.160438,0.0
2019-01-23,6,0,67,0.0,0.0,0.0,0.0,0.0
2019-01-23,6,0,68,1.57,1.57,0.0,7.085624,0.0
2019-01-23,6,0,69,0.0,0.0,0.0,0.0,0.0
2019-01-23,6,0,74,65.28,65.28,0.0,651.933893,0.0
2019-01-23,6,0,77,93.23,93.23,0.0,86.275285,0.0
2019-01-23,6,0,78,70.48,70.48,0.0,65.222376,0.0
2019-01-23,6,0,79,40.79,40.79,0.0,37.747172,0.0
2019-01-23,6,0,80,65.96,65.96,0.0,61.039556,0.0
2019-01-23,6,0,81,86.23,86.23,0.0,79.797467,0.0
2019-01-23,6,0,82,60.83,60.83,0.0,56.292241,0.0
2019-01-23,6,0,83,135.64,135.64,0.0,125.52161,0.0
2019-01-23,6,0,84,0.0,0.0,0.0,0.0,0.0
2019-01-23,6,0,86,0.0,0.0,0.0,0.0,0.0
2019-01-23,6,0,87,0.0,0.0,0.0,0.0,0.0
2019-01-23,6,0,88,132.21,132.21,0.0,122.347479,0.0
2019-01-23,6,0,89,127.09,127.09,0.0,117.609418,0.0
2019-01-23,6,0,90,170.64,170.64,0.0,157.910702,0.0
2019-01-23,6,0,91,608.72,608.72,0.0,563.311077,0.0
2019-01-23,6,0,92,218.92,218.92,0.0,202.58914,0.0
2019-01-23,6,0,95,36.0,36.0,0.0,1153.745669,0.0
2019-01-23,6,0,96,7.17,7.17,0.0,33.225068,0.0
2019-01-23,6,0,97,44.09,44.09,0.0,204.30868,0.0
2019-01-23,6,0,99,12.6,12.6,0.0,125.832829,0.0
2019-01-23,6,0,101,0.0,0.0,0.0,0.0,0.0
2019-01-23,6,0,102,3.73,3.73,0.0,16.833998,0.0
2019-01-23,6,0,103,3.24,3.24,0.0,14.622561,0.0
2019-01-23,6,0,104,0.6,0.6,0.0,2.707882,0.0
2019-01-23,6,0,106,0.0,0.0,0.0,0.0,0.0
2019-01-23,6,0,109,200.0,200.0,0.0,1618.046344,0.0
2019-01-23,6,0,110,151.27,151.27,0.0,3518.522091,0.0
2019-01-23,6,0,111,0.0,0.0,0.0,0.0,0.0
2019-01-23,6,0,113,78.11,78.11,0.0,-66.341609,0.0
2019-01-23,6,0,115,78.11,78.11,0.0,-66.341609,0.0
2019-01-23,6,0,116,0.0,0.0,0.0,0.0,0.0
2019-01-23,6,0,117,3.1,3.1,0.0,-2.632941,0.0
2019-01-23,6,0,119,200.0,200.0,0.0,6485.511424,0.0
2019-01-23,6,0,120,117.6,117.6,0.0,3813.480717,0.0
2019-01-23,6,0,123,0.0,0.0,0.0,0.0,0.0
2019-01-23,6,0,125,34.27,34.27,0.0,161.575474,0.0
2019-01-23,6,0,126,0.0,0.0,0.0,0.0,0.0
2019-01-23,6,0,127,0.0,0.0,0.0,0.0,0.0
2019-01-23,6,0,128,49.08,49.08,0.0,231.401351,0.0
2019-01-23,6,0,131,5.12,5.12,0.0,16.79702,0.0
2019-01-23,6,0,132,7.52,7.52,0.0,24.670623,0.0
2019-01-23,6,0,133,41.94,41.94,0.0,490.148885,0.0
2019-01-23,6,0,134,0.0,0.0,0.0,0.0,0.0
2019-01-23,6,0,135,56.2,56.2,0.0,656.804181,0.0
2019-01-23,6,0,136,45.9,45.9,0.0,533.31155,0.0
2019-01-23,6,0,139,149.8,149.8,0.0,1023.342652,0.0
2019-01-23,6,0,140,111.96,111.96,0.0,2604.176197,0.0
2019-01-23,6,0,141,37.34,37.34,0.0,340.836763,0.0
2019-01-23,6,0,142,0.0,0.0,0.0,0.0,0.0
2019-01-23,6,0,143,19.55,19.55,0.0,91.400777,0.0
2019-01-23,6,0,145,30.0,30.0,0.0,178.316614,0.0
2019-01-23,6,0,146,77.07,77.07,0.0,1792.638974,0.0
2019-01-23,6,0,152,0.0,0.0,0.0,0.0,0.0
2019-01-23,6,0,153,0.0,0.0,0.0,0.0,0.0
2019-01-23,6,0,154,0.0,0.0,0.0,0.0,0.0
2019-01-23,6,0,157,20.67,20.67,0.0,188.674234,0.0
2019-01-23,6,0,158,0.0,0.0,0.0,0.0,0.0
2019-01-23,6,0,159,0.0,0.0,0.0,0.0,0.0
2019-01-23,6,0,160,0.0,0.0,0.0,0.0,0.0
2019-01-23,6,0,161,0.0,0.0,0.0,0.0,0.0
2019-01-23,6,0,162,48.75,48.75,0.0,1563.195118,0.0
2019-01-23,6,0,163,44.31,44.31,0.0,1030.645296,0.0
2019-01-23,6,0,164,0.0,0.0,0.0,0.0,0.0
2019-01-23,6,0,167,0.0,0.0,0.0,0.0,0.0
2019-01-23,6,0,168,0.0,0.0,0.0,0.0,0.0
2019-01-23,6,0,169,0.0,0.0,0.0,0.0,0.0
2019-01-23,6,0,170,0.0,0.0,0.0,0.0,0.0
2019-01-23,6,0,172,0.0,0.0,0.0,0.0,0.0
2019-01-23,6,0,173,0.0,0.0,0.0,0.0,0.0
2019-01-23,6,0,188,0.0,0.0,0.0,0.0,0.0
2019-01-23,6,0,190,0.0,0.0,0.0,0.0,0.0
2019-01-23,6,0,191,0.0,0.0,0.0,0.0,0.0
2019-01-23,6,0,192,67.0,67.0,0.0,2172.646327,0.0
2019-01-23,6,0,194,176.5,176.5,0.0,-1048.452441,0.0
2019-01-23,6,0,196,0.0,0.0,0.0,0.0,0.0
2019-01-23,6,0,198,0.0,0.0,0.0,0.0,0.0
2019-01-23,6,0,199,39.0,39.0,0.0,272.812307,0.0
2019-01-23,6,0,200,0.0,0.0,0.0,0.0,0.0
2019-01-23,6,0,204,857.0,857.0,0.0,6777.712565,0.0
2019-01-23,6,0,205,1058.0,1058.0,0.0,8559.465159,0.0
2019-01-23,6,0,206,129.56,129.56,0.0,600.368168,0.0
2019-01-23,6,0,210,0.0,0.0,0.0,0.0,0.0
2019-01-23,6,0,214,0.0,0.0,0.0,0.0,0.0
2019-01-23,6,0,217,0.0,0.0,0.0,0.0,0.0
2019-01-23,6,0,218,0.0,0.0,0.0,0.0,0.0
2019-01-23,6,0,219,0.0,0.0,0.0,0.0,0.0
2019-01-23,6,0,221,0.0,0.0,0.0,0.0,0.0
2019-01-23,6,0,225,0.0,0.0,0.0,0.0,0.0
2019-01-23,6,0,233,0.0,0.0,0.0,0.0,0.0
2019-01-23,6,0,236,159.03,159.03,0.0,1728.385674,0.0
2019-01-23,6,0,237,156.6,156.6,0.0,1563.922299,0.0
2019-01-23,6,0,238,0.0,0.0,0.0,0.0,0.0
2019-01-23,6,0,240,0.0,0.0,0.0,0.0,0.0
2019-01-23,6,0,245,78.0,78.0,0.0,928.097618,0.0
2019-01-23,6,0,247,171.72,171.72,0.0,2043.242602,0.0
2019-01-23,6,0,248,15.72,15.72,0.0,156.991434,0.0
2019-01-23,6,0,249,150.0,150.0,0.0,1784.803112,0.0
2019-01-23,6,0,251,326.4,326.4,0.0,3761.82237,0.0
2019-01-23,6,0,252,267.06,267.06,0.0,3103.833491,0.0
2019-01-23,6,0,254,0.0,0.0,0.0,0.0,0.0
2019-01-23,6,0,255,0.0,0.0,0.0,0.0,0.0
2019-01-23,6,0,258,0.0,0.0,0.0,0.0,0.0
2019-01-23,6,0,260,0.0,0.0,0.0,0.0,0.0
2019-01-23,6,0,265,0.0,0.0,0.0,0.0,0.0
2019-01-23,6,0,266,97.0,97.0,0.0,662.645109,0.0
2019-01-23,6,0,267,119.2,119.2,0.0,814.30203,0.0
2019-01-23,6,0,270,138.36,138.36,0.0,3218.237037,0.0
2019-01-23,6,0,272,275.62,275.62,0.0,-234.093896,0.0
2019-01-23,6,0,273,0.0,0.0,0.0,0.0,0.0
2019-01-23,6,0,274,178.37,178.37,0.0,4148.864847,0.0
2019-01-23,6,0,275,248.29,248.29,0.0,5775.195677,0.0
2019-01-23,6,0,276,0.0,0.0,0.0,0.0,0.0
2019-01-23,6,0,277,0.0,0.0,0.0,-0.0,0.0
2019-01-23,6,0,278,0.0,0.0,0.0,-0.0,0.0
2019-01-23,6,0,279,79.62,79.62,0.0,-10.972786,0.0
2019-01-23,6,0,281,2.47,2.47,0.0,11.547822,0.0
2019-01-23,6,0,282,0.0,0.0,0.0,0.0,0.0
2019-01-23,7,0,9,0.0,0.0,0.0,0.0,0.0
2019-01-23,7,0,17,0.0,0.0,0.0,0.0,0.0
2019-01-23,7,0,19,0.0,0.0,0.0,0.0,0.0
2019-01-23,7,0,20,0.0,0.0,0.0,0.0,0.0
2019-01-23,7,0,21,0.0,0.0,0.0,0.0,0.0
2019-01-23,7,0,22,0.0,0.0,0.0,0.0,0.0
2019-01-23,7,0,23,26.2,26.2,0.0,298.148802,0.0
2019-01-23,7,0,24,46.36,46.36,0.0,527.564064,0.0
2019-01-23,7,0,29,0.0,0.0,0.0,0.0,0.0
2019-01-23,7,0,30,0.0,0.0,0.0,0.0,0.0
2019-01-23,7,0,31,26.39,26.39,0.0,299.732272,0.0
2019-01-23,7,0,32,0.0,0.0,0.0,0.0,0.0
2019-01-23,7,0,33,0.0,0.0,0.0,0.0,0.0
2019-01-23,7,0,34,0.0,0.0,0.0,0.0,0.0
2019-01-23,7,0,35,0.0,0.0,0.0,0.0,0.0
2019-01-23,7,0,36,0.0,0.0,0.0,0.0,0.0
2019-01-23,7,0,37,0.0,0.0,0.0,0.0,0.0
2019-01-23,7,0,38,0.0,0.0,0.0,0.0,0.0
2019-01-23,7,0,39,0.0,0.0,0.0,0.0,0.0
2019-01-23,7,0,40,0.0,0.0,0.0,0.0,0.0
2019-01-23,7,0,41,85.72,85.72,0.0,1080.193447,0.0
2019-01-23,7,0,42,0.0,0.0,0.0,0.0,0.0
2019-01-23,7,0,43,0.0,0.0,0.0,0.0,0.0
2019-01-23,7,0,46,0.0,0.0,0.0,0.0,0.0
2019-01-23,7,0,52,27.97,27.97,0.0,317.677592,0.0
2019-01-23,7,0,53,44.45,44.45,0.0,504.854092,0.0
2019-01-23,7,0,55,46.48,46.48,0.0,528.929631,0.0
2019-01-23,7,0,56,0.0,0.0,0.0,0.0,0.0
2019-01-23,7,0,57,0.0,0.0,0.0,0.0,0.0
2019-01-23,7,0,58,0.0,0.0,0.0,0.0,0.0
2019-01-23,7,0,59,0.0,0.0,0.0,0.0,0.0
2019-01-23,7,0,63,170.0,170.0,0.0,5512.68471,0.0
2019-01-23,7,0,64,200.0,200.0,0.0,6485.511424,0.0
2019-01-23,7,0,65,0.0,0.0,0.0,0.0,0.0
2019-01-23,7,0,67,0.0,0.0,0.0,0.0,0.0
2019-01-23,7,0,68,1.39,1.39,0.0,16.648853,0.0
2019-01-23,7,0,69,0.0,0.0,0.0,0.0,0.0
2019-01-23,7,0,74,65.28,65.28,0.0,952.220986,0.0
2019-01-23,7,0,77,87.59,87.59,0.0,813.633177,0.0
2019-01-23,7,0,78,66.22,66.22,0.0,615.124888,0.0
2019-01-23,7,0,79,38.32,38.32,0.0,355.958709,0.0
2019-01-23,7,0,80,61.97,61.97,0.0,575.646169,0.0
2019-01-23,7,0,81,81.02,81.02,0.0,752.603722,0.0
2019-01-23,7,0,82,57.15,57.15,0.0,530.872657,0.0
2019-01-23,7,0,83,127.44,127.44,0.0,1183.804225,0.0
2019-01-23,7,0,84,0.0,0.0,0.0,0.0,0.0
2019-01-23,7,0,86,0.0,0.0,0.0,0.0,0.0
2019-01-23,7,0,87,0.0,0.0,0.0,0.0,0.0
2019-01-23,7,0,88,125.78,125.78,0.0,1168.384302,0.0
2019-01-23,7,0,89,120.91,120.91,0.0,1123.146334,0.0
2019-01-23,7,0,90,162.34,162.34,0.0,1507.994177,0.0
2019-01-23,7,0,91,579.11,579.11,0.0,5379.416704,0.0
2019-01-23,7,0,92,208.27,208.27,0.0,1934.643016,0.0
2019-01-23,7,0,95,36.0,36.0,0.0,914.892964,0.0
2019-01-23,7,0,96,5.55,5.55,0.0,62.908587,0.0
2019-01-23,7,0,97,34.13,34.13,0.0,386.859472,0.0
2019-01-23,7,0,99,12.6,12.6,0.0,183.792654,0.0
2019-01-23,7,0,101,0.0,0.0,0.0,0.0,0.0
2019-01-23,7,0,102,3.29,3.29,0.0,39.406278,0.0
2019-01-23,7,0,103,2.86,2.86,0.0,34.255913,0.0
2019-01-23,7,0,104,0.53,0.53,0.0,6.348124,0.0
2019-01-23,7,0,106,0.0,0.0,0.0,0.0,0.0
2019-01-23,7,0,109,200.0,200.0,0.0,2642.702313,0.0
2019-01-23,7,0,110,57.44,57.44,0.0,1480.814944,0.0
2019-01-23,7,0,111,0.0,0.0,0.0,0.0,0.0
2019-01-23,7,0,113,40.58,40.58,0.0,330.184306,0.0
2019-01-23,7,0,115,40.58,40.58,0.0,330.184306,0.0
2019-01-23,7,0,116,0.0,0.0,0.0,0.0,0.0
2019-01-23,7,0,117,1.66,1.66,0.0,13.5068,0.0
2019-01-23,7,0,119,200.0,200.0,0.0,6485.511424,0.0
2019-01-23,7,0,120,117.6,117.6,0.0,3813.480717,0.0
2019-01-23,7,0,123,0.0,0.0,0.0,0.0,0.0
2019-01-23,7,0,125,41.96,41.96,0.0,477.493272,0.0
2019-01-23,7,0,126,0.0,0.0,0.0,0.0,0.0
2019-01-23,7,0,127,0.0,0.0,0.0,0.0,0.0
2019-01-23,7,0,128,60.09,60.09,0.0,683.807692,0.0
2019-01-23,7,0,131,4.52,4.52,0.0,50.037151,0.0
2019-01-23,7,0,132,6.64,6.64,0.0,73.505904,0.0
2019-01-23,7,0,133,0.0,0.0,0.0,0.0,0.0
2019-01-23,7,0,134,0.0,0.0,0.0,0.0,0.0
2019-01-23,7,0,135,0.0,0.0,0.0,0.0,0.0
2019-01-23,7,0,136,0.0,0.0,0.0,0.0,0.0
2019-01-23,7,0,139,110.71,110.71,0.0,1395.102853,0.0
2019-01-23,7,0,140,42.51,42.51,0.0,1095.916492,0.0
2019-01-23,7,0,141,41.52,41.52,0.0,638.382891,0.0
2019-01-23,7,0,142,0.0,0.0,0.0,0.0,0.0
2019-01-23,7,0,143,33.75,33.75,0.0,383.325661,0.0
2019-01-23,7,0,145,30.0,30.0,0.0,361.442898,0.0
2019-01-23,7,0,146,64.72,64.72,0.0,1668.494833,0.0
2019-01-23,7,0,152,0.0,0.0,0.0,0.0,0.0
2019-01-23,7,0,153,0.0,0.0,0.0,0.0,0.0
2019-01-23,7,0,154,0.0,0.0,0.0,0.0,0.0
2019-01-23,7,0,157,29.63,29.63,0.0,455.570449,0.0
2019-01-23,7,0,158,0.0,0.0,0.0,0.0,0.0
2019-01-23,7,0,159,0.0,0.0,0.0,0.0,0.0
2019-01-23,7,0,160,0.0,0.0,0.0,0.0,0.0
2019-01-23,7,0,161,0.0,0.0,0.0,0.0,0.0
2019-01-23,7,0,162,48.75,48.75,0.0,1239.07635,0.0
2019-01-23,7,0,163,33.22,33.22,0.0,856.418392,0.0
2019-01-23,7,0,164,0.0,0.0,0.0,0.0,0.0
2019-01-23,7,0,167,0.0,0.0,0.0,0.0,0.0
2019-01-23,7,0,168,0.0,0.0,0.0,0.0,0.0
2019-01-23,7,0,169,0.0,0.0,0.0,0.0,0.0
2019-01-23,7,0,170,0.0,0.0,0.0,0.0,0.0
2019-01-23,7,0,172,0.0,0.0,0.0,0.0,0.0
2019-01-23,7,0,173,0.0,0.0,0.0,0.0,0.0
2019-01-23,7,0,188,0.0,0.0,0.0,0.0,0.0
2019-01-23,7,0,190,0.0,0.0,0.0,0.0,0.0
2019-01-23,7,0,191,0.0,0.0,0.0,0.0,0.0
2019-01-23,7,0,192,52.59,52.59,0.0,1705.365229,0.0
2019-01-23,7,0,194,176.5,176.5,0.0,799.938328,0.0
2019-01-23,7,0,196,0.0,0.0,0.0,0.0,0.0
2019-01-23,7,0,198,0.0,0.0,0.0,0.0,0.0
2019-01-23,7,0,199,39.0,39.0,0.0,371.89569,0.0
2019-01-23,7,0,200,0.0,0.0,0.0,0.0,0.0
2019-01-23,7,0,204,857.0,857.0,0.0,11219.06702,0.0
2019-01-23,7,0,205,1058.0,1058.0,0.0,13979.895238,0.0
2019-01-23,7,0,206,100.29,100.29,0.0,1136.775167,0.0
2019-01-23,7,0,210,0.0,0.0,0.0,0.0,0.0
2019-01-23,7,0,214,0.0,0.0,0.0,0.0,0.0
2019-01-23,7,0,217,0.0,0.0,0.0,0.0,0.0
2019-01-23,7,0,218,0.0,0.0,0.0,0.0,0.0
2019-01-23,7,0,219,0.0,0.0,0.0,0.0,0.0
2019-01-23,7,0,221,0.0,0.0,0.0,0.0,0.0
2019-01-23,7,0,225,0.0,0.0,0.0,0.0,0.0
2019-01-23,7,0,233,0.0,0.0,0.0,0.0,0.0
2019-01-23,7,0,236,159.03,159.03,0.0,2422.477142,0.0
2019-01-23,7,0,237,156.6,156.6,0.0,2284.280124,0.0
2019-01-23,7,0,238,0.0,0.0,0.0,0.0,0.0
2019-01-23,7,0,240,0.0,0.0,0.0,0.0,0.0
2019-01-23,7,0,245,0.0,0.0,0.0,0.0,0.0
2019-01-23,7,0,247,0.0,0.0,0.0,0.0,0.0
2019-01-23,7,0,248,15.72,15.72,0.0,229.303215,0.0
2019-01-23,7,0,249,0.0,0.0,0.0,0.0,0.0
2019-01-23,7,0,251,326.4,326.4,0.0,5138.083801,0.0
2019-01-23,7,0,252,0.0,0.0,0.0,0.0,0.0
2019-01-23,7,0,254,0.0,0.0,0.0,0.0,0.0
2019-01-23,7,0,255,0.0,0.0,0.0,0.0,0.0
2019-01-23,7,0,258,0.0,0.0,0.0,0.0,0.0
2019-01-23,7,0,260,0.0,0.0,0.0,0.0,0.0
2019-01-23,7,0,265,0.0,0.0,0.0,0.0,0.0
2019-01-23,7,0,266,71.67,71.67,0.0,903.143541,0.0
2019-01-23,7,0,267,88.09,88.09,0.0,1110.058805,0.0
2019-01-23,7,0,270,103.75,103.75,0.0,2674.696213,0.0
2019-01-23,7,0,272,144.38,144.38,0.0,1174.766144,0.0
2019-01-23,7,0,273,0.0,0.0,0.0,0.0,0.0
2019-01-23,7,0,274,133.74,133.74,0.0,3447.844544,0.0
2019-01-23,7,0,275,186.17,186.17,0.0,4799.500664,0.0
2019-01-23,7,0,276,0.0,0.0,0.0,0.0,0.0
2019-01-23,7,0,277,0.0,0.0,0.0,0.0,0.0
2019-01-23,7,0,278,0.0,0.0,0.0,0.0,0.0
2019-01-23,7,0,279,70.0,70.0,0.0,601.907314,0.0
2019-01-23,7,0,281,11.83,11.83,0.0,134.362743,0.0
2019-01-23,7,0,282,0.0,0.0,0.0,0.0,0.0
2019-01-23,8,0,9,0.0,0.0,0.0,0.0,0.0
2019-01-23,8,0,17,0.0,0.0,0.0,0.0,0.0
2019-01-23,8,0,19,0.0,0.0,0.0,0.0,0.0
2019-01-23,8,0,20,0.0,0.0,0.0,0.0,0.0
2019-01-23,8,0,21,0.0,0.0,0.0,0.0,0.0
2019-01-23,8,0,22,0.0,0.0,0.0,0.0,0.0
2019-01-23,8,0,23,24.79,24.79,0.0,456.639855,0.0
2019-01-23,8,0,24,43.87,43.87,0.0,808.099655,0.0
2019-01-23,8,0,29,0.0,0.0,0.0,0.0,0.0
2019-01-23,8,0,30,0.0,0.0,0.0,0.0,0.0
2019-01-23,8,0,31,9.8,9.8,0.0,180.722,0.0
2019-01-23,8,0,32,0.0,0.0,0.0,0.0,0.0
2019-01-23,8,0,33,0.0,0.0,0.0,0.0,0.0
2019-01-23,8,0,34,0.0,0.0,0.0,0.0,0.0
2019-01-23,8,0,35,0.0,0.0,0.0,0.0,0.0
2019-01-23,8,0,36,0.0,0.0,0.0,0.0,0.0
2019-01-23,8,0,37,0.0,0.0,0.0,0.0,0.0
2019-01-23,8,0,38,0.0,0.0,0.0,0.0,0.0
2019-01-23,8,0,39,0.0,0.0,0.0,0.0,0.0
2019-01-23,8,0,40,0.0,0.0,0.0,0.0,0.0
2019-01-23,8,0,41,34.8,34.8,0.0,605.269934,0.0
2019-01-23,8,0,42,0.0,0.0,0.0,0.0,0.0
2019-01-23,8,0,43,0.0,0.0,0.0,0.0,0.0
2019-01-23,8,0,46,0.0,0.0,0.0,0.0,0.0
2019-01-23,8,0,52,10.39,10.39,0.0,191.602202,0.0
2019-01-23,8,0,53,16.5,16.5,0.0,304.276836,0.0
2019-01-23,8,0,55,50.53,50.53,0.0,930.779019,0.0
2019-01-23,8,0,56,0.0,0.0,0.0,0.0,0.0
2019-01-23,8,0,57,0.0,0.0,0.0,0.0,0.0
2019-01-23,8,0,58,0.0,0.0,0.0,0.0,0.0
2019-01-23,8,0,59,0.0,0.0,0.0,0.0,0.0
2019-01-23,8,0,63,83.1,83.1,0.0,2694.729996,0.0
2019-01-23,8,0,64,97.68,97.68,0.0,3167.523779,0.0
2019-01-23,8,0,65,41.4,41.4,0.0,654.792106,0.0
2019-01-23,8,0,67,0.0,0.0,0.0,0.0,0.0
2019-01-23,8,0,68,1.28,1.28,0.0,28.163586,0.0
2019-01-23,8,0,69,0.0,0.0,0.0,0.0,0.0
2019-01-23,8,0,74,65.28,65.28,0.0,1053.255883,0.0
2019-01-23,8,0,77,51.68,51.68,0.0,1055.347412,0.0
2019-01-23,8,0,78,39.02,39.02,0.0,796.819969,0.0
2019-01-23,8,0,79,22.51,22.51,0.0,459.672412,0.0
2019-01-23,8,0,80,36.51,36.51,0.0,745.563738,0.0
2019-01-23,8,0,81,47.79,47.79,0.0,975.910464,0.0
2019-01-23,8,0,82,33.66,33.66,0.0,687.364433,0.0
2019-01-23,8,0,83,75.29,75.29,0.0,1537.482713,0.0
2019-01-23,8,0,84,0.0,0.0,0.0,0.0,0.0
2019-01-23,8,0,86,0.0,0.0,0.0,0.0,0.0
2019-01-23,8,0,87,0.0,0.0,0.0,0.0,0.0
2019-01-23,8,0,88,72.26,72.26,0.0,1475.607662,0.0
2019-01-23,8,0,89,69.73,69.73,0.0,1423.943015,0.0
2019-01-23,8,0,90,90.99,90.99,0.0,1858.089415,0.0
2019-01-23,8,0,91,285.23,285.23,0.0,5824.627365,0.0
2019-01-23,8,0,92,114.13,114.13,0.0,2330.626937,0.0
2019-01-23,8,0,95,36.0,36.0,0.0,914.892964,0.0
2019-01-23,8,0,96,5.56,5.56,0.0,102.652329,0.0
2019-01-23,8,0,97,34.18,34.18,0.0,631.053347,0.0
2019-01-23,8,0,99,12.6,12.6,0.0,203.293874,0.0
2019-01-23,8,0,101,0.0,0.0,0.0,0.0,0.0
2019-01-23,8,0,102,3.02,3.02,0.0,66.448461,0.0
2019-01-23,8,0,103,2.63,2.63,0.0,57.867368,0.0
2019-01-23,8,0,104,0.49,0.49,0.0,10.781373,0.0
2019-01-23,8,0,106,0.0,0.0,0.0,0.0,0.0
2019-01-23,8,0,109,200.0,200.0,0.0,3318.185597,0.0
2019-01-23,8,0,110,51.97,51.97,0.0,1510.597849,0.0
2019-01-23,8,0,111,0.0,0.0,0.0,0.0,0.0
2019-01-23,8,0,113,62.28,62.28,0.0,1277.224978,0.0
2019-01-23,8,0,115,62.28,62.28,0.0,1277.224978,0.0
2019-01-23,8,0,116,0.0,0.0,0.0,0.0,0.0
2019-01-23,8,0,117,3.22,3.22,0.0,66.035074,0.0
2019-01-23,8,0,119,97.68,97.68,0.0,3167.523779,0.0
2019-01-23,8,0,120,57.63,57.63,0.0,1868.800117,0.0
2019-01-23,8,0,123,0.0,0.0,0.0,0.0,0.0
2019-01-23,8,0,125,39.7,39.7,0.0,731.2869,0.0
2019-01-23,8,0,126,0.0,0.0,0.0,0.0,0.0
2019-01-23,8,0,127,0.0,0.0,0.0,0.0,0.0
2019-01-23,8,0,128,56.86,56.86,0.0,1047.379676,0.0
2019-01-23,8,0,131,4.03,4.03,0.0,86.799742,0.0
2019-01-23,8,0,132,5.92,5.92,0.0,127.507313,0.0
2019-01-23,8,0,133,41.94,41.94,0.0,662.87982,0.0
2019-01-23,8,0,134,0.0,0.0,0.0,0.0,0.0
2019-01-23,8,0,135,56.2,56.2,0.0,888.265281,0.0
2019-01-23,8,0,136,0.0,0.0,0.0,0.0,0.0
2019-01-23,8,0,139,44.94,44.94,0.0,781.63307,0.0
2019-01-23,8,0,140,38.46,38.46,0.0,1117.906355,0.0
2019-01-23,8,0,141,41.13,41.13,0.0,976.495797,0.0
2019-01-23,8,0,142,0.0,0.0,0.0,0.0,0.0
2019-01-23,8,0,143,11.72,11.72,0.0,216.128759,0.0
2019-01-23,8,0,145,30.0,30.0,0.0,532.65713,0.0
2019-01-23,8,0,146,56.69,56.69,0.0,1647.792805,0.0
2019-01-23,8,0,152,0.0,0.0,0.0,0.0,0.0
2019-01-23,8,0,153,0.0,0.0,0.0,0.0,0.0
2019-01-23,8,0,154,0.0,0.0,0.0,0.0,0.0
2019-01-23,8,0,157,26.76,26.76,0.0,635.327681,0.0
2019-01-23,8,0,158,0.0,0.0,0.0,0.0,0.0
2019-01-23,8,0,159,0.0,0.0,0.0,0.0,0.0
2019-01-23,8,0,160,0.0,0.0,0.0,0.0,0.0
2019-01-23,8,0,161,0.0,0.0,0.0,0.0,0.0
2019-01-23,8,0,162,48.75,48.75,0.0,1238.412573,0.0
2019-01-23,8,0,163,29.75,29.75,0.0,864.735155,0.0
2019-01-23,8,0,164,0.0,0.0,0.0,0.0,0.0
2019-01-23,8,0,167,0.0,0.0,0.0,0.0,0.0
2019-01-23,8,0,168,0.0,0.0,0.0,0.0,0.0
2019-01-23,8,0,169,0.0,0.0,0.0,0.0,0.0
2019-01-23,8,0,170,0.0,0.0,0.0,0.0,0.0
2019-01-23,8,0,172,0.0,0.0,0.0,0.0,0.0
2019-01-23,8,0,173,0.0,0.0,0.0,0.0,0.0
2019-01-23,8,0,188,0.0,0.0,0.0,0.0,0.0
2019-01-23,8,0,190,0.0,0.0,0.0,0.0,0.0
2019-01-23,8,0,191,0.0,0.0,0.0,0.0,0.0
2019-01-23,8,0,192,49.13,49.13,0.0,1593.165881,0.0
2019-01-23,8,0,194,176.5,176.5,0.0,3405.49357,0.0
2019-01-23,8,0,196,0.0,0.0,0.0,0.0,0.0
2019-01-23,8,0,198,0.0,0.0,0.0,0.0,0.0
2019-01-23,8,0,199,39.0,39.0,0.0,607.254846,0.0
2019-01-23,8,0,200,0.0,0.0,0.0,0.0,0.0
2019-01-23,8,0,204,856.99,856.99,0.0,14268.654901,0.0
2019-01-23,8,0,205,1058.0,1058.0,0.0,17553.201809,0.0
2019-01-23,8,0,206,100.43,100.43,0.0,1854.203852,0.0
2019-01-23,8,0,210,0.0,0.0,0.0,0.0,0.0
2019-01-23,8,0,214,0.0,0.0,0.0,0.0,0.0
2019-01-23,8,0,217,0.0,0.0,0.0,0.0,0.0
2019-01-23,8,0,218,0.0,0.0,0.0,0.0,0.0
2019-01-23,8,0,219,0.0,0.0,0.0,0.0,0.0
2019-01-23,8,0,221,0.0,0.0,0.0,0.0,0.0
2019-01-23,8,0,225,0.0,0.0,0.0,0.0,0.0
2019-01-23,8,0,233,0.0,0.0,0.0,0.0,0.0
2019-01-23,8,0,236,159.03,159.03,0.0,2534.178593,0.0
2019-01-23,8,0,237,156.6,156.6,0.0,2526.652439,0.0
2019-01-23,8,0,238,0.0,0.0,0.0,0.0,0.0
2019-01-23,8,0,240,0.0,0.0,0.0,0.0,0.0
2019-01-23,8,0,245,0.0,0.0,0.0,0.0,0.0
2019-01-23,8,0,247,171.72,171.72,0.0,2708.034509,0.0
2019-01-23,8,0,248,15.72,15.72,0.0,253.63331,0.0
2019-01-23,8,0,249,0.0,0.0,0.0,0.0,0.0
2019-01-23,8,0,251,326.4,326.4,0.0,5167.709429,0.0
2019-01-23,8,0,252,267.06,267.06,0.0,4223.883572,0.0
2019-01-23,8,0,254,0.0,0.0,0.0,0.0,0.0
2019-01-23,8,0,255,0.0,0.0,0.0,0.0,0.0
2019-01-23,8,0,258,0.0,0.0,0.0,0.0,0.0
2019-01-23,8,0,260,0.0,0.0,0.0,0.0,0.0
2019-01-23,8,0,265,0.0,0.0,0.0,0.0,0.0
2019-01-23,8,0,266,29.1,29.1,0.0,506.130893,0.0
2019-01-23,8,0,267,35.76,35.76,0.0,621.967036,0.0
2019-01-23,8,0,270,92.92,92.92,0.0,2700.880356,0.0
2019-01-23,8,0,272,215.61,215.61,0.0,4421.683968,0.0
2019-01-23,8,0,273,0.0,0.0,0.0,0.0,0.0
2019-01-23,8,0,274,119.78,119.78,0.0,3481.612668,0.0
2019-01-23,8,0,275,166.74,166.74,0.0,4846.58621,0.0
2019-01-23,8,0,276,0.0,0.0,0.0,0.0,0.0
2019-01-23,8,0,277,0.0,0.0,0.0,0.0,0.0
2019-01-23,8,0,278,0.0,0.0,0.0,0.0,0.0
2019-01-23,8,0,279,61.31,61.31,0.0,1255.19449,0.0
2019-01-23,8,0,281,4.4,4.4,0.0,81.14049,0.0
2019-01-23,8,0,282,0.0,0.0,0.0,0.0,0.0
2019-01-23,9,0,9,0.16,0.16,0.0,2.417602,0.0
2019-01-23,9,0,17,2.51,2.51,0.0,14.387452,0.0
2019-01-23,9,0,19,475.02,475.02,0.0,2722.839577,0.0
2019-01-23,9,0,20,589.85,589.85,0.0,3381.051165,0.0
2019-01-23,9,0,21,3.75,3.75,0.0,56.662558,0.0
2019-01-23,9,0,22,13.32,13.32,0.0,201.265407,0.0
2019-01-23,9,0,23,23.91,23.91,0.0,361.280471,0.0
2019-01-23,9,0,24,42.3,42.3,0.0,639.153657,0.0
2019-01-23,9,0,29,0.55,0.55,0.0,5.66058,0.0
2019-01-23,9,0,30,26.49,26.49,0.0,400.885818,0.0
2019-01-23,9,0,31,11.85,11.85,0.0,179.331708,0.0
2019-01-23,9,0,32,0.68,0.68,0.0,22.369613,0.0
2019-01-23,9,0,33,0.11,0.11,0.0,1.198277,0.0
2019-01-23,9,0,34,0.18,0.18,0.0,1.960817,0.0
2019-01-23,9,0,35,0.18,0.18,0.0,1.960817,0.0
2019-01-23,9,0,36,0.71,0.71,0.0,8.797209,0.0
2019-01-23,9,0,37,0.29,0.29,0.0,3.595133,0.0
2019-01-23,9,0,38,0.38,0.38,0.0,4.710864,0.0
2019-01-23,9,0,39,0.25,0.25,0.0,3.099252,0.0
2019-01-23,9,0,40,0.25,0.25,0.0,3.099252,0.0
2019-01-23,9,0,41,34.8,34.8,0.0,483.423069,0.0
2019-01-23,9,0,42,4.38,4.38,0.0,44.411593,0.0
2019-01-23,9,0,43,2.14,2.14,0.0,26.100531,0.0
2019-01-23,9,0,46,3.53,3.53,0.0,44.629037,0.0
2019-01-23,9,0,52,12.57,12.57,0.0,190.227812,0.0
2019-01-23,9,0,53,20.08,20.08,0.0,303.880228,0.0
2019-01-23,9,0,55,54.98,54.98,0.0,830.748654,0.0
2019-01-23,9,0,56,7.81,7.81,0.0,118.192459,0.0
2019-01-23,9,0,57,7.43,7.43,0.0,112.441738,0.0
2019-01-23,9,0,58,14.29,14.29,0.0,216.257393,0.0
2019-01-23,9,0,59,14.06,14.06,0.0,212.776693,0.0
2019-01-23,9,0,63,34.59,34.59,0.0,1121.669201,0.0
2019-01-23,9,0,64,40.7,40.7,0.0,1319.801575,0.0
2019-01-23,9,0,65,41.4,41.4,0.0,356.004937,0.0
2019-01-23,9,0,67,13.07,13.07,0.0,280.6737,0.0
2019-01-23,9,0,68,2.35,2.35,0.0,45.391092,0.0
2019-01-23,9,0,69,0.11,0.11,0.0,1.198277,0.0
2019-01-23,9,0,74,65.28,65.28,0.0,796.424953,0.0
2019-01-23,9,0,77,17.0,17.0,0.0,295.225602,0.0
2019-01-23,9,0,78,12.85,12.85,0.0,223.155823,0.0
2019-01-23,9,0,79,7.44,7.44,0.0,129.204617,0.0
2019-01-23,9,0,80,12.03,12.03,0.0,208.915529,0.0
2019-01-23,9,0,81,15.73,15.73,0.0,273.170513,0.0
2019-01-23,9,0,82,11.09,11.09,0.0,192.59129,0.0
2019-01-23,9,0,83,24.74,24.74,0.0,429.640083,0.0
2019-01-23,9,0,84,0.0,0.0,0.0,0.0,0.0
2019-01-23,9,0,86,0.57,0.57,0.0,6.209253,0.0
2019-01-23,9,0,87,2.89,2.89,0.0,31.482003,0.0
2019-01-23,9,0,88,72.09,72.09,0.0,1251.930216,0.0
2019-01-23,9,0,89,68.86,68.86,0.0,1195.837352,0.0
2019-01-23,9,0,90,96.66,96.66,0.0,1678.618043,0.0
2019-01-23,9,0,91,363.21,363.21,0.0,6307.581827,0.0
2019-01-23,9,0,92,127.79,127.79,0.0,2219.22822,0.0
2019-01-23,9,0,95,36.0,36.0,0.0,1182.995281,0.0
2019-01-23,9,0,96,5.65,5.65,0.0,85.642686,0.0
2019-01-23,9,0,97,34.76,34.76,0.0,526.891994,0.0
2019-01-23,9,0,99,12.6,12.6,0.0,153.721728,0.0
2019-01-23,9,0,101,0.53,0.53,0.0,8.020743,0.0
2019-01-23,9,0,102,5.57,5.57,0.0,107.586546,0.0
2019-01-23,9,0,103,4.84,4.84,0.0,93.486334,0.0
2019-01-23,9,0,104,0.9,0.9,0.0,17.383822,0.0
2019-01-23,9,0,106,13.11,13.11,0.0,198.092304,0.0
2019-01-23,9,0,109,186.24,186.24,0.0,2435.708921,0.0
2019-01-23,9,0,110,51.51,51.51,0.0,1446.766294,0.0
2019-01-23,9,0,111,1.73,1.73,0.0,24.032239,0.0
2019-01-23,9,0,113,31.2,31.2,0.0,543.626133,0.0
2019-01-23,9,0,115,31.2,31.2,0.0,543.626133,0.0
2019-01-23,9,0,116,8.56,8.56,0.0,240.425538,0.0
2019-01-23,9,0,117,2.12,2.12,0.0,36.938699,0.0
2019-01-23,9,0,119,40.7,40.7,0.0,1319.801575,0.0
2019-01-23,9,0,120,23.93,23.93,0.0,775.991442,0.0
2019-01-23,9,0,123,0.22,0.22,0.0,3.324203,0.0
2019-01-23,9,0,125,38.28,38.28,0.0,578.411394,0.0
2019-01-23,9,0,126,9.84,9.84,0.0,148.682553,0.0
2019-01-23,9,0,127,12.62,12.62,0.0,190.688396,0.0
2019-01-23,9,0,128,54.83,54.83,0.0,828.482151,0.0
2019-01-23,9,0,131,3.78,3.78,0.0,70.832201,0.0
2019-01-23,9,0,132,5.56,5.56,0.0,104.187047,0.0
2019-01-23,9,0,133,41.94,41.94,0.0,497.201492,0.0
2019-01-23,9,0,134,0.0,0.0,0.0,0.0,0.0
2019-01-23,9,0,135,56.2,56.2,0.0,666.254741,0.0
2019-01-23,9,0,136,45.9,45.9,0.0,401.925696,0.0
2019-01-23,9,0,139,44.94,44.94,0.0,624.28255,0.0
2019-01-23,9,0,140,38.12,38.12,0.0,1070.680084,0.0
2019-01-23,9,0,141,43.21,43.21,0.0,927.919708,0.0
2019-01-23,9,0,142,17.23,17.23,0.0,370.008252,0.0
2019-01-23,9,0,143,19.28,19.28,0.0,291.773446,0.0
2019-01-23,9,0,145,26.74,26.74,0.0,384.272073,0.0
2019-01-23,9,0,146,52.95,52.95,0.0,1487.211711,0.0
2019-01-23,9,0,152,0.39,0.39,0.0,4.746371,0.0
2019-01-23,9,0,153,0.5,0.5,0.0,6.101047,0.0
2019-01-23,9,0,154,7.15,7.15,0.0,99.323993,0.0
2019-01-23,9,0,157,25.5,25.5,0.0,547.603623,0.0
2019-01-23,9,0,158,0.0,0.0,0.0,0.0,0.0
2019-01-23,9,0,159,0.0,0.0,0.0,0.0,0.0
2019-01-23,9,0,160,0.17,0.17,0.0,1.969825,0.0
2019-01-23,9,0,161,3.63,3.63,0.0,70.11475,0.0
2019-01-23,9,0,162,48.75,48.75,0.0,1601.794331,0.0
2019-01-23,9,0,163,31.64,31.64,0.0,888.675704,0.0
2019-01-23,9,0,164,0.73,0.73,0.0,11.047439,0.0
2019-01-23,9,0,167,0.83,0.83,0.0,27.286643,0.0
2019-01-23,9,0,168,0.41,0.41,0.0,13.478944,0.0
2019-01-23,9,0,169,0.0,0.0,0.0,0.0,0.0
2019-01-23,9,0,170,0.9,0.9,0.0,29.587927,0.0
2019-01-23,9,0,172,1.07,1.07,0.0,35.451589,0.0
2019-01-23,9,0,173,1.64,1.64,0.0,54.337014,0.0
2019-01-23,9,0,188,1.38,1.38,0.0,45.11179,0.0
2019-01-23,9,0,190,0.78,0.78,0.0,25.293495,0.0
2019-01-23,9,0,191,2.02,2.02,0.0,65.503665,0.0
2019-01-23,9,0,192,52.16,52.16,0.0,1691.421379,0.0
2019-01-23,9,0,194,130.37,130.37,0.0,2069.032382,0.0
2019-01-23,9,0,196,0.55,0.55,0.0,16.860363,0.0
2019-01-23,9,0,198,0.76,0.76,0.0,7.995074,0.0
2019-01-23,9,0,199,39.0,39.0,0.0,554.718463,0.0
2019-01-23,9,0,200,2.28,2.28,0.0,32.429695,0.0
2019-01-23,9,0,204,480.72,480.72,0.0,6330.675148,0.0
2019-01-23,9,0,205,1048.92,1048.92,0.0,13718.12608,0.0
2019-01-23,9,0,206,102.15,102.15,0.0,1548.389447,0.0
2019-01-23,9,0,210,0.18,0.18,0.0,1.849138,0.0
2019-01-23,9,0,214,1.11,1.11,0.0,11.680285,0.0
2019-01-23,9,0,217,0.75,0.75,0.0,7.756141,0.0
2019-01-23,9,0,218,1.04,1.04,0.0,10.755183,0.0
2019-01-23,9,0,219,0.71,0.71,0.0,7.342481,0.0
2019-01-23,9,0,221,0.59,0.59,0.0,6.20844,0.0
2019-01-23,9,0,225,0.51,0.51,0.0,5.249836,0.0
2019-01-23,9,0,233,0.32,0.32,0.0,3.485896,0.0
2019-01-23,9,0,236,159.03,159.03,0.0,1877.239223,0.0
2019-01-23,9,0,237,156.6,156.6,0.0,1910.541478,0.0
2019-01-23,9,0,238,5.7,5.7,0.0,57.795909,0.0
2019-01-23,9,0,240,0.81,0.81,0.0,10.036253,0.0
2019-01-23,9,0,245,78.0,78.0,0.0,842.984119,0.0
2019-01-23,9,0,247,171.72,171.72,0.0,1855.861959,0.0
2019-01-23,9,0,248,15.72,15.72,0.0,191.786156,0.0
2019-01-23,9,0,249,150.0,150.0,0.0,1621.123305,0.0
2019-01-23,9,0,251,326.4,326.4,0.0,3118.138794,0.0
2019-01-23,9,0,252,267.06,267.06,0.0,2296.489821,0.0
2019-01-23,9,0,254,0.92,0.92,0.0,11.080125,0.0
2019-01-23,9,0,255,0.42,0.42,0.0,5.058318,0.0
2019-01-23,9,0,258,1.04,1.04,0.0,12.853479,0.0
2019-01-23,9,0,260,0.42,0.42,0.0,4.866627,0.0
2019-01-23,9,0,265,7.41,7.41,0.0,102.935774,0.0
2019-01-23,9,0,266,29.1,29.1,0.0,404.241705,0.0
2019-01-23,9,0,267,35.76,35.76,0.0,496.758878,0.0
2019-01-23,9,0,270,98.83,98.83,0.0,2775.847657,0.0
2019-01-23,9,0,272,104.11,104.11,0.0,1814.003742,0.0
2019-01-23,9,0,273,2.05,2.05,0.0,57.578546,0.0
2019-01-23,9,0,274,127.4,127.4,0.0,3578.295978,0.0
2019-01-23,9,0,275,177.34,177.34,0.0,4980.965531,0.0
2019-01-23,9,0,276,0.49,0.49,0.0,13.039231,0.0
2019-01-23,9,0,277,0.67,0.67,0.0,11.658523,0.0
2019-01-23,9,0,278,1.06,1.06,0.0,18.444827,0.0
2019-01-23,9,0,279,57.21,57.21,0.0,995.498659,0.0
2019-01-23,9,0,281,5.28,5.28,0.0,79.904761,0.0
2019-01-23,9,0,282,14.53,14.53,0.0,219.889428,0.0
2019-01-23,10,0,9,1.24,1.24,0.0,11.07805,0.0
2019-01-23,10,0,17,10.24,10.24,0.0,100.266177,0.0
2019-01-23,10,0,19,349.46,349.46,0.0,3421.779115,0.0
2019-01-23,10,0,20,433.01,433.01,0.0,4239.868868,0.0
2019-01-23,10,0,21,28.43,28.43,0.0,253.991106,0.0
2019-01-23,10,0,22,101.06,101.06,0.0,902.861102,0.0
2019-01-23,10,0,23,23.39,23.39,0.0,208.964191,0.0
2019-01-23,10,0,24,41.38,41.38,0.0,369.68526,0.0
2019-01-23,10,0,29,1.11,1.11,0.0,11.211463,0.0
2019-01-23,10,0,30,232.64,232.64,0.0,2077.119827,0.0
2019-01-23,10,0,31,23.13,23.13,0.0,206.515567,0.0
2019-01-23,10,0,32,2.52,2.52,0.0,75.538369,0.0
2019-01-23,10,0,33,0.47,0.47,0.0,4.673017,0.0
2019-01-23,10,0,34,0.75,0.75,0.0,7.456942,0.0
2019-01-23,10,0,35,0.75,0.75,0.0,7.456942,0.0
2019-01-23,10,0,36,4.72,4.72,0.0,45.1356,0.0
2019-01-23,10,0,37,2.05,2.05,0.0,19.598625,0.0
2019-01-23,10,0,38,2.64,2.64,0.0,25.239205,0.0
2019-01-23,10,0,39,1.76,1.76,0.0,16.826136,0.0
2019-01-23,10,0,40,1.76,1.76,0.0,16.826136,0.0
2019-01-23,10,0,41,34.8,34.8,0.0,320.759192,0.0
2019-01-23,10,0,42,19.55,19.55,0.0,190.786373,0.0
2019-01-23,10,0,43,14.51,14.51,0.0,139.358258,0.0
2019-01-23,10,0,46,14.55,14.55,0.0,138.264012,0.0
2019-01-23,10,0,52,24.53,24.53,0.0,219.015429,0.0
2019-01-23,10,0,53,39.11,39.11,0.0,349.192557,0.0
2019-01-23,10,0,55,60.04,60.04,0.0,536.39205,0.0
2019-01-23,10,0,56,68.62,68.62,0.0,612.671778,0.0
2019-01-23,10,0,57,65.27,65.27,0.0,582.761396,0.0
2019-01-23,10,0,58,125.52,125.52,0.0,1120.70186,0.0
2019-01-23,10,0,59,123.43,123.43,0.0,1102.041352,0.0
2019-01-23,10,0,63,28.38,28.38,0.0,845.960648,0.0
2019-01-23,10,0,64,33.39,33.39,0.0,995.300425,0.0
2019-01-23,10,0,65,41.4,41.4,0.0,405.121346,0.0
2019-01-23,10,0,67,126.67,126.67,0.0,1782.838129,0.0
2019-01-23,10,0,68,4.42,4.42,0.0,48.465061,0.0
2019-01-23,10,0,69,0.47,0.47,0.0,4.673017,0.0
2019-01-23,10,0,74,93.35,93.35,0.0,897.368306,0.0
2019-01-23,10,0,77,13.92,13.92,0.0,117.081691,0.0
2019-01-23,10,0,78,10.52,10.52,0.0,88.484151,0.0
2019-01-23,10,0,79,6.09,6.09,0.0,51.22324,0.0
2019-01-23,10,0,80,9.85,9.85,0.0,82.848754,0.0
2019-01-23,10,0,81,12.88,12.88,0.0,108.334208,0.0
2019-01-23,10,0,82,9.08,9.08,0.0,76.372252,0.0
2019-01-23,10,0,83,20.25,20.25,0.0,170.323581,0.0
2019-01-23,10,0,84,0.0,0.0,0.0,0.0,0.0
2019-01-23,10,0,86,2.37,2.37,0.0,23.563936,0.0
2019-01-23,10,0,87,12.09,12.09,0.0,120.205902,0.0
2019-01-23,10,0,88,38.09,38.09,0.0,320.376552,0.0
2019-01-23,10,0,89,36.44,36.44,0.0,306.498335,0.0
2019-01-23,10,0,90,50.6,50.6,0.0,425.598675,0.0
2019-01-23,10,0,91,187.45,187.45,0.0,1576.649639,0.0
2019-01-23,10,0,92,66.42,66.42,0.0,558.661344,0.0
2019-01-23,10,0,95,88.65,88.65,0.0,2648.983026,0.0
2019-01-23,10,0,96,5.78,5.78,0.0,51.573715,0.0
2019-01-23,10,0,97,35.52,35.52,0.0,316.93743,0.0
2019-01-23,10,0,99,19.19,19.19,0.0,184.472392,0.0
2019-01-23,10,0,101,4.69,4.69,0.0,41.874536,0.0
2019-01-23,10,0,102,10.47,10.47,0.0,114.802984,0.0
2019-01-23,10,0,103,9.11,9.11,0.0,99.890658,0.0
2019-01-23,10,0,104,1.69,1.69,0.0,18.530759,0.0
2019-01-23,10,0,106,99.48,99.48,0.0,888.745522,0.0
2019-01-23,10,0,109,171.07,171.07,0.0,1608.791022,0.0
2019-01-23,10,0,110,56.39,56.39,0.0,1330.669998,0.0
2019-01-23,10,0,111,8.31,8.31,0.0,76.595083,0.0
2019-01-23,10,0,113,48.06,48.06,0.0,368.268069,0.0
2019-01-23,10,0,115,48.06,48.06,0.0,368.268069,0.0
2019-01-23,10,0,116,51.54,51.54,0.0,1216.221524,0.0
2019-01-23,10,0,117,3.2,3.2,0.0,24.520554,0.0
2019-01-23,10,0,119,33.39,33.39,0.0,995.300425,0.0
2019-01-23,10,0,120,19.63,19.63,0.0,585.137686,0.0
2019-01-23,10,0,123,1.66,1.66,0.0,14.830293,0.0
2019-01-23,10,0,125,37.45,37.45,0.0,334.574988,0.0
2019-01-23,10,0,126,74.61,74.61,0.0,666.559141,0.0
2019-01-23,10,0,127,95.75,95.75,0.0,855.422031,0.0
2019-01-23,10,0,128,53.64,53.64,0.0,479.215016,0.0
2019-01-23,10,0,131,5.0,5.0,0.0,50.672176,0.0
2019-01-23,10,0,132,8.06,8.06,0.0,81.683547,0.0
2019-01-23,10,0,133,41.94,41.94,0.0,410.684514,0.0
2019-01-23,10,0,134,0.0,0.0,0.0,0.0,0.0
2019-01-23,10,0,135,56.2,56.2,0.0,550.321166,0.0
2019-01-23,10,0,136,45.9,45.9,0.0,449.140957,0.0
2019-01-23,10,0,139,44.94,44.94,0.0,414.221784,0.0
2019-01-23,10,0,140,41.73,41.73,0.0,984.728836,0.0
2019-01-23,10,0,141,48.25,48.25,0.0,679.102706,0.0
2019-01-23,10,0,142,167.05,167.05,0.0,2351.173202,0.0
2019-01-23,10,0,143,31.15,31.15,0.0,278.121916,0.0
2019-01-23,10,0,145,40.52,40.52,0.0,368.938113,0.0
2019-01-23,10,0,146,53.65,53.65,0.0,1266.01251,0.0
2019-01-23,10,0,152,3.07,3.07,0.0,29.533463,0.0
2019-01-23,10,0,153,3.89,3.89,0.0,37.391801,0.0
2019-01-23,10,0,154,34.28,34.28,0.0,315.966239,0.0
2019-01-23,10,0,157,26.38,26.38,0.0,371.289728,0.0
2019-01-23,10,0,158,107.78,107.78,0.0,1516.96766,0.0
2019-01-23,10,0,159,0.0,0.0,0.0,0.0,0.0
2019-01-23,10,0,160,1.04,1.04,0.0,10.129248,0.0
2019-01-23,10,0,161,25.45,25.45,0.0,279.057874,0.0
2019-01-23,10,0,162,91.77,91.77,0.0,2742.692961,0.0
2019-01-23,10,0,163,22.41,22.41,0.0,528.822746,0.0
2019-01-23,10,0,164,8.6,8.6,0.0,76.784863,0.0
2019-01-23,10,0,167,2.96,2.96,0.0,88.48236,0.0
2019-01-23,10,0,168,1.48,1.48,0.0,44.24118,0.0
2019-01-23,10,0,169,0.0,0.0,0.0,0.0,0.0
2019-01-23,10,0,170,3.24,3.24,0.0,96.852313,0.0
2019-01-23,10,0,172,3.87,3.87,0.0,112.525553,0.0
2019-01-23,10,0,173,5.9,5.9,0.0,171.550584,0.0
2019-01-23,10,0,188,5.15,5.15,0.0,151.458176,0.0
2019-01-23,10,0,190,4.12,4.12,0.0,122.810355,0.0
2019-01-23,10,0,191,10.65,10.65,0.0,317.458806,0.0
2019-01-23,10,0,192,61.92,61.92,0.0,1845.732324,0.0
2019-01-23,10,0,194,52.95,52.95,0.0,246.201188,0.0
2019-01-23,10,0,196,2.91,2.91,0.0,79.727887,0.0
2019-01-23,10,0,198,3.78,3.78,0.0,37.685741,0.0
2019-01-23,10,0,199,39.0,39.0,0.0,347.33668,0.0
2019-01-23,10,0,200,9.52,9.52,0.0,84.785774,0.0
2019-01-23,10,0,204,257.1,257.1,0.0,2412.327371,0.0
2019-01-23,10,0,205,1010.31,1010.31,0.0,9501.243101,0.0
2019-01-23,10,0,206,104.39,104.39,0.0,931.449841,0.0
2019-01-23,10,0,210,0.37,0.37,0.0,3.748512,0.0
2019-01-23,10,0,214,2.14,2.14,0.0,21.468201,0.0
2019-01-23,10,0,217,1.61,1.61,0.0,16.223452,0.0
2019-01-23,10,0,218,2.22,2.22,0.0,22.370225,0.0
2019-01-23,10,0,219,1.51,1.51,0.0,15.215784,0.0
2019-01-23,10,0,221,1.14,1.14,0.0,11.436331,0.0
2019-01-23,10,0,225,1.04,1.04,0.0,10.501351,0.0
2019-01-23,10,0,233,1.34,1.34,0.0,13.323069,0.0
2019-01-23,10,0,236,132.23,132.23,0.0,1283.777767,0.0
2019-01-23,10,0,237,218.15,218.15,0.0,2097.063696,0.0
2019-01-23,10,0,238,25.45,25.45,0.0,248.363846,0.0
2019-01-23,10,0,240,5.35,5.35,0.0,51.160055,0.0
2019-01-23,10,0,245,78.0,78.0,0.0,765.489922,0.0
2019-01-23,10,0,247,171.72,171.72,0.0,1685.255505,0.0
2019-01-23,10,0,248,23.81,23.81,0.0,228.884193,0.0
2019-01-23,10,0,249,150.0,150.0,0.0,1472.096004,0.0
2019-01-23,10,0,251,326.4,326.4,0.0,3190.742434,0.0
2019-01-23,10,0,252,267.06,267.06,0.0,2613.326247,0.0
2019-01-23,10,0,254,5.54,5.54,0.0,53.395961,0.0
2019-01-23,10,0,255,2.54,2.54,0.0,24.481181,0.0
2019-01-23,10,0,258,6.81,6.81,0.0,65.167315,0.0
2019-01-23,10,0,260,2.52,2.52,0.0,24.543948,0.0
2019-01-23,10,0,265,35.5,35.5,0.0,327.211245,0.0
2019-01-23,10,0,266,29.1,29.1,0.0,268.221048,0.0
2019-01-23,10,0,267,35.76,35.76,0.0,329.607721,0.0
2019-01-23,10,0,270,69.97,69.97,0.0,1651.125728,0.0
2019-01-23,10,0,272,160.63,160.63,0.0,1230.855181,0.0
2019-01-23,10,0,273,12.32,12.32,0.0,290.722724,0.0
2019-01-23,10,0,274,90.19,90.19,0.0,2128.269678,0.0
2019-01-23,10,0,275,125.54,125.54,0.0,2962.445675,0.0
2019-01-23,10,0,276,2.82,2.82,0.0,60.549203,0.0
2019-01-23,10,0,277,3.52,3.52,0.0,28.028725,0.0
2019-01-23,10,0,278,5.63,5.63,0.0,44.830034,0.0
2019-01-23,10,0,279,56.97,56.97,0.0,453.635354,0.0
2019-01-23,10,0,281,10.31,10.31,0.0,92.052551,0.0
2019-01-23,10,0,282,127.62,127.62,0.0,1139.451652,0.0
2019-01-23,11,0,9,2.1,2.1,0.0,12.333268,0.0
2019-01-23,11,0,17,15.6,15.6,0.0,155.605041,0.0
2019-01-23,11,0,19,192.99,192.99,0.0,1925.013897,0.0
2019-01-23,11,0,20,234.06,234.06,0.0,2334.67409,0.0
2019-01-23,11,0,21,48.04,48.04,0.0,282.138192,0.0
2019-01-23,11,0,22,170.72,170.72,0.0,1002.635972,0.0
2019-01-23,11,0,23,18.87,18.87,0.0,110.823224,0.0
2019-01-23,11,0,24,33.37,33.37,0.0,195.981504,0.0
2019-01-23,11,0,29,1.66,1.66,0.0,14.930557,0.0
2019-01-23,11,0,30,398.11,398.11,0.0,2328.419765,0.0
2019-01-23,11,0,31,29.82,29.82,0.0,174.40777,0.0
2019-01-23,11,0,32,3.9,3.9,0.0,87.596745,0.0
2019-01-23,11,0,33,0.71,0.71,0.0,7.657983,0.0
2019-01-23,11,0,34,1.14,1.14,0.0,12.295917,0.0
2019-01-23,11,0,35,1.14,1.14,0.0,12.295917,0.0
2019-01-23,11,0,36,7.29,7.29,0.0,62.967425,0.0
2019-01-23,11,0,37,3.16,3.16,0.0,27.200647,0.0
2019-01-23,11,0,38,4.07,4.07,0.0,35.033744,0.0
2019-01-23,11,0,39,2.71,2.71,0.0,23.327137,0.0
2019-01-23,11,0,40,2.71,2.71,0.0,23.327137,0.0
2019-01-23,11,0,41,34.8,34.8,0.0,249.156284,0.0
2019-01-23,11,0,42,30.23,30.23,0.0,296.218942,0.0
2019-01-23,11,0,43,22.35,22.35,0.0,195.422197,0.0
2019-01-23,11,0,46,22.65,22.65,0.0,188.785515,0.0
2019-01-23,11,0,52,31.7,31.7,0.0,185.403297,0.0
2019-01-23,11,0,53,51.63,51.63,0.0,301.967578,0.0
2019-01-23,11,0,55,192.55,192.55,0.0,1130.843231,0.0
2019-01-23,11,0,56,117.43,117.43,0.0,686.811014,0.0
2019-01-23,11,0,57,111.7,111.7,0.0,653.298053,0.0
2019-01-23,11,0,58,214.81,214.81,0.0,1256.355906,0.0
2019-01-23,11,0,59,211.23,211.23,0.0,1235.417615,0.0
2019-01-23,11,0,63,44.73,44.73,0.0,1062.399018,0.0
2019-01-23,11,0,64,52.62,52.62,0.0,1249.797369,0.0
2019-01-23,11,0,65,41.4,41.4,0.0,411.599519,0.0
2019-01-23,11,0,67,217.63,217.63,0.0,645.035628,0.0
2019-01-23,11,0,68,5.82,5.82,0.0,18.587458,0.0
2019-01-23,11,0,69,0.71,0.71,0.0,7.657983,0.0
2019-01-23,11,0,74,144.48,144.48,0.0,1304.704542,0.0
2019-01-23,11,0,77,17.01,17.01,0.0,60.241288,0.0
2019-01-23,11,0,78,12.86,12.86,0.0,45.543972,0.0
2019-01-23,11,0,79,7.44,7.44,0.0,26.348923,0.0
2019-01-23,11,0,80,12.04,12.04,0.0,42.639924,0.0
2019-01-23,11,0,81,15.74,15.74,0.0,55.743556,0.0
2019-01-23,11,0,82,11.1,11.1,0.0,39.310894,0.0
2019-01-23,11,0,83,24.75,24.75,0.0,87.652668,0.0
2019-01-23,11,0,84,0.0,0.0,0.0,0.0,0.0
2019-01-23,11,0,86,3.59,3.59,0.0,38.721351,0.0
2019-01-23,11,0,87,18.35,18.35,0.0,197.921113,0.0
2019-01-23,11,0,88,22.21,22.21,0.0,78.657203,0.0
2019-01-23,11,0,89,21.35,21.35,0.0,75.611494,0.0
2019-01-23,11,0,90,28.67,28.67,0.0,101.535434,0.0
2019-01-23,11,0,91,102.28,102.28,0.0,362.226865,0.0
2019-01-23,11,0,92,36.78,36.78,0.0,130.257177,0.0
2019-01-23,11,0,95,96.29,96.29,0.0,2159.759339,0.0
2019-01-23,11,0,96,7.63,7.63,0.0,44.431689,0.0
2019-01-23,11,0,97,56.1,56.1,0.0,326.686465,0.0
2019-01-23,11,0,99,31.0,31.0,0.0,279.940759,0.0
2019-01-23,11,0,101,8.02,8.02,0.0,46.906449,0.0
2019-01-23,11,0,102,13.77,13.77,0.0,43.977543,0.0
2019-01-23,11,0,103,11.97,11.97,0.0,38.228844,0.0
2019-01-23,11,0,104,2.22,2.22,0.0,7.090061,0.0
2019-01-23,11,0,106,168.06,168.06,0.0,987.013833,0.0
2019-01-23,11,0,109,83.48,83.48,0.0,664.334259,0.0
2019-01-23,11,0,110,56.61,56.61,0.0,127.947244,0.0
2019-01-23,11,0,111,13.29,13.29,0.0,95.151926,0.0
2019-01-23,11,0,113,34.73,34.73,0.0,106.774834,0.0
2019-01-23,11,0,115,34.73,34.73,0.0,106.774834,0.0
2019-01-23,11,0,116,84.99,84.99,0.0,192.090378,0.0
2019-01-23,11,0,117,2.34,2.34,0.0,7.194158,0.0
2019-01-23,11,0,119,52.62,52.62,0.0,1249.797369,0.0
2019-01-23,11,0,120,30.94,30.94,0.0,734.867552,0.0
2019-01-23,11,0,123,2.8,2.8,0.0,16.444358,0.0
2019-01-23,11,0,125,30.2,30.2,0.0,177.364142,0.0
2019-01-23,11,0,126,126.05,126.05,0.0,740.289739,0.0
2019-01-23,11,0,127,161.76,161.76,0.0,950.014028,0.0
2019-01-23,11,0,128,43.24,43.24,0.0,253.947865,0.0
2019-01-23,11,0,131,5.37,5.37,0.0,17.479871,0.0
2019-01-23,11,0,132,7.9,7.9,0.0,25.715266,0.0
2019-01-23,11,0,133,41.94,41.94,0.0,418.467238,0.0
2019-01-23,11,0,134,0.0,0.0,0.0,0.0,0.0
2019-01-23,11,0,135,56.2,56.2,0.0,560.75009,0.0
2019-01-23,11,0,136,45.9,45.9,0.0,456.256288,0.0
2019-01-23,11,0,139,44.94,44.94,0.0,321.75527,0.0
2019-01-23,11,0,140,41.9,41.9,0.0,94.700398,0.0
2019-01-23,11,0,141,98.35,98.35,0.0,291.500501,0.0
2019-01-23,11,0,142,286.99,286.99,0.0,850.612391,0.0
2019-01-23,11,0,143,44.18,44.18,0.0,258.394879,0.0
2019-01-23,11,0,145,85.26,85.26,0.0,565.446304,0.0
2019-01-23,11,0,146,82.84,82.84,0.0,187.231049,0.0
2019-01-23,11,0,152,4.75,4.75,0.0,42.954085,0.0
2019-01-23,11,0,153,6.01,6.01,0.0,54.094726,0.0
2019-01-23,11,0,154,54.82,54.82,0.0,392.492744,0.0
2019-01-23,11,0,157,44.39,44.39,0.0,131.567943,0.0
2019-01-23,11,0,158,200.1,200.1,0.0,593.078294,0.0
2019-01-23,11,0,159,0.0,0.0,0.0,0.0,0.0
2019-01-23,11,0,160,1.59,1.59,0.0,14.636879,0.0
2019-01-23,11,0,161,42.63,42.63,0.0,136.14834,0.0
2019-01-23,11,0,162,162.5,162.5,0.0,3648.146342,0.0
2019-01-23,11,0,163,43.79,43.79,0.0,98.972087,0.0
2019-01-23,11,0,164,15.05,15.05,0.0,88.022701,0.0
2019-01-23,11,0,167,4.55,4.55,0.0,101.918012,0.0
2019-01-23,11,0,168,2.27,2.27,0.0,50.847008,0.0
2019-01-23,11,0,169,0.0,0.0,0.0,0.0,0.0
2019-01-23,11,0,170,4.98,4.98,0.0,111.549824,0.0
2019-01-23,11,0,172,5.93,5.93,0.0,124.858894,0.0
2019-01-23,11,0,173,9.04,9.04,0.0,190.341383,0.0
2019-01-23,11,0,188,7.94,7.94,0.0,172.863255,0.0
2019-01-23,11,0,190,6.7,6.7,0.0,159.134215,0.0
2019-01-23,11,0,191,17.31,17.31,0.0,411.136307,0.0
2019-01-23,11,0,192,101.27,101.27,0.0,2405.301778,0.0
2019-01-23,11,0,194,52.95,52.95,0.0,148.772778,0.0
2019-01-23,11,0,196,4.72,4.72,0.0,116.184767,0.0
2019-01-23,11,0,198,5.75,5.75,0.0,56.661939,0.0
2019-01-23,11,0,199,56.82,56.82,0.0,516.328728,0.0
2019-01-23,11,0,200,14.58,14.58,0.0,132.489843,0.0
2019-01-23,11,0,204,257.1,257.1,0.0,2018.932558,0.0
2019-01-23,11,0,205,545.8,545.8,0.0,4343.479143,0.0
2019-01-23,11,0,206,214.42,214.42,0.0,1248.629443,0.0
2019-01-23,11,0,210,0.55,0.55,0.0,5.072739,0.0
2019-01-23,11,0,214,3.21,3.21,0.0,36.164473,0.0
2019-01-23,11,0,217,2.41,2.41,0.0,25.015312,0.0
2019-01-23,11,0,218,3.33,3.33,0.0,34.564726,0.0
2019-01-23,11,0,219,2.27,2.27,0.0,23.562141,0.0
2019-01-23,11,0,221,1.71,1.71,0.0,19.265187,0.0
2019-01-23,11,0,225,1.56,1.56,0.0,13.996648,0.0
2019-01-23,11,0,233,2.03,2.03,0.0,21.89536,0.0
2019-01-23,11,0,236,159.03,159.03,0.0,1515.008897,0.0
2019-01-23,11,0,237,322.11,322.11,0.0,2908.765088,0.0
2019-01-23,11,0,238,39.35,39.35,0.0,385.584365,0.0
2019-01-23,11,0,240,8.26,8.26,0.0,71.345806,0.0
2019-01-23,11,0,245,78.0,78.0,0.0,787.39439,0.0
2019-01-23,11,0,247,171.72,171.72,0.0,1733.479033,0.0
2019-01-23,11,0,248,38.35,38.35,0.0,346.313809,0.0
2019-01-23,11,0,249,150.0,150.0,0.0,1514.21998,0.0
2019-01-23,11,0,251,326.4,326.4,0.0,3227.56962,0.0
2019-01-23,11,0,252,267.06,267.06,0.0,2655.115158,0.0
2019-01-23,11,0,254,8.46,8.46,0.0,74.952385,0.0
2019-01-23,11,0,255,3.88,3.88,0.0,34.375326,0.0
2019-01-23,11,0,258,10.53,10.53,0.0,91.133586,0.0
2019-01-23,11,0,260,3.87,3.87,0.0,35.625612,0.0
2019-01-23,11,0,265,56.76,56.76,0.0,406.382491,0.0
2019-01-23,11,0,266,29.1,29.1,0.0,208.346203,0.0
2019-01-23,11,0,267,35.76,35.76,0.0,256.029561,0.0
2019-01-23,11,0,270,148.12,148.12,0.0,334.773817,0.0
2019-01-23,11,0,272,115.97,115.97,0.0,356.541248,0.0
2019-01-23,11,0,273,20.32,20.32,0.0,45.926303,0.0
2019-01-23,11,0,274,193.44,193.44,0.0,437.203937,0.0
2019-01-23,11,0,275,272.92,272.92,0.0,616.840874,0.0
2019-01-23,11,0,276,4.64,4.64,0.0,11.21621,0.0
2019-01-23,11,0,277,5.74,5.74,0.0,18.722116,0.0
2019-01-23,11,0,278,9.18,9.18,0.0,29.942338,0.0
2019-01-23,11,0,279,69.78,69.78,0.0,227.600913,0.0
2019-01-23,11,0,281,13.0,13.0,0.0,76.032898,0.0
2019-01-23,11,0,282,218.39,218.39,0.0,1277.294196,0.0
2019-01-23,12,0,9,2.99,2.99,0.0,33.349086,0.0
2019-01-23,12,0,17,20.55,20.55,0.0,436.249396,0.0
2019-01-23,12,0,19,192.99,192.99,0.0,4096.923158,0.0
2019-01-23,12,0,20,234.06,234.06,0.0,4968.78509,0.0
2019-01-23,12,0,21,68.33,68.33,0.0,762.121415,0.0
2019-01-23,12,0,22,242.85,242.85,0.0,2708.637283,0.0
2019-01-23,12,0,23,19.68,19.68,0.0,219.501675,0.0
2019-01-23,12,0,24,32.95,32.95,0.0,367.509156,0.0
2019-01-23,12,0,29,2.16,2.16,0.0,12.126794,0.0
2019-01-23,12,0,30,573.5,573.5,0.0,6367.595371,0.0
2019-01-23,12,0,31,34.63,34.63,0.0,384.498392,0.0
2019-01-23,12,0,32,5.25,5.25,0.0,119.394548,0.0
2019-01-23,12,0,33,0.94,0.94,0.0,22.278897,0.0
2019-01-23,12,0,34,1.5,1.5,0.0,35.551431,0.0
2019-01-23,12,0,35,1.5,1.5,0.0,35.551431,0.0
2019-01-23,12,0,36,9.97,9.97,0.0,165.929756,0.0
2019-01-23,12,0,37,4.4,4.4,0.0,72.467805,0.0
2019-01-23,12,0,38,5.65,5.65,0.0,93.05525,0.0
2019-01-23,12,0,39,3.77,3.77,0.0,62.091733,0.0
2019-01-23,12,0,40,3.77,3.77,0.0,62.091733,0.0
2019-01-23,12,0,41,34.8,34.8,0.0,485.383967,0.0
2019-01-23,12,0,42,42.75,42.75,0.0,884.616298,0.0
2019-01-23,12,0,43,30.07,30.07,0.0,493.262565,0.0
2019-01-23,12,0,46,30.42,30.42,0.0,481.06068,0.0
2019-01-23,12,0,52,36.71,36.71,0.0,407.592722,0.0
2019-01-23,12,0,53,58.32,58.32,0.0,647.529489,0.0
2019-01-23,12,0,55,331.51,331.51,0.0,3697.510174,0.0
2019-01-23,12,0,56,169.16,169.16,0.0,1878.190816,0.0
2019-01-23,12,0,57,160.91,160.91,0.0,1786.590708,0.0
2019-01-23,12,0,58,309.44,309.44,0.0,3435.725739,0.0
2019-01-23,12,0,59,304.29,304.29,0.0,3378.545066,0.0
2019-01-23,12,0,63,51.0,51.0,0.0,1386.64512,0.0
2019-01-23,12,0,64,60.0,60.0,0.0,1631.3472,0.0
2019-01-23,12,0,65,41.4,41.4,0.0,874.746016,0.0
2019-01-23,12,0,67,307.9,307.9,0.0,-2879.724809,0.0
2019-01-23,12,0,68,7.46,7.46,0.0,-7.225905,0.0
2019-01-23,12,0,69,0.94,0.94,0.0,22.278897,0.0
2019-01-23,12,0,74,217.6,217.6,0.0,4009.494239,0.0
2019-01-23,12,0,77,20.59,20.59,0.0,130.43702,0.0
2019-01-23,12,0,78,15.57,15.57,0.0,98.635473,0.0
2019-01-23,12,0,79,9.01,9.01,0.0,57.078074,0.0
2019-01-23,12,0,80,14.57,14.57,0.0,92.300504,0.0
2019-01-23,12,0,81,19.05,19.05,0.0,120.681167,0.0
2019-01-23,12,0,82,13.44,13.44,0.0,85.141989,0.0
2019-01-23,12,0,83,29.96,29.96,0.0,189.795683,0.0
2019-01-23,12,0,84,0.0,0.0,0.0,0.0,0.0
2019-01-23,12,0,86,4.75,4.75,0.0,112.579533,0.0
2019-01-23,12,0,87,24.24,24.24,0.0,574.511131,0.0
2019-01-23,12,0,88,26.08,26.08,0.0,165.216002,0.0
2019-01-23,12,0,89,25.07,25.07,0.0,158.817683,0.0
2019-01-23,12,0,90,33.66,33.66,0.0,213.23507,0.0
2019-01-23,12,0,91,120.08,120.08,0.0,760.703124,0.0
2019-01-23,12,0,92,43.19,43.19,0.0,273.607328,0.0
2019-01-23,12,0,95,120.0,120.0,0.0,2749.163578,0.0
2019-01-23,12,0,96,8.89,8.89,0.0,98.236892,0.0
2019-01-23,12,0,97,54.66,54.66,0.0,604.007704,0.0
2019-01-23,12,0,99,42.0,42.0,0.0,773.891351,0.0
2019-01-23,12,0,101,11.55,11.55,0.0,128.240151,0.0
2019-01-23,12,0,102,17.65,17.65,0.0,-17.096143,0.0
2019-01-23,12,0,103,15.35,15.35,0.0,-14.868317,0.0
2019-01-23,12,0,104,2.85,2.85,0.0,-2.760567,0.0
2019-01-23,12,0,106,239.06,239.06,0.0,2666.365365,0.0
2019-01-23,12,0,109,60.0,60.0,0.0,923.49176,0.0
2019-01-23,12,0,110,57.25,57.25,0.0,-2005.341253,0.0
2019-01-23,12,0,111,18.12,18.12,0.0,252.73441,0.0
2019-01-23,12,0,113,23.82,23.82,0.0,166.263053,0.0
2019-01-23,12,0,115,23.82,23.82,0.0,166.263053,0.0
2019-01-23,12,0,116,118.1,118.1,0.0,-4136.782568,0.0
2019-01-23,12,0,117,1.59,1.59,0.0,11.098164,0.0
2019-01-23,12,0,119,60.0,60.0,0.0,1631.3472,0.0
2019-01-23,12,0,120,35.28,35.28,0.0,959.232154,0.0
2019-01-23,12,0,123,3.98,3.98,0.0,44.391091,0.0
2019-01-23,12,0,125,30.15,30.15,0.0,336.279243,0.0
2019-01-23,12,0,126,179.3,179.3,0.0,1999.829792,0.0
2019-01-23,12,0,127,230.1,230.1,0.0,2566.429643,0.0
2019-01-23,12,0,128,41.33,41.33,0.0,460.975824,0.0
2019-01-23,12,0,131,7.47,7.47,0.0,9.490891,0.0
2019-01-23,12,0,132,10.97,10.97,0.0,13.937761,0.0
2019-01-23,12,0,133,41.94,41.94,0.0,890.724245,0.0
2019-01-23,12,0,134,0.0,0.0,0.0,0.0,0.0
2019-01-23,12,0,135,56.2,56.2,0.0,1193.578984,0.0
2019-01-23,12,0,136,45.9,45.9,0.0,969.576256,0.0
2019-01-23,12,0,139,44.94,44.94,0.0,626.814812,0.0
2019-01-23,12,0,140,42.37,42.37,0.0,-1484.127666,0.0
2019-01-23,12,0,141,175.53,175.53,0.0,-1641.695666,0.0
2019-01-23,12,0,142,406.05,406.05,0.0,-3797.701392,0.0
2019-01-23,12,0,143,60.37,60.37,0.0,670.290728,0.0
2019-01-23,12,0,145,56.25,56.25,0.0,714.258545,0.0
2019-01-23,12,0,146,121.92,121.92,0.0,-4270.588744,0.0
2019-01-23,12,0,152,6.68,6.68,0.0,122.530631,0.0
2019-01-23,12,0,153,8.46,8.46,0.0,154.067953,0.0
2019-01-23,12,0,154,74.75,74.75,0.0,1042.599181,0.0
2019-01-23,12,0,157,72.03,72.03,0.0,-673.681643,0.0
2019-01-23,12,0,158,282.32,282.32,0.0,-2640.480377,0.0
2019-01-23,12,0,159,0.0,0.0,0.0,0.0,0.0
2019-01-23,12,0,160,2.16,2.16,0.0,35.729105,0.0
2019-01-23,12,0,161,60.02,60.02,0.0,-58.136571,0.0
2019-01-23,12,0,162,162.5,162.5,0.0,3730.667458,0.0
2019-01-23,12,0,163,66.4,66.4,0.0,-2325.845576,0.0
2019-01-23,12,0,164,21.67,21.67,0.0,240.60295,0.0
2019-01-23,12,0,167,6.09,6.09,0.0,138.760591,0.0
2019-01-23,12,0,168,3.04,3.04,0.0,69.26637,0.0
2019-01-23,12,0,169,0.0,0.0,0.0,0.0,0.0
2019-01-23,12,0,170,6.66,6.66,0.0,151.748035,0.0
2019-01-23,12,0,172,7.86,7.86,0.0,167.775962,0.0
2019-01-23,12,0,173,11.98,11.98,0.0,255.719597,0.0
2019-01-23,12,0,188,10.86,10.86,0.0,238.310975,0.0
2019-01-23,12,0,190,9.22,9.22,0.0,250.683686,0.0
2019-01-23,12,0,191,23.83,23.83,0.0,647.91673,0.0
2019-01-23,12,0,192,163.58,163.58,0.0,4447.59625,0.0
2019-01-23,12,0,194,52.95,52.95,0.0,731.9068,0.0
2019-01-23,12,0,196,6.45,6.45,0.0,231.90608,0.0
2019-01-23,12,0,198,7.63,7.63,0.0,119.840414,0.0
2019-01-23,12,0,199,113.69,113.69,0.0,1510.302301,0.0
2019-01-23,12,0,200,19.84,19.84,0.0,263.562298,0.0
2019-01-23,12,0,204,257.1,257.1,0.0,3886.903809,0.0
2019-01-23,12,0,205,317.4,317.4,0.0,4885.271412,0.0
2019-01-23,12,0,206,160.6,160.6,0.0,1774.673203,0.0
2019-01-23,12,0,210,0.71,0.71,0.0,4.698353,0.0
2019-01-23,12,0,214,4.27,4.27,0.0,107.465022,0.0
2019-01-23,12,0,217,3.16,3.16,0.0,53.954783,0.0
2019-01-23,12,0,218,4.37,4.37,0.0,74.614684,0.0
2019-01-23,12,0,219,2.97,2.97,0.0,50.710666,0.0
2019-01-23,12,0,221,2.28,2.28,0.0,57.381791,0.0
2019-01-23,12,0,225,1.99,1.99,0.0,10.979586,0.0
2019-01-23,12,0,233,2.69,2.69,0.0,63.755567,0.0
2019-01-23,12,0,236,159.03,159.03,0.0,3156.9626,0.0
2019-01-23,12,0,237,522.0,522.0,0.0,9618.363938,0.0
2019-01-23,12,0,238,55.65,55.65,0.0,1151.553146,0.0
2019-01-23,12,0,240,11.3,11.3,0.0,188.064818,0.0
2019-01-23,12,0,245,78.0,78.0,0.0,1684.39101,0.0
2019-01-23,12,0,247,171.72,171.72,0.0,3708.251593,0.0
2019-01-23,12,0,248,52.4,52.4,0.0,965.521591,0.0
2019-01-23,12,0,249,150.0,150.0,0.0,3239.213481,0.0
2019-01-23,12,0,251,326.4,326.4,0.0,6843.199857,0.0
2019-01-23,12,0,252,267.06,267.06,0.0,5642.745675,0.0
2019-01-23,12,0,254,11.64,11.64,0.0,191.341802,0.0
2019-01-23,12,0,255,5.34,5.34,0.0,87.780517,0.0
2019-01-23,12,0,258,14.31,14.31,0.0,237.60737,0.0
2019-01-23,12,0,260,5.24,5.24,0.0,86.676163,0.0
2019-01-23,12,0,265,77.39,77.39,0.0,1079.421413,0.0
2019-01-23,12,0,266,29.1,29.1,0.0,405.88142,0.0
2019-01-23,12,0,267,35.76,35.76,0.0,498.773869,0.0
2019-01-23,12,0,270,207.37,207.37,0.0,-7263.713811,0.0
2019-01-23,12,0,272,79.59,79.59,0.0,555.536373,0.0
2019-01-23,12,0,273,28.24,28.24,0.0,-989.184926,0.0
2019-01-23,12,0,274,267.32,267.32,0.0,-9363.63011,0.0
2019-01-23,12,0,275,372.12,372.12,0.0,-13034.543007,0.0
2019-01-23,12,0,276,6.43,6.43,0.0,-188.367549,0.0
2019-01-23,12,0,277,7.93,7.93,0.0,53.300568,0.0
2019-01-23,12,0,278,12.69,12.69,0.0,85.294351,0.0
2019-01-23,12,0,279,85.94,85.94,0.0,577.635661,0.0
2019-01-23,12,0,281,15.54,15.54,0.0,172.541294,0.0
2019-01-23,12,0,282,314.6,314.6,0.0,3493.017443,0.0
2019-01-23,13,0,9,3.61,3.61,0.0,-1408.852127,0.0
2019-01-23,13,0,17,40.38,40.38,0.0,630.255977,0.0
2019-01-23,13,0,19,192.99,192.99,0.0,3012.211516,0.0
2019-01-23,13,0,20,234.06,234.06,0.0,3653.237098,0.0
2019-01-23,13,0,21,82.6,82.6,0.0,-32235.785511,0.0
2019-01-23,13,0,22,293.57,293.57,0.0,-114569.728237,0.0
2019-01-23,13,0,23,51.67,51.67,0.0,-20164.927813,0.0
2019-01-23,13,0,24,90.24,90.24,0.0,-35217.400538,0.0
2019-01-23,13,0,29,4.56,4.56,0.0,15.540977,0.0
2019-01-23,13,0,30,709.41,709.41,0.0,-709410.0,0.0
2019-01-23,13,0,31,38.41,38.41,0.0,-38410.0,0.0
2019-01-23,13,0,32,6.15,6.15,0.0,166.106376,0.0
2019-01-23,13,0,33,2.91,2.91,0.0,61.49336,0.0
2019-01-23,13,0,34,4.66,4.66,0.0,98.473904,0.0
2019-01-23,13,0,35,4.66,4.66,0.0,98.473904,0.0
2019-01-23,13,0,36,13.63,13.63,0.0,94.928306,0.0
2019-01-23,13,0,37,6.51,6.51,0.0,44.700844,0.0
2019-01-23,13,0,38,8.37,8.37,0.0,57.472514,0.0
2019-01-23,13,0,39,5.58,5.58,0.0,38.315009,0.0
2019-01-23,13,0,40,5.58,5.58,0.0,38.315009,0.0
2019-01-23,13,0,41,34.8,34.8,0.0,-303.042191,0.0
2019-01-23,13,0,42,73.34,73.34,0.0,1056.887764,0.0
2019-01-23,13,0,43,41.14,41.14,0.0,313.686866,0.0
2019-01-23,13,0,46,36.4,36.4,0.0,204.870707,0.0
2019-01-23,13,0,52,40.71,40.71,0.0,-40710.0,0.0
2019-01-23,13,0,53,64.68,64.68,0.0,-64680.0,0.0
2019-01-23,13,0,55,413.66,413.66,0.0,-161436.501626,0.0
2019-01-23,13,0,56,209.25,209.25,0.0,-209250.0,0.0
2019-01-23,13,0,57,199.04,199.04,0.0,-199040.0,0.0
2019-01-23,13,0,58,382.77,382.77,0.0,-382770.0,0.0
2019-01-23,13,0,59,376.4,376.4,0.0,-376400.0,0.0
2019-01-23,13,0,63,51.0,51.0,0.0,1520.225267,0.0
2019-01-23,13,0,64,60.0,60.0,0.0,1788.500314,0.0
2019-01-23,13,0,65,41.4,41.4,0.0,636.968167,0.0
2019-01-23,13,0,67,377.72,377.72,0.0,6187.327317,0.0
2019-01-23,13,0,68,9.39,9.39,0.0,197.201166,0.0
2019-01-23,13,0,69,2.91,2.91,0.0,61.49336,0.0
2019-01-23,13,0,74,217.6,217.6,0.0,1932.169191,0.0
2019-01-23,13,0,77,24.73,24.73,0.0,638.686469,0.0
2019-01-23,13,0,78,18.7,18.7,0.0,482.953375,0.0
2019-01-23,13,0,79,10.82,10.82,0.0,279.441472,0.0
2019-01-23,13,0,80,17.5,17.5,0.0,451.961715,0.0
2019-01-23,13,0,81,22.88,22.88,0.0,590.907659,0.0
2019-01-23,13,0,82,16.14,16.14,0.0,416.837833,0.0
2019-01-23,13,0,83,35.99,35.99,0.0,929.491549,0.0
2019-01-23,13,0,84,0.0,0.0,0.0,0.0,0.0
2019-01-23,13,0,86,14.75,14.75,0.0,311.69315,0.0
2019-01-23,13,0,87,75.29,75.29,0.0,1591.008628,0.0
2019-01-23,13,0,88,30.45,30.45,0.0,786.413384,0.0
2019-01-23,13,0,89,29.27,29.27,0.0,755.938251,0.0
2019-01-23,13,0,90,39.3,39.3,0.0,1014.976879,0.0
2019-01-23,13,0,91,140.2,140.2,0.0,3620.858994,0.0
2019-01-23,13,0,92,50.42,50.42,0.0,1302.166266,0.0
2019-01-23,13,0,95,120.0,120.0,0.0,3245.9279,0.0
2019-01-23,13,0,96,10.92,10.92,0.0,437.831916,0.0
2019-01-23,13,0,97,67.12,67.12,0.0,2691.142695,0.0
2019-01-23,13,0,99,42.0,42.0,0.0,372.937068,0.0
2019-01-23,13,0,101,14.29,14.29,0.0,-14290.0,0.0
2019-01-23,13,0,102,22.23,22.23,0.0,466.856435,0.0
2019-01-23,13,0,103,19.33,19.33,0.0,405.952986,0.0
2019-01-23,13,0,104,3.59,3.59,0.0,75.394269,0.0
2019-01-23,13,0,106,289.0,289.0,0.0,-112786.222912,0.0
2019-01-23,13,0,109,60.0,60.0,0.0,224.635031,0.0
2019-01-23,13,0,110,58.77,58.77,0.0,131.138972,0.0
2019-01-23,13,0,111,22.13,22.13,0.0,-192.710451,0.0
2019-01-23,13,0,113,30.38,30.38,0.0,715.561742,0.0
2019-01-23,13,0,115,30.38,30.38,0.0,715.561742,0.0
2019-01-23,13,0,116,137.69,137.69,0.0,307.240515,0.0
2019-01-23,13,0,117,2.03,2.03,0.0,47.814033,0.0
2019-01-23,13,0,119,60.0,60.0,0.0,1788.500314,0.0
2019-01-23,13,0,120,35.28,35.28,0.0,1051.638184,0.0
2019-01-23,13,0,123,4.82,4.82,0.0,-1881.071261,0.0
2019-01-23,13,0,125,81.94,81.94,0.0,-31978.211438,0.0
2019-01-23,13,0,126,216.75,216.75,0.0,-84589.667184,0.0
2019-01-23,13,0,127,278.16,278.16,0.0,-108555.763894,0.0
2019-01-23,13,0,128,115.67,115.67,0.0,-45141.807627,0.0
2019-01-23,13,0,131,10.01,10.01,0.0,222.574081,0.0
2019-01-23,13,0,132,14.71,14.71,0.0,327.079393,0.0
2019-01-23,13,0,133,41.94,41.94,0.0,655.483506,0.0
2019-01-23,13,0,134,0.0,0.0,0.0,0.0,0.0
2019-01-23,13,0,135,56.2,56.2,0.0,878.35415,0.0
2019-01-23,13,0,136,45.9,45.9,0.0,705.643385,0.0
2019-01-23,13,0,139,44.94,44.94,0.0,-391.342415,0.0
2019-01-23,13,0,140,43.5,43.5,0.0,97.0656,0.0
2019-01-23,13,0,141,230.0,230.0,0.0,3767.566671,0.0
2019-01-23,13,0,142,498.11,498.11,0.0,8159.402758,0.0
2019-01-23,13,0,143,80.62,80.62,0.0,-80620.0,0.0
2019-01-23,13,0,145,100.0,100.0,0.0,-245.029686,0.0
2019-01-23,13,0,146,174.18,174.18,0.0,388.66405,0.0
2019-01-23,13,0,152,10.2,10.2,0.0,96.362598,0.0
2019-01-23,13,0,153,12.76,12.76,0.0,117.035883,0.0
2019-01-23,13,0,154,91.27,91.27,0.0,-794.789102,0.0
2019-01-23,13,0,157,110.63,110.63,0.0,1812.199569,0.0
2019-01-23,13,0,158,350.66,350.66,0.0,5744.064908,0.0
2019-01-23,13,0,159,0.0,0.0,0.0,0.0,0.0
2019-01-23,13,0,160,3.21,3.21,0.0,32.328492,0.0
2019-01-23,13,0,161,72.44,72.44,0.0,1521.326142,0.0
2019-01-23,13,0,162,162.5,162.5,0.0,4401.315634,0.0
2019-01-23,13,0,163,50.22,50.22,0.0,112.060561,0.0
2019-01-23,13,0,164,26.63,26.63,0.0,-26630.0,0.0
2019-01-23,13,0,167,7.08,7.08,0.0,190.989013,0.0
2019-01-23,13,0,168,3.54,3.54,0.0,95.494506,0.0
2019-01-23,13,0,169,0.0,0.0,0.0,0.0,0.0
2019-01-23,13,0,170,7.74,7.74,0.0,208.793073,0.0
2019-01-23,13,0,172,9.33,9.33,0.0,232.537479,0.0
2019-01-23,13,0,173,14.22,14.22,0.0,354.414035,0.0
2019-01-23,13,0,188,12.73,12.73,0.0,335.612932,0.0
2019-01-23,13,0,190,10.7,10.7,0.0,318.949223,0.0
2019-01-23,13,0,191,27.64,27.64,0.0,823.902478,0.0
2019-01-23,13,0,192,255.4,255.4,0.0,7613.049669,0.0
2019-01-23,13,0,194,52.95,52.95,0.0,1317.002322,0.0
2019-01-23,13,0,196,7.36,7.36,0.0,254.141788,0.0
2019-01-23,13,0,198,14.19,14.19,0.0,185.352888,0.0
2019-01-23,13,0,199,73.53,73.53,0.0,1154.640425,0.0
2019-01-23,13,0,200,23.98,23.98,0.0,376.55756,0.0
2019-01-23,13,0,204,257.1,257.1,0.0,841.608843,0.0
2019-01-23,13,0,205,317.4,317.4,0.0,1188.319312,0.0
2019-01-23,13,0,206,197.23,197.23,0.0,7907.837808,0.0
2019-01-23,13,0,210,1.91,1.91,0.0,9.204136,0.0
2019-01-23,13,0,214,12.03,12.03,0.0,293.428114,0.0
2019-01-23,13,0,217,7.23,7.23,0.0,116.002501,0.0
2019-01-23,13,0,218,9.97,9.97,0.0,159.964721,0.0
2019-01-23,13,0,219,6.79,6.79,0.0,108.942874,0.0
2019-01-23,13,0,221,6.41,6.41,0.0,156.348646,0.0
2019-01-23,13,0,225,3.9,3.9,0.0,12.760265,0.0
2019-01-23,13,0,233,8.34,8.34,0.0,176.238703,0.0
2019-01-23,13,0,236,319.85,319.85,0.0,4031.013526,0.0
2019-01-23,13,0,237,522.0,522.0,0.0,4635.074988,0.0
2019-01-23,13,0,238,95.45,95.45,0.0,1375.51046,0.0
2019-01-23,13,0,240,15.44,15.44,0.0,107.534339,0.0
2019-01-23,13,0,245,78.0,78.0,0.0,1281.229371,0.0
2019-01-23,13,0,247,171.72,171.72,0.0,2820.675737,0.0
2019-01-23,13,0,248,52.4,52.4,0.0,465.28339,0.0
2019-01-23,13,0,249,150.0,150.0,0.0,2463.902636,0.0
2019-01-23,13,0,251,326.4,326.4,0.0,4902.70149,0.0
2019-01-23,13,0,252,267.06,267.06,0.0,4108.906249,0.0
2019-01-23,13,0,254,23.15,23.15,0.0,190.726622,0.0
2019-01-23,13,0,255,10.61,10.61,0.0,87.412936,0.0
2019-01-23,13,0,258,19.01,19.01,0.0,134.425176,0.0
2019-01-23,13,0,260,7.8,7.8,0.0,78.555215,0.0
2019-01-23,13,0,265,94.49,94.49,0.0,-822.829213,0.0
2019-01-23,13,0,266,29.1,29.1,0.0,-253.40597,0.0
2019-01-23,13,0,267,35.76,35.76,0.0,-311.401975,0.0
2019-01-23,13,0,270,156.25,156.25,0.0,348.655171,0.0
2019-01-23,13,0,272,101.54,101.54,0.0,2391.643821,0.0
2019-01-23,13,0,273,32.93,32.93,0.0,73.479775,0.0
2019-01-23,13,0,274,201.34,201.34,0.0,449.268686,0.0
2019-01-23,13,0,275,280.14,280.14,0.0,625.102462,0.0
2019-01-23,13,0,276,7.64,7.64,0.0,41.184491,0.0
2019-01-23,13,0,277,9.55,9.55,0.0,233.639434,0.0
2019-01-23,13,0,278,15.29,15.29,0.0,374.067743,0.0
2019-01-23,13,0,279,152.4,152.4,0.0,3728.444999,0.0
2019-01-23,13,0,281,17.24,17.24,0.0,-17240.0,0.0
2019-01-23,13,0,282,389.15,389.15,0.0,-389150.0,0.0
2019-01-23,14,0,9,3.79,3.79,0.0,-1479.148228,0.0
2019-01-23,14,0,17,40.86,40.86,0.0,664.059969,0.0
2019-01-23,14,0,19,192.99,192.99,0.0,3136.488826,0.0
2019-01-23,14,0,20,234.06,234.06,0.0,3803.961732,0.0
2019-01-23,14,0,21,86.63,86.63,0.0,-33809.659888,0.0
2019-01-23,14,0,22,307.87,307.87,0.0,-120154.449841,0.0
2019-01-23,14,0,23,31.78,31.78,0.0,-12402.989625,0.0
2019-01-23,14,0,24,54.66,54.66,0.0,-21332.517713,0.0
2019-01-23,14,0,29,4.65,4.65,0.0,22.846457,0.0
2019-01-23,14,0,30,746.1,746.1,0.0,-746100.0,0.0
2019-01-23,14,0,31,59.69,59.69,0.0,-59690.0,0.0
2019-01-23,14,0,32,6.3,6.3,0.0,159.921145,0.0
2019-01-23,14,0,33,3.05,3.05,0.0,66.910819,0.0
2019-01-23,14,0,34,4.87,4.87,0.0,106.837931,0.0
2019-01-23,14,0,35,4.87,4.87,0.0,106.837931,0.0
2019-01-23,14,0,36,14.27,14.27,0.0,104.29599,0.0
2019-01-23,14,0,37,6.75,6.75,0.0,48.596093,0.0
2019-01-23,14,0,38,8.68,8.68,0.0,62.490976,0.0
2019-01-23,14,0,39,5.78,5.78,0.0,41.612654,0.0
2019-01-23,14,0,40,5.78,5.78,0.0,41.612654,0.0
2019-01-23,14,0,41,34.8,34.8,0.0,-297.361546,0.0
2019-01-23,14,0,42,77.05,77.05,0.0,1157.258412,0.0
2019-01-23,14,0,43,43.15,43.15,0.0,343.238795,0.0
2019-01-23,14,0,46,37.52,37.52,0.0,222.034872,0.0
2019-01-23,14,0,52,63.27,63.27,0.0,-63270.0,0.0
2019-01-23,14,0,53,100.51,100.51,0.0,-100510.0,0.0
2019-01-23,14,0,55,495.13,495.13,0.0,-193237.641699,0.0
2019-01-23,14,0,56,220.07,220.07,0.0,-220070.0,0.0
2019-01-23,14,0,57,209.34,209.34,0.0,-209340.0,0.0
2019-01-23,14,0,58,402.57,402.57,0.0,-402570.0,0.0
2019-01-23,14,0,59,395.86,395.86,0.0,-395860.0,0.0
2019-01-23,14,0,63,51.0,51.0,0.0,1429.360235,0.0
2019-01-23,14,0,64,60.0,60.0,0.0,1681.600277,0.0
2019-01-23,14,0,65,41.4,41.4,0.0,663.357475,0.0
2019-01-23,14,0,67,393.89,393.89,0.0,4954.422036,0.0
2019-01-23,14,0,68,5.91,5.91,0.0,94.808972,0.0
2019-01-23,14,0,69,3.05,3.05,0.0,66.910819,0.0
2019-01-23,14,0,74,217.6,217.6,0.0,2032.227839,0.0
2019-01-23,14,0,77,25.77,25.77,0.0,656.634908,0.0
2019-01-23,14,0,78,19.48,19.48,0.0,496.361972,0.0
2019-01-23,14,0,79,11.27,11.27,0.0,287.166295,0.0
2019-01-23,14,0,80,18.23,18.23,0.0,464.511229,0.0
2019-01-23,14,0,81,23.83,23.83,0.0,607.202556,0.0
2019-01-23,14,0,82,16.81,16.81,0.0,428.328786,0.0
2019-01-23,14,0,83,37.49,37.49,0.0,955.26747,0.0
2019-01-23,14,0,84,0.0,0.0,0.0,0.0,0.0
2019-01-23,14,0,86,15.43,15.43,0.0,338.50293,0.0
2019-01-23,14,0,87,78.79,78.79,0.0,1728.492925,0.0
2019-01-23,14,0,88,25.21,25.21,0.0,642.365776,0.0
2019-01-23,14,0,89,24.23,24.23,0.0,617.394793,0.0
2019-01-23,14,0,90,32.54,32.54,0.0,829.13853,0.0
2019-01-23,14,0,91,116.07,116.07,0.0,2957.532549,0.0
2019-01-23,14,0,92,41.75,41.75,0.0,1063.814801,0.0
2019-01-23,14,0,95,120.0,120.0,0.0,3049.643213,0.0
2019-01-23,14,0,96,10.63,10.63,0.0,425.873247,0.0
2019-01-23,14,0,97,71.25,71.25,0.0,2854.51259,0.0
2019-01-23,14,0,99,42.0,42.0,0.0,392.249859,0.0
2019-01-23,14,0,101,15.03,15.03,0.0,-15030.0,0.0
2019-01-23,14,0,102,13.97,13.97,0.0,224.108518,0.0
2019-01-23,14,0,103,12.15,12.15,0.0,194.911846,0.0
2019-01-23,14,0,104,2.27,2.27,0.0,36.415629,0.0
2019-01-23,14,0,106,303.07,303.07,0.0,-118281.12227,0.0
2019-01-23,14,0,109,60.0,60.0,0.0,240.238739,0.0
2019-01-23,14,0,110,47.16,47.16,0.0,92.928779,0.0
2019-01-23,14,0,111,23.94,23.94,0.0,-204.564236,0.0
2019-01-23,14,0,113,22.7,22.7,0.0,519.866407,0.0
2019-01-23,14,0,115,22.7,22.7,0.0,519.866407,0.0
2019-01-23,14,0,116,141.08,141.08,0.0,277.998138,0.0
2019-01-23,14,0,117,1.51,1.51,0.0,34.581422,0.0
2019-01-23,14,0,119,60.0,60.0,0.0,1681.600277,0.0
2019-01-23,14,0,120,35.28,35.28,0.0,988.780963,0.0
2019-01-23,14,0,123,5.05,5.05,0.0,-1970.896715,0.0
2019-01-23,14,0,125,49.82,49.82,0.0,-19443.579079,0.0
2019-01-23,14,0,126,227.3,227.3,0.0,-88709.866011,0.0
2019-01-23,14,0,127,291.71,291.71,0.0,-113847.580353,0.0
2019-01-23,14,0,128,69.15,69.15,0.0,-26987.625318,0.0
2019-01-23,14,0,131,12.27,12.27,0.0,276.342483,0.0
2019-01-23,14,0,132,18.03,18.03,0.0,406.068049,0.0
2019-01-23,14,0,133,41.94,41.94,0.0,682.516893,0.0
2019-01-23,14,0,134,0.0,0.0,0.0,0.0,0.0
2019-01-23,14,0,135,56.2,56.2,0.0,914.579146,0.0
2019-01-23,14,0,136,45.9,45.9,0.0,734.88463,0.0
2019-01-23,14,0,139,44.94,44.94,0.0,-384.006548,0.0
2019-01-23,14,0,140,34.9,34.9,0.0,68.770449,0.0
2019-01-23,14,0,141,230.0,230.0,0.0,2892.982986,0.0
2019-01-23,14,0,142,519.44,519.44,0.0,6533.613401,0.0
2019-01-23,14,0,143,113.16,113.16,0.0,-113160.0,0.0
2019-01-23,14,0,145,51.68,51.68,0.0,-122.490718,0.0
2019-01-23,14,0,146,122.85,122.85,0.0,242.075923,0.0
2019-01-23,14,0,152,10.96,10.96,0.0,108.525396,0.0
2019-01-23,14,0,153,13.57,13.57,0.0,130.517622,0.0
2019-01-23,14,0,154,98.75,98.75,0.0,-843.806111,0.0
2019-01-23,14,0,157,93.48,93.48,0.0,1175.808911,0.0
2019-01-23,14,0,158,376.54,376.54,0.0,4736.190494,0.0
2019-01-23,14,0,159,0.0,0.0,0.0,0.0,0.0
2019-01-23,14,0,160,3.34,3.34,0.0,34.778729,0.0
2019-01-23,14,0,161,74.5,74.5,0.0,1195.138481,0.0
2019-01-23,14,0,162,162.5,162.5,0.0,4135.301175,0.0
2019-01-23,14,0,163,39.31,39.31,0.0,77.460354,0.0
2019-01-23,14,0,164,28.77,28.77,0.0,-28770.0,0.0
2019-01-23,14,0,167,7.09,7.09,0.0,179.695432,0.0
2019-01-23,14,0,168,3.55,3.55,0.0,89.97444,0.0
2019-01-23,14,0,169,0.0,0.0,0.0,0.0,0.0
2019-01-23,14,0,170,7.76,7.76,0.0,196.676523,0.0
2019-01-23,14,0,172,9.48,9.48,0.0,220.477445,0.0
2019-01-23,14,0,173,14.45,14.45,0.0,336.065304,0.0
2019-01-23,14,0,188,12.8,12.8,0.0,316.88244,0.0
2019-01-23,14,0,190,10.87,10.87,0.0,304.649917,0.0
2019-01-23,14,0,191,28.09,28.09,0.0,787.269196,0.0
2019-01-23,14,0,192,148.57,148.57,0.0,4163.922552,0.0
2019-01-23,14,0,194,52.95,52.95,0.0,1261.486222,0.0
2019-01-23,14,0,196,7.48,7.48,0.0,242.198766,0.0
2019-01-23,14,0,198,14.61,14.61,0.0,195.123306,0.0
2019-01-23,14,0,199,130.0,130.0,0.0,1926.919932,0.0
2019-01-23,14,0,200,24.62,24.62,0.0,364.92899,0.0
2019-01-23,14,0,204,257.1,257.1,0.0,903.829557,0.0
2019-01-23,14,0,205,317.4,317.4,0.0,1270.86293,0.0
2019-01-23,14,0,206,252.22,252.22,0.0,10104.774253,0.0
2019-01-23,14,0,210,1.93,1.93,0.0,10.914111,0.0
2019-01-23,14,0,214,12.12,12.12,0.0,306.561489,0.0
2019-01-23,14,0,217,7.31,7.31,0.0,126.648085,0.0
2019-01-23,14,0,218,10.08,10.08,0.0,174.639219,0.0
2019-01-23,14,0,219,6.87,6.87,0.0,119.024944,0.0
2019-01-23,14,0,221,6.46,6.46,0.0,163.398286,0.0
2019-01-23,14,0,225,4.0,4.0,0.0,19.366329,0.0
2019-01-23,14,0,233,8.73,8.73,0.0,191.518508,0.0
2019-01-23,14,0,236,159.05,159.05,0.0,2092.525706,0.0
2019-01-23,14,0,237,522.0,522.0,0.0,4875.105385,0.0
2019-01-23,14,0,238,100.29,100.29,0.0,1506.313383,0.0
2019-01-23,14,0,240,16.17,16.17,0.0,118.182633,0.0
2019-01-23,14,0,245,78.0,78.0,0.0,1333.332281,0.0
2019-01-23,14,0,247,171.72,171.72,0.0,2935.382298,0.0
2019-01-23,14,0,248,52.4,52.4,0.0,489.378395,0.0
2019-01-23,14,0,249,150.0,150.0,0.0,2564.10054,0.0
2019-01-23,14,0,251,326.4,326.4,0.0,5107.25459,0.0
2019-01-23,14,0,252,267.06,267.06,0.0,4279.136405,0.0
2019-01-23,14,0,254,23.75,23.75,0.0,203.570979,0.0
2019-01-23,14,0,255,10.89,10.89,0.0,93.342651,0.0
2019-01-23,14,0,258,19.85,19.85,0.0,147.149228,0.0
2019-01-23,14,0,260,8.1,8.1,0.0,84.343624,0.0
2019-01-23,14,0,265,102.24,102.24,0.0,-873.627714,0.0
2019-01-23,14,0,266,29.1,29.1,0.0,-248.655775,0.0
2019-01-23,14,0,267,35.76,35.76,0.0,-305.564623,0.0
2019-01-23,14,0,270,136.65,136.65,0.0,269.268823,0.0
2019-01-23,14,0,272,75.86,75.86,0.0,1737.315668,0.0
2019-01-23,14,0,273,33.74,33.74,0.0,66.484669,0.0
2019-01-23,14,0,274,182.28,182.28,0.0,359.182737,0.0
2019-01-23,14,0,275,265.1,265.1,0.0,522.379546,0.0
2019-01-23,14,0,276,7.79,7.79,0.0,33.800596,0.0
2019-01-23,14,0,277,9.93,9.93,0.0,237.680137,0.0
2019-01-23,14,0,278,15.89,15.89,0.0,380.33609,0.0
2019-01-23,14,0,279,89.02,89.02,0.0,2130.743786,0.0
2019-01-23,14,0,281,26.79,26.79,0.0,-26790.0,0.0
2019-01-23,14,0,282,409.28,409.28,0.0,-409280.0,0.0
2019-01-23,15,0,9,3.6,3.6,0.0,-1404.981664,0.0
2019-01-23,15,0,17,39.18,39.18,0.0,594.357602,0.0
2019-01-23,15,0,19,192.99,192.99,0.0,2927.643531,0.0
2019-01-23,15,0,20,234.06,234.06,0.0,3550.672288,0.0
2019-01-23,15,0,21,82.24,82.24,0.0,-32096.025559,0.0
2019-01-23,15,0,22,292.27,292.27,0.0,-114064.997447,0.0
2019-01-23,15,0,23,31.27,31.27,0.0,-12203.826839,0.0
2019-01-23,15,0,24,55.33,55.33,0.0,-21593.787623,0.0
2019-01-23,15,0,29,4.24,4.24,0.0,21.027975,0.0
2019-01-23,15,0,30,703.43,703.43,0.0,-703430.0,0.0
2019-01-23,15,0,31,91.14,91.14,0.0,-91140.0,0.0
2019-01-23,15,0,32,5.78,5.78,0.0,143.655668,0.0
2019-01-23,15,0,33,2.86,2.86,0.0,58.88385,0.0
2019-01-23,15,0,34,4.58,4.58,0.0,94.296515,0.0
2019-01-23,15,0,35,4.58,4.58,0.0,94.296515,0.0
2019-01-23,15,0,36,13.61,13.61,0.0,91.475917,0.0
2019-01-23,15,0,37,6.42,6.42,0.0,42.567516,0.0
2019-01-23,15,0,38,8.25,8.25,0.0,54.701247,0.0
2019-01-23,15,0,39,5.5,5.5,0.0,36.467498,0.0
2019-01-23,15,0,40,5.5,5.5,0.0,36.467498,0.0
2019-01-23,15,0,41,45.45,45.45,0.0,-401.720072,0.0
2019-01-23,15,0,42,74.18,74.18,0.0,1038.172091,0.0
2019-01-23,15,0,43,40.8,40.8,0.0,301.594605,0.0
2019-01-23,15,0,46,35.38,35.38,0.0,191.757262,0.0
2019-01-23,15,0,52,96.61,96.61,0.0,-96610.0,0.0
2019-01-23,15,0,53,153.49,153.49,0.0,-153490.0,0.0
2019-01-23,15,0,55,614.88,614.88,0.0,-239970.868135,0.0
2019-01-23,15,0,56,207.49,207.49,0.0,-207490.0,0.0
2019-01-23,15,0,57,197.36,197.36,0.0,-197360.0,0.0
2019-01-23,15,0,58,379.55,379.55,0.0,-379550.0,0.0
2019-01-23,15,0,59,373.22,373.22,0.0,-373220.0,0.0
2019-01-23,15,0,63,44.01,44.01,0.0,1196.593171,0.0
2019-01-23,15,0,64,51.78,51.78,0.0,1407.852634,0.0
2019-01-23,15,0,65,41.4,41.4,0.0,619.001412,0.0
2019-01-23,15,0,67,372.09,372.09,0.0,4721.092508,0.0
2019-01-23,15,0,68,11.96,11.96,0.0,182.777258,0.0
2019-01-23,15,0,69,2.86,2.86,0.0,58.88385,0.0
2019-01-23,15,0,74,180.1,180.1,0.0,1541.652905,0.0
2019-01-23,15,0,77,28.17,28.17,0.0,732.84191,0.0
2019-01-23,15,0,78,21.3,21.3,0.0,554.119016,0.0
2019-01-23,15,0,79,12.32,12.32,0.0,320.50452,0.0
2019-01-23,15,0,80,19.93,19.93,0.0,518.478497,0.0
2019-01-23,15,0,81,26.06,26.06,0.0,677.950308,0.0
2019-01-23,15,0,82,18.38,18.38,0.0,478.155283,0.0
2019-01-23,15,0,83,40.99,40.99,0.0,1066.353919,0.0
2019-01-23,15,0,84,0.0,0.0,0.0,0.0,0.0
2019-01-23,15,0,86,14.51,14.51,0.0,298.74289,0.0
2019-01-23,15,0,87,74.06,74.06,0.0,1524.803476,0.0
2019-01-23,15,0,88,21.89,21.89,0.0,569.467853,0.0
2019-01-23,15,0,89,21.05,21.05,0.0,547.615272,0.0
2019-01-23,15,0,90,28.26,28.26,0.0,735.183258,0.0
2019-01-23,15,0,91,100.8,100.8,0.0,2622.309711,0.0
2019-01-23,15,0,92,36.25,36.25,0.0,943.042927,0.0
2019-01-23,15,0,95,120.0,120.0,0.0,2984.696274,0.0
2019-01-23,15,0,96,10.45,10.45,0.0,418.889109,0.0
2019-01-23,15,0,97,64.24,64.24,0.0,2575.065683,0.0
2019-01-23,15,0,99,34.76,34.76,0.0,297.545003,0.0
2019-01-23,15,0,101,14.17,14.17,0.0,-14170.0,0.0
2019-01-23,15,0,102,28.31,28.31,0.0,432.644163,0.0
2019-01-23,15,0,103,24.62,24.62,0.0,376.252182,0.0
2019-01-23,15,0,104,4.57,4.57,0.0,69.840474,0.0
2019-01-23,15,0,106,287.72,287.72,0.0,-112289.256733,0.0
2019-01-23,15,0,109,60.0,60.0,0.0,213.170376,0.0
2019-01-23,15,0,110,37.53,37.53,0.0,178.017714,0.0
2019-01-23,15,0,111,23.14,23.14,0.0,-204.528107,0.0
2019-01-23,15,0,113,17.03,17.03,0.0,398.065952,0.0
2019-01-23,15,0,115,17.03,17.03,0.0,398.065952,0.0
2019-01-23,15,0,116,132.04,132.04,0.0,626.311189,0.0
2019-01-23,15,0,117,1.14,1.14,0.0,26.646811,0.0
2019-01-23,15,0,119,51.78,51.78,0.0,1407.852634,0.0
2019-01-23,15,0,120,30.44,30.44,0.0,827.636813,0.0
2019-01-23,15,0,123,4.8,4.8,0.0,-1873.308885,0.0
2019-01-23,15,0,125,50.07,50.07,0.0,-19540.953304,0.0
2019-01-23,15,0,126,215.79,215.79,0.0,-84216.94255,0.0
2019-01-23,15,0,127,276.93,276.93,0.0,-108078.214469,0.0
2019-01-23,15,0,128,71.71,71.71,0.0,-27986.454193,0.0
2019-01-23,15,0,131,36.8,36.8,0.0,867.857293,0.0
2019-01-23,15,0,132,54.15,54.15,0.0,1277.023706,0.0
2019-01-23,15,0,133,41.94,41.94,0.0,637.088777,0.0
2019-01-23,15,0,134,0.0,0.0,0.0,0.0,0.0
2019-01-23,15,0,135,56.2,56.2,0.0,853.705038,0.0
2019-01-23,15,0,136,45.9,45.9,0.0,685.734354,0.0
2019-01-23,15,0,139,59.1,59.1,0.0,-522.368674,0.0
2019-01-23,15,0,140,27.78,27.78,0.0,131.770106,0.0
2019-01-23,15,0,141,230.0,230.0,0.0,2918.249018,0.0
2019-01-23,15,0,142,490.69,490.69,0.0,6225.893958,0.0
2019-01-23,15,0,143,178.42,178.42,0.0,-178420.0,0.0
2019-01-23,15,0,145,20.75,20.75,0.0,-52.463093,0.0
2019-01-23,15,0,146,84.34,84.34,0.0,400.053663,0.0
2019-01-23,15,0,152,10.31,10.31,0.0,94.14532,0.0
2019-01-23,15,0,153,12.84,12.84,0.0,113.785678,0.0
2019-01-23,15,0,154,95.46,95.46,0.0,-843.744732,0.0
2019-01-23,15,0,157,78.84,78.84,0.0,1000.325011,0.0
2019-01-23,15,0,158,358.69,358.69,0.0,4551.072783,0.0
2019-01-23,15,0,159,0.0,0.0,0.0,0.0,0.0
2019-01-23,15,0,160,3.16,3.16,0.0,31.07405,0.0
2019-01-23,15,0,161,69.59,69.59,0.0,1063.500787,0.0
2019-01-23,15,0,162,162.5,162.5,0.0,4046.800712,0.0
2019-01-23,15,0,163,25.45,25.45,0.0,120.718114,0.0
2019-01-23,15,0,164,27.13,27.13,0.0,-27130.0,0.0
2019-01-23,15,0,167,6.52,6.52,0.0,161.775833,0.0
2019-01-23,15,0,168,3.26,3.26,0.0,80.887916,0.0
2019-01-23,15,0,169,0.0,0.0,0.0,0.0,0.0
2019-01-23,15,0,170,7.13,7.13,0.0,176.911302,0.0
2019-01-23,15,0,172,8.85,8.85,0.0,202.108638,0.0
2019-01-23,15,0,173,13.49,13.49,0.0,308.07294,0.0
2019-01-23,15,0,188,11.71,11.71,0.0,284.351801,0.0
2019-01-23,15,0,190,10.33,10.33,0.0,280.86361,0.0
2019-01-23,15,0,191,26.7,26.7,0.0,725.949504,0.0
2019-01-23,15,0,192,76.39,76.39,0.0,2076.976877,0.0
2019-01-23,15,0,194,52.95,52.95,0.0,1263.889485,0.0
2019-01-23,15,0,196,7.09,7.09,0.0,219.405506,0.0
2019-01-23,15,0,198,13.8,13.8,0.0,177.499515,0.0
2019-01-23,15,0,199,130.0,130.0,0.0,1966.990735,0.0
2019-01-23,15,0,200,22.68,22.68,0.0,343.16423,0.0
2019-01-23,15,0,204,257.1,257.1,0.0,795.449853,0.0
2019-01-23,15,0,205,317.4,317.4,0.0,1127.671291,0.0
2019-01-23,15,0,206,188.77,188.77,0.0,7566.860973,0.0
2019-01-23,15,0,210,1.79,1.79,0.0,10.429344,0.0
2019-01-23,15,0,214,11.15,11.15,0.0,265.216444,0.0
2019-01-23,15,0,217,6.72,6.72,0.0,110.343687,0.0
2019-01-23,15,0,218,9.27,9.27,0.0,152.215175,0.0
2019-01-23,15,0,219,6.32,6.32,0.0,103.77561,0.0
2019-01-23,15,0,221,5.94,5.94,0.0,141.290195,0.0
2019-01-23,15,0,225,3.66,3.66,0.0,17.845052,0.0
2019-01-23,15,0,233,8.21,8.21,0.0,169.03371,0.0
2019-01-23,15,0,236,179.56,179.56,0.0,2194.763537,0.0
2019-01-23,15,0,237,432.05,432.05,0.0,3698.340576,0.0
2019-01-23,15,0,238,96.55,96.55,0.0,1351.247175,0.0
2019-01-23,15,0,240,15.43,15.43,0.0,103.708553,0.0
2019-01-23,15,0,245,78.0,78.0,0.0,1245.839676,0.0
2019-01-23,15,0,247,171.72,171.72,0.0,2742.763964,0.0
2019-01-23,15,0,248,43.37,43.37,0.0,371.246455,0.0
2019-01-23,15,0,249,150.0,150.0,0.0,2395.845531,0.0
2019-01-23,15,0,251,326.4,326.4,0.0,4763.311596,0.0
2019-01-23,15,0,252,267.06,267.06,0.0,3993.007658,0.0
2019-01-23,15,0,254,22.56,22.56,0.0,180.58586,0.0
2019-01-23,15,0,255,10.34,10.34,0.0,82.768519,0.0
2019-01-23,15,0,258,18.93,18.93,0.0,129.283711,0.0
2019-01-23,15,0,260,7.69,7.69,0.0,75.620077,0.0
2019-01-23,15,0,265,98.84,98.84,0.0,-873.619624,0.0
2019-01-23,15,0,266,37.8,37.8,0.0,-334.103822,0.0
2019-01-23,15,0,267,46.74,46.74,0.0,-413.122028,0.0
2019-01-23,15,0,270,83.08,83.08,0.0,394.077049,0.0
2019-01-23,15,0,272,56.91,56.91,0.0,1330.236835,0.0
2019-01-23,15,0,273,31.57,31.57,0.0,149.747381,0.0
2019-01-23,15,0,274,109.43,109.43,0.0,519.064173,0.0
2019-01-23,15,0,275,157.06,157.06,0.0,744.989665,0.0
2019-01-23,15,0,276,7.28,7.28,0.0,47.445413,0.0
2019-01-23,15,0,277,9.33,9.33,0.0,227.960331,0.0
2019-01-23,15,0,278,14.93,14.93,0.0,364.785395,0.0
2019-01-23,15,0,279,77.1,77.1,0.0,1883.787941,0.0
2019-01-23,15,0,281,40.91,40.91,0.0,-40910.0,0.0
2019-01-23,15,0,282,385.87,385.87,0.0,-385870.0,0.0
2019-01-23,16,0,9,3.04,3.04,0.0,-1168.319171,0.0
2019-01-23,16,0,17,50.65,50.65,0.0,930.523529,0.0
2019-01-23,16,0,19,332.0,332.0,0.0,6099.384236,0.0
2019-01-23,16,0,20,419.03,419.03,0.0,7698.268001,0.0
2019-01-23,16,0,21,69.61,69.61,0.0,-26752.20313,0.0
2019-01-23,16,0,22,247.4,247.4,0.0,-95079.658876,0.0
2019-01-23,16,0,23,32.64,32.64,0.0,-12544.058471,0.0
2019-01-23,16,0,24,57.75,57.75,0.0,-22194.2211,0.0
2019-01-23,16,0,29,8.02,8.02,0.0,79.984555,0.0
2019-01-23,16,0,30,595.67,595.67,0.0,-595670.0,0.0
2019-01-23,16,0,31,125.0,125.0,0.0,-125000.0,0.0
2019-01-23,16,0,32,4.7,4.7,0.0,152.645337,0.0
2019-01-23,16,0,33,2.95,2.95,0.0,66.275774,0.0
2019-01-23,16,0,34,4.71,4.71,0.0,105.816575,0.0
2019-01-23,16,0,35,4.71,4.71,0.0,105.816575,0.0
2019-01-23,16,0,36,11.49,11.49,0.0,139.684121,0.0
2019-01-23,16,0,37,5.47,5.47,0.0,66.314604,0.0
2019-01-23,16,0,38,7.03,7.03,0.0,85.226996,0.0
2019-01-23,16,0,39,4.69,4.69,0.0,56.858408,0.0
2019-01-23,16,0,40,4.69,4.69,0.0,56.858408,0.0
2019-01-23,16,0,41,37.22,37.22,0.0,-45.11288,0.0
2019-01-23,16,0,42,70.79,70.79,0.0,1237.69565,0.0
2019-01-23,16,0,43,34.85,34.85,0.0,442.787662,0.0
2019-01-23,16,0,46,29.2,29.2,0.0,331.367599,0.0
2019-01-23,16,0,52,132.5,132.5,0.0,-132500.0,0.0
2019-01-23,16,0,53,210.5,210.5,0.0,-210500.0,0.0
2019-01-23,16,0,55,623.0,623.0,0.0,-239428.567015,0.0
2019-01-23,16,0,56,175.7,175.7,0.0,-175700.0,0.0
2019-01-23,16,0,57,167.13,167.13,0.0,-167130.0,0.0
2019-01-23,16,0,58,321.4,321.4,0.0,-321400.0,0.0
2019-01-23,16,0,59,316.05,316.05,0.0,-316050.0,0.0
2019-01-23,16,0,63,27.06,27.06,0.0,871.037587,0.0
2019-01-23,16,0,64,31.83,31.83,0.0,1024.57969,0.0
2019-01-23,16,0,65,41.4,41.4,0.0,753.759792,0.0
2019-01-23,16,0,67,315.28,315.28,0.0,6159.040279,0.0
2019-01-23,16,0,68,13.84,13.84,0.0,215.678353,0.0
2019-01-23,16,0,69,2.95,2.95,0.0,66.275774,0.0
2019-01-23,16,0,74,74.73,74.73,0.0,993.404666,0.0
2019-01-23,16,0,77,32.08,32.08,0.0,1277.28631,0.0
2019-01-23,16,0,78,24.25,24.25,0.0,965.529707,0.0
2019-01-23,16,0,79,14.03,14.03,0.0,558.613682,0.0
2019-01-23,16,0,80,22.7,22.7,0.0,903.815437,0.0
2019-01-23,16,0,81,29.67,29.67,0.0,1181.330574,0.0
2019-01-23,16,0,82,20.93,20.93,0.0,833.341723,0.0
2019-01-23,16,0,83,46.67,46.67,0.0,1858.196761,0.0
2019-01-23,16,0,84,0.0,0.0,0.0,0.0,0.0
2019-01-23,16,0,86,14.93,14.93,0.0,335.422815,0.0
2019-01-23,16,0,87,76.22,76.22,0.0,1712.386267,0.0
2019-01-23,16,0,88,20.32,20.32,0.0,809.054171,0.0
2019-01-23,16,0,89,19.53,19.53,0.0,777.599801,0.0
2019-01-23,16,0,90,26.22,26.22,0.0,1043.966554,0.0
2019-01-23,16,0,91,93.54,93.54,0.0,3724.356653,0.0
2019-01-23,16,0,92,33.64,33.64,0.0,1339.398736,0.0
2019-01-23,16,0,95,120.0,120.0,0.0,3649.643213,0.0
2019-01-23,16,0,96,12.04,12.04,0.0,606.268376,0.0
2019-01-23,16,0,97,74.04,74.04,0.0,3728.248388,0.0
2019-01-23,16,0,99,16.39,16.39,0.0,217.876388,0.0
2019-01-23,16,0,101,12.0,12.0,0.0,-12000.0,0.0
2019-01-23,16,0,102,32.78,32.78,0.0,510.833556,0.0
2019-01-23,16,0,103,28.5,28.5,0.0,444.135337,0.0
2019-01-23,16,0,104,5.29,5.29,0.0,82.437752,0.0
2019-01-23,16,0,106,243.54,243.54,0.0,-93596.20098,0.0
2019-01-23,16,0,109,60.0,60.0,0.0,602.177504,0.0
2019-01-23,16,0,110,30.06,30.06,0.0,950.970201,0.0
2019-01-23,16,0,111,19.65,19.65,0.0,-23.816983,0.0
2019-01-23,16,0,113,13.19,13.19,0.0,483.251071,0.0
2019-01-23,16,0,115,13.19,13.19,0.0,483.251071,0.0
2019-01-23,16,0,116,109.8,109.8,0.0,3473.603727,0.0
2019-01-23,16,0,117,0.88,0.88,0.0,32.241163,0.0
2019-01-23,16,0,119,31.83,31.83,0.0,1024.57969,0.0
2019-01-23,16,0,120,18.72,18.72,0.0,602.580326,0.0
2019-01-23,16,0,123,4.06,4.06,0.0,-1560.320999,0.0
2019-01-23,16,0,125,52.26,52.26,0.0,-20084.328912,0.0
2019-01-23,16,0,126,182.66,182.66,0.0,-70199.072313,0.0
2019-01-23,16,0,127,234.41,234.41,0.0,-90087.400311,0.0
2019-01-23,16,0,128,74.85,74.85,0.0,-28766.016438,0.0
2019-01-23,16,0,131,18.31,18.31,0.0,756.705214,0.0
2019-01-23,16,0,132,26.92,26.92,0.0,1112.534372,0.0
2019-01-23,16,0,133,50.5,50.5,0.0,928.552265,0.0
2019-01-23,16,0,134,0.0,0.0,0.0,0.0,0.0
2019-01-23,16,0,135,64.2,64.2,0.0,1180.456543,0.0
2019-01-23,16,0,136,45.9,45.9,0.0,835.274734,0.0
2019-01-23,16,0,139,48.47,48.47,0.0,-58.748557,0.0
2019-01-23,16,0,140,22.24,22.24,0.0,703.578751,0.0
2019-01-23,16,0,141,230.0,230.0,0.0,4493.083177,0.0
2019-01-23,16,0,142,415.78,415.78,0.0,8122.322276,0.0
2019-01-23,16,0,143,238.5,238.5,0.0,-238500.0,0.0
2019-01-23,16,0,145,16.04,16.04,0.0,96.61756,0.0
2019-01-23,16,0,146,56.59,56.59,0.0,1790.266256,0.0
2019-01-23,16,0,152,8.74,8.74,0.0,121.136699,0.0
2019-01-23,16,0,153,10.85,10.85,0.0,148.207018,0.0
2019-01-23,16,0,154,81.07,81.07,0.0,-98.261719,0.0
2019-01-23,16,0,157,65.51,65.51,0.0,1279.7473,0.0
2019-01-23,16,0,158,297.69,297.69,0.0,5815.417091,0.0
2019-01-23,16,0,159,0.0,0.0,0.0,0.0,0.0
2019-01-23,16,0,160,2.68,2.68,0.0,38.868059,0.0
2019-01-23,16,0,161,59.14,59.14,0.0,921.619783,0.0
2019-01-23,16,0,162,162.5,162.5,0.0,4943.076422,0.0
2019-01-23,16,0,163,14.66,14.66,0.0,463.779878,0.0
2019-01-23,16,0,164,22.75,22.75,0.0,-22750.0,0.0
2019-01-23,16,0,167,5.26,5.26,0.0,159.585793,0.0
2019-01-23,16,0,168,2.63,2.63,0.0,79.792897,0.0
2019-01-23,16,0,169,0.0,0.0,0.0,0.0,0.0
2019-01-23,16,0,170,5.75,5.75,0.0,174.45215,0.0
2019-01-23,16,0,172,7.24,7.24,0.0,222.739093,0.0
2019-01-23,16,0,173,11.03,11.03,0.0,339.338701,0.0
2019-01-23,16,0,188,9.6,9.6,0.0,305.726036,0.0
2019-01-23,16,0,190,8.64,8.64,0.0,278.113997,0.0
2019-01-23,16,0,191,22.32,22.32,0.0,718.461158,0.0
2019-01-23,16,0,192,32.51,32.51,0.0,1046.468291,0.0
2019-01-23,16,0,194,41.33,41.33,0.0,1419.740338,0.0
2019-01-23,16,0,196,5.78,5.78,0.0,185.075453,0.0
2019-01-23,16,0,198,11.54,11.54,0.0,192.916915,0.0
2019-01-23,16,0,199,130.0,130.0,0.0,3136.338469,0.0
2019-01-23,16,0,200,18.95,18.95,0.0,457.181646,0.0
2019-01-23,16,0,204,257.1,257.1,0.0,2506.030151,0.0
2019-01-23,16,0,205,317.4,317.4,0.0,3185.518994,0.0
2019-01-23,16,0,206,217.57,217.57,0.0,10955.632116,0.0
2019-01-23,16,0,210,2.46,2.46,0.0,27.40655,0.0
2019-01-23,16,0,214,14.16,14.16,0.0,352.293732,0.0
2019-01-23,16,0,217,9.48,9.48,0.0,179.613767,0.0
2019-01-23,16,0,218,13.08,13.08,0.0,247.821527,0.0
2019-01-23,16,0,219,8.91,8.91,0.0,168.814205,0.0
2019-01-23,16,0,221,7.55,7.55,0.0,187.840232,0.0
2019-01-23,16,0,225,7.3,7.3,0.0,71.980661,0.0
2019-01-23,16,0,233,8.45,8.45,0.0,189.840776,0.0
2019-01-23,16,0,236,151.58,151.58,0.0,2449.183828,0.0
2019-01-23,16,0,237,170.91,170.91,0.0,2271.949571,0.0
2019-01-23,16,0,238,92.14,92.14,0.0,1610.980043,0.0
2019-01-23,16,0,240,13.02,13.02,0.0,158.284356,0.0
2019-01-23,16,0,245,78.0,78.0,0.0,1480.280496,0.0
2019-01-23,16,0,247,171.72,171.72,0.0,3258.894446,0.0
2019-01-23,16,0,248,20.13,20.13,0.0,267.593148,0.0
2019-01-23,16,0,249,150.0,150.0,0.0,2846.693262,0.0
2019-01-23,16,0,251,326.4,326.4,0.0,5854.327061,0.0
2019-01-23,16,0,252,267.06,267.06,0.0,4862.296861,0.0
2019-01-23,16,0,254,18.89,18.89,0.0,248.527786,0.0
2019-01-23,16,0,255,8.66,8.66,0.0,113.935978,0.0
2019-01-23,16,0,258,15.96,15.96,0.0,195.439867,0.0
2019-01-23,16,0,260,6.52,6.52,0.0,94.559607,0.0
2019-01-23,16,0,265,83.93,83.93,0.0,-101.728211,0.0
2019-01-23,16,0,266,30.9,30.9,0.0,-37.45266,0.0
2019-01-23,16,0,267,38.28,38.28,0.0,-46.397664,0.0
2019-01-23,16,0,270,39.63,39.63,0.0,1253.724187,0.0
2019-01-23,16,0,272,44.1,44.1,0.0,1615.721927,0.0
2019-01-23,16,0,273,26.26,26.26,0.0,830.754407,0.0
2019-01-23,16,0,274,49.45,49.45,0.0,1564.387107,0.0
2019-01-23,16,0,275,66.3,66.3,0.0,2097.449245,0.0
2019-01-23,16,0,276,6.04,6.04,0.0,174.760929,0.0
2019-01-23,16,0,277,7.74,7.74,0.0,293.437223,0.0
2019-01-23,16,0,278,12.38,12.38,0.0,469.34791,0.0
2019-01-23,16,0,279,160.1,160.1,0.0,6069.676926,0.0
2019-01-23,16,0,281,56.1,56.1,0.0,-56100.0,0.0
2019-01-23,16,0,282,326.76,326.76,0.0,-326760.0,0.0
2019-01-23,17,0,9,2.13,2.13,0.0,25.500494,0.0
2019-01-23,17,0,17,35.54,35.54,0.0,605.98345,0.0
2019-01-23,17,0,19,284.63,284.63,0.0,4853.153331,0.0
2019-01-23,17,0,20,342.76,342.76,0.0,5844.313093,0.0
2019-01-23,17,0,21,48.75,48.75,0.0,583.638066,0.0
2019-01-23,17,0,22,173.25,173.25,0.0,2074.159896,0.0
2019-01-23,17,0,23,34.95,34.95,0.0,418.423598,0.0
2019-01-23,17,0,24,62.17,62.17,0.0,744.30315,0.0
2019-01-23,17,0,29,5.53,5.53,0.0,42.815344,0.0
2019-01-23,17,0,30,422.13,422.13,0.0,5043.444159,0.0
2019-01-23,17,0,31,96.88,96.88,0.0,1157.484353,0.0
2019-01-23,17,0,32,3.29,3.29,0.0,64.179983,0.0
2019-01-23,17,0,33,2.07,2.07,0.0,37.9828,0.0
2019-01-23,17,0,34,3.31,3.31,0.0,60.735781,0.0
2019-01-23,17,0,35,3.31,3.31,0.0,60.735781,0.0
2019-01-23,17,0,36,8.25,8.25,0.0,120.429472,0.0
2019-01-23,17,0,37,3.87,3.87,0.0,56.11287,0.0
2019-01-23,17,0,38,4.97,4.97,0.0,72.062265,0.0
2019-01-23,17,0,39,3.32,3.32,0.0,48.138173,0.0
2019-01-23,17,0,40,3.32,3.32,0.0,48.138173,0.0
2019-01-23,17,0,41,8.88,8.88,0.0,118.465762,0.0
2019-01-23,17,0,42,49.94,49.94,0.0,837.458302,0.0
2019-01-23,17,0,43,24.44,24.44,0.0,352.487535,0.0
2019-01-23,17,0,46,20.94,20.94,0.0,296.726826,0.0
2019-01-23,17,0,52,102.69,102.69,0.0,1226.899961,0.0
2019-01-23,17,0,53,163.14,163.14,0.0,1949.132921,0.0
2019-01-23,17,0,55,550.02,550.02,0.0,6584.874033,0.0
2019-01-23,17,0,56,124.51,124.51,0.0,1487.596788,0.0
2019-01-23,17,0,57,118.44,118.44,0.0,1415.074802,0.0
2019-01-23,17,0,58,227.77,227.77,0.0,2721.306887,0.0
2019-01-23,17,0,59,223.97,223.97,0.0,2675.905973,0.0
2019-01-23,17,0,63,26.64,26.64,0.0,522.991242,0.0
2019-01-23,17,0,64,31.33,31.33,0.0,615.064399,0.0
2019-01-23,17,0,65,41.4,41.4,0.0,703.736268,0.0
2019-01-23,17,0,67,222.0,222.0,0.0,2704.269036,0.0
2019-01-23,17,0,68,5.3,5.3,0.0,56.764821,0.0
2019-01-23,17,0,69,2.07,2.07,0.0,37.9828,0.0
2019-01-23,17,0,74,28.39,28.39,0.0,442.468864,0.0
2019-01-23,17,0,77,23.16,23.16,0.0,223.308199,0.0
2019-01-23,17,0,78,17.51,17.51,0.0,168.831026,0.0
2019-01-23,17,0,79,10.13,10.13,0.0,97.673232,0.0
2019-01-23,17,0,80,16.39,16.39,0.0,158.032011,0.0
2019-01-23,17,0,81,21.43,21.43,0.0,206.627578,0.0
2019-01-23,17,0,82,15.11,15.11,0.0,145.69028,0.0
2019-01-23,17,0,83,33.7,33.7,0.0,324.934642,0.0
2019-01-23,17,0,84,0.0,0.0,0.0,0.0,0.0
2019-01-23,17,0,86,10.48,10.48,0.0,192.299392,0.0
2019-01-23,17,0,87,53.52,53.52,0.0,982.048039,0.0
2019-01-23,17,0,88,14.01,14.01,0.0,135.084105,0.0
2019-01-23,17,0,89,13.47,13.47,0.0,129.877437,0.0
2019-01-23,17,0,90,18.08,18.08,0.0,174.326953,0.0
2019-01-23,17,0,91,64.5,64.5,0.0,621.907549,0.0
2019-01-23,17,0,92,23.2,23.2,0.0,223.693878,0.0
2019-01-23,17,0,95,114.72,114.72,0.0,2230.819859,0.0
2019-01-23,17,0,96,8.4,8.4,0.0,100.145238,0.0
2019-01-23,17,0,97,51.67,51.67,0.0,616.012434,0.0
2019-01-23,17,0,99,5.77,5.77,0.0,89.927627,0.0
2019-01-23,17,0,101,8.5,8.5,0.0,101.554676,0.0
2019-01-23,17,0,102,12.54,12.54,0.0,134.307708,0.0
2019-01-23,17,0,103,10.91,10.91,0.0,116.849848,0.0
2019-01-23,17,0,104,2.03,2.03,0.0,21.741997,0.0
2019-01-23,17,0,106,170.55,170.55,0.0,2041.835327,0.0
2019-01-23,17,0,109,51.31,51.31,0.0,718.965142,0.0
2019-01-23,17,0,110,31.56,31.56,0.0,526.616796,0.0
2019-01-23,17,0,111,14.91,14.91,0.0,198.910417,0.0
2019-01-23,17,0,113,7.25,7.25,0.0,64.01011,0.0
2019-01-23,17,0,115,7.25,7.25,0.0,64.01011,0.0
2019-01-23,17,0,116,79.04,79.04,0.0,1318.87806,0.0
2019-01-23,17,0,117,0.48,0.48,0.0,4.237911,0.0
2019-01-23,17,0,119,31.33,31.33,0.0,615.064399,0.0
2019-01-23,17,0,120,18.44,18.44,0.0,362.010454,0.0
2019-01-23,17,0,123,2.84,2.84,0.0,34.000659,0.0
2019-01-23,17,0,125,56.19,56.19,0.0,672.710214,0.0
2019-01-23,17,0,126,127.91,127.91,0.0,1531.346565,0.0
2019-01-23,17,0,127,164.16,164.16,0.0,1965.333845,0.0
2019-01-23,17,0,128,80.88,80.88,0.0,968.300447,0.0
2019-01-23,17,0,131,12.71,12.71,0.0,131.135067,0.0
2019-01-23,17,0,132,18.69,18.69,0.0,192.833549,0.0
2019-01-23,17,0,133,111.85,111.85,0.0,1907.676706,0.0
2019-01-23,17,0,134,0.0,0.0,0.0,0.0,0.0
2019-01-23,17,0,135,146.43,146.43,0.0,2497.46178,0.0
2019-01-23,17,0,136,45.9,45.9,0.0,780.097595,0.0
2019-01-23,17,0,139,11.47,11.47,0.0,153.018275,0.0
2019-01-23,17,0,140,23.36,23.36,0.0,389.789872,0.0
2019-01-23,17,0,141,177.92,177.92,0.0,2167.313274,0.0
2019-01-23,17,0,142,292.77,292.77,0.0,3566.346151,0.0
2019-01-23,17,0,143,203.11,203.11,0.0,2426.67885,0.0
2019-01-23,17,0,145,8.98,8.98,0.0,114.187184,0.0
2019-01-23,17,0,146,55.44,55.44,0.0,925.083498,0.0
2019-01-23,17,0,152,6.18,6.18,0.0,95.982103,0.0
2019-01-23,17,0,153,7.65,7.65,0.0,118.282164,0.0
2019-01-23,17,0,154,61.52,61.52,0.0,820.722259,0.0
2019-01-23,17,0,157,56.98,56.98,0.0,694.095719,0.0
2019-01-23,17,0,158,212.36,212.36,0.0,2586.840416,0.0
2019-01-23,17,0,159,0.0,0.0,0.0,0.0,0.0
2019-01-23,17,0,160,1.9,1.9,0.0,27.328319,0.0
2019-01-23,17,0,161,42.11,42.11,0.0,451.012568,0.0
2019-01-23,17,0,162,125.3,125.3,0.0,2437.393253,0.0
2019-01-23,17,0,163,7.91,7.91,0.0,131.987923,0.0
2019-01-23,17,0,164,16.53,16.53,0.0,197.493976,0.0
2019-01-23,17,0,167,3.66,3.66,0.0,71.177188,0.0
2019-01-23,17,0,168,1.83,1.83,0.0,35.588594,0.0
2019-01-23,17,0,169,0.0,0.0,0.0,0.0,0.0
2019-01-23,17,0,170,4.01,4.01,0.0,77.983749,0.0
2019-01-23,17,0,172,5.06,5.06,0.0,94.069985,0.0
2019-01-23,17,0,173,7.7,7.7,0.0,143.149977,0.0
2019-01-23,17,0,188,6.73,6.73,0.0,128.739495,0.0
2019-01-23,17,0,190,6.14,6.14,0.0,120.539273,0.0
2019-01-23,17,0,191,15.86,15.86,0.0,311.360401,0.0
2019-01-23,17,0,192,10.35,10.35,0.0,203.189165,0.0
2019-01-23,17,0,194,23.84,23.84,0.0,166.294962,0.0
2019-01-23,17,0,196,4.14,4.14,0.0,76.756083,0.0
2019-01-23,17,0,198,8.15,8.15,0.0,111.640679,0.0
2019-01-23,17,0,199,130.0,130.0,0.0,1338.723911,0.0
2019-01-23,17,0,200,13.39,13.39,0.0,137.888563,0.0
2019-01-23,17,0,204,247.51,247.51,0.0,3433.666309,0.0
2019-01-23,17,0,205,271.41,271.41,0.0,3803.04676,0.0
2019-01-23,17,0,206,151.82,151.82,0.0,1810.005956,0.0
2019-01-23,17,0,210,1.7,1.7,0.0,14.103273,0.0
2019-01-23,17,0,214,9.91,9.91,0.0,189.475434,0.0
2019-01-23,17,0,217,6.54,6.54,0.0,94.15053,0.0
2019-01-23,17,0,218,9.03,9.03,0.0,129.996833,0.0
2019-01-23,17,0,219,6.15,6.15,0.0,88.536049,0.0
2019-01-23,17,0,221,5.29,5.29,0.0,101.14279,0.0
2019-01-23,17,0,225,5.04,5.04,0.0,38.752095,0.0
2019-01-23,17,0,233,5.93,5.93,0.0,108.810629,0.0
2019-01-23,17,0,236,83.35,83.35,0.0,1360.802269,0.0
2019-01-23,17,0,237,70.15,70.15,0.0,1093.314223,0.0
2019-01-23,17,0,238,65.0,65.0,0.0,1090.003797,0.0
2019-01-23,17,0,240,9.35,9.35,0.0,136.486735,0.0
2019-01-23,17,0,245,78.0,78.0,0.0,1344.954511,0.0
2019-01-23,17,0,247,171.72,171.72,0.0,2960.969085,0.0
2019-01-23,17,0,248,7.14,7.14,0.0,111.279594,0.0
2019-01-23,17,0,249,150.0,150.0,0.0,2586.450983,0.0
2019-01-23,17,0,251,326.4,326.4,0.0,5520.279009,0.0
2019-01-23,17,0,252,267.06,267.06,0.0,4539.608883,0.0
2019-01-23,17,0,254,13.4,13.4,0.0,193.130446,0.0
2019-01-23,17,0,255,6.14,6.14,0.0,88.4941,0.0
2019-01-23,17,0,258,11.54,11.54,0.0,168.129222,0.0
2019-01-23,17,0,260,4.61,4.61,0.0,66.307131,0.0
2019-01-23,17,0,265,63.69,63.69,0.0,849.671662,0.0
2019-01-23,17,0,266,7.43,7.43,0.0,99.12169,0.0
2019-01-23,17,0,267,9.13,9.13,0.0,121.800946,0.0
2019-01-23,17,0,270,24.69,24.69,0.0,411.982532,0.0
2019-01-23,17,0,272,24.24,24.24,0.0,214.014493,0.0
2019-01-23,17,0,273,18.9,18.9,0.0,315.369374,0.0
2019-01-23,17,0,274,31.83,31.83,0.0,531.122073,0.0
2019-01-23,17,0,275,44.3,44.3,0.0,739.199115,0.0
2019-01-23,17,0,276,4.33,4.33,0.0,67.896043,0.0
2019-01-23,17,0,277,5.5,5.5,0.0,50.352083,0.0
2019-01-23,17,0,278,8.8,8.8,0.0,80.563334,0.0
2019-01-23,17,0,279,41.96,41.96,0.0,384.140622,0.0
2019-01-23,17,0,281,43.48,43.48,0.0,519.482036,0.0
2019-01-23,17,0,282,231.57,231.57,0.0,2766.707801,0.0
2019-01-23,18,0,9,1.19,1.19,0.0,13.516846,0.0
2019-01-23,18,0,17,18.5,18.5,0.0,212.752114,0.0
2019-01-23,18,0,19,332.94,332.94,0.0,3828.848039,0.0
2019-01-23,18,0,20,405.43,405.43,0.0,4662.491321,0.0
2019-01-23,18,0,21,27.26,27.26,0.0,309.638003,0.0
2019-01-23,18,0,22,96.89,96.89,0.0,1100.543877,0.0
2019-01-23,18,0,23,39.14,39.14,0.0,444.57929,0.0
2019-01-23,18,0,24,69.46,69.46,0.0,788.974897,0.0
2019-01-23,18,0,29,2.49,2.49,0.0,28.762063,0.0
2019-01-23,18,0,30,244.71,244.71,0.0,2779.36659,0.0
2019-01-23,18,0,31,48.92,48.92,0.0,555.623446,0.0
2019-01-23,18,0,32,1.52,1.52,0.0,41.601255,0.0
2019-01-23,18,0,33,1.06,1.06,0.0,12.216507,0.0
2019-01-23,18,0,34,1.69,1.69,0.0,19.477261,0.0
2019-01-23,18,0,35,1.69,1.69,0.0,19.477261,0.0
2019-01-23,18,0,36,4.3,4.3,0.0,49.288138,0.0
2019-01-23,18,0,37,2.01,2.01,0.0,23.038569,0.0
2019-01-23,18,0,38,2.59,2.59,0.0,29.686515,0.0
2019-01-23,18,0,39,1.73,1.73,0.0,19.829216,0.0
2019-01-23,18,0,40,1.73,1.73,0.0,19.829216,0.0
2019-01-23,18,0,41,4.83,4.83,0.0,55.088112,0.0
2019-01-23,18,0,42,28.03,28.03,0.0,322.196959,0.0
2019-01-23,18,0,43,12.52,12.52,0.0,143.594726,0.0
2019-01-23,18,0,46,10.75,10.75,0.0,123.114093,0.0
2019-01-23,18,0,52,51.86,51.86,0.0,589.015371,0.0
2019-01-23,18,0,53,82.4,82.4,0.0,935.882502,0.0
2019-01-23,18,0,55,274.25,274.25,0.0,3115.121874,0.0
2019-01-23,18,0,56,72.18,72.18,0.0,819.805813,0.0
2019-01-23,18,0,57,68.66,68.66,0.0,779.826366,0.0
2019-01-23,18,0,58,132.04,132.04,0.0,1499.683562,0.0
2019-01-23,18,0,59,129.84,129.84,0.0,1474.696408,0.0
2019-01-23,18,0,63,20.91,20.91,0.0,568.524499,0.0
2019-01-23,18,0,64,24.59,24.59,0.0,668.580461,0.0
2019-01-23,18,0,65,41.4,41.4,0.0,476.063234,0.0
2019-01-23,18,0,67,123.73,123.73,0.0,1917.558439,0.0
2019-01-23,18,0,68,1.86,1.86,0.0,24.531532,0.0
2019-01-23,18,0,69,1.06,1.06,0.0,12.216507,0.0
2019-01-23,18,0,74,7.2,7.2,0.0,82.588709,0.0
2019-01-23,18,0,77,16.33,16.33,0.0,184.079639,0.0
2019-01-23,18,0,78,12.35,12.35,0.0,139.215158,0.0
2019-01-23,18,0,79,7.15,7.15,0.0,80.59825,0.0
2019-01-23,18,0,80,11.56,11.56,0.0,130.309897,0.0
2019-01-23,18,0,81,15.11,15.11,0.0,170.32721,0.0
2019-01-23,18,0,82,10.66,10.66,0.0,120.164663,0.0
2019-01-23,18,0,83,23.77,23.77,0.0,267.946908,0.0
2019-01-23,18,0,84,0.0,0.0,0.0,0.0,0.0
2019-01-23,18,0,86,5.36,5.36,0.0,61.774035,0.0
2019-01-23,18,0,87,27.35,27.35,0.0,315.208927,0.0
2019-01-23,18,0,88,9.71,9.71,0.0,109.455805,0.0
2019-01-23,18,0,89,9.33,9.33,0.0,105.172261,0.0
2019-01-23,18,0,90,12.53,12.53,0.0,141.244205,0.0
2019-01-23,18,0,91,44.7,44.7,0.0,503.879966,0.0
2019-01-23,18,0,92,16.08,16.08,0.0,181.261518,0.0
2019-01-23,18,0,95,63.59,63.59,0.0,1736.264798,0.0
2019-01-23,18,0,96,5.72,5.72,0.0,64.96124,0.0
2019-01-23,18,0,97,35.19,35.19,0.0,399.647907,0.0
2019-01-23,18,0,99,1.39,1.39,0.0,15.944209,0.0
2019-01-23,18,0,101,4.93,4.93,0.0,55.993941,0.0
2019-01-23,18,0,102,4.4,4.4,0.0,58.031582,0.0
2019-01-23,18,0,103,3.83,3.83,0.0,50.513854,0.0
2019-01-23,18,0,104,0.71,0.71,0.0,9.364187,0.0
2019-01-23,18,0,106,95.38,95.38,0.0,1083.392249,0.0
2019-01-23,18,0,109,27.42,27.42,0.0,313.581976,0.0
2019-01-23,18,0,110,46.54,46.54,0.0,1050.342936,0.0
2019-01-23,18,0,111,8.29,8.29,0.0,94.550817,0.0
2019-01-23,18,0,113,3.78,3.78,0.0,40.761247,0.0
2019-01-23,18,0,115,3.78,3.78,0.0,40.761247,0.0
2019-01-23,18,0,116,41.03,41.03,0.0,925.989915,0.0
2019-01-23,18,0,117,0.25,0.25,0.0,2.69585,0.0
2019-01-23,18,0,119,24.59,24.59,0.0,668.580461,0.0
2019-01-23,18,0,120,14.46,14.46,0.0,393.154675,0.0
2019-01-23,18,0,123,1.59,1.59,0.0,18.060324,0.0
2019-01-23,18,0,125,62.82,62.82,0.0,713.553167,0.0
2019-01-23,18,0,126,71.53,71.53,0.0,812.487393,0.0
2019-01-23,18,0,127,91.8,91.8,0.0,1042.728124,0.0
2019-01-23,18,0,128,90.2,90.2,0.0,1024.554214,0.0
2019-01-23,18,0,131,8.43,8.43,0.0,105.984924,0.0
2019-01-23,18,0,132,12.39,12.39,0.0,155.771436,0.0
2019-01-23,18,0,133,139.8,139.8,0.0,1607.729174,0.0
2019-01-23,18,0,134,0.0,0.0,0.0,0.0,0.0
2019-01-23,18,0,135,187.33,187.33,0.0,2154.334093,0.0
2019-01-23,18,0,136,45.9,45.9,0.0,527.806712,0.0
2019-01-23,18,0,139,6.23,6.23,0.0,71.055681,0.0
2019-01-23,18,0,140,34.44,34.44,0.0,777.2628,0.0
2019-01-23,18,0,141,94.85,94.85,0.0,1469.978323,0.0
2019-01-23,18,0,142,163.17,163.17,0.0,2528.796657,0.0
2019-01-23,18,0,143,100.78,100.78,0.0,1144.638817,0.0
2019-01-23,18,0,145,4.62,4.62,0.0,52.60756,0.0
2019-01-23,18,0,146,57.14,57.14,0.0,1289.570162,0.0
2019-01-23,18,0,152,3.28,3.28,0.0,37.627572,0.0
2019-01-23,18,0,153,4.05,4.05,0.0,46.455711,0.0
2019-01-23,18,0,154,34.21,34.21,0.0,390.178946,0.0
2019-01-23,18,0,157,51.33,51.33,0.0,795.508564,0.0
2019-01-23,18,0,158,118.44,118.44,0.0,1835.574408,0.0
2019-01-23,18,0,159,0.0,0.0,0.0,0.0,0.0
2019-01-23,18,0,160,0.96,0.96,0.0,11.031886,0.0
2019-01-23,18,0,161,22.92,22.92,0.0,302.291784,0.0
2019-01-23,18,0,162,72.33,72.33,0.0,1975.099531,0.0
2019-01-23,18,0,163,4.28,4.28,0.0,96.593635,0.0
2019-01-23,18,0,164,9.96,9.96,0.0,113.123662,0.0
2019-01-23,18,0,167,1.65,1.65,0.0,45.067299,0.0
2019-01-23,18,0,168,0.83,0.83,0.0,22.670217,0.0
2019-01-23,18,0,169,0.0,0.0,0.0,0.0,0.0
2019-01-23,18,0,170,1.81,1.81,0.0,49.437462,0.0
2019-01-23,18,0,172,2.31,2.31,0.0,61.997987,0.0
2019-01-23,18,0,173,3.53,3.53,0.0,94.741513,0.0
2019-01-23,18,0,188,3.13,3.13,0.0,84.440501,0.0
2019-01-23,18,0,190,3.04,3.04,0.0,82.654925,0.0
2019-01-23,18,0,191,7.85,7.85,0.0,213.434592,0.0
2019-01-23,18,0,192,0.0,0.0,0.0,0.0,0.0
2019-01-23,18,0,194,23.11,23.11,0.0,198.940294,0.0
2019-01-23,18,0,196,2.11,2.11,0.0,53.556262,0.0
2019-01-23,18,0,198,3.99,3.99,0.0,46.002659,0.0
2019-01-23,18,0,199,75.37,75.37,0.0,811.912293,0.0
2019-01-23,18,0,200,6.43,6.43,0.0,69.266234,0.0
2019-01-23,18,0,204,129.1,129.1,0.0,1475.963334,0.0
2019-01-23,18,0,205,145.07,145.07,0.0,1659.056794,0.0
2019-01-23,18,0,206,103.4,103.4,0.0,1174.299334,0.0
2019-01-23,18,0,210,0.77,0.77,0.0,8.89819,0.0
2019-01-23,18,0,214,4.75,4.75,0.0,54.813704,0.0
2019-01-23,18,0,217,3.05,3.05,0.0,35.218702,0.0
2019-01-23,18,0,218,4.2,4.2,0.0,48.497884,0.0
2019-01-23,18,0,219,2.86,2.86,0.0,33.02475,0.0
2019-01-23,18,0,221,2.53,2.53,0.0,29.19551,0.0
2019-01-23,18,0,225,2.3,2.3,0.0,26.566243,0.0
2019-01-23,18,0,233,3.03,3.03,0.0,34.92077,0.0
2019-01-23,18,0,236,40.12,40.12,0.0,460.83589,0.0
2019-01-23,18,0,237,17.26,17.26,0.0,197.983489,0.0
2019-01-23,18,0,238,36.49,36.49,0.0,419.442278,0.0
2019-01-23,18,0,240,4.87,4.87,0.0,55.821682,0.0
2019-01-23,18,0,245,78.0,78.0,0.0,897.296408,0.0
2019-01-23,18,0,247,114.29,114.29,0.0,1314.769313,0.0
2019-01-23,18,0,248,1.73,1.73,0.0,19.844231,0.0
2019-01-23,18,0,249,150.0,150.0,0.0,1725.570015,0.0
2019-01-23,18,0,251,326.4,326.4,0.0,3752.77299,0.0
2019-01-23,18,0,252,267.06,267.06,0.0,3070.95283,0.0
2019-01-23,18,0,254,6.79,6.79,0.0,77.914084,0.0
2019-01-23,18,0,255,3.11,3.11,0.0,35.686716,0.0
2019-01-23,18,0,258,6.0,6.0,0.0,68.780803,0.0
2019-01-23,18,0,260,2.33,2.33,0.0,26.775306,0.0
2019-01-23,18,0,265,35.42,35.42,0.0,403.979487,0.0
2019-01-23,18,0,266,4.04,4.04,0.0,46.077841,0.0
2019-01-23,18,0,267,4.96,4.96,0.0,56.570815,0.0
2019-01-23,18,0,270,13.37,13.37,0.0,301.742266,0.0
2019-01-23,18,0,272,12.63,12.63,0.0,136.194325,0.0
2019-01-23,18,0,273,9.81,9.81,0.0,221.398027,0.0
2019-01-23,18,0,274,17.23,17.23,0.0,388.857086,0.0
2019-01-23,18,0,275,23.99,23.99,0.0,541.420864,0.0
2019-01-23,18,0,276,2.27,2.27,0.0,47.647011,0.0
2019-01-23,18,0,277,2.91,2.91,0.0,31.950288,0.0
2019-01-23,18,0,278,4.65,4.65,0.0,51.054583,0.0
2019-01-23,18,0,279,24.74,24.74,0.0,271.632342,0.0
2019-01-23,18,0,281,21.94,21.94,0.0,249.190074,0.0
2019-01-23,18,0,282,134.24,134.24,0.0,1524.670717,0.0
2019-01-23,19,0,9,0.04,0.04,0.0,1.320708,0.0
2019-01-23,19,0,17,0.0,0.0,0.0,0.0,0.0
2019-01-23,19,0,19,615.51,615.51,0.0,5111.434058,0.0
2019-01-23,19,0,20,748.14,748.14,0.0,6212.845082,0.0
2019-01-23,19,0,21,0.98,0.98,0.0,32.357345,0.0
2019-01-23,19,0,22,3.47,3.47,0.0,114.571415,0.0
2019-01-23,19,0,23,21.7,21.7,0.0,716.484067,0.0
2019-01-23,19,0,24,38.4,38.4,0.0,1267.87964,0.0
2019-01-23,19,0,29,0.0,0.0,0.0,0.0,0.0
2019-01-23,19,0,30,18.07,18.07,0.0,597.995891,0.0
2019-01-23,19,0,31,12.89,12.89,0.0,426.572609,0.0
2019-01-23,19,0,32,0.0,0.0,0.0,0.0,0.0
2019-01-23,19,0,33,0.0,0.0,0.0,0.0,0.0
2019-01-23,19,0,34,0.0,0.0,0.0,0.0,0.0
2019-01-23,19,0,35,0.0,0.0,0.0,0.0,0.0
2019-01-23,19,0,36,0.0,0.0,0.0,0.0,0.0
2019-01-23,19,0,37,0.0,0.0,0.0,0.0,0.0
2019-01-23,19,0,38,0.0,0.0,0.0,0.0,0.0
2019-01-23,19,0,39,0.0,0.0,0.0,0.0,0.0
2019-01-23,19,0,40,0.0,0.0,0.0,0.0,0.0
2019-01-23,19,0,41,2.8,2.8,0.0,81.444215,0.0
2019-01-23,19,0,42,1.16,1.16,0.0,21.303535,0.0
2019-01-23,19,0,43,0.0,0.0,0.0,0.0,0.0
2019-01-23,19,0,46,0.0,0.0,0.0,0.0,0.0
2019-01-23,19,0,52,13.66,13.66,0.0,452.054448,0.0
2019-01-23,19,0,53,21.71,21.71,0.0,718.455495,0.0
2019-01-23,19,0,55,71.24,71.24,0.0,2352.180873,0.0
2019-01-23,19,0,56,5.33,5.33,0.0,176.387277,0.0
2019-01-23,19,0,57,5.07,5.07,0.0,167.78302,0.0
2019-01-23,19,0,58,9.75,9.75,0.0,322.659654,0.0
2019-01-23,19,0,59,9.59,9.59,0.0,317.364726,0.0
2019-01-23,19,0,63,6.85,6.85,0.0,310.779315,0.0
2019-01-23,19,0,64,8.06,8.06,0.0,365.676099,0.0
2019-01-23,19,0,65,31.08,31.08,0.0,459.50794,0.0
2019-01-23,19,0,67,4.29,4.29,0.0,180.032849,0.0
2019-01-23,19,0,68,1.45,1.45,0.0,59.907783,0.0
2019-01-23,19,0,69,0.0,0.0,0.0,0.0,0.0
2019-01-23,19,0,74,2.21,2.21,0.0,52.197791,0.0
2019-01-23,19,0,77,11.29,11.29,0.0,454.836847,0.0
2019-01-23,19,0,78,8.53,8.53,0.0,343.645554,0.0
2019-01-23,19,0,79,4.94,4.94,0.0,199.0163,0.0
2019-01-23,19,0,80,7.99,7.99,0.0,321.890736,0.0
2019-01-23,19,0,81,10.44,10.44,0.0,420.593152,0.0
2019-01-23,19,0,82,7.36,7.36,0.0,296.510115,0.0
2019-01-23,19,0,83,16.42,16.42,0.0,661.50762,0.0
2019-01-23,19,0,84,0.0,0.0,0.0,0.0,0.0
2019-01-23,19,0,86,0.0,0.0,0.0,0.0,0.0
2019-01-23,19,0,87,0.0,0.0,0.0,0.0,0.0
2019-01-23,19,0,88,6.94,6.94,0.0,279.589701,0.0
2019-01-23,19,0,89,6.67,6.67,0.0,268.712292,0.0
2019-01-23,19,0,90,8.95,8.95,0.0,360.565968,0.0
2019-01-23,19,0,91,31.93,31.93,0.0,1286.354343,0.0
2019-01-23,19,0,92,11.49,11.49,0.0,462.894187,0.0
2019-01-23,19,0,95,30.67,30.67,0.0,1428.125379,0.0
2019-01-23,19,0,96,3.8,3.8,0.0,126.054763,0.0
2019-01-23,19,0,97,23.38,23.38,0.0,775.568515,0.0
2019-01-23,19,0,99,0.43,0.43,0.0,10.156131,0.0
2019-01-23,19,0,101,0.36,0.36,0.0,11.913587,0.0
2019-01-23,19,0,102,4.16,4.16,0.0,171.873363,0.0
2019-01-23,19,0,103,3.49,3.49,0.0,144.191836,0.0
2019-01-23,19,0,104,0.5,0.5,0.0,20.657856,0.0
2019-01-23,19,0,106,3.41,3.41,0.0,112.590353,0.0
2019-01-23,19,0,109,12.69,12.69,0.0,335.960014,0.0
2019-01-23,19,0,110,79.64,79.64,0.0,3500.668966,0.0
2019-01-23,19,0,111,0.31,0.31,0.0,9.017038,0.0
2019-01-23,19,0,113,2.07,2.07,0.0,86.436207,0.0
2019-01-23,19,0,115,2.07,2.07,0.0,86.436207,0.0
2019-01-23,19,0,116,0.0,0.0,0.0,0.0,0.0
2019-01-23,19,0,117,0.14,0.14,0.0,5.845927,0.0
2019-01-23,19,0,119,8.06,8.06,0.0,365.676099,0.0
2019-01-23,19,0,120,4.74,4.74,0.0,215.050212,0.0
2019-01-23,19,0,123,0.06,0.06,0.0,1.981062,0.0
2019-01-23,19,0,125,34.75,34.75,0.0,1147.365038,0.0
2019-01-23,19,0,126,2.56,2.56,0.0,84.525309,0.0
2019-01-23,19,0,127,3.28,3.28,0.0,108.298053,0.0
2019-01-23,19,0,128,49.77,49.77,0.0,1643.290877,0.0
2019-01-23,19,0,131,5.28,5.28,0.0,217.230398,0.0
2019-01-23,19,0,132,7.76,7.76,0.0,319.262858,0.0
2019-01-23,19,0,133,103.78,103.78,0.0,2292.148858,0.0
2019-01-23,19,0,134,0.0,0.0,0.0,0.0,0.0
2019-01-23,19,0,135,140.63,140.63,0.0,3106.040604,0.0
2019-01-23,19,0,136,45.9,45.9,0.0,694.946097,0.0
2019-01-23,19,0,139,3.61,3.61,0.0,105.004863,0.0
2019-01-23,19,0,140,58.94,58.94,0.0,2590.776354,0.0
2019-01-23,19,0,141,42.93,42.93,0.0,1801.587458,0.0
2019-01-23,19,0,142,5.66,5.66,0.0,237.525856,0.0
2019-01-23,19,0,143,26.03,26.03,0.0,861.418542,0.0
2019-01-23,19,0,145,2.26,2.26,0.0,69.238595,0.0
2019-01-23,19,0,146,62.23,62.23,0.0,2735.392137,0.0
2019-01-23,19,0,152,0.0,0.0,0.0,0.0,0.0
2019-01-23,19,0,153,0.0,0.0,0.0,0.0,0.0
2019-01-23,19,0,154,1.27,1.27,0.0,36.940769,0.0
2019-01-23,19,0,157,49.05,49.05,0.0,2058.417536,0.0
2019-01-23,19,0,158,4.5,4.5,0.0,188.845645,0.0
2019-01-23,19,0,159,0.0,0.0,0.0,0.0,0.0
2019-01-23,19,0,160,0.0,0.0,0.0,0.0,0.0
2019-01-23,19,0,161,0.41,0.41,0.0,16.939442,0.0
2019-01-23,19,0,162,37.07,37.07,0.0,1725.343843,0.0
2019-01-23,19,0,163,5.38,5.38,0.0,236.484167,0.0
2019-01-23,19,0,164,1.08,1.08,0.0,35.740762,0.0
2019-01-23,19,0,167,0.0,0.0,0.0,0.0,0.0
2019-01-23,19,0,168,0.0,0.0,0.0,0.0,0.0
2019-01-23,19,0,169,0.0,0.0,0.0,0.0,0.0
2019-01-23,19,0,170,0.0,0.0,0.0,0.0,0.0
2019-01-23,19,0,172,0.0,0.0,0.0,0.0,0.0
2019-01-23,19,0,173,0.0,0.0,0.0,0.0,0.0
2019-01-23,19,0,188,0.0,0.0,0.0,0.0,0.0
2019-01-23,19,0,190,0.0,0.0,0.0,0.0,0.0
2019-01-23,19,0,191,0.0,0.0,0.0,0.0,0.0
2019-01-23,19,0,192,0.0,0.0,0.0,0.0,0.0
2019-01-23,19,0,194,18.37,18.37,0.0,783.374881,0.0
2019-01-23,19,0,196,0.0,0.0,0.0,0.0,0.0
2019-01-23,19,0,198,0.0,0.0,0.0,0.0,0.0
2019-01-23,19,0,199,34.62,34.62,0.0,959.484352,0.0
2019-01-23,19,0,200,0.0,0.0,0.0,0.0,0.0
2019-01-23,19,0,204,56.81,56.81,0.0,1520.745826,0.0
2019-01-23,19,0,205,67.13,67.13,0.0,1777.225826,0.0
2019-01-23,19,0,206,68.69,68.69,0.0,2278.605702,0.0
2019-01-23,19,0,210,0.0,0.0,0.0,0.0,0.0
2019-01-23,19,0,214,0.0,0.0,0.0,0.0,0.0
2019-01-23,19,0,217,0.0,0.0,0.0,0.0,0.0
2019-01-23,19,0,218,0.0,0.0,0.0,0.0,0.0
2019-01-23,19,0,219,0.0,0.0,0.0,0.0,0.0
2019-01-23,19,0,221,0.0,0.0,0.0,0.0,0.0
2019-01-23,19,0,225,0.0,0.0,0.0,0.0,0.0
2019-01-23,19,0,233,0.0,0.0,0.0,0.0,0.0
2019-01-23,19,0,236,16.46,16.46,0.0,367.463792,0.0
2019-01-23,19,0,237,5.3,5.3,0.0,125.180224,0.0
2019-01-23,19,0,238,1.51,1.51,0.0,27.731326,0.0
2019-01-23,19,0,240,0.0,0.0,0.0,0.0,0.0
2019-01-23,19,0,245,57.55,57.55,0.0,1130.072391,0.0
2019-01-23,19,0,247,38.73,38.73,0.0,760.516137,0.0
2019-01-23,19,0,248,0.53,0.53,0.0,12.518022,0.0
2019-01-23,19,0,249,110.67,110.67,0.0,2173.155717,0.0
2019-01-23,19,0,251,249.1,249.1,0.0,4228.330179,0.0
2019-01-23,19,0,252,200.48,200.48,0.0,2964.033199,0.0
2019-01-23,19,0,254,0.0,0.0,0.0,0.0,0.0
2019-01-23,19,0,255,0.0,0.0,0.0,0.0,0.0
2019-01-23,19,0,258,0.0,0.0,0.0,0.0,0.0
2019-01-23,19,0,260,0.0,0.0,0.0,0.0,0.0
2019-01-23,19,0,265,1.32,1.32,0.0,38.39513,0.0
2019-01-23,19,0,266,2.34,2.34,0.0,68.064094,0.0
2019-01-23,19,0,267,2.88,2.88,0.0,83.771193,0.0
2019-01-23,19,0,270,16.79,16.79,0.0,738.024007,0.0
2019-01-23,19,0,272,6.9,6.9,0.0,288.120691,0.0
2019-01-23,19,0,273,0.0,0.0,0.0,0.0,0.0
2019-01-23,19,0,274,21.64,21.64,0.0,951.211407,0.0
2019-01-23,19,0,275,30.13,30.13,0.0,1324.399246,0.0
2019-01-23,19,0,276,0.0,0.0,0.0,0.0,0.0
2019-01-23,19,0,277,0.0,0.0,0.0,0.0,0.0
2019-01-23,19,0,278,0.0,0.0,0.0,0.0,0.0
2019-01-23,19,0,279,15.66,15.66,0.0,644.680022,0.0
2019-01-23,19,0,281,5.79,5.79,0.0,191.610194,0.0
2019-01-23,19,0,282,9.91,9.91,0.0,327.954581,0.0
2019-01-23,20,0,9,0.0,0.0,0.0,0.0,0.0
2019-01-23,20,0,17,0.0,0.0,0.0,0.0,0.0
2019-01-23,20,0,19,490.7,490.7,0.0,8771.978607,0.0
2019-01-23,20,0,20,595.12,595.12,0.0,10638.638493,0.0
2019-01-23,20,0,21,0.0,0.0,0.0,0.0,0.0
2019-01-23,20,0,22,0.0,0.0,0.0,0.0,0.0
2019-01-23,20,0,23,17.99,17.99,0.0,449.232032,0.0
2019-01-23,20,0,24,31.82,31.82,0.0,794.583839,0.0
2019-01-23,20,0,29,0.0,0.0,0.0,0.0,0.0
2019-01-23,20,0,30,0.0,0.0,0.0,0.0,0.0
2019-01-23,20,0,31,7.98,7.98,0.0,199.632976,0.0
2019-01-23,20,0,32,0.0,0.0,0.0,0.0,0.0
2019-01-23,20,0,33,0.0,0.0,0.0,0.0,0.0
2019-01-23,20,0,34,0.0,0.0,0.0,0.0,0.0
2019-01-23,20,0,35,0.0,0.0,0.0,0.0,0.0
2019-01-23,20,0,36,0.0,0.0,0.0,0.0,0.0
2019-01-23,20,0,37,0.0,0.0,0.0,0.0,0.0
2019-01-23,20,0,38,0.0,0.0,0.0,0.0,0.0
2019-01-23,20,0,39,0.0,0.0,0.0,0.0,0.0
2019-01-23,20,0,40,0.0,0.0,0.0,0.0,0.0
2019-01-23,20,0,41,1.68,1.68,0.0,37.983547,0.0
2019-01-23,20,0,42,0.0,0.0,0.0,0.0,0.0
2019-01-23,20,0,43,0.0,0.0,0.0,0.0,0.0
2019-01-23,20,0,46,0.0,0.0,0.0,0.0,0.0
2019-01-23,20,0,52,8.46,8.46,0.0,211.640975,0.0
2019-01-23,20,0,53,13.44,13.44,0.0,336.22396,0.0
2019-01-23,20,0,55,50.28,50.28,0.0,1255.552338,0.0
2019-01-23,20,0,56,0.0,0.0,0.0,0.0,0.0
2019-01-23,20,0,57,0.0,0.0,0.0,0.0,0.0
2019-01-23,20,0,58,0.0,0.0,0.0,0.0,0.0
2019-01-23,20,0,59,0.0,0.0,0.0,0.0,0.0
2019-01-23,20,0,63,0.0,0.0,0.0,0.0,0.0
2019-01-23,20,0,64,0.0,0.0,0.0,0.0,0.0
2019-01-23,20,0,65,16.37,16.37,0.0,293.444819,0.0
2019-01-23,20,0,67,0.0,0.0,0.0,0.0,0.0
2019-01-23,20,0,68,1.29,1.29,0.0,38.653473,0.0
2019-01-23,20,0,69,0.0,0.0,0.0,0.0,0.0
2019-01-23,20,0,74,0.0,0.0,0.0,0.0,0.0
2019-01-23,20,0,77,13.5,13.5,0.0,396.119322,0.0
2019-01-23,20,0,78,10.25,10.25,0.0,300.757263,0.0
2019-01-23,20,0,79,5.96,5.96,0.0,174.879345,0.0
2019-01-23,20,0,80,9.6,9.6,0.0,281.684851,0.0
2019-01-23,20,0,81,12.5,12.5,0.0,366.77715,0.0
2019-01-23,20,0,82,8.86,8.86,0.0,259.971644,0.0
2019-01-23,20,0,83,19.48,19.48,0.0,571.585511,0.0
2019-01-23,20,0,84,0.0,0.0,0.0,0.0,0.0
2019-01-23,20,0,86,0.0,0.0,0.0,0.0,0.0
2019-01-23,20,0,87,0.0,0.0,0.0,0.0,0.0
2019-01-23,20,0,88,11.61,11.61,0.0,340.662617,0.0
2019-01-23,20,0,89,11.16,11.16,0.0,327.45864,0.0
2019-01-23,20,0,90,14.98,14.98,0.0,439.545737,0.0
2019-01-23,20,0,91,53.33,53.33,0.0,1564.818033,0.0
2019-01-23,20,0,92,19.21,19.21,0.0,563.663124,0.0
2019-01-23,20,0,95,21.82,21.82,0.0,723.517859,0.0
2019-01-23,20,0,96,2.9,2.9,0.0,72.686091,0.0
2019-01-23,20,0,97,20.95,20.95,0.0,525.094349,0.0
2019-01-23,20,0,99,0.0,0.0,0.0,0.0,0.0
2019-01-23,20,0,101,0.0,0.0,0.0,0.0,0.0
2019-01-23,20,0,102,3.05,3.05,0.0,91.389994,0.0
2019-01-23,20,0,103,2.65,2.65,0.0,79.404421,0.0
2019-01-23,20,0,104,0.49,0.49,0.0,14.682327,0.0
2019-01-23,20,0,106,0.0,0.0,0.0,0.0,0.0
2019-01-23,20,0,109,4.33,4.33,0.0,91.084752,0.0
2019-01-23,20,0,110,98.02,98.02,0.0,3094.129914,0.0
2019-01-23,20,0,111,0.0,0.0,0.0,0.0,0.0
2019-01-23,20,0,113,2.6,2.6,0.0,78.585849,0.0
2019-01-23,20,0,115,2.6,2.6,0.0,78.585849,0.0
2019-01-23,20,0,116,0.0,0.0,0.0,0.0,0.0
2019-01-23,20,0,117,0.17,0.17,0.0,5.138306,0.0
2019-01-23,20,0,119,0.0,0.0,0.0,0.0,0.0
2019-01-23,20,0,120,0.0,0.0,0.0,0.0,0.0
2019-01-23,20,0,123,0.0,0.0,0.0,0.0,0.0
2019-01-23,20,0,125,28.8,28.8,0.0,719.17079,0.0
2019-01-23,20,0,126,0.0,0.0,0.0,0.0,0.0
2019-01-23,20,0,127,0.0,0.0,0.0,0.0,0.0
2019-01-23,20,0,128,41.25,41.25,0.0,1030.06233,0.0
2019-01-23,20,0,131,4.87,4.87,0.0,145.41132,0.0
2019-01-23,20,0,132,7.16,7.16,0.0,213.787485,0.0
2019-01-23,20,0,133,55.7,55.7,0.0,995.460026,0.0
2019-01-23,20,0,134,0.0,0.0,0.0,0.0,0.0
2019-01-23,20,0,135,74.22,74.22,0.0,1326.446017,0.0
2019-01-23,20,0,136,28.2,28.2,0.0,505.582988,0.0
2019-01-23,20,0,139,2.25,2.25,0.0,50.870822,0.0
2019-01-23,20,0,140,72.55,72.55,0.0,2290.135945,0.0
2019-01-23,20,0,141,46.0,46.0,0.0,1396.485579,0.0
2019-01-23,20,0,142,0.0,0.0,0.0,0.0,0.0
2019-01-23,20,0,143,15.61,15.61,0.0,390.510121,0.0
2019-01-23,20,0,145,0.87,0.87,0.0,20.479028,0.0
2019-01-23,20,0,146,70.08,70.08,0.0,2212.167154,0.0
2019-01-23,20,0,152,0.0,0.0,0.0,0.0,0.0
2019-01-23,20,0,153,0.0,0.0,0.0,0.0,0.0
2019-01-23,20,0,154,0.0,0.0,0.0,0.0,0.0
2019-01-23,20,0,157,60.16,60.16,0.0,1826.36027,0.0
2019-01-23,20,0,158,0.0,0.0,0.0,0.0,0.0
2019-01-23,20,0,159,0.0,0.0,0.0,0.0,0.0
2019-01-23,20,0,160,0.0,0.0,0.0,0.0,0.0
2019-01-23,20,0,161,0.0,0.0,0.0,0.0,0.0
2019-01-23,20,0,162,20.57,20.57,0.0,681.800598,0.0
2019-01-23,20,0,163,15.34,15.34,0.0,484.227228,0.0
2019-01-23,20,0,164,0.0,0.0,0.0,0.0,0.0
2019-01-23,20,0,167,0.0,0.0,0.0,0.0,0.0
2019-01-23,20,0,168,0.0,0.0,0.0,0.0,0.0
2019-01-23,20,0,169,0.0,0.0,0.0,0.0,0.0
2019-01-23,20,0,170,0.0,0.0,0.0,0.0,0.0
2019-01-23,20,0,172,0.0,0.0,0.0,0.0,0.0
2019-01-23,20,0,173,0.0,0.0,0.0,0.0,0.0
2019-01-23,20,0,188,0.0,0.0,0.0,0.0,0.0
2019-01-23,20,0,190,0.0,0.0,0.0,0.0,0.0
2019-01-23,20,0,191,0.0,0.0,0.0,0.0,0.0
2019-01-23,20,0,192,11.61,11.61,0.0,376.483938,0.0
2019-01-23,20,0,194,5.95,5.95,0.0,182.996457,0.0
2019-01-23,20,0,196,0.0,0.0,0.0,0.0,0.0
2019-01-23,20,0,198,0.0,0.0,0.0,0.0,0.0
2019-01-23,20,0,199,19.52,19.52,0.0,418.519313,0.0
2019-01-23,20,0,200,0.0,0.0,0.0,0.0,0.0
2019-01-23,20,0,204,37.74,37.74,0.0,800.556443,0.0
2019-01-23,20,0,205,22.9,22.9,0.0,481.718436,0.0
2019-01-23,20,0,206,79.37,79.37,0.0,1989.343126,0.0
2019-01-23,20,0,210,0.0,0.0,0.0,0.0,0.0
2019-01-23,20,0,214,0.0,0.0,0.0,0.0,0.0
2019-01-23,20,0,217,0.0,0.0,0.0,0.0,0.0
2019-01-23,20,0,218,0.0,0.0,0.0,0.0,0.0
2019-01-23,20,0,219,0.0,0.0,0.0,0.0,0.0
2019-01-23,20,0,221,0.0,0.0,0.0,0.0,0.0
2019-01-23,20,0,225,0.0,0.0,0.0,0.0,0.0
2019-01-23,20,0,233,0.0,0.0,0.0,0.0,0.0
2019-01-23,20,0,236,4.56,4.56,0.0,84.581584,0.0
2019-01-23,20,0,237,0.0,0.0,0.0,0.0,0.0
2019-01-23,20,0,238,0.0,0.0,0.0,0.0,0.0
2019-01-23,20,0,240,0.0,0.0,0.0,0.0,0.0
2019-01-23,20,0,245,75.52,75.52,0.0,1336.336797,0.0
2019-01-23,20,0,247,25.56,25.56,0.0,452.287719,0.0
2019-01-23,20,0,248,0.0,0.0,0.0,0.0,0.0
2019-01-23,20,0,249,145.18,145.18,0.0,2568.980088,0.0
2019-01-23,20,0,251,131.65,131.65,0.0,2370.585231,0.0
2019-01-23,20,0,252,105.61,105.61,0.0,1893.14034,0.0
2019-01-23,20,0,254,0.0,0.0,0.0,0.0,0.0
2019-01-23,20,0,255,0.0,0.0,0.0,0.0,0.0
2019-01-23,20,0,258,0.0,0.0,0.0,0.0,0.0
2019-01-23,20,0,260,0.0,0.0,0.0,0.0,0.0
2019-01-23,20,0,265,0.0,0.0,0.0,0.0,0.0
2019-01-23,20,0,266,1.37,1.37,0.0,30.974678,0.0
2019-01-23,20,0,267,1.73,1.73,0.0,39.11401,0.0
2019-01-23,20,0,270,47.92,47.92,0.0,1512.657677,0.0
2019-01-23,20,0,272,8.69,8.69,0.0,262.658089,0.0
2019-01-23,20,0,273,0.0,0.0,0.0,0.0,0.0
2019-01-23,20,0,274,61.77,61.77,0.0,1949.8511,0.0
2019-01-23,20,0,275,85.99,85.99,0.0,2714.38718,0.0
2019-01-23,20,0,276,0.0,0.0,0.0,0.0,0.0
2019-01-23,20,0,277,0.0,0.0,0.0,0.0,0.0
2019-01-23,20,0,278,0.0,0.0,0.0,0.0,0.0
2019-01-23,20,0,279,52.28,52.28,0.0,1561.66925,0.0
2019-01-23,20,0,281,3.58,3.58,0.0,89.559656,0.0
2019-01-23,20,0,282,0.0,0.0,0.0,0.0,0.0
2019-01-23,21,0,9,0.0,0.0,0.0,0.0,0.0
2019-01-23,21,0,17,0.0,0.0,0.0,0.0,0.0
2019-01-23,21,0,19,301.66,301.66,0.0,4769.003841,0.0
2019-01-23,21,0,20,365.86,365.86,0.0,5783.954602,0.0
2019-01-23,21,0,21,0.0,0.0,0.0,0.0,0.0
2019-01-23,21,0,22,0.0,0.0,0.0,0.0,0.0
2019-01-23,21,0,23,17.79,17.79,0.0,307.593125,0.0
2019-01-23,21,0,24,31.47,31.47,0.0,544.123419,0.0
2019-01-23,21,0,29,0.0,0.0,0.0,0.0,0.0
2019-01-23,21,0,30,0.0,0.0,0.0,0.0,0.0
2019-01-23,21,0,31,5.25,5.25,0.0,90.831651,0.0
2019-01-23,21,0,32,0.0,0.0,0.0,0.0,0.0
2019-01-23,21,0,33,0.0,0.0,0.0,0.0,0.0
2019-01-23,21,0,34,0.0,0.0,0.0,0.0,0.0
2019-01-23,21,0,35,0.0,0.0,0.0,0.0,0.0
2019-01-23,21,0,36,0.0,0.0,0.0,0.0,0.0
2019-01-23,21,0,37,0.0,0.0,0.0,0.0,0.0
2019-01-23,21,0,38,0.0,0.0,0.0,0.0,0.0
2019-01-23,21,0,39,0.0,0.0,0.0,0.0,0.0
2019-01-23,21,0,40,0.0,0.0,0.0,0.0,0.0
2019-01-23,21,0,41,0.0,0.0,0.0,0.0,0.0
2019-01-23,21,0,42,0.0,0.0,0.0,0.0,0.0
2019-01-23,21,0,43,0.0,0.0,0.0,0.0,0.0
2019-01-23,21,0,46,0.0,0.0,0.0,0.0,0.0
2019-01-23,21,0,52,5.57,5.57,0.0,96.368057,0.0
2019-01-23,21,0,53,8.84,8.84,0.0,152.9432,0.0
2019-01-23,21,0,55,38.4,38.4,0.0,663.944687,0.0
2019-01-23,21,0,56,0.0,0.0,0.0,0.0,0.0
2019-01-23,21,0,57,0.0,0.0,0.0,0.0,0.0
2019-01-23,21,0,58,0.0,0.0,0.0,0.0,0.0
2019-01-23,21,0,59,0.0,0.0,0.0,0.0,0.0
2019-01-23,21,0,63,7.43,7.43,0.0,202.015162,0.0
2019-01-23,21,0,64,8.75,8.75,0.0,237.9048,0.0
2019-01-23,21,0,65,7.34,7.34,0.0,116.091161,0.0
2019-01-23,21,0,67,0.0,0.0,0.0,0.0,0.0
2019-01-23,21,0,68,1.88,1.88,0.0,30.626676,0.0
2019-01-23,21,0,69,0.0,0.0,0.0,0.0,0.0
2019-01-23,21,0,74,0.0,0.0,0.0,0.0,0.0
2019-01-23,21,0,77,33.3,33.3,0.0,611.254479,0.0
2019-01-23,21,0,78,25.22,25.22,0.0,462.938077,0.0
2019-01-23,21,0,79,14.63,14.63,0.0,268.548139,0.0
2019-01-23,21,0,80,23.62,23.62,0.0,433.568492,0.0
2019-01-23,21,0,81,30.82,30.82,0.0,565.731623,0.0
2019-01-23,21,0,82,21.79,21.79,0.0,399.97703,0.0
2019-01-23,21,0,83,48.28,48.28,0.0,886.227214,0.0
2019-01-23,21,0,84,0.0,0.0,0.0,0.0,0.0
2019-01-23,21,0,86,0.0,0.0,0.0,0.0,0.0
2019-01-23,21,0,87,0.0,0.0,0.0,0.0,0.0
2019-01-23,21,0,88,29.54,29.54,0.0,542.235955,0.0
2019-01-23,21,0,89,28.39,28.39,0.0,521.126566,0.0
2019-01-23,21,0,90,38.12,38.12,0.0,699.730352,0.0
2019-01-23,21,0,91,135.99,135.99,0.0,2496.231128,0.0
2019-01-23,21,0,92,48.91,48.91,0.0,897.791488,0.0
2019-01-23,21,0,95,18.77,18.77,0.0,491.626041,0.0
2019-01-23,21,0,96,3.16,3.16,0.0,54.708466,0.0
2019-01-23,21,0,97,19.43,19.43,0.0,336.387812,0.0
2019-01-23,21,0,99,0.0,0.0,0.0,0.0,0.0
2019-01-23,21,0,101,0.0,0.0,0.0,0.0,0.0
2019-01-23,21,0,102,4.46,4.46,0.0,72.656902,0.0
2019-01-23,21,0,103,3.88,3.88,0.0,63.208247,0.0
2019-01-23,21,0,104,0.72,0.72,0.0,11.729365,0.0
2019-01-23,21,0,106,0.0,0.0,0.0,0.0,0.0
2019-01-23,21,0,109,1.68,1.68,0.0,27.416847,0.0
2019-01-23,21,0,110,120.33,120.33,0.0,705.715664,0.0
2019-01-23,21,0,111,0.0,0.0,0.0,0.0,0.0
2019-01-23,21,0,113,11.32,11.32,0.0,216.36425,0.0
2019-01-23,21,0,115,11.32,11.32,0.0,216.36425,0.0
2019-01-23,21,0,116,0.0,0.0,0.0,0.0,0.0
2019-01-23,21,0,117,0.76,0.76,0.0,14.526222,0.0
2019-01-23,21,0,119,8.75,8.75,0.0,237.9048,0.0
2019-01-23,21,0,120,5.14,5.14,0.0,139.752077,0.0
2019-01-23,21,0,123,0.0,0.0,0.0,0.0,0.0
2019-01-23,21,0,125,28.48,28.48,0.0,492.425643,0.0
2019-01-23,21,0,126,0.0,0.0,0.0,0.0,0.0
2019-01-23,21,0,127,0.0,0.0,0.0,0.0,0.0
2019-01-23,21,0,128,40.79,40.79,0.0,705.268328,0.0
2019-01-23,21,0,131,6.04,6.04,0.0,102.536363,0.0
2019-01-23,21,0,132,8.88,8.88,0.0,150.748825,0.0
2019-01-23,21,0,133,33.05,33.05,0.0,522.472224,0.0
2019-01-23,21,0,134,0.0,0.0,0.0,0.0,0.0
2019-01-23,21,0,135,42.97,42.97,0.0,679.292934,0.0
2019-01-23,21,0,136,13.78,13.78,0.0,217.953031,0.0
2019-01-23,21,0,139,0.0,0.0,0.0,0.0,0.0
2019-01-23,21,0,140,89.06,89.06,0.0,522.322256,0.0
2019-01-23,21,0,141,58.79,58.79,0.0,806.850577,0.0
2019-01-23,21,0,142,0.0,0.0,0.0,0.0,0.0
2019-01-23,21,0,143,9.54,9.54,0.0,165.054087,0.0
2019-01-23,21,0,145,1.21,1.21,0.0,20.494069,0.0
2019-01-23,21,0,146,89.62,89.62,0.0,525.606564,0.0
2019-01-23,21,0,152,0.0,0.0,0.0,0.0,0.0
2019-01-23,21,0,153,0.0,0.0,0.0,0.0,0.0
2019-01-23,21,0,154,0.0,0.0,0.0,0.0,0.0
2019-01-23,21,0,157,81.22,81.22,0.0,1114.686237,0.0
2019-01-23,21,0,158,0.0,0.0,0.0,0.0,0.0
2019-01-23,21,0,159,0.0,0.0,0.0,0.0,0.0
2019-01-23,21,0,160,0.0,0.0,0.0,0.0,0.0
2019-01-23,21,0,161,0.0,0.0,0.0,0.0,0.0
2019-01-23,21,0,162,14.34,14.34,0.0,375.715009,0.0
2019-01-23,21,0,163,34.62,34.62,0.0,203.040607,0.0
2019-01-23,21,0,164,0.0,0.0,0.0,0.0,0.0
2019-01-23,21,0,167,0.0,0.0,0.0,0.0,0.0
2019-01-23,21,0,168,0.0,0.0,0.0,0.0,0.0
2019-01-23,21,0,169,0.0,0.0,0.0,0.0,0.0
2019-01-23,21,0,170,0.0,0.0,0.0,0.0,0.0
2019-01-23,21,0,172,0.0,0.0,0.0,0.0,0.0
2019-01-23,21,0,173,0.0,0.0,0.0,0.0,0.0
2019-01-23,21,0,188,0.0,0.0,0.0,0.0,0.0
2019-01-23,21,0,190,0.0,0.0,0.0,0.0,0.0
2019-01-23,21,0,191,0.0,0.0,0.0,0.0,0.0
2019-01-23,21,0,192,37.51,37.51,0.0,1019.863891,0.0
2019-01-23,21,0,194,7.43,7.43,0.0,161.458089,0.0
2019-01-23,21,0,196,0.0,0.0,0.0,0.0,0.0
2019-01-23,21,0,198,0.0,0.0,0.0,0.0,0.0
2019-01-23,21,0,199,10.01,10.01,0.0,162.274219,0.0
2019-01-23,21,0,200,0.0,0.0,0.0,0.0,0.0
2019-01-23,21,0,204,19.03,19.03,0.0,311.215873,0.0
2019-01-23,21,0,205,7.8,7.8,0.0,127.292505,0.0
2019-01-23,21,0,206,57.1,57.1,0.0,988.561198,0.0
2019-01-23,21,0,210,0.0,0.0,0.0,0.0,0.0
2019-01-23,21,0,214,0.0,0.0,0.0,0.0,0.0
2019-01-23,21,0,217,0.0,0.0,0.0,0.0,0.0
2019-01-23,21,0,218,0.0,0.0,0.0,0.0,0.0
2019-01-23,21,0,219,0.0,0.0,0.0,0.0,0.0
2019-01-23,21,0,221,0.0,0.0,0.0,0.0,0.0
2019-01-23,21,0,225,0.0,0.0,0.0,0.0,0.0
2019-01-23,21,0,233,0.0,0.0,0.0,0.0,0.0
2019-01-23,21,0,236,0.0,0.0,0.0,0.0,0.0
2019-01-23,21,0,237,0.0,0.0,0.0,0.0,0.0
2019-01-23,21,0,238,0.0,0.0,0.0,0.0,0.0
2019-01-23,21,0,240,0.0,0.0,0.0,0.0,0.0
2019-01-23,21,0,245,91.35,91.35,0.0,1441.808208,0.0
2019-01-23,21,0,247,15.83,15.83,0.0,249.850289,0.0
2019-01-23,21,0,248,0.0,0.0,0.0,0.0,0.0
2019-01-23,21,0,249,175.67,175.67,0.0,2772.659528,0.0
2019-01-23,21,0,251,59.55,59.55,0.0,942.544344,0.0
2019-01-23,21,0,252,47.36,47.36,0.0,749.056863,0.0
2019-01-23,21,0,254,0.0,0.0,0.0,0.0,0.0
2019-01-23,21,0,255,0.0,0.0,0.0,0.0,0.0
2019-01-23,21,0,258,0.0,0.0,0.0,0.0,0.0
2019-01-23,21,0,260,0.0,0.0,0.0,0.0,0.0
2019-01-23,21,0,265,0.0,0.0,0.0,0.0,0.0
2019-01-23,21,0,266,0.0,0.0,0.0,0.0,0.0
2019-01-23,21,0,267,0.0,0.0,0.0,0.0,0.0
2019-01-23,21,0,270,108.12,108.12,0.0,634.106022,0.0
2019-01-23,21,0,272,37.82,37.82,0.0,722.870667,0.0
2019-01-23,21,0,273,0.0,0.0,0.0,0.0,0.0
2019-01-23,21,0,274,139.38,139.38,0.0,817.440782,0.0
2019-01-23,21,0,275,194.02,194.02,0.0,1137.895397,0.0
2019-01-23,21,0,276,0.0,0.0,0.0,0.0,0.0
2019-01-23,21,0,277,0.0,0.0,0.0,0.0,0.0
2019-01-23,21,0,278,0.0,0.0,0.0,0.0,0.0
2019-01-23,21,0,279,100.83,100.83,0.0,1896.589311,0.0
2019-01-23,21,0,281,2.36,2.36,0.0,40.83099,0.0
2019-01-23,21,0,282,0.0,0.0,0.0,0.0,0.0
2019-01-23,22,0,9,0.0,0.0,0.0,0.0,0.0
2019-01-23,22,0,17,0.0,0.0,0.0,0.0,0.0
2019-01-23,22,0,19,172.5,172.5,0.0,3343.969084,0.0
2019-01-23,22,0,20,209.21,209.21,0.0,4055.604476,0.0
2019-01-23,22,0,21,0.0,0.0,0.0,0.0,0.0
2019-01-23,22,0,22,0.0,0.0,0.0,0.0,0.0
2019-01-23,22,0,23,21.21,21.21,0.0,342.171704,0.0
2019-01-23,22,0,24,37.52,37.52,0.0,605.293839,0.0
2019-01-23,22,0,29,0.0,0.0,0.0,0.0,0.0
2019-01-23,22,0,30,0.0,0.0,0.0,0.0,0.0
2019-01-23,22,0,31,4.21,4.21,0.0,67.865141,0.0
2019-01-23,22,0,32,0.0,0.0,0.0,0.0,0.0
2019-01-23,22,0,33,0.0,0.0,0.0,0.0,0.0
2019-01-23,22,0,34,0.0,0.0,0.0,0.0,0.0
2019-01-23,22,0,35,0.0,0.0,0.0,0.0,0.0
2019-01-23,22,0,36,0.0,0.0,0.0,0.0,0.0
2019-01-23,22,0,37,0.0,0.0,0.0,0.0,0.0
2019-01-23,22,0,38,0.0,0.0,0.0,0.0,0.0
2019-01-23,22,0,39,0.0,0.0,0.0,0.0,0.0
2019-01-23,22,0,40,0.0,0.0,0.0,0.0,0.0
2019-01-23,22,0,41,3.51,3.51,0.0,59.271033,0.0
2019-01-23,22,0,42,0.0,0.0,0.0,0.0,0.0
2019-01-23,22,0,43,0.0,0.0,0.0,0.0,0.0
2019-01-23,22,0,46,0.0,0.0,0.0,0.0,0.0
2019-01-23,22,0,52,4.46,4.46,0.0,71.895138,0.0
2019-01-23,22,0,53,7.09,7.09,0.0,114.290701,0.0
2019-01-23,22,0,55,63.74,63.74,0.0,1028.289693,0.0
2019-01-23,22,0,56,0.0,0.0,0.0,0.0,0.0
2019-01-23,22,0,57,0.0,0.0,0.0,0.0,0.0
2019-01-23,22,0,58,0.0,0.0,0.0,0.0,0.0
2019-01-23,22,0,59,0.0,0.0,0.0,0.0,0.0
2019-01-23,22,0,63,33.1,33.1,0.0,986.656006,0.0
2019-01-23,22,0,64,38.94,38.94,0.0,1160.736704,0.0
2019-01-23,22,0,65,2.54,2.54,0.0,49.137224,0.0
2019-01-23,22,0,67,0.0,0.0,0.0,0.0,0.0
2019-01-23,22,0,68,3.14,3.14,0.0,39.789914,0.0
2019-01-23,22,0,69,0.0,0.0,0.0,0.0,0.0
2019-01-23,22,0,74,0.0,0.0,0.0,0.0,0.0
2019-01-23,22,0,77,60.03,60.03,0.0,897.138372,0.0
2019-01-23,22,0,78,45.39,45.39,0.0,678.346006,0.0
2019-01-23,22,0,79,26.26,26.26,0.0,392.451335,0.0
2019-01-23,22,0,80,42.47,42.47,0.0,634.707091,0.0
2019-01-23,22,0,81,55.53,55.53,0.0,829.88662,0.0
2019-01-23,22,0,82,39.17,39.17,0.0,585.389139,0.0
2019-01-23,22,0,83,87.35,87.35,0.0,1305.431231,0.0
2019-01-23,22,0,84,0.0,0.0,0.0,0.0,0.0
2019-01-23,22,0,86,0.0,0.0,0.0,0.0,0.0
2019-01-23,22,0,87,0.0,0.0,0.0,0.0,0.0
2019-01-23,22,0,88,53.97,53.97,0.0,806.57268,0.0
2019-01-23,22,0,89,51.88,51.88,0.0,775.337977,0.0
2019-01-23,22,0,90,69.66,69.66,0.0,1041.057122,0.0
2019-01-23,22,0,91,248.48,248.48,0.0,3713.4923,0.0
2019-01-23,22,0,92,89.36,89.36,0.0,1335.470347,0.0
2019-01-23,22,0,95,20.78,20.78,0.0,588.0006,0.0
2019-01-23,22,0,96,5.36,5.36,0.0,86.332662,0.0
2019-01-23,22,0,97,32.97,32.97,0.0,531.04251,0.0
2019-01-23,22,0,99,0.0,0.0,0.0,0.0,0.0
2019-01-23,22,0,101,0.0,0.0,0.0,0.0,0.0
2019-01-23,22,0,102,7.43,7.43,0.0,94.152568,0.0
2019-01-23,22,0,103,6.46,6.46,0.0,81.860779,0.0
2019-01-23,22,0,104,1.2,1.2,0.0,15.206337,0.0
2019-01-23,22,0,106,0.0,0.0,0.0,0.0,0.0
2019-01-23,22,0,109,0.0,0.0,0.0,0.0,0.0
2019-01-23,22,0,110,145.39,145.39,0.0,286.490993,0.0
2019-01-23,22,0,111,0.0,0.0,0.0,0.0,0.0
2019-01-23,22,0,113,48.02,48.02,0.0,730.8386,0.0
2019-01-23,22,0,115,48.02,48.02,0.0,730.8386,0.0
2019-01-23,22,0,116,0.0,0.0,0.0,0.0,0.0
2019-01-23,22,0,117,3.2,3.2,0.0,48.702281,0.0
2019-01-23,22,0,119,38.94,38.94,0.0,1160.736704,0.0
2019-01-23,22,0,120,22.89,22.89,0.0,682.31287,0.0
2019-01-23,22,0,123,0.0,0.0,0.0,0.0,0.0
2019-01-23,22,0,125,33.95,33.95,0.0,547.700582,0.0
2019-01-23,22,0,126,0.0,0.0,0.0,0.0,0.0
2019-01-23,22,0,127,0.0,0.0,0.0,0.0,0.0
2019-01-23,22,0,128,48.63,48.63,0.0,784.526636,0.0
2019-01-23,22,0,131,9.15,9.15,0.0,122.385761,0.0
2019-01-23,22,0,132,13.45,13.45,0.0,179.900381,0.0
2019-01-23,22,0,133,32.52,32.52,0.0,630.533313,0.0
2019-01-23,22,0,134,0.0,0.0,0.0,0.0,0.0
2019-01-23,22,0,135,43.57,43.57,0.0,844.782794,0.0
2019-01-23,22,0,136,5.56,5.56,0.0,107.548024,0.0
2019-01-23,22,0,139,4.54,4.54,0.0,76.663957,0.0
2019-01-23,22,0,140,107.61,107.61,0.0,212.045503,0.0
2019-01-23,22,0,141,84.03,84.03,0.0,843.461779,0.0
2019-01-23,22,0,142,0.0,0.0,0.0,0.0,0.0
2019-01-23,22,0,143,6.6,6.6,0.0,106.391908,0.0
2019-01-23,22,0,145,9.24,9.24,0.0,152.473986,0.0
2019-01-23,22,0,146,122.75,122.75,0.0,241.878873,0.0
2019-01-23,22,0,152,0.0,0.0,0.0,0.0,0.0
2019-01-23,22,0,153,0.0,0.0,0.0,0.0,0.0
2019-01-23,22,0,154,0.0,0.0,0.0,0.0,0.0
2019-01-23,22,0,157,113.69,113.69,0.0,1141.177789,0.0
2019-01-23,22,0,158,0.0,0.0,0.0,0.0,0.0
2019-01-23,22,0,159,0.0,0.0,0.0,0.0,0.0
2019-01-23,22,0,160,0.0,0.0,0.0,0.0,0.0
2019-01-23,22,0,161,0.0,0.0,0.0,0.0,0.0
2019-01-23,22,0,162,9.39,9.39,0.0,265.861053,0.0
2019-01-23,22,0,163,66.35,66.35,0.0,130.742674,0.0
2019-01-23,22,0,164,0.0,0.0,0.0,0.0,0.0
2019-01-23,22,0,167,0.0,0.0,0.0,0.0,0.0
2019-01-23,22,0,168,0.0,0.0,0.0,0.0,0.0
2019-01-23,22,0,169,0.0,0.0,0.0,0.0,0.0
2019-01-23,22,0,170,0.0,0.0,0.0,0.0,0.0
2019-01-23,22,0,172,0.0,0.0,0.0,0.0,0.0
2019-01-23,22,0,173,0.0,0.0,0.0,0.0,0.0
2019-01-23,22,0,188,0.0,0.0,0.0,0.0,0.0
2019-01-23,22,0,190,0.0,0.0,0.0,0.0,0.0
2019-01-23,22,0,191,0.0,0.0,0.0,0.0,0.0
2019-01-23,22,0,192,89.37,89.37,0.0,2663.971217,0.0
2019-01-23,22,0,194,25.2,25.2,0.0,439.401615,0.0
2019-01-23,22,0,196,0.0,0.0,0.0,0.0,0.0
2019-01-23,22,0,198,0.0,0.0,0.0,0.0,0.0
2019-01-23,22,0,199,4.74,4.74,0.0,63.686718,0.0
2019-01-23,22,0,200,0.0,0.0,0.0,0.0,0.0
2019-01-23,22,0,204,0.0,0.0,0.0,0.0,0.0
2019-01-23,22,0,205,0.0,0.0,0.0,0.0,0.0
2019-01-23,22,0,206,96.88,96.88,0.0,1560.430644,0.0
2019-01-23,22,0,210,0.0,0.0,0.0,0.0,0.0
2019-01-23,22,0,214,0.0,0.0,0.0,0.0,0.0
2019-01-23,22,0,217,0.0,0.0,0.0,0.0,0.0
2019-01-23,22,0,218,0.0,0.0,0.0,0.0,0.0
2019-01-23,22,0,219,0.0,0.0,0.0,0.0,0.0
2019-01-23,22,0,221,0.0,0.0,0.0,0.0,0.0
2019-01-23,22,0,225,0.0,0.0,0.0,0.0,0.0
2019-01-23,22,0,233,0.0,0.0,0.0,0.0,0.0
2019-01-23,22,0,236,0.0,0.0,0.0,0.0,0.0
2019-01-23,22,0,237,0.0,0.0,0.0,0.0,0.0
2019-01-23,22,0,238,0.0,0.0,0.0,0.0,0.0
2019-01-23,22,0,240,0.0,0.0,0.0,0.0,0.0
2019-01-23,22,0,245,59.4,59.4,0.0,1160.21793,0.0
2019-01-23,22,0,247,9.0,9.0,0.0,175.790595,0.0
2019-01-23,22,0,248,0.0,0.0,0.0,0.0,0.0
2019-01-23,22,0,249,114.23,114.23,0.0,2231.173302,0.0
2019-01-23,22,0,251,45.36,45.36,0.0,874.529417,0.0
2019-01-23,22,0,252,16.36,16.36,0.0,316.490151,0.0
2019-01-23,22,0,254,0.0,0.0,0.0,0.0,0.0
2019-01-23,22,0,255,0.0,0.0,0.0,0.0,0.0
2019-01-23,22,0,258,0.0,0.0,0.0,0.0,0.0
2019-01-23,22,0,260,0.0,0.0,0.0,0.0,0.0
2019-01-23,22,0,265,0.0,0.0,0.0,0.0,0.0
2019-01-23,22,0,266,2.94,2.94,0.0,49.645822,0.0
2019-01-23,22,0,267,3.61,3.61,0.0,60.959666,0.0
2019-01-23,22,0,270,207.21,207.21,0.0,408.307302,0.0
2019-01-23,22,0,272,160.49,160.49,0.0,2442.571572,0.0
2019-01-23,22,0,273,0.0,0.0,0.0,0.0,0.0
2019-01-23,22,0,274,267.11,267.11,0.0,526.340251,0.0
2019-01-23,22,0,275,371.83,371.83,0.0,732.691009,0.0
2019-01-23,22,0,276,0.0,0.0,0.0,0.0,0.0
2019-01-23,22,0,277,0.0,0.0,0.0,0.0,0.0
2019-01-23,22,0,278,0.0,0.0,0.0,0.0,0.0
2019-01-23,22,0,279,82.64,82.64,0.0,1248.637473,0.0
2019-01-23,22,0,281,1.89,1.89,0.0,30.466774,0.0
2019-01-23,22,0,282,0.0,0.0,0.0,0.0,0.0
2019-01-23,23,0,9,0.0,0.0,0.0,0.0,0.0
2019-01-23,23,0,17,0.0,0.0,0.0,0.0,0.0
2019-01-23,23,0,19,89.56,89.56,0.0,1370.708168,0.0
2019-01-23,23,0,20,108.62,108.62,0.0,1662.419843,0.0
2019-01-23,23,0,21,0.0,0.0,0.0,0.0,0.0
2019-01-23,23,0,22,0.0,0.0,0.0,0.0,0.0
2019-01-23,23,0,23,27.1,27.1,0.0,336.58373,0.0
2019-01-23,23,0,24,47.95,47.95,0.0,595.542061,0.0
2019-01-23,23,0,29,0.0,0.0,0.0,0.0,0.0
2019-01-23,23,0,30,0.0,0.0,0.0,0.0,0.0
2019-01-23,23,0,31,5.06,5.06,0.0,62.778737,0.0
2019-01-23,23,0,32,0.0,0.0,0.0,0.0,0.0
2019-01-23,23,0,33,0.0,0.0,0.0,0.0,0.0
2019-01-23,23,0,34,0.0,0.0,0.0,0.0,0.0
2019-01-23,23,0,35,0.0,0.0,0.0,0.0,0.0
2019-01-23,23,0,36,0.0,0.0,0.0,0.0,0.0
2019-01-23,23,0,37,0.0,0.0,0.0,0.0,0.0
2019-01-23,23,0,38,0.0,0.0,0.0,0.0,0.0
2019-01-23,23,0,39,0.0,0.0,0.0,0.0,0.0
2019-01-23,23,0,40,0.0,0.0,0.0,0.0,0.0
2019-01-23,23,0,41,10.49,10.49,0.0,138.152846,0.0
2019-01-23,23,0,42,0.0,0.0,0.0,0.0,0.0
2019-01-23,23,0,43,0.0,0.0,0.0,0.0,0.0
2019-01-23,23,0,46,0.0,0.0,0.0,0.0,0.0
2019-01-23,23,0,52,5.37,5.37,0.0,66.624865,0.0
2019-01-23,23,0,53,8.53,8.53,0.0,105.830558,0.0
2019-01-23,23,0,55,140.65,140.65,0.0,1746.881978,0.0
2019-01-23,23,0,56,0.0,0.0,0.0,0.0,0.0
2019-01-23,23,0,57,0.0,0.0,0.0,0.0,0.0
2019-01-23,23,0,58,0.0,0.0,0.0,0.0,0.0
2019-01-23,23,0,59,0.0,0.0,0.0,0.0,0.0
2019-01-23,23,0,63,38.09,38.09,0.0,1135.399616,0.0
2019-01-23,23,0,64,44.82,44.82,0.0,1336.009734,0.0
2019-01-23,23,0,65,1.16,1.16,0.0,17.717565,0.0
2019-01-23,23,0,67,0.0,0.0,0.0,0.0,0.0
2019-01-23,23,0,68,3.42,3.42,0.0,32.748176,0.0
2019-01-23,23,0,69,0.0,0.0,0.0,0.0,0.0
2019-01-23,23,0,74,1.45,1.45,0.0,20.932474,0.0
2019-01-23,23,0,77,66.29,66.29,0.0,740.117719,0.0
2019-01-23,23,0,78,50.12,50.12,0.0,559.58214,0.0
2019-01-23,23,0,79,29.0,29.0,0.0,323.780568,0.0
2019-01-23,23,0,80,46.9,46.9,0.0,523.631332,0.0
2019-01-23,23,0,81,61.32,61.32,0.0,684.628428,0.0
2019-01-23,23,0,82,43.25,43.25,0.0,482.87964,0.0
2019-01-23,23,0,83,96.45,96.45,0.0,1076.849509,0.0
2019-01-23,23,0,84,0.0,0.0,0.0,0.0,0.0
2019-01-23,23,0,86,0.0,0.0,0.0,0.0,0.0
2019-01-23,23,0,87,0.0,0.0,0.0,0.0,0.0
2019-01-23,23,0,88,60.26,60.26,0.0,672.79369,0.0
2019-01-23,23,0,89,57.93,57.93,0.0,646.779596,0.0
2019-01-23,23,0,90,77.78,77.78,0.0,868.401813,0.0
2019-01-23,23,0,91,277.45,277.45,0.0,3097.686847,0.0
2019-01-23,23,0,92,99.78,99.78,0.0,1114.02845,0.0
2019-01-23,23,0,95,12.32,12.32,0.0,349.032073,0.0
2019-01-23,23,0,96,6.86,6.86,0.0,85.016466,0.0
2019-01-23,23,0,97,42.21,42.21,0.0,523.111519,0.0
2019-01-23,23,0,99,0.28,0.28,0.0,4.042133,0.0
2019-01-23,23,0,101,0.0,0.0,0.0,0.0,0.0
2019-01-23,23,0,102,8.1,8.1,0.0,77.56147,0.0
2019-01-23,23,0,103,7.05,7.05,0.0,67.507206,0.0
2019-01-23,23,0,104,1.31,1.31,0.0,12.543892,0.0
2019-01-23,23,0,106,0.0,0.0,0.0,0.0,0.0
2019-01-23,23,0,109,9.04,9.04,0.0,122.152411,0.0
2019-01-23,23,0,110,133.12,133.12,0.0,297.043049,0.0
2019-01-23,23,0,111,0.0,0.0,0.0,0.0,0.0
2019-01-23,23,0,113,52.68,52.68,0.0,592.981972,0.0
2019-01-23,23,0,115,52.68,52.68,0.0,592.981972,0.0
2019-01-23,23,0,116,0.0,0.0,0.0,0.0,0.0
2019-01-23,23,0,117,3.51,3.51,0.0,39.509619,0.0
2019-01-23,23,0,119,44.82,44.82,0.0,1336.009734,0.0
2019-01-23,23,0,120,26.35,26.35,0.0,785.449721,0.0
2019-01-23,23,0,123,0.0,0.0,0.0,0.0,0.0
2019-01-23,23,0,125,43.39,43.39,0.0,538.90657,0.0
2019-01-23,23,0,126,0.0,0.0,0.0,0.0,0.0
2019-01-23,23,0,127,0.0,0.0,0.0,0.0,0.0
2019-01-23,23,0,128,62.15,62.15,0.0,771.906967,0.0
2019-01-23,23,0,131,9.78,9.78,0.0,98.370306,0.0
2019-01-23,23,0,132,14.38,14.38,0.0,144.638549,0.0
2019-01-23,23,0,133,16.25,16.25,0.0,248.752559,0.0
2019-01-23,23,0,134,0.0,0.0,0.0,0.0,0.0
2019-01-23,23,0,135,21.77,21.77,0.0,333.25189,0.0
2019-01-23,23,0,136,2.98,2.98,0.0,45.510716,0.0
2019-01-23,23,0,139,13.55,13.55,0.0,178.452913,0.0
2019-01-23,23,0,140,98.52,98.52,0.0,219.836848,0.0
2019-01-23,23,0,141,87.72,87.72,0.0,681.376629,0.0
2019-01-23,23,0,142,0.0,0.0,0.0,0.0,0.0
2019-01-23,23,0,143,7.72,7.72,0.0,95.780997,0.0
2019-01-23,23,0,145,5.57,5.57,0.0,71.398499,0.0
2019-01-23,23,0,146,107.14,107.14,0.0,239.071456,0.0
2019-01-23,23,0,152,0.0,0.0,0.0,0.0,0.0
2019-01-23,23,0,153,0.0,0.0,0.0,0.0,0.0
2019-01-23,23,0,154,0.0,0.0,0.0,0.0,0.0
2019-01-23,23,0,157,94.64,94.64,0.0,735.128638,0.0
2019-01-23,23,0,158,0.0,0.0,0.0,0.0,0.0
2019-01-23,23,0,159,0.0,0.0,0.0,0.0,0.0
2019-01-23,23,0,160,0.0,0.0,0.0,0.0,0.0
2019-01-23,23,0,161,0.0,0.0,0.0,0.0,0.0
2019-01-23,23,0,162,2.95,2.95,0.0,83.628801,0.0
2019-01-23,23,0,163,65.38,65.38,0.0,145.888481,0.0
2019-01-23,23,0,164,0.0,0.0,0.0,0.0,0.0
2019-01-23,23,0,167,0.0,0.0,0.0,0.0,0.0
2019-01-23,23,0,168,0.0,0.0,0.0,0.0,0.0
2019-01-23,23,0,169,0.0,0.0,0.0,0.0,0.0
2019-01-23,23,0,170,0.0,0.0,0.0,0.0,0.0
2019-01-23,23,0,172,0.0,0.0,0.0,0.0,0.0
2019-01-23,23,0,173,0.0,0.0,0.0,0.0,0.0
2019-01-23,23,0,188,0.0,0.0,0.0,0.0,0.0
2019-01-23,23,0,190,0.0,0.0,0.0,0.0,0.0
2019-01-23,23,0,191,0.0,0.0,0.0,0.0,0.0
2019-01-23,23,0,192,79.25,79.25,0.0,2362.310831,0.0
2019-01-23,23,0,194,36.82,36.82,0.0,467.147268,0.0
2019-01-23,23,0,196,0.0,0.0,0.0,0.0,0.0
2019-01-23,23,0,198,0.0,0.0,0.0,0.0,0.0
2019-01-23,23,0,199,0.0,0.0,0.0,0.0,0.0
2019-01-23,23,0,200,0.0,0.0,0.0,0.0,0.0
2019-01-23,23,0,204,28.09,28.09,0.0,377.309961,0.0
2019-01-23,23,0,205,47.84,47.84,0.0,646.434882,0.0
2019-01-23,23,0,206,124.05,124.05,0.0,1537.360434,0.0
2019-01-23,23,0,210,0.0,0.0,0.0,0.0,0.0
2019-01-23,23,0,214,0.0,0.0,0.0,0.0,0.0
2019-01-23,23,0,217,0.0,0.0,0.0,0.0,0.0
2019-01-23,23,0,218,0.0,0.0,0.0,0.0,0.0
2019-01-23,23,0,219,0.0,0.0,0.0,0.0,0.0
2019-01-23,23,0,221,0.0,0.0,0.0,0.0,0.0
2019-01-23,23,0,225,0.0,0.0,0.0,0.0,0.0
2019-01-23,23,0,233,0.0,0.0,0.0,0.0,0.0
2019-01-23,23,0,236,0.0,0.0,0.0,0.0,0.0
2019-01-23,23,0,237,3.47,3.47,0.0,50.093576,0.0
2019-01-23,23,0,238,0.0,0.0,0.0,0.0,0.0
2019-01-23,23,0,240,0.0,0.0,0.0,0.0,0.0
2019-01-23,23,0,245,25.32,25.32,0.0,390.420988,0.0
2019-01-23,23,0,247,0.0,0.0,0.0,0.0,0.0
2019-01-23,23,0,248,0.35,0.35,0.0,5.052666,0.0
2019-01-23,23,0,249,48.7,48.7,0.0,750.928204,0.0
2019-01-23,23,0,251,7.56,7.56,0.0,115.082977,0.0
2019-01-23,23,0,252,7.51,7.51,0.0,114.705957,0.0
2019-01-23,23,0,254,0.0,0.0,0.0,0.0,0.0
2019-01-23,23,0,255,0.0,0.0,0.0,0.0,0.0
2019-01-23,23,0,258,0.0,0.0,0.0,0.0,0.0
2019-01-23,23,0,260,0.0,0.0,0.0,0.0,0.0
2019-01-23,23,0,265,0.0,0.0,0.0,0.0,0.0
2019-01-23,23,0,266,8.77,8.77,0.0,115.50052,0.0
2019-01-23,23,0,267,10.78,10.78,0.0,141.972133,0.0
2019-01-23,23,0,270,204.17,204.17,0.0,455.583528,0.0
2019-01-23,23,0,272,176.05,176.05,0.0,1981.67191,0.0
2019-01-23,23,0,273,0.0,0.0,0.0,0.0,0.0
2019-01-23,23,0,274,263.2,263.2,0.0,587.302663,0.0
2019-01-23,23,0,275,366.38,366.38,0.0,817.537803,0.0
2019-01-23,23,0,276,0.0,0.0,0.0,0.0,0.0
2019-01-23,23,0,277,0.0,0.0,0.0,0.0,0.0
2019-01-23,23,0,278,0.0,0.0,0.0,0.0,0.0
2019-01-23,23,0,279,91.2,91.2,0.0,1023.230811,0.0
2019-01-23,23,0,281,2.27,2.27,0.0,28.163583,0.0
2019-01-23,23,0,282,0.0,0.0,0.0,0.0,0.0
2019-01-24,0,0,9,0.0,0.0,0.0,0.0,0.0
2019-01-24,0,0,17,0.0,0.0,0.0,0.0,0.0
2019-01-24,0,0,19,46.16,46.16,0.0,684.081253,0.0
2019-01-24,0,0,20,55.98,55.98,0.0,829.611536,0.0
2019-01-24,0,0,21,0.0,0.0,0.0,0.0,0.0
2019-01-24,0,0,22,0.0,0.0,0.0,0.0,0.0
2019-01-24,0,0,23,35.2,35.2,0.0,403.696348,0.0
2019-01-24,0,0,24,62.28,62.28,0.0,714.267288,0.0
2019-01-24,0,0,29,0.0,0.0,0.0,0.0,0.0
2019-01-24,0,0,30,0.0,0.0,0.0,0.0,0.0
2019-01-24,0,0,31,6.43,6.43,0.0,73.641487,0.0
2019-01-24,0,0,32,0.0,0.0,0.0,0.0,0.0
2019-01-24,0,0,33,0.0,0.0,0.0,0.0,0.0
2019-01-24,0,0,34,0.0,0.0,0.0,0.0,0.0
2019-01-24,0,0,35,0.0,0.0,0.0,0.0,0.0
2019-01-24,0,0,36,0.0,0.0,0.0,0.0,0.0
2019-01-24,0,0,37,0.0,0.0,0.0,0.0,0.0
2019-01-24,0,0,38,0.0,0.0,0.0,0.0,0.0
2019-01-24,0,0,39,0.0,0.0,0.0,0.0,0.0
2019-01-24,0,0,40,0.0,0.0,0.0,0.0,0.0
2019-01-24,0,0,41,23.8,23.8,0.0,294.175885,0.0
2019-01-24,0,0,42,0.0,0.0,0.0,0.0,0.0
2019-01-24,0,0,43,0.0,0.0,0.0,0.0,0.0
2019-01-24,0,0,46,0.0,0.0,0.0,0.0,0.0
2019-01-24,0,0,52,6.81,6.81,0.0,77.99355,0.0
2019-01-24,0,0,53,10.82,10.82,0.0,123.919267,0.0
2019-01-24,0,0,55,183.12,183.12,0.0,2100.138501,0.0
2019-01-24,0,0,56,0.0,0.0,0.0,0.0,0.0
2019-01-24,0,0,57,0.0,0.0,0.0,0.0,0.0
2019-01-24,0,0,58,0.0,0.0,0.0,0.0,0.0
2019-01-24,0,0,59,0.0,0.0,0.0,0.0,0.0
2019-01-24,0,0,63,46.39,46.39,0.0,1382.808826,0.0
2019-01-24,0,0,64,54.58,54.58,0.0,1626.939119,0.0
2019-01-24,0,0,65,0.0,0.0,0.0,0.0,0.0
2019-01-24,0,0,67,0.0,0.0,0.0,0.0,0.0
2019-01-24,0,0,68,3.73,3.73,0.0,31.754609,0.0
2019-01-24,0,0,69,0.0,0.0,0.0,0.0,0.0
2019-01-24,0,0,74,3.09,3.09,0.0,42.758792,0.0
2019-01-24,0,0,77,73.71,73.71,0.0,734.114329,0.0
2019-01-24,0,0,78,55.73,55.73,0.0,555.04262,0.0
2019-01-24,0,0,79,32.25,32.25,0.0,321.193693,0.0
2019-01-24,0,0,80,52.15,52.15,0.0,519.38763,0.0
2019-01-24,0,0,81,68.19,68.19,0.0,679.13792,0.0
2019-01-24,0,0,82,48.1,48.1,0.0,479.051678,0.0
2019-01-24,0,0,83,107.25,107.25,0.0,1068.155769,0.0
2019-01-24,0,0,84,0.0,0.0,0.0,0.0,0.0
2019-01-24,0,0,86,0.0,0.0,0.0,0.0,0.0
2019-01-24,0,0,87,0.0,0.0,0.0,0.0,0.0
2019-01-24,0,0,88,67.7,67.7,0.0,674.257767,0.0
2019-01-24,0,0,89,65.08,65.08,0.0,648.163892,0.0
2019-01-24,0,0,90,87.38,87.38,0.0,870.260616,0.0
2019-01-24,0,0,91,311.7,311.7,0.0,3104.374389,0.0
2019-01-24,0,0,92,112.1,112.1,0.0,1116.459317,0.0
2019-01-24,0,0,95,5.16,5.16,0.0,146.040149,0.0
2019-01-24,0,0,96,8.71,8.71,0.0,99.609594,0.0
2019-01-24,0,0,97,53.55,53.55,0.0,612.410308,0.0
2019-01-24,0,0,99,0.6,0.6,0.0,8.302678,0.0
2019-01-24,0,0,101,0.0,0.0,0.0,0.0,0.0
2019-01-24,0,0,102,8.83,8.83,0.0,75.172439,0.0
2019-01-24,0,0,103,7.68,7.68,0.0,65.382144,0.0
2019-01-24,0,0,104,1.43,1.43,0.0,12.174019,0.0
2019-01-24,0,0,106,0.0,0.0,0.0,0.0,0.0
2019-01-24,0,0,109,29.7,29.7,0.0,379.781009,0.0
2019-01-24,0,0,110,121.44,121.44,0.0,236.917297,0.0
2019-01-24,0,0,111,0.0,0.0,0.0,0.0,0.0
2019-01-24,0,0,113,57.97,57.97,0.0,577.137921,0.0
2019-01-24,0,0,115,57.97,57.97,0.0,577.137921,0.0
2019-01-24,0,0,116,0.0,0.0,0.0,0.0,0.0
2019-01-24,0,0,117,3.86,3.86,0.0,38.429401,0.0
2019-01-24,0,0,119,54.58,54.58,0.0,1626.939119,0.0
2019-01-24,0,0,120,32.09,32.09,0.0,956.549584,0.0
2019-01-24,0,0,123,0.0,0.0,0.0,0.0,0.0
2019-01-24,0,0,125,56.36,56.36,0.0,646.372903,0.0
2019-01-24,0,0,126,0.0,0.0,0.0,0.0,0.0
2019-01-24,0,0,127,0.0,0.0,0.0,0.0,0.0
2019-01-24,0,0,128,80.72,80.72,0.0,925.749125,0.0
2019-01-24,0,0,131,10.55,10.55,0.0,94.366925,0.0
2019-01-24,0,0,132,15.5,15.5,0.0,138.64335,0.0
2019-01-24,0,0,133,7.89,7.89,0.0,116.954193,0.0
2019-01-24,0,0,134,0.0,0.0,0.0,0.0,0.0
2019-01-24,0,0,135,10.57,10.57,0.0,156.680078,0.0
2019-01-24,0,0,136,1.39,1.39,0.0,20.54803,0.0
2019-01-24,0,0,139,30.74,30.74,0.0,379.956585,0.0
2019-01-24,0,0,140,89.88,89.88,0.0,175.346893,0.0
2019-01-24,0,0,141,92.78,92.78,0.0,639.98416,0.0
2019-01-24,0,0,142,0.0,0.0,0.0,0.0,0.0
2019-01-24,0,0,143,26.52,26.52,0.0,303.728184,0.0
2019-01-24,0,0,145,7.97,7.97,0.0,95.236386,0.0
2019-01-24,0,0,146,92.75,92.75,0.0,180.945976,0.0
2019-01-24,0,0,152,0.0,0.0,0.0,0.0,0.0
2019-01-24,0,0,153,0.0,0.0,0.0,0.0,0.0
2019-01-24,0,0,154,0.0,0.0,0.0,0.0,0.0
2019-01-24,0,0,157,84.08,84.08,0.0,579.972711,0.0
2019-01-24,0,0,158,0.0,0.0,0.0,0.0,0.0
2019-01-24,0,0,159,0.0,0.0,0.0,0.0,0.0
2019-01-24,0,0,160,0.0,0.0,0.0,0.0,0.0
2019-01-24,0,0,161,0.0,0.0,0.0,0.0,0.0
2019-01-24,0,0,162,3.0,3.0,0.0,84.964624,0.0
2019-01-24,0,0,163,64.8,64.8,0.0,126.41832,0.0
2019-01-24,0,0,164,0.0,0.0,0.0,0.0,0.0
2019-01-24,0,0,167,0.0,0.0,0.0,0.0,0.0
2019-01-24,0,0,168,0.0,0.0,0.0,0.0,0.0
2019-01-24,0,0,169,0.0,0.0,0.0,0.0,0.0
2019-01-24,0,0,170,0.0,0.0,0.0,0.0,0.0
2019-01-24,0,0,172,0.0,0.0,0.0,0.0,0.0
2019-01-24,0,0,173,0.0,0.0,0.0,0.0,0.0
2019-01-24,0,0,188,0.0,0.0,0.0,0.0,0.0
2019-01-24,0,0,190,0.0,0.0,0.0,0.0,0.0
2019-01-24,0,0,191,0.0,0.0,0.0,0.0,0.0
2019-01-24,0,0,192,75.01,75.01,0.0,2235.923476,0.0
2019-01-24,0,0,194,53.83,53.83,0.0,600.463953,0.0
2019-01-24,0,0,196,0.0,0.0,0.0,0.0,0.0
2019-01-24,0,0,198,0.0,0.0,0.0,0.0,0.0
2019-01-24,0,0,199,0.0,0.0,0.0,0.0,0.0
2019-01-24,0,0,200,0.0,0.0,0.0,0.0,0.0
2019-01-24,0,0,204,115.36,115.36,0.0,1464.476351,0.0
2019-01-24,0,0,205,157.12,157.12,0.0,2009.13105,0.0
2019-01-24,0,0,206,157.36,157.36,0.0,1799.605715,0.0
2019-01-24,0,0,210,0.0,0.0,0.0,0.0,0.0
2019-01-24,0,0,214,0.0,0.0,0.0,0.0,0.0
2019-01-24,0,0,217,0.0,0.0,0.0,0.0,0.0
2019-01-24,0,0,218,0.0,0.0,0.0,0.0,0.0
2019-01-24,0,0,219,0.0,0.0,0.0,0.0,0.0
2019-01-24,0,0,221,0.0,0.0,0.0,0.0,0.0
2019-01-24,0,0,225,0.0,0.0,0.0,0.0,0.0
2019-01-24,0,0,233,0.0,0.0,0.0,0.0,0.0
2019-01-24,0,0,236,0.0,0.0,0.0,0.0,0.0
2019-01-24,0,0,237,7.4,7.4,0.0,102.399695,0.0
2019-01-24,0,0,238,0.0,0.0,0.0,0.0,0.0
2019-01-24,0,0,240,0.0,0.0,0.0,0.0,0.0
2019-01-24,0,0,245,6.7,6.7,0.0,100.157388,0.0
2019-01-24,0,0,247,0.0,0.0,0.0,0.0,0.0
2019-01-24,0,0,248,0.74,0.74,0.0,10.23997,0.0
2019-01-24,0,0,249,12.54,12.54,0.0,187.458754,0.0
2019-01-24,0,0,251,0.0,0.0,0.0,0.0,0.0
2019-01-24,0,0,252,0.0,0.0,0.0,0.0,0.0
2019-01-24,0,0,254,0.0,0.0,0.0,0.0,0.0
2019-01-24,0,0,255,0.0,0.0,0.0,0.0,0.0
2019-01-24,0,0,258,0.0,0.0,0.0,0.0,0.0
2019-01-24,0,0,260,0.0,0.0,0.0,0.0,0.0
2019-01-24,0,0,265,0.0,0.0,0.0,0.0,0.0
2019-01-24,0,0,266,19.9,19.9,0.0,245.970593,0.0
2019-01-24,0,0,267,24.46,24.46,0.0,302.333704,0.0
2019-01-24,0,0,270,202.38,202.38,0.0,394.823143,0.0
2019-01-24,0,0,272,193.74,193.74,0.0,1928.837345,0.0
2019-01-24,0,0,273,0.0,0.0,0.0,0.0,0.0
2019-01-24,0,0,274,260.9,260.9,0.0,508.989812,0.0
2019-01-24,0,0,275,363.17,363.17,0.0,708.508355,0.0
2019-01-24,0,0,276,0.0,0.0,0.0,0.0,0.0
2019-01-24,0,0,277,0.0,0.0,0.0,0.0,0.0
2019-01-24,0,0,278,0.0,0.0,0.0,0.0,0.0
2019-01-24,0,0,279,99.95,99.95,0.0,995.23045,0.0
2019-01-24,0,0,281,2.88,2.88,0.0,32.984056,0.0
2019-01-24,0,0,282,0.0,0.0,0.0,0.0,0.0
2019-01-24,1,0,9,0.0,0.0,0.0,0.0,0.0
2019-01-24,1,0,17,0.0,0.0,0.0,0.0,0.0
2019-01-24,1,0,19,29.46,29.46,0.0,308.625664,0.0
2019-01-24,1,0,20,35.73,35.73,0.0,374.31076,0.0
2019-01-24,1,0,21,0.0,0.0,0.0,0.0,0.0
2019-01-24,1,0,22,0.0,0.0,0.0,0.0,0.0
2019-01-24,1,0,23,45.82,45.82,0.0,343.907113,0.0
2019-01-24,1,0,24,81.07,81.07,0.0,608.479914,0.0
2019-01-24,1,0,29,0.0,0.0,0.0,0.0,0.0
2019-01-24,1,0,30,0.0,0.0,0.0,0.0,0.0
2019-01-24,1,0,31,18.75,18.75,0.0,140.419825,0.0
2019-01-24,1,0,32,0.0,0.0,0.0,0.0,0.0
2019-01-24,1,0,33,0.0,0.0,0.0,0.0,0.0
2019-01-24,1,0,34,0.0,0.0,0.0,0.0,0.0
2019-01-24,1,0,35,0.0,0.0,0.0,0.0,0.0
2019-01-24,1,0,36,0.0,0.0,0.0,0.0,0.0
2019-01-24,1,0,37,0.0,0.0,0.0,0.0,0.0
2019-01-24,1,0,38,0.0,0.0,0.0,0.0,0.0
2019-01-24,1,0,39,0.0,0.0,0.0,0.0,0.0
2019-01-24,1,0,40,0.0,0.0,0.0,0.0,0.0
2019-01-24,1,0,41,45.41,45.41,0.0,381.254309,0.0
2019-01-24,1,0,42,0.0,0.0,0.0,0.0,0.0
2019-01-24,1,0,43,0.0,0.0,0.0,0.0,0.0
2019-01-24,1,0,46,0.0,0.0,0.0,0.0,0.0
2019-01-24,1,0,52,19.96,19.96,0.0,149.481584,0.0
2019-01-24,1,0,53,32.63,32.63,0.0,244.36794,0.0
2019-01-24,1,0,55,205.45,205.45,0.0,1542.027858,0.0
2019-01-24,1,0,56,0.0,0.0,0.0,0.0,0.0
2019-01-24,1,0,57,0.0,0.0,0.0,0.0,0.0
2019-01-24,1,0,58,0.0,0.0,0.0,0.0,0.0
2019-01-24,1,0,59,0.0,0.0,0.0,0.0,0.0
2019-01-24,1,0,63,58.34,58.34,0.0,1739.018472,0.0
2019-01-24,1,0,64,68.64,68.64,0.0,2046.044359,0.0
2019-01-24,1,0,65,0.0,0.0,0.0,0.0,0.0
2019-01-24,1,0,67,0.0,0.0,0.0,0.0,0.0
2019-01-24,1,0,68,4.07,4.07,0.0,20.988602,0.0
2019-01-24,1,0,69,0.0,0.0,0.0,0.0,0.0
2019-01-24,1,0,74,5.72,5.72,0.0,55.697409,0.0
2019-01-24,1,0,77,82.41,82.41,0.0,487.89562,0.0
2019-01-24,1,0,78,62.3,62.3,0.0,368.837485,0.0
2019-01-24,1,0,79,36.06,36.06,0.0,213.487636,0.0
2019-01-24,1,0,80,58.31,58.31,0.0,345.215309,0.0
2019-01-24,1,0,81,76.23,76.23,0.0,451.307889,0.0
2019-01-24,1,0,82,53.77,53.77,0.0,318.336943,0.0
2019-01-24,1,0,83,119.91,119.91,0.0,709.908552,0.0
2019-01-24,1,0,84,0.0,0.0,0.0,0.0,0.0
2019-01-24,1,0,86,0.0,0.0,0.0,0.0,0.0
2019-01-24,1,0,87,0.0,0.0,0.0,0.0,0.0
2019-01-24,1,0,88,76.31,76.31,0.0,451.781516,0.0
2019-01-24,1,0,89,73.36,73.36,0.0,434.316499,0.0
2019-01-24,1,0,90,98.5,98.5,0.0,583.153969,0.0
2019-01-24,1,0,91,351.38,351.38,0.0,2080.290776,0.0
2019-01-24,1,0,92,126.37,126.37,0.0,748.15398,0.0
2019-01-24,1,0,95,7.56,7.56,0.0,214.098126,0.0
2019-01-24,1,0,96,10.85,10.85,0.0,81.06856,0.0
2019-01-24,1,0,97,66.75,66.75,0.0,498.739759,0.0
2019-01-24,1,0,99,1.1,1.1,0.0,10.71104,0.0
2019-01-24,1,0,101,0.0,0.0,0.0,0.0,0.0
2019-01-24,1,0,102,9.63,9.63,0.0,49.660992,0.0
2019-01-24,1,0,103,8.37,8.37,0.0,43.163292,0.0
2019-01-24,1,0,104,1.56,1.56,0.0,8.044771,0.0
2019-01-24,1,0,106,0.0,0.0,0.0,0.0,0.0
2019-01-24,1,0,109,73.62,73.62,0.0,656.338187,0.0
2019-01-24,1,0,110,111.61,111.61,0.0,217.73995,0.0
2019-01-24,1,0,111,0.0,0.0,0.0,0.0,0.0
2019-01-24,1,0,113,35.79,35.79,0.0,205.134792,0.0
2019-01-24,1,0,115,35.79,35.79,0.0,205.134792,0.0
2019-01-24,1,0,116,0.0,0.0,0.0,0.0,0.0
2019-01-24,1,0,117,2.45,2.45,0.0,14.042477,0.0
2019-01-24,1,0,119,68.64,68.64,0.0,2046.044359,0.0
2019-01-24,1,0,120,40.36,40.36,0.0,1203.064544,0.0
2019-01-24,1,0,123,0.0,0.0,0.0,0.0,0.0
2019-01-24,1,0,125,73.36,73.36,0.0,550.611651,0.0
2019-01-24,1,0,126,0.0,0.0,0.0,0.0,0.0
2019-01-24,1,0,127,0.0,0.0,0.0,0.0,0.0
2019-01-24,1,0,128,105.07,105.07,0.0,788.614587,0.0
2019-01-24,1,0,131,11.43,11.43,0.0,61.35255,0.0
2019-01-24,1,0,132,16.8,16.8,0.0,90.176977,0.0
2019-01-24,1,0,133,4.66,4.66,0.0,48.829937,0.0
2019-01-24,1,0,134,0.0,0.0,0.0,0.0,0.0
2019-01-24,1,0,135,6.25,6.25,0.0,65.490796,0.0
2019-01-24,1,0,136,0.0,0.0,0.0,0.0,0.0
2019-01-24,1,0,139,58.64,58.64,0.0,492.331044,0.0
2019-01-24,1,0,140,82.61,82.61,0.0,161.163849,0.0
2019-01-24,1,0,141,99.46,99.46,0.0,434.411334,0.0
2019-01-24,1,0,142,0.0,0.0,0.0,0.0,0.0
2019-01-24,1,0,143,50.44,50.44,0.0,377.748051,0.0
2019-01-24,1,0,145,10.99,10.99,0.0,88.128239,0.0
2019-01-24,1,0,146,80.53,80.53,0.0,157.105977,0.0
2019-01-24,1,0,152,0.0,0.0,0.0,0.0,0.0
2019-01-24,1,0,153,0.0,0.0,0.0,0.0,0.0
2019-01-24,1,0,154,0.0,0.0,0.0,0.0,0.0
2019-01-24,1,0,157,81.37,81.37,0.0,355.39966,0.0
2019-01-24,1,0,158,0.0,0.0,0.0,0.0,0.0
2019-01-24,1,0,159,0.0,0.0,0.0,0.0,0.0
2019-01-24,1,0,160,0.0,0.0,0.0,0.0,0.0
2019-01-24,1,0,161,0.0,0.0,0.0,0.0,0.0
2019-01-24,1,0,162,4.89,4.89,0.0,138.586441,0.0
2019-01-24,1,0,163,64.26,64.26,0.0,125.364834,0.0
2019-01-24,1,0,164,0.0,0.0,0.0,0.0,0.0
2019-01-24,1,0,167,0.0,0.0,0.0,0.0,0.0
2019-01-24,1,0,168,0.0,0.0,0.0,0.0,0.0
2019-01-24,1,0,169,0.0,0.0,0.0,0.0,0.0
2019-01-24,1,0,170,0.0,0.0,0.0,0.0,0.0
2019-01-24,1,0,172,0.0,0.0,0.0,0.0,0.0
2019-01-24,1,0,173,0.0,0.0,0.0,0.0,0.0
2019-01-24,1,0,188,0.0,0.0,0.0,0.0,0.0
2019-01-24,1,0,190,0.0,0.0,0.0,0.0,0.0
2019-01-24,1,0,191,0.0,0.0,0.0,0.0,0.0
2019-01-24,1,0,192,76.64,76.64,0.0,2284.511067,0.0
2019-01-24,1,0,194,77.72,77.72,0.0,477.433615,0.0
2019-01-24,1,0,196,0.0,0.0,0.0,0.0,0.0
2019-01-24,1,0,198,0.0,0.0,0.0,0.0,0.0
2019-01-24,1,0,199,3.64,3.64,0.0,33.096142,0.0
2019-01-24,1,0,200,0.0,0.0,0.0,0.0,0.0
2019-01-24,1,0,204,327.38,327.38,0.0,2893.155016,0.0
2019-01-24,1,0,205,389.45,389.45,0.0,3472.030792,0.0
2019-01-24,1,0,206,196.13,196.13,0.0,1465.435641,0.0
2019-01-24,1,0,210,0.0,0.0,0.0,0.0,0.0
2019-01-24,1,0,214,0.0,0.0,0.0,0.0,0.0
2019-01-24,1,0,217,0.0,0.0,0.0,0.0,0.0
2019-01-24,1,0,218,0.0,0.0,0.0,0.0,0.0
2019-01-24,1,0,219,0.0,0.0,0.0,0.0,0.0
2019-01-24,1,0,221,0.0,0.0,0.0,0.0,0.0
2019-01-24,1,0,225,0.0,0.0,0.0,0.0,0.0
2019-01-24,1,0,233,0.0,0.0,0.0,0.0,0.0
2019-01-24,1,0,236,6.15,6.15,0.0,62.238827,0.0
2019-01-24,1,0,237,13.71,13.71,0.0,133.49851,0.0
2019-01-24,1,0,238,0.0,0.0,0.0,0.0,0.0
2019-01-24,1,0,240,0.0,0.0,0.0,0.0,0.0
2019-01-24,1,0,245,2.26,2.26,0.0,23.890803,0.0
2019-01-24,1,0,247,0.0,0.0,0.0,0.0,0.0
2019-01-24,1,0,248,1.38,1.38,0.0,13.437487,0.0
2019-01-24,1,0,249,4.35,4.35,0.0,45.98451,0.0
2019-01-24,1,0,251,0.0,0.0,0.0,0.0,0.0
2019-01-24,1,0,252,0.0,0.0,0.0,0.0,0.0
2019-01-24,1,0,254,0.0,0.0,0.0,0.0,0.0
2019-01-24,1,0,255,0.0,0.0,0.0,0.0,0.0
2019-01-24,1,0,258,0.0,0.0,0.0,0.0,0.0
2019-01-24,1,0,260,0.0,0.0,0.0,0.0,0.0
2019-01-24,1,0,265,0.0,0.0,0.0,0.0,0.0
2019-01-24,1,0,266,37.97,37.97,0.0,318.789388,0.0
2019-01-24,1,0,267,46.67,46.67,0.0,391.833046,0.0
2019-01-24,1,0,270,200.69,200.69,0.0,391.526122,0.0
2019-01-24,1,0,272,119.37,119.37,0.0,684.183852,0.0
2019-01-24,1,0,273,0.0,0.0,0.0,0.0,0.0
2019-01-24,1,0,274,258.71,258.71,0.0,504.717341,0.0
2019-01-24,1,0,275,360.13,360.13,0.0,702.577619,0.0
2019-01-24,1,0,276,0.0,0.0,0.0,0.0,0.0
2019-01-24,1,0,277,0.0,0.0,0.0,0.0,0.0
2019-01-24,1,0,278,0.0,0.0,0.0,0.0,0.0
2019-01-24,1,0,279,109.24,109.24,0.0,634.387782,0.0
2019-01-24,1,0,281,7.74,7.74,0.0,57.965304,0.0
2019-01-24,1,0,282,0.0,0.0,0.0,0.0,0.0
2019-01-24,2,0,9,0.0,0.0,0.0,0.0,0.0
2019-01-24,2,0,17,0.0,0.0,0.0,0.0,0.0
2019-01-24,2,0,19,0.0,0.0,0.0,0.0,0.0
2019-01-24,2,0,20,0.0,0.0,0.0,0.0,0.0
2019-01-24,2,0,21,0.0,0.0,0.0,0.0,0.0
2019-01-24,2,0,22,0.0,0.0,0.0,0.0,0.0
2019-01-24,2,0,23,43.18,43.18,0.0,412.43982,0.0
2019-01-24,2,0,24,76.39,76.39,0.0,729.649788,0.0
2019-01-24,2,0,29,0.0,0.0,0.0,0.0,0.0
2019-01-24,2,0,30,0.0,0.0,0.0,0.0,0.0
2019-01-24,2,0,31,6.52,6.52,0.0,62.189898,0.0
2019-01-24,2,0,32,0.0,0.0,0.0,0.0,0.0
2019-01-24,2,0,33,0.0,0.0,0.0,0.0,0.0
2019-01-24,2,0,34,0.0,0.0,0.0,0.0,0.0
2019-01-24,2,0,35,0.0,0.0,0.0,0.0,0.0
2019-01-24,2,0,36,0.0,0.0,0.0,0.0,0.0
2019-01-24,2,0,37,0.0,0.0,0.0,0.0,0.0
2019-01-24,2,0,38,0.0,0.0,0.0,0.0,0.0
2019-01-24,2,0,39,0.0,0.0,0.0,0.0,0.0
2019-01-24,2,0,40,0.0,0.0,0.0,0.0,0.0
2019-01-24,2,0,41,45.39,45.39,0.0,466.819103,0.0
2019-01-24,2,0,42,0.0,0.0,0.0,0.0,0.0
2019-01-24,2,0,43,0.0,0.0,0.0,0.0,0.0
2019-01-24,2,0,46,0.0,0.0,0.0,0.0,0.0
2019-01-24,2,0,52,6.91,6.91,0.0,65.909846,0.0
2019-01-24,2,0,53,10.98,10.98,0.0,104.730841,0.0
2019-01-24,2,0,55,221.2,221.2,0.0,2112.822794,0.0
2019-01-24,2,0,56,0.0,0.0,0.0,0.0,0.0
2019-01-24,2,0,57,0.0,0.0,0.0,0.0,0.0
2019-01-24,2,0,58,0.0,0.0,0.0,0.0,0.0
2019-01-24,2,0,59,0.0,0.0,0.0,0.0,0.0
2019-01-24,2,0,63,51.32,51.32,0.0,1529.763935,0.0
2019-01-24,2,0,64,60.38,60.38,0.0,1799.827482,0.0
2019-01-24,2,0,65,0.0,0.0,0.0,0.0,0.0
2019-01-24,2,0,67,0.0,0.0,0.0,0.0,0.0
2019-01-24,2,0,68,3.26,3.26,0.0,26.357743,0.0
2019-01-24,2,0,69,0.0,0.0,0.0,0.0,0.0
2019-01-24,2,0,74,3.99,3.99,0.0,45.674643,0.0
2019-01-24,2,0,77,76.79,76.79,0.0,635.864212,0.0
2019-01-24,2,0,78,58.05,58.05,0.0,480.686515,0.0
2019-01-24,2,0,79,33.6,33.6,0.0,278.22682,0.0
2019-01-24,2,0,80,54.33,54.33,0.0,449.882831,0.0
2019-01-24,2,0,81,71.03,71.03,0.0,588.168185,0.0
2019-01-24,2,0,82,50.11,50.11,0.0,414.938868,0.0
2019-01-24,2,0,83,111.73,111.73,0.0,925.186982,0.0
2019-01-24,2,0,84,0.0,0.0,0.0,0.0,0.0
2019-01-24,2,0,86,0.0,0.0,0.0,0.0,0.0
2019-01-24,2,0,87,0.0,0.0,0.0,0.0,0.0
2019-01-24,2,0,88,67.74,67.74,0.0,560.925142,0.0
2019-01-24,2,0,89,65.12,65.12,0.0,539.230075,0.0
2019-01-24,2,0,90,87.43,87.43,0.0,723.969371,0.0
2019-01-24,2,0,91,311.89,311.89,0.0,2582.623896,0.0
2019-01-24,2,0,92,112.17,112.17,0.0,928.830429,0.0
2019-01-24,2,0,95,2.43,2.43,0.0,69.797344,0.0
2019-01-24,2,0,96,10.22,10.22,0.0,97.339526,0.0
2019-01-24,2,0,97,62.88,62.88,0.0,598.895244,0.0
2019-01-24,2,0,99,0.77,0.77,0.0,8.814405,0.0
2019-01-24,2,0,101,0.0,0.0,0.0,0.0,0.0
2019-01-24,2,0,102,7.72,7.72,0.0,62.417722,0.0
2019-01-24,2,0,103,6.71,6.71,0.0,54.251673,0.0
2019-01-24,2,0,104,1.25,1.25,0.0,10.106496,0.0
2019-01-24,2,0,106,0.0,0.0,0.0,0.0,0.0
2019-01-24,2,0,109,71.78,71.78,0.0,766.017421,0.0
2019-01-24,2,0,110,16.21,16.21,0.0,122.355405,0.0
2019-01-24,2,0,111,0.0,0.0,0.0,0.0,0.0
2019-01-24,2,0,113,34.43,34.43,0.0,276.381435,0.0
2019-01-24,2,0,115,34.43,34.43,0.0,276.381435,0.0
2019-01-24,2,0,116,0.0,0.0,0.0,0.0,0.0
2019-01-24,2,0,117,1.84,1.84,0.0,14.770312,0.0
2019-01-24,2,0,119,60.38,60.38,0.0,1799.827482,0.0
2019-01-24,2,0,120,35.5,35.5,0.0,1058.196019,0.0
2019-01-24,2,0,123,0.0,0.0,0.0,0.0,0.0
2019-01-24,2,0,125,69.13,69.13,0.0,660.304881,0.0
2019-01-24,2,0,126,0.0,0.0,0.0,0.0,0.0
2019-01-24,2,0,127,0.0,0.0,0.0,0.0,0.0
2019-01-24,2,0,128,99.01,99.01,0.0,945.707888,0.0
2019-01-24,2,0,131,10.66,10.66,0.0,86.564581,0.0
2019-01-24,2,0,132,15.67,15.67,0.0,127.248309,0.0
2019-01-24,2,0,133,0.0,0.0,0.0,0.0,0.0
2019-01-24,2,0,134,0.0,0.0,0.0,0.0,0.0
2019-01-24,2,0,135,0.0,0.0,0.0,0.0,0.0
2019-01-24,2,0,136,0.0,0.0,0.0,0.0,0.0
2019-01-24,2,0,139,58.61,58.61,0.0,602.781837,0.0
2019-01-24,2,0,140,12.0,12.0,0.0,90.577721,0.0
2019-01-24,2,0,141,90.03,90.03,0.0,716.007997,0.0
2019-01-24,2,0,142,0.0,0.0,0.0,0.0,0.0
2019-01-24,2,0,143,20.95,20.95,0.0,199.827971,0.0
2019-01-24,2,0,145,10.48,10.48,0.0,104.378419,0.0
2019-01-24,2,0,146,19.97,19.97,0.0,150.736424,0.0
2019-01-24,2,0,152,0.0,0.0,0.0,0.0,0.0
2019-01-24,2,0,153,0.0,0.0,0.0,0.0,0.0
2019-01-24,2,0,154,0.0,0.0,0.0,0.0,0.0
2019-01-24,2,0,157,40.68,40.68,0.0,323.527772,0.0
2019-01-24,2,0,158,0.0,0.0,0.0,0.0,0.0
2019-01-24,2,0,159,0.0,0.0,0.0,0.0,0.0
2019-01-24,2,0,160,0.0,0.0,0.0,0.0,0.0
2019-01-24,2,0,161,0.0,0.0,0.0,0.0,0.0
2019-01-24,2,0,162,4.19,4.19,0.0,120.417177,0.0
2019-01-24,2,0,163,49.13,49.13,0.0,370.840285,0.0
2019-01-24,2,0,164,0.0,0.0,0.0,0.0,0.0
2019-01-24,2,0,167,0.0,0.0,0.0,0.0,0.0
2019-01-24,2,0,168,0.0,0.0,0.0,0.0,0.0
2019-01-24,2,0,169,0.0,0.0,0.0,0.0,0.0
2019-01-24,2,0,170,0.0,0.0,0.0,0.0,0.0
2019-01-24,2,0,172,0.0,0.0,0.0,0.0,0.0
2019-01-24,2,0,173,0.0,0.0,0.0,0.0,0.0
2019-01-24,2,0,188,0.0,0.0,0.0,0.0,0.0
2019-01-24,2,0,190,0.0,0.0,0.0,0.0,0.0
2019-01-24,2,0,191,0.0,0.0,0.0,0.0,0.0
2019-01-24,2,0,192,48.81,48.81,0.0,1454.945005,0.0
2019-01-24,2,0,194,73.02,73.02,0.0,576.091053,0.0
2019-01-24,2,0,196,0.0,0.0,0.0,0.0,0.0
2019-01-24,2,0,198,0.0,0.0,0.0,0.0,0.0
2019-01-24,2,0,199,2.67,2.67,0.0,25.780513,0.0
2019-01-24,2,0,200,0.0,0.0,0.0,0.0,0.0
2019-01-24,2,0,204,326.2,326.2,0.0,3458.159626,0.0
2019-01-24,2,0,205,352.4,352.4,0.0,3760.720804,0.0
2019-01-24,2,0,206,184.76,184.76,0.0,1759.730999,0.0
2019-01-24,2,0,210,0.0,0.0,0.0,0.0,0.0
2019-01-24,2,0,214,0.0,0.0,0.0,0.0,0.0
2019-01-24,2,0,217,0.0,0.0,0.0,0.0,0.0
2019-01-24,2,0,218,0.0,0.0,0.0,0.0,0.0
2019-01-24,2,0,219,0.0,0.0,0.0,0.0,0.0
2019-01-24,2,0,221,0.0,0.0,0.0,0.0,0.0
2019-01-24,2,0,225,0.0,0.0,0.0,0.0,0.0
2019-01-24,2,0,233,0.0,0.0,0.0,0.0,0.0
2019-01-24,2,0,236,3.84,3.84,0.0,45.354635,0.0
2019-01-24,2,0,237,9.57,9.57,0.0,109.550459,0.0
2019-01-24,2,0,238,0.0,0.0,0.0,0.0,0.0
2019-01-24,2,0,240,0.0,0.0,0.0,0.0,0.0
2019-01-24,2,0,245,0.0,0.0,0.0,0.0,0.0
2019-01-24,2,0,247,0.0,0.0,0.0,0.0,0.0
2019-01-24,2,0,248,0.96,0.96,0.0,10.989388,0.0
2019-01-24,2,0,249,0.0,0.0,0.0,0.0,0.0
2019-01-24,2,0,251,0.0,0.0,0.0,0.0,0.0
2019-01-24,2,0,252,0.0,0.0,0.0,0.0,0.0
2019-01-24,2,0,254,0.0,0.0,0.0,0.0,0.0
2019-01-24,2,0,255,0.0,0.0,0.0,0.0,0.0
2019-01-24,2,0,258,0.0,0.0,0.0,0.0,0.0
2019-01-24,2,0,260,0.0,0.0,0.0,0.0,0.0
2019-01-24,2,0,265,0.0,0.0,0.0,0.0,0.0
2019-01-24,2,0,266,37.95,37.95,0.0,390.301497,0.0
2019-01-24,2,0,267,46.64,46.64,0.0,479.674883,0.0
2019-01-24,2,0,270,153.42,153.42,0.0,1158.03616,0.0
2019-01-24,2,0,272,148.52,148.52,0.0,1192.22105,0.0
2019-01-24,2,0,273,0.0,0.0,0.0,0.0,0.0
2019-01-24,2,0,274,197.78,197.78,0.0,1492.871802,0.0
2019-01-24,2,0,275,275.32,275.32,0.0,2078.154841,0.0
2019-01-24,2,0,276,0.0,0.0,0.0,0.0,0.0
2019-01-24,2,0,277,0.0,0.0,0.0,0.0,0.0
2019-01-24,2,0,278,0.0,0.0,0.0,0.0,0.0
2019-01-24,2,0,279,89.32,89.32,0.0,726.069963,0.0
2019-01-24,2,0,281,2.93,2.93,0.0,27.947301,0.0
2019-01-24,2,0,282,0.0,0.0,0.0,0.0,0.0
2019-01-24,3,0,9,0.0,0.0,0.0,0.0,0.0
2019-01-24,3,0,17,0.0,0.0,0.0,0.0,0.0
2019-01-24,3,0,19,0.0,0.0,0.0,0.0,0.0
2019-01-24,3,0,20,0.0,0.0,0.0,0.0,0.0
2019-01-24,3,0,21,0.0,0.0,0.0,0.0,0.0
2019-01-24,3,0,22,0.0,0.0,0.0,0.0,0.0
2019-01-24,3,0,23,40.67,40.67,0.0,441.923943,0.0
2019-01-24,3,0,24,71.96,71.96,0.0,781.923948,0.0
2019-01-24,3,0,29,0.0,0.0,0.0,0.0,0.0
2019-01-24,3,0,30,0.0,0.0,0.0,0.0,0.0
2019-01-24,3,0,31,5.09,5.09,0.0,55.30432,0.0
2019-01-24,3,0,32,0.0,0.0,0.0,0.0,0.0
2019-01-24,3,0,33,0.0,0.0,0.0,0.0,0.0
2019-01-24,3,0,34,0.0,0.0,0.0,0.0,0.0
2019-01-24,3,0,35,0.0,0.0,0.0,0.0,0.0
2019-01-24,3,0,36,0.0,0.0,0.0,0.0,0.0
2019-01-24,3,0,37,0.0,0.0,0.0,0.0,0.0
2019-01-24,3,0,38,0.0,0.0,0.0,0.0,0.0
2019-01-24,3,0,39,0.0,0.0,0.0,0.0,0.0
2019-01-24,3,0,40,0.0,0.0,0.0,0.0,0.0
2019-01-24,3,0,41,45.46,45.46,0.0,496.841049,0.0
2019-01-24,3,0,42,0.0,0.0,0.0,0.0,0.0
2019-01-24,3,0,43,0.0,0.0,0.0,0.0,0.0
2019-01-24,3,0,46,0.0,0.0,0.0,0.0,0.0
2019-01-24,3,0,52,5.39,5.39,0.0,58.563907,0.0
2019-01-24,3,0,53,8.57,8.57,0.0,93.115526,0.0
2019-01-24,3,0,55,201.1,201.1,0.0,2185.171011,0.0
2019-01-24,3,0,56,0.0,0.0,0.0,0.0,0.0
2019-01-24,3,0,57,0.0,0.0,0.0,0.0,0.0
2019-01-24,3,0,58,0.0,0.0,0.0,0.0,0.0
2019-01-24,3,0,59,0.0,0.0,0.0,0.0,0.0
2019-01-24,3,0,63,44.91,44.91,0.0,1338.692485,0.0
2019-01-24,3,0,64,52.84,52.84,0.0,1575.07261,0.0
2019-01-24,3,0,65,0.0,0.0,0.0,0.0,0.0
2019-01-24,3,0,67,0.0,0.0,0.0,0.0,0.0
2019-01-24,3,0,68,2.59,2.59,0.0,26.515214,0.0
2019-01-24,3,0,69,0.0,0.0,0.0,0.0,0.0
2019-01-24,3,0,74,2.72,2.72,0.0,30.170152,0.0
2019-01-24,3,0,77,71.31,71.31,0.0,769.689534,0.0
2019-01-24,3,0,78,53.91,53.91,0.0,581.881402,0.0
2019-01-24,3,0,79,31.2,31.2,0.0,336.759409,0.0
2019-01-24,3,0,80,50.45,50.45,0.0,544.535647,0.0
2019-01-24,3,0,81,65.96,65.96,0.0,711.943931,0.0
2019-01-24,3,0,82,46.53,46.53,0.0,502.22485,0.0
2019-01-24,3,0,83,103.76,103.76,0.0,1119.940907,0.0
2019-01-24,3,0,84,0.0,0.0,0.0,0.0,0.0
2019-01-24,3,0,86,0.0,0.0,0.0,0.0,0.0
2019-01-24,3,0,87,0.0,0.0,0.0,0.0,0.0
2019-01-24,3,0,88,59.72,59.72,0.0,644.592049,0.0
2019-01-24,3,0,89,57.41,57.41,0.0,619.6589,0.0
2019-01-24,3,0,90,77.09,77.09,0.0,832.076374,0.0
2019-01-24,3,0,91,274.98,274.98,0.0,2968.016101,0.0
2019-01-24,3,0,92,98.89,98.89,0.0,1067.376217,0.0
2019-01-24,3,0,95,1.9,1.9,0.0,54.724835,0.0
2019-01-24,3,0,96,9.65,9.65,0.0,104.841942,0.0
2019-01-24,3,0,97,59.31,59.31,0.0,644.370527,0.0
2019-01-24,3,0,99,0.53,0.53,0.0,5.878743,0.0
2019-01-24,3,0,101,0.0,0.0,0.0,0.0,0.0
2019-01-24,3,0,102,6.13,6.13,0.0,62.756086,0.0
2019-01-24,3,0,103,5.33,5.33,0.0,54.566059,0.0
2019-01-24,3,0,104,0.99,0.99,0.0,10.135159,0.0
2019-01-24,3,0,106,0.0,0.0,0.0,0.0,0.0
2019-01-24,3,0,109,74.12,74.12,0.0,809.299206,0.0
2019-01-24,3,0,110,0.0,0.0,0.0,0.0,0.0
2019-01-24,3,0,111,0.0,0.0,0.0,0.0,0.0
2019-01-24,3,0,113,25.47,25.47,0.0,277.938649,0.0
2019-01-24,3,0,115,25.47,25.47,0.0,277.938649,0.0
2019-01-24,3,0,116,0.0,0.0,0.0,0.0,0.0
2019-01-24,3,0,117,1.31,1.31,0.0,14.295235,0.0
2019-01-24,3,0,119,52.84,52.84,0.0,1575.07261,0.0
2019-01-24,3,0,120,31.07,31.07,0.0,926.145079,0.0
2019-01-24,3,0,123,0.0,0.0,0.0,0.0,0.0
2019-01-24,3,0,125,65.12,65.12,0.0,707.599882,0.0
2019-01-24,3,0,126,0.0,0.0,0.0,0.0,0.0
2019-01-24,3,0,127,0.0,0.0,0.0,0.0,0.0
2019-01-24,3,0,128,93.27,93.27,0.0,1013.480359,0.0
2019-01-24,3,0,131,9.92,9.92,0.0,103.310285,0.0
2019-01-24,3,0,132,14.58,14.58,0.0,151.841124,0.0
2019-01-24,3,0,133,0.0,0.0,0.0,0.0,0.0
2019-01-24,3,0,134,0.0,0.0,0.0,0.0,0.0
2019-01-24,3,0,135,0.0,0.0,0.0,0.0,0.0
2019-01-24,3,0,136,0.0,0.0,0.0,0.0,0.0
2019-01-24,3,0,139,58.7,58.7,0.0,641.543545,0.0
2019-01-24,3,0,140,0.0,0.0,0.0,0.0,0.0
2019-01-24,3,0,141,81.28,81.28,0.0,778.296707,0.0
2019-01-24,3,0,142,0.0,0.0,0.0,0.0,0.0
2019-01-24,3,0,143,8.31,8.31,0.0,90.29055,0.0
2019-01-24,3,0,145,10.0,10.0,0.0,108.855381,0.0
2019-01-24,3,0,146,7.86,7.86,0.0,59.328407,0.0
2019-01-24,3,0,152,0.0,0.0,0.0,0.0,0.0
2019-01-24,3,0,153,0.0,0.0,0.0,0.0,0.0
2019-01-24,3,0,154,0.0,0.0,0.0,0.0,0.0
2019-01-24,3,0,157,22.21,22.21,0.0,212.671873,0.0
2019-01-24,3,0,158,0.0,0.0,0.0,0.0,0.0
2019-01-24,3,0,159,0.0,0.0,0.0,0.0,0.0
2019-01-24,3,0,160,0.0,0.0,0.0,0.0,0.0
2019-01-24,3,0,161,0.0,0.0,0.0,0.0,0.0
2019-01-24,3,0,162,3.57,3.57,0.0,102.872025,0.0
2019-01-24,3,0,163,38.36,38.36,0.0,289.546781,0.0
2019-01-24,3,0,164,0.0,0.0,0.0,0.0,0.0
2019-01-24,3,0,167,0.0,0.0,0.0,0.0,0.0
2019-01-24,3,0,168,0.0,0.0,0.0,0.0,0.0
2019-01-24,3,0,169,0.0,0.0,0.0,0.0,0.0
2019-01-24,3,0,170,0.0,0.0,0.0,0.0,0.0
2019-01-24,3,0,172,0.0,0.0,0.0,0.0,0.0
2019-01-24,3,0,173,0.0,0.0,0.0,0.0,0.0
2019-01-24,3,0,188,0.0,0.0,0.0,0.0,0.0
2019-01-24,3,0,190,0.0,0.0,0.0,0.0,0.0
2019-01-24,3,0,191,0.0,0.0,0.0,0.0,0.0
2019-01-24,3,0,192,33.31,33.31,0.0,992.915757,0.0
2019-01-24,3,0,194,68.69,68.69,0.0,791.037151,0.0
2019-01-24,3,0,196,0.0,0.0,0.0,0.0,0.0
2019-01-24,3,0,198,0.0,0.0,0.0,0.0,0.0
2019-01-24,3,0,199,4.42,4.42,0.0,50.347425,0.0
2019-01-24,3,0,200,0.0,0.0,0.0,0.0,0.0
2019-01-24,3,0,204,325.07,325.07,0.0,3545.20732,0.0
2019-01-24,3,0,205,392.08,392.08,0.0,4281.031202,0.0
2019-01-24,3,0,206,174.29,174.29,0.0,1893.564984,0.0
2019-01-24,3,0,210,0.0,0.0,0.0,0.0,0.0
2019-01-24,3,0,214,0.0,0.0,0.0,0.0,0.0
2019-01-24,3,0,217,0.0,0.0,0.0,0.0,0.0
2019-01-24,3,0,218,0.0,0.0,0.0,0.0,0.0
2019-01-24,3,0,219,0.0,0.0,0.0,0.0,0.0
2019-01-24,3,0,221,0.0,0.0,0.0,0.0,0.0
2019-01-24,3,0,225,0.0,0.0,0.0,0.0,0.0
2019-01-24,3,0,233,0.0,0.0,0.0,0.0,0.0
2019-01-24,3,0,236,0.0,0.0,0.0,0.0,0.0
2019-01-24,3,0,237,6.53,6.53,0.0,72.430549,0.0
2019-01-24,3,0,238,0.0,0.0,0.0,0.0,0.0
2019-01-24,3,0,240,0.0,0.0,0.0,0.0,0.0
2019-01-24,3,0,245,0.0,0.0,0.0,0.0,0.0
2019-01-24,3,0,247,0.0,0.0,0.0,0.0,0.0
2019-01-24,3,0,248,0.66,0.66,0.0,7.320699,0.0
2019-01-24,3,0,249,0.0,0.0,0.0,0.0,0.0
2019-01-24,3,0,251,0.0,0.0,0.0,0.0,0.0
2019-01-24,3,0,252,0.0,0.0,0.0,0.0,0.0
2019-01-24,3,0,254,0.0,0.0,0.0,0.0,0.0
2019-01-24,3,0,255,0.0,0.0,0.0,0.0,0.0
2019-01-24,3,0,258,0.0,0.0,0.0,0.0,0.0
2019-01-24,3,0,260,0.0,0.0,0.0,0.0,0.0
2019-01-24,3,0,265,0.0,0.0,0.0,0.0,0.0
2019-01-24,3,0,266,38.01,38.01,0.0,415.418572,0.0
2019-01-24,3,0,267,46.71,46.71,0.0,510.502538,0.0
2019-01-24,3,0,270,119.8,119.8,0.0,904.267579,0.0
2019-01-24,3,0,272,104.04,104.04,0.0,1135.325363,0.0
2019-01-24,3,0,273,0.0,0.0,0.0,0.0,0.0
2019-01-24,3,0,274,154.44,154.44,0.0,1165.735267,0.0
2019-01-24,3,0,275,214.98,214.98,0.0,1622.699868,0.0
2019-01-24,3,0,276,0.0,0.0,0.0,0.0,0.0
2019-01-24,3,0,277,0.0,0.0,0.0,0.0,0.0
2019-01-24,3,0,278,0.0,0.0,0.0,0.0,0.0
2019-01-24,3,0,279,72.4,72.4,0.0,786.608279,0.0
2019-01-24,3,0,281,2.28,2.28,0.0,24.772859,0.0
2019-01-24,3,0,282,0.0,0.0,0.0,0.0,0.0
2019-01-24,4,0,9,0.0,0.0,0.0,0.0,0.0
2019-01-24,4,0,17,0.0,0.0,0.0,0.0,0.0
2019-01-24,4,0,19,0.0,0.0,0.0,0.0,0.0
2019-01-24,4,0,20,0.0,0.0,0.0,0.0,0.0
2019-01-24,4,0,21,0.0,0.0,0.0,0.0,0.0
2019-01-24,4,0,22,0.0,0.0,0.0,0.0,0.0
2019-01-24,4,0,23,34.52,34.52,0.0,464.211124,0.0
2019-01-24,4,0,24,57.04,57.04,0.0,767.051058,0.0
2019-01-24,4,0,29,0.0,0.0,0.0,0.0,0.0
2019-01-24,4,0,30,0.0,0.0,0.0,0.0,0.0
2019-01-24,4,0,31,3.95,3.95,0.0,53.150933,0.0
2019-01-24,4,0,32,0.0,0.0,0.0,0.0,0.0
2019-01-24,4,0,33,0.0,0.0,0.0,0.0,0.0
2019-01-24,4,0,34,0.0,0.0,0.0,0.0,0.0
2019-01-24,4,0,35,0.0,0.0,0.0,0.0,0.0
2019-01-24,4,0,36,0.0,0.0,0.0,0.0,0.0
2019-01-24,4,0,37,0.0,0.0,0.0,0.0,0.0
2019-01-24,4,0,38,0.0,0.0,0.0,0.0,0.0
2019-01-24,4,0,39,0.0,0.0,0.0,0.0,0.0
2019-01-24,4,0,40,0.0,0.0,0.0,0.0,0.0
2019-01-24,4,0,41,45.95,45.95,0.0,598.822039,0.0
2019-01-24,4,0,42,0.0,0.0,0.0,0.0,0.0
2019-01-24,4,0,43,0.0,0.0,0.0,0.0,0.0
2019-01-24,4,0,46,0.0,0.0,0.0,0.0,0.0
2019-01-24,4,0,52,4.18,4.18,0.0,56.245798,0.0
2019-01-24,4,0,53,6.64,6.64,0.0,89.347392,0.0
2019-01-24,4,0,55,185.93,185.93,0.0,2500.312117,0.0
2019-01-24,4,0,56,0.0,0.0,0.0,0.0,0.0
2019-01-24,4,0,57,0.0,0.0,0.0,0.0,0.0
2019-01-24,4,0,58,0.0,0.0,0.0,0.0,0.0
2019-01-24,4,0,59,0.0,0.0,0.0,0.0,0.0
2019-01-24,4,0,63,39.2,39.2,0.0,1168.486872,0.0
2019-01-24,4,0,64,46.12,46.12,0.0,1374.760574,0.0
2019-01-24,4,0,65,0.0,0.0,0.0,0.0,0.0
2019-01-24,4,0,67,0.0,0.0,0.0,0.0,0.0
2019-01-24,4,0,68,2.04,2.04,0.0,26.840729,0.0
2019-01-24,4,0,69,0.0,0.0,0.0,0.0,0.0
2019-01-24,4,0,74,1.83,1.83,0.0,22.905018,0.0
2019-01-24,4,0,77,66.23,66.23,0.0,943.958104,0.0
2019-01-24,4,0,78,50.07,50.07,0.0,713.634037,0.0
2019-01-24,4,0,79,28.97,28.97,0.0,412.901499,0.0
2019-01-24,4,0,80,46.86,46.86,0.0,667.882783,0.0
2019-01-24,4,0,81,61.26,61.26,0.0,873.122051,0.0
2019-01-24,4,0,82,43.21,43.21,0.0,615.86033,0.0
2019-01-24,4,0,83,96.36,96.36,0.0,1373.392765,0.0
2019-01-24,4,0,84,0.0,0.0,0.0,0.0,0.0
2019-01-24,4,0,86,0.0,0.0,0.0,0.0,0.0
2019-01-24,4,0,87,0.0,0.0,0.0,0.0,0.0
2019-01-24,4,0,88,52.61,52.61,0.0,749.835963,0.0
2019-01-24,4,0,89,50.57,50.57,0.0,720.7604,0.0
2019-01-24,4,0,90,67.9,67.9,0.0,967.760157,0.0
2019-01-24,4,0,91,242.22,242.22,0.0,3452.295513,0.0
2019-01-24,4,0,92,87.11,87.11,0.0,1241.555042,0.0
2019-01-24,4,0,95,3.4,3.4,0.0,98.051283,0.0
2019-01-24,4,0,96,9.1,9.1,0.0,122.528239,0.0
2019-01-24,4,0,97,55.95,55.95,0.0,753.346701,0.0
2019-01-24,4,0,99,0.35,0.35,0.0,4.380741,0.0
2019-01-24,4,0,101,0.0,0.0,0.0,0.0,0.0
2019-01-24,4,0,102,4.83,4.83,0.0,63.549373,0.0
2019-01-24,4,0,103,4.2,4.2,0.0,55.260324,0.0
2019-01-24,4,0,104,0.78,0.78,0.0,10.262632,0.0
2019-01-24,4,0,106,0.0,0.0,0.0,0.0,0.0
2019-01-24,4,0,109,75.17,75.17,0.0,955.590864,0.0
2019-01-24,4,0,110,16.31,16.31,0.0,123.110219,0.0
2019-01-24,4,0,111,0.0,0.0,0.0,0.0,0.0
2019-01-24,4,0,113,12.57,12.57,0.0,184.921365,0.0
2019-01-24,4,0,115,12.57,12.57,0.0,184.921365,0.0
2019-01-24,4,0,116,0.0,0.0,0.0,0.0,0.0
2019-01-24,4,0,117,0.84,0.84,0.0,12.357514,0.0
2019-01-24,4,0,119,46.12,46.12,0.0,1374.760574,0.0
2019-01-24,4,0,120,27.12,27.12,0.0,808.402142,0.0
2019-01-24,4,0,123,0.0,0.0,0.0,0.0,0.0
2019-01-24,4,0,125,52.34,52.34,0.0,703.847342,0.0
2019-01-24,4,0,126,0.0,0.0,0.0,0.0,0.0
2019-01-24,4,0,127,0.0,0.0,0.0,0.0,0.0
2019-01-24,4,0,128,71.08,71.08,0.0,955.85535,0.0
2019-01-24,4,0,131,9.26,9.26,0.0,125.250556,0.0
2019-01-24,4,0,132,13.61,13.61,0.0,184.088559,0.0
2019-01-24,4,0,133,0.0,0.0,0.0,0.0,0.0
2019-01-24,4,0,134,0.0,0.0,0.0,0.0,0.0
2019-01-24,4,0,135,0.0,0.0,0.0,0.0,0.0
2019-01-24,4,0,136,0.0,0.0,0.0,0.0,0.0
2019-01-24,4,0,139,59.33,59.33,0.0,773.190677,0.0
2019-01-24,4,0,140,12.07,12.07,0.0,91.106091,0.0
2019-01-24,4,0,141,72.98,72.98,0.0,859.446227,0.0
2019-01-24,4,0,142,0.0,0.0,0.0,0.0,0.0
2019-01-24,4,0,143,6.71,6.71,0.0,90.289307,0.0
2019-01-24,4,0,145,9.59,9.59,0.0,126.398973,0.0
2019-01-24,4,0,146,24.34,24.34,0.0,183.72181,0.0
2019-01-24,4,0,152,0.0,0.0,0.0,0.0,0.0
2019-01-24,4,0,153,0.0,0.0,0.0,0.0,0.0
2019-01-24,4,0,154,0.0,0.0,0.0,0.0,0.0
2019-01-24,4,0,157,19.04,19.04,0.0,224.223844,0.0
2019-01-24,4,0,158,0.0,0.0,0.0,0.0,0.0
2019-01-24,4,0,159,0.0,0.0,0.0,0.0,0.0
2019-01-24,4,0,160,0.0,0.0,0.0,0.0,0.0
2019-01-24,4,0,161,0.0,0.0,0.0,0.0,0.0
2019-01-24,4,0,162,3.04,3.04,0.0,87.701764,0.0
2019-01-24,4,0,163,31.05,31.05,0.0,234.369853,0.0
2019-01-24,4,0,164,0.0,0.0,0.0,0.0,0.0
2019-01-24,4,0,167,0.0,0.0,0.0,0.0,0.0
2019-01-24,4,0,168,0.0,0.0,0.0,0.0,0.0
2019-01-24,4,0,169,0.0,0.0,0.0,0.0,0.0
2019-01-24,4,0,170,0.0,0.0,0.0,0.0,0.0
2019-01-24,4,0,172,0.0,0.0,0.0,0.0,0.0
2019-01-24,4,0,173,0.0,0.0,0.0,0.0,0.0
2019-01-24,4,0,188,0.0,0.0,0.0,0.0,0.0
2019-01-24,4,0,190,0.0,0.0,0.0,0.0,0.0
2019-01-24,4,0,191,0.0,0.0,0.0,0.0,0.0
2019-01-24,4,0,192,26.79,26.79,0.0,798.56539,0.0
2019-01-24,4,0,194,64.88,64.88,0.0,1048.913744,0.0
2019-01-24,4,0,196,0.0,0.0,0.0,0.0,0.0
2019-01-24,4,0,198,0.0,0.0,0.0,0.0,0.0
2019-01-24,4,0,199,6.78,6.78,0.0,93.138858,0.0
2019-01-24,4,0,200,0.0,0.0,0.0,0.0,0.0
2019-01-24,4,0,204,327.05,327.05,0.0,4165.602699,0.0
2019-01-24,4,0,205,397.65,397.65,0.0,5055.08457,0.0
2019-01-24,4,0,206,164.41,164.41,0.0,2213.721734,0.0
2019-01-24,4,0,210,0.0,0.0,0.0,0.0,0.0
2019-01-24,4,0,214,0.0,0.0,0.0,0.0,0.0
2019-01-24,4,0,217,0.0,0.0,0.0,0.0,0.0
2019-01-24,4,0,218,0.0,0.0,0.0,0.0,0.0
2019-01-24,4,0,219,0.0,0.0,0.0,0.0,0.0
2019-01-24,4,0,221,0.0,0.0,0.0,0.0,0.0
2019-01-24,4,0,225,0.0,0.0,0.0,0.0,0.0
2019-01-24,4,0,233,0.0,0.0,0.0,0.0,0.0
2019-01-24,4,0,236,0.0,0.0,0.0,0.0,0.0
2019-01-24,4,0,237,4.39,4.39,0.0,54.94701,0.0
2019-01-24,4,0,238,0.0,0.0,0.0,0.0,0.0
2019-01-24,4,0,240,0.0,0.0,0.0,0.0,0.0
2019-01-24,4,0,245,0.0,0.0,0.0,0.0,0.0
2019-01-24,4,0,247,0.0,0.0,0.0,0.0,0.0
2019-01-24,4,0,248,0.44,0.44,0.0,5.507217,0.0
2019-01-24,4,0,249,0.0,0.0,0.0,0.0,0.0
2019-01-24,4,0,251,0.0,0.0,0.0,0.0,0.0
2019-01-24,4,0,252,0.0,0.0,0.0,0.0,0.0
2019-01-24,4,0,254,0.0,0.0,0.0,0.0,0.0
2019-01-24,4,0,255,0.0,0.0,0.0,0.0,0.0
2019-01-24,4,0,258,0.0,0.0,0.0,0.0,0.0
2019-01-24,4,0,260,0.0,0.0,0.0,0.0,0.0
2019-01-24,4,0,265,0.0,0.0,0.0,0.0,0.0
2019-01-24,4,0,266,38.42,38.42,0.0,500.690811,0.0
2019-01-24,4,0,267,47.21,47.21,0.0,615.242404,0.0
2019-01-24,4,0,270,96.98,96.98,0.0,732.018947,0.0
2019-01-24,4,0,272,42.02,42.02,0.0,618.169909,0.0
2019-01-24,4,0,273,0.0,0.0,0.0,0.0,0.0
2019-01-24,4,0,274,125.02,125.02,0.0,943.668888,0.0
2019-01-24,4,0,275,174.04,174.04,0.0,1313.678877,0.0
2019-01-24,4,0,276,0.0,0.0,0.0,0.0,0.0
2019-01-24,4,0,277,0.0,0.0,0.0,0.0,0.0
2019-01-24,4,0,278,0.0,0.0,0.0,0.0,0.0
2019-01-24,4,0,279,57.98,57.98,0.0,842.302484,0.0
2019-01-24,4,0,281,1.77,1.77,0.0,23.817001,0.0
2019-01-24,4,0,282,0.0,0.0,0.0,0.0,0.0
2019-01-24,5,0,9,0.0,0.0,0.0,0.0,0.0
2019-01-24,5,0,17,0.0,0.0,0.0,0.0,0.0
2019-01-24,5,0,19,0.0,0.0,0.0,0.0,0.0
2019-01-24,5,0,20,0.0,0.0,0.0,0.0,0.0
2019-01-24,5,0,21,0.0,0.0,0.0,0.0,0.0
2019-01-24,5,0,22,0.0,0.0,0.0,0.0,0.0
2019-01-24,5,0,23,35.44,35.44,0.0,524.469045,0.0
2019-01-24,5,0,24,62.71,62.71,0.0,928.031992,0.0
2019-01-24,5,0,29,0.0,0.0,0.0,0.0,0.0
2019-01-24,5,0,30,0.0,0.0,0.0,0.0,0.0
2019-01-24,5,0,31,4.75,4.75,0.0,70.286905,0.0
2019-01-24,5,0,32,0.0,0.0,0.0,0.0,0.0
2019-01-24,5,0,33,0.0,0.0,0.0,0.0,0.0
2019-01-24,5,0,34,0.0,0.0,0.0,0.0,0.0
2019-01-24,5,0,35,0.0,0.0,0.0,0.0,0.0
2019-01-24,5,0,36,0.0,0.0,0.0,0.0,0.0
2019-01-24,5,0,37,0.0,0.0,0.0,0.0,0.0
2019-01-24,5,0,38,0.0,0.0,0.0,0.0,0.0
2019-01-24,5,0,39,0.0,0.0,0.0,0.0,0.0
2019-01-24,5,0,40,0.0,0.0,0.0,0.0,0.0
2019-01-24,5,0,41,43.73,43.73,0.0,653.358845,0.0
2019-01-24,5,0,42,0.0,0.0,0.0,0.0,0.0
2019-01-24,5,0,43,0.0,0.0,0.0,0.0,0.0
2019-01-24,5,0,46,0.0,0.0,0.0,0.0,0.0
2019-01-24,5,0,52,5.03,5.03,0.0,74.430133,0.0
2019-01-24,5,0,53,8.0,8.0,0.0,118.377945,0.0
2019-01-24,5,0,55,132.15,132.15,0.0,1955.659827,0.0
2019-01-24,5,0,56,0.0,0.0,0.0,0.0,0.0
2019-01-24,5,0,57,0.0,0.0,0.0,0.0,0.0
2019-01-24,5,0,58,0.0,0.0,0.0,0.0,0.0
2019-01-24,5,0,59,0.0,0.0,0.0,0.0,0.0
2019-01-24,5,0,63,36.06,36.06,0.0,980.439667,0.0
2019-01-24,5,0,64,42.42,42.42,0.0,1153.36247,0.0
2019-01-24,5,0,65,0.0,0.0,0.0,0.0,0.0
2019-01-24,5,0,67,0.0,0.0,0.0,0.0,0.0
2019-01-24,5,0,68,1.59,1.59,0.0,21.379017,0.0
2019-01-24,5,0,69,0.0,0.0,0.0,0.0,0.0
2019-01-24,5,0,74,1.57,1.57,0.0,24.106729,0.0
2019-01-24,5,0,77,59.48,59.48,0.0,872.196146,0.0
2019-01-24,5,0,78,44.96,44.96,0.0,659.2794,0.0
2019-01-24,5,0,79,26.02,26.02,0.0,381.549155,0.0
2019-01-24,5,0,80,42.08,42.08,0.0,617.04798,0.0
2019-01-24,5,0,81,55.02,55.02,0.0,806.796099,0.0
2019-01-24,5,0,82,38.81,38.81,0.0,569.097721,0.0
2019-01-24,5,0,83,86.54,86.54,0.0,1268.995536,0.0
2019-01-24,5,0,84,0.0,0.0,0.0,0.0,0.0
2019-01-24,5,0,86,0.0,0.0,0.0,0.0,0.0
2019-01-24,5,0,87,0.0,0.0,0.0,0.0,0.0
2019-01-24,5,0,88,46.47,46.47,0.0,681.421569,0.0
2019-01-24,5,0,89,44.67,44.67,0.0,655.026931,0.0
2019-01-24,5,0,90,59.98,59.98,0.0,879.52799,0.0
2019-01-24,5,0,91,213.97,213.97,0.0,3137.589264,0.0
2019-01-24,5,0,92,76.95,76.95,0.0,1128.370771,0.0
2019-01-24,5,0,95,1.94,1.94,0.0,51.028847,0.0
2019-01-24,5,0,96,7.94,7.94,0.0,117.47729,0.0
2019-01-24,5,0,97,48.83,48.83,0.0,722.47054,0.0
2019-01-24,5,0,99,0.3,0.3,0.0,4.606381,0.0
2019-01-24,5,0,101,0.0,0.0,0.0,0.0,0.0
2019-01-24,5,0,102,3.76,3.76,0.0,50.556669,0.0
2019-01-24,5,0,103,3.27,3.27,0.0,43.968167,0.0
2019-01-24,5,0,104,0.61,0.61,0.0,8.202013,0.0
2019-01-24,5,0,106,0.0,0.0,0.0,0.0,0.0
2019-01-24,5,0,109,69.86,69.86,0.0,1039.799294,0.0
2019-01-24,5,0,110,19.14,19.14,0.0,144.471465,0.0
2019-01-24,5,0,111,0.0,0.0,0.0,0.0,0.0
2019-01-24,5,0,113,25.99,25.99,0.0,388.019103,0.0
2019-01-24,5,0,115,25.99,25.99,0.0,388.019103,0.0
2019-01-24,5,0,116,0.0,0.0,0.0,0.0,0.0
2019-01-24,5,0,117,1.25,1.25,0.0,18.661942,0.0
2019-01-24,5,0,119,42.42,42.42,0.0,1153.36247,0.0
2019-01-24,5,0,120,24.94,24.94,0.0,678.096653,0.0
2019-01-24,5,0,123,0.0,0.0,0.0,0.0,0.0
2019-01-24,5,0,125,56.75,56.75,0.0,839.831216,0.0
2019-01-24,5,0,126,0.0,0.0,0.0,0.0,0.0
2019-01-24,5,0,127,0.0,0.0,0.0,0.0,0.0
2019-01-24,5,0,128,81.28,81.28,0.0,1202.845484,0.0
2019-01-24,5,0,131,8.07,8.07,0.0,111.637641,0.0
2019-01-24,5,0,132,11.86,11.86,0.0,164.067215,0.0
2019-01-24,5,0,133,0.0,0.0,0.0,0.0,0.0
2019-01-24,5,0,134,0.0,0.0,0.0,0.0,0.0
2019-01-24,5,0,135,0.0,0.0,0.0,0.0,0.0
2019-01-24,5,0,136,0.0,0.0,0.0,0.0,0.0
2019-01-24,5,0,139,56.48,56.48,0.0,843.853362,0.0
2019-01-24,5,0,140,14.16,14.16,0.0,106.881711,0.0
2019-01-24,5,0,141,58.44,58.44,0.0,700.935001,0.0
2019-01-24,5,0,142,0.0,0.0,0.0,0.0,0.0
2019-01-24,5,0,143,13.86,13.86,0.0,205.089789,0.0
2019-01-24,5,0,145,8.54,8.54,0.0,126.653423,0.0
2019-01-24,5,0,146,31.05,31.05,0.0,234.369853,0.0
2019-01-24,5,0,152,0.0,0.0,0.0,0.0,0.0
2019-01-24,5,0,153,0.0,0.0,0.0,0.0,0.0
2019-01-24,5,0,154,0.0,0.0,0.0,0.0,0.0
2019-01-24,5,0,157,13.71,13.71,0.0,164.439063,0.0
2019-01-24,5,0,158,0.0,0.0,0.0,0.0,0.0
2019-01-24,5,0,159,0.0,0.0,0.0,0.0,0.0
2019-01-24,5,0,160,0.0,0.0,0.0,0.0,0.0
2019-01-24,5,0,161,0.0,0.0,0.0,0.0,0.0
2019-01-24,5,0,162,3.53,3.53,0.0,92.884611,0.0
2019-01-24,5,0,163,25.32,25.32,0.0,191.118991,0.0
2019-01-24,5,0,164,0.0,0.0,0.0,0.0,0.0
2019-01-24,5,0,167,0.0,0.0,0.0,0.0,0.0
2019-01-24,5,0,168,0.0,0.0,0.0,0.0,0.0
2019-01-24,5,0,169,0.0,0.0,0.0,0.0,0.0
2019-01-24,5,0,170,0.0,0.0,0.0,0.0,0.0
2019-01-24,5,0,172,0.0,0.0,0.0,0.0,0.0
2019-01-24,5,0,173,0.0,0.0,0.0,0.0,0.0
2019-01-24,5,0,188,0.0,0.0,0.0,0.0,0.0
2019-01-24,5,0,190,0.0,0.0,0.0,0.0,0.0
2019-01-24,5,0,191,0.0,0.0,0.0,0.0,0.0
2019-01-24,5,0,192,26.14,26.14,0.0,710.723597,0.0
2019-01-24,5,0,194,60.14,60.14,0.0,977.773441,0.0
2019-01-24,5,0,196,0.0,0.0,0.0,0.0,0.0
2019-01-24,5,0,198,0.0,0.0,0.0,0.0,0.0
2019-01-24,5,0,199,6.05,6.05,0.0,72.115647,0.0
2019-01-24,5,0,200,0.0,0.0,0.0,0.0,0.0
2019-01-24,5,0,204,302.4,302.4,0.0,4490.687803,0.0
2019-01-24,5,0,205,369.56,369.56,0.0,5500.547197,0.0
2019-01-24,5,0,206,143.49,143.49,0.0,2123.024735,0.0
2019-01-24,5,0,210,0.0,0.0,0.0,0.0,0.0
2019-01-24,5,0,214,0.0,0.0,0.0,0.0,0.0
2019-01-24,5,0,217,0.0,0.0,0.0,0.0,0.0
2019-01-24,5,0,218,0.0,0.0,0.0,0.0,0.0
2019-01-24,5,0,219,0.0,0.0,0.0,0.0,0.0
2019-01-24,5,0,221,0.0,0.0,0.0,0.0,0.0
2019-01-24,5,0,225,0.0,0.0,0.0,0.0,0.0
2019-01-24,5,0,233,0.0,0.0,0.0,0.0,0.0
2019-01-24,5,0,236,0.0,0.0,0.0,0.0,0.0
2019-01-24,5,0,237,3.77,3.77,0.0,57.886859,0.0
2019-01-24,5,0,238,0.0,0.0,0.0,0.0,0.0
2019-01-24,5,0,240,0.0,0.0,0.0,0.0,0.0
2019-01-24,5,0,245,0.0,0.0,0.0,0.0,0.0
2019-01-24,5,0,247,0.0,0.0,0.0,0.0,0.0
2019-01-24,5,0,248,0.38,0.38,0.0,5.83475,0.0
2019-01-24,5,0,249,0.0,0.0,0.0,0.0,0.0
2019-01-24,5,0,251,0.0,0.0,0.0,0.0,0.0
2019-01-24,5,0,252,0.0,0.0,0.0,0.0,0.0
2019-01-24,5,0,254,0.0,0.0,0.0,0.0,0.0
2019-01-24,5,0,255,0.0,0.0,0.0,0.0,0.0
2019-01-24,5,0,258,0.0,0.0,0.0,0.0,0.0
2019-01-24,5,0,260,0.0,0.0,0.0,0.0,0.0
2019-01-24,5,0,265,0.0,0.0,0.0,0.0,0.0
2019-01-24,5,0,266,36.57,36.57,0.0,546.3831,0.0
2019-01-24,5,0,267,44.94,44.94,0.0,671.437148,0.0
2019-01-24,5,0,270,79.09,79.09,0.0,596.982662,0.0
2019-01-24,5,0,272,89.34,89.34,0.0,1333.806336,0.0
2019-01-24,5,0,273,0.0,0.0,0.0,0.0,0.0
2019-01-24,5,0,274,101.95,101.95,0.0,769.53322,0.0
2019-01-24,5,0,275,141.92,141.92,0.0,1071.232511,0.0
2019-01-24,5,0,276,0.0,0.0,0.0,0.0,0.0
2019-01-24,5,0,277,0.0,0.0,0.0,0.0,0.0
2019-01-24,5,0,278,0.0,0.0,0.0,0.0,0.0
2019-01-24,5,0,279,47.25,47.25,0.0,700.38504,0.0
2019-01-24,5,0,281,2.13,2.13,0.0,31.518128,0.0
2019-01-24,5,0,282,0.0,0.0,0.0,0.0,0.0
2019-01-24,6,0,9,0.0,0.0,0.0,0.0,0.0
2019-01-24,6,0,17,0.0,0.0,0.0,0.0,0.0
2019-01-24,6,0,19,0.0,0.0,0.0,0.0,0.0
2019-01-24,6,0,20,0.0,0.0,0.0,0.0,0.0
2019-01-24,6,0,21,0.0,0.0,0.0,0.0,0.0
2019-01-24,6,0,22,0.0,0.0,0.0,0.0,0.0
2019-01-24,6,0,23,33.49,33.49,0.0,779.475956,0.0
2019-01-24,6,0,24,59.26,59.26,0.0,1379.269787,0.0
2019-01-24,6,0,29,0.0,0.0,0.0,0.0,0.0
2019-01-24,6,0,30,0.0,0.0,0.0,0.0,0.0
2019-01-24,6,0,31,6.19,6.19,0.0,143.967351,0.0
2019-01-24,6,0,32,0.0,0.0,0.0,0.0,0.0
2019-01-24,6,0,33,0.0,0.0,0.0,0.0,0.0
2019-01-24,6,0,34,0.0,0.0,0.0,0.0,0.0
2019-01-24,6,0,35,0.0,0.0,0.0,0.0,0.0
2019-01-24,6,0,36,0.0,0.0,0.0,0.0,0.0
2019-01-24,6,0,37,0.0,0.0,0.0,0.0,0.0
2019-01-24,6,0,38,0.0,0.0,0.0,0.0,0.0
2019-01-24,6,0,39,0.0,0.0,0.0,0.0,0.0
2019-01-24,6,0,40,0.0,0.0,0.0,0.0,0.0
2019-01-24,6,0,41,42.03,42.03,0.0,1022.937536,0.0
2019-01-24,6,0,42,0.0,0.0,0.0,0.0,0.0
2019-01-24,6,0,43,0.0,0.0,0.0,0.0,0.0
2019-01-24,6,0,46,0.0,0.0,0.0,0.0,0.0
2019-01-24,6,0,52,6.56,6.56,0.0,152.572831,0.0
2019-01-24,6,0,53,10.42,10.42,0.0,242.348918,0.0
2019-01-24,6,0,55,54.01,54.01,0.0,1257.076631,0.0
2019-01-24,6,0,56,0.0,0.0,0.0,0.0,0.0
2019-01-24,6,0,57,0.0,0.0,0.0,0.0,0.0
2019-01-24,6,0,58,0.0,0.0,0.0,0.0,0.0
2019-01-24,6,0,59,0.0,0.0,0.0,0.0,0.0
2019-01-24,6,0,63,33.16,33.16,0.0,988.444507,0.0
2019-01-24,6,0,64,39.01,39.01,0.0,1162.823287,0.0
2019-01-24,6,0,65,0.0,0.0,0.0,0.0,0.0
2019-01-24,6,0,67,0.0,0.0,0.0,0.0,0.0
2019-01-24,6,0,68,1.21,1.21,0.0,23.2356,0.0
2019-01-24,6,0,69,0.0,0.0,0.0,0.0,0.0
2019-01-24,6,0,74,1.38,1.38,0.0,36.539325,0.0
2019-01-24,6,0,77,53.03,53.03,0.0,1150.612307,0.0
2019-01-24,6,0,78,40.09,40.09,0.0,869.84815,0.0
2019-01-24,6,0,79,23.2,23.2,0.0,503.379323,0.0
2019-01-24,6,0,80,37.52,37.52,0.0,814.085871,0.0
2019-01-24,6,0,81,49.05,49.05,0.0,1064.256716,0.0
2019-01-24,6,0,82,34.6,34.6,0.0,750.729508,0.0
2019-01-24,6,0,83,77.16,77.16,0.0,1674.170198,0.0
2019-01-24,6,0,84,0.0,0.0,0.0,0.0,0.0
2019-01-24,6,0,86,0.0,0.0,0.0,0.0,0.0
2019-01-24,6,0,87,0.0,0.0,0.0,0.0,0.0
2019-01-24,6,0,88,41.17,41.17,0.0,893.281325,0.0
2019-01-24,6,0,89,39.58,39.58,0.0,858.782484,0.0
2019-01-24,6,0,90,53.14,53.14,0.0,1152.999019,0.0
2019-01-24,6,0,91,189.57,189.57,0.0,4113.173204,0.0
2019-01-24,6,0,92,68.18,68.18,0.0,1479.327684,0.0
2019-01-24,6,0,95,2.73,2.73,0.0,78.065875,0.0
2019-01-24,6,0,96,6.95,6.95,0.0,161.521205,0.0
2019-01-24,6,0,97,42.73,42.73,0.0,993.064905,0.0
2019-01-24,6,0,99,0.27,0.27,0.0,7.148998,0.0
2019-01-24,6,0,101,0.0,0.0,0.0,0.0,0.0
2019-01-24,6,0,102,2.86,2.86,0.0,54.92051,0.0
2019-01-24,6,0,103,2.49,2.49,0.0,47.815409,0.0
2019-01-24,6,0,104,0.46,0.46,0.0,8.833369,0.0
2019-01-24,6,0,106,0.0,0.0,0.0,0.0,0.0
2019-01-24,6,0,109,64.96,64.96,0.0,1596.970843,0.0
2019-01-24,6,0,110,22.68,22.68,0.0,171.191892,0.0
2019-01-24,6,0,111,0.0,0.0,0.0,0.0,0.0
2019-01-24,6,0,113,29.23,29.23,0.0,641.13002,0.0
2019-01-24,6,0,115,29.23,29.23,0.0,641.13002,0.0
2019-01-24,6,0,116,0.0,0.0,0.0,0.0,0.0
2019-01-24,6,0,117,1.16,1.16,0.0,25.443408,0.0
2019-01-24,6,0,119,39.01,39.01,0.0,1162.823287,0.0
2019-01-24,6,0,120,22.94,22.94,0.0,683.803287,0.0
2019-01-24,6,0,123,0.0,0.0,0.0,0.0,0.0
2019-01-24,6,0,125,53.62,53.62,0.0,1247.999426,0.0
2019-01-24,6,0,126,0.0,0.0,0.0,0.0,0.0
2019-01-24,6,0,127,0.0,0.0,0.0,0.0,0.0
2019-01-24,6,0,128,76.8,76.8,0.0,1787.511299,0.0
2019-01-24,6,0,131,6.99,6.99,0.0,139.584706,0.0
2019-01-24,6,0,132,10.28,10.28,0.0,205.283372,0.0
2019-01-24,6,0,133,0.0,0.0,0.0,0.0,0.0
2019-01-24,6,0,134,0.0,0.0,0.0,0.0,0.0
2019-01-24,6,0,135,0.0,0.0,0.0,0.0,0.0
2019-01-24,6,0,136,0.0,0.0,0.0,0.0,0.0
2019-01-24,6,0,139,54.28,54.28,0.0,1321.081357,0.0
2019-01-24,6,0,140,16.79,16.79,0.0,126.733328,0.0
2019-01-24,6,0,141,47.2,47.2,0.0,770.963154,0.0
2019-01-24,6,0,142,0.0,0.0,0.0,0.0,0.0
2019-01-24,6,0,143,30.34,30.34,0.0,705.649343,0.0
2019-01-24,6,0,145,7.66,7.66,0.0,181.953183,0.0
2019-01-24,6,0,146,42.8,42.8,0.0,323.060538,0.0
2019-01-24,6,0,152,0.0,0.0,0.0,0.0,0.0
2019-01-24,6,0,153,0.0,0.0,0.0,0.0,0.0
2019-01-24,6,0,154,0.0,0.0,0.0,0.0,0.0
2019-01-24,6,0,157,22.6,22.6,0.0,369.147612,0.0
2019-01-24,6,0,158,0.0,0.0,0.0,0.0,0.0
2019-01-24,6,0,159,0.0,0.0,0.0,0.0,0.0
2019-01-24,6,0,160,0.0,0.0,0.0,0.0,0.0
2019-01-24,6,0,161,0.0,0.0,0.0,0.0,0.0
2019-01-24,6,0,162,4.11,4.11,0.0,117.575246,0.0
2019-01-24,6,0,163,21.12,21.12,0.0,159.416789,0.0
2019-01-24,6,0,164,0.0,0.0,0.0,0.0,0.0
2019-01-24,6,0,167,0.0,0.0,0.0,0.0,0.0
2019-01-24,6,0,168,0.0,0.0,0.0,0.0,0.0
2019-01-24,6,0,169,0.0,0.0,0.0,0.0,0.0
2019-01-24,6,0,170,0.0,0.0,0.0,0.0,0.0
2019-01-24,6,0,172,0.0,0.0,0.0,0.0,0.0
2019-01-24,6,0,173,0.0,0.0,0.0,0.0,0.0
2019-01-24,6,0,188,0.0,0.0,0.0,0.0,0.0
2019-01-24,6,0,190,0.0,0.0,0.0,0.0,0.0
2019-01-24,6,0,191,0.0,0.0,0.0,0.0,0.0
2019-01-24,6,0,192,26.19,26.19,0.0,780.680387,0.0
2019-01-24,6,0,194,55.85,55.85,0.0,1356.612287,0.0
2019-01-24,6,0,196,0.0,0.0,0.0,0.0,0.0
2019-01-24,6,0,198,0.0,0.0,0.0,0.0,0.0
2019-01-24,6,0,199,5.58,5.58,0.0,90.552108,0.0
2019-01-24,6,0,200,0.0,0.0,0.0,0.0,0.0
2019-01-24,6,0,204,279.67,279.67,0.0,6833.230565,0.0
2019-01-24,6,0,205,343.65,343.65,0.0,8448.26093,0.0
2019-01-24,6,0,206,125.56,125.56,0.0,2918.072301,0.0
2019-01-24,6,0,210,0.0,0.0,0.0,0.0,0.0
2019-01-24,6,0,214,0.0,0.0,0.0,0.0,0.0
2019-01-24,6,0,217,0.0,0.0,0.0,0.0,0.0
2019-01-24,6,0,218,0.0,0.0,0.0,0.0,0.0
2019-01-24,6,0,219,0.0,0.0,0.0,0.0,0.0
2019-01-24,6,0,221,0.0,0.0,0.0,0.0,0.0
2019-01-24,6,0,225,0.0,0.0,0.0,0.0,0.0
2019-01-24,6,0,233,0.0,0.0,0.0,0.0,0.0
2019-01-24,6,0,236,0.0,0.0,0.0,0.0,0.0
2019-01-24,6,0,237,3.3,3.3,0.0,87.376647,0.0
2019-01-24,6,0,238,0.0,0.0,0.0,0.0,0.0
2019-01-24,6,0,240,0.0,0.0,0.0,0.0,0.0
2019-01-24,6,0,245,0.0,0.0,0.0,0.0,0.0
2019-01-24,6,0,247,0.0,0.0,0.0,0.0,0.0
2019-01-24,6,0,248,0.33,0.33,0.0,8.737665,0.0
2019-01-24,6,0,249,0.0,0.0,0.0,0.0,0.0
2019-01-24,6,0,251,0.0,0.0,0.0,0.0,0.0
2019-01-24,6,0,252,0.0,0.0,0.0,0.0,0.0
2019-01-24,6,0,254,0.0,0.0,0.0,0.0,0.0
2019-01-24,6,0,255,0.0,0.0,0.0,0.0,0.0
2019-01-24,6,0,258,0.0,0.0,0.0,0.0,0.0
2019-01-24,6,0,260,0.0,0.0,0.0,0.0,0.0
2019-01-24,6,0,265,0.0,0.0,0.0,0.0,0.0
2019-01-24,6,0,266,35.14,35.14,0.0,855.246848,0.0
2019-01-24,6,0,267,43.19,43.19,0.0,1051.16993,0.0
2019-01-24,6,0,270,65.94,65.94,0.0,497.724576,0.0
2019-01-24,6,0,272,103.15,103.15,0.0,2262.489277,0.0
2019-01-24,6,0,273,0.0,0.0,0.0,0.0,0.0
2019-01-24,6,0,274,85.01,85.01,0.0,641.66767,0.0
2019-01-24,6,0,275,118.33,118.33,0.0,893.171809,0.0
2019-01-24,6,0,276,0.0,0.0,0.0,0.0,0.0
2019-01-24,6,0,277,0.0,0.0,0.0,0.0,0.0
2019-01-24,6,0,278,0.0,0.0,0.0,0.0,0.0
2019-01-24,6,0,279,38.14,38.14,0.0,832.944063,0.0
2019-01-24,6,0,281,2.78,2.78,0.0,64.657389,0.0
2019-01-24,6,0,282,0.0,0.0,0.0,0.0,0.0
2019-01-24,7,0,9,0.0,0.0,0.0,0.0,0.0
2019-01-24,7,0,17,0.0,0.0,0.0,0.0,0.0
2019-01-24,7,0,19,0.0,0.0,0.0,0.0,0.0
2019-01-24,7,0,20,0.0,0.0,0.0,0.0,0.0
2019-01-24,7,0,21,0.0,0.0,0.0,0.0,0.0
2019-01-24,7,0,22,0.0,0.0,0.0,0.0,0.0
2019-01-24,7,0,23,32.55,32.55,0.0,806.96423,0.0
2019-01-24,7,0,24,57.59,57.59,0.0,1427.744086,0.0
2019-01-24,7,0,29,0.0,0.0,0.0,0.0,0.0
2019-01-24,7,0,30,0.0,0.0,0.0,0.0,0.0
2019-01-24,7,0,31,20.6,20.6,0.0,510.174131,0.0
2019-01-24,7,0,32,0.0,0.0,0.0,0.0,0.0
2019-01-24,7,0,33,0.0,0.0,0.0,0.0,0.0
2019-01-24,7,0,34,0.0,0.0,0.0,0.0,0.0
2019-01-24,7,0,35,0.0,0.0,0.0,0.0,0.0
2019-01-24,7,0,36,0.0,0.0,0.0,0.0,0.0
2019-01-24,7,0,37,0.0,0.0,0.0,0.0,0.0
2019-01-24,7,0,38,0.0,0.0,0.0,0.0,0.0
2019-01-24,7,0,39,0.0,0.0,0.0,0.0,0.0
2019-01-24,7,0,40,0.0,0.0,0.0,0.0,0.0
2019-01-24,7,0,41,30.14,30.14,0.0,777.363977,0.0
2019-01-24,7,0,42,0.0,0.0,0.0,0.0,0.0
2019-01-24,7,0,43,0.0,0.0,0.0,0.0,0.0
2019-01-24,7,0,46,0.0,0.0,0.0,0.0,0.0
2019-01-24,7,0,52,21.84,21.84,0.0,540.883642,0.0
2019-01-24,7,0,53,34.7,34.7,0.0,859.370988,0.0
2019-01-24,7,0,55,56.85,56.85,0.0,1409.398355,0.0
2019-01-24,7,0,56,0.0,0.0,0.0,0.0,0.0
2019-01-24,7,0,57,0.0,0.0,0.0,0.0,0.0
2019-01-24,7,0,58,0.0,0.0,0.0,0.0,0.0
2019-01-24,7,0,59,0.0,0.0,0.0,0.0,0.0
2019-01-24,7,0,63,30.45,30.45,0.0,907.663909,0.0
2019-01-24,7,0,64,35.83,35.83,0.0,1068.032771,0.0
2019-01-24,7,0,65,0.0,0.0,0.0,0.0,0.0
2019-01-24,7,0,67,0.0,0.0,0.0,0.0,0.0
2019-01-24,7,0,68,0.9,0.9,0.0,17.636718,0.0
2019-01-24,7,0,69,0.0,0.0,0.0,0.0,0.0
2019-01-24,7,0,74,1.28,1.28,0.0,33.261556,0.0
2019-01-24,7,0,77,47.15,47.15,0.0,1048.480068,0.0
2019-01-24,7,0,78,35.65,35.65,0.0,792.753222,0.0
2019-01-24,7,0,79,20.63,20.63,0.0,458.751725,0.0
2019-01-24,7,0,80,33.36,33.36,0.0,741.830224,0.0
2019-01-24,7,0,81,43.62,43.62,0.0,969.983045,0.0
2019-01-24,7,0,82,30.77,30.77,0.0,684.236091,0.0
2019-01-24,7,0,83,68.61,68.61,0.0,1525.6886,0.0
2019-01-24,7,0,84,0.0,0.0,0.0,0.0,0.0
2019-01-24,7,0,86,0.0,0.0,0.0,0.0,0.0
2019-01-24,7,0,87,0.0,0.0,0.0,0.0,0.0
2019-01-24,7,0,88,35.99,35.99,0.0,800.313842,0.0
2019-01-24,7,0,89,34.59,34.59,0.0,769.181878,0.0
2019-01-24,7,0,90,46.45,46.45,0.0,1032.914086,0.0
2019-01-24,7,0,91,165.7,165.7,0.0,3684.690293,0.0
2019-01-24,7,0,92,59.59,59.59,0.0,1325.109804,0.0
2019-01-24,7,0,95,3.92,3.92,0.0,99.621678,0.0
2019-01-24,7,0,96,6.13,6.13,0.0,151.648709,0.0
2019-01-24,7,0,97,37.71,37.71,0.0,932.899318,0.0
2019-01-24,7,0,99,0.25,0.25,0.0,6.496398,0.0
2019-01-24,7,0,101,0.0,0.0,0.0,0.0,0.0
2019-01-24,7,0,102,2.13,2.13,0.0,41.740232,0.0
2019-01-24,7,0,103,1.85,1.85,0.0,36.253253,0.0
2019-01-24,7,0,104,0.34,0.34,0.0,6.66276,0.0
2019-01-24,7,0,106,0.0,0.0,0.0,0.0,0.0
2019-01-24,7,0,109,60.68,60.68,0.0,1656.07802,0.0
2019-01-24,7,0,110,26.63,26.63,0.0,201.007059,0.0
2019-01-24,7,0,111,0.0,0.0,0.0,0.0,0.0
2019-01-24,7,0,113,14.03,14.03,0.0,312.553808,0.0
2019-01-24,7,0,115,14.03,14.03,0.0,312.553808,0.0
2019-01-24,7,0,116,0.0,0.0,0.0,0.0,0.0
2019-01-24,7,0,117,0.58,0.58,0.0,12.92097,0.0
2019-01-24,7,0,119,35.83,35.83,0.0,1068.032771,0.0
2019-01-24,7,0,120,21.07,21.07,0.0,628.061694,0.0
2019-01-24,7,0,123,0.0,0.0,0.0,0.0,0.0
2019-01-24,7,0,125,52.11,52.11,0.0,1291.886514,0.0
2019-01-24,7,0,126,0.0,0.0,0.0,0.0,0.0
2019-01-24,7,0,127,0.0,0.0,0.0,0.0,0.0
2019-01-24,7,0,128,74.64,74.64,0.0,1850.439635,0.0
2019-01-24,7,0,131,5.99,5.99,0.0,122.126749,0.0
2019-01-24,7,0,132,8.8,8.8,0.0,179.418263,0.0
2019-01-24,7,0,133,0.0,0.0,0.0,0.0,0.0
2019-01-24,7,0,134,0.0,0.0,0.0,0.0,0.0
2019-01-24,7,0,135,0.0,0.0,0.0,0.0,0.0
2019-01-24,7,0,136,0.0,0.0,0.0,0.0,0.0
2019-01-24,7,0,139,38.92,38.92,0.0,1003.815726,0.0
2019-01-24,7,0,140,19.71,19.71,0.0,148.773906,0.0
2019-01-24,7,0,141,38.34,38.34,0.0,637.613633,0.0
2019-01-24,7,0,142,0.0,0.0,0.0,0.0,0.0
2019-01-24,7,0,143,29.85,29.85,0.0,739.257175,0.0
2019-01-24,7,0,145,6.84,6.84,0.0,175.767655,0.0
2019-01-24,7,0,146,61.06,61.06,0.0,460.889636,0.0
2019-01-24,7,0,152,0.0,0.0,0.0,0.0,0.0
2019-01-24,7,0,153,0.0,0.0,0.0,0.0,0.0
2019-01-24,7,0,154,0.0,0.0,0.0,0.0,0.0
2019-01-24,7,0,157,51.8,51.8,0.0,861.460256,0.0
2019-01-24,7,0,158,0.0,0.0,0.0,0.0,0.0
2019-01-24,7,0,159,0.0,0.0,0.0,0.0,0.0
2019-01-24,7,0,160,0.0,0.0,0.0,0.0,0.0
2019-01-24,7,0,161,0.0,0.0,0.0,0.0,0.0
2019-01-24,7,0,162,4.8,4.8,0.0,122.036251,0.0
2019-01-24,7,0,163,18.13,18.13,0.0,136.84784,0.0
2019-01-24,7,0,164,0.0,0.0,0.0,0.0,0.0
2019-01-24,7,0,167,0.0,0.0,0.0,0.0,0.0
2019-01-24,7,0,168,0.0,0.0,0.0,0.0,0.0
2019-01-24,7,0,169,0.0,0.0,0.0,0.0,0.0
2019-01-24,7,0,170,0.0,0.0,0.0,0.0,0.0
2019-01-24,7,0,172,0.0,0.0,0.0,0.0,0.0
2019-01-24,7,0,173,0.0,0.0,0.0,0.0,0.0
2019-01-24,7,0,188,0.0,0.0,0.0,0.0,0.0
2019-01-24,7,0,190,0.0,0.0,0.0,0.0,0.0
2019-01-24,7,0,191,0.0,0.0,0.0,0.0,0.0
2019-01-24,7,0,192,26.32,26.32,0.0,784.555471,0.0
2019-01-24,7,0,194,51.45,51.45,0.0,1261.702986,0.0
2019-01-24,7,0,196,0.0,0.0,0.0,0.0,0.0
2019-01-24,7,0,198,0.0,0.0,0.0,0.0,0.0
2019-01-24,7,0,199,5.42,5.42,0.0,86.012196,0.0
2019-01-24,7,0,200,0.0,0.0,0.0,0.0,0.0
2019-01-24,7,0,204,261.02,261.02,0.0,7137.703825,0.0
2019-01-24,7,0,205,321.0,321.0,0.0,8760.729145,0.0
2019-01-24,7,0,206,110.82,110.82,0.0,2741.551377,0.0
2019-01-24,7,0,210,0.0,0.0,0.0,0.0,0.0
2019-01-24,7,0,214,0.0,0.0,0.0,0.0,0.0
2019-01-24,7,0,217,0.0,0.0,0.0,0.0,0.0
2019-01-24,7,0,218,0.0,0.0,0.0,0.0,0.0
2019-01-24,7,0,219,0.0,0.0,0.0,0.0,0.0
2019-01-24,7,0,221,0.0,0.0,0.0,0.0,0.0
2019-01-24,7,0,225,0.0,0.0,0.0,0.0,0.0
2019-01-24,7,0,233,0.0,0.0,0.0,0.0,0.0
2019-01-24,7,0,236,0.0,0.0,0.0,0.0,0.0
2019-01-24,7,0,237,3.07,3.07,0.0,79.775763,0.0
2019-01-24,7,0,238,0.0,0.0,0.0,0.0,0.0
2019-01-24,7,0,240,0.0,0.0,0.0,0.0,0.0
2019-01-24,7,0,245,0.0,0.0,0.0,0.0,0.0
2019-01-24,7,0,247,0.0,0.0,0.0,0.0,0.0
2019-01-24,7,0,248,0.31,0.31,0.0,8.055533,0.0
2019-01-24,7,0,249,0.0,0.0,0.0,0.0,0.0
2019-01-24,7,0,251,0.0,0.0,0.0,0.0,0.0
2019-01-24,7,0,252,0.0,0.0,0.0,0.0,0.0
2019-01-24,7,0,254,0.0,0.0,0.0,0.0,0.0
2019-01-24,7,0,255,0.0,0.0,0.0,0.0,0.0
2019-01-24,7,0,258,0.0,0.0,0.0,0.0,0.0
2019-01-24,7,0,260,0.0,0.0,0.0,0.0,0.0
2019-01-24,7,0,265,0.0,0.0,0.0,0.0,0.0
2019-01-24,7,0,266,25.2,25.2,0.0,649.952628,0.0
2019-01-24,7,0,267,30.97,30.97,0.0,798.771147,0.0
2019-01-24,7,0,270,56.63,56.63,0.0,427.451361,0.0
2019-01-24,7,0,272,49.92,49.92,0.0,1112.094518,0.0
2019-01-24,7,0,273,0.0,0.0,0.0,0.0,0.0
2019-01-24,7,0,274,73.01,73.01,0.0,551.08995,0.0
2019-01-24,7,0,275,101.63,101.63,0.0,767.117814,0.0
2019-01-24,7,0,276,0.0,0.0,0.0,0.0,0.0
2019-01-24,7,0,277,0.0,0.0,0.0,0.0,0.0
2019-01-24,7,0,278,0.0,0.0,0.0,0.0,0.0
2019-01-24,7,0,279,30.49,30.49,0.0,678.747965,0.0
2019-01-24,7,0,281,9.24,9.24,0.0,228.835387,0.0
2019-01-24,7,0,282,0.0,0.0,0.0,0.0,0.0
2019-01-24,8,0,9,0.0,0.0,0.0,0.0,0.0
2019-01-24,8,0,17,0.0,0.0,0.0,0.0,0.0
2019-01-24,8,0,19,0.0,0.0,0.0,0.0,0.0
2019-01-24,8,0,20,0.0,0.0,0.0,0.0,0.0
2019-01-24,8,0,21,0.0,0.0,0.0,0.0,0.0
2019-01-24,8,0,22,0.0,0.0,0.0,0.0,0.0
2019-01-24,8,0,23,37.87,37.87,0.0,698.621498,0.0
2019-01-24,8,0,24,67.01,67.01,0.0,1236.192938,0.0
2019-01-24,8,0,29,0.0,0.0,0.0,0.0,0.0
2019-01-24,8,0,30,0.0,0.0,0.0,0.0,0.0
2019-01-24,8,0,31,13.16,13.16,0.0,242.675145,0.0
2019-01-24,8,0,32,0.0,0.0,0.0,0.0,0.0
2019-01-24,8,0,33,0.0,0.0,0.0,0.0,0.0
2019-01-24,8,0,34,0.0,0.0,0.0,0.0,0.0
2019-01-24,8,0,35,0.0,0.0,0.0,0.0,0.0
2019-01-24,8,0,36,0.0,0.0,0.0,0.0,0.0
2019-01-24,8,0,37,0.0,0.0,0.0,0.0,0.0
2019-01-24,8,0,38,0.0,0.0,0.0,0.0,0.0
2019-01-24,8,0,39,0.0,0.0,0.0,0.0,0.0
2019-01-24,8,0,40,0.0,0.0,0.0,0.0,0.0
2019-01-24,8,0,41,11.82,11.82,0.0,224.085434,0.0
2019-01-24,8,0,42,0.0,0.0,0.0,0.0,0.0
2019-01-24,8,0,43,0.0,0.0,0.0,0.0,0.0
2019-01-24,8,0,46,0.0,0.0,0.0,0.0,0.0
2019-01-24,8,0,52,13.95,13.95,0.0,257.24303,0.0
2019-01-24,8,0,53,22.15,22.15,0.0,408.453987,0.0
2019-01-24,8,0,55,80.6,80.6,0.0,1486.899728,0.0
2019-01-24,8,0,56,0.0,0.0,0.0,0.0,0.0
2019-01-24,8,0,57,0.0,0.0,0.0,0.0,0.0
2019-01-24,8,0,58,0.0,0.0,0.0,0.0,0.0
2019-01-24,8,0,59,0.0,0.0,0.0,0.0,0.0
2019-01-24,8,0,63,8.33,8.33,0.0,192.72883,0.0
2019-01-24,8,0,64,9.79,9.79,0.0,226.508433,0.0
2019-01-24,8,0,65,0.0,0.0,0.0,0.0,0.0
2019-01-24,8,0,67,0.0,0.0,0.0,0.0,0.0
2019-01-24,8,0,68,0.31,0.31,0.0,5.02625,0.0
2019-01-24,8,0,69,0.0,0.0,0.0,0.0,0.0
2019-01-24,8,0,74,1.76,1.76,0.0,35.350228,0.0
2019-01-24,8,0,77,24.76,24.76,0.0,439.492539,0.0
2019-01-24,8,0,78,18.7,18.7,0.0,331.926918,0.0
2019-01-24,8,0,79,10.79,10.79,0.0,191.523607,0.0
2019-01-24,8,0,80,17.49,17.49,0.0,310.449294,0.0
2019-01-24,8,0,81,22.9,22.9,0.0,406.477348,0.0
2019-01-24,8,0,82,16.13,16.13,0.0,286.309154,0.0
2019-01-24,8,0,83,36.08,36.08,0.0,640.4237,0.0
2019-01-24,8,0,84,0.0,0.0,0.0,0.0,0.0
2019-01-24,8,0,86,0.0,0.0,0.0,0.0,0.0
2019-01-24,8,0,87,0.0,0.0,0.0,0.0,0.0
2019-01-24,8,0,88,19.63,19.63,0.0,348.434513,0.0
2019-01-24,8,0,89,18.95,18.95,0.0,336.364443,0.0
2019-01-24,8,0,90,24.72,24.72,0.0,438.782535,0.0
2019-01-24,8,0,91,77.51,77.51,0.0,1375.810449,0.0
2019-01-24,8,0,92,31.01,31.01,0.0,550.43068,0.0
2019-01-24,8,0,95,2.24,2.24,0.0,50.24261,0.0
2019-01-24,8,0,96,6.9,6.9,0.0,127.18421,0.0
2019-01-24,8,0,97,42.46,42.46,0.0,782.643705,0.0
2019-01-24,8,0,99,0.34,0.34,0.0,6.829021,0.0
2019-01-24,8,0,101,0.0,0.0,0.0,0.0,0.0
2019-01-24,8,0,102,0.74,0.74,0.0,11.998145,0.0
2019-01-24,8,0,103,0.64,0.64,0.0,10.376774,0.0
2019-01-24,8,0,104,0.12,0.12,0.0,1.945645,0.0
2019-01-24,8,0,106,0.0,0.0,0.0,0.0,0.0
2019-01-24,8,0,109,69.09,69.09,0.0,1313.115028,0.0
2019-01-24,8,0,110,40.11,40.11,0.0,358.800307,0.0
2019-01-24,8,0,111,0.0,0.0,0.0,0.0,0.0
2019-01-24,8,0,113,15.19,15.19,0.0,272.822833,0.0
2019-01-24,8,0,115,15.19,15.19,0.0,272.822833,0.0
2019-01-24,8,0,116,0.0,0.0,0.0,0.0,0.0
2019-01-24,8,0,117,0.79,0.79,0.0,14.188943,0.0
2019-01-24,8,0,119,9.79,9.79,0.0,226.508433,0.0
2019-01-24,8,0,120,5.78,5.78,0.0,133.730209,0.0
2019-01-24,8,0,123,0.0,0.0,0.0,0.0,0.0
2019-01-24,8,0,125,60.64,60.64,0.0,1118.679895,0.0
2019-01-24,8,0,126,0.0,0.0,0.0,0.0,0.0
2019-01-24,8,0,127,0.0,0.0,0.0,0.0,0.0
2019-01-24,8,0,128,86.85,86.85,0.0,1602.199025,0.0
2019-01-24,8,0,131,3.77,3.77,0.0,62.927143,0.0
2019-01-24,8,0,132,5.54,5.54,0.0,92.471186,0.0
2019-01-24,8,0,133,0.0,0.0,0.0,0.0,0.0
2019-01-24,8,0,134,0.0,0.0,0.0,0.0,0.0
2019-01-24,8,0,135,0.0,0.0,0.0,0.0,0.0
2019-01-24,8,0,136,0.0,0.0,0.0,0.0,0.0
2019-01-24,8,0,139,15.26,15.26,0.0,289.301499,0.0
2019-01-24,8,0,140,29.69,29.69,0.0,265.589158,0.0
2019-01-24,8,0,141,18.99,18.99,0.0,273.921425,0.0
2019-01-24,8,0,142,0.0,0.0,0.0,0.0,0.0
2019-01-24,8,0,143,18.02,18.02,0.0,332.295297,0.0
2019-01-24,8,0,145,7.24,7.24,0.0,135.043926,0.0
2019-01-24,8,0,146,73.22,73.22,0.0,654.982759,0.0
2019-01-24,8,0,152,0.0,0.0,0.0,0.0,0.0
2019-01-24,8,0,153,0.0,0.0,0.0,0.0,0.0
2019-01-24,8,0,154,0.0,0.0,0.0,0.0,0.0
2019-01-24,8,0,157,57.61,57.61,0.0,830.99596,0.0
2019-01-24,8,0,158,0.0,0.0,0.0,0.0,0.0
2019-01-24,8,0,159,0.0,0.0,0.0,0.0,0.0
2019-01-24,8,0,160,0.0,0.0,0.0,0.0,0.0
2019-01-24,8,0,161,0.0,0.0,0.0,0.0,0.0
2019-01-24,8,0,162,2.67,2.67,0.0,59.903976,0.0
2019-01-24,8,0,163,6.8,6.8,0.0,60.828773,0.0
2019-01-24,8,0,164,0.0,0.0,0.0,0.0,0.0
2019-01-24,8,0,167,0.0,0.0,0.0,0.0,0.0
2019-01-24,8,0,168,0.0,0.0,0.0,0.0,0.0
2019-01-24,8,0,169,0.0,0.0,0.0,0.0,0.0
2019-01-24,8,0,170,0.0,0.0,0.0,0.0,0.0
2019-01-24,8,0,172,0.0,0.0,0.0,0.0,0.0
2019-01-24,8,0,173,0.0,0.0,0.0,0.0,0.0
2019-01-24,8,0,188,0.0,0.0,0.0,0.0,0.0
2019-01-24,8,0,190,0.0,0.0,0.0,0.0,0.0
2019-01-24,8,0,191,0.0,0.0,0.0,0.0,0.0
2019-01-24,8,0,192,18.66,18.66,0.0,431.731089,0.0
2019-01-24,8,0,194,42.02,42.02,0.0,818.926521,0.0
2019-01-24,8,0,196,0.0,0.0,0.0,0.0,0.0
2019-01-24,8,0,198,0.0,0.0,0.0,0.0,0.0
2019-01-24,8,0,199,4.46,4.46,0.0,59.804211,0.0
2019-01-24,8,0,200,0.0,0.0,0.0,0.0,0.0
2019-01-24,8,0,204,292.15,292.15,0.0,5528.280326,0.0
2019-01-24,8,0,205,365.5,365.5,0.0,6946.642679,0.0
2019-01-24,8,0,206,124.76,124.76,0.0,2299.637981,0.0
2019-01-24,8,0,210,0.0,0.0,0.0,0.0,0.0
2019-01-24,8,0,214,0.0,0.0,0.0,0.0,0.0
2019-01-24,8,0,217,0.0,0.0,0.0,0.0,0.0
2019-01-24,8,0,218,0.0,0.0,0.0,0.0,0.0
2019-01-24,8,0,219,0.0,0.0,0.0,0.0,0.0
2019-01-24,8,0,221,0.0,0.0,0.0,0.0,0.0
2019-01-24,8,0,225,0.0,0.0,0.0,0.0,0.0
2019-01-24,8,0,233,0.0,0.0,0.0,0.0,0.0
2019-01-24,8,0,236,0.0,0.0,0.0,0.0,0.0
2019-01-24,8,0,237,4.23,4.23,0.0,84.961059,0.0
2019-01-24,8,0,238,0.0,0.0,0.0,0.0,0.0
2019-01-24,8,0,240,0.0,0.0,0.0,0.0,0.0
2019-01-24,8,0,245,0.0,0.0,0.0,0.0,0.0
2019-01-24,8,0,247,0.0,0.0,0.0,0.0,0.0
2019-01-24,8,0,248,0.42,0.42,0.0,8.43585,0.0
2019-01-24,8,0,249,0.0,0.0,0.0,0.0,0.0
2019-01-24,8,0,251,0.0,0.0,0.0,0.0,0.0
2019-01-24,8,0,252,0.0,0.0,0.0,0.0,0.0
2019-01-24,8,0,254,0.0,0.0,0.0,0.0,0.0
2019-01-24,8,0,255,0.0,0.0,0.0,0.0,0.0
2019-01-24,8,0,258,0.0,0.0,0.0,0.0,0.0
2019-01-24,8,0,260,0.0,0.0,0.0,0.0,0.0
2019-01-24,8,0,265,0.0,0.0,0.0,0.0,0.0
2019-01-24,8,0,266,9.88,9.88,0.0,187.306606,0.0
2019-01-24,8,0,267,12.14,12.14,0.0,230.152045,0.0
2019-01-24,8,0,270,21.24,21.24,0.0,190.000462,0.0
2019-01-24,8,0,272,52.59,52.59,0.0,944.552521,0.0
2019-01-24,8,0,273,0.0,0.0,0.0,0.0,0.0
2019-01-24,8,0,274,27.38,27.38,0.0,244.925266,0.0
2019-01-24,8,0,275,38.11,38.11,0.0,340.909491,0.0
2019-01-24,8,0,276,0.0,0.0,0.0,0.0,0.0
2019-01-24,8,0,277,0.0,0.0,0.0,0.0,0.0
2019-01-24,8,0,278,0.0,0.0,0.0,0.0,0.0
2019-01-24,8,0,279,13.57,13.57,0.0,242.580851,0.0
2019-01-24,8,0,281,5.9,5.9,0.0,108.798127,0.0
2019-01-24,8,0,282,0.0,0.0,0.0,0.0,0.0
2019-01-24,9,0,9,0.17,0.17,0.0,2.575651,0.0
2019-01-24,9,0,17,9.17,9.17,0.0,135.628301,0.0
2019-01-24,9,0,19,0.0,0.0,0.0,0.0,0.0
2019-01-24,9,0,20,0.0,0.0,0.0,0.0,0.0
2019-01-24,9,0,21,3.82,3.82,0.0,57.876396,0.0
2019-01-24,9,0,22,13.59,13.59,0.0,205.900581,0.0
2019-01-24,9,0,23,47.09,47.09,0.0,713.455362,0.0
2019-01-24,9,0,24,83.32,83.32,0.0,1262.372069,0.0
2019-01-24,9,0,29,1.73,1.73,0.0,15.535316,0.0
2019-01-24,9,0,30,27.09,27.09,0.0,410.606627,0.0
2019-01-24,9,0,31,25.93,25.93,0.0,393.024358,0.0
2019-01-24,9,0,32,0.69,0.69,0.0,14.110551,0.0
2019-01-24,9,0,33,0.49,0.49,0.0,7.317328,0.0
2019-01-24,9,0,34,0.78,0.78,0.0,11.647991,0.0
2019-01-24,9,0,35,0.78,0.78,0.0,11.647991,0.0
2019-01-24,9,0,36,1.51,1.51,0.0,21.633688,0.0
2019-01-24,9,0,37,0.72,0.72,0.0,10.28514,0.0
2019-01-24,9,0,38,0.93,0.93,0.0,13.284972,0.0
2019-01-24,9,0,39,0.62,0.62,0.0,8.856648,0.0
2019-01-24,9,0,40,0.62,0.62,0.0,8.856648,0.0
2019-01-24,9,0,41,11.36,11.36,0.0,168.971947,0.0
2019-01-24,9,0,42,9.67,9.67,0.0,142.724014,0.0
2019-01-24,9,0,43,4.78,4.78,0.0,67.371054,0.0
2019-01-24,9,0,46,3.89,3.89,0.0,55.686511,0.0
2019-01-24,9,0,52,27.51,27.51,0.0,416.972622,0.0
2019-01-24,9,0,53,43.94,43.94,0.0,666.004253,0.0
2019-01-24,9,0,55,113.37,113.37,0.0,1717.656283,0.0
2019-01-24,9,0,56,7.99,7.99,0.0,121.105462,0.0
2019-01-24,9,0,57,7.6,7.6,0.0,115.194181,0.0
2019-01-24,9,0,58,14.62,14.62,0.0,221.597228,0.0
2019-01-24,9,0,59,14.37,14.37,0.0,217.807945,0.0
2019-01-24,9,0,63,1.99,1.99,0.0,41.695201,0.0
2019-01-24,9,0,64,2.34,2.34,0.0,49.028528,0.0
2019-01-24,9,0,65,0.0,0.0,0.0,0.0,0.0
2019-01-24,9,0,67,13.52,13.52,0.0,178.940041,0.0
2019-01-24,9,0,68,0.0,0.0,0.0,0.0,0.0
2019-01-24,9,0,69,0.49,0.49,0.0,7.317328,0.0
2019-01-24,9,0,74,2.67,2.67,0.0,39.136116,0.0
2019-01-24,9,0,77,7.71,7.71,0.0,121.519814,0.0
2019-01-24,9,0,78,5.83,5.83,0.0,91.888524,0.0
2019-01-24,9,0,79,3.37,3.37,0.0,53.115665,0.0
2019-01-24,9,0,80,5.46,5.46,0.0,86.056833,0.0
2019-01-24,9,0,81,7.13,7.13,0.0,112.378246,0.0
2019-01-24,9,0,82,5.03,5.03,0.0,79.279464,0.0
2019-01-24,9,0,83,11.22,11.22,0.0,176.842064,0.0
2019-01-24,9,0,84,0.0,0.0,0.0,0.0,0.0
2019-01-24,9,0,86,2.47,2.47,0.0,36.885305,0.0
2019-01-24,9,0,87,12.6,12.6,0.0,188.159857,0.0
2019-01-24,9,0,88,19.53,19.53,0.0,307.818674,0.0
2019-01-24,9,0,89,18.66,18.66,0.0,294.106321,0.0
2019-01-24,9,0,90,26.19,26.19,0.0,412.789097,0.0
2019-01-24,9,0,91,98.41,98.41,0.0,1551.071975,0.0
2019-01-24,9,0,92,34.62,34.62,0.0,545.657065,0.0
2019-01-24,9,0,95,1.13,1.13,0.0,23.16886,0.0
2019-01-24,9,0,96,8.0,8.0,0.0,121.309205,0.0
2019-01-24,9,0,97,49.2,49.2,0.0,746.051612,0.0
2019-01-24,9,0,99,0.52,0.52,0.0,7.622015,0.0
2019-01-24,9,0,101,0.55,0.55,0.0,8.336421,0.0
2019-01-24,9,0,102,0.0,0.0,0.0,0.0,0.0
2019-01-24,9,0,103,0.0,0.0,0.0,0.0,0.0
2019-01-24,9,0,104,0.0,0.0,0.0,0.0,0.0
2019-01-24,9,0,106,13.38,13.38,0.0,202.718894,0.0
2019-01-24,9,0,109,73.21,73.21,0.0,1066.901577,0.0
2019-01-24,9,0,110,65.74,65.74,0.0,588.071109,0.0
2019-01-24,9,0,111,1.86,1.86,0.0,27.666181,0.0
2019-01-24,9,0,113,4.7,4.7,0.0,76.051303,0.0
2019-01-24,9,0,115,4.7,4.7,0.0,76.051303,0.0
2019-01-24,9,0,116,8.56,8.56,0.0,76.572691,0.0
2019-01-24,9,0,117,0.32,0.32,0.0,5.177961,0.0
2019-01-24,9,0,119,2.34,2.34,0.0,49.028528,0.0
2019-01-24,9,0,120,1.38,1.38,0.0,28.91426,0.0
2019-01-24,9,0,123,0.22,0.22,0.0,3.333196,0.0
2019-01-24,9,0,125,75.39,75.39,0.0,1142.22552,0.0
2019-01-24,9,0,126,10.04,10.04,0.0,152.114925,0.0
2019-01-24,9,0,127,12.88,12.88,0.0,195.14345,0.0
2019-01-24,9,0,128,107.99,107.99,0.0,1636.1445,0.0
2019-01-24,9,0,131,2.46,2.46,0.0,36.925006,0.0
2019-01-24,9,0,132,3.61,3.61,0.0,54.186696,0.0
2019-01-24,9,0,133,0.0,0.0,0.0,0.0,0.0
2019-01-24,9,0,134,0.0,0.0,0.0,0.0,0.0
2019-01-24,9,0,135,0.0,0.0,0.0,0.0,0.0
2019-01-24,9,0,136,0.0,0.0,0.0,0.0,0.0
2019-01-24,9,0,139,14.67,14.67,0.0,218.205851,0.0
2019-01-24,9,0,140,48.65,48.65,0.0,435.194089,0.0
2019-01-24,9,0,141,24.47,24.47,0.0,323.865593,0.0
2019-01-24,9,0,142,17.82,17.82,0.0,235.851445,0.0
2019-01-24,9,0,143,48.51,48.51,0.0,735.272333,0.0
2019-01-24,9,0,145,7.9,7.9,0.0,118.036087,0.0
2019-01-24,9,0,146,90.35,90.35,0.0,808.217595,0.0
2019-01-24,9,0,152,1.07,1.07,0.0,15.628077,0.0
2019-01-24,9,0,153,1.35,1.35,0.0,19.705817,0.0
2019-01-24,9,0,154,7.69,7.69,0.0,114.383299,0.0
2019-01-24,9,0,157,64.82,64.82,0.0,857.906323,0.0
2019-01-24,9,0,158,0.0,0.0,0.0,0.0,0.0
2019-01-24,9,0,159,0.0,0.0,0.0,0.0,0.0
2019-01-24,9,0,160,0.39,0.39,0.0,5.307351,0.0
2019-01-24,9,0,161,3.67,3.67,0.0,53.714286,0.0
2019-01-24,9,0,162,1.4,1.4,0.0,28.708553,0.0
2019-01-24,9,0,163,8.46,8.46,0.0,75.67815,0.0
2019-01-24,9,0,164,0.75,0.75,0.0,11.367847,0.0
2019-01-24,9,0,167,0.83,0.83,0.0,17.00399,0.0
2019-01-24,9,0,168,0.42,0.42,0.0,8.604429,0.0
2019-01-24,9,0,169,0.0,0.0,0.0,0.0,0.0
2019-01-24,9,0,170,0.91,0.91,0.0,18.642929,0.0
2019-01-24,9,0,172,1.11,1.11,0.0,23.228374,0.0
2019-01-24,9,0,173,1.69,1.69,0.0,35.365723,0.0
2019-01-24,9,0,188,1.39,1.39,0.0,28.404806,0.0
2019-01-24,9,0,190,0.78,0.78,0.0,16.342843,0.0
2019-01-24,9,0,191,2.02,2.02,0.0,42.323772,0.0
2019-01-24,9,0,192,20.69,20.69,0.0,433.50438,0.0
2019-01-24,9,0,194,25.04,25.04,0.0,441.09292,0.0
2019-01-24,9,0,196,0.55,0.55,0.0,12.298097,0.0
2019-01-24,9,0,198,1.85,1.85,0.0,23.064746,0.0
2019-01-24,9,0,199,3.63,3.63,0.0,42.195786,0.0
2019-01-24,9,0,200,2.8,2.8,0.0,32.547714,0.0
2019-01-24,9,0,204,183.5,183.5,0.0,2674.674561,0.0
2019-01-24,9,0,205,412.35,412.35,0.0,6009.245529,0.0
2019-01-24,9,0,206,144.58,144.58,0.0,2192.360612,0.0
2019-01-24,9,0,210,0.5,0.5,0.0,4.578376,0.0
2019-01-24,9,0,214,2.73,2.73,0.0,41.002241,0.0
2019-01-24,9,0,217,1.95,1.95,0.0,24.288386,0.0
2019-01-24,9,0,218,2.69,2.69,0.0,33.505517,0.0
2019-01-24,9,0,219,1.83,1.83,0.0,22.793716,0.0
2019-01-24,9,0,221,1.46,1.46,0.0,21.927938,0.0
2019-01-24,9,0,225,1.58,1.58,0.0,14.161347,0.0
2019-01-24,9,0,233,1.4,1.4,0.0,20.906651,0.0
2019-01-24,9,0,236,0.0,0.0,0.0,0.0,0.0
2019-01-24,9,0,237,6.4,6.4,0.0,93.809416,0.0
2019-01-24,9,0,238,12.58,12.58,0.0,185.674053,0.0
2019-01-24,9,0,240,1.71,1.71,0.0,24.499077,0.0
2019-01-24,9,0,245,0.0,0.0,0.0,0.0,0.0
2019-01-24,9,0,247,0.0,0.0,0.0,0.0,0.0
2019-01-24,9,0,248,0.64,0.64,0.0,9.380942,0.0
2019-01-24,9,0,249,0.0,0.0,0.0,0.0,0.0
2019-01-24,9,0,251,0.0,0.0,0.0,0.0,0.0
2019-01-24,9,0,252,0.0,0.0,0.0,0.0,0.0
2019-01-24,9,0,254,2.82,2.82,0.0,39.402354,0.0
2019-01-24,9,0,255,1.29,1.29,0.0,18.024481,0.0
2019-01-24,9,0,258,2.12,2.12,0.0,30.293489,0.0
2019-01-24,9,0,260,0.94,0.94,0.0,12.792077,0.0
2019-01-24,9,0,265,7.96,7.96,0.0,118.399357,0.0
2019-01-24,9,0,266,9.5,9.5,0.0,141.305766,0.0
2019-01-24,9,0,267,11.67,11.67,0.0,173.582977,0.0
2019-01-24,9,0,270,26.43,26.43,0.0,236.427128,0.0
2019-01-24,9,0,272,15.7,15.7,0.0,254.043713,0.0
2019-01-24,9,0,273,2.05,2.05,0.0,18.338086,0.0
2019-01-24,9,0,274,34.07,34.07,0.0,304.770044,0.0
2019-01-24,9,0,275,47.42,47.42,0.0,424.191238,0.0
2019-01-24,9,0,276,0.48,0.48,0.0,4.75355,0.0
2019-01-24,9,0,277,0.66,0.66,0.0,10.568463,0.0
2019-01-24,9,0,278,1.06,1.06,0.0,16.973592,0.0
2019-01-24,9,0,279,0.0,0.0,0.0,0.0,0.0
2019-01-24,9,0,281,11.55,11.55,0.0,175.064841,0.0
2019-01-24,9,0,282,14.86,14.86,0.0,225.234939,0.0
2019-01-24,10,0,9,1.24,1.24,0.0,9.330587,0.0
2019-01-24,10,0,17,27.53,27.53,0.0,276.333571,0.0
2019-01-24,10,0,19,9.09,9.09,0.0,91.24127,0.0
2019-01-24,10,0,20,11.26,11.26,0.0,113.022739,0.0
2019-01-24,10,0,21,28.25,28.25,0.0,212.571837,0.0
2019-01-24,10,0,22,100.39,100.39,0.0,755.401298,0.0
2019-01-24,10,0,23,60.65,60.65,0.0,456.37104,0.0
2019-01-24,10,0,24,107.31,107.31,0.0,807.471992,0.0
2019-01-24,10,0,29,4.68,4.68,0.0,36.716089,0.0
2019-01-24,10,0,30,230.67,230.67,0.0,1732.536356,0.0
2019-01-24,10,0,31,78.1,78.1,0.0,586.600292,0.0
2019-01-24,10,0,32,2.49,2.49,0.0,41.84672,0.0
2019-01-24,10,0,33,1.5,1.5,0.0,15.888502,0.0
2019-01-24,10,0,34,2.4,2.4,0.0,25.421604,0.0
2019-01-24,10,0,35,2.4,2.4,0.0,25.421604,0.0
2019-01-24,10,0,36,5.32,5.32,0.0,48.207233,0.0
2019-01-24,10,0,37,2.5,2.5,0.0,22.578152,0.0
2019-01-24,10,0,38,3.21,3.21,0.0,28.990347,0.0
2019-01-24,10,0,39,2.14,2.14,0.0,19.326898,0.0
2019-01-24,10,0,40,2.14,2.14,0.0,19.326898,0.0
2019-01-24,10,0,41,11.01,11.01,0.0,91.039521,0.0
2019-01-24,10,0,42,32.06,32.06,0.0,317.948129,0.0
2019-01-24,10,0,43,16.59,16.59,0.0,150.410304,0.0
2019-01-24,10,0,46,14.37,14.37,0.0,127.401533,0.0
2019-01-24,10,0,52,82.84,82.84,0.0,622.201898,0.0
2019-01-24,10,0,53,132.08,132.08,0.0,992.037985,0.0
2019-01-24,10,0,55,157.11,157.11,0.0,1182.200398,0.0
2019-01-24,10,0,56,68.04,68.04,0.0,511.040767,0.0
2019-01-24,10,0,57,64.72,64.72,0.0,486.104621,0.0
2019-01-24,10,0,58,124.46,124.46,0.0,934.805024,0.0
2019-01-24,10,0,59,122.39,122.39,0.0,919.257487,0.0
2019-01-24,10,0,63,1.06,1.06,0.0,18.497797,0.0
2019-01-24,10,0,64,1.25,1.25,0.0,21.81344,0.0
2019-01-24,10,0,65,0.0,0.0,0.0,0.0,0.0
2019-01-24,10,0,67,125.47,125.47,0.0,769.1124,0.0
2019-01-24,10,0,68,0.0,0.0,0.0,0.0,0.0
2019-01-24,10,0,69,1.5,1.5,0.0,15.888502,0.0
2019-01-24,10,0,74,6.7,6.7,0.0,62.985234,0.0
2019-01-24,10,0,77,6.72,6.72,0.0,41.702822,0.0
2019-01-24,10,0,78,5.08,5.08,0.0,31.525347,0.0
2019-01-24,10,0,79,2.94,2.94,0.0,18.244985,0.0
2019-01-24,10,0,80,4.76,4.76,0.0,29.539499,0.0
2019-01-24,10,0,81,6.22,6.22,0.0,38.599933,0.0
2019-01-24,10,0,82,4.39,4.39,0.0,27.243361,0.0
2019-01-24,10,0,83,9.78,9.78,0.0,60.6925,0.0
2019-01-24,10,0,84,0.0,0.0,0.0,0.0,0.0
2019-01-24,10,0,86,7.59,7.59,0.0,80.395821,0.0
2019-01-24,10,0,87,38.77,38.77,0.0,410.664821,0.0
2019-01-24,10,0,88,11.09,11.09,0.0,68.822068,0.0
2019-01-24,10,0,89,10.61,10.61,0.0,65.843295,0.0
2019-01-24,10,0,90,14.73,14.73,0.0,91.411096,0.0
2019-01-24,10,0,91,54.56,54.56,0.0,338.587197,0.0
2019-01-24,10,0,92,19.33,19.33,0.0,119.957671,0.0
2019-01-24,10,0,95,0.0,0.0,0.0,0.0,0.0
2019-01-24,10,0,96,9.48,9.48,0.0,71.066689,0.0
2019-01-24,10,0,97,58.31,58.31,0.0,437.120112,0.0
2019-01-24,10,0,99,1.38,1.38,0.0,12.973078,0.0
2019-01-24,10,0,101,4.65,4.65,0.0,34.925626,0.0
2019-01-24,10,0,102,0.0,0.0,0.0,0.0,0.0
2019-01-24,10,0,103,0.0,0.0,0.0,0.0,0.0
2019-01-24,10,0,104,0.0,0.0,0.0,0.0,0.0
2019-01-24,10,0,106,98.82,98.82,0.0,743.587571,0.0
2019-01-24,10,0,109,76.34,76.34,0.0,663.819016,0.0
2019-01-24,10,0,110,108.39,108.39,0.0,666.693775,0.0
2019-01-24,10,0,111,8.17,8.17,0.0,67.55612,0.0
2019-01-24,10,0,113,3.67,3.67,0.0,21.703259,0.0
2019-01-24,10,0,115,3.67,3.67,0.0,21.703259,0.0
2019-01-24,10,0,116,50.69,50.69,0.0,311.788057,0.0
2019-01-24,10,0,117,0.24,0.24,0.0,1.419287,0.0
2019-01-24,10,0,119,1.25,1.25,0.0,21.81344,0.0
2019-01-24,10,0,120,0.73,0.73,0.0,12.739049,0.0
2019-01-24,10,0,123,1.65,1.65,0.0,12.4157,0.0
2019-01-24,10,0,125,97.11,97.11,0.0,730.720391,0.0
2019-01-24,10,0,126,74.12,74.12,0.0,557.728302,0.0
2019-01-24,10,0,127,95.11,95.11,0.0,715.671058,0.0
2019-01-24,10,0,128,139.09,139.09,0.0,1046.605903,0.0
2019-01-24,10,0,131,2.5,2.5,0.0,15.302876,0.0
2019-01-24,10,0,132,4.04,4.04,0.0,24.729447,0.0
2019-01-24,10,0,133,1.28,1.28,0.0,12.85075,0.0
2019-01-24,10,0,134,0.0,0.0,0.0,0.0,0.0
2019-01-24,10,0,135,1.72,1.72,0.0,17.268195,0.0
2019-01-24,10,0,136,0.0,0.0,0.0,0.0,0.0
2019-01-24,10,0,139,14.22,14.22,0.0,117.582378,0.0
2019-01-24,10,0,140,80.22,80.22,0.0,493.423513,0.0
2019-01-24,10,0,141,59.65,59.65,0.0,365.64561,0.0
2019-01-24,10,0,142,165.46,165.46,0.0,1014.24514,0.0
2019-01-24,10,0,143,120.63,120.63,0.0,906.038326,0.0
2019-01-24,10,0,145,16.62,16.62,0.0,132.147496,0.0
2019-01-24,10,0,146,114.15,114.15,0.0,702.122838,0.0
2019-01-24,10,0,152,3.77,3.77,0.0,35.418261,0.0
2019-01-24,10,0,153,4.75,4.75,0.0,44.486379,0.0
2019-01-24,10,0,154,33.71,33.71,0.0,278.741348,0.0
2019-01-24,10,0,157,72.7,72.7,0.0,445.640165,0.0
2019-01-24,10,0,158,97.18,97.18,0.0,595.698916,0.0
2019-01-24,10,0,159,0.0,0.0,0.0,0.0,0.0
2019-01-24,10,0,160,1.31,1.31,0.0,12.090144,0.0
2019-01-24,10,0,161,25.16,25.16,0.0,154.054284,0.0
2019-01-24,10,0,162,0.0,0.0,0.0,0.0,0.0
2019-01-24,10,0,163,14.07,14.07,0.0,86.542868,0.0
2019-01-24,10,0,164,8.43,8.43,0.0,63.316779,0.0
2019-01-24,10,0,167,2.94,2.94,0.0,49.31072,0.0
2019-01-24,10,0,168,1.47,1.47,0.0,24.65536,0.0
2019-01-24,10,0,169,0.0,0.0,0.0,0.0,0.0
2019-01-24,10,0,170,3.21,3.21,0.0,53.839256,0.0
2019-01-24,10,0,172,3.84,3.84,0.0,61.73718,0.0
2019-01-24,10,0,173,5.85,5.85,0.0,94.052736,0.0
2019-01-24,10,0,188,5.08,5.08,0.0,83.48463,0.0
2019-01-24,10,0,190,3.57,3.57,0.0,62.299185,0.0
2019-01-24,10,0,191,9.23,9.23,0.0,161.070441,0.0
2019-01-24,10,0,192,33.52,33.52,0.0,584.949207,0.0
2019-01-24,10,0,194,8.27,8.27,0.0,46.610278,0.0
2019-01-24,10,0,196,2.85,2.85,0.0,50.706987,0.0
2019-01-24,10,0,198,5.94,5.94,0.0,55.443273,0.0
2019-01-24,10,0,199,2.91,2.91,0.0,24.577965,0.0
2019-01-24,10,0,200,9.5,9.5,0.0,80.237344,0.0
2019-01-24,10,0,204,109.26,109.26,0.0,942.83609,0.0
2019-01-24,10,0,205,450.84,450.84,0.0,3920.306069,0.0
2019-01-24,10,0,206,171.34,171.34,0.0,1284.447951,0.0
2019-01-24,10,0,210,1.36,1.36,0.0,10.932594,0.0
2019-01-24,10,0,214,7.83,7.83,0.0,85.512544,0.0
2019-01-24,10,0,217,5.42,5.42,0.0,52.38498,0.0
2019-01-24,10,0,218,7.48,7.48,0.0,72.295138,0.0
2019-01-24,10,0,219,5.09,5.09,0.0,49.195488,0.0
2019-01-24,10,0,221,4.17,4.17,0.0,45.541163,0.0
2019-01-24,10,0,225,4.26,4.26,0.0,33.341509,0.0
2019-01-24,10,0,233,4.3,4.3,0.0,45.54704,0.0
2019-01-24,10,0,236,3.16,3.16,0.0,30.745763,0.0
2019-01-24,10,0,237,15.67,15.67,0.0,147.310241,0.0
2019-01-24,10,0,238,41.73,41.73,0.0,413.848267,0.0
2019-01-24,10,0,240,6.02,6.02,0.0,54.55029,0.0
2019-01-24,10,0,245,2.84,2.84,0.0,28.739927,0.0
2019-01-24,10,0,247,0.0,0.0,0.0,0.0,0.0
2019-01-24,10,0,248,1.71,1.71,0.0,16.075336,0.0
2019-01-24,10,0,249,5.46,5.46,0.0,55.253522,0.0
2019-01-24,10,0,251,8.39,8.39,0.0,83.719832,0.0
2019-01-24,10,0,252,0.0,0.0,0.0,0.0,0.0
2019-01-24,10,0,254,9.2,9.2,0.0,83.786002,0.0
2019-01-24,10,0,255,4.22,4.22,0.0,38.432275,0.0
2019-01-24,10,0,258,7.48,7.48,0.0,67.785909,0.0
2019-01-24,10,0,260,3.18,3.18,0.0,29.348593,0.0
2019-01-24,10,0,265,34.9,34.9,0.0,288.581223,0.0
2019-01-24,10,0,266,9.21,9.21,0.0,76.155675,0.0
2019-01-24,10,0,267,11.31,11.31,0.0,93.520161,0.0
2019-01-24,10,0,270,43.93,43.93,0.0,270.208114,0.0
2019-01-24,10,0,272,12.26,12.26,0.0,72.501896,0.0
2019-01-24,10,0,273,12.12,12.12,0.0,74.548653,0.0
2019-01-24,10,0,274,56.63,56.63,0.0,348.324278,0.0
2019-01-24,10,0,275,78.83,78.83,0.0,484.873792,0.0
2019-01-24,10,0,276,2.77,2.77,0.0,17.024929,0.0
2019-01-24,10,0,277,3.44,3.44,0.0,20.745935,0.0
2019-01-24,10,0,278,5.51,5.51,0.0,33.229681,0.0
2019-01-24,10,0,279,0.0,0.0,0.0,0.0,0.0
2019-01-24,10,0,281,34.81,34.81,0.0,261.453984,0.0
2019-01-24,10,0,282,126.53,126.53,0.0,950.352561,0.0
2019-01-24,11,0,9,2.08,2.08,0.0,33.646841,0.0
2019-01-24,11,0,17,41.54,41.54,0.0,1100.473324,0.0
2019-01-24,11,0,19,9.45,9.45,0.0,250.348409,0.0
2019-01-24,11,0,20,11.46,11.46,0.0,303.597118,0.0
2019-01-24,11,0,21,47.54,47.54,0.0,769.024428,0.0
2019-01-24,11,0,22,168.97,168.97,0.0,2733.320522,0.0
2019-01-24,11,0,23,13.34,13.34,0.0,215.792719,0.0
2019-01-24,11,0,24,23.6,23.6,0.0,381.762232,0.0
2019-01-24,11,0,29,6.88,6.88,0.0,37.373201,0.0
2019-01-24,11,0,30,392.47,392.47,0.0,6332.680134,0.0
2019-01-24,11,0,31,92.78,92.78,0.0,1497.047068,0.0
2019-01-24,11,0,32,3.82,3.82,0.0,63.641374,0.0
2019-01-24,11,0,33,2.25,2.25,0.0,60.290305,0.0
2019-01-24,11,0,34,3.6,3.6,0.0,96.464488,0.0
2019-01-24,11,0,35,3.6,3.6,0.0,96.464488,0.0
2019-01-24,11,0,36,8.15,8.15,0.0,61.176716,0.0
2019-01-24,11,0,37,3.82,3.82,0.0,35.49811,0.0
2019-01-24,11,0,38,4.91,4.91,0.0,45.627152,0.0
2019-01-24,11,0,39,3.27,3.27,0.0,30.387126,0.0
2019-01-24,11,0,40,3.27,3.27,0.0,30.387126,0.0
2019-01-24,11,0,41,8.96,8.96,0.0,180.754479,0.0
2019-01-24,11,0,42,48.87,48.87,0.0,1291.440713,0.0
2019-01-24,11,0,43,25.36,25.36,0.0,270.816915,0.0
2019-01-24,11,0,46,22.2,22.2,0.0,304.22716,0.0
2019-01-24,11,0,52,98.63,98.63,0.0,1591.439452,0.0
2019-01-24,11,0,53,160.64,160.64,0.0,2591.998718,0.0
2019-01-24,11,0,55,278.69,278.69,0.0,4508.191373,0.0
2019-01-24,11,0,56,115.76,115.76,0.0,1867.839713,0.0
2019-01-24,11,0,57,110.12,110.12,0.0,1776.835774,0.0
2019-01-24,11,0,58,211.76,211.76,0.0,3416.842931,0.0
2019-01-24,11,0,59,208.23,208.23,0.0,3359.884792,0.0
2019-01-24,11,0,63,1.85,1.85,0.0,33.54303,0.0
2019-01-24,11,0,64,2.18,2.18,0.0,39.526381,0.0
2019-01-24,11,0,65,1.11,1.11,0.0,29.392425,0.0
2019-01-24,11,0,67,215.45,215.45,0.0,1614.228746,0.0
2019-01-24,11,0,68,0.0,0.0,0.0,0.0,0.0
2019-01-24,11,0,69,2.25,2.25,0.0,60.290305,0.0
2019-01-24,11,0,74,7.38,7.38,0.0,190.647144,0.0
2019-01-24,11,0,77,0.0,0.0,0.0,0.0,0.0
2019-01-24,11,0,78,0.0,0.0,0.0,0.0,0.0
2019-01-24,11,0,79,0.0,0.0,0.0,0.0,0.0
2019-01-24,11,0,80,0.0,0.0,0.0,0.0,0.0
2019-01-24,11,0,81,0.0,0.0,0.0,0.0,0.0
2019-01-24,11,0,82,0.0,0.0,0.0,0.0,0.0
2019-01-24,11,0,83,0.0,0.0,0.0,0.0,0.0
2019-01-24,11,0,84,0.0,0.0,0.0,0.0,0.0
2019-01-24,11,0,86,11.39,11.39,0.0,305.202921,0.0
2019-01-24,11,0,87,58.15,58.15,0.0,1558.169436,0.0
2019-01-24,11,0,88,0.0,0.0,0.0,0.0,0.0
2019-01-24,11,0,89,0.0,0.0,0.0,0.0,0.0
2019-01-24,11,0,90,0.0,0.0,0.0,0.0,0.0
2019-01-24,11,0,91,0.0,0.0,0.0,0.0,0.0
2019-01-24,11,0,92,0.0,0.0,0.0,0.0,0.0
2019-01-24,11,0,95,0.0,0.0,0.0,0.0,0.0
2019-01-24,11,0,96,4.01,4.01,0.0,64.531684,0.0
2019-01-24,11,0,97,29.44,29.44,0.0,473.768775,0.0
2019-01-24,11,0,99,1.58,1.58,0.0,40.816055,0.0
2019-01-24,11,0,101,7.91,7.91,0.0,127.631411,0.0
2019-01-24,11,0,102,0.0,0.0,0.0,0.0,0.0
2019-01-24,11,0,103,0.0,0.0,0.0,0.0,0.0
2019-01-24,11,0,104,0.0,0.0,0.0,0.0,0.0
2019-01-24,11,0,106,166.34,166.34,0.0,2690.77668,0.0
2019-01-24,11,0,109,38.6,38.6,0.0,703.069803,0.0
2019-01-24,11,0,110,182.75,182.75,0.0,-133.7815,0.0
2019-01-24,11,0,111,12.99,12.99,0.0,262.053647,0.0
2019-01-24,11,0,113,0.0,0.0,0.0,0.0,0.0
2019-01-24,11,0,115,0.0,0.0,0.0,0.0,0.0
2019-01-24,11,0,116,83.4,83.4,0.0,-61.052679,0.0
2019-01-24,11,0,117,0.0,0.0,0.0,0.0,0.0
2019-01-24,11,0,119,2.18,2.18,0.0,39.526381,0.0
2019-01-24,11,0,120,1.28,1.28,0.0,23.20815,0.0
2019-01-24,11,0,123,2.77,2.77,0.0,44.808533,0.0
2019-01-24,11,0,125,21.35,21.35,0.0,345.365409,0.0
2019-01-24,11,0,126,124.75,124.75,0.0,2018.001628,0.0
2019-01-24,11,0,127,160.1,160.1,0.0,2589.836158,0.0
2019-01-24,11,0,128,30.58,30.58,0.0,494.673265,0.0
2019-01-24,11,0,131,0.0,0.0,0.0,0.0,0.0
2019-01-24,11,0,132,0.0,0.0,0.0,0.0,0.0
2019-01-24,11,0,133,2.12,2.12,0.0,56.165261,0.0
2019-01-24,11,0,134,0.0,0.0,0.0,0.0,0.0
2019-01-24,11,0,135,2.84,2.84,0.0,75.240255,0.0
2019-01-24,11,0,136,1.18,1.18,0.0,31.245209,0.0
2019-01-24,11,0,139,11.57,11.57,0.0,233.40729,0.0
2019-01-24,11,0,140,135.26,135.26,0.0,-99.016611,0.0
2019-01-24,11,0,141,78.17,78.17,0.0,585.677703,0.0
2019-01-24,11,0,142,284.13,284.13,0.0,2128.803962,0.0
2019-01-24,11,0,143,143.69,143.69,0.0,2318.502837,0.0
2019-01-24,11,0,145,21.2,21.2,0.0,359.432298,0.0
2019-01-24,11,0,146,139.5,139.5,0.0,-102.120488,0.0
2019-01-24,11,0,152,5.78,5.78,0.0,152.189977,0.0
2019-01-24,11,0,153,7.28,7.28,0.0,191.659818,0.0
2019-01-24,11,0,154,53.59,53.59,0.0,1081.09738,0.0
2019-01-24,11,0,157,59.47,59.47,0.0,445.57059,0.0
2019-01-24,11,0,158,180.17,180.17,0.0,1349.898321,0.0
2019-01-24,11,0,159,0.0,0.0,0.0,0.0,0.0
2019-01-24,11,0,160,1.99,1.99,0.0,24.544337,0.0
2019-01-24,11,0,161,42.09,42.09,0.0,428.393652,0.0
2019-01-24,11,0,162,0.0,0.0,0.0,0.0,0.0
2019-01-24,11,0,163,51.21,51.21,0.0,-37.488102,0.0
2019-01-24,11,0,164,14.72,14.72,0.0,237.513827,0.0
2019-01-24,11,0,167,4.48,4.48,0.0,74.662167,0.0
2019-01-24,11,0,168,2.24,2.24,0.0,37.331083,0.0
2019-01-24,11,0,169,0.0,0.0,0.0,0.0,0.0
2019-01-24,11,0,170,4.9,4.9,0.0,81.661745,0.0
2019-01-24,11,0,172,5.84,5.84,0.0,93.587354,0.0
2019-01-24,11,0,173,8.89,8.89,0.0,142.464311,0.0
2019-01-24,11,0,188,7.79,7.79,0.0,127.565791,0.0
2019-01-24,11,0,190,5.79,5.79,0.0,104.980618,0.0
2019-01-24,11,0,191,14.97,14.97,0.0,271.426571,0.0
2019-01-24,11,0,192,58.84,58.84,0.0,1066.849663,0.0
2019-01-24,11,0,194,1.94,1.94,0.0,27.562393,0.0
2019-01-24,11,0,196,4.62,4.62,0.0,96.63801,0.0
2019-01-24,11,0,198,8.94,8.94,0.0,123.993656,0.0
2019-01-24,11,0,199,6.97,6.97,0.0,84.925189,0.0
2019-01-24,11,0,200,14.43,14.43,0.0,175.820728,0.0
2019-01-24,11,0,204,114.71,114.71,0.0,1981.250817,0.0
2019-01-24,11,0,205,252.4,252.4,0.0,4597.275085,0.0
2019-01-24,11,0,206,112.54,112.54,0.0,1811.071263,0.0
2019-01-24,11,0,210,1.99,1.99,0.0,12.520192,0.0
2019-01-24,11,0,214,11.58,11.58,0.0,312.2493,0.0
2019-01-24,11,0,217,8.05,8.05,0.0,142.853103,0.0
2019-01-24,11,0,218,11.11,11.11,0.0,197.155028,0.0
2019-01-24,11,0,219,7.56,7.56,0.0,134.157697,0.0
2019-01-24,11,0,221,6.18,6.18,0.0,166.640818,0.0
2019-01-24,11,0,225,6.31,6.31,0.0,33.753176,0.0
2019-01-24,11,0,233,6.44,6.44,0.0,172.564251,0.0
2019-01-24,11,0,236,5.01,5.01,0.0,132.119322,0.0
2019-01-24,11,0,237,16.45,16.45,0.0,424.951968,0.0
2019-01-24,11,0,238,63.61,63.61,0.0,1680.960584,0.0
2019-01-24,11,0,240,9.24,9.24,0.0,69.358633,0.0
2019-01-24,11,0,245,4.23,4.23,0.0,112.250998,0.0
2019-01-24,11,0,247,5.25,5.25,0.0,139.318614,0.0
2019-01-24,11,0,248,1.96,1.96,0.0,50.632575,0.0
2019-01-24,11,0,249,8.14,8.14,0.0,216.010195,0.0
2019-01-24,11,0,251,19.58,19.58,0.0,518.078537,0.0
2019-01-24,11,0,252,7.15,7.15,0.0,189.329585,0.0
2019-01-24,11,0,254,13.89,13.89,0.0,154.0982,0.0
2019-01-24,11,0,255,6.37,6.37,0.0,70.669945,0.0
2019-01-24,11,0,258,11.48,11.48,0.0,92.055124,0.0
2019-01-24,11,0,260,4.83,4.83,0.0,59.572436,0.0
2019-01-24,11,0,265,55.49,55.49,0.0,1119.427013,0.0
2019-01-24,11,0,266,7.49,7.49,0.0,151.099447,0.0
2019-01-24,11,0,267,9.2,9.2,0.0,185.596117,0.0
2019-01-24,11,0,270,173.24,173.24,0.0,-126.819737,0.0
2019-01-24,11,0,272,0.0,0.0,0.0,0.0,0.0
2019-01-24,11,0,273,19.94,19.94,0.0,-14.597007,0.0
2019-01-24,11,0,274,226.23,226.23,0.0,-165.610882,0.0
2019-01-24,11,0,275,319.2,319.2,0.0,-233.669246,0.0
2019-01-24,11,0,276,4.55,4.55,0.0,5.024518,0.0
2019-01-24,11,0,277,5.6,5.6,0.0,70.073714,0.0
2019-01-24,11,0,278,8.96,8.96,0.0,112.117942,0.0
2019-01-24,11,0,279,0.0,0.0,0.0,0.0,0.0
2019-01-24,11,0,281,40.45,40.45,0.0,652.67896,0.0
2019-01-24,11,0,282,215.29,215.29,0.0,3473.80107,0.0
2019-01-24,12,0,9,2.95,2.95,0.0,-1130.55308,0.0
2019-01-24,12,0,17,54.28,54.28,0.0,1185.27397,0.0
2019-01-24,12,0,19,15.94,15.94,0.0,348.070506,0.0
2019-01-24,12,0,20,19.33,19.33,0.0,422.095539,0.0
2019-01-24,12,0,21,67.49,67.49,0.0,-25864.755048,0.0
2019-01-24,12,0,22,239.86,239.86,0.0,-91923.546388,0.0
2019-01-24,12,0,23,14.06,14.06,0.0,-5388.330952,0.0
2019-01-24,12,0,24,23.54,23.54,0.0,-9021.430343,0.0
2019-01-24,12,0,29,8.88,8.88,0.0,30.477963,0.0
2019-01-24,12,0,30,563.02,563.02,0.0,-563020.0,0.0
2019-01-24,12,0,31,124.58,124.58,0.0,-124580.0,0.0
2019-01-24,12,0,32,5.13,5.13,0.0,494.082565,0.0
2019-01-24,12,0,33,2.93,2.93,0.0,68.861234,0.0
2019-01-24,12,0,34,4.69,4.69,0.0,110.224979,0.0
2019-01-24,12,0,35,4.69,4.69,0.0,110.224979,0.0
2019-01-24,12,0,36,11.08,11.08,0.0,84.866641,0.0
2019-01-24,12,0,37,5.26,5.26,0.0,41.318118,0.0
2019-01-24,12,0,38,6.77,6.77,0.0,53.179403,0.0
2019-01-24,12,0,39,4.51,4.51,0.0,35.426751,0.0
2019-01-24,12,0,40,4.51,4.51,0.0,35.426751,0.0
2019-01-24,12,0,41,7.58,7.58,0.0,-13.966617,0.0
2019-01-24,12,0,42,68.17,68.17,0.0,1463.964255,0.0
2019-01-24,12,0,43,33.9,33.9,0.0,291.476796,0.0
2019-01-24,12,0,46,29.62,29.62,0.0,233.129873,0.0
2019-01-24,12,0,52,132.06,132.06,0.0,-132060.0,0.0
2019-01-24,12,0,53,209.8,209.8,0.0,-209800.0,0.0
2019-01-24,12,0,55,430.79,430.79,0.0,-165095.241176,0.0
2019-01-24,12,0,56,166.07,166.07,0.0,-166070.0,0.0
2019-01-24,12,0,57,157.97,157.97,0.0,-157970.0,0.0
2019-01-24,12,0,58,303.79,303.79,0.0,-303790.0,0.0
2019-01-24,12,0,59,298.73,298.73,0.0,-298730.0,0.0
2019-01-24,12,0,63,4.98,4.98,0.0,772.325086,0.0
2019-01-24,12,0,64,5.86,5.86,0.0,908.800202,0.0
2019-01-24,12,0,65,2.69,2.69,0.0,58.559189,0.0
2019-01-24,12,0,67,305.24,305.24,0.0,-164742.287345,0.0
2019-01-24,12,0,68,6.42,6.42,0.0,-2499.996386,0.0
2019-01-24,12,0,69,2.93,2.93,0.0,68.861234,0.0
2019-01-24,12,0,74,12.39,12.39,0.0,173.899925,0.0
2019-01-24,12,0,77,3.44,3.44,0.0,-907.766764,0.0
2019-01-24,12,0,78,2.6,2.6,0.0,-686.102787,0.0
2019-01-24,12,0,79,1.51,1.51,0.0,-398.467388,0.0
2019-01-24,12,0,80,2.44,2.44,0.0,-643.881077,0.0
2019-01-24,12,0,81,3.19,3.19,0.0,-841.795342,0.0
2019-01-24,12,0,82,2.25,2.25,0.0,-593.742796,0.0
2019-01-24,12,0,83,5.01,5.01,0.0,-1322.067293,0.0
2019-01-24,12,0,84,0.0,0.0,0.0,0.0,0.0
2019-01-24,12,0,86,14.86,14.86,0.0,349.241618,0.0
2019-01-24,12,0,87,75.89,75.89,0.0,1783.576475,0.0
2019-01-24,12,0,88,0.0,0.0,0.0,-0.0,0.0
2019-01-24,12,0,89,0.0,0.0,0.0,-0.0,0.0
2019-01-24,12,0,90,0.0,0.0,0.0,-0.0,0.0
2019-01-24,12,0,91,0.0,0.0,0.0,-0.0,0.0
2019-01-24,12,0,92,0.0,0.0,0.0,-0.0,0.0
2019-01-24,12,0,95,0.0,0.0,0.0,0.0,0.0
2019-01-24,12,0,96,4.07,4.07,0.0,213.004094,0.0
2019-01-24,12,0,97,25.04,25.04,0.0,1310.472363,0.0
2019-01-24,12,0,99,2.39,2.39,0.0,33.54486,0.0
2019-01-24,12,0,101,11.34,11.34,0.0,-11340.0,0.0
2019-01-24,12,0,102,15.19,15.19,0.0,-5915.100484,0.0
2019-01-24,12,0,103,13.21,13.21,0.0,-5144.073561,0.0
2019-01-24,12,0,104,2.45,2.45,0.0,-954.048465,0.0
2019-01-24,12,0,106,236.12,236.12,0.0,-90490.235025,0.0
2019-01-24,12,0,109,28.85,28.85,0.0,201.031483,0.0
2019-01-24,12,0,110,288.45,288.45,0.0,-288450.0,0.0
2019-01-24,12,0,111,17.63,17.63,0.0,-32.484361,0.0
2019-01-24,12,0,113,0.0,0.0,0.0,-0.0,0.0
2019-01-24,12,0,115,0.0,0.0,0.0,-0.0,0.0
2019-01-24,12,0,116,115.8,115.8,0.0,-115800.0,0.0
2019-01-24,12,0,117,0.0,0.0,0.0,-0.0,0.0
2019-01-24,12,0,119,5.86,5.86,0.0,908.800202,0.0
2019-01-24,12,0,120,3.45,3.45,0.0,535.044487,0.0
2019-01-24,12,0,123,3.94,3.94,0.0,-1509.959029,0.0
2019-01-24,12,0,125,21.54,21.54,0.0,-8254.953678,0.0
2019-01-24,12,0,126,177.09,177.09,0.0,-67867.676269,0.0
2019-01-24,12,0,127,227.27,227.27,0.0,-87098.575784,0.0
2019-01-24,12,0,128,29.53,29.53,0.0,-11317.027953,0.0
2019-01-24,12,0,131,3.18,3.18,0.0,-1110.663725,0.0
2019-01-24,12,0,132,4.67,4.67,0.0,-1631.069055,0.0
2019-01-24,12,0,133,3.24,3.24,0.0,70.770064,0.0
2019-01-24,12,0,134,0.0,0.0,0.0,0.0,0.0
2019-01-24,12,0,135,4.34,4.34,0.0,94.796938,0.0
2019-01-24,12,0,136,3.01,3.01,0.0,65.514253,0.0
2019-01-24,12,0,139,9.79,9.79,0.0,-18.038678,0.0
2019-01-24,12,0,140,213.48,213.48,0.0,-213480.0,0.0
2019-01-24,12,0,141,161.69,161.69,0.0,-87266.349236,0.0
2019-01-24,12,0,142,402.54,402.54,0.0,-217256.455078,0.0
2019-01-24,12,0,143,190.53,190.53,0.0,-190530.0,0.0
2019-01-24,12,0,145,9.43,9.43,0.0,57.523699,0.0
2019-01-24,12,0,146,169.08,169.08,0.0,-169080.0,0.0
2019-01-24,12,0,152,8.05,8.05,0.0,189.355747,0.0
2019-01-24,12,0,153,10.16,10.16,0.0,240.497323,0.0
2019-01-24,12,0,154,72.74,72.74,0.0,-134.027933,0.0
2019-01-24,12,0,157,49.47,49.47,0.0,-26699.649309,0.0
2019-01-24,12,0,158,254.59,254.59,0.0,-137405.775571,0.0
2019-01-24,12,0,159,0.0,0.0,0.0,0.0,0.0
2019-01-24,12,0,160,2.67,2.67,0.0,27.849849,0.0
2019-01-24,12,0,161,59.3,59.3,0.0,-23091.866932,0.0
2019-01-24,12,0,162,0.0,0.0,0.0,0.0,0.0
2019-01-24,12,0,163,115.52,115.52,0.0,-115520.0,0.0
2019-01-24,12,0,164,21.18,21.18,0.0,-21180.0,0.0
2019-01-24,12,0,167,5.96,5.96,0.0,104.084861,0.0
2019-01-24,12,0,168,2.98,2.98,0.0,52.04243,0.0
2019-01-24,12,0,169,0.0,0.0,0.0,0.0,0.0
2019-01-24,12,0,170,6.52,6.52,0.0,113.864646,0.0
2019-01-24,12,0,172,7.69,7.69,0.0,397.831586,0.0
2019-01-24,12,0,173,11.72,11.72,0.0,606.3181,0.0
2019-01-24,12,0,188,10.6,10.6,0.0,686.305207,0.0
2019-01-24,12,0,190,7.97,7.97,0.0,1236.030308,0.0
2019-01-24,12,0,191,20.59,20.59,0.0,3193.207534,0.0
2019-01-24,12,0,192,94.19,94.19,0.0,14607.48993,0.0
2019-01-24,12,0,194,0.0,0.0,0.0,-0.0,0.0
2019-01-24,12,0,196,6.3,6.3,0.0,1980.45897,0.0
2019-01-24,12,0,198,11.76,11.76,0.0,145.625036,0.0
2019-01-24,12,0,199,21.43,21.43,0.0,-562.084497,0.0
2019-01-24,12,0,200,19.5,19.5,0.0,-511.462795,0.0
2019-01-24,12,0,204,119.53,119.53,0.0,838.227986,0.0
2019-01-24,12,0,205,152.61,152.61,0.0,1063.411251,0.0
2019-01-24,12,0,206,73.59,73.59,0.0,3851.344297,0.0
2019-01-24,12,0,210,2.55,2.55,0.0,10.759347,0.0
2019-01-24,12,0,214,15.25,15.25,0.0,370.219592,0.0
2019-01-24,12,0,217,10.43,10.43,0.0,161.713816,0.0
2019-01-24,12,0,218,14.39,14.39,0.0,223.112349,0.0
2019-01-24,12,0,219,9.8,9.8,0.0,151.945867,0.0
2019-01-24,12,0,221,8.13,8.13,0.0,197.369527,0.0
2019-01-24,12,0,225,7.98,7.98,0.0,26.782362,0.0
2019-01-24,12,0,233,8.41,8.41,0.0,197.652894,0.0
2019-01-24,12,0,236,9.99,9.99,0.0,217.97538,0.0
2019-01-24,12,0,237,29.71,29.71,0.0,416.994897,0.0
2019-01-24,12,0,238,88.73,88.73,0.0,1905.494328,0.0
2019-01-24,12,0,240,12.56,12.56,0.0,96.202618,0.0
2019-01-24,12,0,245,6.07,6.07,0.0,134.043549,0.0
2019-01-24,12,0,247,9.98,9.98,0.0,220.38791,0.0
2019-01-24,12,0,248,2.98,2.98,0.0,41.825809,0.0
2019-01-24,12,0,249,11.68,11.68,0.0,257.928937,0.0
2019-01-24,12,0,251,38.1,38.1,0.0,825.211127,0.0
2019-01-24,12,0,252,17.32,17.32,0.0,377.042805,0.0
2019-01-24,12,0,254,18.91,18.91,0.0,171.286394,0.0
2019-01-24,12,0,255,8.67,8.67,0.0,78.532683,0.0
2019-01-24,12,0,258,15.52,15.52,0.0,121.227503,0.0
2019-01-24,12,0,260,6.49,6.49,0.0,67.694951,0.0
2019-01-24,12,0,265,75.32,75.32,0.0,-138.781742,0.0
2019-01-24,12,0,266,6.34,6.34,0.0,-11.681841,0.0
2019-01-24,12,0,267,7.79,7.79,0.0,-14.353555,0.0
2019-01-24,12,0,270,360.76,360.76,0.0,-360760.0,0.0
2019-01-24,12,0,272,0.0,0.0,0.0,-0.0,0.0
2019-01-24,12,0,273,27.69,27.69,0.0,-27690.0,0.0
2019-01-24,12,0,274,465.06,465.06,0.0,-465060.0,0.0
2019-01-24,12,0,275,647.37,647.37,0.0,-647370.0,0.0
2019-01-24,12,0,276,6.3,6.3,0.0,-5652.535403,0.0
2019-01-24,12,0,277,7.73,7.73,0.0,-1903.969065,0.0
2019-01-24,12,0,278,12.37,12.37,0.0,-3046.843123,0.0
2019-01-24,12,0,279,19.2,19.2,0.0,-4729.134031,0.0
2019-01-24,12,0,281,55.91,55.91,0.0,-55910.0,0.0
2019-01-24,12,0,282,308.85,308.85,0.0,-308850.0,0.0
2019-01-24,13,0,9,3.56,3.56,0.0,-1397.899964,0.0
2019-01-24,13,0,17,59.63,59.63,0.0,1641.531125,0.0
2019-01-24,13,0,19,24.76,24.76,0.0,681.60843,0.0
2019-01-24,13,0,20,30.03,30.03,0.0,826.684214,0.0
2019-01-24,13,0,21,81.34,81.34,0.0,-31939.658156,0.0
2019-01-24,13,0,22,289.07,289.07,0.0,-113508.691703,0.0
2019-01-24,13,0,23,83.47,83.47,0.0,-32776.042123,0.0
2019-01-24,13,0,24,145.77,145.77,0.0,-57239.291485,0.0
2019-01-24,13,0,29,10.19,10.19,0.0,37.276573,0.0
2019-01-24,13,0,30,693.98,693.98,0.0,-693980.0,0.0
2019-01-24,13,0,31,125.0,125.0,0.0,-125000.0,0.0
2019-01-24,13,0,32,5.94,5.94,0.0,312.643198,0.0
2019-01-24,13,0,33,3.44,3.44,0.0,116.557982,0.0
2019-01-24,13,0,34,5.5,5.5,0.0,186.357239,0.0
2019-01-24,13,0,35,5.5,5.5,0.0,186.357239,0.0
2019-01-24,13,0,36,13.1,13.1,0.0,81.988386,0.0
2019-01-24,13,0,37,6.27,6.27,0.0,38.984308,0.0
2019-01-24,13,0,38,8.07,8.07,0.0,50.175976,0.0
2019-01-24,13,0,39,5.38,5.38,0.0,33.45065,0.0
2019-01-24,13,0,40,5.38,5.38,0.0,33.45065,0.0
2019-01-24,13,0,41,6.76,6.76,0.0,-71.041057,0.0
2019-01-24,13,0,42,79.63,79.63,0.0,2082.417999,0.0
2019-01-24,13,0,43,39.51,39.51,0.0,292.340677,0.0
2019-01-24,13,0,46,34.86,34.86,0.0,165.914002,0.0
2019-01-24,13,0,52,132.5,132.5,0.0,-132500.0,0.0
2019-01-24,13,0,53,210.5,210.5,0.0,-210500.0,0.0
2019-01-24,13,0,55,623.0,623.0,0.0,-244632.493621,0.0
2019-01-24,13,0,56,204.7,204.7,0.0,-204700.0,0.0
2019-01-24,13,0,57,194.71,194.71,0.0,-194710.0,0.0
2019-01-24,13,0,58,374.45,374.45,0.0,-374450.0,0.0
2019-01-24,13,0,59,368.21,368.21,0.0,-368210.0,0.0
2019-01-24,13,0,63,12.03,12.03,0.0,1463.000411,0.0
2019-01-24,13,0,64,14.15,14.15,0.0,1720.81927,0.0
2019-01-24,13,0,65,5.38,5.38,0.0,146.727321,0.0
2019-01-24,13,0,67,373.48,373.48,0.0,-205397.94954,0.0
2019-01-24,13,0,68,24.22,24.22,0.0,-9760.550578,0.0
2019-01-24,13,0,69,3.44,3.44,0.0,116.557982,0.0
2019-01-24,13,0,74,17.6,17.6,0.0,259.948764,0.0
2019-01-24,13,0,77,24.08,24.08,0.0,-6729.403097,0.0
2019-01-24,13,0,78,18.21,18.21,0.0,-5088.971362,0.0
2019-01-24,13,0,79,10.54,10.54,0.0,-2945.511156,0.0
2019-01-24,13,0,80,17.04,17.04,0.0,-4762.002856,0.0
2019-01-24,13,0,81,22.28,22.28,0.0,-6226.374627,0.0
2019-01-24,13,0,82,15.71,15.71,0.0,-4390.320708,0.0
2019-01-24,13,0,83,35.04,35.04,0.0,-9792.287564,0.0
2019-01-24,13,0,84,0.0,0.0,0.0,0.0,0.0
2019-01-24,13,0,86,17.43,17.43,0.0,590.583031,0.0
2019-01-24,13,0,87,88.97,88.97,0.0,3014.582459,0.0
2019-01-24,13,0,88,8.21,8.21,0.0,-2294.368747,0.0
2019-01-24,13,0,89,7.89,7.89,0.0,-2204.941463,0.0
2019-01-24,13,0,90,10.6,10.6,0.0,-2962.278772,0.0
2019-01-24,13,0,91,37.8,37.8,0.0,-10563.597885,0.0
2019-01-24,13,0,92,13.59,13.59,0.0,-3797.864954,0.0
2019-01-24,13,0,95,0.0,0.0,0.0,0.0,0.0
2019-01-24,13,0,96,10.84,10.84,0.0,389.168789,0.0
2019-01-24,13,0,97,66.64,66.64,0.0,2392.454621,0.0
2019-01-24,13,0,99,3.4,3.4,0.0,50.217375,0.0
2019-01-24,13,0,101,13.98,13.98,0.0,-13980.0,0.0
2019-01-24,13,0,102,57.34,57.34,0.0,-23107.760947,0.0
2019-01-24,13,0,103,49.86,49.86,0.0,-20093.354741,0.0
2019-01-24,13,0,104,9.26,9.26,0.0,-3731.738165,0.0
2019-01-24,13,0,106,284.57,284.57,0.0,-111741.683322,0.0
2019-01-24,13,0,109,29.84,29.84,0.0,65.206867,0.0
2019-01-24,13,0,110,338.6,338.6,0.0,-338600.0,0.0
2019-01-24,13,0,111,21.48,21.48,0.0,-225.734011,0.0
2019-01-24,13,0,113,6.38,6.38,0.0,-1616.841045,0.0
2019-01-24,13,0,115,6.38,6.38,0.0,-1616.841045,0.0
2019-01-24,13,0,116,134.67,134.67,0.0,-134670.0,0.0
2019-01-24,13,0,117,0.43,0.43,0.0,-108.972045,0.0
2019-01-24,13,0,119,14.15,14.15,0.0,1720.81927,0.0
2019-01-24,13,0,120,8.32,8.32,0.0,1011.817408,0.0
2019-01-24,13,0,123,4.74,4.74,0.0,-1861.248828,0.0
2019-01-24,13,0,125,132.35,132.35,0.0,-51969.679825,0.0
2019-01-24,13,0,126,213.43,213.43,0.0,-83807.244163,0.0
2019-01-24,13,0,127,273.9,273.9,0.0,-107551.910117,0.0
2019-01-24,13,0,128,186.85,186.85,0.0,-73370.11466,0.0
2019-01-24,13,0,131,18.27,18.27,0.0,-6645.650029,0.0
2019-01-24,13,0,132,26.85,26.85,0.0,-9766.595692,0.0
2019-01-24,13,0,133,4.69,4.69,0.0,129.222253,0.0
2019-01-24,13,0,134,0.0,0.0,0.0,0.0,0.0
2019-01-24,13,0,135,6.29,6.29,0.0,173.306604,0.0
2019-01-24,13,0,136,6.23,6.23,0.0,169.821634,0.0
2019-01-24,13,0,139,8.73,8.73,0.0,-91.743851,0.0
2019-01-24,13,0,140,250.6,250.6,0.0,-250600.0,0.0
2019-01-24,13,0,141,230.0,230.0,0.0,-126490.115654,0.0
2019-01-24,13,0,142,492.52,492.52,0.0,-270864.833747,0.0
2019-01-24,13,0,143,238.5,238.5,0.0,-238500.0,0.0
2019-01-24,13,0,145,15.33,15.33,0.0,-83.88664,0.0
2019-01-24,13,0,146,202.51,202.51,0.0,-202510.0,0.0
2019-01-24,13,0,152,9.89,9.89,0.0,232.637061,0.0
2019-01-24,13,0,153,12.34,12.34,0.0,288.844144,0.0
2019-01-24,13,0,154,88.6,88.6,0.0,-931.100249,0.0
2019-01-24,13,0,157,42.29,42.29,0.0,-23257.68257,0.0
2019-01-24,13,0,158,337.59,337.59,0.0,-185659.991928,0.0
2019-01-24,13,0,159,0.0,0.0,0.0,0.0,0.0
2019-01-24,13,0,160,3.08,3.08,0.0,33.862519,0.0
2019-01-24,13,0,161,71.56,71.56,0.0,-28838.356704,0.0
2019-01-24,13,0,162,0.0,0.0,0.0,0.0,0.0
2019-01-24,13,0,163,104.55,104.55,0.0,-104550.0,0.0
2019-01-24,13,0,164,26.03,26.03,0.0,-26030.0,0.0
2019-01-24,13,0,167,6.77,6.77,0.0,129.037838,0.0
2019-01-24,13,0,168,3.38,3.38,0.0,64.423618,0.0
2019-01-24,13,0,169,0.0,0.0,0.0,0.0,0.0
2019-01-24,13,0,170,7.4,7.4,0.0,141.04579,0.0
2019-01-24,13,0,172,9.03,9.03,0.0,184.796899,0.0
2019-01-24,13,0,173,13.76,13.76,0.0,281.595274,0.0
2019-01-24,13,0,188,12.31,12.31,0.0,384.987907,0.0
2019-01-24,13,0,190,7.6,7.6,0.0,246.449434,0.0
2019-01-24,13,0,191,19.65,19.65,0.0,637.201497,0.0
2019-01-24,13,0,192,142.0,142.0,0.0,4604.713111,0.0
2019-01-24,13,0,194,0.0,0.0,0.0,-0.0,0.0
2019-01-24,13,0,196,7.19,7.19,0.0,1990.329343,0.0
2019-01-24,13,0,198,13.63,13.63,0.0,201.78271,0.0
2019-01-24,13,0,199,20.17,20.17,0.0,-732.053298,0.0
2019-01-24,13,0,200,23.04,23.04,0.0,-836.217551,0.0
2019-01-24,13,0,204,124.54,124.54,0.0,204.992215,0.0
2019-01-24,13,0,205,157.83,157.83,0.0,344.892755,0.0
2019-01-24,13,0,206,195.82,195.82,0.0,7030.169025,0.0
2019-01-24,13,0,210,3.01,3.01,0.0,7.962102,0.0
2019-01-24,13,0,214,17.96,17.96,0.0,672.634961,0.0
2019-01-24,13,0,217,12.08,12.08,0.0,291.278699,0.0
2019-01-24,13,0,218,16.68,16.68,0.0,402.196084,0.0
2019-01-24,13,0,219,11.36,11.36,0.0,273.917717,0.0
2019-01-24,13,0,221,9.58,9.58,0.0,358.788581,0.0
2019-01-24,13,0,225,9.18,9.18,0.0,34.479848,0.0
2019-01-24,13,0,233,9.86,9.86,0.0,334.087704,0.0
2019-01-24,13,0,236,39.71,39.71,0.0,986.575859,0.0
2019-01-24,13,0,237,42.23,42.23,0.0,623.729334,0.0
2019-01-24,13,0,238,103.65,103.65,0.0,2710.569203,0.0
2019-01-24,13,0,240,14.85,14.85,0.0,92.941033,0.0
2019-01-24,13,0,245,8.43,8.43,0.0,239.998234,0.0
2019-01-24,13,0,247,16.87,16.87,0.0,480.281163,0.0
2019-01-24,13,0,248,4.24,4.24,0.0,62.62402,0.0
2019-01-24,13,0,249,16.21,16.21,0.0,461.491266,0.0
2019-01-24,13,0,251,65.52,65.52,0.0,1759.384391,0.0
2019-01-24,13,0,252,34.68,34.68,0.0,945.818495,0.0
2019-01-24,13,0,254,22.29,22.29,0.0,185.036235,0.0
2019-01-24,13,0,255,10.22,10.22,0.0,84.839404,0.0
2019-01-24,13,0,258,18.25,18.25,0.0,117.582116,0.0
2019-01-24,13,0,260,7.49,7.49,0.0,82.347491,0.0
2019-01-24,13,0,265,91.73,91.73,0.0,-963.993519,0.0
2019-01-24,13,0,266,5.65,5.65,0.0,-59.376032,0.0
2019-01-24,13,0,267,6.94,6.94,0.0,-72.932683,0.0
2019-01-24,13,0,270,325.32,325.32,0.0,-325320.0,0.0
2019-01-24,13,0,272,21.31,21.31,0.0,-5400.45183,0.0
2019-01-24,13,0,273,32.2,32.2,0.0,-32200.0,0.0
2019-01-24,13,0,274,419.18,419.18,0.0,-419180.0,0.0
2019-01-24,13,0,275,583.24,583.24,0.0,-583240.0,0.0
2019-01-24,13,0,276,7.5,7.5,0.0,-6746.361774,0.0
2019-01-24,13,0,277,9.34,9.34,0.0,-2464.470844,0.0
2019-01-24,13,0,278,14.95,14.95,0.0,-3944.736523,0.0
2019-01-24,13,0,279,125.24,125.24,0.0,-33046.073722,0.0
2019-01-24,13,0,281,56.1,56.1,0.0,-56100.0,0.0
2019-01-24,13,0,282,380.69,380.69,0.0,-380690.0,0.0
2019-01-24,14,0,9,3.74,3.74,0.0,-1427.850662,0.0
2019-01-24,14,0,17,60.46,60.46,0.0,592.17825,0.0
2019-01-24,14,0,19,56.28,56.28,0.0,551.237048,0.0
2019-01-24,14,0,20,68.26,68.26,0.0,668.575709,0.0
2019-01-24,14,0,21,85.58,85.58,0.0,-32672.582784,0.0
2019-01-24,14,0,22,304.14,304.14,0.0,-116114.037485,0.0
2019-01-24,14,0,23,34.33,34.33,0.0,-13106.447382,0.0
2019-01-24,14,0,24,59.05,59.05,0.0,-22544.005765,0.0
2019-01-24,14,0,29,10.37,10.37,0.0,48.499853,0.0
2019-01-24,14,0,30,732.73,732.73,0.0,-732730.0,0.0
2019-01-24,14,0,31,125.0,125.0,0.0,-125000.0,0.0
2019-01-24,14,0,32,6.09,6.09,0.0,323.706694,0.0
2019-01-24,14,0,33,3.6,3.6,0.0,40.717062,0.0
2019-01-24,14,0,34,5.77,5.77,0.0,65.260402,0.0
2019-01-24,14,0,35,5.77,5.77,0.0,65.260402,0.0
2019-01-24,14,0,36,13.72,13.72,0.0,108.354003,0.0
2019-01-24,14,0,37,6.5,6.5,0.0,51.79939,0.0
2019-01-24,14,0,38,8.36,8.36,0.0,66.621985,0.0
2019-01-24,14,0,39,5.57,5.57,0.0,44.388093,0.0
2019-01-24,14,0,40,5.57,5.57,0.0,44.388093,0.0
2019-01-24,14,0,41,4.8,4.8,0.0,-4.923949,0.0
2019-01-24,14,0,42,83.45,83.45,0.0,789.936426,0.0
2019-01-24,14,0,43,41.44,41.44,0.0,338.945954,0.0
2019-01-24,14,0,46,35.95,35.95,0.0,289.112096,0.0
2019-01-24,14,0,52,132.5,132.5,0.0,-132500.0,0.0
2019-01-24,14,0,53,210.5,210.5,0.0,-210500.0,0.0
2019-01-24,14,0,55,592.88,592.88,0.0,-226348.689893,0.0
2019-01-24,14,0,56,216.13,216.13,0.0,-216130.0,0.0
2019-01-24,14,0,57,205.59,205.59,0.0,-205590.0,0.0
2019-01-24,14,0,58,395.36,395.36,0.0,-395360.0,0.0
2019-01-24,14,0,59,388.77,388.77,0.0,-388770.0,0.0
2019-01-24,14,0,63,24.04,24.04,0.0,2862.62819,0.0
2019-01-24,14,0,64,28.28,28.28,0.0,3367.517688,0.0
2019-01-24,14,0,65,12.1,12.1,0.0,117.775493,0.0
2019-01-24,14,0,67,390.15,390.15,0.0,-216677.966755,0.0
2019-01-24,14,0,68,17.01,17.01,0.0,-6977.115756,0.0
2019-01-24,14,0,69,3.6,3.6,0.0,40.717062,0.0
2019-01-24,14,0,74,21.5,21.5,0.0,165.712744,0.0
2019-01-24,14,0,77,32.68,32.68,0.0,-9446.22281,0.0
2019-01-24,14,0,78,24.71,24.71,0.0,-7142.477529,0.0
2019-01-24,14,0,79,14.3,14.3,0.0,-4133.44511,0.0
2019-01-24,14,0,80,23.12,23.12,0.0,-6682.884681,0.0
2019-01-24,14,0,81,30.23,30.23,0.0,-8738.045151,0.0
2019-01-24,14,0,82,21.33,21.33,0.0,-6165.481412,0.0
2019-01-24,14,0,83,47.55,47.55,0.0,-13744.42762,0.0
2019-01-24,14,0,84,0.0,0.0,0.0,0.0,0.0
2019-01-24,14,0,86,18.26,18.26,0.0,206.525986,0.0
2019-01-24,14,0,87,93.25,93.25,0.0,1054.685006,0.0
2019-01-24,14,0,88,14.97,14.97,0.0,-4327.11002,0.0
2019-01-24,14,0,89,14.39,14.39,0.0,-4159.459799,0.0
2019-01-24,14,0,90,19.32,19.32,0.0,-5584.48668,0.0
2019-01-24,14,0,91,68.93,68.93,0.0,-19924.361637,0.0
2019-01-24,14,0,92,24.79,24.79,0.0,-7165.601697,0.0
2019-01-24,14,0,95,0.0,0.0,0.0,0.0,0.0
2019-01-24,14,0,96,10.22,10.22,0.0,560.964477,0.0
2019-01-24,14,0,97,68.5,68.5,0.0,3759.889105,0.0
2019-01-24,14,0,99,4.15,4.15,0.0,31.986413,0.0
2019-01-24,14,0,101,14.76,14.76,0.0,-14760.0,0.0
2019-01-24,14,0,102,40.17,40.17,0.0,-16476.821865,0.0
2019-01-24,14,0,103,34.94,34.94,0.0,-14331.594622,0.0
2019-01-24,14,0,104,6.54,6.54,0.0,-2682.559497,0.0
2019-01-24,14,0,106,299.4,299.4,0.0,-114304.408572,0.0
2019-01-24,14,0,109,20.82,20.82,0.0,163.218974,0.0
2019-01-24,14,0,110,338.6,338.6,0.0,-338600.0,0.0
2019-01-24,14,0,111,23.22,23.22,0.0,-23.819604,0.0
2019-01-24,14,0,113,13.25,13.25,0.0,-3448.895789,0.0
2019-01-24,14,0,115,13.25,13.25,0.0,-3448.895789,0.0
2019-01-24,14,0,116,138.25,138.25,0.0,-138250.0,0.0
2019-01-24,14,0,117,0.88,0.88,0.0,-229.058739,0.0
2019-01-24,14,0,119,28.28,28.28,0.0,3367.517688,0.0
2019-01-24,14,0,120,16.63,16.63,0.0,1980.262346,0.0
2019-01-24,14,0,123,4.99,4.99,0.0,-1905.073476,0.0
2019-01-24,14,0,125,53.82,53.82,0.0,-20547.305509,0.0
2019-01-24,14,0,126,224.55,224.55,0.0,-85728.306429,0.0
2019-01-24,14,0,127,288.17,288.17,0.0,-110017.038805,0.0
2019-01-24,14,0,128,74.7,74.7,0.0,-28518.835405,0.0
2019-01-24,14,0,131,22.95,22.95,0.0,-8523.642527,0.0
2019-01-24,14,0,132,33.73,33.73,0.0,-12527.340412,0.0
2019-01-24,14,0,133,11.65,11.65,0.0,114.173452,0.0
2019-01-24,14,0,134,0.0,0.0,0.0,0.0,0.0
2019-01-24,14,0,135,15.62,15.62,0.0,153.080629,0.0
2019-01-24,14,0,136,12.41,12.41,0.0,120.7513,0.0
2019-01-24,14,0,139,6.19,6.19,0.0,-6.349843,0.0
2019-01-24,14,0,140,250.6,250.6,0.0,-250600.0,0.0
2019-01-24,14,0,141,230.0,230.0,0.0,-127735.312966,0.0
2019-01-24,14,0,142,514.51,514.51,0.0,-285743.895105,0.0
2019-01-24,14,0,143,238.5,238.5,0.0,-238500.0,0.0
2019-01-24,14,0,145,2.68,2.68,0.0,21.129606,0.0
2019-01-24,14,0,146,213.45,213.45,0.0,-213450.0,0.0
2019-01-24,14,0,152,10.6,10.6,0.0,87.467571,0.0
2019-01-24,14,0,153,13.11,13.11,0.0,107.315623,0.0
2019-01-24,14,0,154,95.79,95.79,0.0,-98.26356,0.0
2019-01-24,14,0,157,36.82,36.82,0.0,-20448.757493,0.0
2019-01-24,14,0,158,363.6,363.6,0.0,-201932.868671,0.0
2019-01-24,14,0,159,0.0,0.0,0.0,0.0,0.0
2019-01-24,14,0,160,3.21,3.21,0.0,27.817322,0.0
2019-01-24,14,0,161,73.75,73.75,0.0,-30250.575368,0.0
2019-01-24,14,0,162,4.51,4.51,0.0,91.140092,0.0
2019-01-24,14,0,163,130.61,130.61,0.0,-130610.0,0.0
2019-01-24,14,0,164,28.24,28.24,0.0,-28240.0,0.0
2019-01-24,14,0,167,6.78,6.78,0.0,108.441845,0.0
2019-01-24,14,0,168,3.39,3.39,0.0,54.220923,0.0
2019-01-24,14,0,169,0.0,0.0,0.0,0.0,0.0
2019-01-24,14,0,170,7.42,7.42,0.0,118.678244,0.0
2019-01-24,14,0,172,9.18,9.18,0.0,218.43882,0.0
2019-01-24,14,0,173,13.98,13.98,0.0,332.655196,0.0
2019-01-24,14,0,188,12.38,12.38,0.0,392.751946,0.0
2019-01-24,14,0,190,7.75,7.75,0.0,251.313568,0.0
2019-01-24,14,0,191,20.02,20.02,0.0,649.199693,0.0
2019-01-24,14,0,192,211.12,211.12,0.0,6846.105859,0.0
2019-01-24,14,0,194,3.87,3.87,0.0,-485.245308,0.0
2019-01-24,14,0,196,7.31,7.31,0.0,1990.62832,0.0
2019-01-24,14,0,198,14.05,14.05,0.0,128.796319,0.0
2019-01-24,14,0,199,35.65,35.65,0.0,-2197.636477,0.0
2019-01-24,14,0,200,23.68,23.68,0.0,-1459.748437,0.0
2019-01-24,14,0,204,93.88,93.88,0.0,739.803869,0.0
2019-01-24,14,0,205,110.15,110.15,0.0,863.524012,0.0
2019-01-24,14,0,206,242.49,242.49,0.0,13310.007432,0.0
2019-01-24,14,0,210,3.05,3.05,0.0,9.575316,0.0
2019-01-24,14,0,214,18.11,18.11,0.0,220.871143,0.0
2019-01-24,14,0,217,12.22,12.22,0.0,115.60879,0.0
2019-01-24,14,0,218,16.87,16.87,0.0,159.600678,0.0
2019-01-24,14,0,219,11.49,11.49,0.0,108.702536,0.0
2019-01-24,14,0,221,9.66,9.66,0.0,117.814204,0.0
2019-01-24,14,0,225,9.42,9.42,0.0,45.455444,0.0
2019-01-24,14,0,233,10.33,10.33,0.0,116.835347,0.0
2019-01-24,14,0,236,32.26,32.26,0.0,290.563374,0.0
2019-01-24,14,0,237,51.57,51.57,0.0,397.479359,0.0
2019-01-24,14,0,238,108.61,108.61,0.0,1028.100602,0.0
2019-01-24,14,0,240,15.55,15.55,0.0,122.806468,0.0
2019-01-24,14,0,245,25.43,25.43,0.0,254.782829,0.0
2019-01-24,14,0,247,46.57,46.57,0.0,466.584206,0.0
2019-01-24,14,0,248,5.18,5.18,0.0,39.92521,0.0
2019-01-24,14,0,249,48.91,48.91,0.0,490.028635,0.0
2019-01-24,14,0,251,129.95,129.95,0.0,1251.847827,0.0
2019-01-24,14,0,252,78.04,78.04,0.0,759.60326,0.0
2019-01-24,14,0,254,22.87,22.87,0.0,189.850996,0.0
2019-01-24,14,0,255,10.48,10.48,0.0,86.997745,0.0
2019-01-24,14,0,258,19.05,19.05,0.0,151.314436,0.0
2019-01-24,14,0,260,7.79,7.79,0.0,67.506833,0.0
2019-01-24,14,0,265,99.18,99.18,0.0,-101.741099,0.0
2019-01-24,14,0,266,4.01,4.01,0.0,-4.113549,0.0
2019-01-24,14,0,267,4.93,4.93,0.0,-5.057306,0.0
2019-01-24,14,0,270,454.05,454.05,0.0,-454050.0,0.0
2019-01-24,14,0,272,44.29,44.29,0.0,-11528.422226,0.0
2019-01-24,14,0,273,33.06,33.06,0.0,-33060.0,0.0
2019-01-24,14,0,274,605.65,605.65,0.0,-605650.0,0.0
2019-01-24,14,0,275,880.86,880.86,0.0,-880860.0,0.0
2019-01-24,14,0,276,7.67,7.67,0.0,-6908.550879,0.0
2019-01-24,14,0,277,9.72,9.72,0.0,-2642.125408,0.0
2019-01-24,14,0,278,15.56,15.56,0.0,-4229.575242,0.0
2019-01-24,14,0,279,139.84,139.84,0.0,-38011.812458,0.0
2019-01-24,14,0,281,56.1,56.1,0.0,-56100.0,0.0
2019-01-24,14,0,282,401.95,401.95,0.0,-401950.0,0.0
2019-01-24,15,0,9,3.57,3.57,0.0,-1351.585788,0.0
2019-01-24,15,0,17,58.08,58.08,0.0,582.592974,0.0
2019-01-24,15,0,19,109.52,109.52,0.0,1098.580967,0.0
2019-01-24,15,0,20,132.83,132.83,0.0,1332.400564,0.0
2019-01-24,15,0,21,81.54,81.54,0.0,-30870.673713,0.0
2019-01-24,15,0,22,289.78,289.78,0.0,-109709.392059,0.0
2019-01-24,15,0,23,25.35,25.35,0.0,-9597.394881,0.0
2019-01-24,15,0,24,44.86,44.86,0.0,-16983.792283,0.0
2019-01-24,15,0,29,9.44,9.44,0.0,49.278765,0.0
2019-01-24,15,0,30,693.78,693.78,0.0,-693780.0,0.0
2019-01-24,15,0,31,125.0,125.0,0.0,-125000.0,0.0
2019-01-24,15,0,32,5.59,5.59,0.0,235.156034,0.0
2019-01-24,15,0,33,3.4,3.4,0.0,36.765124,0.0
2019-01-24,15,0,34,5.43,5.43,0.0,58.716066,0.0
2019-01-24,15,0,35,5.43,5.43,0.0,58.716066,0.0
2019-01-24,15,0,36,13.08,13.08,0.0,118.839413,0.0
2019-01-24,15,0,37,6.18,6.18,0.0,56.501945,0.0
2019-01-24,15,0,38,7.94,7.94,0.0,72.593114,0.0
2019-01-24,15,0,39,5.29,5.29,0.0,48.364934,0.0
2019-01-24,15,0,40,5.29,5.29,0.0,48.364934,0.0
2019-01-24,15,0,41,7.8,7.8,0.0,18.627384,0.0
2019-01-24,15,0,42,80.15,80.15,0.0,790.381082,0.0
2019-01-24,15,0,43,39.2,39.2,0.0,352.204676,0.0
2019-01-24,15,0,46,33.93,33.93,0.0,324.19859,0.0
2019-01-24,15,0,52,132.5,132.5,0.0,-132500.0,0.0
2019-01-24,15,0,53,210.5,210.5,0.0,-210500.0,0.0
2019-01-24,15,0,55,519.2,519.2,0.0,-196566.762223,0.0
2019-01-24,15,0,56,204.64,204.64,0.0,-204640.0,0.0
2019-01-24,15,0,57,194.66,194.66,0.0,-194660.0,0.0
2019-01-24,15,0,58,374.34,374.34,0.0,-374340.0,0.0
2019-01-24,15,0,59,368.1,368.1,0.0,-368100.0,0.0
2019-01-24,15,0,63,42.27,42.27,0.0,4646.412423,0.0
2019-01-24,15,0,64,49.73,49.73,0.0,5466.432217,0.0
2019-01-24,15,0,65,22.94,22.94,0.0,229.385458,0.0
2019-01-24,15,0,67,369.34,369.34,0.0,-206783.768258,0.0
2019-01-24,15,0,68,34.0,34.0,0.0,-14149.117178,0.0
2019-01-24,15,0,69,3.4,3.4,0.0,36.765124,0.0
2019-01-24,15,0,74,29.15,29.15,0.0,257.519527,0.0
2019-01-24,15,0,77,47.28,47.28,0.0,-14017.075328,0.0
2019-01-24,15,0,78,35.75,35.75,0.0,-10598.782635,0.0
2019-01-24,15,0,79,20.69,20.69,0.0,-6133.952803,0.0
2019-01-24,15,0,80,33.45,33.45,0.0,-9916.902913,0.0
2019-01-24,15,0,81,43.74,43.74,0.0,-12967.573495,0.0
2019-01-24,15,0,82,30.85,30.85,0.0,-9146.082358,0.0
2019-01-24,15,0,83,68.8,68.8,0.0,-20397.09777,0.0
2019-01-24,15,0,84,0.0,0.0,0.0,0.0,0.0
2019-01-24,15,0,86,17.21,17.21,0.0,186.096409,0.0
2019-01-24,15,0,87,87.84,87.84,0.0,949.837804,0.0
2019-01-24,15,0,88,27.81,27.81,0.0,-8244.815247,0.0
2019-01-24,15,0,89,26.74,26.74,0.0,-7927.592942,0.0
2019-01-24,15,0,90,35.9,35.9,0.0,-10643.253052,0.0
2019-01-24,15,0,91,128.06,128.06,0.0,-37965.877042,0.0
2019-01-24,15,0,92,46.06,46.06,0.0,-13655.382606,0.0
2019-01-24,15,0,95,0.0,0.0,0.0,0.0,0.0
2019-01-24,15,0,96,11.93,11.93,0.0,720.738016,0.0
2019-01-24,15,0,97,73.34,73.34,0.0,4430.75659,0.0
2019-01-24,15,0,99,5.63,5.63,0.0,49.737048,0.0
2019-01-24,15,0,101,13.98,13.98,0.0,-13980.0,0.0
2019-01-24,15,0,102,80.5,80.5,0.0,-33500.115672,0.0
2019-01-24,15,0,103,70.0,70.0,0.0,-29130.535367,0.0
2019-01-24,15,0,104,13.0,13.0,0.0,-5409.956568,0.0
2019-01-24,15,0,106,285.26,285.26,0.0,-107998.140585,0.0
2019-01-24,15,0,109,13.87,13.87,0.0,139.61361,0.0
2019-01-24,15,0,110,338.6,338.6,0.0,-338600.0,0.0
2019-01-24,15,0,111,22.44,22.44,0.0,53.589551,0.0
2019-01-24,15,0,113,25.15,25.15,0.0,-6722.302272,0.0
2019-01-24,15,0,115,25.15,25.15,0.0,-6722.302272,0.0
2019-01-24,15,0,116,129.69,129.69,0.0,-129690.0,0.0
2019-01-24,15,0,117,1.68,1.68,0.0,-449.044446,0.0
2019-01-24,15,0,119,49.73,49.73,0.0,5466.432217,0.0
2019-01-24,15,0,120,29.24,29.24,0.0,3214.12584,0.0
2019-01-24,15,0,123,4.75,4.75,0.0,-1798.328429,0.0
2019-01-24,15,0,125,40.59,40.59,0.0,-15367.189674,0.0
2019-01-24,15,0,126,213.95,213.95,0.0,-81000.498416,0.0
2019-01-24,15,0,127,274.57,274.57,0.0,-103950.95513,0.0
2019-01-24,15,0,128,58.14,58.14,0.0,-22011.539976,0.0
2019-01-24,15,0,131,73.32,73.32,0.0,-27697.836495,0.0
2019-01-24,15,0,132,107.91,107.91,0.0,-40764.778181,0.0
2019-01-24,15,0,133,24.64,24.64,0.0,247.233793,0.0
2019-01-24,15,0,134,0.0,0.0,0.0,0.0,0.0
2019-01-24,15,0,135,33.02,33.02,0.0,331.317364,0.0
2019-01-24,15,0,136,21.69,21.69,0.0,216.848736,0.0
2019-01-24,15,0,139,10.15,10.15,0.0,24.239481,0.0
2019-01-24,15,0,140,250.6,250.6,0.0,-250600.0,0.0
2019-01-24,15,0,141,230.0,230.0,0.0,-128770.960901,0.0
2019-01-24,15,0,142,487.07,487.07,0.0,-272697.704027,0.0
2019-01-24,15,0,143,238.5,238.5,0.0,-238500.0,0.0
2019-01-24,15,0,145,0.96,0.96,0.0,11.528811,0.0
2019-01-24,15,0,146,224.83,224.83,0.0,-224830.0,0.0
2019-01-24,15,0,152,9.96,9.96,0.0,92.705038,0.0
2019-01-24,15,0,153,12.39,12.39,0.0,114.960849,0.0
2019-01-24,15,0,154,92.56,92.56,0.0,221.044959,0.0
2019-01-24,15,0,157,32.68,32.68,0.0,-18296.673923,0.0
2019-01-24,15,0,158,347.54,347.54,0.0,-194578.520659,0.0
2019-01-24,15,0,159,0.0,0.0,0.0,0.0,0.0
2019-01-24,15,0,160,3.04,3.04,0.0,25.549898,0.0
2019-01-24,15,0,161,69.06,69.06,0.0,-28739.353892,0.0
2019-01-24,15,0,162,12.85,12.85,0.0,259.63549,0.0
2019-01-24,15,0,163,142.89,142.89,0.0,-142890.0,0.0
2019-01-24,15,0,164,26.76,26.76,0.0,-26760.0,0.0
2019-01-24,15,0,167,6.25,6.25,0.0,102.580561,0.0
2019-01-24,15,0,168,3.12,3.12,0.0,51.208216,0.0
2019-01-24,15,0,169,0.0,0.0,0.0,0.0,0.0
2019-01-24,15,0,170,6.83,6.83,0.0,112.100037,0.0
2019-01-24,15,0,172,8.57,8.57,0.0,145.882481,0.0
2019-01-24,15,0,173,13.07,13.07,0.0,222.483551,0.0
2019-01-24,15,0,188,11.34,11.34,0.0,265.971683,0.0
2019-01-24,15,0,190,7.38,7.38,0.0,239.315372,0.0
2019-01-24,15,0,191,19.07,19.07,0.0,618.393514,0.0
2019-01-24,15,0,192,301.82,301.82,0.0,9787.285289,0.0
2019-01-24,15,0,194,13.69,13.69,0.0,-1821.872876,0.0
2019-01-24,15,0,196,6.94,6.94,0.0,1814.676917,0.0
2019-01-24,15,0,198,13.29,13.29,0.0,102.708346,0.0
2019-01-24,15,0,199,37.52,37.52,0.0,-2492.902048,0.0
2019-01-24,15,0,200,21.84,21.84,0.0,-1451.092237,0.0
2019-01-24,15,0,204,69.11,69.11,0.0,706.812028,0.0
2019-01-24,15,0,205,73.36,73.36,0.0,738.432187,0.0
2019-01-24,15,0,206,215.49,215.49,0.0,13018.594732,0.0
2019-01-24,15,0,210,2.82,2.82,0.0,10.812162,0.0
2019-01-24,15,0,214,16.68,16.68,0.0,187.920066,0.0
2019-01-24,15,0,217,11.25,11.25,0.0,101.821559,0.0
2019-01-24,15,0,218,15.52,15.52,0.0,140.468497,0.0
2019-01-24,15,0,219,10.57,10.57,0.0,95.667011,0.0
2019-01-24,15,0,221,8.89,8.89,0.0,100.156438,0.0
2019-01-24,15,0,225,8.61,8.61,0.0,46.098533,0.0
2019-01-24,15,0,233,9.73,9.73,0.0,105.213136,0.0
2019-01-24,15,0,236,57.07,57.07,0.0,550.309085,0.0
2019-01-24,15,0,237,69.92,69.92,0.0,617.693493,0.0
2019-01-24,15,0,238,104.32,104.32,0.0,1028.728065,0.0
2019-01-24,15,0,240,14.83,14.83,0.0,134.739182,0.0
2019-01-24,15,0,245,57.83,57.83,0.0,586.78498,0.0
2019-01-24,15,0,247,99.44,99.44,0.0,1008.990115,0.0
2019-01-24,15,0,248,7.02,7.02,0.0,62.016709,0.0
2019-01-24,15,0,249,111.22,111.22,0.0,1128.51851,0.0
2019-01-24,15,0,251,227.57,227.57,0.0,2263.784567,0.0
2019-01-24,15,0,252,147.96,147.96,0.0,1479.506204,0.0
2019-01-24,15,0,254,21.72,21.72,0.0,191.987642,0.0
2019-01-24,15,0,255,9.95,9.95,0.0,87.95014,0.0
2019-01-24,15,0,258,18.18,18.18,0.0,164.880002,0.0
2019-01-24,15,0,260,7.39,7.39,0.0,62.109785,0.0
2019-01-24,15,0,265,95.83,95.83,0.0,228.854132,0.0
2019-01-24,15,0,266,6.49,6.49,0.0,15.498939,0.0
2019-01-24,15,0,267,8.03,8.03,0.0,19.176653,0.0
2019-01-24,15,0,270,466.38,466.38,0.0,-466380.0,0.0
2019-01-24,15,0,272,84.05,84.05,0.0,-22465.586717,0.0
2019-01-24,15,0,273,31.01,31.01,0.0,-31010.0,0.0
2019-01-24,15,0,274,614.3,614.3,0.0,-614300.0,0.0
2019-01-24,15,0,275,881.73,881.73,0.0,-881730.0,0.0
2019-01-24,15,0,276,7.18,7.18,0.0,-6474.414917,0.0
2019-01-24,15,0,277,9.14,9.14,0.0,-2549.946006,0.0
2019-01-24,15,0,278,14.63,14.63,0.0,-4081.587535,0.0
2019-01-24,15,0,279,215.48,215.48,0.0,-60116.232544,0.0
2019-01-24,15,0,281,56.1,56.1,0.0,-56100.0,0.0
2019-01-24,15,0,282,380.58,380.58,0.0,-380580.0,0.0
2019-01-24,16,0,9,3.01,3.01,0.0,-1138.803821,0.0
2019-01-24,16,0,17,48.02,48.02,0.0,461.874324,0.0
2019-01-24,16,0,19,329.35,329.35,0.0,3167.811505,0.0
2019-01-24,16,0,20,415.68,415.68,0.0,3998.16574,0.0
2019-01-24,16,0,21,68.88,68.88,0.0,-26060.068841,0.0
2019-01-24,16,0,22,244.81,244.81,0.0,-92621.449664,0.0
2019-01-24,16,0,23,27.24,27.24,0.0,-10305.985413,0.0
2019-01-24,16,0,24,48.2,48.2,0.0,-18235.994746,0.0
2019-01-24,16,0,29,7.79,7.79,0.0,37.877883,0.0
2019-01-24,16,0,30,589.72,589.72,0.0,-589720.0,0.0
2019-01-24,16,0,31,125.0,125.0,0.0,-125000.0,0.0
2019-01-24,16,0,32,4.22,4.22,0.0,167.952128,0.0
2019-01-24,16,0,33,2.8,2.8,0.0,28.540632,0.0
2019-01-24,16,0,34,4.48,4.48,0.0,45.665012,0.0
2019-01-24,16,0,35,4.48,4.48,0.0,45.665012,0.0
2019-01-24,16,0,36,11.0,11.0,0.0,99.684911,0.0
2019-01-24,16,0,37,5.24,5.24,0.0,47.865142,0.0
2019-01-24,16,0,38,6.73,6.73,0.0,61.47565,0.0
2019-01-24,16,0,39,4.49,4.49,0.0,41.014215,0.0
2019-01-24,16,0,40,4.49,4.49,0.0,41.014215,0.0
2019-01-24,16,0,41,14.61,14.61,0.0,37.629342,0.0
2019-01-24,16,0,42,68.15,68.15,0.0,647.002288,0.0
2019-01-24,16,0,43,33.36,33.36,0.0,299.762141,0.0
2019-01-24,16,0,46,27.94,27.94,0.0,268.248325,0.0
2019-01-24,16,0,52,132.5,132.5,0.0,-132500.0,0.0
2019-01-24,16,0,53,210.5,210.5,0.0,-210500.0,0.0
2019-01-24,16,0,55,482.84,482.84,0.0,-182677.75318,0.0
2019-01-24,16,0,56,173.95,173.95,0.0,-173950.0,0.0
2019-01-24,16,0,57,165.46,165.46,0.0,-165460.0,0.0
2019-01-24,16,0,58,318.19,318.19,0.0,-318190.0,0.0
2019-01-24,16,0,59,312.89,312.89,0.0,-312890.0,0.0
2019-01-24,16,0,63,51.0,51.0,0.0,5511.43381,0.0
2019-01-24,16,0,64,60.0,60.0,0.0,6484.039776,0.0
2019-01-24,16,0,65,38.91,38.91,0.0,373.350495,0.0
2019-01-24,16,0,67,311.87,311.87,0.0,-174874.067179,0.0
2019-01-24,16,0,68,34.0,34.0,0.0,-14187.621284,0.0
2019-01-24,16,0,69,2.8,2.8,0.0,28.540632,0.0
2019-01-24,16,0,74,25.58,25.58,0.0,221.434924,0.0
2019-01-24,16,0,77,60.0,60.0,0.0,-17871.605362,0.0
2019-01-24,16,0,78,45.36,45.36,0.0,-13510.933653,0.0
2019-01-24,16,0,79,26.25,26.25,0.0,-7818.827346,0.0
2019-01-24,16,0,80,42.45,42.45,0.0,-12644.160793,0.0
2019-01-24,16,0,81,55.5,55.5,0.0,-16531.234959,0.0
2019-01-24,16,0,82,39.15,39.15,0.0,-11661.222498,0.0
2019-01-24,16,0,83,87.3,87.3,0.0,-26003.185801,0.0
2019-01-24,16,0,84,0.0,0.0,0.0,0.0,0.0
2019-01-24,16,0,86,14.19,14.19,0.0,144.639848,0.0
2019-01-24,16,0,87,72.45,72.45,0.0,738.488865,0.0
2019-01-24,16,0,88,48.9,48.9,0.0,-14565.35837,0.0
2019-01-24,16,0,89,47.01,47.01,0.0,-14002.402801,0.0
2019-01-24,16,0,90,63.11,63.11,0.0,-18797.950239,0.0
2019-01-24,16,0,91,225.14,225.14,0.0,-67060.220518,0.0
2019-01-24,16,0,92,80.97,80.97,0.0,-24117.731435,0.0
2019-01-24,16,0,95,12.23,12.23,0.0,237.821887,0.0
2019-01-24,16,0,96,17.91,17.91,0.0,1090.017473,0.0
2019-01-24,16,0,97,110.12,110.12,0.0,6701.994649,0.0
2019-01-24,16,0,99,5.61,5.61,0.0,48.563328,0.0
2019-01-24,16,0,101,11.88,11.88,0.0,-11880.0,0.0
2019-01-24,16,0,102,80.5,80.5,0.0,-33591.279804,0.0
2019-01-24,16,0,103,70.0,70.0,0.0,-29209.808525,0.0
2019-01-24,16,0,104,13.0,13.0,0.0,-5424.678726,0.0
2019-01-24,16,0,106,241.0,241.0,0.0,-91179.973731,0.0
2019-01-24,16,0,109,8.71,8.71,0.0,88.339227,0.0
2019-01-24,16,0,110,338.6,338.6,0.0,-338600.0,0.0
2019-01-24,16,0,111,19.1,19.1,0.0,49.193732,0.0
2019-01-24,16,0,113,43.18,43.18,0.0,-11600.312165,0.0
2019-01-24,16,0,115,43.18,43.18,0.0,-11600.312165,0.0
2019-01-24,16,0,116,108.76,108.76,0.0,-108760.0,0.0
2019-01-24,16,0,117,2.88,2.88,0.0,-773.712344,0.0
2019-01-24,16,0,119,60.0,60.0,0.0,6484.039776,0.0
2019-01-24,16,0,120,35.28,35.28,0.0,3812.615388,0.0
2019-01-24,16,0,123,4.02,4.02,0.0,-1520.927363,0.0
2019-01-24,16,0,125,43.62,43.62,0.0,-16503.196905,0.0
2019-01-24,16,0,126,180.75,180.75,0.0,-68384.980298,0.0
2019-01-24,16,0,127,231.96,231.96,0.0,-87759.778866,0.0
2019-01-24,16,0,128,62.47,62.47,0.0,-23634.908543,0.0
2019-01-24,16,0,131,30.0,30.0,0.0,-11369.201435,0.0
2019-01-24,16,0,132,44.1,44.1,0.0,-16712.72611,0.0
2019-01-24,16,0,133,50.5,50.5,0.0,485.837996,0.0
2019-01-24,16,0,134,0.0,0.0,0.0,0.0,0.0
2019-01-24,16,0,135,64.2,64.2,0.0,617.639591,0.0
2019-01-24,16,0,136,34.73,34.73,0.0,333.198301,0.0
2019-01-24,16,0,139,19.03,19.03,0.0,49.013441,0.0
2019-01-24,16,0,140,250.6,250.6,0.0,-250600.0,0.0
2019-01-24,16,0,141,226.95,226.95,0.0,-127257.092847,0.0
2019-01-24,16,0,142,411.27,411.27,0.0,-230610.374863,0.0
2019-01-24,16,0,143,238.5,238.5,0.0,-238500.0,0.0
2019-01-24,16,0,145,2.52,2.52,0.0,31.004091,0.0
2019-01-24,16,0,146,236.86,236.86,0.0,-236860.0,0.0
2019-01-24,16,0,152,8.39,8.39,0.0,76.668527,0.0
2019-01-24,16,0,153,10.4,10.4,0.0,94.847463,0.0
2019-01-24,16,0,154,78.79,78.79,0.0,202.930584,0.0
2019-01-24,16,0,157,29.74,29.74,0.0,-16676.03411,0.0
2019-01-24,16,0,158,297.5,297.5,0.0,-166816.413845,0.0
2019-01-24,16,0,159,0.0,0.0,0.0,0.0,0.0
2019-01-24,16,0,160,2.57,2.57,0.0,21.595429,0.0
2019-01-24,16,0,161,58.47,58.47,0.0,-24398.535778,0.0
2019-01-24,16,0,162,33.15,33.15,0.0,669.786142,0.0
2019-01-24,16,0,163,146.36,146.36,0.0,-146360.0,0.0
2019-01-24,16,0,164,22.62,22.62,0.0,-22620.0,0.0
2019-01-24,16,0,167,4.27,4.27,0.0,70.446994,0.0
2019-01-24,16,0,168,2.13,2.13,0.0,35.141006,0.0
2019-01-24,16,0,169,0.0,0.0,0.0,0.0,0.0
2019-01-24,16,0,170,4.67,4.67,0.0,77.046244,0.0
2019-01-24,16,0,172,6.81,6.81,0.0,106.289175,0.0
2019-01-24,16,0,173,10.38,10.38,0.0,162.009051,0.0
2019-01-24,16,0,188,8.95,8.95,0.0,194.719415,0.0
2019-01-24,16,0,190,7.45,7.45,0.0,241.585301,0.0
2019-01-24,16,0,191,19.25,19.25,0.0,624.230475,0.0
2019-01-24,16,0,192,332.6,332.6,0.0,10785.405497,0.0
2019-01-24,16,0,194,33.15,33.15,0.0,-4462.748378,0.0
2019-01-24,16,0,196,5.69,5.69,0.0,1475.430644,0.0
2019-01-24,16,0,198,11.03,11.03,0.0,85.242518,0.0
2019-01-24,16,0,199,41.39,41.39,0.0,-2799.841982,0.0
2019-01-24,16,0,200,18.14,18.14,0.0,-1227.087064,0.0
2019-01-24,16,0,204,48.9,48.9,0.0,504.964307,0.0
2019-01-24,16,0,205,46.1,46.1,0.0,467.55894,0.0
2019-01-24,16,0,206,323.59,323.59,0.0,19693.956124,0.0
2019-01-24,16,0,210,2.38,2.38,0.0,8.527594,0.0
2019-01-24,16,0,214,13.59,13.59,0.0,143.004569,0.0
2019-01-24,16,0,217,9.14,9.14,0.0,77.001715,0.0
2019-01-24,16,0,218,12.61,12.61,0.0,106.235407,0.0
2019-01-24,16,0,219,8.59,8.59,0.0,72.368132,0.0
2019-01-24,16,0,221,7.25,7.25,0.0,76.290149,0.0
2019-01-24,16,0,225,7.05,7.05,0.0,35.15076,0.0
2019-01-24,16,0,233,8.03,8.03,0.0,81.850457,0.0
2019-01-24,16,0,236,75.91,75.91,0.0,709.456201,0.0
2019-01-24,16,0,237,58.49,58.49,0.0,506.322467,0.0
2019-01-24,16,0,238,88.7,88.7,0.0,842.099824,0.0
2019-01-24,16,0,240,12.47,12.47,0.0,113.00644,0.0
2019-01-24,16,0,245,78.0,78.0,0.0,756.870865,0.0
2019-01-24,16,0,247,171.72,171.72,0.0,1666.28032,0.0
2019-01-24,16,0,248,6.89,6.89,0.0,59.64373,0.0
2019-01-24,16,0,249,150.0,150.0,0.0,1455.520894,0.0
2019-01-24,16,0,251,326.4,326.4,0.0,3119.482404,0.0
2019-01-24,16,0,252,250.98,250.98,0.0,2408.211443,0.0
2019-01-24,16,0,254,18.03,18.03,0.0,159.374999,0.0
2019-01-24,16,0,255,8.27,8.27,0.0,73.102121,0.0
2019-01-24,16,0,258,15.29,15.29,0.0,138.372893,0.0
2019-01-24,16,0,260,6.23,6.23,0.0,52.350008,0.0
2019-01-24,16,0,265,81.58,81.58,0.0,210.116474,0.0
2019-01-24,16,0,266,12.13,12.13,0.0,31.241883,0.0
2019-01-24,16,0,267,15.03,15.03,0.0,38.711089,0.0
2019-01-24,16,0,270,395.58,395.58,0.0,-395580.0,0.0
2019-01-24,16,0,272,144.31,144.31,0.0,-38768.898762,0.0
2019-01-24,16,0,273,26.01,26.01,0.0,-26010.0,0.0
2019-01-24,16,0,274,493.67,493.67,0.0,-493670.0,0.0
2019-01-24,16,0,275,661.83,661.83,0.0,-661830.0,0.0
2019-01-24,16,0,276,5.96,5.96,0.0,-5375.441471,0.0
2019-01-24,16,0,277,7.56,7.56,0.0,-2119.528161,0.0
2019-01-24,16,0,278,12.09,12.09,0.0,-3389.562893,0.0
2019-01-24,16,0,279,604.22,604.22,0.0,-169399.643582,0.0
2019-01-24,16,0,281,56.1,56.1,0.0,-56100.0,0.0
2019-01-24,16,0,282,323.5,323.5,0.0,-323500.0,0.0
2019-01-24,17,0,9,2.12,2.12,0.0,17.891819,0.0
2019-01-24,17,0,17,33.81,33.81,0.0,332.169197,0.0
2019-01-24,17,0,19,270.16,270.16,0.0,2654.209709,0.0
2019-01-24,17,0,20,325.33,325.33,0.0,3196.232028,0.0
2019-01-24,17,0,21,48.4,48.4,0.0,408.473609,0.0
2019-01-24,17,0,22,172.0,172.0,0.0,1451.600428,0.0
2019-01-24,17,0,23,34.01,34.01,0.0,287.028666,0.0
2019-01-24,17,0,24,60.5,60.5,0.0,510.592011,0.0
2019-01-24,17,0,29,5.41,5.41,0.0,26.927697,0.0
2019-01-24,17,0,30,419.91,419.91,0.0,3541.720554,0.0
2019-01-24,17,0,31,80.81,80.81,0.0,681.589955,0.0
2019-01-24,17,0,32,2.97,2.97,0.0,138.044724,0.0
2019-01-24,17,0,33,1.98,1.98,0.0,20.319836,0.0
2019-01-24,17,0,34,3.16,3.16,0.0,32.429637,0.0
2019-01-24,17,0,35,3.16,3.16,0.0,32.429637,0.0
2019-01-24,17,0,36,7.94,7.94,0.0,70.888898,0.0
2019-01-24,17,0,37,3.72,3.72,0.0,33.04793,0.0
2019-01-24,17,0,38,4.78,4.78,0.0,42.464813,0.0
2019-01-24,17,0,39,3.19,3.19,0.0,28.339488,0.0
2019-01-24,17,0,40,3.19,3.19,0.0,28.339488,0.0
2019-01-24,17,0,41,3.69,3.69,0.0,32.282986,0.0
2019-01-24,17,0,42,48.18,48.18,0.0,468.774547,0.0
2019-01-24,17,0,43,23.49,23.49,0.0,206.546548,0.0
2019-01-24,17,0,46,20.13,20.13,0.0,177.07561,0.0
2019-01-24,17,0,52,85.66,85.66,0.0,722.497161,0.0
2019-01-24,17,0,53,136.08,136.08,0.0,1147.763409,0.0
2019-01-24,17,0,55,368.38,368.38,0.0,3108.956776,0.0
2019-01-24,17,0,56,123.86,123.86,0.0,1044.69412,0.0
2019-01-24,17,0,57,117.82,117.82,0.0,993.749889,0.0
2019-01-24,17,0,58,226.57,226.57,0.0,1910.999086,0.0
2019-01-24,17,0,59,222.79,222.79,0.0,1879.116769,0.0
2019-01-24,17,0,63,95.49,95.49,0.0,10944.274817,0.0
2019-01-24,17,0,64,112.31,112.31,0.0,12872.044242,0.0
2019-01-24,17,0,65,30.42,30.42,0.0,298.327395,0.0
2019-01-24,17,0,67,220.16,220.16,0.0,-122543.607091,0.0
2019-01-24,17,0,68,19.11,19.11,0.0,-7869.939301,0.0
2019-01-24,17,0,69,1.98,1.98,0.0,20.319836,0.0
2019-01-24,17,0,74,12.82,12.82,0.0,119.745231,0.0
2019-01-24,17,0,77,60.0,60.0,0.0,-17474.84988,0.0
2019-01-24,17,0,78,45.36,45.36,0.0,-13210.986509,0.0
2019-01-24,17,0,79,26.25,26.25,0.0,-7645.246822,0.0
2019-01-24,17,0,80,42.45,42.45,0.0,-12363.45629,0.0
2019-01-24,17,0,81,55.5,55.5,0.0,-16164.236139,0.0
2019-01-24,17,0,82,39.15,39.15,0.0,-11402.339547,0.0
2019-01-24,17,0,83,87.3,87.3,0.0,-25425.906575,0.0
2019-01-24,17,0,84,0.0,0.0,0.0,0.0,0.0
2019-01-24,17,0,86,10.01,10.01,0.0,102.728058,0.0
2019-01-24,17,0,87,51.1,51.1,0.0,524.415961,0.0
2019-01-24,17,0,88,44.31,44.31,0.0,-12905.176636,0.0
2019-01-24,17,0,89,42.59,42.59,0.0,-12404.23094,0.0
2019-01-24,17,0,90,57.19,57.19,0.0,-16656.44441,0.0
2019-01-24,17,0,91,204.0,204.0,0.0,-59414.489591,0.0
2019-01-24,17,0,92,73.37,73.37,0.0,-21368.828928,0.0
2019-01-24,17,0,95,16.95,16.95,0.0,329.605968,0.0
2019-01-24,17,0,96,17.82,17.82,0.0,150.208078,0.0
2019-01-24,17,0,97,109.58,109.58,0.0,923.670102,0.0
2019-01-24,17,0,99,2.61,2.61,0.0,24.378709,0.0
2019-01-24,17,0,101,8.46,8.46,0.0,71.355662,0.0
2019-01-24,17,0,102,45.19,45.19,0.0,-18610.285557,0.0
2019-01-24,17,0,103,39.3,39.3,0.0,-16184.647542,0.0
2019-01-24,17,0,104,7.33,7.33,0.0,-3018.663269,0.0
2019-01-24,17,0,106,169.32,169.32,0.0,1428.982468,0.0
2019-01-24,17,0,109,1.23,1.23,0.0,10.875001,0.0
2019-01-24,17,0,110,338.6,338.6,0.0,-338600.0,0.0
2019-01-24,17,0,111,14.53,14.53,0.0,127.119724,0.0
2019-01-24,17,0,113,36.98,36.98,0.0,-9684.125471,0.0
2019-01-24,17,0,115,36.98,36.98,0.0,-9684.125471,0.0
2019-01-24,17,0,116,78.8,78.8,0.0,-78800.0,0.0
2019-01-24,17,0,117,2.47,2.47,0.0,-646.830447,0.0
2019-01-24,17,0,119,112.31,112.31,0.0,12872.044242,0.0
2019-01-24,17,0,120,66.1,66.1,0.0,7575.835851,0.0
2019-01-24,17,0,123,2.82,2.82,0.0,23.799495,0.0
2019-01-24,17,0,125,54.68,54.68,0.0,461.473903,0.0
2019-01-24,17,0,126,126.99,126.99,0.0,1071.736851,0.0
2019-01-24,17,0,127,162.97,162.97,0.0,1375.391405,0.0
2019-01-24,17,0,128,78.7,78.7,0.0,664.191591,0.0
2019-01-24,17,0,131,30.0,30.0,0.0,-11194.636359,0.0
2019-01-24,17,0,132,44.1,44.1,0.0,-16456.115447,0.0
2019-01-24,17,0,133,111.85,111.85,0.0,1099.065599,0.0
2019-01-24,17,0,134,0.0,0.0,0.0,0.0,0.0
2019-01-24,17,0,135,146.43,146.43,0.0,1438.857181,0.0
2019-01-24,17,0,136,29.92,29.92,0.0,293.394953,0.0
2019-01-24,17,0,139,4.77,4.77,0.0,41.731664,0.0
2019-01-24,17,0,140,250.6,250.6,0.0,-250600.0,0.0
2019-01-24,17,0,141,175.24,175.24,0.0,-97540.614583,0.0
2019-01-24,17,0,142,290.34,290.34,0.0,-161606.608298,0.0
2019-01-24,17,0,143,153.62,153.62,0.0,1295.704107,0.0
2019-01-24,17,0,145,3.41,3.41,0.0,29.279608,0.0
2019-01-24,17,0,146,262.56,262.56,0.0,-262560.0,0.0
2019-01-24,17,0,152,5.95,5.95,0.0,55.369237,0.0
2019-01-24,17,0,153,7.37,7.37,0.0,68.407967,0.0
2019-01-24,17,0,154,59.95,59.95,0.0,524.489155,0.0
2019-01-24,17,0,157,36.51,36.51,0.0,-20321.889058,0.0
2019-01-24,17,0,158,212.8,212.8,0.0,-118446.945808,0.0
2019-01-24,17,0,159,0.0,0.0,0.0,0.0,0.0
2019-01-24,17,0,160,1.83,1.83,0.0,15.752564,0.0
2019-01-24,17,0,161,41.75,41.75,0.0,-17193.614119,0.0
2019-01-24,17,0,162,33.16,33.16,0.0,670.686082,0.0
2019-01-24,17,0,163,185.4,185.4,0.0,-185400.0,0.0
2019-01-24,17,0,164,16.5,16.5,0.0,139.168844,0.0
2019-01-24,17,0,167,2.99,2.99,0.0,48.519611,0.0
2019-01-24,17,0,168,1.49,1.49,0.0,24.178669,0.0
2019-01-24,17,0,169,0.0,0.0,0.0,0.0,0.0
2019-01-24,17,0,170,3.27,3.27,0.0,53.063253,0.0
2019-01-24,17,0,172,4.78,4.78,0.0,83.890859,0.0
2019-01-24,17,0,173,7.29,7.29,0.0,127.942335,0.0
2019-01-24,17,0,188,6.31,6.31,0.0,166.29866,0.0
2019-01-24,17,0,190,5.33,5.33,0.0,172.838879,0.0
2019-01-24,17,0,191,13.77,13.77,0.0,446.527462,0.0
2019-01-24,17,0,192,281.2,281.2,0.0,9118.629062,0.0
2019-01-24,17,0,194,30.06,30.06,0.0,-3808.453113,0.0
2019-01-24,17,0,196,4.11,4.11,0.0,1099.99499,0.0
2019-01-24,17,0,198,7.83,7.83,0.0,62.613831,0.0
2019-01-24,17,0,199,32.9,32.9,0.0,-1039.872049,0.0
2019-01-24,17,0,200,12.89,12.89,0.0,-407.414915,0.0
2019-01-24,17,0,204,14.48,14.48,0.0,127.437076,0.0
2019-01-24,17,0,205,6.53,6.53,0.0,57.734762,0.0
2019-01-24,17,0,206,322.0,322.0,0.0,2714.197599,0.0
2019-01-24,17,0,210,1.66,1.66,0.0,8.6411,0.0
2019-01-24,17,0,214,9.58,9.58,0.0,100.808224,0.0
2019-01-24,17,0,217,6.36,6.36,0.0,52.154677,0.0
2019-01-24,17,0,218,8.77,8.77,0.0,71.917691,0.0
2019-01-24,17,0,219,5.98,5.98,0.0,49.038517,0.0
2019-01-24,17,0,221,5.11,5.11,0.0,53.771401,0.0
2019-01-24,17,0,225,4.92,4.92,0.0,24.3804,0.0
2019-01-24,17,0,233,5.66,5.66,0.0,58.085995,0.0
2019-01-24,17,0,236,60.94,60.94,0.0,583.724929,0.0
2019-01-24,17,0,237,31.67,31.67,0.0,295.813687,0.0
2019-01-24,17,0,238,62.71,62.71,0.0,610.146365,0.0
2019-01-24,17,0,240,9.0,9.0,0.0,80.352655,0.0
2019-01-24,17,0,245,78.0,78.0,0.0,771.375851,0.0
2019-01-24,17,0,247,144.5,144.5,0.0,1429.023212,0.0
2019-01-24,17,0,248,3.22,3.22,0.0,30.076415,0.0
2019-01-24,17,0,249,150.0,150.0,0.0,1483.415099,0.0
2019-01-24,17,0,251,266.2,266.2,0.0,2602.902324,0.0
2019-01-24,17,0,252,196.21,196.21,0.0,1924.221503,0.0
2019-01-24,17,0,254,12.86,12.86,0.0,112.480426,0.0
2019-01-24,17,0,255,5.89,5.89,0.0,51.517085,0.0
2019-01-24,17,0,258,11.1,11.1,0.0,98.859379,0.0
2019-01-24,17,0,260,4.43,4.43,0.0,38.133255,0.0
2019-01-24,17,0,265,62.07,62.07,0.0,543.036562,0.0
2019-01-24,17,0,266,3.09,3.09,0.0,27.03372,0.0
2019-01-24,17,0,267,3.8,3.8,0.0,33.245351,0.0
2019-01-24,17,0,270,578.99,578.99,0.0,-578990.0,0.0
2019-01-24,17,0,272,123.58,123.58,0.0,-32362.4723,0.0
2019-01-24,17,0,273,18.84,18.84,0.0,-18840.0,0.0
2019-01-24,17,0,274,746.39,746.39,0.0,-746390.0,0.0
2019-01-24,17,0,275,1038.99,1038.99,0.0,-1038990.0,0.0
2019-01-24,17,0,276,4.3,4.3,0.0,-3874.303124,0.0
2019-01-24,17,0,277,5.4,5.4,0.0,-1477.713853,0.0
2019-01-24,17,0,278,8.65,8.65,0.0,-2367.078672,0.0
2019-01-24,17,0,279,264.6,264.6,0.0,-72407.978811,0.0
2019-01-24,17,0,281,36.27,36.27,0.0,305.918422,0.0
2019-01-24,17,0,282,230.35,230.35,0.0,1942.881402,0.0
2019-01-24,18,0,9,1.19,1.19,0.0,13.490249,0.0
2019-01-24,18,0,17,17.75,17.75,0.0,141.170728,0.0
2019-01-24,18,0,19,303.11,303.11,0.0,2410.718845,0.0
2019-01-24,18,0,20,369.1,369.1,0.0,2935.555823,0.0
2019-01-24,18,0,21,27.28,27.28,0.0,309.255458,0.0
2019-01-24,18,0,22,96.94,96.94,0.0,1098.945165,0.0
2019-01-24,18,0,23,60.9,60.9,0.0,690.383336,0.0
2019-01-24,18,0,24,108.08,108.08,0.0,1225.232035,0.0
2019-01-24,18,0,29,2.48,2.48,0.0,16.703507,0.0
2019-01-24,18,0,30,245.52,245.52,0.0,2788.566406,0.0
2019-01-24,18,0,31,38.29,38.29,0.0,434.890061,0.0
2019-01-24,18,0,32,1.39,1.39,0.0,73.808704,0.0
2019-01-24,18,0,33,1.02,1.02,0.0,7.504963,0.0
2019-01-24,18,0,34,1.63,1.63,0.0,11.993225,0.0
2019-01-24,18,0,35,1.63,1.63,0.0,11.993225,0.0
2019-01-24,18,0,36,4.18,4.18,0.0,37.020148,0.0
2019-01-24,18,0,37,1.96,1.96,0.0,17.376684,0.0
2019-01-24,18,0,38,2.51,2.51,0.0,22.252794,0.0
2019-01-24,18,0,39,1.68,1.68,0.0,14.8943,0.0
2019-01-24,18,0,40,1.68,1.68,0.0,14.8943,0.0
2019-01-24,18,0,41,2.74,2.74,0.0,27.999772,0.0
2019-01-24,18,0,42,27.2,27.2,0.0,219.840145,0.0
2019-01-24,18,0,43,12.16,12.16,0.0,105.696673,0.0
2019-01-24,18,0,46,10.45,10.45,0.0,95.021222,0.0
2019-01-24,18,0,52,40.59,40.59,0.0,461.012995,0.0
2019-01-24,18,0,53,64.51,64.51,0.0,732.691507,0.0
2019-01-24,18,0,55,224.18,224.18,0.0,2541.381546,0.0
2019-01-24,18,0,56,72.42,72.42,0.0,822.531684,0.0
2019-01-24,18,0,57,68.89,68.89,0.0,782.43866,0.0
2019-01-24,18,0,58,132.47,132.47,0.0,1504.567415,0.0
2019-01-24,18,0,59,130.27,130.27,0.0,1479.580261,0.0
2019-01-24,18,0,63,128.36,128.36,0.0,15445.385646,0.0
2019-01-24,18,0,64,151.01,151.01,0.0,18170.829592,0.0
2019-01-24,18,0,65,23.17,23.17,0.0,184.833073,0.0
2019-01-24,18,0,67,123.6,123.6,0.0,-68613.043514,0.0
2019-01-24,18,0,68,10.17,10.17,0.0,-4168.140913,0.0
2019-01-24,18,0,69,1.02,1.02,0.0,7.504963,0.0
2019-01-24,18,0,74,5.2,5.2,0.0,45.021756,0.0
2019-01-24,18,0,77,54.1,54.1,0.0,-15636.871735,0.0
2019-01-24,18,0,78,40.9,40.9,0.0,-11821.590647,0.0
2019-01-24,18,0,79,23.67,23.67,0.0,-6841.49268,0.0
2019-01-24,18,0,80,38.28,38.28,0.0,-11064.315158,0.0
2019-01-24,18,0,81,50.04,50.04,0.0,-14463.383764,0.0
2019-01-24,18,0,82,35.3,35.3,0.0,-10202.986548,0.0
2019-01-24,18,0,83,78.72,78.72,0.0,-22752.949039,0.0
2019-01-24,18,0,84,0.0,0.0,0.0,0.0,0.0
2019-01-24,18,0,86,5.16,5.16,0.0,37.966284,0.0
2019-01-24,18,0,87,26.37,26.37,0.0,194.02537,0.0
2019-01-24,18,0,88,39.97,39.97,0.0,-11552.786752,0.0
2019-01-24,18,0,89,38.43,38.43,0.0,-11107.670625,0.0
2019-01-24,18,0,90,51.59,51.59,0.0,-14911.390256,0.0
2019-01-24,18,0,91,184.04,184.04,0.0,-53194.267545,0.0
2019-01-24,18,0,92,66.19,66.19,0.0,-19131.322369,0.0
2019-01-24,18,0,95,22.76,22.76,0.0,510.500805,0.0
2019-01-24,18,0,96,18.29,18.29,0.0,208.144196,0.0
2019-01-24,18,0,97,112.47,112.47,0.0,1279.93317,0.0
2019-01-24,18,0,99,1.0,1.0,0.0,8.65803,0.0
2019-01-24,18,0,101,4.95,4.95,0.0,56.221097,0.0
2019-01-24,18,0,102,24.08,24.08,0.0,-9869.108473,0.0
2019-01-24,18,0,103,20.94,20.94,0.0,-8582.189844,0.0
2019-01-24,18,0,104,3.89,3.89,0.0,-1594.303653,0.0
2019-01-24,18,0,106,95.43,95.43,0.0,1081.827286,0.0
2019-01-24,18,0,109,0.0,0.0,0.0,0.0,0.0
2019-01-24,18,0,110,338.6,338.6,0.0,-338600.0,0.0
2019-01-24,18,0,111,8.14,8.14,0.0,83.181803,0.0
2019-01-24,18,0,113,31.45,31.45,0.0,-8145.705964,0.0
2019-01-24,18,0,115,31.45,31.45,0.0,-8145.705964,0.0
2019-01-24,18,0,116,41.42,41.42,0.0,-41420.0,0.0
2019-01-24,18,0,117,2.1,2.1,0.0,-543.910414,0.0
2019-01-24,18,0,119,151.01,151.01,0.0,18170.829592,0.0
2019-01-24,18,0,120,88.79,88.79,0.0,10683.980925,0.0
2019-01-24,18,0,123,1.59,1.59,0.0,18.024787,0.0
2019-01-24,18,0,125,97.74,97.74,0.0,1108.01424,0.0
2019-01-24,18,0,126,71.57,71.57,0.0,811.342124,0.0
2019-01-24,18,0,127,91.85,91.85,0.0,1041.243175,0.0
2019-01-24,18,0,128,140.35,140.35,0.0,1591.055848,0.0
2019-01-24,18,0,131,29.9,29.9,0.0,-11094.341651,0.0
2019-01-24,18,0,132,43.95,43.95,0.0,-16307.569083,0.0
2019-01-24,18,0,133,139.8,139.8,0.0,1111.552793,0.0
2019-01-24,18,0,134,0.0,0.0,0.0,0.0,0.0
2019-01-24,18,0,135,187.33,187.33,0.0,1489.46484,0.0
2019-01-24,18,0,136,25.52,25.52,0.0,203.613223,0.0
2019-01-24,18,0,139,3.54,3.54,0.0,36.174887,0.0
2019-01-24,18,0,140,250.6,250.6,0.0,-250600.0,0.0
2019-01-24,18,0,141,133.52,133.52,0.0,-74119.85089,0.0
2019-01-24,18,0,142,163.0,163.0,0.0,-90484.838938,0.0
2019-01-24,18,0,143,68.82,68.82,0.0,781.643614,0.0
2019-01-24,18,0,145,5.13,5.13,0.0,54.691833,0.0
2019-01-24,18,0,146,268.0,268.0,0.0,-268000.0,0.0
2019-01-24,18,0,152,3.19,3.19,0.0,27.530075,0.0
2019-01-24,18,0,153,3.93,3.93,0.0,34.03622,0.0
2019-01-24,18,0,154,33.57,33.57,0.0,343.048296,0.0
2019-01-24,18,0,157,44.9,44.9,0.0,-24924.964836,0.0
2019-01-24,18,0,158,119.63,119.63,0.0,-66409.21032,0.0
2019-01-24,18,0,159,0.0,0.0,0.0,0.0,0.0
2019-01-24,18,0,160,0.93,0.93,0.0,7.58714,0.0
2019-01-24,18,0,161,22.91,22.91,0.0,-9389.587838,0.0
2019-01-24,18,0,162,33.95,33.95,0.0,787.798205,0.0
2019-01-24,18,0,163,185.4,185.4,0.0,-185400.0,0.0
2019-01-24,18,0,164,10.01,10.01,0.0,113.691551,0.0
2019-01-24,18,0,167,1.37,1.37,0.0,26.135666,0.0
2019-01-24,18,0,168,0.68,0.68,0.0,12.972447,0.0
2019-01-24,18,0,169,0.0,0.0,0.0,0.0,0.0
2019-01-24,18,0,170,1.49,1.49,0.0,28.424921,0.0
2019-01-24,18,0,172,2.22,2.22,0.0,52.355815,0.0
2019-01-24,18,0,173,3.38,3.38,0.0,79.712907,0.0
2019-01-24,18,0,188,2.97,2.97,0.0,95.576173,0.0
2019-01-24,18,0,190,2.67,2.67,0.0,86.581578,0.0
2019-01-24,18,0,191,6.91,6.91,0.0,224.07442,0.0
2019-01-24,18,0,192,179.47,179.47,0.0,5819.773676,0.0
2019-01-24,18,0,194,51.63,51.63,0.0,-6342.675654,0.0
2019-01-24,18,0,196,2.12,2.12,0.0,580.644529,0.0
2019-01-24,18,0,198,3.88,3.88,0.0,28.132276,0.0
2019-01-24,18,0,199,31.7,31.7,0.0,-1000.334818,0.0
2019-01-24,18,0,200,6.27,6.27,0.0,-197.858022,0.0
2019-01-24,18,0,204,6.87,6.87,0.0,65.715968,0.0
2019-01-24,18,0,205,0.0,0.0,0.0,0.0,0.0
2019-01-24,18,0,206,330.48,330.48,0.0,3760.934596,0.0
2019-01-24,18,0,210,0.76,0.76,0.0,5.026796,0.0
2019-01-24,18,0,214,4.65,4.65,0.0,32.576308,0.0
2019-01-24,18,0,217,3.01,3.01,0.0,20.555044,0.0
2019-01-24,18,0,218,4.15,4.15,0.0,28.340011,0.0
2019-01-24,18,0,219,2.83,2.83,0.0,19.325839,0.0
2019-01-24,18,0,221,2.48,2.48,0.0,17.374031,0.0
2019-01-24,18,0,225,2.28,2.28,0.0,15.38311,0.0
2019-01-24,18,0,233,2.92,2.92,0.0,21.484796,0.0
2019-01-24,18,0,236,50.09,50.09,0.0,414.767562,0.0
2019-01-24,18,0,237,12.48,12.48,0.0,108.052215,0.0
2019-01-24,18,0,238,35.41,35.41,0.0,286.196306,0.0
2019-01-24,18,0,240,4.73,4.73,0.0,41.89122,0.0
2019-01-24,18,0,245,78.0,78.0,0.0,613.478367,0.0
2019-01-24,18,0,247,111.79,111.79,0.0,879.240342,0.0
2019-01-24,18,0,248,1.25,1.25,0.0,10.822538,0.0
2019-01-24,18,0,249,150.0,150.0,0.0,1179.766091,0.0
2019-01-24,18,0,251,187.14,187.14,0.0,1500.231333,0.0
2019-01-24,18,0,252,149.48,149.48,0.0,1192.440559,0.0
2019-01-24,18,0,254,6.59,6.59,0.0,56.398372,0.0
2019-01-24,18,0,255,3.02,3.02,0.0,25.845688,0.0
2019-01-24,18,0,258,5.83,5.83,0.0,51.478629,0.0
2019-01-24,18,0,260,2.26,2.26,0.0,18.437566,0.0
2019-01-24,18,0,265,34.76,34.76,0.0,355.20878,0.0
2019-01-24,18,0,266,2.29,2.29,0.0,23.401269,0.0
2019-01-24,18,0,267,2.81,2.81,0.0,28.715094,0.0
2019-01-24,18,0,270,579.0,579.0,0.0,-579000.0,0.0
2019-01-24,18,0,272,105.12,105.12,0.0,-27226.601303,0.0
2019-01-24,18,0,273,9.9,9.9,0.0,-9900.0,0.0
2019-01-24,18,0,274,746.4,746.4,0.0,-746400.0,0.0
2019-01-24,18,0,275,1039.0,1039.0,0.0,-1039000.0,0.0
2019-01-24,18,0,276,2.28,2.28,0.0,-2053.523197,0.0
2019-01-24,18,0,277,2.89,2.89,0.0,-783.320243,0.0
2019-01-24,18,0,278,4.62,4.62,0.0,-1252.228209,0.0
2019-01-24,18,0,279,248.61,248.61,0.0,-67384.514083,0.0
2019-01-24,18,0,281,17.17,17.17,0.0,195.013381,0.0
2019-01-24,18,0,282,134.68,134.68,0.0,1529.668147,0.0
2019-01-24,19,0,9,0.04,0.04,0.0,0.236354,0.0
2019-01-24,19,0,17,0.0,0.0,0.0,0.0,0.0
2019-01-24,19,0,19,535.79,535.79,0.0,3071.176407,0.0
2019-01-24,19,0,20,651.25,651.25,0.0,3732.999188,0.0
2019-01-24,19,0,21,0.97,0.97,0.0,5.731588,0.0
2019-01-24,19,0,22,3.44,3.44,0.0,20.326455,0.0
2019-01-24,19,0,23,64.78,64.78,0.0,382.775505,0.0
2019-01-24,19,0,24,114.61,114.61,0.0,677.213656,0.0
2019-01-24,19,0,29,0.0,0.0,0.0,0.0,0.0
2019-01-24,19,0,30,18.18,18.18,0.0,107.024313,0.0
2019-01-24,19,0,31,11.29,11.29,0.0,66.463393,0.0
2019-01-24,19,0,32,0.0,0.0,0.0,0.0,0.0
2019-01-24,19,0,33,0.0,0.0,0.0,0.0,0.0
2019-01-24,19,0,34,0.0,0.0,0.0,0.0,0.0
2019-01-24,19,0,35,0.0,0.0,0.0,0.0,0.0
2019-01-24,19,0,36,0.0,0.0,0.0,0.0,0.0
2019-01-24,19,0,37,0.0,0.0,0.0,0.0,0.0
2019-01-24,19,0,38,0.0,0.0,0.0,0.0,0.0
2019-01-24,19,0,39,0.0,0.0,0.0,0.0,0.0
2019-01-24,19,0,40,0.0,0.0,0.0,0.0,0.0
2019-01-24,19,0,41,2.97,2.97,0.0,21.050046,0.0
2019-01-24,19,0,42,1.16,1.16,0.0,9.990365,0.0
2019-01-24,19,0,43,0.0,0.0,0.0,0.0,0.0
2019-01-24,19,0,46,0.0,0.0,0.0,0.0,0.0
2019-01-24,19,0,52,11.97,11.97,0.0,70.466503,0.0
2019-01-24,19,0,53,19.02,19.02,0.0,111.96933,0.0
2019-01-24,19,0,55,85.31,85.31,0.0,504.08426,0.0
2019-01-24,19,0,56,5.36,5.36,0.0,31.553923,0.0
2019-01-24,19,0,57,5.1,5.1,0.0,30.023322,0.0
2019-01-24,19,0,58,9.81,9.81,0.0,57.750743,0.0
2019-01-24,19,0,59,9.65,9.65,0.0,56.808835,0.0
2019-01-24,19,0,63,95.45,95.45,0.0,2845.205916,0.0
2019-01-24,19,0,64,112.29,112.29,0.0,3347.178337,0.0
2019-01-24,19,0,65,17.21,17.21,0.0,133.144394,0.0
2019-01-24,19,0,67,4.62,4.62,0.0,-228.014944,0.0
2019-01-24,19,0,68,10.36,10.36,0.0,-332.920382,0.0
2019-01-24,19,0,69,0.0,0.0,0.0,0.0,0.0
2019-01-24,19,0,74,3.6,3.6,0.0,31.90004,0.0
2019-01-24,19,0,77,47.57,47.57,0.0,-840.029744,0.0
2019-01-24,19,0,78,35.96,35.96,0.0,-635.010923,0.0
2019-01-24,19,0,79,20.81,20.81,0.0,-367.479903,0.0
2019-01-24,19,0,80,33.65,33.65,0.0,-594.219065,0.0
2019-01-24,19,0,81,44.0,44.0,0.0,-776.987781,0.0
2019-01-24,19,0,82,31.04,31.04,0.0,-548.129562,0.0
2019-01-24,19,0,83,69.21,69.21,0.0,-1222.166462,0.0
2019-01-24,19,0,84,0.0,0.0,0.0,0.0,0.0
2019-01-24,19,0,86,0.0,0.0,0.0,0.0,0.0
2019-01-24,19,0,87,0.0,0.0,0.0,0.0,0.0
2019-01-24,19,0,88,35.87,35.87,0.0,-633.42163,0.0
2019-01-24,19,0,89,34.48,34.48,0.0,-608.87588,0.0
2019-01-24,19,0,90,46.3,46.3,0.0,-817.603052,0.0
2019-01-24,19,0,91,165.16,165.16,0.0,-2916.52959,0.0
2019-01-24,19,0,92,59.4,59.4,0.0,-1048.933505,0.0
2019-01-24,19,0,95,29.71,29.71,0.0,577.734118,0.0
2019-01-24,19,0,96,19.49,19.49,0.0,114.28955,0.0
2019-01-24,19,0,97,119.86,119.86,0.0,702.860211,0.0
2019-01-24,19,0,99,0.69,0.69,0.0,6.114174,0.0
2019-01-24,19,0,101,0.37,0.37,0.0,2.178163,0.0
2019-01-24,19,0,102,29.65,29.65,0.0,-952.807851,0.0
2019-01-24,19,0,103,24.88,24.88,0.0,-799.52308,0.0
2019-01-24,19,0,104,3.55,3.55,0.0,-114.079861,0.0
2019-01-24,19,0,106,3.39,3.39,0.0,20.031012,0.0
2019-01-24,19,0,109,2.24,2.24,0.0,17.419118,0.0
2019-01-24,19,0,110,338.6,338.6,0.0,-34565.322458,0.0
2019-01-24,19,0,111,0.33,0.33,0.0,2.338894,0.0
2019-01-24,19,0,113,26.41,26.41,0.0,-386.009684,0.0
2019-01-24,19,0,115,26.41,26.41,0.0,-386.009684,0.0
2019-01-24,19,0,116,0.0,0.0,0.0,-0.0,0.0
2019-01-24,19,0,117,1.76,1.76,0.0,-25.724235,0.0
2019-01-24,19,0,119,112.29,112.29,0.0,3347.178337,0.0
2019-01-24,19,0,120,66.03,66.03,0.0,1968.244595,0.0
2019-01-24,19,0,123,0.06,0.06,0.0,0.354531,0.0
2019-01-24,19,0,125,103.72,103.72,0.0,612.866246,0.0
2019-01-24,19,0,126,2.54,2.54,0.0,15.008487,0.0
2019-01-24,19,0,127,3.26,3.26,0.0,19.262861,0.0
2019-01-24,19,0,128,148.55,148.55,0.0,877.760131,0.0
2019-01-24,19,0,131,25.85,25.85,0.0,-711.820708,0.0
2019-01-24,19,0,132,37.99,37.99,0.0,-1046.114843,0.0
2019-01-24,19,0,133,131.24,131.24,0.0,1329.360425,0.0
2019-01-24,19,0,134,0.0,0.0,0.0,0.0,0.0
2019-01-24,19,0,135,177.84,177.84,0.0,1801.382642,0.0
2019-01-24,19,0,136,21.57,21.57,0.0,169.248851,0.0
2019-01-24,19,0,139,3.84,3.84,0.0,27.216221,0.0
2019-01-24,19,0,140,250.6,250.6,0.0,-25582.013609,0.0
2019-01-24,19,0,141,100.62,100.62,0.0,-4965.9878,0.0
2019-01-24,19,0,142,6.09,6.09,0.0,-300.565153,0.0
2019-01-24,19,0,143,17.77,17.77,0.0,104.610673,0.0
2019-01-24,19,0,145,7.92,7.92,0.0,52.184362,0.0
2019-01-24,19,0,146,268.0,268.0,0.0,-27358.258767,0.0
2019-01-24,19,0,152,0.0,0.0,0.0,0.0,0.0
2019-01-24,19,0,153,0.0,0.0,0.0,0.0,0.0
2019-01-24,19,0,154,1.35,1.35,0.0,9.568203,0.0
2019-01-24,19,0,157,54.35,54.35,0.0,-2682.383591,0.0
2019-01-24,19,0,158,4.34,4.34,0.0,-214.195856,0.0
2019-01-24,19,0,159,0.0,0.0,0.0,0.0,0.0
2019-01-24,19,0,160,0.0,0.0,0.0,0.0,0.0
2019-01-24,19,0,161,0.45,0.45,0.0,-14.460827,0.0
2019-01-24,19,0,162,35.88,35.88,0.0,701.040914,0.0
2019-01-24,19,0,163,133.95,133.95,0.0,-13674.025231,0.0
2019-01-24,19,0,164,1.16,1.16,0.0,6.828834,0.0
2019-01-24,19,0,167,0.0,0.0,0.0,0.0,0.0
2019-01-24,19,0,168,0.0,0.0,0.0,0.0,0.0
2019-01-24,19,0,169,0.0,0.0,0.0,0.0,0.0
2019-01-24,19,0,170,0.0,0.0,0.0,0.0,0.0
2019-01-24,19,0,172,0.0,0.0,0.0,0.0,0.0
2019-01-24,19,0,173,0.0,0.0,0.0,0.0,0.0
2019-01-24,19,0,188,0.0,0.0,0.0,0.0,0.0
2019-01-24,19,0,190,0.0,0.0,0.0,0.0,0.0
2019-01-24,19,0,191,0.0,0.0,0.0,0.0,0.0
2019-01-24,19,0,192,106.12,106.12,0.0,3163.260888,0.0
2019-01-24,19,0,194,86.09,86.09,0.0,89.514719,0.0
2019-01-24,19,0,196,0.0,0.0,0.0,0.0,0.0
2019-01-24,19,0,198,0.0,0.0,0.0,0.0,0.0
2019-01-24,19,0,199,37.06,37.06,0.0,264.208068,0.0
2019-01-24,19,0,200,0.0,0.0,0.0,0.0,0.0
2019-01-24,19,0,204,16.13,16.13,0.0,123.770502,0.0
2019-01-24,19,0,205,11.85,11.85,0.0,92.150247,0.0
2019-01-24,19,0,206,352.19,352.19,0.0,2065.245601,0.0
2019-01-24,19,0,210,0.0,0.0,0.0,0.0,0.0
2019-01-24,19,0,214,0.0,0.0,0.0,0.0,0.0
2019-01-24,19,0,217,0.0,0.0,0.0,0.0,0.0
2019-01-24,19,0,218,0.0,0.0,0.0,0.0,0.0
2019-01-24,19,0,219,0.0,0.0,0.0,0.0,0.0
2019-01-24,19,0,221,0.0,0.0,0.0,0.0,0.0
2019-01-24,19,0,225,0.0,0.0,0.0,0.0,0.0
2019-01-24,19,0,233,0.0,0.0,0.0,0.0,0.0
2019-01-24,19,0,236,42.71,42.71,0.0,400.224689,0.0
2019-01-24,19,0,237,8.64,8.64,0.0,76.560097,0.0
2019-01-24,19,0,238,1.51,1.51,0.0,13.0047,0.0
2019-01-24,19,0,240,0.0,0.0,0.0,0.0,0.0
2019-01-24,19,0,245,74.17,74.17,0.0,709.440158,0.0
2019-01-24,19,0,247,84.85,84.85,0.0,811.59495,0.0
2019-01-24,19,0,248,0.87,0.87,0.0,7.709176,0.0
2019-01-24,19,0,249,142.64,142.64,0.0,1364.3595,0.0
2019-01-24,19,0,251,125.96,125.96,0.0,1049.870497,0.0
2019-01-24,19,0,252,111.04,111.04,0.0,859.055987,0.0
2019-01-24,19,0,254,0.0,0.0,0.0,0.0,0.0
2019-01-24,19,0,255,0.0,0.0,0.0,0.0,0.0
2019-01-24,19,0,258,0.0,0.0,0.0,0.0,0.0
2019-01-24,19,0,260,0.0,0.0,0.0,0.0,0.0
2019-01-24,19,0,265,1.4,1.4,0.0,9.922581,0.0
2019-01-24,19,0,266,2.49,2.49,0.0,17.648018,0.0
2019-01-24,19,0,267,3.05,3.05,0.0,21.61705,0.0
2019-01-24,19,0,270,418.31,418.31,0.0,-42702.36278,0.0
2019-01-24,19,0,272,88.26,88.26,0.0,-1290.011916,0.0
2019-01-24,19,0,273,0.0,0.0,0.0,-0.0,0.0
2019-01-24,19,0,274,539.26,539.26,0.0,-55049.308294,0.0
2019-01-24,19,0,275,750.65,750.65,0.0,-76628.645312,0.0
2019-01-24,19,0,276,0.0,0.0,0.0,-0.0,0.0
2019-01-24,19,0,277,0.0,0.0,0.0,-0.0,0.0
2019-01-24,19,0,278,0.0,0.0,0.0,-0.0,0.0
2019-01-24,19,0,279,218.04,218.04,0.0,-3452.868012,0.0
2019-01-24,19,0,281,5.07,5.07,0.0,29.846714,0.0
2019-01-24,19,0,282,9.98,9.98,0.0,58.75152,0.0
2019-01-24,20,0,9,0.0,0.0,0.0,0.0,0.0
2019-01-24,20,0,17,0.0,0.0,0.0,0.0,0.0
2019-01-24,20,0,19,374.2,374.2,0.0,4370.53766,0.0
2019-01-24,20,0,20,453.83,453.83,0.0,5300.590878,0.0
2019-01-24,20,0,21,0.0,0.0,0.0,0.0,0.0
2019-01-24,20,0,22,0.0,0.0,0.0,0.0,0.0
2019-01-24,20,0,23,57.55,57.55,0.0,356.202243,0.0
2019-01-24,20,0,24,101.82,101.82,0.0,630.20873,0.0
2019-01-24,20,0,29,0.0,0.0,0.0,0.0,0.0
2019-01-24,20,0,30,0.0,0.0,0.0,0.0,0.0
2019-01-24,20,0,31,8.52,8.52,0.0,52.475801,0.0
2019-01-24,20,0,32,0.0,0.0,0.0,0.0,0.0
2019-01-24,20,0,33,0.0,0.0,0.0,0.0,0.0
2019-01-24,20,0,34,0.0,0.0,0.0,0.0,0.0
2019-01-24,20,0,35,0.0,0.0,0.0,0.0,0.0
2019-01-24,20,0,36,0.0,0.0,0.0,0.0,0.0
2019-01-24,20,0,37,0.0,0.0,0.0,0.0,0.0
2019-01-24,20,0,38,0.0,0.0,0.0,0.0,0.0
2019-01-24,20,0,39,0.0,0.0,0.0,0.0,0.0
2019-01-24,20,0,40,0.0,0.0,0.0,0.0,0.0
2019-01-24,20,0,41,5.51,5.51,0.0,43.106377,0.0
2019-01-24,20,0,42,0.0,0.0,0.0,0.0,0.0
2019-01-24,20,0,43,0.0,0.0,0.0,0.0,0.0
2019-01-24,20,0,46,0.0,0.0,0.0,0.0,0.0
2019-01-24,20,0,52,9.03,9.03,0.0,55.616958,0.0
2019-01-24,20,0,53,14.35,14.35,0.0,88.383538,0.0
2019-01-24,20,0,55,68.6,68.6,0.0,424.59555,0.0
2019-01-24,20,0,56,0.0,0.0,0.0,0.0,0.0
2019-01-24,20,0,57,0.0,0.0,0.0,0.0,0.0
2019-01-24,20,0,58,0.0,0.0,0.0,0.0,0.0
2019-01-24,20,0,59,0.0,0.0,0.0,0.0,0.0
2019-01-24,20,0,63,101.39,101.39,0.0,2176.166275,0.0
2019-01-24,20,0,64,119.28,119.28,0.0,2560.145115,0.0
2019-01-24,20,0,65,11.42,11.42,0.0,132.829435,0.0
2019-01-24,20,0,67,0.0,0.0,0.0,-0.0,0.0
2019-01-24,20,0,68,6.87,6.87,0.0,-18.954816,0.0
2019-01-24,20,0,69,0.0,0.0,0.0,0.0,0.0
2019-01-24,20,0,74,5.16,5.16,0.0,53.143148,0.0
2019-01-24,20,0,77,61.59,61.59,0.0,202.504039,0.0
2019-01-24,20,0,78,46.76,46.76,0.0,153.743934,0.0
2019-01-24,20,0,79,27.21,27.21,0.0,89.464765,0.0
2019-01-24,20,0,80,43.8,43.8,0.0,144.01164,0.0
2019-01-24,20,0,81,57.05,57.05,0.0,187.576805,0.0
2019-01-24,20,0,82,40.43,40.43,0.0,132.931292,0.0
2019-01-24,20,0,83,88.92,88.92,0.0,292.363357,0.0
2019-01-24,20,0,84,0.0,0.0,0.0,0.0,0.0
2019-01-24,20,0,86,0.0,0.0,0.0,0.0,0.0
2019-01-24,20,0,87,0.0,0.0,0.0,0.0,0.0
2019-01-24,20,0,88,64.81,64.81,0.0,213.091196,0.0
2019-01-24,20,0,89,62.31,62.31,0.0,204.871354,0.0
2019-01-24,20,0,90,83.6,83.6,0.0,274.871532,0.0
2019-01-24,20,0,91,297.65,297.65,0.0,978.654445,0.0
2019-01-24,20,0,92,107.19,107.19,0.0,352.433966,0.0
2019-01-24,20,0,95,40.92,40.92,0.0,732.743984,0.0
2019-01-24,20,0,96,17.26,17.26,0.0,105.759904,0.0
2019-01-24,20,0,97,124.62,124.62,0.0,763.603665,0.0
2019-01-24,20,0,99,1.0,1.0,0.0,10.29906,0.0
2019-01-24,20,0,101,0.0,0.0,0.0,0.0,0.0
2019-01-24,20,0,102,16.26,16.26,0.0,-44.862489,0.0
2019-01-24,20,0,103,14.14,14.14,0.0,-39.013259,0.0
2019-01-24,20,0,104,2.63,2.63,0.0,-7.256356,0.0
2019-01-24,20,0,106,0.0,0.0,0.0,0.0,0.0
2019-01-24,20,0,109,4.02,4.02,0.0,35.243534,0.0
2019-01-24,20,0,110,257.78,257.78,0.0,-8072.265894,0.0
2019-01-24,20,0,111,0.0,0.0,0.0,0.0,0.0
2019-01-24,20,0,113,24.34,24.34,0.0,99.296597,0.0
2019-01-24,20,0,115,24.34,24.34,0.0,99.296597,0.0
2019-01-24,20,0,116,0.0,0.0,0.0,-0.0,0.0
2019-01-24,20,0,117,1.62,1.62,0.0,6.608894,0.0
2019-01-24,20,0,119,119.28,119.28,0.0,2560.145115,0.0
2019-01-24,20,0,120,70.14,70.14,0.0,1505.437445,0.0
2019-01-24,20,0,123,0.0,0.0,0.0,0.0,0.0
2019-01-24,20,0,125,92.14,92.14,0.0,570.294956,0.0
2019-01-24,20,0,126,0.0,0.0,0.0,0.0,0.0
2019-01-24,20,0,127,0.0,0.0,0.0,0.0,0.0
2019-01-24,20,0,128,131.97,131.97,0.0,816.820331,0.0
2019-01-24,20,0,131,21.75,21.75,0.0,-19.177973,0.0
2019-01-24,20,0,132,31.98,31.98,0.0,-28.198234,0.0
2019-01-24,20,0,133,57.93,57.93,0.0,676.868158,0.0
2019-01-24,20,0,134,0.0,0.0,0.0,0.0,0.0
2019-01-24,20,0,135,77.2,77.2,0.0,902.023508,0.0
2019-01-24,20,0,136,16.0,16.0,0.0,186.058286,0.0
2019-01-24,20,0,139,7.37,7.37,0.0,57.657713,0.0
2019-01-24,20,0,140,190.78,190.78,0.0,-5974.190734,0.0
2019-01-24,20,0,141,92.41,92.41,0.0,-904.548614,0.0
2019-01-24,20,0,142,0.0,0.0,0.0,-0.0,0.0
2019-01-24,20,0,143,11.53,11.53,0.0,71.014787,0.0
2019-01-24,20,0,145,8.64,8.64,0.0,61.587494,0.0
2019-01-24,20,0,146,174.97,174.97,0.0,-5479.107625,0.0
2019-01-24,20,0,152,0.0,0.0,0.0,0.0,0.0
2019-01-24,20,0,153,0.0,0.0,0.0,0.0,0.0
2019-01-24,20,0,154,0.0,0.0,0.0,0.0,0.0
2019-01-24,20,0,157,62.0,62.0,0.0,-606.882524,0.0
2019-01-24,20,0,158,0.0,0.0,0.0,-0.0,0.0
2019-01-24,20,0,159,0.0,0.0,0.0,0.0,0.0
2019-01-24,20,0,160,0.0,0.0,0.0,0.0,0.0
2019-01-24,20,0,161,0.0,0.0,0.0,-0.0,0.0
2019-01-24,20,0,162,38.56,38.56,0.0,692.016192,0.0
2019-01-24,20,0,163,115.36,115.36,0.0,-3612.447023,0.0
2019-01-24,20,0,164,0.0,0.0,0.0,0.0,0.0
2019-01-24,20,0,167,0.0,0.0,0.0,0.0,0.0
2019-01-24,20,0,168,0.0,0.0,0.0,0.0,0.0
2019-01-24,20,0,169,0.0,0.0,0.0,0.0,0.0
2019-01-24,20,0,170,0.0,0.0,0.0,0.0,0.0
2019-01-24,20,0,172,0.0,0.0,0.0,0.0,0.0
2019-01-24,20,0,173,0.0,0.0,0.0,0.0,0.0
2019-01-24,20,0,188,0.0,0.0,0.0,0.0,0.0
2019-01-24,20,0,190,0.0,0.0,0.0,0.0,0.0
2019-01-24,20,0,191,0.0,0.0,0.0,0.0,0.0
2019-01-24,20,0,192,96.56,96.56,0.0,2072.498427,0.0
2019-01-24,20,0,194,100.09,100.09,0.0,1005.956515,0.0
2019-01-24,20,0,196,0.0,0.0,0.0,0.0,0.0
2019-01-24,20,0,198,0.0,0.0,0.0,0.0,0.0
2019-01-24,20,0,199,25.61,25.61,0.0,273.158668,0.0
2019-01-24,20,0,200,0.0,0.0,0.0,0.0,0.0
2019-01-24,20,0,204,36.98,36.98,0.0,318.862942,0.0
2019-01-24,20,0,205,21.24,21.24,0.0,186.212105,0.0
2019-01-24,20,0,206,472.09,472.09,0.0,2892.711074,0.0
2019-01-24,20,0,210,0.0,0.0,0.0,0.0,0.0
2019-01-24,20,0,214,0.0,0.0,0.0,0.0,0.0
2019-01-24,20,0,217,0.0,0.0,0.0,0.0,0.0
2019-01-24,20,0,218,0.0,0.0,0.0,0.0,0.0
2019-01-24,20,0,219,0.0,0.0,0.0,0.0,0.0
2019-01-24,20,0,221,0.0,0.0,0.0,0.0,0.0
2019-01-24,20,0,225,0.0,0.0,0.0,0.0,0.0
2019-01-24,20,0,233,0.0,0.0,0.0,0.0,0.0
2019-01-24,20,0,236,34.64,34.64,0.0,381.493857,0.0
2019-01-24,20,0,237,12.38,12.38,0.0,127.502359,0.0
2019-01-24,20,0,238,0.0,0.0,0.0,0.0,0.0
2019-01-24,20,0,240,0.0,0.0,0.0,0.0,0.0
2019-01-24,20,0,245,87.74,87.74,0.0,1040.386561,0.0
2019-01-24,20,0,247,52.55,52.55,0.0,623.117321,0.0
2019-01-24,20,0,248,1.24,1.24,0.0,12.770834,0.0
2019-01-24,20,0,249,168.66,168.66,0.0,1999.904232,0.0
2019-01-24,20,0,251,82.31,82.31,0.0,950.833554,0.0
2019-01-24,20,0,252,73.67,73.67,0.0,856.877803,0.0
2019-01-24,20,0,254,0.0,0.0,0.0,0.0,0.0
2019-01-24,20,0,255,0.0,0.0,0.0,0.0,0.0
2019-01-24,20,0,258,0.0,0.0,0.0,0.0,0.0
2019-01-24,20,0,260,0.0,0.0,0.0,0.0,0.0
2019-01-24,20,0,265,0.0,0.0,0.0,0.0,0.0
2019-01-24,20,0,266,4.49,4.49,0.0,35.126612,0.0
2019-01-24,20,0,267,5.68,5.68,0.0,44.436338,0.0
2019-01-24,20,0,270,360.28,360.28,0.0,-11282.007744,0.0
2019-01-24,20,0,272,81.34,81.34,0.0,331.831768,0.0
2019-01-24,20,0,273,0.0,0.0,0.0,-0.0,0.0
2019-01-24,20,0,274,464.44,464.44,0.0,-14543.731755,0.0
2019-01-24,20,0,275,646.51,646.51,0.0,-20245.172718,0.0
2019-01-24,20,0,276,0.0,0.0,0.0,-0.0,0.0
2019-01-24,20,0,277,0.0,0.0,0.0,0.0,0.0
2019-01-24,20,0,278,0.0,0.0,0.0,0.0,0.0
2019-01-24,20,0,279,474.76,474.76,0.0,1786.136468,0.0
2019-01-24,20,0,281,3.82,3.82,0.0,23.527883,0.0
2019-01-24,20,0,282,0.0,0.0,0.0,0.0,0.0
2019-01-24,21,0,9,0.0,0.0,0.0,0.0,0.0
2019-01-24,21,0,17,0.0,0.0,0.0,0.0,0.0
2019-01-24,21,0,19,235.27,235.27,0.0,3246.788174,0.0
2019-01-24,21,0,20,285.33,285.33,0.0,3937.629403,0.0
2019-01-24,21,0,21,0.0,0.0,0.0,0.0,0.0
2019-01-24,21,0,22,0.0,0.0,0.0,0.0,0.0
2019-01-24,21,0,23,51.91,51.91,0.0,461.574369,0.0
2019-01-24,21,0,24,91.85,91.85,0.0,816.713655,0.0
2019-01-24,21,0,29,0.0,0.0,0.0,0.0,0.0
2019-01-24,21,0,30,0.0,0.0,0.0,0.0,0.0
2019-01-24,21,0,31,8.35,8.35,0.0,74.035846,0.0
2019-01-24,21,0,32,0.0,0.0,0.0,0.0,0.0
2019-01-24,21,0,33,0.0,0.0,0.0,0.0,0.0
2019-01-24,21,0,34,0.0,0.0,0.0,0.0,0.0
2019-01-24,21,0,35,0.0,0.0,0.0,0.0,0.0
2019-01-24,21,0,36,0.0,0.0,0.0,0.0,0.0
2019-01-24,21,0,37,0.0,0.0,0.0,0.0,0.0
2019-01-24,21,0,38,0.0,0.0,0.0,0.0,0.0
2019-01-24,21,0,39,0.0,0.0,0.0,0.0,0.0
2019-01-24,21,0,40,0.0,0.0,0.0,0.0,0.0
2019-01-24,21,0,41,12.04,12.04,0.0,123.759732,0.0
2019-01-24,21,0,42,0.0,0.0,0.0,0.0,0.0
2019-01-24,21,0,43,0.0,0.0,0.0,0.0,0.0
2019-01-24,21,0,46,0.0,0.0,0.0,0.0,0.0
2019-01-24,21,0,52,8.85,8.85,0.0,78.46913,0.0
2019-01-24,21,0,53,14.06,14.06,0.0,124.663951,0.0
2019-01-24,21,0,55,60.64,60.64,0.0,539.199957,0.0
2019-01-24,21,0,56,0.0,0.0,0.0,0.0,0.0
2019-01-24,21,0,57,0.0,0.0,0.0,0.0,0.0
2019-01-24,21,0,58,0.0,0.0,0.0,0.0,0.0
2019-01-24,21,0,59,0.0,0.0,0.0,0.0,0.0
2019-01-24,21,0,63,107.95,107.95,0.0,1967.58375,0.0
2019-01-24,21,0,64,127.0,127.0,0.0,2314.804412,0.0
2019-01-24,21,0,65,7.56,7.56,0.0,103.973671,0.0
2019-01-24,21,0,67,0.0,0.0,0.0,-0.0,0.0
2019-01-24,21,0,68,5.54,5.54,0.0,13.519056,0.0
2019-01-24,21,0,69,0.0,0.0,0.0,0.0,0.0
2019-01-24,21,0,74,7.96,7.96,0.0,99.253267,0.0
2019-01-24,21,0,77,114.09,114.09,0.0,739.309077,0.0
2019-01-24,21,0,78,86.42,86.42,0.0,560.006051,0.0
2019-01-24,21,0,79,50.13,50.13,0.0,324.844982,0.0
2019-01-24,21,0,80,80.91,80.91,0.0,524.300968,0.0
2019-01-24,21,0,81,105.6,105.6,0.0,684.293439,0.0
2019-01-24,21,0,82,74.65,74.65,0.0,483.735845,0.0
2019-01-24,21,0,83,165.4,165.4,0.0,1071.80052,0.0
2019-01-24,21,0,84,0.0,0.0,0.0,0.0,0.0
2019-01-24,21,0,86,0.0,0.0,0.0,0.0,0.0
2019-01-24,21,0,87,0.0,0.0,0.0,0.0,0.0
2019-01-24,21,0,88,110.95,110.95,0.0,718.961715,0.0
2019-01-24,21,0,89,106.66,106.66,0.0,691.162294,0.0
2019-01-24,21,0,90,143.21,143.21,0.0,928.008177,0.0
2019-01-24,21,0,91,510.87,510.87,0.0,3310.463915,0.0
2019-01-24,21,0,92,183.73,183.73,0.0,1190.579864,0.0
2019-01-24,21,0,95,57.46,57.46,0.0,911.121782,0.0
2019-01-24,21,0,96,13.44,13.44,0.0,118.811993,0.0
2019-01-24,21,0,97,82.64,82.64,0.0,730.552315,0.0
2019-01-24,21,0,99,1.54,1.54,0.0,19.202265,0.0
2019-01-24,21,0,101,0.0,0.0,0.0,0.0,0.0
2019-01-24,21,0,102,13.11,13.11,0.0,31.991846,0.0
2019-01-24,21,0,103,11.4,11.4,0.0,27.818997,0.0
2019-01-24,21,0,104,2.12,2.12,0.0,5.173357,0.0
2019-01-24,21,0,106,0.0,0.0,0.0,0.0,0.0
2019-01-24,21,0,109,9.15,9.15,0.0,100.823728,0.0
2019-01-24,21,0,110,121.29,121.29,0.0,-1999.060776,0.0
2019-01-24,21,0,111,0.0,0.0,0.0,0.0,0.0
2019-01-24,21,0,113,41.87,41.87,0.0,288.77054,0.0
2019-01-24,21,0,115,41.87,41.87,0.0,288.77054,0.0
2019-01-24,21,0,116,0.0,0.0,0.0,-0.0,0.0
2019-01-24,21,0,117,2.82,2.82,0.0,19.449079,0.0
2019-01-24,21,0,119,127.0,127.0,0.0,2314.804412,0.0
2019-01-24,21,0,120,74.68,74.68,0.0,1361.177902,0.0
2019-01-24,21,0,123,0.0,0.0,0.0,0.0,0.0
2019-01-24,21,0,125,83.12,83.12,0.0,739.088067,0.0
2019-01-24,21,0,126,0.0,0.0,0.0,0.0,0.0
2019-01-24,21,0,127,0.0,0.0,0.0,0.0,0.0
2019-01-24,21,0,128,119.05,119.05,0.0,1058.571155,0.0
2019-01-24,21,0,131,18.09,18.09,0.0,66.648047,0.0
2019-01-24,21,0,132,26.59,26.59,0.0,97.964155,0.0
2019-01-24,21,0,133,26.09,26.09,0.0,360.164752,0.0
2019-01-24,21,0,134,0.0,0.0,0.0,0.0,0.0
2019-01-24,21,0,135,33.92,33.92,0.0,468.255591,0.0
2019-01-24,21,0,136,11.93,11.93,0.0,164.043984,0.0
2019-01-24,21,0,139,15.85,15.85,0.0,162.922903,0.0
2019-01-24,21,0,140,89.77,89.77,0.0,-1479.558792,0.0
2019-01-24,21,0,141,87.34,87.34,0.0,-193.689585,0.0
2019-01-24,21,0,142,0.0,0.0,0.0,-0.0,0.0
2019-01-24,21,0,143,9.47,9.47,0.0,83.966402,0.0
2019-01-24,21,0,145,9.45,9.45,0.0,91.351807,0.0
2019-01-24,21,0,146,92.38,92.38,0.0,-1522.57593,0.0
2019-01-24,21,0,152,0.0,0.0,0.0,0.0,0.0
2019-01-24,21,0,153,0.0,0.0,0.0,0.0,0.0
2019-01-24,21,0,154,0.0,0.0,0.0,0.0,0.0
2019-01-24,21,0,157,77.77,77.77,0.0,-172.466671,0.0
2019-01-24,21,0,158,0.0,0.0,0.0,-0.0,0.0
2019-01-24,21,0,159,0.0,0.0,0.0,0.0,0.0
2019-01-24,21,0,160,0.0,0.0,0.0,0.0,0.0
2019-01-24,21,0,161,0.0,0.0,0.0,0.0,0.0
2019-01-24,21,0,162,43.68,43.68,0.0,693.781128,0.0
2019-01-24,21,0,163,98.61,98.61,0.0,-1625.256683,0.0
2019-01-24,21,0,164,0.0,0.0,0.0,0.0,0.0
2019-01-24,21,0,167,0.0,0.0,0.0,0.0,0.0
2019-01-24,21,0,168,0.0,0.0,0.0,0.0,0.0
2019-01-24,21,0,169,0.0,0.0,0.0,0.0,0.0
2019-01-24,21,0,170,0.0,0.0,0.0,0.0,0.0
2019-01-24,21,0,172,0.0,0.0,0.0,0.0,0.0
2019-01-24,21,0,173,0.0,0.0,0.0,0.0,0.0
2019-01-24,21,0,188,0.0,0.0,0.0,0.0,0.0
2019-01-24,21,0,190,0.0,0.0,0.0,0.0,0.0
2019-01-24,21,0,191,0.0,0.0,0.0,0.0,0.0
2019-01-24,21,0,192,86.98,86.98,0.0,1585.36762,0.0
2019-01-24,21,0,194,117.95,117.95,0.0,1268.299411,0.0
2019-01-24,21,0,196,0.0,0.0,0.0,0.0,0.0
2019-01-24,21,0,198,0.0,0.0,0.0,0.0,0.0
2019-01-24,21,0,199,23.53,23.53,0.0,251.827497,0.0
2019-01-24,21,0,200,0.0,0.0,0.0,0.0,0.0
2019-01-24,21,0,204,89.48,89.48,0.0,974.158755,0.0
2019-01-24,21,0,205,42.46,42.46,0.0,467.866174,0.0
2019-01-24,21,0,206,242.82,242.82,0.0,2146.572037,0.0
2019-01-24,21,0,210,0.0,0.0,0.0,0.0,0.0
2019-01-24,21,0,214,0.0,0.0,0.0,0.0,0.0
2019-01-24,21,0,217,0.0,0.0,0.0,0.0,0.0
2019-01-24,21,0,218,0.0,0.0,0.0,0.0,0.0
2019-01-24,21,0,219,0.0,0.0,0.0,0.0,0.0
2019-01-24,21,0,221,0.0,0.0,0.0,0.0,0.0
2019-01-24,21,0,225,0.0,0.0,0.0,0.0,0.0
2019-01-24,21,0,233,0.0,0.0,0.0,0.0,0.0
2019-01-24,21,0,236,28.65,28.65,0.0,376.713684,0.0
2019-01-24,21,0,237,19.09,19.09,0.0,238.033276,0.0
2019-01-24,21,0,238,0.0,0.0,0.0,0.0,0.0
2019-01-24,21,0,240,0.0,0.0,0.0,0.0,0.0
2019-01-24,21,0,245,91.03,91.03,0.0,1272.015615,0.0
2019-01-24,21,0,247,30.09,30.09,0.0,420.46523,0.0
2019-01-24,21,0,248,1.92,1.92,0.0,23.940487,0.0
2019-01-24,21,0,249,175.05,175.05,0.0,2446.076386,0.0
2019-01-24,21,0,251,54.92,54.92,0.0,751.071979,0.0
2019-01-24,21,0,252,48.76,48.76,0.0,670.60267,0.0
2019-01-24,21,0,254,0.0,0.0,0.0,0.0,0.0
2019-01-24,21,0,255,0.0,0.0,0.0,0.0,0.0
2019-01-24,21,0,258,0.0,0.0,0.0,0.0,0.0
2019-01-24,21,0,260,0.0,0.0,0.0,0.0,0.0
2019-01-24,21,0,265,0.0,0.0,0.0,0.0,0.0
2019-01-24,21,0,266,9.93,9.93,0.0,102.070942,0.0
2019-01-24,21,0,267,12.39,12.39,0.0,127.357399,0.0
2019-01-24,21,0,270,307.95,307.95,0.0,-5075.527793,0.0
2019-01-24,21,0,272,139.85,139.85,0.0,964.522572,0.0
2019-01-24,21,0,273,0.0,0.0,0.0,-0.0,0.0
2019-01-24,21,0,274,396.98,396.98,0.0,-6542.890155,0.0
2019-01-24,21,0,275,552.61,552.61,0.0,-9107.931202,0.0
2019-01-24,21,0,276,0.0,0.0,0.0,-0.0,0.0
2019-01-24,21,0,277,0.0,0.0,0.0,0.0,0.0
2019-01-24,21,0,278,0.0,0.0,0.0,0.0,0.0
2019-01-24,21,0,279,415.93,415.93,0.0,2799.101014,0.0
2019-01-24,21,0,281,3.75,3.75,0.0,33.249631,0.0
2019-01-24,21,0,282,0.0,0.0,0.0,0.0,0.0
2019-01-24,22,0,9,0.0,0.0,0.0,0.0,0.0
2019-01-24,22,0,17,0.0,0.0,0.0,0.0,0.0
2019-01-24,22,0,19,136.28,136.28,0.0,1511.662574,0.0
2019-01-24,22,0,20,165.28,165.28,0.0,1833.34011,0.0
2019-01-24,22,0,21,0.0,0.0,0.0,0.0,0.0
2019-01-24,22,0,22,0.0,0.0,0.0,0.0,0.0
2019-01-24,22,0,23,47.58,47.58,0.0,396.755847,0.0
2019-01-24,22,0,24,84.18,84.18,0.0,701.952653,0.0
2019-01-24,22,0,29,0.0,0.0,0.0,0.0,0.0
2019-01-24,22,0,30,0.0,0.0,0.0,0.0,0.0
2019-01-24,22,0,31,10.72,10.72,0.0,89.235683,0.0
2019-01-24,22,0,32,0.0,0.0,0.0,0.0,0.0
2019-01-24,22,0,33,0.0,0.0,0.0,0.0,0.0
2019-01-24,22,0,34,0.0,0.0,0.0,0.0,0.0
2019-01-24,22,0,35,0.0,0.0,0.0,0.0,0.0
2019-01-24,22,0,36,0.0,0.0,0.0,0.0,0.0
2019-01-24,22,0,37,0.0,0.0,0.0,0.0,0.0
2019-01-24,22,0,38,0.0,0.0,0.0,0.0,0.0
2019-01-24,22,0,39,0.0,0.0,0.0,0.0,0.0
2019-01-24,22,0,40,0.0,0.0,0.0,0.0,0.0
2019-01-24,22,0,41,16.0,16.0,0.0,146.075278,0.0
2019-01-24,22,0,42,0.0,0.0,0.0,0.0,0.0
2019-01-24,22,0,43,0.0,0.0,0.0,0.0,0.0
2019-01-24,22,0,46,0.0,0.0,0.0,0.0,0.0
2019-01-24,22,0,52,11.36,11.36,0.0,94.563186,0.0
2019-01-24,22,0,53,18.05,18.05,0.0,150.252245,0.0
2019-01-24,22,0,55,117.59,117.59,0.0,980.548972,0.0
2019-01-24,22,0,56,0.0,0.0,0.0,0.0,0.0
2019-01-24,22,0,57,0.0,0.0,0.0,0.0,0.0
2019-01-24,22,0,58,0.0,0.0,0.0,0.0,0.0
2019-01-24,22,0,59,0.0,0.0,0.0,0.0,0.0
2019-01-24,22,0,63,115.34,115.34,0.0,1742.567081,0.0
2019-01-24,22,0,64,135.7,135.7,0.0,2050.167789,0.0
2019-01-24,22,0,65,5.19,5.19,0.0,57.435449,0.0
2019-01-24,22,0,67,0.0,0.0,0.0,0.0,0.0
2019-01-24,22,0,68,4.39,4.39,0.0,26.706127,0.0
2019-01-24,22,0,69,0.0,0.0,0.0,0.0,0.0
2019-01-24,22,0,74,12.42,12.42,0.0,128.700195,0.0
2019-01-24,22,0,77,120.41,120.41,0.0,837.338398,0.0
2019-01-24,22,0,78,91.03,91.03,0.0,633.028107,0.0
2019-01-24,22,0,79,52.68,52.68,0.0,366.339896,0.0
2019-01-24,22,0,80,85.19,85.19,0.0,592.416395,0.0
2019-01-24,22,0,81,111.38,111.38,0.0,774.543234,0.0
2019-01-24,22,0,82,78.56,78.56,0.0,546.310976,0.0
2019-01-24,22,0,83,175.19,175.19,0.0,1218.281821,0.0
2019-01-24,22,0,84,0.0,0.0,0.0,0.0,0.0
2019-01-24,22,0,86,0.0,0.0,0.0,0.0,0.0
2019-01-24,22,0,87,0.0,0.0,0.0,0.0,0.0
2019-01-24,22,0,88,106.57,106.57,0.0,741.094204,0.0
2019-01-24,22,0,89,102.45,102.45,0.0,712.443476,0.0
2019-01-24,22,0,90,137.56,137.56,0.0,956.600532,0.0
2019-01-24,22,0,91,490.7,490.7,0.0,3412.35738,0.0
2019-01-24,22,0,92,176.48,176.48,0.0,1227.252558,0.0
2019-01-24,22,0,95,80.96,80.96,0.0,1154.644019,0.0
2019-01-24,22,0,96,10.91,10.91,0.0,90.652111,0.0
2019-01-24,22,0,97,67.11,67.11,0.0,557.622655,0.0
2019-01-24,22,0,99,2.4,2.4,0.0,24.869603,0.0
2019-01-24,22,0,101,0.0,0.0,0.0,0.0,0.0
2019-01-24,22,0,102,10.4,10.4,0.0,63.267362,0.0
2019-01-24,22,0,103,9.04,9.04,0.0,54.993938,0.0
2019-01-24,22,0,104,1.68,1.68,0.0,10.220112,0.0
2019-01-24,22,0,106,0.0,0.0,0.0,0.0,0.0
2019-01-24,22,0,109,28.72,28.72,0.0,274.644687,0.0
2019-01-24,22,0,110,46.68,46.68,0.0,106.828058,0.0
2019-01-24,22,0,111,0.0,0.0,0.0,0.0,0.0
2019-01-24,22,0,113,68.71,68.71,0.0,469.913223,0.0
2019-01-24,22,0,115,68.71,68.71,0.0,469.913223,0.0
2019-01-24,22,0,116,0.0,0.0,0.0,0.0,0.0
2019-01-24,22,0,117,4.58,4.58,0.0,31.322989,0.0
2019-01-24,22,0,119,135.7,135.7,0.0,2050.167789,0.0
2019-01-24,22,0,120,79.79,79.79,0.0,1205.474487,0.0
2019-01-24,22,0,123,0.0,0.0,0.0,0.0,0.0
2019-01-24,22,0,125,76.18,76.18,0.0,635.242968,0.0
2019-01-24,22,0,126,0.0,0.0,0.0,0.0,0.0
2019-01-24,22,0,127,0.0,0.0,0.0,0.0,0.0
2019-01-24,22,0,128,109.1,109.1,0.0,909.753319,0.0
2019-01-24,22,0,131,14.89,14.89,0.0,94.296692,0.0
2019-01-24,22,0,132,21.89,21.89,0.0,138.626903,0.0
2019-01-24,22,0,133,16.98,16.98,0.0,188.388967,0.0
2019-01-24,22,0,134,0.0,0.0,0.0,0.0,0.0
2019-01-24,22,0,135,22.75,22.75,0.0,252.405713,0.0
2019-01-24,22,0,136,9.05,9.05,0.0,100.13957,0.0
2019-01-24,22,0,139,20.66,20.66,0.0,188.619702,0.0
2019-01-24,22,0,140,34.55,34.55,0.0,79.068325,0.0
2019-01-24,22,0,141,85.85,85.85,0.0,442.061713,0.0
2019-01-24,22,0,142,0.0,0.0,0.0,0.0,0.0
2019-01-24,22,0,143,10.89,10.89,0.0,90.650801,0.0
2019-01-24,22,0,145,25.25,25.25,0.0,221.812651,0.0
2019-01-24,22,0,146,51.88,51.88,0.0,118.728356,0.0
2019-01-24,22,0,152,0.0,0.0,0.0,0.0,0.0
2019-01-24,22,0,153,0.0,0.0,0.0,0.0,0.0
2019-01-24,22,0,154,0.0,0.0,0.0,0.0,0.0
2019-01-24,22,0,157,103.51,103.51,0.0,532.99718,0.0
2019-01-24,22,0,158,0.0,0.0,0.0,0.0,0.0
2019-01-24,22,0,159,0.0,0.0,0.0,0.0,0.0
2019-01-24,22,0,160,0.0,0.0,0.0,0.0,0.0
2019-01-24,22,0,161,0.0,0.0,0.0,0.0,0.0
2019-01-24,22,0,162,30.62,30.62,0.0,437.044474,0.0
2019-01-24,22,0,163,83.54,83.54,0.0,191.182862,0.0
2019-01-24,22,0,164,0.0,0.0,0.0,0.0,0.0
2019-01-24,22,0,167,0.0,0.0,0.0,0.0,0.0
2019-01-24,22,0,168,0.0,0.0,0.0,0.0,0.0
2019-01-24,22,0,169,0.0,0.0,0.0,0.0,0.0
2019-01-24,22,0,170,0.0,0.0,0.0,0.0,0.0
2019-01-24,22,0,172,0.0,0.0,0.0,0.0,0.0
2019-01-24,22,0,173,0.0,0.0,0.0,0.0,0.0
2019-01-24,22,0,188,0.0,0.0,0.0,0.0,0.0
2019-01-24,22,0,190,0.0,0.0,0.0,0.0,0.0
2019-01-24,22,0,191,0.0,0.0,0.0,0.0,0.0
2019-01-24,22,0,192,78.51,78.51,0.0,1186.136132,0.0
2019-01-24,22,0,194,139.31,139.31,0.0,1034.677337,0.0
2019-01-24,22,0,196,0.0,0.0,0.0,0.0,0.0
2019-01-24,22,0,198,0.0,0.0,0.0,0.0,0.0
2019-01-24,22,0,199,30.11,30.11,0.0,273.996597,0.0
2019-01-24,22,0,200,0.0,0.0,0.0,0.0,0.0
2019-01-24,22,0,204,125.54,125.54,0.0,1191.279296,0.0
2019-01-24,22,0,205,142.89,142.89,0.0,1366.433821,0.0
2019-01-24,22,0,206,197.19,197.19,0.0,1638.468354,0.0
2019-01-24,22,0,210,0.0,0.0,0.0,0.0,0.0
2019-01-24,22,0,214,0.0,0.0,0.0,0.0,0.0
2019-01-24,22,0,217,0.0,0.0,0.0,0.0,0.0
2019-01-24,22,0,218,0.0,0.0,0.0,0.0,0.0
2019-01-24,22,0,219,0.0,0.0,0.0,0.0,0.0
2019-01-24,22,0,221,0.0,0.0,0.0,0.0,0.0
2019-01-24,22,0,225,0.0,0.0,0.0,0.0,0.0
2019-01-24,22,0,233,0.0,0.0,0.0,0.0,0.0
2019-01-24,22,0,236,24.63,24.63,0.0,264.440264,0.0
2019-01-24,22,0,237,29.8,29.8,0.0,308.79757,0.0
2019-01-24,22,0,238,0.0,0.0,0.0,0.0,0.0
2019-01-24,22,0,240,0.0,0.0,0.0,0.0,0.0
2019-01-24,22,0,245,47.07,47.07,0.0,526.576166,0.0
2019-01-24,22,0,247,15.6,15.6,0.0,174.518551,0.0
2019-01-24,22,0,248,2.99,2.99,0.0,30.98338,0.0
2019-01-24,22,0,249,90.52,90.52,0.0,1012.655078,0.0
2019-01-24,22,0,251,84.15,84.15,0.0,927.690903,0.0
2019-01-24,22,0,252,33.49,33.49,0.0,370.619111,0.0
2019-01-24,22,0,254,0.0,0.0,0.0,0.0,0.0
2019-01-24,22,0,255,0.0,0.0,0.0,0.0,0.0
2019-01-24,22,0,258,0.0,0.0,0.0,0.0,0.0
2019-01-24,22,0,260,0.0,0.0,0.0,0.0,0.0
2019-01-24,22,0,265,0.0,0.0,0.0,0.0,0.0
2019-01-24,22,0,266,13.38,13.38,0.0,122.155451,0.0
2019-01-24,22,0,267,16.44,16.44,0.0,150.092348,0.0
2019-01-24,22,0,270,260.89,260.89,0.0,597.051674,0.0
2019-01-24,22,0,272,229.64,229.64,0.0,1570.526452,0.0
2019-01-24,22,0,273,0.0,0.0,0.0,0.0,0.0
2019-01-24,22,0,274,336.32,336.32,0.0,769.674648,0.0
2019-01-24,22,0,275,468.16,468.16,0.0,1071.392968,0.0
2019-01-24,22,0,276,0.0,0.0,0.0,0.0,0.0
2019-01-24,22,0,277,0.0,0.0,0.0,0.0,0.0
2019-01-24,22,0,278,0.0,0.0,0.0,0.0,0.0
2019-01-24,22,0,279,147.59,147.59,0.0,1016.183386,0.0
2019-01-24,22,0,281,4.81,4.81,0.0,40.039518,0.0
2019-01-24,22,0,282,0.0,0.0,0.0,0.0,0.0
2019-01-24,23,0,9,0.0,0.0,0.0,0.0,0.0
2019-01-24,23,0,17,0.0,0.0,0.0,0.0,0.0
2019-01-24,23,0,19,144.26,144.26,0.0,1426.913274,0.0
2019-01-24,23,0,20,174.96,174.96,0.0,1730.574979,0.0
2019-01-24,23,0,21,0.0,0.0,0.0,0.0,0.0
2019-01-24,23,0,22,0.0,0.0,0.0,0.0,0.0
2019-01-24,23,0,23,46.15,46.15,0.0,376.160304,0.0
2019-01-24,23,0,24,81.66,81.66,0.0,665.595893,0.0
2019-01-24,23,0,29,0.0,0.0,0.0,0.0,0.0
2019-01-24,23,0,30,0.0,0.0,0.0,0.0,0.0
2019-01-24,23,0,31,10.28,10.28,0.0,83.701012,0.0
2019-01-24,23,0,32,0.0,0.0,0.0,0.0,0.0
2019-01-24,23,0,33,0.0,0.0,0.0,0.0,0.0
2019-01-24,23,0,34,0.0,0.0,0.0,0.0,0.0
2019-01-24,23,0,35,0.0,0.0,0.0,0.0,0.0
2019-01-24,23,0,36,0.0,0.0,0.0,0.0,0.0
2019-01-24,23,0,37,0.0,0.0,0.0,0.0,0.0
2019-01-24,23,0,38,0.0,0.0,0.0,0.0,0.0
2019-01-24,23,0,39,0.0,0.0,0.0,0.0,0.0
2019-01-24,23,0,40,0.0,0.0,0.0,0.0,0.0
2019-01-24,23,0,41,15.86,15.86,0.0,136.911304,0.0
2019-01-24,23,0,42,0.0,0.0,0.0,0.0,0.0
2019-01-24,23,0,43,0.0,0.0,0.0,0.0,0.0
2019-01-24,23,0,46,0.0,0.0,0.0,0.0,0.0
2019-01-24,23,0,52,10.89,10.89,0.0,88.667707,0.0
2019-01-24,23,0,53,17.31,17.31,0.0,140.940129,0.0
2019-01-24,23,0,55,199.55,199.55,0.0,1626.495964,0.0
2019-01-24,23,0,56,0.0,0.0,0.0,0.0,0.0
2019-01-24,23,0,57,0.0,0.0,0.0,0.0,0.0
2019-01-24,23,0,58,0.0,0.0,0.0,0.0,0.0
2019-01-24,23,0,59,0.0,0.0,0.0,0.0,0.0
2019-01-24,23,0,63,99.14,99.14,0.0,1158.407429,0.0
2019-01-24,23,0,64,116.64,116.64,0.0,1362.887256,0.0
2019-01-24,23,0,65,4.26,4.26,0.0,42.063281,0.0
2019-01-24,23,0,67,0.0,0.0,0.0,0.0,0.0
2019-01-24,23,0,68,3.92,3.92,0.0,30.572857,0.0
2019-01-24,23,0,69,0.0,0.0,0.0,0.0,0.0
2019-01-24,23,0,74,13.27,13.27,0.0,124.81429,0.0
2019-01-24,23,0,77,111.16,111.16,0.0,813.800191,0.0
2019-01-24,23,0,78,84.04,84.04,0.0,615.2552,0.0
2019-01-24,23,0,79,48.63,48.63,0.0,356.019281,0.0
2019-01-24,23,0,80,78.65,78.65,0.0,575.795115,0.0
2019-01-24,23,0,81,102.82,102.82,0.0,752.743213,0.0
2019-01-24,23,0,82,72.53,72.53,0.0,530.990715,0.0
2019-01-24,23,0,83,161.74,161.74,0.0,1184.095384,0.0
2019-01-24,23,0,84,0.0,0.0,0.0,0.0,0.0
2019-01-24,23,0,86,0.0,0.0,0.0,0.0,0.0
2019-01-24,23,0,87,0.0,0.0,0.0,0.0,0.0
2019-01-24,23,0,88,97.66,97.66,0.0,714.966954,0.0
2019-01-24,23,0,89,93.88,93.88,0.0,687.293648,0.0
2019-01-24,23,0,90,126.05,126.05,0.0,922.80959,0.0
2019-01-24,23,0,91,449.65,449.65,0.0,3291.878875,0.0
2019-01-24,23,0,92,161.71,161.71,0.0,1183.875754,0.0
2019-01-24,23,0,95,85.49,85.49,0.0,992.903789,0.0
2019-01-24,23,0,96,10.07,10.07,0.0,81.899635,0.0
2019-01-24,23,0,97,61.9,61.9,0.0,503.434695,0.0
2019-01-24,23,0,99,2.56,2.56,0.0,24.078718,0.0
2019-01-24,23,0,101,0.0,0.0,0.0,0.0,0.0
2019-01-24,23,0,102,9.28,9.28,0.0,72.376558,0.0
2019-01-24,23,0,103,8.07,8.07,0.0,62.939529,0.0
2019-01-24,23,0,104,1.5,1.5,0.0,11.698797,0.0
2019-01-24,23,0,106,0.0,0.0,0.0,0.0,0.0
2019-01-24,23,0,109,37.17,37.17,0.0,330.085735,0.0
2019-01-24,23,0,110,31.84,31.84,0.0,331.273279,0.0
2019-01-24,23,0,111,0.0,0.0,0.0,0.0,0.0
2019-01-24,23,0,113,60.19,60.19,0.0,421.783509,0.0
2019-01-24,23,0,115,60.19,60.19,0.0,421.783509,0.0
2019-01-24,23,0,116,0.0,0.0,0.0,0.0,0.0
2019-01-24,23,0,117,4.01,4.01,0.0,28.100214,0.0
2019-01-24,23,0,119,116.64,116.64,0.0,1362.887256,0.0
2019-01-24,23,0,120,68.58,68.58,0.0,801.327229,0.0
2019-01-24,23,0,123,0.0,0.0,0.0,0.0,0.0
2019-01-24,23,0,125,73.9,73.9,0.0,602.345536,0.0
2019-01-24,23,0,126,0.0,0.0,0.0,0.0,0.0
2019-01-24,23,0,127,0.0,0.0,0.0,0.0,0.0
2019-01-24,23,0,128,105.84,105.84,0.0,862.6827,0.0
2019-01-24,23,0,131,13.84,13.84,0.0,105.570551,0.0
2019-01-24,23,0,132,20.35,20.35,0.0,155.228375,0.0
2019-01-24,23,0,133,16.35,16.35,0.0,161.748687,0.0
2019-01-24,23,0,134,0.0,0.0,0.0,0.0,0.0
2019-01-24,23,0,135,21.91,21.91,0.0,216.753134,0.0
2019-01-24,23,0,136,7.93,7.93,0.0,78.293386,0.0
2019-01-24,23,0,139,20.48,20.48,0.0,176.793411,0.0
2019-01-24,23,0,140,23.57,23.57,0.0,245.229622,0.0
2019-01-24,23,0,141,79.83,79.83,0.0,673.80396,0.0
2019-01-24,23,0,142,0.0,0.0,0.0,0.0,0.0
2019-01-24,23,0,143,12.57,12.57,0.0,102.346471,0.0
2019-01-24,23,0,145,9.85,9.85,0.0,82.90457,0.0
2019-01-24,23,0,146,35.63,35.63,0.0,370.705619,0.0
2019-01-24,23,0,152,0.0,0.0,0.0,0.0,0.0
2019-01-24,23,0,153,0.0,0.0,0.0,0.0,0.0
2019-01-24,23,0,154,0.0,0.0,0.0,0.0,0.0
2019-01-24,23,0,157,76.81,76.81,0.0,648.313693,0.0
2019-01-24,23,0,158,0.0,0.0,0.0,0.0,0.0
2019-01-24,23,0,159,0.0,0.0,0.0,0.0,0.0
2019-01-24,23,0,160,0.0,0.0,0.0,0.0,0.0
2019-01-24,23,0,161,0.0,0.0,0.0,0.0,0.0
2019-01-24,23,0,162,15.03,15.03,0.0,174.60312,0.0
2019-01-24,23,0,163,71.55,71.55,0.0,744.428489,0.0
2019-01-24,23,0,164,0.0,0.0,0.0,0.0,0.0
2019-01-24,23,0,167,0.0,0.0,0.0,0.0,0.0
2019-01-24,23,0,168,0.0,0.0,0.0,0.0,0.0
2019-01-24,23,0,169,0.0,0.0,0.0,0.0,0.0
2019-01-24,23,0,170,0.0,0.0,0.0,0.0,0.0
2019-01-24,23,0,172,0.0,0.0,0.0,0.0,0.0
2019-01-24,23,0,173,0.0,0.0,0.0,0.0,0.0
2019-01-24,23,0,188,0.0,0.0,0.0,0.0,0.0
2019-01-24,23,0,190,0.0,0.0,0.0,0.0,0.0
2019-01-24,23,0,191,0.0,0.0,0.0,0.0,0.0
2019-01-24,23,0,192,72.59,72.59,0.0,848.182321,0.0
2019-01-24,23,0,194,136.89,136.89,0.0,853.884093,0.0
2019-01-24,23,0,196,0.0,0.0,0.0,0.0,0.0
2019-01-24,23,0,198,0.0,0.0,0.0,0.0,0.0
2019-01-24,23,0,199,22.23,22.23,0.0,173.812602,0.0
2019-01-24,23,0,200,0.0,0.0,0.0,0.0,0.0
2019-01-24,23,0,204,136.48,136.48,0.0,1205.553251,0.0
2019-01-24,23,0,205,196.61,196.61,0.0,1745.982145,0.0
2019-01-24,23,0,206,181.88,181.88,0.0,1479.235902,0.0
2019-01-24,23,0,210,0.0,0.0,0.0,0.0,0.0
2019-01-24,23,0,214,0.0,0.0,0.0,0.0,0.0
2019-01-24,23,0,217,0.0,0.0,0.0,0.0,0.0
2019-01-24,23,0,218,0.0,0.0,0.0,0.0,0.0
2019-01-24,23,0,219,0.0,0.0,0.0,0.0,0.0
2019-01-24,23,0,221,0.0,0.0,0.0,0.0,0.0
2019-01-24,23,0,225,0.0,0.0,0.0,0.0,0.0
2019-01-24,23,0,233,0.0,0.0,0.0,0.0,0.0
2019-01-24,23,0,236,22.31,22.31,0.0,215.348569,0.0
2019-01-24,23,0,237,31.83,31.83,0.0,299.384992,0.0
2019-01-24,23,0,238,0.0,0.0,0.0,0.0,0.0
2019-01-24,23,0,240,0.0,0.0,0.0,0.0,0.0
2019-01-24,23,0,245,45.21,45.21,0.0,450.051912,0.0
2019-01-24,23,0,247,15.84,15.84,0.0,157.682422,0.0
2019-01-24,23,0,248,3.2,3.2,0.0,30.098397,0.0
2019-01-24,23,0,249,86.94,86.94,0.0,865.461473,0.0
2019-01-24,23,0,251,33.41,33.41,0.0,328.94437,0.0
2019-01-24,23,0,252,27.46,27.46,0.0,271.140303,0.0
2019-01-24,23,0,254,0.0,0.0,0.0,0.0,0.0
2019-01-24,23,0,255,0.0,0.0,0.0,0.0,0.0
2019-01-24,23,0,258,0.0,0.0,0.0,0.0,0.0
2019-01-24,23,0,260,0.0,0.0,0.0,0.0,0.0
2019-01-24,23,0,265,0.0,0.0,0.0,0.0,0.0
2019-01-24,23,0,266,13.26,13.26,0.0,114.466828,0.0
2019-01-24,23,0,267,16.3,16.3,0.0,140.7096,0.0
2019-01-24,23,0,270,223.44,223.44,0.0,2324.739366,0.0
2019-01-24,23,0,272,201.17,201.17,0.0,1409.705739,0.0
2019-01-24,23,0,273,0.0,0.0,0.0,0.0,0.0
2019-01-24,23,0,274,288.04,288.04,0.0,2996.85789,0.0
2019-01-24,23,0,275,400.96,400.96,0.0,4171.712746,0.0
2019-01-24,23,0,276,0.0,0.0,0.0,0.0,0.0
2019-01-24,23,0,277,0.0,0.0,0.0,0.0,0.0
2019-01-24,23,0,278,0.0,0.0,0.0,0.0,0.0
2019-01-24,23,0,279,123.47,123.47,0.0,880.736219,0.0
2019-01-24,23,0,281,4.61,4.61,0.0,37.535182,0.0
2019-01-24,23,0,282,0.0,0.0,0.0,0.0,0.0
2019-01-25,0,0,9,0.0,0.0,0.0,0.0,0.0
2019-01-25,0,0,17,0.0,0.0,0.0,0.0,0.0
2019-01-25,0,0,19,157.11,157.11,0.0,1572.775731,0.0
2019-01-25,0,0,20,190.54,190.54,0.0,1907.432294,0.0
2019-01-25,0,0,21,0.0,0.0,0.0,0.0,0.0
2019-01-25,0,0,22,0.0,0.0,0.0,0.0,0.0
2019-01-25,0,0,23,45.03,45.03,0.0,364.813228,0.0
2019-01-25,0,0,24,79.67,79.67,0.0,645.451252,0.0
2019-01-25,0,0,29,0.0,0.0,0.0,0.0,0.0
2019-01-25,0,0,30,0.0,0.0,0.0,0.0,0.0
2019-01-25,0,0,31,10.49,10.49,0.0,84.879511,0.0
2019-01-25,0,0,32,0.0,0.0,0.0,0.0,0.0
2019-01-25,0,0,33,0.0,0.0,0.0,0.0,0.0
2019-01-25,0,0,34,0.0,0.0,0.0,0.0,0.0
2019-01-25,0,0,35,0.0,0.0,0.0,0.0,0.0
2019-01-25,0,0,36,0.0,0.0,0.0,0.0,0.0
2019-01-25,0,0,37,0.0,0.0,0.0,0.0,0.0
2019-01-25,0,0,38,0.0,0.0,0.0,0.0,0.0
2019-01-25,0,0,39,0.0,0.0,0.0,0.0,0.0
2019-01-25,0,0,40,0.0,0.0,0.0,0.0,0.0
2019-01-25,0,0,41,17.23,17.23,0.0,149.071034,0.0
2019-01-25,0,0,42,0.0,0.0,0.0,0.0,0.0
2019-01-25,0,0,43,0.0,0.0,0.0,0.0,0.0
2019-01-25,0,0,46,0.0,0.0,0.0,0.0,0.0
2019-01-25,0,0,52,11.12,11.12,0.0,89.977137,0.0
2019-01-25,0,0,53,17.66,17.66,0.0,142.895345,0.0
2019-01-25,0,0,55,198.03,198.03,0.0,1604.351844,0.0
2019-01-25,0,0,56,0.0,0.0,0.0,0.0,0.0
2019-01-25,0,0,57,0.0,0.0,0.0,0.0,0.0
2019-01-25,0,0,58,0.0,0.0,0.0,0.0,0.0
2019-01-25,0,0,59,0.0,0.0,0.0,0.0,0.0
2019-01-25,0,0,63,84.64,84.64,0.0,1147.272893,0.0
2019-01-25,0,0,64,99.57,99.57,0.0,1349.645108,0.0
2019-01-25,0,0,65,3.66,3.66,0.0,36.574011,0.0
2019-01-25,0,0,67,0.0,0.0,0.0,0.0,0.0
2019-01-25,0,0,68,3.48,3.48,0.0,27.33892,0.0
2019-01-25,0,0,69,0.0,0.0,0.0,0.0,0.0
2019-01-25,0,0,74,14.14,14.14,0.0,134.429242,0.0
2019-01-25,0,0,77,102.44,102.44,0.0,731.107942,0.0
2019-01-25,0,0,78,77.45,77.45,0.0,552.755858,0.0
2019-01-25,0,0,79,44.82,44.82,0.0,319.877567,0.0
2019-01-25,0,0,80,72.48,72.48,0.0,517.285276,0.0
2019-01-25,0,0,81,94.76,94.76,0.0,676.296257,0.0
2019-01-25,0,0,82,66.84,66.84,0.0,477.032945,0.0
2019-01-25,0,0,83,149.05,149.05,0.0,1063.760628,0.0
2019-01-25,0,0,84,0.0,0.0,0.0,0.0,0.0
2019-01-25,0,0,86,0.0,0.0,0.0,0.0,0.0
2019-01-25,0,0,87,0.0,0.0,0.0,0.0,0.0
2019-01-25,0,0,88,89.41,89.41,0.0,638.113638,0.0
2019-01-25,0,0,89,85.95,85.95,0.0,613.419832,0.0
2019-01-25,0,0,90,115.41,115.41,0.0,823.674029,0.0
2019-01-25,0,0,91,411.69,411.69,0.0,2938.206058,0.0
2019-01-25,0,0,92,148.06,148.06,0.0,1056.695059,0.0
2019-01-25,0,0,95,51.04,51.04,0.0,687.318712,0.0
2019-01-25,0,0,96,9.29,9.29,0.0,75.071781,0.0
2019-01-25,0,0,97,57.12,57.12,0.0,461.58236,0.0
2019-01-25,0,0,99,2.73,2.73,0.0,25.954161,0.0
2019-01-25,0,0,101,0.0,0.0,0.0,0.0,0.0
2019-01-25,0,0,102,8.23,8.23,0.0,64.654974,0.0
2019-01-25,0,0,103,7.16,7.16,0.0,56.249041,0.0
2019-01-25,0,0,104,1.33,1.33,0.0,10.448495,0.0
2019-01-25,0,0,106,0.0,0.0,0.0,0.0,0.0
2019-01-25,0,0,109,43.86,43.86,0.0,392.755882,0.0
2019-01-25,0,0,110,28.05,28.05,0.0,327.637842,0.0
2019-01-25,0,0,111,0.0,0.0,0.0,0.0,0.0
2019-01-25,0,0,113,52.3,52.3,0.0,352.118514,0.0
2019-01-25,0,0,115,52.3,52.3,0.0,352.118514,0.0
2019-01-25,0,0,116,0.0,0.0,0.0,0.0,0.0
2019-01-25,0,0,117,3.49,3.49,0.0,23.49701,0.0
2019-01-25,0,0,119,99.57,99.57,0.0,1349.645108,0.0
2019-01-25,0,0,120,58.55,58.55,0.0,793.629819,0.0
2019-01-25,0,0,123,0.0,0.0,0.0,0.0,0.0
2019-01-25,0,0,125,72.1,72.1,0.0,584.122446,0.0
2019-01-25,0,0,126,0.0,0.0,0.0,0.0,0.0
2019-01-25,0,0,127,0.0,0.0,0.0,0.0,0.0
2019-01-25,0,0,128,103.27,103.27,0.0,836.648058,0.0
2019-01-25,0,0,131,12.89,12.89,0.0,98.023013,0.0
2019-01-25,0,0,132,18.94,18.94,0.0,144.030712,0.0
2019-01-25,0,0,133,17.19,17.19,0.0,172.112123,0.0
2019-01-25,0,0,134,0.0,0.0,0.0,0.0,0.0
2019-01-25,0,0,135,23.03,23.03,0.0,230.584188,0.0
2019-01-25,0,0,136,7.19,7.19,0.0,71.841931,0.0
2019-01-25,0,0,139,22.25,22.25,0.0,192.503222,0.0
2019-01-25,0,0,140,20.76,20.76,0.0,242.487045,0.0
2019-01-25,0,0,141,74.84,74.84,0.0,658.402245,0.0
2019-01-25,0,0,142,0.0,0.0,0.0,0.0,0.0
2019-01-25,0,0,143,43.1,43.1,0.0,348.742321,0.0
2019-01-25,0,0,145,9.55,9.55,0.0,80.338152,0.0
2019-01-25,0,0,146,33.57,33.57,0.0,392.114166,0.0
2019-01-25,0,0,152,0.0,0.0,0.0,0.0,0.0
2019-01-25,0,0,153,0.0,0.0,0.0,0.0,0.0
2019-01-25,0,0,154,0.0,0.0,0.0,0.0,0.0
2019-01-25,0,0,157,64.31,64.31,0.0,565.764944,0.0
2019-01-25,0,0,158,0.0,0.0,0.0,0.0,0.0
2019-01-25,0,0,159,0.0,0.0,0.0,0.0,0.0
2019-01-25,0,0,160,0.0,0.0,0.0,0.0,0.0
2019-01-25,0,0,161,0.0,0.0,0.0,0.0,0.0
2019-01-25,0,0,162,14.58,14.58,0.0,196.392114,0.0
2019-01-25,0,0,163,60.84,60.84,0.0,710.641224,0.0
2019-01-25,0,0,164,0.0,0.0,0.0,0.0,0.0
2019-01-25,0,0,167,0.0,0.0,0.0,0.0,0.0
2019-01-25,0,0,168,0.0,0.0,0.0,0.0,0.0
2019-01-25,0,0,169,0.0,0.0,0.0,0.0,0.0
2019-01-25,0,0,170,0.0,0.0,0.0,0.0,0.0
2019-01-25,0,0,172,0.0,0.0,0.0,0.0,0.0
2019-01-25,0,0,173,0.0,0.0,0.0,0.0,0.0
2019-01-25,0,0,188,0.0,0.0,0.0,0.0,0.0
2019-01-25,0,0,190,0.0,0.0,0.0,0.0,0.0
2019-01-25,0,0,191,0.0,0.0,0.0,0.0,0.0
2019-01-25,0,0,192,66.96,66.96,0.0,907.625152,0.0
2019-01-25,0,0,194,134.48,134.48,0.0,760.444167,0.0
2019-01-25,0,0,196,0.0,0.0,0.0,0.0,0.0
2019-01-25,0,0,198,0.0,0.0,0.0,0.0,0.0
2019-01-25,0,0,199,9.42,9.42,0.0,76.837952,0.0
2019-01-25,0,0,200,0.0,0.0,0.0,0.0,0.0
2019-01-25,0,0,204,168.19,168.19,0.0,1497.532159,0.0
2019-01-25,0,0,205,232.03,232.03,0.0,2077.773539,0.0
2019-01-25,0,0,206,167.84,167.84,0.0,1356.302228,0.0
2019-01-25,0,0,210,0.0,0.0,0.0,0.0,0.0
2019-01-25,0,0,214,0.0,0.0,0.0,0.0,0.0
2019-01-25,0,0,217,0.0,0.0,0.0,0.0,0.0
2019-01-25,0,0,218,0.0,0.0,0.0,0.0,0.0
2019-01-25,0,0,219,0.0,0.0,0.0,0.0,0.0
2019-01-25,0,0,221,0.0,0.0,0.0,0.0,0.0
2019-01-25,0,0,225,0.0,0.0,0.0,0.0,0.0
2019-01-25,0,0,233,0.0,0.0,0.0,0.0,0.0
2019-01-25,0,0,236,20.68,20.68,0.0,201.94816,0.0
2019-01-25,0,0,237,33.93,33.93,0.0,322.573138,0.0
2019-01-25,0,0,238,0.0,0.0,0.0,0.0,0.0
2019-01-25,0,0,240,0.0,0.0,0.0,0.0,0.0
2019-01-25,0,0,245,29.02,29.02,0.0,292.405523,0.0
2019-01-25,0,0,247,17.22,17.22,0.0,173.508722,0.0
2019-01-25,0,0,248,3.41,3.41,0.0,32.418933,0.0
2019-01-25,0,0,249,54.37,54.37,0.0,547.832125,0.0
2019-01-25,0,0,251,28.86,28.86,0.0,287.553212,0.0
2019-01-25,0,0,252,23.6,23.6,0.0,235.832418,0.0
2019-01-25,0,0,254,0.0,0.0,0.0,0.0,0.0
2019-01-25,0,0,255,0.0,0.0,0.0,0.0,0.0
2019-01-25,0,0,258,0.0,0.0,0.0,0.0,0.0
2019-01-25,0,0,260,0.0,0.0,0.0,0.0,0.0
2019-01-25,0,0,265,0.0,0.0,0.0,0.0,0.0
2019-01-25,0,0,266,14.41,14.41,0.0,124.672873,0.0
2019-01-25,0,0,267,17.71,17.71,0.0,153.223913,0.0
2019-01-25,0,0,270,189.99,189.99,0.0,2219.176957,0.0
2019-01-25,0,0,272,174.8,174.8,0.0,1176.870293,0.0
2019-01-25,0,0,273,0.0,0.0,0.0,0.0,0.0
2019-01-25,0,0,274,244.92,244.92,0.0,2860.786465,0.0
2019-01-25,0,0,275,340.93,340.93,0.0,3982.230644,0.0
2019-01-25,0,0,276,0.0,0.0,0.0,0.0,0.0
2019-01-25,0,0,277,0.0,0.0,0.0,0.0,0.0
2019-01-25,0,0,278,0.0,0.0,0.0,0.0,0.0
2019-01-25,0,0,279,101.94,101.94,0.0,702.850424,0.0
2019-01-25,0,0,281,4.71,4.71,0.0,38.11082,0.0
2019-01-25,0,0,282,0.0,0.0,0.0,0.0,0.0
2019-01-25,1,0,9,0.0,0.0,0.0,0.0,0.0
2019-01-25,1,0,17,0.0,0.0,0.0,0.0,0.0
2019-01-25,1,0,19,175.9,175.9,0.0,1854.121407,0.0
2019-01-25,1,0,20,213.33,213.33,0.0,2248.66242,0.0
2019-01-25,1,0,21,0.0,0.0,0.0,0.0,0.0
2019-01-25,1,0,22,0.0,0.0,0.0,0.0,0.0
2019-01-25,1,0,23,44.24,44.24,0.0,368.830298,0.0
2019-01-25,1,0,24,78.27,78.27,0.0,652.539499,0.0
2019-01-25,1,0,29,0.0,0.0,0.0,0.0,0.0
2019-01-25,1,0,30,0.0,0.0,0.0,0.0,0.0
2019-01-25,1,0,31,25.34,25.34,0.0,210.960394,0.0
2019-01-25,1,0,32,0.0,0.0,0.0,0.0,0.0
2019-01-25,1,0,33,0.0,0.0,0.0,0.0,0.0
2019-01-25,1,0,34,0.0,0.0,0.0,0.0,0.0
2019-01-25,1,0,35,0.0,0.0,0.0,0.0,0.0
2019-01-25,1,0,36,0.0,0.0,0.0,0.0,0.0
2019-01-25,1,0,37,0.0,0.0,0.0,0.0,0.0
2019-01-25,1,0,38,0.0,0.0,0.0,0.0,0.0
2019-01-25,1,0,39,0.0,0.0,0.0,0.0,0.0
2019-01-25,1,0,40,0.0,0.0,0.0,0.0,0.0
2019-01-25,1,0,41,19.96,19.96,0.0,179.237701,0.0
2019-01-25,1,0,42,0.0,0.0,0.0,0.0,0.0
2019-01-25,1,0,43,0.0,0.0,0.0,0.0,0.0
2019-01-25,1,0,46,0.0,0.0,0.0,0.0,0.0
2019-01-25,1,0,52,26.98,26.98,0.0,224.613711,0.0
2019-01-25,1,0,53,44.1,44.1,0.0,367.141017,0.0
2019-01-25,1,0,55,167.39,167.39,0.0,1395.535797,0.0
2019-01-25,1,0,56,0.0,0.0,0.0,0.0,0.0
2019-01-25,1,0,57,0.0,0.0,0.0,0.0,0.0
2019-01-25,1,0,58,0.0,0.0,0.0,0.0,0.0
2019-01-25,1,0,59,0.0,0.0,0.0,0.0,0.0
2019-01-25,1,0,63,72.24,72.24,0.0,1096.597299,0.0
2019-01-25,1,0,64,84.99,84.99,0.0,1290.141258,0.0
2019-01-25,1,0,65,3.33,3.33,0.0,35.033807,0.0
2019-01-25,1,0,67,0.0,0.0,0.0,0.0,0.0
2019-01-25,1,0,68,3.09,3.09,0.0,25.03611,0.0
2019-01-25,1,0,69,0.0,0.0,0.0,0.0,0.0
2019-01-25,1,0,74,15.29,15.29,0.0,152.432812,0.0
2019-01-25,1,0,77,94.84,94.84,0.0,683.288578,0.0
2019-01-25,1,0,78,71.7,71.7,0.0,516.573081,0.0
2019-01-25,1,0,79,41.49,41.49,0.0,298.920741,0.0
2019-01-25,1,0,80,67.1,67.1,0.0,483.431712,0.0
2019-01-25,1,0,81,87.73,87.73,0.0,632.063548,0.0
2019-01-25,1,0,82,61.88,61.88,0.0,445.823463,0.0
2019-01-25,1,0,83,137.99,137.99,0.0,994.16903,0.0
2019-01-25,1,0,84,0.0,0.0,0.0,0.0,0.0
2019-01-25,1,0,86,0.0,0.0,0.0,0.0,0.0
2019-01-25,1,0,87,0.0,0.0,0.0,0.0,0.0
2019-01-25,1,0,88,82.07,82.07,0.0,591.285255,0.0
2019-01-25,1,0,89,78.89,78.89,0.0,568.374482,0.0
2019-01-25,1,0,90,105.93,105.93,0.0,763.188096,0.0
2019-01-25,1,0,91,377.86,377.86,0.0,2722.347343,0.0
2019-01-25,1,0,92,135.89,135.89,0.0,979.039275,0.0
2019-01-25,1,0,95,71.48,71.48,0.0,1077.479414,0.0
2019-01-25,1,0,96,8.61,8.61,0.0,71.573383,0.0
2019-01-25,1,0,97,52.95,52.95,0.0,440.163835,0.0
2019-01-25,1,0,99,2.95,2.95,0.0,29.409862,0.0
2019-01-25,1,0,101,0.0,0.0,0.0,0.0,0.0
2019-01-25,1,0,102,7.3,7.3,0.0,59.146796,0.0
2019-01-25,1,0,103,6.35,6.35,0.0,51.449611,0.0
2019-01-25,1,0,104,1.18,1.18,0.0,9.560715,0.0
2019-01-25,1,0,106,0.0,0.0,0.0,0.0,0.0
2019-01-25,1,0,109,53.27,53.27,0.0,497.557235,0.0
2019-01-25,1,0,110,35.03,35.03,0.0,450.243712,0.0
2019-01-25,1,0,111,0.0,0.0,0.0,0.0,0.0
2019-01-25,1,0,113,25.63,25.63,0.0,172.156028,0.0
2019-01-25,1,0,115,25.63,25.63,0.0,172.156028,0.0
2019-01-25,1,0,116,0.0,0.0,0.0,0.0,0.0
2019-01-25,1,0,117,1.75,1.75,0.0,11.754703,0.0
2019-01-25,1,0,119,84.99,84.99,0.0,1290.141258,0.0
2019-01-25,1,0,120,49.97,49.97,0.0,758.540518,0.0
2019-01-25,1,0,123,0.0,0.0,0.0,0.0,0.0
2019-01-25,1,0,125,70.83,70.83,0.0,590.511981,0.0
2019-01-25,1,0,126,0.0,0.0,0.0,0.0,0.0
2019-01-25,1,0,127,0.0,0.0,0.0,0.0,0.0
2019-01-25,1,0,128,101.45,101.45,0.0,845.791903,0.0
2019-01-25,1,0,131,11.94,11.94,0.0,93.012236,0.0
2019-01-25,1,0,132,17.55,17.55,0.0,136.713965,0.0
2019-01-25,1,0,133,19.48,19.48,0.0,205.371098,0.0
2019-01-25,1,0,134,0.0,0.0,0.0,0.0,0.0
2019-01-25,1,0,135,26.11,26.11,0.0,275.268962,0.0
2019-01-25,1,0,136,6.75,6.75,0.0,71.007023,0.0
2019-01-25,1,0,139,25.78,25.78,0.0,231.500398,0.0
2019-01-25,1,0,140,25.92,25.92,0.0,333.15207,0.0
2019-01-25,1,0,141,70.39,70.39,0.0,652.640458,0.0
2019-01-25,1,0,142,0.0,0.0,0.0,0.0,0.0
2019-01-25,1,0,143,82.96,82.96,0.0,690.658023,0.0
2019-01-25,1,0,145,9.29,9.29,0.0,80.84595,0.0
2019-01-25,1,0,146,45.7,45.7,0.0,587.386173,0.0
2019-01-25,1,0,152,0.0,0.0,0.0,0.0,0.0
2019-01-25,1,0,153,0.0,0.0,0.0,0.0,0.0
2019-01-25,1,0,154,0.0,0.0,0.0,0.0,0.0
2019-01-25,1,0,157,63.78,63.78,0.0,591.354005,0.0
2019-01-25,1,0,158,0.0,0.0,0.0,0.0,0.0
2019-01-25,1,0,159,0.0,0.0,0.0,0.0,0.0
2019-01-25,1,0,160,0.0,0.0,0.0,0.0,0.0
2019-01-25,1,0,161,0.0,0.0,0.0,0.0,0.0
2019-01-25,1,0,162,14.3,14.3,0.0,215.620697,0.0
2019-01-25,1,0,163,51.26,51.26,0.0,658.849349,0.0
2019-01-25,1,0,164,0.0,0.0,0.0,0.0,0.0
2019-01-25,1,0,167,0.0,0.0,0.0,0.0,0.0
2019-01-25,1,0,168,0.0,0.0,0.0,0.0,0.0
2019-01-25,1,0,169,0.0,0.0,0.0,0.0,0.0
2019-01-25,1,0,170,0.0,0.0,0.0,0.0,0.0
2019-01-25,1,0,172,0.0,0.0,0.0,0.0,0.0
2019-01-25,1,0,173,0.0,0.0,0.0,0.0,0.0
2019-01-25,1,0,188,0.0,0.0,0.0,0.0,0.0
2019-01-25,1,0,190,0.0,0.0,0.0,0.0,0.0
2019-01-25,1,0,191,0.0,0.0,0.0,0.0,0.0
2019-01-25,1,0,192,61.53,61.53,0.0,934.020374,0.0
2019-01-25,1,0,194,132.4,132.4,0.0,713.829391,0.0
2019-01-25,1,0,196,0.0,0.0,0.0,0.0,0.0
2019-01-25,1,0,198,0.0,0.0,0.0,0.0,0.0
2019-01-25,1,0,199,25.24,25.24,0.0,215.719091,0.0
2019-01-25,1,0,200,0.0,0.0,0.0,0.0,0.0
2019-01-25,1,0,204,224.68,224.68,0.0,2085.430513,0.0
2019-01-25,1,0,205,281.81,281.81,0.0,2632.187053,0.0
2019-01-25,1,0,206,155.6,155.6,0.0,1293.474839,0.0
2019-01-25,1,0,210,0.0,0.0,0.0,0.0,0.0
2019-01-25,1,0,214,0.0,0.0,0.0,0.0,0.0
2019-01-25,1,0,217,0.0,0.0,0.0,0.0,0.0
2019-01-25,1,0,218,0.0,0.0,0.0,0.0,0.0
2019-01-25,1,0,219,0.0,0.0,0.0,0.0,0.0
2019-01-25,1,0,221,0.0,0.0,0.0,0.0,0.0
2019-01-25,1,0,225,0.0,0.0,0.0,0.0,0.0
2019-01-25,1,0,233,0.0,0.0,0.0,0.0,0.0
2019-01-25,1,0,236,19.78,19.78,0.0,203.009825,0.0
2019-01-25,1,0,237,36.69,36.69,0.0,365.778931,0.0
2019-01-25,1,0,238,0.0,0.0,0.0,0.0,0.0
2019-01-25,1,0,240,0.0,0.0,0.0,0.0,0.0
2019-01-25,1,0,245,14.77,14.77,0.0,156.779256,0.0
2019-01-25,1,0,247,19.5,19.5,0.0,206.986831,0.0
2019-01-25,1,0,248,3.68,3.68,0.0,36.687557,0.0
2019-01-25,1,0,249,28.4,28.4,0.0,301.457744,0.0
2019-01-25,1,0,251,26.34,26.34,0.0,276.244709,0.0
2019-01-25,1,0,252,21.5,21.5,0.0,226.194249,0.0
2019-01-25,1,0,254,0.0,0.0,0.0,0.0,0.0
2019-01-25,1,0,255,0.0,0.0,0.0,0.0,0.0
2019-01-25,1,0,258,0.0,0.0,0.0,0.0,0.0
2019-01-25,1,0,260,0.0,0.0,0.0,0.0,0.0
2019-01-25,1,0,265,0.0,0.0,0.0,0.0,0.0
2019-01-25,1,0,266,16.69,16.69,0.0,149.873609,0.0
2019-01-25,1,0,267,20.51,20.51,0.0,184.176616,0.0
2019-01-25,1,0,270,160.1,160.1,0.0,2057.77957,0.0
2019-01-25,1,0,272,85.49,85.49,0.0,574.234057,0.0
2019-01-25,1,0,273,0.0,0.0,0.0,0.0,0.0
2019-01-25,1,0,274,206.38,206.38,0.0,2652.620535,0.0
2019-01-25,1,0,275,287.29,287.29,0.0,3692.563976,0.0
2019-01-25,1,0,276,0.0,0.0,0.0,0.0,0.0
2019-01-25,1,0,277,0.0,0.0,0.0,0.0,0.0
2019-01-25,1,0,278,0.0,0.0,0.0,0.0,0.0
2019-01-25,1,0,279,83.78,83.78,0.0,579.128329,0.0
2019-01-25,1,0,281,10.46,10.46,0.0,87.08152,0.0
2019-01-25,1,0,282,0.0,0.0,0.0,0.0,0.0
2019-01-25,2,0,9,0.0,0.0,0.0,0.0,0.0
2019-01-25,2,0,17,0.0,0.0,0.0,0.0,0.0
2019-01-25,2,0,19,204.92,204.92,0.0,2188.139667,0.0
2019-01-25,2,0,20,248.53,248.53,0.0,2653.808079,0.0
2019-01-25,2,0,21,0.0,0.0,0.0,0.0,0.0
2019-01-25,2,0,22,0.0,0.0,0.0,0.0,0.0
2019-01-25,2,0,23,49.19,49.19,0.0,392.528474,0.0
2019-01-25,2,0,24,87.03,87.03,0.0,694.48573,0.0
2019-01-25,2,0,29,0.0,0.0,0.0,0.0,0.0
2019-01-25,2,0,30,0.0,0.0,0.0,0.0,0.0
2019-01-25,2,0,31,11.0,11.0,0.0,87.619476,0.0
2019-01-25,2,0,32,0.0,0.0,0.0,0.0,0.0
2019-01-25,2,0,33,0.0,0.0,0.0,0.0,0.0
2019-01-25,2,0,34,0.0,0.0,0.0,0.0,0.0
2019-01-25,2,0,35,0.0,0.0,0.0,0.0,0.0
2019-01-25,2,0,36,0.0,0.0,0.0,0.0,0.0
2019-01-25,2,0,37,0.0,0.0,0.0,0.0,0.0
2019-01-25,2,0,38,0.0,0.0,0.0,0.0,0.0
2019-01-25,2,0,39,0.0,0.0,0.0,0.0,0.0
2019-01-25,2,0,40,0.0,0.0,0.0,0.0,0.0
2019-01-25,2,0,41,11.8,11.8,0.0,103.421378,0.0
2019-01-25,2,0,42,0.0,0.0,0.0,0.0,0.0
2019-01-25,2,0,43,0.0,0.0,0.0,0.0,0.0
2019-01-25,2,0,46,0.0,0.0,0.0,0.0,0.0
2019-01-25,2,0,52,11.66,11.66,0.0,92.876645,0.0
2019-01-25,2,0,53,18.52,18.52,0.0,147.519336,0.0
2019-01-25,2,0,55,199.36,199.36,0.0,1590.861486,0.0
2019-01-25,2,0,56,0.0,0.0,0.0,0.0,0.0
2019-01-25,2,0,57,0.0,0.0,0.0,0.0,0.0
2019-01-25,2,0,58,0.0,0.0,0.0,0.0,0.0
2019-01-25,2,0,59,0.0,0.0,0.0,0.0,0.0
2019-01-25,2,0,63,57.76,57.76,0.0,935.050289,0.0
2019-01-25,2,0,64,67.96,67.96,0.0,1100.173436,0.0
2019-01-25,2,0,65,3.35,3.35,0.0,35.688476,0.0
2019-01-25,2,0,67,0.0,0.0,0.0,0.0,0.0
2019-01-25,2,0,68,3.08,3.08,0.0,23.646345,0.0
2019-01-25,2,0,69,0.0,0.0,0.0,0.0,0.0
2019-01-25,2,0,74,14.82,14.82,0.0,147.83546,0.0
2019-01-25,2,0,77,100.31,100.31,0.0,661.969023,0.0
2019-01-25,2,0,78,75.83,75.83,0.0,500.419809,0.0
2019-01-25,2,0,79,43.88,43.88,0.0,289.574327,0.0
2019-01-25,2,0,80,70.97,70.97,0.0,468.347538,0.0
2019-01-25,2,0,81,92.78,92.78,0.0,612.276801,0.0
2019-01-25,2,0,82,65.45,65.45,0.0,431.919774,0.0
2019-01-25,2,0,83,145.95,145.95,0.0,963.157999,0.0
2019-01-25,2,0,84,0.0,0.0,0.0,0.0,0.0
2019-01-25,2,0,86,0.0,0.0,0.0,0.0,0.0
2019-01-25,2,0,87,0.0,0.0,0.0,0.0,0.0
2019-01-25,2,0,88,84.56,84.56,0.0,558.031109,0.0
2019-01-25,2,0,89,81.28,81.28,0.0,536.385626,0.0
2019-01-25,2,0,90,109.14,109.14,0.0,720.240247,0.0
2019-01-25,2,0,91,389.32,389.32,0.0,2569.213239,0.0
2019-01-25,2,0,92,140.02,140.02,0.0,924.02455,0.0
2019-01-25,2,0,95,24.24,24.24,0.0,389.292183,0.0
2019-01-25,2,0,96,8.37,8.37,0.0,66.544177,0.0
2019-01-25,2,0,97,51.44,51.44,0.0,408.964454,0.0
2019-01-25,2,0,99,2.86,2.86,0.0,28.52965,0.0
2019-01-25,2,0,101,0.0,0.0,0.0,0.0,0.0
2019-01-25,2,0,102,7.29,7.29,0.0,55.968135,0.0
2019-01-25,2,0,103,6.34,6.34,0.0,48.67462,0.0
2019-01-25,2,0,104,1.18,1.18,0.0,9.059314,0.0
2019-01-25,2,0,106,0.0,0.0,0.0,0.0,0.0
2019-01-25,2,0,109,50.4,50.4,0.0,463.806596,0.0
2019-01-25,2,0,110,32.59,32.59,0.0,436.385386,0.0
2019-01-25,2,0,111,0.0,0.0,0.0,0.0,0.0
2019-01-25,2,0,113,26.28,26.28,0.0,157.90709,0.0
2019-01-25,2,0,115,26.28,26.28,0.0,157.90709,0.0
2019-01-25,2,0,116,0.0,0.0,0.0,0.0,0.0
2019-01-25,2,0,117,1.4,1.4,0.0,8.412098,0.0
2019-01-25,2,0,119,67.96,67.96,0.0,1100.173436,0.0
2019-01-25,2,0,120,39.96,39.96,0.0,646.89421,0.0
2019-01-25,2,0,123,0.0,0.0,0.0,0.0,0.0
2019-01-25,2,0,125,78.76,78.76,0.0,628.492429,0.0
2019-01-25,2,0,126,0.0,0.0,0.0,0.0,0.0
2019-01-25,2,0,127,0.0,0.0,0.0,0.0,0.0
2019-01-25,2,0,128,112.8,112.8,0.0,900.126282,0.0
2019-01-25,2,0,131,12.81,12.81,0.0,93.536178,0.0
2019-01-25,2,0,132,18.83,18.83,0.0,137.49307,0.0
2019-01-25,2,0,133,25.04,25.04,0.0,267.435969,0.0
2019-01-25,2,0,134,0.0,0.0,0.0,0.0,0.0
2019-01-25,2,0,135,33.56,33.56,0.0,358.432553,0.0
2019-01-25,2,0,136,6.4,6.4,0.0,68.172276,0.0
2019-01-25,2,0,139,15.24,15.24,0.0,133.571339,0.0
2019-01-25,2,0,140,24.12,24.12,0.0,322.970712,0.0
2019-01-25,2,0,141,73.94,73.94,0.0,671.646554,0.0
2019-01-25,2,0,142,0.0,0.0,0.0,0.0,0.0
2019-01-25,2,0,143,45.75,45.75,0.0,364.417366,0.0
2019-01-25,2,0,145,9.06,9.06,0.0,76.332434,0.0
2019-01-25,2,0,146,44.01,44.01,0.0,589.301038,0.0
2019-01-25,2,0,152,0.0,0.0,0.0,0.0,0.0
2019-01-25,2,0,153,0.0,0.0,0.0,0.0,0.0
2019-01-25,2,0,154,0.0,0.0,0.0,0.0,0.0
2019-01-25,2,0,157,51.0,51.0,0.0,463.267166,0.0
2019-01-25,2,0,158,0.0,0.0,0.0,0.0,0.0
2019-01-25,2,0,159,0.0,0.0,0.0,0.0,0.0
2019-01-25,2,0,160,0.0,0.0,0.0,0.0,0.0
2019-01-25,2,0,161,0.0,0.0,0.0,0.0,0.0
2019-01-25,2,0,162,11.98,11.98,0.0,192.462952,0.0
2019-01-25,2,0,163,45.14,45.14,0.0,604.431921,0.0
2019-01-25,2,0,164,0.0,0.0,0.0,0.0,0.0
2019-01-25,2,0,167,0.0,0.0,0.0,0.0,0.0
2019-01-25,2,0,168,0.0,0.0,0.0,0.0,0.0
2019-01-25,2,0,169,0.0,0.0,0.0,0.0,0.0
2019-01-25,2,0,170,0.0,0.0,0.0,0.0,0.0
2019-01-25,2,0,172,0.0,0.0,0.0,0.0,0.0
2019-01-25,2,0,173,0.0,0.0,0.0,0.0,0.0
2019-01-25,2,0,188,0.0,0.0,0.0,0.0,0.0
2019-01-25,2,0,190,0.0,0.0,0.0,0.0,0.0
2019-01-25,2,0,191,0.0,0.0,0.0,0.0,0.0
2019-01-25,2,0,192,54.01,54.01,0.0,874.34325,0.0
2019-01-25,2,0,194,117.88,117.88,0.0,519.949083,0.0
2019-01-25,2,0,196,0.0,0.0,0.0,0.0,0.0
2019-01-25,2,0,198,0.0,0.0,0.0,0.0,0.0
2019-01-25,2,0,199,10.56,10.56,0.0,86.502109,0.0
2019-01-25,2,0,200,0.0,0.0,0.0,0.0,0.0
2019-01-25,2,0,204,208.8,208.8,0.0,1906.507168,0.0
2019-01-25,2,0,205,247.41,247.41,0.0,2276.793453,0.0
2019-01-25,2,0,206,151.16,151.16,0.0,1201.770351,0.0
2019-01-25,2,0,210,0.0,0.0,0.0,0.0,0.0
2019-01-25,2,0,214,0.0,0.0,0.0,0.0,0.0
2019-01-25,2,0,217,0.0,0.0,0.0,0.0,0.0
2019-01-25,2,0,218,0.0,0.0,0.0,0.0,0.0
2019-01-25,2,0,219,0.0,0.0,0.0,0.0,0.0
2019-01-25,2,0,221,0.0,0.0,0.0,0.0,0.0
2019-01-25,2,0,225,0.0,0.0,0.0,0.0,0.0
2019-01-25,2,0,233,0.0,0.0,0.0,0.0,0.0
2019-01-25,2,0,236,21.04,21.04,0.0,217.482579,0.0
2019-01-25,2,0,237,35.56,35.56,0.0,354.7253,0.0
2019-01-25,2,0,238,0.0,0.0,0.0,0.0,0.0
2019-01-25,2,0,240,0.0,0.0,0.0,0.0,0.0
2019-01-25,2,0,245,16.92,16.92,0.0,182.211561,0.0
2019-01-25,2,0,247,22.49,22.49,0.0,242.194917,0.0
2019-01-25,2,0,248,3.57,3.57,0.0,35.612186,0.0
2019-01-25,2,0,249,32.54,32.54,0.0,350.423415,0.0
2019-01-25,2,0,251,26.89,26.89,0.0,285.374247,0.0
2019-01-25,2,0,252,21.59,21.59,0.0,230.004239,0.0
2019-01-25,2,0,254,0.0,0.0,0.0,0.0,0.0
2019-01-25,2,0,255,0.0,0.0,0.0,0.0,0.0
2019-01-25,2,0,258,0.0,0.0,0.0,0.0,0.0
2019-01-25,2,0,260,0.0,0.0,0.0,0.0,0.0
2019-01-25,2,0,265,0.0,0.0,0.0,0.0,0.0
2019-01-25,2,0,266,9.87,9.87,0.0,86.505847,0.0
2019-01-25,2,0,267,12.13,12.13,0.0,106.31367,0.0
2019-01-25,2,0,270,140.97,140.97,0.0,1887.611163,0.0
2019-01-25,2,0,272,113.35,113.35,0.0,681.079479,0.0
2019-01-25,2,0,273,0.0,0.0,0.0,0.0,0.0
2019-01-25,2,0,274,181.73,181.73,0.0,2433.394174,0.0
2019-01-25,2,0,275,252.97,252.97,0.0,3387.309328,0.0
2019-01-25,2,0,276,0.0,0.0,0.0,0.0,0.0
2019-01-25,2,0,277,0.0,0.0,0.0,0.0,0.0
2019-01-25,2,0,278,0.0,0.0,0.0,0.0,0.0
2019-01-25,2,0,279,75.76,75.76,0.0,473.15293,0.0
2019-01-25,2,0,281,4.94,4.94,0.0,39.34911,0.0
2019-01-25,2,0,282,0.0,0.0,0.0,0.0,0.0
2019-01-25,3,0,9,0.0,0.0,0.0,0.0,0.0
2019-01-25,3,0,17,0.0,0.0,0.0,0.0,0.0
2019-01-25,3,0,19,238.41,238.41,0.0,3055.500179,0.0
2019-01-25,3,0,20,289.15,289.15,0.0,3705.792025,0.0
2019-01-25,3,0,21,0.0,0.0,0.0,0.0,0.0
2019-01-25,3,0,22,0.0,0.0,0.0,0.0,0.0
2019-01-25,3,0,23,54.89,54.89,0.0,524.375839,0.0
2019-01-25,3,0,24,97.12,97.12,0.0,927.808006,0.0
2019-01-25,3,0,29,0.0,0.0,0.0,0.0,0.0
2019-01-25,3,0,30,0.0,0.0,0.0,0.0,0.0
2019-01-25,3,0,31,10.72,10.72,0.0,102.234693,0.0
2019-01-25,3,0,32,0.0,0.0,0.0,0.0,0.0
2019-01-25,3,0,33,0.0,0.0,0.0,0.0,0.0
2019-01-25,3,0,34,0.0,0.0,0.0,0.0,0.0
2019-01-25,3,0,35,0.0,0.0,0.0,0.0,0.0
2019-01-25,3,0,36,0.0,0.0,0.0,0.0,0.0
2019-01-25,3,0,37,0.0,0.0,0.0,0.0,0.0
2019-01-25,3,0,38,0.0,0.0,0.0,0.0,0.0
2019-01-25,3,0,39,0.0,0.0,0.0,0.0,0.0
2019-01-25,3,0,40,0.0,0.0,0.0,0.0,0.0
2019-01-25,3,0,41,9.61,9.61,0.0,100.518382,0.0
2019-01-25,3,0,42,0.0,0.0,0.0,0.0,0.0
2019-01-25,3,0,43,0.0,0.0,0.0,0.0,0.0
2019-01-25,3,0,46,0.0,0.0,0.0,0.0,0.0
2019-01-25,3,0,52,11.36,11.36,0.0,108.338257,0.0
2019-01-25,3,0,53,18.05,18.05,0.0,172.139572,0.0
2019-01-25,3,0,55,200.62,200.62,0.0,1916.565509,0.0
2019-01-25,3,0,56,0.0,0.0,0.0,0.0,0.0
2019-01-25,3,0,57,0.0,0.0,0.0,0.0,0.0
2019-01-25,3,0,58,0.0,0.0,0.0,0.0,0.0
2019-01-25,3,0,59,0.0,0.0,0.0,0.0,0.0
2019-01-25,3,0,63,46.33,46.33,0.0,769.410423,0.0
2019-01-25,3,0,64,54.5,54.5,0.0,905.091044,0.0
2019-01-25,3,0,65,3.41,3.41,0.0,43.593446,0.0
2019-01-25,3,0,67,0.0,0.0,0.0,0.0,0.0
2019-01-25,3,0,68,3.11,3.11,0.0,27.796247,0.0
2019-01-25,3,0,69,0.0,0.0,0.0,0.0,0.0
2019-01-25,3,0,74,14.37,14.37,0.0,171.155094,0.0
2019-01-25,3,0,77,108.0,108.0,0.0,862.779321,0.0
2019-01-25,3,0,78,81.65,81.65,0.0,652.277144,0.0
2019-01-25,3,0,79,47.25,47.25,0.0,377.465953,0.0
2019-01-25,3,0,80,76.41,76.41,0.0,610.41637,0.0
2019-01-25,3,0,81,99.9,99.9,0.0,798.070872,0.0
2019-01-25,3,0,82,70.47,70.47,0.0,562.963507,0.0
2019-01-25,3,0,83,157.14,157.14,0.0,1255.343913,0.0
2019-01-25,3,0,84,0.0,0.0,0.0,0.0,0.0
2019-01-25,3,0,86,0.0,0.0,0.0,0.0,0.0
2019-01-25,3,0,87,0.0,0.0,0.0,0.0,0.0
2019-01-25,3,0,88,88.5,88.5,0.0,706.999722,0.0
2019-01-25,3,0,89,85.08,85.08,0.0,679.678376,0.0
2019-01-25,3,0,90,114.24,114.24,0.0,912.628793,0.0
2019-01-25,3,0,91,407.5,407.5,0.0,3255.394199,0.0
2019-01-25,3,0,92,146.56,146.56,0.0,1170.823494,0.0
2019-01-25,3,0,95,20.42,20.42,0.0,336.419859,0.0
2019-01-25,3,0,96,8.41,8.41,0.0,80.06055,0.0
2019-01-25,3,0,97,51.71,51.71,0.0,492.262905,0.0
2019-01-25,3,0,99,2.77,2.77,0.0,32.992318,0.0
2019-01-25,3,0,101,0.0,0.0,0.0,0.0,0.0
2019-01-25,3,0,102,7.37,7.37,0.0,65.87085,0.0
2019-01-25,3,0,103,6.41,6.41,0.0,57.290658,0.0
2019-01-25,3,0,104,1.19,1.19,0.0,10.635863,0.0
2019-01-25,3,0,106,0.0,0.0,0.0,0.0,0.0
2019-01-25,3,0,109,51.91,51.91,0.0,567.355104,0.0
2019-01-25,3,0,110,37.93,37.93,0.0,534.073528,0.0
2019-01-25,3,0,111,0.0,0.0,0.0,0.0,0.0
2019-01-25,3,0,113,21.2,21.2,0.0,156.5865,0.0
2019-01-25,3,0,115,21.2,21.2,0.0,156.5865,0.0
2019-01-25,3,0,116,0.0,0.0,0.0,0.0,0.0
2019-01-25,3,0,117,1.09,1.09,0.0,8.05091,0.0
2019-01-25,3,0,119,54.5,54.5,0.0,905.091044,0.0
2019-01-25,3,0,120,32.05,32.05,0.0,532.259963,0.0
2019-01-25,3,0,123,0.0,0.0,0.0,0.0,0.0
2019-01-25,3,0,125,87.89,87.89,0.0,839.631854,0.0
2019-01-25,3,0,126,0.0,0.0,0.0,0.0,0.0
2019-01-25,3,0,127,0.0,0.0,0.0,0.0,0.0
2019-01-25,3,0,128,125.88,125.88,0.0,1202.5584,0.0
2019-01-25,3,0,131,13.87,13.87,0.0,119.276403,0.0
2019-01-25,3,0,132,20.38,20.38,0.0,175.259777,0.0
2019-01-25,3,0,133,18.0,18.0,0.0,230.745373,0.0
2019-01-25,3,0,134,0.0,0.0,0.0,0.0,0.0
2019-01-25,3,0,135,24.08,24.08,0.0,308.686032,0.0
2019-01-25,3,0,136,6.1,6.1,0.0,77.971642,0.0
2019-01-25,3,0,139,12.41,12.41,0.0,129.805735,0.0
2019-01-25,3,0,140,28.08,28.08,0.0,395.380561,0.0
2019-01-25,3,0,141,77.24,77.24,0.0,788.13208,0.0
2019-01-25,3,0,142,0.0,0.0,0.0,0.0,0.0
2019-01-25,3,0,143,23.79,23.79,0.0,226.88091,0.0
2019-01-25,3,0,145,9.28,9.28,0.0,93.308342,0.0
2019-01-25,3,0,146,46.24,46.24,0.0,651.082519,0.0
2019-01-25,3,0,152,0.0,0.0,0.0,0.0,0.0
2019-01-25,3,0,153,0.0,0.0,0.0,0.0,0.0
2019-01-25,3,0,154,0.0,0.0,0.0,0.0,0.0
2019-01-25,3,0,157,42.19,42.19,0.0,430.49317,0.0
2019-01-25,3,0,158,0.0,0.0,0.0,0.0,0.0
2019-01-25,3,0,159,0.0,0.0,0.0,0.0,0.0
2019-01-25,3,0,160,0.0,0.0,0.0,0.0,0.0
2019-01-25,3,0,161,0.0,0.0,0.0,0.0,0.0
2019-01-25,3,0,162,10.17,10.17,0.0,167.603972,0.0
2019-01-25,3,0,163,40.79,40.79,0.0,574.34377,0.0
2019-01-25,3,0,164,0.0,0.0,0.0,0.0,0.0
2019-01-25,3,0,167,0.0,0.0,0.0,0.0,0.0
2019-01-25,3,0,168,0.0,0.0,0.0,0.0,0.0
2019-01-25,3,0,169,0.0,0.0,0.0,0.0,0.0
2019-01-25,3,0,170,0.0,0.0,0.0,0.0,0.0
2019-01-25,3,0,172,0.0,0.0,0.0,0.0,0.0
2019-01-25,3,0,173,0.0,0.0,0.0,0.0,0.0
2019-01-25,3,0,188,0.0,0.0,0.0,0.0,0.0
2019-01-25,3,0,190,0.0,0.0,0.0,0.0,0.0
2019-01-25,3,0,191,0.0,0.0,0.0,0.0,0.0
2019-01-25,3,0,192,48.2,48.2,0.0,800.465841,0.0
2019-01-25,3,0,194,107.14,107.14,0.0,630.158632,0.0
2019-01-25,3,0,196,0.0,0.0,0.0,0.0,0.0
2019-01-25,3,0,198,0.0,0.0,0.0,0.0,0.0
2019-01-25,3,0,199,10.92,10.92,0.0,98.171918,0.0
2019-01-25,3,0,200,0.0,0.0,0.0,0.0,0.0
2019-01-25,3,0,204,202.88,202.88,0.0,2199.453183,0.0
2019-01-25,3,0,205,274.6,274.6,0.0,3001.265877,0.0
2019-01-25,3,0,206,151.96,151.96,0.0,1446.611315,0.0
2019-01-25,3,0,210,0.0,0.0,0.0,0.0,0.0
2019-01-25,3,0,214,0.0,0.0,0.0,0.0,0.0
2019-01-25,3,0,217,0.0,0.0,0.0,0.0,0.0
2019-01-25,3,0,218,0.0,0.0,0.0,0.0,0.0
2019-01-25,3,0,219,0.0,0.0,0.0,0.0,0.0
2019-01-25,3,0,221,0.0,0.0,0.0,0.0,0.0
2019-01-25,3,0,225,0.0,0.0,0.0,0.0,0.0
2019-01-25,3,0,233,0.0,0.0,0.0,0.0,0.0
2019-01-25,3,0,236,22.47,22.47,0.0,277.983271,0.0
2019-01-25,3,0,237,34.47,34.47,0.0,410.557835,0.0
2019-01-25,3,0,238,0.0,0.0,0.0,0.0,0.0
2019-01-25,3,0,240,0.0,0.0,0.0,0.0,0.0
2019-01-25,3,0,245,19.58,19.58,0.0,253.255651,0.0
2019-01-25,3,0,247,25.64,25.64,0.0,331.638146,0.0
2019-01-25,3,0,248,3.46,3.46,0.0,41.210621,0.0
2019-01-25,3,0,249,37.65,37.65,0.0,486.980351,0.0
2019-01-25,3,0,251,28.01,28.01,0.0,356.601103,0.0
2019-01-25,3,0,252,22.02,22.02,0.0,281.503718,0.0
2019-01-25,3,0,254,0.0,0.0,0.0,0.0,0.0
2019-01-25,3,0,255,0.0,0.0,0.0,0.0,0.0
2019-01-25,3,0,258,0.0,0.0,0.0,0.0,0.0
2019-01-25,3,0,260,0.0,0.0,0.0,0.0,0.0
2019-01-25,3,0,265,0.0,0.0,0.0,0.0,0.0
2019-01-25,3,0,266,8.03,8.03,0.0,83.991946,0.0
2019-01-25,3,0,267,9.87,9.87,0.0,103.237922,0.0
2019-01-25,3,0,270,127.39,127.39,0.0,1793.715442,0.0
2019-01-25,3,0,272,86.58,86.58,0.0,639.493358,0.0
2019-01-25,3,0,273,0.0,0.0,0.0,0.0,0.0
2019-01-25,3,0,274,164.22,164.22,0.0,2312.300416,0.0
2019-01-25,3,0,275,228.6,228.6,0.0,3218.803282,0.0
2019-01-25,3,0,276,0.0,0.0,0.0,0.0,0.0
2019-01-25,3,0,277,0.0,0.0,0.0,0.0,0.0
2019-01-25,3,0,278,0.0,0.0,0.0,0.0,0.0
2019-01-25,3,0,279,69.68,69.68,0.0,531.499835,0.0
2019-01-25,3,0,281,4.81,4.81,0.0,45.872097,0.0
2019-01-25,3,0,282,0.0,0.0,0.0,0.0,0.0
2019-01-25,4,0,9,0.0,0.0,0.0,0.0,0.0
2019-01-25,4,0,17,0.0,0.0,0.0,0.0,0.0
2019-01-25,4,0,19,278.31,278.31,0.0,2898.955476,0.0
2019-01-25,4,0,20,337.54,337.54,0.0,3515.911865,0.0
2019-01-25,4,0,21,0.0,0.0,0.0,0.0,0.0
2019-01-25,4,0,22,0.0,0.0,0.0,0.0,0.0
2019-01-25,4,0,23,55.64,55.64,0.0,443.558296,0.0
2019-01-25,4,0,24,91.95,91.95,0.0,733.019147,0.0
2019-01-25,4,0,29,0.0,0.0,0.0,0.0,0.0
2019-01-25,4,0,30,0.0,0.0,0.0,0.0,0.0
2019-01-25,4,0,31,10.58,10.58,0.0,84.200011,0.0
2019-01-25,4,0,32,0.0,0.0,0.0,0.0,0.0
2019-01-25,4,0,33,0.0,0.0,0.0,0.0,0.0
2019-01-25,4,0,34,0.0,0.0,0.0,0.0,0.0
2019-01-25,4,0,35,0.0,0.0,0.0,0.0,0.0
2019-01-25,4,0,36,0.0,0.0,0.0,0.0,0.0
2019-01-25,4,0,37,0.0,0.0,0.0,0.0,0.0
2019-01-25,4,0,38,0.0,0.0,0.0,0.0,0.0
2019-01-25,4,0,39,0.0,0.0,0.0,0.0,0.0
2019-01-25,4,0,40,0.0,0.0,0.0,0.0,0.0
2019-01-25,4,0,41,12.27,12.27,0.0,106.75342,0.0
2019-01-25,4,0,42,0.0,0.0,0.0,0.0,0.0
2019-01-25,4,0,43,0.0,0.0,0.0,0.0,0.0
2019-01-25,4,0,46,0.0,0.0,0.0,0.0,0.0
2019-01-25,4,0,52,11.21,11.21,0.0,89.213811,0.0
2019-01-25,4,0,53,17.82,17.82,0.0,141.818922,0.0
2019-01-25,4,0,55,203.36,203.36,0.0,1621.17209,0.0
2019-01-25,4,0,56,0.0,0.0,0.0,0.0,0.0
2019-01-25,4,0,57,0.0,0.0,0.0,0.0,0.0
2019-01-25,4,0,58,0.0,0.0,0.0,0.0,0.0
2019-01-25,4,0,59,0.0,0.0,0.0,0.0,0.0
2019-01-25,4,0,63,37.55,37.55,0.0,626.035607,0.0
2019-01-25,4,0,64,44.17,44.17,0.0,736.404601,0.0
2019-01-25,4,0,65,3.49,3.49,0.0,36.277829,0.0
2019-01-25,4,0,67,0.0,0.0,0.0,0.0,0.0
2019-01-25,4,0,68,3.2,3.2,0.0,24.99273,0.0
2019-01-25,4,0,69,0.0,0.0,0.0,0.0,0.0
2019-01-25,4,0,74,14.18,14.18,0.0,139.005577,0.0
2019-01-25,4,0,77,117.5,117.5,0.0,784.622498,0.0
2019-01-25,4,0,78,88.83,88.83,0.0,593.174608,0.0
2019-01-25,4,0,79,51.41,51.41,0.0,343.297384,0.0
2019-01-25,4,0,80,83.13,83.13,0.0,555.11207,0.0
2019-01-25,4,0,81,108.69,108.69,0.0,725.792505,0.0
2019-01-25,4,0,82,76.67,76.67,0.0,511.974527,0.0
2019-01-25,4,0,83,170.97,170.97,0.0,1141.675817,0.0
2019-01-25,4,0,84,0.0,0.0,0.0,0.0,0.0
2019-01-25,4,0,86,0.0,0.0,0.0,0.0,0.0
2019-01-25,4,0,87,0.0,0.0,0.0,0.0,0.0
2019-01-25,4,0,88,94.34,94.34,0.0,629.968395,0.0
2019-01-25,4,0,89,90.69,90.69,0.0,605.595016,0.0
2019-01-25,4,0,90,121.77,121.77,0.0,813.136013,0.0
2019-01-25,4,0,91,434.4,434.4,0.0,2900.766069,0.0
2019-01-25,4,0,92,156.23,156.23,0.0,1043.247428,0.0
2019-01-25,4,0,95,40.56,40.56,0.0,671.122805,0.0
2019-01-25,4,0,96,8.63,8.63,0.0,68.559176,0.0
2019-01-25,4,0,97,53.09,53.09,0.0,421.762068,0.0
2019-01-25,4,0,99,2.74,2.74,0.0,26.860034,0.0
2019-01-25,4,0,101,0.0,0.0,0.0,0.0,0.0
2019-01-25,4,0,102,7.57,7.57,0.0,59.123426,0.0
2019-01-25,4,0,103,6.58,6.58,0.0,51.391301,0.0
2019-01-25,4,0,104,1.22,1.22,0.0,9.528478,0.0
2019-01-25,4,0,106,0.0,0.0,0.0,0.0,0.0
2019-01-25,4,0,109,54.51,54.51,0.0,497.237748,0.0
2019-01-25,4,0,110,51.89,51.89,0.0,714.025738,0.0
2019-01-25,4,0,111,0.0,0.0,0.0,0.0,0.0
2019-01-25,4,0,113,11.76,11.76,0.0,71.667414,0.0
2019-01-25,4,0,115,11.76,11.76,0.0,71.667414,0.0
2019-01-25,4,0,116,0.0,0.0,0.0,0.0,0.0
2019-01-25,4,0,117,0.78,0.78,0.0,4.753451,0.0
2019-01-25,4,0,119,44.17,44.17,0.0,736.404601,0.0
2019-01-25,4,0,120,25.97,25.97,0.0,432.973228,0.0
2019-01-25,4,0,123,0.0,0.0,0.0,0.0,0.0
2019-01-25,4,0,125,84.37,84.37,0.0,672.591902,0.0
2019-01-25,4,0,126,0.0,0.0,0.0,0.0,0.0
2019-01-25,4,0,127,0.0,0.0,0.0,0.0,0.0
2019-01-25,4,0,128,114.58,114.58,0.0,913.423968,0.0
2019-01-25,4,0,131,15.19,15.19,0.0,112.695329,0.0
2019-01-25,4,0,132,22.32,22.32,0.0,165.593137,0.0
2019-01-25,4,0,133,32.11,32.11,0.0,334.531827,0.0
2019-01-25,4,0,134,0.0,0.0,0.0,0.0,0.0
2019-01-25,4,0,135,44.3,44.3,0.0,461.530985,0.0
2019-01-25,4,0,136,5.91,5.91,0.0,61.426258,0.0
2019-01-25,4,0,139,15.84,15.84,0.0,137.813706,0.0
2019-01-25,4,0,140,38.4,38.4,0.0,528.398311,0.0
2019-01-25,4,0,141,81.16,81.16,0.0,752.754508,0.0
2019-01-25,4,0,142,0.0,0.0,0.0,0.0,0.0
2019-01-25,4,0,143,23.28,23.28,0.0,185.271858,0.0
2019-01-25,4,0,145,9.85,9.85,0.0,82.648942,0.0
2019-01-25,4,0,146,51.85,51.85,0.0,713.475323,0.0
2019-01-25,4,0,152,0.0,0.0,0.0,0.0,0.0
2019-01-25,4,0,153,0.0,0.0,0.0,0.0,0.0
2019-01-25,4,0,154,0.0,0.0,0.0,0.0,0.0
2019-01-25,4,0,157,36.49,36.49,0.0,338.442731,0.0
2019-01-25,4,0,158,0.0,0.0,0.0,0.0,0.0
2019-01-25,4,0,159,0.0,0.0,0.0,0.0,0.0
2019-01-25,4,0,160,0.0,0.0,0.0,0.0,0.0
2019-01-25,4,0,161,0.0,0.0,0.0,0.0,0.0
2019-01-25,4,0,162,8.72,8.72,0.0,144.33286,0.0
2019-01-25,4,0,163,37.65,37.65,0.0,518.078031,0.0
2019-01-25,4,0,164,0.0,0.0,0.0,0.0,0.0
2019-01-25,4,0,167,0.0,0.0,0.0,0.0,0.0
2019-01-25,4,0,168,0.0,0.0,0.0,0.0,0.0
2019-01-25,4,0,169,0.0,0.0,0.0,0.0,0.0
2019-01-25,4,0,170,0.0,0.0,0.0,0.0,0.0
2019-01-25,4,0,172,0.0,0.0,0.0,0.0,0.0
2019-01-25,4,0,173,0.0,0.0,0.0,0.0,0.0
2019-01-25,4,0,188,0.0,0.0,0.0,0.0,0.0
2019-01-25,4,0,190,0.0,0.0,0.0,0.0,0.0
2019-01-25,4,0,191,0.0,0.0,0.0,0.0,0.0
2019-01-25,4,0,192,44.47,44.47,0.0,741.406217,0.0
2019-01-25,4,0,194,99.14,99.14,0.0,442.115865,0.0
2019-01-25,4,0,196,0.0,0.0,0.0,0.0,0.0
2019-01-25,4,0,198,0.0,0.0,0.0,0.0,0.0
2019-01-25,4,0,199,11.4,11.4,0.0,96.897838,0.0
2019-01-25,4,0,200,0.0,0.0,0.0,0.0,0.0
2019-01-25,4,0,204,204.33,204.33,0.0,1850.754601,0.0
2019-01-25,4,0,205,288.36,288.36,0.0,2630.406845,0.0
2019-01-25,4,0,206,156.01,156.01,0.0,1239.387837,0.0
2019-01-25,4,0,210,0.0,0.0,0.0,0.0,0.0
2019-01-25,4,0,214,0.0,0.0,0.0,0.0,0.0
2019-01-25,4,0,217,0.0,0.0,0.0,0.0,0.0
2019-01-25,4,0,218,0.0,0.0,0.0,0.0,0.0
2019-01-25,4,0,219,0.0,0.0,0.0,0.0,0.0
2019-01-25,4,0,221,0.0,0.0,0.0,0.0,0.0
2019-01-25,4,0,225,0.0,0.0,0.0,0.0,0.0
2019-01-25,4,0,233,0.0,0.0,0.0,0.0,0.0
2019-01-25,4,0,236,24.14,24.14,0.0,244.303282,0.0
2019-01-25,4,0,237,34.02,34.02,0.0,333.49575,0.0
2019-01-25,4,0,238,0.0,0.0,0.0,0.0,0.0
2019-01-25,4,0,240,0.0,0.0,0.0,0.0,0.0
2019-01-25,4,0,245,22.62,22.62,0.0,237.403732,0.0
2019-01-25,4,0,247,29.32,29.32,0.0,307.722256,0.0
2019-01-25,4,0,248,3.42,3.42,0.0,33.526028,0.0
2019-01-25,4,0,249,43.51,43.51,0.0,456.650592,0.0
2019-01-25,4,0,251,29.48,29.48,0.0,305.398436,0.0
2019-01-25,4,0,252,22.54,22.54,0.0,234.298646,0.0
2019-01-25,4,0,254,0.0,0.0,0.0,0.0,0.0
2019-01-25,4,0,255,0.0,0.0,0.0,0.0,0.0
2019-01-25,4,0,258,0.0,0.0,0.0,0.0,0.0
2019-01-25,4,0,260,0.0,0.0,0.0,0.0,0.0
2019-01-25,4,0,265,0.0,0.0,0.0,0.0,0.0
2019-01-25,4,0,266,10.26,10.26,0.0,89.265696,0.0
2019-01-25,4,0,267,12.6,12.6,0.0,109.624539,0.0
2019-01-25,4,0,270,117.58,117.58,0.0,1617.944619,0.0
2019-01-25,4,0,272,39.31,39.31,0.0,239.561738,0.0
2019-01-25,4,0,273,0.0,0.0,0.0,0.0,0.0
2019-01-25,4,0,274,151.57,151.57,0.0,2085.659687,0.0
2019-01-25,4,0,275,210.99,210.99,0.0,2903.301031,0.0
2019-01-25,4,0,276,0.0,0.0,0.0,0.0,0.0
2019-01-25,4,0,277,0.0,0.0,0.0,0.0,0.0
2019-01-25,4,0,278,0.0,0.0,0.0,0.0,0.0
2019-01-25,4,0,279,65.18,65.18,0.0,412.464943,0.0
2019-01-25,4,0,281,4.75,4.75,0.0,37.802462,0.0
2019-01-25,4,0,282,0.0,0.0,0.0,0.0,0.0
2019-01-25,5,0,9,0.0,0.0,0.0,0.0,0.0
2019-01-25,5,0,17,0.0,0.0,0.0,0.0,0.0
2019-01-25,5,0,19,300.85,300.85,0.0,3954.746254,0.0
2019-01-25,5,0,20,364.88,364.88,0.0,4796.436142,0.0
2019-01-25,5,0,21,0.0,0.0,0.0,0.0,0.0
2019-01-25,5,0,22,0.0,0.0,0.0,0.0,0.0
2019-01-25,5,0,23,31.8,31.8,0.0,634.171168,0.0
2019-01-25,5,0,24,56.26,56.26,0.0,1121.964463,0.0
2019-01-25,5,0,29,0.0,0.0,0.0,0.0,0.0
2019-01-25,5,0,30,0.0,0.0,0.0,0.0,0.0
2019-01-25,5,0,31,8.82,8.82,0.0,176.275575,0.0
2019-01-25,5,0,32,0.0,0.0,0.0,0.0,0.0
2019-01-25,5,0,33,0.0,0.0,0.0,0.0,0.0
2019-01-25,5,0,34,0.0,0.0,0.0,0.0,0.0
2019-01-25,5,0,35,0.0,0.0,0.0,0.0,0.0
2019-01-25,5,0,36,0.0,0.0,0.0,0.0,0.0
2019-01-25,5,0,37,0.0,0.0,0.0,0.0,0.0
2019-01-25,5,0,38,0.0,0.0,0.0,0.0,0.0
2019-01-25,5,0,39,0.0,0.0,0.0,0.0,0.0
2019-01-25,5,0,40,0.0,0.0,0.0,0.0,0.0
2019-01-25,5,0,41,14.15,14.15,0.0,250.248522,0.0
2019-01-25,5,0,42,0.0,0.0,0.0,0.0,0.0
2019-01-25,5,0,43,0.0,0.0,0.0,0.0,0.0
2019-01-25,5,0,46,0.0,0.0,0.0,0.0,0.0
2019-01-25,5,0,52,9.35,9.35,0.0,186.868098,0.0
2019-01-25,5,0,53,14.85,14.85,0.0,296.790509,0.0
2019-01-25,5,0,55,95.86,95.86,0.0,1911.687049,0.0
2019-01-25,5,0,56,0.0,0.0,0.0,0.0,0.0
2019-01-25,5,0,57,0.0,0.0,0.0,0.0,0.0
2019-01-25,5,0,58,0.0,0.0,0.0,0.0,0.0
2019-01-25,5,0,59,0.0,0.0,0.0,0.0,0.0
2019-01-25,5,0,63,21.79,21.79,0.0,592.450925,0.0
2019-01-25,5,0,64,25.63,25.63,0.0,696.857146,0.0
2019-01-25,5,0,65,3.78,3.78,0.0,49.86875,0.0
2019-01-25,5,0,67,0.0,0.0,0.0,0.0,0.0
2019-01-25,5,0,68,1.35,1.35,0.0,33.375323,0.0
2019-01-25,5,0,69,0.0,0.0,0.0,0.0,0.0
2019-01-25,5,0,74,13.18,13.18,0.0,191.709981,0.0
2019-01-25,5,0,77,56.16,56.16,0.0,1354.338322,0.0
2019-01-25,5,0,78,42.46,42.46,0.0,1023.953083,0.0
2019-01-25,5,0,79,24.57,24.57,0.0,592.523016,0.0
2019-01-25,5,0,80,39.73,39.73,0.0,958.117193,0.0
2019-01-25,5,0,81,51.95,51.95,0.0,1252.811179,0.0
2019-01-25,5,0,82,36.65,36.65,0.0,883.840803,0.0
2019-01-25,5,0,83,81.71,81.71,0.0,1970.494735,0.0
2019-01-25,5,0,84,0.0,0.0,0.0,0.0,0.0
2019-01-25,5,0,86,0.0,0.0,0.0,0.0,0.0
2019-01-25,5,0,87,0.0,0.0,0.0,0.0,0.0
2019-01-25,5,0,88,46.88,46.88,0.0,1130.544525,0.0
2019-01-25,5,0,89,45.06,45.06,0.0,1086.653931,0.0
2019-01-25,5,0,90,60.51,60.51,0.0,1459.241664,0.0
2019-01-25,5,0,91,215.84,215.84,0.0,5205.135033,0.0
2019-01-25,5,0,92,77.63,77.63,0.0,1872.102634,0.0
2019-01-25,5,0,95,9.72,9.72,0.0,271.586115,0.0
2019-01-25,5,0,96,4.29,4.29,0.0,85.934078,0.0
2019-01-25,5,0,97,26.36,26.36,0.0,528.023845,0.0
2019-01-25,5,0,99,2.54,2.54,0.0,36.945626,0.0
2019-01-25,5,0,101,0.0,0.0,0.0,0.0,0.0
2019-01-25,5,0,102,3.19,3.19,0.0,78.864652,0.0
2019-01-25,5,0,103,2.77,2.77,0.0,68.481218,0.0
2019-01-25,5,0,104,0.52,0.52,0.0,12.85568,0.0
2019-01-25,5,0,106,0.0,0.0,0.0,0.0,0.0
2019-01-25,5,0,109,44.02,44.02,0.0,712.512482,0.0
2019-01-25,5,0,110,64.84,64.84,0.0,1706.352869,0.0
2019-01-25,5,0,111,0.0,0.0,0.0,0.0,0.0
2019-01-25,5,0,113,15.22,15.22,0.0,379.825779,0.0
2019-01-25,5,0,115,15.22,15.22,0.0,379.825779,0.0
2019-01-25,5,0,116,0.0,0.0,0.0,0.0,0.0
2019-01-25,5,0,117,0.73,0.73,0.0,18.217662,0.0
2019-01-25,5,0,119,25.63,25.63,0.0,696.857146,0.0
2019-01-25,5,0,120,15.07,15.07,0.0,409.740038,0.0
2019-01-25,5,0,123,0.0,0.0,0.0,0.0,0.0
2019-01-25,5,0,125,50.91,50.91,0.0,1015.272144,0.0
2019-01-25,5,0,126,0.0,0.0,0.0,0.0,0.0
2019-01-25,5,0,127,0.0,0.0,0.0,0.0,0.0
2019-01-25,5,0,128,72.92,72.92,0.0,1454.206339,0.0
2019-01-25,5,0,131,6.25,6.25,0.0,153.860459,0.0
2019-01-25,5,0,132,9.19,9.19,0.0,226.236419,0.0
2019-01-25,5,0,133,15.47,15.47,0.0,203.287602,0.0
2019-01-25,5,0,134,0.0,0.0,0.0,0.0,0.0
2019-01-25,5,0,135,22.05,22.05,0.0,289.753822,0.0
2019-01-25,5,0,136,6.91,6.91,0.0,91.180222,0.0
2019-01-25,5,0,139,18.27,18.27,0.0,323.112403,0.0
2019-01-25,5,0,140,47.99,47.99,0.0,1262.922181,0.0
2019-01-25,5,0,141,42.6,42.6,0.0,1069.891483,0.0
2019-01-25,5,0,142,0.0,0.0,0.0,0.0,0.0
2019-01-25,5,0,143,34.76,34.76,0.0,694.709637,0.0
2019-01-25,5,0,145,6.25,6.25,0.0,116.097124,0.0
2019-01-25,5,0,146,74.23,74.23,0.0,1953.463502,0.0
2019-01-25,5,0,152,0.0,0.0,0.0,0.0,0.0
2019-01-25,5,0,153,0.0,0.0,0.0,0.0,0.0
2019-01-25,5,0,154,0.0,0.0,0.0,0.0,0.0
2019-01-25,5,0,157,38.01,38.01,0.0,954.614443,0.0
2019-01-25,5,0,158,0.0,0.0,0.0,0.0,0.0
2019-01-25,5,0,159,0.0,0.0,0.0,0.0,0.0
2019-01-25,5,0,160,0.0,0.0,0.0,0.0,0.0
2019-01-25,5,0,161,0.0,0.0,0.0,0.0,0.0
2019-01-25,5,0,162,5.57,5.57,0.0,155.556014,0.0
2019-01-25,5,0,163,21.42,21.42,0.0,563.69646,0.0
2019-01-25,5,0,164,0.0,0.0,0.0,0.0,0.0
2019-01-25,5,0,167,0.0,0.0,0.0,0.0,0.0
2019-01-25,5,0,168,0.0,0.0,0.0,0.0,0.0
2019-01-25,5,0,169,0.0,0.0,0.0,0.0,0.0
2019-01-25,5,0,170,0.0,0.0,0.0,0.0,0.0
2019-01-25,5,0,172,0.0,0.0,0.0,0.0,0.0
2019-01-25,5,0,173,0.0,0.0,0.0,0.0,0.0
2019-01-25,5,0,188,0.0,0.0,0.0,0.0,0.0
2019-01-25,5,0,190,0.0,0.0,0.0,0.0,0.0
2019-01-25,5,0,191,0.0,0.0,0.0,0.0,0.0
2019-01-25,5,0,192,26.39,26.39,0.0,717.520877,0.0
2019-01-25,5,0,194,54.64,54.64,0.0,1390.443936,0.0
2019-01-25,5,0,196,0.0,0.0,0.0,0.0,0.0
2019-01-25,5,0,198,0.0,0.0,0.0,0.0,0.0
2019-01-25,5,0,199,8.25,8.25,0.0,124.374569,0.0
2019-01-25,5,0,200,0.0,0.0,0.0,0.0,0.0
2019-01-25,5,0,204,163.52,163.52,0.0,2674.468639,0.0
2019-01-25,5,0,205,232.85,232.85,0.0,3768.935288,0.0
2019-01-25,5,0,206,77.45,77.45,0.0,1551.420593,0.0
2019-01-25,5,0,210,0.0,0.0,0.0,0.0,0.0
2019-01-25,5,0,214,0.0,0.0,0.0,0.0,0.0
2019-01-25,5,0,217,0.0,0.0,0.0,0.0,0.0
2019-01-25,5,0,218,0.0,0.0,0.0,0.0,0.0
2019-01-25,5,0,219,0.0,0.0,0.0,0.0,0.0
2019-01-25,5,0,221,0.0,0.0,0.0,0.0,0.0
2019-01-25,5,0,225,0.0,0.0,0.0,0.0,0.0
2019-01-25,5,0,233,0.0,0.0,0.0,0.0,0.0
2019-01-25,5,0,236,23.44,23.44,0.0,323.321847,0.0
2019-01-25,5,0,237,31.62,31.62,0.0,459.929408,0.0
2019-01-25,5,0,238,0.0,0.0,0.0,0.0,0.0
2019-01-25,5,0,240,0.0,0.0,0.0,0.0,0.0
2019-01-25,5,0,245,23.05,23.05,0.0,298.967577,0.0
2019-01-25,5,0,247,27.82,27.82,0.0,360.836356,0.0
2019-01-25,5,0,248,3.17,3.17,0.0,46.109305,0.0
2019-01-25,5,0,249,44.33,44.33,0.0,574.977557,0.0
2019-01-25,5,0,251,27.42,27.42,0.0,363.886905,0.0
2019-01-25,5,0,252,24.37,24.37,0.0,321.508314,0.0
2019-01-25,5,0,254,0.0,0.0,0.0,0.0,0.0
2019-01-25,5,0,255,0.0,0.0,0.0,0.0,0.0
2019-01-25,5,0,258,0.0,0.0,0.0,0.0,0.0
2019-01-25,5,0,260,0.0,0.0,0.0,0.0,0.0
2019-01-25,5,0,265,0.0,0.0,0.0,0.0,0.0
2019-01-25,5,0,266,11.83,11.83,0.0,209.218376,0.0
2019-01-25,5,0,267,14.54,14.54,0.0,257.145831,0.0
2019-01-25,5,0,270,66.88,66.88,0.0,1760.038246,0.0
2019-01-25,5,0,272,52.33,52.33,0.0,1305.931866,0.0
2019-01-25,5,0,273,0.0,0.0,0.0,0.0,0.0
2019-01-25,5,0,274,86.22,86.22,0.0,2268.996675,0.0
2019-01-25,5,0,275,120.02,120.02,0.0,3158.489688,0.0
2019-01-25,5,0,276,0.0,0.0,0.0,0.0,0.0
2019-01-25,5,0,277,0.0,0.0,0.0,0.0,0.0
2019-01-25,5,0,278,0.0,0.0,0.0,0.0,0.0
2019-01-25,5,0,279,31.79,31.79,0.0,782.635968,0.0
2019-01-25,5,0,281,3.96,3.96,0.0,79.144136,0.0
2019-01-25,5,0,282,0.0,0.0,0.0,0.0,0.0
2019-01-25,6,0,9,0.0,0.0,0.0,0.0,0.0
2019-01-25,6,0,17,0.0,0.0,0.0,0.0,0.0
2019-01-25,6,0,19,325.34,325.34,0.0,6750.837784,0.0
2019-01-25,6,0,20,394.57,394.57,0.0,8187.367261,0.0
2019-01-25,6,0,21,0.0,0.0,0.0,0.0,0.0
2019-01-25,6,0,22,0.0,0.0,0.0,0.0,0.0
2019-01-25,6,0,23,18.21,18.21,0.0,335.93603,0.0
2019-01-25,6,0,24,32.22,32.22,0.0,594.390934,0.0
2019-01-25,6,0,29,0.0,0.0,0.0,0.0,0.0
2019-01-25,6,0,30,0.0,0.0,0.0,0.0,0.0
2019-01-25,6,0,31,7.42,7.42,0.0,136.836229,0.0
2019-01-25,6,0,32,0.0,0.0,0.0,0.0,0.0
2019-01-25,6,0,33,0.0,0.0,0.0,0.0,0.0
2019-01-25,6,0,34,0.0,0.0,0.0,0.0,0.0
2019-01-25,6,0,35,0.0,0.0,0.0,0.0,0.0
2019-01-25,6,0,36,0.0,0.0,0.0,0.0,0.0
2019-01-25,6,0,37,0.0,0.0,0.0,0.0,0.0
2019-01-25,6,0,38,0.0,0.0,0.0,0.0,0.0
2019-01-25,6,0,39,0.0,0.0,0.0,0.0,0.0
2019-01-25,6,0,40,0.0,0.0,0.0,0.0,0.0
2019-01-25,6,0,41,17.29,17.29,0.0,326.427625,0.0
2019-01-25,6,0,42,0.0,0.0,0.0,0.0,0.0
2019-01-25,6,0,43,0.0,0.0,0.0,0.0,0.0
2019-01-25,6,0,46,0.0,0.0,0.0,0.0,0.0
2019-01-25,6,0,52,7.87,7.87,0.0,145.134922,0.0
2019-01-25,6,0,53,12.49,12.49,0.0,230.334838,0.0
2019-01-25,6,0,55,25.76,25.76,0.0,475.217581,0.0
2019-01-25,6,0,56,0.0,0.0,0.0,0.0,0.0
2019-01-25,6,0,57,0.0,0.0,0.0,0.0,0.0
2019-01-25,6,0,58,0.0,0.0,0.0,0.0,0.0
2019-01-25,6,0,59,0.0,0.0,0.0,0.0,0.0
2019-01-25,6,0,63,23.32,23.32,0.0,756.210632,0.0
2019-01-25,6,0,64,27.44,27.44,0.0,889.812167,0.0
2019-01-25,6,0,65,4.09,4.09,0.0,84.730261,0.0
2019-01-25,6,0,67,0.0,0.0,0.0,0.0,0.0
2019-01-25,6,0,68,0.75,0.75,0.0,14.702649,0.0
2019-01-25,6,0,69,0.0,0.0,0.0,0.0,0.0
2019-01-25,6,0,74,12.61,12.61,0.0,250.142677,0.0
2019-01-25,6,0,77,39.05,39.05,0.0,697.423886,0.0
2019-01-25,6,0,78,29.52,29.52,0.0,527.22031,0.0
2019-01-25,6,0,79,17.08,17.08,0.0,305.044813,0.0
2019-01-25,6,0,80,27.63,27.63,0.0,493.465351,0.0
2019-01-25,6,0,81,36.12,36.12,0.0,645.094769,0.0
2019-01-25,6,0,82,25.48,25.48,0.0,455.066853,0.0
2019-01-25,6,0,83,56.81,56.81,0.0,1014.61334,0.0
2019-01-25,6,0,84,0.0,0.0,0.0,0.0,0.0
2019-01-25,6,0,86,0.0,0.0,0.0,0.0,0.0
2019-01-25,6,0,87,0.0,0.0,0.0,0.0,0.0
2019-01-25,6,0,88,34.84,34.84,0.0,622.234268,0.0
2019-01-25,6,0,89,33.5,33.5,0.0,598.302181,0.0
2019-01-25,6,0,90,44.98,44.98,0.0,803.332302,0.0
2019-01-25,6,0,91,160.44,160.44,0.0,2865.420953,0.0
2019-01-25,6,0,92,57.7,57.7,0.0,1030.508533,0.0
2019-01-25,6,0,95,5.72,5.72,0.0,128.298093,0.0
2019-01-25,6,0,96,2.65,2.65,0.0,48.852503,0.0
2019-01-25,6,0,97,16.3,16.3,0.0,300.488981,0.0
2019-01-25,6,0,99,2.43,2.43,0.0,48.203545,0.0
2019-01-25,6,0,101,0.0,0.0,0.0,0.0,0.0
2019-01-25,6,0,102,1.78,1.78,0.0,34.894286,0.0
2019-01-25,6,0,103,1.55,1.55,0.0,30.385474,0.0
2019-01-25,6,0,104,0.29,0.29,0.0,5.685024,0.0
2019-01-25,6,0,106,0.0,0.0,0.0,0.0,0.0
2019-01-25,6,0,109,40.02,40.02,0.0,757.07146,0.0
2019-01-25,6,0,110,85.64,85.64,0.0,2423.992914,0.0
2019-01-25,6,0,111,0.0,0.0,0.0,0.0,0.0
2019-01-25,6,0,113,19.64,19.64,0.0,339.657519,0.0
2019-01-25,6,0,115,19.64,19.64,0.0,339.657519,0.0
2019-01-25,6,0,116,0.0,0.0,0.0,0.0,0.0
2019-01-25,6,0,117,0.78,0.78,0.0,13.489453,0.0
2019-01-25,6,0,119,27.44,27.44,0.0,889.812167,0.0
2019-01-25,6,0,120,16.13,16.13,0.0,523.056496,0.0
2019-01-25,6,0,123,0.0,0.0,0.0,0.0,0.0
2019-01-25,6,0,125,29.16,29.16,0.0,537.940398,0.0
2019-01-25,6,0,126,0.0,0.0,0.0,0.0,0.0
2019-01-25,6,0,127,0.0,0.0,0.0,0.0,0.0
2019-01-25,6,0,128,41.76,41.76,0.0,770.38378,0.0
2019-01-25,6,0,131,3.02,3.02,0.0,57.47515,0.0
2019-01-25,6,0,132,4.44,4.44,0.0,84.49989,0.0
2019-01-25,6,0,133,13.69,13.69,0.0,284.112289,0.0
2019-01-25,6,0,134,0.0,0.0,0.0,0.0,0.0
2019-01-25,6,0,135,18.34,18.34,0.0,380.615002,0.0
2019-01-25,6,0,136,8.09,8.09,0.0,167.581095,0.0
2019-01-25,6,0,139,22.33,22.33,0.0,421.580617,0.0
2019-01-25,6,0,140,63.38,63.38,0.0,1793.935905,0.0
2019-01-25,6,0,141,31.83,31.83,0.0,692.155812,0.0
2019-01-25,6,0,142,0.0,0.0,0.0,0.0,0.0
2019-01-25,6,0,143,49.44,49.44,0.0,911.74975,0.0
2019-01-25,6,0,145,4.58,4.58,0.0,85.279758,0.0
2019-01-25,6,0,146,111.13,111.13,0.0,3145.47329,0.0
2019-01-25,6,0,152,0.0,0.0,0.0,0.0,0.0
2019-01-25,6,0,153,0.0,0.0,0.0,0.0,0.0
2019-01-25,6,0,154,0.0,0.0,0.0,0.0,0.0
2019-01-25,6,0,157,50.74,50.74,0.0,1103.361165,0.0
2019-01-25,6,0,158,0.0,0.0,0.0,0.0,0.0
2019-01-25,6,0,159,0.0,0.0,0.0,0.0,0.0
2019-01-25,6,0,160,0.0,0.0,0.0,0.0,0.0
2019-01-25,6,0,161,0.0,0.0,0.0,0.0,0.0
2019-01-25,6,0,162,4.15,4.15,0.0,93.054136,0.0
2019-01-25,6,0,163,21.8,21.8,0.0,617.036963,0.0
2019-01-25,6,0,164,0.0,0.0,0.0,0.0,0.0
2019-01-25,6,0,167,0.0,0.0,0.0,0.0,0.0
2019-01-25,6,0,168,0.0,0.0,0.0,0.0,0.0
2019-01-25,6,0,169,0.0,0.0,0.0,0.0,0.0
2019-01-25,6,0,170,0.0,0.0,0.0,0.0,0.0
2019-01-25,6,0,172,0.0,0.0,0.0,0.0,0.0
2019-01-25,6,0,173,0.0,0.0,0.0,0.0,0.0
2019-01-25,6,0,188,0.0,0.0,0.0,0.0,0.0
2019-01-25,6,0,190,0.0,0.0,0.0,0.0,0.0
2019-01-25,6,0,191,0.0,0.0,0.0,0.0,0.0
2019-01-25,6,0,192,22.97,22.97,0.0,744.860987,0.0
2019-01-25,6,0,194,47.86,47.86,0.0,726.139284,0.0
2019-01-25,6,0,196,0.0,0.0,0.0,0.0,0.0
2019-01-25,6,0,198,0.0,0.0,0.0,0.0,0.0
2019-01-25,6,0,199,6.21,6.21,0.0,80.327043,0.0
2019-01-25,6,0,200,0.0,0.0,0.0,0.0,0.0
2019-01-25,6,0,204,153.64,153.64,0.0,2895.594042,0.0
2019-01-25,6,0,205,211.71,211.71,0.0,4004.987478,0.0
2019-01-25,6,0,206,47.88,47.88,0.0,882.663338,0.0
2019-01-25,6,0,210,0.0,0.0,0.0,0.0,0.0
2019-01-25,6,0,214,0.0,0.0,0.0,0.0,0.0
2019-01-25,6,0,217,0.0,0.0,0.0,0.0,0.0
2019-01-25,6,0,218,0.0,0.0,0.0,0.0,0.0
2019-01-25,6,0,219,0.0,0.0,0.0,0.0,0.0
2019-01-25,6,0,221,0.0,0.0,0.0,0.0,0.0
2019-01-25,6,0,225,0.0,0.0,0.0,0.0,0.0
2019-01-25,6,0,233,0.0,0.0,0.0,0.0,0.0
2019-01-25,6,0,236,24.04,24.04,0.0,487.511553,0.0
2019-01-25,6,0,237,30.26,30.26,0.0,600.263078,0.0
2019-01-25,6,0,238,0.0,0.0,0.0,0.0,0.0
2019-01-25,6,0,240,0.0,0.0,0.0,0.0,0.0
2019-01-25,6,0,245,23.53,23.53,0.0,491.16197,0.0
2019-01-25,6,0,247,26.49,26.49,0.0,552.948601,0.0
2019-01-25,6,0,248,3.04,3.04,0.0,60.304024,0.0
2019-01-25,6,0,249,45.24,45.24,0.0,944.333511,0.0
2019-01-25,6,0,251,25.42,25.42,0.0,525.207413,0.0
2019-01-25,6,0,252,26.37,26.37,0.0,546.292662,0.0
2019-01-25,6,0,254,0.0,0.0,0.0,0.0,0.0
2019-01-25,6,0,255,0.0,0.0,0.0,0.0,0.0
2019-01-25,6,0,258,0.0,0.0,0.0,0.0,0.0
2019-01-25,6,0,260,0.0,0.0,0.0,0.0,0.0
2019-01-25,6,0,265,0.0,0.0,0.0,0.0,0.0
2019-01-25,6,0,266,14.46,14.46,0.0,272.998465,0.0
2019-01-25,6,0,267,17.77,17.77,0.0,335.489814,0.0
2019-01-25,6,0,270,68.07,68.07,0.0,1926.683765,0.0
2019-01-25,6,0,272,69.3,69.3,0.0,1198.486052,0.0
2019-01-25,6,0,273,0.0,0.0,0.0,0.0,0.0
2019-01-25,6,0,274,87.75,87.75,0.0,2483.715299,0.0
2019-01-25,6,0,275,122.14,122.14,0.0,3457.105261,0.0
2019-01-25,6,0,276,0.0,0.0,0.0,0.0,0.0
2019-01-25,6,0,277,0.0,0.0,0.0,0.0,0.0
2019-01-25,6,0,278,0.0,0.0,0.0,0.0,0.0
2019-01-25,6,0,279,23.71,23.71,0.0,415.421189,0.0
2019-01-25,6,0,281,3.34,3.34,0.0,61.594744,0.0
2019-01-25,6,0,282,0.0,0.0,0.0,0.0,0.0
2019-01-25,7,0,9,0.0,0.0,0.0,0.0,0.0
2019-01-25,7,0,17,0.0,0.0,0.0,0.0,0.0
2019-01-25,7,0,19,351.39,351.39,0.0,7839.935126,0.0
2019-01-25,7,0,20,426.17,426.17,0.0,9508.367206,0.0
2019-01-25,7,0,21,0.0,0.0,0.0,0.0,0.0
2019-01-25,7,0,22,0.0,0.0,0.0,0.0,0.0
2019-01-25,7,0,23,15.61,15.61,0.0,287.971523,0.0
2019-01-25,7,0,24,27.61,27.61,0.0,509.346172,0.0
2019-01-25,7,0,29,0.0,0.0,0.0,0.0,0.0
2019-01-25,7,0,30,0.0,0.0,0.0,0.0,0.0
2019-01-25,7,0,31,15.73,15.73,0.0,289.95678,0.0
2019-01-25,7,0,32,0.0,0.0,0.0,0.0,0.0
2019-01-25,7,0,33,0.0,0.0,0.0,0.0,0.0
2019-01-25,7,0,34,0.0,0.0,0.0,0.0,0.0
2019-01-25,7,0,35,0.0,0.0,0.0,0.0,0.0
2019-01-25,7,0,36,0.0,0.0,0.0,0.0,0.0
2019-01-25,7,0,37,0.0,0.0,0.0,0.0,0.0
2019-01-25,7,0,38,0.0,0.0,0.0,0.0,0.0
2019-01-25,7,0,39,0.0,0.0,0.0,0.0,0.0
2019-01-25,7,0,40,0.0,0.0,0.0,0.0,0.0
2019-01-25,7,0,41,16.33,16.33,0.0,315.60395,0.0
2019-01-25,7,0,42,0.0,0.0,0.0,0.0,0.0
2019-01-25,7,0,43,0.0,0.0,0.0,0.0,0.0
2019-01-25,7,0,46,0.0,0.0,0.0,0.0,0.0
2019-01-25,7,0,52,16.67,16.67,0.0,307.28414,0.0
2019-01-25,7,0,53,26.5,26.5,0.0,488.484086,0.0
2019-01-25,7,0,55,19.7,19.7,0.0,363.423383,0.0
2019-01-25,7,0,56,0.0,0.0,0.0,0.0,0.0
2019-01-25,7,0,57,0.0,0.0,0.0,0.0,0.0
2019-01-25,7,0,58,0.0,0.0,0.0,0.0,0.0
2019-01-25,7,0,59,0.0,0.0,0.0,0.0,0.0
2019-01-25,7,0,63,43.25,43.25,0.0,1402.491845,0.0
2019-01-25,7,0,64,50.88,50.88,0.0,1649.914106,0.0
2019-01-25,7,0,65,4.39,4.39,0.0,97.734004,0.0
2019-01-25,7,0,67,0.0,0.0,0.0,0.0,0.0
2019-01-25,7,0,68,0.98,0.98,0.0,15.235741,0.0
2019-01-25,7,0,69,0.0,0.0,0.0,0.0,0.0
2019-01-25,7,0,74,12.33,12.33,0.0,258.711777,0.0
2019-01-25,7,0,77,55.62,55.62,0.0,949.886822,0.0
2019-01-25,7,0,78,42.05,42.05,0.0,718.136298,0.0
2019-01-25,7,0,79,24.33,24.33,0.0,415.511442,0.0
2019-01-25,7,0,80,39.35,39.35,0.0,672.025287,0.0
2019-01-25,7,0,81,51.45,51.45,0.0,878.670928,0.0
2019-01-25,7,0,82,36.29,36.29,0.0,619.766141,0.0
2019-01-25,7,0,83,80.92,80.92,0.0,1381.964072,0.0
2019-01-25,7,0,84,0.0,0.0,0.0,0.0,0.0
2019-01-25,7,0,86,0.0,0.0,0.0,0.0,0.0
2019-01-25,7,0,87,0.0,0.0,0.0,0.0,0.0
2019-01-25,7,0,88,50.91,50.91,0.0,869.448726,0.0
2019-01-25,7,0,89,48.94,48.94,0.0,835.804766,0.0
2019-01-25,7,0,90,65.71,65.71,0.0,1122.205377,0.0
2019-01-25,7,0,91,234.39,234.39,0.0,4002.948081,0.0
2019-01-25,7,0,92,84.3,84.3,0.0,1439.688226,0.0
2019-01-25,7,0,95,4.25,4.25,0.0,108.008197,0.0
2019-01-25,7,0,96,2.92,2.92,0.0,53.781088,0.0
2019-01-25,7,0,97,17.99,17.99,0.0,331.343075,0.0
2019-01-25,7,0,99,2.38,2.38,0.0,49.937877,0.0
2019-01-25,7,0,101,0.0,0.0,0.0,0.0,0.0
2019-01-25,7,0,102,2.31,2.31,0.0,35.912817,0.0
2019-01-25,7,0,103,2.01,2.01,0.0,31.248815,0.0
2019-01-25,7,0,104,0.37,0.37,0.0,5.752269,0.0
2019-01-25,7,0,106,0.0,0.0,0.0,0.0,0.0
2019-01-25,7,0,109,41.91,41.91,0.0,821.7725,0.0
2019-01-25,7,0,110,114.32,114.32,0.0,974.280836,0.0
2019-01-25,7,0,111,0.0,0.0,0.0,0.0,0.0
2019-01-25,7,0,113,19.79,19.79,0.0,338.970996,0.0
2019-01-25,7,0,115,19.79,19.79,0.0,338.970996,0.0
2019-01-25,7,0,116,0.0,0.0,0.0,0.0,0.0
2019-01-25,7,0,117,0.81,0.81,0.0,13.874002,0.0
2019-01-25,7,0,119,50.88,50.88,0.0,1649.914106,0.0
2019-01-25,7,0,120,29.92,29.92,0.0,970.232509,0.0
2019-01-25,7,0,123,0.0,0.0,0.0,0.0,0.0
2019-01-25,7,0,125,24.99,24.99,0.0,461.012707,0.0
2019-01-25,7,0,126,0.0,0.0,0.0,0.0,0.0
2019-01-25,7,0,127,0.0,0.0,0.0,0.0,0.0
2019-01-25,7,0,128,35.79,35.79,0.0,660.249892,0.0
2019-01-25,7,0,131,3.33,3.33,0.0,53.30821,0.0
2019-01-25,7,0,132,4.89,4.89,0.0,78.281425,0.0
2019-01-25,7,0,133,14.58,14.58,0.0,325.3638,0.0
2019-01-25,7,0,134,0.0,0.0,0.0,0.0,0.0
2019-01-25,7,0,135,19.54,19.54,0.0,436.049976,0.0
2019-01-25,7,0,136,9.37,9.37,0.0,208.578237,0.0
2019-01-25,7,0,139,21.09,21.09,0.0,407.598733,0.0
2019-01-25,7,0,140,84.61,84.61,0.0,721.080314,0.0
2019-01-25,7,0,141,42.91,42.91,0.0,592.910846,0.0
2019-01-25,7,0,142,0.0,0.0,0.0,0.0,0.0
2019-01-25,7,0,143,30.07,30.07,0.0,554.291187,0.0
2019-01-25,7,0,145,4.45,4.45,0.0,83.978903,0.0
2019-01-25,7,0,146,166.66,166.66,0.0,1420.343283,0.0
2019-01-25,7,0,152,0.0,0.0,0.0,0.0,0.0
2019-01-25,7,0,153,0.0,0.0,0.0,0.0,0.0
2019-01-25,7,0,154,0.0,0.0,0.0,0.0,0.0
2019-01-25,7,0,157,78.4,78.4,0.0,1083.29551,0.0
2019-01-25,7,0,158,0.0,0.0,0.0,0.0,0.0
2019-01-25,7,0,159,0.0,0.0,0.0,0.0,0.0
2019-01-25,7,0,160,0.0,0.0,0.0,0.0,0.0
2019-01-25,7,0,161,0.0,0.0,0.0,0.0,0.0
2019-01-25,7,0,162,4.14,4.14,0.0,105.253978,0.0
2019-01-25,7,0,163,38.59,38.59,0.0,328.879439,0.0
2019-01-25,7,0,164,0.0,0.0,0.0,0.0,0.0
2019-01-25,7,0,167,0.0,0.0,0.0,0.0,0.0
2019-01-25,7,0,168,0.0,0.0,0.0,0.0,0.0
2019-01-25,7,0,169,0.0,0.0,0.0,0.0,0.0
2019-01-25,7,0,170,0.0,0.0,0.0,0.0,0.0
2019-01-25,7,0,172,0.0,0.0,0.0,0.0,0.0
2019-01-25,7,0,173,0.0,0.0,0.0,0.0,0.0
2019-01-25,7,0,188,0.0,0.0,0.0,0.0,0.0
2019-01-25,7,0,190,0.0,0.0,0.0,0.0,0.0
2019-01-25,7,0,191,0.0,0.0,0.0,0.0,0.0
2019-01-25,7,0,192,31.98,31.98,0.0,1037.033277,0.0
2019-01-25,7,0,194,75.42,75.42,0.0,1392.4319,0.0
2019-01-25,7,0,196,0.0,0.0,0.0,0.0,0.0
2019-01-25,7,0,198,0.0,0.0,0.0,0.0,0.0
2019-01-25,7,0,199,5.02,5.02,0.0,72.377943,0.0
2019-01-25,7,0,200,0.0,0.0,0.0,0.0,0.0
2019-01-25,7,0,204,173.11,173.11,0.0,3374.872668,0.0
2019-01-25,7,0,205,221.68,221.68,0.0,4346.707895,0.0
2019-01-25,7,0,206,52.85,52.85,0.0,973.400863,0.0
2019-01-25,7,0,210,0.0,0.0,0.0,0.0,0.0
2019-01-25,7,0,214,0.0,0.0,0.0,0.0,0.0
2019-01-25,7,0,217,0.0,0.0,0.0,0.0,0.0
2019-01-25,7,0,218,0.0,0.0,0.0,0.0,0.0
2019-01-25,7,0,219,0.0,0.0,0.0,0.0,0.0
2019-01-25,7,0,221,0.0,0.0,0.0,0.0,0.0
2019-01-25,7,0,225,0.0,0.0,0.0,0.0,0.0
2019-01-25,7,0,233,0.0,0.0,0.0,0.0,0.0
2019-01-25,7,0,236,25.82,25.82,0.0,558.681159,0.0
2019-01-25,7,0,237,29.57,29.57,0.0,620.446653,0.0
2019-01-25,7,0,238,0.0,0.0,0.0,0.0,0.0
2019-01-25,7,0,240,0.0,0.0,0.0,0.0,0.0
2019-01-25,7,0,245,24.03,24.03,0.0,540.409564,0.0
2019-01-25,7,0,247,25.25,25.25,0.0,567.846088,0.0
2019-01-25,7,0,248,2.97,2.97,0.0,62.317435,0.0
2019-01-25,7,0,249,46.22,46.22,0.0,1039.439452,0.0
2019-01-25,7,0,251,23.59,23.59,0.0,523.309021,0.0
2019-01-25,7,0,252,28.35,28.35,0.0,631.152393,0.0
2019-01-25,7,0,254,0.0,0.0,0.0,0.0,0.0
2019-01-25,7,0,255,0.0,0.0,0.0,0.0,0.0
2019-01-25,7,0,258,0.0,0.0,0.0,0.0,0.0
2019-01-25,7,0,260,0.0,0.0,0.0,0.0,0.0
2019-01-25,7,0,265,0.0,0.0,0.0,0.0,0.0
2019-01-25,7,0,266,13.65,13.65,0.0,263.808569,0.0
2019-01-25,7,0,267,16.78,16.78,0.0,324.300936,0.0
2019-01-25,7,0,270,120.53,120.53,0.0,1027.204943,0.0
2019-01-25,7,0,272,70.41,70.41,0.0,1206.010503,0.0
2019-01-25,7,0,273,0.0,0.0,0.0,0.0,0.0
2019-01-25,7,0,274,155.38,155.38,0.0,1324.210604,0.0
2019-01-25,7,0,275,216.29,216.29,0.0,1843.310024,0.0
2019-01-25,7,0,276,0.0,0.0,0.0,0.0,0.0
2019-01-25,7,0,277,0.0,0.0,0.0,0.0,0.0
2019-01-25,7,0,278,0.0,0.0,0.0,0.0,0.0
2019-01-25,7,0,279,35.6,35.6,0.0,609.053829,0.0
2019-01-25,7,0,281,7.05,7.05,0.0,129.9552,0.0
2019-01-25,7,0,282,0.0,0.0,0.0,0.0,0.0
2019-01-25,8,0,9,0.0,0.0,0.0,0.0,0.0
2019-01-25,8,0,17,0.0,0.0,0.0,0.0,0.0
2019-01-25,8,0,19,309.63,309.63,0.0,7155.258734,0.0
2019-01-25,8,0,20,385.36,385.36,0.0,8905.307967,0.0
2019-01-25,8,0,21,0.0,0.0,0.0,0.0,0.0
2019-01-25,8,0,22,0.0,0.0,0.0,0.0,0.0
2019-01-25,8,0,23,11.71,11.71,0.0,316.701513,0.0
2019-01-25,8,0,24,20.73,20.73,0.0,560.650928,0.0
2019-01-25,8,0,29,0.0,0.0,0.0,0.0,0.0
2019-01-25,8,0,30,0.0,0.0,0.0,0.0,0.0
2019-01-25,8,0,31,5.06,5.06,0.0,137.005123,0.0
2019-01-25,8,0,32,0.0,0.0,0.0,0.0,0.0
2019-01-25,8,0,33,0.0,0.0,0.0,0.0,0.0
2019-01-25,8,0,34,0.0,0.0,0.0,0.0,0.0
2019-01-25,8,0,35,0.0,0.0,0.0,0.0,0.0
2019-01-25,8,0,36,0.0,0.0,0.0,0.0,0.0
2019-01-25,8,0,37,0.0,0.0,0.0,0.0,0.0
2019-01-25,8,0,38,0.0,0.0,0.0,0.0,0.0
2019-01-25,8,0,39,0.0,0.0,0.0,0.0,0.0
2019-01-25,8,0,40,0.0,0.0,0.0,0.0,0.0
2019-01-25,8,0,41,4.55,4.55,0.0,116.096607,0.0
2019-01-25,8,0,42,0.0,0.0,0.0,0.0,0.0
2019-01-25,8,0,43,0.0,0.0,0.0,0.0,0.0
2019-01-25,8,0,46,0.0,0.0,0.0,0.0,0.0
2019-01-25,8,0,52,5.36,5.36,0.0,145.127957,0.0
2019-01-25,8,0,53,8.52,8.52,0.0,230.688468,0.0
2019-01-25,8,0,55,15.63,15.63,0.0,422.719441,0.0
2019-01-25,8,0,56,0.0,0.0,0.0,0.0,0.0
2019-01-25,8,0,57,0.0,0.0,0.0,0.0,0.0
2019-01-25,8,0,58,0.0,0.0,0.0,0.0,0.0
2019-01-25,8,0,59,0.0,0.0,0.0,0.0,0.0
2019-01-25,8,0,63,14.53,14.53,0.0,471.172405,0.0
2019-01-25,8,0,64,17.08,17.08,0.0,553.862676,0.0
2019-01-25,8,0,65,2.59,2.59,0.0,59.893386,0.0
2019-01-25,8,0,67,0.0,0.0,0.0,0.0,0.0
2019-01-25,8,0,68,0.58,0.58,0.0,17.67207,0.0
2019-01-25,8,0,69,0.0,0.0,0.0,0.0,0.0
2019-01-25,8,0,74,7.14,7.14,0.0,168.692478,0.0
2019-01-25,8,0,77,31.14,31.14,0.0,934.638709,0.0
2019-01-25,8,0,78,23.51,23.51,0.0,705.631216,0.0
2019-01-25,8,0,79,13.56,13.56,0.0,406.991037,0.0
2019-01-25,8,0,80,21.99,21.99,0.0,660.009801,0.0
2019-01-25,8,0,81,28.79,28.79,0.0,864.105602,0.0
2019-01-25,8,0,82,20.28,20.28,0.0,608.68571,0.0
2019-01-25,8,0,83,45.36,45.36,0.0,1361.439045,0.0
2019-01-25,8,0,84,0.0,0.0,0.0,0.0,0.0
2019-01-25,8,0,86,0.0,0.0,0.0,0.0,0.0
2019-01-25,8,0,87,0.0,0.0,0.0,0.0,0.0
2019-01-25,8,0,88,29.29,29.29,0.0,879.112646,0.0
2019-01-25,8,0,89,28.27,28.27,0.0,848.498276,0.0
2019-01-25,8,0,90,36.89,36.89,0.0,1107.219717,0.0
2019-01-25,8,0,91,115.63,115.63,0.0,3470.529029,0.0
2019-01-25,8,0,92,46.27,46.27,0.0,1388.751865,0.0
2019-01-25,8,0,95,5.11,5.11,0.0,168.92868,0.0
2019-01-25,8,0,96,1.94,1.94,0.0,52.589944,0.0
2019-01-25,8,0,97,11.94,11.94,0.0,323.672128,0.0
2019-01-25,8,0,99,1.38,1.38,0.0,32.604429,0.0
2019-01-25,8,0,101,0.0,0.0,0.0,0.0,0.0
2019-01-25,8,0,102,1.38,1.38,0.0,42.047339,0.0
2019-01-25,8,0,103,1.2,1.2,0.0,36.562903,0.0
2019-01-25,8,0,104,0.22,0.22,0.0,6.703199,0.0
2019-01-25,8,0,106,0.0,0.0,0.0,0.0,0.0
2019-01-25,8,0,109,28.92,28.92,0.0,703.714249,0.0
2019-01-25,8,0,110,115.74,115.74,0.0,3670.912042,0.0
2019-01-25,8,0,111,0.0,0.0,0.0,0.0,0.0
2019-01-25,8,0,113,24.77,24.77,0.0,758.110413,0.0
2019-01-25,8,0,115,24.77,24.77,0.0,758.110413,0.0
2019-01-25,8,0,116,0.0,0.0,0.0,0.0,0.0
2019-01-25,8,0,117,1.28,1.28,0.0,39.175669,0.0
2019-01-25,8,0,119,17.08,17.08,0.0,553.862676,0.0
2019-01-25,8,0,120,10.08,10.08,0.0,326.869776,0.0
2019-01-25,8,0,123,0.0,0.0,0.0,0.0,0.0
2019-01-25,8,0,125,18.76,18.76,0.0,507.37151,0.0
2019-01-25,8,0,126,0.0,0.0,0.0,0.0,0.0
2019-01-25,8,0,127,0.0,0.0,0.0,0.0,0.0
2019-01-25,8,0,128,26.86,26.86,0.0,726.439167,0.0
2019-01-25,8,0,131,2.52,2.52,0.0,76.575371,0.0
2019-01-25,8,0,132,3.71,3.71,0.0,112.735963,0.0
2019-01-25,8,0,133,12.82,12.82,0.0,296.239088,0.0
2019-01-25,8,0,134,0.0,0.0,0.0,0.0,0.0
2019-01-25,8,0,135,17.18,17.18,0.0,396.988107,0.0
2019-01-25,8,0,136,6.63,6.63,0.0,153.323569,0.0
2019-01-25,8,0,139,5.88,5.88,0.0,150.032538,0.0
2019-01-25,8,0,140,85.66,85.66,0.0,2716.868201,0.0
2019-01-25,8,0,141,42.1,42.1,0.0,1295.680113,0.0
2019-01-25,8,0,142,0.0,0.0,0.0,0.0,0.0
2019-01-25,8,0,143,9.6,9.6,0.0,259.930668,0.0
2019-01-25,8,0,145,2.56,2.56,0.0,66.711755,0.0
2019-01-25,8,0,146,199.87,199.87,0.0,6339.253412,0.0
2019-01-25,8,0,152,0.0,0.0,0.0,0.0,0.0
2019-01-25,8,0,153,0.0,0.0,0.0,0.0,0.0
2019-01-25,8,0,154,0.0,0.0,0.0,0.0,0.0
2019-01-25,8,0,157,69.75,69.75,0.0,2146.643418,0.0
2019-01-25,8,0,158,0.0,0.0,0.0,0.0,0.0
2019-01-25,8,0,159,0.0,0.0,0.0,0.0,0.0
2019-01-25,8,0,160,0.0,0.0,0.0,0.0,0.0
2019-01-25,8,0,161,0.0,0.0,0.0,0.0,0.0
2019-01-25,8,0,162,4.41,4.41,0.0,145.737658,0.0
2019-01-25,8,0,163,17.67,17.67,0.0,560.437323,0.0
2019-01-25,8,0,164,0.0,0.0,0.0,0.0,0.0
2019-01-25,8,0,167,0.0,0.0,0.0,0.0,0.0
2019-01-25,8,0,168,0.0,0.0,0.0,0.0,0.0
2019-01-25,8,0,169,0.0,0.0,0.0,0.0,0.0
2019-01-25,8,0,170,0.0,0.0,0.0,0.0,0.0
2019-01-25,8,0,172,0.0,0.0,0.0,0.0,0.0
2019-01-25,8,0,173,0.0,0.0,0.0,0.0,0.0
2019-01-25,8,0,188,0.0,0.0,0.0,0.0,0.0
2019-01-25,8,0,190,0.0,0.0,0.0,0.0,0.0
2019-01-25,8,0,191,0.0,0.0,0.0,0.0,0.0
2019-01-25,8,0,192,13.27,13.27,0.0,430.313683,0.0
2019-01-25,8,0,194,59.24,59.24,0.0,1832.269709,0.0
2019-01-25,8,0,196,0.0,0.0,0.0,0.0,0.0
2019-01-25,8,0,198,0.0,0.0,0.0,0.0,0.0
2019-01-25,8,0,199,2.66,2.66,0.0,55.654845,0.0
2019-01-25,8,0,200,0.0,0.0,0.0,0.0,0.0
2019-01-25,8,0,204,127.32,127.32,0.0,3109.459266,0.0
2019-01-25,8,0,205,152.98,152.98,0.0,3722.482912,0.0
2019-01-25,8,0,206,35.08,35.08,0.0,950.956302,0.0
2019-01-25,8,0,210,0.0,0.0,0.0,0.0,0.0
2019-01-25,8,0,214,0.0,0.0,0.0,0.0,0.0
2019-01-25,8,0,217,0.0,0.0,0.0,0.0,0.0
2019-01-25,8,0,218,0.0,0.0,0.0,0.0,0.0
2019-01-25,8,0,219,0.0,0.0,0.0,0.0,0.0
2019-01-25,8,0,221,0.0,0.0,0.0,0.0,0.0
2019-01-25,8,0,225,0.0,0.0,0.0,0.0,0.0
2019-01-25,8,0,233,0.0,0.0,0.0,0.0,0.0
2019-01-25,8,0,236,16.36,16.36,0.0,381.457117,0.0
2019-01-25,8,0,237,17.13,17.13,0.0,404.72019,0.0
2019-01-25,8,0,238,0.0,0.0,0.0,0.0,0.0
2019-01-25,8,0,240,0.0,0.0,0.0,0.0,0.0
2019-01-25,8,0,245,18.36,18.36,0.0,423.215769,0.0
2019-01-25,8,0,247,14.56,14.56,0.0,335.622091,0.0
2019-01-25,8,0,248,1.72,1.72,0.0,40.637404,0.0
2019-01-25,8,0,249,35.3,35.3,0.0,813.699164,0.0
2019-01-25,8,0,251,12.72,12.72,0.0,294.47814,0.0
2019-01-25,8,0,252,16.74,16.74,0.0,387.110149,0.0
2019-01-25,8,0,254,0.0,0.0,0.0,0.0,0.0
2019-01-25,8,0,255,0.0,0.0,0.0,0.0,0.0
2019-01-25,8,0,258,0.0,0.0,0.0,0.0,0.0
2019-01-25,8,0,260,0.0,0.0,0.0,0.0,0.0
2019-01-25,8,0,265,0.0,0.0,0.0,0.0,0.0
2019-01-25,8,0,266,3.81,3.81,0.0,97.214961,0.0
2019-01-25,8,0,267,4.68,4.68,0.0,119.413653,0.0
2019-01-25,8,0,270,55.2,55.2,0.0,1750.771943,0.0
2019-01-25,8,0,272,85.76,85.76,0.0,2624.769842,0.0
2019-01-25,8,0,273,0.0,0.0,0.0,0.0,0.0
2019-01-25,8,0,274,71.16,71.16,0.0,2256.973397,0.0
2019-01-25,8,0,275,99.05,99.05,0.0,3141.557264,0.0
2019-01-25,8,0,276,0.0,0.0,0.0,0.0,0.0
2019-01-25,8,0,277,0.0,0.0,0.0,0.0,0.0
2019-01-25,8,0,278,0.0,0.0,0.0,0.0,0.0
2019-01-25,8,0,279,21.33,21.33,0.0,647.764116,0.0
2019-01-25,8,0,281,2.27,2.27,0.0,61.462773,0.0
2019-01-25,8,0,282,0.0,0.0,0.0,0.0,0.0
2019-01-25,9,0,9,0.18,0.18,0.0,3.32062,0.0
2019-01-25,9,0,17,8.72,8.72,0.0,137.773962,0.0
2019-01-25,9,0,19,229.22,229.22,0.0,3621.622429,0.0
2019-01-25,9,0,20,284.63,284.63,0.0,4497.087479,0.0
2019-01-25,9,0,21,4.03,4.03,0.0,74.344986,0.0
2019-01-25,9,0,22,14.32,14.32,0.0,264.173748,0.0
2019-01-25,9,0,23,12.14,12.14,0.0,223.957354,0.0
2019-01-25,9,0,24,21.49,21.49,0.0,396.445101,0.0
2019-01-25,9,0,29,1.69,1.69,0.0,22.798193,0.0
2019-01-25,9,0,30,29.08,29.08,0.0,536.984749,0.0
2019-01-25,9,0,31,5.32,5.32,0.0,98.237925,0.0
2019-01-25,9,0,32,0.7,0.7,0.0,23.012453,0.0
2019-01-25,9,0,33,0.47,0.47,0.0,7.233671,0.0
2019-01-25,9,0,34,0.76,0.76,0.0,11.697,0.0
2019-01-25,9,0,35,0.76,0.76,0.0,11.697,0.0
2019-01-25,9,0,36,1.44,1.44,0.0,23.546553,0.0
2019-01-25,9,0,37,0.67,0.67,0.0,10.952513,0.0
2019-01-25,9,0,38,0.86,0.86,0.0,14.05845,0.0
2019-01-25,9,0,39,0.58,0.58,0.0,9.48128,0.0
2019-01-25,9,0,40,0.58,0.58,0.0,9.48128,0.0
2019-01-25,9,0,41,4.55,4.55,0.0,79.75955,0.0
2019-01-25,9,0,42,9.1,9.1,0.0,144.584606,0.0
2019-01-25,9,0,43,4.23,4.23,0.0,68.371958,0.0
2019-01-25,9,0,46,3.75,3.75,0.0,61.974942,0.0
2019-01-25,9,0,52,5.65,5.65,0.0,104.331631,0.0
2019-01-25,9,0,53,9.02,9.02,0.0,166.561294,0.0
2019-01-25,9,0,55,15.44,15.44,0.0,284.835382,0.0
2019-01-25,9,0,56,8.58,8.58,0.0,158.436353,0.0
2019-01-25,9,0,57,8.16,8.16,0.0,150.680727,0.0
2019-01-25,9,0,58,15.69,15.69,0.0,289.728016,0.0
2019-01-25,9,0,59,15.43,15.43,0.0,284.926914,0.0
2019-01-25,9,0,63,4.13,4.13,0.0,133.925811,0.0
2019-01-25,9,0,64,4.86,4.86,0.0,157.597928,0.0
2019-01-25,9,0,65,1.38,1.38,0.0,21.826404,0.0
2019-01-25,9,0,67,14.42,14.42,0.0,338.874205,0.0
2019-01-25,9,0,68,0.73,0.73,0.0,15.874801,0.0
2019-01-25,9,0,69,0.47,0.47,0.0,7.233671,0.0
2019-01-25,9,0,74,3.72,3.72,0.0,60.613206,0.0
2019-01-25,9,0,77,11.51,11.51,0.0,232.161386,0.0
2019-01-25,9,0,78,8.7,8.7,0.0,175.482542,0.0
2019-01-25,9,0,79,5.04,5.04,0.0,101.658852,0.0
2019-01-25,9,0,80,8.15,8.15,0.0,164.388818,0.0
2019-01-25,9,0,81,10.65,10.65,0.0,214.814835,0.0
2019-01-25,9,0,82,7.51,7.51,0.0,151.479757,0.0
2019-01-25,9,0,83,16.75,16.75,0.0,337.854319,0.0
2019-01-25,9,0,84,0.0,0.0,0.0,0.0,0.0
2019-01-25,9,0,86,2.4,2.4,0.0,36.937894,0.0
2019-01-25,9,0,87,12.25,12.25,0.0,188.537165,0.0
2019-01-25,9,0,88,34.19,34.19,0.0,689.626218,0.0
2019-01-25,9,0,89,32.66,32.66,0.0,658.765495,0.0
2019-01-25,9,0,90,45.84,45.84,0.0,924.611461,0.0
2019-01-25,9,0,91,172.26,172.26,0.0,3474.554325,0.0
2019-01-25,9,0,92,60.61,60.61,0.0,1222.528374,0.0
2019-01-25,9,0,95,6.12,6.12,0.0,201.052239,0.0
2019-01-25,9,0,96,1.97,1.97,0.0,36.414406,0.0
2019-01-25,9,0,97,12.13,12.13,0.0,224.216622,0.0
2019-01-25,9,0,99,0.72,0.72,0.0,11.731588,0.0
2019-01-25,9,0,101,0.59,0.59,0.0,10.894807,0.0
2019-01-25,9,0,102,1.73,1.73,0.0,37.621103,0.0
2019-01-25,9,0,103,1.5,1.5,0.0,32.619454,0.0
2019-01-25,9,0,104,0.28,0.28,0.0,6.088965,0.0
2019-01-25,9,0,106,14.1,14.1,0.0,260.115213,0.0
2019-01-25,9,0,109,27.68,27.68,0.0,467.526256,0.0
2019-01-25,9,0,110,124.2,124.2,0.0,3585.848267,0.0
2019-01-25,9,0,111,1.95,1.95,0.0,34.182664,0.0
2019-01-25,9,0,113,10.51,10.51,0.0,212.228462,0.0
2019-01-25,9,0,115,10.51,10.51,0.0,212.228462,0.0
2019-01-25,9,0,116,8.85,8.85,0.0,255.513343,0.0
2019-01-25,9,0,117,0.71,0.71,0.0,14.337032,0.0
2019-01-25,9,0,119,4.86,4.86,0.0,157.597928,0.0
2019-01-25,9,0,120,2.86,2.86,0.0,92.742813,0.0
2019-01-25,9,0,123,0.23,0.23,0.0,4.243014,0.0
2019-01-25,9,0,125,19.44,19.44,0.0,358.626932,0.0
2019-01-25,9,0,126,10.57,10.57,0.0,194.99417,0.0
2019-01-25,9,0,127,13.57,13.57,0.0,250.337833,0.0
2019-01-25,9,0,128,27.85,27.85,0.0,513.773665,0.0
2019-01-25,9,0,131,2.54,2.54,0.0,54.04578,0.0
2019-01-25,9,0,132,3.73,3.73,0.0,79.36644,0.0
2019-01-25,9,0,133,11.19,11.19,0.0,176.782023,0.0
2019-01-25,9,0,134,0.0,0.0,0.0,0.0,0.0
2019-01-25,9,0,135,14.99,14.99,0.0,236.815239,0.0
2019-01-25,9,0,136,4.67,4.67,0.0,73.866037,0.0
2019-01-25,9,0,139,5.87,5.87,0.0,102.898584,0.0
2019-01-25,9,0,140,91.92,91.92,0.0,2653.874176,0.0
2019-01-25,9,0,141,47.02,47.02,0.0,1104.983711,0.0
2019-01-25,9,0,142,19.01,19.01,0.0,446.740543,0.0
2019-01-25,9,0,143,14.03,14.03,0.0,259.074829,0.0
2019-01-25,9,0,145,2.04,2.04,0.0,36.477793,0.0
2019-01-25,9,0,146,238.02,238.02,0.0,6872.009698,0.0
2019-01-25,9,0,152,1.06,1.06,0.0,17.233943,0.0
2019-01-25,9,0,153,1.33,1.33,0.0,21.651042,0.0
2019-01-25,9,0,154,8.05,8.05,0.0,141.11305,0.0
2019-01-25,9,0,157,62.14,62.14,0.0,1460.30812,0.0
2019-01-25,9,0,158,0.12,0.12,0.0,2.820035,0.0
2019-01-25,9,0,159,0.0,0.0,0.0,0.0,0.0
2019-01-25,9,0,160,0.35,0.35,0.0,5.469406,0.0
2019-01-25,9,0,161,3.85,3.85,0.0,83.723264,0.0
2019-01-25,9,0,162,4.81,4.81,0.0,157.995655,0.0
2019-01-25,9,0,163,6.12,6.12,0.0,176.693973,0.0
2019-01-25,9,0,164,0.82,0.82,0.0,15.141936,0.0
2019-01-25,9,0,167,0.84,0.84,0.0,27.606347,0.0
2019-01-25,9,0,168,0.42,0.42,0.0,13.803174,0.0
2019-01-25,9,0,169,0.0,0.0,0.0,0.0,0.0
2019-01-25,9,0,170,0.92,0.92,0.0,30.235523,0.0
2019-01-25,9,0,172,1.12,1.12,0.0,37.221059,0.0
2019-01-25,9,0,173,1.7,1.7,0.0,56.496251,0.0
2019-01-25,9,0,188,1.4,1.4,0.0,45.834201,0.0
2019-01-25,9,0,190,0.8,0.8,0.0,25.942046,0.0
2019-01-25,9,0,191,2.07,2.07,0.0,67.125043,0.0
2019-01-25,9,0,192,0.0,0.0,0.0,0.0,0.0
2019-01-25,9,0,194,36.54,36.54,0.0,690.916194,0.0
2019-01-25,9,0,196,0.57,0.57,0.0,17.647545,0.0
2019-01-25,9,0,198,1.84,1.84,0.0,26.91405,0.0
2019-01-25,9,0,199,1.18,1.18,0.0,18.041289,0.0
2019-01-25,9,0,200,2.8,2.8,0.0,42.809839,0.0
2019-01-25,9,0,204,75.5,75.5,0.0,1280.093064,0.0
2019-01-25,9,0,205,155.9,155.9,0.0,2633.213269,0.0
2019-01-25,9,0,206,35.64,35.64,0.0,658.786514,0.0
2019-01-25,9,0,210,0.49,0.49,0.0,6.604495,0.0
2019-01-25,9,0,214,2.67,2.67,0.0,40.448613,0.0
2019-01-25,9,0,217,1.91,1.91,0.0,27.49039,0.0
2019-01-25,9,0,218,2.63,2.63,0.0,37.85326,0.0
2019-01-25,9,0,219,1.79,1.79,0.0,25.763245,0.0
2019-01-25,9,0,221,1.43,1.43,0.0,21.663489,0.0
2019-01-25,9,0,225,1.54,1.54,0.0,20.776394,0.0
2019-01-25,9,0,233,1.36,1.36,0.0,20.931473,0.0
2019-01-25,9,0,236,9.61,9.61,0.0,153.980206,0.0
2019-01-25,9,0,237,8.92,8.92,0.0,145.341344,0.0
2019-01-25,9,0,238,11.84,11.84,0.0,188.118872,0.0
2019-01-25,9,0,240,1.63,1.63,0.0,26.65339,0.0
2019-01-25,9,0,245,13.73,13.73,0.0,216.099326,0.0
2019-01-25,9,0,247,7.44,7.44,0.0,117.099708,0.0
2019-01-25,9,0,248,0.9,0.9,0.0,14.664485,0.0
2019-01-25,9,0,249,26.41,26.41,0.0,415.672484,0.0
2019-01-25,9,0,251,0.0,0.0,0.0,0.0,0.0
2019-01-25,9,0,252,8.91,8.91,0.0,140.922649,0.0
2019-01-25,9,0,254,2.77,2.77,0.0,44.400064,0.0
2019-01-25,9,0,255,1.27,1.27,0.0,20.356708,0.0
2019-01-25,9,0,258,2.04,2.04,0.0,33.295613,0.0
2019-01-25,9,0,260,0.86,0.86,0.0,13.439111,0.0
2019-01-25,9,0,265,8.34,8.34,0.0,146.196626,0.0
2019-01-25,9,0,266,3.8,3.8,0.0,66.612371,0.0
2019-01-25,9,0,267,4.67,4.67,0.0,81.863099,0.0
2019-01-25,9,0,270,19.11,19.11,0.0,551.735591,0.0
2019-01-25,9,0,272,35.06,35.06,0.0,707.966685,0.0
2019-01-25,9,0,273,2.12,2.12,0.0,61.207716,0.0
2019-01-25,9,0,274,24.64,24.64,0.0,711.395341,0.0
2019-01-25,9,0,275,34.3,34.3,0.0,990.29465,0.0
2019-01-25,9,0,276,0.5,0.5,0.0,13.836136,0.0
2019-01-25,9,0,277,0.68,0.68,0.0,13.725082,0.0
2019-01-25,9,0,278,1.09,1.09,0.0,22.000499,0.0
2019-01-25,9,0,279,13.22,13.22,0.0,266.831739,0.0
2019-01-25,9,0,281,2.37,2.37,0.0,43.763888,0.0
2019-01-25,9,0,282,15.95,15.95,0.0,294.529118,0.0
2019-01-25,10,0,9,1.26,1.26,0.0,13.597787,0.0
2019-01-25,10,0,17,24.93,24.93,0.0,321.990624,0.0
2019-01-25,10,0,19,158.89,158.89,0.0,2052.189738,0.0
2019-01-25,10,0,20,196.88,196.88,0.0,2542.860568,0.0
2019-01-25,10,0,21,28.79,28.79,0.0,310.698647,0.0
2019-01-25,10,0,22,102.32,102.32,0.0,1104.226661,0.0
2019-01-25,10,0,23,16.96,16.96,0.0,183.030533,0.0
2019-01-25,10,0,24,30.0,30.0,0.0,323.756839,0.0
2019-01-25,10,0,29,4.46,4.46,0.0,40.114629,0.0
2019-01-25,10,0,30,237.8,237.8,0.0,2563.88542,0.0
2019-01-25,10,0,31,9.13,9.13,0.0,98.436812,0.0
2019-01-25,10,0,32,2.49,2.49,0.0,74.580311,0.0
2019-01-25,10,0,33,1.4,1.4,0.0,18.84377,0.0
2019-01-25,10,0,34,2.25,2.25,0.0,30.28463,0.0
2019-01-25,10,0,35,2.25,2.25,0.0,30.28463,0.0
2019-01-25,10,0,36,5.07,5.07,0.0,60.267195,0.0
2019-01-25,10,0,37,2.34,2.34,0.0,27.719157,0.0
2019-01-25,10,0,38,3.01,3.01,0.0,35.655839,0.0
2019-01-25,10,0,39,2.0,2.0,0.0,23.691588,0.0
2019-01-25,10,0,40,2.0,2.0,0.0,23.691588,0.0
2019-01-25,10,0,41,6.5,6.5,0.0,73.86259,0.0
2019-01-25,10,0,42,26.31,26.31,0.0,336.711669,0.0
2019-01-25,10,0,43,15.36,15.36,0.0,181.444164,0.0
2019-01-25,10,0,46,13.41,13.41,0.0,157.006829,0.0
2019-01-25,10,0,52,9.68,9.68,0.0,104.36674,0.0
2019-01-25,10,0,53,15.44,15.44,0.0,166.469264,0.0
2019-01-25,10,0,55,18.74,18.74,0.0,202.240106,0.0
2019-01-25,10,0,56,70.14,70.14,0.0,756.2276,0.0
2019-01-25,10,0,57,66.72,66.72,0.0,719.354227,0.0
2019-01-25,10,0,58,128.31,128.31,0.0,1383.398394,0.0
2019-01-25,10,0,59,126.17,126.17,0.0,1360.325582,0.0
2019-01-25,10,0,63,1.95,1.95,0.0,58.12626,0.0
2019-01-25,10,0,64,2.29,2.29,0.0,68.261095,0.0
2019-01-25,10,0,65,0.0,0.0,0.0,0.0,0.0
2019-01-25,10,0,67,128.7,128.7,0.0,1941.108149,0.0
2019-01-25,10,0,68,1.17,1.17,0.0,14.244594,0.0
2019-01-25,10,0,69,1.4,1.4,0.0,18.84377,0.0
2019-01-25,10,0,74,2.68,2.68,0.0,32.969157,0.0
2019-01-25,10,0,77,12.88,12.88,0.0,126.47431,0.0
2019-01-25,10,0,78,9.74,9.74,0.0,95.641287,0.0
2019-01-25,10,0,79,5.64,5.64,0.0,55.381608,0.0
2019-01-25,10,0,80,9.11,9.11,0.0,89.455043,0.0
2019-01-25,10,0,81,11.91,11.91,0.0,116.949459,0.0
2019-01-25,10,0,82,8.4,8.4,0.0,82.483245,0.0
2019-01-25,10,0,83,18.74,18.74,0.0,184.016193,0.0
2019-01-25,10,0,84,0.0,0.0,0.0,0.0,0.0
2019-01-25,10,0,86,7.11,7.11,0.0,95.699431,0.0
2019-01-25,10,0,87,36.32,36.32,0.0,488.861229,0.0
2019-01-25,10,0,88,24.84,24.84,0.0,243.91474,0.0
2019-01-25,10,0,89,23.76,23.76,0.0,233.309751,0.0
2019-01-25,10,0,90,33.0,33.0,0.0,324.041321,0.0
2019-01-25,10,0,91,122.24,122.24,0.0,1200.327608,0.0
2019-01-25,10,0,92,43.31,43.31,0.0,425.279685,0.0
2019-01-25,10,0,95,17.87,17.87,0.0,533.647675,0.0
2019-01-25,10,0,96,3.06,3.06,0.0,32.959325,0.0
2019-01-25,10,0,97,18.82,18.82,0.0,202.710618,0.0
2019-01-25,10,0,99,0.55,0.55,0.0,6.766058,0.0
2019-01-25,10,0,101,4.79,4.79,0.0,51.644286,0.0
2019-01-25,10,0,102,2.76,2.76,0.0,33.602632,0.0
2019-01-25,10,0,103,2.4,2.4,0.0,29.21968,0.0
2019-01-25,10,0,104,0.45,0.45,0.0,5.47869,0.0
2019-01-25,10,0,106,100.72,100.72,0.0,1086.959629,0.0
2019-01-25,10,0,109,38.19,38.19,0.0,444.651768,0.0
2019-01-25,10,0,110,142.12,142.12,0.0,3408.932256,0.0
2019-01-25,10,0,111,7.98,7.98,0.0,90.680533,0.0
2019-01-25,10,0,113,14.89,14.89,0.0,134.206059,0.0
2019-01-25,10,0,115,14.89,14.89,0.0,134.206059,0.0
2019-01-25,10,0,116,51.26,51.26,0.0,1229.537485,0.0
2019-01-25,10,0,117,0.99,0.99,0.0,8.923035,0.0
2019-01-25,10,0,119,2.29,2.29,0.0,68.261095,0.0
2019-01-25,10,0,120,1.35,1.35,0.0,40.241257,0.0
2019-01-25,10,0,123,1.68,1.68,0.0,18.130383,0.0
2019-01-25,10,0,125,27.15,27.15,0.0,292.99994,0.0
2019-01-25,10,0,126,75.54,75.54,0.0,815.219722,0.0
2019-01-25,10,0,127,96.95,96.95,0.0,1046.274186,0.0
2019-01-25,10,0,128,38.88,38.88,0.0,419.588864,0.0
2019-01-25,10,0,131,4.55,4.55,0.0,51.86248,0.0
2019-01-25,10,0,132,7.34,7.34,0.0,83.663868,0.0
2019-01-25,10,0,133,9.75,9.75,0.0,125.949068,0.0
2019-01-25,10,0,134,0.0,0.0,0.0,0.0,0.0
2019-01-25,10,0,135,13.06,13.06,0.0,168.707162,0.0
2019-01-25,10,0,136,3.37,3.37,0.0,43.44833,0.0
2019-01-25,10,0,139,8.39,8.39,0.0,95.339558,0.0
2019-01-25,10,0,140,105.18,105.18,0.0,2522.878516,0.0
2019-01-25,10,0,141,58.47,58.47,0.0,881.869413,0.0
2019-01-25,10,0,142,169.72,169.72,0.0,2559.789239,0.0
2019-01-25,10,0,143,19.39,19.39,0.0,209.056931,0.0
2019-01-25,10,0,145,4.94,4.94,0.0,54.844843,0.0
2019-01-25,10,0,146,268.0,268.0,0.0,6428.327079,0.0
2019-01-25,10,0,152,3.52,3.52,0.0,43.221978,0.0
2019-01-25,10,0,153,4.47,4.47,0.0,54.757064,0.0
2019-01-25,10,0,154,32.91,32.91,0.0,373.971973,0.0
2019-01-25,10,0,157,54.63,54.63,0.0,823.9529,0.0
2019-01-25,10,0,158,109.3,109.3,0.0,1648.509096,0.0
2019-01-25,10,0,159,0.0,0.0,0.0,0.0,0.0
2019-01-25,10,0,160,1.15,1.15,0.0,13.56332,0.0
2019-01-25,10,0,161,25.64,25.64,0.0,312.163579,0.0
2019-01-25,10,0,162,10.01,10.01,0.0,298.977934,0.0
2019-01-25,10,0,163,0.0,0.0,0.0,0.0,0.0
2019-01-25,10,0,164,8.65,8.65,0.0,93.261602,0.0
2019-01-25,10,0,167,2.94,2.94,0.0,87.826971,0.0
2019-01-25,10,0,168,1.47,1.47,0.0,43.913485,0.0
2019-01-25,10,0,169,0.0,0.0,0.0,0.0,0.0
2019-01-25,10,0,170,3.21,3.21,0.0,95.892713,0.0
2019-01-25,10,0,172,3.83,3.83,0.0,111.388211,0.0
2019-01-25,10,0,173,5.84,5.84,0.0,169.845209,0.0
2019-01-25,10,0,188,5.08,5.08,0.0,149.421413,0.0
2019-01-25,10,0,190,2.6,2.6,0.0,77.50168,0.0
2019-01-25,10,0,191,6.71,6.71,0.0,200.013952,0.0
2019-01-25,10,0,192,0.0,0.0,0.0,0.0,0.0
2019-01-25,10,0,194,13.54,13.54,0.0,82.548603,0.0
2019-01-25,10,0,196,2.88,2.88,0.0,79.351372,0.0
2019-01-25,10,0,198,5.82,5.82,0.0,66.944009,0.0
2019-01-25,10,0,199,0.0,0.0,0.0,0.0,0.0
2019-01-25,10,0,200,9.06,9.06,0.0,84.541118,0.0
2019-01-25,10,0,204,59.53,59.53,0.0,689.645581,0.0
2019-01-25,10,0,205,225.54,225.54,0.0,2625.995278,0.0
2019-01-25,10,0,206,55.3,55.3,0.0,595.63747,0.0
2019-01-25,10,0,210,1.31,1.31,0.0,12.087125,0.0
2019-01-25,10,0,214,7.47,7.47,0.0,102.956445,0.0
2019-01-25,10,0,217,5.22,5.22,0.0,61.566868,0.0
2019-01-25,10,0,218,7.2,7.2,0.0,84.919818,0.0
2019-01-25,10,0,219,4.91,4.91,0.0,57.910598,0.0
2019-01-25,10,0,221,3.99,3.99,0.0,54.9928,0.0
2019-01-25,10,0,225,4.08,4.08,0.0,36.605181,0.0
2019-01-25,10,0,233,4.03,4.03,0.0,54.243137,0.0
2019-01-25,10,0,236,5.04,5.04,0.0,63.56575,0.0
2019-01-25,10,0,237,6.27,6.27,0.0,77.133066,0.0
2019-01-25,10,0,238,34.24,34.24,0.0,438.198691,0.0
2019-01-25,10,0,240,5.75,5.75,0.0,68.350369,0.0
2019-01-25,10,0,245,10.02,10.02,0.0,130.223401,0.0
2019-01-25,10,0,247,0.0,0.0,0.0,0.0,0.0
2019-01-25,10,0,248,0.68,0.68,0.0,8.365309,0.0
2019-01-25,10,0,249,19.26,19.26,0.0,250.309651,0.0
2019-01-25,10,0,251,0.0,0.0,0.0,0.0,0.0
2019-01-25,10,0,252,0.0,0.0,0.0,0.0,0.0
2019-01-25,10,0,254,8.38,8.38,0.0,98.951951,0.0
2019-01-25,10,0,255,3.84,3.84,0.0,45.343137,0.0
2019-01-25,10,0,258,7.19,7.19,0.0,85.381457,0.0
2019-01-25,10,0,260,2.8,2.8,0.0,33.023734,0.0
2019-01-25,10,0,265,34.08,34.08,0.0,387.267239,0.0
2019-01-25,10,0,266,5.44,5.44,0.0,61.817306,0.0
2019-01-25,10,0,267,6.68,6.68,0.0,75.908015,0.0
2019-01-25,10,0,270,0.0,0.0,0.0,0.0,0.0
2019-01-25,10,0,272,49.76,49.76,0.0,448.495197,0.0
2019-01-25,10,0,273,12.26,12.26,0.0,294.071978,0.0
2019-01-25,10,0,274,0.0,0.0,0.0,0.0,0.0
2019-01-25,10,0,275,0.0,0.0,0.0,0.0,0.0
2019-01-25,10,0,276,2.81,2.81,0.0,61.815079,0.0
2019-01-25,10,0,277,3.5,3.5,0.0,32.677444,0.0
2019-01-25,10,0,278,5.6,5.6,0.0,52.28391,0.0
2019-01-25,10,0,279,9.78,9.78,0.0,91.310114,0.0
2019-01-25,10,0,281,4.07,4.07,0.0,43.88147,0.0
2019-01-25,10,0,282,130.45,130.45,0.0,1406.471207,0.0
2019-01-25,11,0,9,2.11,2.11,0.0,20.140299,0.0
2019-01-25,11,0,17,37.66,37.66,0.0,407.692687,0.0
2019-01-25,11,0,19,159.11,159.11,0.0,1722.463713,0.0
2019-01-25,11,0,20,192.97,192.97,0.0,2089.01906,0.0
2019-01-25,11,0,21,48.28,48.28,0.0,460.840587,0.0
2019-01-25,11,0,22,171.57,171.57,0.0,1637.664031,0.0
2019-01-25,11,0,23,11.9,11.9,0.0,113.587469,0.0
2019-01-25,11,0,24,21.04,21.04,0.0,200.83028,0.0
2019-01-25,11,0,29,6.54,6.54,0.0,64.583425,0.0
2019-01-25,11,0,30,403.42,403.42,0.0,3847.831261,0.0
2019-01-25,11,0,31,2.61,2.61,0.0,24.894253,0.0
2019-01-25,11,0,32,3.83,3.83,0.0,97.622642,0.0
2019-01-25,11,0,33,2.1,2.1,0.0,23.31475,0.0
2019-01-25,11,0,34,3.37,3.37,0.0,37.414623,0.0
2019-01-25,11,0,35,3.37,3.37,0.0,37.414623,0.0
2019-01-25,11,0,36,7.77,7.77,0.0,80.378212,0.0
2019-01-25,11,0,37,3.58,3.58,0.0,36.983311,0.0
2019-01-25,11,0,38,4.6,4.6,0.0,47.520455,0.0
2019-01-25,11,0,39,3.06,3.06,0.0,31.611433,0.0
2019-01-25,11,0,40,3.06,3.06,0.0,31.611433,0.0
2019-01-25,11,0,41,7.31,7.31,0.0,72.580726,0.0
2019-01-25,11,0,42,40.22,40.22,0.0,432.994381,0.0
2019-01-25,11,0,43,23.46,23.46,0.0,242.891843,0.0
2019-01-25,11,0,46,20.69,20.69,0.0,211.990589,0.0
2019-01-25,11,0,52,2.78,2.78,0.0,26.515718,0.0
2019-01-25,11,0,53,4.53,4.53,0.0,43.207267,0.0
2019-01-25,11,0,55,37.69,37.69,0.0,359.757285,0.0
2019-01-25,11,0,56,119.0,119.0,0.0,1135.025333,0.0
2019-01-25,11,0,57,113.19,113.19,0.0,1079.609391,0.0
2019-01-25,11,0,58,217.67,217.67,0.0,2076.142557,0.0
2019-01-25,11,0,59,214.05,214.05,0.0,2041.614896,0.0
2019-01-25,11,0,63,2.46,2.46,0.0,62.455088,0.0
2019-01-25,11,0,64,2.89,2.89,0.0,73.372035,0.0
2019-01-25,11,0,65,4.55,4.55,0.0,49.205866,0.0
2019-01-25,11,0,67,219.66,219.66,0.0,2904.378328,0.0
2019-01-25,11,0,68,1.4,1.4,0.0,15.144717,0.0
2019-01-25,11,0,69,2.1,2.1,0.0,23.31475,0.0
2019-01-25,11,0,74,0.0,0.0,0.0,0.0,0.0
2019-01-25,11,0,77,11.49,11.49,0.0,101.820481,0.0
2019-01-25,11,0,78,8.69,8.69,0.0,77.007831,0.0
2019-01-25,11,0,79,5.03,5.03,0.0,44.574153,0.0
2019-01-25,11,0,80,8.13,8.13,0.0,72.045301,0.0
2019-01-25,11,0,81,10.63,10.63,0.0,94.199452,0.0
2019-01-25,11,0,82,7.5,7.5,0.0,66.462455,0.0
2019-01-25,11,0,83,16.72,16.72,0.0,148.166966,0.0
2019-01-25,11,0,84,0.0,0.0,0.0,0.0,0.0
2019-01-25,11,0,86,10.66,10.66,0.0,118.350114,0.0
2019-01-25,11,0,87,54.4,54.4,0.0,603.963057,0.0
2019-01-25,11,0,88,10.64,10.64,0.0,94.288069,0.0
2019-01-25,11,0,89,10.23,10.23,0.0,90.654788,0.0
2019-01-25,11,0,90,13.74,13.74,0.0,121.759217,0.0
2019-01-25,11,0,91,49.01,49.01,0.0,434.309987,0.0
2019-01-25,11,0,92,17.63,17.63,0.0,156.231077,0.0
2019-01-25,11,0,95,14.12,14.12,0.0,358.841351,0.0
2019-01-25,11,0,96,4.92,4.92,0.0,46.890398,0.0
2019-01-25,11,0,97,36.15,36.15,0.0,344.530059,0.0
2019-01-25,11,0,99,0.0,0.0,0.0,0.0,0.0
2019-01-25,11,0,101,8.13,8.13,0.0,77.544168,0.0
2019-01-25,11,0,102,3.32,3.32,0.0,35.914615,0.0
2019-01-25,11,0,103,2.89,2.89,0.0,31.263024,0.0
2019-01-25,11,0,104,0.54,0.54,0.0,5.841534,0.0
2019-01-25,11,0,106,168.89,168.89,0.0,1612.082988,0.0
2019-01-25,11,0,109,26.41,26.41,0.0,268.139282,0.0
2019-01-25,11,0,110,144.87,144.87,0.0,2982.220435,0.0
2019-01-25,11,0,111,12.69,12.69,0.0,125.998552,0.0
2019-01-25,11,0,113,7.79,7.79,0.0,64.045298,0.0
2019-01-25,11,0,115,7.79,7.79,0.0,64.045298,0.0
2019-01-25,11,0,116,84.23,84.23,0.0,1733.916112,0.0
2019-01-25,11,0,117,0.52,0.52,0.0,4.275168,0.0
2019-01-25,11,0,119,2.89,2.89,0.0,73.372035,0.0
2019-01-25,11,0,120,1.7,1.7,0.0,43.16002,0.0
2019-01-25,11,0,123,2.81,2.81,0.0,26.821915,0.0
2019-01-25,11,0,125,19.04,19.04,0.0,181.73995,0.0
2019-01-25,11,0,126,126.67,126.67,0.0,1209.086104,0.0
2019-01-25,11,0,127,162.56,162.56,0.0,1551.662091,0.0
2019-01-25,11,0,128,27.27,27.27,0.0,260.296661,0.0
2019-01-25,11,0,131,3.59,3.59,0.0,36.530001,0.0
2019-01-25,11,0,132,5.28,5.28,0.0,53.726575,0.0
2019-01-25,11,0,133,21.19,21.19,0.0,229.417036,0.0
2019-01-25,11,0,134,0.0,0.0,0.0,0.0,0.0
2019-01-25,11,0,135,28.39,28.39,0.0,307.369026,0.0
2019-01-25,11,0,136,12.01,12.01,0.0,129.874513,0.0
2019-01-25,11,0,139,9.44,9.44,0.0,93.72942,0.0
2019-01-25,11,0,140,107.22,107.22,0.0,2207.176607,0.0
2019-01-25,11,0,141,56.47,56.47,0.0,746.655031,0.0
2019-01-25,11,0,142,289.68,289.68,0.0,3830.193544,0.0
2019-01-25,11,0,143,0.0,0.0,0.0,0.0,0.0
2019-01-25,11,0,145,11.21,11.21,0.0,109.482473,0.0
2019-01-25,11,0,146,194.92,194.92,0.0,4012.524381,0.0
2019-01-25,11,0,152,5.39,5.39,0.0,56.625274,0.0
2019-01-25,11,0,153,6.84,6.84,0.0,71.759021,0.0
2019-01-25,11,0,154,52.34,52.34,0.0,519.681972,0.0
2019-01-25,11,0,157,25.05,25.05,0.0,331.214955,0.0
2019-01-25,11,0,158,201.4,201.4,0.0,2662.941797,0.0
2019-01-25,11,0,159,0.0,0.0,0.0,0.0,0.0
2019-01-25,11,0,160,1.75,1.75,0.0,18.285707,0.0
2019-01-25,11,0,161,42.7,42.7,0.0,461.913879,0.0
2019-01-25,11,0,162,14.66,14.66,0.0,372.632715,0.0
2019-01-25,11,0,163,0.0,0.0,0.0,0.0,0.0
2019-01-25,11,0,164,15.05,15.05,0.0,143.547322,0.0
2019-01-25,11,0,167,4.48,4.48,0.0,113.890168,0.0
2019-01-25,11,0,168,2.24,2.24,0.0,56.945084,0.0
2019-01-25,11,0,169,0.0,0.0,0.0,0.0,0.0
2019-01-25,11,0,170,4.9,4.9,0.0,124.567371,0.0
2019-01-25,11,0,172,5.83,5.83,0.0,144.143706,0.0
2019-01-25,11,0,173,8.88,8.88,0.0,219.553364,0.0
2019-01-25,11,0,188,7.8,7.8,0.0,195.278296,0.0
2019-01-25,11,0,190,4.22,4.22,0.0,107.138404,0.0
2019-01-25,11,0,191,10.9,10.9,0.0,276.731896,0.0
2019-01-25,11,0,192,0.0,0.0,0.0,0.0,0.0
2019-01-25,11,0,194,11.92,11.92,0.0,69.545683,0.0
2019-01-25,11,0,196,4.65,4.65,0.0,109.421361,0.0
2019-01-25,11,0,198,8.73,8.73,0.0,91.952991,0.0
2019-01-25,11,0,199,0.0,0.0,0.0,0.0,0.0
2019-01-25,11,0,200,13.74,13.74,0.0,128.354642,0.0
2019-01-25,11,0,204,83.7,83.7,0.0,846.990533,0.0
2019-01-25,11,0,205,172.67,172.67,0.0,1753.109044,0.0
2019-01-25,11,0,206,138.19,138.19,0.0,1317.029291,0.0
2019-01-25,11,0,210,1.92,1.92,0.0,19.138758,0.0
2019-01-25,11,0,214,11.02,11.02,0.0,124.153425,0.0
2019-01-25,11,0,217,7.72,7.72,0.0,82.61021,0.0
2019-01-25,11,0,218,10.66,10.66,0.0,114.070575,0.0
2019-01-25,11,0,219,7.26,7.26,0.0,77.68784,0.0
2019-01-25,11,0,221,5.88,5.88,0.0,66.245203,0.0
2019-01-25,11,0,225,6.03,6.03,0.0,59.492969,0.0
2019-01-25,11,0,233,6.03,6.03,0.0,66.94664,0.0
2019-01-25,11,0,236,5.35,5.35,0.0,57.096413,0.0
2019-01-25,11,0,237,0.0,0.0,0.0,0.0,0.0
2019-01-25,11,0,238,52.35,52.35,0.0,563.581697,0.0
2019-01-25,11,0,240,8.81,8.81,0.0,91.136686,0.0
2019-01-25,11,0,245,29.91,29.91,0.0,325.01939,0.0
2019-01-25,11,0,247,19.17,19.17,0.0,208.312327,0.0
2019-01-25,11,0,248,0.0,0.0,0.0,0.0,0.0
2019-01-25,11,0,249,57.51,57.51,0.0,624.936981,0.0
2019-01-25,11,0,251,17.97,17.97,0.0,194.007474,0.0
2019-01-25,11,0,252,29.38,29.38,0.0,317.729307,0.0
2019-01-25,11,0,254,12.64,12.64,0.0,131.17056,0.0
2019-01-25,11,0,255,5.79,5.79,0.0,60.085249,0.0
2019-01-25,11,0,258,11.01,11.01,0.0,113.910572,0.0
2019-01-25,11,0,260,4.25,4.25,0.0,44.408146,0.0
2019-01-25,11,0,265,54.19,54.19,0.0,538.050556,0.0
2019-01-25,11,0,266,6.11,6.11,0.0,60.66597,0.0
2019-01-25,11,0,267,7.51,7.51,0.0,74.566519,0.0
2019-01-25,11,0,270,0.0,0.0,0.0,0.0,0.0
2019-01-25,11,0,272,26.02,26.02,0.0,213.922807,0.0
2019-01-25,11,0,273,20.14,20.14,0.0,414.591838,0.0
2019-01-25,11,0,274,0.0,0.0,0.0,0.0,0.0
2019-01-25,11,0,275,0.0,0.0,0.0,0.0,0.0
2019-01-25,11,0,276,4.6,4.6,0.0,87.13051,0.0
2019-01-25,11,0,277,5.67,5.67,0.0,48.071033,0.0
2019-01-25,11,0,278,9.07,9.07,0.0,76.896697,0.0
2019-01-25,11,0,279,10.98,10.98,0.0,93.089937,0.0
2019-01-25,11,0,281,1.14,1.14,0.0,10.873352,0.0
2019-01-25,11,0,282,221.3,221.3,0.0,2110.765599,0.0
2019-01-25,12,0,9,2.99,2.99,0.0,16.648933,0.0
2019-01-25,12,0,17,49.31,49.31,0.0,462.201161,0.0
2019-01-25,12,0,19,192.99,192.99,0.0,1808.967797,0.0
2019-01-25,12,0,20,234.06,234.06,0.0,2193.932342,0.0
2019-01-25,12,0,21,68.38,68.38,0.0,380.753865,0.0
2019-01-25,12,0,22,243.02,243.02,0.0,1353.185205,0.0
2019-01-25,12,0,23,13.46,13.46,0.0,74.948041,0.0
2019-01-25,12,0,24,22.54,22.54,0.0,125.507343,0.0
2019-01-25,12,0,29,8.41,8.41,0.0,78.244252,0.0
2019-01-25,12,0,30,578.01,578.01,0.0,3205.10988,0.0
2019-01-25,12,0,31,0.0,0.0,0.0,0.0,0.0
2019-01-25,12,0,32,5.14,5.14,0.0,115.452433,0.0
2019-01-25,12,0,33,2.74,2.74,0.0,27.661495,0.0
2019-01-25,12,0,34,4.39,4.39,0.0,44.318965,0.0
2019-01-25,12,0,35,4.39,4.39,0.0,44.318965,0.0
2019-01-25,12,0,36,10.57,10.57,0.0,86.839098,0.0
2019-01-25,12,0,37,4.94,4.94,0.0,40.480424,0.0
2019-01-25,12,0,38,6.35,6.35,0.0,52.034553,0.0
2019-01-25,12,0,39,4.23,4.23,0.0,34.662387,0.0
2019-01-25,12,0,40,4.23,4.23,0.0,34.662387,0.0
2019-01-25,12,0,41,10.59,10.59,0.0,71.854795,0.0
2019-01-25,12,0,42,56.33,56.33,0.0,519.185636,0.0
2019-01-25,12,0,43,31.35,31.35,0.0,261.645624,0.0
2019-01-25,12,0,46,27.6,27.6,0.0,219.153296,0.0
2019-01-25,12,0,52,0.0,0.0,0.0,0.0,0.0
2019-01-25,12,0,53,0.0,0.0,0.0,0.0,0.0
2019-01-25,12,0,55,71.75,71.75,0.0,399.518717,0.0
2019-01-25,12,0,56,170.49,170.49,0.0,945.380155,0.0
2019-01-25,12,0,57,162.17,162.17,0.0,899.245115,0.0
2019-01-25,12,0,58,311.87,311.87,0.0,1729.343122,0.0
2019-01-25,12,0,59,306.68,306.68,0.0,1700.564173,0.0
2019-01-25,12,0,63,3.46,3.46,0.0,82.139276,0.0
2019-01-25,12,0,64,4.07,4.07,0.0,96.620477,0.0
2019-01-25,12,0,65,17.17,17.17,0.0,160.441645,0.0
2019-01-25,12,0,67,309.92,309.92,0.0,885.694121,0.0
2019-01-25,12,0,68,1.88,1.88,0.0,5.722192,0.0
2019-01-25,12,0,69,2.74,2.74,0.0,27.661495,0.0
2019-01-25,12,0,74,8.89,8.89,0.0,75.814203,0.0
2019-01-25,12,0,77,12.02,12.02,0.0,40.237325,0.0
2019-01-25,12,0,78,9.09,9.09,0.0,30.429059,0.0
2019-01-25,12,0,79,5.26,5.26,0.0,17.608014,0.0
2019-01-25,12,0,80,8.51,8.51,0.0,28.487491,0.0
2019-01-25,12,0,81,11.12,11.12,0.0,37.224547,0.0
2019-01-25,12,0,82,7.84,7.84,0.0,26.244645,0.0
2019-01-25,12,0,83,17.49,17.49,0.0,58.548321,0.0
2019-01-25,12,0,84,0.0,0.0,0.0,0.0,0.0
2019-01-25,12,0,86,13.9,13.9,0.0,140.326563,0.0
2019-01-25,12,0,87,70.96,70.96,0.0,716.37215,0.0
2019-01-25,12,0,88,10.84,10.84,0.0,36.287238,0.0
2019-01-25,12,0,89,10.42,10.42,0.0,34.881275,0.0
2019-01-25,12,0,90,13.99,13.99,0.0,46.831962,0.0
2019-01-25,12,0,91,49.92,49.92,0.0,167.108758,0.0
2019-01-25,12,0,92,17.95,17.95,0.0,60.088185,0.0
2019-01-25,12,0,95,18.38,18.38,0.0,412.258559,0.0
2019-01-25,12,0,96,7.82,7.82,0.0,43.173482,0.0
2019-01-25,12,0,97,48.09,48.09,0.0,265.500349,0.0
2019-01-25,12,0,99,1.72,1.72,0.0,14.668215,0.0
2019-01-25,12,0,101,11.64,11.64,0.0,64.544695,0.0
2019-01-25,12,0,102,4.44,4.44,0.0,13.514113,0.0
2019-01-25,12,0,103,3.86,3.86,0.0,11.748756,0.0
2019-01-25,12,0,104,0.72,0.72,0.0,2.191478,0.0
2019-01-25,12,0,106,239.24,239.24,0.0,1332.13739,0.0
2019-01-25,12,0,109,32.28,32.28,0.0,243.994117,0.0
2019-01-25,12,0,110,152.3,152.3,0.0,348.541415,0.0
2019-01-25,12,0,111,17.25,17.25,0.0,117.04393,0.0
2019-01-25,12,0,113,4.57,4.57,0.0,13.234298,0.0
2019-01-25,12,0,115,4.57,4.57,0.0,13.234298,0.0
2019-01-25,12,0,116,117.01,117.01,0.0,267.779587,0.0
2019-01-25,12,0,117,0.3,0.3,0.0,0.868772,0.0
2019-01-25,12,0,119,4.07,4.07,0.0,96.620477,0.0
2019-01-25,12,0,120,2.4,2.4,0.0,56.97522,0.0
2019-01-25,12,0,123,3.99,3.99,0.0,22.217138,0.0
2019-01-25,12,0,125,20.62,20.62,0.0,114.816389,0.0
2019-01-25,12,0,126,179.43,179.43,0.0,999.103043,0.0
2019-01-25,12,0,127,230.26,230.26,0.0,1282.134908,0.0
2019-01-25,12,0,128,28.27,28.27,0.0,157.413158,0.0
2019-01-25,12,0,131,4.25,4.25,0.0,13.146815,0.0
2019-01-25,12,0,132,6.25,6.25,0.0,19.333552,0.0
2019-01-25,12,0,133,41.94,41.94,0.0,393.234268,0.0
2019-01-25,12,0,134,0.0,0.0,0.0,0.0,0.0
2019-01-25,12,0,135,56.2,56.2,0.0,526.937669,0.0
2019-01-25,12,0,136,30.33,30.33,0.0,283.364233,0.0
2019-01-25,12,0,139,13.68,13.68,0.0,92.820925,0.0
2019-01-25,12,0,140,112.72,112.72,0.0,257.961841,0.0
2019-01-25,12,0,141,65.71,65.71,0.0,187.787044,0.0
2019-01-25,12,0,142,408.71,408.71,0.0,1168.017695,0.0
2019-01-25,12,0,143,0.0,0.0,0.0,0.0,0.0
2019-01-25,12,0,145,11.34,11.34,0.0,71.359489,0.0
2019-01-25,12,0,146,160.09,160.09,0.0,366.368977,0.0
2019-01-25,12,0,152,7.51,7.51,0.0,64.18791,0.0
2019-01-25,12,0,153,9.56,9.56,0.0,81.352163,0.0
2019-01-25,12,0,154,71.16,71.16,0.0,482.831655,0.0
2019-01-25,12,0,157,18.83,18.83,0.0,53.812662,0.0
2019-01-25,12,0,158,283.68,283.68,0.0,810.705047,0.0
2019-01-25,12,0,159,0.0,0.0,0.0,0.0,0.0
2019-01-25,12,0,160,2.35,2.35,0.0,20.768902,0.0
2019-01-25,12,0,161,59.96,59.96,0.0,182.501397,0.0
2019-01-25,12,0,162,18.4,18.4,0.0,413.080477,0.0
2019-01-25,12,0,163,0.0,0.0,0.0,0.0,0.0
2019-01-25,12,0,164,21.62,21.62,0.0,119.884562,0.0
2019-01-25,12,0,167,5.97,5.97,0.0,133.727667,0.0
2019-01-25,12,0,168,2.98,2.98,0.0,66.751834,0.0
2019-01-25,12,0,169,0.0,0.0,0.0,0.0,0.0
2019-01-25,12,0,170,6.53,6.53,0.0,146.271636,0.0
2019-01-25,12,0,172,7.69,7.69,0.0,161.940101,0.0
2019-01-25,12,0,173,11.71,11.71,0.0,246.595394,0.0
2019-01-25,12,0,188,10.62,10.62,0.0,231.199741,0.0
2019-01-25,12,0,190,5.82,5.82,0.0,138.164909,0.0
2019-01-25,12,0,191,15.04,15.04,0.0,357.044712,0.0
2019-01-25,12,0,192,0.0,0.0,0.0,0.0,0.0
2019-01-25,12,0,194,11.55,11.55,0.0,30.179197,0.0
2019-01-25,12,0,196,6.35,6.35,0.0,155.995118,0.0
2019-01-25,12,0,198,11.46,11.46,0.0,109.947411,0.0
2019-01-25,12,0,199,5.16,5.16,0.0,46.794662,0.0
2019-01-25,12,0,200,18.56,18.56,0.0,168.315684,0.0
2019-01-25,12,0,204,134.24,134.24,0.0,1001.689329,0.0
2019-01-25,12,0,205,170.74,170.74,0.0,1290.568635,0.0
2019-01-25,12,0,206,141.31,141.31,0.0,780.159167,0.0
2019-01-25,12,0,210,2.45,2.45,0.0,23.245544,0.0
2019-01-25,12,0,214,14.47,14.47,0.0,152.264614,0.0
2019-01-25,12,0,217,9.98,9.98,0.0,100.565248,0.0
2019-01-25,12,0,218,13.77,13.77,0.0,138.755858,0.0
2019-01-25,12,0,219,9.38,9.38,0.0,94.519241,0.0
2019-01-25,12,0,221,7.72,7.72,0.0,81.235855,0.0
2019-01-25,12,0,225,7.61,7.61,0.0,70.665862,0.0
2019-01-25,12,0,233,7.86,7.86,0.0,79.350128,0.0
2019-01-25,12,0,236,19.91,19.91,0.0,178.69701,0.0
2019-01-25,12,0,237,21.34,21.34,0.0,181.988199,0.0
2019-01-25,12,0,238,73.32,73.32,0.0,675.780061,0.0
2019-01-25,12,0,240,11.98,11.98,0.0,98.423121,0.0
2019-01-25,12,0,245,74.35,74.35,0.0,704.859787,0.0
2019-01-25,12,0,247,79.89,79.89,0.0,757.380611,0.0
2019-01-25,12,0,248,2.14,2.14,0.0,18.249988,0.0
2019-01-25,12,0,249,142.98,142.98,0.0,1355.492298,0.0
2019-01-25,12,0,251,85.34,85.34,0.0,793.368818,0.0
2019-01-25,12,0,252,110.76,110.76,0.0,1034.97476,0.0
2019-01-25,12,0,254,17.21,17.21,0.0,145.758073,0.0
2019-01-25,12,0,255,7.89,7.89,0.0,66.823428,0.0
2019-01-25,12,0,258,14.88,14.88,0.0,122.56164,0.0
2019-01-25,12,0,260,5.71,5.71,0.0,50.464014,0.0
2019-01-25,12,0,265,73.67,73.67,0.0,499.862395,0.0
2019-01-25,12,0,266,8.86,8.86,0.0,60.116476,0.0
2019-01-25,12,0,267,10.89,10.89,0.0,73.890342,0.0
2019-01-25,12,0,270,0.0,0.0,0.0,0.0,0.0
2019-01-25,12,0,272,15.29,15.29,0.0,44.278429,0.0
2019-01-25,12,0,273,27.98,27.98,0.0,64.032756,0.0
2019-01-25,12,0,274,0.0,0.0,0.0,0.0,0.0
2019-01-25,12,0,275,0.0,0.0,0.0,0.0,0.0
2019-01-25,12,0,276,6.36,6.36,0.0,15.363411,0.0
2019-01-25,12,0,277,7.8,7.8,0.0,24.000373,0.0
2019-01-25,12,0,278,12.48,12.48,0.0,38.400596,0.0
2019-01-25,12,0,279,14.19,14.19,0.0,43.662217,0.0
2019-01-25,12,0,281,0.0,0.0,0.0,0.0,0.0
2019-01-25,12,0,282,317.07,317.07,0.0,1758.177522,0.0
2019-01-25,13,0,9,3.6,3.6,0.0,-451.648106,0.0
2019-01-25,13,0,17,51.31,51.31,0.0,471.139316,0.0
2019-01-25,13,0,19,192.99,192.99,0.0,1772.075162,0.0
2019-01-25,13,0,20,234.06,234.06,0.0,2149.188623,0.0
2019-01-25,13,0,21,82.4,82.4,0.0,-10337.723312,0.0
2019-01-25,13,0,22,292.84,292.84,0.0,-36739.064257,0.0
2019-01-25,13,0,23,42.0,42.0,0.0,-5269.227902,0.0
2019-01-25,13,0,24,73.35,73.35,0.0,-9202.330157,0.0
2019-01-25,13,0,29,9.75,9.75,0.0,92.570512,0.0
2019-01-25,13,0,30,709.4,709.4,0.0,-234721.564599,0.0
2019-01-25,13,0,31,6.83,6.83,0.0,-2259.865078,0.0
2019-01-25,13,0,32,4.98,4.98,0.0,96.618359,0.0
2019-01-25,13,0,33,3.2,3.2,0.0,33.580602,0.0
2019-01-25,13,0,34,5.13,5.13,0.0,53.833903,0.0
2019-01-25,13,0,35,5.13,5.13,0.0,53.833903,0.0
2019-01-25,13,0,36,12.12,12.12,0.0,88.689839,0.0
2019-01-25,13,0,37,5.67,5.67,0.0,41.547655,0.0
2019-01-25,13,0,38,7.28,7.28,0.0,53.345138,0.0
2019-01-25,13,0,39,4.86,4.86,0.0,35.612276,0.0
2019-01-25,13,0,40,4.86,4.86,0.0,35.612276,0.0
2019-01-25,13,0,41,17.17,17.17,0.0,43.513524,0.0
2019-01-25,13,0,42,46.25,46.25,0.0,411.526773,0.0
2019-01-25,13,0,43,35.49,35.49,0.0,270.60639,0.0
2019-01-25,13,0,46,33.86,33.86,0.0,238.588456,0.0
2019-01-25,13,0,52,7.24,7.24,0.0,-2395.523157,0.0
2019-01-25,13,0,53,11.5,11.5,0.0,-3805.043689,0.0
2019-01-25,13,0,55,133.75,133.75,0.0,-16779.981712,0.0
2019-01-25,13,0,56,209.25,209.25,0.0,-69235.251469,0.0
2019-01-25,13,0,57,199.04,199.04,0.0,-65857.03442,0.0
2019-01-25,13,0,58,382.77,382.77,0.0,-126648.397634,0.0
2019-01-25,13,0,59,376.39,376.39,0.0,-124537.42557,0.0
2019-01-25,13,0,63,5.08,5.08,0.0,106.096827,0.0
2019-01-25,13,0,64,5.97,5.97,0.0,124.684657,0.0
2019-01-25,13,0,65,41.4,41.4,0.0,377.956891,0.0
2019-01-25,13,0,67,379.66,379.66,0.0,3976.38612,0.0
2019-01-25,13,0,68,2.62,2.62,0.0,34.486758,0.0
2019-01-25,13,0,69,3.2,3.2,0.0,33.580602,0.0
2019-01-25,13,0,74,33.63,33.63,0.0,253.357044,0.0
2019-01-25,13,0,77,14.59,14.59,0.0,228.6011,0.0
2019-01-25,13,0,78,11.03,11.03,0.0,172.821805,0.0
2019-01-25,13,0,79,6.38,6.38,0.0,99.964018,0.0
2019-01-25,13,0,80,10.32,10.32,0.0,161.697282,0.0
2019-01-25,13,0,81,13.49,13.49,0.0,211.365924,0.0
2019-01-25,13,0,82,9.52,9.52,0.0,149.162609,0.0
2019-01-25,13,0,83,21.23,21.23,0.0,332.638886,0.0
2019-01-25,13,0,84,0.0,0.0,0.0,0.0,0.0
2019-01-25,13,0,86,16.23,16.23,0.0,170.316618,0.0
2019-01-25,13,0,87,82.86,82.86,0.0,869.527723,0.0
2019-01-25,13,0,88,12.94,12.94,0.0,202.748337,0.0
2019-01-25,13,0,89,12.44,12.44,0.0,194.914166,0.0
2019-01-25,13,0,90,16.7,16.7,0.0,261.6613,0.0
2019-01-25,13,0,91,59.57,59.57,0.0,933.363092,0.0
2019-01-25,13,0,92,21.42,21.42,0.0,335.615871,0.0
2019-01-25,13,0,95,26.83,26.83,0.0,521.730272,0.0
2019-01-25,13,0,96,13.42,13.42,0.0,262.412809,0.0
2019-01-25,13,0,97,82.55,82.55,0.0,1614.171189,0.0
2019-01-25,13,0,99,6.49,6.49,0.0,48.893465,0.0
2019-01-25,13,0,101,14.29,14.29,0.0,-4728.180375,0.0
2019-01-25,13,0,102,6.19,6.19,0.0,81.478257,0.0
2019-01-25,13,0,103,5.39,5.39,0.0,70.94795,0.0
2019-01-25,13,0,104,1.0,1.0,0.0,13.162885,0.0
2019-01-25,13,0,106,288.28,288.28,0.0,-36166.976657,0.0
2019-01-25,13,0,109,56.44,56.44,0.0,364.85213,0.0
2019-01-25,13,0,110,163.99,163.99,0.0,366.998363,0.0
2019-01-25,13,0,111,21.47,21.47,0.0,54.410912,0.0
2019-01-25,13,0,113,5.69,5.69,0.0,87.289159,0.0
2019-01-25,13,0,115,5.69,5.69,0.0,87.289159,0.0
2019-01-25,13,0,116,137.47,137.47,0.0,307.648423,0.0
2019-01-25,13,0,117,0.38,0.38,0.0,5.829504,0.0
2019-01-25,13,0,119,5.97,5.97,0.0,124.684657,0.0
2019-01-25,13,0,120,3.51,3.51,0.0,73.30706,0.0
2019-01-25,13,0,123,4.8,4.8,0.0,-602.197475,0.0
2019-01-25,13,0,125,66.6,66.6,0.0,-8355.489959,0.0
2019-01-25,13,0,126,216.21,216.21,0.0,-27125.232492,0.0
2019-01-25,13,0,127,277.47,277.47,0.0,-34810.777761,0.0
2019-01-25,13,0,128,94.02,94.02,0.0,-11795.543032,0.0
2019-01-25,13,0,131,5.44,5.44,0.0,75.513318,0.0
2019-01-25,13,0,132,8.0,8.0,0.0,111.048998,0.0
2019-01-25,13,0,133,41.94,41.94,0.0,385.310694,0.0
2019-01-25,13,0,134,0.0,0.0,0.0,0.0,0.0
2019-01-25,13,0,135,56.2,56.2,0.0,516.320005,0.0
2019-01-25,13,0,136,45.9,45.9,0.0,418.906068,0.0
2019-01-25,13,0,139,22.17,22.17,0.0,56.184905,0.0
2019-01-25,13,0,140,121.37,121.37,0.0,271.617729,0.0
2019-01-25,13,0,141,88.34,88.34,0.0,925.232971,0.0
2019-01-25,13,0,142,500.67,500.67,0.0,5243.789808,0.0
2019-01-25,13,0,143,6.64,6.64,0.0,-2196.999139,0.0
2019-01-25,13,0,145,38.63,38.63,0.0,189.29079,0.0
2019-01-25,13,0,146,168.77,168.77,0.0,377.695675,0.0
2019-01-25,13,0,152,9.15,9.15,0.0,70.915009,0.0
2019-01-25,13,0,153,11.57,11.57,0.0,88.937984,0.0
2019-01-25,13,0,154,88.58,88.58,0.0,224.486193,0.0
2019-01-25,13,0,157,31.2,31.2,0.0,326.774606,0.0
2019-01-25,13,0,158,354.78,354.78,0.0,3715.804319,0.0
2019-01-25,13,0,159,0.0,0.0,0.0,0.0,0.0
2019-01-25,13,0,160,2.46,2.46,0.0,20.885401,0.0
2019-01-25,13,0,161,72.43,72.43,0.0,953.387752,0.0
2019-01-25,13,0,162,30.31,30.31,0.0,589.917615,0.0
2019-01-25,13,0,163,2.13,2.13,0.0,4.766794,0.0
2019-01-25,13,0,164,26.35,26.35,0.0,-8718.513148,0.0
2019-01-25,13,0,167,6.2,6.2,0.0,120.31124,0.0
2019-01-25,13,0,168,3.1,3.1,0.0,60.15562,0.0
2019-01-25,13,0,169,0.0,0.0,0.0,0.0,0.0
2019-01-25,13,0,170,6.78,6.78,0.0,131.566162,0.0
2019-01-25,13,0,172,7.85,7.85,0.0,146.97604,0.0
2019-01-25,13,0,173,11.96,11.96,0.0,223.927827,0.0
2019-01-25,13,0,188,9.82,9.82,0.0,187.659002,0.0
2019-01-25,13,0,190,7.7,7.7,0.0,160.816057,0.0
2019-01-25,13,0,191,19.9,19.9,0.0,415.615523,0.0
2019-01-25,13,0,192,8.97,8.97,0.0,187.340264,0.0
2019-01-25,13,0,194,12.24,12.24,0.0,208.53331,0.0
2019-01-25,13,0,196,7.3,7.3,0.0,172.79101,0.0
2019-01-25,13,0,198,10.51,10.51,0.0,103.433127,0.0
2019-01-25,13,0,199,10.05,10.05,0.0,146.644858,0.0
2019-01-25,13,0,200,16.71,16.71,0.0,243.824435,0.0
2019-01-25,13,0,204,221.91,221.91,0.0,1412.225362,0.0
2019-01-25,13,0,205,298.58,298.58,0.0,1930.147926,0.0
2019-01-25,13,0,206,242.58,242.58,0.0,4743.375495,0.0
2019-01-25,13,0,210,2.93,2.93,0.0,28.748454,0.0
2019-01-25,13,0,214,17.23,17.23,0.0,194.116471,0.0
2019-01-25,13,0,217,11.65,11.65,0.0,124.016223,0.0
2019-01-25,13,0,218,16.07,16.07,0.0,171.067872,0.0
2019-01-25,13,0,219,10.95,10.95,0.0,116.564604,0.0
2019-01-25,13,0,221,9.19,9.19,0.0,103.536295,0.0
2019-01-25,13,0,225,8.77,8.77,0.0,82.997213,0.0
2019-01-25,13,0,233,9.18,9.18,0.0,96.334353,0.0
2019-01-25,13,0,236,126.45,126.45,0.0,1071.832257,0.0
2019-01-25,13,0,237,80.67,80.67,0.0,607.740492,0.0
2019-01-25,13,0,238,60.2,60.2,0.0,535.652145,0.0
2019-01-25,13,0,240,13.74,13.74,0.0,100.544422,0.0
2019-01-25,13,0,245,78.0,78.0,0.0,731.362537,0.0
2019-01-25,13,0,247,171.72,171.72,0.0,1610.122755,0.0
2019-01-25,13,0,248,8.1,8.1,0.0,61.02266,0.0
2019-01-25,13,0,249,150.0,150.0,0.0,1406.466418,0.0
2019-01-25,13,0,251,246.24,246.24,0.0,2226.667974,0.0
2019-01-25,13,0,252,267.06,267.06,0.0,2438.095827,0.0
2019-01-25,13,0,254,20.24,20.24,0.0,158.721204,0.0
2019-01-25,13,0,255,9.28,9.28,0.0,72.773358,0.0
2019-01-25,13,0,258,17.18,17.18,0.0,126.569561,0.0
2019-01-25,13,0,260,5.97,5.97,0.0,50.685304,0.0
2019-01-25,13,0,265,91.71,91.71,0.0,232.418478,0.0
2019-01-25,13,0,266,14.35,14.35,0.0,36.366865,0.0
2019-01-25,13,0,267,17.64,17.64,0.0,44.704634,0.0
2019-01-25,13,0,270,6.64,6.64,0.0,14.859864,0.0
2019-01-25,13,0,272,19.01,19.01,0.0,291.628632,0.0
2019-01-25,13,0,273,32.87,32.87,0.0,73.560804,0.0
2019-01-25,13,0,274,8.56,8.56,0.0,19.156692,0.0
2019-01-25,13,0,275,11.9,11.9,0.0,26.631383,0.0
2019-01-25,13,0,276,7.6,7.6,0.0,30.983452,0.0
2019-01-25,13,0,277,9.42,9.42,0.0,145.747346,0.0
2019-01-25,13,0,278,15.08,15.08,0.0,233.31953,0.0
2019-01-25,13,0,279,28.46,28.46,0.0,440.33646,0.0
2019-01-25,13,0,281,3.07,3.07,0.0,-1015.781228,0.0
2019-01-25,13,0,282,389.15,389.15,0.0,-128759.369698,0.0
2019-01-25,14,0,9,3.77,3.77,0.0,-1469.756464,0.0
2019-01-25,14,0,17,52.16,52.16,0.0,322.760685,0.0
2019-01-25,14,0,19,192.99,192.99,0.0,1194.202158,0.0
2019-01-25,14,0,20,234.06,234.06,0.0,1448.33907,0.0
2019-01-25,14,0,21,86.24,86.24,0.0,-33621.166439,0.0
2019-01-25,14,0,22,306.5,306.5,0.0,-119490.810687,0.0
2019-01-25,14,0,23,15.14,15.14,0.0,-5902.417207,0.0
2019-01-25,14,0,24,26.04,26.04,0.0,-10151.845711,0.0
2019-01-25,14,0,29,9.94,9.94,0.0,60.507886,0.0
2019-01-25,14,0,30,744.04,744.04,0.0,-744040.0,0.0
2019-01-25,14,0,31,7.79,7.79,0.0,-7790.0,0.0
2019-01-25,14,0,32,5.11,5.11,0.0,136.563921,0.0
2019-01-25,14,0,33,3.36,3.36,0.0,31.535493,0.0
2019-01-25,14,0,34,5.38,5.38,0.0,50.494331,0.0
2019-01-25,14,0,35,5.38,5.38,0.0,50.494331,0.0
2019-01-25,14,0,36,12.69,12.69,0.0,21.894922,0.0
2019-01-25,14,0,37,5.87,5.87,0.0,10.380479,0.0
2019-01-25,14,0,38,7.54,7.54,0.0,13.333699,0.0
2019-01-25,14,0,39,5.03,5.03,0.0,8.895027,0.0
2019-01-25,14,0,40,5.03,5.03,0.0,8.895027,0.0
2019-01-25,14,0,41,16.39,16.39,0.0,-179.341028,0.0
2019-01-25,14,0,42,48.71,48.71,0.0,267.649492,0.0
2019-01-25,14,0,43,37.2,37.2,0.0,91.623499,0.0
2019-01-25,14,0,46,34.87,34.87,0.0,41.631282,0.0
2019-01-25,14,0,52,8.25,8.25,0.0,-8250.0,0.0
2019-01-25,14,0,53,13.11,13.11,0.0,-13110.0,0.0
2019-01-25,14,0,55,113.52,113.52,0.0,-44256.433374,0.0
2019-01-25,14,0,56,219.46,219.46,0.0,-219460.0,0.0
2019-01-25,14,0,57,208.76,208.76,0.0,-208760.0,0.0
2019-01-25,14,0,58,401.46,401.46,0.0,-401460.0,0.0
2019-01-25,14,0,59,394.77,394.77,0.0,-394770.0,0.0
2019-01-25,14,0,63,2.91,2.91,0.0,79.120339,0.0
2019-01-25,14,0,64,3.42,3.42,0.0,92.98679,0.0
2019-01-25,14,0,65,41.4,41.4,0.0,250.848277,0.0
2019-01-25,14,0,67,395.22,395.22,0.0,11050.125176,0.0
2019-01-25,14,0,68,0.62,0.62,0.0,17.349561,0.0
2019-01-25,14,0,69,3.36,3.36,0.0,31.535493,0.0
2019-01-25,14,0,74,38.88,38.88,0.0,82.252525,0.0
2019-01-25,14,0,77,8.93,8.93,0.0,283.027643,0.0
2019-01-25,14,0,78,6.75,6.75,0.0,213.934668,0.0
2019-01-25,14,0,79,3.91,3.91,0.0,123.923637,0.0
2019-01-25,14,0,80,6.32,6.32,0.0,200.306237,0.0
2019-01-25,14,0,81,8.26,8.26,0.0,261.792646,0.0
2019-01-25,14,0,82,5.83,5.83,0.0,184.776165,0.0
2019-01-25,14,0,83,12.99,12.99,0.0,411.705384,0.0
2019-01-25,14,0,84,0.0,0.0,0.0,0.0,0.0
2019-01-25,14,0,86,17.03,17.03,0.0,159.836144,0.0
2019-01-25,14,0,87,86.93,86.93,0.0,815.887024,0.0
2019-01-25,14,0,88,7.98,7.98,0.0,252.918319,0.0
2019-01-25,14,0,89,7.68,7.68,0.0,243.410111,0.0
2019-01-25,14,0,90,10.31,10.31,0.0,326.765397,0.0
2019-01-25,14,0,91,36.76,36.76,0.0,1165.072356,0.0
2019-01-25,14,0,92,13.22,13.22,0.0,418.995009,0.0
2019-01-25,14,0,95,20.62,20.62,0.0,550.528957,0.0
2019-01-25,14,0,96,13.08,13.08,0.0,535.473662,0.0
2019-01-25,14,0,97,87.68,87.68,0.0,3589.47482,0.0
2019-01-25,14,0,99,7.5,7.5,0.0,15.866614,0.0
2019-01-25,14,0,101,14.99,14.99,0.0,-14990.0,0.0
2019-01-25,14,0,102,1.46,1.46,0.0,40.855417,0.0
2019-01-25,14,0,103,1.27,1.27,0.0,35.538616,0.0
2019-01-25,14,0,104,0.24,0.24,0.0,6.715959,0.0
2019-01-25,14,0,106,301.73,301.73,0.0,-117631.198397,0.0
2019-01-25,14,0,109,50.39,50.39,0.0,-5.153125,0.0
2019-01-25,14,0,110,85.49,85.49,0.0,2384.037913,0.0
2019-01-25,14,0,111,23.23,23.23,0.0,-254.184996,0.0
2019-01-25,14,0,113,2.76,2.76,0.0,81.742684,0.0
2019-01-25,14,0,115,2.76,2.76,0.0,81.742684,0.0
2019-01-25,14,0,116,140.85,140.85,0.0,3927.84817,0.0
2019-01-25,14,0,117,0.18,0.18,0.0,5.331045,0.0
2019-01-25,14,0,119,3.42,3.42,0.0,92.98679,0.0
2019-01-25,14,0,120,2.01,2.01,0.0,54.650131,0.0
2019-01-25,14,0,123,5.03,5.03,0.0,-1960.974805,0.0
2019-01-25,14,0,125,23.73,23.73,0.0,-9251.278752,0.0
2019-01-25,14,0,126,226.3,226.3,0.0,-88224.373437,0.0
2019-01-25,14,0,127,290.41,290.41,0.0,-113218.030446,0.0
2019-01-25,14,0,128,32.94,32.94,0.0,-12841.85091,0.0
2019-01-25,14,0,131,2.98,2.98,0.0,92.519103,0.0
2019-01-25,14,0,132,4.38,4.38,0.0,135.984453,0.0
2019-01-25,14,0,133,41.94,41.94,0.0,260.02916,0.0
2019-01-25,14,0,134,0.0,0.0,0.0,0.0,0.0
2019-01-25,14,0,135,56.2,56.2,0.0,348.441555,0.0
2019-01-25,14,0,136,45.9,45.9,0.0,277.789943,0.0
2019-01-25,14,0,139,21.17,21.17,0.0,-231.644269,0.0
2019-01-25,14,0,140,63.28,63.28,0.0,1764.673285,0.0
2019-01-25,14,0,141,46.58,46.58,0.0,1302.350161,0.0
2019-01-25,14,0,142,521.2,521.2,0.0,14572.453928,0.0
2019-01-25,14,0,143,7.7,7.7,0.0,-7700.0,0.0
2019-01-25,14,0,145,22.17,22.17,0.0,-75.534696,0.0
2019-01-25,14,0,146,44.57,44.57,0.0,1242.912268,0.0
2019-01-25,14,0,152,9.81,9.81,0.0,26.782153,0.0
2019-01-25,14,0,153,12.28,12.28,0.0,31.656147,0.0
2019-01-25,14,0,154,95.83,95.83,0.0,-1048.581497,0.0
2019-01-25,14,0,157,11.36,11.36,0.0,317.619103,0.0
2019-01-25,14,0,158,380.56,380.56,0.0,10640.23996,0.0
2019-01-25,14,0,159,0.0,0.0,0.0,0.0,0.0
2019-01-25,14,0,160,2.55,2.55,0.0,11.338993,0.0
2019-01-25,14,0,161,74.42,74.42,0.0,2082.50695,0.0
2019-01-25,14,0,162,23.52,23.52,0.0,628.156113,0.0
2019-01-25,14,0,163,0.0,0.0,0.0,0.0,0.0
2019-01-25,14,0,164,28.5,28.5,0.0,-28500.0,0.0
2019-01-25,14,0,167,6.21,6.21,0.0,165.739048,0.0
2019-01-25,14,0,168,3.11,3.11,0.0,83.002969,0.0
2019-01-25,14,0,169,0.0,0.0,0.0,0.0,0.0
2019-01-25,14,0,170,6.8,6.8,0.0,181.485592,0.0
2019-01-25,14,0,172,7.98,7.98,0.0,205.687624,0.0
2019-01-25,14,0,173,12.16,12.16,0.0,313.428761,0.0
2019-01-25,14,0,188,9.89,9.89,0.0,262.542751,0.0
2019-01-25,14,0,190,7.83,7.83,0.0,212.89081,0.0
2019-01-25,14,0,191,20.23,20.23,0.0,550.035898,0.0
2019-01-25,14,0,192,10.44,10.44,0.0,283.854413,0.0
2019-01-25,14,0,194,7.27,7.27,0.0,204.356646,0.0
2019-01-25,14,0,196,7.41,7.41,0.0,204.327746,0.0
2019-01-25,14,0,198,10.84,10.84,0.0,81.140115,0.0
2019-01-25,14,0,199,25.66,25.66,0.0,499.764092,0.0
2019-01-25,14,0,200,17.17,17.17,0.0,334.409566,0.0
2019-01-25,14,0,204,196.62,196.62,0.0,-59.566074,0.0
2019-01-25,14,0,205,266.58,266.58,0.0,-27.261762,0.0
2019-01-25,14,0,206,310.38,310.38,0.0,12706.446108,0.0
2019-01-25,14,0,210,2.96,2.96,0.0,20.359422,0.0
2019-01-25,14,0,214,17.4,17.4,0.0,196.031723,0.0
2019-01-25,14,0,217,11.8,11.8,0.0,110.748175,0.0
2019-01-25,14,0,218,16.29,16.29,0.0,152.888794,0.0
2019-01-25,14,0,219,11.09,11.09,0.0,104.084513,0.0
2019-01-25,14,0,221,9.28,9.28,0.0,104.550252,0.0
2019-01-25,14,0,225,9.02,9.02,0.0,54.21864,0.0
2019-01-25,14,0,233,9.63,9.63,0.0,90.382975,0.0
2019-01-25,14,0,236,81.96,81.96,0.0,366.803134,0.0
2019-01-25,14,0,237,93.28,93.28,0.0,197.338362,0.0
2019-01-25,14,0,238,63.4,63.4,0.0,348.367435,0.0
2019-01-25,14,0,240,14.38,14.38,0.0,24.810794,0.0
2019-01-25,14,0,245,78.0,78.0,0.0,519.587861,0.0
2019-01-25,14,0,247,171.72,171.72,0.0,1143.89266,0.0
2019-01-25,14,0,248,9.36,9.36,0.0,19.801534,0.0
2019-01-25,14,0,249,150.0,150.0,0.0,999.207425,0.0
2019-01-25,14,0,251,326.4,326.4,0.0,1908.700863,0.0
2019-01-25,14,0,252,267.06,267.06,0.0,1618.153158,0.0
2019-01-25,14,0,254,20.75,20.75,0.0,61.435967,0.0
2019-01-25,14,0,255,9.51,9.51,0.0,28.156918,0.0
2019-01-25,14,0,258,17.93,17.93,0.0,33.071908,0.0
2019-01-25,14,0,260,6.2,6.2,0.0,27.569315,0.0
2019-01-25,14,0,265,99.22,99.22,0.0,-1085.675218,0.0
2019-01-25,14,0,266,13.71,13.71,0.0,-150.016199,0.0
2019-01-25,14,0,267,16.84,16.84,0.0,-184.264974,0.0
2019-01-25,14,0,270,0.0,0.0,0.0,0.0,0.0
2019-01-25,14,0,272,9.23,9.23,0.0,273.36412,0.0
2019-01-25,14,0,273,33.68,33.68,0.0,939.225604,0.0
2019-01-25,14,0,274,0.0,0.0,0.0,0.0,0.0
2019-01-25,14,0,275,0.0,0.0,0.0,0.0,0.0
2019-01-25,14,0,276,7.75,7.75,0.0,216.248051,0.0
2019-01-25,14,0,277,9.78,9.78,0.0,297.79769,0.0
2019-01-25,14,0,278,15.66,15.66,0.0,476.841699,0.0
2019-01-25,14,0,279,7.97,7.97,0.0,242.683802,0.0
2019-01-25,14,0,281,3.49,3.49,0.0,-3490.0,0.0
2019-01-25,14,0,282,408.15,408.15,0.0,-408150.0,0.0
2019-01-25,15,0,9,3.58,3.58,0.0,33.194431,0.0
2019-01-25,15,0,17,50.27,50.27,0.0,528.893698,0.0
2019-01-25,15,0,19,192.99,192.99,0.0,2030.459416,0.0
2019-01-25,15,0,20,234.06,234.06,0.0,2462.55936,0.0
2019-01-25,15,0,21,81.77,81.77,0.0,758.186763,0.0
2019-01-25,15,0,22,290.6,290.6,0.0,2694.497656,0.0
2019-01-25,15,0,23,9.07,9.07,0.0,84.09874,0.0
2019-01-25,15,0,24,16.06,16.06,0.0,148.91133,0.0
2019-01-25,15,0,29,9.08,9.08,0.0,99.613854,0.0
2019-01-25,15,0,30,700.02,700.02,0.0,6485.172681,0.0
2019-01-25,15,0,31,9.98,9.98,0.0,92.457392,0.0
2019-01-25,15,0,32,4.69,4.69,0.0,77.755918,0.0
2019-01-25,15,0,33,3.17,3.17,0.0,34.048596,0.0
2019-01-25,15,0,34,5.07,5.07,0.0,54.456271,0.0
2019-01-25,15,0,35,5.07,5.07,0.0,54.456271,0.0
2019-01-25,15,0,36,12.1,12.1,0.0,123.27038,0.0
2019-01-25,15,0,37,5.58,5.58,0.0,56.828133,0.0
2019-01-25,15,0,38,7.17,7.17,0.0,73.021095,0.0
2019-01-25,15,0,39,4.78,4.78,0.0,48.68073,0.0
2019-01-25,15,0,40,4.78,4.78,0.0,48.68073,0.0
2019-01-25,15,0,41,26.84,26.84,0.0,259.937312,0.0
2019-01-25,15,0,42,47.04,47.04,0.0,492.669235,0.0
2019-01-25,15,0,43,35.18,35.18,0.0,360.535171,0.0
2019-01-25,15,0,46,32.88,32.88,0.0,332.099505,0.0
2019-01-25,15,0,52,10.58,10.58,0.0,98.015952,0.0
2019-01-25,15,0,53,16.81,16.81,0.0,155.73234,0.0
2019-01-25,15,0,55,112.37,112.37,0.0,1041.915697,0.0
2019-01-25,15,0,56,206.48,206.48,0.0,1912.885996,0.0
2019-01-25,15,0,57,196.41,196.41,0.0,1819.594821,0.0
2019-01-25,15,0,58,377.71,377.71,0.0,3499.206556,0.0
2019-01-25,15,0,59,371.41,371.41,0.0,3440.841669,0.0
2019-01-25,15,0,63,1.7,1.7,0.0,28.253045,0.0
2019-01-25,15,0,64,2.0,2.0,0.0,33.238877,0.0
2019-01-25,15,0,65,41.4,41.4,0.0,435.205442,0.0
2019-01-25,15,0,67,372.97,372.97,0.0,3966.117285,0.0
2019-01-25,15,0,68,0.0,0.0,0.0,0.0,0.0
2019-01-25,15,0,69,3.17,3.17,0.0,34.048596,0.0
2019-01-25,15,0,74,45.57,45.57,0.0,467.589159,0.0
2019-01-25,15,0,77,4.97,4.97,0.0,42.298958,0.0
2019-01-25,15,0,78,3.75,3.75,0.0,31.915713,0.0
2019-01-25,15,0,79,2.17,2.17,0.0,18.468559,0.0
2019-01-25,15,0,80,3.51,3.51,0.0,29.873107,0.0
2019-01-25,15,0,81,4.59,4.59,0.0,39.064833,0.0
2019-01-25,15,0,82,3.24,3.24,0.0,27.575176,0.0
2019-01-25,15,0,83,7.22,7.22,0.0,61.448386,0.0
2019-01-25,15,0,84,0.0,0.0,0.0,0.0,0.0
2019-01-25,15,0,86,16.06,16.06,0.0,172.498564,0.0
2019-01-25,15,0,87,82.0,82.0,0.0,880.752319,0.0
2019-01-25,15,0,88,4.53,4.53,0.0,38.554181,0.0
2019-01-25,15,0,89,4.36,4.36,0.0,37.107335,0.0
2019-01-25,15,0,90,5.85,5.85,0.0,49.788512,0.0
2019-01-25,15,0,91,20.87,20.87,0.0,177.621581,0.0
2019-01-25,15,0,92,7.51,7.51,0.0,63.916534,0.0
2019-01-25,15,0,95,15.6,15.6,0.0,257.935892,0.0
2019-01-25,15,0,96,11.48,11.48,0.0,106.258775,0.0
2019-01-25,15,0,97,70.63,70.63,0.0,653.750634,0.0
2019-01-25,15,0,99,8.8,8.8,0.0,90.29591,0.0
2019-01-25,15,0,101,14.1,14.1,0.0,130.626175,0.0
2019-01-25,15,0,102,0.0,0.0,0.0,0.0,0.0
2019-01-25,15,0,103,0.0,0.0,0.0,0.0,0.0
2019-01-25,15,0,104,0.0,0.0,0.0,0.0,0.0
2019-01-25,15,0,106,286.07,286.07,0.0,2652.494648,0.0
2019-01-25,15,0,109,45.19,45.19,0.0,449.960401,0.0
2019-01-25,15,0,110,42.55,42.55,0.0,607.059986,0.0
2019-01-25,15,0,111,22.47,22.47,0.0,217.615179,0.0
2019-01-25,15,0,113,1.05,1.05,0.0,8.506578,0.0
2019-01-25,15,0,115,1.05,1.05,0.0,8.506578,0.0
2019-01-25,15,0,116,131.93,131.93,0.0,1882.242631,0.0
2019-01-25,15,0,117,0.07,0.07,0.0,0.567105,0.0
2019-01-25,15,0,119,2.0,2.0,0.0,33.238877,0.0
2019-01-25,15,0,120,1.18,1.18,0.0,19.610937,0.0
2019-01-25,15,0,123,4.77,4.77,0.0,44.228334,0.0
2019-01-25,15,0,125,14.53,14.53,0.0,134.724883,0.0
2019-01-25,15,0,126,214.55,214.55,0.0,1989.347805,0.0
2019-01-25,15,0,127,275.34,275.34,0.0,2553.004077,0.0
2019-01-25,15,0,128,20.81,20.81,0.0,192.95422,0.0
2019-01-25,15,0,131,3.51,3.51,0.0,32.048546,0.0
2019-01-25,15,0,132,5.16,5.16,0.0,47.114101,0.0
2019-01-25,15,0,133,41.94,41.94,0.0,441.288242,0.0
2019-01-25,15,0,134,0.0,0.0,0.0,0.0,0.0
2019-01-25,15,0,135,56.2,56.2,0.0,591.330453,0.0
2019-01-25,15,0,136,45.9,45.9,0.0,482.488078,0.0
2019-01-25,15,0,139,34.9,34.9,0.0,337.995984,0.0
2019-01-25,15,0,140,31.49,31.49,0.0,449.267191,0.0
2019-01-25,15,0,141,26.58,26.58,0.0,282.648463,0.0
2019-01-25,15,0,142,491.86,491.86,0.0,5230.378979,0.0
2019-01-25,15,0,143,11.09,11.09,0.0,102.740729,0.0
2019-01-25,15,0,145,12.13,12.13,0.0,115.494929,0.0
2019-01-25,15,0,146,15.3,15.3,0.0,218.284789,0.0
2019-01-25,15,0,152,9.22,9.22,0.0,94.70049,0.0
2019-01-25,15,0,153,11.62,11.62,0.0,119.220552,0.0
2019-01-25,15,0,154,92.69,92.69,0.0,897.67472,0.0
2019-01-25,15,0,157,15.67,15.67,0.0,166.63286,0.0
2019-01-25,15,0,158,362.41,362.41,0.0,3853.823539,0.0
2019-01-25,15,0,159,0.0,0.0,0.0,0.0,0.0
2019-01-25,15,0,160,2.42,2.42,0.0,25.277887,0.0
2019-01-25,15,0,161,69.5,69.5,0.0,656.600408,0.0
2019-01-25,15,0,162,17.92,17.92,0.0,296.369904,0.0
2019-01-25,15,0,163,0.0,0.0,0.0,0.0,0.0
2019-01-25,15,0,164,26.94,26.94,0.0,249.579372,0.0
2019-01-25,15,0,167,5.72,5.72,0.0,94.590004,0.0
2019-01-25,15,0,168,2.86,2.86,0.0,47.295002,0.0
2019-01-25,15,0,169,0.0,0.0,0.0,0.0,0.0
2019-01-25,15,0,170,6.26,6.26,0.0,103.519829,0.0
2019-01-25,15,0,172,7.46,7.46,0.0,119.214942,0.0
2019-01-25,15,0,173,11.36,11.36,0.0,181.539107,0.0
2019-01-25,15,0,188,9.06,9.06,0.0,147.761784,0.0
2019-01-25,15,0,190,7.45,7.45,0.0,123.814816,0.0
2019-01-25,15,0,191,19.23,19.23,0.0,319.5918,0.0
2019-01-25,15,0,192,12.85,12.85,0.0,213.559783,0.0
2019-01-25,15,0,194,3.86,3.86,0.0,26.388786,0.0
2019-01-25,15,0,196,7.02,7.02,0.0,110.438532,0.0
2019-01-25,15,0,198,10.27,10.27,0.0,110.715353,0.0
2019-01-25,15,0,199,36.01,36.01,0.0,371.403695,0.0
2019-01-25,15,0,200,15.83,15.83,0.0,163.269106,0.0
2019-01-25,15,0,204,175.09,175.09,0.0,1737.916979,0.0
2019-01-25,15,0,205,239.08,239.08,0.0,2380.538452,0.0
2019-01-25,15,0,206,207.53,207.53,0.0,1920.895783,0.0
2019-01-25,15,0,210,2.75,2.75,0.0,30.292311,0.0
2019-01-25,15,0,214,16.05,16.05,0.0,174.477615,0.0
2019-01-25,15,0,217,10.88,10.88,0.0,118.985024,0.0
2019-01-25,15,0,218,15.02,15.02,0.0,164.260575,0.0
2019-01-25,15,0,219,10.23,10.23,0.0,111.876544,0.0
2019-01-25,15,0,221,8.56,8.56,0.0,93.054728,0.0
2019-01-25,15,0,225,8.27,8.27,0.0,90.691898,0.0
2019-01-25,15,0,233,9.09,9.09,0.0,97.634617,0.0
2019-01-25,15,0,236,118.14,118.14,0.0,1228.689726,0.0
2019-01-25,15,0,237,109.32,109.32,0.0,1121.721458,0.0
2019-01-25,15,0,238,61.23,61.23,0.0,641.286931,0.0
2019-01-25,15,0,240,13.72,13.72,0.0,139.774348,0.0
2019-01-25,15,0,245,78.0,78.0,0.0,823.181562,0.0
2019-01-25,15,0,247,171.72,171.72,0.0,1812.26587,0.0
2019-01-25,15,0,248,10.97,10.97,0.0,112.56206,0.0
2019-01-25,15,0,249,150.0,150.0,0.0,1583.041466,0.0
2019-01-25,15,0,251,326.4,326.4,0.0,3426.44147,0.0
2019-01-25,15,0,252,267.06,267.06,0.0,2807.390469,0.0
2019-01-25,15,0,254,19.71,19.71,0.0,202.968866,0.0
2019-01-25,15,0,255,9.03,9.03,0.0,92.98878,0.0
2019-01-25,15,0,258,17.1,17.1,0.0,174.376096,0.0
2019-01-25,15,0,260,5.89,5.89,0.0,61.523451,0.0
2019-01-25,15,0,265,95.97,95.97,0.0,929.440532,0.0
2019-01-25,15,0,266,22.32,22.32,0.0,216.162474,0.0
2019-01-25,15,0,267,27.6,27.6,0.0,267.297683,0.0
2019-01-25,15,0,270,0.0,0.0,0.0,0.0,0.0
2019-01-25,15,0,272,3.51,3.51,0.0,28.436275,0.0
2019-01-25,15,0,273,31.55,31.55,0.0,450.123209,0.0
2019-01-25,15,0,274,0.0,0.0,0.0,0.0,0.0
2019-01-25,15,0,275,0.0,0.0,0.0,0.0,0.0
2019-01-25,15,0,276,7.25,7.25,0.0,97.554439,0.0
2019-01-25,15,0,277,9.19,9.19,0.0,75.961043,0.0
2019-01-25,15,0,278,14.7,14.7,0.0,121.504606,0.0
2019-01-25,15,0,279,0.0,0.0,0.0,0.0,0.0
2019-01-25,15,0,281,4.48,4.48,0.0,41.503919,0.0
2019-01-25,15,0,282,384.0,384.0,0.0,3557.4788,0.0
2019-01-25,16,0,9,3.02,3.02,0.0,24.512238,0.0
2019-01-25,16,0,17,42.97,42.97,0.0,415.207283,0.0
2019-01-25,16,0,19,332.0,332.0,0.0,3208.024623,0.0
2019-01-25,16,0,20,419.03,419.03,0.0,4048.971559,0.0
2019-01-25,16,0,21,69.03,69.03,0.0,560.291326,0.0
2019-01-25,16,0,22,245.32,245.32,0.0,1991.172939,0.0
2019-01-25,16,0,23,7.53,7.53,0.0,61.118263,0.0
2019-01-25,16,0,24,13.32,13.32,0.0,108.11358,0.0
2019-01-25,16,0,29,7.64,7.64,0.0,78.075906,0.0
2019-01-25,16,0,30,591.91,591.91,0.0,4798.514154,0.0
2019-01-25,16,0,31,13.76,13.76,0.0,111.54999,0.0
2019-01-25,16,0,32,3.3,3.3,0.0,57.584111,0.0
2019-01-25,16,0,33,2.26,2.26,0.0,22.452787,0.0
2019-01-25,16,0,34,3.61,3.61,0.0,35.86485,0.0
2019-01-25,16,0,35,3.61,3.61,0.0,35.86485,0.0
2019-01-25,16,0,36,10.08,10.08,0.0,93.239475,0.0
2019-01-25,16,0,37,4.45,4.45,0.0,41.143639,0.0
2019-01-25,16,0,38,5.72,5.72,0.0,52.885757,0.0
2019-01-25,16,0,39,3.82,3.82,0.0,35.31881,0.0
2019-01-25,16,0,40,3.82,3.82,0.0,35.31881,0.0
2019-01-25,16,0,41,36.3,36.3,0.0,313.171686,0.0
2019-01-25,16,0,42,35.71,35.71,0.0,342.94938,0.0
2019-01-25,16,0,43,30.01,30.01,0.0,279.844752,0.0
2019-01-25,16,0,46,26.96,26.96,0.0,246.465366,0.0
2019-01-25,16,0,52,14.59,14.59,0.0,118.27866,0.0
2019-01-25,16,0,53,23.17,23.17,0.0,187.835267,0.0
2019-01-25,16,0,55,129.5,129.5,0.0,1051.104254,0.0
2019-01-25,16,0,56,174.59,174.59,0.0,1415.37157,0.0
2019-01-25,16,0,57,166.08,166.08,0.0,1346.382441,0.0
2019-01-25,16,0,58,319.38,319.38,0.0,2589.159586,0.0
2019-01-25,16,0,59,314.06,314.06,0.0,2546.031247,0.0
2019-01-25,16,0,63,1.19,1.19,0.0,20.820467,0.0
2019-01-25,16,0,64,1.4,1.4,0.0,24.494668,0.0
2019-01-25,16,0,65,41.4,41.4,0.0,399.583142,0.0
2019-01-25,16,0,67,315.89,315.89,0.0,3120.292531,0.0
2019-01-25,16,0,68,0.0,0.0,0.0,0.0,0.0
2019-01-25,16,0,69,2.26,2.26,0.0,22.452787,0.0
2019-01-25,16,0,74,33.06,33.06,0.0,308.801824,0.0
2019-01-25,16,0,77,2.44,2.44,0.0,17.504845,0.0
2019-01-25,16,0,78,1.85,1.85,0.0,13.272116,0.0
2019-01-25,16,0,79,1.07,1.07,0.0,7.676305,0.0
2019-01-25,16,0,80,1.73,1.73,0.0,12.411222,0.0
2019-01-25,16,0,81,2.26,2.26,0.0,16.213504,0.0
2019-01-25,16,0,82,1.6,1.6,0.0,11.478587,0.0
2019-01-25,16,0,83,3.56,3.56,0.0,25.539856,0.0
2019-01-25,16,0,84,0.0,0.0,0.0,0.0,0.0
2019-01-25,16,0,86,11.44,11.44,0.0,113.654814,0.0
2019-01-25,16,0,87,58.43,58.43,0.0,580.493951,0.0
2019-01-25,16,0,88,2.25,2.25,0.0,16.141763,0.0
2019-01-25,16,0,89,2.16,2.16,0.0,15.496093,0.0
2019-01-25,16,0,90,2.9,2.9,0.0,20.804939,0.0
2019-01-25,16,0,91,10.34,10.34,0.0,74.18037,0.0
2019-01-25,16,0,92,3.72,3.72,0.0,26.687715,0.0
2019-01-25,16,0,95,11.66,11.66,0.0,202.80485,0.0
2019-01-25,16,0,96,10.6,10.6,0.0,85.823791,0.0
2019-01-25,16,0,97,65.16,65.16,0.0,527.573417,0.0
2019-01-25,16,0,99,7.25,7.25,0.0,67.719698,0.0
2019-01-25,16,0,101,11.92,11.92,0.0,96.633422,0.0
2019-01-25,16,0,102,0.0,0.0,0.0,0.0,0.0
2019-01-25,16,0,103,0.0,0.0,0.0,0.0,0.0
2019-01-25,16,0,104,0.0,0.0,0.0,0.0,0.0
2019-01-25,16,0,106,241.49,241.49,0.0,1960.086226,0.0
2019-01-25,16,0,109,40.94,40.94,0.0,367.007563,0.0
2019-01-25,16,0,110,23.69,23.69,0.0,343.540584,0.0
2019-01-25,16,0,111,19.03,19.03,0.0,164.177884,0.0
2019-01-25,16,0,113,0.0,0.0,0.0,0.0,0.0
2019-01-25,16,0,115,0.0,0.0,0.0,0.0,0.0
2019-01-25,16,0,116,110.0,110.0,0.0,1595.165228,0.0
2019-01-25,16,0,117,0.0,0.0,0.0,0.0,0.0
2019-01-25,16,0,119,1.4,1.4,0.0,24.494668,0.0
2019-01-25,16,0,120,0.82,0.82,0.0,14.346877,0.0
2019-01-25,16,0,123,4.02,4.02,0.0,32.628873,0.0
2019-01-25,16,0,125,12.05,12.05,0.0,97.805454,0.0
2019-01-25,16,0,126,181.12,181.12,0.0,1470.084961,0.0
2019-01-25,16,0,127,232.44,232.44,0.0,1886.630678,0.0
2019-01-25,16,0,128,17.27,17.27,0.0,140.174289,0.0
2019-01-25,16,0,131,0.0,0.0,0.0,0.0,0.0
2019-01-25,16,0,132,0.0,0.0,0.0,0.0,0.0
2019-01-25,16,0,133,50.5,50.5,0.0,488.019738,0.0
2019-01-25,16,0,134,0.0,0.0,0.0,0.0,0.0
2019-01-25,16,0,135,64.2,64.2,0.0,620.413211,0.0
2019-01-25,16,0,136,45.9,45.9,0.0,442.988481,0.0
2019-01-25,16,0,139,47.27,47.27,0.0,407.813378,0.0
2019-01-25,16,0,140,17.53,17.53,0.0,254.211331,0.0
2019-01-25,16,0,141,21.58,21.58,0.0,213.162534,0.0
2019-01-25,16,0,142,416.58,416.58,0.0,4114.886392,0.0
2019-01-25,16,0,143,17.62,17.62,0.0,142.842357,0.0
2019-01-25,16,0,145,12.47,12.47,0.0,105.062154,0.0
2019-01-25,16,0,146,37.09,37.09,0.0,537.860712,0.0
2019-01-25,16,0,152,7.02,7.02,0.0,65.660898,0.0
2019-01-25,16,0,153,8.78,8.78,0.0,82.000514,0.0
2019-01-25,16,0,154,78.5,78.5,0.0,677.244556,0.0
2019-01-25,16,0,157,50.11,50.11,0.0,494.975652,0.0
2019-01-25,16,0,158,306.49,306.49,0.0,3027.441381,0.0
2019-01-25,16,0,159,0.0,0.0,0.0,0.0,0.0
2019-01-25,16,0,160,2.27,2.27,0.0,21.721784,0.0
2019-01-25,16,0,161,58.78,58.78,0.0,491.865516,0.0
2019-01-25,16,0,162,13.3,13.3,0.0,231.398568,0.0
2019-01-25,16,0,163,0.0,0.0,0.0,0.0,0.0
2019-01-25,16,0,164,22.62,22.62,0.0,183.37651,0.0
2019-01-25,16,0,167,3.63,3.63,0.0,63.148604,0.0
2019-01-25,16,0,168,1.81,1.81,0.0,31.487321,0.0
2019-01-25,16,0,169,0.0,0.0,0.0,0.0,0.0
2019-01-25,16,0,170,3.97,3.97,0.0,69.06335,0.0
2019-01-25,16,0,172,4.92,4.92,0.0,82.164027,0.0
2019-01-25,16,0,173,7.5,7.5,0.0,125.250041,0.0
2019-01-25,16,0,188,6.84,6.84,0.0,117.024501,0.0
2019-01-25,16,0,190,8.64,8.64,0.0,151.167091,0.0
2019-01-25,16,0,191,22.31,22.31,0.0,390.340023,0.0
2019-01-25,16,0,192,16.52,16.52,0.0,289.037077,0.0
2019-01-25,16,0,194,1.75,1.75,0.0,8.845264,0.0
2019-01-25,16,0,196,5.75,5.75,0.0,94.100183,0.0
2019-01-25,16,0,198,9.41,9.41,0.0,93.948142,0.0
2019-01-25,16,0,199,49.01,49.01,0.0,460.348182,0.0
2019-01-25,16,0,200,13.3,13.3,0.0,124.926154,0.0
2019-01-25,16,0,204,156.99,156.99,0.0,1401.270909,0.0
2019-01-25,16,0,205,216.57,216.57,0.0,1941.446699,0.0
2019-01-25,16,0,206,191.47,191.47,0.0,1550.252948,0.0
2019-01-25,16,0,210,2.33,2.33,0.0,23.940037,0.0
2019-01-25,16,0,214,13.27,13.27,0.0,133.971222,0.0
2019-01-25,16,0,217,8.94,8.94,0.0,90.978519,0.0
2019-01-25,16,0,218,12.34,12.34,0.0,125.578851,0.0
2019-01-25,16,0,219,8.4,8.4,0.0,85.483172,0.0
2019-01-25,16,0,221,7.08,7.08,0.0,71.478241,0.0
2019-01-25,16,0,225,6.91,6.91,0.0,70.578848,0.0
2019-01-25,16,0,233,6.48,6.48,0.0,64.377902,0.0
2019-01-25,16,0,236,131.04,131.04,0.0,1246.610652,0.0
2019-01-25,16,0,237,75.61,75.61,0.0,706.246398,0.0
2019-01-25,16,0,238,46.48,46.48,0.0,446.381607,0.0
2019-01-25,16,0,240,11.43,11.43,0.0,105.726905,0.0
2019-01-25,16,0,245,78.0,78.0,0.0,756.835614,0.0
2019-01-25,16,0,247,171.72,171.72,0.0,1666.202714,0.0
2019-01-25,16,0,248,8.9,8.9,0.0,83.131768,0.0
2019-01-25,16,0,249,150.0,150.0,0.0,1455.453104,0.0
2019-01-25,16,0,251,326.4,326.4,0.0,3144.464305,0.0
2019-01-25,16,0,252,267.06,267.06,0.0,2577.600822,0.0
2019-01-25,16,0,254,16.43,16.43,0.0,154.216626,0.0
2019-01-25,16,0,255,7.53,7.53,0.0,70.678709,0.0
2019-01-25,16,0,258,14.42,14.42,0.0,133.559158,0.0
2019-01-25,16,0,260,5.51,5.51,0.0,52.725564,0.0
2019-01-25,16,0,265,81.27,81.27,0.0,701.14223,0.0
2019-01-25,16,0,266,30.14,30.14,0.0,260.0274,0.0
2019-01-25,16,0,267,37.34,37.34,0.0,322.144098,0.0
2019-01-25,16,0,270,0.0,0.0,0.0,0.0,0.0
2019-01-25,16,0,272,0.0,0.0,0.0,0.0,0.0
2019-01-25,16,0,273,26.3,26.3,0.0,381.389505,0.0
2019-01-25,16,0,274,0.0,0.0,0.0,0.0,0.0
2019-01-25,16,0,275,0.0,0.0,0.0,0.0,0.0
2019-01-25,16,0,276,6.01,6.01,0.0,80.949429,0.0
2019-01-25,16,0,277,7.58,7.58,0.0,52.040478,0.0
2019-01-25,16,0,278,12.13,12.13,0.0,83.278495,0.0
2019-01-25,16,0,279,0.0,0.0,0.0,0.0,0.0
2019-01-25,16,0,281,6.18,6.18,0.0,50.100214,0.0
2019-01-25,16,0,282,324.7,324.7,0.0,2632.287925,0.0
2019-01-25,17,0,9,2.12,2.12,0.0,19.970067,0.0
2019-01-25,17,0,17,30.31,30.31,0.0,300.457963,0.0
2019-01-25,17,0,19,284.63,284.63,0.0,2821.489605,0.0
2019-01-25,17,0,20,342.76,342.76,0.0,3397.722576,0.0
2019-01-25,17,0,21,48.59,48.59,0.0,457.710175,0.0
2019-01-25,17,0,22,172.67,172.67,0.0,1626.524305,0.0
2019-01-25,17,0,23,2.04,2.04,0.0,19.21648,0.0
2019-01-25,17,0,24,3.63,3.63,0.0,34.19403,0.0
2019-01-25,17,0,29,5.33,5.33,0.0,53.78142,0.0
2019-01-25,17,0,30,421.95,421.95,0.0,3973.383657,0.0
2019-01-25,17,0,31,6.24,6.24,0.0,58.760313,0.0
2019-01-25,17,0,32,2.32,2.32,0.0,45.221215,0.0
2019-01-25,17,0,33,1.6,1.6,0.0,15.999371,0.0
2019-01-25,17,0,34,2.55,2.55,0.0,25.498998,0.0
2019-01-25,17,0,35,2.55,2.55,0.0,25.498998,0.0
2019-01-25,17,0,36,7.27,7.27,0.0,71.109425,0.0
2019-01-25,17,0,37,3.16,3.16,0.0,30.904418,0.0
2019-01-25,17,0,38,4.06,4.06,0.0,39.706309,0.0
2019-01-25,17,0,39,2.71,2.71,0.0,26.503472,0.0
2019-01-25,17,0,40,2.71,2.71,0.0,26.503472,0.0
2019-01-25,17,0,41,10.74,10.74,0.0,102.917994,0.0
2019-01-25,17,0,42,25.25,25.25,0.0,249.824087,0.0
2019-01-25,17,0,43,21.12,21.12,0.0,207.085002,0.0
2019-01-25,17,0,46,19.42,19.42,0.0,189.282047,0.0
2019-01-25,17,0,52,6.61,6.61,0.0,62.244498,0.0
2019-01-25,17,0,53,10.51,10.51,0.0,98.969694,0.0
2019-01-25,17,0,55,42.14,42.14,0.0,396.952188,0.0
2019-01-25,17,0,56,124.46,124.46,0.0,1172.004574,0.0
2019-01-25,17,0,57,118.39,118.39,0.0,1114.845103,0.0
2019-01-25,17,0,58,227.67,227.67,0.0,2143.903915,0.0
2019-01-25,17,0,59,223.88,223.88,0.0,2108.214559,0.0
2019-01-25,17,0,63,4.57,4.57,0.0,88.751212,0.0
2019-01-25,17,0,64,5.37,5.37,0.0,104.28753,0.0
2019-01-25,17,0,65,41.4,41.4,0.0,410.246623,0.0
2019-01-25,17,0,67,223.35,223.35,0.0,2645.330405,0.0
2019-01-25,17,0,68,0.0,0.0,0.0,0.0,0.0
2019-01-25,17,0,69,1.6,1.6,0.0,15.999371,0.0
2019-01-25,17,0,74,30.04,30.04,0.0,294.696446,0.0
2019-01-25,17,0,77,0.0,0.0,0.0,0.0,0.0
2019-01-25,17,0,78,0.0,0.0,0.0,0.0,0.0
2019-01-25,17,0,79,0.0,0.0,0.0,0.0,0.0
2019-01-25,17,0,80,0.0,0.0,0.0,0.0,0.0
2019-01-25,17,0,81,0.0,0.0,0.0,0.0,0.0
2019-01-25,17,0,82,0.0,0.0,0.0,0.0,0.0
2019-01-25,17,0,83,0.0,0.0,0.0,0.0,0.0
2019-01-25,17,0,84,0.0,0.0,0.0,0.0,0.0
2019-01-25,17,0,86,8.09,8.09,0.0,80.89682,0.0
2019-01-25,17,0,87,41.28,41.28,0.0,412.783774,0.0
2019-01-25,17,0,88,0.0,0.0,0.0,0.0,0.0
2019-01-25,17,0,89,0.0,0.0,0.0,0.0,0.0
2019-01-25,17,0,90,0.0,0.0,0.0,0.0,0.0
2019-01-25,17,0,91,0.0,0.0,0.0,0.0,0.0
2019-01-25,17,0,92,0.0,0.0,0.0,0.0,0.0
2019-01-25,17,0,95,9.51,9.51,0.0,184.929366,0.0
2019-01-25,17,0,96,2.68,2.68,0.0,25.228045,0.0
2019-01-25,17,0,97,16.46,16.46,0.0,154.945379,0.0
2019-01-25,17,0,99,6.11,6.11,0.0,59.939923,0.0
2019-01-25,17,0,101,8.5,8.5,0.0,80.042093,0.0
2019-01-25,17,0,102,0.0,0.0,0.0,0.0,0.0
2019-01-25,17,0,103,0.0,0.0,0.0,0.0,0.0
2019-01-25,17,0,104,0.0,0.0,0.0,0.0,0.0
2019-01-25,17,0,106,169.98,169.98,0.0,1601.184928,0.0
2019-01-25,17,0,109,25.27,25.27,0.0,244.871417,0.0
2019-01-25,17,0,110,11.05,11.05,0.0,181.557365,0.0
2019-01-25,17,0,111,14.5,14.5,0.0,138.948874,0.0
2019-01-25,17,0,113,0.0,0.0,0.0,0.0,0.0
2019-01-25,17,0,115,0.0,0.0,0.0,0.0,0.0
2019-01-25,17,0,116,79.68,79.68,0.0,1309.184689,0.0
2019-01-25,17,0,117,0.0,0.0,0.0,0.0,0.0
2019-01-25,17,0,119,5.37,5.37,0.0,104.28753,0.0
2019-01-25,17,0,120,3.16,3.16,0.0,61.368453,0.0
2019-01-25,17,0,123,2.83,2.83,0.0,26.658156,0.0
2019-01-25,17,0,125,3.28,3.28,0.0,30.897085,0.0
2019-01-25,17,0,126,127.49,127.49,0.0,1200.935795,0.0
2019-01-25,17,0,127,163.61,163.61,0.0,1541.180527,0.0
2019-01-25,17,0,128,4.72,4.72,0.0,44.461659,0.0
2019-01-25,17,0,131,0.0,0.0,0.0,0.0,0.0
2019-01-25,17,0,132,0.0,0.0,0.0,0.0,0.0
2019-01-25,17,0,133,111.85,111.85,0.0,1108.787171,0.0
2019-01-25,17,0,134,0.0,0.0,0.0,0.0,0.0
2019-01-25,17,0,135,146.43,146.43,0.0,1451.584314,0.0
2019-01-25,17,0,136,45.9,45.9,0.0,454.829842,0.0
2019-01-25,17,0,139,13.87,13.87,0.0,132.911785,0.0
2019-01-25,17,0,140,8.18,8.18,0.0,134.401741,0.0
2019-01-25,17,0,141,5.58,5.58,0.0,66.088846,0.0
2019-01-25,17,0,142,294.55,294.55,0.0,3488.6146,0.0
2019-01-25,17,0,143,10.79,10.79,0.0,101.606374,0.0
2019-01-25,17,0,145,5.09,5.09,0.0,48.447793,0.0
2019-01-25,17,0,146,19.11,19.11,0.0,313.987442,0.0
2019-01-25,17,0,152,4.97,4.97,0.0,48.776585,0.0
2019-01-25,17,0,153,6.21,6.21,0.0,60.918596,0.0
2019-01-25,17,0,154,59.8,59.8,0.0,573.044323,0.0
2019-01-25,17,0,157,22.11,22.11,0.0,261.868168,0.0
2019-01-25,17,0,158,219.5,219.5,0.0,2599.731471,0.0
2019-01-25,17,0,159,0.0,0.0,0.0,0.0,0.0
2019-01-25,17,0,160,1.61,1.61,0.0,15.91158,0.0
2019-01-25,17,0,161,42.03,42.03,0.0,434.846918,0.0
2019-01-25,17,0,162,11.72,11.72,0.0,227.936254,0.0
2019-01-25,17,0,163,6.62,6.62,0.0,108.770113,0.0
2019-01-25,17,0,164,16.52,16.52,0.0,155.564162,0.0
2019-01-25,17,0,167,2.53,2.53,0.0,49.211193,0.0
2019-01-25,17,0,168,1.27,1.27,0.0,24.702852,0.0
2019-01-25,17,0,169,0.0,0.0,0.0,0.0,0.0
2019-01-25,17,0,170,2.77,2.77,0.0,53.879448,0.0
2019-01-25,17,0,172,3.45,3.45,0.0,65.676546,0.0
2019-01-25,17,0,173,5.25,5.25,0.0,99.94257,0.0
2019-01-25,17,0,188,4.81,4.81,0.0,92.421924,0.0
2019-01-25,17,0,190,6.18,6.18,0.0,120.018051,0.0
2019-01-25,17,0,191,15.96,15.96,0.0,309.94953,0.0
2019-01-25,17,0,192,18.48,18.48,0.0,358.888929,0.0
2019-01-25,17,0,194,1.22,1.22,0.0,8.890065,0.0
2019-01-25,17,0,196,4.15,4.15,0.0,75.788195,0.0
2019-01-25,17,0,198,6.67,6.67,0.0,66.801593,0.0
2019-01-25,17,0,199,31.62,31.62,0.0,300.315453,0.0
2019-01-25,17,0,200,9.42,9.42,0.0,89.467792,0.0
2019-01-25,17,0,204,97.13,97.13,0.0,940.01197,0.0
2019-01-25,17,0,205,133.68,133.68,0.0,1295.386271,0.0
2019-01-25,17,0,206,48.38,48.38,0.0,455.422689,0.0
2019-01-25,17,0,210,1.63,1.63,0.0,16.475986,0.0
2019-01-25,17,0,214,9.37,9.37,0.0,94.17715,0.0
2019-01-25,17,0,217,6.24,6.24,0.0,62.878471,0.0
2019-01-25,17,0,218,8.61,8.61,0.0,86.760199,0.0
2019-01-25,17,0,219,5.86,5.86,0.0,59.049334,0.0
2019-01-25,17,0,221,5.0,5.0,0.0,50.254616,0.0
2019-01-25,17,0,225,4.83,4.83,0.0,48.728028,0.0
2019-01-25,17,0,233,4.57,4.57,0.0,45.698204,0.0
2019-01-25,17,0,236,139.52,139.52,0.0,1376.38674,0.0
2019-01-25,17,0,237,74.22,74.22,0.0,728.108196,0.0
2019-01-25,17,0,238,32.87,32.87,0.0,325.216544,0.0
2019-01-25,17,0,240,8.24,8.24,0.0,80.597202,0.0
2019-01-25,17,0,245,78.0,78.0,0.0,774.20317,0.0
2019-01-25,17,0,247,171.72,171.72,0.0,1704.438056,0.0
2019-01-25,17,0,248,7.55,7.55,0.0,74.066517,0.0
2019-01-25,17,0,249,150.0,150.0,0.0,1488.852251,0.0
2019-01-25,17,0,251,326.4,326.4,0.0,3232.535683,0.0
2019-01-25,17,0,252,267.06,267.06,0.0,2646.387996,0.0
2019-01-25,17,0,254,11.71,11.71,0.0,115.047072,0.0
2019-01-25,17,0,255,5.37,5.37,0.0,52.758563,0.0
2019-01-25,17,0,258,10.47,10.47,0.0,102.449803,0.0
2019-01-25,17,0,260,3.91,3.91,0.0,38.642409,0.0
2019-01-25,17,0,265,61.92,61.92,0.0,593.359606,0.0
2019-01-25,17,0,266,8.98,8.98,0.0,86.052475,0.0
2019-01-25,17,0,267,11.04,11.04,0.0,105.792798,0.0
2019-01-25,17,0,270,20.68,20.68,0.0,339.783375,0.0
2019-01-25,17,0,272,0.0,0.0,0.0,0.0,0.0
2019-01-25,17,0,273,19.05,19.05,0.0,313.00161,0.0
2019-01-25,17,0,274,26.66,26.66,0.0,438.037949,0.0
2019-01-25,17,0,275,37.11,37.11,0.0,609.736995,0.0
2019-01-25,17,0,276,4.34,4.34,0.0,66.863899,0.0
2019-01-25,17,0,277,5.42,5.42,0.0,48.221426,0.0
2019-01-25,17,0,278,8.68,8.68,0.0,77.225458,0.0
2019-01-25,17,0,279,0.0,0.0,0.0,0.0,0.0
2019-01-25,17,0,281,2.8,2.8,0.0,26.366807,0.0
2019-01-25,17,0,282,231.47,231.47,0.0,2179.687439,0.0
2019-01-25,18,0,9,1.21,1.21,0.0,26.283042,0.0
2019-01-25,18,0,17,16.03,16.03,0.0,206.130989,0.0
2019-01-25,18,0,19,332.94,332.94,0.0,4281.300776,0.0
2019-01-25,18,0,20,405.43,405.43,0.0,5213.455198,0.0
2019-01-25,18,0,21,27.55,27.55,0.0,598.427931,0.0
2019-01-25,18,0,22,97.93,97.93,0.0,2127.188648,0.0
2019-01-25,18,0,23,0.0,0.0,0.0,0.0,0.0
2019-01-25,18,0,24,0.0,0.0,0.0,0.0,0.0
2019-01-25,18,0,29,2.47,2.47,0.0,24.925156,0.0
2019-01-25,18,0,30,247.92,247.92,0.0,3335.994788,0.0
2019-01-25,18,0,31,3.72,3.72,0.0,50.056069,0.0
2019-01-25,18,0,32,1.09,1.09,0.0,27.656899,0.0
2019-01-25,18,0,33,0.83,0.83,0.0,9.842065,0.0
2019-01-25,18,0,34,1.33,1.33,0.0,15.77102,0.0
2019-01-25,18,0,35,1.33,1.33,0.0,15.77102,0.0
2019-01-25,18,0,36,3.84,3.84,0.0,55.006201,0.0
2019-01-25,18,0,37,1.67,1.67,0.0,23.932985,0.0
2019-01-25,18,0,38,2.14,2.14,0.0,30.668616,0.0
2019-01-25,18,0,39,1.43,1.43,0.0,20.493514,0.0
2019-01-25,18,0,40,1.43,1.43,0.0,20.493514,0.0
2019-01-25,18,0,41,7.35,7.35,0.0,123.731487,0.0
2019-01-25,18,0,42,14.32,14.32,0.0,187.249663,0.0
2019-01-25,18,0,43,10.98,10.98,0.0,153.655604,0.0
2019-01-25,18,0,46,10.13,10.13,0.0,149.169142,0.0
2019-01-25,18,0,52,3.95,3.95,0.0,53.150933,0.0
2019-01-25,18,0,53,6.27,6.27,0.0,84.368697,0.0
2019-01-25,18,0,55,16.94,16.94,0.0,367.962582,0.0
2019-01-25,18,0,56,73.13,73.13,0.0,984.032345,0.0
2019-01-25,18,0,57,69.56,69.56,0.0,935.994665,0.0
2019-01-25,18,0,58,133.77,133.77,0.0,1800.000092,0.0
2019-01-25,18,0,59,131.54,131.54,0.0,1769.993363,0.0
2019-01-25,18,0,63,15.35,15.35,0.0,379.971903,0.0
2019-01-25,18,0,64,18.06,18.06,0.0,447.05489,0.0
2019-01-25,18,0,65,41.4,41.4,0.0,534.034733,0.0
2019-01-25,18,0,67,126.16,126.16,0.0,2892.928637,0.0
2019-01-25,18,0,68,0.3,0.3,0.0,6.775679,0.0
2019-01-25,18,0,69,0.83,0.83,0.0,9.842065,0.0
2019-01-25,18,0,74,22.89,22.89,0.0,321.686748,0.0
2019-01-25,18,0,77,0.0,0.0,0.0,0.0,0.0
2019-01-25,18,0,78,0.0,0.0,0.0,0.0,0.0
2019-01-25,18,0,79,0.0,0.0,0.0,0.0,0.0
2019-01-25,18,0,80,0.0,0.0,0.0,0.0,0.0
2019-01-25,18,0,81,0.0,0.0,0.0,0.0,0.0
2019-01-25,18,0,82,0.0,0.0,0.0,0.0,0.0
2019-01-25,18,0,83,0.0,0.0,0.0,0.0,0.0
2019-01-25,18,0,84,0.0,0.0,0.0,0.0,0.0
2019-01-25,18,0,86,4.2,4.2,0.0,49.803221,0.0
2019-01-25,18,0,87,21.45,21.45,0.0,254.352167,0.0
2019-01-25,18,0,88,0.0,0.0,0.0,0.0,0.0
2019-01-25,18,0,89,0.0,0.0,0.0,0.0,0.0
2019-01-25,18,0,90,0.0,0.0,0.0,0.0,0.0
2019-01-25,18,0,91,0.0,0.0,0.0,0.0,0.0
2019-01-25,18,0,92,0.0,0.0,0.0,0.0,0.0
2019-01-25,18,0,95,8.66,8.66,0.0,220.082585,0.0
2019-01-25,18,0,96,0.0,0.0,0.0,0.0,0.0
2019-01-25,18,0,97,0.0,0.0,0.0,0.0,0.0
2019-01-25,18,0,99,4.42,4.42,0.0,62.116882,0.0
2019-01-25,18,0,101,4.99,4.99,0.0,67.145103,0.0
2019-01-25,18,0,102,0.71,0.71,0.0,16.035774,0.0
2019-01-25,18,0,103,0.61,0.61,0.0,13.777214,0.0
2019-01-25,18,0,104,0.11,0.11,0.0,2.484416,0.0
2019-01-25,18,0,106,96.4,96.4,0.0,2093.954719,0.0
2019-01-25,18,0,109,15.85,15.85,0.0,244.773814,0.0
2019-01-25,18,0,110,0.0,0.0,0.0,0.0,0.0
2019-01-25,18,0,111,8.16,8.16,0.0,137.367202,0.0
2019-01-25,18,0,113,0.0,0.0,0.0,0.0,0.0
2019-01-25,18,0,115,0.0,0.0,0.0,0.0,0.0
2019-01-25,18,0,116,42.12,42.12,0.0,1010.342698,0.0
2019-01-25,18,0,117,0.0,0.0,0.0,0.0,0.0
2019-01-25,18,0,119,18.06,18.06,0.0,447.05489,0.0
2019-01-25,18,0,120,10.62,10.62,0.0,262.886098,0.0
2019-01-25,18,0,123,1.61,1.61,0.0,34.97165,0.0
2019-01-25,18,0,125,0.0,0.0,0.0,0.0,0.0
2019-01-25,18,0,126,72.3,72.3,0.0,1570.466039,0.0
2019-01-25,18,0,127,92.79,92.79,0.0,2015.540025,0.0
2019-01-25,18,0,128,0.0,0.0,0.0,0.0,0.0
2019-01-25,18,0,131,0.0,0.0,0.0,0.0,0.0
2019-01-25,18,0,132,0.0,0.0,0.0,0.0,0.0
2019-01-25,18,0,133,139.8,139.8,0.0,1797.167847,0.0
2019-01-25,18,0,134,0.0,0.0,0.0,0.0,0.0
2019-01-25,18,0,135,187.33,187.33,0.0,2408.179205,0.0
2019-01-25,18,0,136,45.9,45.9,0.0,592.183569,0.0
2019-01-25,18,0,139,9.5,9.5,0.0,159.925051,0.0
2019-01-25,18,0,140,0.0,0.0,0.0,0.0,0.0
2019-01-25,18,0,141,7.01,7.01,0.0,160.743736,0.0
2019-01-25,18,0,142,166.37,166.37,0.0,3814.969383,0.0
2019-01-25,18,0,143,8.25,8.25,0.0,111.011443,0.0
2019-01-25,18,0,145,1.56,1.56,0.0,27.356092,0.0
2019-01-25,18,0,146,11.29,11.29,0.0,270.81598,0.0
2019-01-25,18,0,152,2.67,2.67,0.0,37.35631,0.0
2019-01-25,18,0,153,3.33,3.33,0.0,46.759919,0.0
2019-01-25,18,0,154,33.67,33.67,0.0,566.808049,0.0
2019-01-25,18,0,157,9.97,9.97,0.0,228.618409,0.0
2019-01-25,18,0,158,124.16,124.16,0.0,2847.067372,0.0
2019-01-25,18,0,159,0.0,0.0,0.0,0.0,0.0
2019-01-25,18,0,160,0.82,0.82,0.0,10.642487,0.0
2019-01-25,18,0,161,23.21,23.21,0.0,524.211696,0.0
2019-01-25,18,0,162,10.9,10.9,0.0,276.880255,0.0
2019-01-25,18,0,163,14.83,14.83,0.0,355.730822,0.0
2019-01-25,18,0,164,10.07,10.07,0.0,135.50124,0.0
2019-01-25,18,0,167,1.17,1.17,0.0,29.748709,0.0
2019-01-25,18,0,168,0.58,0.58,0.0,14.747223,0.0
2019-01-25,18,0,169,0.0,0.0,0.0,0.0,0.0
2019-01-25,18,0,170,1.28,1.28,0.0,32.545596,0.0
2019-01-25,18,0,172,1.61,1.61,0.0,43.057718,0.0
2019-01-25,18,0,173,2.45,2.45,0.0,65.522614,0.0
2019-01-25,18,0,188,2.28,2.28,0.0,58.422348,0.0
2019-01-25,18,0,190,3.12,3.12,0.0,77.232074,0.0
2019-01-25,18,0,191,8.07,8.07,0.0,199.76373,0.0
2019-01-25,18,0,192,20.63,20.63,0.0,510.672336,0.0
2019-01-25,18,0,194,4.22,4.22,0.0,98.01551,0.0
2019-01-25,18,0,196,2.15,2.15,0.0,52.2623,0.0
2019-01-25,18,0,198,3.33,3.33,0.0,37.266041,0.0
2019-01-25,18,0,199,19.26,19.26,0.0,272.819405,0.0
2019-01-25,18,0,200,4.6,4.6,0.0,65.159359,0.0
2019-01-25,18,0,204,62.71,62.71,0.0,977.528397,0.0
2019-01-25,18,0,205,83.83,83.83,0.0,1294.598667,0.0
2019-01-25,18,0,206,0.0,0.0,0.0,0.0,0.0
2019-01-25,18,0,210,0.75,0.75,0.0,7.487105,0.0
2019-01-25,18,0,214,4.59,4.59,0.0,51.711817,0.0
2019-01-25,18,0,217,2.98,2.98,0.0,31.732935,0.0
2019-01-25,18,0,218,4.11,4.11,0.0,43.765893,0.0
2019-01-25,18,0,219,2.8,2.8,0.0,29.81618,0.0
2019-01-25,18,0,221,2.45,2.45,0.0,27.602168,0.0
2019-01-25,18,0,225,2.27,2.27,0.0,22.930677,0.0
2019-01-25,18,0,233,2.38,2.38,0.0,28.221826,0.0
2019-01-25,18,0,236,150.21,150.21,0.0,2013.96384,0.0
2019-01-25,18,0,237,54.92,54.92,0.0,771.823338,0.0
2019-01-25,18,0,238,18.64,18.64,0.0,243.738388,0.0
2019-01-25,18,0,240,4.35,4.35,0.0,62.311712,0.0
2019-01-25,18,0,245,78.0,78.0,0.0,991.444813,0.0
2019-01-25,18,0,247,171.72,171.72,0.0,2182.703889,0.0
2019-01-25,18,0,248,5.51,5.51,0.0,77.435298,0.0
2019-01-25,18,0,249,150.0,150.0,0.0,1906.624641,0.0
2019-01-25,18,0,251,326.4,326.4,0.0,4231.964656,0.0
2019-01-25,18,0,252,267.06,267.06,0.0,3444.911008,0.0
2019-01-25,18,0,254,6.03,6.03,0.0,82.848052,0.0
2019-01-25,18,0,255,2.76,2.76,0.0,37.920501,0.0
2019-01-25,18,0,258,5.52,5.52,0.0,78.776858,0.0
2019-01-25,18,0,260,2.0,2.0,0.0,25.957285,0.0
2019-01-25,18,0,265,34.86,34.86,0.0,586.840766,0.0
2019-01-25,18,0,266,6.15,6.15,0.0,103.530428,0.0
2019-01-25,18,0,267,7.56,7.56,0.0,127.266672,0.0
2019-01-25,18,0,270,46.31,46.31,0.0,1110.849248,0.0
2019-01-25,18,0,272,0.0,0.0,0.0,0.0,0.0
2019-01-25,18,0,273,10.07,10.07,0.0,241.551542,0.0
2019-01-25,18,0,274,59.7,59.7,0.0,1432.03844,0.0
2019-01-25,18,0,275,83.1,83.1,0.0,1993.339938,0.0
2019-01-25,18,0,276,2.31,2.31,0.0,54.86556,0.0
2019-01-25,18,0,277,2.91,2.91,0.0,65.460934,0.0
2019-01-25,18,0,278,4.66,4.66,0.0,104.827474,0.0
2019-01-25,18,0,279,6.93,6.93,0.0,155.891502,0.0
2019-01-25,18,0,281,1.67,1.67,0.0,22.471407,0.0
2019-01-25,18,0,282,136.0,136.0,0.0,1830.006822,0.0
2019-01-25,19,0,9,0.05,0.05,0.0,0.922394,0.0
2019-01-25,19,0,17,0.0,0.0,0.0,-0.0,0.0
2019-01-25,19,0,19,615.51,615.51,0.0,-314.362401,0.0
2019-01-25,19,0,20,748.14,748.14,0.0,-382.101163,0.0
2019-01-25,19,0,21,1.22,1.22,0.0,22.506423,0.0
2019-01-25,19,0,22,4.35,4.35,0.0,80.24831,0.0
2019-01-25,19,0,23,10.66,10.66,0.0,196.65448,0.0
2019-01-25,19,0,24,18.87,18.87,0.0,348.111636,0.0
2019-01-25,19,0,29,0.0,0.0,0.0,0.0,0.0
2019-01-25,19,0,30,19.58,19.58,0.0,361.775639,0.0
2019-01-25,19,0,31,2.76,2.76,0.0,50.995953,0.0
2019-01-25,19,0,32,0.0,0.0,0.0,0.0,0.0
2019-01-25,19,0,33,0.0,0.0,0.0,0.0,0.0
2019-01-25,19,0,34,0.0,0.0,0.0,0.0,0.0
2019-01-25,19,0,35,0.0,0.0,0.0,0.0,0.0
2019-01-25,19,0,36,0.0,0.0,0.0,0.0,0.0
2019-01-25,19,0,37,0.0,0.0,0.0,0.0,0.0
2019-01-25,19,0,38,0.0,0.0,0.0,0.0,0.0
2019-01-25,19,0,39,0.0,0.0,0.0,0.0,0.0
2019-01-25,19,0,40,0.0,0.0,0.0,0.0,0.0
2019-01-25,19,0,41,4.88,4.88,0.0,83.020849,0.0
2019-01-25,19,0,42,1.02,1.02,0.0,10.032518,0.0
2019-01-25,19,0,43,0.0,0.0,0.0,0.0,0.0
2019-01-25,19,0,46,0.0,0.0,0.0,0.0,0.0
2019-01-25,19,0,52,2.93,2.93,0.0,54.137008,0.0
2019-01-25,19,0,53,4.65,4.65,0.0,85.917095,0.0
2019-01-25,19,0,55,14.84,14.84,0.0,273.76665,0.0
2019-01-25,19,0,56,5.77,5.77,0.0,106.611105,0.0
2019-01-25,19,0,57,5.49,5.49,0.0,101.437603,0.0
2019-01-25,19,0,58,10.56,10.56,0.0,195.114951,0.0
2019-01-25,19,0,59,10.39,10.39,0.0,191.973896,0.0
2019-01-25,19,0,63,26.29,26.29,0.0,653.368928,0.0
2019-01-25,19,0,64,30.92,30.92,0.0,768.435422,0.0
2019-01-25,19,0,65,41.4,41.4,0.0,231.483903,0.0
2019-01-25,19,0,67,5.38,5.38,0.0,120.07777,0.0
2019-01-25,19,0,68,1.71,1.71,0.0,37.335847,0.0
2019-01-25,19,0,69,0.0,0.0,0.0,0.0,0.0
2019-01-25,19,0,74,28.45,28.45,0.0,435.938754,0.0
2019-01-25,19,0,77,4.54,4.54,0.0,96.439143,0.0
2019-01-25,19,0,78,3.43,3.43,0.0,72.86041,0.0
2019-01-25,19,0,79,1.99,1.99,0.0,42.271783,0.0
2019-01-25,19,0,80,3.21,3.21,0.0,68.187147,0.0
2019-01-25,19,0,81,4.2,4.2,0.0,89.216828,0.0
2019-01-25,19,0,82,2.96,2.96,0.0,62.876622,0.0
2019-01-25,19,0,83,6.61,6.61,0.0,140.410294,0.0
2019-01-25,19,0,84,0.0,0.0,0.0,0.0,0.0
2019-01-25,19,0,86,0.0,0.0,0.0,0.0,0.0
2019-01-25,19,0,87,0.0,0.0,0.0,0.0,0.0
2019-01-25,19,0,88,2.63,2.63,0.0,55.866728,0.0
2019-01-25,19,0,89,2.53,2.53,0.0,53.742518,0.0
2019-01-25,19,0,90,3.39,3.39,0.0,72.010726,0.0
2019-01-25,19,0,91,12.1,12.1,0.0,257.029434,0.0
2019-01-25,19,0,92,4.35,4.35,0.0,92.403144,0.0
2019-01-25,19,0,95,9.06,9.06,0.0,230.248063,0.0
2019-01-25,19,0,96,0.0,0.0,0.0,0.0,0.0
2019-01-25,19,0,97,0.0,0.0,0.0,0.0,0.0
2019-01-25,19,0,99,5.49,5.49,0.0,84.123155,0.0
2019-01-25,19,0,101,0.39,0.39,0.0,7.20595,0.0
2019-01-25,19,0,102,4.89,4.89,0.0,106.767423,0.0
2019-01-25,19,0,103,4.11,4.11,0.0,89.737036,0.0
2019-01-25,19,0,104,0.59,0.59,0.0,12.881959,0.0
2019-01-25,19,0,106,4.28,4.28,0.0,78.956958,0.0
2019-01-25,19,0,109,11.01,11.01,0.0,174.950018,0.0
2019-01-25,19,0,110,0.0,0.0,0.0,0.0,0.0
2019-01-25,19,0,111,0.35,0.35,0.0,5.954364,0.0
2019-01-25,19,0,113,3.15,3.15,0.0,68.541623,0.0
2019-01-25,19,0,115,3.15,3.15,0.0,68.541623,0.0
2019-01-25,19,0,116,0.0,0.0,0.0,0.0,0.0
2019-01-25,19,0,117,0.21,0.21,0.0,4.569442,0.0
2019-01-25,19,0,119,30.92,30.92,0.0,768.435422,0.0
2019-01-25,19,0,120,18.18,18.18,0.0,451.81617,0.0
2019-01-25,19,0,123,0.07,0.07,0.0,1.291352,0.0
2019-01-25,19,0,125,17.07,17.07,0.0,314.905439,0.0
2019-01-25,19,0,126,3.21,3.21,0.0,59.217719,0.0
2019-01-25,19,0,127,4.12,4.12,0.0,76.005296,0.0
2019-01-25,19,0,128,24.45,24.45,0.0,451.050848,0.0
2019-01-25,19,0,131,3.67,3.67,0.0,79.654332,0.0
2019-01-25,19,0,132,5.39,5.39,0.0,116.985517,0.0
2019-01-25,19,0,133,135.62,135.62,0.0,1277.235878,0.0
2019-01-25,19,0,134,0.0,0.0,0.0,0.0,0.0
2019-01-25,19,0,135,183.78,183.78,0.0,1730.79494,0.0
2019-01-25,19,0,136,45.9,45.9,0.0,272.021459,0.0
2019-01-25,19,0,139,6.3,6.3,0.0,107.178555,0.0
2019-01-25,19,0,140,0.0,0.0,0.0,0.0,0.0
2019-01-25,19,0,141,28.22,28.22,0.0,629.850311,0.0
2019-01-25,19,0,142,7.09,7.09,0.0,158.243753,0.0
2019-01-25,19,0,143,5.71,5.71,0.0,105.502497,0.0
2019-01-25,19,0,145,0.0,0.0,0.0,0.0,0.0
2019-01-25,19,0,146,10.85,10.85,0.0,258.294221,0.0
2019-01-25,19,0,152,0.02,0.02,0.0,0.301095,0.0
2019-01-25,19,0,153,0.01,0.01,0.0,0.150774,0.0
2019-01-25,19,0,154,1.44,1.44,0.0,24.497955,0.0
2019-01-25,19,0,157,7.64,7.64,0.0,170.519361,0.0
2019-01-25,19,0,158,5.83,5.83,0.0,130.12145,0.0
2019-01-25,19,0,159,0.0,0.0,0.0,0.0,0.0
2019-01-25,19,0,160,0.0,0.0,0.0,0.0,0.0
2019-01-25,19,0,161,0.69,0.69,0.0,15.065342,0.0
2019-01-25,19,0,162,10.9,10.9,0.0,276.903983,0.0
2019-01-25,19,0,163,28.11,28.11,0.0,669.184382,0.0
2019-01-25,19,0,164,1.16,1.16,0.0,21.433082,0.0
2019-01-25,19,0,167,0.0,0.0,0.0,0.0,0.0
2019-01-25,19,0,168,0.0,0.0,0.0,0.0,0.0
2019-01-25,19,0,169,0.0,0.0,0.0,0.0,0.0
2019-01-25,19,0,170,0.0,0.0,0.0,0.0,0.0
2019-01-25,19,0,172,0.0,0.0,0.0,0.0,0.0
2019-01-25,19,0,173,0.0,0.0,0.0,0.0,0.0
2019-01-25,19,0,188,0.0,0.0,0.0,0.0,0.0
2019-01-25,19,0,190,0.0,0.0,0.0,0.0,0.0
2019-01-25,19,0,191,0.0,0.0,0.0,0.0,0.0
2019-01-25,19,0,192,22.95,22.95,0.0,570.361996,0.0
2019-01-25,19,0,194,19.1,19.1,0.0,417.915443,0.0
2019-01-25,19,0,196,0.0,0.0,0.0,0.0,0.0
2019-01-25,19,0,198,0.0,0.0,0.0,0.0,0.0
2019-01-25,19,0,199,11.0,11.0,0.0,152.349437,0.0
2019-01-25,19,0,200,0.0,0.0,0.0,0.0,0.0
2019-01-25,19,0,204,46.79,46.79,0.0,747.577328,0.0
2019-01-25,19,0,205,58.25,58.25,0.0,925.598417,0.0
2019-01-25,19,0,206,0.0,0.0,0.0,0.0,0.0
2019-01-25,19,0,210,0.0,0.0,0.0,0.0,0.0
2019-01-25,19,0,214,0.0,0.0,0.0,0.0,0.0
2019-01-25,19,0,217,0.0,0.0,0.0,0.0,0.0
2019-01-25,19,0,218,0.0,0.0,0.0,0.0,0.0
2019-01-25,19,0,219,0.0,0.0,0.0,0.0,0.0
2019-01-25,19,0,221,0.0,0.0,0.0,0.0,0.0
2019-01-25,19,0,225,0.0,0.0,0.0,0.0,0.0
2019-01-25,19,0,233,0.0,0.0,0.0,0.0,0.0
2019-01-25,19,0,236,159.03,159.03,0.0,2352.742219,0.0
2019-01-25,19,0,237,68.25,68.25,0.0,1045.793319,0.0
2019-01-25,19,0,238,1.33,1.33,0.0,13.081616,0.0
2019-01-25,19,0,240,0.0,0.0,0.0,0.0,0.0
2019-01-25,19,0,245,78.0,78.0,0.0,696.035598,0.0
2019-01-25,19,0,247,171.72,171.72,0.0,1532.349139,0.0
2019-01-25,19,0,248,6.85,6.85,0.0,104.962406,0.0
2019-01-25,19,0,249,150.0,150.0,0.0,1338.529995,0.0
2019-01-25,19,0,251,326.4,326.4,0.0,2595.038834,0.0
2019-01-25,19,0,252,267.06,267.06,0.0,1493.238918,0.0
2019-01-25,19,0,254,0.0,0.0,0.0,0.0,0.0
2019-01-25,19,0,255,0.0,0.0,0.0,0.0,0.0
2019-01-25,19,0,258,0.0,0.0,0.0,0.0,0.0
2019-01-25,19,0,260,0.0,0.0,0.0,0.0,0.0
2019-01-25,19,0,265,1.49,1.49,0.0,25.348579,0.0
2019-01-25,19,0,266,4.08,4.08,0.0,69.410874,0.0
2019-01-25,19,0,267,5.01,5.01,0.0,85.23247,0.0
2019-01-25,19,0,270,87.77,87.77,0.0,2089.445508,0.0
2019-01-25,19,0,272,10.52,10.52,0.0,228.907261,0.0
2019-01-25,19,0,273,0.0,0.0,0.0,0.0,0.0
2019-01-25,19,0,274,113.15,113.15,0.0,2693.639731,0.0
2019-01-25,19,0,275,157.51,157.51,0.0,3749.670297,0.0
2019-01-25,19,0,276,0.0,0.0,0.0,0.0,0.0
2019-01-25,19,0,277,0.01,0.01,0.0,0.215519,0.0
2019-01-25,19,0,278,0.01,0.01,0.0,0.215519,0.0
2019-01-25,19,0,279,28.59,28.59,0.0,616.169228,0.0
2019-01-25,19,0,281,1.24,1.24,0.0,22.911225,0.0
2019-01-25,19,0,282,10.74,10.74,0.0,198.440774,0.0
2019-01-25,20,0,9,0.0,0.0,0.0,0.0,0.0
2019-01-25,20,0,17,0.0,0.0,0.0,-0.0,0.0
2019-01-25,20,0,19,643.3,643.3,0.0,-484.432077,0.0
2019-01-25,20,0,20,780.2,780.2,0.0,-587.52356,0.0
2019-01-25,20,0,21,0.0,0.0,0.0,0.0,0.0
2019-01-25,20,0,22,0.0,0.0,0.0,0.0,0.0
2019-01-25,20,0,23,13.39,13.39,0.0,231.516129,0.0
2019-01-25,20,0,24,23.68,23.68,0.0,409.432557,0.0
2019-01-25,20,0,29,0.0,0.0,0.0,0.0,0.0
2019-01-25,20,0,30,0.0,0.0,0.0,0.0,0.0
2019-01-25,20,0,31,2.11,2.11,0.0,36.532865,0.0
2019-01-25,20,0,32,0.0,0.0,0.0,0.0,0.0
2019-01-25,20,0,33,0.0,0.0,0.0,0.0,0.0
2019-01-25,20,0,34,0.0,0.0,0.0,0.0,0.0
2019-01-25,20,0,35,0.0,0.0,0.0,0.0,0.0
2019-01-25,20,0,36,0.0,0.0,0.0,0.0,0.0
2019-01-25,20,0,37,0.0,0.0,0.0,0.0,0.0
2019-01-25,20,0,38,0.0,0.0,0.0,0.0,0.0
2019-01-25,20,0,39,0.0,0.0,0.0,0.0,0.0
2019-01-25,20,0,40,0.0,0.0,0.0,0.0,0.0
2019-01-25,20,0,41,9.74,9.74,0.0,156.918816,0.0
2019-01-25,20,0,42,0.0,0.0,0.0,0.0,0.0
2019-01-25,20,0,43,0.0,0.0,0.0,0.0,0.0
2019-01-25,20,0,46,0.0,0.0,0.0,0.0,0.0
2019-01-25,20,0,52,2.23,2.23,0.0,38.610564,0.0
2019-01-25,20,0,53,3.55,3.55,0.0,61.465247,0.0
2019-01-25,20,0,55,18.3,18.3,0.0,316.41114,0.0
2019-01-25,20,0,56,0.0,0.0,0.0,0.0,0.0
2019-01-25,20,0,57,0.0,0.0,0.0,0.0,0.0
2019-01-25,20,0,58,0.0,0.0,0.0,0.0,0.0
2019-01-25,20,0,59,0.0,0.0,0.0,0.0,0.0
2019-01-25,20,0,63,21.77,21.77,0.0,542.6252,0.0
2019-01-25,20,0,64,25.61,25.61,0.0,638.338602,0.0
2019-01-25,20,0,65,41.4,41.4,0.0,222.307559,0.0
2019-01-25,20,0,67,0.0,0.0,0.0,0.0,0.0
2019-01-25,20,0,68,1.89,1.89,0.0,38.511129,0.0
2019-01-25,20,0,69,0.0,0.0,0.0,0.0,0.0
2019-01-25,20,0,74,39.39,39.39,0.0,581.45518,0.0
2019-01-25,20,0,77,11.33,11.33,0.0,222.125041,0.0
2019-01-25,20,0,78,8.61,8.61,0.0,168.799347,0.0
2019-01-25,20,0,79,5.01,5.01,0.0,98.221223,0.0
2019-01-25,20,0,80,8.06,8.06,0.0,158.016578,0.0
2019-01-25,20,0,81,10.5,10.5,0.0,205.852863,0.0
2019-01-25,20,0,82,7.44,7.44,0.0,145.861457,0.0
2019-01-25,20,0,83,16.36,16.36,0.0,320.738365,0.0
2019-01-25,20,0,84,0.0,0.0,0.0,0.0,0.0
2019-01-25,20,0,86,0.0,0.0,0.0,0.0,0.0
2019-01-25,20,0,87,0.0,0.0,0.0,0.0,0.0
2019-01-25,20,0,88,10.48,10.48,0.0,205.460762,0.0
2019-01-25,20,0,89,10.07,10.07,0.0,197.422698,0.0
2019-01-25,20,0,90,13.51,13.51,0.0,264.864016,0.0
2019-01-25,20,0,91,48.11,48.11,0.0,943.198211,0.0
2019-01-25,20,0,92,17.32,17.32,0.0,339.559198,0.0
2019-01-25,20,0,95,6.15,6.15,0.0,156.294215,0.0
2019-01-25,20,0,96,0.62,0.62,0.0,10.75028,0.0
2019-01-25,20,0,97,4.51,4.51,0.0,78.199617,0.0
2019-01-25,20,0,99,7.6,7.6,0.0,112.187341,0.0
2019-01-25,20,0,101,0.0,0.0,0.0,0.0,0.0
2019-01-25,20,0,102,4.48,4.48,0.0,91.28564,0.0
2019-01-25,20,0,103,3.89,3.89,0.0,79.263647,0.0
2019-01-25,20,0,104,0.72,0.72,0.0,14.670906,0.0
2019-01-25,20,0,106,0.0,0.0,0.0,0.0,0.0
2019-01-25,20,0,109,12.07,12.07,0.0,183.052732,0.0
2019-01-25,20,0,110,0.0,0.0,0.0,0.0,0.0
2019-01-25,20,0,111,0.0,0.0,0.0,0.0,0.0
2019-01-25,20,0,113,5.6,5.6,0.0,111.802542,0.0
2019-01-25,20,0,115,5.6,5.6,0.0,111.802542,0.0
2019-01-25,20,0,116,0.0,0.0,0.0,0.0,0.0
2019-01-25,20,0,117,0.37,0.37,0.0,7.386954,0.0
2019-01-25,20,0,119,25.61,25.61,0.0,638.338602,0.0
2019-01-25,20,0,120,15.06,15.06,0.0,375.376,0.0
2019-01-25,20,0,123,0.0,0.0,0.0,0.0,0.0
2019-01-25,20,0,125,21.43,21.43,0.0,370.529548,0.0
2019-01-25,20,0,126,0.0,0.0,0.0,0.0,0.0
2019-01-25,20,0,127,0.0,0.0,0.0,0.0,0.0
2019-01-25,20,0,128,30.7,30.7,0.0,530.809945,0.0
2019-01-25,20,0,131,5.22,5.22,0.0,105.332845,0.0
2019-01-25,20,0,132,7.68,7.68,0.0,154.972461,0.0
2019-01-25,20,0,133,103.8,103.8,0.0,982.62772,0.0
2019-01-25,20,0,134,0.0,0.0,0.0,0.0,0.0
2019-01-25,20,0,135,138.32,138.32,0.0,1309.41297,0.0
2019-01-25,20,0,136,45.9,45.9,0.0,261.899737,0.0
2019-01-25,20,0,139,13.04,13.04,0.0,210.084329,0.0
2019-01-25,20,0,140,0.0,0.0,0.0,0.0,0.0
2019-01-25,20,0,141,36.32,36.32,0.0,766.93191,0.0
2019-01-25,20,0,142,0.0,0.0,0.0,0.0,0.0
2019-01-25,20,0,143,5.44,5.44,0.0,94.188999,0.0
2019-01-25,20,0,145,0.79,0.79,0.0,13.049951,0.0
2019-01-25,20,0,146,0.0,0.0,0.0,0.0,0.0
2019-01-25,20,0,152,0.0,0.0,0.0,0.0,0.0
2019-01-25,20,0,153,0.0,0.0,0.0,0.0,0.0
2019-01-25,20,0,154,0.0,0.0,0.0,0.0,0.0
2019-01-25,20,0,157,7.92,7.92,0.0,167.238456,0.0
2019-01-25,20,0,158,0.0,0.0,0.0,0.0,0.0
2019-01-25,20,0,159,0.0,0.0,0.0,0.0,0.0
2019-01-25,20,0,160,0.0,0.0,0.0,0.0,0.0
2019-01-25,20,0,161,0.0,0.0,0.0,0.0,0.0
2019-01-25,20,0,162,6.59,6.59,0.0,167.425323,0.0
2019-01-25,20,0,163,31.09,31.09,0.0,726.921099,0.0
2019-01-25,20,0,164,0.0,0.0,0.0,0.0,0.0
2019-01-25,20,0,167,0.0,0.0,0.0,0.0,0.0
2019-01-25,20,0,168,0.0,0.0,0.0,0.0,0.0
2019-01-25,20,0,169,0.0,0.0,0.0,0.0,0.0
2019-01-25,20,0,170,0.0,0.0,0.0,0.0,0.0
2019-01-25,20,0,172,0.0,0.0,0.0,0.0,0.0
2019-01-25,20,0,173,0.0,0.0,0.0,0.0,0.0
2019-01-25,20,0,188,0.0,0.0,0.0,0.0,0.0
2019-01-25,20,0,190,0.0,0.0,0.0,0.0,0.0
2019-01-25,20,0,191,0.0,0.0,0.0,0.0,0.0
2019-01-25,20,0,192,12.1,12.1,0.0,301.596919,0.0
2019-01-25,20,0,194,22.36,22.36,0.0,441.604204,0.0
2019-01-25,20,0,196,0.0,0.0,0.0,0.0,0.0
2019-01-25,20,0,198,0.0,0.0,0.0,0.0,0.0
2019-01-25,20,0,199,12.85,12.85,0.0,170.393533,0.0
2019-01-25,20,0,200,0.0,0.0,0.0,0.0,0.0
2019-01-25,20,0,204,99.58,99.58,0.0,1517.064526,0.0
2019-01-25,20,0,205,63.84,63.84,0.0,968.192744,0.0
2019-01-25,20,0,206,17.07,17.07,0.0,295.979481,0.0
2019-01-25,20,0,210,0.0,0.0,0.0,0.0,0.0
2019-01-25,20,0,214,0.0,0.0,0.0,0.0,0.0
2019-01-25,20,0,217,0.0,0.0,0.0,0.0,0.0
2019-01-25,20,0,218,0.0,0.0,0.0,0.0,0.0
2019-01-25,20,0,219,0.0,0.0,0.0,0.0,0.0
2019-01-25,20,0,221,0.0,0.0,0.0,0.0,0.0
2019-01-25,20,0,225,0.0,0.0,0.0,0.0,0.0
2019-01-25,20,0,233,0.0,0.0,0.0,0.0,0.0
2019-01-25,20,0,236,152.98,152.98,0.0,2192.012921,0.0
2019-01-25,20,0,237,94.49,94.49,0.0,1394.813405,0.0
2019-01-25,20,0,238,0.0,0.0,0.0,0.0,0.0
2019-01-25,20,0,240,0.0,0.0,0.0,0.0,0.0
2019-01-25,20,0,245,145.89,145.89,0.0,1292.854967,0.0
2019-01-25,20,0,247,171.72,171.72,0.0,1521.756494,0.0
2019-01-25,20,0,248,9.49,9.49,0.0,140.086562,0.0
2019-01-25,20,0,249,280.44,280.44,0.0,2485.21658,0.0
2019-01-25,20,0,251,326.4,326.4,0.0,2513.636024,0.0
2019-01-25,20,0,252,267.06,267.06,0.0,1434.044847,0.0
2019-01-25,20,0,254,0.0,0.0,0.0,0.0,0.0
2019-01-25,20,0,255,0.0,0.0,0.0,0.0,0.0
2019-01-25,20,0,258,0.0,0.0,0.0,0.0,0.0
2019-01-25,20,0,260,0.0,0.0,0.0,0.0,0.0
2019-01-25,20,0,265,0.0,0.0,0.0,0.0,0.0
2019-01-25,20,0,266,7.95,7.95,0.0,128.080553,0.0
2019-01-25,20,0,267,10.05,10.05,0.0,161.913152,0.0
2019-01-25,20,0,270,97.1,97.1,0.0,2270.313243,0.0
2019-01-25,20,0,272,18.73,18.73,0.0,373.939574,0.0
2019-01-25,20,0,273,0.0,0.0,0.0,0.0,0.0
2019-01-25,20,0,274,125.17,125.17,0.0,2926.623158,0.0
2019-01-25,20,0,275,174.24,174.24,0.0,4073.937996,0.0
2019-01-25,20,0,276,0.0,0.0,0.0,0.0,0.0
2019-01-25,20,0,277,0.0,0.0,0.0,0.0,0.0
2019-01-25,20,0,278,0.0,0.0,0.0,0.0,0.0
2019-01-25,20,0,279,102.34,102.34,0.0,2028.432844,0.0
2019-01-25,20,0,281,0.95,0.95,0.0,16.448446,0.0
2019-01-25,20,0,282,0.0,0.0,0.0,0.0,0.0
2019-01-25,21,0,9,0.0,0.0,0.0,0.0,0.0
2019-01-25,21,0,17,0.0,0.0,0.0,0.0,0.0
2019-01-25,21,0,19,643.3,643.3,0.0,-3538.812814,0.0
2019-01-25,21,0,20,780.2,780.2,0.0,-4291.903866,0.0
2019-01-25,21,0,21,0.0,0.0,0.0,0.0,0.0
2019-01-25,21,0,22,0.0,0.0,0.0,0.0,0.0
2019-01-25,21,0,23,21.94,21.94,0.0,611.577978,0.0
2019-01-25,21,0,24,38.81,38.81,0.0,1081.829595,0.0
2019-01-25,21,0,29,0.0,0.0,0.0,0.0,0.0
2019-01-25,21,0,30,0.0,0.0,0.0,0.0,0.0
2019-01-25,21,0,31,4.65,4.65,0.0,129.800543,0.0
2019-01-25,21,0,32,0.0,0.0,0.0,0.0,0.0
2019-01-25,21,0,33,0.0,0.0,0.0,0.0,0.0
2019-01-25,21,0,34,0.0,0.0,0.0,0.0,0.0
2019-01-25,21,0,35,0.0,0.0,0.0,0.0,0.0
2019-01-25,21,0,36,0.0,0.0,0.0,0.0,0.0
2019-01-25,21,0,37,0.0,0.0,0.0,0.0,0.0
2019-01-25,21,0,38,0.0,0.0,0.0,0.0,0.0
2019-01-25,21,0,39,0.0,0.0,0.0,0.0,0.0
2019-01-25,21,0,40,0.0,0.0,0.0,0.0,0.0
2019-01-25,21,0,41,24.29,24.29,0.0,630.39743,0.0
2019-01-25,21,0,42,0.0,0.0,0.0,0.0,0.0
2019-01-25,21,0,43,0.0,0.0,0.0,0.0,0.0
2019-01-25,21,0,46,0.0,0.0,0.0,0.0,0.0
2019-01-25,21,0,52,4.93,4.93,0.0,137.61649,0.0
2019-01-25,21,0,53,7.84,7.84,0.0,218.846507,0.0
2019-01-25,21,0,55,34.75,34.75,0.0,968.657007,0.0
2019-01-25,21,0,56,0.0,0.0,0.0,0.0,0.0
2019-01-25,21,0,57,0.0,0.0,0.0,0.0,0.0
2019-01-25,21,0,58,0.0,0.0,0.0,0.0,0.0
2019-01-25,21,0,59,0.0,0.0,0.0,0.0,0.0
2019-01-25,21,0,63,22.3,22.3,0.0,780.014235,0.0
2019-01-25,21,0,64,26.24,26.24,0.0,917.828409,0.0
2019-01-25,21,0,65,41.4,41.4,0.0,362.205342,0.0
2019-01-25,21,0,67,0.0,0.0,0.0,0.0,0.0
2019-01-25,21,0,68,2.51,2.51,0.0,80.974945,0.0
2019-01-25,21,0,69,0.0,0.0,0.0,0.0,0.0
2019-01-25,21,0,74,54.28,54.28,0.0,1284.107413,0.0
2019-01-25,21,0,77,37.37,37.37,0.0,1182.980805,0.0
2019-01-25,21,0,78,28.31,28.31,0.0,896.178394,0.0
2019-01-25,21,0,79,16.42,16.42,0.0,519.7898,0.0
2019-01-25,21,0,80,26.5,26.5,0.0,838.881224,0.0
2019-01-25,21,0,81,34.59,34.59,0.0,1094.977416,0.0
2019-01-25,21,0,82,24.45,24.45,0.0,773.986639,0.0
2019-01-25,21,0,83,54.18,54.18,0.0,1715.116404,0.0
2019-01-25,21,0,84,0.0,0.0,0.0,0.0,0.0
2019-01-25,21,0,86,0.0,0.0,0.0,0.0,0.0
2019-01-25,21,0,87,0.0,0.0,0.0,0.0,0.0
2019-01-25,21,0,88,34.01,34.01,0.0,1076.616997,0.0
2019-01-25,21,0,89,32.69,32.69,0.0,1034.831215,0.0
2019-01-25,21,0,90,43.89,43.89,0.0,1389.377242,0.0
2019-01-25,21,0,91,156.58,156.58,0.0,4956.680077,0.0
2019-01-25,21,0,92,56.31,56.31,0.0,1782.543461,0.0
2019-01-25,21,0,95,5.24,5.24,0.0,188.047171,0.0
2019-01-25,21,0,96,3.29,3.29,0.0,91.971723,0.0
2019-01-25,21,0,97,20.23,20.23,0.0,565.528254,0.0
2019-01-25,21,0,99,10.48,10.48,0.0,247.926413,0.0
2019-01-25,21,0,101,0.0,0.0,0.0,0.0,0.0
2019-01-25,21,0,102,5.93,5.93,0.0,191.30734,0.0
2019-01-25,21,0,103,5.16,5.16,0.0,166.46642,0.0
2019-01-25,21,0,104,0.96,0.96,0.0,30.970497,0.0
2019-01-25,21,0,106,0.0,0.0,0.0,0.0,0.0
2019-01-25,21,0,109,20.54,20.54,0.0,501.32577,0.0
2019-01-25,21,0,110,0.0,0.0,0.0,0.0,0.0
2019-01-25,21,0,111,0.0,0.0,0.0,0.0,0.0
2019-01-25,21,0,113,17.02,17.02,0.0,551.507673,0.0
2019-01-25,21,0,115,17.02,17.02,0.0,551.507673,0.0
2019-01-25,21,0,116,0.0,0.0,0.0,0.0,0.0
2019-01-25,21,0,117,1.14,1.14,0.0,36.939997,0.0
2019-01-25,21,0,119,26.24,26.24,0.0,917.828409,0.0
2019-01-25,21,0,120,15.43,15.43,0.0,539.713885,0.0
2019-01-25,21,0,123,0.0,0.0,0.0,0.0,0.0
2019-01-25,21,0,125,35.13,35.13,0.0,979.249515,0.0
2019-01-25,21,0,126,0.0,0.0,0.0,0.0,0.0
2019-01-25,21,0,127,0.0,0.0,0.0,0.0,0.0
2019-01-25,21,0,128,50.31,50.31,0.0,1402.392346,0.0
2019-01-25,21,0,131,7.21,7.21,0.0,231.78895,0.0
2019-01-25,21,0,132,10.6,10.6,0.0,340.77155,0.0
2019-01-25,21,0,133,91.59,91.59,0.0,2306.499522,0.0
2019-01-25,21,0,134,0.0,0.0,0.0,0.0,0.0
2019-01-25,21,0,135,119.08,119.08,0.0,2998.776757,0.0
2019-01-25,21,0,136,45.9,45.9,0.0,437.482764,0.0
2019-01-25,21,0,139,31.99,31.99,0.0,830.235232,0.0
2019-01-25,21,0,140,0.0,0.0,0.0,0.0,0.0
2019-01-25,21,0,141,51.42,51.42,0.0,1680.550999,0.0
2019-01-25,21,0,142,0.0,0.0,0.0,0.0,0.0
2019-01-25,21,0,143,9.93,9.93,0.0,277.186966,0.0
2019-01-25,21,0,145,3.13,3.13,0.0,83.303159,0.0
2019-01-25,21,0,146,0.0,0.0,0.0,0.0,0.0
2019-01-25,21,0,152,0.0,0.0,0.0,0.0,0.0
2019-01-25,21,0,153,0.0,0.0,0.0,0.0,0.0
2019-01-25,21,0,154,0.0,0.0,0.0,0.0,0.0
2019-01-25,21,0,157,12.36,12.36,0.0,403.95975,0.0
2019-01-25,21,0,158,0.0,0.0,0.0,0.0,0.0
2019-01-25,21,0,159,0.0,0.0,0.0,0.0,0.0
2019-01-25,21,0,160,0.0,0.0,0.0,0.0,0.0
2019-01-25,21,0,161,0.0,0.0,0.0,0.0,0.0
2019-01-25,21,0,162,6.99,6.99,0.0,250.734507,0.0
2019-01-25,21,0,163,35.12,35.12,0.0,1193.194966,0.0
2019-01-25,21,0,164,0.0,0.0,0.0,0.0,0.0
2019-01-25,21,0,167,0.0,0.0,0.0,0.0,0.0
2019-01-25,21,0,168,0.0,0.0,0.0,0.0,0.0
2019-01-25,21,0,169,0.0,0.0,0.0,0.0,0.0
2019-01-25,21,0,170,0.0,0.0,0.0,0.0,0.0
2019-01-25,21,0,172,0.0,0.0,0.0,0.0,0.0
2019-01-25,21,0,173,0.0,0.0,0.0,0.0,0.0
2019-01-25,21,0,188,0.0,0.0,0.0,0.0,0.0
2019-01-25,21,0,190,0.0,0.0,0.0,0.0,0.0
2019-01-25,21,0,191,0.0,0.0,0.0,0.0,0.0
2019-01-25,21,0,192,0.0,0.0,0.0,0.0,0.0
2019-01-25,21,0,194,28.95,28.95,0.0,949.183492,0.0
2019-01-25,21,0,196,0.0,0.0,0.0,0.0,0.0
2019-01-25,21,0,198,0.0,0.0,0.0,0.0,0.0
2019-01-25,21,0,199,15.52,15.52,0.0,266.392195,0.0
2019-01-25,21,0,200,0.0,0.0,0.0,0.0,0.0
2019-01-25,21,0,204,220.65,220.65,0.0,5408.057504,0.0
2019-01-25,21,0,205,95.35,95.35,0.0,2327.235256,0.0
2019-01-25,21,0,206,59.46,59.46,0.0,1662.200196,0.0
2019-01-25,21,0,210,0.0,0.0,0.0,0.0,0.0
2019-01-25,21,0,214,0.0,0.0,0.0,0.0,0.0
2019-01-25,21,0,217,0.0,0.0,0.0,0.0,0.0
2019-01-25,21,0,218,0.0,0.0,0.0,0.0,0.0
2019-01-25,21,0,219,0.0,0.0,0.0,0.0,0.0
2019-01-25,21,0,221,0.0,0.0,0.0,0.0,0.0
2019-01-25,21,0,225,0.0,0.0,0.0,0.0,0.0
2019-01-25,21,0,233,0.0,0.0,0.0,0.0,0.0
2019-01-25,21,0,236,146.01,146.01,0.0,3411.919504,0.0
2019-01-25,21,0,237,130.21,130.21,0.0,3080.391051,0.0
2019-01-25,21,0,238,0.0,0.0,0.0,0.0,0.0
2019-01-25,21,0,240,0.0,0.0,0.0,0.0,0.0
2019-01-25,21,0,245,260.0,260.0,0.0,5288.197745,0.0
2019-01-25,21,0,247,171.72,171.72,0.0,3492.651219,0.0
2019-01-25,21,0,248,13.07,13.07,0.0,309.198303,0.0
2019-01-25,21,0,249,500.0,500.0,0.0,10169.611049,0.0
2019-01-25,21,0,251,326.4,326.4,0.0,4355.031606,0.0
2019-01-25,21,0,252,267.06,267.06,0.0,2336.486924,0.0
2019-01-25,21,0,254,0.0,0.0,0.0,0.0,0.0
2019-01-25,21,0,255,0.0,0.0,0.0,0.0,0.0
2019-01-25,21,0,258,0.0,0.0,0.0,0.0,0.0
2019-01-25,21,0,260,0.0,0.0,0.0,0.0,0.0
2019-01-25,21,0,265,0.0,0.0,0.0,0.0,0.0
2019-01-25,21,0,266,20.03,20.03,0.0,519.837815,0.0
2019-01-25,21,0,267,25.01,25.01,0.0,649.083562,0.0
2019-01-25,21,0,270,109.68,109.68,0.0,3726.356032,0.0
2019-01-25,21,0,272,56.84,56.84,0.0,1841.815285,0.0
2019-01-25,21,0,273,0.0,0.0,0.0,0.0,0.0
2019-01-25,21,0,274,141.39,141.39,0.0,4803.69693,0.0
2019-01-25,21,0,275,196.82,196.82,0.0,6686.920078,0.0
2019-01-25,21,0,276,0.0,0.0,0.0,0.0,0.0
2019-01-25,21,0,277,0.0,0.0,0.0,0.0,0.0
2019-01-25,21,0,278,0.0,0.0,0.0,0.0,0.0
2019-01-25,21,0,279,141.91,141.91,0.0,4555.846969,0.0
2019-01-25,21,0,281,2.09,2.09,0.0,58.340459,0.0
2019-01-25,21,0,282,0.0,0.0,0.0,0.0,0.0
2019-01-25,22,0,9,0.0,0.0,0.0,0.0,0.0
2019-01-25,22,0,17,0.0,0.0,0.0,-0.0,0.0
2019-01-25,22,0,19,643.3,643.3,0.0,-5643.827381,0.0
2019-01-25,22,0,20,780.2,780.2,0.0,-6844.884381,0.0
2019-01-25,22,0,21,0.0,0.0,0.0,0.0,0.0
2019-01-25,22,0,22,0.0,0.0,0.0,0.0,0.0
2019-01-25,22,0,23,38.45,38.45,0.0,436.987046,0.0
2019-01-25,22,0,24,68.02,68.02,0.0,773.052246,0.0
2019-01-25,22,0,29,0.0,0.0,0.0,0.0,0.0
2019-01-25,22,0,30,0.0,0.0,0.0,0.0,0.0
2019-01-25,22,0,31,12.45,12.45,0.0,141.404577,0.0
2019-01-25,22,0,32,0.0,0.0,0.0,0.0,0.0
2019-01-25,22,0,33,0.0,0.0,0.0,0.0,0.0
2019-01-25,22,0,34,0.0,0.0,0.0,0.0,0.0
2019-01-25,22,0,35,0.0,0.0,0.0,0.0,0.0
2019-01-25,22,0,36,0.0,0.0,0.0,0.0,0.0
2019-01-25,22,0,37,0.0,0.0,0.0,0.0,0.0
2019-01-25,22,0,38,0.0,0.0,0.0,0.0,0.0
2019-01-25,22,0,39,0.0,0.0,0.0,0.0,0.0
2019-01-25,22,0,40,0.0,0.0,0.0,0.0,0.0
2019-01-25,22,0,41,37.49,37.49,0.0,441.623905,0.0
2019-01-25,22,0,42,0.0,0.0,0.0,0.0,0.0
2019-01-25,22,0,43,0.0,0.0,0.0,0.0,0.0
2019-01-25,22,0,46,0.0,0.0,0.0,0.0,0.0
2019-01-25,22,0,52,13.19,13.19,0.0,149.809347,0.0
2019-01-25,22,0,53,20.96,20.96,0.0,238.059433,0.0
2019-01-25,22,0,55,135.29,135.29,0.0,1537.580687,0.0
2019-01-25,22,0,56,0.0,0.0,0.0,0.0,0.0
2019-01-25,22,0,57,0.0,0.0,0.0,0.0,0.0
2019-01-25,22,0,58,0.0,0.0,0.0,0.0,0.0
2019-01-25,22,0,59,0.0,0.0,0.0,0.0,0.0
2019-01-25,22,0,63,28.03,28.03,0.0,627.583651,0.0
2019-01-25,22,0,64,32.98,32.98,0.0,738.41273,0.0
2019-01-25,22,0,65,41.4,41.4,0.0,83.073567,0.0
2019-01-25,22,0,67,0.0,0.0,0.0,0.0,0.0
2019-01-25,22,0,68,3.23,3.23,0.0,38.908442,0.0
2019-01-25,22,0,69,0.0,0.0,0.0,0.0,0.0
2019-01-25,22,0,74,65.28,65.28,0.0,814.595208,0.0
2019-01-25,22,0,77,65.65,65.65,0.0,700.714035,0.0
2019-01-25,22,0,78,49.63,49.63,0.0,529.724868,0.0
2019-01-25,22,0,79,28.72,28.72,0.0,306.542378,0.0
2019-01-25,22,0,80,46.44,46.44,0.0,495.676463,0.0
2019-01-25,22,0,81,60.72,60.72,0.0,648.093773,0.0
2019-01-25,22,0,82,42.83,42.83,0.0,457.145196,0.0
2019-01-25,22,0,83,95.52,95.52,0.0,1019.530916,0.0
2019-01-25,22,0,84,0.0,0.0,0.0,0.0,0.0
2019-01-25,22,0,86,0.0,0.0,0.0,0.0,0.0
2019-01-25,22,0,87,0.0,0.0,0.0,0.0,0.0
2019-01-25,22,0,88,56.04,56.04,0.0,598.141882,0.0
2019-01-25,22,0,89,53.87,53.87,0.0,574.980428,0.0
2019-01-25,22,0,90,72.34,72.34,0.0,772.119624,0.0
2019-01-25,22,0,91,258.04,258.04,0.0,2754.185067,0.0
2019-01-25,22,0,92,92.8,92.8,0.0,990.499047,0.0
2019-01-25,22,0,95,5.92,5.92,0.0,132.784041,0.0
2019-01-25,22,0,96,9.9,9.9,0.0,112.36692,0.0
2019-01-25,22,0,97,60.85,60.85,0.0,690.659298,0.0
2019-01-25,22,0,99,12.6,12.6,0.0,157.228854,0.0
2019-01-25,22,0,101,0.0,0.0,0.0,0.0,0.0
2019-01-25,22,0,102,7.64,7.64,0.0,92.031113,0.0
2019-01-25,22,0,103,6.65,6.65,0.0,80.105616,0.0
2019-01-25,22,0,104,1.23,1.23,0.0,14.816527,0.0
2019-01-25,22,0,106,0.0,0.0,0.0,0.0,0.0
2019-01-25,22,0,109,55.43,55.43,0.0,663.295227,0.0
2019-01-25,22,0,110,10.79,10.79,0.0,204.677713,0.0
2019-01-25,22,0,111,0.0,0.0,0.0,0.0,0.0
2019-01-25,22,0,113,46.57,46.57,0.0,473.807934,0.0
2019-01-25,22,0,115,46.57,46.57,0.0,473.807934,0.0
2019-01-25,22,0,116,0.0,0.0,0.0,0.0,0.0
2019-01-25,22,0,117,3.1,3.1,0.0,31.539716,0.0
2019-01-25,22,0,119,32.98,32.98,0.0,738.41273,0.0
2019-01-25,22,0,120,19.39,19.39,0.0,434.136532,0.0
2019-01-25,22,0,123,0.0,0.0,0.0,0.0,0.0
2019-01-25,22,0,125,61.56,61.56,0.0,699.633876,0.0
2019-01-25,22,0,126,0.0,0.0,0.0,0.0,0.0
2019-01-25,22,0,127,0.0,0.0,0.0,0.0,0.0
2019-01-25,22,0,128,88.17,88.17,0.0,1002.058461,0.0
2019-01-25,22,0,131,9.69,9.69,0.0,112.31487,0.0
2019-01-25,22,0,132,14.25,14.25,0.0,165.168926,0.0
2019-01-25,22,0,133,139.8,139.8,0.0,2027.34672,0.0
2019-01-25,22,0,134,0.0,0.0,0.0,0.0,0.0
2019-01-25,22,0,135,187.33,187.33,0.0,2716.615601,0.0
2019-01-25,22,0,136,45.9,45.9,0.0,119.26656,0.0
2019-01-25,22,0,139,48.41,48.41,0.0,570.259089,0.0
2019-01-25,22,0,140,7.99,7.99,0.0,151.563942,0.0
2019-01-25,22,0,141,75.44,75.44,0.0,1037.316405,0.0
2019-01-25,22,0,142,0.0,0.0,0.0,0.0,0.0
2019-01-25,22,0,143,21.75,21.75,0.0,247.032092,0.0
2019-01-25,22,0,145,22.49,22.49,0.0,260.530226,0.0
2019-01-25,22,0,146,0.0,0.0,0.0,0.0,0.0
2019-01-25,22,0,152,0.0,0.0,0.0,0.0,0.0
2019-01-25,22,0,153,0.0,0.0,0.0,0.0,0.0
2019-01-25,22,0,154,0.0,0.0,0.0,0.0,0.0
2019-01-25,22,0,157,22.23,22.23,0.0,305.667334,0.0
2019-01-25,22,0,158,0.0,0.0,0.0,0.0,0.0
2019-01-25,22,0,159,0.0,0.0,0.0,0.0,0.0
2019-01-25,22,0,160,0.0,0.0,0.0,0.0,0.0
2019-01-25,22,0,161,0.0,0.0,0.0,0.0,0.0
2019-01-25,22,0,162,7.34,7.34,0.0,164.655324,0.0
2019-01-25,22,0,163,39.96,39.96,0.0,758.0094,0.0
2019-01-25,22,0,164,0.0,0.0,0.0,0.0,0.0
2019-01-25,22,0,167,0.0,0.0,0.0,0.0,0.0
2019-01-25,22,0,168,0.0,0.0,0.0,0.0,0.0
2019-01-25,22,0,169,0.0,0.0,0.0,0.0,0.0
2019-01-25,22,0,170,0.0,0.0,0.0,0.0,0.0
2019-01-25,22,0,172,0.0,0.0,0.0,0.0,0.0
2019-01-25,22,0,173,0.0,0.0,0.0,0.0,0.0
2019-01-25,22,0,188,0.0,0.0,0.0,0.0,0.0
2019-01-25,22,0,190,0.0,0.0,0.0,0.0,0.0
2019-01-25,22,0,191,0.0,0.0,0.0,0.0,0.0
2019-01-25,22,0,192,0.0,0.0,0.0,0.0,0.0
2019-01-25,22,0,194,39.81,39.81,0.0,335.980339,0.0
2019-01-25,22,0,196,0.0,0.0,0.0,0.0,0.0
2019-01-25,22,0,198,0.0,0.0,0.0,0.0,0.0
2019-01-25,22,0,199,19.2,19.2,0.0,188.591359,0.0
2019-01-25,22,0,200,0.0,0.0,0.0,0.0,0.0
2019-01-25,22,0,204,283.16,283.16,0.0,3375.574091,0.0
2019-01-25,22,0,205,275.77,275.77,0.0,3299.962562,0.0
2019-01-25,22,0,206,178.81,178.81,0.0,2029.52817,0.0
2019-01-25,22,0,210,0.0,0.0,0.0,0.0,0.0
2019-01-25,22,0,214,0.0,0.0,0.0,0.0,0.0
2019-01-25,22,0,217,0.0,0.0,0.0,0.0,0.0
2019-01-25,22,0,218,0.0,0.0,0.0,0.0,0.0
2019-01-25,22,0,219,0.0,0.0,0.0,0.0,0.0
2019-01-25,22,0,221,0.0,0.0,0.0,0.0,0.0
2019-01-25,22,0,225,0.0,0.0,0.0,0.0,0.0
2019-01-25,22,0,233,0.0,0.0,0.0,0.0,0.0
2019-01-25,22,0,236,141.88,141.88,0.0,1808.238086,0.0
2019-01-25,22,0,237,156.6,156.6,0.0,1954.130048,0.0
2019-01-25,22,0,238,0.0,0.0,0.0,0.0,0.0
2019-01-25,22,0,240,0.0,0.0,0.0,0.0,0.0
2019-01-25,22,0,245,260.0,260.0,0.0,2841.472731,0.0
2019-01-25,22,0,247,171.72,171.72,0.0,1876.683451,0.0
2019-01-25,22,0,248,15.72,15.72,0.0,196.161714,0.0
2019-01-25,22,0,249,500.0,500.0,0.0,5464.370636,0.0
2019-01-25,22,0,251,678.68,678.68,0.0,3695.137117,0.0
2019-01-25,22,0,252,267.06,267.06,0.0,535.884707,0.0
2019-01-25,22,0,254,0.0,0.0,0.0,0.0,0.0
2019-01-25,22,0,255,0.0,0.0,0.0,0.0,0.0
2019-01-25,22,0,258,0.0,0.0,0.0,0.0,0.0
2019-01-25,22,0,260,0.0,0.0,0.0,0.0,0.0
2019-01-25,22,0,265,0.0,0.0,0.0,0.0,0.0
2019-01-25,22,0,266,31.35,31.35,0.0,369.296064,0.0
2019-01-25,22,0,267,38.52,38.52,0.0,453.757077,0.0
2019-01-25,22,0,270,124.8,124.8,0.0,2367.356685,0.0
2019-01-25,22,0,272,155.66,155.66,0.0,1583.700731,0.0
2019-01-25,22,0,273,0.0,0.0,0.0,0.0,0.0
2019-01-25,22,0,274,160.88,160.88,0.0,3051.765573,0.0
2019-01-25,22,0,275,223.94,223.94,0.0,4247.96359,0.0
2019-01-25,22,0,276,0.0,0.0,0.0,0.0,0.0
2019-01-25,22,0,277,0.0,0.0,0.0,0.0,0.0
2019-01-25,22,0,278,0.0,0.0,0.0,0.0,0.0
2019-01-25,22,0,279,78.37,78.37,0.0,813.034769,0.0
2019-01-25,22,0,281,5.59,5.59,0.0,63.490087,0.0
2019-01-25,22,0,282,0.0,0.0,0.0,0.0,0.0
2019-01-25,23,0,9,0.0,0.0,0.0,0.0,0.0
2019-01-25,23,0,17,0.0,0.0,0.0,-0.0,0.0
2019-01-25,23,0,19,643.3,643.3,0.0,-452.264777,0.0
2019-01-25,23,0,20,780.2,780.2,0.0,-548.510771,0.0
2019-01-25,23,0,21,0.0,0.0,0.0,0.0,0.0
2019-01-25,23,0,22,0.0,0.0,0.0,0.0,0.0
2019-01-25,23,0,23,36.38,36.38,0.0,451.143903,0.0
2019-01-25,23,0,24,64.37,64.37,0.0,798.244449,0.0
2019-01-25,23,0,29,0.0,0.0,0.0,0.0,0.0
2019-01-25,23,0,30,0.0,0.0,0.0,0.0,0.0
2019-01-25,23,0,31,12.02,12.02,0.0,149.130517,0.0
2019-01-25,23,0,32,0.0,0.0,0.0,0.0,0.0
2019-01-25,23,0,33,0.0,0.0,0.0,0.0,0.0
2019-01-25,23,0,34,0.0,0.0,0.0,0.0,0.0
2019-01-25,23,0,35,0.0,0.0,0.0,0.0,0.0
2019-01-25,23,0,36,0.0,0.0,0.0,0.0,0.0
2019-01-25,23,0,37,0.0,0.0,0.0,0.0,0.0
2019-01-25,23,0,38,0.0,0.0,0.0,0.0,0.0
2019-01-25,23,0,39,0.0,0.0,0.0,0.0,0.0
2019-01-25,23,0,40,0.0,0.0,0.0,0.0,0.0
2019-01-25,23,0,41,41.4,41.4,0.0,500.427448,0.0
2019-01-25,23,0,42,0.0,0.0,0.0,0.0,0.0
2019-01-25,23,0,43,0.0,0.0,0.0,0.0,0.0
2019-01-25,23,0,46,0.0,0.0,0.0,0.0,0.0
2019-01-25,23,0,52,12.74,12.74,0.0,158.063459,0.0
2019-01-25,23,0,53,20.24,20.24,0.0,251.114946,0.0
2019-01-25,23,0,55,228.71,228.71,0.0,2836.204565,0.0
2019-01-25,23,0,56,0.0,0.0,0.0,0.0,0.0
2019-01-25,23,0,57,0.0,0.0,0.0,0.0,0.0
2019-01-25,23,0,58,0.0,0.0,0.0,0.0,0.0
2019-01-25,23,0,59,0.0,0.0,0.0,0.0,0.0
2019-01-25,23,0,63,21.83,21.83,0.0,486.340985,0.0
2019-01-25,23,0,64,25.68,25.68,0.0,572.113445,0.0
2019-01-25,23,0,65,40.89,40.89,0.0,218.060815,0.0
2019-01-25,23,0,67,0.0,0.0,0.0,0.0,0.0
2019-01-25,23,0,68,2.47,2.47,0.0,34.907842,0.0
2019-01-25,23,0,69,0.0,0.0,0.0,0.0,0.0
2019-01-25,23,0,74,55.08,55.08,0.0,641.24048,0.0
2019-01-25,23,0,77,59.45,59.45,0.0,771.436018,0.0
2019-01-25,23,0,78,44.94,44.94,0.0,583.15113,0.0
2019-01-25,23,0,79,26.01,26.01,0.0,337.511368,0.0
2019-01-25,23,0,80,42.06,42.06,0.0,545.779629,0.0
2019-01-25,23,0,81,54.99,54.99,0.0,713.562096,0.0
2019-01-25,23,0,82,38.79,38.79,0.0,503.347404,0.0
2019-01-25,23,0,83,86.5,86.5,0.0,1122.44265,0.0
2019-01-25,23,0,84,0.0,0.0,0.0,0.0,0.0
2019-01-25,23,0,86,0.0,0.0,0.0,0.0,0.0
2019-01-25,23,0,87,0.0,0.0,0.0,0.0,0.0
2019-01-25,23,0,88,48.75,48.75,0.0,632.590511,0.0
2019-01-25,23,0,89,46.86,46.86,0.0,608.065464,0.0
2019-01-25,23,0,90,62.92,62.92,0.0,816.463486,0.0
2019-01-25,23,0,91,224.46,224.46,0.0,2912.641356,0.0
2019-01-25,23,0,92,80.73,80.73,0.0,1047.569886,0.0
2019-01-25,23,0,95,6.42,6.42,0.0,143.998909,0.0
2019-01-25,23,0,96,9.11,9.11,0.0,113.083551,0.0
2019-01-25,23,0,97,56.03,56.03,0.0,695.507282,0.0
2019-01-25,23,0,99,10.63,10.63,0.0,123.75429,0.0
2019-01-25,23,0,101,0.0,0.0,0.0,0.0,0.0
2019-01-25,23,0,102,5.84,5.84,0.0,82.535139,0.0
2019-01-25,23,0,103,5.08,5.08,0.0,71.794265,0.0
2019-01-25,23,0,104,0.94,0.94,0.0,13.284766,0.0
2019-01-25,23,0,106,0.0,0.0,0.0,0.0,0.0
2019-01-25,23,0,109,57.47,57.47,0.0,682.986889,0.0
2019-01-25,23,0,110,11.17,11.17,0.0,218.791001,0.0
2019-01-25,23,0,111,0.0,0.0,0.0,0.0,0.0
2019-01-25,23,0,113,33.17,33.17,0.0,425.559792,0.0
2019-01-25,23,0,115,33.17,33.17,0.0,425.559792,0.0
2019-01-25,23,0,116,0.0,0.0,0.0,0.0,0.0
2019-01-25,23,0,117,2.21,2.21,0.0,28.353547,0.0
2019-01-25,23,0,119,25.68,25.68,0.0,572.113445,0.0
2019-01-25,23,0,120,15.1,15.1,0.0,336.40627,0.0
2019-01-25,23,0,123,0.0,0.0,0.0,0.0,0.0
2019-01-25,23,0,125,58.25,58.25,0.0,722.351082,0.0
2019-01-25,23,0,126,0.0,0.0,0.0,0.0,0.0
2019-01-25,23,0,127,0.0,0.0,0.0,0.0,0.0
2019-01-25,23,0,128,83.43,83.43,0.0,1034.605163,0.0
2019-01-25,23,0,131,9.09,9.09,0.0,125.206789,0.0
2019-01-25,23,0,132,13.36,13.36,0.0,184.022299,0.0
2019-01-25,23,0,133,139.8,139.8,0.0,1718.319338,0.0
2019-01-25,23,0,134,0.0,0.0,0.0,0.0,0.0
2019-01-25,23,0,135,187.33,187.33,0.0,2302.52333,0.0
2019-01-25,23,0,136,45.9,45.9,0.0,259.987838,0.0
2019-01-25,23,0,139,53.46,53.46,0.0,646.20414,0.0
2019-01-25,23,0,140,8.27,8.27,0.0,161.987608,0.0
2019-01-25,23,0,141,55.74,55.74,0.0,862.60281,0.0
2019-01-25,23,0,142,0.0,0.0,0.0,0.0,0.0
2019-01-25,23,0,143,20.82,20.82,0.0,258.310928,0.0
2019-01-25,23,0,145,7.48,7.48,0.0,91.351741,0.0
2019-01-25,23,0,146,0.0,0.0,0.0,0.0,0.0
2019-01-25,23,0,152,0.0,0.0,0.0,0.0,0.0
2019-01-25,23,0,153,0.0,0.0,0.0,0.0,0.0
2019-01-25,23,0,154,0.0,0.0,0.0,0.0,0.0
2019-01-25,23,0,157,21.79,21.79,0.0,337.210535,0.0
2019-01-25,23,0,158,0.0,0.0,0.0,0.0,0.0
2019-01-25,23,0,159,0.0,0.0,0.0,0.0,0.0
2019-01-25,23,0,160,0.0,0.0,0.0,0.0,0.0
2019-01-25,23,0,161,0.0,0.0,0.0,0.0,0.0
2019-01-25,23,0,162,3.71,3.71,0.0,83.214245,0.0
2019-01-25,23,0,163,24.5,24.5,0.0,479.890736,0.0
2019-01-25,23,0,164,0.0,0.0,0.0,0.0,0.0
2019-01-25,23,0,167,0.0,0.0,0.0,0.0,0.0
2019-01-25,23,0,168,0.0,0.0,0.0,0.0,0.0
2019-01-25,23,0,169,0.0,0.0,0.0,0.0,0.0
2019-01-25,23,0,170,0.0,0.0,0.0,0.0,0.0
2019-01-25,23,0,172,0.0,0.0,0.0,0.0,0.0
2019-01-25,23,0,173,0.0,0.0,0.0,0.0,0.0
2019-01-25,23,0,188,0.0,0.0,0.0,0.0,0.0
2019-01-25,23,0,190,0.0,0.0,0.0,0.0,0.0
2019-01-25,23,0,191,0.0,0.0,0.0,0.0,0.0
2019-01-25,23,0,192,0.0,0.0,0.0,0.0,0.0
2019-01-25,23,0,194,34.71,34.71,0.0,405.879268,0.0
2019-01-25,23,0,196,0.0,0.0,0.0,0.0,0.0
2019-01-25,23,0,198,0.0,0.0,0.0,0.0,0.0
2019-01-25,23,0,199,10.57,10.57,0.0,127.378094,0.0
2019-01-25,23,0,200,0.0,0.0,0.0,0.0,0.0
2019-01-25,23,0,204,253.52,253.52,0.0,3018.973042,0.0
2019-01-25,23,0,205,304.01,304.01,0.0,3612.925774,0.0
2019-01-25,23,0,206,164.64,164.64,0.0,2043.696571,0.0
2019-01-25,23,0,210,0.0,0.0,0.0,0.0,0.0
2019-01-25,23,0,214,0.0,0.0,0.0,0.0,0.0
2019-01-25,23,0,217,0.0,0.0,0.0,0.0,0.0
2019-01-25,23,0,218,0.0,0.0,0.0,0.0,0.0
2019-01-25,23,0,219,0.0,0.0,0.0,0.0,0.0
2019-01-25,23,0,221,0.0,0.0,0.0,0.0,0.0
2019-01-25,23,0,225,0.0,0.0,0.0,0.0,0.0
2019-01-25,23,0,233,0.0,0.0,0.0,0.0,0.0
2019-01-25,23,0,236,90.33,90.33,0.0,1042.77514,0.0
2019-01-25,23,0,237,132.14,132.14,0.0,1538.371769,0.0
2019-01-25,23,0,238,0.0,0.0,0.0,0.0,0.0
2019-01-25,23,0,240,0.0,0.0,0.0,0.0,0.0
2019-01-25,23,0,245,260.0,260.0,0.0,2661.333055,0.0
2019-01-25,23,0,247,169.99,169.99,0.0,1740.000023,0.0
2019-01-25,23,0,248,13.26,13.26,0.0,154.372708,0.0
2019-01-25,23,0,249,500.0,500.0,0.0,5117.948183,0.0
2019-01-25,23,0,251,326.4,326.4,0.0,2376.241322,0.0
2019-01-25,23,0,252,263.76,263.76,0.0,1406.59625,0.0
2019-01-25,23,0,254,0.0,0.0,0.0,0.0,0.0
2019-01-25,23,0,255,0.0,0.0,0.0,0.0,0.0
2019-01-25,23,0,258,0.0,0.0,0.0,0.0,0.0
2019-01-25,23,0,260,0.0,0.0,0.0,0.0,0.0
2019-01-25,23,0,265,0.0,0.0,0.0,0.0,0.0
2019-01-25,23,0,266,34.62,34.62,0.0,418.473388,0.0
2019-01-25,23,0,267,42.54,42.54,0.0,514.207334,0.0
2019-01-25,23,0,270,76.53,76.53,0.0,1499.021961,0.0
2019-01-25,23,0,272,110.85,110.85,0.0,1422.167711,0.0
2019-01-25,23,0,273,0.0,0.0,0.0,0.0,0.0
2019-01-25,23,0,274,98.65,98.65,0.0,1932.29474,0.0
2019-01-25,23,0,275,137.32,137.32,0.0,2689.738608,0.0
2019-01-25,23,0,276,0.0,0.0,0.0,0.0,0.0
2019-01-25,23,0,277,0.0,0.0,0.0,0.0,0.0
2019-01-25,23,0,278,0.0,0.0,0.0,0.0,0.0
2019-01-25,23,0,279,55.47,55.47,0.0,714.920434,0.0
2019-01-25,23,0,281,5.39,5.39,0.0,66.873002,0.0
2019-01-25,23,0,282,0.0,0.0,0.0,0.0,0.0
2019-01-26,0,0,9,0.0,0.0,0.0,0.0,0.0
2019-01-26,0,0,17,0.0,0.0,0.0,-0.0,0.0
2019-01-26,0,0,19,643.3,643.3,0.0,-397.324948,0.0
2019-01-26,0,0,20,780.2,780.2,0.0,-481.879254,0.0
2019-01-26,0,0,21,0.0,0.0,0.0,0.0,0.0
2019-01-26,0,0,22,0.0,0.0,0.0,0.0,0.0
2019-01-26,0,0,23,34.68,34.68,0.0,466.287434,0.0
2019-01-26,0,0,24,61.37,61.37,0.0,825.145901,0.0
2019-01-26,0,0,29,0.0,0.0,0.0,0.0,0.0
2019-01-26,0,0,30,0.0,0.0,0.0,0.0,0.0
2019-01-26,0,0,31,11.62,11.62,0.0,156.357936,0.0
2019-01-26,0,0,32,0.0,0.0,0.0,0.0,0.0
2019-01-26,0,0,33,0.0,0.0,0.0,0.0,0.0
2019-01-26,0,0,34,0.0,0.0,0.0,0.0,0.0
2019-01-26,0,0,35,0.0,0.0,0.0,0.0,0.0
2019-01-26,0,0,36,0.0,0.0,0.0,0.0,0.0
2019-01-26,0,0,37,0.0,0.0,0.0,0.0,0.0
2019-01-26,0,0,38,0.0,0.0,0.0,0.0,0.0
2019-01-26,0,0,39,0.0,0.0,0.0,0.0,0.0
2019-01-26,0,0,40,0.0,0.0,0.0,0.0,0.0
2019-01-26,0,0,41,46.0,46.0,0.0,593.279837,0.0
2019-01-26,0,0,42,0.0,0.0,0.0,0.0,0.0
2019-01-26,0,0,43,0.0,0.0,0.0,0.0,0.0
2019-01-26,0,0,46,0.0,0.0,0.0,0.0,0.0
2019-01-26,0,0,52,12.32,12.32,0.0,165.777089,0.0
2019-01-26,0,0,53,19.57,19.57,0.0,263.332599,0.0
2019-01-26,0,0,55,223.38,223.38,0.0,3003.439649,0.0
2019-01-26,0,0,56,0.0,0.0,0.0,0.0,0.0
2019-01-26,0,0,57,0.0,0.0,0.0,0.0,0.0
2019-01-26,0,0,58,0.0,0.0,0.0,0.0,0.0
2019-01-26,0,0,59,0.0,0.0,0.0,0.0,0.0
2019-01-26,0,0,63,16.62,16.62,0.0,320.118884,0.0
2019-01-26,0,0,64,19.56,19.56,0.0,376.746413,0.0
2019-01-26,0,0,65,28.33,28.33,0.0,157.198973,0.0
2019-01-26,0,0,67,0.0,0.0,0.0,0.0,0.0
2019-01-26,0,0,68,1.82,1.82,0.0,27.470306,0.0
2019-01-26,0,0,69,0.0,0.0,0.0,0.0,0.0
2019-01-26,0,0,74,40.71,40.71,0.0,493.625998,0.0
2019-01-26,0,0,77,54.2,54.2,0.0,783.465016,0.0
2019-01-26,0,0,78,40.97,40.97,0.0,592.224386,0.0
2019-01-26,0,0,79,23.71,23.71,0.0,342.729807,0.0
2019-01-26,0,0,80,38.35,38.35,0.0,554.352091,0.0
2019-01-26,0,0,81,50.13,50.13,0.0,724.632864,0.0
2019-01-26,0,0,82,35.36,35.36,0.0,511.13142,0.0
2019-01-26,0,0,83,78.86,78.86,0.0,1139.927143,0.0
2019-01-26,0,0,84,0.0,0.0,0.0,0.0,0.0
2019-01-26,0,0,86,0.0,0.0,0.0,0.0,0.0
2019-01-26,0,0,87,0.0,0.0,0.0,0.0,0.0
2019-01-26,0,0,88,42.81,42.81,0.0,618.821722,0.0
2019-01-26,0,0,89,41.16,41.16,0.0,594.97085,0.0
2019-01-26,0,0,90,55.26,55.26,0.0,798.787394,0.0
2019-01-26,0,0,91,197.13,197.13,0.0,2849.528756,0.0
2019-01-26,0,0,92,70.9,70.9,0.0,1024.864753,0.0
2019-01-26,0,0,95,3.93,3.93,0.0,76.421915,0.0
2019-01-26,0,0,96,8.4,8.4,0.0,113.122053,0.0
2019-01-26,0,0,97,51.66,51.66,0.0,695.700624,0.0
2019-01-26,0,0,99,7.86,7.86,0.0,95.30583,0.0
2019-01-26,0,0,101,0.0,0.0,0.0,0.0,0.0
2019-01-26,0,0,102,4.32,4.32,0.0,65.204242,0.0
2019-01-26,0,0,103,3.76,3.76,0.0,56.751841,0.0
2019-01-26,0,0,104,0.7,0.7,0.0,10.565502,0.0
2019-01-26,0,0,106,0.0,0.0,0.0,0.0,0.0
2019-01-26,0,0,109,52.5,52.5,0.0,658.234525,0.0
2019-01-26,0,0,110,11.54,11.54,0.0,206.316913,0.0
2019-01-26,0,0,111,0.0,0.0,0.0,0.0,0.0
2019-01-26,0,0,113,23.29,23.29,0.0,338.591243,0.0
2019-01-26,0,0,115,23.29,23.29,0.0,338.591243,0.0
2019-01-26,0,0,116,0.0,0.0,0.0,0.0,0.0
2019-01-26,0,0,117,1.55,1.55,0.0,22.533981,0.0
2019-01-26,0,0,119,19.56,19.56,0.0,376.746413,0.0
2019-01-26,0,0,120,11.5,11.5,0.0,221.502237,0.0
2019-01-26,0,0,123,0.0,0.0,0.0,0.0,0.0
2019-01-26,0,0,125,55.53,55.53,0.0,746.624603,0.0
2019-01-26,0,0,126,0.0,0.0,0.0,0.0,0.0
2019-01-26,0,0,127,0.0,0.0,0.0,0.0,0.0
2019-01-26,0,0,128,79.54,79.54,0.0,1069.449323,0.0
2019-01-26,0,0,131,8.5,8.5,0.0,126.739171,0.0
2019-01-26,0,0,132,12.5,12.5,0.0,186.381133,0.0
2019-01-26,0,0,133,138.26,138.26,0.0,1748.583846,0.0
2019-01-26,0,0,134,0.0,0.0,0.0,0.0,0.0
2019-01-26,0,0,135,185.26,185.26,0.0,2342.996118,0.0
2019-01-26,0,0,136,41.85,41.85,0.0,246.386835,0.0
2019-01-26,0,0,139,59.4,59.4,0.0,766.104833,0.0
2019-01-26,0,0,140,8.54,8.54,0.0,152.681667,0.0
2019-01-26,0,0,141,42.37,42.37,0.0,668.560661,0.0
2019-01-26,0,0,142,0.0,0.0,0.0,0.0,0.0
2019-01-26,0,0,143,51.18,51.18,0.0,688.674626,0.0
2019-01-26,0,0,145,6.07,6.07,0.0,79.608484,0.0
2019-01-26,0,0,146,0.0,0.0,0.0,0.0,0.0
2019-01-26,0,0,152,0.0,0.0,0.0,0.0,0.0
2019-01-26,0,0,153,0.0,0.0,0.0,0.0,0.0
2019-01-26,0,0,154,0.0,0.0,0.0,0.0,0.0
2019-01-26,0,0,157,21.63,21.63,0.0,341.302032,0.0
2019-01-26,0,0,158,0.0,0.0,0.0,0.0,0.0
2019-01-26,0,0,159,0.0,0.0,0.0,0.0,0.0
2019-01-26,0,0,160,0.0,0.0,0.0,0.0,0.0
2019-01-26,0,0,161,0.0,0.0,0.0,0.0,0.0
2019-01-26,0,0,162,3.71,3.71,0.0,72.136201,0.0
2019-01-26,0,0,163,13.86,13.86,0.0,247.794837,0.0
2019-01-26,0,0,164,0.0,0.0,0.0,0.0,0.0
2019-01-26,0,0,167,0.0,0.0,0.0,0.0,0.0
2019-01-26,0,0,168,0.0,0.0,0.0,0.0,0.0
2019-01-26,0,0,169,0.0,0.0,0.0,0.0,0.0
2019-01-26,0,0,170,0.0,0.0,0.0,0.0,0.0
2019-01-26,0,0,172,0.0,0.0,0.0,0.0,0.0
2019-01-26,0,0,173,0.0,0.0,0.0,0.0,0.0
2019-01-26,0,0,188,0.0,0.0,0.0,0.0,0.0
2019-01-26,0,0,190,0.0,0.0,0.0,0.0,0.0
2019-01-26,0,0,191,0.0,0.0,0.0,0.0,0.0
2019-01-26,0,0,192,0.0,0.0,0.0,0.0,0.0
2019-01-26,0,0,194,30.47,30.47,0.0,429.785212,0.0
2019-01-26,0,0,196,0.0,0.0,0.0,0.0,0.0
2019-01-26,0,0,198,0.0,0.0,0.0,0.0,0.0
2019-01-26,0,0,199,3.15,3.15,0.0,40.784652,0.0
2019-01-26,0,0,200,0.0,0.0,0.0,0.0,0.0
2019-01-26,0,0,204,231.88,231.88,0.0,2916.906622,0.0
2019-01-26,0,0,205,277.72,277.72,0.0,3481.997947,0.0
2019-01-26,0,0,206,151.79,151.79,0.0,2044.142425,0.0
2019-01-26,0,0,210,0.0,0.0,0.0,0.0,0.0
2019-01-26,0,0,214,0.0,0.0,0.0,0.0,0.0
2019-01-26,0,0,217,0.0,0.0,0.0,0.0,0.0
2019-01-26,0,0,218,0.0,0.0,0.0,0.0,0.0
2019-01-26,0,0,219,0.0,0.0,0.0,0.0,0.0
2019-01-26,0,0,221,0.0,0.0,0.0,0.0,0.0
2019-01-26,0,0,225,0.0,0.0,0.0,0.0,0.0
2019-01-26,0,0,233,0.0,0.0,0.0,0.0,0.0
2019-01-26,0,0,236,53.56,53.56,0.0,640.032863,0.0
2019-01-26,0,0,237,97.65,97.65,0.0,1184.047623,0.0
2019-01-26,0,0,238,0.0,0.0,0.0,0.0,0.0
2019-01-26,0,0,240,0.0,0.0,0.0,0.0,0.0
2019-01-26,0,0,245,164.49,164.49,0.0,1732.367194,0.0
2019-01-26,0,0,247,122.43,122.43,0.0,1289.401882,0.0
2019-01-26,0,0,248,9.8,9.8,0.0,118.829152,0.0
2019-01-26,0,0,249,308.16,308.16,0.0,3245.4634,0.0
2019-01-26,0,0,251,218.24,218.24,0.0,1646.526218,0.0
2019-01-26,0,0,252,182.73,182.73,0.0,1013.9417,0.0
2019-01-26,0,0,254,0.0,0.0,0.0,0.0,0.0
2019-01-26,0,0,255,0.0,0.0,0.0,0.0,0.0
2019-01-26,0,0,258,0.0,0.0,0.0,0.0,0.0
2019-01-26,0,0,260,0.0,0.0,0.0,0.0,0.0
2019-01-26,0,0,265,0.0,0.0,0.0,0.0,0.0
2019-01-26,0,0,266,38.46,38.46,0.0,496.033533,0.0
2019-01-26,0,0,267,47.27,47.27,0.0,609.65952,0.0
2019-01-26,0,0,270,43.28,43.28,0.0,773.777816,0.0
2019-01-26,0,0,272,77.85,77.85,0.0,1131.787387,0.0
2019-01-26,0,0,273,0.0,0.0,0.0,0.0,0.0
2019-01-26,0,0,274,55.8,55.8,0.0,997.615576,0.0
2019-01-26,0,0,275,77.67,77.67,0.0,1388.61652,0.0
2019-01-26,0,0,276,0.0,0.0,0.0,0.0,0.0
2019-01-26,0,0,277,0.0,0.0,0.0,0.0,0.0
2019-01-26,0,0,278,0.0,0.0,0.0,0.0,0.0
2019-01-26,0,0,279,38.36,38.36,0.0,556.403557,0.0
2019-01-26,0,0,281,5.22,5.22,0.0,70.239968,0.0
2019-01-26,0,0,282,0.0,0.0,0.0,0.0,0.0
2019-01-26,1,0,9,0.0,0.0,0.0,0.0,0.0
2019-01-26,1,0,17,0.0,0.0,0.0,-0.0,0.0
2019-01-26,1,0,19,643.3,643.3,0.0,-2489.935902,0.0
2019-01-26,1,0,20,780.2,780.2,0.0,-3019.816556,0.0
2019-01-26,1,0,21,0.0,0.0,0.0,0.0,0.0
2019-01-26,1,0,22,0.0,0.0,0.0,0.0,0.0
2019-01-26,1,0,23,33.33,33.33,0.0,633.89642,0.0
2019-01-26,1,0,24,58.98,58.98,0.0,1121.728499,0.0
2019-01-26,1,0,29,0.0,0.0,0.0,0.0,0.0
2019-01-26,1,0,30,0.0,0.0,0.0,0.0,0.0
2019-01-26,1,0,31,25.37,25.37,0.0,482.640792,0.0
2019-01-26,1,0,32,0.0,0.0,0.0,0.0,0.0
2019-01-26,1,0,33,0.0,0.0,0.0,0.0,0.0
2019-01-26,1,0,34,0.0,0.0,0.0,0.0,0.0
2019-01-26,1,0,35,0.0,0.0,0.0,0.0,0.0
2019-01-26,1,0,36,0.0,0.0,0.0,0.0,0.0
2019-01-26,1,0,37,0.0,0.0,0.0,0.0,0.0
2019-01-26,1,0,38,0.0,0.0,0.0,0.0,0.0
2019-01-26,1,0,39,0.0,0.0,0.0,0.0,0.0
2019-01-26,1,0,40,0.0,0.0,0.0,0.0,0.0
2019-01-26,1,0,41,50.72,50.72,0.0,955.500205,0.0
2019-01-26,1,0,42,0.0,0.0,0.0,0.0,0.0
2019-01-26,1,0,43,0.0,0.0,0.0,0.0,0.0
2019-01-26,1,0,46,0.0,0.0,0.0,0.0,0.0
2019-01-26,1,0,52,27.01,27.01,0.0,513.840275,0.0
2019-01-26,1,0,53,44.15,44.15,0.0,839.912926,0.0
2019-01-26,1,0,55,184.68,184.68,0.0,3512.390966,0.0
2019-01-26,1,0,56,0.0,0.0,0.0,0.0,0.0
2019-01-26,1,0,57,0.0,0.0,0.0,0.0,0.0
2019-01-26,1,0,58,0.0,0.0,0.0,0.0,0.0
2019-01-26,1,0,59,0.0,0.0,0.0,0.0,0.0
2019-01-26,1,0,63,12.38,12.38,0.0,250.289963,0.0
2019-01-26,1,0,64,14.57,14.57,0.0,294.565813,0.0
2019-01-26,1,0,65,18.58,18.58,0.0,142.495536,0.0
2019-01-26,1,0,67,0.0,0.0,0.0,0.0,0.0
2019-01-26,1,0,68,1.32,1.32,0.0,25.941841,0.0
2019-01-26,1,0,69,0.0,0.0,0.0,0.0,0.0
2019-01-26,1,0,74,29.79,29.79,0.0,563.445103,0.0
2019-01-26,1,0,77,49.79,49.79,0.0,973.253603,0.0
2019-01-26,1,0,78,37.64,37.64,0.0,735.755486,0.0
2019-01-26,1,0,79,21.78,21.78,0.0,425.737366,0.0
2019-01-26,1,0,80,35.22,35.22,0.0,688.451334,0.0
2019-01-26,1,0,81,46.05,46.05,0.0,900.147187,0.0
2019-01-26,1,0,82,32.49,32.49,0.0,635.087559,0.0
2019-01-26,1,0,83,72.44,72.44,0.0,1415.997008,0.0
2019-01-26,1,0,84,0.0,0.0,0.0,0.0,0.0
2019-01-26,1,0,86,0.0,0.0,0.0,0.0,0.0
2019-01-26,1,0,87,0.0,0.0,0.0,0.0,0.0
2019-01-26,1,0,88,38.19,38.19,0.0,746.506429,0.0
2019-01-26,1,0,89,36.71,36.71,0.0,717.576617,0.0
2019-01-26,1,0,90,49.29,49.29,0.0,963.480018,0.0
2019-01-26,1,0,91,175.84,175.84,0.0,3437.174404,0.0
2019-01-26,1,0,92,63.24,63.24,0.0,1236.163042,0.0
2019-01-26,1,0,95,5.63,5.63,0.0,115.0282,0.0
2019-01-26,1,0,96,7.78,7.78,0.0,148.050244,0.0
2019-01-26,1,0,97,47.82,47.82,0.0,909.995202,0.0
2019-01-26,1,0,99,5.75,5.75,0.0,108.754929,0.0
2019-01-26,1,0,101,0.0,0.0,0.0,0.0,0.0
2019-01-26,1,0,102,3.12,3.12,0.0,61.31708,0.0
2019-01-26,1,0,103,2.72,2.72,0.0,53.455916,0.0
2019-01-26,1,0,104,0.5,0.5,0.0,9.826455,0.0
2019-01-26,1,0,106,0.0,0.0,0.0,0.0,0.0
2019-01-26,1,0,109,50.0,50.0,0.0,924.383184,0.0
2019-01-26,1,0,110,11.93,11.93,0.0,238.548384,0.0
2019-01-26,1,0,111,0.0,0.0,0.0,0.0,0.0
2019-01-26,1,0,113,9.15,9.15,0.0,179.765993,0.0
2019-01-26,1,0,115,9.15,9.15,0.0,179.765993,0.0
2019-01-26,1,0,116,0.0,0.0,0.0,0.0,0.0
2019-01-26,1,0,117,0.63,0.63,0.0,12.377331,0.0
2019-01-26,1,0,119,14.57,14.57,0.0,294.565813,0.0
2019-01-26,1,0,120,8.56,8.56,0.0,173.059942,0.0
2019-01-26,1,0,123,0.0,0.0,0.0,0.0,0.0
2019-01-26,1,0,125,53.37,53.37,0.0,1015.033062,0.0
2019-01-26,1,0,126,0.0,0.0,0.0,0.0,0.0
2019-01-26,1,0,127,0.0,0.0,0.0,0.0,0.0
2019-01-26,1,0,128,76.44,76.44,0.0,1453.796651,0.0
2019-01-26,1,0,131,7.94,7.94,0.0,155.865184,0.0
2019-01-26,1,0,132,11.68,11.68,0.0,229.282789,0.0
2019-01-26,1,0,133,108.58,108.58,0.0,2285.182709,0.0
2019-01-26,1,0,134,0.0,0.0,0.0,0.0,0.0
2019-01-26,1,0,135,145.49,145.49,0.0,3061.993298,0.0
2019-01-26,1,0,136,31.77,31.77,0.0,263.780343,0.0
2019-01-26,1,0,139,65.5,65.5,0.0,1233.936582,0.0
2019-01-26,1,0,140,8.83,8.83,0.0,176.561797,0.0
2019-01-26,1,0,141,34.55,34.55,0.0,681.923246,0.0
2019-01-26,1,0,142,0.0,0.0,0.0,0.0,0.0
2019-01-26,1,0,143,66.11,66.11,0.0,1257.681621,0.0
2019-01-26,1,0,145,4.9,4.9,0.0,92.2506,0.0
2019-01-26,1,0,146,6.42,6.42,0.0,128.372224,0.0
2019-01-26,1,0,152,0.0,0.0,0.0,0.0,0.0
2019-01-26,1,0,153,0.0,0.0,0.0,0.0,0.0
2019-01-26,1,0,154,0.0,0.0,0.0,0.0,0.0
2019-01-26,1,0,157,21.97,21.97,0.0,433.628182,0.0
2019-01-26,1,0,158,0.0,0.0,0.0,0.0,0.0
2019-01-26,1,0,159,0.0,0.0,0.0,0.0,0.0
2019-01-26,1,0,160,0.0,0.0,0.0,0.0,0.0
2019-01-26,1,0,161,0.0,0.0,0.0,0.0,0.0
2019-01-26,1,0,162,3.74,3.74,0.0,76.398485,0.0
2019-01-26,1,0,163,7.18,7.18,0.0,143.568935,0.0
2019-01-26,1,0,164,0.0,0.0,0.0,0.0,0.0
2019-01-26,1,0,167,0.0,0.0,0.0,0.0,0.0
2019-01-26,1,0,168,0.0,0.0,0.0,0.0,0.0
2019-01-26,1,0,169,0.0,0.0,0.0,0.0,0.0
2019-01-26,1,0,170,0.0,0.0,0.0,0.0,0.0
2019-01-26,1,0,172,0.0,0.0,0.0,0.0,0.0
2019-01-26,1,0,173,0.0,0.0,0.0,0.0,0.0
2019-01-26,1,0,188,0.0,0.0,0.0,0.0,0.0
2019-01-26,1,0,190,0.0,0.0,0.0,0.0,0.0
2019-01-26,1,0,191,0.0,0.0,0.0,0.0,0.0
2019-01-26,1,0,192,0.0,0.0,0.0,0.0,0.0
2019-01-26,1,0,194,26.7,26.7,0.0,525.361987,0.0
2019-01-26,1,0,196,0.0,0.0,0.0,0.0,0.0
2019-01-26,1,0,198,0.0,0.0,0.0,0.0,0.0
2019-01-26,1,0,199,5.51,5.51,0.0,83.266242,0.0
2019-01-26,1,0,200,0.0,0.0,0.0,0.0,0.0
2019-01-26,1,0,204,217.73,217.73,0.0,4020.405377,0.0
2019-01-26,1,0,205,264.5,264.5,0.0,4889.987046,0.0
2019-01-26,1,0,206,140.51,140.51,0.0,2673.848304,0.0
2019-01-26,1,0,210,0.0,0.0,0.0,0.0,0.0
2019-01-26,1,0,214,0.0,0.0,0.0,0.0,0.0
2019-01-26,1,0,217,0.0,0.0,0.0,0.0,0.0
2019-01-26,1,0,218,0.0,0.0,0.0,0.0,0.0
2019-01-26,1,0,219,0.0,0.0,0.0,0.0,0.0
2019-01-26,1,0,221,0.0,0.0,0.0,0.0,0.0
2019-01-26,1,0,225,0.0,0.0,0.0,0.0,0.0
2019-01-26,1,0,233,0.0,0.0,0.0,0.0,0.0
2019-01-26,1,0,236,29.19,29.19,0.0,559.121713,0.0
2019-01-26,1,0,237,71.46,71.46,0.0,1351.587348,0.0
2019-01-26,1,0,238,0.0,0.0,0.0,0.0,0.0
2019-01-26,1,0,240,0.0,0.0,0.0,0.0,0.0
2019-01-26,1,0,245,64.36,64.36,0.0,1108.415126,0.0
2019-01-26,1,0,247,85.24,85.24,0.0,1468.012824,0.0
2019-01-26,1,0,248,7.17,7.17,0.0,135.612668,0.0
2019-01-26,1,0,249,123.78,123.78,0.0,2131.75302,0.0
2019-01-26,1,0,251,126.69,126.69,0.0,1437.83988,0.0
2019-01-26,1,0,252,119.83,119.83,0.0,919.011848,0.0
2019-01-26,1,0,254,0.0,0.0,0.0,0.0,0.0
2019-01-26,1,0,255,0.0,0.0,0.0,0.0,0.0
2019-01-26,1,0,258,0.0,0.0,0.0,0.0,0.0
2019-01-26,1,0,260,0.0,0.0,0.0,0.0,0.0
2019-01-26,1,0,265,0.0,0.0,0.0,0.0,0.0
2019-01-26,1,0,266,42.41,42.41,0.0,798.950388,0.0
2019-01-26,1,0,267,52.12,52.12,0.0,981.874422,0.0
2019-01-26,1,0,270,22.44,22.44,0.0,448.702912,0.0
2019-01-26,1,0,272,30.53,30.53,0.0,599.809373,0.0
2019-01-26,1,0,273,0.0,0.0,0.0,0.0,0.0
2019-01-26,1,0,274,28.92,28.92,0.0,578.274876,0.0
2019-01-26,1,0,275,40.26,40.26,0.0,805.025813,0.0
2019-01-26,1,0,276,0.0,0.0,0.0,0.0,0.0
2019-01-26,1,0,277,0.0,0.0,0.0,0.0,0.0
2019-01-26,1,0,278,0.0,0.0,0.0,0.0,0.0
2019-01-26,1,0,279,25.58,25.58,0.0,501.539667,0.0
2019-01-26,1,0,281,10.47,10.47,0.0,199.182069,0.0
2019-01-26,1,0,282,0.0,0.0,0.0,0.0,0.0
2019-01-26,2,0,9,0.0,0.0,0.0,0.0,0.0
2019-01-26,2,0,17,0.0,0.0,0.0,-0.0,0.0
2019-01-26,2,0,19,643.3,643.3,0.0,-675.539237,0.0
2019-01-26,2,0,20,780.2,780.2,0.0,-819.300035,0.0
2019-01-26,2,0,21,0.0,0.0,0.0,0.0,0.0
2019-01-26,2,0,22,0.0,0.0,0.0,0.0,0.0
2019-01-26,2,0,23,32.51,32.51,0.0,527.854104,0.0
2019-01-26,2,0,24,57.53,57.53,0.0,934.095558,0.0
2019-01-26,2,0,29,0.0,0.0,0.0,0.0,0.0
2019-01-26,2,0,30,0.0,0.0,0.0,0.0,0.0
2019-01-26,2,0,31,11.68,11.68,0.0,189.940407,0.0
2019-01-26,2,0,32,0.0,0.0,0.0,0.0,0.0
2019-01-26,2,0,33,0.0,0.0,0.0,0.0,0.0
2019-01-26,2,0,34,0.0,0.0,0.0,0.0,0.0
2019-01-26,2,0,35,0.0,0.0,0.0,0.0,0.0
2019-01-26,2,0,36,0.0,0.0,0.0,0.0,0.0
2019-01-26,2,0,37,0.0,0.0,0.0,0.0,0.0
2019-01-26,2,0,38,0.0,0.0,0.0,0.0,0.0
2019-01-26,2,0,39,0.0,0.0,0.0,0.0,0.0
2019-01-26,2,0,40,0.0,0.0,0.0,0.0,0.0
2019-01-26,2,0,41,70.5,70.5,0.0,1051.730926,0.0
2019-01-26,2,0,42,0.0,0.0,0.0,0.0,0.0
2019-01-26,2,0,43,0.0,0.0,0.0,0.0,0.0
2019-01-26,2,0,46,0.0,0.0,0.0,0.0,0.0
2019-01-26,2,0,52,12.38,12.38,0.0,201.323822,0.0
2019-01-26,2,0,53,19.67,19.67,0.0,319.873956,0.0
2019-01-26,2,0,55,214.45,214.45,0.0,3481.95363,0.0
2019-01-26,2,0,56,0.0,0.0,0.0,0.0,0.0
2019-01-26,2,0,57,0.0,0.0,0.0,0.0,0.0
2019-01-26,2,0,58,0.0,0.0,0.0,0.0,0.0
2019-01-26,2,0,59,0.0,0.0,0.0,0.0,0.0
2019-01-26,2,0,63,14.67,14.67,0.0,297.232718,0.0
2019-01-26,2,0,64,17.26,17.26,0.0,349.709387,0.0
2019-01-26,2,0,65,13.65,13.65,0.0,76.288143,0.0
2019-01-26,2,0,67,0.0,0.0,0.0,0.0,0.0
2019-01-26,2,0,68,1.25,1.25,0.0,23.759081,0.0
2019-01-26,2,0,69,0.0,0.0,0.0,0.0,0.0
2019-01-26,2,0,74,28.06,28.06,0.0,367.023124,0.0
2019-01-26,2,0,77,48.99,48.99,0.0,914.85214,0.0
2019-01-26,2,0,78,37.03,37.03,0.0,691.507956,0.0
2019-01-26,2,0,79,21.43,21.43,0.0,400.189454,0.0
2019-01-26,2,0,80,34.66,34.66,0.0,647.249952,0.0
2019-01-26,2,0,81,45.31,45.31,0.0,846.130852,0.0
2019-01-26,2,0,82,31.96,31.96,0.0,596.829443,0.0
2019-01-26,2,0,83,71.27,71.27,0.0,1330.914718,0.0
2019-01-26,2,0,84,0.0,0.0,0.0,0.0,0.0
2019-01-26,2,0,86,0.0,0.0,0.0,0.0,0.0
2019-01-26,2,0,87,0.0,0.0,0.0,0.0,0.0
2019-01-26,2,0,88,37.19,37.19,0.0,694.495838,0.0
2019-01-26,2,0,89,35.76,35.76,0.0,667.791642,0.0
2019-01-26,2,0,90,48.01,48.01,0.0,896.551362,0.0
2019-01-26,2,0,91,171.25,171.25,0.0,3197.967523,0.0
2019-01-26,2,0,92,61.59,61.59,0.0,1150.147853,0.0
2019-01-26,2,0,95,2.31,2.31,0.0,47.614485,0.0
2019-01-26,2,0,96,7.41,7.41,0.0,120.697909,0.0
2019-01-26,2,0,97,45.57,45.57,0.0,742.26771,0.0
2019-01-26,2,0,99,5.42,5.42,0.0,70.893276,0.0
2019-01-26,2,0,101,0.0,0.0,0.0,0.0,0.0
2019-01-26,2,0,102,2.96,2.96,0.0,56.261503,0.0
2019-01-26,2,0,103,2.58,2.58,0.0,49.038743,0.0
2019-01-26,2,0,104,0.48,0.48,0.0,9.123487,0.0
2019-01-26,2,0,106,0.0,0.0,0.0,0.0,0.0
2019-01-26,2,0,109,45.14,45.14,0.0,633.890193,0.0
2019-01-26,2,0,110,14.34,14.34,0.0,284.417146,0.0
2019-01-26,2,0,111,0.0,0.0,0.0,0.0,0.0
2019-01-26,2,0,113,9.44,9.44,0.0,180.966108,0.0
2019-01-26,2,0,115,9.44,9.44,0.0,180.966108,0.0
2019-01-26,2,0,116,0.0,0.0,0.0,0.0,0.0
2019-01-26,2,0,117,0.5,0.5,0.0,9.585069,0.0
2019-01-26,2,0,119,17.26,17.26,0.0,349.709387,0.0
2019-01-26,2,0,120,10.15,10.15,0.0,205.651812,0.0
2019-01-26,2,0,123,0.0,0.0,0.0,0.0,0.0
2019-01-26,2,0,125,52.06,52.06,0.0,845.280979,0.0
2019-01-26,2,0,126,0.0,0.0,0.0,0.0,0.0
2019-01-26,2,0,127,0.0,0.0,0.0,0.0,0.0
2019-01-26,2,0,128,74.56,74.56,0.0,1210.606028,0.0
2019-01-26,2,0,131,7.73,7.73,0.0,146.506099,0.0
2019-01-26,2,0,132,11.36,11.36,0.0,215.305211,0.0
2019-01-26,2,0,133,87.4,87.4,0.0,1153.455887,0.0
2019-01-26,2,0,134,0.0,0.0,0.0,0.0,0.0
2019-01-26,2,0,135,117.12,117.12,0.0,1545.683678,0.0
2019-01-26,2,0,136,23.18,23.18,0.0,137.99847,0.0
2019-01-26,2,0,139,91.04,91.04,0.0,1358.15012,0.0
2019-01-26,2,0,140,10.61,10.61,0.0,210.436954,0.0
2019-01-26,2,0,141,35.26,35.26,0.0,677.370563,0.0
2019-01-26,2,0,142,0.0,0.0,0.0,0.0,0.0
2019-01-26,2,0,143,38.49,38.49,0.0,625.925193,0.0
2019-01-26,2,0,145,3.9,3.9,0.0,60.209182,0.0
2019-01-26,2,0,146,14.47,14.47,0.0,286.995544,0.0
2019-01-26,2,0,152,0.0,0.0,0.0,0.0,0.0
2019-01-26,2,0,153,0.0,0.0,0.0,0.0,0.0
2019-01-26,2,0,154,0.0,0.0,0.0,0.0,0.0
2019-01-26,2,0,157,22.08,22.08,0.0,424.173058,0.0
2019-01-26,2,0,158,0.0,0.0,0.0,0.0,0.0
2019-01-26,2,0,159,0.0,0.0,0.0,0.0,0.0
2019-01-26,2,0,160,0.0,0.0,0.0,0.0,0.0
2019-01-26,2,0,161,0.0,0.0,0.0,0.0,0.0
2019-01-26,2,0,162,3.74,3.74,0.0,77.066717,0.0
2019-01-26,2,0,163,5.04,5.04,0.0,99.962511,0.0
2019-01-26,2,0,164,0.0,0.0,0.0,0.0,0.0
2019-01-26,2,0,167,0.0,0.0,0.0,0.0,0.0
2019-01-26,2,0,168,0.0,0.0,0.0,0.0,0.0
2019-01-26,2,0,169,0.0,0.0,0.0,0.0,0.0
2019-01-26,2,0,170,0.0,0.0,0.0,0.0,0.0
2019-01-26,2,0,172,0.0,0.0,0.0,0.0,0.0
2019-01-26,2,0,173,0.0,0.0,0.0,0.0,0.0
2019-01-26,2,0,188,0.0,0.0,0.0,0.0,0.0
2019-01-26,2,0,190,0.0,0.0,0.0,0.0,0.0
2019-01-26,2,0,191,0.0,0.0,0.0,0.0,0.0
2019-01-26,2,0,192,0.0,0.0,0.0,0.0,0.0
2019-01-26,2,0,194,27.41,27.41,0.0,533.983519,0.0
2019-01-26,2,0,196,0.0,0.0,0.0,0.0,0.0
2019-01-26,2,0,198,0.0,0.0,0.0,0.0,0.0
2019-01-26,2,0,199,1.85,1.85,0.0,29.293511,0.0
2019-01-26,2,0,200,0.0,0.0,0.0,0.0,0.0
2019-01-26,2,0,204,197.46,197.46,0.0,2792.392108,0.0
2019-01-26,2,0,205,221.58,221.58,0.0,3111.594795,0.0
2019-01-26,2,0,206,133.91,133.91,0.0,2181.195283,0.0
2019-01-26,2,0,210,0.0,0.0,0.0,0.0,0.0
2019-01-26,2,0,214,0.0,0.0,0.0,0.0,0.0
2019-01-26,2,0,217,0.0,0.0,0.0,0.0,0.0
2019-01-26,2,0,218,0.0,0.0,0.0,0.0,0.0
2019-01-26,2,0,219,0.0,0.0,0.0,0.0,0.0
2019-01-26,2,0,221,0.0,0.0,0.0,0.0,0.0
2019-01-26,2,0,225,0.0,0.0,0.0,0.0,0.0
2019-01-26,2,0,233,0.0,0.0,0.0,0.0,0.0
2019-01-26,2,0,236,25.05,25.05,0.0,316.96825,0.0
2019-01-26,2,0,237,67.3,67.3,0.0,880.279981,0.0
2019-01-26,2,0,238,0.0,0.0,0.0,0.0,0.0
2019-01-26,2,0,240,0.0,0.0,0.0,0.0,0.0
2019-01-26,2,0,245,55.64,55.64,0.0,604.89643,0.0
2019-01-26,2,0,247,70.09,70.09,0.0,761.991208,0.0
2019-01-26,2,0,248,6.76,6.76,0.0,88.420396,0.0
2019-01-26,2,0,249,107.0,107.0,0.0,1163.262366,0.0
2019-01-26,2,0,251,93.13,93.13,0.0,722.428835,0.0
2019-01-26,2,0,252,88.06,88.06,0.0,492.156326,0.0
2019-01-26,2,0,254,0.0,0.0,0.0,0.0,0.0
2019-01-26,2,0,255,0.0,0.0,0.0,0.0,0.0
2019-01-26,2,0,258,0.0,0.0,0.0,0.0,0.0
2019-01-26,2,0,260,0.0,0.0,0.0,0.0,0.0
2019-01-26,2,0,265,0.0,0.0,0.0,0.0,0.0
2019-01-26,2,0,266,58.95,58.95,0.0,879.426072,0.0
2019-01-26,2,0,267,72.44,72.44,0.0,1080.672174,0.0
2019-01-26,2,0,270,15.74,15.74,0.0,312.18451,0.0
2019-01-26,2,0,272,40.71,40.71,0.0,780.416341,0.0
2019-01-26,2,0,273,0.0,0.0,0.0,0.0,0.0
2019-01-26,2,0,274,20.29,20.29,0.0,402.428444,0.0
2019-01-26,2,0,275,28.25,28.25,0.0,560.305744,0.0
2019-01-26,2,0,276,0.0,0.0,0.0,0.0,0.0
2019-01-26,2,0,277,0.0,0.0,0.0,0.0,0.0
2019-01-26,2,0,278,0.0,0.0,0.0,0.0,0.0
2019-01-26,2,0,279,23.93,23.93,0.0,453.984023,0.0
2019-01-26,2,0,281,5.24,5.24,0.0,85.212991,0.0
2019-01-26,2,0,282,0.0,0.0,0.0,0.0,0.0
2019-01-26,3,0,9,0.0,0.0,0.0,0.0,0.0
2019-01-26,3,0,17,0.0,0.0,0.0,0.0,0.0
2019-01-26,3,0,19,518.43,518.43,0.0,5673.723524,0.0
2019-01-26,3,0,20,628.75,628.75,0.0,6881.071053,0.0
2019-01-26,3,0,21,0.0,0.0,0.0,0.0,0.0
2019-01-26,3,0,22,0.0,0.0,0.0,0.0,0.0
2019-01-26,3,0,23,31.66,31.66,0.0,425.503905,0.0
2019-01-26,3,0,24,56.02,56.02,0.0,752.897308,0.0
2019-01-26,3,0,29,0.0,0.0,0.0,0.0,0.0
2019-01-26,3,0,30,0.0,0.0,0.0,0.0,0.0
2019-01-26,3,0,31,12.09,12.09,0.0,162.682224,0.0
2019-01-26,3,0,32,0.0,0.0,0.0,0.0,0.0
2019-01-26,3,0,33,0.0,0.0,0.0,0.0,0.0
2019-01-26,3,0,34,0.0,0.0,0.0,0.0,0.0
2019-01-26,3,0,35,0.0,0.0,0.0,0.0,0.0
2019-01-26,3,0,36,0.0,0.0,0.0,0.0,0.0
2019-01-26,3,0,37,0.0,0.0,0.0,0.0,0.0
2019-01-26,3,0,38,0.0,0.0,0.0,0.0,0.0
2019-01-26,3,0,39,0.0,0.0,0.0,0.0,0.0
2019-01-26,3,0,40,0.0,0.0,0.0,0.0,0.0
2019-01-26,3,0,41,94.88,94.88,0.0,1195.776834,0.0
2019-01-26,3,0,42,0.0,0.0,0.0,0.0,0.0
2019-01-26,3,0,43,0.0,0.0,0.0,0.0,0.0
2019-01-26,3,0,46,0.0,0.0,0.0,0.0,0.0
2019-01-26,3,0,52,12.82,12.82,0.0,172.505055,0.0
2019-01-26,3,0,53,20.37,20.37,0.0,274.097345,0.0
2019-01-26,3,0,55,211.14,211.14,0.0,2837.678286,0.0
2019-01-26,3,0,56,0.0,0.0,0.0,0.0,0.0
2019-01-26,3,0,57,0.0,0.0,0.0,0.0,0.0
2019-01-26,3,0,58,0.0,0.0,0.0,0.0,0.0
2019-01-26,3,0,59,0.0,0.0,0.0,0.0,0.0
2019-01-26,3,0,63,18.06,18.06,0.0,350.565167,0.0
2019-01-26,3,0,64,21.25,21.25,0.0,412.4867,0.0
2019-01-26,3,0,65,9.89,9.89,0.0,108.405129,0.0
2019-01-26,3,0,67,0.0,0.0,0.0,0.0,0.0
2019-01-26,3,0,68,1.23,1.23,0.0,19.207974,0.0
2019-01-26,3,0,69,0.0,0.0,0.0,0.0,0.0
2019-01-26,3,0,74,27.25,27.25,0.0,311.947479,0.0
2019-01-26,3,0,77,48.51,48.51,0.0,727.260043,0.0
2019-01-26,3,0,78,36.68,36.68,0.0,549.905141,0.0
2019-01-26,3,0,79,21.22,21.22,0.0,318.129419,0.0
2019-01-26,3,0,80,34.32,34.32,0.0,514.524112,0.0
2019-01-26,3,0,81,44.87,44.87,0.0,672.689304,0.0
2019-01-26,3,0,82,31.65,31.65,0.0,474.495575,0.0
2019-01-26,3,0,83,70.59,70.59,0.0,1058.282549,0.0
2019-01-26,3,0,84,0.0,0.0,0.0,0.0,0.0
2019-01-26,3,0,86,0.0,0.0,0.0,0.0,0.0
2019-01-26,3,0,87,0.0,0.0,0.0,0.0,0.0
2019-01-26,3,0,88,36.5,36.5,0.0,547.206588,0.0
2019-01-26,3,0,89,35.08,35.08,0.0,525.918003,0.0
2019-01-26,3,0,90,47.11,47.11,0.0,706.271297,0.0
2019-01-26,3,0,91,168.04,168.04,0.0,2519.249178,0.0
2019-01-26,3,0,92,60.43,60.43,0.0,905.964222,0.0
2019-01-26,3,0,95,2.35,2.35,0.0,46.165577,0.0
2019-01-26,3,0,96,7.05,7.05,0.0,94.983226,0.0
2019-01-26,3,0,97,43.36,43.36,0.0,584.180519,0.0
2019-01-26,3,0,99,5.26,5.26,0.0,60.214449,0.0
2019-01-26,3,0,101,0.0,0.0,0.0,0.0,0.0
2019-01-26,3,0,102,2.9,2.9,0.0,45.287093,0.0
2019-01-26,3,0,103,2.52,2.52,0.0,39.352922,0.0
2019-01-26,3,0,104,0.47,0.47,0.0,7.339632,0.0
2019-01-26,3,0,106,0.0,0.0,0.0,0.0,0.0
2019-01-26,3,0,109,44.05,44.05,0.0,530.415815,0.0
2019-01-26,3,0,110,17.35,17.35,0.0,314.972034,0.0
2019-01-26,3,0,111,0.0,0.0,0.0,0.0,0.0
2019-01-26,3,0,113,7.93,7.93,0.0,120.5908,0.0
2019-01-26,3,0,115,7.93,7.93,0.0,120.5908,0.0
2019-01-26,3,0,116,0.0,0.0,0.0,0.0,0.0
2019-01-26,3,0,117,0.41,0.41,0.0,6.234833,0.0
2019-01-26,3,0,119,21.25,21.25,0.0,412.4867,0.0
2019-01-26,3,0,120,12.49,12.49,0.0,242.445124,0.0
2019-01-26,3,0,123,0.0,0.0,0.0,0.0,0.0
2019-01-26,3,0,125,50.7,50.7,0.0,681.397599,0.0
2019-01-26,3,0,126,0.0,0.0,0.0,0.0,0.0
2019-01-26,3,0,127,0.0,0.0,0.0,0.0,0.0
2019-01-26,3,0,128,72.61,72.61,0.0,975.863505,0.0
2019-01-26,3,0,131,7.57,7.57,0.0,116.951944,0.0
2019-01-26,3,0,132,11.13,11.13,0.0,171.951802,0.0
2019-01-26,3,0,133,39.1,39.1,0.0,427.849576,0.0
2019-01-26,3,0,134,0.0,0.0,0.0,0.0,0.0
2019-01-26,3,0,135,52.33,52.33,0.0,572.618115,0.0
2019-01-26,3,0,136,16.58,16.58,0.0,181.750292,0.0
2019-01-26,3,0,139,122.53,122.53,0.0,1544.251006,0.0
2019-01-26,3,0,140,12.84,12.84,0.0,233.097459,0.0
2019-01-26,3,0,141,36.31,36.31,0.0,589.708837,0.0
2019-01-26,3,0,142,0.0,0.0,0.0,0.0,0.0
2019-01-26,3,0,143,20.84,20.84,0.0,280.421634,0.0
2019-01-26,3,0,145,3.05,3.05,0.0,39.439199,0.0
2019-01-26,3,0,146,32.03,32.03,0.0,581.472867,0.0
2019-01-26,3,0,152,0.0,0.0,0.0,0.0,0.0
2019-01-26,3,0,153,0.0,0.0,0.0,0.0,0.0
2019-01-26,3,0,154,0.0,0.0,0.0,0.0,0.0
2019-01-26,3,0,157,24.31,24.31,0.0,394.817456,0.0
2019-01-26,3,0,158,0.0,0.0,0.0,0.0,0.0
2019-01-26,3,0,159,0.0,0.0,0.0,0.0,0.0
2019-01-26,3,0,160,0.0,0.0,0.0,0.0,0.0
2019-01-26,3,0,161,0.0,0.0,0.0,0.0,0.0
2019-01-26,3,0,162,3.71,3.71,0.0,72.871083,0.0
2019-01-26,3,0,163,4.04,4.04,0.0,73.342191,0.0
2019-01-26,3,0,164,0.0,0.0,0.0,0.0,0.0
2019-01-26,3,0,167,0.0,0.0,0.0,0.0,0.0
2019-01-26,3,0,168,0.0,0.0,0.0,0.0,0.0
2019-01-26,3,0,169,0.0,0.0,0.0,0.0,0.0
2019-01-26,3,0,170,0.0,0.0,0.0,0.0,0.0
2019-01-26,3,0,172,0.0,0.0,0.0,0.0,0.0
2019-01-26,3,0,173,0.0,0.0,0.0,0.0,0.0
2019-01-26,3,0,188,0.0,0.0,0.0,0.0,0.0
2019-01-26,3,0,190,0.0,0.0,0.0,0.0,0.0
2019-01-26,3,0,191,0.0,0.0,0.0,0.0,0.0
2019-01-26,3,0,192,0.0,0.0,0.0,0.0,0.0
2019-01-26,3,0,194,29.55,29.55,0.0,441.549472,0.0
2019-01-26,3,0,196,0.0,0.0,0.0,0.0,0.0
2019-01-26,3,0,198,0.0,0.0,0.0,0.0,0.0
2019-01-26,3,0,199,1.53,1.53,0.0,20.704236,0.0
2019-01-26,3,0,200,0.0,0.0,0.0,0.0,0.0
2019-01-26,3,0,204,181.21,181.21,0.0,2193.209195,0.0
2019-01-26,3,0,205,233.01,233.01,0.0,2805.725064,0.0
2019-01-26,3,0,206,127.41,127.41,0.0,1716.569187,0.0
2019-01-26,3,0,210,0.0,0.0,0.0,0.0,0.0
2019-01-26,3,0,214,0.0,0.0,0.0,0.0,0.0
2019-01-26,3,0,217,0.0,0.0,0.0,0.0,0.0
2019-01-26,3,0,218,0.0,0.0,0.0,0.0,0.0
2019-01-26,3,0,219,0.0,0.0,0.0,0.0,0.0
2019-01-26,3,0,221,0.0,0.0,0.0,0.0,0.0
2019-01-26,3,0,225,0.0,0.0,0.0,0.0,0.0
2019-01-26,3,0,233,0.0,0.0,0.0,0.0,0.0
2019-01-26,3,0,236,22.14,22.14,0.0,247.437738,0.0
2019-01-26,3,0,237,65.37,65.37,0.0,748.330521,0.0
2019-01-26,3,0,238,0.0,0.0,0.0,0.0,0.0
2019-01-26,3,0,240,0.0,0.0,0.0,0.0,0.0
2019-01-26,3,0,245,47.78,47.78,0.0,519.913534,0.0
2019-01-26,3,0,247,57.1,57.1,0.0,621.328229,0.0
2019-01-26,3,0,248,6.56,6.56,0.0,75.096347,0.0
2019-01-26,3,0,249,91.89,91.89,0.0,999.892311,0.0
2019-01-26,3,0,251,67.85,67.85,0.0,745.607327,0.0
2019-01-26,3,0,252,63.77,63.77,0.0,698.98838,0.0
2019-01-26,3,0,254,0.0,0.0,0.0,0.0,0.0
2019-01-26,3,0,255,0.0,0.0,0.0,0.0,0.0
2019-01-26,3,0,258,0.0,0.0,0.0,0.0,0.0
2019-01-26,3,0,260,0.0,0.0,0.0,0.0,0.0
2019-01-26,3,0,265,0.0,0.0,0.0,0.0,0.0
2019-01-26,3,0,266,79.34,79.34,0.0,999.925527,0.0
2019-01-26,3,0,267,97.5,97.5,0.0,1228.79681,0.0
2019-01-26,3,0,270,12.6,12.6,0.0,228.740497,0.0
2019-01-26,3,0,272,32.38,32.38,0.0,492.39976,0.0
2019-01-26,3,0,273,0.0,0.0,0.0,0.0,0.0
2019-01-26,3,0,274,16.24,16.24,0.0,294.821085,0.0
2019-01-26,3,0,275,22.61,22.61,0.0,410.462114,0.0
2019-01-26,3,0,276,0.0,0.0,0.0,0.0,0.0
2019-01-26,3,0,277,0.0,0.0,0.0,0.0,0.0
2019-01-26,3,0,278,0.0,0.0,0.0,0.0,0.0
2019-01-26,3,0,279,23.9,23.9,0.0,361.385539,0.0
2019-01-26,3,0,281,5.43,5.43,0.0,73.065714,0.0
2019-01-26,3,0,282,0.0,0.0,0.0,0.0,0.0
2019-01-26,4,0,9,0.0,0.0,0.0,0.0,0.0
2019-01-26,4,0,17,0.0,0.0,0.0,0.0,0.0
2019-01-26,4,0,19,405.79,405.79,0.0,2326.009582,0.0
2019-01-26,4,0,20,492.15,492.15,0.0,2821.029636,0.0
2019-01-26,4,0,21,0.0,0.0,0.0,0.0,0.0
2019-01-26,4,0,22,0.0,0.0,0.0,0.0,0.0
2019-01-26,4,0,23,27.81,27.81,0.0,473.335976,0.0
2019-01-26,4,0,24,45.95,45.95,0.0,782.085152,0.0
2019-01-26,4,0,29,0.0,0.0,0.0,0.0,0.0
2019-01-26,4,0,30,0.0,0.0,0.0,0.0,0.0
2019-01-26,4,0,31,12.56,12.56,0.0,214.171245,0.0
2019-01-26,4,0,32,0.0,0.0,0.0,0.0,0.0
2019-01-26,4,0,33,0.0,0.0,0.0,0.0,0.0
2019-01-26,4,0,34,0.0,0.0,0.0,0.0,0.0
2019-01-26,4,0,35,0.0,0.0,0.0,0.0,0.0
2019-01-26,4,0,36,0.0,0.0,0.0,0.0,0.0
2019-01-26,4,0,37,0.0,0.0,0.0,0.0,0.0
2019-01-26,4,0,38,0.0,0.0,0.0,0.0,0.0
2019-01-26,4,0,39,0.0,0.0,0.0,0.0,0.0
2019-01-26,4,0,40,0.0,0.0,0.0,0.0,0.0
2019-01-26,4,0,41,116.0,116.0,0.0,1784.630202,0.0
2019-01-26,4,0,42,0.0,0.0,0.0,0.0,0.0
2019-01-26,4,0,43,0.0,0.0,0.0,0.0,0.0
2019-01-26,4,0,46,0.0,0.0,0.0,0.0,0.0
2019-01-26,4,0,52,13.31,13.31,0.0,226.960133,0.0
2019-01-26,4,0,53,21.15,21.15,0.0,360.646642,0.0
2019-01-26,4,0,55,206.85,206.85,0.0,3520.659711,0.0
2019-01-26,4,0,56,0.0,0.0,0.0,0.0,0.0
2019-01-26,4,0,57,0.0,0.0,0.0,0.0,0.0
2019-01-26,4,0,58,0.0,0.0,0.0,0.0,0.0
2019-01-26,4,0,59,0.0,0.0,0.0,0.0,0.0
2019-01-26,4,0,63,22.83,22.83,0.0,502.302281,0.0
2019-01-26,4,0,64,26.86,26.86,0.0,590.969745,0.0
2019-01-26,4,0,65,7.04,7.04,0.0,62.916532,0.0
2019-01-26,4,0,67,0.0,0.0,0.0,0.0,0.0
2019-01-26,4,0,68,1.23,1.23,0.0,25.167401,0.0
2019-01-26,4,0,69,0.0,0.0,0.0,0.0,0.0
2019-01-26,4,0,74,27.49,27.49,0.0,360.564122,0.0
2019-01-26,4,0,77,48.27,48.27,0.0,967.790347,0.0
2019-01-26,4,0,78,36.49,36.49,0.0,731.606997,0.0
2019-01-26,4,0,79,21.12,21.12,0.0,423.44587,0.0
2019-01-26,4,0,80,34.15,34.15,0.0,684.69112,0.0
2019-01-26,4,0,81,44.65,44.65,0.0,895.211083,0.0
2019-01-26,4,0,82,31.5,31.5,0.0,631.559891,0.0
2019-01-26,4,0,83,70.23,70.23,0.0,1408.077813,0.0
2019-01-26,4,0,84,0.0,0.0,0.0,0.0,0.0
2019-01-26,4,0,86,0.0,0.0,0.0,0.0,0.0
2019-01-26,4,0,87,0.0,0.0,0.0,0.0,0.0
2019-01-26,4,0,88,36.45,36.45,0.0,730.805016,0.0
2019-01-26,4,0,89,35.04,35.04,0.0,702.535193,0.0
2019-01-26,4,0,90,47.05,47.05,0.0,943.329932,0.0
2019-01-26,4,0,91,167.84,167.84,0.0,3365.111493,0.0
2019-01-26,4,0,92,60.36,60.36,0.0,1210.189048,0.0
2019-01-26,4,0,95,5.58,5.58,0.0,125.15793,0.0
2019-01-26,4,0,96,6.71,6.71,0.0,114.63881,0.0
2019-01-26,4,0,97,41.28,41.28,0.0,705.259323,0.0
2019-01-26,4,0,99,5.31,5.31,0.0,69.64698,0.0
2019-01-26,4,0,101,0.0,0.0,0.0,0.0,0.0
2019-01-26,4,0,102,2.92,2.92,0.0,59.747,0.0
2019-01-26,4,0,103,2.54,2.54,0.0,51.971705,0.0
2019-01-26,4,0,104,0.47,0.47,0.0,9.616812,0.0
2019-01-26,4,0,106,0.0,0.0,0.0,0.0,0.0
2019-01-26,4,0,109,42.83,42.83,0.0,612.14282,0.0
2019-01-26,4,0,110,20.74,20.74,0.0,445.464658,0.0
2019-01-26,4,0,111,0.0,0.0,0.0,0.0,0.0
2019-01-26,4,0,113,4.76,4.76,0.0,98.371302,0.0
2019-01-26,4,0,115,4.76,4.76,0.0,98.371302,0.0
2019-01-26,4,0,116,0.0,0.0,0.0,0.0,0.0
2019-01-26,4,0,117,0.32,0.32,0.0,6.613197,0.0
2019-01-26,4,0,119,26.86,26.86,0.0,590.969745,0.0
2019-01-26,4,0,120,15.8,15.8,0.0,347.629262,0.0
2019-01-26,4,0,123,0.0,0.0,0.0,0.0,0.0
2019-01-26,4,0,125,42.17,42.17,0.0,717.748223,0.0
2019-01-26,4,0,126,0.0,0.0,0.0,0.0,0.0
2019-01-26,4,0,127,0.0,0.0,0.0,0.0,0.0
2019-01-26,4,0,128,57.26,57.26,0.0,974.585328,0.0
2019-01-26,4,0,131,7.43,7.43,0.0,151.530584,0.0
2019-01-26,4,0,132,10.92,10.92,0.0,222.70713,0.0
2019-01-26,4,0,133,43.14,43.14,0.0,542.011842,0.0
2019-01-26,4,0,134,0.0,0.0,0.0,0.0,0.0
2019-01-26,4,0,135,59.52,59.52,0.0,747.810497,0.0
2019-01-26,4,0,136,11.63,11.63,0.0,105.983642,0.0
2019-01-26,4,0,139,149.8,149.8,0.0,2304.634519,0.0
2019-01-26,4,0,140,15.35,15.35,0.0,329.695395,0.0
2019-01-26,4,0,141,37.49,37.49,0.0,776.481883,0.0
2019-01-26,4,0,142,0.0,0.0,0.0,0.0,0.0
2019-01-26,4,0,143,21.4,21.4,0.0,364.909605,0.0
2019-01-26,4,0,145,2.33,2.33,0.0,37.344424,0.0
2019-01-26,4,0,146,63.6,63.6,0.0,1366.034341,0.0
2019-01-26,4,0,152,0.0,0.0,0.0,0.0,0.0
2019-01-26,4,0,153,0.0,0.0,0.0,0.0,0.0
2019-01-26,4,0,154,0.0,0.0,0.0,0.0,0.0
2019-01-26,4,0,157,29.32,29.32,0.0,607.267239,0.0
2019-01-26,4,0,158,0.0,0.0,0.0,0.0,0.0
2019-01-26,4,0,159,0.0,0.0,0.0,0.0,0.0
2019-01-26,4,0,160,0.0,0.0,0.0,0.0,0.0
2019-01-26,4,0,161,0.0,0.0,0.0,0.0,0.0
2019-01-26,4,0,162,3.71,3.71,0.0,83.186049,0.0
2019-01-26,4,0,163,3.98,3.98,0.0,85.484539,0.0
2019-01-26,4,0,164,0.0,0.0,0.0,0.0,0.0
2019-01-26,4,0,167,0.0,0.0,0.0,0.0,0.0
2019-01-26,4,0,168,0.0,0.0,0.0,0.0,0.0
2019-01-26,4,0,169,0.0,0.0,0.0,0.0,0.0
2019-01-26,4,0,170,0.0,0.0,0.0,0.0,0.0
2019-01-26,4,0,172,0.0,0.0,0.0,0.0,0.0
2019-01-26,4,0,173,0.0,0.0,0.0,0.0,0.0
2019-01-26,4,0,188,0.0,0.0,0.0,0.0,0.0
2019-01-26,4,0,190,0.0,0.0,0.0,0.0,0.0
2019-01-26,4,0,191,0.0,0.0,0.0,0.0,0.0
2019-01-26,4,0,192,0.0,0.0,0.0,0.0,0.0
2019-01-26,4,0,194,33.35,33.35,0.0,702.192722,0.0
2019-01-26,4,0,196,0.0,0.0,0.0,0.0,0.0
2019-01-26,4,0,198,0.0,0.0,0.0,0.0,0.0
2019-01-26,4,0,199,1.26,1.26,0.0,21.108399,0.0
2019-01-26,4,0,200,0.0,0.0,0.0,0.0,0.0
2019-01-26,4,0,204,169.97,169.97,0.0,2449.976872,0.0
2019-01-26,4,0,205,226.6,226.6,0.0,3238.654285,0.0
2019-01-26,4,0,206,121.3,121.3,0.0,2072.382652,0.0
2019-01-26,4,0,210,0.0,0.0,0.0,0.0,0.0
2019-01-26,4,0,214,0.0,0.0,0.0,0.0,0.0
2019-01-26,4,0,217,0.0,0.0,0.0,0.0,0.0
2019-01-26,4,0,218,0.0,0.0,0.0,0.0,0.0
2019-01-26,4,0,219,0.0,0.0,0.0,0.0,0.0
2019-01-26,4,0,221,0.0,0.0,0.0,0.0,0.0
2019-01-26,4,0,225,0.0,0.0,0.0,0.0,0.0
2019-01-26,4,0,233,0.0,0.0,0.0,0.0,0.0
2019-01-26,4,0,236,20.02,20.02,0.0,251.945791,0.0
2019-01-26,4,0,237,65.94,65.94,0.0,864.881709,0.0
2019-01-26,4,0,238,0.0,0.0,0.0,0.0,0.0
2019-01-26,4,0,240,0.0,0.0,0.0,0.0,0.0
2019-01-26,4,0,245,40.79,40.79,0.0,463.980398,0.0
2019-01-26,4,0,247,46.47,46.47,0.0,528.589583,0.0
2019-01-26,4,0,248,6.62,6.62,0.0,86.829192,0.0
2019-01-26,4,0,249,78.44,78.44,0.0,892.243747,0.0
2019-01-26,4,0,251,50.07,50.07,0.0,501.239264,0.0
2019-01-26,4,0,252,45.44,45.44,0.0,406.097613,0.0
2019-01-26,4,0,254,0.0,0.0,0.0,0.0,0.0
2019-01-26,4,0,255,0.0,0.0,0.0,0.0,0.0
2019-01-26,4,0,258,0.0,0.0,0.0,0.0,0.0
2019-01-26,4,0,260,0.0,0.0,0.0,0.0,0.0
2019-01-26,4,0,265,0.0,0.0,0.0,0.0,0.0
2019-01-26,4,0,266,97.0,97.0,0.0,1492.320083,0.0
2019-01-26,4,0,267,119.2,119.2,0.0,1833.86138,0.0
2019-01-26,4,0,270,12.44,12.44,0.0,267.19288,0.0
2019-01-26,4,0,272,15.91,15.91,0.0,328.799876,0.0
2019-01-26,4,0,273,0.0,0.0,0.0,0.0,0.0
2019-01-26,4,0,274,16.04,16.04,0.0,344.515579,0.0
2019-01-26,4,0,275,22.33,22.33,0.0,479.615516,0.0
2019-01-26,4,0,276,0.0,0.0,0.0,0.0,0.0
2019-01-26,4,0,277,0.0,0.0,0.0,0.0,0.0
2019-01-26,4,0,278,0.0,0.0,0.0,0.0,0.0
2019-01-26,4,0,279,25.17,25.17,0.0,513.945904,0.0
2019-01-26,4,0,281,5.64,5.64,0.0,96.172438,0.0
2019-01-26,4,0,282,0.0,0.0,0.0,0.0,0.0
2019-01-26,5,0,9,0.0,0.0,0.0,0.0,0.0
2019-01-26,5,0,17,0.0,0.0,0.0,0.0,0.0
2019-01-26,5,0,19,385.62,385.62,0.0,3742.944468,0.0
2019-01-26,5,0,20,467.69,467.69,0.0,4539.540735,0.0
2019-01-26,5,0,21,0.0,0.0,0.0,0.0,0.0
2019-01-26,5,0,22,0.0,0.0,0.0,0.0,0.0
2019-01-26,5,0,23,29.17,29.17,0.0,605.364747,0.0
2019-01-26,5,0,24,51.61,51.61,0.0,1071.061865,0.0
2019-01-26,5,0,29,0.0,0.0,0.0,0.0,0.0
2019-01-26,5,0,30,0.0,0.0,0.0,0.0,0.0
2019-01-26,5,0,31,11.12,11.12,0.0,231.050968,0.0
2019-01-26,5,0,32,0.0,0.0,0.0,0.0,0.0
2019-01-26,5,0,33,0.0,0.0,0.0,0.0,0.0
2019-01-26,5,0,34,0.0,0.0,0.0,0.0,0.0
2019-01-26,5,0,35,0.0,0.0,0.0,0.0,0.0
2019-01-26,5,0,36,0.0,0.0,0.0,0.0,0.0
2019-01-26,5,0,37,0.0,0.0,0.0,0.0,0.0
2019-01-26,5,0,38,0.0,0.0,0.0,0.0,0.0
2019-01-26,5,0,39,0.0,0.0,0.0,0.0,0.0
2019-01-26,5,0,40,0.0,0.0,0.0,0.0,0.0
2019-01-26,5,0,41,91.73,91.73,0.0,1791.671765,0.0
2019-01-26,5,0,42,0.0,0.0,0.0,0.0,0.0
2019-01-26,5,0,43,0.0,0.0,0.0,0.0,0.0
2019-01-26,5,0,46,0.0,0.0,0.0,0.0,0.0
2019-01-26,5,0,52,11.78,11.78,0.0,244.764425,0.0
2019-01-26,5,0,53,18.72,18.72,0.0,388.963501,0.0
2019-01-26,5,0,55,134.29,134.29,0.0,2786.91916,0.0
2019-01-26,5,0,56,0.0,0.0,0.0,0.0,0.0
2019-01-26,5,0,57,0.0,0.0,0.0,0.0,0.0
2019-01-26,5,0,58,0.0,0.0,0.0,0.0,0.0
2019-01-26,5,0,59,0.0,0.0,0.0,0.0,0.0
2019-01-26,5,0,63,11.86,11.86,0.0,296.14835,0.0
2019-01-26,5,0,64,13.95,13.95,0.0,348.336382,0.0
2019-01-26,5,0,65,6.36,6.36,0.0,87.469914,0.0
2019-01-26,5,0,67,0.0,0.0,0.0,0.0,0.0
2019-01-26,5,0,68,0.8,0.8,0.0,18.819726,0.0
2019-01-26,5,0,69,0.0,0.0,0.0,0.0,0.0
2019-01-26,5,0,74,24.62,24.62,0.0,445.725238,0.0
2019-01-26,5,0,77,40.73,40.73,0.0,943.761725,0.0
2019-01-26,5,0,78,30.79,30.79,0.0,713.440303,0.0
2019-01-26,5,0,79,17.82,17.82,0.0,412.910237,0.0
2019-01-26,5,0,80,28.81,28.81,0.0,667.561387,0.0
2019-01-26,5,0,81,37.67,37.67,0.0,872.857947,0.0
2019-01-26,5,0,82,26.57,26.57,0.0,615.657968,0.0
2019-01-26,5,0,83,59.26,59.26,0.0,1373.123492,0.0
2019-01-26,5,0,84,0.0,0.0,0.0,0.0,0.0
2019-01-26,5,0,86,0.0,0.0,0.0,0.0,0.0
2019-01-26,5,0,87,0.0,0.0,0.0,0.0,0.0
2019-01-26,5,0,88,32.02,32.02,0.0,741.940841,0.0
2019-01-26,5,0,89,30.78,30.78,0.0,713.208591,0.0
2019-01-26,5,0,90,41.32,41.32,0.0,957.432715,0.0
2019-01-26,5,0,91,147.41,147.41,0.0,3415.662066,0.0
2019-01-26,5,0,92,53.02,53.02,0.0,1228.535396,0.0
2019-01-26,5,0,95,1.6,1.6,0.0,40.66191,0.0
2019-01-26,5,0,96,6.23,6.23,0.0,129.609324,0.0
2019-01-26,5,0,97,38.29,38.29,0.0,796.587644,0.0
2019-01-26,5,0,99,4.75,4.75,0.0,85.994918,0.0
2019-01-26,5,0,101,0.0,0.0,0.0,0.0,0.0
2019-01-26,5,0,102,1.9,1.9,0.0,44.696849,0.0
2019-01-26,5,0,103,1.65,1.65,0.0,38.815685,0.0
2019-01-26,5,0,104,0.31,0.31,0.0,7.292644,0.0
2019-01-26,5,0,106,0.0,0.0,0.0,0.0,0.0
2019-01-26,5,0,109,33.74,33.74,0.0,625.22199,0.0
2019-01-26,5,0,110,36.36,36.36,0.0,889.271953,0.0
2019-01-26,5,0,111,0.0,0.0,0.0,0.0,0.0
2019-01-26,5,0,113,9.23,9.23,0.0,218.358948,0.0
2019-01-26,5,0,115,9.23,9.23,0.0,218.358948,0.0
2019-01-26,5,0,116,0.0,0.0,0.0,0.0,0.0
2019-01-26,5,0,117,0.44,0.44,0.0,10.409311,0.0
2019-01-26,5,0,119,13.95,13.95,0.0,348.336382,0.0
2019-01-26,5,0,120,8.21,8.21,0.0,205.006573,0.0
2019-01-26,5,0,123,0.0,0.0,0.0,0.0,0.0
2019-01-26,5,0,125,46.7,46.7,0.0,969.164679,0.0
2019-01-26,5,0,126,0.0,0.0,0.0,0.0,0.0
2019-01-26,5,0,127,0.0,0.0,0.0,0.0,0.0
2019-01-26,5,0,128,66.89,66.89,0.0,1388.167568,0.0
2019-01-26,5,0,131,5.76,5.76,0.0,135.148808,0.0
2019-01-26,5,0,132,8.47,8.47,0.0,198.734445,0.0
2019-01-26,5,0,133,18.26,18.26,0.0,336.230469,0.0
2019-01-26,5,0,134,0.0,0.0,0.0,0.0,0.0
2019-01-26,5,0,135,26.01,26.01,0.0,478.935076,0.0
2019-01-26,5,0,136,10.62,10.62,0.0,148.41762,0.0
2019-01-26,5,0,139,118.46,118.46,0.0,2313.762534,0.0
2019-01-26,5,0,140,26.91,26.91,0.0,658.149292,0.0
2019-01-26,5,0,141,29.56,29.56,0.0,702.176282,0.0
2019-01-26,5,0,142,0.0,0.0,0.0,0.0,0.0
2019-01-26,5,0,143,34.82,34.82,0.0,723.488734,0.0
2019-01-26,5,0,145,1.64,1.64,0.0,32.710183,0.0
2019-01-26,5,0,146,68.08,68.08,0.0,1665.061457,0.0
2019-01-26,5,0,152,0.0,0.0,0.0,0.0,0.0
2019-01-26,5,0,153,0.0,0.0,0.0,0.0,0.0
2019-01-26,5,0,154,0.0,0.0,0.0,0.0,0.0
2019-01-26,5,0,157,26.06,26.06,0.0,619.03633,0.0
2019-01-26,5,0,158,0.0,0.0,0.0,0.0,0.0
2019-01-26,5,0,159,0.0,0.0,0.0,0.0,0.0
2019-01-26,5,0,160,0.0,0.0,0.0,0.0,0.0
2019-01-26,5,0,161,0.0,0.0,0.0,0.0,0.0
2019-01-26,5,0,162,2.81,2.81,0.0,71.39012,0.0
2019-01-26,5,0,163,0.0,0.0,0.0,0.0,0.0
2019-01-26,5,0,164,0.0,0.0,0.0,0.0,0.0
2019-01-26,5,0,167,0.0,0.0,0.0,0.0,0.0
2019-01-26,5,0,168,0.0,0.0,0.0,0.0,0.0
2019-01-26,5,0,169,0.0,0.0,0.0,0.0,0.0
2019-01-26,5,0,170,0.0,0.0,0.0,0.0,0.0
2019-01-26,5,0,172,0.0,0.0,0.0,0.0,0.0
2019-01-26,5,0,173,0.0,0.0,0.0,0.0,0.0
2019-01-26,5,0,188,0.0,0.0,0.0,0.0,0.0
2019-01-26,5,0,190,0.0,0.0,0.0,0.0,0.0
2019-01-26,5,0,191,0.0,0.0,0.0,0.0,0.0
2019-01-26,5,0,192,0.0,0.0,0.0,0.0,0.0
2019-01-26,5,0,194,31.92,31.92,0.0,764.177016,0.0
2019-01-26,5,0,196,0.0,0.0,0.0,0.0,0.0
2019-01-26,5,0,198,0.0,0.0,0.0,0.0,0.0
2019-01-26,5,0,199,0.79,0.79,0.0,13.999525,0.0
2019-01-26,5,0,200,0.0,0.0,0.0,0.0,0.0
2019-01-26,5,0,204,125.1,125.1,0.0,2325.962219,0.0
2019-01-26,5,0,205,178.49,178.49,0.0,3307.52439,0.0
2019-01-26,5,0,206,112.51,112.51,0.0,2340.665338,0.0
2019-01-26,5,0,210,0.0,0.0,0.0,0.0,0.0
2019-01-26,5,0,214,0.0,0.0,0.0,0.0,0.0
2019-01-26,5,0,217,0.0,0.0,0.0,0.0,0.0
2019-01-26,5,0,218,0.0,0.0,0.0,0.0,0.0
2019-01-26,5,0,219,0.0,0.0,0.0,0.0,0.0
2019-01-26,5,0,221,0.0,0.0,0.0,0.0,0.0
2019-01-26,5,0,225,0.0,0.0,0.0,0.0,0.0
2019-01-26,5,0,233,0.0,0.0,0.0,0.0,0.0
2019-01-26,5,0,236,19.31,19.31,0.0,346.301395,0.0
2019-01-26,5,0,237,59.06,59.06,0.0,1069.233653,0.0
2019-01-26,5,0,238,0.0,0.0,0.0,0.0,0.0
2019-01-26,5,0,240,0.0,0.0,0.0,0.0,0.0
2019-01-26,5,0,245,36.88,36.88,0.0,628.003496,0.0
2019-01-26,5,0,247,41.81,41.81,0.0,711.952987,0.0
2019-01-26,5,0,248,5.93,5.93,0.0,107.357866,0.0
2019-01-26,5,0,249,70.92,70.92,0.0,1207.646636,0.0
2019-01-26,5,0,251,44.77,44.77,0.0,674.308769,0.0
2019-01-26,5,0,252,41.0,41.0,0.0,563.878373,0.0
2019-01-26,5,0,254,0.0,0.0,0.0,0.0,0.0
2019-01-26,5,0,255,0.0,0.0,0.0,0.0,0.0
2019-01-26,5,0,258,0.0,0.0,0.0,0.0,0.0
2019-01-26,5,0,260,0.0,0.0,0.0,0.0,0.0
2019-01-26,5,0,265,0.0,0.0,0.0,0.0,0.0
2019-01-26,5,0,266,76.7,76.7,0.0,1498.105575,0.0
2019-01-26,5,0,267,94.26,94.26,0.0,1841.087764,0.0
2019-01-26,5,0,270,0.0,0.0,0.0,0.0,0.0
2019-01-26,5,0,272,31.74,31.74,0.0,750.889817,0.0
2019-01-26,5,0,273,0.0,0.0,0.0,0.0,0.0
2019-01-26,5,0,274,0.0,0.0,0.0,0.0,0.0
2019-01-26,5,0,275,0.0,0.0,0.0,0.0,0.0
2019-01-26,5,0,276,0.0,0.0,0.0,0.0,0.0
2019-01-26,5,0,277,0.0,0.0,0.0,0.0,0.0
2019-01-26,5,0,278,0.0,0.0,0.0,0.0,0.0
2019-01-26,5,0,279,17.69,17.69,0.0,415.052273,0.0
2019-01-26,5,0,281,4.99,4.99,0.0,103.682044,0.0
2019-01-26,5,0,282,0.0,0.0,0.0,0.0,0.0
2019-01-26,6,0,9,0.0,0.0,0.0,0.0,0.0
2019-01-26,6,0,17,0.0,0.0,0.0,0.0,0.0
2019-01-26,6,0,19,373.47,373.47,0.0,5128.608495,0.0
2019-01-26,6,0,20,452.95,452.95,0.0,6220.053064,0.0
2019-01-26,6,0,21,0.0,0.0,0.0,0.0,0.0
2019-01-26,6,0,22,0.0,0.0,0.0,0.0,0.0
2019-01-26,6,0,23,28.05,28.05,0.0,489.828715,0.0
2019-01-26,6,0,24,49.64,49.64,0.0,866.848392,0.0
2019-01-26,6,0,29,0.0,0.0,0.0,0.0,0.0
2019-01-26,6,0,30,0.0,0.0,0.0,0.0,0.0
2019-01-26,6,0,31,9.89,9.89,0.0,172.966535,0.0
2019-01-26,6,0,32,0.0,0.0,0.0,0.0,0.0
2019-01-26,6,0,33,0.0,0.0,0.0,0.0,0.0
2019-01-26,6,0,34,0.0,0.0,0.0,0.0,0.0
2019-01-26,6,0,35,0.0,0.0,0.0,0.0,0.0
2019-01-26,6,0,36,0.0,0.0,0.0,0.0,0.0
2019-01-26,6,0,37,0.0,0.0,0.0,0.0,0.0
2019-01-26,6,0,38,0.0,0.0,0.0,0.0,0.0
2019-01-26,6,0,39,0.0,0.0,0.0,0.0,0.0
2019-01-26,6,0,40,0.0,0.0,0.0,0.0,0.0
2019-01-26,6,0,41,65.63,65.63,0.0,1058.208928,0.0
2019-01-26,6,0,42,0.0,0.0,0.0,0.0,0.0
2019-01-26,6,0,43,0.0,0.0,0.0,0.0,0.0
2019-01-26,6,0,46,0.0,0.0,0.0,0.0,0.0
2019-01-26,6,0,52,10.48,10.48,0.0,183.285064,0.0
2019-01-26,6,0,53,16.64,16.64,0.0,291.017507,0.0
2019-01-26,6,0,55,48.13,48.13,0.0,840.479717,0.0
2019-01-26,6,0,56,0.0,0.0,0.0,0.0,0.0
2019-01-26,6,0,57,0.0,0.0,0.0,0.0,0.0
2019-01-26,6,0,58,0.0,0.0,0.0,0.0,0.0
2019-01-26,6,0,59,0.0,0.0,0.0,0.0,0.0
2019-01-26,6,0,63,6.34,6.34,0.0,139.113771,0.0
2019-01-26,6,0,64,7.46,7.46,0.0,163.689075,0.0
2019-01-26,6,0,65,6.0,6.0,0.0,82.518786,0.0
2019-01-26,6,0,67,0.0,0.0,0.0,0.0,0.0
2019-01-26,6,0,68,0.54,0.54,0.0,11.003996,0.0
2019-01-26,6,0,69,0.0,0.0,0.0,0.0,0.0
2019-01-26,6,0,74,22.63,22.63,0.0,325.164041,0.0
2019-01-26,6,0,77,34.52,34.52,0.0,690.446064,0.0
2019-01-26,6,0,78,26.1,26.1,0.0,522.034828,0.0
2019-01-26,6,0,79,15.1,15.1,0.0,302.02015,0.0
2019-01-26,6,0,80,24.42,24.42,0.0,488.432587,0.0
2019-01-26,6,0,81,31.93,31.93,0.0,638.642608,0.0
2019-01-26,6,0,82,22.53,22.53,0.0,450.630064,0.0
2019-01-26,6,0,83,50.23,50.23,0.0,1004.667028,0.0
2019-01-26,6,0,84,0.0,0.0,0.0,0.0,0.0
2019-01-26,6,0,86,0.0,0.0,0.0,0.0,0.0
2019-01-26,6,0,87,0.0,0.0,0.0,0.0,0.0
2019-01-26,6,0,88,28.28,28.28,0.0,565.637737,0.0
2019-01-26,6,0,89,27.18,27.18,0.0,543.63627,0.0
2019-01-26,6,0,90,36.5,36.5,0.0,730.048706,0.0
2019-01-26,6,0,91,130.21,130.21,0.0,2604.373755,0.0
2019-01-26,6,0,92,46.83,46.83,0.0,936.662491,0.0
2019-01-26,6,0,95,1.02,1.02,0.0,22.878331,0.0
2019-01-26,6,0,96,5.79,5.79,0.0,101.420848,0.0
2019-01-26,6,0,97,35.64,35.64,0.0,624.289985,0.0
2019-01-26,6,0,99,4.37,4.37,0.0,62.791289,0.0
2019-01-26,6,0,101,0.0,0.0,0.0,0.0,0.0
2019-01-26,6,0,102,1.28,1.28,0.0,26.083546,0.0
2019-01-26,6,0,103,1.11,1.11,0.0,22.619325,0.0
2019-01-26,6,0,104,0.21,0.21,0.0,4.279332,0.0
2019-01-26,6,0,106,0.0,0.0,0.0,0.0,0.0
2019-01-26,6,0,109,27.11,27.11,0.0,410.976754,0.0
2019-01-26,6,0,110,61.22,61.22,0.0,1309.075341,0.0
2019-01-26,6,0,111,0.0,0.0,0.0,0.0,0.0
2019-01-26,6,0,113,9.94,9.94,0.0,203.874898,0.0
2019-01-26,6,0,115,9.94,9.94,0.0,203.874898,0.0
2019-01-26,6,0,116,0.0,0.0,0.0,0.0,0.0
2019-01-26,6,0,117,0.39,0.39,0.0,7.999116,0.0
2019-01-26,6,0,119,7.46,7.46,0.0,163.689075,0.0
2019-01-26,6,0,120,4.39,4.39,0.0,96.326413,0.0
2019-01-26,6,0,123,0.0,0.0,0.0,0.0,0.0
2019-01-26,6,0,125,44.92,44.92,0.0,784.424452,0.0
2019-01-26,6,0,126,0.0,0.0,0.0,0.0,0.0
2019-01-26,6,0,127,0.0,0.0,0.0,0.0,0.0
2019-01-26,6,0,128,64.34,64.34,0.0,1123.550072,0.0
2019-01-26,6,0,131,4.48,4.48,0.0,90.996303,0.0
2019-01-26,6,0,132,6.59,6.59,0.0,133.853936,0.0
2019-01-26,6,0,133,14.49,14.49,0.0,198.952861,0.0
2019-01-26,6,0,134,0.0,0.0,0.0,0.0,0.0
2019-01-26,6,0,135,19.41,19.41,0.0,266.506214,0.0
2019-01-26,6,0,136,10.08,10.08,0.0,138.643079,0.0
2019-01-26,6,0,139,84.76,84.76,0.0,1366.658368,0.0
2019-01-26,6,0,140,45.31,45.31,0.0,968.869711,0.0
2019-01-26,6,0,141,25.59,25.59,0.0,527.800275,0.0
2019-01-26,6,0,142,0.0,0.0,0.0,0.0,0.0
2019-01-26,6,0,143,52.89,52.89,0.0,924.994947,0.0
2019-01-26,6,0,145,1.16,1.16,0.0,19.284996,0.0
2019-01-26,6,0,146,73.8,73.8,0.0,1578.075141,0.0
2019-01-26,6,0,152,0.0,0.0,0.0,0.0,0.0
2019-01-26,6,0,153,0.0,0.0,0.0,0.0,0.0
2019-01-26,6,0,154,0.0,0.0,0.0,0.0,0.0
2019-01-26,6,0,157,24.37,24.37,0.0,502.637464,0.0
2019-01-26,6,0,158,0.0,0.0,0.0,0.0,0.0
2019-01-26,6,0,159,0.0,0.0,0.0,0.0,0.0
2019-01-26,6,0,160,0.0,0.0,0.0,0.0,0.0
2019-01-26,6,0,161,0.0,0.0,0.0,0.0,0.0
2019-01-26,6,0,162,2.07,2.07,0.0,46.411423,0.0
2019-01-26,6,0,163,0.0,0.0,0.0,0.0,0.0
2019-01-26,6,0,164,0.0,0.0,0.0,0.0,0.0
2019-01-26,6,0,167,0.0,0.0,0.0,0.0,0.0
2019-01-26,6,0,168,0.0,0.0,0.0,0.0,0.0
2019-01-26,6,0,169,0.0,0.0,0.0,0.0,0.0
2019-01-26,6,0,170,0.0,0.0,0.0,0.0,0.0
2019-01-26,6,0,172,0.0,0.0,0.0,0.0,0.0
2019-01-26,6,0,173,0.0,0.0,0.0,0.0,0.0
2019-01-26,6,0,188,0.0,0.0,0.0,0.0,0.0
2019-01-26,6,0,190,0.0,0.0,0.0,0.0,0.0
2019-01-26,6,0,191,0.0,0.0,0.0,0.0,0.0
2019-01-26,6,0,192,0.0,0.0,0.0,0.0,0.0
2019-01-26,6,0,194,30.69,30.69,0.0,638.396257,0.0
2019-01-26,6,0,196,0.0,0.0,0.0,0.0,0.0
2019-01-26,6,0,198,0.0,0.0,0.0,0.0,0.0
2019-01-26,6,0,199,0.83,0.83,0.0,11.343899,0.0
2019-01-26,6,0,200,0.0,0.0,0.0,0.0,0.0
2019-01-26,6,0,204,91.93,91.93,0.0,1401.805499,0.0
2019-01-26,6,0,205,143.39,143.39,0.0,2173.735034,0.0
2019-01-26,6,0,206,104.71,104.71,0.0,1834.15837,0.0
2019-01-26,6,0,210,0.0,0.0,0.0,0.0,0.0
2019-01-26,6,0,214,0.0,0.0,0.0,0.0,0.0
2019-01-26,6,0,217,0.0,0.0,0.0,0.0,0.0
2019-01-26,6,0,218,0.0,0.0,0.0,0.0,0.0
2019-01-26,6,0,219,0.0,0.0,0.0,0.0,0.0
2019-01-26,6,0,221,0.0,0.0,0.0,0.0,0.0
2019-01-26,6,0,225,0.0,0.0,0.0,0.0,0.0
2019-01-26,6,0,233,0.0,0.0,0.0,0.0,0.0
2019-01-26,6,0,236,19.87,19.87,0.0,278.428701,0.0
2019-01-26,6,0,237,54.28,54.28,0.0,779.9339,0.0
2019-01-26,6,0,238,0.0,0.0,0.0,0.0,0.0
2019-01-26,6,0,240,0.0,0.0,0.0,0.0,0.0
2019-01-26,6,0,245,33.66,33.66,0.0,459.653501,0.0
2019-01-26,6,0,247,37.98,37.98,0.0,518.646464,0.0
2019-01-26,6,0,248,5.45,5.45,0.0,78.309502,0.0
2019-01-26,6,0,249,64.72,64.72,0.0,883.801979,0.0
2019-01-26,6,0,251,40.98,40.98,0.0,565.003718,0.0
2019-01-26,6,0,252,38.73,38.73,0.0,532.658766,0.0
2019-01-26,6,0,254,0.0,0.0,0.0,0.0,0.0
2019-01-26,6,0,255,0.0,0.0,0.0,0.0,0.0
2019-01-26,6,0,258,0.0,0.0,0.0,0.0,0.0
2019-01-26,6,0,260,0.0,0.0,0.0,0.0,0.0
2019-01-26,6,0,265,0.0,0.0,0.0,0.0,0.0
2019-01-26,6,0,266,54.88,54.88,0.0,884.877433,0.0
2019-01-26,6,0,267,67.44,67.44,0.0,1087.393114,0.0
2019-01-26,6,0,270,0.0,0.0,0.0,0.0,0.0
2019-01-26,6,0,272,35.08,35.08,0.0,719.510205,0.0
2019-01-26,6,0,273,0.0,0.0,0.0,0.0,0.0
2019-01-26,6,0,274,0.0,0.0,0.0,0.0,0.0
2019-01-26,6,0,275,0.0,0.0,0.0,0.0,0.0
2019-01-26,6,0,276,0.0,0.0,0.0,0.0,0.0
2019-01-26,6,0,277,0.0,0.0,0.0,0.0,0.0
2019-01-26,6,0,278,0.0,0.0,0.0,0.0,0.0
2019-01-26,6,0,279,12.81,12.81,0.0,260.124973,0.0
2019-01-26,6,0,281,4.44,4.44,0.0,77.651306,0.0
2019-01-26,6,0,282,0.0,0.0,0.0,0.0,0.0
2019-01-26,7,0,9,0.0,0.0,0.0,0.0,0.0
2019-01-26,7,0,17,0.0,0.0,0.0,0.0,0.0
2019-01-26,7,0,19,369.73,369.73,0.0,3291.520325,0.0
2019-01-26,7,0,20,448.41,448.41,0.0,3991.968813,0.0
2019-01-26,7,0,21,0.0,0.0,0.0,0.0,0.0
2019-01-26,7,0,22,0.0,0.0,0.0,0.0,0.0
2019-01-26,7,0,23,27.34,27.34,0.0,628.354613,0.0
2019-01-26,7,0,24,48.37,48.37,0.0,1111.686636,0.0
2019-01-26,7,0,29,0.0,0.0,0.0,0.0,0.0
2019-01-26,7,0,30,0.0,0.0,0.0,0.0,0.0
2019-01-26,7,0,31,21.5,21.5,0.0,494.612249,0.0
2019-01-26,7,0,32,0.0,0.0,0.0,0.0,0.0
2019-01-26,7,0,33,0.0,0.0,0.0,0.0,0.0
2019-01-26,7,0,34,0.0,0.0,0.0,0.0,0.0
2019-01-26,7,0,35,0.0,0.0,0.0,0.0,0.0
2019-01-26,7,0,36,0.0,0.0,0.0,0.0,0.0
2019-01-26,7,0,37,0.0,0.0,0.0,0.0,0.0
2019-01-26,7,0,38,0.0,0.0,0.0,0.0,0.0
2019-01-26,7,0,39,0.0,0.0,0.0,0.0,0.0
2019-01-26,7,0,40,0.0,0.0,0.0,0.0,0.0
2019-01-26,7,0,41,33.3,33.3,0.0,730.053448,0.0
2019-01-26,7,0,42,0.0,0.0,0.0,0.0,0.0
2019-01-26,7,0,43,0.0,0.0,0.0,0.0,0.0
2019-01-26,7,0,46,0.0,0.0,0.0,0.0,0.0
2019-01-26,7,0,52,22.79,22.79,0.0,524.288984,0.0
2019-01-26,7,0,53,36.22,36.22,0.0,833.2491,0.0
2019-01-26,7,0,55,42.83,42.83,0.0,984.360939,0.0
2019-01-26,7,0,56,0.0,0.0,0.0,0.0,0.0
2019-01-26,7,0,57,0.0,0.0,0.0,0.0,0.0
2019-01-26,7,0,58,0.0,0.0,0.0,0.0,0.0
2019-01-26,7,0,59,0.0,0.0,0.0,0.0,0.0
2019-01-26,7,0,63,4.43,4.43,0.0,120.447802,0.0
2019-01-26,7,0,64,5.21,5.21,0.0,141.655315,0.0
2019-01-26,7,0,65,5.96,5.96,0.0,88.116709,0.0
2019-01-26,7,0,67,0.0,0.0,0.0,0.0,0.0
2019-01-26,7,0,68,0.4,0.4,0.0,10.201501,0.0
2019-01-26,7,0,69,0.0,0.0,0.0,0.0,0.0
2019-01-26,7,0,74,21.11,21.11,0.0,438.833402,0.0
2019-01-26,7,0,77,29.55,29.55,0.0,742.971348,0.0
2019-01-26,7,0,78,22.34,22.34,0.0,561.691368,0.0
2019-01-26,7,0,79,12.93,12.93,0.0,325.097108,0.0
2019-01-26,7,0,80,20.9,20.9,0.0,525.485657,0.0
2019-01-26,7,0,81,27.33,27.33,0.0,687.154211,0.0
2019-01-26,7,0,82,19.28,19.28,0.0,484.754233,0.0
2019-01-26,7,0,83,42.99,42.99,0.0,1080.891311,0.0
2019-01-26,7,0,84,0.0,0.0,0.0,0.0,0.0
2019-01-26,7,0,86,0.0,0.0,0.0,0.0,0.0
2019-01-26,7,0,87,0.0,0.0,0.0,0.0,0.0
2019-01-26,7,0,88,25.02,25.02,0.0,629.074218,0.0
2019-01-26,7,0,89,24.06,24.06,0.0,604.937077,0.0
2019-01-26,7,0,90,32.3,32.3,0.0,812.114198,0.0
2019-01-26,7,0,91,115.22,115.22,0.0,2896.959686,0.0
2019-01-26,7,0,92,41.44,41.44,0.0,1041.919887,0.0
2019-01-26,7,0,95,0.0,0.0,0.0,0.0,0.0
2019-01-26,7,0,96,5.39,5.39,0.0,124.123437,0.0
2019-01-26,7,0,97,33.17,33.17,0.0,763.854252,0.0
2019-01-26,7,0,99,4.08,4.08,0.0,84.814793,0.0
2019-01-26,7,0,101,0.0,0.0,0.0,0.0,0.0
2019-01-26,7,0,102,0.95,0.95,0.0,24.228566,0.0
2019-01-26,7,0,103,0.83,0.83,0.0,21.168115,0.0
2019-01-26,7,0,104,0.15,0.15,0.0,3.825563,0.0
2019-01-26,7,0,106,0.0,0.0,0.0,0.0,0.0
2019-01-26,7,0,109,22.32,22.32,0.0,468.309282,0.0
2019-01-26,7,0,110,97.63,97.63,0.0,2592.783283,0.0
2019-01-26,7,0,111,0.0,0.0,0.0,0.0,0.0
2019-01-26,7,0,113,4.79,4.79,0.0,122.462309,0.0
2019-01-26,7,0,115,4.79,4.79,0.0,122.462309,0.0
2019-01-26,7,0,116,0.0,0.0,0.0,0.0,0.0
2019-01-26,7,0,117,0.2,0.2,0.0,5.113249,0.0
2019-01-26,7,0,119,5.21,5.21,0.0,141.655315,0.0
2019-01-26,7,0,120,3.06,3.06,0.0,83.198707,0.0
2019-01-26,7,0,123,0.0,0.0,0.0,0.0,0.0
2019-01-26,7,0,125,43.77,43.77,0.0,1005.964938,0.0
2019-01-26,7,0,126,0.0,0.0,0.0,0.0,0.0
2019-01-26,7,0,127,0.0,0.0,0.0,0.0,0.0
2019-01-26,7,0,128,62.7,62.7,0.0,1441.032708,0.0
2019-01-26,7,0,131,3.57,3.57,0.0,90.801144,0.0
2019-01-26,7,0,132,5.25,5.25,0.0,133.531094,0.0
2019-01-26,7,0,133,14.13,14.13,0.0,304.982037,0.0
2019-01-26,7,0,134,0.0,0.0,0.0,0.0,0.0
2019-01-26,7,0,135,18.94,18.94,0.0,408.801117,0.0
2019-01-26,7,0,136,10.0,10.0,0.0,151.076029,0.0
2019-01-26,7,0,139,43.01,43.01,0.0,942.930895,0.0
2019-01-26,7,0,140,72.25,72.25,0.0,1918.760547,0.0
2019-01-26,7,0,141,25.08,25.08,0.0,646.138165,0.0
2019-01-26,7,0,142,0.0,0.0,0.0,0.0,0.0
2019-01-26,7,0,143,33.68,33.68,0.0,774.815839,0.0
2019-01-26,7,0,145,0.82,0.82,0.0,18.24983,0.0
2019-01-26,7,0,146,81.79,81.79,0.0,2172.116611,0.0
2019-01-26,7,0,152,0.0,0.0,0.0,0.0,0.0
2019-01-26,7,0,153,0.0,0.0,0.0,0.0,0.0
2019-01-26,7,0,154,0.0,0.0,0.0,0.0,0.0
2019-01-26,7,0,157,24.5,24.5,0.0,631.195576,0.0
2019-01-26,7,0,158,0.0,0.0,0.0,0.0,0.0
2019-01-26,7,0,159,0.0,0.0,0.0,0.0,0.0
2019-01-26,7,0,160,0.0,0.0,0.0,0.0,0.0
2019-01-26,7,0,161,0.0,0.0,0.0,0.0,0.0
2019-01-26,7,0,162,1.47,1.47,0.0,40.807805,0.0
2019-01-26,7,0,163,0.0,0.0,0.0,0.0,0.0
2019-01-26,7,0,164,0.0,0.0,0.0,0.0,0.0
2019-01-26,7,0,167,0.0,0.0,0.0,0.0,0.0
2019-01-26,7,0,168,0.0,0.0,0.0,0.0,0.0
2019-01-26,7,0,169,0.0,0.0,0.0,0.0,0.0
2019-01-26,7,0,170,0.0,0.0,0.0,0.0,0.0
2019-01-26,7,0,172,0.0,0.0,0.0,0.0,0.0
2019-01-26,7,0,173,0.0,0.0,0.0,0.0,0.0
2019-01-26,7,0,188,0.0,0.0,0.0,0.0,0.0
2019-01-26,7,0,190,0.0,0.0,0.0,0.0,0.0
2019-01-26,7,0,191,0.0,0.0,0.0,0.0,0.0
2019-01-26,7,0,192,0.0,0.0,0.0,0.0,0.0
2019-01-26,7,0,194,29.4,29.4,0.0,757.58612,0.0
2019-01-26,7,0,196,0.0,0.0,0.0,0.0,0.0
2019-01-26,7,0,198,0.0,0.0,0.0,0.0,0.0
2019-01-26,7,0,199,1.42,1.42,0.0,21.479795,0.0
2019-01-26,7,0,200,0.0,0.0,0.0,0.0,0.0
2019-01-26,7,0,204,68.07,68.07,0.0,1431.122482,0.0
2019-01-26,7,0,205,118.09,118.09,0.0,2477.716984,0.0
2019-01-26,7,0,206,97.46,97.46,0.0,2244.3544,0.0
2019-01-26,7,0,210,0.0,0.0,0.0,0.0,0.0
2019-01-26,7,0,214,0.0,0.0,0.0,0.0,0.0
2019-01-26,7,0,217,0.0,0.0,0.0,0.0,0.0
2019-01-26,7,0,218,0.0,0.0,0.0,0.0,0.0
2019-01-26,7,0,219,0.0,0.0,0.0,0.0,0.0
2019-01-26,7,0,221,0.0,0.0,0.0,0.0,0.0
2019-01-26,7,0,225,0.0,0.0,0.0,0.0,0.0
2019-01-26,7,0,233,0.0,0.0,0.0,0.0,0.0
2019-01-26,7,0,236,21.76,21.76,0.0,451.135695,0.0
2019-01-26,7,0,237,50.65,50.65,0.0,1052.909133,0.0
2019-01-26,7,0,238,0.0,0.0,0.0,0.0,0.0
2019-01-26,7,0,240,0.0,0.0,0.0,0.0,0.0
2019-01-26,7,0,245,31.05,31.05,0.0,608.801872,0.0
2019-01-26,7,0,247,34.77,34.77,0.0,681.740454,0.0
2019-01-26,7,0,248,5.08,5.08,0.0,105.602732,0.0
2019-01-26,7,0,249,59.72,59.72,0.0,1170.938738,0.0
2019-01-26,7,0,251,38.78,38.78,0.0,646.529795,0.0
2019-01-26,7,0,252,38.45,38.45,0.0,568.471052,0.0
2019-01-26,7,0,254,0.0,0.0,0.0,0.0,0.0
2019-01-26,7,0,255,0.0,0.0,0.0,0.0,0.0
2019-01-26,7,0,258,0.0,0.0,0.0,0.0,0.0
2019-01-26,7,0,260,0.0,0.0,0.0,0.0,0.0
2019-01-26,7,0,265,0.0,0.0,0.0,0.0,0.0
2019-01-26,7,0,266,27.84,27.84,0.0,610.350991,0.0
2019-01-26,7,0,267,34.22,34.22,0.0,750.223093,0.0
2019-01-26,7,0,270,0.0,0.0,0.0,0.0,0.0
2019-01-26,7,0,272,17.05,17.05,0.0,435.90446,0.0
2019-01-26,7,0,273,0.0,0.0,0.0,0.0,0.0
2019-01-26,7,0,274,0.0,0.0,0.0,0.0,0.0
2019-01-26,7,0,275,0.0,0.0,0.0,0.0,0.0
2019-01-26,7,0,276,0.0,0.0,0.0,0.0,0.0
2019-01-26,7,0,277,0.0,0.0,0.0,0.0,0.0
2019-01-26,7,0,278,0.0,0.0,0.0,0.0,0.0
2019-01-26,7,0,279,10.25,10.25,0.0,260.314128,0.0
2019-01-26,7,0,281,9.64,9.64,0.0,221.770329,0.0
2019-01-26,7,0,282,0.0,0.0,0.0,0.0,0.0
2019-01-26,8,0,9,0.0,0.0,0.0,0.0,0.0
2019-01-26,8,0,17,0.0,0.0,0.0,0.0,0.0
2019-01-26,8,0,19,434.53,434.53,0.0,5079.820686,0.0
2019-01-26,8,0,20,540.8,540.8,0.0,6322.157336,0.0
2019-01-26,8,0,21,0.0,0.0,0.0,0.0,0.0
2019-01-26,8,0,22,0.0,0.0,0.0,0.0,0.0
2019-01-26,8,0,23,23.45,23.45,0.0,490.958491,0.0
2019-01-26,8,0,24,41.48,41.48,0.0,868.441714,0.0
2019-01-26,8,0,29,0.0,0.0,0.0,0.0,0.0
2019-01-26,8,0,30,0.0,0.0,0.0,0.0,0.0
2019-01-26,8,0,31,7.69,7.69,0.0,161.280943,0.0
2019-01-26,8,0,32,0.0,0.0,0.0,0.0,0.0
2019-01-26,8,0,33,0.0,0.0,0.0,0.0,0.0
2019-01-26,8,0,34,0.0,0.0,0.0,0.0,0.0
2019-01-26,8,0,35,0.0,0.0,0.0,0.0,0.0
2019-01-26,8,0,36,0.0,0.0,0.0,0.0,0.0
2019-01-26,8,0,37,0.0,0.0,0.0,0.0,0.0
2019-01-26,8,0,38,0.0,0.0,0.0,0.0,0.0
2019-01-26,8,0,39,0.0,0.0,0.0,0.0,0.0
2019-01-26,8,0,40,0.0,0.0,0.0,0.0,0.0
2019-01-26,8,0,41,12.63,12.63,0.0,241.051076,0.0
2019-01-26,8,0,42,0.0,0.0,0.0,0.0,0.0
2019-01-26,8,0,43,0.0,0.0,0.0,0.0,0.0
2019-01-26,8,0,46,0.0,0.0,0.0,0.0,0.0
2019-01-26,8,0,52,8.15,8.15,0.0,170.928437,0.0
2019-01-26,8,0,53,12.95,12.95,0.0,271.597947,0.0
2019-01-26,8,0,55,42.69,42.69,0.0,893.774754,0.0
2019-01-26,8,0,56,0.0,0.0,0.0,0.0,0.0
2019-01-26,8,0,57,0.0,0.0,0.0,0.0,0.0
2019-01-26,8,0,58,0.0,0.0,0.0,0.0,0.0
2019-01-26,8,0,59,0.0,0.0,0.0,0.0,0.0
2019-01-26,8,0,63,0.0,0.0,0.0,0.0,0.0
2019-01-26,8,0,64,0.0,0.0,0.0,0.0,0.0
2019-01-26,8,0,65,7.88,7.88,0.0,108.374673,0.0
2019-01-26,8,0,67,0.0,0.0,0.0,0.0,0.0
2019-01-26,8,0,68,0.23,0.23,0.0,5.743999,0.0
2019-01-26,8,0,69,0.0,0.0,0.0,0.0,0.0
2019-01-26,8,0,74,23.66,23.66,0.0,394.197088,0.0
2019-01-26,8,0,77,15.1,15.1,0.0,369.155544,0.0
2019-01-26,8,0,78,11.4,11.4,0.0,278.700212,0.0
2019-01-26,8,0,79,6.58,6.58,0.0,160.863806,0.0
2019-01-26,8,0,80,10.67,10.67,0.0,260.853619,0.0
2019-01-26,8,0,81,13.97,13.97,0.0,341.529996,0.0
2019-01-26,8,0,82,9.84,9.84,0.0,240.562288,0.0
2019-01-26,8,0,83,22.0,22.0,0.0,537.842514,0.0
2019-01-26,8,0,84,0.0,0.0,0.0,0.0,0.0
2019-01-26,8,0,86,0.0,0.0,0.0,0.0,0.0
2019-01-26,8,0,87,0.0,0.0,0.0,0.0,0.0
2019-01-26,8,0,88,12.39,12.39,0.0,302.903125,0.0
2019-01-26,8,0,89,11.95,11.95,0.0,292.146275,0.0
2019-01-26,8,0,90,15.6,15.6,0.0,381.379237,0.0
2019-01-26,8,0,91,48.89,48.89,0.0,1195.23275,0.0
2019-01-26,8,0,92,19.56,19.56,0.0,478.19089,0.0
2019-01-26,8,0,95,0.0,0.0,0.0,0.0,0.0
2019-01-26,8,0,96,4.4,4.4,0.0,92.44785,0.0
2019-01-26,8,0,97,27.07,27.07,0.0,568.764387,0.0
2019-01-26,8,0,99,4.57,4.57,0.0,76.14035,0.0
2019-01-26,8,0,101,0.0,0.0,0.0,0.0,0.0
2019-01-26,8,0,102,0.56,0.56,0.0,13.98539,0.0
2019-01-26,8,0,103,0.48,0.48,0.0,11.987477,0.0
2019-01-26,8,0,104,0.09,0.09,0.0,2.247652,0.0
2019-01-26,8,0,106,0.0,0.0,0.0,0.0,0.0
2019-01-26,8,0,109,11.44,11.44,0.0,203.068621,0.0
2019-01-26,8,0,110,113.15,113.15,0.0,2986.385354,0.0
2019-01-26,8,0,111,0.0,0.0,0.0,0.0,0.0
2019-01-26,8,0,113,5.69,5.69,0.0,143.104669,0.0
2019-01-26,8,0,115,5.69,5.69,0.0,143.104669,0.0
2019-01-26,8,0,116,0.0,0.0,0.0,0.0,0.0
2019-01-26,8,0,117,0.29,0.29,0.0,7.29356,0.0
2019-01-26,8,0,119,0.0,0.0,0.0,0.0,0.0
2019-01-26,8,0,120,0.0,0.0,0.0,0.0,0.0
2019-01-26,8,0,123,0.0,0.0,0.0,0.0,0.0
2019-01-26,8,0,125,37.54,37.54,0.0,785.952313,0.0
2019-01-26,8,0,126,0.0,0.0,0.0,0.0,0.0
2019-01-26,8,0,127,0.0,0.0,0.0,0.0,0.0
2019-01-26,8,0,128,53.77,53.77,0.0,1125.750024,0.0
2019-01-26,8,0,131,2.52,2.52,0.0,62.699124,0.0
2019-01-26,8,0,132,3.71,3.71,0.0,92.307043,0.0
2019-01-26,8,0,133,19.31,19.31,0.0,310.355278,0.0
2019-01-26,8,0,134,0.0,0.0,0.0,0.0,0.0
2019-01-26,8,0,135,25.88,25.88,0.0,415.950004,0.0
2019-01-26,8,0,136,12.05,12.05,0.0,167.089782,0.0
2019-01-26,8,0,139,16.32,16.32,0.0,311.476925,0.0
2019-01-26,8,0,140,83.74,83.74,0.0,2210.162701,0.0
2019-01-26,8,0,141,17.87,17.87,0.0,452.526979,0.0
2019-01-26,8,0,142,0.0,0.0,0.0,0.0,0.0
2019-01-26,8,0,143,9.9,9.9,0.0,207.630863,0.0
2019-01-26,8,0,145,0.67,0.67,0.0,13.251046,0.0
2019-01-26,8,0,146,108.47,108.47,0.0,2862.865395,0.0
2019-01-26,8,0,152,0.0,0.0,0.0,0.0,0.0
2019-01-26,8,0,153,0.0,0.0,0.0,0.0,0.0
2019-01-26,8,0,154,0.0,0.0,0.0,0.0,0.0
2019-01-26,8,0,157,29.15,29.15,0.0,738.173556,0.0
2019-01-26,8,0,158,0.0,0.0,0.0,0.0,0.0
2019-01-26,8,0,159,0.0,0.0,0.0,0.0,0.0
2019-01-26,8,0,160,0.0,0.0,0.0,0.0,0.0
2019-01-26,8,0,161,0.0,0.0,0.0,0.0,0.0
2019-01-26,8,0,162,0.0,0.0,0.0,0.0,0.0
2019-01-26,8,0,163,0.0,0.0,0.0,0.0,0.0
2019-01-26,8,0,164,0.0,0.0,0.0,0.0,0.0
2019-01-26,8,0,167,0.0,0.0,0.0,0.0,0.0
2019-01-26,8,0,168,0.0,0.0,0.0,0.0,0.0
2019-01-26,8,0,169,0.0,0.0,0.0,0.0,0.0
2019-01-26,8,0,170,0.0,0.0,0.0,0.0,0.0
2019-01-26,8,0,172,0.0,0.0,0.0,0.0,0.0
2019-01-26,8,0,173,0.0,0.0,0.0,0.0,0.0
2019-01-26,8,0,188,0.0,0.0,0.0,0.0,0.0
2019-01-26,8,0,190,0.0,0.0,0.0,0.0,0.0
2019-01-26,8,0,191,0.0,0.0,0.0,0.0,0.0
2019-01-26,8,0,192,0.0,0.0,0.0,0.0,0.0
2019-01-26,8,0,194,17.69,17.69,0.0,451.906742,0.0
2019-01-26,8,0,196,0.0,0.0,0.0,0.0,0.0
2019-01-26,8,0,198,0.0,0.0,0.0,0.0,0.0
2019-01-26,8,0,199,0.86,0.86,0.0,12.912267,0.0
2019-01-26,8,0,200,0.0,0.0,0.0,0.0,0.0
2019-01-26,8,0,204,35.56,35.56,0.0,635.579527,0.0
2019-01-26,8,0,205,60.53,60.53,0.0,1074.453115,0.0
2019-01-26,8,0,206,79.56,79.56,0.0,1671.625216,0.0
2019-01-26,8,0,210,0.0,0.0,0.0,0.0,0.0
2019-01-26,8,0,214,0.0,0.0,0.0,0.0,0.0
2019-01-26,8,0,217,0.0,0.0,0.0,0.0,0.0
2019-01-26,8,0,218,0.0,0.0,0.0,0.0,0.0
2019-01-26,8,0,219,0.0,0.0,0.0,0.0,0.0
2019-01-26,8,0,221,0.0,0.0,0.0,0.0,0.0
2019-01-26,8,0,225,0.0,0.0,0.0,0.0,0.0
2019-01-26,8,0,233,0.0,0.0,0.0,0.0,0.0
2019-01-26,8,0,236,31.37,31.37,0.0,507.403512,0.0
2019-01-26,8,0,237,56.75,56.75,0.0,945.506541,0.0
2019-01-26,8,0,238,0.0,0.0,0.0,0.0,0.0
2019-01-26,8,0,240,0.0,0.0,0.0,0.0,0.0
2019-01-26,8,0,245,43.62,43.62,0.0,666.725723,0.0
2019-01-26,8,0,247,52.94,52.94,0.0,809.180645,0.0
2019-01-26,8,0,248,5.7,5.7,0.0,94.967177,0.0
2019-01-26,8,0,249,83.89,83.89,0.0,1282.247154,0.0
2019-01-26,8,0,251,49.79,49.79,0.0,719.623968,0.0
2019-01-26,8,0,252,50.86,50.86,0.0,699.484246,0.0
2019-01-26,8,0,254,0.0,0.0,0.0,0.0,0.0
2019-01-26,8,0,255,0.0,0.0,0.0,0.0,0.0
2019-01-26,8,0,258,0.0,0.0,0.0,0.0,0.0
2019-01-26,8,0,260,0.0,0.0,0.0,0.0,0.0
2019-01-26,8,0,265,0.0,0.0,0.0,0.0,0.0
2019-01-26,8,0,266,10.56,10.56,0.0,201.543893,0.0
2019-01-26,8,0,267,12.98,12.98,0.0,247.731035,0.0
2019-01-26,8,0,270,0.0,0.0,0.0,0.0,0.0
2019-01-26,8,0,272,19.7,19.7,0.0,495.459046,0.0
2019-01-26,8,0,273,0.0,0.0,0.0,0.0,0.0
2019-01-26,8,0,274,0.0,0.0,0.0,0.0,0.0
2019-01-26,8,0,275,0.0,0.0,0.0,0.0,0.0
2019-01-26,8,0,276,0.0,0.0,0.0,0.0,0.0
2019-01-26,8,0,277,0.0,0.0,0.0,0.0,0.0
2019-01-26,8,0,278,0.0,0.0,0.0,0.0,0.0
2019-01-26,8,0,279,6.04,6.04,0.0,150.205342,0.0
2019-01-26,8,0,281,3.45,3.45,0.0,72.35621,0.0
2019-01-26,8,0,282,0.0,0.0,0.0,0.0,0.0
2019-01-26,9,0,9,0.18,0.18,0.0,4.077732,0.0
2019-01-26,9,0,17,2.5,2.5,0.0,34.137794,0.0
2019-01-26,9,0,19,422.7,422.7,0.0,5772.018179,0.0
2019-01-26,9,0,20,524.88,524.88,0.0,7167.298088,0.0
2019-01-26,9,0,21,4.14,4.14,0.0,93.787829,0.0
2019-01-26,9,0,22,14.71,14.71,0.0,333.241294,0.0
2019-01-26,9,0,23,20.18,20.18,0.0,457.159029,0.0
2019-01-26,9,0,24,35.71,35.71,0.0,808.976657,0.0
2019-01-26,9,0,29,0.84,0.84,0.0,7.555222,0.0
2019-01-26,9,0,30,29.97,29.97,0.0,680.699971,0.0
2019-01-26,9,0,31,8.93,8.93,0.0,202.824516,0.0
2019-01-26,9,0,32,0.65,0.65,0.0,21.692073,0.0
2019-01-26,9,0,33,0.17,0.17,0.0,2.066115,0.0
2019-01-26,9,0,34,0.27,0.27,0.0,3.281477,0.0
2019-01-26,9,0,35,0.27,0.27,0.0,3.281477,0.0
2019-01-26,9,0,36,1.34,1.34,0.0,21.217526,0.0
2019-01-26,9,0,37,0.59,0.59,0.0,9.346281,0.0
2019-01-26,9,0,38,0.76,0.76,0.0,12.039277,0.0
2019-01-26,9,0,39,0.5,0.5,0.0,7.920577,0.0
2019-01-26,9,0,40,0.5,0.5,0.0,7.920577,0.0
2019-01-26,9,0,41,12.18,12.18,0.0,238.955658,0.0
2019-01-26,9,0,42,3.43,3.43,0.0,47.953424,0.0
2019-01-26,9,0,43,4.52,4.52,0.0,69.205233,0.0
2019-01-26,9,0,46,3.4,3.4,0.0,55.923866,0.0
2019-01-26,9,0,52,9.47,9.47,0.0,215.08938,0.0
2019-01-26,9,0,53,15.13,15.13,0.0,343.643328,0.0
2019-01-26,9,0,55,42.76,42.76,0.0,968.687814,0.0
2019-01-26,9,0,56,8.84,8.84,0.0,200.780372,0.0
2019-01-26,9,0,57,8.41,8.41,0.0,191.013906,0.0
2019-01-26,9,0,58,16.17,16.17,0.0,367.264549,0.0
2019-01-26,9,0,59,15.9,15.9,0.0,361.132117,0.0
2019-01-26,9,0,63,0.0,0.0,0.0,0.0,0.0
2019-01-26,9,0,64,0.0,0.0,0.0,0.0,0.0
2019-01-26,9,0,65,10.42,10.42,0.0,142.916322,0.0
2019-01-26,9,0,67,14.93,14.93,0.0,442.547649,0.0
2019-01-26,9,0,68,0.0,0.0,0.0,0.0,0.0
2019-01-26,9,0,69,0.17,0.17,0.0,2.066115,0.0
2019-01-26,9,0,74,26.55,26.55,0.0,410.109965,0.0
2019-01-26,9,0,77,4.12,4.12,0.0,116.579902,0.0
2019-01-26,9,0,78,3.11,3.11,0.0,88.000849,0.0
2019-01-26,9,0,79,1.8,1.8,0.0,50.932967,0.0
2019-01-26,9,0,80,2.91,2.91,0.0,82.34163,0.0
2019-01-26,9,0,81,3.81,3.81,0.0,107.808114,0.0
2019-01-26,9,0,82,2.69,2.69,0.0,76.11649,0.0
2019-01-26,9,0,83,5.99,5.99,0.0,169.493596,0.0
2019-01-26,9,0,84,0.0,0.0,0.0,0.0,0.0
2019-01-26,9,0,86,0.87,0.87,0.0,10.573648,0.0
2019-01-26,9,0,87,4.42,4.42,0.0,53.718991,0.0
2019-01-26,9,0,88,10.01,10.01,0.0,283.243889,0.0
2019-01-26,9,0,89,9.57,9.57,0.0,270.793608,0.0
2019-01-26,9,0,90,13.43,13.43,0.0,380.016527,0.0
2019-01-26,9,0,91,50.46,50.46,0.0,1427.820845,0.0
2019-01-26,9,0,92,17.75,17.75,0.0,502.255648,0.0
2019-01-26,9,0,95,0.0,0.0,0.0,0.0,0.0
2019-01-26,9,0,96,3.55,3.55,0.0,80.847712,0.0
2019-01-26,9,0,97,21.81,21.81,0.0,496.701016,0.0
2019-01-26,9,0,99,5.13,5.13,0.0,79.241586,0.0
2019-01-26,9,0,101,0.6,0.6,0.0,13.627627,0.0
2019-01-26,9,0,102,0.0,0.0,0.0,0.0,0.0
2019-01-26,9,0,103,0.0,0.0,0.0,0.0,0.0
2019-01-26,9,0,104,0.0,0.0,0.0,0.0,0.0
2019-01-26,9,0,106,14.49,14.49,0.0,328.2574,0.0
2019-01-26,9,0,109,4.48,4.48,0.0,78.70055,0.0
2019-01-26,9,0,110,130.85,130.85,0.0,4089.976819,0.0
2019-01-26,9,0,111,1.47,1.47,0.0,28.839476,0.0
2019-01-26,9,0,113,2.01,2.01,0.0,59.158997,0.0
2019-01-26,9,0,115,2.01,2.01,0.0,59.158997,0.0
2019-01-26,9,0,116,9.3,9.3,0.0,290.689984,0.0
2019-01-26,9,0,117,0.14,0.14,0.0,4.120527,0.0
2019-01-26,9,0,119,0.0,0.0,0.0,0.0,0.0
2019-01-26,9,0,120,0.0,0.0,0.0,0.0,0.0
2019-01-26,9,0,123,0.24,0.24,0.0,5.436976,0.0
2019-01-26,9,0,125,32.31,32.31,0.0,731.952836,0.0
2019-01-26,9,0,126,10.86,10.86,0.0,246.023144,0.0
2019-01-26,9,0,127,13.94,13.94,0.0,315.797664,0.0
2019-01-26,9,0,128,46.28,46.28,0.0,1048.430122,0.0
2019-01-26,9,0,131,1.71,1.71,0.0,49.543964,0.0
2019-01-26,9,0,132,2.51,2.51,0.0,72.722427,0.0
2019-01-26,9,0,133,26.36,26.36,0.0,359.798744,0.0
2019-01-26,9,0,134,0.0,0.0,0.0,0.0,0.0
2019-01-26,9,0,135,35.32,35.32,0.0,482.097558,0.0
2019-01-26,9,0,136,14.93,14.93,0.0,204.823134,0.0
2019-01-26,9,0,139,15.73,15.73,0.0,308.602011,0.0
2019-01-26,9,0,140,96.84,96.84,0.0,3026.926673,0.0
2019-01-26,9,0,141,12.11,12.11,0.0,358.958609,0.0
2019-01-26,9,0,142,19.69,19.69,0.0,583.641206,0.0
2019-01-26,9,0,143,13.07,13.07,0.0,296.855142,0.0
2019-01-26,9,0,145,0.0,0.0,0.0,0.0,0.0
2019-01-26,9,0,146,140.59,140.59,0.0,4394.419877,0.0
2019-01-26,9,0,152,0.71,0.71,0.0,10.900521,0.0
2019-01-26,9,0,153,0.98,0.98,0.0,15.120581,0.0
2019-01-26,9,0,154,6.05,6.05,0.0,118.693081,0.0
2019-01-26,9,0,157,34.42,34.42,0.0,1020.260555,0.0
2019-01-26,9,0,158,0.78,0.78,0.0,23.120373,0.0
2019-01-26,9,0,159,0.0,0.0,0.0,0.0,0.0
2019-01-26,9,0,160,0.35,0.35,0.0,4.801719,0.0
2019-01-26,9,0,161,3.96,3.96,0.0,115.291311,0.0
2019-01-26,9,0,162,0.0,0.0,0.0,0.0,0.0
2019-01-26,9,0,163,0.0,0.0,0.0,0.0,0.0
2019-01-26,9,0,164,0.84,0.84,0.0,19.078678,0.0
2019-01-26,9,0,167,0.74,0.74,0.0,24.755326,0.0
2019-01-26,9,0,168,0.37,0.37,0.0,12.377663,0.0
2019-01-26,9,0,169,0.0,0.0,0.0,0.0,0.0
2019-01-26,9,0,170,0.81,0.81,0.0,27.097047,0.0
2019-01-26,9,0,172,1.01,1.01,0.0,35.817005,0.0
2019-01-26,9,0,173,1.54,1.54,0.0,54.612068,0.0
2019-01-26,9,0,188,1.35,1.35,0.0,45.568563,0.0
2019-01-26,9,0,190,0.84,0.84,0.0,27.239148,0.0
2019-01-26,9,0,191,2.17,2.17,0.0,70.367799,0.0
2019-01-26,9,0,192,0.0,0.0,0.0,0.0,0.0
2019-01-26,9,0,194,7.04,7.04,0.0,211.902503,0.0
2019-01-26,9,0,196,0.59,0.59,0.0,18.730741,0.0
2019-01-26,9,0,198,0.99,0.99,0.0,10.778615,0.0
2019-01-26,9,0,199,0.0,0.0,0.0,0.0,0.0
2019-01-26,9,0,200,1.87,1.87,0.0,30.578554,0.0
2019-01-26,9,0,204,0.0,0.0,0.0,0.0,0.0
2019-01-26,9,0,205,25.22,25.22,0.0,443.041938,0.0
2019-01-26,9,0,206,64.1,64.1,0.0,1459.813623,0.0
2019-01-26,9,0,210,0.2,0.2,0.0,1.773716,0.0
2019-01-26,9,0,214,1.29,1.29,0.0,14.533386,0.0
2019-01-26,9,0,217,0.96,0.96,0.0,9.713648,0.0
2019-01-26,9,0,218,1.33,1.33,0.0,13.45745,0.0
2019-01-26,9,0,219,0.9,0.9,0.0,9.106545,0.0
2019-01-26,9,0,221,0.69,0.69,0.0,7.773672,0.0
2019-01-26,9,0,225,0.81,0.81,0.0,7.295227,0.0
2019-01-26,9,0,233,0.49,0.49,0.0,5.955273,0.0
2019-01-26,9,0,236,43.56,43.56,0.0,630.654382,0.0
2019-01-26,9,0,237,63.7,63.7,0.0,983.954982,0.0
2019-01-26,9,0,238,4.46,4.46,0.0,62.353431,0.0
2019-01-26,9,0,240,1.52,1.52,0.0,24.067641,0.0
2019-01-26,9,0,245,59.62,59.62,0.0,800.862752,0.0
2019-01-26,9,0,247,77.55,77.55,0.0,1041.71262,0.0
2019-01-26,9,0,248,6.39,6.39,0.0,98.704432,0.0
2019-01-26,9,0,249,114.65,114.65,0.0,1540.069011,0.0
2019-01-26,9,0,251,64.94,64.94,0.0,897.135963,0.0
2019-01-26,9,0,252,67.19,67.19,0.0,921.549682,0.0
2019-01-26,9,0,254,1.71,1.71,0.0,25.49863,0.0
2019-01-26,9,0,255,0.79,0.79,0.0,11.780069,0.0
2019-01-26,9,0,258,1.97,1.97,0.0,31.0265,0.0
2019-01-26,9,0,260,0.85,0.85,0.0,11.661317,0.0
2019-01-26,9,0,265,6.27,6.27,0.0,123.009193,0.0
2019-01-26,9,0,266,10.19,10.19,0.0,199.914462,0.0
2019-01-26,9,0,267,12.52,12.52,0.0,245.626013,0.0
2019-01-26,9,0,270,0.0,0.0,0.0,0.0,0.0
2019-01-26,9,0,272,6.7,6.7,0.0,197.196655,0.0
2019-01-26,9,0,273,2.22,2.22,0.0,69.390512,0.0
2019-01-26,9,0,274,0.0,0.0,0.0,0.0,0.0
2019-01-26,9,0,275,0.0,0.0,0.0,0.0,0.0
2019-01-26,9,0,276,0.52,0.52,0.0,16.066068,0.0
2019-01-26,9,0,277,0.69,0.69,0.0,19.993991,0.0
2019-01-26,9,0,278,1.11,1.11,0.0,32.164246,0.0
2019-01-26,9,0,279,0.0,0.0,0.0,0.0,0.0
2019-01-26,9,0,281,3.98,3.98,0.0,90.396593,0.0
2019-01-26,9,0,282,16.44,16.44,0.0,373.396981,0.0
2019-01-26,10,0,9,1.23,1.23,0.0,15.07953,0.0
2019-01-26,10,0,17,6.78,6.78,0.0,100.436923,0.0
2019-01-26,10,0,19,349.46,349.46,0.0,5176.79753,0.0
2019-01-26,10,0,20,433.01,433.01,0.0,6414.482626,0.0
2019-01-26,10,0,21,28.15,28.15,0.0,345.112831,0.0
2019-01-26,10,0,22,100.06,100.06,0.0,1226.713672,0.0
2019-01-26,10,0,23,17.29,17.29,0.0,211.971611,0.0
2019-01-26,10,0,24,30.59,30.59,0.0,375.026696,0.0
2019-01-26,10,0,29,1.81,1.81,0.0,14.960795,0.0
2019-01-26,10,0,30,232.04,232.04,0.0,2842.207693,0.0
2019-01-26,10,0,31,16.88,16.88,0.0,206.759463,0.0
2019-01-26,10,0,32,2.38,2.38,0.0,77.632208,0.0
2019-01-26,10,0,33,0.39,0.39,0.0,6.058443,0.0
2019-01-26,10,0,34,0.62,0.62,0.0,9.631371,0.0
2019-01-26,10,0,35,0.62,0.62,0.0,9.631371,0.0
2019-01-26,10,0,36,4.13,4.13,0.0,55.325777,0.0
2019-01-26,10,0,37,1.59,1.59,0.0,21.198872,0.0
2019-01-26,10,0,38,2.05,2.05,0.0,27.33188,0.0
2019-01-26,10,0,39,1.36,1.36,0.0,18.132369,0.0
2019-01-26,10,0,40,1.36,1.36,0.0,18.132369,0.0
2019-01-26,10,0,41,12.04,12.04,0.0,155.271079,0.0
2019-01-26,10,0,42,10.73,10.73,0.0,157.274645,0.0
2019-01-26,10,0,43,15.34,15.34,0.0,203.061807,0.0
2019-01-26,10,0,46,11.47,11.47,0.0,151.050135,0.0
2019-01-26,10,0,52,17.9,17.9,0.0,219.253222,0.0
2019-01-26,10,0,53,28.55,28.55,0.0,349.702765,0.0
2019-01-26,10,0,55,42.95,42.95,0.0,526.557587,0.0
2019-01-26,10,0,56,68.44,68.44,0.0,838.306734,0.0
2019-01-26,10,0,57,65.1,65.1,0.0,797.395797,0.0
2019-01-26,10,0,58,125.2,125.2,0.0,1533.547678,0.0
2019-01-26,10,0,59,123.11,123.11,0.0,1507.947721,0.0
2019-01-26,10,0,63,0.0,0.0,0.0,0.0,0.0
2019-01-26,10,0,64,0.0,0.0,0.0,0.0,0.0
2019-01-26,10,0,65,13.65,13.65,0.0,201.81092,0.0
2019-01-26,10,0,67,126.89,126.89,0.0,2131.318555,0.0
2019-01-26,10,0,68,0.0,0.0,0.0,0.0,0.0
2019-01-26,10,0,69,0.39,0.39,0.0,6.058443,0.0
2019-01-26,10,0,74,48.39,48.39,0.0,677.871918,0.0
2019-01-26,10,0,77,2.57,2.57,0.0,28.826311,0.0
2019-01-26,10,0,78,1.94,1.94,0.0,21.759939,0.0
2019-01-26,10,0,79,1.12,1.12,0.0,12.562439,0.0
2019-01-26,10,0,80,1.82,1.82,0.0,20.413964,0.0
2019-01-26,10,0,81,2.38,2.38,0.0,26.695183,0.0
2019-01-26,10,0,82,1.68,1.68,0.0,18.843659,0.0
2019-01-26,10,0,83,3.74,3.74,0.0,41.949573,0.0
2019-01-26,10,0,84,0.0,0.0,0.0,0.0,0.0
2019-01-26,10,0,86,1.96,1.96,0.0,30.447559,0.0
2019-01-26,10,0,87,10.01,10.01,0.0,155.500035,0.0
2019-01-26,10,0,88,3.98,3.98,0.0,44.641525,0.0
2019-01-26,10,0,89,3.81,3.81,0.0,42.734726,0.0
2019-01-26,10,0,90,5.28,5.28,0.0,59.222927,0.0
2019-01-26,10,0,91,19.58,19.58,0.0,219.618355,0.0
2019-01-26,10,0,92,6.94,6.94,0.0,77.842257,0.0
2019-01-26,10,0,95,0.0,0.0,0.0,0.0,0.0
2019-01-26,10,0,96,2.81,2.81,0.0,34.386785,0.0
2019-01-26,10,0,97,17.3,17.3,0.0,211.705116,0.0
2019-01-26,10,0,99,9.95,9.95,0.0,139.384699,0.0
2019-01-26,10,0,101,4.67,4.67,0.0,57.201818,0.0
2019-01-26,10,0,102,0.0,0.0,0.0,0.0,0.0
2019-01-26,10,0,103,0.0,0.0,0.0,0.0,0.0
2019-01-26,10,0,104,0.0,0.0,0.0,0.0,0.0
2019-01-26,10,0,106,98.5,98.5,0.0,1207.588413,0.0
2019-01-26,10,0,109,0.0,0.0,0.0,0.0,0.0
2019-01-26,10,0,110,150.45,150.45,0.0,3947.557199,0.0
2019-01-26,10,0,111,7.02,7.02,0.0,90.531808,0.0
2019-01-26,10,0,113,0.0,0.0,0.0,0.0,0.0
2019-01-26,10,0,115,0.0,0.0,0.0,0.0,0.0
2019-01-26,10,0,116,51.33,51.33,0.0,1346.813633,0.0
2019-01-26,10,0,117,0.0,0.0,0.0,0.0,0.0
2019-01-26,10,0,119,0.0,0.0,0.0,0.0,0.0
2019-01-26,10,0,120,0.0,0.0,0.0,0.0,0.0
2019-01-26,10,0,123,1.64,1.64,0.0,20.106041,0.0
2019-01-26,10,0,125,27.68,27.68,0.0,339.350734,0.0
2019-01-26,10,0,126,73.87,73.87,0.0,905.630011,0.0
2019-01-26,10,0,127,94.81,94.81,0.0,1162.349822,0.0
2019-01-26,10,0,128,39.65,39.65,0.0,486.100311,0.0
2019-01-26,10,0,131,1.47,1.47,0.0,18.94823,0.0
2019-01-26,10,0,132,2.38,2.38,0.0,30.678086,0.0
2019-01-26,10,0,133,35.54,35.54,0.0,526.576274,0.0
2019-01-26,10,0,134,0.0,0.0,0.0,0.0,0.0
2019-01-26,10,0,135,47.62,47.62,0.0,705.558868,0.0
2019-01-26,10,0,136,18.77,18.77,0.0,277.478589,0.0
2019-01-26,10,0,139,15.55,15.55,0.0,200.536983,0.0
2019-01-26,10,0,140,111.35,111.35,0.0,2921.638379,0.0
2019-01-26,10,0,141,7.68,7.68,0.0,128.997766,0.0
2019-01-26,10,0,142,167.34,167.34,0.0,2810.740382,0.0
2019-01-26,10,0,143,16.23,16.23,0.0,198.797754,0.0
2019-01-26,10,0,145,0.0,0.0,0.0,0.0,0.0
2019-01-26,10,0,146,178.79,178.79,0.0,4691.151556,0.0
2019-01-26,10,0,152,1.39,1.39,0.0,19.411465,0.0
2019-01-26,10,0,153,2.04,2.04,0.0,28.409546,0.0
2019-01-26,10,0,154,28.94,28.94,0.0,373.218025,0.0
2019-01-26,10,0,157,40.14,40.14,0.0,674.214885,0.0
2019-01-26,10,0,158,108.52,108.52,0.0,1822.765305,0.0
2019-01-26,10,0,159,0.0,0.0,0.0,0.0,0.0
2019-01-26,10,0,160,1.18,1.18,0.0,15.430514,0.0
2019-01-26,10,0,161,25.31,25.31,0.0,347.085668,0.0
2019-01-26,10,0,162,0.0,0.0,0.0,0.0,0.0
2019-01-26,10,0,163,0.0,0.0,0.0,0.0,0.0
2019-01-26,10,0,164,8.48,8.48,0.0,103.869683,0.0
2019-01-26,10,0,167,2.75,2.75,0.0,89.482224,0.0
2019-01-26,10,0,168,1.37,1.37,0.0,44.578417,0.0
2019-01-26,10,0,169,0.0,0.0,0.0,0.0,0.0
2019-01-26,10,0,170,3.0,3.0,0.0,97.616971,0.0
2019-01-26,10,0,172,3.59,3.59,0.0,114.14035,0.0
2019-01-26,10,0,173,5.46,5.46,0.0,173.595073,0.0
2019-01-26,10,0,188,4.9,4.9,0.0,157.126307,0.0
2019-01-26,10,0,190,4.08,4.08,0.0,132.304433,0.0
2019-01-26,10,0,191,10.53,10.53,0.0,341.462176,0.0
2019-01-26,10,0,192,0.0,0.0,0.0,0.0,0.0
2019-01-26,10,0,194,1.31,1.31,0.0,9.515404,0.0
2019-01-26,10,0,196,2.87,2.87,0.0,86.158429,0.0
2019-01-26,10,0,198,4.07,4.07,0.0,50.422828,0.0
2019-01-26,10,0,199,0.0,0.0,0.0,0.0,0.0
2019-01-26,10,0,200,5.41,5.41,0.0,51.31852,0.0
2019-01-26,10,0,204,0.0,0.0,0.0,0.0,0.0
2019-01-26,10,0,205,0.0,0.0,0.0,0.0,0.0
2019-01-26,10,0,206,50.85,50.85,0.0,622.266193,0.0
2019-01-26,10,0,210,0.46,0.46,0.0,3.958947,0.0
2019-01-26,10,0,214,3.18,3.18,0.0,50.760559,0.0
2019-01-26,10,0,217,2.31,2.31,0.0,29.454138,0.0
2019-01-26,10,0,218,3.18,3.18,0.0,40.547255,0.0
2019-01-26,10,0,219,2.17,2.17,0.0,27.669039,0.0
2019-01-26,10,0,221,1.7,1.7,0.0,27.136148,0.0
2019-01-26,10,0,225,1.72,1.72,0.0,14.160284,0.0
2019-01-26,10,0,233,1.11,1.11,0.0,17.243261,0.0
2019-01-26,10,0,236,58.64,58.64,0.0,845.021775,0.0
2019-01-26,10,0,237,113.08,113.08,0.0,1584.082588,0.0
2019-01-26,10,0,238,13.96,13.96,0.0,204.618271,0.0
2019-01-26,10,0,240,4.68,4.68,0.0,62.693617,0.0
2019-01-26,10,0,245,78.0,78.0,0.0,1163.793596,0.0
2019-01-26,10,0,247,108.88,108.88,0.0,1624.536497,0.0
2019-01-26,10,0,248,12.34,12.34,0.0,172.865044,0.0
2019-01-26,10,0,249,150.0,150.0,0.0,2238.064608,0.0
2019-01-26,10,0,251,84.95,84.95,0.0,1251.910886,0.0
2019-01-26,10,0,252,88.04,88.04,0.0,1301.64347,0.0
2019-01-26,10,0,254,6.49,6.49,0.0,85.649054,0.0
2019-01-26,10,0,255,2.97,2.97,0.0,39.19533,0.0
2019-01-26,10,0,258,6.49,6.49,0.0,86.774195,0.0
2019-01-26,10,0,260,2.86,2.86,0.0,37.39938,0.0
2019-01-26,10,0,265,29.96,29.96,0.0,386.372219,0.0
2019-01-26,10,0,266,10.07,10.07,0.0,129.865429,0.0
2019-01-26,10,0,267,12.37,12.37,0.0,159.526848,0.0
2019-01-26,10,0,270,0.0,0.0,0.0,0.0,0.0
2019-01-26,10,0,272,0.0,0.0,0.0,0.0,0.0
2019-01-26,10,0,273,12.27,12.27,0.0,321.944346,0.0
2019-01-26,10,0,274,0.0,0.0,0.0,0.0,0.0
2019-01-26,10,0,275,0.0,0.0,0.0,0.0,0.0
2019-01-26,10,0,276,2.81,2.81,0.0,67.805833,0.0
2019-01-26,10,0,277,3.42,3.42,0.0,36.603155,0.0
2019-01-26,10,0,278,5.47,5.47,0.0,58.543643,0.0
2019-01-26,10,0,279,0.0,0.0,0.0,0.0,0.0
2019-01-26,10,0,281,7.52,7.52,0.0,92.110851,0.0
2019-01-26,10,0,282,127.29,127.29,0.0,1559.147635,0.0
2019-01-26,11,0,9,2.06,2.06,0.0,58.386605,0.0
2019-01-26,11,0,17,10.35,10.35,0.0,256.6796,0.0
2019-01-26,11,0,19,149.55,149.55,0.0,3708.834216,0.0
2019-01-26,11,0,20,181.37,181.37,0.0,4497.968985,0.0
2019-01-26,11,0,21,47.16,47.16,0.0,1336.656459,0.0
2019-01-26,11,0,22,167.61,167.61,0.0,4750.572289,0.0
2019-01-26,11,0,23,1.4,1.4,0.0,39.680217,0.0
2019-01-26,11,0,24,2.48,2.48,0.0,70.29067,0.0
2019-01-26,11,0,29,2.67,2.67,0.0,22.683267,0.0
2019-01-26,11,0,30,392.88,392.88,0.0,4462.251424,0.0
2019-01-26,11,0,31,4.98,4.98,0.0,56.561831,0.0
2019-01-26,11,0,32,3.66,3.66,0.0,110.219871,0.0
2019-01-26,11,0,33,0.58,0.58,0.0,14.999707,0.0
2019-01-26,11,0,34,0.94,0.94,0.0,24.30987,0.0
2019-01-26,11,0,35,0.94,0.94,0.0,24.30987,0.0
2019-01-26,11,0,36,6.33,6.33,0.0,141.996043,0.0
2019-01-26,11,0,37,2.44,2.44,0.0,54.395314,0.0
2019-01-26,11,0,38,3.14,3.14,0.0,70.000527,0.0
2019-01-26,11,0,39,2.09,2.09,0.0,46.592707,0.0
2019-01-26,11,0,40,2.09,2.09,0.0,46.592707,0.0
2019-01-26,11,0,41,11.74,11.74,0.0,267.088555,0.0
2019-01-26,11,0,42,16.59,16.59,0.0,407.613696,0.0
2019-01-26,11,0,43,23.42,23.42,0.0,512.881382,0.0
2019-01-26,11,0,46,17.72,17.72,0.0,392.254417,0.0
2019-01-26,11,0,52,5.29,5.29,0.0,60.082748,0.0
2019-01-26,11,0,53,8.62,8.62,0.0,97.904213,0.0
2019-01-26,11,0,55,20.76,20.76,0.0,588.400935,0.0
2019-01-26,11,0,56,115.89,115.89,0.0,1316.255135,0.0
2019-01-26,11,0,57,110.23,110.23,0.0,1251.970002,0.0
2019-01-26,11,0,58,211.99,211.99,0.0,2407.739461,0.0
2019-01-26,11,0,59,208.45,208.45,0.0,2367.532858,0.0
2019-01-26,11,0,63,0.0,0.0,0.0,0.0,0.0
2019-01-26,11,0,64,0.0,0.0,0.0,0.0,0.0
2019-01-26,11,0,65,8.85,8.85,0.0,219.101345,0.0
2019-01-26,11,0,67,216.24,216.24,0.0,5063.106294,0.0
2019-01-26,11,0,68,0.0,0.0,0.0,0.0,0.0
2019-01-26,11,0,69,0.58,0.58,0.0,14.999707,0.0
2019-01-26,11,0,74,51.04,51.04,0.0,1207.551338,0.0
2019-01-26,11,0,77,0.0,0.0,0.0,0.0,0.0
2019-01-26,11,0,78,0.0,0.0,0.0,0.0,0.0
2019-01-26,11,0,79,0.0,0.0,0.0,0.0,0.0
2019-01-26,11,0,80,0.0,0.0,0.0,0.0,0.0
2019-01-26,11,0,81,0.0,0.0,0.0,0.0,0.0
2019-01-26,11,0,82,0.0,0.0,0.0,0.0,0.0
2019-01-26,11,0,83,0.0,0.0,0.0,0.0,0.0
2019-01-26,11,0,84,0.0,0.0,0.0,0.0,0.0
2019-01-26,11,0,86,2.96,2.96,0.0,76.55023,0.0
2019-01-26,11,0,87,15.12,15.12,0.0,391.026849,0.0
2019-01-26,11,0,88,0.0,0.0,0.0,0.0,0.0
2019-01-26,11,0,89,0.0,0.0,0.0,0.0,0.0
2019-01-26,11,0,90,0.0,0.0,0.0,0.0,0.0
2019-01-26,11,0,91,0.0,0.0,0.0,0.0,0.0
2019-01-26,11,0,92,0.0,0.0,0.0,0.0,0.0
2019-01-26,11,0,95,0.0,0.0,0.0,0.0,0.0
2019-01-26,11,0,96,0.0,0.0,0.0,0.0,0.0
2019-01-26,11,0,97,0.0,0.0,0.0,0.0,0.0
2019-01-26,11,0,99,10.95,10.95,0.0,259.065187,0.0
2019-01-26,11,0,101,7.91,7.91,0.0,89.840177,0.0
2019-01-26,11,0,102,0.0,0.0,0.0,0.0,0.0
2019-01-26,11,0,103,0.0,0.0,0.0,0.0,0.0
2019-01-26,11,0,104,0.0,0.0,0.0,0.0,0.0
2019-01-26,11,0,106,165.0,165.0,0.0,4676.597027,0.0
2019-01-26,11,0,109,4.4,4.4,0.0,99.002272,0.0
2019-01-26,11,0,110,162.18,162.18,0.0,4415.373494,0.0
2019-01-26,11,0,111,11.16,11.16,0.0,253.893379,0.0
2019-01-26,11,0,113,0.0,0.0,0.0,0.0,0.0
2019-01-26,11,0,115,0.0,0.0,0.0,0.0,0.0
2019-01-26,11,0,116,83.95,83.95,0.0,2285.550652,0.0
2019-01-26,11,0,117,0.0,0.0,0.0,0.0,0.0
2019-01-26,11,0,119,0.0,0.0,0.0,0.0,0.0
2019-01-26,11,0,120,0.0,0.0,0.0,0.0,0.0
2019-01-26,11,0,123,2.75,2.75,0.0,77.943284,0.0
2019-01-26,11,0,125,2.25,2.25,0.0,63.771778,0.0
2019-01-26,11,0,126,123.75,123.75,0.0,3507.447771,0.0
2019-01-26,11,0,127,158.81,158.81,0.0,4501.153781,0.0
2019-01-26,11,0,128,3.22,3.22,0.0,91.2645,0.0
2019-01-26,11,0,131,0.0,0.0,0.0,0.0,0.0
2019-01-26,11,0,132,0.0,0.0,0.0,0.0,0.0
2019-01-26,11,0,133,25.71,25.71,0.0,637.710551,0.0
2019-01-26,11,0,134,0.0,0.0,0.0,0.0,0.0
2019-01-26,11,0,135,34.44,34.44,0.0,854.249373,0.0
2019-01-26,11,0,136,10.58,10.58,0.0,261.906497,0.0
2019-01-26,11,0,139,15.16,15.16,0.0,344.894591,0.0
2019-01-26,11,0,140,120.03,120.03,0.0,3267.833768,0.0
2019-01-26,11,0,141,7.95,7.95,0.0,186.143614,0.0
2019-01-26,11,0,142,285.17,285.17,0.0,6677.053376,0.0
2019-01-26,11,0,143,0.0,0.0,0.0,0.0,0.0
2019-01-26,11,0,145,0.0,0.0,0.0,0.0,0.0
2019-01-26,11,0,146,201.68,201.68,0.0,5490.766594,0.0
2019-01-26,11,0,152,2.15,2.15,0.0,50.573274,0.0
2019-01-26,11,0,153,3.15,3.15,0.0,73.909875,0.0
2019-01-26,11,0,154,46.02,46.02,0.0,1046.968935,0.0
2019-01-26,11,0,157,51.6,51.6,0.0,1208.177418,0.0
2019-01-26,11,0,158,199.0,199.0,0.0,4659.443917,0.0
2019-01-26,11,0,159,0.0,0.0,0.0,0.0,0.0
2019-01-26,11,0,160,1.79,1.79,0.0,37.583014,0.0
2019-01-26,11,0,161,42.09,42.09,0.0,933.129309,0.0
2019-01-26,11,0,162,0.0,0.0,0.0,0.0,0.0
2019-01-26,11,0,163,4.07,4.07,0.0,110.806327,0.0
2019-01-26,11,0,164,14.73,14.73,0.0,167.300355,0.0
2019-01-26,11,0,167,4.19,4.19,0.0,126.145042,0.0
2019-01-26,11,0,168,2.09,2.09,0.0,62.92199,0.0
2019-01-26,11,0,169,0.0,0.0,0.0,0.0,0.0
2019-01-26,11,0,170,4.58,4.58,0.0,137.886466,0.0
2019-01-26,11,0,172,5.46,5.46,0.0,165.727808,0.0
2019-01-26,11,0,173,8.32,8.32,0.0,252.537612,0.0
2019-01-26,11,0,188,7.52,7.52,0.0,225.63048,0.0
2019-01-26,11,0,190,6.57,6.57,0.0,195.840784,0.0
2019-01-26,11,0,191,16.98,16.98,0.0,506.145589,0.0
2019-01-26,11,0,192,8.0,8.0,0.0,238.466708,0.0
2019-01-26,11,0,194,0.0,0.0,0.0,0.0,0.0
2019-01-26,11,0,196,4.62,4.62,0.0,132.822015,0.0
2019-01-26,11,0,198,6.14,6.14,0.0,113.625071,0.0
2019-01-26,11,0,199,0.0,0.0,0.0,0.0,0.0
2019-01-26,11,0,200,8.26,8.26,0.0,113.257612,0.0
2019-01-26,11,0,204,10.2,10.2,0.0,228.640574,0.0
2019-01-26,11,0,205,28.78,28.78,0.0,647.564862,0.0
2019-01-26,11,0,206,0.0,0.0,0.0,0.0,0.0
2019-01-26,11,0,210,0.67,0.67,0.0,6.136583,0.0
2019-01-26,11,0,214,4.72,4.72,0.0,125.049505,0.0
2019-01-26,11,0,217,3.43,3.43,0.0,64.892517,0.0
2019-01-26,11,0,218,4.73,4.73,0.0,89.487348,0.0
2019-01-26,11,0,219,3.22,3.22,0.0,60.919505,0.0
2019-01-26,11,0,221,2.52,2.52,0.0,66.763719,0.0
2019-01-26,11,0,225,2.55,2.55,0.0,21.500406,0.0
2019-01-26,11,0,233,1.68,1.68,0.0,43.447428,0.0
2019-01-26,11,0,236,47.96,47.96,0.0,1160.579898,0.0
2019-01-26,11,0,237,113.79,113.79,0.0,2692.148644,0.0
2019-01-26,11,0,238,21.6,21.6,0.0,530.70861,0.0
2019-01-26,11,0,240,7.18,7.18,0.0,161.063443,0.0
2019-01-26,11,0,245,60.51,60.51,0.0,1510.157474,0.0
2019-01-26,11,0,247,101.04,101.04,0.0,2521.670983,0.0
2019-01-26,11,0,248,13.55,13.55,0.0,320.578382,0.0
2019-01-26,11,0,249,116.37,116.37,0.0,2904.264175,0.0
2019-01-26,11,0,251,53.22,53.22,0.0,1313.84375,0.0
2019-01-26,11,0,252,57.08,57.08,0.0,1413.141781,0.0
2019-01-26,11,0,254,9.81,9.81,0.0,212.60867,0.0
2019-01-26,11,0,255,4.5,4.5,0.0,97.526913,0.0
2019-01-26,11,0,258,9.96,9.96,0.0,222.567749,0.0
2019-01-26,11,0,260,4.34,4.34,0.0,91.123062,0.0
2019-01-26,11,0,265,47.65,47.65,0.0,1084.051929,0.0
2019-01-26,11,0,266,9.82,9.82,0.0,223.407974,0.0
2019-01-26,11,0,267,12.07,12.07,0.0,274.596155,0.0
2019-01-26,11,0,270,13.75,13.75,0.0,374.345699,0.0
2019-01-26,11,0,272,0.0,0.0,0.0,0.0,0.0
2019-01-26,11,0,273,20.08,20.08,0.0,546.680847,0.0
2019-01-26,11,0,274,17.96,17.96,0.0,488.963546,0.0
2019-01-26,11,0,275,25.34,25.34,0.0,689.885093,0.0
2019-01-26,11,0,276,4.58,4.58,0.0,120.794107,0.0
2019-01-26,11,0,277,5.53,5.53,0.0,115.909724,0.0
2019-01-26,11,0,278,8.85,8.85,0.0,185.497479,0.0
2019-01-26,11,0,279,0.0,0.0,0.0,0.0,0.0
2019-01-26,11,0,281,2.17,2.17,0.0,24.64642,0.0
2019-01-26,11,0,282,215.52,215.52,0.0,2447.832485,0.0
2019-01-26,12,0,9,2.92,2.92,0.0,32.071892,0.0
2019-01-26,12,0,17,13.68,13.68,0.0,202.790961,0.0
2019-01-26,12,0,19,103.35,103.35,0.0,1532.050135,0.0
2019-01-26,12,0,20,125.34,125.34,0.0,1858.027711,0.0
2019-01-26,12,0,21,66.87,66.87,0.0,734.468288,0.0
2019-01-26,12,0,22,237.64,237.64,0.0,2610.124778,0.0
2019-01-26,12,0,23,1.63,1.63,0.0,17.903145,0.0
2019-01-26,12,0,24,2.73,2.73,0.0,29.985022,0.0
2019-01-26,12,0,29,3.45,3.45,0.0,27.608176,0.0
2019-01-26,12,0,30,562.81,562.81,0.0,6171.145157,0.0
2019-01-26,12,0,31,0.0,0.0,0.0,0.0,0.0
2019-01-26,12,0,32,4.92,4.92,0.0,87.842148,0.0
2019-01-26,12,0,33,0.77,0.77,0.0,12.164349,0.0
2019-01-26,12,0,34,1.23,1.23,0.0,19.431362,0.0
2019-01-26,12,0,35,1.23,1.23,0.0,19.431362,0.0
2019-01-26,12,0,36,8.63,8.63,0.0,112.105681,0.0
2019-01-26,12,0,37,3.38,3.38,0.0,43.6619,0.0
2019-01-26,12,0,38,4.35,4.35,0.0,56.19209,0.0
2019-01-26,12,0,39,2.9,2.9,0.0,37.461394,0.0
2019-01-26,12,0,40,2.9,2.9,0.0,37.461394,0.0
2019-01-26,12,0,41,14.63,14.63,0.0,175.918561,0.0
2019-01-26,12,0,42,23.53,23.53,0.0,343.838748,0.0
2019-01-26,12,0,43,31.34,31.34,0.0,403.225609,0.0
2019-01-26,12,0,46,23.69,23.69,0.0,300.11956,0.0
2019-01-26,12,0,52,0.0,0.0,0.0,0.0,0.0
2019-01-26,12,0,53,0.0,0.0,0.0,0.0,0.0
2019-01-26,12,0,55,12.32,12.32,0.0,135.317023,0.0
2019-01-26,12,0,56,166.01,166.01,0.0,1820.280037,0.0
2019-01-26,12,0,57,157.91,157.91,0.0,1731.464494,0.0
2019-01-26,12,0,58,303.67,303.67,0.0,3329.705673,0.0
2019-01-26,12,0,59,298.61,298.61,0.0,3274.223371,0.0
2019-01-26,12,0,63,0.0,0.0,0.0,0.0,0.0
2019-01-26,12,0,64,0.0,0.0,0.0,0.0,0.0
2019-01-26,12,0,65,6.07,6.07,0.0,89.743024,0.0
2019-01-26,12,0,67,305.26,305.26,0.0,1993.774906,0.0
2019-01-26,12,0,68,0.0,0.0,0.0,0.0,0.0
2019-01-26,12,0,69,0.77,0.77,0.0,12.164349,0.0
2019-01-26,12,0,74,61.82,61.82,0.0,848.403592,0.0
2019-01-26,12,0,77,0.0,0.0,0.0,0.0,0.0
2019-01-26,12,0,78,0.0,0.0,0.0,0.0,0.0
2019-01-26,12,0,79,0.0,0.0,0.0,0.0,0.0
2019-01-26,12,0,80,0.0,0.0,0.0,0.0,0.0
2019-01-26,12,0,81,0.0,0.0,0.0,0.0,0.0
2019-01-26,12,0,82,0.0,0.0,0.0,0.0,0.0
2019-01-26,12,0,83,0.0,0.0,0.0,0.0,0.0
2019-01-26,12,0,84,0.0,0.0,0.0,0.0,0.0
2019-01-26,12,0,86,3.9,3.9,0.0,61.611635,0.0
2019-01-26,12,0,87,19.9,19.9,0.0,314.377319,0.0
2019-01-26,12,0,88,0.0,0.0,0.0,0.0,0.0
2019-01-26,12,0,89,0.0,0.0,0.0,0.0,0.0
2019-01-26,12,0,90,0.0,0.0,0.0,0.0,0.0
2019-01-26,12,0,91,0.0,0.0,0.0,0.0,0.0
2019-01-26,12,0,92,0.0,0.0,0.0,0.0,0.0
2019-01-26,12,0,95,2.8,2.8,0.0,50.042846,0.0
2019-01-26,12,0,96,0.0,0.0,0.0,0.0,0.0
2019-01-26,12,0,97,0.0,0.0,0.0,0.0,0.0
2019-01-26,12,0,99,11.93,11.93,0.0,163.724601,0.0
2019-01-26,12,0,101,11.34,11.34,0.0,124.34176,0.0
2019-01-26,12,0,102,0.0,0.0,0.0,0.0,0.0
2019-01-26,12,0,103,0.0,0.0,0.0,0.0,0.0
2019-01-26,12,0,104,0.0,0.0,0.0,0.0,0.0
2019-01-26,12,0,106,233.93,233.93,0.0,2569.375901,0.0
2019-01-26,12,0,109,10.98,10.98,0.0,137.697409,0.0
2019-01-26,12,0,110,174.93,174.93,0.0,395.368511,0.0
2019-01-26,12,0,111,15.18,15.18,0.0,182.53204,0.0
2019-01-26,12,0,113,0.0,0.0,0.0,0.0,0.0
2019-01-26,12,0,115,0.0,0.0,0.0,0.0,0.0
2019-01-26,12,0,116,116.31,116.31,0.0,262.87836,0.0
2019-01-26,12,0,117,0.0,0.0,0.0,0.0,0.0
2019-01-26,12,0,119,0.0,0.0,0.0,0.0,0.0
2019-01-26,12,0,120,0.0,0.0,0.0,0.0,0.0
2019-01-26,12,0,123,3.9,3.9,0.0,42.835746,0.0
2019-01-26,12,0,125,2.5,2.5,0.0,27.458811,0.0
2019-01-26,12,0,126,175.45,175.45,0.0,1927.059385,0.0
2019-01-26,12,0,127,225.16,225.16,0.0,2473.050391,0.0
2019-01-26,12,0,128,3.42,3.42,0.0,37.563654,0.0
2019-01-26,12,0,131,0.0,0.0,0.0,0.0,0.0
2019-01-26,12,0,132,0.0,0.0,0.0,0.0,0.0
2019-01-26,12,0,133,17.96,17.96,0.0,266.303617,0.0
2019-01-26,12,0,134,0.0,0.0,0.0,0.0,0.0
2019-01-26,12,0,135,24.06,24.06,0.0,356.75195,0.0
2019-01-26,12,0,136,5.99,5.99,0.0,88.547353,0.0
2019-01-26,12,0,139,18.89,18.89,0.0,227.142967,0.0
2019-01-26,12,0,140,129.47,129.47,0.0,292.621969,0.0
2019-01-26,12,0,141,23.27,23.27,0.0,151.985658,0.0
2019-01-26,12,0,142,402.57,402.57,0.0,2629.345358,0.0
2019-01-26,12,0,143,0.0,0.0,0.0,0.0,0.0
2019-01-26,12,0,145,0.0,0.0,0.0,0.0,0.0
2019-01-26,12,0,146,226.39,226.39,0.0,511.675969,0.0
2019-01-26,12,0,152,3.01,3.01,0.0,41.190627,0.0
2019-01-26,12,0,153,4.43,4.43,0.0,60.392428,0.0
2019-01-26,12,0,154,62.63,62.63,0.0,753.094973,0.0
2019-01-26,12,0,157,67.47,67.47,0.0,440.673501,0.0
2019-01-26,12,0,158,279.8,279.8,0.0,1827.485484,0.0
2019-01-26,12,0,159,0.0,0.0,0.0,0.0,0.0
2019-01-26,12,0,160,2.41,2.41,0.0,30.97547,0.0
2019-01-26,12,0,161,59.13,59.13,0.0,468.674714,0.0
2019-01-26,12,0,162,0.0,0.0,0.0,0.0,0.0
2019-01-26,12,0,163,11.0,11.0,0.0,24.86168,0.0
2019-01-26,12,0,164,21.18,21.18,0.0,232.236198,0.0
2019-01-26,12,0,167,5.59,5.59,0.0,99.745512,0.0
2019-01-26,12,0,168,2.79,2.79,0.0,49.783538,0.0
2019-01-26,12,0,169,0.0,0.0,0.0,0.0,0.0
2019-01-26,12,0,170,6.11,6.11,0.0,109.024165,0.0
2019-01-26,12,0,172,7.22,7.22,0.0,124.47828,0.0
2019-01-26,12,0,173,11.0,11.0,0.0,189.648349,0.0
2019-01-26,12,0,188,10.26,10.26,0.0,179.725683,0.0
2019-01-26,12,0,190,9.02,9.02,0.0,170.889957,0.0
2019-01-26,12,0,191,23.3,23.3,0.0,441.434147,0.0
2019-01-26,12,0,192,13.91,13.91,0.0,263.534291,0.0
2019-01-26,12,0,194,0.0,0.0,0.0,0.0,0.0
2019-01-26,12,0,196,6.3,6.3,0.0,129.721925,0.0
2019-01-26,12,0,198,8.11,8.11,0.0,100.359541,0.0
2019-01-26,12,0,199,0.0,0.0,0.0,0.0,0.0
2019-01-26,12,0,200,11.23,11.23,0.0,119.779522,0.0
2019-01-26,12,0,204,35.61,35.61,0.0,442.832399,0.0
2019-01-26,12,0,205,58.06,58.06,0.0,728.115808,0.0
2019-01-26,12,0,206,0.0,0.0,0.0,0.0,0.0
2019-01-26,12,0,210,0.86,0.86,0.0,7.235855,0.0
2019-01-26,12,0,214,6.23,6.23,0.0,102.020786,0.0
2019-01-26,12,0,217,4.46,4.46,0.0,57.539491,0.0
2019-01-26,12,0,218,6.15,6.15,0.0,79.342572,0.0
2019-01-26,12,0,219,4.19,4.19,0.0,54.056159,0.0
2019-01-26,12,0,221,3.32,3.32,0.0,54.367417,0.0
2019-01-26,12,0,225,3.24,3.24,0.0,25.798948,0.0
2019-01-26,12,0,233,2.21,2.21,0.0,34.91326,0.0
2019-01-26,12,0,236,39.65,39.65,0.0,566.22935,0.0
2019-01-26,12,0,237,148.3,148.3,0.0,2035.235405,0.0
2019-01-26,12,0,238,30.63,30.63,0.0,447.589497,0.0
2019-01-26,12,0,240,9.78,9.78,0.0,127.044445,0.0
2019-01-26,12,0,245,47.04,47.04,0.0,704.1002,0.0
2019-01-26,12,0,247,94.22,94.22,0.0,1410.295936,0.0
2019-01-26,12,0,248,14.89,14.89,0.0,204.346967,0.0
2019-01-26,12,0,249,90.46,90.46,0.0,1354.015818,0.0
2019-01-26,12,0,251,33.45,33.45,0.0,492.393816,0.0
2019-01-26,12,0,252,39.14,39.14,0.0,578.672483,0.0
2019-01-26,12,0,254,13.42,13.42,0.0,172.619236,0.0
2019-01-26,12,0,255,6.15,6.15,0.0,79.106431,0.0
2019-01-26,12,0,258,13.48,13.48,0.0,174.838189,0.0
2019-01-26,12,0,260,5.84,5.84,0.0,75.060889,0.0
2019-01-26,12,0,265,64.84,64.84,0.0,779.669137,0.0
2019-01-26,12,0,266,12.23,12.23,0.0,147.05974,0.0
2019-01-26,12,0,267,15.03,15.03,0.0,180.728364,0.0
2019-01-26,12,0,270,34.35,34.35,0.0,77.636245,0.0
2019-01-26,12,0,272,0.0,0.0,0.0,0.0,0.0
2019-01-26,12,0,273,27.81,27.81,0.0,62.854846,0.0
2019-01-26,12,0,274,44.28,44.28,0.0,100.079561,0.0
2019-01-26,12,0,275,61.64,61.64,0.0,139.315812,0.0
2019-01-26,12,0,276,6.32,6.32,0.0,20.311417,0.0
2019-01-26,12,0,277,7.62,7.62,0.0,69.663199,0.0
2019-01-26,12,0,278,12.2,12.2,0.0,111.534255,0.0
2019-01-26,12,0,279,0.0,0.0,0.0,0.0,0.0
2019-01-26,12,0,281,0.0,0.0,0.0,0.0,0.0
2019-01-26,12,0,282,308.73,308.73,0.0,3385.187975,0.0
2019-01-26,13,0,9,3.52,3.52,0.0,17.851194,0.0
2019-01-26,13,0,17,15.56,15.56,0.0,169.67604,0.0
2019-01-26,13,0,19,71.43,71.43,0.0,778.917708,0.0
2019-01-26,13,0,20,86.63,86.63,0.0,944.668081,0.0
2019-01-26,13,0,21,80.53,80.53,0.0,408.396785,0.0
2019-01-26,13,0,22,286.19,286.19,0.0,1451.373104,0.0
2019-01-26,13,0,23,20.61,20.61,0.0,104.520772,0.0
2019-01-26,13,0,24,35.99,35.99,0.0,182.51832,0.0
2019-01-26,13,0,29,5.02,5.02,0.0,39.269616,0.0
2019-01-26,13,0,30,692.6,692.6,0.0,3489.303456,0.0
2019-01-26,13,0,31,0.0,0.0,0.0,0.0,0.0
2019-01-26,13,0,32,5.84,5.84,0.0,115.972477,0.0
2019-01-26,13,0,33,0.85,0.85,0.0,10.301661,0.0
2019-01-26,13,0,34,1.35,1.35,0.0,16.361461,0.0
2019-01-26,13,0,35,1.35,1.35,0.0,16.361461,0.0
2019-01-26,13,0,36,8.82,8.82,0.0,77.939321,0.0
2019-01-26,13,0,37,3.1,3.1,0.0,27.22306,0.0
2019-01-26,13,0,38,3.99,3.99,0.0,35.038712,0.0
2019-01-26,13,0,39,2.66,2.66,0.0,23.359142,0.0
2019-01-26,13,0,40,2.66,2.66,0.0,23.359142,0.0
2019-01-26,13,0,41,21.58,21.58,0.0,147.918367,0.0
2019-01-26,13,0,42,29.19,29.19,0.0,310.618575,0.0
2019-01-26,13,0,43,33.44,33.44,0.0,298.412351,0.0
2019-01-26,13,0,46,28.69,28.69,0.0,240.862858,0.0
2019-01-26,13,0,52,0.0,0.0,0.0,0.0,0.0
2019-01-26,13,0,53,0.0,0.0,0.0,0.0,0.0
2019-01-26,13,0,55,62.1,62.1,0.0,314.931583,0.0
2019-01-26,13,0,56,204.29,204.29,0.0,1029.208494,0.0
2019-01-26,13,0,57,194.33,194.33,0.0,979.030235,0.0
2019-01-26,13,0,58,373.71,373.71,0.0,1882.742701,0.0
2019-01-26,13,0,59,367.48,367.48,0.0,1851.356099,0.0
2019-01-26,13,0,63,2.89,2.89,0.0,69.969138,0.0
2019-01-26,13,0,64,3.4,3.4,0.0,82.316633,0.0
2019-01-26,13,0,65,4.8,4.8,0.0,52.107393,0.0
2019-01-26,13,0,67,371.83,371.83,0.0,-4941.75816,0.0
2019-01-26,13,0,68,3.04,3.04,0.0,-15.606675,0.0
2019-01-26,13,0,69,0.85,0.85,0.0,10.301661,0.0
2019-01-26,13,0,74,52.56,52.56,0.0,499.314525,0.0
2019-01-26,13,0,77,7.17,7.17,0.0,13.420286,0.0
2019-01-26,13,0,78,5.42,5.42,0.0,10.144763,0.0
2019-01-26,13,0,79,3.14,3.14,0.0,5.877224,0.0
2019-01-26,13,0,80,5.07,5.07,0.0,9.489658,0.0
2019-01-26,13,0,81,6.63,6.63,0.0,12.409553,0.0
2019-01-26,13,0,82,4.68,4.68,0.0,8.759685,0.0
2019-01-26,13,0,83,10.43,10.43,0.0,19.522118,0.0
2019-01-26,13,0,84,0.0,0.0,0.0,0.0,0.0
2019-01-26,13,0,86,4.29,4.29,0.0,51.993087,0.0
2019-01-26,13,0,87,21.89,21.89,0.0,265.298062,0.0
2019-01-26,13,0,88,6.01,6.01,0.0,11.249082,0.0
2019-01-26,13,0,89,5.78,5.78,0.0,10.818585,0.0
2019-01-26,13,0,90,7.76,7.76,0.0,14.524605,0.0
2019-01-26,13,0,91,27.67,27.67,0.0,51.790699,0.0
2019-01-26,13,0,92,9.95,9.95,0.0,18.623688,0.0
2019-01-26,13,0,95,12.08,12.08,0.0,241.912557,0.0
2019-01-26,13,0,96,5.96,5.96,0.0,29.818405,0.0
2019-01-26,13,0,97,36.62,36.62,0.0,183.213085,0.0
2019-01-26,13,0,99,10.14,10.14,0.0,96.328944,0.0
2019-01-26,13,0,101,13.95,13.95,0.0,70.279791,0.0
2019-01-26,13,0,102,7.19,7.19,0.0,-36.911839,0.0
2019-01-26,13,0,103,6.25,6.25,0.0,-32.086091,0.0
2019-01-26,13,0,104,1.16,1.16,0.0,-5.955179,0.0
2019-01-26,13,0,106,281.73,281.73,0.0,1428.754829,0.0
2019-01-26,13,0,109,26.68,26.68,0.0,211.403797,0.0
2019-01-26,13,0,110,187.71,187.71,0.0,-7183.372164,0.0
2019-01-26,13,0,111,17.18,17.18,0.0,117.758922,0.0
2019-01-26,13,0,113,3.04,3.04,0.0,8.594462,0.0
2019-01-26,13,0,115,3.04,3.04,0.0,8.594462,0.0
2019-01-26,13,0,116,135.87,135.87,0.0,-5199.535325,0.0
2019-01-26,13,0,117,0.2,0.2,0.0,0.565425,0.0
2019-01-26,13,0,119,3.4,3.4,0.0,82.316633,0.0
2019-01-26,13,0,120,2.0,2.0,0.0,48.421549,0.0
2019-01-26,13,0,123,4.7,4.7,0.0,23.835402,0.0
2019-01-26,13,0,125,32.67,32.67,0.0,165.681398,0.0
2019-01-26,13,0,126,211.29,211.29,0.0,1071.528086,0.0
2019-01-26,13,0,127,271.16,271.16,0.0,1375.150532,0.0
2019-01-26,13,0,128,46.13,46.13,0.0,233.941931,0.0
2019-01-26,13,0,131,3.31,3.31,0.0,-9.782372,0.0
2019-01-26,13,0,132,4.86,4.86,0.0,-14.363241,0.0
2019-01-26,13,0,133,12.1,12.1,0.0,132.001793,0.0
2019-01-26,13,0,134,0.0,0.0,0.0,0.0,0.0
2019-01-26,13,0,135,16.21,16.21,0.0,176.838766,0.0
2019-01-26,13,0,136,3.91,3.91,0.0,42.435313,0.0
2019-01-26,13,0,139,27.87,27.87,0.0,191.032664,0.0
2019-01-26,13,0,140,138.92,138.92,0.0,-5316.254121,0.0
2019-01-26,13,0,141,66.69,66.69,0.0,-886.334754,0.0
2019-01-26,13,0,142,490.36,490.36,0.0,-6517.065679,0.0
2019-01-26,13,0,143,0.0,0.0,0.0,0.0,0.0
2019-01-26,13,0,145,13.37,13.37,0.0,81.689791,0.0
2019-01-26,13,0,146,255.02,255.02,0.0,-9759.222041,0.0
2019-01-26,13,0,152,3.55,3.55,0.0,33.736583,0.0
2019-01-26,13,0,153,4.62,4.62,0.0,43.611434,0.0
2019-01-26,13,0,154,70.86,70.86,0.0,485.704146,0.0
2019-01-26,13,0,157,88.03,88.03,0.0,-1169.951243,0.0
2019-01-26,13,0,158,349.74,349.74,0.0,-4648.173894,0.0
2019-01-26,13,0,159,0.0,0.0,0.0,0.0,0.0
2019-01-26,13,0,160,2.84,2.84,0.0,26.847185,0.0
2019-01-26,13,0,161,71.06,71.06,0.0,-364.806024,0.0
2019-01-26,13,0,162,10.85,10.85,0.0,217.790308,0.0
2019-01-26,13,0,163,12.05,12.05,0.0,-461.134913,0.0
2019-01-26,13,0,164,25.89,25.89,0.0,130.433246,0.0
2019-01-26,13,0,167,6.65,6.65,0.0,132.358804,0.0
2019-01-26,13,0,168,3.33,3.33,0.0,66.27892,0.0
2019-01-26,13,0,169,0.0,0.0,0.0,0.0,0.0
2019-01-26,13,0,170,7.28,7.28,0.0,144.898059,0.0
2019-01-26,13,0,172,8.73,8.73,0.0,162.184945,0.0
2019-01-26,13,0,173,13.3,13.3,0.0,247.085885,0.0
2019-01-26,13,0,188,12.11,12.11,0.0,230.926171,0.0
2019-01-26,13,0,190,10.54,10.54,0.0,255.181563,0.0
2019-01-26,13,0,191,27.24,27.24,0.0,659.501497,0.0
2019-01-26,13,0,192,22.53,22.53,0.0,545.468749,0.0
2019-01-26,13,0,194,3.18,3.18,0.0,31.132039,0.0
2019-01-26,13,0,196,7.23,7.23,0.0,237.072156,0.0
2019-01-26,13,0,198,12.67,12.67,0.0,127.528993,0.0
2019-01-26,13,0,199,4.53,4.53,0.0,50.364196,0.0
2019-01-26,13,0,200,17.32,17.32,0.0,192.562444,0.0
2019-01-26,13,0,204,87.34,87.34,0.0,678.812392,0.0
2019-01-26,13,0,205,141.15,141.15,0.0,1118.427509,0.0
2019-01-26,13,0,206,107.61,107.61,0.0,538.382308,0.0
2019-01-26,13,0,210,1.48,1.48,0.0,12.142595,0.0
2019-01-26,13,0,214,6.22,6.22,0.0,79.860482,0.0
2019-01-26,13,0,217,5.17,5.17,0.0,55.953203,0.0
2019-01-26,13,0,218,7.14,7.14,0.0,77.273862,0.0
2019-01-26,13,0,219,4.86,4.86,0.0,52.598175,0.0
2019-01-26,13,0,221,3.32,3.32,0.0,42.626495,0.0
2019-01-26,13,0,225,4.05,4.05,0.0,31.532324,0.0
2019-01-26,13,0,233,2.43,2.43,0.0,29.45063,0.0
2019-01-26,13,0,236,66.15,66.15,0.0,676.845656,0.0
2019-01-26,13,0,237,126.09,126.09,0.0,1197.841865,0.0
2019-01-26,13,0,238,37.99,37.99,0.0,404.261722,0.0
2019-01-26,13,0,240,10.0,10.0,0.0,88.366577,0.0
2019-01-26,13,0,245,37.79,37.79,0.0,418.884521,0.0
2019-01-26,13,0,247,88.71,88.71,0.0,983.308968,0.0
2019-01-26,13,0,248,12.66,12.66,0.0,120.268681,0.0
2019-01-26,13,0,249,72.67,72.67,0.0,805.51305,0.0
2019-01-26,13,0,251,22.39,22.39,0.0,241.260842,0.0
2019-01-26,13,0,252,30.96,30.96,0.0,336.092687,0.0
2019-01-26,13,0,254,9.74,9.74,0.0,88.211913,0.0
2019-01-26,13,0,255,4.46,4.46,0.0,40.392724,0.0
2019-01-26,13,0,258,14.31,14.31,0.0,126.654006,0.0
2019-01-26,13,0,260,6.91,6.91,0.0,65.321849,0.0
2019-01-26,13,0,265,73.36,73.36,0.0,502.840195,0.0
2019-01-26,13,0,266,18.05,18.05,0.0,123.722267,0.0
2019-01-26,13,0,267,22.18,22.18,0.0,152.031018,0.0
2019-01-26,13,0,270,37.5,37.5,0.0,-1435.067158,0.0
2019-01-26,13,0,272,10.15,10.15,0.0,28.695326,0.0
2019-01-26,13,0,273,32.49,32.49,0.0,-1243.342185,0.0
2019-01-26,13,0,274,48.32,48.32,0.0,-1849.131868,0.0
2019-01-26,13,0,275,67.23,67.23,0.0,-2572.7884,0.0
2019-01-26,13,0,276,7.5,7.5,0.0,-245.185333,0.0
2019-01-26,13,0,277,9.19,9.19,0.0,22.461197,0.0
2019-01-26,13,0,278,14.7,14.7,0.0,35.92814,0.0
2019-01-26,13,0,279,25.82,25.82,0.0,63.106433,0.0
2019-01-26,13,0,281,0.0,0.0,0.0,0.0,0.0
2019-01-26,13,0,282,379.93,379.93,0.0,1914.078923,0.0
2019-01-26,14,0,9,3.69,3.69,0.0,25.783861,0.0
2019-01-26,14,0,17,15.79,15.79,0.0,161.724907,0.0
2019-01-26,14,0,19,141.08,141.08,0.0,1444.974658,0.0
2019-01-26,14,0,20,171.1,171.1,0.0,1752.446583,0.0
2019-01-26,14,0,21,84.41,84.41,0.0,589.814561,0.0
2019-01-26,14,0,22,299.97,299.97,0.0,2096.03926,0.0
2019-01-26,14,0,23,6.32,6.32,0.0,44.160977,0.0
2019-01-26,14,0,24,10.86,10.86,0.0,75.88421,0.0
2019-01-26,14,0,29,5.12,5.12,0.0,39.980214,0.0
2019-01-26,14,0,30,727.9,727.9,0.0,5073.001636,0.0
2019-01-26,14,0,31,0.0,0.0,0.0,0.0,0.0
2019-01-26,14,0,32,5.99,5.99,0.0,101.101684,0.0
2019-01-26,14,0,33,0.89,0.89,0.0,9.742007,0.0
2019-01-26,14,0,34,1.42,1.42,0.0,15.543427,0.0
2019-01-26,14,0,35,1.42,1.42,0.0,15.543427,0.0
2019-01-26,14,0,36,9.27,9.27,0.0,83.597226,0.0
2019-01-26,14,0,37,3.23,3.23,0.0,29.011641,0.0
2019-01-26,14,0,38,4.15,4.15,0.0,37.275019,0.0
2019-01-26,14,0,39,2.77,2.77,0.0,24.879953,0.0
2019-01-26,14,0,40,2.77,2.77,0.0,24.879953,0.0
2019-01-26,14,0,41,18.63,18.63,0.0,148.342756,0.0
2019-01-26,14,0,42,30.84,30.84,0.0,311.165371,0.0
2019-01-26,14,0,43,35.17,35.17,0.0,317.924089,0.0
2019-01-26,14,0,46,29.6,29.6,0.0,259.508581,0.0
2019-01-26,14,0,52,0.0,0.0,0.0,0.0,0.0
2019-01-26,14,0,53,0.0,0.0,0.0,0.0,0.0
2019-01-26,14,0,55,41.43,41.43,0.0,289.491971,0.0
2019-01-26,14,0,56,214.71,214.71,0.0,1496.39261,0.0
2019-01-26,14,0,57,204.23,204.23,0.0,1423.353653,0.0
2019-01-26,14,0,58,392.75,392.75,0.0,2737.218564,0.0
2019-01-26,14,0,59,386.21,386.21,0.0,2691.638909,0.0
2019-01-26,14,0,63,0.0,0.0,0.0,0.0,0.0
2019-01-26,14,0,64,0.0,0.0,0.0,0.0,0.0
2019-01-26,14,0,65,12.51,12.51,0.0,127.775823,0.0
2019-01-26,14,0,67,387.48,387.48,0.0,1530.604608,0.0
2019-01-26,14,0,68,0.74,0.74,0.0,3.401489,0.0
2019-01-26,14,0,69,0.89,0.89,0.0,9.742007,0.0
2019-01-26,14,0,74,76.12,76.12,0.0,717.989046,0.0
2019-01-26,14,0,77,3.47,3.47,0.0,18.222104,0.0
2019-01-26,14,0,78,2.62,2.62,0.0,13.758476,0.0
2019-01-26,14,0,79,1.52,1.52,0.0,7.982017,0.0
2019-01-26,14,0,80,2.46,2.46,0.0,12.918264,0.0
2019-01-26,14,0,81,3.21,3.21,0.0,16.856759,0.0
2019-01-26,14,0,82,2.26,2.26,0.0,11.867998,0.0
2019-01-26,14,0,83,5.05,5.05,0.0,26.5192,0.0
2019-01-26,14,0,84,0.0,0.0,0.0,0.0,0.0
2019-01-26,14,0,86,4.51,4.51,0.0,49.3668,0.0
2019-01-26,14,0,87,23.03,23.03,0.0,252.088116,0.0
2019-01-26,14,0,88,2.78,2.78,0.0,14.598688,0.0
2019-01-26,14,0,89,2.68,2.68,0.0,14.073556,0.0
2019-01-26,14,0,90,3.59,3.59,0.0,18.852263,0.0
2019-01-26,14,0,91,12.82,12.82,0.0,67.322009,0.0
2019-01-26,14,0,92,4.61,4.61,0.0,24.208616,0.0
2019-01-26,14,0,95,5.79,5.79,0.0,97.681839,0.0
2019-01-26,14,0,96,3.95,3.95,0.0,27.454153,0.0
2019-01-26,14,0,97,26.5,26.5,0.0,184.186088,0.0
2019-01-26,14,0,99,14.69,14.69,0.0,138.560944,0.0
2019-01-26,14,0,101,14.66,14.66,0.0,102.170908,0.0
2019-01-26,14,0,102,1.74,1.74,0.0,7.998095,0.0
2019-01-26,14,0,103,1.52,1.52,0.0,6.986842,0.0
2019-01-26,14,0,104,0.28,0.28,0.0,1.28705,0.0
2019-01-26,14,0,106,295.3,295.3,0.0,2063.407653,0.0
2019-01-26,14,0,109,17.11,17.11,0.0,145.969098,0.0
2019-01-26,14,0,110,146.84,146.84,0.0,289.348218,0.0
2019-01-26,14,0,111,18.66,18.66,0.0,148.581633,0.0
2019-01-26,14,0,113,1.15,1.15,0.0,5.750325,0.0
2019-01-26,14,0,115,1.15,1.15,0.0,5.750325,0.0
2019-01-26,14,0,116,139.17,139.17,0.0,274.234483,0.0
2019-01-26,14,0,117,0.08,0.08,0.0,0.400023,0.0
2019-01-26,14,0,119,0.0,0.0,0.0,0.0,0.0
2019-01-26,14,0,120,0.0,0.0,0.0,0.0,0.0
2019-01-26,14,0,123,4.92,4.92,0.0,34.378482,0.0
2019-01-26,14,0,125,9.9,9.9,0.0,69.176213,0.0
2019-01-26,14,0,126,221.47,221.47,0.0,1547.520802,0.0
2019-01-26,14,0,127,284.22,284.22,0.0,1985.986194,0.0
2019-01-26,14,0,128,13.74,13.74,0.0,96.008199,0.0
2019-01-26,14,0,131,1.58,1.58,0.0,7.535422,0.0
2019-01-26,14,0,132,2.33,2.33,0.0,11.112363,0.0
2019-01-26,14,0,133,26.8,26.8,0.0,274.563486,0.0
2019-01-26,14,0,134,0.0,0.0,0.0,0.0,0.0
2019-01-26,14,0,135,35.91,35.91,0.0,367.894582,0.0
2019-01-26,14,0,136,11.74,11.74,0.0,119.892858,0.0
2019-01-26,14,0,139,24.06,24.06,0.0,191.579533,0.0
2019-01-26,14,0,140,108.68,108.68,0.0,214.153938,0.0
2019-01-26,14,0,141,48.57,48.57,0.0,191.858846,0.0
2019-01-26,14,0,142,510.99,510.99,0.0,2018.48779,0.0
2019-01-26,14,0,143,0.0,0.0,0.0,0.0,0.0
2019-01-26,14,0,145,4.69,4.69,0.0,35.407976,0.0
2019-01-26,14,0,146,186.7,186.7,0.0,367.892347,0.0
2019-01-26,14,0,152,3.83,3.83,0.0,36.109404,0.0
2019-01-26,14,0,153,4.93,4.93,0.0,46.297965,0.0
2019-01-26,14,0,154,76.97,76.97,0.0,612.87933,0.0
2019-01-26,14,0,157,59.83,59.83,0.0,236.33755,0.0
2019-01-26,14,0,158,375.68,375.68,0.0,1483.992823,0.0
2019-01-26,14,0,159,0.0,0.0,0.0,0.0,0.0
2019-01-26,14,0,160,2.96,2.96,0.0,27.472151,0.0
2019-01-26,14,0,161,73.06,73.06,0.0,335.828065,0.0
2019-01-26,14,0,162,3.77,3.77,0.0,63.657813,0.0
2019-01-26,14,0,163,6.56,6.56,0.0,12.92648,0.0
2019-01-26,14,0,164,28.0,28.0,0.0,195.142253,0.0
2019-01-26,14,0,167,6.67,6.67,0.0,112.362885,0.0
2019-01-26,14,0,168,3.34,3.34,0.0,56.265672,0.0
2019-01-26,14,0,169,0.0,0.0,0.0,0.0,0.0
2019-01-26,14,0,170,7.3,7.3,0.0,122.975871,0.0
2019-01-26,14,0,172,8.88,8.88,0.0,141.961119,0.0
2019-01-26,14,0,173,13.53,13.53,0.0,216.298867,0.0
2019-01-26,14,0,188,12.19,12.19,0.0,200.376403,0.0
2019-01-26,14,0,190,10.71,10.71,0.0,191.545875,0.0
2019-01-26,14,0,191,27.67,27.67,0.0,494.871556,0.0
2019-01-26,14,0,192,11.04,11.04,0.0,197.447849,0.0
2019-01-26,14,0,194,1.12,1.12,0.0,5.87692,0.0
2019-01-26,14,0,196,7.34,7.34,0.0,138.81278,0.0
2019-01-26,14,0,198,13.04,13.04,0.0,123.768427,0.0
2019-01-26,14,0,199,5.16,5.16,0.0,44.624116,0.0
2019-01-26,14,0,200,17.79,17.79,0.0,153.849424,0.0
2019-01-26,14,0,204,57.41,57.41,0.0,484.875094,0.0
2019-01-26,14,0,205,90.51,90.51,0.0,772.160319,0.0
2019-01-26,14,0,206,93.81,93.81,0.0,652.018752,0.0
2019-01-26,14,0,210,1.5,1.5,0.0,12.06828,0.0
2019-01-26,14,0,214,6.29,6.29,0.0,71.474176,0.0
2019-01-26,14,0,217,5.24,5.24,0.0,51.970908,0.0
2019-01-26,14,0,218,7.23,7.23,0.0,71.707952,0.0
2019-01-26,14,0,219,4.93,4.93,0.0,48.896293,0.0
2019-01-26,14,0,221,3.35,3.35,0.0,38.066533,0.0
2019-01-26,14,0,225,4.16,4.16,0.0,32.388757,0.0
2019-01-26,14,0,233,2.55,2.55,0.0,27.912492,0.0
2019-01-26,14,0,236,53.43,53.43,0.0,526.390875,0.0
2019-01-26,14,0,237,182.6,182.6,0.0,1722.343664,0.0
2019-01-26,14,0,238,40.14,40.14,0.0,404.999286,0.0
2019-01-26,14,0,240,10.51,10.51,0.0,94.779595,0.0
2019-01-26,14,0,245,68.22,68.22,0.0,705.835175,0.0
2019-01-26,14,0,247,135.55,135.55,0.0,1402.462005,0.0
2019-01-26,14,0,248,18.33,18.33,0.0,172.89463,0.0
2019-01-26,14,0,249,131.18,131.18,0.0,1357.247996,0.0
2019-01-26,14,0,251,56.5,56.5,0.0,574.456013,0.0
2019-01-26,14,0,252,80.73,80.73,0.0,824.567723,0.0
2019-01-26,14,0,254,10.04,10.04,0.0,91.366388,0.0
2019-01-26,14,0,255,4.6,4.6,0.0,41.861094,0.0
2019-01-26,14,0,258,14.99,14.99,0.0,135.232703,0.0
2019-01-26,14,0,260,7.19,7.19,0.0,66.731339,0.0
2019-01-26,14,0,265,79.69,79.69,0.0,634.537532,0.0
2019-01-26,14,0,266,15.58,15.58,0.0,124.056905,0.0
2019-01-26,14,0,267,19.15,19.15,0.0,152.483294,0.0
2019-01-26,14,0,270,22.8,22.8,0.0,44.9274,0.0
2019-01-26,14,0,272,3.85,3.85,0.0,19.251088,0.0
2019-01-26,14,0,273,33.28,33.28,0.0,65.57824,0.0
2019-01-26,14,0,274,30.41,30.41,0.0,59.922905,0.0
2019-01-26,14,0,275,44.23,44.23,0.0,87.155214,0.0
2019-01-26,14,0,276,7.65,7.65,0.0,18.455735,0.0
2019-01-26,14,0,277,9.54,9.54,0.0,48.662875,0.0
2019-01-26,14,0,278,15.27,15.27,0.0,77.891206,0.0
2019-01-26,14,0,279,6.67,6.67,0.0,34.023205,0.0
2019-01-26,14,0,281,0.0,0.0,0.0,0.0,0.0
2019-01-26,14,0,282,399.3,399.3,0.0,2782.867912,0.0
2019-01-26,15,0,9,3.51,3.51,0.0,-534.453875,0.0
2019-01-26,15,0,17,15.2,15.2,0.0,158.985231,0.0
2019-01-26,15,0,19,192.99,192.99,0.0,2018.589453,0.0
2019-01-26,15,0,20,234.06,234.06,0.0,2448.163362,0.0
2019-01-26,15,0,21,80.17,80.17,0.0,-12207.170134,0.0
2019-01-26,15,0,22,284.93,284.93,0.0,-43385.168844,0.0
2019-01-26,15,0,23,3.49,3.49,0.0,-531.408554,0.0
2019-01-26,15,0,24,6.18,6.18,0.0,-941.004259,0.0
2019-01-26,15,0,29,4.67,4.67,0.0,32.203342,0.0
2019-01-26,15,0,30,686.48,686.48,0.0,-275297.479026,0.0
2019-01-26,15,0,31,0.0,0.0,0.0,-0.0,0.0
2019-01-26,15,0,32,5.5,5.5,0.0,93.215464,0.0
2019-01-26,15,0,33,0.84,0.84,0.0,10.188454,0.0
2019-01-26,15,0,34,1.35,1.35,0.0,16.374301,0.0
2019-01-26,15,0,35,1.35,1.35,0.0,16.374301,0.0
2019-01-26,15,0,36,8.89,8.89,0.0,70.34242,0.0
2019-01-26,15,0,37,3.08,3.08,0.0,24.321437,0.0
2019-01-26,15,0,38,3.97,3.97,0.0,31.349385,0.0
2019-01-26,15,0,39,2.64,2.64,0.0,20.846946,0.0
2019-01-26,15,0,40,2.64,2.64,0.0,20.846946,0.0
2019-01-26,15,0,41,27.18,27.18,0.0,68.569265,0.0
2019-01-26,15,0,42,29.89,29.89,0.0,301.818855,0.0
2019-01-26,15,0,43,33.37,33.37,0.0,271.093192,0.0
2019-01-26,15,0,46,27.96,27.96,0.0,211.99648,0.0
2019-01-26,15,0,52,0.0,0.0,0.0,-0.0,0.0
2019-01-26,15,0,53,0.0,0.0,0.0,-0.0,0.0
2019-01-26,15,0,55,34.61,34.61,0.0,-5269.928381,0.0
2019-01-26,15,0,56,202.49,202.49,0.0,-81204.094115,0.0
2019-01-26,15,0,57,192.61,192.61,0.0,-77241.940676,0.0
2019-01-26,15,0,58,370.4,370.4,0.0,-148540.651193,0.0
2019-01-26,15,0,59,364.23,364.23,0.0,-146066.310433,0.0
2019-01-26,15,0,63,0.0,0.0,0.0,0.0,0.0
2019-01-26,15,0,64,0.0,0.0,0.0,0.0,0.0
2019-01-26,15,0,65,26.03,26.03,0.0,270.512275,0.0
2019-01-26,15,0,67,366.16,366.16,0.0,6720.801821,0.0
2019-01-26,15,0,68,0.0,0.0,0.0,0.0,0.0
2019-01-26,15,0,69,0.84,0.84,0.0,10.188454,0.0
2019-01-26,15,0,74,106.37,106.37,0.0,892.627066,0.0
2019-01-26,15,0,77,1.77,1.77,0.0,33.818811,0.0
2019-01-26,15,0,78,1.34,1.34,0.0,25.602942,0.0
2019-01-26,15,0,79,0.77,0.77,0.0,14.712138,0.0
2019-01-26,15,0,80,1.25,1.25,0.0,23.883341,0.0
2019-01-26,15,0,81,1.63,1.63,0.0,31.143877,0.0
2019-01-26,15,0,82,1.15,1.15,0.0,21.972674,0.0
2019-01-26,15,0,83,2.57,2.57,0.0,49.10415,0.0
2019-01-26,15,0,84,0.0,0.0,0.0,0.0,0.0
2019-01-26,15,0,86,4.27,4.27,0.0,51.791307,0.0
2019-01-26,15,0,87,21.78,21.78,0.0,264.172053,0.0
2019-01-26,15,0,88,1.31,1.31,0.0,25.029742,0.0
2019-01-26,15,0,89,1.26,1.26,0.0,24.074408,0.0
2019-01-26,15,0,90,1.69,1.69,0.0,32.290277,0.0
2019-01-26,15,0,91,6.03,6.03,0.0,115.213238,0.0
2019-01-26,15,0,92,2.17,2.17,0.0,41.46148,0.0
2019-01-26,15,0,95,0.0,0.0,0.0,0.0,0.0
2019-01-26,15,0,96,2.44,2.44,0.0,56.994761,0.0
2019-01-26,15,0,97,15.03,15.03,0.0,351.078384,0.0
2019-01-26,15,0,99,20.53,20.53,0.0,172.281975,0.0
2019-01-26,15,0,101,13.83,13.83,0.0,-5546.212759,0.0
2019-01-26,15,0,102,0.0,0.0,0.0,0.0,0.0
2019-01-26,15,0,103,0.0,0.0,0.0,0.0,0.0
2019-01-26,15,0,104,0.0,0.0,0.0,0.0,0.0
2019-01-26,15,0,106,280.49,280.49,0.0,-42709.107532,0.0
2019-01-26,15,0,109,10.15,10.15,0.0,71.667942,0.0
2019-01-26,15,0,110,112.44,112.44,0.0,1977.331316,0.0
2019-01-26,15,0,111,18.12,18.12,0.0,45.712843,0.0
2019-01-26,15,0,113,0.0,0.0,0.0,0.0,0.0
2019-01-26,15,0,115,0.0,0.0,0.0,0.0,0.0
2019-01-26,15,0,116,130.37,130.37,0.0,2292.642153,0.0
2019-01-26,15,0,117,0.0,0.0,0.0,0.0,0.0
2019-01-26,15,0,119,0.0,0.0,0.0,0.0,0.0
2019-01-26,15,0,120,0.0,0.0,0.0,0.0,0.0
2019-01-26,15,0,123,4.67,4.67,0.0,-711.082506,0.0
2019-01-26,15,0,125,5.59,5.59,0.0,-851.167283,0.0
2019-01-26,15,0,126,210.37,210.37,0.0,-32032.211314,0.0
2019-01-26,15,0,127,269.97,269.97,0.0,-41107.268567,0.0
2019-01-26,15,0,128,8.01,8.01,0.0,-1219.651151,0.0
2019-01-26,15,0,131,1.86,1.86,0.0,34.731917,0.0
2019-01-26,15,0,132,2.74,2.74,0.0,51.164221,0.0
2019-01-26,15,0,133,41.94,41.94,0.0,438.939364,0.0
2019-01-26,15,0,134,0.0,0.0,0.0,0.0,0.0
2019-01-26,15,0,135,56.2,56.2,0.0,588.182934,0.0
2019-01-26,15,0,136,26.75,26.75,0.0,277.896026,0.0
2019-01-26,15,0,139,35.34,35.34,0.0,89.155181,0.0
2019-01-26,15,0,140,83.22,83.22,0.0,1463.478407,0.0
2019-01-26,15,0,141,40.74,40.74,0.0,747.77547,0.0
2019-01-26,15,0,142,482.87,482.87,0.0,8862.993159,0.0
2019-01-26,15,0,143,0.0,0.0,0.0,-0.0,0.0
2019-01-26,15,0,145,1.58,1.58,0.0,8.601896,0.0
2019-01-26,15,0,146,143.95,143.95,0.0,2531.45538,0.0
2019-01-26,15,0,152,3.61,3.61,0.0,31.112086,0.0
2019-01-26,15,0,153,4.69,4.69,0.0,40.03611,0.0
2019-01-26,15,0,154,74.77,74.77,0.0,188.628548,0.0
2019-01-26,15,0,157,53.82,53.82,0.0,987.856549,0.0
2019-01-26,15,0,158,358.43,358.43,0.0,6578.919042,0.0
2019-01-26,15,0,159,0.0,0.0,0.0,0.0,0.0
2019-01-26,15,0,160,2.81,2.81,0.0,24.815171,0.0
2019-01-26,15,0,161,68.29,68.29,0.0,1270.603292,0.0
2019-01-26,15,0,162,0.0,0.0,0.0,0.0,0.0
2019-01-26,15,0,163,0.0,0.0,0.0,0.0,0.0
2019-01-26,15,0,164,26.46,26.46,0.0,-10611.192307,0.0
2019-01-26,15,0,167,6.15,6.15,0.0,104.132342,0.0
2019-01-26,15,0,168,3.08,3.08,0.0,52.150831,0.0
2019-01-26,15,0,169,0.0,0.0,0.0,0.0,0.0
2019-01-26,15,0,170,6.73,6.73,0.0,113.952953,0.0
2019-01-26,15,0,172,8.31,8.31,0.0,137.176828,0.0
2019-01-26,15,0,173,12.66,12.66,0.0,208.984192,0.0
2019-01-26,15,0,188,11.17,11.17,0.0,188.358988,0.0
2019-01-26,15,0,190,10.19,10.19,0.0,175.073489,0.0
2019-01-26,15,0,191,26.32,26.32,0.0,452.201593,0.0
2019-01-26,15,0,192,0.0,0.0,0.0,0.0,0.0
2019-01-26,15,0,194,0.0,0.0,0.0,0.0,0.0
2019-01-26,15,0,196,6.95,6.95,0.0,120.909734,0.0
2019-01-26,15,0,198,12.33,12.33,0.0,119.310378,0.0
2019-01-26,15,0,199,4.75,4.75,0.0,64.544329,0.0
2019-01-26,15,0,200,16.41,16.41,0.0,222.983671,0.0
2019-01-26,15,0,204,35.49,35.49,0.0,246.413864,0.0
2019-01-26,15,0,205,53.7,53.7,0.0,379.169311,0.0
2019-01-26,15,0,206,44.17,44.17,0.0,1031.745323,0.0
2019-01-26,15,0,210,1.39,1.39,0.0,10.280474,0.0
2019-01-26,15,0,214,5.81,5.81,0.0,76.187283,0.0
2019-01-26,15,0,217,4.83,4.83,0.0,51.348266,0.0
2019-01-26,15,0,218,6.67,6.67,0.0,70.90951,0.0
2019-01-26,15,0,219,4.54,4.54,0.0,48.265244,0.0
2019-01-26,15,0,221,3.1,3.1,0.0,40.650702,0.0
2019-01-26,15,0,225,3.81,3.81,0.0,26.088904,0.0
2019-01-26,15,0,233,2.41,2.41,0.0,29.231159,0.0
2019-01-26,15,0,236,92.53,92.53,0.0,884.256079,0.0
2019-01-26,15,0,237,255.18,255.18,0.0,2141.398653,0.0
2019-01-26,15,0,238,38.9,38.9,0.0,392.79871,0.0
2019-01-26,15,0,240,10.08,10.08,0.0,79.758334,0.0
2019-01-26,15,0,245,78.0,78.0,0.0,835.128061,0.0
2019-01-26,15,0,247,171.72,171.72,0.0,1838.566546,0.0
2019-01-26,15,0,248,25.62,25.62,0.0,214.995821,0.0
2019-01-26,15,0,249,150.0,150.0,0.0,1606.015501,0.0
2019-01-26,15,0,251,119.8,119.8,0.0,1231.777692,0.0
2019-01-26,15,0,252,167.88,167.88,0.0,1744.663878,0.0
2019-01-26,15,0,254,9.58,9.58,0.0,79.526565,0.0
2019-01-26,15,0,255,4.39,4.39,0.0,36.442758,0.0
2019-01-26,15,0,258,14.36,14.36,0.0,114.114097,0.0
2019-01-26,15,0,260,6.83,6.83,0.0,60.315878,0.0
2019-01-26,15,0,265,77.41,77.41,0.0,195.288697,0.0
2019-01-26,15,0,266,22.6,22.6,0.0,57.014915,0.0
2019-01-26,15,0,267,27.95,27.95,0.0,70.511808,0.0
2019-01-26,15,0,270,0.0,0.0,0.0,0.0,0.0
2019-01-26,15,0,272,0.0,0.0,0.0,0.0,0.0
2019-01-26,15,0,273,31.17,31.17,0.0,548.144941,0.0
2019-01-26,15,0,274,0.0,0.0,0.0,0.0,0.0
2019-01-26,15,0,275,0.0,0.0,0.0,0.0,0.0
2019-01-26,15,0,276,7.15,7.15,0.0,126.965379,0.0
2019-01-26,15,0,277,8.96,8.96,0.0,166.330252,0.0
2019-01-26,15,0,278,14.34,14.34,0.0,266.202658,0.0
2019-01-26,15,0,279,0.0,0.0,0.0,0.0,0.0
2019-01-26,15,0,281,0.0,0.0,0.0,-0.0,0.0
2019-01-26,15,0,282,376.58,376.58,0.0,-151019.002231,0.0
2019-01-26,16,0,9,2.96,2.96,0.0,20.385952,0.0
2019-01-26,16,0,17,9.08,9.08,0.0,82.309726,0.0
2019-01-26,16,0,19,332.0,332.0,0.0,3009.562683,0.0
2019-01-26,16,0,20,419.03,419.03,0.0,3798.485094,0.0
2019-01-26,16,0,21,67.64,67.64,0.0,465.846542,0.0
2019-01-26,16,0,22,240.39,240.39,0.0,1655.60098,0.0
2019-01-26,16,0,23,3.13,3.13,0.0,21.556766,0.0
2019-01-26,16,0,24,5.54,5.54,0.0,38.154788,0.0
2019-01-26,16,0,29,2.62,2.62,0.0,24.273915,0.0
2019-01-26,16,0,30,580.08,580.08,0.0,3256.986912,0.0
2019-01-26,16,0,31,0.0,0.0,0.0,0.0,0.0
2019-01-26,16,0,32,4.5,4.5,0.0,68.024693,0.0
2019-01-26,16,0,33,0.7,0.7,0.0,6.524676,0.0
2019-01-26,16,0,34,1.12,1.12,0.0,10.439481,0.0
2019-01-26,16,0,35,1.12,1.12,0.0,10.439481,0.0
2019-01-26,16,0,36,8.07,8.07,0.0,69.925657,0.0
2019-01-26,16,0,37,3.23,3.23,0.0,27.968954,0.0
2019-01-26,16,0,38,4.15,4.15,0.0,35.935343,0.0
2019-01-26,16,0,39,2.77,2.77,0.0,23.985759,0.0
2019-01-26,16,0,40,2.77,2.77,0.0,23.985759,0.0
2019-01-26,16,0,41,32.25,32.25,0.0,261.626954,0.0
2019-01-26,16,0,42,36.6,36.6,0.0,329.745954,0.0
2019-01-26,16,0,43,27.6,27.6,0.0,240.711341,0.0
2019-01-26,16,0,46,24.99,24.99,0.0,214.090632,0.0
2019-01-26,16,0,52,0.0,0.0,0.0,0.0,0.0
2019-01-26,16,0,53,0.0,0.0,0.0,0.0,0.0
2019-01-26,16,0,55,38.95,38.95,0.0,268.254329,0.0
2019-01-26,16,0,56,171.1,171.1,0.0,960.678632,0.0
2019-01-26,16,0,57,162.76,162.76,0.0,913.851865,0.0
2019-01-26,16,0,58,313.0,313.0,0.0,1757.407433,0.0
2019-01-26,16,0,59,307.78,307.78,0.0,1728.098593,0.0
2019-01-26,16,0,63,0.0,0.0,0.0,0.0,0.0
2019-01-26,16,0,64,0.0,0.0,0.0,0.0,0.0
2019-01-26,16,0,65,41.4,41.4,0.0,374.862049,0.0
2019-01-26,16,0,67,308.87,308.87,0.0,2810.31964,0.0
2019-01-26,16,0,68,0.0,0.0,0.0,0.0,0.0
2019-01-26,16,0,69,0.7,0.7,0.0,6.524676,0.0
2019-01-26,16,0,74,89.22,89.22,0.0,781.852775,0.0
2019-01-26,16,0,77,1.34,1.34,0.0,9.31683,0.0
2019-01-26,16,0,78,1.01,1.01,0.0,7.022387,0.0
2019-01-26,16,0,79,0.59,0.59,0.0,4.102186,0.0
2019-01-26,16,0,80,0.95,0.95,0.0,6.605215,0.0
2019-01-26,16,0,81,1.24,1.24,0.0,8.621544,0.0
2019-01-26,16,0,82,0.87,0.87,0.0,6.048987,0.0
2019-01-26,16,0,83,1.95,1.95,0.0,13.558074,0.0
2019-01-26,16,0,84,0.0,0.0,0.0,0.0,0.0
2019-01-26,16,0,86,3.54,3.54,0.0,32.996216,0.0
2019-01-26,16,0,87,18.08,18.08,0.0,168.523048,0.0
2019-01-26,16,0,88,0.0,0.0,0.0,0.0,0.0
2019-01-26,16,0,89,0.0,0.0,0.0,0.0,0.0
2019-01-26,16,0,90,0.0,0.0,0.0,0.0,0.0
2019-01-26,16,0,91,0.0,0.0,0.0,0.0,0.0
2019-01-26,16,0,92,0.0,0.0,0.0,0.0,0.0
2019-01-26,16,0,95,0.0,0.0,0.0,0.0,0.0
2019-01-26,16,0,96,1.8,1.8,0.0,13.972352,0.0
2019-01-26,16,0,97,11.08,11.08,0.0,86.007592,0.0
2019-01-26,16,0,99,19.57,19.57,0.0,171.49584,0.0
2019-01-26,16,0,101,11.69,11.69,0.0,65.63608,0.0
2019-01-26,16,0,102,0.0,0.0,0.0,0.0,0.0
2019-01-26,16,0,103,0.0,0.0,0.0,0.0,0.0
2019-01-26,16,0,104,0.0,0.0,0.0,0.0,0.0
2019-01-26,16,0,106,236.64,236.64,0.0,1629.774183,0.0
2019-01-26,16,0,109,5.47,5.47,0.0,46.055498,0.0
2019-01-26,16,0,110,83.51,83.51,0.0,1067.037043,0.0
2019-01-26,16,0,111,15.03,15.03,0.0,121.930329,0.0
2019-01-26,16,0,113,0.0,0.0,0.0,0.0,0.0
2019-01-26,16,0,115,0.0,0.0,0.0,0.0,0.0
2019-01-26,16,0,116,108.69,108.69,0.0,1388.77088,0.0
2019-01-26,16,0,117,0.0,0.0,0.0,0.0,0.0
2019-01-26,16,0,119,0.0,0.0,0.0,0.0,0.0
2019-01-26,16,0,120,0.0,0.0,0.0,0.0,0.0
2019-01-26,16,0,123,3.94,3.94,0.0,27.135354,0.0
2019-01-26,16,0,125,5.01,5.01,0.0,34.5046,0.0
2019-01-26,16,0,126,177.48,177.48,0.0,1222.330637,0.0
2019-01-26,16,0,127,227.77,227.77,0.0,1568.6852,0.0
2019-01-26,16,0,128,7.18,7.18,0.0,49.449707,0.0
2019-01-26,16,0,131,0.0,0.0,0.0,0.0,0.0
2019-01-26,16,0,132,0.0,0.0,0.0,0.0,0.0
2019-01-26,16,0,133,50.5,50.5,0.0,457.828915,0.0
2019-01-26,16,0,134,0.0,0.0,0.0,0.0,0.0
2019-01-26,16,0,135,64.2,64.2,0.0,582.032006,0.0
2019-01-26,16,0,136,45.9,45.9,0.0,415.581948,0.0
2019-01-26,16,0,139,42.0,42.0,0.0,340.723475,0.0
2019-01-26,16,0,140,61.8,61.8,0.0,789.640633,0.0
2019-01-26,16,0,141,41.36,41.36,0.0,376.322791,0.0
2019-01-26,16,0,142,407.32,407.32,0.0,3706.087984,0.0
2019-01-26,16,0,143,0.0,0.0,0.0,0.0,0.0
2019-01-26,16,0,145,1.06,1.06,0.0,8.428732,0.0
2019-01-26,16,0,146,121.46,121.46,0.0,1551.937723,0.0
2019-01-26,16,0,152,4.2,4.2,0.0,36.847357,0.0
2019-01-26,16,0,153,5.34,5.34,0.0,46.778494,0.0
2019-01-26,16,0,154,62.0,62.0,0.0,502.972749,0.0
2019-01-26,16,0,157,68.18,68.18,0.0,620.350287,0.0
2019-01-26,16,0,158,302.66,302.66,0.0,2753.816629,0.0
2019-01-26,16,0,159,0.0,0.0,0.0,0.0,0.0
2019-01-26,16,0,160,2.14,2.14,0.0,19.084467,0.0
2019-01-26,16,0,161,57.64,57.64,0.0,455.209165,0.0
2019-01-26,16,0,162,0.0,0.0,0.0,0.0,0.0
2019-01-26,16,0,163,0.0,0.0,0.0,0.0,0.0
2019-01-26,16,0,164,22.18,22.18,0.0,124.534495,0.0
2019-01-26,16,0,167,5.04,5.04,0.0,75.969836,0.0
2019-01-26,16,0,168,2.52,2.52,0.0,37.984918,0.0
2019-01-26,16,0,169,0.0,0.0,0.0,0.0,0.0
2019-01-26,16,0,170,5.51,5.51,0.0,83.054324,0.0
2019-01-26,16,0,172,6.86,6.86,0.0,99.493834,0.0
2019-01-26,16,0,173,10.46,10.46,0.0,151.706341,0.0
2019-01-26,16,0,188,9.19,9.19,0.0,136.394277,0.0
2019-01-26,16,0,190,8.58,8.58,0.0,130.076821,0.0
2019-01-26,16,0,191,22.17,22.17,0.0,336.10759,0.0
2019-01-26,16,0,192,0.0,0.0,0.0,0.0,0.0
2019-01-26,16,0,194,0.0,0.0,0.0,0.0,0.0
2019-01-26,16,0,196,5.72,5.72,0.0,81.580036,0.0
2019-01-26,16,0,198,9.21,9.21,0.0,85.057733,0.0
2019-01-26,16,0,199,6.57,6.57,0.0,57.253205,0.0
2019-01-26,16,0,200,16.0,16.0,0.0,139.429419,0.0
2019-01-26,16,0,204,20.38,20.38,0.0,170.88579,0.0
2019-01-26,16,0,205,28.94,28.94,0.0,243.664738,0.0
2019-01-26,16,0,206,32.56,32.56,0.0,252.74433,0.0
2019-01-26,16,0,210,1.08,1.08,0.0,10.070683,0.0
2019-01-26,16,0,214,3.98,3.98,0.0,37.700204,0.0
2019-01-26,16,0,217,3.26,3.26,0.0,30.677131,0.0
2019-01-26,16,0,218,4.49,4.49,0.0,42.251632,0.0
2019-01-26,16,0,219,3.06,3.06,0.0,28.795099,0.0
2019-01-26,16,0,221,2.12,2.12,0.0,20.081516,0.0
2019-01-26,16,0,225,2.15,2.15,0.0,19.907006,0.0
2019-01-26,16,0,233,2.0,2.0,0.0,18.64193,0.0
2019-01-26,16,0,236,119.37,119.37,0.0,1065.269041,0.0
2019-01-26,16,0,237,204.06,204.06,0.0,1788.218755,0.0
2019-01-26,16,0,238,47.64,47.64,0.0,429.210307,0.0
2019-01-26,16,0,240,9.15,9.15,0.0,79.283738,0.0
2019-01-26,16,0,245,78.0,78.0,0.0,710.022841,0.0
2019-01-26,16,0,247,171.72,171.72,0.0,1563.142592,0.0
2019-01-26,16,0,248,24.03,24.03,0.0,210.579715,0.0
2019-01-26,16,0,249,150.0,150.0,0.0,1365.42854,0.0
2019-01-26,16,0,251,222.11,222.11,0.0,2007.366494,0.0
2019-01-26,16,0,252,267.06,267.06,0.0,2418.131858,0.0
2019-01-26,16,0,254,8.81,8.81,0.0,77.270278,0.0
2019-01-26,16,0,255,4.04,4.04,0.0,35.433817,0.0
2019-01-26,16,0,258,11.97,11.97,0.0,103.828024,0.0
2019-01-26,16,0,260,5.21,5.21,0.0,46.46265,0.0
2019-01-26,16,0,265,64.2,64.2,0.0,520.82017,0.0
2019-01-26,16,0,266,26.78,26.78,0.0,217.251778,0.0
2019-01-26,16,0,267,33.17,33.17,0.0,269.090421,0.0
2019-01-26,16,0,270,0.0,0.0,0.0,0.0,0.0
2019-01-26,16,0,272,0.0,0.0,0.0,0.0,0.0
2019-01-26,16,0,273,25.99,25.99,0.0,332.083496,0.0
2019-01-26,16,0,274,0.0,0.0,0.0,0.0,0.0
2019-01-26,16,0,275,0.0,0.0,0.0,0.0,0.0
2019-01-26,16,0,276,5.95,5.95,0.0,71.138159,0.0
2019-01-26,16,0,277,7.51,7.51,0.0,50.295332,0.0
2019-01-26,16,0,278,12.02,12.02,0.0,80.499319,0.0
2019-01-26,16,0,279,0.0,0.0,0.0,0.0,0.0
2019-01-26,16,0,281,0.0,0.0,0.0,0.0,0.0
2019-01-26,16,0,282,318.21,318.21,0.0,1786.660125,0.0
2019-01-26,17,0,9,2.08,2.08,0.0,16.745079,0.0
2019-01-26,17,0,17,6.39,6.39,0.0,64.609117,0.0
2019-01-26,17,0,19,284.63,284.63,0.0,2877.886245,0.0
2019-01-26,17,0,20,342.76,342.76,0.0,3465.637106,0.0
2019-01-26,17,0,21,47.64,47.64,0.0,383.526713,0.0
2019-01-26,17,0,22,169.31,169.31,0.0,1363.033328,0.0
2019-01-26,17,0,23,4.25,4.25,0.0,34.214705,0.0
2019-01-26,17,0,24,7.56,7.56,0.0,60.861922,0.0
2019-01-26,17,0,29,1.82,1.82,0.0,16.198942,0.0
2019-01-26,17,0,30,413.64,413.64,0.0,3325.173953,0.0
2019-01-26,17,0,31,2.46,2.46,0.0,19.775476,0.0
2019-01-26,17,0,32,3.18,3.18,0.0,51.572904,0.0
2019-01-26,17,0,33,0.49,0.49,0.0,5.166832,0.0
2019-01-26,17,0,34,0.79,0.79,0.0,8.330199,0.0
2019-01-26,17,0,35,0.79,0.79,0.0,8.330199,0.0
2019-01-26,17,0,36,5.84,5.84,0.0,54.712106,0.0
2019-01-26,17,0,37,2.3,2.3,0.0,21.500751,0.0
2019-01-26,17,0,38,2.95,2.95,0.0,27.577051,0.0
2019-01-26,17,0,39,1.97,1.97,0.0,18.415861,0.0
2019-01-26,17,0,40,1.97,1.97,0.0,18.415861,0.0
2019-01-26,17,0,41,12.43,12.43,0.0,107.854617,0.0
2019-01-26,17,0,42,25.86,25.86,0.0,259.039298,0.0
2019-01-26,17,0,43,19.5,19.5,0.0,183.19636,0.0
2019-01-26,17,0,46,18.06,18.06,0.0,166.3659,0.0
2019-01-26,17,0,52,2.61,2.61,0.0,20.981298,0.0
2019-01-26,17,0,53,4.15,4.15,0.0,33.361067,0.0
2019-01-26,17,0,55,30.9,30.9,0.0,248.761029,0.0
2019-01-26,17,0,56,122.01,122.01,0.0,980.815381,0.0
2019-01-26,17,0,57,116.06,116.06,0.0,932.984453,0.0
2019-01-26,17,0,58,223.19,223.19,0.0,1794.182319,0.0
2019-01-26,17,0,59,219.47,219.47,0.0,1764.277941,0.0
2019-01-26,17,0,63,0.0,0.0,0.0,0.0,0.0
2019-01-26,17,0,64,0.0,0.0,0.0,0.0,0.0
2019-01-26,17,0,65,39.55,39.55,0.0,399.198482,0.0
2019-01-26,17,0,67,218.7,218.7,0.0,2047.707265,0.0
2019-01-26,17,0,68,0.0,0.0,0.0,0.0,0.0
2019-01-26,17,0,69,0.49,0.49,0.0,5.166832,0.0
2019-01-26,17,0,74,48.77,48.77,0.0,468.695798,0.0
2019-01-26,17,0,77,0.0,0.0,0.0,0.0,0.0
2019-01-26,17,0,78,0.0,0.0,0.0,0.0,0.0
2019-01-26,17,0,79,0.0,0.0,0.0,0.0,0.0
2019-01-26,17,0,80,0.0,0.0,0.0,0.0,0.0
2019-01-26,17,0,81,0.0,0.0,0.0,0.0,0.0
2019-01-26,17,0,82,0.0,0.0,0.0,0.0,0.0
2019-01-26,17,0,83,0.0,0.0,0.0,0.0,0.0
2019-01-26,17,0,84,0.0,0.0,0.0,0.0,0.0
2019-01-26,17,0,86,2.5,2.5,0.0,26.361388,0.0
2019-01-26,17,0,87,12.75,12.75,0.0,134.443081,0.0
2019-01-26,17,0,88,0.0,0.0,0.0,0.0,0.0
2019-01-26,17,0,89,0.0,0.0,0.0,0.0,0.0
2019-01-26,17,0,90,0.0,0.0,0.0,0.0,0.0
2019-01-26,17,0,91,0.0,0.0,0.0,0.0,0.0
2019-01-26,17,0,92,0.0,0.0,0.0,0.0,0.0
2019-01-26,17,0,95,0.0,0.0,0.0,0.0,0.0
2019-01-26,17,0,96,1.32,1.32,0.0,10.59508,0.0
2019-01-26,17,0,97,8.13,8.13,0.0,65.256064,0.0
2019-01-26,17,0,99,9.92,9.92,0.0,95.334474,0.0
2019-01-26,17,0,101,8.33,8.33,0.0,66.963299,0.0
2019-01-26,17,0,102,0.0,0.0,0.0,0.0,0.0
2019-01-26,17,0,103,0.0,0.0,0.0,0.0,0.0
2019-01-26,17,0,104,0.0,0.0,0.0,0.0,0.0
2019-01-26,17,0,106,166.67,166.67,0.0,1341.779958,0.0
2019-01-26,17,0,109,4.81,4.81,0.0,43.529915,0.0
2019-01-26,17,0,110,83.04,83.04,0.0,1125.766203,0.0
2019-01-26,17,0,111,11.47,11.47,0.0,99.524735,0.0
2019-01-26,17,0,113,0.0,0.0,0.0,0.0,0.0
2019-01-26,17,0,115,0.0,0.0,0.0,0.0,0.0
2019-01-26,17,0,116,78.93,78.93,0.0,1070.047283,0.0
2019-01-26,17,0,117,0.0,0.0,0.0,0.0,0.0
2019-01-26,17,0,119,0.0,0.0,0.0,0.0,0.0
2019-01-26,17,0,120,0.0,0.0,0.0,0.0,0.0
2019-01-26,17,0,123,2.78,2.78,0.0,22.380442,0.0
2019-01-26,17,0,125,6.83,6.83,0.0,54.985043,0.0
2019-01-26,17,0,126,125.01,125.01,0.0,1006.395348,0.0
2019-01-26,17,0,127,160.42,160.42,0.0,1291.464216,0.0
2019-01-26,17,0,128,9.84,9.84,0.0,79.217104,0.0
2019-01-26,17,0,131,0.0,0.0,0.0,0.0,0.0
2019-01-26,17,0,132,0.0,0.0,0.0,0.0,0.0
2019-01-26,17,0,133,111.85,111.85,0.0,1131.096312,0.0
2019-01-26,17,0,134,0.0,0.0,0.0,0.0,0.0
2019-01-26,17,0,135,146.43,146.43,0.0,1480.790639,0.0
2019-01-26,17,0,136,45.9,45.9,0.0,463.248303,0.0
2019-01-26,17,0,139,16.06,16.06,0.0,139.351983,0.0
2019-01-26,17,0,140,61.46,61.46,0.0,833.207982,0.0
2019-01-26,17,0,141,31.67,31.67,0.0,296.528985,0.0
2019-01-26,17,0,142,288.41,288.41,0.0,2700.408103,0.0
2019-01-26,17,0,143,0.0,0.0,0.0,0.0,0.0
2019-01-26,17,0,145,0.0,0.0,0.0,0.0,0.0
2019-01-26,17,0,146,75.31,75.31,0.0,1020.971252,0.0
2019-01-26,17,0,152,2.98,2.98,0.0,28.639192,0.0
2019-01-26,17,0,153,3.78,3.78,0.0,36.241728,0.0
2019-01-26,17,0,154,47.33,47.33,0.0,410.680532,0.0
2019-01-26,17,0,157,48.8,48.8,0.0,456.918676,0.0
2019-01-26,17,0,158,217.29,217.29,0.0,2034.505311,0.0
2019-01-26,17,0,159,0.0,0.0,0.0,0.0,0.0
2019-01-26,17,0,160,1.53,1.53,0.0,14.645913,0.0
2019-01-26,17,0,161,41.25,41.25,0.0,329.735723,0.0
2019-01-26,17,0,162,0.0,0.0,0.0,0.0,0.0
2019-01-26,17,0,163,0.0,0.0,0.0,0.0,0.0
2019-01-26,17,0,164,16.22,16.22,0.0,130.389521,0.0
2019-01-26,17,0,167,3.54,3.54,0.0,57.233394,0.0
2019-01-26,17,0,168,1.77,1.77,0.0,28.616697,0.0
2019-01-26,17,0,169,0.0,0.0,0.0,0.0,0.0
2019-01-26,17,0,170,3.87,3.87,0.0,62.568711,0.0
2019-01-26,17,0,172,4.84,4.84,0.0,75.002521,0.0
2019-01-26,17,0,173,7.38,7.38,0.0,114.363349,0.0
2019-01-26,17,0,188,6.49,6.49,0.0,103.182745,0.0
2019-01-26,17,0,190,6.16,6.16,0.0,100.269255,0.0
2019-01-26,17,0,191,15.91,15.91,0.0,258.974651,0.0
2019-01-26,17,0,192,0.0,0.0,0.0,0.0,0.0
2019-01-26,17,0,194,0.0,0.0,0.0,0.0,0.0
2019-01-26,17,0,196,4.13,4.13,0.0,63.001416,0.0
2019-01-26,17,0,198,6.55,6.55,0.0,63.969509,0.0
2019-01-26,17,0,199,11.21,11.21,0.0,97.898066,0.0
2019-01-26,17,0,200,11.39,11.39,0.0,99.470025,0.0
2019-01-26,17,0,204,17.47,17.47,0.0,157.163437,0.0
2019-01-26,17,0,205,25.46,25.46,0.0,230.409902,0.0
2019-01-26,17,0,206,23.87,23.87,0.0,191.594372,0.0
2019-01-26,17,0,210,0.75,0.75,0.0,6.779591,0.0
2019-01-26,17,0,214,2.81,2.81,0.0,30.351984,0.0
2019-01-26,17,0,217,2.27,2.27,0.0,22.778366,0.0
2019-01-26,17,0,218,3.13,3.13,0.0,31.408056,0.0
2019-01-26,17,0,219,2.13,2.13,0.0,21.373533,0.0
2019-01-26,17,0,221,1.5,1.5,0.0,16.202127,0.0
2019-01-26,17,0,225,1.5,1.5,0.0,13.33065,0.0
2019-01-26,17,0,233,1.41,1.41,0.0,14.867823,0.0
2019-01-26,17,0,236,82.98,82.98,0.0,819.081158,0.0
2019-01-26,17,0,237,120.52,120.52,0.0,1158.236982,0.0
2019-01-26,17,0,238,33.66,33.66,0.0,337.171801,0.0
2019-01-26,17,0,240,6.62,6.62,0.0,62.019545,0.0
2019-01-26,17,0,245,78.0,78.0,0.0,793.663618,0.0
2019-01-26,17,0,247,171.72,171.72,0.0,1747.280981,0.0
2019-01-26,17,0,248,12.26,12.26,0.0,117.822647,0.0
2019-01-26,17,0,249,150.0,150.0,0.0,1526.276189,0.0
2019-01-26,17,0,251,199.42,199.42,0.0,2007.132271,0.0
2019-01-26,17,0,252,255.15,255.15,0.0,2575.360116,0.0
2019-01-26,17,0,254,6.29,6.29,0.0,59.373218,0.0
2019-01-26,17,0,255,2.88,2.88,0.0,27.185193,0.0
2019-01-26,17,0,258,8.72,8.72,0.0,81.730281,0.0
2019-01-26,17,0,260,3.72,3.72,0.0,35.609672,0.0
2019-01-26,17,0,265,49.0,49.0,0.0,425.171055,0.0
2019-01-26,17,0,266,10.4,10.4,0.0,90.240387,0.0
2019-01-26,17,0,267,12.78,12.78,0.0,110.891553,0.0
2019-01-26,17,0,270,0.0,0.0,0.0,0.0,0.0
2019-01-26,17,0,272,0.0,0.0,0.0,0.0,0.0
2019-01-26,17,0,273,18.87,18.87,0.0,255.818982,0.0
2019-01-26,17,0,274,0.0,0.0,0.0,0.0,0.0
2019-01-26,17,0,275,0.0,0.0,0.0,0.0,0.0
2019-01-26,17,0,276,4.3,4.3,0.0,54.268243,0.0
2019-01-26,17,0,277,5.38,5.38,0.0,35.580873,0.0
2019-01-26,17,0,278,8.61,8.61,0.0,56.942623,0.0
2019-01-26,17,0,279,0.0,0.0,0.0,0.0,0.0
2019-01-26,17,0,281,1.1,1.1,0.0,8.842693,0.0
2019-01-26,17,0,282,226.91,226.91,0.0,1824.086698,0.0
2019-01-26,18,0,9,1.19,1.19,0.0,14.770749,0.0
2019-01-26,18,0,17,3.39,3.39,0.0,46.677615,0.0
2019-01-26,18,0,19,332.94,332.94,0.0,4584.320054,0.0
2019-01-26,18,0,20,405.43,405.43,0.0,5582.449929,0.0
2019-01-26,18,0,21,27.15,27.15,0.0,336.996507,0.0
2019-01-26,18,0,22,96.5,96.5,0.0,1197.796057,0.0
2019-01-26,18,0,23,8.07,8.07,0.0,100.168023,0.0
2019-01-26,18,0,24,14.32,14.32,0.0,177.745487,0.0
2019-01-26,18,0,29,0.85,0.85,0.0,8.364479,0.0
2019-01-26,18,0,30,243.96,243.96,0.0,3026.778772,0.0
2019-01-26,18,0,31,1.96,1.96,0.0,24.317455,0.0
2019-01-26,18,0,32,1.52,1.52,0.0,28.265496,0.0
2019-01-26,18,0,33,0.26,0.26,0.0,3.683801,0.0
2019-01-26,18,0,34,0.41,0.41,0.0,5.809071,0.0
2019-01-26,18,0,35,0.41,0.41,0.0,5.809071,0.0
2019-01-26,18,0,36,3.11,3.11,0.0,40.342114,0.0
2019-01-26,18,0,37,1.22,1.22,0.0,15.780245,0.0
2019-01-26,18,0,38,1.57,1.57,0.0,20.307365,0.0
2019-01-26,18,0,39,1.05,1.05,0.0,13.581359,0.0
2019-01-26,18,0,40,1.05,1.05,0.0,13.581359,0.0
2019-01-26,18,0,41,11.31,11.31,0.0,144.067492,0.0
2019-01-26,18,0,42,14.7,14.7,0.0,201.135144,0.0
2019-01-26,18,0,43,10.24,10.24,0.0,131.793044,0.0
2019-01-26,18,0,46,9.5,9.5,0.0,122.058533,0.0
2019-01-26,18,0,52,2.07,2.07,0.0,25.68221,0.0
2019-01-26,18,0,53,3.3,3.3,0.0,40.942654,0.0
2019-01-26,18,0,55,18.46,18.46,0.0,229.1328,0.0
2019-01-26,18,0,56,71.96,71.96,0.0,892.798001,0.0
2019-01-26,18,0,57,68.45,68.45,0.0,849.249906,0.0
2019-01-26,18,0,58,131.63,131.63,0.0,1633.115633,0.0
2019-01-26,18,0,59,129.44,129.44,0.0,1605.944599,0.0
2019-01-26,18,0,63,0.0,0.0,0.0,0.0,0.0
2019-01-26,18,0,64,0.0,0.0,0.0,0.0,0.0
2019-01-26,18,0,65,33.04,33.04,0.0,454.40345,0.0
2019-01-26,18,0,67,124.27,124.27,0.0,1693.385394,0.0
2019-01-26,18,0,68,0.0,0.0,0.0,0.0,0.0
2019-01-26,18,0,69,0.26,0.26,0.0,3.683801,0.0
2019-01-26,18,0,74,21.88,21.88,0.0,291.55055,0.0
2019-01-26,18,0,77,0.0,0.0,0.0,0.0,0.0
2019-01-26,18,0,78,0.0,0.0,0.0,0.0,0.0
2019-01-26,18,0,79,0.0,0.0,0.0,0.0,0.0
2019-01-26,18,0,80,0.0,0.0,0.0,0.0,0.0
2019-01-26,18,0,81,0.0,0.0,0.0,0.0,0.0
2019-01-26,18,0,82,0.0,0.0,0.0,0.0,0.0
2019-01-26,18,0,83,0.0,0.0,0.0,0.0,0.0
2019-01-26,18,0,84,0.0,0.0,0.0,0.0,0.0
2019-01-26,18,0,86,1.3,1.3,0.0,18.419005,0.0
2019-01-26,18,0,87,6.65,6.65,0.0,94.220293,0.0
2019-01-26,18,0,88,0.0,0.0,0.0,0.0,0.0
2019-01-26,18,0,89,0.0,0.0,0.0,0.0,0.0
2019-01-26,18,0,90,0.0,0.0,0.0,0.0,0.0
2019-01-26,18,0,91,0.0,0.0,0.0,0.0,0.0
2019-01-26,18,0,92,0.0,0.0,0.0,0.0,0.0
2019-01-26,18,0,95,0.0,0.0,0.0,0.0,0.0
2019-01-26,18,0,96,0.93,0.93,0.0,11.53301,0.0
2019-01-26,18,0,97,5.75,5.75,0.0,71.306245,0.0
2019-01-26,18,0,99,4.22,4.22,0.0,56.231413,0.0
2019-01-26,18,0,101,4.91,4.91,0.0,60.917707,0.0
2019-01-26,18,0,102,0.0,0.0,0.0,0.0,0.0
2019-01-26,18,0,103,0.0,0.0,0.0,0.0,0.0
2019-01-26,18,0,104,0.0,0.0,0.0,0.0,0.0
2019-01-26,18,0,106,94.99,94.99,0.0,1179.053342,0.0
2019-01-26,18,0,109,4.59,4.59,0.0,59.031851,0.0
2019-01-26,18,0,110,84.78,84.78,0.0,1406.415385,0.0
2019-01-26,18,0,111,6.5,6.5,0.0,82.797409,0.0
2019-01-26,18,0,113,0.0,0.0,0.0,0.0,0.0
2019-01-26,18,0,115,0.0,0.0,0.0,0.0,0.0
2019-01-26,18,0,116,42.07,42.07,0.0,697.899213,0.0
2019-01-26,18,0,117,0.0,0.0,0.0,0.0,0.0
2019-01-26,18,0,119,0.0,0.0,0.0,0.0,0.0
2019-01-26,18,0,120,0.0,0.0,0.0,0.0,0.0
2019-01-26,18,0,123,1.58,1.58,0.0,19.611583,0.0
2019-01-26,18,0,125,12.95,12.95,0.0,160.740507,0.0
2019-01-26,18,0,126,71.24,71.24,0.0,884.258975,0.0
2019-01-26,18,0,127,91.43,91.43,0.0,1134.865218,0.0
2019-01-26,18,0,128,18.6,18.6,0.0,230.870535,0.0
2019-01-26,18,0,131,0.0,0.0,0.0,0.0,0.0
2019-01-26,18,0,132,0.0,0.0,0.0,0.0,0.0
2019-01-26,18,0,133,139.8,139.8,0.0,1925.147006,0.0
2019-01-26,18,0,134,0.0,0.0,0.0,0.0,0.0
2019-01-26,18,0,135,187.33,187.33,0.0,2579.669447,0.0
2019-01-26,18,0,136,45.9,45.9,0.0,631.228205,0.0
2019-01-26,18,0,139,14.6,14.6,0.0,185.975719,0.0
2019-01-26,18,0,140,62.75,62.75,0.0,1040.959724,0.0
2019-01-26,18,0,141,24.98,24.98,0.0,340.394038,0.0
2019-01-26,18,0,142,163.88,163.88,0.0,2233.13751,0.0
2019-01-26,18,0,143,0.0,0.0,0.0,0.0,0.0
2019-01-26,18,0,145,0.0,0.0,0.0,0.0,0.0
2019-01-26,18,0,146,58.77,58.77,0.0,974.935506,0.0
2019-01-26,18,0,152,1.61,1.61,0.0,21.409813,0.0
2019-01-26,18,0,153,2.04,2.04,0.0,27.083931,0.0
2019-01-26,18,0,154,26.81,26.81,0.0,341.507468,0.0
2019-01-26,18,0,157,50.99,50.99,0.0,694.823539,0.0
2019-01-26,18,0,158,123.81,123.81,0.0,1687.117129,0.0
2019-01-26,18,0,159,0.0,0.0,0.0,0.0,0.0
2019-01-26,18,0,160,0.79,0.79,0.0,10.07335,0.0
2019-01-26,18,0,161,22.91,22.91,0.0,290.024832,0.0
2019-01-26,18,0,162,0.0,0.0,0.0,0.0,0.0
2019-01-26,18,0,163,0.0,0.0,0.0,0.0,0.0
2019-01-26,18,0,164,9.92,9.92,0.0,123.0761,0.0
2019-01-26,18,0,167,1.66,1.66,0.0,30.827033,0.0
2019-01-26,18,0,168,0.83,0.83,0.0,15.413517,0.0
2019-01-26,18,0,169,0.0,0.0,0.0,0.0,0.0
2019-01-26,18,0,170,1.81,1.81,0.0,33.612609,0.0
2019-01-26,18,0,172,2.29,2.29,0.0,41.982014,0.0
2019-01-26,18,0,173,3.5,3.5,0.0,64.16465,0.0
2019-01-26,18,0,188,3.12,3.12,0.0,57.471439,0.0
2019-01-26,18,0,190,3.15,3.15,0.0,58.394965,0.0
2019-01-26,18,0,191,8.13,8.13,0.0,150.714625,0.0
2019-01-26,18,0,192,8.47,8.47,0.0,157.017573,0.0
2019-01-26,18,0,194,0.0,0.0,0.0,0.0,0.0
2019-01-26,18,0,196,2.16,2.16,0.0,38.406727,0.0
2019-01-26,18,0,198,3.3,3.3,0.0,40.599748,0.0
2019-01-26,18,0,199,17.81,17.81,0.0,193.653237,0.0
2019-01-26,18,0,200,5.63,5.63,0.0,61.216605,0.0
2019-01-26,18,0,204,16.6,16.6,0.0,212.847593,0.0
2019-01-26,18,0,205,24.28,24.28,0.0,312.264346,0.0
2019-01-26,18,0,206,16.89,16.89,0.0,209.454345,0.0
2019-01-26,18,0,210,0.35,0.35,0.0,3.51282,0.0
2019-01-26,18,0,214,1.38,1.38,0.0,19.879726,0.0
2019-01-26,18,0,217,1.09,1.09,0.0,13.622591,0.0
2019-01-26,18,0,218,1.5,1.5,0.0,18.746685,0.0
2019-01-26,18,0,219,1.02,1.02,0.0,12.747746,0.0
2019-01-26,18,0,221,0.74,0.74,0.0,10.660143,0.0
2019-01-26,18,0,225,0.71,0.71,0.0,6.973357,0.0
2019-01-26,18,0,233,0.74,0.74,0.0,10.484664,0.0
2019-01-26,18,0,236,55.74,55.74,0.0,755.025424,0.0
2019-01-26,18,0,237,52.5,52.5,0.0,699.56142,0.0
2019-01-26,18,0,238,19.13,19.13,0.0,261.74934,0.0
2019-01-26,18,0,240,3.53,3.53,0.0,45.790245,0.0
2019-01-26,18,0,245,78.0,78.0,0.0,1078.609492,0.0
2019-01-26,18,0,247,164.65,164.65,0.0,2276.83401,0.0
2019-01-26,18,0,248,5.27,5.27,0.0,70.222642,0.0
2019-01-26,18,0,249,150.0,150.0,0.0,2074.249023,0.0
2019-01-26,18,0,251,180.65,180.65,0.0,2479.7348,0.0
2019-01-26,18,0,252,213.15,213.15,0.0,2931.479885,0.0
2019-01-26,18,0,254,3.27,3.27,0.0,41.988331,0.0
2019-01-26,18,0,255,1.5,1.5,0.0,19.260702,0.0
2019-01-26,18,0,258,4.64,4.64,0.0,60.112943,0.0
2019-01-26,18,0,260,1.92,1.92,0.0,24.482065,0.0
2019-01-26,18,0,265,27.75,27.75,0.0,353.481247,0.0
2019-01-26,18,0,266,9.46,9.46,0.0,120.502076,0.0
2019-01-26,18,0,267,11.62,11.62,0.0,148.016292,0.0
2019-01-26,18,0,270,0.0,0.0,0.0,0.0,0.0
2019-01-26,18,0,272,0.0,0.0,0.0,0.0,0.0
2019-01-26,18,0,273,10.06,10.06,0.0,166.885336,0.0
2019-01-26,18,0,274,0.0,0.0,0.0,0.0,0.0
2019-01-26,18,0,275,0.0,0.0,0.0,0.0,0.0
2019-01-26,18,0,276,2.31,2.31,0.0,36.792692,0.0
2019-01-26,18,0,277,2.91,2.91,0.0,34.052778,0.0
2019-01-26,18,0,278,4.66,4.66,0.0,54.531252,0.0
2019-01-26,18,0,279,0.0,0.0,0.0,0.0,0.0
2019-01-26,18,0,281,0.88,0.88,0.0,10.918041,0.0
2019-01-26,18,0,282,133.83,133.83,0.0,1660.410736,0.0
2019-01-26,19,0,9,0.06,0.06,0.0,1.467538,0.0
2019-01-26,19,0,17,0.0,0.0,0.0,-0.0,0.0
2019-01-26,19,0,19,615.51,615.51,0.0,-3265.690932,0.0
2019-01-26,19,0,20,748.14,748.14,0.0,-3969.381511,0.0
2019-01-26,19,0,21,1.33,1.33,0.0,32.530435,0.0
2019-01-26,19,0,22,4.74,4.74,0.0,115.935534,0.0
2019-01-26,19,0,23,8.73,8.73,0.0,213.526838,0.0
2019-01-26,19,0,24,15.45,15.45,0.0,377.89114,0.0
2019-01-26,19,0,29,0.0,0.0,0.0,0.0,0.0
2019-01-26,19,0,30,19.76,19.76,0.0,483.548515,0.0
2019-01-26,19,0,31,0.89,0.89,0.0,21.77926,0.0
2019-01-26,19,0,32,0.0,0.0,0.0,0.0,0.0
2019-01-26,19,0,33,0.0,0.0,0.0,0.0,0.0
2019-01-26,19,0,34,0.0,0.0,0.0,0.0,0.0
2019-01-26,19,0,35,0.0,0.0,0.0,0.0,0.0
2019-01-26,19,0,36,0.0,0.0,0.0,0.0,0.0
2019-01-26,19,0,37,0.0,0.0,0.0,0.0,0.0
2019-01-26,19,0,38,0.0,0.0,0.0,0.0,0.0
2019-01-26,19,0,39,0.0,0.0,0.0,0.0,0.0
2019-01-26,19,0,40,0.0,0.0,0.0,0.0,0.0
2019-01-26,19,0,41,10.33,10.33,0.0,247.345557,0.0
2019-01-26,19,0,42,0.93,0.93,0.0,15.350613,0.0
2019-01-26,19,0,43,0.0,0.0,0.0,0.0,0.0
2019-01-26,19,0,46,0.0,0.0,0.0,0.0,0.0
2019-01-26,19,0,52,0.95,0.95,0.0,23.247525,0.0
2019-01-26,19,0,53,1.5,1.5,0.0,36.706618,0.0
2019-01-26,19,0,55,6.36,6.36,0.0,155.559071,0.0
2019-01-26,19,0,56,5.83,5.83,0.0,142.666389,0.0
2019-01-26,19,0,57,5.55,5.55,0.0,135.814487,0.0
2019-01-26,19,0,58,10.66,10.66,0.0,260.861699,0.0
2019-01-26,19,0,59,10.49,10.49,0.0,256.701616,0.0
2019-01-26,19,0,63,0.0,0.0,0.0,0.0,0.0
2019-01-26,19,0,64,0.0,0.0,0.0,0.0,0.0
2019-01-26,19,0,65,27.43,27.43,0.0,253.71751,0.0
2019-01-26,19,0,67,5.98,5.98,0.0,155.977872,0.0
2019-01-26,19,0,68,0.0,0.0,0.0,0.0,0.0
2019-01-26,19,0,69,0.0,0.0,0.0,0.0,0.0
2019-01-26,19,0,74,16.59,16.59,0.0,391.923762,0.0
2019-01-26,19,0,77,0.0,0.0,0.0,0.0,0.0
2019-01-26,19,0,78,0.0,0.0,0.0,0.0,0.0
2019-01-26,19,0,79,0.0,0.0,0.0,0.0,0.0
2019-01-26,19,0,80,0.0,0.0,0.0,0.0,0.0
2019-01-26,19,0,81,0.0,0.0,0.0,0.0,0.0
2019-01-26,19,0,82,0.0,0.0,0.0,0.0,0.0
2019-01-26,19,0,83,0.0,0.0,0.0,0.0,0.0
2019-01-26,19,0,84,0.0,0.0,0.0,0.0,0.0
2019-01-26,19,0,86,0.0,0.0,0.0,0.0,0.0
2019-01-26,19,0,87,0.0,0.0,0.0,0.0,0.0
2019-01-26,19,0,88,0.0,0.0,0.0,0.0,0.0
2019-01-26,19,0,89,0.0,0.0,0.0,0.0,0.0
2019-01-26,19,0,90,0.0,0.0,0.0,0.0,0.0
2019-01-26,19,0,91,0.0,0.0,0.0,0.0,0.0
2019-01-26,19,0,92,0.0,0.0,0.0,0.0,0.0
2019-01-26,19,0,95,0.0,0.0,0.0,0.0,0.0
2019-01-26,19,0,96,0.65,0.65,0.0,15.914424,0.0
2019-01-26,19,0,97,3.99,3.99,0.0,97.690082,0.0
2019-01-26,19,0,99,3.2,3.2,0.0,75.597109,0.0
2019-01-26,19,0,101,0.4,0.4,0.0,9.788431,0.0
2019-01-26,19,0,102,0.0,0.0,0.0,0.0,0.0
2019-01-26,19,0,103,0.0,0.0,0.0,0.0,0.0
2019-01-26,19,0,104,0.0,0.0,0.0,0.0,0.0
2019-01-26,19,0,106,4.67,4.67,0.0,114.223406,0.0
2019-01-26,19,0,109,4.76,4.76,0.0,111.009217,0.0
2019-01-26,19,0,110,90.06,90.06,0.0,2402.553789,0.0
2019-01-26,19,0,111,0.38,0.38,0.0,9.098868,0.0
2019-01-26,19,0,113,0.0,0.0,0.0,0.0,0.0
2019-01-26,19,0,115,0.0,0.0,0.0,0.0,0.0
2019-01-26,19,0,116,0.0,0.0,0.0,0.0,0.0
2019-01-26,19,0,117,0.0,0.0,0.0,0.0,0.0
2019-01-26,19,0,119,0.0,0.0,0.0,0.0,0.0
2019-01-26,19,0,120,0.0,0.0,0.0,0.0,0.0
2019-01-26,19,0,123,0.08,0.08,0.0,1.956718,0.0
2019-01-26,19,0,125,13.98,13.98,0.0,341.936449,0.0
2019-01-26,19,0,126,3.5,3.5,0.0,85.606407,0.0
2019-01-26,19,0,127,4.49,4.49,0.0,109.820791,0.0
2019-01-26,19,0,128,20.02,20.02,0.0,489.668648,0.0
2019-01-26,19,0,131,0.0,0.0,0.0,0.0,0.0
2019-01-26,19,0,132,0.0,0.0,0.0,0.0,0.0
2019-01-26,19,0,133,135.62,135.62,0.0,3540.477717,0.0
2019-01-26,19,0,134,0.0,0.0,0.0,0.0,0.0
2019-01-26,19,0,135,183.78,183.78,0.0,4797.736284,0.0
2019-01-26,19,0,136,44.4,44.4,0.0,446.161949,0.0
2019-01-26,19,0,139,13.33,13.33,0.0,319.178729,0.0
2019-01-26,19,0,140,66.66,66.66,0.0,1778.305969,0.0
2019-01-26,19,0,141,20.75,20.75,0.0,541.227567,0.0
2019-01-26,19,0,142,7.88,7.88,0.0,205.536059,0.0
2019-01-26,19,0,143,1.46,1.46,0.0,35.727775,0.0
2019-01-26,19,0,145,0.0,0.0,0.0,0.0,0.0
2019-01-26,19,0,146,66.82,66.82,0.0,1782.57433,0.0
2019-01-26,19,0,152,0.02,0.02,0.0,0.470449,0.0
2019-01-26,19,0,153,0.02,0.02,0.0,0.469932,0.0
2019-01-26,19,0,154,1.58,1.58,0.0,37.832137,0.0
2019-01-26,19,0,157,75.95,75.95,0.0,1981.023313,0.0
2019-01-26,19,0,158,5.89,5.89,0.0,153.630379,0.0
2019-01-26,19,0,159,0.0,0.0,0.0,0.0,0.0
2019-01-26,19,0,160,0.0,0.0,0.0,0.0,0.0
2019-01-26,19,0,161,0.81,0.81,0.0,20.970321,0.0
2019-01-26,19,0,162,0.0,0.0,0.0,0.0,0.0
2019-01-26,19,0,163,10.05,10.05,0.0,268.106435,0.0
2019-01-26,19,0,164,1.16,1.16,0.0,28.386451,0.0
2019-01-26,19,0,167,0.0,0.0,0.0,0.0,0.0
2019-01-26,19,0,168,0.0,0.0,0.0,0.0,0.0
2019-01-26,19,0,169,0.0,0.0,0.0,0.0,0.0
2019-01-26,19,0,170,0.0,0.0,0.0,0.0,0.0
2019-01-26,19,0,172,0.0,0.0,0.0,0.0,0.0
2019-01-26,19,0,173,0.0,0.0,0.0,0.0,0.0
2019-01-26,19,0,188,0.0,0.0,0.0,0.0,0.0
2019-01-26,19,0,190,0.0,0.0,0.0,0.0,0.0
2019-01-26,19,0,191,0.0,0.0,0.0,0.0,0.0
2019-01-26,19,0,192,22.54,22.54,0.0,612.842765,0.0
2019-01-26,19,0,194,0.0,0.0,0.0,0.0,0.0
2019-01-26,19,0,196,0.0,0.0,0.0,0.0,0.0
2019-01-26,19,0,198,0.0,0.0,0.0,0.0,0.0
2019-01-26,19,0,199,26.59,26.59,0.0,406.156152,0.0
2019-01-26,19,0,200,0.0,0.0,0.0,0.0,0.0
2019-01-26,19,0,204,17.53,17.53,0.0,408.729841,0.0
2019-01-26,19,0,205,25.19,25.19,0.0,587.462641,0.0
2019-01-26,19,0,206,11.73,11.73,0.0,287.194152,0.0
2019-01-26,19,0,210,0.0,0.0,0.0,0.0,0.0
2019-01-26,19,0,214,0.0,0.0,0.0,0.0,0.0
2019-01-26,19,0,217,0.0,0.0,0.0,0.0,0.0
2019-01-26,19,0,218,0.0,0.0,0.0,0.0,0.0
2019-01-26,19,0,219,0.0,0.0,0.0,0.0,0.0
2019-01-26,19,0,221,0.0,0.0,0.0,0.0,0.0
2019-01-26,19,0,225,0.0,0.0,0.0,0.0,0.0
2019-01-26,19,0,233,0.0,0.0,0.0,0.0,0.0
2019-01-26,19,0,236,36.54,36.54,0.0,870.35106,0.0
2019-01-26,19,0,237,39.8,39.8,0.0,940.239044,0.0
2019-01-26,19,0,238,1.21,1.21,0.0,19.972303,0.0
2019-01-26,19,0,240,0.0,0.0,0.0,0.0,0.0
2019-01-26,19,0,245,78.0,78.0,0.0,1658.250326,0.0
2019-01-26,19,0,247,128.11,128.11,0.0,2723.569863,0.0
2019-01-26,19,0,248,4.0,4.0,0.0,94.496386,0.0
2019-01-26,19,0,249,150.0,150.0,0.0,3188.942935,0.0
2019-01-26,19,0,251,166.66,166.66,0.0,2316.67391,0.0
2019-01-26,19,0,252,176.92,176.92,0.0,1636.445564,0.0
2019-01-26,19,0,254,0.0,0.0,0.0,0.0,0.0
2019-01-26,19,0,255,0.0,0.0,0.0,0.0,0.0
2019-01-26,19,0,258,0.0,0.0,0.0,0.0,0.0
2019-01-26,19,0,260,0.0,0.0,0.0,0.0,0.0
2019-01-26,19,0,265,1.63,1.63,0.0,39.029357,0.0
2019-01-26,19,0,266,8.63,8.63,0.0,206.640092,0.0
2019-01-26,19,0,267,10.61,10.61,0.0,254.049986,0.0
2019-01-26,19,0,270,31.38,31.38,0.0,837.132333,0.0
2019-01-26,19,0,272,0.0,0.0,0.0,0.0,0.0
2019-01-26,19,0,273,0.0,0.0,0.0,0.0,0.0
2019-01-26,19,0,274,40.45,40.45,0.0,1079.095056,0.0
2019-01-26,19,0,275,56.31,56.31,0.0,1502.196356,0.0
2019-01-26,19,0,276,0.01,0.01,0.0,0.265446,0.0
2019-01-26,19,0,277,0.03,0.03,0.0,0.773441,0.0
2019-01-26,19,0,278,0.04,0.04,0.0,1.031255,0.0
2019-01-26,19,0,279,0.0,0.0,0.0,0.0,0.0
2019-01-26,19,0,281,0.4,0.4,0.0,9.788431,0.0
2019-01-26,19,0,282,10.84,10.84,0.0,265.266493,0.0
2019-01-26,20,0,9,0.0,0.0,0.0,0.0,0.0
2019-01-26,20,0,17,0.0,0.0,0.0,-0.0,0.0
2019-01-26,20,0,19,643.3,643.3,0.0,-3472.830172,0.0
2019-01-26,20,0,20,780.2,780.2,0.0,-4211.879528,0.0
2019-01-26,20,0,21,0.0,0.0,0.0,0.0,0.0
2019-01-26,20,0,22,0.0,0.0,0.0,0.0,0.0
2019-01-26,20,0,23,3.57,3.57,0.0,87.332843,0.0
2019-01-26,20,0,24,6.32,6.32,0.0,154.606042,0.0
2019-01-26,20,0,29,0.0,0.0,0.0,0.0,0.0
2019-01-26,20,0,30,0.0,0.0,0.0,0.0,0.0
2019-01-26,20,0,31,0.99,0.99,0.0,24.230294,0.0
2019-01-26,20,0,32,0.0,0.0,0.0,0.0,0.0
2019-01-26,20,0,33,0.0,0.0,0.0,0.0,0.0
2019-01-26,20,0,34,0.0,0.0,0.0,0.0,0.0
2019-01-26,20,0,35,0.0,0.0,0.0,0.0,0.0
2019-01-26,20,0,36,0.0,0.0,0.0,0.0,0.0
2019-01-26,20,0,37,0.0,0.0,0.0,0.0,0.0
2019-01-26,20,0,38,0.0,0.0,0.0,0.0,0.0
2019-01-26,20,0,39,0.0,0.0,0.0,0.0,0.0
2019-01-26,20,0,40,0.0,0.0,0.0,0.0,0.0
2019-01-26,20,0,41,19.48,19.48,0.0,466.52106,0.0
2019-01-26,20,0,42,0.0,0.0,0.0,0.0,0.0
2019-01-26,20,0,43,0.0,0.0,0.0,0.0,0.0
2019-01-26,20,0,46,0.0,0.0,0.0,0.0,0.0
2019-01-26,20,0,52,1.05,1.05,0.0,25.698797,0.0
2019-01-26,20,0,53,1.67,1.67,0.0,40.873324,0.0
2019-01-26,20,0,55,6.81,6.81,0.0,166.592903,0.0
2019-01-26,20,0,56,0.0,0.0,0.0,0.0,0.0
2019-01-26,20,0,57,0.0,0.0,0.0,0.0,0.0
2019-01-26,20,0,58,0.0,0.0,0.0,0.0,0.0
2019-01-26,20,0,59,0.0,0.0,0.0,0.0,0.0
2019-01-26,20,0,63,3.45,3.45,0.0,93.802464,0.0
2019-01-26,20,0,64,4.06,4.06,0.0,110.387827,0.0
2019-01-26,20,0,65,20.95,20.95,0.0,192.670529,0.0
2019-01-26,20,0,67,0.0,0.0,0.0,0.0,0.0
2019-01-26,20,0,68,0.0,0.0,0.0,0.0,0.0
2019-01-26,20,0,69,0.0,0.0,0.0,0.0,0.0
2019-01-26,20,0,74,13.76,13.76,0.0,325.042749,0.0
2019-01-26,20,0,77,0.0,0.0,0.0,0.0,0.0
2019-01-26,20,0,78,0.0,0.0,0.0,0.0,0.0
2019-01-26,20,0,79,0.0,0.0,0.0,0.0,0.0
2019-01-26,20,0,80,0.0,0.0,0.0,0.0,0.0
2019-01-26,20,0,81,0.0,0.0,0.0,0.0,0.0
2019-01-26,20,0,82,0.0,0.0,0.0,0.0,0.0
2019-01-26,20,0,83,0.0,0.0,0.0,0.0,0.0
2019-01-26,20,0,84,0.0,0.0,0.0,0.0,0.0
2019-01-26,20,0,86,0.0,0.0,0.0,0.0,0.0
2019-01-26,20,0,87,0.0,0.0,0.0,0.0,0.0
2019-01-26,20,0,88,0.0,0.0,0.0,0.0,0.0
2019-01-26,20,0,89,0.0,0.0,0.0,0.0,0.0
2019-01-26,20,0,90,0.0,0.0,0.0,0.0,0.0
2019-01-26,20,0,91,0.0,0.0,0.0,0.0,0.0
2019-01-26,20,0,92,0.0,0.0,0.0,0.0,0.0
2019-01-26,20,0,95,0.0,0.0,0.0,0.0,0.0
2019-01-26,20,0,96,0.0,0.0,0.0,0.0,0.0
2019-01-26,20,0,97,0.0,0.0,0.0,0.0,0.0
2019-01-26,20,0,99,2.66,2.66,0.0,62.835299,0.0
2019-01-26,20,0,101,0.0,0.0,0.0,0.0,0.0
2019-01-26,20,0,102,0.0,0.0,0.0,0.0,0.0
2019-01-26,20,0,103,0.0,0.0,0.0,0.0,0.0
2019-01-26,20,0,104,0.0,0.0,0.0,0.0,0.0
2019-01-26,20,0,106,0.0,0.0,0.0,0.0,0.0
2019-01-26,20,0,109,7.83,7.83,0.0,182.676903,0.0
2019-01-26,20,0,110,53.36,53.36,0.0,1423.46946,0.0
2019-01-26,20,0,111,0.0,0.0,0.0,0.0,0.0
2019-01-26,20,0,113,1.0,1.0,0.0,25.869228,0.0
2019-01-26,20,0,115,1.0,1.0,0.0,25.869228,0.0
2019-01-26,20,0,116,0.0,0.0,0.0,0.0,0.0
2019-01-26,20,0,117,0.07,0.07,0.0,1.810846,0.0
2019-01-26,20,0,119,4.06,4.06,0.0,110.387827,0.0
2019-01-26,20,0,120,2.38,2.38,0.0,64.710106,0.0
2019-01-26,20,0,123,0.0,0.0,0.0,0.0,0.0
2019-01-26,20,0,125,5.72,5.72,0.0,139.928253,0.0
2019-01-26,20,0,126,0.0,0.0,0.0,0.0,0.0
2019-01-26,20,0,127,0.0,0.0,0.0,0.0,0.0
2019-01-26,20,0,128,8.19,8.19,0.0,200.351817,0.0
2019-01-26,20,0,131,0.0,0.0,0.0,0.0,0.0
2019-01-26,20,0,132,0.0,0.0,0.0,0.0,0.0
2019-01-26,20,0,133,103.8,103.8,0.0,2708.967398,0.0
2019-01-26,20,0,134,0.0,0.0,0.0,0.0,0.0
2019-01-26,20,0,135,138.32,138.32,0.0,3609.868695,0.0
2019-01-26,20,0,136,33.36,33.36,0.0,333.530878,0.0
2019-01-26,20,0,139,26.07,26.07,0.0,624.343123,0.0
2019-01-26,20,0,140,39.49,39.49,0.0,1053.463436,0.0
2019-01-26,20,0,141,10.43,10.43,0.0,272.041376,0.0
2019-01-26,20,0,142,0.0,0.0,0.0,0.0,0.0
2019-01-26,20,0,143,2.57,2.57,0.0,62.900864,0.0
2019-01-26,20,0,145,0.0,0.0,0.0,0.0,0.0
2019-01-26,20,0,146,71.2,71.2,0.0,1899.382038,0.0
2019-01-26,20,0,152,0.0,0.0,0.0,0.0,0.0
2019-01-26,20,0,153,0.0,0.0,0.0,0.0,0.0
2019-01-26,20,0,154,0.0,0.0,0.0,0.0,0.0
2019-01-26,20,0,157,80.64,80.64,0.0,2103.299763,0.0
2019-01-26,20,0,158,0.0,0.0,0.0,0.0,0.0
2019-01-26,20,0,159,0.0,0.0,0.0,0.0,0.0
2019-01-26,20,0,160,0.0,0.0,0.0,0.0,0.0
2019-01-26,20,0,161,0.0,0.0,0.0,0.0,0.0
2019-01-26,20,0,162,0.0,0.0,0.0,0.0,0.0
2019-01-26,20,0,163,9.79,9.79,0.0,261.16503,0.0
2019-01-26,20,0,164,0.0,0.0,0.0,0.0,0.0
2019-01-26,20,0,167,0.0,0.0,0.0,0.0,0.0
2019-01-26,20,0,168,0.0,0.0,0.0,0.0,0.0
2019-01-26,20,0,169,0.0,0.0,0.0,0.0,0.0
2019-01-26,20,0,170,0.0,0.0,0.0,0.0,0.0
2019-01-26,20,0,172,0.0,0.0,0.0,0.0,0.0
2019-01-26,20,0,173,0.0,0.0,0.0,0.0,0.0
2019-01-26,20,0,188,0.0,0.0,0.0,0.0,0.0
2019-01-26,20,0,190,0.0,0.0,0.0,0.0,0.0
2019-01-26,20,0,191,0.0,0.0,0.0,0.0,0.0
2019-01-26,20,0,192,13.98,13.98,0.0,380.103898,0.0
2019-01-26,20,0,194,3.55,3.55,0.0,92.057453,0.0
2019-01-26,20,0,196,0.0,0.0,0.0,0.0,0.0
2019-01-26,20,0,198,0.0,0.0,0.0,0.0,0.0
2019-01-26,20,0,199,27.73,27.73,0.0,422.61172,0.0
2019-01-26,20,0,200,0.0,0.0,0.0,0.0,0.0
2019-01-26,20,0,204,65.55,65.55,0.0,1529.007394,0.0
2019-01-26,20,0,205,41.42,41.42,0.0,966.344488,0.0
2019-01-26,20,0,206,0.0,0.0,0.0,0.0,0.0
2019-01-26,20,0,210,0.0,0.0,0.0,0.0,0.0
2019-01-26,20,0,214,0.0,0.0,0.0,0.0,0.0
2019-01-26,20,0,217,0.0,0.0,0.0,0.0,0.0
2019-01-26,20,0,218,0.0,0.0,0.0,0.0,0.0
2019-01-26,20,0,219,0.0,0.0,0.0,0.0,0.0
2019-01-26,20,0,221,0.0,0.0,0.0,0.0,0.0
2019-01-26,20,0,225,0.0,0.0,0.0,0.0,0.0
2019-01-26,20,0,233,0.0,0.0,0.0,0.0,0.0
2019-01-26,20,0,236,26.65,26.65,0.0,634.590475,0.0
2019-01-26,20,0,237,33.0,33.0,0.0,779.535663,0.0
2019-01-26,20,0,238,0.0,0.0,0.0,0.0,0.0
2019-01-26,20,0,240,0.0,0.0,0.0,0.0,0.0
2019-01-26,20,0,245,145.89,145.89,0.0,3098.243189,0.0
2019-01-26,20,0,247,90.44,90.44,0.0,1920.660183,0.0
2019-01-26,20,0,248,3.31,3.31,0.0,78.189789,0.0
2019-01-26,20,0,249,280.44,280.44,0.0,5955.660566,0.0
2019-01-26,20,0,251,116.54,116.54,0.0,1615.364143,0.0
2019-01-26,20,0,252,135.16,135.16,0.0,1243.023802,0.0
2019-01-26,20,0,254,0.0,0.0,0.0,0.0,0.0
2019-01-26,20,0,255,0.0,0.0,0.0,0.0,0.0
2019-01-26,20,0,258,0.0,0.0,0.0,0.0,0.0
2019-01-26,20,0,260,0.0,0.0,0.0,0.0,0.0
2019-01-26,20,0,265,0.0,0.0,0.0,0.0,0.0
2019-01-26,20,0,266,15.89,15.89,0.0,380.545156,0.0
2019-01-26,20,0,267,20.09,20.09,0.0,481.129779,0.0
2019-01-26,20,0,270,30.56,30.56,0.0,815.24038,0.0
2019-01-26,20,0,272,3.34,3.34,0.0,86.403223,0.0
2019-01-26,20,0,273,0.0,0.0,0.0,0.0,0.0
2019-01-26,20,0,274,39.39,39.39,0.0,1050.795765,0.0
2019-01-26,20,0,275,54.84,54.84,0.0,1462.950997,0.0
2019-01-26,20,0,276,0.0,0.0,0.0,0.0,0.0
2019-01-26,20,0,277,0.0,0.0,0.0,0.0,0.0
2019-01-26,20,0,278,0.0,0.0,0.0,0.0,0.0
2019-01-26,20,0,279,17.13,17.13,0.0,441.617203,0.0
2019-01-26,20,0,281,0.45,0.45,0.0,11.01377,0.0
2019-01-26,20,0,282,0.0,0.0,0.0,0.0,0.0
2019-01-26,21,0,9,0.0,0.0,0.0,0.0,0.0
2019-01-26,21,0,17,0.0,0.0,0.0,0.0,0.0
2019-01-26,21,0,19,522.52,522.52,0.0,2910.165859,0.0
2019-01-26,21,0,20,633.72,633.72,0.0,3529.492284,0.0
2019-01-26,21,0,21,0.0,0.0,0.0,0.0,0.0
2019-01-26,21,0,22,0.0,0.0,0.0,0.0,0.0
2019-01-26,21,0,23,0.0,0.0,0.0,0.0,0.0
2019-01-26,21,0,24,0.0,0.0,0.0,0.0,0.0
2019-01-26,21,0,29,0.0,0.0,0.0,0.0,0.0
2019-01-26,21,0,30,0.0,0.0,0.0,0.0,0.0
2019-01-26,21,0,31,1.22,1.22,0.0,21.108714,0.0
2019-01-26,21,0,32,0.0,0.0,0.0,0.0,0.0
2019-01-26,21,0,33,0.0,0.0,0.0,0.0,0.0
2019-01-26,21,0,34,0.0,0.0,0.0,0.0,0.0
2019-01-26,21,0,35,0.0,0.0,0.0,0.0,0.0
2019-01-26,21,0,36,0.0,0.0,0.0,0.0,0.0
2019-01-26,21,0,37,0.0,0.0,0.0,0.0,0.0
2019-01-26,21,0,38,0.0,0.0,0.0,0.0,0.0
2019-01-26,21,0,39,0.0,0.0,0.0,0.0,0.0
2019-01-26,21,0,40,0.0,0.0,0.0,0.0,0.0
2019-01-26,21,0,41,39.54,39.54,0.0,658.859468,0.0
2019-01-26,21,0,42,0.0,0.0,0.0,0.0,0.0
2019-01-26,21,0,43,0.0,0.0,0.0,0.0,0.0
2019-01-26,21,0,46,0.0,0.0,0.0,0.0,0.0
2019-01-26,21,0,52,1.29,1.29,0.0,22.319869,0.0
2019-01-26,21,0,53,2.06,2.06,0.0,35.642582,0.0
2019-01-26,21,0,55,9.56,9.56,0.0,165.294563,0.0
2019-01-26,21,0,56,0.0,0.0,0.0,0.0,0.0
2019-01-26,21,0,57,0.0,0.0,0.0,0.0,0.0
2019-01-26,21,0,58,0.0,0.0,0.0,0.0,0.0
2019-01-26,21,0,59,0.0,0.0,0.0,0.0,0.0
2019-01-26,21,0,63,6.86,6.86,0.0,186.517363,0.0
2019-01-26,21,0,64,8.07,8.07,0.0,219.416198,0.0
2019-01-26,21,0,65,15.69,15.69,0.0,163.957426,0.0
2019-01-26,21,0,67,0.0,0.0,0.0,0.0,0.0
2019-01-26,21,0,68,0.55,0.55,0.0,10.759522,0.0
2019-01-26,21,0,69,0.0,0.0,0.0,0.0,0.0
2019-01-26,21,0,74,11.58,11.58,0.0,182.696417,0.0
2019-01-26,21,0,77,7.22,7.22,0.0,133.159586,0.0
2019-01-26,21,0,78,5.47,5.47,0.0,100.884063,0.0
2019-01-26,21,0,79,3.17,3.17,0.0,58.464804,0.0
2019-01-26,21,0,80,5.12,5.12,0.0,94.428959,0.0
2019-01-26,21,0,81,6.69,6.69,0.0,123.384714,0.0
2019-01-26,21,0,82,4.73,4.73,0.0,87.236128,0.0
2019-01-26,21,0,83,10.47,10.47,0.0,193.099843,0.0
2019-01-26,21,0,84,0.0,0.0,0.0,0.0,0.0
2019-01-26,21,0,86,0.0,0.0,0.0,0.0,0.0
2019-01-26,21,0,87,0.0,0.0,0.0,0.0,0.0
2019-01-26,21,0,88,11.01,11.01,0.0,203.059147,0.0
2019-01-26,21,0,89,10.58,10.58,0.0,195.12859,0.0
2019-01-26,21,0,90,14.21,14.21,0.0,262.077246,0.0
2019-01-26,21,0,91,50.68,50.68,0.0,934.699145,0.0
2019-01-26,21,0,92,18.23,18.23,0.0,336.218734,0.0
2019-01-26,21,0,95,0.0,0.0,0.0,0.0,0.0
2019-01-26,21,0,96,0.0,0.0,0.0,0.0,0.0
2019-01-26,21,0,97,0.0,0.0,0.0,0.0,0.0
2019-01-26,21,0,99,2.23,2.23,0.0,35.182471,0.0
2019-01-26,21,0,101,0.0,0.0,0.0,0.0,0.0
2019-01-26,21,0,102,1.31,1.31,0.0,25.627225,0.0
2019-01-26,21,0,103,1.14,1.14,0.0,22.301555,0.0
2019-01-26,21,0,104,0.21,0.21,0.0,4.108181,0.0
2019-01-26,21,0,106,0.0,0.0,0.0,0.0,0.0
2019-01-26,21,0,109,16.91,16.91,0.0,274.86247,0.0
2019-01-26,21,0,110,37.11,37.11,0.0,914.69494,0.0
2019-01-26,21,0,111,0.0,0.0,0.0,0.0,0.0
2019-01-26,21,0,113,7.71,7.71,0.0,142.191028,0.0
2019-01-26,21,0,115,7.71,7.71,0.0,142.191028,0.0
2019-01-26,21,0,116,0.0,0.0,0.0,0.0,0.0
2019-01-26,21,0,117,0.52,0.52,0.0,9.590056,0.0
2019-01-26,21,0,119,8.07,8.07,0.0,219.416198,0.0
2019-01-26,21,0,120,4.74,4.74,0.0,128.876429,0.0
2019-01-26,21,0,123,0.0,0.0,0.0,0.0,0.0
2019-01-26,21,0,125,0.0,0.0,0.0,0.0,0.0
2019-01-26,21,0,126,0.0,0.0,0.0,0.0,0.0
2019-01-26,21,0,127,0.0,0.0,0.0,0.0,0.0
2019-01-26,21,0,128,0.0,0.0,0.0,0.0,0.0
2019-01-26,21,0,131,0.8,0.8,0.0,15.382748,0.0
2019-01-26,21,0,132,1.18,1.18,0.0,22.689554,0.0
2019-01-26,21,0,133,68.11,68.11,0.0,1093.668758,0.0
2019-01-26,21,0,134,0.0,0.0,0.0,0.0,0.0
2019-01-26,21,0,135,88.56,88.56,0.0,1422.042361,0.0
2019-01-26,21,0,136,24.52,24.52,0.0,262.79859,0.0
2019-01-26,21,0,139,52.09,52.09,0.0,867.98153,0.0
2019-01-26,21,0,140,27.46,27.46,0.0,676.839748,0.0
2019-01-26,21,0,141,8.33,8.33,0.0,173.385818,0.0
2019-01-26,21,0,142,0.0,0.0,0.0,0.0,0.0
2019-01-26,21,0,143,4.63,4.63,0.0,80.109299,0.0
2019-01-26,21,0,145,0.98,0.98,0.0,16.574958,0.0
2019-01-26,21,0,146,92.64,92.64,0.0,2283.409842,0.0
2019-01-26,21,0,152,0.0,0.0,0.0,0.0,0.0
2019-01-26,21,0,153,0.0,0.0,0.0,0.0,0.0
2019-01-26,21,0,154,0.0,0.0,0.0,0.0,0.0
2019-01-26,21,0,157,94.59,94.59,0.0,1968.855282,0.0
2019-01-26,21,0,158,0.0,0.0,0.0,0.0,0.0
2019-01-26,21,0,159,0.0,0.0,0.0,0.0,0.0
2019-01-26,21,0,160,0.0,0.0,0.0,0.0,0.0
2019-01-26,21,0,161,0.0,0.0,0.0,0.0,0.0
2019-01-26,21,0,162,0.0,0.0,0.0,0.0,0.0
2019-01-26,21,0,163,12.57,12.57,0.0,309.827955,0.0
2019-01-26,21,0,164,0.0,0.0,0.0,0.0,0.0
2019-01-26,21,0,167,0.0,0.0,0.0,0.0,0.0
2019-01-26,21,0,168,0.0,0.0,0.0,0.0,0.0
2019-01-26,21,0,169,0.0,0.0,0.0,0.0,0.0
2019-01-26,21,0,170,0.0,0.0,0.0,0.0,0.0
2019-01-26,21,0,172,0.0,0.0,0.0,0.0,0.0
2019-01-26,21,0,173,0.0,0.0,0.0,0.0,0.0
2019-01-26,21,0,188,0.0,0.0,0.0,0.0,0.0
2019-01-26,21,0,190,0.0,0.0,0.0,0.0,0.0
2019-01-26,21,0,191,0.0,0.0,0.0,0.0,0.0
2019-01-26,21,0,192,8.37,8.37,0.0,227.572934,0.0
2019-01-26,21,0,194,14.79,14.79,0.0,258.971364,0.0
2019-01-26,21,0,196,0.0,0.0,0.0,0.0,0.0
2019-01-26,21,0,198,0.0,0.0,0.0,0.0,0.0
2019-01-26,21,0,199,29.0,29.0,0.0,428.214055,0.0
2019-01-26,21,0,200,0.0,0.0,0.0,0.0,0.0
2019-01-26,21,0,204,213.62,213.62,0.0,3482.547305,0.0
2019-01-26,21,0,205,78.48,78.48,0.0,1275.647937,0.0
2019-01-26,21,0,206,0.0,0.0,0.0,0.0,0.0
2019-01-26,21,0,210,0.0,0.0,0.0,0.0,0.0
2019-01-26,21,0,214,0.0,0.0,0.0,0.0,0.0
2019-01-26,21,0,217,0.0,0.0,0.0,0.0,0.0
2019-01-26,21,0,218,0.0,0.0,0.0,0.0,0.0
2019-01-26,21,0,219,0.0,0.0,0.0,0.0,0.0
2019-01-26,21,0,221,0.0,0.0,0.0,0.0,0.0
2019-01-26,21,0,225,0.0,0.0,0.0,0.0,0.0
2019-01-26,21,0,233,0.0,0.0,0.0,0.0,0.0
2019-01-26,21,0,236,19.59,19.59,0.0,304.982188,0.0
2019-01-26,21,0,237,27.77,27.77,0.0,438.12431,0.0
2019-01-26,21,0,238,0.0,0.0,0.0,0.0,0.0
2019-01-26,21,0,240,0.0,0.0,0.0,0.0,0.0
2019-01-26,21,0,245,238.23,238.23,0.0,3423.042206,0.0
2019-01-26,21,0,247,66.56,66.56,0.0,956.376985,0.0
2019-01-26,21,0,248,2.79,2.79,0.0,44.017531,0.0
2019-01-26,21,0,249,458.14,458.14,0.0,6582.850843,0.0
2019-01-26,21,0,251,77.82,77.82,0.0,936.580415,0.0
2019-01-26,21,0,252,101.21,101.21,0.0,1057.624672,0.0
2019-01-26,21,0,254,0.0,0.0,0.0,0.0,0.0
2019-01-26,21,0,255,0.0,0.0,0.0,0.0,0.0
2019-01-26,21,0,258,0.0,0.0,0.0,0.0,0.0
2019-01-26,21,0,260,0.0,0.0,0.0,0.0,0.0
2019-01-26,21,0,265,0.0,0.0,0.0,0.0,0.0
2019-01-26,21,0,266,32.62,32.62,0.0,543.55073,0.0
2019-01-26,21,0,267,40.72,40.72,0.0,678.521941,0.0
2019-01-26,21,0,270,39.25,39.25,0.0,967.442102,0.0
2019-01-26,21,0,272,25.74,25.74,0.0,474.707789,0.0
2019-01-26,21,0,273,0.0,0.0,0.0,0.0,0.0
2019-01-26,21,0,274,50.6,50.6,0.0,1247.199245,0.0
2019-01-26,21,0,275,70.44,70.44,0.0,1736.21966,0.0
2019-01-26,21,0,276,0.0,0.0,0.0,0.0,0.0
2019-01-26,21,0,277,0.0,0.0,0.0,0.0,0.0
2019-01-26,21,0,278,0.0,0.0,0.0,0.0,0.0
2019-01-26,21,0,279,58.83,58.83,0.0,1084.984788,0.0
2019-01-26,21,0,281,0.55,0.55,0.0,9.516223,0.0
2019-01-26,21,0,282,0.0,0.0,0.0,0.0,0.0
2019-01-26,22,0,9,0.0,0.0,0.0,0.0,0.0
2019-01-26,22,0,17,0.0,0.0,0.0,0.0,0.0
2019-01-26,22,0,19,354.84,354.84,0.0,4058.812735,0.0
2019-01-26,22,0,20,430.36,430.36,0.0,4922.643018,0.0
2019-01-26,22,0,21,0.0,0.0,0.0,0.0,0.0
2019-01-26,22,0,22,0.0,0.0,0.0,0.0,0.0
2019-01-26,22,0,23,0.0,0.0,0.0,0.0,0.0
2019-01-26,22,0,24,0.0,0.0,0.0,0.0,0.0
2019-01-26,22,0,29,0.0,0.0,0.0,0.0,0.0
2019-01-26,22,0,30,0.0,0.0,0.0,0.0,0.0
2019-01-26,22,0,31,1.6,1.6,0.0,18.172476,0.0
2019-01-26,22,0,32,0.0,0.0,0.0,0.0,0.0
2019-01-26,22,0,33,0.0,0.0,0.0,0.0,0.0
2019-01-26,22,0,34,0.0,0.0,0.0,0.0,0.0
2019-01-26,22,0,35,0.0,0.0,0.0,0.0,0.0
2019-01-26,22,0,36,0.0,0.0,0.0,0.0,0.0
2019-01-26,22,0,37,0.0,0.0,0.0,0.0,0.0
2019-01-26,22,0,38,0.0,0.0,0.0,0.0,0.0
2019-01-26,22,0,39,0.0,0.0,0.0,0.0,0.0
2019-01-26,22,0,40,0.0,0.0,0.0,0.0,0.0
2019-01-26,22,0,41,46.13,46.13,0.0,525.179503,0.0
2019-01-26,22,0,42,0.0,0.0,0.0,0.0,0.0
2019-01-26,22,0,43,0.0,0.0,0.0,0.0,0.0
2019-01-26,22,0,46,0.0,0.0,0.0,0.0,0.0
2019-01-26,22,0,52,1.7,1.7,0.0,19.308255,0.0
2019-01-26,22,0,53,2.7,2.7,0.0,30.666053,0.0
2019-01-26,22,0,55,29.1,29.1,0.0,330.526689,0.0
2019-01-26,22,0,56,0.0,0.0,0.0,0.0,0.0
2019-01-26,22,0,57,0.0,0.0,0.0,0.0,0.0
2019-01-26,22,0,58,0.0,0.0,0.0,0.0,0.0
2019-01-26,22,0,59,0.0,0.0,0.0,0.0,0.0
2019-01-26,22,0,63,12.43,12.43,0.0,229.547425,0.0
2019-01-26,22,0,64,14.62,14.62,0.0,269.990616,0.0
2019-01-26,22,0,65,11.36,11.36,0.0,129.934121,0.0
2019-01-26,22,0,67,0.0,0.0,0.0,0.0,0.0
2019-01-26,22,0,68,1.69,1.69,0.0,20.568589,0.0
2019-01-26,22,0,69,0.0,0.0,0.0,0.0,0.0
2019-01-26,22,0,74,9.91,9.91,0.0,113.189436,0.0
2019-01-26,22,0,77,34.98,34.98,0.0,395.604911,0.0
2019-01-26,22,0,78,26.44,26.44,0.0,299.022123,0.0
2019-01-26,22,0,79,15.3,15.3,0.0,173.034738,0.0
2019-01-26,22,0,80,24.75,24.75,0.0,279.909135,0.0
2019-01-26,22,0,81,32.35,32.35,0.0,365.861031,0.0
2019-01-26,22,0,82,22.82,22.82,0.0,258.081877,0.0
2019-01-26,22,0,83,50.89,50.89,0.0,575.53842,0.0
2019-01-26,22,0,84,0.0,0.0,0.0,0.0,0.0
2019-01-26,22,0,86,0.0,0.0,0.0,0.0,0.0
2019-01-26,22,0,87,0.0,0.0,0.0,0.0,0.0
2019-01-26,22,0,88,37.74,37.74,0.0,426.819021,0.0
2019-01-26,22,0,89,36.28,36.28,0.0,410.307209,0.0
2019-01-26,22,0,90,48.71,48.71,0.0,550.883797,0.0
2019-01-26,22,0,91,173.76,173.76,0.0,1965.131771,0.0
2019-01-26,22,0,92,62.49,62.49,0.0,706.728156,0.0
2019-01-26,22,0,95,0.0,0.0,0.0,0.0,0.0
2019-01-26,22,0,96,1.14,1.14,0.0,12.947284,0.0
2019-01-26,22,0,97,7.01,7.01,0.0,79.614437,0.0
2019-01-26,22,0,99,1.91,1.91,0.0,21.815522,0.0
2019-01-26,22,0,101,0.0,0.0,0.0,0.0,0.0
2019-01-26,22,0,102,4.0,4.0,0.0,48.683051,0.0
2019-01-26,22,0,103,3.48,3.48,0.0,42.354255,0.0
2019-01-26,22,0,104,0.65,0.65,0.0,7.910996,0.0
2019-01-26,22,0,106,0.0,0.0,0.0,0.0,0.0
2019-01-26,22,0,109,51.3,51.3,0.0,584.935258,0.0
2019-01-26,22,0,110,36.88,36.88,0.0,604.440117,0.0
2019-01-26,22,0,111,0.0,0.0,0.0,0.0,0.0
2019-01-26,22,0,113,36.08,36.08,0.0,400.028627,0.0
2019-01-26,22,0,115,36.08,36.08,0.0,400.028627,0.0
2019-01-26,22,0,116,0.0,0.0,0.0,0.0,0.0
2019-01-26,22,0,117,2.4,2.4,0.0,26.609443,0.0
2019-01-26,22,0,119,14.62,14.62,0.0,269.990616,0.0
2019-01-26,22,0,120,8.6,8.6,0.0,158.818009,0.0
2019-01-26,22,0,123,0.0,0.0,0.0,0.0,0.0
2019-01-26,22,0,125,0.0,0.0,0.0,0.0,0.0
2019-01-26,22,0,126,0.0,0.0,0.0,0.0,0.0
2019-01-26,22,0,127,0.0,0.0,0.0,0.0,0.0
2019-01-26,22,0,128,0.0,0.0,0.0,0.0,0.0
2019-01-26,22,0,131,3.75,3.75,0.0,44.600319,0.0
2019-01-26,22,0,132,5.52,5.52,0.0,65.65167,0.0
2019-01-26,22,0,133,77.02,77.02,0.0,880.99205,0.0
2019-01-26,22,0,134,0.0,0.0,0.0,0.0,0.0
2019-01-26,22,0,135,103.21,103.21,0.0,1180.56595,0.0
2019-01-26,22,0,136,17.34,17.34,0.0,198.332,0.0
2019-01-26,22,0,139,59.57,59.57,0.0,678.19083,0.0
2019-01-26,22,0,140,27.29,27.29,0.0,447.26602,0.0
2019-01-26,22,0,141,13.19,13.19,0.0,174.229833,0.0
2019-01-26,22,0,142,0.0,0.0,0.0,0.0,0.0
2019-01-26,22,0,143,8.04,8.04,0.0,91.316691,0.0
2019-01-26,22,0,145,11.96,11.96,0.0,136.036584,0.0
2019-01-26,22,0,146,134.24,134.24,0.0,2200.109581,0.0
2019-01-26,22,0,152,0.0,0.0,0.0,0.0,0.0
2019-01-26,22,0,153,0.0,0.0,0.0,0.0,0.0
2019-01-26,22,0,154,0.0,0.0,0.0,0.0,0.0
2019-01-26,22,0,157,120.26,120.26,0.0,1588.542813,0.0
2019-01-26,22,0,158,0.0,0.0,0.0,0.0,0.0
2019-01-26,22,0,159,0.0,0.0,0.0,0.0,0.0
2019-01-26,22,0,160,0.0,0.0,0.0,0.0,0.0
2019-01-26,22,0,161,0.0,0.0,0.0,0.0,0.0
2019-01-26,22,0,162,0.0,0.0,0.0,0.0,0.0
2019-01-26,22,0,163,19.37,19.37,0.0,317.462177,0.0
2019-01-26,22,0,164,0.0,0.0,0.0,0.0,0.0
2019-01-26,22,0,167,0.0,0.0,0.0,0.0,0.0
2019-01-26,22,0,168,0.0,0.0,0.0,0.0,0.0
2019-01-26,22,0,169,0.0,0.0,0.0,0.0,0.0
2019-01-26,22,0,170,0.0,0.0,0.0,0.0,0.0
2019-01-26,22,0,172,0.0,0.0,0.0,0.0,0.0
2019-01-26,22,0,173,0.0,0.0,0.0,0.0,0.0
2019-01-26,22,0,188,0.0,0.0,0.0,0.0,0.0
2019-01-26,22,0,190,0.0,0.0,0.0,0.0,0.0
2019-01-26,22,0,191,0.0,0.0,0.0,0.0,0.0
2019-01-26,22,0,192,0.0,0.0,0.0,0.0,0.0
2019-01-26,22,0,194,38.65,38.65,0.0,390.634161,0.0
2019-01-26,22,0,196,0.0,0.0,0.0,0.0,0.0
2019-01-26,22,0,198,0.0,0.0,0.0,0.0,0.0
2019-01-26,22,0,199,30.39,30.39,0.0,337.737824,0.0
2019-01-26,22,0,200,0.0,0.0,0.0,0.0,0.0
2019-01-26,22,0,204,355.53,355.53,0.0,4053.128436,0.0
2019-01-26,22,0,205,255.23,255.23,0.0,2910.195437,0.0
2019-01-26,22,0,206,20.59,20.59,0.0,233.846114,0.0
2019-01-26,22,0,210,0.0,0.0,0.0,0.0,0.0
2019-01-26,22,0,214,0.0,0.0,0.0,0.0,0.0
2019-01-26,22,0,217,0.0,0.0,0.0,0.0,0.0
2019-01-26,22,0,218,0.0,0.0,0.0,0.0,0.0
2019-01-26,22,0,219,0.0,0.0,0.0,0.0,0.0
2019-01-26,22,0,221,0.0,0.0,0.0,0.0,0.0
2019-01-26,22,0,225,0.0,0.0,0.0,0.0,0.0
2019-01-26,22,0,233,0.0,0.0,0.0,0.0,0.0
2019-01-26,22,0,236,14.97,14.97,0.0,171.117309,0.0
2019-01-26,22,0,237,23.77,23.77,0.0,271.494741,0.0
2019-01-26,22,0,238,0.0,0.0,0.0,0.0,0.0
2019-01-26,22,0,240,0.0,0.0,0.0,0.0,0.0
2019-01-26,22,0,245,188.99,188.99,0.0,2162.14368,0.0
2019-01-26,22,0,247,53.24,53.24,0.0,609.09323,0.0
2019-01-26,22,0,248,2.39,2.39,0.0,27.297957,0.0
2019-01-26,22,0,249,363.43,363.43,0.0,4157.82781,0.0
2019-01-26,22,0,251,101.44,101.44,0.0,1160.162217,0.0
2019-01-26,22,0,252,73.29,73.29,0.0,838.280962,0.0
2019-01-26,22,0,254,0.0,0.0,0.0,0.0,0.0
2019-01-26,22,0,255,0.0,0.0,0.0,0.0,0.0
2019-01-26,22,0,258,0.0,0.0,0.0,0.0,0.0
2019-01-26,22,0,260,0.0,0.0,0.0,0.0,0.0
2019-01-26,22,0,265,0.0,0.0,0.0,0.0,0.0
2019-01-26,22,0,266,38.57,38.57,0.0,439.110632,0.0
2019-01-26,22,0,267,47.4,47.4,0.0,539.638163,0.0
2019-01-26,22,0,270,60.48,60.48,0.0,991.229347,0.0
2019-01-26,22,0,272,120.57,120.57,0.0,1336.791896,0.0
2019-01-26,22,0,273,0.0,0.0,0.0,0.0,0.0
2019-01-26,22,0,274,77.97,77.97,0.0,1277.8795,0.0
2019-01-26,22,0,275,108.53,108.53,0.0,1778.738773,0.0
2019-01-26,22,0,276,0.0,0.0,0.0,0.0,0.0
2019-01-26,22,0,277,0.0,0.0,0.0,0.0,0.0
2019-01-26,22,0,278,0.0,0.0,0.0,0.0,0.0
2019-01-26,22,0,279,58.94,58.94,0.0,658.73397,0.0
2019-01-26,22,0,281,0.72,0.72,0.0,8.177614,0.0
2019-01-26,22,0,282,0.0,0.0,0.0,0.0,0.0
2019-01-26,23,0,9,0.0,0.0,0.0,0.0,0.0
2019-01-26,23,0,17,0.0,0.0,0.0,0.0,0.0
2019-01-26,23,0,19,194.79,194.79,0.0,2884.274099,0.0
2019-01-26,23,0,20,236.25,236.25,0.0,3498.176272,0.0
2019-01-26,23,0,21,0.0,0.0,0.0,0.0,0.0
2019-01-26,23,0,22,0.0,0.0,0.0,0.0,0.0
2019-01-26,23,0,23,6.69,6.69,0.0,87.675156,0.0
2019-01-26,23,0,24,11.84,11.84,0.0,155.16799,0.0
2019-01-26,23,0,29,0.0,0.0,0.0,0.0,0.0
2019-01-26,23,0,30,0.0,0.0,0.0,0.0,0.0
2019-01-26,23,0,31,3.9,3.9,0.0,51.088207,0.0
2019-01-26,23,0,32,0.0,0.0,0.0,0.0,0.0
2019-01-26,23,0,33,0.0,0.0,0.0,0.0,0.0
2019-01-26,23,0,34,0.0,0.0,0.0,0.0,0.0
2019-01-26,23,0,35,0.0,0.0,0.0,0.0,0.0
2019-01-26,23,0,36,0.0,0.0,0.0,0.0,0.0
2019-01-26,23,0,37,0.0,0.0,0.0,0.0,0.0
2019-01-26,23,0,38,0.0,0.0,0.0,0.0,0.0
2019-01-26,23,0,39,0.0,0.0,0.0,0.0,0.0
2019-01-26,23,0,40,0.0,0.0,0.0,0.0,0.0
2019-01-26,23,0,41,35.02,35.02,0.0,471.761436,0.0
2019-01-26,23,0,42,0.0,0.0,0.0,0.0,0.0
2019-01-26,23,0,43,0.0,0.0,0.0,0.0,0.0
2019-01-26,23,0,46,0.0,0.0,0.0,0.0,0.0
2019-01-26,23,0,52,4.14,4.14,0.0,54.232096,0.0
2019-01-26,23,0,53,6.57,6.57,0.0,86.063979,0.0
2019-01-26,23,0,55,89.42,89.42,0.0,1171.885273,0.0
2019-01-26,23,0,56,0.0,0.0,0.0,0.0,0.0
2019-01-26,23,0,57,0.0,0.0,0.0,0.0,0.0
2019-01-26,23,0,58,0.0,0.0,0.0,0.0,0.0
2019-01-26,23,0,59,0.0,0.0,0.0,0.0,0.0
2019-01-26,23,0,63,0.0,0.0,0.0,0.0,0.0
2019-01-26,23,0,64,0.0,0.0,0.0,0.0,0.0
2019-01-26,23,0,65,6.14,6.14,0.0,90.777952,0.0
2019-01-26,23,0,67,0.0,0.0,0.0,0.0,0.0
2019-01-26,23,0,68,1.2,1.2,0.0,15.910364,0.0
2019-01-26,23,0,69,0.0,0.0,0.0,0.0,0.0
2019-01-26,23,0,74,6.02,6.02,0.0,85.446022,0.0
2019-01-26,23,0,77,34.23,34.23,0.0,429.751521,0.0
2019-01-26,23,0,78,25.88,25.88,0.0,324.918766,0.0
2019-01-26,23,0,79,14.98,14.98,0.0,188.071218,0.0
2019-01-26,23,0,80,24.22,24.22,0.0,304.077763,0.0
2019-01-26,23,0,81,31.66,31.66,0.0,397.485631,0.0
2019-01-26,23,0,82,22.34,22.34,0.0,280.4747,0.0
2019-01-26,23,0,83,49.8,49.8,0.0,625.230083,0.0
2019-01-26,23,0,84,0.0,0.0,0.0,0.0,0.0
2019-01-26,23,0,86,0.0,0.0,0.0,0.0,0.0
2019-01-26,23,0,87,0.0,0.0,0.0,0.0,0.0
2019-01-26,23,0,88,32.58,32.58,0.0,409.036067,0.0
2019-01-26,23,0,89,31.32,31.32,0.0,393.216992,0.0
2019-01-26,23,0,90,42.05,42.05,0.0,527.930221,0.0
2019-01-26,23,0,91,150.01,150.01,0.0,1883.348691,0.0
2019-01-26,23,0,92,53.95,53.95,0.0,677.33259,0.0
2019-01-26,23,0,95,0.0,0.0,0.0,0.0,0.0
2019-01-26,23,0,96,1.58,1.58,0.0,20.68759,0.0
2019-01-26,23,0,97,9.71,9.71,0.0,127.137025,0.0
2019-01-26,23,0,99,1.16,1.16,0.0,16.464682,0.0
2019-01-26,23,0,101,0.0,0.0,0.0,0.0,0.0
2019-01-26,23,0,102,2.84,2.84,0.0,37.654529,0.0
2019-01-26,23,0,103,2.47,2.47,0.0,32.748833,0.0
2019-01-26,23,0,104,0.46,0.46,0.0,6.098973,0.0
2019-01-26,23,0,106,0.0,0.0,0.0,0.0,0.0
2019-01-26,23,0,109,43.37,43.37,0.0,588.318638,0.0
2019-01-26,23,0,110,46.63,46.63,0.0,786.789314,0.0
2019-01-26,23,0,111,0.0,0.0,0.0,0.0,0.0
2019-01-26,23,0,113,21.93,21.93,0.0,268.694689,0.0
2019-01-26,23,0,115,21.93,21.93,0.0,268.694689,0.0
2019-01-26,23,0,116,0.0,0.0,0.0,0.0,0.0
2019-01-26,23,0,117,1.46,1.46,0.0,17.888475,0.0
2019-01-26,23,0,119,0.0,0.0,0.0,0.0,0.0
2019-01-26,23,0,120,0.0,0.0,0.0,0.0,0.0
2019-01-26,23,0,123,0.0,0.0,0.0,0.0,0.0
2019-01-26,23,0,125,10.71,10.71,0.0,140.358882,0.0
2019-01-26,23,0,126,0.0,0.0,0.0,0.0,0.0
2019-01-26,23,0,127,0.0,0.0,0.0,0.0,0.0
2019-01-26,23,0,128,15.35,15.35,0.0,201.16796,0.0
2019-01-26,23,0,131,4.06,4.06,0.0,52.865324,0.0
2019-01-26,23,0,132,5.98,5.98,0.0,77.865675,0.0
2019-01-26,23,0,133,42.42,42.42,0.0,628.206558,0.0
2019-01-26,23,0,134,0.0,0.0,0.0,0.0,0.0
2019-01-26,23,0,135,56.84,56.84,0.0,841.755322,0.0
2019-01-26,23,0,136,8.85,8.85,0.0,130.833553,0.0
2019-01-26,23,0,139,45.22,45.22,0.0,609.167679,0.0
2019-01-26,23,0,140,34.51,34.51,0.0,582.28821,0.0
2019-01-26,23,0,141,30.46,30.46,0.0,430.959448,0.0
2019-01-26,23,0,142,0.0,0.0,0.0,0.0,0.0
2019-01-26,23,0,143,13.31,13.31,0.0,174.35488,0.0
2019-01-26,23,0,145,1.7,1.7,0.0,22.564914,0.0
2019-01-26,23,0,146,106.73,106.73,0.0,1800.858321,0.0
2019-01-26,23,0,152,0.0,0.0,0.0,0.0,0.0
2019-01-26,23,0,153,0.0,0.0,0.0,0.0,0.0
2019-01-26,23,0,154,0.0,0.0,0.0,0.0,0.0
2019-01-26,23,0,157,53.45,53.45,0.0,756.230548,0.0
2019-01-26,23,0,158,0.0,0.0,0.0,0.0,0.0
2019-01-26,23,0,159,0.0,0.0,0.0,0.0,0.0
2019-01-26,23,0,160,0.0,0.0,0.0,0.0,0.0
2019-01-26,23,0,161,0.0,0.0,0.0,0.0,0.0
2019-01-26,23,0,162,0.0,0.0,0.0,0.0,0.0
2019-01-26,23,0,163,5.19,5.19,0.0,87.571017,0.0
2019-01-26,23,0,164,0.0,0.0,0.0,0.0,0.0
2019-01-26,23,0,167,0.0,0.0,0.0,0.0,0.0
2019-01-26,23,0,168,0.0,0.0,0.0,0.0,0.0
2019-01-26,23,0,169,0.0,0.0,0.0,0.0,0.0
2019-01-26,23,0,170,0.0,0.0,0.0,0.0,0.0
2019-01-26,23,0,172,0.0,0.0,0.0,0.0,0.0
2019-01-26,23,0,173,0.0,0.0,0.0,0.0,0.0
2019-01-26,23,0,188,0.0,0.0,0.0,0.0,0.0
2019-01-26,23,0,190,0.0,0.0,0.0,0.0,0.0
2019-01-26,23,0,191,0.0,0.0,0.0,0.0,0.0
2019-01-26,23,0,192,0.0,0.0,0.0,0.0,0.0
2019-01-26,23,0,194,21.25,21.25,0.0,240.293233,0.0
2019-01-26,23,0,196,0.0,0.0,0.0,0.0,0.0
2019-01-26,23,0,198,0.0,0.0,0.0,0.0,0.0
2019-01-26,23,0,199,16.07,16.07,0.0,178.389026,0.0
2019-01-26,23,0,200,0.0,0.0,0.0,0.0,0.0
2019-01-26,23,0,204,273.89,273.89,0.0,3701.542924,0.0
2019-01-26,23,0,205,229.41,229.41,0.0,3111.970917,0.0
2019-01-26,23,0,206,28.54,28.54,0.0,373.685962,0.0
2019-01-26,23,0,210,0.0,0.0,0.0,0.0,0.0
2019-01-26,23,0,214,0.0,0.0,0.0,0.0,0.0
2019-01-26,23,0,217,0.0,0.0,0.0,0.0,0.0
2019-01-26,23,0,218,0.0,0.0,0.0,0.0,0.0
2019-01-26,23,0,219,0.0,0.0,0.0,0.0,0.0
2019-01-26,23,0,221,0.0,0.0,0.0,0.0,0.0
2019-01-26,23,0,225,0.0,0.0,0.0,0.0,0.0
2019-01-26,23,0,233,0.0,0.0,0.0,0.0,0.0
2019-01-26,23,0,236,4.1,4.1,0.0,59.426622,0.0
2019-01-26,23,0,237,14.44,14.44,0.0,204.956904,0.0
2019-01-26,23,0,238,0.0,0.0,0.0,0.0,0.0
2019-01-26,23,0,240,0.0,0.0,0.0,0.0,0.0
2019-01-26,23,0,245,103.77,103.77,0.0,1545.084757,0.0
2019-01-26,23,0,247,28.04,28.04,0.0,417.501943,0.0
2019-01-26,23,0,248,1.45,1.45,0.0,20.580853,0.0
2019-01-26,23,0,249,199.55,199.55,0.0,2971.202306,0.0
2019-01-26,23,0,251,30.28,30.28,0.0,446.565959,0.0
2019-01-26,23,0,252,39.61,39.61,0.0,585.621284,0.0
2019-01-26,23,0,254,0.0,0.0,0.0,0.0,0.0
2019-01-26,23,0,255,0.0,0.0,0.0,0.0,0.0
2019-01-26,23,0,258,0.0,0.0,0.0,0.0,0.0
2019-01-26,23,0,260,0.0,0.0,0.0,0.0,0.0
2019-01-26,23,0,265,0.0,0.0,0.0,0.0,0.0
2019-01-26,23,0,266,29.28,29.28,0.0,394.436746,0.0
2019-01-26,23,0,267,35.98,35.98,0.0,484.693788,0.0
2019-01-26,23,0,270,16.22,16.22,0.0,273.680521,0.0
2019-01-26,23,0,272,73.29,73.29,0.0,897.976916,0.0
2019-01-26,23,0,273,0.0,0.0,0.0,0.0,0.0
2019-01-26,23,0,274,20.91,20.91,0.0,352.815024,0.0
2019-01-26,23,0,275,29.11,29.11,0.0,491.173857,0.0
2019-01-26,23,0,276,0.0,0.0,0.0,0.0,0.0
2019-01-26,23,0,277,0.0,0.0,0.0,0.0,0.0
2019-01-26,23,0,278,0.0,0.0,0.0,0.0,0.0
2019-01-26,23,0,279,35.78,35.78,0.0,442.728601,0.0
2019-01-26,23,0,281,1.75,1.75,0.0,22.924195,0.0
2019-01-26,23,0,282,0.0,0.0,0.0,0.0,0.0
2019-01-27,0,0,9,0.0,0.0,0.0,0.0,0.0
2019-01-27,0,0,17,0.0,0.0,0.0,0.0,0.0
2019-01-27,0,0,19,104.37,104.37,0.0,1650.662315,0.0
2019-01-27,0,0,20,126.58,126.58,0.0,2001.924268,0.0
2019-01-27,0,0,21,0.0,0.0,0.0,0.0,0.0
2019-01-27,0,0,22,0.0,0.0,0.0,0.0,0.0
2019-01-27,0,0,23,18.27,18.27,0.0,318.988752,0.0
2019-01-27,0,0,24,32.32,32.32,0.0,564.297562,0.0
2019-01-27,0,0,29,0.0,0.0,0.0,0.0,0.0
2019-01-27,0,0,30,0.0,0.0,0.0,0.0,0.0
2019-01-27,0,0,31,7.88,7.88,0.0,137.705514,0.0
2019-01-27,0,0,32,0.0,0.0,0.0,0.0,0.0
2019-01-27,0,0,33,0.0,0.0,0.0,0.0,0.0
2019-01-27,0,0,34,0.0,0.0,0.0,0.0,0.0
2019-01-27,0,0,35,0.0,0.0,0.0,0.0,0.0
2019-01-27,0,0,36,0.0,0.0,0.0,0.0,0.0
2019-01-27,0,0,37,0.0,0.0,0.0,0.0,0.0
2019-01-27,0,0,38,0.0,0.0,0.0,0.0,0.0
2019-01-27,0,0,39,0.0,0.0,0.0,0.0,0.0
2019-01-27,0,0,40,0.0,0.0,0.0,0.0,0.0
2019-01-27,0,0,41,27.83,27.83,0.0,465.034333,0.0
2019-01-27,0,0,42,0.0,0.0,0.0,0.0,0.0
2019-01-27,0,0,43,0.0,0.0,0.0,0.0,0.0
2019-01-27,0,0,46,0.0,0.0,0.0,0.0,0.0
2019-01-27,0,0,52,8.35,8.35,0.0,145.918914,0.0
2019-01-27,0,0,53,13.27,13.27,0.0,231.897483,0.0
2019-01-27,0,0,55,163.07,163.07,0.0,2847.15357,0.0
2019-01-27,0,0,56,0.0,0.0,0.0,0.0,0.0
2019-01-27,0,0,57,0.0,0.0,0.0,0.0,0.0
2019-01-27,0,0,58,0.0,0.0,0.0,0.0,0.0
2019-01-27,0,0,59,0.0,0.0,0.0,0.0,0.0
2019-01-27,0,0,63,0.0,0.0,0.0,0.0,0.0
2019-01-27,0,0,64,0.0,0.0,0.0,0.0,0.0
2019-01-27,0,0,65,3.78,3.78,0.0,59.785366,0.0
2019-01-27,0,0,67,0.0,0.0,0.0,0.0,0.0
2019-01-27,0,0,68,1.04,1.04,0.0,19.983815,0.0
2019-01-27,0,0,69,0.0,0.0,0.0,0.0,0.0
2019-01-27,0,0,74,4.13,4.13,0.0,65.606045,0.0
2019-01-27,0,0,77,38.8,38.8,0.0,736.224998,0.0
2019-01-27,0,0,78,29.33,29.33,0.0,556.532969,0.0
2019-01-27,0,0,79,16.97,16.97,0.0,322.003562,0.0
2019-01-27,0,0,80,27.45,27.45,0.0,520.860211,0.0
2019-01-27,0,0,81,35.89,35.89,0.0,681.008123,0.0
2019-01-27,0,0,82,25.32,25.32,0.0,480.443736,0.0
2019-01-27,0,0,83,56.45,56.45,0.0,1071.131472,0.0
2019-01-27,0,0,84,0.0,0.0,0.0,0.0,0.0
2019-01-27,0,0,86,0.0,0.0,0.0,0.0,0.0
2019-01-27,0,0,87,0.0,0.0,0.0,0.0,0.0
2019-01-27,0,0,88,31.29,31.29,0.0,593.723716,0.0
2019-01-27,0,0,89,30.08,30.08,0.0,570.764122,0.0
2019-01-27,0,0,90,40.39,40.39,0.0,766.395043,0.0
2019-01-27,0,0,91,144.08,144.08,0.0,2733.899425,0.0
2019-01-27,0,0,92,51.82,51.82,0.0,983.277819,0.0
2019-01-27,0,0,95,1.68,1.68,0.0,34.676576,0.0
2019-01-27,0,0,96,3.2,3.2,0.0,55.97325,0.0
2019-01-27,0,0,97,19.7,19.7,0.0,344.585318,0.0
2019-01-27,0,0,99,0.8,0.8,0.0,12.708193,0.0
2019-01-27,0,0,101,0.0,0.0,0.0,0.0,0.0
2019-01-27,0,0,102,2.47,2.47,0.0,47.461561,0.0
2019-01-27,0,0,103,2.14,2.14,0.0,41.120542,0.0
2019-01-27,0,0,104,0.4,0.4,0.0,7.686083,0.0
2019-01-27,0,0,106,0.0,0.0,0.0,0.0,0.0
2019-01-27,0,0,109,33.36,33.36,0.0,535.733278,0.0
2019-01-27,0,0,110,80.16,80.16,0.0,1594.510965,0.0
2019-01-27,0,0,111,0.0,0.0,0.0,0.0,0.0
2019-01-27,0,0,113,13.6,13.6,0.0,262.140199,0.0
2019-01-27,0,0,115,13.6,13.6,0.0,262.140199,0.0
2019-01-27,0,0,116,0.0,0.0,0.0,0.0,0.0
2019-01-27,0,0,117,0.91,0.91,0.0,17.540263,0.0
2019-01-27,0,0,119,0.0,0.0,0.0,0.0,0.0
2019-01-27,0,0,120,0.0,0.0,0.0,0.0,0.0
2019-01-27,0,0,123,0.0,0.0,0.0,0.0,0.0
2019-01-27,0,0,125,29.25,29.25,0.0,510.696277,0.0
2019-01-27,0,0,126,0.0,0.0,0.0,0.0,0.0
2019-01-27,0,0,127,0.0,0.0,0.0,0.0,0.0
2019-01-27,0,0,128,41.89,41.89,0.0,731.386908,0.0
2019-01-27,0,0,131,5.28,5.28,0.0,101.221498,0.0
2019-01-27,0,0,132,7.76,7.76,0.0,148.764929,0.0
2019-01-27,0,0,133,21.81,21.81,0.0,344.934221,0.0
2019-01-27,0,0,134,0.0,0.0,0.0,0.0,0.0
2019-01-27,0,0,135,29.23,29.23,0.0,462.284607,0.0
2019-01-27,0,0,136,5.0,5.0,0.0,79.081378,0.0
2019-01-27,0,0,139,35.93,35.93,0.0,600.383888,0.0
2019-01-27,0,0,140,59.32,59.32,0.0,1179.969941,0.0
2019-01-27,0,0,141,61.8,61.8,0.0,1197.789796,0.0
2019-01-27,0,0,142,0.0,0.0,0.0,0.0,0.0
2019-01-27,0,0,143,52.0,52.0,0.0,908.716587,0.0
2019-01-27,0,0,145,0.0,0.0,0.0,0.0,0.0
2019-01-27,0,0,146,90.81,90.81,0.0,1806.356546,0.0
2019-01-27,0,0,152,0.0,0.0,0.0,0.0,0.0
2019-01-27,0,0,153,0.0,0.0,0.0,0.0,0.0
2019-01-27,0,0,154,0.0,0.0,0.0,0.0,0.0
2019-01-27,0,0,157,19.46,19.46,0.0,377.168114,0.0
2019-01-27,0,0,158,0.0,0.0,0.0,0.0,0.0
2019-01-27,0,0,159,0.0,0.0,0.0,0.0,0.0
2019-01-27,0,0,160,0.0,0.0,0.0,0.0,0.0
2019-01-27,0,0,161,0.0,0.0,0.0,0.0,0.0
2019-01-27,0,0,162,0.0,0.0,0.0,0.0,0.0
2019-01-27,0,0,163,0.0,0.0,0.0,0.0,0.0
2019-01-27,0,0,164,0.0,0.0,0.0,0.0,0.0
2019-01-27,0,0,167,0.0,0.0,0.0,0.0,0.0
2019-01-27,0,0,168,0.0,0.0,0.0,0.0,0.0
2019-01-27,0,0,169,0.0,0.0,0.0,0.0,0.0
2019-01-27,0,0,170,0.0,0.0,0.0,0.0,0.0
2019-01-27,0,0,172,0.0,0.0,0.0,0.0,0.0
2019-01-27,0,0,173,0.0,0.0,0.0,0.0,0.0
2019-01-27,0,0,188,0.0,0.0,0.0,0.0,0.0
2019-01-27,0,0,190,0.0,0.0,0.0,0.0,0.0
2019-01-27,0,0,191,0.0,0.0,0.0,0.0,0.0
2019-01-27,0,0,192,0.0,0.0,0.0,0.0,0.0
2019-01-27,0,0,194,11.17,11.17,0.0,217.045522,0.0
2019-01-27,0,0,196,0.0,0.0,0.0,0.0,0.0
2019-01-27,0,0,198,0.0,0.0,0.0,0.0,0.0
2019-01-27,0,0,199,5.57,5.57,0.0,74.703301,0.0
2019-01-27,0,0,200,0.0,0.0,0.0,0.0,0.0
2019-01-27,0,0,204,215.84,215.84,0.0,3473.297338,0.0
2019-01-27,0,0,205,176.47,176.47,0.0,2833.95838,0.0
2019-01-27,0,0,206,57.87,57.87,0.0,1012.241236,0.0
2019-01-27,0,0,210,0.0,0.0,0.0,0.0,0.0
2019-01-27,0,0,214,0.0,0.0,0.0,0.0,0.0
2019-01-27,0,0,217,0.0,0.0,0.0,0.0,0.0
2019-01-27,0,0,218,0.0,0.0,0.0,0.0,0.0
2019-01-27,0,0,219,0.0,0.0,0.0,0.0,0.0
2019-01-27,0,0,221,0.0,0.0,0.0,0.0,0.0
2019-01-27,0,0,225,0.0,0.0,0.0,0.0,0.0
2019-01-27,0,0,233,0.0,0.0,0.0,0.0,0.0
2019-01-27,0,0,236,0.0,0.0,0.0,0.0,0.0
2019-01-27,0,0,237,9.91,9.91,0.0,157.422738,0.0
2019-01-27,0,0,238,0.0,0.0,0.0,0.0,0.0
2019-01-27,0,0,240,0.0,0.0,0.0,0.0,0.0
2019-01-27,0,0,245,34.08,34.08,0.0,538.898028,0.0
2019-01-27,0,0,247,13.71,13.71,0.0,216.792605,0.0
2019-01-27,0,0,248,0.99,0.99,0.0,15.726389,0.0
2019-01-27,0,0,249,63.84,63.84,0.0,1009.485039,0.0
2019-01-27,0,0,251,25.33,25.33,0.0,400.656328,0.0
2019-01-27,0,0,252,24.38,24.38,0.0,385.599796,0.0
2019-01-27,0,0,254,0.0,0.0,0.0,0.0,0.0
2019-01-27,0,0,255,0.0,0.0,0.0,0.0,0.0
2019-01-27,0,0,258,0.0,0.0,0.0,0.0,0.0
2019-01-27,0,0,260,0.0,0.0,0.0,0.0,0.0
2019-01-27,0,0,265,0.0,0.0,0.0,0.0,0.0
2019-01-27,0,0,266,23.27,23.27,0.0,388.837547,0.0
2019-01-27,0,0,267,28.59,28.59,0.0,477.733798,0.0
2019-01-27,0,0,270,0.0,0.0,0.0,0.0,0.0
2019-01-27,0,0,272,45.46,45.46,0.0,876.242165,0.0
2019-01-27,0,0,273,0.0,0.0,0.0,0.0,0.0
2019-01-27,0,0,274,0.0,0.0,0.0,0.0,0.0
2019-01-27,0,0,275,0.0,0.0,0.0,0.0,0.0
2019-01-27,0,0,276,0.0,0.0,0.0,0.0,0.0
2019-01-27,0,0,277,0.0,0.0,0.0,0.0,0.0
2019-01-27,0,0,278,0.0,0.0,0.0,0.0,0.0
2019-01-27,0,0,279,23.38,23.38,0.0,447.836471,0.0
2019-01-27,0,0,281,3.54,3.54,0.0,61.862629,0.0
2019-01-27,0,0,282,0.0,0.0,0.0,0.0,0.0
2019-01-27,1,0,9,0.0,0.0,0.0,0.0,0.0
2019-01-27,1,0,17,0.0,0.0,0.0,0.0,0.0
2019-01-27,1,0,19,64.0,64.0,0.0,945.974704,0.0
2019-01-27,1,0,20,77.62,77.62,0.0,1147.289945,0.0
2019-01-27,1,0,21,0.0,0.0,0.0,0.0,0.0
2019-01-27,1,0,22,0.0,0.0,0.0,0.0,0.0
2019-01-27,1,0,23,40.37,40.37,0.0,668.444086,0.0
2019-01-27,1,0,24,71.42,71.42,0.0,1182.568159,0.0
2019-01-27,1,0,29,0.0,0.0,0.0,0.0,0.0
2019-01-27,1,0,30,0.0,0.0,0.0,0.0,0.0
2019-01-27,1,0,31,31.57,31.57,0.0,523.221711,0.0
2019-01-27,1,0,32,0.0,0.0,0.0,0.0,0.0
2019-01-27,1,0,33,0.0,0.0,0.0,0.0,0.0
2019-01-27,1,0,34,0.0,0.0,0.0,0.0,0.0
2019-01-27,1,0,35,0.0,0.0,0.0,0.0,0.0
2019-01-27,1,0,36,0.0,0.0,0.0,0.0,0.0
2019-01-27,1,0,37,0.0,0.0,0.0,0.0,0.0
2019-01-27,1,0,38,0.0,0.0,0.0,0.0,0.0
2019-01-27,1,0,39,0.0,0.0,0.0,0.0,0.0
2019-01-27,1,0,40,0.0,0.0,0.0,0.0,0.0
2019-01-27,1,0,41,23.86,23.86,0.0,377.100542,0.0
2019-01-27,1,0,42,0.0,0.0,0.0,0.0,0.0
2019-01-27,1,0,43,0.0,0.0,0.0,0.0,0.0
2019-01-27,1,0,46,0.0,0.0,0.0,0.0,0.0
2019-01-27,1,0,52,33.61,33.61,0.0,557.031413,0.0
2019-01-27,1,0,53,54.94,54.94,0.0,910.541678,0.0
2019-01-27,1,0,55,240.86,240.86,0.0,3988.145713,0.0
2019-01-27,1,0,56,0.0,0.0,0.0,0.0,0.0
2019-01-27,1,0,57,0.0,0.0,0.0,0.0,0.0
2019-01-27,1,0,58,0.0,0.0,0.0,0.0,0.0
2019-01-27,1,0,59,0.0,0.0,0.0,0.0,0.0
2019-01-27,1,0,63,0.0,0.0,0.0,0.0,0.0
2019-01-27,1,0,64,0.0,0.0,0.0,0.0,0.0
2019-01-27,1,0,65,3.41,3.41,0.0,50.415768,0.0
2019-01-27,1,0,67,0.0,0.0,0.0,0.0,0.0
2019-01-27,1,0,68,1.18,1.18,0.0,21.691528,0.0
2019-01-27,1,0,69,0.0,0.0,0.0,0.0,0.0
2019-01-27,1,0,74,3.67,3.67,0.0,54.799593,0.0
2019-01-27,1,0,77,49.54,49.54,0.0,894.373363,0.0
2019-01-27,1,0,78,37.45,37.45,0.0,676.105823,0.0
2019-01-27,1,0,79,21.67,21.67,0.0,391.220646,0.0
2019-01-27,1,0,80,35.05,35.05,0.0,632.777279,0.0
2019-01-27,1,0,81,45.82,45.82,0.0,827.21412,0.0
2019-01-27,1,0,82,32.32,32.32,0.0,583.49106,0.0
2019-01-27,1,0,83,72.07,72.07,0.0,1301.12007,0.0
2019-01-27,1,0,84,0.0,0.0,0.0,0.0,0.0
2019-01-27,1,0,86,0.0,0.0,0.0,0.0,0.0
2019-01-27,1,0,87,0.0,0.0,0.0,0.0,0.0
2019-01-27,1,0,88,34.25,34.25,0.0,618.334431,0.0
2019-01-27,1,0,89,32.93,32.93,0.0,594.503731,0.0
2019-01-27,1,0,90,44.21,44.21,0.0,798.147888,0.0
2019-01-27,1,0,91,157.72,157.72,0.0,2847.407486,0.0
2019-01-27,1,0,92,56.72,56.72,0.0,1023.997924,0.0
2019-01-27,1,0,95,6.02,6.02,0.0,123.163379,0.0
2019-01-27,1,0,96,6.6,6.6,0.0,109.490844,0.0
2019-01-27,1,0,97,40.58,40.58,0.0,673.202795,0.0
2019-01-27,1,0,99,0.71,0.71,0.0,10.601556,0.0
2019-01-27,1,0,101,0.0,0.0,0.0,0.0,0.0
2019-01-27,1,0,102,2.8,2.8,0.0,51.471422,0.0
2019-01-27,1,0,103,2.43,2.43,0.0,44.669841,0.0
2019-01-27,1,0,104,0.45,0.45,0.0,8.272193,0.0
2019-01-27,1,0,106,0.0,0.0,0.0,0.0,0.0
2019-01-27,1,0,109,28.58,28.58,0.0,433.911048,0.0
2019-01-27,1,0,110,148.6,148.6,0.0,2897.482886,0.0
2019-01-27,1,0,111,0.0,0.0,0.0,0.0,0.0
2019-01-27,1,0,113,5.51,5.51,0.0,100.983727,0.0
2019-01-27,1,0,115,5.51,5.51,0.0,100.983727,0.0
2019-01-27,1,0,116,0.0,0.0,0.0,0.0,0.0
2019-01-27,1,0,117,0.38,0.38,0.0,6.964395,0.0
2019-01-27,1,0,119,0.0,0.0,0.0,0.0,0.0
2019-01-27,1,0,120,0.0,0.0,0.0,0.0,0.0
2019-01-27,1,0,123,0.0,0.0,0.0,0.0,0.0
2019-01-27,1,0,125,64.63,64.63,0.0,1070.139739,0.0
2019-01-27,1,0,126,0.0,0.0,0.0,0.0,0.0
2019-01-27,1,0,127,0.0,0.0,0.0,0.0,0.0
2019-01-27,1,0,128,92.57,92.57,0.0,1532.768615,0.0
2019-01-27,1,0,131,7.51,7.51,0.0,137.502759,0.0
2019-01-27,1,0,132,11.03,11.03,0.0,201.951456,0.0
2019-01-27,1,0,133,11.37,11.37,0.0,168.054218,0.0
2019-01-27,1,0,134,0.0,0.0,0.0,0.0,0.0
2019-01-27,1,0,135,15.23,15.23,0.0,225.106925,0.0
2019-01-27,1,0,136,4.25,4.25,0.0,62.835795,0.0
2019-01-27,1,0,139,30.82,30.82,0.0,487.101371,0.0
2019-01-27,1,0,140,109.98,109.98,0.0,2144.449312,0.0
2019-01-27,1,0,141,111.29,111.29,0.0,2076.37573,0.0
2019-01-27,1,0,142,0.0,0.0,0.0,0.0,0.0
2019-01-27,1,0,143,100.46,100.46,0.0,1664.962086,0.0
2019-01-27,1,0,145,0.0,0.0,0.0,0.0,0.0
2019-01-27,1,0,146,86.17,86.17,0.0,1680.1891,0.0
2019-01-27,1,0,152,0.0,0.0,0.0,0.0,0.0
2019-01-27,1,0,153,0.0,0.0,0.0,0.0,0.0
2019-01-27,1,0,154,0.0,0.0,0.0,0.0,0.0
2019-01-27,1,0,157,6.65,6.65,0.0,124.071333,0.0
2019-01-27,1,0,158,0.0,0.0,0.0,0.0,0.0
2019-01-27,1,0,159,0.0,0.0,0.0,0.0,0.0
2019-01-27,1,0,160,0.0,0.0,0.0,0.0,0.0
2019-01-27,1,0,161,0.0,0.0,0.0,0.0,0.0
2019-01-27,1,0,162,1.5,1.5,0.0,30.679359,0.0
2019-01-27,1,0,163,0.0,0.0,0.0,0.0,0.0
2019-01-27,1,0,164,0.0,0.0,0.0,0.0,0.0
2019-01-27,1,0,167,0.0,0.0,0.0,0.0,0.0
2019-01-27,1,0,168,0.0,0.0,0.0,0.0,0.0
2019-01-27,1,0,169,0.0,0.0,0.0,0.0,0.0
2019-01-27,1,0,170,0.0,0.0,0.0,0.0,0.0
2019-01-27,1,0,172,0.0,0.0,0.0,0.0,0.0
2019-01-27,1,0,173,0.0,0.0,0.0,0.0,0.0
2019-01-27,1,0,188,0.0,0.0,0.0,0.0,0.0
2019-01-27,1,0,190,0.0,0.0,0.0,0.0,0.0
2019-01-27,1,0,191,0.0,0.0,0.0,0.0,0.0
2019-01-27,1,0,192,16.36,16.36,0.0,328.944158,0.0
2019-01-27,1,0,194,6.41,6.41,0.0,117.805153,0.0
2019-01-27,1,0,196,0.0,0.0,0.0,0.0,0.0
2019-01-27,1,0,198,0.0,0.0,0.0,0.0,0.0
2019-01-27,1,0,199,14.86,14.86,0.0,188.078622,0.0
2019-01-27,1,0,200,0.0,0.0,0.0,0.0,0.0
2019-01-27,1,0,204,178.78,178.78,0.0,2721.053879,0.0
2019-01-27,1,0,205,151.21,151.21,0.0,2295.72042,0.0
2019-01-27,1,0,206,119.24,119.24,0.0,1978.134582,0.0
2019-01-27,1,0,210,0.0,0.0,0.0,0.0,0.0
2019-01-27,1,0,214,0.0,0.0,0.0,0.0,0.0
2019-01-27,1,0,217,0.0,0.0,0.0,0.0,0.0
2019-01-27,1,0,218,0.0,0.0,0.0,0.0,0.0
2019-01-27,1,0,219,0.0,0.0,0.0,0.0,0.0
2019-01-27,1,0,221,0.0,0.0,0.0,0.0,0.0
2019-01-27,1,0,225,0.0,0.0,0.0,0.0,0.0
2019-01-27,1,0,233,0.0,0.0,0.0,0.0,0.0
2019-01-27,1,0,236,0.0,0.0,0.0,0.0,0.0
2019-01-27,1,0,237,8.81,8.81,0.0,131.548886,0.0
2019-01-27,1,0,238,0.0,0.0,0.0,0.0,0.0
2019-01-27,1,0,240,0.0,0.0,0.0,0.0,0.0
2019-01-27,1,0,245,8.74,8.74,0.0,129.06164,0.0
2019-01-27,1,0,247,6.86,6.86,0.0,101.300097,0.0
2019-01-27,1,0,248,0.88,0.88,0.0,13.139957,0.0
2019-01-27,1,0,249,16.81,16.81,0.0,248.229538,0.0
2019-01-27,1,0,251,31.87,31.87,0.0,471.388141,0.0
2019-01-27,1,0,252,21.98,21.98,0.0,324.967327,0.0
2019-01-27,1,0,254,0.0,0.0,0.0,0.0,0.0
2019-01-27,1,0,255,0.0,0.0,0.0,0.0,0.0
2019-01-27,1,0,258,0.0,0.0,0.0,0.0,0.0
2019-01-27,1,0,260,0.0,0.0,0.0,0.0,0.0
2019-01-27,1,0,265,0.0,0.0,0.0,0.0,0.0
2019-01-27,1,0,266,19.96,19.96,0.0,315.462147,0.0
2019-01-27,1,0,267,24.52,24.52,0.0,387.531656,0.0
2019-01-27,1,0,270,0.0,0.0,0.0,0.0,0.0
2019-01-27,1,0,272,18.38,18.38,0.0,336.856787,0.0
2019-01-27,1,0,273,0.0,0.0,0.0,0.0,0.0
2019-01-27,1,0,274,0.0,0.0,0.0,0.0,0.0
2019-01-27,1,0,275,0.0,0.0,0.0,0.0,0.0
2019-01-27,1,0,276,0.0,0.0,0.0,0.0,0.0
2019-01-27,1,0,277,0.0,0.0,0.0,0.0,0.0
2019-01-27,1,0,278,0.0,0.0,0.0,0.0,0.0
2019-01-27,1,0,279,19.09,19.09,0.0,347.773721,0.0
2019-01-27,1,0,281,13.03,13.03,0.0,215.951184,0.0
2019-01-27,1,0,282,0.0,0.0,0.0,0.0,0.0
2019-01-27,2,0,9,0.0,0.0,0.0,0.0,0.0
2019-01-27,2,0,17,0.0,0.0,0.0,0.0,0.0
2019-01-27,2,0,19,45.8,45.8,0.0,723.133313,0.0
2019-01-27,2,0,20,55.54,55.54,0.0,876.917559,0.0
2019-01-27,2,0,21,0.0,0.0,0.0,0.0,0.0
2019-01-27,2,0,22,0.0,0.0,0.0,0.0,0.0
2019-01-27,2,0,23,41.43,41.43,0.0,865.461453,0.0
2019-01-27,2,0,24,73.31,73.31,0.0,1531.425999,0.0
2019-01-27,2,0,29,0.0,0.0,0.0,0.0,0.0
2019-01-27,2,0,30,0.0,0.0,0.0,0.0,0.0
2019-01-27,2,0,31,13.29,13.29,0.0,278.110387,0.0
2019-01-27,2,0,32,0.0,0.0,0.0,0.0,0.0
2019-01-27,2,0,33,0.0,0.0,0.0,0.0,0.0
2019-01-27,2,0,34,0.0,0.0,0.0,0.0,0.0
2019-01-27,2,0,35,0.0,0.0,0.0,0.0,0.0
2019-01-27,2,0,36,0.0,0.0,0.0,0.0,0.0
2019-01-27,2,0,37,0.0,0.0,0.0,0.0,0.0
2019-01-27,2,0,38,0.0,0.0,0.0,0.0,0.0
2019-01-27,2,0,39,0.0,0.0,0.0,0.0,0.0
2019-01-27,2,0,40,0.0,0.0,0.0,0.0,0.0
2019-01-27,2,0,41,19.12,19.12,0.0,363.987463,0.0
2019-01-27,2,0,42,0.0,0.0,0.0,0.0,0.0
2019-01-27,2,0,43,0.0,0.0,0.0,0.0,0.0
2019-01-27,2,0,46,0.0,0.0,0.0,0.0,0.0
2019-01-27,2,0,52,14.09,14.09,0.0,294.851419,0.0
2019-01-27,2,0,53,22.38,22.38,0.0,468.330359,0.0
2019-01-27,2,0,55,275.57,275.57,0.0,5756.582493,0.0
2019-01-27,2,0,56,0.0,0.0,0.0,0.0,0.0
2019-01-27,2,0,57,0.0,0.0,0.0,0.0,0.0
2019-01-27,2,0,58,0.0,0.0,0.0,0.0,0.0
2019-01-27,2,0,59,0.0,0.0,0.0,0.0,0.0
2019-01-27,2,0,63,0.0,0.0,0.0,0.0,0.0
2019-01-27,2,0,64,0.0,0.0,0.0,0.0,0.0
2019-01-27,2,0,65,2.81,2.81,0.0,44.443619,0.0
2019-01-27,2,0,67,0.0,0.0,0.0,0.0,0.0
2019-01-27,2,0,68,0.89,0.89,0.0,22.202359,0.0
2019-01-27,2,0,69,0.0,0.0,0.0,0.0,0.0
2019-01-27,2,0,74,2.54,2.54,0.0,42.240316,0.0
2019-01-27,2,0,77,40.3,40.3,0.0,983.950407,0.0
2019-01-27,2,0,78,30.47,30.47,0.0,743.944637,0.0
2019-01-27,2,0,79,17.63,17.63,0.0,430.447783,0.0
2019-01-27,2,0,80,28.51,28.51,0.0,696.089977,0.0
2019-01-27,2,0,81,37.28,37.28,0.0,910.215165,0.0
2019-01-27,2,0,82,26.3,26.3,0.0,642.131407,0.0
2019-01-27,2,0,83,58.64,58.64,0.0,1431.733296,0.0
2019-01-27,2,0,84,0.0,0.0,0.0,0.0,0.0
2019-01-27,2,0,86,0.0,0.0,0.0,0.0,0.0
2019-01-27,2,0,87,0.0,0.0,0.0,0.0,0.0
2019-01-27,2,0,88,26.51,26.51,0.0,647.258692,0.0
2019-01-27,2,0,89,25.49,25.49,0.0,622.354736,0.0
2019-01-27,2,0,90,34.22,34.22,0.0,835.503298,0.0
2019-01-27,2,0,91,122.08,122.08,0.0,2980.661678,0.0
2019-01-27,2,0,92,43.9,43.9,0.0,1071.846721,0.0
2019-01-27,2,0,95,1.91,1.91,0.0,53.287292,0.0
2019-01-27,2,0,96,6.84,6.84,0.0,143.397175,0.0
2019-01-27,2,0,97,42.07,42.07,0.0,881.976485,0.0
2019-01-27,2,0,99,0.49,0.49,0.0,8.148722,0.0
2019-01-27,2,0,101,0.0,0.0,0.0,0.0,0.0
2019-01-27,2,0,102,2.11,2.11,0.0,52.637054,0.0
2019-01-27,2,0,103,1.83,1.83,0.0,45.652042,0.0
2019-01-27,2,0,104,0.34,0.34,0.0,8.4818,0.0
2019-01-27,2,0,106,0.0,0.0,0.0,0.0,0.0
2019-01-27,2,0,109,16.09,16.09,0.0,284.589754,0.0
2019-01-27,2,0,110,143.97,143.97,0.0,3798.191453,0.0
2019-01-27,2,0,111,0.0,0.0,0.0,0.0,0.0
2019-01-27,2,0,113,4.65,4.65,0.0,116.812413,0.0
2019-01-27,2,0,115,4.65,4.65,0.0,116.812413,0.0
2019-01-27,2,0,116,0.0,0.0,0.0,0.0,0.0
2019-01-27,2,0,117,0.25,0.25,0.0,6.280237,0.0
2019-01-27,2,0,119,0.0,0.0,0.0,0.0,0.0
2019-01-27,2,0,120,0.0,0.0,0.0,0.0,0.0
2019-01-27,2,0,123,0.0,0.0,0.0,0.0,0.0
2019-01-27,2,0,125,66.34,66.34,0.0,1385.824591,0.0
2019-01-27,2,0,126,0.0,0.0,0.0,0.0,0.0
2019-01-27,2,0,127,0.0,0.0,0.0,0.0,0.0
2019-01-27,2,0,128,95.01,95.01,0.0,1984.733108,0.0
2019-01-27,2,0,131,6.12,6.12,0.0,152.094892,0.0
2019-01-27,2,0,132,8.99,8.99,0.0,223.420438,0.0
2019-01-27,2,0,133,8.01,8.01,0.0,126.448785,0.0
2019-01-27,2,0,134,0.0,0.0,0.0,0.0,0.0
2019-01-27,2,0,135,10.73,10.73,0.0,169.387698,0.0
2019-01-27,2,0,136,4.66,4.66,0.0,73.710636,0.0
2019-01-27,2,0,139,24.69,24.69,0.0,470.023559,0.0
2019-01-27,2,0,140,106.55,106.55,0.0,2810.983534,0.0
2019-01-27,2,0,141,108.7,108.7,0.0,2750.088809,0.0
2019-01-27,2,0,142,0.0,0.0,0.0,0.0,0.0
2019-01-27,2,0,143,53.64,53.64,0.0,1122.486168,0.0
2019-01-27,2,0,145,0.0,0.0,0.0,0.0,0.0
2019-01-27,2,0,146,81.84,81.84,0.0,2159.088619,0.0
2019-01-27,2,0,152,0.0,0.0,0.0,0.0,0.0
2019-01-27,2,0,153,0.0,0.0,0.0,0.0,0.0
2019-01-27,2,0,154,0.0,0.0,0.0,0.0,0.0
2019-01-27,2,0,157,10.52,10.52,0.0,266.153949,0.0
2019-01-27,2,0,158,0.0,0.0,0.0,0.0,0.0
2019-01-27,2,0,159,0.0,0.0,0.0,0.0,0.0
2019-01-27,2,0,160,0.0,0.0,0.0,0.0,0.0
2019-01-27,2,0,161,0.0,0.0,0.0,0.0,0.0
2019-01-27,2,0,162,1.31,1.31,0.0,36.531098,0.0
2019-01-27,2,0,163,0.0,0.0,0.0,0.0,0.0
2019-01-27,2,0,164,0.0,0.0,0.0,0.0,0.0
2019-01-27,2,0,167,0.0,0.0,0.0,0.0,0.0
2019-01-27,2,0,168,0.0,0.0,0.0,0.0,0.0
2019-01-27,2,0,169,0.0,0.0,0.0,0.0,0.0
2019-01-27,2,0,170,0.0,0.0,0.0,0.0,0.0
2019-01-27,2,0,172,0.0,0.0,0.0,0.0,0.0
2019-01-27,2,0,173,0.0,0.0,0.0,0.0,0.0
2019-01-27,2,0,188,0.0,0.0,0.0,0.0,0.0
2019-01-27,2,0,190,0.0,0.0,0.0,0.0,0.0
2019-01-27,2,0,191,0.0,0.0,0.0,0.0,0.0
2019-01-27,2,0,192,34.25,34.25,0.0,931.22736,0.0
2019-01-27,2,0,194,6.4,6.4,0.0,163.302399,0.0
2019-01-27,2,0,196,0.0,0.0,0.0,0.0,0.0
2019-01-27,2,0,198,0.0,0.0,0.0,0.0,0.0
2019-01-27,2,0,199,4.65,4.65,0.0,68.387973,0.0
2019-01-27,2,0,200,0.0,0.0,0.0,0.0,0.0
2019-01-27,2,0,204,99.53,99.53,0.0,1772.45091,0.0
2019-01-27,2,0,205,79.01,79.01,0.0,1397.478958,0.0
2019-01-27,2,0,206,123.63,123.63,0.0,2591.841046,0.0
2019-01-27,2,0,210,0.0,0.0,0.0,0.0,0.0
2019-01-27,2,0,214,0.0,0.0,0.0,0.0,0.0
2019-01-27,2,0,217,0.0,0.0,0.0,0.0,0.0
2019-01-27,2,0,218,0.0,0.0,0.0,0.0,0.0
2019-01-27,2,0,219,0.0,0.0,0.0,0.0,0.0
2019-01-27,2,0,221,0.0,0.0,0.0,0.0,0.0
2019-01-27,2,0,225,0.0,0.0,0.0,0.0,0.0
2019-01-27,2,0,233,0.0,0.0,0.0,0.0,0.0
2019-01-27,2,0,236,0.0,0.0,0.0,0.0,0.0
2019-01-27,2,0,237,6.08,6.08,0.0,101.110677,0.0
2019-01-27,2,0,238,0.0,0.0,0.0,0.0,0.0
2019-01-27,2,0,240,0.0,0.0,0.0,0.0,0.0
2019-01-27,2,0,245,5.53,5.53,0.0,86.757715,0.0
2019-01-27,2,0,247,3.84,3.84,0.0,60.244055,0.0
2019-01-27,2,0,248,0.61,0.61,0.0,10.144328,0.0
2019-01-27,2,0,249,10.63,10.63,0.0,166.769351,0.0
2019-01-27,2,0,251,26.87,26.87,0.0,426.186478,0.0
2019-01-27,2,0,252,18.15,18.15,0.0,287.064655,0.0
2019-01-27,2,0,254,0.0,0.0,0.0,0.0,0.0
2019-01-27,2,0,255,0.0,0.0,0.0,0.0,0.0
2019-01-27,2,0,258,0.0,0.0,0.0,0.0,0.0
2019-01-27,2,0,260,0.0,0.0,0.0,0.0,0.0
2019-01-27,2,0,265,0.0,0.0,0.0,0.0,0.0
2019-01-27,2,0,266,15.99,15.99,0.0,304.401649,0.0
2019-01-27,2,0,267,19.65,19.65,0.0,374.077073,0.0
2019-01-27,2,0,270,0.0,0.0,0.0,0.0,0.0
2019-01-27,2,0,272,20.05,20.05,0.0,503.675028,0.0
2019-01-27,2,0,273,0.0,0.0,0.0,0.0,0.0
2019-01-27,2,0,274,0.0,0.0,0.0,0.0,0.0
2019-01-27,2,0,275,0.0,0.0,0.0,0.0,0.0
2019-01-27,2,0,276,0.0,0.0,0.0,0.0,0.0
2019-01-27,2,0,277,0.0,0.0,0.0,0.0,0.0
2019-01-27,2,0,278,0.0,0.0,0.0,0.0,0.0
2019-01-27,2,0,279,11.78,11.78,0.0,292.593765,0.0
2019-01-27,2,0,281,5.97,5.97,0.0,124.929948,0.0
2019-01-27,2,0,282,0.0,0.0,0.0,0.0,0.0
2019-01-27,3,0,9,0.0,0.0,0.0,0.0,0.0
2019-01-27,3,0,17,0.0,0.0,0.0,0.0,0.0
2019-01-27,3,0,19,31.6,31.6,0.0,533.345076,0.0
2019-01-27,3,0,20,38.33,38.33,0.0,646.934074,0.0
2019-01-27,3,0,21,0.0,0.0,0.0,0.0,0.0
2019-01-27,3,0,22,0.0,0.0,0.0,0.0,0.0
2019-01-27,3,0,23,42.86,42.86,0.0,914.795403,0.0
2019-01-27,3,0,24,75.83,75.83,0.0,1618.500592,0.0
2019-01-27,3,0,29,0.0,0.0,0.0,0.0,0.0
2019-01-27,3,0,30,0.0,0.0,0.0,0.0,0.0
2019-01-27,3,0,31,13.55,13.55,0.0,289.661175,0.0
2019-01-27,3,0,32,0.0,0.0,0.0,0.0,0.0
2019-01-27,3,0,33,0.0,0.0,0.0,0.0,0.0
2019-01-27,3,0,34,0.0,0.0,0.0,0.0,0.0
2019-01-27,3,0,35,0.0,0.0,0.0,0.0,0.0
2019-01-27,3,0,36,0.0,0.0,0.0,0.0,0.0
2019-01-27,3,0,37,0.0,0.0,0.0,0.0,0.0
2019-01-27,3,0,38,0.0,0.0,0.0,0.0,0.0
2019-01-27,3,0,39,0.0,0.0,0.0,0.0,0.0
2019-01-27,3,0,40,0.0,0.0,0.0,0.0,0.0
2019-01-27,3,0,41,15.91,15.91,0.0,312.887846,0.0
2019-01-27,3,0,42,0.0,0.0,0.0,0.0,0.0
2019-01-27,3,0,43,0.0,0.0,0.0,0.0,0.0
2019-01-27,3,0,46,0.0,0.0,0.0,0.0,0.0
2019-01-27,3,0,52,14.36,14.36,0.0,306.976714,0.0
2019-01-27,3,0,53,22.82,22.82,0.0,487.827897,0.0
2019-01-27,3,0,55,279.74,279.74,0.0,5970.71549,0.0
2019-01-27,3,0,56,0.0,0.0,0.0,0.0,0.0
2019-01-27,3,0,57,0.0,0.0,0.0,0.0,0.0
2019-01-27,3,0,58,0.0,0.0,0.0,0.0,0.0
2019-01-27,3,0,59,0.0,0.0,0.0,0.0,0.0
2019-01-27,3,0,63,7.89,7.89,0.0,214.522157,0.0
2019-01-27,3,0,64,9.28,9.28,0.0,252.315034,0.0
2019-01-27,3,0,65,2.33,2.33,0.0,39.374612,0.0
2019-01-27,3,0,67,0.0,0.0,0.0,0.0,0.0
2019-01-27,3,0,68,0.93,0.93,0.0,23.308416,0.0
2019-01-27,3,0,69,0.0,0.0,0.0,0.0,0.0
2019-01-27,3,0,74,1.96,1.96,0.0,34.380468,0.0
2019-01-27,3,0,77,39.49,39.49,0.0,970.217559,0.0
2019-01-27,3,0,78,29.85,29.85,0.0,733.37539,0.0
2019-01-27,3,0,79,17.28,17.28,0.0,424.546959,0.0
2019-01-27,3,0,80,27.94,27.94,0.0,686.449192,0.0
2019-01-27,3,0,81,36.53,36.53,0.0,897.494237,0.0
2019-01-27,3,0,82,25.77,25.77,0.0,633.135135,0.0
2019-01-27,3,0,83,57.46,57.46,0.0,1411.716914,0.0
2019-01-27,3,0,84,0.0,0.0,0.0,0.0,0.0
2019-01-27,3,0,86,0.0,0.0,0.0,0.0,0.0
2019-01-27,3,0,87,0.0,0.0,0.0,0.0,0.0
2019-01-27,3,0,88,26.94,26.94,0.0,661.880502,0.0
2019-01-27,3,0,89,25.9,25.9,0.0,636.329065,0.0
2019-01-27,3,0,90,34.77,34.77,0.0,854.253343,0.0
2019-01-27,3,0,91,124.04,124.04,0.0,3047.500279,0.0
2019-01-27,3,0,92,44.61,44.61,0.0,1096.009251,0.0
2019-01-27,3,0,95,1.47,1.47,0.0,40.974648,0.0
2019-01-27,3,0,96,7.62,7.62,0.0,163.160357,0.0
2019-01-27,3,0,97,46.86,46.86,0.0,1003.371958,0.0
2019-01-27,3,0,99,0.38,0.38,0.0,6.665601,0.0
2019-01-27,3,0,101,0.0,0.0,0.0,0.0,0.0
2019-01-27,3,0,102,2.2,2.2,0.0,55.138187,0.0
2019-01-27,3,0,103,1.92,1.92,0.0,48.1206,0.0
2019-01-27,3,0,104,0.36,0.36,0.0,9.022612,0.0
2019-01-27,3,0,106,0.0,0.0,0.0,0.0,0.0
2019-01-27,3,0,109,8.79,8.79,0.0,161.788312,0.0
2019-01-27,3,0,110,141.98,141.98,0.0,3750.77522,0.0
2019-01-27,3,0,111,0.0,0.0,0.0,0.0,0.0
2019-01-27,3,0,113,5.94,5.94,0.0,149.75744,0.0
2019-01-27,3,0,115,5.94,5.94,0.0,149.75744,0.0
2019-01-27,3,0,116,0.0,0.0,0.0,0.0,0.0
2019-01-27,3,0,117,0.31,0.31,0.0,7.815624,0.0
2019-01-27,3,0,119,9.28,9.28,0.0,252.315034,0.0
2019-01-27,3,0,120,5.46,5.46,0.0,148.452595,0.0
2019-01-27,3,0,123,0.0,0.0,0.0,0.0,0.0
2019-01-27,3,0,125,68.62,68.62,0.0,1464.611771,0.0
2019-01-27,3,0,126,0.0,0.0,0.0,0.0,0.0
2019-01-27,3,0,127,0.0,0.0,0.0,0.0,0.0
2019-01-27,3,0,128,98.28,98.28,0.0,2097.668973,0.0
2019-01-27,3,0,131,5.46,5.46,0.0,136.356634,0.0
2019-01-27,3,0,132,8.03,8.03,0.0,200.539152,0.0
2019-01-27,3,0,133,3.24,3.24,0.0,54.678348,0.0
2019-01-27,3,0,134,0.0,0.0,0.0,0.0,0.0
2019-01-27,3,0,135,4.34,4.34,0.0,73.241985,0.0
2019-01-27,3,0,136,5.43,5.43,0.0,91.767685,0.0
2019-01-27,3,0,139,20.55,20.55,0.0,404.138607,0.0
2019-01-27,3,0,140,105.08,105.08,0.0,2775.964643,0.0
2019-01-27,3,0,141,106.58,106.58,0.0,2706.739902,0.0
2019-01-27,3,0,142,0.0,0.0,0.0,0.0,0.0
2019-01-27,3,0,143,27.7,27.7,0.0,592.148674,0.0
2019-01-27,3,0,145,0.78,0.78,0.0,15.814881,0.0
2019-01-27,3,0,146,79.55,79.55,0.0,2101.522529,0.0
2019-01-27,3,0,152,0.0,0.0,0.0,0.0,0.0
2019-01-27,3,0,153,0.0,0.0,0.0,0.0,0.0
2019-01-27,3,0,154,0.0,0.0,0.0,0.0,0.0
2019-01-27,3,0,157,20.7,20.7,0.0,525.703847,0.0
2019-01-27,3,0,158,0.0,0.0,0.0,0.0,0.0
2019-01-27,3,0,159,0.0,0.0,0.0,0.0,0.0
2019-01-27,3,0,160,0.0,0.0,0.0,0.0,0.0
2019-01-27,3,0,161,0.0,0.0,0.0,0.0,0.0
2019-01-27,3,0,162,1.16,1.16,0.0,32.31943,0.0
2019-01-27,3,0,163,13.48,13.48,0.0,356.109663,0.0
2019-01-27,3,0,164,0.0,0.0,0.0,0.0,0.0
2019-01-27,3,0,167,0.0,0.0,0.0,0.0,0.0
2019-01-27,3,0,168,0.0,0.0,0.0,0.0,0.0
2019-01-27,3,0,169,0.0,0.0,0.0,0.0,0.0
2019-01-27,3,0,170,0.0,0.0,0.0,0.0,0.0
2019-01-27,3,0,172,0.0,0.0,0.0,0.0,0.0
2019-01-27,3,0,173,0.0,0.0,0.0,0.0,0.0
2019-01-27,3,0,188,0.0,0.0,0.0,0.0,0.0
2019-01-27,3,0,190,0.0,0.0,0.0,0.0,0.0
2019-01-27,3,0,191,0.0,0.0,0.0,0.0,0.0
2019-01-27,3,0,192,63.83,63.83,0.0,1735.48153,0.0
2019-01-27,3,0,194,9.89,9.89,0.0,252.821693,0.0
2019-01-27,3,0,196,0.0,0.0,0.0,0.0,0.0
2019-01-27,3,0,198,0.0,0.0,0.0,0.0,0.0
2019-01-27,3,0,199,3.5,3.5,0.0,51.477577,0.0
2019-01-27,3,0,200,0.0,0.0,0.0,0.0,0.0
2019-01-27,3,0,204,49.23,49.23,0.0,911.223893,0.0
2019-01-27,3,0,205,46.52,46.52,0.0,856.244856,0.0
2019-01-27,3,0,206,137.69,137.69,0.0,2948.234846,0.0
2019-01-27,3,0,210,0.0,0.0,0.0,0.0,0.0
2019-01-27,3,0,214,0.0,0.0,0.0,0.0,0.0
2019-01-27,3,0,217,0.0,0.0,0.0,0.0,0.0
2019-01-27,3,0,218,0.0,0.0,0.0,0.0,0.0
2019-01-27,3,0,219,0.0,0.0,0.0,0.0,0.0
2019-01-27,3,0,221,0.0,0.0,0.0,0.0,0.0
2019-01-27,3,0,225,0.0,0.0,0.0,0.0,0.0
2019-01-27,3,0,233,0.0,0.0,0.0,0.0,0.0
2019-01-27,3,0,236,0.0,0.0,0.0,0.0,0.0
2019-01-27,3,0,237,4.69,4.69,0.0,82.267548,0.0
2019-01-27,3,0,238,0.0,0.0,0.0,0.0,0.0
2019-01-27,3,0,240,0.0,0.0,0.0,0.0,0.0
2019-01-27,3,0,245,3.42,3.42,0.0,57.459108,0.0
2019-01-27,3,0,247,0.0,0.0,0.0,0.0,0.0
2019-01-27,3,0,248,0.47,0.47,0.0,8.244296,0.0
2019-01-27,3,0,249,6.58,6.58,0.0,110.54998,0.0
2019-01-27,3,0,251,22.44,22.44,0.0,379.985467,0.0
2019-01-27,3,0,252,15.0,15.0,0.0,253.484628,0.0
2019-01-27,3,0,254,0.0,0.0,0.0,0.0,0.0
2019-01-27,3,0,255,0.0,0.0,0.0,0.0,0.0
2019-01-27,3,0,258,0.0,0.0,0.0,0.0,0.0
2019-01-27,3,0,260,0.0,0.0,0.0,0.0,0.0
2019-01-27,3,0,265,0.0,0.0,0.0,0.0,0.0
2019-01-27,3,0,266,13.31,13.31,0.0,261.755954,0.0
2019-01-27,3,0,267,16.35,16.35,0.0,321.540935,0.0
2019-01-27,3,0,270,42.11,42.11,0.0,1112.446433,0.0
2019-01-27,3,0,272,24.28,24.28,0.0,612.13984,0.0
2019-01-27,3,0,273,0.0,0.0,0.0,0.0,0.0
2019-01-27,3,0,274,54.28,54.28,0.0,1433.948999,0.0
2019-01-27,3,0,275,75.56,75.56,0.0,1996.116183,0.0
2019-01-27,3,0,276,0.0,0.0,0.0,0.0,0.0
2019-01-27,3,0,277,0.0,0.0,0.0,0.0,0.0
2019-01-27,3,0,278,0.0,0.0,0.0,0.0,0.0
2019-01-27,3,0,279,14.09,14.09,0.0,351.600465,0.0
2019-01-27,3,0,281,6.08,6.08,0.0,129.973427,0.0
2019-01-27,3,0,282,0.0,0.0,0.0,0.0,0.0
2019-01-27,4,0,9,0.0,0.0,0.0,0.0,0.0
2019-01-27,4,0,17,0.0,0.0,0.0,0.0,0.0
2019-01-27,4,0,19,20.84,20.84,0.0,329.019619,0.0
2019-01-27,4,0,20,25.28,25.28,0.0,399.117849,0.0
2019-01-27,4,0,21,0.0,0.0,0.0,0.0,0.0
2019-01-27,4,0,22,0.0,0.0,0.0,0.0,0.0
2019-01-27,4,0,23,39.97,39.97,0.0,836.035865,0.0
2019-01-27,4,0,24,66.05,66.05,0.0,1381.540377,0.0
2019-01-27,4,0,29,0.0,0.0,0.0,0.0,0.0
2019-01-27,4,0,30,0.0,0.0,0.0,0.0,0.0
2019-01-27,4,0,31,14.74,14.74,0.0,308.846005,0.0
2019-01-27,4,0,32,0.0,0.0,0.0,0.0,0.0
2019-01-27,4,0,33,0.0,0.0,0.0,0.0,0.0
2019-01-27,4,0,34,0.0,0.0,0.0,0.0,0.0
2019-01-27,4,0,35,0.0,0.0,0.0,0.0,0.0
2019-01-27,4,0,36,0.0,0.0,0.0,0.0,0.0
2019-01-27,4,0,37,0.0,0.0,0.0,0.0,0.0
2019-01-27,4,0,38,0.0,0.0,0.0,0.0,0.0
2019-01-27,4,0,39,0.0,0.0,0.0,0.0,0.0
2019-01-27,4,0,40,0.0,0.0,0.0,0.0,0.0
2019-01-27,4,0,41,14.01,14.01,0.0,267.181204,0.0
2019-01-27,4,0,42,0.0,0.0,0.0,0.0,0.0
2019-01-27,4,0,43,0.0,0.0,0.0,0.0,0.0
2019-01-27,4,0,46,0.0,0.0,0.0,0.0,0.0
2019-01-27,4,0,52,15.62,15.62,0.0,327.284573,0.0
2019-01-27,4,0,53,24.82,24.82,0.0,520.051414,0.0
2019-01-27,4,0,55,298.78,298.78,0.0,6249.456983,0.0
2019-01-27,4,0,56,0.0,0.0,0.0,0.0,0.0
2019-01-27,4,0,57,0.0,0.0,0.0,0.0,0.0
2019-01-27,4,0,58,0.0,0.0,0.0,0.0,0.0
2019-01-27,4,0,59,0.0,0.0,0.0,0.0,0.0
2019-01-27,4,0,63,18.56,18.56,0.0,504.630067,0.0
2019-01-27,4,0,64,21.84,21.84,0.0,593.810381,0.0
2019-01-27,4,0,65,1.93,1.93,0.0,30.525332,0.0
2019-01-27,4,0,67,0.0,0.0,0.0,0.0,0.0
2019-01-27,4,0,68,1.32,1.32,0.0,32.931864,0.0
2019-01-27,4,0,69,0.0,0.0,0.0,0.0,0.0
2019-01-27,4,0,74,1.82,1.82,0.0,30.31403,0.0
2019-01-27,4,0,77,46.67,46.67,0.0,1139.660683,0.0
2019-01-27,4,0,78,35.28,35.28,0.0,861.521939,0.0
2019-01-27,4,0,79,20.42,20.42,0.0,498.647336,0.0
2019-01-27,4,0,80,33.02,33.02,0.0,806.333742,0.0
2019-01-27,4,0,81,43.17,43.17,0.0,1054.192237,0.0
2019-01-27,4,0,82,30.45,30.45,0.0,743.575483,0.0
2019-01-27,4,0,83,67.91,67.91,0.0,1658.332055,0.0
2019-01-27,4,0,84,0.0,0.0,0.0,0.0,0.0
2019-01-27,4,0,86,0.0,0.0,0.0,0.0,0.0
2019-01-27,4,0,87,0.0,0.0,0.0,0.0,0.0
2019-01-27,4,0,88,35.78,35.78,0.0,873.731717,0.0
2019-01-27,4,0,89,34.4,34.4,0.0,840.03273,0.0
2019-01-27,4,0,90,46.19,46.19,0.0,1127.939296,0.0
2019-01-27,4,0,91,164.76,164.76,0.0,4023.366063,0.0
2019-01-27,4,0,92,59.26,59.26,0.0,1447.102894,0.0
2019-01-27,4,0,95,2.6,2.6,0.0,72.541218,0.0
2019-01-27,4,0,96,9.04,9.04,0.0,189.757643,0.0
2019-01-27,4,0,97,55.57,55.57,0.0,1166.463741,0.0
2019-01-27,4,0,99,0.35,0.35,0.0,5.829621,0.0
2019-01-27,4,0,101,0.0,0.0,0.0,0.0,0.0
2019-01-27,4,0,102,3.12,3.12,0.0,77.838952,0.0
2019-01-27,4,0,103,2.71,2.71,0.0,67.610115,0.0
2019-01-27,4,0,104,0.5,0.5,0.0,12.474191,0.0
2019-01-27,4,0,106,0.0,0.0,0.0,0.0,0.0
2019-01-27,4,0,109,4.39,4.39,0.0,77.868874,0.0
2019-01-27,4,0,110,140.5,140.5,0.0,3706.598838,0.0
2019-01-27,4,0,111,0.0,0.0,0.0,0.0,0.0
2019-01-27,4,0,113,7.02,7.02,0.0,176.341789,0.0
2019-01-27,4,0,115,7.02,7.02,0.0,176.341789,0.0
2019-01-27,4,0,116,0.0,0.0,0.0,0.0,0.0
2019-01-27,4,0,117,0.47,0.47,0.0,11.806359,0.0
2019-01-27,4,0,119,21.84,21.84,0.0,593.810381,0.0
2019-01-27,4,0,120,12.84,12.84,0.0,349.108301,0.0
2019-01-27,4,0,123,0.0,0.0,0.0,0.0,0.0
2019-01-27,4,0,125,60.6,60.6,0.0,1267.544994,0.0
2019-01-27,4,0,126,0.0,0.0,0.0,0.0,0.0
2019-01-27,4,0,127,0.0,0.0,0.0,0.0,0.0
2019-01-27,4,0,128,82.3,82.3,0.0,1721.434868,0.0
2019-01-27,4,0,131,5.53,5.53,0.0,137.443534,0.0
2019-01-27,4,0,132,8.13,8.13,0.0,202.064364,0.0
2019-01-27,4,0,133,3.49,3.49,0.0,55.090415,0.0
2019-01-27,4,0,134,0.0,0.0,0.0,0.0,0.0
2019-01-27,4,0,135,4.81,4.81,0.0,75.926904,0.0
2019-01-27,4,0,136,6.59,6.59,0.0,104.23924,0.0
2019-01-27,4,0,139,18.1,18.1,0.0,345.180571,0.0
2019-01-27,4,0,140,103.98,103.98,0.0,2743.146955,0.0
2019-01-27,4,0,141,104.22,104.22,0.0,2636.887093,0.0
2019-01-27,4,0,142,0.0,0.0,0.0,0.0,0.0
2019-01-27,4,0,143,27.73,27.73,0.0,581.024405,0.0
2019-01-27,4,0,145,2.44,2.44,0.0,48.215332,0.0
2019-01-27,4,0,146,79.56,79.56,0.0,2098.911057,0.0
2019-01-27,4,0,152,0.0,0.0,0.0,0.0,0.0
2019-01-27,4,0,153,0.0,0.0,0.0,0.0,0.0
2019-01-27,4,0,154,0.0,0.0,0.0,0.0,0.0
2019-01-27,4,0,157,39.99,39.99,0.0,1011.793464,0.0
2019-01-27,4,0,158,0.0,0.0,0.0,0.0,0.0
2019-01-27,4,0,159,0.0,0.0,0.0,0.0,0.0
2019-01-27,4,0,160,0.0,0.0,0.0,0.0,0.0
2019-01-27,4,0,161,0.0,0.0,0.0,0.0,0.0
2019-01-27,4,0,162,1.03,1.03,0.0,28.7243,0.0
2019-01-27,4,0,163,38.74,38.74,0.0,1022.018783,0.0
2019-01-27,4,0,164,0.0,0.0,0.0,0.0,0.0
2019-01-27,4,0,167,0.0,0.0,0.0,0.0,0.0
2019-01-27,4,0,168,0.0,0.0,0.0,0.0,0.0
2019-01-27,4,0,169,0.0,0.0,0.0,0.0,0.0
2019-01-27,4,0,170,0.0,0.0,0.0,0.0,0.0
2019-01-27,4,0,172,0.0,0.0,0.0,0.0,0.0
2019-01-27,4,0,173,0.0,0.0,0.0,0.0,0.0
2019-01-27,4,0,188,0.0,0.0,0.0,0.0,0.0
2019-01-27,4,0,190,0.0,0.0,0.0,0.0,0.0
2019-01-27,4,0,191,0.0,0.0,0.0,0.0,0.0
2019-01-27,4,0,192,107.12,107.12,0.0,2912.498534,0.0
2019-01-27,4,0,194,18.16,18.16,0.0,463.275368,0.0
2019-01-27,4,0,196,0.0,0.0,0.0,0.0,0.0
2019-01-27,4,0,198,0.0,0.0,0.0,0.0,0.0
2019-01-27,4,0,199,2.55,2.55,0.0,37.251339,0.0
2019-01-27,4,0,200,0.0,0.0,0.0,0.0,0.0
2019-01-27,4,0,204,20.37,20.37,0.0,363.807502,0.0
2019-01-27,4,0,205,23.22,23.22,0.0,411.871356,0.0
2019-01-27,4,0,206,163.29,163.29,0.0,3427.602379,0.0
2019-01-27,4,0,210,0.0,0.0,0.0,0.0,0.0
2019-01-27,4,0,214,0.0,0.0,0.0,0.0,0.0
2019-01-27,4,0,217,0.0,0.0,0.0,0.0,0.0
2019-01-27,4,0,218,0.0,0.0,0.0,0.0,0.0
2019-01-27,4,0,219,0.0,0.0,0.0,0.0,0.0
2019-01-27,4,0,221,0.0,0.0,0.0,0.0,0.0
2019-01-27,4,0,225,0.0,0.0,0.0,0.0,0.0
2019-01-27,4,0,233,0.0,0.0,0.0,0.0,0.0
2019-01-27,4,0,236,0.0,0.0,0.0,0.0,0.0
2019-01-27,4,0,237,4.37,4.37,0.0,72.786984,0.0
2019-01-27,4,0,238,0.0,0.0,0.0,0.0,0.0
2019-01-27,4,0,240,0.0,0.0,0.0,0.0,0.0
2019-01-27,4,0,245,2.15,2.15,0.0,33.719863,0.0
2019-01-27,4,0,247,0.0,0.0,0.0,0.0,0.0
2019-01-27,4,0,248,0.44,0.44,0.0,7.328667,0.0
2019-01-27,4,0,249,4.14,4.14,0.0,64.930341,0.0
2019-01-27,4,0,251,18.76,18.76,0.0,297.585602,0.0
2019-01-27,4,0,252,12.48,12.48,0.0,197.386606,0.0
2019-01-27,4,0,254,0.0,0.0,0.0,0.0,0.0
2019-01-27,4,0,255,0.0,0.0,0.0,0.0,0.0
2019-01-27,4,0,258,0.0,0.0,0.0,0.0,0.0
2019-01-27,4,0,260,0.0,0.0,0.0,0.0,0.0
2019-01-27,4,0,265,0.0,0.0,0.0,0.0,0.0
2019-01-27,4,0,266,11.72,11.72,0.0,223.509187,0.0
2019-01-27,4,0,267,14.4,14.4,0.0,274.618797,0.0
2019-01-27,4,0,270,120.98,120.98,0.0,3191.632223,0.0
2019-01-27,4,0,272,23.47,23.47,0.0,589.564356,0.0
2019-01-27,4,0,273,0.0,0.0,0.0,0.0,0.0
2019-01-27,4,0,274,155.95,155.95,0.0,4114.192803,0.0
2019-01-27,4,0,275,217.09,217.09,0.0,5727.15688,0.0
2019-01-27,4,0,276,0.0,0.0,0.0,0.0,0.0
2019-01-27,4,0,277,0.0,0.0,0.0,0.0,0.0
2019-01-27,4,0,278,0.0,0.0,0.0,0.0,0.0
2019-01-27,4,0,279,27.65,27.65,0.0,686.801905,0.0
2019-01-27,4,0,281,6.61,6.61,0.0,138.498785,0.0
2019-01-27,4,0,282,0.0,0.0,0.0,0.0,0.0
2019-01-27,5,0,9,0.0,0.0,0.0,0.0,0.0
2019-01-27,5,0,17,0.0,0.0,0.0,0.0,0.0
2019-01-27,5,0,19,34.58,34.58,0.0,473.697778,0.0
2019-01-27,5,0,20,41.94,41.94,0.0,574.519515,0.0
2019-01-27,5,0,21,0.0,0.0,0.0,0.0,0.0
2019-01-27,5,0,22,0.0,0.0,0.0,0.0,0.0
2019-01-27,5,0,23,40.61,40.61,0.0,872.102692,0.0
2019-01-27,5,0,24,71.85,71.85,0.0,1542.983956,0.0
2019-01-27,5,0,29,0.0,0.0,0.0,0.0,0.0
2019-01-27,5,0,30,0.0,0.0,0.0,0.0,0.0
2019-01-27,5,0,31,10.82,10.82,0.0,232.896906,0.0
2019-01-27,5,0,32,0.0,0.0,0.0,0.0,0.0
2019-01-27,5,0,33,0.0,0.0,0.0,0.0,0.0
2019-01-27,5,0,34,0.0,0.0,0.0,0.0,0.0
2019-01-27,5,0,35,0.0,0.0,0.0,0.0,0.0
2019-01-27,5,0,36,0.0,0.0,0.0,0.0,0.0
2019-01-27,5,0,37,0.0,0.0,0.0,0.0,0.0
2019-01-27,5,0,38,0.0,0.0,0.0,0.0,0.0
2019-01-27,5,0,39,0.0,0.0,0.0,0.0,0.0
2019-01-27,5,0,40,0.0,0.0,0.0,0.0,0.0
2019-01-27,5,0,41,3.28,3.28,0.0,61.976418,0.0
2019-01-27,5,0,42,0.0,0.0,0.0,0.0,0.0
2019-01-27,5,0,43,0.0,0.0,0.0,0.0,0.0
2019-01-27,5,0,46,0.0,0.0,0.0,0.0,0.0
2019-01-27,5,0,52,11.47,11.47,0.0,246.88794,0.0
2019-01-27,5,0,53,18.22,18.22,0.0,392.179448,0.0
2019-01-27,5,0,55,174.79,174.79,0.0,3753.627914,0.0
2019-01-27,5,0,56,0.0,0.0,0.0,0.0,0.0
2019-01-27,5,0,57,0.0,0.0,0.0,0.0,0.0
2019-01-27,5,0,58,0.0,0.0,0.0,0.0,0.0
2019-01-27,5,0,59,0.0,0.0,0.0,0.0,0.0
2019-01-27,5,0,63,28.15,28.15,0.0,839.104731,0.0
2019-01-27,5,0,64,33.12,33.12,0.0,987.252173,0.0
2019-01-27,5,0,65,1.09,1.09,0.0,14.990913,0.0
2019-01-27,5,0,67,0.0,0.0,0.0,0.0,0.0
2019-01-27,5,0,68,1.83,1.83,0.0,49.30431,0.0
2019-01-27,5,0,69,0.0,0.0,0.0,0.0,0.0
2019-01-27,5,0,74,0.0,0.0,0.0,0.0,0.0
2019-01-27,5,0,77,51.95,51.95,0.0,1363.34984,0.0
2019-01-27,5,0,78,39.27,39.27,0.0,1030.582256,0.0
2019-01-27,5,0,79,22.73,22.73,0.0,596.514762,0.0
2019-01-27,5,0,80,36.75,36.75,0.0,964.448636,0.0
2019-01-27,5,0,81,48.05,48.05,0.0,1261.000189,0.0
2019-01-27,5,0,82,33.89,33.89,0.0,889.392225,0.0
2019-01-27,5,0,83,75.58,75.58,0.0,1983.483752,0.0
2019-01-27,5,0,84,0.0,0.0,0.0,0.0,0.0
2019-01-27,5,0,86,0.0,0.0,0.0,0.0,0.0
2019-01-27,5,0,87,0.0,0.0,0.0,0.0,0.0
2019-01-27,5,0,88,39.14,39.14,0.0,1027.170601,0.0
2019-01-27,5,0,89,37.63,37.63,0.0,987.542916,0.0
2019-01-27,5,0,90,50.52,50.52,0.0,1325.821635,0.0
2019-01-27,5,0,91,180.23,180.23,0.0,4729.866057,0.0
2019-01-27,5,0,92,64.82,64.82,0.0,1701.103689,0.0
2019-01-27,5,0,95,2.09,2.09,0.0,64.141823,0.0
2019-01-27,5,0,96,8.45,8.45,0.0,182.321424,0.0
2019-01-27,5,0,97,51.97,51.97,0.0,1121.330701,0.0
2019-01-27,5,0,99,0.0,0.0,0.0,0.0,0.0
2019-01-27,5,0,101,0.0,0.0,0.0,0.0,0.0
2019-01-27,5,0,102,4.32,4.32,0.0,116.390502,0.0
2019-01-27,5,0,103,3.76,3.76,0.0,101.302844,0.0
2019-01-27,5,0,104,0.7,0.7,0.0,18.859572,0.0
2019-01-27,5,0,106,0.0,0.0,0.0,0.0,0.0
2019-01-27,5,0,109,0.0,0.0,0.0,0.0,0.0
2019-01-27,5,0,110,128.4,128.4,0.0,3696.649445,0.0
2019-01-27,5,0,111,0.0,0.0,0.0,0.0,0.0
2019-01-27,5,0,113,21.34,21.34,0.0,580.489817,0.0
2019-01-27,5,0,115,21.34,21.34,0.0,580.489817,0.0
2019-01-27,5,0,116,0.0,0.0,0.0,0.0,0.0
2019-01-27,5,0,117,1.03,1.03,0.0,28.018018,0.0
2019-01-27,5,0,119,33.12,33.12,0.0,987.252173,0.0
2019-01-27,5,0,120,19.47,19.47,0.0,580.368352,0.0
2019-01-27,5,0,123,0.0,0.0,0.0,0.0,0.0
2019-01-27,5,0,125,65.02,65.02,0.0,1396.309211,0.0
2019-01-27,5,0,126,0.0,0.0,0.0,0.0,0.0
2019-01-27,5,0,127,0.0,0.0,0.0,0.0,0.0
2019-01-27,5,0,128,93.13,93.13,0.0,1999.973497,0.0
2019-01-27,5,0,131,6.45,6.45,0.0,172.993914,0.0
2019-01-27,5,0,132,9.48,9.48,0.0,254.260823,0.0
2019-01-27,5,0,133,2.31,2.31,0.0,31.631912,0.0
2019-01-27,5,0,134,0.0,0.0,0.0,0.0,0.0
2019-01-27,5,0,135,3.29,3.29,0.0,45.051511,0.0
2019-01-27,5,0,136,5.47,5.47,0.0,75.246,0.0
2019-01-27,5,0,139,4.23,4.23,0.0,79.926904,0.0
2019-01-27,5,0,140,95.03,95.03,0.0,2735.923651,0.0
2019-01-27,5,0,141,92.35,92.35,0.0,2530.124381,0.0
2019-01-27,5,0,142,0.0,0.0,0.0,0.0,0.0
2019-01-27,5,0,143,41.29,41.29,0.0,888.753536,0.0
2019-01-27,5,0,145,4.1,4.1,0.0,81.644571,0.0
2019-01-27,5,0,146,73.08,73.08,0.0,2103.980852,0.0
2019-01-27,5,0,152,0.0,0.0,0.0,0.0,0.0
2019-01-27,5,0,153,0.0,0.0,0.0,0.0,0.0
2019-01-27,5,0,154,0.0,0.0,0.0,0.0,0.0
2019-01-27,5,0,157,37.7,37.7,0.0,1032.871566,0.0
2019-01-27,5,0,158,0.0,0.0,0.0,0.0,0.0
2019-01-27,5,0,159,0.0,0.0,0.0,0.0,0.0
2019-01-27,5,0,160,0.0,0.0,0.0,0.0,0.0
2019-01-27,5,0,161,0.0,0.0,0.0,0.0,0.0
2019-01-27,5,0,162,2.51,2.51,0.0,76.991849,0.0
2019-01-27,5,0,163,47.14,47.14,0.0,1357.165536,0.0
2019-01-27,5,0,164,0.0,0.0,0.0,0.0,0.0
2019-01-27,5,0,167,0.0,0.0,0.0,0.0,0.0
2019-01-27,5,0,168,0.0,0.0,0.0,0.0,0.0
2019-01-27,5,0,169,0.0,0.0,0.0,0.0,0.0
2019-01-27,5,0,170,0.0,0.0,0.0,0.0,0.0
2019-01-27,5,0,172,0.0,0.0,0.0,0.0,0.0
2019-01-27,5,0,173,0.0,0.0,0.0,0.0,0.0
2019-01-27,5,0,188,0.0,0.0,0.0,0.0,0.0
2019-01-27,5,0,190,0.0,0.0,0.0,0.0,0.0
2019-01-27,5,0,191,0.0,0.0,0.0,0.0,0.0
2019-01-27,5,0,192,106.84,106.84,0.0,3184.722892,0.0
2019-01-27,5,0,194,25.58,25.58,0.0,710.039908,0.0
2019-01-27,5,0,196,0.0,0.0,0.0,0.0,0.0
2019-01-27,5,0,198,0.0,0.0,0.0,0.0,0.0
2019-01-27,5,0,199,0.89,0.89,0.0,13.609794,0.0
2019-01-27,5,0,200,0.0,0.0,0.0,0.0,0.0
2019-01-27,5,0,204,0.0,0.0,0.0,0.0,0.0
2019-01-27,5,0,205,0.0,0.0,0.0,0.0,0.0
2019-01-27,5,0,206,152.71,152.71,0.0,3294.947304,0.0
2019-01-27,5,0,210,0.0,0.0,0.0,0.0,0.0
2019-01-27,5,0,214,0.0,0.0,0.0,0.0,0.0
2019-01-27,5,0,217,0.0,0.0,0.0,0.0,0.0
2019-01-27,5,0,218,0.0,0.0,0.0,0.0,0.0
2019-01-27,5,0,219,0.0,0.0,0.0,0.0,0.0
2019-01-27,5,0,221,0.0,0.0,0.0,0.0,0.0
2019-01-27,5,0,225,0.0,0.0,0.0,0.0,0.0
2019-01-27,5,0,233,0.0,0.0,0.0,0.0,0.0
2019-01-27,5,0,236,0.0,0.0,0.0,0.0,0.0
2019-01-27,5,0,237,0.0,0.0,0.0,0.0,0.0
2019-01-27,5,0,238,0.0,0.0,0.0,0.0,0.0
2019-01-27,5,0,240,0.0,0.0,0.0,0.0,0.0
2019-01-27,5,0,245,1.98,1.98,0.0,26.726236,0.0
2019-01-27,5,0,247,0.0,0.0,0.0,0.0,0.0
2019-01-27,5,0,248,0.0,0.0,0.0,0.0,0.0
2019-01-27,5,0,249,3.81,3.81,0.0,51.427757,0.0
2019-01-27,5,0,251,6.96,6.96,0.0,96.344865,0.0
2019-01-27,5,0,252,7.05,7.05,0.0,96.959574,0.0
2019-01-27,5,0,254,0.0,0.0,0.0,0.0,0.0
2019-01-27,5,0,255,0.0,0.0,0.0,0.0,0.0
2019-01-27,5,0,258,0.0,0.0,0.0,0.0,0.0
2019-01-27,5,0,260,0.0,0.0,0.0,0.0,0.0
2019-01-27,5,0,265,0.0,0.0,0.0,0.0,0.0
2019-01-27,5,0,266,2.74,2.74,0.0,51.772983,0.0
2019-01-27,5,0,267,3.37,3.37,0.0,63.67699,0.0
2019-01-27,5,0,270,147.2,147.2,0.0,4237.903414,0.0
2019-01-27,5,0,272,73.36,73.36,0.0,1995.535755,0.0
2019-01-27,5,0,273,0.0,0.0,0.0,0.0,0.0
2019-01-27,5,0,274,189.76,189.76,0.0,5463.210271,0.0
2019-01-27,5,0,275,264.15,264.15,0.0,7604.90616,0.0
2019-01-27,5,0,276,0.0,0.0,0.0,0.0,0.0
2019-01-27,5,0,277,0.0,0.0,0.0,0.0,0.0
2019-01-27,5,0,278,0.0,0.0,0.0,0.0,0.0
2019-01-27,5,0,279,40.11,40.11,0.0,1075.657858,0.0
2019-01-27,5,0,281,4.86,4.86,0.0,104.609886,0.0
2019-01-27,5,0,282,0.0,0.0,0.0,0.0,0.0
2019-01-27,6,0,9,0.0,0.0,0.0,0.0,0.0
2019-01-27,6,0,17,0.0,0.0,0.0,0.0,0.0
2019-01-27,6,0,19,54.22,54.22,0.0,800.110035,0.0
2019-01-27,6,0,20,65.76,65.76,0.0,970.402728,0.0
2019-01-27,6,0,21,0.0,0.0,0.0,0.0,0.0
2019-01-27,6,0,22,0.0,0.0,0.0,0.0,0.0
2019-01-27,6,0,23,39.32,39.32,0.0,762.700885,0.0
2019-01-27,6,0,24,69.58,69.58,0.0,1349.66245,0.0
2019-01-27,6,0,29,0.0,0.0,0.0,0.0,0.0
2019-01-27,6,0,30,0.0,0.0,0.0,0.0,0.0
2019-01-27,6,0,31,9.75,9.75,0.0,189.433285,0.0
2019-01-27,6,0,32,0.0,0.0,0.0,0.0,0.0
2019-01-27,6,0,33,0.0,0.0,0.0,0.0,0.0
2019-01-27,6,0,34,0.0,0.0,0.0,0.0,0.0
2019-01-27,6,0,35,0.0,0.0,0.0,0.0,0.0
2019-01-27,6,0,36,0.0,0.0,0.0,0.0,0.0
2019-01-27,6,0,37,0.0,0.0,0.0,0.0,0.0
2019-01-27,6,0,38,0.0,0.0,0.0,0.0,0.0
2019-01-27,6,0,39,0.0,0.0,0.0,0.0,0.0
2019-01-27,6,0,40,0.0,0.0,0.0,0.0,0.0
2019-01-27,6,0,41,7.06,7.06,0.0,125.461868,0.0
2019-01-27,6,0,42,0.0,0.0,0.0,0.0,0.0
2019-01-27,6,0,43,0.0,0.0,0.0,0.0,0.0
2019-01-27,6,0,46,0.0,0.0,0.0,0.0,0.0
2019-01-27,6,0,52,10.33,10.33,0.0,200.702136,0.0
2019-01-27,6,0,53,16.4,16.4,0.0,318.636499,0.0
2019-01-27,6,0,55,59.99,59.99,0.0,1163.642576,0.0
2019-01-27,6,0,56,0.0,0.0,0.0,0.0,0.0
2019-01-27,6,0,57,0.0,0.0,0.0,0.0,0.0
2019-01-27,6,0,58,0.0,0.0,0.0,0.0,0.0
2019-01-27,6,0,59,0.0,0.0,0.0,0.0,0.0
2019-01-27,6,0,63,40.71,40.71,0.0,1010.334484,0.0
2019-01-27,6,0,64,47.89,47.89,0.0,1188.526614,0.0
2019-01-27,6,0,65,0.0,0.0,0.0,0.0,0.0
2019-01-27,6,0,67,0.0,0.0,0.0,0.0,0.0
2019-01-27,6,0,68,2.54,2.54,0.0,58.202541,0.0
2019-01-27,6,0,69,0.0,0.0,0.0,0.0,0.0
2019-01-27,6,0,74,0.0,0.0,0.0,0.0,0.0
2019-01-27,6,0,77,63.34,63.34,0.0,1422.522683,0.0
2019-01-27,6,0,78,47.88,47.88,0.0,1075.313958,0.0
2019-01-27,6,0,79,27.71,27.71,0.0,622.325601,0.0
2019-01-27,6,0,80,44.81,44.81,0.0,1006.3663,0.0
2019-01-27,6,0,81,58.59,58.59,0.0,1315.844711,0.0
2019-01-27,6,0,82,41.33,41.33,0.0,928.210649,0.0
2019-01-27,6,0,83,92.16,92.16,0.0,2069.777242,0.0
2019-01-27,6,0,84,0.0,0.0,0.0,0.0,0.0
2019-01-27,6,0,86,0.0,0.0,0.0,0.0,0.0
2019-01-27,6,0,87,0.0,0.0,0.0,0.0,0.0
2019-01-27,6,0,88,47.13,47.13,0.0,1058.470067,0.0
2019-01-27,6,0,89,45.31,45.31,0.0,1017.59556,0.0
2019-01-27,6,0,90,60.84,60.84,0.0,1366.376382,0.0
2019-01-27,6,0,91,217.02,217.02,0.0,4873.948101,0.0
2019-01-27,6,0,92,78.05,78.05,0.0,1752.887519,0.0
2019-01-27,6,0,95,4.0,4.0,0.0,101.654774,0.0
2019-01-27,6,0,96,8.38,8.38,0.0,163.093798,0.0
2019-01-27,6,0,97,51.51,51.51,0.0,1002.501376,0.0
2019-01-27,6,0,99,0.0,0.0,0.0,0.0,0.0
2019-01-27,6,0,101,0.0,0.0,0.0,0.0,0.0
2019-01-27,6,0,102,6.01,6.01,0.0,137.715461,0.0
2019-01-27,6,0,103,5.22,5.22,0.0,119.613096,0.0
2019-01-27,6,0,104,0.97,0.97,0.0,22.226955,0.0
2019-01-27,6,0,106,0.0,0.0,0.0,0.0,0.0
2019-01-27,6,0,109,6.2,6.2,0.0,103.083653,0.0
2019-01-27,6,0,110,123.23,123.23,0.0,2974.301113,0.0
2019-01-27,6,0,111,0.0,0.0,0.0,0.0,0.0
2019-01-27,6,0,113,36.37,36.37,0.0,839.131646,0.0
2019-01-27,6,0,115,36.37,36.37,0.0,839.131646,0.0
2019-01-27,6,0,116,0.0,0.0,0.0,0.0,0.0
2019-01-27,6,0,117,1.44,1.44,0.0,33.223799,0.0
2019-01-27,6,0,119,47.89,47.89,0.0,1188.526614,0.0
2019-01-27,6,0,120,28.16,28.16,0.0,698.870525,0.0
2019-01-27,6,0,123,0.0,0.0,0.0,0.0,0.0
2019-01-27,6,0,125,62.96,62.96,0.0,1221.252485,0.0
2019-01-27,6,0,126,0.0,0.0,0.0,0.0,0.0
2019-01-27,6,0,127,0.0,0.0,0.0,0.0,0.0
2019-01-27,6,0,128,90.18,90.18,0.0,1749.246332,0.0
2019-01-27,6,0,131,8.27,8.27,0.0,188.837692,0.0
2019-01-27,6,0,132,12.15,12.15,0.0,277.433853,0.0
2019-01-27,6,0,133,2.72,2.72,0.0,40.13115,0.0
2019-01-27,6,0,134,0.0,0.0,0.0,0.0,0.0
2019-01-27,6,0,135,3.65,3.65,0.0,53.852462,0.0
2019-01-27,6,0,136,4.47,4.47,0.0,66.094391,0.0
2019-01-27,6,0,139,9.12,9.12,0.0,162.069722,0.0
2019-01-27,6,0,140,91.2,91.2,0.0,2201.219358,0.0
2019-01-27,6,0,141,85.22,85.22,0.0,1978.394932,0.0
2019-01-27,6,0,142,0.0,0.0,0.0,0.0,0.0
2019-01-27,6,0,143,64.21,64.21,0.0,1247.539611,0.0
2019-01-27,6,0,145,6.73,6.73,0.0,123.759917,0.0
2019-01-27,6,0,146,78.74,78.74,0.0,1900.48259,0.0
2019-01-27,6,0,152,0.0,0.0,0.0,0.0,0.0
2019-01-27,6,0,153,0.0,0.0,0.0,0.0,0.0
2019-01-27,6,0,154,0.0,0.0,0.0,0.0,0.0
2019-01-27,6,0,157,41.27,41.27,0.0,958.089167,0.0
2019-01-27,6,0,158,0.0,0.0,0.0,0.0,0.0
2019-01-27,6,0,159,0.0,0.0,0.0,0.0,0.0
2019-01-27,6,0,160,0.0,0.0,0.0,0.0,0.0
2019-01-27,6,0,161,0.0,0.0,0.0,0.0,0.0
2019-01-27,6,0,162,5.09,5.09,0.0,129.301188,0.0
2019-01-27,6,0,163,56.49,56.49,0.0,1363.452648,0.0
2019-01-27,6,0,164,0.0,0.0,0.0,0.0,0.0
2019-01-27,6,0,167,0.0,0.0,0.0,0.0,0.0
2019-01-27,6,0,168,0.0,0.0,0.0,0.0,0.0
2019-01-27,6,0,169,0.0,0.0,0.0,0.0,0.0
2019-01-27,6,0,170,0.0,0.0,0.0,0.0,0.0
2019-01-27,6,0,172,0.0,0.0,0.0,0.0,0.0
2019-01-27,6,0,173,0.0,0.0,0.0,0.0,0.0
2019-01-27,6,0,188,0.0,0.0,0.0,0.0,0.0
2019-01-27,6,0,190,0.0,0.0,0.0,0.0,0.0
2019-01-27,6,0,191,0.0,0.0,0.0,0.0,0.0
2019-01-27,6,0,192,107.76,107.76,0.0,2674.371014,0.0
2019-01-27,6,0,194,39.46,39.46,0.0,924.179547,0.0
2019-01-27,6,0,196,0.0,0.0,0.0,0.0,0.0
2019-01-27,6,0,198,0.0,0.0,0.0,0.0,0.0
2019-01-27,6,0,199,0.0,0.0,0.0,0.0,0.0
2019-01-27,6,0,200,0.0,0.0,0.0,0.0,0.0
2019-01-27,6,0,204,0.0,0.0,0.0,0.0,0.0
2019-01-27,6,0,205,32.8,32.8,0.0,545.34578,0.0
2019-01-27,6,0,206,151.37,151.37,0.0,2946.003364,0.0
2019-01-27,6,0,210,0.0,0.0,0.0,0.0,0.0
2019-01-27,6,0,214,0.0,0.0,0.0,0.0,0.0
2019-01-27,6,0,217,0.0,0.0,0.0,0.0,0.0
2019-01-27,6,0,218,0.0,0.0,0.0,0.0,0.0
2019-01-27,6,0,219,0.0,0.0,0.0,0.0,0.0
2019-01-27,6,0,221,0.0,0.0,0.0,0.0,0.0
2019-01-27,6,0,225,0.0,0.0,0.0,0.0,0.0
2019-01-27,6,0,233,0.0,0.0,0.0,0.0,0.0
2019-01-27,6,0,236,0.0,0.0,0.0,0.0,0.0
2019-01-27,6,0,237,0.0,0.0,0.0,0.0,0.0
2019-01-27,6,0,238,0.0,0.0,0.0,0.0,0.0
2019-01-27,6,0,240,0.0,0.0,0.0,0.0,0.0
2019-01-27,6,0,245,1.84,1.84,0.0,26.96327,0.0
2019-01-27,6,0,247,0.0,0.0,0.0,0.0,0.0
2019-01-27,6,0,248,0.0,0.0,0.0,0.0,0.0
2019-01-27,6,0,249,3.54,3.54,0.0,51.874987,0.0
2019-01-27,6,0,251,0.0,0.0,0.0,0.0,0.0
2019-01-27,6,0,252,0.0,0.0,0.0,0.0,0.0
2019-01-27,6,0,254,0.0,0.0,0.0,0.0,0.0
2019-01-27,6,0,255,0.0,0.0,0.0,0.0,0.0
2019-01-27,6,0,258,0.0,0.0,0.0,0.0,0.0
2019-01-27,6,0,260,0.0,0.0,0.0,0.0,0.0
2019-01-27,6,0,265,0.0,0.0,0.0,0.0,0.0
2019-01-27,6,0,266,5.91,5.91,0.0,105.025445,0.0
2019-01-27,6,0,267,7.26,7.26,0.0,129.016029,0.0
2019-01-27,6,0,270,176.43,176.43,0.0,4258.345738,0.0
2019-01-27,6,0,272,128.33,128.33,0.0,2960.840367,0.0
2019-01-27,6,0,273,0.0,0.0,0.0,0.0,0.0
2019-01-27,6,0,274,227.44,227.44,0.0,5489.532136,0.0
2019-01-27,6,0,275,316.6,316.6,0.0,7641.513692,0.0
2019-01-27,6,0,276,0.0,0.0,0.0,0.0,0.0
2019-01-27,6,0,277,0.0,0.0,0.0,0.0,0.0
2019-01-27,6,0,278,0.0,0.0,0.0,0.0,0.0
2019-01-27,6,0,279,57.33,57.33,0.0,1308.620064,0.0
2019-01-27,6,0,281,4.38,4.38,0.0,85.09926,0.0
2019-01-27,6,0,282,0.0,0.0,0.0,0.0,0.0
2019-01-27,7,0,9,0.0,0.0,0.0,0.0,0.0
2019-01-27,7,0,17,0.0,0.0,0.0,0.0,0.0
2019-01-27,7,0,19,79.35,79.35,0.0,1257.76071,0.0
2019-01-27,7,0,20,96.24,96.24,0.0,1525.480664,0.0
2019-01-27,7,0,21,0.0,0.0,0.0,0.0,0.0
2019-01-27,7,0,22,0.0,0.0,0.0,0.0,0.0
2019-01-27,7,0,23,40.38,40.38,0.0,514.641586,0.0
2019-01-27,7,0,24,71.45,71.45,0.0,910.627572,0.0
2019-01-27,7,0,29,0.0,0.0,0.0,0.0,0.0
2019-01-27,7,0,30,0.0,0.0,0.0,0.0,0.0
2019-01-27,7,0,31,27.57,27.57,0.0,351.000282,0.0
2019-01-27,7,0,32,0.0,0.0,0.0,0.0,0.0
2019-01-27,7,0,33,0.0,0.0,0.0,0.0,0.0
2019-01-27,7,0,34,0.0,0.0,0.0,0.0,0.0
2019-01-27,7,0,35,0.0,0.0,0.0,0.0,0.0
2019-01-27,7,0,36,0.0,0.0,0.0,0.0,0.0
2019-01-27,7,0,37,0.0,0.0,0.0,0.0,0.0
2019-01-27,7,0,38,0.0,0.0,0.0,0.0,0.0
2019-01-27,7,0,39,0.0,0.0,0.0,0.0,0.0
2019-01-27,7,0,40,0.0,0.0,0.0,0.0,0.0
2019-01-27,7,0,41,24.33,24.33,0.0,329.255135,0.0
2019-01-27,7,0,42,0.0,0.0,0.0,0.0,0.0
2019-01-27,7,0,43,0.0,0.0,0.0,0.0,0.0
2019-01-27,7,0,46,0.0,0.0,0.0,0.0,0.0
2019-01-27,7,0,52,29.23,29.23,0.0,372.13414,0.0
2019-01-27,7,0,53,46.44,46.44,0.0,591.238777,0.0
2019-01-27,7,0,55,56.19,56.19,0.0,716.139444,0.0
2019-01-27,7,0,56,0.0,0.0,0.0,0.0,0.0
2019-01-27,7,0,57,0.0,0.0,0.0,0.0,0.0
2019-01-27,7,0,58,0.0,0.0,0.0,0.0,0.0
2019-01-27,7,0,59,0.0,0.0,0.0,0.0,0.0
2019-01-27,7,0,63,56.59,56.59,0.0,1538.632301,0.0
2019-01-27,7,0,64,66.57,66.57,0.0,1809.979718,0.0
2019-01-27,7,0,65,0.0,0.0,0.0,0.0,0.0
2019-01-27,7,0,67,0.0,0.0,0.0,0.0,0.0
2019-01-27,7,0,68,3.47,3.47,0.0,34.033851,0.0
2019-01-27,7,0,69,0.0,0.0,0.0,0.0,0.0
2019-01-27,7,0,74,0.0,0.0,0.0,0.0,0.0
2019-01-27,7,0,77,81.85,81.85,0.0,936.506044,0.0
2019-01-27,7,0,78,61.88,61.88,0.0,708.014588,0.0
2019-01-27,7,0,79,35.81,35.81,0.0,409.728545,0.0
2019-01-27,7,0,80,57.91,57.91,0.0,662.590898,0.0
2019-01-27,7,0,81,75.71,75.71,0.0,866.253789,0.0
2019-01-27,7,0,82,53.41,53.41,0.0,611.103089,0.0
2019-01-27,7,0,83,119.09,119.09,0.0,1362.596271,0.0
2019-01-27,7,0,84,0.0,0.0,0.0,0.0,0.0
2019-01-27,7,0,86,0.0,0.0,0.0,0.0,0.0
2019-01-27,7,0,87,0.0,0.0,0.0,0.0,0.0
2019-01-27,7,0,88,60.54,60.54,0.0,692.682662,0.0
2019-01-27,7,0,89,58.2,58.2,0.0,665.909001,0.0
2019-01-27,7,0,90,78.15,78.15,0.0,894.171623,0.0
2019-01-27,7,0,91,278.76,278.76,0.0,3189.498166,0.0
2019-01-27,7,0,92,100.25,100.25,0.0,1147.033976,0.0
2019-01-27,7,0,95,7.17,7.17,0.0,185.157907,0.0
2019-01-27,7,0,96,8.8,8.8,0.0,111.908705,0.0
2019-01-27,7,0,97,54.09,54.09,0.0,687.857026,0.0
2019-01-27,7,0,99,0.0,0.0,0.0,0.0,0.0
2019-01-27,7,0,101,0.0,0.0,0.0,0.0,0.0
2019-01-27,7,0,102,8.23,8.23,0.0,80.720057,0.0
2019-01-27,7,0,103,7.15,7.15,0.0,70.127388,0.0
2019-01-27,7,0,104,1.33,1.33,0.0,13.044675,0.0
2019-01-27,7,0,106,0.0,0.0,0.0,0.0,0.0
2019-01-27,7,0,109,27.47,27.47,0.0,381.123787,0.0
2019-01-27,7,0,110,124.16,124.16,0.0,281.002027,0.0
2019-01-27,7,0,111,0.0,0.0,0.0,0.0,0.0
2019-01-27,7,0,113,26.74,26.74,0.0,308.383793,0.0
2019-01-27,7,0,115,26.74,26.74,0.0,308.383793,0.0
2019-01-27,7,0,116,0.0,0.0,0.0,0.0,0.0
2019-01-27,7,0,117,1.1,1.1,0.0,12.685945,0.0
2019-01-27,7,0,119,66.57,66.57,0.0,1809.979718,0.0
2019-01-27,7,0,120,39.14,39.14,0.0,1064.182157,0.0
2019-01-27,7,0,123,0.0,0.0,0.0,0.0,0.0
2019-01-27,7,0,125,64.66,64.66,0.0,824.089276,0.0
2019-01-27,7,0,126,0.0,0.0,0.0,0.0,0.0
2019-01-27,7,0,127,0.0,0.0,0.0,0.0,0.0
2019-01-27,7,0,128,92.61,92.61,0.0,1180.310978,0.0
2019-01-27,7,0,131,11.18,11.18,0.0,115.199219,0.0
2019-01-27,7,0,132,16.43,16.43,0.0,169.295454,0.0
2019-01-27,7,0,133,3.76,3.76,0.0,59.611239,0.0
2019-01-27,7,0,134,0.0,0.0,0.0,0.0,0.0
2019-01-27,7,0,135,5.04,5.04,0.0,79.904426,0.0
2019-01-27,7,0,136,3.62,3.62,0.0,57.2479,0.0
2019-01-27,7,0,139,31.42,31.42,0.0,425.203303,0.0
2019-01-27,7,0,140,91.89,91.89,0.0,207.967753,0.0
2019-01-27,7,0,141,82.62,82.62,0.0,656.891898,0.0
2019-01-27,7,0,142,0.0,0.0,0.0,0.0,0.0
2019-01-27,7,0,143,48.12,48.12,0.0,612.62726,0.0
2019-01-27,7,0,145,10.51,10.51,0.0,138.278492,0.0
2019-01-27,7,0,146,96.14,96.14,0.0,217.58646,0.0
2019-01-27,7,0,152,0.0,0.0,0.0,0.0,0.0
2019-01-27,7,0,153,0.0,0.0,0.0,0.0,0.0
2019-01-27,7,0,154,0.0,0.0,0.0,0.0,0.0
2019-01-27,7,0,157,51.48,51.48,0.0,409.305192,0.0
2019-01-27,7,0,158,0.0,0.0,0.0,0.0,0.0
2019-01-27,7,0,159,0.0,0.0,0.0,0.0,0.0
2019-01-27,7,0,160,0.0,0.0,0.0,0.0,0.0
2019-01-27,7,0,161,0.0,0.0,0.0,0.0,0.0
2019-01-27,7,0,162,9.16,9.16,0.0,236.698475,0.0
2019-01-27,7,0,163,67.67,67.67,0.0,153.152442,0.0
2019-01-27,7,0,164,0.0,0.0,0.0,0.0,0.0
2019-01-27,7,0,167,0.0,0.0,0.0,0.0,0.0
2019-01-27,7,0,168,0.0,0.0,0.0,0.0,0.0
2019-01-27,7,0,169,0.0,0.0,0.0,0.0,0.0
2019-01-27,7,0,170,0.0,0.0,0.0,0.0,0.0
2019-01-27,7,0,172,0.0,0.0,0.0,0.0,0.0
2019-01-27,7,0,173,0.0,0.0,0.0,0.0,0.0
2019-01-27,7,0,188,0.0,0.0,0.0,0.0,0.0
2019-01-27,7,0,190,0.0,0.0,0.0,0.0,0.0
2019-01-27,7,0,191,0.0,0.0,0.0,0.0,0.0
2019-01-27,7,0,192,108.75,108.75,0.0,2956.8168,0.0
2019-01-27,7,0,194,61.46,61.46,0.0,798.979842,0.0
2019-01-27,7,0,196,0.0,0.0,0.0,0.0,0.0
2019-01-27,7,0,198,0.0,0.0,0.0,0.0,0.0
2019-01-27,7,0,199,1.9,1.9,0.0,21.854094,0.0
2019-01-27,7,0,200,0.0,0.0,0.0,0.0,0.0
2019-01-27,7,0,204,96.05,96.05,0.0,1324.24181,0.0
2019-01-27,7,0,205,145.3,145.3,0.0,2015.918687,0.0
2019-01-27,7,0,206,158.94,158.94,0.0,2021.223808,0.0
2019-01-27,7,0,210,0.0,0.0,0.0,0.0,0.0
2019-01-27,7,0,214,0.0,0.0,0.0,0.0,0.0
2019-01-27,7,0,217,0.0,0.0,0.0,0.0,0.0
2019-01-27,7,0,218,0.0,0.0,0.0,0.0,0.0
2019-01-27,7,0,219,0.0,0.0,0.0,0.0,0.0
2019-01-27,7,0,221,0.0,0.0,0.0,0.0,0.0
2019-01-27,7,0,225,0.0,0.0,0.0,0.0,0.0
2019-01-27,7,0,233,0.0,0.0,0.0,0.0,0.0
2019-01-27,7,0,236,5.86,5.86,0.0,90.072538,0.0
2019-01-27,7,0,237,0.0,0.0,0.0,0.0,0.0
2019-01-27,7,0,238,0.0,0.0,0.0,0.0,0.0
2019-01-27,7,0,240,0.0,0.0,0.0,0.0,0.0
2019-01-27,7,0,245,1.69,1.69,0.0,27.002637,0.0
2019-01-27,7,0,247,0.0,0.0,0.0,0.0,0.0
2019-01-27,7,0,248,0.0,0.0,0.0,0.0,0.0
2019-01-27,7,0,249,3.25,3.25,0.0,51.928148,0.0
2019-01-27,7,0,251,0.0,0.0,0.0,0.0,0.0
2019-01-27,7,0,252,0.0,0.0,0.0,0.0,0.0
2019-01-27,7,0,254,0.0,0.0,0.0,0.0,0.0
2019-01-27,7,0,255,0.0,0.0,0.0,0.0,0.0
2019-01-27,7,0,258,0.0,0.0,0.0,0.0,0.0
2019-01-27,7,0,260,0.0,0.0,0.0,0.0,0.0
2019-01-27,7,0,265,0.0,0.0,0.0,0.0,0.0
2019-01-27,7,0,266,20.34,20.34,0.0,275.258917,0.0
2019-01-27,7,0,267,25.0,25.0,0.0,338.322169,0.0
2019-01-27,7,0,270,211.33,211.33,0.0,478.287357,0.0
2019-01-27,7,0,272,95.14,95.14,0.0,1097.218925,0.0
2019-01-27,7,0,273,0.0,0.0,0.0,0.0,0.0
2019-01-27,7,0,274,272.42,272.42,0.0,616.547778,0.0
2019-01-27,7,0,275,379.22,379.22,0.0,858.260217,0.0
2019-01-27,7,0,276,0.0,0.0,0.0,0.0,0.0
2019-01-27,7,0,277,0.0,0.0,0.0,0.0,0.0
2019-01-27,7,0,278,0.0,0.0,0.0,0.0,0.0
2019-01-27,7,0,279,80.33,80.33,0.0,923.491134,0.0
2019-01-27,7,0,281,12.36,12.36,0.0,157.358124,0.0
2019-01-27,7,0,282,0.0,0.0,0.0,0.0,0.0
2019-01-27,8,0,9,0.0,0.0,0.0,0.0,0.0
2019-01-27,8,0,17,0.0,0.0,0.0,0.0,0.0
2019-01-27,8,0,19,93.42,93.42,0.0,1609.531861,0.0
2019-01-27,8,0,20,116.27,116.27,0.0,2003.214189,0.0
2019-01-27,8,0,21,0.0,0.0,0.0,0.0,0.0
2019-01-27,8,0,22,0.0,0.0,0.0,0.0,0.0
2019-01-27,8,0,23,25.33,25.33,0.0,437.96143,0.0
2019-01-27,8,0,24,44.82,44.82,0.0,774.94794,0.0
2019-01-27,8,0,29,0.0,0.0,0.0,0.0,0.0
2019-01-27,8,0,30,0.0,0.0,0.0,0.0,0.0
2019-01-27,8,0,31,12.23,12.23,0.0,211.542975,0.0
2019-01-27,8,0,32,0.0,0.0,0.0,0.0,0.0
2019-01-27,8,0,33,0.0,0.0,0.0,0.0,0.0
2019-01-27,8,0,34,0.0,0.0,0.0,0.0,0.0
2019-01-27,8,0,35,0.0,0.0,0.0,0.0,0.0
2019-01-27,8,0,36,0.0,0.0,0.0,0.0,0.0
2019-01-27,8,0,37,0.0,0.0,0.0,0.0,0.0
2019-01-27,8,0,38,0.0,0.0,0.0,0.0,0.0
2019-01-27,8,0,39,0.0,0.0,0.0,0.0,0.0
2019-01-27,8,0,40,0.0,0.0,0.0,0.0,0.0
2019-01-27,8,0,41,13.93,13.93,0.0,236.997255,0.0
2019-01-27,8,0,42,0.0,0.0,0.0,0.0,0.0
2019-01-27,8,0,43,0.0,0.0,0.0,0.0,0.0
2019-01-27,8,0,46,0.0,0.0,0.0,0.0,0.0
2019-01-27,8,0,52,12.96,12.96,0.0,224.169824,0.0
2019-01-27,8,0,53,20.6,20.6,0.0,356.319319,0.0
2019-01-27,8,0,55,30.01,30.01,0.0,518.879689,0.0
2019-01-27,8,0,56,0.0,0.0,0.0,0.0,0.0
2019-01-27,8,0,57,0.0,0.0,0.0,0.0,0.0
2019-01-27,8,0,58,0.0,0.0,0.0,0.0,0.0
2019-01-27,8,0,59,0.0,0.0,0.0,0.0,0.0
2019-01-27,8,0,63,32.96,32.96,0.0,982.482839,0.0
2019-01-27,8,0,64,38.74,38.74,0.0,1154.775036,0.0
2019-01-27,8,0,65,0.0,0.0,0.0,0.0,0.0
2019-01-27,8,0,67,0.0,0.0,0.0,0.0,0.0
2019-01-27,8,0,68,2.46,2.46,0.0,47.790218,0.0
2019-01-27,8,0,69,0.0,0.0,0.0,0.0,0.0
2019-01-27,8,0,74,0.0,0.0,0.0,0.0,0.0
2019-01-27,8,0,77,45.94,45.94,0.0,825.258117,0.0
2019-01-27,8,0,78,34.69,34.69,0.0,623.165086,0.0
2019-01-27,8,0,79,20.01,20.01,0.0,359.456137,0.0
2019-01-27,8,0,80,32.46,32.46,0.0,583.105757,0.0
2019-01-27,8,0,81,42.48,42.48,0.0,763.103283,0.0
2019-01-27,8,0,82,29.92,29.92,0.0,537.477642,0.0
2019-01-27,8,0,83,66.93,66.93,0.0,1202.318802,0.0
2019-01-27,8,0,84,0.0,0.0,0.0,0.0,0.0
2019-01-27,8,0,86,0.0,0.0,0.0,0.0,0.0
2019-01-27,8,0,87,0.0,0.0,0.0,0.0,0.0
2019-01-27,8,0,88,39.69,39.69,0.0,712.984211,0.0
2019-01-27,8,0,89,38.31,38.31,0.0,688.194133,0.0
2019-01-27,8,0,90,49.98,49.98,0.0,897.831969,0.0
2019-01-27,8,0,91,156.68,156.68,0.0,2814.572088,0.0
2019-01-27,8,0,92,62.7,62.7,0.0,1126.331822,0.0
2019-01-27,8,0,95,7.12,7.12,0.0,214.550498,0.0
2019-01-27,8,0,96,7.39,7.39,0.0,127.877967,0.0
2019-01-27,8,0,97,45.45,45.45,0.0,786.475453,0.0
2019-01-27,8,0,99,0.0,0.0,0.0,0.0,0.0
2019-01-27,8,0,101,0.0,0.0,0.0,0.0,0.0
2019-01-27,8,0,102,5.82,5.82,0.0,113.064662,0.0
2019-01-27,8,0,103,5.06,5.06,0.0,98.300204,0.0
2019-01-27,8,0,104,0.94,0.94,0.0,18.261303,0.0
2019-01-27,8,0,106,0.0,0.0,0.0,0.0,0.0
2019-01-27,8,0,109,40.57,40.57,0.0,674.99243,0.0
2019-01-27,8,0,110,104.81,104.81,0.0,2761.237861,0.0
2019-01-27,8,0,111,0.0,0.0,0.0,0.0,0.0
2019-01-27,8,0,113,45.6,45.6,0.0,810.114036,0.0
2019-01-27,8,0,115,45.6,45.6,0.0,810.114036,0.0
2019-01-27,8,0,116,0.0,0.0,0.0,0.0,0.0
2019-01-27,8,0,117,2.36,2.36,0.0,41.926954,0.0
2019-01-27,8,0,119,38.74,38.74,0.0,1154.775036,0.0
2019-01-27,8,0,120,22.85,22.85,0.0,681.120536,0.0
2019-01-27,8,0,123,0.0,0.0,0.0,0.0,0.0
2019-01-27,8,0,125,40.56,40.56,0.0,701.291576,0.0
2019-01-27,8,0,126,0.0,0.0,0.0,0.0,0.0
2019-01-27,8,0,127,0.0,0.0,0.0,0.0,0.0
2019-01-27,8,0,128,58.09,58.09,0.0,1004.389242,0.0
2019-01-27,8,0,131,6.79,6.79,0.0,128.820494,0.0
2019-01-27,8,0,132,9.99,9.99,0.0,189.531183,0.0
2019-01-27,8,0,133,4.41,4.41,0.0,75.985269,0.0
2019-01-27,8,0,134,0.0,0.0,0.0,0.0,0.0
2019-01-27,8,0,135,5.91,5.91,0.0,101.830599,0.0
2019-01-27,8,0,136,4.87,4.87,0.0,83.837881,0.0
2019-01-27,8,0,139,17.99,17.99,0.0,306.071832,0.0
2019-01-27,8,0,140,77.57,77.57,0.0,2043.595276,0.0
2019-01-27,8,0,141,44.34,44.34,0.0,936.901979,0.0
2019-01-27,8,0,142,0.0,0.0,0.0,0.0,0.0
2019-01-27,8,0,143,13.51,13.51,0.0,233.683204,0.0
2019-01-27,8,0,145,8.29,8.29,0.0,141.375962,0.0
2019-01-27,8,0,146,88.16,88.16,0.0,2322.590686,0.0
2019-01-27,8,0,152,0.0,0.0,0.0,0.0,0.0
2019-01-27,8,0,153,0.0,0.0,0.0,0.0,0.0
2019-01-27,8,0,154,0.0,0.0,0.0,0.0,0.0
2019-01-27,8,0,157,45.25,45.25,0.0,956.130233,0.0
2019-01-27,8,0,158,0.0,0.0,0.0,0.0,0.0
2019-01-27,8,0,159,0.0,0.0,0.0,0.0,0.0
2019-01-27,8,0,160,0.0,0.0,0.0,0.0,0.0
2019-01-27,8,0,161,0.0,0.0,0.0,0.0,0.0
2019-01-27,8,0,162,9.93,9.93,0.0,299.200159,0.0
2019-01-27,8,0,163,59.9,59.9,0.0,1578.076022,0.0
2019-01-27,8,0,164,0.0,0.0,0.0,0.0,0.0
2019-01-27,8,0,167,0.0,0.0,0.0,0.0,0.0
2019-01-27,8,0,168,0.0,0.0,0.0,0.0,0.0
2019-01-27,8,0,169,0.0,0.0,0.0,0.0,0.0
2019-01-27,8,0,170,0.0,0.0,0.0,0.0,0.0
2019-01-27,8,0,172,0.0,0.0,0.0,0.0,0.0
2019-01-27,8,0,173,0.0,0.0,0.0,0.0,0.0
2019-01-27,8,0,188,0.0,0.0,0.0,0.0,0.0
2019-01-27,8,0,190,0.0,0.0,0.0,0.0,0.0
2019-01-27,8,0,191,0.0,0.0,0.0,0.0,0.0
2019-01-27,8,0,192,98.03,98.03,0.0,2922.111429,0.0
2019-01-27,8,0,194,65.21,65.21,0.0,1063.777373,0.0
2019-01-27,8,0,196,0.0,0.0,0.0,0.0,0.0
2019-01-27,8,0,198,0.0,0.0,0.0,0.0,0.0
2019-01-27,8,0,199,1.78,1.78,0.0,22.942945,0.0
2019-01-27,8,0,200,0.0,0.0,0.0,0.0,0.0
2019-01-27,8,0,204,163.83,163.83,0.0,2724.328845,0.0
2019-01-27,8,0,205,214.62,214.62,0.0,3570.788153,0.0
2019-01-27,8,0,206,133.55,133.55,0.0,2310.974627,0.0
2019-01-27,8,0,210,0.0,0.0,0.0,0.0,0.0
2019-01-27,8,0,214,0.0,0.0,0.0,0.0,0.0
2019-01-27,8,0,217,0.0,0.0,0.0,0.0,0.0
2019-01-27,8,0,218,0.0,0.0,0.0,0.0,0.0
2019-01-27,8,0,219,0.0,0.0,0.0,0.0,0.0
2019-01-27,8,0,221,0.0,0.0,0.0,0.0,0.0
2019-01-27,8,0,225,0.0,0.0,0.0,0.0,0.0
2019-01-27,8,0,233,0.0,0.0,0.0,0.0,0.0
2019-01-27,8,0,236,3.18,3.18,0.0,54.19089,0.0
2019-01-27,8,0,237,0.0,0.0,0.0,0.0,0.0
2019-01-27,8,0,238,0.0,0.0,0.0,0.0,0.0
2019-01-27,8,0,240,0.0,0.0,0.0,0.0,0.0
2019-01-27,8,0,245,4.77,4.77,0.0,82.41198,0.0
2019-01-27,8,0,247,0.0,0.0,0.0,0.0,0.0
2019-01-27,8,0,248,0.0,0.0,0.0,0.0,0.0
2019-01-27,8,0,249,9.17,9.17,0.0,158.431416,0.0
2019-01-27,8,0,251,0.0,0.0,0.0,0.0,0.0
2019-01-27,8,0,252,0.0,0.0,0.0,0.0,0.0
2019-01-27,8,0,254,0.0,0.0,0.0,0.0,0.0
2019-01-27,8,0,255,0.0,0.0,0.0,0.0,0.0
2019-01-27,8,0,258,0.0,0.0,0.0,0.0,0.0
2019-01-27,8,0,260,0.0,0.0,0.0,0.0,0.0
2019-01-27,8,0,265,0.0,0.0,0.0,0.0,0.0
2019-01-27,8,0,266,11.65,11.65,0.0,198.206606,0.0
2019-01-27,8,0,267,14.32,14.32,0.0,243.632498,0.0
2019-01-27,8,0,270,187.07,187.07,0.0,4928.392011,0.0
2019-01-27,8,0,272,157.88,157.88,0.0,2804.842193,0.0
2019-01-27,8,0,273,0.0,0.0,0.0,0.0,0.0
2019-01-27,8,0,274,241.16,241.16,0.0,6353.402563,0.0
2019-01-27,8,0,275,335.69,335.69,0.0,8843.812018,0.0
2019-01-27,8,0,276,0.0,0.0,0.0,0.0,0.0
2019-01-27,8,0,277,0.0,0.0,0.0,0.0,0.0
2019-01-27,8,0,278,0.0,0.0,0.0,0.0,0.0
2019-01-27,8,0,279,72.7,72.7,0.0,1297.339259,0.0
2019-01-27,8,0,281,5.49,5.49,0.0,94.960828,0.0
2019-01-27,8,0,282,0.0,0.0,0.0,0.0,0.0
2019-01-27,9,0,9,0.19,0.19,0.0,4.082316,0.0
2019-01-27,9,0,17,6.17,6.17,0.0,105.836984,0.0
2019-01-27,9,0,19,90.66,90.66,0.0,1555.134682,0.0
2019-01-27,9,0,20,112.57,112.57,0.0,1930.967474,0.0
2019-01-27,9,0,21,4.3,4.3,0.0,92.389259,0.0
2019-01-27,9,0,22,15.27,15.27,0.0,328.089299,0.0
2019-01-27,9,0,23,17.15,17.15,0.0,368.482743,0.0
2019-01-27,9,0,24,30.34,30.34,0.0,651.881423,0.0
2019-01-27,9,0,29,1.05,1.05,0.0,8.872349,0.0
2019-01-27,9,0,30,31.22,31.22,0.0,671.815145,0.0
2019-01-27,9,0,31,19.45,19.45,0.0,418.539544,0.0
2019-01-27,9,0,32,0.71,0.71,0.0,19.739001,0.0
2019-01-27,9,0,33,0.35,0.35,0.0,5.83534,0.0
2019-01-27,9,0,34,0.56,0.56,0.0,9.336544,0.0
2019-01-27,9,0,35,0.56,0.56,0.0,9.336544,0.0
2019-01-27,9,0,36,1.34,1.34,0.0,23.512368,0.0
2019-01-27,9,0,37,0.59,0.59,0.0,10.324766,0.0
2019-01-27,9,0,38,0.75,0.75,0.0,13.124703,0.0
2019-01-27,9,0,39,0.5,0.5,0.0,8.749802,0.0
2019-01-27,9,0,40,0.5,0.5,0.0,8.749802,0.0
2019-01-27,9,0,41,20.03,20.03,0.0,397.393875,0.0
2019-01-27,9,0,42,9.3,9.3,0.0,160.497205,0.0
2019-01-27,9,0,43,4.57,4.57,0.0,77.885048,0.0
2019-01-27,9,0,46,3.89,3.89,0.0,69.238418,0.0
2019-01-27,9,0,52,20.64,20.64,0.0,444.146848,0.0
2019-01-27,9,0,53,32.96,32.96,0.0,709.257757,0.0
2019-01-27,9,0,55,20.8,20.8,0.0,446.906183,0.0
2019-01-27,9,0,56,9.21,9.21,0.0,198.18762,0.0
2019-01-27,9,0,57,8.76,8.76,0.0,188.504185,0.0
2019-01-27,9,0,58,16.84,16.84,0.0,362.375626,0.0
2019-01-27,9,0,59,16.56,16.56,0.0,356.350378,0.0
2019-01-27,9,0,63,18.17,18.17,0.0,494.02631,0.0
2019-01-27,9,0,64,21.37,21.37,0.0,581.031494,0.0
2019-01-27,9,0,65,2.34,2.34,0.0,40.184478,0.0
2019-01-27,9,0,67,15.8,15.8,0.0,402.319423,0.0
2019-01-27,9,0,68,3.34,3.34,0.0,83.971522,0.0
2019-01-27,9,0,69,0.35,0.35,0.0,5.83534,0.0
2019-01-27,9,0,74,0.0,0.0,0.0,0.0,0.0
2019-01-27,9,0,77,14.32,14.32,0.0,353.130826,0.0
2019-01-27,9,0,78,10.83,10.83,0.0,267.067518,0.0
2019-01-27,9,0,79,6.27,6.27,0.0,154.618036,0.0
2019-01-27,9,0,80,10.13,10.13,0.0,249.805536,0.0
2019-01-27,9,0,81,13.25,13.25,0.0,326.744654,0.0
2019-01-27,9,0,82,9.34,9.34,0.0,230.324156,0.0
2019-01-27,9,0,83,20.84,20.84,0.0,513.913856,0.0
2019-01-27,9,0,84,0.0,0.0,0.0,0.0,0.0
2019-01-27,9,0,86,1.76,1.76,0.0,29.343423,0.0
2019-01-27,9,0,87,8.97,8.97,0.0,149.551421,0.0
2019-01-27,9,0,88,47.49,47.49,0.0,1171.102161,0.0
2019-01-27,9,0,89,45.36,45.36,0.0,1118.576417,0.0
2019-01-27,9,0,90,63.67,63.67,0.0,1570.100539,0.0
2019-01-27,9,0,91,239.24,239.24,0.0,5899.65216,0.0
2019-01-27,9,0,92,84.17,84.17,0.0,2075.630005,0.0
2019-01-27,9,0,95,7.15,7.15,0.0,199.070026,0.0
2019-01-27,9,0,96,6.73,6.73,0.0,145.052318,0.0
2019-01-27,9,0,97,41.39,41.39,0.0,892.082535,0.0
2019-01-27,9,0,99,0.0,0.0,0.0,0.0,0.0
2019-01-27,9,0,101,0.63,0.63,0.0,13.556808,0.0
2019-01-27,9,0,102,7.89,7.89,0.0,198.363866,0.0
2019-01-27,9,0,103,6.86,6.86,0.0,172.468456,0.0
2019-01-27,9,0,104,1.28,1.28,0.0,32.180703,0.0
2019-01-27,9,0,106,15.03,15.03,0.0,322.932689,0.0
2019-01-27,9,0,109,53.4,53.4,0.0,992.784862,0.0
2019-01-27,9,0,110,91.29,91.29,0.0,2414.580946,0.0
2019-01-27,9,0,111,1.89,1.89,0.0,37.497475,0.0
2019-01-27,9,0,113,25.79,25.79,0.0,652.335112,0.0
2019-01-27,9,0,115,25.79,25.79,0.0,652.335112,0.0
2019-01-27,9,0,116,9.39,9.39,0.0,248.361431,0.0
2019-01-27,9,0,117,1.75,1.75,0.0,44.264694,0.0
2019-01-27,9,0,119,21.37,21.37,0.0,581.031494,0.0
2019-01-27,9,0,120,12.57,12.57,0.0,341.767238,0.0
2019-01-27,9,0,123,0.25,0.25,0.0,5.371469,0.0
2019-01-27,9,0,125,27.46,27.46,0.0,590.002106,0.0
2019-01-27,9,0,126,11.28,11.28,0.0,242.360661,0.0
2019-01-27,9,0,127,14.47,14.47,0.0,310.9006,0.0
2019-01-27,9,0,128,39.33,39.33,0.0,845.039433,0.0
2019-01-27,9,0,131,3.97,3.97,0.0,99.468972,0.0
2019-01-27,9,0,132,5.83,5.83,0.0,146.071563,0.0
2019-01-27,9,0,133,5.38,5.38,0.0,92.275914,0.0
2019-01-27,9,0,134,0.0,0.0,0.0,0.0,0.0
2019-01-27,9,0,135,7.21,7.21,0.0,123.663447,0.0
2019-01-27,9,0,136,6.92,6.92,0.0,118.843506,0.0
2019-01-27,9,0,139,25.87,25.87,0.0,513.259089,0.0
2019-01-27,9,0,140,67.56,67.56,0.0,1786.932728,0.0
2019-01-27,9,0,141,23.06,23.06,0.0,587.182651,0.0
2019-01-27,9,0,142,20.84,20.84,0.0,530.654226,0.0
2019-01-27,9,0,143,19.67,19.67,0.0,423.273668,0.0
2019-01-27,9,0,145,7.02,7.02,0.0,143.442621,0.0
2019-01-27,9,0,146,85.66,85.66,0.0,2265.669885,0.0
2019-01-27,9,0,152,0.87,0.87,0.0,15.372736,0.0
2019-01-27,9,0,153,1.11,1.11,0.0,19.638629,0.0
2019-01-27,9,0,154,7.81,7.81,0.0,154.949883,0.0
2019-01-27,9,0,157,41.06,41.06,0.0,1045.521235,0.0
2019-01-27,9,0,158,1.54,1.54,0.0,39.213412,0.0
2019-01-27,9,0,159,0.0,0.0,0.0,0.0,0.0
2019-01-27,9,0,160,0.38,0.38,0.0,5.994045,0.0
2019-01-27,9,0,161,4.09,4.09,0.0,102.827403,0.0
2019-01-27,9,0,162,10.69,10.69,0.0,297.504975,0.0
2019-01-27,9,0,163,56.88,56.88,0.0,1504.451355,0.0
2019-01-27,9,0,164,0.91,0.91,0.0,19.582056,0.0
2019-01-27,9,0,167,0.86,0.86,0.0,23.954718,0.0
2019-01-27,9,0,168,0.43,0.43,0.0,11.977359,0.0
2019-01-27,9,0,169,0.0,0.0,0.0,0.0,0.0
2019-01-27,9,0,170,0.94,0.94,0.0,26.183064,0.0
2019-01-27,9,0,172,1.14,1.14,0.0,33.25126,0.0
2019-01-27,9,0,173,1.73,1.73,0.0,50.460246,0.0
2019-01-27,9,0,188,1.43,1.43,0.0,40.112107,0.0
2019-01-27,9,0,190,0.85,0.85,0.0,23.110752,0.0
2019-01-27,9,0,191,2.18,2.18,0.0,59.272282,0.0
2019-01-27,9,0,192,89.0,89.0,0.0,2419.83168,0.0
2019-01-27,9,0,194,52.42,52.42,0.0,1344.364547,0.0
2019-01-27,9,0,196,0.6,0.6,0.0,16.053626,0.0
2019-01-27,9,0,198,1.79,1.79,0.0,23.603973,0.0
2019-01-27,9,0,199,1.72,1.72,0.0,26.730325,0.0
2019-01-27,9,0,200,2.81,2.81,0.0,43.669891,0.0
2019-01-27,9,0,204,144.71,144.71,0.0,2704.806722,0.0
2019-01-27,9,0,205,300.78,300.78,0.0,5591.944398,0.0
2019-01-27,9,0,206,121.62,121.62,0.0,2621.287216,0.0
2019-01-27,9,0,210,0.37,0.37,0.0,3.196654,0.0
2019-01-27,9,0,214,1.87,1.87,0.0,30.648723,0.0
2019-01-27,9,0,217,1.35,1.35,0.0,17.460685,0.0
2019-01-27,9,0,218,1.87,1.87,0.0,24.186282,0.0
2019-01-27,9,0,219,1.27,1.27,0.0,16.425978,0.0
2019-01-27,9,0,221,1.0,1.0,0.0,16.389691,0.0
2019-01-27,9,0,225,0.85,0.85,0.0,7.166802,0.0
2019-01-27,9,0,233,0.99,0.99,0.0,16.505675,0.0
2019-01-27,9,0,236,0.0,0.0,0.0,0.0,0.0
2019-01-27,9,0,237,0.0,0.0,0.0,0.0,0.0
2019-01-27,9,0,238,12.1,12.1,0.0,208.818944,0.0
2019-01-27,9,0,240,1.52,1.52,0.0,26.670746,0.0
2019-01-27,9,0,245,11.05,11.05,0.0,188.758829,0.0
2019-01-27,9,0,247,10.16,10.16,0.0,173.555629,0.0
2019-01-27,9,0,248,0.0,0.0,0.0,0.0,0.0
2019-01-27,9,0,249,21.25,21.25,0.0,362.997748,0.0
2019-01-27,9,0,251,0.0,0.0,0.0,0.0,0.0
2019-01-27,9,0,252,15.1,15.1,0.0,259.31009,0.0
2019-01-27,9,0,254,2.5,2.5,0.0,41.810684,0.0
2019-01-27,9,0,255,1.15,1.15,0.0,19.232915,0.0
2019-01-27,9,0,258,1.98,1.98,0.0,34.581027,0.0
2019-01-27,9,0,260,0.91,0.91,0.0,14.35416,0.0
2019-01-27,9,0,265,8.08,8.08,0.0,160.306665,0.0
2019-01-27,9,0,266,16.75,16.75,0.0,332.318892,0.0
2019-01-27,9,0,267,20.59,20.59,0.0,408.504238,0.0
2019-01-27,9,0,270,177.65,177.65,0.0,4698.765528,0.0
2019-01-27,9,0,272,86.05,86.05,0.0,2176.558217,0.0
2019-01-27,9,0,273,2.25,2.25,0.0,59.511525,0.0
2019-01-27,9,0,274,229.01,229.01,0.0,6057.215274,0.0
2019-01-27,9,0,275,318.78,318.78,0.0,8431.592879,0.0
2019-01-27,9,0,276,0.53,0.53,0.0,13.901552,0.0
2019-01-27,9,0,277,0.71,0.71,0.0,17.778311,0.0
2019-01-27,9,0,278,1.14,1.14,0.0,28.545457,0.0
2019-01-27,9,0,279,69.52,69.52,0.0,1740.772108,0.0
2019-01-27,9,0,281,8.67,8.67,0.0,186.567499,0.0
2019-01-27,9,0,282,17.12,17.12,0.0,368.400874,0.0
2019-01-27,10,0,9,1.26,1.26,0.0,14.393724,0.0
2019-01-27,10,0,17,16.79,16.79,0.0,231.341973,0.0
2019-01-27,10,0,19,81.49,81.49,0.0,1122.814612,0.0
2019-01-27,10,0,20,100.98,100.98,0.0,1391.358689,0.0
2019-01-27,10,0,21,28.72,28.72,0.0,328.085523,0.0
2019-01-27,10,0,22,102.06,102.06,0.0,1165.891662,0.0
2019-01-27,10,0,23,14.34,14.34,0.0,163.81429,0.0
2019-01-27,10,0,24,25.37,25.37,0.0,289.816495,0.0
2019-01-27,10,0,29,4.35,4.35,0.0,37.644738,0.0
2019-01-27,10,0,30,236.79,236.79,0.0,2702.440255,0.0
2019-01-27,10,0,31,53.41,53.41,0.0,609.558402,0.0
2019-01-27,10,0,32,2.49,2.49,0.0,55.99021,0.0
2019-01-27,10,0,33,1.24,1.24,0.0,17.868395,0.0
2019-01-27,10,0,34,1.98,1.98,0.0,28.531793,0.0
2019-01-27,10,0,35,1.98,1.98,0.0,28.531793,0.0
2019-01-27,10,0,36,5.19,5.19,0.0,65.193437,0.0
2019-01-27,10,0,37,2.42,2.42,0.0,30.273632,0.0
2019-01-27,10,0,38,3.11,3.11,0.0,38.90537,0.0
2019-01-27,10,0,39,2.08,2.08,0.0,26.020312,0.0
2019-01-27,10,0,40,2.08,2.08,0.0,26.020312,0.0
2019-01-27,10,0,41,28.57,28.57,0.0,343.863491,0.0
2019-01-27,10,0,42,30.85,30.85,0.0,420.845924,0.0
2019-01-27,10,0,43,16.17,16.17,0.0,201.310526,0.0
2019-01-27,10,0,46,13.9,13.9,0.0,171.776667,0.0
2019-01-27,10,0,52,56.65,56.65,0.0,646.53592,0.0
2019-01-27,10,0,53,90.33,90.33,0.0,1030.919499,0.0
2019-01-27,10,0,55,24.27,24.27,0.0,277.250545,0.0
2019-01-27,10,0,56,69.84,69.84,0.0,797.070938,0.0
2019-01-27,10,0,57,66.44,66.44,0.0,758.26737,0.0
2019-01-27,10,0,58,127.76,127.76,0.0,1458.101132,0.0
2019-01-27,10,0,59,125.64,125.64,0.0,1433.905966,0.0
2019-01-27,10,0,63,19.05,19.05,0.0,427.274013,0.0
2019-01-27,10,0,64,22.41,22.41,0.0,502.635729,0.0
2019-01-27,10,0,65,5.62,5.62,0.0,77.292597,0.0
2019-01-27,10,0,67,128.24,128.24,0.0,1736.733272,0.0
2019-01-27,10,0,68,4.6,4.6,0.0,54.232213,0.0
2019-01-27,10,0,69,1.24,1.24,0.0,17.868395,0.0
2019-01-27,10,0,74,0.0,0.0,0.0,0.0,0.0
2019-01-27,10,0,77,11.29,11.29,0.0,117.401695,0.0
2019-01-27,10,0,78,8.53,8.53,0.0,88.701192,0.0
2019-01-27,10,0,79,4.94,4.94,0.0,51.369741,0.0
2019-01-27,10,0,80,7.99,7.99,0.0,83.085876,0.0
2019-01-27,10,0,81,10.44,10.44,0.0,108.562772,0.0
2019-01-27,10,0,82,7.36,7.36,0.0,76.534674,0.0
2019-01-27,10,0,83,16.42,16.42,0.0,170.747195,0.0
2019-01-27,10,0,84,0.0,0.0,0.0,0.0,0.0
2019-01-27,10,0,86,6.27,6.27,0.0,90.350677,0.0
2019-01-27,10,0,87,32.0,32.0,0.0,461.119882,0.0
2019-01-27,10,0,88,31.12,31.12,0.0,323.608569,0.0
2019-01-27,10,0,89,29.77,29.77,0.0,309.570279,0.0
2019-01-27,10,0,90,41.34,41.34,0.0,429.883619,0.0
2019-01-27,10,0,91,153.17,153.17,0.0,1592.773922,0.0
2019-01-27,10,0,92,54.27,54.27,0.0,564.339236,0.0
2019-01-27,10,0,95,18.1,18.1,0.0,405.978233,0.0
2019-01-27,10,0,96,6.76,6.76,0.0,77.074489,0.0
2019-01-27,10,0,97,41.56,41.56,0.0,473.848484,0.0
2019-01-27,10,0,99,0.0,0.0,0.0,0.0,0.0
2019-01-27,10,0,101,4.77,4.77,0.0,54.439123,0.0
2019-01-27,10,0,102,10.9,10.9,0.0,128.506766,0.0
2019-01-27,10,0,103,9.47,9.47,0.0,111.647621,0.0
2019-01-27,10,0,104,1.76,1.76,0.0,20.749716,0.0
2019-01-27,10,0,106,100.47,100.47,0.0,1147.728153,0.0
2019-01-27,10,0,109,67.1,67.1,0.0,826.370624,0.0
2019-01-27,10,0,110,83.58,83.58,0.0,1580.645425,0.0
2019-01-27,10,0,111,8.16,8.16,0.0,98.212324,0.0
2019-01-27,10,0,113,45.32,45.32,0.0,444.858487,0.0
2019-01-27,10,0,115,45.32,45.32,0.0,444.858487,0.0
2019-01-27,10,0,116,51.28,51.28,0.0,969.795375,0.0
2019-01-27,10,0,117,3.02,3.02,0.0,29.644145,0.0
2019-01-27,10,0,119,22.41,22.41,0.0,502.635729,0.0
2019-01-27,10,0,120,13.18,13.18,0.0,295.615302,0.0
2019-01-27,10,0,123,1.67,1.67,0.0,19.077396,0.0
2019-01-27,10,0,125,22.96,22.96,0.0,262.285641,0.0
2019-01-27,10,0,126,75.35,75.35,0.0,860.767556,0.0
2019-01-27,10,0,127,96.7,96.7,0.0,1104.661216,0.0
2019-01-27,10,0,128,32.89,32.89,0.0,375.721897,0.0
2019-01-27,10,0,131,3.17,3.17,0.0,35.888772,0.0
2019-01-27,10,0,132,5.12,5.12,0.0,57.965462,0.0
2019-01-27,10,0,133,6.7,6.7,0.0,92.332382,0.0
2019-01-27,10,0,134,0.0,0.0,0.0,0.0,0.0
2019-01-27,10,0,135,8.98,8.98,0.0,123.752954,0.0
2019-01-27,10,0,136,10.03,10.03,0.0,137.929904,0.0
2019-01-27,10,0,139,36.9,36.9,0.0,444.121904,0.0
2019-01-27,10,0,140,61.86,61.86,0.0,1169.881862,0.0
2019-01-27,10,0,141,13.39,13.39,0.0,181.338572,0.0
2019-01-27,10,0,142,169.12,169.12,0.0,2290.364403,0.0
2019-01-27,10,0,143,32.68,32.68,0.0,372.970765,0.0
2019-01-27,10,0,145,12.32,12.32,0.0,144.745612,0.0
2019-01-27,10,0,146,88.57,88.57,0.0,1675.015139,0.0
2019-01-27,10,0,152,3.64,3.64,0.0,47.455935,0.0
2019-01-27,10,0,153,4.6,4.6,0.0,59.81596,0.0
2019-01-27,10,0,154,33.64,33.64,0.0,404.885118,0.0
2019-01-27,10,0,157,38.65,38.65,0.0,523.430606,0.0
2019-01-27,10,0,158,109.45,109.45,0.0,1482.263386,0.0
2019-01-27,10,0,159,0.0,0.0,0.0,0.0,0.0
2019-01-27,10,0,160,1.26,1.26,0.0,15.586713,0.0
2019-01-27,10,0,161,25.56,25.56,0.0,301.342471,0.0
2019-01-27,10,0,162,21.94,21.94,0.0,492.190114,0.0
2019-01-27,10,0,163,32.81,32.81,0.0,620.495051,0.0
2019-01-27,10,0,164,8.73,8.73,0.0,99.633867,0.0
2019-01-27,10,0,167,2.93,2.93,0.0,65.735787,0.0
2019-01-27,10,0,168,1.46,1.46,0.0,32.755716,0.0
2019-01-27,10,0,169,0.0,0.0,0.0,0.0,0.0
2019-01-27,10,0,170,3.2,3.2,0.0,71.793351,0.0
2019-01-27,10,0,172,3.82,3.82,0.0,83.625562,0.0
2019-01-27,10,0,173,5.82,5.82,0.0,127.408579,0.0
2019-01-27,10,0,188,5.07,5.07,0.0,112.273081,0.0
2019-01-27,10,0,190,4.1,4.1,0.0,91.959236,0.0
2019-01-27,10,0,191,10.58,10.58,0.0,237.299688,0.0
2019-01-27,10,0,192,82.99,82.99,0.0,1861.38952,0.0
2019-01-27,10,0,194,23.49,23.49,0.0,187.148713,0.0
2019-01-27,10,0,196,2.89,2.89,0.0,60.903894,0.0
2019-01-27,10,0,198,5.74,5.74,0.0,68.329621,0.0
2019-01-27,10,0,199,1.73,1.73,0.0,16.941093,0.0
2019-01-27,10,0,200,9.4,9.4,0.0,92.04987,0.0
2019-01-27,10,0,204,115.01,115.01,0.0,1408.872349,0.0
2019-01-27,10,0,205,396.3,396.3,0.0,4880.636041,0.0
2019-01-27,10,0,206,122.12,122.12,0.0,1392.357479,0.0
2019-01-27,10,0,210,1.29,1.29,0.0,11.529619,0.0
2019-01-27,10,0,214,7.21,7.21,0.0,106.598387,0.0
2019-01-27,10,0,217,5.15,5.15,0.0,62.996956,0.0
2019-01-27,10,0,218,7.11,7.11,0.0,86.972497,0.0
2019-01-27,10,0,219,4.84,4.84,0.0,59.204906,0.0
2019-01-27,10,0,221,3.84,3.84,0.0,56.773621,0.0
2019-01-27,10,0,225,3.99,3.99,0.0,34.419984,0.0
2019-01-27,10,0,233,3.55,3.55,0.0,51.155487,0.0
2019-01-27,10,0,236,0.0,0.0,0.0,0.0,0.0
2019-01-27,10,0,237,0.0,0.0,0.0,0.0,0.0
2019-01-27,10,0,238,40.15,40.15,0.0,547.713577,0.0
2019-01-27,10,0,240,5.88,5.88,0.0,73.860772,0.0
2019-01-27,10,0,245,21.88,21.88,0.0,303.52058,0.0
2019-01-27,10,0,247,28.45,28.45,0.0,394.659987,0.0
2019-01-27,10,0,248,0.0,0.0,0.0,0.0,0.0
2019-01-27,10,0,249,42.07,42.07,0.0,583.597386,0.0
2019-01-27,10,0,251,14.01,14.01,0.0,192.096516,0.0
2019-01-27,10,0,252,36.28,36.28,0.0,498.963595,0.0
2019-01-27,10,0,254,8.81,8.81,0.0,109.506102,0.0
2019-01-27,10,0,255,4.04,4.04,0.0,50.216192,0.0
2019-01-27,10,0,258,7.32,7.32,0.0,91.817038,0.0
2019-01-27,10,0,260,3.07,3.07,0.0,37.977149,0.0
2019-01-27,10,0,265,34.83,34.83,0.0,419.207749,0.0
2019-01-27,10,0,266,23.89,23.89,0.0,287.535834,0.0
2019-01-27,10,0,267,29.36,29.36,0.0,353.371792,0.0
2019-01-27,10,0,270,102.42,102.42,0.0,1936.943102,0.0
2019-01-27,10,0,272,151.47,151.47,0.0,1486.82072,0.0
2019-01-27,10,0,273,12.26,12.26,0.0,231.858255,0.0
2019-01-27,10,0,274,132.03,132.03,0.0,2496.920501,0.0
2019-01-27,10,0,275,183.77,183.77,0.0,3475.415288,0.0
2019-01-27,10,0,276,2.82,2.82,0.0,49.950653,0.0
2019-01-27,10,0,277,3.49,3.49,0.0,35.073077,0.0
2019-01-27,10,0,278,5.58,5.58,0.0,56.076725,0.0
2019-01-27,10,0,279,70.44,70.44,0.0,707.893276,0.0
2019-01-27,10,0,281,23.81,23.81,0.0,271.739104,0.0
2019-01-27,10,0,282,129.89,129.89,0.0,1482.410426,0.0
2019-01-27,11,0,9,2.1,2.1,0.0,24.357264,0.0
2019-01-27,11,0,17,25.38,25.38,0.0,276.515952,0.0
2019-01-27,11,0,19,17.97,17.97,0.0,195.783753,0.0
2019-01-27,11,0,20,21.79,21.79,0.0,237.402781,0.0
2019-01-27,11,0,21,47.94,47.94,0.0,556.041533,0.0
2019-01-27,11,0,22,170.39,170.39,0.0,1976.301978,0.0
2019-01-27,11,0,23,6.78,6.78,0.0,78.639165,0.0
2019-01-27,11,0,24,11.99,11.99,0.0,139.068377,0.0
2019-01-27,11,0,29,6.37,6.37,0.0,69.101629,0.0
2019-01-27,11,0,30,399.97,399.97,0.0,2463.467851,0.0
2019-01-27,11,0,31,47.53,47.53,0.0,292.743523,0.0
2019-01-27,11,0,32,3.8,3.8,0.0,73.772759,0.0
2019-01-27,11,0,33,1.86,1.86,0.0,20.698369,0.0
2019-01-27,11,0,34,2.97,2.97,0.0,33.050621,0.0
2019-01-27,11,0,35,2.97,2.97,0.0,33.050621,0.0
2019-01-27,11,0,36,7.93,7.93,0.0,83.39914,0.0
2019-01-27,11,0,37,3.69,3.69,0.0,38.779025,0.0
2019-01-27,11,0,38,4.75,4.75,0.0,49.918799,0.0
2019-01-27,11,0,39,3.17,3.17,0.0,33.31423,0.0
2019-01-27,11,0,40,3.17,3.17,0.0,33.31423,0.0
2019-01-27,11,0,41,19.0,19.0,0.0,191.722187,0.0
2019-01-27,11,0,42,47.18,47.18,0.0,511.643555,0.0
2019-01-27,11,0,43,24.65,24.65,0.0,260.23328,0.0
2019-01-27,11,0,46,21.42,21.42,0.0,223.297434,0.0
2019-01-27,11,0,52,50.53,50.53,0.0,311.220918,0.0
2019-01-27,11,0,53,82.3,82.3,0.0,506.896528,0.0
2019-01-27,11,0,55,68.62,68.62,0.0,795.902586,0.0
2019-01-27,11,0,56,117.98,117.98,0.0,726.654342,0.0
2019-01-27,11,0,57,112.22,112.22,0.0,691.177744,0.0
2019-01-27,11,0,58,215.81,215.81,0.0,1329.202183,0.0
2019-01-27,11,0,59,212.22,212.22,0.0,1307.0909,0.0
2019-01-27,11,0,63,15.02,15.02,0.0,310.0661,0.0
2019-01-27,11,0,64,17.67,17.67,0.0,364.771503,0.0
2019-01-27,11,0,65,2.81,2.81,0.0,30.588667,0.0
2019-01-27,11,0,67,217.59,217.59,0.0,1196.622719,0.0
2019-01-27,11,0,68,4.43,4.43,0.0,31.966672,0.0
2019-01-27,11,0,69,1.86,1.86,0.0,20.698369,0.0
2019-01-27,11,0,74,0.0,0.0,0.0,0.0,0.0
2019-01-27,11,0,77,8.19,8.19,0.0,71.195684,0.0
2019-01-27,11,0,78,6.19,6.19,0.0,53.809681,0.0
2019-01-27,11,0,79,3.58,3.58,0.0,31.120946,0.0
2019-01-27,11,0,80,5.79,5.79,0.0,50.33248,0.0
2019-01-27,11,0,81,7.57,7.57,0.0,65.806023,0.0
2019-01-27,11,0,82,5.34,5.34,0.0,46.420629,0.0
2019-01-27,11,0,83,11.91,11.91,0.0,103.533651,0.0
2019-01-27,11,0,84,0.0,0.0,0.0,0.0,0.0
2019-01-27,11,0,86,9.41,9.41,0.0,104.715941,0.0
2019-01-27,11,0,87,48.02,48.02,0.0,534.374014,0.0
2019-01-27,11,0,88,10.66,10.66,0.0,92.667398,0.0
2019-01-27,11,0,89,10.25,10.25,0.0,89.103268,0.0
2019-01-27,11,0,90,13.76,13.76,0.0,119.615704,0.0
2019-01-27,11,0,91,49.09,49.09,0.0,426.739455,0.0
2019-01-27,11,0,92,17.66,17.66,0.0,153.518411,0.0
2019-01-27,11,0,95,20.98,20.98,0.0,407.97246,0.0
2019-01-27,11,0,96,4.61,4.61,0.0,43.299221,0.0
2019-01-27,11,0,97,33.91,33.91,0.0,318.498176,0.0
2019-01-27,11,0,99,0.0,0.0,0.0,0.0,0.0
2019-01-27,11,0,101,8.06,8.06,0.0,49.6426,0.0
2019-01-27,11,0,102,10.5,10.5,0.0,75.767507,0.0
2019-01-27,11,0,103,9.13,9.13,0.0,65.881651,0.0
2019-01-27,11,0,104,1.7,1.7,0.0,12.26712,0.0
2019-01-27,11,0,106,167.73,167.73,0.0,1945.449444,0.0
2019-01-27,11,0,109,30.05,30.05,0.0,309.540384,0.0
2019-01-27,11,0,110,85.53,85.53,0.0,20.777228,0.0
2019-01-27,11,0,111,12.92,12.92,0.0,130.371087,0.0
2019-01-27,11,0,113,19.69,19.69,0.0,174.944569,0.0
2019-01-27,11,0,115,19.69,19.69,0.0,174.944569,0.0
2019-01-27,11,0,116,83.45,83.45,0.0,20.271948,0.0
2019-01-27,11,0,117,1.32,1.32,0.0,11.728128,0.0
2019-01-27,11,0,119,17.67,17.67,0.0,364.771503,0.0
2019-01-27,11,0,120,10.39,10.39,0.0,214.48647,0.0
2019-01-27,11,0,123,2.8,2.8,0.0,32.476352,0.0
2019-01-27,11,0,125,10.85,10.85,0.0,125.845862,0.0
2019-01-27,11,0,126,125.8,125.8,0.0,1459.116079,0.0
2019-01-27,11,0,127,161.44,161.44,0.0,1872.49364,0.0
2019-01-27,11,0,128,15.53,15.53,0.0,180.127764,0.0
2019-01-27,11,0,131,2.46,2.46,0.0,18.878978,0.0
2019-01-27,11,0,132,3.62,3.62,0.0,27.78126,0.0
2019-01-27,11,0,133,2.06,2.06,0.0,22.445591,0.0
2019-01-27,11,0,134,0.0,0.0,0.0,0.0,0.0
2019-01-27,11,0,135,2.76,2.76,0.0,30.072734,0.0
2019-01-27,11,0,136,6.06,6.06,0.0,65.963895,0.0
2019-01-27,11,0,139,24.53,24.53,0.0,247.523434,0.0
2019-01-27,11,0,140,63.3,63.3,0.0,15.377044,0.0
2019-01-27,11,0,141,20.52,20.52,0.0,112.848468,0.0
2019-01-27,11,0,142,286.95,286.95,0.0,1578.06374,0.0
2019-01-27,11,0,143,32.39,32.39,0.0,199.494271,0.0
2019-01-27,11,0,145,17.54,17.54,0.0,173.346633,0.0
2019-01-27,11,0,146,178.88,178.88,0.0,43.454116,0.0
2019-01-27,11,0,152,5.58,5.58,0.0,59.299319,0.0
2019-01-27,11,0,153,7.03,7.03,0.0,74.623354,0.0
2019-01-27,11,0,154,53.28,53.28,0.0,537.629375,0.0
2019-01-27,11,0,157,86.19,86.19,0.0,473.996563,0.0
2019-01-27,11,0,158,199.51,199.51,0.0,1097.19288,0.0
2019-01-27,11,0,159,0.0,0.0,0.0,0.0,0.0
2019-01-27,11,0,160,1.91,1.91,0.0,20.464813,0.0
2019-01-27,11,0,161,42.32,42.32,0.0,305.379132,0.0
2019-01-27,11,0,162,39.75,39.75,0.0,773.546416,0.0
2019-01-27,11,0,163,43.44,43.44,0.0,10.552587,0.0
2019-01-27,11,0,164,15.13,15.13,0.0,93.187661,0.0
2019-01-27,11,0,167,4.44,4.44,0.0,86.191037,0.0
2019-01-27,11,0,168,2.22,2.22,0.0,43.095518,0.0
2019-01-27,11,0,169,0.0,0.0,0.0,0.0,0.0
2019-01-27,11,0,170,4.86,4.86,0.0,94.344243,0.0
2019-01-27,11,0,172,5.79,5.79,0.0,109.562311,0.0
2019-01-27,11,0,173,8.82,8.82,0.0,166.898029,0.0
2019-01-27,11,0,188,7.74,7.74,0.0,147.549355,0.0
2019-01-27,11,0,190,6.57,6.57,0.0,135.628114,0.0
2019-01-27,11,0,191,16.97,16.97,0.0,350.321019,0.0
2019-01-27,11,0,192,64.88,64.88,0.0,1339.353432,0.0
2019-01-27,11,0,194,18.58,18.58,0.0,192.149382,0.0
2019-01-27,11,0,196,4.62,4.62,0.0,104.61631,0.0
2019-01-27,11,0,198,8.61,8.61,0.0,94.322918,0.0
2019-01-27,11,0,199,5.14,5.14,0.0,57.79243,0.0
2019-01-27,11,0,200,14.23,14.23,0.0,159.997331,0.0
2019-01-27,11,0,204,106.45,106.45,0.0,1093.086029,0.0
2019-01-27,11,0,205,196.5,196.5,0.0,2024.115986,0.0
2019-01-27,11,0,206,129.61,129.61,0.0,1217.356196,0.0
2019-01-27,11,0,210,1.89,1.89,0.0,20.616434,0.0
2019-01-27,11,0,214,10.66,10.66,0.0,120.097596,0.0
2019-01-27,11,0,217,7.63,7.63,0.0,84.781848,0.0
2019-01-27,11,0,218,10.53,10.53,0.0,117.005617,0.0
2019-01-27,11,0,219,7.17,7.17,0.0,79.670492,0.0
2019-01-27,11,0,221,5.68,5.68,0.0,63.991965,0.0
2019-01-27,11,0,225,5.88,5.88,0.0,63.751942,0.0
2019-01-27,11,0,233,5.32,5.32,0.0,59.201786,0.0
2019-01-27,11,0,236,0.0,0.0,0.0,0.0,0.0
2019-01-27,11,0,237,0.0,0.0,0.0,0.0,0.0
2019-01-27,11,0,238,61.41,61.41,0.0,665.960803,0.0
2019-01-27,11,0,240,8.99,8.99,0.0,94.54707,0.0
2019-01-27,11,0,245,7.45,7.45,0.0,81.425166,0.0
2019-01-27,11,0,247,8.63,8.63,0.0,94.322038,0.0
2019-01-27,11,0,248,0.0,0.0,0.0,0.0,0.0
2019-01-27,11,0,249,14.32,14.32,0.0,156.511191,0.0
2019-01-27,11,0,251,0.0,0.0,0.0,0.0,0.0
2019-01-27,11,0,252,18.16,18.16,0.0,197.683341,0.0
2019-01-27,11,0,254,13.29,13.29,0.0,140.829292,0.0
2019-01-27,11,0,255,6.09,6.09,0.0,64.533513,0.0
2019-01-27,11,0,258,11.2,11.2,0.0,117.862199,0.0
2019-01-27,11,0,260,4.65,4.65,0.0,49.822712,0.0
2019-01-27,11,0,265,55.17,55.17,0.0,556.700687,0.0
2019-01-27,11,0,266,15.88,15.88,0.0,160.239386,0.0
2019-01-27,11,0,267,19.52,19.52,0.0,196.969321,0.0
2019-01-27,11,0,270,146.94,146.94,0.0,35.695147,0.0
2019-01-27,11,0,272,65.76,65.76,0.0,584.27399,0.0
2019-01-27,11,0,273,19.96,19.96,0.0,4.848749,0.0
2019-01-27,11,0,274,191.89,191.89,0.0,46.614548,0.0
2019-01-27,11,0,275,270.74,270.74,0.0,65.769049,0.0
2019-01-27,11,0,276,4.58,4.58,0.0,6.487992,0.0
2019-01-27,11,0,277,5.62,5.62,0.0,49.500915,0.0
2019-01-27,11,0,278,9.0,9.0,0.0,79.271927,0.0
2019-01-27,11,0,279,57.57,57.57,0.0,507.076094,0.0
2019-01-27,11,0,281,20.73,20.73,0.0,127.678797,0.0
2019-01-27,11,0,282,219.41,219.41,0.0,1351.375056,0.0
2019-01-27,12,0,9,2.97,2.97,0.0,23.174343,0.0
2019-01-27,12,0,17,33.28,33.28,0.0,369.039079,0.0
2019-01-27,12,0,19,4.89,4.89,0.0,54.224793,0.0
2019-01-27,12,0,20,5.93,5.93,0.0,65.757264,0.0
2019-01-27,12,0,21,67.87,67.87,0.0,529.576643,0.0
2019-01-27,12,0,22,241.21,241.21,0.0,1882.115544,0.0
2019-01-27,12,0,23,5.92,5.92,0.0,46.192629,0.0
2019-01-27,12,0,24,9.91,9.91,0.0,77.325837,0.0
2019-01-27,12,0,29,8.2,8.2,0.0,100.630423,0.0
2019-01-27,12,0,30,572.71,572.71,0.0,4456.812158,0.0
2019-01-27,12,0,31,37.37,37.37,0.0,290.812227,0.0
2019-01-27,12,0,32,5.09,5.09,0.0,100.84679,0.0
2019-01-27,12,0,33,2.43,2.43,0.0,28.351593,0.0
2019-01-27,12,0,34,3.89,3.89,0.0,45.385883,0.0
2019-01-27,12,0,35,3.89,3.89,0.0,45.385883,0.0
2019-01-27,12,0,36,10.79,10.79,0.0,110.183015,0.0
2019-01-27,12,0,37,5.1,5.1,0.0,52.033712,0.0
2019-01-27,12,0,38,6.56,6.56,0.0,66.929637,0.0
2019-01-27,12,0,39,4.37,4.37,0.0,44.585749,0.0
2019-01-27,12,0,40,4.37,4.37,0.0,44.585749,0.0
2019-01-27,12,0,41,12.05,12.05,0.0,107.103198,0.0
2019-01-27,12,0,42,66.2,66.2,0.0,725.786095,0.0
2019-01-27,12,0,43,32.95,32.95,0.0,341.731388,0.0
2019-01-27,12,0,46,28.6,28.6,0.0,285.482841,0.0
2019-01-27,12,0,52,39.62,39.62,0.0,308.32166,0.0
2019-01-27,12,0,53,62.94,62.94,0.0,489.797205,0.0
2019-01-27,12,0,55,116.43,116.43,0.0,908.481044,0.0
2019-01-27,12,0,56,168.93,168.93,0.0,1314.608227,0.0
2019-01-27,12,0,57,160.69,160.69,0.0,1250.484793,0.0
2019-01-27,12,0,58,309.02,309.02,0.0,2404.784434,0.0
2019-01-27,12,0,59,303.87,303.87,0.0,2364.707287,0.0
2019-01-27,12,0,63,11.65,11.65,0.0,271.029411,0.0
2019-01-27,12,0,64,13.71,13.71,0.0,318.953924,0.0
2019-01-27,12,0,65,1.41,1.41,0.0,15.60253,0.0
2019-01-27,12,0,67,306.49,306.49,0.0,-1963.090817,0.0
2019-01-27,12,0,68,5.11,5.11,0.0,0.927334,0.0
2019-01-27,12,0,69,2.43,2.43,0.0,28.351593,0.0
2019-01-27,12,0,74,11.37,11.37,0.0,118.297607,0.0
2019-01-27,12,0,77,7.86,7.86,0.0,45.58448,0.0
2019-01-27,12,0,78,5.94,5.94,0.0,34.44934,0.0
2019-01-27,12,0,79,3.44,3.44,0.0,19.95046,0.0
2019-01-27,12,0,80,5.56,5.56,0.0,32.24551,0.0
2019-01-27,12,0,81,7.27,7.27,0.0,42.162745,0.0
2019-01-27,12,0,82,5.13,5.13,0.0,29.751703,0.0
2019-01-27,12,0,83,11.44,11.44,0.0,66.346877,0.0
2019-01-27,12,0,84,0.0,0.0,0.0,0.0,0.0
2019-01-27,12,0,86,12.32,12.32,0.0,143.741408,0.0
2019-01-27,12,0,87,62.89,62.89,0.0,733.757884,0.0
2019-01-27,12,0,88,8.25,8.25,0.0,47.846306,0.0
2019-01-27,12,0,89,7.93,7.93,0.0,45.990449,0.0
2019-01-27,12,0,90,10.65,10.65,0.0,61.765231,0.0
2019-01-27,12,0,91,37.99,37.99,0.0,220.324989,0.0
2019-01-27,12,0,92,13.66,13.66,0.0,79.221883,0.0
2019-01-27,12,0,95,31.02,31.02,0.0,618.894909,0.0
2019-01-27,12,0,96,3.02,3.02,0.0,23.435779,0.0
2019-01-27,12,0,97,18.58,18.58,0.0,144.184362,0.0
2019-01-27,12,0,99,2.19,2.19,0.0,22.785555,0.0
2019-01-27,12,0,101,11.54,11.54,0.0,89.803936,0.0
2019-01-27,12,0,102,12.09,12.09,0.0,2.194026,0.0
2019-01-27,12,0,103,10.52,10.52,0.0,1.909111,0.0
2019-01-27,12,0,104,1.95,1.95,0.0,0.353875,0.0
2019-01-27,12,0,106,237.45,237.45,0.0,1852.776982,0.0
2019-01-27,12,0,109,19.69,19.69,0.0,189.12117,0.0
2019-01-27,12,0,110,108.56,108.56,0.0,-2885.001058,0.0
2019-01-27,12,0,111,17.53,17.53,0.0,155.810711,0.0
2019-01-27,12,0,113,8.53,8.53,0.0,57.142147,0.0
2019-01-27,12,0,115,8.53,8.53,0.0,57.142147,0.0
2019-01-27,12,0,116,115.23,115.23,0.0,-3062.257479,0.0
2019-01-27,12,0,117,0.57,0.57,0.0,3.818408,0.0
2019-01-27,12,0,119,13.71,13.71,0.0,318.953924,0.0
2019-01-27,12,0,120,8.06,8.06,0.0,187.510476,0.0
2019-01-27,12,0,123,3.96,3.96,0.0,30.899123,0.0
2019-01-27,12,0,125,9.07,9.07,0.0,70.771477,0.0
2019-01-27,12,0,126,178.09,178.09,0.0,1389.602243,0.0
2019-01-27,12,0,127,228.55,228.55,0.0,1783.331982,0.0
2019-01-27,12,0,128,12.43,12.43,0.0,96.988915,0.0
2019-01-27,12,0,131,3.52,3.52,0.0,6.830695,0.0
2019-01-27,12,0,132,5.18,5.18,0.0,10.051989,0.0
2019-01-27,12,0,133,0.0,0.0,0.0,0.0,0.0
2019-01-27,12,0,134,0.0,0.0,0.0,0.0,0.0
2019-01-27,12,0,135,0.0,0.0,0.0,0.0,0.0
2019-01-27,12,0,136,3.63,3.63,0.0,40.163574,0.0
2019-01-27,12,0,139,15.56,15.56,0.0,138.300893,0.0
2019-01-27,12,0,140,80.35,80.35,0.0,-2135.315356,0.0
2019-01-27,12,0,141,41.02,41.02,0.0,-262.736093,0.0
2019-01-27,12,0,142,404.18,404.18,0.0,-2588.802396,0.0
2019-01-27,12,0,143,33.8,33.8,0.0,263.030593,0.0
2019-01-27,12,0,145,8.1,8.1,0.0,68.514875,0.0
2019-01-27,12,0,146,268.0,268.0,0.0,-7122.147049,0.0
2019-01-27,12,0,152,7.78,7.78,0.0,81.156879,0.0
2019-01-27,12,0,153,9.83,9.83,0.0,102.250198,0.0
2019-01-27,12,0,154,72.32,72.32,0.0,642.796955,0.0
2019-01-27,12,0,157,163.77,163.77,0.0,-1048.958801,0.0
2019-01-27,12,0,158,279.77,279.77,0.0,-1791.947267,0.0
2019-01-27,12,0,159,0.0,0.0,0.0,0.0,0.0
2019-01-27,12,0,160,2.57,2.57,0.0,27.986923,0.0
2019-01-27,12,0,161,59.32,59.32,0.0,10.765062,0.0
2019-01-27,12,0,162,42.95,42.95,0.0,858.495532,0.0
2019-01-27,12,0,163,44.36,44.36,0.0,-1178.874788,0.0
2019-01-27,12,0,164,21.75,21.75,0.0,169.257852,0.0
2019-01-27,12,0,167,5.91,5.91,0.0,117.337467,0.0
2019-01-27,12,0,168,2.96,2.96,0.0,58.768004,0.0
2019-01-27,12,0,169,0.0,0.0,0.0,0.0,0.0
2019-01-27,12,0,170,6.47,6.47,0.0,128.455738,0.0
2019-01-27,12,0,172,7.62,7.62,0.0,143.904267,0.0
2019-01-27,12,0,173,11.61,11.61,0.0,219.255714,0.0
2019-01-27,12,0,188,10.51,10.51,0.0,201.917725,0.0
2019-01-27,12,0,190,8.98,8.98,0.0,208.913657,0.0
2019-01-27,12,0,191,23.21,23.21,0.0,539.965032,0.0
2019-01-27,12,0,192,58.21,58.21,0.0,1354.21648,0.0
2019-01-27,12,0,194,14.56,14.56,0.0,181.139076,0.0
2019-01-27,12,0,196,6.28,6.28,0.0,189.467497,0.0
2019-01-27,12,0,198,11.34,11.34,0.0,133.488465,0.0
2019-01-27,12,0,199,19.91,19.91,0.0,272.530669,0.0
2019-01-27,12,0,200,19.23,19.23,0.0,263.22274,0.0
2019-01-27,12,0,204,98.66,98.66,0.0,939.515692,0.0
2019-01-27,12,0,205,104.18,104.18,0.0,1000.642125,0.0
2019-01-27,12,0,206,54.58,54.58,0.0,423.551262,0.0
2019-01-27,12,0,210,2.42,2.42,0.0,29.982862,0.0
2019-01-27,12,0,214,14.05,14.05,0.0,168.731773,0.0
2019-01-27,12,0,217,9.89,9.89,0.0,120.470613,0.0
2019-01-27,12,0,218,13.65,13.65,0.0,166.271372,0.0
2019-01-27,12,0,219,9.3,9.3,0.0,113.283792,0.0
2019-01-27,12,0,221,7.49,7.49,0.0,89.950248,0.0
2019-01-27,12,0,225,7.43,7.43,0.0,91.096592,0.0
2019-01-27,12,0,233,6.97,6.97,0.0,81.321235,0.0
2019-01-27,12,0,236,0.0,0.0,0.0,0.0,0.0
2019-01-27,12,0,237,27.28,27.28,0.0,283.831022,0.0
2019-01-27,12,0,238,86.16,86.16,0.0,944.618277,0.0
2019-01-27,12,0,240,12.23,12.23,0.0,124.887699,0.0
2019-01-27,12,0,245,1.54,1.54,0.0,17.208824,0.0
2019-01-27,12,0,247,0.0,0.0,0.0,0.0,0.0
2019-01-27,12,0,248,2.74,2.74,0.0,28.507955,0.0
2019-01-27,12,0,249,2.97,2.97,0.0,33.188446,0.0
2019-01-27,12,0,251,0.0,0.0,0.0,0.0,0.0
2019-01-27,12,0,252,9.07,9.07,0.0,100.36521,0.0
2019-01-27,12,0,254,18.15,18.15,0.0,190.599619,0.0
2019-01-27,12,0,255,8.32,8.32,0.0,87.371285,0.0
2019-01-27,12,0,258,15.14,15.14,0.0,154.993734,0.0
2019-01-27,12,0,260,6.25,6.25,0.0,68.061583,0.0
2019-01-27,12,0,265,74.88,74.88,0.0,665.550829,0.0
2019-01-27,12,0,266,10.08,10.08,0.0,89.593381,0.0
2019-01-27,12,0,267,12.38,12.38,0.0,110.036315,0.0
2019-01-27,12,0,270,138.53,138.53,0.0,-3681.45907,0.0
2019-01-27,12,0,272,28.5,28.5,0.0,190.920421,0.0
2019-01-27,12,0,273,27.55,27.55,0.0,-732.146087,0.0
2019-01-27,12,0,274,178.58,178.58,0.0,-4745.79485,0.0
2019-01-27,12,0,275,248.59,248.59,0.0,-6606.322891,0.0
2019-01-27,12,0,276,6.3,6.3,0.0,-139.05119,0.0
2019-01-27,12,0,277,7.74,7.74,0.0,49.059016,0.0
2019-01-27,12,0,278,12.38,12.38,0.0,78.469072,0.0
2019-01-27,12,0,279,49.63,49.63,0.0,314.573511,0.0
2019-01-27,12,0,281,16.77,16.77,0.0,130.50364,0.0
2019-01-27,12,0,282,314.17,314.17,0.0,2444.86158,0.0
2019-01-27,13,0,9,3.57,3.57,0.0,-1383.718204,0.0
2019-01-27,13,0,17,52.97,52.97,0.0,664.522956,0.0
2019-01-27,13,0,19,0.0,0.0,0.0,0.0,0.0
2019-01-27,13,0,20,0.0,0.0,0.0,0.0,0.0
2019-01-27,13,0,21,81.74,81.74,0.0,-31682.108126,0.0
2019-01-27,13,0,22,290.49,290.49,0.0,-112592.801439,0.0
2019-01-27,13,0,23,17.04,17.04,0.0,-6604.638151,0.0
2019-01-27,13,0,24,29.75,29.75,0.0,-11530.985035,0.0
2019-01-27,13,0,29,9.55,9.55,0.0,48.609441,0.0
2019-01-27,13,0,30,704.35,704.35,0.0,-704350.0,0.0
2019-01-27,13,0,31,27.86,27.86,0.0,-27860.0,0.0
2019-01-27,13,0,32,5.93,5.93,0.0,173.423671,0.0
2019-01-27,13,0,33,3.32,3.32,0.0,54.848635,0.0
2019-01-27,13,0,34,5.31,5.31,0.0,87.724774,0.0
2019-01-27,13,0,35,5.31,5.31,0.0,87.724774,0.0
2019-01-27,13,0,36,12.9,12.9,0.0,84.414806,0.0
2019-01-27,13,0,37,6.15,6.15,0.0,40.079307,0.0
2019-01-27,13,0,38,7.91,7.91,0.0,51.549157,0.0
2019-01-27,13,0,39,5.28,5.28,0.0,34.409551,0.0
2019-01-27,13,0,40,5.28,5.28,0.0,34.409551,0.0
2019-01-27,13,0,41,7.43,7.43,0.0,-49.371011,0.0
2019-01-27,13,0,42,78.68,78.68,0.0,919.261091,0.0
2019-01-27,13,0,43,38.84,38.84,0.0,275.681625,0.0
2019-01-27,13,0,46,34.6,34.6,0.0,199.715691,0.0
2019-01-27,13,0,52,29.53,29.53,0.0,-29530.0,0.0
2019-01-27,13,0,53,46.91,46.91,0.0,-46910.0,0.0
2019-01-27,13,0,55,152.2,152.2,0.0,-58992.131843,0.0
2019-01-27,13,0,56,207.76,207.76,0.0,-207760.0,0.0
2019-01-27,13,0,57,197.62,197.62,0.0,-197620.0,0.0
2019-01-27,13,0,58,380.05,380.05,0.0,-380050.0,0.0
2019-01-27,13,0,59,373.71,373.71,0.0,-373710.0,0.0
2019-01-27,13,0,63,8.87,8.87,0.0,264.399963,0.0
2019-01-27,13,0,64,10.44,10.44,0.0,311.199055,0.0
2019-01-27,13,0,65,0.92,0.92,0.0,11.394378,0.0
2019-01-27,13,0,67,374.11,374.11,0.0,12214.767354,0.0
2019-01-27,13,0,68,6.66,6.66,0.0,221.499947,0.0
2019-01-27,13,0,69,3.32,3.32,0.0,54.848635,0.0
2019-01-27,13,0,74,26.52,26.52,0.0,201.673969,0.0
2019-01-27,13,0,77,10.21,10.21,0.0,351.94198,0.0
2019-01-27,13,0,78,7.72,7.72,0.0,266.11088,0.0
2019-01-27,13,0,79,4.47,4.47,0.0,154.082336,0.0
2019-01-27,13,0,80,7.22,7.22,0.0,248.875719,0.0
2019-01-27,13,0,81,9.44,9.44,0.0,325.399832,0.0
2019-01-27,13,0,82,6.66,6.66,0.0,229.572339,0.0
2019-01-27,13,0,83,14.85,14.85,0.0,511.88427,0.0
2019-01-27,13,0,84,0.0,0.0,0.0,0.0,0.0
2019-01-27,13,0,86,16.82,16.82,0.0,277.877721,0.0
2019-01-27,13,0,87,85.87,85.87,0.0,1418.630197,0.0
2019-01-27,13,0,88,7.84,7.84,0.0,270.247318,0.0
2019-01-27,13,0,89,7.54,7.54,0.0,259.906222,0.0
2019-01-27,13,0,90,10.12,10.12,0.0,348.839651,0.0
2019-01-27,13,0,91,36.1,36.1,0.0,1244.378596,0.0
2019-01-27,13,0,92,12.98,12.98,0.0,447.424769,0.0
2019-01-27,13,0,95,39.29,39.29,0.0,1147.979957,0.0
2019-01-27,13,0,96,2.64,2.64,0.0,118.175334,0.0
2019-01-27,13,0,97,16.22,16.22,0.0,726.062091,0.0
2019-01-27,13,0,99,5.12,5.12,0.0,38.935548,0.0
2019-01-27,13,0,101,14.19,14.19,0.0,-14190.0,0.0
2019-01-27,13,0,102,15.77,15.77,0.0,524.482606,0.0
2019-01-27,13,0,103,13.71,13.71,0.0,455.970611,0.0
2019-01-27,13,0,104,2.55,2.55,0.0,84.808538,0.0
2019-01-27,13,0,106,285.96,285.96,0.0,-110836.990944,0.0
2019-01-27,13,0,109,17.9,17.9,0.0,80.282565,0.0
2019-01-27,13,0,110,159.15,159.15,0.0,4899.936944,0.0
2019-01-27,13,0,111,21.42,21.42,0.0,-142.332039,0.0
2019-01-27,13,0,113,7.44,7.44,0.0,240.13332,0.0
2019-01-27,13,0,115,7.44,7.44,0.0,240.13332,0.0
2019-01-27,13,0,116,134.17,134.17,0.0,4130.848506,0.0
2019-01-27,13,0,117,0.5,0.5,0.0,16.137992,0.0
2019-01-27,13,0,119,10.44,10.44,0.0,311.199055,0.0
2019-01-27,13,0,120,6.14,6.14,0.0,183.023199,0.0
2019-01-27,13,0,123,4.77,4.77,0.0,-1848.833567,0.0
2019-01-27,13,0,125,27.01,27.01,0.0,-10468.971623,0.0
2019-01-27,13,0,126,214.47,214.47,0.0,-83127.743208,0.0
2019-01-27,13,0,127,275.24,275.24,0.0,-106681.96037,0.0
2019-01-27,13,0,128,38.14,38.14,0.0,-14782.916613,0.0
2019-01-27,13,0,131,5.8,5.8,0.0,193.839718,0.0
2019-01-27,13,0,132,8.53,8.53,0.0,285.078068,0.0
2019-01-27,13,0,133,0.0,0.0,0.0,0.0,0.0
2019-01-27,13,0,134,0.0,0.0,0.0,0.0,0.0
2019-01-27,13,0,135,0.0,0.0,0.0,0.0,0.0
2019-01-27,13,0,136,2.33,2.33,0.0,28.837026,0.0
2019-01-27,13,0,139,9.6,9.6,0.0,-63.790269,0.0
2019-01-27,13,0,140,117.79,117.79,0.0,3626.538314,0.0
2019-01-27,13,0,141,82.47,82.47,0.0,2692.662221,0.0
2019-01-27,13,0,142,493.36,493.36,0.0,16108.304032,0.0
2019-01-27,13,0,143,36.62,36.62,0.0,-36620.0,0.0
2019-01-27,13,0,145,12.13,12.13,0.0,7.303944,0.0
2019-01-27,13,0,146,268.0,268.0,0.0,8251.229036,0.0
2019-01-27,13,0,152,9.7,9.7,0.0,79.262976,0.0
2019-01-27,13,0,153,12.1,12.1,0.0,96.525225,0.0
2019-01-27,13,0,154,88.37,88.37,0.0,-587.202719,0.0
2019-01-27,13,0,157,250.0,250.0,0.0,8162.550689,0.0
2019-01-27,13,0,158,345.69,345.69,0.0,11286.848591,0.0
2019-01-27,13,0,159,0.0,0.0,0.0,0.0,0.0
2019-01-27,13,0,160,3.02,3.02,0.0,26.812391,0.0
2019-01-27,13,0,161,71.44,71.44,0.0,2375.969396,0.0
2019-01-27,13,0,162,48.27,48.27,0.0,1410.84053,0.0
2019-01-27,13,0,163,23.01,23.01,0.0,708.435747,0.0
2019-01-27,13,0,164,26.6,26.6,0.0,-26600.0,0.0
2019-01-27,13,0,167,6.83,6.83,0.0,199.476801,0.0
2019-01-27,13,0,168,3.41,3.41,0.0,99.592371,0.0
2019-01-27,13,0,169,0.0,0.0,0.0,0.0,0.0
2019-01-27,13,0,170,7.47,7.47,0.0,218.168625,0.0
2019-01-27,13,0,172,8.98,8.98,0.0,253.038118,0.0
2019-01-27,13,0,173,13.68,13.68,0.0,385.474549,0.0
2019-01-27,13,0,188,12.25,12.25,0.0,355.722424,0.0
2019-01-27,13,0,190,10.35,10.35,0.0,308.516304,0.0
2019-01-27,13,0,191,26.72,26.72,0.0,796.478806,0.0
2019-01-27,13,0,192,62.45,62.45,0.0,1861.530743,0.0
2019-01-27,13,0,194,11.55,11.55,0.0,354.36844,0.0
2019-01-27,13,0,196,7.16,7.16,0.0,217.174685,0.0
2019-01-27,13,0,198,13.34,13.34,0.0,148.194259,0.0
2019-01-27,13,0,199,22.97,22.97,0.0,484.922196,0.0
2019-01-27,13,0,200,22.88,22.88,0.0,483.022196,0.0
2019-01-27,13,0,204,91.73,91.73,0.0,386.042166,0.0
2019-01-27,13,0,205,94.67,94.67,0.0,424.600581,0.0
2019-01-27,13,0,206,47.66,47.66,0.0,2133.42289,0.0
2019-01-27,13,0,210,2.8,2.8,0.0,17.515396,0.0
2019-01-27,13,0,214,17.08,17.08,0.0,322.182077,0.0
2019-01-27,13,0,217,11.45,11.45,0.0,153.354066,0.0
2019-01-27,13,0,218,15.8,15.8,0.0,211.615218,0.0
2019-01-27,13,0,219,10.76,10.76,0.0,144.112642,0.0
2019-01-27,13,0,221,9.11,9.11,0.0,171.843017,0.0
2019-01-27,13,0,225,8.72,8.72,0.0,43.403255,0.0
2019-01-27,13,0,233,9.52,9.52,0.0,157.276808,0.0
2019-01-27,13,0,236,15.67,15.67,0.0,162.927668,0.0
2019-01-27,13,0,237,63.63,63.63,0.0,483.880643,0.0
2019-01-27,13,0,238,102.41,102.41,0.0,1196.511544,0.0
2019-01-27,13,0,240,14.61,14.61,0.0,95.604675,0.0
2019-01-27,13,0,245,0.0,0.0,0.0,0.0,0.0
2019-01-27,13,0,247,0.0,0.0,0.0,0.0,0.0
2019-01-27,13,0,248,6.39,6.39,0.0,48.593389,0.0
2019-01-27,13,0,249,0.0,0.0,0.0,0.0,0.0
2019-01-27,13,0,251,0.0,0.0,0.0,0.0,0.0
2019-01-27,13,0,252,5.91,5.91,0.0,73.196495,0.0
2019-01-27,13,0,254,21.74,21.74,0.0,164.020551,0.0
2019-01-27,13,0,255,9.96,9.96,0.0,75.14465,0.0
2019-01-27,13,0,258,17.99,17.99,0.0,119.332606,0.0
2019-01-27,13,0,260,7.34,7.34,0.0,65.16654,0.0
2019-01-27,13,0,265,91.49,91.49,0.0,-607.934557,0.0
2019-01-27,13,0,266,6.22,6.22,0.0,-41.330779,0.0
2019-01-27,13,0,267,7.64,7.64,0.0,-50.766423,0.0
2019-01-27,13,0,270,71.59,71.59,0.0,2204.12495,0.0
2019-01-27,13,0,272,24.85,24.85,0.0,802.058198,0.0
2019-01-27,13,0,273,32.08,32.08,0.0,987.684431,0.0
2019-01-27,13,0,274,92.25,92.25,0.0,2840.208502,0.0
2019-01-27,13,0,275,128.36,128.36,0.0,3951.96925,0.0
2019-01-27,13,0,276,7.47,7.47,0.0,233.093291,0.0
2019-01-27,13,0,277,9.33,9.33,0.0,309.342952,0.0
2019-01-27,13,0,278,14.92,14.92,0.0,494.683478,0.0
2019-01-27,13,0,279,65.46,65.46,0.0,2170.374027,0.0
2019-01-27,13,0,281,12.5,12.5,0.0,-12500.0,0.0
2019-01-27,13,0,282,386.38,386.38,0.0,-386380.0,0.0
2019-01-27,14,0,9,3.75,3.75,0.0,-1457.859289,0.0
2019-01-27,14,0,17,53.58,53.58,0.0,842.840347,0.0
2019-01-27,14,0,19,0.0,0.0,0.0,0.0,0.0
2019-01-27,14,0,20,0.0,0.0,0.0,0.0,0.0
2019-01-27,14,0,21,85.84,85.84,0.0,-33371.371027,0.0
2019-01-27,14,0,22,305.08,305.08,0.0,-118603.656488,0.0
2019-01-27,14,0,23,11.17,11.17,0.0,-4342.476868,0.0
2019-01-27,14,0,24,19.2,19.2,0.0,-7464.239559,0.0
2019-01-27,14,0,29,9.74,9.74,0.0,34.262571,0.0
2019-01-27,14,0,30,741.91,741.91,0.0,-741910.0,0.0
2019-01-27,14,0,31,25.05,25.05,0.0,-25050.0,0.0
2019-01-27,14,0,32,6.08,6.08,0.0,162.253955,0.0
2019-01-27,14,0,33,3.48,3.48,0.0,72.417743,0.0
2019-01-27,14,0,34,5.57,5.57,0.0,115.910009,0.0
2019-01-27,14,0,35,5.57,5.57,0.0,115.910009,0.0
2019-01-27,14,0,36,13.55,13.55,0.0,105.768073,0.0
2019-01-27,14,0,37,6.4,6.4,0.0,49.418908,0.0
2019-01-27,14,0,38,8.23,8.23,0.0,63.549628,0.0
2019-01-27,14,0,39,5.48,5.48,0.0,42.31494,0.0
2019-01-27,14,0,40,5.48,5.48,0.0,42.31494,0.0
2019-01-27,14,0,41,5.6,5.6,0.0,-39.301735,0.0
2019-01-27,14,0,42,82.64,82.64,0.0,1208.982859,0.0
2019-01-27,14,0,43,40.88,40.88,0.0,343.02748,0.0
2019-01-27,14,0,46,35.81,35.81,0.0,237.769189,0.0
2019-01-27,14,0,52,26.56,26.56,0.0,-26560.0,0.0
2019-01-27,14,0,53,42.19,42.19,0.0,-42190.0,0.0
2019-01-27,14,0,55,184.78,184.78,0.0,-71835.530503,0.0
2019-01-27,14,0,56,218.84,218.84,0.0,-218840.0,0.0
2019-01-27,14,0,57,208.16,208.16,0.0,-208160.0,0.0
2019-01-27,14,0,58,400.31,400.31,0.0,-400310.0,0.0
2019-01-27,14,0,59,393.64,393.64,0.0,-393640.0,0.0
2019-01-27,14,0,63,10.88,10.88,0.0,352.811821,0.0
2019-01-27,14,0,64,12.8,12.8,0.0,415.072731,0.0
2019-01-27,14,0,65,0.0,0.0,0.0,0.0,0.0
2019-01-27,14,0,67,390.32,390.32,0.0,-3197.159576,0.0
2019-01-27,14,0,68,4.53,4.53,0.0,9.622126,0.0
2019-01-27,14,0,69,3.48,3.48,0.0,72.417743,0.0
2019-01-27,14,0,74,23.99,23.99,0.0,228.400656,0.0
2019-01-27,14,0,77,11.99,11.99,0.0,139.083954,0.0
2019-01-27,14,0,78,9.07,9.07,0.0,105.211965,0.0
2019-01-27,14,0,79,5.25,5.25,0.0,60.89998,0.0
2019-01-27,14,0,80,8.49,8.49,0.0,98.483967,0.0
2019-01-27,14,0,81,11.1,11.1,0.0,128.759957,0.0
2019-01-27,14,0,82,7.83,7.83,0.0,90.82797,0.0
2019-01-27,14,0,83,17.45,17.45,0.0,202.419933,0.0
2019-01-27,14,0,84,0.0,0.0,0.0,0.0,0.0
2019-01-27,14,0,86,17.65,17.65,0.0,367.291141,0.0
2019-01-27,14,0,87,90.11,90.11,0.0,1875.161742,0.0
2019-01-27,14,0,88,8.87,8.87,0.0,102.891966,0.0
2019-01-27,14,0,89,8.52,8.52,0.0,98.831967,0.0
2019-01-27,14,0,90,11.45,11.45,0.0,132.819956,0.0
2019-01-27,14,0,91,40.83,40.83,0.0,473.627842,0.0
2019-01-27,14,0,92,14.68,14.68,0.0,170.287943,0.0
2019-01-27,14,0,95,32.67,32.67,0.0,877.374209,0.0
2019-01-27,14,0,96,3.42,3.42,0.0,146.017033,0.0
2019-01-27,14,0,97,22.93,22.93,0.0,978.997241,0.0
2019-01-27,14,0,99,4.63,4.63,0.0,44.08066,0.0
2019-01-27,14,0,101,14.94,14.94,0.0,-14940.0,0.0
2019-01-27,14,0,102,10.69,10.69,0.0,22.706517,0.0
2019-01-27,14,0,103,9.3,9.3,0.0,19.754033,0.0
2019-01-27,14,0,104,1.74,1.74,0.0,3.695916,0.0
2019-01-27,14,0,106,300.32,300.32,0.0,-116753.147097,0.0
2019-01-27,14,0,109,17.75,17.75,0.0,88.481246,0.0
2019-01-27,14,0,110,307.65,307.65,0.0,-12238.190431,0.0
2019-01-27,14,0,111,23.24,23.24,0.0,-163.1022,0.0
2019-01-27,14,0,113,8.21,8.21,0.0,88.534892,0.0
2019-01-27,14,0,115,8.21,8.21,0.0,88.534892,0.0
2019-01-27,14,0,116,137.5,137.5,0.0,-5469.693432,0.0
2019-01-27,14,0,117,0.55,0.55,0.0,5.931083,0.0
2019-01-27,14,0,119,12.8,12.8,0.0,415.072731,0.0
2019-01-27,14,0,120,7.52,7.52,0.0,243.85523,0.0
2019-01-27,14,0,123,5.01,5.01,0.0,-1947.70001,0.0
2019-01-27,14,0,125,17.51,17.51,0.0,-6807.230973,0.0
2019-01-27,14,0,126,225.24,225.24,0.0,-87564.860323,0.0
2019-01-27,14,0,127,289.06,289.06,0.0,-112375.681606,0.0
2019-01-27,14,0,128,24.3,24.3,0.0,-9446.928191,0.0
2019-01-27,14,0,131,7.02,7.02,0.0,34.250337,0.0
2019-01-27,14,0,132,10.33,10.33,0.0,50.399713,0.0
2019-01-27,14,0,133,0.0,0.0,0.0,0.0,0.0
2019-01-27,14,0,134,0.0,0.0,0.0,0.0,0.0
2019-01-27,14,0,135,0.0,0.0,0.0,0.0,0.0
2019-01-27,14,0,136,0.0,0.0,0.0,0.0,0.0
2019-01-27,14,0,139,7.23,7.23,0.0,-50.741347,0.0
2019-01-27,14,0,140,227.69,227.69,0.0,-9057.414527,0.0
2019-01-27,14,0,141,129.75,129.75,0.0,-1062.798358,0.0
2019-01-27,14,0,142,514.73,514.73,0.0,-4216.21733,0.0
2019-01-27,14,0,143,39.78,39.78,0.0,-39780.0,0.0
2019-01-27,14,0,145,8.8,8.8,0.0,-3.83923,0.0
2019-01-27,14,0,146,268.0,268.0,0.0,-10660.929743,0.0
2019-01-27,14,0,152,10.43,10.43,0.0,105.12642,0.0
2019-01-27,14,0,153,12.89,12.89,0.0,126.670821,0.0
2019-01-27,14,0,154,95.89,95.89,0.0,-672.97203,0.0
2019-01-27,14,0,157,250.0,250.0,0.0,-2047.781036,0.0
2019-01-27,14,0,158,370.87,370.87,0.0,-3037.842211,0.0
2019-01-27,14,0,159,0.0,0.0,0.0,0.0,0.0
2019-01-27,14,0,160,3.15,3.15,0.0,33.217744,0.0
2019-01-27,14,0,161,73.57,73.57,0.0,156.269267,0.0
2019-01-27,14,0,162,41.34,41.34,0.0,1112.945698,0.0
2019-01-27,14,0,163,39.23,39.23,0.0,-1560.553261,0.0
2019-01-27,14,0,164,28.73,28.73,0.0,-28730.0,0.0
2019-01-27,14,0,167,6.85,6.85,0.0,182.883094,0.0
2019-01-27,14,0,168,3.42,3.42,0.0,91.308056,0.0
2019-01-27,14,0,169,0.0,0.0,0.0,0.0,0.0
2019-01-27,14,0,170,7.49,7.49,0.0,199.969982,0.0
2019-01-27,14,0,172,9.13,9.13,0.0,219.182134,0.0
2019-01-27,14,0,173,13.91,13.91,0.0,333.934664,0.0
2019-01-27,14,0,188,12.33,12.33,0.0,315.062563,0.0
2019-01-27,14,0,190,10.5,10.5,0.0,340.48935,0.0
2019-01-27,14,0,191,27.12,27.12,0.0,879.435349,0.0
2019-01-27,14,0,192,85.71,85.71,0.0,2779.365921,0.0
2019-01-27,14,0,194,13.25,13.25,0.0,234.531214,0.0
2019-01-27,14,0,196,7.27,7.27,0.0,313.807314,0.0
2019-01-27,14,0,198,13.79,13.79,0.0,180.577675,0.0
2019-01-27,14,0,199,39.55,39.55,0.0,536.316633,0.0
2019-01-27,14,0,200,23.55,23.55,0.0,319.349095,0.0
2019-01-27,14,0,204,88.77,88.77,0.0,406.043462,0.0
2019-01-27,14,0,205,93.9,93.9,0.0,468.078254,0.0
2019-01-27,14,0,206,81.17,81.17,0.0,3465.556303,0.0
2019-01-27,14,0,210,2.84,2.84,0.0,14.001139,0.0
2019-01-27,14,0,214,17.26,17.26,0.0,410.895733,0.0
2019-01-27,14,0,217,11.6,11.6,0.0,182.037946,0.0
2019-01-27,14,0,218,16.01,16.01,0.0,251.243751,0.0
2019-01-27,14,0,219,10.91,10.91,0.0,171.209826,0.0
2019-01-27,14,0,221,9.21,9.21,0.0,219.255487,0.0
2019-01-27,14,0,225,8.96,8.96,0.0,30.29673,0.0
2019-01-27,14,0,233,9.99,9.99,0.0,207.888867,0.0
2019-01-27,14,0,236,7.38,7.38,0.0,95.722169,0.0
2019-01-27,14,0,237,57.55,57.55,0.0,547.914038,0.0
2019-01-27,14,0,238,107.57,107.57,0.0,1573.696589,0.0
2019-01-27,14,0,240,15.36,15.36,0.0,119.896502,0.0
2019-01-27,14,0,245,0.0,0.0,0.0,0.0,0.0
2019-01-27,14,0,247,0.0,0.0,0.0,0.0,0.0
2019-01-27,14,0,248,5.78,5.78,0.0,55.02942,0.0
2019-01-27,14,0,249,0.0,0.0,0.0,0.0,0.0
2019-01-27,14,0,251,0.0,0.0,0.0,0.0,0.0
2019-01-27,14,0,252,0.0,0.0,0.0,0.0,0.0
2019-01-27,14,0,254,22.37,22.37,0.0,199.801153,0.0
2019-01-27,14,0,255,10.25,10.25,0.0,91.549478,0.0
2019-01-27,14,0,258,18.84,18.84,0.0,148.841577,0.0
2019-01-27,14,0,260,7.66,7.66,0.0,80.777117,0.0
2019-01-27,14,0,265,99.28,99.28,0.0,-696.763616,0.0
2019-01-27,14,0,266,4.68,4.68,0.0,-32.845021,0.0
2019-01-27,14,0,267,5.76,5.76,0.0,-40.424642,0.0
2019-01-27,14,0,270,136.36,136.36,0.0,-5424.344701,0.0
2019-01-27,14,0,272,27.45,27.45,0.0,296.014956,0.0
2019-01-27,14,0,273,32.88,32.88,0.0,-1307.952873,0.0
2019-01-27,14,0,274,181.89,181.89,0.0,-7235.509369,0.0
2019-01-27,14,0,275,264.54,264.54,0.0,-10523.292366,0.0
2019-01-27,14,0,276,7.62,7.62,0.0,-249.376321,0.0
2019-01-27,14,0,277,9.71,9.71,0.0,107.887989,0.0
2019-01-27,14,0,278,15.54,15.54,0.0,172.665227,0.0
2019-01-27,14,0,279,51.14,51.14,0.0,568.217485,0.0
2019-01-27,14,0,281,11.24,11.24,0.0,-11240.0,0.0
2019-01-27,14,0,282,406.98,406.98,0.0,-406980.0,0.0
2019-01-27,15,0,9,3.57,3.57,0.0,-1384.808548,0.0
2019-01-27,15,0,17,51.4,51.4,0.0,1258.479356,0.0
2019-01-27,15,0,19,0.0,0.0,0.0,0.0,0.0
2019-01-27,15,0,20,0.0,0.0,0.0,0.0,0.0
2019-01-27,15,0,21,81.73,81.73,0.0,-31703.194004,0.0
2019-01-27,15,0,22,290.46,290.46,0.0,-112669.885359,0.0
2019-01-27,15,0,23,11.53,11.53,0.0,-4472.504917,0.0
2019-01-27,15,0,24,20.39,20.39,0.0,-7909.312685,0.0
2019-01-27,15,0,29,8.9,8.9,0.0,30.546607,0.0
2019-01-27,15,0,30,701.52,701.52,0.0,-701520.0,0.0
2019-01-27,15,0,31,22.97,22.97,0.0,-22970.0,0.0
2019-01-27,15,0,32,5.59,5.59,0.0,143.75446,0.0
2019-01-27,15,0,33,3.29,3.29,0.0,93.196647,0.0
2019-01-27,15,0,34,5.26,5.26,0.0,149.001327,0.0
2019-01-27,15,0,35,5.26,5.26,0.0,149.001327,0.0
2019-01-27,15,0,36,12.99,12.99,0.0,93.184939,0.0
2019-01-27,15,0,37,6.11,6.11,0.0,44.459863,0.0
2019-01-27,15,0,38,7.85,7.85,0.0,57.121101,0.0
2019-01-27,15,0,39,5.24,5.24,0.0,38.129245,0.0
2019-01-27,15,0,40,5.24,5.24,0.0,38.129245,0.0
2019-01-27,15,0,41,8.8,8.8,0.0,-53.588699,0.0
2019-01-27,15,0,42,79.64,79.64,0.0,1883.562457,0.0
2019-01-27,15,0,43,38.84,38.84,0.0,323.345111,0.0
2019-01-27,15,0,46,33.96,33.96,0.0,223.099623,0.0
2019-01-27,15,0,52,24.35,24.35,0.0,-24350.0,0.0
2019-01-27,15,0,53,38.68,38.68,0.0,-38680.0,0.0
2019-01-27,15,0,55,224.48,224.48,0.0,-87076.14083,0.0
2019-01-27,15,0,56,206.92,206.92,0.0,-206920.0,0.0
2019-01-27,15,0,57,196.83,196.83,0.0,-196830.0,0.0
2019-01-27,15,0,58,378.52,378.52,0.0,-378520.0,0.0
2019-01-27,15,0,59,372.21,372.21,0.0,-372210.0,0.0
2019-01-27,15,0,63,13.12,13.12,0.0,425.449549,0.0
2019-01-27,15,0,64,15.43,15.43,0.0,500.357206,0.0
2019-01-27,15,0,65,0.0,0.0,0.0,0.0,0.0
2019-01-27,15,0,67,369.45,369.45,0.0,-6691.295595,0.0
2019-01-27,15,0,68,9.52,9.52,0.0,-55.657162,0.0
2019-01-27,15,0,69,3.29,3.29,0.0,93.196647,0.0
2019-01-27,15,0,74,22.96,22.96,0.0,330.343367,0.0
2019-01-27,15,0,77,13.97,13.97,0.0,71.983611,0.0
2019-01-27,15,0,78,10.56,10.56,0.0,54.412809,0.0
2019-01-27,15,0,79,6.11,6.11,0.0,31.483169,0.0
2019-01-27,15,0,80,9.89,9.89,0.0,50.960481,0.0
2019-01-27,15,0,81,12.93,12.93,0.0,66.624774,0.0
2019-01-27,15,0,82,9.12,9.12,0.0,46.99288,0.0
2019-01-27,15,0,83,20.33,20.33,0.0,104.754962,0.0
2019-01-27,15,0,84,0.0,0.0,0.0,0.0,0.0
2019-01-27,15,0,86,16.66,16.66,0.0,471.931959,0.0
2019-01-27,15,0,87,85.06,85.06,0.0,2409.51575,0.0
2019-01-27,15,0,88,10.12,10.12,0.0,52.145608,0.0
2019-01-27,15,0,89,9.73,9.73,0.0,50.136044,0.0
2019-01-27,15,0,90,13.06,13.06,0.0,67.294629,0.0
2019-01-27,15,0,91,46.59,46.59,0.0,240.065602,0.0
2019-01-27,15,0,92,16.75,16.75,0.0,86.308196,0.0
2019-01-27,15,0,95,26.69,26.69,0.0,692.201202,0.0
2019-01-27,15,0,96,4.04,4.04,0.0,178.588302,0.0
2019-01-27,15,0,97,24.87,24.87,0.0,1099.37898,0.0
2019-01-27,15,0,99,4.43,4.43,0.0,63.737853,0.0
2019-01-27,15,0,101,14.13,14.13,0.0,-14130.0,0.0
2019-01-27,15,0,102,22.55,22.55,0.0,-131.83498,0.0
2019-01-27,15,0,103,19.6,19.6,0.0,-114.588275,0.0
2019-01-27,15,0,104,3.64,3.64,0.0,-21.28068,0.0
2019-01-27,15,0,106,285.93,285.93,0.0,-110912.69132,0.0
2019-01-27,15,0,109,17.77,17.77,0.0,84.157334,0.0
2019-01-27,15,0,110,338.6,338.6,0.0,-18850.315565,0.0
2019-01-27,15,0,111,22.56,22.56,0.0,-137.381936,0.0
2019-01-27,15,0,113,9.01,9.01,0.0,45.615998,0.0
2019-01-27,15,0,115,9.01,9.01,0.0,45.615998,0.0
2019-01-27,15,0,116,128.93,128.93,0.0,-7177.705806,0.0
2019-01-27,15,0,117,0.6,0.6,0.0,3.037691,0.0
2019-01-27,15,0,119,15.43,15.43,0.0,500.357206,0.0
2019-01-27,15,0,120,9.07,9.07,0.0,294.117943,0.0
2019-01-27,15,0,123,4.77,4.77,0.0,-1850.290412,0.0
2019-01-27,15,0,125,18.45,18.45,0.0,-7156.78367,0.0
2019-01-27,15,0,126,214.45,214.45,0.0,-83185.488244,0.0
2019-01-27,15,0,127,275.21,275.21,0.0,-106754.386662,0.0
2019-01-27,15,0,128,26.43,26.43,0.0,-10252.238071,0.0
2019-01-27,15,0,131,20.81,20.81,0.0,-53.496118,0.0
2019-01-27,15,0,132,30.63,30.63,0.0,-78.740322,0.0
2019-01-27,15,0,133,0.0,0.0,0.0,0.0,0.0
2019-01-27,15,0,134,0.0,0.0,0.0,0.0,0.0
2019-01-27,15,0,135,0.0,0.0,0.0,0.0,0.0
2019-01-27,15,0,136,0.0,0.0,0.0,0.0,0.0
2019-01-27,15,0,139,11.44,11.44,0.0,-69.665308,0.0
2019-01-27,15,0,140,250.6,250.6,0.0,-13951.237686,0.0
2019-01-27,15,0,141,193.98,193.98,0.0,-3513.269778,0.0
2019-01-27,15,0,142,487.21,487.21,0.0,-8824.106447,0.0
2019-01-27,15,0,143,45.97,45.97,0.0,-45970.0,0.0
2019-01-27,15,0,145,6.13,6.13,0.0,2.605686,0.0
2019-01-27,15,0,146,268.0,268.0,0.0,-14919.918994,0.0
2019-01-27,15,0,152,9.84,9.84,0.0,231.460938,0.0
2019-01-27,15,0,153,12.24,12.24,0.0,288.229791,0.0
2019-01-27,15,0,154,93.08,93.08,0.0,-566.82228,0.0
2019-01-27,15,0,157,250.0,250.0,0.0,-4527.876299,0.0
2019-01-27,15,0,158,353.57,353.57,0.0,-6403.684892,0.0
2019-01-27,15,0,159,0.0,0.0,0.0,0.0,0.0
2019-01-27,15,0,160,3.01,3.01,0.0,33.849938,0.0
2019-01-27,15,0,161,68.91,68.91,0.0,-402.871328,0.0
2019-01-27,15,0,162,35.0,35.0,0.0,910.366397,0.0
2019-01-27,15,0,163,56.74,56.74,0.0,-3158.791805,0.0
2019-01-27,15,0,164,27.14,27.14,0.0,-27140.0,0.0
2019-01-27,15,0,167,6.31,6.31,0.0,162.478056,0.0
2019-01-27,15,0,168,3.16,3.16,0.0,81.367775,0.0
2019-01-27,15,0,169,0.0,0.0,0.0,0.0,0.0
2019-01-27,15,0,170,6.9,6.9,0.0,177.670141,0.0
2019-01-27,15,0,172,8.55,8.55,0.0,196.365176,0.0
2019-01-27,15,0,173,13.03,13.03,0.0,299.255935,0.0
2019-01-27,15,0,188,11.31,11.31,0.0,276.372595,0.0
2019-01-27,15,0,190,9.98,9.98,0.0,323.62702,0.0
2019-01-27,15,0,191,25.77,25.77,0.0,835.658147,0.0
2019-01-27,15,0,192,114.9,114.9,0.0,3725.926313,0.0
2019-01-27,15,0,194,15.22,15.22,0.0,214.733007,0.0
2019-01-27,15,0,196,6.89,6.89,0.0,311.644193,0.0
2019-01-27,15,0,198,13.09,13.09,0.0,191.950857,0.0
2019-01-27,15,0,199,40.45,40.45,0.0,494.056808,0.0
2019-01-27,15,0,200,21.78,21.78,0.0,266.021193,0.0
2019-01-27,15,0,204,86.66,86.66,0.0,389.870819,0.0
2019-01-27,15,0,205,93.99,93.99,0.0,445.129309,0.0
2019-01-27,15,0,206,73.08,73.08,0.0,3230.50325,0.0
2019-01-27,15,0,210,2.64,2.64,0.0,12.92958,0.0
2019-01-27,15,0,214,15.94,15.94,0.0,484.570183,0.0
2019-01-27,15,0,217,10.71,10.71,0.0,205.949175,0.0
2019-01-27,15,0,218,14.77,14.77,0.0,284.021411,0.0
2019-01-27,15,0,219,10.06,10.06,0.0,193.449925,0.0
2019-01-27,15,0,221,8.5,8.5,0.0,258.396898,0.0
2019-01-27,15,0,225,8.22,8.22,0.0,27.049457,0.0
2019-01-27,15,0,233,9.43,9.43,0.0,267.125953,0.0
2019-01-27,15,0,236,8.08,8.08,0.0,187.677572,0.0
2019-01-27,15,0,237,55.09,55.09,0.0,792.622651,0.0
2019-01-27,15,0,238,103.65,103.65,0.0,2451.422008,0.0
2019-01-27,15,0,240,14.72,14.72,0.0,105.59525,0.0
2019-01-27,15,0,245,0.0,0.0,0.0,0.0,0.0
2019-01-27,15,0,247,3.62,3.62,0.0,90.692252,0.0
2019-01-27,15,0,248,5.53,5.53,0.0,79.564408,0.0
2019-01-27,15,0,249,0.0,0.0,0.0,0.0,0.0
2019-01-27,15,0,251,0.0,0.0,0.0,0.0,0.0
2019-01-27,15,0,252,0.0,0.0,0.0,0.0,0.0
2019-01-27,15,0,254,21.33,21.33,0.0,193.206705,0.0
2019-01-27,15,0,255,9.78,9.78,0.0,88.58704,0.0
2019-01-27,15,0,258,18.06,18.06,0.0,132.913675,0.0
2019-01-27,15,0,260,7.3,7.3,0.0,82.094535,0.0
2019-01-27,15,0,265,96.37,96.37,0.0,-586.857146,0.0
2019-01-27,15,0,266,7.32,7.32,0.0,-44.576054,0.0
2019-01-27,15,0,267,9.05,9.05,0.0,-55.111105,0.0
2019-01-27,15,0,270,185.21,185.21,0.0,-10310.888794,0.0
2019-01-27,15,0,272,30.1,30.1,0.0,152.390849,0.0
2019-01-27,15,0,273,30.83,30.83,0.0,-1716.347398,0.0
2019-01-27,15,0,274,243.95,243.95,0.0,-13581.023278,0.0
2019-01-27,15,0,275,350.15,350.15,0.0,-19493.319536,0.0
2019-01-27,15,0,276,7.14,7.14,0.0,-337.615052,0.0
2019-01-27,15,0,277,9.15,9.15,0.0,46.654614,0.0
2019-01-27,15,0,278,14.63,14.63,0.0,74.596394,0.0
2019-01-27,15,0,279,56.68,56.68,0.0,289.003665,0.0
2019-01-27,15,0,281,10.31,10.31,0.0,-10310.0,0.0
2019-01-27,15,0,282,384.83,384.83,0.0,-384830.0,0.0
2019-01-27,16,0,9,3.04,3.04,0.0,9.385752,0.0
2019-01-27,16,0,17,47.58,47.58,0.0,583.770012,0.0
2019-01-27,16,0,19,9.8,9.8,0.0,120.238464,0.0
2019-01-27,16,0,20,12.36,12.36,0.0,151.647695,0.0
2019-01-27,16,0,21,69.46,69.46,0.0,214.452079,0.0
2019-01-27,16,0,22,246.86,246.86,0.0,762.160097,0.0
2019-01-27,16,0,23,15.12,15.12,0.0,46.681766,0.0
2019-01-27,16,0,24,26.75,26.75,0.0,82.588441,0.0
2019-01-27,16,0,29,6.43,6.43,0.0,35.298471,0.0
2019-01-27,16,0,30,598.57,598.57,0.0,1817.385745,0.0
2019-01-27,16,0,31,21.73,21.73,0.0,65.976899,0.0
2019-01-27,16,0,32,4.54,4.54,0.0,106.321032,0.0
2019-01-27,16,0,33,2.52,2.52,0.0,35.914256,0.0
2019-01-27,16,0,34,4.04,4.04,0.0,57.576822,0.0
2019-01-27,16,0,35,4.04,4.04,0.0,57.576822,0.0
2019-01-27,16,0,36,10.95,10.95,0.0,96.624438,0.0
2019-01-27,16,0,37,5.21,5.21,0.0,45.446509,0.0
2019-01-27,16,0,38,6.7,6.7,0.0,58.443687,0.0
2019-01-27,16,0,39,4.47,4.47,0.0,38.991535,0.0
2019-01-27,16,0,40,4.47,4.47,0.0,38.991535,0.0
2019-01-27,16,0,41,14.2,14.2,0.0,82.935789,0.0
2019-01-27,16,0,42,68.81,68.81,0.0,814.676248,0.0
2019-01-27,16,0,43,33.39,33.39,0.0,296.781293,0.0
2019-01-27,16,0,46,28.29,28.29,0.0,229.630536,0.0
2019-01-27,16,0,52,23.03,23.03,0.0,69.923975,0.0
2019-01-27,16,0,53,36.59,36.59,0.0,111.095017,0.0
2019-01-27,16,0,55,270.46,270.46,0.0,835.02317,0.0
2019-01-27,16,0,56,176.56,176.56,0.0,536.073688,0.0
2019-01-27,16,0,57,167.95,167.95,0.0,509.931898,0.0
2019-01-27,16,0,58,322.97,322.97,0.0,980.605567,0.0
2019-01-27,16,0,59,317.59,317.59,0.0,964.270743,0.0
2019-01-27,16,0,63,15.6,15.6,0.0,465.617193,0.0
2019-01-27,16,0,64,18.35,18.35,0.0,547.697147,0.0
2019-01-27,16,0,65,5.23,5.23,0.0,63.750583,0.0
2019-01-27,16,0,67,313.55,313.55,0.0,-7690.583291,0.0
2019-01-27,16,0,68,11.26,11.26,0.0,-138.653879,0.0
2019-01-27,16,0,69,2.52,2.52,0.0,35.914256,0.0
2019-01-27,16,0,74,14.37,14.37,0.0,143.521502,0.0
2019-01-27,16,0,77,16.26,16.26,0.0,-29.533298,0.0
2019-01-27,16,0,78,12.29,12.29,0.0,-22.322523,0.0
2019-01-27,16,0,79,7.11,7.11,0.0,-12.914006,0.0
2019-01-27,16,0,80,11.5,11.5,0.0,-20.887634,0.0
2019-01-27,16,0,81,15.04,15.04,0.0,-27.317392,0.0
2019-01-27,16,0,82,10.61,10.61,0.0,-19.271112,0.0
2019-01-27,16,0,83,23.65,23.65,0.0,-42.955872,0.0
2019-01-27,16,0,84,0.0,0.0,0.0,0.0,0.0
2019-01-27,16,0,86,12.78,12.78,0.0,182.136582,0.0
2019-01-27,16,0,87,65.26,65.26,0.0,930.065206,0.0
2019-01-27,16,0,88,11.57,11.57,0.0,-21.014776,0.0
2019-01-27,16,0,89,11.12,11.12,0.0,-20.197433,0.0
2019-01-27,16,0,90,14.93,14.93,0.0,-27.117597,0.0
2019-01-27,16,0,91,53.27,53.27,0.0,-96.755151,0.0
2019-01-27,16,0,92,19.16,19.16,0.0,-34.800614,0.0
2019-01-27,16,0,95,21.41,21.41,0.0,506.805479,0.0
2019-01-27,16,0,96,5.0,5.0,0.0,14.913487,0.0
2019-01-27,16,0,97,30.72,30.72,0.0,91.628465,0.0
2019-01-27,16,0,99,3.15,3.15,0.0,31.460872,0.0
2019-01-27,16,0,101,12.06,12.06,0.0,36.616723,0.0
2019-01-27,16,0,102,26.66,26.66,0.0,-328.287069,0.0
2019-01-27,16,0,103,23.18,23.18,0.0,-285.434894,0.0
2019-01-27,16,0,104,4.3,4.3,0.0,-52.949527,0.0
2019-01-27,16,0,106,243.01,243.01,0.0,750.273536,0.0
2019-01-27,16,0,109,17.78,17.78,0.0,132.426833,0.0
2019-01-27,16,0,110,338.6,338.6,0.0,-20969.299626,0.0
2019-01-27,16,0,111,19.33,19.33,0.0,112.897803,0.0
2019-01-27,16,0,113,9.9,9.9,0.0,-4.064118,0.0
2019-01-27,16,0,115,9.9,9.9,0.0,-4.064118,0.0
2019-01-27,16,0,116,107.64,107.64,0.0,-6666.082137,0.0
2019-01-27,16,0,117,0.66,0.66,0.0,-0.270941,0.0
2019-01-27,16,0,119,18.35,18.35,0.0,547.697147,0.0
2019-01-27,16,0,120,10.79,10.79,0.0,322.051892,0.0
2019-01-27,16,0,123,4.05,4.05,0.0,12.504044,0.0
2019-01-27,16,0,125,24.21,24.21,0.0,74.746399,0.0
2019-01-27,16,0,126,182.26,182.26,0.0,562.71287,0.0
2019-01-27,16,0,127,233.9,233.9,0.0,722.147155,0.0
2019-01-27,16,0,128,34.67,34.67,0.0,107.040795,0.0
2019-01-27,16,0,131,10.06,10.06,0.0,-91.062761,0.0
2019-01-27,16,0,132,14.79,14.79,0.0,-133.878552,0.0
2019-01-27,16,0,133,1.23,1.23,0.0,15.100405,0.0
2019-01-27,16,0,134,0.0,0.0,0.0,0.0,0.0
2019-01-27,16,0,135,1.56,1.56,0.0,19.151733,0.0
2019-01-27,16,0,136,4.09,4.09,0.0,49.836739,0.0
2019-01-27,16,0,139,18.49,18.49,0.0,107.991742,0.0
2019-01-27,16,0,140,250.6,250.6,0.0,-15519.511182,0.0
2019-01-27,16,0,141,230.0,230.0,0.0,-5641.314486,0.0
2019-01-27,16,0,142,413.5,413.5,0.0,-10142.102347,0.0
2019-01-27,16,0,143,54.61,54.61,0.0,165.807567,0.0
2019-01-27,16,0,145,7.96,7.96,0.0,37.216473,0.0
2019-01-27,16,0,146,268.0,268.0,0.0,-16597.082988,0.0
2019-01-27,16,0,152,8.36,8.36,0.0,83.401215,0.0
2019-01-27,16,0,153,10.36,10.36,0.0,102.274903,0.0
2019-01-27,16,0,154,79.75,79.75,0.0,465.783743,0.0
2019-01-27,16,0,157,250.0,250.0,0.0,-6131.863572,0.0
2019-01-27,16,0,158,297.42,297.42,0.0,-7294.955454,0.0
2019-01-27,16,0,159,0.0,0.0,0.0,0.0,0.0
2019-01-27,16,0,160,2.57,2.57,0.0,24.6105,0.0
2019-01-27,16,0,161,58.76,58.76,0.0,-723.561448,0.0
2019-01-27,16,0,162,29.36,29.36,0.0,697.017776,0.0
2019-01-27,16,0,163,75.97,75.97,0.0,-4704.777592,0.0
2019-01-27,16,0,164,22.85,22.85,0.0,69.377457,0.0
2019-01-27,16,0,167,5.09,5.09,0.0,119.566226,0.0
2019-01-27,16,0,168,2.55,2.55,0.0,59.900565,0.0
2019-01-27,16,0,169,0.0,0.0,0.0,0.0,0.0
2019-01-27,16,0,170,5.57,5.57,0.0,130.841627,0.0
2019-01-27,16,0,172,7.0,7.0,0.0,151.099437,0.0
2019-01-27,16,0,173,10.66,10.66,0.0,230.102858,0.0
2019-01-27,16,0,188,9.3,9.3,0.0,207.272146,0.0
2019-01-27,16,0,190,8.36,8.36,0.0,249.52306,0.0
2019-01-27,16,0,191,21.6,21.6,0.0,644.700728,0.0
2019-01-27,16,0,192,151.0,151.0,0.0,4506.935647,0.0
2019-01-27,16,0,194,17.44,17.44,0.0,174.26759,0.0
2019-01-27,16,0,196,5.66,5.66,0.0,241.33936,0.0
2019-01-27,16,0,198,10.95,10.95,0.0,111.527264,0.0
2019-01-27,16,0,199,43.17,43.17,0.0,483.114869,0.0
2019-01-27,16,0,200,18.28,18.28,0.0,204.571226,0.0
2019-01-27,16,0,204,84.65,84.65,0.0,610.097557,0.0
2019-01-27,16,0,205,94.08,94.08,0.0,700.715211,0.0
2019-01-27,16,0,206,90.28,90.28,0.0,269.277925,0.0
2019-01-27,16,0,210,1.81,1.81,0.0,11.14065,0.0
2019-01-27,16,0,214,10.95,10.95,0.0,168.919106,0.0
2019-01-27,16,0,217,7.25,7.25,0.0,82.565145,0.0
2019-01-27,16,0,218,10.0,10.0,0.0,113.882959,0.0
2019-01-27,16,0,219,6.81,6.81,0.0,77.554295,0.0
2019-01-27,16,0,221,5.84,5.84,0.0,90.09019,0.0
2019-01-27,16,0,225,6.09,6.09,0.0,33.040646,0.0
2019-01-27,16,0,233,7.23,7.23,0.0,103.03971,0.0
2019-01-27,16,0,236,7.0,7.0,0.0,78.190488,0.0
2019-01-27,16,0,237,32.85,32.85,0.0,328.091952,0.0
2019-01-27,16,0,238,89.56,89.56,0.0,1060.34595,0.0
2019-01-27,16,0,240,12.41,12.41,0.0,109.507696,0.0
2019-01-27,16,0,245,7.65,7.65,0.0,96.105254,0.0
2019-01-27,16,0,247,17.22,17.22,0.0,216.331043,0.0
2019-01-27,16,0,248,3.87,3.87,0.0,38.651929,0.0
2019-01-27,16,0,249,14.72,14.72,0.0,184.924097,0.0
2019-01-27,16,0,251,44.04,44.04,0.0,531.049352,0.0
2019-01-27,16,0,252,33.72,33.72,0.0,411.026703,0.0
2019-01-27,16,0,254,17.93,17.93,0.0,162.462067,0.0
2019-01-27,16,0,255,8.22,8.22,0.0,74.480658,0.0
2019-01-27,16,0,258,15.23,15.23,0.0,134.549664,0.0
2019-01-27,16,0,260,6.23,6.23,0.0,59.658915,0.0
2019-01-27,16,0,265,82.57,82.57,0.0,482.25409,0.0
2019-01-27,16,0,266,11.79,11.79,0.0,68.860067,0.0
2019-01-27,16,0,267,14.61,14.61,0.0,85.330414,0.0
2019-01-27,16,0,270,205.31,205.31,0.0,-12714.728016,0.0
2019-01-27,16,0,272,33.1,33.1,0.0,-13.588113,0.0
2019-01-27,16,0,273,25.74,25.74,0.0,-1594.06312,0.0
2019-01-27,16,0,274,256.23,256.23,0.0,-15868.173784,0.0
2019-01-27,16,0,275,343.51,343.51,0.0,-21273.37305,0.0
2019-01-27,16,0,276,5.95,5.95,0.0,-318.791159,0.0
2019-01-27,16,0,277,7.63,7.63,0.0,-7.43257,0.0
2019-01-27,16,0,278,12.21,12.21,0.0,-11.89406,0.0
2019-01-27,16,0,279,142.97,142.97,0.0,-139.270578,0.0
2019-01-27,16,0,281,9.75,9.75,0.0,29.603072,0.0
2019-01-27,16,0,282,328.35,328.35,0.0,996.94039,0.0
2019-01-27,17,0,9,2.15,2.15,0.0,7.126701,0.0
2019-01-27,17,0,17,33.68,33.68,0.0,301.286019,0.0
2019-01-27,17,0,19,0.0,0.0,0.0,0.0,0.0
2019-01-27,17,0,20,0.0,0.0,0.0,0.0,0.0
2019-01-27,17,0,21,49.16,49.16,0.0,162.952851,0.0
2019-01-27,17,0,22,174.7,174.7,0.0,579.085905,0.0
2019-01-27,17,0,23,15.9,15.9,0.0,52.704441,0.0
2019-01-27,17,0,24,28.28,28.28,0.0,93.740981,0.0
2019-01-27,17,0,29,4.49,4.49,0.0,49.267827,0.0
2019-01-27,17,0,30,428.32,428.32,0.0,1404.47721,0.0
2019-01-27,17,0,31,14.04,14.04,0.0,46.037682,0.0
2019-01-27,17,0,32,3.22,3.22,0.0,76.938557,0.0
2019-01-27,17,0,33,1.79,1.79,0.0,17.786619,0.0
2019-01-27,17,0,34,2.86,2.86,0.0,28.418843,0.0
2019-01-27,17,0,35,2.86,2.86,0.0,28.418843,0.0
2019-01-27,17,0,36,7.96,7.96,0.0,59.24014,0.0
2019-01-27,17,0,37,3.73,3.73,0.0,27.702644,0.0
2019-01-27,17,0,38,4.8,4.8,0.0,35.649515,0.0
2019-01-27,17,0,39,3.2,3.2,0.0,23.766344,0.0
2019-01-27,17,0,40,3.2,3.2,0.0,23.766344,0.0
2019-01-27,17,0,41,3.46,3.46,0.0,17.904245,0.0
2019-01-27,17,0,42,48.93,48.93,0.0,427.193572,0.0
2019-01-27,17,0,43,23.7,23.7,0.0,182.863224,0.0
2019-01-27,17,0,46,20.52,20.52,0.0,144.639059,0.0
2019-01-27,17,0,52,14.88,14.88,0.0,48.792073,0.0
2019-01-27,17,0,53,23.64,23.64,0.0,77.516439,0.0
2019-01-27,17,0,55,220.98,220.98,0.0,732.492291,0.0
2019-01-27,17,0,56,126.34,126.34,0.0,414.273559,0.0
2019-01-27,17,0,57,120.18,120.18,0.0,394.07469,0.0
2019-01-27,17,0,58,231.11,231.11,0.0,757.818285,0.0
2019-01-27,17,0,59,227.26,227.26,0.0,745.193992,0.0
2019-01-27,17,0,63,17.84,17.84,0.0,531.78076,0.0
2019-01-27,17,0,64,20.98,20.98,0.0,625.378943,0.0
2019-01-27,17,0,65,2.48,2.48,0.0,22.085982,0.0
2019-01-27,17,0,67,223.02,223.02,0.0,-4690.271284,0.0
2019-01-27,17,0,68,5.14,5.14,0.0,-50.086993,0.0
2019-01-27,17,0,69,1.79,1.79,0.0,17.786619,0.0
2019-01-27,17,0,74,10.23,10.23,0.0,79.513239,0.0
2019-01-27,17,0,77,12.22,12.22,0.0,-1.440399,0.0
2019-01-27,17,0,78,9.23,9.23,0.0,-1.087961,0.0
2019-01-27,17,0,79,5.34,5.34,0.0,-0.629438,0.0
2019-01-27,17,0,80,8.64,8.64,0.0,-1.018416,0.0
2019-01-27,17,0,81,11.3,11.3,0.0,-1.331957,0.0
2019-01-27,17,0,82,7.97,7.97,0.0,-0.939442,0.0
2019-01-27,17,0,83,17.77,17.77,0.0,-2.09459,0.0
2019-01-27,17,0,84,0.0,0.0,0.0,0.0,0.0
2019-01-27,17,0,86,9.06,9.06,0.0,90.026126,0.0
2019-01-27,17,0,87,46.24,46.24,0.0,459.471091,0.0
2019-01-27,17,0,88,8.15,8.15,0.0,-0.960659,0.0
2019-01-27,17,0,89,7.83,7.83,0.0,-0.92294,0.0
2019-01-27,17,0,90,10.51,10.51,0.0,-1.238837,0.0
2019-01-27,17,0,91,37.51,37.51,0.0,-4.421388,0.0
2019-01-27,17,0,92,13.49,13.49,0.0,-1.590097,0.0
2019-01-27,17,0,95,10.15,10.15,0.0,244.936902,0.0
2019-01-27,17,0,96,3.09,3.09,0.0,10.016913,0.0
2019-01-27,17,0,97,19.0,19.0,0.0,61.592667,0.0
2019-01-27,17,0,99,2.08,2.08,0.0,16.166915,0.0
2019-01-27,17,0,101,8.63,8.63,0.0,28.298091,0.0
2019-01-27,17,0,102,12.15,12.15,0.0,-118.396297,0.0
2019-01-27,17,0,103,10.57,10.57,0.0,-102.999906,0.0
2019-01-27,17,0,104,1.97,1.97,0.0,-19.196766,0.0
2019-01-27,17,0,106,171.98,171.98,0.0,570.069799,0.0
2019-01-27,17,0,109,11.49,11.49,0.0,73.56726,0.0
2019-01-27,17,0,110,338.6,338.6,0.0,-18823.640734,0.0
2019-01-27,17,0,111,14.83,14.83,0.0,76.739872,0.0
2019-01-27,17,0,113,6.76,6.76,0.0,9.621394,0.0
2019-01-27,17,0,115,6.76,6.76,0.0,9.621394,0.0
2019-01-27,17,0,116,78.65,78.65,0.0,-4372.354825,0.0
2019-01-27,17,0,117,0.45,0.45,0.0,0.640477,0.0
2019-01-27,17,0,119,20.98,20.98,0.0,625.378943,0.0
2019-01-27,17,0,120,12.35,12.35,0.0,368.132981,0.0
2019-01-27,17,0,123,2.87,2.87,0.0,9.513317,0.0
2019-01-27,17,0,125,25.56,25.56,0.0,84.724875,0.0
2019-01-27,17,0,126,128.98,128.98,0.0,427.535776,0.0
2019-01-27,17,0,127,165.53,165.53,0.0,548.689696,0.0
2019-01-27,17,0,128,36.79,36.79,0.0,121.949459,0.0
2019-01-27,17,0,131,7.86,7.86,0.0,-52.900653,0.0
2019-01-27,17,0,132,11.55,11.55,0.0,-77.735693,0.0
2019-01-27,17,0,133,0.0,0.0,0.0,0.0,0.0
2019-01-27,17,0,134,0.0,0.0,0.0,0.0,0.0
2019-01-27,17,0,135,0.0,0.0,0.0,0.0,0.0
2019-01-27,17,0,136,1.42,1.42,0.0,12.642895,0.0
2019-01-27,17,0,139,4.47,4.47,0.0,23.130629,0.0
2019-01-27,17,0,140,250.6,250.6,0.0,-13931.495475,0.0
2019-01-27,17,0,141,214.67,214.67,0.0,-4514.664768,0.0
2019-01-27,17,0,142,294.11,294.11,0.0,-6185.345204,0.0
2019-01-27,17,0,143,42.08,42.08,0.0,137.981885,0.0
2019-01-27,17,0,145,3.48,3.48,0.0,15.445981,0.0
2019-01-27,17,0,146,268.0,268.0,0.0,-14898.806015,0.0
2019-01-27,17,0,152,5.98,5.98,0.0,46.757696,0.0
2019-01-27,17,0,153,7.39,7.39,0.0,57.407377,0.0
2019-01-27,17,0,154,61.16,61.16,0.0,316.480822,0.0
2019-01-27,17,0,157,208.22,208.22,0.0,-4379.016621,0.0
2019-01-27,17,0,158,214.18,214.18,0.0,-4504.359715,0.0
2019-01-27,17,0,159,0.0,0.0,0.0,0.0,0.0
2019-01-27,17,0,160,1.84,1.84,0.0,15.832191,0.0
2019-01-27,17,0,161,42.3,42.3,0.0,-412.194516,0.0
2019-01-27,17,0,162,11.62,11.62,0.0,281.142744,0.0
2019-01-27,17,0,163,74.38,74.38,0.0,-4134.974595,0.0
2019-01-27,17,0,164,16.75,16.75,0.0,54.923873,0.0
2019-01-27,17,0,167,3.59,3.59,0.0,86.033544,0.0
2019-01-27,17,0,168,1.8,1.8,0.0,43.136596,0.0
2019-01-27,17,0,169,0.0,0.0,0.0,0.0,0.0
2019-01-27,17,0,170,3.93,3.93,0.0,94.181568,0.0
2019-01-27,17,0,172,4.95,4.95,0.0,110.406825,0.0
2019-01-27,17,0,173,7.54,7.54,0.0,168.175245,0.0
2019-01-27,17,0,188,6.6,6.6,0.0,150.905949,0.0
2019-01-27,17,0,190,6.04,6.04,0.0,180.042365,0.0
2019-01-27,17,0,191,15.59,15.59,0.0,464.711998,0.0
2019-01-27,17,0,192,122.08,122.08,0.0,3639.001972,0.0
2019-01-27,17,0,194,7.96,7.96,0.0,89.646699,0.0
2019-01-27,17,0,196,4.12,4.12,0.0,171.562186,0.0
2019-01-27,17,0,198,7.84,7.84,0.0,79.302519,0.0
2019-01-27,17,0,199,24.11,24.11,0.0,323.058327,0.0
2019-01-27,17,0,200,13.08,13.08,0.0,175.263497,0.0
2019-01-27,17,0,204,55.3,55.3,0.0,346.283933,0.0
2019-01-27,17,0,205,60.76,60.76,0.0,389.029305,0.0
2019-01-27,17,0,206,55.83,55.83,0.0,180.985188,0.0
2019-01-27,17,0,210,1.27,1.27,0.0,14.191381,0.0
2019-01-27,17,0,214,7.75,7.75,0.0,81.551538,0.0
2019-01-27,17,0,217,5.06,5.06,0.0,54.733746,0.0
2019-01-27,17,0,218,6.99,6.99,0.0,75.610451,0.0
2019-01-27,17,0,219,4.76,4.76,0.0,51.488662,0.0
2019-01-27,17,0,221,4.13,4.13,0.0,43.459078,0.0
2019-01-27,17,0,225,4.27,4.27,0.0,46.770711,0.0
2019-01-27,17,0,233,5.12,5.12,0.0,50.875692,0.0
2019-01-27,17,0,236,7.95,7.95,0.0,66.78802,0.0
2019-01-27,17,0,237,25.28,25.28,0.0,196.490193,0.0
2019-01-27,17,0,238,63.68,63.68,0.0,555.971524,0.0
2019-01-27,17,0,240,9.03,9.03,0.0,67.203324,0.0
2019-01-27,17,0,245,3.28,3.28,0.0,29.822754,0.0
2019-01-27,17,0,247,9.19,9.19,0.0,83.558266,0.0
2019-01-27,17,0,248,2.57,2.57,0.0,19.975467,0.0
2019-01-27,17,0,249,6.31,6.31,0.0,57.372433,0.0
2019-01-27,17,0,251,30.07,30.07,0.0,265.822243,0.0
2019-01-27,17,0,252,16.0,16.0,0.0,142.490209,0.0
2019-01-27,17,0,254,12.87,12.87,0.0,102.171778,0.0
2019-01-27,17,0,255,5.9,5.9,0.0,46.838655,0.0
2019-01-27,17,0,258,11.14,11.14,0.0,83.398543,0.0
2019-01-27,17,0,260,4.47,4.47,0.0,38.461899,0.0
2019-01-27,17,0,265,63.32,63.32,0.0,327.658039,0.0
2019-01-27,17,0,266,2.9,2.9,0.0,15.006448,0.0
2019-01-27,17,0,267,3.56,3.56,0.0,18.421709,0.0
2019-01-27,17,0,270,232.29,232.29,0.0,-12913.595706,0.0
2019-01-27,17,0,272,22.6,22.6,0.0,32.166198,0.0
2019-01-27,17,0,273,18.81,18.81,0.0,-1045.696049,0.0
2019-01-27,17,0,274,299.45,299.45,0.0,-16647.192019,0.0
2019-01-27,17,0,275,416.83,416.83,0.0,-23172.646684,0.0
2019-01-27,17,0,276,4.33,4.33,0.0,-207.30148,0.0
2019-01-27,17,0,277,5.5,5.5,0.0,4.42975,0.0
2019-01-27,17,0,278,8.8,8.8,0.0,7.0876,0.0
2019-01-27,17,0,279,49.6,49.6,0.0,39.948289,0.0
2019-01-27,17,0,281,6.3,6.3,0.0,20.657934,0.0
2019-01-27,17,0,282,234.96,234.96,0.0,770.442579,0.0
2019-01-27,18,0,9,1.24,1.24,0.0,8.086976,0.0
2019-01-27,18,0,17,18.03,18.03,0.0,267.890897,0.0
2019-01-27,18,0,19,0.0,0.0,0.0,0.0,0.0
2019-01-27,18,0,20,0.0,0.0,0.0,0.0,0.0
2019-01-27,18,0,21,28.27,28.27,0.0,184.370004,0.0
2019-01-27,18,0,22,100.46,100.46,0.0,655.175473,0.0
2019-01-27,18,0,23,24.8,24.8,0.0,161.739516,0.0
2019-01-27,18,0,24,44.01,44.01,0.0,287.022423,0.0
2019-01-27,18,0,29,2.12,2.12,0.0,17.137678,0.0
2019-01-27,18,0,30,254.42,254.42,0.0,1647.546316,0.0
2019-01-27,18,0,31,7.42,7.42,0.0,48.049657,0.0
2019-01-27,18,0,32,1.56,1.56,0.0,37.703857,0.0
2019-01-27,18,0,33,0.94,0.94,0.0,15.679623,0.0
2019-01-27,18,0,34,1.51,1.51,0.0,25.18748,0.0
2019-01-27,18,0,35,1.51,1.51,0.0,25.18748,0.0
2019-01-27,18,0,36,4.29,4.29,0.0,50.061014,0.0
2019-01-27,18,0,37,2.01,2.01,0.0,23.26104,0.0
2019-01-27,18,0,38,2.58,2.58,0.0,29.857455,0.0
2019-01-27,18,0,39,1.72,1.72,0.0,19.90497,0.0
2019-01-27,18,0,40,1.72,1.72,0.0,19.90497,0.0
2019-01-27,18,0,41,1.92,1.92,0.0,17.288062,0.0
2019-01-27,18,0,42,28.08,28.08,0.0,406.122018,0.0
2019-01-27,18,0,43,12.57,12.57,0.0,147.120143,0.0
2019-01-27,18,0,46,10.89,10.89,0.0,120.042728,0.0
2019-01-27,18,0,52,7.86,7.86,0.0,50.898963,0.0
2019-01-27,18,0,53,12.49,12.49,0.0,80.88143,0.0
2019-01-27,18,0,55,143.35,143.35,0.0,934.893531,0.0
2019-01-27,18,0,56,75.04,75.04,0.0,485.936151,0.0
2019-01-27,18,0,57,71.38,71.38,0.0,462.235107,0.0
2019-01-27,18,0,58,137.28,137.28,0.0,888.983406,0.0
2019-01-27,18,0,59,134.99,134.99,0.0,874.154065,0.0
2019-01-27,18,0,63,28.53,28.53,0.0,850.431899,0.0
2019-01-27,18,0,64,33.57,33.57,0.0,1000.665926,0.0
2019-01-27,18,0,65,1.36,1.36,0.0,20.107169,0.0
2019-01-27,18,0,67,127.85,127.85,0.0,-2276.827788,0.0
2019-01-27,18,0,68,2.56,2.56,0.0,-18.174894,0.0
2019-01-27,18,0,69,0.94,0.94,0.0,15.679623,0.0
2019-01-27,18,0,74,5.98,5.98,0.0,76.327968,0.0
2019-01-27,18,0,77,11.51,11.51,0.0,24.310836,0.0
2019-01-27,18,0,78,8.7,8.7,0.0,18.375697,0.0
2019-01-27,18,0,79,5.03,5.03,0.0,10.62411,0.0
2019-01-27,18,0,80,8.14,8.14,0.0,17.192893,0.0
2019-01-27,18,0,81,10.64,10.64,0.0,22.473266,0.0
2019-01-27,18,0,82,7.51,7.51,0.0,15.86224,0.0
2019-01-27,18,0,83,16.74,16.74,0.0,35.357375,0.0
2019-01-27,18,0,84,0.0,0.0,0.0,0.0,0.0
2019-01-27,18,0,86,4.77,4.77,0.0,79.565747,0.0
2019-01-27,18,0,87,24.35,24.35,0.0,406.168958,0.0
2019-01-27,18,0,88,8.31,8.31,0.0,17.551959,0.0
2019-01-27,18,0,89,7.99,7.99,0.0,16.876071,0.0
2019-01-27,18,0,90,10.73,10.73,0.0,22.66336,0.0
2019-01-27,18,0,91,38.28,38.28,0.0,80.853066,0.0
2019-01-27,18,0,92,13.77,13.77,0.0,29.084293,0.0
2019-01-27,18,0,95,3.94,3.94,0.0,96.097752,0.0
2019-01-27,18,0,96,2.75,2.75,0.0,17.675785,0.0
2019-01-27,18,0,97,16.93,16.93,0.0,108.818558,0.0
2019-01-27,18,0,99,1.15,1.15,0.0,14.678455,0.0
2019-01-27,18,0,101,5.13,5.13,0.0,33.220315,0.0
2019-01-27,18,0,102,6.05,6.05,0.0,-42.952386,0.0
2019-01-27,18,0,103,5.26,5.26,0.0,-37.343727,0.0
2019-01-27,18,0,104,0.98,0.98,0.0,-6.957577,0.0
2019-01-27,18,0,106,98.9,98.9,0.0,645.001536,0.0
2019-01-27,18,0,109,6.96,6.96,0.0,72.658609,0.0
2019-01-27,18,0,110,338.6,338.6,0.0,-17134.178132,0.0
2019-01-27,18,0,111,8.47,8.47,0.0,76.265563,0.0
2019-01-27,18,0,113,6.94,6.94,0.0,23.044537,0.0
2019-01-27,18,0,115,6.94,6.94,0.0,23.044537,0.0
2019-01-27,18,0,116,42.42,42.42,0.0,-2146.579552,0.0
2019-01-27,18,0,117,0.46,0.46,0.0,1.527448,0.0
2019-01-27,18,0,119,33.57,33.57,0.0,1000.665926,0.0
2019-01-27,18,0,120,19.74,19.74,0.0,588.416603,0.0
2019-01-27,18,0,123,1.65,1.65,0.0,10.760895,0.0
2019-01-27,18,0,125,39.8,39.8,0.0,259.565835,0.0
2019-01-27,18,0,126,74.17,74.17,0.0,483.718543,0.0
2019-01-27,18,0,127,95.19,95.19,0.0,620.805826,0.0
2019-01-27,18,0,128,57.15,57.15,0.0,372.718279,0.0
2019-01-27,18,0,131,7.02,7.02,0.0,-29.761423,0.0
2019-01-27,18,0,132,10.32,10.32,0.0,-43.751835,0.0
2019-01-27,18,0,133,0.0,0.0,0.0,0.0,0.0
2019-01-27,18,0,134,0.0,0.0,0.0,0.0,0.0
2019-01-27,18,0,135,0.0,0.0,0.0,0.0,0.0
2019-01-27,18,0,136,0.0,0.0,0.0,0.0,0.0
2019-01-27,18,0,139,2.48,2.48,0.0,22.330413,0.0
2019-01-27,18,0,140,250.6,250.6,0.0,-12681.113526,0.0
2019-01-27,18,0,141,166.95,166.95,0.0,-2973.143522,0.0
2019-01-27,18,0,142,168.6,168.6,0.0,-3002.527689,0.0
2019-01-27,18,0,143,25.46,25.46,0.0,164.871194,0.0
2019-01-27,18,0,145,1.4,1.4,0.0,11.127955,0.0
2019-01-27,18,0,146,268.0,268.0,0.0,-13561.605846,0.0
2019-01-27,18,0,152,3.27,3.27,0.0,41.68667,0.0
2019-01-27,18,0,153,4.03,4.03,0.0,50.989044,0.0
2019-01-27,18,0,154,34.94,34.94,0.0,314.606703,0.0
2019-01-27,18,0,157,135.85,135.85,0.0,-2419.29648,0.0
2019-01-27,18,0,158,122.99,122.99,0.0,-2190.278058,0.0
2019-01-27,18,0,159,0.0,0.0,0.0,0.0,0.0
2019-01-27,18,0,160,0.96,0.96,0.0,11.790479,0.0
2019-01-27,18,0,161,23.75,23.75,0.0,-168.614738,0.0
2019-01-27,18,0,162,3.74,3.74,0.0,91.446061,0.0
2019-01-27,18,0,163,64.99,64.99,0.0,-3288.689418,0.0
2019-01-27,18,0,164,10.3,10.3,0.0,66.699658,0.0
2019-01-27,18,0,167,1.7,1.7,0.0,41.193616,0.0
2019-01-27,18,0,168,0.85,0.85,0.0,20.596808,0.0
2019-01-27,18,0,169,0.0,0.0,0.0,0.0,0.0
2019-01-27,18,0,170,1.86,1.86,0.0,45.070662,0.0
2019-01-27,18,0,172,2.37,2.37,0.0,53.446864,0.0
2019-01-27,18,0,173,3.62,3.62,0.0,81.636138,0.0
2019-01-27,18,0,188,3.21,3.21,0.0,74.393376,0.0
2019-01-27,18,0,190,3.12,3.12,0.0,93.002016,0.0
2019-01-27,18,0,191,8.06,8.06,0.0,240.255209,0.0
2019-01-27,18,0,192,111.29,111.29,0.0,3317.369999,0.0
2019-01-27,18,0,194,8.69,8.69,0.0,107.923913,0.0
2019-01-27,18,0,196,2.18,2.18,0.0,89.431146,0.0
2019-01-27,18,0,198,3.99,3.99,0.0,50.756499,0.0
2019-01-27,18,0,199,11.72,11.72,0.0,156.66363,0.0
2019-01-27,18,0,200,6.54,6.54,0.0,87.421514,0.0
2019-01-27,18,0,204,33.97,33.97,0.0,347.178787,0.0
2019-01-27,18,0,205,36.8,36.8,0.0,384.171956,0.0
2019-01-27,18,0,206,49.74,49.74,0.0,319.706739,0.0
2019-01-27,18,0,210,0.6,0.6,0.0,5.225165,0.0
2019-01-27,18,0,214,3.85,3.85,0.0,68.377652,0.0
2019-01-27,18,0,217,2.46,2.46,0.0,33.989566,0.0
2019-01-27,18,0,218,3.39,3.39,0.0,46.83928,0.0
2019-01-27,18,0,219,2.31,2.31,0.0,31.917032,0.0
2019-01-27,18,0,221,2.05,2.05,0.0,36.40888,0.0
2019-01-27,18,0,225,2.04,2.04,0.0,16.367882,0.0
2019-01-27,18,0,233,2.7,2.7,0.0,45.037215,0.0
2019-01-27,18,0,236,9.46,9.46,0.0,130.994092,0.0
2019-01-27,18,0,237,14.34,14.34,0.0,183.033958,0.0
2019-01-27,18,0,238,36.55,36.55,0.0,528.623923,0.0
2019-01-27,18,0,240,4.86,4.86,0.0,56.712477,0.0
2019-01-27,18,0,245,0.0,0.0,0.0,0.0,0.0
2019-01-27,18,0,247,5.62,5.62,0.0,85.01885,0.0
2019-01-27,18,0,248,1.44,1.44,0.0,18.379979,0.0
2019-01-27,18,0,249,0.0,0.0,0.0,0.0,0.0
2019-01-27,18,0,251,26.16,26.16,0.0,383.615541,0.0
2019-01-27,18,0,252,8.75,8.75,0.0,129.365974,0.0
2019-01-27,18,0,254,6.75,6.75,0.0,79.980946,0.0
2019-01-27,18,0,255,3.09,3.09,0.0,36.6135,0.0
2019-01-27,18,0,258,5.99,5.99,0.0,69.932412,0.0
2019-01-27,18,0,260,2.34,2.34,0.0,28.739292,0.0
2019-01-27,18,0,265,36.17,36.17,0.0,325.681868,0.0
2019-01-27,18,0,266,1.61,1.61,0.0,14.49676,0.0
2019-01-27,18,0,267,1.97,1.97,0.0,17.738271,0.0
2019-01-27,18,0,270,202.96,202.96,0.0,-10270.386278,0.0
2019-01-27,18,0,272,23.18,23.18,0.0,76.97008,0.0
2019-01-27,18,0,273,10.14,10.14,0.0,-513.11449,0.0
2019-01-27,18,0,274,261.64,261.64,0.0,-13239.770722,0.0
2019-01-27,18,0,275,364.21,364.21,0.0,-18430.121138,0.0
2019-01-27,18,0,276,2.35,2.35,0.0,-101.709657,0.0
2019-01-27,18,0,277,3.01,3.01,0.0,8.536588,0.0
2019-01-27,18,0,278,4.81,4.81,0.0,13.641524,0.0
2019-01-27,18,0,279,51.29,51.29,0.0,145.462319,0.0
2019-01-27,18,0,281,3.33,3.33,0.0,21.564064,0.0
2019-01-27,18,0,282,139.56,139.56,0.0,903.747991,0.0
2019-01-27,19,0,9,0.08,0.08,0.0,1.61846,0.0
2019-01-27,19,0,17,0.05,0.05,0.0,1.273286,0.0
2019-01-27,19,0,19,0.0,0.0,0.0,0.0,0.0
2019-01-27,19,0,20,0.0,0.0,0.0,0.0,0.0
2019-01-27,19,0,21,1.84,1.84,0.0,37.224585,0.0
2019-01-27,19,0,22,6.55,6.55,0.0,132.51143,0.0
2019-01-27,19,0,23,24.67,24.67,0.0,499.092669,0.0
2019-01-27,19,0,24,43.64,43.64,0.0,882.870047,0.0
2019-01-27,19,0,29,0.0,0.0,0.0,0.0,0.0
2019-01-27,19,0,30,25.93,25.93,0.0,524.080239,0.0
2019-01-27,19,0,31,2.66,2.66,0.0,53.762184,0.0
2019-01-27,19,0,32,0.0,0.0,0.0,0.0,0.0
2019-01-27,19,0,33,0.0,0.0,0.0,0.0,0.0
2019-01-27,19,0,34,0.0,0.0,0.0,0.0,0.0
2019-01-27,19,0,35,0.0,0.0,0.0,0.0,0.0
2019-01-27,19,0,36,0.03,0.03,0.0,0.663475,0.0
2019-01-27,19,0,37,0.01,0.01,0.0,0.219517,0.0
2019-01-27,19,0,38,0.02,0.02,0.0,0.439033,0.0
2019-01-27,19,0,39,0.01,0.01,0.0,0.219517,0.0
2019-01-27,19,0,40,0.01,0.01,0.0,0.219517,0.0
2019-01-27,19,0,41,1.11,1.11,0.0,23.765578,0.0
2019-01-27,19,0,42,1.68,1.68,0.0,42.184787,0.0
2019-01-27,19,0,43,0.0,0.0,0.0,0.0,0.0
2019-01-27,19,0,46,0.0,0.0,0.0,0.0,0.0
2019-01-27,19,0,52,2.82,2.82,0.0,56.996,0.0
2019-01-27,19,0,53,4.48,4.48,0.0,90.546836,0.0
2019-01-27,19,0,55,56.09,56.09,0.0,1134.742918,0.0
2019-01-27,19,0,56,7.65,7.65,0.0,154.616808,0.0
2019-01-27,19,0,57,7.28,7.28,0.0,147.138609,0.0
2019-01-27,19,0,58,13.99,13.99,0.0,282.756751,0.0
2019-01-27,19,0,59,13.76,13.76,0.0,278.108141,0.0
2019-01-27,19,0,63,40.87,40.87,0.0,1111.219334,0.0
2019-01-27,19,0,64,48.09,48.09,0.0,1307.524781,0.0
2019-01-27,19,0,65,1.3,1.3,0.0,33.019535,0.0
2019-01-27,19,0,67,8.17,8.17,0.0,101.002915,0.0
2019-01-27,19,0,68,3.41,3.41,0.0,53.166633,0.0
2019-01-27,19,0,69,0.0,0.0,0.0,0.0,0.0
2019-01-27,19,0,74,5.72,5.72,0.0,135.280297,0.0
2019-01-27,19,0,77,13.96,13.96,0.0,256.893888,0.0
2019-01-27,19,0,78,10.55,10.55,0.0,194.142587,0.0
2019-01-27,19,0,79,6.11,6.11,0.0,112.437081,0.0
2019-01-27,19,0,80,9.87,9.87,0.0,181.629131,0.0
2019-01-27,19,0,81,12.91,12.91,0.0,237.57164,0.0
2019-01-27,19,0,82,9.11,9.11,0.0,167.643504,0.0
2019-01-27,19,0,83,20.31,20.31,0.0,373.747483,0.0
2019-01-27,19,0,84,0.0,0.0,0.0,0.0,0.0
2019-01-27,19,0,86,0.0,0.0,0.0,0.0,0.0
2019-01-27,19,0,87,0.0,0.0,0.0,0.0,0.0
2019-01-27,19,0,88,12.2,12.2,0.0,224.50612,0.0
2019-01-27,19,0,89,11.72,11.72,0.0,215.673092,0.0
2019-01-27,19,0,90,15.74,15.74,0.0,289.649699,0.0
2019-01-27,19,0,91,56.15,56.15,0.0,1033.280215,0.0
2019-01-27,19,0,92,20.19,20.19,0.0,371.539226,0.0
2019-01-27,19,0,95,0.0,0.0,0.0,0.0,0.0
2019-01-27,19,0,96,3.87,3.87,0.0,78.139429,0.0
2019-01-27,19,0,97,23.77,23.77,0.0,479.941663,0.0
2019-01-27,19,0,99,1.1,1.1,0.0,26.015442,0.0
2019-01-27,19,0,101,0.52,0.52,0.0,10.509901,0.0
2019-01-27,19,0,102,9.75,9.75,0.0,152.016034,0.0
2019-01-27,19,0,103,8.18,8.18,0.0,127.537554,0.0
2019-01-27,19,0,104,1.17,1.17,0.0,18.241924,0.0
2019-01-27,19,0,106,6.45,6.45,0.0,130.488355,0.0
2019-01-27,19,0,109,3.82,3.82,0.0,83.184717,0.0
2019-01-27,19,0,110,204.53,204.53,0.0,506.264854,0.0
2019-01-27,19,0,111,0.51,0.51,0.0,10.919319,0.0
2019-01-27,19,0,113,10.57,10.57,0.0,197.200227,0.0
2019-01-27,19,0,115,10.57,10.57,0.0,197.200227,0.0
2019-01-27,19,0,116,0.04,0.04,0.0,0.09901,0.0
2019-01-27,19,0,117,0.7,0.7,0.0,13.059618,0.0
2019-01-27,19,0,119,48.09,48.09,0.0,1307.524781,0.0
2019-01-27,19,0,120,28.27,28.27,0.0,768.636422,0.0
2019-01-27,19,0,123,0.11,0.11,0.0,2.225383,0.0
2019-01-27,19,0,125,39.49,39.49,0.0,798.912423,0.0
2019-01-27,19,0,126,4.84,4.84,0.0,97.916843,0.0
2019-01-27,19,0,127,6.21,6.21,0.0,125.632974,0.0
2019-01-27,19,0,128,56.56,56.56,0.0,1144.251372,0.0
2019-01-27,19,0,131,7.31,7.31,0.0,120.276418,0.0
2019-01-27,19,0,132,10.74,10.74,0.0,176.712549,0.0
2019-01-27,19,0,133,0.0,0.0,0.0,0.0,0.0
2019-01-27,19,0,134,0.0,0.0,0.0,0.0,0.0
2019-01-27,19,0,135,0.0,0.0,0.0,0.0,0.0
2019-01-27,19,0,136,0.0,0.0,0.0,0.0,0.0
2019-01-27,19,0,139,1.43,1.43,0.0,30.616915,0.0
2019-01-27,19,0,140,151.37,151.37,0.0,374.680051,0.0
2019-01-27,19,0,141,133.08,133.08,0.0,1645.222519,0.0
2019-01-27,19,0,142,10.77,10.77,0.0,133.145826,0.0
2019-01-27,19,0,143,9.3,9.3,0.0,187.965531,0.0
2019-01-27,19,0,145,0.78,0.78,0.0,16.220348,0.0
2019-01-27,19,0,146,240.38,240.38,0.0,595.002912,0.0
2019-01-27,19,0,152,0.07,0.07,0.0,1.646572,0.0
2019-01-27,19,0,153,0.06,0.06,0.0,1.405999,0.0
2019-01-27,19,0,154,2.1,2.1,0.0,44.961903,0.0
2019-01-27,19,0,157,83.7,83.7,0.0,1034.75447,0.0
2019-01-27,19,0,158,8.36,8.36,0.0,103.35182,0.0
2019-01-27,19,0,159,0.0,0.0,0.0,0.0,0.0
2019-01-27,19,0,160,0.0,0.0,0.0,0.0,0.0
2019-01-27,19,0,161,0.85,0.85,0.0,13.25268,0.0
2019-01-27,19,0,162,0.0,0.0,0.0,0.0,0.0
2019-01-27,19,0,163,66.58,66.58,0.0,164.802787,0.0
2019-01-27,19,0,164,1.45,1.45,0.0,29.306454,0.0
2019-01-27,19,0,167,0.0,0.0,0.0,0.0,0.0
2019-01-27,19,0,168,0.0,0.0,0.0,0.0,0.0
2019-01-27,19,0,169,0.0,0.0,0.0,0.0,0.0
2019-01-27,19,0,170,0.0,0.0,0.0,0.0,0.0
2019-01-27,19,0,172,0.0,0.0,0.0,0.0,0.0
2019-01-27,19,0,173,0.0,0.0,0.0,0.0,0.0
2019-01-27,19,0,188,0.0,0.0,0.0,0.0,0.0
2019-01-27,19,0,190,0.0,0.0,0.0,0.0,0.0
2019-01-27,19,0,191,0.0,0.0,0.0,0.0,0.0
2019-01-27,19,0,192,116.78,116.78,0.0,3175.145434,0.0
2019-01-27,19,0,194,18.69,18.69,0.0,398.047245,0.0
2019-01-27,19,0,196,0.0,0.0,0.0,0.0,0.0
2019-01-27,19,0,198,0.0,0.0,0.0,0.0,0.0
2019-01-27,19,0,199,4.58,4.58,0.0,67.812209,0.0
2019-01-27,19,0,200,0.0,0.0,0.0,0.0,0.0
2019-01-27,19,0,204,19.05,19.05,0.0,411.922564,0.0
2019-01-27,19,0,205,20.22,20.22,0.0,440.31282,0.0
2019-01-27,19,0,206,69.85,69.85,0.0,1410.346032,0.0
2019-01-27,19,0,210,0.0,0.0,0.0,0.0,0.0
2019-01-27,19,0,214,0.0,0.0,0.0,0.0,0.0
2019-01-27,19,0,217,0.0,0.0,0.0,0.0,0.0
2019-01-27,19,0,218,0.0,0.0,0.0,0.0,0.0
2019-01-27,19,0,219,0.0,0.0,0.0,0.0,0.0
2019-01-27,19,0,221,0.0,0.0,0.0,0.0,0.0
2019-01-27,19,0,225,0.0,0.0,0.0,0.0,0.0
2019-01-27,19,0,233,0.0,0.0,0.0,0.0,0.0
2019-01-27,19,0,236,11.4,11.4,0.0,279.807434,0.0
2019-01-27,19,0,237,13.73,13.73,0.0,324.720015,0.0
2019-01-27,19,0,238,2.19,2.19,0.0,54.990883,0.0
2019-01-27,19,0,240,0.03,0.03,0.0,0.663475,0.0
2019-01-27,19,0,245,0.0,0.0,0.0,0.0,0.0
2019-01-27,19,0,247,5.26,5.26,0.0,135.227888,0.0
2019-01-27,19,0,248,1.38,1.38,0.0,32.637554,0.0
2019-01-27,19,0,249,0.0,0.0,0.0,0.0,0.0
2019-01-27,19,0,251,31.42,31.42,0.0,794.647855,0.0
2019-01-27,19,0,252,8.38,8.38,0.0,212.849001,0.0
2019-01-27,19,0,254,0.0,0.0,0.0,0.0,0.0
2019-01-27,19,0,255,0.0,0.0,0.0,0.0,0.0
2019-01-27,19,0,258,0.02,0.02,0.0,0.440715,0.0
2019-01-27,19,0,260,0.0,0.0,0.0,0.0,0.0
2019-01-27,19,0,265,2.17,2.17,0.0,46.460634,0.0
2019-01-27,19,0,266,0.92,0.92,0.0,19.697596,0.0
2019-01-27,19,0,267,1.14,1.14,0.0,24.40789,0.0
2019-01-27,19,0,270,207.94,207.94,0.0,514.705489,0.0
2019-01-27,19,0,272,35.33,35.33,0.0,659.137561,0.0
2019-01-27,19,0,273,0.01,0.01,0.0,0.024753,0.0
2019-01-27,19,0,274,268.06,268.06,0.0,663.518098,0.0
2019-01-27,19,0,275,373.14,373.14,0.0,923.618381,0.0
2019-01-27,19,0,276,0.02,0.02,0.0,0.093658,0.0
2019-01-27,19,0,277,0.04,0.04,0.0,0.742183,0.0
2019-01-27,19,0,278,0.06,0.06,0.0,1.113275,0.0
2019-01-27,19,0,279,68.35,68.35,0.0,1268.205631,0.0
2019-01-27,19,0,281,1.19,1.19,0.0,24.051503,0.0
2019-01-27,19,0,282,14.23,14.23,0.0,287.607474,0.0
2019-01-27,20,0,9,0.0,0.0,0.0,0.0,0.0
2019-01-27,20,0,17,0.0,0.0,0.0,0.0,0.0
2019-01-27,20,0,19,40.45,40.45,0.0,1039.851866,0.0
2019-01-27,20,0,20,49.06,49.06,0.0,1261.189926,0.0
2019-01-27,20,0,21,0.0,0.0,0.0,0.0,0.0
2019-01-27,20,0,22,0.0,0.0,0.0,0.0,0.0
2019-01-27,20,0,23,30.91,30.91,0.0,604.009805,0.0
2019-01-27,20,0,24,54.69,54.69,0.0,1068.692857,0.0
2019-01-27,20,0,29,0.0,0.0,0.0,0.0,0.0
2019-01-27,20,0,30,0.0,0.0,0.0,0.0,0.0
2019-01-27,20,0,31,3.72,3.72,0.0,72.601217,0.0
2019-01-27,20,0,32,0.0,0.0,0.0,0.0,0.0
2019-01-27,20,0,33,0.0,0.0,0.0,0.0,0.0
2019-01-27,20,0,34,0.0,0.0,0.0,0.0,0.0
2019-01-27,20,0,35,0.0,0.0,0.0,0.0,0.0
2019-01-27,20,0,36,0.0,0.0,0.0,0.0,0.0
2019-01-27,20,0,37,0.0,0.0,0.0,0.0,0.0
2019-01-27,20,0,38,0.0,0.0,0.0,0.0,0.0
2019-01-27,20,0,39,0.0,0.0,0.0,0.0,0.0
2019-01-27,20,0,40,0.0,0.0,0.0,0.0,0.0
2019-01-27,20,0,41,1.68,1.68,0.0,35.270604,0.0
2019-01-27,20,0,42,0.0,0.0,0.0,0.0,0.0
2019-01-27,20,0,43,0.0,0.0,0.0,0.0,0.0
2019-01-27,20,0,46,0.0,0.0,0.0,0.0,0.0
2019-01-27,20,0,52,3.95,3.95,0.0,77.090002,0.0
2019-01-27,20,0,53,6.27,6.27,0.0,122.36818,0.0
2019-01-27,20,0,55,61.0,61.0,0.0,1191.996056,0.0
2019-01-27,20,0,56,0.0,0.0,0.0,0.0,0.0
2019-01-27,20,0,57,0.0,0.0,0.0,0.0,0.0
2019-01-27,20,0,58,0.0,0.0,0.0,0.0,0.0
2019-01-27,20,0,59,0.0,0.0,0.0,0.0,0.0
2019-01-27,20,0,63,47.97,47.97,0.0,1304.262086,0.0
2019-01-27,20,0,64,56.43,56.43,0.0,1534.282042,0.0
2019-01-27,20,0,65,0.0,0.0,0.0,0.0,0.0
2019-01-27,20,0,67,0.0,0.0,0.0,0.0,0.0
2019-01-27,20,0,68,3.2,3.2,0.0,44.572974,0.0
2019-01-27,20,0,69,0.0,0.0,0.0,0.0,0.0
2019-01-27,20,0,74,0.0,0.0,0.0,0.0,0.0
2019-01-27,20,0,77,24.22,24.22,0.0,417.271567,0.0
2019-01-27,20,0,78,18.39,18.39,0.0,316.830062,0.0
2019-01-27,20,0,79,10.7,10.7,0.0,184.343756,0.0
2019-01-27,20,0,80,17.22,17.22,0.0,296.672848,0.0
2019-01-27,20,0,81,22.43,22.43,0.0,386.432751,0.0
2019-01-27,20,0,82,15.9,15.9,0.0,273.931375,0.0
2019-01-27,20,0,83,34.97,34.97,0.0,602.476742,0.0
2019-01-27,20,0,84,0.0,0.0,0.0,0.0,0.0
2019-01-27,20,0,86,0.0,0.0,0.0,0.0,0.0
2019-01-27,20,0,87,0.0,0.0,0.0,0.0,0.0
2019-01-27,20,0,88,27.89,27.89,0.0,480.499752,0.0
2019-01-27,20,0,89,26.82,26.82,0.0,462.065376,0.0
2019-01-27,20,0,90,35.98,35.98,0.0,619.877414,0.0
2019-01-27,20,0,91,128.1,128.1,0.0,2206.956551,0.0
2019-01-27,20,0,92,46.13,46.13,0.0,794.745556,0.0
2019-01-27,20,0,95,2.76,2.76,0.0,70.194277,0.0
2019-01-27,20,0,96,5.87,5.87,0.0,114.411526,0.0
2019-01-27,20,0,97,42.4,42.4,0.0,826.413746,0.0
2019-01-27,20,0,99,0.0,0.0,0.0,0.0,0.0
2019-01-27,20,0,101,0.0,0.0,0.0,0.0,0.0
2019-01-27,20,0,102,7.57,7.57,0.0,105.442942,0.0
2019-01-27,20,0,103,6.59,6.59,0.0,91.792469,0.0
2019-01-27,20,0,104,1.22,1.22,0.0,16.993446,0.0
2019-01-27,20,0,106,0.0,0.0,0.0,0.0,0.0
2019-01-27,20,0,109,0.0,0.0,0.0,0.0,0.0
2019-01-27,20,0,110,273.71,273.71,0.0,-386.638123,0.0
2019-01-27,20,0,111,0.0,0.0,0.0,0.0,0.0
2019-01-27,20,0,113,12.56,12.56,0.0,219.645829,0.0
2019-01-27,20,0,115,12.56,12.56,0.0,219.645829,0.0
2019-01-27,20,0,116,0.0,0.0,0.0,-0.0,0.0
2019-01-27,20,0,117,0.84,0.84,0.0,14.689689,0.0
2019-01-27,20,0,119,56.43,56.43,0.0,1534.282042,0.0
2019-01-27,20,0,120,33.18,33.18,0.0,902.135002,0.0
2019-01-27,20,0,123,0.0,0.0,0.0,0.0,0.0
2019-01-27,20,0,125,49.49,49.49,0.0,967.080079,0.0
2019-01-27,20,0,126,0.0,0.0,0.0,0.0,0.0
2019-01-27,20,0,127,0.0,0.0,0.0,0.0,0.0
2019-01-27,20,0,128,70.88,70.88,0.0,1385.060335,0.0
2019-01-27,20,0,131,8.79,8.79,0.0,131.302036,0.0
2019-01-27,20,0,132,12.92,12.92,0.0,192.994575,0.0
2019-01-27,20,0,133,0.0,0.0,0.0,0.0,0.0
2019-01-27,20,0,134,0.0,0.0,0.0,0.0,0.0
2019-01-27,20,0,135,0.0,0.0,0.0,0.0,0.0
2019-01-27,20,0,136,0.0,0.0,0.0,0.0,0.0
2019-01-27,20,0,139,2.25,2.25,0.0,47.237416,0.0
2019-01-27,20,0,140,202.58,202.58,0.0,-286.161086,0.0
2019-01-27,20,0,141,127.64,127.64,0.0,1295.862822,0.0
2019-01-27,20,0,142,0.0,0.0,0.0,0.0,0.0
2019-01-27,20,0,143,11.48,11.48,0.0,224.048917,0.0
2019-01-27,20,0,145,1.66,1.66,0.0,33.63461,0.0
2019-01-27,20,0,146,268.0,268.0,0.0,-378.572273,0.0
2019-01-27,20,0,152,0.0,0.0,0.0,0.0,0.0
2019-01-27,20,0,153,0.0,0.0,0.0,0.0,0.0
2019-01-27,20,0,154,0.0,0.0,0.0,0.0,0.0
2019-01-27,20,0,157,95.3,95.3,0.0,967.531549,0.0
2019-01-27,20,0,158,0.0,0.0,0.0,0.0,0.0
2019-01-27,20,0,159,0.0,0.0,0.0,0.0,0.0
2019-01-27,20,0,160,0.0,0.0,0.0,0.0,0.0
2019-01-27,20,0,161,0.0,0.0,0.0,0.0,0.0
2019-01-27,20,0,162,5.38,5.38,0.0,136.926874,0.0
2019-01-27,20,0,163,73.06,73.06,0.0,-103.203322,0.0
2019-01-27,20,0,164,0.0,0.0,0.0,0.0,0.0
2019-01-27,20,0,167,0.0,0.0,0.0,0.0,0.0
2019-01-27,20,0,168,0.0,0.0,0.0,0.0,0.0
2019-01-27,20,0,169,0.0,0.0,0.0,0.0,0.0
2019-01-27,20,0,170,0.0,0.0,0.0,0.0,0.0
2019-01-27,20,0,172,0.0,0.0,0.0,0.0,0.0
2019-01-27,20,0,173,0.0,0.0,0.0,0.0,0.0
2019-01-27,20,0,188,0.0,0.0,0.0,0.0,0.0
2019-01-27,20,0,190,0.0,0.0,0.0,0.0,0.0
2019-01-27,20,0,191,0.0,0.0,0.0,0.0,0.0
2019-01-27,20,0,192,122.74,122.74,0.0,3337.192589,0.0
2019-01-27,20,0,194,27.02,27.02,0.0,555.012723,0.0
2019-01-27,20,0,196,0.0,0.0,0.0,0.0,0.0
2019-01-27,20,0,198,0.0,0.0,0.0,0.0,0.0
2019-01-27,20,0,199,0.0,0.0,0.0,0.0,0.0
2019-01-27,20,0,200,0.0,0.0,0.0,0.0,0.0
2019-01-27,20,0,204,0.0,0.0,0.0,0.0,0.0
2019-01-27,20,0,205,0.0,0.0,0.0,0.0,0.0
2019-01-27,20,0,206,160.61,160.61,0.0,3130.431882,0.0
2019-01-27,20,0,210,0.0,0.0,0.0,0.0,0.0
2019-01-27,20,0,214,0.0,0.0,0.0,0.0,0.0
2019-01-27,20,0,217,0.0,0.0,0.0,0.0,0.0
2019-01-27,20,0,218,0.0,0.0,0.0,0.0,0.0
2019-01-27,20,0,219,0.0,0.0,0.0,0.0,0.0
2019-01-27,20,0,221,0.0,0.0,0.0,0.0,0.0
2019-01-27,20,0,225,0.0,0.0,0.0,0.0,0.0
2019-01-27,20,0,233,0.0,0.0,0.0,0.0,0.0
2019-01-27,20,0,236,0.0,0.0,0.0,0.0,0.0
2019-01-27,20,0,237,0.0,0.0,0.0,0.0,0.0
2019-01-27,20,0,238,0.0,0.0,0.0,0.0,0.0
2019-01-27,20,0,240,0.0,0.0,0.0,0.0,0.0
2019-01-27,20,0,245,0.0,0.0,0.0,0.0,0.0
2019-01-27,20,0,247,0.0,0.0,0.0,0.0,0.0
2019-01-27,20,0,248,0.0,0.0,0.0,0.0,0.0
2019-01-27,20,0,249,0.0,0.0,0.0,0.0,0.0
2019-01-27,20,0,251,0.0,0.0,0.0,0.0,0.0
2019-01-27,20,0,252,0.0,0.0,0.0,0.0,0.0
2019-01-27,20,0,254,0.0,0.0,0.0,0.0,0.0
2019-01-27,20,0,255,0.0,0.0,0.0,0.0,0.0
2019-01-27,20,0,258,0.0,0.0,0.0,0.0,0.0
2019-01-27,20,0,260,0.0,0.0,0.0,0.0,0.0
2019-01-27,20,0,265,0.0,0.0,0.0,0.0,0.0
2019-01-27,20,0,266,1.37,1.37,0.0,28.762338,0.0
2019-01-27,20,0,267,1.74,1.74,0.0,36.530268,0.0
2019-01-27,20,0,270,228.16,228.16,0.0,-322.294962,0.0
2019-01-27,20,0,272,41.96,41.96,0.0,733.784952,0.0
2019-01-27,20,0,273,0.0,0.0,0.0,-0.0,0.0
2019-01-27,20,0,274,294.13,294.13,0.0,-415.48307,0.0
2019-01-27,20,0,275,409.44,409.44,0.0,-578.368028,0.0
2019-01-27,20,0,276,0.0,0.0,0.0,0.0,0.0
2019-01-27,20,0,277,0.0,0.0,0.0,0.0,0.0
2019-01-27,20,0,278,0.0,0.0,0.0,0.0,0.0
2019-01-27,20,0,279,196.48,196.48,0.0,3415.559773,0.0
2019-01-27,20,0,281,1.67,1.67,0.0,32.592482,0.0
2019-01-27,20,0,282,0.0,0.0,0.0,0.0,0.0
2019-01-27,21,0,9,0.0,0.0,0.0,0.0,0.0
2019-01-27,21,0,17,0.0,0.0,0.0,0.0,0.0
2019-01-27,21,0,19,175.32,175.32,0.0,2785.428675,0.0
2019-01-27,21,0,20,212.62,212.62,0.0,3378.039271,0.0
2019-01-27,21,0,21,0.0,0.0,0.0,0.0,0.0
2019-01-27,21,0,22,0.0,0.0,0.0,0.0,0.0
2019-01-27,21,0,23,38.47,38.47,0.0,309.736535,0.0
2019-01-27,21,0,24,68.07,68.07,0.0,548.057341,0.0
2019-01-27,21,0,29,0.0,0.0,0.0,0.0,0.0
2019-01-27,21,0,30,0.0,0.0,0.0,0.0,0.0
2019-01-27,21,0,31,5.28,5.28,0.0,42.288875,0.0
2019-01-27,21,0,32,0.0,0.0,0.0,0.0,0.0
2019-01-27,21,0,33,0.0,0.0,0.0,0.0,0.0
2019-01-27,21,0,34,0.0,0.0,0.0,0.0,0.0
2019-01-27,21,0,35,0.0,0.0,0.0,0.0,0.0
2019-01-27,21,0,36,0.0,0.0,0.0,0.0,0.0
2019-01-27,21,0,37,0.0,0.0,0.0,0.0,0.0
2019-01-27,21,0,38,0.0,0.0,0.0,0.0,0.0
2019-01-27,21,0,39,0.0,0.0,0.0,0.0,0.0
2019-01-27,21,0,40,0.0,0.0,0.0,0.0,0.0
2019-01-27,21,0,41,6.4,6.4,0.0,66.163916,0.0
2019-01-27,21,0,42,0.0,0.0,0.0,0.0,0.0
2019-01-27,21,0,43,0.0,0.0,0.0,0.0,0.0
2019-01-27,21,0,46,0.0,0.0,0.0,0.0,0.0
2019-01-27,21,0,52,5.59,5.59,0.0,44.771745,0.0
2019-01-27,21,0,53,8.89,8.89,0.0,71.202292,0.0
2019-01-27,21,0,55,67.03,67.03,0.0,539.683907,0.0
2019-01-27,21,0,56,0.0,0.0,0.0,0.0,0.0
2019-01-27,21,0,57,0.0,0.0,0.0,0.0,0.0
2019-01-27,21,0,58,0.0,0.0,0.0,0.0,0.0
2019-01-27,21,0,59,0.0,0.0,0.0,0.0,0.0
2019-01-27,21,0,63,61.07,61.07,0.0,1660.439558,0.0
2019-01-27,21,0,64,71.85,71.85,0.0,1953.538272,0.0
2019-01-27,21,0,65,0.0,0.0,0.0,0.0,0.0
2019-01-27,21,0,67,0.0,0.0,0.0,-0.0,0.0
2019-01-27,21,0,68,3.75,3.75,0.0,-14.12403,0.0
2019-01-27,21,0,69,0.0,0.0,0.0,0.0,0.0
2019-01-27,21,0,74,0.0,0.0,0.0,0.0,0.0
2019-01-27,21,0,77,61.34,61.34,0.0,246.731699,0.0
2019-01-27,21,0,78,46.47,46.47,0.0,186.919172,0.0
2019-01-27,21,0,79,26.95,26.95,0.0,108.402662,0.0
2019-01-27,21,0,80,43.5,43.5,0.0,174.972757,0.0
2019-01-27,21,0,81,56.78,56.78,0.0,228.389727,0.0
2019-01-27,21,0,82,40.14,40.14,0.0,161.45762,0.0
2019-01-27,21,0,83,88.93,88.93,0.0,357.708672,0.0
2019-01-27,21,0,84,0.0,0.0,0.0,0.0,0.0
2019-01-27,21,0,86,0.0,0.0,0.0,0.0,0.0
2019-01-27,21,0,87,0.0,0.0,0.0,0.0,0.0
2019-01-27,21,0,88,62.17,62.17,0.0,250.070259,0.0
2019-01-27,21,0,89,59.76,59.76,0.0,240.376366,0.0
2019-01-27,21,0,90,80.24,80.24,0.0,322.754345,0.0
2019-01-27,21,0,91,286.25,286.25,0.0,1151.401186,0.0
2019-01-27,21,0,92,102.95,102.95,0.0,414.102191,0.0
2019-01-27,21,0,95,13.49,13.49,0.0,305.032057,0.0
2019-01-27,21,0,96,7.87,7.87,0.0,62.6864,0.0
2019-01-27,21,0,97,48.41,48.41,0.0,385.59703,0.0
2019-01-27,21,0,99,0.0,0.0,0.0,0.0,0.0
2019-01-27,21,0,101,0.0,0.0,0.0,0.0,0.0
2019-01-27,21,0,102,8.87,8.87,0.0,-33.40804,0.0
2019-01-27,21,0,103,7.72,7.72,0.0,-29.07667,0.0
2019-01-27,21,0,104,1.43,1.43,0.0,-5.385964,0.0
2019-01-27,21,0,106,0.0,0.0,0.0,0.0,0.0
2019-01-27,21,0,109,6.07,6.07,0.0,70.540439,0.0
2019-01-27,21,0,110,338.6,338.6,0.0,-13696.848882,0.0
2019-01-27,21,0,111,0.0,0.0,0.0,0.0,0.0
2019-01-27,21,0,113,28.98,28.98,0.0,144.115512,0.0
2019-01-27,21,0,115,28.98,28.98,0.0,144.115512,0.0
2019-01-27,21,0,116,0.0,0.0,0.0,-0.0,0.0
2019-01-27,21,0,117,1.95,1.95,0.0,9.697214,0.0
2019-01-27,21,0,119,71.85,71.85,0.0,1953.538272,0.0
2019-01-27,21,0,120,42.25,42.25,0.0,1148.74032,0.0
2019-01-27,21,0,123,0.0,0.0,0.0,0.0,0.0
2019-01-27,21,0,125,61.6,61.6,0.0,495.964922,0.0
2019-01-27,21,0,126,0.0,0.0,0.0,0.0,0.0
2019-01-27,21,0,127,0.0,0.0,0.0,0.0,0.0
2019-01-27,21,0,128,88.22,88.22,0.0,710.29262,0.0
2019-01-27,21,0,131,10.64,10.64,0.0,-14.413196,0.0
2019-01-27,21,0,132,15.64,15.64,0.0,-21.186314,0.0
2019-01-27,21,0,133,14.87,14.87,0.0,236.349953,0.0
2019-01-27,21,0,134,0.0,0.0,0.0,0.0,0.0
2019-01-27,21,0,135,19.33,19.33,0.0,307.239044,0.0
2019-01-27,21,0,136,1.55,1.55,0.0,24.509084,0.0
2019-01-27,21,0,139,8.44,8.44,0.0,87.253665,0.0
2019-01-27,21,0,140,250.6,250.6,0.0,-10137.124424,0.0
2019-01-27,21,0,141,123.25,123.25,0.0,-1577.226312,0.0
2019-01-27,21,0,142,0.0,0.0,0.0,-0.0,0.0
2019-01-27,21,0,143,14.42,14.42,0.0,115.493481,0.0
2019-01-27,21,0,145,4.77,4.77,0.0,44.607479,0.0
2019-01-27,21,0,146,268.0,268.0,0.0,-10840.979033,0.0
2019-01-27,21,0,152,0.0,0.0,0.0,0.0,0.0
2019-01-27,21,0,153,0.0,0.0,0.0,0.0,0.0
2019-01-27,21,0,154,0.0,0.0,0.0,0.0,0.0
2019-01-27,21,0,157,108.41,108.41,0.0,-1387.319306,0.0
2019-01-27,21,0,158,0.0,0.0,0.0,-0.0,0.0
2019-01-27,21,0,159,0.0,0.0,0.0,0.0,0.0
2019-01-27,21,0,160,0.0,0.0,0.0,0.0,0.0
2019-01-27,21,0,161,0.0,0.0,0.0,-0.0,0.0
2019-01-27,21,0,162,19.94,19.94,0.0,451.899305,0.0
2019-01-27,21,0,163,81.22,81.22,0.0,-3285.46387,0.0
2019-01-27,21,0,164,0.0,0.0,0.0,0.0,0.0
2019-01-27,21,0,167,0.0,0.0,0.0,0.0,0.0
2019-01-27,21,0,168,0.0,0.0,0.0,0.0,0.0
2019-01-27,21,0,169,0.0,0.0,0.0,0.0,0.0
2019-01-27,21,0,170,0.0,0.0,0.0,0.0,0.0
2019-01-27,21,0,172,0.0,0.0,0.0,0.0,0.0
2019-01-27,21,0,173,0.0,0.0,0.0,0.0,0.0
2019-01-27,21,0,188,0.0,0.0,0.0,0.0,0.0
2019-01-27,21,0,190,0.0,0.0,0.0,0.0,0.0
2019-01-27,21,0,191,0.0,0.0,0.0,0.0,0.0
2019-01-27,21,0,192,133.48,133.48,0.0,3629.203738,0.0
2019-01-27,21,0,194,44.78,44.78,0.0,563.412548,0.0
2019-01-27,21,0,196,0.0,0.0,0.0,0.0,0.0
2019-01-27,21,0,198,0.0,0.0,0.0,0.0,0.0
2019-01-27,21,0,199,0.0,0.0,0.0,0.0,0.0
2019-01-27,21,0,200,0.0,0.0,0.0,0.0,0.0
2019-01-27,21,0,204,55.89,55.89,0.0,637.880652,0.0
2019-01-27,21,0,205,28.18,28.18,0.0,327.484278,0.0
2019-01-27,21,0,206,142.25,142.25,0.0,1133.05469,0.0
2019-01-27,21,0,210,0.0,0.0,0.0,0.0,0.0
2019-01-27,21,0,214,0.0,0.0,0.0,0.0,0.0
2019-01-27,21,0,217,0.0,0.0,0.0,0.0,0.0
2019-01-27,21,0,218,0.0,0.0,0.0,0.0,0.0
2019-01-27,21,0,219,0.0,0.0,0.0,0.0,0.0
2019-01-27,21,0,221,0.0,0.0,0.0,0.0,0.0
2019-01-27,21,0,225,0.0,0.0,0.0,0.0,0.0
2019-01-27,21,0,233,0.0,0.0,0.0,0.0,0.0
2019-01-27,21,0,236,0.0,0.0,0.0,0.0,0.0
2019-01-27,21,0,237,0.0,0.0,0.0,0.0,0.0
2019-01-27,21,0,238,0.0,0.0,0.0,0.0,0.0
2019-01-27,21,0,240,0.0,0.0,0.0,0.0,0.0
2019-01-27,21,0,245,38.44,38.44,0.0,620.82225,0.0
2019-01-27,21,0,247,6.28,6.28,0.0,101.424655,0.0
2019-01-27,21,0,248,0.0,0.0,0.0,0.0,0.0
2019-01-27,21,0,249,73.92,73.92,0.0,1193.839248,0.0
2019-01-27,21,0,251,0.0,0.0,0.0,0.0,0.0
2019-01-27,21,0,252,0.0,0.0,0.0,0.0,0.0
2019-01-27,21,0,254,0.0,0.0,0.0,0.0,0.0
2019-01-27,21,0,255,0.0,0.0,0.0,0.0,0.0
2019-01-27,21,0,258,0.0,0.0,0.0,0.0,0.0
2019-01-27,21,0,260,0.0,0.0,0.0,0.0,0.0
2019-01-27,21,0,265,0.0,0.0,0.0,0.0,0.0
2019-01-27,21,0,266,5.28,5.28,0.0,54.585231,0.0
2019-01-27,21,0,267,6.6,6.6,0.0,68.231539,0.0
2019-01-27,21,0,270,253.66,253.66,0.0,-10260.905752,0.0
2019-01-27,21,0,272,96.79,96.79,0.0,481.329896,0.0
2019-01-27,21,0,273,0.0,0.0,0.0,-0.0,0.0
2019-01-27,21,0,274,327.0,327.0,0.0,-13227.612476,0.0
2019-01-27,21,0,275,455.19,455.19,0.0,-18413.079276,0.0
2019-01-27,21,0,276,0.0,0.0,0.0,-0.0,0.0
2019-01-27,21,0,277,0.0,0.0,0.0,0.0,0.0
2019-01-27,21,0,278,0.0,0.0,0.0,0.0,0.0
2019-01-27,21,0,279,231.3,231.3,0.0,1062.090753,0.0
2019-01-27,21,0,281,2.37,2.37,0.0,18.981938,0.0
2019-01-27,21,0,282,0.0,0.0,0.0,0.0,0.0
2019-01-27,22,0,9,0.0,0.0,0.0,0.0,0.0
2019-01-27,22,0,17,0.0,0.0,0.0,0.0,0.0
2019-01-27,22,0,19,471.96,471.96,0.0,5007.730482,0.0
2019-01-27,22,0,20,572.4,572.4,0.0,6073.448868,0.0
2019-01-27,22,0,21,0.0,0.0,0.0,0.0,0.0
2019-01-27,22,0,22,0.0,0.0,0.0,0.0,0.0
2019-01-27,22,0,23,47.58,47.58,0.0,198.582956,0.0
2019-01-27,22,0,24,84.19,84.19,0.0,351.380812,0.0
2019-01-27,22,0,29,0.0,0.0,0.0,0.0,0.0
2019-01-27,22,0,30,0.0,0.0,0.0,0.0,0.0
2019-01-27,22,0,31,7.32,7.32,0.0,30.275154,0.0
2019-01-27,22,0,32,0.0,0.0,0.0,0.0,0.0
2019-01-27,22,0,33,0.0,0.0,0.0,0.0,0.0
2019-01-27,22,0,34,0.0,0.0,0.0,0.0,0.0
2019-01-27,22,0,35,0.0,0.0,0.0,0.0,0.0
2019-01-27,22,0,36,0.0,0.0,0.0,0.0,0.0
2019-01-27,22,0,37,0.0,0.0,0.0,0.0,0.0
2019-01-27,22,0,38,0.0,0.0,0.0,0.0,0.0
2019-01-27,22,0,39,0.0,0.0,0.0,0.0,0.0
2019-01-27,22,0,40,0.0,0.0,0.0,0.0,0.0
2019-01-27,22,0,41,16.47,16.47,0.0,101.720631,0.0
2019-01-27,22,0,42,0.0,0.0,0.0,0.0,0.0
2019-01-27,22,0,43,0.0,0.0,0.0,0.0,0.0
2019-01-27,22,0,46,0.0,0.0,0.0,0.0,0.0
2019-01-27,22,0,52,7.76,7.76,0.0,32.094972,0.0
2019-01-27,22,0,53,12.33,12.33,0.0,50.996263,0.0
2019-01-27,22,0,55,141.48,141.48,0.0,590.49005,0.0
2019-01-27,22,0,56,0.0,0.0,0.0,0.0,0.0
2019-01-27,22,0,57,0.0,0.0,0.0,0.0,0.0
2019-01-27,22,0,58,0.0,0.0,0.0,0.0,0.0
2019-01-27,22,0,59,0.0,0.0,0.0,0.0,0.0
2019-01-27,22,0,63,81.36,81.36,0.0,2212.106803,0.0
2019-01-27,22,0,64,95.72,95.72,0.0,2602.542566,0.0
2019-01-27,22,0,65,3.99,3.99,0.0,42.12783,0.0
2019-01-27,22,0,67,0.0,0.0,0.0,-0.0,0.0
2019-01-27,22,0,68,4.39,4.39,0.0,-35.773123,0.0
2019-01-27,22,0,69,0.0,0.0,0.0,0.0,0.0
2019-01-27,22,0,74,0.0,0.0,0.0,0.0,0.0
2019-01-27,22,0,77,89.36,89.36,0.0,49.720479,0.0
2019-01-27,22,0,78,67.56,67.56,0.0,37.590819,0.0
2019-01-27,22,0,79,39.1,39.1,0.0,21.755492,0.0
2019-01-27,22,0,80,63.22,63.22,0.0,35.176015,0.0
2019-01-27,22,0,81,82.66,82.66,0.0,45.992556,0.0
2019-01-27,22,0,82,58.31,58.31,0.0,32.444059,0.0
2019-01-27,22,0,83,130.02,130.02,0.0,72.343964,0.0
2019-01-27,22,0,84,0.0,0.0,0.0,0.0,0.0
2019-01-27,22,0,86,0.0,0.0,0.0,0.0,0.0
2019-01-27,22,0,87,0.0,0.0,0.0,0.0,0.0
2019-01-27,22,0,88,78.6,78.6,0.0,43.733546,0.0
2019-01-27,22,0,89,75.56,75.56,0.0,42.04207,0.0
2019-01-27,22,0,90,101.46,101.46,0.0,56.452997,0.0
2019-01-27,22,0,91,361.92,361.92,0.0,201.374616,0.0
2019-01-27,22,0,92,130.16,130.16,0.0,72.421861,0.0
2019-01-27,22,0,95,42.77,42.77,0.0,943.600955,0.0
2019-01-27,22,0,96,11.0,11.0,0.0,45.06188,0.0
2019-01-27,22,0,97,67.64,67.64,0.0,277.089598,0.0
2019-01-27,22,0,99,0.0,0.0,0.0,0.0,0.0
2019-01-27,22,0,101,0.0,0.0,0.0,0.0,0.0
2019-01-27,22,0,102,10.39,10.39,0.0,-84.665774,0.0
2019-01-27,22,0,103,9.03,9.03,0.0,-73.583439,0.0
2019-01-27,22,0,104,1.68,1.68,0.0,-13.689942,0.0
2019-01-27,22,0,106,0.0,0.0,0.0,0.0,0.0
2019-01-27,22,0,109,56.24,56.24,0.0,416.474626,0.0
2019-01-27,22,0,110,338.6,338.6,0.0,-16740.400746,0.0
2019-01-27,22,0,111,0.0,0.0,0.0,0.0,0.0
2019-01-27,22,0,113,64.48,64.48,0.0,117.903701,0.0
2019-01-27,22,0,115,64.48,64.48,0.0,117.903701,0.0
2019-01-27,22,0,116,0.0,0.0,0.0,-0.0,0.0
2019-01-27,22,0,117,4.3,4.3,0.0,7.862685,0.0
2019-01-27,22,0,119,95.72,95.72,0.0,2602.542566,0.0
2019-01-27,22,0,120,56.28,56.28,0.0,1530.203674,0.0
2019-01-27,22,0,123,0.0,0.0,0.0,0.0,0.0
2019-01-27,22,0,125,76.19,76.19,0.0,317.991496,0.0
2019-01-27,22,0,126,0.0,0.0,0.0,0.0,0.0
2019-01-27,22,0,127,0.0,0.0,0.0,0.0,0.0
2019-01-27,22,0,128,109.12,109.12,0.0,455.430267,0.0
2019-01-27,22,0,131,12.87,12.87,0.0,-69.937647,0.0
2019-01-27,22,0,132,18.92,18.92,0.0,-102.814318,0.0
2019-01-27,22,0,133,88.15,88.15,0.0,935.748431,0.0
2019-01-27,22,0,134,0.0,0.0,0.0,0.0,0.0
2019-01-27,22,0,135,118.12,118.12,0.0,1253.892282,0.0
2019-01-27,22,0,136,5.55,5.55,0.0,58.582974,0.0
2019-01-27,22,0,139,21.26,21.26,0.0,131.304227,0.0
2019-01-27,22,0,140,250.6,250.6,0.0,-12389.676394,0.0
2019-01-27,22,0,141,119.15,119.15,0.0,-2182.02213,0.0
2019-01-27,22,0,142,0.0,0.0,0.0,-0.0,0.0
2019-01-27,22,0,143,18.34,18.34,0.0,75.853322,0.0
2019-01-27,22,0,145,28.55,28.55,0.0,152.748114,0.0
2019-01-27,22,0,146,268.0,268.0,0.0,-13249.933255,0.0
2019-01-27,22,0,152,0.0,0.0,0.0,0.0,0.0
2019-01-27,22,0,153,0.0,0.0,0.0,0.0,0.0
2019-01-27,22,0,154,0.0,0.0,0.0,0.0,0.0
2019-01-27,22,0,157,122.22,122.22,0.0,-2238.243767,0.0
2019-01-27,22,0,158,0.0,0.0,0.0,-0.0,0.0
2019-01-27,22,0,159,0.0,0.0,0.0,0.0,0.0
2019-01-27,22,0,160,0.0,0.0,0.0,0.0,0.0
2019-01-27,22,0,161,0.0,0.0,0.0,-0.0,0.0
2019-01-27,22,0,162,31.57,31.57,0.0,698.306352,0.0
2019-01-27,22,0,163,91.17,91.17,0.0,-4507.449309,0.0
2019-01-27,22,0,164,0.0,0.0,0.0,0.0,0.0
2019-01-27,22,0,167,0.0,0.0,0.0,0.0,0.0
2019-01-27,22,0,168,0.0,0.0,0.0,0.0,0.0
2019-01-27,22,0,169,0.0,0.0,0.0,0.0,0.0
2019-01-27,22,0,170,0.0,0.0,0.0,0.0,0.0
2019-01-27,22,0,172,0.0,0.0,0.0,0.0,0.0
2019-01-27,22,0,173,0.0,0.0,0.0,0.0,0.0
2019-01-27,22,0,188,0.0,0.0,0.0,0.0,0.0
2019-01-27,22,0,190,0.0,0.0,0.0,0.0,0.0
2019-01-27,22,0,191,0.0,0.0,0.0,0.0,0.0
2019-01-27,22,0,192,147.54,147.54,0.0,4011.482765,0.0
2019-01-27,22,0,194,75.82,75.82,0.0,802.284466,0.0
2019-01-27,22,0,196,0.0,0.0,0.0,0.0,0.0
2019-01-27,22,0,198,0.0,0.0,0.0,0.0,0.0
2019-01-27,22,0,199,14.5,14.5,0.0,174.195731,0.0
2019-01-27,22,0,200,0.0,0.0,0.0,0.0,0.0
2019-01-27,22,0,204,279.13,279.13,0.0,2020.735097,0.0
2019-01-27,22,0,205,279.79,279.79,0.0,2071.931643,0.0
2019-01-27,22,0,206,198.75,198.75,0.0,814.186244,0.0
2019-01-27,22,0,210,0.0,0.0,0.0,0.0,0.0
2019-01-27,22,0,214,0.0,0.0,0.0,0.0,0.0
2019-01-27,22,0,217,0.0,0.0,0.0,0.0,0.0
2019-01-27,22,0,218,0.0,0.0,0.0,0.0,0.0
2019-01-27,22,0,219,0.0,0.0,0.0,0.0,0.0
2019-01-27,22,0,221,0.0,0.0,0.0,0.0,0.0
2019-01-27,22,0,225,0.0,0.0,0.0,0.0,0.0
2019-01-27,22,0,233,0.0,0.0,0.0,0.0,0.0
2019-01-27,22,0,236,5.63,5.63,0.0,55.706654,0.0
2019-01-27,22,0,237,0.0,0.0,0.0,0.0,0.0
2019-01-27,22,0,238,0.0,0.0,0.0,0.0,0.0
2019-01-27,22,0,240,0.0,0.0,0.0,0.0,0.0
2019-01-27,22,0,245,182.04,182.04,0.0,1966.441076,0.0
2019-01-27,22,0,247,46.59,46.59,0.0,503.276696,0.0
2019-01-27,22,0,248,0.0,0.0,0.0,0.0,0.0
2019-01-27,22,0,249,350.07,350.07,0.0,3781.542668,0.0
2019-01-27,22,0,251,51.14,51.14,0.0,535.575994,0.0
2019-01-27,22,0,252,25.75,25.75,0.0,271.877602,0.0
2019-01-27,22,0,254,0.0,0.0,0.0,0.0,0.0
2019-01-27,22,0,255,0.0,0.0,0.0,0.0,0.0
2019-01-27,22,0,258,0.0,0.0,0.0,0.0,0.0
2019-01-27,22,0,260,0.0,0.0,0.0,0.0,0.0
2019-01-27,22,0,265,0.0,0.0,0.0,0.0,0.0
2019-01-27,22,0,266,13.77,13.77,0.0,85.045118,0.0
2019-01-27,22,0,267,16.92,16.92,0.0,104.499883,0.0
2019-01-27,22,0,270,284.71,284.71,0.0,-14076.076481,0.0
2019-01-27,22,0,272,215.51,215.51,0.0,394.066789,0.0
2019-01-27,22,0,273,0.0,0.0,0.0,-0.0,0.0
2019-01-27,22,0,274,367.02,367.02,0.0,-18145.486952,0.0
2019-01-27,22,0,275,510.9,510.9,0.0,-25258.921268,0.0
2019-01-27,22,0,276,0.0,0.0,0.0,-0.0,0.0
2019-01-27,22,0,277,0.0,0.0,0.0,0.0,0.0
2019-01-27,22,0,278,0.0,0.0,0.0,0.0,0.0
2019-01-27,22,0,279,112.07,112.07,0.0,147.766081,0.0
2019-01-27,22,0,281,3.29,3.29,0.0,13.607275,0.0
2019-01-27,22,0,282,0.0,0.0,0.0,0.0,0.0
2019-01-27,23,0,9,0.0,0.0,0.0,0.0,0.0
2019-01-27,23,0,17,0.0,0.0,0.0,0.0,0.0
2019-01-27,23,0,19,426.47,426.47,0.0,5897.964897,0.0
2019-01-27,23,0,20,517.23,517.23,0.0,7153.15118,0.0
2019-01-27,23,0,21,0.0,0.0,0.0,0.0,0.0
2019-01-27,23,0,22,0.0,0.0,0.0,0.0,0.0
2019-01-27,23,0,23,51.62,51.62,0.0,267.702498,0.0
2019-01-27,23,0,24,91.34,91.34,0.0,473.691325,0.0
2019-01-27,23,0,29,0.0,0.0,0.0,0.0,0.0
2019-01-27,23,0,30,0.0,0.0,0.0,0.0,0.0
2019-01-27,23,0,31,8.11,8.11,0.0,41.673301,0.0
2019-01-27,23,0,32,0.0,0.0,0.0,0.0,0.0
2019-01-27,23,0,33,0.0,0.0,0.0,0.0,0.0
2019-01-27,23,0,34,0.0,0.0,0.0,0.0,0.0
2019-01-27,23,0,35,0.0,0.0,0.0,0.0,0.0
2019-01-27,23,0,36,0.0,0.0,0.0,0.0,0.0
2019-01-27,23,0,37,0.0,0.0,0.0,0.0,0.0
2019-01-27,23,0,38,0.0,0.0,0.0,0.0,0.0
2019-01-27,23,0,39,0.0,0.0,0.0,0.0,0.0
2019-01-27,23,0,40,0.0,0.0,0.0,0.0,0.0
2019-01-27,23,0,41,23.18,23.18,0.0,179.652133,0.0
2019-01-27,23,0,42,0.0,0.0,0.0,0.0,0.0
2019-01-27,23,0,43,0.0,0.0,0.0,0.0,0.0
2019-01-27,23,0,46,0.0,0.0,0.0,0.0,0.0
2019-01-27,23,0,52,8.59,8.59,0.0,44.139785,0.0
2019-01-27,23,0,53,13.65,13.65,0.0,70.140636,0.0
2019-01-27,23,0,55,255.97,255.97,0.0,1327.466264,0.0
2019-01-27,23,0,56,0.0,0.0,0.0,0.0,0.0
2019-01-27,23,0,57,0.0,0.0,0.0,0.0,0.0
2019-01-27,23,0,58,0.0,0.0,0.0,0.0,0.0
2019-01-27,23,0,59,0.0,0.0,0.0,0.0,0.0
2019-01-27,23,0,63,93.34,93.34,0.0,2684.567804,0.0
2019-01-27,23,0,64,109.82,109.82,0.0,3158.551921,0.0
2019-01-27,23,0,65,4.38,4.38,0.0,60.238714,0.0
2019-01-27,23,0,67,0.0,0.0,0.0,-0.0,0.0
2019-01-27,23,0,68,4.63,4.63,0.0,-40.434778,0.0
2019-01-27,23,0,69,0.0,0.0,0.0,0.0,0.0
2019-01-27,23,0,74,1.32,1.32,0.0,15.372093,0.0
2019-01-27,23,0,77,105.55,105.55,0.0,67.326834,0.0
2019-01-27,23,0,78,79.8,79.8,0.0,50.901766,0.0
2019-01-27,23,0,79,46.18,46.18,0.0,29.456686,0.0
2019-01-27,23,0,80,74.68,74.68,0.0,47.635888,0.0
2019-01-27,23,0,81,97.64,97.64,0.0,62.281309,0.0
2019-01-27,23,0,82,68.87,68.87,0.0,43.929882,0.0
2019-01-27,23,0,83,153.58,153.58,0.0,97.963574,0.0
2019-01-27,23,0,84,0.0,0.0,0.0,0.0,0.0
2019-01-27,23,0,86,0.0,0.0,0.0,0.0,0.0
2019-01-27,23,0,87,0.0,0.0,0.0,0.0,0.0
2019-01-27,23,0,88,91.66,91.66,0.0,58.466865,0.0
2019-01-27,23,0,89,88.11,88.11,0.0,56.202438,0.0
2019-01-27,23,0,90,118.31,118.31,0.0,75.466014,0.0
2019-01-27,23,0,91,422.02,422.02,0.0,269.192522,0.0
2019-01-27,23,0,92,151.78,151.78,0.0,96.815414,0.0
2019-01-27,23,0,95,44.44,44.44,0.0,1033.237194,0.0
2019-01-27,23,0,96,11.84,11.84,0.0,60.251991,0.0
2019-01-27,23,0,97,72.82,72.82,0.0,370.570103,0.0
2019-01-27,23,0,99,0.25,0.25,0.0,2.911381,0.0
2019-01-27,23,0,101,0.0,0.0,0.0,0.0,0.0
2019-01-27,23,0,102,10.97,10.97,0.0,-95.803351,0.0
2019-01-27,23,0,103,9.54,9.54,0.0,-83.314856,0.0
2019-01-27,23,0,104,1.77,1.77,0.0,-15.457788,0.0
2019-01-27,23,0,106,0.0,0.0,0.0,0.0,0.0
2019-01-27,23,0,109,70.63,70.63,0.0,651.546988,0.0
2019-01-27,23,0,110,338.6,338.6,0.0,-17935.262994,0.0
2019-01-27,23,0,111,0.0,0.0,0.0,0.0,0.0
2019-01-27,23,0,113,69.71,69.71,0.0,129.13221,0.0
2019-01-27,23,0,115,69.71,69.71,0.0,129.13221,0.0
2019-01-27,23,0,116,0.0,0.0,0.0,-0.0,0.0
2019-01-27,23,0,117,4.65,4.65,0.0,8.613754,0.0
2019-01-27,23,0,119,109.82,109.82,0.0,3158.551921,0.0
2019-01-27,23,0,120,64.57,64.57,0.0,1857.108883,0.0
2019-01-27,23,0,123,0.0,0.0,0.0,0.0,0.0
2019-01-27,23,0,125,82.65,82.65,0.0,428.624787,0.0
2019-01-27,23,0,126,0.0,0.0,0.0,0.0,0.0
2019-01-27,23,0,127,0.0,0.0,0.0,0.0,0.0
2019-01-27,23,0,128,118.38,118.38,0.0,613.921383,0.0
2019-01-27,23,0,131,13.85,13.85,0.0,-80.676602,0.0
2019-01-27,23,0,132,20.36,20.36,0.0,-118.597518,0.0
2019-01-27,23,0,133,76.46,76.46,0.0,1057.97294,0.0
2019-01-27,23,0,134,0.0,0.0,0.0,0.0,0.0
2019-01-27,23,0,135,102.45,102.45,0.0,1417.595183,0.0
2019-01-27,23,0,136,5.3,5.3,0.0,72.869307,0.0
2019-01-27,23,0,139,29.94,29.94,0.0,232.044213,0.0
2019-01-27,23,0,140,250.6,250.6,0.0,-13274.001495,0.0
2019-01-27,23,0,141,135.87,135.87,0.0,-2666.106478,0.0
2019-01-27,23,0,142,0.0,0.0,0.0,-0.0,0.0
2019-01-27,23,0,143,18.92,18.92,0.0,97.220574,0.0
2019-01-27,23,0,145,11.74,11.74,0.0,78.152527,0.0
2019-01-27,23,0,146,268.0,268.0,0.0,-14195.660019,0.0
2019-01-27,23,0,152,0.0,0.0,0.0,0.0,0.0
2019-01-27,23,0,153,0.0,0.0,0.0,0.0,0.0
2019-01-27,23,0,154,0.0,0.0,0.0,0.0,0.0
2019-01-27,23,0,157,118.46,118.46,0.0,-2324.479086,0.0
2019-01-27,23,0,158,0.0,0.0,0.0,-0.0,0.0
2019-01-27,23,0,159,0.0,0.0,0.0,0.0,0.0
2019-01-27,23,0,160,0.0,0.0,0.0,0.0,0.0
2019-01-27,23,0,161,0.0,0.0,0.0,-0.0,0.0
2019-01-27,23,0,162,15.87,15.87,0.0,369.957435,0.0
2019-01-27,23,0,163,93.22,93.22,0.0,-4937.759056,0.0
2019-01-27,23,0,164,0.0,0.0,0.0,0.0,0.0
2019-01-27,23,0,167,0.0,0.0,0.0,0.0,0.0
2019-01-27,23,0,168,0.0,0.0,0.0,0.0,0.0
2019-01-27,23,0,169,0.0,0.0,0.0,0.0,0.0
2019-01-27,23,0,170,0.0,0.0,0.0,0.0,0.0
2019-01-27,23,0,172,0.0,0.0,0.0,0.0,0.0
2019-01-27,23,0,173,0.0,0.0,0.0,0.0,0.0
2019-01-27,23,0,188,0.0,0.0,0.0,0.0,0.0
2019-01-27,23,0,190,0.0,0.0,0.0,0.0,0.0
2019-01-27,23,0,191,0.0,0.0,0.0,0.0,0.0
2019-01-27,23,0,192,142.95,142.95,0.0,4111.409552,0.0
2019-01-27,23,0,194,89.53,89.53,0.0,992.988444,0.0
2019-01-27,23,0,196,0.0,0.0,0.0,0.0,0.0
2019-01-27,23,0,198,0.0,0.0,0.0,0.0,0.0
2019-01-27,23,0,199,16.34,16.34,0.0,195.993026,0.0
2019-01-27,23,0,200,0.0,0.0,0.0,0.0,0.0
2019-01-27,23,0,204,301.86,301.86,0.0,2715.840488,0.0
2019-01-27,23,0,205,373.61,373.61,0.0,3446.474161,0.0
2019-01-27,23,0,206,213.99,213.99,0.0,1088.963147,0.0
2019-01-27,23,0,210,0.0,0.0,0.0,0.0,0.0
2019-01-27,23,0,214,0.0,0.0,0.0,0.0,0.0
2019-01-27,23,0,217,0.0,0.0,0.0,0.0,0.0
2019-01-27,23,0,218,0.0,0.0,0.0,0.0,0.0
2019-01-27,23,0,219,0.0,0.0,0.0,0.0,0.0
2019-01-27,23,0,221,0.0,0.0,0.0,0.0,0.0
2019-01-27,23,0,225,0.0,0.0,0.0,0.0,0.0
2019-01-27,23,0,233,0.0,0.0,0.0,0.0,0.0
2019-01-27,23,0,236,7.44,7.44,0.0,95.040201,0.0
2019-01-27,23,0,237,3.16,3.16,0.0,36.79986,0.0
2019-01-27,23,0,238,0.0,0.0,0.0,0.0,0.0
2019-01-27,23,0,240,0.0,0.0,0.0,0.0,0.0
2019-01-27,23,0,245,156.57,156.57,0.0,2209.422862,0.0
2019-01-27,23,0,247,41.12,41.12,0.0,580.261021,0.0
2019-01-27,23,0,248,0.32,0.32,0.0,3.726568,0.0
2019-01-27,23,0,249,301.1,301.1,0.0,4248.944394,0.0
2019-01-27,23,0,251,32.62,32.62,0.0,444.524762,0.0
2019-01-27,23,0,252,28.24,28.24,0.0,388.388421,0.0
2019-01-27,23,0,254,0.0,0.0,0.0,0.0,0.0
2019-01-27,23,0,255,0.0,0.0,0.0,0.0,0.0
2019-01-27,23,0,258,0.0,0.0,0.0,0.0,0.0
2019-01-27,23,0,260,0.0,0.0,0.0,0.0,0.0
2019-01-27,23,0,265,0.0,0.0,0.0,0.0,0.0
2019-01-27,23,0,266,19.39,19.39,0.0,150.278467,0.0
2019-01-27,23,0,267,23.82,23.82,0.0,184.61233,0.0
2019-01-27,23,0,270,291.14,291.14,0.0,-15421.359918,0.0
2019-01-27,23,0,272,232.99,232.99,0.0,431.595376,0.0
2019-01-27,23,0,273,0.0,0.0,0.0,-0.0,0.0
2019-01-27,23,0,274,375.31,375.31,0.0,-19879.750604,0.0
2019-01-27,23,0,275,522.44,522.44,0.0,-27673.062016,0.0
2019-01-27,23,0,276,0.0,0.0,0.0,-0.0,0.0
2019-01-27,23,0,277,0.0,0.0,0.0,0.0,0.0
2019-01-27,23,0,278,0.0,0.0,0.0,0.0,0.0
2019-01-27,23,0,279,120.22,120.22,0.0,164.158739,0.0
2019-01-27,23,0,281,3.64,3.64,0.0,18.70417,0.0
2019-01-27,23,0,282,0.0,0.0,0.0,0.0,0.0
2019-01-28,0,0,9,0.0,0.0,0.0,0.0,0.0
2019-01-28,0,0,17,0.0,0.0,0.0,0.0,0.0
2019-01-28,0,0,19,389.03,389.03,0.0,3413.729393,0.0
2019-01-28,0,0,20,471.82,471.82,0.0,4140.209759,0.0
2019-01-28,0,0,21,0.0,0.0,0.0,0.0,0.0
2019-01-28,0,0,22,0.0,0.0,0.0,0.0,0.0
2019-01-28,0,0,23,55.86,55.86,0.0,327.153552,0.0
2019-01-28,0,0,24,98.83,98.83,0.0,578.814635,0.0
2019-01-28,0,0,29,0.0,0.0,0.0,0.0,0.0
2019-01-28,0,0,30,0.0,0.0,0.0,0.0,0.0
2019-01-28,0,0,31,9.17,9.17,0.0,53.535955,0.0
2019-01-28,0,0,32,0.0,0.0,0.0,0.0,0.0
2019-01-28,0,0,33,0.0,0.0,0.0,0.0,0.0
2019-01-28,0,0,34,0.0,0.0,0.0,0.0,0.0
2019-01-28,0,0,35,0.0,0.0,0.0,0.0,0.0
2019-01-28,0,0,36,0.0,0.0,0.0,0.0,0.0
2019-01-28,0,0,37,0.0,0.0,0.0,0.0,0.0
2019-01-28,0,0,38,0.0,0.0,0.0,0.0,0.0
2019-01-28,0,0,39,0.0,0.0,0.0,0.0,0.0
2019-01-28,0,0,40,0.0,0.0,0.0,0.0,0.0
2019-01-28,0,0,41,32.41,32.41,0.0,221.055857,0.0
2019-01-28,0,0,42,0.0,0.0,0.0,0.0,0.0
2019-01-28,0,0,43,0.0,0.0,0.0,0.0,0.0
2019-01-28,0,0,46,0.0,0.0,0.0,0.0,0.0
2019-01-28,0,0,52,9.72,9.72,0.0,56.746945,0.0
2019-01-28,0,0,53,15.45,15.45,0.0,90.199619,0.0
2019-01-28,0,0,55,266.24,266.24,0.0,1559.279656,0.0
2019-01-28,0,0,56,0.0,0.0,0.0,0.0,0.0
2019-01-28,0,0,57,0.0,0.0,0.0,0.0,0.0
2019-01-28,0,0,58,0.0,0.0,0.0,0.0,0.0
2019-01-28,0,0,59,0.0,0.0,0.0,0.0,0.0
2019-01-28,0,0,63,107.12,107.12,0.0,3193.069227,0.0
2019-01-28,0,0,64,126.02,126.02,0.0,3756.446826,0.0
2019-01-28,0,0,65,5.0,5.0,0.0,43.771467,0.0
2019-01-28,0,0,67,0.0,0.0,0.0,-0.0,0.0
2019-01-28,0,0,68,4.88,4.88,0.0,-131.353147,0.0
2019-01-28,0,0,69,0.0,0.0,0.0,0.0,0.0
2019-01-28,0,0,74,1.79,1.79,0.0,14.619009,0.0
2019-01-28,0,0,77,123.95,123.95,0.0,-1698.963211,0.0
2019-01-28,0,0,78,93.7,93.7,0.0,-1284.331205,0.0
2019-01-28,0,0,79,54.23,54.23,0.0,-743.322105,0.0
2019-01-28,0,0,80,87.69,87.69,0.0,-1201.953078,0.0
2019-01-28,0,0,81,114.65,114.65,0.0,-1571.48957,0.0
2019-01-28,0,0,82,80.87,80.87,0.0,-1108.472407,0.0
2019-01-28,0,0,83,180.34,180.34,0.0,-2471.892097,0.0
2019-01-28,0,0,84,0.0,0.0,0.0,0.0,0.0
2019-01-28,0,0,86,0.0,0.0,0.0,0.0,0.0
2019-01-28,0,0,87,0.0,0.0,0.0,0.0,0.0
2019-01-28,0,0,88,105.99,105.99,0.0,-1452.788308,0.0
2019-01-28,0,0,89,101.89,101.89,0.0,-1396.590251,0.0
2019-01-28,0,0,90,136.81,136.81,0.0,-1875.233214,0.0
2019-01-28,0,0,91,488.03,488.03,0.0,-6689.350673,0.0
2019-01-28,0,0,92,175.52,175.52,0.0,-2405.825113,0.0
2019-01-28,0,0,95,25.97,25.97,0.0,570.889445,0.0
2019-01-28,0,0,96,12.74,12.74,0.0,74.131793,0.0
2019-01-28,0,0,97,78.38,78.38,0.0,456.079274,0.0
2019-01-28,0,0,99,0.35,0.35,0.0,2.858465,0.0
2019-01-28,0,0,101,0.0,0.0,0.0,0.0,0.0
2019-01-28,0,0,102,11.54,11.54,0.0,-310.617893,0.0
2019-01-28,0,0,103,10.04,10.04,0.0,-270.24295,0.0
2019-01-28,0,0,104,1.86,1.86,0.0,-50.064929,0.0
2019-01-28,0,0,106,0.0,0.0,0.0,0.0,0.0
2019-01-28,0,0,109,76.21,76.21,0.0,568.304997,0.0
2019-01-28,0,0,110,338.6,338.6,0.0,-30741.309387,0.0
2019-01-28,0,0,111,0.0,0.0,0.0,0.0,0.0
2019-01-28,0,0,113,75.13,75.13,0.0,-818.755352,0.0
2019-01-28,0,0,115,75.13,75.13,0.0,-818.755352,0.0
2019-01-28,0,0,116,0.0,0.0,0.0,-0.0,0.0
2019-01-28,0,0,117,5.01,5.01,0.0,-54.598221,0.0
2019-01-28,0,0,119,126.02,126.02,0.0,3756.446826,0.0
2019-01-28,0,0,120,74.1,74.1,0.0,2208.797887,0.0
2019-01-28,0,0,123,0.0,0.0,0.0,0.0,0.0
2019-01-28,0,0,125,89.44,89.44,0.0,523.820509,0.0
2019-01-28,0,0,126,0.0,0.0,0.0,0.0,0.0
2019-01-28,0,0,127,0.0,0.0,0.0,0.0,0.0
2019-01-28,0,0,128,128.1,128.1,0.0,750.239348,0.0
2019-01-28,0,0,131,14.88,14.88,0.0,-338.035414,0.0
2019-01-28,0,0,132,21.87,21.87,0.0,-496.830275,0.0
2019-01-28,0,0,133,66.64,66.64,0.0,584.894346,0.0
2019-01-28,0,0,134,0.0,0.0,0.0,0.0,0.0
2019-01-28,0,0,135,89.29,89.29,0.0,783.691719,0.0
2019-01-28,0,0,136,5.7,5.7,0.0,49.893001,0.0
2019-01-28,0,0,139,41.86,41.86,0.0,285.510589,0.0
2019-01-28,0,0,140,250.6,250.6,0.0,-22751.837367,0.0
2019-01-28,0,0,141,154.16,154.16,0.0,-6573.363098,0.0
2019-01-28,0,0,142,0.0,0.0,0.0,-0.0,0.0
2019-01-28,0,0,143,50.65,50.65,0.0,295.702957,0.0
2019-01-28,0,0,145,11.87,11.87,0.0,76.431934,0.0
2019-01-28,0,0,146,268.0,268.0,0.0,-24331.57388,0.0
2019-01-28,0,0,152,0.0,0.0,0.0,0.0,0.0
2019-01-28,0,0,153,0.0,0.0,0.0,0.0,0.0
2019-01-28,0,0,154,0.0,0.0,0.0,0.0,0.0
2019-01-28,0,0,157,121.59,121.59,0.0,-5184.582376,0.0
2019-01-28,0,0,158,0.0,0.0,0.0,-0.0,0.0
2019-01-28,0,0,159,0.0,0.0,0.0,0.0,0.0
2019-01-28,0,0,160,0.0,0.0,0.0,0.0,0.0
2019-01-28,0,0,161,0.0,0.0,0.0,-0.0,0.0
2019-01-28,0,0,162,15.8,15.8,0.0,348.682671,0.0
2019-01-28,0,0,163,95.52,95.52,0.0,-8672.20872,0.0
2019-01-28,0,0,164,0.0,0.0,0.0,0.0,0.0
2019-01-28,0,0,167,0.0,0.0,0.0,0.0,0.0
2019-01-28,0,0,168,0.0,0.0,0.0,0.0,0.0
2019-01-28,0,0,169,0.0,0.0,0.0,0.0,0.0
2019-01-28,0,0,170,0.0,0.0,0.0,0.0,0.0
2019-01-28,0,0,172,0.0,0.0,0.0,0.0,0.0
2019-01-28,0,0,173,0.0,0.0,0.0,0.0,0.0
2019-01-28,0,0,188,0.0,0.0,0.0,0.0,0.0
2019-01-28,0,0,190,0.0,0.0,0.0,0.0,0.0
2019-01-28,0,0,191,0.0,0.0,0.0,0.0,0.0
2019-01-28,0,0,192,138.49,138.49,0.0,4128.156807,0.0
2019-01-28,0,0,194,105.22,105.22,0.0,360.557123,0.0
2019-01-28,0,0,196,0.0,0.0,0.0,0.0,0.0
2019-01-28,0,0,198,0.0,0.0,0.0,0.0,0.0
2019-01-28,0,0,199,9.66,9.66,0.0,89.058172,0.0
2019-01-28,0,0,200,0.0,0.0,0.0,0.0,0.0
2019-01-28,0,0,204,325.2,325.2,0.0,2401.31465,0.0
2019-01-28,0,0,205,403.17,403.17,0.0,3006.475865,0.0
2019-01-28,0,0,206,230.3,230.3,0.0,1340.074723,0.0
2019-01-28,0,0,210,0.0,0.0,0.0,0.0,0.0
2019-01-28,0,0,214,0.0,0.0,0.0,0.0,0.0
2019-01-28,0,0,217,0.0,0.0,0.0,0.0,0.0
2019-01-28,0,0,218,0.0,0.0,0.0,0.0,0.0
2019-01-28,0,0,219,0.0,0.0,0.0,0.0,0.0
2019-01-28,0,0,221,0.0,0.0,0.0,0.0,0.0
2019-01-28,0,0,225,0.0,0.0,0.0,0.0,0.0
2019-01-28,0,0,233,0.0,0.0,0.0,0.0,0.0
2019-01-28,0,0,236,9.55,9.55,0.0,81.105824,0.0
2019-01-28,0,0,237,4.29,4.29,0.0,35.036619,0.0
2019-01-28,0,0,238,0.0,0.0,0.0,0.0,0.0
2019-01-28,0,0,240,0.0,0.0,0.0,0.0,0.0
2019-01-28,0,0,245,84.73,84.73,0.0,749.948404,0.0
2019-01-28,0,0,247,36.59,36.59,0.0,323.859461,0.0
2019-01-28,0,0,248,0.43,0.43,0.0,3.511829,0.0
2019-01-28,0,0,249,158.72,158.72,0.0,1404.836666,0.0
2019-01-28,0,0,251,42.56,42.56,0.0,371.137423,0.0
2019-01-28,0,0,252,32.26,32.26,0.0,282.413508,0.0
2019-01-28,0,0,254,0.0,0.0,0.0,0.0,0.0
2019-01-28,0,0,255,0.0,0.0,0.0,0.0,0.0
2019-01-28,0,0,258,0.0,0.0,0.0,0.0,0.0
2019-01-28,0,0,260,0.0,0.0,0.0,0.0,0.0
2019-01-28,0,0,265,0.0,0.0,0.0,0.0,0.0
2019-01-28,0,0,266,27.1,27.1,0.0,184.838437,0.0
2019-01-28,0,0,267,33.31,33.31,0.0,227.194403,0.0
2019-01-28,0,0,270,298.3,298.3,0.0,-27082.49436,0.0
2019-01-28,0,0,272,251.1,251.1,0.0,-2736.44974,0.0
2019-01-28,0,0,273,0.0,0.0,0.0,-0.0,0.0
2019-01-28,0,0,274,384.54,384.54,0.0,-34912.17694,0.0
2019-01-28,0,0,275,535.29,535.29,0.0,-48598.687247,0.0
2019-01-28,0,0,276,0.0,0.0,0.0,-0.0,0.0
2019-01-28,0,0,277,0.0,0.0,0.0,-0.0,0.0
2019-01-28,0,0,278,0.0,0.0,0.0,-0.0,0.0
2019-01-28,0,0,279,128.75,128.75,0.0,-1548.092543,0.0
2019-01-28,0,0,281,4.12,4.12,0.0,24.053232,0.0
2019-01-28,0,0,282,0.0,0.0,0.0,0.0,0.0
2019-01-28,1,0,9,0.0,0.0,0.0,0.0,0.0
2019-01-28,1,0,17,0.0,0.0,0.0,0.0,0.0
2019-01-28,1,0,19,359.55,359.55,0.0,2458.392386,0.0
2019-01-28,1,0,20,436.07,436.07,0.0,2981.591344,0.0
2019-01-28,1,0,21,0.0,0.0,0.0,0.0,0.0
2019-01-28,1,0,22,0.0,0.0,0.0,0.0,0.0
2019-01-28,1,0,23,60.56,60.56,0.0,686.103143,0.0
2019-01-28,1,0,24,107.15,107.15,0.0,1213.935795,0.0
2019-01-28,1,0,29,0.0,0.0,0.0,0.0,0.0
2019-01-28,1,0,30,0.0,0.0,0.0,0.0,0.0
2019-01-28,1,0,31,23.65,23.65,0.0,268.611907,0.0
2019-01-28,1,0,32,0.0,0.0,0.0,0.0,0.0
2019-01-28,1,0,33,0.0,0.0,0.0,0.0,0.0
2019-01-28,1,0,34,0.0,0.0,0.0,0.0,0.0
2019-01-28,1,0,35,0.0,0.0,0.0,0.0,0.0
2019-01-28,1,0,36,0.0,0.0,0.0,0.0,0.0
2019-01-28,1,0,37,0.0,0.0,0.0,0.0,0.0
2019-01-28,1,0,38,0.0,0.0,0.0,0.0,0.0
2019-01-28,1,0,39,0.0,0.0,0.0,0.0,0.0
2019-01-28,1,0,40,0.0,0.0,0.0,0.0,0.0
2019-01-28,1,0,41,44.27,44.27,0.0,435.865043,0.0
2019-01-28,1,0,42,0.0,0.0,0.0,0.0,0.0
2019-01-28,1,0,43,0.0,0.0,0.0,0.0,0.0
2019-01-28,1,0,46,0.0,0.0,0.0,0.0,0.0
2019-01-28,1,0,52,25.18,25.18,0.0,285.989337,0.0
2019-01-28,1,0,53,41.16,41.16,0.0,467.486939,0.0
2019-01-28,1,0,55,233.0,233.0,0.0,2639.729727,0.0
2019-01-28,1,0,56,0.0,0.0,0.0,0.0,0.0
2019-01-28,1,0,57,0.0,0.0,0.0,0.0,0.0
2019-01-28,1,0,58,0.0,0.0,0.0,0.0,0.0
2019-01-28,1,0,59,0.0,0.0,0.0,0.0,0.0
2019-01-28,1,0,63,121.8,121.8,0.0,8062.463209,0.0
2019-01-28,1,0,64,143.29,143.29,0.0,9484.978269,0.0
2019-01-28,1,0,65,5.89,5.89,0.0,40.45989,0.0
2019-01-28,1,0,67,0.0,0.0,0.0,-0.0,0.0
2019-01-28,1,0,68,5.15,5.15,0.0,-883.858436,0.0
2019-01-28,1,0,69,0.0,0.0,0.0,0.0,0.0
2019-01-28,1,0,74,2.38,2.38,0.0,18.500104,0.0
2019-01-28,1,0,77,145.01,145.01,0.0,-17136.662827,0.0
2019-01-28,1,0,78,109.63,109.63,0.0,-12955.605446,0.0
2019-01-28,1,0,79,63.44,63.44,0.0,-7497.068407,0.0
2019-01-28,1,0,80,102.6,102.6,0.0,-12124.830054,0.0
2019-01-28,1,0,81,134.14,134.14,0.0,-15852.092626,0.0
2019-01-28,1,0,82,94.62,94.62,0.0,-11181.787716,0.0
2019-01-28,1,0,83,210.99,210.99,0.0,-24933.897593,0.0
2019-01-28,1,0,84,0.0,0.0,0.0,0.0,0.0
2019-01-28,1,0,86,0.0,0.0,0.0,0.0,0.0
2019-01-28,1,0,87,0.0,0.0,0.0,0.0,0.0
2019-01-28,1,0,88,121.58,121.58,0.0,-14367.805438,0.0
2019-01-28,1,0,89,116.87,116.87,0.0,-13811.197742,0.0
2019-01-28,1,0,90,156.93,156.93,0.0,-18545.317547,0.0
2019-01-28,1,0,91,559.79,559.79,0.0,-66153.592746,0.0
2019-01-28,1,0,92,201.32,201.32,0.0,-23791.138269,0.0
2019-01-28,1,0,95,35.58,35.58,0.0,1224.257438,0.0
2019-01-28,1,0,96,13.74,13.74,0.0,156.465173,0.0
2019-01-28,1,0,97,84.51,84.51,0.0,962.363305,0.0
2019-01-28,1,0,99,0.46,0.46,0.0,3.57565,0.0
2019-01-28,1,0,101,0.0,0.0,0.0,0.0,0.0
2019-01-28,1,0,102,12.18,12.18,0.0,-2090.368108,0.0
2019-01-28,1,0,103,10.59,10.59,0.0,-1817.487542,0.0
2019-01-28,1,0,104,1.97,1.97,0.0,-338.097305,0.0
2019-01-28,1,0,106,0.0,0.0,0.0,0.0,0.0
2019-01-28,1,0,109,82.22,82.22,0.0,728.955974,0.0
2019-01-28,1,0,110,338.6,338.6,0.0,-146718.337528,0.0
2019-01-28,1,0,111,0.0,0.0,0.0,0.0,0.0
2019-01-28,1,0,113,45.44,45.44,0.0,-4746.533322,0.0
2019-01-28,1,0,115,45.44,45.44,0.0,-4746.533322,0.0
2019-01-28,1,0,116,0.0,0.0,0.0,-0.0,0.0
2019-01-28,1,0,117,3.1,3.1,0.0,-323.817194,0.0
2019-01-28,1,0,119,143.29,143.29,0.0,9484.978269,0.0
2019-01-28,1,0,120,84.26,84.26,0.0,5577.529967,0.0
2019-01-28,1,0,123,0.0,0.0,0.0,0.0,0.0
2019-01-28,1,0,125,96.97,96.97,0.0,1098.603398,0.0
2019-01-28,1,0,126,0.0,0.0,0.0,0.0,0.0
2019-01-28,1,0,127,0.0,0.0,0.0,0.0,0.0
2019-01-28,1,0,128,138.88,138.88,0.0,1573.414869,0.0
2019-01-28,1,0,131,15.99,15.99,0.0,-2469.159446,0.0
2019-01-28,1,0,132,23.5,23.5,0.0,-3628.845966,0.0
2019-01-28,1,0,133,57.69,57.69,0.0,394.277402,0.0
2019-01-28,1,0,134,0.0,0.0,0.0,0.0,0.0
2019-01-28,1,0,135,77.3,77.3,0.0,528.30028,0.0
2019-01-28,1,0,136,6.88,6.88,0.0,47.272473,0.0
2019-01-28,1,0,139,57.18,57.18,0.0,562.971836,0.0
2019-01-28,1,0,140,250.6,250.6,0.0,-108587.168885,0.0
2019-01-28,1,0,141,174.18,174.18,0.0,-41113.592483,0.0
2019-01-28,1,0,142,0.0,0.0,0.0,-0.0,0.0
2019-01-28,1,0,143,70.99,70.99,0.0,806.290034,0.0
2019-01-28,1,0,145,12.0,12.0,0.0,125.194213,0.0
2019-01-28,1,0,146,268.0,268.0,0.0,-116126.740867,0.0
2019-01-28,1,0,152,0.0,0.0,0.0,0.0,0.0
2019-01-28,1,0,153,0.0,0.0,0.0,0.0,0.0
2019-01-28,1,0,154,0.0,0.0,0.0,0.0,0.0
2019-01-28,1,0,157,131.52,131.52,0.0,-31044.0905,0.0
2019-01-28,1,0,158,0.0,0.0,0.0,-0.0,0.0
2019-01-28,1,0,159,0.0,0.0,0.0,0.0,0.0
2019-01-28,1,0,160,0.0,0.0,0.0,0.0,0.0
2019-01-28,1,0,161,0.0,0.0,0.0,-0.0,0.0
2019-01-28,1,0,162,15.66,15.66,0.0,544.24779,0.0
2019-01-28,1,0,163,97.66,97.66,0.0,-42316.931019,0.0
2019-01-28,1,0,164,0.0,0.0,0.0,0.0,0.0
2019-01-28,1,0,167,0.0,0.0,0.0,0.0,0.0
2019-01-28,1,0,168,0.0,0.0,0.0,0.0,0.0
2019-01-28,1,0,169,0.0,0.0,0.0,0.0,0.0
2019-01-28,1,0,170,0.0,0.0,0.0,0.0,0.0
2019-01-28,1,0,172,0.0,0.0,0.0,0.0,0.0
2019-01-28,1,0,173,0.0,0.0,0.0,0.0,0.0
2019-01-28,1,0,188,0.0,0.0,0.0,0.0,0.0
2019-01-28,1,0,190,0.0,0.0,0.0,0.0,0.0
2019-01-28,1,0,191,0.0,0.0,0.0,0.0,0.0
2019-01-28,1,0,192,134.15,134.15,0.0,4350.156787,0.0
2019-01-28,1,0,194,122.24,122.24,0.0,-5342.823796,0.0
2019-01-28,1,0,196,0.0,0.0,0.0,0.0,0.0
2019-01-28,1,0,198,0.0,0.0,0.0,0.0,0.0
2019-01-28,1,0,199,33.25,33.25,0.0,-351.654191,0.0
2019-01-28,1,0,200,0.0,0.0,0.0,-0.0,0.0
2019-01-28,1,0,204,350.78,350.78,0.0,3149.389032,0.0
2019-01-28,1,0,205,434.96,434.96,0.0,3856.32073,0.0
2019-01-28,1,0,206,248.33,248.33,0.0,2827.874565,0.0
2019-01-28,1,0,210,0.0,0.0,0.0,0.0,0.0
2019-01-28,1,0,214,0.0,0.0,0.0,0.0,0.0
2019-01-28,1,0,217,0.0,0.0,0.0,0.0,0.0
2019-01-28,1,0,218,0.0,0.0,0.0,0.0,0.0
2019-01-28,1,0,219,0.0,0.0,0.0,0.0,0.0
2019-01-28,1,0,221,0.0,0.0,0.0,0.0,0.0
2019-01-28,1,0,225,0.0,0.0,0.0,0.0,0.0
2019-01-28,1,0,233,0.0,0.0,0.0,0.0,0.0
2019-01-28,1,0,236,12.02,12.02,0.0,87.407187,0.0
2019-01-28,1,0,237,5.7,5.7,0.0,44.306973,0.0
2019-01-28,1,0,238,0.0,0.0,0.0,0.0,0.0
2019-01-28,1,0,240,0.0,0.0,0.0,0.0,0.0
2019-01-28,1,0,245,34.39,34.39,0.0,231.112548,0.0
2019-01-28,1,0,247,32.77,32.77,0.0,220.225595,0.0
2019-01-28,1,0,248,0.57,0.57,0.0,4.430697,0.0
2019-01-28,1,0,249,66.14,66.14,0.0,444.483394,0.0
2019-01-28,1,0,251,54.33,54.33,0.0,376.046279,0.0
2019-01-28,1,0,252,37.99,37.99,0.0,260.962853,0.0
2019-01-28,1,0,254,0.0,0.0,0.0,0.0,0.0
2019-01-28,1,0,255,0.0,0.0,0.0,0.0,0.0
2019-01-28,1,0,258,0.0,0.0,0.0,0.0,0.0
2019-01-28,1,0,260,0.0,0.0,0.0,0.0,0.0
2019-01-28,1,0,265,0.0,0.0,0.0,0.0,0.0
2019-01-28,1,0,266,37.02,37.02,0.0,364.484389,0.0
2019-01-28,1,0,267,45.5,45.5,0.0,447.97514,0.0
2019-01-28,1,0,270,304.98,304.98,0.0,-132150.497872,0.0
2019-01-28,1,0,272,151.54,151.54,0.0,-15829.437932,0.0
2019-01-28,1,0,273,0.0,0.0,0.0,-0.0,0.0
2019-01-28,1,0,274,393.15,393.15,0.0,-170355.328999,0.0
2019-01-28,1,0,275,547.27,547.27,0.0,-237136.871173,0.0
2019-01-28,1,0,276,0.0,0.0,0.0,-0.0,0.0
2019-01-28,1,0,277,0.0,0.0,0.0,-0.0,0.0
2019-01-28,1,0,278,0.0,0.0,0.0,-0.0,0.0
2019-01-28,1,0,279,138.08,138.08,0.0,-15182.884146,0.0
2019-01-28,1,0,281,9.76,9.76,0.0,110.852102,0.0
2019-01-28,1,0,282,0.0,0.0,0.0,0.0,0.0
2019-01-28,2,0,9,0.0,0.0,0.0,0.0,0.0
2019-01-28,2,0,17,0.0,0.0,0.0,0.0,0.0
2019-01-28,2,0,19,330.34,330.34,0.0,3473.924509,0.0
2019-01-28,2,0,20,400.63,400.63,0.0,4213.108845,0.0
2019-01-28,2,0,21,0.0,0.0,0.0,0.0,0.0
2019-01-28,2,0,22,0.0,0.0,0.0,0.0,0.0
2019-01-28,2,0,23,54.51,54.51,0.0,179.076791,0.0
2019-01-28,2,0,24,96.45,96.45,0.0,316.858493,0.0
2019-01-28,2,0,29,0.0,0.0,0.0,0.0,0.0
2019-01-28,2,0,30,0.0,0.0,0.0,0.0,0.0
2019-01-28,2,0,31,9.38,9.38,0.0,30.423902,0.0
2019-01-28,2,0,32,0.0,0.0,0.0,0.0,0.0
2019-01-28,2,0,33,0.0,0.0,0.0,0.0,0.0
2019-01-28,2,0,34,0.0,0.0,0.0,0.0,0.0
2019-01-28,2,0,35,0.0,0.0,0.0,0.0,0.0
2019-01-28,2,0,36,0.0,0.0,0.0,0.0,0.0
2019-01-28,2,0,37,0.0,0.0,0.0,0.0,0.0
2019-01-28,2,0,38,0.0,0.0,0.0,0.0,0.0
2019-01-28,2,0,39,0.0,0.0,0.0,0.0,0.0
2019-01-28,2,0,40,0.0,0.0,0.0,0.0,0.0
2019-01-28,2,0,41,45.67,45.67,0.0,251.598607,0.0
2019-01-28,2,0,42,0.0,0.0,0.0,0.0,0.0
2019-01-28,2,0,43,0.0,0.0,0.0,0.0,0.0
2019-01-28,2,0,46,0.0,0.0,0.0,0.0,0.0
2019-01-28,2,0,52,9.95,9.95,0.0,32.27269,0.0
2019-01-28,2,0,53,15.8,15.8,0.0,51.247085,0.0
2019-01-28,2,0,55,248.02,248.02,0.0,814.797756,0.0
2019-01-28,2,0,56,0.0,0.0,0.0,0.0,0.0
2019-01-28,2,0,57,0.0,0.0,0.0,0.0,0.0
2019-01-28,2,0,58,0.0,0.0,0.0,0.0,0.0
2019-01-28,2,0,59,0.0,0.0,0.0,0.0,0.0
2019-01-28,2,0,63,118.84,118.84,0.0,3283.735716,0.0
2019-01-28,2,0,64,139.81,139.81,0.0,3863.169728,0.0
2019-01-28,2,0,65,4.98,4.98,0.0,52.072264,0.0
2019-01-28,2,0,67,0.0,0.0,0.0,-0.0,0.0
2019-01-28,2,0,68,4.77,4.77,0.0,-47.779829,0.0
2019-01-28,2,0,69,0.0,0.0,0.0,0.0,0.0
2019-01-28,2,0,74,4.2,4.2,0.0,36.929539,0.0
2019-01-28,2,0,77,129.08,129.08,0.0,-92.252373,0.0
2019-01-28,2,0,78,97.59,97.59,0.0,-69.746739,0.0
2019-01-28,2,0,79,56.47,56.47,0.0,-40.358626,0.0
2019-01-28,2,0,80,91.33,91.33,0.0,-65.272771,0.0
2019-01-28,2,0,81,119.4,119.4,0.0,-85.33416,0.0
2019-01-28,2,0,82,84.23,84.23,0.0,-60.198461,0.0
2019-01-28,2,0,83,187.82,187.82,0.0,-134.233349,0.0
2019-01-28,2,0,84,0.0,0.0,0.0,0.0,0.0
2019-01-28,2,0,86,0.0,0.0,0.0,0.0,0.0
2019-01-28,2,0,87,0.0,0.0,0.0,0.0,0.0
2019-01-28,2,0,88,110.59,110.59,0.0,-79.037728,0.0
2019-01-28,2,0,89,106.31,106.31,0.0,-75.978849,0.0
2019-01-28,2,0,90,142.75,142.75,0.0,-102.022205,0.0
2019-01-28,2,0,91,509.2,509.2,0.0,-363.920889,0.0
2019-01-28,2,0,92,183.13,183.13,0.0,-130.881446,0.0
2019-01-28,2,0,95,13.94,13.94,0.0,308.837984,0.0
2019-01-28,2,0,96,12.89,12.89,0.0,41.246469,0.0
2019-01-28,2,0,97,79.28,79.28,0.0,253.686586,0.0
2019-01-28,2,0,99,0.81,0.81,0.0,7.122125,0.0
2019-01-28,2,0,101,0.0,0.0,0.0,0.0,0.0
2019-01-28,2,0,102,11.29,11.29,0.0,-113.088946,0.0
2019-01-28,2,0,103,9.82,9.82,0.0,-98.364344,0.0
2019-01-28,2,0,104,1.82,1.82,0.0,-18.230459,0.0
2019-01-28,2,0,106,0.0,0.0,0.0,0.0,0.0
2019-01-28,2,0,109,80.99,80.99,0.0,555.077731,0.0
2019-01-28,2,0,110,291.71,291.71,0.0,-15780.062506,0.0
2019-01-28,2,0,111,0.0,0.0,0.0,0.0,0.0
2019-01-28,2,0,113,46.39,46.39,0.0,28.42695,0.0
2019-01-28,2,0,115,46.39,46.39,0.0,28.42695,0.0
2019-01-28,2,0,116,0.0,0.0,0.0,-0.0,0.0
2019-01-28,2,0,117,2.48,2.48,0.0,1.519699,0.0
2019-01-28,2,0,119,139.81,139.81,0.0,3863.169728,0.0
2019-01-28,2,0,120,82.21,82.21,0.0,2271.591326,0.0
2019-01-28,2,0,123,0.0,0.0,0.0,0.0,0.0
2019-01-28,2,0,125,87.28,87.28,0.0,286.733119,0.0
2019-01-28,2,0,126,0.0,0.0,0.0,0.0,0.0
2019-01-28,2,0,127,0.0,0.0,0.0,0.0,0.0
2019-01-28,2,0,128,125.01,125.01,0.0,410.684088,0.0
2019-01-28,2,0,131,14.63,14.63,0.0,-104.149413,0.0
2019-01-28,2,0,132,21.51,21.51,0.0,-153.127401,0.0
2019-01-28,2,0,133,51.91,51.91,0.0,546.18952,0.0
2019-01-28,2,0,134,0.0,0.0,0.0,0.0,0.0
2019-01-28,2,0,135,69.56,69.56,0.0,731.900269,0.0
2019-01-28,2,0,136,7.06,7.06,0.0,73.798094,0.0
2019-01-28,2,0,139,58.98,58.98,0.0,324.924148,0.0
2019-01-28,2,0,140,215.9,215.9,0.0,-11679.117943,0.0
2019-01-28,2,0,141,143.0,143.0,0.0,-2984.018835,0.0
2019-01-28,2,0,142,0.0,0.0,0.0,-0.0,0.0
2019-01-28,2,0,143,28.76,28.76,0.0,93.282669,0.0
2019-01-28,2,0,145,11.69,11.69,0.0,53.59248,0.0
2019-01-28,2,0,146,247.14,247.14,0.0,-13369.046819,0.0
2019-01-28,2,0,152,0.0,0.0,0.0,0.0,0.0
2019-01-28,2,0,153,0.0,0.0,0.0,0.0,0.0
2019-01-28,2,0,154,0.0,0.0,0.0,0.0,0.0
2019-01-28,2,0,157,94.99,94.99,0.0,-1982.181462,0.0
2019-01-28,2,0,158,0.0,0.0,0.0,-0.0,0.0
2019-01-28,2,0,159,0.0,0.0,0.0,0.0,0.0
2019-01-28,2,0,160,0.0,0.0,0.0,0.0,0.0
2019-01-28,2,0,161,0.0,0.0,0.0,-0.0,0.0
2019-01-28,2,0,162,14.75,14.75,0.0,327.683533,0.0
2019-01-28,2,0,163,90.09,90.09,0.0,-4873.421656,0.0
2019-01-28,2,0,164,0.0,0.0,0.0,0.0,0.0
2019-01-28,2,0,167,0.0,0.0,0.0,0.0,0.0
2019-01-28,2,0,168,0.0,0.0,0.0,0.0,0.0
2019-01-28,2,0,169,0.0,0.0,0.0,0.0,0.0
2019-01-28,2,0,170,0.0,0.0,0.0,0.0,0.0
2019-01-28,2,0,172,0.0,0.0,0.0,0.0,0.0
2019-01-28,2,0,173,0.0,0.0,0.0,0.0,0.0
2019-01-28,2,0,188,0.0,0.0,0.0,0.0,0.0
2019-01-28,2,0,190,0.0,0.0,0.0,0.0,0.0
2019-01-28,2,0,191,0.0,0.0,0.0,0.0,0.0
2019-01-28,2,0,192,121.84,121.84,0.0,3366.630425,0.0
2019-01-28,2,0,194,126.44,126.44,0.0,1255.297193,0.0
2019-01-28,2,0,196,0.0,0.0,0.0,0.0,0.0
2019-01-28,2,0,198,0.0,0.0,0.0,0.0,0.0
2019-01-28,2,0,199,12.61,12.61,0.0,142.832843,0.0
2019-01-28,2,0,200,0.0,0.0,0.0,0.0,0.0
2019-01-28,2,0,204,359.82,359.82,0.0,2398.652836,0.0
2019-01-28,2,0,205,397.62,397.62,0.0,2725.151344,0.0
2019-01-28,2,0,206,232.95,232.95,0.0,745.412337,0.0
2019-01-28,2,0,210,0.0,0.0,0.0,0.0,0.0
2019-01-28,2,0,214,0.0,0.0,0.0,0.0,0.0
2019-01-28,2,0,217,0.0,0.0,0.0,0.0,0.0
2019-01-28,2,0,218,0.0,0.0,0.0,0.0,0.0
2019-01-28,2,0,219,0.0,0.0,0.0,0.0,0.0
2019-01-28,2,0,221,0.0,0.0,0.0,0.0,0.0
2019-01-28,2,0,225,0.0,0.0,0.0,0.0,0.0
2019-01-28,2,0,233,0.0,0.0,0.0,0.0,0.0
2019-01-28,2,0,236,17.41,17.41,0.0,168.748426,0.0
2019-01-28,2,0,237,10.06,10.06,0.0,88.455038,0.0
2019-01-28,2,0,238,0.0,0.0,0.0,0.0,0.0
2019-01-28,2,0,240,0.0,0.0,0.0,0.0,0.0
2019-01-28,2,0,245,29.04,29.04,0.0,311.790675,0.0
2019-01-28,2,0,247,27.77,27.77,0.0,298.155201,0.0
2019-01-28,2,0,248,1.01,1.01,0.0,8.880675,0.0
2019-01-28,2,0,249,55.85,55.85,0.0,599.638747,0.0
2019-01-28,2,0,251,42.05,42.05,0.0,435.548894,0.0
2019-01-28,2,0,252,32.11,32.11,0.0,335.751085,0.0
2019-01-28,2,0,254,0.0,0.0,0.0,0.0,0.0
2019-01-28,2,0,255,0.0,0.0,0.0,0.0,0.0
2019-01-28,2,0,258,0.0,0.0,0.0,0.0,0.0
2019-01-28,2,0,260,0.0,0.0,0.0,0.0,0.0
2019-01-28,2,0,265,0.0,0.0,0.0,0.0,0.0
2019-01-28,2,0,266,38.19,38.19,0.0,210.390865,0.0
2019-01-28,2,0,267,46.93,46.93,0.0,258.540018,0.0
2019-01-28,2,0,270,281.35,281.35,0.0,-15219.637949,0.0
2019-01-28,2,0,272,200.14,200.14,0.0,122.642159,0.0
2019-01-28,2,0,273,0.0,0.0,0.0,-0.0,0.0
2019-01-28,2,0,274,362.69,362.69,0.0,-19619.728053,0.0
2019-01-28,2,0,275,504.87,504.87,0.0,-27310.960054,0.0
2019-01-28,2,0,276,0.0,0.0,0.0,-0.0,0.0
2019-01-28,2,0,277,0.0,0.0,0.0,0.0,0.0
2019-01-28,2,0,278,0.0,0.0,0.0,0.0,0.0
2019-01-28,2,0,279,127.73,127.73,0.0,10.292021,0.0
2019-01-28,2,0,281,4.21,4.21,0.0,13.655078,0.0
2019-01-28,2,0,282,0.0,0.0,0.0,0.0,0.0
2019-01-28,3,0,9,0.0,0.0,0.0,0.0,0.0
2019-01-28,3,0,17,0.0,0.0,0.0,0.0,0.0
2019-01-28,3,0,19,331.53,331.53,0.0,3331.473362,0.0
2019-01-28,3,0,20,402.08,402.08,0.0,4040.415074,0.0
2019-01-28,3,0,21,0.0,0.0,0.0,0.0,0.0
2019-01-28,3,0,22,0.0,0.0,0.0,0.0,0.0
2019-01-28,3,0,23,50.68,50.68,0.0,242.880753,0.0
2019-01-28,3,0,24,89.66,89.66,0.0,429.689983,0.0
2019-01-28,3,0,29,0.0,0.0,0.0,0.0,0.0
2019-01-28,3,0,30,0.0,0.0,0.0,0.0,0.0
2019-01-28,3,0,31,9.39,9.39,0.0,44.714951,0.0
2019-01-28,3,0,32,0.0,0.0,0.0,0.0,0.0
2019-01-28,3,0,33,0.0,0.0,0.0,0.0,0.0
2019-01-28,3,0,34,0.0,0.0,0.0,0.0,0.0
2019-01-28,3,0,35,0.0,0.0,0.0,0.0,0.0
2019-01-28,3,0,36,0.0,0.0,0.0,0.0,0.0
2019-01-28,3,0,37,0.0,0.0,0.0,0.0,0.0
2019-01-28,3,0,38,0.0,0.0,0.0,0.0,0.0
2019-01-28,3,0,39,0.0,0.0,0.0,0.0,0.0
2019-01-28,3,0,40,0.0,0.0,0.0,0.0,0.0
2019-01-28,3,0,41,47.9,47.9,0.0,307.24394,0.0
2019-01-28,3,0,42,0.0,0.0,0.0,0.0,0.0
2019-01-28,3,0,43,0.0,0.0,0.0,0.0,0.0
2019-01-28,3,0,46,0.0,0.0,0.0,0.0,0.0
2019-01-28,3,0,52,9.95,9.95,0.0,47.381658,0.0
2019-01-28,3,0,53,15.81,15.81,0.0,75.286835,0.0
2019-01-28,3,0,55,237.15,237.15,0.0,1136.52665,0.0
2019-01-28,3,0,56,0.0,0.0,0.0,0.0,0.0
2019-01-28,3,0,57,0.0,0.0,0.0,0.0,0.0
2019-01-28,3,0,58,0.0,0.0,0.0,0.0,0.0
2019-01-28,3,0,59,0.0,0.0,0.0,0.0,0.0
2019-01-28,3,0,63,116.09,116.09,0.0,2646.965815,0.0
2019-01-28,3,0,64,136.58,136.58,0.0,3114.157904,0.0
2019-01-28,3,0,65,5.52,5.52,0.0,55.230347,0.0
2019-01-28,3,0,67,0.0,0.0,0.0,-0.0,0.0
2019-01-28,3,0,68,4.44,4.44,0.0,-22.148385,0.0
2019-01-28,3,0,69,0.0,0.0,0.0,0.0,0.0
2019-01-28,3,0,74,6.74,6.74,0.0,59.331817,0.0
2019-01-28,3,0,77,115.3,115.3,0.0,215.810178,0.0
2019-01-28,3,0,78,87.17,87.17,0.0,163.158484,0.0
2019-01-28,3,0,79,50.45,50.45,0.0,94.428651,0.0
2019-01-28,3,0,80,81.58,81.58,0.0,152.695527,0.0
2019-01-28,3,0,81,106.66,106.66,0.0,199.638453,0.0
2019-01-28,3,0,82,75.24,75.24,0.0,140.828775,0.0
2019-01-28,3,0,83,167.77,167.77,0.0,314.019719,0.0
2019-01-28,3,0,84,0.0,0.0,0.0,0.0,0.0
2019-01-28,3,0,86,0.0,0.0,0.0,0.0,0.0
2019-01-28,3,0,87,0.0,0.0,0.0,0.0,0.0
2019-01-28,3,0,88,100.09,100.09,0.0,187.341203,0.0
2019-01-28,3,0,89,96.22,96.22,0.0,180.097618,0.0
2019-01-28,3,0,90,129.19,129.19,0.0,241.808473,0.0
2019-01-28,3,0,91,460.86,460.86,0.0,862.604325,0.0
2019-01-28,3,0,92,165.75,165.75,0.0,310.238829,0.0
2019-01-28,3,0,95,13.48,13.48,0.0,252.906346,0.0
2019-01-28,3,0,96,12.08,12.08,0.0,57.140087,0.0
2019-01-28,3,0,97,74.28,74.28,0.0,351.354771,0.0
2019-01-28,3,0,99,1.3,1.3,0.0,11.443822,0.0
2019-01-28,3,0,101,0.0,0.0,0.0,0.0,0.0
2019-01-28,3,0,102,10.51,10.51,0.0,-52.42782,0.0
2019-01-28,3,0,103,9.14,9.14,0.0,-45.593747,0.0
2019-01-28,3,0,104,1.7,1.7,0.0,-8.480237,0.0
2019-01-28,3,0,106,0.0,0.0,0.0,0.0,0.0
2019-01-28,3,0,109,84.56,84.56,0.0,625.672918,0.0
2019-01-28,3,0,110,228.19,228.19,0.0,-8558.249394,0.0
2019-01-28,3,0,111,0.0,0.0,0.0,0.0,0.0
2019-01-28,3,0,113,36.56,36.56,0.0,104.474521,0.0
2019-01-28,3,0,115,36.56,36.56,0.0,104.474521,0.0
2019-01-28,3,0,116,0.0,0.0,0.0,-0.0,0.0
2019-01-28,3,0,117,1.88,1.88,0.0,5.372322,0.0
2019-01-28,3,0,119,136.58,136.58,0.0,3114.157904,0.0
2019-01-28,3,0,120,80.31,80.31,0.0,1831.146736,0.0
2019-01-28,3,0,123,0.0,0.0,0.0,0.0,0.0
2019-01-28,3,0,125,81.14,81.14,0.0,388.858412,0.0
2019-01-28,3,0,126,0.0,0.0,0.0,0.0,0.0
2019-01-28,3,0,127,0.0,0.0,0.0,0.0,0.0
2019-01-28,3,0,128,116.21,116.21,0.0,556.929209,0.0
2019-01-28,3,0,131,13.41,13.41,0.0,-38.227047,0.0
2019-01-28,3,0,132,19.71,19.71,0.0,-56.186062,0.0
2019-01-28,3,0,133,28.45,28.45,0.0,286.003931,0.0
2019-01-28,3,0,134,0.0,0.0,0.0,0.0,0.0
2019-01-28,3,0,135,38.08,38.08,0.0,382.812994,0.0
2019-01-28,3,0,136,8.66,8.66,0.0,86.627031,0.0
2019-01-28,3,0,139,61.85,61.85,0.0,396.723125,0.0
2019-01-28,3,0,140,168.89,168.89,0.0,-6334.207197,0.0
2019-01-28,3,0,141,120.96,120.96,0.0,-1571.610054,0.0
2019-01-28,3,0,142,0.0,0.0,0.0,-0.0,0.0
2019-01-28,3,0,143,12.44,12.44,0.0,59.238977,0.0
2019-01-28,3,0,145,11.4,11.4,0.0,65.453269,0.0
2019-01-28,3,0,146,176.68,176.68,0.0,-6626.370581,0.0
2019-01-28,3,0,152,0.0,0.0,0.0,0.0,0.0
2019-01-28,3,0,153,0.0,0.0,0.0,0.0,0.0
2019-01-28,3,0,154,0.0,0.0,0.0,0.0,0.0
2019-01-28,3,0,157,74.6,74.6,0.0,-969.263476,0.0
2019-01-28,3,0,158,0.0,0.0,0.0,-0.0,0.0
2019-01-28,3,0,159,0.0,0.0,0.0,0.0,0.0
2019-01-28,3,0,160,0.0,0.0,0.0,0.0,0.0
2019-01-28,3,0,161,0.0,0.0,0.0,-0.0,0.0
2019-01-28,3,0,162,13.96,13.96,0.0,262.540125,0.0
2019-01-28,3,0,163,83.0,83.0,0.0,-3112.908978,0.0
2019-01-28,3,0,164,0.0,0.0,0.0,0.0,0.0
2019-01-28,3,0,167,0.0,0.0,0.0,0.0,0.0
2019-01-28,3,0,168,0.0,0.0,0.0,0.0,0.0
2019-01-28,3,0,169,0.0,0.0,0.0,0.0,0.0
2019-01-28,3,0,170,0.0,0.0,0.0,0.0,0.0
2019-01-28,3,0,172,0.0,0.0,0.0,0.0,0.0
2019-01-28,3,0,173,0.0,0.0,0.0,0.0,0.0
2019-01-28,3,0,188,0.0,0.0,0.0,0.0,0.0
2019-01-28,3,0,190,0.0,0.0,0.0,0.0,0.0
2019-01-28,3,0,191,0.0,0.0,0.0,0.0,0.0
2019-01-28,3,0,192,111.2,111.2,0.0,2535.469021,0.0
2019-01-28,3,0,194,130.74,130.74,0.0,1272.836106,0.0
2019-01-28,3,0,196,0.0,0.0,0.0,0.0,0.0
2019-01-28,3,0,198,0.0,0.0,0.0,0.0,0.0
2019-01-28,3,0,199,11.74,11.74,0.0,126.742187,0.0
2019-01-28,3,0,200,0.0,0.0,0.0,0.0,0.0
2019-01-28,3,0,204,367.97,367.97,0.0,2672.619918,0.0
2019-01-28,3,0,205,447.33,447.33,0.0,3309.865972,0.0
2019-01-28,3,0,206,218.28,218.28,0.0,1032.494877,0.0
2019-01-28,3,0,210,0.0,0.0,0.0,0.0,0.0
2019-01-28,3,0,214,0.0,0.0,0.0,0.0,0.0
2019-01-28,3,0,217,0.0,0.0,0.0,0.0,0.0
2019-01-28,3,0,218,0.0,0.0,0.0,0.0,0.0
2019-01-28,3,0,219,0.0,0.0,0.0,0.0,0.0
2019-01-28,3,0,221,0.0,0.0,0.0,0.0,0.0
2019-01-28,3,0,225,0.0,0.0,0.0,0.0,0.0
2019-01-28,3,0,233,0.0,0.0,0.0,0.0,0.0
2019-01-28,3,0,236,24.3,24.3,0.0,229.734387,0.0
2019-01-28,3,0,237,16.17,16.17,0.0,142.343543,0.0
2019-01-28,3,0,238,0.0,0.0,0.0,0.0,0.0
2019-01-28,3,0,240,0.0,0.0,0.0,0.0,0.0
2019-01-28,3,0,245,28.19,28.19,0.0,287.762404,0.0
2019-01-28,3,0,247,27.31,27.31,0.0,278.779399,0.0
2019-01-28,3,0,248,1.62,1.62,0.0,14.260763,0.0
2019-01-28,3,0,249,54.22,54.22,0.0,553.475613,0.0
2019-01-28,3,0,251,40.93,40.93,0.0,406.616171,0.0
2019-01-28,3,0,252,35.63,35.63,0.0,356.495884,0.0
2019-01-28,3,0,254,0.0,0.0,0.0,0.0,0.0
2019-01-28,3,0,255,0.0,0.0,0.0,0.0,0.0
2019-01-28,3,0,258,0.0,0.0,0.0,0.0,0.0
2019-01-28,3,0,260,0.0,0.0,0.0,0.0,0.0
2019-01-28,3,0,265,0.0,0.0,0.0,0.0,0.0
2019-01-28,3,0,266,40.05,40.05,0.0,256.891854,0.0
2019-01-28,3,0,267,49.22,49.22,0.0,315.710788,0.0
2019-01-28,3,0,270,259.2,259.2,0.0,-9721.277194,0.0
2019-01-28,3,0,272,149.35,149.35,0.0,426.785277,0.0
2019-01-28,3,0,273,0.0,0.0,0.0,-0.0,0.0
2019-01-28,3,0,274,334.14,334.14,0.0,-12531.896457,0.0
2019-01-28,3,0,275,465.13,465.13,0.0,-17444.666904,0.0
2019-01-28,3,0,276,0.0,0.0,0.0,-0.0,0.0
2019-01-28,3,0,277,0.0,0.0,0.0,0.0,0.0
2019-01-28,3,0,278,0.0,0.0,0.0,0.0,0.0
2019-01-28,3,0,279,117.65,117.65,0.0,289.6965,0.0
2019-01-28,3,0,281,4.21,4.21,0.0,20.047918,0.0
2019-01-28,3,0,282,0.0,0.0,0.0,0.0,0.0
2019-01-28,4,0,9,0.0,0.0,0.0,0.0,0.0
2019-01-28,4,0,17,0.0,0.0,0.0,0.0,0.0
2019-01-28,4,0,19,363.26,363.26,0.0,3614.772317,0.0
2019-01-28,4,0,20,440.57,440.57,0.0,4384.07818,0.0
2019-01-28,4,0,21,0.0,0.0,0.0,0.0,0.0
2019-01-28,4,0,22,0.0,0.0,0.0,0.0,0.0
2019-01-28,4,0,23,43.99,43.99,0.0,291.847578,0.0
2019-01-28,4,0,24,72.69,72.69,0.0,482.255069,0.0
2019-01-28,4,0,29,0.0,0.0,0.0,0.0,0.0
2019-01-28,4,0,30,0.0,0.0,0.0,0.0,0.0
2019-01-28,4,0,31,10.53,10.53,0.0,69.663306,0.0
2019-01-28,4,0,32,0.0,0.0,0.0,0.0,0.0
2019-01-28,4,0,33,0.0,0.0,0.0,0.0,0.0
2019-01-28,4,0,34,0.0,0.0,0.0,0.0,0.0
2019-01-28,4,0,35,0.0,0.0,0.0,0.0,0.0
2019-01-28,4,0,36,0.0,0.0,0.0,0.0,0.0
2019-01-28,4,0,37,0.0,0.0,0.0,0.0,0.0
2019-01-28,4,0,38,0.0,0.0,0.0,0.0,0.0
2019-01-28,4,0,39,0.0,0.0,0.0,0.0,0.0
2019-01-28,4,0,40,0.0,0.0,0.0,0.0,0.0
2019-01-28,4,0,41,50.91,50.91,0.0,388.816676,0.0
2019-01-28,4,0,42,0.0,0.0,0.0,0.0,0.0
2019-01-28,4,0,43,0.0,0.0,0.0,0.0,0.0
2019-01-28,4,0,46,0.0,0.0,0.0,0.0,0.0
2019-01-28,4,0,52,11.17,11.17,0.0,73.897354,0.0
2019-01-28,4,0,53,17.74,17.74,0.0,117.362493,0.0
2019-01-28,4,0,55,241.81,241.81,0.0,1604.266036,0.0
2019-01-28,4,0,56,0.0,0.0,0.0,0.0,0.0
2019-01-28,4,0,57,0.0,0.0,0.0,0.0,0.0
2019-01-28,4,0,58,0.0,0.0,0.0,0.0,0.0
2019-01-28,4,0,59,0.0,0.0,0.0,0.0,0.0
2019-01-28,4,0,63,113.56,113.56,0.0,1971.71511,0.0
2019-01-28,4,0,64,133.6,133.6,0.0,2319.664836,0.0
2019-01-28,4,0,65,7.69,7.69,0.0,76.304306,0.0
2019-01-28,4,0,67,0.0,0.0,0.0,-0.0,0.0
2019-01-28,4,0,68,4.15,4.15,0.0,8.590831,0.0
2019-01-28,4,0,69,0.0,0.0,0.0,0.0,0.0
2019-01-28,4,0,74,10.25,10.25,0.0,93.664173,0.0
2019-01-28,4,0,77,102.88,102.88,0.0,498.157031,0.0
2019-01-28,4,0,78,77.78,77.78,0.0,376.619886,0.0
2019-01-28,4,0,79,45.01,45.01,0.0,217.943701,0.0
2019-01-28,4,0,80,72.79,72.79,0.0,352.45772,0.0
2019-01-28,4,0,81,95.16,95.16,0.0,460.775885,0.0
2019-01-28,4,0,82,67.13,67.13,0.0,325.051336,0.0
2019-01-28,4,0,83,149.69,149.69,0.0,724.816543,0.0
2019-01-28,4,0,84,0.0,0.0,0.0,0.0,0.0
2019-01-28,4,0,86,0.0,0.0,0.0,0.0,0.0
2019-01-28,4,0,87,0.0,0.0,0.0,0.0,0.0
2019-01-28,4,0,88,90.71,90.71,0.0,439.228463,0.0
2019-01-28,4,0,89,87.2,87.2,0.0,422.232631,0.0
2019-01-28,4,0,90,117.08,117.08,0.0,566.915097,0.0
2019-01-28,4,0,91,417.65,417.65,0.0,2022.310302,0.0
2019-01-28,4,0,92,150.2,150.2,0.0,727.286023,0.0
2019-01-28,4,0,95,30.67,30.67,0.0,475.03462,0.0
2019-01-28,4,0,96,11.37,11.37,0.0,74.998182,0.0
2019-01-28,4,0,97,69.93,69.93,0.0,461.268502,0.0
2019-01-28,4,0,99,1.98,1.98,0.0,18.093177,0.0
2019-01-28,4,0,101,0.0,0.0,0.0,0.0,0.0
2019-01-28,4,0,102,9.83,9.83,0.0,20.348884,0.0
2019-01-28,4,0,103,8.55,8.55,0.0,17.699182,0.0
2019-01-28,4,0,104,1.59,1.59,0.0,3.291427,0.0
2019-01-28,4,0,106,0.0,0.0,0.0,0.0,0.0
2019-01-28,4,0,109,86.52,86.52,0.0,712.056369,0.0
2019-01-28,4,0,110,176.57,176.57,0.0,-1919.107351,0.0
2019-01-28,4,0,111,0.0,0.0,0.0,0.0,0.0
2019-01-28,4,0,113,19.33,19.33,0.0,98.496983,0.0
2019-01-28,4,0,115,19.33,19.33,0.0,98.496983,0.0
2019-01-28,4,0,116,0.0,0.0,0.0,-0.0,0.0
2019-01-28,4,0,117,1.29,1.29,0.0,6.57326,0.0
2019-01-28,4,0,119,133.6,133.6,0.0,2319.664836,0.0
2019-01-28,4,0,120,78.56,78.56,0.0,1364.018484,0.0
2019-01-28,4,0,123,0.0,0.0,0.0,0.0,0.0
2019-01-28,4,0,125,66.7,66.7,0.0,442.514969,0.0
2019-01-28,4,0,126,0.0,0.0,0.0,0.0,0.0
2019-01-28,4,0,127,0.0,0.0,0.0,0.0,0.0
2019-01-28,4,0,128,90.58,90.58,0.0,600.944616,0.0
2019-01-28,4,0,131,12.44,12.44,0.0,36.333788,0.0
2019-01-28,4,0,132,18.29,18.29,0.0,53.420014,0.0
2019-01-28,4,0,133,42.35,42.35,0.0,421.534855,0.0
2019-01-28,4,0,134,0.0,0.0,0.0,0.0,0.0
2019-01-28,4,0,135,58.43,58.43,0.0,581.588703,0.0
2019-01-28,4,0,136,12.04,12.04,0.0,119.448577,0.0
2019-01-28,4,0,139,65.75,65.75,0.0,502.154713,0.0
2019-01-28,4,0,140,130.68,130.68,0.0,-1420.337252,0.0
2019-01-28,4,0,141,107.27,107.27,0.0,-119.608476,0.0
2019-01-28,4,0,142,0.0,0.0,0.0,-0.0,0.0
2019-01-28,4,0,143,12.45,12.45,0.0,82.365448,0.0
2019-01-28,4,0,145,11.12,11.12,0.0,80.235474,0.0
2019-01-28,4,0,146,136.1,136.1,0.0,-1479.24625,0.0
2019-01-28,4,0,152,0.0,0.0,0.0,0.0,0.0
2019-01-28,4,0,153,0.0,0.0,0.0,0.0,0.0
2019-01-28,4,0,154,0.0,0.0,0.0,0.0,0.0
2019-01-28,4,0,157,66.47,66.47,0.0,-74.115553,0.0
2019-01-28,4,0,158,0.0,0.0,0.0,-0.0,0.0
2019-01-28,4,0,159,0.0,0.0,0.0,0.0,0.0
2019-01-28,4,0,160,0.0,0.0,0.0,0.0,0.0
2019-01-28,4,0,161,0.0,0.0,0.0,0.0,0.0
2019-01-28,4,0,162,13.27,13.27,0.0,205.8275,0.0
2019-01-28,4,0,163,76.46,76.46,0.0,-831.029892,0.0
2019-01-28,4,0,164,0.0,0.0,0.0,0.0,0.0
2019-01-28,4,0,167,0.0,0.0,0.0,0.0,0.0
2019-01-28,4,0,168,0.0,0.0,0.0,0.0,0.0
2019-01-28,4,0,169,0.0,0.0,0.0,0.0,0.0
2019-01-28,4,0,170,0.0,0.0,0.0,0.0,0.0
2019-01-28,4,0,172,0.0,0.0,0.0,0.0,0.0
2019-01-28,4,0,173,0.0,0.0,0.0,0.0,0.0
2019-01-28,4,0,188,0.0,0.0,0.0,0.0,0.0
2019-01-28,4,0,190,0.0,0.0,0.0,0.0,0.0
2019-01-28,4,0,191,0.0,0.0,0.0,0.0,0.0
2019-01-28,4,0,192,100.83,100.83,0.0,1750.687166,0.0
2019-01-28,4,0,194,135.89,135.89,0.0,1046.741943,0.0
2019-01-28,4,0,196,0.0,0.0,0.0,0.0,0.0
2019-01-28,4,0,198,0.0,0.0,0.0,0.0,0.0
2019-01-28,4,0,199,10.96,10.96,0.0,102.545897,0.0
2019-01-28,4,0,200,0.0,0.0,0.0,0.0,0.0
2019-01-28,4,0,204,380.11,380.11,0.0,3095.361081,0.0
2019-01-28,4,0,205,457.71,457.71,0.0,3766.936206,0.0
2019-01-28,4,0,206,205.5,205.5,0.0,1355.508039,0.0
2019-01-28,4,0,210,0.0,0.0,0.0,0.0,0.0
2019-01-28,4,0,214,0.0,0.0,0.0,0.0,0.0
2019-01-28,4,0,217,0.0,0.0,0.0,0.0,0.0
2019-01-28,4,0,218,0.0,0.0,0.0,0.0,0.0
2019-01-28,4,0,219,0.0,0.0,0.0,0.0,0.0
2019-01-28,4,0,221,0.0,0.0,0.0,0.0,0.0
2019-01-28,4,0,225,0.0,0.0,0.0,0.0,0.0
2019-01-28,4,0,233,0.0,0.0,0.0,0.0,0.0
2019-01-28,4,0,236,33.19,33.19,0.0,317.306576,0.0
2019-01-28,4,0,237,24.6,24.6,0.0,224.794016,0.0
2019-01-28,4,0,238,0.0,0.0,0.0,0.0,0.0
2019-01-28,4,0,240,0.0,0.0,0.0,0.0,0.0
2019-01-28,4,0,245,31.26,31.26,0.0,314.328951,0.0
2019-01-28,4,0,247,31.78,31.78,0.0,319.557712,0.0
2019-01-28,4,0,248,2.47,2.47,0.0,22.570781,0.0
2019-01-28,4,0,249,60.12,60.12,0.0,604.525161,0.0
2019-01-28,4,0,251,50.63,50.63,0.0,500.018363,0.0
2019-01-28,4,0,252,49.64,49.64,0.0,492.554713,0.0
2019-01-28,4,0,254,0.0,0.0,0.0,0.0,0.0
2019-01-28,4,0,255,0.0,0.0,0.0,0.0,0.0
2019-01-28,4,0,258,0.0,0.0,0.0,0.0,0.0
2019-01-28,4,0,260,0.0,0.0,0.0,0.0,0.0
2019-01-28,4,0,265,0.0,0.0,0.0,0.0,0.0
2019-01-28,4,0,266,42.57,42.57,0.0,325.12131,0.0
2019-01-28,4,0,267,52.32,52.32,0.0,399.585317,0.0
2019-01-28,4,0,270,238.78,238.78,0.0,-2595.256573,0.0
2019-01-28,4,0,272,64.6,64.6,0.0,329.172537,0.0
2019-01-28,4,0,273,0.0,0.0,0.0,-0.0,0.0
2019-01-28,4,0,274,307.82,307.82,0.0,-3345.639829,0.0
2019-01-28,4,0,275,428.49,428.49,0.0,-4657.180204,0.0
2019-01-28,4,0,276,0.0,0.0,0.0,-0.0,0.0
2019-01-28,4,0,277,0.0,0.0,0.0,0.0,0.0
2019-01-28,4,0,278,0.0,0.0,0.0,0.0,0.0
2019-01-28,4,0,279,108.57,108.57,0.0,542.192588,0.0
2019-01-28,4,0,281,4.73,4.73,0.0,31.292254,0.0
2019-01-28,4,0,282,0.0,0.0,0.0,0.0,0.0
2019-01-28,5,0,9,0.0,0.0,0.0,0.0,0.0
2019-01-28,5,0,17,0.0,0.0,0.0,0.0,0.0
2019-01-28,5,0,19,375.77,375.77,0.0,3814.369683,0.0
2019-01-28,5,0,20,455.73,455.73,0.0,4626.02841,0.0
2019-01-28,5,0,21,0.0,0.0,0.0,0.0,0.0
2019-01-28,5,0,22,0.0,0.0,0.0,0.0,0.0
2019-01-28,5,0,23,55.92,55.92,0.0,431.109269,0.0
2019-01-28,5,0,24,98.93,98.93,0.0,762.690271,0.0
2019-01-28,5,0,29,0.0,0.0,0.0,0.0,0.0
2019-01-28,5,0,30,0.0,0.0,0.0,0.0,0.0
2019-01-28,5,0,31,11.12,11.12,0.0,85.586239,0.0
2019-01-28,5,0,32,0.0,0.0,0.0,0.0,0.0
2019-01-28,5,0,33,0.0,0.0,0.0,0.0,0.0
2019-01-28,5,0,34,0.0,0.0,0.0,0.0,0.0
2019-01-28,5,0,35,0.0,0.0,0.0,0.0,0.0
2019-01-28,5,0,36,0.0,0.0,0.0,0.0,0.0
2019-01-28,5,0,37,0.0,0.0,0.0,0.0,0.0
2019-01-28,5,0,38,0.0,0.0,0.0,0.0,0.0
2019-01-28,5,0,39,0.0,0.0,0.0,0.0,0.0
2019-01-28,5,0,40,0.0,0.0,0.0,0.0,0.0
2019-01-28,5,0,41,49.44,49.44,0.0,415.717112,0.0
2019-01-28,5,0,42,0.0,0.0,0.0,0.0,0.0
2019-01-28,5,0,43,0.0,0.0,0.0,0.0,0.0
2019-01-28,5,0,46,0.0,0.0,0.0,0.0,0.0
2019-01-28,5,0,52,11.79,11.79,0.0,90.742963,0.0
2019-01-28,5,0,53,18.73,18.73,0.0,144.157396,0.0
2019-01-28,5,0,55,180.98,180.98,0.0,1395.245985,0.0
2019-01-28,5,0,56,0.0,0.0,0.0,0.0,0.0
2019-01-28,5,0,57,0.0,0.0,0.0,0.0,0.0
2019-01-28,5,0,58,0.0,0.0,0.0,0.0,0.0
2019-01-28,5,0,59,0.0,0.0,0.0,0.0,0.0
2019-01-28,5,0,63,120.11,120.11,0.0,1724.03909,0.0
2019-01-28,5,0,64,141.31,141.31,0.0,2028.340386,0.0
2019-01-28,5,0,65,7.7,7.7,0.0,77.984425,0.0
2019-01-28,5,0,67,0.0,0.0,0.0,0.0,0.0
2019-01-28,5,0,68,4.18,4.18,0.0,30.790385,0.0
2019-01-28,5,0,69,0.0,0.0,0.0,0.0,0.0
2019-01-28,5,0,74,7.02,7.02,0.0,66.69488,0.0
2019-01-28,5,0,77,116.1,116.1,0.0,753.159166,0.0
2019-01-28,5,0,78,87.77,87.77,0.0,569.37795,0.0
2019-01-28,5,0,79,50.79,50.79,0.0,329.482808,0.0
2019-01-28,5,0,80,82.14,82.14,0.0,532.855245,0.0
2019-01-28,5,0,81,107.39,107.39,0.0,696.656011,0.0
2019-01-28,5,0,82,75.76,75.76,0.0,491.46717,0.0
2019-01-28,5,0,83,168.93,168.93,0.0,1095.875779,0.0
2019-01-28,5,0,84,0.0,0.0,0.0,0.0,0.0
2019-01-28,5,0,86,0.0,0.0,0.0,0.0,0.0
2019-01-28,5,0,87,0.0,0.0,0.0,0.0,0.0
2019-01-28,5,0,88,103.5,103.5,0.0,671.420962,0.0
2019-01-28,5,0,89,99.49,99.49,0.0,645.407454,0.0
2019-01-28,5,0,90,133.59,133.59,0.0,866.619578,0.0
2019-01-28,5,0,91,476.54,476.54,0.0,3091.390777,0.0
2019-01-28,5,0,92,171.38,171.38,0.0,1111.769319,0.0
2019-01-28,5,0,95,17.38,17.38,0.0,247.544721,0.0
2019-01-28,5,0,96,11.69,11.69,0.0,89.817057,0.0
2019-01-28,5,0,97,71.91,71.91,0.0,552.501672,0.0
2019-01-28,5,0,99,1.35,1.35,0.0,12.825938,0.0
2019-01-28,5,0,101,0.0,0.0,0.0,0.0,0.0
2019-01-28,5,0,102,9.89,9.89,0.0,72.850935,0.0
2019-01-28,5,0,103,8.6,8.6,0.0,63.348639,0.0
2019-01-28,5,0,104,1.6,1.6,0.0,11.785793,0.0
2019-01-28,5,0,106,0.0,0.0,0.0,0.0,0.0
2019-01-28,5,0,109,92.05,92.05,0.0,809.069038,0.0
2019-01-28,5,0,110,49.51,49.51,0.0,596.848448,0.0
2019-01-28,5,0,111,0.0,0.0,0.0,0.0,0.0
2019-01-28,5,0,113,46.58,46.58,0.0,278.678218,0.0
2019-01-28,5,0,115,46.58,46.58,0.0,278.678218,0.0
2019-01-28,5,0,116,0.0,0.0,0.0,0.0,0.0
2019-01-28,5,0,117,2.24,2.24,0.0,13.401443,0.0
2019-01-28,5,0,119,141.31,141.31,0.0,2028.340386,0.0
2019-01-28,5,0,120,83.09,83.09,0.0,1192.660128,0.0
2019-01-28,5,0,123,0.0,0.0,0.0,0.0,0.0
2019-01-28,5,0,125,89.53,89.53,0.0,690.221975,0.0
2019-01-28,5,0,126,0.0,0.0,0.0,0.0,0.0
2019-01-28,5,0,127,0.0,0.0,0.0,0.0,0.0
2019-01-28,5,0,128,128.23,128.23,0.0,988.575493,0.0
2019-01-28,5,0,131,13.35,13.35,0.0,94.22233,0.0
2019-01-28,5,0,132,19.63,19.63,0.0,138.545643,0.0
2019-01-28,5,0,133,20.23,20.23,0.0,205.394641,0.0
2019-01-28,5,0,134,0.0,0.0,0.0,0.0,0.0
2019-01-28,5,0,135,28.83,28.83,0.0,292.710208,0.0
2019-01-28,5,0,136,12.18,12.18,0.0,123.341827,0.0
2019-01-28,5,0,139,63.85,63.85,0.0,536.883851,0.0
2019-01-28,5,0,140,36.64,36.64,0.0,441.699195,0.0
2019-01-28,5,0,141,103.51,103.51,0.0,881.945056,0.0
2019-01-28,5,0,142,0.0,0.0,0.0,0.0,0.0
2019-01-28,5,0,143,28.13,28.13,0.0,216.505476,0.0
2019-01-28,5,0,145,11.85,11.85,0.0,96.018997,0.0
2019-01-28,5,0,146,72.7,72.7,0.0,876.406427,0.0
2019-01-28,5,0,152,0.0,0.0,0.0,0.0,0.0
2019-01-28,5,0,153,0.0,0.0,0.0,0.0,0.0
2019-01-28,5,0,154,0.0,0.0,0.0,0.0,0.0
2019-01-28,5,0,157,45.22,45.22,0.0,385.291812,0.0
2019-01-28,5,0,158,0.0,0.0,0.0,0.0,0.0
2019-01-28,5,0,159,0.0,0.0,0.0,0.0,0.0
2019-01-28,5,0,160,0.0,0.0,0.0,0.0,0.0
2019-01-28,5,0,161,0.0,0.0,0.0,0.0,0.0
2019-01-28,5,0,162,13.68,13.68,0.0,194.907833,0.0
2019-01-28,5,0,163,74.63,74.63,0.0,899.672787,0.0
2019-01-28,5,0,164,0.0,0.0,0.0,0.0,0.0
2019-01-28,5,0,167,0.0,0.0,0.0,0.0,0.0
2019-01-28,5,0,168,0.0,0.0,0.0,0.0,0.0
2019-01-28,5,0,169,0.0,0.0,0.0,0.0,0.0
2019-01-28,5,0,170,0.0,0.0,0.0,0.0,0.0
2019-01-28,5,0,172,0.0,0.0,0.0,0.0,0.0
2019-01-28,5,0,173,0.0,0.0,0.0,0.0,0.0
2019-01-28,5,0,188,0.0,0.0,0.0,0.0,0.0
2019-01-28,5,0,190,0.0,0.0,0.0,0.0,0.0
2019-01-28,5,0,191,0.0,0.0,0.0,0.0,0.0
2019-01-28,5,0,192,90.36,90.36,0.0,1297.012506,0.0
2019-01-28,5,0,194,164.21,164.21,0.0,764.071909,0.0
2019-01-28,5,0,196,0.0,0.0,0.0,0.0,0.0
2019-01-28,5,0,198,0.0,0.0,0.0,0.0,0.0
2019-01-28,5,0,199,12.08,12.08,0.0,92.926358,0.0
2019-01-28,5,0,200,0.0,0.0,0.0,0.0,0.0
2019-01-28,5,0,204,401.36,401.36,0.0,3501.509658,0.0
2019-01-28,5,0,205,486.94,486.94,0.0,4279.935658,0.0
2019-01-28,5,0,206,211.3,211.3,0.0,1623.46827,0.0
2019-01-28,5,0,210,0.0,0.0,0.0,0.0,0.0
2019-01-28,5,0,214,0.0,0.0,0.0,0.0,0.0
2019-01-28,5,0,217,0.0,0.0,0.0,0.0,0.0
2019-01-28,5,0,218,0.0,0.0,0.0,0.0,0.0
2019-01-28,5,0,219,0.0,0.0,0.0,0.0,0.0
2019-01-28,5,0,221,0.0,0.0,0.0,0.0,0.0
2019-01-28,5,0,225,0.0,0.0,0.0,0.0,0.0
2019-01-28,5,0,233,0.0,0.0,0.0,0.0,0.0
2019-01-28,5,0,236,24.04,24.04,0.0,236.401704,0.0
2019-01-28,5,0,237,16.83,16.83,0.0,159.896699,0.0
2019-01-28,5,0,238,0.0,0.0,0.0,0.0,0.0
2019-01-28,5,0,240,0.0,0.0,0.0,0.0,0.0
2019-01-28,5,0,245,31.39,31.39,0.0,321.284436,0.0
2019-01-28,5,0,247,36.83,36.83,0.0,376.964185,0.0
2019-01-28,5,0,248,1.69,1.69,0.0,16.056175,0.0
2019-01-28,5,0,249,60.37,60.37,0.0,617.901924,0.0
2019-01-28,5,0,251,54.66,54.66,0.0,551.527452,0.0
2019-01-28,5,0,252,49.66,49.66,0.0,502.948899,0.0
2019-01-28,5,0,254,0.0,0.0,0.0,0.0,0.0
2019-01-28,5,0,255,0.0,0.0,0.0,0.0,0.0
2019-01-28,5,0,258,0.0,0.0,0.0,0.0,0.0
2019-01-28,5,0,260,0.0,0.0,0.0,0.0,0.0
2019-01-28,5,0,265,0.0,0.0,0.0,0.0,0.0
2019-01-28,5,0,266,41.35,41.35,0.0,347.692204,0.0
2019-01-28,5,0,267,50.81,50.81,0.0,427.236781,0.0
2019-01-28,5,0,270,233.06,233.06,0.0,2809.563712,0.0
2019-01-28,5,0,272,160.11,160.11,0.0,957.904026,0.0
2019-01-28,5,0,273,0.0,0.0,0.0,0.0,0.0
2019-01-28,5,0,274,300.44,300.44,0.0,3621.836959,0.0
2019-01-28,5,0,275,418.22,418.22,0.0,5041.687701,0.0
2019-01-28,5,0,276,0.0,0.0,0.0,0.0,0.0
2019-01-28,5,0,277,0.0,0.0,0.0,0.0,0.0
2019-01-28,5,0,278,0.0,0.0,0.0,0.0,0.0
2019-01-28,5,0,279,116.56,116.56,0.0,720.923355,0.0
2019-01-28,5,0,281,4.99,4.99,0.0,38.406055,0.0
2019-01-28,5,0,282,0.0,0.0,0.0,0.0,0.0
2019-01-28,6,0,9,0.0,0.0,0.0,0.0,0.0
2019-01-28,6,0,17,0.0,0.0,0.0,0.0,0.0
2019-01-28,6,0,19,388.81,388.81,0.0,4068.179037,0.0
2019-01-28,6,0,20,471.55,471.55,0.0,4933.900426,0.0
2019-01-28,6,0,21,0.0,0.0,0.0,0.0,0.0
2019-01-28,6,0,22,0.0,0.0,0.0,0.0,0.0
2019-01-28,6,0,23,65.86,65.86,0.0,450.318074,0.0
2019-01-28,6,0,24,116.53,116.53,0.0,796.774448,0.0
2019-01-28,6,0,29,0.0,0.0,0.0,0.0,0.0
2019-01-28,6,0,30,0.0,0.0,0.0,0.0,0.0
2019-01-28,6,0,31,12.27,12.27,0.0,83.655693,0.0
2019-01-28,6,0,32,0.0,0.0,0.0,0.0,0.0
2019-01-28,6,0,33,0.0,0.0,0.0,0.0,0.0
2019-01-28,6,0,34,0.0,0.0,0.0,0.0,0.0
2019-01-28,6,0,35,0.0,0.0,0.0,0.0,0.0
2019-01-28,6,0,36,0.0,0.0,0.0,0.0,0.0
2019-01-28,6,0,37,0.0,0.0,0.0,0.0,0.0
2019-01-28,6,0,38,0.0,0.0,0.0,0.0,0.0
2019-01-28,6,0,39,0.0,0.0,0.0,0.0,0.0
2019-01-28,6,0,40,0.0,0.0,0.0,0.0,0.0
2019-01-28,6,0,41,48.37,48.37,0.0,382.120673,0.0
2019-01-28,6,0,42,0.0,0.0,0.0,0.0,0.0
2019-01-28,6,0,43,0.0,0.0,0.0,0.0,0.0
2019-01-28,6,0,46,0.0,0.0,0.0,0.0,0.0
2019-01-28,6,0,52,13.0,13.0,0.0,88.632763,0.0
2019-01-28,6,0,53,20.64,20.64,0.0,140.721556,0.0
2019-01-28,6,0,55,77.87,77.87,0.0,532.436508,0.0
2019-01-28,6,0,56,0.0,0.0,0.0,0.0,0.0
2019-01-28,6,0,57,0.0,0.0,0.0,0.0,0.0
2019-01-28,6,0,58,0.0,0.0,0.0,0.0,0.0
2019-01-28,6,0,59,0.0,0.0,0.0,0.0,0.0
2019-01-28,6,0,63,131.12,131.12,0.0,2287.826533,0.0
2019-01-28,6,0,64,154.25,154.25,0.0,2691.406671,0.0
2019-01-28,6,0,65,7.74,7.74,0.0,80.73076,0.0
2019-01-28,6,0,67,0.0,0.0,0.0,0.0,0.0
2019-01-28,6,0,68,4.45,4.45,0.0,19.574929,0.0
2019-01-28,6,0,69,0.0,0.0,0.0,0.0,0.0
2019-01-28,6,0,74,4.58,4.58,0.0,43.645678,0.0
2019-01-28,6,0,77,137.04,137.04,0.0,680.045095,0.0
2019-01-28,6,0,78,103.6,103.6,0.0,514.102976,0.0
2019-01-28,6,0,79,59.96,59.96,0.0,297.544541,0.0
2019-01-28,6,0,80,96.96,96.96,0.0,481.152747,0.0
2019-01-28,6,0,81,126.77,126.77,0.0,629.081412,0.0
2019-01-28,6,0,82,89.42,89.42,0.0,443.736372,0.0
2019-01-28,6,0,83,199.4,199.4,0.0,989.499358,0.0
2019-01-28,6,0,84,0.0,0.0,0.0,0.0,0.0
2019-01-28,6,0,86,0.0,0.0,0.0,0.0,0.0
2019-01-28,6,0,87,0.0,0.0,0.0,0.0,0.0
2019-01-28,6,0,88,123.18,123.18,0.0,611.266454,0.0
2019-01-28,6,0,89,118.41,118.41,0.0,587.595882,0.0
2019-01-28,6,0,90,158.99,158.99,0.0,788.969423,0.0
2019-01-28,6,0,91,567.16,567.16,0.0,2814.465676,0.0
2019-01-28,6,0,92,203.98,203.98,0.0,1012.227076,0.0
2019-01-28,6,0,95,22.87,22.87,0.0,376.783653,0.0
2019-01-28,6,0,96,12.31,12.31,0.0,83.676251,0.0
2019-01-28,6,0,97,75.72,75.72,0.0,514.700708,0.0
2019-01-28,6,0,99,0.88,0.88,0.0,8.386069,0.0
2019-01-28,6,0,101,0.0,0.0,0.0,0.0,0.0
2019-01-28,6,0,102,10.54,10.54,0.0,46.36399,0.0
2019-01-28,6,0,103,9.16,9.16,0.0,40.293563,0.0
2019-01-28,6,0,104,1.7,1.7,0.0,7.478063,0.0
2019-01-28,6,0,106,0.0,0.0,0.0,0.0,0.0
2019-01-28,6,0,109,99.2,99.2,0.0,843.185115,0.0
2019-01-28,6,0,110,44.78,44.78,0.0,101.347219,0.0
2019-01-28,6,0,111,0.0,0.0,0.0,0.0,0.0
2019-01-28,6,0,113,65.29,65.29,0.0,303.99952,0.0
2019-01-28,6,0,115,65.29,65.29,0.0,303.99952,0.0
2019-01-28,6,0,116,0.0,0.0,0.0,0.0,0.0
2019-01-28,6,0,117,2.59,2.59,0.0,12.059408,0.0
2019-01-28,6,0,119,154.25,154.25,0.0,2691.406671,0.0
2019-01-28,6,0,120,90.7,90.7,0.0,1582.564571,0.0
2019-01-28,6,0,123,0.0,0.0,0.0,0.0,0.0
2019-01-28,6,0,125,105.45,105.45,0.0,721.014893,0.0
2019-01-28,6,0,126,0.0,0.0,0.0,0.0,0.0
2019-01-28,6,0,127,0.0,0.0,0.0,0.0,0.0
2019-01-28,6,0,128,151.03,151.03,0.0,1032.668367,0.0
2019-01-28,6,0,131,14.95,14.95,0.0,67.861993,0.0
2019-01-28,6,0,132,21.98,21.98,0.0,99.773017,0.0
2019-01-28,6,0,133,17.84,17.84,0.0,186.717843,0.0
2019-01-28,6,0,134,0.0,0.0,0.0,0.0,0.0
2019-01-28,6,0,135,23.9,23.9,0.0,250.143299,0.0
2019-01-28,6,0,136,12.31,12.31,0.0,128.375189,0.0
2019-01-28,6,0,139,62.46,62.46,0.0,493.430995,0.0
2019-01-28,6,0,140,33.14,33.14,0.0,75.003279,0.0
2019-01-28,6,0,141,107.11,107.11,0.0,414.852252,0.0
2019-01-28,6,0,142,0.0,0.0,0.0,0.0,0.0
2019-01-28,6,0,143,64.17,64.17,0.0,437.504954,0.0
2019-01-28,6,0,145,13.03,13.03,0.0,96.982205,0.0
2019-01-28,6,0,146,211.58,211.58,0.0,478.853163,0.0
2019-01-28,6,0,152,0.0,0.0,0.0,0.0,0.0
2019-01-28,6,0,153,0.0,0.0,0.0,0.0,0.0
2019-01-28,6,0,154,0.0,0.0,0.0,0.0,0.0
2019-01-28,6,0,157,47.38,47.38,0.0,183.509473,0.0
2019-01-28,6,0,158,0.0,0.0,0.0,0.0,0.0
2019-01-28,6,0,159,0.0,0.0,0.0,0.0,0.0
2019-01-28,6,0,160,0.0,0.0,0.0,0.0,0.0
2019-01-28,6,0,161,0.0,0.0,0.0,0.0,0.0
2019-01-28,6,0,162,14.45,14.45,0.0,238.269928,0.0
2019-01-28,6,0,163,76.98,76.98,0.0,174.223067,0.0
2019-01-28,6,0,164,0.0,0.0,0.0,0.0,0.0
2019-01-28,6,0,167,0.0,0.0,0.0,0.0,0.0
2019-01-28,6,0,168,0.0,0.0,0.0,0.0,0.0
2019-01-28,6,0,169,0.0,0.0,0.0,0.0,0.0
2019-01-28,6,0,170,0.0,0.0,0.0,0.0,0.0
2019-01-28,6,0,172,0.0,0.0,0.0,0.0,0.0
2019-01-28,6,0,173,0.0,0.0,0.0,0.0,0.0
2019-01-28,6,0,188,0.0,0.0,0.0,0.0,0.0
2019-01-28,6,0,190,0.0,0.0,0.0,0.0,0.0
2019-01-28,6,0,191,0.0,0.0,0.0,0.0,0.0
2019-01-28,6,0,192,87.04,87.04,0.0,1518.703641,0.0
2019-01-28,6,0,194,176.5,176.5,0.0,840.446803,0.0
2019-01-28,6,0,196,0.0,0.0,0.0,0.0,0.0
2019-01-28,6,0,198,0.0,0.0,0.0,0.0,0.0
2019-01-28,6,0,199,13.45,13.45,0.0,108.761095,0.0
2019-01-28,6,0,200,0.0,0.0,0.0,0.0,0.0
2019-01-28,6,0,204,428.79,428.79,0.0,3603.458669,0.0
2019-01-28,6,0,205,524.76,524.76,0.0,4460.381258,0.0
2019-01-28,6,0,206,222.51,222.51,0.0,1512.494116,0.0
2019-01-28,6,0,210,0.0,0.0,0.0,0.0,0.0
2019-01-28,6,0,214,0.0,0.0,0.0,0.0,0.0
2019-01-28,6,0,217,0.0,0.0,0.0,0.0,0.0
2019-01-28,6,0,218,0.0,0.0,0.0,0.0,0.0
2019-01-28,6,0,219,0.0,0.0,0.0,0.0,0.0
2019-01-28,6,0,221,0.0,0.0,0.0,0.0,0.0
2019-01-28,6,0,225,0.0,0.0,0.0,0.0,0.0
2019-01-28,6,0,233,0.0,0.0,0.0,0.0,0.0
2019-01-28,6,0,236,16.79,16.79,0.0,168.075958,0.0
2019-01-28,6,0,237,10.98,10.98,0.0,104.635273,0.0
2019-01-28,6,0,238,0.0,0.0,0.0,0.0,0.0
2019-01-28,6,0,240,0.0,0.0,0.0,0.0,0.0
2019-01-28,6,0,245,31.69,31.69,0.0,335.402409,0.0
2019-01-28,6,0,247,42.41,42.41,0.0,448.861349,0.0
2019-01-28,6,0,248,1.1,1.1,0.0,10.482587,0.0
2019-01-28,6,0,249,60.93,60.93,0.0,644.87437,0.0
2019-01-28,6,0,251,58.6,58.6,0.0,608.059372,0.0
2019-01-28,6,0,252,49.91,49.91,0.0,520.577806,0.0
2019-01-28,6,0,254,0.0,0.0,0.0,0.0,0.0
2019-01-28,6,0,255,0.0,0.0,0.0,0.0,0.0
2019-01-28,6,0,258,0.0,0.0,0.0,0.0,0.0
2019-01-28,6,0,260,0.0,0.0,0.0,0.0,0.0
2019-01-28,6,0,265,0.0,0.0,0.0,0.0,0.0
2019-01-28,6,0,266,40.44,40.44,0.0,319.474055,0.0
2019-01-28,6,0,267,49.7,49.7,0.0,392.627609,0.0
2019-01-28,6,0,270,240.41,240.41,0.0,544.101943,0.0
2019-01-28,6,0,272,230.38,230.38,0.0,1072.682025,0.0
2019-01-28,6,0,273,0.0,0.0,0.0,0.0,0.0
2019-01-28,6,0,274,309.92,309.92,0.0,701.418718,0.0
2019-01-28,6,0,275,431.41,431.41,0.0,976.377934,0.0
2019-01-28,6,0,276,0.0,0.0,0.0,0.0,0.0
2019-01-28,6,0,277,0.0,0.0,0.0,0.0,0.0
2019-01-28,6,0,278,0.0,0.0,0.0,0.0,0.0
2019-01-28,6,0,279,132.0,132.0,0.0,630.817363,0.0
2019-01-28,6,0,281,5.51,5.51,0.0,37.566656,0.0
2019-01-28,6,0,282,0.0,0.0,0.0,0.0,0.0
2019-01-28,7,0,9,0.0,0.0,0.0,0.0,0.0
2019-01-28,7,0,17,0.0,0.0,0.0,0.0,0.0
2019-01-28,7,0,19,403.16,403.16,0.0,4691.943685,0.0
2019-01-28,7,0,20,488.95,488.95,0.0,5690.360811,0.0
2019-01-28,7,0,21,0.0,0.0,0.0,0.0,0.0
2019-01-28,7,0,22,0.0,0.0,0.0,0.0,0.0
2019-01-28,7,0,23,79.03,79.03,0.0,432.678536,0.0
2019-01-28,7,0,24,139.82,139.82,0.0,765.495545,0.0
2019-01-28,7,0,29,0.0,0.0,0.0,0.0,0.0
2019-01-28,7,0,30,0.0,0.0,0.0,0.0,0.0
2019-01-28,7,0,31,34.55,34.55,0.0,187.979474,0.0
2019-01-28,7,0,32,0.0,0.0,0.0,0.0,0.0
2019-01-28,7,0,33,0.0,0.0,0.0,0.0,0.0
2019-01-28,7,0,34,0.0,0.0,0.0,0.0,0.0
2019-01-28,7,0,35,0.0,0.0,0.0,0.0,0.0
2019-01-28,7,0,36,0.0,0.0,0.0,0.0,0.0
2019-01-28,7,0,37,0.0,0.0,0.0,0.0,0.0
2019-01-28,7,0,38,0.0,0.0,0.0,0.0,0.0
2019-01-28,7,0,39,0.0,0.0,0.0,0.0,0.0
2019-01-28,7,0,40,0.0,0.0,0.0,0.0,0.0
2019-01-28,7,0,41,35.29,35.29,0.0,257.999075,0.0
2019-01-28,7,0,42,0.0,0.0,0.0,0.0,0.0
2019-01-28,7,0,43,0.0,0.0,0.0,0.0,0.0
2019-01-28,7,0,46,0.0,0.0,0.0,0.0,0.0
2019-01-28,7,0,52,36.62,36.62,0.0,199.24192,0.0
2019-01-28,7,0,53,58.2,58.2,0.0,316.65428,0.0
2019-01-28,7,0,55,85.84,85.84,0.0,469.962363,0.0
2019-01-28,7,0,56,0.0,0.0,0.0,0.0,0.0
2019-01-28,7,0,57,0.0,0.0,0.0,0.0,0.0
2019-01-28,7,0,58,0.0,0.0,0.0,0.0,0.0
2019-01-28,7,0,59,0.0,0.0,0.0,0.0,0.0
2019-01-28,7,0,63,146.7,146.7,0.0,3334.632331,0.0
2019-01-28,7,0,64,172.59,172.59,0.0,3923.136973,0.0
2019-01-28,7,0,65,7.76,7.76,0.0,89.889548,0.0
2019-01-28,7,0,67,0.0,0.0,0.0,-0.0,0.0
2019-01-28,7,0,68,4.97,4.97,0.0,-22.910949,0.0
2019-01-28,7,0,69,0.0,0.0,0.0,0.0,0.0
2019-01-28,7,0,74,2.79,2.79,0.0,28.152727,0.0
2019-01-28,7,0,77,166.55,166.55,0.0,368.597275,0.0
2019-01-28,7,0,78,125.91,125.91,0.0,278.655556,0.0
2019-01-28,7,0,79,72.87,72.87,0.0,161.27099,0.0
2019-01-28,7,0,80,117.84,117.84,0.0,260.795574,0.0
2019-01-28,7,0,81,154.06,154.06,0.0,340.955246,0.0
2019-01-28,7,0,82,108.67,108.67,0.0,240.501146,0.0
2019-01-28,7,0,83,242.33,242.33,0.0,536.308481,0.0
2019-01-28,7,0,84,0.0,0.0,0.0,0.0,0.0
2019-01-28,7,0,86,0.0,0.0,0.0,0.0,0.0
2019-01-28,7,0,87,0.0,0.0,0.0,0.0,0.0
2019-01-28,7,0,88,150.93,150.93,0.0,334.02814,0.0
2019-01-28,7,0,89,145.09,145.09,0.0,321.103444,0.0
2019-01-28,7,0,90,194.81,194.81,0.0,431.140409,0.0
2019-01-28,7,0,91,694.93,694.93,0.0,1537.972405,0.0
2019-01-28,7,0,92,249.93,249.93,0.0,553.128291,0.0
2019-01-28,7,0,95,29.9,29.9,0.0,559.6635,0.0
2019-01-28,7,0,96,13.29,13.29,0.0,71.834968,0.0
2019-01-28,7,0,97,81.75,81.75,0.0,441.874241,0.0
2019-01-28,7,0,99,0.54,0.54,0.0,5.448915,0.0
2019-01-28,7,0,101,0.0,0.0,0.0,0.0,0.0
2019-01-28,7,0,102,11.77,11.77,0.0,-54.257922,0.0
2019-01-28,7,0,103,10.23,10.23,0.0,-47.158755,0.0
2019-01-28,7,0,104,1.9,1.9,0.0,-8.758713,0.0
2019-01-28,7,0,106,0.0,0.0,0.0,0.0,0.0
2019-01-28,7,0,109,107.44,107.44,0.0,899.582563,0.0
2019-01-28,7,0,110,156.95,156.95,0.0,-5781.039638,0.0
2019-01-28,7,0,111,0.0,0.0,0.0,0.0,0.0
2019-01-28,7,0,113,40.92,40.92,0.0,127.228874,0.0
2019-01-28,7,0,115,40.92,40.92,0.0,127.228874,0.0
2019-01-28,7,0,116,0.0,0.0,0.0,-0.0,0.0
2019-01-28,7,0,117,1.68,1.68,0.0,5.223473,0.0
2019-01-28,7,0,119,172.59,172.59,0.0,3923.136973,0.0
2019-01-28,7,0,120,101.48,101.48,0.0,2306.738166,0.0
2019-01-28,7,0,123,0.0,0.0,0.0,0.0,0.0
2019-01-28,7,0,125,126.53,126.53,0.0,692.734596,0.0
2019-01-28,7,0,126,0.0,0.0,0.0,0.0,0.0
2019-01-28,7,0,127,0.0,0.0,0.0,0.0,0.0
2019-01-28,7,0,128,181.22,181.22,0.0,992.154932,0.0
2019-01-28,7,0,131,17.29,17.29,0.0,-43.075589,0.0
2019-01-28,7,0,132,25.41,25.41,0.0,-63.30542,0.0
2019-01-28,7,0,133,19.07,19.07,0.0,222.032535,0.0
2019-01-28,7,0,134,0.0,0.0,0.0,0.0,0.0
2019-01-28,7,0,135,25.55,25.55,0.0,297.479353,0.0
2019-01-28,7,0,136,12.41,12.41,0.0,143.716839,0.0
2019-01-28,7,0,139,45.58,45.58,0.0,333.227482,0.0
2019-01-28,7,0,140,116.16,116.16,0.0,-4278.595504,0.0
2019-01-28,7,0,141,118.5,118.5,0.0,-1486.252383,0.0
2019-01-28,7,0,142,0.0,0.0,0.0,-0.0,0.0
2019-01-28,7,0,143,64.09,64.09,0.0,348.700564,0.0
2019-01-28,7,0,145,14.73,14.73,0.0,96.191154,0.0
2019-01-28,7,0,146,268.0,268.0,0.0,-9871.415247,0.0
2019-01-28,7,0,152,0.0,0.0,0.0,0.0,0.0
2019-01-28,7,0,153,0.0,0.0,0.0,0.0,0.0
2019-01-28,7,0,154,0.0,0.0,0.0,0.0,0.0
2019-01-28,7,0,157,74.15,74.15,0.0,-930.005183,0.0
2019-01-28,7,0,158,0.0,0.0,0.0,-0.0,0.0
2019-01-28,7,0,159,0.0,0.0,0.0,0.0,0.0
2019-01-28,7,0,160,0.0,0.0,0.0,0.0,0.0
2019-01-28,7,0,161,0.0,0.0,0.0,-0.0,0.0
2019-01-28,7,0,162,15.44,15.44,0.0,289.695666,0.0
2019-01-28,7,0,163,83.23,83.23,0.0,-3065.663772,0.0
2019-01-28,7,0,164,0.0,0.0,0.0,0.0,0.0
2019-01-28,7,0,167,0.0,0.0,0.0,0.0,0.0
2019-01-28,7,0,168,0.0,0.0,0.0,0.0,0.0
2019-01-28,7,0,169,0.0,0.0,0.0,0.0,0.0
2019-01-28,7,0,170,0.0,0.0,0.0,0.0,0.0
2019-01-28,7,0,172,0.0,0.0,0.0,0.0,0.0
2019-01-28,7,0,173,0.0,0.0,0.0,0.0,0.0
2019-01-28,7,0,188,0.0,0.0,0.0,0.0,0.0
2019-01-28,7,0,190,0.0,0.0,0.0,0.0,0.0
2019-01-28,7,0,191,0.0,0.0,0.0,0.0,0.0
2019-01-28,7,0,192,91.58,91.58,0.0,2081.701628,0.0
2019-01-28,7,0,194,176.5,176.5,0.0,1738.486062,0.0
2019-01-28,7,0,196,0.0,0.0,0.0,0.0,0.0
2019-01-28,7,0,198,0.0,0.0,0.0,0.0,0.0
2019-01-28,7,0,199,15.11,15.11,0.0,159.50343,0.0
2019-01-28,7,0,200,0.0,0.0,0.0,0.0,0.0
2019-01-28,7,0,204,461.26,461.26,0.0,3787.306164,0.0
2019-01-28,7,0,205,568.34,568.34,0.0,4758.644394,0.0
2019-01-28,7,0,206,240.23,240.23,0.0,1298.488671,0.0
2019-01-28,7,0,210,0.0,0.0,0.0,0.0,0.0
2019-01-28,7,0,214,0.0,0.0,0.0,0.0,0.0
2019-01-28,7,0,217,0.0,0.0,0.0,0.0,0.0
2019-01-28,7,0,218,0.0,0.0,0.0,0.0,0.0
2019-01-28,7,0,219,0.0,0.0,0.0,0.0,0.0
2019-01-28,7,0,221,0.0,0.0,0.0,0.0,0.0
2019-01-28,7,0,225,0.0,0.0,0.0,0.0,0.0
2019-01-28,7,0,233,0.0,0.0,0.0,0.0,0.0
2019-01-28,7,0,236,11.18,11.18,0.0,121.762158,0.0
2019-01-28,7,0,237,6.7,6.7,0.0,67.606907,0.0
2019-01-28,7,0,238,0.0,0.0,0.0,0.0,0.0
2019-01-28,7,0,240,0.0,0.0,0.0,0.0,0.0
2019-01-28,7,0,245,32.3,32.3,0.0,382.344272,0.0
2019-01-28,7,0,247,48.98,48.98,0.0,579.790169,0.0
2019-01-28,7,0,248,0.67,0.67,0.0,6.760691,0.0
2019-01-28,7,0,249,62.12,62.12,0.0,735.332081,0.0
2019-01-28,7,0,251,63.43,63.43,0.0,729.108359,0.0
2019-01-28,7,0,252,50.03,50.03,0.0,579.532745,0.0
2019-01-28,7,0,254,0.0,0.0,0.0,0.0,0.0
2019-01-28,7,0,255,0.0,0.0,0.0,0.0,0.0
2019-01-28,7,0,258,0.0,0.0,0.0,0.0,0.0
2019-01-28,7,0,260,0.0,0.0,0.0,0.0,0.0
2019-01-28,7,0,265,0.0,0.0,0.0,0.0,0.0
2019-01-28,7,0,266,29.51,29.51,0.0,215.742497,0.0
2019-01-28,7,0,267,36.26,36.26,0.0,265.090577,0.0
2019-01-28,7,0,270,259.93,259.93,0.0,-9574.16778,0.0
2019-01-28,7,0,272,145.59,145.59,0.0,452.669887,0.0
2019-01-28,7,0,273,0.0,0.0,0.0,-0.0,0.0
2019-01-28,7,0,274,335.07,335.07,0.0,-12341.847414,0.0
2019-01-28,7,0,275,466.43,466.43,0.0,-17180.31423,0.0
2019-01-28,7,0,276,0.0,0.0,0.0,-0.0,0.0
2019-01-28,7,0,277,0.0,0.0,0.0,0.0,0.0
2019-01-28,7,0,278,0.0,0.0,0.0,0.0,0.0
2019-01-28,7,0,279,155.3,155.3,0.0,427.068511,0.0
2019-01-28,7,0,281,15.49,15.49,0.0,84.277918,0.0
2019-01-28,7,0,282,0.0,0.0,0.0,0.0,0.0
2019-01-28,8,0,9,0.0,0.0,0.0,0.0,0.0
2019-01-28,8,0,17,0.0,0.0,0.0,0.0,0.0
2019-01-28,8,0,19,294.06,294.06,0.0,3898.073957,0.0
2019-01-28,8,0,20,365.98,365.98,0.0,4851.449047,0.0
2019-01-28,8,0,21,0.0,0.0,0.0,0.0,0.0
2019-01-28,8,0,22,0.0,0.0,0.0,0.0,0.0
2019-01-28,8,0,23,70.47,70.47,0.0,658.106872,0.0
2019-01-28,8,0,24,124.68,124.68,0.0,1164.364478,0.0
2019-01-28,8,0,29,0.0,0.0,0.0,0.0,0.0
2019-01-28,8,0,30,0.0,0.0,0.0,0.0,0.0
2019-01-28,8,0,31,16.18,16.18,0.0,150.78053,0.0
2019-01-28,8,0,32,0.0,0.0,0.0,0.0,0.0
2019-01-28,8,0,33,0.0,0.0,0.0,0.0,0.0
2019-01-28,8,0,34,0.0,0.0,0.0,0.0,0.0
2019-01-28,8,0,35,0.0,0.0,0.0,0.0,0.0
2019-01-28,8,0,36,0.0,0.0,0.0,0.0,0.0
2019-01-28,8,0,37,0.0,0.0,0.0,0.0,0.0
2019-01-28,8,0,38,0.0,0.0,0.0,0.0,0.0
2019-01-28,8,0,39,0.0,0.0,0.0,0.0,0.0
2019-01-28,8,0,40,0.0,0.0,0.0,0.0,0.0
2019-01-28,8,0,41,14.7,14.7,0.0,153.394455,0.0
2019-01-28,8,0,42,0.0,0.0,0.0,0.0,0.0
2019-01-28,8,0,43,0.0,0.0,0.0,0.0,0.0
2019-01-28,8,0,46,0.0,0.0,0.0,0.0,0.0
2019-01-28,8,0,52,17.15,17.15,0.0,159.819907,0.0
2019-01-28,8,0,53,27.25,27.25,0.0,253.941252,0.0
2019-01-28,8,0,55,84.56,84.56,0.0,789.690891,0.0
2019-01-28,8,0,56,0.0,0.0,0.0,0.0,0.0
2019-01-28,8,0,57,0.0,0.0,0.0,0.0,0.0
2019-01-28,8,0,58,0.0,0.0,0.0,0.0,0.0
2019-01-28,8,0,59,0.0,0.0,0.0,0.0,0.0
2019-01-28,8,0,63,39.52,39.52,0.0,676.722323,0.0
2019-01-28,8,0,64,46.45,46.45,0.0,795.388459,0.0
2019-01-28,8,0,65,7.64,7.64,0.0,100.984442,0.0
2019-01-28,8,0,67,0.0,0.0,0.0,0.0,0.0
2019-01-28,8,0,68,3.52,3.52,0.0,22.735973,0.0
2019-01-28,8,0,69,0.0,0.0,0.0,0.0,0.0
2019-01-28,8,0,74,1.99,1.99,0.0,24.236663,0.0
2019-01-28,8,0,77,90.36,90.36,0.0,672.383298,0.0
2019-01-28,8,0,78,68.23,68.23,0.0,507.710407,0.0
2019-01-28,8,0,79,39.35,39.35,0.0,292.809681,0.0
2019-01-28,8,0,80,63.83,63.83,0.0,474.9693,0.0
2019-01-28,8,0,81,83.56,83.56,0.0,621.783404,0.0
2019-01-28,8,0,82,58.84,58.84,0.0,437.837907,0.0
2019-01-28,8,0,83,131.64,131.64,0.0,979.554419,0.0
2019-01-28,8,0,84,0.0,0.0,0.0,0.0,0.0
2019-01-28,8,0,86,0.0,0.0,0.0,0.0,0.0
2019-01-28,8,0,87,0.0,0.0,0.0,0.0,0.0
2019-01-28,8,0,88,80.7,80.7,0.0,600.501684,0.0
2019-01-28,8,0,89,77.89,77.89,0.0,579.592022,0.0
2019-01-28,8,0,90,101.62,101.62,0.0,756.17077,0.0
2019-01-28,8,0,91,318.58,318.58,0.0,2370.605036,0.0
2019-01-28,8,0,92,127.48,127.48,0.0,948.59919,0.0
2019-01-28,8,0,95,24.56,24.56,0.0,396.188908,0.0
2019-01-28,8,0,96,12.46,12.46,0.0,115.855202,0.0
2019-01-28,8,0,97,76.64,76.64,0.0,712.611775,0.0
2019-01-28,8,0,99,0.38,0.38,0.0,4.628106,0.0
2019-01-28,8,0,101,0.0,0.0,0.0,0.0,0.0
2019-01-28,8,0,102,8.33,8.33,0.0,53.804164,0.0
2019-01-28,8,0,103,7.24,7.24,0.0,46.763763,0.0
2019-01-28,8,0,104,1.34,1.34,0.0,8.655172,0.0
2019-01-28,8,0,106,0.0,0.0,0.0,0.0,0.0
2019-01-28,8,0,109,135.19,135.19,0.0,1488.454724,0.0
2019-01-28,8,0,110,324.28,324.28,0.0,742.120881,0.0
2019-01-28,8,0,111,0.0,0.0,0.0,0.0,0.0
2019-01-28,8,0,113,52.87,52.87,0.0,382.353501,0.0
2019-01-28,8,0,115,52.87,52.87,0.0,382.353501,0.0
2019-01-28,8,0,116,0.0,0.0,0.0,0.0,0.0
2019-01-28,8,0,117,2.74,2.74,0.0,19.815559,0.0
2019-01-28,8,0,119,46.45,46.45,0.0,795.388459,0.0
2019-01-28,8,0,120,27.41,27.41,0.0,469.356247,0.0
2019-01-28,8,0,123,0.0,0.0,0.0,0.0,0.0
2019-01-28,8,0,125,112.82,112.82,0.0,1053.606034,0.0
2019-01-28,8,0,126,0.0,0.0,0.0,0.0,0.0
2019-01-28,8,0,127,0.0,0.0,0.0,0.0,0.0
2019-01-28,8,0,128,161.59,161.59,0.0,1509.060442,0.0
2019-01-28,8,0,131,13.45,13.45,0.0,90.562467,0.0
2019-01-28,8,0,132,19.77,19.77,0.0,133.116726,0.0
2019-01-28,8,0,133,14.89,14.89,0.0,197.436156,0.0
2019-01-28,8,0,134,0.0,0.0,0.0,0.0,0.0
2019-01-28,8,0,135,19.95,19.95,0.0,264.529973,0.0
2019-01-28,8,0,136,12.6,12.6,0.0,166.518605,0.0
2019-01-28,8,0,139,18.98,18.98,0.0,198.056242,0.0
2019-01-28,8,0,140,240.0,240.0,0.0,549.244516,0.0
2019-01-28,8,0,141,65.05,65.05,0.0,353.380013,0.0
2019-01-28,8,0,142,0.0,0.0,0.0,0.0,0.0
2019-01-28,8,0,143,24.16,24.16,0.0,225.145712,0.0
2019-01-28,8,0,145,14.42,14.42,0.0,143.447419,0.0
2019-01-28,8,0,146,268.0,268.0,0.0,613.323042,0.0
2019-01-28,8,0,152,0.0,0.0,0.0,0.0,0.0
2019-01-28,8,0,153,0.0,0.0,0.0,0.0,0.0
2019-01-28,8,0,154,0.0,0.0,0.0,0.0,0.0
2019-01-28,8,0,157,99.13,99.13,0.0,538.517458,0.0
2019-01-28,8,0,158,0.0,0.0,0.0,0.0,0.0
2019-01-28,8,0,159,0.0,0.0,0.0,0.0,0.0
2019-01-28,8,0,160,0.0,0.0,0.0,0.0,0.0
2019-01-28,8,0,161,0.0,0.0,0.0,0.0,0.0
2019-01-28,8,0,162,12.24,12.24,0.0,197.613424,0.0
2019-01-28,8,0,163,35.56,35.56,0.0,81.379729,0.0
2019-01-28,8,0,164,0.0,0.0,0.0,0.0,0.0
2019-01-28,8,0,167,0.0,0.0,0.0,0.0,0.0
2019-01-28,8,0,168,0.0,0.0,0.0,0.0,0.0
2019-01-28,8,0,169,0.0,0.0,0.0,0.0,0.0
2019-01-28,8,0,170,0.0,0.0,0.0,0.0,0.0
2019-01-28,8,0,172,0.0,0.0,0.0,0.0,0.0
2019-01-28,8,0,173,0.0,0.0,0.0,0.0,0.0
2019-01-28,8,0,188,0.0,0.0,0.0,0.0,0.0
2019-01-28,8,0,190,0.0,0.0,0.0,0.0,0.0
2019-01-28,8,0,191,0.0,0.0,0.0,0.0,0.0
2019-01-28,8,0,192,18.1,18.1,0.0,309.936084,0.0
2019-01-28,8,0,194,176.5,176.5,0.0,1376.869072,0.0
2019-01-28,8,0,196,0.0,0.0,0.0,0.0,0.0
2019-01-28,8,0,198,0.0,0.0,0.0,0.0,0.0
2019-01-28,8,0,199,15.17,15.17,0.0,146.618925,0.0
2019-01-28,8,0,200,0.0,0.0,0.0,0.0,0.0
2019-01-28,8,0,204,568.07,568.07,0.0,6194.369443,0.0
2019-01-28,8,0,205,715.19,715.19,0.0,7874.309741,0.0
2019-01-28,8,0,206,225.22,225.22,0.0,2094.133925,0.0
2019-01-28,8,0,210,0.0,0.0,0.0,0.0,0.0
2019-01-28,8,0,214,0.0,0.0,0.0,0.0,0.0
2019-01-28,8,0,217,0.0,0.0,0.0,0.0,0.0
2019-01-28,8,0,218,0.0,0.0,0.0,0.0,0.0
2019-01-28,8,0,219,0.0,0.0,0.0,0.0,0.0
2019-01-28,8,0,221,0.0,0.0,0.0,0.0,0.0
2019-01-28,8,0,225,0.0,0.0,0.0,0.0,0.0
2019-01-28,8,0,233,0.0,0.0,0.0,0.0,0.0
2019-01-28,8,0,236,10.92,10.92,0.0,138.988838,0.0
2019-01-28,8,0,237,4.77,4.77,0.0,58.094915,0.0
2019-01-28,8,0,238,0.0,0.0,0.0,0.0,0.0
2019-01-28,8,0,240,0.0,0.0,0.0,0.0,0.0
2019-01-28,8,0,245,26.28,26.28,0.0,352.059707,0.0
2019-01-28,8,0,247,40.89,40.89,0.0,547.782399,0.0
2019-01-28,8,0,248,0.48,0.48,0.0,5.846029,0.0
2019-01-28,8,0,249,50.54,50.54,0.0,677.058509,0.0
2019-01-28,8,0,251,61.23,61.23,0.0,805.490209,0.0
2019-01-28,8,0,252,49.31,49.31,0.0,651.772624,0.0
2019-01-28,8,0,254,0.0,0.0,0.0,0.0,0.0
2019-01-28,8,0,255,0.0,0.0,0.0,0.0,0.0
2019-01-28,8,0,258,0.0,0.0,0.0,0.0,0.0
2019-01-28,8,0,260,0.0,0.0,0.0,0.0,0.0
2019-01-28,8,0,265,0.0,0.0,0.0,0.0,0.0
2019-01-28,8,0,266,12.29,12.29,0.0,128.246112,0.0
2019-01-28,8,0,267,15.1,15.1,0.0,157.568454,0.0
2019-01-28,8,0,270,111.04,111.04,0.0,254.117129,0.0
2019-01-28,8,0,272,183.05,183.05,0.0,1323.809501,0.0
2019-01-28,8,0,273,0.0,0.0,0.0,0.0,0.0
2019-01-28,8,0,274,143.15,143.15,0.0,327.601468,0.0
2019-01-28,8,0,275,199.26,199.26,0.0,456.010259,0.0
2019-01-28,8,0,276,0.0,0.0,0.0,0.0,0.0
2019-01-28,8,0,277,0.0,0.0,0.0,0.0,0.0
2019-01-28,8,0,278,0.0,0.0,0.0,0.0,0.0
2019-01-28,8,0,279,109.45,109.45,0.0,800.717535,0.0
2019-01-28,8,0,281,7.26,7.26,0.0,67.655541,0.0
2019-01-28,8,0,282,0.0,0.0,0.0,0.0,0.0
2019-01-28,9,0,9,0.2,0.2,0.0,1.461995,0.0
2019-01-28,9,0,17,9.34,9.34,0.0,95.662675,0.0
2019-01-28,9,0,19,175.56,175.56,0.0,1798.130543,0.0
2019-01-28,9,0,20,218.0,218.0,0.0,2232.811906,0.0
2019-01-28,9,0,21,4.57,4.57,0.0,33.406594,0.0
2019-01-28,9,0,22,16.23,16.23,0.0,118.640923,0.0
2019-01-28,9,0,23,68.36,68.36,0.0,499.71001,0.0
2019-01-28,9,0,24,120.96,120.96,0.0,884.214787,0.0
2019-01-28,9,0,29,1.65,1.65,0.0,12.8818,0.0
2019-01-28,9,0,30,32.25,32.25,0.0,235.225428,0.0
2019-01-28,9,0,31,24.93,24.93,0.0,181.834727,0.0
2019-01-28,9,0,32,0.73,0.73,0.0,11.470669,0.0
2019-01-28,9,0,33,0.48,0.48,0.0,5.224884,0.0
2019-01-28,9,0,34,0.77,0.77,0.0,8.381585,0.0
2019-01-28,9,0,35,0.77,0.77,0.0,8.381585,0.0
2019-01-28,9,0,36,1.55,1.55,0.0,14.128934,0.0
2019-01-28,9,0,37,0.74,0.74,0.0,6.719995,0.0
2019-01-28,9,0,38,0.95,0.95,0.0,8.627021,0.0
2019-01-28,9,0,39,0.63,0.63,0.0,5.721077,0.0
2019-01-28,9,0,40,0.63,0.63,0.0,5.721077,0.0
2019-01-28,9,0,41,15.24,15.24,0.0,124.689438,0.0
2019-01-28,9,0,42,9.7,9.7,0.0,97.998073,0.0
2019-01-28,9,0,43,4.89,4.89,0.0,44.624747,0.0
2019-01-28,9,0,46,4.06,4.06,0.0,36.084727,0.0
2019-01-28,9,0,52,26.45,26.45,0.0,192.92132,0.0
2019-01-28,9,0,53,42.24,42.24,0.0,308.090608,0.0
2019-01-28,9,0,55,87.19,87.19,0.0,637.356872,0.0
2019-01-28,9,0,56,9.51,9.51,0.0,69.36415,0.0
2019-01-28,9,0,57,9.05,9.05,0.0,66.008996,0.0
2019-01-28,9,0,58,17.4,17.4,0.0,126.912324,0.0
2019-01-28,9,0,59,17.11,17.11,0.0,124.797119,0.0
2019-01-28,9,0,63,10.33,10.33,0.0,171.792187,0.0
2019-01-28,9,0,64,12.15,12.15,0.0,202.059542,0.0
2019-01-28,9,0,65,7.61,7.61,0.0,77.746562,0.0
2019-01-28,9,0,67,16.94,16.94,0.0,74.484085,0.0
2019-01-28,9,0,68,5.94,5.94,0.0,30.207506,0.0
2019-01-28,9,0,69,0.48,0.48,0.0,5.224884,0.0
2019-01-28,9,0,74,1.56,1.56,0.0,14.825799,0.0
2019-01-28,9,0,77,30.8,30.8,0.0,177.485072,0.0
2019-01-28,9,0,78,23.29,23.29,0.0,134.20868,0.0
2019-01-28,9,0,79,13.48,13.48,0.0,77.678532,0.0
2019-01-28,9,0,80,21.79,21.79,0.0,125.564926,0.0
2019-01-28,9,0,81,28.49,28.49,0.0,164.173692,0.0
2019-01-28,9,0,82,20.1,20.1,0.0,115.826297,0.0
2019-01-28,9,0,83,44.82,44.82,0.0,258.275355,0.0
2019-01-28,9,0,84,0.0,0.0,0.0,0.0,0.0
2019-01-28,9,0,86,2.42,2.42,0.0,26.342125,0.0
2019-01-28,9,0,87,12.38,12.38,0.0,134.758474,0.0
2019-01-28,9,0,88,83.41,83.41,0.0,480.650321,0.0
2019-01-28,9,0,89,79.67,79.67,0.0,459.098562,0.0
2019-01-28,9,0,90,111.83,111.83,0.0,644.420638,0.0
2019-01-28,9,0,91,420.24,420.24,0.0,2421.633989,0.0
2019-01-28,9,0,92,147.86,147.86,0.0,852.043598,0.0
2019-01-28,9,0,95,20.21,20.21,0.0,317.496316,0.0
2019-01-28,9,0,96,12.46,12.46,0.0,90.670395,0.0
2019-01-28,9,0,97,76.6,76.6,0.0,557.411896,0.0
2019-01-28,9,0,99,0.3,0.3,0.0,2.851115,0.0
2019-01-28,9,0,101,0.65,0.65,0.0,4.740978,0.0
2019-01-28,9,0,102,14.04,14.04,0.0,71.399561,0.0
2019-01-28,9,0,103,12.21,12.21,0.0,62.093208,0.0
2019-01-28,9,0,104,2.28,2.28,0.0,11.5948,0.0
2019-01-28,9,0,106,15.97,15.97,0.0,116.740329,0.0
2019-01-28,9,0,109,158.25,158.25,0.0,1374.325704,0.0
2019-01-28,9,0,110,338.6,338.6,0.0,774.892471,0.0
2019-01-28,9,0,111,1.98,1.98,0.0,16.199809,0.0
2019-01-28,9,0,113,25.01,25.01,0.0,139.095878,0.0
2019-01-28,9,0,115,25.01,25.01,0.0,139.095878,0.0
2019-01-28,9,0,116,10.13,10.13,0.0,23.182696,0.0
2019-01-28,9,0,117,1.7,1.7,0.0,9.454738,0.0
2019-01-28,9,0,119,12.15,12.15,0.0,202.059542,0.0
2019-01-28,9,0,120,7.14,7.14,0.0,118.741163,0.0
2019-01-28,9,0,123,0.27,0.27,0.0,1.973694,0.0
2019-01-28,9,0,125,109.46,109.46,0.0,800.150054,0.0
2019-01-28,9,0,126,11.98,11.98,0.0,87.573521,0.0
2019-01-28,9,0,127,15.37,15.37,0.0,112.354343,0.0
2019-01-28,9,0,128,156.77,156.77,0.0,1145.985054,0.0
2019-01-28,9,0,131,12.25,12.25,0.0,64.549132,0.0
2019-01-28,9,0,132,18.01,18.01,0.0,94.900397,0.0
2019-01-28,9,0,133,11.45,11.45,0.0,117.301764,0.0
2019-01-28,9,0,134,0.0,0.0,0.0,0.0,0.0
2019-01-28,9,0,135,15.34,15.34,0.0,157.153629,0.0
2019-01-28,9,0,136,12.86,12.86,0.0,131.364219,0.0
2019-01-28,9,0,139,19.68,19.68,0.0,161.016282,0.0
2019-01-28,9,0,140,250.6,250.6,0.0,573.502815,0.0
2019-01-28,9,0,141,107.38,107.38,0.0,472.142916,0.0
2019-01-28,9,0,142,22.34,22.34,0.0,98.227535,0.0
2019-01-28,9,0,143,43.09,43.09,0.0,314.290348,0.0
2019-01-28,9,0,145,14.68,14.68,0.0,114.659292,0.0
2019-01-28,9,0,146,268.0,268.0,0.0,613.323042,0.0
2019-01-28,9,0,152,1.1,1.1,0.0,10.447534,0.0
2019-01-28,9,0,153,1.39,1.39,0.0,13.154867,0.0
2019-01-28,9,0,154,8.17,8.17,0.0,66.844666,0.0
2019-01-28,9,0,157,176.5,176.5,0.0,776.059087,0.0
2019-01-28,9,0,158,2.27,2.27,0.0,9.981043,0.0
2019-01-28,9,0,159,0.0,0.0,0.0,0.0,0.0
2019-01-28,9,0,160,0.39,0.39,0.0,3.636737,0.0
2019-01-28,9,0,161,4.36,4.36,0.0,22.172513,0.0
2019-01-28,9,0,162,9.68,9.68,0.0,152.197302,0.0
2019-01-28,9,0,163,28.35,28.35,0.0,64.879508,0.0
2019-01-28,9,0,164,0.93,0.93,0.0,6.783245,0.0
2019-01-28,9,0,167,0.88,0.88,0.0,13.804572,0.0
2019-01-28,9,0,168,0.44,0.44,0.0,6.902286,0.0
2019-01-28,9,0,169,0.0,0.0,0.0,0.0,0.0
2019-01-28,9,0,170,0.96,0.96,0.0,15.059533,0.0
2019-01-28,9,0,172,1.16,1.16,0.0,17.336266,0.0
2019-01-28,9,0,173,1.77,1.77,0.0,26.45275,0.0
2019-01-28,9,0,188,1.48,1.48,0.0,22.691792,0.0
2019-01-28,9,0,190,0.91,0.91,0.0,15.133678,0.0
2019-01-28,9,0,191,2.34,2.34,0.0,38.915171,0.0
2019-01-28,9,0,192,13.83,13.83,0.0,229.998639,0.0
2019-01-28,9,0,194,104.94,104.94,0.0,617.747098,0.0
2019-01-28,9,0,196,0.63,0.63,0.0,11.11446,0.0
2019-01-28,9,0,198,1.88,1.88,0.0,17.80329,0.0
2019-01-28,9,0,199,15.26,15.26,0.0,132.578703,0.0
2019-01-28,9,0,200,2.87,2.87,0.0,24.934527,0.0
2019-01-28,9,0,204,395.41,395.41,0.0,3403.423363,0.0
2019-01-28,9,0,205,891.26,891.26,0.0,7740.167629,0.0
2019-01-28,9,0,206,225.09,225.09,0.0,1637.961407,0.0
2019-01-28,9,0,210,0.48,0.48,0.0,3.853761,0.0
2019-01-28,9,0,214,2.71,2.71,0.0,30.531378,0.0
2019-01-28,9,0,217,1.92,1.92,0.0,18.922838,0.0
2019-01-28,9,0,218,2.65,2.65,0.0,26.117458,0.0
2019-01-28,9,0,219,1.81,1.81,0.0,17.838717,0.0
2019-01-28,9,0,221,1.45,1.45,0.0,16.335977,0.0
2019-01-28,9,0,225,1.52,1.52,0.0,11.834354,0.0
2019-01-28,9,0,233,1.37,1.37,0.0,14.912691,0.0
2019-01-28,9,0,236,10.99,10.99,0.0,108.642487,0.0
2019-01-28,9,0,237,3.73,3.73,0.0,35.448865,0.0
2019-01-28,9,0,238,12.62,12.62,0.0,127.498524,0.0
2019-01-28,9,0,240,1.75,1.75,0.0,15.952022,0.0
2019-01-28,9,0,245,21.25,21.25,0.0,219.67092,0.0
2019-01-28,9,0,247,33.68,33.68,0.0,348.165486,0.0
2019-01-28,9,0,248,0.37,0.37,0.0,3.516375,0.0
2019-01-28,9,0,249,40.87,40.87,0.0,422.491788,0.0
2019-01-28,9,0,251,59.34,59.34,0.0,603.717093,0.0
2019-01-28,9,0,252,49.09,49.09,0.0,501.521516,0.0
2019-01-28,9,0,254,2.87,2.87,0.0,26.3343,0.0
2019-01-28,9,0,255,1.32,1.32,0.0,12.111943,0.0
2019-01-28,9,0,258,2.18,2.18,0.0,19.875279,0.0
2019-01-28,9,0,260,0.96,0.96,0.0,8.951968,0.0
2019-01-28,9,0,265,8.46,8.46,0.0,69.217365,0.0
2019-01-28,9,0,266,12.75,12.75,0.0,104.316951,0.0
2019-01-28,9,0,267,15.66,15.66,0.0,128.125761,0.0
2019-01-28,9,0,270,88.53,88.53,0.0,202.602571,0.0
2019-01-28,9,0,272,83.45,83.45,0.0,464.116395,0.0
2019-01-28,9,0,273,2.42,2.42,0.0,5.538216,0.0
2019-01-28,9,0,274,114.12,114.12,0.0,261.165767,0.0
2019-01-28,9,0,275,158.86,158.86,0.0,363.554099,0.0
2019-01-28,9,0,276,0.56,0.56,0.0,1.545199,0.0
2019-01-28,9,0,277,0.75,0.75,0.0,4.231613,0.0
2019-01-28,9,0,278,1.2,1.2,0.0,6.770582,0.0
2019-01-28,9,0,279,89.44,89.44,0.0,504.63401,0.0
2019-01-28,9,0,281,11.11,11.11,0.0,81.034248,0.0
2019-01-28,9,0,282,17.69,17.69,0.0,129.02753,0.0
2019-01-28,10,0,9,1.25,1.25,0.0,8.965023,0.0
2019-01-28,10,0,17,26.99,26.99,0.0,262.244944,0.0
2019-01-28,10,0,19,96.32,96.32,0.0,935.881179,0.0
2019-01-28,10,0,20,119.35,119.35,0.0,1159.649281,0.0
2019-01-28,10,0,21,28.66,28.66,0.0,205.550051,0.0
2019-01-28,10,0,22,101.85,101.85,0.0,730.470087,0.0
2019-01-28,10,0,23,73.21,73.21,0.0,525.063476,0.0
2019-01-28,10,0,24,129.54,129.54,0.0,929.06328,0.0
2019-01-28,10,0,29,4.38,4.38,0.0,39.497151,0.0
2019-01-28,10,0,30,235.13,235.13,0.0,1682.827206,0.0
2019-01-28,10,0,31,61.67,61.67,0.0,441.372661,0.0
2019-01-28,10,0,32,2.46,2.46,0.0,35.309247,0.0
2019-01-28,10,0,33,1.46,1.46,0.0,14.925395,0.0
2019-01-28,10,0,34,2.33,2.33,0.0,23.819295,0.0
2019-01-28,10,0,35,2.33,2.33,0.0,23.819295,0.0
2019-01-28,10,0,36,5.22,5.22,0.0,46.343014,0.0
2019-01-28,10,0,37,2.45,2.45,0.0,21.704202,0.0
2019-01-28,10,0,38,3.15,3.15,0.0,27.905403,0.0
2019-01-28,10,0,39,2.1,2.1,0.0,18.603602,0.0
2019-01-28,10,0,40,2.1,2.1,0.0,18.603602,0.0
2019-01-28,10,0,41,16.0,16.0,0.0,127.482481,0.0
2019-01-28,10,0,42,31.48,31.48,0.0,302.415236,0.0
2019-01-28,10,0,43,16.28,16.28,0.0,145.550178,0.0
2019-01-28,10,0,46,14.2,14.2,0.0,123.393354,0.0
2019-01-28,10,0,52,65.41,65.41,0.0,468.139869,0.0
2019-01-28,10,0,53,104.3,104.3,0.0,746.475896,0.0
2019-01-28,10,0,55,92.99,92.99,0.0,666.926003,0.0
2019-01-28,10,0,56,69.36,69.36,0.0,496.41005,0.0
2019-01-28,10,0,57,65.97,65.97,0.0,472.147794,0.0
2019-01-28,10,0,58,126.87,126.87,0.0,908.009559,0.0
2019-01-28,10,0,59,124.76,124.76,0.0,892.908273,0.0
2019-01-28,10,0,63,7.51,7.51,0.0,123.99736,0.0
2019-01-28,10,0,64,8.84,8.84,0.0,145.956946,0.0
2019-01-28,10,0,65,7.5,7.5,0.0,72.719845,0.0
2019-01-28,10,0,67,126.52,126.52,0.0,-239.631891,0.0
2019-01-28,10,0,68,12.75,12.75,0.0,28.237029,0.0
2019-01-28,10,0,69,1.46,1.46,0.0,14.925395,0.0
2019-01-28,10,0,74,2.23,2.23,0.0,20.353816,0.0
2019-01-28,10,0,77,30.9,30.9,0.0,177.118893,0.0
2019-01-28,10,0,78,23.36,23.36,0.0,133.89959,0.0
2019-01-28,10,0,79,13.52,13.52,0.0,77.496681,0.0
2019-01-28,10,0,80,21.86,21.86,0.0,125.301586,0.0
2019-01-28,10,0,81,28.59,28.59,0.0,163.877966,0.0
2019-01-28,10,0,82,20.17,20.17,0.0,115.6145,0.0
2019-01-28,10,0,83,44.97,44.97,0.0,257.768175,0.0
2019-01-28,10,0,84,0.0,0.0,0.0,0.0,0.0
2019-01-28,10,0,86,7.37,7.37,0.0,75.342578,0.0
2019-01-28,10,0,87,37.64,37.64,0.0,384.78896,0.0
2019-01-28,10,0,88,52.39,52.39,0.0,300.299637,0.0
2019-01-28,10,0,89,50.12,50.12,0.0,287.28799,0.0
2019-01-28,10,0,90,69.6,69.6,0.0,398.947409,0.0
2019-01-28,10,0,91,257.86,257.86,0.0,1478.054293,0.0
2019-01-28,10,0,92,91.36,91.36,0.0,523.675794,0.0
2019-01-28,10,0,95,41.51,41.51,0.0,599.370026,0.0
2019-01-28,10,0,96,13.26,13.26,0.0,94.6939,0.0
2019-01-28,10,0,97,81.57,81.57,0.0,582.517454,0.0
2019-01-28,10,0,99,0.46,0.46,0.0,4.198545,0.0
2019-01-28,10,0,101,4.74,4.74,0.0,33.924216,0.0
2019-01-28,10,0,102,30.19,30.19,0.0,66.860856,0.0
2019-01-28,10,0,103,26.25,26.25,0.0,58.13506,0.0
2019-01-28,10,0,104,4.87,4.87,0.0,10.785438,0.0
2019-01-28,10,0,106,100.26,100.26,0.0,719.066577,0.0
2019-01-28,10,0,109,171.07,171.07,0.0,1447.137784,0.0
2019-01-28,10,0,110,338.6,338.6,0.0,-4901.623565,0.0
2019-01-28,10,0,111,8.2,8.2,0.0,65.334772,0.0
2019-01-28,10,0,113,44.04,44.04,0.0,275.298684,0.0
2019-01-28,10,0,115,44.04,44.04,0.0,275.298684,0.0
2019-01-28,10,0,116,50.87,50.87,0.0,-736.401627,0.0
2019-01-28,10,0,117,2.94,2.94,0.0,18.37825,0.0
2019-01-28,10,0,119,8.84,8.84,0.0,145.956946,0.0
2019-01-28,10,0,120,5.2,5.2,0.0,85.857027,0.0
2019-01-28,10,0,123,1.67,1.67,0.0,11.977271,0.0
2019-01-28,10,0,125,117.22,117.22,0.0,840.704012,0.0
2019-01-28,10,0,126,75.19,75.19,0.0,539.264073,0.0
2019-01-28,10,0,127,96.5,96.5,0.0,692.099788,0.0
2019-01-28,10,0,128,167.9,167.9,0.0,1204.18191,0.0
2019-01-28,10,0,131,17.99,17.99,0.0,59.582417,0.0
2019-01-28,10,0,132,29.03,29.03,0.0,96.146613,0.0
2019-01-28,10,0,133,8.66,8.66,0.0,84.160442,0.0
2019-01-28,10,0,134,0.0,0.0,0.0,0.0,0.0
2019-01-28,10,0,135,11.61,11.61,0.0,112.829415,0.0
2019-01-28,10,0,136,13.11,13.11,0.0,127.09961,0.0
2019-01-28,10,0,139,20.66,20.66,0.0,164.611754,0.0
2019-01-28,10,0,140,250.6,250.6,0.0,-3627.722579,0.0
2019-01-28,10,0,141,230.0,230.0,0.0,-435.625473,0.0
2019-01-28,10,0,142,166.85,166.85,0.0,-316.01787,0.0
2019-01-28,10,0,143,74.67,74.67,0.0,534.41376,0.0
2019-01-28,10,0,145,29.26,29.26,0.0,223.565928,0.0
2019-01-28,10,0,146,268.0,268.0,0.0,-3879.607547,0.0
2019-01-28,10,0,152,3.71,3.71,0.0,33.888313,0.0
2019-01-28,10,0,153,4.67,4.67,0.0,42.534173,0.0
2019-01-28,10,0,154,33.84,33.84,0.0,269.625447,0.0
2019-01-28,10,0,157,250.0,250.0,0.0,-473.505949,0.0
2019-01-28,10,0,158,108.07,108.07,0.0,-204.687152,0.0
2019-01-28,10,0,159,0.0,0.0,0.0,0.0,0.0
2019-01-28,10,0,160,1.28,1.28,0.0,11.801713,0.0
2019-01-28,10,0,161,25.42,25.42,0.0,56.296885,0.0
2019-01-28,10,0,162,14.71,14.71,0.0,212.739451,0.0
2019-01-28,10,0,163,30.69,30.69,0.0,-444.272969,0.0
2019-01-28,10,0,164,8.58,8.58,0.0,61.407126,0.0
2019-01-28,10,0,167,2.89,2.89,0.0,41.553403,0.0
2019-01-28,10,0,168,1.44,1.44,0.0,20.70481,0.0
2019-01-28,10,0,169,0.0,0.0,0.0,0.0,0.0
2019-01-28,10,0,170,3.16,3.16,0.0,45.435555,0.0
2019-01-28,10,0,172,3.77,3.77,0.0,51.862385,0.0
2019-01-28,10,0,173,5.75,5.75,0.0,79.100454,0.0
2019-01-28,10,0,188,5.01,5.01,0.0,70.01881,0.0
2019-01-28,10,0,190,4.03,4.03,0.0,66.539196,0.0
2019-01-28,10,0,191,10.42,10.42,0.0,172.044273,0.0
2019-01-28,10,0,192,70.78,70.78,0.0,1168.646226,0.0
2019-01-28,10,0,194,33.15,33.15,0.0,324.663541,0.0
2019-01-28,10,0,196,2.87,2.87,0.0,59.74369,0.0
2019-01-28,10,0,198,5.81,5.81,0.0,55.809733,0.0
2019-01-28,10,0,199,15.32,15.32,0.0,159.226983,0.0
2019-01-28,10,0,200,9.3,9.3,0.0,96.658678,0.0
2019-01-28,10,0,204,257.1,257.1,0.0,2158.075882,0.0
2019-01-28,10,0,205,1010.31,1010.31,0.0,8546.546879,0.0
2019-01-28,10,0,206,239.68,239.68,0.0,1711.631525,0.0
2019-01-28,10,0,210,1.28,1.28,0.0,11.728129,0.0
2019-01-28,10,0,214,7.53,7.53,0.0,79.236527,0.0
2019-01-28,10,0,217,5.2,5.2,0.0,51.648169,0.0
2019-01-28,10,0,218,7.17,7.17,0.0,71.214879,0.0
2019-01-28,10,0,219,4.89,4.89,0.0,48.569143,0.0
2019-01-28,10,0,221,4.01,4.01,0.0,42.196344,0.0
2019-01-28,10,0,225,4.03,4.03,0.0,36.284559,0.0
2019-01-28,10,0,233,4.17,4.17,0.0,42.629383,0.0
2019-01-28,10,0,236,11.32,11.32,0.0,106.821165,0.0
2019-01-28,10,0,237,5.2,5.2,0.0,47.461813,0.0
2019-01-28,10,0,238,40.98,40.98,0.0,393.677776,0.0
2019-01-28,10,0,240,5.92,5.92,0.0,52.557594,0.0
2019-01-28,10,0,245,16.97,16.97,0.0,166.159599,0.0
2019-01-28,10,0,247,27.84,27.84,0.0,272.591822,0.0
2019-01-28,10,0,248,0.57,0.57,0.0,5.202545,0.0
2019-01-28,10,0,249,32.64,32.64,0.0,319.590412,0.0
2019-01-28,10,0,251,57.25,57.25,0.0,553.177784,0.0
2019-01-28,10,0,252,48.39,48.39,0.0,469.188439,0.0
2019-01-28,10,0,254,8.99,8.99,0.0,81.00534,0.0
2019-01-28,10,0,255,4.12,4.12,0.0,37.123693,0.0
2019-01-28,10,0,258,7.36,7.36,0.0,65.416116,0.0
2019-01-28,10,0,260,3.11,3.11,0.0,28.674475,0.0
2019-01-28,10,0,265,35.04,35.04,0.0,279.186634,0.0
2019-01-28,10,0,266,13.38,13.38,0.0,106.607225,0.0
2019-01-28,10,0,267,16.44,16.44,0.0,130.988249,0.0
2019-01-28,10,0,270,95.8,95.8,0.0,-1386.814937,0.0
2019-01-28,10,0,272,147.18,147.18,0.0,920.037699,0.0
2019-01-28,10,0,273,12.16,12.16,0.0,-176.029954,0.0
2019-01-28,10,0,274,123.49,123.49,0.0,-1787.659463,0.0
2019-01-28,10,0,275,171.88,171.88,0.0,-2488.160243,0.0
2019-01-28,10,0,276,2.8,2.8,0.0,-32.66711,0.0
2019-01-28,10,0,277,3.48,3.48,0.0,21.029601,0.0
2019-01-28,10,0,278,5.57,5.57,0.0,33.659448,0.0
2019-01-28,10,0,279,92.37,92.37,0.0,558.190884,0.0
2019-01-28,10,0,281,27.49,27.49,0.0,196.74614,0.0
2019-01-28,10,0,282,128.98,128.98,0.0,923.110845,0.0
2019-01-28,11,0,9,2.09,2.09,0.0,21.581615,0.0
2019-01-28,11,0,17,40.51,40.51,0.0,318.426621,0.0
2019-01-28,11,0,19,93.54,93.54,0.0,735.266011,0.0
2019-01-28,11,0,20,113.44,113.44,0.0,891.688864,0.0
2019-01-28,11,0,21,47.72,47.72,0.0,492.763007,0.0
2019-01-28,11,0,22,169.59,169.59,0.0,1751.208683,0.0
2019-01-28,11,0,23,16.52,16.52,0.0,170.587696,0.0
2019-01-28,11,0,24,29.22,29.22,0.0,301.72957,0.0
2019-01-28,11,0,29,6.4,6.4,0.0,44.625472,0.0
2019-01-28,11,0,30,395.98,395.98,0.0,4095.133219,0.0
2019-01-28,11,0,31,52.1,52.1,0.0,538.806103,0.0
2019-01-28,11,0,32,3.73,3.73,0.0,204.712082,0.0
2019-01-28,11,0,33,2.17,2.17,0.0,16.115384,0.0
2019-01-28,11,0,34,3.47,3.47,0.0,25.769762,0.0
2019-01-28,11,0,35,3.47,3.47,0.0,25.769762,0.0
2019-01-28,11,0,36,7.96,7.96,0.0,67.809146,0.0
2019-01-28,11,0,37,3.72,3.72,0.0,31.714537,0.0
2019-01-28,11,0,38,4.78,4.78,0.0,40.751475,0.0
2019-01-28,11,0,39,3.19,3.19,0.0,27.196068,0.0
2019-01-28,11,0,40,3.19,3.19,0.0,27.196068,0.0
2019-01-28,11,0,41,13.15,13.15,0.0,125.078834,0.0
2019-01-28,11,0,42,47.81,47.81,0.0,380.305647,0.0
2019-01-28,11,0,43,24.72,24.72,0.0,207.62241,0.0
2019-01-28,11,0,46,21.77,21.77,0.0,189.204503,0.0
2019-01-28,11,0,52,55.39,55.39,0.0,572.830519,0.0
2019-01-28,11,0,53,90.21,90.21,0.0,932.930875,0.0
2019-01-28,11,0,55,119.39,119.39,0.0,1232.836869,0.0
2019-01-28,11,0,56,116.8,116.8,0.0,1207.918481,0.0
2019-01-28,11,0,57,111.1,111.1,0.0,1148.970404,0.0
2019-01-28,11,0,58,213.66,213.66,0.0,2209.622111,0.0
2019-01-28,11,0,59,210.1,210.1,0.0,2172.805418,0.0
2019-01-28,11,0,63,10.43,10.43,0.0,1270.465461,0.0
2019-01-28,11,0,64,12.27,12.27,0.0,1494.593596,0.0
2019-01-28,11,0,65,21.06,21.06,0.0,165.909008,0.0
2019-01-28,11,0,67,214.6,214.6,0.0,-118970.140816,0.0
2019-01-28,11,0,68,15.89,15.89,0.0,-6496.848518,0.0
2019-01-28,11,0,69,2.17,2.17,0.0,16.115384,0.0
2019-01-28,11,0,74,10.42,10.42,0.0,87.258011,0.0
2019-01-28,11,0,77,16.96,16.96,0.0,-4881.338714,0.0
2019-01-28,11,0,78,12.82,12.82,0.0,-3689.785514,0.0
2019-01-28,11,0,79,7.42,7.42,0.0,-2135.585687,0.0
2019-01-28,11,0,80,12.0,12.0,0.0,-3453.777392,0.0
2019-01-28,11,0,81,15.69,15.69,0.0,-4515.81394,0.0
2019-01-28,11,0,82,11.06,11.06,0.0,-3183.231496,0.0
2019-01-28,11,0,83,24.67,24.67,0.0,-7100.390689,0.0
2019-01-28,11,0,84,0.0,0.0,0.0,0.0,0.0
2019-01-28,11,0,86,11.0,11.0,0.0,81.690888,0.0
2019-01-28,11,0,87,56.15,56.15,0.0,416.994849,0.0
2019-01-28,11,0,88,11.5,11.5,0.0,-3309.870001,0.0
2019-01-28,11,0,89,11.05,11.05,0.0,-3180.353349,0.0
2019-01-28,11,0,90,14.84,14.84,0.0,-4271.171375,0.0
2019-01-28,11,0,91,52.93,52.93,0.0,-15234.036447,0.0
2019-01-28,11,0,92,19.04,19.04,0.0,-5479.993462,0.0
2019-01-28,11,0,95,15.55,15.55,0.0,348.782404,0.0
2019-01-28,11,0,96,4.24,4.24,0.0,43.918382,0.0
2019-01-28,11,0,97,31.19,31.19,0.0,323.069421,0.0
2019-01-28,11,0,99,2.24,2.24,0.0,18.75796,0.0
2019-01-28,11,0,101,7.98,7.98,0.0,82.527307,0.0
2019-01-28,11,0,102,37.62,37.62,0.0,-15381.462634,0.0
2019-01-28,11,0,103,32.71,32.71,0.0,-13373.94053,0.0
2019-01-28,11,0,104,6.07,6.07,0.0,-2481.804311,0.0
2019-01-28,11,0,106,166.95,166.95,0.0,1723.947695,0.0
2019-01-28,11,0,109,80.66,80.66,0.0,723.837177,0.0
2019-01-28,11,0,110,338.6,338.6,0.0,-338600.0,0.0
2019-01-28,11,0,111,12.96,12.96,0.0,123.271612,0.0
2019-01-28,11,0,113,20.0,20.0,0.0,-5157.146281,0.0
2019-01-28,11,0,115,20.0,20.0,0.0,-5157.146281,0.0
2019-01-28,11,0,116,82.77,82.77,0.0,-82770.0,0.0
2019-01-28,11,0,117,1.35,1.35,0.0,-348.107374,0.0
2019-01-28,11,0,119,12.27,12.27,0.0,1494.593596,0.0
2019-01-28,11,0,120,7.21,7.21,0.0,878.241225,0.0
2019-01-28,11,0,123,2.78,2.78,0.0,28.706646,0.0
2019-01-28,11,0,125,26.45,26.45,0.0,273.126185,0.0
2019-01-28,11,0,126,125.21,125.21,0.0,1292.934956,0.0
2019-01-28,11,0,127,160.69,160.69,0.0,1659.30611,0.0
2019-01-28,11,0,128,37.87,37.87,0.0,391.050609,0.0
2019-01-28,11,0,131,9.11,9.11,0.0,-3370.708046,0.0
2019-01-28,11,0,132,13.39,13.39,0.0,-4954.311826,0.0
2019-01-28,11,0,133,18.61,18.61,0.0,146.252238,0.0
2019-01-28,11,0,134,0.0,0.0,0.0,0.0,0.0
2019-01-28,11,0,135,24.94,24.94,0.0,195.998431,0.0
2019-01-28,11,0,136,27.66,27.66,0.0,217.929821,0.0
2019-01-28,11,0,139,16.98,16.98,0.0,161.508639,0.0
2019-01-28,11,0,140,250.6,250.6,0.0,-250600.0,0.0
2019-01-28,11,0,141,230.0,230.0,0.0,-127507.606653,0.0
2019-01-28,11,0,142,283.0,283.0,0.0,-156889.794273,0.0
2019-01-28,11,0,143,89.19,89.19,0.0,922.382271,0.0
2019-01-28,11,0,145,26.43,26.43,0.0,259.913874,0.0
2019-01-28,11,0,146,268.0,268.0,0.0,-268000.0,0.0
2019-01-28,11,0,152,5.64,5.64,0.0,47.115127,0.0
2019-01-28,11,0,153,7.1,7.1,0.0,59.469415,0.0
2019-01-28,11,0,154,53.47,53.47,0.0,508.590515,0.0
2019-01-28,11,0,157,250.0,250.0,0.0,-138595.224623,0.0
2019-01-28,11,0,158,197.62,197.62,0.0,-109556.75316,0.0
2019-01-28,11,0,159,0.0,0.0,0.0,0.0,0.0
2019-01-28,11,0,160,1.93,1.93,0.0,15.458929,0.0
2019-01-28,11,0,161,42.04,42.04,0.0,-17188.641391,0.0
2019-01-28,11,0,162,4.09,4.09,0.0,94.909834,0.0
2019-01-28,11,0,163,139.98,139.98,0.0,-139980.0,0.0
2019-01-28,11,0,164,14.83,14.83,0.0,153.368417,0.0
2019-01-28,11,0,167,4.36,4.36,0.0,82.882191,0.0
2019-01-28,11,0,168,2.18,2.18,0.0,41.441096,0.0
2019-01-28,11,0,169,0.0,0.0,0.0,0.0,0.0
2019-01-28,11,0,170,4.77,4.77,0.0,90.676159,0.0
2019-01-28,11,0,172,5.68,5.68,0.0,140.055911,0.0
2019-01-28,11,0,173,8.66,8.66,0.0,213.535948,0.0
2019-01-28,11,0,188,7.61,7.61,0.0,254.993409,0.0
2019-01-28,11,0,190,6.47,6.47,0.0,209.806295,0.0
2019-01-28,11,0,191,16.7,16.7,0.0,541.540204,0.0
2019-01-28,11,0,192,287.68,287.68,0.0,9328.759632,0.0
2019-01-28,11,0,194,5.65,5.65,0.0,-686.983458,0.0
2019-01-28,11,0,196,4.59,4.59,0.0,1265.21491,0.0
2019-01-28,11,0,198,8.67,8.67,0.0,63.709749,0.0
2019-01-28,11,0,199,24.17,24.17,0.0,-740.720448,0.0
2019-01-28,11,0,200,14.03,14.03,0.0,-429.967228,0.0
2019-01-28,11,0,204,230.65,230.65,0.0,2084.058204,0.0
2019-01-28,11,0,205,527.36,527.36,0.0,4732.491614,0.0
2019-01-28,11,0,206,119.2,119.2,0.0,1234.686598,0.0
2019-01-28,11,0,210,1.87,1.87,0.0,12.873984,0.0
2019-01-28,11,0,214,11.06,11.06,0.0,79.297838,0.0
2019-01-28,11,0,217,7.67,7.67,0.0,54.004263,0.0
2019-01-28,11,0,218,10.58,10.58,0.0,74.493495,0.0
2019-01-28,11,0,219,7.21,7.21,0.0,50.765415,0.0
2019-01-28,11,0,221,5.9,5.9,0.0,42.30174,0.0
2019-01-28,11,0,225,5.93,5.93,0.0,41.398826,0.0
2019-01-28,11,0,233,6.22,6.22,0.0,46.192484,0.0
2019-01-28,11,0,236,34.22,34.22,0.0,277.144155,0.0
2019-01-28,11,0,237,23.23,23.23,0.0,194.530095,0.0
2019-01-28,11,0,238,62.23,62.23,0.0,495.009839,0.0
2019-01-28,11,0,240,9.02,9.02,0.0,76.839007,0.0
2019-01-28,11,0,245,41.53,41.53,0.0,323.775411,0.0
2019-01-28,11,0,247,79.01,79.01,0.0,615.976288,0.0
2019-01-28,11,0,248,2.77,2.77,0.0,23.196227,0.0
2019-01-28,11,0,249,79.86,79.86,0.0,622.603042,0.0
2019-01-28,11,0,251,172.04,172.04,0.0,1360.253686,0.0
2019-01-28,11,0,252,135.87,135.87,0.0,1070.373074,0.0
2019-01-28,11,0,254,13.47,13.47,0.0,111.818667,0.0
2019-01-28,11,0,255,6.17,6.17,0.0,51.219092,0.0
2019-01-28,11,0,258,11.23,11.23,0.0,95.44818,0.0
2019-01-28,11,0,260,4.69,4.69,0.0,37.565999,0.0
2019-01-28,11,0,265,55.36,55.36,0.0,526.567625,0.0
2019-01-28,11,0,266,11.0,11.0,0.0,104.628683,0.0
2019-01-28,11,0,267,13.51,13.51,0.0,128.503046,0.0
2019-01-28,11,0,270,473.54,473.54,0.0,-473540.0,0.0
2019-01-28,11,0,272,66.78,66.78,0.0,-17219.711433,0.0
2019-01-28,11,0,273,19.79,19.79,0.0,-19790.0,0.0
2019-01-28,11,0,274,618.4,618.4,0.0,-618400.0,0.0
2019-01-28,11,0,275,872.53,872.53,0.0,-872530.0,0.0
2019-01-28,11,0,276,4.55,4.55,0.0,-4097.287107,0.0
2019-01-28,11,0,277,5.61,5.61,0.0,-1513.958059,0.0
2019-01-28,11,0,278,8.97,8.97,0.0,-2420.713688,0.0
2019-01-28,11,0,279,87.76,87.76,0.0,-23683.593448,0.0
2019-01-28,11,0,281,22.72,22.72,0.0,234.964965,0.0
2019-01-28,11,0,282,217.22,217.22,0.0,2246.438805,0.0
2019-01-28,12,0,9,2.95,2.95,0.0,-1181.544166,0.0
2019-01-28,12,0,17,52.81,52.81,0.0,95.66295,0.0
2019-01-28,12,0,19,151.92,151.92,0.0,275.196277,0.0
2019-01-28,12,0,20,184.25,184.25,0.0,333.760624,0.0
2019-01-28,12,0,21,67.51,67.51,0.0,-27039.337847,0.0
2019-01-28,12,0,22,239.93,239.93,0.0,-96097.590427,0.0
2019-01-28,12,0,23,46.17,46.17,0.0,-18492.167507,0.0
2019-01-28,12,0,24,77.3,77.3,0.0,-30960.462385,0.0
2019-01-28,12,0,29,8.23,8.23,0.0,52.640648,0.0
2019-01-28,12,0,30,566.38,566.38,0.0,-566380.0,0.0
2019-01-28,12,0,31,103.92,103.92,0.0,-103920.0,0.0
2019-01-28,12,0,32,4.98,4.98,0.0,187.275807,0.0
2019-01-28,12,0,33,2.83,2.83,0.0,20.636191,0.0
2019-01-28,12,0,34,4.52,4.52,0.0,32.95957,0.0
2019-01-28,12,0,35,4.52,4.52,0.0,32.95957,0.0
2019-01-28,12,0,36,10.81,10.81,0.0,-66.206596,0.0
2019-01-28,12,0,37,5.12,5.12,0.0,-31.328991,0.0
2019-01-28,12,0,38,6.58,6.58,0.0,-40.262648,0.0
2019-01-28,12,0,39,4.39,4.39,0.0,-26.862162,0.0
2019-01-28,12,0,40,4.39,4.39,0.0,-26.862162,0.0
2019-01-28,12,0,41,12.22,12.22,0.0,-292.133577,0.0
2019-01-28,12,0,42,66.66,66.66,0.0,41.561055,0.0
2019-01-28,12,0,43,32.96,32.96,0.0,-156.853256,0.0
2019-01-28,12,0,46,28.96,28.96,0.0,-219.364493,0.0
2019-01-28,12,0,52,110.16,110.16,0.0,-110160.0,0.0
2019-01-28,12,0,53,175.0,175.0,0.0,-175000.0,0.0
2019-01-28,12,0,55,600.94,600.94,0.0,-240690.55971,0.0
2019-01-28,12,0,56,167.06,167.06,0.0,-167060.0,0.0
2019-01-28,12,0,57,158.91,158.91,0.0,-158910.0,0.0
2019-01-28,12,0,58,305.6,305.6,0.0,-305600.0,0.0
2019-01-28,12,0,59,300.51,300.51,0.0,-300510.0,0.0
2019-01-28,12,0,63,51.0,51.0,0.0,5592.470997,0.0
2019-01-28,12,0,64,60.0,60.0,0.0,6579.377643,0.0
2019-01-28,12,0,65,41.4,41.4,0.0,65.858053,0.0
2019-01-28,12,0,67,302.83,302.83,0.0,-167708.467652,0.0
2019-01-28,12,0,68,34.0,34.0,0.0,-13875.355722,0.0
2019-01-28,12,0,69,2.83,2.83,0.0,20.636191,0.0
2019-01-28,12,0,74,63.08,63.08,0.0,-312.684949,0.0
2019-01-28,12,0,77,60.0,60.0,0.0,-17137.591558,0.0
2019-01-28,12,0,78,45.36,45.36,0.0,-12956.019218,0.0
2019-01-28,12,0,79,26.25,26.25,0.0,-7497.696307,0.0
2019-01-28,12,0,80,42.45,42.45,0.0,-12124.846027,0.0
2019-01-28,12,0,81,55.5,55.5,0.0,-15852.272191,0.0
2019-01-28,12,0,82,39.15,39.15,0.0,-11182.278492,0.0
2019-01-28,12,0,83,87.3,87.3,0.0,-24935.195717,0.0
2019-01-28,12,0,84,0.0,0.0,0.0,-0.0,0.0
2019-01-28,12,0,86,14.33,14.33,0.0,104.493505,0.0
2019-01-28,12,0,87,73.15,73.15,0.0,533.405438,0.0
2019-01-28,12,0,88,51.18,51.18,0.0,-14618.365599,0.0
2019-01-28,12,0,89,49.2,49.2,0.0,-14052.825078,0.0
2019-01-28,12,0,90,66.06,66.06,0.0,-18868.488305,0.0
2019-01-28,12,0,91,235.65,235.65,0.0,-67307.890844,0.0
2019-01-28,12,0,92,84.75,84.75,0.0,-24206.848076,0.0
2019-01-28,12,0,95,10.24,10.24,0.0,199.124785,0.0
2019-01-28,12,0,96,23.11,23.11,0.0,520.148157,0.0
2019-01-28,12,0,97,142.13,142.13,0.0,3198.989944,0.0
2019-01-28,12,0,99,12.17,12.17,0.0,-60.326186,0.0
2019-01-28,12,0,101,11.41,11.41,0.0,-11410.0,0.0
2019-01-28,12,0,102,80.5,80.5,0.0,-32851.945165,0.0
2019-01-28,12,0,103,70.0,70.0,0.0,-28566.908839,0.0
2019-01-28,12,0,104,13.0,13.0,0.0,-5305.28307,0.0
2019-01-28,12,0,106,236.19,236.19,0.0,-94599.632738,0.0
2019-01-28,12,0,109,55.07,55.07,0.0,-570.901192,0.0
2019-01-28,12,0,110,0.0,0.0,0.0,-0.0,0.0
2019-01-28,12,0,111,17.57,17.57,0.0,-420.031666,0.0
2019-01-28,12,0,113,45.0,45.0,0.0,-11690.504345,0.0
2019-01-28,12,0,115,45.0,45.0,0.0,-11690.504345,0.0
2019-01-28,12,0,116,114.49,114.49,0.0,-114490.0,0.0
2019-01-28,12,0,117,3.0,3.0,0.0,-779.366956,0.0
2019-01-28,12,0,119,60.0,60.0,0.0,6579.377643,0.0
2019-01-28,12,0,120,35.28,35.28,0.0,3868.674054,0.0
2019-01-28,12,0,123,3.94,3.94,0.0,-1578.062378,0.0
2019-01-28,12,0,125,70.73,70.73,0.0,-28329.023344,0.0
2019-01-28,12,0,126,177.14,177.14,0.0,-70948.723245,0.0
2019-01-28,12,0,127,227.33,227.33,0.0,-91050.995006,0.0
2019-01-28,12,0,128,96.96,96.96,0.0,-38834.753336,0.0
2019-01-28,12,0,131,30.0,30.0,0.0,-11075.558917,0.0
2019-01-28,12,0,132,44.1,44.1,0.0,-16281.071607,0.0
2019-01-28,12,0,133,34.39,34.39,0.0,63.010965,0.0
2019-01-28,12,0,134,0.0,0.0,0.0,0.0,0.0
2019-01-28,12,0,135,46.09,46.09,0.0,84.448252,0.0
2019-01-28,12,0,136,45.9,45.9,0.0,72.460462,0.0
2019-01-28,12,0,139,15.78,15.78,0.0,-377.239595,0.0
2019-01-28,12,0,140,0.0,0.0,0.0,-0.0,0.0
2019-01-28,12,0,141,230.0,230.0,0.0,-127374.921771,0.0
2019-01-28,12,0,142,399.36,399.36,0.0,-221167.168515,0.0
2019-01-28,12,0,143,203.48,203.48,0.0,-203480.0,0.0
2019-01-28,12,0,145,16.64,16.64,0.0,-303.487887,0.0
2019-01-28,12,0,146,268.0,268.0,0.0,-268000.0,0.0
2019-01-28,12,0,152,7.84,7.84,0.0,-33.277469,0.0
2019-01-28,12,0,153,9.89,9.89,0.0,-44.642926,0.0
2019-01-28,12,0,154,72.48,72.48,0.0,-1732.720269,0.0
2019-01-28,12,0,157,250.0,250.0,0.0,-138451.001925,0.0
2019-01-28,12,0,158,278.95,278.95,0.0,-154483.627948,0.0
2019-01-28,12,0,159,0.0,0.0,0.0,-0.0,0.0
2019-01-28,12,0,160,2.59,2.59,0.0,-1.872261,0.0
2019-01-28,12,0,161,58.97,58.97,0.0,-24065.580203,0.0
2019-01-28,12,0,162,7.78,7.78,0.0,157.655185,0.0
2019-01-28,12,0,163,185.4,185.4,0.0,-185400.0,0.0
2019-01-28,12,0,164,21.3,21.3,0.0,-21300.0,0.0
2019-01-28,12,0,167,5.78,5.78,0.0,95.456146,0.0
2019-01-28,12,0,168,2.89,2.89,0.0,47.728073,0.0
2019-01-28,12,0,169,0.0,0.0,0.0,0.0,0.0
2019-01-28,12,0,170,6.33,6.33,0.0,104.539343,0.0
2019-01-28,12,0,172,7.45,7.45,0.0,58.483727,0.0
2019-01-28,12,0,173,11.36,11.36,0.0,89.177871,0.0
2019-01-28,12,0,188,10.31,10.31,0.0,195.010243,0.0
2019-01-28,12,0,190,8.86,8.86,0.0,287.308156,0.0
2019-01-28,12,0,191,22.88,22.88,0.0,741.942507,0.0
2019-01-28,12,0,192,332.6,332.6,0.0,10785.405497,0.0
2019-01-28,12,0,194,31.54,31.54,0.0,-4012.688261,0.0
2019-01-28,12,0,196,6.25,6.25,0.0,1647.526187,0.0
2019-01-28,12,0,198,11.36,11.36,0.0,65.94537,0.0
2019-01-28,12,0,199,51.98,51.98,0.0,-993.369137,0.0
2019-01-28,12,0,200,18.89,18.89,0.0,-360.999288,0.0
2019-01-28,12,0,204,213.1,213.1,0.0,-2321.919612,0.0
2019-01-28,12,0,205,291.3,291.3,0.0,-3019.85686,0.0
2019-01-28,12,0,206,417.64,417.64,0.0,9400.02927,0.0
2019-01-28,12,0,210,2.39,2.39,0.0,18.286371,0.0
2019-01-28,12,0,214,14.5,14.5,0.0,152.580298,0.0
2019-01-28,12,0,217,9.9,9.9,0.0,92.33036,0.0
2019-01-28,12,0,218,13.66,13.66,0.0,127.397244,0.0
2019-01-28,12,0,219,9.3,9.3,0.0,86.734581,0.0
2019-01-28,12,0,221,7.73,7.73,0.0,81.341083,0.0
2019-01-28,12,0,225,7.49,7.49,0.0,46.999677,0.0
2019-01-28,12,0,233,8.11,8.11,0.0,59.137636,0.0
2019-01-28,12,0,236,90.48,90.48,0.0,-104.608756,0.0
2019-01-28,12,0,237,151.31,151.31,0.0,-750.037408,0.0
2019-01-28,12,0,238,86.77,86.77,0.0,54.099201,0.0
2019-01-28,12,0,240,12.25,12.25,0.0,-75.025976,0.0
2019-01-28,12,0,245,78.0,78.0,0.0,204.591186,0.0
2019-01-28,12,0,247,171.68,171.68,0.0,450.310447,0.0
2019-01-28,12,0,248,15.19,15.19,0.0,-75.296201,0.0
2019-01-28,12,0,249,150.0,150.0,0.0,393.444589,0.0
2019-01-28,12,0,251,326.4,326.4,0.0,400.966969,0.0
2019-01-28,12,0,252,267.06,267.06,0.0,424.832168,0.0
2019-01-28,12,0,254,18.28,18.28,0.0,-68.479034,0.0
2019-01-28,12,0,255,8.38,8.38,0.0,-31.392467,0.0
2019-01-28,12,0,258,15.15,15.15,0.0,-89.445634,0.0
2019-01-28,12,0,260,6.29,6.29,0.0,-4.546921,0.0
2019-01-28,12,0,265,75.04,75.04,0.0,-1793.920102,0.0
2019-01-28,12,0,266,10.22,10.22,0.0,-244.321208,0.0
2019-01-28,12,0,267,12.56,12.56,0.0,-300.26168,0.0
2019-01-28,12,0,270,579.0,579.0,0.0,-579000.0,0.0
2019-01-28,12,0,272,150.39,150.39,0.0,-39069.66552,0.0
2019-01-28,12,0,273,27.38,27.38,0.0,-27380.0,0.0
2019-01-28,12,0,274,746.4,746.4,0.0,-746400.0,0.0
2019-01-28,12,0,275,1039.0,1039.0,0.0,-1039000.0,0.0
2019-01-28,12,0,276,6.26,6.26,0.0,-5636.340322,0.0
2019-01-28,12,0,277,7.72,7.72,0.0,-2085.540031,0.0
2019-01-28,12,0,278,12.35,12.35,0.0,-3336.323754,0.0
2019-01-28,12,0,279,264.6,264.6,0.0,-71481.074115,0.0
2019-01-28,12,0,281,46.64,46.64,0.0,-46640.0,0.0
2019-01-28,12,0,282,310.69,310.69,0.0,-310690.0,0.0
2019-01-28,13,0,9,3.48,3.48,0.0,-1365.092252,0.0
2019-01-28,13,0,17,57.96,57.96,0.0,350.806744,0.0
2019-01-28,13,0,19,192.99,192.99,0.0,1168.084774,0.0
2019-01-28,13,0,20,234.06,234.06,0.0,1416.663672,0.0
2019-01-28,13,0,21,79.65,79.65,0.0,-31244.13732,0.0
2019-01-28,13,0,22,283.09,283.09,0.0,-111047.116558,0.0
2019-01-28,13,0,23,90.35,90.35,0.0,-35441.403727,0.0
2019-01-28,13,0,24,157.79,157.79,0.0,-61895.950128,0.0
2019-01-28,13,0,29,9.44,9.44,0.0,59.662408,0.0
2019-01-28,13,0,30,689.68,689.68,0.0,-689680.0,0.0
2019-01-28,13,0,31,125.0,125.0,0.0,-125000.0,0.0
2019-01-28,13,0,32,5.77,5.77,0.0,109.668362,0.0
2019-01-28,13,0,33,3.31,3.31,0.0,32.833774,0.0
2019-01-28,13,0,34,5.3,5.3,0.0,52.573717,0.0
2019-01-28,13,0,35,5.3,5.3,0.0,52.573717,0.0
2019-01-28,13,0,36,12.79,12.79,0.0,7.285974,0.0
2019-01-28,13,0,37,6.11,6.11,0.0,3.674837,0.0
2019-01-28,13,0,38,7.85,7.85,0.0,4.721354,0.0
2019-01-28,13,0,39,5.24,5.24,0.0,3.151579,0.0
2019-01-28,13,0,40,5.24,5.24,0.0,3.151579,0.0
2019-01-28,13,0,41,13.0,13.0,0.0,-176.736945,0.0
2019-01-28,13,0,42,78.37,78.37,0.0,408.647485,0.0
2019-01-28,13,0,43,38.45,38.45,0.0,57.238292,0.0
2019-01-28,13,0,46,34.21,34.21,0.0,-7.86401,0.0
2019-01-28,13,0,52,132.5,132.5,0.0,-132500.0,0.0
2019-01-28,13,0,53,210.5,210.5,0.0,-210500.0,0.0
2019-01-28,13,0,55,623.0,623.0,0.0,-244382.894542,0.0
2019-01-28,13,0,56,203.43,203.43,0.0,-203430.0,0.0
2019-01-28,13,0,57,193.51,193.51,0.0,-193510.0,0.0
2019-01-28,13,0,58,372.13,372.13,0.0,-372130.0,0.0
2019-01-28,13,0,59,365.92,365.92,0.0,-365920.0,0.0
2019-01-28,13,0,63,0.0,0.0,0.0,0.0,0.0
2019-01-28,13,0,64,0.0,0.0,0.0,0.0,0.0
2019-01-28,13,0,65,41.4,41.4,0.0,244.129794,0.0
2019-01-28,13,0,67,365.08,365.08,0.0,8452.385556,0.0
2019-01-28,13,0,68,0.0,0.0,0.0,0.0,0.0
2019-01-28,13,0,69,3.31,3.31,0.0,32.833774,0.0
2019-01-28,13,0,74,175.52,175.52,0.0,208.821201,0.0
2019-01-28,13,0,77,0.0,0.0,0.0,0.0,0.0
2019-01-28,13,0,78,0.0,0.0,0.0,0.0,0.0
2019-01-28,13,0,79,0.0,0.0,0.0,0.0,0.0
2019-01-28,13,0,80,0.0,0.0,0.0,0.0,0.0
2019-01-28,13,0,81,0.0,0.0,0.0,0.0,0.0
2019-01-28,13,0,82,0.0,0.0,0.0,0.0,0.0
2019-01-28,13,0,83,0.0,0.0,0.0,0.0,0.0
2019-01-28,13,0,84,0.0,0.0,0.0,0.0,0.0
2019-01-28,13,0,86,16.78,16.78,0.0,166.450372,0.0
2019-01-28,13,0,87,85.65,85.65,0.0,849.611106,0.0
2019-01-28,13,0,88,51.18,51.18,0.0,1292.408923,0.0
2019-01-28,13,0,89,49.2,49.2,0.0,1242.409515,0.0
2019-01-28,13,0,90,66.06,66.06,0.0,1668.162044,0.0
2019-01-28,13,0,91,235.65,235.65,0.0,5950.687039,0.0
2019-01-28,13,0,92,84.75,84.75,0.0,2140.126147,0.0
2019-01-28,13,0,95,19.55,19.55,0.0,370.825361,0.0
2019-01-28,13,0,96,29.88,29.88,0.0,1098.272039,0.0
2019-01-28,13,0,97,183.75,183.75,0.0,6753.931965,0.0
2019-01-28,13,0,99,33.88,33.88,0.0,40.308012,0.0
2019-01-28,13,0,101,13.89,13.89,0.0,-13890.0,0.0
2019-01-28,13,0,102,0.0,0.0,0.0,0.0,0.0
2019-01-28,13,0,103,0.0,0.0,0.0,0.0,0.0
2019-01-28,13,0,104,0.0,0.0,0.0,0.0,0.0
2019-01-28,13,0,106,278.68,278.68,0.0,-109317.21517,0.0
2019-01-28,13,0,109,54.86,54.86,0.0,-107.544312,0.0
2019-01-28,13,0,110,0.0,0.0,0.0,0.0,0.0
2019-01-28,13,0,111,21.39,21.39,0.0,-290.80025,0.0
2019-01-28,13,0,113,45.0,45.0,0.0,1026.318533,0.0
2019-01-28,13,0,115,45.0,45.0,0.0,1026.318533,0.0
2019-01-28,13,0,116,126.36,126.36,0.0,2648.635263,0.0
2019-01-28,13,0,117,3.0,3.0,0.0,68.421236,0.0
2019-01-28,13,0,119,0.0,0.0,0.0,0.0,0.0
2019-01-28,13,0,120,0.0,0.0,0.0,0.0,0.0
2019-01-28,13,0,123,4.64,4.64,0.0,-1820.123003,0.0
2019-01-28,13,0,125,143.27,143.27,0.0,-56200.220387,0.0
2019-01-28,13,0,126,209.01,209.01,0.0,-81987.911377,0.0
2019-01-28,13,0,127,268.23,268.23,0.0,-105218.015735,0.0
2019-01-28,13,0,128,202.25,202.25,0.0,-79336.180451,0.0
2019-01-28,13,0,131,0.0,0.0,0.0,0.0,0.0
2019-01-28,13,0,132,0.0,0.0,0.0,0.0,0.0
2019-01-28,13,0,133,41.94,41.94,0.0,254.459907,0.0
2019-01-28,13,0,134,0.0,0.0,0.0,0.0,0.0
2019-01-28,13,0,135,56.2,56.2,0.0,340.978703,0.0
2019-01-28,13,0,136,45.9,45.9,0.0,270.273277,0.0
2019-01-28,13,0,139,16.79,16.79,0.0,-228.262562,0.0
2019-01-28,13,0,140,0.0,0.0,0.0,0.0,0.0
2019-01-28,13,0,141,0.0,0.0,0.0,0.0,0.0
2019-01-28,13,0,142,481.45,481.45,0.0,11146.600816,0.0
2019-01-28,13,0,143,238.5,238.5,0.0,-238500.0,0.0
2019-01-28,13,0,145,63.82,63.82,0.0,-420.849611,0.0
2019-01-28,13,0,146,0.0,0.0,0.0,0.0,0.0
2019-01-28,13,0,152,9.65,9.65,0.0,17.687818,0.0
2019-01-28,13,0,153,12.04,12.04,0.0,19.822189,0.0
2019-01-28,13,0,154,88.23,88.23,0.0,-1199.500048,0.0
2019-01-28,13,0,157,250.0,250.0,0.0,5788.036565,0.0
2019-01-28,13,0,158,281.93,281.93,0.0,6527.284595,0.0
2019-01-28,13,0,159,0.0,0.0,0.0,0.0,0.0
2019-01-28,13,0,160,2.99,2.99,0.0,12.160658,0.0
2019-01-28,13,0,161,70.15,70.15,0.0,1674.316109,0.0
2019-01-28,13,0,162,45.92,45.92,0.0,871.629182,0.0
2019-01-28,13,0,163,0.0,0.0,0.0,0.0,0.0
2019-01-28,13,0,164,25.76,25.76,0.0,-25760.0,0.0
2019-01-28,13,0,167,6.53,6.53,0.0,123.757985,0.0
2019-01-28,13,0,168,3.26,3.26,0.0,61.784232,0.0
2019-01-28,13,0,169,0.0,0.0,0.0,0.0,0.0
2019-01-28,13,0,170,7.14,7.14,0.0,135.318839,0.0
2019-01-28,13,0,172,8.79,8.79,0.0,154.203675,0.0
2019-01-28,13,0,173,13.39,13.39,0.0,234.901844,0.0
2019-01-28,13,0,188,12.01,12.01,0.0,224.915574,0.0
2019-01-28,13,0,190,6.16,6.16,0.0,121.665066,0.0
2019-01-28,13,0,191,15.91,15.91,0.0,314.235585,0.0
2019-01-28,13,0,192,0.0,0.0,0.0,0.0,0.0
2019-01-28,13,0,194,52.95,52.95,0.0,1115.038443,0.0
2019-01-28,13,0,196,7.0,7.0,0.0,142.849449,0.0
2019-01-28,13,0,198,13.16,13.16,0.0,106.774011,0.0
2019-01-28,13,0,199,36.24,36.24,0.0,497.676481,0.0
2019-01-28,13,0,200,22.42,22.42,0.0,307.889258,0.0
2019-01-28,13,0,204,208.98,208.98,0.0,-471.62532,0.0
2019-01-28,13,0,205,290.2,290.2,0.0,-568.890983,0.0
2019-01-28,13,0,206,539.94,539.94,0.0,19846.08449,0.0
2019-01-28,13,0,210,2.83,2.83,0.0,20.136826,0.0
2019-01-28,13,0,214,16.62,16.62,0.0,202.698973,0.0
2019-01-28,13,0,217,10.77,10.77,0.0,108.910703,0.0
2019-01-28,13,0,218,14.87,14.87,0.0,150.371602,0.0
2019-01-28,13,0,219,10.13,10.13,0.0,102.438758,0.0
2019-01-28,13,0,221,8.86,8.86,0.0,108.057335,0.0
2019-01-28,13,0,225,8.47,8.47,0.0,52.881296,0.0
2019-01-28,13,0,233,9.49,9.49,0.0,94.136712,0.0
2019-01-28,13,0,236,319.85,319.85,0.0,1270.462007,0.0
2019-01-28,13,0,237,421.06,421.06,0.0,500.947212,0.0
2019-01-28,13,0,238,102.0,102.0,0.0,531.862236,0.0
2019-01-28,13,0,240,14.5,14.5,0.0,8.260095,0.0
2019-01-28,13,0,245,78.0,78.0,0.0,516.762699,0.0
2019-01-28,13,0,247,171.72,171.72,0.0,1137.672957,0.0
2019-01-28,13,0,248,42.27,42.27,0.0,50.289837,0.0
2019-01-28,13,0,249,150.0,150.0,0.0,993.774421,0.0
2019-01-28,13,0,251,326.4,326.4,0.0,1841.288552,0.0
2019-01-28,13,0,252,267.06,267.06,0.0,1574.814075,0.0
2019-01-28,13,0,254,21.52,21.52,0.0,45.95964,0.0
2019-01-28,13,0,255,9.87,9.87,0.0,21.079073,0.0
2019-01-28,13,0,258,17.83,17.83,0.0,12.803448,0.0
2019-01-28,13,0,260,7.25,7.25,0.0,29.486545,0.0
2019-01-28,13,0,265,91.35,91.35,0.0,-1241.916915,0.0
2019-01-28,13,0,266,10.87,10.87,0.0,-147.779276,0.0
2019-01-28,13,0,267,13.36,13.36,0.0,-181.631199,0.0
2019-01-28,13,0,270,0.0,0.0,0.0,0.0,0.0
2019-01-28,13,0,272,150.39,150.39,0.0,3429.956537,0.0
2019-01-28,13,0,273,30.22,30.22,0.0,633.44221,0.0
2019-01-28,13,0,274,0.0,0.0,0.0,0.0,0.0
2019-01-28,13,0,275,0.0,0.0,0.0,0.0,0.0
2019-01-28,13,0,276,7.33,7.33,0.0,157.230384,0.0
2019-01-28,13,0,277,9.26,9.26,0.0,220.271116,0.0
2019-01-28,13,0,278,14.81,14.81,0.0,352.291062,0.0
2019-01-28,13,0,279,0.0,0.0,0.0,0.0,0.0
2019-01-28,13,0,281,56.1,56.1,0.0,-56100.0,0.0
2019-01-28,13,0,282,378.33,378.33,0.0,-378330.0,0.0
2019-01-28,14,0,9,3.67,3.67,0.0,-1441.534188,0.0
2019-01-28,14,0,17,58.77,58.77,0.0,370.715816,0.0
2019-01-28,14,0,19,192.99,192.99,0.0,1217.363372,0.0
2019-01-28,14,0,20,234.06,234.06,0.0,1476.429198,0.0
2019-01-28,14,0,21,84.0,84.0,0.0,-32994.243002,0.0
2019-01-28,14,0,22,298.53,298.53,0.0,-117259.182898,0.0
2019-01-28,14,0,23,42.61,42.61,0.0,-16736.722551,0.0
2019-01-28,14,0,24,73.27,73.27,0.0,-28779.621247,0.0
2019-01-28,14,0,29,9.64,9.64,0.0,50.947913,0.0
2019-01-28,14,0,30,729.98,729.98,0.0,-729980.0,0.0
2019-01-28,14,0,31,125.0,125.0,0.0,-125000.0,0.0
2019-01-28,14,0,32,5.94,5.94,0.0,95.268078,0.0
2019-01-28,14,0,33,3.47,3.47,0.0,36.197511,0.0
2019-01-28,14,0,34,5.56,5.56,0.0,57.999469,0.0
2019-01-28,14,0,35,5.56,5.56,0.0,57.999469,0.0
2019-01-28,14,0,36,13.41,13.41,0.0,4.833911,0.0
2019-01-28,14,0,37,6.34,6.34,0.0,2.384695,0.0
2019-01-28,14,0,38,8.15,8.15,0.0,3.065499,0.0
2019-01-28,14,0,39,5.43,5.43,0.0,2.042412,0.0
2019-01-28,14,0,40,5.43,5.43,0.0,2.042412,0.0
2019-01-28,14,0,41,5.51,5.51,0.0,-77.809399,0.0
2019-01-28,14,0,42,82.27,82.27,0.0,445.413587,0.0
2019-01-28,14,0,43,40.36,40.36,0.0,51.169209,0.0
2019-01-28,14,0,46,35.35,35.35,0.0,-18.662013,0.0
2019-01-28,14,0,52,132.5,132.5,0.0,-132500.0,0.0
2019-01-28,14,0,53,210.5,210.5,0.0,-210500.0,0.0
2019-01-28,14,0,55,623.0,623.0,0.0,-244707.302265,0.0
2019-01-28,14,0,56,215.32,215.32,0.0,-215320.0,0.0
2019-01-28,14,0,57,204.81,204.81,0.0,-204810.0,0.0
2019-01-28,14,0,58,393.87,393.87,0.0,-393870.0,0.0
2019-01-28,14,0,59,387.31,387.31,0.0,-387310.0,0.0
2019-01-28,14,0,63,0.0,0.0,0.0,0.0,0.0
2019-01-28,14,0,64,0.0,0.0,0.0,0.0,0.0
2019-01-28,14,0,65,41.4,41.4,0.0,254.273142,0.0
2019-01-28,14,0,67,382.68,382.68,0.0,5422.894257,0.0
2019-01-28,14,0,68,0.0,0.0,0.0,0.0,0.0
2019-01-28,14,0,69,3.47,3.47,0.0,36.197511,0.0
2019-01-28,14,0,74,89.94,89.94,0.0,103.666972,0.0
2019-01-28,14,0,77,0.0,0.0,0.0,0.0,0.0
2019-01-28,14,0,78,0.0,0.0,0.0,0.0,0.0
2019-01-28,14,0,79,0.0,0.0,0.0,0.0,0.0
2019-01-28,14,0,80,0.0,0.0,0.0,0.0,0.0
2019-01-28,14,0,81,0.0,0.0,0.0,0.0,0.0
2019-01-28,14,0,82,0.0,0.0,0.0,0.0,0.0
2019-01-28,14,0,83,0.0,0.0,0.0,0.0,0.0
2019-01-28,14,0,84,0.0,0.0,0.0,0.0,0.0
2019-01-28,14,0,86,17.61,17.61,0.0,183.699758,0.0
2019-01-28,14,0,87,89.88,89.88,0.0,937.588546,0.0
2019-01-28,14,0,88,0.0,0.0,0.0,0.0,0.0
2019-01-28,14,0,89,0.0,0.0,0.0,0.0,0.0
2019-01-28,14,0,90,0.0,0.0,0.0,0.0,0.0
2019-01-28,14,0,91,0.0,0.0,0.0,0.0,0.0
2019-01-28,14,0,92,0.0,0.0,0.0,0.0,0.0
2019-01-28,14,0,95,51.24,51.24,0.0,819.145404,0.0
2019-01-28,14,0,96,31.39,31.39,0.0,1125.379168,0.0
2019-01-28,14,0,97,210.51,210.51,0.0,7547.103174,0.0
2019-01-28,14,0,99,17.36,17.36,0.0,20.009547,0.0
2019-01-28,14,0,101,14.7,14.7,0.0,-14700.0,0.0
2019-01-28,14,0,102,0.0,0.0,0.0,0.0,0.0
2019-01-28,14,0,103,0.0,0.0,0.0,0.0,0.0
2019-01-28,14,0,104,0.0,0.0,0.0,0.0,0.0
2019-01-28,14,0,106,293.88,293.88,0.0,-115432.715874,0.0
2019-01-28,14,0,109,15.62,15.62,0.0,-36.234929,0.0
2019-01-28,14,0,110,0.0,0.0,0.0,0.0,0.0
2019-01-28,14,0,111,23.14,23.14,0.0,-326.771233,0.0
2019-01-28,14,0,113,0.0,0.0,0.0,0.0,0.0
2019-01-28,14,0,115,0.0,0.0,0.0,0.0,0.0
2019-01-28,14,0,116,130.43,130.43,0.0,2274.691521,0.0
2019-01-28,14,0,117,0.0,0.0,0.0,0.0,0.0
2019-01-28,14,0,119,0.0,0.0,0.0,0.0,0.0
2019-01-28,14,0,120,0.0,0.0,0.0,0.0,0.0
2019-01-28,14,0,123,4.9,4.9,0.0,-1924.664175,0.0
2019-01-28,14,0,125,66.79,66.79,0.0,-26234.351073,0.0
2019-01-28,14,0,126,220.41,220.41,0.0,-86574.536906,0.0
2019-01-28,14,0,127,282.86,282.86,0.0,-111104.185423,0.0
2019-01-28,14,0,128,92.7,92.7,0.0,-36411.503884,0.0
2019-01-28,14,0,131,0.0,0.0,0.0,0.0,0.0
2019-01-28,14,0,132,0.0,0.0,0.0,0.0,0.0
2019-01-28,14,0,133,41.94,41.94,0.0,265.209817,0.0
2019-01-28,14,0,134,0.0,0.0,0.0,0.0,0.0
2019-01-28,14,0,135,56.2,56.2,0.0,355.383685,0.0
2019-01-28,14,0,136,45.9,45.9,0.0,281.493122,0.0
2019-01-28,14,0,139,7.11,7.11,0.0,-100.40378,0.0
2019-01-28,14,0,140,0.0,0.0,0.0,0.0,0.0
2019-01-28,14,0,141,0.0,0.0,0.0,0.0,0.0
2019-01-28,14,0,142,504.66,504.66,0.0,7151.45243,0.0
2019-01-28,14,0,143,238.5,238.5,0.0,-238500.0,0.0
2019-01-28,14,0,145,56.12,56.12,0.0,-407.839665,0.0
2019-01-28,14,0,146,268.0,268.0,0.0,4673.904222,0.0
2019-01-28,14,0,152,10.36,10.36,0.0,18.540518,0.0
2019-01-28,14,0,153,12.8,12.8,0.0,20.345013,0.0
2019-01-28,14,0,154,95.47,95.47,0.0,-1348.178463,0.0
2019-01-28,14,0,157,250.0,250.0,0.0,3542.708175,0.0
2019-01-28,14,0,158,305.13,305.13,0.0,4323.946182,0.0
2019-01-28,14,0,159,0.0,0.0,0.0,0.0,0.0
2019-01-28,14,0,160,3.11,3.11,0.0,12.100393,0.0
2019-01-28,14,0,161,72.57,72.57,0.0,950.906864,0.0
2019-01-28,14,0,162,145.48,145.48,0.0,2327.736458,0.0
2019-01-28,14,0,163,0.0,0.0,0.0,0.0,0.0
2019-01-28,14,0,164,28.0,28.0,0.0,-28000.0,0.0
2019-01-28,14,0,167,6.57,6.57,0.0,104.940108,0.0
2019-01-28,14,0,168,3.29,3.29,0.0,52.549917,0.0
2019-01-28,14,0,169,0.0,0.0,0.0,0.0,0.0
2019-01-28,14,0,170,7.19,7.19,0.0,114.843132,0.0
2019-01-28,14,0,172,8.96,8.96,0.0,128.742279,0.0
2019-01-28,14,0,173,13.65,13.65,0.0,196.130816,0.0
2019-01-28,14,0,188,12.15,12.15,0.0,191.244512,0.0
2019-01-28,14,0,190,6.32,6.32,0.0,105.815608,0.0
2019-01-28,14,0,191,16.32,16.32,0.0,273.245368,0.0
2019-01-28,14,0,192,332.6,332.6,0.0,5568.713813,0.0
2019-01-28,14,0,194,52.95,52.95,0.0,995.443815,0.0
2019-01-28,14,0,196,7.16,7.16,0.0,122.987773,0.0
2019-01-28,14,0,198,13.57,13.57,0.0,107.439269,0.0
2019-01-28,14,0,199,13.11,13.11,0.0,171.684722,0.0
2019-01-28,14,0,200,23.06,23.06,0.0,301.987009,0.0
2019-01-28,14,0,204,58.02,58.02,0.0,-153.516621,0.0
2019-01-28,14,0,205,82.63,82.63,0.0,-191.68324,0.0
2019-01-28,14,0,206,745.19,745.19,0.0,26716.193121,0.0
2019-01-28,14,0,210,2.86,2.86,0.0,17.679888,0.0
2019-01-28,14,0,214,16.8,16.8,0.0,216.052381,0.0
2019-01-28,14,0,217,10.92,10.92,0.0,110.037325,0.0
2019-01-28,14,0,218,15.08,15.08,0.0,151.956306,0.0
2019-01-28,14,0,219,10.27,10.27,0.0,103.487484,0.0
2019-01-28,14,0,221,8.96,8.96,0.0,115.227937,0.0
2019-01-28,14,0,225,8.72,8.72,0.0,45.330516,0.0
2019-01-28,14,0,233,9.96,9.96,0.0,103.89833,0.0
2019-01-28,14,0,236,129.45,129.45,0.0,528.757943,0.0
2019-01-28,14,0,237,215.76,215.76,0.0,248.69008,0.0
2019-01-28,14,0,238,107.08,107.08,0.0,579.736075,0.0
2019-01-28,14,0,240,15.2,15.2,0.0,5.479154,0.0
2019-01-28,14,0,245,78.0,78.0,0.0,539.64362,0.0
2019-01-28,14,0,247,171.72,171.72,0.0,1188.046184,0.0
2019-01-28,14,0,248,21.66,21.66,0.0,24.965828,0.0
2019-01-28,14,0,249,150.0,150.0,0.0,1037.776192,0.0
2019-01-28,14,0,251,326.4,326.4,0.0,1915.721187,0.0
2019-01-28,14,0,252,267.06,267.06,0.0,1640.246024,0.0
2019-01-28,14,0,254,22.1,22.1,0.0,42.565017,0.0
2019-01-28,14,0,255,10.13,10.13,0.0,19.510571,0.0
2019-01-28,14,0,258,18.63,18.63,0.0,9.445688,0.0
2019-01-28,14,0,260,7.55,7.55,0.0,29.375551,0.0
2019-01-28,14,0,265,98.84,98.84,0.0,-1395.767878,0.0
2019-01-28,14,0,266,4.6,4.6,0.0,-64.958845,0.0
2019-01-28,14,0,267,5.66,5.66,0.0,-79.927622,0.0
2019-01-28,14,0,270,0.0,0.0,0.0,0.0,0.0
2019-01-28,14,0,272,0.0,0.0,0.0,0.0,0.0
2019-01-28,14,0,273,31.19,31.19,0.0,543.951764,0.0
2019-01-28,14,0,274,0.0,0.0,0.0,0.0,0.0
2019-01-28,14,0,275,0.0,0.0,0.0,0.0,0.0
2019-01-28,14,0,276,7.52,7.52,0.0,125.659337,0.0
2019-01-28,14,0,277,9.68,9.68,0.0,213.436727,0.0
2019-01-28,14,0,278,15.49,15.49,0.0,341.542861,0.0
2019-01-28,14,0,279,0.0,0.0,0.0,0.0,0.0
2019-01-28,14,0,281,56.1,56.1,0.0,-56100.0,0.0
2019-01-28,14,0,282,400.44,400.44,0.0,-400440.0,0.0
2019-01-28,15,0,9,3.51,3.51,0.0,-1379.131887,0.0
2019-01-28,15,0,17,56.54,56.54,0.0,379.220011,0.0
2019-01-28,15,0,19,192.99,192.99,0.0,1294.405198,0.0
2019-01-28,15,0,20,234.06,234.06,0.0,1569.866214,0.0
2019-01-28,15,0,21,80.34,80.34,0.0,-31566.796521,0.0
2019-01-28,15,0,22,285.51,285.51,0.0,-112181.180914,0.0
2019-01-28,15,0,23,0.0,0.0,0.0,-0.0,0.0
2019-01-28,15,0,24,0.0,0.0,0.0,-0.0,0.0
2019-01-28,15,0,29,8.82,8.82,0.0,37.572457,0.0
2019-01-28,15,0,30,693.85,693.85,0.0,-693850.0,0.0
2019-01-28,15,0,31,125.0,125.0,0.0,-125000.0,0.0
2019-01-28,15,0,32,5.49,5.49,0.0,92.50692,0.0
2019-01-28,15,0,33,3.28,3.28,0.0,36.020705,0.0
2019-01-28,15,0,34,5.25,5.25,0.0,57.655092,0.0
2019-01-28,15,0,35,5.25,5.25,0.0,57.655092,0.0
2019-01-28,15,0,36,12.82,12.82,0.0,6.11591,0.0
2019-01-28,15,0,37,6.04,6.04,0.0,2.909977,0.0
2019-01-28,15,0,38,7.76,7.76,0.0,3.738647,0.0
2019-01-28,15,0,39,5.17,5.17,0.0,2.490825,0.0
2019-01-28,15,0,40,5.17,5.17,0.0,2.490825,0.0
2019-01-28,15,0,41,26.5,26.5,0.0,-375.265429,0.0
2019-01-28,15,0,42,79.24,79.24,0.0,458.0453,0.0
2019-01-28,15,0,43,38.26,38.26,0.0,52.319015,0.0
2019-01-28,15,0,46,33.47,33.47,0.0,-15.45581,0.0
2019-01-28,15,0,52,132.5,132.5,0.0,-132500.0,0.0
2019-01-28,15,0,53,210.5,210.5,0.0,-210500.0,0.0
2019-01-28,15,0,55,623.0,623.0,0.0,-244786.087034,0.0
2019-01-28,15,0,56,204.66,204.66,0.0,-204660.0,0.0
2019-01-28,15,0,57,194.68,194.68,0.0,-194680.0,0.0
2019-01-28,15,0,58,374.38,374.38,0.0,-374380.0,0.0
2019-01-28,15,0,59,368.14,368.14,0.0,-368140.0,0.0
2019-01-28,15,0,63,0.0,0.0,0.0,0.0,0.0
2019-01-28,15,0,64,0.0,0.0,0.0,0.0,0.0
2019-01-28,15,0,65,41.4,41.4,0.0,270.548076,0.0
2019-01-28,15,0,67,364.03,364.03,0.0,5155.106474,0.0
2019-01-28,15,0,68,0.0,0.0,0.0,0.0,0.0
2019-01-28,15,0,69,3.28,3.28,0.0,36.020705,0.0
2019-01-28,15,0,74,51.88,51.88,0.0,71.637819,0.0
2019-01-28,15,0,77,0.0,0.0,0.0,0.0,0.0
2019-01-28,15,0,78,0.0,0.0,0.0,0.0,0.0
2019-01-28,15,0,79,0.0,0.0,0.0,0.0,0.0
2019-01-28,15,0,80,0.0,0.0,0.0,0.0,0.0
2019-01-28,15,0,81,0.0,0.0,0.0,0.0,0.0
2019-01-28,15,0,82,0.0,0.0,0.0,0.0,0.0
2019-01-28,15,0,83,0.0,0.0,0.0,0.0,0.0
2019-01-28,15,0,84,0.0,0.0,0.0,0.0,0.0
2019-01-28,15,0,86,16.63,16.63,0.0,182.629366,0.0
2019-01-28,15,0,87,84.89,84.89,0.0,932.255377,0.0
2019-01-28,15,0,88,0.0,0.0,0.0,0.0,0.0
2019-01-28,15,0,89,0.0,0.0,0.0,0.0,0.0
2019-01-28,15,0,90,0.0,0.0,0.0,0.0,0.0
2019-01-28,15,0,91,0.0,0.0,0.0,0.0,0.0
2019-01-28,15,0,92,0.0,0.0,0.0,0.0,0.0
2019-01-28,15,0,95,120.0,120.0,0.0,1615.953085,0.0
2019-01-28,15,0,96,29.88,29.88,0.0,1064.549133,0.0
2019-01-28,15,0,97,183.75,183.75,0.0,6546.549635,0.0
2019-01-28,15,0,99,10.01,10.01,0.0,13.822178,0.0
2019-01-28,15,0,101,13.98,13.98,0.0,-13980.0,0.0
2019-01-28,15,0,102,0.0,0.0,0.0,0.0,0.0
2019-01-28,15,0,103,0.0,0.0,0.0,0.0,0.0
2019-01-28,15,0,104,0.0,0.0,0.0,0.0,0.0
2019-01-28,15,0,106,281.06,281.06,0.0,-110432.708863,0.0
2019-01-28,15,0,109,28.8,28.8,0.0,-65.565697,0.0
2019-01-28,15,0,110,0.0,0.0,0.0,0.0,0.0
2019-01-28,15,0,111,22.41,22.41,0.0,-317.347104,0.0
2019-01-28,15,0,113,0.0,0.0,0.0,0.0,0.0
2019-01-28,15,0,115,0.0,0.0,0.0,0.0,0.0
2019-01-28,15,0,116,123.23,123.23,0.0,2119.2026,0.0
2019-01-28,15,0,117,0.0,0.0,0.0,0.0,0.0
2019-01-28,15,0,119,0.0,0.0,0.0,0.0,0.0
2019-01-28,15,0,120,0.0,0.0,0.0,0.0,0.0
2019-01-28,15,0,123,4.68,4.68,0.0,-1838.842516,0.0
2019-01-28,15,0,125,0.0,0.0,0.0,-0.0,0.0
2019-01-28,15,0,126,210.8,210.8,0.0,-82826.496223,0.0
2019-01-28,15,0,127,270.52,270.52,0.0,-106291.384052,0.0
2019-01-28,15,0,128,0.0,0.0,0.0,-0.0,0.0
2019-01-28,15,0,131,0.0,0.0,0.0,0.0,0.0
2019-01-28,15,0,132,0.0,0.0,0.0,0.0,0.0
2019-01-28,15,0,133,41.94,41.94,0.0,281.976364,0.0
2019-01-28,15,0,134,0.0,0.0,0.0,0.0,0.0
2019-01-28,15,0,135,56.2,56.2,0.0,377.851017,0.0
2019-01-28,15,0,136,45.9,45.9,0.0,299.521733,0.0
2019-01-28,15,0,139,34.46,34.46,0.0,-487.986667,0.0
2019-01-28,15,0,140,0.0,0.0,0.0,0.0,0.0
2019-01-28,15,0,141,0.0,0.0,0.0,0.0,0.0
2019-01-28,15,0,142,480.06,480.06,0.0,6798.232052,0.0
2019-01-28,15,0,143,238.5,238.5,0.0,-238500.0,0.0
2019-01-28,15,0,145,30.0,30.0,0.0,-221.513153,0.0
2019-01-28,15,0,146,268.0,268.0,0.0,4608.831428,0.0
2019-01-28,15,0,152,9.76,9.76,0.0,19.63859,0.0
2019-01-28,15,0,153,12.13,12.13,0.0,21.881549,0.0
2019-01-28,15,0,154,92.44,92.44,0.0,-1309.039103,0.0
2019-01-28,15,0,157,250.0,250.0,0.0,3540.303323,0.0
2019-01-28,15,0,158,293.55,293.55,0.0,4157.024162,0.0
2019-01-28,15,0,159,0.0,0.0,0.0,0.0,0.0
2019-01-28,15,0,160,2.96,2.96,0.0,11.821363,0.0
2019-01-28,15,0,161,68.31,68.31,0.0,899.631355,0.0
2019-01-28,15,0,162,162.5,162.5,0.0,2189.660503,0.0
2019-01-28,15,0,163,0.0,0.0,0.0,0.0,0.0
2019-01-28,15,0,164,26.61,26.61,0.0,-26610.0,0.0
2019-01-28,15,0,167,6.09,6.09,0.0,81.217794,0.0
2019-01-28,15,0,168,3.05,3.05,0.0,40.675578,0.0
2019-01-28,15,0,169,0.0,0.0,0.0,0.0,0.0
2019-01-28,15,0,170,6.66,6.66,0.0,88.819459,0.0
2019-01-28,15,0,172,8.41,8.41,0.0,121.481004,0.0
2019-01-28,15,0,173,12.82,12.82,0.0,185.182695,0.0
2019-01-28,15,0,188,11.19,11.19,0.0,177.133262,0.0
2019-01-28,15,0,190,6.07,6.07,0.0,100.503314,0.0
2019-01-28,15,0,191,15.68,15.68,0.0,259.619762,0.0
2019-01-28,15,0,192,332.6,332.6,0.0,5506.985516,0.0
2019-01-28,15,0,194,0.0,0.0,0.0,0.0,0.0
2019-01-28,15,0,196,6.84,6.84,0.0,116.034275,0.0
2019-01-28,15,0,198,12.86,12.86,0.0,102.338158,0.0
2019-01-28,15,0,199,10.9,10.9,0.0,70.124786,0.0
2019-01-28,15,0,200,21.32,21.32,0.0,137.161509,0.0
2019-01-28,15,0,204,116.25,116.25,0.0,-304.493335,0.0
2019-01-28,15,0,205,152.34,152.34,0.0,-346.815221,0.0
2019-01-28,15,0,206,539.94,539.94,0.0,19236.702096,0.0
2019-01-28,15,0,210,2.66,2.66,0.0,12.975696,0.0
2019-01-28,15,0,214,15.52,15.52,0.0,209.524706,0.0
2019-01-28,15,0,217,10.09,10.09,0.0,101.673682,0.0
2019-01-28,15,0,218,13.92,13.92,0.0,140.267359,0.0
2019-01-28,15,0,219,9.48,9.48,0.0,95.526909,0.0
2019-01-28,15,0,221,8.28,8.28,0.0,111.782511,0.0
2019-01-28,15,0,225,8.0,8.0,0.0,33.601742,0.0
2019-01-28,15,0,233,9.41,9.41,0.0,103.339888,0.0
2019-01-28,15,0,236,95.95,95.95,0.0,422.139703,0.0
2019-01-28,15,0,237,124.45,124.45,0.0,171.845154,0.0
2019-01-28,15,0,238,103.14,103.14,0.0,596.198792,0.0
2019-01-28,15,0,240,14.53,14.53,0.0,6.931683,0.0
2019-01-28,15,0,245,78.0,78.0,0.0,572.527174,0.0
2019-01-28,15,0,247,171.72,171.72,0.0,1260.440594,0.0
2019-01-28,15,0,248,12.49,12.49,0.0,17.246653,0.0
2019-01-28,15,0,249,150.0,150.0,0.0,1101.013796,0.0
2019-01-28,15,0,251,326.4,326.4,0.0,2040.771833,0.0
2019-01-28,15,0,252,267.06,267.06,0.0,1745.231141,0.0
2019-01-28,15,0,254,21.04,21.04,0.0,42.637087,0.0
2019-01-28,15,0,255,9.65,9.65,0.0,19.555508,0.0
2019-01-28,15,0,258,17.81,17.81,0.0,11.057639,0.0
2019-01-28,15,0,260,7.18,7.18,0.0,28.674793,0.0
2019-01-28,15,0,265,95.71,95.71,0.0,-1355.345441,0.0
2019-01-28,15,0,266,22.04,22.04,0.0,-312.107549,0.0
2019-01-28,15,0,267,27.26,27.26,0.0,-386.027758,0.0
2019-01-28,15,0,270,0.0,0.0,0.0,0.0,0.0
2019-01-28,15,0,272,0.0,0.0,0.0,0.0,0.0
2019-01-28,15,0,273,29.47,29.47,0.0,506.799486,0.0
2019-01-28,15,0,274,0.0,0.0,0.0,0.0,0.0
2019-01-28,15,0,275,0.0,0.0,0.0,0.0,0.0
2019-01-28,15,0,276,7.09,7.09,0.0,117.121664,0.0
2019-01-28,15,0,277,9.16,9.16,0.0,197.100928,0.0
2019-01-28,15,0,278,14.65,14.65,0.0,315.23238,0.0
2019-01-28,15,0,279,0.0,0.0,0.0,0.0,0.0
2019-01-28,15,0,281,56.1,56.1,0.0,-56100.0,0.0
2019-01-28,15,0,282,380.62,380.62,0.0,-380620.0,0.0
2019-01-28,16,0,9,3.02,3.02,0.0,-1185.936513,0.0
2019-01-28,16,0,17,46.78,46.78,0.0,306.084382,0.0
2019-01-28,16,0,19,332.0,332.0,0.0,2172.296171,0.0
2019-01-28,16,0,20,419.03,419.03,0.0,2741.738749,0.0
2019-01-28,16,0,21,69.09,69.09,0.0,-27131.242946,0.0
2019-01-28,16,0,22,245.53,245.53,0.0,-96418.2093,0.0
2019-01-28,16,0,23,0.0,0.0,0.0,-0.0,0.0
2019-01-28,16,0,24,0.0,0.0,0.0,-0.0,0.0
2019-01-28,16,0,29,7.36,7.36,0.0,31.86235,0.0
2019-01-28,16,0,30,588.07,588.07,0.0,-588070.0,0.0
2019-01-28,16,0,31,125.0,125.0,0.0,-125000.0,0.0
2019-01-28,16,0,32,3.57,3.57,0.0,64.915952,0.0
2019-01-28,16,0,33,2.7,2.7,0.0,28.884369,0.0
2019-01-28,16,0,34,4.31,4.31,0.0,46.108011,0.0
2019-01-28,16,0,35,4.31,4.31,0.0,46.108011,0.0
2019-01-28,16,0,36,10.8,10.8,0.0,5.706524,0.0
2019-01-28,16,0,37,5.13,5.13,0.0,2.77203,0.0
2019-01-28,16,0,38,6.59,6.59,0.0,3.560951,0.0
2019-01-28,16,0,39,4.4,4.4,0.0,2.377569,0.0
2019-01-28,16,0,40,4.4,4.4,0.0,2.377569,0.0
2019-01-28,16,0,41,82.36,82.36,0.0,-1149.337039,0.0
2019-01-28,16,0,42,68.22,68.22,0.0,384.926857,0.0
2019-01-28,16,0,43,32.6,32.6,0.0,46.367155,0.0
2019-01-28,16,0,46,27.67,27.67,0.0,-10.200181,0.0
2019-01-28,16,0,52,132.5,132.5,0.0,-132500.0,0.0
2019-01-28,16,0,53,210.5,210.5,0.0,-210500.0,0.0
2019-01-28,16,0,55,623.0,623.0,0.0,-244648.492623,0.0
2019-01-28,16,0,56,173.46,173.46,0.0,-173460.0,0.0
2019-01-28,16,0,57,165.0,165.0,0.0,-165000.0,0.0
2019-01-28,16,0,58,317.3,317.3,0.0,-317300.0,0.0
2019-01-28,16,0,59,312.01,312.01,0.0,-312010.0,0.0
2019-01-28,16,0,63,0.0,0.0,0.0,0.0,0.0
2019-01-28,16,0,64,0.0,0.0,0.0,0.0,0.0
2019-01-28,16,0,65,41.4,41.4,0.0,263.956405,0.0
2019-01-28,16,0,67,314.38,314.38,0.0,6855.512096,0.0
2019-01-28,16,0,68,0.0,0.0,0.0,0.0,0.0
2019-01-28,16,0,69,2.7,2.7,0.0,28.884369,0.0
2019-01-28,16,0,74,28.21,28.21,0.0,38.189187,0.0
2019-01-28,16,0,77,0.0,0.0,0.0,0.0,0.0
2019-01-28,16,0,78,0.0,0.0,0.0,0.0,0.0
2019-01-28,16,0,79,0.0,0.0,0.0,0.0,0.0
2019-01-28,16,0,80,0.0,0.0,0.0,0.0,0.0
2019-01-28,16,0,81,0.0,0.0,0.0,0.0,0.0
2019-01-28,16,0,82,0.0,0.0,0.0,0.0,0.0
2019-01-28,16,0,83,0.0,0.0,0.0,0.0,0.0
2019-01-28,16,0,84,0.0,0.0,0.0,0.0,0.0
2019-01-28,16,0,86,13.66,13.66,0.0,146.133511,0.0
2019-01-28,16,0,87,69.74,69.74,0.0,746.072553,0.0
2019-01-28,16,0,88,0.0,0.0,0.0,0.0,0.0
2019-01-28,16,0,89,0.0,0.0,0.0,0.0,0.0
2019-01-28,16,0,90,0.0,0.0,0.0,0.0,0.0
2019-01-28,16,0,91,0.0,0.0,0.0,0.0,0.0
2019-01-28,16,0,92,0.0,0.0,0.0,0.0,0.0
2019-01-28,16,0,95,120.0,120.0,0.0,1977.002113,0.0
2019-01-28,16,0,96,0.0,0.0,0.0,0.0,0.0
2019-01-28,16,0,97,0.0,0.0,0.0,0.0,0.0
2019-01-28,16,0,99,6.19,6.19,0.0,8.37969,0.0
2019-01-28,16,0,101,11.85,11.85,0.0,-11850.0,0.0
2019-01-28,16,0,102,0.0,0.0,0.0,0.0,0.0
2019-01-28,16,0,103,0.0,0.0,0.0,0.0,0.0
2019-01-28,16,0,104,0.0,0.0,0.0,0.0,0.0
2019-01-28,16,0,106,241.71,241.71,0.0,-94918.117419,0.0
2019-01-28,16,0,109,60.0,60.0,0.0,-129.138139,0.0
2019-01-28,16,0,110,338.6,338.6,0.0,6640.387819,0.0
2019-01-28,16,0,111,19.07,19.07,0.0,-266.1226,0.0
2019-01-28,16,0,113,0.0,0.0,0.0,0.0,0.0
2019-01-28,16,0,115,0.0,0.0,0.0,0.0,0.0
2019-01-28,16,0,116,98.7,98.7,0.0,1935.635788,0.0
2019-01-28,16,0,117,0.0,0.0,0.0,0.0,0.0
2019-01-28,16,0,119,0.0,0.0,0.0,0.0,0.0
2019-01-28,16,0,120,0.0,0.0,0.0,0.0,0.0
2019-01-28,16,0,123,4.03,4.03,0.0,-1582.557665,0.0
2019-01-28,16,0,125,0.0,0.0,0.0,-0.0,0.0
2019-01-28,16,0,126,181.28,181.28,0.0,-71187.606329,0.0
2019-01-28,16,0,127,232.64,232.64,0.0,-91356.380937,0.0
2019-01-28,16,0,128,0.0,0.0,0.0,-0.0,0.0
2019-01-28,16,0,131,0.0,0.0,0.0,0.0,0.0
2019-01-28,16,0,132,0.0,0.0,0.0,0.0,0.0
2019-01-28,16,0,133,50.5,50.5,0.0,331.22057,0.0
2019-01-28,16,0,134,0.0,0.0,0.0,0.0,0.0
2019-01-28,16,0,135,64.2,64.2,0.0,421.076448,0.0
2019-01-28,16,0,136,45.9,45.9,0.0,292.225747,0.0
2019-01-28,16,0,139,107.25,107.25,0.0,-1496.677968,0.0
2019-01-28,16,0,140,250.6,250.6,0.0,4914.592993,0.0
2019-01-28,16,0,141,230.0,230.0,0.0,5015.483752,0.0
2019-01-28,16,0,142,414.59,414.59,0.0,9040.73656,0.0
2019-01-28,16,0,143,238.5,238.5,0.0,-238500.0,0.0
2019-01-28,16,0,145,30.0,30.0,0.0,-213.253958,0.0
2019-01-28,16,0,146,268.0,268.0,0.0,5255.829697,0.0
2019-01-28,16,0,152,8.27,8.27,0.0,16.436861,0.0
2019-01-28,16,0,153,10.24,10.24,0.0,18.284984,0.0
2019-01-28,16,0,154,78.66,78.66,0.0,-1097.703394,0.0
2019-01-28,16,0,157,250.0,250.0,0.0,5451.612774,0.0
2019-01-28,16,0,158,235.2,235.2,0.0,5128.877298,0.0
2019-01-28,16,0,159,0.0,0.0,0.0,0.0,0.0
2019-01-28,16,0,160,2.49,2.49,0.0,10.018382,0.0
2019-01-28,16,0,161,58.91,58.91,0.0,1326.846198,0.0
2019-01-28,16,0,162,162.5,162.5,0.0,2678.931773,0.0
2019-01-28,16,0,163,0.0,0.0,0.0,0.0,0.0
2019-01-28,16,0,164,22.57,22.57,0.0,-22570.0,0.0
2019-01-28,16,0,167,3.73,3.73,0.0,61.175493,0.0
2019-01-28,16,0,168,1.86,1.86,0.0,30.505742,0.0
2019-01-28,16,0,169,0.0,0.0,0.0,0.0,0.0
2019-01-28,16,0,170,4.08,4.08,0.0,66.91582,0.0
2019-01-28,16,0,172,6.26,6.26,0.0,102.368996,0.0
2019-01-28,16,0,173,9.54,9.54,0.0,156.006426,0.0
2019-01-28,16,0,188,7.96,7.96,0.0,139.638383,0.0
2019-01-28,16,0,190,6.75,6.75,0.0,124.388587,0.0
2019-01-28,16,0,191,17.43,17.43,0.0,321.198974,0.0
2019-01-28,16,0,192,332.6,332.6,0.0,6129.132453,0.0
2019-01-28,16,0,194,0.0,0.0,0.0,0.0,0.0
2019-01-28,16,0,196,5.06,5.06,0.0,96.500295,0.0
2019-01-28,16,0,198,10.67,10.67,0.0,85.225041,0.0
2019-01-28,16,0,199,52.9,52.9,0.0,434.657604,0.0
2019-01-28,16,0,200,17.25,17.25,0.0,141.736175,0.0
2019-01-28,16,0,204,257.1,257.1,0.0,-637.860366,0.0
2019-01-28,16,0,205,317.4,317.4,0.0,-683.140753,0.0
2019-01-28,16,0,206,0.0,0.0,0.0,0.0,0.0
2019-01-28,16,0,210,2.26,2.26,0.0,11.604827,0.0
2019-01-28,16,0,214,12.98,12.98,0.0,170.624356,0.0
2019-01-28,16,0,217,8.74,8.74,0.0,86.142555,0.0
2019-01-28,16,0,218,12.06,12.06,0.0,118.864898,0.0
2019-01-28,16,0,219,8.21,8.21,0.0,80.918807,0.0
2019-01-28,16,0,221,6.92,6.92,0.0,90.964603,0.0
2019-01-28,16,0,225,6.71,6.71,0.0,28.526286,0.0
2019-01-28,16,0,233,7.73,7.73,0.0,82.694879,0.0
2019-01-28,16,0,236,59.51,59.51,0.0,256.024564,0.0
2019-01-28,16,0,237,64.52,64.52,0.0,87.34372,0.0
2019-01-28,16,0,238,88.79,88.79,0.0,500.991727,0.0
2019-01-28,16,0,240,12.24,12.24,0.0,6.467394,0.0
2019-01-28,16,0,245,78.0,78.0,0.0,558.34584,0.0
2019-01-28,16,0,247,148.81,148.81,0.0,1065.223648,0.0
2019-01-28,16,0,248,7.6,7.6,0.0,10.288473,0.0
2019-01-28,16,0,249,150.0,150.0,0.0,1073.742001,0.0
2019-01-28,16,0,251,266.47,266.47,0.0,1625.753762,0.0
2019-01-28,16,0,252,267.06,267.06,0.0,1702.710082,0.0
2019-01-28,16,0,254,17.58,17.58,0.0,36.478919,0.0
2019-01-28,16,0,255,8.06,8.06,0.0,16.724692,0.0
2019-01-28,16,0,258,15.0,15.0,0.0,10.091367,0.0
2019-01-28,16,0,260,6.06,6.06,0.0,24.382087,0.0
2019-01-28,16,0,265,81.44,81.44,0.0,-1136.498403,0.0
2019-01-28,16,0,266,68.38,68.38,0.0,-954.24559,0.0
2019-01-28,16,0,267,84.71,84.71,0.0,-1182.131382,0.0
2019-01-28,16,0,270,0.0,0.0,0.0,0.0,0.0
2019-01-28,16,0,272,0.0,0.0,0.0,0.0,0.0
2019-01-28,16,0,273,23.6,23.6,0.0,462.826794,0.0
2019-01-28,16,0,274,0.0,0.0,0.0,0.0,0.0
2019-01-28,16,0,275,0.0,0.0,0.0,0.0,0.0
2019-01-28,16,0,276,5.89,5.89,0.0,118.39745,0.0
2019-01-28,16,0,277,7.65,7.65,0.0,171.413894,0.0
2019-01-28,16,0,278,12.23,12.23,0.0,274.038161,0.0
2019-01-28,16,0,279,0.0,0.0,0.0,0.0,0.0
2019-01-28,16,0,281,56.1,56.1,0.0,-56100.0,0.0
2019-01-28,16,0,282,322.59,322.59,0.0,-322590.0,0.0
2019-01-28,17,0,9,2.14,2.14,0.0,-89.214694,0.0
2019-01-28,17,0,17,33.27,33.27,0.0,27.392955,0.0
2019-01-28,17,0,19,187.41,187.41,0.0,154.304588,0.0
2019-01-28,17,0,20,225.69,225.69,0.0,185.822542,0.0
2019-01-28,17,0,21,49.05,49.05,0.0,-2044.850817,0.0
2019-01-28,17,0,22,174.31,174.31,0.0,-7266.828661,0.0
2019-01-28,17,0,23,47.2,47.2,0.0,-1967.725964,0.0
2019-01-28,17,0,24,83.96,83.96,0.0,-3500.217626,0.0
2019-01-28,17,0,29,5.18,5.18,0.0,18.065364,0.0
2019-01-28,17,0,30,422.69,422.69,0.0,-17732.186672,0.0
2019-01-28,17,0,31,125.0,125.0,0.0,-5243.850893,0.0
2019-01-28,17,0,32,2.55,2.55,0.0,129.083791,0.0
2019-01-28,17,0,33,1.92,1.92,0.0,16.738765,0.0
2019-01-28,17,0,34,3.07,3.07,0.0,26.764588,0.0
2019-01-28,17,0,35,3.07,3.07,0.0,26.764588,0.0
2019-01-28,17,0,36,7.87,7.87,0.0,-91.638236,0.0
2019-01-28,17,0,37,3.68,3.68,0.0,-43.589418,0.0
2019-01-28,17,0,38,4.73,4.73,0.0,-56.026616,0.0
2019-01-28,17,0,39,3.15,3.15,0.0,-37.311594,0.0
2019-01-28,17,0,40,3.15,3.15,0.0,-37.311594,0.0
2019-01-28,17,0,41,34.8,34.8,0.0,-973.057668,0.0
2019-01-28,17,0,42,48.6,48.6,0.0,-43.154509,0.0
2019-01-28,17,0,43,23.21,23.21,0.0,-232.291671,0.0
2019-01-28,17,0,46,20.19,20.19,0.0,-296.566176,0.0
2019-01-28,17,0,52,132.5,132.5,0.0,-5558.481947,0.0
2019-01-28,17,0,53,210.5,210.5,0.0,-8830.644904,0.0
2019-01-28,17,0,55,623.0,623.0,0.0,-25972.315163,0.0
2019-01-28,17,0,56,124.68,124.68,0.0,-5230.426635,0.0
2019-01-28,17,0,57,118.6,118.6,0.0,-4975.365727,0.0
2019-01-28,17,0,58,228.07,228.07,0.0,-9567.720585,0.0
2019-01-28,17,0,59,224.27,224.27,0.0,-9408.307518,0.0
2019-01-28,17,0,63,0.0,0.0,0.0,0.0,0.0
2019-01-28,17,0,64,0.0,0.0,0.0,0.0,0.0
2019-01-28,17,0,65,19.94,19.94,0.0,10.078821,0.0
2019-01-28,17,0,67,224.37,224.37,0.0,-123139.959457,0.0
2019-01-28,17,0,68,19.11,19.11,0.0,-7672.557065,0.0
2019-01-28,17,0,69,1.92,1.92,0.0,16.738765,0.0
2019-01-28,17,0,74,12.32,12.32,0.0,-104.073588,0.0
2019-01-28,17,0,77,0.0,0.0,0.0,-0.0,0.0
2019-01-28,17,0,78,0.0,0.0,0.0,-0.0,0.0
2019-01-28,17,0,79,0.0,0.0,0.0,-0.0,0.0
2019-01-28,17,0,80,0.0,0.0,0.0,-0.0,0.0
2019-01-28,17,0,81,0.0,0.0,0.0,-0.0,0.0
2019-01-28,17,0,82,0.0,0.0,0.0,-0.0,0.0
2019-01-28,17,0,83,0.0,0.0,0.0,-0.0,0.0
2019-01-28,17,0,84,0.0,0.0,0.0,0.0,0.0
2019-01-28,17,0,86,9.72,9.72,0.0,84.739999,0.0
2019-01-28,17,0,87,49.6,49.6,0.0,432.418101,0.0
2019-01-28,17,0,88,0.0,0.0,0.0,-0.0,0.0
2019-01-28,17,0,89,0.0,0.0,0.0,-0.0,0.0
2019-01-28,17,0,90,0.0,0.0,0.0,-0.0,0.0
2019-01-28,17,0,91,0.0,0.0,0.0,-0.0,0.0
2019-01-28,17,0,92,0.0,0.0,0.0,-0.0,0.0
2019-01-28,17,0,95,120.0,120.0,0.0,2333.493576,0.0
2019-01-28,17,0,96,29.88,29.88,0.0,-1261.662294,0.0
2019-01-28,17,0,97,183.75,183.75,0.0,-7758.716416,0.0
2019-01-28,17,0,99,2.51,2.51,0.0,-21.203304,0.0
2019-01-28,17,0,101,8.51,8.51,0.0,-357.001369,0.0
2019-01-28,17,0,102,45.19,45.19,0.0,-18143.529763,0.0
2019-01-28,17,0,103,39.3,39.3,0.0,-15778.72803,0.0
2019-01-28,17,0,104,7.33,7.33,0.0,-2942.9536,0.0
2019-01-28,17,0,106,171.6,171.6,0.0,-7153.851175,0.0
2019-01-28,17,0,109,60.0,60.0,0.0,-1148.015405,0.0
2019-01-28,17,0,110,338.6,338.6,0.0,-338600.0,0.0
2019-01-28,17,0,111,14.69,14.69,0.0,-410.753366,0.0
2019-01-28,17,0,113,0.0,0.0,0.0,-0.0,0.0
2019-01-28,17,0,115,0.0,0.0,0.0,-0.0,0.0
2019-01-28,17,0,116,72.22,72.22,0.0,-72220.0,0.0
2019-01-28,17,0,117,0.0,0.0,0.0,-0.0,0.0
2019-01-28,17,0,119,0.0,0.0,0.0,0.0,0.0
2019-01-28,17,0,120,0.0,0.0,0.0,0.0,0.0
2019-01-28,17,0,123,2.86,2.86,0.0,-119.230853,0.0
2019-01-28,17,0,125,75.89,75.89,0.0,-3163.786513,0.0
2019-01-28,17,0,126,128.7,128.7,0.0,-5365.388381,0.0
2019-01-28,17,0,127,165.16,165.16,0.0,-6885.37331,0.0
2019-01-28,17,0,128,109.23,109.23,0.0,-4553.701421,0.0
2019-01-28,17,0,131,30.0,30.0,0.0,-10864.402847,0.0
2019-01-28,17,0,132,44.1,44.1,0.0,-15970.672185,0.0
2019-01-28,17,0,133,71.7,71.7,0.0,61.181869,0.0
2019-01-28,17,0,134,0.0,0.0,0.0,0.0,0.0
2019-01-28,17,0,135,93.86,93.86,0.0,80.091078,0.0
2019-01-28,17,0,136,26.61,26.61,0.0,12.985829,0.0
2019-01-28,17,0,139,44.94,44.94,0.0,-1256.58654,0.0
2019-01-28,17,0,140,250.6,250.6,0.0,-250600.0,0.0
2019-01-28,17,0,141,230.0,230.0,0.0,-126229.846571,0.0
2019-01-28,17,0,142,295.89,295.89,0.0,-162391.953486,0.0
2019-01-28,17,0,143,238.5,238.5,0.0,-10005.267504,0.0
2019-01-28,17,0,145,30.0,30.0,0.0,-1004.388032,0.0
2019-01-28,17,0,146,268.0,268.0,0.0,-268000.0,0.0
2019-01-28,17,0,152,5.92,5.92,0.0,-48.512776,0.0
2019-01-28,17,0,153,7.32,7.32,0.0,-62.966517,0.0
2019-01-28,17,0,154,60.6,60.6,0.0,-1694.46249,0.0
2019-01-28,17,0,157,250.0,250.0,0.0,-137206.354968,0.0
2019-01-28,17,0,158,169.63,169.63,0.0,-93097.255973,0.0
2019-01-28,17,0,159,0.0,0.0,0.0,-0.0,0.0
2019-01-28,17,0,160,1.79,1.79,0.0,-7.436891,0.0
2019-01-28,17,0,161,42.55,42.55,0.0,-17083.584674,0.0
2019-01-28,17,0,162,162.5,162.5,0.0,3291.862741,0.0
2019-01-28,17,0,163,185.4,185.4,0.0,-185400.0,0.0
2019-01-28,17,0,164,16.61,16.61,0.0,-696.802907,0.0
2019-01-28,17,0,167,2.65,2.65,0.0,42.487051,0.0
2019-01-28,17,0,168,1.32,1.32,0.0,21.163361,0.0
2019-01-28,17,0,169,0.0,0.0,0.0,0.0,0.0
2019-01-28,17,0,170,2.9,2.9,0.0,46.495263,0.0
2019-01-28,17,0,172,4.46,4.46,0.0,75.932853,0.0
2019-01-28,17,0,173,6.8,6.8,0.0,115.772064,0.0
2019-01-28,17,0,188,5.69,5.69,0.0,164.087264,0.0
2019-01-28,17,0,190,4.87,4.87,0.0,157.922203,0.0
2019-01-28,17,0,191,12.58,12.58,0.0,407.938669,0.0
2019-01-28,17,0,192,332.6,332.6,0.0,10785.405497,0.0
2019-01-28,17,0,194,0.0,0.0,0.0,-0.0,0.0
2019-01-28,17,0,196,3.69,3.69,0.0,1016.337309,0.0
2019-01-28,17,0,198,7.65,7.65,0.0,39.518911,0.0
2019-01-28,17,0,199,113.43,113.43,0.0,-4459.910354,0.0
2019-01-28,17,0,200,12.42,12.42,0.0,-488.337182,0.0
2019-01-28,17,0,204,257.1,257.1,0.0,-5195.794828,0.0
2019-01-28,17,0,205,317.4,317.4,0.0,-6073.001493,0.0
2019-01-28,17,0,206,539.94,539.94,0.0,-22798.592336,0.0
2019-01-28,17,0,210,1.59,1.59,0.0,7.598078,0.0
2019-01-28,17,0,214,9.24,9.24,0.0,123.71904,0.0
2019-01-28,17,0,217,6.14,6.14,0.0,61.870804,0.0
2019-01-28,17,0,218,8.48,8.48,0.0,85.45023,0.0
2019-01-28,17,0,219,5.78,5.78,0.0,58.243199,0.0
2019-01-28,17,0,221,4.93,4.93,0.0,66.010267,0.0
2019-01-28,17,0,225,4.73,4.73,0.0,15.906198,0.0
2019-01-28,17,0,233,5.5,5.5,0.0,47.949588,0.0
2019-01-28,17,0,236,20.37,20.37,0.0,-71.812183,0.0
2019-01-28,17,0,237,30.45,30.45,0.0,-257.227333,0.0
2019-01-28,17,0,238,63.26,63.26,0.0,-56.171898,0.0
2019-01-28,17,0,240,8.92,8.92,0.0,-103.864431,0.0
2019-01-28,17,0,245,41.88,41.88,0.0,83.439549,0.0
2019-01-28,17,0,247,57.19,57.19,0.0,113.942402,0.0
2019-01-28,17,0,248,3.1,3.1,0.0,-26.187348,0.0
2019-01-28,17,0,249,80.55,80.55,0.0,160.483659,0.0
2019-01-28,17,0,251,114.69,114.69,0.0,-1.889439,0.0
2019-01-28,17,0,252,128.66,128.66,0.0,65.032153,0.0
2019-01-28,17,0,254,12.64,12.64,0.0,-107.937889,0.0
2019-01-28,17,0,255,5.79,5.79,0.0,-49.443068,0.0
2019-01-28,17,0,258,11.0,11.0,0.0,-125.177907,0.0
2019-01-28,17,0,260,4.36,4.36,0.0,-18.114438,0.0
2019-01-28,17,0,265,62.75,62.75,0.0,-1754.579559,0.0
2019-01-28,17,0,266,29.1,29.1,0.0,-813.677532,0.0
2019-01-28,17,0,267,35.76,35.76,0.0,-999.900638,0.0
2019-01-28,17,0,270,578.99,578.99,0.0,-578990.0,0.0
2019-01-28,17,0,272,0.0,0.0,0.0,-0.0,0.0
2019-01-28,17,0,273,17.27,17.27,0.0,-17270.0,0.0
2019-01-28,17,0,274,746.39,746.39,0.0,-746390.0,0.0
2019-01-28,17,0,275,1038.99,1038.99,0.0,-1038990.0,0.0
2019-01-28,17,0,276,4.29,4.29,0.0,-3857.835008,0.0
2019-01-28,17,0,277,5.53,5.53,0.0,-1451.604587,0.0
2019-01-28,17,0,278,8.85,8.85,0.0,-2323.092332,0.0
2019-01-28,17,0,279,0.0,0.0,0.0,-0.0,0.0
2019-01-28,17,0,281,56.1,56.1,0.0,-2353.440281,0.0
2019-01-28,17,0,282,231.87,231.87,0.0,-9727.133653,0.0
2019-01-28,18,0,9,1.24,1.24,0.0,-4.288056,0.0
2019-01-28,18,0,17,17.97,17.97,0.0,165.317756,0.0
2019-01-28,18,0,19,123.51,123.51,0.0,1136.249086,0.0
2019-01-28,18,0,20,150.4,150.4,0.0,1383.627743,0.0
2019-01-28,18,0,21,28.41,28.41,0.0,-98.244902,0.0
2019-01-28,18,0,22,100.97,100.97,0.0,-349.165357,0.0
2019-01-28,18,0,23,94.93,94.93,0.0,-328.278374,0.0
2019-01-28,18,0,24,168.46,168.46,0.0,-582.553195,0.0
2019-01-28,18,0,29,2.48,2.48,0.0,12.946116,0.0
2019-01-28,18,0,30,253.06,253.06,0.0,-893.939499,0.0
2019-01-28,18,0,31,92.34,92.34,0.0,-326.192892,0.0
2019-01-28,18,0,32,1.25,1.25,0.0,59.246019,0.0
2019-01-28,18,0,33,1.02,1.02,0.0,11.967988,0.0
2019-01-28,18,0,34,1.63,1.63,0.0,19.125315,0.0
2019-01-28,18,0,35,1.63,1.63,0.0,19.125315,0.0
2019-01-28,18,0,36,4.27,4.27,0.0,21.311489,0.0
2019-01-28,18,0,37,1.99,1.99,0.0,9.737053,0.0
2019-01-28,18,0,38,2.56,2.56,0.0,12.526058,0.0
2019-01-28,18,0,39,1.71,1.71,0.0,8.367015,0.0
2019-01-28,18,0,40,1.71,1.71,0.0,8.367015,0.0
2019-01-28,18,0,41,34.8,34.8,0.0,17.032102,0.0
2019-01-28,18,0,42,28.04,28.04,0.0,242.558389,0.0
2019-01-28,18,0,43,12.41,12.41,0.0,65.613974,0.0
2019-01-28,18,0,46,10.84,10.84,0.0,43.920837,0.0
2019-01-28,18,0,52,97.89,97.89,0.0,-345.798378,0.0
2019-01-28,18,0,53,155.55,155.55,0.0,-549.483479,0.0
2019-01-28,18,0,55,460.54,460.54,0.0,-1592.597937,0.0
2019-01-28,18,0,56,74.64,74.64,0.0,-263.667289,0.0
2019-01-28,18,0,57,71.0,71.0,0.0,-250.808917,0.0
2019-01-28,18,0,58,136.54,136.54,0.0,-482.330274,0.0
2019-01-28,18,0,59,134.27,134.27,0.0,-474.311454,0.0
2019-01-28,18,0,63,170.0,170.0,0.0,19740.599629,0.0
2019-01-28,18,0,64,200.0,200.0,0.0,23224.234858,0.0
2019-01-28,18,0,65,7.29,7.29,0.0,66.321723,0.0
2019-01-28,18,0,67,129.62,129.62,0.0,-71832.601801,0.0
2019-01-28,18,0,68,10.2,10.2,0.0,-4167.672296,0.0
2019-01-28,18,0,69,1.02,1.02,0.0,11.967988,0.0
2019-01-28,18,0,74,7.38,7.38,0.0,46.161489,0.0
2019-01-28,18,0,77,60.0,60.0,0.0,-17214.670709,0.0
2019-01-28,18,0,78,45.36,45.36,0.0,-13014.291056,0.0
2019-01-28,18,0,79,26.25,26.25,0.0,-7531.418435,0.0
2019-01-28,18,0,80,42.45,42.45,0.0,-12179.379527,0.0
2019-01-28,18,0,81,55.5,55.5,0.0,-15923.570406,0.0
2019-01-28,18,0,82,39.15,39.15,0.0,-11232.572638,0.0
2019-01-28,18,0,83,87.3,87.3,0.0,-25047.345882,0.0
2019-01-28,18,0,84,0.0,0.0,0.0,0.0,0.0
2019-01-28,18,0,86,5.16,5.16,0.0,60.543942,0.0
2019-01-28,18,0,87,26.35,26.35,0.0,309.173036,0.0
2019-01-28,18,0,88,51.18,51.18,0.0,-14684.114115,0.0
2019-01-28,18,0,89,49.2,49.2,0.0,-14116.029981,0.0
2019-01-28,18,0,90,66.06,66.06,0.0,-18953.352451,0.0
2019-01-28,18,0,91,235.65,235.65,0.0,-67610.61921,0.0
2019-01-28,18,0,92,84.75,84.75,0.0,-24315.722377,0.0
2019-01-28,18,0,95,120.0,120.0,0.0,2333.493576,0.0
2019-01-28,18,0,96,29.88,29.88,0.0,-107.875339,0.0
2019-01-28,18,0,97,183.75,183.75,0.0,-663.39001,0.0
2019-01-28,18,0,99,1.42,1.42,0.0,8.882021,0.0
2019-01-28,18,0,101,5.1,5.1,0.0,-18.015852,0.0
2019-01-28,18,0,102,24.15,24.15,0.0,-9867.577055,0.0
2019-01-28,18,0,103,21.0,21.0,0.0,-8580.501787,0.0
2019-01-28,18,0,104,3.9,3.9,0.0,-1593.52176,0.0
2019-01-28,18,0,106,99.4,99.4,0.0,-343.736125,0.0
2019-01-28,18,0,109,60.0,60.0,0.0,175.225772,0.0
2019-01-28,18,0,110,338.6,338.6,0.0,-338600.0,0.0
2019-01-28,18,0,111,8.46,8.46,0.0,4.140563,0.0
2019-01-28,18,0,113,45.0,45.0,0.0,-11648.013746,0.0
2019-01-28,18,0,115,45.0,45.0,0.0,-11648.013746,0.0
2019-01-28,18,0,116,39.22,39.22,0.0,-39220.0,0.0
2019-01-28,18,0,117,3.0,3.0,0.0,-776.53425,0.0
2019-01-28,18,0,119,200.0,200.0,0.0,23224.234858,0.0
2019-01-28,18,0,120,117.6,117.6,0.0,13655.850097,0.0
2019-01-28,18,0,123,1.66,1.66,0.0,-5.740462,0.0
2019-01-28,18,0,125,152.35,152.35,0.0,-526.843044,0.0
2019-01-28,18,0,126,74.55,74.55,0.0,-257.802094,0.0
2019-01-28,18,0,127,95.67,95.67,0.0,-330.837375,0.0
2019-01-28,18,0,128,218.77,218.77,0.0,-756.530705,0.0
2019-01-28,18,0,131,30.0,30.0,0.0,-11091.437171,0.0
2019-01-28,18,0,132,44.1,44.1,0.0,-16304.412642,0.0
2019-01-28,18,0,133,45.88,45.88,0.0,422.521061,0.0
2019-01-28,18,0,134,0.0,0.0,0.0,0.0,0.0
2019-01-28,18,0,135,61.48,61.48,0.0,566.185589,0.0
2019-01-28,18,0,136,12.1,12.1,0.0,110.013554,0.0
2019-01-28,18,0,139,44.94,44.94,0.0,21.994904,0.0
2019-01-28,18,0,140,250.6,250.6,0.0,-250600.0,0.0
2019-01-28,18,0,141,230.0,230.0,0.0,-127461.027729,0.0
2019-01-28,18,0,142,170.93,170.93,0.0,-94725.710738,0.0
2019-01-28,18,0,143,176.17,176.17,0.0,-622.32404,0.0
2019-01-28,18,0,145,30.0,30.0,0.0,-34.078301,0.0
2019-01-28,18,0,146,268.0,268.0,0.0,-268000.0,0.0
2019-01-28,18,0,152,3.26,3.26,0.0,20.494578,0.0
2019-01-28,18,0,153,4.02,4.02,0.0,24.7421,0.0
2019-01-28,18,0,154,34.92,34.92,0.0,17.090833,0.0
2019-01-28,18,0,157,250.0,250.0,0.0,-138544.595358,0.0
2019-01-28,18,0,158,98.01,98.01,0.0,-54315.023164,0.0
2019-01-28,18,0,159,0.0,0.0,0.0,0.0,0.0
2019-01-28,18,0,160,0.95,0.95,0.0,6.317043,0.0
2019-01-28,18,0,161,24.07,24.07,0.0,-9834.889429,0.0
2019-01-28,18,0,162,162.5,162.5,0.0,3288.84229,0.0
2019-01-28,18,0,163,185.4,185.4,0.0,-185400.0,0.0
2019-01-28,18,0,164,10.29,10.29,0.0,-36.34963,0.0
2019-01-28,18,0,167,1.27,1.27,0.0,20.545572,0.0
2019-01-28,18,0,168,0.64,0.64,0.0,10.353674,0.0
2019-01-28,18,0,169,0.0,0.0,0.0,0.0,0.0
2019-01-28,18,0,170,1.39,1.39,0.0,22.486886,0.0
2019-01-28,18,0,172,2.17,2.17,0.0,36.370087,0.0
2019-01-28,18,0,173,3.31,3.31,0.0,55.476952,0.0
2019-01-28,18,0,188,2.81,2.81,0.0,75.250783,0.0
2019-01-28,18,0,190,2.53,2.53,0.0,82.04172,0.0
2019-01-28,18,0,191,6.54,6.54,0.0,212.076224,0.0
2019-01-28,18,0,192,332.6,332.6,0.0,10785.405497,0.0
2019-01-28,18,0,194,0.0,0.0,0.0,-0.0,0.0
2019-01-28,18,0,196,1.97,1.97,0.0,531.918058,0.0
2019-01-28,18,0,198,3.93,3.93,0.0,33.396957,0.0
2019-01-28,18,0,199,130.0,130.0,0.0,-3454.899467,0.0
2019-01-28,18,0,200,6.29,6.29,0.0,-167.163982,0.0
2019-01-28,18,0,204,257.1,257.1,0.0,667.065557,0.0
2019-01-28,18,0,205,317.4,317.4,0.0,926.944334,0.0
2019-01-28,18,0,206,539.94,539.94,0.0,-1949.337698,0.0
2019-01-28,18,0,210,0.76,0.76,0.0,4.512311,0.0
2019-01-28,18,0,214,4.65,4.65,0.0,61.536349,0.0
2019-01-28,18,0,217,3.02,3.02,0.0,30.431568,0.0
2019-01-28,18,0,218,4.17,4.17,0.0,42.019748,0.0
2019-01-28,18,0,219,2.84,2.84,0.0,28.617766,0.0
2019-01-28,18,0,221,2.48,2.48,0.0,32.819386,0.0
2019-01-28,18,0,225,2.29,2.29,0.0,11.795701,0.0
2019-01-28,18,0,233,2.92,2.92,0.0,34.2613,0.0
2019-01-28,18,0,236,7.04,7.04,0.0,54.907009,0.0
2019-01-28,18,0,237,17.7,17.7,0.0,110.712515,0.0
2019-01-28,18,0,238,36.5,36.5,0.0,315.741127,0.0
2019-01-28,18,0,240,4.84,4.84,0.0,24.156348,0.0
2019-01-28,18,0,245,14.43,14.43,0.0,138.16464,0.0
2019-01-28,18,0,247,14.07,14.07,0.0,134.717705,0.0
2019-01-28,18,0,248,1.78,1.78,0.0,11.133801,0.0
2019-01-28,18,0,249,27.75,27.75,0.0,265.701231,0.0
2019-01-28,18,0,251,37.77,37.77,0.0,337.290863,0.0
2019-01-28,18,0,252,47.03,47.03,0.0,427.861542,0.0
2019-01-28,18,0,254,6.68,6.68,0.0,37.60201,0.0
2019-01-28,18,0,255,3.06,3.06,0.0,17.224873,0.0
2019-01-28,18,0,258,5.96,5.96,0.0,30.03137,0.0
2019-01-28,18,0,260,2.3,2.3,0.0,15.293894,0.0
2019-01-28,18,0,265,36.15,36.15,0.0,17.69283,0.0
2019-01-28,18,0,266,29.1,29.1,0.0,14.242361,0.0
2019-01-28,18,0,267,35.76,35.76,0.0,17.501953,0.0
2019-01-28,18,0,270,579.0,579.0,0.0,-579000.0,0.0
2019-01-28,18,0,272,150.39,150.39,0.0,-38927.661938,0.0
2019-01-28,18,0,273,9.38,9.38,0.0,-9380.0,0.0
2019-01-28,18,0,274,746.4,746.4,0.0,-746400.0,0.0
2019-01-28,18,0,275,1039.0,1039.0,0.0,-1039000.0,0.0
2019-01-28,18,0,276,2.35,2.35,0.0,-2116.074991,0.0
2019-01-28,18,0,277,3.05,3.05,0.0,-823.795954,0.0
2019-01-28,18,0,278,4.88,4.88,0.0,-1318.073526,0.0
2019-01-28,18,0,279,264.6,264.6,0.0,-71467.675209,0.0
2019-01-28,18,0,281,41.41,41.41,0.0,-146.281651,0.0
2019-01-28,18,0,282,138.82,138.82,0.0,-490.38442,0.0
2019-01-28,19,0,9,0.08,0.08,0.0,0.909837,0.0
2019-01-28,19,0,17,0.08,0.08,0.0,1.18586,0.0
2019-01-28,19,0,19,119.39,119.39,0.0,1769.747207,0.0
2019-01-28,19,0,20,145.11,145.11,0.0,2151.001066,0.0
2019-01-28,19,0,21,1.84,1.84,0.0,20.926251,0.0
2019-01-28,19,0,22,6.53,6.53,0.0,74.265445,0.0
2019-01-28,19,0,23,108.8,108.8,0.0,1237.37832,0.0
2019-01-28,19,0,24,192.5,192.5,0.0,2189.295281,0.0
2019-01-28,19,0,29,0.0,0.0,0.0,0.0,0.0
2019-01-28,19,0,30,24.38,24.38,0.0,276.903099,0.0
2019-01-28,19,0,31,37.5,37.5,0.0,425.917401,0.0
2019-01-28,19,0,32,0.0,0.0,0.0,0.0,0.0
2019-01-28,19,0,33,0.0,0.0,0.0,0.0,0.0
2019-01-28,19,0,34,0.0,0.0,0.0,0.0,0.0
2019-01-28,19,0,35,0.0,0.0,0.0,0.0,0.0
2019-01-28,19,0,36,0.03,0.03,0.0,0.388549,0.0
2019-01-28,19,0,37,0.02,0.02,0.0,0.257385,0.0
2019-01-28,19,0,38,0.02,0.02,0.0,0.257385,0.0
2019-01-28,19,0,39,0.01,0.01,0.0,0.128693,0.0
2019-01-28,19,0,40,0.01,0.01,0.0,0.128693,0.0
2019-01-28,19,0,41,34.8,34.8,0.0,426.129667,0.0
2019-01-28,19,0,42,1.8,1.8,0.0,26.308181,0.0
2019-01-28,19,0,43,0.0,0.0,0.0,0.0,0.0
2019-01-28,19,0,46,0.0,0.0,0.0,0.0,0.0
2019-01-28,19,0,52,39.75,39.75,0.0,451.472445,0.0
2019-01-28,19,0,53,63.15,63.15,0.0,717.244903,0.0
2019-01-28,19,0,55,186.9,186.9,0.0,2125.606691,0.0
2019-01-28,19,0,56,7.19,7.19,0.0,81.662563,0.0
2019-01-28,19,0,57,6.84,6.84,0.0,77.687334,0.0
2019-01-28,19,0,58,13.15,13.15,0.0,149.355035,0.0
2019-01-28,19,0,59,12.93,12.93,0.0,146.85632,0.0
2019-01-28,19,0,63,170.0,170.0,0.0,19388.612998,0.0
2019-01-28,19,0,64,200.0,200.0,0.0,22810.132939,0.0
2019-01-28,19,0,65,1.67,1.67,0.0,24.69042,0.0
2019-01-28,19,0,67,8.73,8.73,0.0,-4858.242463,0.0
2019-01-28,19,0,68,12.55,12.55,0.0,-5166.517244,0.0
2019-01-28,19,0,69,0.0,0.0,0.0,0.0,0.0
2019-01-28,19,0,74,12.59,12.59,0.0,173.133011,0.0
2019-01-28,19,0,77,60.0,60.0,0.0,-17460.242014,0.0
2019-01-28,19,0,78,45.36,45.36,0.0,-13199.942963,0.0
2019-01-28,19,0,79,26.25,26.25,0.0,-7638.855881,0.0
2019-01-28,19,0,80,42.45,42.45,0.0,-12353.121225,0.0
2019-01-28,19,0,81,55.5,55.5,0.0,-16150.723863,0.0
2019-01-28,19,0,82,39.15,39.15,0.0,-11392.807914,0.0
2019-01-28,19,0,83,87.3,87.3,0.0,-25404.652131,0.0
2019-01-28,19,0,84,0.0,0.0,0.0,0.0,0.0
2019-01-28,19,0,86,0.0,0.0,0.0,0.0,0.0
2019-01-28,19,0,87,0.0,0.0,0.0,0.0,0.0
2019-01-28,19,0,88,51.18,51.18,0.0,-14893.586438,0.0
2019-01-28,19,0,89,49.2,49.2,0.0,-14317.398452,0.0
2019-01-28,19,0,90,66.06,66.06,0.0,-19223.726458,0.0
2019-01-28,19,0,91,235.65,235.65,0.0,-68575.100511,0.0
2019-01-28,19,0,92,84.75,84.75,0.0,-24662.591845,0.0
2019-01-28,19,0,95,120.0,120.0,0.0,2333.493576,0.0
2019-01-28,19,0,96,29.88,29.88,0.0,338.897415,0.0
2019-01-28,19,0,97,183.75,183.75,0.0,2084.082997,0.0
2019-01-28,19,0,99,2.43,2.43,0.0,33.416459,0.0
2019-01-28,19,0,101,0.49,0.49,0.0,5.565321,0.0
2019-01-28,19,0,102,35.91,35.91,0.0,-14783.237787,0.0
2019-01-28,19,0,103,30.13,30.13,0.0,-12403.758132,0.0
2019-01-28,19,0,104,4.3,4.3,0.0,-1770.201127,0.0
2019-01-28,19,0,106,6.43,6.43,0.0,73.128149,0.0
2019-01-28,19,0,109,60.0,60.0,0.0,757.186884,0.0
2019-01-28,19,0,110,338.6,338.6,0.0,-338600.0,0.0
2019-01-28,19,0,111,0.54,0.54,0.0,6.612357,0.0
2019-01-28,19,0,113,45.0,45.0,0.0,-11782.622326,0.0
2019-01-28,19,0,115,45.0,45.0,0.0,-11782.622326,0.0
2019-01-28,19,0,116,0.4,0.4,0.0,-400.0,0.0
2019-01-28,19,0,117,3.0,3.0,0.0,-785.508155,0.0
2019-01-28,19,0,119,200.0,200.0,0.0,22810.132939,0.0
2019-01-28,19,0,120,117.6,117.6,0.0,13412.358168,0.0
2019-01-28,19,0,123,0.11,0.11,0.0,1.251026,0.0
2019-01-28,19,0,125,174.2,174.2,0.0,1981.170067,0.0
2019-01-28,19,0,126,4.82,4.82,0.0,54.817679,0.0
2019-01-28,19,0,127,6.19,6.19,0.0,70.398638,0.0
2019-01-28,19,0,128,249.5,249.5,0.0,2837.554144,0.0
2019-01-28,19,0,131,30.0,30.0,0.0,-11189.891291,0.0
2019-01-28,19,0,132,44.1,44.1,0.0,-16449.140198,0.0
2019-01-28,19,0,133,20.37,20.37,0.0,302.023505,0.0
2019-01-28,19,0,134,0.0,0.0,0.0,0.0,0.0
2019-01-28,19,0,135,27.61,27.61,0.0,409.370102,0.0
2019-01-28,19,0,136,4.19,4.19,0.0,61.938951,0.0
2019-01-28,19,0,139,44.94,44.94,0.0,550.295035,0.0
2019-01-28,19,0,140,250.6,250.6,0.0,-250600.0,0.0
2019-01-28,19,0,141,230.0,230.0,0.0,-127994.933154,0.0
2019-01-28,19,0,142,11.51,11.51,0.0,-6405.311655,0.0
2019-01-28,19,0,143,71.55,71.55,0.0,812.650401,0.0
2019-01-28,19,0,145,30.0,30.0,0.0,354.832909,0.0
2019-01-28,19,0,146,268.0,268.0,0.0,-268000.0,0.0
2019-01-28,19,0,152,0.08,0.08,0.0,1.095742,0.0
2019-01-28,19,0,153,0.08,0.08,0.0,1.09162,0.0
2019-01-28,19,0,154,2.23,2.23,0.0,27.306585,0.0
2019-01-28,19,0,157,250.0,250.0,0.0,-139124.927341,0.0
2019-01-28,19,0,158,4.63,4.63,0.0,-2576.593654,0.0
2019-01-28,19,0,159,0.0,0.0,0.0,0.0,0.0
2019-01-28,19,0,160,0.0,0.0,0.0,0.0,0.0
2019-01-28,19,0,161,0.98,0.98,0.0,-403.441187,0.0
2019-01-28,19,0,162,162.5,162.5,0.0,3287.217397,0.0
2019-01-28,19,0,163,185.4,185.4,0.0,-185400.0,0.0
2019-01-28,19,0,164,1.37,1.37,0.0,15.560182,0.0
2019-01-28,19,0,167,0.0,0.0,0.0,0.0,0.0
2019-01-28,19,0,168,0.0,0.0,0.0,0.0,0.0
2019-01-28,19,0,169,0.0,0.0,0.0,0.0,0.0
2019-01-28,19,0,170,0.0,0.0,0.0,0.0,0.0
2019-01-28,19,0,172,0.0,0.0,0.0,0.0,0.0
2019-01-28,19,0,173,0.0,0.0,0.0,0.0,0.0
2019-01-28,19,0,188,0.0,0.0,0.0,0.0,0.0
2019-01-28,19,0,190,0.0,0.0,0.0,0.0,0.0
2019-01-28,19,0,191,0.0,0.0,0.0,0.0,0.0
2019-01-28,19,0,192,332.6,332.6,0.0,10785.405497,0.0
2019-01-28,19,0,194,176.5,176.5,0.0,-22383.791572,0.0
2019-01-28,19,0,196,0.0,0.0,0.0,0.0,0.0
2019-01-28,19,0,198,0.0,0.0,0.0,0.0,0.0
2019-01-28,19,0,199,130.0,130.0,0.0,-3834.588238,0.0
2019-01-28,19,0,200,0.0,0.0,0.0,-0.0,0.0
2019-01-28,19,0,204,257.1,257.1,0.0,3219.614215,0.0
2019-01-28,19,0,205,317.4,317.4,0.0,4005.518618,0.0
2019-01-28,19,0,206,539.94,539.94,0.0,6123.971555,0.0
2019-01-28,19,0,210,0.0,0.0,0.0,0.0,0.0
2019-01-28,19,0,214,0.0,0.0,0.0,0.0,0.0
2019-01-28,19,0,217,0.0,0.0,0.0,0.0,0.0
2019-01-28,19,0,218,0.0,0.0,0.0,0.0,0.0
2019-01-28,19,0,219,0.0,0.0,0.0,0.0,0.0
2019-01-28,19,0,221,0.0,0.0,0.0,0.0,0.0
2019-01-28,19,0,225,0.0,0.0,0.0,0.0,0.0
2019-01-28,19,0,233,0.0,0.0,0.0,0.0,0.0
2019-01-28,19,0,236,7.77,7.77,0.0,111.014329,0.0
2019-01-28,19,0,237,30.2,30.2,0.0,415.299201,0.0
2019-01-28,19,0,238,2.35,2.35,0.0,34.346792,0.0
2019-01-28,19,0,240,0.03,0.03,0.0,0.388549,0.0
2019-01-28,19,0,245,3.48,3.48,0.0,52.078371,0.0
2019-01-28,19,0,247,0.0,0.0,0.0,0.0,0.0
2019-01-28,19,0,248,3.03,3.03,0.0,41.667436,0.0
2019-01-28,19,0,249,6.7,6.7,0.0,100.265829,0.0
2019-01-28,19,0,251,9.49,9.49,0.0,139.705803,0.0
2019-01-28,19,0,252,10.77,10.77,0.0,159.231033,0.0
2019-01-28,19,0,254,0.0,0.0,0.0,0.0,0.0
2019-01-28,19,0,255,0.0,0.0,0.0,0.0,0.0
2019-01-28,19,0,258,0.02,0.02,0.0,0.258394,0.0
2019-01-28,19,0,260,0.0,0.0,0.0,0.0,0.0
2019-01-28,19,0,265,2.31,2.31,0.0,28.286193,0.0
2019-01-28,19,0,266,29.1,29.1,0.0,356.332566,0.0
2019-01-28,19,0,267,35.76,35.76,0.0,437.884968,0.0
2019-01-28,19,0,270,579.0,579.0,0.0,-579000.0,0.0
2019-01-28,19,0,272,150.39,150.39,0.0,-39377.523815,0.0
2019-01-28,19,0,273,0.1,0.1,0.0,-100.0,0.0
2019-01-28,19,0,274,746.4,746.4,0.0,-746400.0,0.0
2019-01-28,19,0,275,1039.0,1039.0,0.0,-1039000.0,0.0
2019-01-28,19,0,276,0.04,0.04,0.0,-36.03903,0.0
2019-01-28,19,0,277,0.07,0.07,0.0,-19.147098,0.0
2019-01-28,19,0,278,0.11,0.11,0.0,-30.088296,0.0
2019-01-28,19,0,279,264.6,264.6,0.0,-72376.029092,0.0
2019-01-28,19,0,281,16.83,16.83,0.0,191.151729,0.0
2019-01-28,19,0,282,13.37,13.37,0.0,151.853751,0.0
2019-01-28,20,0,9,0.0,0.0,0.0,0.0,0.0
2019-01-28,20,0,17,0.0,0.0,0.0,0.0,0.0
2019-01-28,20,0,19,72.76,72.76,0.0,922.471335,0.0
2019-01-28,20,0,20,88.25,88.25,0.0,1118.857825,0.0
2019-01-28,20,0,21,0.0,0.0,0.0,0.0,0.0
2019-01-28,20,0,22,0.0,0.0,0.0,0.0,0.0
2019-01-28,20,0,23,108.8,108.8,0.0,1236.047037,0.0
2019-01-28,20,0,24,192.5,192.5,0.0,2186.93984,0.0
2019-01-28,20,0,29,0.0,0.0,0.0,0.0,0.0
2019-01-28,20,0,30,0.0,0.0,0.0,0.0,0.0
2019-01-28,20,0,31,37.5,37.5,0.0,425.917401,0.0
2019-01-28,20,0,32,0.0,0.0,0.0,0.0,0.0
2019-01-28,20,0,33,0.0,0.0,0.0,0.0,0.0
2019-01-28,20,0,34,0.0,0.0,0.0,0.0,0.0
2019-01-28,20,0,35,0.0,0.0,0.0,0.0,0.0
2019-01-28,20,0,36,0.0,0.0,0.0,0.0,0.0
2019-01-28,20,0,37,0.0,0.0,0.0,0.0,0.0
2019-01-28,20,0,38,0.0,0.0,0.0,0.0,0.0
2019-01-28,20,0,39,0.0,0.0,0.0,0.0,0.0
2019-01-28,20,0,40,0.0,0.0,0.0,0.0,0.0
2019-01-28,20,0,41,60.5,60.5,0.0,700.574856,0.0
2019-01-28,20,0,42,0.0,0.0,0.0,0.0,0.0
2019-01-28,20,0,43,0.0,0.0,0.0,0.0,0.0
2019-01-28,20,0,46,0.0,0.0,0.0,0.0,0.0
2019-01-28,20,0,52,39.75,39.75,0.0,451.472445,0.0
2019-01-28,20,0,53,63.15,63.15,0.0,717.244903,0.0
2019-01-28,20,0,55,186.9,186.9,0.0,2123.319772,0.0
2019-01-28,20,0,56,0.0,0.0,0.0,0.0,0.0
2019-01-28,20,0,57,0.0,0.0,0.0,0.0,0.0
2019-01-28,20,0,58,0.0,0.0,0.0,0.0,0.0
2019-01-28,20,0,59,0.0,0.0,0.0,0.0,0.0
2019-01-28,20,0,63,170.0,170.0,0.0,19254.087064,0.0
2019-01-28,20,0,64,200.0,200.0,0.0,22651.867134,0.0
2019-01-28,20,0,65,0.0,0.0,0.0,0.0,0.0
2019-01-28,20,0,67,0.0,0.0,0.0,-0.0,0.0
2019-01-28,20,0,68,10.2,10.2,0.0,-4209.121938,0.0
2019-01-28,20,0,69,0.0,0.0,0.0,0.0,0.0
2019-01-28,20,0,74,20.85,20.85,0.0,252.674089,0.0
2019-01-28,20,0,77,84.7,84.7,0.0,-24755.168201,0.0
2019-01-28,20,0,78,64.3,64.3,0.0,-18792.884479,0.0
2019-01-28,20,0,79,37.43,37.43,0.0,-10939.621556,0.0
2019-01-28,20,0,80,60.23,60.23,0.0,-17603.350422,0.0
2019-01-28,20,0,81,78.45,78.45,0.0,-22928.488139,0.0
2019-01-28,20,0,82,55.6,55.6,0.0,-16250.145832,0.0
2019-01-28,20,0,83,122.29,122.29,0.0,-35741.552766,0.0
2019-01-28,20,0,84,0.0,0.0,0.0,0.0,0.0
2019-01-28,20,0,86,0.0,0.0,0.0,0.0,0.0
2019-01-28,20,0,87,0.0,0.0,0.0,0.0,0.0
2019-01-28,20,0,88,95.98,95.98,0.0,-28051.960377,0.0
2019-01-28,20,0,89,92.28,92.28,0.0,-26970.56578,0.0
2019-01-28,20,0,90,123.8,123.8,0.0,-36182.878669,0.0
2019-01-28,20,0,91,440.78,440.78,0.0,-128826.246042,0.0
2019-01-28,20,0,92,158.74,158.74,0.0,-46394.750888,0.0
2019-01-28,20,0,95,120.0,120.0,0.0,2691.568394,0.0
2019-01-28,20,0,96,31.77,31.77,0.0,360.739968,0.0
2019-01-28,20,0,97,229.39,229.39,0.0,2604.662929,0.0
2019-01-28,20,0,99,4.03,4.03,0.0,48.838205,0.0
2019-01-28,20,0,101,0.0,0.0,0.0,0.0,0.0
2019-01-28,20,0,102,24.15,24.15,0.0,-9965.715177,0.0
2019-01-28,20,0,103,21.0,21.0,0.0,-8665.839285,0.0
2019-01-28,20,0,104,3.9,3.9,0.0,-1609.370153,0.0
2019-01-28,20,0,106,0.0,0.0,0.0,0.0,0.0
2019-01-28,20,0,109,60.0,60.0,0.0,693.707009,0.0
2019-01-28,20,0,110,338.6,338.6,0.0,-338600.0,0.0
2019-01-28,20,0,111,0.0,0.0,0.0,0.0,0.0
2019-01-28,20,0,113,45.0,45.0,0.0,-11830.124696,0.0
2019-01-28,20,0,115,45.0,45.0,0.0,-11830.124696,0.0
2019-01-28,20,0,116,0.0,0.0,0.0,-0.0,0.0
2019-01-28,20,0,117,3.0,3.0,0.0,-788.67498,0.0
2019-01-28,20,0,119,200.0,200.0,0.0,22651.867134,0.0
2019-01-28,20,0,120,117.6,117.6,0.0,13319.297875,0.0
2019-01-28,20,0,123,0.0,0.0,0.0,0.0,0.0
2019-01-28,20,0,125,174.2,174.2,0.0,1979.038546,0.0
2019-01-28,20,0,126,0.0,0.0,0.0,0.0,0.0
2019-01-28,20,0,127,0.0,0.0,0.0,0.0,0.0
2019-01-28,20,0,128,249.5,249.5,0.0,2834.501247,0.0
2019-01-28,20,0,131,30.0,30.0,0.0,-11221.362665,0.0
2019-01-28,20,0,132,44.1,44.1,0.0,-16495.403118,0.0
2019-01-28,20,0,133,8.73,8.73,0.0,110.698404,0.0
2019-01-28,20,0,134,0.0,0.0,0.0,0.0,0.0
2019-01-28,20,0,135,11.64,11.64,0.0,147.597872,0.0
2019-01-28,20,0,136,2.41,2.41,0.0,30.50192,0.0
2019-01-28,20,0,139,80.98,80.98,0.0,937.72813,0.0
2019-01-28,20,0,140,250.6,250.6,0.0,-250600.0,0.0
2019-01-28,20,0,141,230.0,230.0,0.0,-128165.598815,0.0
2019-01-28,20,0,142,0.0,0.0,0.0,-0.0,0.0
2019-01-28,20,0,143,65.31,65.31,0.0,741.777745,0.0
2019-01-28,20,0,145,30.0,30.0,0.0,343.042684,0.0
2019-01-28,20,0,146,268.0,268.0,0.0,-268000.0,0.0
2019-01-28,20,0,152,0.0,0.0,0.0,0.0,0.0
2019-01-28,20,0,153,0.0,0.0,0.0,0.0,0.0
2019-01-28,20,0,154,0.0,0.0,0.0,0.0,0.0
2019-01-28,20,0,157,160.47,160.47,0.0,-89420.581051,0.0
2019-01-28,20,0,158,0.0,0.0,0.0,-0.0,0.0
2019-01-28,20,0,159,0.0,0.0,0.0,0.0,0.0
2019-01-28,20,0,160,0.0,0.0,0.0,0.0,0.0
2019-01-28,20,0,161,0.0,0.0,0.0,-0.0,0.0
2019-01-28,20,0,162,162.5,162.5,0.0,3772.015313,0.0
2019-01-28,20,0,163,185.4,185.4,0.0,-185400.0,0.0
2019-01-28,20,0,164,0.0,0.0,0.0,0.0,0.0
2019-01-28,20,0,167,0.0,0.0,0.0,0.0,0.0
2019-01-28,20,0,168,0.0,0.0,0.0,0.0,0.0
2019-01-28,20,0,169,0.0,0.0,0.0,0.0,0.0
2019-01-28,20,0,170,0.0,0.0,0.0,0.0,0.0
2019-01-28,20,0,172,0.0,0.0,0.0,0.0,0.0
2019-01-28,20,0,173,0.0,0.0,0.0,0.0,0.0
2019-01-28,20,0,188,0.0,0.0,0.0,0.0,0.0
2019-01-28,20,0,190,0.0,0.0,0.0,0.0,0.0
2019-01-28,20,0,191,0.0,0.0,0.0,0.0,0.0
2019-01-28,20,0,192,332.6,332.6,0.0,10785.405497,0.0
2019-01-28,20,0,194,176.5,176.5,0.0,-22567.495645,0.0
2019-01-28,20,0,196,0.0,0.0,0.0,0.0,0.0
2019-01-28,20,0,198,0.0,0.0,0.0,0.0,0.0
2019-01-28,20,0,199,130.0,130.0,0.0,-4101.506788,0.0
2019-01-28,20,0,200,0.0,0.0,0.0,-0.0,0.0
2019-01-28,20,0,204,465.33,465.33,0.0,5360.692315,0.0
2019-01-28,20,0,205,317.4,317.4,0.0,3669.710076,0.0
2019-01-28,20,0,206,868.95,868.95,0.0,9866.697993,0.0
2019-01-28,20,0,210,0.0,0.0,0.0,0.0,0.0
2019-01-28,20,0,214,0.0,0.0,0.0,0.0,0.0
2019-01-28,20,0,217,0.0,0.0,0.0,0.0,0.0
2019-01-28,20,0,218,0.0,0.0,0.0,0.0,0.0
2019-01-28,20,0,219,0.0,0.0,0.0,0.0,0.0
2019-01-28,20,0,221,0.0,0.0,0.0,0.0,0.0
2019-01-28,20,0,225,0.0,0.0,0.0,0.0,0.0
2019-01-28,20,0,233,0.0,0.0,0.0,0.0,0.0
2019-01-28,20,0,236,14.01,14.01,0.0,173.550394,0.0
2019-01-28,20,0,237,50.03,50.03,0.0,606.296627,0.0
2019-01-28,20,0,238,0.0,0.0,0.0,0.0,0.0
2019-01-28,20,0,240,0.0,0.0,0.0,0.0,0.0
2019-01-28,20,0,245,0.0,0.0,0.0,0.0,0.0
2019-01-28,20,0,247,0.0,0.0,0.0,0.0,0.0
2019-01-28,20,0,248,5.02,5.02,0.0,60.83568,0.0
2019-01-28,20,0,249,0.0,0.0,0.0,0.0,0.0
2019-01-28,20,0,251,0.0,0.0,0.0,0.0,0.0
2019-01-28,20,0,252,0.0,0.0,0.0,0.0,0.0
2019-01-28,20,0,254,0.0,0.0,0.0,0.0,0.0
2019-01-28,20,0,255,0.0,0.0,0.0,0.0,0.0
2019-01-28,20,0,258,0.0,0.0,0.0,0.0,0.0
2019-01-28,20,0,260,0.0,0.0,0.0,0.0,0.0
2019-01-28,20,0,265,0.0,0.0,0.0,0.0,0.0
2019-01-28,20,0,266,49.35,49.35,0.0,571.460647,0.0
2019-01-28,20,0,267,62.41,62.41,0.0,722.692178,0.0
2019-01-28,20,0,270,579.0,579.0,0.0,-579000.0,0.0
2019-01-28,20,0,272,150.39,150.39,0.0,-39536.276733,0.0
2019-01-28,20,0,273,0.0,0.0,0.0,-0.0,0.0
2019-01-28,20,0,274,746.4,746.4,0.0,-746400.0,0.0
2019-01-28,20,0,275,1039.0,1039.0,0.0,-1039000.0,0.0
2019-01-28,20,0,276,0.0,0.0,0.0,-0.0,0.0
2019-01-28,20,0,277,0.0,0.0,0.0,-0.0,0.0
2019-01-28,20,0,278,0.0,0.0,0.0,-0.0,0.0
2019-01-28,20,0,279,651.99,651.99,0.0,-179081.723902,0.0
2019-01-28,20,0,281,16.83,16.83,0.0,191.151729,0.0
2019-01-28,20,0,282,0.0,0.0,0.0,0.0,0.0
2019-01-28,21,0,9,0.0,0.0,0.0,0.0,0.0
2019-01-28,21,0,17,0.0,0.0,0.0,0.0,0.0
2019-01-28,21,0,19,37.69,37.69,0.0,318.157622,0.0
2019-01-28,21,0,20,45.71,45.71,0.0,385.857917,0.0
2019-01-28,21,0,21,0.0,0.0,0.0,0.0,0.0
2019-01-28,21,0,22,0.0,0.0,0.0,0.0,0.0
2019-01-28,21,0,23,108.8,108.8,0.0,1459.571617,0.0
2019-01-28,21,0,24,192.5,192.5,0.0,2582.422208,0.0
2019-01-28,21,0,29,0.0,0.0,0.0,0.0,0.0
2019-01-28,21,0,30,0.0,0.0,0.0,0.0,0.0
2019-01-28,21,0,31,37.5,37.5,0.0,504.597469,0.0
2019-01-28,21,0,32,0.0,0.0,0.0,0.0,0.0
2019-01-28,21,0,33,0.0,0.0,0.0,0.0,0.0
2019-01-28,21,0,34,0.0,0.0,0.0,0.0,0.0
2019-01-28,21,0,35,0.0,0.0,0.0,0.0,0.0
2019-01-28,21,0,36,0.0,0.0,0.0,0.0,0.0
2019-01-28,21,0,37,0.0,0.0,0.0,0.0,0.0
2019-01-28,21,0,38,0.0,0.0,0.0,0.0,0.0
2019-01-28,21,0,39,0.0,0.0,0.0,0.0,0.0
2019-01-28,21,0,40,0.0,0.0,0.0,0.0,0.0
2019-01-28,21,0,41,111.37,111.37,0.0,1262.197275,0.0
2019-01-28,21,0,42,0.0,0.0,0.0,0.0,0.0
2019-01-28,21,0,43,0.0,0.0,0.0,0.0,0.0
2019-01-28,21,0,46,0.0,0.0,0.0,0.0,0.0
2019-01-28,21,0,52,39.75,39.75,0.0,534.873317,0.0
2019-01-28,21,0,53,63.15,63.15,0.0,849.742138,0.0
2019-01-28,21,0,55,186.9,186.9,0.0,2507.297198,0.0
2019-01-28,21,0,56,0.0,0.0,0.0,0.0,0.0
2019-01-28,21,0,57,0.0,0.0,0.0,0.0,0.0
2019-01-28,21,0,58,0.0,0.0,0.0,0.0,0.0
2019-01-28,21,0,59,0.0,0.0,0.0,0.0,0.0
2019-01-28,21,0,63,170.0,170.0,0.0,16488.03616,0.0
2019-01-28,21,0,64,200.0,200.0,0.0,19397.6896,0.0
2019-01-28,21,0,65,0.0,0.0,0.0,0.0,0.0
2019-01-28,21,0,67,0.0,0.0,0.0,-0.0,0.0
2019-01-28,21,0,68,10.2,10.2,0.0,-4310.461519,0.0
2019-01-28,21,0,69,0.0,0.0,0.0,0.0,0.0
2019-01-28,21,0,74,35.07,35.07,0.0,320.314954,0.0
2019-01-28,21,0,77,172.48,172.48,0.0,-52523.899953,0.0
2019-01-28,21,0,78,130.65,130.65,0.0,-39785.757937,0.0
2019-01-28,21,0,79,75.79,75.79,0.0,-23079.698385,0.0
2019-01-28,21,0,80,122.31,122.31,0.0,-37246.047097,0.0
2019-01-28,21,0,81,159.64,159.64,0.0,-48613.841539,0.0
2019-01-28,21,0,82,112.85,112.85,0.0,-34365.271972,0.0
2019-01-28,21,0,83,250.05,250.05,0.0,-76145.646935,0.0
2019-01-28,21,0,84,0.0,0.0,0.0,0.0,0.0
2019-01-28,21,0,86,0.0,0.0,0.0,0.0,0.0
2019-01-28,21,0,87,0.0,0.0,0.0,0.0,0.0
2019-01-28,21,0,88,170.6,170.6,0.0,-51951.399189,0.0
2019-01-28,21,0,89,164.0,164.0,0.0,-49941.556078,0.0
2019-01-28,21,0,90,220.2,220.2,0.0,-67055.674685,0.0
2019-01-28,21,0,91,785.5,785.5,0.0,-239201.782314,0.0
2019-01-28,21,0,92,282.5,282.5,0.0,-86027.375562,0.0
2019-01-28,21,0,95,120.0,120.0,0.0,2691.568394,0.0
2019-01-28,21,0,96,29.88,29.88,0.0,403.335855,0.0
2019-01-28,21,0,97,183.75,183.75,0.0,2480.353525,0.0
2019-01-28,21,0,99,6.77,6.77,0.0,61.834395,0.0
2019-01-28,21,0,101,0.0,0.0,0.0,0.0,0.0
2019-01-28,21,0,102,24.15,24.15,0.0,-10205.651537,0.0
2019-01-28,21,0,103,21.0,21.0,0.0,-8874.479598,0.0
2019-01-28,21,0,104,3.9,3.9,0.0,-1648.11764,0.0
2019-01-28,21,0,106,0.0,0.0,0.0,0.0,0.0
2019-01-28,21,0,109,83.6,83.6,0.0,822.383799,0.0
2019-01-28,21,0,110,317.86,317.86,0.0,-317860.0,0.0
2019-01-28,21,0,111,0.0,0.0,0.0,0.0,0.0
2019-01-28,21,0,113,84.18,84.18,0.0,-23125.772734,0.0
2019-01-28,21,0,115,84.18,84.18,0.0,-23125.772734,0.0
2019-01-28,21,0,116,0.0,0.0,0.0,-0.0,0.0
2019-01-28,21,0,117,5.66,5.66,0.0,-1554.904653,0.0
2019-01-28,21,0,119,200.0,200.0,0.0,19397.6896,0.0
2019-01-28,21,0,120,117.6,117.6,0.0,11405.841485,0.0
2019-01-28,21,0,123,0.0,0.0,0.0,0.0,0.0
2019-01-28,21,0,125,174.2,174.2,0.0,2336.924408,0.0
2019-01-28,21,0,126,0.0,0.0,0.0,0.0,0.0
2019-01-28,21,0,127,0.0,0.0,0.0,0.0,0.0
2019-01-28,21,0,128,249.5,249.5,0.0,3347.087485,0.0
2019-01-28,21,0,131,30.0,30.0,0.0,-11539.015472,0.0
2019-01-28,21,0,132,44.1,44.1,0.0,-16962.352744,0.0
2019-01-28,21,0,133,3.79,3.79,0.0,31.974122,0.0
2019-01-28,21,0,134,0.0,0.0,0.0,0.0,0.0
2019-01-28,21,0,135,4.93,4.93,0.0,41.591669,0.0
2019-01-28,21,0,136,1.25,1.25,0.0,10.621623,0.0
2019-01-28,21,0,139,146.7,146.7,0.0,1662.605192,0.0
2019-01-28,21,0,140,235.25,235.25,0.0,-235250.0,0.0
2019-01-28,21,0,141,230.0,230.0,0.0,-129888.193632,0.0
2019-01-28,21,0,142,0.0,0.0,0.0,-0.0,0.0
2019-01-28,21,0,143,52.23,52.23,0.0,702.803355,0.0
2019-01-28,21,0,145,30.0,30.0,0.0,363.645237,0.0
2019-01-28,21,0,146,263.65,263.65,0.0,-263650.0,0.0
2019-01-28,21,0,152,0.0,0.0,0.0,0.0,0.0
2019-01-28,21,0,153,0.0,0.0,0.0,0.0,0.0
2019-01-28,21,0,154,0.0,0.0,0.0,0.0,0.0
2019-01-28,21,0,157,79.61,79.61,0.0,-44958.256935,0.0
2019-01-28,21,0,158,0.0,0.0,0.0,-0.0,0.0
2019-01-28,21,0,159,0.0,0.0,0.0,0.0,0.0
2019-01-28,21,0,160,0.0,0.0,0.0,0.0,0.0
2019-01-28,21,0,161,0.0,0.0,0.0,-0.0,0.0
2019-01-28,21,0,162,162.5,162.5,0.0,3774.006721,0.0
2019-01-28,21,0,163,185.4,185.4,0.0,-185400.0,0.0
2019-01-28,21,0,164,0.0,0.0,0.0,0.0,0.0
2019-01-28,21,0,167,0.0,0.0,0.0,0.0,0.0
2019-01-28,21,0,168,0.0,0.0,0.0,0.0,0.0
2019-01-28,21,0,169,0.0,0.0,0.0,0.0,0.0
2019-01-28,21,0,170,0.0,0.0,0.0,0.0,0.0
2019-01-28,21,0,172,0.0,0.0,0.0,0.0,0.0
2019-01-28,21,0,173,0.0,0.0,0.0,0.0,0.0
2019-01-28,21,0,188,0.0,0.0,0.0,0.0,0.0
2019-01-28,21,0,190,0.0,0.0,0.0,0.0,0.0
2019-01-28,21,0,191,0.0,0.0,0.0,0.0,0.0
2019-01-28,21,0,192,232.96,232.96,0.0,7554.323706,0.0
2019-01-28,21,0,194,176.5,176.5,0.0,-24905.966819,0.0
2019-01-28,21,0,196,0.0,0.0,0.0,0.0,0.0
2019-01-28,21,0,198,0.0,0.0,0.0,0.0,0.0
2019-01-28,21,0,199,130.0,130.0,0.0,-5042.374729,0.0
2019-01-28,21,0,200,0.0,0.0,0.0,-0.0,0.0
2019-01-28,21,0,204,841.64,841.64,0.0,8433.101634,0.0
2019-01-28,21,0,205,387.97,387.97,0.0,3816.510078,0.0
2019-01-28,21,0,206,539.94,539.94,0.0,7288.392283,0.0
2019-01-28,21,0,210,0.0,0.0,0.0,0.0,0.0
2019-01-28,21,0,214,0.0,0.0,0.0,0.0,0.0
2019-01-28,21,0,217,0.0,0.0,0.0,0.0,0.0
2019-01-28,21,0,218,0.0,0.0,0.0,0.0,0.0
2019-01-28,21,0,219,0.0,0.0,0.0,0.0,0.0
2019-01-28,21,0,221,0.0,0.0,0.0,0.0,0.0
2019-01-28,21,0,225,0.0,0.0,0.0,0.0,0.0
2019-01-28,21,0,233,0.0,0.0,0.0,0.0,0.0
2019-01-28,21,0,236,27.74,27.74,0.0,257.904845,0.0
2019-01-28,21,0,237,84.12,84.12,0.0,768.317478,0.0
2019-01-28,21,0,238,0.0,0.0,0.0,0.0,0.0
2019-01-28,21,0,240,0.0,0.0,0.0,0.0,0.0
2019-01-28,21,0,245,0.0,0.0,0.0,0.0,0.0
2019-01-28,21,0,247,0.0,0.0,0.0,0.0,0.0
2019-01-28,21,0,248,8.44,8.44,0.0,77.087488,0.0
2019-01-28,21,0,249,0.0,0.0,0.0,0.0,0.0
2019-01-28,21,0,251,0.0,0.0,0.0,0.0,0.0
2019-01-28,21,0,252,0.0,0.0,0.0,0.0,0.0
2019-01-28,21,0,254,0.0,0.0,0.0,0.0,0.0
2019-01-28,21,0,255,0.0,0.0,0.0,0.0,0.0
2019-01-28,21,0,258,0.0,0.0,0.0,0.0,0.0
2019-01-28,21,0,260,0.0,0.0,0.0,0.0,0.0
2019-01-28,21,0,265,0.0,0.0,0.0,0.0,0.0
2019-01-28,21,0,266,91.87,91.87,0.0,1041.196585,0.0
2019-01-28,21,0,267,114.69,114.69,0.0,1299.824059,0.0
2019-01-28,21,0,270,579.0,579.0,0.0,-579000.0,0.0
2019-01-28,21,0,272,281.15,281.15,0.0,-77237.00409,0.0
2019-01-28,21,0,273,0.0,0.0,0.0,-0.0,0.0
2019-01-28,21,0,274,746.4,746.4,0.0,-746400.0,0.0
2019-01-28,21,0,275,1039.0,1039.0,0.0,-1039000.0,0.0
2019-01-28,21,0,276,0.0,0.0,0.0,-0.0,0.0
2019-01-28,21,0,277,0.0,0.0,0.0,-0.0,0.0
2019-01-28,21,0,278,0.0,0.0,0.0,-0.0,0.0
2019-01-28,21,0,279,651.69,651.69,0.0,-186817.92563,0.0
2019-01-28,21,0,281,16.83,16.83,0.0,226.463344,0.0
2019-01-28,21,0,282,0.0,0.0,0.0,0.0,0.0
2019-01-28,22,0,9,0.0,0.0,0.0,0.0,0.0
2019-01-28,22,0,17,0.0,0.0,0.0,0.0,0.0
2019-01-28,22,0,19,16.0,16.0,0.0,105.442268,0.0
2019-01-28,22,0,20,19.4,19.4,0.0,127.84875,0.0
2019-01-28,22,0,21,0.0,0.0,0.0,0.0,0.0
2019-01-28,22,0,22,0.0,0.0,0.0,0.0,0.0
2019-01-28,22,0,23,108.8,108.8,0.0,1232.459629,0.0
2019-01-28,22,0,24,192.5,192.5,0.0,2180.592634,0.0
2019-01-28,22,0,29,0.0,0.0,0.0,0.0,0.0
2019-01-28,22,0,30,0.0,0.0,0.0,0.0,0.0
2019-01-28,22,0,31,36.13,36.13,0.0,410.357218,0.0
2019-01-28,22,0,32,0.0,0.0,0.0,0.0,0.0
2019-01-28,22,0,33,0.0,0.0,0.0,0.0,0.0
2019-01-28,22,0,34,0.0,0.0,0.0,0.0,0.0
2019-01-28,22,0,35,0.0,0.0,0.0,0.0,0.0
2019-01-28,22,0,36,0.0,0.0,0.0,0.0,0.0
2019-01-28,22,0,37,0.0,0.0,0.0,0.0,0.0
2019-01-28,22,0,38,0.0,0.0,0.0,0.0,0.0
2019-01-28,22,0,39,0.0,0.0,0.0,0.0,0.0
2019-01-28,22,0,40,0.0,0.0,0.0,0.0,0.0
2019-01-28,22,0,41,116.0,116.0,0.0,1132.495017,0.0
2019-01-28,22,0,42,0.0,0.0,0.0,0.0,0.0
2019-01-28,22,0,43,0.0,0.0,0.0,0.0,0.0
2019-01-28,22,0,46,0.0,0.0,0.0,0.0,0.0
2019-01-28,22,0,52,38.3,38.3,0.0,435.003639,0.0
2019-01-28,22,0,53,60.85,60.85,0.0,691.121969,0.0
2019-01-28,22,0,55,356.65,356.65,0.0,4040.043444,0.0
2019-01-28,22,0,56,0.0,0.0,0.0,0.0,0.0
2019-01-28,22,0,57,0.0,0.0,0.0,0.0,0.0
2019-01-28,22,0,58,0.0,0.0,0.0,0.0,0.0
2019-01-28,22,0,59,0.0,0.0,0.0,0.0,0.0
2019-01-28,22,0,63,170.0,170.0,0.0,16512.658271,0.0
2019-01-28,22,0,64,200.0,200.0,0.0,19426.65679,0.0
2019-01-28,22,0,65,0.0,0.0,0.0,0.0,0.0
2019-01-28,22,0,67,0.0,0.0,0.0,-0.0,0.0
2019-01-28,22,0,68,10.2,10.2,0.0,-4306.102555,0.0
2019-01-28,22,0,69,0.0,0.0,0.0,0.0,0.0
2019-01-28,22,0,74,57.04,57.04,0.0,432.195894,0.0
2019-01-28,22,0,77,200.0,200.0,0.0,-60787.409579,0.0
2019-01-28,22,0,78,151.2,151.2,0.0,-45955.281642,0.0
2019-01-28,22,0,79,87.5,87.5,0.0,-26594.491691,0.0
2019-01-28,22,0,80,141.5,141.5,0.0,-43007.092277,0.0
2019-01-28,22,0,81,185.0,185.0,0.0,-56228.353861,0.0
2019-01-28,22,0,82,130.5,130.5,0.0,-39663.784751,0.0
2019-01-28,22,0,83,291.0,291.0,0.0,-88445.680938,0.0
2019-01-28,22,0,84,0.0,0.0,0.0,0.0,0.0
2019-01-28,22,0,86,0.0,0.0,0.0,0.0,0.0
2019-01-28,22,0,87,0.0,0.0,0.0,0.0,0.0
2019-01-28,22,0,88,170.6,170.6,0.0,-51851.660371,0.0
2019-01-28,22,0,89,164.0,164.0,0.0,-49845.675855,0.0
2019-01-28,22,0,90,220.2,220.2,0.0,-66926.937947,0.0
2019-01-28,22,0,91,785.5,785.5,0.0,-238742.551123,0.0
2019-01-28,22,0,92,282.5,282.5,0.0,-85862.216031,0.0
2019-01-28,22,0,95,120.0,120.0,0.0,2691.568394,0.0
2019-01-28,22,0,96,29.88,29.88,0.0,340.309167,0.0
2019-01-28,22,0,97,183.75,183.75,0.0,2092.764704,0.0
2019-01-28,22,0,99,11.01,11.01,0.0,83.423506,0.0
2019-01-28,22,0,101,0.0,0.0,0.0,0.0,0.0
2019-01-28,22,0,102,24.15,24.15,0.0,-10195.331049,0.0
2019-01-28,22,0,103,21.0,21.0,0.0,-8865.50526,0.0
2019-01-28,22,0,104,3.9,3.9,0.0,-1646.450977,0.0
2019-01-28,22,0,106,0.0,0.0,0.0,0.0,0.0
2019-01-28,22,0,109,171.41,171.41,0.0,1496.342519,0.0
2019-01-28,22,0,110,149.36,149.36,0.0,-149360.0,0.0
2019-01-28,22,0,111,0.0,0.0,0.0,0.0,0.0
2019-01-28,22,0,113,149.99,149.99,0.0,-41148.4071,0.0
2019-01-28,22,0,115,149.99,149.99,0.0,-41148.4071,0.0
2019-01-28,22,0,116,0.0,0.0,0.0,-0.0,0.0
2019-01-28,22,0,117,10.0,10.0,0.0,-2743.410034,0.0
2019-01-28,22,0,119,200.0,200.0,0.0,19426.65679,0.0
2019-01-28,22,0,120,117.6,117.6,0.0,11422.874192,0.0
2019-01-28,22,0,123,0.0,0.0,0.0,0.0,0.0
2019-01-28,22,0,125,174.2,174.2,0.0,1973.294737,0.0
2019-01-28,22,0,126,0.0,0.0,0.0,0.0,0.0
2019-01-28,22,0,127,0.0,0.0,0.0,0.0,0.0
2019-01-28,22,0,128,249.5,249.5,0.0,2826.274609,0.0
2019-01-28,22,0,131,30.0,30.0,0.0,-11525.352132,0.0
2019-01-28,22,0,132,44.1,44.1,0.0,-16942.267634,0.0
2019-01-28,22,0,133,0.0,0.0,0.0,0.0,0.0
2019-01-28,22,0,134,0.0,0.0,0.0,0.0,0.0
2019-01-28,22,0,135,0.0,0.0,0.0,0.0,0.0
2019-01-28,22,0,136,0.0,0.0,0.0,0.0,0.0
2019-01-28,22,0,139,149.8,149.8,0.0,1462.480634,0.0
2019-01-28,22,0,140,110.54,110.54,0.0,-110540.0,0.0
2019-01-28,22,0,141,189.69,189.69,0.0,-107062.767048,0.0
2019-01-28,22,0,142,0.0,0.0,0.0,-0.0,0.0
2019-01-28,22,0,143,43.79,43.79,0.0,497.357946,0.0
2019-01-28,22,0,145,73.71,73.71,0.0,765.27601,0.0
2019-01-28,22,0,146,158.79,158.79,0.0,-158790.0,0.0
2019-01-28,22,0,152,0.0,0.0,0.0,0.0,0.0
2019-01-28,22,0,153,0.0,0.0,0.0,0.0,0.0
2019-01-28,22,0,154,0.0,0.0,0.0,0.0,0.0
2019-01-28,22,0,157,31.88,31.88,0.0,-17993.362926,0.0
2019-01-28,22,0,158,0.0,0.0,0.0,-0.0,0.0
2019-01-28,22,0,159,0.0,0.0,0.0,0.0,0.0
2019-01-28,22,0,160,0.0,0.0,0.0,0.0,0.0
2019-01-28,22,0,161,0.0,0.0,0.0,-0.0,0.0
2019-01-28,22,0,162,96.21,96.21,0.0,2234.630069,0.0
2019-01-28,22,0,163,136.57,136.57,0.0,-136570.0,0.0
2019-01-28,22,0,164,0.0,0.0,0.0,0.0,0.0
2019-01-28,22,0,167,0.0,0.0,0.0,0.0,0.0
2019-01-28,22,0,168,0.0,0.0,0.0,0.0,0.0
2019-01-28,22,0,169,0.0,0.0,0.0,0.0,0.0
2019-01-28,22,0,170,0.0,0.0,0.0,0.0,0.0
2019-01-28,22,0,172,0.0,0.0,0.0,0.0,0.0
2019-01-28,22,0,173,0.0,0.0,0.0,0.0,0.0
2019-01-28,22,0,188,0.0,0.0,0.0,0.0,0.0
2019-01-28,22,0,190,0.0,0.0,0.0,0.0,0.0
2019-01-28,22,0,191,0.0,0.0,0.0,0.0,0.0
2019-01-28,22,0,192,101.08,101.08,0.0,9818.232341,0.0
2019-01-28,22,0,194,176.5,176.5,0.0,-24859.752647,0.0
2019-01-28,22,0,196,0.0,0.0,0.0,0.0,0.0
2019-01-28,22,0,198,0.0,0.0,0.0,0.0,0.0
2019-01-28,22,0,199,130.0,130.0,0.0,-5013.773535,0.0
2019-01-28,22,0,200,0.0,0.0,0.0,-0.0,0.0
2019-01-28,22,0,204,857.0,857.0,0.0,7582.804666,0.0
2019-01-28,22,0,205,852.76,852.76,0.0,7444.262567,0.0
2019-01-28,22,0,206,539.94,539.94,0.0,6149.48231,0.0
2019-01-28,22,0,210,0.0,0.0,0.0,0.0,0.0
2019-01-28,22,0,214,0.0,0.0,0.0,0.0,0.0
2019-01-28,22,0,217,0.0,0.0,0.0,0.0,0.0
2019-01-28,22,0,218,0.0,0.0,0.0,0.0,0.0
2019-01-28,22,0,219,0.0,0.0,0.0,0.0,0.0
2019-01-28,22,0,221,0.0,0.0,0.0,0.0,0.0
2019-01-28,22,0,225,0.0,0.0,0.0,0.0,0.0
2019-01-28,22,0,233,0.0,0.0,0.0,0.0,0.0
2019-01-28,22,0,236,52.46,52.46,0.0,369.753927,0.0
2019-01-28,22,0,237,136.84,136.84,0.0,1036.845829,0.0
2019-01-28,22,0,238,0.0,0.0,0.0,0.0,0.0
2019-01-28,22,0,240,0.0,0.0,0.0,0.0,0.0
2019-01-28,22,0,245,0.0,0.0,0.0,0.0,0.0
2019-01-28,22,0,247,0.0,0.0,0.0,0.0,0.0
2019-01-28,22,0,248,13.74,13.74,0.0,104.108899,0.0
2019-01-28,22,0,249,0.0,0.0,0.0,0.0,0.0
2019-01-28,22,0,251,0.0,0.0,0.0,0.0,0.0
2019-01-28,22,0,252,0.0,0.0,0.0,0.0,0.0
2019-01-28,22,0,254,0.0,0.0,0.0,0.0,0.0
2019-01-28,22,0,255,0.0,0.0,0.0,0.0,0.0
2019-01-28,22,0,258,0.0,0.0,0.0,0.0,0.0
2019-01-28,22,0,260,0.0,0.0,0.0,0.0,0.0
2019-01-28,22,0,265,0.0,0.0,0.0,0.0,0.0
2019-01-28,22,0,266,97.0,97.0,0.0,947.000144,0.0
2019-01-28,22,0,267,119.2,119.2,0.0,1163.736259,0.0
2019-01-28,22,0,270,426.5,426.5,0.0,-426500.0,0.0
2019-01-28,22,0,272,501.3,501.3,0.0,-137527.145005,0.0
2019-01-28,22,0,273,0.0,0.0,0.0,-0.0,0.0
2019-01-28,22,0,274,549.81,549.81,0.0,-549810.0,0.0
2019-01-28,22,0,275,765.35,765.35,0.0,-765350.0,0.0
2019-01-28,22,0,276,0.0,0.0,0.0,-0.0,0.0
2019-01-28,22,0,277,0.0,0.0,0.0,-0.0,0.0
2019-01-28,22,0,278,0.0,0.0,0.0,-0.0,0.0
2019-01-28,22,0,279,264.61,264.61,0.0,-75733.111293,0.0
2019-01-28,22,0,281,16.22,16.22,0.0,184.223473,0.0
2019-01-28,22,0,282,0.0,0.0,0.0,0.0,0.0
2019-01-28,23,0,9,0.0,0.0,0.0,0.0,0.0
2019-01-28,23,0,17,0.0,0.0,0.0,0.0,0.0
2019-01-28,23,0,19,0.0,0.0,0.0,0.0,0.0
2019-01-28,23,0,20,0.0,0.0,0.0,0.0,0.0
2019-01-28,23,0,21,0.0,0.0,0.0,0.0,0.0
2019-01-28,23,0,22,0.0,0.0,0.0,0.0,0.0
2019-01-28,23,0,23,84.68,84.68,0.0,485.072655,0.0
2019-01-28,23,0,24,149.82,149.82,0.0,858.214279,0.0
2019-01-28,23,0,29,0.0,0.0,0.0,0.0,0.0
2019-01-28,23,0,30,0.0,0.0,0.0,0.0,0.0
2019-01-28,23,0,31,29.57,29.57,0.0,169.157043,0.0
2019-01-28,23,0,32,0.0,0.0,0.0,0.0,0.0
2019-01-28,23,0,33,0.0,0.0,0.0,0.0,0.0
2019-01-28,23,0,34,0.0,0.0,0.0,0.0,0.0
2019-01-28,23,0,35,0.0,0.0,0.0,0.0,0.0
2019-01-28,23,0,36,0.0,0.0,0.0,0.0,0.0
2019-01-28,23,0,37,0.0,0.0,0.0,0.0,0.0
2019-01-28,23,0,38,0.0,0.0,0.0,0.0,0.0
2019-01-28,23,0,39,0.0,0.0,0.0,0.0,0.0
2019-01-28,23,0,40,0.0,0.0,0.0,0.0,0.0
2019-01-28,23,0,41,116.0,116.0,0.0,711.246674,0.0
2019-01-28,23,0,42,0.0,0.0,0.0,0.0,0.0
2019-01-28,23,0,43,0.0,0.0,0.0,0.0,0.0
2019-01-28,23,0,46,0.0,0.0,0.0,0.0,0.0
2019-01-28,23,0,52,31.34,31.34,0.0,179.282439,0.0
2019-01-28,23,0,53,49.8,49.8,0.0,284.884029,0.0
2019-01-28,23,0,55,518.11,518.11,0.0,2967.890805,0.0
2019-01-28,23,0,56,0.0,0.0,0.0,0.0,0.0
2019-01-28,23,0,57,0.0,0.0,0.0,0.0,0.0
2019-01-28,23,0,58,0.0,0.0,0.0,0.0,0.0
2019-01-28,23,0,59,0.0,0.0,0.0,0.0,0.0
2019-01-28,23,0,63,170.0,170.0,0.0,2194.451912,0.0
2019-01-28,23,0,64,200.0,200.0,0.0,2581.708132,0.0
2019-01-28,23,0,65,0.0,0.0,0.0,0.0,0.0
2019-01-28,23,0,67,0.0,0.0,0.0,0.0,0.0
2019-01-28,23,0,68,8.2,8.2,0.0,48.376869,0.0
2019-01-28,23,0,69,0.0,0.0,0.0,0.0,0.0
2019-01-28,23,0,74,65.28,65.28,0.0,437.019517,0.0
2019-01-28,23,0,77,200.0,200.0,0.0,996.855584,0.0
2019-01-28,23,0,78,151.2,151.2,0.0,753.622822,0.0
2019-01-28,23,0,79,87.5,87.5,0.0,436.124318,0.0
2019-01-28,23,0,80,141.5,141.5,0.0,705.275326,0.0
2019-01-28,23,0,81,185.0,185.0,0.0,922.091416,0.0
2019-01-28,23,0,82,130.5,130.5,0.0,650.448269,0.0
2019-01-28,23,0,83,291.0,291.0,0.0,1450.424875,0.0
2019-01-28,23,0,84,0.0,0.0,0.0,0.0,0.0
2019-01-28,23,0,86,0.0,0.0,0.0,0.0,0.0
2019-01-28,23,0,87,0.0,0.0,0.0,0.0,0.0
2019-01-28,23,0,88,170.6,170.6,0.0,850.317814,0.0
2019-01-28,23,0,89,164.0,164.0,0.0,817.421579,0.0
2019-01-28,23,0,90,220.2,220.2,0.0,1097.537999,0.0
2019-01-28,23,0,91,785.5,785.5,0.0,3915.150308,0.0
2019-01-28,23,0,92,282.5,282.5,0.0,1408.058513,0.0
2019-01-28,23,0,95,120.0,120.0,0.0,1539.046609,0.0
2019-01-28,23,0,96,29.88,29.88,0.0,170.688727,0.0
2019-01-28,23,0,97,183.75,183.75,0.0,1049.667121,0.0
2019-01-28,23,0,99,12.6,12.6,0.0,84.351194,0.0
2019-01-28,23,0,101,0.0,0.0,0.0,0.0,0.0
2019-01-28,23,0,102,19.41,19.41,0.0,114.511589,0.0
2019-01-28,23,0,103,16.88,16.88,0.0,99.585555,0.0
2019-01-28,23,0,104,3.14,3.14,0.0,18.524801,0.0
2019-01-28,23,0,106,0.0,0.0,0.0,0.0,0.0
2019-01-28,23,0,109,200.0,200.0,0.0,1279.525124,0.0
2019-01-28,23,0,110,112.33,112.33,0.0,1191.77148,0.0
2019-01-28,23,0,111,0.0,0.0,0.0,0.0,0.0
2019-01-28,23,0,113,150.0,150.0,0.0,687.634387,0.0
2019-01-28,23,0,115,150.0,150.0,0.0,687.634387,0.0
2019-01-28,23,0,116,0.0,0.0,0.0,0.0,0.0
2019-01-28,23,0,117,10.0,10.0,0.0,45.842292,0.0
2019-01-28,23,0,119,200.0,200.0,0.0,2581.708132,0.0
2019-01-28,23,0,120,117.6,117.6,0.0,1518.044382,0.0
2019-01-28,23,0,123,0.0,0.0,0.0,0.0,0.0
2019-01-28,23,0,125,135.58,135.58,0.0,776.643252,0.0
2019-01-28,23,0,126,0.0,0.0,0.0,0.0,0.0
2019-01-28,23,0,127,0.0,0.0,0.0,0.0,0.0
2019-01-28,23,0,128,194.18,194.18,0.0,1112.321778,0.0
2019-01-28,23,0,131,26.45,26.45,0.0,147.854771,0.0
2019-01-28,23,0,132,38.89,38.89,0.0,217.394028,0.0
2019-01-28,23,0,133,3.46,3.46,0.0,24.045622,0.0
2019-01-28,23,0,134,0.0,0.0,0.0,0.0,0.0
2019-01-28,23,0,135,4.64,4.64,0.0,32.246152,0.0
2019-01-28,23,0,136,0.0,0.0,0.0,0.0,0.0
2019-01-28,23,0,139,149.8,149.8,0.0,918.489239,0.0
2019-01-28,23,0,140,83.14,83.14,0.0,882.078526,0.0
2019-01-28,23,0,141,124.28,124.28,0.0,877.297435,0.0
2019-01-28,23,0,142,0.0,0.0,0.0,0.0,0.0
2019-01-28,23,0,143,39.9,39.9,0.0,228.250457,0.0
2019-01-28,23,0,145,30.0,30.0,0.0,179.156343,0.0
2019-01-28,23,0,146,83.28,83.28,0.0,883.563864,0.0
2019-01-28,23,0,152,0.0,0.0,0.0,0.0,0.0
2019-01-28,23,0,153,0.0,0.0,0.0,0.0,0.0
2019-01-28,23,0,154,0.0,0.0,0.0,0.0,0.0
2019-01-28,23,0,157,14.88,14.88,0.0,105.038508,0.0
2019-01-28,23,0,158,0.0,0.0,0.0,0.0,0.0
2019-01-28,23,0,159,0.0,0.0,0.0,0.0,0.0
2019-01-28,23,0,160,0.0,0.0,0.0,0.0,0.0
2019-01-28,23,0,161,0.0,0.0,0.0,0.0,0.0
2019-01-28,23,0,162,48.75,48.75,0.0,625.43526,0.0
2019-01-28,23,0,163,86.51,86.51,0.0,917.832732,0.0
2019-01-28,23,0,164,0.0,0.0,0.0,0.0,0.0
2019-01-28,23,0,167,0.0,0.0,0.0,0.0,0.0
2019-01-28,23,0,168,0.0,0.0,0.0,0.0,0.0
2019-01-28,23,0,169,0.0,0.0,0.0,0.0,0.0
2019-01-28,23,0,170,0.0,0.0,0.0,0.0,0.0
2019-01-28,23,0,172,0.0,0.0,0.0,0.0,0.0
2019-01-28,23,0,173,0.0,0.0,0.0,0.0,0.0
2019-01-28,23,0,188,0.0,0.0,0.0,0.0,0.0
2019-01-28,23,0,190,0.0,0.0,0.0,0.0,0.0
2019-01-28,23,0,191,0.0,0.0,0.0,0.0,0.0
2019-01-28,23,0,192,78.52,78.52,0.0,1013.578613,0.0
2019-01-28,23,0,194,176.5,176.5,0.0,590.914081,0.0
2019-01-28,23,0,196,0.0,0.0,0.0,0.0,0.0
2019-01-28,23,0,198,0.0,0.0,0.0,0.0,0.0
2019-01-28,23,0,199,95.85,95.85,0.0,646.636672,0.0
2019-01-28,23,0,200,0.0,0.0,0.0,0.0,0.0
2019-01-28,23,0,204,857.0,857.0,0.0,5456.609784,0.0
2019-01-28,23,0,205,1058.0,1058.0,0.0,6768.687903,0.0
2019-01-28,23,0,206,539.94,539.94,0.0,3084.39328,0.0
2019-01-28,23,0,210,0.0,0.0,0.0,0.0,0.0
2019-01-28,23,0,214,0.0,0.0,0.0,0.0,0.0
2019-01-28,23,0,217,0.0,0.0,0.0,0.0,0.0
2019-01-28,23,0,218,0.0,0.0,0.0,0.0,0.0
2019-01-28,23,0,219,0.0,0.0,0.0,0.0,0.0
2019-01-28,23,0,221,0.0,0.0,0.0,0.0,0.0
2019-01-28,23,0,225,0.0,0.0,0.0,0.0,0.0
2019-01-28,23,0,233,0.0,0.0,0.0,0.0,0.0
2019-01-28,23,0,236,149.96,149.96,0.0,1024.340379,0.0
2019-01-28,23,0,237,156.6,156.6,0.0,1048.364835,0.0
2019-01-28,23,0,238,0.0,0.0,0.0,0.0,0.0
2019-01-28,23,0,240,0.0,0.0,0.0,0.0,0.0
2019-01-28,23,0,245,9.38,9.38,0.0,65.477994,0.0
2019-01-28,23,0,247,10.24,10.24,0.0,71.481307,0.0
2019-01-28,23,0,248,15.72,15.72,0.0,105.238156,0.0
2019-01-28,23,0,249,18.05,18.05,0.0,125.999766,0.0
2019-01-28,23,0,251,13.13,13.13,0.0,90.937516,0.0
2019-01-28,23,0,252,0.0,0.0,0.0,0.0,0.0
2019-01-28,23,0,254,0.0,0.0,0.0,0.0,0.0
2019-01-28,23,0,255,0.0,0.0,0.0,0.0,0.0
2019-01-28,23,0,258,0.0,0.0,0.0,0.0,0.0
2019-01-28,23,0,260,0.0,0.0,0.0,0.0,0.0
2019-01-28,23,0,265,0.0,0.0,0.0,0.0,0.0
2019-01-28,23,0,266,97.0,97.0,0.0,594.749374,0.0
2019-01-28,23,0,267,119.2,119.2,0.0,730.867272,0.0
2019-01-28,23,0,270,270.16,270.16,0.0,2866.277781,0.0
2019-01-28,23,0,272,501.3,501.3,0.0,2298.07412,0.0
2019-01-28,23,0,273,0.0,0.0,0.0,0.0,0.0
2019-01-28,23,0,274,348.27,348.27,0.0,3694.990238,0.0
2019-01-28,23,0,275,484.8,484.8,0.0,5143.512985,0.0
2019-01-28,23,0,276,0.0,0.0,0.0,0.0,0.0
2019-01-28,23,0,277,0.0,0.0,0.0,0.0,0.0
2019-01-28,23,0,278,0.0,0.0,0.0,0.0,0.0
2019-01-28,23,0,279,264.6,264.6,0.0,1255.425186,0.0
2019-01-28,23,0,281,13.27,13.27,0.0,75.911869,0.0
2019-01-28,23,0,282,0.0,0.0,0.0,0.0,0.0
2019-01-29,0,0,9,0.0,0.0,0.0,0.0,0.0
2019-01-29,0,0,17,0.0,0.0,0.0,0.0,0.0
2019-01-29,0,0,19,128.73,128.73,0.0,1077.610414,0.0
2019-01-29,0,0,20,156.13,156.13,0.0,1306.978279,0.0
2019-01-29,0,0,21,0.0,0.0,0.0,0.0,0.0
2019-01-29,0,0,22,0.0,0.0,0.0,0.0,0.0
2019-01-29,0,0,23,56.47,56.47,0.0,395.932339,0.0
2019-01-29,0,0,24,99.92,99.92,0.0,700.576577,0.0
2019-01-29,0,0,29,0.0,0.0,0.0,0.0,0.0
2019-01-29,0,0,30,0.0,0.0,0.0,0.0,0.0
2019-01-29,0,0,31,24.35,24.35,0.0,170.517018,0.0
2019-01-29,0,0,32,0.0,0.0,0.0,0.0,0.0
2019-01-29,0,0,33,0.0,0.0,0.0,0.0,0.0
2019-01-29,0,0,34,0.0,0.0,0.0,0.0,0.0
2019-01-29,0,0,35,0.0,0.0,0.0,0.0,0.0
2019-01-29,0,0,36,0.0,0.0,0.0,0.0,0.0
2019-01-29,0,0,37,0.0,0.0,0.0,0.0,0.0
2019-01-29,0,0,38,0.0,0.0,0.0,0.0,0.0
2019-01-29,0,0,39,0.0,0.0,0.0,0.0,0.0
2019-01-29,0,0,40,0.0,0.0,0.0,0.0,0.0
2019-01-29,0,0,41,116.0,116.0,0.0,865.417781,0.0
2019-01-29,0,0,42,0.0,0.0,0.0,0.0,0.0
2019-01-29,0,0,43,0.0,0.0,0.0,0.0,0.0
2019-01-29,0,0,46,0.0,0.0,0.0,0.0,0.0
2019-01-29,0,0,52,25.81,25.81,0.0,180.741036,0.0
2019-01-29,0,0,53,41.0,41.0,0.0,287.112844,0.0
2019-01-29,0,0,55,325.59,325.59,0.0,2282.833544,0.0
2019-01-29,0,0,56,0.0,0.0,0.0,0.0,0.0
2019-01-29,0,0,57,0.0,0.0,0.0,0.0,0.0
2019-01-29,0,0,58,0.0,0.0,0.0,0.0,0.0
2019-01-29,0,0,59,0.0,0.0,0.0,0.0,0.0
2019-01-29,0,0,63,140.34,140.34,0.0,2106.604815,0.0
2019-01-29,0,0,64,165.11,165.11,0.0,2478.420415,0.0
2019-01-29,0,0,65,2.3,2.3,0.0,19.231342,0.0
2019-01-29,0,0,67,0.0,0.0,0.0,0.0,0.0
2019-01-29,0,0,68,5.59,5.59,0.0,40.260488,0.0
2019-01-29,0,0,69,0.0,0.0,0.0,0.0,0.0
2019-01-29,0,0,74,65.28,65.28,0.0,527.974079,0.0
2019-01-29,0,0,77,162.3,162.3,0.0,1003.415403,0.0
2019-01-29,0,0,78,122.7,122.7,0.0,758.589464,0.0
2019-01-29,0,0,79,71.01,71.01,0.0,439.017423,0.0
2019-01-29,0,0,80,114.83,114.83,0.0,709.933399,0.0
2019-01-29,0,0,81,150.13,150.13,0.0,928.174704,0.0
2019-01-29,0,0,82,105.9,105.9,0.0,654.723914,0.0
2019-01-29,0,0,83,236.15,236.15,0.0,1459.99105,0.0
2019-01-29,0,0,84,0.0,0.0,0.0,0.0,0.0
2019-01-29,0,0,86,0.0,0.0,0.0,0.0,0.0
2019-01-29,0,0,87,0.0,0.0,0.0,0.0,0.0
2019-01-29,0,0,88,170.6,170.6,0.0,1054.729931,0.0
2019-01-29,0,0,89,164.0,164.0,0.0,1013.925608,0.0
2019-01-29,0,0,90,220.2,220.2,0.0,1361.380602,0.0
2019-01-29,0,0,91,785.5,785.5,0.0,4856.332712,0.0
2019-01-29,0,0,92,282.5,282.5,0.0,1746.548684,0.0
2019-01-29,0,0,95,67.44,67.44,0.0,1006.07562,0.0
2019-01-29,0,0,96,19.94,19.94,0.0,139.455192,0.0
2019-01-29,0,0,97,122.6,122.6,0.0,857.432626,0.0
2019-01-29,0,0,99,12.6,12.6,0.0,101.906762,0.0
2019-01-29,0,0,101,0.0,0.0,0.0,0.0,0.0
2019-01-29,0,0,102,13.23,13.23,0.0,95.285555,0.0
2019-01-29,0,0,103,11.5,11.5,0.0,82.82569,0.0
2019-01-29,0,0,104,2.14,2.14,0.0,15.412781,0.0
2019-01-29,0,0,106,0.0,0.0,0.0,0.0,0.0
2019-01-29,0,0,109,200.0,200.0,0.0,1551.410652,0.0
2019-01-29,0,0,110,81.82,81.82,0.0,1018.615978,0.0
2019-01-29,0,0,111,0.0,0.0,0.0,0.0,0.0
2019-01-29,0,0,113,140.14,140.14,0.0,803.953422,0.0
2019-01-29,0,0,115,140.14,140.14,0.0,803.953422,0.0
2019-01-29,0,0,116,0.0,0.0,0.0,0.0,0.0
2019-01-29,0,0,117,9.34,9.34,0.0,53.581597,0.0
2019-01-29,0,0,119,165.11,165.11,0.0,2478.420415,0.0
2019-01-29,0,0,120,97.08,97.08,0.0,1457.240954,0.0
2019-01-29,0,0,123,0.0,0.0,0.0,0.0,0.0
2019-01-29,0,0,125,90.42,90.42,0.0,633.968516,0.0
2019-01-29,0,0,126,0.0,0.0,0.0,0.0,0.0
2019-01-29,0,0,127,0.0,0.0,0.0,0.0,0.0
2019-01-29,0,0,128,129.5,129.5,0.0,907.973046,0.0
2019-01-29,0,0,131,18.56,18.56,0.0,127.270826,0.0
2019-01-29,0,0,132,27.29,27.29,0.0,187.134744,0.0
2019-01-29,0,0,133,50.27,50.27,0.0,420.860337,0.0
2019-01-29,0,0,134,0.0,0.0,0.0,0.0,0.0
2019-01-29,0,0,135,67.36,67.36,0.0,563.937782,0.0
2019-01-29,0,0,136,1.48,1.48,0.0,12.374167,0.0
2019-01-29,0,0,139,149.8,149.8,0.0,1117.582618,0.0
2019-01-29,0,0,140,60.56,60.56,0.0,753.940157,0.0
2019-01-29,0,0,141,76.95,76.95,0.0,653.607158,0.0
2019-01-29,0,0,142,0.0,0.0,0.0,0.0,0.0
2019-01-29,0,0,143,95.68,95.68,0.0,670.023338,0.0
2019-01-29,0,0,145,30.0,30.0,0.0,218.482115,0.0
2019-01-29,0,0,146,36.61,36.61,0.0,455.77525,0.0
2019-01-29,0,0,152,0.0,0.0,0.0,0.0,0.0
2019-01-29,0,0,153,0.0,0.0,0.0,0.0,0.0
2019-01-29,0,0,154,0.0,0.0,0.0,0.0,0.0
2019-01-29,0,0,157,6.36,6.36,0.0,54.021332,0.0
2019-01-29,0,0,158,0.0,0.0,0.0,0.0,0.0
2019-01-29,0,0,159,0.0,0.0,0.0,0.0,0.0
2019-01-29,0,0,160,0.0,0.0,0.0,0.0,0.0
2019-01-29,0,0,161,0.0,0.0,0.0,0.0,0.0
2019-01-29,0,0,162,48.75,48.75,0.0,727.476734,0.0
2019-01-29,0,0,163,50.52,50.52,0.0,628.947436,0.0
2019-01-29,0,0,164,0.0,0.0,0.0,0.0,0.0
2019-01-29,0,0,167,0.0,0.0,0.0,0.0,0.0
2019-01-29,0,0,168,0.0,0.0,0.0,0.0,0.0
2019-01-29,0,0,169,0.0,0.0,0.0,0.0,0.0
2019-01-29,0,0,170,0.0,0.0,0.0,0.0,0.0
2019-01-29,0,0,172,0.0,0.0,0.0,0.0,0.0
2019-01-29,0,0,173,0.0,0.0,0.0,0.0,0.0
2019-01-29,0,0,188,0.0,0.0,0.0,0.0,0.0
2019-01-29,0,0,190,0.0,0.0,0.0,0.0,0.0
2019-01-29,0,0,191,0.0,0.0,0.0,0.0,0.0
2019-01-29,0,0,192,59.16,59.16,0.0,888.034351,0.0
2019-01-29,0,0,194,176.5,176.5,0.0,769.448476,0.0
2019-01-29,0,0,196,0.0,0.0,0.0,0.0,0.0
2019-01-29,0,0,198,0.0,0.0,0.0,0.0,0.0
2019-01-29,0,0,199,39.0,39.0,0.0,317.67638,0.0
2019-01-29,0,0,200,0.0,0.0,0.0,0.0,0.0
2019-01-29,0,0,204,857.0,857.0,0.0,6618.655513,0.0
2019-01-29,0,0,205,1058.0,1058.0,0.0,8206.96235,0.0
2019-01-29,0,0,206,360.24,360.24,0.0,2519.425197,0.0
2019-01-29,0,0,210,0.0,0.0,0.0,0.0,0.0
2019-01-29,0,0,214,0.0,0.0,0.0,0.0,0.0
2019-01-29,0,0,217,0.0,0.0,0.0,0.0,0.0
2019-01-29,0,0,218,0.0,0.0,0.0,0.0,0.0
2019-01-29,0,0,219,0.0,0.0,0.0,0.0,0.0
2019-01-29,0,0,221,0.0,0.0,0.0,0.0,0.0
2019-01-29,0,0,225,0.0,0.0,0.0,0.0,0.0
2019-01-29,0,0,233,0.0,0.0,0.0,0.0,0.0
2019-01-29,0,0,236,159.03,159.03,0.0,1310.342951,0.0
2019-01-29,0,0,237,156.6,156.6,0.0,1266.555466,0.0
2019-01-29,0,0,238,0.0,0.0,0.0,0.0,0.0
2019-01-29,0,0,240,0.0,0.0,0.0,0.0,0.0
2019-01-29,0,0,245,41.18,41.18,0.0,346.18084,0.0
2019-01-29,0,0,247,51.9,51.9,0.0,436.298825,0.0
2019-01-29,0,0,248,15.72,15.72,0.0,127.140817,0.0
2019-01-29,0,0,249,77.14,77.14,0.0,648.479602,0.0
2019-01-29,0,0,251,35.06,35.06,0.0,292.597801,0.0
2019-01-29,0,0,252,14.82,14.82,0.0,123.916732,0.0
2019-01-29,0,0,254,0.0,0.0,0.0,0.0,0.0
2019-01-29,0,0,255,0.0,0.0,0.0,0.0,0.0
2019-01-29,0,0,258,0.0,0.0,0.0,0.0,0.0
2019-01-29,0,0,260,0.0,0.0,0.0,0.0,0.0
2019-01-29,0,0,265,0.0,0.0,0.0,0.0,0.0
2019-01-29,0,0,266,97.0,97.0,0.0,723.668317,0.0
2019-01-29,0,0,267,119.2,119.2,0.0,889.291375,0.0
2019-01-29,0,0,270,157.77,157.77,0.0,1964.153542,0.0
2019-01-29,0,0,272,468.36,468.36,0.0,2686.881865,0.0
2019-01-29,0,0,273,0.0,0.0,0.0,0.0,0.0
2019-01-29,0,0,274,203.39,203.39,0.0,2532.098554,0.0
2019-01-29,0,0,275,283.12,283.12,0.0,3524.695131,0.0
2019-01-29,0,0,276,0.0,0.0,0.0,0.0,0.0
2019-01-29,0,0,277,0.0,0.0,0.0,0.0,0.0
2019-01-29,0,0,278,0.0,0.0,0.0,0.0,0.0
2019-01-29,0,0,279,228.36,228.36,0.0,1350.856772,0.0
2019-01-29,0,0,281,10.93,10.93,0.0,76.540082,0.0
2019-01-29,0,0,282,0.0,0.0,0.0,0.0,0.0
2019-01-29,1,0,9,0.0,0.0,0.0,0.0,0.0
2019-01-29,1,0,17,0.0,0.0,0.0,0.0,0.0
2019-01-29,1,0,19,626.46,626.46,0.0,5010.194032,0.0
2019-01-29,1,0,20,759.77,759.77,0.0,6076.357819,0.0
2019-01-29,1,0,21,0.0,0.0,0.0,0.0,0.0
2019-01-29,1,0,22,0.0,0.0,0.0,0.0,0.0
2019-01-29,1,0,23,35.71,35.71,0.0,224.647076,0.0
2019-01-29,1,0,24,63.18,63.18,0.0,397.457358,0.0
2019-01-29,1,0,29,0.0,0.0,0.0,0.0,0.0
2019-01-29,1,0,30,0.0,0.0,0.0,0.0,0.0
2019-01-29,1,0,31,45.26,45.26,0.0,284.235049,0.0
2019-01-29,1,0,32,0.0,0.0,0.0,0.0,0.0
2019-01-29,1,0,33,0.0,0.0,0.0,0.0,0.0
2019-01-29,1,0,34,0.0,0.0,0.0,0.0,0.0
2019-01-29,1,0,35,0.0,0.0,0.0,0.0,0.0
2019-01-29,1,0,36,0.0,0.0,0.0,0.0,0.0
2019-01-29,1,0,37,0.0,0.0,0.0,0.0,0.0
2019-01-29,1,0,38,0.0,0.0,0.0,0.0,0.0
2019-01-29,1,0,39,0.0,0.0,0.0,0.0,0.0
2019-01-29,1,0,40,0.0,0.0,0.0,0.0,0.0
2019-01-29,1,0,41,116.0,116.0,0.0,795.136607,0.0
2019-01-29,1,0,42,0.0,0.0,0.0,0.0,0.0
2019-01-29,1,0,43,0.0,0.0,0.0,0.0,0.0
2019-01-29,1,0,46,0.0,0.0,0.0,0.0,0.0
2019-01-29,1,0,52,48.18,48.18,0.0,302.572794,0.0
2019-01-29,1,0,53,78.76,78.76,0.0,494.616714,0.0
2019-01-29,1,0,55,162.54,162.54,0.0,1022.518502,0.0
2019-01-29,1,0,56,0.0,0.0,0.0,0.0,0.0
2019-01-29,1,0,57,0.0,0.0,0.0,0.0,0.0
2019-01-29,1,0,58,0.0,0.0,0.0,0.0,0.0
2019-01-29,1,0,59,0.0,0.0,0.0,0.0,0.0
2019-01-29,1,0,63,82.96,82.96,0.0,1354.893837,0.0
2019-01-29,1,0,64,97.6,97.6,0.0,1593.99275,0.0
2019-01-29,1,0,65,7.84,7.84,0.0,62.606565,0.0
2019-01-29,1,0,67,0.0,0.0,0.0,0.0,0.0
2019-01-29,1,0,68,3.61,3.61,0.0,23.574907,0.0
2019-01-29,1,0,69,0.0,0.0,0.0,0.0,0.0
2019-01-29,1,0,74,65.28,65.28,0.0,498.875109,0.0
2019-01-29,1,0,77,112.48,112.48,0.0,590.566224,0.0
2019-01-29,1,0,78,85.03,85.03,0.0,446.442443,0.0
2019-01-29,1,0,79,49.21,49.21,0.0,258.372723,0.0
2019-01-29,1,0,80,79.58,79.58,0.0,417.827703,0.0
2019-01-29,1,0,81,104.04,104.04,0.0,546.252755,0.0
2019-01-29,1,0,82,73.39,73.39,0.0,385.32766,0.0
2019-01-29,1,0,83,163.65,163.65,0.0,859.229752,0.0
2019-01-29,1,0,84,0.0,0.0,0.0,0.0,0.0
2019-01-29,1,0,86,0.0,0.0,0.0,0.0,0.0
2019-01-29,1,0,87,0.0,0.0,0.0,0.0,0.0
2019-01-29,1,0,88,148.17,148.17,0.0,777.953391,0.0
2019-01-29,1,0,89,142.44,142.44,0.0,747.868536,0.0
2019-01-29,1,0,90,191.25,191.25,0.0,1004.141094,0.0
2019-01-29,1,0,91,682.22,682.22,0.0,3581.935359,0.0
2019-01-29,1,0,92,245.35,245.35,0.0,1288.188327,0.0
2019-01-29,1,0,95,88.63,88.63,0.0,1437.189585,0.0
2019-01-29,1,0,96,12.33,12.33,0.0,77.293543,0.0
2019-01-29,1,0,97,75.81,75.81,0.0,475.233047,0.0
2019-01-29,1,0,99,12.6,12.6,0.0,96.290232,0.0
2019-01-29,1,0,101,0.0,0.0,0.0,0.0,0.0
2019-01-29,1,0,102,8.54,8.54,0.0,55.770001,0.0
2019-01-29,1,0,103,7.43,7.43,0.0,48.521207,0.0
2019-01-29,1,0,104,1.38,1.38,0.0,9.012014,0.0
2019-01-29,1,0,106,0.0,0.0,0.0,0.0,0.0
2019-01-29,1,0,109,200.0,200.0,0.0,1445.374157,0.0
2019-01-29,1,0,110,58.44,58.44,0.0,766.553826,0.0
2019-01-29,1,0,111,0.0,0.0,0.0,0.0,0.0
2019-01-29,1,0,113,57.08,57.08,0.0,267.760747,0.0
2019-01-29,1,0,115,57.08,57.08,0.0,267.760747,0.0
2019-01-29,1,0,116,0.0,0.0,0.0,0.0,0.0
2019-01-29,1,0,117,3.9,3.9,0.0,18.294795,0.0
2019-01-29,1,0,119,97.6,97.6,0.0,1593.99275,0.0
2019-01-29,1,0,120,57.39,57.39,0.0,937.287335,0.0
2019-01-29,1,0,123,0.0,0.0,0.0,0.0,0.0
2019-01-29,1,0,125,57.17,57.17,0.0,359.649211,0.0
2019-01-29,1,0,126,0.0,0.0,0.0,0.0,0.0
2019-01-29,1,0,127,0.0,0.0,0.0,0.0,0.0
2019-01-29,1,0,128,81.89,81.89,0.0,515.159592,0.0
2019-01-29,1,0,131,12.43,12.43,0.0,75.791041,0.0
2019-01-29,1,0,132,18.27,18.27,0.0,111.400026,0.0
2019-01-29,1,0,133,139.8,139.8,0.0,1118.227723,0.0
2019-01-29,1,0,134,0.0,0.0,0.0,0.0,0.0
2019-01-29,1,0,135,187.32,187.32,0.0,1498.329164,0.0
2019-01-29,1,0,136,5.94,5.94,0.0,47.430111,0.0
2019-01-29,1,0,139,149.8,149.8,0.0,1026.822963,0.0
2019-01-29,1,0,140,43.25,43.25,0.0,567.307546,0.0
2019-01-29,1,0,141,44.31,44.31,0.0,361.206618,0.0
2019-01-29,1,0,142,0.0,0.0,0.0,0.0,0.0
2019-01-29,1,0,143,124.52,124.52,0.0,781.991788,0.0
2019-01-29,1,0,145,30.0,30.0,0.0,198.944852,0.0
2019-01-29,1,0,146,12.01,12.01,0.0,157.534419,0.0
2019-01-29,1,0,152,0.0,0.0,0.0,0.0,0.0
2019-01-29,1,0,153,0.0,0.0,0.0,0.0,0.0
2019-01-29,1,0,154,0.0,0.0,0.0,0.0,0.0
2019-01-29,1,0,157,0.0,0.0,0.0,0.0,0.0
2019-01-29,1,0,158,0.0,0.0,0.0,0.0,0.0
2019-01-29,1,0,159,0.0,0.0,0.0,0.0,0.0
2019-01-29,1,0,160,0.0,0.0,0.0,0.0,0.0
2019-01-29,1,0,161,0.0,0.0,0.0,0.0,0.0
2019-01-29,1,0,162,48.75,48.75,0.0,790.78732,0.0
2019-01-29,1,0,163,26.46,26.46,0.0,347.074166,0.0
2019-01-29,1,0,164,0.0,0.0,0.0,0.0,0.0
2019-01-29,1,0,167,0.0,0.0,0.0,0.0,0.0
2019-01-29,1,0,168,0.0,0.0,0.0,0.0,0.0
2019-01-29,1,0,169,0.0,0.0,0.0,0.0,0.0
2019-01-29,1,0,170,0.0,0.0,0.0,0.0,0.0
2019-01-29,1,0,172,0.0,0.0,0.0,0.0,0.0
2019-01-29,1,0,173,0.0,0.0,0.0,0.0,0.0
2019-01-29,1,0,188,0.0,0.0,0.0,0.0,0.0
2019-01-29,1,0,190,0.0,0.0,0.0,0.0,0.0
2019-01-29,1,0,191,0.0,0.0,0.0,0.0,0.0
2019-01-29,1,0,192,43.66,43.66,0.0,713.050445,0.0
2019-01-29,1,0,194,176.5,176.5,0.0,522.817236,0.0
2019-01-29,1,0,196,0.0,0.0,0.0,0.0,0.0
2019-01-29,1,0,198,0.0,0.0,0.0,0.0,0.0
2019-01-29,1,0,199,95.96,95.96,0.0,740.285457,0.0
2019-01-29,1,0,200,0.0,0.0,0.0,0.0,0.0
2019-01-29,1,0,204,857.0,857.0,0.0,6156.851955,0.0
2019-01-29,1,0,205,1058.0,1058.0,0.0,7646.029289,0.0
2019-01-29,1,0,206,222.76,222.76,0.0,1396.424133,0.0
2019-01-29,1,0,210,0.0,0.0,0.0,0.0,0.0
2019-01-29,1,0,214,0.0,0.0,0.0,0.0,0.0
2019-01-29,1,0,217,0.0,0.0,0.0,0.0,0.0
2019-01-29,1,0,218,0.0,0.0,0.0,0.0,0.0
2019-01-29,1,0,219,0.0,0.0,0.0,0.0,0.0
2019-01-29,1,0,221,0.0,0.0,0.0,0.0,0.0
2019-01-29,1,0,225,0.0,0.0,0.0,0.0,0.0
2019-01-29,1,0,233,0.0,0.0,0.0,0.0,0.0
2019-01-29,1,0,236,159.03,159.03,0.0,1245.614054,0.0
2019-01-29,1,0,237,156.6,156.6,0.0,1196.750031,0.0
2019-01-29,1,0,238,0.0,0.0,0.0,0.0,0.0
2019-01-29,1,0,240,0.0,0.0,0.0,0.0,0.0
2019-01-29,1,0,245,65.0,65.0,0.0,522.737238,0.0
2019-01-29,1,0,247,149.68,149.68,0.0,1203.743229,0.0
2019-01-29,1,0,248,15.72,15.72,0.0,120.133528,0.0
2019-01-29,1,0,249,125.0,125.0,0.0,1005.26392,0.0
2019-01-29,1,0,251,73.89,73.89,0.0,588.583381,0.0
2019-01-29,1,0,252,50.57,50.57,0.0,403.828314,0.0
2019-01-29,1,0,254,0.0,0.0,0.0,0.0,0.0
2019-01-29,1,0,255,0.0,0.0,0.0,0.0,0.0
2019-01-29,1,0,258,0.0,0.0,0.0,0.0,0.0
2019-01-29,1,0,260,0.0,0.0,0.0,0.0,0.0
2019-01-29,1,0,265,0.0,0.0,0.0,0.0,0.0
2019-01-29,1,0,266,97.0,97.0,0.0,664.898714,0.0
2019-01-29,1,0,267,119.2,119.2,0.0,817.07141,0.0
2019-01-29,1,0,270,82.64,82.64,0.0,1083.983713,0.0
2019-01-29,1,0,272,190.38,190.38,0.0,893.067466,0.0
2019-01-29,1,0,273,0.0,0.0,0.0,0.0,0.0
2019-01-29,1,0,274,106.54,106.54,0.0,1397.478519,0.0
2019-01-29,1,0,275,148.3,148.3,0.0,1945.241828,0.0
2019-01-29,1,0,276,0.0,0.0,0.0,0.0,0.0
2019-01-29,1,0,277,0.0,0.0,0.0,0.0,0.0
2019-01-29,1,0,278,0.0,0.0,0.0,0.0,0.0
2019-01-29,1,0,279,160.01,160.01,0.0,786.490878,0.0
2019-01-29,1,0,281,18.69,18.69,0.0,117.374129,0.0
2019-01-29,1,0,282,0.0,0.0,0.0,0.0,0.0
2019-01-29,2,0,9,0.0,0.0,0.0,0.0,0.0
2019-01-29,2,0,17,0.0,0.0,0.0,0.0,0.0
2019-01-29,2,0,19,643.3,643.3,0.0,568.023374,0.0
2019-01-29,2,0,20,780.2,780.2,0.0,688.903834,0.0
2019-01-29,2,0,21,0.0,0.0,0.0,0.0,0.0
2019-01-29,2,0,22,0.0,0.0,0.0,0.0,0.0
2019-01-29,2,0,23,35.26,35.26,0.0,237.314895,0.0
2019-01-29,2,0,24,62.39,62.39,0.0,419.911409,0.0
2019-01-29,2,0,29,0.0,0.0,0.0,0.0,0.0
2019-01-29,2,0,30,0.0,0.0,0.0,0.0,0.0
2019-01-29,2,0,31,14.32,14.32,0.0,96.233699,0.0
2019-01-29,2,0,32,0.0,0.0,0.0,0.0,0.0
2019-01-29,2,0,33,0.0,0.0,0.0,0.0,0.0
2019-01-29,2,0,34,0.0,0.0,0.0,0.0,0.0
2019-01-29,2,0,35,0.0,0.0,0.0,0.0,0.0
2019-01-29,2,0,36,0.0,0.0,0.0,0.0,0.0
2019-01-29,2,0,37,0.0,0.0,0.0,0.0,0.0
2019-01-29,2,0,38,0.0,0.0,0.0,0.0,0.0
2019-01-29,2,0,39,0.0,0.0,0.0,0.0,0.0
2019-01-29,2,0,40,0.0,0.0,0.0,0.0,0.0
2019-01-29,2,0,41,116.0,116.0,0.0,842.154224,0.0
2019-01-29,2,0,42,0.0,0.0,0.0,0.0,0.0
2019-01-29,2,0,43,0.0,0.0,0.0,0.0,0.0
2019-01-29,2,0,46,0.0,0.0,0.0,0.0,0.0
2019-01-29,2,0,52,15.18,15.18,0.0,102.013098,0.0
2019-01-29,2,0,53,24.12,24.12,0.0,162.091957,0.0
2019-01-29,2,0,55,164.55,164.55,0.0,1107.491944,0.0
2019-01-29,2,0,56,0.0,0.0,0.0,0.0,0.0
2019-01-29,2,0,57,0.0,0.0,0.0,0.0,0.0
2019-01-29,2,0,58,0.0,0.0,0.0,0.0,0.0
2019-01-29,2,0,59,0.0,0.0,0.0,0.0,0.0
2019-01-29,2,0,63,74.79,74.79,0.0,1217.334848,0.0
2019-01-29,2,0,64,87.99,87.99,0.0,1432.187368,0.0
2019-01-29,2,0,65,28.13,28.13,0.0,128.367425,0.0
2019-01-29,2,0,67,0.0,0.0,0.0,0.0,0.0
2019-01-29,2,0,68,3.27,3.27,0.0,22.779491,0.0
2019-01-29,2,0,69,0.0,0.0,0.0,0.0,0.0
2019-01-29,2,0,74,65.28,65.28,0.0,521.705295,0.0
2019-01-29,2,0,77,107.45,107.45,0.0,617.810728,0.0
2019-01-29,2,0,78,81.23,81.23,0.0,467.052261,0.0
2019-01-29,2,0,79,47.01,47.01,0.0,270.295787,0.0
2019-01-29,2,0,80,76.02,76.02,0.0,437.096059,0.0
2019-01-29,2,0,81,99.39,99.39,0.0,571.467736,0.0
2019-01-29,2,0,82,70.11,70.11,0.0,403.115032,0.0
2019-01-29,2,0,83,156.34,156.34,0.0,898.916047,0.0
2019-01-29,2,0,84,0.0,0.0,0.0,0.0,0.0
2019-01-29,2,0,86,0.0,0.0,0.0,0.0,0.0
2019-01-29,2,0,87,0.0,0.0,0.0,0.0,0.0
2019-01-29,2,0,88,137.3,137.3,0.0,789.440791,0.0
2019-01-29,2,0,89,131.99,131.99,0.0,758.909614,0.0
2019-01-29,2,0,90,177.21,177.21,0.0,1018.913347,0.0
2019-01-29,2,0,91,632.16,632.16,0.0,3634.762493,0.0
2019-01-29,2,0,92,227.35,227.35,0.0,1307.205854,0.0
2019-01-29,2,0,95,36.0,36.0,0.0,582.000938,0.0
2019-01-29,2,0,96,11.23,11.23,0.0,75.348503,0.0
2019-01-29,2,0,97,69.03,69.03,0.0,463.161811,0.0
2019-01-29,2,0,99,12.6,12.6,0.0,100.696794,0.0
2019-01-29,2,0,101,0.0,0.0,0.0,0.0,0.0
2019-01-29,2,0,102,7.73,7.73,0.0,53.848765,0.0
2019-01-29,2,0,103,6.72,6.72,0.0,46.812898,0.0
2019-01-29,2,0,104,1.25,1.25,0.0,8.707756,0.0
2019-01-29,2,0,106,0.0,0.0,0.0,0.0,0.0
2019-01-29,2,0,109,195.26,195.26,0.0,1486.649276,0.0
2019-01-29,2,0,110,23.14,23.14,0.0,305.977723,0.0
2019-01-29,2,0,111,0.0,0.0,0.0,0.0,0.0
2019-01-29,2,0,113,51.98,51.98,0.0,271.336544,0.0
2019-01-29,2,0,115,51.98,51.98,0.0,271.336544,0.0
2019-01-29,2,0,116,0.0,0.0,0.0,0.0,0.0
2019-01-29,2,0,117,2.78,2.78,0.0,14.51165,0.0
2019-01-29,2,0,119,87.99,87.99,0.0,1432.187368,0.0
2019-01-29,2,0,120,51.74,51.74,0.0,842.156773,0.0
2019-01-29,2,0,123,0.0,0.0,0.0,0.0,0.0
2019-01-29,2,0,125,56.46,56.46,0.0,379.99997,0.0
2019-01-29,2,0,126,0.0,0.0,0.0,0.0,0.0
2019-01-29,2,0,127,0.0,0.0,0.0,0.0,0.0
2019-01-29,2,0,128,80.86,80.86,0.0,544.222416,0.0
2019-01-29,2,0,131,11.54,11.54,0.0,75.643216,0.0
2019-01-29,2,0,132,16.97,16.97,0.0,111.236167,0.0
2019-01-29,2,0,133,139.8,139.8,0.0,1235.912787,0.0
2019-01-29,2,0,134,0.0,0.0,0.0,0.0,0.0
2019-01-29,2,0,135,187.33,187.33,0.0,1656.105454,0.0
2019-01-29,2,0,136,25.33,25.33,0.0,120.707818,0.0
2019-01-29,2,0,139,149.8,149.8,0.0,1087.540541,0.0
2019-01-29,2,0,140,17.13,17.13,0.0,226.508141,0.0
2019-01-29,2,0,141,38.45,38.45,0.0,327.070375,0.0
2019-01-29,2,0,142,0.0,0.0,0.0,0.0,0.0
2019-01-29,2,0,143,51.78,51.78,0.0,347.97353,0.0
2019-01-29,2,0,145,30.0,30.0,0.0,211.554287,0.0
2019-01-29,2,0,146,0.0,0.0,0.0,0.0,0.0
2019-01-29,2,0,152,0.0,0.0,0.0,0.0,0.0
2019-01-29,2,0,153,0.0,0.0,0.0,0.0,0.0
2019-01-29,2,0,154,0.0,0.0,0.0,0.0,0.0
2019-01-29,2,0,157,0.0,0.0,0.0,0.0,0.0
2019-01-29,2,0,158,0.0,0.0,0.0,0.0,0.0
2019-01-29,2,0,159,0.0,0.0,0.0,0.0,0.0
2019-01-29,2,0,160,0.0,0.0,0.0,0.0,0.0
2019-01-29,2,0,161,0.0,0.0,0.0,0.0,0.0
2019-01-29,2,0,162,48.75,48.75,0.0,788.388313,0.0
2019-01-29,2,0,163,27.47,27.47,0.0,363.232846,0.0
2019-01-29,2,0,164,0.0,0.0,0.0,0.0,0.0
2019-01-29,2,0,167,0.0,0.0,0.0,0.0,0.0
2019-01-29,2,0,168,0.0,0.0,0.0,0.0,0.0
2019-01-29,2,0,169,0.0,0.0,0.0,0.0,0.0
2019-01-29,2,0,170,0.0,0.0,0.0,0.0,0.0
2019-01-29,2,0,172,0.0,0.0,0.0,0.0,0.0
2019-01-29,2,0,173,0.0,0.0,0.0,0.0,0.0
2019-01-29,2,0,188,0.0,0.0,0.0,0.0,0.0
2019-01-29,2,0,190,0.0,0.0,0.0,0.0,0.0
2019-01-29,2,0,191,0.0,0.0,0.0,0.0,0.0
2019-01-29,2,0,192,34.84,34.84,0.0,567.08044,0.0
2019-01-29,2,0,194,176.5,176.5,0.0,631.751631,0.0
2019-01-29,2,0,196,0.0,0.0,0.0,0.0,0.0
2019-01-29,2,0,198,0.0,0.0,0.0,0.0,0.0
2019-01-29,2,0,199,39.0,39.0,0.0,315.869947,0.0
2019-01-29,2,0,200,0.0,0.0,0.0,0.0,0.0
2019-01-29,2,0,204,857.0,857.0,0.0,6490.983455,0.0
2019-01-29,2,0,205,958.56,958.56,0.0,7298.179502,0.0
2019-01-29,2,0,206,202.85,202.85,0.0,1361.036845,0.0
2019-01-29,2,0,210,0.0,0.0,0.0,0.0,0.0
2019-01-29,2,0,214,0.0,0.0,0.0,0.0,0.0
2019-01-29,2,0,217,0.0,0.0,0.0,0.0,0.0
2019-01-29,2,0,218,0.0,0.0,0.0,0.0,0.0
2019-01-29,2,0,219,0.0,0.0,0.0,0.0,0.0
2019-01-29,2,0,221,0.0,0.0,0.0,0.0,0.0
2019-01-29,2,0,225,0.0,0.0,0.0,0.0,0.0
2019-01-29,2,0,233,0.0,0.0,0.0,0.0,0.0
2019-01-29,2,0,236,159.03,159.03,0.0,1299.785768,0.0
2019-01-29,2,0,237,156.6,156.6,0.0,1251.517298,0.0
2019-01-29,2,0,238,0.0,0.0,0.0,0.0,0.0
2019-01-29,2,0,240,0.0,0.0,0.0,0.0,0.0
2019-01-29,2,0,245,78.01,78.01,0.0,595.752425,0.0
2019-01-29,2,0,247,171.72,171.72,0.0,1311.403749,0.0
2019-01-29,2,0,248,15.72,15.72,0.0,125.631238,0.0
2019-01-29,2,0,249,150.01,150.01,0.0,1145.607247,0.0
2019-01-29,2,0,251,190.03,190.03,0.0,1088.977863,0.0
2019-01-29,2,0,252,181.48,181.48,0.0,828.159273,0.0
2019-01-29,2,0,254,0.0,0.0,0.0,0.0,0.0
2019-01-29,2,0,255,0.0,0.0,0.0,0.0,0.0
2019-01-29,2,0,258,0.0,0.0,0.0,0.0,0.0
2019-01-29,2,0,260,0.0,0.0,0.0,0.0,0.0
2019-01-29,2,0,265,0.0,0.0,0.0,0.0,0.0
2019-01-29,2,0,266,97.0,97.0,0.0,704.21517,0.0
2019-01-29,2,0,267,119.2,119.2,0.0,865.386065,0.0
2019-01-29,2,0,270,85.78,85.78,0.0,1134.259683,0.0
2019-01-29,2,0,272,224.21,224.21,0.0,1170.38027,0.0
2019-01-29,2,0,273,0.0,0.0,0.0,0.0,0.0
2019-01-29,2,0,274,110.58,110.58,0.0,1462.187407,0.0
2019-01-29,2,0,275,153.93,153.93,0.0,2035.399779,0.0
2019-01-29,2,0,276,0.0,0.0,0.0,0.0,0.0
2019-01-29,2,0,277,0.0,0.0,0.0,0.0,0.0
2019-01-29,2,0,278,0.0,0.0,0.0,0.0,0.0
2019-01-29,2,0,279,138.32,138.32,0.0,751.409089,0.0
2019-01-29,2,0,281,6.43,6.43,0.0,43.211082,0.0
2019-01-29,2,0,282,0.0,0.0,0.0,0.0,0.0
2019-01-29,3,0,9,0.0,0.0,0.0,0.0,0.0
2019-01-29,3,0,17,0.0,0.0,0.0,-0.0,0.0
2019-01-29,3,0,19,643.3,643.3,0.0,-234.592146,0.0
2019-01-29,3,0,20,780.2,780.2,0.0,-284.515455,0.0
2019-01-29,3,0,21,0.0,0.0,0.0,0.0,0.0
2019-01-29,3,0,22,0.0,0.0,0.0,0.0,0.0
2019-01-29,3,0,23,34.91,34.91,0.0,226.047391,0.0
2019-01-29,3,0,24,61.76,61.76,0.0,399.905095,0.0
2019-01-29,3,0,29,0.0,0.0,0.0,0.0,0.0
2019-01-29,3,0,30,0.0,0.0,0.0,0.0,0.0
2019-01-29,3,0,31,9.75,9.75,0.0,63.021753,0.0
2019-01-29,3,0,32,0.0,0.0,0.0,0.0,0.0
2019-01-29,3,0,33,0.0,0.0,0.0,0.0,0.0
2019-01-29,3,0,34,0.0,0.0,0.0,0.0,0.0
2019-01-29,3,0,35,0.0,0.0,0.0,0.0,0.0
2019-01-29,3,0,36,0.0,0.0,0.0,0.0,0.0
2019-01-29,3,0,37,0.0,0.0,0.0,0.0,0.0
2019-01-29,3,0,38,0.0,0.0,0.0,0.0,0.0
2019-01-29,3,0,39,0.0,0.0,0.0,0.0,0.0
2019-01-29,3,0,40,0.0,0.0,0.0,0.0,0.0
2019-01-29,3,0,41,116.0,116.0,0.0,819.641603,0.0
2019-01-29,3,0,42,0.0,0.0,0.0,0.0,0.0
2019-01-29,3,0,43,0.0,0.0,0.0,0.0,0.0
2019-01-29,3,0,46,0.0,0.0,0.0,0.0,0.0
2019-01-29,3,0,52,10.33,10.33,0.0,66.770739,0.0
2019-01-29,3,0,53,16.42,16.42,0.0,106.135095,0.0
2019-01-29,3,0,55,139.54,139.54,0.0,903.54205,0.0
2019-01-29,3,0,56,0.0,0.0,0.0,0.0,0.0
2019-01-29,3,0,57,0.0,0.0,0.0,0.0,0.0
2019-01-29,3,0,58,0.0,0.0,0.0,0.0,0.0
2019-01-29,3,0,59,0.0,0.0,0.0,0.0,0.0
2019-01-29,3,0,63,67.85,67.85,0.0,1162.25319,0.0
2019-01-29,3,0,64,79.82,79.82,0.0,1367.296237,0.0
2019-01-29,3,0,65,41.4,41.4,0.0,161.374415,0.0
2019-01-29,3,0,67,0.0,0.0,0.0,0.0,0.0
2019-01-29,3,0,68,2.96,2.96,0.0,19.946357,0.0
2019-01-29,3,0,69,0.0,0.0,0.0,0.0,0.0
2019-01-29,3,0,74,65.28,65.28,0.0,514.536855,0.0
2019-01-29,3,0,77,103.21,103.21,0.0,555.37004,0.0
2019-01-29,3,0,78,78.03,78.03,0.0,419.877185,0.0
2019-01-29,3,0,79,45.15,45.15,0.0,242.950851,0.0
2019-01-29,3,0,80,73.02,73.02,0.0,392.918519,0.0
2019-01-29,3,0,81,95.47,95.47,0.0,513.721323,0.0
2019-01-29,3,0,82,67.35,67.35,0.0,362.408412,0.0
2019-01-29,3,0,83,150.17,150.17,0.0,808.060449,0.0
2019-01-29,3,0,84,0.0,0.0,0.0,0.0,0.0
2019-01-29,3,0,86,0.0,0.0,0.0,0.0,0.0
2019-01-29,3,0,87,0.0,0.0,0.0,0.0,0.0
2019-01-29,3,0,88,127.48,127.48,0.0,685.966212,0.0
2019-01-29,3,0,89,122.55,122.55,0.0,659.438024,0.0
2019-01-29,3,0,90,164.55,164.55,0.0,885.438815,0.0
2019-01-29,3,0,91,586.98,586.98,0.0,3158.522491,0.0
2019-01-29,3,0,92,211.1,211.1,0.0,1135.923026,0.0
2019-01-29,3,0,95,36.0,36.0,0.0,612.251339,0.0
2019-01-29,3,0,96,10.2,10.2,0.0,65.809162,0.0
2019-01-29,3,0,97,62.73,62.73,0.0,404.726346,0.0
2019-01-29,3,0,99,12.6,12.6,0.0,99.31318,0.0
2019-01-29,3,0,101,0.0,0.0,0.0,0.0,0.0
2019-01-29,3,0,102,7.01,7.01,0.0,47.237824,0.0
2019-01-29,3,0,103,6.09,6.09,0.0,41.038281,0.0
2019-01-29,3,0,104,1.13,1.13,0.0,7.614656,0.0
2019-01-29,3,0,106,0.0,0.0,0.0,0.0,0.0
2019-01-29,3,0,109,200.0,200.0,0.0,1492.135773,0.0
2019-01-29,3,0,110,0.0,0.0,0.0,0.0,0.0
2019-01-29,3,0,111,0.0,0.0,0.0,0.0,0.0
2019-01-29,3,0,113,36.12,36.12,0.0,173.008536,0.0
2019-01-29,3,0,115,36.12,36.12,0.0,173.008536,0.0
2019-01-29,3,0,116,0.0,0.0,0.0,0.0,0.0
2019-01-29,3,0,117,1.86,1.86,0.0,8.909077,0.0
2019-01-29,3,0,119,79.82,79.82,0.0,1367.296237,0.0
2019-01-29,3,0,120,46.93,46.93,0.0,803.898927,0.0
2019-01-29,3,0,123,0.0,0.0,0.0,0.0,0.0
2019-01-29,3,0,125,55.89,55.89,0.0,361.895981,0.0
2019-01-29,3,0,126,0.0,0.0,0.0,0.0,0.0
2019-01-29,3,0,127,0.0,0.0,0.0,0.0,0.0
2019-01-29,3,0,128,80.05,80.05,0.0,518.335539,0.0
2019-01-29,3,0,131,10.68,10.68,0.0,67.065692,0.0
2019-01-29,3,0,132,15.69,15.69,0.0,98.526283,0.0
2019-01-29,3,0,133,78.86,78.86,0.0,697.965966,0.0
2019-01-29,3,0,134,0.0,0.0,0.0,0.0,0.0
2019-01-29,3,0,135,105.53,105.53,0.0,934.014055,0.0
2019-01-29,3,0,136,45.9,45.9,0.0,189.656092,0.0
2019-01-29,3,0,139,149.8,149.8,0.0,1058.468208,0.0
2019-01-29,3,0,140,0.0,0.0,0.0,0.0,0.0
2019-01-29,3,0,141,33.16,33.16,0.0,280.453023,0.0
2019-01-29,3,0,142,0.0,0.0,0.0,0.0,0.0
2019-01-29,3,0,143,19.49,19.49,0.0,125.978868,0.0
2019-01-29,3,0,145,27.85,27.85,0.0,190.319601,0.0
2019-01-29,3,0,146,0.0,0.0,0.0,0.0,0.0
2019-01-29,3,0,152,0.0,0.0,0.0,0.0,0.0
2019-01-29,3,0,153,0.0,0.0,0.0,0.0,0.0
2019-01-29,3,0,154,0.0,0.0,0.0,0.0,0.0
2019-01-29,3,0,157,0.0,0.0,0.0,0.0,0.0
2019-01-29,3,0,158,0.0,0.0,0.0,0.0,0.0
2019-01-29,3,0,159,0.0,0.0,0.0,0.0,0.0
2019-01-29,3,0,160,0.0,0.0,0.0,0.0,0.0
2019-01-29,3,0,161,0.0,0.0,0.0,0.0,0.0
2019-01-29,3,0,162,48.75,48.75,0.0,829.382795,0.0
2019-01-29,3,0,163,29.03,29.03,0.0,398.335112,0.0
2019-01-29,3,0,164,0.0,0.0,0.0,0.0,0.0
2019-01-29,3,0,167,0.0,0.0,0.0,0.0,0.0
2019-01-29,3,0,168,0.0,0.0,0.0,0.0,0.0
2019-01-29,3,0,169,0.0,0.0,0.0,0.0,0.0
2019-01-29,3,0,170,0.0,0.0,0.0,0.0,0.0
2019-01-29,3,0,172,0.0,0.0,0.0,0.0,0.0
2019-01-29,3,0,173,0.0,0.0,0.0,0.0,0.0
2019-01-29,3,0,188,0.0,0.0,0.0,0.0,0.0
2019-01-29,3,0,190,0.0,0.0,0.0,0.0,0.0
2019-01-29,3,0,191,0.0,0.0,0.0,0.0,0.0
2019-01-29,3,0,192,27.81,27.81,0.0,476.378205,0.0
2019-01-29,3,0,194,176.5,176.5,0.0,522.224446,0.0
2019-01-29,3,0,196,0.0,0.0,0.0,0.0,0.0
2019-01-29,3,0,198,0.0,0.0,0.0,0.0,0.0
2019-01-29,3,0,199,39.0,39.0,0.0,312.136812,0.0
2019-01-29,3,0,200,0.0,0.0,0.0,0.0,0.0
2019-01-29,3,0,204,857.0,857.0,0.0,6355.945247,0.0
2019-01-29,3,0,205,1058.0,1058.0,0.0,7893.39824,0.0
2019-01-29,3,0,206,184.33,184.33,0.0,1189.274786,0.0
2019-01-29,3,0,210,0.0,0.0,0.0,0.0,0.0
2019-01-29,3,0,214,0.0,0.0,0.0,0.0,0.0
2019-01-29,3,0,217,0.0,0.0,0.0,0.0,0.0
2019-01-29,3,0,218,0.0,0.0,0.0,0.0,0.0
2019-01-29,3,0,219,0.0,0.0,0.0,0.0,0.0
2019-01-29,3,0,221,0.0,0.0,0.0,0.0,0.0
2019-01-29,3,0,225,0.0,0.0,0.0,0.0,0.0
2019-01-29,3,0,233,0.0,0.0,0.0,0.0,0.0
2019-01-29,3,0,236,159.03,159.03,0.0,1285.673846,0.0
2019-01-29,3,0,237,156.6,156.6,0.0,1234.320948,0.0
2019-01-29,3,0,238,0.0,0.0,0.0,0.0,0.0
2019-01-29,3,0,240,0.0,0.0,0.0,0.0,0.0
2019-01-29,3,0,245,78.0,78.0,0.0,581.489882,0.0
2019-01-29,3,0,247,171.72,171.72,0.0,1280.172341,0.0
2019-01-29,3,0,248,15.72,15.72,0.0,123.905015,0.0
2019-01-29,3,0,249,150.0,150.0,0.0,1118.249774,0.0
2019-01-29,3,0,251,326.4,326.4,0.0,1713.734316,0.0
2019-01-29,3,0,252,267.06,267.06,0.0,1040.981912,0.0
2019-01-29,3,0,254,0.0,0.0,0.0,0.0,0.0
2019-01-29,3,0,255,0.0,0.0,0.0,0.0,0.0
2019-01-29,3,0,258,0.0,0.0,0.0,0.0,0.0
2019-01-29,3,0,260,0.0,0.0,0.0,0.0,0.0
2019-01-29,3,0,265,0.0,0.0,0.0,0.0,0.0
2019-01-29,3,0,266,97.0,97.0,0.0,685.389961,0.0
2019-01-29,3,0,267,119.2,119.2,0.0,842.252406,0.0
2019-01-29,3,0,270,90.66,90.66,0.0,1243.991086,0.0
2019-01-29,3,0,272,147.54,147.54,0.0,706.691013,0.0
2019-01-29,3,0,273,0.0,0.0,0.0,0.0,0.0
2019-01-29,3,0,274,116.88,116.88,0.0,1603.768786,0.0
2019-01-29,3,0,275,162.69,162.69,0.0,2232.350648,0.0
2019-01-29,3,0,276,0.0,0.0,0.0,0.0,0.0
2019-01-29,3,0,277,0.0,0.0,0.0,0.0,0.0
2019-01-29,3,0,278,0.0,0.0,0.0,0.0,0.0
2019-01-29,3,0,279,119.28,119.28,0.0,599.599806,0.0
2019-01-29,3,0,281,4.38,4.38,0.0,28.31131,0.0
2019-01-29,3,0,282,0.0,0.0,0.0,0.0,0.0
2019-01-29,4,0,9,0.0,0.0,0.0,0.0,0.0
2019-01-29,4,0,17,0.0,0.0,0.0,0.0,0.0
2019-01-29,4,0,19,0.0,0.0,0.0,0.0,0.0
2019-01-29,4,0,20,0.0,0.0,0.0,0.0,0.0
2019-01-29,4,0,21,0.0,0.0,0.0,0.0,0.0
2019-01-29,4,0,22,0.0,0.0,0.0,0.0,0.0
2019-01-29,4,0,23,31.05,31.05,0.0,236.674854,0.0
2019-01-29,4,0,24,51.32,51.32,0.0,391.180467,0.0
2019-01-29,4,0,29,0.0,0.0,0.0,0.0,0.0
2019-01-29,4,0,30,0.0,0.0,0.0,0.0,0.0
2019-01-29,4,0,31,6.24,6.24,0.0,47.488767,0.0
2019-01-29,4,0,32,0.0,0.0,0.0,0.0,0.0
2019-01-29,4,0,33,0.0,0.0,0.0,0.0,0.0
2019-01-29,4,0,34,0.0,0.0,0.0,0.0,0.0
2019-01-29,4,0,35,0.0,0.0,0.0,0.0,0.0
2019-01-29,4,0,36,0.0,0.0,0.0,0.0,0.0
2019-01-29,4,0,37,0.0,0.0,0.0,0.0,0.0
2019-01-29,4,0,38,0.0,0.0,0.0,0.0,0.0
2019-01-29,4,0,39,0.0,0.0,0.0,0.0,0.0
2019-01-29,4,0,40,0.0,0.0,0.0,0.0,0.0
2019-01-29,4,0,41,116.0,116.0,0.0,957.557321,0.0
2019-01-29,4,0,42,0.0,0.0,0.0,0.0,0.0
2019-01-29,4,0,43,0.0,0.0,0.0,0.0,0.0
2019-01-29,4,0,46,0.0,0.0,0.0,0.0,0.0
2019-01-29,4,0,52,6.61,6.61,0.0,50.304608,0.0
2019-01-29,4,0,53,10.5,10.5,0.0,79.908983,0.0
2019-01-29,4,0,55,116.99,116.99,0.0,891.742067,0.0
2019-01-29,4,0,56,0.0,0.0,0.0,0.0,0.0
2019-01-29,4,0,57,0.0,0.0,0.0,0.0,0.0
2019-01-29,4,0,58,0.0,0.0,0.0,0.0,0.0
2019-01-29,4,0,59,0.0,0.0,0.0,0.0,0.0
2019-01-29,4,0,63,62.15,62.15,0.0,1092.529246,0.0
2019-01-29,4,0,64,73.12,73.12,0.0,1285.369886,0.0
2019-01-29,4,0,65,41.4,41.4,0.0,397.225283,0.0
2019-01-29,4,0,67,0.0,0.0,0.0,0.0,0.0
2019-01-29,4,0,68,2.68,2.68,0.0,20.761829,0.0
2019-01-29,4,0,69,0.0,0.0,0.0,0.0,0.0
2019-01-29,4,0,74,65.28,65.28,0.0,598.24022,0.0
2019-01-29,4,0,77,99.02,99.02,0.0,640.70888,0.0
2019-01-29,4,0,78,74.86,74.86,0.0,484.381607,0.0
2019-01-29,4,0,79,43.32,43.32,0.0,280.302047,0.0
2019-01-29,4,0,80,70.06,70.06,0.0,453.323209,0.0
2019-01-29,4,0,81,91.59,91.59,0.0,592.633067,0.0
2019-01-29,4,0,82,64.61,64.61,0.0,418.058985,0.0
2019-01-29,4,0,83,144.08,144.08,0.0,932.269596,0.0
2019-01-29,4,0,84,0.0,0.0,0.0,0.0,0.0
2019-01-29,4,0,86,0.0,0.0,0.0,0.0,0.0
2019-01-29,4,0,87,0.0,0.0,0.0,0.0,0.0
2019-01-29,4,0,88,118.25,118.25,0.0,765.136589,0.0
2019-01-29,4,0,89,113.68,113.68,0.0,735.566406,0.0
2019-01-29,4,0,90,152.64,152.64,0.0,987.657074,0.0
2019-01-29,4,0,91,544.48,544.48,0.0,3523.057675,0.0
2019-01-29,4,0,92,195.82,195.82,0.0,1267.053251,0.0
2019-01-29,4,0,95,84.17,84.17,0.0,1469.271025,0.0
2019-01-29,4,0,96,9.27,9.27,0.0,70.431968,0.0
2019-01-29,4,0,97,57.01,57.01,0.0,433.152804,0.0
2019-01-29,4,0,99,12.6,12.6,0.0,115.46916,0.0
2019-01-29,4,0,101,0.0,0.0,0.0,0.0,0.0
2019-01-29,4,0,102,6.35,6.35,0.0,49.19314,0.0
2019-01-29,4,0,103,5.53,5.53,0.0,42.84064,0.0
2019-01-29,4,0,104,1.03,1.03,0.0,7.97936,0.0
2019-01-29,4,0,106,0.0,0.0,0.0,0.0,0.0
2019-01-29,4,0,109,200.0,200.0,0.0,1730.844982,0.0
2019-01-29,4,0,110,0.0,0.0,0.0,0.0,0.0
2019-01-29,4,0,111,0.0,0.0,0.0,0.0,0.0
2019-01-29,4,0,113,16.81,16.81,0.0,98.936247,0.0
2019-01-29,4,0,115,16.81,16.81,0.0,98.936247,0.0
2019-01-29,4,0,116,0.0,0.0,0.0,0.0,0.0
2019-01-29,4,0,117,1.12,1.12,0.0,6.591826,0.0
2019-01-29,4,0,119,73.12,73.12,0.0,1285.369886,0.0
2019-01-29,4,0,120,42.99,42.99,0.0,755.717333,0.0
2019-01-29,4,0,123,0.0,0.0,0.0,0.0,0.0
2019-01-29,4,0,125,47.09,47.09,0.0,358.937806,0.0
2019-01-29,4,0,126,0.0,0.0,0.0,0.0,0.0
2019-01-29,4,0,127,0.0,0.0,0.0,0.0,0.0
2019-01-29,4,0,128,63.95,63.95,0.0,487.451109,0.0
2019-01-29,4,0,131,9.91,9.91,0.0,72.468721,0.0
2019-01-29,4,0,132,14.57,14.57,0.0,106.54584,0.0
2019-01-29,4,0,133,0.0,0.0,0.0,0.0,0.0
2019-01-29,4,0,134,0.0,0.0,0.0,0.0,0.0
2019-01-29,4,0,135,0.0,0.0,0.0,0.0,0.0
2019-01-29,4,0,136,45.9,45.9,0.0,440.363233,0.0
2019-01-29,4,0,139,149.8,149.8,0.0,1236.569713,0.0
2019-01-29,4,0,140,0.0,0.0,0.0,0.0,0.0
2019-01-29,4,0,141,28.56,28.56,0.0,267.6926,0.0
2019-01-29,4,0,142,0.0,0.0,0.0,0.0,0.0
2019-01-29,4,0,143,13.38,13.38,0.0,101.826876,0.0
2019-01-29,4,0,145,25.26,25.26,0.0,202.028913,0.0
2019-01-29,4,0,146,0.0,0.0,0.0,0.0,0.0
2019-01-29,4,0,152,0.0,0.0,0.0,0.0,0.0
2019-01-29,4,0,153,0.0,0.0,0.0,0.0,0.0
2019-01-29,4,0,154,0.0,0.0,0.0,0.0,0.0
2019-01-29,4,0,157,10.53,10.53,0.0,98.697587,0.0
2019-01-29,4,0,158,0.0,0.0,0.0,0.0,0.0
2019-01-29,4,0,159,0.0,0.0,0.0,0.0,0.0
2019-01-29,4,0,160,0.0,0.0,0.0,0.0,0.0
2019-01-29,4,0,161,0.0,0.0,0.0,0.0,0.0
2019-01-29,4,0,162,43.62,43.62,0.0,761.683643,0.0
2019-01-29,4,0,163,31.0,31.0,0.0,444.925593,0.0
2019-01-29,4,0,164,0.0,0.0,0.0,0.0,0.0
2019-01-29,4,0,167,0.0,0.0,0.0,0.0,0.0
2019-01-29,4,0,168,0.0,0.0,0.0,0.0,0.0
2019-01-29,4,0,169,0.0,0.0,0.0,0.0,0.0
2019-01-29,4,0,170,0.0,0.0,0.0,0.0,0.0
2019-01-29,4,0,172,0.0,0.0,0.0,0.0,0.0
2019-01-29,4,0,173,0.0,0.0,0.0,0.0,0.0
2019-01-29,4,0,188,0.0,0.0,0.0,0.0,0.0
2019-01-29,4,0,190,0.0,0.0,0.0,0.0,0.0
2019-01-29,4,0,191,0.0,0.0,0.0,0.0,0.0
2019-01-29,4,0,192,22.3,22.3,0.0,392.009689,0.0
2019-01-29,4,0,194,176.29,176.29,0.0,727.980423,0.0
2019-01-29,4,0,196,0.0,0.0,0.0,0.0,0.0
2019-01-29,4,0,198,0.0,0.0,0.0,0.0,0.0
2019-01-29,4,0,199,39.0,39.0,0.0,343.907872,0.0
2019-01-29,4,0,200,0.0,0.0,0.0,0.0,0.0
2019-01-29,4,0,204,857.0,857.0,0.0,7373.243995,0.0
2019-01-29,4,0,205,1058.0,1058.0,0.0,9156.169952,0.0
2019-01-29,4,0,206,167.51,167.51,0.0,1272.714018,0.0
2019-01-29,4,0,210,0.0,0.0,0.0,0.0,0.0
2019-01-29,4,0,214,0.0,0.0,0.0,0.0,0.0
2019-01-29,4,0,217,0.0,0.0,0.0,0.0,0.0
2019-01-29,4,0,218,0.0,0.0,0.0,0.0,0.0
2019-01-29,4,0,219,0.0,0.0,0.0,0.0,0.0
2019-01-29,4,0,221,0.0,0.0,0.0,0.0,0.0
2019-01-29,4,0,225,0.0,0.0,0.0,0.0,0.0
2019-01-29,4,0,233,0.0,0.0,0.0,0.0,0.0
2019-01-29,4,0,236,159.03,159.03,0.0,1494.834126,0.0
2019-01-29,4,0,237,156.6,156.6,0.0,1435.116705,0.0
2019-01-29,4,0,238,0.0,0.0,0.0,0.0,0.0
2019-01-29,4,0,240,0.0,0.0,0.0,0.0,0.0
2019-01-29,4,0,245,0.0,0.0,0.0,0.0,0.0
2019-01-29,4,0,247,0.0,0.0,0.0,0.0,0.0
2019-01-29,4,0,248,15.72,15.72,0.0,144.061524,0.0
2019-01-29,4,0,249,0.0,0.0,0.0,0.0,0.0
2019-01-29,4,0,251,326.4,326.4,0.0,3123.51437,0.0
2019-01-29,4,0,252,267.06,267.06,0.0,2562.390918,0.0
2019-01-29,4,0,254,0.0,0.0,0.0,0.0,0.0
2019-01-29,4,0,255,0.0,0.0,0.0,0.0,0.0
2019-01-29,4,0,258,0.0,0.0,0.0,0.0,0.0
2019-01-29,4,0,260,0.0,0.0,0.0,0.0,0.0
2019-01-29,4,0,265,0.0,0.0,0.0,0.0,0.0
2019-01-29,4,0,266,97.0,97.0,0.0,800.716036,0.0
2019-01-29,4,0,267,119.2,119.2,0.0,983.972696,0.0
2019-01-29,4,0,270,96.82,96.82,0.0,1389.603096,0.0
2019-01-29,4,0,272,56.19,56.19,0.0,330.70956,0.0
2019-01-29,4,0,273,0.0,0.0,0.0,0.0,0.0
2019-01-29,4,0,274,124.82,124.82,0.0,1791.471374,0.0
2019-01-29,4,0,275,173.75,173.75,0.0,2493.736189,0.0
2019-01-29,4,0,276,0.0,0.0,0.0,0.0,0.0
2019-01-29,4,0,277,0.0,0.0,0.0,0.0,0.0
2019-01-29,4,0,278,0.0,0.0,0.0,0.0,0.0
2019-01-29,4,0,279,102.72,102.72,0.0,628.653709,0.0
2019-01-29,4,0,281,2.8,2.8,0.0,21.309062,0.0
2019-01-29,4,0,282,0.0,0.0,0.0,0.0,0.0
2019-01-29,5,0,9,0.0,0.0,0.0,0.0,0.0
2019-01-29,5,0,17,0.0,0.0,0.0,0.0,0.0
2019-01-29,5,0,19,0.0,0.0,0.0,0.0,0.0
2019-01-29,5,0,20,0.0,0.0,0.0,0.0,0.0
2019-01-29,5,0,21,0.0,0.0,0.0,0.0,0.0
2019-01-29,5,0,22,0.0,0.0,0.0,0.0,0.0
2019-01-29,5,0,23,19.95,19.95,0.0,155.687775,0.0
2019-01-29,5,0,24,35.3,35.3,0.0,275.477618,0.0
2019-01-29,5,0,29,0.0,0.0,0.0,0.0,0.0
2019-01-29,5,0,30,0.0,0.0,0.0,0.0,0.0
2019-01-29,5,0,31,4.61,4.61,0.0,35.907529,0.0
2019-01-29,5,0,32,0.0,0.0,0.0,0.0,0.0
2019-01-29,5,0,33,0.0,0.0,0.0,0.0,0.0
2019-01-29,5,0,34,0.0,0.0,0.0,0.0,0.0
2019-01-29,5,0,35,0.0,0.0,0.0,0.0,0.0
2019-01-29,5,0,36,0.0,0.0,0.0,0.0,0.0
2019-01-29,5,0,37,0.0,0.0,0.0,0.0,0.0
2019-01-29,5,0,38,0.0,0.0,0.0,0.0,0.0
2019-01-29,5,0,39,0.0,0.0,0.0,0.0,0.0
2019-01-29,5,0,40,0.0,0.0,0.0,0.0,0.0
2019-01-29,5,0,41,116.0,116.0,0.0,997.274235,0.0
2019-01-29,5,0,42,0.0,0.0,0.0,0.0,0.0
2019-01-29,5,0,43,0.0,0.0,0.0,0.0,0.0
2019-01-29,5,0,46,0.0,0.0,0.0,0.0,0.0
2019-01-29,5,0,52,4.89,4.89,0.0,38.088464,0.0
2019-01-29,5,0,53,7.77,7.77,0.0,60.520933,0.0
2019-01-29,5,0,55,38.78,38.78,0.0,302.635184,0.0
2019-01-29,5,0,56,0.0,0.0,0.0,0.0,0.0
2019-01-29,5,0,57,0.0,0.0,0.0,0.0,0.0
2019-01-29,5,0,58,0.0,0.0,0.0,0.0,0.0
2019-01-29,5,0,59,0.0,0.0,0.0,0.0,0.0
2019-01-29,5,0,63,37.54,37.54,0.0,691.310775,0.0
2019-01-29,5,0,64,44.17,44.17,0.0,813.404286,0.0
2019-01-29,5,0,65,41.4,41.4,0.0,429.752702,0.0
2019-01-29,5,0,67,0.0,0.0,0.0,0.0,0.0
2019-01-29,5,0,68,1.9,1.9,0.0,14.73092,0.0
2019-01-29,5,0,69,0.0,0.0,0.0,0.0,0.0
2019-01-29,5,0,74,65.28,65.28,0.0,638.132614,0.0
2019-01-29,5,0,77,64.59,64.59,0.0,412.150699,0.0
2019-01-29,5,0,78,48.83,48.83,0.0,311.585673,0.0
2019-01-29,5,0,79,28.26,28.26,0.0,180.327895,0.0
2019-01-29,5,0,80,45.7,45.7,0.0,291.613051,0.0
2019-01-29,5,0,81,59.75,59.75,0.0,381.266516,0.0
2019-01-29,5,0,82,42.15,42.15,0.0,268.960396,0.0
2019-01-29,5,0,83,93.98,93.98,0.0,599.689158,0.0
2019-01-29,5,0,84,0.0,0.0,0.0,0.0,0.0
2019-01-29,5,0,86,0.0,0.0,0.0,0.0,0.0
2019-01-29,5,0,87,0.0,0.0,0.0,0.0,0.0
2019-01-29,5,0,88,69.52,69.52,0.0,443.609175,0.0
2019-01-29,5,0,89,66.83,66.83,0.0,426.444205,0.0
2019-01-29,5,0,90,89.73,89.73,0.0,572.569782,0.0
2019-01-29,5,0,91,320.08,320.08,0.0,2042.43994,0.0
2019-01-29,5,0,92,115.11,115.11,0.0,734.520312,0.0
2019-01-29,5,0,95,36.0,36.0,0.0,657.789999,0.0
2019-01-29,5,0,96,5.7,5.7,0.0,44.309154,0.0
2019-01-29,5,0,97,35.08,35.08,0.0,272.695633,0.0
2019-01-29,5,0,99,12.6,12.6,0.0,123.168979,0.0
2019-01-29,5,0,101,0.0,0.0,0.0,0.0,0.0
2019-01-29,5,0,102,4.49,4.49,0.0,34.811491,0.0
2019-01-29,5,0,103,3.91,3.91,0.0,30.314683,0.0
2019-01-29,5,0,104,0.73,0.73,0.0,5.659775,0.0
2019-01-29,5,0,106,0.0,0.0,0.0,0.0,0.0
2019-01-29,5,0,109,200.0,200.0,0.0,1814.42409,0.0
2019-01-29,5,0,110,0.0,0.0,0.0,0.0,0.0
2019-01-29,5,0,111,0.0,0.0,0.0,0.0,0.0
2019-01-29,5,0,113,24.51,24.51,0.0,139.916231,0.0
2019-01-29,5,0,115,24.51,24.51,0.0,139.916231,0.0
2019-01-29,5,0,116,0.0,0.0,0.0,0.0,0.0
2019-01-29,5,0,117,1.18,1.18,0.0,6.736073,0.0
2019-01-29,5,0,119,44.17,44.17,0.0,813.404286,0.0
2019-01-29,5,0,120,25.97,25.97,0.0,478.245626,0.0
2019-01-29,5,0,123,0.0,0.0,0.0,0.0,0.0
2019-01-29,5,0,125,31.94,31.94,0.0,249.256519,0.0
2019-01-29,5,0,126,0.0,0.0,0.0,0.0,0.0
2019-01-29,5,0,127,0.0,0.0,0.0,0.0,0.0
2019-01-29,5,0,128,45.75,45.75,0.0,357.028357,0.0
2019-01-29,5,0,131,7.01,7.01,0.0,51.049202,0.0
2019-01-29,5,0,132,10.31,10.31,0.0,75.080923,0.0
2019-01-29,5,0,133,0.0,0.0,0.0,0.0,0.0
2019-01-29,5,0,134,0.0,0.0,0.0,0.0,0.0
2019-01-29,5,0,135,0.0,0.0,0.0,0.0,0.0
2019-01-29,5,0,136,45.9,45.9,0.0,476.409909,0.0
2019-01-29,5,0,139,149.8,149.8,0.0,1287.859314,0.0
2019-01-29,5,0,140,0.0,0.0,0.0,0.0,0.0
2019-01-29,5,0,141,19.78,19.78,0.0,188.223824,0.0
2019-01-29,5,0,142,0.0,0.0,0.0,0.0,0.0
2019-01-29,5,0,143,18.89,18.89,0.0,147.13519,0.0
2019-01-29,5,0,145,14.49,14.49,0.0,119.769712,0.0
2019-01-29,5,0,146,5.82,5.82,0.0,86.799283,0.0
2019-01-29,5,0,152,0.0,0.0,0.0,0.0,0.0
2019-01-29,5,0,153,0.0,0.0,0.0,0.0,0.0
2019-01-29,5,0,154,0.0,0.0,0.0,0.0,0.0
2019-01-29,5,0,157,16.2,16.2,0.0,154.157025,0.0
2019-01-29,5,0,158,0.0,0.0,0.0,0.0,0.0
2019-01-29,5,0,159,0.0,0.0,0.0,0.0,0.0
2019-01-29,5,0,160,0.0,0.0,0.0,0.0,0.0
2019-01-29,5,0,161,0.0,0.0,0.0,0.0,0.0
2019-01-29,5,0,162,22.9,22.9,0.0,418.576045,0.0
2019-01-29,5,0,163,20.74,20.74,0.0,309.315656,0.0
2019-01-29,5,0,164,0.0,0.0,0.0,0.0,0.0
2019-01-29,5,0,167,0.0,0.0,0.0,0.0,0.0
2019-01-29,5,0,168,0.0,0.0,0.0,0.0,0.0
2019-01-29,5,0,169,0.0,0.0,0.0,0.0,0.0
2019-01-29,5,0,170,0.0,0.0,0.0,0.0,0.0
2019-01-29,5,0,172,0.0,0.0,0.0,0.0,0.0
2019-01-29,5,0,173,0.0,0.0,0.0,0.0,0.0
2019-01-29,5,0,188,0.0,0.0,0.0,0.0,0.0
2019-01-29,5,0,190,0.0,0.0,0.0,0.0,0.0
2019-01-29,5,0,191,0.0,0.0,0.0,0.0,0.0
2019-01-29,5,0,192,8.56,8.56,0.0,157.635062,0.0
2019-01-29,5,0,194,104.65,104.65,0.0,394.42342,0.0
2019-01-29,5,0,196,0.0,0.0,0.0,0.0,0.0
2019-01-29,5,0,198,0.0,0.0,0.0,0.0,0.0
2019-01-29,5,0,199,39.0,39.0,0.0,340.375726,0.0
2019-01-29,5,0,200,0.0,0.0,0.0,0.0,0.0
2019-01-29,5,0,204,857.0,857.0,0.0,7716.895153,0.0
2019-01-29,5,0,205,1058.0,1058.0,0.0,9598.303435,0.0
2019-01-29,5,0,206,103.08,103.08,0.0,801.296062,0.0
2019-01-29,5,0,210,0.0,0.0,0.0,0.0,0.0
2019-01-29,5,0,214,0.0,0.0,0.0,0.0,0.0
2019-01-29,5,0,217,0.0,0.0,0.0,0.0,0.0
2019-01-29,5,0,218,0.0,0.0,0.0,0.0,0.0
2019-01-29,5,0,219,0.0,0.0,0.0,0.0,0.0
2019-01-29,5,0,221,0.0,0.0,0.0,0.0,0.0
2019-01-29,5,0,225,0.0,0.0,0.0,0.0,0.0
2019-01-29,5,0,233,0.0,0.0,0.0,0.0,0.0
2019-01-29,5,0,236,159.03,159.03,0.0,1606.51718,0.0
2019-01-29,5,0,237,156.6,156.6,0.0,1530.81445,0.0
2019-01-29,5,0,238,0.0,0.0,0.0,0.0,0.0
2019-01-29,5,0,240,0.0,0.0,0.0,0.0,0.0
2019-01-29,5,0,245,0.0,0.0,0.0,0.0,0.0
2019-01-29,5,0,247,171.72,171.72,0.0,1800.084425,0.0
2019-01-29,5,0,248,15.72,15.72,0.0,153.667964,0.0
2019-01-29,5,0,249,0.0,0.0,0.0,0.0,0.0
2019-01-29,5,0,251,326.4,326.4,0.0,3376.489012,0.0
2019-01-29,5,0,252,267.06,267.06,0.0,2772.216344,0.0
2019-01-29,5,0,254,0.0,0.0,0.0,0.0,0.0
2019-01-29,5,0,255,0.0,0.0,0.0,0.0,0.0
2019-01-29,5,0,258,0.0,0.0,0.0,0.0,0.0
2019-01-29,5,0,260,0.0,0.0,0.0,0.0,0.0
2019-01-29,5,0,265,0.0,0.0,0.0,0.0,0.0
2019-01-29,5,0,266,97.0,97.0,0.0,833.927593,0.0
2019-01-29,5,0,267,119.2,119.2,0.0,1024.785248,0.0
2019-01-29,5,0,270,64.76,64.76,0.0,965.828443,0.0
2019-01-29,5,0,272,84.25,84.25,0.0,480.944204,0.0
2019-01-29,5,0,273,0.0,0.0,0.0,0.0,0.0
2019-01-29,5,0,274,83.49,83.49,0.0,1245.167028,0.0
2019-01-29,5,0,275,116.22,116.22,0.0,1733.301137,0.0
2019-01-29,5,0,276,0.0,0.0,0.0,0.0,0.0
2019-01-29,5,0,277,0.0,0.0,0.0,0.0,0.0
2019-01-29,5,0,278,0.0,0.0,0.0,0.0,0.0
2019-01-29,5,0,279,63.22,63.22,0.0,377.938633,0.0
2019-01-29,5,0,281,2.07,2.07,0.0,16.123337,0.0
2019-01-29,5,0,282,0.0,0.0,0.0,0.0,0.0
2019-01-29,6,0,9,0.0,0.0,0.0,0.0,0.0
2019-01-29,6,0,17,0.0,0.0,0.0,0.0,0.0
2019-01-29,6,0,19,0.0,0.0,0.0,0.0,0.0
2019-01-29,6,0,20,0.0,0.0,0.0,0.0,0.0
2019-01-29,6,0,21,0.0,0.0,0.0,0.0,0.0
2019-01-29,6,0,22,0.0,0.0,0.0,0.0,0.0
2019-01-29,6,0,23,12.88,12.88,0.0,159.885282,0.0
2019-01-29,6,0,24,22.79,22.79,0.0,282.902608,0.0
2019-01-29,6,0,29,0.0,0.0,0.0,0.0,0.0
2019-01-29,6,0,30,0.0,0.0,0.0,0.0,0.0
2019-01-29,6,0,31,3.73,3.73,0.0,46.277606,0.0
2019-01-29,6,0,32,0.0,0.0,0.0,0.0,0.0
2019-01-29,6,0,33,0.0,0.0,0.0,0.0,0.0
2019-01-29,6,0,34,0.0,0.0,0.0,0.0,0.0
2019-01-29,6,0,35,0.0,0.0,0.0,0.0,0.0
2019-01-29,6,0,36,0.0,0.0,0.0,0.0,0.0
2019-01-29,6,0,37,0.0,0.0,0.0,0.0,0.0
2019-01-29,6,0,38,0.0,0.0,0.0,0.0,0.0
2019-01-29,6,0,39,0.0,0.0,0.0,0.0,0.0
2019-01-29,6,0,40,0.0,0.0,0.0,0.0,0.0
2019-01-29,6,0,41,99.68,99.68,0.0,1274.016121,0.0
2019-01-29,6,0,42,0.0,0.0,0.0,0.0,0.0
2019-01-29,6,0,43,0.0,0.0,0.0,0.0,0.0
2019-01-29,6,0,46,0.0,0.0,0.0,0.0,0.0
2019-01-29,6,0,52,3.95,3.95,0.0,49.007117,0.0
2019-01-29,6,0,53,6.27,6.27,0.0,77.791043,0.0
2019-01-29,6,0,55,8.83,8.83,0.0,109.610795,0.0
2019-01-29,6,0,56,0.0,0.0,0.0,0.0,0.0
2019-01-29,6,0,57,0.0,0.0,0.0,0.0,0.0
2019-01-29,6,0,58,0.0,0.0,0.0,0.0,0.0
2019-01-29,6,0,59,0.0,0.0,0.0,0.0,0.0
2019-01-29,6,0,63,24.01,24.01,0.0,609.271795,0.0
2019-01-29,6,0,64,28.24,28.24,0.0,716.611224,0.0
2019-01-29,6,0,65,41.4,41.4,0.0,569.379626,0.0
2019-01-29,6,0,67,0.0,0.0,0.0,0.0,0.0
2019-01-29,6,0,68,1.53,1.53,0.0,20.485061,0.0
2019-01-29,6,0,69,0.0,0.0,0.0,0.0,0.0
2019-01-29,6,0,74,65.28,65.28,0.0,873.457151,0.0
2019-01-29,6,0,77,45.85,45.85,0.0,540.360775,0.0
2019-01-29,6,0,78,34.67,34.67,0.0,408.599958,0.0
2019-01-29,6,0,79,20.06,20.06,0.0,236.415205,0.0
2019-01-29,6,0,80,32.44,32.44,0.0,382.318507,0.0
2019-01-29,6,0,81,42.42,42.42,0.0,499.936839,0.0
2019-01-29,6,0,82,29.92,29.92,0.0,352.619288,0.0
2019-01-29,6,0,83,66.72,66.72,0.0,786.322157,0.0
2019-01-29,6,0,84,0.0,0.0,0.0,0.0,0.0
2019-01-29,6,0,86,0.0,0.0,0.0,0.0,0.0
2019-01-29,6,0,87,0.0,0.0,0.0,0.0,0.0
2019-01-29,6,0,88,41.64,41.64,0.0,490.744224,0.0
2019-01-29,6,0,89,40.03,40.03,0.0,471.769723,0.0
2019-01-29,6,0,90,53.74,53.74,0.0,633.347612,0.0
2019-01-29,6,0,91,191.72,191.72,0.0,2259.49766,0.0
2019-01-29,6,0,92,68.95,68.95,0.0,812.603607,0.0
2019-01-29,6,0,95,22.39,22.39,0.0,569.012596,0.0
2019-01-29,6,0,96,3.97,3.97,0.0,49.227917,0.0
2019-01-29,6,0,97,24.42,24.42,0.0,302.807491,0.0
2019-01-29,6,0,99,12.6,12.6,0.0,168.590075,0.0
2019-01-29,6,0,101,0.0,0.0,0.0,0.0,0.0
2019-01-29,6,0,102,3.62,3.62,0.0,48.467921,0.0
2019-01-29,6,0,103,3.15,3.15,0.0,42.175125,0.0
2019-01-29,6,0,104,0.59,0.59,0.0,7.899468,0.0
2019-01-29,6,0,106,0.0,0.0,0.0,0.0,0.0
2019-01-29,6,0,109,200.0,200.0,0.0,2592.806977,0.0
2019-01-29,6,0,110,9.23,9.23,0.0,197.69511,0.0
2019-01-29,6,0,111,0.0,0.0,0.0,0.0,0.0
2019-01-29,6,0,113,21.7,21.7,0.0,244.006961,0.0
2019-01-29,6,0,115,21.7,21.7,0.0,244.006961,0.0
2019-01-29,6,0,116,0.0,0.0,0.0,0.0,0.0
2019-01-29,6,0,117,0.86,0.86,0.0,9.670322,0.0
2019-01-29,6,0,119,28.24,28.24,0.0,716.611224,0.0
2019-01-29,6,0,120,16.61,16.61,0.0,421.491234,0.0
2019-01-29,6,0,123,0.0,0.0,0.0,0.0,0.0
2019-01-29,6,0,125,20.63,20.63,0.0,256.089548,0.0
2019-01-29,6,0,126,0.0,0.0,0.0,0.0,0.0
2019-01-29,6,0,127,0.0,0.0,0.0,0.0,0.0
2019-01-29,6,0,128,29.54,29.54,0.0,366.693419,0.0
2019-01-29,6,0,131,5.4,5.4,0.0,69.449526,0.0
2019-01-29,6,0,132,7.94,7.94,0.0,102.116525,0.0
2019-01-29,6,0,133,0.0,0.0,0.0,0.0,0.0
2019-01-29,6,0,134,0.0,0.0,0.0,0.0,0.0
2019-01-29,6,0,135,0.0,0.0,0.0,0.0,0.0
2019-01-29,6,0,136,45.9,45.9,0.0,631.233985,0.0
2019-01-29,6,0,139,128.72,128.72,0.0,1645.17812,0.0
2019-01-29,6,0,140,6.83,6.83,0.0,146.290098,0.0
2019-01-29,6,0,141,19.22,19.22,0.0,295.326637,0.0
2019-01-29,6,0,142,0.0,0.0,0.0,0.0,0.0
2019-01-29,6,0,143,27.18,27.18,0.0,337.218589,0.0
2019-01-29,6,0,145,8.51,8.51,0.0,107.346284,0.0
2019-01-29,6,0,146,17.43,17.43,0.0,373.328902,0.0
2019-01-29,6,0,152,0.0,0.0,0.0,0.0,0.0
2019-01-29,6,0,153,0.0,0.0,0.0,0.0,0.0
2019-01-29,6,0,154,0.0,0.0,0.0,0.0,0.0
2019-01-29,6,0,157,28.01,28.01,0.0,430.390171,0.0
2019-01-29,6,0,158,0.0,0.0,0.0,0.0,0.0
2019-01-29,6,0,159,0.0,0.0,0.0,0.0,0.0
2019-01-29,6,0,160,0.0,0.0,0.0,0.0,0.0
2019-01-29,6,0,161,0.0,0.0,0.0,0.0,0.0
2019-01-29,6,0,162,11.04,11.04,0.0,280.605681,0.0
2019-01-29,6,0,163,17.05,17.05,0.0,365.189775,0.0
2019-01-29,6,0,164,0.0,0.0,0.0,0.0,0.0
2019-01-29,6,0,167,0.0,0.0,0.0,0.0,0.0
2019-01-29,6,0,168,0.0,0.0,0.0,0.0,0.0
2019-01-29,6,0,169,0.0,0.0,0.0,0.0,0.0
2019-01-29,6,0,170,0.0,0.0,0.0,0.0,0.0
2019-01-29,6,0,172,0.0,0.0,0.0,0.0,0.0
2019-01-29,6,0,173,0.0,0.0,0.0,0.0,0.0
2019-01-29,6,0,188,0.0,0.0,0.0,0.0,0.0
2019-01-29,6,0,190,0.0,0.0,0.0,0.0,0.0
2019-01-29,6,0,191,0.0,0.0,0.0,0.0,0.0
2019-01-29,6,0,192,0.0,0.0,0.0,0.0,0.0
2019-01-29,6,0,194,61.9,61.9,0.0,573.726593,0.0
2019-01-29,6,0,196,0.0,0.0,0.0,0.0,0.0
2019-01-29,6,0,198,0.0,0.0,0.0,0.0,0.0
2019-01-29,6,0,199,37.26,37.26,0.0,429.189788,0.0
2019-01-29,6,0,200,0.0,0.0,0.0,0.0,0.0
2019-01-29,6,0,204,857.0,857.0,0.0,11078.450916,0.0
2019-01-29,6,0,205,1058.0,1058.0,0.0,13715.94891,0.0
2019-01-29,6,0,206,71.76,71.76,0.0,889.822504,0.0
2019-01-29,6,0,210,0.0,0.0,0.0,0.0,0.0
2019-01-29,6,0,214,0.0,0.0,0.0,0.0,0.0
2019-01-29,6,0,217,0.0,0.0,0.0,0.0,0.0
2019-01-29,6,0,218,0.0,0.0,0.0,0.0,0.0
2019-01-29,6,0,219,0.0,0.0,0.0,0.0,0.0
2019-01-29,6,0,221,0.0,0.0,0.0,0.0,0.0
2019-01-29,6,0,225,0.0,0.0,0.0,0.0,0.0
2019-01-29,6,0,233,0.0,0.0,0.0,0.0,0.0
2019-01-29,6,0,236,159.03,159.03,0.0,2158.995228,0.0
2019-01-29,6,0,237,156.6,156.6,0.0,2095.333791,0.0
2019-01-29,6,0,238,0.0,0.0,0.0,0.0,0.0
2019-01-29,6,0,240,0.0,0.0,0.0,0.0,0.0
2019-01-29,6,0,245,0.0,0.0,0.0,0.0,0.0
2019-01-29,6,0,247,171.72,171.72,0.0,2372.757826,0.0
2019-01-29,6,0,248,15.72,15.72,0.0,210.336189,0.0
2019-01-29,6,0,249,0.0,0.0,0.0,0.0,0.0
2019-01-29,6,0,251,326.4,326.4,0.0,4481.635834,0.0
2019-01-29,6,0,252,267.06,267.06,0.0,3672.911181,0.0
2019-01-29,6,0,254,0.0,0.0,0.0,0.0,0.0
2019-01-29,6,0,255,0.0,0.0,0.0,0.0,0.0
2019-01-29,6,0,258,0.0,0.0,0.0,0.0,0.0
2019-01-29,6,0,260,0.0,0.0,0.0,0.0,0.0
2019-01-29,6,0,265,0.0,0.0,0.0,0.0,0.0
2019-01-29,6,0,266,83.35,83.35,0.0,1065.301401,0.0
2019-01-29,6,0,267,102.43,102.43,0.0,1309.164037,0.0
2019-01-29,6,0,270,53.25,53.25,0.0,1140.548712,0.0
2019-01-29,6,0,272,76.59,76.59,0.0,861.220882,0.0
2019-01-29,6,0,273,0.0,0.0,0.0,0.0,0.0
2019-01-29,6,0,274,68.64,68.64,0.0,1470.183354,0.0
2019-01-29,6,0,275,95.55,95.55,0.0,2046.562055,0.0
2019-01-29,6,0,276,0.0,0.0,0.0,0.0,0.0
2019-01-29,6,0,277,0.0,0.0,0.0,0.0,0.0
2019-01-29,6,0,278,0.0,0.0,0.0,0.0,0.0
2019-01-29,6,0,279,42.67,42.67,0.0,489.057654,0.0
2019-01-29,6,0,281,1.68,1.68,0.0,20.843533,0.0
2019-01-29,6,0,282,0.0,0.0,0.0,0.0,0.0
2019-01-29,7,0,9,0.0,0.0,0.0,0.0,0.0
2019-01-29,7,0,17,0.0,0.0,0.0,0.0,0.0
2019-01-29,7,0,19,0.0,0.0,0.0,0.0,0.0
2019-01-29,7,0,20,0.0,0.0,0.0,0.0,0.0
2019-01-29,7,0,21,0.0,0.0,0.0,0.0,0.0
2019-01-29,7,0,22,0.0,0.0,0.0,0.0,0.0
2019-01-29,7,0,23,11.32,11.32,0.0,195.725361,0.0
2019-01-29,7,0,24,20.03,20.03,0.0,346.323231,0.0
2019-01-29,7,0,29,0.0,0.0,0.0,0.0,0.0
2019-01-29,7,0,30,0.0,0.0,0.0,0.0,0.0
2019-01-29,7,0,31,8.58,8.58,0.0,148.439915,0.0
2019-01-29,7,0,32,0.0,0.0,0.0,0.0,0.0
2019-01-29,7,0,33,0.0,0.0,0.0,0.0,0.0
2019-01-29,7,0,34,0.0,0.0,0.0,0.0,0.0
2019-01-29,7,0,35,0.0,0.0,0.0,0.0,0.0
2019-01-29,7,0,36,0.0,0.0,0.0,0.0,0.0
2019-01-29,7,0,37,0.0,0.0,0.0,0.0,0.0
2019-01-29,7,0,38,0.0,0.0,0.0,0.0,0.0
2019-01-29,7,0,39,0.0,0.0,0.0,0.0,0.0
2019-01-29,7,0,40,0.0,0.0,0.0,0.0,0.0
2019-01-29,7,0,41,45.05,45.05,0.0,754.959535,0.0
2019-01-29,7,0,42,0.0,0.0,0.0,0.0,0.0
2019-01-29,7,0,43,0.0,0.0,0.0,0.0,0.0
2019-01-29,7,0,46,0.0,0.0,0.0,0.0,0.0
2019-01-29,7,0,52,9.1,9.1,0.0,157.436273,0.0
2019-01-29,7,0,53,14.46,14.46,0.0,250.167968,0.0
2019-01-29,7,0,55,10.1,10.1,0.0,174.631285,0.0
2019-01-29,7,0,56,0.0,0.0,0.0,0.0,0.0
2019-01-29,7,0,57,0.0,0.0,0.0,0.0,0.0
2019-01-29,7,0,58,0.0,0.0,0.0,0.0,0.0
2019-01-29,7,0,59,0.0,0.0,0.0,0.0,0.0
2019-01-29,7,0,63,17.93,17.93,0.0,534.46351,0.0
2019-01-29,7,0,64,21.09,21.09,0.0,628.65786,0.0
2019-01-29,7,0,65,41.4,41.4,0.0,654.792106,0.0
2019-01-29,7,0,67,0.0,0.0,0.0,0.0,0.0
2019-01-29,7,0,68,1.52,1.52,0.0,30.010649,0.0
2019-01-29,7,0,69,0.0,0.0,0.0,0.0,0.0
2019-01-29,7,0,74,50.67,50.67,0.0,813.803758,0.0
2019-01-29,7,0,77,38.94,38.94,0.0,712.559342,0.0
2019-01-29,7,0,78,29.44,29.44,0.0,538.719749,0.0
2019-01-29,7,0,79,17.04,17.04,0.0,311.813333,0.0
2019-01-29,7,0,80,27.55,27.55,0.0,504.13482,0.0
2019-01-29,7,0,81,36.02,36.02,0.0,659.126541,0.0
2019-01-29,7,0,82,25.41,25.41,0.0,464.975164,0.0
2019-01-29,7,0,83,56.66,56.66,0.0,1036.81593,0.0
2019-01-29,7,0,84,0.0,0.0,0.0,0.0,0.0
2019-01-29,7,0,86,0.0,0.0,0.0,0.0,0.0
2019-01-29,7,0,87,0.0,0.0,0.0,0.0,0.0
2019-01-29,7,0,88,29.17,29.17,0.0,533.779045,0.0
2019-01-29,7,0,89,28.04,28.04,0.0,513.101283,0.0
2019-01-29,7,0,90,37.65,37.65,0.0,688.953755,0.0
2019-01-29,7,0,91,134.29,134.29,0.0,2457.359888,0.0
2019-01-29,7,0,92,48.3,48.3,0.0,883.837088,0.0
2019-01-29,7,0,95,13.69,13.69,0.0,412.21313,0.0
2019-01-29,7,0,96,3.59,3.59,0.0,62.148732,0.0
2019-01-29,7,0,97,22.1,22.1,0.0,382.586899,0.0
2019-01-29,7,0,99,9.78,9.78,0.0,157.075207,0.0
2019-01-29,7,0,101,0.0,0.0,0.0,0.0,0.0
2019-01-29,7,0,102,3.61,3.61,0.0,71.275292,0.0
2019-01-29,7,0,103,3.14,3.14,0.0,61.995683,0.0
2019-01-29,7,0,104,0.58,0.58,0.0,11.451432,0.0
2019-01-29,7,0,106,0.0,0.0,0.0,0.0,0.0
2019-01-29,7,0,109,166.8,166.8,0.0,2731.372781,0.0
2019-01-29,7,0,110,30.79,30.79,0.0,814.82407,0.0
2019-01-29,7,0,111,0.0,0.0,0.0,0.0,0.0
2019-01-29,7,0,113,10.51,10.51,0.0,191.118684,0.0
2019-01-29,7,0,115,10.51,10.51,0.0,191.118684,0.0
2019-01-29,7,0,116,0.0,0.0,0.0,0.0,0.0
2019-01-29,7,0,117,0.43,0.43,0.0,7.819318,0.0
2019-01-29,7,0,119,21.09,21.09,0.0,628.65786,0.0
2019-01-29,7,0,120,12.4,12.4,0.0,369.623398,0.0
2019-01-29,7,0,123,0.0,0.0,0.0,0.0,0.0
2019-01-29,7,0,125,18.12,18.12,0.0,313.298899,0.0
2019-01-29,7,0,126,0.0,0.0,0.0,0.0,0.0
2019-01-29,7,0,127,0.0,0.0,0.0,0.0,0.0
2019-01-29,7,0,128,25.96,25.96,0.0,448.854273,0.0
2019-01-29,7,0,131,4.85,4.85,0.0,93.614944,0.0
2019-01-29,7,0,132,7.13,7.13,0.0,137.623618,0.0
2019-01-29,7,0,133,41.94,41.94,0.0,662.953289,0.0
2019-01-29,7,0,134,0.0,0.0,0.0,0.0,0.0
2019-01-29,7,0,135,56.2,56.2,0.0,888.363731,0.0
2019-01-29,7,0,136,45.9,45.9,0.0,725.986003,0.0
2019-01-29,7,0,139,58.19,58.19,0.0,975.163049,0.0
2019-01-29,7,0,140,22.79,22.79,0.0,603.112717,0.0
2019-01-29,7,0,141,26.88,26.88,0.0,575.180757,0.0
2019-01-29,7,0,142,0.0,0.0,0.0,0.0,0.0
2019-01-29,7,0,143,18.36,18.36,0.0,317.640657,0.0
2019-01-29,7,0,145,5.85,5.85,0.0,99.200684,0.0
2019-01-29,7,0,146,38.83,38.83,0.0,1027.59398,0.0
2019-01-29,7,0,152,0.0,0.0,0.0,0.0,0.0
2019-01-29,7,0,153,0.0,0.0,0.0,0.0,0.0
2019-01-29,7,0,154,0.0,0.0,0.0,0.0,0.0
2019-01-29,7,0,157,48.5,48.5,0.0,1037.807542,0.0
2019-01-29,7,0,158,0.0,0.0,0.0,0.0,0.0
2019-01-29,7,0,159,0.0,0.0,0.0,0.0,0.0
2019-01-29,7,0,160,0.0,0.0,0.0,0.0,0.0
2019-01-29,7,0,161,0.0,0.0,0.0,0.0,0.0
2019-01-29,7,0,162,5.43,5.43,0.0,163.488043,0.0
2019-01-29,7,0,163,18.94,18.94,0.0,501.226628,0.0
2019-01-29,7,0,164,0.0,0.0,0.0,0.0,0.0
2019-01-29,7,0,167,0.0,0.0,0.0,0.0,0.0
2019-01-29,7,0,168,0.0,0.0,0.0,0.0,0.0
2019-01-29,7,0,169,0.0,0.0,0.0,0.0,0.0
2019-01-29,7,0,170,0.0,0.0,0.0,0.0,0.0
2019-01-29,7,0,172,0.0,0.0,0.0,0.0,0.0
2019-01-29,7,0,173,0.0,0.0,0.0,0.0,0.0
2019-01-29,7,0,188,0.0,0.0,0.0,0.0,0.0
2019-01-29,7,0,190,0.0,0.0,0.0,0.0,0.0
2019-01-29,7,0,191,0.0,0.0,0.0,0.0,0.0
2019-01-29,7,0,192,0.0,0.0,0.0,0.0,0.0
2019-01-29,7,0,194,40.62,40.62,0.0,684.298043,0.0
2019-01-29,7,0,196,0.0,0.0,0.0,0.0,0.0
2019-01-29,7,0,198,0.0,0.0,0.0,0.0,0.0
2019-01-29,7,0,199,22.3,22.3,0.0,328.581978,0.0
2019-01-29,7,0,200,0.0,0.0,0.0,0.0,0.0
2019-01-29,7,0,204,628.77,628.77,0.0,10318.435582,0.0
2019-01-29,7,0,205,882.38,882.38,0.0,14449.093013,0.0
2019-01-29,7,0,206,64.95,64.95,0.0,1124.390005,0.0
2019-01-29,7,0,210,0.0,0.0,0.0,0.0,0.0
2019-01-29,7,0,214,0.0,0.0,0.0,0.0,0.0
2019-01-29,7,0,217,0.0,0.0,0.0,0.0,0.0
2019-01-29,7,0,218,0.0,0.0,0.0,0.0,0.0
2019-01-29,7,0,219,0.0,0.0,0.0,0.0,0.0
2019-01-29,7,0,221,0.0,0.0,0.0,0.0,0.0
2019-01-29,7,0,225,0.0,0.0,0.0,0.0,0.0
2019-01-29,7,0,233,0.0,0.0,0.0,0.0,0.0
2019-01-29,7,0,236,159.03,159.03,0.0,2531.648475,0.0
2019-01-29,7,0,237,121.55,121.55,0.0,1952.197489,0.0
2019-01-29,7,0,238,0.0,0.0,0.0,0.0,0.0
2019-01-29,7,0,240,0.0,0.0,0.0,0.0,0.0
2019-01-29,7,0,245,78.0,78.0,0.0,1230.648663,0.0
2019-01-29,7,0,247,171.72,171.72,0.0,2709.320363,0.0
2019-01-29,7,0,248,12.2,12.2,0.0,195.942488,0.0
2019-01-29,7,0,249,150.0,150.0,0.0,2366.632043,0.0
2019-01-29,7,0,251,326.4,326.4,0.0,5166.851491,0.0
2019-01-29,7,0,252,267.06,267.06,0.0,4223.883572,0.0
2019-01-29,7,0,254,0.0,0.0,0.0,0.0,0.0
2019-01-29,7,0,255,0.0,0.0,0.0,0.0,0.0
2019-01-29,7,0,258,0.0,0.0,0.0,0.0,0.0
2019-01-29,7,0,260,0.0,0.0,0.0,0.0,0.0
2019-01-29,7,0,265,0.0,0.0,0.0,0.0,0.0
2019-01-29,7,0,266,37.67,37.67,0.0,631.283589,0.0
2019-01-29,7,0,267,46.3,46.3,0.0,775.907358,0.0
2019-01-29,7,0,270,59.16,59.16,0.0,1565.605455,0.0
2019-01-29,7,0,272,37.38,37.38,0.0,679.735149,0.0
2019-01-29,7,0,273,0.0,0.0,0.0,0.0,0.0
2019-01-29,7,0,274,76.27,76.27,0.0,2018.403112,0.0
2019-01-29,7,0,275,106.16,106.16,0.0,2809.409654,0.0
2019-01-29,7,0,276,0.0,0.0,0.0,0.0,0.0
2019-01-29,7,0,277,0.0,0.0,0.0,0.0,0.0
2019-01-29,7,0,278,0.0,0.0,0.0,0.0,0.0
2019-01-29,7,0,279,35.98,35.98,0.0,655.927749,0.0
2019-01-29,7,0,281,3.85,3.85,0.0,66.607654,0.0
2019-01-29,7,0,282,0.0,0.0,0.0,0.0,0.0
2019-01-29,8,0,9,0.0,0.0,0.0,0.0,0.0
2019-01-29,8,0,17,0.0,0.0,0.0,0.0,0.0
2019-01-29,8,0,19,0.0,0.0,0.0,0.0,0.0
2019-01-29,8,0,20,0.0,0.0,0.0,0.0,0.0
2019-01-29,8,0,21,0.0,0.0,0.0,0.0,0.0
2019-01-29,8,0,22,0.0,0.0,0.0,0.0,0.0
2019-01-29,8,0,23,9.44,9.44,0.0,174.148058,0.0
2019-01-29,8,0,24,16.7,16.7,0.0,308.07972,0.0
2019-01-29,8,0,29,0.0,0.0,0.0,0.0,0.0
2019-01-29,8,0,30,0.0,0.0,0.0,0.0,0.0
2019-01-29,8,0,31,3.58,3.58,0.0,66.107334,0.0
2019-01-29,8,0,32,0.0,0.0,0.0,0.0,0.0
2019-01-29,8,0,33,0.0,0.0,0.0,0.0,0.0
2019-01-29,8,0,34,0.0,0.0,0.0,0.0,0.0
2019-01-29,8,0,35,0.0,0.0,0.0,0.0,0.0
2019-01-29,8,0,36,0.0,0.0,0.0,0.0,0.0
2019-01-29,8,0,37,0.0,0.0,0.0,0.0,0.0
2019-01-29,8,0,38,0.0,0.0,0.0,0.0,0.0
2019-01-29,8,0,39,0.0,0.0,0.0,0.0,0.0
2019-01-29,8,0,40,0.0,0.0,0.0,0.0,0.0
2019-01-29,8,0,41,13.89,13.89,0.0,243.507565,0.0
2019-01-29,8,0,42,0.0,0.0,0.0,0.0,0.0
2019-01-29,8,0,43,0.0,0.0,0.0,0.0,0.0
2019-01-29,8,0,46,0.0,0.0,0.0,0.0,0.0
2019-01-29,8,0,52,3.8,3.8,0.0,70.169796,0.0
2019-01-29,8,0,53,6.03,6.03,0.0,111.348387,0.0
2019-01-29,8,0,55,11.42,11.42,0.0,210.674875,0.0
2019-01-29,8,0,56,0.0,0.0,0.0,0.0,0.0
2019-01-29,8,0,57,0.0,0.0,0.0,0.0,0.0
2019-01-29,8,0,58,0.0,0.0,0.0,0.0,0.0
2019-01-29,8,0,59,0.0,0.0,0.0,0.0,0.0
2019-01-29,8,0,63,2.64,2.64,0.0,66.179901,0.0
2019-01-29,8,0,64,3.11,3.11,0.0,77.961929,0.0
2019-01-29,8,0,65,41.4,41.4,0.0,654.792106,0.0
2019-01-29,8,0,67,0.0,0.0,0.0,0.0,0.0
2019-01-29,8,0,68,1.0,1.0,0.0,20.855015,0.0
2019-01-29,8,0,69,0.0,0.0,0.0,0.0,0.0
2019-01-29,8,0,74,41.81,41.81,0.0,681.332178,0.0
2019-01-29,8,0,77,20.12,20.12,0.0,405.749855,0.0
2019-01-29,8,0,78,15.2,15.2,0.0,306.530705,0.0
2019-01-29,8,0,79,8.76,8.76,0.0,176.658485,0.0
2019-01-29,8,0,80,14.22,14.22,0.0,286.767541,0.0
2019-01-29,8,0,81,18.61,18.61,0.0,375.298449,0.0
2019-01-29,8,0,82,13.11,13.11,0.0,264.382733,0.0
2019-01-29,8,0,83,29.32,29.32,0.0,591.281597,0.0
2019-01-29,8,0,84,0.0,0.0,0.0,0.0,0.0
2019-01-29,8,0,86,0.0,0.0,0.0,0.0,0.0
2019-01-29,8,0,87,0.0,0.0,0.0,0.0,0.0
2019-01-29,8,0,88,15.11,15.11,0.0,304.715721,0.0
2019-01-29,8,0,89,14.58,14.58,0.0,294.027479,0.0
2019-01-29,8,0,90,19.03,19.03,0.0,383.768376,0.0
2019-01-29,8,0,91,59.64,59.64,0.0,1202.729688,0.0
2019-01-29,8,0,92,23.87,23.87,0.0,481.374206,0.0
2019-01-29,8,0,95,7.03,7.03,0.0,178.658265,0.0
2019-01-29,8,0,96,2.5,2.5,0.0,46.210973,0.0
2019-01-29,8,0,97,15.37,15.37,0.0,284.105061,0.0
2019-01-29,8,0,99,8.07,8.07,0.0,131.508029,0.0
2019-01-29,8,0,101,0.0,0.0,0.0,0.0,0.0
2019-01-29,8,0,102,2.37,2.37,0.0,49.426387,0.0
2019-01-29,8,0,103,2.06,2.06,0.0,42.961332,0.0
2019-01-29,8,0,104,0.38,0.38,0.0,7.924906,0.0
2019-01-29,8,0,106,0.0,0.0,0.0,0.0,0.0
2019-01-29,8,0,109,127.73,127.73,0.0,2157.897422,0.0
2019-01-29,8,0,110,57.63,57.63,0.0,1363.049494,0.0
2019-01-29,8,0,111,0.0,0.0,0.0,0.0,0.0
2019-01-29,8,0,113,13.97,13.97,0.0,285.060106,0.0
2019-01-29,8,0,115,13.97,13.97,0.0,285.060106,0.0
2019-01-29,8,0,116,0.0,0.0,0.0,0.0,0.0
2019-01-29,8,0,117,0.72,0.72,0.0,14.691716,0.0
2019-01-29,8,0,119,3.11,3.11,0.0,77.961929,0.0
2019-01-29,8,0,120,1.83,1.83,0.0,45.874704,0.0
2019-01-29,8,0,123,0.0,0.0,0.0,0.0,0.0
2019-01-29,8,0,125,15.12,15.12,0.0,278.932058,0.0
2019-01-29,8,0,126,0.0,0.0,0.0,0.0,0.0
2019-01-29,8,0,127,0.0,0.0,0.0,0.0,0.0
2019-01-29,8,0,128,21.65,21.65,0.0,399.396763,0.0
2019-01-29,8,0,131,3.16,3.16,0.0,65.320836,0.0
2019-01-29,8,0,132,4.64,4.64,0.0,95.914139,0.0
2019-01-29,8,0,133,41.94,41.94,0.0,662.573229,0.0
2019-01-29,8,0,134,0.0,0.0,0.0,0.0,0.0
2019-01-29,8,0,135,56.2,56.2,0.0,887.854446,0.0
2019-01-29,8,0,136,45.9,45.9,0.0,726.006872,0.0
2019-01-29,8,0,139,17.94,17.94,0.0,314.508691,0.0
2019-01-29,8,0,140,42.65,42.65,0.0,1008.746502,0.0
2019-01-29,8,0,141,29.63,29.63,0.0,638.333005,0.0
2019-01-29,8,0,142,0.0,0.0,0.0,0.0,0.0
2019-01-29,8,0,143,7.54,7.54,0.0,139.231648,0.0
2019-01-29,8,0,145,4.31,4.31,0.0,77.074226,0.0
2019-01-29,8,0,146,80.72,80.72,0.0,1909.168058,0.0
2019-01-29,8,0,152,0.0,0.0,0.0,0.0,0.0
2019-01-29,8,0,153,0.0,0.0,0.0,0.0,0.0
2019-01-29,8,0,154,0.0,0.0,0.0,0.0,0.0
2019-01-29,8,0,157,90.03,90.03,0.0,1939.558569,0.0
2019-01-29,8,0,158,0.0,0.0,0.0,0.0,0.0
2019-01-29,8,0,159,0.0,0.0,0.0,0.0,0.0
2019-01-29,8,0,160,0.0,0.0,0.0,0.0,0.0
2019-01-29,8,0,161,0.0,0.0,0.0,0.0,0.0
2019-01-29,8,0,162,1.9,1.9,0.0,48.276296,0.0
2019-01-29,8,0,163,9.86,9.86,0.0,233.206108,0.0
2019-01-29,8,0,164,0.0,0.0,0.0,0.0,0.0
2019-01-29,8,0,167,0.0,0.0,0.0,0.0,0.0
2019-01-29,8,0,168,0.0,0.0,0.0,0.0,0.0
2019-01-29,8,0,169,0.0,0.0,0.0,0.0,0.0
2019-01-29,8,0,170,0.0,0.0,0.0,0.0,0.0
2019-01-29,8,0,172,0.0,0.0,0.0,0.0,0.0
2019-01-29,8,0,173,0.0,0.0,0.0,0.0,0.0
2019-01-29,8,0,188,0.0,0.0,0.0,0.0,0.0
2019-01-29,8,0,190,0.0,0.0,0.0,0.0,0.0
2019-01-29,8,0,191,0.0,0.0,0.0,0.0,0.0
2019-01-29,8,0,192,0.0,0.0,0.0,0.0,0.0
2019-01-29,8,0,194,21.57,21.57,0.0,433.888842,0.0
2019-01-29,8,0,196,0.0,0.0,0.0,0.0,0.0
2019-01-29,8,0,198,0.0,0.0,0.0,0.0,0.0
2019-01-29,8,0,199,17.72,17.72,0.0,285.500676,0.0
2019-01-29,8,0,200,0.0,0.0,0.0,0.0,0.0
2019-01-29,8,0,204,486.77,486.77,0.0,8255.011453,0.0
2019-01-29,8,0,205,675.73,675.73,0.0,11415.924411,0.0
2019-01-29,8,0,206,45.16,45.16,0.0,834.755012,0.0
2019-01-29,8,0,210,0.0,0.0,0.0,0.0,0.0
2019-01-29,8,0,214,0.0,0.0,0.0,0.0,0.0
2019-01-29,8,0,217,0.0,0.0,0.0,0.0,0.0
2019-01-29,8,0,218,0.0,0.0,0.0,0.0,0.0
2019-01-29,8,0,219,0.0,0.0,0.0,0.0,0.0
2019-01-29,8,0,221,0.0,0.0,0.0,0.0,0.0
2019-01-29,8,0,225,0.0,0.0,0.0,0.0,0.0
2019-01-29,8,0,233,0.0,0.0,0.0,0.0,0.0
2019-01-29,8,0,236,159.03,159.03,0.0,2548.303871,0.0
2019-01-29,8,0,237,100.3,100.3,0.0,1634.480207,0.0
2019-01-29,8,0,238,0.0,0.0,0.0,0.0,0.0
2019-01-29,8,0,240,0.0,0.0,0.0,0.0,0.0
2019-01-29,8,0,245,78.0,78.0,0.0,1227.627245,0.0
2019-01-29,8,0,247,171.72,171.72,0.0,2702.668597,0.0
2019-01-29,8,0,248,10.07,10.07,0.0,164.099857,0.0
2019-01-29,8,0,249,150.0,150.0,0.0,2360.821625,0.0
2019-01-29,8,0,251,326.4,326.4,0.0,5171.28963,0.0
2019-01-29,8,0,252,267.06,267.06,0.0,4223.883572,0.0
2019-01-29,8,0,254,0.0,0.0,0.0,0.0,0.0
2019-01-29,8,0,255,0.0,0.0,0.0,0.0,0.0
2019-01-29,8,0,258,0.0,0.0,0.0,0.0,0.0
2019-01-29,8,0,260,0.0,0.0,0.0,0.0,0.0
2019-01-29,8,0,265,0.0,0.0,0.0,0.0,0.0
2019-01-29,8,0,266,11.61,11.61,0.0,203.536561,0.0
2019-01-29,8,0,267,14.27,14.27,0.0,250.169399,0.0
2019-01-29,8,0,270,30.79,30.79,0.0,728.236924,0.0
2019-01-29,8,0,272,48.37,48.37,0.0,986.997661,0.0
2019-01-29,8,0,273,0.0,0.0,0.0,0.0,0.0
2019-01-29,8,0,274,39.69,39.69,0.0,938.737366,0.0
2019-01-29,8,0,275,55.25,55.25,0.0,1306.758365,0.0
2019-01-29,8,0,276,0.0,0.0,0.0,0.0,0.0
2019-01-29,8,0,277,0.0,0.0,0.0,0.0,0.0
2019-01-29,8,0,278,0.0,0.0,0.0,0.0,0.0
2019-01-29,8,0,279,24.11,24.11,0.0,489.66146,0.0
2019-01-29,8,0,281,1.61,1.61,0.0,29.729835,0.0
2019-01-29,8,0,282,0.0,0.0,0.0,0.0,0.0
2019-01-29,9,0,9,0.21,0.21,0.0,2.823594,0.0
2019-01-29,9,0,17,9.88,9.88,0.0,56.632679,0.0
2019-01-29,9,0,19,475.02,475.02,0.0,2722.839577,0.0
2019-01-29,9,0,20,589.85,589.85,0.0,3381.051165,0.0
2019-01-29,9,0,21,4.9,4.9,0.0,65.883858,0.0
2019-01-29,9,0,22,17.4,17.4,0.0,233.954923,0.0
2019-01-29,9,0,23,9.77,9.77,0.0,131.364345,0.0
2019-01-29,9,0,24,17.28,17.28,0.0,232.341441,0.0
2019-01-29,9,0,29,1.83,1.83,0.0,20.801789,0.0
2019-01-29,9,0,30,35.37,35.37,0.0,475.936333,0.0
2019-01-29,9,0,31,4.79,4.79,0.0,64.453917,0.0
2019-01-29,9,0,32,0.8,0.8,0.0,15.520375,0.0
2019-01-29,9,0,33,0.54,0.54,0.0,6.281352,0.0
2019-01-29,9,0,34,0.86,0.86,0.0,10.003635,0.0
2019-01-29,9,0,35,0.86,0.86,0.0,10.003635,0.0
2019-01-29,9,0,36,1.72,1.72,0.0,21.085968,0.0
2019-01-29,9,0,37,0.81,0.81,0.0,9.932769,0.0
2019-01-29,9,0,38,1.05,1.05,0.0,12.875812,0.0
2019-01-29,9,0,39,0.7,0.7,0.0,8.583875,0.0
2019-01-29,9,0,40,0.7,0.7,0.0,8.583875,0.0
2019-01-29,9,0,41,10.31,10.31,0.0,133.130597,0.0
2019-01-29,9,0,42,10.0,10.0,0.0,103.512267,0.0
2019-01-29,9,0,43,5.42,5.42,0.0,65.998071,0.0
2019-01-29,9,0,46,4.45,4.45,0.0,55.048379,0.0
2019-01-29,9,0,52,5.09,5.09,0.0,68.490696,0.0
2019-01-29,9,0,53,8.13,8.13,0.0,109.396731,0.0
2019-01-29,9,0,55,13.02,13.02,0.0,175.062822,0.0
2019-01-29,9,0,56,10.43,10.43,0.0,140.345376,0.0
2019-01-29,9,0,57,9.92,9.92,0.0,133.482851,0.0
2019-01-29,9,0,58,19.08,19.08,0.0,256.739192,0.0
2019-01-29,9,0,59,18.76,18.76,0.0,252.433294,0.0
2019-01-29,9,0,63,0.0,0.0,0.0,0.0,0.0
2019-01-29,9,0,64,0.0,0.0,0.0,0.0,0.0
2019-01-29,9,0,65,41.4,41.4,0.0,363.336165,0.0
2019-01-29,9,0,67,18.84,18.84,0.0,296.739011,0.0
2019-01-29,9,0,68,1.76,1.76,0.0,26.517063,0.0
2019-01-29,9,0,69,0.54,0.54,0.0,6.281352,0.0
2019-01-29,9,0,74,34.3,34.3,0.0,417.41771,0.0
2019-01-29,9,0,77,8.18,8.18,0.0,118.045183,0.0
2019-01-29,9,0,78,6.18,6.18,0.0,89.18328,0.0
2019-01-29,9,0,79,3.58,3.58,0.0,51.662806,0.0
2019-01-29,9,0,80,5.78,5.78,0.0,83.4109,0.0
2019-01-29,9,0,81,7.56,7.56,0.0,109.097993,0.0
2019-01-29,9,0,82,5.34,5.34,0.0,77.061281,0.0
2019-01-29,9,0,83,11.9,11.9,0.0,171.728323,0.0
2019-01-29,9,0,84,0.0,0.0,0.0,0.0,0.0
2019-01-29,9,0,86,2.73,2.73,0.0,31.755725,0.0
2019-01-29,9,0,87,13.93,13.93,0.0,162.035624,0.0
2019-01-29,9,0,88,19.48,19.48,0.0,281.114936,0.0
2019-01-29,9,0,89,18.61,18.61,0.0,268.560008,0.0
2019-01-29,9,0,90,26.12,26.12,0.0,376.936454,0.0
2019-01-29,9,0,91,98.17,98.17,0.0,1416.68651,0.0
2019-01-29,9,0,92,34.54,34.54,0.0,498.445065,0.0
2019-01-29,9,0,95,3.0,3.0,0.0,58.175606,0.0
2019-01-29,9,0,96,2.05,2.05,0.0,27.606616,0.0
2019-01-29,9,0,97,12.6,12.6,0.0,169.679688,0.0
2019-01-29,9,0,99,6.62,6.62,0.0,80.562835,0.0
2019-01-29,9,0,101,0.71,0.71,0.0,9.553712,0.0
2019-01-29,9,0,102,4.17,4.17,0.0,62.827361,0.0
2019-01-29,9,0,103,3.63,3.63,0.0,54.691443,0.0
2019-01-29,9,0,104,0.68,0.68,0.0,10.245229,0.0
2019-01-29,9,0,106,17.13,17.13,0.0,230.324588,0.0
2019-01-29,9,0,109,88.71,88.71,0.0,1114.101552,0.0
2019-01-29,9,0,110,96.22,96.22,0.0,1717.045555,0.0
2019-01-29,9,0,111,2.16,2.16,0.0,27.89157,0.0
2019-01-29,9,0,113,8.58,8.58,0.0,124.48616,0.0
2019-01-29,9,0,115,8.58,8.58,0.0,124.48616,0.0
2019-01-29,9,0,116,10.7,10.7,0.0,190.941462,0.0
2019-01-29,9,0,117,0.58,0.58,0.0,8.415148,0.0
2019-01-29,9,0,119,0.0,0.0,0.0,0.0,0.0
2019-01-29,9,0,120,0.0,0.0,0.0,0.0,0.0
2019-01-29,9,0,123,0.29,0.29,0.0,3.899249,0.0
2019-01-29,9,0,125,15.64,15.64,0.0,210.290517,0.0
2019-01-29,9,0,126,12.85,12.85,0.0,172.777055,0.0
2019-01-29,9,0,127,16.49,16.49,0.0,221.719349,0.0
2019-01-29,9,0,128,22.4,22.4,0.0,301.183349,0.0
2019-01-29,9,0,131,3.0,3.0,0.0,44.651542,0.0
2019-01-29,9,0,132,4.41,4.41,0.0,65.637767,0.0
2019-01-29,9,0,133,41.94,41.94,0.0,514.536786,0.0
2019-01-29,9,0,134,0.0,0.0,0.0,0.0,0.0
2019-01-29,9,0,135,56.2,56.2,0.0,689.484201,0.0
2019-01-29,9,0,136,45.9,45.9,0.0,410.500013,0.0
2019-01-29,9,0,139,13.31,13.31,0.0,171.868889,0.0
2019-01-29,9,0,140,71.21,71.21,0.0,1270.742195,0.0
2019-01-29,9,0,141,44.55,44.55,0.0,701.683807,0.0
2019-01-29,9,0,142,24.85,24.85,0.0,391.399385,0.0
2019-01-29,9,0,143,14.32,14.32,0.0,192.688954,0.0
2019-01-29,9,0,145,3.22,3.22,0.0,42.255951,0.0
2019-01-29,9,0,146,145.65,145.65,0.0,2599.123728,0.0
2019-01-29,9,0,152,1.2,1.2,0.0,14.591445,0.0
2019-01-29,9,0,153,1.53,1.53,0.0,18.625655,0.0
2019-01-29,9,0,154,8.9,8.9,0.0,114.923599,0.0
2019-01-29,9,0,157,150.51,150.51,0.0,2370.604484,0.0
2019-01-29,9,0,158,3.54,3.54,0.0,55.756693,0.0
2019-01-29,9,0,159,0.0,0.0,0.0,0.0,0.0
2019-01-29,9,0,160,0.44,0.44,0.0,5.24241,0.0
2019-01-29,9,0,161,4.57,4.57,0.0,68.853966,0.0
2019-01-29,9,0,162,0.0,0.0,0.0,0.0,0.0
2019-01-29,9,0,163,11.08,11.08,0.0,197.72256,0.0
2019-01-29,9,0,164,1.04,1.04,0.0,13.99417,0.0
2019-01-29,9,0,167,0.97,0.97,0.0,18.815135,0.0
2019-01-29,9,0,168,0.48,0.48,0.0,9.310582,0.0
2019-01-29,9,0,169,0.0,0.0,0.0,0.0,0.0
2019-01-29,9,0,170,1.06,1.06,0.0,20.560869,0.0
2019-01-29,9,0,172,1.29,1.29,0.0,25.220767,0.0
2019-01-29,9,0,173,1.96,1.96,0.0,38.319925,0.0
2019-01-29,9,0,188,1.62,1.62,0.0,31.349709,0.0
2019-01-29,9,0,190,0.95,0.95,0.0,18.259682,0.0
2019-01-29,9,0,191,2.46,2.46,0.0,47.282965,0.0
2019-01-29,9,0,192,10.69,10.69,0.0,205.469469,0.0
2019-01-29,9,0,194,9.87,9.87,0.0,138.895242,0.0
2019-01-29,9,0,196,0.67,0.67,0.0,12.496272,0.0
2019-01-29,9,0,198,2.08,2.08,0.0,23.824553,0.0
2019-01-29,9,0,199,13.92,13.92,0.0,184.227252,0.0
2019-01-29,9,0,200,3.21,3.21,0.0,42.48344,0.0
2019-01-29,9,0,204,206.0,206.0,0.0,2595.359455,0.0
2019-01-29,9,0,205,499.62,499.62,0.0,6274.686252,0.0
2019-01-29,9,0,206,37.03,37.03,0.0,498.669751,0.0
2019-01-29,9,0,210,0.53,0.53,0.0,6.021196,0.0
2019-01-29,9,0,214,2.97,2.97,0.0,34.060031,0.0
2019-01-29,9,0,217,2.11,2.11,0.0,24.02857,0.0
2019-01-29,9,0,218,2.91,2.91,0.0,33.138928,0.0
2019-01-29,9,0,219,1.98,1.98,0.0,22.548137,0.0
2019-01-29,9,0,221,1.59,1.59,0.0,18.234158,0.0
2019-01-29,9,0,225,1.65,1.65,0.0,18.756723,0.0
2019-01-29,9,0,233,1.54,1.54,0.0,17.913486,0.0
2019-01-29,9,0,236,159.03,159.03,0.0,1908.036005,0.0
2019-01-29,9,0,237,82.29,82.29,0.0,1001.437417,0.0
2019-01-29,9,0,238,13.02,13.02,0.0,134.772972,0.0
2019-01-29,9,0,240,1.95,1.95,0.0,23.905603,0.0
2019-01-29,9,0,245,78.0,78.0,0.0,874.134473,0.0
2019-01-29,9,0,247,171.72,171.72,0.0,1924.440662,0.0
2019-01-29,9,0,248,8.26,8.26,0.0,100.521,0.0
2019-01-29,9,0,249,150.0,150.0,0.0,1681.027832,0.0
2019-01-29,9,0,251,326.4,326.4,0.0,3188.43363,0.0
2019-01-29,9,0,252,267.06,267.06,0.0,2343.781553,0.0
2019-01-29,9,0,254,3.15,3.15,0.0,38.149559,0.0
2019-01-29,9,0,255,1.45,1.45,0.0,17.560908,0.0
2019-01-29,9,0,258,2.42,2.42,0.0,29.635215,0.0
2019-01-29,9,0,260,1.06,1.06,0.0,12.629442,0.0
2019-01-29,9,0,265,9.22,9.22,0.0,119.055684,0.0
2019-01-29,9,0,266,8.62,8.62,0.0,111.308026,0.0
2019-01-29,9,0,267,10.59,10.59,0.0,136.746171,0.0
2019-01-29,9,0,270,34.61,34.61,0.0,617.615326,0.0
2019-01-29,9,0,272,28.64,28.64,0.0,415.534221,0.0
2019-01-29,9,0,273,2.56,2.56,0.0,45.683191,0.0
2019-01-29,9,0,274,44.62,44.62,0.0,796.24374,0.0
2019-01-29,9,0,275,62.11,62.11,0.0,1108.352727,0.0
2019-01-29,9,0,276,0.61,0.61,0.0,10.600174,0.0
2019-01-29,9,0,277,0.8,0.8,0.0,11.582108,0.0
2019-01-29,9,0,278,1.28,1.28,0.0,18.531373,0.0
2019-01-29,9,0,279,22.74,22.74,0.0,329.221422,0.0
2019-01-29,9,0,281,2.14,2.14,0.0,28.795696,0.0
2019-01-29,9,0,282,19.4,19.4,0.0,261.045091,0.0
2019-01-29,10,0,9,1.19,1.19,0.0,14.419948,0.0
2019-01-29,10,0,17,28.82,28.82,0.0,426.931483,0.0
2019-01-29,10,0,19,349.46,349.46,0.0,5176.803467,0.0
2019-01-29,10,0,20,433.01,433.01,0.0,6414.489983,0.0
2019-01-29,10,0,21,27.19,27.19,0.0,329.477642,0.0
2019-01-29,10,0,22,96.62,96.62,0.0,1170.802861,0.0
2019-01-29,10,0,23,12.54,12.54,0.0,151.954749,0.0
2019-01-29,10,0,24,22.18,22.18,0.0,268.768448,0.0
2019-01-29,10,0,29,4.89,4.89,0.0,43.982183,0.0
2019-01-29,10,0,30,183.19,183.19,0.0,2217.557603,0.0
2019-01-29,10,0,31,10.41,10.41,0.0,126.015474,0.0
2019-01-29,10,0,32,2.67,2.67,0.0,47.459212,0.0
2019-01-29,10,0,33,1.58,1.58,0.0,24.545155,0.0
2019-01-29,10,0,34,2.53,2.53,0.0,39.303317,0.0
2019-01-29,10,0,35,2.53,2.53,0.0,39.303317,0.0
2019-01-29,10,0,36,5.64,5.64,0.0,75.716307,0.0
2019-01-29,10,0,37,2.65,2.65,0.0,35.420359,0.0
2019-01-29,10,0,38,3.41,3.41,0.0,45.57865,0.0
2019-01-29,10,0,39,2.27,2.27,0.0,30.341213,0.0
2019-01-29,10,0,40,2.27,2.27,0.0,30.341213,0.0
2019-01-29,10,0,41,7.41,7.41,0.0,94.995067,0.0
2019-01-29,10,0,42,31.86,31.86,0.0,466.984598,0.0
2019-01-29,10,0,43,17.53,17.53,0.0,233.127393,0.0
2019-01-29,10,0,46,14.83,14.83,0.0,195.643428,0.0
2019-01-29,10,0,52,11.04,11.04,0.0,133.641771,0.0
2019-01-29,10,0,53,17.61,17.61,0.0,213.17315,0.0
2019-01-29,10,0,55,14.81,14.81,0.0,179.46171,0.0
2019-01-29,10,0,56,54.04,54.04,0.0,654.166782,0.0
2019-01-29,10,0,57,51.4,51.4,0.0,622.208968,0.0
2019-01-29,10,0,58,98.85,98.85,0.0,1196.602266,0.0
2019-01-29,10,0,59,97.2,97.2,0.0,1176.628632,0.0
2019-01-29,10,0,63,2.02,2.02,0.0,35.948642,0.0
2019-01-29,10,0,64,2.38,2.38,0.0,42.35533,0.0
2019-01-29,10,0,65,41.4,41.4,0.0,612.085866,0.0
2019-01-29,10,0,67,121.95,121.95,0.0,1549.069376,0.0
2019-01-29,10,0,68,4.35,4.35,0.0,50.887136,0.0
2019-01-29,10,0,69,1.58,1.58,0.0,24.545155,0.0
2019-01-29,10,0,74,46.03,46.03,0.0,644.589855,0.0
2019-01-29,10,0,77,11.61,11.61,0.0,127.025113,0.0
2019-01-29,10,0,78,8.78,8.78,0.0,96.062058,0.0
2019-01-29,10,0,79,5.08,5.08,0.0,55.580325,0.0
2019-01-29,10,0,80,8.21,8.21,0.0,89.825683,0.0
2019-01-29,10,0,81,10.74,10.74,0.0,117.506435,0.0
2019-01-29,10,0,82,7.58,7.58,0.0,82.932847,0.0
2019-01-29,10,0,83,16.89,16.89,0.0,184.79364,0.0
2019-01-29,10,0,84,0.0,0.0,0.0,0.0,0.0
2019-01-29,10,0,86,8.01,8.01,0.0,124.434613,0.0
2019-01-29,10,0,87,40.89,40.89,0.0,635.222386,0.0
2019-01-29,10,0,88,18.46,18.46,0.0,201.971024,0.0
2019-01-29,10,0,89,17.66,17.66,0.0,193.218216,0.0
2019-01-29,10,0,90,24.52,24.52,0.0,268.273537,0.0
2019-01-29,10,0,91,90.83,90.83,0.0,993.771835,0.0
2019-01-29,10,0,92,32.18,32.18,0.0,352.081665,0.0
2019-01-29,10,0,95,2.39,2.39,0.0,42.394185,0.0
2019-01-29,10,0,96,2.09,2.09,0.0,25.272916,0.0
2019-01-29,10,0,97,12.88,12.88,0.0,155.748877,0.0
2019-01-29,10,0,99,9.46,9.46,0.0,132.474908,0.0
2019-01-29,10,0,101,3.69,3.69,0.0,44.668309,0.0
2019-01-29,10,0,102,10.29,10.29,0.0,120.374397,0.0
2019-01-29,10,0,103,8.95,8.95,0.0,104.69882,0.0
2019-01-29,10,0,104,1.66,1.66,0.0,19.418999,0.0
2019-01-29,10,0,106,95.11,95.11,0.0,1152.50528,0.0
2019-01-29,10,0,109,58.87,58.87,0.0,773.664302,0.0
2019-01-29,10,0,110,149.53,149.53,0.0,2359.283341,0.0
2019-01-29,10,0,111,8.02,8.02,0.0,102.815174,0.0
2019-01-29,10,0,113,22.13,22.13,0.0,231.861621,0.0
2019-01-29,10,0,115,22.13,22.13,0.0,231.861621,0.0
2019-01-29,10,0,116,51.96,51.96,0.0,819.824533,0.0
2019-01-29,10,0,117,1.48,1.48,0.0,15.506335,0.0
2019-01-29,10,0,119,2.38,2.38,0.0,42.35533,0.0
2019-01-29,10,0,120,1.4,1.4,0.0,24.9149,0.0
2019-01-29,10,0,123,1.59,1.59,0.0,19.26699,0.0
2019-01-29,10,0,125,20.07,20.07,0.0,243.200305,0.0
2019-01-29,10,0,126,71.33,71.33,0.0,864.348666,0.0
2019-01-29,10,0,127,91.55,91.55,0.0,1109.366611,0.0
2019-01-29,10,0,128,28.75,28.75,0.0,348.381104,0.0
2019-01-29,10,0,131,5.81,5.81,0.0,66.408146,0.0
2019-01-29,10,0,132,9.37,9.37,0.0,107.098852,0.0
2019-01-29,10,0,133,41.94,41.94,0.0,621.402269,0.0
2019-01-29,10,0,134,0.0,0.0,0.0,0.0,0.0
2019-01-29,10,0,135,56.2,56.2,0.0,832.684967,0.0
2019-01-29,10,0,136,45.9,45.9,0.0,678.543764,0.0
2019-01-29,10,0,139,9.57,9.57,0.0,122.685937,0.0
2019-01-29,10,0,140,110.67,110.67,0.0,1746.15052,0.0
2019-01-29,10,0,141,75.96,75.96,0.0,964.881589,0.0
2019-01-29,10,0,142,160.82,160.82,0.0,2042.815392,0.0
2019-01-29,10,0,143,25.97,25.97,0.0,314.372897,0.0
2019-01-29,10,0,145,4.63,4.63,0.0,57.833857,0.0
2019-01-29,10,0,146,238.36,238.36,0.0,3760.842487,0.0
2019-01-29,10,0,152,3.97,3.97,0.0,55.450121,0.0
2019-01-29,10,0,153,5.02,5.02,0.0,69.921588,0.0
2019-01-29,10,0,154,33.08,33.08,0.0,424.080541,0.0
2019-01-29,10,0,157,235.02,235.02,0.0,2985.340589,0.0
2019-01-29,10,0,158,107.56,107.56,0.0,1366.28046,0.0
2019-01-29,10,0,159,0.0,0.0,0.0,0.0,0.0
2019-01-29,10,0,160,1.38,1.38,0.0,18.232087,0.0
2019-01-29,10,0,161,24.78,24.78,0.0,289.881202,0.0
2019-01-29,10,0,162,0.0,0.0,0.0,0.0,0.0
2019-01-29,10,0,163,13.34,13.34,0.0,210.478431,0.0
2019-01-29,10,0,164,5.84,5.84,0.0,70.69456,0.0
2019-01-29,10,0,167,3.15,3.15,0.0,55.882247,0.0
2019-01-29,10,0,168,1.57,1.57,0.0,27.852422,0.0
2019-01-29,10,0,169,0.0,0.0,0.0,0.0,0.0
2019-01-29,10,0,170,3.44,3.44,0.0,61.026962,0.0
2019-01-29,10,0,172,4.11,4.11,0.0,71.120325,0.0
2019-01-29,10,0,173,6.27,6.27,0.0,108.49743,0.0
2019-01-29,10,0,188,5.42,5.42,0.0,95.120111,0.0
2019-01-29,10,0,190,4.24,4.24,0.0,75.456555,0.0
2019-01-29,10,0,191,10.96,10.96,0.0,195.048075,0.0
2019-01-29,10,0,192,34.26,34.26,0.0,609.703199,0.0
2019-01-29,10,0,194,3.83,3.83,0.0,35.607524,0.0
2019-01-29,10,0,196,2.95,2.95,0.0,50.245883,0.0
2019-01-29,10,0,198,6.36,6.36,0.0,80.686525,0.0
2019-01-29,10,0,199,11.01,11.01,0.0,116.760681,0.0
2019-01-29,10,0,200,10.14,10.14,0.0,107.53436,0.0
2019-01-29,10,0,204,81.0,81.0,0.0,1058.424067,0.0
2019-01-29,10,0,205,347.69,347.69,0.0,4569.311046,0.0
2019-01-29,10,0,206,37.85,37.85,0.0,457.693712,0.0
2019-01-29,10,0,210,1.44,1.44,0.0,13.417274,0.0
2019-01-29,10,0,214,8.25,8.25,0.0,131.694517,0.0
2019-01-29,10,0,217,5.74,5.74,0.0,74.976723,0.0
2019-01-29,10,0,218,7.91,7.91,0.0,103.321581,0.0
2019-01-29,10,0,219,5.39,5.39,0.0,70.404971,0.0
2019-01-29,10,0,221,4.4,4.4,0.0,70.237076,0.0
2019-01-29,10,0,225,4.5,4.5,0.0,40.333928,0.0
2019-01-29,10,0,233,4.53,4.53,0.0,70.373133,0.0
2019-01-29,10,0,236,159.03,159.03,0.0,2291.747043,0.0
2019-01-29,10,0,237,107.57,107.57,0.0,1506.376944,0.0
2019-01-29,10,0,238,41.47,41.47,0.0,607.842162,0.0
2019-01-29,10,0,240,6.39,6.39,0.0,85.784965,0.0
2019-01-29,10,0,245,78.0,78.0,0.0,1163.799794,0.0
2019-01-29,10,0,247,171.72,171.72,0.0,2562.150009,0.0
2019-01-29,10,0,248,11.74,11.74,0.0,164.403322,0.0
2019-01-29,10,0,249,150.0,150.0,0.0,2238.076528,0.0
2019-01-29,10,0,251,326.4,326.4,0.0,4810.158208,0.0
2019-01-29,10,0,252,267.06,267.06,0.0,3948.397377,0.0
2019-01-29,10,0,254,9.73,9.73,0.0,129.184319,0.0
2019-01-29,10,0,255,4.46,4.46,0.0,59.215012,0.0
2019-01-29,10,0,258,7.94,7.94,0.0,106.431805,0.0
2019-01-29,10,0,260,3.36,3.36,0.0,44.391169,0.0
2019-01-29,10,0,265,34.25,34.25,0.0,439.079762,0.0
2019-01-29,10,0,266,6.2,6.2,0.0,79.483052,0.0
2019-01-29,10,0,267,7.61,7.61,0.0,97.559036,0.0
2019-01-29,10,0,270,41.64,41.64,0.0,656.995642,0.0
2019-01-29,10,0,272,73.95,73.95,0.0,774.792901,0.0
2019-01-29,10,0,273,12.43,12.43,0.0,196.120457,0.0
2019-01-29,10,0,274,53.68,53.68,0.0,846.962681,0.0
2019-01-29,10,0,275,74.71,74.71,0.0,1178.773881,0.0
2019-01-29,10,0,276,2.81,2.81,0.0,42.406552,0.0
2019-01-29,10,0,277,3.5,3.5,0.0,37.321132,0.0
2019-01-29,10,0,278,5.61,5.61,0.0,59.820443,0.0
2019-01-29,10,0,279,30.89,30.89,0.0,329.385647,0.0
2019-01-29,10,0,281,4.64,4.64,0.0,56.16828,0.0
2019-01-29,10,0,282,100.49,100.49,0.0,1216.454848,0.0
2019-01-29,11,0,9,1.99,1.99,0.0,17.581427,0.0
2019-01-29,11,0,17,43.45,43.45,0.0,599.520753,0.0
2019-01-29,11,0,19,192.99,192.99,0.0,2662.865596,0.0
2019-01-29,11,0,20,234.06,234.06,0.0,3229.547237,0.0
2019-01-29,11,0,21,45.41,45.41,0.0,401.192257,0.0
2019-01-29,11,0,22,161.37,161.37,0.0,1425.68585,0.0
2019-01-29,11,0,23,13.21,13.21,0.0,116.708868,0.0
2019-01-29,11,0,24,23.37,23.37,0.0,206.471329,0.0
2019-01-29,11,0,29,7.18,7.18,0.0,64.579156,0.0
2019-01-29,11,0,30,310.14,310.14,0.0,2731.713859,0.0
2019-01-29,11,0,31,23.07,23.07,0.0,203.200615,0.0
2019-01-29,11,0,32,4.07,4.07,0.0,74.606438,0.0
2019-01-29,11,0,33,2.37,2.37,0.0,35.33883,0.0
2019-01-29,11,0,34,3.79,3.79,0.0,56.512307,0.0
2019-01-29,11,0,35,3.79,3.79,0.0,56.512307,0.0
2019-01-29,11,0,36,8.62,8.62,0.0,101.918905,0.0
2019-01-29,11,0,37,4.04,4.04,0.0,47.51124,0.0
2019-01-29,11,0,38,5.2,5.2,0.0,61.153081,0.0
2019-01-29,11,0,39,3.46,3.46,0.0,40.690319,0.0
2019-01-29,11,0,40,3.46,3.46,0.0,40.690319,0.0
2019-01-29,11,0,41,4.17,4.17,0.0,42.915358,0.0
2019-01-29,11,0,42,48.86,48.86,0.0,662.380207,0.0
2019-01-29,11,0,43,26.73,26.73,0.0,315.817741,0.0
2019-01-29,11,0,46,22.86,22.86,0.0,261.379572,0.0
2019-01-29,11,0,52,24.53,24.53,0.0,216.060298,0.0
2019-01-29,11,0,53,39.95,39.95,0.0,351.879695,0.0
2019-01-29,11,0,55,87.15,87.15,0.0,769.960475,0.0
2019-01-29,11,0,56,91.48,91.48,0.0,805.756058,0.0
2019-01-29,11,0,57,87.02,87.02,0.0,766.472367,0.0
2019-01-29,11,0,58,167.34,167.34,0.0,1473.931119,0.0
2019-01-29,11,0,59,164.55,164.55,0.0,1449.356792,0.0
2019-01-29,11,0,63,3.8,3.8,0.0,81.481314,0.0
2019-01-29,11,0,64,4.47,4.47,0.0,95.847756,0.0
2019-01-29,11,0,65,41.4,41.4,0.0,569.379626,0.0
2019-01-29,11,0,67,206.9,206.9,0.0,-978.024063,0.0
2019-01-29,11,0,68,6.41,6.41,0.0,7.536101,0.0
2019-01-29,11,0,69,2.37,2.37,0.0,35.33883,0.0
2019-01-29,11,0,74,63.31,63.31,0.0,792.829464,0.0
2019-01-29,11,0,77,13.79,13.79,0.0,86.361334,0.0
2019-01-29,11,0,78,10.43,10.43,0.0,65.318979,0.0
2019-01-29,11,0,79,6.03,6.03,0.0,37.763513,0.0
2019-01-29,11,0,80,9.76,9.76,0.0,61.123033,0.0
2019-01-29,11,0,81,12.76,12.76,0.0,79.91085,0.0
2019-01-29,11,0,82,9.0,9.0,0.0,56.363452,0.0
2019-01-29,11,0,83,20.07,20.07,0.0,125.690499,0.0
2019-01-29,11,0,84,0.0,0.0,0.0,0.0,0.0
2019-01-29,11,0,86,12.01,12.01,0.0,179.079895,0.0
2019-01-29,11,0,87,61.32,61.32,0.0,914.336317,0.0
2019-01-29,11,0,88,10.17,10.17,0.0,63.690701,0.0
2019-01-29,11,0,89,9.78,9.78,0.0,61.248285,0.0
2019-01-29,11,0,90,13.13,13.13,0.0,82.228014,0.0
2019-01-29,11,0,91,46.84,46.84,0.0,293.340456,0.0
2019-01-29,11,0,92,16.85,16.85,0.0,105.524908,0.0
2019-01-29,11,0,95,0.0,0.0,0.0,0.0,0.0
2019-01-29,11,0,96,3.93,3.93,0.0,34.505024,0.0
2019-01-29,11,0,97,28.88,28.88,0.0,253.56364,0.0
2019-01-29,11,0,99,13.59,13.59,0.0,170.187212,0.0
2019-01-29,11,0,101,6.25,6.25,0.0,55.050015,0.0
2019-01-29,11,0,102,15.19,15.19,0.0,17.858561,0.0
2019-01-29,11,0,103,13.21,13.21,0.0,15.530717,0.0
2019-01-29,11,0,104,2.45,2.45,0.0,2.880413,0.0
2019-01-29,11,0,106,158.86,158.86,0.0,1403.510282,0.0
2019-01-29,11,0,109,21.35,21.35,0.0,237.321412,0.0
2019-01-29,11,0,110,256.09,256.09,0.0,-5839.628425,0.0
2019-01-29,11,0,111,12.7,12.7,0.0,130.701449,0.0
2019-01-29,11,0,113,14.39,14.39,0.0,99.253961,0.0
2019-01-29,11,0,115,14.39,14.39,0.0,99.253961,0.0
2019-01-29,11,0,116,84.62,84.62,0.0,-1929.592555,0.0
2019-01-29,11,0,117,0.97,0.97,0.0,6.690503,0.0
2019-01-29,11,0,119,4.47,4.47,0.0,95.847756,0.0
2019-01-29,11,0,120,2.63,2.63,0.0,56.393646,0.0
2019-01-29,11,0,123,2.65,2.65,0.0,23.412453,0.0
2019-01-29,11,0,125,21.15,21.15,0.0,186.857878,0.0
2019-01-29,11,0,126,119.14,119.14,0.0,1052.588537,0.0
2019-01-29,11,0,127,152.9,152.9,0.0,1350.85435,0.0
2019-01-29,11,0,128,30.28,30.28,0.0,267.520404,0.0
2019-01-29,11,0,131,5.98,5.98,0.0,16.457633,0.0
2019-01-29,11,0,132,8.79,8.79,0.0,24.191069,0.0
2019-01-29,11,0,133,41.94,41.94,0.0,578.862936,0.0
2019-01-29,11,0,134,0.0,0.0,0.0,0.0,0.0
2019-01-29,11,0,135,56.2,56.2,0.0,775.681855,0.0
2019-01-29,11,0,136,45.9,45.9,0.0,631.15579,0.0
2019-01-29,11,0,139,5.38,5.38,0.0,55.368015,0.0
2019-01-29,11,0,140,189.53,189.53,0.0,-4321.858625,0.0
2019-01-29,11,0,141,115.64,115.64,0.0,-546.634619,0.0
2019-01-29,11,0,142,272.85,272.85,0.0,-1289.772187,0.0
2019-01-29,11,0,143,47.62,47.62,0.0,419.437073,0.0
2019-01-29,11,0,145,8.0,8.0,0.0,77.325245,0.0
2019-01-29,11,0,146,268.0,268.0,0.0,-6111.212534,0.0
2019-01-29,11,0,152,6.08,6.08,0.0,76.042538,0.0
2019-01-29,11,0,153,7.68,7.68,0.0,95.60295,0.0
2019-01-29,11,0,154,52.39,52.39,0.0,539.169206,0.0
2019-01-29,11,0,157,250.0,250.0,0.0,-1181.75938,0.0
2019-01-29,11,0,158,194.86,194.86,0.0,-921.110531,0.0
2019-01-29,11,0,159,0.0,0.0,0.0,0.0,0.0
2019-01-29,11,0,160,2.1,2.1,0.0,25.411793,0.0
2019-01-29,11,0,161,41.02,41.02,0.0,48.226344,0.0
2019-01-29,11,0,162,0.0,0.0,0.0,0.0,0.0
2019-01-29,11,0,163,33.97,33.97,0.0,-774.618992,0.0
2019-01-29,11,0,164,10.11,10.11,0.0,89.048904,0.0
2019-01-29,11,0,167,4.78,4.78,0.0,87.782906,0.0
2019-01-29,11,0,168,2.39,2.39,0.0,43.891453,0.0
2019-01-29,11,0,169,0.0,0.0,0.0,0.0,0.0
2019-01-29,11,0,170,5.23,5.23,0.0,96.046987,0.0
2019-01-29,11,0,172,6.23,6.23,0.0,108.562022,0.0
2019-01-29,11,0,173,9.5,9.5,0.0,165.544015,0.0
2019-01-29,11,0,188,8.28,8.28,0.0,147.227228,0.0
2019-01-29,11,0,190,6.81,6.81,0.0,146.023091,0.0
2019-01-29,11,0,191,17.58,17.58,0.0,376.958289,0.0
2019-01-29,11,0,192,59.23,59.23,0.0,1270.036373,0.0
2019-01-29,11,0,194,3.86,3.86,0.0,45.870134,0.0
2019-01-29,11,0,196,4.73,4.73,0.0,130.654716,0.0
2019-01-29,11,0,198,9.56,9.56,0.0,116.82938,0.0
2019-01-29,11,0,199,11.99,11.99,0.0,147.154325,0.0
2019-01-29,11,0,200,15.37,15.37,0.0,188.637362,0.0
2019-01-29,11,0,204,60.34,60.34,0.0,662.795288,0.0
2019-01-29,11,0,205,139.6,139.6,0.0,1551.75968,0.0
2019-01-29,11,0,206,110.39,110.39,0.0,969.213651,0.0
2019-01-29,11,0,210,2.11,2.11,0.0,19.817161,0.0
2019-01-29,11,0,214,12.19,12.19,0.0,189.805597,0.0
2019-01-29,11,0,217,8.51,8.51,0.0,109.588579,0.0
2019-01-29,11,0,218,11.74,11.74,0.0,151.183304,0.0
2019-01-29,11,0,219,8.0,8.0,0.0,103.020991,0.0
2019-01-29,11,0,221,6.5,6.5,0.0,101.208891,0.0
2019-01-29,11,0,225,6.64,6.64,0.0,59.467199,0.0
2019-01-29,11,0,233,6.8,6.8,0.0,101.394112,0.0
2019-01-29,11,0,236,159.03,159.03,0.0,2096.008959,0.0
2019-01-29,11,0,237,141.15,141.15,0.0,1767.617736,0.0
2019-01-29,11,0,238,63.6,63.6,0.0,862.205918,0.0
2019-01-29,11,0,240,9.77,9.77,0.0,115.515975,0.0
2019-01-29,11,0,245,78.0,78.0,0.0,1089.094002,0.0
2019-01-29,11,0,247,171.72,171.72,0.0,2397.682333,0.0
2019-01-29,11,0,248,16.81,16.81,0.0,210.511188,0.0
2019-01-29,11,0,249,150.0,150.0,0.0,2094.411542,0.0
2019-01-29,11,0,251,326.4,326.4,0.0,4465.005902,0.0
2019-01-29,11,0,252,267.06,267.06,0.0,3672.911181,0.0
2019-01-29,11,0,254,14.7,14.7,0.0,174.736093,0.0
2019-01-29,11,0,255,6.74,6.74,0.0,80.117093,0.0
2019-01-29,11,0,258,12.14,12.14,0.0,143.521224,0.0
2019-01-29,11,0,260,5.09,5.09,0.0,61.593346,0.0
2019-01-29,11,0,265,54.24,54.24,0.0,558.208393,0.0
2019-01-29,11,0,266,3.49,3.49,0.0,35.91717,0.0
2019-01-29,11,0,267,4.28,4.28,0.0,44.047417,0.0
2019-01-29,11,0,270,114.9,114.9,0.0,-2620.068359,0.0
2019-01-29,11,0,272,48.07,48.07,0.0,331.559269,0.0
2019-01-29,11,0,273,20.23,20.23,0.0,-461.305334,0.0
2019-01-29,11,0,274,150.05,150.05,0.0,-3421.594928,0.0
2019-01-29,11,0,275,211.72,211.72,0.0,-4827.857902,0.0
2019-01-29,11,0,276,4.58,4.58,0.0,-85.953061,0.0
2019-01-29,11,0,277,5.65,5.65,0.0,37.532477,0.0
2019-01-29,11,0,278,9.04,9.04,0.0,60.051964,0.0
2019-01-29,11,0,279,40.0,40.0,0.0,265.716655,0.0
2019-01-29,11,0,281,10.06,10.06,0.0,88.608504,0.0
2019-01-29,11,0,282,170.13,170.13,0.0,1498.505445,0.0
2019-01-29,12,0,9,2.82,2.82,0.0,6.156888,0.0
2019-01-29,12,0,17,56.95,56.95,0.0,629.682824,0.0
2019-01-29,12,0,19,192.99,192.99,0.0,2133.845273,0.0
2019-01-29,12,0,20,234.06,234.06,0.0,2587.946653,0.0
2019-01-29,12,0,21,64.58,64.58,0.0,140.997108,0.0
2019-01-29,12,0,22,229.5,229.5,0.0,501.065906,0.0
2019-01-29,12,0,23,17.79,17.79,0.0,38.840795,0.0
2019-01-29,12,0,24,29.78,29.78,0.0,65.018487,0.0
2019-01-29,12,0,29,9.28,9.28,0.0,66.754914,0.0
2019-01-29,12,0,30,446.95,446.95,0.0,952.868783,0.0
2019-01-29,12,0,31,44.64,44.64,0.0,95.169622,0.0
2019-01-29,12,0,32,5.47,5.47,0.0,138.706418,0.0
2019-01-29,12,0,33,3.11,3.11,0.0,40.041242,0.0
2019-01-29,12,0,34,4.97,4.97,0.0,63.988737,0.0
2019-01-29,12,0,35,4.97,4.97,0.0,63.988737,0.0
2019-01-29,12,0,36,11.75,11.75,0.0,93.909311,0.0
2019-01-29,12,0,37,5.59,5.59,0.0,44.243861,0.0
2019-01-29,12,0,38,7.19,7.19,0.0,56.907578,0.0
2019-01-29,12,0,39,4.8,4.8,0.0,37.991151,0.0
2019-01-29,12,0,40,4.8,4.8,0.0,37.991151,0.0
2019-01-29,12,0,41,2.86,2.86,0.0,14.066992,0.0
2019-01-29,12,0,42,68.87,68.87,0.0,734.335823,0.0
2019-01-29,12,0,43,35.82,35.82,0.0,292.15134,0.0
2019-01-29,12,0,46,30.62,30.62,0.0,224.332397,0.0
2019-01-29,12,0,52,47.31,47.31,0.0,100.861891,0.0
2019-01-29,12,0,53,75.17,75.17,0.0,160.257627,0.0
2019-01-29,12,0,55,236.48,236.48,0.0,516.305296,0.0
2019-01-29,12,0,56,131.84,131.84,0.0,281.074439,0.0
2019-01-29,12,0,57,125.4,125.4,0.0,267.344771,0.0
2019-01-29,12,0,58,241.16,241.16,0.0,514.137679,0.0
2019-01-29,12,0,59,237.14,237.14,0.0,505.567296,0.0
2019-01-29,12,0,63,6.67,6.67,0.0,216.291806,0.0
2019-01-29,12,0,64,7.85,7.85,0.0,254.556323,0.0
2019-01-29,12,0,65,41.4,41.4,0.0,454.719047,0.0
2019-01-29,12,0,67,292.77,292.77,0.0,-8117.212792,0.0
2019-01-29,12,0,68,9.94,9.94,0.0,-141.86308,0.0
2019-01-29,12,0,69,3.11,3.11,0.0,40.041242,0.0
2019-01-29,12,0,74,97.75,97.75,0.0,874.870714,0.0
2019-01-29,12,0,77,18.52,18.52,0.0,-50.757293,0.0
2019-01-29,12,0,78,14.0,14.0,0.0,-38.369444,0.0
2019-01-29,12,0,79,8.1,8.1,0.0,-22.199464,0.0
2019-01-29,12,0,80,13.11,13.11,0.0,-35.930243,0.0
2019-01-29,12,0,81,17.13,17.13,0.0,-46.947755,0.0
2019-01-29,12,0,82,12.09,12.09,0.0,-33.134755,0.0
2019-01-29,12,0,83,26.95,26.95,0.0,-73.861179,0.0
2019-01-29,12,0,84,0.0,0.0,0.0,0.0,0.0
2019-01-29,12,0,86,15.75,15.75,0.0,202.781209,0.0
2019-01-29,12,0,87,80.42,80.42,0.0,1035.407291,0.0
2019-01-29,12,0,88,13.27,13.27,0.0,-36.368751,0.0
2019-01-29,12,0,89,12.75,12.75,0.0,-34.943601,0.0
2019-01-29,12,0,90,17.12,17.12,0.0,-46.920348,0.0
2019-01-29,12,0,91,61.09,61.09,0.0,-167.427809,0.0
2019-01-29,12,0,92,21.97,21.97,0.0,-60.21262,0.0
2019-01-29,12,0,95,0.0,0.0,0.0,0.0,0.0
2019-01-29,12,0,96,6.73,6.73,0.0,13.986704,0.0
2019-01-29,12,0,97,41.41,41.41,0.0,86.060833,0.0
2019-01-29,12,0,99,18.87,18.87,0.0,168.888086,0.0
2019-01-29,12,0,101,9.0,9.0,0.0,19.187424,0.0
2019-01-29,12,0,102,23.53,23.53,0.0,-335.818741,0.0
2019-01-29,12,0,103,20.46,20.46,0.0,-292.003886,0.0
2019-01-29,12,0,104,3.8,3.8,0.0,-54.233371,0.0
2019-01-29,12,0,106,225.92,225.92,0.0,493.249715,0.0
2019-01-29,12,0,109,12.04,12.04,0.0,79.191698,0.0
2019-01-29,12,0,110,338.6,338.6,0.0,-23337.948035,0.0
2019-01-29,12,0,111,17.28,17.28,0.0,84.992173,0.0
2019-01-29,12,0,113,10.12,10.12,0.0,-10.999484,0.0
2019-01-29,12,0,115,10.12,10.12,0.0,-10.999484,0.0
2019-01-29,12,0,116,117.41,117.41,0.0,-8092.464497,0.0
2019-01-29,12,0,117,0.67,0.67,0.0,-0.728227,0.0
2019-01-29,12,0,119,7.85,7.85,0.0,254.556323,0.0
2019-01-29,12,0,120,4.62,4.62,0.0,149.815314,0.0
2019-01-29,12,0,123,3.77,3.77,0.0,8.231017,0.0
2019-01-29,12,0,125,27.25,27.25,0.0,59.494754,0.0
2019-01-29,12,0,126,169.44,169.44,0.0,369.937286,0.0
2019-01-29,12,0,127,217.45,217.45,0.0,474.757217,0.0
2019-01-29,12,0,128,37.35,37.35,0.0,81.54602,0.0
2019-01-29,12,0,131,9.01,9.01,0.0,-96.216813,0.0
2019-01-29,12,0,132,13.24,13.24,0.0,-141.388524,0.0
2019-01-29,12,0,133,41.94,41.94,0.0,464.010064,0.0
2019-01-29,12,0,134,0.0,0.0,0.0,0.0,0.0
2019-01-29,12,0,135,56.2,56.2,0.0,621.777911,0.0
2019-01-29,12,0,136,45.9,45.9,0.0,503.960544,0.0
2019-01-29,12,0,139,3.7,3.7,0.0,18.198556,0.0
2019-01-29,12,0,140,250.6,250.6,0.0,-17272.56284,0.0
2019-01-29,12,0,141,173.84,173.84,0.0,-4819.811701,0.0
2019-01-29,12,0,142,386.09,386.09,0.0,-10704.562239,0.0
2019-01-29,12,0,143,80.74,80.74,0.0,172.13251,0.0
2019-01-29,12,0,145,5.6,5.6,0.0,21.185597,0.0
2019-01-29,12,0,146,268.0,268.0,0.0,-18471.854913,0.0
2019-01-29,12,0,152,8.51,8.51,0.0,76.26944,0.0
2019-01-29,12,0,153,10.76,10.76,0.0,95.413156,0.0
2019-01-29,12,0,154,71.29,71.29,0.0,350.641899,0.0
2019-01-29,12,0,157,250.0,250.0,0.0,-6931.390504,0.0
2019-01-29,12,0,158,273.41,273.41,0.0,-7580.445911,0.0
2019-01-29,12,0,159,0.0,0.0,0.0,0.0,0.0
2019-01-29,12,0,160,2.83,2.83,0.0,25.537131,0.0
2019-01-29,12,0,161,57.74,57.74,0.0,-824.061797,0.0
2019-01-29,12,0,162,0.0,0.0,0.0,0.0,0.0
2019-01-29,12,0,163,62.88,62.88,0.0,-4333.993421,0.0
2019-01-29,12,0,164,14.56,14.56,0.0,31.040988,0.0
2019-01-29,12,0,167,6.38,6.38,0.0,162.29837,0.0
2019-01-29,12,0,168,3.19,3.19,0.0,81.149185,0.0
2019-01-29,12,0,169,0.0,0.0,0.0,0.0,0.0
2019-01-29,12,0,170,6.98,6.98,0.0,177.56154,0.0
2019-01-29,12,0,172,8.24,8.24,0.0,192.682664,0.0
2019-01-29,12,0,173,12.55,12.55,0.0,293.466922,0.0
2019-01-29,12,0,188,11.29,11.29,0.0,272.296474,0.0
2019-01-29,12,0,190,9.35,9.35,0.0,303.197659,0.0
2019-01-29,12,0,191,24.15,24.15,0.0,783.125504,0.0
2019-01-29,12,0,192,93.78,93.78,0.0,3041.056307,0.0
2019-01-29,12,0,194,5.34,5.34,0.0,55.911885,0.0
2019-01-29,12,0,196,6.46,6.46,0.0,300.54372,0.0
2019-01-29,12,0,198,12.63,12.63,0.0,127.647061,0.0
2019-01-29,12,0,199,18.54,18.54,0.0,226.896979,0.0
2019-01-29,12,0,200,20.84,20.84,0.0,255.044932,0.0
2019-01-29,12,0,204,48.15,48.15,0.0,305.640168,0.0
2019-01-29,12,0,205,63.7,63.7,0.0,418.979331,0.0
2019-01-29,12,0,206,121.68,121.68,0.0,252.88293,0.0
2019-01-29,12,0,210,2.7,2.7,0.0,20.91607,0.0
2019-01-29,12,0,214,16.12,16.12,0.0,224.90448,0.0
2019-01-29,12,0,217,11.06,11.06,0.0,124.466513,0.0
2019-01-29,12,0,218,15.26,15.26,0.0,171.732278,0.0
2019-01-29,12,0,219,10.4,10.4,0.0,117.039036,0.0
2019-01-29,12,0,221,8.59,8.59,0.0,119.846742,0.0
2019-01-29,12,0,225,8.42,8.42,0.0,60.118682,0.0
2019-01-29,12,0,233,8.91,8.91,0.0,114.716227,0.0
2019-01-29,12,0,236,159.03,159.03,0.0,1598.38234,0.0
2019-01-29,12,0,237,234.49,234.49,0.0,2098.705205,0.0
2019-01-29,12,0,238,89.64,89.64,0.0,955.798798,0.0
2019-01-29,12,0,240,13.32,13.32,0.0,106.457194,0.0
2019-01-29,12,0,245,78.0,78.0,0.0,883.427683,0.0
2019-01-29,12,0,247,171.72,171.72,0.0,1944.900022,0.0
2019-01-29,12,0,248,23.54,23.54,0.0,210.684978,0.0
2019-01-29,12,0,249,150.0,150.0,0.0,1698.899391,0.0
2019-01-29,12,0,251,326.4,326.4,0.0,3545.796258,0.0
2019-01-29,12,0,252,267.06,267.06,0.0,2933.267359,0.0
2019-01-29,12,0,254,20.13,20.13,0.0,168.564865,0.0
2019-01-29,12,0,255,9.23,9.23,0.0,77.290298,0.0
2019-01-29,12,0,258,16.45,16.45,0.0,131.908257,0.0
2019-01-29,12,0,260,6.86,6.86,0.0,61.902727,0.0
2019-01-29,12,0,265,73.81,73.81,0.0,363.036591,0.0
2019-01-29,12,0,266,2.4,2.4,0.0,11.804468,0.0
2019-01-29,12,0,267,2.94,2.94,0.0,14.460474,0.0
2019-01-29,12,0,270,196.36,196.36,0.0,-13534.079965,0.0
2019-01-29,12,0,272,33.83,33.83,0.0,-36.770015,0.0
2019-01-29,12,0,273,28.08,28.08,0.0,-1935.409276,0.0
2019-01-29,12,0,274,253.14,253.14,0.0,-17447.631913,0.0
2019-01-29,12,0,275,352.37,352.37,0.0,-24287.042969,0.0
2019-01-29,12,0,276,6.33,6.33,0.0,-378.064975,0.0
2019-01-29,12,0,277,7.8,7.8,0.0,-13.64944,0.0
2019-01-29,12,0,278,12.48,12.48,0.0,-21.839104,0.0
2019-01-29,12,0,279,57.78,57.78,0.0,-101.110853,0.0
2019-01-29,12,0,281,20.03,20.03,0.0,42.702678,0.0
2019-01-29,12,0,282,245.18,245.18,0.0,522.708062,0.0
2019-01-29,13,0,9,2.61,2.61,0.0,1.51429,0.0
2019-01-29,13,0,17,59.1,59.1,0.0,606.127427,0.0
2019-01-29,13,0,19,192.99,192.99,0.0,1979.298343,0.0
2019-01-29,13,0,20,234.06,234.06,0.0,2400.510752,0.0
2019-01-29,13,0,21,59.62,59.62,0.0,34.590799,0.0
2019-01-29,13,0,22,211.9,211.9,0.0,122.941803,0.0
2019-01-29,13,0,23,58.06,58.06,0.0,33.685706,0.0
2019-01-29,13,0,24,101.4,101.4,0.0,58.831047,0.0
2019-01-29,13,0,29,10.58,10.58,0.0,69.070308,0.0
2019-01-29,13,0,30,451.54,451.54,0.0,236.538725,0.0
2019-01-29,13,0,31,77.39,77.39,0.0,40.540665,0.0
2019-01-29,13,0,32,5.81,5.81,0.0,128.749194,0.0
2019-01-29,13,0,33,3.34,3.34,0.0,40.81805,0.0
2019-01-29,13,0,34,5.35,5.35,0.0,65.382205,0.0
2019-01-29,13,0,35,5.35,5.35,0.0,65.382205,0.0
2019-01-29,13,0,36,11.64,11.64,0.0,81.039961,0.0
2019-01-29,13,0,37,5.58,5.58,0.0,38.398246,0.0
2019-01-29,13,0,38,7.18,7.18,0.0,49.408495,0.0
2019-01-29,13,0,39,4.79,4.79,0.0,32.961935,0.0
2019-01-29,13,0,40,4.79,4.79,0.0,32.961935,0.0
2019-01-29,13,0,41,2.95,2.95,0.0,10.549742,0.0
2019-01-29,13,0,42,79.74,79.74,0.0,783.845635,0.0
2019-01-29,13,0,43,35.4,35.4,0.0,253.435192,0.0
2019-01-29,13,0,46,30.57,30.57,0.0,190.731837,0.0
2019-01-29,13,0,52,82.04,82.04,0.0,42.976563,0.0
2019-01-29,13,0,53,130.33,130.33,0.0,68.273225,0.0
2019-01-29,13,0,55,419.73,419.73,0.0,243.522242,0.0
2019-01-29,13,0,56,133.19,133.19,0.0,69.771433,0.0
2019-01-29,13,0,57,126.69,126.69,0.0,66.366415,0.0
2019-01-29,13,0,58,243.63,243.63,0.0,127.625304,0.0
2019-01-29,13,0,59,239.57,239.57,0.0,125.498477,0.0
2019-01-29,13,0,63,10.89,10.89,0.0,317.941595,0.0
2019-01-29,13,0,64,12.81,12.81,0.0,373.997413,0.0
2019-01-29,13,0,65,41.4,41.4,0.0,421.321126,0.0
2019-01-29,13,0,67,322.39,322.39,0.0,-9495.133205,0.0
2019-01-29,13,0,68,15.3,15.3,0.0,-248.011423,0.0
2019-01-29,13,0,69,3.34,3.34,0.0,40.81805,0.0
2019-01-29,13,0,74,100.86,100.86,0.0,804.51464,0.0
2019-01-29,13,0,77,26.51,26.51,0.0,-127.84043,0.0
2019-01-29,13,0,78,20.04,20.04,0.0,-96.639842,0.0
2019-01-29,13,0,79,11.6,11.6,0.0,-55.93923,0.0
2019-01-29,13,0,80,18.76,18.76,0.0,-90.467237,0.0
2019-01-29,13,0,81,24.52,24.52,0.0,-118.243958,0.0
2019-01-29,13,0,82,17.3,17.3,0.0,-83.42661,0.0
2019-01-29,13,0,83,38.57,38.57,0.0,-185.99794,0.0
2019-01-29,13,0,84,0.0,0.0,0.0,0.0,0.0
2019-01-29,13,0,86,16.93,16.93,0.0,206.901072,0.0
2019-01-29,13,0,87,86.45,86.45,0.0,1056.503113,0.0
2019-01-29,13,0,88,18.77,18.77,0.0,-90.515461,0.0
2019-01-29,13,0,89,18.04,18.04,0.0,-86.995147,0.0
2019-01-29,13,0,90,24.22,24.22,0.0,-116.797254,0.0
2019-01-29,13,0,91,86.41,86.41,0.0,-416.69904,0.0
2019-01-29,13,0,92,31.08,31.08,0.0,-149.878557,0.0
2019-01-29,13,0,95,0.0,0.0,0.0,0.0,0.0
2019-01-29,13,0,96,11.79,11.79,0.0,5.481986,0.0
2019-01-29,13,0,97,72.5,72.5,0.0,33.710262,0.0
2019-01-29,13,0,99,19.47,19.47,0.0,155.303391,0.0
2019-01-29,13,0,101,9.1,9.1,0.0,4.767025,0.0
2019-01-29,13,0,102,36.22,36.22,0.0,-587.122467,0.0
2019-01-29,13,0,103,31.49,31.49,0.0,-510.449654,0.0
2019-01-29,13,0,104,5.85,5.85,0.0,-94.827897,0.0
2019-01-29,13,0,106,208.59,208.59,0.0,121.021382,0.0
2019-01-29,13,0,109,10.35,10.35,0.0,55.931665,0.0
2019-01-29,13,0,110,338.6,338.6,0.0,-23703.63456,0.0
2019-01-29,13,0,111,19.21,19.21,0.0,68.698487,0.0
2019-01-29,13,0,113,14.28,14.28,0.0,-47.36765,0.0
2019-01-29,13,0,115,14.28,14.28,0.0,-47.36765,0.0
2019-01-29,13,0,116,126.84,126.84,0.0,-8879.412308,0.0
2019-01-29,13,0,117,0.95,0.95,0.0,-3.151209,0.0
2019-01-29,13,0,119,12.81,12.81,0.0,373.997413,0.0
2019-01-29,13,0,120,7.53,7.53,0.0,219.843912,0.0
2019-01-29,13,0,123,3.48,3.48,0.0,2.019054,0.0
2019-01-29,13,0,125,92.06,92.06,0.0,53.412093,0.0
2019-01-29,13,0,126,156.45,156.45,0.0,90.770388,0.0
2019-01-29,13,0,127,200.77,200.77,0.0,116.484313,0.0
2019-01-29,13,0,128,129.97,129.97,0.0,75.407014,0.0
2019-01-29,13,0,131,13.72,13.72,0.0,-173.877042,0.0
2019-01-29,13,0,132,20.16,20.16,0.0,-255.492797,0.0
2019-01-29,13,0,133,41.94,41.94,0.0,430.447749,0.0
2019-01-29,13,0,134,0.0,0.0,0.0,0.0,0.0
2019-01-29,13,0,135,56.2,56.2,0.0,576.804089,0.0
2019-01-29,13,0,136,45.9,45.9,0.0,466.917521,0.0
2019-01-29,13,0,139,3.81,3.81,0.0,13.62526,0.0
2019-01-29,13,0,140,250.6,250.6,0.0,-17543.209748,0.0
2019-01-29,13,0,141,230.0,230.0,0.0,-6774.033429,0.0
2019-01-29,13,0,142,425.15,425.15,0.0,-12521.653531,0.0
2019-01-29,13,0,143,128.17,128.17,0.0,67.141712,0.0
2019-01-29,13,0,145,14.68,14.68,0.0,34.299004,0.0
2019-01-29,13,0,146,268.0,268.0,0.0,-18761.293745,0.0
2019-01-29,13,0,152,9.02,9.02,0.0,72.106716,0.0
2019-01-29,13,0,153,11.15,11.15,0.0,87.991319,0.0
2019-01-29,13,0,154,79.24,79.24,0.0,283.37679,0.0
2019-01-29,13,0,157,250.0,250.0,0.0,-7363.079814,0.0
2019-01-29,13,0,158,314.85,314.85,0.0,-9273.062718,0.0
2019-01-29,13,0,159,0.0,0.0,0.0,0.0,0.0
2019-01-29,13,0,160,2.78,2.78,0.0,22.63443,0.0
2019-01-29,13,0,161,63.6,63.6,0.0,-1030.949445,0.0
2019-01-29,13,0,162,0.0,0.0,0.0,0.0,0.0
2019-01-29,13,0,163,54.23,54.23,0.0,-3796.36179,0.0
2019-01-29,13,0,164,22.07,22.07,0.0,11.561345,0.0
2019-01-29,13,0,167,6.85,6.85,0.0,152.27587,0.0
2019-01-29,13,0,168,3.42,3.42,0.0,76.026785,0.0
2019-01-29,13,0,169,0.0,0.0,0.0,0.0,0.0
2019-01-29,13,0,170,7.49,7.49,0.0,166.503104,0.0
2019-01-29,13,0,172,9.26,9.26,0.0,185.082986,0.0
2019-01-29,13,0,173,14.1,14.1,0.0,281.821825,0.0
2019-01-29,13,0,188,12.3,12.3,0.0,257.093827,0.0
2019-01-29,13,0,190,10.19,10.19,0.0,297.504577,0.0
2019-01-29,13,0,191,26.33,26.33,0.0,768.7238,0.0
2019-01-29,13,0,192,140.22,140.22,0.0,4093.826481,0.0
2019-01-29,13,0,194,8.62,8.62,0.0,68.481487,0.0
2019-01-29,13,0,196,6.84,6.84,0.0,294.713687,0.0
2019-01-29,13,0,198,12.83,12.83,0.0,120.754895,0.0
2019-01-29,13,0,199,10.0,10.0,0.0,113.866299,0.0
2019-01-29,13,0,200,23.76,23.76,0.0,270.546326,0.0
2019-01-29,13,0,204,42.64,42.64,0.0,219.769838,0.0
2019-01-29,13,0,205,54.76,54.76,0.0,295.924443,0.0
2019-01-29,13,0,206,213.03,213.03,0.0,99.052374,0.0
2019-01-29,13,0,210,3.09,3.09,0.0,21.986852,0.0
2019-01-29,13,0,214,18.48,18.48,0.0,247.349315,0.0
2019-01-29,13,0,217,12.51,12.51,0.0,133.355424,0.0
2019-01-29,13,0,218,17.27,17.27,0.0,184.096576,0.0
2019-01-29,13,0,219,11.76,11.76,0.0,125.360494,0.0
2019-01-29,13,0,221,9.85,9.85,0.0,131.839326,0.0
2019-01-29,13,0,225,9.56,9.56,0.0,61.869322,0.0
2019-01-29,13,0,233,9.58,9.58,0.0,117.076921,0.0
2019-01-29,13,0,236,304.16,304.16,0.0,2788.91167,0.0
2019-01-29,13,0,237,241.96,241.96,0.0,1930.005576,0.0
2019-01-29,13,0,238,103.79,103.79,0.0,1020.257568,0.0
2019-01-29,13,0,240,13.19,13.19,0.0,91.831365,0.0
2019-01-29,13,0,245,78.0,78.0,0.0,822.660304,0.0
2019-01-29,13,0,247,171.72,171.72,0.0,1811.1183,0.0
2019-01-29,13,0,248,24.29,24.29,0.0,193.750353,0.0
2019-01-29,13,0,249,150.0,150.0,0.0,1582.039046,0.0
2019-01-29,13,0,251,326.4,326.4,0.0,3279.317827,0.0
2019-01-29,13,0,252,267.06,267.06,0.0,2717.826567,0.0
2019-01-29,13,0,254,20.71,20.71,0.0,153.373688,0.0
2019-01-29,13,0,255,9.49,9.49,0.0,70.280845,0.0
2019-01-29,13,0,258,16.25,16.25,0.0,113.652687,0.0
2019-01-29,13,0,260,6.76,6.76,0.0,55.039118,0.0
2019-01-29,13,0,265,82.05,82.05,0.0,293.425866,0.0
2019-01-29,13,0,266,2.47,2.47,0.0,8.833174,0.0
2019-01-29,13,0,267,3.03,3.03,0.0,10.835836,0.0
2019-01-29,13,0,270,168.73,168.73,0.0,-11811.914528,0.0
2019-01-29,13,0,272,47.73,47.73,0.0,-158.323386,0.0
2019-01-29,13,0,273,30.33,30.33,0.0,-2123.246415,0.0
2019-01-29,13,0,274,217.41,217.41,0.0,-15219.749526,0.0
2019-01-29,13,0,275,302.5,302.5,0.0,-21176.46029,0.0
2019-01-29,13,0,276,6.92,6.92,0.0,-421.776134,0.0
2019-01-29,13,0,277,8.36,8.36,0.0,-32.775843,0.0
2019-01-29,13,0,278,13.38,13.38,0.0,-52.457032,0.0
2019-01-29,13,0,279,124.91,124.91,0.0,-489.716578,0.0
2019-01-29,13,0,281,34.73,34.73,0.0,18.193272,0.0
2019-01-29,13,0,282,247.69,247.69,0.0,129.75213,0.0
2019-01-29,14,0,9,2.74,2.74,0.0,-42.236919,0.0
2019-01-29,14,0,17,59.98,59.98,0.0,670.762888,0.0
2019-01-29,14,0,19,192.99,192.99,0.0,2158.228237,0.0
2019-01-29,14,0,20,234.06,234.06,0.0,2617.518531,0.0
2019-01-29,14,0,21,62.75,62.75,0.0,-967.287095,0.0
2019-01-29,14,0,22,222.99,222.99,0.0,-3437.376086,0.0
2019-01-29,14,0,23,29.92,29.92,0.0,-461.214819,0.0
2019-01-29,14,0,24,51.46,51.46,0.0,-793.252493,0.0
2019-01-29,14,0,29,10.79,10.79,0.0,61.063896,0.0
2019-01-29,14,0,30,476.47,476.47,0.0,-7420.111824,0.0
2019-01-29,14,0,31,81.96,81.96,0.0,-1276.370737,0.0
2019-01-29,14,0,32,5.97,5.97,0.0,294.27141,0.0
2019-01-29,14,0,33,3.51,3.51,0.0,57.610467,0.0
2019-01-29,14,0,34,5.62,5.62,0.0,92.2424,0.0
2019-01-29,14,0,35,5.62,5.62,0.0,92.2424,0.0
2019-01-29,14,0,36,12.23,12.23,0.0,31.726269,0.0
2019-01-29,14,0,37,5.81,5.81,0.0,13.989343,0.0
2019-01-29,14,0,38,7.47,7.47,0.0,17.986298,0.0
2019-01-29,14,0,39,4.98,4.98,0.0,11.990865,0.0
2019-01-29,14,0,40,4.98,4.98,0.0,11.990865,0.0
2019-01-29,14,0,41,4.89,4.89,0.0,-34.465536,0.0
2019-01-29,14,0,42,83.97,83.97,0.0,843.848158,0.0
2019-01-29,14,0,43,37.27,37.27,0.0,123.530072,0.0
2019-01-29,14,0,46,31.64,31.64,0.0,20.162655,0.0
2019-01-29,14,0,52,86.88,86.88,0.0,-1352.990357,0.0
2019-01-29,14,0,53,138.03,138.03,0.0,-2149.554085,0.0
2019-01-29,14,0,55,451.93,451.93,0.0,-6966.471027,0.0
2019-01-29,14,0,56,140.54,140.54,0.0,-2188.64255,0.0
2019-01-29,14,0,57,133.68,133.68,0.0,-2081.811129,0.0
2019-01-29,14,0,58,257.09,257.09,0.0,-4003.686588,0.0
2019-01-29,14,0,59,252.8,252.8,0.0,-3936.878018,0.0
2019-01-29,14,0,63,10.64,10.64,0.0,1270.460837,0.0
2019-01-29,14,0,64,12.51,12.51,0.0,1493.746717,0.0
2019-01-29,14,0,65,41.4,41.4,0.0,454.26188,0.0
2019-01-29,14,0,67,337.04,337.04,0.0,-185592.35019,0.0
2019-01-29,14,0,68,9.92,9.92,0.0,-4006.884057,0.0
2019-01-29,14,0,69,3.51,3.51,0.0,57.610467,0.0
2019-01-29,14,0,74,85.83,85.83,0.0,436.868271,0.0
2019-01-29,14,0,77,30.72,30.72,0.0,-8624.268152,0.0
2019-01-29,14,0,78,23.23,23.23,0.0,-6521.541314,0.0
2019-01-29,14,0,79,13.44,13.44,0.0,-3773.117316,0.0
2019-01-29,14,0,80,21.74,21.74,0.0,-6103.241849,0.0
2019-01-29,14,0,81,28.42,28.42,0.0,-7978.570992,0.0
2019-01-29,14,0,82,20.05,20.05,0.0,-5628.794806,0.0
2019-01-29,14,0,83,44.7,44.7,0.0,-12548.983931,0.0
2019-01-29,14,0,84,0.0,0.0,0.0,0.0,0.0
2019-01-29,14,0,86,17.8,17.8,0.0,292.155645,0.0
2019-01-29,14,0,87,90.85,90.85,0.0,1491.142716,0.0
2019-01-29,14,0,88,21.81,21.81,0.0,-6122.893502,0.0
2019-01-29,14,0,89,20.97,20.97,0.0,-5887.07367,0.0
2019-01-29,14,0,90,28.15,28.15,0.0,-7902.77176,0.0
2019-01-29,14,0,91,100.42,100.42,0.0,-28191.699472,0.0
2019-01-29,14,0,92,36.11,36.11,0.0,-10137.445409,0.0
2019-01-29,14,0,95,0.0,0.0,0.0,0.0,0.0
2019-01-29,14,0,96,14.6,14.6,0.0,-229.780433,0.0
2019-01-29,14,0,97,97.88,97.88,0.0,-1540.473203,0.0
2019-01-29,14,0,99,16.57,16.57,0.0,84.340059,0.0
2019-01-29,14,0,101,9.6,9.6,0.0,-149.501697,0.0
2019-01-29,14,0,102,23.42,23.42,0.0,-9459.800868,0.0
2019-01-29,14,0,103,20.37,20.37,0.0,-8227.845588,0.0
2019-01-29,14,0,104,3.81,3.81,0.0,-1538.9343,0.0
2019-01-29,14,0,106,219.52,219.52,0.0,-3383.886265,0.0
2019-01-29,14,0,109,10.49,10.49,0.0,-19.286457,0.0
2019-01-29,14,0,110,338.6,338.6,0.0,-338600.0,0.0
2019-01-29,14,0,111,20.83,20.83,0.0,-146.813315,0.0
2019-01-29,14,0,113,16.37,16.37,0.0,-4161.400518,0.0
2019-01-29,14,0,115,16.37,16.37,0.0,-4161.400518,0.0
2019-01-29,14,0,116,130.26,130.26,0.0,-130260.0,0.0
2019-01-29,14,0,117,1.09,1.09,0.0,-277.087756,0.0
2019-01-29,14,0,119,12.51,12.51,0.0,1493.746717,0.0
2019-01-29,14,0,120,7.36,7.36,0.0,878.815015,0.0
2019-01-29,14,0,123,3.66,3.66,0.0,-56.418658,0.0
2019-01-29,14,0,125,46.91,46.91,0.0,-723.114544,0.0
2019-01-29,14,0,126,164.64,164.64,0.0,-2537.914699,0.0
2019-01-29,14,0,127,211.28,211.28,0.0,-3256.867211,0.0
2019-01-29,14,0,128,65.1,65.1,0.0,-1003.51219,0.0
2019-01-29,14,0,131,16.01,16.01,0.0,-5839.353355,0.0
2019-01-29,14,0,132,23.54,23.54,0.0,-8585.782509,0.0
2019-01-29,14,0,133,41.94,41.94,0.0,469.85176,0.0
2019-01-29,14,0,134,0.0,0.0,0.0,0.0,0.0
2019-01-29,14,0,135,56.2,56.2,0.0,629.60584,0.0
2019-01-29,14,0,136,45.9,45.9,0.0,503.107498,0.0
2019-01-29,14,0,139,6.31,6.31,0.0,-44.473933,0.0
2019-01-29,14,0,140,250.6,250.6,0.0,-250600.0,0.0
2019-01-29,14,0,141,230.0,230.0,0.0,-126650.369522,0.0
2019-01-29,14,0,142,444.48,444.48,0.0,-244754.59237,0.0
2019-01-29,14,0,143,141.04,141.04,0.0,-2196.429097,0.0
2019-01-29,14,0,145,11.09,11.09,0.0,-116.141565,0.0
2019-01-29,14,0,146,268.0,268.0,0.0,-268000.0,0.0
2019-01-29,14,0,152,9.71,9.71,0.0,50.287602,0.0
2019-01-29,14,0,153,11.9,11.9,0.0,58.395669,0.0
2019-01-29,14,0,154,85.93,85.93,0.0,-605.648977,0.0
2019-01-29,14,0,157,250.0,250.0,0.0,-137663.445133,0.0
2019-01-29,14,0,158,338.2,338.2,0.0,-186231.108576,0.0
2019-01-29,14,0,159,0.0,0.0,0.0,0.0,0.0
2019-01-29,14,0,160,2.9,2.9,0.0,18.479974,0.0
2019-01-29,14,0,161,65.59,65.59,0.0,-26493.097307,0.0
2019-01-29,14,0,162,0.0,0.0,0.0,0.0,0.0
2019-01-29,14,0,163,68.41,68.41,0.0,-68410.0,0.0
2019-01-29,14,0,164,23.79,23.79,0.0,-370.483893,0.0
2019-01-29,14,0,167,6.88,6.88,0.0,131.934474,0.0
2019-01-29,14,0,168,3.44,3.44,0.0,65.967237,0.0
2019-01-29,14,0,169,0.0,0.0,0.0,0.0,0.0
2019-01-29,14,0,170,7.53,7.53,0.0,144.399213,0.0
2019-01-29,14,0,172,9.43,9.43,0.0,162.7299,0.0
2019-01-29,14,0,173,14.37,14.37,0.0,247.977588,0.0
2019-01-29,14,0,188,12.41,12.41,0.0,354.58712,0.0
2019-01-29,14,0,190,10.39,10.39,0.0,336.922318,0.0
2019-01-29,14,0,191,26.83,26.83,0.0,870.031357,0.0
2019-01-29,14,0,192,135.06,135.06,0.0,4379.665864,0.0
2019-01-29,14,0,194,10.2,10.2,0.0,-1226.392147,0.0
2019-01-29,14,0,196,6.96,6.96,0.0,1910.58544,0.0
2019-01-29,14,0,198,13.26,13.26,0.0,142.306692,0.0
2019-01-29,14,0,199,13.48,13.48,0.0,-245.419877,0.0
2019-01-29,14,0,200,24.47,24.47,0.0,-445.50626,0.0
2019-01-29,14,0,204,43.22,43.22,0.0,-108.932225,0.0
2019-01-29,14,0,205,55.49,55.49,0.0,-102.021498,0.0
2019-01-29,14,0,206,346.48,346.48,0.0,-5453.035913,0.0
2019-01-29,14,0,210,3.14,3.14,0.0,22.342627,0.0
2019-01-29,14,0,214,18.68,18.68,0.0,364.441396,0.0
2019-01-29,14,0,217,12.68,12.68,0.0,179.233847,0.0
2019-01-29,14,0,218,17.5,17.5,0.0,247.365325,0.0
2019-01-29,14,0,219,11.92,11.92,0.0,168.491124,0.0
2019-01-29,14,0,221,9.96,9.96,0.0,194.316718,0.0
2019-01-29,14,0,225,9.83,9.83,0.0,54.248592,0.0
2019-01-29,14,0,233,10.07,10.07,0.0,165.281312,0.0
2019-01-29,14,0,236,121.87,121.87,0.0,1010.86982,0.0
2019-01-29,14,0,237,205.89,205.89,0.0,1047.964679,0.0
2019-01-29,14,0,238,109.3,109.3,0.0,1098.399472,0.0
2019-01-29,14,0,240,13.86,13.86,0.0,35.954708,0.0
2019-01-29,14,0,245,78.0,78.0,0.0,932.688672,0.0
2019-01-29,14,0,247,171.72,171.72,0.0,2053.349984,0.0
2019-01-29,14,0,248,20.67,20.67,0.0,105.208752,0.0
2019-01-29,14,0,249,150.0,150.0,0.0,1793.632062,0.0
2019-01-29,14,0,251,259.81,259.81,0.0,2760.933058,0.0
2019-01-29,14,0,252,267.06,267.06,0.0,2930.318302,0.0
2019-01-29,14,0,254,21.33,21.33,0.0,87.065,0.0
2019-01-29,14,0,255,9.78,9.78,0.0,39.920098,0.0
2019-01-29,14,0,258,17.03,17.03,0.0,46.15937,0.0
2019-01-29,14,0,260,7.05,7.05,0.0,44.925454,0.0
2019-01-29,14,0,265,88.97,88.97,0.0,-627.075404,0.0
2019-01-29,14,0,266,4.09,4.09,0.0,-28.827002,0.0
2019-01-29,14,0,267,5.02,5.02,0.0,-35.381798,0.0
2019-01-29,14,0,270,237.8,237.8,0.0,-237800.0,0.0
2019-01-29,14,0,272,54.7,54.7,0.0,-13905.229586,0.0
2019-01-29,14,0,273,31.15,31.15,0.0,-31150.0,0.0
2019-01-29,14,0,274,317.2,317.2,0.0,-317200.0,0.0
2019-01-29,14,0,275,461.33,461.33,0.0,-461330.0,0.0
2019-01-29,14,0,276,7.07,7.07,0.0,-6360.670252,0.0
2019-01-29,14,0,277,8.72,8.72,0.0,-2309.44694,0.0
2019-01-29,14,0,278,13.94,13.94,0.0,-3691.936967,0.0
2019-01-29,14,0,279,100.59,100.59,0.0,-26640.741714,0.0
2019-01-29,14,0,281,36.79,36.79,0.0,-572.934107,0.0
2019-01-29,14,0,282,261.37,261.37,0.0,-4070.339428,0.0
2019-01-29,15,0,9,2.62,2.62,0.0,9.538244,0.0
2019-01-29,15,0,17,57.76,57.76,0.0,479.305192,0.0
2019-01-29,15,0,19,192.99,192.99,0.0,1601.473495,0.0
2019-01-29,15,0,20,234.06,234.06,0.0,1942.281394,0.0
2019-01-29,15,0,21,59.91,59.91,0.0,218.105421,0.0
2019-01-29,15,0,22,212.91,212.91,0.0,775.10975,0.0
2019-01-29,15,0,23,24.96,24.96,0.0,90.868157,0.0
2019-01-29,15,0,24,44.15,44.15,0.0,160.730334,0.0
2019-01-29,15,0,29,9.86,9.86,0.0,89.551371,0.0
2019-01-29,15,0,30,451.62,451.62,0.0,1631.087146,0.0
2019-01-29,15,0,31,86.75,86.75,0.0,313.309441,0.0
2019-01-29,15,0,32,5.51,5.51,0.0,254.333969,0.0
2019-01-29,15,0,33,3.32,3.32,0.0,30.379571,0.0
2019-01-29,15,0,34,5.32,5.32,0.0,48.680517,0.0
2019-01-29,15,0,35,5.32,5.32,0.0,48.680517,0.0
2019-01-29,15,0,36,11.73,11.73,0.0,81.719859,0.0
2019-01-29,15,0,37,5.56,5.56,0.0,38.627375,0.0
2019-01-29,15,0,38,7.14,7.14,0.0,49.604219,0.0
2019-01-29,15,0,39,4.76,4.76,0.0,33.069479,0.0
2019-01-29,15,0,40,4.76,4.76,0.0,33.069479,0.0
2019-01-29,15,0,41,13.78,13.78,0.0,71.025586,0.0
2019-01-29,15,0,42,81.17,81.17,0.0,658.571295,0.0
2019-01-29,15,0,43,35.45,35.45,0.0,253.793152,0.0
2019-01-29,15,0,46,30.02,30.02,0.0,199.195355,0.0
2019-01-29,15,0,52,91.95,91.95,0.0,332.08995,0.0
2019-01-29,15,0,53,146.08,146.08,0.0,527.587818,0.0
2019-01-29,15,0,55,482.22,482.22,0.0,1755.546586,0.0
2019-01-29,15,0,56,133.21,133.21,0.0,481.10606,0.0
2019-01-29,15,0,57,126.71,126.71,0.0,457.630424,0.0
2019-01-29,15,0,58,243.68,243.68,0.0,880.083512,0.0
2019-01-29,15,0,59,239.62,239.62,0.0,865.420269,0.0
2019-01-29,15,0,63,10.51,10.51,0.0,1205.72162,0.0
2019-01-29,15,0,64,12.36,12.36,0.0,1417.956159,0.0
2019-01-29,15,0,65,37.16,37.16,0.0,307.086624,0.0
2019-01-29,15,0,67,319.9,319.9,0.0,-177808.141756,0.0
2019-01-29,15,0,68,20.15,20.15,0.0,-8277.186808,0.0
2019-01-29,15,0,69,3.32,3.32,0.0,30.379571,0.0
2019-01-29,15,0,74,76.62,76.62,0.0,558.965021,0.0
2019-01-29,15,0,77,35.58,35.58,0.0,-10312.306478,0.0
2019-01-29,15,0,78,26.9,26.9,0.0,-7796.544245,0.0
2019-01-29,15,0,79,15.57,15.57,0.0,-4512.720963,0.0
2019-01-29,15,0,80,25.17,25.17,0.0,-7295.130805,0.0
2019-01-29,15,0,81,32.91,32.91,0.0,-9538.44874,0.0
2019-01-29,15,0,82,23.22,23.22,0.0,-6729.953806,0.0
2019-01-29,15,0,83,51.77,51.77,0.0,-15004.724743,0.0
2019-01-29,15,0,84,0.0,0.0,0.0,0.0,0.0
2019-01-29,15,0,86,16.84,16.84,0.0,154.093967,0.0
2019-01-29,15,0,87,85.96,85.96,0.0,786.574667,0.0
2019-01-29,15,0,88,25.33,25.33,0.0,-7341.504302,0.0
2019-01-29,15,0,89,24.35,24.35,0.0,-7057.466631,0.0
2019-01-29,15,0,90,32.69,32.69,0.0,-9474.685181,0.0
2019-01-29,15,0,91,116.61,116.61,0.0,-33797.584552,0.0
2019-01-29,15,0,92,41.94,41.94,0.0,-12155.652998,0.0
2019-01-29,15,0,95,0.0,0.0,0.0,0.0,0.0
2019-01-29,15,0,96,16.37,16.37,0.0,58.6278,0.0
2019-01-29,15,0,97,100.69,100.69,0.0,360.612901,0.0
2019-01-29,15,0,99,14.79,14.79,0.0,107.89732,0.0
2019-01-29,15,0,101,9.1,9.1,0.0,32.86589,0.0
2019-01-29,15,0,102,47.72,47.72,0.0,-19602.350098,0.0
2019-01-29,15,0,103,41.49,41.49,0.0,-17043.200033,0.0
2019-01-29,15,0,104,7.71,7.71,0.0,-3167.102248,0.0
2019-01-29,15,0,106,209.59,209.59,0.0,763.02312,0.0
2019-01-29,15,0,109,12.44,12.44,0.0,76.320924,0.0
2019-01-29,15,0,110,338.6,338.6,0.0,-338600.0,0.0
2019-01-29,15,0,111,20.22,20.22,0.0,104.218965,0.0
2019-01-29,15,0,113,18.63,18.63,0.0,-4860.874013,0.0
2019-01-29,15,0,115,18.63,18.63,0.0,-4860.874013,0.0
2019-01-29,15,0,116,122.5,122.5,0.0,-122500.0,0.0
2019-01-29,15,0,117,1.24,1.24,0.0,-323.536435,0.0
2019-01-29,15,0,119,12.36,12.36,0.0,1417.956159,0.0
2019-01-29,15,0,120,7.27,7.27,0.0,834.024375,0.0
2019-01-29,15,0,123,3.49,3.49,0.0,12.705524,0.0
2019-01-29,15,0,125,39.96,39.96,0.0,145.476425,0.0
2019-01-29,15,0,126,157.2,157.2,0.0,572.294644,0.0
2019-01-29,15,0,127,201.73,201.73,0.0,734.408388,0.0
2019-01-29,15,0,128,57.23,57.23,0.0,208.348744,0.0
2019-01-29,15,0,131,45.5,45.5,0.0,-16927.878224,0.0
2019-01-29,15,0,132,66.96,66.96,0.0,-24911.884085,0.0
2019-01-29,15,0,133,41.94,41.94,0.0,348.162952,0.0
2019-01-29,15,0,134,0.0,0.0,0.0,0.0,0.0
2019-01-29,15,0,135,56.2,56.2,0.0,466.541676,0.0
2019-01-29,15,0,136,45.9,45.9,0.0,379.22666,0.0
2019-01-29,15,0,139,17.92,17.92,0.0,92.364187,0.0
2019-01-29,15,0,140,250.6,250.6,0.0,-250600.0,0.0
2019-01-29,15,0,141,230.0,230.0,0.0,-127839.551747,0.0
2019-01-29,15,0,142,421.87,421.87,0.0,-234485.529111,0.0
2019-01-29,15,0,143,154.15,154.15,0.0,556.733722,0.0
2019-01-29,15,0,145,7.93,7.93,0.0,36.069269,0.0
2019-01-29,15,0,146,268.0,268.0,0.0,-268000.0,0.0
2019-01-29,15,0,152,9.18,9.18,0.0,67.252731,0.0
2019-01-29,15,0,153,11.32,11.32,0.0,82.433672,0.0
2019-01-29,15,0,154,83.41,83.41,0.0,429.916117,0.0
2019-01-29,15,0,157,250.0,250.0,0.0,-138956.034508,0.0
2019-01-29,15,0,158,323.09,323.09,0.0,-179581.220757,0.0
2019-01-29,15,0,159,0.0,0.0,0.0,0.0,0.0
2019-01-29,15,0,160,2.77,2.77,0.0,21.680501,0.0
2019-01-29,15,0,161,61.57,61.57,0.0,-25291.632345,0.0
2019-01-29,15,0,162,0.0,0.0,0.0,0.0,0.0
2019-01-29,15,0,163,75.94,75.94,0.0,-75940.0,0.0
2019-01-29,15,0,164,22.43,22.43,0.0,81.009,0.0
2019-01-29,15,0,167,6.36,6.36,0.0,103.235907,0.0
2019-01-29,15,0,168,3.18,3.18,0.0,51.617954,0.0
2019-01-29,15,0,169,0.0,0.0,0.0,0.0,0.0
2019-01-29,15,0,170,6.96,6.96,0.0,112.975144,0.0
2019-01-29,15,0,172,8.85,8.85,0.0,147.428981,0.0
2019-01-29,15,0,173,13.48,13.48,0.0,224.558494,0.0
2019-01-29,15,0,188,11.42,11.42,0.0,296.733107,0.0
2019-01-29,15,0,190,9.92,9.92,0.0,321.681367,0.0
2019-01-29,15,0,191,25.62,25.62,0.0,830.794013,0.0
2019-01-29,15,0,192,131.42,131.42,0.0,4261.629556,0.0
2019-01-29,15,0,194,11.99,11.99,0.0,-1510.379267,0.0
2019-01-29,15,0,196,6.63,6.63,0.0,1777.128982,0.0
2019-01-29,15,0,198,12.6,12.6,0.0,112.295346,0.0
2019-01-29,15,0,199,10.45,10.45,0.0,-285.967984,0.0
2019-01-29,15,0,200,22.67,22.67,0.0,-620.37265,0.0
2019-01-29,15,0,204,51.97,51.97,0.0,312.737896,0.0
2019-01-29,15,0,205,65.83,65.83,0.0,403.875112,0.0
2019-01-29,15,0,206,295.88,295.88,0.0,1059.66973,0.0
2019-01-29,15,0,210,2.92,2.92,0.0,27.0941,0.0
2019-01-29,15,0,214,17.27,17.27,0.0,166.736366,0.0
2019-01-29,15,0,217,11.72,11.72,0.0,111.317314,0.0
2019-01-29,15,0,218,16.17,16.17,0.0,153.5837,0.0
2019-01-29,15,0,219,11.01,11.01,0.0,104.573688,0.0
2019-01-29,15,0,221,9.21,9.21,0.0,88.919626,0.0
2019-01-29,15,0,225,9.02,9.02,0.0,81.751068,0.0
2019-01-29,15,0,233,9.53,9.53,0.0,87.204009,0.0
2019-01-29,15,0,236,111.64,111.64,0.0,874.039892,0.0
2019-01-29,15,0,237,183.81,183.81,0.0,1340.947017,0.0
2019-01-29,15,0,238,105.65,105.65,0.0,857.189322,0.0
2019-01-29,15,0,240,13.3,13.3,0.0,92.657641,0.0
2019-01-29,15,0,245,78.0,78.0,0.0,657.10439,0.0
2019-01-29,15,0,247,149.96,149.96,0.0,1263.325312,0.0
2019-01-29,15,0,248,18.45,18.45,0.0,134.598077,0.0
2019-01-29,15,0,249,150.0,150.0,0.0,1263.662288,0.0
2019-01-29,15,0,251,188.41,188.41,0.0,1546.38623,0.0
2019-01-29,15,0,252,239.69,239.69,0.0,1980.774834,0.0
2019-01-29,15,0,254,20.38,20.38,0.0,149.318924,0.0
2019-01-29,15,0,255,9.34,9.34,0.0,68.431735,0.0
2019-01-29,15,0,258,16.33,16.33,0.0,114.274426,0.0
2019-01-29,15,0,260,6.73,6.73,0.0,52.675008,0.0
2019-01-29,15,0,265,86.36,86.36,0.0,445.121159,0.0
2019-01-29,15,0,266,11.46,11.46,0.0,59.067722,0.0
2019-01-29,15,0,267,14.17,14.17,0.0,73.035744,0.0
2019-01-29,15,0,270,247.85,247.85,0.0,-247850.0,0.0
2019-01-29,15,0,272,62.26,62.26,0.0,-16244.660013,0.0
2019-01-29,15,0,273,29.29,29.29,0.0,-29290.0,0.0
2019-01-29,15,0,274,326.46,326.46,0.0,-326460.0,0.0
2019-01-29,15,0,275,468.58,468.58,0.0,-468580.0,0.0
2019-01-29,15,0,276,6.64,6.64,0.0,-5981.477374,0.0
2019-01-29,15,0,277,8.23,8.23,0.0,-2242.75832,0.0
2019-01-29,15,0,278,13.16,13.16,0.0,-3586.23323,0.0
2019-01-29,15,0,279,115.47,115.47,0.0,-31466.744004,0.0
2019-01-29,15,0,281,38.93,38.93,0.0,140.600998,0.0
2019-01-29,15,0,282,247.74,247.74,0.0,894.746755,0.0
2019-01-29,16,0,9,2.89,2.89,0.0,-15.442619,0.0
2019-01-29,16,0,17,39.22,39.22,0.0,380.078305,0.0
2019-01-29,16,0,19,332.0,332.0,0.0,3217.389022,0.0
2019-01-29,16,0,20,419.03,419.03,0.0,4060.790728,0.0
2019-01-29,16,0,21,66.08,66.08,0.0,-353.096277,0.0
2019-01-29,16,0,22,234.84,234.84,0.0,-1254.859712,0.0
2019-01-29,16,0,23,27.25,27.25,0.0,-145.609467,0.0
2019-01-29,16,0,24,48.22,48.22,0.0,-257.661963,0.0
2019-01-29,16,0,29,7.32,7.32,0.0,45.990418,0.0
2019-01-29,16,0,30,553.93,553.93,0.0,-3009.317008,0.0
2019-01-29,16,0,31,91.59,91.59,0.0,-497.577934,0.0
2019-01-29,16,0,32,3.95,3.95,0.0,88.812416,0.0
2019-01-29,16,0,33,2.22,2.22,0.0,28.0999,0.0
2019-01-29,16,0,34,3.55,3.55,0.0,44.934525,0.0
2019-01-29,16,0,35,3.55,3.55,0.0,44.934525,0.0
2019-01-29,16,0,36,9.08,9.08,0.0,43.655746,0.0
2019-01-29,16,0,37,4.3,4.3,0.0,20.211788,0.0
2019-01-29,16,0,38,5.53,5.53,0.0,25.993299,0.0
2019-01-29,16,0,39,3.69,3.69,0.0,17.344534,0.0
2019-01-29,16,0,40,3.69,3.69,0.0,17.344534,0.0
2019-01-29,16,0,41,30.78,30.78,0.0,-19.14895,0.0
2019-01-29,16,0,42,71.39,71.39,0.0,645.926592,0.0
2019-01-29,16,0,43,27.46,27.46,0.0,142.90853,0.0
2019-01-29,16,0,46,23.64,23.64,0.0,87.466368,0.0
2019-01-29,16,0,52,97.08,97.08,0.0,-527.403273,0.0
2019-01-29,16,0,53,154.24,154.24,0.0,-837.934496,0.0
2019-01-29,16,0,55,514.74,514.74,0.0,-2750.496033,0.0
2019-01-29,16,0,56,163.39,163.39,0.0,-887.643395,0.0
2019-01-29,16,0,57,155.42,155.42,0.0,-844.345042,0.0
2019-01-29,16,0,58,298.88,298.88,0.0,-1623.715392,0.0
2019-01-29,16,0,59,293.9,293.9,0.0,-1596.660713,0.0
2019-01-29,16,0,63,10.56,10.56,0.0,342.435003,0.0
2019-01-29,16,0,64,12.42,12.42,0.0,402.750259,0.0
2019-01-29,16,0,65,30.66,30.66,0.0,293.461342,0.0
2019-01-29,16,0,67,295.73,295.73,0.0,-14301.912107,0.0
2019-01-29,16,0,68,22.89,22.89,0.0,-683.741322,0.0
2019-01-29,16,0,69,2.22,2.22,0.0,28.0999,0.0
2019-01-29,16,0,74,45.38,45.38,0.0,283.005009,0.0
2019-01-29,16,0,77,40.94,40.94,0.0,-569.147089,0.0
2019-01-29,16,0,78,30.95,30.95,0.0,-430.266302,0.0
2019-01-29,16,0,79,17.91,17.91,0.0,-248.984474,0.0
2019-01-29,16,0,80,28.97,28.97,0.0,-402.74038,0.0
2019-01-29,16,0,81,37.87,37.87,0.0,-526.468009,0.0
2019-01-29,16,0,82,26.72,26.72,0.0,-371.460924,0.0
2019-01-29,16,0,83,59.57,59.57,0.0,-828.140989,0.0
2019-01-29,16,0,84,0.0,0.0,0.0,0.0,0.0
2019-01-29,16,0,86,11.24,11.24,0.0,142.271568,0.0
2019-01-29,16,0,87,57.4,57.4,0.0,726.546973,0.0
2019-01-29,16,0,88,29.14,29.14,0.0,-405.103717,0.0
2019-01-29,16,0,89,28.02,28.02,0.0,-389.533499,0.0
2019-01-29,16,0,90,37.62,37.62,0.0,-522.992513,0.0
2019-01-29,16,0,91,134.19,134.19,0.0,-1865.506788,0.0
2019-01-29,16,0,92,48.26,48.26,0.0,-670.909588,0.0
2019-01-29,16,0,95,0.0,0.0,0.0,0.0,0.0
2019-01-29,16,0,96,19.22,19.22,0.0,-106.207592,0.0
2019-01-29,16,0,97,118.22,118.22,0.0,-653.270633,0.0
2019-01-29,16,0,99,9.95,9.95,0.0,62.051561,0.0
2019-01-29,16,0,101,11.16,11.16,0.0,-60.628559,0.0
2019-01-29,16,0,102,54.2,54.2,0.0,-1618.994305,0.0
2019-01-29,16,0,103,47.13,47.13,0.0,-1407.808148,0.0
2019-01-29,16,0,104,8.75,8.75,0.0,-261.369007,0.0
2019-01-29,16,0,106,231.18,231.18,0.0,-1235.302624,0.0
2019-01-29,16,0,109,16.49,16.49,0.0,38.114763,0.0
2019-01-29,16,0,110,338.6,338.6,0.0,-35548.12582,0.0
2019-01-29,16,0,111,18.42,18.42,0.0,-11.459508,0.0
2019-01-29,16,0,113,21.24,21.24,0.0,-255.386153,0.0
2019-01-29,16,0,115,21.24,21.24,0.0,-255.386153,0.0
2019-01-29,16,0,116,106.96,106.96,0.0,-11229.2603,0.0
2019-01-29,16,0,117,1.42,1.42,0.0,-17.073839,0.0
2019-01-29,16,0,119,12.42,12.42,0.0,402.750259,0.0
2019-01-29,16,0,120,7.3,7.3,0.0,236.721167,0.0
2019-01-29,16,0,123,3.85,3.85,0.0,-20.572347,0.0
2019-01-29,16,0,125,43.64,43.64,0.0,-233.188885,0.0
2019-01-29,16,0,126,173.38,173.38,0.0,-926.450251,0.0
2019-01-29,16,0,127,222.51,222.51,0.0,-1188.974768,0.0
2019-01-29,16,0,128,62.5,62.5,0.0,-333.966667,0.0
2019-01-29,16,0,131,21.36,21.36,0.0,-532.557412,0.0
2019-01-29,16,0,132,31.4,31.4,0.0,-782.879341,0.0
2019-01-29,16,0,133,50.5,50.5,0.0,489.960372,0.0
2019-01-29,16,0,134,0.0,0.0,0.0,0.0,0.0
2019-01-29,16,0,135,64.2,64.2,0.0,622.880315,0.0
2019-01-29,16,0,136,45.01,45.01,0.0,430.516793,0.0
2019-01-29,16,0,139,40.08,40.08,0.0,-24.934695,0.0
2019-01-29,16,0,140,250.6,250.6,0.0,-26309.392588,0.0
2019-01-29,16,0,141,230.0,230.0,0.0,-11123.118333,0.0
2019-01-29,16,0,142,389.99,389.99,0.0,-18860.456169,0.0
2019-01-29,16,0,143,168.5,168.5,0.0,-915.404321,0.0
2019-01-29,16,0,145,10.48,10.48,0.0,-26.795137,0.0
2019-01-29,16,0,146,268.0,268.0,0.0,-28136.142114,0.0
2019-01-29,16,0,152,7.37,7.37,0.0,46.31448,0.0
2019-01-29,16,0,153,8.82,8.82,0.0,54.066417,0.0
2019-01-29,16,0,154,75.99,75.99,0.0,-47.275137,0.0
2019-01-29,16,0,157,195.3,195.3,0.0,-9444.978307,0.0
2019-01-29,16,0,158,286.25,286.25,0.0,-13843.446187,0.0
2019-01-29,16,0,159,0.0,0.0,0.0,0.0,0.0
2019-01-29,16,0,160,2.17,2.17,0.0,14.997199,0.0
2019-01-29,16,0,161,56.11,56.11,0.0,-1676.047425,0.0
2019-01-29,16,0,162,0.0,0.0,0.0,0.0,0.0
2019-01-29,16,0,163,78.97,78.97,0.0,-8290.713219,0.0
2019-01-29,16,0,164,21.11,21.11,0.0,-114.683592,0.0
2019-01-29,16,0,167,5.06,5.06,0.0,114.233987,0.0
2019-01-29,16,0,168,2.53,2.53,0.0,57.116993,0.0
2019-01-29,16,0,169,0.0,0.0,0.0,0.0,0.0
2019-01-29,16,0,170,5.54,5.54,0.0,125.070413,0.0
2019-01-29,16,0,172,6.91,6.91,0.0,134.758024,0.0
2019-01-29,16,0,173,10.53,10.53,0.0,205.354847,0.0
2019-01-29,16,0,188,7.92,7.92,0.0,163.520659,0.0
2019-01-29,16,0,190,8.5,8.5,0.0,275.634236,0.0
2019-01-29,16,0,191,21.96,21.96,0.0,712.109154,0.0
2019-01-29,16,0,192,129.02,129.02,0.0,4183.803419,0.0
2019-01-29,16,0,194,13.85,13.85,0.0,48.366433,0.0
2019-01-29,16,0,196,5.64,5.64,0.0,292.469005,0.0
2019-01-29,16,0,198,9.58,9.58,0.0,89.312998,0.0
2019-01-29,16,0,199,8.39,8.39,0.0,102.944691,0.0
2019-01-29,16,0,200,16.52,16.52,0.0,202.699202,0.0
2019-01-29,16,0,204,70.03,70.03,0.0,134.85357,0.0
2019-01-29,16,0,205,87.24,87.24,0.0,201.645355,0.0
2019-01-29,16,0,206,347.39,347.39,0.0,-1919.638683,0.0
2019-01-29,16,0,210,2.25,2.25,0.0,16.009844,0.0
2019-01-29,16,0,214,11.84,11.84,0.0,170.662723,0.0
2019-01-29,16,0,217,8.24,8.24,0.0,92.684562,0.0
2019-01-29,16,0,218,11.38,11.38,0.0,128.003679,0.0
2019-01-29,16,0,219,7.75,7.75,0.0,87.17298,0.0
2019-01-29,16,0,221,6.32,6.32,0.0,91.096994,0.0
2019-01-29,16,0,225,6.57,6.57,0.0,40.749986,0.0
2019-01-29,16,0,233,6.36,6.36,0.0,80.502417,0.0
2019-01-29,16,0,236,82.12,82.12,0.0,661.251899,0.0
2019-01-29,16,0,237,103.78,103.78,0.0,647.207136,0.0
2019-01-29,16,0,238,92.92,92.92,0.0,840.726978,0.0
2019-01-29,16,0,240,10.3,10.3,0.0,49.521386,0.0
2019-01-29,16,0,245,78.0,78.0,0.0,790.156737,0.0
2019-01-29,16,0,247,113.26,113.26,0.0,1147.348103,0.0
2019-01-29,16,0,248,12.22,12.22,0.0,76.208048,0.0
2019-01-29,16,0,249,150.0,150.0,0.0,1519.532186,0.0
2019-01-29,16,0,251,146.17,146.17,0.0,1370.393651,0.0
2019-01-29,16,0,252,197.81,197.81,0.0,1893.332942,0.0
2019-01-29,16,0,254,14.51,14.51,0.0,81.728552,0.0
2019-01-29,16,0,255,6.65,6.65,0.0,37.456573,0.0
2019-01-29,16,0,258,12.59,12.59,0.0,61.337397,0.0
2019-01-29,16,0,260,5.27,5.27,0.0,36.421769,0.0
2019-01-29,16,0,265,78.68,78.68,0.0,-48.948648,0.0
2019-01-29,16,0,266,25.55,25.55,0.0,-15.895246,0.0
2019-01-29,16,0,267,31.66,31.66,0.0,-19.696418,0.0
2019-01-29,16,0,270,213.43,213.43,0.0,-22407.077654,0.0
2019-01-29,16,0,272,70.98,70.98,0.0,-853.451466,0.0
2019-01-29,16,0,273,25.58,25.58,0.0,-2685.531773,0.0
2019-01-29,16,0,274,266.36,266.36,0.0,-27963.965722,0.0
2019-01-29,16,0,275,357.09,357.09,0.0,-37489.309654,0.0
2019-01-29,16,0,276,5.9,5.9,0.0,-544.821409,0.0
2019-01-29,16,0,277,7.57,7.57,0.0,-96.720459,0.0
2019-01-29,16,0,278,12.11,12.11,0.0,-154.727181,0.0
2019-01-29,16,0,279,300.87,300.87,0.0,-3844.159132,0.0
2019-01-29,16,0,281,41.1,41.1,0.0,-223.282597,0.0
2019-01-29,16,0,282,303.87,303.87,0.0,-1650.824399,0.0
2019-01-29,17,0,9,2.05,2.05,0.0,-9.995485,0.0
2019-01-29,17,0,17,27.87,27.87,0.0,263.878588,0.0
2019-01-29,17,0,19,284.63,284.63,0.0,2694.932277,0.0
2019-01-29,17,0,20,342.76,342.76,0.0,3245.318438,0.0
2019-01-29,17,0,21,46.77,46.77,0.0,-228.043335,0.0
2019-01-29,17,0,22,166.22,166.22,0.0,-810.463185,0.0
2019-01-29,17,0,23,37.49,37.49,0.0,-182.795481,0.0
2019-01-29,17,0,24,66.68,66.68,0.0,-325.121437,0.0
2019-01-29,17,0,29,5.15,5.15,0.0,31.236746,0.0
2019-01-29,17,0,30,396.65,396.65,0.0,-1967.719218,0.0
2019-01-29,17,0,31,100.32,100.32,0.0,-497.671983,0.0
2019-01-29,17,0,32,2.81,2.81,0.0,77.960057,0.0
2019-01-29,17,0,33,1.58,1.58,0.0,19.440547,0.0
2019-01-29,17,0,34,2.53,2.53,0.0,31.129483,0.0
2019-01-29,17,0,35,2.53,2.53,0.0,31.129483,0.0
2019-01-29,17,0,36,6.61,6.61,0.0,31.691562,0.0
2019-01-29,17,0,37,3.08,3.08,0.0,14.447641,0.0
2019-01-29,17,0,38,3.96,3.96,0.0,18.575538,0.0
2019-01-29,17,0,39,2.64,2.64,0.0,12.383692,0.0
2019-01-29,17,0,40,2.64,2.64,0.0,12.383692,0.0
2019-01-29,17,0,41,17.43,17.43,0.0,-6.544845,0.0
2019-01-29,17,0,42,50.84,50.84,0.0,450.109931,0.0
2019-01-29,17,0,43,19.49,19.49,0.0,100.70298,0.0
2019-01-29,17,0,46,17.16,17.16,0.0,64.116839,0.0
2019-01-29,17,0,52,106.34,106.34,0.0,-527.53627,0.0
2019-01-29,17,0,53,168.94,168.94,0.0,-838.085175,0.0
2019-01-29,17,0,55,544.32,544.32,0.0,-2654.020701,0.0
2019-01-29,17,0,56,117.0,117.0,0.0,-580.418879,0.0
2019-01-29,17,0,57,111.29,111.29,0.0,-552.092454,0.0
2019-01-29,17,0,58,214.02,214.02,0.0,-1061.720073,0.0
2019-01-29,17,0,59,210.45,210.45,0.0,-1044.009856,0.0
2019-01-29,17,0,63,17.89,17.89,0.0,687.664624,0.0
2019-01-29,17,0,64,21.04,21.04,0.0,808.745874,0.0
2019-01-29,17,0,65,25.68,25.68,0.0,240.210733,0.0
2019-01-29,17,0,67,210.47,210.47,0.0,-10600.589937,0.0
2019-01-29,17,0,68,11.4,11.4,0.0,-345.323269,0.0
2019-01-29,17,0,69,1.58,1.58,0.0,19.440547,0.0
2019-01-29,17,0,74,36.57,36.57,0.0,225.516213,0.0
2019-01-29,17,0,77,37.12,37.12,0.0,-483.709483,0.0
2019-01-29,17,0,78,28.06,28.06,0.0,-365.648925,0.0
2019-01-29,17,0,79,16.24,16.24,0.0,-211.622899,0.0
2019-01-29,17,0,80,26.26,26.26,0.0,-342.193185,0.0
2019-01-29,17,0,81,34.33,34.33,0.0,-447.353086,0.0
2019-01-29,17,0,82,24.22,24.22,0.0,-315.610013,0.0
2019-01-29,17,0,83,54.01,54.01,0.0,-703.80251,0.0
2019-01-29,17,0,84,0.0,0.0,0.0,0.0,0.0
2019-01-29,17,0,86,8.0,8.0,0.0,98.433149,0.0
2019-01-29,17,0,87,40.86,40.86,0.0,502.747308,0.0
2019-01-29,17,0,88,26.07,26.07,0.0,-339.717301,0.0
2019-01-29,17,0,89,25.07,25.07,0.0,-326.686334,0.0
2019-01-29,17,0,90,33.66,33.66,0.0,-438.622338,0.0
2019-01-29,17,0,91,120.06,120.06,0.0,-1564.497859,0.0
2019-01-29,17,0,92,43.18,43.18,0.0,-562.677141,0.0
2019-01-29,17,0,95,0.0,0.0,0.0,0.0,0.0
2019-01-29,17,0,96,19.31,19.31,0.0,-97.509266,0.0
2019-01-29,17,0,97,118.77,118.77,0.0,-599.750158,0.0
2019-01-29,17,0,99,7.44,7.44,0.0,45.880247,0.0
2019-01-29,17,0,101,7.99,7.99,0.0,-39.637153,0.0
2019-01-29,17,0,102,26.96,26.96,0.0,-816.65924,0.0
2019-01-29,17,0,103,23.45,23.45,0.0,-710.336023,0.0
2019-01-29,17,0,104,4.37,4.37,0.0,-132.37392,0.0
2019-01-29,17,0,106,163.63,163.63,0.0,-797.834743,0.0
2019-01-29,17,0,109,18.17,18.17,0.0,43.924,0.0
2019-01-29,17,0,110,338.6,338.6,0.0,-37869.557275,0.0
2019-01-29,17,0,111,14.14,14.14,0.0,-5.309473,0.0
2019-01-29,17,0,113,19.37,19.37,0.0,-208.060662,0.0
2019-01-29,17,0,115,19.37,19.37,0.0,-208.060662,0.0
2019-01-29,17,0,116,78.14,78.14,0.0,-8739.300666,0.0
2019-01-29,17,0,117,1.29,1.29,0.0,-13.856389,0.0
2019-01-29,17,0,119,21.04,21.04,0.0,808.745874,0.0
2019-01-29,17,0,120,12.38,12.38,0.0,475.868532,0.0
2019-01-29,17,0,123,2.73,2.73,0.0,-13.311061,0.0
2019-01-29,17,0,125,60.27,60.27,0.0,-293.867261,0.0
2019-01-29,17,0,126,122.72,122.72,0.0,-598.363868,0.0
2019-01-29,17,0,127,157.49,157.49,0.0,-767.897046,0.0
2019-01-29,17,0,128,86.75,86.75,0.0,-422.979673,0.0
2019-01-29,17,0,131,18.8,18.8,0.0,-468.687096,0.0
2019-01-29,17,0,132,27.64,27.64,0.0,-689.069752,0.0
2019-01-29,17,0,133,111.85,111.85,0.0,1060.220961,0.0
2019-01-29,17,0,134,0.0,0.0,0.0,0.0,0.0
2019-01-29,17,0,135,146.43,146.43,0.0,1388.003177,0.0
2019-01-29,17,0,136,38.35,38.35,0.0,358.485502,0.0
2019-01-29,17,0,139,22.5,22.5,0.0,-8.448595,0.0
2019-01-29,17,0,140,250.6,250.6,0.0,-28027.498681,0.0
2019-01-29,17,0,141,230.0,230.0,0.0,-11584.243291,0.0
2019-01-29,17,0,142,277.55,277.55,0.0,-13979.159676,0.0
2019-01-29,17,0,143,178.44,178.44,0.0,-885.213204,0.0
2019-01-29,17,0,145,11.24,11.24,0.0,-24.961706,0.0
2019-01-29,17,0,146,268.0,268.0,0.0,-29973.542085,0.0
2019-01-29,17,0,152,5.28,5.28,0.0,32.794337,0.0
2019-01-29,17,0,153,6.3,6.3,0.0,38.200673,0.0
2019-01-29,17,0,154,58.33,58.33,0.0,-21.902514,0.0
2019-01-29,17,0,157,93.34,93.34,0.0,-4701.188125,0.0
2019-01-29,17,0,158,206.35,206.35,0.0,-10393.080883,0.0
2019-01-29,17,0,159,0.0,0.0,0.0,0.0,0.0
2019-01-29,17,0,160,1.56,1.56,0.0,10.583068,0.0
2019-01-29,17,0,161,40.42,40.42,0.0,-1224.38303,0.0
2019-01-29,17,0,162,0.0,0.0,0.0,0.0,0.0
2019-01-29,17,0,163,89.01,89.01,0.0,-9955.018586,0.0
2019-01-29,17,0,164,15.5,15.5,0.0,-76.893099,0.0
2019-01-29,17,0,167,3.59,3.59,0.0,99.97027,0.0
2019-01-29,17,0,168,1.79,1.79,0.0,49.845901,0.0
2019-01-29,17,0,169,0.0,0.0,0.0,0.0,0.0
2019-01-29,17,0,170,3.92,3.92,0.0,109.159738,0.0
2019-01-29,17,0,172,4.91,4.91,0.0,119.663373,0.0
2019-01-29,17,0,173,7.48,7.48,0.0,182.297765,0.0
2019-01-29,17,0,188,5.64,5.64,0.0,145.643368,0.0
2019-01-29,17,0,190,6.15,6.15,0.0,236.396727,0.0
2019-01-29,17,0,191,15.88,15.88,0.0,610.403255,0.0
2019-01-29,17,0,192,95.32,95.32,0.0,3663.957069,0.0
2019-01-29,17,0,194,14.4,14.4,0.0,91.261797,0.0
2019-01-29,17,0,196,4.11,4.11,0.0,244.5749,0.0
2019-01-29,17,0,198,6.87,6.87,0.0,62.222841,0.0
2019-01-29,17,0,199,7.65,7.65,0.0,96.556965,0.0
2019-01-29,17,0,200,11.86,11.86,0.0,149.69485,0.0
2019-01-29,17,0,204,74.19,74.19,0.0,152.030423,0.0
2019-01-29,17,0,205,96.13,96.13,0.0,232.383824,0.0
2019-01-29,17,0,206,349.0,349.0,0.0,-1762.337334,0.0
2019-01-29,17,0,210,1.58,1.58,0.0,10.846456,0.0
2019-01-29,17,0,214,8.43,8.43,0.0,117.878721,0.0
2019-01-29,17,0,217,5.8,5.8,0.0,63.190559,0.0
2019-01-29,17,0,218,8.0,8.0,0.0,87.159392,0.0
2019-01-29,17,0,219,5.45,5.45,0.0,59.377336,0.0
2019-01-29,17,0,221,4.49,4.49,0.0,62.784752,0.0
2019-01-29,17,0,225,4.63,4.63,0.0,27.725281,0.0
2019-01-29,17,0,233,4.53,4.53,0.0,55.737771,0.0
2019-01-29,17,0,236,65.92,65.92,0.0,520.873861,0.0
2019-01-29,17,0,237,90.37,90.37,0.0,557.284665,0.0
2019-01-29,17,0,238,66.18,66.18,0.0,585.922014,0.0
2019-01-29,17,0,240,7.49,7.49,0.0,35.910711,0.0
2019-01-29,17,0,245,67.22,67.22,0.0,664.679465,0.0
2019-01-29,17,0,247,90.07,90.07,0.0,890.623021,0.0
2019-01-29,17,0,248,9.19,9.19,0.0,56.671972,0.0
2019-01-29,17,0,249,129.27,129.27,0.0,1278.237348,0.0
2019-01-29,17,0,251,121.96,121.96,0.0,1117.947863,0.0
2019-01-29,17,0,252,165.65,165.65,0.0,1549.490183,0.0
2019-01-29,17,0,254,10.42,10.42,0.0,58.067493,0.0
2019-01-29,17,0,255,4.78,4.78,0.0,26.637487,0.0
2019-01-29,17,0,258,9.21,9.21,0.0,44.711197,0.0
2019-01-29,17,0,260,3.78,3.78,0.0,25.643589,0.0
2019-01-29,17,0,265,60.4,60.4,0.0,-22.679785,0.0
2019-01-29,17,0,266,14.57,14.57,0.0,-5.470935,0.0
2019-01-29,17,0,267,17.91,17.91,0.0,-6.725082,0.0
2019-01-29,17,0,270,277.98,277.98,0.0,-31089.721002,0.0
2019-01-29,17,0,272,64.72,64.72,0.0,-695.182553,0.0
2019-01-29,17,0,273,18.69,18.69,0.0,-2090.319036,0.0
2019-01-29,17,0,274,358.35,358.35,0.0,-40078.428381,0.0
2019-01-29,17,0,275,498.82,498.82,0.0,-55788.814413,0.0
2019-01-29,17,0,276,4.29,4.29,0.0,-420.91523,0.0
2019-01-29,17,0,277,5.46,5.46,0.0,-63.659867,0.0
2019-01-29,17,0,278,8.73,8.73,0.0,-101.785831,0.0
2019-01-29,17,0,279,113.15,113.15,0.0,-1319.25164,0.0
2019-01-29,17,0,281,45.02,45.02,0.0,-223.337247,0.0
2019-01-29,17,0,282,217.59,217.59,0.0,-1079.43029,0.0
2019-01-29,18,0,9,1.19,1.19,0.0,15.253322,0.0
2019-01-29,18,0,17,15.11,15.11,0.0,284.166588,0.0
2019-01-29,18,0,19,332.94,332.94,0.0,6261.444337,0.0
2019-01-29,18,0,20,405.43,405.43,0.0,7624.729314,0.0
2019-01-29,18,0,21,27.12,27.12,0.0,347.621917,0.0
2019-01-29,18,0,22,96.38,96.38,0.0,1235.390869,0.0
2019-01-29,18,0,23,76.96,76.96,0.0,986.466915,0.0
2019-01-29,18,0,24,136.56,136.56,0.0,1750.414785,0.0
2019-01-29,18,0,29,2.48,2.48,0.0,33.421405,0.0
2019-01-29,18,0,30,237.4,237.4,0.0,3035.195056,0.0
2019-01-29,18,0,31,81.65,81.65,0.0,1043.907651,0.0
2019-01-29,18,0,32,1.39,1.39,0.0,34.593337,0.0
2019-01-29,18,0,33,0.84,0.84,0.0,16.911321,0.0
2019-01-29,18,0,34,1.35,1.35,0.0,27.178909,0.0
2019-01-29,18,0,35,1.35,1.35,0.0,27.178909,0.0
2019-01-29,18,0,36,3.59,3.59,0.0,59.127505,0.0
2019-01-29,18,0,37,1.67,1.67,0.0,27.383271,0.0
2019-01-29,18,0,38,2.15,2.15,0.0,35.253911,0.0
2019-01-29,18,0,39,1.43,1.43,0.0,23.44795,0.0
2019-01-29,18,0,40,1.43,1.43,0.0,23.44795,0.0
2019-01-29,18,0,41,22.78,22.78,0.0,332.323463,0.0
2019-01-29,18,0,42,29.43,29.43,0.0,545.016944,0.0
2019-01-29,18,0,43,10.44,10.44,0.0,172.025372,0.0
2019-01-29,18,0,46,9.22,9.22,0.0,147.547289,0.0
2019-01-29,18,0,52,86.55,86.55,0.0,1106.554895,0.0
2019-01-29,18,0,53,137.54,137.54,0.0,1758.469789,0.0
2019-01-29,18,0,55,435.15,435.15,0.0,5577.71671,0.0
2019-01-29,18,0,56,70.02,70.02,0.0,895.216335,0.0
2019-01-29,18,0,57,66.61,66.61,0.0,851.618967,0.0
2019-01-29,18,0,58,128.09,128.09,0.0,1637.650104,0.0
2019-01-29,18,0,59,125.96,125.96,0.0,1610.417731,0.0
2019-01-29,18,0,63,29.22,29.22,0.0,841.258805,0.0
2019-01-29,18,0,64,34.38,34.38,0.0,989.817855,0.0
2019-01-29,18,0,65,23.47,23.47,0.0,440.135986,0.0
2019-01-29,18,0,67,121.75,121.75,0.0,-499.765427,0.0
2019-01-29,18,0,68,5.66,5.66,0.0,18.698698,0.0
2019-01-29,18,0,69,0.84,0.84,0.0,16.911321,0.0
2019-01-29,18,0,74,24.82,24.82,0.0,429.017332,0.0
2019-01-29,18,0,77,35.67,35.67,0.0,345.358788,0.0
2019-01-29,18,0,78,26.96,26.96,0.0,261.028117,0.0
2019-01-29,18,0,79,15.6,15.6,0.0,151.040008,0.0
2019-01-29,18,0,80,25.23,25.23,0.0,244.278167,0.0
2019-01-29,18,0,81,32.99,32.99,0.0,319.410889,0.0
2019-01-29,18,0,82,23.27,23.27,0.0,225.301346,0.0
2019-01-29,18,0,83,51.89,51.89,0.0,502.401668,0.0
2019-01-29,18,0,84,0.0,0.0,0.0,0.0,0.0
2019-01-29,18,0,86,4.28,4.28,0.0,86.167208,0.0
2019-01-29,18,0,87,21.83,21.83,0.0,439.493028,0.0
2019-01-29,18,0,88,24.36,24.36,0.0,235.854782,0.0
2019-01-29,18,0,89,23.42,23.42,0.0,226.753653,0.0
2019-01-29,18,0,90,31.44,31.44,0.0,304.403709,0.0
2019-01-29,18,0,91,112.16,112.16,0.0,1085.938931,0.0
2019-01-29,18,0,92,40.34,40.34,0.0,390.57397,0.0
2019-01-29,18,0,95,0.0,0.0,0.0,0.0,0.0
2019-01-29,18,0,96,20.58,20.58,0.0,262.413703,0.0
2019-01-29,18,0,97,126.59,126.59,0.0,1614.137545,0.0
2019-01-29,18,0,99,4.79,4.79,0.0,82.795851,0.0
2019-01-29,18,0,101,4.78,4.78,0.0,61.113026,0.0
2019-01-29,18,0,102,13.39,13.39,0.0,44.235966,0.0
2019-01-29,18,0,103,11.65,11.65,0.0,38.487603,0.0
2019-01-29,18,0,104,2.16,2.16,0.0,7.135899,0.0
2019-01-29,18,0,106,94.88,94.88,0.0,1216.163993,0.0
2019-01-29,18,0,109,19.83,19.83,0.0,309.373371,0.0
2019-01-29,18,0,110,160.5,160.5,0.0,-4300.124331,0.0
2019-01-29,18,0,111,8.15,8.15,0.0,118.895357,0.0
2019-01-29,18,0,113,18.19,18.19,0.0,190.980838,0.0
2019-01-29,18,0,115,18.19,18.19,0.0,190.980838,0.0
2019-01-29,18,0,116,42.6,42.6,0.0,-1141.341411,0.0
2019-01-29,18,0,117,1.21,1.21,0.0,12.704058,0.0
2019-01-29,18,0,119,34.38,34.38,0.0,989.817855,0.0
2019-01-29,18,0,120,20.21,20.21,0.0,581.856279,0.0
2019-01-29,18,0,123,1.58,1.58,0.0,20.252309,0.0
2019-01-29,18,0,125,123.5,123.5,0.0,1583.012786,0.0
2019-01-29,18,0,126,71.16,71.16,0.0,912.122995,0.0
2019-01-29,18,0,127,91.32,91.32,0.0,1170.532207,0.0
2019-01-29,18,0,128,177.34,177.34,0.0,2273.129453,0.0
2019-01-29,18,0,131,17.68,17.68,0.0,93.390016,0.0
2019-01-29,18,0,132,25.98,25.98,0.0,137.232615,0.0
2019-01-29,18,0,133,130.69,130.69,0.0,2458.48215,0.0
2019-01-29,18,0,134,0.0,0.0,0.0,0.0,0.0
2019-01-29,18,0,135,175.12,175.12,0.0,3294.279548,0.0
2019-01-29,18,0,136,35.12,35.12,0.0,658.507019,0.0
2019-01-29,18,0,139,29.41,29.41,0.0,429.044471,0.0
2019-01-29,18,0,140,118.79,118.79,0.0,-3182.627846,0.0
2019-01-29,18,0,141,197.79,197.79,0.0,-811.898184,0.0
2019-01-29,18,0,142,160.56,160.56,0.0,-659.074637,0.0
2019-01-29,18,0,143,140.46,140.46,0.0,1795.802433,0.0
2019-01-29,18,0,145,12.33,12.33,0.0,170.54422,0.0
2019-01-29,18,0,146,108.71,108.71,0.0,-2912.563963,0.0
2019-01-29,18,0,152,2.92,2.92,0.0,50.428089,0.0
2019-01-29,18,0,153,3.47,3.47,0.0,59.684194,0.0
2019-01-29,18,0,154,33.61,33.61,0.0,490.315697,0.0
2019-01-29,18,0,157,35.69,35.69,0.0,-146.502079,0.0
2019-01-29,18,0,158,119.71,119.71,0.0,-491.391534,0.0
2019-01-29,18,0,159,0.0,0.0,0.0,0.0,0.0
2019-01-29,18,0,160,0.82,0.82,0.0,13.823159,0.0
2019-01-29,18,0,161,22.91,22.91,0.0,75.686779,0.0
2019-01-29,18,0,162,4.76,4.76,0.0,119.389771,0.0
2019-01-29,18,0,163,79.68,79.68,0.0,-2134.790696,0.0
2019-01-29,18,0,164,9.61,9.61,0.0,122.86531,0.0
2019-01-29,18,0,167,1.73,1.73,0.0,43.129084,0.0
2019-01-29,18,0,168,0.87,0.87,0.0,21.689193,0.0
2019-01-29,18,0,169,0.0,0.0,0.0,0.0,0.0
2019-01-29,18,0,170,1.9,1.9,0.0,47.367202,0.0
2019-01-29,18,0,172,2.4,2.4,0.0,57.024127,0.0
2019-01-29,18,0,173,3.65,3.65,0.0,86.724193,0.0
2019-01-29,18,0,188,2.79,2.79,0.0,67.514234,0.0
2019-01-29,18,0,190,3.23,3.23,0.0,92.993359,0.0
2019-01-29,18,0,191,8.33,8.33,0.0,239.824978,0.0
2019-01-29,18,0,192,69.12,69.12,0.0,1990.000295,0.0
2019-01-29,18,0,194,28.21,28.21,0.0,473.257468,0.0
2019-01-29,18,0,196,2.21,2.21,0.0,80.771524,0.0
2019-01-29,18,0,198,3.54,3.54,0.0,60.490642,0.0
2019-01-29,18,0,199,7.63,7.63,0.0,132.396094,0.0
2019-01-29,18,0,200,6.02,6.02,0.0,104.459303,0.0
2019-01-29,18,0,204,78.71,78.71,0.0,1215.536458,0.0
2019-01-29,18,0,205,104.93,104.93,0.0,1637.042248,0.0
2019-01-29,18,0,206,371.97,371.97,0.0,4742.955545,0.0
2019-01-29,18,0,210,0.76,0.76,0.0,10.59493,0.0
2019-01-29,18,0,214,4.26,4.26,0.0,89.112486,0.0
2019-01-29,18,0,217,2.87,2.87,0.0,51.309202,0.0
2019-01-29,18,0,218,3.95,3.95,0.0,70.617195,0.0
2019-01-29,18,0,219,2.69,2.69,0.0,48.091203,0.0
2019-01-29,18,0,221,2.27,2.27,0.0,47.484822,0.0
2019-01-29,18,0,225,2.26,2.26,0.0,30.355262,0.0
2019-01-29,18,0,233,2.42,2.42,0.0,48.720711,0.0
2019-01-29,18,0,236,54.26,54.26,0.0,980.510806,0.0
2019-01-29,18,0,237,59.54,59.54,0.0,1029.157612,0.0
2019-01-29,18,0,238,38.3,38.3,0.0,709.28131,0.0
2019-01-29,18,0,240,4.07,4.07,0.0,67.033132,0.0
2019-01-29,18,0,245,57.9,57.9,0.0,1100.266105,0.0
2019-01-29,18,0,247,74.78,74.78,0.0,1421.034531,0.0
2019-01-29,18,0,248,5.98,5.98,0.0,103.365175,0.0
2019-01-29,18,0,249,111.34,111.34,0.0,2115.779416,0.0
2019-01-29,18,0,251,119.23,119.23,0.0,2225.483696,0.0
2019-01-29,18,0,252,151.38,151.38,0.0,2838.84898,0.0
2019-01-29,18,0,254,5.53,5.53,0.0,91.648013,0.0
2019-01-29,18,0,255,2.54,2.54,0.0,42.095109,0.0
2019-01-29,18,0,258,5.0,5.0,0.0,82.356317,0.0
2019-01-29,18,0,260,2.0,2.0,0.0,33.715021,0.0
2019-01-29,18,0,265,34.8,34.8,0.0,507.675878,0.0
2019-01-29,18,0,266,19.05,19.05,0.0,277.908778,0.0
2019-01-29,18,0,267,23.41,23.41,0.0,341.514147,0.0
2019-01-29,18,0,270,248.83,248.83,0.0,-6666.666276,0.0
2019-01-29,18,0,272,60.79,60.79,0.0,638.247671,0.0
2019-01-29,18,0,273,10.19,10.19,0.0,-273.011009,0.0
2019-01-29,18,0,274,320.78,320.78,0.0,-8594.35441,0.0
2019-01-29,18,0,275,446.53,446.53,0.0,-11963.454937,0.0
2019-01-29,18,0,276,2.36,2.36,0.0,-51.274489,0.0
2019-01-29,18,0,277,3.02,3.02,0.0,30.718247,0.0
2019-01-29,18,0,278,4.82,4.82,0.0,49.027136,0.0
2019-01-29,18,0,279,99.88,99.88,0.0,1015.939902,0.0
2019-01-29,18,0,281,36.61,36.61,0.0,468.06441,0.0
2019-01-29,18,0,282,130.23,130.23,0.0,1665.010329,0.0
2019-01-29,19,0,9,0.13,0.13,0.0,2.761952,0.0
2019-01-29,19,0,17,0.28,0.28,0.0,1.559455,0.0
2019-01-29,19,0,19,607.08,607.08,0.0,3381.121277,0.0
2019-01-29,19,0,20,737.9,737.9,0.0,4109.720943,0.0
2019-01-29,19,0,21,3.08,3.08,0.0,65.43701,0.0
2019-01-29,19,0,22,10.94,10.94,0.0,232.428861,0.0
2019-01-29,19,0,23,95.63,95.63,0.0,2031.734182,0.0
2019-01-29,19,0,24,169.2,169.2,0.0,3594.786402,0.0
2019-01-29,19,0,29,0.0,0.0,0.0,0.0,0.0
2019-01-29,19,0,30,39.68,39.68,0.0,841.922766,0.0
2019-01-29,19,0,31,36.67,36.67,0.0,778.057153,0.0
2019-01-29,19,0,32,0.0,0.0,0.0,0.0,0.0
2019-01-29,19,0,33,0.0,0.0,0.0,0.0,0.0
2019-01-29,19,0,34,0.01,0.01,0.0,0.136158,0.0
2019-01-29,19,0,35,0.01,0.01,0.0,0.136158,0.0
2019-01-29,19,0,36,0.11,0.11,0.0,2.739104,0.0
2019-01-29,19,0,37,0.04,0.04,0.0,1.003694,0.0
2019-01-29,19,0,38,0.05,0.05,0.0,1.254618,0.0
2019-01-29,19,0,39,0.04,0.04,0.0,1.003694,0.0
2019-01-29,19,0,40,0.04,0.04,0.0,1.003694,0.0
2019-01-29,19,0,41,29.11,29.11,0.0,655.34705,0.0
2019-01-29,19,0,42,2.41,2.41,0.0,37.109801,0.0
2019-01-29,19,0,43,0.12,0.12,0.0,3.114222,0.0
2019-01-29,19,0,46,0.12,0.12,0.0,2.99556,0.0
2019-01-29,19,0,52,38.87,38.87,0.0,824.736338,0.0
2019-01-29,19,0,53,61.75,61.75,0.0,1310.199869,0.0
2019-01-29,19,0,55,186.9,186.9,0.0,3970.836752,0.0
2019-01-29,19,0,56,11.7,11.7,0.0,248.248396,0.0
2019-01-29,19,0,57,11.13,11.13,0.0,236.154244,0.0
2019-01-29,19,0,58,21.41,21.41,0.0,454.273347,0.0
2019-01-29,19,0,59,21.05,21.05,0.0,446.634935,0.0
2019-01-29,19,0,63,26.8,26.8,0.0,494.254384,0.0
2019-01-29,19,0,64,31.54,31.54,0.0,581.671018,0.0
2019-01-29,19,0,65,23.74,23.74,0.0,233.392035,0.0
2019-01-29,19,0,67,12.91,12.91,0.0,236.763769,0.0
2019-01-29,19,0,68,6.86,6.86,0.0,125.781741,0.0
2019-01-29,19,0,69,0.0,0.0,0.0,0.0,0.0
2019-01-29,19,0,74,28.14,28.14,0.0,670.610061,0.0
2019-01-29,19,0,77,36.62,36.62,0.0,678.03686,0.0
2019-01-29,19,0,78,27.68,27.68,0.0,512.508473,0.0
2019-01-29,19,0,79,16.02,16.02,0.0,296.617982,0.0
2019-01-29,19,0,80,25.91,25.91,0.0,479.736074,0.0
2019-01-29,19,0,81,33.87,33.87,0.0,627.119291,0.0
2019-01-29,19,0,82,23.89,23.89,0.0,442.334806,0.0
2019-01-29,19,0,83,53.28,53.28,0.0,986.504749,0.0
2019-01-29,19,0,84,0.0,0.0,0.0,0.0,0.0
2019-01-29,19,0,86,0.02,0.02,0.0,0.272315,0.0
2019-01-29,19,0,87,0.12,0.12,0.0,1.633892,0.0
2019-01-29,19,0,88,23.88,23.88,0.0,442.149651,0.0
2019-01-29,19,0,89,22.95,22.95,0.0,424.930255,0.0
2019-01-29,19,0,90,30.82,30.82,0.0,570.647079,0.0
2019-01-29,19,0,91,109.94,109.94,0.0,2035.591818,0.0
2019-01-29,19,0,92,39.54,39.54,0.0,732.10206,0.0
2019-01-29,19,0,95,3.89,3.89,0.0,71.405499,0.0
2019-01-29,19,0,96,22.94,22.94,0.0,486.066009,0.0
2019-01-29,19,0,97,141.09,141.09,0.0,2989.496655,0.0
2019-01-29,19,0,99,5.43,5.43,0.0,129.403434,0.0
2019-01-29,19,0,101,0.8,0.8,0.0,16.974249,0.0
2019-01-29,19,0,102,19.63,19.63,0.0,359.92647,0.0
2019-01-29,19,0,103,16.47,16.47,0.0,301.986192,0.0
2019-01-29,19,0,104,2.35,2.35,0.0,43.088497,0.0
2019-01-29,19,0,106,10.77,10.77,0.0,228.817078,0.0
2019-01-29,19,0,109,21.76,21.76,0.0,518.013578,0.0
2019-01-29,19,0,110,52.59,52.59,0.0,965.127166,0.0
2019-01-29,19,0,111,0.9,0.9,0.0,20.261503,0.0
2019-01-29,19,0,113,17.63,17.63,0.0,315.799873,0.0
2019-01-29,19,0,115,17.63,17.63,0.0,315.799873,0.0
2019-01-29,19,0,116,1.08,1.08,0.0,19.820067,0.0
2019-01-29,19,0,117,1.18,1.18,0.0,21.136917,0.0
2019-01-29,19,0,119,31.54,31.54,0.0,581.671018,0.0
2019-01-29,19,0,120,18.54,18.54,0.0,341.920757,0.0
2019-01-29,19,0,123,0.18,0.18,0.0,3.824241,0.0
2019-01-29,19,0,125,153.11,153.11,0.0,3252.941761,0.0
2019-01-29,19,0,126,8.07,8.07,0.0,171.453465,0.0
2019-01-29,19,0,127,10.36,10.36,0.0,220.106307,0.0
2019-01-29,19,0,128,219.3,219.3,0.0,4659.200106,0.0
2019-01-29,19,0,131,17.93,17.93,0.0,328.736755,0.0
2019-01-29,19,0,132,26.35,26.35,0.0,483.112856,0.0
2019-01-29,19,0,133,110.4,110.4,0.0,570.54346,0.0
2019-01-29,19,0,134,0.0,0.0,0.0,0.0,0.0
2019-01-29,19,0,135,149.6,149.6,0.0,773.127731,0.0
2019-01-29,19,0,136,34.87,34.87,0.0,350.971108,0.0
2019-01-29,19,0,139,37.59,37.59,0.0,846.255431,0.0
2019-01-29,19,0,140,38.92,38.92,0.0,714.256499,0.0
2019-01-29,19,0,141,172.86,172.86,0.0,3170.177001,0.0
2019-01-29,19,0,142,17.02,17.02,0.0,312.139376,0.0
2019-01-29,19,0,143,60.83,60.83,0.0,1290.679482,0.0
2019-01-29,19,0,145,13.73,13.73,0.0,304.502987,0.0
2019-01-29,19,0,146,27.19,27.19,0.0,498.988546,0.0
2019-01-29,19,0,152,0.14,0.14,0.0,3.293143,0.0
2019-01-29,19,0,153,0.15,0.15,0.0,3.536144,0.0
2019-01-29,19,0,154,3.73,3.73,0.0,83.972672,0.0
2019-01-29,19,0,157,8.98,8.98,0.0,164.689283,0.0
2019-01-29,19,0,158,13.61,13.61,0.0,249.601464,0.0
2019-01-29,19,0,159,0.0,0.0,0.0,0.0,0.0
2019-01-29,19,0,160,0.0,0.0,0.0,0.0,0.0
2019-01-29,19,0,161,1.89,1.89,0.0,34.654153,0.0
2019-01-29,19,0,162,11.98,11.98,0.0,219.926799,0.0
2019-01-29,19,0,163,71.73,71.73,0.0,1316.382803,0.0
2019-01-29,19,0,164,2.04,2.04,0.0,43.284336,0.0
2019-01-29,19,0,167,0.0,0.0,0.0,0.0,0.0
2019-01-29,19,0,168,0.0,0.0,0.0,0.0,0.0
2019-01-29,19,0,169,0.0,0.0,0.0,0.0,0.0
2019-01-29,19,0,170,0.0,0.0,0.0,0.0,0.0
2019-01-29,19,0,172,0.0,0.0,0.0,0.0,0.0
2019-01-29,19,0,173,0.0,0.0,0.0,0.0,0.0
2019-01-29,19,0,188,0.0,0.0,0.0,0.0,0.0
2019-01-29,19,0,190,0.0,0.0,0.0,0.0,0.0
2019-01-29,19,0,191,0.0,0.0,0.0,0.0,0.0
2019-01-29,19,0,192,49.4,49.4,0.0,911.050992,0.0
2019-01-29,19,0,194,53.15,53.15,0.0,922.002935,0.0
2019-01-29,19,0,196,0.01,0.01,0.0,0.184305,0.0
2019-01-29,19,0,198,0.0,0.0,0.0,0.0,0.0
2019-01-29,19,0,199,8.44,8.44,0.0,112.837478,0.0
2019-01-29,19,0,200,0.0,0.0,0.0,0.0,0.0
2019-01-29,19,0,204,83.67,83.67,0.0,1991.068476,0.0
2019-01-29,19,0,205,115.09,115.09,0.0,2739.80619,0.0
2019-01-29,19,0,206,414.58,414.58,0.0,8784.361212,0.0
2019-01-29,19,0,210,0.0,0.0,0.0,0.0,0.0
2019-01-29,19,0,214,0.0,0.0,0.0,0.0,0.0
2019-01-29,19,0,217,0.0,0.0,0.0,0.0,0.0
2019-01-29,19,0,218,0.0,0.0,0.0,0.0,0.0
2019-01-29,19,0,219,0.0,0.0,0.0,0.0,0.0
2019-01-29,19,0,221,0.0,0.0,0.0,0.0,0.0
2019-01-29,19,0,225,0.0,0.0,0.0,0.0,0.0
2019-01-29,19,0,233,0.01,0.01,0.0,0.136158,0.0
2019-01-29,19,0,236,46.78,46.78,0.0,1072.577196,0.0
2019-01-29,19,0,237,67.49,67.49,0.0,1608.36791,0.0
2019-01-29,19,0,238,3.14,3.14,0.0,48.350529,0.0
2019-01-29,19,0,240,0.12,0.12,0.0,2.988114,0.0
2019-01-29,19,0,245,52.08,52.08,0.0,441.199971,0.0
2019-01-29,19,0,247,67.11,67.11,0.0,568.527843,0.0
2019-01-29,19,0,248,6.78,6.78,0.0,161.575558,0.0
2019-01-29,19,0,249,100.16,100.16,0.0,848.513615,0.0
2019-01-29,19,0,251,138.09,138.09,0.0,1707.4427,0.0
2019-01-29,19,0,252,153.14,153.14,0.0,1505.545757,0.0
2019-01-29,19,0,254,0.0,0.0,0.0,0.0,0.0
2019-01-29,19,0,255,0.0,0.0,0.0,0.0,0.0
2019-01-29,19,0,258,0.14,0.14,0.0,3.509895,0.0
2019-01-29,19,0,260,0.0,0.0,0.0,0.0,0.0
2019-01-29,19,0,265,3.86,3.86,0.0,86.899334,0.0
2019-01-29,19,0,266,24.34,24.34,0.0,547.961085,0.0
2019-01-29,19,0,267,29.92,29.92,0.0,673.582402,0.0
2019-01-29,19,0,270,224.02,224.02,0.0,4111.19581,0.0
2019-01-29,19,0,272,58.93,58.93,0.0,1055.591974,0.0
2019-01-29,19,0,273,0.26,0.26,0.0,4.771498,0.0
2019-01-29,19,0,274,288.79,288.79,0.0,5299.849289,0.0
2019-01-29,19,0,275,402.01,402.01,0.0,7377.65301,0.0
2019-01-29,19,0,276,0.1,0.1,0.0,1.834916,0.0
2019-01-29,19,0,277,0.16,0.16,0.0,2.904693,0.0
2019-01-29,19,0,278,0.26,0.26,0.0,4.720126,0.0
2019-01-29,19,0,279,91.81,91.81,0.0,1666.748955,0.0
2019-01-29,19,0,281,16.46,16.46,0.0,349.24518,0.0
2019-01-29,19,0,282,21.77,21.77,0.0,461.911759,0.0
2019-01-29,20,0,9,0.0,0.0,0.0,0.0,0.0
2019-01-29,20,0,17,0.0,0.0,0.0,0.0,0.0
2019-01-29,20,0,19,485.49,485.49,0.0,4187.038187,0.0
2019-01-29,20,0,20,588.8,588.8,0.0,5078.020318,0.0
2019-01-29,20,0,21,0.0,0.0,0.0,0.0,0.0
2019-01-29,20,0,22,0.0,0.0,0.0,0.0,0.0
2019-01-29,20,0,23,69.64,69.64,0.0,1491.396589,0.0
2019-01-29,20,0,24,123.21,123.21,0.0,2638.641208,0.0
2019-01-29,20,0,29,0.0,0.0,0.0,0.0,0.0
2019-01-29,20,0,30,0.0,0.0,0.0,0.0,0.0
2019-01-29,20,0,31,31.87,31.87,0.0,681.622526,0.0
2019-01-29,20,0,32,0.0,0.0,0.0,0.0,0.0
2019-01-29,20,0,33,0.0,0.0,0.0,0.0,0.0
2019-01-29,20,0,34,0.0,0.0,0.0,0.0,0.0
2019-01-29,20,0,35,0.0,0.0,0.0,0.0,0.0
2019-01-29,20,0,36,0.0,0.0,0.0,0.0,0.0
2019-01-29,20,0,37,0.0,0.0,0.0,0.0,0.0
2019-01-29,20,0,38,0.0,0.0,0.0,0.0,0.0
2019-01-29,20,0,39,0.0,0.0,0.0,0.0,0.0
2019-01-29,20,0,40,0.0,0.0,0.0,0.0,0.0
2019-01-29,20,0,41,46.76,46.76,0.0,1058.794542,0.0
2019-01-29,20,0,42,0.0,0.0,0.0,0.0,0.0
2019-01-29,20,0,43,0.0,0.0,0.0,0.0,0.0
2019-01-29,20,0,46,0.0,0.0,0.0,0.0,0.0
2019-01-29,20,0,52,33.78,33.78,0.0,722.472825,0.0
2019-01-29,20,0,53,53.67,53.67,0.0,1147.87201,0.0
2019-01-29,20,0,55,140.43,140.43,0.0,3007.421353,0.0
2019-01-29,20,0,56,0.0,0.0,0.0,0.0,0.0
2019-01-29,20,0,57,0.0,0.0,0.0,0.0,0.0
2019-01-29,20,0,58,0.0,0.0,0.0,0.0,0.0
2019-01-29,20,0,59,0.0,0.0,0.0,0.0,0.0
2019-01-29,20,0,63,30.42,30.42,0.0,561.728417,0.0
2019-01-29,20,0,64,35.79,35.79,0.0,660.889548,0.0
2019-01-29,20,0,65,14.85,14.85,0.0,178.988085,0.0
2019-01-29,20,0,67,0.0,0.0,0.0,0.0,0.0
2019-01-29,20,0,68,4.09,4.09,0.0,75.481531,0.0
2019-01-29,20,0,69,0.0,0.0,0.0,0.0,0.0
2019-01-29,20,0,74,21.85,21.85,0.0,517.414493,0.0
2019-01-29,20,0,77,45.4,45.4,0.0,846.747918,0.0
2019-01-29,20,0,78,34.47,34.47,0.0,642.89429,0.0
2019-01-29,20,0,79,20.06,20.06,0.0,374.135754,0.0
2019-01-29,20,0,80,32.28,32.28,0.0,602.04896,0.0
2019-01-29,20,0,81,42.05,42.05,0.0,784.26762,0.0
2019-01-29,20,0,82,29.8,29.8,0.0,555.794889,0.0
2019-01-29,20,0,83,65.55,65.55,0.0,1222.562248,0.0
2019-01-29,20,0,84,0.0,0.0,0.0,0.0,0.0
2019-01-29,20,0,86,0.0,0.0,0.0,0.0,0.0
2019-01-29,20,0,87,0.0,0.0,0.0,0.0,0.0
2019-01-29,20,0,88,45.28,45.28,0.0,844.509818,0.0
2019-01-29,20,0,89,43.53,43.53,0.0,811.870856,0.0
2019-01-29,20,0,90,58.4,58.4,0.0,1089.208776,0.0
2019-01-29,20,0,91,207.94,207.94,0.0,3878.254672,0.0
2019-01-29,20,0,92,74.89,74.89,0.0,1396.761048,0.0
2019-01-29,20,0,95,7.8,7.8,0.0,143.353576,0.0
2019-01-29,20,0,96,18.53,18.53,0.0,395.765699,0.0
2019-01-29,20,0,97,133.81,133.81,0.0,2857.928125,0.0
2019-01-29,20,0,99,4.22,4.22,0.0,99.930854,0.0
2019-01-29,20,0,101,0.0,0.0,0.0,0.0,0.0
2019-01-29,20,0,102,9.67,9.67,0.0,178.461223,0.0
2019-01-29,20,0,103,8.41,8.41,0.0,155.207744,0.0
2019-01-29,20,0,104,1.56,1.56,0.0,28.790022,0.0
2019-01-29,20,0,106,0.0,0.0,0.0,0.0,0.0
2019-01-29,20,0,109,18.23,18.23,0.0,438.239093,0.0
2019-01-29,20,0,110,83.83,83.83,0.0,1542.986358,0.0
2019-01-29,20,0,111,0.0,0.0,0.0,0.0,0.0
2019-01-29,20,0,113,16.91,16.91,0.0,305.116918,0.0
2019-01-29,20,0,115,16.91,16.91,0.0,305.116918,0.0
2019-01-29,20,0,116,0.0,0.0,0.0,0.0,0.0
2019-01-29,20,0,117,1.13,1.13,0.0,20.389244,0.0
2019-01-29,20,0,119,35.79,35.79,0.0,660.889548,0.0
2019-01-29,20,0,120,21.04,21.04,0.0,388.519589,0.0
2019-01-29,20,0,123,0.0,0.0,0.0,0.0,0.0
2019-01-29,20,0,125,111.5,111.5,0.0,2387.862144,0.0
2019-01-29,20,0,126,0.0,0.0,0.0,0.0,0.0
2019-01-29,20,0,127,0.0,0.0,0.0,0.0,0.0
2019-01-29,20,0,128,159.69,159.69,0.0,3419.889737,0.0
2019-01-29,20,0,131,13.27,13.27,0.0,244.942488,0.0
2019-01-29,20,0,132,19.5,19.5,0.0,359.938095,0.0
2019-01-29,20,0,133,62.84,62.84,0.0,521.654826,0.0
2019-01-29,20,0,134,0.0,0.0,0.0,0.0,0.0
2019-01-29,20,0,135,83.74,83.74,0.0,695.152373,0.0
2019-01-29,20,0,136,23.3,23.3,0.0,285.222272,0.0
2019-01-29,20,0,139,62.59,62.59,0.0,1417.235893,0.0
2019-01-29,20,0,140,62.04,62.04,0.0,1141.91666,0.0
2019-01-29,20,0,141,133.56,133.56,0.0,2463.25755,0.0
2019-01-29,20,0,142,0.0,0.0,0.0,0.0,0.0
2019-01-29,20,0,143,51.04,51.04,0.0,1091.622646,0.0
2019-01-29,20,0,145,11.37,11.37,0.0,254.345083,0.0
2019-01-29,20,0,146,40.36,40.36,0.0,742.871638,0.0
2019-01-29,20,0,152,0.0,0.0,0.0,0.0,0.0
2019-01-29,20,0,153,0.0,0.0,0.0,0.0,0.0
2019-01-29,20,0,154,0.0,0.0,0.0,0.0,0.0
2019-01-29,20,0,157,14.7,14.7,0.0,271.113252,0.0
2019-01-29,20,0,158,0.0,0.0,0.0,0.0,0.0
2019-01-29,20,0,159,0.0,0.0,0.0,0.0,0.0
2019-01-29,20,0,160,0.0,0.0,0.0,0.0,0.0
2019-01-29,20,0,161,0.0,0.0,0.0,0.0,0.0
2019-01-29,20,0,162,15.17,15.17,0.0,278.829264,0.0
2019-01-29,20,0,163,59.37,59.37,0.0,1092.772278,0.0
2019-01-29,20,0,164,0.0,0.0,0.0,0.0,0.0
2019-01-29,20,0,167,0.0,0.0,0.0,0.0,0.0
2019-01-29,20,0,168,0.0,0.0,0.0,0.0,0.0
2019-01-29,20,0,169,0.0,0.0,0.0,0.0,0.0
2019-01-29,20,0,170,0.0,0.0,0.0,0.0,0.0
2019-01-29,20,0,172,0.0,0.0,0.0,0.0,0.0
2019-01-29,20,0,173,0.0,0.0,0.0,0.0,0.0
2019-01-29,20,0,188,0.0,0.0,0.0,0.0,0.0
2019-01-29,20,0,190,0.0,0.0,0.0,0.0,0.0
2019-01-29,20,0,191,0.0,0.0,0.0,0.0,0.0
2019-01-29,20,0,192,53.36,53.36,0.0,985.33295,0.0
2019-01-29,20,0,194,65.11,65.11,0.0,1138.512305,0.0
2019-01-29,20,0,196,0.0,0.0,0.0,0.0,0.0
2019-01-29,20,0,198,0.0,0.0,0.0,0.0,0.0
2019-01-29,20,0,199,6.85,6.85,0.0,91.883239,0.0
2019-01-29,20,0,200,0.0,0.0,0.0,0.0,0.0
2019-01-29,20,0,204,127.25,127.25,0.0,3060.356324,0.0
2019-01-29,20,0,205,96.45,96.45,0.0,2318.604528,0.0
2019-01-29,20,0,206,506.9,506.9,0.0,10826.423783,0.0
2019-01-29,20,0,210,0.0,0.0,0.0,0.0,0.0
2019-01-29,20,0,214,0.0,0.0,0.0,0.0,0.0
2019-01-29,20,0,217,0.0,0.0,0.0,0.0,0.0
2019-01-29,20,0,218,0.0,0.0,0.0,0.0,0.0
2019-01-29,20,0,219,0.0,0.0,0.0,0.0,0.0
2019-01-29,20,0,221,0.0,0.0,0.0,0.0,0.0
2019-01-29,20,0,225,0.0,0.0,0.0,0.0,0.0
2019-01-29,20,0,233,0.0,0.0,0.0,0.0,0.0
2019-01-29,20,0,236,34.7,34.7,0.0,789.945335,0.0
2019-01-29,20,0,237,52.41,52.41,0.0,1241.084373,0.0
2019-01-29,20,0,238,0.0,0.0,0.0,0.0,0.0
2019-01-29,20,0,240,0.0,0.0,0.0,0.0,0.0
2019-01-29,20,0,245,76.58,76.58,0.0,833.523305,0.0
2019-01-29,20,0,247,45.24,45.24,0.0,492.407865,0.0
2019-01-29,20,0,248,5.26,5.26,0.0,124.558363,0.0
2019-01-29,20,0,249,147.22,147.22,0.0,1602.393588,0.0
2019-01-29,20,0,251,89.71,89.71,0.0,1265.754509,0.0
2019-01-29,20,0,252,95.78,95.78,0.0,1154.443016,0.0
2019-01-29,20,0,254,0.0,0.0,0.0,0.0,0.0
2019-01-29,20,0,255,0.0,0.0,0.0,0.0,0.0
2019-01-29,20,0,258,0.0,0.0,0.0,0.0,0.0
2019-01-29,20,0,260,0.0,0.0,0.0,0.0,0.0
2019-01-29,20,0,265,0.0,0.0,0.0,0.0,0.0
2019-01-29,20,0,266,38.14,38.14,0.0,863.610433,0.0
2019-01-29,20,0,267,48.24,48.24,0.0,1092.306431,0.0
2019-01-29,20,0,270,185.42,185.42,0.0,3412.865686,0.0
2019-01-29,20,0,272,56.53,56.53,0.0,1020.003512,0.0
2019-01-29,20,0,273,0.0,0.0,0.0,0.0,0.0
2019-01-29,20,0,274,239.03,239.03,0.0,4399.618622,0.0
2019-01-29,20,0,275,332.74,332.74,0.0,6124.4576,0.0
2019-01-29,20,0,276,0.0,0.0,0.0,0.0,0.0
2019-01-29,20,0,277,0.0,0.0,0.0,0.0,0.0
2019-01-29,20,0,278,0.0,0.0,0.0,0.0,0.0
2019-01-29,20,0,279,203.5,203.5,0.0,3721.412175,0.0
2019-01-29,20,0,281,14.3,14.3,0.0,305.842552,0.0
2019-01-29,20,0,282,0.0,0.0,0.0,0.0,0.0
2019-01-29,21,0,9,0.0,0.0,0.0,0.0,0.0
2019-01-29,21,0,17,0.0,0.0,0.0,0.0,0.0
2019-01-29,21,0,19,363.63,363.63,0.0,5277.802119,0.0
2019-01-29,21,0,20,441.02,441.02,0.0,6401.056818,0.0
2019-01-29,21,0,21,0.0,0.0,0.0,0.0,0.0
2019-01-29,21,0,22,0.0,0.0,0.0,0.0,0.0
2019-01-29,21,0,23,48.86,48.86,0.0,606.923406,0.0
2019-01-29,21,0,24,86.44,86.44,0.0,1073.730234,0.0
2019-01-29,21,0,29,0.0,0.0,0.0,0.0,0.0
2019-01-29,21,0,30,0.0,0.0,0.0,0.0,0.0
2019-01-29,21,0,31,27.64,27.64,0.0,342.925747,0.0
2019-01-29,21,0,32,0.0,0.0,0.0,0.0,0.0
2019-01-29,21,0,33,0.0,0.0,0.0,0.0,0.0
2019-01-29,21,0,34,0.0,0.0,0.0,0.0,0.0
2019-01-29,21,0,35,0.0,0.0,0.0,0.0,0.0
2019-01-29,21,0,36,0.0,0.0,0.0,0.0,0.0
2019-01-29,21,0,37,0.0,0.0,0.0,0.0,0.0
2019-01-29,21,0,38,0.0,0.0,0.0,0.0,0.0
2019-01-29,21,0,39,0.0,0.0,0.0,0.0,0.0
2019-01-29,21,0,40,0.0,0.0,0.0,0.0,0.0
2019-01-29,21,0,41,79.65,79.65,0.0,1057.278299,0.0
2019-01-29,21,0,42,0.0,0.0,0.0,0.0,0.0
2019-01-29,21,0,43,0.0,0.0,0.0,0.0,0.0
2019-01-29,21,0,46,0.0,0.0,0.0,0.0,0.0
2019-01-29,21,0,52,29.3,29.3,0.0,363.521143,0.0
2019-01-29,21,0,53,46.55,46.55,0.0,577.539563,0.0
2019-01-29,21,0,55,97.44,97.44,0.0,1210.368741,0.0
2019-01-29,21,0,56,0.0,0.0,0.0,0.0,0.0
2019-01-29,21,0,57,0.0,0.0,0.0,0.0,0.0
2019-01-29,21,0,58,0.0,0.0,0.0,0.0,0.0
2019-01-29,21,0,59,0.0,0.0,0.0,0.0,0.0
2019-01-29,21,0,63,34.32,34.32,0.0,585.951076,0.0
2019-01-29,21,0,64,40.37,40.37,0.0,689.243733,0.0
2019-01-29,21,0,65,8.56,8.56,0.0,126.556884,0.0
2019-01-29,21,0,67,0.0,0.0,0.0,0.0,0.0
2019-01-29,21,0,68,2.9,2.9,0.0,33.819209,0.0
2019-01-29,21,0,69,0.0,0.0,0.0,0.0,0.0
2019-01-29,21,0,74,16.61,16.61,0.0,245.208318,0.0
2019-01-29,21,0,77,81.18,81.18,0.0,894.183458,0.0
2019-01-29,21,0,78,61.49,61.49,0.0,677.301562,0.0
2019-01-29,21,0,79,35.67,35.67,0.0,392.898792,0.0
2019-01-29,21,0,80,57.57,57.57,0.0,634.12345,0.0
2019-01-29,21,0,81,75.14,75.14,0.0,827.653917,0.0
2019-01-29,21,0,82,53.11,53.11,0.0,584.997332,0.0
2019-01-29,21,0,83,117.69,117.69,0.0,1296.334703,0.0
2019-01-29,21,0,84,0.0,0.0,0.0,0.0,0.0
2019-01-29,21,0,86,0.0,0.0,0.0,0.0,0.0
2019-01-29,21,0,87,0.0,0.0,0.0,0.0,0.0
2019-01-29,21,0,88,81.97,81.97,0.0,902.885169,0.0
2019-01-29,21,0,89,78.8,78.8,0.0,867.968175,0.0
2019-01-29,21,0,90,105.8,105.8,0.0,1165.368439,0.0
2019-01-29,21,0,91,377.42,377.42,0.0,4157.215086,0.0
2019-01-29,21,0,92,135.74,135.74,0.0,1495.152286,0.0
2019-01-29,21,0,95,13.8,13.8,0.0,234.483105,0.0
2019-01-29,21,0,96,12.9,12.9,0.0,159.848791,0.0
2019-01-29,21,0,97,79.36,79.36,0.0,983.37985,0.0
2019-01-29,21,0,99,3.21,3.21,0.0,47.388242,0.0
2019-01-29,21,0,101,0.0,0.0,0.0,0.0,0.0
2019-01-29,21,0,102,6.88,6.88,0.0,80.233159,0.0
2019-01-29,21,0,103,5.98,5.98,0.0,69.737542,0.0
2019-01-29,21,0,104,1.11,1.11,0.0,12.944594,0.0
2019-01-29,21,0,106,0.0,0.0,0.0,0.0,0.0
2019-01-29,21,0,109,21.91,21.91,0.0,298.833832,0.0
2019-01-29,21,0,110,126.0,126.0,0.0,1925.179977,0.0
2019-01-29,21,0,111,0.0,0.0,0.0,0.0,0.0
2019-01-29,21,0,113,30.29,30.29,0.0,318.757171,0.0
2019-01-29,21,0,115,30.29,30.29,0.0,318.757171,0.0
2019-01-29,21,0,116,0.0,0.0,0.0,0.0,0.0
2019-01-29,21,0,117,2.04,2.04,0.0,21.467964,0.0
2019-01-29,21,0,119,40.37,40.37,0.0,689.243733,0.0
2019-01-29,21,0,120,23.74,23.74,0.0,405.316974,0.0
2019-01-29,21,0,123,0.0,0.0,0.0,0.0,0.0
2019-01-29,21,0,125,78.23,78.23,0.0,971.748221,0.0
2019-01-29,21,0,126,0.0,0.0,0.0,0.0,0.0
2019-01-29,21,0,127,0.0,0.0,0.0,0.0,0.0
2019-01-29,21,0,128,112.04,112.04,0.0,1391.725306,0.0
2019-01-29,21,0,131,9.51,9.51,0.0,108.642019,0.0
2019-01-29,21,0,132,13.98,13.98,0.0,159.707194,0.0
2019-01-29,21,0,133,40.05,40.05,0.0,580.273523,0.0
2019-01-29,21,0,134,0.0,0.0,0.0,0.0,0.0
2019-01-29,21,0,135,52.08,52.08,0.0,754.57291,0.0
2019-01-29,21,0,136,14.65,14.65,0.0,216.813132,0.0
2019-01-29,21,0,139,104.91,104.91,0.0,1392.580871,0.0
2019-01-29,21,0,140,93.25,93.25,0.0,1424.785975,0.0
2019-01-29,21,0,141,101.02,101.02,0.0,1268.030875,0.0
2019-01-29,21,0,142,0.0,0.0,0.0,0.0,0.0
2019-01-29,21,0,143,42.61,42.61,0.0,528.656515,0.0
2019-01-29,21,0,145,9.44,9.44,0.0,121.455034,0.0
2019-01-29,21,0,146,68.23,68.23,0.0,1042.500237,0.0
2019-01-29,21,0,152,0.0,0.0,0.0,0.0,0.0
2019-01-29,21,0,153,0.0,0.0,0.0,0.0,0.0
2019-01-29,21,0,154,0.0,0.0,0.0,0.0,0.0
2019-01-29,21,0,157,25.76,25.76,0.0,323.346618,0.0
2019-01-29,21,0,158,0.0,0.0,0.0,0.0,0.0
2019-01-29,21,0,159,0.0,0.0,0.0,0.0,0.0
2019-01-29,21,0,160,0.0,0.0,0.0,0.0,0.0
2019-01-29,21,0,161,0.0,0.0,0.0,0.0,0.0
2019-01-29,21,0,162,19.13,19.13,0.0,325.114044,0.0
2019-01-29,21,0,163,48.5,48.5,0.0,741.041499,0.0
2019-01-29,21,0,164,0.0,0.0,0.0,0.0,0.0
2019-01-29,21,0,167,0.0,0.0,0.0,0.0,0.0
2019-01-29,21,0,168,0.0,0.0,0.0,0.0,0.0
2019-01-29,21,0,169,0.0,0.0,0.0,0.0,0.0
2019-01-29,21,0,170,0.0,0.0,0.0,0.0,0.0
2019-01-29,21,0,172,0.0,0.0,0.0,0.0,0.0
2019-01-29,21,0,173,0.0,0.0,0.0,0.0,0.0
2019-01-29,21,0,188,0.0,0.0,0.0,0.0,0.0
2019-01-29,21,0,190,0.0,0.0,0.0,0.0,0.0
2019-01-29,21,0,191,0.0,0.0,0.0,0.0,0.0
2019-01-29,21,0,192,57.95,57.95,0.0,989.390001,0.0
2019-01-29,21,0,194,79.9,79.9,0.0,751.241897,0.0
2019-01-29,21,0,196,0.0,0.0,0.0,0.0,0.0
2019-01-29,21,0,198,0.0,0.0,0.0,0.0,0.0
2019-01-29,21,0,199,8.7,8.7,0.0,91.807471,0.0
2019-01-29,21,0,200,0.0,0.0,0.0,0.0,0.0
2019-01-29,21,0,204,200.16,200.16,0.0,2711.251391,0.0
2019-01-29,21,0,205,101.66,101.66,0.0,1386.556247,0.0
2019-01-29,21,0,206,233.19,233.19,0.0,2889.545706,0.0
2019-01-29,21,0,210,0.0,0.0,0.0,0.0,0.0
2019-01-29,21,0,214,0.0,0.0,0.0,0.0,0.0
2019-01-29,21,0,217,0.0,0.0,0.0,0.0,0.0
2019-01-29,21,0,218,0.0,0.0,0.0,0.0,0.0
2019-01-29,21,0,219,0.0,0.0,0.0,0.0,0.0
2019-01-29,21,0,221,0.0,0.0,0.0,0.0,0.0
2019-01-29,21,0,225,0.0,0.0,0.0,0.0,0.0
2019-01-29,21,0,233,0.0,0.0,0.0,0.0,0.0
2019-01-29,21,0,236,24.92,24.92,0.0,379.552036,0.0
2019-01-29,21,0,237,39.84,39.84,0.0,588.145658,0.0
2019-01-29,21,0,238,0.0,0.0,0.0,0.0,0.0
2019-01-29,21,0,240,0.0,0.0,0.0,0.0,0.0
2019-01-29,21,0,245,105.07,105.07,0.0,1562.260648,0.0
2019-01-29,21,0,247,28.93,28.93,0.0,430.153236,0.0
2019-01-29,21,0,248,4.0,4.0,0.0,59.050769,0.0
2019-01-29,21,0,249,202.05,202.05,0.0,3004.233025,0.0
2019-01-29,21,0,251,54.23,54.23,0.0,808.272969,0.0
2019-01-29,21,0,252,55.19,55.19,0.0,815.966641,0.0
2019-01-29,21,0,254,0.0,0.0,0.0,0.0,0.0
2019-01-29,21,0,255,0.0,0.0,0.0,0.0,0.0
2019-01-29,21,0,258,0.0,0.0,0.0,0.0,0.0
2019-01-29,21,0,260,0.0,0.0,0.0,0.0,0.0
2019-01-29,21,0,265,0.0,0.0,0.0,0.0,0.0
2019-01-29,21,0,266,65.7,65.7,0.0,872.105264,0.0
2019-01-29,21,0,267,82.02,82.02,0.0,1088.737804,0.0
2019-01-29,21,0,270,151.47,151.47,0.0,2314.341359,0.0
2019-01-29,21,0,272,101.18,101.18,0.0,1064.768919,0.0
2019-01-29,21,0,273,0.0,0.0,0.0,0.0,0.0
2019-01-29,21,0,274,195.26,195.26,0.0,2983.417797,0.0
2019-01-29,21,0,275,271.8,271.8,0.0,4152.888237,0.0
2019-01-29,21,0,276,0.0,0.0,0.0,0.0,0.0
2019-01-29,21,0,277,0.0,0.0,0.0,0.0,0.0
2019-01-29,21,0,278,0.0,0.0,0.0,0.0,0.0
2019-01-29,21,0,279,182.59,182.59,0.0,1957.453719,0.0
2019-01-29,21,0,281,12.41,12.41,0.0,153.969194,0.0
2019-01-29,21,0,282,0.0,0.0,0.0,0.0,0.0
2019-01-29,22,0,9,0.0,0.0,0.0,0.0,0.0
2019-01-29,22,0,17,0.0,0.0,0.0,0.0,0.0
2019-01-29,22,0,19,264.71,264.71,0.0,4296.756604,0.0
2019-01-29,22,0,20,321.05,321.05,0.0,5211.264054,0.0
2019-01-29,22,0,21,0.0,0.0,0.0,0.0,0.0
2019-01-29,22,0,22,0.0,0.0,0.0,0.0,0.0
2019-01-29,22,0,23,32.82,32.82,0.0,407.777064,0.0
2019-01-29,22,0,24,58.07,58.07,0.0,721.499515,0.0
2019-01-29,22,0,29,0.0,0.0,0.0,0.0,0.0
2019-01-29,22,0,30,0.0,0.0,0.0,0.0,0.0
2019-01-29,22,0,31,24.08,24.08,0.0,298.757308,0.0
2019-01-29,22,0,32,0.0,0.0,0.0,0.0,0.0
2019-01-29,22,0,33,0.0,0.0,0.0,0.0,0.0
2019-01-29,22,0,34,0.0,0.0,0.0,0.0,0.0
2019-01-29,22,0,35,0.0,0.0,0.0,0.0,0.0
2019-01-29,22,0,36,0.0,0.0,0.0,0.0,0.0
2019-01-29,22,0,37,0.0,0.0,0.0,0.0,0.0
2019-01-29,22,0,38,0.0,0.0,0.0,0.0,0.0
2019-01-29,22,0,39,0.0,0.0,0.0,0.0,0.0
2019-01-29,22,0,40,0.0,0.0,0.0,0.0,0.0
2019-01-29,22,0,41,76.03,76.03,0.0,1021.003746,0.0
2019-01-29,22,0,42,0.0,0.0,0.0,0.0,0.0
2019-01-29,22,0,43,0.0,0.0,0.0,0.0,0.0
2019-01-29,22,0,46,0.0,0.0,0.0,0.0,0.0
2019-01-29,22,0,52,25.53,25.53,0.0,316.747262,0.0
2019-01-29,22,0,53,40.56,40.56,0.0,503.222442,0.0
2019-01-29,22,0,55,123.05,123.05,0.0,1528.853373,0.0
2019-01-29,22,0,56,0.0,0.0,0.0,0.0,0.0
2019-01-29,22,0,57,0.0,0.0,0.0,0.0,0.0
2019-01-29,22,0,58,0.0,0.0,0.0,0.0,0.0
2019-01-29,22,0,59,0.0,0.0,0.0,0.0,0.0
2019-01-29,22,0,63,38.5,38.5,0.0,639.223694,0.0
2019-01-29,22,0,64,45.29,45.29,0.0,751.959509,0.0
2019-01-29,22,0,65,4.4,4.4,0.0,71.243031,0.0
2019-01-29,22,0,67,0.0,0.0,0.0,0.0,0.0
2019-01-29,22,0,68,1.99,1.99,0.0,22.566256,0.0
2019-01-29,22,0,69,0.0,0.0,0.0,0.0,0.0
2019-01-29,22,0,74,12.37,12.37,0.0,186.845646,0.0
2019-01-29,22,0,77,82.89,82.89,0.0,889.557426,0.0
2019-01-29,22,0,78,62.66,62.66,0.0,672.453472,0.0
2019-01-29,22,0,79,36.26,36.26,0.0,389.134422,0.0
2019-01-29,22,0,80,58.64,58.64,0.0,629.311707,0.0
2019-01-29,22,0,81,76.67,76.67,0.0,822.80574,0.0
2019-01-29,22,0,82,54.08,54.08,0.0,580.374781,0.0
2019-01-29,22,0,83,120.6,120.6,0.0,1294.252932,0.0
2019-01-29,22,0,84,0.0,0.0,0.0,0.0,0.0
2019-01-29,22,0,86,0.0,0.0,0.0,0.0,0.0
2019-01-29,22,0,87,0.0,0.0,0.0,0.0,0.0
2019-01-29,22,0,88,84.35,84.35,0.0,905.225828,0.0
2019-01-29,22,0,89,81.09,81.09,0.0,870.240218,0.0
2019-01-29,22,0,90,108.88,108.88,0.0,1168.476445,0.0
2019-01-29,22,0,91,388.39,388.39,0.0,4168.116884,0.0
2019-01-29,22,0,92,139.68,139.68,0.0,1499.015336,0.0
2019-01-29,22,0,95,22.38,22.38,0.0,368.710894,0.0
2019-01-29,22,0,96,9.32,9.32,0.0,115.458734,0.0
2019-01-29,22,0,97,57.33,57.33,0.0,710.219874,0.0
2019-01-29,22,0,99,2.39,2.39,0.0,36.100331,0.0
2019-01-29,22,0,101,0.0,0.0,0.0,0.0,0.0
2019-01-29,22,0,102,4.72,4.72,0.0,53.523985,0.0
2019-01-29,22,0,103,4.1,4.1,0.0,46.493292,0.0
2019-01-29,22,0,104,0.76,0.76,0.0,8.618269,0.0
2019-01-29,22,0,106,0.0,0.0,0.0,0.0,0.0
2019-01-29,22,0,109,40.61,40.61,0.0,564.544604,0.0
2019-01-29,22,0,110,180.63,180.63,0.0,2684.336663,0.0
2019-01-29,22,0,111,0.0,0.0,0.0,0.0,0.0
2019-01-29,22,0,113,52.2,52.2,0.0,531.513353,0.0
2019-01-29,22,0,115,52.2,52.2,0.0,531.513353,0.0
2019-01-29,22,0,116,0.0,0.0,0.0,0.0,0.0
2019-01-29,22,0,117,3.48,3.48,0.0,35.434224,0.0
2019-01-29,22,0,119,45.29,45.29,0.0,751.959509,0.0
2019-01-29,22,0,120,26.63,26.63,0.0,442.143558,0.0
2019-01-29,22,0,123,0.0,0.0,0.0,0.0,0.0
2019-01-29,22,0,125,52.55,52.55,0.0,652.915439,0.0
2019-01-29,22,0,126,0.0,0.0,0.0,0.0,0.0
2019-01-29,22,0,127,0.0,0.0,0.0,0.0,0.0
2019-01-29,22,0,128,75.26,75.26,0.0,935.079275,0.0
2019-01-29,22,0,131,6.64,6.64,0.0,73.759357,0.0
2019-01-29,22,0,132,9.76,9.76,0.0,108.417368,0.0
2019-01-29,22,0,133,42.41,42.41,0.0,688.557728,0.0
2019-01-29,22,0,134,0.0,0.0,0.0,0.0,0.0
2019-01-29,22,0,135,56.82,56.82,0.0,922.51474,0.0
2019-01-29,22,0,136,8.5,8.5,0.0,137.609757,0.0
2019-01-29,22,0,139,98.18,98.18,0.0,1318.455186,0.0
2019-01-29,22,0,140,133.69,133.69,0.0,1986.762821,0.0
2019-01-29,22,0,141,73.95,73.95,0.0,902.678702,0.0
2019-01-29,22,0,142,0.0,0.0,0.0,0.0,0.0
2019-01-29,22,0,143,35.45,35.45,0.0,439.823362,0.0
2019-01-29,22,0,145,19.56,19.56,0.0,253.559189,0.0
2019-01-29,22,0,146,114.96,114.96,0.0,1708.41689,0.0
2019-01-29,22,0,152,0.0,0.0,0.0,0.0,0.0
2019-01-29,22,0,153,0.0,0.0,0.0,0.0,0.0
2019-01-29,22,0,154,0.0,0.0,0.0,0.0,0.0
2019-01-29,22,0,157,44.09,44.09,0.0,538.189371,0.0
2019-01-29,22,0,158,0.0,0.0,0.0,0.0,0.0
2019-01-29,22,0,159,0.0,0.0,0.0,0.0,0.0
2019-01-29,22,0,160,0.0,0.0,0.0,0.0,0.0
2019-01-29,22,0,161,0.0,0.0,0.0,0.0,0.0
2019-01-29,22,0,162,14.14,14.14,0.0,233.017427,0.0
2019-01-29,22,0,163,39.2,39.2,0.0,582.549948,0.0
2019-01-29,22,0,164,0.0,0.0,0.0,0.0,0.0
2019-01-29,22,0,167,0.0,0.0,0.0,0.0,0.0
2019-01-29,22,0,168,0.0,0.0,0.0,0.0,0.0
2019-01-29,22,0,169,0.0,0.0,0.0,0.0,0.0
2019-01-29,22,0,170,0.0,0.0,0.0,0.0,0.0
2019-01-29,22,0,172,0.0,0.0,0.0,0.0,0.0
2019-01-29,22,0,173,0.0,0.0,0.0,0.0,0.0
2019-01-29,22,0,188,0.0,0.0,0.0,0.0,0.0
2019-01-29,22,0,190,0.0,0.0,0.0,0.0,0.0
2019-01-29,22,0,191,0.0,0.0,0.0,0.0,0.0
2019-01-29,22,0,192,63.74,63.74,0.0,1058.288786,0.0
2019-01-29,22,0,194,97.82,97.82,0.0,882.760139,0.0
2019-01-29,22,0,196,0.0,0.0,0.0,0.0,0.0
2019-01-29,22,0,198,0.0,0.0,0.0,0.0,0.0
2019-01-29,22,0,199,14.78,14.78,0.0,158.938662,0.0
2019-01-29,22,0,200,0.0,0.0,0.0,0.0,0.0
2019-01-29,22,0,204,186.86,186.86,0.0,2577.97385,0.0
2019-01-29,22,0,205,202.03,202.03,0.0,2808.543374,0.0
2019-01-29,22,0,206,168.47,168.47,0.0,2087.052891,0.0
2019-01-29,22,0,210,0.0,0.0,0.0,0.0,0.0
2019-01-29,22,0,214,0.0,0.0,0.0,0.0,0.0
2019-01-29,22,0,217,0.0,0.0,0.0,0.0,0.0
2019-01-29,22,0,218,0.0,0.0,0.0,0.0,0.0
2019-01-29,22,0,219,0.0,0.0,0.0,0.0,0.0
2019-01-29,22,0,221,0.0,0.0,0.0,0.0,0.0
2019-01-29,22,0,225,0.0,0.0,0.0,0.0,0.0
2019-01-29,22,0,233,0.0,0.0,0.0,0.0,0.0
2019-01-29,22,0,236,17.25,17.25,0.0,270.35035,0.0
2019-01-29,22,0,237,29.67,29.67,0.0,448.157665,0.0
2019-01-29,22,0,238,0.0,0.0,0.0,0.0,0.0
2019-01-29,22,0,240,0.0,0.0,0.0,0.0,0.0
2019-01-29,22,0,245,78.79,78.79,0.0,1290.602719,0.0
2019-01-29,22,0,247,17.03,17.03,0.0,278.956267,0.0
2019-01-29,22,0,248,2.98,2.98,0.0,45.012128,0.0
2019-01-29,22,0,249,151.53,151.53,0.0,2482.104709,0.0
2019-01-29,22,0,251,61.9,61.9,0.0,998.160043,0.0
2019-01-29,22,0,252,28.38,28.38,0.0,459.517547,0.0
2019-01-29,22,0,254,0.0,0.0,0.0,0.0,0.0
2019-01-29,22,0,255,0.0,0.0,0.0,0.0,0.0
2019-01-29,22,0,258,0.0,0.0,0.0,0.0,0.0
2019-01-29,22,0,260,0.0,0.0,0.0,0.0,0.0
2019-01-29,22,0,265,0.0,0.0,0.0,0.0,0.0
2019-01-29,22,0,266,63.58,63.58,0.0,853.813208,0.0
2019-01-29,22,0,267,78.13,78.13,0.0,1049.20456,0.0
2019-01-29,22,0,270,122.41,122.41,0.0,1819.131102,0.0
2019-01-29,22,0,272,174.46,174.46,0.0,1776.395012,0.0
2019-01-29,22,0,273,0.0,0.0,0.0,0.0,0.0
2019-01-29,22,0,274,157.8,157.8,0.0,2345.060762,0.0
2019-01-29,22,0,275,219.66,219.66,0.0,3264.360247,0.0
2019-01-29,22,0,276,0.0,0.0,0.0,0.0,0.0
2019-01-29,22,0,277,0.0,0.0,0.0,0.0,0.0
2019-01-29,22,0,278,0.0,0.0,0.0,0.0,0.0
2019-01-29,22,0,279,66.42,66.42,0.0,690.938381,0.0
2019-01-29,22,0,281,10.81,10.81,0.0,134.11821,0.0
2019-01-29,22,0,282,0.0,0.0,0.0,0.0,0.0
2019-01-29,23,0,9,0.0,0.0,0.0,0.0,0.0
2019-01-29,23,0,17,0.0,0.0,0.0,0.0,0.0
2019-01-29,23,0,19,252.77,252.77,0.0,3740.44269,0.0
2019-01-29,23,0,20,306.56,306.56,0.0,4536.416945,0.0
2019-01-29,23,0,21,0.0,0.0,0.0,0.0,0.0
2019-01-29,23,0,22,0.0,0.0,0.0,0.0,0.0
2019-01-29,23,0,23,31.79,31.79,0.0,427.977799,0.0
2019-01-29,23,0,24,56.24,56.24,0.0,757.139711,0.0
2019-01-29,23,0,29,0.0,0.0,0.0,0.0,0.0
2019-01-29,23,0,30,0.0,0.0,0.0,0.0,0.0
2019-01-29,23,0,31,19.85,19.85,0.0,267.10026,0.0
2019-01-29,23,0,32,0.0,0.0,0.0,0.0,0.0
2019-01-29,23,0,33,0.0,0.0,0.0,0.0,0.0
2019-01-29,23,0,34,0.0,0.0,0.0,0.0,0.0
2019-01-29,23,0,35,0.0,0.0,0.0,0.0,0.0
2019-01-29,23,0,36,0.0,0.0,0.0,0.0,0.0
2019-01-29,23,0,37,0.0,0.0,0.0,0.0,0.0
2019-01-29,23,0,38,0.0,0.0,0.0,0.0,0.0
2019-01-29,23,0,39,0.0,0.0,0.0,0.0,0.0
2019-01-29,23,0,40,0.0,0.0,0.0,0.0,0.0
2019-01-29,23,0,41,72.25,72.25,0.0,999.518616,0.0
2019-01-29,23,0,42,0.0,0.0,0.0,0.0,0.0
2019-01-29,23,0,43,0.0,0.0,0.0,0.0,0.0
2019-01-29,23,0,46,0.0,0.0,0.0,0.0,0.0
2019-01-29,23,0,52,21.05,21.05,0.0,283.247379,0.0
2019-01-29,23,0,53,33.43,33.43,0.0,449.831824,0.0
2019-01-29,23,0,55,199.89,199.89,0.0,2691.050086,0.0
2019-01-29,23,0,56,0.0,0.0,0.0,0.0,0.0
2019-01-29,23,0,57,0.0,0.0,0.0,0.0,0.0
2019-01-29,23,0,58,0.0,0.0,0.0,0.0,0.0
2019-01-29,23,0,59,0.0,0.0,0.0,0.0,0.0
2019-01-29,23,0,63,34.84,34.84,0.0,568.510628,0.0
2019-01-29,23,0,64,40.98,40.98,0.0,668.701652,0.0
2019-01-29,23,0,65,3.98,3.98,0.0,58.843037,0.0
2019-01-29,23,0,67,0.0,0.0,0.0,0.0,0.0
2019-01-29,23,0,68,1.77,1.77,0.0,23.374146,0.0
2019-01-29,23,0,69,0.0,0.0,0.0,0.0,0.0
2019-01-29,23,0,74,12.84,12.84,0.0,185.255546,0.0
2019-01-29,23,0,77,79.43,79.43,0.0,1018.378625,0.0
2019-01-29,23,0,78,60.05,60.05,0.0,769.906036,0.0
2019-01-29,23,0,79,34.75,34.75,0.0,445.532635,0.0
2019-01-29,23,0,80,56.2,56.2,0.0,720.544866,0.0
2019-01-29,23,0,81,73.47,73.47,0.0,941.96497,0.0
2019-01-29,23,0,82,51.83,51.83,0.0,664.516733,0.0
2019-01-29,23,0,83,115.57,115.57,0.0,1481.732565,0.0
2019-01-29,23,0,84,0.0,0.0,0.0,0.0,0.0
2019-01-29,23,0,86,0.0,0.0,0.0,0.0,0.0
2019-01-29,23,0,87,0.0,0.0,0.0,0.0,0.0
2019-01-29,23,0,88,85.22,85.22,0.0,1092.612695,0.0
2019-01-29,23,0,89,81.92,81.92,0.0,1050.303121,0.0
2019-01-29,23,0,90,110.0,110.0,0.0,1410.319133,0.0
2019-01-29,23,0,91,392.39,392.39,0.0,5030.864768,0.0
2019-01-29,23,0,92,141.12,141.12,0.0,1809.311237,0.0
2019-01-29,23,0,95,20.22,20.22,0.0,328.833676,0.0
2019-01-29,23,0,96,9.47,9.47,0.0,127.361149,0.0
2019-01-29,23,0,97,58.22,58.22,0.0,782.995363,0.0
2019-01-29,23,0,99,2.48,2.48,0.0,35.781445,0.0
2019-01-29,23,0,101,0.0,0.0,0.0,0.0,0.0
2019-01-29,23,0,102,4.19,4.19,0.0,55.332018,0.0
2019-01-29,23,0,103,3.65,3.65,0.0,48.200923,0.0
2019-01-29,23,0,104,0.68,0.68,0.0,8.979898,0.0
2019-01-29,23,0,106,0.0,0.0,0.0,0.0,0.0
2019-01-29,23,0,109,39.49,39.49,0.0,553.934361,0.0
2019-01-29,23,0,110,153.33,153.33,0.0,2344.821735,0.0
2019-01-29,23,0,111,0.0,0.0,0.0,0.0,0.0
2019-01-29,23,0,113,47.61,47.61,0.0,598.700431,0.0
2019-01-29,23,0,115,47.61,47.61,0.0,598.700431,0.0
2019-01-29,23,0,116,0.0,0.0,0.0,0.0,0.0
2019-01-29,23,0,117,3.17,3.17,0.0,39.863062,0.0
2019-01-29,23,0,119,40.98,40.98,0.0,668.701652,0.0
2019-01-29,23,0,120,24.1,24.1,0.0,393.257926,0.0
2019-01-29,23,0,123,0.0,0.0,0.0,0.0,0.0
2019-01-29,23,0,125,50.89,50.89,0.0,685.114507,0.0
2019-01-29,23,0,126,0.0,0.0,0.0,0.0,0.0
2019-01-29,23,0,127,0.0,0.0,0.0,0.0,0.0
2019-01-29,23,0,128,72.89,72.89,0.0,981.292915,0.0
2019-01-29,23,0,131,5.72,5.72,0.0,74.752003,0.0
2019-01-29,23,0,132,8.4,8.4,0.0,109.775669,0.0
2019-01-29,23,0,133,41.38,41.38,0.0,612.384602,0.0
2019-01-29,23,0,134,0.0,0.0,0.0,0.0,0.0
2019-01-29,23,0,135,55.44,55.44,0.0,820.459215,0.0
2019-01-29,23,0,136,7.37,7.37,0.0,108.9578,0.0
2019-01-29,23,0,139,93.3,93.3,0.0,1290.727846,0.0
2019-01-29,23,0,140,113.48,113.48,0.0,1735.409708,0.0
2019-01-29,23,0,141,59.78,59.78,0.0,820.149177,0.0
2019-01-29,23,0,142,0.0,0.0,0.0,0.0,0.0
2019-01-29,23,0,143,29.08,29.08,0.0,391.298517,0.0
2019-01-29,23,0,145,6.94,6.94,0.0,94.858556,0.0
2019-01-29,23,0,146,92.98,92.98,0.0,1421.910421,0.0
2019-01-29,23,0,152,0.0,0.0,0.0,0.0,0.0
2019-01-29,23,0,153,0.0,0.0,0.0,0.0,0.0
2019-01-29,23,0,154,0.0,0.0,0.0,0.0,0.0
2019-01-29,23,0,157,36.37,36.37,0.0,498.976674,0.0
2019-01-29,23,0,158,0.0,0.0,0.0,0.0,0.0
2019-01-29,23,0,159,0.0,0.0,0.0,0.0,0.0
2019-01-29,23,0,160,0.0,0.0,0.0,0.0,0.0
2019-01-29,23,0,161,0.0,0.0,0.0,0.0,0.0
2019-01-29,23,0,162,6.24,6.24,0.0,101.493194,0.0
2019-01-29,23,0,163,35.26,35.26,0.0,539.218772,0.0
2019-01-29,23,0,164,0.0,0.0,0.0,0.0,0.0
2019-01-29,23,0,167,0.0,0.0,0.0,0.0,0.0
2019-01-29,23,0,168,0.0,0.0,0.0,0.0,0.0
2019-01-29,23,0,169,0.0,0.0,0.0,0.0,0.0
2019-01-29,23,0,170,0.0,0.0,0.0,0.0,0.0
2019-01-29,23,0,172,0.0,0.0,0.0,0.0,0.0
2019-01-29,23,0,173,0.0,0.0,0.0,0.0,0.0
2019-01-29,23,0,188,0.0,0.0,0.0,0.0,0.0
2019-01-29,23,0,190,0.0,0.0,0.0,0.0,0.0
2019-01-29,23,0,191,0.0,0.0,0.0,0.0,0.0
2019-01-29,23,0,192,52.81,52.81,0.0,861.740708,0.0
2019-01-29,23,0,194,88.79,88.79,0.0,1062.212215,0.0
2019-01-29,23,0,196,0.0,0.0,0.0,0.0,0.0
2019-01-29,23,0,198,0.0,0.0,0.0,0.0,0.0
2019-01-29,23,0,199,9.9,9.9,0.0,131.138802,0.0
2019-01-29,23,0,200,0.0,0.0,0.0,0.0,0.0
2019-01-29,23,0,204,161.34,161.34,0.0,2257.314467,0.0
2019-01-29,23,0,205,208.91,208.91,0.0,2930.423583,0.0
2019-01-29,23,0,206,171.08,171.08,0.0,2300.839003,0.0
2019-01-29,23,0,210,0.0,0.0,0.0,0.0,0.0
2019-01-29,23,0,214,0.0,0.0,0.0,0.0,0.0
2019-01-29,23,0,217,0.0,0.0,0.0,0.0,0.0
2019-01-29,23,0,218,0.0,0.0,0.0,0.0,0.0
2019-01-29,23,0,219,0.0,0.0,0.0,0.0,0.0
2019-01-29,23,0,221,0.0,0.0,0.0,0.0,0.0
2019-01-29,23,0,225,0.0,0.0,0.0,0.0,0.0
2019-01-29,23,0,233,0.0,0.0,0.0,0.0,0.0
2019-01-29,23,0,236,17.95,17.95,0.0,262.360926,0.0
2019-01-29,23,0,237,30.8,30.8,0.0,444.382462,0.0
2019-01-29,23,0,238,0.0,0.0,0.0,0.0,0.0
2019-01-29,23,0,240,0.0,0.0,0.0,0.0,0.0
2019-01-29,23,0,245,85.4,85.4,0.0,1267.85587,0.0
2019-01-29,23,0,247,20.23,20.23,0.0,300.33635,0.0
2019-01-29,23,0,248,3.09,3.09,0.0,44.582526,0.0
2019-01-29,23,0,249,164.24,164.24,0.0,2438.321406,0.0
2019-01-29,23,0,251,29.47,29.47,0.0,435.069392,0.0
2019-01-29,23,0,252,25.65,25.65,0.0,379.227113,0.0
2019-01-29,23,0,254,0.0,0.0,0.0,0.0,0.0
2019-01-29,23,0,255,0.0,0.0,0.0,0.0,0.0
2019-01-29,23,0,258,0.0,0.0,0.0,0.0,0.0
2019-01-29,23,0,260,0.0,0.0,0.0,0.0,0.0
2019-01-29,23,0,265,0.0,0.0,0.0,0.0,0.0
2019-01-29,23,0,266,60.42,60.42,0.0,835.860412,0.0
2019-01-29,23,0,267,74.25,74.25,0.0,1027.186951,0.0
2019-01-29,23,0,270,110.11,110.11,0.0,1683.873483,0.0
2019-01-29,23,0,272,159.12,159.12,0.0,2000.949644,0.0
2019-01-29,23,0,273,0.0,0.0,0.0,0.0,0.0
2019-01-29,23,0,274,141.94,141.94,0.0,2170.638473,0.0
2019-01-29,23,0,275,197.58,197.58,0.0,3021.521414,0.0
2019-01-29,23,0,276,0.0,0.0,0.0,0.0,0.0
2019-01-29,23,0,277,0.0,0.0,0.0,0.0,0.0
2019-01-29,23,0,278,0.0,0.0,0.0,0.0,0.0
2019-01-29,23,0,279,62.4,62.4,0.0,790.839976,0.0
2019-01-29,23,0,281,8.91,8.91,0.0,119.892359,0.0
2019-01-29,23,0,282,0.0,0.0,0.0,0.0,0.0
2019-01-30,0,0,9,0.0,0.0,0.0,0.0,0.0
2019-01-30,0,0,17,0.0,0.0,0.0,0.0,0.0
2019-01-30,0,0,19,245.95,245.95,0.0,4615.530758,0.0
2019-01-30,0,0,20,298.3,298.3,0.0,5597.937895,0.0
2019-01-30,0,0,21,0.0,0.0,0.0,0.0,0.0
2019-01-30,0,0,22,0.0,0.0,0.0,0.0,0.0
2019-01-30,0,0,23,30.9,30.9,0.0,538.086838,0.0
2019-01-30,0,0,24,54.67,54.67,0.0,952.013185,0.0
2019-01-30,0,0,29,0.0,0.0,0.0,0.0,0.0
2019-01-30,0,0,30,0.0,0.0,0.0,0.0,0.0
2019-01-30,0,0,31,16.19,16.19,0.0,281.817143,0.0
2019-01-30,0,0,32,0.0,0.0,0.0,0.0,0.0
2019-01-30,0,0,33,0.0,0.0,0.0,0.0,0.0
2019-01-30,0,0,34,0.0,0.0,0.0,0.0,0.0
2019-01-30,0,0,35,0.0,0.0,0.0,0.0,0.0
2019-01-30,0,0,36,0.0,0.0,0.0,0.0,0.0
2019-01-30,0,0,37,0.0,0.0,0.0,0.0,0.0
2019-01-30,0,0,38,0.0,0.0,0.0,0.0,0.0
2019-01-30,0,0,39,0.0,0.0,0.0,0.0,0.0
2019-01-30,0,0,40,0.0,0.0,0.0,0.0,0.0
2019-01-30,0,0,41,68.44,68.44,0.0,1217.935736,0.0
2019-01-30,0,0,42,0.0,0.0,0.0,0.0,0.0
2019-01-30,0,0,43,0.0,0.0,0.0,0.0,0.0
2019-01-30,0,0,46,0.0,0.0,0.0,0.0,0.0
2019-01-30,0,0,52,17.16,17.16,0.0,298.701802,0.0
2019-01-30,0,0,53,27.26,27.26,0.0,474.511138,0.0
2019-01-30,0,0,55,187.49,187.49,0.0,3264.915898,0.0
2019-01-30,0,0,56,0.0,0.0,0.0,0.0,0.0
2019-01-30,0,0,57,0.0,0.0,0.0,0.0,0.0
2019-01-30,0,0,58,0.0,0.0,0.0,0.0,0.0
2019-01-30,0,0,59,0.0,0.0,0.0,0.0,0.0
2019-01-30,0,0,63,31.52,31.52,0.0,652.660542,0.0
2019-01-30,0,0,64,37.08,37.08,0.0,767.787212,0.0
2019-01-30,0,0,65,3.59,3.59,0.0,67.323741,0.0
2019-01-30,0,0,67,0.0,0.0,0.0,0.0,0.0
2019-01-30,0,0,68,1.57,1.57,0.0,26.98703,0.0
2019-01-30,0,0,69,0.0,0.0,0.0,0.0,0.0
2019-01-30,0,0,74,13.37,13.37,0.0,245.993515,0.0
2019-01-30,0,0,77,76.63,76.63,0.0,1283.56653,0.0
2019-01-30,0,0,78,57.93,57.93,0.0,970.338106,0.0
2019-01-30,0,0,79,33.52,33.52,0.0,561.466137,0.0
2019-01-30,0,0,80,54.21,54.21,0.0,908.027425,0.0
2019-01-30,0,0,81,70.88,70.88,0.0,1187.252977,0.0
2019-01-30,0,0,82,50.0,50.0,0.0,837.509154,0.0
2019-01-30,0,0,83,111.49,111.49,0.0,1867.477912,0.0
2019-01-30,0,0,84,0.0,0.0,0.0,0.0,0.0
2019-01-30,0,0,86,0.0,0.0,0.0,0.0,0.0
2019-01-30,0,0,87,0.0,0.0,0.0,0.0,0.0
2019-01-30,0,0,88,86.0,86.0,0.0,1440.515745,0.0
2019-01-30,0,0,89,82.68,82.68,0.0,1384.905138,0.0
2019-01-30,0,0,90,111.01,111.01,0.0,1859.437824,0.0
2019-01-30,0,0,91,395.99,395.99,0.0,6632.905,0.0
2019-01-30,0,0,92,142.42,142.42,0.0,2385.561075,0.0
2019-01-30,0,0,95,10.4,10.4,0.0,214.735882,0.0
2019-01-30,0,0,96,9.69,9.69,0.0,168.602153,0.0
2019-01-30,0,0,97,59.56,59.56,0.0,1036.320354,0.0
2019-01-30,0,0,99,2.58,2.58,0.0,47.469205,0.0
2019-01-30,0,0,101,0.0,0.0,0.0,0.0,0.0
2019-01-30,0,0,102,3.72,3.72,0.0,63.943791,0.0
2019-01-30,0,0,103,3.23,3.23,0.0,55.521087,0.0
2019-01-30,0,0,104,0.6,0.6,0.0,10.313515,0.0
2019-01-30,0,0,106,0.0,0.0,0.0,0.0,0.0
2019-01-30,0,0,109,33.14,33.14,0.0,596.488729,0.0
2019-01-30,0,0,110,128.87,128.87,0.0,2519.224108,0.0
2019-01-30,0,0,111,0.0,0.0,0.0,0.0,0.0
2019-01-30,0,0,113,43.36,43.36,0.0,714.819068,0.0
2019-01-30,0,0,115,43.36,43.36,0.0,714.819068,0.0
2019-01-30,0,0,116,0.0,0.0,0.0,0.0,0.0
2019-01-30,0,0,117,2.89,2.89,0.0,47.643614,0.0
2019-01-30,0,0,119,37.08,37.08,0.0,767.787212,0.0
2019-01-30,0,0,120,21.8,21.8,0.0,451.395934,0.0
2019-01-30,0,0,123,0.0,0.0,0.0,0.0,0.0
2019-01-30,0,0,125,49.47,49.47,0.0,861.461355,0.0
2019-01-30,0,0,126,0.0,0.0,0.0,0.0,0.0
2019-01-30,0,0,127,0.0,0.0,0.0,0.0,0.0
2019-01-30,0,0,128,70.86,70.86,0.0,1233.942826,0.0
2019-01-30,0,0,131,4.89,4.89,0.0,83.296643,0.0
2019-01-30,0,0,132,7.18,7.18,0.0,122.304682,0.0
2019-01-30,0,0,133,41.7,41.7,0.0,782.598892,0.0
2019-01-30,0,0,134,0.0,0.0,0.0,0.0,0.0
2019-01-30,0,0,135,55.88,55.88,0.0,1048.72005,0.0
2019-01-30,0,0,136,6.41,6.41,0.0,120.202994,0.0
2019-01-30,0,0,139,88.38,88.38,0.0,1572.78142,0.0
2019-01-30,0,0,140,95.38,95.38,0.0,1864.542527,0.0
2019-01-30,0,0,141,47.61,47.61,0.0,846.029083,0.0
2019-01-30,0,0,142,0.0,0.0,0.0,0.0,0.0
2019-01-30,0,0,143,59.97,59.97,0.0,1043.889691,0.0
2019-01-30,0,0,145,6.09,6.09,0.0,107.348733,0.0
2019-01-30,0,0,146,73.47,73.47,0.0,1436.233376,0.0
2019-01-30,0,0,152,0.0,0.0,0.0,0.0,0.0
2019-01-30,0,0,153,0.0,0.0,0.0,0.0,0.0
2019-01-30,0,0,154,0.0,0.0,0.0,0.0,0.0
2019-01-30,0,0,157,29.78,29.78,0.0,529.190214,0.0
2019-01-30,0,0,158,0.0,0.0,0.0,0.0,0.0
2019-01-30,0,0,159,0.0,0.0,0.0,0.0,0.0
2019-01-30,0,0,160,0.0,0.0,0.0,0.0,0.0
2019-01-30,0,0,161,0.0,0.0,0.0,0.0,0.0
2019-01-30,0,0,162,5.46,5.46,0.0,112.749186,0.0
2019-01-30,0,0,163,31.7,31.7,0.0,619.689642,0.0
2019-01-30,0,0,164,0.0,0.0,0.0,0.0,0.0
2019-01-30,0,0,167,0.0,0.0,0.0,0.0,0.0
2019-01-30,0,0,168,0.0,0.0,0.0,0.0,0.0
2019-01-30,0,0,169,0.0,0.0,0.0,0.0,0.0
2019-01-30,0,0,170,0.0,0.0,0.0,0.0,0.0
2019-01-30,0,0,172,0.0,0.0,0.0,0.0,0.0
2019-01-30,0,0,173,0.0,0.0,0.0,0.0,0.0
2019-01-30,0,0,188,0.0,0.0,0.0,0.0,0.0
2019-01-30,0,0,190,0.0,0.0,0.0,0.0,0.0
2019-01-30,0,0,191,0.0,0.0,0.0,0.0,0.0
2019-01-30,0,0,192,43.62,43.62,0.0,903.205992,0.0
2019-01-30,0,0,194,81.16,81.16,0.0,1282.861627,0.0
2019-01-30,0,0,196,0.0,0.0,0.0,0.0,0.0
2019-01-30,0,0,198,0.0,0.0,0.0,0.0,0.0
2019-01-30,0,0,199,3.73,3.73,0.0,64.533812,0.0
2019-01-30,0,0,200,0.0,0.0,0.0,0.0,0.0
2019-01-30,0,0,204,140.22,140.22,0.0,2518.72259,0.0
2019-01-30,0,0,205,175.33,175.33,0.0,3155.774557,0.0
2019-01-30,0,0,206,175.02,175.02,0.0,3045.278516,0.0
2019-01-30,0,0,210,0.0,0.0,0.0,0.0,0.0
2019-01-30,0,0,214,0.0,0.0,0.0,0.0,0.0
2019-01-30,0,0,217,0.0,0.0,0.0,0.0,0.0
2019-01-30,0,0,218,0.0,0.0,0.0,0.0,0.0
2019-01-30,0,0,219,0.0,0.0,0.0,0.0,0.0
2019-01-30,0,0,221,0.0,0.0,0.0,0.0,0.0
2019-01-30,0,0,225,0.0,0.0,0.0,0.0,0.0
2019-01-30,0,0,233,0.0,0.0,0.0,0.0,0.0
2019-01-30,0,0,236,18.56,18.56,0.0,344.963616,0.0
2019-01-30,0,0,237,32.09,32.09,0.0,590.421235,0.0
2019-01-30,0,0,238,0.0,0.0,0.0,0.0,0.0
2019-01-30,0,0,240,0.0,0.0,0.0,0.0,0.0
2019-01-30,0,0,245,59.99,59.99,0.0,1128.648953,0.0
2019-01-30,0,0,247,23.83,23.83,0.0,448.336465,0.0
2019-01-30,0,0,248,3.22,3.22,0.0,59.244512,0.0
2019-01-30,0,0,249,112.39,112.39,0.0,2114.500015,0.0
2019-01-30,0,0,251,28.84,28.84,0.0,540.224585,0.0
2019-01-30,0,0,252,23.19,23.19,0.0,434.885109,0.0
2019-01-30,0,0,254,0.0,0.0,0.0,0.0,0.0
2019-01-30,0,0,255,0.0,0.0,0.0,0.0,0.0
2019-01-30,0,0,258,0.0,0.0,0.0,0.0,0.0
2019-01-30,0,0,260,0.0,0.0,0.0,0.0,0.0
2019-01-30,0,0,265,0.0,0.0,0.0,0.0,0.0
2019-01-30,0,0,266,57.23,57.23,0.0,1018.446262,0.0
2019-01-30,0,0,267,70.33,70.33,0.0,1251.569555,0.0
2019-01-30,0,0,270,99.01,99.01,0.0,1935.503833,0.0
2019-01-30,0,0,272,144.9,144.9,0.0,2388.774975,0.0
2019-01-30,0,0,273,0.0,0.0,0.0,0.0,0.0
2019-01-30,0,0,274,127.63,127.63,0.0,2494.983882,0.0
2019-01-30,0,0,275,177.67,177.67,0.0,3473.194283,0.0
2019-01-30,0,0,276,0.0,0.0,0.0,0.0,0.0
2019-01-30,0,0,277,0.0,0.0,0.0,0.0,0.0
2019-01-30,0,0,278,0.0,0.0,0.0,0.0,0.0
2019-01-30,0,0,279,59.14,59.14,0.0,981.234517,0.0
2019-01-30,0,0,281,7.27,7.27,0.0,126.547908,0.0
2019-01-30,0,0,282,0.0,0.0,0.0,0.0,0.0
2019-01-30,1,0,9,0.0,0.0,0.0,0.0,0.0
2019-01-30,1,0,17,0.0,0.0,0.0,0.0,0.0
2019-01-30,1,0,19,245.49,245.49,0.0,3377.565221,0.0
2019-01-30,1,0,20,297.74,297.74,0.0,4096.444943,0.0
2019-01-30,1,0,21,0.0,0.0,0.0,0.0,0.0
2019-01-30,1,0,22,0.0,0.0,0.0,0.0,0.0
2019-01-30,1,0,23,30.14,30.14,0.0,392.003566,0.0
2019-01-30,1,0,24,53.32,53.32,0.0,693.484743,0.0
2019-01-30,1,0,29,0.0,0.0,0.0,0.0,0.0
2019-01-30,1,0,30,0.0,0.0,0.0,0.0,0.0
2019-01-30,1,0,31,29.2,29.2,0.0,379.638524,0.0
2019-01-30,1,0,32,0.0,0.0,0.0,0.0,0.0
2019-01-30,1,0,33,0.0,0.0,0.0,0.0,0.0
2019-01-30,1,0,34,0.0,0.0,0.0,0.0,0.0
2019-01-30,1,0,35,0.0,0.0,0.0,0.0,0.0
2019-01-30,1,0,36,0.0,0.0,0.0,0.0,0.0
2019-01-30,1,0,37,0.0,0.0,0.0,0.0,0.0
2019-01-30,1,0,38,0.0,0.0,0.0,0.0,0.0
2019-01-30,1,0,39,0.0,0.0,0.0,0.0,0.0
2019-01-30,1,0,40,0.0,0.0,0.0,0.0,0.0
2019-01-30,1,0,41,64.73,64.73,0.0,857.970547,0.0
2019-01-30,1,0,42,0.0,0.0,0.0,0.0,0.0
2019-01-30,1,0,43,0.0,0.0,0.0,0.0,0.0
2019-01-30,1,0,46,0.0,0.0,0.0,0.0,0.0
2019-01-30,1,0,52,31.09,31.09,0.0,404.211017,0.0
2019-01-30,1,0,53,50.82,50.82,0.0,660.727047,0.0
2019-01-30,1,0,55,147.92,147.92,0.0,1923.8609,0.0
2019-01-30,1,0,56,0.0,0.0,0.0,0.0,0.0
2019-01-30,1,0,57,0.0,0.0,0.0,0.0,0.0
2019-01-30,1,0,58,0.0,0.0,0.0,0.0,0.0
2019-01-30,1,0,59,0.0,0.0,0.0,0.0,0.0
2019-01-30,1,0,63,28.83,28.83,0.0,502.575545,0.0
2019-01-30,1,0,64,33.92,33.92,0.0,591.306365,0.0
2019-01-30,1,0,65,3.24,3.24,0.0,44.560145,0.0
2019-01-30,1,0,67,0.0,0.0,0.0,0.0,0.0
2019-01-30,1,0,68,1.38,1.38,0.0,18.094144,0.0
2019-01-30,1,0,69,0.0,0.0,0.0,0.0,0.0
2019-01-30,1,0,74,13.97,13.97,0.0,190.016189,0.0
2019-01-30,1,0,77,73.69,73.69,0.0,924.620346,0.0
2019-01-30,1,0,78,55.71,55.71,0.0,699.017499,0.0
2019-01-30,1,0,79,32.24,32.24,0.0,404.529243,0.0
2019-01-30,1,0,80,52.14,52.14,0.0,654.223162,0.0
2019-01-30,1,0,81,68.16,68.16,0.0,855.233041,0.0
2019-01-30,1,0,82,48.08,48.08,0.0,603.280584,0.0
2019-01-30,1,0,83,107.22,107.22,0.0,1345.335778,0.0
2019-01-30,1,0,84,0.0,0.0,0.0,0.0,0.0
2019-01-30,1,0,86,0.0,0.0,0.0,0.0,0.0
2019-01-30,1,0,87,0.0,0.0,0.0,0.0,0.0
2019-01-30,1,0,88,87.3,87.3,0.0,1095.39091,0.0
2019-01-30,1,0,89,83.93,83.93,0.0,1053.106061,0.0
2019-01-30,1,0,90,112.69,112.69,0.0,1413.970237,0.0
2019-01-30,1,0,91,401.97,401.97,0.0,5043.691687,0.0
2019-01-30,1,0,92,144.57,144.57,0.0,1813.982405,0.0
2019-01-30,1,0,95,12.93,12.93,0.0,224.7379,0.0
2019-01-30,1,0,96,9.91,9.91,0.0,128.79366,0.0
2019-01-30,1,0,97,60.93,60.93,0.0,791.866569,0.0
2019-01-30,1,0,99,2.7,2.7,0.0,36.724675,0.0
2019-01-30,1,0,101,0.0,0.0,0.0,0.0,0.0
2019-01-30,1,0,102,3.27,3.27,0.0,42.875255,0.0
2019-01-30,1,0,103,2.85,2.85,0.0,37.368342,0.0
2019-01-30,1,0,104,0.53,0.53,0.0,6.9492,0.0
2019-01-30,1,0,106,0.0,0.0,0.0,0.0,0.0
2019-01-30,1,0,109,28.12,28.12,0.0,377.333781,0.0
2019-01-30,1,0,110,107.27,107.27,0.0,1717.946401,0.0
2019-01-30,1,0,111,0.0,0.0,0.0,0.0,0.0
2019-01-30,1,0,113,22.21,22.21,0.0,273.201241,0.0
2019-01-30,1,0,115,22.21,22.21,0.0,273.201241,0.0
2019-01-30,1,0,116,0.0,0.0,0.0,0.0,0.0
2019-01-30,1,0,117,1.52,1.52,0.0,18.697248,0.0
2019-01-30,1,0,119,33.92,33.92,0.0,591.306365,0.0
2019-01-30,1,0,120,19.95,19.95,0.0,347.776002,0.0
2019-01-30,1,0,123,0.0,0.0,0.0,0.0,0.0
2019-01-30,1,0,125,48.25,48.25,0.0,627.543864,0.0
2019-01-30,1,0,126,0.0,0.0,0.0,0.0,0.0
2019-01-30,1,0,127,0.0,0.0,0.0,0.0,0.0
2019-01-30,1,0,128,69.11,69.11,0.0,898.850911,0.0
2019-01-30,1,0,131,4.13,4.13,0.0,53.362971,0.0
2019-01-30,1,0,132,6.07,6.07,0.0,78.429355,0.0
2019-01-30,1,0,133,43.58,43.58,0.0,599.615737,0.0
2019-01-30,1,0,134,0.0,0.0,0.0,0.0,0.0
2019-01-30,1,0,135,58.4,58.4,0.0,803.523613,0.0
2019-01-30,1,0,136,5.53,5.53,0.0,76.053196,0.0
2019-01-30,1,0,139,83.59,83.59,0.0,1107.952387,0.0
2019-01-30,1,0,140,79.39,79.39,0.0,1271.443692,0.0
2019-01-30,1,0,141,37.24,37.24,0.0,514.89623,0.0
2019-01-30,1,0,142,0.0,0.0,0.0,0.0,0.0
2019-01-30,1,0,143,62.89,62.89,0.0,817.652971,0.0
2019-01-30,1,0,145,5.38,5.38,0.0,70.780591,0.0
2019-01-30,1,0,146,57.51,57.51,0.0,921.031952,0.0
2019-01-30,1,0,152,0.0,0.0,0.0,0.0,0.0
2019-01-30,1,0,153,0.0,0.0,0.0,0.0,0.0
2019-01-30,1,0,154,0.0,0.0,0.0,0.0,0.0
2019-01-30,1,0,157,24.32,24.32,0.0,336.258763,0.0
2019-01-30,1,0,158,0.0,0.0,0.0,0.0,0.0
2019-01-30,1,0,159,0.0,0.0,0.0,0.0,0.0
2019-01-30,1,0,160,0.0,0.0,0.0,0.0,0.0
2019-01-30,1,0,161,0.0,0.0,0.0,0.0,0.0
2019-01-30,1,0,162,4.76,4.76,0.0,82.74603,0.0
2019-01-30,1,0,163,28.28,28.28,0.0,452.908774,0.0
2019-01-30,1,0,164,0.0,0.0,0.0,0.0,0.0
2019-01-30,1,0,167,0.0,0.0,0.0,0.0,0.0
2019-01-30,1,0,168,0.0,0.0,0.0,0.0,0.0
2019-01-30,1,0,169,0.0,0.0,0.0,0.0,0.0
2019-01-30,1,0,170,0.0,0.0,0.0,0.0,0.0
2019-01-30,1,0,172,0.0,0.0,0.0,0.0,0.0
2019-01-30,1,0,173,0.0,0.0,0.0,0.0,0.0
2019-01-30,1,0,188,0.0,0.0,0.0,0.0,0.0
2019-01-30,1,0,190,0.0,0.0,0.0,0.0,0.0
2019-01-30,1,0,191,0.0,0.0,0.0,0.0,0.0
2019-01-30,1,0,192,35.42,35.42,0.0,617.454936,0.0
2019-01-30,1,0,194,75.05,75.05,0.0,865.98052,0.0
2019-01-30,1,0,196,0.0,0.0,0.0,0.0,0.0
2019-01-30,1,0,198,0.0,0.0,0.0,0.0,0.0
2019-01-30,1,0,199,8.66,8.66,0.0,118.067532,0.0
2019-01-30,1,0,200,0.0,0.0,0.0,0.0,0.0
2019-01-30,1,0,204,122.73,122.73,0.0,1644.567732,0.0
2019-01-30,1,0,205,148.74,148.74,0.0,1995.897103,0.0
2019-01-30,1,0,206,179.04,179.04,0.0,2326.863457,0.0
2019-01-30,1,0,210,0.0,0.0,0.0,0.0,0.0
2019-01-30,1,0,214,0.0,0.0,0.0,0.0,0.0
2019-01-30,1,0,217,0.0,0.0,0.0,0.0,0.0
2019-01-30,1,0,218,0.0,0.0,0.0,0.0,0.0
2019-01-30,1,0,219,0.0,0.0,0.0,0.0,0.0
2019-01-30,1,0,221,0.0,0.0,0.0,0.0,0.0
2019-01-30,1,0,225,0.0,0.0,0.0,0.0,0.0
2019-01-30,1,0,233,0.0,0.0,0.0,0.0,0.0
2019-01-30,1,0,236,19.16,19.16,0.0,262.218085,0.0
2019-01-30,1,0,237,33.51,33.51,0.0,455.794021,0.0
2019-01-30,1,0,238,0.0,0.0,0.0,0.0,0.0
2019-01-30,1,0,240,0.0,0.0,0.0,0.0,0.0
2019-01-30,1,0,245,32.2,32.2,0.0,443.653943,0.0
2019-01-30,1,0,247,27.99,27.99,0.0,385.648257,0.0
2019-01-30,1,0,248,3.36,3.36,0.0,45.701818,0.0
2019-01-30,1,0,249,61.92,61.92,0.0,853.138265,0.0
2019-01-30,1,0,251,28.55,28.55,0.0,392.401934,0.0
2019-01-30,1,0,252,20.89,20.89,0.0,287.302908,0.0
2019-01-30,1,0,254,0.0,0.0,0.0,0.0,0.0
2019-01-30,1,0,255,0.0,0.0,0.0,0.0,0.0
2019-01-30,1,0,258,0.0,0.0,0.0,0.0,0.0
2019-01-30,1,0,260,0.0,0.0,0.0,0.0,0.0
2019-01-30,1,0,265,0.0,0.0,0.0,0.0,0.0
2019-01-30,1,0,266,54.13,54.13,0.0,717.471739,0.0
2019-01-30,1,0,267,66.51,66.51,0.0,881.563743,0.0
2019-01-30,1,0,270,88.3,88.3,0.0,1414.138783,0.0
2019-01-30,1,0,272,74.06,74.06,0.0,910.998824,0.0
2019-01-30,1,0,273,0.0,0.0,0.0,0.0,0.0
2019-01-30,1,0,274,113.83,113.83,0.0,1823.005862,0.0
2019-01-30,1,0,275,158.46,158.46,0.0,2537.762531,0.0
2019-01-30,1,0,276,0.0,0.0,0.0,0.0,0.0
2019-01-30,1,0,277,0.0,0.0,0.0,0.0,0.0
2019-01-30,1,0,278,0.0,0.0,0.0,0.0,0.0
2019-01-30,1,0,279,55.78,55.78,0.0,691.654816,0.0
2019-01-30,1,0,281,12.06,12.06,0.0,156.795911,0.0
2019-01-30,1,0,282,0.0,0.0,0.0,0.0,0.0
2019-01-30,2,0,9,0.0,0.0,0.0,0.0,0.0
2019-01-30,2,0,17,0.0,0.0,0.0,0.0,0.0
2019-01-30,2,0,19,270.17,270.17,0.0,5342.545954,0.0
2019-01-30,2,0,20,327.67,327.67,0.0,6479.594451,0.0
2019-01-30,2,0,21,0.0,0.0,0.0,0.0,0.0
2019-01-30,2,0,22,0.0,0.0,0.0,0.0,0.0
2019-01-30,2,0,23,19.47,19.47,0.0,412.282602,0.0
2019-01-30,2,0,24,34.44,34.44,0.0,729.276467,0.0
2019-01-30,2,0,29,0.0,0.0,0.0,0.0,0.0
2019-01-30,2,0,30,0.0,0.0,0.0,0.0,0.0
2019-01-30,2,0,31,10.42,10.42,0.0,220.738908,0.0
2019-01-30,2,0,32,0.0,0.0,0.0,0.0,0.0
2019-01-30,2,0,33,0.0,0.0,0.0,0.0,0.0
2019-01-30,2,0,34,0.0,0.0,0.0,0.0,0.0
2019-01-30,2,0,35,0.0,0.0,0.0,0.0,0.0
2019-01-30,2,0,36,0.0,0.0,0.0,0.0,0.0
2019-01-30,2,0,37,0.0,0.0,0.0,0.0,0.0
2019-01-30,2,0,38,0.0,0.0,0.0,0.0,0.0
2019-01-30,2,0,39,0.0,0.0,0.0,0.0,0.0
2019-01-30,2,0,40,0.0,0.0,0.0,0.0,0.0
2019-01-30,2,0,41,68.85,68.85,0.0,1426.067607,0.0
2019-01-30,2,0,42,0.0,0.0,0.0,0.0,0.0
2019-01-30,2,0,43,0.0,0.0,0.0,0.0,0.0
2019-01-30,2,0,46,0.0,0.0,0.0,0.0,0.0
2019-01-30,2,0,52,11.05,11.05,0.0,234.084926,0.0
2019-01-30,2,0,53,17.55,17.55,0.0,371.781942,0.0
2019-01-30,2,0,55,130.32,130.32,0.0,2759.561824,0.0
2019-01-30,2,0,56,0.0,0.0,0.0,0.0,0.0
2019-01-30,2,0,57,0.0,0.0,0.0,0.0,0.0
2019-01-30,2,0,58,0.0,0.0,0.0,0.0,0.0
2019-01-30,2,0,59,0.0,0.0,0.0,0.0,0.0
2019-01-30,2,0,63,23.2,23.2,0.0,526.911499,0.0
2019-01-30,2,0,64,27.29,27.29,0.0,619.802363,0.0
2019-01-30,2,0,65,3.18,3.18,0.0,62.915291,0.0
2019-01-30,2,0,67,0.0,0.0,0.0,0.0,0.0
2019-01-30,2,0,68,0.83,0.83,0.0,18.391739,0.0
2019-01-30,2,0,69,0.0,0.0,0.0,0.0,0.0
2019-01-30,2,0,74,16.11,16.11,0.0,323.271448,0.0
2019-01-30,2,0,77,43.77,43.77,0.0,964.211555,0.0
2019-01-30,2,0,78,33.09,33.09,0.0,728.941292,0.0
2019-01-30,2,0,79,19.15,19.15,0.0,421.856323,0.0
2019-01-30,2,0,80,30.97,30.97,0.0,682.239704,0.0
2019-01-30,2,0,81,40.49,40.49,0.0,891.956268,0.0
2019-01-30,2,0,82,28.56,28.56,0.0,629.149692,0.0
2019-01-30,2,0,83,63.69,63.69,0.0,1403.030247,0.0
2019-01-30,2,0,84,0.0,0.0,0.0,0.0,0.0
2019-01-30,2,0,86,0.0,0.0,0.0,0.0,0.0
2019-01-30,2,0,87,0.0,0.0,0.0,0.0,0.0
2019-01-30,2,0,88,51.04,51.04,0.0,1124.362754,0.0
2019-01-30,2,0,89,49.06,49.06,0.0,1080.745233,0.0
2019-01-30,2,0,90,65.88,65.88,0.0,1451.273868,0.0
2019-01-30,2,0,91,234.99,234.99,0.0,5176.606653,0.0
2019-01-30,2,0,92,84.51,84.51,0.0,1861.675085,0.0
2019-01-30,2,0,95,2.82,2.82,0.0,64.545044,0.0
2019-01-30,2,0,96,6.31,6.31,0.0,133.730594,0.0
2019-01-30,2,0,97,38.83,38.83,0.0,822.941202,0.0
2019-01-30,2,0,99,3.11,3.11,0.0,62.406841,0.0
2019-01-30,2,0,101,0.0,0.0,0.0,0.0,0.0
2019-01-30,2,0,102,1.96,1.96,0.0,43.431094,0.0
2019-01-30,2,0,103,1.71,1.71,0.0,37.891414,0.0
2019-01-30,2,0,104,0.32,0.32,0.0,7.090791,0.0
2019-01-30,2,0,106,0.0,0.0,0.0,0.0,0.0
2019-01-30,2,0,109,31.0,31.0,0.0,632.623809,0.0
2019-01-30,2,0,110,91.92,91.92,0.0,2069.288041,0.0
2019-01-30,2,0,111,0.0,0.0,0.0,0.0,0.0
2019-01-30,2,0,113,15.56,15.56,0.0,345.424912,0.0
2019-01-30,2,0,115,15.56,15.56,0.0,345.424912,0.0
2019-01-30,2,0,116,0.0,0.0,0.0,0.0,0.0
2019-01-30,2,0,117,0.83,0.83,0.0,18.425622,0.0
2019-01-30,2,0,119,27.29,27.29,0.0,619.802363,0.0
2019-01-30,2,0,120,16.05,16.05,0.0,364.522826,0.0
2019-01-30,2,0,123,0.0,0.0,0.0,0.0,0.0
2019-01-30,2,0,125,31.17,31.17,0.0,660.033318,0.0
2019-01-30,2,0,126,0.0,0.0,0.0,0.0,0.0
2019-01-30,2,0,127,0.0,0.0,0.0,0.0,0.0
2019-01-30,2,0,128,44.64,44.64,0.0,945.264271,0.0
2019-01-30,2,0,131,2.67,2.67,0.0,59.101803,0.0
2019-01-30,2,0,132,3.92,3.92,0.0,86.771186,0.0
2019-01-30,2,0,133,47.18,47.18,0.0,932.928887,0.0
2019-01-30,2,0,134,0.0,0.0,0.0,0.0,0.0
2019-01-30,2,0,135,63.21,63.21,0.0,1249.903242,0.0
2019-01-30,2,0,136,4.98,4.98,0.0,98.530434,0.0
2019-01-30,2,0,139,88.91,88.91,0.0,1841.563848,0.0
2019-01-30,2,0,140,68.03,68.03,0.0,1531.480259,0.0
2019-01-30,2,0,141,23.63,23.63,0.0,525.664618,0.0
2019-01-30,2,0,142,0.0,0.0,0.0,0.0,0.0
2019-01-30,2,0,143,28.76,28.76,0.0,609.256333,0.0
2019-01-30,2,0,145,4.17,4.17,0.0,87.135358,0.0
2019-01-30,2,0,146,42.62,42.62,0.0,959.454485,0.0
2019-01-30,2,0,152,0.0,0.0,0.0,0.0,0.0
2019-01-30,2,0,153,0.0,0.0,0.0,0.0,0.0
2019-01-30,2,0,154,0.0,0.0,0.0,0.0,0.0
2019-01-30,2,0,157,13.37,13.37,0.0,297.424289,0.0
2019-01-30,2,0,158,0.0,0.0,0.0,0.0,0.0
2019-01-30,2,0,159,0.0,0.0,0.0,0.0,0.0
2019-01-30,2,0,160,0.0,0.0,0.0,0.0,0.0
2019-01-30,2,0,161,0.0,0.0,0.0,0.0,0.0
2019-01-30,2,0,162,2.36,2.36,0.0,54.008918,0.0
2019-01-30,2,0,163,21.12,21.12,0.0,475.449994,0.0
2019-01-30,2,0,164,0.0,0.0,0.0,0.0,0.0
2019-01-30,2,0,167,0.0,0.0,0.0,0.0,0.0
2019-01-30,2,0,168,0.0,0.0,0.0,0.0,0.0
2019-01-30,2,0,169,0.0,0.0,0.0,0.0,0.0
2019-01-30,2,0,170,0.0,0.0,0.0,0.0,0.0
2019-01-30,2,0,172,0.0,0.0,0.0,0.0,0.0
2019-01-30,2,0,173,0.0,0.0,0.0,0.0,0.0
2019-01-30,2,0,188,0.0,0.0,0.0,0.0,0.0
2019-01-30,2,0,190,0.0,0.0,0.0,0.0,0.0
2019-01-30,2,0,191,0.0,0.0,0.0,0.0,0.0
2019-01-30,2,0,192,30.4,30.4,0.0,690.435758,0.0
2019-01-30,2,0,194,46.16,46.16,0.0,1029.087056,0.0
2019-01-30,2,0,196,0.0,0.0,0.0,0.0,0.0
2019-01-30,2,0,198,0.0,0.0,0.0,0.0,0.0
2019-01-30,2,0,199,1.96,1.96,0.0,38.314098,0.0
2019-01-30,2,0,200,0.0,0.0,0.0,0.0,0.0
2019-01-30,2,0,204,143.14,143.14,0.0,2926.10242,0.0
2019-01-30,2,0,205,152.21,152.21,0.0,3106.182902,0.0
2019-01-30,2,0,206,114.1,114.1,0.0,2418.171288,0.0
2019-01-30,2,0,210,0.0,0.0,0.0,0.0,0.0
2019-01-30,2,0,214,0.0,0.0,0.0,0.0,0.0
2019-01-30,2,0,217,0.0,0.0,0.0,0.0,0.0
2019-01-30,2,0,218,0.0,0.0,0.0,0.0,0.0
2019-01-30,2,0,219,0.0,0.0,0.0,0.0,0.0
2019-01-30,2,0,221,0.0,0.0,0.0,0.0,0.0
2019-01-30,2,0,225,0.0,0.0,0.0,0.0,0.0
2019-01-30,2,0,233,0.0,0.0,0.0,0.0,0.0
2019-01-30,2,0,236,21.85,21.85,0.0,435.037792,0.0
2019-01-30,2,0,237,38.64,38.64,0.0,775.369879,0.0
2019-01-30,2,0,238,0.0,0.0,0.0,0.0,0.0
2019-01-30,2,0,240,0.0,0.0,0.0,0.0,0.0
2019-01-30,2,0,245,35.07,35.07,0.0,692.220588,0.0
2019-01-30,2,0,247,30.55,30.55,0.0,603.003677,0.0
2019-01-30,2,0,248,3.88,3.88,0.0,77.858052,0.0
2019-01-30,2,0,249,67.44,67.44,0.0,1331.147889,0.0
2019-01-30,2,0,251,26.93,26.93,0.0,533.240394,0.0
2019-01-30,2,0,252,20.52,20.52,0.0,405.98169,0.0
2019-01-30,2,0,254,0.0,0.0,0.0,0.0,0.0
2019-01-30,2,0,255,0.0,0.0,0.0,0.0,0.0
2019-01-30,2,0,258,0.0,0.0,0.0,0.0,0.0
2019-01-30,2,0,260,0.0,0.0,0.0,0.0,0.0
2019-01-30,2,0,265,0.0,0.0,0.0,0.0,0.0
2019-01-30,2,0,266,57.57,57.57,0.0,1192.428644,0.0
2019-01-30,2,0,267,70.75,70.75,0.0,1465.421688,0.0
2019-01-30,2,0,270,65.96,65.96,0.0,1484.880757,0.0
2019-01-30,2,0,272,67.13,67.13,0.0,1490.255419,0.0
2019-01-30,2,0,273,0.0,0.0,0.0,0.0,0.0
2019-01-30,2,0,274,85.03,85.03,0.0,1914.181485,0.0
2019-01-30,2,0,275,118.36,118.36,0.0,2664.501006,0.0
2019-01-30,2,0,276,0.0,0.0,0.0,0.0,0.0
2019-01-30,2,0,277,0.0,0.0,0.0,0.0,0.0
2019-01-30,2,0,278,0.0,0.0,0.0,0.0,0.0
2019-01-30,2,0,279,31.74,31.74,0.0,702.443996,0.0
2019-01-30,2,0,281,4.68,4.68,0.0,99.141851,0.0
2019-01-30,2,0,282,0.0,0.0,0.0,0.0,0.0
2019-01-30,3,0,9,0.0,0.0,0.0,0.0,0.0
2019-01-30,3,0,17,0.0,0.0,0.0,0.0,0.0
2019-01-30,3,0,19,297.62,297.62,0.0,4396.620746,0.0
2019-01-30,3,0,20,360.95,360.95,0.0,5332.169405,0.0
2019-01-30,3,0,21,0.0,0.0,0.0,0.0,0.0
2019-01-30,3,0,22,0.0,0.0,0.0,0.0,0.0
2019-01-30,3,0,23,14.27,14.27,0.0,239.957548,0.0
2019-01-30,3,0,24,25.25,25.25,0.0,424.592018,0.0
2019-01-30,3,0,29,0.0,0.0,0.0,0.0,0.0
2019-01-30,3,0,30,0.0,0.0,0.0,0.0,0.0
2019-01-30,3,0,31,8.63,8.63,0.0,145.239625,0.0
2019-01-30,3,0,32,0.0,0.0,0.0,0.0,0.0
2019-01-30,3,0,33,0.0,0.0,0.0,0.0,0.0
2019-01-30,3,0,34,0.0,0.0,0.0,0.0,0.0
2019-01-30,3,0,35,0.0,0.0,0.0,0.0,0.0
2019-01-30,3,0,36,0.0,0.0,0.0,0.0,0.0
2019-01-30,3,0,37,0.0,0.0,0.0,0.0,0.0
2019-01-30,3,0,38,0.0,0.0,0.0,0.0,0.0
2019-01-30,3,0,39,0.0,0.0,0.0,0.0,0.0
2019-01-30,3,0,40,0.0,0.0,0.0,0.0,0.0
2019-01-30,3,0,41,73.71,73.71,0.0,1186.385881,0.0
2019-01-30,3,0,42,0.0,0.0,0.0,0.0,0.0
2019-01-30,3,0,43,0.0,0.0,0.0,0.0,0.0
2019-01-30,3,0,46,0.0,0.0,0.0,0.0,0.0
2019-01-30,3,0,52,9.15,9.15,0.0,153.991028,0.0
2019-01-30,3,0,53,14.54,14.54,0.0,244.702683,0.0
2019-01-30,3,0,55,106.05,106.05,0.0,1783.286475,0.0
2019-01-30,3,0,56,0.0,0.0,0.0,0.0,0.0
2019-01-30,3,0,57,0.0,0.0,0.0,0.0,0.0
2019-01-30,3,0,58,0.0,0.0,0.0,0.0,0.0
2019-01-30,3,0,59,0.0,0.0,0.0,0.0,0.0
2019-01-30,3,0,63,20.67,20.67,0.0,396.71868,0.0
2019-01-30,3,0,64,24.31,24.31,0.0,466.581089,0.0
2019-01-30,3,0,65,3.15,3.15,0.0,46.571751,0.0
2019-01-30,3,0,67,0.0,0.0,0.0,0.0,0.0
2019-01-30,3,0,68,0.69,0.69,0.0,12.67736,0.0
2019-01-30,3,0,69,0.0,0.0,0.0,0.0,0.0
2019-01-30,3,0,74,18.31,18.31,0.0,277.181717,0.0
2019-01-30,3,0,77,26.99,26.99,0.0,490.504189,0.0
2019-01-30,3,0,78,20.41,20.41,0.0,370.922212,0.0
2019-01-30,3,0,79,11.81,11.81,0.0,214.629658,0.0
2019-01-30,3,0,80,19.1,19.1,0.0,347.114858,0.0
2019-01-30,3,0,81,24.97,24.97,0.0,453.793613,0.0
2019-01-30,3,0,82,17.61,17.61,0.0,320.036264,0.0
2019-01-30,3,0,83,39.27,39.27,0.0,713.675417,0.0
2019-01-30,3,0,84,0.0,0.0,0.0,0.0,0.0
2019-01-30,3,0,86,0.0,0.0,0.0,0.0,0.0
2019-01-30,3,0,87,0.0,0.0,0.0,0.0,0.0
2019-01-30,3,0,88,29.78,29.78,0.0,541.208401,0.0
2019-01-30,3,0,89,28.63,28.63,0.0,520.308816,0.0
2019-01-30,3,0,90,38.44,38.44,0.0,698.591368,0.0
2019-01-30,3,0,91,137.11,137.11,0.0,2491.77582,0.0
2019-01-30,3,0,92,49.31,49.31,0.0,896.137887,0.0
2019-01-30,3,0,95,1.32,1.32,0.0,25.668429,0.0
2019-01-30,3,0,96,4.16,4.16,0.0,70.072502,0.0
2019-01-30,3,0,97,25.6,25.6,0.0,431.215394,0.0
2019-01-30,3,0,99,3.53,3.53,0.0,53.438092,0.0
2019-01-30,3,0,101,0.0,0.0,0.0,0.0,0.0
2019-01-30,3,0,102,1.64,1.64,0.0,30.131696,0.0
2019-01-30,3,0,103,1.43,1.43,0.0,26.273369,0.0
2019-01-30,3,0,104,0.26,0.26,0.0,4.776976,0.0
2019-01-30,3,0,106,0.0,0.0,0.0,0.0,0.0
2019-01-30,3,0,109,37.37,37.37,0.0,582.434213,0.0
2019-01-30,3,0,110,80.26,80.26,0.0,1517.021387,0.0
2019-01-30,3,0,111,0.0,0.0,0.0,0.0,0.0
2019-01-30,3,0,113,9.21,9.21,0.0,169.891588,0.0
2019-01-30,3,0,115,9.21,9.21,0.0,169.891588,0.0
2019-01-30,3,0,116,0.0,0.0,0.0,0.0,0.0
2019-01-30,3,0,117,0.47,0.47,0.0,8.66982,0.0
2019-01-30,3,0,119,24.31,24.31,0.0,466.581089,0.0
2019-01-30,3,0,120,14.3,14.3,0.0,274.459464,0.0
2019-01-30,3,0,123,0.0,0.0,0.0,0.0,0.0
2019-01-30,3,0,125,22.85,22.85,0.0,384.234757,0.0
2019-01-30,3,0,126,0.0,0.0,0.0,0.0,0.0
2019-01-30,3,0,127,0.0,0.0,0.0,0.0,0.0
2019-01-30,3,0,128,32.72,32.72,0.0,550.203993,0.0
2019-01-30,3,0,131,2.24,2.24,0.0,41.077679,0.0
2019-01-30,3,0,132,3.3,3.3,0.0,60.516223,0.0
2019-01-30,3,0,133,28.84,28.84,0.0,426.008904,0.0
2019-01-30,3,0,134,0.0,0.0,0.0,0.0,0.0
2019-01-30,3,0,135,38.59,38.59,0.0,570.030638,0.0
2019-01-30,3,0,136,4.54,4.54,0.0,67.125472,0.0
2019-01-30,3,0,139,95.19,95.19,0.0,1532.11331,0.0
2019-01-30,3,0,140,59.4,59.4,0.0,1122.739477,0.0
2019-01-30,3,0,141,20.64,20.64,0.0,381.90289,0.0
2019-01-30,3,0,142,0.0,0.0,0.0,0.0,0.0
2019-01-30,3,0,143,12.92,12.92,0.0,217.438698,0.0
2019-01-30,3,0,145,3.45,3.45,0.0,56.470027,0.0
2019-01-30,3,0,146,32.12,32.12,0.0,607.110976,0.0
2019-01-30,3,0,152,0.0,0.0,0.0,0.0,0.0
2019-01-30,3,0,153,0.0,0.0,0.0,0.0,0.0
2019-01-30,3,0,154,0.0,0.0,0.0,0.0,0.0
2019-01-30,3,0,157,6.58,6.58,0.0,121.750049,0.0
2019-01-30,3,0,158,0.0,0.0,0.0,0.0,0.0
2019-01-30,3,0,159,0.0,0.0,0.0,0.0,0.0
2019-01-30,3,0,160,0.0,0.0,0.0,0.0,0.0
2019-01-30,3,0,161,0.0,0.0,0.0,0.0,0.0
2019-01-30,3,0,162,1.09,1.09,0.0,21.190953,0.0
2019-01-30,3,0,163,19.12,19.12,0.0,361.393582,0.0
2019-01-30,3,0,164,0.0,0.0,0.0,0.0,0.0
2019-01-30,3,0,167,0.0,0.0,0.0,0.0,0.0
2019-01-30,3,0,168,0.0,0.0,0.0,0.0,0.0
2019-01-30,3,0,169,0.0,0.0,0.0,0.0,0.0
2019-01-30,3,0,170,0.0,0.0,0.0,0.0,0.0
2019-01-30,3,0,172,0.0,0.0,0.0,0.0,0.0
2019-01-30,3,0,173,0.0,0.0,0.0,0.0,0.0
2019-01-30,3,0,188,0.0,0.0,0.0,0.0,0.0
2019-01-30,3,0,190,0.0,0.0,0.0,0.0,0.0
2019-01-30,3,0,191,0.0,0.0,0.0,0.0,0.0
2019-01-30,3,0,192,27.12,27.12,0.0,520.513334,0.0
2019-01-30,3,0,194,28.6,28.6,0.0,532.080344,0.0
2019-01-30,3,0,196,0.0,0.0,0.0,0.0,0.0
2019-01-30,3,0,198,0.0,0.0,0.0,0.0,0.0
2019-01-30,3,0,199,1.26,1.26,0.0,18.907743,0.0
2019-01-30,3,0,200,0.0,0.0,0.0,0.0,0.0
2019-01-30,3,0,204,172.1,172.1,0.0,2690.762764,0.0
2019-01-30,3,0,205,197.68,197.68,0.0,3080.963214,0.0
2019-01-30,3,0,206,75.23,75.23,0.0,1267.200551,0.0
2019-01-30,3,0,210,0.0,0.0,0.0,0.0,0.0
2019-01-30,3,0,214,0.0,0.0,0.0,0.0,0.0
2019-01-30,3,0,217,0.0,0.0,0.0,0.0,0.0
2019-01-30,3,0,218,0.0,0.0,0.0,0.0,0.0
2019-01-30,3,0,219,0.0,0.0,0.0,0.0,0.0
2019-01-30,3,0,221,0.0,0.0,0.0,0.0,0.0
2019-01-30,3,0,225,0.0,0.0,0.0,0.0,0.0
2019-01-30,3,0,233,0.0,0.0,0.0,0.0,0.0
2019-01-30,3,0,236,24.63,24.63,0.0,367.870406,0.0
2019-01-30,3,0,237,43.93,43.93,0.0,665.024184,0.0
2019-01-30,3,0,238,0.0,0.0,0.0,0.0,0.0
2019-01-30,3,0,240,0.0,0.0,0.0,0.0,0.0
2019-01-30,3,0,245,37.91,37.91,0.0,558.344577,0.0
2019-01-30,3,0,247,33.31,33.31,0.0,490.595037,0.0
2019-01-30,3,0,248,4.41,4.41,0.0,66.759769,0.0
2019-01-30,3,0,249,72.91,72.91,0.0,1073.830206,0.0
2019-01-30,3,0,251,25.62,25.62,0.0,379.291885,0.0
2019-01-30,3,0,252,20.32,20.32,0.0,300.424754,0.0
2019-01-30,3,0,254,0.0,0.0,0.0,0.0,0.0
2019-01-30,3,0,255,0.0,0.0,0.0,0.0,0.0
2019-01-30,3,0,258,0.0,0.0,0.0,0.0,0.0
2019-01-30,3,0,260,0.0,0.0,0.0,0.0,0.0
2019-01-30,3,0,265,0.0,0.0,0.0,0.0,0.0
2019-01-30,3,0,266,61.64,61.64,0.0,992.115395,0.0
2019-01-30,3,0,267,75.74,75.74,0.0,1219.059377,0.0
2019-01-30,3,0,270,59.72,59.72,0.0,1128.787905,0.0
2019-01-30,3,0,272,37.6,37.6,0.0,693.585638,0.0
2019-01-30,3,0,273,0.0,0.0,0.0,0.0,0.0
2019-01-30,3,0,274,76.99,76.99,0.0,1455.214012,0.0
2019-01-30,3,0,275,107.17,107.17,0.0,2025.656392,0.0
2019-01-30,3,0,276,0.0,0.0,0.0,0.0,0.0
2019-01-30,3,0,277,0.0,0.0,0.0,0.0,0.0
2019-01-30,3,0,278,0.0,0.0,0.0,0.0,0.0
2019-01-30,3,0,279,22.66,22.66,0.0,415.517033,0.0
2019-01-30,3,0,281,3.87,3.87,0.0,65.130632,0.0
2019-01-30,3,0,282,0.0,0.0,0.0,0.0,0.0
2019-01-30,4,0,9,0.0,0.0,0.0,0.0,0.0
2019-01-30,4,0,17,0.0,0.0,0.0,0.0,0.0
2019-01-30,4,0,19,330.17,330.17,0.0,6526.466358,0.0
2019-01-30,4,0,20,400.43,400.43,0.0,7915.29492,0.0
2019-01-30,4,0,21,0.0,0.0,0.0,0.0,0.0
2019-01-30,4,0,22,0.0,0.0,0.0,0.0,0.0
2019-01-30,4,0,23,12.11,12.11,0.0,279.894271,0.0
2019-01-30,4,0,24,20.01,20.01,0.0,462.484257,0.0
2019-01-30,4,0,29,0.0,0.0,0.0,0.0,0.0
2019-01-30,4,0,30,0.0,0.0,0.0,0.0,0.0
2019-01-30,4,0,31,7.5,7.5,0.0,173.525529,0.0
2019-01-30,4,0,32,0.0,0.0,0.0,0.0,0.0
2019-01-30,4,0,33,0.0,0.0,0.0,0.0,0.0
2019-01-30,4,0,34,0.0,0.0,0.0,0.0,0.0
2019-01-30,4,0,35,0.0,0.0,0.0,0.0,0.0
2019-01-30,4,0,36,0.0,0.0,0.0,0.0,0.0
2019-01-30,4,0,37,0.0,0.0,0.0,0.0,0.0
2019-01-30,4,0,38,0.0,0.0,0.0,0.0,0.0
2019-01-30,4,0,39,0.0,0.0,0.0,0.0,0.0
2019-01-30,4,0,40,0.0,0.0,0.0,0.0,0.0
2019-01-30,4,0,41,79.55,79.55,0.0,1741.624217,0.0
2019-01-30,4,0,42,0.0,0.0,0.0,0.0,0.0
2019-01-30,4,0,43,0.0,0.0,0.0,0.0,0.0
2019-01-30,4,0,46,0.0,0.0,0.0,0.0,0.0
2019-01-30,4,0,52,7.94,7.94,0.0,183.705693,0.0
2019-01-30,4,0,53,12.62,12.62,0.0,291.985623,0.0
2019-01-30,4,0,55,100.74,100.74,0.0,2328.36902,0.0
2019-01-30,4,0,56,0.0,0.0,0.0,0.0,0.0
2019-01-30,4,0,57,0.0,0.0,0.0,0.0,0.0
2019-01-30,4,0,58,0.0,0.0,0.0,0.0,0.0
2019-01-30,4,0,59,0.0,0.0,0.0,0.0,0.0
2019-01-30,4,0,63,20.8,20.8,0.0,562.666464,0.0
2019-01-30,4,0,64,24.47,24.47,0.0,661.944634,0.0
2019-01-30,4,0,65,3.11,3.11,0.0,61.530363,0.0
2019-01-30,4,0,67,0.0,0.0,0.0,0.0,0.0
2019-01-30,4,0,68,0.91,0.91,0.0,23.444507,0.0
2019-01-30,4,0,69,0.0,0.0,0.0,0.0,0.0
2019-01-30,4,0,74,20.89,20.89,0.0,424.347635,0.0
2019-01-30,4,0,77,19.84,19.84,0.0,504.634559,0.0
2019-01-30,4,0,78,15.0,15.0,0.0,381.528144,0.0
2019-01-30,4,0,79,8.68,8.68,0.0,220.777619,0.0
2019-01-30,4,0,80,14.04,14.04,0.0,357.110343,0.0
2019-01-30,4,0,81,18.35,18.35,0.0,466.736096,0.0
2019-01-30,4,0,82,12.95,12.95,0.0,329.385964,0.0
2019-01-30,4,0,83,28.87,28.87,0.0,734.314502,0.0
2019-01-30,4,0,84,0.0,0.0,0.0,0.0,0.0
2019-01-30,4,0,86,0.0,0.0,0.0,0.0,0.0
2019-01-30,4,0,87,0.0,0.0,0.0,0.0,0.0
2019-01-30,4,0,88,19.38,19.38,0.0,492.934362,0.0
2019-01-30,4,0,89,18.63,18.63,0.0,473.857955,0.0
2019-01-30,4,0,90,25.02,25.02,0.0,636.388945,0.0
2019-01-30,4,0,91,89.25,89.25,0.0,2270.092458,0.0
2019-01-30,4,0,92,32.1,32.1,0.0,816.470229,0.0
2019-01-30,4,0,95,0.0,0.0,0.0,0.0,0.0
2019-01-30,4,0,96,3.11,3.11,0.0,72.033521,0.0
2019-01-30,4,0,97,19.1,19.1,0.0,442.392361,0.0
2019-01-30,4,0,99,4.03,4.03,0.0,81.863139,0.0
2019-01-30,4,0,101,0.0,0.0,0.0,0.0,0.0
2019-01-30,4,0,102,2.16,2.16,0.0,55.6485,0.0
2019-01-30,4,0,103,1.88,1.88,0.0,48.434805,0.0
2019-01-30,4,0,104,0.35,0.35,0.0,9.017118,0.0
2019-01-30,4,0,106,0.0,0.0,0.0,0.0,0.0
2019-01-30,4,0,109,45.03,45.03,0.0,945.746863,0.0
2019-01-30,4,0,110,72.33,72.33,0.0,1924.188087,0.0
2019-01-30,4,0,111,0.0,0.0,0.0,0.0,0.0
2019-01-30,4,0,113,4.52,4.52,0.0,117.091068,0.0
2019-01-30,4,0,115,4.52,4.52,0.0,117.091068,0.0
2019-01-30,4,0,116,0.0,0.0,0.0,0.0,0.0
2019-01-30,4,0,117,0.3,0.3,0.0,7.771531,0.0
2019-01-30,4,0,119,24.47,24.47,0.0,661.944634,0.0
2019-01-30,4,0,120,14.39,14.39,0.0,389.267809,0.0
2019-01-30,4,0,123,0.0,0.0,0.0,0.0,0.0
2019-01-30,4,0,125,18.36,18.36,0.0,424.348374,0.0
2019-01-30,4,0,126,0.0,0.0,0.0,0.0,0.0
2019-01-30,4,0,127,0.0,0.0,0.0,0.0,0.0
2019-01-30,4,0,128,24.93,24.93,0.0,576.198528,0.0
2019-01-30,4,0,131,2.65,2.65,0.0,68.126171,0.0
2019-01-30,4,0,132,3.9,3.9,0.0,100.261158,0.0
2019-01-30,4,0,133,44.25,44.25,0.0,874.615439,0.0
2019-01-30,4,0,134,0.0,0.0,0.0,0.0,0.0
2019-01-30,4,0,135,61.04,61.04,0.0,1206.475173,0.0
2019-01-30,4,0,136,4.16,4.16,0.0,82.308321,0.0
2019-01-30,4,0,139,102.73,102.73,0.0,2249.114467,0.0
2019-01-30,4,0,140,53.53,53.53,0.0,1424.053481,0.0
2019-01-30,4,0,141,27.26,27.26,0.0,707.939515,0.0
2019-01-30,4,0,142,0.0,0.0,0.0,0.0,0.0
2019-01-30,4,0,143,11.6,11.6,0.0,268.386151,0.0
2019-01-30,4,0,145,3.13,3.13,0.0,69.940577,0.0
2019-01-30,4,0,146,24.84,24.84,0.0,660.816149,0.0
2019-01-30,4,0,152,0.0,0.0,0.0,0.0,0.0
2019-01-30,4,0,153,0.0,0.0,0.0,0.0,0.0
2019-01-30,4,0,154,0.0,0.0,0.0,0.0,0.0
2019-01-30,4,0,157,0.0,0.0,0.0,0.0,0.0
2019-01-30,4,0,158,0.0,0.0,0.0,0.0,0.0
2019-01-30,4,0,159,0.0,0.0,0.0,0.0,0.0
2019-01-30,4,0,160,0.0,0.0,0.0,0.0,0.0
2019-01-30,4,0,161,0.0,0.0,0.0,0.0,0.0
2019-01-30,4,0,162,0.0,0.0,0.0,0.0,0.0
2019-01-30,4,0,163,21.89,21.89,0.0,582.337581,0.0
2019-01-30,4,0,164,0.0,0.0,0.0,0.0,0.0
2019-01-30,4,0,167,0.0,0.0,0.0,0.0,0.0
2019-01-30,4,0,168,0.0,0.0,0.0,0.0,0.0
2019-01-30,4,0,169,0.0,0.0,0.0,0.0,0.0
2019-01-30,4,0,170,0.0,0.0,0.0,0.0,0.0
2019-01-30,4,0,172,0.0,0.0,0.0,0.0,0.0
2019-01-30,4,0,173,0.0,0.0,0.0,0.0,0.0
2019-01-30,4,0,188,0.0,0.0,0.0,0.0,0.0
2019-01-30,4,0,190,0.0,0.0,0.0,0.0,0.0
2019-01-30,4,0,191,0.0,0.0,0.0,0.0,0.0
2019-01-30,4,0,192,25.68,25.68,0.0,694.676673,0.0
2019-01-30,4,0,194,19.42,19.42,0.0,508.603103,0.0
2019-01-30,4,0,196,0.0,0.0,0.0,0.0,0.0
2019-01-30,4,0,198,0.0,0.0,0.0,0.0,0.0
2019-01-30,4,0,199,1.2,1.2,0.0,25.814052,0.0
2019-01-30,4,0,200,0.0,0.0,0.0,0.0,0.0
2019-01-30,4,0,204,210.65,210.65,0.0,4440.859319,0.0
2019-01-30,4,0,205,238.21,238.21,0.0,5003.028208,0.0
2019-01-30,4,0,206,56.11,56.11,0.0,1299.614419,0.0
2019-01-30,4,0,210,0.0,0.0,0.0,0.0,0.0
2019-01-30,4,0,214,0.0,0.0,0.0,0.0,0.0
2019-01-30,4,0,217,0.0,0.0,0.0,0.0,0.0
2019-01-30,4,0,218,0.0,0.0,0.0,0.0,0.0
2019-01-30,4,0,219,0.0,0.0,0.0,0.0,0.0
2019-01-30,4,0,221,0.0,0.0,0.0,0.0,0.0
2019-01-30,4,0,225,0.0,0.0,0.0,0.0,0.0
2019-01-30,4,0,233,0.0,0.0,0.0,0.0,0.0
2019-01-30,4,0,236,27.73,27.73,0.0,554.721069,0.0
2019-01-30,4,0,237,50.11,50.11,0.0,1017.906174,0.0
2019-01-30,4,0,238,0.0,0.0,0.0,0.0,0.0
2019-01-30,4,0,240,0.0,0.0,0.0,0.0,0.0
2019-01-30,4,0,245,41.15,41.15,0.0,810.733934,0.0
2019-01-30,4,0,247,36.26,36.26,0.0,714.391554,0.0
2019-01-30,4,0,248,5.03,5.03,0.0,102.176573,0.0
2019-01-30,4,0,249,79.13,79.13,0.0,1559.012787,0.0
2019-01-30,4,0,251,24.43,24.43,0.0,484.049545,0.0
2019-01-30,4,0,252,20.07,20.07,0.0,397.078583,0.0
2019-01-30,4,0,254,0.0,0.0,0.0,0.0,0.0
2019-01-30,4,0,255,0.0,0.0,0.0,0.0,0.0
2019-01-30,4,0,258,0.0,0.0,0.0,0.0,0.0
2019-01-30,4,0,260,0.0,0.0,0.0,0.0,0.0
2019-01-30,4,0,265,0.0,0.0,0.0,0.0,0.0
2019-01-30,4,0,266,66.52,66.52,0.0,1456.35252,0.0
2019-01-30,4,0,267,81.75,81.75,0.0,1789.789815,0.0
2019-01-30,4,0,270,68.35,68.35,0.0,1818.308527,0.0
2019-01-30,4,0,272,15.11,15.11,0.0,391.426115,0.0
2019-01-30,4,0,273,0.0,0.0,0.0,0.0,0.0
2019-01-30,4,0,274,88.11,88.11,0.0,2343.981921,0.0
2019-01-30,4,0,275,122.66,122.66,0.0,3263.112273,0.0
2019-01-30,4,0,276,0.0,0.0,0.0,0.0,0.0
2019-01-30,4,0,277,0.0,0.0,0.0,0.0,0.0
2019-01-30,4,0,278,0.0,0.0,0.0,0.0,0.0
2019-01-30,4,0,279,24.49,24.49,0.0,629.802362,0.0
2019-01-30,4,0,281,3.36,3.36,0.0,77.739437,0.0
2019-01-30,4,0,282,0.0,0.0,0.0,0.0,0.0
2019-01-30,5,0,9,0.0,0.0,0.0,0.0,0.0
2019-01-30,5,0,17,0.0,0.0,0.0,0.0,0.0
2019-01-30,5,0,19,392.53,392.53,0.0,6831.288506,0.0
2019-01-30,5,0,20,476.06,476.06,0.0,8284.980017,0.0
2019-01-30,5,0,21,0.0,0.0,0.0,0.0,0.0
2019-01-30,5,0,22,0.0,0.0,0.0,0.0,0.0
2019-01-30,5,0,23,11.79,11.79,0.0,259.837314,0.0
2019-01-30,5,0,24,20.87,20.87,0.0,459.949511,0.0
2019-01-30,5,0,29,0.0,0.0,0.0,0.0,0.0
2019-01-30,5,0,30,0.0,0.0,0.0,0.0,0.0
2019-01-30,5,0,31,6.75,6.75,0.0,148.973315,0.0
2019-01-30,5,0,32,0.0,0.0,0.0,0.0,0.0
2019-01-30,5,0,33,0.0,0.0,0.0,0.0,0.0
2019-01-30,5,0,34,0.0,0.0,0.0,0.0,0.0
2019-01-30,5,0,35,0.0,0.0,0.0,0.0,0.0
2019-01-30,5,0,36,0.0,0.0,0.0,0.0,0.0
2019-01-30,5,0,37,0.0,0.0,0.0,0.0,0.0
2019-01-30,5,0,38,0.0,0.0,0.0,0.0,0.0
2019-01-30,5,0,39,0.0,0.0,0.0,0.0,0.0
2019-01-30,5,0,40,0.0,0.0,0.0,0.0,0.0
2019-01-30,5,0,41,66.97,66.97,0.0,1368.229999,0.0
2019-01-30,5,0,42,0.0,0.0,0.0,0.0,0.0
2019-01-30,5,0,43,0.0,0.0,0.0,0.0,0.0
2019-01-30,5,0,46,0.0,0.0,0.0,0.0,0.0
2019-01-30,5,0,52,7.15,7.15,0.0,157.801364,0.0
2019-01-30,5,0,53,11.36,11.36,0.0,250.716572,0.0
2019-01-30,5,0,55,70.11,70.11,0.0,1545.139445,0.0
2019-01-30,5,0,56,0.0,0.0,0.0,0.0,0.0
2019-01-30,5,0,57,0.0,0.0,0.0,0.0,0.0
2019-01-30,5,0,58,0.0,0.0,0.0,0.0,0.0
2019-01-30,5,0,59,0.0,0.0,0.0,0.0,0.0
2019-01-30,5,0,63,17.19,17.19,0.0,464.176108,0.0
2019-01-30,5,0,64,20.22,20.22,0.0,545.994235,0.0
2019-01-30,5,0,65,3.33,3.33,0.0,58.048604,0.0
2019-01-30,5,0,67,0.0,0.0,0.0,0.0,0.0
2019-01-30,5,0,68,0.65,0.65,0.0,16.553143,0.0
2019-01-30,5,0,69,0.0,0.0,0.0,0.0,0.0
2019-01-30,5,0,74,15.1,15.1,0.0,275.833828,0.0
2019-01-30,5,0,77,17.97,17.97,0.0,450.256319,0.0
2019-01-30,5,0,78,13.58,13.58,0.0,340.260479,0.0
2019-01-30,5,0,79,7.86,7.86,0.0,196.94016,0.0
2019-01-30,5,0,80,12.71,12.71,0.0,318.461759,0.0
2019-01-30,5,0,81,16.62,16.62,0.0,416.430719,0.0
2019-01-30,5,0,82,11.72,11.72,0.0,293.656319,0.0
2019-01-30,5,0,83,26.14,26.14,0.0,654.963839,0.0
2019-01-30,5,0,84,0.0,0.0,0.0,0.0,0.0
2019-01-30,5,0,86,0.0,0.0,0.0,0.0,0.0
2019-01-30,5,0,87,0.0,0.0,0.0,0.0,0.0
2019-01-30,5,0,88,16.51,16.51,0.0,413.674559,0.0
2019-01-30,5,0,89,15.87,15.87,0.0,397.638719,0.0
2019-01-30,5,0,90,21.31,21.31,0.0,533.943359,0.0
2019-01-30,5,0,91,76.03,76.03,0.0,1905.007676,0.0
2019-01-30,5,0,92,27.34,27.34,0.0,685.031039,0.0
2019-01-30,5,0,95,0.0,0.0,0.0,0.0,0.0
2019-01-30,5,0,96,2.55,2.55,0.0,56.362309,0.0
2019-01-30,5,0,97,15.68,15.68,0.0,346.572944,0.0
2019-01-30,5,0,99,2.91,2.91,0.0,53.15738,0.0
2019-01-30,5,0,101,0.0,0.0,0.0,0.0,0.0
2019-01-30,5,0,102,1.54,1.54,0.0,39.218215,0.0
2019-01-30,5,0,103,1.34,1.34,0.0,34.12494,0.0
2019-01-30,5,0,104,0.25,0.25,0.0,6.366593,0.0
2019-01-30,5,0,106,0.0,0.0,0.0,0.0,0.0
2019-01-30,5,0,109,35.85,35.85,0.0,692.282087,0.0
2019-01-30,5,0,110,64.86,64.86,0.0,1717.532813,0.0
2019-01-30,5,0,111,0.0,0.0,0.0,0.0,0.0
2019-01-30,5,0,113,8.76,8.76,0.0,224.871414,0.0
2019-01-30,5,0,115,8.76,8.76,0.0,224.871414,0.0
2019-01-30,5,0,116,0.0,0.0,0.0,0.0,0.0
2019-01-30,5,0,117,0.42,0.42,0.0,10.781506,0.0
2019-01-30,5,0,119,20.22,20.22,0.0,545.994235,0.0
2019-01-30,5,0,120,11.89,11.89,0.0,321.061892,0.0
2019-01-30,5,0,123,0.0,0.0,0.0,0.0,0.0
2019-01-30,5,0,125,18.88,18.88,0.0,416.092322,0.0
2019-01-30,5,0,126,0.0,0.0,0.0,0.0,0.0
2019-01-30,5,0,127,0.0,0.0,0.0,0.0,0.0
2019-01-30,5,0,128,27.05,27.05,0.0,596.149222,0.0
2019-01-30,5,0,131,2.28,2.28,0.0,57.911302,0.0
2019-01-30,5,0,132,3.36,3.36,0.0,85.342971,0.0
2019-01-30,5,0,133,20.82,20.82,0.0,362.278709,0.0
2019-01-30,5,0,134,0.0,0.0,0.0,0.0,0.0
2019-01-30,5,0,135,29.66,29.66,0.0,516.099256,0.0
2019-01-30,5,0,136,4.88,4.88,0.0,85.075937,0.0
2019-01-30,5,0,139,86.48,86.48,0.0,1766.828884,0.0
2019-01-30,5,0,140,48.01,48.01,0.0,1271.334418,0.0
2019-01-30,5,0,141,20.37,20.37,0.0,523.835823,0.0
2019-01-30,5,0,142,0.0,0.0,0.0,0.0,0.0
2019-01-30,5,0,143,18.96,18.96,0.0,418.44949,0.0
2019-01-30,5,0,145,2.76,2.76,0.0,58.087629,0.0
2019-01-30,5,0,146,25.12,25.12,0.0,665.193097,0.0
2019-01-30,5,0,152,0.0,0.0,0.0,0.0,0.0
2019-01-30,5,0,153,0.0,0.0,0.0,0.0,0.0
2019-01-30,5,0,154,0.0,0.0,0.0,0.0,0.0
2019-01-30,5,0,157,0.0,0.0,0.0,0.0,0.0
2019-01-30,5,0,158,0.0,0.0,0.0,0.0,0.0
2019-01-30,5,0,159,0.0,0.0,0.0,0.0,0.0
2019-01-30,5,0,160,0.0,0.0,0.0,0.0,0.0
2019-01-30,5,0,161,0.0,0.0,0.0,0.0,0.0
2019-01-30,5,0,162,0.0,0.0,0.0,0.0,0.0
2019-01-30,5,0,163,15.18,15.18,0.0,401.975765,0.0
2019-01-30,5,0,164,0.0,0.0,0.0,0.0,0.0
2019-01-30,5,0,167,0.0,0.0,0.0,0.0,0.0
2019-01-30,5,0,168,0.0,0.0,0.0,0.0,0.0
2019-01-30,5,0,169,0.0,0.0,0.0,0.0,0.0
2019-01-30,5,0,170,0.0,0.0,0.0,0.0,0.0
2019-01-30,5,0,172,0.0,0.0,0.0,0.0,0.0
2019-01-30,5,0,173,0.0,0.0,0.0,0.0,0.0
2019-01-30,5,0,188,0.0,0.0,0.0,0.0,0.0
2019-01-30,5,0,190,0.0,0.0,0.0,0.0,0.0
2019-01-30,5,0,191,0.0,0.0,0.0,0.0,0.0
2019-01-30,5,0,192,17.76,17.76,0.0,479.567637,0.0
2019-01-30,5,0,194,18.43,18.43,0.0,480.239946,0.0
2019-01-30,5,0,196,0.0,0.0,0.0,0.0,0.0
2019-01-30,5,0,198,0.0,0.0,0.0,0.0,0.0
2019-01-30,5,0,199,1.13,1.13,0.0,24.575974,0.0
2019-01-30,5,0,200,0.0,0.0,0.0,0.0,0.0
2019-01-30,5,0,204,162.93,162.93,0.0,3164.646841,0.0
2019-01-30,5,0,205,189.65,189.65,0.0,3662.239828,0.0
2019-01-30,5,0,206,46.07,46.07,0.0,1018.279052,0.0
2019-01-30,5,0,210,0.0,0.0,0.0,0.0,0.0
2019-01-30,5,0,214,0.0,0.0,0.0,0.0,0.0
2019-01-30,5,0,217,0.0,0.0,0.0,0.0,0.0
2019-01-30,5,0,218,0.0,0.0,0.0,0.0,0.0
2019-01-30,5,0,219,0.0,0.0,0.0,0.0,0.0
2019-01-30,5,0,221,0.0,0.0,0.0,0.0,0.0
2019-01-30,5,0,225,0.0,0.0,0.0,0.0,0.0
2019-01-30,5,0,233,0.0,0.0,0.0,0.0,0.0
2019-01-30,5,0,236,23.13,23.13,0.0,411.558179,0.0
2019-01-30,5,0,237,36.22,36.22,0.0,661.635843,0.0
2019-01-30,5,0,238,0.0,0.0,0.0,0.0,0.0
2019-01-30,5,0,240,0.0,0.0,0.0,0.0,0.0
2019-01-30,5,0,245,37.02,37.02,0.0,640.348607,0.0
2019-01-30,5,0,247,31.0,31.0,0.0,536.218445,0.0
2019-01-30,5,0,248,3.64,3.64,0.0,66.492393,0.0
2019-01-30,5,0,249,71.19,71.19,0.0,1231.399713,0.0
2019-01-30,5,0,251,23.03,23.03,0.0,402.547734,0.0
2019-01-30,5,0,252,21.51,21.51,0.0,374.962605,0.0
2019-01-30,5,0,254,0.0,0.0,0.0,0.0,0.0
2019-01-30,5,0,255,0.0,0.0,0.0,0.0,0.0
2019-01-30,5,0,258,0.0,0.0,0.0,0.0,0.0
2019-01-30,5,0,260,0.0,0.0,0.0,0.0,0.0
2019-01-30,5,0,265,0.0,0.0,0.0,0.0,0.0
2019-01-30,5,0,266,56.0,56.0,0.0,1144.10751,0.0
2019-01-30,5,0,267,68.81,68.81,0.0,1405.822103,0.0
2019-01-30,5,0,270,47.39,47.39,0.0,1254.916436,0.0
2019-01-30,5,0,272,30.11,30.11,0.0,772.931311,0.0
2019-01-30,5,0,273,0.0,0.0,0.0,0.0,0.0
2019-01-30,5,0,274,61.1,61.1,0.0,1617.965693,0.0
2019-01-30,5,0,275,85.05,85.05,0.0,2252.176468,0.0
2019-01-30,5,0,276,0.0,0.0,0.0,0.0,0.0
2019-01-30,5,0,277,0.0,0.0,0.0,0.0,0.0
2019-01-30,5,0,278,0.0,0.0,0.0,0.0,0.0
2019-01-30,5,0,279,17.02,17.02,0.0,432.716291,0.0
2019-01-30,5,0,281,3.03,3.03,0.0,66.872466,0.0
2019-01-30,5,0,282,0.0,0.0,0.0,0.0,0.0
2019-01-30,6,0,9,0.0,0.0,0.0,0.0,0.0
2019-01-30,6,0,17,0.0,0.0,0.0,0.0,0.0
2019-01-30,6,0,19,466.02,466.02,0.0,11590.759053,0.0
2019-01-30,6,0,20,565.19,565.19,0.0,14057.296059,0.0
2019-01-30,6,0,21,0.0,0.0,0.0,0.0,0.0
2019-01-30,6,0,22,0.0,0.0,0.0,0.0,0.0
2019-01-30,6,0,23,10.4,10.4,0.0,228.620628,0.0
2019-01-30,6,0,24,18.4,18.4,0.0,404.48265,0.0
2019-01-30,6,0,29,0.0,0.0,0.0,0.0,0.0
2019-01-30,6,0,30,0.0,0.0,0.0,0.0,0.0
2019-01-30,6,0,31,6.06,6.06,0.0,133.176416,0.0
2019-01-30,6,0,32,0.0,0.0,0.0,0.0,0.0
2019-01-30,6,0,33,0.0,0.0,0.0,0.0,0.0
2019-01-30,6,0,34,0.0,0.0,0.0,0.0,0.0
2019-01-30,6,0,35,0.0,0.0,0.0,0.0,0.0
2019-01-30,6,0,36,0.0,0.0,0.0,0.0,0.0
2019-01-30,6,0,37,0.0,0.0,0.0,0.0,0.0
2019-01-30,6,0,38,0.0,0.0,0.0,0.0,0.0
2019-01-30,6,0,39,0.0,0.0,0.0,0.0,0.0
2019-01-30,6,0,40,0.0,0.0,0.0,0.0,0.0
2019-01-30,6,0,41,55.98,55.98,0.0,1257.532531,0.0
2019-01-30,6,0,42,0.0,0.0,0.0,0.0,0.0
2019-01-30,6,0,43,0.0,0.0,0.0,0.0,0.0
2019-01-30,6,0,46,0.0,0.0,0.0,0.0,0.0
2019-01-30,6,0,52,6.43,6.43,0.0,141.307649,0.0
2019-01-30,6,0,53,10.2,10.2,0.0,224.158324,0.0
2019-01-30,6,0,55,26.76,26.76,0.0,588.258463,0.0
2019-01-30,6,0,56,0.0,0.0,0.0,0.0,0.0
2019-01-30,6,0,57,0.0,0.0,0.0,0.0,0.0
2019-01-30,6,0,58,0.0,0.0,0.0,0.0,0.0
2019-01-30,6,0,59,0.0,0.0,0.0,0.0,0.0
2019-01-30,6,0,63,16.8,16.8,0.0,423.8606,0.0
2019-01-30,6,0,64,19.76,19.76,0.0,498.540801,0.0
2019-01-30,6,0,65,3.64,3.64,0.0,90.368027,0.0
2019-01-30,6,0,67,0.0,0.0,0.0,0.0,0.0
2019-01-30,6,0,68,0.56,0.56,0.0,12.21558,0.0
2019-01-30,6,0,69,0.0,0.0,0.0,0.0,0.0
2019-01-30,6,0,74,10.69,10.69,0.0,252.775312,0.0
2019-01-30,6,0,77,17.83,17.83,0.0,381.468626,0.0
2019-01-30,6,0,78,13.48,13.48,0.0,288.401406,0.0
2019-01-30,6,0,79,7.8,7.8,0.0,166.879152,0.0
2019-01-30,6,0,80,12.62,12.62,0.0,270.00191,0.0
2019-01-30,6,0,81,16.49,16.49,0.0,352.799643,0.0
2019-01-30,6,0,82,11.63,11.63,0.0,248.821095,0.0
2019-01-30,6,0,83,25.94,25.94,0.0,554.980154,0.0
2019-01-30,6,0,84,0.0,0.0,0.0,0.0,0.0
2019-01-30,6,0,86,0.0,0.0,0.0,0.0,0.0
2019-01-30,6,0,87,0.0,0.0,0.0,0.0,0.0
2019-01-30,6,0,88,15.3,15.3,0.0,327.339875,0.0
2019-01-30,6,0,89,14.71,14.71,0.0,314.716965,0.0
2019-01-30,6,0,90,19.75,19.75,0.0,422.546571,0.0
2019-01-30,6,0,91,70.44,70.44,0.0,1507.047111,0.0
2019-01-30,6,0,92,25.33,25.33,0.0,541.929349,0.0
2019-01-30,6,0,95,0.0,0.0,0.0,0.0,0.0
2019-01-30,6,0,96,2.1,2.1,0.0,46.136095,0.0
2019-01-30,6,0,97,12.93,12.93,0.0,284.066528,0.0
2019-01-30,6,0,99,2.06,2.06,0.0,48.710678,0.0
2019-01-30,6,0,101,0.0,0.0,0.0,0.0,0.0
2019-01-30,6,0,102,1.32,1.32,0.0,28.793866,0.0
2019-01-30,6,0,103,1.15,1.15,0.0,25.085565,0.0
2019-01-30,6,0,104,0.21,0.21,0.0,4.580842,0.0
2019-01-30,6,0,106,0.0,0.0,0.0,0.0,0.0
2019-01-30,6,0,109,28.52,28.52,0.0,639.586691,0.0
2019-01-30,6,0,110,58.64,58.64,0.0,1410.245623,0.0
2019-01-30,6,0,111,0.0,0.0,0.0,0.0,0.0
2019-01-30,6,0,113,10.63,10.63,0.0,224.859189,0.0
2019-01-30,6,0,115,10.63,10.63,0.0,224.859189,0.0
2019-01-30,6,0,116,0.0,0.0,0.0,0.0,0.0
2019-01-30,6,0,117,0.42,0.42,0.0,8.884371,0.0
2019-01-30,6,0,119,19.76,19.76,0.0,498.540801,0.0
2019-01-30,6,0,120,11.62,11.62,0.0,293.170248,0.0
2019-01-30,6,0,123,0.0,0.0,0.0,0.0,0.0
2019-01-30,6,0,125,16.65,16.65,0.0,366.012833,0.0
2019-01-30,6,0,126,0.0,0.0,0.0,0.0,0.0
2019-01-30,6,0,127,0.0,0.0,0.0,0.0,0.0
2019-01-30,6,0,128,23.85,23.85,0.0,524.288652,0.0
2019-01-30,6,0,131,2.26,2.26,0.0,48.966415,0.0
2019-01-30,6,0,132,3.32,3.32,0.0,71.932963,0.0
2019-01-30,6,0,133,18.19,18.19,0.0,452.496,0.0
2019-01-30,6,0,134,0.0,0.0,0.0,0.0,0.0
2019-01-30,6,0,135,24.37,24.37,0.0,606.23021,0.0
2019-01-30,6,0,136,5.73,5.73,0.0,142.240874,0.0
2019-01-30,6,0,139,72.29,72.29,0.0,1623.919734,0.0
2019-01-30,6,0,140,43.4,43.4,0.0,1043.735676,0.0
2019-01-30,6,0,141,15.63,15.63,0.0,349.547437,0.0
2019-01-30,6,0,142,0.0,0.0,0.0,0.0,0.0
2019-01-30,6,0,143,28.76,28.76,0.0,632.038567,0.0
2019-01-30,6,0,145,2.49,2.49,0.0,55.143309,0.0
2019-01-30,6,0,146,29.26,29.26,0.0,703.679859,0.0
2019-01-30,6,0,152,0.0,0.0,0.0,0.0,0.0
2019-01-30,6,0,153,0.0,0.0,0.0,0.0,0.0
2019-01-30,6,0,154,0.0,0.0,0.0,0.0,0.0
2019-01-30,6,0,157,0.0,0.0,0.0,0.0,0.0
2019-01-30,6,0,158,0.0,0.0,0.0,0.0,0.0
2019-01-30,6,0,159,0.0,0.0,0.0,0.0,0.0
2019-01-30,6,0,160,0.0,0.0,0.0,0.0,0.0
2019-01-30,6,0,161,0.0,0.0,0.0,0.0,0.0
2019-01-30,6,0,162,0.0,0.0,0.0,0.0,0.0
2019-01-30,6,0,163,14.83,14.83,0.0,356.649771,0.0
2019-01-30,6,0,164,0.0,0.0,0.0,0.0,0.0
2019-01-30,6,0,167,0.0,0.0,0.0,0.0,0.0
2019-01-30,6,0,168,0.0,0.0,0.0,0.0,0.0
2019-01-30,6,0,169,0.0,0.0,0.0,0.0,0.0
2019-01-30,6,0,170,0.0,0.0,0.0,0.0,0.0
2019-01-30,6,0,172,0.0,0.0,0.0,0.0,0.0
2019-01-30,6,0,173,0.0,0.0,0.0,0.0,0.0
2019-01-30,6,0,188,0.0,0.0,0.0,0.0,0.0
2019-01-30,6,0,190,0.0,0.0,0.0,0.0,0.0
2019-01-30,6,0,191,0.0,0.0,0.0,0.0,0.0
2019-01-30,6,0,192,14.42,14.42,0.0,363.813682,0.0
2019-01-30,6,0,194,19.39,19.39,0.0,397.849612,0.0
2019-01-30,6,0,196,0.0,0.0,0.0,0.0,0.0
2019-01-30,6,0,198,0.0,0.0,0.0,0.0,0.0
2019-01-30,6,0,199,1.07,1.07,0.0,16.38167,0.0
2019-01-30,6,0,200,0.0,0.0,0.0,0.0,0.0
2019-01-30,6,0,204,125.2,125.2,0.0,2796.310131,0.0
2019-01-30,6,0,205,150.85,150.85,0.0,3382.947139,0.0
2019-01-30,6,0,206,37.98,37.98,0.0,834.404232,0.0
2019-01-30,6,0,210,0.0,0.0,0.0,0.0,0.0
2019-01-30,6,0,214,0.0,0.0,0.0,0.0,0.0
2019-01-30,6,0,217,0.0,0.0,0.0,0.0,0.0
2019-01-30,6,0,218,0.0,0.0,0.0,0.0,0.0
2019-01-30,6,0,219,0.0,0.0,0.0,0.0,0.0
2019-01-30,6,0,221,0.0,0.0,0.0,0.0,0.0
2019-01-30,6,0,225,0.0,0.0,0.0,0.0,0.0
2019-01-30,6,0,233,0.0,0.0,0.0,0.0,0.0
2019-01-30,6,0,236,20.05,20.05,0.0,485.914958,0.0
2019-01-30,6,0,237,25.65,25.65,0.0,606.518873,0.0
2019-01-30,6,0,238,0.0,0.0,0.0,0.0,0.0
2019-01-30,6,0,240,0.0,0.0,0.0,0.0,0.0
2019-01-30,6,0,245,33.69,33.69,0.0,843.558769,0.0
2019-01-30,6,0,247,27.21,27.21,0.0,681.307038,0.0
2019-01-30,6,0,248,2.57,2.57,0.0,60.770117,0.0
2019-01-30,6,0,249,64.79,64.79,0.0,1622.266924,0.0
2019-01-30,6,0,251,23.83,23.83,0.0,589.835406,0.0
2019-01-30,6,0,252,23.49,23.49,0.0,583.171689,0.0
2019-01-30,6,0,254,0.0,0.0,0.0,0.0,0.0
2019-01-30,6,0,255,0.0,0.0,0.0,0.0,0.0
2019-01-30,6,0,258,0.0,0.0,0.0,0.0,0.0
2019-01-30,6,0,260,0.0,0.0,0.0,0.0,0.0
2019-01-30,6,0,265,0.0,0.0,0.0,0.0,0.0
2019-01-30,6,0,266,46.81,46.81,0.0,1051.53801,0.0
2019-01-30,6,0,267,57.52,57.52,0.0,1292.127031,0.0
2019-01-30,6,0,270,46.3,46.3,0.0,1113.478383,0.0
2019-01-30,6,0,272,37.5,37.5,0.0,793.247376,0.0
2019-01-30,6,0,273,0.0,0.0,0.0,0.0,0.0
2019-01-30,6,0,274,59.69,59.69,0.0,1435.497293,0.0
2019-01-30,6,0,275,83.09,83.09,0.0,1998.248787,0.0
2019-01-30,6,0,276,0.0,0.0,0.0,0.0,0.0
2019-01-30,6,0,277,0.0,0.0,0.0,0.0,0.0
2019-01-30,6,0,278,0.0,0.0,0.0,0.0,0.0
2019-01-30,6,0,279,14.43,14.43,0.0,306.638719,0.0
2019-01-30,6,0,281,2.73,2.73,0.0,59.995316,0.0
2019-01-30,6,0,282,0.0,0.0,0.0,0.0,0.0
2019-01-30,7,0,9,0.0,0.0,0.0,0.0,0.0
2019-01-30,7,0,17,0.0,0.0,0.0,0.0,0.0
2019-01-30,7,0,19,547.22,547.22,0.0,3136.693767,0.0
2019-01-30,7,0,20,663.68,663.68,0.0,3804.2486,0.0
2019-01-30,7,0,21,0.0,0.0,0.0,0.0,0.0
2019-01-30,7,0,22,0.0,0.0,0.0,0.0,0.0
2019-01-30,7,0,23,9.33,9.33,0.0,242.267206,0.0
2019-01-30,7,0,24,16.51,16.51,0.0,428.706492,0.0
2019-01-30,7,0,29,0.0,0.0,0.0,0.0,0.0
2019-01-30,7,0,30,0.0,0.0,0.0,0.0,0.0
2019-01-30,7,0,31,13.25,13.25,0.0,344.098127,0.0
2019-01-30,7,0,32,0.0,0.0,0.0,0.0,0.0
2019-01-30,7,0,33,0.0,0.0,0.0,0.0,0.0
2019-01-30,7,0,34,0.0,0.0,0.0,0.0,0.0
2019-01-30,7,0,35,0.0,0.0,0.0,0.0,0.0
2019-01-30,7,0,36,0.0,0.0,0.0,0.0,0.0
2019-01-30,7,0,37,0.0,0.0,0.0,0.0,0.0
2019-01-30,7,0,38,0.0,0.0,0.0,0.0,0.0
2019-01-30,7,0,39,0.0,0.0,0.0,0.0,0.0
2019-01-30,7,0,40,0.0,0.0,0.0,0.0,0.0
2019-01-30,7,0,41,34.28,34.28,0.0,889.63138,0.0
2019-01-30,7,0,42,0.0,0.0,0.0,0.0,0.0
2019-01-30,7,0,43,0.0,0.0,0.0,0.0,0.0
2019-01-30,7,0,46,0.0,0.0,0.0,0.0,0.0
2019-01-30,7,0,52,14.05,14.05,0.0,364.873863,0.0
2019-01-30,7,0,53,22.32,22.32,0.0,579.643034,0.0
2019-01-30,7,0,55,25.15,25.15,0.0,653.05683,0.0
2019-01-30,7,0,56,0.0,0.0,0.0,0.0,0.0
2019-01-30,7,0,57,0.0,0.0,0.0,0.0,0.0
2019-01-30,7,0,58,0.0,0.0,0.0,0.0,0.0
2019-01-30,7,0,59,0.0,0.0,0.0,0.0,0.0
2019-01-30,7,0,63,19.78,19.78,0.0,537.800794,0.0
2019-01-30,7,0,64,23.27,23.27,0.0,632.690822,0.0
2019-01-30,7,0,65,3.99,3.99,0.0,65.688741,0.0
2019-01-30,7,0,67,0.0,0.0,0.0,0.0,0.0
2019-01-30,7,0,68,0.63,0.63,0.0,16.645402,0.0
2019-01-30,7,0,69,0.0,0.0,0.0,0.0,0.0
2019-01-30,7,0,74,7.69,7.69,0.0,203.462939,0.0
2019-01-30,7,0,77,19.18,19.18,0.0,504.564431,0.0
2019-01-30,7,0,78,14.5,14.5,0.0,381.448605,0.0
2019-01-30,7,0,79,8.39,8.39,0.0,220.714055,0.0
2019-01-30,7,0,80,13.57,13.57,0.0,356.983281,0.0
2019-01-30,7,0,81,17.74,17.74,0.0,466.682638,0.0
2019-01-30,7,0,82,12.51,12.51,0.0,329.098072,0.0
2019-01-30,7,0,83,27.9,27.9,0.0,733.95973,0.0
2019-01-30,7,0,84,0.0,0.0,0.0,0.0,0.0
2019-01-30,7,0,86,0.0,0.0,0.0,0.0,0.0
2019-01-30,7,0,87,0.0,0.0,0.0,0.0,0.0
2019-01-30,7,0,88,15.57,15.57,0.0,409.596881,0.0
2019-01-30,7,0,89,14.97,14.97,0.0,393.812801,0.0
2019-01-30,7,0,90,20.1,20.1,0.0,528.766687,0.0
2019-01-30,7,0,91,71.69,71.69,0.0,1885.934517,0.0
2019-01-30,7,0,92,25.78,25.78,0.0,678.189313,0.0
2019-01-30,7,0,95,0.82,0.82,0.0,22.564428,0.0
2019-01-30,7,0,96,1.75,1.75,0.0,45.452767,0.0
2019-01-30,7,0,97,10.78,10.78,0.0,279.989045,0.0
2019-01-30,7,0,99,1.48,1.48,0.0,39.158017,0.0
2019-01-30,7,0,101,0.0,0.0,0.0,0.0,0.0
2019-01-30,7,0,102,1.49,1.49,0.0,39.367696,0.0
2019-01-30,7,0,103,1.29,1.29,0.0,34.083442,0.0
2019-01-30,7,0,104,0.24,0.24,0.0,6.341105,0.0
2019-01-30,7,0,106,0.0,0.0,0.0,0.0,0.0
2019-01-30,7,0,109,22.71,22.71,0.0,580.715864,0.0
2019-01-30,7,0,110,54.06,54.06,0.0,1452.491616,0.0
2019-01-30,7,0,111,0.0,0.0,0.0,0.0,0.0
2019-01-30,7,0,113,6.32,6.32,0.0,166.592537,0.0
2019-01-30,7,0,115,6.32,6.32,0.0,166.592537,0.0
2019-01-30,7,0,116,0.0,0.0,0.0,0.0,0.0
2019-01-30,7,0,117,0.26,0.26,0.0,6.85349,0.0
2019-01-30,7,0,119,23.27,23.27,0.0,632.690822,0.0
2019-01-30,7,0,120,13.68,13.68,0.0,371.947162,0.0
2019-01-30,7,0,123,0.0,0.0,0.0,0.0,0.0
2019-01-30,7,0,125,14.94,14.94,0.0,387.939127,0.0
2019-01-30,7,0,126,0.0,0.0,0.0,0.0,0.0
2019-01-30,7,0,127,0.0,0.0,0.0,0.0,0.0
2019-01-30,7,0,128,21.4,21.4,0.0,555.682552,0.0
2019-01-30,7,0,131,2.53,2.53,0.0,66.771493,0.0
2019-01-30,7,0,132,3.72,3.72,0.0,98.177847,0.0
2019-01-30,7,0,133,19.14,19.14,0.0,554.001952,0.0
2019-01-30,7,0,134,0.0,0.0,0.0,0.0,0.0
2019-01-30,7,0,135,25.65,25.65,0.0,742.432083,0.0
2019-01-30,7,0,136,6.62,6.62,0.0,112.887351,0.0
2019-01-30,7,0,139,44.27,44.27,0.0,1148.890934,0.0
2019-01-30,7,0,140,40.01,40.01,0.0,1074.994258,0.0
2019-01-30,7,0,141,12.66,12.66,0.0,335.885949,0.0
2019-01-30,7,0,142,0.0,0.0,0.0,0.0,0.0
2019-01-30,7,0,143,18.17,18.17,0.0,471.868904,0.0
2019-01-30,7,0,145,2.25,2.25,0.0,58.104944,0.0
2019-01-30,7,0,146,38.34,38.34,0.0,1030.124465,0.0
2019-01-30,7,0,152,0.0,0.0,0.0,0.0,0.0
2019-01-30,7,0,153,0.0,0.0,0.0,0.0,0.0
2019-01-30,7,0,154,0.0,0.0,0.0,0.0,0.0
2019-01-30,7,0,157,0.0,0.0,0.0,0.0,0.0
2019-01-30,7,0,158,0.0,0.0,0.0,0.0,0.0
2019-01-30,7,0,159,0.0,0.0,0.0,0.0,0.0
2019-01-30,7,0,160,0.0,0.0,0.0,0.0,0.0
2019-01-30,7,0,161,0.0,0.0,0.0,0.0,0.0
2019-01-30,7,0,162,1.2,1.2,0.0,33.013895,0.0
2019-01-30,7,0,163,20.87,20.87,0.0,560.738069,0.0
2019-01-30,7,0,164,0.0,0.0,0.0,0.0,0.0
2019-01-30,7,0,167,0.0,0.0,0.0,0.0,0.0
2019-01-30,7,0,168,0.0,0.0,0.0,0.0,0.0
2019-01-30,7,0,169,0.0,0.0,0.0,0.0,0.0
2019-01-30,7,0,170,0.0,0.0,0.0,0.0,0.0
2019-01-30,7,0,172,0.0,0.0,0.0,0.0,0.0
2019-01-30,7,0,173,0.0,0.0,0.0,0.0,0.0
2019-01-30,7,0,188,0.0,0.0,0.0,0.0,0.0
2019-01-30,7,0,190,0.0,0.0,0.0,0.0,0.0
2019-01-30,7,0,191,0.0,0.0,0.0,0.0,0.0
2019-01-30,7,0,192,15.0,15.0,0.0,407.8368,0.0
2019-01-30,7,0,194,22.07,22.07,0.0,581.035558,0.0
2019-01-30,7,0,196,0.0,0.0,0.0,0.0,0.0
2019-01-30,7,0,198,0.0,0.0,0.0,0.0,0.0
2019-01-30,7,0,199,1.01,1.01,0.0,18.351448,0.0
2019-01-30,7,0,200,0.0,0.0,0.0,0.0,0.0
2019-01-30,7,0,204,96.23,96.23,0.0,2455.25645,0.0
2019-01-30,7,0,205,120.11,120.11,0.0,3071.324633,0.0
2019-01-30,7,0,206,31.69,31.69,0.0,823.084678,0.0
2019-01-30,7,0,210,0.0,0.0,0.0,0.0,0.0
2019-01-30,7,0,214,0.0,0.0,0.0,0.0,0.0
2019-01-30,7,0,217,0.0,0.0,0.0,0.0,0.0
2019-01-30,7,0,218,0.0,0.0,0.0,0.0,0.0
2019-01-30,7,0,219,0.0,0.0,0.0,0.0,0.0
2019-01-30,7,0,221,0.0,0.0,0.0,0.0,0.0
2019-01-30,7,0,225,0.0,0.0,0.0,0.0,0.0
2019-01-30,7,0,233,0.0,0.0,0.0,0.0,0.0
2019-01-30,7,0,236,18.59,18.59,0.0,500.442993,0.0
2019-01-30,7,0,237,18.45,18.45,0.0,488.152305,0.0
2019-01-30,7,0,238,0.0,0.0,0.0,0.0,0.0
2019-01-30,7,0,240,0.0,0.0,0.0,0.0,0.0
2019-01-30,7,0,245,30.94,30.94,0.0,787.396114,0.0
2019-01-30,7,0,247,24.78,24.78,0.0,630.629467,0.0
2019-01-30,7,0,248,1.85,1.85,0.0,48.947521,0.0
2019-01-30,7,0,249,59.5,59.5,0.0,1514.223295,0.0
2019-01-30,7,0,251,26.73,26.73,0.0,530.881522,0.0
2019-01-30,7,0,252,25.74,25.74,0.0,423.766466,0.0
2019-01-30,7,0,254,0.0,0.0,0.0,0.0,0.0
2019-01-30,7,0,255,0.0,0.0,0.0,0.0,0.0
2019-01-30,7,0,258,0.0,0.0,0.0,0.0,0.0
2019-01-30,7,0,260,0.0,0.0,0.0,0.0,0.0
2019-01-30,7,0,265,0.0,0.0,0.0,0.0,0.0
2019-01-30,7,0,266,28.66,28.66,0.0,743.781662,0.0
2019-01-30,7,0,267,35.22,35.22,0.0,914.026173,0.0
2019-01-30,7,0,270,65.17,65.17,0.0,1750.996645,0.0
2019-01-30,7,0,272,22.47,22.47,0.0,592.29973,0.0
2019-01-30,7,0,273,0.0,0.0,0.0,0.0,0.0
2019-01-30,7,0,274,84.01,84.01,0.0,2257.192392,0.0
2019-01-30,7,0,275,116.95,116.95,0.0,3142.228904,0.0
2019-01-30,7,0,276,0.0,0.0,0.0,0.0,0.0
2019-01-30,7,0,277,0.0,0.0,0.0,0.0,0.0
2019-01-30,7,0,278,0.0,0.0,0.0,0.0,0.0
2019-01-30,7,0,279,16.13,16.13,0.0,424.838697,0.0
2019-01-30,7,0,281,5.94,5.94,0.0,154.25984,0.0
2019-01-30,7,0,282,0.0,0.0,0.0,0.0,0.0
2019-01-30,8,0,9,0.0,0.0,0.0,0.0,0.0
2019-01-30,8,0,17,0.0,0.0,0.0,0.0,0.0
2019-01-30,8,0,19,605.38,605.38,0.0,3371.653157,0.0
2019-01-30,8,0,20,753.44,753.44,0.0,4196.270697,0.0
2019-01-30,8,0,21,0.0,0.0,0.0,0.0,0.0
2019-01-30,8,0,22,0.0,0.0,0.0,0.0,0.0
2019-01-30,8,0,23,9.19,9.19,0.0,217.12817,0.0
2019-01-30,8,0,24,16.25,16.25,0.0,383.931748,0.0
2019-01-30,8,0,29,0.0,0.0,0.0,0.0,0.0
2019-01-30,8,0,30,0.0,0.0,0.0,0.0,0.0
2019-01-30,8,0,31,5.2,5.2,0.0,122.888198,0.0
2019-01-30,8,0,32,0.0,0.0,0.0,0.0,0.0
2019-01-30,8,0,33,0.0,0.0,0.0,0.0,0.0
2019-01-30,8,0,34,0.0,0.0,0.0,0.0,0.0
2019-01-30,8,0,35,0.0,0.0,0.0,0.0,0.0
2019-01-30,8,0,36,0.0,0.0,0.0,0.0,0.0
2019-01-30,8,0,37,0.0,0.0,0.0,0.0,0.0
2019-01-30,8,0,38,0.0,0.0,0.0,0.0,0.0
2019-01-30,8,0,39,0.0,0.0,0.0,0.0,0.0
2019-01-30,8,0,40,0.0,0.0,0.0,0.0,0.0
2019-01-30,8,0,41,17.92,17.92,0.0,420.210791,0.0
2019-01-30,8,0,42,0.0,0.0,0.0,0.0,0.0
2019-01-30,8,0,43,0.0,0.0,0.0,0.0,0.0
2019-01-30,8,0,46,0.0,0.0,0.0,0.0,0.0
2019-01-30,8,0,52,5.51,5.51,0.0,130.214225,0.0
2019-01-30,8,0,53,8.76,8.76,0.0,207.019349,0.0
2019-01-30,8,0,55,25.85,25.85,0.0,610.746811,0.0
2019-01-30,8,0,56,0.0,0.0,0.0,0.0,0.0
2019-01-30,8,0,57,0.0,0.0,0.0,0.0,0.0
2019-01-30,8,0,58,0.0,0.0,0.0,0.0,0.0
2019-01-30,8,0,59,0.0,0.0,0.0,0.0,0.0
2019-01-30,8,0,63,9.9,9.9,0.0,248.582263,0.0
2019-01-30,8,0,64,11.64,11.64,0.0,292.272479,0.0
2019-01-30,8,0,65,4.23,4.23,0.0,62.802781,0.0
2019-01-30,8,0,67,0.0,0.0,0.0,0.0,0.0
2019-01-30,8,0,68,0.52,0.52,0.0,12.657858,0.0
2019-01-30,8,0,69,0.0,0.0,0.0,0.0,0.0
2019-01-30,8,0,74,12.72,12.72,0.0,300.570488,0.0
2019-01-30,8,0,77,15.07,15.07,0.0,364.827323,0.0
2019-01-30,8,0,78,11.38,11.38,0.0,275.496678,0.0
2019-01-30,8,0,79,6.56,6.56,0.0,158.810036,0.0
2019-01-30,8,0,80,10.64,10.64,0.0,257.582131,0.0
2019-01-30,8,0,81,13.93,13.93,0.0,337.229237,0.0
2019-01-30,8,0,82,9.81,9.81,0.0,237.488788,0.0
2019-01-30,8,0,83,21.95,21.95,0.0,531.384189,0.0
2019-01-30,8,0,84,0.0,0.0,0.0,0.0,0.0
2019-01-30,8,0,86,0.0,0.0,0.0,0.0,0.0
2019-01-30,8,0,87,0.0,0.0,0.0,0.0,0.0
2019-01-30,8,0,88,13.66,13.66,0.0,330.692849,0.0
2019-01-30,8,0,89,13.18,13.18,0.0,319.072602,0.0
2019-01-30,8,0,90,17.2,17.2,0.0,416.392167,0.0
2019-01-30,8,0,91,53.92,53.92,0.0,1305.341025,0.0
2019-01-30,8,0,92,21.57,21.57,0.0,522.184828,0.0
2019-01-30,8,0,95,0.0,0.0,0.0,0.0,0.0
2019-01-30,8,0,96,1.78,1.78,0.0,42.076322,0.0
2019-01-30,8,0,97,10.93,10.93,0.0,258.367527,0.0
2019-01-30,8,0,99,2.46,2.46,0.0,58.129198,0.0
2019-01-30,8,0,101,0.0,0.0,0.0,0.0,0.0
2019-01-30,8,0,102,1.23,1.23,0.0,29.940703,0.0
2019-01-30,8,0,103,1.07,1.07,0.0,26.045977,0.0
2019-01-30,8,0,104,0.2,0.2,0.0,4.868407,0.0
2019-01-30,8,0,106,0.0,0.0,0.0,0.0,0.0
2019-01-30,8,0,109,32.58,32.58,0.0,750.318468,0.0
2019-01-30,8,0,110,23.31,23.31,0.0,578.112019,0.0
2019-01-30,8,0,111,0.0,0.0,0.0,0.0,0.0
2019-01-30,8,0,113,12.73,12.73,0.0,309.521283,0.0
2019-01-30,8,0,115,12.73,12.73,0.0,309.521283,0.0
2019-01-30,8,0,116,0.0,0.0,0.0,0.0,0.0
2019-01-30,8,0,117,0.66,0.66,0.0,16.047451,0.0
2019-01-30,8,0,119,11.64,11.64,0.0,292.272479,0.0
2019-01-30,8,0,120,6.87,6.87,0.0,172.501025,0.0
2019-01-30,8,0,123,0.0,0.0,0.0,0.0,0.0
2019-01-30,8,0,125,14.71,14.71,0.0,347.546832,0.0
2019-01-30,8,0,126,0.0,0.0,0.0,0.0,0.0
2019-01-30,8,0,127,0.0,0.0,0.0,0.0,0.0
2019-01-30,8,0,128,21.07,21.07,0.0,497.811811,0.0
2019-01-30,8,0,131,2.14,2.14,0.0,52.027378,0.0
2019-01-30,8,0,132,3.14,3.14,0.0,76.339237,0.0
2019-01-30,8,0,133,25.66,25.66,0.0,657.546725,0.0
2019-01-30,8,0,134,0.0,0.0,0.0,0.0,0.0
2019-01-30,8,0,135,34.38,34.38,0.0,880.99986,0.0
2019-01-30,8,0,136,6.63,6.63,0.0,101.812334,0.0
2019-01-30,8,0,139,23.14,23.14,0.0,542.615943,0.0
2019-01-30,8,0,140,17.25,17.25,0.0,427.817774,0.0
2019-01-30,8,0,141,12.25,12.25,0.0,299.574036,0.0
2019-01-30,8,0,142,0.0,0.0,0.0,0.0,0.0
2019-01-30,8,0,143,6.6,6.6,0.0,155.973482,0.0
2019-01-30,8,0,145,2.24,2.24,0.0,52.440671,0.0
2019-01-30,8,0,146,34.73,34.73,0.0,861.339786,0.0
2019-01-30,8,0,152,0.0,0.0,0.0,0.0,0.0
2019-01-30,8,0,153,0.0,0.0,0.0,0.0,0.0
2019-01-30,8,0,154,0.0,0.0,0.0,0.0,0.0
2019-01-30,8,0,157,0.0,0.0,0.0,0.0,0.0
2019-01-30,8,0,158,0.0,0.0,0.0,0.0,0.0
2019-01-30,8,0,159,0.0,0.0,0.0,0.0,0.0
2019-01-30,8,0,160,0.0,0.0,0.0,0.0,0.0
2019-01-30,8,0,161,0.0,0.0,0.0,0.0,0.0
2019-01-30,8,0,162,0.0,0.0,0.0,0.0,0.0
2019-01-30,8,0,163,18.79,18.79,0.0,466.011361,0.0
2019-01-30,8,0,164,0.0,0.0,0.0,0.0,0.0
2019-01-30,8,0,167,0.0,0.0,0.0,0.0,0.0
2019-01-30,8,0,168,0.0,0.0,0.0,0.0,0.0
2019-01-30,8,0,169,0.0,0.0,0.0,0.0,0.0
2019-01-30,8,0,170,0.0,0.0,0.0,0.0,0.0
2019-01-30,8,0,172,0.0,0.0,0.0,0.0,0.0
2019-01-30,8,0,173,0.0,0.0,0.0,0.0,0.0
2019-01-30,8,0,188,0.0,0.0,0.0,0.0,0.0
2019-01-30,8,0,190,0.0,0.0,0.0,0.0,0.0
2019-01-30,8,0,191,0.0,0.0,0.0,0.0,0.0
2019-01-30,8,0,192,10.17,10.17,0.0,255.361779,0.0
2019-01-30,8,0,194,25.65,25.65,0.0,624.029149,0.0
2019-01-30,8,0,196,0.0,0.0,0.0,0.0,0.0
2019-01-30,8,0,198,0.0,0.0,0.0,0.0,0.0
2019-01-30,8,0,199,0.0,0.0,0.0,0.0,0.0
2019-01-30,8,0,200,0.0,0.0,0.0,0.0,0.0
2019-01-30,8,0,204,141.2,141.2,0.0,3247.118052,0.0
2019-01-30,8,0,205,172.36,172.36,0.0,3969.45645,0.0
2019-01-30,8,0,206,32.13,32.13,0.0,759.501247,0.0
2019-01-30,8,0,210,0.0,0.0,0.0,0.0,0.0
2019-01-30,8,0,214,0.0,0.0,0.0,0.0,0.0
2019-01-30,8,0,217,0.0,0.0,0.0,0.0,0.0
2019-01-30,8,0,218,0.0,0.0,0.0,0.0,0.0
2019-01-30,8,0,219,0.0,0.0,0.0,0.0,0.0
2019-01-30,8,0,221,0.0,0.0,0.0,0.0,0.0
2019-01-30,8,0,225,0.0,0.0,0.0,0.0,0.0
2019-01-30,8,0,233,0.0,0.0,0.0,0.0,0.0
2019-01-30,8,0,236,28.56,28.56,0.0,684.033521,0.0
2019-01-30,8,0,237,30.52,30.52,0.0,721.180133,0.0
2019-01-30,8,0,238,0.0,0.0,0.0,0.0,0.0
2019-01-30,8,0,240,0.0,0.0,0.0,0.0,0.0
2019-01-30,8,0,245,40.43,40.43,0.0,913.143779,0.0
2019-01-30,8,0,247,34.47,34.47,0.0,778.532428,0.0
2019-01-30,8,0,248,3.06,3.06,0.0,72.307051,0.0
2019-01-30,8,0,249,77.75,77.75,0.0,1756.045729,0.0
2019-01-30,8,0,251,26.84,26.84,0.0,477.521109,0.0
2019-01-30,8,0,252,27.3,27.3,0.0,405.322913,0.0
2019-01-30,8,0,254,0.0,0.0,0.0,0.0,0.0
2019-01-30,8,0,255,0.0,0.0,0.0,0.0,0.0
2019-01-30,8,0,258,0.0,0.0,0.0,0.0,0.0
2019-01-30,8,0,260,0.0,0.0,0.0,0.0,0.0
2019-01-30,8,0,265,0.0,0.0,0.0,0.0,0.0
2019-01-30,8,0,266,14.98,14.98,0.0,351.269958,0.0
2019-01-30,8,0,267,18.41,18.41,0.0,431.700929,0.0
2019-01-30,8,0,270,58.67,58.67,0.0,1455.076454,0.0
2019-01-30,8,0,272,44.06,44.06,0.0,1071.288901,0.0
2019-01-30,8,0,273,0.0,0.0,0.0,0.0,0.0
2019-01-30,8,0,274,75.63,75.63,0.0,1875.701929,0.0
2019-01-30,8,0,275,105.28,105.28,0.0,2611.052481,0.0
2019-01-30,8,0,276,0.0,0.0,0.0,0.0,0.0
2019-01-30,8,0,277,0.0,0.0,0.0,0.0,0.0
2019-01-30,8,0,278,0.0,0.0,0.0,0.0,0.0
2019-01-30,8,0,279,15.2,15.2,0.0,368.934911,0.0
2019-01-30,8,0,281,2.33,2.33,0.0,55.063366,0.0
2019-01-30,8,0,282,0.0,0.0,0.0,0.0,0.0
2019-01-30,9,0,9,0.21,0.21,0.0,4.222352,0.0
2019-01-30,9,0,17,8.17,8.17,0.0,126.4009,0.0
2019-01-30,9,0,19,475.02,475.02,0.0,7349.198975,0.0
2019-01-30,9,0,20,589.85,589.85,0.0,9125.773685,0.0
2019-01-30,9,0,21,4.79,4.79,0.0,96.309843,0.0
2019-01-30,9,0,22,17.02,17.02,0.0,342.211593,0.0
2019-01-30,9,0,23,9.43,9.43,0.0,189.60372,0.0
2019-01-30,9,0,24,16.68,16.68,0.0,335.375403,0.0
2019-01-30,9,0,29,1.29,1.29,0.0,17.912753,0.0
2019-01-30,9,0,30,34.22,34.22,0.0,689.059917,0.0
2019-01-30,9,0,31,6.79,6.79,0.0,136.72463,0.0
2019-01-30,9,0,32,0.77,0.77,0.0,19.546956,0.0
2019-01-30,9,0,33,0.42,0.42,0.0,6.162823,0.0
2019-01-30,9,0,34,0.67,0.67,0.0,9.83117,0.0
2019-01-30,9,0,35,0.67,0.67,0.0,9.83117,0.0
2019-01-30,9,0,36,0.74,0.74,0.0,12.328614,0.0
2019-01-30,9,0,37,0.35,0.35,0.0,5.834189,0.0
2019-01-30,9,0,38,0.45,0.45,0.0,7.5011,0.0
2019-01-30,9,0,39,0.3,0.3,0.0,5.000733,0.0
2019-01-30,9,0,40,0.3,0.3,0.0,5.000733,0.0
2019-01-30,9,0,41,22.71,22.71,0.0,421.537898,0.0
2019-01-30,9,0,42,6.26,6.26,0.0,97.933416,0.0
2019-01-30,9,0,43,2.51,2.51,0.0,41.205381,0.0
2019-01-30,9,0,46,2.24,2.24,0.0,38.037542,0.0
2019-01-30,9,0,52,7.21,7.21,0.0,145.181824,0.0
2019-01-30,9,0,53,11.51,11.51,0.0,231.767377,0.0
2019-01-30,9,0,55,26.72,26.72,0.0,537.244051,0.0
2019-01-30,9,0,56,10.09,10.09,0.0,203.174008,0.0
2019-01-30,9,0,57,9.6,9.6,0.0,193.307282,0.0
2019-01-30,9,0,58,18.46,18.46,0.0,371.713795,0.0
2019-01-30,9,0,59,18.16,18.16,0.0,365.672943,0.0
2019-01-30,9,0,63,4.7,4.7,0.0,117.265279,0.0
2019-01-30,9,0,64,5.53,5.53,0.0,137.973828,0.0
2019-01-30,9,0,65,4.44,4.44,0.0,68.83544,0.0
2019-01-30,9,0,67,19.25,19.25,0.0,454.742252,0.0
2019-01-30,9,0,68,0.87,0.87,0.0,20.331174,0.0
2019-01-30,9,0,69,0.42,0.42,0.0,6.162823,0.0
2019-01-30,9,0,74,19.93,19.93,0.0,327.228563,0.0
2019-01-30,9,0,77,6.81,6.81,0.0,156.398043,0.0
2019-01-30,9,0,78,5.15,5.15,0.0,118.274584,0.0
2019-01-30,9,0,79,2.98,2.98,0.0,68.438497,0.0
2019-01-30,9,0,80,4.82,4.82,0.0,110.695825,0.0
2019-01-30,9,0,81,6.3,6.3,0.0,144.685414,0.0
2019-01-30,9,0,82,4.44,4.44,0.0,101.968768,0.0
2019-01-30,9,0,83,9.91,9.91,0.0,227.592453,0.0
2019-01-30,9,0,84,0.0,0.0,0.0,0.0,0.0
2019-01-30,9,0,86,2.13,2.13,0.0,31.254318,0.0
2019-01-30,9,0,87,10.89,10.89,0.0,159.793202,0.0
2019-01-30,9,0,88,21.07,21.07,0.0,483.892329,0.0
2019-01-30,9,0,89,20.12,20.12,0.0,462.074687,0.0
2019-01-30,9,0,90,28.25,28.25,0.0,648.787768,0.0
2019-01-30,9,0,91,106.14,106.14,0.0,2437.604734,0.0
2019-01-30,9,0,92,37.34,37.34,0.0,857.548151,0.0
2019-01-30,9,0,95,0.0,0.0,0.0,0.0,0.0
2019-01-30,9,0,96,1.8,1.8,0.0,36.301055,0.0
2019-01-30,9,0,97,11.04,11.04,0.0,222.646468,0.0
2019-01-30,9,0,99,3.85,3.85,0.0,63.212743,0.0
2019-01-30,9,0,101,0.69,0.69,0.0,13.893961,0.0
2019-01-30,9,0,102,2.05,2.05,0.0,47.906789,0.0
2019-01-30,9,0,103,1.79,1.79,0.0,41.830806,0.0
2019-01-30,9,0,104,0.33,0.33,0.0,7.711825,0.0
2019-01-30,9,0,106,16.75,16.75,0.0,336.782854,0.0
2019-01-30,9,0,109,42.17,42.17,0.0,739.305905,0.0
2019-01-30,9,0,110,12.33,12.33,0.0,300.854676,0.0
2019-01-30,9,0,111,1.9,1.9,0.0,35.267371,0.0
2019-01-30,9,0,113,8.2,8.2,0.0,193.065438,0.0
2019-01-30,9,0,115,8.2,8.2,0.0,193.065438,0.0
2019-01-30,9,0,116,10.85,10.85,0.0,264.742355,0.0
2019-01-30,9,0,117,0.56,0.56,0.0,13.184957,0.0
2019-01-30,9,0,119,5.53,5.53,0.0,137.973828,0.0
2019-01-30,9,0,120,3.25,3.25,0.0,81.087693,0.0
2019-01-30,9,0,123,0.28,0.28,0.0,5.629803,0.0
2019-01-30,9,0,125,15.1,15.1,0.0,303.60723,0.0
2019-01-30,9,0,126,12.56,12.56,0.0,252.536874,0.0
2019-01-30,9,0,127,16.12,16.12,0.0,324.115797,0.0
2019-01-30,9,0,128,21.62,21.62,0.0,434.701212,0.0
2019-01-30,9,0,131,1.93,1.93,0.0,44.971665,0.0
2019-01-30,9,0,132,2.84,2.84,0.0,66.175922,0.0
2019-01-30,9,0,133,33.6,33.6,0.0,519.735524,0.0
2019-01-30,9,0,134,0.0,0.0,0.0,0.0,0.0
2019-01-30,9,0,135,45.02,45.02,0.0,696.383729,0.0
2019-01-30,9,0,136,6.61,6.61,0.0,102.489646,0.0
2019-01-30,9,0,139,29.33,29.33,0.0,544.416845,0.0
2019-01-30,9,0,140,9.12,9.12,0.0,222.529979,0.0
2019-01-30,9,0,141,13.57,13.57,0.0,320.563759,0.0
2019-01-30,9,0,142,25.38,25.38,0.0,599.551083,0.0
2019-01-30,9,0,143,11.61,11.61,0.0,233.780995,0.0
2019-01-30,9,0,145,2.22,2.22,0.0,42.556203,0.0
2019-01-30,9,0,146,33.21,33.21,0.0,810.331207,0.0
2019-01-30,9,0,152,0.78,0.78,0.0,12.773589,0.0
2019-01-30,9,0,153,0.75,0.75,0.0,12.312854,0.0
2019-01-30,9,0,154,7.82,7.82,0.0,145.153076,0.0
2019-01-30,9,0,157,6.57,6.57,0.0,155.20294,0.0
2019-01-30,9,0,158,4.27,4.27,0.0,100.8701,0.0
2019-01-30,9,0,159,0.0,0.0,0.0,0.0,0.0
2019-01-30,9,0,160,0.23,0.23,0.0,3.598981,0.0
2019-01-30,9,0,161,4.64,4.64,0.0,108.432928,0.0
2019-01-30,9,0,162,0.0,0.0,0.0,0.0,0.0
2019-01-30,9,0,163,16.84,16.84,0.0,410.899654,0.0
2019-01-30,9,0,164,1.0,1.0,0.0,20.136175,0.0
2019-01-30,9,0,167,0.93,0.93,0.0,23.642971,0.0
2019-01-30,9,0,168,0.47,0.47,0.0,11.948598,0.0
2019-01-30,9,0,169,0.0,0.0,0.0,0.0,0.0
2019-01-30,9,0,170,1.02,1.02,0.0,25.931,0.0
2019-01-30,9,0,172,1.23,1.23,0.0,32.401539,0.0
2019-01-30,9,0,173,1.87,1.87,0.0,49.260876,0.0
2019-01-30,9,0,188,1.56,1.56,0.0,39.875213,0.0
2019-01-30,9,0,190,0.97,0.97,0.0,24.201558,0.0
2019-01-30,9,0,191,2.52,2.52,0.0,62.87415,0.0
2019-01-30,9,0,192,6.99,6.99,0.0,174.400915,0.0
2019-01-30,9,0,194,21.97,21.97,0.0,524.984261,0.0
2019-01-30,9,0,196,0.67,0.67,0.0,16.503486,0.0
2019-01-30,9,0,198,1.19,1.19,0.0,17.033227,0.0
2019-01-30,9,0,199,0.0,0.0,0.0,0.0,0.0
2019-01-30,9,0,200,3.05,3.05,0.0,55.507895,0.0
2019-01-30,9,0,204,112.0,112.0,0.0,1976.455087,0.0
2019-01-30,9,0,205,237.5,237.5,0.0,4163.745609,0.0
2019-01-30,9,0,206,32.44,32.44,0.0,654.225671,0.0
2019-01-30,9,0,210,0.38,0.38,0.0,5.250893,0.0
2019-01-30,9,0,214,1.73,1.73,0.0,24.568783,0.0
2019-01-30,9,0,217,1.41,1.41,0.0,19.696083,0.0
2019-01-30,9,0,218,1.94,1.94,0.0,27.099576,0.0
2019-01-30,9,0,219,1.32,1.32,0.0,18.438886,0.0
2019-01-30,9,0,221,0.92,0.92,0.0,13.06548,0.0
2019-01-30,9,0,225,1.16,1.16,0.0,16.115178,0.0
2019-01-30,9,0,233,1.21,1.21,0.0,17.7548,0.0
2019-01-30,9,0,236,42.61,42.61,0.0,677.894219,0.0
2019-01-30,9,0,237,47.8,47.8,0.0,784.823147,0.0
2019-01-30,9,0,238,8.14,8.14,0.0,127.34473,0.0
2019-01-30,9,0,240,0.84,0.84,0.0,13.994643,0.0
2019-01-30,9,0,245,52.23,52.23,0.0,801.897159,0.0
2019-01-30,9,0,247,47.6,47.6,0.0,730.811886,0.0
2019-01-30,9,0,248,4.8,4.8,0.0,78.810693,0.0
2019-01-30,9,0,249,100.43,100.43,0.0,1541.92096,0.0
2019-01-30,9,0,251,27.16,27.16,0.0,422.507247,0.0
2019-01-30,9,0,252,28.64,28.64,0.0,444.019597,0.0
2019-01-30,9,0,254,1.64,1.64,0.0,26.606673,0.0
2019-01-30,9,0,255,0.75,0.75,0.0,12.167686,0.0
2019-01-30,9,0,258,1.03,1.03,0.0,17.119541,0.0
2019-01-30,9,0,260,0.57,0.57,0.0,8.919213,0.0
2019-01-30,9,0,265,8.09,8.09,0.0,150.164755,0.0
2019-01-30,9,0,266,18.99,18.99,0.0,352.488097,0.0
2019-01-30,9,0,267,23.34,23.34,0.0,433.231816,0.0
2019-01-30,9,0,270,52.59,52.59,0.0,1283.207412,0.0
2019-01-30,9,0,272,27.38,27.38,0.0,644.650206,0.0
2019-01-30,9,0,273,2.59,2.59,0.0,63.196562,0.0
2019-01-30,9,0,274,67.8,67.8,0.0,1654.334713,0.0
2019-01-30,9,0,275,94.38,94.38,0.0,2302.892481,0.0
2019-01-30,9,0,276,0.59,0.59,0.0,14.293738,0.0
2019-01-30,9,0,277,0.77,0.77,0.0,17.95069,0.0
2019-01-30,9,0,278,1.24,1.24,0.0,28.907605,0.0
2019-01-30,9,0,279,15.02,15.02,0.0,350.155023,0.0
2019-01-30,9,0,281,3.03,3.03,0.0,61.012611,0.0
2019-01-30,9,0,282,18.77,18.77,0.0,377.956009,0.0
2019-01-30,10,0,9,1.16,1.16,0.0,17.253527,0.0
2019-01-30,10,0,17,11.55,11.55,0.0,170.856492,0.0
2019-01-30,10,0,19,349.46,349.46,0.0,5169.481349,0.0
2019-01-30,10,0,20,433.01,433.01,0.0,6405.417269,0.0
2019-01-30,10,0,21,26.49,26.49,0.0,394.005123,0.0
2019-01-30,10,0,22,94.13,94.13,0.0,1400.06426,0.0
2019-01-30,10,0,23,10.07,10.07,0.0,149.778467,0.0
2019-01-30,10,0,24,17.81,17.81,0.0,264.901142,0.0
2019-01-30,10,0,29,2.89,2.89,0.0,33.120516,0.0
2019-01-30,10,0,30,216.05,216.05,0.0,2907.154219,0.0
2019-01-30,10,0,31,14.31,14.31,0.0,192.554394,0.0
2019-01-30,10,0,32,2.26,2.26,0.0,57.524342,0.0
2019-01-30,10,0,33,0.89,0.89,0.0,13.344311,0.0
2019-01-30,10,0,34,1.42,1.42,0.0,21.290923,0.0
2019-01-30,10,0,35,1.42,1.42,0.0,21.290923,0.0
2019-01-30,10,0,36,4.69,4.69,0.0,67.235438,0.0
2019-01-30,10,0,37,2.17,2.17,0.0,31.048824,0.0
2019-01-30,10,0,38,2.79,2.79,0.0,39.919917,0.0
2019-01-30,10,0,39,1.86,1.86,0.0,26.613278,0.0
2019-01-30,10,0,40,1.86,1.86,0.0,26.613278,0.0
2019-01-30,10,0,41,28.35,28.35,0.0,408.835566,0.0
2019-01-30,10,0,42,13.56,13.56,0.0,199.999629,0.0
2019-01-30,10,0,43,14.52,14.52,0.0,206.536778,0.0
2019-01-30,10,0,46,12.44,12.44,0.0,177.679383,0.0
2019-01-30,10,0,52,15.18,15.18,0.0,204.261056,0.0
2019-01-30,10,0,53,24.2,24.2,0.0,325.633567,0.0
2019-01-30,10,0,55,27.45,27.45,0.0,408.283904,0.0
2019-01-30,10,0,56,63.73,63.73,0.0,857.546579,0.0
2019-01-30,10,0,57,60.62,60.62,0.0,815.698629,0.0
2019-01-30,10,0,58,116.57,116.57,0.0,1568.558053,0.0
2019-01-30,10,0,59,114.63,114.63,0.0,1542.453544,0.0
2019-01-30,10,0,63,4.16,4.16,0.0,105.106717,0.0
2019-01-30,10,0,64,4.89,4.89,0.0,123.550925,0.0
2019-01-30,10,0,65,4.67,4.67,0.0,69.044468,0.0
2019-01-30,10,0,67,122.92,122.92,0.0,2113.643474,0.0
2019-01-30,10,0,68,1.47,1.47,0.0,22.940592,0.0
2019-01-30,10,0,69,0.89,0.89,0.0,13.344311,0.0
2019-01-30,10,0,74,48.18,48.18,0.0,702.359918,0.0
2019-01-30,10,0,77,7.77,7.77,0.0,110.984933,0.0
2019-01-30,10,0,78,5.87,5.87,0.0,83.84576,0.0
2019-01-30,10,0,79,3.4,3.4,0.0,48.564836,0.0
2019-01-30,10,0,80,5.5,5.5,0.0,78.560763,0.0
2019-01-30,10,0,81,7.19,7.19,0.0,102.700344,0.0
2019-01-30,10,0,82,5.07,5.07,0.0,72.41874,0.0
2019-01-30,10,0,83,11.3,11.3,0.0,161.40666,0.0
2019-01-30,10,0,84,0.0,0.0,0.0,0.0,0.0
2019-01-30,10,0,86,4.49,4.49,0.0,67.3213,0.0
2019-01-30,10,0,87,22.91,22.91,0.0,343.503557,0.0
2019-01-30,10,0,88,17.05,17.05,0.0,243.538367,0.0
2019-01-30,10,0,89,16.32,16.32,0.0,233.111211,0.0
2019-01-30,10,0,90,22.66,22.66,0.0,323.670346,0.0
2019-01-30,10,0,91,83.94,83.94,0.0,1198.980089,0.0
2019-01-30,10,0,92,29.74,29.74,0.0,424.799474,0.0
2019-01-30,10,0,95,0.0,0.0,0.0,0.0,0.0
2019-01-30,10,0,96,1.84,1.84,0.0,26.314664,0.0
2019-01-30,10,0,97,11.32,11.32,0.0,161.892388,0.0
2019-01-30,10,0,99,9.9,9.9,0.0,144.320531,0.0
2019-01-30,10,0,101,4.35,4.35,0.0,58.533306,0.0
2019-01-30,10,0,102,3.49,3.49,0.0,54.464398,0.0
2019-01-30,10,0,103,3.03,3.03,0.0,47.28571,0.0
2019-01-30,10,0,104,0.56,0.56,0.0,8.739273,0.0
2019-01-30,10,0,106,92.66,92.66,0.0,1378.199876,0.0
2019-01-30,10,0,109,51.91,51.91,0.0,745.778455,0.0
2019-01-30,10,0,110,14.11,14.11,0.0,311.303635,0.0
2019-01-30,10,0,111,7.25,7.25,0.0,104.552305,0.0
2019-01-30,10,0,113,16.11,16.11,0.0,224.83436,0.0
2019-01-30,10,0,115,16.11,16.11,0.0,224.83436,0.0
2019-01-30,10,0,116,47.51,47.51,0.0,1048.195301,0.0
2019-01-30,10,0,117,1.07,1.07,0.0,14.933133,0.0
2019-01-30,10,0,119,4.89,4.89,0.0,123.550925,0.0
2019-01-30,10,0,120,2.88,2.88,0.0,72.766189,0.0
2019-01-30,10,0,123,1.54,1.54,0.0,22.905545,0.0
2019-01-30,10,0,125,16.12,16.12,0.0,239.764537,0.0
2019-01-30,10,0,126,69.5,69.5,0.0,1033.724275,0.0
2019-01-30,10,0,127,89.19,89.19,0.0,1326.588031,0.0
2019-01-30,10,0,128,23.09,23.09,0.0,343.434439,0.0
2019-01-30,10,0,131,2.59,2.59,0.0,39.319713,0.0
2019-01-30,10,0,132,4.18,4.18,0.0,63.458069,0.0
2019-01-30,10,0,133,41.94,41.94,0.0,620.440722,0.0
2019-01-30,10,0,134,0.0,0.0,0.0,0.0,0.0
2019-01-30,10,0,135,56.2,56.2,0.0,831.396485,0.0
2019-01-30,10,0,136,6.62,6.62,0.0,97.871661,0.0
2019-01-30,10,0,139,36.61,36.61,0.0,527.953089,0.0
2019-01-30,10,0,140,10.44,10.44,0.0,230.333802,0.0
2019-01-30,10,0,141,16.51,16.51,0.0,283.894027,0.0
2019-01-30,10,0,142,162.1,162.1,0.0,2787.354435,0.0
2019-01-30,10,0,143,20.9,20.9,0.0,281.228989,0.0
2019-01-30,10,0,145,4.11,4.11,0.0,59.040647,0.0
2019-01-30,10,0,146,34.16,34.16,0.0,753.659261,0.0
2019-01-30,10,0,152,2.9,2.9,0.0,42.196497,0.0
2019-01-30,10,0,153,3.81,3.81,0.0,55.394797,0.0
2019-01-30,10,0,154,29.92,29.92,0.0,431.476548,0.0
2019-01-30,10,0,157,14.37,14.37,0.0,247.096133,0.0
2019-01-30,10,0,158,115.98,115.98,0.0,1994.30825,0.0
2019-01-30,10,0,159,0.0,0.0,0.0,0.0,0.0
2019-01-30,10,0,160,1.09,1.09,0.0,15.290663,0.0
2019-01-30,10,0,161,22.67,22.67,0.0,353.784501,0.0
2019-01-30,10,0,162,0.0,0.0,0.0,0.0,0.0
2019-01-30,10,0,163,8.52,8.52,0.0,187.973563,0.0
2019-01-30,10,0,164,6.71,6.71,0.0,90.289307,0.0
2019-01-30,10,0,167,2.67,2.67,0.0,67.875129,0.0
2019-01-30,10,0,168,1.33,1.33,0.0,33.810457,0.0
2019-01-30,10,0,169,0.0,0.0,0.0,0.0,0.0
2019-01-30,10,0,170,2.92,2.92,0.0,74.230478,0.0
2019-01-30,10,0,172,3.38,3.38,0.0,85.329949,0.0
2019-01-30,10,0,173,5.14,5.14,0.0,129.762112,0.0
2019-01-30,10,0,188,4.58,4.58,0.0,115.483751,0.0
2019-01-30,10,0,190,4.1,4.1,0.0,103.590755,0.0
2019-01-30,10,0,191,10.59,10.59,0.0,267.56734,0.0
2019-01-30,10,0,192,0.0,0.0,0.0,0.0,0.0
2019-01-30,10,0,194,10.29,10.29,0.0,128.290159,0.0
2019-01-30,10,0,196,2.48,2.48,0.0,59.515751,0.0
2019-01-30,10,0,198,4.76,4.76,0.0,64.265702,0.0
2019-01-30,10,0,199,0.0,0.0,0.0,0.0,0.0
2019-01-30,10,0,200,8.13,8.13,0.0,98.612073,0.0
2019-01-30,10,0,204,82.21,82.21,0.0,1179.881191,0.0
2019-01-30,10,0,205,306.56,306.56,0.0,4404.273612,0.0
2019-01-30,10,0,206,33.25,33.25,0.0,475.523136,0.0
2019-01-30,10,0,210,0.79,0.79,0.0,9.157579,0.0
2019-01-30,10,0,214,4.68,4.68,0.0,70.72978,0.0
2019-01-30,10,0,217,3.46,3.46,0.0,46.967454,0.0
2019-01-30,10,0,218,4.78,4.78,0.0,64.885673,0.0
2019-01-30,10,0,219,3.26,3.26,0.0,44.252572,0.0
2019-01-30,10,0,221,2.5,2.5,0.0,37.783002,0.0
2019-01-30,10,0,225,2.73,2.73,0.0,31.252189,0.0
2019-01-30,10,0,233,2.54,2.54,0.0,38.083764,0.0
2019-01-30,10,0,236,61.78,61.78,0.0,906.863575,0.0
2019-01-30,10,0,237,112.59,112.59,0.0,1641.31804,0.0
2019-01-30,10,0,238,17.65,17.65,0.0,260.324001,0.0
2019-01-30,10,0,240,5.31,5.31,0.0,76.123705,0.0
2019-01-30,10,0,245,67.02,67.02,0.0,993.404514,0.0
2019-01-30,10,0,247,65.07,65.07,0.0,964.500623,0.0
2019-01-30,10,0,248,12.29,12.29,0.0,179.161548,0.0
2019-01-30,10,0,249,128.88,128.88,0.0,1910.324885,0.0
2019-01-30,10,0,251,27.32,27.32,0.0,403.554788,0.0
2019-01-30,10,0,252,30.14,30.14,0.0,445.610338,0.0
2019-01-30,10,0,254,7.15,7.15,0.0,101.35176,0.0
2019-01-30,10,0,255,3.28,3.28,0.0,46.494234,0.0
2019-01-30,10,0,258,6.59,6.59,0.0,94.354876,0.0
2019-01-30,10,0,260,2.64,2.64,0.0,37.034266,0.0
2019-01-30,10,0,265,30.98,30.98,0.0,446.762816,0.0
2019-01-30,10,0,266,23.71,23.71,0.0,341.922091,0.0
2019-01-30,10,0,267,29.13,29.13,0.0,420.083952,0.0
2019-01-30,10,0,270,26.59,26.59,0.0,586.645192,0.0
2019-01-30,10,0,272,53.85,53.85,0.0,751.541297,0.0
2019-01-30,10,0,273,11.36,11.36,0.0,250.631417,0.0
2019-01-30,10,0,274,34.27,34.27,0.0,756.086149,0.0
2019-01-30,10,0,275,47.7,47.7,0.0,1052.3872,0.0
2019-01-30,10,0,276,2.36,2.36,0.0,49.503003,0.0
2019-01-30,10,0,277,3.1,3.1,0.0,43.671341,0.0
2019-01-30,10,0,278,4.97,4.97,0.0,70.015021,0.0
2019-01-30,10,0,279,15.3,15.3,0.0,215.539199,0.0
2019-01-30,10,0,281,6.38,6.38,0.0,85.848849,0.0
2019-01-30,10,0,282,118.51,118.51,0.0,1594.662562,0.0
2019-01-30,11,0,9,1.92,1.92,0.0,28.733983,0.0
2019-01-30,11,0,17,17.43,17.43,0.0,277.487735,0.0
2019-01-30,11,0,19,192.99,192.99,0.0,3072.424435,0.0
2019-01-30,11,0,20,234.06,234.06,0.0,3726.263865,0.0
2019-01-30,11,0,21,44.02,44.02,0.0,658.78642,0.0
2019-01-30,11,0,22,156.43,156.43,0.0,2341.071324,0.0
2019-01-30,11,0,23,8.08,8.08,0.0,120.922178,0.0
2019-01-30,11,0,24,14.28,14.28,0.0,213.708998,0.0
2019-01-30,11,0,29,4.23,4.23,0.0,63.059009,0.0
2019-01-30,11,0,30,363.55,363.55,0.0,5438.892379,0.0
2019-01-30,11,0,31,9.48,9.48,0.0,141.825608,0.0
2019-01-30,11,0,32,3.44,3.44,0.0,104.862518,0.0
2019-01-30,11,0,33,1.33,1.33,0.0,21.462729,0.0
2019-01-30,11,0,34,2.12,2.12,0.0,34.211267,0.0
2019-01-30,11,0,35,2.12,2.12,0.0,34.211267,0.0
2019-01-30,11,0,36,7.14,7.14,0.0,110.896049,0.0
2019-01-30,11,0,37,3.3,3.3,0.0,51.212066,0.0
2019-01-30,11,0,38,4.24,4.24,0.0,65.799746,0.0
2019-01-30,11,0,39,2.83,2.83,0.0,43.918226,0.0
2019-01-30,11,0,40,2.83,2.83,0.0,43.918226,0.0
2019-01-30,11,0,41,31.45,31.45,0.0,479.401338,0.0
2019-01-30,11,0,42,20.76,20.76,0.0,329.524029,0.0
2019-01-30,11,0,43,22.03,22.03,0.0,342.052733,0.0
2019-01-30,11,0,46,19.09,19.09,0.0,295.057964,0.0
2019-01-30,11,0,52,10.07,10.07,0.0,150.652307,0.0
2019-01-30,11,0,53,16.41,16.41,0.0,245.501923,0.0
2019-01-30,11,0,55,49.15,49.15,0.0,735.56003,0.0
2019-01-30,11,0,56,107.23,107.23,0.0,1604.215183,0.0
2019-01-30,11,0,57,102.0,102.0,0.0,1525.971731,0.0
2019-01-30,11,0,58,196.16,196.16,0.0,2934.653085,0.0
2019-01-30,11,0,59,192.89,192.89,0.0,2885.732227,0.0
2019-01-30,11,0,63,8.62,8.62,0.0,261.665163,0.0
2019-01-30,11,0,64,10.14,10.14,0.0,307.805656,0.0
2019-01-30,11,0,65,7.8,7.8,0.0,124.108716,0.0
2019-01-30,11,0,67,207.21,207.21,0.0,3869.327994,0.0
2019-01-30,11,0,68,3.44,3.44,0.0,56.297721,0.0
2019-01-30,11,0,69,1.33,1.33,0.0,21.462729,0.0
2019-01-30,11,0,74,72.27,72.27,0.0,1132.591729,0.0
2019-01-30,11,0,77,13.44,13.44,0.0,194.571017,0.0
2019-01-30,11,0,78,10.16,10.16,0.0,147.086424,0.0
2019-01-30,11,0,79,5.88,5.88,0.0,85.12482,0.0
2019-01-30,11,0,80,9.51,9.51,0.0,137.676367,0.0
2019-01-30,11,0,81,12.43,12.43,0.0,179.949237,0.0
2019-01-30,11,0,82,8.77,8.77,0.0,126.96338,0.0
2019-01-30,11,0,83,19.55,19.55,0.0,283.02555,0.0
2019-01-30,11,0,84,0.0,0.0,0.0,0.0,0.0
2019-01-30,11,0,86,6.72,6.72,0.0,108.443261,0.0
2019-01-30,11,0,87,34.33,34.33,0.0,553.996602,0.0
2019-01-30,11,0,88,14.04,14.04,0.0,203.257223,0.0
2019-01-30,11,0,89,13.5,13.5,0.0,195.439638,0.0
2019-01-30,11,0,90,18.12,18.12,0.0,262.323425,0.0
2019-01-30,11,0,91,64.65,64.65,0.0,935.93871,0.0
2019-01-30,11,0,92,23.25,23.25,0.0,336.590487,0.0
2019-01-30,11,0,95,2.12,2.12,0.0,64.47703,0.0
2019-01-30,11,0,96,5.04,5.04,0.0,75.374046,0.0
2019-01-30,11,0,97,37.01,37.01,0.0,553.490762,0.0
2019-01-30,11,0,99,15.51,15.51,0.0,243.067631,0.0
2019-01-30,11,0,101,7.32,7.32,0.0,109.510912,0.0
2019-01-30,11,0,102,8.15,8.15,0.0,133.379775,0.0
2019-01-30,11,0,103,7.08,7.08,0.0,115.868565,0.0
2019-01-30,11,0,104,1.32,1.32,0.0,21.602614,0.0
2019-01-30,11,0,106,153.99,153.99,0.0,2304.555221,0.0
2019-01-30,11,0,109,33.48,33.48,0.0,515.536528,0.0
2019-01-30,11,0,110,45.05,45.05,0.0,1159.62382,0.0
2019-01-30,11,0,111,11.45,11.45,0.0,174.535622,0.0
2019-01-30,11,0,113,16.51,16.51,0.0,229.480135,0.0
2019-01-30,11,0,115,16.51,16.51,0.0,229.480135,0.0
2019-01-30,11,0,116,77.0,77.0,0.0,1982.042933,0.0
2019-01-30,11,0,117,1.11,1.11,0.0,15.428404,0.0
2019-01-30,11,0,119,10.14,10.14,0.0,307.805656,0.0
2019-01-30,11,0,120,5.96,5.96,0.0,180.919301,0.0
2019-01-30,11,0,123,2.57,2.57,0.0,38.461633,0.0
2019-01-30,11,0,125,12.93,12.93,0.0,193.505416,0.0
2019-01-30,11,0,126,115.49,115.49,0.0,1728.379001,0.0
2019-01-30,11,0,127,148.22,148.22,0.0,2218.203616,0.0
2019-01-30,11,0,128,18.51,18.51,0.0,277.013554,0.0
2019-01-30,11,0,131,4.05,4.05,0.0,63.784512,0.0
2019-01-30,11,0,132,5.95,5.95,0.0,93.70811,0.0
2019-01-30,11,0,133,41.94,41.94,0.0,667.724506,0.0
2019-01-30,11,0,134,0.0,0.0,0.0,0.0,0.0
2019-01-30,11,0,135,56.2,56.2,0.0,894.757206,0.0
2019-01-30,11,0,136,11.28,11.28,0.0,179.474879,0.0
2019-01-30,11,0,139,40.62,40.62,0.0,619.182268,0.0
2019-01-30,11,0,140,33.34,33.34,0.0,858.198849,0.0
2019-01-30,11,0,141,20.56,20.56,0.0,383.926372,0.0
2019-01-30,11,0,142,273.26,273.26,0.0,5102.710138,0.0
2019-01-30,11,0,143,8.7,8.7,0.0,130.156412,0.0
2019-01-30,11,0,145,16.52,16.52,0.0,249.835945,0.0
2019-01-30,11,0,146,70.42,70.42,0.0,1812.668355,0.0
2019-01-30,11,0,152,4.42,4.42,0.0,69.251821,0.0
2019-01-30,11,0,153,5.8,5.8,0.0,90.806868,0.0
2019-01-30,11,0,154,47.23,47.23,0.0,719.940387,0.0
2019-01-30,11,0,157,24.9,24.9,0.0,464.969196,0.0
2019-01-30,11,0,158,208.82,208.82,0.0,3899.392267,0.0
2019-01-30,11,0,159,0.0,0.0,0.0,0.0,0.0
2019-01-30,11,0,160,1.64,1.64,0.0,25.542897,0.0
2019-01-30,11,0,161,37.33,37.33,0.0,610.928466,0.0
2019-01-30,11,0,162,5.16,5.16,0.0,156.95431,0.0
2019-01-30,11,0,163,24.87,24.87,0.0,640.174127,0.0
2019-01-30,11,0,164,11.53,11.53,0.0,172.494648,0.0
2019-01-30,11,0,167,4.04,4.04,0.0,122.905551,0.0
2019-01-30,11,0,168,2.02,2.02,0.0,61.452776,0.0
2019-01-30,11,0,169,0.0,0.0,0.0,0.0,0.0
2019-01-30,11,0,170,4.41,4.41,0.0,134.161753,0.0
2019-01-30,11,0,172,5.1,5.1,0.0,152.111319,0.0
2019-01-30,11,0,173,7.76,7.76,0.0,231.447811,0.0
2019-01-30,11,0,188,6.96,6.96,0.0,209.247537,0.0
2019-01-30,11,0,190,6.54,6.54,0.0,198.525541,0.0
2019-01-30,11,0,191,16.9,16.9,0.0,513.009427,0.0
2019-01-30,11,0,192,19.12,19.12,0.0,580.39883,0.0
2019-01-30,11,0,194,16.71,16.71,0.0,194.550228,0.0
2019-01-30,11,0,196,3.95,3.95,0.0,112.827254,0.0
2019-01-30,11,0,198,7.11,7.11,0.0,110.785645,0.0
2019-01-30,11,0,199,1.8,1.8,0.0,26.020782,0.0
2019-01-30,11,0,200,12.27,12.27,0.0,177.374998,0.0
2019-01-30,11,0,204,107.27,107.27,0.0,1649.058605,0.0
2019-01-30,11,0,205,218.93,218.93,0.0,3371.159262,0.0
2019-01-30,11,0,206,141.48,141.48,0.0,2115.857146,0.0
2019-01-30,11,0,210,1.16,1.16,0.0,17.38494,0.0
2019-01-30,11,0,214,6.91,6.91,0.0,112.39938,0.0
2019-01-30,11,0,217,5.13,5.13,0.0,80.584779,0.0
2019-01-30,11,0,218,7.07,7.07,0.0,111.059334,0.0
2019-01-30,11,0,219,4.82,4.82,0.0,75.715133,0.0
2019-01-30,11,0,221,3.68,3.68,0.0,59.859583,0.0
2019-01-30,11,0,225,4.03,4.03,0.0,60.046574,0.0
2019-01-30,11,0,233,3.8,3.8,0.0,61.322082,0.0
2019-01-30,11,0,236,74.02,74.02,0.0,1169.472483,0.0
2019-01-30,11,0,237,161.12,161.12,0.0,2525.019778,0.0
2019-01-30,11,0,238,27.03,27.03,0.0,429.047905,0.0
2019-01-30,11,0,240,8.09,8.09,0.0,125.651125,0.0
2019-01-30,11,0,245,78.0,78.0,0.0,1244.278917,0.0
2019-01-30,11,0,247,101.11,101.11,0.0,1612.936427,0.0
2019-01-30,11,0,248,19.18,19.18,0.0,300.582667,0.0
2019-01-30,11,0,249,150.0,150.0,0.0,2392.844072,0.0
2019-01-30,11,0,251,35.68,35.68,0.0,567.205317,0.0
2019-01-30,11,0,252,50.33,50.33,0.0,800.819444,0.0
2019-01-30,11,0,254,10.73,10.73,0.0,166.731201,0.0
2019-01-30,11,0,255,4.92,4.92,0.0,76.45084,0.0
2019-01-30,11,0,258,10.03,10.03,0.0,155.774476,0.0
2019-01-30,11,0,260,3.99,3.99,0.0,62.144,0.0
2019-01-30,11,0,265,48.9,48.9,0.0,745.396674,0.0
2019-01-30,11,0,266,26.3,26.3,0.0,400.898416,0.0
2019-01-30,11,0,267,32.32,32.32,0.0,492.662996,0.0
2019-01-30,11,0,270,84.12,84.12,0.0,2165.317553,0.0
2019-01-30,11,0,272,55.13,55.13,0.0,766.277398,0.0
2019-01-30,11,0,273,18.41,18.41,0.0,473.888447,0.0
2019-01-30,11,0,274,109.85,109.85,0.0,2827.628782,0.0
2019-01-30,11,0,275,154.99,154.99,0.0,3989.569276,0.0
2019-01-30,11,0,276,3.81,3.81,0.0,92.060367,0.0
2019-01-30,11,0,277,4.98,4.98,0.0,70.372435,0.0
2019-01-30,11,0,278,7.97,7.97,0.0,112.624158,0.0
2019-01-30,11,0,279,32.81,32.81,0.0,463.638472,0.0
2019-01-30,11,0,281,4.13,4.13,0.0,61.786895,0.0
2019-01-30,11,0,282,199.43,199.43,0.0,2983.573944,0.0
2019-01-30,12,0,9,2.73,2.73,0.0,27.386749,0.0
2019-01-30,12,0,17,22.9,22.9,0.0,357.552527,0.0
2019-01-30,12,0,19,192.99,192.99,0.0,3013.277822,0.0
2019-01-30,12,0,20,234.06,234.06,0.0,3654.530323,0.0
2019-01-30,12,0,21,62.41,62.41,0.0,626.083143,0.0
2019-01-30,12,0,22,221.81,221.81,0.0,2225.148244,0.0
2019-01-30,12,0,23,9.73,9.73,0.0,97.609181,0.0
2019-01-30,12,0,24,16.28,16.28,0.0,163.317314,0.0
2019-01-30,12,0,29,5.47,5.47,0.0,77.093474,0.0
2019-01-30,12,0,30,521.84,521.84,0.0,5217.792371,0.0
2019-01-30,12,0,31,7.71,7.71,0.0,77.091023,0.0
2019-01-30,12,0,32,4.61,4.61,0.0,125.514901,0.0
2019-01-30,12,0,33,1.74,1.74,0.0,29.10035,0.0
2019-01-30,12,0,34,2.78,2.78,0.0,46.493663,0.0
2019-01-30,12,0,35,2.78,2.78,0.0,46.493663,0.0
2019-01-30,12,0,36,9.7,9.7,0.0,133.62369,0.0
2019-01-30,12,0,37,4.55,4.55,0.0,62.488814,0.0
2019-01-30,12,0,38,5.85,5.85,0.0,80.342761,0.0
2019-01-30,12,0,39,3.9,3.9,0.0,53.56184,0.0
2019-01-30,12,0,40,3.9,3.9,0.0,53.56184,0.0
2019-01-30,12,0,41,34.8,34.8,0.0,409.861486,0.0
2019-01-30,12,0,42,29.25,29.25,0.0,449.656986,0.0
2019-01-30,12,0,43,29.42,29.42,0.0,409.32505,0.0
2019-01-30,12,0,46,25.48,25.48,0.0,340.479763,0.0
2019-01-30,12,0,52,8.17,8.17,0.0,81.690487,0.0
2019-01-30,12,0,53,12.98,12.98,0.0,129.784886,0.0
2019-01-30,12,0,55,65.76,65.76,0.0,659.689593,0.0
2019-01-30,12,0,56,153.92,153.92,0.0,1539.020776,0.0
2019-01-30,12,0,57,146.42,146.42,0.0,1464.029509,0.0
2019-01-30,12,0,58,281.57,281.57,0.0,2815.372141,0.0
2019-01-30,12,0,59,276.88,276.88,0.0,2768.477602,0.0
2019-01-30,12,0,63,15.44,15.44,0.0,497.733782,0.0
2019-01-30,12,0,64,18.16,18.16,0.0,585.417453,0.0
2019-01-30,12,0,65,13.93,13.93,0.0,216.875105,0.0
2019-01-30,12,0,67,292.0,292.0,0.0,-3186.698838,0.0
2019-01-30,12,0,68,6.69,6.69,0.0,-8.857428,0.0
2019-01-30,12,0,69,1.74,1.74,0.0,29.10035,0.0
2019-01-30,12,0,74,124.26,124.26,0.0,1779.61958,0.0
2019-01-30,12,0,77,21.77,21.77,0.0,149.597507,0.0
2019-01-30,12,0,78,16.46,16.46,0.0,113.108634,0.0
2019-01-30,12,0,79,9.52,9.52,0.0,65.418846,0.0
2019-01-30,12,0,80,15.4,15.4,0.0,105.824603,0.0
2019-01-30,12,0,81,20.13,20.13,0.0,138.327874,0.0
2019-01-30,12,0,82,14.2,14.2,0.0,97.57853,0.0
2019-01-30,12,0,83,31.67,31.67,0.0,217.627609,0.0
2019-01-30,12,0,84,0.0,0.0,0.0,0.0,0.0
2019-01-30,12,0,86,8.82,8.82,0.0,147.508672,0.0
2019-01-30,12,0,87,45.02,45.02,0.0,752.929753,0.0
2019-01-30,12,0,88,21.88,21.88,0.0,150.353397,0.0
2019-01-30,12,0,89,21.03,21.03,0.0,144.512429,0.0
2019-01-30,12,0,90,28.24,28.24,0.0,194.057584,0.0
2019-01-30,12,0,91,100.74,100.74,0.0,692.257826,0.0
2019-01-30,12,0,92,36.23,36.23,0.0,248.962686,0.0
2019-01-30,12,0,95,9.14,9.14,0.0,250.707793,0.0
2019-01-30,12,0,96,11.17,11.17,0.0,111.302455,0.0
2019-01-30,12,0,97,68.68,68.68,0.0,684.355652,0.0
2019-01-30,12,0,99,23.98,23.98,0.0,343.435358,0.0
2019-01-30,12,0,101,10.51,10.51,0.0,105.087762,0.0
2019-01-30,12,0,102,15.83,15.83,0.0,-20.958607,0.0
2019-01-30,12,0,103,13.77,13.77,0.0,-18.231208,0.0
2019-01-30,12,0,104,2.56,2.56,0.0,-3.389389,0.0
2019-01-30,12,0,106,218.36,218.36,0.0,2190.538617,0.0
2019-01-30,12,0,109,32.06,32.06,0.0,412.188896,0.0
2019-01-30,12,0,110,127.12,127.12,0.0,-5120.273915,0.0
2019-01-30,12,0,111,15.55,15.55,0.0,183.142129,0.0
2019-01-30,12,0,113,14.68,14.68,0.0,119.312275,0.0
2019-01-30,12,0,115,14.68,14.68,0.0,119.312275,0.0
2019-01-30,12,0,116,106.55,106.55,0.0,-4291.733682,0.0
2019-01-30,12,0,117,0.98,0.98,0.0,7.964988,0.0
2019-01-30,12,0,119,18.16,18.16,0.0,585.417453,0.0
2019-01-30,12,0,120,10.68,10.68,0.0,344.287357,0.0
2019-01-30,12,0,123,3.64,3.64,0.0,36.515665,0.0
2019-01-30,12,0,125,14.9,14.9,0.0,149.473463,0.0
2019-01-30,12,0,126,163.77,163.77,0.0,1642.903963,0.0
2019-01-30,12,0,127,210.17,210.17,0.0,2108.378371,0.0
2019-01-30,12,0,128,20.43,20.43,0.0,204.949185,0.0
2019-01-30,12,0,131,7.42,7.42,0.0,9.178879,0.0
2019-01-30,12,0,132,10.91,10.91,0.0,13.496168,0.0
2019-01-30,12,0,133,41.94,41.94,0.0,655.013096,0.0
2019-01-30,12,0,134,0.0,0.0,0.0,0.0,0.0
2019-01-30,12,0,135,56.2,56.2,0.0,877.723795,0.0
2019-01-30,12,0,136,18.88,18.88,0.0,293.894922,0.0
2019-01-30,12,0,139,44.94,44.94,0.0,529.286643,0.0
2019-01-30,12,0,140,94.08,94.08,0.0,-3789.453823,0.0
2019-01-30,12,0,141,27.78,27.78,0.0,-303.172924,0.0
2019-01-30,12,0,142,385.08,385.08,0.0,-4202.513659,0.0
2019-01-30,12,0,143,0.0,0.0,0.0,0.0,0.0
2019-01-30,12,0,145,19.49,19.49,0.0,215.563864,0.0
2019-01-30,12,0,146,127.09,127.09,0.0,-5119.065544,0.0
2019-01-30,12,0,152,6.17,6.17,0.0,88.461202,0.0
2019-01-30,12,0,153,8.11,8.11,0.0,115.806881,0.0
2019-01-30,12,0,154,64.15,64.15,0.0,755.534894,0.0
2019-01-30,12,0,157,40.15,40.15,0.0,-438.17109,0.0
2019-01-30,12,0,158,292.16,292.16,0.0,-3188.444974,0.0
2019-01-30,12,0,159,0.0,0.0,0.0,0.0,0.0
2019-01-30,12,0,160,2.21,2.21,0.0,32.106163,0.0
2019-01-30,12,0,161,52.35,52.35,0.0,-69.310364,0.0
2019-01-30,12,0,162,17.33,17.33,0.0,476.280044,0.0
2019-01-30,12,0,163,48.52,48.52,0.0,-1954.339918,0.0
2019-01-30,12,0,164,16.53,16.53,0.0,165.280753,0.0
2019-01-30,12,0,167,5.37,5.37,0.0,146.537624,0.0
2019-01-30,12,0,168,2.69,2.69,0.0,73.405253,0.0
2019-01-30,12,0,169,0.0,0.0,0.0,0.0,0.0
2019-01-30,12,0,170,5.88,5.88,0.0,160.454605,0.0
2019-01-30,12,0,172,6.72,6.72,0.0,174.122962,0.0
2019-01-30,12,0,173,10.24,10.24,0.0,265.330228,0.0
2019-01-30,12,0,188,9.47,9.47,0.0,249.613304,0.0
2019-01-30,12,0,190,8.97,8.97,0.0,289.162696,0.0
2019-01-30,12,0,191,23.16,23.16,0.0,746.600673,0.0
2019-01-30,12,0,192,52.76,52.76,0.0,1700.805332,0.0
2019-01-30,12,0,194,25.41,25.41,0.0,417.668002,0.0
2019-01-30,12,0,196,5.38,5.38,0.0,227.469624,0.0
2019-01-30,12,0,198,9.35,9.35,0.0,143.768371,0.0
2019-01-30,12,0,199,10.25,10.25,0.0,177.259897,0.0
2019-01-30,12,0,200,16.6,16.6,0.0,287.074564,0.0
2019-01-30,12,0,204,142.31,142.31,0.0,1809.230057,0.0
2019-01-30,12,0,205,169.6,169.6,0.0,2180.512687,0.0
2019-01-30,12,0,206,201.81,201.81,0.0,2010.917502,0.0
2019-01-30,12,0,210,1.49,1.49,0.0,21.473144,0.0
2019-01-30,12,0,214,9.12,9.12,0.0,158.523781,0.0
2019-01-30,12,0,217,6.65,6.65,0.0,107.015645,0.0
2019-01-30,12,0,218,9.18,9.18,0.0,147.729868,0.0
2019-01-30,12,0,219,6.25,6.25,0.0,100.578614,0.0
2019-01-30,12,0,221,4.86,4.86,0.0,84.476488,0.0
2019-01-30,12,0,225,5.1,5.1,0.0,71.7223,0.0
2019-01-30,12,0,233,4.99,4.99,0.0,83.454453,0.0
2019-01-30,12,0,236,90.53,90.53,0.0,1357.943228,0.0
2019-01-30,12,0,237,298.09,298.09,0.0,4269.16788,0.0
2019-01-30,12,0,238,38.08,38.08,0.0,585.399591,0.0
2019-01-30,12,0,240,10.99,10.99,0.0,151.394263,0.0
2019-01-30,12,0,245,78.0,78.0,0.0,1230.692602,0.0
2019-01-30,12,0,247,149.83,149.83,0.0,2364.034263,0.0
2019-01-30,12,0,248,29.92,29.92,0.0,428.506501,0.0
2019-01-30,12,0,249,150.0,150.0,0.0,2366.716542,0.0
2019-01-30,12,0,251,65.14,65.14,0.0,1009.376505,0.0
2019-01-30,12,0,252,89.86,89.86,0.0,1399.023473,0.0
2019-01-30,12,0,254,14.63,14.63,0.0,205.805488,0.0
2019-01-30,12,0,255,6.71,6.71,0.0,94.391991,0.0
2019-01-30,12,0,258,13.54,13.54,0.0,186.822867,0.0
2019-01-30,12,0,260,5.36,5.36,0.0,77.868341,0.0
2019-01-30,12,0,265,66.42,66.42,0.0,782.270111,0.0
2019-01-30,12,0,266,29.1,29.1,0.0,342.729001,0.0
2019-01-30,12,0,267,35.76,35.76,0.0,421.168009,0.0
2019-01-30,12,0,270,151.52,151.52,0.0,-6103.082943,0.0
2019-01-30,12,0,272,49.06,49.06,0.0,398.737071,0.0
2019-01-30,12,0,273,25.48,25.48,0.0,-1026.31041,0.0
2019-01-30,12,0,274,195.32,195.32,0.0,-7867.305704,0.0
2019-01-30,12,0,275,271.9,271.9,0.0,-10951.876004,0.0
2019-01-30,12,0,276,5.26,5.26,0.0,-177.379383,0.0
2019-01-30,12,0,277,6.86,6.86,0.0,52.301079,0.0
2019-01-30,12,0,278,10.97,10.97,0.0,83.635982,0.0
2019-01-30,12,0,279,60.88,60.88,0.0,464.153016,0.0
2019-01-30,12,0,281,3.46,3.46,0.0,34.595971,0.0
2019-01-30,12,0,282,286.26,286.26,0.0,2862.26668,0.0
2019-01-30,13,0,9,3.59,3.59,0.0,7.098888,0.0
2019-01-30,13,0,17,20.01,20.01,0.0,186.740482,0.0
2019-01-30,13,0,19,192.99,192.99,0.0,1801.051754,0.0
2019-01-30,13,0,20,234.06,234.06,0.0,2184.331693,0.0
2019-01-30,13,0,21,81.98,81.98,0.0,162.107758,0.0
2019-01-30,13,0,22,291.37,291.37,0.0,576.156836,0.0
2019-01-30,13,0,23,31.1,31.1,0.0,61.497332,0.0
2019-01-30,13,0,24,54.31,54.31,0.0,107.392929,0.0
2019-01-30,13,0,29,7.09,7.09,0.0,55.476288,0.0
2019-01-30,13,0,30,639.73,639.73,0.0,1237.01891,0.0
2019-01-30,13,0,31,9.89,9.89,0.0,19.123876,0.0
2019-01-30,13,0,32,5.6,5.6,0.0,131.085062,0.0
2019-01-30,13,0,33,1.38,1.38,0.0,14.873489,0.0
2019-01-30,13,0,34,2.21,2.21,0.0,23.819138,0.0
2019-01-30,13,0,35,2.21,2.21,0.0,23.819138,0.0
2019-01-30,13,0,36,8.13,8.13,0.0,56.578736,0.0
2019-01-30,13,0,37,3.54,3.54,0.0,24.45389,0.0
2019-01-30,13,0,38,4.55,4.55,0.0,31.430847,0.0
2019-01-30,13,0,39,3.03,3.03,0.0,20.930872,0.0
2019-01-30,13,0,40,3.03,3.03,0.0,20.930872,0.0
2019-01-30,13,0,41,34.8,34.8,0.0,149.345922,0.0
2019-01-30,13,0,42,29.54,29.54,0.0,266.421766,0.0
2019-01-30,13,0,43,26.34,26.34,0.0,188.572965,0.0
2019-01-30,13,0,46,28.91,28.91,0.0,185.551897,0.0
2019-01-30,13,0,52,10.48,10.48,0.0,20.264734,0.0
2019-01-30,13,0,53,16.65,16.65,0.0,32.195403,0.0
2019-01-30,13,0,55,89.2,89.2,0.0,176.384631,0.0
2019-01-30,13,0,56,188.7,188.7,0.0,364.881228,0.0
2019-01-30,13,0,57,179.49,179.49,0.0,347.07224,0.0
2019-01-30,13,0,58,345.18,345.18,0.0,667.460002,0.0
2019-01-30,13,0,59,339.42,339.42,0.0,656.322133,0.0
2019-01-30,13,0,63,25.14,25.14,0.0,749.381631,0.0
2019-01-30,13,0,64,29.58,29.58,0.0,881.730655,0.0
2019-01-30,13,0,65,24.03,24.03,0.0,222.857851,0.0
2019-01-30,13,0,67,386.95,386.95,0.0,-9613.134008,0.0
2019-01-30,13,0,68,11.47,11.47,0.0,-145.119028,0.0
2019-01-30,13,0,69,1.38,1.38,0.0,14.873489,0.0
2019-01-30,13,0,74,144.26,144.26,0.0,1103.325955,0.0
2019-01-30,13,0,77,33.25,33.25,0.0,-73.830255,0.0
2019-01-30,13,0,78,25.13,25.13,0.0,-55.80013,0.0
2019-01-30,13,0,79,14.55,14.55,0.0,-32.307676,0.0
2019-01-30,13,0,80,23.52,23.52,0.0,-52.225191,0.0
2019-01-30,13,0,81,30.75,30.75,0.0,-68.279108,0.0
2019-01-30,13,0,82,21.69,21.69,0.0,-48.161752,0.0
2019-01-30,13,0,83,48.37,48.37,0.0,-107.403593,0.0
2019-01-30,13,0,84,0.0,0.0,0.0,0.0,0.0
2019-01-30,13,0,86,7.0,7.0,0.0,75.445233,0.0
2019-01-30,13,0,87,35.72,35.72,0.0,384.986247,0.0
2019-01-30,13,0,88,32.41,32.41,0.0,-71.96507,0.0
2019-01-30,13,0,89,31.16,31.16,0.0,-69.189497,0.0
2019-01-30,13,0,90,41.83,41.83,0.0,-92.881792,0.0
2019-01-30,13,0,91,149.23,149.23,0.0,-331.359068,0.0
2019-01-30,13,0,92,53.67,53.67,0.0,-119.172024,0.0
2019-01-30,13,0,95,22.53,22.53,0.0,533.126911,0.0
2019-01-30,13,0,96,22.8,22.8,0.0,43.044951,0.0
2019-01-30,13,0,97,140.22,140.22,0.0,264.726451,0.0
2019-01-30,13,0,99,27.84,27.84,0.0,212.925236,0.0
2019-01-30,13,0,101,12.89,12.89,0.0,24.924849,0.0
2019-01-30,13,0,102,27.16,27.16,0.0,-343.629712,0.0
2019-01-30,13,0,103,23.62,23.62,0.0,-298.84145,0.0
2019-01-30,13,0,104,4.39,4.39,0.0,-55.542505,0.0
2019-01-30,13,0,106,286.83,286.83,0.0,567.179412,0.0
2019-01-30,13,0,109,43.03,43.03,0.0,246.686416,0.0
2019-01-30,13,0,110,288.89,288.89,0.0,-17962.307939,0.0
2019-01-30,13,0,111,16.22,16.22,0.0,69.608933,0.0
2019-01-30,13,0,113,22.76,22.76,0.0,-15.105047,0.0
2019-01-30,13,0,115,22.76,22.76,0.0,-15.105047,0.0
2019-01-30,13,0,116,140.51,140.51,0.0,-8736.487551,0.0
2019-01-30,13,0,117,1.52,1.52,0.0,-1.008773,0.0
2019-01-30,13,0,119,29.58,29.58,0.0,881.730655,0.0
2019-01-30,13,0,120,17.39,17.39,0.0,518.367008,0.0
2019-01-30,13,0,123,4.78,4.78,0.0,9.452002,0.0
2019-01-30,13,0,125,49.31,49.31,0.0,97.505898,0.0
2019-01-30,13,0,126,215.12,215.12,0.0,425.379616,0.0
2019-01-30,13,0,127,276.07,276.07,0.0,545.902522,0.0
2019-01-30,13,0,128,69.61,69.61,0.0,137.647244,0.0
2019-01-30,13,0,131,12.37,12.37,0.0,-116.230141,0.0
2019-01-30,13,0,132,18.19,18.19,0.0,-170.915623,0.0
2019-01-30,13,0,133,41.94,41.94,0.0,391.629089,0.0
2019-01-30,13,0,134,0.0,0.0,0.0,0.0,0.0
2019-01-30,13,0,135,56.2,56.2,0.0,524.786714,0.0
2019-01-30,13,0,136,30.2,30.2,0.0,279.982861,0.0
2019-01-30,13,0,139,44.94,44.94,0.0,192.862234,0.0
2019-01-30,13,0,140,213.81,213.81,0.0,-13294.060232,0.0
2019-01-30,13,0,141,39.32,39.32,0.0,-976.840494,0.0
2019-01-30,13,0,142,510.28,510.28,0.0,-12677.064276,0.0
2019-01-30,13,0,143,0.0,0.0,0.0,0.0,0.0
2019-01-30,13,0,145,65.24,65.24,0.0,218.197648,0.0
2019-01-30,13,0,146,209.16,209.16,0.0,-13004.937272,0.0
2019-01-30,13,0,152,4.98,4.98,0.0,38.21136,0.0
2019-01-30,13,0,153,6.44,6.44,0.0,48.930221,0.0
2019-01-30,13,0,154,66.91,66.91,0.0,287.147576,0.0
2019-01-30,13,0,157,60.59,60.59,0.0,-1505.258533,0.0
2019-01-30,13,0,158,363.27,363.27,0.0,-9024.843497,0.0
2019-01-30,13,0,159,0.0,0.0,0.0,0.0,0.0
2019-01-30,13,0,160,2.21,2.21,0.0,17.693836,0.0
2019-01-30,13,0,161,73.85,73.85,0.0,-934.353984,0.0
2019-01-30,13,0,162,42.23,42.23,0.0,1002.175267,0.0
2019-01-30,13,0,163,42.63,42.63,0.0,-2650.604685,0.0
2019-01-30,13,0,164,16.3,16.3,0.0,31.518622,0.0
2019-01-30,13,0,167,6.62,6.62,0.0,155.454164,0.0
2019-01-30,13,0,168,3.31,3.31,0.0,77.727082,0.0
2019-01-30,13,0,169,0.0,0.0,0.0,0.0,0.0
2019-01-30,13,0,170,7.24,7.24,0.0,170.013316,0.0
2019-01-30,13,0,172,8.28,8.28,0.0,179.216332,0.0
2019-01-30,13,0,173,12.61,12.61,0.0,272.936949,0.0
2019-01-30,13,0,188,11.46,11.46,0.0,255.430808,0.0
2019-01-30,13,0,190,10.92,10.92,0.0,325.507057,0.0
2019-01-30,13,0,191,28.2,28.2,0.0,840.595147,0.0
2019-01-30,13,0,192,114.93,114.93,0.0,3425.872351,0.0
2019-01-30,13,0,194,36.61,36.61,0.0,361.103764,0.0
2019-01-30,13,0,196,7.49,7.49,0.0,318.960716,0.0
2019-01-30,13,0,198,10.19,10.19,0.0,93.905049,0.0
2019-01-30,13,0,199,15.23,15.23,0.0,178.388841,0.0
2019-01-30,13,0,200,20.41,20.41,0.0,239.062131,0.0
2019-01-30,13,0,204,188.32,188.32,0.0,1044.11522,0.0
2019-01-30,13,0,205,227.63,227.63,0.0,1304.978593,0.0
2019-01-30,13,0,206,412.03,412.03,0.0,777.886461,0.0
2019-01-30,13,0,210,2.37,2.37,0.0,19.497022,0.0
2019-01-30,13,0,214,9.07,9.07,0.0,105.517721,0.0
2019-01-30,13,0,217,7.28,7.28,0.0,73.938153,0.0
2019-01-30,13,0,218,10.04,10.04,0.0,101.96965,0.0
2019-01-30,13,0,219,6.84,6.84,0.0,69.469363,0.0
2019-01-30,13,0,221,4.84,4.84,0.0,56.307141,0.0
2019-01-30,13,0,225,5.59,5.59,0.0,43.522393,0.0
2019-01-30,13,0,233,3.96,3.96,0.0,42.680446,0.0
2019-01-30,13,0,236,225.03,225.03,0.0,1920.416954,0.0
2019-01-30,13,0,237,346.06,346.06,0.0,2646.72799,0.0
2019-01-30,13,0,238,38.45,38.45,0.0,346.781209,0.0
2019-01-30,13,0,240,9.21,9.21,0.0,64.09473,0.0
2019-01-30,13,0,245,78.0,78.0,0.0,744.619311,0.0
2019-01-30,13,0,247,171.72,171.72,0.0,1639.308052,0.0
2019-01-30,13,0,248,34.74,34.74,0.0,265.697655,0.0
2019-01-30,13,0,249,150.0,150.0,0.0,1431.960213,0.0
2019-01-30,13,0,251,126.04,126.04,0.0,1156.868878,0.0
2019-01-30,13,0,252,155.03,155.03,0.0,1437.771646,0.0
2019-01-30,13,0,254,11.61,11.61,0.0,85.585985,0.0
2019-01-30,13,0,255,5.32,5.32,0.0,39.217695,0.0
2019-01-30,13,0,258,11.86,11.86,0.0,82.919721,0.0
2019-01-30,13,0,260,5.37,5.37,0.0,42.99362,0.0
2019-01-30,13,0,265,69.28,69.28,0.0,297.318548,0.0
2019-01-30,13,0,266,29.1,29.1,0.0,124.88409,0.0
2019-01-30,13,0,267,35.76,35.76,0.0,153.465809,0.0
2019-01-30,13,0,270,132.66,132.66,0.0,-8248.398252,0.0
2019-01-30,13,0,272,76.08,76.08,0.0,-50.491738,0.0
2019-01-30,13,0,273,33.6,33.6,0.0,-2089.14655,0.0
2019-01-30,13,0,274,170.94,170.94,0.0,-10628.533072,0.0
2019-01-30,13,0,275,237.84,237.84,0.0,-14788.173077,0.0
2019-01-30,13,0,276,7.78,7.78,0.0,-418.884293,0.0
2019-01-30,13,0,277,9.03,9.03,0.0,-11.628921,0.0
2019-01-30,13,0,278,14.45,14.45,0.0,-18.608849,0.0
2019-01-30,13,0,279,144.9,144.9,0.0,-186.603609,0.0
2019-01-30,13,0,281,4.44,4.44,0.0,8.585441,0.0
2019-01-30,13,0,282,350.93,350.93,0.0,678.578535,0.0
2019-01-30,14,0,9,3.76,3.76,0.0,-253.864119,0.0
2019-01-30,14,0,17,20.36,20.36,0.0,68.816622,0.0
2019-01-30,14,0,19,192.99,192.99,0.0,652.304509,0.0
2019-01-30,14,0,20,234.06,234.06,0.0,791.12075,0.0
2019-01-30,14,0,21,86.08,86.08,0.0,-5811.867909,0.0
2019-01-30,14,0,22,305.94,305.94,0.0,-20656.167148,0.0
2019-01-30,14,0,23,20.74,20.74,0.0,-1400.303676,0.0
2019-01-30,14,0,24,35.67,35.67,0.0,-2408.333275,0.0
2019-01-30,14,0,29,7.23,7.23,0.0,38.024691,0.0
2019-01-30,14,0,30,674.53,674.53,0.0,-45834.437905,0.0
2019-01-30,14,0,31,13.63,13.63,0.0,-926.161014,0.0
2019-01-30,14,0,32,5.76,5.76,0.0,238.165122,0.0
2019-01-30,14,0,33,1.45,1.45,0.0,24.240882,0.0
2019-01-30,14,0,34,2.32,2.32,0.0,38.785412,0.0
2019-01-30,14,0,35,2.32,2.32,0.0,38.785412,0.0
2019-01-30,14,0,36,8.55,8.55,0.0,-152.856917,0.0
2019-01-30,14,0,37,3.68,3.68,0.0,-67.156223,0.0
2019-01-30,14,0,38,4.73,4.73,0.0,-86.317646,0.0
2019-01-30,14,0,39,3.16,3.16,0.0,-57.666757,0.0
2019-01-30,14,0,40,3.16,3.16,0.0,-57.666757,0.0
2019-01-30,14,0,41,34.8,34.8,0.0,-1557.47444,0.0
2019-01-30,14,0,42,31.14,31.14,0.0,15.221577,0.0
2019-01-30,14,0,43,27.73,27.73,0.0,-425.083439,0.0
2019-01-30,14,0,46,29.88,29.88,0.0,-686.833601,0.0
2019-01-30,14,0,52,14.45,14.45,0.0,-981.880165,0.0
2019-01-30,14,0,53,22.96,22.96,0.0,-1560.136235,0.0
2019-01-30,14,0,55,121.54,121.54,0.0,-8206.022603,0.0
2019-01-30,14,0,56,198.96,198.96,0.0,-13519.368695,0.0
2019-01-30,14,0,57,189.26,189.26,0.0,-12860.251906,0.0
2019-01-30,14,0,58,363.96,363.96,0.0,-24731.149126,0.0
2019-01-30,14,0,59,357.89,357.89,0.0,-24318.691506,0.0
2019-01-30,14,0,63,39.54,39.54,0.0,4820.819122,0.0
2019-01-30,14,0,64,46.52,46.52,0.0,5671.838784,0.0
2019-01-30,14,0,65,25.42,25.42,0.0,72.267023,0.0
2019-01-30,14,0,67,403.74,403.74,0.0,-219142.999508,0.0
2019-01-30,14,0,68,10.92,10.92,0.0,-4296.780779,0.0
2019-01-30,14,0,69,1.45,1.45,0.0,24.240882,0.0
2019-01-30,14,0,74,152.02,152.02,0.0,-1862.858469,0.0
2019-01-30,14,0,77,49.38,49.38,0.0,-13154.005137,0.0
2019-01-30,14,0,78,37.33,37.33,0.0,-9944.086913,0.0
2019-01-30,14,0,79,21.6,21.6,0.0,-5753.87831,0.0
2019-01-30,14,0,80,34.93,34.93,0.0,-9304.767101,0.0
2019-01-30,14,0,81,45.67,45.67,0.0,-12165.723261,0.0
2019-01-30,14,0,82,32.22,32.22,0.0,-8582.86848,0.0
2019-01-30,14,0,83,71.84,71.84,0.0,-19136.973047,0.0
2019-01-30,14,0,84,0.0,0.0,0.0,0.0,0.0
2019-01-30,14,0,86,7.36,7.36,0.0,123.043375,0.0
2019-01-30,14,0,87,37.59,37.59,0.0,628.423978,0.0
2019-01-30,14,0,88,48.25,48.25,0.0,-12852.992059,0.0
2019-01-30,14,0,89,46.38,46.38,0.0,-12354.855372,0.0
2019-01-30,14,0,90,62.27,62.27,0.0,-16587.685296,0.0
2019-01-30,14,0,91,222.15,222.15,0.0,-59177.040123,0.0
2019-01-30,14,0,92,79.89,79.89,0.0,-21281.358251,0.0
2019-01-30,14,0,95,42.22,42.22,0.0,1869.335978,0.0
2019-01-30,14,0,96,30.77,30.77,0.0,-2104.755681,0.0
2019-01-30,14,0,97,206.3,206.3,0.0,-14111.507863,0.0
2019-01-30,14,0,99,29.34,29.34,0.0,-359.5334,0.0
2019-01-30,14,0,101,13.59,13.59,0.0,-923.443006,0.0
2019-01-30,14,0,102,25.79,25.79,0.0,-10147.800026,0.0
2019-01-30,14,0,103,22.43,22.43,0.0,-8825.713633,0.0
2019-01-30,14,0,104,4.2,4.2,0.0,-1652.607992,0.0
2019-01-30,14,0,106,301.17,301.17,0.0,-20334.110806,0.0
2019-01-30,14,0,109,59.23,59.23,0.0,-1789.840471,0.0
2019-01-30,14,0,110,334.46,334.46,0.0,-334460.0,0.0
2019-01-30,14,0,111,17.61,17.61,0.0,-788.135773,0.0
2019-01-30,14,0,113,35.83,35.83,0.0,-8783.865318,0.0
2019-01-30,14,0,115,35.83,35.83,0.0,-8783.865318,0.0
2019-01-30,14,0,116,144.14,144.14,0.0,-144140.0,0.0
2019-01-30,14,0,117,2.39,2.39,0.0,-585.917893,0.0
2019-01-30,14,0,119,46.52,46.52,0.0,5671.838784,0.0
2019-01-30,14,0,120,27.35,27.35,0.0,3334.582776,0.0
2019-01-30,14,0,123,5.02,5.02,0.0,-338.935605,0.0
2019-01-30,14,0,125,32.51,32.51,0.0,-2194.979388,0.0
2019-01-30,14,0,126,225.87,225.87,0.0,-15250.076727,0.0
2019-01-30,14,0,127,289.87,289.87,0.0,-19571.168109,0.0
2019-01-30,14,0,128,45.13,45.13,0.0,-3047.044595,0.0
2019-01-30,14,0,131,19.35,19.35,0.0,-6842.227524,0.0
2019-01-30,14,0,132,28.44,28.44,0.0,-10056.483245,0.0
2019-01-30,14,0,133,41.94,41.94,0.0,143.879009,0.0
2019-01-30,14,0,134,0.0,0.0,0.0,0.0,0.0
2019-01-30,14,0,135,56.2,56.2,0.0,192.799245,0.0
2019-01-30,14,0,136,31.65,31.65,0.0,89.045241,0.0
2019-01-30,14,0,139,44.94,44.94,0.0,-2011.290269,0.0
2019-01-30,14,0,140,247.53,247.53,0.0,-247530.0,0.0
2019-01-30,14,0,141,76.65,76.65,0.0,-41604.277288,0.0
2019-01-30,14,0,142,532.43,532.43,0.0,-288993.677189,0.0
2019-01-30,14,0,143,5.46,5.46,0.0,-371.008007,0.0
2019-01-30,14,0,145,50.93,50.93,0.0,-2747.214571,0.0
2019-01-30,14,0,146,245.49,245.49,0.0,-245490.0,0.0
2019-01-30,14,0,152,5.37,5.37,0.0,-63.759788,0.0
2019-01-30,14,0,153,6.87,6.87,0.0,-86.304575,0.0
2019-01-30,14,0,154,72.66,72.66,0.0,-3251.899219,0.0
2019-01-30,14,0,157,80.92,80.92,0.0,-43921.958489,0.0
2019-01-30,14,0,158,390.12,390.12,0.0,-211750.302096,0.0
2019-01-30,14,0,159,0.0,0.0,0.0,-0.0,0.0
2019-01-30,14,0,160,2.31,2.31,0.0,-13.686626,0.0
2019-01-30,14,0,161,76.05,76.05,0.0,-29924.008996,0.0
2019-01-30,14,0,162,73.72,73.72,0.0,3329.15746,0.0
2019-01-30,14,0,163,89.26,89.26,0.0,-89260.0,0.0
2019-01-30,14,0,164,17.69,17.69,0.0,-1202.038763,0.0
2019-01-30,14,0,167,6.65,6.65,0.0,279.468087,0.0
2019-01-30,14,0,168,3.32,3.32,0.0,139.523917,0.0
2019-01-30,14,0,169,0.0,0.0,0.0,0.0,0.0
2019-01-30,14,0,170,7.27,7.27,0.0,305.523759,0.0
2019-01-30,14,0,172,8.43,8.43,0.0,117.651253,0.0
2019-01-30,14,0,173,12.85,12.85,0.0,179.337912,0.0
2019-01-30,14,0,188,11.56,11.56,0.0,308.002683,0.0
2019-01-30,14,0,190,11.1,11.1,0.0,359.945884,0.0
2019-01-30,14,0,191,28.69,28.69,0.0,930.346614,0.0
2019-01-30,14,0,192,165.05,165.05,0.0,5352.168302,0.0
2019-01-30,14,0,194,52.95,52.95,0.0,-6047.463175,0.0
2019-01-30,14,0,196,7.61,7.61,0.0,2125.844279,0.0
2019-01-30,14,0,198,10.53,10.53,0.0,92.119131,0.0
2019-01-30,14,0,199,46.42,46.42,0.0,100.758838,0.0
2019-01-30,14,0,200,21.02,21.02,0.0,45.625824,0.0
2019-01-30,14,0,204,257.1,257.1,0.0,-8231.714225,0.0
2019-01-30,14,0,205,313.33,313.33,0.0,-9468.355811,0.0
2019-01-30,14,0,206,730.29,730.29,0.0,-49953.917001,0.0
2019-01-30,14,0,210,2.4,2.4,0.0,20.607137,0.0
2019-01-30,14,0,214,9.17,9.17,0.0,225.68309,0.0
2019-01-30,14,0,217,7.38,7.38,0.0,130.792946,0.0
2019-01-30,14,0,218,10.19,10.19,0.0,180.593512,0.0
2019-01-30,14,0,219,6.94,6.94,0.0,122.994992,0.0
2019-01-30,14,0,221,4.89,4.89,0.0,120.347907,0.0
2019-01-30,14,0,225,5.75,5.75,0.0,28.393463,0.0
2019-01-30,14,0,233,4.17,4.17,0.0,69.713434,0.0
2019-01-30,14,0,236,113.27,113.27,0.0,-449.847115,0.0
2019-01-30,14,0,237,364.68,364.68,0.0,-4468.801647,0.0
2019-01-30,14,0,238,40.53,40.53,0.0,19.811513,0.0
2019-01-30,14,0,240,9.69,9.69,0.0,-173.23784,0.0
2019-01-30,14,0,245,78.0,78.0,0.0,417.686902,0.0
2019-01-30,14,0,247,171.72,171.72,0.0,919.553779,0.0
2019-01-30,14,0,248,36.61,36.61,0.0,-448.620238,0.0
2019-01-30,14,0,249,150.0,150.0,0.0,803.244042,0.0
2019-01-30,14,0,251,126.65,126.65,0.0,248.37811,0.0
2019-01-30,14,0,252,163.97,163.97,0.0,466.153569,0.0
2019-01-30,14,0,254,11.97,11.97,0.0,-155.244523,0.0
2019-01-30,14,0,255,5.49,5.49,0.0,-71.202375,0.0
2019-01-30,14,0,258,12.43,12.43,0.0,-217.107069,0.0
2019-01-30,14,0,260,5.6,5.6,0.0,-33.1797,0.0
2019-01-30,14,0,265,75.23,75.23,0.0,-3366.919602,0.0
2019-01-30,14,0,266,29.1,29.1,0.0,-1302.370868,0.0
2019-01-30,14,0,267,35.76,35.76,0.0,-1600.439252,0.0
2019-01-30,14,0,270,310.3,310.3,0.0,-310300.0,0.0
2019-01-30,14,0,272,119.75,119.75,0.0,-29357.183138,0.0
2019-01-30,14,0,273,34.47,34.47,0.0,-34470.0,0.0
2019-01-30,14,0,274,413.91,413.91,0.0,-413910.0,0.0
2019-01-30,14,0,275,601.99,601.99,0.0,-601990.0,0.0
2019-01-30,14,0,276,7.94,7.94,0.0,-7129.429056,0.0
2019-01-30,14,0,277,9.4,9.4,0.0,-2384.452026,0.0
2019-01-30,14,0,278,15.05,15.05,0.0,-3817.659892,0.0
2019-01-30,14,0,279,171.83,171.83,0.0,-43587.275702,0.0
2019-01-30,14,0,281,6.12,6.12,0.0,-415.855129,0.0
2019-01-30,14,0,282,370.02,370.02,0.0,-25142.927244,0.0
2019-01-30,15,0,9,3.59,3.59,0.0,-33.099333,0.0
2019-01-30,15,0,17,19.66,19.66,0.0,109.69201,0.0
2019-01-30,15,0,19,192.99,192.99,0.0,1076.778278,0.0
2019-01-30,15,0,20,234.06,234.06,0.0,1305.926336,0.0
2019-01-30,15,0,21,82.03,82.03,0.0,-756.30594,0.0
2019-01-30,15,0,22,291.52,291.52,0.0,-2687.776515,0.0
2019-01-30,15,0,23,22.07,22.07,0.0,-203.482532,0.0
2019-01-30,15,0,24,39.06,39.06,0.0,-360.128124,0.0
2019-01-30,15,0,29,6.62,6.62,0.0,65.990311,0.0
2019-01-30,15,0,30,639.13,639.13,0.0,-5952.25962,0.0
2019-01-30,15,0,31,18.26,18.26,0.0,-170.056578,0.0
2019-01-30,15,0,32,5.31,5.31,0.0,256.164695,0.0
2019-01-30,15,0,33,1.38,1.38,0.0,11.34151,0.0
2019-01-30,15,0,34,2.2,2.2,0.0,18.080669,0.0
2019-01-30,15,0,35,2.2,2.2,0.0,18.080669,0.0
2019-01-30,15,0,36,8.21,8.21,0.0,12.608606,0.0
2019-01-30,15,0,37,3.52,3.52,0.0,5.239801,0.0
2019-01-30,15,0,38,4.53,4.53,0.0,6.743267,0.0
2019-01-30,15,0,39,3.02,3.02,0.0,4.495511,0.0
2019-01-30,15,0,40,3.02,3.02,0.0,4.495511,0.0
2019-01-30,15,0,41,58.96,58.96,0.0,-256.924152,0.0
2019-01-30,15,0,42,30.14,30.14,0.0,150.923065,0.0
2019-01-30,15,0,43,26.39,26.39,0.0,58.561659,0.0
2019-01-30,15,0,46,28.32,28.32,0.0,14.027849,0.0
2019-01-30,15,0,52,19.35,19.35,0.0,-180.207819,0.0
2019-01-30,15,0,53,30.75,30.75,0.0,-286.376767,0.0
2019-01-30,15,0,55,162.35,162.35,0.0,-1496.845901,0.0
2019-01-30,15,0,56,188.52,188.52,0.0,-1755.699128,0.0
2019-01-30,15,0,57,179.33,179.33,0.0,-1670.112055,0.0
2019-01-30,15,0,58,344.86,344.86,0.0,-3211.703804,0.0
2019-01-30,15,0,59,339.11,339.11,0.0,-3158.153677,0.0
2019-01-30,15,0,63,51.0,51.0,0.0,6051.689415,0.0
2019-01-30,15,0,64,60.0,60.0,0.0,7119.634606,0.0
2019-01-30,15,0,65,27.14,27.14,0.0,148.542267,0.0
2019-01-30,15,0,67,382.6,382.6,0.0,-211452.534238,0.0
2019-01-30,15,0,68,30.95,30.95,0.0,-12584.202531,0.0
2019-01-30,15,0,69,1.38,1.38,0.0,11.34151,0.0
2019-01-30,15,0,74,159.47,159.47,0.0,392.637698,0.0
2019-01-30,15,0,77,60.0,60.0,0.0,-17062.92852,0.0
2019-01-30,15,0,78,45.36,45.36,0.0,-12899.573961,0.0
2019-01-30,15,0,79,26.25,26.25,0.0,-7465.031228,0.0
2019-01-30,15,0,80,42.45,42.45,0.0,-12072.021928,0.0
2019-01-30,15,0,81,55.5,55.5,0.0,-15783.208881,0.0
2019-01-30,15,0,82,39.15,39.15,0.0,-11133.560859,0.0
2019-01-30,15,0,83,87.3,87.3,0.0,-24826.560997,0.0
2019-01-30,15,0,84,0.0,0.0,0.0,0.0,0.0
2019-01-30,15,0,86,6.97,6.97,0.0,57.282846,0.0
2019-01-30,15,0,87,35.61,35.61,0.0,292.660277,0.0
2019-01-30,15,0,88,51.18,51.18,0.0,-14554.678028,0.0
2019-01-30,15,0,89,49.2,49.2,0.0,-13991.601387,0.0
2019-01-30,15,0,90,66.06,66.06,0.0,-18786.284301,0.0
2019-01-30,15,0,91,235.65,235.65,0.0,-67014.651763,0.0
2019-01-30,15,0,92,84.75,84.75,0.0,-24101.386535,0.0
2019-01-30,15,0,95,71.31,71.31,0.0,1812.25048,0.0
2019-01-30,15,0,96,29.88,29.88,0.0,-281.184668,0.0
2019-01-30,15,0,97,183.75,183.75,0.0,-1729.172785,0.0
2019-01-30,15,0,99,30.78,30.78,0.0,75.784714,0.0
2019-01-30,15,0,101,12.87,12.87,0.0,-119.859154,0.0
2019-01-30,15,0,102,73.28,73.28,0.0,-29795.488253,0.0
2019-01-30,15,0,103,63.72,63.72,0.0,-25908.413094,0.0
2019-01-30,15,0,104,11.83,11.83,0.0,-4810.052211,0.0
2019-01-30,15,0,106,286.98,286.98,0.0,-2645.918305,0.0
2019-01-30,15,0,109,60.0,60.0,0.0,-69.998771,0.0
2019-01-30,15,0,110,338.6,338.6,0.0,-338600.0,0.0
2019-01-30,15,0,111,17.13,17.13,0.0,-74.645704,0.0
2019-01-30,15,0,113,45.0,45.0,0.0,-11547.755561,0.0
2019-01-30,15,0,115,45.0,45.0,0.0,-11547.755561,0.0
2019-01-30,15,0,116,135.44,135.44,0.0,-135440.0,0.0
2019-01-30,15,0,117,3.0,3.0,0.0,-769.850371,0.0
2019-01-30,15,0,119,60.0,60.0,0.0,7119.634606,0.0
2019-01-30,15,0,120,35.28,35.28,0.0,4186.345148,0.0
2019-01-30,15,0,123,4.78,4.78,0.0,-44.070979,0.0
2019-01-30,15,0,125,35.34,35.34,0.0,-325.830207,0.0
2019-01-30,15,0,126,215.23,215.23,0.0,-1984.392629,0.0
2019-01-30,15,0,127,276.21,276.21,0.0,-2546.620304,0.0
2019-01-30,15,0,128,50.62,50.62,0.0,-466.709822,0.0
2019-01-30,15,0,131,71.46,71.46,0.0,-26267.677501,0.0
2019-01-30,15,0,132,105.17,105.17,0.0,-38658.993042,0.0
2019-01-30,15,0,133,41.94,41.94,0.0,234.422076,0.0
2019-01-30,15,0,134,0.0,0.0,0.0,0.0,0.0
2019-01-30,15,0,135,56.2,56.2,0.0,314.127818,0.0
2019-01-30,15,0,136,33.51,33.51,0.0,183.210973,0.0
2019-01-30,15,0,139,76.67,76.67,0.0,-334.097264,0.0
2019-01-30,15,0,140,250.6,250.6,0.0,-250600.0,0.0
2019-01-30,15,0,141,133.59,133.59,0.0,-73831.531754,0.0
2019-01-30,15,0,142,504.55,504.55,0.0,-278850.957005,0.0
2019-01-30,15,0,143,10.5,10.5,0.0,-97.787189,0.0
2019-01-30,15,0,145,30.0,30.0,0.0,-188.672722,0.0
2019-01-30,15,0,146,268.0,268.0,0.0,-268000.0,0.0
2019-01-30,15,0,152,5.08,5.08,0.0,13.08675,0.0
2019-01-30,15,0,153,6.55,6.55,0.0,15.986767,0.0
2019-01-30,15,0,154,70.66,70.66,0.0,-307.908083,0.0
2019-01-30,15,0,157,108.24,108.24,0.0,-59821.281511,0.0
2019-01-30,15,0,158,372.79,372.79,0.0,-206030.816097,0.0
2019-01-30,15,0,159,0.0,0.0,0.0,0.0,0.0
2019-01-30,15,0,160,2.2,2.2,0.0,9.864653,0.0
2019-01-30,15,0,161,71.3,71.3,0.0,-28990.42457,0.0
2019-01-30,15,0,162,119.02,119.02,0.0,3120.273579,0.0
2019-01-30,15,0,163,142.89,142.89,0.0,-142890.0,0.0
2019-01-30,15,0,164,16.81,16.81,0.0,-156.552633,0.0
2019-01-30,15,0,167,6.15,6.15,0.0,137.258727,0.0
2019-01-30,15,0,168,3.07,3.07,0.0,68.517771,0.0
2019-01-30,15,0,169,0.0,0.0,0.0,0.0,0.0
2019-01-30,15,0,170,6.72,6.72,0.0,149.980268,0.0
2019-01-30,15,0,172,7.92,7.92,0.0,149.071936,0.0
2019-01-30,15,0,173,12.06,12.06,0.0,226.995902,0.0
2019-01-30,15,0,188,10.63,10.63,0.0,305.288099,0.0
2019-01-30,15,0,190,10.59,10.59,0.0,343.40783,0.0
2019-01-30,15,0,191,27.36,27.36,0.0,887.217963,0.0
2019-01-30,15,0,192,232.02,232.02,0.0,7523.841802,0.0
2019-01-30,15,0,194,52.95,52.95,0.0,-6458.814398,0.0
2019-01-30,15,0,196,7.23,7.23,0.0,1973.85367,0.0
2019-01-30,15,0,198,10.01,10.01,0.0,82.899683,0.0
2019-01-30,15,0,199,75.97,75.97,0.0,-1623.542107,0.0
2019-01-30,15,0,200,19.47,19.47,0.0,-416.090099,0.0
2019-01-30,15,0,204,257.1,257.1,0.0,-395.358715,0.0
2019-01-30,15,0,205,317.4,317.4,0.0,-370.2935,0.0
2019-01-30,15,0,206,539.94,539.94,0.0,-5081.086006,0.0
2019-01-30,15,0,210,2.23,2.23,0.0,23.480468,0.0
2019-01-30,15,0,214,8.49,8.49,0.0,83.026829,0.0
2019-01-30,15,0,217,6.83,6.83,0.0,69.199905,0.0
2019-01-30,15,0,218,9.42,9.42,0.0,95.441157,0.0
2019-01-30,15,0,219,6.42,6.42,0.0,65.045884,0.0
2019-01-30,15,0,221,4.53,4.53,0.0,44.300534,0.0
2019-01-30,15,0,225,5.29,5.29,0.0,52.445823,0.0
2019-01-30,15,0,233,3.95,3.95,0.0,32.463019,0.0
2019-01-30,15,0,236,129.68,129.68,0.0,535.394449,0.0
2019-01-30,15,0,237,382.56,382.56,0.0,941.916836,0.0
2019-01-30,15,0,238,39.23,39.23,0.0,196.44034,0.0
2019-01-30,15,0,240,9.3,9.3,0.0,14.282587,0.0
2019-01-30,15,0,245,78.0,78.0,0.0,465.677113,0.0
2019-01-30,15,0,247,171.72,171.72,0.0,1025.206074,0.0
2019-01-30,15,0,248,38.4,38.4,0.0,94.546232,0.0
2019-01-30,15,0,249,150.0,150.0,0.0,895.532909,0.0
2019-01-30,15,0,251,131.32,131.32,0.0,695.827411,0.0
2019-01-30,15,0,252,175.05,175.05,0.0,958.081204,0.0
2019-01-30,15,0,254,11.45,11.45,0.0,31.915911,0.0
2019-01-30,15,0,255,5.25,5.25,0.0,14.633933,0.0
2019-01-30,15,0,258,11.93,11.93,0.0,19.638263,0.0
2019-01-30,15,0,260,5.34,5.34,0.0,23.944203,0.0
2019-01-30,15,0,265,73.16,73.16,0.0,-318.802085,0.0
2019-01-30,15,0,266,49.03,49.03,0.0,-213.653174,0.0
2019-01-30,15,0,267,60.63,60.63,0.0,-264.201345,0.0
2019-01-30,15,0,270,466.38,466.38,0.0,-466380.0,0.0
2019-01-30,15,0,272,150.39,150.39,0.0,-38592.599086,0.0
2019-01-30,15,0,273,32.39,32.39,0.0,-32390.0,0.0
2019-01-30,15,0,274,614.3,614.3,0.0,-614300.0,0.0
2019-01-30,15,0,275,881.73,881.73,0.0,-881730.0,0.0
2019-01-30,15,0,276,7.45,7.45,0.0,-6705.903181,0.0
2019-01-30,15,0,277,8.87,8.87,0.0,-2374.928023,0.0
2019-01-30,15,0,278,14.19,14.19,0.0,-3799.34934,0.0
2019-01-30,15,0,279,264.6,264.6,0.0,-70846.218129,0.0
2019-01-30,15,0,281,8.19,8.19,0.0,-76.274007,0.0
2019-01-30,15,0,282,350.6,350.6,0.0,-3265.160801,0.0
2019-01-30,16,0,9,3.14,3.14,0.0,9.479302,0.0
2019-01-30,16,0,17,17.83,17.83,0.0,148.276696,0.0
2019-01-30,16,0,19,332.0,332.0,0.0,2760.956989,0.0
2019-01-30,16,0,20,419.03,419.03,0.0,3484.710262,0.0
2019-01-30,16,0,21,71.86,71.86,0.0,216.937141,0.0
2019-01-30,16,0,22,255.39,255.39,0.0,770.993272,0.0
2019-01-30,16,0,23,30.05,30.05,0.0,90.717522,0.0
2019-01-30,16,0,24,53.17,53.17,0.0,160.514164,0.0
2019-01-30,16,0,29,3.14,3.14,0.0,32.101133,0.0
2019-01-30,16,0,30,545.22,545.22,0.0,1627.641764,0.0
2019-01-30,16,0,31,24.02,24.02,0.0,71.706752,0.0
2019-01-30,16,0,32,4.84,4.84,0.0,216.227018,0.0
2019-01-30,16,0,33,1.2,1.2,0.0,11.098244,0.0
2019-01-30,16,0,34,1.92,1.92,0.0,17.75719,0.0
2019-01-30,16,0,35,1.92,1.92,0.0,17.75719,0.0
2019-01-30,16,0,36,6.05,6.05,0.0,41.75631,0.0
2019-01-30,16,0,37,2.7,2.7,0.0,18.596321,0.0
2019-01-30,16,0,38,3.48,3.48,0.0,23.968592,0.0
2019-01-30,16,0,39,2.32,2.32,0.0,15.979061,0.0
2019-01-30,16,0,40,2.32,2.32,0.0,15.979061,0.0
2019-01-30,16,0,41,82.36,82.36,0.0,392.742213,0.0
2019-01-30,16,0,42,25.71,25.71,0.0,208.611548,0.0
2019-01-30,16,0,43,18.94,18.94,0.0,135.594987,0.0
2019-01-30,16,0,46,21.24,21.24,0.0,138.732039,0.0
2019-01-30,16,0,52,25.46,25.46,0.0,76.005574,0.0
2019-01-30,16,0,53,40.45,40.45,0.0,120.755125,0.0
2019-01-30,16,0,55,215.36,215.36,0.0,650.147269,0.0
2019-01-30,16,0,56,160.82,160.82,0.0,480.094913,0.0
2019-01-30,16,0,57,152.98,152.98,0.0,456.690212,0.0
2019-01-30,16,0,58,294.19,294.19,0.0,878.243518,0.0
2019-01-30,16,0,59,289.28,289.28,0.0,863.585726,0.0
2019-01-30,16,0,63,51.0,51.0,0.0,5873.465193,0.0
2019-01-30,16,0,64,60.0,60.0,0.0,6909.95905,0.0
2019-01-30,16,0,65,29.4,29.4,0.0,243.39057,0.0
2019-01-30,16,0,67,327.9,327.9,0.0,-182190.029378,0.0
2019-01-30,16,0,68,34.0,34.0,0.0,-13957.568805,0.0
2019-01-30,16,0,69,1.2,1.2,0.0,11.098244,0.0
2019-01-30,16,0,74,103.57,103.57,0.0,747.011925,0.0
2019-01-30,16,0,77,60.0,60.0,0.0,-17369.318754,0.0
2019-01-30,16,0,78,45.36,45.36,0.0,-13131.204978,0.0
2019-01-30,16,0,79,26.25,26.25,0.0,-7599.076955,0.0
2019-01-30,16,0,80,42.45,42.45,0.0,-12288.793019,0.0
2019-01-30,16,0,81,55.5,55.5,0.0,-16066.619848,0.0
2019-01-30,16,0,82,39.15,39.15,0.0,-11333.480487,0.0
2019-01-30,16,0,83,87.3,87.3,0.0,-25272.358787,0.0
2019-01-30,16,0,84,0.0,0.0,0.0,0.0,0.0
2019-01-30,16,0,86,6.08,6.08,0.0,56.231102,0.0
2019-01-30,16,0,87,31.04,31.04,0.0,287.074575,0.0
2019-01-30,16,0,88,51.18,51.18,0.0,-14816.028897,0.0
2019-01-30,16,0,89,49.2,49.2,0.0,-14242.841378,0.0
2019-01-30,16,0,90,66.06,66.06,0.0,-19123.619948,0.0
2019-01-30,16,0,91,235.65,235.65,0.0,-68217.999407,0.0
2019-01-30,16,0,92,84.75,84.75,0.0,-24534.16274,0.0
2019-01-30,16,0,95,112.35,112.35,0.0,2855.228459,0.0
2019-01-30,16,0,96,29.88,29.88,0.0,88.151566,0.0
2019-01-30,16,0,97,183.75,183.75,0.0,542.09673,0.0
2019-01-30,16,0,99,22.71,22.71,0.0,163.798791,0.0
2019-01-30,16,0,101,10.98,10.98,0.0,32.778523,0.0
2019-01-30,16,0,102,80.5,80.5,0.0,-33046.59673,0.0
2019-01-30,16,0,103,70.0,70.0,0.0,-28736.17107,0.0
2019-01-30,16,0,104,13.0,13.0,0.0,-5336.717484,0.0
2019-01-30,16,0,106,251.41,251.41,0.0,758.978106,0.0
2019-01-30,16,0,109,60.0,60.0,0.0,355.436338,0.0
2019-01-30,16,0,110,338.6,338.6,0.0,-338600.0,0.0
2019-01-30,16,0,111,12.17,12.17,0.0,58.033909,0.0
2019-01-30,16,0,113,45.0,45.0,0.0,-11729.570956,0.0
2019-01-30,16,0,115,45.0,45.0,0.0,-11729.570956,0.0
2019-01-30,16,0,116,113.88,113.88,0.0,-113880.0,0.0
2019-01-30,16,0,117,3.0,3.0,0.0,-781.971397,0.0
2019-01-30,16,0,119,60.0,60.0,0.0,6909.95905,0.0
2019-01-30,16,0,120,35.28,35.28,0.0,4063.055922,0.0
2019-01-30,16,0,123,4.19,4.19,0.0,12.649132,0.0
2019-01-30,16,0,125,48.12,48.12,0.0,145.26879,0.0
2019-01-30,16,0,126,188.56,188.56,0.0,569.241127,0.0
2019-01-30,16,0,127,241.98,241.98,0.0,730.510012,0.0
2019-01-30,16,0,128,68.92,68.92,0.0,208.061617,0.0
2019-01-30,16,0,131,30.0,30.0,0.0,-11152.868937,0.0
2019-01-30,16,0,132,44.1,44.1,0.0,-16394.717337,0.0
2019-01-30,16,0,133,50.5,50.5,0.0,420.143476,0.0
2019-01-30,16,0,134,0.0,0.0,0.0,0.0,0.0
2019-01-30,16,0,135,64.2,64.2,0.0,534.122993,0.0
2019-01-30,16,0,136,35.87,35.87,0.0,296.87912,0.0
2019-01-30,16,0,139,107.25,107.25,0.0,511.432763,0.0
2019-01-30,16,0,140,250.6,250.6,0.0,-250600.0,0.0
2019-01-30,16,0,141,215.06,215.06,0.0,-119493.100695,0.0
2019-01-30,16,0,142,432.41,432.41,0.0,-240258.586774,0.0
2019-01-30,16,0,143,18.04,18.04,0.0,53.854696,0.0
2019-01-30,16,0,145,30.0,30.0,0.0,122.282202,0.0
2019-01-30,16,0,146,268.0,268.0,0.0,-268000.0,0.0
2019-01-30,16,0,152,3.89,3.89,0.0,28.227139,0.0
2019-01-30,16,0,153,4.95,4.95,0.0,35.682469,0.0
2019-01-30,16,0,154,50.2,50.2,0.0,239.383913,0.0
2019-01-30,16,0,157,144.42,144.42,0.0,-80243.623186,0.0
2019-01-30,16,0,158,318.83,318.83,0.0,-177150.494256,0.0
2019-01-30,16,0,159,0.0,0.0,0.0,0.0,0.0
2019-01-30,16,0,160,1.46,1.46,0.0,11.673059,0.0
2019-01-30,16,0,161,61.37,61.37,0.0,-25193.411694,0.0
2019-01-30,16,0,162,162.5,162.5,0.0,4258.445399,0.0
2019-01-30,16,0,163,146.36,146.36,0.0,-146360.0,0.0
2019-01-30,16,0,164,17.93,17.93,0.0,53.526314,0.0
2019-01-30,16,0,167,5.44,5.44,0.0,122.204906,0.0
2019-01-30,16,0,168,2.72,2.72,0.0,61.102453,0.0
2019-01-30,16,0,169,0.0,0.0,0.0,0.0,0.0
2019-01-30,16,0,170,5.95,5.95,0.0,133.661616,0.0
2019-01-30,16,0,172,7.45,7.45,0.0,131.332278,0.0
2019-01-30,16,0,173,11.35,11.35,0.0,200.083404,0.0
2019-01-30,16,0,188,9.88,9.88,0.0,259.328525,0.0
2019-01-30,16,0,190,8.94,8.94,0.0,289.902361,0.0
2019-01-30,16,0,191,23.09,23.09,0.0,748.752294,0.0
2019-01-30,16,0,192,318.71,318.71,0.0,10334.986729,0.0
2019-01-30,16,0,194,52.95,52.95,0.0,-6658.101424,0.0
2019-01-30,16,0,196,5.98,5.98,0.0,1605.310612,0.0
2019-01-30,16,0,198,6.25,6.25,0.0,58.852649,0.0
2019-01-30,16,0,199,117.94,117.94,0.0,-3098.422918,0.0
2019-01-30,16,0,200,18.48,18.48,0.0,-485.491398,0.0
2019-01-30,16,0,204,257.1,257.1,0.0,1488.988182,0.0
2019-01-30,16,0,205,317.4,317.4,0.0,1880.25823,0.0
2019-01-30,16,0,206,539.94,539.94,0.0,1592.923584,0.0
2019-01-30,16,0,210,1.17,1.17,0.0,12.183068,0.0
2019-01-30,16,0,214,6.45,6.45,0.0,63.209594,0.0
2019-01-30,16,0,217,4.17,4.17,0.0,42.019748,0.0
2019-01-30,16,0,218,5.76,5.76,0.0,58.041666,0.0
2019-01-30,16,0,219,3.92,3.92,0.0,39.500578,0.0
2019-01-30,16,0,221,3.44,3.44,0.0,33.711784,0.0
2019-01-30,16,0,225,3.02,3.02,0.0,30.819044,0.0
2019-01-30,16,0,233,3.44,3.44,0.0,31.814966,0.0
2019-01-30,16,0,236,117.57,117.57,0.0,917.499151,0.0
2019-01-30,16,0,237,236.88,236.88,0.0,1708.527419,0.0
2019-01-30,16,0,238,33.46,33.46,0.0,271.495231,0.0
2019-01-30,16,0,240,6.85,6.85,0.0,47.277806,0.0
2019-01-30,16,0,245,78.0,78.0,0.0,659.427475,0.0
2019-01-30,16,0,247,171.72,171.72,0.0,1451.754948,0.0
2019-01-30,16,0,248,27.9,27.9,0.0,201.232333,0.0
2019-01-30,16,0,249,150.0,150.0,0.0,1268.129759,0.0
2019-01-30,16,0,251,138.74,138.74,0.0,1140.019455,0.0
2019-01-30,16,0,252,189.68,189.68,0.0,1570.283104,0.0
2019-01-30,16,0,254,8.62,8.62,0.0,63.520635,0.0
2019-01-30,16,0,255,3.95,3.95,0.0,29.107484,0.0
2019-01-30,16,0,258,8.71,8.71,0.0,60.47726,0.0
2019-01-30,16,0,260,3.55,3.55,0.0,28.383123,0.0
2019-01-30,16,0,265,51.98,51.98,0.0,247.872028,0.0
2019-01-30,16,0,266,68.38,68.38,0.0,326.077131,0.0
2019-01-30,16,0,267,84.71,84.71,0.0,403.948432,0.0
2019-01-30,16,0,270,395.58,395.58,0.0,-395580.0,0.0
2019-01-30,16,0,272,150.39,150.39,0.0,-39200.226134,0.0
2019-01-30,16,0,273,27.23,27.23,0.0,-27230.0,0.0
2019-01-30,16,0,274,493.67,493.67,0.0,-493670.0,0.0
2019-01-30,16,0,275,661.83,661.83,0.0,-661830.0,0.0
2019-01-30,16,0,276,6.25,6.25,0.0,-5629.880284,0.0
2019-01-30,16,0,277,7.96,7.96,0.0,-2166.840565,0.0
2019-01-30,16,0,278,12.74,12.74,0.0,-3468.033769,0.0
2019-01-30,16,0,279,604.22,604.22,0.0,-164478.443003,0.0
2019-01-30,16,0,281,10.78,10.78,0.0,32.181465,0.0
2019-01-30,16,0,282,299.09,299.09,0.0,892.871456,0.0
2019-01-30,17,0,9,2.23,2.23,0.0,12.021792,0.0
2019-01-30,17,0,17,12.67,12.67,0.0,113.598006,0.0
2019-01-30,17,0,19,284.63,284.63,0.0,2551.9653,0.0
2019-01-30,17,0,20,342.76,342.76,0.0,3073.153308,0.0
2019-01-30,17,0,21,51.04,51.04,0.0,275.153479,0.0
2019-01-30,17,0,22,181.39,181.39,0.0,977.862256,0.0
2019-01-30,17,0,23,38.08,38.08,0.0,205.286922,0.0
2019-01-30,17,0,24,67.73,67.73,0.0,365.128235,0.0
2019-01-30,17,0,29,2.21,2.21,0.0,22.220611,0.0
2019-01-30,17,0,30,391.9,391.9,0.0,2103.878178,0.0
2019-01-30,17,0,31,33.6,33.6,0.0,180.37843,0.0
2019-01-30,17,0,32,3.47,3.47,0.0,158.313631,0.0
2019-01-30,17,0,33,0.85,0.85,0.0,8.162008,0.0
2019-01-30,17,0,34,1.37,1.37,0.0,13.155236,0.0
2019-01-30,17,0,35,1.37,1.37,0.0,13.155236,0.0
2019-01-30,17,0,36,4.4,4.4,0.0,35.164384,0.0
2019-01-30,17,0,37,1.94,1.94,0.0,15.482604,0.0
2019-01-30,17,0,38,2.49,2.49,0.0,19.872002,0.0
2019-01-30,17,0,39,1.66,1.66,0.0,13.248001,0.0
2019-01-30,17,0,40,1.66,1.66,0.0,13.248001,0.0
2019-01-30,17,0,41,34.8,34.8,0.0,228.506247,0.0
2019-01-30,17,0,42,18.37,18.37,0.0,162.169301,0.0
2019-01-30,17,0,43,13.46,13.46,0.0,109.807344,0.0
2019-01-30,17,0,46,15.45,15.45,0.0,119.594763,0.0
2019-01-30,17,0,52,35.62,35.62,0.0,191.22261,0.0
2019-01-30,17,0,53,56.59,56.59,0.0,303.798076,0.0
2019-01-30,17,0,55,255.64,255.64,0.0,1378.139408,0.0
2019-01-30,17,0,56,115.6,115.6,0.0,620.587694,0.0
2019-01-30,17,0,57,109.96,109.96,0.0,590.309886,0.0
2019-01-30,17,0,58,211.46,211.46,0.0,1135.203061,0.0
2019-01-30,17,0,59,207.93,207.93,0.0,1116.252589,0.0
2019-01-30,17,0,63,95.49,95.49,0.0,11630.438796,0.0
2019-01-30,17,0,64,112.31,112.31,0.0,13679.071957,0.0
2019-01-30,17,0,65,21.42,21.42,0.0,191.500714,0.0
2019-01-30,17,0,67,234.07,234.07,0.0,-129640.919138,0.0
2019-01-30,17,0,68,18.36,18.36,0.0,-7493.942281,0.0
2019-01-30,17,0,69,0.85,0.85,0.0,8.162008,0.0
2019-01-30,17,0,74,76.12,76.12,0.0,625.243579,0.0
2019-01-30,17,0,77,60.0,60.0,0.0,-17203.708995,0.0
2019-01-30,17,0,78,45.36,45.36,0.0,-13006.004,0.0
2019-01-30,17,0,79,26.25,26.25,0.0,-7526.622685,0.0
2019-01-30,17,0,80,42.45,42.45,0.0,-12171.624114,0.0
2019-01-30,17,0,81,55.5,55.5,0.0,-15913.43082,0.0
2019-01-30,17,0,82,39.15,39.15,0.0,-11225.420119,0.0
2019-01-30,17,0,83,87.3,87.3,0.0,-25031.396587,0.0
2019-01-30,17,0,84,0.0,0.0,0.0,0.0,0.0
2019-01-30,17,0,86,4.32,4.32,0.0,41.482205,0.0
2019-01-30,17,0,87,22.08,22.08,0.0,212.020161,0.0
2019-01-30,17,0,88,51.18,51.18,0.0,-14674.763773,0.0
2019-01-30,17,0,89,49.2,49.2,0.0,-14107.041376,0.0
2019-01-30,17,0,90,66.06,66.06,0.0,-18941.283603,0.0
2019-01-30,17,0,91,235.65,235.65,0.0,-67567.567077,0.0
2019-01-30,17,0,92,84.75,84.75,0.0,-24300.238955,0.0
2019-01-30,17,0,95,80.2,80.2,0.0,3911.839358,0.0
2019-01-30,17,0,96,29.88,29.88,0.0,159.704329,0.0
2019-01-30,17,0,97,183.75,183.75,0.0,982.117487,0.0
2019-01-30,17,0,99,15.48,15.48,0.0,127.151479,0.0
2019-01-30,17,0,101,7.89,7.89,0.0,42.356721,0.0
2019-01-30,17,0,102,43.4,43.4,0.0,-17714.438725,0.0
2019-01-30,17,0,103,37.75,37.75,0.0,-15408.296356,0.0
2019-01-30,17,0,104,7.04,7.04,0.0,-2873.494208,0.0
2019-01-30,17,0,106,178.56,178.56,0.0,962.605902,0.0
2019-01-30,17,0,109,60.0,60.0,0.0,440.292191,0.0
2019-01-30,17,0,110,328.58,328.58,0.0,-328580.0,0.0
2019-01-30,17,0,111,9.36,9.36,0.0,61.460301,0.0
2019-01-30,17,0,113,45.0,45.0,0.0,-11589.514212,0.0
2019-01-30,17,0,115,45.0,45.0,0.0,-11589.514212,0.0
2019-01-30,17,0,116,83.57,83.57,0.0,-83570.0,0.0
2019-01-30,17,0,117,3.0,3.0,0.0,-772.634281,0.0
2019-01-30,17,0,119,112.31,112.31,0.0,13679.071957,0.0
2019-01-30,17,0,120,66.1,66.1,0.0,8050.81165,0.0
2019-01-30,17,0,123,2.98,2.98,0.0,16.064995,0.0
2019-01-30,17,0,125,61.22,61.22,0.0,330.033229,0.0
2019-01-30,17,0,126,133.92,133.92,0.0,721.954426,0.0
2019-01-30,17,0,127,171.86,171.86,0.0,926.486617,0.0
2019-01-30,17,0,128,88.11,88.11,0.0,474.995553,0.0
2019-01-30,17,0,131,30.0,30.0,0.0,-11077.736012,0.0
2019-01-30,17,0,132,44.1,44.1,0.0,-16284.271937,0.0
2019-01-30,17,0,133,111.85,111.85,0.0,1003.106448,0.0
2019-01-30,17,0,134,0.0,0.0,0.0,0.0,0.0
2019-01-30,17,0,135,146.43,146.43,0.0,1313.230909,0.0
2019-01-30,17,0,136,28.02,28.02,0.0,250.467114,0.0
2019-01-30,17,0,139,44.94,44.94,0.0,295.08824,0.0
2019-01-30,17,0,140,243.19,243.19,0.0,-243190.0,0.0
2019-01-30,17,0,141,163.69,163.69,0.0,-90660.580398,0.0
2019-01-30,17,0,142,308.67,308.67,0.0,-170958.527408,0.0
2019-01-30,17,0,143,30.34,30.34,0.0,162.877428,0.0
2019-01-30,17,0,145,30.0,30.0,0.0,182.987872,0.0
2019-01-30,17,0,146,221.88,221.88,0.0,-221880.0,0.0
2019-01-30,17,0,152,2.78,2.78,0.0,22.911931,0.0
2019-01-30,17,0,153,3.54,3.54,0.0,29.060049,0.0
2019-01-30,17,0,154,38.6,38.6,0.0,253.458079,0.0
2019-01-30,17,0,157,104.5,104.5,0.0,-57877.882898,0.0
2019-01-30,17,0,158,231.04,231.04,0.0,-127962.737462,0.0
2019-01-30,17,0,159,0.0,0.0,0.0,0.0,0.0
2019-01-30,17,0,160,1.05,1.05,0.0,9.142668,0.0
2019-01-30,17,0,161,44.35,44.35,0.0,-18102.197176,0.0
2019-01-30,17,0,162,119.78,119.78,0.0,5938.738699,0.0
2019-01-30,17,0,163,185.4,185.4,0.0,-185400.0,0.0
2019-01-30,17,0,164,13.18,13.18,0.0,70.755587,0.0
2019-01-30,17,0,167,3.88,3.88,0.0,180.882274,0.0
2019-01-30,17,0,168,1.94,1.94,0.0,90.441137,0.0
2019-01-30,17,0,169,0.0,0.0,0.0,0.0,0.0
2019-01-30,17,0,170,4.24,4.24,0.0,197.665166,0.0
2019-01-30,17,0,172,5.32,5.32,0.0,142.6728,0.0
2019-01-30,17,0,173,8.11,8.11,0.0,217.495566,0.0
2019-01-30,17,0,188,7.08,7.08,0.0,230.544022,0.0
2019-01-30,17,0,190,6.49,6.49,0.0,210.454846,0.0
2019-01-30,17,0,191,16.76,16.76,0.0,543.485857,0.0
2019-01-30,17,0,192,222.25,222.25,0.0,7207.024569,0.0
2019-01-30,17,0,194,52.95,52.95,0.0,-6453.10139,0.0
2019-01-30,17,0,196,4.37,4.37,0.0,1203.053316,0.0
2019-01-30,17,0,198,4.48,4.48,0.0,43.142111,0.0
2019-01-30,17,0,199,79.43,79.43,0.0,-2064.797478,0.0
2019-01-30,17,0,200,13.31,13.31,0.0,-345.995901,0.0
2019-01-30,17,0,204,257.1,257.1,0.0,1863.611686,0.0
2019-01-30,17,0,205,317.4,317.4,0.0,2329.145693,0.0
2019-01-30,17,0,206,539.94,539.94,0.0,2885.902128,0.0
2019-01-30,17,0,210,0.83,0.83,0.0,8.456993,0.0
2019-01-30,17,0,214,4.59,4.59,0.0,45.802669,0.0
2019-01-30,17,0,217,2.94,2.94,0.0,29.625434,0.0
2019-01-30,17,0,218,4.05,4.05,0.0,40.810546,0.0
2019-01-30,17,0,219,2.76,2.76,0.0,27.811632,0.0
2019-01-30,17,0,221,2.45,2.45,0.0,24.448048,0.0
2019-01-30,17,0,225,2.13,2.13,0.0,21.388563,0.0
2019-01-30,17,0,233,2.45,2.45,0.0,23.525788,0.0
2019-01-30,17,0,236,101.78,101.78,0.0,876.938969,0.0
2019-01-30,17,0,237,188.09,188.09,0.0,1544.956185,0.0
2019-01-30,17,0,238,23.91,23.91,0.0,211.076101,0.0
2019-01-30,17,0,240,4.99,4.99,0.0,39.879608,0.0
2019-01-30,17,0,245,78.0,78.0,0.0,706.691393,0.0
2019-01-30,17,0,247,171.72,171.72,0.0,1555.808282,0.0
2019-01-30,17,0,248,19.14,19.14,0.0,157.214426,0.0
2019-01-30,17,0,249,150.0,150.0,0.0,1359.021909,0.0
2019-01-30,17,0,251,87.31,87.31,0.0,776.901761,0.0
2019-01-30,17,0,252,138.19,138.19,0.0,1235.456753,0.0
2019-01-30,17,0,254,6.2,6.2,0.0,51.434434,0.0
2019-01-30,17,0,255,2.84,2.84,0.0,23.560289,0.0
2019-01-30,17,0,258,6.38,6.38,0.0,51.159555,0.0
2019-01-30,17,0,260,2.55,2.55,0.0,22.203622,0.0
2019-01-30,17,0,265,39.97,39.97,0.0,262.453871,0.0
2019-01-30,17,0,266,29.1,29.1,0.0,191.0785,0.0
2019-01-30,17,0,267,35.76,35.76,0.0,234.809868,0.0
2019-01-30,17,0,270,578.99,578.99,0.0,-578990.0,0.0
2019-01-30,17,0,272,150.39,150.39,0.0,-38732.156495,0.0
2019-01-30,17,0,273,19.98,19.98,0.0,-19980.0,0.0
2019-01-30,17,0,274,746.39,746.39,0.0,-746390.0,0.0
2019-01-30,17,0,275,1038.99,1038.99,0.0,-1038990.0,0.0
2019-01-30,17,0,276,4.57,4.57,0.0,-4114.760887,0.0
2019-01-30,17,0,277,5.76,5.76,0.0,-1550.851118,0.0
2019-01-30,17,0,278,9.22,9.22,0.0,-2482.438769,0.0
2019-01-30,17,0,279,264.6,264.6,0.0,-71242.223233,0.0
2019-01-30,17,0,281,15.08,15.08,0.0,80.955557,0.0
2019-01-30,17,0,282,214.98,214.98,0.0,1154.099849,0.0
2019-01-30,18,0,9,1.3,1.3,0.0,6.017993,0.0
2019-01-30,18,0,17,6.91,6.91,0.0,67.269473,0.0
2019-01-30,18,0,19,332.94,332.94,0.0,3241.200915,0.0
2019-01-30,18,0,20,405.43,405.43,0.0,3946.8976,0.0
2019-01-30,18,0,21,29.81,29.81,0.0,137.997207,0.0
2019-01-30,18,0,22,105.95,105.95,0.0,490.466423,0.0
2019-01-30,18,0,23,66.91,66.91,0.0,309.741466,0.0
2019-01-30,18,0,24,118.73,118.73,0.0,549.627923,0.0
2019-01-30,18,0,29,1.07,1.07,0.0,8.362612,0.0
2019-01-30,18,0,30,236.22,236.22,0.0,1086.485023,0.0
2019-01-30,18,0,31,33.86,33.86,0.0,155.737799,0.0
2019-01-30,18,0,32,1.73,1.73,0.0,128.245875,0.0
2019-01-30,18,0,33,0.46,0.46,0.0,4.954335,0.0
2019-01-30,18,0,34,0.73,0.73,0.0,7.862314,0.0
2019-01-30,18,0,35,0.73,0.73,0.0,7.862314,0.0
2019-01-30,18,0,36,2.41,2.41,0.0,19.284,0.0
2019-01-30,18,0,37,1.06,1.06,0.0,8.43695,0.0
2019-01-30,18,0,38,1.36,1.36,0.0,10.824766,0.0
2019-01-30,18,0,39,0.91,0.91,0.0,7.243042,0.0
2019-01-30,18,0,40,0.91,0.91,0.0,7.243042,0.0
2019-01-30,18,0,41,34.8,34.8,0.0,216.160742,0.0
2019-01-30,18,0,42,10.7,10.7,0.0,101.76443,0.0
2019-01-30,18,0,43,7.26,7.26,0.0,58.85978,0.0
2019-01-30,18,0,46,8.36,8.36,0.0,63.706854,0.0
2019-01-30,18,0,52,35.89,35.89,0.0,165.074708,0.0
2019-01-30,18,0,53,57.03,57.03,0.0,262.307344,0.0
2019-01-30,18,0,55,222.98,222.98,0.0,1032.224663,0.0
2019-01-30,18,0,56,69.68,69.68,0.0,320.490544,0.0
2019-01-30,18,0,57,66.28,66.28,0.0,304.852372,0.0
2019-01-30,18,0,58,127.46,127.46,0.0,586.247485,0.0
2019-01-30,18,0,59,125.33,125.33,0.0,576.45063,0.0
2019-01-30,18,0,63,130.75,130.75,0.0,19835.948461,0.0
2019-01-30,18,0,64,153.83,153.83,0.0,23337.3916,0.0
2019-01-30,18,0,65,15.12,15.12,0.0,146.564298,0.0
2019-01-30,18,0,67,136.36,136.36,0.0,-73998.354867,0.0
2019-01-30,18,0,68,6.56,6.56,0.0,-2580.229388,0.0
2019-01-30,18,0,69,0.46,0.46,0.0,4.954335,0.0
2019-01-30,18,0,74,45.24,45.24,0.0,386.077655,0.0
2019-01-30,18,0,77,55.99,55.99,0.0,-15050.220982,0.0
2019-01-30,18,0,78,42.33,42.33,0.0,-11378.386393,0.0
2019-01-30,18,0,79,24.49,24.49,0.0,-6582.959669,0.0
2019-01-30,18,0,80,39.61,39.61,0.0,-10647.245099,0.0
2019-01-30,18,0,81,51.79,51.79,0.0,-13921.252807,0.0
2019-01-30,18,0,82,36.53,36.53,0.0,-9819.335104,0.0
2019-01-30,18,0,83,81.46,81.46,0.0,-21896.606558,0.0
2019-01-30,18,0,84,0.0,0.0,0.0,0.0,0.0
2019-01-30,18,0,86,2.32,2.32,0.0,24.987081,0.0
2019-01-30,18,0,87,11.84,11.84,0.0,127.520274,0.0
2019-01-30,18,0,88,51.18,51.18,0.0,-13757.283619,0.0
2019-01-30,18,0,89,49.2,49.2,0.0,-13225.055765,0.0
2019-01-30,18,0,90,66.06,66.06,0.0,-17757.056583,0.0
2019-01-30,18,0,91,235.65,235.65,0.0,-63343.178682,0.0
2019-01-30,18,0,92,84.75,84.75,0.0,-22780.964962,0.0
2019-01-30,18,0,95,55.2,55.2,0.0,4273.004502,0.0
2019-01-30,18,0,96,29.88,29.88,0.0,136.502517,0.0
2019-01-30,18,0,97,183.75,183.75,0.0,839.435662,0.0
2019-01-30,18,0,99,8.73,8.73,0.0,74.501723,0.0
2019-01-30,18,0,101,4.76,4.76,0.0,21.893441,0.0
2019-01-30,18,0,102,15.52,15.52,0.0,-6104.445137,0.0
2019-01-30,18,0,103,13.5,13.5,0.0,-5309.923283,0.0
2019-01-30,18,0,104,2.51,2.51,0.0,-987.252403,0.0
2019-01-30,18,0,106,104.3,104.3,0.0,482.828201,0.0
2019-01-30,18,0,109,60.0,60.0,0.0,430.675137,0.0
2019-01-30,18,0,110,234.41,234.41,0.0,-234410.0,0.0
2019-01-30,18,0,111,5.42,5.42,0.0,33.666414,0.0
2019-01-30,18,0,113,35.22,35.22,0.0,-8418.504328,0.0
2019-01-30,18,0,115,35.22,35.22,0.0,-8418.504328,0.0
2019-01-30,18,0,116,46.0,46.0,0.0,-46000.0,0.0
2019-01-30,18,0,117,2.35,2.35,0.0,-561.711674,0.0
2019-01-30,18,0,119,153.83,153.83,0.0,23337.3916,0.0
2019-01-30,18,0,120,90.45,90.45,0.0,13722.076775,0.0
2019-01-30,18,0,123,1.74,1.74,0.0,8.054852,0.0
2019-01-30,18,0,125,107.37,107.37,0.0,497.039923,0.0
2019-01-30,18,0,126,78.22,78.22,0.0,362.098005,0.0
2019-01-30,18,0,127,100.39,100.39,0.0,464.72793,0.0
2019-01-30,18,0,128,154.18,154.18,0.0,713.73396,0.0
2019-01-30,18,0,131,21.54,21.54,0.0,-7613.165587,0.0
2019-01-30,18,0,132,31.66,31.66,0.0,-11190.010329,0.0
2019-01-30,18,0,133,139.8,139.8,0.0,1361.514638,0.0
2019-01-30,18,0,134,0.0,0.0,0.0,0.0,0.0
2019-01-30,18,0,135,187.33,187.33,0.0,1824.410137,0.0
2019-01-30,18,0,136,21.42,21.42,0.0,207.583738,0.0
2019-01-30,18,0,139,44.94,44.94,0.0,279.14551,0.0
2019-01-30,18,0,140,173.49,173.49,0.0,-173490.0,0.0
2019-01-30,18,0,141,122.46,122.46,0.0,-66455.254745,0.0
2019-01-30,18,0,142,179.83,179.83,0.0,-97588.179494,0.0
2019-01-30,18,0,143,35.01,35.01,0.0,161.027181,0.0
2019-01-30,18,0,145,30.0,30.0,0.0,166.714338,0.0
2019-01-30,18,0,146,135.33,135.33,0.0,-135330.0,0.0
2019-01-30,18,0,152,1.55,1.55,0.0,13.242668,0.0
2019-01-30,18,0,153,1.96,1.96,0.0,16.639756,0.0
2019-01-30,18,0,154,22.36,22.36,0.0,138.889488,0.0
2019-01-30,18,0,157,76.24,76.24,0.0,-41373.090166,0.0
2019-01-30,18,0,158,135.33,135.33,0.0,-73439.405722,0.0
2019-01-30,18,0,159,0.0,0.0,0.0,0.0,0.0
2019-01-30,18,0,160,0.56,0.56,0.0,4.832551,0.0
2019-01-30,18,0,161,25.32,25.32,0.0,-9959.056112,0.0
2019-01-30,18,0,162,74.52,74.52,0.0,5829.192211,0.0
2019-01-30,18,0,163,135.16,135.16,0.0,-135160.0,0.0
2019-01-30,18,0,164,8.2,8.2,0.0,37.715592,0.0
2019-01-30,18,0,167,1.9,1.9,0.0,142.894568,0.0
2019-01-30,18,0,168,0.95,0.95,0.0,71.447284,0.0
2019-01-30,18,0,169,0.0,0.0,0.0,0.0,0.0
2019-01-30,18,0,170,2.08,2.08,0.0,156.431948,0.0
2019-01-30,18,0,172,2.63,2.63,0.0,147.905534,0.0
2019-01-30,18,0,173,4.01,4.01,0.0,225.513761,0.0
2019-01-30,18,0,188,3.55,3.55,0.0,216.472622,0.0
2019-01-30,18,0,190,3.44,3.44,0.0,111.550796,0.0
2019-01-30,18,0,191,8.88,8.88,0.0,287.956707,0.0
2019-01-30,18,0,192,152.61,152.61,0.0,4948.769492,0.0
2019-01-30,18,0,194,98.98,98.98,0.0,-9906.088422,0.0
2019-01-30,18,0,196,2.37,2.37,0.0,732.021524,0.0
2019-01-30,18,0,198,2.33,2.33,0.0,21.688744,0.0
2019-01-30,18,0,199,50.45,50.45,0.0,-1036.587817,0.0
2019-01-30,18,0,200,6.82,6.82,0.0,-140.129413,0.0
2019-01-30,18,0,204,257.1,257.1,0.0,1811.545802,0.0
2019-01-30,18,0,205,317.4,317.4,0.0,2278.271473,0.0
2019-01-30,18,0,206,539.94,539.94,0.0,2466.638864,0.0
2019-01-30,18,0,210,0.4,0.4,0.0,3.249501,0.0
2019-01-30,18,0,214,2.34,2.34,0.0,26.637059,0.0
2019-01-30,18,0,217,1.46,1.46,0.0,14.551463,0.0
2019-01-30,18,0,218,2.02,2.02,0.0,20.132847,0.0
2019-01-30,18,0,219,1.37,1.37,0.0,13.654455,0.0
2019-01-30,18,0,221,1.25,1.25,0.0,14.229198,0.0
2019-01-30,18,0,225,1.04,1.04,0.0,8.097189,0.0
2019-01-30,18,0,233,1.31,1.31,0.0,14.109084,0.0
2019-01-30,18,0,236,87.7,87.7,0.0,803.561548,0.0
2019-01-30,18,0,237,108.52,108.52,0.0,926.108469,0.0
2019-01-30,18,0,238,13.92,13.92,0.0,132.388866,0.0
2019-01-30,18,0,240,2.73,2.73,0.0,21.844532,0.0
2019-01-30,18,0,245,78.0,78.0,0.0,771.293266,0.0
2019-01-30,18,0,247,169.28,169.28,0.0,1673.904155,0.0
2019-01-30,18,0,248,10.89,10.89,0.0,92.935138,0.0
2019-01-30,18,0,249,150.0,150.0,0.0,1483.256281,0.0
2019-01-30,18,0,251,52.48,52.48,0.0,505.118289,0.0
2019-01-30,18,0,252,97.52,97.52,0.0,945.300948,0.0
2019-01-30,18,0,254,3.31,3.31,0.0,27.269213,0.0
2019-01-30,18,0,255,1.52,1.52,0.0,12.522418,0.0
2019-01-30,18,0,258,3.48,3.48,0.0,27.905212,0.0
2019-01-30,18,0,260,1.36,1.36,0.0,11.736195,0.0
2019-01-30,18,0,265,23.15,23.15,0.0,143.796585,0.0
2019-01-30,18,0,266,29.1,29.1,0.0,180.755103,0.0
2019-01-30,18,0,267,35.76,35.76,0.0,222.123797,0.0
2019-01-30,18,0,270,422.1,422.1,0.0,-422100.0,0.0
2019-01-30,18,0,272,117.71,117.71,0.0,-28135.779228,0.0
2019-01-30,18,0,273,11.0,11.0,0.0,-11000.0,0.0
2019-01-30,18,0,274,544.14,544.14,0.0,-544140.0,0.0
2019-01-30,18,0,275,757.45,757.45,0.0,-757450.0,0.0
2019-01-30,18,0,276,2.53,2.53,0.0,-2271.655774,0.0
2019-01-30,18,0,277,3.21,3.21,0.0,-805.59381,0.0
2019-01-30,18,0,278,5.14,5.14,0.0,-1289.953952,0.0
2019-01-30,18,0,279,171.53,171.53,0.0,-43047.821276,0.0
2019-01-30,18,0,281,15.18,15.18,0.0,69.81984,0.0
2019-01-30,18,0,282,129.58,129.58,0.0,595.998346,0.0
2019-01-30,19,0,9,0.09,0.09,0.0,2.270461,0.0
2019-01-30,19,0,17,0.2,0.2,0.0,2.14641,0.0
2019-01-30,19,0,19,615.51,615.51,0.0,6605.685632,0.0
2019-01-30,19,0,20,748.14,748.14,0.0,8029.077754,0.0
2019-01-30,19,0,21,2.12,2.12,0.0,53.48196,0.0
2019-01-30,19,0,22,7.52,7.52,0.0,189.709594,0.0
2019-01-30,19,0,23,66.89,66.89,0.0,1687.45675,0.0
2019-01-30,19,0,24,118.36,118.36,0.0,2985.907923,0.0
2019-01-30,19,0,29,0.0,0.0,0.0,0.0,0.0
2019-01-30,19,0,30,23.8,23.8,0.0,600.099035,0.0
2019-01-30,19,0,31,18.34,18.34,0.0,462.429256,0.0
2019-01-30,19,0,32,0.0,0.0,0.0,0.0,0.0
2019-01-30,19,0,33,0.01,0.01,0.0,0.305417,0.0
2019-01-30,19,0,34,0.01,0.01,0.0,0.305417,0.0
2019-01-30,19,0,35,0.01,0.01,0.0,0.305417,0.0
2019-01-30,19,0,36,0.1,0.1,0.0,2.644846,0.0
2019-01-30,19,0,37,0.04,0.04,0.0,1.052602,0.0
2019-01-30,19,0,38,0.05,0.05,0.0,1.315752,0.0
2019-01-30,19,0,39,0.03,0.03,0.0,0.789451,0.0
2019-01-30,19,0,40,0.03,0.03,0.0,0.789451,0.0
2019-01-30,19,0,41,34.8,34.8,0.0,906.44229,0.0
2019-01-30,19,0,42,1.45,1.45,0.0,35.004967,0.0
2019-01-30,19,0,43,0.18,0.18,0.0,4.683671,0.0
2019-01-30,19,0,46,0.12,0.12,0.0,3.128885,0.0
2019-01-30,19,0,52,19.44,19.44,0.0,490.164926,0.0
2019-01-30,19,0,53,30.89,30.89,0.0,778.868033,0.0
2019-01-30,19,0,55,105.63,105.63,0.0,2664.763889,0.0
2019-01-30,19,0,56,7.02,7.02,0.0,177.004001,0.0
2019-01-30,19,0,57,6.68,6.68,0.0,168.431158,0.0
2019-01-30,19,0,58,12.84,12.84,0.0,323.750908,0.0
2019-01-30,19,0,59,12.63,12.63,0.0,318.455916,0.0
2019-01-30,19,0,63,84.35,84.35,0.0,2000.894575,0.0
2019-01-30,19,0,64,99.23,99.23,0.0,2353.868034,0.0
2019-01-30,19,0,65,10.24,10.24,0.0,202.595151,0.0
2019-01-30,19,0,67,9.57,9.57,0.0,228.211089,0.0
2019-01-30,19,0,68,5.17,5.17,0.0,123.482999,0.0
2019-01-30,19,0,69,0.01,0.01,0.0,0.305417,0.0
2019-01-30,19,0,74,42.87,42.87,0.0,1186.23333,0.0
2019-01-30,19,0,77,40.48,40.48,0.0,971.463367,0.0
2019-01-30,19,0,78,30.6,30.6,0.0,734.35719,0.0
2019-01-30,19,0,79,17.71,17.71,0.0,425.015223,0.0
2019-01-30,19,0,80,28.64,28.64,0.0,687.319932,0.0
2019-01-30,19,0,81,37.44,37.44,0.0,898.50762,0.0
2019-01-30,19,0,82,26.41,26.41,0.0,633.803051,0.0
2019-01-30,19,0,83,58.9,58.9,0.0,1413.517597,0.0
2019-01-30,19,0,84,0.0,0.0,0.0,0.0,0.0
2019-01-30,19,0,86,0.04,0.04,0.0,1.221666,0.0
2019-01-30,19,0,87,0.2,0.2,0.0,6.108332,0.0
2019-01-30,19,0,88,36.84,36.84,0.0,884.10846,0.0
2019-01-30,19,0,89,35.42,35.42,0.0,850.030446,0.0
2019-01-30,19,0,90,47.55,47.55,0.0,1141.133476,0.0
2019-01-30,19,0,91,169.63,169.63,0.0,4070.882682,0.0
2019-01-30,19,0,92,61.01,61.01,0.0,1464.154645,0.0
2019-01-30,19,0,95,36.22,36.22,0.0,860.783963,0.0
2019-01-30,19,0,96,27.21,27.21,0.0,685.70724,0.0
2019-01-30,19,0,97,167.35,167.35,0.0,4217.313732,0.0
2019-01-30,19,0,99,8.27,8.27,0.0,228.834841,0.0
2019-01-30,19,0,101,0.48,0.48,0.0,12.102838,0.0
2019-01-30,19,0,102,14.79,14.79,0.0,353.25214,0.0
2019-01-30,19,0,103,12.41,12.41,0.0,296.406968,0.0
2019-01-30,19,0,104,1.77,1.77,0.0,42.275611,0.0
2019-01-30,19,0,106,7.41,7.41,0.0,186.934587,0.0
2019-01-30,19,0,109,60.0,60.0,0.0,1575.095886,0.0
2019-01-30,19,0,110,168.46,168.46,0.0,3997.570584,0.0
2019-01-30,19,0,111,0.56,0.56,0.0,14.586428,0.0
2019-01-30,19,0,113,21.94,21.94,0.0,520.760034,0.0
2019-01-30,19,0,115,21.94,21.94,0.0,520.760034,0.0
2019-01-30,19,0,116,1.07,1.07,0.0,25.391194,0.0
2019-01-30,19,0,117,1.46,1.46,0.0,34.654041,0.0
2019-01-30,19,0,119,99.23,99.23,0.0,2353.868034,0.0
2019-01-30,19,0,120,58.35,58.35,0.0,1384.139875,0.0
2019-01-30,19,0,123,0.12,0.12,0.0,3.027281,0.0
2019-01-30,19,0,125,107.1,107.1,0.0,2701.848078,0.0
2019-01-30,19,0,126,5.55,5.55,0.0,140.011735,0.0
2019-01-30,19,0,127,7.13,7.13,0.0,179.870932,0.0
2019-01-30,19,0,128,153.4,153.4,0.0,3869.873904,0.0
2019-01-30,19,0,131,14.69,14.69,0.0,351.012838,0.0
2019-01-30,19,0,132,21.59,21.59,0.0,515.886125,0.0
2019-01-30,19,0,133,135.62,135.62,0.0,4117.296036,0.0
2019-01-30,19,0,134,0.0,0.0,0.0,0.0,0.0
2019-01-30,19,0,135,183.78,183.78,0.0,5579.388478,0.0
2019-01-30,19,0,136,15.93,15.93,0.0,323.086747,0.0
2019-01-30,19,0,139,44.94,44.94,0.0,1170.560819,0.0
2019-01-30,19,0,140,124.68,124.68,0.0,2958.667342,0.0
2019-01-30,19,0,141,90.62,90.62,0.0,2160.970621,0.0
2019-01-30,19,0,142,12.62,12.62,0.0,300.94294,0.0
2019-01-30,19,0,143,20.95,20.95,0.0,528.238436,0.0
2019-01-30,19,0,145,25.65,25.65,0.0,656.686154,0.0
2019-01-30,19,0,146,80.31,80.31,0.0,1905.763348,0.0
2019-01-30,19,0,152,0.1,0.1,0.0,2.757457,0.0
2019-01-30,19,0,153,0.11,0.11,0.0,3.025574,0.0
2019-01-30,19,0,154,2.33,2.33,0.0,60.689958,0.0
2019-01-30,19,0,157,57.75,57.75,0.0,1377.135879,0.0
2019-01-30,19,0,158,10.52,10.52,0.0,250.865272,0.0
2019-01-30,19,0,159,0.0,0.0,0.0,0.0,0.0
2019-01-30,19,0,160,0.0,0.0,0.0,0.0,0.0
2019-01-30,19,0,161,1.47,1.47,0.0,35.110253,0.0
2019-01-30,19,0,162,43.06,43.06,0.0,1023.300153,0.0
2019-01-30,19,0,163,87.44,87.44,0.0,2074.958874,0.0
2019-01-30,19,0,164,2.02,2.02,0.0,50.932775,0.0
2019-01-30,19,0,167,0.0,0.0,0.0,0.0,0.0
2019-01-30,19,0,168,0.0,0.0,0.0,0.0,0.0
2019-01-30,19,0,169,0.0,0.0,0.0,0.0,0.0
2019-01-30,19,0,170,0.0,0.0,0.0,0.0,0.0
2019-01-30,19,0,172,0.0,0.0,0.0,0.0,0.0
2019-01-30,19,0,173,0.0,0.0,0.0,0.0,0.0
2019-01-30,19,0,188,0.0,0.0,0.0,0.0,0.0
2019-01-30,19,0,190,0.0,0.0,0.0,0.0,0.0
2019-01-30,19,0,191,0.0,0.0,0.0,0.0,0.0
2019-01-30,19,0,192,106.35,106.35,0.0,2522.763936,0.0
2019-01-30,19,0,194,162.47,162.47,0.0,3821.067169,0.0
2019-01-30,19,0,196,0.02,0.02,0.0,0.474339,0.0
2019-01-30,19,0,198,0.0,0.0,0.0,0.0,0.0
2019-01-30,19,0,199,29.8,29.8,0.0,575.358617,0.0
2019-01-30,19,0,200,0.0,0.0,0.0,0.0,0.0
2019-01-30,19,0,204,257.1,257.1,0.0,6719.904802,0.0
2019-01-30,19,0,205,317.4,317.4,0.0,8332.257238,0.0
2019-01-30,19,0,206,491.74,491.74,0.0,12392.123421,0.0
2019-01-30,19,0,210,0.0,0.0,0.0,0.0,0.0
2019-01-30,19,0,214,0.0,0.0,0.0,0.0,0.0
2019-01-30,19,0,217,0.0,0.0,0.0,0.0,0.0
2019-01-30,19,0,218,0.0,0.0,0.0,0.0,0.0
2019-01-30,19,0,219,0.0,0.0,0.0,0.0,0.0
2019-01-30,19,0,221,0.0,0.0,0.0,0.0,0.0
2019-01-30,19,0,225,0.0,0.0,0.0,0.0,0.0
2019-01-30,19,0,233,0.02,0.02,0.0,0.610833,0.0
2019-01-30,19,0,236,75.25,75.25,0.0,2134.821423,0.0
2019-01-30,19,0,237,102.83,102.83,0.0,2845.355104,0.0
2019-01-30,19,0,238,1.89,1.89,0.0,45.627164,0.0
2019-01-30,19,0,240,0.11,0.11,0.0,2.909331,0.0
2019-01-30,19,0,245,78.0,78.0,0.0,2143.114291,0.0
2019-01-30,19,0,247,137.14,137.14,0.0,3768.034536,0.0
2019-01-30,19,0,248,10.32,10.32,0.0,285.559318,0.0
2019-01-30,19,0,249,150.0,150.0,0.0,4121.373636,0.0
2019-01-30,19,0,251,30.58,30.58,0.0,691.844736,0.0
2019-01-30,19,0,252,66.04,66.04,0.0,1306.580449,0.0
2019-01-30,19,0,254,0.0,0.0,0.0,0.0,0.0
2019-01-30,19,0,255,0.0,0.0,0.0,0.0,0.0
2019-01-30,19,0,258,0.14,0.14,0.0,3.693106,0.0
2019-01-30,19,0,260,0.0,0.0,0.0,0.0,0.0
2019-01-30,19,0,265,2.41,2.41,0.0,62.773733,0.0
2019-01-30,19,0,266,29.1,29.1,0.0,757.973294,0.0
2019-01-30,19,0,267,35.76,35.76,0.0,931.447595,0.0
2019-01-30,19,0,270,273.07,273.07,0.0,6479.975065,0.0
2019-01-30,19,0,272,73.33,73.33,0.0,1740.53479,0.0
2019-01-30,19,0,273,0.26,0.26,0.0,6.169823,0.0
2019-01-30,19,0,274,352.02,352.02,0.0,8353.465493,0.0
2019-01-30,19,0,275,490.01,490.01,0.0,11627.980304,0.0
2019-01-30,19,0,276,0.08,0.08,0.0,1.900487,0.0
2019-01-30,19,0,277,0.09,0.09,0.0,2.145696,0.0
2019-01-30,19,0,278,0.14,0.14,0.0,3.337749,0.0
2019-01-30,19,0,279,100.22,100.22,0.0,2389.351817,0.0
2019-01-30,19,0,281,8.23,8.23,0.0,207.513238,0.0
2019-01-30,19,0,282,13.06,13.06,0.0,329.298042,0.0
2019-01-30,20,0,9,0.0,0.0,0.0,0.0,0.0
2019-01-30,20,0,17,0.0,0.0,0.0,0.0,0.0
2019-01-30,20,0,19,643.3,643.3,0.0,6903.929371,0.0
2019-01-30,20,0,20,780.2,780.2,0.0,8373.147357,0.0
2019-01-30,20,0,21,0.0,0.0,0.0,0.0,0.0
2019-01-30,20,0,22,0.0,0.0,0.0,0.0,0.0
2019-01-30,20,0,23,59.54,59.54,0.0,816.937131,0.0
2019-01-30,20,0,24,105.34,105.34,0.0,1445.350309,0.0
2019-01-30,20,0,29,0.0,0.0,0.0,0.0,0.0
2019-01-30,20,0,30,0.0,0.0,0.0,0.0,0.0
2019-01-30,20,0,31,15.37,15.37,0.0,210.452261,0.0
2019-01-30,20,0,32,0.0,0.0,0.0,0.0,0.0
2019-01-30,20,0,33,0.0,0.0,0.0,0.0,0.0
2019-01-30,20,0,34,0.0,0.0,0.0,0.0,0.0
2019-01-30,20,0,35,0.0,0.0,0.0,0.0,0.0
2019-01-30,20,0,36,0.0,0.0,0.0,0.0,0.0
2019-01-30,20,0,37,0.0,0.0,0.0,0.0,0.0
2019-01-30,20,0,38,0.0,0.0,0.0,0.0,0.0
2019-01-30,20,0,39,0.0,0.0,0.0,0.0,0.0
2019-01-30,20,0,40,0.0,0.0,0.0,0.0,0.0
2019-01-30,20,0,41,60.5,60.5,0.0,923.075832,0.0
2019-01-30,20,0,42,0.0,0.0,0.0,0.0,0.0
2019-01-30,20,0,43,0.0,0.0,0.0,0.0,0.0
2019-01-30,20,0,46,0.0,0.0,0.0,0.0,0.0
2019-01-30,20,0,52,16.3,16.3,0.0,223.186197,0.0
2019-01-30,20,0,53,25.89,25.89,0.0,354.496359,0.0
2019-01-30,20,0,55,85.68,85.68,0.0,1175.59915,0.0
2019-01-30,20,0,56,0.0,0.0,0.0,0.0,0.0
2019-01-30,20,0,57,0.0,0.0,0.0,0.0,0.0
2019-01-30,20,0,58,0.0,0.0,0.0,0.0,0.0
2019-01-30,20,0,59,0.0,0.0,0.0,0.0,0.0
2019-01-30,20,0,63,109.27,109.27,0.0,5692.263092,0.0
2019-01-30,20,0,64,128.56,128.56,0.0,6697.147827,0.0
2019-01-30,20,0,65,8.74,8.74,0.0,128.98473,0.0
2019-01-30,20,0,67,0.0,0.0,0.0,-0.0,0.0
2019-01-30,20,0,68,4.07,4.07,0.0,16.776025,0.0
2019-01-30,20,0,69,0.0,0.0,0.0,0.0,0.0
2019-01-30,20,0,74,28.47,28.47,0.0,501.114009,0.0
2019-01-30,20,0,77,57.47,57.47,0.0,632.310258,0.0
2019-01-30,20,0,78,43.63,43.63,0.0,480.036481,0.0
2019-01-30,20,0,79,25.39,25.39,0.0,279.351965,0.0
2019-01-30,20,0,80,40.86,40.86,0.0,449.559721,0.0
2019-01-30,20,0,81,53.23,53.23,0.0,585.65991,0.0
2019-01-30,20,0,82,37.72,37.72,0.0,415.012057,0.0
2019-01-30,20,0,83,82.97,82.97,0.0,912.872492,0.0
2019-01-30,20,0,84,0.0,0.0,0.0,0.0,0.0
2019-01-30,20,0,86,0.0,0.0,0.0,0.0,0.0
2019-01-30,20,0,87,0.0,0.0,0.0,0.0,0.0
2019-01-30,20,0,88,74.14,74.14,0.0,815.720942,0.0
2019-01-30,20,0,89,71.29,71.29,0.0,784.363986,0.0
2019-01-30,20,0,90,95.64,95.64,0.0,1052.273413,0.0
2019-01-30,20,0,91,340.5,340.5,0.0,3746.331004,0.0
2019-01-30,20,0,92,122.63,122.63,0.0,1349.229284,0.0
2019-01-30,20,0,95,40.08,40.08,0.0,15004.10803,0.0
2019-01-30,20,0,96,22.14,22.14,0.0,302.492546,0.0
2019-01-30,20,0,97,159.88,159.88,0.0,2184.395135,0.0
2019-01-30,20,0,99,5.49,5.49,0.0,96.632101,0.0
2019-01-30,20,0,101,0.0,0.0,0.0,0.0,0.0
2019-01-30,20,0,102,9.64,9.64,0.0,39.73486,0.0
2019-01-30,20,0,103,8.38,8.38,0.0,34.541299,0.0
2019-01-30,20,0,104,1.56,1.56,0.0,6.430123,0.0
2019-01-30,20,0,106,0.0,0.0,0.0,0.0,0.0
2019-01-30,20,0,109,54.48,54.48,0.0,878.909652,0.0
2019-01-30,20,0,110,163.34,163.34,0.0,-4665.126065,0.0
2019-01-30,20,0,111,0.0,0.0,0.0,0.0,0.0
2019-01-30,20,0,113,24.21,24.21,0.0,291.519416,0.0
2019-01-30,20,0,115,24.21,24.21,0.0,291.519416,0.0
2019-01-30,20,0,116,0.0,0.0,0.0,-0.0,0.0
2019-01-30,20,0,117,1.61,1.61,0.0,19.386463,0.0
2019-01-30,20,0,119,128.56,128.56,0.0,6697.147827,0.0
2019-01-30,20,0,120,75.59,75.59,0.0,3937.752055,0.0
2019-01-30,20,0,123,0.0,0.0,0.0,0.0,0.0
2019-01-30,20,0,125,95.32,95.32,0.0,1307.867775,0.0
2019-01-30,20,0,126,0.0,0.0,0.0,0.0,0.0
2019-01-30,20,0,127,0.0,0.0,0.0,0.0,0.0
2019-01-30,20,0,128,136.53,136.53,0.0,1873.302427,0.0
2019-01-30,20,0,131,13.48,13.48,0.0,84.526802,0.0
2019-01-30,20,0,132,19.82,19.82,0.0,124.281989,0.0
2019-01-30,20,0,133,103.8,103.8,0.0,2025.648651,0.0
2019-01-30,20,0,134,0.0,0.0,0.0,0.0,0.0
2019-01-30,20,0,135,138.32,138.32,0.0,2699.303675,0.0
2019-01-30,20,0,136,12.84,12.84,0.0,192.330276,0.0
2019-01-30,20,0,139,80.98,80.98,0.0,1235.548444,0.0
2019-01-30,20,0,140,120.89,120.89,0.0,-3452.718808,0.0
2019-01-30,20,0,141,94.18,94.18,0.0,-369.511493,0.0
2019-01-30,20,0,142,0.0,0.0,0.0,-0.0,0.0
2019-01-30,20,0,143,18.69,18.69,0.0,255.911045,0.0
2019-01-30,20,0,145,19.85,19.85,0.0,289.794906,0.0
2019-01-30,20,0,146,109.4,109.4,0.0,-3124.554864,0.0
2019-01-30,20,0,152,0.0,0.0,0.0,0.0,0.0
2019-01-30,20,0,153,0.0,0.0,0.0,0.0,0.0
2019-01-30,20,0,154,0.0,0.0,0.0,0.0,0.0
2019-01-30,20,0,157,62.15,62.15,0.0,-243.843059,0.0
2019-01-30,20,0,158,0.0,0.0,0.0,-0.0,0.0
2019-01-30,20,0,159,0.0,0.0,0.0,0.0,0.0
2019-01-30,20,0,160,0.0,0.0,0.0,0.0,0.0
2019-01-30,20,0,161,0.0,0.0,0.0,0.0,0.0
2019-01-30,20,0,162,48.47,48.47,0.0,18159.058803,0.0
2019-01-30,20,0,163,87.3,87.3,0.0,-2493.360509,0.0
2019-01-30,20,0,164,0.0,0.0,0.0,0.0,0.0
2019-01-30,20,0,167,0.0,0.0,0.0,0.0,0.0
2019-01-30,20,0,168,0.0,0.0,0.0,0.0,0.0
2019-01-30,20,0,169,0.0,0.0,0.0,0.0,0.0
2019-01-30,20,0,170,0.0,0.0,0.0,0.0,0.0
2019-01-30,20,0,172,0.0,0.0,0.0,0.0,0.0
2019-01-30,20,0,173,0.0,0.0,0.0,0.0,0.0
2019-01-30,20,0,188,0.0,0.0,0.0,0.0,0.0
2019-01-30,20,0,190,0.0,0.0,0.0,0.0,0.0
2019-01-30,20,0,191,0.0,0.0,0.0,0.0,0.0
2019-01-30,20,0,192,104.04,104.04,0.0,5419.813783,0.0
2019-01-30,20,0,194,176.5,176.5,0.0,3353.34807,0.0
2019-01-30,20,0,196,0.0,0.0,0.0,0.0,0.0
2019-01-30,20,0,198,0.0,0.0,0.0,0.0,0.0
2019-01-30,20,0,199,30.86,30.86,0.0,555.67143,0.0
2019-01-30,20,0,200,0.0,0.0,0.0,0.0,0.0
2019-01-30,20,0,204,447.83,447.83,0.0,7162.932391,0.0
2019-01-30,20,0,205,288.21,288.21,0.0,4649.606293,0.0
2019-01-30,20,0,206,605.65,605.65,0.0,8274.824328,0.0
2019-01-30,20,0,210,0.0,0.0,0.0,0.0,0.0
2019-01-30,20,0,214,0.0,0.0,0.0,0.0,0.0
2019-01-30,20,0,217,0.0,0.0,0.0,0.0,0.0
2019-01-30,20,0,218,0.0,0.0,0.0,0.0,0.0
2019-01-30,20,0,219,0.0,0.0,0.0,0.0,0.0
2019-01-30,20,0,221,0.0,0.0,0.0,0.0,0.0
2019-01-30,20,0,225,0.0,0.0,0.0,0.0,0.0
2019-01-30,20,0,233,0.0,0.0,0.0,0.0,0.0
2019-01-30,20,0,236,47.45,47.45,0.0,868.14443,0.0
2019-01-30,20,0,237,68.29,68.29,0.0,1202.004766,0.0
2019-01-30,20,0,238,0.0,0.0,0.0,0.0,0.0
2019-01-30,20,0,240,0.0,0.0,0.0,0.0,0.0
2019-01-30,20,0,245,145.89,145.89,0.0,2671.386938,0.0
2019-01-30,20,0,247,105.55,105.55,0.0,1932.72254,0.0
2019-01-30,20,0,248,6.86,6.86,0.0,120.746122,0.0
2019-01-30,20,0,249,280.44,280.44,0.0,5135.127514,0.0
2019-01-30,20,0,251,27.61,27.61,0.0,441.452965,0.0
2019-01-30,20,0,252,56.39,56.39,0.0,832.202393,0.0
2019-01-30,20,0,254,0.0,0.0,0.0,0.0,0.0
2019-01-30,20,0,255,0.0,0.0,0.0,0.0,0.0
2019-01-30,20,0,258,0.0,0.0,0.0,0.0,0.0
2019-01-30,20,0,260,0.0,0.0,0.0,0.0,0.0
2019-01-30,20,0,265,0.0,0.0,0.0,0.0,0.0
2019-01-30,20,0,266,49.35,49.35,0.0,752.955245,0.0
2019-01-30,20,0,267,62.41,62.41,0.0,952.217565,0.0
2019-01-30,20,0,270,272.62,272.62,0.0,-7786.25363,0.0
2019-01-30,20,0,272,80.91,80.91,0.0,974.260056,0.0
2019-01-30,20,0,273,0.0,0.0,0.0,-0.0,0.0
2019-01-30,20,0,274,351.44,351.44,0.0,-10037.418296,0.0
2019-01-30,20,0,275,489.22,489.22,0.0,-13972.529532,0.0
2019-01-30,20,0,276,0.0,0.0,0.0,-0.0,0.0
2019-01-30,20,0,277,0.0,0.0,0.0,0.0,0.0
2019-01-30,20,0,278,0.0,0.0,0.0,0.0,0.0
2019-01-30,20,0,279,278.69,278.69,0.0,3239.71361,0.0
2019-01-30,20,0,281,6.9,6.9,0.0,94.477593,0.0
2019-01-30,20,0,282,0.0,0.0,0.0,0.0,0.0
2019-01-30,21,0,9,0.0,0.0,0.0,0.0,0.0
2019-01-30,21,0,17,0.0,0.0,0.0,0.0,0.0
2019-01-30,21,0,19,643.3,643.3,0.0,6799.347924,0.0
2019-01-30,21,0,20,780.2,780.2,0.0,8246.310042,0.0
2019-01-30,21,0,21,0.0,0.0,0.0,0.0,0.0
2019-01-30,21,0,22,0.0,0.0,0.0,0.0,0.0
2019-01-30,21,0,23,52.97,52.97,0.0,595.7458,0.0
2019-01-30,21,0,24,93.73,93.73,0.0,1054.167526,0.0
2019-01-30,21,0,29,0.0,0.0,0.0,0.0,0.0
2019-01-30,21,0,30,0.0,0.0,0.0,0.0,0.0
2019-01-30,21,0,31,13.25,13.25,0.0,147.858493,0.0
2019-01-30,21,0,32,0.0,0.0,0.0,0.0,0.0
2019-01-30,21,0,33,0.0,0.0,0.0,0.0,0.0
2019-01-30,21,0,34,0.0,0.0,0.0,0.0,0.0
2019-01-30,21,0,35,0.0,0.0,0.0,0.0,0.0
2019-01-30,21,0,36,0.0,0.0,0.0,0.0,0.0
2019-01-30,21,0,37,0.0,0.0,0.0,0.0,0.0
2019-01-30,21,0,38,0.0,0.0,0.0,0.0,0.0
2019-01-30,21,0,39,0.0,0.0,0.0,0.0,0.0
2019-01-30,21,0,40,0.0,0.0,0.0,0.0,0.0
2019-01-30,21,0,41,111.37,111.37,0.0,1780.991569,0.0
2019-01-30,21,0,42,0.0,0.0,0.0,0.0,0.0
2019-01-30,21,0,43,0.0,0.0,0.0,0.0,0.0
2019-01-30,21,0,46,0.0,0.0,0.0,0.0,0.0
2019-01-30,21,0,52,14.04,14.04,0.0,156.674207,0.0
2019-01-30,21,0,53,22.31,22.31,0.0,248.960225,0.0
2019-01-30,21,0,55,69.85,69.85,0.0,785.592678,0.0
2019-01-30,21,0,56,0.0,0.0,0.0,0.0,0.0
2019-01-30,21,0,57,0.0,0.0,0.0,0.0,0.0
2019-01-30,21,0,58,0.0,0.0,0.0,0.0,0.0
2019-01-30,21,0,59,0.0,0.0,0.0,0.0,0.0
2019-01-30,21,0,63,140.41,140.41,0.0,7449.614335,0.0
2019-01-30,21,0,64,165.19,165.19,0.0,8764.345787,0.0
2019-01-30,21,0,65,7.54,7.54,0.0,141.398608,0.0
2019-01-30,21,0,67,0.0,0.0,0.0,-0.0,0.0
2019-01-30,21,0,68,3.95,3.95,0.0,-55.077884,0.0
2019-01-30,21,0,69,0.0,0.0,0.0,0.0,0.0
2019-01-30,21,0,74,17.62,17.62,0.0,409.323135,0.0
2019-01-30,21,0,77,118.26,118.26,0.0,337.323638,0.0
2019-01-30,21,0,78,89.58,89.58,0.0,255.517093,0.0
2019-01-30,21,0,79,51.96,51.96,0.0,148.210183,0.0
2019-01-30,21,0,80,83.86,83.86,0.0,239.201423,0.0
2019-01-30,21,0,81,109.46,109.46,0.0,312.222606,0.0
2019-01-30,21,0,82,77.38,77.38,0.0,220.717936,0.0
2019-01-30,21,0,83,171.45,171.45,0.0,489.04226,0.0
2019-01-30,21,0,84,0.0,0.0,0.0,0.0,0.0
2019-01-30,21,0,86,0.0,0.0,0.0,0.0,0.0
2019-01-30,21,0,87,0.0,0.0,0.0,0.0,0.0
2019-01-30,21,0,88,141.29,141.29,0.0,403.014179,0.0
2019-01-30,21,0,89,135.82,135.82,0.0,387.411605,0.0
2019-01-30,21,0,90,182.37,182.37,0.0,520.190358,0.0
2019-01-30,21,0,91,650.55,650.55,0.0,1855.622293,0.0
2019-01-30,21,0,92,233.96,233.96,0.0,667.345157,0.0
2019-01-30,21,0,95,44.75,44.75,0.0,1932.37414,0.0
2019-01-30,21,0,96,15.6,15.6,0.0,172.652284,0.0
2019-01-30,21,0,97,95.94,95.94,0.0,1061.811546,0.0
2019-01-30,21,0,99,3.4,3.4,0.0,78.984033,0.0
2019-01-30,21,0,101,0.0,0.0,0.0,0.0,0.0
2019-01-30,21,0,102,9.35,9.35,0.0,-130.374232,0.0
2019-01-30,21,0,103,8.13,8.13,0.0,-113.362835,0.0
2019-01-30,21,0,104,1.51,1.51,0.0,-21.05509,0.0
2019-01-30,21,0,106,0.0,0.0,0.0,0.0,0.0
2019-01-30,21,0,109,56.15,56.15,0.0,1049.725191,0.0
2019-01-30,21,0,110,160.41,160.41,0.0,-14942.139519,0.0
2019-01-30,21,0,111,0.0,0.0,0.0,0.0,0.0
2019-01-30,21,0,113,50.15,50.15,0.0,249.337684,0.0
2019-01-30,21,0,115,50.15,50.15,0.0,249.337684,0.0
2019-01-30,21,0,116,0.0,0.0,0.0,-0.0,0.0
2019-01-30,21,0,117,3.37,3.37,0.0,16.755095,0.0
2019-01-30,21,0,119,165.19,165.19,0.0,8764.345787,0.0
2019-01-30,21,0,120,97.13,97.13,0.0,5153.344066,0.0
2019-01-30,21,0,123,0.0,0.0,0.0,0.0,0.0
2019-01-30,21,0,125,84.82,84.82,0.0,953.958066,0.0
2019-01-30,21,0,126,0.0,0.0,0.0,0.0,0.0
2019-01-30,21,0,127,0.0,0.0,0.0,0.0,0.0
2019-01-30,21,0,128,121.48,121.48,0.0,1366.267695,0.0
2019-01-30,21,0,131,12.39,12.39,0.0,-108.245602,0.0
2019-01-30,21,0,132,18.21,18.21,0.0,-159.092205,0.0
2019-01-30,21,0,133,78.1,78.1,0.0,2228.46404,0.0
2019-01-30,21,0,134,0.0,0.0,0.0,0.0,0.0
2019-01-30,21,0,135,101.54,101.54,0.0,2897.288586,0.0
2019-01-30,21,0,136,10.35,10.35,0.0,198.744808,0.0
2019-01-30,21,0,139,146.7,146.7,0.0,2345.977043,0.0
2019-01-30,21,0,140,118.72,118.72,0.0,-11058.729529,0.0
2019-01-30,21,0,141,97.59,97.59,0.0,-3263.55408,0.0
2019-01-30,21,0,142,0.0,0.0,0.0,-0.0,0.0
2019-01-30,21,0,143,17.15,17.15,0.0,191.379106,0.0
2019-01-30,21,0,145,15.09,15.09,0.0,210.649683,0.0
2019-01-30,21,0,146,148.3,148.3,0.0,-13814.096943,0.0
2019-01-30,21,0,152,0.0,0.0,0.0,0.0,0.0
2019-01-30,21,0,153,0.0,0.0,0.0,0.0,0.0
2019-01-30,21,0,154,0.0,0.0,0.0,0.0,0.0
2019-01-30,21,0,157,69.52,69.52,0.0,-2324.851723,0.0
2019-01-30,21,0,158,0.0,0.0,0.0,-0.0,0.0
2019-01-30,21,0,159,0.0,0.0,0.0,0.0,0.0
2019-01-30,21,0,160,0.0,0.0,0.0,0.0,0.0
2019-01-30,21,0,161,0.0,0.0,0.0,-0.0,0.0
2019-01-30,21,0,162,54.96,54.96,0.0,2379.327052,0.0
2019-01-30,21,0,163,88.22,88.22,0.0,-8217.664412,0.0
2019-01-30,21,0,164,0.0,0.0,0.0,0.0,0.0
2019-01-30,21,0,167,0.0,0.0,0.0,0.0,0.0
2019-01-30,21,0,168,0.0,0.0,0.0,0.0,0.0
2019-01-30,21,0,169,0.0,0.0,0.0,0.0,0.0
2019-01-30,21,0,170,0.0,0.0,0.0,0.0,0.0
2019-01-30,21,0,172,0.0,0.0,0.0,0.0,0.0
2019-01-30,21,0,173,0.0,0.0,0.0,0.0,0.0
2019-01-30,21,0,188,0.0,0.0,0.0,0.0,0.0
2019-01-30,21,0,190,0.0,0.0,0.0,0.0,0.0
2019-01-30,21,0,191,0.0,0.0,0.0,0.0,0.0
2019-01-30,21,0,192,106.43,106.43,0.0,5646.766282,0.0
2019-01-30,21,0,194,176.5,176.5,0.0,3788.146233,0.0
2019-01-30,21,0,196,0.0,0.0,0.0,0.0,0.0
2019-01-30,21,0,198,0.0,0.0,0.0,0.0,0.0
2019-01-30,21,0,199,31.92,31.92,0.0,729.225457,0.0
2019-01-30,21,0,200,0.0,0.0,0.0,0.0,0.0
2019-01-30,21,0,204,640.59,640.59,0.0,11703.176358,0.0
2019-01-30,21,0,205,260.59,260.59,0.0,4871.734417,0.0
2019-01-30,21,0,206,281.91,281.91,0.0,3120.025984,0.0
2019-01-30,21,0,210,0.0,0.0,0.0,0.0,0.0
2019-01-30,21,0,214,0.0,0.0,0.0,0.0,0.0
2019-01-30,21,0,217,0.0,0.0,0.0,0.0,0.0
2019-01-30,21,0,218,0.0,0.0,0.0,0.0,0.0
2019-01-30,21,0,219,0.0,0.0,0.0,0.0,0.0
2019-01-30,21,0,221,0.0,0.0,0.0,0.0,0.0
2019-01-30,21,0,225,0.0,0.0,0.0,0.0,0.0
2019-01-30,21,0,233,0.0,0.0,0.0,0.0,0.0
2019-01-30,21,0,236,27.98,27.98,0.0,709.73123,0.0
2019-01-30,21,0,237,42.27,42.27,0.0,981.957374,0.0
2019-01-30,21,0,238,0.0,0.0,0.0,0.0,0.0
2019-01-30,21,0,240,0.0,0.0,0.0,0.0,0.0
2019-01-30,21,0,245,236.74,236.74,0.0,6213.462459,0.0
2019-01-30,21,0,247,80.07,80.07,0.0,2101.51195,0.0
2019-01-30,21,0,248,4.24,4.24,0.0,98.497735,0.0
2019-01-30,21,0,249,455.26,455.26,0.0,11948.723996,0.0
2019-01-30,21,0,251,25.59,25.59,0.0,542.257802,0.0
2019-01-30,21,0,252,48.67,48.67,0.0,912.714889,0.0
2019-01-30,21,0,254,0.0,0.0,0.0,0.0,0.0
2019-01-30,21,0,255,0.0,0.0,0.0,0.0,0.0
2019-01-30,21,0,258,0.0,0.0,0.0,0.0,0.0
2019-01-30,21,0,260,0.0,0.0,0.0,0.0,0.0
2019-01-30,21,0,265,0.0,0.0,0.0,0.0,0.0
2019-01-30,21,0,266,91.87,91.87,0.0,1469.15413,0.0
2019-01-30,21,0,267,114.69,114.69,0.0,1834.083892,0.0
2019-01-30,21,0,270,275.5,275.5,0.0,-25662.735724,0.0
2019-01-30,21,0,272,167.51,167.51,0.0,832.832611,0.0
2019-01-30,21,0,273,0.0,0.0,0.0,-0.0,0.0
2019-01-30,21,0,274,355.15,355.15,0.0,-33082.107414,0.0
2019-01-30,21,0,275,494.38,494.38,0.0,-46051.336796,0.0
2019-01-30,21,0,276,0.0,0.0,0.0,-0.0,0.0
2019-01-30,21,0,277,0.0,0.0,0.0,0.0,0.0
2019-01-30,21,0,278,0.0,0.0,0.0,0.0,0.0
2019-01-30,21,0,279,314.09,314.09,0.0,1294.715785,0.0
2019-01-30,21,0,281,5.94,5.94,0.0,66.285241,0.0
2019-01-30,21,0,282,0.0,0.0,0.0,0.0,0.0
2019-01-30,22,0,9,0.0,0.0,0.0,0.0,0.0
2019-01-30,22,0,17,0.0,0.0,0.0,0.0,0.0
2019-01-30,22,0,19,643.3,643.3,0.0,3478.266491,0.0
2019-01-30,22,0,20,780.2,780.2,0.0,4218.472745,0.0
2019-01-30,22,0,21,0.0,0.0,0.0,0.0,0.0
2019-01-30,22,0,22,0.0,0.0,0.0,0.0,0.0
2019-01-30,22,0,23,46.72,46.72,0.0,207.681822,0.0
2019-01-30,22,0,24,82.67,82.67,0.0,367.488361,0.0
2019-01-30,22,0,29,0.0,0.0,0.0,0.0,0.0
2019-01-30,22,0,30,0.0,0.0,0.0,0.0,0.0
2019-01-30,22,0,31,11.82,11.82,0.0,52.087402,0.0
2019-01-30,22,0,32,0.0,0.0,0.0,0.0,0.0
2019-01-30,22,0,33,0.0,0.0,0.0,0.0,0.0
2019-01-30,22,0,34,0.0,0.0,0.0,0.0,0.0
2019-01-30,22,0,35,0.0,0.0,0.0,0.0,0.0
2019-01-30,22,0,36,0.0,0.0,0.0,0.0,0.0
2019-01-30,22,0,37,0.0,0.0,0.0,0.0,0.0
2019-01-30,22,0,38,0.0,0.0,0.0,0.0,0.0
2019-01-30,22,0,39,0.0,0.0,0.0,0.0,0.0
2019-01-30,22,0,40,0.0,0.0,0.0,0.0,0.0
2019-01-30,22,0,41,111.13,111.13,0.0,722.343345,0.0
2019-01-30,22,0,42,0.0,0.0,0.0,0.0,0.0
2019-01-30,22,0,43,0.0,0.0,0.0,0.0,0.0
2019-01-30,22,0,46,0.0,0.0,0.0,0.0,0.0
2019-01-30,22,0,52,12.53,12.53,0.0,55.216171,0.0
2019-01-30,22,0,53,19.91,19.91,0.0,87.737747,0.0
2019-01-30,22,0,55,109.64,109.64,0.0,487.376604,0.0
2019-01-30,22,0,56,0.0,0.0,0.0,0.0,0.0
2019-01-30,22,0,57,0.0,0.0,0.0,0.0,0.0
2019-01-30,22,0,58,0.0,0.0,0.0,0.0,0.0
2019-01-30,22,0,59,0.0,0.0,0.0,0.0,0.0
2019-01-30,22,0,63,170.0,170.0,0.0,4530.34464,0.0
2019-01-30,22,0,64,200.0,200.0,0.0,5329.817223,0.0
2019-01-30,22,0,65,6.61,6.61,0.0,54.183289,0.0
2019-01-30,22,0,67,0.0,0.0,0.0,-0.0,0.0
2019-01-30,22,0,68,3.84,3.84,0.0,-29.782176,0.0
2019-01-30,22,0,69,0.0,0.0,0.0,0.0,0.0
2019-01-30,22,0,74,10.08,10.08,0.0,96.130709,0.0
2019-01-30,22,0,77,138.41,138.41,0.0,104.093938,0.0
2019-01-30,22,0,78,104.64,104.64,0.0,78.696552,0.0
2019-01-30,22,0,79,60.56,60.56,0.0,45.545328,0.0
2019-01-30,22,0,80,97.93,97.93,0.0,73.650165,0.0
2019-01-30,22,0,81,128.03,128.03,0.0,96.287457,0.0
2019-01-30,22,0,82,90.31,90.31,0.0,67.919396,0.0
2019-01-30,22,0,83,201.39,201.39,0.0,151.459275,0.0
2019-01-30,22,0,84,0.0,0.0,0.0,0.0,0.0
2019-01-30,22,0,86,0.0,0.0,0.0,0.0,0.0
2019-01-30,22,0,87,0.0,0.0,0.0,0.0,0.0
2019-01-30,22,0,88,152.08,152.08,0.0,114.374728,0.0
2019-01-30,22,0,89,146.2,146.2,0.0,109.95256,0.0
2019-01-30,22,0,90,196.3,196.3,0.0,147.631241,0.0
2019-01-30,22,0,91,700.24,700.24,0.0,526.62914,0.0
2019-01-30,22,0,92,251.84,251.84,0.0,189.401181,0.0
2019-01-30,22,0,95,50.31,50.31,0.0,1088.726111,0.0
2019-01-30,22,0,96,11.37,11.37,0.0,49.646573,0.0
2019-01-30,22,0,97,69.92,69.92,0.0,305.302409,0.0
2019-01-30,22,0,99,1.94,1.94,0.0,18.501347,0.0
2019-01-30,22,0,101,0.0,0.0,0.0,0.0,0.0
2019-01-30,22,0,102,9.08,9.08,0.0,-70.422438,0.0
2019-01-30,22,0,103,7.9,7.9,0.0,-61.270623,0.0
2019-01-30,22,0,104,1.47,1.47,0.0,-11.400989,0.0
2019-01-30,22,0,106,0.0,0.0,0.0,0.0,0.0
2019-01-30,22,0,109,82.35,82.35,0.0,637.33617,0.0
2019-01-30,22,0,110,157.41,157.41,0.0,-7565.018073,0.0
2019-01-30,22,0,111,0.0,0.0,0.0,0.0,0.0
2019-01-30,22,0,113,99.16,99.16,0.0,194.152195,0.0
2019-01-30,22,0,115,99.16,99.16,0.0,194.152195,0.0
2019-01-30,22,0,116,0.0,0.0,0.0,-0.0,0.0
2019-01-30,22,0,117,6.61,6.61,0.0,12.942174,0.0
2019-01-30,22,0,119,200.0,200.0,0.0,5329.817223,0.0
2019-01-30,22,0,120,117.6,117.6,0.0,3133.932527,0.0
2019-01-30,22,0,123,0.0,0.0,0.0,0.0,0.0
2019-01-30,22,0,125,74.81,74.81,0.0,332.548739,0.0
2019-01-30,22,0,126,0.0,0.0,0.0,0.0,0.0
2019-01-30,22,0,127,0.0,0.0,0.0,0.0,0.0
2019-01-30,22,0,128,107.15,107.15,0.0,476.307945,0.0
2019-01-30,22,0,131,11.34,11.34,0.0,-57.903136,0.0
2019-01-30,22,0,132,16.67,16.67,0.0,-85.118631,0.0
2019-01-30,22,0,133,91.34,91.34,0.0,1054.653477,0.0
2019-01-30,22,0,134,0.0,0.0,0.0,0.0,0.0
2019-01-30,22,0,135,122.39,122.39,0.0,1413.171,0.0
2019-01-30,22,0,136,8.35,8.35,0.0,69.725412,0.0
2019-01-30,22,0,139,143.51,143.51,0.0,932.812863,0.0
2019-01-30,22,0,140,116.5,116.5,0.0,-5598.911159,0.0
2019-01-30,22,0,141,101.2,101.2,0.0,-1788.921809,0.0
2019-01-30,22,0,142,0.0,0.0,0.0,-0.0,0.0
2019-01-30,22,0,143,16.45,16.45,0.0,72.490504,0.0
2019-01-30,22,0,145,27.72,27.72,0.0,156.468796,0.0
2019-01-30,22,0,146,196.62,196.62,0.0,-9449.424138,0.0
2019-01-30,22,0,152,0.0,0.0,0.0,0.0,0.0
2019-01-30,22,0,153,0.0,0.0,0.0,0.0,0.0
2019-01-30,22,0,154,0.0,0.0,0.0,0.0,0.0
2019-01-30,22,0,157,80.31,80.31,0.0,-1419.647337,0.0
2019-01-30,22,0,158,0.0,0.0,0.0,-0.0,0.0
2019-01-30,22,0,159,0.0,0.0,0.0,0.0,0.0
2019-01-30,22,0,160,0.0,0.0,0.0,0.0,0.0
2019-01-30,22,0,161,0.0,0.0,0.0,-0.0,0.0
2019-01-30,22,0,162,36.84,36.84,0.0,799.287131,0.0
2019-01-30,22,0,163,89.94,89.94,0.0,-4322.455533,0.0
2019-01-30,22,0,164,0.0,0.0,0.0,0.0,0.0
2019-01-30,22,0,167,0.0,0.0,0.0,0.0,0.0
2019-01-30,22,0,168,0.0,0.0,0.0,0.0,0.0
2019-01-30,22,0,169,0.0,0.0,0.0,0.0,0.0
2019-01-30,22,0,170,0.0,0.0,0.0,0.0,0.0
2019-01-30,22,0,172,0.0,0.0,0.0,0.0,0.0
2019-01-30,22,0,173,0.0,0.0,0.0,0.0,0.0
2019-01-30,22,0,188,0.0,0.0,0.0,0.0,0.0
2019-01-30,22,0,190,0.0,0.0,0.0,0.0,0.0
2019-01-30,22,0,191,0.0,0.0,0.0,0.0,0.0
2019-01-30,22,0,192,112.25,112.25,0.0,2991.359917,0.0
2019-01-30,22,0,194,176.5,176.5,0.0,1847.61939,0.0
2019-01-30,22,0,196,0.0,0.0,0.0,0.0,0.0
2019-01-30,22,0,198,0.0,0.0,0.0,0.0,0.0
2019-01-30,22,0,199,32.92,32.92,0.0,385.614158,0.0
2019-01-30,22,0,200,0.0,0.0,0.0,0.0,0.0
2019-01-30,22,0,204,503.66,503.66,0.0,3810.504853,0.0
2019-01-30,22,0,205,409.68,409.68,0.0,3170.660377,0.0
2019-01-30,22,0,206,205.47,205.47,0.0,897.175142,0.0
2019-01-30,22,0,210,0.0,0.0,0.0,0.0,0.0
2019-01-30,22,0,214,0.0,0.0,0.0,0.0,0.0
2019-01-30,22,0,217,0.0,0.0,0.0,0.0,0.0
2019-01-30,22,0,218,0.0,0.0,0.0,0.0,0.0
2019-01-30,22,0,219,0.0,0.0,0.0,0.0,0.0
2019-01-30,22,0,221,0.0,0.0,0.0,0.0,0.0
2019-01-30,22,0,225,0.0,0.0,0.0,0.0,0.0
2019-01-30,22,0,233,0.0,0.0,0.0,0.0,0.0
2019-01-30,22,0,236,14.9,14.9,0.0,154.624602,0.0
2019-01-30,22,0,237,24.17,24.17,0.0,230.503893,0.0
2019-01-30,22,0,238,0.0,0.0,0.0,0.0,0.0
2019-01-30,22,0,240,0.0,0.0,0.0,0.0,0.0
2019-01-30,22,0,245,194.26,194.26,0.0,2095.603932,0.0
2019-01-30,22,0,247,60.51,60.51,0.0,652.759157,0.0
2019-01-30,22,0,248,2.43,2.43,0.0,23.174367,0.0
2019-01-30,22,0,249,373.58,373.58,0.0,4030.040754,0.0
2019-01-30,22,0,251,50.21,50.21,0.0,452.870014,0.0
2019-01-30,22,0,252,42.67,42.67,0.0,349.773214,0.0
2019-01-30,22,0,254,0.0,0.0,0.0,0.0,0.0
2019-01-30,22,0,255,0.0,0.0,0.0,0.0,0.0
2019-01-30,22,0,258,0.0,0.0,0.0,0.0,0.0
2019-01-30,22,0,260,0.0,0.0,0.0,0.0,0.0
2019-01-30,22,0,265,0.0,0.0,0.0,0.0,0.0
2019-01-30,22,0,266,92.93,92.93,0.0,604.043616,0.0
2019-01-30,22,0,267,114.19,114.19,0.0,742.2333,0.0
2019-01-30,22,0,270,280.89,280.89,0.0,-13499.383308,0.0
2019-01-30,22,0,272,331.41,331.41,0.0,648.890471,0.0
2019-01-30,22,0,273,0.0,0.0,0.0,-0.0,0.0
2019-01-30,22,0,274,362.1,362.1,0.0,-17402.28095,0.0
2019-01-30,22,0,275,504.05,504.05,0.0,-24224.301885,0.0
2019-01-30,22,0,276,0.0,0.0,0.0,-0.0,0.0
2019-01-30,22,0,277,0.0,0.0,0.0,0.0,0.0
2019-01-30,22,0,278,0.0,0.0,0.0,0.0,0.0
2019-01-30,22,0,279,144.09,144.09,0.0,212.461334,0.0
2019-01-30,22,0,281,5.31,5.31,0.0,23.39967,0.0
2019-01-30,22,0,282,0.0,0.0,0.0,0.0,0.0
2019-01-30,23,0,9,0.0,0.0,0.0,0.0,0.0
2019-01-30,23,0,17,0.0,0.0,0.0,0.0,0.0
2019-01-30,23,0,19,479.72,479.72,0.0,5486.466038,0.0
2019-01-30,23,0,20,581.81,581.81,0.0,6654.049874,0.0
2019-01-30,23,0,21,0.0,0.0,0.0,0.0,0.0
2019-01-30,23,0,22,0.0,0.0,0.0,0.0,0.0
2019-01-30,23,0,23,51.89,51.89,0.0,293.023978,0.0
2019-01-30,23,0,24,91.8,91.8,0.0,518.396631,0.0
2019-01-30,23,0,29,0.0,0.0,0.0,0.0,0.0
2019-01-30,23,0,30,0.0,0.0,0.0,0.0,0.0
2019-01-30,23,0,31,11.44,11.44,0.0,64.232399,0.0
2019-01-30,23,0,32,0.0,0.0,0.0,0.0,0.0
2019-01-30,23,0,33,0.0,0.0,0.0,0.0,0.0
2019-01-30,23,0,34,0.0,0.0,0.0,0.0,0.0
2019-01-30,23,0,35,0.0,0.0,0.0,0.0,0.0
2019-01-30,23,0,36,0.0,0.0,0.0,0.0,0.0
2019-01-30,23,0,37,0.0,0.0,0.0,0.0,0.0
2019-01-30,23,0,38,0.0,0.0,0.0,0.0,0.0
2019-01-30,23,0,39,0.0,0.0,0.0,0.0,0.0
2019-01-30,23,0,40,0.0,0.0,0.0,0.0,0.0
2019-01-30,23,0,41,85.54,85.54,0.0,631.591761,0.0
2019-01-30,23,0,42,0.0,0.0,0.0,0.0,0.0
2019-01-30,23,0,43,0.0,0.0,0.0,0.0,0.0
2019-01-30,23,0,46,0.0,0.0,0.0,0.0,0.0
2019-01-30,23,0,52,12.12,12.12,0.0,68.050409,0.0
2019-01-30,23,0,53,19.26,19.26,0.0,108.139512,0.0
2019-01-30,23,0,55,198.83,198.83,0.0,1122.797408,0.0
2019-01-30,23,0,56,0.0,0.0,0.0,0.0,0.0
2019-01-30,23,0,57,0.0,0.0,0.0,0.0,0.0
2019-01-30,23,0,58,0.0,0.0,0.0,0.0,0.0
2019-01-30,23,0,59,0.0,0.0,0.0,0.0,0.0
2019-01-30,23,0,63,143.84,143.84,0.0,3245.074285,0.0
2019-01-30,23,0,64,169.22,169.22,0.0,3817.654829,0.0
2019-01-30,23,0,65,3.56,3.56,0.0,40.535939,0.0
2019-01-30,23,0,67,0.0,0.0,0.0,-0.0,0.0
2019-01-30,23,0,68,3.67,3.67,0.0,-14.888724,0.0
2019-01-30,23,0,69,0.0,0.0,0.0,0.0,0.0
2019-01-30,23,0,74,10.12,10.12,0.0,101.187315,0.0
2019-01-30,23,0,77,142.11,142.11,0.0,362.890115,0.0
2019-01-30,23,0,78,107.44,107.44,0.0,274.357286,0.0
2019-01-30,23,0,79,62.17,62.17,0.0,158.756445,0.0
2019-01-30,23,0,80,100.54,100.54,0.0,256.737543,0.0
2019-01-30,23,0,81,131.45,131.45,0.0,335.668888,0.0
2019-01-30,23,0,82,92.73,92.73,0.0,236.794036,0.0
2019-01-30,23,0,83,206.77,206.77,0.0,528.00499,0.0
2019-01-30,23,0,84,0.0,0.0,0.0,0.0,0.0
2019-01-30,23,0,86,0.0,0.0,0.0,0.0,0.0
2019-01-30,23,0,87,0.0,0.0,0.0,0.0,0.0
2019-01-30,23,0,88,157.14,157.14,0.0,401.270514,0.0
2019-01-30,23,0,89,151.06,151.06,0.0,385.74471,0.0
2019-01-30,23,0,90,202.82,202.82,0.0,517.918325,0.0
2019-01-30,23,0,91,723.52,723.52,0.0,1847.570587,0.0
2019-01-30,23,0,92,260.21,260.21,0.0,664.468629,0.0
2019-01-30,23,0,95,43.49,43.49,0.0,811.846199,0.0
2019-01-30,23,0,96,11.54,11.54,0.0,64.404297,0.0
2019-01-30,23,0,97,70.97,70.97,0.0,396.080843,0.0
2019-01-30,23,0,99,1.95,1.95,0.0,19.497556,0.0
2019-01-30,23,0,101,0.0,0.0,0.0,0.0,0.0
2019-01-30,23,0,102,8.7,8.7,0.0,-35.294795,0.0
2019-01-30,23,0,103,7.56,7.56,0.0,-30.66996,0.0
2019-01-30,23,0,104,1.4,1.4,0.0,-5.679622,0.0
2019-01-30,23,0,106,0.0,0.0,0.0,0.0,0.0
2019-01-30,23,0,109,95.32,95.32,0.0,800.495088,0.0
2019-01-30,23,0,110,169.2,169.2,0.0,-5972.555012,0.0
2019-01-30,23,0,111,0.0,0.0,0.0,0.0,0.0
2019-01-30,23,0,113,85.02,85.02,0.0,292.259876,0.0
2019-01-30,23,0,115,85.02,85.02,0.0,292.259876,0.0
2019-01-30,23,0,116,0.0,0.0,0.0,-0.0,0.0
2019-01-30,23,0,117,5.67,5.67,0.0,19.490867,0.0
2019-01-30,23,0,119,169.22,169.22,0.0,3817.654829,0.0
2019-01-30,23,0,120,99.5,99.5,0.0,2244.750357,0.0
2019-01-30,23,0,123,0.0,0.0,0.0,0.0,0.0
2019-01-30,23,0,125,83.08,83.08,0.0,469.154598,0.0
2019-01-30,23,0,126,0.0,0.0,0.0,0.0,0.0
2019-01-30,23,0,127,0.0,0.0,0.0,0.0,0.0
2019-01-30,23,0,128,118.99,118.99,0.0,671.939162,0.0
2019-01-30,23,0,131,11.02,11.02,0.0,-22.072333,0.0
2019-01-30,23,0,132,16.19,16.19,0.0,-32.427502,0.0
2019-01-30,23,0,133,64.0,64.0,0.0,732.259133,0.0
2019-01-30,23,0,134,0.0,0.0,0.0,0.0,0.0
2019-01-30,23,0,135,85.76,85.76,0.0,981.227239,0.0
2019-01-30,23,0,136,5.05,5.05,0.0,57.487876,0.0
2019-01-30,23,0,139,110.46,110.46,0.0,815.59067,0.0
2019-01-30,23,0,140,125.23,125.23,0.0,-4420.467283,0.0
2019-01-30,23,0,141,101.24,101.24,0.0,-1189.320468,0.0
2019-01-30,23,0,142,0.0,0.0,0.0,-0.0,0.0
2019-01-30,23,0,143,15.88,15.88,0.0,89.161757,0.0
2019-01-30,23,0,145,10.4,10.4,0.0,69.147857,0.0
2019-01-30,23,0,146,227.88,227.88,0.0,-8043.887921,0.0
2019-01-30,23,0,152,0.0,0.0,0.0,0.0,0.0
2019-01-30,23,0,153,0.0,0.0,0.0,0.0,0.0
2019-01-30,23,0,154,0.0,0.0,0.0,0.0,0.0
2019-01-30,23,0,157,84.45,84.45,0.0,-992.079351,0.0
2019-01-30,23,0,158,0.0,0.0,0.0,-0.0,0.0
2019-01-30,23,0,159,0.0,0.0,0.0,0.0,0.0
2019-01-30,23,0,160,0.0,0.0,0.0,0.0,0.0
2019-01-30,23,0,161,0.0,0.0,0.0,-0.0,0.0
2019-01-30,23,0,162,15.29,15.29,0.0,286.089709,0.0
2019-01-30,23,0,163,80.49,80.49,0.0,-2841.199485,0.0
2019-01-30,23,0,164,0.0,0.0,0.0,0.0,0.0
2019-01-30,23,0,167,0.0,0.0,0.0,0.0,0.0
2019-01-30,23,0,168,0.0,0.0,0.0,0.0,0.0
2019-01-30,23,0,169,0.0,0.0,0.0,0.0,0.0
2019-01-30,23,0,170,0.0,0.0,0.0,0.0,0.0
2019-01-30,23,0,172,0.0,0.0,0.0,0.0,0.0
2019-01-30,23,0,173,0.0,0.0,0.0,0.0,0.0
2019-01-30,23,0,188,0.0,0.0,0.0,0.0,0.0
2019-01-30,23,0,190,0.0,0.0,0.0,0.0,0.0
2019-01-30,23,0,191,0.0,0.0,0.0,0.0,0.0
2019-01-30,23,0,192,102.29,102.29,0.0,2307.693608,0.0
2019-01-30,23,0,194,176.5,176.5,0.0,1762.686046,0.0
2019-01-30,23,0,196,0.0,0.0,0.0,0.0,0.0
2019-01-30,23,0,198,0.0,0.0,0.0,0.0,0.0
2019-01-30,23,0,199,21.61,21.61,0.0,232.633482,0.0
2019-01-30,23,0,200,0.0,0.0,0.0,0.0,0.0
2019-01-30,23,0,204,486.67,486.67,0.0,4013.161631,0.0
2019-01-30,23,0,205,504.27,504.27,0.0,4234.847443,0.0
2019-01-30,23,0,206,208.55,208.55,0.0,1163.909537,0.0
2019-01-30,23,0,210,0.0,0.0,0.0,0.0,0.0
2019-01-30,23,0,214,0.0,0.0,0.0,0.0,0.0
2019-01-30,23,0,217,0.0,0.0,0.0,0.0,0.0
2019-01-30,23,0,218,0.0,0.0,0.0,0.0,0.0
2019-01-30,23,0,219,0.0,0.0,0.0,0.0,0.0
2019-01-30,23,0,221,0.0,0.0,0.0,0.0,0.0
2019-01-30,23,0,225,0.0,0.0,0.0,0.0,0.0
2019-01-30,23,0,233,0.0,0.0,0.0,0.0,0.0
2019-01-30,23,0,236,15.89,15.89,0.0,170.723749,0.0
2019-01-30,23,0,237,24.27,24.27,0.0,242.66958,0.0
2019-01-30,23,0,238,0.0,0.0,0.0,0.0,0.0
2019-01-30,23,0,240,0.0,0.0,0.0,0.0,0.0
2019-01-30,23,0,245,123.36,123.36,0.0,1433.666639,0.0
2019-01-30,23,0,247,39.39,39.39,0.0,457.783146,0.0
2019-01-30,23,0,248,2.44,2.44,0.0,24.396942,0.0
2019-01-30,23,0,249,237.24,237.24,0.0,2757.158506,0.0
2019-01-30,23,0,251,14.27,14.27,0.0,161.306655,0.0
2019-01-30,23,0,252,22.99,22.99,0.0,261.775628,0.0
2019-01-30,23,0,254,0.0,0.0,0.0,0.0,0.0
2019-01-30,23,0,255,0.0,0.0,0.0,0.0,0.0
2019-01-30,23,0,258,0.0,0.0,0.0,0.0,0.0
2019-01-30,23,0,260,0.0,0.0,0.0,0.0,0.0
2019-01-30,23,0,265,0.0,0.0,0.0,0.0,0.0
2019-01-30,23,0,266,71.53,71.53,0.0,528.147751,0.0
2019-01-30,23,0,267,87.9,87.9,0.0,649.017018,0.0
2019-01-30,23,0,270,251.37,251.37,0.0,-8873.056463,0.0
2019-01-30,23,0,272,284.14,284.14,0.0,976.743369,0.0
2019-01-30,23,0,273,0.0,0.0,0.0,-0.0,0.0
2019-01-30,23,0,274,324.04,324.04,0.0,-11438.219422,0.0
2019-01-30,23,0,275,451.07,451.07,0.0,-15922.224524,0.0
2019-01-30,23,0,276,0.0,0.0,0.0,-0.0,0.0
2019-01-30,23,0,277,0.0,0.0,0.0,0.0,0.0
2019-01-30,23,0,278,0.0,0.0,0.0,0.0,0.0
2019-01-30,23,0,279,133.18,133.18,0.0,410.613942,0.0
2019-01-30,23,0,281,5.13,5.13,0.0,28.803515,0.0
2019-01-30,23,0,282,0.0,0.0,0.0,0.0,0.0
2019-01-31,0,0,9,0.0,0.0,0.0,0.0,0.0
2019-01-31,0,0,17,0.0,0.0,0.0,0.0,0.0
2019-01-31,0,0,19,321.42,321.42,0.0,3475.651065,0.0
2019-01-31,0,0,20,389.83,389.83,0.0,4215.39747,0.0
2019-01-31,0,0,21,0.0,0.0,0.0,0.0,0.0
2019-01-31,0,0,22,0.0,0.0,0.0,0.0,0.0
2019-01-31,0,0,23,57.54,57.54,0.0,349.654798,0.0
2019-01-31,0,0,24,101.81,101.81,0.0,618.671445,0.0
2019-01-31,0,0,29,0.0,0.0,0.0,0.0,0.0
2019-01-31,0,0,30,0.0,0.0,0.0,0.0,0.0
2019-01-31,0,0,31,11.11,11.11,0.0,67.222191,0.0
2019-01-31,0,0,32,0.0,0.0,0.0,0.0,0.0
2019-01-31,0,0,33,0.0,0.0,0.0,0.0,0.0
2019-01-31,0,0,34,0.0,0.0,0.0,0.0,0.0
2019-01-31,0,0,35,0.0,0.0,0.0,0.0,0.0
2019-01-31,0,0,36,0.0,0.0,0.0,0.0,0.0
2019-01-31,0,0,37,0.0,0.0,0.0,0.0,0.0
2019-01-31,0,0,38,0.0,0.0,0.0,0.0,0.0
2019-01-31,0,0,39,0.0,0.0,0.0,0.0,0.0
2019-01-31,0,0,40,0.0,0.0,0.0,0.0,0.0
2019-01-31,0,0,41,64.55,64.55,0.0,483.179557,0.0
2019-01-31,0,0,42,0.0,0.0,0.0,0.0,0.0
2019-01-31,0,0,43,0.0,0.0,0.0,0.0,0.0
2019-01-31,0,0,46,0.0,0.0,0.0,0.0,0.0
2019-01-31,0,0,52,11.78,11.78,0.0,71.276094,0.0
2019-01-31,0,0,53,18.71,18.71,0.0,113.206768,0.0
2019-01-31,0,0,55,208.18,208.18,0.0,1265.05276,0.0
2019-01-31,0,0,56,0.0,0.0,0.0,0.0,0.0
2019-01-31,0,0,57,0.0,0.0,0.0,0.0,0.0
2019-01-31,0,0,58,0.0,0.0,0.0,0.0,0.0
2019-01-31,0,0,59,0.0,0.0,0.0,0.0,0.0
2019-01-31,0,0,63,114.9,114.9,0.0,2312.431754,0.0
2019-01-31,0,0,64,135.17,135.17,0.0,2720.377721,0.0
2019-01-31,0,0,65,1.66,1.66,0.0,17.880905,0.0
2019-01-31,0,0,67,0.0,0.0,0.0,-0.0,0.0
2019-01-31,0,0,68,3.52,3.52,0.0,1.115938,0.0
2019-01-31,0,0,69,0.0,0.0,0.0,0.0,0.0
2019-01-31,0,0,74,10.4,10.4,0.0,100.058386,0.0
2019-01-31,0,0,77,146.5,146.5,0.0,523.868534,0.0
2019-01-31,0,0,78,110.76,110.76,0.0,396.066067,0.0
2019-01-31,0,0,79,64.1,64.1,0.0,229.214833,0.0
2019-01-31,0,0,80,103.65,103.65,0.0,370.641458,0.0
2019-01-31,0,0,81,135.52,135.52,0.0,484.605213,0.0
2019-01-31,0,0,82,95.59,95.59,0.0,341.819749,0.0
2019-01-31,0,0,83,213.16,213.16,0.0,762.237657,0.0
2019-01-31,0,0,84,0.0,0.0,0.0,0.0,0.0
2019-01-31,0,0,86,0.0,0.0,0.0,0.0,0.0
2019-01-31,0,0,87,0.0,0.0,0.0,0.0,0.0
2019-01-31,0,0,88,162.44,162.44,0.0,580.868292,0.0
2019-01-31,0,0,89,156.16,156.16,0.0,558.411675,0.0
2019-01-31,0,0,90,209.67,209.67,0.0,749.757786,0.0
2019-01-31,0,0,91,747.95,747.95,0.0,2674.590241,0.0
2019-01-31,0,0,92,269.0,269.0,0.0,961.915602,0.0
2019-01-31,0,0,95,21.4,21.4,0.0,381.120647,0.0
2019-01-31,0,0,96,11.81,11.81,0.0,71.13518,0.0
2019-01-31,0,0,97,72.63,72.63,0.0,437.472325,0.0
2019-01-31,0,0,99,2.01,2.01,0.0,19.338207,0.0
2019-01-31,0,0,101,0.0,0.0,0.0,0.0,0.0
2019-01-31,0,0,102,8.34,8.34,0.0,2.644012,0.0
2019-01-31,0,0,103,7.25,7.25,0.0,2.298452,0.0
2019-01-31,0,0,104,1.35,1.35,0.0,0.427988,0.0
2019-01-31,0,0,106,0.0,0.0,0.0,0.0,0.0
2019-01-31,0,0,109,95.07,95.07,0.0,788.908408,0.0
2019-01-31,0,0,110,180.35,180.35,0.0,-2662.919248,0.0
2019-01-31,0,0,111,0.0,0.0,0.0,0.0,0.0
2019-01-31,0,0,113,72.29,72.29,0.0,273.298982,0.0
2019-01-31,0,0,115,72.29,72.29,0.0,273.298982,0.0
2019-01-31,0,0,116,0.0,0.0,0.0,-0.0,0.0
2019-01-31,0,0,117,4.82,4.82,0.0,18.222453,0.0
2019-01-31,0,0,119,135.17,135.17,0.0,2720.377721,0.0
2019-01-31,0,0,120,79.48,79.48,0.0,1599.582905,0.0
2019-01-31,0,0,123,0.0,0.0,0.0,0.0,0.0
2019-01-31,0,0,125,92.13,92.13,0.0,559.84874,0.0
2019-01-31,0,0,126,0.0,0.0,0.0,0.0,0.0
2019-01-31,0,0,127,0.0,0.0,0.0,0.0,0.0
2019-01-31,0,0,128,131.95,131.95,0.0,801.823958,0.0
2019-01-31,0,0,131,10.67,10.67,0.0,13.962604,0.0
2019-01-31,0,0,132,15.69,15.69,0.0,20.531702,0.0
2019-01-31,0,0,133,42.83,42.83,0.0,463.307648,0.0
2019-01-31,0,0,134,0.0,0.0,0.0,0.0,0.0
2019-01-31,0,0,135,57.39,57.39,0.0,620.80845,0.0
2019-01-31,0,0,136,2.83,2.83,0.0,30.477218,0.0
2019-01-31,0,0,139,83.35,83.35,0.0,623.904199,0.0
2019-01-31,0,0,140,133.48,133.48,0.0,-1970.870314,0.0
2019-01-31,0,0,141,101.33,101.33,0.0,-344.087087,0.0
2019-01-31,0,0,142,0.0,0.0,0.0,-0.0,0.0
2019-01-31,0,0,143,39.06,39.06,0.0,236.336523,0.0
2019-01-31,0,0,145,9.55,9.55,0.0,65.759068,0.0
2019-01-31,0,0,146,262.16,262.16,0.0,-3870.867258,0.0
2019-01-31,0,0,152,0.0,0.0,0.0,0.0,0.0
2019-01-31,0,0,153,0.0,0.0,0.0,0.0,0.0
2019-01-31,0,0,154,0.0,0.0,0.0,0.0,0.0
2019-01-31,0,0,157,90.37,90.37,0.0,-306.870128,0.0
2019-01-31,0,0,158,0.0,0.0,0.0,-0.0,0.0
2019-01-31,0,0,159,0.0,0.0,0.0,0.0,0.0
2019-01-31,0,0,160,0.0,0.0,0.0,0.0,0.0
2019-01-31,0,0,161,0.0,0.0,0.0,0.0,0.0
2019-01-31,0,0,162,12.7,12.7,0.0,226.534092,0.0
2019-01-31,0,0,163,71.95,71.95,0.0,-1062.362295,0.0
2019-01-31,0,0,164,0.0,0.0,0.0,0.0,0.0
2019-01-31,0,0,167,0.0,0.0,0.0,0.0,0.0
2019-01-31,0,0,168,0.0,0.0,0.0,0.0,0.0
2019-01-31,0,0,169,0.0,0.0,0.0,0.0,0.0
2019-01-31,0,0,170,0.0,0.0,0.0,0.0,0.0
2019-01-31,0,0,172,0.0,0.0,0.0,0.0,0.0
2019-01-31,0,0,173,0.0,0.0,0.0,0.0,0.0
2019-01-31,0,0,188,0.0,0.0,0.0,0.0,0.0
2019-01-31,0,0,190,0.0,0.0,0.0,0.0,0.0
2019-01-31,0,0,191,0.0,0.0,0.0,0.0,0.0
2019-01-31,0,0,192,93.2,93.2,0.0,1875.706175,0.0
2019-01-31,0,0,194,176.5,176.5,0.0,1188.759539,0.0
2019-01-31,0,0,196,0.0,0.0,0.0,0.0,0.0
2019-01-31,0,0,198,0.0,0.0,0.0,0.0,0.0
2019-01-31,0,0,199,7.84,7.84,0.0,71.775188,0.0
2019-01-31,0,0,200,0.0,0.0,0.0,0.0,0.0
2019-01-31,0,0,204,470.29,470.29,0.0,3843.917207,0.0
2019-01-31,0,0,205,502.95,502.95,0.0,4173.571935,0.0
2019-01-31,0,0,206,213.42,213.42,0.0,1285.492822,0.0
2019-01-31,0,0,210,0.0,0.0,0.0,0.0,0.0
2019-01-31,0,0,214,0.0,0.0,0.0,0.0,0.0
2019-01-31,0,0,217,0.0,0.0,0.0,0.0,0.0
2019-01-31,0,0,218,0.0,0.0,0.0,0.0,0.0
2019-01-31,0,0,219,0.0,0.0,0.0,0.0,0.0
2019-01-31,0,0,221,0.0,0.0,0.0,0.0,0.0
2019-01-31,0,0,225,0.0,0.0,0.0,0.0,0.0
2019-01-31,0,0,233,0.0,0.0,0.0,0.0,0.0
2019-01-31,0,0,236,17.54,17.54,0.0,179.56735,0.0
2019-01-31,0,0,237,24.94,24.94,0.0,239.947705,0.0
2019-01-31,0,0,238,0.0,0.0,0.0,0.0,0.0
2019-01-31,0,0,240,0.0,0.0,0.0,0.0,0.0
2019-01-31,0,0,245,46.06,46.06,0.0,505.14553,0.0
2019-01-31,0,0,247,24.2,24.2,0.0,265.404295,0.0
2019-01-31,0,0,248,2.5,2.5,0.0,24.052497,0.0
2019-01-31,0,0,249,86.29,86.29,0.0,946.352753,0.0
2019-01-31,0,0,251,7.54,7.54,0.0,80.70068,0.0
2019-01-31,0,0,252,10.68,10.68,0.0,115.041002,0.0
2019-01-31,0,0,254,0.0,0.0,0.0,0.0,0.0
2019-01-31,0,0,255,0.0,0.0,0.0,0.0,0.0
2019-01-31,0,0,258,0.0,0.0,0.0,0.0,0.0
2019-01-31,0,0,260,0.0,0.0,0.0,0.0,0.0
2019-01-31,0,0,265,0.0,0.0,0.0,0.0,0.0
2019-01-31,0,0,266,53.97,53.97,0.0,403.984519,0.0
2019-01-31,0,0,267,66.33,66.33,0.0,496.503486,0.0
2019-01-31,0,0,270,224.7,224.7,0.0,-3317.759662,0.0
2019-01-31,0,0,272,241.58,241.58,0.0,913.315371,0.0
2019-01-31,0,0,273,0.0,0.0,0.0,-0.0,0.0
2019-01-31,0,0,274,289.67,289.67,0.0,-4277.060263,0.0
2019-01-31,0,0,275,403.23,403.23,0.0,-5953.80609,0.0
2019-01-31,0,0,276,0.0,0.0,0.0,-0.0,0.0
2019-01-31,0,0,277,0.0,0.0,0.0,0.0,0.0
2019-01-31,0,0,278,0.0,0.0,0.0,0.0,0.0
2019-01-31,0,0,279,122.94,122.94,0.0,454.696704,0.0
2019-01-31,0,0,281,4.99,4.99,0.0,30.192505,0.0
2019-01-31,0,0,282,0.0,0.0,0.0,0.0,0.0
2019-01-31,1,0,9,0.0,0.0,0.0,0.0,0.0
2019-01-31,1,0,17,0.0,0.0,0.0,0.0,0.0
2019-01-31,1,0,19,201.82,201.82,0.0,2217.906075,0.0
2019-01-31,1,0,20,244.77,244.77,0.0,2689.906203,0.0
2019-01-31,1,0,21,0.0,0.0,0.0,0.0,0.0
2019-01-31,1,0,22,0.0,0.0,0.0,0.0,0.0
2019-01-31,1,0,23,63.87,63.87,0.0,395.125337,0.0
2019-01-31,1,0,24,113.01,113.01,0.0,699.125009,0.0
2019-01-31,1,0,29,0.0,0.0,0.0,0.0,0.0
2019-01-31,1,0,30,0.0,0.0,0.0,0.0,0.0
2019-01-31,1,0,31,24.44,24.44,0.0,150.529175,0.0
2019-01-31,1,0,32,0.0,0.0,0.0,0.0,0.0
2019-01-31,1,0,33,0.0,0.0,0.0,0.0,0.0
2019-01-31,1,0,34,0.0,0.0,0.0,0.0,0.0
2019-01-31,1,0,35,0.0,0.0,0.0,0.0,0.0
2019-01-31,1,0,36,0.0,0.0,0.0,0.0,0.0
2019-01-31,1,0,37,0.0,0.0,0.0,0.0,0.0
2019-01-31,1,0,38,0.0,0.0,0.0,0.0,0.0
2019-01-31,1,0,39,0.0,0.0,0.0,0.0,0.0
2019-01-31,1,0,40,0.0,0.0,0.0,0.0,0.0
2019-01-31,1,0,41,47.38,47.38,0.0,362.257127,0.0
2019-01-31,1,0,42,0.0,0.0,0.0,0.0,0.0
2019-01-31,1,0,43,0.0,0.0,0.0,0.0,0.0
2019-01-31,1,0,46,0.0,0.0,0.0,0.0,0.0
2019-01-31,1,0,52,26.02,26.02,0.0,160.260603,0.0
2019-01-31,1,0,53,42.53,42.53,0.0,261.947865,0.0
2019-01-31,1,0,55,183.98,183.98,0.0,1138.173783,0.0
2019-01-31,1,0,56,0.0,0.0,0.0,0.0,0.0
2019-01-31,1,0,57,0.0,0.0,0.0,0.0,0.0
2019-01-31,1,0,58,0.0,0.0,0.0,0.0,0.0
2019-01-31,1,0,59,0.0,0.0,0.0,0.0,0.0
2019-01-31,1,0,63,90.13,90.13,0.0,1937.369853,0.0
2019-01-31,1,0,64,106.03,106.03,0.0,2279.144852,0.0
2019-01-31,1,0,65,0.0,0.0,0.0,0.0,0.0
2019-01-31,1,0,67,0.0,0.0,0.0,-0.0,0.0
2019-01-31,1,0,68,3.39,3.39,0.0,-6.416986,0.0
2019-01-31,1,0,69,0.0,0.0,0.0,0.0,0.0
2019-01-31,1,0,74,10.9,10.9,0.0,107.051821,0.0
2019-01-31,1,0,77,150.91,150.91,0.0,539.294401,0.0
2019-01-31,1,0,78,114.09,114.09,0.0,407.713857,0.0
2019-01-31,1,0,79,66.02,66.02,0.0,235.930133,0.0
2019-01-31,1,0,80,106.77,106.77,0.0,381.554988,0.0
2019-01-31,1,0,81,139.59,139.59,0.0,498.841067,0.0
2019-01-31,1,0,82,98.47,98.47,0.0,351.893974,0.0
2019-01-31,1,0,83,219.57,219.57,0.0,784.65888,0.0
2019-01-31,1,0,84,0.0,0.0,0.0,0.0,0.0
2019-01-31,1,0,86,0.0,0.0,0.0,0.0,0.0
2019-01-31,1,0,87,0.0,0.0,0.0,0.0,0.0
2019-01-31,1,0,88,168.7,168.7,0.0,602.869031,0.0
2019-01-31,1,0,89,162.18,162.18,0.0,579.569054,0.0
2019-01-31,1,0,90,217.75,217.75,0.0,778.154899,0.0
2019-01-31,1,0,91,776.76,776.76,0.0,2775.842017,0.0
2019-01-31,1,0,92,279.36,279.36,0.0,998.325385,0.0
2019-01-31,1,0,95,25.18,25.18,0.0,458.254342,0.0
2019-01-31,1,0,96,12.08,12.08,0.0,74.058057,0.0
2019-01-31,1,0,97,74.28,74.28,0.0,455.383484,0.0
2019-01-31,1,0,99,2.1,2.1,0.0,20.624663,0.0
2019-01-31,1,0,101,0.0,0.0,0.0,0.0,0.0
2019-01-31,1,0,102,8.02,8.02,0.0,-15.181187,0.0
2019-01-31,1,0,103,6.97,6.97,0.0,-13.193625,0.0
2019-01-31,1,0,104,1.29,1.29,0.0,-2.441862,0.0
2019-01-31,1,0,106,0.0,0.0,0.0,0.0,0.0
2019-01-31,1,0,109,94.91,94.91,0.0,808.044432,0.0
2019-01-31,1,0,110,193.14,193.14,0.0,-5352.019589,0.0
2019-01-31,1,0,111,0.0,0.0,0.0,0.0,0.0
2019-01-31,1,0,113,34.57,34.57,0.0,148.362477,0.0
2019-01-31,1,0,115,34.57,34.57,0.0,148.362477,0.0
2019-01-31,1,0,116,0.0,0.0,0.0,-0.0,0.0
2019-01-31,1,0,117,2.36,2.36,0.0,10.128303,0.0
2019-01-31,1,0,119,106.03,106.03,0.0,2279.144852,0.0
2019-01-31,1,0,120,62.35,62.35,0.0,1340.230893,0.0
2019-01-31,1,0,123,0.0,0.0,0.0,0.0,0.0
2019-01-31,1,0,125,102.26,102.26,0.0,632.621215,0.0
2019-01-31,1,0,126,0.0,0.0,0.0,0.0,0.0
2019-01-31,1,0,127,0.0,0.0,0.0,0.0,0.0
2019-01-31,1,0,128,146.47,146.47,0.0,906.121937,0.0
2019-01-31,1,0,131,10.41,10.41,0.0,-2.036036,0.0
2019-01-31,1,0,132,15.31,15.31,0.0,-2.9944,0.0
2019-01-31,1,0,133,27.06,27.06,0.0,297.480448,0.0
2019-01-31,1,0,134,0.0,0.0,0.0,0.0,0.0
2019-01-31,1,0,135,36.26,36.26,0.0,398.619403,0.0
2019-01-31,1,0,136,1.41,1.41,0.0,15.434624,0.0
2019-01-31,1,0,139,61.19,61.19,0.0,467.845369,0.0
2019-01-31,1,0,140,142.94,142.94,0.0,-3960.948949,0.0
2019-01-31,1,0,141,101.98,101.98,0.0,-841.163241,0.0
2019-01-31,1,0,142,0.0,0.0,0.0,-0.0,0.0
2019-01-31,1,0,143,50.07,50.07,0.0,308.387717,0.0
2019-01-31,1,0,145,8.83,8.83,0.0,62.109138,0.0
2019-01-31,1,0,146,268.0,268.0,0.0,-7426.432898,0.0
2019-01-31,1,0,152,0.0,0.0,0.0,0.0,0.0
2019-01-31,1,0,153,0.0,0.0,0.0,0.0,0.0
2019-01-31,1,0,154,0.0,0.0,0.0,0.0,0.0
2019-01-31,1,0,157,97.71,97.71,0.0,-805.942933,0.0
2019-01-31,1,0,158,0.0,0.0,0.0,-0.0,0.0
2019-01-31,1,0,159,0.0,0.0,0.0,0.0,0.0
2019-01-31,1,0,160,0.0,0.0,0.0,0.0,0.0
2019-01-31,1,0,161,0.0,0.0,0.0,-0.0,0.0
2019-01-31,1,0,162,10.8,10.8,0.0,196.952107,0.0
2019-01-31,1,0,163,64.28,64.28,0.0,-1781.235473,0.0
2019-01-31,1,0,164,0.0,0.0,0.0,0.0,0.0
2019-01-31,1,0,167,0.0,0.0,0.0,0.0,0.0
2019-01-31,1,0,168,0.0,0.0,0.0,0.0,0.0
2019-01-31,1,0,169,0.0,0.0,0.0,0.0,0.0
2019-01-31,1,0,170,0.0,0.0,0.0,0.0,0.0
2019-01-31,1,0,172,0.0,0.0,0.0,0.0,0.0
2019-01-31,1,0,173,0.0,0.0,0.0,0.0,0.0
2019-01-31,1,0,188,0.0,0.0,0.0,0.0,0.0
2019-01-31,1,0,190,0.0,0.0,0.0,0.0,0.0
2019-01-31,1,0,191,0.0,0.0,0.0,0.0,0.0
2019-01-31,1,0,192,85.69,85.69,0.0,1841.930797,0.0
2019-01-31,1,0,194,176.5,176.5,0.0,1710.688079,0.0
2019-01-31,1,0,196,0.0,0.0,0.0,0.0,0.0
2019-01-31,1,0,198,0.0,0.0,0.0,0.0,0.0
2019-01-31,1,0,199,17.07,17.07,0.0,185.194991,0.0
2019-01-31,1,0,200,0.0,0.0,0.0,0.0,0.0
2019-01-31,1,0,204,456.53,456.53,0.0,3829.650635,0.0
2019-01-31,1,0,205,502.06,502.06,0.0,4274.436701,0.0
2019-01-31,1,0,206,218.28,218.28,0.0,1338.194761,0.0
2019-01-31,1,0,210,0.0,0.0,0.0,0.0,0.0
2019-01-31,1,0,214,0.0,0.0,0.0,0.0,0.0
2019-01-31,1,0,217,0.0,0.0,0.0,0.0,0.0
2019-01-31,1,0,218,0.0,0.0,0.0,0.0,0.0
2019-01-31,1,0,219,0.0,0.0,0.0,0.0,0.0
2019-01-31,1,0,221,0.0,0.0,0.0,0.0,0.0
2019-01-31,1,0,225,0.0,0.0,0.0,0.0,0.0
2019-01-31,1,0,233,0.0,0.0,0.0,0.0,0.0
2019-01-31,1,0,236,19.6,19.6,0.0,204.408935,0.0
2019-01-31,1,0,237,26.16,26.16,0.0,256.924369,0.0
2019-01-31,1,0,238,0.0,0.0,0.0,0.0,0.0
2019-01-31,1,0,240,0.0,0.0,0.0,0.0,0.0
2019-01-31,1,0,245,11.61,11.61,0.0,129.328013,0.0
2019-01-31,1,0,247,13.8,13.8,0.0,153.72322,0.0
2019-01-31,1,0,248,2.63,2.63,0.0,25.829935,0.0
2019-01-31,1,0,249,22.33,22.33,0.0,248.741993,0.0
2019-01-31,1,0,251,0.0,0.0,0.0,0.0,0.0
2019-01-31,1,0,252,0.0,0.0,0.0,0.0,0.0
2019-01-31,1,0,254,0.0,0.0,0.0,0.0,0.0
2019-01-31,1,0,255,0.0,0.0,0.0,0.0,0.0
2019-01-31,1,0,258,0.0,0.0,0.0,0.0,0.0
2019-01-31,1,0,260,0.0,0.0,0.0,0.0,0.0
2019-01-31,1,0,265,0.0,0.0,0.0,0.0,0.0
2019-01-31,1,0,266,39.62,39.62,0.0,302.925862,0.0
2019-01-31,1,0,267,48.69,48.69,0.0,372.2731,0.0
2019-01-31,1,0,270,200.74,200.74,0.0,-5562.619925,0.0
2019-01-31,1,0,272,115.31,115.31,0.0,494.870615,0.0
2019-01-31,1,0,273,0.0,0.0,0.0,-0.0,0.0
2019-01-31,1,0,274,258.77,258.77,0.0,-7170.664332,0.0
2019-01-31,1,0,275,360.22,360.22,0.0,-9981.901711,0.0
2019-01-31,1,0,276,0.0,0.0,0.0,-0.0,0.0
2019-01-31,1,0,277,0.0,0.0,0.0,0.0,0.0
2019-01-31,1,0,278,0.0,0.0,0.0,0.0,0.0
2019-01-31,1,0,279,114.32,114.32,0.0,457.71224,0.0
2019-01-31,1,0,281,10.09,10.09,0.0,62.145637,0.0
2019-01-31,1,0,282,0.0,0.0,0.0,0.0,0.0
2019-01-31,2,0,9,0.0,0.0,0.0,0.0,0.0
2019-01-31,2,0,17,0.0,0.0,0.0,0.0,0.0
2019-01-31,2,0,19,175.11,175.11,0.0,1974.736221,0.0
2019-01-31,2,0,20,212.37,212.37,0.0,2394.921656,0.0
2019-01-31,2,0,21,0.0,0.0,0.0,0.0,0.0
2019-01-31,2,0,22,0.0,0.0,0.0,0.0,0.0
2019-01-31,2,0,23,61.63,61.63,0.0,421.803298,0.0
2019-01-31,2,0,24,109.04,109.04,0.0,746.283168,0.0
2019-01-31,2,0,29,0.0,0.0,0.0,0.0,0.0
2019-01-31,2,0,30,0.0,0.0,0.0,0.0,0.0
2019-01-31,2,0,31,10.02,10.02,0.0,68.338124,0.0
2019-01-31,2,0,32,0.0,0.0,0.0,0.0,0.0
2019-01-31,2,0,33,0.0,0.0,0.0,0.0,0.0
2019-01-31,2,0,34,0.0,0.0,0.0,0.0,0.0
2019-01-31,2,0,35,0.0,0.0,0.0,0.0,0.0
2019-01-31,2,0,36,0.0,0.0,0.0,0.0,0.0
2019-01-31,2,0,37,0.0,0.0,0.0,0.0,0.0
2019-01-31,2,0,38,0.0,0.0,0.0,0.0,0.0
2019-01-31,2,0,39,0.0,0.0,0.0,0.0,0.0
2019-01-31,2,0,40,0.0,0.0,0.0,0.0,0.0
2019-01-31,2,0,41,43.01,43.01,0.0,350.21358,0.0
2019-01-31,2,0,42,0.0,0.0,0.0,0.0,0.0
2019-01-31,2,0,43,0.0,0.0,0.0,0.0,0.0
2019-01-31,2,0,46,0.0,0.0,0.0,0.0,0.0
2019-01-31,2,0,52,10.62,10.62,0.0,72.430227,0.0
2019-01-31,2,0,53,16.87,16.87,0.0,115.056303,0.0
2019-01-31,2,0,55,197.82,197.82,0.0,1353.904405,0.0
2019-01-31,2,0,56,0.0,0.0,0.0,0.0,0.0
2019-01-31,2,0,57,0.0,0.0,0.0,0.0,0.0
2019-01-31,2,0,58,0.0,0.0,0.0,0.0,0.0
2019-01-31,2,0,59,0.0,0.0,0.0,0.0,0.0
2019-01-31,2,0,63,93.78,93.78,0.0,1774.494838,0.0
2019-01-31,2,0,64,110.33,110.33,0.0,2087.652117,0.0
2019-01-31,2,0,65,0.0,0.0,0.0,0.0,0.0
2019-01-31,2,0,67,0.0,0.0,0.0,-0.0,0.0
2019-01-31,2,0,68,3.3,3.3,0.0,6.831263,0.0
2019-01-31,2,0,69,0.0,0.0,0.0,0.0,0.0
2019-01-31,2,0,74,6.83,6.83,0.0,69.222025,0.0
2019-01-31,2,0,77,147.77,147.77,0.0,672.767971,0.0
2019-01-31,2,0,78,111.71,111.71,0.0,508.593829,0.0
2019-01-31,2,0,79,64.65,64.65,0.0,294.338833,0.0
2019-01-31,2,0,80,104.55,104.55,0.0,475.995746,0.0
2019-01-31,2,0,81,136.68,136.68,0.0,622.277365,0.0
2019-01-31,2,0,82,96.42,96.42,0.0,438.981443,0.0
2019-01-31,2,0,83,215.0,215.0,0.0,978.85304,0.0
2019-01-31,2,0,84,0.0,0.0,0.0,0.0,0.0
2019-01-31,2,0,86,0.0,0.0,0.0,0.0,0.0
2019-01-31,2,0,87,0.0,0.0,0.0,0.0,0.0
2019-01-31,2,0,88,162.59,162.59,0.0,740.240539,0.0
2019-01-31,2,0,89,156.3,156.3,0.0,711.603396,0.0
2019-01-31,2,0,90,209.86,209.86,0.0,955.451624,0.0
2019-01-31,2,0,91,748.61,748.61,0.0,3408.275231,0.0
2019-01-31,2,0,92,269.23,269.23,0.0,1225.751647,0.0
2019-01-31,2,0,95,10.06,10.06,0.0,171.507314,0.0
2019-01-31,2,0,96,11.88,11.88,0.0,80.726276,0.0
2019-01-31,2,0,97,73.03,73.03,0.0,496.249151,0.0
2019-01-31,2,0,99,1.32,1.32,0.0,13.378195,0.0
2019-01-31,2,0,101,0.0,0.0,0.0,0.0,0.0
2019-01-31,2,0,102,7.81,7.81,0.0,16.167323,0.0
2019-01-31,2,0,103,6.79,6.79,0.0,14.055842,0.0
2019-01-31,2,0,104,1.26,1.26,0.0,2.6083,0.0
2019-01-31,2,0,106,0.0,0.0,0.0,0.0,0.0
2019-01-31,2,0,109,79.6,79.6,0.0,706.475611,0.0
2019-01-31,2,0,110,162.97,162.97,0.0,-1514.605449,0.0
2019-01-31,2,0,111,0.0,0.0,0.0,0.0,0.0
2019-01-31,2,0,113,36.48,36.48,0.0,168.440095,0.0
2019-01-31,2,0,115,36.48,36.48,0.0,168.440095,0.0
2019-01-31,2,0,116,0.0,0.0,0.0,-0.0,0.0
2019-01-31,2,0,117,1.95,1.95,0.0,9.003788,0.0
2019-01-31,2,0,119,110.33,110.33,0.0,2087.652117,0.0
2019-01-31,2,0,120,64.87,64.87,0.0,1227.463,0.0
2019-01-31,2,0,123,0.0,0.0,0.0,0.0,0.0
2019-01-31,2,0,125,98.68,98.68,0.0,675.378054,0.0
2019-01-31,2,0,126,0.0,0.0,0.0,0.0,0.0
2019-01-31,2,0,127,0.0,0.0,0.0,0.0,0.0
2019-01-31,2,0,128,141.33,141.33,0.0,967.279899,0.0
2019-01-31,2,0,131,10.16,10.16,0.0,28.622486,0.0
2019-01-31,2,0,132,14.94,14.94,0.0,42.088578,0.0
2019-01-31,2,0,133,22.42,22.42,0.0,252.91783,0.0
2019-01-31,2,0,134,0.0,0.0,0.0,0.0,0.0
2019-01-31,2,0,135,30.05,30.05,0.0,338.991114,0.0
2019-01-31,2,0,136,1.27,1.27,0.0,14.268136,0.0
2019-01-31,2,0,139,55.54,55.54,0.0,452.240461,0.0
2019-01-31,2,0,140,120.62,120.62,0.0,-1121.014354,0.0
2019-01-31,2,0,141,102.39,102.39,0.0,-74.468301,0.0
2019-01-31,2,0,142,0.0,0.0,0.0,-0.0,0.0
2019-01-31,2,0,143,24.04,24.04,0.0,163.956937,0.0
2019-01-31,2,0,145,8.62,8.62,0.0,65.373774,0.0
2019-01-31,2,0,146,268.0,268.0,0.0,-2490.729952,0.0
2019-01-31,2,0,152,0.0,0.0,0.0,0.0,0.0
2019-01-31,2,0,153,0.0,0.0,0.0,0.0,0.0
2019-01-31,2,0,154,0.0,0.0,0.0,0.0,0.0
2019-01-31,2,0,157,91.53,91.53,0.0,-66.569817,0.0
2019-01-31,2,0,158,0.0,0.0,0.0,-0.0,0.0
2019-01-31,2,0,159,0.0,0.0,0.0,0.0,0.0
2019-01-31,2,0,160,0.0,0.0,0.0,0.0,0.0
2019-01-31,2,0,161,0.0,0.0,0.0,0.0,0.0
2019-01-31,2,0,162,10.33,10.33,0.0,176.349328,0.0
2019-01-31,2,0,163,62.31,62.31,0.0,-579.094714,0.0
2019-01-31,2,0,164,0.0,0.0,0.0,0.0,0.0
2019-01-31,2,0,167,0.0,0.0,0.0,0.0,0.0
2019-01-31,2,0,168,0.0,0.0,0.0,0.0,0.0
2019-01-31,2,0,169,0.0,0.0,0.0,0.0,0.0
2019-01-31,2,0,170,0.0,0.0,0.0,0.0,0.0
2019-01-31,2,0,172,0.0,0.0,0.0,0.0,0.0
2019-01-31,2,0,173,0.0,0.0,0.0,0.0,0.0
2019-01-31,2,0,188,0.0,0.0,0.0,0.0,0.0
2019-01-31,2,0,190,0.0,0.0,0.0,0.0,0.0
2019-01-31,2,0,191,0.0,0.0,0.0,0.0,0.0
2019-01-31,2,0,192,78.83,78.83,0.0,1491.612584,0.0
2019-01-31,2,0,194,176.5,176.5,0.0,1193.101144,0.0
2019-01-31,2,0,196,0.0,0.0,0.0,0.0,0.0
2019-01-31,2,0,198,0.0,0.0,0.0,0.0,0.0
2019-01-31,2,0,199,6.31,6.31,0.0,57.146798,0.0
2019-01-31,2,0,200,0.0,0.0,0.0,0.0,0.0
2019-01-31,2,0,204,415.96,415.96,0.0,3642.912305,0.0
2019-01-31,2,0,205,390.78,390.78,0.0,3468.298232,0.0
2019-01-31,2,0,206,214.58,214.58,0.0,1458.101366,0.0
2019-01-31,2,0,210,0.0,0.0,0.0,0.0,0.0
2019-01-31,2,0,214,0.0,0.0,0.0,0.0,0.0
2019-01-31,2,0,217,0.0,0.0,0.0,0.0,0.0
2019-01-31,2,0,218,0.0,0.0,0.0,0.0,0.0
2019-01-31,2,0,219,0.0,0.0,0.0,0.0,0.0
2019-01-31,2,0,221,0.0,0.0,0.0,0.0,0.0
2019-01-31,2,0,225,0.0,0.0,0.0,0.0,0.0
2019-01-31,2,0,233,0.0,0.0,0.0,0.0,0.0
2019-01-31,2,0,236,13.47,13.47,0.0,144.44196,0.0
2019-01-31,2,0,237,16.38,16.38,0.0,166.011241,0.0
2019-01-31,2,0,238,0.0,0.0,0.0,0.0,0.0
2019-01-31,2,0,240,0.0,0.0,0.0,0.0,0.0
2019-01-31,2,0,245,8.59,8.59,0.0,98.139062,0.0
2019-01-31,2,0,247,9.51,9.51,0.0,108.649881,0.0
2019-01-31,2,0,248,1.64,1.64,0.0,16.621394,0.0
2019-01-31,2,0,249,16.53,16.53,0.0,188.852001,0.0
2019-01-31,2,0,251,0.0,0.0,0.0,0.0,0.0
2019-01-31,2,0,252,0.0,0.0,0.0,0.0,0.0
2019-01-31,2,0,254,0.0,0.0,0.0,0.0,0.0
2019-01-31,2,0,255,0.0,0.0,0.0,0.0,0.0
2019-01-31,2,0,258,0.0,0.0,0.0,0.0,0.0
2019-01-31,2,0,260,0.0,0.0,0.0,0.0,0.0
2019-01-31,2,0,265,0.0,0.0,0.0,0.0,0.0
2019-01-31,2,0,266,35.96,35.96,0.0,292.808192,0.0
2019-01-31,2,0,267,44.2,44.2,0.0,359.903284,0.0
2019-01-31,2,0,270,194.58,194.58,0.0,-1808.381471,0.0
2019-01-31,2,0,272,157.36,157.36,0.0,726.582603,0.0
2019-01-31,2,0,273,0.0,0.0,0.0,-0.0,0.0
2019-01-31,2,0,274,250.84,250.84,0.0,-2331.248885,0.0
2019-01-31,2,0,275,349.18,349.18,0.0,-3245.198077,0.0
2019-01-31,2,0,276,0.0,0.0,0.0,-0.0,0.0
2019-01-31,2,0,277,0.0,0.0,0.0,0.0,0.0
2019-01-31,2,0,278,0.0,0.0,0.0,0.0,0.0
2019-01-31,2,0,279,110.05,110.05,0.0,505.290077,0.0
2019-01-31,2,0,281,4.5,4.5,0.0,30.690774,0.0
2019-01-31,2,0,282,0.0,0.0,0.0,0.0,0.0
2019-01-31,3,0,9,0.0,0.0,0.0,0.0,0.0
2019-01-31,3,0,17,0.0,0.0,0.0,0.0,0.0
2019-01-31,3,0,19,158.73,158.73,0.0,2190.33675,0.0
2019-01-31,3,0,20,192.51,192.51,0.0,2656.471542,0.0
2019-01-31,3,0,21,0.0,0.0,0.0,0.0,0.0
2019-01-31,3,0,22,0.0,0.0,0.0,0.0,0.0
2019-01-31,3,0,23,60.03,60.03,0.0,548.056509,0.0
2019-01-31,3,0,24,106.22,106.22,0.0,969.757828,0.0
2019-01-31,3,0,29,0.0,0.0,0.0,0.0,0.0
2019-01-31,3,0,30,0.0,0.0,0.0,0.0,0.0
2019-01-31,3,0,31,9.25,9.25,0.0,84.232752,0.0
2019-01-31,3,0,32,0.0,0.0,0.0,0.0,0.0
2019-01-31,3,0,33,0.0,0.0,0.0,0.0,0.0
2019-01-31,3,0,34,0.0,0.0,0.0,0.0,0.0
2019-01-31,3,0,35,0.0,0.0,0.0,0.0,0.0
2019-01-31,3,0,36,0.0,0.0,0.0,0.0,0.0
2019-01-31,3,0,37,0.0,0.0,0.0,0.0,0.0
2019-01-31,3,0,38,0.0,0.0,0.0,0.0,0.0
2019-01-31,3,0,39,0.0,0.0,0.0,0.0,0.0
2019-01-31,3,0,40,0.0,0.0,0.0,0.0,0.0
2019-01-31,3,0,41,38.98,38.98,0.0,406.45508,0.0
2019-01-31,3,0,42,0.0,0.0,0.0,0.0,0.0
2019-01-31,3,0,43,0.0,0.0,0.0,0.0,0.0
2019-01-31,3,0,46,0.0,0.0,0.0,0.0,0.0
2019-01-31,3,0,52,9.81,9.81,0.0,89.332249,0.0
2019-01-31,3,0,53,15.58,15.58,0.0,141.875274,0.0
2019-01-31,3,0,55,179.82,179.82,0.0,1641.704506,0.0
2019-01-31,3,0,56,0.0,0.0,0.0,0.0,0.0
2019-01-31,3,0,57,0.0,0.0,0.0,0.0,0.0
2019-01-31,3,0,58,0.0,0.0,0.0,0.0,0.0
2019-01-31,3,0,59,0.0,0.0,0.0,0.0,0.0
2019-01-31,3,0,63,97.55,97.55,0.0,1745.179587,0.0
2019-01-31,3,0,64,114.76,114.76,0.0,2053.068267,0.0
2019-01-31,3,0,65,0.0,0.0,0.0,0.0,0.0
2019-01-31,3,0,67,0.0,0.0,0.0,0.0,0.0
2019-01-31,3,0,68,3.27,3.27,0.0,19.365143,0.0
2019-01-31,3,0,69,0.0,0.0,0.0,0.0,0.0
2019-01-31,3,0,74,4.02,4.02,0.0,50.264196,0.0
2019-01-31,3,0,77,145.36,145.36,0.0,1001.563394,0.0
2019-01-31,3,0,78,109.89,109.89,0.0,757.167043,0.0
2019-01-31,3,0,79,63.6,63.6,0.0,438.218436,0.0
2019-01-31,3,0,80,102.84,102.84,0.0,708.590942,0.0
2019-01-31,3,0,81,134.46,134.46,0.0,926.45992,0.0
2019-01-31,3,0,82,94.85,94.85,0.0,653.538029,0.0
2019-01-31,3,0,83,211.5,211.5,0.0,1457.283006,0.0
2019-01-31,3,0,84,0.0,0.0,0.0,0.0,0.0
2019-01-31,3,0,86,0.0,0.0,0.0,0.0,0.0
2019-01-31,3,0,87,0.0,0.0,0.0,0.0,0.0
2019-01-31,3,0,88,157.37,157.37,0.0,1084.31502,0.0
2019-01-31,3,0,89,151.29,151.29,0.0,1042.42244,0.0
2019-01-31,3,0,90,203.13,203.13,0.0,1399.611806,0.0
2019-01-31,3,0,91,724.6,724.6,0.0,4992.658469,0.0
2019-01-31,3,0,92,260.6,260.6,0.0,1795.593151,0.0
2019-01-31,3,0,95,9.85,9.85,0.0,165.681967,0.0
2019-01-31,3,0,96,11.76,11.76,0.0,106.801008,0.0
2019-01-31,3,0,97,72.31,72.31,0.0,656.699058,0.0
2019-01-31,3,0,99,0.78,0.78,0.0,9.752755,0.0
2019-01-31,3,0,101,0.0,0.0,0.0,0.0,0.0
2019-01-31,3,0,102,7.74,7.74,0.0,45.83676,0.0
2019-01-31,3,0,103,6.73,6.73,0.0,39.855477,0.0
2019-01-31,3,0,104,1.25,1.25,0.0,7.402577,0.0
2019-01-31,3,0,106,0.0,0.0,0.0,0.0,0.0
2019-01-31,3,0,109,70.28,70.28,0.0,780.104215,0.0
2019-01-31,3,0,110,137.49,137.49,0.0,265.534441,0.0
2019-01-31,3,0,111,0.0,0.0,0.0,0.0,0.0
2019-01-31,3,0,113,30.06,30.06,0.0,198.296229,0.0
2019-01-31,3,0,115,30.06,30.06,0.0,198.296229,0.0
2019-01-31,3,0,116,0.0,0.0,0.0,0.0,0.0
2019-01-31,3,0,117,1.54,1.54,0.0,10.158889,0.0
2019-01-31,3,0,119,114.76,114.76,0.0,2053.068267,0.0
2019-01-31,3,0,120,67.48,67.48,0.0,1207.224178,0.0
2019-01-31,3,0,123,0.0,0.0,0.0,0.0,0.0
2019-01-31,3,0,125,96.12,96.12,0.0,877.547754,0.0
2019-01-31,3,0,126,0.0,0.0,0.0,0.0,0.0
2019-01-31,3,0,127,0.0,0.0,0.0,0.0,0.0
2019-01-31,3,0,128,137.67,137.67,0.0,1256.887217,0.0
2019-01-31,3,0,131,10.06,10.06,0.0,62.215334,0.0
2019-01-31,3,0,132,14.78,14.78,0.0,91.405829,0.0
2019-01-31,3,0,133,11.17,11.17,0.0,154.184756,0.0
2019-01-31,3,0,134,0.0,0.0,0.0,0.0,0.0
2019-01-31,3,0,135,14.95,14.95,0.0,206.361871,0.0
2019-01-31,3,0,136,1.14,1.14,0.0,15.67569,0.0
2019-01-31,3,0,139,50.33,50.33,0.0,524.804623,0.0
2019-01-31,3,0,140,101.76,101.76,0.0,196.529091,0.0
2019-01-31,3,0,141,103.42,103.42,0.0,510.861349,0.0
2019-01-31,3,0,142,0.0,0.0,0.0,0.0,0.0
2019-01-31,3,0,143,10.88,10.88,0.0,99.075929,0.0
2019-01-31,3,0,145,8.42,8.42,0.0,82.917481,0.0
2019-01-31,3,0,146,259.53,259.53,0.0,501.230296,0.0
2019-01-31,3,0,152,0.0,0.0,0.0,0.0,0.0
2019-01-31,3,0,153,0.0,0.0,0.0,0.0,0.0
2019-01-31,3,0,154,0.0,0.0,0.0,0.0,0.0
2019-01-31,3,0,157,90.15,90.15,0.0,445.311841,0.0
2019-01-31,3,0,158,0.0,0.0,0.0,0.0,0.0
2019-01-31,3,0,159,0.0,0.0,0.0,0.0,0.0
2019-01-31,3,0,160,0.0,0.0,0.0,0.0,0.0
2019-01-31,3,0,161,0.0,0.0,0.0,0.0,0.0
2019-01-31,3,0,162,9.92,9.92,0.0,167.006092,0.0
2019-01-31,3,0,163,61.46,61.46,0.0,118.6977,0.0
2019-01-31,3,0,164,0.0,0.0,0.0,0.0,0.0
2019-01-31,3,0,167,0.0,0.0,0.0,0.0,0.0
2019-01-31,3,0,168,0.0,0.0,0.0,0.0,0.0
2019-01-31,3,0,169,0.0,0.0,0.0,0.0,0.0
2019-01-31,3,0,170,0.0,0.0,0.0,0.0,0.0
2019-01-31,3,0,172,0.0,0.0,0.0,0.0,0.0
2019-01-31,3,0,173,0.0,0.0,0.0,0.0,0.0
2019-01-31,3,0,188,0.0,0.0,0.0,0.0,0.0
2019-01-31,3,0,190,0.0,0.0,0.0,0.0,0.0
2019-01-31,3,0,191,0.0,0.0,0.0,0.0,0.0
2019-01-31,3,0,192,72.84,72.84,0.0,1303.115132,0.0
2019-01-31,3,0,194,167.5,167.5,0.0,1181.552727,0.0
2019-01-31,3,0,196,0.0,0.0,0.0,0.0,0.0
2019-01-31,3,0,198,0.0,0.0,0.0,0.0,0.0
2019-01-31,3,0,199,5.71,5.71,0.0,52.727279,0.0
2019-01-31,3,0,200,0.0,0.0,0.0,0.0,0.0
2019-01-31,3,0,204,379.05,379.05,0.0,4159.465854,0.0
2019-01-31,3,0,205,371.76,371.76,0.0,4126.515981,0.0
2019-01-31,3,0,206,212.49,212.49,0.0,1929.774343,0.0
2019-01-31,3,0,210,0.0,0.0,0.0,0.0,0.0
2019-01-31,3,0,214,0.0,0.0,0.0,0.0,0.0
2019-01-31,3,0,217,0.0,0.0,0.0,0.0,0.0
2019-01-31,3,0,218,0.0,0.0,0.0,0.0,0.0
2019-01-31,3,0,219,0.0,0.0,0.0,0.0,0.0
2019-01-31,3,0,221,0.0,0.0,0.0,0.0,0.0
2019-01-31,3,0,225,0.0,0.0,0.0,0.0,0.0
2019-01-31,3,0,233,0.0,0.0,0.0,0.0,0.0
2019-01-31,3,0,236,8.87,8.87,0.0,116.753266,0.0
2019-01-31,3,0,237,9.64,9.64,0.0,120.534043,0.0
2019-01-31,3,0,238,0.0,0.0,0.0,0.0,0.0
2019-01-31,3,0,240,0.0,0.0,0.0,0.0,0.0
2019-01-31,3,0,245,6.74,6.74,0.0,94.146386,0.0
2019-01-31,3,0,247,6.42,6.42,0.0,89.676528,0.0
2019-01-31,3,0,248,0.97,0.97,0.0,12.128426,0.0
2019-01-31,3,0,249,12.97,12.97,0.0,181.168935,0.0
2019-01-31,3,0,251,0.0,0.0,0.0,0.0,0.0
2019-01-31,3,0,252,0.0,0.0,0.0,0.0,0.0
2019-01-31,3,0,254,0.0,0.0,0.0,0.0,0.0
2019-01-31,3,0,255,0.0,0.0,0.0,0.0,0.0
2019-01-31,3,0,258,0.0,0.0,0.0,0.0,0.0
2019-01-31,3,0,260,0.0,0.0,0.0,0.0,0.0
2019-01-31,3,0,265,0.0,0.0,0.0,0.0,0.0
2019-01-31,3,0,266,32.59,32.59,0.0,339.824809,0.0
2019-01-31,3,0,267,40.05,40.05,0.0,417.612262,0.0
2019-01-31,3,0,270,191.95,191.95,0.0,370.71304,0.0
2019-01-31,3,0,272,122.78,122.78,0.0,809.940487,0.0
2019-01-31,3,0,273,0.0,0.0,0.0,0.0,0.0
2019-01-31,3,0,274,247.44,247.44,0.0,477.880879,0.0
2019-01-31,3,0,275,344.44,344.44,0.0,665.216981,0.0
2019-01-31,3,0,276,0.0,0.0,0.0,0.0,0.0
2019-01-31,3,0,277,0.0,0.0,0.0,0.0,0.0
2019-01-31,3,0,278,0.0,0.0,0.0,0.0,0.0
2019-01-31,3,0,279,106.48,106.48,0.0,714.945935,0.0
2019-01-31,3,0,281,4.15,4.15,0.0,37.790911,0.0
2019-01-31,3,0,282,0.0,0.0,0.0,0.0,0.0
2019-01-31,4,0,9,0.0,0.0,0.0,0.0,0.0
2019-01-31,4,0,17,0.0,0.0,0.0,0.0,0.0
2019-01-31,4,0,19,150.34,150.34,0.0,2385.831422,0.0
2019-01-31,4,0,20,182.34,182.34,0.0,2893.657719,0.0
2019-01-31,4,0,21,0.0,0.0,0.0,0.0,0.0
2019-01-31,4,0,22,0.0,0.0,0.0,0.0,0.0
2019-01-31,4,0,23,53.23,53.23,0.0,567.09574,0.0
2019-01-31,4,0,24,87.97,87.97,0.0,937.204814,0.0
2019-01-31,4,0,29,0.0,0.0,0.0,0.0,0.0
2019-01-31,4,0,30,0.0,0.0,0.0,0.0,0.0
2019-01-31,4,0,31,8.51,8.51,0.0,90.447695,0.0
2019-01-31,4,0,32,0.0,0.0,0.0,0.0,0.0
2019-01-31,4,0,33,0.0,0.0,0.0,0.0,0.0
2019-01-31,4,0,34,0.0,0.0,0.0,0.0,0.0
2019-01-31,4,0,35,0.0,0.0,0.0,0.0,0.0
2019-01-31,4,0,36,0.0,0.0,0.0,0.0,0.0
2019-01-31,4,0,37,0.0,0.0,0.0,0.0,0.0
2019-01-31,4,0,38,0.0,0.0,0.0,0.0,0.0
2019-01-31,4,0,39,0.0,0.0,0.0,0.0,0.0
2019-01-31,4,0,40,0.0,0.0,0.0,0.0,0.0
2019-01-31,4,0,41,35.45,35.45,0.0,427.74472,0.0
2019-01-31,4,0,42,0.0,0.0,0.0,0.0,0.0
2019-01-31,4,0,43,0.0,0.0,0.0,0.0,0.0
2019-01-31,4,0,46,0.0,0.0,0.0,0.0,0.0
2019-01-31,4,0,52,9.02,9.02,0.0,95.86818,0.0
2019-01-31,4,0,53,14.34,14.34,0.0,152.411274,0.0
2019-01-31,4,0,55,166.08,166.08,0.0,1769.364279,0.0
2019-01-31,4,0,56,0.0,0.0,0.0,0.0,0.0
2019-01-31,4,0,57,0.0,0.0,0.0,0.0,0.0
2019-01-31,4,0,58,0.0,0.0,0.0,0.0,0.0
2019-01-31,4,0,59,0.0,0.0,0.0,0.0,0.0
2019-01-31,4,0,63,101.68,101.68,0.0,1818.047831,0.0
2019-01-31,4,0,64,119.62,119.62,0.0,2138.816694,0.0
2019-01-31,4,0,65,0.0,0.0,0.0,0.0,0.0
2019-01-31,4,0,67,0.0,0.0,0.0,0.0,0.0
2019-01-31,4,0,68,3.26,3.26,0.0,22.958793,0.0
2019-01-31,4,0,69,0.0,0.0,0.0,0.0,0.0
2019-01-31,4,0,74,2.26,2.26,0.0,32.484316,0.0
2019-01-31,4,0,77,144.71,144.71,0.0,1192.957432,0.0
2019-01-31,4,0,78,109.4,109.4,0.0,901.869553,0.0
2019-01-31,4,0,79,63.31,63.31,0.0,521.913724,0.0
2019-01-31,4,0,80,102.38,102.38,0.0,843.998216,0.0
2019-01-31,4,0,81,133.86,133.86,0.0,1103.512417,0.0
2019-01-31,4,0,82,94.42,94.42,0.0,778.377726,0.0
2019-01-31,4,0,83,210.56,210.56,0.0,1735.810358,0.0
2019-01-31,4,0,84,0.0,0.0,0.0,0.0,0.0
2019-01-31,4,0,86,0.0,0.0,0.0,0.0,0.0
2019-01-31,4,0,87,0.0,0.0,0.0,0.0,0.0
2019-01-31,4,0,88,153.79,153.79,0.0,1267.810956,0.0
2019-01-31,4,0,89,147.84,147.84,0.0,1218.760464,0.0
2019-01-31,4,0,90,198.51,198.51,0.0,1636.472807,0.0
2019-01-31,4,0,91,708.11,708.11,0.0,5837.503195,0.0
2019-01-31,4,0,92,254.67,254.67,0.0,2099.443503,0.0
2019-01-31,4,0,95,22.55,22.55,0.0,378.480207,0.0
2019-01-31,4,0,96,11.76,11.76,0.0,124.679233,0.0
2019-01-31,4,0,97,72.32,72.32,0.0,766.734874,0.0
2019-01-31,4,0,99,0.44,0.44,0.0,6.32438,0.0
2019-01-31,4,0,101,0.0,0.0,0.0,0.0,0.0
2019-01-31,4,0,102,7.72,7.72,0.0,54.368675,0.0
2019-01-31,4,0,103,6.71,6.71,0.0,47.255675,0.0
2019-01-31,4,0,104,1.25,1.25,0.0,8.803218,0.0
2019-01-31,4,0,106,0.0,0.0,0.0,0.0,0.0
2019-01-31,4,0,109,60.04,60.04,0.0,766.430705,0.0
2019-01-31,4,0,110,114.42,114.42,0.0,225.464608,0.0
2019-01-31,4,0,111,0.0,0.0,0.0,0.0,0.0
2019-01-31,4,0,113,16.64,16.64,0.0,132.568929,0.0
2019-01-31,4,0,115,16.64,16.64,0.0,132.568929,0.0
2019-01-31,4,0,116,0.0,0.0,0.0,0.0,0.0
2019-01-31,4,0,117,1.11,1.11,0.0,8.84324,0.0
2019-01-31,4,0,119,119.62,119.62,0.0,2138.816694,0.0
2019-01-31,4,0,120,70.34,70.34,0.0,1257.685724,0.0
2019-01-31,4,0,123,0.0,0.0,0.0,0.0,0.0
2019-01-31,4,0,125,80.72,80.72,0.0,859.965586,0.0
2019-01-31,4,0,126,0.0,0.0,0.0,0.0,0.0
2019-01-31,4,0,127,0.0,0.0,0.0,0.0,0.0
2019-01-31,4,0,128,109.63,109.63,0.0,1167.963667,0.0
2019-01-31,4,0,131,10.02,10.02,0.0,73.907802,0.0
2019-01-31,4,0,132,14.72,14.72,0.0,108.575135,0.0
2019-01-31,4,0,133,15.08,15.08,0.0,239.388922,0.0
2019-01-31,4,0,134,0.0,0.0,0.0,0.0,0.0
2019-01-31,4,0,135,20.8,20.8,0.0,330.191617,0.0
2019-01-31,4,0,136,1.03,1.03,0.0,16.287706,0.0
2019-01-31,4,0,139,45.78,45.78,0.0,552.387963,0.0
2019-01-31,4,0,140,84.69,84.69,0.0,166.881644,0.0
2019-01-31,4,0,141,105.66,105.66,0.0,612.194875,0.0
2019-01-31,4,0,142,0.0,0.0,0.0,0.0,0.0
2019-01-31,4,0,143,9.41,9.41,0.0,100.013256,0.0
2019-01-31,4,0,145,8.2,8.2,0.0,93.67173,0.0
2019-01-31,4,0,146,244.72,244.72,0.0,482.220756,0.0
2019-01-31,4,0,152,0.0,0.0,0.0,0.0,0.0
2019-01-31,4,0,153,0.0,0.0,0.0,0.0,0.0
2019-01-31,4,0,154,0.0,0.0,0.0,0.0,0.0
2019-01-31,4,0,157,94.82,94.82,0.0,549.387829,0.0
2019-01-31,4,0,158,0.0,0.0,0.0,0.0,0.0
2019-01-31,4,0,159,0.0,0.0,0.0,0.0,0.0
2019-01-31,4,0,160,0.0,0.0,0.0,0.0,0.0
2019-01-31,4,0,161,0.0,0.0,0.0,0.0,0.0
2019-01-31,4,0,162,9.47,9.47,0.0,159.083475,0.0
2019-01-31,4,0,163,61.23,61.23,0.0,120.653714,0.0
2019-01-31,4,0,164,0.0,0.0,0.0,0.0,0.0
2019-01-31,4,0,167,0.0,0.0,0.0,0.0,0.0
2019-01-31,4,0,168,0.0,0.0,0.0,0.0,0.0
2019-01-31,4,0,169,0.0,0.0,0.0,0.0,0.0
2019-01-31,4,0,170,0.0,0.0,0.0,0.0,0.0
2019-01-31,4,0,172,0.0,0.0,0.0,0.0,0.0
2019-01-31,4,0,173,0.0,0.0,0.0,0.0,0.0
2019-01-31,4,0,188,0.0,0.0,0.0,0.0,0.0
2019-01-31,4,0,190,0.0,0.0,0.0,0.0,0.0
2019-01-31,4,0,191,0.0,0.0,0.0,0.0,0.0
2019-01-31,4,0,192,67.37,67.37,0.0,1204.581848,0.0
2019-01-31,4,0,194,157.53,157.53,0.0,1360.730804,0.0
2019-01-31,4,0,196,0.0,0.0,0.0,0.0,0.0
2019-01-31,4,0,198,0.0,0.0,0.0,0.0,0.0
2019-01-31,4,0,199,5.19,5.19,0.0,51.80704,0.0
2019-01-31,4,0,200,0.0,0.0,0.0,0.0,0.0
2019-01-31,4,0,204,345.58,345.58,0.0,4362.082655,0.0
2019-01-31,4,0,205,317.63,317.63,0.0,4054.653312,0.0
2019-01-31,4,0,206,212.51,212.51,0.0,2253.025831,0.0
2019-01-31,4,0,210,0.0,0.0,0.0,0.0,0.0
2019-01-31,4,0,214,0.0,0.0,0.0,0.0,0.0
2019-01-31,4,0,217,0.0,0.0,0.0,0.0,0.0
2019-01-31,4,0,218,0.0,0.0,0.0,0.0,0.0
2019-01-31,4,0,219,0.0,0.0,0.0,0.0,0.0
2019-01-31,4,0,221,0.0,0.0,0.0,0.0,0.0
2019-01-31,4,0,225,0.0,0.0,0.0,0.0,0.0
2019-01-31,4,0,233,0.0,0.0,0.0,0.0,0.0
2019-01-31,4,0,236,5.44,5.44,0.0,82.311321,0.0
2019-01-31,4,0,237,5.42,5.42,0.0,77.904864,0.0
2019-01-31,4,0,238,0.0,0.0,0.0,0.0,0.0
2019-01-31,4,0,240,0.0,0.0,0.0,0.0,0.0
2019-01-31,4,0,245,5.85,5.85,0.0,93.984397,0.0
2019-01-31,4,0,247,4.4,4.4,0.0,70.689119,0.0
2019-01-31,4,0,248,0.54,0.54,0.0,7.761739,0.0
2019-01-31,4,0,249,11.24,11.24,0.0,180.578567,0.0
2019-01-31,4,0,251,0.0,0.0,0.0,0.0,0.0
2019-01-31,4,0,252,0.0,0.0,0.0,0.0,0.0
2019-01-31,4,0,254,0.0,0.0,0.0,0.0,0.0
2019-01-31,4,0,255,0.0,0.0,0.0,0.0,0.0
2019-01-31,4,0,258,0.0,0.0,0.0,0.0,0.0
2019-01-31,4,0,260,0.0,0.0,0.0,0.0,0.0
2019-01-31,4,0,265,0.0,0.0,0.0,0.0,0.0
2019-01-31,4,0,266,29.64,29.64,0.0,357.640437,0.0
2019-01-31,4,0,267,36.43,36.43,0.0,439.569539,0.0
2019-01-31,4,0,270,191.23,191.23,0.0,376.818712,0.0
2019-01-31,4,0,272,55.63,55.63,0.0,443.197687,0.0
2019-01-31,4,0,273,0.0,0.0,0.0,0.0,0.0
2019-01-31,4,0,274,246.52,246.52,0.0,485.767656,0.0
2019-01-31,4,0,275,343.16,343.16,0.0,676.196775,0.0
2019-01-31,4,0,276,0.0,0.0,0.0,0.0,0.0
2019-01-31,4,0,277,0.0,0.0,0.0,0.0,0.0
2019-01-31,4,0,278,0.0,0.0,0.0,0.0,0.0
2019-01-31,4,0,279,103.82,103.82,0.0,838.647101,0.0
2019-01-31,4,0,281,3.82,3.82,0.0,40.600493,0.0
2019-01-31,4,0,282,0.0,0.0,0.0,0.0,0.0
2019-01-31,5,0,9,0.0,0.0,0.0,0.0,0.0
2019-01-31,5,0,17,0.0,0.0,0.0,0.0,0.0
2019-01-31,5,0,19,179.28,179.28,0.0,2474.435009,0.0
2019-01-31,5,0,20,217.43,217.43,0.0,3000.983958,0.0
2019-01-31,5,0,21,0.0,0.0,0.0,0.0,0.0
2019-01-31,5,0,22,0.0,0.0,0.0,0.0,0.0
2019-01-31,5,0,23,62.75,62.75,0.0,549.019934,0.0
2019-01-31,5,0,24,111.02,111.02,0.0,971.34969,0.0
2019-01-31,5,0,29,0.0,0.0,0.0,0.0,0.0
2019-01-31,5,0,30,0.0,0.0,0.0,0.0,0.0
2019-01-31,5,0,31,7.15,7.15,0.0,62.373221,0.0
2019-01-31,5,0,32,0.0,0.0,0.0,0.0,0.0
2019-01-31,5,0,33,0.0,0.0,0.0,0.0,0.0
2019-01-31,5,0,34,0.0,0.0,0.0,0.0,0.0
2019-01-31,5,0,35,0.0,0.0,0.0,0.0,0.0
2019-01-31,5,0,36,0.0,0.0,0.0,0.0,0.0
2019-01-31,5,0,37,0.0,0.0,0.0,0.0,0.0
2019-01-31,5,0,38,0.0,0.0,0.0,0.0,0.0
2019-01-31,5,0,39,0.0,0.0,0.0,0.0,0.0
2019-01-31,5,0,40,0.0,0.0,0.0,0.0,0.0
2019-01-31,5,0,41,37.37,37.37,0.0,380.029655,0.0
2019-01-31,5,0,42,0.0,0.0,0.0,0.0,0.0
2019-01-31,5,0,43,0.0,0.0,0.0,0.0,0.0
2019-01-31,5,0,46,0.0,0.0,0.0,0.0,0.0
2019-01-31,5,0,52,7.58,7.58,0.0,66.124338,0.0
2019-01-31,5,0,53,12.04,12.04,0.0,105.03127,0.0
2019-01-31,5,0,55,116.35,116.35,0.0,1017.983574,0.0
2019-01-31,5,0,56,0.0,0.0,0.0,0.0,0.0
2019-01-31,5,0,57,0.0,0.0,0.0,0.0,0.0
2019-01-31,5,0,58,0.0,0.0,0.0,0.0,0.0
2019-01-31,5,0,59,0.0,0.0,0.0,0.0,0.0
2019-01-31,5,0,63,116.07,116.07,0.0,2250.771632,0.0
2019-01-31,5,0,64,136.55,136.55,0.0,2647.909592,0.0
2019-01-31,5,0,65,0.0,0.0,0.0,0.0,0.0
2019-01-31,5,0,67,0.0,0.0,0.0,0.0,0.0
2019-01-31,5,0,68,3.87,3.87,0.0,20.930787,0.0
2019-01-31,5,0,69,0.0,0.0,0.0,0.0,0.0
2019-01-31,5,0,74,2.26,2.26,0.0,28.071863,0.0
2019-01-31,5,0,77,168.73,168.73,0.0,1060.700388,0.0
2019-01-31,5,0,78,127.56,127.56,0.0,801.890248,0.0
2019-01-31,5,0,79,73.82,73.82,0.0,464.060349,0.0
2019-01-31,5,0,80,119.38,119.38,0.0,750.467684,0.0
2019-01-31,5,0,81,156.08,156.08,0.0,981.177719,0.0
2019-01-31,5,0,82,110.1,110.1,0.0,692.130106,0.0
2019-01-31,5,0,83,245.51,245.51,0.0,1543.368413,0.0
2019-01-31,5,0,84,0.0,0.0,0.0,0.0,0.0
2019-01-31,5,0,86,0.0,0.0,0.0,0.0,0.0
2019-01-31,5,0,87,0.0,0.0,0.0,0.0,0.0
2019-01-31,5,0,88,170.6,170.6,0.0,1072.455913,0.0
2019-01-31,5,0,89,164.0,164.0,0.0,1030.965825,0.0
2019-01-31,5,0,90,220.2,220.2,0.0,1384.260211,0.0
2019-01-31,5,0,91,785.5,785.5,0.0,4937.949118,0.0
2019-01-31,5,0,92,282.5,282.5,0.0,1775.901497,0.0
2019-01-31,5,0,95,12.44,12.44,0.0,226.862289,0.0
2019-01-31,5,0,96,14.45,14.45,0.0,125.665436,0.0
2019-01-31,5,0,97,88.88,88.88,0.0,772.951138,0.0
2019-01-31,5,0,99,0.44,0.44,0.0,5.465318,0.0
2019-01-31,5,0,101,0.0,0.0,0.0,0.0,0.0
2019-01-31,5,0,102,9.17,9.17,0.0,49.595689,0.0
2019-01-31,5,0,103,7.97,7.97,0.0,43.105522,0.0
2019-01-31,5,0,104,1.48,1.48,0.0,8.004539,0.0
2019-01-31,5,0,106,0.0,0.0,0.0,0.0,0.0
2019-01-31,5,0,109,80.62,80.62,0.0,880.357148,0.0
2019-01-31,5,0,110,114.95,114.95,0.0,222.002938,0.0
2019-01-31,5,0,111,0.0,0.0,0.0,0.0,0.0
2019-01-31,5,0,113,51.31,51.31,0.0,303.644205,0.0
2019-01-31,5,0,115,51.31,51.31,0.0,303.644205,0.0
2019-01-31,5,0,116,0.0,0.0,0.0,0.0,0.0
2019-01-31,5,0,117,2.47,2.47,0.0,14.617057,0.0
2019-01-31,5,0,119,136.55,136.55,0.0,2647.909592,0.0
2019-01-31,5,0,120,80.29,80.29,0.0,1556.943692,0.0
2019-01-31,5,0,123,0.0,0.0,0.0,0.0,0.0
2019-01-31,5,0,125,100.46,100.46,0.0,878.956853,0.0
2019-01-31,5,0,126,0.0,0.0,0.0,0.0,0.0
2019-01-31,5,0,127,0.0,0.0,0.0,0.0,0.0
2019-01-31,5,0,128,143.89,143.89,0.0,1258.939892,0.0
2019-01-31,5,0,131,13.34,13.34,0.0,75.19854,0.0
2019-01-31,5,0,132,19.61,19.61,0.0,110.542981,0.0
2019-01-31,5,0,133,7.65,7.65,0.0,105.621103,0.0
2019-01-31,5,0,134,0.0,0.0,0.0,0.0,0.0
2019-01-31,5,0,135,10.9,10.9,0.0,150.492814,0.0
2019-01-31,5,0,136,1.22,1.22,0.0,16.775542,0.0
2019-01-31,5,0,139,48.26,48.26,0.0,490.774181,0.0
2019-01-31,5,0,140,85.07,85.07,0.0,164.295693,0.0
2019-01-31,5,0,141,107.6,107.6,0.0,489.850553,0.0
2019-01-31,5,0,142,0.0,0.0,0.0,0.0,0.0
2019-01-31,5,0,143,14.94,14.94,0.0,130.3295,0.0
2019-01-31,5,0,145,10.39,10.39,0.0,99.12261,0.0
2019-01-31,5,0,146,198.62,198.62,0.0,383.594811,0.0
2019-01-31,5,0,152,0.0,0.0,0.0,0.0,0.0
2019-01-31,5,0,153,0.0,0.0,0.0,0.0,0.0
2019-01-31,5,0,154,0.0,0.0,0.0,0.0,0.0
2019-01-31,5,0,157,91.99,91.99,0.0,418.785802,0.0
2019-01-31,5,0,158,0.0,0.0,0.0,0.0,0.0
2019-01-31,5,0,159,0.0,0.0,0.0,0.0,0.0
2019-01-31,5,0,160,0.0,0.0,0.0,0.0,0.0
2019-01-31,5,0,161,0.0,0.0,0.0,0.0,0.0
2019-01-31,5,0,162,11.01,11.01,0.0,200.965055,0.0
2019-01-31,5,0,163,65.66,65.66,0.0,126.80916,0.0
2019-01-31,5,0,164,0.0,0.0,0.0,0.0,0.0
2019-01-31,5,0,167,0.0,0.0,0.0,0.0,0.0
2019-01-31,5,0,168,0.0,0.0,0.0,0.0,0.0
2019-01-31,5,0,169,0.0,0.0,0.0,0.0,0.0
2019-01-31,5,0,170,0.0,0.0,0.0,0.0,0.0
2019-01-31,5,0,172,0.0,0.0,0.0,0.0,0.0
2019-01-31,5,0,173,0.0,0.0,0.0,0.0,0.0
2019-01-31,5,0,188,0.0,0.0,0.0,0.0,0.0
2019-01-31,5,0,190,0.0,0.0,0.0,0.0,0.0
2019-01-31,5,0,191,0.0,0.0,0.0,0.0,0.0
2019-01-31,5,0,192,63.71,63.71,0.0,1235.43259,0.0
2019-01-31,5,0,194,176.5,176.5,0.0,1096.263402,0.0
2019-01-31,5,0,196,0.0,0.0,0.0,0.0,0.0
2019-01-31,5,0,198,0.0,0.0,0.0,0.0,0.0
2019-01-31,5,0,199,6.37,6.37,0.0,58.331417,0.0
2019-01-31,5,0,200,0.0,0.0,0.0,0.0,0.0
2019-01-31,5,0,204,432.85,432.85,0.0,4667.653379,0.0
2019-01-31,5,0,205,426.46,426.46,0.0,4656.873099,0.0
2019-01-31,5,0,206,261.17,261.17,0.0,2271.283177,0.0
2019-01-31,5,0,210,0.0,0.0,0.0,0.0,0.0
2019-01-31,5,0,214,0.0,0.0,0.0,0.0,0.0
2019-01-31,5,0,217,0.0,0.0,0.0,0.0,0.0
2019-01-31,5,0,218,0.0,0.0,0.0,0.0,0.0
2019-01-31,5,0,219,0.0,0.0,0.0,0.0,0.0
2019-01-31,5,0,221,0.0,0.0,0.0,0.0,0.0
2019-01-31,5,0,225,0.0,0.0,0.0,0.0,0.0
2019-01-31,5,0,233,0.0,0.0,0.0,0.0,0.0
2019-01-31,5,0,236,5.69,5.69,0.0,74.683901,0.0
2019-01-31,5,0,237,5.41,5.41,0.0,67.198575,0.0
2019-01-31,5,0,238,0.0,0.0,0.0,0.0,0.0
2019-01-31,5,0,240,0.0,0.0,0.0,0.0,0.0
2019-01-31,5,0,245,6.55,6.55,0.0,91.582298,0.0
2019-01-31,5,0,247,4.87,4.87,0.0,68.092487,0.0
2019-01-31,5,0,248,0.54,0.54,0.0,6.707436,0.0
2019-01-31,5,0,249,12.6,12.6,0.0,176.173581,0.0
2019-01-31,5,0,251,0.0,0.0,0.0,0.0,0.0
2019-01-31,5,0,252,0.0,0.0,0.0,0.0,0.0
2019-01-31,5,0,254,0.0,0.0,0.0,0.0,0.0
2019-01-31,5,0,255,0.0,0.0,0.0,0.0,0.0
2019-01-31,5,0,258,0.0,0.0,0.0,0.0,0.0
2019-01-31,5,0,260,0.0,0.0,0.0,0.0,0.0
2019-01-31,5,0,265,0.0,0.0,0.0,0.0,0.0
2019-01-31,5,0,266,31.25,31.25,0.0,317.793062,0.0
2019-01-31,5,0,267,38.4,38.4,0.0,390.504114,0.0
2019-01-31,5,0,270,205.05,205.05,0.0,396.013071,0.0
2019-01-31,5,0,272,176.4,176.4,0.0,1043.906407,0.0
2019-01-31,5,0,273,0.0,0.0,0.0,0.0,0.0
2019-01-31,5,0,274,264.33,264.33,0.0,510.500536,0.0
2019-01-31,5,0,275,367.95,367.95,0.0,710.621845,0.0
2019-01-31,5,0,276,0.0,0.0,0.0,0.0,0.0
2019-01-31,5,0,277,0.0,0.0,0.0,0.0,0.0
2019-01-31,5,0,278,0.0,0.0,0.0,0.0,0.0
2019-01-31,5,0,279,126.72,126.72,0.0,768.631627,0.0
2019-01-31,5,0,281,3.21,3.21,0.0,28.002523,0.0
2019-01-31,5,0,282,0.0,0.0,0.0,0.0,0.0
2019-01-31,6,0,9,0.0,0.0,0.0,-0.0,0.0
2019-01-31,6,0,17,0.0,0.0,0.0,0.0,0.0
2019-01-31,6,0,19,212.1,212.1,0.0,3228.757341,0.0
2019-01-31,6,0,20,257.24,257.24,0.0,3915.914844,0.0
2019-01-31,6,0,21,0.0,0.0,0.0,-0.0,0.0
2019-01-31,6,0,22,0.0,0.0,0.0,-0.0,0.0
2019-01-31,6,0,23,67.0,67.0,0.0,-348.391583,0.0
2019-01-31,6,0,24,118.53,118.53,0.0,-616.341109,0.0
2019-01-31,6,0,29,0.0,0.0,0.0,0.0,0.0
2019-01-31,6,0,30,0.0,0.0,0.0,-0.0,0.0
2019-01-31,6,0,31,6.16,6.16,0.0,-32.75963,0.0
2019-01-31,6,0,32,0.0,0.0,0.0,0.0,0.0
2019-01-31,6,0,33,0.0,0.0,0.0,0.0,0.0
2019-01-31,6,0,34,0.0,0.0,0.0,0.0,0.0
2019-01-31,6,0,35,0.0,0.0,0.0,0.0,0.0
2019-01-31,6,0,36,0.0,0.0,0.0,0.0,0.0
2019-01-31,6,0,37,0.0,0.0,0.0,0.0,0.0
2019-01-31,6,0,38,0.0,0.0,0.0,0.0,0.0
2019-01-31,6,0,39,0.0,0.0,0.0,0.0,0.0
2019-01-31,6,0,40,0.0,0.0,0.0,0.0,0.0
2019-01-31,6,0,41,39.45,39.45,0.0,43.284188,0.0
2019-01-31,6,0,42,0.0,0.0,0.0,0.0,0.0
2019-01-31,6,0,43,0.0,0.0,0.0,0.0,0.0
2019-01-31,6,0,46,0.0,0.0,0.0,0.0,0.0
2019-01-31,6,0,52,6.53,6.53,0.0,-34.727335,0.0
2019-01-31,6,0,53,10.37,10.37,0.0,-55.148922,0.0
2019-01-31,6,0,55,45.78,45.78,0.0,-238.050249,0.0
2019-01-31,6,0,56,0.0,0.0,0.0,-0.0,0.0
2019-01-31,6,0,57,0.0,0.0,0.0,-0.0,0.0
2019-01-31,6,0,58,0.0,0.0,0.0,-0.0,0.0
2019-01-31,6,0,59,0.0,0.0,0.0,-0.0,0.0
2019-01-31,6,0,63,132.39,132.39,0.0,10388.351862,0.0
2019-01-31,6,0,64,155.75,155.75,0.0,12221.359638,0.0
2019-01-31,6,0,65,0.0,0.0,0.0,0.0,0.0
2019-01-31,6,0,67,0.0,0.0,0.0,-0.0,0.0
2019-01-31,6,0,68,4.57,4.57,0.0,-63.871526,0.0
2019-01-31,6,0,69,0.0,0.0,0.0,0.0,0.0
2019-01-31,6,0,74,2.25,2.25,0.0,23.347275,0.0
2019-01-31,6,0,77,195.73,195.73,0.0,-3236.801608,0.0
2019-01-31,6,0,78,147.97,147.97,0.0,-2446.990926,0.0
2019-01-31,6,0,79,85.63,85.63,0.0,-1416.069696,0.0
2019-01-31,6,0,80,138.48,138.48,0.0,-2290.054088,0.0
2019-01-31,6,0,81,181.05,181.05,0.0,-2994.037353,0.0
2019-01-31,6,0,82,127.71,127.71,0.0,-2111.949795,0.0
2019-01-31,6,0,83,284.79,284.79,0.0,-4709.59347,0.0
2019-01-31,6,0,84,0.0,0.0,0.0,0.0,0.0
2019-01-31,6,0,86,0.0,0.0,0.0,0.0,0.0
2019-01-31,6,0,87,0.0,0.0,0.0,0.0,0.0
2019-01-31,6,0,88,170.6,170.6,0.0,-2821.224924,0.0
2019-01-31,6,0,89,164.0,164.0,0.0,-2712.080231,0.0
2019-01-31,6,0,90,220.2,220.2,0.0,-3641.463823,0.0
2019-01-31,6,0,91,785.5,785.5,0.0,-12989.872084,0.0
2019-01-31,6,0,92,282.5,282.5,0.0,-4671.723569,0.0
2019-01-31,6,0,95,15.8,15.8,0.0,1168.496334,0.0
2019-01-31,6,0,96,17.51,17.51,0.0,-95.284199,0.0
2019-01-31,6,0,97,107.69,107.69,0.0,-586.016868,0.0
2019-01-31,6,0,99,0.43,0.43,0.0,4.461924,0.0
2019-01-31,6,0,101,0.0,0.0,0.0,-0.0,0.0
2019-01-31,6,0,102,10.81,10.81,0.0,-151.083412,0.0
2019-01-31,6,0,103,9.4,9.4,0.0,-131.37688,0.0
2019-01-31,6,0,104,1.75,1.75,0.0,-24.458462,0.0
2019-01-31,6,0,106,0.0,0.0,0.0,-0.0,0.0
2019-01-31,6,0,109,106.24,106.24,0.0,522.452802,0.0
2019-01-31,6,0,110,115.91,115.91,0.0,258.640774,0.0
2019-01-31,6,0,111,0.0,0.0,0.0,0.0,0.0
2019-01-31,6,0,113,84.97,84.97,0.0,-1686.499908,0.0
2019-01-31,6,0,115,84.97,84.97,0.0,-1686.499908,0.0
2019-01-31,6,0,116,0.0,0.0,0.0,0.0,0.0
2019-01-31,6,0,117,3.37,3.37,0.0,-66.888369,0.0
2019-01-31,6,0,119,155.75,155.75,0.0,12221.359638,0.0
2019-01-31,6,0,120,91.58,91.58,0.0,7186.080999,0.0
2019-01-31,6,0,123,0.0,0.0,0.0,-0.0,0.0
2019-01-31,6,0,125,107.27,107.27,0.0,-557.790523,0.0
2019-01-31,6,0,126,0.0,0.0,0.0,-0.0,0.0
2019-01-31,6,0,127,0.0,0.0,0.0,-0.0,0.0
2019-01-31,6,0,128,153.63,153.63,0.0,-798.856699,0.0
2019-01-31,6,0,131,17.42,17.42,0.0,-262.028238,0.0
2019-01-31,6,0,132,25.6,25.6,0.0,-385.0702,0.0
2019-01-31,6,0,133,7.03,7.03,0.0,107.127876,0.0
2019-01-31,6,0,134,0.0,0.0,0.0,0.0,0.0
2019-01-31,6,0,135,9.42,9.42,0.0,143.548306,0.0
2019-01-31,6,0,136,1.45,1.45,0.0,21.815469,0.0
2019-01-31,6,0,139,50.95,50.95,0.0,55.901886,0.0
2019-01-31,6,0,140,85.79,85.79,0.0,191.431214,0.0
2019-01-31,6,0,141,111.31,111.31,0.0,-1111.598203,0.0
2019-01-31,6,0,142,0.0,0.0,0.0,-0.0,0.0
2019-01-31,6,0,143,23.37,23.37,0.0,-124.284504,0.0
2019-01-31,6,0,145,12.96,12.96,0.0,-19.649653,0.0
2019-01-31,6,0,146,165.92,165.92,0.0,370.232743,0.0
2019-01-31,6,0,152,0.0,0.0,0.0,0.0,0.0
2019-01-31,6,0,153,0.0,0.0,0.0,0.0,0.0
2019-01-31,6,0,154,0.0,0.0,0.0,0.0,0.0
2019-01-31,6,0,157,95.66,95.66,0.0,-955.309353,0.0
2019-01-31,6,0,158,0.0,0.0,0.0,-0.0,0.0
2019-01-31,6,0,159,0.0,0.0,0.0,0.0,0.0
2019-01-31,6,0,160,0.0,0.0,0.0,0.0,0.0
2019-01-31,6,0,161,0.0,0.0,0.0,-0.0,0.0
2019-01-31,6,0,162,12.78,12.78,0.0,946.187258,0.0
2019-01-31,6,0,163,70.29,70.29,0.0,156.844621,0.0
2019-01-31,6,0,164,0.0,0.0,0.0,-0.0,0.0
2019-01-31,6,0,167,0.0,0.0,0.0,0.0,0.0
2019-01-31,6,0,168,0.0,0.0,0.0,0.0,0.0
2019-01-31,6,0,169,0.0,0.0,0.0,0.0,0.0
2019-01-31,6,0,170,0.0,0.0,0.0,0.0,0.0
2019-01-31,6,0,172,0.0,0.0,0.0,0.0,0.0
2019-01-31,6,0,173,0.0,0.0,0.0,0.0,0.0
2019-01-31,6,0,188,0.0,0.0,0.0,0.0,0.0
2019-01-31,6,0,190,0.0,0.0,0.0,0.0,0.0
2019-01-31,6,0,191,0.0,0.0,0.0,0.0,0.0
2019-01-31,6,0,192,60.21,60.21,0.0,4724.546156,0.0
2019-01-31,6,0,194,176.5,176.5,0.0,-4572.635394,0.0
2019-01-31,6,0,196,0.0,0.0,0.0,0.0,0.0
2019-01-31,6,0,198,0.0,0.0,0.0,0.0,0.0
2019-01-31,6,0,199,7.74,7.74,0.0,51.564424,0.0
2019-01-31,6,0,200,0.0,0.0,0.0,0.0,0.0
2019-01-31,6,0,204,538.5,538.5,0.0,2363.495524,0.0
2019-01-31,6,0,205,562.01,562.01,0.0,2763.777287,0.0
2019-01-31,6,0,206,316.44,316.44,0.0,-1721.972121,0.0
2019-01-31,6,0,210,0.0,0.0,0.0,0.0,0.0
2019-01-31,6,0,214,0.0,0.0,0.0,0.0,0.0
2019-01-31,6,0,217,0.0,0.0,0.0,0.0,0.0
2019-01-31,6,0,218,0.0,0.0,0.0,0.0,0.0
2019-01-31,6,0,219,0.0,0.0,0.0,0.0,0.0
2019-01-31,6,0,221,0.0,0.0,0.0,0.0,0.0
2019-01-31,6,0,225,0.0,0.0,0.0,0.0,0.0
2019-01-31,6,0,233,0.0,0.0,0.0,0.0,0.0
2019-01-31,6,0,236,5.97,5.97,0.0,77.066414,0.0
2019-01-31,6,0,237,5.4,5.4,0.0,56.033459,0.0
2019-01-31,6,0,238,0.0,0.0,0.0,0.0,0.0
2019-01-31,6,0,240,0.0,0.0,0.0,0.0,0.0
2019-01-31,6,0,245,7.34,7.34,0.0,116.281024,0.0
2019-01-31,6,0,247,5.38,5.38,0.0,85.230506,0.0
2019-01-31,6,0,248,0.54,0.54,0.0,5.603346,0.0
2019-01-31,6,0,249,14.12,14.12,0.0,223.690472,0.0
2019-01-31,6,0,251,0.0,0.0,0.0,0.0,0.0
2019-01-31,6,0,252,0.0,0.0,0.0,0.0,0.0
2019-01-31,6,0,254,0.0,0.0,0.0,0.0,0.0
2019-01-31,6,0,255,0.0,0.0,0.0,0.0,0.0
2019-01-31,6,0,258,0.0,0.0,0.0,0.0,0.0
2019-01-31,6,0,260,0.0,0.0,0.0,0.0,0.0
2019-01-31,6,0,265,0.0,0.0,0.0,0.0,0.0
2019-01-31,6,0,266,32.99,32.99,0.0,36.196334,0.0
2019-01-31,6,0,267,40.54,40.54,0.0,44.480126,0.0
2019-01-31,6,0,270,219.51,219.51,0.0,489.813099,0.0
2019-01-31,6,0,272,299.85,299.85,0.0,-5951.476963,0.0
2019-01-31,6,0,273,0.0,0.0,0.0,0.0,0.0
2019-01-31,6,0,274,282.98,282.98,0.0,631.439618,0.0
2019-01-31,6,0,275,393.91,393.91,0.0,878.968055,0.0
2019-01-31,6,0,276,0.0,0.0,0.0,-0.0,0.0
2019-01-31,6,0,277,0.0,0.0,0.0,-0.0,0.0
2019-01-31,6,0,278,0.0,0.0,0.0,-0.0,0.0
2019-01-31,6,0,279,152.35,152.35,0.0,-2821.629374,0.0
2019-01-31,6,0,281,2.77,2.77,0.0,-14.731197,0.0
2019-01-31,6,0,282,0.0,0.0,0.0,-0.0,0.0
2019-01-31,7,0,9,0.0,0.0,0.0,0.0,0.0
2019-01-31,7,0,17,0.0,0.0,0.0,0.0,0.0
2019-01-31,7,0,19,248.87,248.87,0.0,3437.53259,0.0
2019-01-31,7,0,20,301.83,301.83,0.0,4169.045934,0.0
2019-01-31,7,0,21,0.0,0.0,0.0,0.0,0.0
2019-01-31,7,0,22,0.0,0.0,0.0,0.0,0.0
2019-01-31,7,0,23,72.08,72.08,0.0,528.75452,0.0
2019-01-31,7,0,24,127.53,127.53,0.0,935.516981,0.0
2019-01-31,7,0,29,0.0,0.0,0.0,0.0,0.0
2019-01-31,7,0,30,0.0,0.0,0.0,0.0,0.0
2019-01-31,7,0,31,13.4,13.4,0.0,97.833761,0.0
2019-01-31,7,0,32,0.0,0.0,0.0,0.0,0.0
2019-01-31,7,0,33,0.0,0.0,0.0,0.0,0.0
2019-01-31,7,0,34,0.0,0.0,0.0,0.0,0.0
2019-01-31,7,0,35,0.0,0.0,0.0,0.0,0.0
2019-01-31,7,0,36,0.0,0.0,0.0,0.0,0.0
2019-01-31,7,0,37,0.0,0.0,0.0,0.0,0.0
2019-01-31,7,0,38,0.0,0.0,0.0,0.0,0.0
2019-01-31,7,0,39,0.0,0.0,0.0,0.0,0.0
2019-01-31,7,0,40,0.0,0.0,0.0,0.0,0.0
2019-01-31,7,0,41,30.61,30.61,0.0,282.17961,0.0
2019-01-31,7,0,42,0.0,0.0,0.0,0.0,0.0
2019-01-31,7,0,43,0.0,0.0,0.0,0.0,0.0
2019-01-31,7,0,46,0.0,0.0,0.0,0.0,0.0
2019-01-31,7,0,52,14.21,14.21,0.0,103.747593,0.0
2019-01-31,7,0,53,22.57,22.57,0.0,164.784178,0.0
2019-01-31,7,0,55,45.95,45.95,0.0,337.073671,0.0
2019-01-31,7,0,56,0.0,0.0,0.0,0.0,0.0
2019-01-31,7,0,57,0.0,0.0,0.0,0.0,0.0
2019-01-31,7,0,58,0.0,0.0,0.0,0.0,0.0
2019-01-31,7,0,59,0.0,0.0,0.0,0.0,0.0
2019-01-31,7,0,63,149.93,149.93,0.0,3581.523433,0.0
2019-01-31,7,0,64,176.39,176.39,0.0,4213.599135,0.0
2019-01-31,7,0,65,0.0,0.0,0.0,0.0,0.0
2019-01-31,7,0,67,0.0,0.0,0.0,-0.0,0.0
2019-01-31,7,0,68,5.34,5.34,0.0,0.701802,0.0
2019-01-31,7,0,69,0.0,0.0,0.0,0.0,0.0
2019-01-31,7,0,74,2.28,2.28,0.0,27.644988,0.0
2019-01-31,7,0,77,200.0,200.0,0.0,804.667733,0.0
2019-01-31,7,0,78,151.2,151.2,0.0,608.328806,0.0
2019-01-31,7,0,79,87.5,87.5,0.0,352.042133,0.0
2019-01-31,7,0,80,141.5,141.5,0.0,569.302421,0.0
2019-01-31,7,0,81,185.0,185.0,0.0,744.317653,0.0
2019-01-31,7,0,82,130.5,130.5,0.0,525.045696,0.0
2019-01-31,7,0,83,291.0,291.0,0.0,1170.791551,0.0
2019-01-31,7,0,84,0.0,0.0,0.0,0.0,0.0
2019-01-31,7,0,86,0.0,0.0,0.0,0.0,0.0
2019-01-31,7,0,87,0.0,0.0,0.0,0.0,0.0
2019-01-31,7,0,88,170.6,170.6,0.0,686.381576,0.0
2019-01-31,7,0,89,164.0,164.0,0.0,659.827541,0.0
2019-01-31,7,0,90,220.2,220.2,0.0,885.939174,0.0
2019-01-31,7,0,91,785.5,785.5,0.0,3160.33252,0.0
2019-01-31,7,0,92,282.5,282.5,0.0,1136.593172,0.0
2019-01-31,7,0,95,19.63,19.63,0.0,414.301494,0.0
2019-01-31,7,0,96,21.01,21.01,0.0,152.634076,0.0
2019-01-31,7,0,97,129.18,129.18,0.0,938.470723,0.0
2019-01-31,7,0,99,0.44,0.44,0.0,5.334998,0.0
2019-01-31,7,0,101,0.0,0.0,0.0,0.0,0.0
2019-01-31,7,0,102,12.65,12.65,0.0,1.662508,0.0
2019-01-31,7,0,103,11.0,11.0,0.0,1.445659,0.0
2019-01-31,7,0,104,2.04,2.04,0.0,0.268104,0.0
2019-01-31,7,0,106,0.0,0.0,0.0,0.0,0.0
2019-01-31,7,0,109,137.24,137.24,0.0,1409.303857,0.0
2019-01-31,7,0,110,117.47,117.47,0.0,-2087.919621,0.0
2019-01-31,7,0,111,0.0,0.0,0.0,0.0,0.0
2019-01-31,7,0,113,59.22,59.22,0.0,248.172534,0.0
2019-01-31,7,0,115,59.22,59.22,0.0,248.172534,0.0
2019-01-31,7,0,116,0.0,0.0,0.0,-0.0,0.0
2019-01-31,7,0,117,2.43,2.43,0.0,10.183371,0.0
2019-01-31,7,0,119,176.39,176.39,0.0,4213.599135,0.0
2019-01-31,7,0,120,103.72,103.72,0.0,2477.660311,0.0
2019-01-31,7,0,123,0.0,0.0,0.0,0.0,0.0
2019-01-31,7,0,125,115.4,115.4,0.0,846.5354,0.0
2019-01-31,7,0,126,0.0,0.0,0.0,0.0,0.0
2019-01-31,7,0,127,0.0,0.0,0.0,0.0,0.0
2019-01-31,7,0,128,165.29,165.29,0.0,1212.51158,0.0
2019-01-31,7,0,131,22.21,22.21,0.0,29.063677,0.0
2019-01-31,7,0,132,32.64,32.64,0.0,42.712221,0.0
2019-01-31,7,0,133,7.78,7.78,0.0,107.505305,0.0
2019-01-31,7,0,134,0.0,0.0,0.0,0.0,0.0
2019-01-31,7,0,135,10.43,10.43,0.0,144.123435,0.0
2019-01-31,7,0,136,1.7,1.7,0.0,23.374776,0.0
2019-01-31,7,0,139,39.54,39.54,0.0,364.501201,0.0
2019-01-31,7,0,140,86.94,86.94,0.0,-1545.277363,0.0
2019-01-31,7,0,141,115.95,115.95,0.0,-495.834576,0.0
2019-01-31,7,0,142,0.0,0.0,0.0,-0.0,0.0
2019-01-31,7,0,143,16.35,16.35,0.0,119.371791,0.0
2019-01-31,7,0,145,15.99,15.99,0.0,134.382033,0.0
2019-01-31,7,0,146,144.53,144.53,0.0,-2568.885868,0.0
2019-01-31,7,0,152,0.0,0.0,0.0,0.0,0.0
2019-01-31,7,0,153,0.0,0.0,0.0,0.0,0.0
2019-01-31,7,0,154,0.0,0.0,0.0,0.0,0.0
2019-01-31,7,0,157,106.6,106.6,0.0,-455.851365,0.0
2019-01-31,7,0,158,0.0,0.0,0.0,-0.0,0.0
2019-01-31,7,0,159,0.0,0.0,0.0,0.0,0.0
2019-01-31,7,0,160,0.0,0.0,0.0,0.0,0.0
2019-01-31,7,0,161,0.0,0.0,0.0,0.0,0.0
2019-01-31,7,0,162,14.78,14.78,0.0,312.43872,0.0
2019-01-31,7,0,163,75.35,75.35,0.0,-1339.27593,0.0
2019-01-31,7,0,164,0.0,0.0,0.0,0.0,0.0
2019-01-31,7,0,167,0.0,0.0,0.0,0.0,0.0
2019-01-31,7,0,168,0.0,0.0,0.0,0.0,0.0
2019-01-31,7,0,169,0.0,0.0,0.0,0.0,0.0
2019-01-31,7,0,170,0.0,0.0,0.0,0.0,0.0
2019-01-31,7,0,172,0.0,0.0,0.0,0.0,0.0
2019-01-31,7,0,173,0.0,0.0,0.0,0.0,0.0
2019-01-31,7,0,188,0.0,0.0,0.0,0.0,0.0
2019-01-31,7,0,190,0.0,0.0,0.0,0.0,0.0
2019-01-31,7,0,191,0.0,0.0,0.0,0.0,0.0
2019-01-31,7,0,192,57.0,57.0,0.0,1361.614324,0.0
2019-01-31,7,0,194,176.5,176.5,0.0,1346.295338,0.0
2019-01-31,7,0,196,0.0,0.0,0.0,0.0,0.0
2019-01-31,7,0,198,0.0,0.0,0.0,0.0,0.0
2019-01-31,7,0,199,9.27,9.27,0.0,95.927863,0.0
2019-01-31,7,0,200,0.0,0.0,0.0,0.0,0.0
2019-01-31,7,0,204,657.64,657.64,0.0,6639.983477,0.0
2019-01-31,7,0,205,725.98,725.98,0.0,7455.016134,0.0
2019-01-31,7,0,206,379.59,379.59,0.0,2757.656771,0.0
2019-01-31,7,0,210,0.0,0.0,0.0,0.0,0.0
2019-01-31,7,0,214,0.0,0.0,0.0,0.0,0.0
2019-01-31,7,0,217,0.0,0.0,0.0,0.0,0.0
2019-01-31,7,0,218,0.0,0.0,0.0,0.0,0.0
2019-01-31,7,0,219,0.0,0.0,0.0,0.0,0.0
2019-01-31,7,0,221,0.0,0.0,0.0,0.0,0.0
2019-01-31,7,0,225,0.0,0.0,0.0,0.0,0.0
2019-01-31,7,0,233,0.0,0.0,0.0,0.0,0.0
2019-01-31,7,0,236,6.34,6.34,0.0,82.372498,0.0
2019-01-31,7,0,237,5.46,5.46,0.0,66.202471,0.0
2019-01-31,7,0,238,0.0,0.0,0.0,0.0,0.0
2019-01-31,7,0,240,0.0,0.0,0.0,0.0,0.0
2019-01-31,7,0,245,8.18,8.18,0.0,114.774499,0.0
2019-01-31,7,0,247,6.03,6.03,0.0,84.607608,0.0
2019-01-31,7,0,248,0.55,0.55,0.0,6.668747,0.0
2019-01-31,7,0,249,15.73,15.73,0.0,220.709397,0.0
2019-01-31,7,0,251,0.0,0.0,0.0,0.0,0.0
2019-01-31,7,0,252,0.0,0.0,0.0,0.0,0.0
2019-01-31,7,0,254,0.0,0.0,0.0,0.0,0.0
2019-01-31,7,0,255,0.0,0.0,0.0,0.0,0.0
2019-01-31,7,0,258,0.0,0.0,0.0,0.0,0.0
2019-01-31,7,0,260,0.0,0.0,0.0,0.0,0.0
2019-01-31,7,0,265,0.0,0.0,0.0,0.0,0.0
2019-01-31,7,0,266,25.6,25.6,0.0,235.994708,0.0
2019-01-31,7,0,267,31.46,31.46,0.0,290.015372,0.0
2019-01-31,7,0,270,235.32,235.32,0.0,-4182.593388,0.0
2019-01-31,7,0,272,210.69,210.69,0.0,882.936022,0.0
2019-01-31,7,0,273,0.0,0.0,0.0,-0.0,0.0
2019-01-31,7,0,274,303.36,303.36,0.0,-5391.94089,0.0
2019-01-31,7,0,275,422.28,422.28,0.0,-7505.632908,0.0
2019-01-31,7,0,276,0.0,0.0,0.0,-0.0,0.0
2019-01-31,7,0,277,0.0,0.0,0.0,0.0,0.0
2019-01-31,7,0,278,0.0,0.0,0.0,0.0,0.0
2019-01-31,7,0,279,181.19,181.19,0.0,747.154152,0.0
2019-01-31,7,0,281,6.01,6.01,0.0,43.879172,0.0
2019-01-31,7,0,282,0.0,0.0,0.0,0.0,0.0
2019-01-31,8,0,9,0.0,0.0,0.0,0.0,0.0
2019-01-31,8,0,17,0.0,0.0,0.0,0.0,0.0
2019-01-31,8,0,19,339.58,339.58,0.0,3868.19639,0.0
2019-01-31,8,0,20,422.64,422.64,0.0,4814.342784,0.0
2019-01-31,8,0,21,0.0,0.0,0.0,0.0,0.0
2019-01-31,8,0,22,0.0,0.0,0.0,0.0,0.0
2019-01-31,8,0,23,88.88,88.88,0.0,501.896225,0.0
2019-01-31,8,0,24,157.26,157.26,0.0,888.031058,0.0
2019-01-31,8,0,29,0.0,0.0,0.0,0.0,0.0
2019-01-31,8,0,30,0.0,0.0,0.0,0.0,0.0
2019-01-31,8,0,31,4.98,4.98,0.0,27.961307,0.0
2019-01-31,8,0,32,0.0,0.0,0.0,0.0,0.0
2019-01-31,8,0,33,0.0,0.0,0.0,0.0,0.0
2019-01-31,8,0,34,0.0,0.0,0.0,0.0,0.0
2019-01-31,8,0,35,0.0,0.0,0.0,0.0,0.0
2019-01-31,8,0,36,0.0,0.0,0.0,0.0,0.0
2019-01-31,8,0,37,0.0,0.0,0.0,0.0,0.0
2019-01-31,8,0,38,0.0,0.0,0.0,0.0,0.0
2019-01-31,8,0,39,0.0,0.0,0.0,0.0,0.0
2019-01-31,8,0,40,0.0,0.0,0.0,0.0,0.0
2019-01-31,8,0,41,11.53,11.53,0.0,85.033107,0.0
2019-01-31,8,0,42,0.0,0.0,0.0,0.0,0.0
2019-01-31,8,0,43,0.0,0.0,0.0,0.0,0.0
2019-01-31,8,0,46,0.0,0.0,0.0,0.0,0.0
2019-01-31,8,0,52,5.28,5.28,0.0,29.645723,0.0
2019-01-31,8,0,53,8.39,8.39,0.0,47.107503,0.0
2019-01-31,8,0,55,52.48,52.48,0.0,296.349166,0.0
2019-01-31,8,0,56,0.0,0.0,0.0,0.0,0.0
2019-01-31,8,0,57,0.0,0.0,0.0,0.0,0.0
2019-01-31,8,0,58,0.0,0.0,0.0,0.0,0.0
2019-01-31,8,0,59,0.0,0.0,0.0,0.0,0.0
2019-01-31,8,0,63,96.01,96.01,0.0,2181.452251,0.0
2019-01-31,8,0,64,112.86,112.86,0.0,2564.302687,0.0
2019-01-31,8,0,65,0.0,0.0,0.0,0.0,0.0
2019-01-31,8,0,67,0.0,0.0,0.0,-0.0,0.0
2019-01-31,8,0,68,7.37,7.37,0.0,-30.273296,0.0
2019-01-31,8,0,69,0.0,0.0,0.0,0.0,0.0
2019-01-31,8,0,74,3.48,3.48,0.0,34.699671,0.0
2019-01-31,8,0,77,147.17,147.17,0.0,377.495378,0.0
2019-01-31,8,0,78,111.12,111.12,0.0,285.026068,0.0
2019-01-31,8,0,79,64.1,64.1,0.0,164.418385,0.0
2019-01-31,8,0,80,103.96,103.96,0.0,266.660458,0.0
2019-01-31,8,0,81,136.09,136.09,0.0,349.074852,0.0
2019-01-31,8,0,82,95.84,95.84,0.0,245.832419,0.0
2019-01-31,8,0,83,214.4,214.4,0.0,549.942306,0.0
2019-01-31,8,0,84,0.0,0.0,0.0,0.0,0.0
2019-01-31,8,0,86,0.0,0.0,0.0,0.0,0.0
2019-01-31,8,0,87,0.0,0.0,0.0,0.0,0.0
2019-01-31,8,0,88,123.33,123.33,0.0,316.345077,0.0
2019-01-31,8,0,89,119.02,119.02,0.0,305.2898,0.0
2019-01-31,8,0,90,155.3,155.3,0.0,398.349067,0.0
2019-01-31,8,0,91,486.84,486.84,0.0,1248.758918,0.0
2019-01-31,8,0,92,194.81,194.81,0.0,499.693379,0.0
2019-01-31,8,0,95,22.24,22.24,0.0,418.001949,0.0
2019-01-31,8,0,96,27.19,27.19,0.0,151.749894,0.0
2019-01-31,8,0,97,167.18,167.18,0.0,933.046979,0.0
2019-01-31,8,0,99,0.67,0.67,0.0,6.680684,0.0
2019-01-31,8,0,101,0.0,0.0,0.0,0.0,0.0
2019-01-31,8,0,102,17.46,17.46,0.0,-71.719369,0.0
2019-01-31,8,0,103,15.18,15.18,0.0,-62.353953,0.0
2019-01-31,8,0,104,2.82,2.82,0.0,-11.583541,0.0
2019-01-31,8,0,106,0.0,0.0,0.0,0.0,0.0
2019-01-31,8,0,109,151.61,151.61,0.0,1271.800187,0.0
2019-01-31,8,0,110,137.15,137.15,0.0,-4890.340995,0.0
2019-01-31,8,0,111,0.0,0.0,0.0,0.0,0.0
2019-01-31,8,0,113,141.55,141.55,0.0,490.744807,0.0
2019-01-31,8,0,115,141.55,141.55,0.0,490.744807,0.0
2019-01-31,8,0,116,0.0,0.0,0.0,-0.0,0.0
2019-01-31,8,0,117,7.33,7.33,0.0,25.412642,0.0
2019-01-31,8,0,119,112.86,112.86,0.0,2564.302687,0.0
2019-01-31,8,0,120,66.59,66.59,0.0,1512.99766,0.0
2019-01-31,8,0,123,0.0,0.0,0.0,0.0,0.0
2019-01-31,8,0,125,142.31,142.31,0.0,803.609944,0.0
2019-01-31,8,0,126,0.0,0.0,0.0,0.0,0.0
2019-01-31,8,0,127,0.0,0.0,0.0,0.0,0.0
2019-01-31,8,0,128,203.82,203.82,0.0,1150.950592,0.0
2019-01-31,8,0,131,28.97,28.97,0.0,-58.910351,0.0
2019-01-31,8,0,132,42.59,42.59,0.0,-86.606554,0.0
2019-01-31,8,0,133,11.81,11.81,0.0,134.584358,0.0
2019-01-31,8,0,134,0.0,0.0,0.0,0.0,0.0
2019-01-31,8,0,135,15.82,15.82,0.0,180.281502,0.0
2019-01-31,8,0,136,1.93,1.93,0.0,21.883793,0.0
2019-01-31,8,0,139,14.89,14.89,0.0,109.81292,0.0
2019-01-31,8,0,140,101.5,101.5,0.0,-3619.173248,0.0
2019-01-31,8,0,141,151.93,151.93,0.0,-1804.009747,0.0
2019-01-31,8,0,142,0.0,0.0,0.0,-0.0,0.0
2019-01-31,8,0,143,4.92,4.92,0.0,27.624424,0.0
2019-01-31,8,0,145,20.31,20.31,0.0,134.966565,0.0
2019-01-31,8,0,146,161.09,161.09,0.0,-5743.966685,0.0
2019-01-31,8,0,152,0.0,0.0,0.0,0.0,0.0
2019-01-31,8,0,153,0.0,0.0,0.0,0.0,0.0
2019-01-31,8,0,154,0.0,0.0,0.0,0.0,0.0
2019-01-31,8,0,157,88.19,88.19,0.0,-1047.163954,0.0
2019-01-31,8,0,158,0.0,0.0,0.0,-0.0,0.0
2019-01-31,8,0,159,0.0,0.0,0.0,0.0,0.0
2019-01-31,8,0,160,0.0,0.0,0.0,0.0,0.0
2019-01-31,8,0,161,0.0,0.0,0.0,-0.0,0.0
2019-01-31,8,0,162,19.46,19.46,0.0,366.604448,0.0
2019-01-31,8,0,163,98.75,98.75,0.0,-3521.11683,0.0
2019-01-31,8,0,164,0.0,0.0,0.0,0.0,0.0
2019-01-31,8,0,167,0.0,0.0,0.0,0.0,0.0
2019-01-31,8,0,168,0.0,0.0,0.0,0.0,0.0
2019-01-31,8,0,169,0.0,0.0,0.0,0.0,0.0
2019-01-31,8,0,170,0.0,0.0,0.0,0.0,0.0
2019-01-31,8,0,172,0.0,0.0,0.0,0.0,0.0
2019-01-31,8,0,173,0.0,0.0,0.0,0.0,0.0
2019-01-31,8,0,188,0.0,0.0,0.0,0.0,0.0
2019-01-31,8,0,190,0.0,0.0,0.0,0.0,0.0
2019-01-31,8,0,191,0.0,0.0,0.0,0.0,0.0
2019-01-31,8,0,192,67.69,67.69,0.0,1537.990864,0.0
2019-01-31,8,0,194,176.5,176.5,0.0,1780.76914,0.0
2019-01-31,8,0,196,0.0,0.0,0.0,0.0,0.0
2019-01-31,8,0,198,0.0,0.0,0.0,0.0,0.0
2019-01-31,8,0,199,11.63,11.63,0.0,126.598293,0.0
2019-01-31,8,0,200,0.0,0.0,0.0,0.0,0.0
2019-01-31,8,0,204,704.72,704.72,0.0,5805.638748,0.0
2019-01-31,8,0,205,802.04,802.04,0.0,6728.016769,0.0
2019-01-31,8,0,206,491.24,491.24,0.0,2741.655687,0.0
2019-01-31,8,0,210,0.0,0.0,0.0,0.0,0.0
2019-01-31,8,0,214,0.0,0.0,0.0,0.0,0.0
2019-01-31,8,0,217,0.0,0.0,0.0,0.0,0.0
2019-01-31,8,0,218,0.0,0.0,0.0,0.0,0.0
2019-01-31,8,0,219,0.0,0.0,0.0,0.0,0.0
2019-01-31,8,0,221,0.0,0.0,0.0,0.0,0.0
2019-01-31,8,0,225,0.0,0.0,0.0,0.0,0.0
2019-01-31,8,0,233,0.0,0.0,0.0,0.0,0.0
2019-01-31,8,0,236,11.55,11.55,0.0,123.674543,0.0
2019-01-31,8,0,237,8.35,8.35,0.0,83.259269,0.0
2019-01-31,8,0,238,0.0,0.0,0.0,0.0,0.0
2019-01-31,8,0,240,0.0,0.0,0.0,0.0,0.0
2019-01-31,8,0,245,18.69,18.69,0.0,216.311832,0.0
2019-01-31,8,0,247,15.74,15.74,0.0,182.169515,0.0
2019-01-31,8,0,248,0.84,0.84,0.0,8.375783,0.0
2019-01-31,8,0,249,35.94,35.94,0.0,415.957584,0.0
2019-01-31,8,0,251,0.0,0.0,0.0,0.0,0.0
2019-01-31,8,0,252,0.0,0.0,0.0,0.0,0.0
2019-01-31,8,0,254,0.0,0.0,0.0,0.0,0.0
2019-01-31,8,0,255,0.0,0.0,0.0,0.0,0.0
2019-01-31,8,0,258,0.0,0.0,0.0,0.0,0.0
2019-01-31,8,0,260,0.0,0.0,0.0,0.0,0.0
2019-01-31,8,0,265,0.0,0.0,0.0,0.0,0.0
2019-01-31,8,0,266,9.64,9.64,0.0,71.094463,0.0
2019-01-31,8,0,267,11.85,11.85,0.0,87.39309,0.0
2019-01-31,8,0,270,308.39,308.39,0.0,-10996.225005,0.0
2019-01-31,8,0,272,490.05,490.05,0.0,1698.972042,0.0
2019-01-31,8,0,273,0.0,0.0,0.0,-0.0,0.0
2019-01-31,8,0,274,397.55,397.55,0.0,-14175.392362,0.0
2019-01-31,8,0,275,553.4,553.4,0.0,-19732.517,0.0
2019-01-31,8,0,276,0.0,0.0,0.0,-0.0,0.0
2019-01-31,8,0,277,0.0,0.0,0.0,0.0,0.0
2019-01-31,8,0,278,0.0,0.0,0.0,0.0,0.0
2019-01-31,8,0,279,242.55,242.55,0.0,753.201954,0.0
2019-01-31,8,0,281,2.24,2.24,0.0,12.576973,0.0
2019-01-31,8,0,282,0.0,0.0,0.0,0.0,0.0
2019-01-31,9,0,9,0.22,0.22,0.0,2.953875,0.0
2019-01-31,9,0,17,3.39,3.39,0.0,29.89315,0.0
2019-01-31,9,0,19,404.37,404.37,0.0,3565.75011,0.0
2019-01-31,9,0,20,502.12,502.12,0.0,4427.713345,0.0
2019-01-31,9,0,21,4.98,4.98,0.0,66.865,0.0
2019-01-31,9,0,22,17.7,17.7,0.0,237.65271,0.0
2019-01-31,9,0,23,108.24,108.24,0.0,1453.306743,0.0
2019-01-31,9,0,24,191.51,191.51,0.0,2571.348618,0.0
2019-01-31,9,0,29,0.61,0.61,0.0,4.366863,0.0
2019-01-31,9,0,30,35.42,35.42,0.0,476.60913,0.0
2019-01-31,9,0,31,6.04,6.04,0.0,81.273832,0.0
2019-01-31,9,0,32,0.57,0.57,0.0,30.995597,0.0
2019-01-31,9,0,33,0.15,0.15,0.0,1.201026,0.0
2019-01-31,9,0,34,0.24,0.24,0.0,1.921641,0.0
2019-01-31,9,0,35,0.24,0.24,0.0,1.921641,0.0
2019-01-31,9,0,36,0.77,0.77,0.0,7.737319,0.0
2019-01-31,9,0,37,0.3,0.3,0.0,3.018283,0.0
2019-01-31,9,0,38,0.39,0.39,0.0,3.923768,0.0
2019-01-31,9,0,39,0.26,0.26,0.0,2.615846,0.0
2019-01-31,9,0,40,0.26,0.26,0.0,2.615846,0.0
2019-01-31,9,0,41,10.9,10.9,0.0,129.758308,0.0
2019-01-31,9,0,42,7.17,7.17,0.0,64.486104,0.0
2019-01-31,9,0,43,2.77,2.77,0.0,27.214135,0.0
2019-01-31,9,0,46,3.85,3.85,0.0,39.926694,0.0
2019-01-31,9,0,52,6.41,6.41,0.0,86.252527,0.0
2019-01-31,9,0,53,10.24,10.24,0.0,137.788749,0.0
2019-01-31,9,0,55,59.24,59.24,0.0,795.398111,0.0
2019-01-31,9,0,56,10.45,10.45,0.0,140.614495,0.0
2019-01-31,9,0,57,9.94,9.94,0.0,133.751969,0.0
2019-01-31,9,0,58,19.11,19.11,0.0,257.14287,0.0
2019-01-31,9,0,59,18.79,18.79,0.0,252.836972,0.0
2019-01-31,9,0,63,51.0,51.0,0.0,6223.425095,0.0
2019-01-31,9,0,64,60.0,60.0,0.0,7321.676583,0.0
2019-01-31,9,0,65,0.0,0.0,0.0,0.0,0.0
2019-01-31,9,0,67,19.56,19.56,0.0,-10850.306848,0.0
2019-01-31,9,0,68,18.65,18.65,0.0,-7633.681823,0.0
2019-01-31,9,0,69,0.15,0.15,0.0,1.201026,0.0
2019-01-31,9,0,74,5.12,5.12,0.0,50.063883,0.0
2019-01-31,9,0,77,60.0,60.0,0.0,-17306.589122,0.0
2019-01-31,9,0,78,45.36,45.36,0.0,-13083.781377,0.0
2019-01-31,9,0,79,26.25,26.25,0.0,-7571.632741,0.0
2019-01-31,9,0,80,42.45,42.45,0.0,-12244.411804,0.0
2019-01-31,9,0,81,55.5,55.5,0.0,-16008.594938,0.0
2019-01-31,9,0,82,39.15,39.15,0.0,-11292.549402,0.0
2019-01-31,9,0,83,87.3,87.3,0.0,-25181.087173,0.0
2019-01-31,9,0,84,0.0,0.0,0.0,0.0,0.0
2019-01-31,9,0,86,0.77,0.77,0.0,6.165266,0.0
2019-01-31,9,0,87,3.93,3.93,0.0,31.466875,0.0
2019-01-31,9,0,88,155.83,155.83,0.0,-44948.096383,0.0
2019-01-31,9,0,89,148.85,148.85,0.0,-42934.763181,0.0
2019-01-31,9,0,90,208.93,208.93,0.0,-60264.427756,0.0
2019-01-31,9,0,91,785.09,785.09,0.0,-226453.834236,0.0
2019-01-31,9,0,92,276.23,276.23,0.0,-79676.651888,0.0
2019-01-31,9,0,95,25.07,25.07,0.0,637.121295,0.0
2019-01-31,9,0,96,29.88,29.88,0.0,402.975911,0.0
2019-01-31,9,0,97,183.75,183.75,0.0,2478.140013,0.0
2019-01-31,9,0,99,0.99,0.99,0.0,9.680321,0.0
2019-01-31,9,0,101,0.71,0.71,0.0,9.553712,0.0
2019-01-31,9,0,102,44.08,44.08,0.0,-18042.503741,0.0
2019-01-31,9,0,103,38.34,38.34,0.0,-15693.048853,0.0
2019-01-31,9,0,104,7.15,7.15,0.0,-2926.585793,0.0
2019-01-31,9,0,106,17.42,17.42,0.0,233.893232,0.0
2019-01-31,9,0,109,156.88,156.88,0.0,1709.878566,0.0
2019-01-31,9,0,110,158.43,158.43,0.0,-158430.0,0.0
2019-01-31,9,0,111,1.27,1.27,0.0,15.118629,0.0
2019-01-31,9,0,113,84.3,84.3,0.0,-21767.964132,0.0
2019-01-31,9,0,115,84.3,84.3,0.0,-21767.964132,0.0
2019-01-31,9,0,116,10.85,10.85,0.0,-10850.0,0.0
2019-01-31,9,0,117,5.73,5.73,0.0,-1479.601832,0.0
2019-01-31,9,0,119,60.0,60.0,0.0,7321.676583,0.0
2019-01-31,9,0,120,35.28,35.28,0.0,4305.145831,0.0
2019-01-31,9,0,123,0.29,0.29,0.0,3.893745,0.0
2019-01-31,9,0,125,173.31,173.31,0.0,2326.982555,0.0
2019-01-31,9,0,126,13.07,13.07,0.0,175.487058,0.0
2019-01-31,9,0,127,16.77,16.77,0.0,225.165873,0.0
2019-01-31,9,0,128,248.22,248.22,0.0,3332.777161,0.0
2019-01-31,9,0,131,30.0,30.0,0.0,-11114.373298,0.0
2019-01-31,9,0,132,44.1,44.1,0.0,-16338.128748,0.0
2019-01-31,9,0,133,18.91,18.91,0.0,166.690907,0.0
2019-01-31,9,0,134,0.0,0.0,0.0,0.0,0.0
2019-01-31,9,0,135,25.33,25.33,0.0,223.282955,0.0
2019-01-31,9,0,136,2.22,2.22,0.0,19.652541,0.0
2019-01-31,9,0,139,14.08,14.08,0.0,167.614401,0.0
2019-01-31,9,0,140,117.25,117.25,0.0,-117250.0,0.0
2019-01-31,9,0,141,194.97,194.97,0.0,-108153.595405,0.0
2019-01-31,9,0,142,25.8,25.8,0.0,-14311.754431,0.0
2019-01-31,9,0,143,6.72,6.72,0.0,90.423866,0.0
2019-01-31,9,0,145,25.88,25.88,0.0,323.679644,0.0
2019-01-31,9,0,146,183.0,183.0,0.0,-183000.0,0.0
2019-01-31,9,0,152,0.49,0.49,0.0,4.772638,0.0
2019-01-31,9,0,153,0.6,0.6,0.0,5.868975,0.0
2019-01-31,9,0,154,5.26,5.26,0.0,62.617312,0.0
2019-01-31,9,0,157,72.95,72.95,0.0,-40466.763014,0.0
2019-01-31,9,0,158,5.68,5.68,0.0,-3150.804852,0.0
2019-01-31,9,0,159,0.0,0.0,0.0,0.0,0.0
2019-01-31,9,0,160,0.24,0.24,0.0,2.183332,0.0
2019-01-31,9,0,161,4.78,4.78,0.0,-1956.514698,0.0
2019-01-31,9,0,162,24.99,24.99,0.0,654.456809,0.0
2019-01-31,9,0,163,128.28,128.28,0.0,-128280.0,0.0
2019-01-31,9,0,164,0.85,0.85,0.0,11.437543,0.0
2019-01-31,9,0,167,0.68,0.68,0.0,15.042092,0.0
2019-01-31,9,0,168,0.34,0.34,0.0,7.521046,0.0
2019-01-31,9,0,169,0.0,0.0,0.0,0.0,0.0
2019-01-31,9,0,170,0.74,0.74,0.0,16.369335,0.0
2019-01-31,9,0,172,0.85,0.85,0.0,21.800793,0.0
2019-01-31,9,0,173,1.29,1.29,0.0,33.085909,0.0
2019-01-31,9,0,188,1.15,1.15,0.0,38.968748,0.0
2019-01-31,9,0,190,0.96,0.96,0.0,117.146825,0.0
2019-01-31,9,0,191,2.48,2.48,0.0,302.629299,0.0
2019-01-31,9,0,192,79.91,79.91,0.0,9751.252929,0.0
2019-01-31,9,0,194,130.37,130.37,0.0,-15877.427407,0.0
2019-01-31,9,0,196,0.67,0.67,0.0,184.712857,0.0
2019-01-31,9,0,198,0.84,0.84,0.0,6.603051,0.0
2019-01-31,9,0,199,14.41,14.41,0.0,-453.36062,0.0
2019-01-31,9,0,200,1.87,1.87,0.0,-58.833058,0.0
2019-01-31,9,0,204,424.96,424.96,0.0,4680.731383,0.0
2019-01-31,9,0,205,883.53,883.53,0.0,9629.838152,0.0
2019-01-31,9,0,206,539.94,539.94,0.0,7281.887993,0.0
2019-01-31,9,0,210,0.17,0.17,0.0,1.188954,0.0
2019-01-31,9,0,214,0.97,0.97,0.0,7.3013,0.0
2019-01-31,9,0,217,0.71,0.71,0.0,5.173305,0.0
2019-01-31,9,0,218,0.98,0.98,0.0,7.140619,0.0
2019-01-31,9,0,219,0.67,0.67,0.0,4.881852,0.0
2019-01-31,9,0,221,0.52,0.52,0.0,3.914099,0.0
2019-01-31,9,0,225,0.57,0.57,0.0,4.089591,0.0
2019-01-31,9,0,233,0.44,0.44,0.0,3.523009,0.0
2019-01-31,9,0,236,19.66,19.66,0.0,182.124908,0.0
2019-01-31,9,0,237,12.28,12.28,0.0,120.075095,0.0
2019-01-31,9,0,238,9.33,9.33,0.0,83.912881,0.0
2019-01-31,9,0,240,0.87,0.87,0.0,8.742165,0.0
2019-01-31,9,0,245,38.0,38.0,0.0,330.521032,0.0
2019-01-31,9,0,247,32.43,32.43,0.0,282.073607,0.0
2019-01-31,9,0,248,1.23,1.23,0.0,12.027066,0.0
2019-01-31,9,0,249,73.07,73.07,0.0,635.557153,0.0
2019-01-31,9,0,251,0.0,0.0,0.0,0.0,0.0
2019-01-31,9,0,252,0.0,0.0,0.0,0.0,0.0
2019-01-31,9,0,254,0.94,0.94,0.0,9.063547,0.0
2019-01-31,9,0,255,0.43,0.43,0.0,4.146091,0.0
2019-01-31,9,0,258,1.16,1.16,0.0,11.614279,0.0
2019-01-31,9,0,260,0.59,0.59,0.0,5.367357,0.0
2019-01-31,9,0,265,5.44,5.44,0.0,64.760109,0.0
2019-01-31,9,0,266,9.12,9.12,0.0,108.568419,0.0
2019-01-31,9,0,267,11.21,11.21,0.0,133.448682,0.0
2019-01-31,9,0,270,400.61,400.61,0.0,-400610.0,0.0
2019-01-31,9,0,272,281.31,281.31,0.0,-72639.928708,0.0
2019-01-31,9,0,273,2.59,2.59,0.0,-2590.0,0.0
2019-01-31,9,0,274,516.43,516.43,0.0,-516430.0,0.0
2019-01-31,9,0,275,718.88,718.88,0.0,-718880.0,0.0
2019-01-31,9,0,276,0.6,0.6,0.0,-540.346913,0.0
2019-01-31,9,0,277,0.79,0.79,0.0,-213.566292,0.0
2019-01-31,9,0,278,1.27,1.27,0.0,-343.328089,0.0
2019-01-31,9,0,279,264.6,264.6,0.0,-71531.190903,0.0
2019-01-31,9,0,281,2.69,2.69,0.0,36.196458,0.0
2019-01-31,9,0,282,19.43,19.43,0.0,261.448769,0.0
2019-01-31,10,0,9,1.27,1.27,0.0,5.237704,0.0
2019-01-31,10,0,17,10.99,10.99,0.0,105.779411,0.0
2019-01-31,10,0,19,349.46,349.46,0.0,3363.573525,0.0
2019-01-31,10,0,20,433.01,433.01,0.0,4167.747302,0.0
2019-01-31,10,0,21,29.14,29.14,0.0,120.178491,0.0
2019-01-31,10,0,22,103.56,103.56,0.0,427.099674,0.0
2019-01-31,10,0,23,108.8,108.8,0.0,448.710357,0.0
2019-01-31,10,0,24,192.5,192.5,0.0,793.903894,0.0
2019-01-31,10,0,29,1.36,1.36,0.0,13.433213,0.0
2019-01-31,10,0,30,221.13,221.13,0.0,904.531242,0.0
2019-01-31,10,0,31,11.87,11.87,0.0,48.55418,0.0
2019-01-31,10,0,32,1.52,1.52,0.0,33.38259,0.0
2019-01-31,10,0,33,0.64,0.64,0.0,6.819887,0.0
2019-01-31,10,0,34,1.03,1.03,0.0,10.975756,0.0
2019-01-31,10,0,35,1.03,1.03,0.0,10.975756,0.0
2019-01-31,10,0,36,2.81,2.81,0.0,22.441082,0.0
2019-01-31,10,0,37,1.17,1.17,0.0,9.311062,0.0
2019-01-31,10,0,38,1.5,1.5,0.0,11.937259,0.0
2019-01-31,10,0,39,1.0,1.0,0.0,7.958173,0.0
2019-01-31,10,0,40,1.0,1.0,0.0,7.958173,0.0
2019-01-31,10,0,41,10.45,10.45,0.0,61.584256,0.0
2019-01-31,10,0,42,22.29,22.29,0.0,209.561053,0.0
2019-01-31,10,0,43,9.05,9.05,0.0,74.100761,0.0
2019-01-31,10,0,46,10.56,10.56,0.0,80.155483,0.0
2019-01-31,10,0,52,12.59,12.59,0.0,51.499337,0.0
2019-01-31,10,0,53,20.08,20.08,0.0,82.137147,0.0
2019-01-31,10,0,55,66.98,66.98,0.0,276.237313,0.0
2019-01-31,10,0,56,65.23,65.23,0.0,266.823013,0.0
2019-01-31,10,0,57,62.04,62.04,0.0,253.774333,0.0
2019-01-31,10,0,58,119.32,119.32,0.0,488.077908,0.0
2019-01-31,10,0,59,117.33,117.33,0.0,479.937822,0.0
2019-01-31,10,0,63,51.0,51.0,0.0,1386.64512,0.0
2019-01-31,10,0,64,60.0,60.0,0.0,1631.3472,0.0
2019-01-31,10,0,65,0.0,0.0,0.0,0.0,0.0
2019-01-31,10,0,67,133.16,133.16,0.0,-2342.143918,0.0
2019-01-31,10,0,68,34.0,34.0,0.0,-259.211931,0.0
2019-01-31,10,0,69,0.64,0.64,0.0,6.819887,0.0
2019-01-31,10,0,74,11.61,11.61,0.0,97.708776,0.0
2019-01-31,10,0,77,60.0,60.0,0.0,53.376961,0.0
2019-01-31,10,0,78,45.36,45.36,0.0,40.352983,0.0
2019-01-31,10,0,79,26.25,26.25,0.0,23.35242,0.0
2019-01-31,10,0,80,42.45,42.45,0.0,37.7642,0.0
2019-01-31,10,0,81,55.5,55.5,0.0,49.373689,0.0
2019-01-31,10,0,82,39.15,39.15,0.0,34.828467,0.0
2019-01-31,10,0,83,87.3,87.3,0.0,77.663478,0.0
2019-01-31,10,0,84,0.0,0.0,0.0,0.0,0.0
2019-01-31,10,0,86,3.26,3.26,0.0,34.7388,0.0
2019-01-31,10,0,87,16.63,16.63,0.0,177.210503,0.0
2019-01-31,10,0,88,103.48,103.48,0.0,92.057466,0.0
2019-01-31,10,0,89,99.0,99.0,0.0,88.071986,0.0
2019-01-31,10,0,90,137.47,137.47,0.0,122.295514,0.0
2019-01-31,10,0,91,509.29,509.29,0.0,453.072542,0.0
2019-01-31,10,0,92,180.45,180.45,0.0,160.53121,0.0
2019-01-31,10,0,95,69.25,69.25,0.0,1535.367227,0.0
2019-01-31,10,0,96,29.88,29.88,0.0,121.172236,0.0
2019-01-31,10,0,97,183.75,183.75,0.0,745.160591,0.0
2019-01-31,10,0,99,2.39,2.39,0.0,20.114038,0.0
2019-01-31,10,0,101,4.45,4.45,0.0,18.202704,0.0
2019-01-31,10,0,102,80.5,80.5,0.0,-613.722365,0.0
2019-01-31,10,0,103,70.0,70.0,0.0,-533.671622,0.0
2019-01-31,10,0,104,13.0,13.0,0.0,-99.110444,0.0
2019-01-31,10,0,106,101.95,101.95,0.0,420.459751,0.0
2019-01-31,10,0,109,160.48,160.48,0.0,1127.418121,0.0
2019-01-31,10,0,110,182.42,182.42,0.0,-8775.339993,0.0
2019-01-31,10,0,111,5.77,5.77,0.0,34.003939,0.0
2019-01-31,10,0,113,150.0,150.0,0.0,330.821386,0.0
2019-01-31,10,0,115,150.0,150.0,0.0,330.821386,0.0
2019-01-31,10,0,116,53.24,53.24,0.0,-2561.117757,0.0
2019-01-31,10,0,117,10.0,10.0,0.0,22.054759,0.0
2019-01-31,10,0,119,60.0,60.0,0.0,1631.3472,0.0
2019-01-31,10,0,120,35.28,35.28,0.0,959.232154,0.0
2019-01-31,10,0,123,1.7,1.7,0.0,7.011099,0.0
2019-01-31,10,0,125,174.2,174.2,0.0,718.431472,0.0
2019-01-31,10,0,126,76.46,76.46,0.0,315.334503,0.0
2019-01-31,10,0,127,98.12,98.12,0.0,404.664156,0.0
2019-01-31,10,0,128,249.5,249.5,0.0,1028.98193,0.0
2019-01-31,10,0,131,40.31,40.31,0.0,-200.039119,0.0
2019-01-31,10,0,132,65.03,65.03,0.0,-322.712576,0.0
2019-01-31,10,0,133,29.8,29.8,0.0,286.943352,0.0
2019-01-31,10,0,134,0.0,0.0,0.0,0.0,0.0
2019-01-31,10,0,135,39.93,39.93,0.0,384.484834,0.0
2019-01-31,10,0,136,2.53,2.53,0.0,24.240602,0.0
2019-01-31,10,0,139,13.5,13.5,0.0,79.558608,0.0
2019-01-31,10,0,140,135.01,135.01,0.0,-6494.675214,0.0
2019-01-31,10,0,141,230.0,230.0,0.0,-4045.457354,0.0
2019-01-31,10,0,142,175.6,175.6,0.0,-3088.618745,0.0
2019-01-31,10,0,143,8.62,8.62,0.0,35.26007,0.0
2019-01-31,10,0,145,56.19,56.19,0.0,291.07096,0.0
2019-01-31,10,0,146,210.0,210.0,0.0,-10102.079808,0.0
2019-01-31,10,0,152,1.72,1.72,0.0,14.527763,0.0
2019-01-31,10,0,153,2.14,2.14,0.0,17.961287,0.0
2019-01-31,10,0,154,23.81,23.81,0.0,140.317812,0.0
2019-01-31,10,0,157,60.18,60.18,0.0,-1058.502711,0.0
2019-01-31,10,0,158,120.12,120.12,0.0,-2112.784075,0.0
2019-01-31,10,0,159,0.0,0.0,0.0,0.0,0.0
2019-01-31,10,0,160,0.68,0.68,0.0,6.069446,0.0
2019-01-31,10,0,161,26.36,26.36,0.0,-200.965485,0.0
2019-01-31,10,0,162,59.44,59.44,0.0,1321.180935,0.0
2019-01-31,10,0,163,91.58,91.58,0.0,-4405.468899,0.0
2019-01-31,10,0,164,6.31,6.31,0.0,25.811026,0.0
2019-01-31,10,0,167,1.71,1.71,0.0,37.660882,0.0
2019-01-31,10,0,168,0.86,0.86,0.0,18.940561,0.0
2019-01-31,10,0,169,0.0,0.0,0.0,0.0,0.0
2019-01-31,10,0,170,1.87,1.87,0.0,41.184708,0.0
2019-01-31,10,0,172,2.13,2.13,0.0,43.748908,0.0
2019-01-31,10,0,173,3.25,3.25,0.0,66.753029,0.0
2019-01-31,10,0,188,3.16,3.16,0.0,66.519033,0.0
2019-01-31,10,0,190,4.23,4.23,0.0,115.009978,0.0
2019-01-31,10,0,191,10.93,10.93,0.0,297.177082,0.0
2019-01-31,10,0,192,93.87,93.87,0.0,2552.242694,0.0
2019-01-31,10,0,194,52.95,52.95,0.0,574.547904,0.0
2019-01-31,10,0,196,2.97,2.97,0.0,111.77514,0.0
2019-01-31,10,0,198,2.13,2.13,0.0,21.478334,0.0
2019-01-31,10,0,199,17.54,17.54,0.0,220.07196,0.0
2019-01-31,10,0,200,5.52,5.52,0.0,69.258678,0.0
2019-01-31,10,0,204,243.74,243.74,0.0,1678.348616,0.0
2019-01-31,10,0,205,947.73,947.73,0.0,6658.07562,0.0
2019-01-31,10,0,206,539.94,539.94,0.0,2189.616377,0.0
2019-01-31,10,0,210,0.42,0.42,0.0,4.255418,0.0
2019-01-31,10,0,214,2.36,2.36,0.0,26.588211,0.0
2019-01-31,10,0,217,1.66,1.66,0.0,17.893843,0.0
2019-01-31,10,0,218,2.29,2.29,0.0,24.68488,0.0
2019-01-31,10,0,219,1.56,1.56,0.0,16.815901,0.0
2019-01-31,10,0,221,1.26,1.26,0.0,14.195401,0.0
2019-01-31,10,0,225,1.25,1.25,0.0,12.31597,0.0
2019-01-31,10,0,233,1.84,1.84,0.0,19.607175,0.0
2019-01-31,10,0,236,31.31,31.31,0.0,283.571325,0.0
2019-01-31,10,0,237,27.13,27.13,0.0,228.323782,0.0
2019-01-31,10,0,238,29.02,29.02,0.0,272.833637,0.0
2019-01-31,10,0,240,3.18,3.18,0.0,25.395957,0.0
2019-01-31,10,0,245,68.9,68.9,0.0,673.68524,0.0
2019-01-31,10,0,247,58.17,58.17,0.0,568.770252,0.0
2019-01-31,10,0,248,2.96,2.96,0.0,24.911109,0.0
2019-01-31,10,0,249,132.49,132.49,0.0,1295.45076,0.0
2019-01-31,10,0,251,0.0,0.0,0.0,0.0,0.0
2019-01-31,10,0,252,0.0,0.0,0.0,0.0,0.0
2019-01-31,10,0,254,3.71,3.71,0.0,31.06402,0.0
2019-01-31,10,0,255,1.7,1.7,0.0,14.234187,0.0
2019-01-31,10,0,258,4.24,4.24,0.0,33.999454,0.0
2019-01-31,10,0,260,1.65,1.65,0.0,14.727332,0.0
2019-01-31,10,0,265,24.65,24.65,0.0,145.268126,0.0
2019-01-31,10,0,266,8.74,8.74,0.0,51.506832,0.0
2019-01-31,10,0,267,10.74,10.74,0.0,63.293293,0.0
2019-01-31,10,0,270,285.85,285.85,0.0,-13750.854824,0.0
2019-01-31,10,0,272,501.3,501.3,0.0,1105.605071,0.0
2019-01-31,10,0,273,12.73,12.73,0.0,-612.378457,0.0
2019-01-31,10,0,274,368.48,368.48,0.0,-17725.782703,0.0
2019-01-31,10,0,275,512.89,512.89,0.0,-24672.64625,0.0
2019-01-31,10,0,276,2.89,2.89,0.0,-119.332491,0.0
2019-01-31,10,0,277,3.55,3.55,0.0,5.956639,0.0
2019-01-31,10,0,278,5.69,5.69,0.0,9.547401,0.0
2019-01-31,10,0,279,264.6,264.6,0.0,443.979336,0.0
2019-01-31,10,0,281,5.29,5.29,0.0,21.638721,0.0
2019-01-31,10,0,282,121.31,121.31,0.0,496.217994,0.0
2019-01-31,11,0,9,2.1,2.1,0.0,3.568862,0.0
2019-01-31,11,0,17,16.64,16.64,0.0,150.92262,0.0
2019-01-31,11,0,19,191.04,191.04,0.0,1732.707772,0.0
2019-01-31,11,0,20,231.7,231.7,0.0,2101.488645,0.0
2019-01-31,11,0,21,47.93,47.93,0.0,81.455032,0.0
2019-01-31,11,0,22,170.36,170.36,0.0,289.519702,0.0
2019-01-31,11,0,23,61.07,61.07,0.0,103.785913,0.0
2019-01-31,11,0,24,108.0,108.0,0.0,183.541487,0.0
2019-01-31,11,0,29,2.0,2.0,0.0,13.366789,0.0
2019-01-31,11,0,30,368.35,368.35,0.0,610.071346,0.0
2019-01-31,11,0,31,14.18,14.18,0.0,23.485304,0.0
2019-01-31,11,0,32,2.31,2.31,0.0,124.293145,0.0
2019-01-31,11,0,33,0.97,0.97,0.0,10.233733,0.0
2019-01-31,11,0,34,1.54,1.54,0.0,16.24737,0.0
2019-01-31,11,0,35,1.54,1.54,0.0,16.24737,0.0
2019-01-31,11,0,36,4.27,4.27,0.0,28.205531,0.0
2019-01-31,11,0,37,1.77,1.77,0.0,11.588896,0.0
2019-01-31,11,0,38,2.28,2.28,0.0,14.92807,0.0
2019-01-31,11,0,39,1.52,1.52,0.0,9.952046,0.0
2019-01-31,11,0,40,1.52,1.52,0.0,9.952046,0.0
2019-01-31,11,0,41,14.0,14.0,0.0,55.918594,0.0
2019-01-31,11,0,42,34.0,34.0,0.0,297.465197,0.0
2019-01-31,11,0,43,13.72,13.72,0.0,92.921652,0.0
2019-01-31,11,0,46,16.15,16.15,0.0,97.831882,0.0
2019-01-31,11,0,52,15.08,15.08,0.0,24.975909,0.0
2019-01-31,11,0,53,24.56,24.56,0.0,40.676944,0.0
2019-01-31,11,0,55,180.39,180.39,0.0,306.565268,0.0
2019-01-31,11,0,56,108.65,108.65,0.0,179.949102,0.0
2019-01-31,11,0,57,103.35,103.35,0.0,171.171097,0.0
2019-01-31,11,0,58,198.75,198.75,0.0,329.175187,0.0
2019-01-31,11,0,59,195.44,195.44,0.0,323.693074,0.0
2019-01-31,11,0,63,51.0,51.0,0.0,6203.822162,0.0
2019-01-31,11,0,64,60.0,60.0,0.0,7298.614308,0.0
2019-01-31,11,0,65,0.0,0.0,0.0,0.0,0.0
2019-01-31,11,0,67,221.98,221.98,0.0,-122723.966696,0.0
2019-01-31,11,0,68,33.99,33.99,0.0,-13828.731065,0.0
2019-01-31,11,0,69,0.97,0.97,0.0,10.233733,0.0
2019-01-31,11,0,74,11.3,11.3,0.0,83.056361,0.0
2019-01-31,11,0,77,60.0,60.0,0.0,-17100.320131,0.0
2019-01-31,11,0,78,45.36,45.36,0.0,-12927.842019,0.0
2019-01-31,11,0,79,26.25,26.25,0.0,-7481.390057,0.0
2019-01-31,11,0,80,42.45,42.45,0.0,-12098.476493,0.0
2019-01-31,11,0,81,55.5,55.5,0.0,-15817.796121,0.0
2019-01-31,11,0,82,39.15,39.15,0.0,-11157.958886,0.0
2019-01-31,11,0,83,87.3,87.3,0.0,-24880.965791,0.0
2019-01-31,11,0,84,0.0,0.0,0.0,0.0,0.0
2019-01-31,11,0,86,4.89,4.89,0.0,51.590675,0.0
2019-01-31,11,0,87,24.96,24.96,0.0,263.333997,0.0
2019-01-31,11,0,88,51.18,51.18,0.0,-14586.573072,0.0
2019-01-31,11,0,89,49.2,49.2,0.0,-14022.262508,0.0
2019-01-31,11,0,90,66.06,66.06,0.0,-18827.452465,0.0
2019-01-31,11,0,91,235.65,235.65,0.0,-67161.507316,0.0
2019-01-31,11,0,92,84.75,84.75,0.0,-24154.202186,0.0
2019-01-31,11,0,95,77.05,77.05,0.0,1728.211206,0.0
2019-01-31,11,0,96,31.88,31.88,0.0,51.360174,0.0
2019-01-31,11,0,97,234.28,234.28,0.0,377.436056,0.0
2019-01-31,11,0,99,2.42,2.42,0.0,17.787291,0.0
2019-01-31,11,0,101,7.42,7.42,0.0,12.289207,0.0
2019-01-31,11,0,102,80.49,80.49,0.0,-32747.118664,0.0
2019-01-31,11,0,103,69.99,69.99,0.0,-28475.22469,0.0
2019-01-31,11,0,104,12.99,12.99,0.0,-5284.943116,0.0
2019-01-31,11,0,106,167.7,167.7,0.0,284.999143,0.0
2019-01-31,11,0,109,83.48,83.48,0.0,451.14806,0.0
2019-01-31,11,0,110,178.84,178.84,0.0,-178840.0,0.0
2019-01-31,11,0,111,9.09,9.09,0.0,36.307144,0.0
2019-01-31,11,0,113,84.2,84.2,0.0,-21571.369083,0.0
2019-01-31,11,0,115,84.2,84.2,0.0,-21571.369083,0.0
2019-01-31,11,0,116,85.56,85.56,0.0,-85560.0,0.0
2019-01-31,11,0,117,5.66,5.66,0.0,-1450.0469,0.0
2019-01-31,11,0,119,60.0,60.0,0.0,7298.614308,0.0
2019-01-31,11,0,120,35.28,35.28,0.0,4291.585213,0.0
2019-01-31,11,0,123,2.8,2.8,0.0,4.758483,0.0
2019-01-31,11,0,125,97.74,97.74,0.0,166.105046,0.0
2019-01-31,11,0,126,125.78,125.78,0.0,213.757854,0.0
2019-01-31,11,0,127,161.41,161.41,0.0,274.309551,0.0
2019-01-31,11,0,128,139.96,139.96,0.0,237.856172,0.0
2019-01-31,11,0,131,30.0,30.0,0.0,-11035.540716,0.0
2019-01-31,11,0,132,44.1,44.1,0.0,-16222.244853,0.0
2019-01-31,11,0,133,20.07,20.07,0.0,182.144987,0.0
2019-01-31,11,0,134,0.0,0.0,0.0,0.0,0.0
2019-01-31,11,0,135,26.9,26.9,0.0,244.13055,0.0
2019-01-31,11,0,136,1.88,1.88,0.0,16.933135,0.0
2019-01-31,11,0,139,18.07,18.07,0.0,72.174928,0.0
2019-01-31,11,0,140,132.36,132.36,0.0,-132360.0,0.0
2019-01-31,11,0,141,230.0,230.0,0.0,-127157.907649,0.0
2019-01-31,11,0,142,292.73,292.73,0.0,-161838.84481,0.0
2019-01-31,11,0,143,8.48,8.48,0.0,14.044808,0.0
2019-01-31,11,0,145,100.0,100.0,0.0,304.824439,0.0
2019-01-31,11,0,146,116.07,116.07,0.0,-116070.0,0.0
2019-01-31,11,0,152,2.63,2.63,0.0,19.376255,0.0
2019-01-31,11,0,153,3.26,3.26,0.0,23.76632,0.0
2019-01-31,11,0,154,37.48,37.48,0.0,149.702064,0.0
2019-01-31,11,0,157,40.99,40.99,0.0,-22661.750585,0.0
2019-01-31,11,0,158,214.55,214.55,0.0,-118616.213418,0.0
2019-01-31,11,0,159,0.0,0.0,0.0,0.0,0.0
2019-01-31,11,0,160,1.03,1.03,0.0,7.782134,0.0
2019-01-31,11,0,161,42.99,42.99,0.0,-17490.354471,0.0
2019-01-31,11,0,162,128.85,128.85,0.0,2991.579568,0.0
2019-01-31,11,0,163,160.49,160.49,0.0,-160490.0,0.0
2019-01-31,11,0,164,10.82,10.82,0.0,17.92038,0.0
2019-01-31,11,0,167,2.58,2.58,0.0,49.112485,0.0
2019-01-31,11,0,168,1.29,1.29,0.0,24.556242,0.0
2019-01-31,11,0,169,0.0,0.0,0.0,0.0,0.0
2019-01-31,11,0,170,2.83,2.83,0.0,53.871447,0.0
2019-01-31,11,0,172,3.21,3.21,0.0,72.85561,0.0
2019-01-31,11,0,173,4.89,4.89,0.0,110.985648,0.0
2019-01-31,11,0,188,4.79,4.79,0.0,155.45947,0.0
2019-01-31,11,0,190,6.71,6.71,0.0,217.588908,0.0
2019-01-31,11,0,191,17.32,17.32,0.0,561.645289,0.0
2019-01-31,11,0,192,149.0,149.0,0.0,4831.706011,0.0
2019-01-31,11,0,194,52.95,52.95,0.0,-6386.969655,0.0
2019-01-31,11,0,196,4.7,4.7,0.0,1297.241042,0.0
2019-01-31,11,0,198,3.18,3.18,0.0,27.367675,0.0
2019-01-31,11,0,199,37.44,37.44,0.0,-980.34973,0.0
2019-01-31,11,0,200,8.32,8.32,0.0,-217.855496,0.0
2019-01-31,11,0,204,257.1,257.1,0.0,1340.614984,0.0
2019-01-31,11,0,205,545.8,545.8,0.0,2949.647952,0.0
2019-01-31,11,0,206,895.48,895.48,0.0,1442.660234,0.0
2019-01-31,11,0,210,0.62,0.62,0.0,4.411601,0.0
2019-01-31,11,0,214,3.48,3.48,0.0,39.765487,0.0
2019-01-31,11,0,217,2.45,2.45,0.0,23.407768,0.0
2019-01-31,11,0,218,3.38,3.38,0.0,32.293165,0.0
2019-01-31,11,0,219,2.3,2.3,0.0,21.974639,0.0
2019-01-31,11,0,221,1.86,1.86,0.0,21.253967,0.0
2019-01-31,11,0,225,1.85,1.85,0.0,12.287082,0.0
2019-01-31,11,0,233,2.77,2.77,0.0,29.224166,0.0
2019-01-31,11,0,236,24.15,24.15,0.0,199.274825,0.0
2019-01-31,11,0,237,25.19,25.19,0.0,185.149533,0.0
2019-01-31,11,0,238,44.25,44.25,0.0,387.142206,0.0
2019-01-31,11,0,240,4.84,4.84,0.0,31.970672,0.0
2019-01-31,11,0,245,49.38,49.38,0.0,458.694333,0.0
2019-01-31,11,0,247,52.52,52.52,0.0,487.862017,0.0
2019-01-31,11,0,248,3.0,3.0,0.0,22.050361,0.0
2019-01-31,11,0,249,94.97,94.97,0.0,882.183087,0.0
2019-01-31,11,0,251,0.0,0.0,0.0,0.0,0.0
2019-01-31,11,0,252,0.0,0.0,0.0,0.0,0.0
2019-01-31,11,0,254,5.57,5.57,0.0,38.818088,0.0
2019-01-31,11,0,255,2.55,2.55,0.0,17.771297,0.0
2019-01-31,11,0,258,6.45,6.45,0.0,42.779725,0.0
2019-01-31,11,0,260,2.49,2.49,0.0,18.81312,0.0
2019-01-31,11,0,265,38.8,38.8,0.0,154.974388,0.0
2019-01-31,11,0,266,11.7,11.7,0.0,46.731968,0.0
2019-01-31,11,0,267,14.38,14.38,0.0,57.436384,0.0
2019-01-31,11,0,270,542.91,542.91,0.0,-542910.0,0.0
2019-01-31,11,0,272,281.17,281.17,0.0,-72033.513601,0.0
2019-01-31,11,0,273,20.46,20.46,0.0,-20460.0,0.0
2019-01-31,11,0,274,708.99,708.99,0.0,-708990.0,0.0
2019-01-31,11,0,275,1000.33,1000.33,0.0,-1000330.0,0.0
2019-01-31,11,0,276,4.64,4.64,0.0,-4176.757159,0.0
2019-01-31,11,0,277,5.66,5.66,0.0,-1515.429627,0.0
2019-01-31,11,0,278,9.05,9.05,0.0,-2423.08094,0.0
2019-01-31,11,0,279,264.6,264.6,0.0,-70844.996325,0.0
2019-01-31,11,0,281,6.18,6.18,0.0,10.235485,0.0
2019-01-31,11,0,282,202.06,202.06,0.0,334.657299,0.0
2019-01-31,12,0,9,2.95,2.95,0.0,9.112174,0.0
2019-01-31,12,0,17,21.95,21.95,0.0,833.962059,0.0
2019-01-31,12,0,19,143.42,143.42,0.0,5449.058701,0.0
2019-01-31,12,0,20,173.93,173.93,0.0,6608.246966,0.0
2019-01-31,12,0,21,67.41,67.41,0.0,208.220897,0.0
2019-01-31,12,0,22,239.59,239.59,0.0,740.062968,0.0
2019-01-31,12,0,23,46.17,46.17,0.0,142.613244,0.0
2019-01-31,12,0,24,77.3,77.3,0.0,238.769846,0.0
2019-01-31,12,0,29,2.58,2.58,0.0,13.006529,0.0
2019-01-31,12,0,30,524.41,524.41,0.0,1602.460676,0.0
2019-01-31,12,0,31,17.0,17.0,0.0,51.947582,0.0
2019-01-31,12,0,32,3.1,3.1,0.0,161.465619,0.0
2019-01-31,12,0,33,1.27,1.27,0.0,47.17411,0.0
2019-01-31,12,0,34,2.03,2.03,0.0,75.404286,0.0
2019-01-31,12,0,35,2.03,2.03,0.0,75.404286,0.0
2019-01-31,12,0,36,5.8,5.8,0.0,33.395827,0.0
2019-01-31,12,0,37,2.44,2.44,0.0,15.082376,0.0
2019-01-31,12,0,38,3.14,3.14,0.0,19.409287,0.0
2019-01-31,12,0,39,2.1,2.1,0.0,12.980734,0.0
2019-01-31,12,0,40,2.1,2.1,0.0,12.980734,0.0
2019-01-31,12,0,41,18.63,18.63,0.0,108.146061,0.0
2019-01-31,12,0,42,47.75,47.75,0.0,1822.984905,0.0
2019-01-31,12,0,43,18.32,18.32,0.0,139.687491,0.0
2019-01-31,12,0,46,21.52,21.52,0.0,137.579333,0.0
2019-01-31,12,0,52,18.03,18.03,0.0,55.094994,0.0
2019-01-31,12,0,53,28.64,28.64,0.0,87.516397,0.0
2019-01-31,12,0,55,269.24,269.24,0.0,831.648038,0.0
2019-01-31,12,0,56,154.68,154.68,0.0,472.661882,0.0
2019-01-31,12,0,57,147.14,147.14,0.0,449.621601,0.0
2019-01-31,12,0,58,282.96,282.96,0.0,864.652224,0.0
2019-01-31,12,0,59,278.24,278.24,0.0,850.229131,0.0
2019-01-31,12,0,63,51.0,51.0,0.0,6128.511594,0.0
2019-01-31,12,0,64,60.0,60.0,0.0,7210.01364,0.0
2019-01-31,12,0,65,0.0,0.0,0.0,0.0,0.0
2019-01-31,12,0,67,310.01,310.01,0.0,-171664.775688,0.0
2019-01-31,12,0,68,34.0,34.0,0.0,-13872.445275,0.0
2019-01-31,12,0,69,1.27,1.27,0.0,47.17411,0.0
2019-01-31,12,0,74,11.5,11.5,0.0,268.997139,0.0
2019-01-31,12,0,77,60.0,60.0,0.0,-17189.381156,0.0
2019-01-31,12,0,78,45.36,45.36,0.0,-12995.172154,0.0
2019-01-31,12,0,79,26.25,26.25,0.0,-7520.354256,0.0
2019-01-31,12,0,80,42.45,42.45,0.0,-12161.487168,0.0
2019-01-31,12,0,81,55.5,55.5,0.0,-15900.177569,0.0
2019-01-31,12,0,82,39.15,39.15,0.0,-11216.071204,0.0
2019-01-31,12,0,83,87.3,87.3,0.0,-25010.549582,0.0
2019-01-31,12,0,84,0.0,0.0,0.0,0.0,0.0
2019-01-31,12,0,86,6.43,6.43,0.0,238.842146,0.0
2019-01-31,12,0,87,32.83,32.83,0.0,1219.46931,0.0
2019-01-31,12,0,88,51.18,51.18,0.0,-14662.542126,0.0
2019-01-31,12,0,89,49.2,49.2,0.0,-14095.292548,0.0
2019-01-31,12,0,90,66.06,66.06,0.0,-18925.508653,0.0
2019-01-31,12,0,91,235.65,235.65,0.0,-67511.29449,0.0
2019-01-31,12,0,92,84.75,84.75,0.0,-24280.000883,0.0
2019-01-31,12,0,95,100.05,100.05,0.0,2244.095148,0.0
2019-01-31,12,0,96,29.88,29.88,0.0,90.270871,0.0
2019-01-31,12,0,97,183.76,183.76,0.0,555.159816,0.0
2019-01-31,12,0,99,2.22,2.22,0.0,51.928143,0.0
2019-01-31,12,0,101,10.56,10.56,0.0,32.268616,0.0
2019-01-31,12,0,102,80.5,80.5,0.0,-32845.054253,0.0
2019-01-31,12,0,103,70.0,70.0,0.0,-28560.916742,0.0
2019-01-31,12,0,104,13.0,13.0,0.0,-5304.170252,0.0
2019-01-31,12,0,106,235.85,235.85,0.0,728.510584,0.0
2019-01-31,12,0,109,60.0,60.0,0.0,286.741268,0.0
2019-01-31,12,0,110,175.87,175.87,0.0,-175870.0,0.0
2019-01-31,12,0,111,12.32,12.32,0.0,71.51688,0.0
2019-01-31,12,0,113,45.0,45.0,0.0,-11586.343797,0.0
2019-01-31,12,0,115,45.0,45.0,0.0,-11586.343797,0.0
2019-01-31,12,0,116,117.63,117.63,0.0,-117630.0,0.0
2019-01-31,12,0,117,3.0,3.0,0.0,-772.42292,0.0
2019-01-31,12,0,119,60.0,60.0,0.0,7210.01364,0.0
2019-01-31,12,0,120,35.28,35.28,0.0,4239.48802,0.0
2019-01-31,12,0,123,3.93,3.93,0.0,12.139269,0.0
2019-01-31,12,0,125,70.73,70.73,0.0,218.475954,0.0
2019-01-31,12,0,126,176.89,176.89,0.0,546.390661,0.0
2019-01-31,12,0,127,227.01,227.01,0.0,701.204951,0.0
2019-01-31,12,0,128,96.96,96.96,0.0,299.49708,0.0
2019-01-31,12,0,131,30.0,30.0,0.0,-11072.822044,0.0
2019-01-31,12,0,132,44.1,44.1,0.0,-16277.048405,0.0
2019-01-31,12,0,133,12.76,12.76,0.0,484.758726,0.0
2019-01-31,12,0,134,0.0,0.0,0.0,0.0,0.0
2019-01-31,12,0,135,17.1,17.1,0.0,649.637477,0.0
2019-01-31,12,0,136,1.37,1.37,0.0,52.100782,0.0
2019-01-31,12,0,139,24.05,24.05,0.0,139.608845,0.0
2019-01-31,12,0,140,130.17,130.17,0.0,-130170.0,0.0
2019-01-31,12,0,141,230.0,230.0,0.0,-127360.080024,0.0
2019-01-31,12,0,142,408.82,408.82,0.0,-226379.773545,0.0
2019-01-31,12,0,143,9.44,9.44,0.0,28.846187,0.0
2019-01-31,12,0,145,56.25,56.25,0.0,217.186455,0.0
2019-01-31,12,0,146,59.48,59.48,0.0,-59480.0,0.0
2019-01-31,12,0,152,3.67,3.67,0.0,178.150731,0.0
2019-01-31,12,0,153,4.55,4.55,0.0,223.914792,0.0
2019-01-31,12,0,154,50.84,50.84,0.0,295.12323,0.0
2019-01-31,12,0,157,27.41,27.41,0.0,-15177.999102,0.0
2019-01-31,12,0,158,298.82,298.82,0.0,-165468.430925,0.0
2019-01-31,12,0,159,0.0,0.0,0.0,0.0,0.0
2019-01-31,12,0,160,1.38,1.38,0.0,15.320673,0.0
2019-01-31,12,0,161,59.82,59.82,0.0,-24407.343421,0.0
2019-01-31,12,0,162,157.1,157.1,0.0,3647.246445,0.0
2019-01-31,12,0,163,185.4,185.4,0.0,-185400.0,0.0
2019-01-31,12,0,164,15.5,15.5,0.0,47.363972,0.0
2019-01-31,12,0,167,3.44,3.44,0.0,65.710743,0.0
2019-01-31,12,0,168,1.72,1.72,0.0,32.855372,0.0
2019-01-31,12,0,169,0.0,0.0,0.0,0.0,0.0
2019-01-31,12,0,170,3.76,3.76,0.0,71.82337,0.0
2019-01-31,12,0,172,4.23,4.23,0.0,91.956474,0.0
2019-01-31,12,0,173,6.45,6.45,0.0,140.217319,0.0
2019-01-31,12,0,188,6.5,6.5,0.0,202.733659,0.0
2019-01-31,12,0,190,9.14,9.14,0.0,296.387872,0.0
2019-01-31,12,0,191,23.61,23.61,0.0,765.614624,0.0
2019-01-31,12,0,192,222.1,222.1,0.0,7202.160436,0.0
2019-01-31,12,0,194,52.95,52.95,0.0,-6456.196342,0.0
2019-01-31,12,0,196,6.35,6.35,0.0,1741.258604,0.0
2019-01-31,12,0,198,4.19,4.19,0.0,63.233918,0.0
2019-01-31,12,0,199,106.01,106.01,0.0,-2834.953163,0.0
2019-01-31,12,0,200,11.24,11.24,0.0,-300.583658,0.0
2019-01-31,12,0,204,257.1,257.1,0.0,1270.142528,0.0
2019-01-31,12,0,205,317.4,317.4,0.0,1516.861305,0.0
2019-01-31,12,0,206,539.95,539.95,0.0,1631.250233,0.0
2019-01-31,12,0,210,0.79,0.79,0.0,4.769292,0.0
2019-01-31,12,0,214,4.6,4.6,0.0,165.964607,0.0
2019-01-31,12,0,217,3.18,3.18,0.0,71.605508,0.0
2019-01-31,12,0,218,4.39,4.39,0.0,98.851629,0.0
2019-01-31,12,0,219,2.99,2.99,0.0,67.327191,0.0
2019-01-31,12,0,221,2.45,2.45,0.0,88.394193,0.0
2019-01-31,12,0,225,2.34,2.34,0.0,11.571591,0.0
2019-01-31,12,0,233,3.64,3.64,0.0,135.207685,0.0
2019-01-31,12,0,236,18.56,18.56,0.0,758.457361,0.0
2019-01-31,12,0,237,27.59,27.59,0.0,645.359223,0.0
2019-01-31,12,0,238,62.15,62.15,0.0,2372.743703,0.0
2019-01-31,12,0,240,6.58,6.58,0.0,37.886989,0.0
2019-01-31,12,0,245,34.23,34.23,0.0,1296.222995,0.0
2019-01-31,12,0,247,47.27,47.27,0.0,1790.022232,0.0
2019-01-31,12,0,248,2.77,2.77,0.0,64.793224,0.0
2019-01-31,12,0,249,65.82,65.82,0.0,2492.474366,0.0
2019-01-31,12,0,251,0.0,0.0,0.0,0.0,0.0
2019-01-31,12,0,252,0.0,0.0,0.0,0.0,0.0
2019-01-31,12,0,254,7.6,7.6,0.0,64.580119,0.0
2019-01-31,12,0,255,3.48,3.48,0.0,29.570897,0.0
2019-01-31,12,0,258,8.7,8.7,0.0,52.717047,0.0
2019-01-31,12,0,260,3.34,3.34,0.0,37.080471,0.0
2019-01-31,12,0,265,52.64,52.64,0.0,305.572124,0.0
2019-01-31,12,0,266,15.57,15.57,0.0,90.38294,0.0
2019-01-31,12,0,267,19.14,19.14,0.0,111.106582,0.0
2019-01-31,12,0,270,579.0,579.0,0.0,-579000.0,0.0
2019-01-31,12,0,272,150.39,150.39,0.0,-38721.56097,0.0
2019-01-31,12,0,273,28.13,28.13,0.0,-28130.0,0.0
2019-01-31,12,0,274,746.4,746.4,0.0,-746400.0,0.0
2019-01-31,12,0,275,1039.0,1039.0,0.0,-1039000.0,0.0
2019-01-31,12,0,276,6.36,6.36,0.0,-5726.286072,0.0
2019-01-31,12,0,277,7.73,7.73,0.0,-2080.197422,0.0
2019-01-31,12,0,278,12.38,12.38,0.0,-3331.54516,0.0
2019-01-31,12,0,279,264.6,264.6,0.0,-71205.722895,0.0
2019-01-31,12,0,281,7.63,7.63,0.0,23.315297,0.0
2019-01-31,12,0,282,287.67,287.67,0.0,879.04476,0.0
2019-01-31,13,0,9,3.54,3.54,0.0,-1386.791524,0.0
2019-01-31,13,0,17,29.91,29.91,0.0,196.626172,0.0
2019-01-31,13,0,19,104.44,104.44,0.0,686.580989,0.0
2019-01-31,13,0,20,126.66,126.66,0.0,832.653658,0.0
2019-01-31,13,0,21,80.84,80.84,0.0,-31668.990613,0.0
2019-01-31,13,0,22,287.3,287.3,0.0,-112549.492863,0.0
2019-01-31,13,0,23,90.35,90.35,0.0,-35394.523774,0.0
2019-01-31,13,0,24,157.79,157.79,0.0,-61814.077546,0.0
2019-01-31,13,0,29,3.19,3.19,0.0,17.751637,0.0
2019-01-31,13,0,30,674.28,674.28,0.0,-674280.0,0.0
2019-01-31,13,0,31,21.03,21.03,0.0,-21030.0,0.0
2019-01-31,13,0,32,2.95,2.95,0.0,142.221542,0.0
2019-01-31,13,0,33,1.28,1.28,0.0,13.358168,0.0
2019-01-31,13,0,34,2.05,2.05,0.0,21.393942,0.0
2019-01-31,13,0,35,2.05,2.05,0.0,21.393942,0.0
2019-01-31,13,0,36,7.73,7.73,0.0,8.016116,0.0
2019-01-31,13,0,37,3.15,3.15,0.0,3.335819,0.0
2019-01-31,13,0,38,4.05,4.05,0.0,4.28891,0.0
2019-01-31,13,0,39,2.7,2.7,0.0,2.859274,0.0
2019-01-31,13,0,40,2.7,2.7,0.0,2.859274,0.0
2019-01-31,13,0,41,24.4,24.4,0.0,-314.823513,0.0
2019-01-31,13,0,42,70.15,70.15,0.0,402.433056,0.0
2019-01-31,13,0,43,24.28,24.28,0.0,45.804173,0.0
2019-01-31,13,0,46,28.5,28.5,0.0,7.162502,0.0
2019-01-31,13,0,52,22.29,22.29,0.0,-22290.0,0.0
2019-01-31,13,0,53,35.41,35.41,0.0,-35410.0,0.0
2019-01-31,13,0,55,297.17,297.17,0.0,-116416.055671,0.0
2019-01-31,13,0,56,198.89,198.89,0.0,-198890.0,0.0
2019-01-31,13,0,57,189.19,189.19,0.0,-189190.0,0.0
2019-01-31,13,0,58,363.82,363.82,0.0,-363820.0,0.0
2019-01-31,13,0,59,357.76,357.76,0.0,-357760.0,0.0
2019-01-31,13,0,63,51.0,51.0,0.0,6053.877083,0.0
2019-01-31,13,0,64,60.0,60.0,0.0,7122.208333,0.0
2019-01-31,13,0,65,0.0,0.0,0.0,0.0,0.0
2019-01-31,13,0,67,376.0,376.0,0.0,-207638.523207,0.0
2019-01-31,13,0,68,34.0,34.0,0.0,-13804.368906,0.0
2019-01-31,13,0,69,1.28,1.28,0.0,13.358168,0.0
2019-01-31,13,0,74,7.49,7.49,0.0,12.925484,0.0
2019-01-31,13,0,77,60.0,60.0,0.0,-17010.41733,0.0
2019-01-31,13,0,78,45.36,45.36,0.0,-12859.875501,0.0
2019-01-31,13,0,79,26.25,26.25,0.0,-7442.057582,0.0
2019-01-31,13,0,80,42.45,42.45,0.0,-12034.870261,0.0
2019-01-31,13,0,81,55.5,55.5,0.0,-15734.63603,0.0
2019-01-31,13,0,82,39.15,39.15,0.0,-11099.297308,0.0
2019-01-31,13,0,83,87.3,87.3,0.0,-24750.157215,0.0
2019-01-31,13,0,84,0.0,0.0,0.0,0.0,0.0
2019-01-31,13,0,86,6.49,6.49,0.0,67.730088,0.0
2019-01-31,13,0,87,33.12,33.12,0.0,345.642606,0.0
2019-01-31,13,0,88,51.18,51.18,0.0,-14509.885982,0.0
2019-01-31,13,0,89,49.2,49.2,0.0,-13948.54221,0.0
2019-01-31,13,0,90,66.06,66.06,0.0,-18728.46948,0.0
2019-01-31,13,0,91,235.65,235.65,0.0,-66808.414062,0.0
2019-01-31,13,0,92,84.75,84.75,0.0,-24027.214478,0.0
2019-01-31,13,0,95,105.02,105.02,0.0,2668.946086,0.0
2019-01-31,13,0,96,29.88,29.88,0.0,1124.97906,0.0
2019-01-31,13,0,97,183.75,183.75,0.0,6918.169422,0.0
2019-01-31,13,0,99,1.45,1.45,0.0,2.502263,0.0
2019-01-31,13,0,101,13.58,13.58,0.0,-13580.0,0.0
2019-01-31,13,0,102,80.5,80.5,0.0,-32683.87344,0.0
2019-01-31,13,0,103,70.0,70.0,0.0,-28420.759513,0.0
2019-01-31,13,0,104,13.0,13.0,0.0,-5278.141052,0.0
2019-01-31,13,0,106,282.82,282.82,0.0,-110794.457263,0.0
2019-01-31,13,0,109,60.0,60.0,0.0,-83.251474,0.0
2019-01-31,13,0,110,172.28,172.28,0.0,-172280.0,0.0
2019-01-31,13,0,111,16.76,16.76,0.0,-216.247626,0.0
2019-01-31,13,0,113,45.0,45.0,0.0,-11531.865257,0.0
2019-01-31,13,0,115,45.0,45.0,0.0,-11531.865257,0.0
2019-01-31,13,0,116,136.44,136.44,0.0,-136440.0,0.0
2019-01-31,13,0,117,3.0,3.0,0.0,-768.791017,0.0
2019-01-31,13,0,119,60.0,60.0,0.0,7122.208333,0.0
2019-01-31,13,0,120,35.28,35.28,0.0,4187.8585,0.0
2019-01-31,13,0,123,4.71,4.71,0.0,-1845.137875,0.0
2019-01-31,13,0,125,143.27,143.27,0.0,-56125.881805,0.0
2019-01-31,13,0,126,212.11,212.11,0.0,-83093.884202,0.0
2019-01-31,13,0,127,272.21,272.21,0.0,-106638.000182,0.0
2019-01-31,13,0,128,202.25,202.25,0.0,-79231.238885,0.0
2019-01-31,13,0,131,30.0,30.0,0.0,-11008.805647,0.0
2019-01-31,13,0,132,44.1,44.1,0.0,-16182.944301,0.0
2019-01-31,13,0,133,7.48,7.48,0.0,49.282574,0.0
2019-01-31,13,0,134,0.0,0.0,0.0,0.0,0.0
2019-01-31,13,0,135,10.02,10.02,0.0,66.017566,0.0
2019-01-31,13,0,136,0.99,0.99,0.0,6.345776,0.0
2019-01-31,13,0,139,31.51,31.51,0.0,-406.56102,0.0
2019-01-31,13,0,140,127.51,127.51,0.0,-127510.0,0.0
2019-01-31,13,0,141,230.0,230.0,0.0,-127012.92643,0.0
2019-01-31,13,0,142,495.85,495.85,0.0,-273823.302479,0.0
2019-01-31,13,0,143,11.66,11.66,0.0,-11660.0,0.0
2019-01-31,13,0,145,100.0,100.0,0.0,-584.639092,0.0
2019-01-31,13,0,146,30.92,30.92,0.0,-30920.0,0.0
2019-01-31,13,0,152,4.6,4.6,0.0,10.830164,0.0
2019-01-31,13,0,153,5.94,5.94,0.0,12.876162,0.0
2019-01-31,13,0,154,69.14,69.14,0.0,-892.085971,0.0
2019-01-31,13,0,157,18.75,18.75,0.0,-10354.314655,0.0
2019-01-31,13,0,158,365.64,365.64,0.0,-201917.419216,0.0
2019-01-31,13,0,159,0.0,0.0,0.0,0.0,0.0
2019-01-31,13,0,160,1.89,1.89,0.0,8.138939,0.0
2019-01-31,13,0,161,71.56,71.56,0.0,-29054.13644,0.0
2019-01-31,13,0,162,162.5,162.5,0.0,4260.314061,0.0
2019-01-31,13,0,163,104.55,104.55,0.0,-104550.0,0.0
2019-01-31,13,0,164,14.89,14.89,0.0,-14890.0,0.0
2019-01-31,13,0,167,3.38,3.38,0.0,75.434606,0.0
2019-01-31,13,0,168,1.69,1.69,0.0,37.717303,0.0
2019-01-31,13,0,169,0.0,0.0,0.0,0.0,0.0
2019-01-31,13,0,170,3.7,3.7,0.0,82.576344,0.0
2019-01-31,13,0,172,4.56,4.56,0.0,85.433095,0.0
2019-01-31,13,0,173,6.94,6.94,0.0,130.023175,0.0
2019-01-31,13,0,188,6.18,6.18,0.0,177.232187,0.0
2019-01-31,13,0,190,10.52,10.52,0.0,341.137901,0.0
2019-01-31,13,0,191,27.18,27.18,0.0,881.381002,0.0
2019-01-31,13,0,192,315.55,315.55,0.0,10232.515649,0.0
2019-01-31,13,0,194,52.95,52.95,0.0,-6460.21355,0.0
2019-01-31,13,0,196,7.22,7.22,0.0,1972.157277,0.0
2019-01-31,13,0,198,7.22,7.22,0.0,57.788034,0.0
2019-01-31,13,0,199,73.53,73.53,0.0,-1913.848962,0.0
2019-01-31,13,0,200,13.65,13.65,0.0,-355.284079,0.0
2019-01-31,13,0,204,257.1,257.1,0.0,-431.237998,0.0
2019-01-31,13,0,205,317.4,317.4,0.0,-440.400295,0.0
2019-01-31,13,0,206,539.94,539.94,0.0,20328.687878,0.0
2019-01-31,13,0,210,1.13,1.13,0.0,7.270197,0.0
2019-01-31,13,0,214,7.11,7.11,0.0,90.368329,0.0
2019-01-31,13,0,217,4.83,4.83,0.0,48.670355,0.0
2019-01-31,13,0,218,6.67,6.67,0.0,67.211443,0.0
2019-01-31,13,0,219,4.54,4.54,0.0,45.748119,0.0
2019-01-31,13,0,221,3.79,3.79,0.0,48.171022,0.0
2019-01-31,13,0,225,3.01,3.01,0.0,16.497365,0.0
2019-01-31,13,0,233,3.67,3.67,0.0,38.300373,0.0
2019-01-31,13,0,236,28.9,28.9,0.0,129.8975,0.0
2019-01-31,13,0,237,17.96,17.96,0.0,30.99355,0.0
2019-01-31,13,0,238,91.31,91.31,0.0,523.822699,0.0
2019-01-31,13,0,240,8.76,8.76,0.0,9.08424,0.0
2019-01-31,13,0,245,22.61,22.61,0.0,161.566632,0.0
2019-01-31,13,0,247,42.34,42.34,0.0,302.553348,0.0
2019-01-31,13,0,248,1.8,1.8,0.0,3.106258,0.0
2019-01-31,13,0,249,43.49,43.49,0.0,310.771023,0.0
2019-01-31,13,0,251,0.0,0.0,0.0,0.0,0.0
2019-01-31,13,0,252,0.0,0.0,0.0,0.0,0.0
2019-01-31,13,0,254,9.63,9.63,0.0,24.014489,0.0
2019-01-31,13,0,255,4.41,4.41,0.0,10.997289,0.0
2019-01-31,13,0,258,11.57,11.57,0.0,13.585637,0.0
2019-01-31,13,0,260,4.58,4.58,0.0,19.722932,0.0
2019-01-31,13,0,265,71.58,71.58,0.0,-923.568322,0.0
2019-01-31,13,0,266,20.4,20.4,0.0,-263.213101,0.0
2019-01-31,13,0,267,25.07,25.07,0.0,-323.468257,0.0
2019-01-31,13,0,270,325.32,325.32,0.0,-325320.0,0.0
2019-01-31,13,0,272,150.39,150.39,0.0,-38539.493687,0.0
2019-01-31,13,0,273,32.63,32.63,0.0,-32630.0,0.0
2019-01-31,13,0,274,419.18,419.18,0.0,-419180.0,0.0
2019-01-31,13,0,275,583.24,583.24,0.0,-583240.0,0.0
2019-01-31,13,0,276,7.51,7.51,0.0,-6759.168496,0.0
2019-01-31,13,0,277,9.27,9.27,0.0,-2476.813703,0.0
2019-01-31,13,0,278,14.84,14.84,0.0,-3965.039412,0.0
2019-01-31,13,0,279,378.16,378.16,0.0,-101039.036665,0.0
2019-01-31,13,0,281,9.44,9.44,0.0,-9440.0,0.0
2019-01-31,13,0,282,369.89,369.89,0.0,-369890.0,0.0
2019-01-31,14,0,9,3.7,3.7,0.0,-1452.520379,0.0
2019-01-31,14,0,17,30.37,30.37,0.0,179.690441,0.0
2019-01-31,14,0,19,97.16,97.16,0.0,574.867412,0.0
2019-01-31,14,0,20,117.84,117.84,0.0,697.224946,0.0
2019-01-31,14,0,21,84.53,84.53,0.0,-33184.202073,0.0
2019-01-31,14,0,22,300.4,300.4,0.0,-117928.951884,0.0
2019-01-31,14,0,23,42.61,42.61,0.0,-16727.538748,0.0
2019-01-31,14,0,24,73.27,73.27,0.0,-28763.829243,0.0
2019-01-31,14,0,29,3.26,3.26,0.0,19.188783,0.0
2019-01-31,14,0,30,707.45,707.45,0.0,-707450.0,0.0
2019-01-31,14,0,31,18.07,18.07,0.0,-18070.0,0.0
2019-01-31,14,0,32,3.02,3.02,0.0,135.422568,0.0
2019-01-31,14,0,33,1.35,1.35,0.0,13.323138,0.0
2019-01-31,14,0,34,2.15,2.15,0.0,21.218331,0.0
2019-01-31,14,0,35,2.15,2.15,0.0,21.218331,0.0
2019-01-31,14,0,36,8.11,8.11,0.0,2.254164,0.0
2019-01-31,14,0,37,3.27,3.27,0.0,0.9945,0.0
2019-01-31,14,0,38,4.21,4.21,0.0,1.280381,0.0
2019-01-31,14,0,39,2.81,2.81,0.0,0.854601,0.0
2019-01-31,14,0,40,2.81,2.81,0.0,0.854601,0.0
2019-01-31,14,0,41,23.69,23.69,0.0,-331.330147,0.0
2019-01-31,14,0,42,73.64,73.64,0.0,372.617833,0.0
2019-01-31,14,0,43,25.51,25.51,0.0,30.396099,0.0
2019-01-31,14,0,46,29.42,29.42,0.0,-16.210842,0.0
2019-01-31,14,0,52,19.15,19.15,0.0,-19150.0,0.0
2019-01-31,14,0,53,30.43,30.43,0.0,-30430.0,0.0
2019-01-31,14,0,55,251.07,251.07,0.0,-98563.322069,0.0
2019-01-31,14,0,56,208.67,208.67,0.0,-208670.0,0.0
2019-01-31,14,0,57,198.49,198.49,0.0,-198490.0,0.0
2019-01-31,14,0,58,381.72,381.72,0.0,-381720.0,0.0
2019-01-31,14,0,59,375.36,375.36,0.0,-375360.0,0.0
2019-01-31,14,0,63,51.0,51.0,0.0,6027.810667,0.0
2019-01-31,14,0,64,60.0,60.0,0.0,7091.541961,0.0
2019-01-31,14,0,65,2.03,2.03,0.0,11.687854,0.0
2019-01-31,14,0,67,390.34,390.34,0.0,-215481.415116,0.0
2019-01-31,14,0,68,19.16,19.16,0.0,-7774.21348,0.0
2019-01-31,14,0,69,1.35,1.35,0.0,13.323138,0.0
2019-01-31,14,0,74,10.25,10.25,0.0,9.808904,0.0
2019-01-31,14,0,77,60.0,60.0,0.0,-16989.8179,0.0
2019-01-31,14,0,78,45.36,45.36,0.0,-12844.302332,0.0
2019-01-31,14,0,79,26.25,26.25,0.0,-7433.045331,0.0
2019-01-31,14,0,80,42.45,42.45,0.0,-12020.296164,0.0
2019-01-31,14,0,81,55.5,55.5,0.0,-15715.581557,0.0
2019-01-31,14,0,82,39.15,39.15,0.0,-11085.856179,0.0
2019-01-31,14,0,83,87.3,87.3,0.0,-24720.185044,0.0
2019-01-31,14,0,84,0.0,0.0,0.0,0.0,0.0
2019-01-31,14,0,86,6.82,6.82,0.0,67.306521,0.0
2019-01-31,14,0,87,34.83,34.83,0.0,343.736969,0.0
2019-01-31,14,0,88,51.18,51.18,0.0,-14492.314668,0.0
2019-01-31,14,0,89,49.2,49.2,0.0,-13931.650678,0.0
2019-01-31,14,0,90,66.06,66.06,0.0,-18705.789507,0.0
2019-01-31,14,0,91,235.65,235.65,0.0,-66727.509801,0.0
2019-01-31,14,0,92,84.75,84.75,0.0,-23998.117783,0.0
2019-01-31,14,0,95,120.0,120.0,0.0,3049.643213,0.0
2019-01-31,14,0,96,31.39,31.39,0.0,1137.264565,0.0
2019-01-31,14,0,97,210.51,210.51,0.0,7626.809928,0.0
2019-01-31,14,0,99,1.98,1.98,0.0,1.894793,0.0
2019-01-31,14,0,101,14.25,14.25,0.0,-14250.0,0.0
2019-01-31,14,0,102,45.25,45.25,0.0,-18360.290187,0.0
2019-01-31,14,0,103,39.36,39.36,0.0,-15970.409321,0.0
2019-01-31,14,0,104,7.37,7.37,0.0,-2990.394225,0.0
2019-01-31,14,0,106,295.72,295.72,0.0,-116091.709891,0.0
2019-01-31,14,0,109,60.0,60.0,0.0,-138.002328,0.0
2019-01-31,14,0,110,126.08,126.08,0.0,-126080.0,0.0
2019-01-31,14,0,111,18.16,18.16,0.0,-253.987145,0.0
2019-01-31,14,0,113,45.0,45.0,0.0,-11520.524568,0.0
2019-01-31,14,0,115,45.0,45.0,0.0,-11520.524568,0.0
2019-01-31,14,0,116,139.54,139.54,0.0,-139540.0,0.0
2019-01-31,14,0,117,3.0,3.0,0.0,-768.034971,0.0
2019-01-31,14,0,119,60.0,60.0,0.0,7091.541961,0.0
2019-01-31,14,0,120,35.28,35.28,0.0,4169.826673,0.0
2019-01-31,14,0,123,4.93,4.93,0.0,-1935.385262,0.0
2019-01-31,14,0,125,66.79,66.79,0.0,-26219.955714,0.0
2019-01-31,14,0,126,221.79,221.79,0.0,-87068.782418,0.0
2019-01-31,14,0,127,284.63,284.63,0.0,-111738.074484,0.0
2019-01-31,14,0,128,92.7,92.7,0.0,-36391.5241,0.0
2019-01-31,14,0,131,30.0,30.0,0.0,-11000.538224,0.0
2019-01-31,14,0,132,44.1,44.1,0.0,-16170.791189,0.0
2019-01-31,14,0,133,8.17,8.17,0.0,48.46201,0.0
2019-01-31,14,0,134,0.0,0.0,0.0,0.0,0.0
2019-01-31,14,0,135,10.95,10.95,0.0,64.952143,0.0
2019-01-31,14,0,136,3.76,3.76,0.0,21.615588,0.0
2019-01-31,14,0,139,30.59,30.59,0.0,-427.834074,0.0
2019-01-31,14,0,140,93.31,93.31,0.0,-93310.0,0.0
2019-01-31,14,0,141,211.64,211.64,0.0,-116832.727098,0.0
2019-01-31,14,0,142,514.76,514.76,0.0,-284165.633154,0.0
2019-01-31,14,0,143,14.43,14.43,0.0,-14430.0,0.0
2019-01-31,14,0,145,56.12,56.12,0.0,-394.810995,0.0
2019-01-31,14,0,146,12.35,12.35,0.0,-12350.0,0.0
2019-01-31,14,0,152,4.96,4.96,0.0,7.924459,0.0
2019-01-31,14,0,153,6.33,6.33,0.0,8.903592,0.0
2019-01-31,14,0,154,74.92,74.92,0.0,-1047.836835,0.0
2019-01-31,14,0,157,9.78,9.78,0.0,-5398.904134,0.0
2019-01-31,14,0,158,391.69,391.69,0.0,-216226.66262,0.0
2019-01-31,14,0,159,0.0,0.0,0.0,0.0,0.0
2019-01-31,14,0,160,1.96,1.96,0.0,7.411678,0.0
2019-01-31,14,0,161,73.37,73.37,0.0,-29770.044,0.0
2019-01-31,14,0,162,162.5,162.5,0.0,4272.203124,0.0
2019-01-31,14,0,163,130.61,130.61,0.0,-130610.0,0.0
2019-01-31,14,0,164,16.17,16.17,0.0,-16170.0,0.0
2019-01-31,14,0,167,3.39,3.39,0.0,76.114653,0.0
2019-01-31,14,0,168,1.7,1.7,0.0,38.16959,0.0
2019-01-31,14,0,169,0.0,0.0,0.0,0.0,0.0
2019-01-31,14,0,170,3.71,3.71,0.0,83.299517,0.0
2019-01-31,14,0,172,4.64,4.64,0.0,450.861961,0.0
2019-01-31,14,0,173,7.07,7.07,0.0,686.981479,0.0
2019-01-31,14,0,188,6.23,6.23,0.0,163.342679,0.0
2019-01-31,14,0,190,10.68,10.68,0.0,346.32631,0.0
2019-01-31,14,0,191,27.6,27.6,0.0,895.000576,0.0
2019-01-31,14,0,192,274.45,274.45,0.0,8899.743051,0.0
2019-01-31,14,0,194,52.95,52.95,0.0,-6448.871419,0.0
2019-01-31,14,0,196,7.32,7.32,0.0,1997.42364,0.0
2019-01-31,14,0,198,7.45,7.45,0.0,58.213649,0.0
2019-01-31,14,0,199,130.0,130.0,0.0,-3383.955084,0.0
2019-01-31,14,0,200,14.05,14.05,0.0,-365.727453,0.0
2019-01-31,14,0,204,257.1,257.1,0.0,-670.075511,0.0
2019-01-31,14,0,205,317.4,317.4,0.0,-730.032315,0.0
2019-01-31,14,0,206,745.19,745.19,0.0,26998.349199,0.0
2019-01-31,14,0,210,1.15,1.15,0.0,7.750141,0.0
2019-01-31,14,0,214,7.19,7.19,0.0,87.689869,0.0
2019-01-31,14,0,217,4.9,4.9,0.0,48.662402,0.0
2019-01-31,14,0,218,6.77,6.77,0.0,67.233563,0.0
2019-01-31,14,0,219,4.61,4.61,0.0,45.782382,0.0
2019-01-31,14,0,221,3.84,3.84,0.0,46.832976,0.0
2019-01-31,14,0,225,3.1,3.1,0.0,17.991598,0.0
2019-01-31,14,0,233,3.86,3.86,0.0,38.094307,0.0
2019-01-31,14,0,236,10.12,10.12,0.0,38.341879,0.0
2019-01-31,14,0,237,24.58,24.58,0.0,23.522231,0.0
2019-01-31,14,0,238,95.85,95.85,0.0,485.000262,0.0
2019-01-31,14,0,240,9.19,9.19,0.0,2.554348,0.0
2019-01-31,14,0,245,24.09,24.09,0.0,156.631559,0.0
2019-01-31,14,0,247,49.82,49.82,0.0,323.926288,0.0
2019-01-31,14,0,248,2.47,2.47,0.0,2.363707,0.0
2019-01-31,14,0,249,46.33,46.33,0.0,301.234543,0.0
2019-01-31,14,0,251,0.0,0.0,0.0,0.0,0.0
2019-01-31,14,0,252,13.06,13.06,0.0,75.193777,0.0
2019-01-31,14,0,254,9.92,9.92,0.0,18.267107,0.0
2019-01-31,14,0,255,4.55,4.55,0.0,8.378562,0.0
2019-01-31,14,0,258,12.1,12.1,0.0,5.148557,0.0
2019-01-31,14,0,260,4.77,4.77,0.0,18.037604,0.0
2019-01-31,14,0,265,77.57,77.57,0.0,-1084.899938,0.0
2019-01-31,14,0,266,19.81,19.81,0.0,-277.064171,0.0
2019-01-31,14,0,267,24.34,24.34,0.0,-340.421097,0.0
2019-01-31,14,0,270,454.05,454.05,0.0,-454050.0,0.0
2019-01-31,14,0,272,150.39,150.39,0.0,-38501.593106,0.0
2019-01-31,14,0,273,33.37,33.37,0.0,-33370.0,0.0
2019-01-31,14,0,274,605.65,605.65,0.0,-605650.0,0.0
2019-01-31,14,0,275,880.86,880.86,0.0,-880860.0,0.0
2019-01-31,14,0,276,7.65,7.65,0.0,-6884.838685,0.0
2019-01-31,14,0,277,9.62,9.62,0.0,-2567.552236,0.0
2019-01-31,14,0,278,15.39,15.39,0.0,-4107.549783,0.0
2019-01-31,14,0,279,264.6,264.6,0.0,-70621.031362,0.0
2019-01-31,14,0,281,8.11,8.11,0.0,-8110.0,0.0
2019-01-31,14,0,282,388.08,388.08,0.0,-388080.0,0.0
2019-01-31,15,0,9,3.51,3.51,0.0,5.955606,0.0
2019-01-31,15,0,17,29.29,29.29,0.0,302.19462,0.0
2019-01-31,15,0,19,90.51,90.51,0.0,933.821612,0.0
2019-01-31,15,0,20,109.77,109.77,0.0,1132.533404,0.0
2019-01-31,15,0,21,80.23,80.23,0.0,136.130562,0.0
2019-01-31,15,0,22,285.14,285.14,0.0,483.812396,0.0
2019-01-31,15,0,23,32.64,32.64,0.0,55.382046,0.0
2019-01-31,15,0,24,57.75,57.75,0.0,97.987536,0.0
2019-01-31,15,0,29,2.99,2.99,0.0,16.313796,0.0
2019-01-31,15,0,30,667.13,667.13,0.0,1099.184125,0.0
2019-01-31,15,0,31,25.42,25.42,0.0,41.882782,0.0
2019-01-31,15,0,32,2.79,2.79,0.0,124.594723,0.0
2019-01-31,15,0,33,1.28,1.28,0.0,15.518701,0.0
2019-01-31,15,0,34,2.04,2.04,0.0,24.73293,0.0
2019-01-31,15,0,35,2.04,2.04,0.0,24.73293,0.0
2019-01-31,15,0,36,7.77,7.77,0.0,56.184993,0.0
2019-01-31,15,0,37,3.13,3.13,0.0,22.37129,0.0
2019-01-31,15,0,38,4.02,4.02,0.0,28.732455,0.0
2019-01-31,15,0,39,2.68,2.68,0.0,19.15497,0.0
2019-01-31,15,0,40,2.68,2.68,0.0,19.15497,0.0
2019-01-31,15,0,41,39.49,39.49,0.0,170.727425,0.0
2019-01-31,15,0,42,70.99,70.99,0.0,704.626257,0.0
2019-01-31,15,0,43,24.23,24.23,0.0,178.047194,0.0
2019-01-31,15,0,46,27.86,27.86,0.0,183.231432,0.0
2019-01-31,15,0,52,26.94,26.94,0.0,44.387181,0.0
2019-01-31,15,0,53,42.8,42.8,0.0,70.51861,0.0
2019-01-31,15,0,55,274.61,274.61,0.0,465.945578,0.0
2019-01-31,15,0,56,196.78,196.78,0.0,324.220845,0.0
2019-01-31,15,0,57,187.18,187.18,0.0,308.403586,0.0
2019-01-31,15,0,58,359.96,359.96,0.0,593.081285,0.0
2019-01-31,15,0,59,353.96,353.96,0.0,583.195498,0.0
2019-01-31,15,0,63,51.0,51.0,0.0,5876.99991,0.0
2019-01-31,15,0,64,60.0,60.0,0.0,6914.117541,0.0
2019-01-31,15,0,65,6.94,6.94,0.0,71.097405,0.0
2019-01-31,15,0,67,368.13,368.13,0.0,-204421.733997,0.0
2019-01-31,15,0,68,29.66,29.66,0.0,-12162.976517,0.0
2019-01-31,15,0,69,1.28,1.28,0.0,15.518701,0.0
2019-01-31,15,0,74,15.18,15.18,0.0,124.933821,0.0
2019-01-31,15,0,77,60.0,60.0,0.0,-17331.802587,0.0
2019-01-31,15,0,78,45.36,45.36,0.0,-13102.842756,0.0
2019-01-31,15,0,79,26.25,26.25,0.0,-7582.663632,0.0
2019-01-31,15,0,80,42.45,42.45,0.0,-12262.25033,0.0
2019-01-31,15,0,81,55.5,55.5,0.0,-16031.917393,0.0
2019-01-31,15,0,82,39.15,39.15,0.0,-11309.001188,0.0
2019-01-31,15,0,83,87.3,87.3,0.0,-25217.772764,0.0
2019-01-31,15,0,84,0.0,0.0,0.0,0.0,0.0
2019-01-31,15,0,86,6.46,6.46,0.0,78.320945,0.0
2019-01-31,15,0,87,32.99,32.99,0.0,399.970274,0.0
2019-01-31,15,0,88,51.18,51.18,0.0,-14784.027607,0.0
2019-01-31,15,0,89,49.2,49.2,0.0,-14212.078121,0.0
2019-01-31,15,0,90,66.06,66.06,0.0,-19082.314648,0.0
2019-01-31,15,0,91,235.65,235.65,0.0,-68070.65466,0.0
2019-01-31,15,0,92,84.75,84.75,0.0,-24481.171154,0.0
2019-01-31,15,0,95,120.0,120.0,0.0,3049.643213,0.0
2019-01-31,15,0,96,29.88,29.88,0.0,47.697233,0.0
2019-01-31,15,0,97,183.75,183.75,0.0,293.318829,0.0
2019-01-31,15,0,99,2.93,2.93,0.0,24.114367,0.0
2019-01-31,15,0,101,13.44,13.44,0.0,22.144162,0.0
2019-01-31,15,0,102,70.23,70.23,0.0,-28799.927202,0.0
2019-01-31,15,0,103,61.07,61.07,0.0,-25043.593254,0.0
2019-01-31,15,0,104,11.34,11.34,0.0,-4650.308621,0.0
2019-01-31,15,0,106,280.7,280.7,0.0,476.278809,0.0
2019-01-31,15,0,109,60.0,60.0,0.0,353.489216,0.0
2019-01-31,15,0,110,88.57,88.57,0.0,-88570.0,0.0
2019-01-31,15,0,111,17.63,17.63,0.0,76.219916,0.0
2019-01-31,15,0,113,45.0,45.0,0.0,-11715.10775,0.0
2019-01-31,15,0,115,45.0,45.0,0.0,-11715.10775,0.0
2019-01-31,15,0,116,130.76,130.76,0.0,-130760.0,0.0
2019-01-31,15,0,117,3.0,3.0,0.0,-781.007183,0.0
2019-01-31,15,0,119,60.0,60.0,0.0,6914.117541,0.0
2019-01-31,15,0,120,35.28,35.28,0.0,4065.501114,0.0
2019-01-31,15,0,123,4.68,4.68,0.0,7.940808,0.0
2019-01-31,15,0,125,52.26,52.26,0.0,88.672357,0.0
2019-01-31,15,0,126,210.52,210.52,0.0,357.200623,0.0
2019-01-31,15,0,127,270.17,270.17,0.0,458.411991,0.0
2019-01-31,15,0,128,74.85,74.85,0.0,127.002027,0.0
2019-01-31,15,0,131,73.62,73.62,0.0,-27334.8844,0.0
2019-01-31,15,0,132,108.35,108.35,0.0,-40230.028861,0.0
2019-01-31,15,0,133,9.03,9.03,0.0,93.227389,0.0
2019-01-31,15,0,134,0.0,0.0,0.0,0.0,0.0
2019-01-31,15,0,135,12.1,12.1,0.0,124.922636,0.0
2019-01-31,15,0,136,9.43,9.43,0.0,96.568755,0.0
2019-01-31,15,0,139,51.35,51.35,0.0,222.001855,0.0
2019-01-31,15,0,140,65.55,65.55,0.0,-65550.0,0.0
2019-01-31,15,0,141,171.14,171.14,0.0,-95033.644517,0.0
2019-01-31,15,0,142,485.47,485.47,0.0,-269580.363468,0.0
2019-01-31,15,0,143,38.14,38.14,0.0,62.84065,0.0
2019-01-31,15,0,145,30.0,30.0,0.0,96.724627,0.0
2019-01-31,15,0,146,0.0,0.0,0.0,-0.0,0.0
2019-01-31,15,0,152,4.69,4.69,0.0,38.610367,0.0
2019-01-31,15,0,153,6.02,6.02,0.0,48.990217,0.0
2019-01-31,15,0,154,72.72,72.72,0.0,314.390943,0.0
2019-01-31,15,0,157,0.0,0.0,0.0,-0.0,0.0
2019-01-31,15,0,158,373.5,373.5,0.0,-207403.682524,0.0
2019-01-31,15,0,159,0.0,0.0,0.0,0.0,0.0
2019-01-31,15,0,160,1.87,1.87,0.0,15.160954,0.0
2019-01-31,15,0,161,68.53,68.53,0.0,-28102.790988,0.0
2019-01-31,15,0,162,162.5,162.5,0.0,4258.663844,0.0
2019-01-31,15,0,163,110.21,110.21,0.0,-110210.0,0.0
2019-01-31,15,0,164,15.37,15.37,0.0,25.32409,0.0
2019-01-31,15,0,167,3.14,3.14,0.0,70.533732,0.0
2019-01-31,15,0,168,1.57,1.57,0.0,35.266866,0.0
2019-01-31,15,0,169,0.0,0.0,0.0,0.0,0.0
2019-01-31,15,0,170,3.43,3.43,0.0,77.047994,0.0
2019-01-31,15,0,172,4.35,4.35,0.0,76.081008,0.0
2019-01-31,15,0,173,6.63,6.63,0.0,115.95795,0.0
2019-01-31,15,0,188,5.73,5.73,0.0,150.173826,0.0
2019-01-31,15,0,190,10.18,10.18,0.0,330.112531,0.0
2019-01-31,15,0,191,26.29,26.29,0.0,852.520477,0.0
2019-01-31,15,0,192,237.1,237.1,0.0,7688.573793,0.0
2019-01-31,15,0,194,52.95,52.95,0.0,-6651.858794,0.0
2019-01-31,15,0,196,6.94,6.94,0.0,1864.148165,0.0
2019-01-31,15,0,198,7.06,7.06,0.0,63.228096,0.0
2019-01-31,15,0,199,130.0,130.0,0.0,-3613.057039,0.0
2019-01-31,15,0,200,13.01,13.01,0.0,-361.583631,0.0
2019-01-31,15,0,204,257.1,257.1,0.0,1457.008609,0.0
2019-01-31,15,0,205,317.4,317.4,0.0,1869.957955,0.0
2019-01-31,15,0,206,539.94,539.94,0.0,861.902413,0.0
2019-01-31,15,0,210,1.07,1.07,0.0,6.452769,0.0
2019-01-31,15,0,214,6.66,6.66,0.0,87.873653,0.0
2019-01-31,15,0,217,4.54,4.54,0.0,45.748119,0.0
2019-01-31,15,0,218,6.26,6.26,0.0,63.080005,0.0
2019-01-31,15,0,219,4.26,4.26,0.0,42.926649,0.0
2019-01-31,15,0,221,3.55,3.55,0.0,46.83956,0.0
2019-01-31,15,0,225,2.85,2.85,0.0,15.391816,0.0
2019-01-31,15,0,233,3.66,3.66,0.0,44.373786,0.0
2019-01-31,15,0,236,7.99,7.99,0.0,74.441655,0.0
2019-01-31,15,0,237,36.43,36.43,0.0,299.824711,0.0
2019-01-31,15,0,238,92.4,92.4,0.0,917.13574,0.0
2019-01-31,15,0,240,8.81,8.81,0.0,63.70525,0.0
2019-01-31,15,0,245,25.79,25.79,0.0,272.983192,0.0
2019-01-31,15,0,247,57.95,57.95,0.0,613.391856,0.0
2019-01-31,15,0,248,3.66,3.66,0.0,30.122384,0.0
2019-01-31,15,0,249,49.59,49.59,0.0,524.902539,0.0
2019-01-31,15,0,251,18.68,18.68,0.0,189.137666,0.0
2019-01-31,15,0,252,44.79,44.79,0.0,458.854865,0.0
2019-01-31,15,0,254,9.48,9.48,0.0,71.46721,0.0
2019-01-31,15,0,255,4.35,4.35,0.0,32.793498,0.0
2019-01-31,15,0,258,11.6,11.6,0.0,84.099352,0.0
2019-01-31,15,0,260,4.55,4.55,0.0,36.888952,0.0
2019-01-31,15,0,265,75.3,75.3,0.0,325.545077,0.0
2019-01-31,15,0,266,32.83,32.83,0.0,141.934195,0.0
2019-01-31,15,0,267,40.61,40.61,0.0,175.569529,0.0
2019-01-31,15,0,270,359.72,359.72,0.0,-359720.0,0.0
2019-01-31,15,0,272,150.39,150.39,0.0,-39151.890102,0.0
2019-01-31,15,0,273,31.27,31.27,0.0,-31270.0,0.0
2019-01-31,15,0,274,473.8,473.8,0.0,-473800.0,0.0
2019-01-31,15,0,275,680.07,680.07,0.0,-680070.0,0.0
2019-01-31,15,0,276,7.16,7.16,0.0,-6449.064685,0.0
2019-01-31,15,0,277,9.04,9.04,0.0,-2456.827219,0.0
2019-01-31,15,0,278,14.47,14.47,0.0,-3932.554189,0.0
2019-01-31,15,0,279,264.6,264.6,0.0,-71911.115294,0.0
2019-01-31,15,0,281,11.41,11.41,0.0,18.799471,0.0
2019-01-31,15,0,282,365.96,365.96,0.0,602.967071,0.0
2019-01-31,16,0,9,2.99,2.99,0.0,20.424699,0.0
2019-01-31,16,0,17,25.54,25.54,0.0,259.854517,0.0
2019-01-31,16,0,19,145.41,145.41,0.0,1479.461444,0.0
2019-01-31,16,0,20,183.52,183.52,0.0,1867.208336,0.0
2019-01-31,16,0,21,68.29,68.29,0.0,466.489191,0.0
2019-01-31,16,0,22,242.69,242.69,0.0,1657.816106,0.0
2019-01-31,16,0,23,29.55,29.55,0.0,201.856137,0.0
2019-01-31,16,0,24,52.28,52.28,0.0,357.124834,0.0
2019-01-31,16,0,29,3.71,3.71,0.0,32.287004,0.0
2019-01-31,16,0,30,575.47,575.47,0.0,3919.907816,0.0
2019-01-31,16,0,31,46.33,46.33,0.0,315.584356,0.0
2019-01-31,16,0,32,3.0,3.0,0.0,52.845959,0.0
2019-01-31,16,0,33,1.2,1.2,0.0,13.032099,0.0
2019-01-31,16,0,34,1.92,1.92,0.0,20.851359,0.0
2019-01-31,16,0,35,1.92,1.92,0.0,20.851359,0.0
2019-01-31,16,0,36,8.11,8.11,0.0,73.137383,0.0
2019-01-31,16,0,37,3.07,3.07,0.0,27.595819,0.0
2019-01-31,16,0,38,3.95,3.95,0.0,35.506021,0.0
2019-01-31,16,0,39,2.63,2.63,0.0,23.640718,0.0
2019-01-31,16,0,40,2.63,2.63,0.0,23.640718,0.0
2019-01-31,16,0,41,54.99,54.99,0.0,432.285134,0.0
2019-01-31,16,0,42,67.69,67.69,0.0,678.645336,0.0
2019-01-31,16,0,43,24.91,24.91,0.0,226.165063,0.0
2019-01-31,16,0,46,25.74,25.74,0.0,225.666412,0.0
2019-01-31,16,0,52,49.11,49.11,0.0,334.520779,0.0
2019-01-31,16,0,53,78.02,78.02,0.0,531.445962,0.0
2019-01-31,16,0,55,374.33,374.33,0.0,2557.049334,0.0
2019-01-31,16,0,56,169.74,169.74,0.0,1156.21171,0.0
2019-01-31,16,0,57,161.46,161.46,0.0,1099.811139,0.0
2019-01-31,16,0,58,310.51,310.51,0.0,2115.089537,0.0
2019-01-31,16,0,59,305.33,305.33,0.0,2079.805122,0.0
2019-01-31,16,0,63,51.0,51.0,0.0,984.95122,0.0
2019-01-31,16,0,64,60.0,60.0,0.0,1158.766141,0.0
2019-01-31,16,0,65,16.67,16.67,0.0,169.147218,0.0
2019-01-31,16,0,67,314.09,314.09,0.0,217.664552,0.0
2019-01-31,16,0,68,20.44,20.44,0.0,60.558082,0.0
2019-01-31,16,0,69,1.2,1.2,0.0,13.032099,0.0
2019-01-31,16,0,74,14.42,14.42,0.0,135.260397,0.0
2019-01-31,16,0,77,60.0,60.0,0.0,298.609156,0.0
2019-01-31,16,0,78,45.36,45.36,0.0,225.748522,0.0
2019-01-31,16,0,79,26.25,26.25,0.0,130.641506,0.0
2019-01-31,16,0,80,42.45,42.45,0.0,211.265978,0.0
2019-01-31,16,0,81,55.5,55.5,0.0,276.213469,0.0
2019-01-31,16,0,82,39.15,39.15,0.0,194.842474,0.0
2019-01-31,16,0,83,87.3,87.3,0.0,434.476322,0.0
2019-01-31,16,0,84,0.0,0.0,0.0,0.0,0.0
2019-01-31,16,0,86,6.09,6.09,0.0,66.137904,0.0
2019-01-31,16,0,87,31.11,31.11,0.0,337.857175,0.0
2019-01-31,16,0,88,51.18,51.18,0.0,254.71361,0.0
2019-01-31,16,0,89,49.2,49.2,0.0,244.859508,0.0
2019-01-31,16,0,90,66.06,66.06,0.0,328.768681,0.0
2019-01-31,16,0,91,235.65,235.65,0.0,1172.787461,0.0
2019-01-31,16,0,92,84.75,84.75,0.0,421.785433,0.0
2019-01-31,16,0,95,120.0,120.0,0.0,2117.638932,0.0
2019-01-31,16,0,96,29.88,29.88,0.0,202.928563,0.0
2019-01-31,16,0,97,183.75,183.75,0.0,1247.929165,0.0
2019-01-31,16,0,99,3.16,3.16,0.0,29.640975,0.0
2019-01-31,16,0,101,11.59,11.59,0.0,78.947176,0.0
2019-01-31,16,0,102,48.39,48.39,0.0,143.366223,0.0
2019-01-31,16,0,103,42.08,42.08,0.0,124.671433,0.0
2019-01-31,16,0,104,7.81,7.81,0.0,23.138876,0.0
2019-01-31,16,0,106,238.91,238.91,0.0,1631.994915,0.0
2019-01-31,16,0,109,56.64,56.64,0.0,480.622421,0.0
2019-01-31,16,0,110,59.69,59.69,0.0,-373.517029,0.0
2019-01-31,16,0,111,15.19,15.19,0.0,119.411005,0.0
2019-01-31,16,0,113,44.55,44.55,0.0,224.097157,0.0
2019-01-31,16,0,115,44.55,44.55,0.0,224.097157,0.0
2019-01-31,16,0,116,109.27,109.27,0.0,-683.769572,0.0
2019-01-31,16,0,117,2.97,2.97,0.0,14.93981,0.0
2019-01-31,16,0,119,60.0,60.0,0.0,1158.766141,0.0
2019-01-31,16,0,120,35.28,35.28,0.0,681.354491,0.0
2019-01-31,16,0,123,3.98,3.98,0.0,27.187392,0.0
2019-01-31,16,0,125,47.31,47.31,0.0,323.17475,0.0
2019-01-31,16,0,126,179.18,179.18,0.0,1223.979108,0.0
2019-01-31,16,0,127,229.95,229.95,0.0,1570.789128,0.0
2019-01-31,16,0,128,67.76,67.76,0.0,462.86876,0.0
2019-01-31,16,0,131,24.19,24.19,0.0,86.331629,0.0
2019-01-31,16,0,132,35.56,35.56,0.0,126.909993,0.0
2019-01-31,16,0,133,12.1,12.1,0.0,123.141877,0.0
2019-01-31,16,0,134,0.0,0.0,0.0,0.0,0.0
2019-01-31,16,0,135,15.38,15.38,0.0,156.522484,0.0
2019-01-31,16,0,136,19.04,19.04,0.0,193.166283,0.0
2019-01-31,16,0,139,71.62,71.62,0.0,563.016209,0.0
2019-01-31,16,0,140,44.17,44.17,0.0,-276.398847,0.0
2019-01-31,16,0,141,153.97,153.97,0.0,106.701299,0.0
2019-01-31,16,0,142,414.21,414.21,0.0,287.04777,0.0
2019-01-31,16,0,143,98.96,98.96,0.0,674.082189,0.0
2019-01-31,16,0,145,30.0,30.0,0.0,223.002487,0.0
2019-01-31,16,0,146,0.0,0.0,0.0,0.0,0.0
2019-01-31,16,0,152,4.45,4.45,0.0,41.761164,0.0
2019-01-31,16,0,153,5.78,5.78,0.0,54.035636,0.0
2019-01-31,16,0,154,62.68,62.68,0.0,492.737447,0.0
2019-01-31,16,0,157,0.0,0.0,0.0,0.0,0.0
2019-01-31,16,0,158,317.73,317.73,0.0,220.187074,0.0
2019-01-31,16,0,159,0.0,0.0,0.0,0.0,0.0
2019-01-31,16,0,160,1.63,1.63,0.0,15.330127,0.0
2019-01-31,16,0,161,58.49,58.49,0.0,173.289737,0.0
2019-01-31,16,0,162,162.5,162.5,0.0,2871.051344,0.0
2019-01-31,16,0,163,73.39,73.39,0.0,-459.246352,0.0
2019-01-31,16,0,164,16.49,16.49,0.0,112.324326,0.0
2019-01-31,16,0,167,3.05,3.05,0.0,53.685613,0.0
2019-01-31,16,0,168,1.53,1.53,0.0,26.930816,0.0
2019-01-31,16,0,169,0.0,0.0,0.0,0.0,0.0
2019-01-31,16,0,170,3.34,3.34,0.0,58.790147,0.0
2019-01-31,16,0,172,4.37,4.37,0.0,72.921452,0.0
2019-01-31,16,0,173,6.66,6.66,0.0,111.134295,0.0
2019-01-31,16,0,188,6.37,6.37,0.0,109.040715,0.0
2019-01-31,16,0,190,8.49,8.49,0.0,163.965409,0.0
2019-01-31,16,0,191,21.92,21.92,0.0,423.335897,0.0
2019-01-31,16,0,192,204.88,204.88,0.0,3956.800118,0.0
2019-01-31,16,0,194,52.95,52.95,0.0,358.448612,0.0
2019-01-31,16,0,196,5.69,5.69,0.0,124.943559,0.0
2019-01-31,16,0,198,5.73,5.73,0.0,56.211699,0.0
2019-01-31,16,0,199,130.0,130.0,0.0,1261.365868,0.0
2019-01-31,16,0,200,11.46,11.46,0.0,111.194253,0.0
2019-01-31,16,0,204,237.55,237.55,0.0,1995.180865,0.0
2019-01-31,16,0,205,299.63,299.63,0.0,2542.529946,0.0
2019-01-31,16,0,206,539.94,539.94,0.0,3666.976182,0.0
2019-01-31,16,0,210,1.39,1.39,0.0,12.387263,0.0
2019-01-31,16,0,214,5.68,5.68,0.0,63.991965,0.0
2019-01-31,16,0,217,3.43,3.43,0.0,35.131345,0.0
2019-01-31,16,0,218,4.73,4.73,0.0,48.446433,0.0
2019-01-31,16,0,219,3.22,3.22,0.0,32.980447,0.0
2019-01-31,16,0,221,3.03,3.03,0.0,34.136559,0.0
2019-01-31,16,0,225,2.73,2.73,0.0,23.703259,0.0
2019-01-31,16,0,233,3.45,3.45,0.0,37.467286,0.0
2019-01-31,16,0,236,4.99,4.99,0.0,48.877302,0.0
2019-01-31,16,0,237,32.99,32.99,0.0,309.448023,0.0
2019-01-31,16,0,238,88.11,88.11,0.0,883.37185,0.0
2019-01-31,16,0,240,9.19,9.19,0.0,82.87701,0.0
2019-01-31,16,0,245,27.75,27.75,0.0,285.157393,0.0
2019-01-31,16,0,247,67.08,67.08,0.0,689.310194,0.0
2019-01-31,16,0,248,3.88,3.88,0.0,36.394614,0.0
2019-01-31,16,0,249,53.36,53.36,0.0,548.324269,0.0
2019-01-31,16,0,251,62.9,62.9,0.0,635.382669,0.0
2019-01-31,16,0,252,107.51,107.51,0.0,1090.882866,0.0
2019-01-31,16,0,254,8.1,8.1,0.0,74.204239,0.0
2019-01-31,16,0,255,3.71,3.71,0.0,33.987373,0.0
2019-01-31,16,0,258,12.55,12.55,0.0,113.301947,0.0
2019-01-31,16,0,260,3.97,3.97,0.0,37.337794,0.0
2019-01-31,16,0,265,64.89,64.89,0.0,510.110608,0.0
2019-01-31,16,0,266,45.66,45.66,0.0,358.940521,0.0
2019-01-31,16,0,267,56.57,56.57,0.0,444.705765,0.0
2019-01-31,16,0,270,198.36,198.36,0.0,-1241.260477,0.0
2019-01-31,16,0,272,148.88,148.88,0.0,748.902015,0.0
2019-01-31,16,0,273,26.13,26.13,0.0,-163.511475,0.0
2019-01-31,16,0,274,247.54,247.54,0.0,-1549.009975,0.0
2019-01-31,16,0,275,331.87,331.87,0.0,-2076.714633,0.0
2019-01-31,16,0,276,5.96,5.96,0.0,-28.045907,0.0
2019-01-31,16,0,277,7.53,7.53,0.0,37.716432,0.0
2019-01-31,16,0,278,12.05,12.05,0.0,60.356309,0.0
2019-01-31,16,0,279,475.4,475.4,0.0,2381.194121,0.0
2019-01-31,16,0,281,20.79,20.79,0.0,141.614478,0.0
2019-01-31,16,0,282,315.68,315.68,0.0,2150.305836,0.0
2019-01-31,17,0,9,2.13,2.13,0.0,8.900289,0.0
2019-01-31,17,0,17,18.11,18.11,0.0,203.856512,0.0
2019-01-31,17,0,19,151.04,151.04,0.0,1700.192575,0.0
2019-01-31,17,0,20,181.88,181.88,0.0,2047.345243,0.0
2019-01-31,17,0,21,48.69,48.69,0.0,203.453076,0.0
2019-01-31,17,0,22,173.02,173.02,0.0,722.970861,0.0
2019-01-31,17,0,23,27.9,27.9,0.0,116.581245,0.0
2019-01-31,17,0,24,49.63,49.63,0.0,207.380903,0.0
2019-01-31,17,0,29,2.62,2.62,0.0,20.513272,0.0
2019-01-31,17,0,30,415.11,415.11,0.0,1717.647797,0.0
2019-01-31,17,0,31,26.57,26.57,0.0,109.941707,0.0
2019-01-31,17,0,32,2.14,2.14,0.0,47.531221,0.0
2019-01-31,17,0,33,0.86,0.86,0.0,10.938729,0.0
2019-01-31,17,0,34,1.37,1.37,0.0,17.42565,0.0
2019-01-31,17,0,35,1.37,1.37,0.0,17.42565,0.0
2019-01-31,17,0,36,5.92,5.92,0.0,51.96643,0.0
2019-01-31,17,0,37,2.21,2.21,0.0,19.257304,0.0
2019-01-31,17,0,38,2.84,2.84,0.0,24.746943,0.0
2019-01-31,17,0,39,1.89,1.89,0.0,16.468916,0.0
2019-01-31,17,0,40,1.89,1.89,0.0,16.468916,0.0
2019-01-31,17,0,41,16.26,16.26,0.0,103.263241,0.0
2019-01-31,17,0,42,48.35,48.35,0.0,528.923391,0.0
2019-01-31,17,0,43,17.76,17.76,0.0,157.987683,0.0
2019-01-31,17,0,46,18.77,18.77,0.0,154.752512,0.0
2019-01-31,17,0,52,28.16,28.16,0.0,116.520831,0.0
2019-01-31,17,0,53,44.74,44.74,0.0,185.12578,0.0
2019-01-31,17,0,55,225.52,225.52,0.0,942.344171,0.0
2019-01-31,17,0,56,122.44,122.44,0.0,506.633895,0.0
2019-01-31,17,0,57,116.47,116.47,0.0,481.931148,0.0
2019-01-31,17,0,58,223.98,223.98,0.0,926.787486,0.0
2019-01-31,17,0,59,220.25,220.25,0.0,911.353442,0.0
2019-01-31,17,0,63,79.92,79.92,0.0,2216.988465,0.0
2019-01-31,17,0,64,94.0,94.0,0.0,2607.569015,0.0
2019-01-31,17,0,65,17.59,17.59,0.0,196.966949,0.0
2019-01-31,17,0,67,225.31,225.31,0.0,-4340.537852,0.0
2019-01-31,17,0,68,8.33,8.33,0.0,-72.848425,0.0
2019-01-31,17,0,69,0.86,0.86,0.0,10.938729,0.0
2019-01-31,17,0,74,15.75,15.75,0.0,150.625364,0.0
2019-01-31,17,0,77,41.45,41.45,0.0,11.383581,0.0
2019-01-31,17,0,78,31.34,31.34,0.0,8.607031,0.0
2019-01-31,17,0,79,18.14,18.14,0.0,4.981861,0.0
2019-01-31,17,0,80,29.33,29.33,0.0,8.055016,0.0
2019-01-31,17,0,81,38.34,38.34,0.0,10.529469,0.0
2019-01-31,17,0,82,27.05,27.05,0.0,7.428851,0.0
2019-01-31,17,0,83,60.31,60.31,0.0,16.563179,0.0
2019-01-31,17,0,84,0.0,0.0,0.0,0.0,0.0
2019-01-31,17,0,86,4.34,4.34,0.0,55.202423,0.0
2019-01-31,17,0,87,22.13,22.13,0.0,281.481481,0.0
2019-01-31,17,0,88,42.55,42.55,0.0,11.685678,0.0
2019-01-31,17,0,89,40.9,40.9,0.0,11.232532,0.0
2019-01-31,17,0,90,54.92,54.92,0.0,15.082901,0.0
2019-01-31,17,0,91,195.91,195.91,0.0,53.803554,0.0
2019-01-31,17,0,92,70.46,70.46,0.0,19.350714,0.0
2019-01-31,17,0,95,120.0,120.0,0.0,2691.568394,0.0
2019-01-31,17,0,96,28.15,28.15,0.0,115.281323,0.0
2019-01-31,17,0,97,173.13,173.13,0.0,709.01085,0.0
2019-01-31,17,0,99,3.2,3.2,0.0,30.603249,0.0
2019-01-31,17,0,101,8.36,8.36,0.0,34.592122,0.0
2019-01-31,17,0,102,19.69,19.69,0.0,-172.195136,0.0
2019-01-31,17,0,103,17.12,17.12,0.0,-149.719691,0.0
2019-01-31,17,0,104,3.19,3.19,0.0,-27.897536,0.0
2019-01-31,17,0,106,170.33,170.33,0.0,711.73059,0.0
2019-01-31,17,0,109,38.34,38.34,0.0,293.700819,0.0
2019-01-31,17,0,110,64.66,64.66,0.0,-3328.604315,0.0
2019-01-31,17,0,111,11.7,11.7,0.0,74.303808,0.0
2019-01-31,17,0,113,30.07,30.07,0.0,46.784639,0.0
2019-01-31,17,0,115,30.07,30.07,0.0,46.784639,0.0
2019-01-31,17,0,116,80.36,80.36,0.0,-4136.817859,0.0
2019-01-31,17,0,117,2.01,2.01,0.0,3.127274,0.0
2019-01-31,17,0,119,94.0,94.0,0.0,2607.569015,0.0
2019-01-31,17,0,120,55.32,55.32,0.0,1534.582105,0.0
2019-01-31,17,0,123,2.84,2.84,0.0,11.867051,0.0
2019-01-31,17,0,125,44.86,44.86,0.0,187.449271,0.0
2019-01-31,17,0,126,127.75,127.75,0.0,533.808389,0.0
2019-01-31,17,0,127,163.94,163.94,0.0,685.029724,0.0
2019-01-31,17,0,128,64.56,64.56,0.0,269.766494,0.0
2019-01-31,17,0,131,16.58,16.58,0.0,-98.417121,0.0
2019-01-31,17,0,132,24.37,24.37,0.0,-144.657735,0.0
2019-01-31,17,0,133,29.07,29.07,0.0,327.389869,0.0
2019-01-31,17,0,134,0.0,0.0,0.0,0.0,0.0
2019-01-31,17,0,135,38.05,38.05,0.0,428.523719,0.0
2019-01-31,17,0,136,18.56,18.56,0.0,207.768666,0.0
2019-01-31,17,0,139,21.0,21.0,0.0,133.365809,0.0
2019-01-31,17,0,140,47.85,47.85,0.0,-2463.249559,0.0
2019-01-31,17,0,141,108.93,108.93,0.0,-2098.507781,0.0
2019-01-31,17,0,142,297.12,297.12,0.0,-5723.938602,0.0
2019-01-31,17,0,143,60.62,60.62,0.0,250.834259,0.0
2019-01-31,17,0,145,30.0,30.0,0.0,163.389182,0.0
2019-01-31,17,0,146,0.0,0.0,0.0,-0.0,0.0
2019-01-31,17,0,152,3.19,3.19,0.0,30.529259,0.0
2019-01-31,17,0,153,4.13,4.13,0.0,39.209564,0.0
2019-01-31,17,0,154,48.26,48.26,0.0,306.48733,0.0
2019-01-31,17,0,157,0.0,0.0,0.0,-0.0,0.0
2019-01-31,17,0,158,230.77,230.77,0.0,-4445.723315,0.0
2019-01-31,17,0,159,0.0,0.0,0.0,0.0,0.0
2019-01-31,17,0,160,1.18,1.18,0.0,11.282801,0.0
2019-01-31,17,0,161,42.42,42.42,0.0,-370.976011,0.0
2019-01-31,17,0,162,162.5,162.5,0.0,3654.449263,0.0
2019-01-31,17,0,163,71.63,71.63,0.0,-3687.409946,0.0
2019-01-31,17,0,164,12.16,12.16,0.0,50.315813,0.0
2019-01-31,17,0,167,2.17,2.17,0.0,48.334415,0.0
2019-01-31,17,0,168,1.08,1.08,0.0,24.055838,0.0
2019-01-31,17,0,169,0.0,0.0,0.0,0.0,0.0
2019-01-31,17,0,170,2.37,2.37,0.0,52.7892,0.0
2019-01-31,17,0,172,3.11,3.11,0.0,64.260009,0.0
2019-01-31,17,0,173,4.74,4.74,0.0,97.939693,0.0
2019-01-31,17,0,188,4.55,4.55,0.0,96.646831,0.0
2019-01-31,17,0,190,6.17,6.17,0.0,171.156392,0.0
2019-01-31,17,0,191,15.94,15.94,0.0,442.177129,0.0
2019-01-31,17,0,192,154.82,154.82,0.0,4294.721648,0.0
2019-01-31,17,0,194,49.84,49.84,0.0,527.380636,0.0
2019-01-31,17,0,196,4.17,4.17,0.0,161.635006,0.0
2019-01-31,17,0,198,4.12,4.12,0.0,42.691441,0.0
2019-01-31,17,0,199,130.0,130.0,0.0,1548.730012,0.0
2019-01-31,17,0,200,8.24,8.24,0.0,98.165656,0.0
2019-01-31,17,0,204,178.99,178.99,0.0,1338.274075,0.0
2019-01-31,17,0,205,202.84,202.84,0.0,1553.841268,0.0
2019-01-31,17,0,206,508.73,508.73,0.0,2083.377171,0.0
2019-01-31,17,0,210,0.98,0.98,0.0,8.116708,0.0
2019-01-31,17,0,214,4.05,4.05,0.0,55.023094,0.0
2019-01-31,17,0,217,2.41,2.41,0.0,27.18241,0.0
2019-01-31,17,0,218,3.33,3.33,0.0,37.559097,0.0
2019-01-31,17,0,219,2.27,2.27,0.0,25.603349,0.0
2019-01-31,17,0,221,2.16,2.16,0.0,29.34565,0.0
2019-01-31,17,0,225,1.93,1.93,0.0,15.026515,0.0
2019-01-31,17,0,233,2.45,2.45,0.0,31.162658,0.0
2019-01-31,17,0,236,6.95,6.95,0.0,72.606194,0.0
2019-01-31,17,0,237,38.92,38.92,0.0,372.212012,0.0
2019-01-31,17,0,238,62.93,62.93,0.0,688.420868,0.0
2019-01-31,17,0,240,6.71,6.71,0.0,58.901139,0.0
2019-01-31,17,0,245,30.61,30.61,0.0,351.194159,0.0
2019-01-31,17,0,247,73.07,73.07,0.0,838.345548,0.0
2019-01-31,17,0,248,3.96,3.96,0.0,37.87152,0.0
2019-01-31,17,0,249,58.86,58.86,0.0,675.311604,0.0
2019-01-31,17,0,251,80.35,80.35,0.0,891.961607,0.0
2019-01-31,17,0,252,113.45,113.45,0.0,1270.375235,0.0
2019-01-31,17,0,254,5.83,5.83,0.0,52.836264,0.0
2019-01-31,17,0,255,2.67,2.67,0.0,24.19774,0.0
2019-01-31,17,0,258,9.22,9.22,0.0,81.109307,0.0
2019-01-31,17,0,260,2.86,2.86,0.0,27.34645,0.0
2019-01-31,17,0,265,49.96,49.96,0.0,317.28361,0.0
2019-01-31,17,0,266,13.6,13.6,0.0,86.370238,0.0
2019-01-31,17,0,267,16.71,16.71,0.0,106.121079,0.0
2019-01-31,17,0,270,223.72,223.72,0.0,-11516.785607,0.0
2019-01-31,17,0,272,100.51,100.51,0.0,156.379251,0.0
2019-01-31,17,0,273,19.22,19.22,0.0,-989.418109,0.0
2019-01-31,17,0,274,288.4,288.4,0.0,-14846.419493,0.0
2019-01-31,17,0,275,401.45,401.45,0.0,-20666.071795,0.0
2019-01-31,17,0,276,4.37,4.37,0.0,-193.529386,0.0
2019-01-31,17,0,277,5.47,5.47,0.0,5.700803,0.0
2019-01-31,17,0,278,8.75,8.75,0.0,9.119201,0.0
2019-01-31,17,0,279,147.86,147.86,0.0,154.098867,0.0
2019-01-31,17,0,281,11.92,11.92,0.0,49.322738,0.0
2019-01-31,17,0,282,227.71,227.71,0.0,942.221531,0.0
2019-01-31,18,0,9,1.25,1.25,0.0,15.078922,0.0
2019-01-31,18,0,17,9.88,9.88,0.0,146.374986,0.0
2019-01-31,18,0,19,211.53,211.53,0.0,3133.876596,0.0
2019-01-31,18,0,20,257.58,257.58,0.0,3816.120331,0.0
2019-01-31,18,0,21,28.65,28.65,0.0,345.608885,0.0
2019-01-31,18,0,22,101.83,101.83,0.0,1228.389276,0.0
2019-01-31,18,0,23,34.14,34.14,0.0,411.835509,0.0
2019-01-31,18,0,24,60.57,60.57,0.0,730.664229,0.0
2019-01-31,18,0,29,1.28,1.28,0.0,10.523229,0.0
2019-01-31,18,0,30,251.89,251.89,0.0,3035.517453,0.0
2019-01-31,18,0,31,10.09,10.09,0.0,121.594232,0.0
2019-01-31,18,0,32,1.07,1.07,0.0,27.263235,0.0
2019-01-31,18,0,33,0.46,0.46,0.0,7.16459,0.0
2019-01-31,18,0,34,0.74,0.74,0.0,11.525645,0.0
2019-01-31,18,0,35,0.74,0.74,0.0,11.525645,0.0
2019-01-31,18,0,36,3.26,3.26,0.0,43.466133,0.0
2019-01-31,18,0,37,1.21,1.21,0.0,16.05464,0.0
2019-01-31,18,0,38,1.56,1.56,0.0,20.698544,0.0
2019-01-31,18,0,39,1.04,1.04,0.0,13.799029,0.0
2019-01-31,18,0,40,1.04,1.04,0.0,13.799029,0.0
2019-01-31,18,0,41,11.26,11.26,0.0,143.698385,0.0
2019-01-31,18,0,42,28.24,28.24,0.0,413.731794,0.0
2019-01-31,18,0,43,9.64,9.64,0.0,127.052223,0.0
2019-01-31,18,0,46,10.23,10.23,0.0,133.927394,0.0
2019-01-31,18,0,52,10.69,10.69,0.0,128.824811,0.0
2019-01-31,18,0,53,16.99,16.99,0.0,204.745887,0.0
2019-01-31,18,0,55,91.82,91.82,0.0,1107.637271,0.0
2019-01-31,18,0,56,74.3,74.3,0.0,895.386664,0.0
2019-01-31,18,0,57,70.68,70.68,0.0,851.762172,0.0
2019-01-31,18,0,58,135.91,135.91,0.0,1637.846588,0.0
2019-01-31,18,0,59,133.65,133.65,0.0,1610.611408,0.0
2019-01-31,18,0,63,85.83,85.83,0.0,2179.25303,0.0
2019-01-31,18,0,64,100.97,100.97,0.0,2563.662803,0.0
2019-01-31,18,0,65,18.5,18.5,0.0,273.516631,0.0
2019-01-31,18,0,67,132.41,132.41,0.0,1945.733956,0.0
2019-01-31,18,0,68,3.14,3.14,0.0,39.518552,0.0
2019-01-31,18,0,69,0.46,0.46,0.0,7.16459,0.0
2019-01-31,18,0,74,13.44,13.44,0.0,187.682952,0.0
2019-01-31,18,0,77,26.23,26.23,0.0,286.091917,0.0
2019-01-31,18,0,78,19.83,19.83,0.0,216.286798,0.0
2019-01-31,18,0,79,11.48,11.48,0.0,125.212932,0.0
2019-01-31,18,0,80,18.56,18.56,0.0,202.434845,0.0
2019-01-31,18,0,81,24.26,24.26,0.0,264.605029,0.0
2019-01-31,18,0,82,17.11,17.11,0.0,186.619623,0.0
2019-01-31,18,0,83,38.16,38.16,0.0,416.213022,0.0
2019-01-31,18,0,84,0.0,0.0,0.0,0.0,0.0
2019-01-31,18,0,86,2.34,2.34,0.0,36.445959,0.0
2019-01-31,18,0,87,11.93,11.93,0.0,185.812088,0.0
2019-01-31,18,0,88,26.36,26.36,0.0,287.509834,0.0
2019-01-31,18,0,89,25.34,25.34,0.0,276.384643,0.0
2019-01-31,18,0,90,34.03,34.03,0.0,371.166906,0.0
2019-01-31,18,0,91,121.39,121.39,0.0,1324.00678,0.0
2019-01-31,18,0,92,43.66,43.66,0.0,476.201796,0.0
2019-01-31,18,0,95,120.0,120.0,0.0,3049.643213,0.0
2019-01-31,18,0,96,15.1,15.1,0.0,181.777465,0.0
2019-01-31,18,0,97,92.86,92.86,0.0,1117.871218,0.0
2019-01-31,18,0,99,2.59,2.59,0.0,36.168069,0.0
2019-01-31,18,0,101,5.07,5.07,0.0,61.09839,0.0
2019-01-31,18,0,102,7.43,7.43,0.0,93.510458,0.0
2019-01-31,18,0,103,6.46,6.46,0.0,81.302498,0.0
2019-01-31,18,0,104,1.2,1.2,0.0,15.102631,0.0
2019-01-31,18,0,106,100.25,100.25,0.0,1209.329519,0.0
2019-01-31,18,0,109,25.64,25.64,0.0,334.986566,0.0
2019-01-31,18,0,110,70.35,70.35,0.0,1488.178933,0.0
2019-01-31,18,0,111,6.81,6.81,0.0,86.908171,0.0
2019-01-31,18,0,113,19.34,19.34,0.0,197.710213,0.0
2019-01-31,18,0,115,19.34,19.34,0.0,197.710213,0.0
2019-01-31,18,0,116,44.56,44.56,0.0,942.619094,0.0
2019-01-31,18,0,117,1.29,1.29,0.0,13.187496,0.0
2019-01-31,18,0,119,100.97,100.97,0.0,2563.662803,0.0
2019-01-31,18,0,120,59.37,59.37,0.0,1507.424588,0.0
2019-01-31,18,0,123,1.67,1.67,0.0,20.145439,0.0
2019-01-31,18,0,125,54.78,54.78,0.0,660.818664,0.0
2019-01-31,18,0,126,75.18,75.18,0.0,906.906666,0.0
2019-01-31,18,0,127,96.49,96.49,0.0,1163.972123,0.0
2019-01-31,18,0,128,78.66,78.66,0.0,948.886384,0.0
2019-01-31,18,0,131,10.87,10.87,0.0,130.681455,0.0
2019-01-31,18,0,132,15.98,15.98,0.0,192.114963,0.0
2019-01-31,18,0,133,39.22,39.22,0.0,581.168427,0.0
2019-01-31,18,0,134,0.0,0.0,0.0,0.0,0.0
2019-01-31,18,0,135,52.55,52.55,0.0,778.694565,0.0
2019-01-31,18,0,136,18.02,18.02,0.0,266.389713,0.0
2019-01-31,18,0,139,14.54,14.54,0.0,185.557239,0.0
2019-01-31,18,0,140,52.06,52.06,0.0,1101.273564,0.0
2019-01-31,18,0,141,73.6,73.6,0.0,1081.534772,0.0
2019-01-31,18,0,142,174.62,174.62,0.0,2566.000026,0.0
2019-01-31,18,0,143,24.92,24.92,0.0,300.310036,0.0
2019-01-31,18,0,145,16.95,16.95,0.0,210.664213,0.0
2019-01-31,18,0,146,0.0,0.0,0.0,0.0,0.0
2019-01-31,18,0,152,1.78,1.78,0.0,24.780622,0.0
2019-01-31,18,0,153,2.3,2.3,0.0,31.925904,0.0
2019-01-31,18,0,154,28.09,28.09,0.0,358.480252,0.0
2019-01-31,18,0,157,0.0,0.0,0.0,0.0,0.0
2019-01-31,18,0,158,136.05,136.05,0.0,1999.222904,0.0
2019-01-31,18,0,159,0.0,0.0,0.0,0.0,0.0
2019-01-31,18,0,160,0.63,0.63,0.0,8.216095,0.0
2019-01-31,18,0,161,24.41,24.41,0.0,307.212689,0.0
2019-01-31,18,0,162,160.89,160.89,0.0,4089.460736,0.0
2019-01-31,18,0,163,55.23,55.23,0.0,1168.33152,0.0
2019-01-31,18,0,164,7.61,7.61,0.0,91.70784,0.0
2019-01-31,18,0,167,1.06,1.06,0.0,26.946181,0.0
2019-01-31,18,0,168,0.53,0.53,0.0,13.47309,0.0
2019-01-31,18,0,169,0.0,0.0,0.0,0.0,0.0
2019-01-31,18,0,170,1.16,1.16,0.0,29.488273,0.0
2019-01-31,18,0,172,1.55,1.55,0.0,38.464378,0.0
2019-01-31,18,0,173,2.36,2.36,0.0,58.565117,0.0
2019-01-31,18,0,188,2.29,2.29,0.0,57.431939,0.0
2019-01-31,18,0,190,3.3,3.3,0.0,83.788128,0.0
2019-01-31,18,0,191,8.51,8.51,0.0,216.071808,0.0
2019-01-31,18,0,192,115.01,115.01,0.0,2920.143201,0.0
2019-01-31,18,0,194,55.59,55.59,0.0,445.525177,0.0
2019-01-31,18,0,196,2.28,2.28,0.0,54.157234,0.0
2019-01-31,18,0,198,2.16,2.16,0.0,26.752092,0.0
2019-01-31,18,0,199,130.0,130.0,0.0,1268.449047,0.0
2019-01-31,18,0,200,4.25,4.25,0.0,41.468527,0.0
2019-01-31,18,0,204,139.2,139.2,0.0,1807.897495,0.0
2019-01-31,18,0,205,135.61,135.61,0.0,1771.744471,0.0
2019-01-31,18,0,206,272.85,272.85,0.0,3284.634525,0.0
2019-01-31,18,0,210,0.48,0.48,0.0,4.115068,0.0
2019-01-31,18,0,214,2.08,2.08,0.0,33.334801,0.0
2019-01-31,18,0,217,1.21,1.21,0.0,15.454635,0.0
2019-01-31,18,0,218,1.67,1.67,0.0,21.32995,0.0
2019-01-31,18,0,219,1.14,1.14,0.0,14.560565,0.0
2019-01-31,18,0,221,1.11,1.11,0.0,17.789245,0.0
2019-01-31,18,0,225,0.95,0.95,0.0,7.777935,0.0
2019-01-31,18,0,233,1.32,1.32,0.0,20.559259,0.0
2019-01-31,18,0,236,9.53,9.53,0.0,137.139378,0.0
2019-01-31,18,0,237,32.23,32.23,0.0,450.076008,0.0
2019-01-31,18,0,238,36.76,36.76,0.0,538.554559,0.0
2019-01-31,18,0,240,3.69,3.69,0.0,49.199396,0.0
2019-01-31,18,0,245,33.5,33.5,0.0,500.081443,0.0
2019-01-31,18,0,247,80.56,80.56,0.0,1202.583913,0.0
2019-01-31,18,0,248,3.24,3.24,0.0,45.244997,0.0
2019-01-31,18,0,249,64.43,64.43,0.0,961.79843,0.0
2019-01-31,18,0,251,100.89,100.89,0.0,1486.558047,0.0
2019-01-31,18,0,252,119.36,119.36,0.0,1764.699734,0.0
2019-01-31,18,0,254,3.13,3.13,0.0,41.143832,0.0
2019-01-31,18,0,255,1.44,1.44,0.0,18.928792,0.0
2019-01-31,18,0,258,5.07,5.07,0.0,67.473495,0.0
2019-01-31,18,0,260,1.53,1.53,0.0,19.953373,0.0
2019-01-31,18,0,265,29.09,29.09,0.0,371.242097,0.0
2019-01-31,18,0,266,9.42,9.42,0.0,120.216588,0.0
2019-01-31,18,0,267,11.57,11.57,0.0,147.654557,0.0
2019-01-31,18,0,270,172.49,172.49,0.0,3648.841281,0.0
2019-01-31,18,0,272,64.62,64.62,0.0,660.601548,0.0
2019-01-31,18,0,273,10.65,10.65,0.0,225.289348,0.0
2019-01-31,18,0,274,222.37,222.37,0.0,4703.999279,0.0
2019-01-31,18,0,275,309.54,309.54,0.0,6547.987304,0.0
2019-01-31,18,0,276,2.44,2.44,0.0,48.096632,0.0
2019-01-31,18,0,277,3.07,3.07,0.0,32.226299,0.0
2019-01-31,18,0,278,4.91,4.91,0.0,51.541084,0.0
2019-01-31,18,0,279,102.12,102.12,0.0,1071.970577,0.0
2019-01-31,18,0,281,4.52,4.52,0.0,54.47036,0.0
2019-01-31,18,0,282,138.18,138.18,0.0,1665.202277,0.0
2019-01-31,19,0,9,0.1,0.1,0.0,2.633998,0.0
2019-01-31,19,0,17,0.38,0.38,0.0,2.17818,0.0
2019-01-31,19,0,19,464.91,464.91,0.0,2664.888526,0.0
2019-01-31,19,0,20,565.09,565.09,0.0,3239.125545,0.0
2019-01-31,19,0,21,2.28,2.28,0.0,60.055164,0.0
2019-01-31,19,0,22,8.11,8.11,0.0,213.617271,0.0
2019-01-31,19,0,23,21.8,21.8,0.0,574.211654,0.0
2019-01-31,19,0,24,38.56,38.56,0.0,1015.669788,0.0
2019-01-31,19,0,29,0.0,0.0,0.0,0.0,0.0
2019-01-31,19,0,30,27.39,27.39,0.0,722.358779,0.0
2019-01-31,19,0,31,1.78,1.78,0.0,46.94409,0.0
2019-01-31,19,0,32,0.0,0.0,0.0,0.0,0.0
2019-01-31,19,0,33,0.02,0.02,0.0,0.45135,0.0
2019-01-31,19,0,34,0.03,0.03,0.0,0.677026,0.0
2019-01-31,19,0,35,0.03,0.03,0.0,0.677026,0.0
2019-01-31,19,0,36,0.16,0.16,0.0,3.564213,0.0
2019-01-31,19,0,37,0.07,0.07,0.0,1.553062,0.0
2019-01-31,19,0,38,0.1,0.1,0.0,2.21866,0.0
2019-01-31,19,0,39,0.06,0.06,0.0,1.331196,0.0
2019-01-31,19,0,40,0.06,0.06,0.0,1.331196,0.0
2019-01-31,19,0,41,7.99,7.99,0.0,197.575092,0.0
2019-01-31,19,0,42,1.97,1.97,0.0,36.114884,0.0
2019-01-31,19,0,43,0.3,0.3,0.0,6.478039,0.0
2019-01-31,19,0,46,0.2,0.2,0.0,4.490832,0.0
2019-01-31,19,0,52,1.89,1.89,0.0,49.845129,0.0
2019-01-31,19,0,53,3.0,3.0,0.0,79.119253,0.0
2019-01-31,19,0,55,18.04,18.04,0.0,475.173314,0.0
2019-01-31,19,0,56,8.08,8.08,0.0,213.094521,0.0
2019-01-31,19,0,57,7.68,7.68,0.0,202.545288,0.0
2019-01-31,19,0,58,14.78,14.78,0.0,389.794186,0.0
2019-01-31,19,0,59,14.53,14.53,0.0,383.200915,0.0
2019-01-31,19,0,63,47.42,47.42,0.0,1537.714759,0.0
2019-01-31,19,0,64,55.78,55.78,0.0,1808.809136,0.0
2019-01-31,19,0,65,19.46,19.46,0.0,274.301064,0.0
2019-01-31,19,0,67,10.73,10.73,0.0,326.531818,0.0
2019-01-31,19,0,68,2.68,2.68,0.0,80.576924,0.0
2019-01-31,19,0,69,0.02,0.02,0.0,0.45135,0.0
2019-01-31,19,0,74,17.79,17.79,0.0,406.742999,0.0
2019-01-31,19,0,77,15.44,15.44,0.0,456.195771,0.0
2019-01-31,19,0,78,11.67,11.67,0.0,344.806001,0.0
2019-01-31,19,0,79,6.75,6.75,0.0,199.437918,0.0
2019-01-31,19,0,80,10.92,10.92,0.0,322.646232,0.0
2019-01-31,19,0,81,14.28,14.28,0.0,421.921996,0.0
2019-01-31,19,0,82,10.07,10.07,0.0,297.531827,0.0
2019-01-31,19,0,83,22.46,22.46,0.0,663.611206,0.0
2019-01-31,19,0,84,0.0,0.0,0.0,0.0,0.0
2019-01-31,19,0,86,0.09,0.09,0.0,2.031077,0.0
2019-01-31,19,0,87,0.48,0.48,0.0,10.832409,0.0
2019-01-31,19,0,88,15.03,15.03,0.0,444.081764,0.0
2019-01-31,19,0,89,14.45,14.45,0.0,426.944876,0.0
2019-01-31,19,0,90,19.41,19.41,0.0,573.494813,0.0
2019-01-31,19,0,91,69.22,69.22,0.0,2045.198917,0.0
2019-01-31,19,0,92,24.9,24.9,0.0,735.70432,0.0
2019-01-31,19,0,95,120.0,120.0,0.0,3987.009338,0.0
2019-01-31,19,0,96,6.92,6.92,0.0,182.741127,0.0
2019-01-31,19,0,97,42.54,42.54,0.0,1123.382591,0.0
2019-01-31,19,0,99,3.43,3.43,0.0,78.422062,0.0
2019-01-31,19,0,101,0.55,0.55,0.0,14.505196,0.0
2019-01-31,19,0,102,7.68,7.68,0.0,230.907005,0.0
2019-01-31,19,0,103,6.45,6.45,0.0,193.925805,0.0
2019-01-31,19,0,104,0.92,0.92,0.0,27.660735,0.0
2019-01-31,19,0,106,7.98,7.98,0.0,210.193073,0.0
2019-01-31,19,0,109,17.58,17.58,0.0,411.19078,0.0
2019-01-31,19,0,110,77.98,77.98,0.0,2460.379519,0.0
2019-01-31,19,0,111,0.59,0.59,0.0,14.5894,0.0
2019-01-31,19,0,113,11.82,11.82,0.0,356.713246,0.0
2019-01-31,19,0,115,11.82,11.82,0.0,356.713246,0.0
2019-01-31,19,0,116,1.38,1.38,0.0,43.540956,0.0
2019-01-31,19,0,117,0.79,0.79,0.0,23.841241,0.0
2019-01-31,19,0,119,55.78,55.78,0.0,1808.809136,0.0
2019-01-31,19,0,120,32.8,32.8,0.0,1063.623873,0.0
2019-01-31,19,0,123,0.13,0.13,0.0,3.424198,0.0
2019-01-31,19,0,125,34.9,34.9,0.0,919.265446,0.0
2019-01-31,19,0,126,5.99,5.99,0.0,157.776505,0.0
2019-01-31,19,0,127,7.69,7.69,0.0,202.554478,0.0
2019-01-31,19,0,128,49.98,49.98,0.0,1316.472406,0.0
2019-01-31,19,0,131,6.75,6.75,0.0,202.28644,0.0
2019-01-31,19,0,132,9.92,9.92,0.0,297.286146,0.0
2019-01-31,19,0,133,41.05,41.05,0.0,974.624684,0.0
2019-01-31,19,0,134,0.0,0.0,0.0,0.0,0.0
2019-01-31,19,0,135,55.62,55.62,0.0,1320.551155,0.0
2019-01-31,19,0,136,17.55,17.55,0.0,255.436374,0.0
2019-01-31,19,0,139,10.32,10.32,0.0,255.190857,0.0
2019-01-31,19,0,140,57.71,57.71,0.0,1820.832291,0.0
2019-01-31,19,0,141,46.97,46.97,0.0,1429.375534,0.0
2019-01-31,19,0,142,14.15,14.15,0.0,430.608129,0.0
2019-01-31,19,0,143,4.97,4.97,0.0,131.074229,0.0
2019-01-31,19,0,145,7.9,7.9,0.0,199.614999,0.0
2019-01-31,19,0,146,0.0,0.0,0.0,0.0,0.0
2019-01-31,19,0,152,0.13,0.13,0.0,2.954909,0.0
2019-01-31,19,0,153,0.15,0.15,0.0,3.410381,0.0
2019-01-31,19,0,154,2.42,2.42,0.0,59.841267,0.0
2019-01-31,19,0,157,0.0,0.0,0.0,0.0,0.0
2019-01-31,19,0,158,12.32,12.32,0.0,374.918173,0.0
2019-01-31,19,0,159,0.0,0.0,0.0,0.0,0.0
2019-01-31,19,0,160,0.01,0.01,0.0,0.20002,0.0
2019-01-31,19,0,161,1.63,1.63,0.0,49.007607,0.0
2019-01-31,19,0,162,120.09,120.09,0.0,3988.269252,0.0
2019-01-31,19,0,163,42.91,42.91,0.0,1353.871315,0.0
2019-01-31,19,0,164,1.39,1.39,0.0,36.658587,0.0
2019-01-31,19,0,167,0.0,0.0,0.0,0.0,0.0
2019-01-31,19,0,168,0.0,0.0,0.0,0.0,0.0
2019-01-31,19,0,169,0.0,0.0,0.0,0.0,0.0
2019-01-31,19,0,170,0.0,0.0,0.0,0.0,0.0
2019-01-31,19,0,172,0.0,0.0,0.0,0.0,0.0
2019-01-31,19,0,173,0.0,0.0,0.0,0.0,0.0
2019-01-31,19,0,188,0.0,0.0,0.0,0.0,0.0
2019-01-31,19,0,190,0.0,0.0,0.0,0.0,0.0
2019-01-31,19,0,191,0.0,0.0,0.0,0.0,0.0
2019-01-31,19,0,192,83.24,83.24,0.0,2699.269854,0.0
2019-01-31,19,0,194,53.94,53.94,0.0,1644.99035,0.0
2019-01-31,19,0,196,0.05,0.05,0.0,1.595503,0.0
2019-01-31,19,0,198,0.0,0.0,0.0,0.0,0.0
2019-01-31,19,0,199,130.0,130.0,0.0,2146.387448,0.0
2019-01-31,19,0,200,0.0,0.0,0.0,0.0,0.0
2019-01-31,19,0,204,113.44,113.44,0.0,2662.358544,0.0
2019-01-31,19,0,205,93.01,93.01,0.0,2175.475227,0.0
2019-01-31,19,0,206,125.0,125.0,0.0,3300.959659,0.0
2019-01-31,19,0,210,0.0,0.0,0.0,0.0,0.0
2019-01-31,19,0,214,0.0,0.0,0.0,0.0,0.0
2019-01-31,19,0,217,0.0,0.0,0.0,0.0,0.0
2019-01-31,19,0,218,0.0,0.0,0.0,0.0,0.0
2019-01-31,19,0,219,0.0,0.0,0.0,0.0,0.0
2019-01-31,19,0,221,0.0,0.0,0.0,0.0,0.0
2019-01-31,19,0,225,0.0,0.0,0.0,0.0,0.0
2019-01-31,19,0,233,0.05,0.05,0.0,1.128376,0.0
2019-01-31,19,0,236,12.82,12.82,0.0,290.546986,0.0
2019-01-31,19,0,237,42.67,42.67,0.0,975.588744,0.0
2019-01-31,19,0,238,2.57,2.57,0.0,47.114341,0.0
2019-01-31,19,0,240,0.18,0.18,0.0,4.00974,0.0
2019-01-31,19,0,245,36.81,36.81,0.0,769.382633,0.0
2019-01-31,19,0,247,89.02,89.02,0.0,1860.647705,0.0
2019-01-31,19,0,248,4.28,4.28,0.0,97.856101,0.0
2019-01-31,19,0,249,70.79,70.79,0.0,1479.614144,0.0
2019-01-31,19,0,251,124.8,124.8,0.0,2095.515702,0.0
2019-01-31,19,0,252,125.53,125.53,0.0,1769.425103,0.0
2019-01-31,19,0,254,0.07,0.07,0.0,1.483587,0.0
2019-01-31,19,0,255,0.03,0.03,0.0,0.635823,0.0
2019-01-31,19,0,258,0.2,0.2,0.0,4.433209,0.0
2019-01-31,19,0,260,0.02,0.02,0.0,0.400039,0.0
2019-01-31,19,0,265,2.51,2.51,0.0,62.066769,0.0
2019-01-31,19,0,266,6.68,6.68,0.0,165.181679,0.0
2019-01-31,19,0,267,8.21,8.21,0.0,203.015207,0.0
2019-01-31,19,0,270,133.99,133.99,0.0,4227.5744,0.0
2019-01-31,19,0,272,39.5,39.5,0.0,1192.062031,0.0
2019-01-31,19,0,273,0.33,0.33,0.0,10.411968,0.0
2019-01-31,19,0,274,172.73,172.73,0.0,5449.876305,0.0
2019-01-31,19,0,275,240.44,240.44,0.0,7586.222769,0.0
2019-01-31,19,0,276,0.08,0.08,0.0,2.504112,0.0
2019-01-31,19,0,277,0.1,0.1,0.0,2.992524,0.0
2019-01-31,19,0,278,0.16,0.16,0.0,4.788038,0.0
2019-01-31,19,0,279,67.94,67.94,0.0,2033.120484,0.0
2019-01-31,19,0,281,0.8,0.8,0.0,21.098467,0.0
2019-01-31,19,0,282,15.02,15.02,0.0,396.123726,0.0
2019-01-31,20,0,9,0.0,0.0,0.0,0.0,0.0
2019-01-31,20,0,17,0.0,0.0,0.0,0.0,0.0
2019-01-31,20,0,19,476.18,476.18,0.0,5931.7731,0.0
2019-01-31,20,0,20,577.52,577.52,0.0,7194.165234,0.0
2019-01-31,20,0,21,0.0,0.0,0.0,0.0,0.0
2019-01-31,20,0,22,0.0,0.0,0.0,0.0,0.0
2019-01-31,20,0,23,26.95,26.95,0.0,523.161056,0.0
2019-01-31,20,0,24,47.68,47.68,0.0,925.577705,0.0
2019-01-31,20,0,29,0.0,0.0,0.0,0.0,0.0
2019-01-31,20,0,30,0.0,0.0,0.0,0.0,0.0
2019-01-31,20,0,31,2.33,2.33,0.0,45.303354,0.0
2019-01-31,20,0,32,0.0,0.0,0.0,0.0,0.0
2019-01-31,20,0,33,0.0,0.0,0.0,0.0,0.0
2019-01-31,20,0,34,0.0,0.0,0.0,0.0,0.0
2019-01-31,20,0,35,0.0,0.0,0.0,0.0,0.0
2019-01-31,20,0,36,0.0,0.0,0.0,0.0,0.0
2019-01-31,20,0,37,0.0,0.0,0.0,0.0,0.0
2019-01-31,20,0,38,0.0,0.0,0.0,0.0,0.0
2019-01-31,20,0,39,0.0,0.0,0.0,0.0,0.0
2019-01-31,20,0,40,0.0,0.0,0.0,0.0,0.0
2019-01-31,20,0,41,16.18,16.18,0.0,288.44829,0.0
2019-01-31,20,0,42,0.0,0.0,0.0,0.0,0.0
2019-01-31,20,0,43,0.0,0.0,0.0,0.0,0.0
2019-01-31,20,0,46,0.0,0.0,0.0,0.0,0.0
2019-01-31,20,0,52,2.47,2.47,0.0,48.025444,0.0
2019-01-31,20,0,53,3.93,3.93,0.0,76.412953,0.0
2019-01-31,20,0,55,23.78,23.78,0.0,461.624115,0.0
2019-01-31,20,0,56,0.0,0.0,0.0,0.0,0.0
2019-01-31,20,0,57,0.0,0.0,0.0,0.0,0.0
2019-01-31,20,0,58,0.0,0.0,0.0,0.0,0.0
2019-01-31,20,0,59,0.0,0.0,0.0,0.0,0.0
2019-01-31,20,0,63,58.12,58.12,0.0,1441.506616,0.0
2019-01-31,20,0,64,68.38,68.38,0.0,1695.977674,0.0
2019-01-31,20,0,65,16.42,16.42,0.0,225.826412,0.0
2019-01-31,20,0,67,0.0,0.0,0.0,0.0,0.0
2019-01-31,20,0,68,2.55,2.55,0.0,58.334981,0.0
2019-01-31,20,0,69,0.0,0.0,0.0,0.0,0.0
2019-01-31,20,0,74,18.15,18.15,0.0,285.991588,0.0
2019-01-31,20,0,77,28.22,28.22,0.0,632.749793,0.0
2019-01-31,20,0,78,21.43,21.43,0.0,480.504184,0.0
2019-01-31,20,0,79,12.47,12.47,0.0,279.602761,0.0
2019-01-31,20,0,80,20.07,20.07,0.0,450.010218,0.0
2019-01-31,20,0,81,26.14,26.14,0.0,586.111963,0.0
2019-01-31,20,0,82,18.53,18.53,0.0,415.480286,0.0
2019-01-31,20,0,83,40.75,40.75,0.0,913.697876,0.0
2019-01-31,20,0,84,0.0,0.0,0.0,0.0,0.0
2019-01-31,20,0,86,0.0,0.0,0.0,0.0,0.0
2019-01-31,20,0,87,0.0,0.0,0.0,0.0,0.0
2019-01-31,20,0,88,36.87,36.87,0.0,826.700385,0.0
2019-01-31,20,0,89,35.45,35.45,0.0,794.861097,0.0
2019-01-31,20,0,90,47.55,47.55,0.0,1066.167706,0.0
2019-01-31,20,0,91,169.31,169.31,0.0,3796.274538,0.0
2019-01-31,20,0,92,60.97,60.97,0.0,1367.071399,0.0
2019-01-31,20,0,95,120.0,120.0,0.0,3049.643213,0.0
2019-01-31,20,0,96,9.31,9.31,0.0,181.322703,0.0
2019-01-31,20,0,97,67.24,67.24,0.0,1309.574496,0.0
2019-01-31,20,0,99,3.5,3.5,0.0,55.149893,0.0
2019-01-31,20,0,101,0.0,0.0,0.0,0.0,0.0
2019-01-31,20,0,102,6.03,6.03,0.0,137.945072,0.0
2019-01-31,20,0,103,5.24,5.24,0.0,119.872667,0.0
2019-01-31,20,0,104,0.97,0.97,0.0,22.190169,0.0
2019-01-31,20,0,106,0.0,0.0,0.0,0.0,0.0
2019-01-31,20,0,109,30.99,30.99,0.0,516.928758,0.0
2019-01-31,20,0,110,59.4,59.4,0.0,1432.020522,0.0
2019-01-31,20,0,111,0.0,0.0,0.0,0.0,0.0
2019-01-31,20,0,113,14.33,14.33,0.0,329.930557,0.0
2019-01-31,20,0,115,14.33,14.33,0.0,329.930557,0.0
2019-01-31,20,0,116,0.0,0.0,0.0,0.0,0.0
2019-01-31,20,0,117,0.96,0.96,0.0,22.102815,0.0
2019-01-31,20,0,119,68.38,68.38,0.0,1695.977674,0.0
2019-01-31,20,0,120,40.21,40.21,0.0,997.298366,0.0
2019-01-31,20,0,123,0.0,0.0,0.0,0.0,0.0
2019-01-31,20,0,125,43.15,43.15,0.0,837.640058,0.0
2019-01-31,20,0,126,0.0,0.0,0.0,0.0,0.0
2019-01-31,20,0,127,0.0,0.0,0.0,0.0,0.0
2019-01-31,20,0,128,61.8,61.8,0.0,1199.679156,0.0
2019-01-31,20,0,131,7.84,7.84,0.0,178.716659,0.0
2019-01-31,20,0,132,11.53,11.53,0.0,262.832025,0.0
2019-01-31,20,0,133,32.32,32.32,0.0,491.153215,0.0
2019-01-31,20,0,134,0.0,0.0,0.0,0.0,0.0
2019-01-31,20,0,135,43.07,43.07,0.0,654.516366,0.0
2019-01-31,20,0,136,14.99,14.99,0.0,207.22605,0.0
2019-01-31,20,0,139,21.66,21.66,0.0,386.142766,0.0
2019-01-31,20,0,140,43.97,43.97,0.0,1060.0327,0.0
2019-01-31,20,0,141,47.99,47.99,0.0,1112.391225,0.0
2019-01-31,20,0,142,0.0,0.0,0.0,0.0,0.0
2019-01-31,20,0,143,3.39,3.39,0.0,65.913463,0.0
2019-01-31,20,0,145,8.52,8.52,0.0,156.927117,0.0
2019-01-31,20,0,146,0.0,0.0,0.0,0.0,0.0
2019-01-31,20,0,152,0.0,0.0,0.0,0.0,0.0
2019-01-31,20,0,153,0.0,0.0,0.0,0.0,0.0
2019-01-31,20,0,154,0.0,0.0,0.0,0.0,0.0
2019-01-31,20,0,157,5.75,5.75,0.0,133.282966,0.0
2019-01-31,20,0,158,0.0,0.0,0.0,0.0,0.0
2019-01-31,20,0,159,0.0,0.0,0.0,0.0,0.0
2019-01-31,20,0,160,0.0,0.0,0.0,0.0,0.0
2019-01-31,20,0,161,0.0,0.0,0.0,0.0,0.0
2019-01-31,20,0,162,115.79,115.79,0.0,2941.377778,0.0
2019-01-31,20,0,163,44.58,44.58,0.0,1074.738634,0.0
2019-01-31,20,0,164,0.0,0.0,0.0,0.0,0.0
2019-01-31,20,0,167,0.0,0.0,0.0,0.0,0.0
2019-01-31,20,0,168,0.0,0.0,0.0,0.0,0.0
2019-01-31,20,0,169,0.0,0.0,0.0,0.0,0.0
2019-01-31,20,0,170,0.0,0.0,0.0,0.0,0.0
2019-01-31,20,0,172,0.0,0.0,0.0,0.0,0.0
2019-01-31,20,0,173,0.0,0.0,0.0,0.0,0.0
2019-01-31,20,0,188,0.0,0.0,0.0,0.0,0.0
2019-01-31,20,0,190,0.0,0.0,0.0,0.0,0.0
2019-01-31,20,0,191,0.0,0.0,0.0,0.0,0.0
2019-01-31,20,0,192,75.97,75.97,0.0,1884.226731,0.0
2019-01-31,20,0,194,97.29,97.29,0.0,2272.646728,0.0
2019-01-31,20,0,196,0.0,0.0,0.0,0.0,0.0
2019-01-31,20,0,198,0.0,0.0,0.0,0.0,0.0
2019-01-31,20,0,199,130.0,130.0,0.0,1818.073841,0.0
2019-01-31,20,0,200,0.0,0.0,0.0,0.0,0.0
2019-01-31,20,0,204,327.86,327.86,0.0,5503.120568,0.0
2019-01-31,20,0,205,163.91,163.91,0.0,2734.101088,0.0
2019-01-31,20,0,206,254.7,254.7,0.0,4960.568473,0.0
2019-01-31,20,0,210,0.0,0.0,0.0,0.0,0.0
2019-01-31,20,0,214,0.0,0.0,0.0,0.0,0.0
2019-01-31,20,0,217,0.0,0.0,0.0,0.0,0.0
2019-01-31,20,0,218,0.0,0.0,0.0,0.0,0.0
2019-01-31,20,0,219,0.0,0.0,0.0,0.0,0.0
2019-01-31,20,0,221,0.0,0.0,0.0,0.0,0.0
2019-01-31,20,0,225,0.0,0.0,0.0,0.0,0.0
2019-01-31,20,0,233,0.0,0.0,0.0,0.0,0.0
2019-01-31,20,0,236,14.73,14.73,0.0,226.026688,0.0
2019-01-31,20,0,237,43.54,43.54,0.0,686.064669,0.0
2019-01-31,20,0,238,0.0,0.0,0.0,0.0,0.0
2019-01-31,20,0,240,0.0,0.0,0.0,0.0,0.0
2019-01-31,20,0,245,62.23,62.23,0.0,913.655821,0.0
2019-01-31,20,0,247,70.71,70.71,0.0,1038.158494,0.0
2019-01-31,20,0,248,4.37,4.37,0.0,68.858581,0.0
2019-01-31,20,0,249,119.63,119.63,0.0,1756.397973,0.0
2019-01-31,20,0,251,117.83,117.83,0.0,1673.31598,0.0
2019-01-31,20,0,252,105.9,105.9,0.0,1456.456579,0.0
2019-01-31,20,0,254,0.0,0.0,0.0,0.0,0.0
2019-01-31,20,0,255,0.0,0.0,0.0,0.0,0.0
2019-01-31,20,0,258,0.0,0.0,0.0,0.0,0.0
2019-01-31,20,0,260,0.0,0.0,0.0,0.0,0.0
2019-01-31,20,0,265,0.0,0.0,0.0,0.0,0.0
2019-01-31,20,0,266,13.2,13.2,0.0,235.322462,0.0
2019-01-31,20,0,267,16.69,16.69,0.0,297.540294,0.0
2019-01-31,20,0,270,139.21,139.21,0.0,3356.087153,0.0
2019-01-31,20,0,272,47.89,47.89,0.0,1102.608122,0.0
2019-01-31,20,0,273,0.0,0.0,0.0,0.0,0.0
2019-01-31,20,0,274,179.46,179.46,0.0,4326.437759,0.0
2019-01-31,20,0,275,249.81,249.81,0.0,6022.441862,0.0
2019-01-31,20,0,276,0.0,0.0,0.0,0.0,0.0
2019-01-31,20,0,277,0.0,0.0,0.0,0.0,0.0
2019-01-31,20,0,278,0.0,0.0,0.0,0.0,0.0
2019-01-31,20,0,279,199.1,199.1,0.0,4536.000018,0.0
2019-01-31,20,0,281,1.05,1.05,0.0,20.415675,0.0
2019-01-31,20,0,282,0.0,0.0,0.0,0.0,0.0
2019-01-31,21,0,9,0.0,0.0,0.0,0.0,0.0
2019-01-31,21,0,17,0.0,0.0,0.0,0.0,0.0
2019-01-31,21,0,19,471.75,471.75,0.0,4851.469132,0.0
2019-01-31,21,0,20,572.14,572.14,0.0,5883.878218,0.0
2019-01-31,21,0,21,0.0,0.0,0.0,0.0,0.0
2019-01-31,21,0,22,0.0,0.0,0.0,0.0,0.0
2019-01-31,21,0,23,38.32,38.32,0.0,246.215839,0.0
2019-01-31,21,0,24,67.81,67.81,0.0,435.69666,0.0
2019-01-31,21,0,29,0.0,0.0,0.0,0.0,0.0
2019-01-31,21,0,30,0.0,0.0,0.0,0.0,0.0
2019-01-31,21,0,31,5.46,5.46,0.0,34.960642,0.0
2019-01-31,21,0,32,0.0,0.0,0.0,0.0,0.0
2019-01-31,21,0,33,0.0,0.0,0.0,0.0,0.0
2019-01-31,21,0,34,0.0,0.0,0.0,0.0,0.0
2019-01-31,21,0,35,0.0,0.0,0.0,0.0,0.0
2019-01-31,21,0,36,0.0,0.0,0.0,0.0,0.0
2019-01-31,21,0,37,0.0,0.0,0.0,0.0,0.0
2019-01-31,21,0,38,0.0,0.0,0.0,0.0,0.0
2019-01-31,21,0,39,0.0,0.0,0.0,0.0,0.0
2019-01-31,21,0,40,0.0,0.0,0.0,0.0,0.0
2019-01-31,21,0,41,37.79,37.79,0.0,287.57201,0.0
2019-01-31,21,0,42,0.0,0.0,0.0,0.0,0.0
2019-01-31,21,0,43,0.0,0.0,0.0,0.0,0.0
2019-01-31,21,0,46,0.0,0.0,0.0,0.0,0.0
2019-01-31,21,0,52,5.78,5.78,0.0,37.009617,0.0
2019-01-31,21,0,53,9.19,9.19,0.0,58.84401,0.0
2019-01-31,21,0,55,41.1,41.1,0.0,264.078053,0.0
2019-01-31,21,0,56,0.0,0.0,0.0,0.0,0.0
2019-01-31,21,0,57,0.0,0.0,0.0,0.0,0.0
2019-01-31,21,0,58,0.0,0.0,0.0,0.0,0.0
2019-01-31,21,0,59,0.0,0.0,0.0,0.0,0.0
2019-01-31,21,0,63,70.95,70.95,0.0,1606.731506,0.0
2019-01-31,21,0,64,83.47,83.47,0.0,1890.259039,0.0
2019-01-31,21,0,65,13.9,13.9,0.0,142.50118,0.0
2019-01-31,21,0,67,0.0,0.0,0.0,0.0,0.0
2019-01-31,21,0,68,3.17,3.17,0.0,20.259336,0.0
2019-01-31,21,0,69,0.0,0.0,0.0,0.0,0.0
2019-01-31,21,0,74,18.68,18.68,0.0,174.869459,0.0
2019-01-31,21,0,77,78.12,78.12,0.0,335.629241,0.0
2019-01-31,21,0,78,59.17,59.17,0.0,254.213802,0.0
2019-01-31,21,0,79,34.32,34.32,0.0,147.45002,0.0
2019-01-31,21,0,80,55.39,55.39,0.0,237.973677,0.0
2019-01-31,21,0,81,72.3,72.3,0.0,310.624605,0.0
2019-01-31,21,0,82,51.11,51.11,0.0,219.585388,0.0
2019-01-31,21,0,83,113.24,113.24,0.0,486.516324,0.0
2019-01-31,21,0,84,0.0,0.0,0.0,0.0,0.0
2019-01-31,21,0,86,0.0,0.0,0.0,0.0,0.0
2019-01-31,21,0,87,0.0,0.0,0.0,0.0,0.0
2019-01-31,21,0,88,89.15,89.15,0.0,383.017753,0.0
2019-01-31,21,0,89,85.71,85.71,0.0,368.23838,0.0
2019-01-31,21,0,90,115.07,115.07,0.0,494.378607,0.0
2019-01-31,21,0,91,410.5,410.5,0.0,1763.643158,0.0
2019-01-31,21,0,92,147.63,147.63,0.0,634.267087,0.0
2019-01-31,21,0,95,117.16,117.16,0.0,2627.867942,0.0
2019-01-31,21,0,96,11.21,11.21,0.0,71.517978,0.0
2019-01-31,21,0,97,68.95,68.95,0.0,439.889795,0.0
2019-01-31,21,0,99,3.61,3.61,0.0,33.794365,0.0
2019-01-31,21,0,101,0.0,0.0,0.0,0.0,0.0
2019-01-31,21,0,102,7.51,7.51,0.0,47.996094,0.0
2019-01-31,21,0,103,6.53,6.53,0.0,41.732955,0.0
2019-01-31,21,0,104,1.21,1.21,0.0,7.733059,0.0
2019-01-31,21,0,106,0.0,0.0,0.0,0.0,0.0
2019-01-31,21,0,109,70.08,70.08,0.0,583.352686,0.0
2019-01-31,21,0,110,46.9,46.9,0.0,811.771843,0.0
2019-01-31,21,0,111,0.0,0.0,0.0,0.0,0.0
2019-01-31,21,0,113,34.21,34.21,0.0,112.206573,0.0
2019-01-31,21,0,115,34.21,34.21,0.0,112.206573,0.0
2019-01-31,21,0,116,0.0,0.0,0.0,0.0,0.0
2019-01-31,21,0,117,2.3,2.3,0.0,7.54385,0.0
2019-01-31,21,0,119,83.47,83.47,0.0,1890.259039,0.0
2019-01-31,21,0,120,49.08,49.08,0.0,1111.464162,0.0
2019-01-31,21,0,123,0.0,0.0,0.0,0.0,0.0
2019-01-31,21,0,125,61.36,61.36,0.0,394.253754,0.0
2019-01-31,21,0,126,0.0,0.0,0.0,0.0,0.0
2019-01-31,21,0,127,0.0,0.0,0.0,0.0,0.0
2019-01-31,21,0,128,87.88,87.88,0.0,564.651564,0.0
2019-01-31,21,0,131,9.84,9.84,0.0,55.824296,0.0
2019-01-31,21,0,132,14.46,14.46,0.0,82.034484,0.0
2019-01-31,21,0,133,30.31,30.31,0.0,311.799201,0.0
2019-01-31,21,0,134,0.0,0.0,0.0,0.0,0.0
2019-01-31,21,0,135,39.4,39.4,0.0,405.3081,0.0
2019-01-31,21,0,136,12.8,12.8,0.0,131.201552,0.0
2019-01-31,21,0,139,49.77,49.77,0.0,378.736675,0.0
2019-01-31,21,0,140,34.71,34.71,0.0,600.780398,0.0
2019-01-31,21,0,141,64.42,64.42,0.0,584.836327,0.0
2019-01-31,21,0,142,0.0,0.0,0.0,0.0,0.0
2019-01-31,21,0,143,6.55,6.55,0.0,41.939964,0.0
2019-01-31,21,0,145,10.26,10.26,0.0,73.016616,0.0
2019-01-31,21,0,146,8.15,8.15,0.0,141.06483,0.0
2019-01-31,21,0,152,0.0,0.0,0.0,0.0,0.0
2019-01-31,21,0,153,0.0,0.0,0.0,0.0,0.0
2019-01-31,21,0,154,0.0,0.0,0.0,0.0,0.0
2019-01-31,21,0,157,13.09,13.09,0.0,118.837434,0.0
2019-01-31,21,0,158,0.0,0.0,0.0,0.0,0.0
2019-01-31,21,0,159,0.0,0.0,0.0,0.0,0.0
2019-01-31,21,0,160,0.0,0.0,0.0,0.0,0.0
2019-01-31,21,0,161,0.0,0.0,0.0,0.0,0.0
2019-01-31,21,0,162,111.69,111.69,0.0,2506.276653,0.0
2019-01-31,21,0,163,51.56,51.56,0.0,892.429771,0.0
2019-01-31,21,0,164,0.0,0.0,0.0,0.0,0.0
2019-01-31,21,0,167,0.0,0.0,0.0,0.0,0.0
2019-01-31,21,0,168,0.0,0.0,0.0,0.0,0.0
2019-01-31,21,0,169,0.0,0.0,0.0,0.0,0.0
2019-01-31,21,0,170,0.0,0.0,0.0,0.0,0.0
2019-01-31,21,0,172,0.0,0.0,0.0,0.0,0.0
2019-01-31,21,0,173,0.0,0.0,0.0,0.0,0.0
2019-01-31,21,0,188,0.0,0.0,0.0,0.0,0.0
2019-01-31,21,0,190,0.0,0.0,0.0,0.0,0.0
2019-01-31,21,0,191,0.0,0.0,0.0,0.0,0.0
2019-01-31,21,0,192,78.74,78.74,0.0,1783.143605,0.0
2019-01-31,21,0,194,163.27,163.27,0.0,54.065631,0.0
2019-01-31,21,0,196,0.0,0.0,0.0,0.0,0.0
2019-01-31,21,0,198,0.0,0.0,0.0,0.0,0.0
2019-01-31,21,0,199,130.0,130.0,0.0,1029.600482,0.0
2019-01-31,21,0,200,0.0,0.0,0.0,0.0,0.0
2019-01-31,21,0,204,841.64,841.64,0.0,6921.650163,0.0
2019-01-31,21,0,205,325.24,325.24,0.0,2707.329162,0.0
2019-01-31,21,0,206,202.61,202.61,0.0,1292.618873,0.0
2019-01-31,21,0,210,0.0,0.0,0.0,0.0,0.0
2019-01-31,21,0,214,0.0,0.0,0.0,0.0,0.0
2019-01-31,21,0,217,0.0,0.0,0.0,0.0,0.0
2019-01-31,21,0,218,0.0,0.0,0.0,0.0,0.0
2019-01-31,21,0,219,0.0,0.0,0.0,0.0,0.0
2019-01-31,21,0,221,0.0,0.0,0.0,0.0,0.0
2019-01-31,21,0,225,0.0,0.0,0.0,0.0,0.0
2019-01-31,21,0,233,0.0,0.0,0.0,0.0,0.0
2019-01-31,21,0,236,16.92,16.92,0.0,166.539976,0.0
2019-01-31,21,0,237,44.82,44.82,0.0,419.574366,0.0
2019-01-31,21,0,238,0.0,0.0,0.0,0.0,0.0
2019-01-31,21,0,240,0.0,0.0,0.0,0.0,0.0
2019-01-31,21,0,245,102.96,102.96,0.0,1070.992374,0.0
2019-01-31,21,0,247,55.83,55.83,0.0,580.744991,0.0
2019-01-31,21,0,248,4.5,4.5,0.0,42.12594,0.0
2019-01-31,21,0,249,198.01,198.01,0.0,2059.70474,0.0
2019-01-31,21,0,251,113.48,113.48,0.0,1157.403047,0.0
2019-01-31,21,0,252,89.68,89.68,0.0,919.388911,0.0
2019-01-31,21,0,254,0.0,0.0,0.0,0.0,0.0
2019-01-31,21,0,255,0.0,0.0,0.0,0.0,0.0
2019-01-31,21,0,258,0.0,0.0,0.0,0.0,0.0
2019-01-31,21,0,260,0.0,0.0,0.0,0.0,0.0
2019-01-31,21,0,265,0.0,0.0,0.0,0.0,0.0
2019-01-31,21,0,266,31.17,31.17,0.0,237.195543,0.0
2019-01-31,21,0,267,38.91,38.91,0.0,296.094917,0.0
2019-01-31,21,0,270,161.03,161.03,0.0,2787.198719,0.0
2019-01-31,21,0,272,114.25,114.25,0.0,374.732562,0.0
2019-01-31,21,0,273,0.0,0.0,0.0,0.0,0.0
2019-01-31,21,0,274,207.58,207.58,0.0,3592.912564,0.0
2019-01-31,21,0,275,288.96,288.96,0.0,5001.483835,0.0
2019-01-31,21,0,276,0.0,0.0,0.0,0.0,0.0
2019-01-31,21,0,277,0.0,0.0,0.0,0.0,0.0
2019-01-31,21,0,278,0.0,0.0,0.0,0.0,0.0
2019-01-31,21,0,279,250.39,250.39,0.0,923.294044,0.0
2019-01-31,21,0,281,2.45,2.45,0.0,15.687467,0.0
2019-01-31,21,0,282,0.0,0.0,0.0,0.0,0.0
2019-01-31,22,0,9,0.0,0.0,0.0,0.0,0.0
2019-01-31,22,0,17,0.0,0.0,0.0,0.0,0.0
2019-01-31,22,0,19,473.33,473.33,0.0,2713.152408,0.0
2019-01-31,22,0,20,574.06,574.06,0.0,3290.542056,0.0
2019-01-31,22,0,21,0.0,0.0,0.0,0.0,0.0
2019-01-31,22,0,22,0.0,0.0,0.0,0.0,0.0
2019-01-31,22,0,23,57.54,57.54,0.0,311.587675,0.0
2019-01-31,22,0,24,101.8,101.8,0.0,551.262172,0.0
2019-01-31,22,0,29,0.0,0.0,0.0,0.0,0.0
2019-01-31,22,0,30,0.0,0.0,0.0,0.0,0.0
2019-01-31,22,0,31,12.85,12.85,0.0,69.288847,0.0
2019-01-31,22,0,32,0.0,0.0,0.0,0.0,0.0
2019-01-31,22,0,33,0.0,0.0,0.0,0.0,0.0
2019-01-31,22,0,34,0.0,0.0,0.0,0.0,0.0
2019-01-31,22,0,35,0.0,0.0,0.0,0.0,0.0
2019-01-31,22,0,36,0.0,0.0,0.0,0.0,0.0
2019-01-31,22,0,37,0.0,0.0,0.0,0.0,0.0
2019-01-31,22,0,38,0.0,0.0,0.0,0.0,0.0
2019-01-31,22,0,39,0.0,0.0,0.0,0.0,0.0
2019-01-31,22,0,40,0.0,0.0,0.0,0.0,0.0
2019-01-31,22,0,41,52.0,52.0,0.0,345.569888,0.0
2019-01-31,22,0,42,0.0,0.0,0.0,0.0,0.0
2019-01-31,22,0,43,0.0,0.0,0.0,0.0,0.0
2019-01-31,22,0,46,0.0,0.0,0.0,0.0,0.0
2019-01-31,22,0,52,13.62,13.62,0.0,73.440785,0.0
2019-01-31,22,0,53,21.63,21.63,0.0,116.631732,0.0
2019-01-31,22,0,55,143.42,143.42,0.0,776.640674,0.0
2019-01-31,22,0,56,0.0,0.0,0.0,0.0,0.0
2019-01-31,22,0,57,0.0,0.0,0.0,0.0,0.0
2019-01-31,22,0,58,0.0,0.0,0.0,0.0,0.0
2019-01-31,22,0,59,0.0,0.0,0.0,0.0,0.0
2019-01-31,22,0,63,86.64,86.64,0.0,1783.096739,0.0
2019-01-31,22,0,64,101.93,101.93,0.0,2097.772976,0.0
2019-01-31,22,0,65,11.99,11.99,0.0,90.447534,0.0
2019-01-31,22,0,67,0.0,0.0,0.0,0.0,0.0
2019-01-31,22,0,68,4.13,4.13,0.0,12.099203,0.0
2019-01-31,22,0,69,0.0,0.0,0.0,0.0,0.0
2019-01-31,22,0,74,19.43,19.43,0.0,164.632435,0.0
2019-01-31,22,0,77,125.97,125.97,0.0,404.231763,0.0
2019-01-31,22,0,78,95.24,95.24,0.0,305.620649,0.0
2019-01-31,22,0,79,55.11,55.11,0.0,176.84538,0.0
2019-01-31,22,0,80,89.13,89.13,0.0,286.013948,0.0
2019-01-31,22,0,81,116.53,116.53,0.0,373.939251,0.0
2019-01-31,22,0,82,82.2,82.2,0.0,263.775907,0.0
2019-01-31,22,0,83,183.29,183.29,0.0,588.168928,0.0
2019-01-31,22,0,84,0.0,0.0,0.0,0.0,0.0
2019-01-31,22,0,86,0.0,0.0,0.0,0.0,0.0
2019-01-31,22,0,87,0.0,0.0,0.0,0.0,0.0
2019-01-31,22,0,88,122.95,122.95,0.0,394.540726,0.0
2019-01-31,22,0,89,118.19,118.19,0.0,379.266112,0.0
2019-01-31,22,0,90,158.7,158.7,0.0,509.260783,0.0
2019-01-31,22,0,91,566.1,566.1,0.0,1816.588087,0.0
2019-01-31,22,0,92,203.6,203.6,0.0,653.342757,0.0
2019-01-31,22,0,95,109.14,109.14,0.0,2122.312407,0.0
2019-01-31,22,0,96,14.41,14.41,0.0,77.353875,0.0
2019-01-31,22,0,97,88.61,88.61,0.0,475.664597,0.0
2019-01-31,22,0,99,3.75,3.75,0.0,31.774145,0.0
2019-01-31,22,0,101,0.0,0.0,0.0,0.0,0.0
2019-01-31,22,0,102,9.77,9.77,0.0,28.622087,0.0
2019-01-31,22,0,103,8.5,8.5,0.0,24.901508,0.0
2019-01-31,22,0,104,1.58,1.58,0.0,4.628751,0.0
2019-01-31,22,0,106,0.0,0.0,0.0,0.0,0.0
2019-01-31,22,0,109,171.41,171.41,0.0,1265.243553,0.0
2019-01-31,22,0,110,38.98,38.98,0.0,89.221805,0.0
2019-01-31,22,0,111,0.0,0.0,0.0,0.0,0.0
2019-01-31,22,0,113,79.79,79.79,0.0,219.805541,0.0
2019-01-31,22,0,115,79.79,79.79,0.0,219.805541,0.0
2019-01-31,22,0,116,0.0,0.0,0.0,0.0,0.0
2019-01-31,22,0,117,5.32,5.32,0.0,14.655539,0.0
2019-01-31,22,0,119,101.93,101.93,0.0,2097.772976,0.0
2019-01-31,22,0,120,59.94,59.94,0.0,1233.596705,0.0
2019-01-31,22,0,123,0.0,0.0,0.0,0.0,0.0
2019-01-31,22,0,125,92.13,92.13,0.0,498.897681,0.0
2019-01-31,22,0,126,0.0,0.0,0.0,0.0,0.0
2019-01-31,22,0,127,0.0,0.0,0.0,0.0,0.0
2019-01-31,22,0,128,131.95,131.95,0.0,714.528915,0.0
2019-01-31,22,0,131,12.99,12.99,0.0,38.602503,0.0
2019-01-31,22,0,132,19.1,19.1,0.0,56.759647,0.0
2019-01-31,22,0,133,50.97,50.97,0.0,495.079141,0.0
2019-01-31,22,0,134,0.0,0.0,0.0,0.0,0.0
2019-01-31,22,0,135,68.29,68.29,0.0,663.310859,0.0
2019-01-31,22,0,136,11.13,11.13,0.0,85.066925,0.0
2019-01-31,22,0,139,67.15,67.15,0.0,446.250346,0.0
2019-01-31,22,0,140,28.85,28.85,0.0,66.035122,0.0
2019-01-31,22,0,141,100.33,100.33,0.0,278.102427,0.0
2019-01-31,22,0,142,0.0,0.0,0.0,0.0,0.0
2019-01-31,22,0,143,16.96,16.96,0.0,91.450493,0.0
2019-01-31,22,0,145,32.67,32.67,0.0,200.302441,0.0
2019-01-31,22,0,146,19.25,19.25,0.0,44.061563,0.0
2019-01-31,22,0,152,0.0,0.0,0.0,0.0,0.0
2019-01-31,22,0,153,0.0,0.0,0.0,0.0,0.0
2019-01-31,22,0,154,0.0,0.0,0.0,0.0,0.0
2019-01-31,22,0,157,25.75,25.75,0.0,71.375835,0.0
2019-01-31,22,0,158,0.0,0.0,0.0,0.0,0.0
2019-01-31,22,0,159,0.0,0.0,0.0,0.0,0.0
2019-01-31,22,0,160,0.0,0.0,0.0,0.0,0.0
2019-01-31,22,0,161,0.0,0.0,0.0,0.0,0.0
2019-01-31,22,0,162,64.35,64.35,0.0,1252.471274,0.0
2019-01-31,22,0,163,65.09,65.09,0.0,148.985307,0.0
2019-01-31,22,0,164,0.0,0.0,0.0,0.0,0.0
2019-01-31,22,0,167,0.0,0.0,0.0,0.0,0.0
2019-01-31,22,0,168,0.0,0.0,0.0,0.0,0.0
2019-01-31,22,0,169,0.0,0.0,0.0,0.0,0.0
2019-01-31,22,0,170,0.0,0.0,0.0,0.0,0.0
2019-01-31,22,0,172,0.0,0.0,0.0,0.0,0.0
2019-01-31,22,0,173,0.0,0.0,0.0,0.0,0.0
2019-01-31,22,0,188,0.0,0.0,0.0,0.0,0.0
2019-01-31,22,0,190,0.0,0.0,0.0,0.0,0.0
2019-01-31,22,0,191,0.0,0.0,0.0,0.0,0.0
2019-01-31,22,0,192,91.48,91.48,0.0,1882.706483,0.0
2019-01-31,22,0,194,176.5,176.5,0.0,432.15435,0.0
2019-01-31,22,0,196,0.0,0.0,0.0,0.0,0.0
2019-01-31,22,0,198,0.0,0.0,0.0,0.0,0.0
2019-01-31,22,0,199,130.0,130.0,0.0,1004.873757,0.0
2019-01-31,22,0,200,0.0,0.0,0.0,0.0,0.0
2019-01-31,22,0,204,857.0,857.0,0.0,6235.849872,0.0
2019-01-31,22,0,205,852.76,852.76,0.0,6294.551613,0.0
2019-01-31,22,0,206,260.39,260.39,0.0,1397.791494,0.0
2019-01-31,22,0,210,0.0,0.0,0.0,0.0,0.0
2019-01-31,22,0,214,0.0,0.0,0.0,0.0,0.0
2019-01-31,22,0,217,0.0,0.0,0.0,0.0,0.0
2019-01-31,22,0,218,0.0,0.0,0.0,0.0,0.0
2019-01-31,22,0,219,0.0,0.0,0.0,0.0,0.0
2019-01-31,22,0,221,0.0,0.0,0.0,0.0,0.0
2019-01-31,22,0,225,0.0,0.0,0.0,0.0,0.0
2019-01-31,22,0,233,0.0,0.0,0.0,0.0,0.0
2019-01-31,22,0,236,19.19,19.19,0.0,172.411473,0.0
2019-01-31,22,0,237,46.6,46.6,0.0,394.846705,0.0
2019-01-31,22,0,238,0.0,0.0,0.0,0.0,0.0
2019-01-31,22,0,240,0.0,0.0,0.0,0.0,0.0
2019-01-31,22,0,245,98.25,98.25,0.0,905.217734,0.0
2019-01-31,22,0,247,43.72,43.72,0.0,402.810375,0.0
2019-01-31,22,0,248,4.68,4.68,0.0,39.654133,0.0
2019-01-31,22,0,249,188.95,188.95,0.0,1740.874207,0.0
2019-01-31,22,0,251,232.5,232.5,0.0,1878.682757,0.0
2019-01-31,22,0,252,77.36,77.36,0.0,583.571412,0.0
2019-01-31,22,0,254,0.0,0.0,0.0,0.0,0.0
2019-01-31,22,0,255,0.0,0.0,0.0,0.0,0.0
2019-01-31,22,0,258,0.0,0.0,0.0,0.0,0.0
2019-01-31,22,0,260,0.0,0.0,0.0,0.0,0.0
2019-01-31,22,0,265,0.0,0.0,0.0,0.0,0.0
2019-01-31,22,0,266,43.48,43.48,0.0,288.949591,0.0
2019-01-31,22,0,267,53.44,53.44,0.0,355.139516,0.0
2019-01-31,22,0,270,203.28,203.28,0.0,465.290109,0.0
2019-01-31,22,0,272,266.66,266.66,0.0,734.595133,0.0
2019-01-31,22,0,273,0.0,0.0,0.0,0.0,0.0
2019-01-31,22,0,274,262.05,262.05,0.0,599.80949,0.0
2019-01-31,22,0,275,364.77,364.77,0.0,834.926569,0.0
2019-01-31,22,0,276,0.0,0.0,0.0,0.0,0.0
2019-01-31,22,0,277,0.0,0.0,0.0,0.0,0.0
2019-01-31,22,0,278,0.0,0.0,0.0,0.0,0.0
2019-01-31,22,0,279,131.74,131.74,0.0,386.904241,0.0
2019-01-31,22,0,281,5.77,5.77,0.0,31.112579,0.0
2019-01-31,22,0,282,0.0,0.0,0.0,0.0,0.0
2019-01-31,23,0,9,0.0,0.0,0.0,0.0,0.0
2019-01-31,23,0,17,0.0,0.0,0.0,0.0,0.0
2019-01-31,23,0,19,287.18,287.18,0.0,2626.796771,0.0
2019-01-31,23,0,20,348.29,348.29,0.0,3185.761708,0.0
2019-01-31,23,0,21,0.0,0.0,0.0,0.0,0.0
2019-01-31,23,0,22,0.0,0.0,0.0,0.0,0.0
2019-01-31,23,0,23,55.32,55.32,0.0,344.603875,0.0
2019-01-31,23,0,24,97.87,97.87,0.0,609.65982,0.0
2019-01-31,23,0,29,0.0,0.0,0.0,0.0,0.0
2019-01-31,23,0,30,0.0,0.0,0.0,0.0,0.0
2019-01-31,23,0,31,10.83,10.83,0.0,67.289554,0.0
2019-01-31,23,0,32,0.0,0.0,0.0,0.0,0.0
2019-01-31,23,0,33,0.0,0.0,0.0,0.0,0.0
2019-01-31,23,0,34,0.0,0.0,0.0,0.0,0.0
2019-01-31,23,0,35,0.0,0.0,0.0,0.0,0.0
2019-01-31,23,0,36,0.0,0.0,0.0,0.0,0.0
2019-01-31,23,0,37,0.0,0.0,0.0,0.0,0.0
2019-01-31,23,0,38,0.0,0.0,0.0,0.0,0.0
2019-01-31,23,0,39,0.0,0.0,0.0,0.0,0.0
2019-01-31,23,0,40,0.0,0.0,0.0,0.0,0.0
2019-01-31,23,0,41,46.23,46.23,0.0,327.973006,0.0
2019-01-31,23,0,42,0.0,0.0,0.0,0.0,0.0
2019-01-31,23,0,43,0.0,0.0,0.0,0.0,0.0
2019-01-31,23,0,46,0.0,0.0,0.0,0.0,0.0
2019-01-31,23,0,52,11.48,11.48,0.0,71.32817,0.0
2019-01-31,23,0,53,18.23,18.23,0.0,113.267642,0.0
2019-01-31,23,0,55,240.62,240.62,0.0,1498.889813,0.0
2019-01-31,23,0,56,0.0,0.0,0.0,0.0,0.0
2019-01-31,23,0,57,0.0,0.0,0.0,0.0,0.0
2019-01-31,23,0,58,0.0,0.0,0.0,0.0,0.0
2019-01-31,23,0,59,0.0,0.0,0.0,0.0,0.0
2019-01-31,23,0,63,100.6,100.6,0.0,1639.792104,0.0
2019-01-31,23,0,64,118.35,118.35,0.0,1929.11924,0.0
2019-01-31,23,0,65,5.11,5.11,0.0,46.608241,0.0
2019-01-31,23,0,67,0.0,0.0,0.0,0.0,0.0
2019-01-31,23,0,68,3.99,3.99,0.0,23.973504,0.0
2019-01-31,23,0,69,0.0,0.0,0.0,0.0,0.0
2019-01-31,23,0,74,13.07,13.07,0.0,109.905864,0.0
2019-01-31,23,0,77,125.63,125.63,0.0,589.860715,0.0
2019-01-31,23,0,78,94.98,94.98,0.0,445.952166,0.0
2019-01-31,23,0,79,54.96,54.96,0.0,258.04939,0.0
2019-01-31,23,0,80,88.89,88.89,0.0,417.358266,0.0
2019-01-31,23,0,81,116.21,116.21,0.0,545.631725,0.0
2019-01-31,23,0,82,81.98,81.98,0.0,384.914283,0.0
2019-01-31,23,0,83,182.8,182.8,0.0,858.286545,0.0
2019-01-31,23,0,84,0.0,0.0,0.0,0.0,0.0
2019-01-31,23,0,86,0.0,0.0,0.0,0.0,0.0
2019-01-31,23,0,87,0.0,0.0,0.0,0.0,0.0
2019-01-31,23,0,88,124.1,124.1,0.0,582.677025,0.0
2019-01-31,23,0,89,119.3,119.3,0.0,560.139961,0.0
2019-01-31,23,0,90,160.18,160.18,0.0,752.080628,0.0
2019-01-31,23,0,91,571.39,571.39,0.0,2682.802784,0.0
2019-01-31,23,0,92,205.5,205.5,0.0,964.86808,0.0
2019-01-31,23,0,95,102.98,102.98,0.0,1663.376487,0.0
2019-01-31,23,0,96,12.67,12.67,0.0,78.509727,0.0
2019-01-31,23,0,97,77.89,77.89,0.0,482.645828,0.0
2019-01-31,23,0,99,2.52,2.52,0.0,21.190725,0.0
2019-01-31,23,0,101,0.0,0.0,0.0,0.0,0.0
2019-01-31,23,0,102,9.45,9.45,0.0,56.779352,0.0
2019-01-31,23,0,103,8.22,8.22,0.0,49.389024,0.0
2019-01-31,23,0,104,1.53,1.53,0.0,9.192847,0.0
2019-01-31,23,0,106,0.0,0.0,0.0,0.0,0.0
2019-01-31,23,0,109,200.0,200.0,0.0,1518.286896,0.0
2019-01-31,23,0,110,32.9,32.9,0.0,425.008609,0.0
2019-01-31,23,0,111,0.0,0.0,0.0,0.0,0.0
2019-01-31,23,0,113,80.7,80.7,0.0,323.672585,0.0
2019-01-31,23,0,115,80.7,80.7,0.0,323.672585,0.0
2019-01-31,23,0,116,0.0,0.0,0.0,0.0,0.0
2019-01-31,23,0,117,5.38,5.38,0.0,21.578172,0.0
2019-01-31,23,0,119,118.35,118.35,0.0,1929.11924,0.0
2019-01-31,23,0,120,69.59,69.59,0.0,1134.325373,0.0
2019-01-31,23,0,123,0.0,0.0,0.0,0.0,0.0
2019-01-31,23,0,125,88.57,88.57,0.0,551.727499,0.0
2019-01-31,23,0,126,0.0,0.0,0.0,0.0,0.0
2019-01-31,23,0,127,0.0,0.0,0.0,0.0,0.0
2019-01-31,23,0,128,126.86,126.86,0.0,790.246703,0.0
2019-01-31,23,0,131,12.51,12.51,0.0,69.482114,0.0
2019-01-31,23,0,132,18.39,18.39,0.0,102.140374,0.0
2019-01-31,23,0,133,29.43,29.43,0.0,269.264001,0.0
2019-01-31,23,0,134,0.0,0.0,0.0,0.0,0.0
2019-01-31,23,0,135,39.43,39.43,0.0,360.757035,0.0
2019-01-31,23,0,136,5.5,5.5,0.0,50.157612,0.0
2019-01-31,23,0,139,59.7,59.7,0.0,423.534252,0.0
2019-01-31,23,0,140,24.35,24.35,0.0,314.558044,0.0
2019-01-31,23,0,141,105.38,105.38,0.0,812.410939,0.0
2019-01-31,23,0,142,0.0,0.0,0.0,0.0,0.0
2019-01-31,23,0,143,17.54,17.54,0.0,108.980496,0.0
2019-01-31,23,0,145,11.82,11.82,0.0,79.494,0.0
2019-01-31,23,0,146,18.55,18.55,0.0,239.632514,0.0
2019-01-31,23,0,152,0.0,0.0,0.0,0.0,0.0
2019-01-31,23,0,153,0.0,0.0,0.0,0.0,0.0
2019-01-31,23,0,154,0.0,0.0,0.0,0.0,0.0
2019-01-31,23,0,157,20.79,20.79,0.0,160.277315,0.0
2019-01-31,23,0,158,0.0,0.0,0.0,0.0,0.0
2019-01-31,23,0,159,0.0,0.0,0.0,0.0,0.0
2019-01-31,23,0,160,0.0,0.0,0.0,0.0,0.0
2019-01-31,23,0,161,0.0,0.0,0.0,0.0,0.0
2019-01-31,23,0,162,29.1,29.1,0.0,470.222812,0.0
2019-01-31,23,0,163,60.84,60.84,0.0,785.942972,0.0
2019-01-31,23,0,164,0.0,0.0,0.0,0.0,0.0
2019-01-31,23,0,167,0.0,0.0,0.0,0.0,0.0
2019-01-31,23,0,168,0.0,0.0,0.0,0.0,0.0
2019-01-31,23,0,169,0.0,0.0,0.0,0.0,0.0
2019-01-31,23,0,170,0.0,0.0,0.0,0.0,0.0
2019-01-31,23,0,172,0.0,0.0,0.0,0.0,0.0
2019-01-31,23,0,173,0.0,0.0,0.0,0.0,0.0
2019-01-31,23,0,188,0.0,0.0,0.0,0.0,0.0
2019-01-31,23,0,190,0.0,0.0,0.0,0.0,0.0
2019-01-31,23,0,191,0.0,0.0,0.0,0.0,0.0
2019-01-31,23,0,192,81.32,81.32,0.0,1325.525785,0.0
2019-01-31,23,0,194,176.5,176.5,0.0,371.733117,0.0
2019-01-31,23,0,196,0.0,0.0,0.0,0.0,0.0
2019-01-31,23,0,198,0.0,0.0,0.0,0.0,0.0
2019-01-31,23,0,199,76.19,76.19,0.0,516.257633,0.0
2019-01-31,23,0,200,0.0,0.0,0.0,0.0,0.0
2019-01-31,23,0,204,857.0,857.0,0.0,6439.956527,0.0
2019-01-31,23,0,205,1058.0,1058.0,0.0,8031.737679,0.0
2019-01-31,23,0,206,228.86,228.86,0.0,1418.132291,0.0
2019-01-31,23,0,210,0.0,0.0,0.0,0.0,0.0
2019-01-31,23,0,214,0.0,0.0,0.0,0.0,0.0
2019-01-31,23,0,217,0.0,0.0,0.0,0.0,0.0
2019-01-31,23,0,218,0.0,0.0,0.0,0.0,0.0
2019-01-31,23,0,219,0.0,0.0,0.0,0.0,0.0
2019-01-31,23,0,221,0.0,0.0,0.0,0.0,0.0
2019-01-31,23,0,225,0.0,0.0,0.0,0.0,0.0
2019-01-31,23,0,233,0.0,0.0,0.0,0.0,0.0
2019-01-31,23,0,236,10.24,10.24,0.0,90.012161,0.0
2019-01-31,23,0,237,31.35,31.35,0.0,263.622712,0.0
2019-01-31,23,0,238,0.0,0.0,0.0,0.0,0.0
2019-01-31,23,0,240,0.0,0.0,0.0,0.0,0.0
2019-01-31,23,0,245,44.37,44.37,0.0,410.068837,0.0
2019-01-31,23,0,247,19.76,19.76,0.0,182.622498,0.0
2019-01-31,23,0,248,3.15,3.15,0.0,26.488407,0.0
2019-01-31,23,0,249,85.33,85.33,0.0,788.622354,0.0
2019-01-31,23,0,251,54.99,54.99,0.0,499.226593,0.0
2019-01-31,23,0,252,32.99,32.99,0.0,300.901344,0.0
2019-01-31,23,0,254,0.0,0.0,0.0,0.0,0.0
2019-01-31,23,0,255,0.0,0.0,0.0,0.0,0.0
2019-01-31,23,0,258,0.0,0.0,0.0,0.0,0.0
2019-01-31,23,0,260,0.0,0.0,0.0,0.0,0.0
2019-01-31,23,0,265,0.0,0.0,0.0,0.0,0.0
2019-01-31,23,0,266,38.66,38.66,0.0,274.268579,0.0
2019-01-31,23,0,267,47.51,47.51,0.0,337.053807,0.0
2019-01-31,23,0,270,190.01,190.01,0.0,2454.586195,0.0
2019-01-31,23,0,272,269.71,269.71,0.0,1081.756295,0.0
2019-01-31,23,0,273,0.0,0.0,0.0,0.0,0.0
2019-01-31,23,0,274,244.95,244.95,0.0,3164.311818,0.0
2019-01-31,23,0,275,340.97,340.97,0.0,4404.716883,0.0
2019-01-31,23,0,276,0.0,0.0,0.0,0.0,0.0
2019-01-31,23,0,277,0.0,0.0,0.0,0.0,0.0
2019-01-31,23,0,278,0.0,0.0,0.0,0.0,0.0
2019-01-31,23,0,279,132.19,132.19,0.0,566.461032,0.0
2019-01-31,23,0,281,4.86,4.86,0.0,30.19642,0.0
2019-01-31,23,0,282,0.0,0.0,0.0,0.0,0.0
2019-02-01,0,0,9,0.0,0.0,0.0,-0.0,0.0
2019-02-01,0,0,17,0.0,0.0,0.0,0.0,0.0
2019-02-01,0,0,19,159.22,159.22,0.0,2402.95695,0.0
2019-02-01,0,0,20,193.1,193.1,0.0,2914.275764,0.0
2019-02-01,0,0,21,0.0,0.0,0.0,-0.0,0.0
2019-02-01,0,0,22,0.0,0.0,0.0,-0.0,0.0
2019-02-01,0,0,23,53.55,53.55,0.0,-1254.254771,0.0
2019-02-01,0,0,24,94.75,94.75,0.0,-2219.246303,0.0
2019-02-01,0,0,29,0.0,0.0,0.0,0.0,0.0
2019-02-01,0,0,30,0.0,0.0,0.0,-0.0,0.0
2019-02-01,0,0,31,9.11,9.11,0.0,-215.451395,0.0
2019-02-01,0,0,32,0.0,0.0,0.0,-0.0,0.0
2019-02-01,0,0,33,0.0,0.0,0.0,0.0,0.0
2019-02-01,0,0,34,0.0,0.0,0.0,0.0,0.0
2019-02-01,0,0,35,0.0,0.0,0.0,0.0,0.0
2019-02-01,0,0,36,0.0,0.0,0.0,0.0,0.0
2019-02-01,0,0,37,0.0,0.0,0.0,0.0,0.0
2019-02-01,0,0,38,0.0,0.0,0.0,0.0,0.0
2019-02-01,0,0,39,0.0,0.0,0.0,0.0,0.0
2019-02-01,0,0,40,0.0,0.0,0.0,0.0,0.0
2019-02-01,0,0,41,41.71,41.71,0.0,-473.529218,0.0
2019-02-01,0,0,42,0.0,0.0,0.0,0.0,0.0
2019-02-01,0,0,43,0.0,0.0,0.0,0.0,0.0
2019-02-01,0,0,46,0.0,0.0,0.0,-0.0,0.0
2019-02-01,0,0,52,9.66,9.66,0.0,-228.458889,0.0
2019-02-01,0,0,53,15.34,15.34,0.0,-362.790823,0.0
2019-02-01,0,0,55,231.4,231.4,0.0,-5419.879626,0.0
2019-02-01,0,0,56,0.0,0.0,0.0,-0.0,0.0
2019-02-01,0,0,57,0.0,0.0,0.0,-0.0,0.0
2019-02-01,0,0,58,0.0,0.0,0.0,-0.0,0.0
2019-02-01,0,0,59,0.0,0.0,0.0,-0.0,0.0
2019-02-01,0,0,63,119.83,119.83,0.0,6606.896607,0.0
2019-02-01,0,0,64,140.98,140.98,0.0,7773.014133,0.0
2019-02-01,0,0,65,1.83,1.83,0.0,27.055969,0.0
2019-02-01,0,0,67,0.0,0.0,0.0,-0.0,0.0
2019-02-01,0,0,68,3.98,3.98,0.0,-146.362814,0.0
2019-02-01,0,0,69,0.0,0.0,0.0,0.0,0.0
2019-02-01,0,0,74,8.28,8.28,0.0,51.406463,0.0
2019-02-01,0,0,77,125.61,125.61,0.0,-5688.031713,0.0
2019-02-01,0,0,78,94.96,94.96,0.0,-4300.099446,0.0
2019-02-01,0,0,79,54.96,54.96,0.0,-2488.768593,0.0
2019-02-01,0,0,80,88.87,88.87,0.0,-4024.324324,0.0
2019-02-01,0,0,81,116.19,116.19,0.0,-5261.463297,0.0
2019-02-01,0,0,82,81.96,81.96,0.0,-3711.416919,0.0
2019-02-01,0,0,83,182.77,182.77,0.0,-8276.423503,0.0
2019-02-01,0,0,84,0.0,0.0,0.0,0.0,0.0
2019-02-01,0,0,86,0.0,0.0,0.0,0.0,0.0
2019-02-01,0,0,87,0.0,0.0,0.0,0.0,0.0
2019-02-01,0,0,88,125.08,125.08,0.0,-5664.031579,0.0
2019-02-01,0,0,89,120.24,120.24,0.0,-5444.860546,0.0
2019-02-01,0,0,90,161.44,161.44,0.0,-7310.531325,0.0
2019-02-01,0,0,91,575.9,575.9,0.0,-26078.635965,0.0
2019-02-01,0,0,92,207.12,207.12,0.0,-9379.07116,0.0
2019-02-01,0,0,95,55.83,55.83,0.0,53436.072199,0.0
2019-02-01,0,0,96,11.09,11.09,0.0,-264.919347,0.0
2019-02-01,0,0,97,68.17,68.17,0.0,-1628.453733,0.0
2019-02-01,0,0,99,1.6,1.6,0.0,9.933616,0.0
2019-02-01,0,0,101,0.0,0.0,0.0,-0.0,0.0
2019-02-01,0,0,102,9.41,9.41,0.0,-346.048764,0.0
2019-02-01,0,0,103,8.19,8.19,0.0,-301.183781,0.0
2019-02-01,0,0,104,1.52,1.52,0.0,-55.897356,0.0
2019-02-01,0,0,106,0.0,0.0,0.0,-0.0,0.0
2019-02-01,0,0,109,199.81,199.81,0.0,-774.101496,0.0
2019-02-01,0,0,110,27.13,27.13,0.0,322.882619,0.0
2019-02-01,0,0,111,0.0,0.0,0.0,-0.0,0.0
2019-02-01,0,0,113,82.5,82.5,0.0,-4334.652274,0.0
2019-02-01,0,0,115,82.5,82.5,0.0,-4334.652274,0.0
2019-02-01,0,0,116,0.0,0.0,0.0,0.0,0.0
2019-02-01,0,0,117,5.5,5.5,0.0,-288.976818,0.0
2019-02-01,0,0,119,140.98,140.98,0.0,7773.014133,0.0
2019-02-01,0,0,120,82.9,82.9,0.0,4570.73962,0.0
2019-02-01,0,0,123,0.0,0.0,0.0,-0.0,0.0
2019-02-01,0,0,125,85.74,85.74,0.0,-2008.212961,0.0
2019-02-01,0,0,126,0.0,0.0,0.0,-0.0,0.0
2019-02-01,0,0,127,0.0,0.0,0.0,-0.0,0.0
2019-02-01,0,0,128,122.81,122.81,0.0,-2876.471119,0.0
2019-02-01,0,0,131,12.21,12.21,0.0,-488.09082,0.0
2019-02-01,0,0,132,17.95,17.95,0.0,-717.545472,0.0
2019-02-01,0,0,133,15.06,15.06,0.0,227.722468,0.0
2019-02-01,0,0,134,0.0,0.0,0.0,0.0,0.0
2019-02-01,0,0,135,20.18,20.18,0.0,305.142059,0.0
2019-02-01,0,0,136,2.79,2.79,0.0,41.202186,0.0
2019-02-01,0,0,139,53.86,53.86,0.0,-611.466883,0.0
2019-02-01,0,0,140,20.08,20.08,0.0,238.978363,0.0
2019-02-01,0,0,141,111.05,111.05,0.0,-2753.182939,0.0
2019-02-01,0,0,142,0.0,0.0,0.0,-0.0,0.0
2019-02-01,0,0,143,46.78,46.78,0.0,-1106.346461,0.0
2019-02-01,0,0,145,10.51,10.51,0.0,-171.373623,0.0
2019-02-01,0,0,146,18.11,18.11,0.0,215.532776,0.0
2019-02-01,0,0,152,0.0,0.0,0.0,0.0,0.0
2019-02-01,0,0,153,0.0,0.0,0.0,0.0,0.0
2019-02-01,0,0,154,0.0,0.0,0.0,-0.0,0.0
2019-02-01,0,0,157,16.88,16.88,0.0,-418.493724,0.0
2019-02-01,0,0,158,0.0,0.0,0.0,-0.0,0.0
2019-02-01,0,0,159,0.0,0.0,0.0,0.0,0.0
2019-02-01,0,0,160,0.0,0.0,0.0,0.0,0.0
2019-02-01,0,0,161,0.0,0.0,0.0,-0.0,0.0
2019-02-01,0,0,162,26.49,26.49,0.0,25374.125388,0.0
2019-02-01,0,0,163,59.44,59.44,0.0,707.414038,0.0
2019-02-01,0,0,164,0.0,0.0,0.0,-0.0,0.0
2019-02-01,0,0,167,0.0,0.0,0.0,0.0,0.0
2019-02-01,0,0,168,0.0,0.0,0.0,0.0,0.0
2019-02-01,0,0,169,0.0,0.0,0.0,0.0,0.0
2019-02-01,0,0,170,0.0,0.0,0.0,0.0,0.0
2019-02-01,0,0,172,0.0,0.0,0.0,0.0,0.0
2019-02-01,0,0,173,0.0,0.0,0.0,0.0,0.0
2019-02-01,0,0,188,0.0,0.0,0.0,0.0,0.0
2019-02-01,0,0,190,0.0,0.0,0.0,0.0,0.0
2019-02-01,0,0,191,0.0,0.0,0.0,0.0,0.0
2019-02-01,0,0,192,71.99,71.99,0.0,3969.210437,0.0
2019-02-01,0,0,194,176.5,176.5,0.0,-12042.968184,0.0
2019-02-01,0,0,196,0.0,0.0,0.0,0.0,0.0
2019-02-01,0,0,198,0.0,0.0,0.0,0.0,0.0
2019-02-01,0,0,199,24.33,24.33,0.0,46.134165,0.0
2019-02-01,0,0,200,0.0,0.0,0.0,0.0,0.0
2019-02-01,0,0,204,857.0,857.0,0.0,-4167.896409,0.0
2019-02-01,0,0,205,1056.99,1056.99,0.0,-4094.977929,0.0
2019-02-01,0,0,206,200.32,200.32,0.0,-4785.269938,0.0
2019-02-01,0,0,210,0.0,0.0,0.0,0.0,0.0
2019-02-01,0,0,214,0.0,0.0,0.0,0.0,0.0
2019-02-01,0,0,217,0.0,0.0,0.0,0.0,0.0
2019-02-01,0,0,218,0.0,0.0,0.0,0.0,0.0
2019-02-01,0,0,219,0.0,0.0,0.0,0.0,0.0
2019-02-01,0,0,221,0.0,0.0,0.0,0.0,0.0
2019-02-01,0,0,225,0.0,0.0,0.0,0.0,0.0
2019-02-01,0,0,233,0.0,0.0,0.0,0.0,0.0
2019-02-01,0,0,236,5.31,5.31,0.0,57.745601,0.0
2019-02-01,0,0,237,19.87,19.87,0.0,123.363093,0.0
2019-02-01,0,0,238,0.0,0.0,0.0,0.0,0.0
2019-02-01,0,0,240,0.0,0.0,0.0,0.0,0.0
2019-02-01,0,0,245,9.42,9.42,0.0,152.814551,0.0
2019-02-01,0,0,247,7.78,7.78,0.0,126.209895,0.0
2019-02-01,0,0,248,1.99,1.99,0.0,12.354935,0.0
2019-02-01,0,0,249,17.65,17.65,0.0,286.324505,0.0
2019-02-01,0,0,251,23.92,23.92,0.0,341.578295,0.0
2019-02-01,0,0,252,11.81,11.81,0.0,174.607103,0.0
2019-02-01,0,0,254,0.0,0.0,0.0,0.0,0.0
2019-02-01,0,0,255,0.0,0.0,0.0,0.0,0.0
2019-02-01,0,0,258,0.0,0.0,0.0,0.0,0.0
2019-02-01,0,0,260,0.0,0.0,0.0,0.0,0.0
2019-02-01,0,0,265,0.0,0.0,0.0,-0.0,0.0
2019-02-01,0,0,266,34.88,34.88,0.0,-395.98895,0.0
2019-02-01,0,0,267,42.86,42.86,0.0,-486.585046,0.0
2019-02-01,0,0,270,185.64,185.64,0.0,2209.359725,0.0
2019-02-01,0,0,272,275.7,275.7,0.0,-14485.619781,0.0
2019-02-01,0,0,273,0.0,0.0,0.0,0.0,0.0
2019-02-01,0,0,274,239.31,239.31,0.0,2848.103188,0.0
2019-02-01,0,0,275,333.13,333.13,0.0,3964.684363,0.0
2019-02-01,0,0,276,0.0,0.0,0.0,0.0,0.0
2019-02-01,0,0,277,0.0,0.0,0.0,-0.0,0.0
2019-02-01,0,0,278,0.0,0.0,0.0,-0.0,0.0
2019-02-01,0,0,279,134.52,134.52,0.0,-6676.416338,0.0
2019-02-01,0,0,281,4.09,4.09,0.0,-96.728453,0.0
2019-02-01,0,0,282,0.0,0.0,0.0,-0.0,0.0
2019-02-01,1,0,9,0.0,0.0,0.0,0.0,0.0
2019-02-01,1,0,17,0.0,0.0,0.0,0.0,0.0
2019-02-01,1,0,19,79.33,79.33,0.0,653.215909,0.0
2019-02-01,1,0,20,96.21,96.21,0.0,792.208529,0.0
2019-02-01,1,0,21,0.0,0.0,0.0,0.0,0.0
2019-02-01,1,0,22,0.0,0.0,0.0,0.0,0.0
2019-02-01,1,0,23,51.92,51.92,0.0,320.461006,0.0
2019-02-01,1,0,24,91.85,91.85,0.0,566.917247,0.0
2019-02-01,1,0,29,0.0,0.0,0.0,0.0,0.0
2019-02-01,1,0,30,0.0,0.0,0.0,0.0,0.0
2019-02-01,1,0,31,17.18,17.18,0.0,105.81388,0.0
2019-02-01,1,0,32,0.0,0.0,0.0,0.0,0.0
2019-02-01,1,0,33,0.0,0.0,0.0,0.0,0.0
2019-02-01,1,0,34,0.0,0.0,0.0,0.0,0.0
2019-02-01,1,0,35,0.0,0.0,0.0,0.0,0.0
2019-02-01,1,0,36,0.0,0.0,0.0,0.0,0.0
2019-02-01,1,0,37,0.0,0.0,0.0,0.0,0.0
2019-02-01,1,0,38,0.0,0.0,0.0,0.0,0.0
2019-02-01,1,0,39,0.0,0.0,0.0,0.0,0.0
2019-02-01,1,0,40,0.0,0.0,0.0,0.0,0.0
2019-02-01,1,0,41,38.0,38.0,0.0,260.42481,0.0
2019-02-01,1,0,42,0.0,0.0,0.0,0.0,0.0
2019-02-01,1,0,43,0.0,0.0,0.0,0.0,0.0
2019-02-01,1,0,46,0.0,0.0,0.0,0.0,0.0
2019-02-01,1,0,52,18.29,18.29,0.0,112.650516,0.0
2019-02-01,1,0,53,29.9,29.9,0.0,184.158034,0.0
2019-02-01,1,0,55,186.86,186.86,0.0,1153.338668,0.0
2019-02-01,1,0,56,0.0,0.0,0.0,0.0,0.0
2019-02-01,1,0,57,0.0,0.0,0.0,0.0,0.0
2019-02-01,1,0,58,0.0,0.0,0.0,0.0,0.0
2019-02-01,1,0,59,0.0,0.0,0.0,0.0,0.0
2019-02-01,1,0,63,146.58,146.58,0.0,2072.643415,0.0
2019-02-01,1,0,64,172.45,172.45,0.0,2438.445606,0.0
2019-02-01,1,0,65,0.0,0.0,0.0,0.0,0.0
2019-02-01,1,0,67,0.0,0.0,0.0,0.0,0.0
2019-02-01,1,0,68,4.07,4.07,0.0,23.854086,0.0
2019-02-01,1,0,69,0.0,0.0,0.0,0.0,0.0
2019-02-01,1,0,74,4.93,4.93,0.0,38.476778,0.0
2019-02-01,1,0,77,125.79,125.79,0.0,618.284489,0.0
2019-02-01,1,0,78,95.1,95.1,0.0,467.43664,0.0
2019-02-01,1,0,79,55.03,55.03,0.0,270.484104,0.0
2019-02-01,1,0,80,89.0,89.0,0.0,437.453848,0.0
2019-02-01,1,0,81,116.36,116.36,0.0,571.934042,0.0
2019-02-01,1,0,82,82.08,82.08,0.0,403.440582,0.0
2019-02-01,1,0,83,183.03,183.03,0.0,899.631211,0.0
2019-02-01,1,0,84,0.0,0.0,0.0,0.0,0.0
2019-02-01,1,0,86,0.0,0.0,0.0,0.0,0.0
2019-02-01,1,0,87,0.0,0.0,0.0,0.0,0.0
2019-02-01,1,0,88,126.53,126.53,0.0,621.921746,0.0
2019-02-01,1,0,89,121.64,121.64,0.0,597.88636,0.0
2019-02-01,1,0,90,163.32,163.32,0.0,802.752387,0.0
2019-02-01,1,0,91,582.61,582.61,0.0,2863.651532,0.0
2019-02-01,1,0,92,209.53,209.53,0.0,1029.884323,0.0
2019-02-01,1,0,95,71.93,71.93,0.0,3685.219399,0.0
2019-02-01,1,0,96,9.7,9.7,0.0,59.611021,0.0
2019-02-01,1,0,97,59.64,59.64,0.0,366.515596,0.0
2019-02-01,1,0,99,0.95,0.95,0.0,7.414389,0.0
2019-02-01,1,0,101,0.0,0.0,0.0,0.0,0.0
2019-02-01,1,0,102,9.64,9.64,0.0,56.499605,0.0
2019-02-01,1,0,103,8.38,8.38,0.0,49.114801,0.0
2019-02-01,1,0,104,1.56,1.56,0.0,9.14309,0.0
2019-02-01,1,0,106,0.0,0.0,0.0,0.0,0.0
2019-02-01,1,0,109,174.82,174.82,0.0,1276.710158,0.0
2019-02-01,1,0,110,22.42,22.42,0.0,244.09166,0.0
2019-02-01,1,0,111,0.0,0.0,0.0,0.0,0.0
2019-02-01,1,0,113,47.76,47.76,0.0,209.486786,0.0
2019-02-01,1,0,115,47.76,47.76,0.0,209.486786,0.0
2019-02-01,1,0,116,0.0,0.0,0.0,0.0,0.0
2019-02-01,1,0,117,3.26,3.26,0.0,14.29914,0.0
2019-02-01,1,0,119,172.45,172.45,0.0,2438.445606,0.0
2019-02-01,1,0,120,101.4,101.4,0.0,1433.797532,0.0
2019-02-01,1,0,123,0.0,0.0,0.0,0.0,0.0
2019-02-01,1,0,125,83.12,83.12,0.0,513.033876,0.0
2019-02-01,1,0,126,0.0,0.0,0.0,0.0,0.0
2019-02-01,1,0,127,0.0,0.0,0.0,0.0,0.0
2019-02-01,1,0,128,119.05,119.05,0.0,734.801287,0.0
2019-02-01,1,0,131,12.04,12.04,0.0,66.587367,0.0
2019-02-01,1,0,132,17.7,17.7,0.0,97.890067,0.0
2019-02-01,1,0,133,6.48,6.48,0.0,53.366279,0.0
2019-02-01,1,0,134,0.0,0.0,0.0,0.0,0.0
2019-02-01,1,0,135,8.69,8.69,0.0,71.566815,0.0
2019-02-01,1,0,136,1.97,1.97,0.0,16.190924,0.0
2019-02-01,1,0,139,49.07,49.07,0.0,336.290669,0.0
2019-02-01,1,0,140,16.59,16.59,0.0,180.619119,0.0
2019-02-01,1,0,141,116.84,116.84,0.0,829.359159,0.0
2019-02-01,1,0,142,0.0,0.0,0.0,0.0,0.0
2019-02-01,1,0,143,65.94,65.94,0.0,406.133135,0.0
2019-02-01,1,0,145,9.36,9.36,0.0,61.623593,0.0
2019-02-01,1,0,146,17.66,17.66,0.0,192.268453,0.0
2019-02-01,1,0,152,0.0,0.0,0.0,0.0,0.0
2019-02-01,1,0,153,0.0,0.0,0.0,0.0,0.0
2019-02-01,1,0,154,0.0,0.0,0.0,0.0,0.0
2019-02-01,1,0,157,13.72,13.72,0.0,97.387946,0.0
2019-02-01,1,0,158,0.0,0.0,0.0,0.0,0.0
2019-02-01,1,0,159,0.0,0.0,0.0,0.0,0.0
2019-02-01,1,0,160,0.0,0.0,0.0,0.0,0.0
2019-02-01,1,0,161,0.0,0.0,0.0,0.0,0.0
2019-02-01,1,0,162,24.64,24.64,0.0,1263.217571,0.0
2019-02-01,1,0,163,60.76,60.76,0.0,661.507997,0.0
2019-02-01,1,0,164,0.0,0.0,0.0,0.0,0.0
2019-02-01,1,0,167,0.0,0.0,0.0,0.0,0.0
2019-02-01,1,0,168,0.0,0.0,0.0,0.0,0.0
2019-02-01,1,0,169,0.0,0.0,0.0,0.0,0.0
2019-02-01,1,0,170,0.0,0.0,0.0,0.0,0.0
2019-02-01,1,0,172,0.0,0.0,0.0,0.0,0.0
2019-02-01,1,0,173,0.0,0.0,0.0,0.0,0.0
2019-02-01,1,0,188,0.0,0.0,0.0,0.0,0.0
2019-02-01,1,0,190,0.0,0.0,0.0,0.0,0.0
2019-02-01,1,0,191,0.0,0.0,0.0,0.0,0.0
2019-02-01,1,0,192,63.64,63.64,0.0,899.870562,0.0
2019-02-01,1,0,194,176.5,176.5,0.0,524.507563,0.0
2019-02-01,1,0,196,0.0,0.0,0.0,0.0,0.0
2019-02-01,1,0,198,0.0,0.0,0.0,0.0,0.0
2019-02-01,1,0,199,46.07,46.07,0.0,374.356201,0.0
2019-02-01,1,0,200,0.0,0.0,0.0,0.0,0.0
2019-02-01,1,0,204,796.97,796.97,0.0,5779.17747,0.0
2019-02-01,1,0,205,924.82,924.82,0.0,6753.958861,0.0
2019-02-01,1,0,206,175.26,175.26,0.0,1077.054382,0.0
2019-02-01,1,0,210,0.0,0.0,0.0,0.0,0.0
2019-02-01,1,0,214,0.0,0.0,0.0,0.0,0.0
2019-02-01,1,0,217,0.0,0.0,0.0,0.0,0.0
2019-02-01,1,0,218,0.0,0.0,0.0,0.0,0.0
2019-02-01,1,0,219,0.0,0.0,0.0,0.0,0.0
2019-02-01,1,0,221,0.0,0.0,0.0,0.0,0.0
2019-02-01,1,0,225,0.0,0.0,0.0,0.0,0.0
2019-02-01,1,0,233,0.0,0.0,0.0,0.0,0.0
2019-02-01,1,0,236,0.0,0.0,0.0,0.0,0.0
2019-02-01,1,0,237,11.84,11.84,0.0,92.406703,0.0
2019-02-01,1,0,238,0.0,0.0,0.0,0.0,0.0
2019-02-01,1,0,240,0.0,0.0,0.0,0.0,0.0
2019-02-01,1,0,245,0.0,0.0,0.0,0.0,0.0
2019-02-01,1,0,247,0.0,0.0,0.0,0.0,0.0
2019-02-01,1,0,248,1.19,1.19,0.0,9.287498,0.0
2019-02-01,1,0,249,0.0,0.0,0.0,0.0,0.0
2019-02-01,1,0,251,10.05,10.05,0.0,82.365293,0.0
2019-02-01,1,0,252,0.0,0.0,0.0,0.0,0.0
2019-02-01,1,0,254,0.0,0.0,0.0,0.0,0.0
2019-02-01,1,0,255,0.0,0.0,0.0,0.0,0.0
2019-02-01,1,0,258,0.0,0.0,0.0,0.0,0.0
2019-02-01,1,0,260,0.0,0.0,0.0,0.0,0.0
2019-02-01,1,0,265,0.0,0.0,0.0,0.0,0.0
2019-02-01,1,0,266,31.77,31.77,0.0,217.728848,0.0
2019-02-01,1,0,267,39.04,39.04,0.0,267.552226,0.0
2019-02-01,1,0,270,189.75,189.75,0.0,2065.851586,0.0
2019-02-01,1,0,272,159.28,159.28,0.0,698.640185,0.0
2019-02-01,1,0,273,0.0,0.0,0.0,0.0,0.0
2019-02-01,1,0,274,244.61,244.61,0.0,2663.124935,0.0
2019-02-01,1,0,275,340.5,340.5,0.0,3707.101265,0.0
2019-02-01,1,0,276,0.0,0.0,0.0,0.0,0.0
2019-02-01,1,0,277,0.0,0.0,0.0,0.0,0.0
2019-02-01,1,0,278,0.0,0.0,0.0,0.0,0.0
2019-02-01,1,0,279,140.58,140.58,0.0,646.430822,0.0
2019-02-01,1,0,281,7.09,7.09,0.0,43.668243,0.0
2019-02-01,1,0,282,0.0,0.0,0.0,0.0,0.0
2019-02-01,2,0,9,0.0,0.0,0.0,0.0,0.0
2019-02-01,2,0,17,0.0,0.0,0.0,0.0,0.0
2019-02-01,2,0,19,82.55,82.55,0.0,814.088437,0.0
2019-02-01,2,0,20,100.12,100.12,0.0,987.359592,0.0
2019-02-01,2,0,21,0.0,0.0,0.0,0.0,0.0
2019-02-01,2,0,22,0.0,0.0,0.0,0.0,0.0
2019-02-01,2,0,23,46.36,46.36,0.0,171.178207,0.0
2019-02-01,2,0,24,82.02,82.02,0.0,302.848071,0.0
2019-02-01,2,0,29,0.0,0.0,0.0,0.0,0.0
2019-02-01,2,0,30,0.0,0.0,0.0,0.0,0.0
2019-02-01,2,0,31,6.63,6.63,0.0,24.222626,0.0
2019-02-01,2,0,32,0.0,0.0,0.0,-0.0,0.0
2019-02-01,2,0,33,0.0,0.0,0.0,0.0,0.0
2019-02-01,2,0,34,0.0,0.0,0.0,0.0,0.0
2019-02-01,2,0,35,0.0,0.0,0.0,0.0,0.0
2019-02-01,2,0,36,0.0,0.0,0.0,0.0,0.0
2019-02-01,2,0,37,0.0,0.0,0.0,0.0,0.0
2019-02-01,2,0,38,0.0,0.0,0.0,0.0,0.0
2019-02-01,2,0,39,0.0,0.0,0.0,0.0,0.0
2019-02-01,2,0,40,0.0,0.0,0.0,0.0,0.0
2019-02-01,2,0,41,30.47,30.47,0.0,174.303723,0.0
2019-02-01,2,0,42,0.0,0.0,0.0,0.0,0.0
2019-02-01,2,0,43,0.0,0.0,0.0,0.0,0.0
2019-02-01,2,0,46,0.0,0.0,0.0,0.0,0.0
2019-02-01,2,0,52,7.03,7.03,0.0,25.684021,0.0
2019-02-01,2,0,53,11.16,11.16,0.0,40.772926,0.0
2019-02-01,2,0,55,196.77,196.77,0.0,726.547365,0.0
2019-02-01,2,0,56,0.0,0.0,0.0,0.0,0.0
2019-02-01,2,0,57,0.0,0.0,0.0,0.0,0.0
2019-02-01,2,0,58,0.0,0.0,0.0,0.0,0.0
2019-02-01,2,0,59,0.0,0.0,0.0,0.0,0.0
2019-02-01,2,0,63,103.11,103.11,0.0,2376.618352,0.0
2019-02-01,2,0,64,121.3,121.3,0.0,2795.886007,0.0
2019-02-01,2,0,65,0.82,0.82,0.0,8.050372,0.0
2019-02-01,2,0,67,0.0,0.0,0.0,0.0,0.0
2019-02-01,2,0,68,3.7,3.7,0.0,7.965207,0.0
2019-02-01,2,0,69,0.0,0.0,0.0,0.0,0.0
2019-02-01,2,0,74,5.41,5.41,0.0,46.330331,0.0
2019-02-01,2,0,77,122.03,122.03,0.0,-5.445885,0.0
2019-02-01,2,0,78,92.25,92.25,0.0,-4.11688,0.0
2019-02-01,2,0,79,53.39,53.39,0.0,-2.382658,0.0
2019-02-01,2,0,80,86.33,86.33,0.0,-3.852686,0.0
2019-02-01,2,0,81,112.87,112.87,0.0,-5.037098,0.0
2019-02-01,2,0,82,79.62,79.62,0.0,-3.553236,0.0
2019-02-01,2,0,83,177.55,177.55,0.0,-7.923599,0.0
2019-02-01,2,0,84,0.0,0.0,0.0,0.0,0.0
2019-02-01,2,0,86,0.0,0.0,0.0,0.0,0.0
2019-02-01,2,0,87,0.0,0.0,0.0,0.0,0.0
2019-02-01,2,0,88,118.68,118.68,0.0,-5.296383,0.0
2019-02-01,2,0,89,114.09,114.09,0.0,-5.091543,0.0
2019-02-01,2,0,90,153.19,153.19,0.0,-6.836475,0.0
2019-02-01,2,0,91,546.47,546.47,0.0,-24.387549,0.0
2019-02-01,2,0,92,196.53,196.53,0.0,-8.770628,0.0
2019-02-01,2,0,95,15.93,15.93,0.0,2674.949266,0.0
2019-02-01,2,0,96,8.78,8.78,0.0,31.720858,0.0
2019-02-01,2,0,97,54.0,54.0,0.0,195.094117,0.0
2019-02-01,2,0,99,1.04,1.04,0.0,8.906385,0.0
2019-02-01,2,0,101,0.0,0.0,0.0,0.0,0.0
2019-02-01,2,0,102,8.77,8.77,0.0,18.879695,0.0
2019-02-01,2,0,103,7.63,7.63,0.0,16.42555,0.0
2019-02-01,2,0,104,1.42,1.42,0.0,3.056917,0.0
2019-02-01,2,0,106,0.0,0.0,0.0,0.0,0.0
2019-02-01,2,0,109,113.81,113.81,0.0,802.634935,0.0
2019-02-01,2,0,110,19.88,19.88,0.0,280.276451,0.0
2019-02-01,2,0,111,0.0,0.0,0.0,0.0,0.0
2019-02-01,2,0,113,43.42,43.42,0.0,-63.698172,0.0
2019-02-01,2,0,115,43.42,43.42,0.0,-63.698172,0.0
2019-02-01,2,0,116,0.0,0.0,0.0,0.0,0.0
2019-02-01,2,0,117,2.32,2.32,0.0,-3.403495,0.0
2019-02-01,2,0,119,121.3,121.3,0.0,2795.886007,0.0
2019-02-01,2,0,120,71.32,71.32,0.0,1643.879555,0.0
2019-02-01,2,0,123,0.0,0.0,0.0,0.0,0.0
2019-02-01,2,0,125,74.22,74.22,0.0,274.047596,0.0
2019-02-01,2,0,126,0.0,0.0,0.0,0.0,0.0
2019-02-01,2,0,127,0.0,0.0,0.0,0.0,0.0
2019-02-01,2,0,128,106.3,106.3,0.0,392.49878,0.0
2019-02-01,2,0,131,10.89,10.89,0.0,14.891149,0.0
2019-02-01,2,0,132,16.0,16.0,0.0,21.878639,0.0
2019-02-01,2,0,133,9.33,9.33,0.0,92.049122,0.0
2019-02-01,2,0,134,0.0,0.0,0.0,0.0,0.0
2019-02-01,2,0,135,12.5,12.5,0.0,123.324118,0.0
2019-02-01,2,0,136,1.94,1.94,0.0,19.04129,0.0
2019-02-01,2,0,139,39.34,39.34,0.0,225.044584,0.0
2019-02-01,2,0,140,14.72,14.72,0.0,207.52864,0.0
2019-02-01,2,0,141,103.6,103.6,0.0,527.67202,0.0
2019-02-01,2,0,142,0.0,0.0,0.0,0.0,0.0
2019-02-01,2,0,143,28.94,28.94,0.0,105.731943,0.0
2019-02-01,2,0,145,8.08,8.08,0.0,39.714585,0.0
2019-02-01,2,0,146,14.39,14.39,0.0,202.876164,0.0
2019-02-01,2,0,152,0.0,0.0,0.0,0.0,0.0
2019-02-01,2,0,153,0.0,0.0,0.0,0.0,0.0
2019-02-01,2,0,154,0.0,0.0,0.0,0.0,0.0
2019-02-01,2,0,157,6.5,6.5,0.0,33.106835,0.0
2019-02-01,2,0,158,0.0,0.0,0.0,0.0,0.0
2019-02-01,2,0,159,0.0,0.0,0.0,0.0,0.0
2019-02-01,2,0,160,0.0,0.0,0.0,0.0,0.0
2019-02-01,2,0,161,0.0,0.0,0.0,0.0,0.0
2019-02-01,2,0,162,14.3,14.3,0.0,2403.01881,0.0
2019-02-01,2,0,163,53.22,53.22,0.0,750.317542,0.0
2019-02-01,2,0,164,0.0,0.0,0.0,0.0,0.0
2019-02-01,2,0,167,0.0,0.0,0.0,0.0,0.0
2019-02-01,2,0,168,0.0,0.0,0.0,0.0,0.0
2019-02-01,2,0,169,0.0,0.0,0.0,0.0,0.0
2019-02-01,2,0,170,0.0,0.0,0.0,0.0,0.0
2019-02-01,2,0,172,0.0,0.0,0.0,0.0,0.0
2019-02-01,2,0,173,0.0,0.0,0.0,0.0,0.0
2019-02-01,2,0,188,0.0,0.0,0.0,0.0,0.0
2019-02-01,2,0,190,0.0,0.0,0.0,0.0,0.0
2019-02-01,2,0,191,0.0,0.0,0.0,0.0,0.0
2019-02-01,2,0,192,63.3,63.3,0.0,1459.023778,0.0
2019-02-01,2,0,194,176.5,176.5,0.0,-879.498361,0.0
2019-02-01,2,0,196,0.0,0.0,0.0,0.0,0.0
2019-02-01,2,0,198,0.0,0.0,0.0,0.0,0.0
2019-02-01,2,0,199,12.8,12.8,0.0,122.436865,0.0
2019-02-01,2,0,200,0.0,0.0,0.0,0.0,0.0
2019-02-01,2,0,204,526.36,526.36,0.0,3630.700792,0.0
2019-02-01,2,0,205,558.71,558.71,0.0,3940.25274,0.0
2019-02-01,2,0,206,158.69,158.69,0.0,573.323803,0.0
2019-02-01,2,0,210,0.0,0.0,0.0,0.0,0.0
2019-02-01,2,0,214,0.0,0.0,0.0,0.0,0.0
2019-02-01,2,0,217,0.0,0.0,0.0,0.0,0.0
2019-02-01,2,0,218,0.0,0.0,0.0,0.0,0.0
2019-02-01,2,0,219,0.0,0.0,0.0,0.0,0.0
2019-02-01,2,0,221,0.0,0.0,0.0,0.0,0.0
2019-02-01,2,0,225,0.0,0.0,0.0,0.0,0.0
2019-02-01,2,0,233,0.0,0.0,0.0,0.0,0.0
2019-02-01,2,0,236,5.75,5.75,0.0,53.232603,0.0
2019-02-01,2,0,237,12.98,12.98,0.0,111.158538,0.0
2019-02-01,2,0,238,0.0,0.0,0.0,0.0,0.0
2019-02-01,2,0,240,0.0,0.0,0.0,0.0,0.0
2019-02-01,2,0,245,1.81,1.81,0.0,18.144216,0.0
2019-02-01,2,0,247,0.0,0.0,0.0,0.0,0.0
2019-02-01,2,0,248,1.3,1.3,0.0,11.132982,0.0
2019-02-01,2,0,249,3.48,3.48,0.0,34.885012,0.0
2019-02-01,2,0,251,8.42,8.42,0.0,82.05205,0.0
2019-02-01,2,0,252,5.3,5.3,0.0,52.03289,0.0
2019-02-01,2,0,254,0.0,0.0,0.0,0.0,0.0
2019-02-01,2,0,255,0.0,0.0,0.0,0.0,0.0
2019-02-01,2,0,258,0.0,0.0,0.0,0.0,0.0
2019-02-01,2,0,260,0.0,0.0,0.0,0.0,0.0
2019-02-01,2,0,265,0.0,0.0,0.0,0.0,0.0
2019-02-01,2,0,266,25.48,25.48,0.0,145.758414,0.0
2019-02-01,2,0,267,31.31,31.31,0.0,179.108946,0.0
2019-02-01,2,0,270,166.2,166.2,0.0,2343.156248,0.0
2019-02-01,2,0,272,187.31,187.31,0.0,-274.788221,0.0
2019-02-01,2,0,273,0.0,0.0,0.0,0.0,0.0
2019-02-01,2,0,274,214.26,214.26,0.0,3020.725979,0.0
2019-02-01,2,0,275,298.25,298.25,0.0,4204.851691,0.0
2019-02-01,2,0,276,0.0,0.0,0.0,0.0,0.0
2019-02-01,2,0,277,0.0,0.0,0.0,-0.0,0.0
2019-02-01,2,0,278,0.0,0.0,0.0,-0.0,0.0
2019-02-01,2,0,279,120.52,120.52,0.0,-108.07777,0.0
2019-02-01,2,0,281,2.98,2.98,0.0,10.887394,0.0
2019-02-01,2,0,282,0.0,0.0,0.0,0.0,0.0
2019-02-01,3,0,9,0.0,0.0,0.0,0.0,0.0
2019-02-01,3,0,17,0.0,0.0,0.0,0.0,0.0
2019-02-01,3,0,19,86.04,86.04,0.0,1189.88712,0.0
2019-02-01,3,0,20,104.35,104.35,0.0,1443.104614,0.0
2019-02-01,3,0,21,0.0,0.0,0.0,0.0,0.0
2019-02-01,3,0,22,0.0,0.0,0.0,0.0,0.0
2019-02-01,3,0,23,41.51,41.51,0.0,201.921867,0.0
2019-02-01,3,0,24,73.45,73.45,0.0,357.291283,0.0
2019-02-01,3,0,29,0.0,0.0,0.0,0.0,0.0
2019-02-01,3,0,30,0.0,0.0,0.0,0.0,0.0
2019-02-01,3,0,31,5.98,5.98,0.0,28.78564,0.0
2019-02-01,3,0,32,0.0,0.0,0.0,-0.0,0.0
2019-02-01,3,0,33,0.0,0.0,0.0,0.0,0.0
2019-02-01,3,0,34,0.0,0.0,0.0,0.0,0.0
2019-02-01,3,0,35,0.0,0.0,0.0,0.0,0.0
2019-02-01,3,0,36,0.0,0.0,0.0,0.0,0.0
2019-02-01,3,0,37,0.0,0.0,0.0,0.0,0.0
2019-02-01,3,0,38,0.0,0.0,0.0,0.0,0.0
2019-02-01,3,0,39,0.0,0.0,0.0,0.0,0.0
2019-02-01,3,0,40,0.0,0.0,0.0,0.0,0.0
2019-02-01,3,0,41,24.2,24.2,0.0,183.510057,0.0
2019-02-01,3,0,42,0.0,0.0,0.0,0.0,0.0
2019-02-01,3,0,43,0.0,0.0,0.0,0.0,0.0
2019-02-01,3,0,46,0.0,0.0,0.0,0.0,0.0
2019-02-01,3,0,52,6.34,6.34,0.0,30.518555,0.0
2019-02-01,3,0,53,10.08,10.08,0.0,48.521614,0.0
2019-02-01,3,0,55,174.82,174.82,0.0,850.397034,0.0
2019-02-01,3,0,56,0.0,0.0,0.0,0.0,0.0
2019-02-01,3,0,57,0.0,0.0,0.0,0.0,0.0
2019-02-01,3,0,58,0.0,0.0,0.0,0.0,0.0
2019-02-01,3,0,59,0.0,0.0,0.0,0.0,0.0
2019-02-01,3,0,63,70.08,70.08,0.0,1631.267067,0.0
2019-02-01,3,0,64,82.45,82.45,0.0,1919.206188,0.0
2019-02-01,3,0,65,0.96,0.96,0.0,13.203006,0.0
2019-02-01,3,0,67,0.0,0.0,0.0,0.0,0.0
2019-02-01,3,0,68,3.35,3.35,0.0,7.157015,0.0
2019-02-01,3,0,69,0.0,0.0,0.0,0.0,0.0
2019-02-01,3,0,74,5.99,5.99,0.0,69.735116,0.0
2019-02-01,3,0,77,118.02,118.02,0.0,0.092075,0.0
2019-02-01,3,0,78,89.22,89.22,0.0,0.069606,0.0
2019-02-01,3,0,79,51.63,51.63,0.0,0.04028,0.0
2019-02-01,3,0,80,83.5,83.5,0.0,0.065144,0.0
2019-02-01,3,0,81,109.17,109.17,0.0,0.08517,0.0
2019-02-01,3,0,82,77.01,77.01,0.0,0.06008,0.0
2019-02-01,3,0,83,171.72,171.72,0.0,0.13397,0.0
2019-02-01,3,0,84,0.0,0.0,0.0,0.0,0.0
2019-02-01,3,0,86,0.0,0.0,0.0,0.0,0.0
2019-02-01,3,0,87,0.0,0.0,0.0,0.0,0.0
2019-02-01,3,0,88,111.26,111.26,0.0,0.086801,0.0
2019-02-01,3,0,89,106.95,106.95,0.0,0.083438,0.0
2019-02-01,3,0,90,143.6,143.6,0.0,0.112031,0.0
2019-02-01,3,0,91,512.26,512.26,0.0,0.399647,0.0
2019-02-01,3,0,92,184.23,184.23,0.0,0.14373,0.0
2019-02-01,3,0,95,7.61,7.61,0.0,1322.313008,0.0
2019-02-01,3,0,96,7.92,7.92,0.0,37.703953,0.0
2019-02-01,3,0,97,48.71,48.71,0.0,231.888831,0.0
2019-02-01,3,0,99,1.16,1.16,0.0,13.50463,0.0
2019-02-01,3,0,101,0.0,0.0,0.0,0.0,0.0
2019-02-01,3,0,102,7.94,7.94,0.0,16.963194,0.0
2019-02-01,3,0,103,6.9,6.9,0.0,14.741314,0.0
2019-02-01,3,0,104,1.28,1.28,0.0,2.734621,0.0
2019-02-01,3,0,106,0.0,0.0,0.0,0.0,0.0
2019-02-01,3,0,109,72.94,72.94,0.0,670.736791,0.0
2019-02-01,3,0,110,17.68,17.68,0.0,250.165767,0.0
2019-02-01,3,0,111,0.0,0.0,0.0,0.0,0.0
2019-02-01,3,0,113,30.39,30.39,0.0,-50.85048,0.0
2019-02-01,3,0,115,30.39,30.39,0.0,-50.85048,0.0
2019-02-01,3,0,116,0.0,0.0,0.0,0.0,0.0
2019-02-01,3,0,117,1.56,1.56,0.0,-2.610291,0.0
2019-02-01,3,0,119,82.45,82.45,0.0,1919.206188,0.0
2019-02-01,3,0,120,48.48,48.48,0.0,1128.479272,0.0
2019-02-01,3,0,123,0.0,0.0,0.0,0.0,0.0
2019-02-01,3,0,125,66.46,66.46,0.0,323.289022,0.0
2019-02-01,3,0,126,0.0,0.0,0.0,0.0,0.0
2019-02-01,3,0,127,0.0,0.0,0.0,0.0,0.0
2019-02-01,3,0,128,95.19,95.19,0.0,463.043666,0.0
2019-02-01,3,0,131,9.82,9.82,0.0,13.223968,0.0
2019-02-01,3,0,132,14.44,14.44,0.0,19.445427,0.0
2019-02-01,3,0,133,7.4,7.4,0.0,102.391256,0.0
2019-02-01,3,0,134,0.0,0.0,0.0,0.0,0.0
2019-02-01,3,0,135,9.91,9.91,0.0,137.121263,0.0
2019-02-01,3,0,136,1.96,1.96,0.0,26.947923,0.0
2019-02-01,3,0,139,31.26,31.26,0.0,237.046462,0.0
2019-02-01,3,0,140,13.09,13.09,0.0,185.218885,0.0
2019-02-01,3,0,141,92.04,92.04,0.0,468.820137,0.0
2019-02-01,3,0,142,0.0,0.0,0.0,0.0,0.0
2019-02-01,3,0,143,11.65,11.65,0.0,56.079048,0.0
2019-02-01,3,0,145,6.95,6.95,0.0,44.769169,0.0
2019-02-01,3,0,146,11.77,11.77,0.0,166.541351,0.0
2019-02-01,3,0,152,0.0,0.0,0.0,0.0,0.0
2019-02-01,3,0,153,0.0,0.0,0.0,0.0,0.0
2019-02-01,3,0,154,0.0,0.0,0.0,0.0,0.0
2019-02-01,3,0,157,0.0,0.0,0.0,0.0,0.0
2019-02-01,3,0,158,0.0,0.0,0.0,0.0,0.0
2019-02-01,3,0,159,0.0,0.0,0.0,0.0,0.0
2019-02-01,3,0,160,0.0,0.0,0.0,0.0,0.0
2019-02-01,3,0,161,0.0,0.0,0.0,0.0,0.0
2019-02-01,3,0,162,7.61,7.61,0.0,1323.302117,0.0
2019-02-01,3,0,163,46.82,46.82,0.0,662.486495,0.0
2019-02-01,3,0,164,0.0,0.0,0.0,0.0,0.0
2019-02-01,3,0,167,0.0,0.0,0.0,0.0,0.0
2019-02-01,3,0,168,0.0,0.0,0.0,0.0,0.0
2019-02-01,3,0,169,0.0,0.0,0.0,0.0,0.0
2019-02-01,3,0,170,0.0,0.0,0.0,0.0,0.0
2019-02-01,3,0,172,0.0,0.0,0.0,0.0,0.0
2019-02-01,3,0,173,0.0,0.0,0.0,0.0,0.0
2019-02-01,3,0,188,0.0,0.0,0.0,0.0,0.0
2019-02-01,3,0,190,0.0,0.0,0.0,0.0,0.0
2019-02-01,3,0,191,0.0,0.0,0.0,0.0,0.0
2019-02-01,3,0,192,63.27,63.27,0.0,1472.749248,0.0
2019-02-01,3,0,194,165.27,165.27,0.0,-898.474525,0.0
2019-02-01,3,0,196,0.0,0.0,0.0,0.0,0.0
2019-02-01,3,0,198,0.0,0.0,0.0,0.0,0.0
2019-02-01,3,0,199,8.64,8.64,0.0,74.716369,0.0
2019-02-01,3,0,200,0.0,0.0,0.0,0.0,0.0
2019-02-01,3,0,204,326.27,326.27,0.0,2923.984265,0.0
2019-02-01,3,0,205,385.88,385.88,0.0,3548.44959,0.0
2019-02-01,3,0,206,143.13,143.13,0.0,681.384694,0.0
2019-02-01,3,0,210,0.0,0.0,0.0,0.0,0.0
2019-02-01,3,0,214,0.0,0.0,0.0,0.0,0.0
2019-02-01,3,0,217,0.0,0.0,0.0,0.0,0.0
2019-02-01,3,0,218,0.0,0.0,0.0,0.0,0.0
2019-02-01,3,0,219,0.0,0.0,0.0,0.0,0.0
2019-02-01,3,0,221,0.0,0.0,0.0,0.0,0.0
2019-02-01,3,0,225,0.0,0.0,0.0,0.0,0.0
2019-02-01,3,0,233,0.0,0.0,0.0,0.0,0.0
2019-02-01,3,0,236,10.0,10.0,0.0,127.792933,0.0
2019-02-01,3,0,237,14.37,14.37,0.0,167.294427,0.0
2019-02-01,3,0,238,0.0,0.0,0.0,0.0,0.0
2019-02-01,3,0,240,0.0,0.0,0.0,0.0,0.0
2019-02-01,3,0,245,3.37,3.37,0.0,47.551255,0.0
2019-02-01,3,0,247,3.74,3.74,0.0,52.772016,0.0
2019-02-01,3,0,248,1.44,1.44,0.0,16.764368,0.0
2019-02-01,3,0,249,6.48,6.48,0.0,91.433867,0.0
2019-02-01,3,0,251,7.93,7.93,0.0,108.068488,0.0
2019-02-01,3,0,252,6.17,6.17,0.0,84.856819,0.0
2019-02-01,3,0,254,0.0,0.0,0.0,0.0,0.0
2019-02-01,3,0,255,0.0,0.0,0.0,0.0,0.0
2019-02-01,3,0,258,0.0,0.0,0.0,0.0,0.0
2019-02-01,3,0,260,0.0,0.0,0.0,0.0,0.0
2019-02-01,3,0,265,0.0,0.0,0.0,0.0,0.0
2019-02-01,3,0,266,20.24,20.24,0.0,153.481139,0.0
2019-02-01,3,0,267,24.87,24.87,0.0,188.590708,0.0
2019-02-01,3,0,270,146.23,146.23,0.0,2069.10295,0.0
2019-02-01,3,0,272,124.15,124.15,0.0,-207.735673,0.0
2019-02-01,3,0,273,0.0,0.0,0.0,0.0,0.0
2019-02-01,3,0,274,188.51,188.51,0.0,2667.350045,0.0
2019-02-01,3,0,275,262.4,262.4,0.0,3712.867496,0.0
2019-02-01,3,0,276,0.0,0.0,0.0,0.0,0.0
2019-02-01,3,0,277,0.0,0.0,0.0,-0.0,0.0
2019-02-01,3,0,278,0.0,0.0,0.0,-0.0,0.0
2019-02-01,3,0,279,103.21,103.21,0.0,-103.428023,0.0
2019-02-01,3,0,281,2.69,2.69,0.0,12.948724,0.0
2019-02-01,3,0,282,0.0,0.0,0.0,0.0,0.0
2019-02-01,4,0,9,0.0,0.0,0.0,0.0,0.0
2019-02-01,4,0,17,0.0,0.0,0.0,0.0,0.0
2019-02-01,4,0,19,90.13,90.13,0.0,1242.333183,0.0
2019-02-01,4,0,20,109.31,109.31,0.0,1506.706316,0.0
2019-02-01,4,0,21,0.0,0.0,0.0,0.0,0.0
2019-02-01,4,0,22,0.0,0.0,0.0,0.0,0.0
2019-02-01,4,0,23,33.6,33.6,0.0,362.406529,0.0
2019-02-01,4,0,24,55.53,55.53,0.0,598.941504,0.0
2019-02-01,4,0,29,0.0,0.0,0.0,0.0,0.0
2019-02-01,4,0,30,0.0,0.0,0.0,0.0,0.0
2019-02-01,4,0,31,5.7,5.7,0.0,61.396854,0.0
2019-02-01,4,0,32,0.0,0.0,0.0,0.0,0.0
2019-02-01,4,0,33,0.0,0.0,0.0,0.0,0.0
2019-02-01,4,0,34,0.0,0.0,0.0,0.0,0.0
2019-02-01,4,0,35,0.0,0.0,0.0,0.0,0.0
2019-02-01,4,0,36,0.0,0.0,0.0,0.0,0.0
2019-02-01,4,0,37,0.0,0.0,0.0,0.0,0.0
2019-02-01,4,0,38,0.0,0.0,0.0,0.0,0.0
2019-02-01,4,0,39,0.0,0.0,0.0,0.0,0.0
2019-02-01,4,0,40,0.0,0.0,0.0,0.0,0.0
2019-02-01,4,0,41,19.23,19.23,0.0,223.022601,0.0
2019-02-01,4,0,42,0.0,0.0,0.0,0.0,0.0
2019-02-01,4,0,43,0.0,0.0,0.0,0.0,0.0
2019-02-01,4,0,46,0.0,0.0,0.0,0.0,0.0
2019-02-01,4,0,52,6.04,6.04,0.0,65.059122,0.0
2019-02-01,4,0,53,9.6,9.6,0.0,103.405228,0.0
2019-02-01,4,0,55,155.53,155.53,0.0,1677.532363,0.0
2019-02-01,4,0,56,0.0,0.0,0.0,0.0,0.0
2019-02-01,4,0,57,0.0,0.0,0.0,0.0,0.0
2019-02-01,4,0,58,0.0,0.0,0.0,0.0,0.0
2019-02-01,4,0,59,0.0,0.0,0.0,0.0,0.0
2019-02-01,4,0,63,45.91,45.91,0.0,715.37038,0.0
2019-02-01,4,0,64,54.01,54.01,0.0,841.584714,0.0
2019-02-01,4,0,65,1.17,1.17,0.0,16.091163,0.0
2019-02-01,4,0,67,0.0,0.0,0.0,0.0,0.0
2019-02-01,4,0,68,3.04,3.04,0.0,30.599242,0.0
2019-02-01,4,0,69,0.0,0.0,0.0,0.0,0.0
2019-02-01,4,0,74,6.58,6.58,0.0,85.038867,0.0
2019-02-01,4,0,77,114.15,114.15,0.0,1073.126358,0.0
2019-02-01,4,0,78,86.3,86.3,0.0,811.307969,0.0
2019-02-01,4,0,79,49.94,49.94,0.0,469.486906,0.0
2019-02-01,4,0,80,80.76,80.76,0.0,759.226322,0.0
2019-02-01,4,0,81,105.59,105.59,0.0,992.653633,0.0
2019-02-01,4,0,82,74.48,74.48,0.0,700.187921,0.0
2019-02-01,4,0,83,166.09,166.09,0.0,1561.415303,0.0
2019-02-01,4,0,84,0.0,0.0,0.0,0.0,0.0
2019-02-01,4,0,86,0.0,0.0,0.0,0.0,0.0
2019-02-01,4,0,87,0.0,0.0,0.0,0.0,0.0
2019-02-01,4,0,88,103.99,103.99,0.0,977.612002,0.0
2019-02-01,4,0,89,99.97,99.97,0.0,939.819904,0.0
2019-02-01,4,0,90,134.23,134.23,0.0,1261.898827,0.0
2019-02-01,4,0,91,478.82,478.82,0.0,4501.396083,0.0
2019-02-01,4,0,92,172.2,172.2,0.0,1618.855531,0.0
2019-02-01,4,0,95,7.08,7.08,0.0,109.529238,0.0
2019-02-01,4,0,96,7.12,7.12,0.0,76.584086,0.0
2019-02-01,4,0,97,43.81,43.81,0.0,471.228766,0.0
2019-02-01,4,0,99,1.27,1.27,0.0,16.413277,0.0
2019-02-01,4,0,101,0.0,0.0,0.0,0.0,0.0
2019-02-01,4,0,102,7.19,7.19,0.0,72.371234,0.0
2019-02-01,4,0,103,6.25,6.25,0.0,62.909626,0.0
2019-02-01,4,0,104,1.16,1.16,0.0,11.676027,0.0
2019-02-01,4,0,106,0.0,0.0,0.0,0.0,0.0
2019-02-01,4,0,109,41.63,41.63,0.0,499.534069,0.0
2019-02-01,4,0,110,15.63,15.63,0.0,215.091057,0.0
2019-02-01,4,0,111,0.0,0.0,0.0,0.0,0.0
2019-02-01,4,0,113,14.2,14.2,0.0,126.530366,0.0
2019-02-01,4,0,115,14.2,14.2,0.0,126.530366,0.0
2019-02-01,4,0,116,0.0,0.0,0.0,0.0,0.0
2019-02-01,4,0,117,0.95,0.95,0.0,8.46506,0.0
2019-02-01,4,0,119,54.01,54.01,0.0,841.584714,0.0
2019-02-01,4,0,120,31.76,31.76,0.0,494.884846,0.0
2019-02-01,4,0,123,0.0,0.0,0.0,0.0,0.0
2019-02-01,4,0,125,50.95,50.95,0.0,549.542043,0.0
2019-02-01,4,0,126,0.0,0.0,0.0,0.0,0.0
2019-02-01,4,0,127,0.0,0.0,0.0,0.0,0.0
2019-02-01,4,0,128,69.2,69.2,0.0,746.384875,0.0
2019-02-01,4,0,131,8.8,8.8,0.0,86.438541,0.0
2019-02-01,4,0,132,12.94,12.94,0.0,127.103945,0.0
2019-02-01,4,0,133,14.4,14.4,0.0,198.528204,0.0
2019-02-01,4,0,134,0.0,0.0,0.0,0.0,0.0
2019-02-01,4,0,135,19.87,19.87,0.0,273.941349,0.0
2019-02-01,4,0,136,2.01,2.01,0.0,27.64041,0.0
2019-02-01,4,0,139,24.83,24.83,0.0,287.96938,0.0
2019-02-01,4,0,140,11.56,11.56,0.0,159.082061,0.0
2019-02-01,4,0,141,80.83,80.83,0.0,887.136484,0.0
2019-02-01,4,0,142,0.0,0.0,0.0,0.0,0.0
2019-02-01,4,0,143,8.66,8.66,0.0,93.280133,0.0
2019-02-01,4,0,145,6.0,6.0,0.0,67.369308,0.0
2019-02-01,4,0,146,9.73,9.73,0.0,133.898655,0.0
2019-02-01,4,0,152,0.0,0.0,0.0,0.0,0.0
2019-02-01,4,0,153,0.0,0.0,0.0,0.0,0.0
2019-02-01,4,0,154,0.0,0.0,0.0,0.0,0.0
2019-02-01,4,0,157,0.0,0.0,0.0,0.0,0.0
2019-02-01,4,0,158,0.0,0.0,0.0,0.0,0.0
2019-02-01,4,0,159,0.0,0.0,0.0,0.0,0.0
2019-02-01,4,0,160,0.0,0.0,0.0,0.0,0.0
2019-02-01,4,0,161,0.0,0.0,0.0,0.0,0.0
2019-02-01,4,0,162,3.61,3.61,0.0,55.862225,0.0
2019-02-01,4,0,163,41.67,41.67,0.0,573.438537,0.0
2019-02-01,4,0,164,0.0,0.0,0.0,0.0,0.0
2019-02-01,4,0,167,0.0,0.0,0.0,0.0,0.0
2019-02-01,4,0,168,0.0,0.0,0.0,0.0,0.0
2019-02-01,4,0,169,0.0,0.0,0.0,0.0,0.0
2019-02-01,4,0,170,0.0,0.0,0.0,0.0,0.0
2019-02-01,4,0,172,0.0,0.0,0.0,0.0,0.0
2019-02-01,4,0,173,0.0,0.0,0.0,0.0,0.0
2019-02-01,4,0,188,0.0,0.0,0.0,0.0,0.0
2019-02-01,4,0,190,0.0,0.0,0.0,0.0,0.0
2019-02-01,4,0,191,0.0,0.0,0.0,0.0,0.0
2019-02-01,4,0,192,63.37,63.37,0.0,987.432389,0.0
2019-02-01,4,0,194,127.14,127.14,0.0,988.614993,0.0
2019-02-01,4,0,196,0.0,0.0,0.0,0.0,0.0
2019-02-01,4,0,198,0.0,0.0,0.0,0.0,0.0
2019-02-01,4,0,199,5.84,5.84,0.0,57.644998,0.0
2019-02-01,4,0,200,0.0,0.0,0.0,0.0,0.0
2019-02-01,4,0,204,183.65,183.65,0.0,2188.607759,0.0
2019-02-01,4,0,205,220.23,220.23,0.0,2642.62282,0.0
2019-02-01,4,0,206,128.73,128.73,0.0,1384.64458,0.0
2019-02-01,4,0,210,0.0,0.0,0.0,0.0,0.0
2019-02-01,4,0,214,0.0,0.0,0.0,0.0,0.0
2019-02-01,4,0,217,0.0,0.0,0.0,0.0,0.0
2019-02-01,4,0,218,0.0,0.0,0.0,0.0,0.0
2019-02-01,4,0,219,0.0,0.0,0.0,0.0,0.0
2019-02-01,4,0,221,0.0,0.0,0.0,0.0,0.0
2019-02-01,4,0,225,0.0,0.0,0.0,0.0,0.0
2019-02-01,4,0,233,0.0,0.0,0.0,0.0,0.0
2019-02-01,4,0,236,16.14,16.14,0.0,215.615572,0.0
2019-02-01,4,0,237,15.78,15.78,0.0,203.938194,0.0
2019-02-01,4,0,238,0.0,0.0,0.0,0.0,0.0
2019-02-01,4,0,240,0.0,0.0,0.0,0.0,0.0
2019-02-01,4,0,245,5.74,5.74,0.0,79.76615,0.0
2019-02-01,4,0,247,5.61,5.61,0.0,77.9596,0.0
2019-02-01,4,0,248,1.58,1.58,0.0,20.419667,0.0
2019-02-01,4,0,249,11.03,11.03,0.0,153.278856,0.0
2019-02-01,4,0,251,8.5,8.5,0.0,116.473721,0.0
2019-02-01,4,0,252,7.53,7.53,0.0,103.561077,0.0
2019-02-01,4,0,254,0.0,0.0,0.0,0.0,0.0
2019-02-01,4,0,255,0.0,0.0,0.0,0.0,0.0
2019-02-01,4,0,258,0.0,0.0,0.0,0.0,0.0
2019-02-01,4,0,260,0.0,0.0,0.0,0.0,0.0
2019-02-01,4,0,265,0.0,0.0,0.0,0.0,0.0
2019-02-01,4,0,266,16.08,16.08,0.0,186.490038,0.0
2019-02-01,4,0,267,19.76,19.76,0.0,229.16935,0.0
2019-02-01,4,0,270,130.13,130.13,0.0,1790.774103,0.0
2019-02-01,4,0,272,47.45,47.45,0.0,422.807455,0.0
2019-02-01,4,0,273,0.0,0.0,0.0,0.0,0.0
2019-02-01,4,0,274,167.75,167.75,0.0,2308.478874,0.0
2019-02-01,4,0,275,233.51,233.51,0.0,3213.430115,0.0
2019-02-01,4,0,276,0.0,0.0,0.0,0.0,0.0
2019-02-01,4,0,277,0.0,0.0,0.0,0.0,0.0
2019-02-01,4,0,278,0.0,0.0,0.0,0.0,0.0
2019-02-01,4,0,279,88.53,88.53,0.0,806.261348,0.0
2019-02-01,4,0,281,2.56,2.56,0.0,27.574727,0.0
2019-02-01,4,0,282,0.0,0.0,0.0,0.0,0.0
2019-02-01,5,0,9,0.0,0.0,0.0,0.0,0.0
2019-02-01,5,0,17,0.0,0.0,0.0,0.0,0.0
2019-02-01,5,0,19,65.24,65.24,0.0,1274.585722,0.0
2019-02-01,5,0,20,79.12,79.12,0.0,1545.757546,0.0
2019-02-01,5,0,21,0.0,0.0,0.0,0.0,0.0
2019-02-01,5,0,22,0.0,0.0,0.0,0.0,0.0
2019-02-01,5,0,23,35.67,35.67,0.0,573.197,0.0
2019-02-01,5,0,24,63.11,63.11,0.0,1014.142491,0.0
2019-02-01,5,0,29,0.0,0.0,0.0,0.0,0.0
2019-02-01,5,0,30,0.0,0.0,0.0,0.0,0.0
2019-02-01,5,0,31,3.35,3.35,0.0,53.777536,0.0
2019-02-01,5,0,32,0.0,0.0,0.0,0.0,0.0
2019-02-01,5,0,33,0.0,0.0,0.0,0.0,0.0
2019-02-01,5,0,34,0.0,0.0,0.0,0.0,0.0
2019-02-01,5,0,35,0.0,0.0,0.0,0.0,0.0
2019-02-01,5,0,36,0.0,0.0,0.0,0.0,0.0
2019-02-01,5,0,37,0.0,0.0,0.0,0.0,0.0
2019-02-01,5,0,38,0.0,0.0,0.0,0.0,0.0
2019-02-01,5,0,39,0.0,0.0,0.0,0.0,0.0
2019-02-01,5,0,40,0.0,0.0,0.0,0.0,0.0
2019-02-01,5,0,41,14.2,14.2,0.0,241.314248,0.0
2019-02-01,5,0,42,0.0,0.0,0.0,0.0,0.0
2019-02-01,5,0,43,0.0,0.0,0.0,0.0,0.0
2019-02-01,5,0,46,0.0,0.0,0.0,0.0,0.0
2019-02-01,5,0,52,3.55,3.55,0.0,56.988135,0.0
2019-02-01,5,0,53,5.65,5.65,0.0,90.699426,0.0
2019-02-01,5,0,55,104.59,104.59,0.0,1680.702949,0.0
2019-02-01,5,0,56,0.0,0.0,0.0,0.0,0.0
2019-02-01,5,0,57,0.0,0.0,0.0,0.0,0.0
2019-02-01,5,0,58,0.0,0.0,0.0,0.0,0.0
2019-02-01,5,0,59,0.0,0.0,0.0,0.0,0.0
2019-02-01,5,0,63,41.55,41.55,0.0,855.280725,0.0
2019-02-01,5,0,64,48.88,48.88,0.0,1006.164184,0.0
2019-02-01,5,0,65,0.0,0.0,0.0,0.0,0.0
2019-02-01,5,0,67,0.0,0.0,0.0,0.0,0.0
2019-02-01,5,0,68,2.8,2.8,0.0,42.404589,0.0
2019-02-01,5,0,69,0.0,0.0,0.0,0.0,0.0
2019-02-01,5,0,74,2.69,2.69,0.0,49.827682,0.0
2019-02-01,5,0,77,100.77,100.77,0.0,1461.490616,0.0
2019-02-01,5,0,78,76.18,76.18,0.0,1104.856159,0.0
2019-02-01,5,0,79,44.09,44.09,0.0,639.447467,0.0
2019-02-01,5,0,80,71.3,71.3,0.0,1034.08039,0.0
2019-02-01,5,0,81,93.21,93.21,0.0,1351.846188,0.0
2019-02-01,5,0,82,65.75,65.75,0.0,953.587457,0.0
2019-02-01,5,0,83,146.62,146.62,0.0,2126.46377,0.0
2019-02-01,5,0,84,0.0,0.0,0.0,0.0,0.0
2019-02-01,5,0,86,0.0,0.0,0.0,0.0,0.0
2019-02-01,5,0,87,0.0,0.0,0.0,0.0,0.0
2019-02-01,5,0,88,88.43,88.43,0.0,1282.520742,0.0
2019-02-01,5,0,89,85.01,85.01,0.0,1232.919691,0.0
2019-02-01,5,0,90,114.15,114.15,0.0,1655.543851,0.0
2019-02-01,5,0,91,407.18,407.18,0.0,5905.425713,0.0
2019-02-01,5,0,92,146.44,146.44,0.0,2123.853189,0.0
2019-02-01,5,0,95,3.53,3.53,0.0,72.232674,0.0
2019-02-01,5,0,96,7.11,7.11,0.0,114.014592,0.0
2019-02-01,5,0,97,43.71,43.71,0.0,700.92515,0.0
2019-02-01,5,0,99,0.52,0.52,0.0,9.632117,0.0
2019-02-01,5,0,101,0.0,0.0,0.0,0.0,0.0
2019-02-01,5,0,102,6.64,6.64,0.0,100.559454,0.0
2019-02-01,5,0,103,5.77,5.77,0.0,87.383743,0.0
2019-02-01,5,0,104,1.07,1.07,0.0,16.204611,0.0
2019-02-01,5,0,106,0.0,0.0,0.0,0.0,0.0
2019-02-01,5,0,109,34.53,34.53,0.0,602.146343,0.0
2019-02-01,5,0,110,0.0,0.0,0.0,0.0,0.0
2019-02-01,5,0,111,0.0,0.0,0.0,0.0,0.0
2019-02-01,5,0,113,30.2,30.2,0.0,422.061898,0.0
2019-02-01,5,0,115,30.2,30.2,0.0,422.061898,0.0
2019-02-01,5,0,116,0.0,0.0,0.0,0.0,0.0
2019-02-01,5,0,117,1.45,1.45,0.0,20.264561,0.0
2019-02-01,5,0,119,48.88,48.88,0.0,1006.164184,0.0
2019-02-01,5,0,120,28.74,28.74,0.0,591.594899,0.0
2019-02-01,5,0,123,0.0,0.0,0.0,0.0,0.0
2019-02-01,5,0,125,57.11,57.11,0.0,917.725838,0.0
2019-02-01,5,0,126,0.0,0.0,0.0,0.0,0.0
2019-02-01,5,0,127,0.0,0.0,0.0,0.0,0.0
2019-02-01,5,0,128,81.79,81.79,0.0,1314.319669,0.0
2019-02-01,5,0,131,8.2,8.2,0.0,122.221616,0.0
2019-02-01,5,0,132,12.06,12.06,0.0,179.755206,0.0
2019-02-01,5,0,133,4.5,4.5,0.0,87.931294,0.0
2019-02-01,5,0,134,0.0,0.0,0.0,0.0,0.0
2019-02-01,5,0,135,6.41,6.41,0.0,125.253243,0.0
2019-02-01,5,0,136,0.0,0.0,0.0,0.0,0.0
2019-02-01,5,0,139,18.34,18.34,0.0,311.669247,0.0
2019-02-01,5,0,140,0.0,0.0,0.0,0.0,0.0
2019-02-01,5,0,141,75.62,75.62,0.0,1213.018281,0.0
2019-02-01,5,0,142,0.0,0.0,0.0,0.0,0.0
2019-02-01,5,0,143,10.69,10.69,0.0,171.606524,0.0
2019-02-01,5,0,145,5.74,5.74,0.0,95.103121,0.0
2019-02-01,5,0,146,5.8,5.8,0.0,108.960337,0.0
2019-02-01,5,0,152,0.0,0.0,0.0,0.0,0.0
2019-02-01,5,0,153,0.0,0.0,0.0,0.0,0.0
2019-02-01,5,0,154,0.0,0.0,0.0,0.0,0.0
2019-02-01,5,0,157,0.0,0.0,0.0,0.0,0.0
2019-02-01,5,0,158,0.0,0.0,0.0,0.0,0.0
2019-02-01,5,0,159,0.0,0.0,0.0,0.0,0.0
2019-02-01,5,0,160,0.0,0.0,0.0,0.0,0.0
2019-02-01,5,0,161,0.0,0.0,0.0,0.0,0.0
2019-02-01,5,0,162,4.69,4.69,0.0,95.989044,0.0
2019-02-01,5,0,163,34.7,34.7,0.0,651.883395,0.0
2019-02-01,5,0,164,0.0,0.0,0.0,0.0,0.0
2019-02-01,5,0,167,0.0,0.0,0.0,0.0,0.0
2019-02-01,5,0,168,0.0,0.0,0.0,0.0,0.0
2019-02-01,5,0,169,0.0,0.0,0.0,0.0,0.0
2019-02-01,5,0,170,0.0,0.0,0.0,0.0,0.0
2019-02-01,5,0,172,0.0,0.0,0.0,0.0,0.0
2019-02-01,5,0,173,0.0,0.0,0.0,0.0,0.0
2019-02-01,5,0,188,0.0,0.0,0.0,0.0,0.0
2019-02-01,5,0,190,0.0,0.0,0.0,0.0,0.0
2019-02-01,5,0,191,0.0,0.0,0.0,0.0,0.0
2019-02-01,5,0,192,33.5,33.5,0.0,689.576517,0.0
2019-02-01,5,0,194,104.25,104.25,0.0,1336.061506,0.0
2019-02-01,5,0,196,0.0,0.0,0.0,0.0,0.0
2019-02-01,5,0,198,0.0,0.0,0.0,0.0,0.0
2019-02-01,5,0,199,4.64,4.64,0.0,68.376358,0.0
2019-02-01,5,0,200,0.0,0.0,0.0,0.0,0.0
2019-02-01,5,0,204,153.24,153.24,0.0,2657.613663,0.0
2019-02-01,5,0,205,182.64,182.64,0.0,3184.940864,0.0
2019-02-01,5,0,206,128.43,128.43,0.0,2059.478769,0.0
2019-02-01,5,0,210,0.0,0.0,0.0,0.0,0.0
2019-02-01,5,0,214,0.0,0.0,0.0,0.0,0.0
2019-02-01,5,0,217,0.0,0.0,0.0,0.0,0.0
2019-02-01,5,0,218,0.0,0.0,0.0,0.0,0.0
2019-02-01,5,0,219,0.0,0.0,0.0,0.0,0.0
2019-02-01,5,0,221,0.0,0.0,0.0,0.0,0.0
2019-02-01,5,0,225,0.0,0.0,0.0,0.0,0.0
2019-02-01,5,0,233,0.0,0.0,0.0,0.0,0.0
2019-02-01,5,0,236,8.35,8.35,0.0,158.940628,0.0
2019-02-01,5,0,237,6.45,6.45,0.0,119.475298,0.0
2019-02-01,5,0,238,0.0,0.0,0.0,0.0,0.0
2019-02-01,5,0,240,0.0,0.0,0.0,0.0,0.0
2019-02-01,5,0,245,3.1,3.1,0.0,60.977209,0.0
2019-02-01,5,0,247,3.81,3.81,0.0,74.942956,0.0
2019-02-01,5,0,248,0.65,0.65,0.0,12.040146,0.0
2019-02-01,5,0,249,5.95,5.95,0.0,117.036901,0.0
2019-02-01,5,0,251,0.0,0.0,0.0,0.0,0.0
2019-02-01,5,0,252,0.0,0.0,0.0,0.0,0.0
2019-02-01,5,0,254,0.0,0.0,0.0,0.0,0.0
2019-02-01,5,0,255,0.0,0.0,0.0,0.0,0.0
2019-02-01,5,0,258,0.0,0.0,0.0,0.0,0.0
2019-02-01,5,0,260,0.0,0.0,0.0,0.0,0.0
2019-02-01,5,0,265,0.0,0.0,0.0,0.0,0.0
2019-02-01,5,0,266,11.87,11.87,0.0,201.718319,0.0
2019-02-01,5,0,267,14.59,14.59,0.0,247.941893,0.0
2019-02-01,5,0,270,108.36,108.36,0.0,2035.679673,0.0
2019-02-01,5,0,272,103.81,103.81,0.0,1450.802837,0.0
2019-02-01,5,0,273,0.0,0.0,0.0,0.0,0.0
2019-02-01,5,0,274,139.68,139.68,0.0,2624.065493,0.0
2019-02-01,5,0,275,194.44,194.44,0.0,3652.801363,0.0
2019-02-01,5,0,276,0.0,0.0,0.0,0.0,0.0
2019-02-01,5,0,277,0.0,0.0,0.0,0.0,0.0
2019-02-01,5,0,278,0.0,0.0,0.0,0.0,0.0
2019-02-01,5,0,279,78.27,78.27,0.0,1110.42523,0.0
2019-02-01,5,0,281,1.5,1.5,0.0,24.079494,0.0
2019-02-01,5,0,282,0.0,0.0,0.0,0.0,0.0
2019-02-01,6,0,9,0.0,0.0,0.0,0.0,0.0
2019-02-01,6,0,17,0.0,0.0,0.0,0.0,0.0
2019-02-01,6,0,19,47.9,47.9,0.0,709.641835,0.0
2019-02-01,6,0,20,58.09,58.09,0.0,860.607394,0.0
2019-02-01,6,0,21,0.0,0.0,0.0,0.0,0.0
2019-02-01,6,0,22,0.0,0.0,0.0,0.0,0.0
2019-02-01,6,0,23,35.85,35.85,0.0,431.77725,0.0
2019-02-01,6,0,24,63.43,63.43,0.0,763.950655,0.0
2019-02-01,6,0,29,0.0,0.0,0.0,0.0,0.0
2019-02-01,6,0,30,0.0,0.0,0.0,0.0,0.0
2019-02-01,6,0,31,2.22,2.22,0.0,26.710014,0.0
2019-02-01,6,0,32,0.0,0.0,0.0,0.0,0.0
2019-02-01,6,0,33,0.0,0.0,0.0,0.0,0.0
2019-02-01,6,0,34,0.0,0.0,0.0,0.0,0.0
2019-02-01,6,0,35,0.0,0.0,0.0,0.0,0.0
2019-02-01,6,0,36,0.0,0.0,0.0,0.0,0.0
2019-02-01,6,0,37,0.0,0.0,0.0,0.0,0.0
2019-02-01,6,0,38,0.0,0.0,0.0,0.0,0.0
2019-02-01,6,0,39,0.0,0.0,0.0,0.0,0.0
2019-02-01,6,0,40,0.0,0.0,0.0,0.0,0.0
2019-02-01,6,0,41,12.29,12.29,0.0,156.765432,0.0
2019-02-01,6,0,42,0.0,0.0,0.0,0.0,0.0
2019-02-01,6,0,43,0.0,0.0,0.0,0.0,0.0
2019-02-01,6,0,46,0.0,0.0,0.0,0.0,0.0
2019-02-01,6,0,52,2.35,2.35,0.0,28.274114,0.0
2019-02-01,6,0,53,3.73,3.73,0.0,44.877637,0.0
2019-02-01,6,0,55,42.3,42.3,0.0,509.461024,0.0
2019-02-01,6,0,56,0.0,0.0,0.0,0.0,0.0
2019-02-01,6,0,57,0.0,0.0,0.0,0.0,0.0
2019-02-01,6,0,58,0.0,0.0,0.0,0.0,0.0
2019-02-01,6,0,59,0.0,0.0,0.0,0.0,0.0
2019-02-01,6,0,63,40.15,40.15,0.0,691.069453,0.0
2019-02-01,6,0,64,47.23,47.23,0.0,812.931763,0.0
2019-02-01,6,0,65,0.0,0.0,0.0,0.0,0.0
2019-02-01,6,0,67,0.0,0.0,0.0,0.0,0.0
2019-02-01,6,0,68,2.67,2.67,0.0,30.853668,0.0
2019-02-01,6,0,69,0.0,0.0,0.0,0.0,0.0
2019-02-01,6,0,74,0.0,0.0,0.0,0.0,0.0
2019-02-01,6,0,77,91.23,91.23,0.0,990.764512,0.0
2019-02-01,6,0,78,68.97,68.97,0.0,749.019274,0.0
2019-02-01,6,0,79,39.91,39.91,0.0,433.425536,0.0
2019-02-01,6,0,80,64.54,64.54,0.0,700.909149,0.0
2019-02-01,6,0,81,84.39,84.39,0.0,916.481609,0.0
2019-02-01,6,0,82,59.53,59.53,0.0,646.50018,0.0
2019-02-01,6,0,83,132.74,132.74,0.0,1441.566166,0.0
2019-02-01,6,0,84,0.0,0.0,0.0,0.0,0.0
2019-02-01,6,0,86,0.0,0.0,0.0,0.0,0.0
2019-02-01,6,0,87,0.0,0.0,0.0,0.0,0.0
2019-02-01,6,0,88,76.61,76.61,0.0,831.990237,0.0
2019-02-01,6,0,89,73.65,73.65,0.0,799.844419,0.0
2019-02-01,6,0,90,98.89,98.89,0.0,1073.952676,0.0
2019-02-01,6,0,91,352.76,352.76,0.0,3830.999554,0.0
2019-02-01,6,0,92,126.87,126.87,0.0,1377.817534,0.0
2019-02-01,6,0,95,4.08,4.08,0.0,70.005594,0.0
2019-02-01,6,0,96,7.28,7.28,0.0,87.494814,0.0
2019-02-01,6,0,97,44.76,44.76,0.0,537.948884,0.0
2019-02-01,6,0,99,0.0,0.0,0.0,0.0,0.0
2019-02-01,6,0,101,0.0,0.0,0.0,0.0,0.0
2019-02-01,6,0,102,6.31,6.31,0.0,72.916347,0.0
2019-02-01,6,0,103,5.49,5.49,0.0,63.440688,0.0
2019-02-01,6,0,104,1.02,1.02,0.0,11.786795,0.0
2019-02-01,6,0,106,0.0,0.0,0.0,0.0,0.0
2019-02-01,6,0,109,35.09,35.09,0.0,458.699604,0.0
2019-02-01,6,0,110,0.0,0.0,0.0,0.0,0.0
2019-02-01,6,0,111,0.0,0.0,0.0,0.0,0.0
2019-02-01,6,0,113,36.1,36.1,0.0,375.788223,0.0
2019-02-01,6,0,115,36.1,36.1,0.0,375.788223,0.0
2019-02-01,6,0,116,0.0,0.0,0.0,0.0,0.0
2019-02-01,6,0,117,1.43,1.43,0.0,14.885794,0.0
2019-02-01,6,0,119,47.23,47.23,0.0,812.931763,0.0
2019-02-01,6,0,120,27.77,27.77,0.0,477.982533,0.0
2019-02-01,6,0,123,0.0,0.0,0.0,0.0,0.0
2019-02-01,6,0,125,57.4,57.4,0.0,691.325361,0.0
2019-02-01,6,0,126,0.0,0.0,0.0,0.0,0.0
2019-02-01,6,0,127,0.0,0.0,0.0,0.0,0.0
2019-02-01,6,0,128,82.22,82.22,0.0,990.257337,0.0
2019-02-01,6,0,131,7.86,7.86,0.0,88.873473,0.0
2019-02-01,6,0,132,11.56,11.56,0.0,130.709587,0.0
2019-02-01,6,0,133,2.62,2.62,0.0,38.822983,0.0
2019-02-01,6,0,134,0.0,0.0,0.0,0.0,0.0
2019-02-01,6,0,135,3.52,3.52,0.0,52.159122,0.0
2019-02-01,6,0,136,0.0,0.0,0.0,0.0,0.0
2019-02-01,6,0,139,15.87,15.87,0.0,202.43022,0.0
2019-02-01,6,0,140,0.0,0.0,0.0,0.0,0.0
2019-02-01,6,0,141,73.55,73.55,0.0,918.390373,0.0
2019-02-01,6,0,142,0.0,0.0,0.0,0.0,0.0
2019-02-01,6,0,143,14.32,14.32,0.0,172.291625,0.0
2019-02-01,6,0,145,5.76,5.76,0.0,71.533126,0.0
2019-02-01,6,0,146,7.08,7.08,0.0,108.58895,0.0
2019-02-01,6,0,152,0.0,0.0,0.0,0.0,0.0
2019-02-01,6,0,153,0.0,0.0,0.0,0.0,0.0
2019-02-01,6,0,154,0.0,0.0,0.0,0.0,0.0
2019-02-01,6,0,157,0.0,0.0,0.0,0.0,0.0
2019-02-01,6,0,158,0.0,0.0,0.0,0.0,0.0
2019-02-01,6,0,159,0.0,0.0,0.0,0.0,0.0
2019-02-01,6,0,160,0.0,0.0,0.0,0.0,0.0
2019-02-01,6,0,161,0.0,0.0,0.0,0.0,0.0
2019-02-01,6,0,162,6.09,6.09,0.0,104.511993,0.0
2019-02-01,6,0,163,30.72,30.72,0.0,471.165615,0.0
2019-02-01,6,0,164,0.0,0.0,0.0,0.0,0.0
2019-02-01,6,0,167,0.0,0.0,0.0,0.0,0.0
2019-02-01,6,0,168,0.0,0.0,0.0,0.0,0.0
2019-02-01,6,0,169,0.0,0.0,0.0,0.0,0.0
2019-02-01,6,0,170,0.0,0.0,0.0,0.0,0.0
2019-02-01,6,0,172,0.0,0.0,0.0,0.0,0.0
2019-02-01,6,0,173,0.0,0.0,0.0,0.0,0.0
2019-02-01,6,0,188,0.0,0.0,0.0,0.0,0.0
2019-02-01,6,0,190,0.0,0.0,0.0,0.0,0.0
2019-02-01,6,0,191,0.0,0.0,0.0,0.0,0.0
2019-02-01,6,0,192,19.9,19.9,0.0,342.522593,0.0
2019-02-01,6,0,194,86.47,86.47,0.0,803.863684,0.0
2019-02-01,6,0,196,0.0,0.0,0.0,0.0,0.0
2019-02-01,6,0,198,0.0,0.0,0.0,0.0,0.0
2019-02-01,6,0,199,3.62,3.62,0.0,37.250707,0.0
2019-02-01,6,0,200,0.0,0.0,0.0,0.0,0.0
2019-02-01,6,0,204,153.93,153.93,0.0,2000.266326,0.0
2019-02-01,6,0,205,185.61,185.61,0.0,2426.310447,0.0
2019-02-01,6,0,206,131.53,131.53,0.0,1580.795727,0.0
2019-02-01,6,0,210,0.0,0.0,0.0,0.0,0.0
2019-02-01,6,0,214,0.0,0.0,0.0,0.0,0.0
2019-02-01,6,0,217,0.0,0.0,0.0,0.0,0.0
2019-02-01,6,0,218,0.0,0.0,0.0,0.0,0.0
2019-02-01,6,0,219,0.0,0.0,0.0,0.0,0.0
2019-02-01,6,0,221,0.0,0.0,0.0,0.0,0.0
2019-02-01,6,0,225,0.0,0.0,0.0,0.0,0.0
2019-02-01,6,0,233,0.0,0.0,0.0,0.0,0.0
2019-02-01,6,0,236,3.62,3.62,0.0,52.103384,0.0
2019-02-01,6,0,237,0.0,0.0,0.0,0.0,0.0
2019-02-01,6,0,238,0.0,0.0,0.0,0.0,0.0
2019-02-01,6,0,240,0.0,0.0,0.0,0.0,0.0
2019-02-01,6,0,245,1.67,1.67,0.0,24.927774,0.0
2019-02-01,6,0,247,3.61,3.61,0.0,53.885788,0.0
2019-02-01,6,0,248,0.0,0.0,0.0,0.0,0.0
2019-02-01,6,0,249,3.21,3.21,0.0,47.915063,0.0
2019-02-01,6,0,251,0.0,0.0,0.0,0.0,0.0
2019-02-01,6,0,252,0.0,0.0,0.0,0.0,0.0
2019-02-01,6,0,254,0.0,0.0,0.0,0.0,0.0
2019-02-01,6,0,255,0.0,0.0,0.0,0.0,0.0
2019-02-01,6,0,258,0.0,0.0,0.0,0.0,0.0
2019-02-01,6,0,260,0.0,0.0,0.0,0.0,0.0
2019-02-01,6,0,265,0.0,0.0,0.0,0.0,0.0
2019-02-01,6,0,266,10.27,10.27,0.0,130.999266,0.0
2019-02-01,6,0,267,12.63,12.63,0.0,161.102311,0.0
2019-02-01,6,0,270,95.94,95.94,0.0,1471.472301,0.0
2019-02-01,6,0,272,127.39,127.39,0.0,1326.084811,0.0
2019-02-01,6,0,273,0.0,0.0,0.0,0.0,0.0
2019-02-01,6,0,274,123.68,123.68,0.0,1896.932397,0.0
2019-02-01,6,0,275,172.17,172.17,0.0,2640.644007,0.0
2019-02-01,6,0,276,0.0,0.0,0.0,0.0,0.0
2019-02-01,6,0,277,0.0,0.0,0.0,0.0,0.0
2019-02-01,6,0,278,0.0,0.0,0.0,0.0,0.0
2019-02-01,6,0,279,70.77,70.77,0.0,749.470557,0.0
2019-02-01,6,0,281,1.0,1.0,0.0,12.031538,0.0
2019-02-01,6,0,282,0.0,0.0,0.0,0.0,0.0
2019-02-01,7,0,9,0.0,0.0,0.0,0.0,0.0
2019-02-01,7,0,17,0.0,0.0,0.0,0.0,0.0
2019-02-01,7,0,19,36.41,36.41,0.0,501.086933,0.0
2019-02-01,7,0,20,44.16,44.16,0.0,607.745097,0.0
2019-02-01,7,0,21,0.0,0.0,0.0,0.0,0.0
2019-02-01,7,0,22,0.0,0.0,0.0,0.0,0.0
2019-02-01,7,0,23,37.88,37.88,0.0,509.6579,0.0
2019-02-01,7,0,24,67.02,67.02,0.0,901.723139,0.0
2019-02-01,7,0,29,0.0,0.0,0.0,0.0,0.0
2019-02-01,7,0,30,0.0,0.0,0.0,0.0,0.0
2019-02-01,7,0,31,4.71,4.71,0.0,63.377442,0.0
2019-02-01,7,0,32,0.0,0.0,0.0,0.0,0.0
2019-02-01,7,0,33,0.0,0.0,0.0,0.0,0.0
2019-02-01,7,0,34,0.0,0.0,0.0,0.0,0.0
2019-02-01,7,0,35,0.0,0.0,0.0,0.0,0.0
2019-02-01,7,0,36,0.0,0.0,0.0,0.0,0.0
2019-02-01,7,0,37,0.0,0.0,0.0,0.0,0.0
2019-02-01,7,0,38,0.0,0.0,0.0,0.0,0.0
2019-02-01,7,0,39,0.0,0.0,0.0,0.0,0.0
2019-02-01,7,0,40,0.0,0.0,0.0,0.0,0.0
2019-02-01,7,0,41,9.7,9.7,0.0,130.202025,0.0
2019-02-01,7,0,42,0.0,0.0,0.0,0.0,0.0
2019-02-01,7,0,43,0.0,0.0,0.0,0.0,0.0
2019-02-01,7,0,46,0.0,0.0,0.0,0.0,0.0
2019-02-01,7,0,52,5.0,5.0,0.0,67.279663,0.0
2019-02-01,7,0,53,7.94,7.94,0.0,106.840104,0.0
2019-02-01,7,0,55,46.46,46.46,0.0,625.097837,0.0
2019-02-01,7,0,56,0.0,0.0,0.0,0.0,0.0
2019-02-01,7,0,57,0.0,0.0,0.0,0.0,0.0
2019-02-01,7,0,58,0.0,0.0,0.0,0.0,0.0
2019-02-01,7,0,59,0.0,0.0,0.0,0.0,0.0
2019-02-01,7,0,63,41.27,41.27,0.0,783.683065,0.0
2019-02-01,7,0,64,48.55,48.55,0.0,921.924225,0.0
2019-02-01,7,0,65,0.0,0.0,0.0,0.0,0.0
2019-02-01,7,0,67,0.0,0.0,0.0,0.0,0.0
2019-02-01,7,0,68,2.63,2.63,0.0,37.487494,0.0
2019-02-01,7,0,69,0.0,0.0,0.0,0.0,0.0
2019-02-01,7,0,74,0.0,0.0,0.0,0.0,0.0
2019-02-01,7,0,77,85.92,85.92,0.0,1168.299874,0.0
2019-02-01,7,0,78,64.96,64.96,0.0,883.295621,0.0
2019-02-01,7,0,79,37.59,37.59,0.0,511.131195,0.0
2019-02-01,7,0,80,60.79,60.79,0.0,826.593917,0.0
2019-02-01,7,0,81,79.48,79.48,0.0,1080.731773,0.0
2019-02-01,7,0,82,56.07,56.07,0.0,762.41357,0.0
2019-02-01,7,0,83,125.02,125.02,0.0,1699.96334,0.0
2019-02-01,7,0,84,0.0,0.0,0.0,0.0,0.0
2019-02-01,7,0,86,0.0,0.0,0.0,0.0,0.0
2019-02-01,7,0,87,0.0,0.0,0.0,0.0,0.0
2019-02-01,7,0,88,68.37,68.37,0.0,929.663202,0.0
2019-02-01,7,0,89,65.72,65.72,0.0,893.629745,0.0
2019-02-01,7,0,90,88.24,88.24,0.0,1199.846146,0.0
2019-02-01,7,0,91,314.78,314.78,0.0,4280.230845,0.0
2019-02-01,7,0,92,113.21,113.21,0.0,1539.376498,0.0
2019-02-01,7,0,95,4.76,4.76,0.0,91.011559,0.0
2019-02-01,7,0,96,7.64,7.64,0.0,102.814459,0.0
2019-02-01,7,0,97,46.97,46.97,0.0,632.093603,0.0
2019-02-01,7,0,99,0.0,0.0,0.0,0.0,0.0
2019-02-01,7,0,101,0.0,0.0,0.0,0.0,0.0
2019-02-01,7,0,102,6.22,6.22,0.0,88.658635,0.0
2019-02-01,7,0,103,5.41,5.41,0.0,77.113057,0.0
2019-02-01,7,0,104,1.0,1.0,0.0,14.2538,0.0
2019-02-01,7,0,106,0.0,0.0,0.0,0.0,0.0
2019-02-01,7,0,109,43.38,43.38,0.0,577.028606,0.0
2019-02-01,7,0,110,0.0,0.0,0.0,0.0,0.0
2019-02-01,7,0,111,0.0,0.0,0.0,0.0,0.0
2019-02-01,7,0,113,18.86,18.86,0.0,254.062273,0.0
2019-02-01,7,0,115,18.86,18.86,0.0,254.062273,0.0
2019-02-01,7,0,116,0.0,0.0,0.0,0.0,0.0
2019-02-01,7,0,117,0.77,0.77,0.0,10.372638,0.0
2019-02-01,7,0,119,48.55,48.55,0.0,921.924225,0.0
2019-02-01,7,0,120,28.55,28.55,0.0,542.140816,0.0
2019-02-01,7,0,123,0.0,0.0,0.0,0.0,0.0
2019-02-01,7,0,125,60.65,60.65,0.0,816.017731,0.0
2019-02-01,7,0,126,0.0,0.0,0.0,0.0,0.0
2019-02-01,7,0,127,0.0,0.0,0.0,0.0,0.0
2019-02-01,7,0,128,86.87,86.87,0.0,1168.795718,0.0
2019-02-01,7,0,131,7.85,7.85,0.0,110.263939,0.0
2019-02-01,7,0,132,11.54,11.54,0.0,162.095013,0.0
2019-02-01,7,0,133,1.97,1.97,0.0,27.113527,0.0
2019-02-01,7,0,134,0.0,0.0,0.0,0.0,0.0
2019-02-01,7,0,135,2.64,2.64,0.0,36.334879,0.0
2019-02-01,7,0,136,0.0,0.0,0.0,0.0,0.0
2019-02-01,7,0,139,12.53,12.53,0.0,168.188801,0.0
2019-02-01,7,0,140,0.0,0.0,0.0,0.0,0.0
2019-02-01,7,0,141,74.31,74.31,0.0,1116.917981,0.0
2019-02-01,7,0,142,0.0,0.0,0.0,0.0,0.0
2019-02-01,7,0,143,10.15,10.15,0.0,136.577715,0.0
2019-02-01,7,0,145,6.1,6.1,0.0,81.736689,0.0
2019-02-01,7,0,146,14.16,14.16,0.0,246.512663,0.0
2019-02-01,7,0,152,0.0,0.0,0.0,0.0,0.0
2019-02-01,7,0,153,0.0,0.0,0.0,0.0,0.0
2019-02-01,7,0,154,0.0,0.0,0.0,0.0,0.0
2019-02-01,7,0,157,6.87,6.87,0.0,103.259676,0.0
2019-02-01,7,0,158,0.0,0.0,0.0,0.0,0.0
2019-02-01,7,0,159,0.0,0.0,0.0,0.0,0.0
2019-02-01,7,0,160,0.0,0.0,0.0,0.0,0.0
2019-02-01,7,0,161,0.0,0.0,0.0,0.0,0.0
2019-02-01,7,0,162,7.81,7.81,0.0,149.321244,0.0
2019-02-01,7,0,163,29.22,29.22,0.0,508.693503,0.0
2019-02-01,7,0,164,0.0,0.0,0.0,0.0,0.0
2019-02-01,7,0,167,0.0,0.0,0.0,0.0,0.0
2019-02-01,7,0,168,0.0,0.0,0.0,0.0,0.0
2019-02-01,7,0,169,0.0,0.0,0.0,0.0,0.0
2019-02-01,7,0,170,0.0,0.0,0.0,0.0,0.0
2019-02-01,7,0,172,0.0,0.0,0.0,0.0,0.0
2019-02-01,7,0,173,0.0,0.0,0.0,0.0,0.0
2019-02-01,7,0,188,0.0,0.0,0.0,0.0,0.0
2019-02-01,7,0,190,0.0,0.0,0.0,0.0,0.0
2019-02-01,7,0,191,0.0,0.0,0.0,0.0,0.0
2019-02-01,7,0,192,17.16,17.16,0.0,325.854165,0.0
2019-02-01,7,0,194,72.52,72.52,0.0,926.421691,0.0
2019-02-01,7,0,196,0.0,0.0,0.0,0.0,0.0
2019-02-01,7,0,198,0.0,0.0,0.0,0.0,0.0
2019-02-01,7,0,199,2.74,2.74,0.0,31.006962,0.0
2019-02-01,7,0,200,0.0,0.0,0.0,0.0,0.0
2019-02-01,7,0,204,185.35,185.35,0.0,2463.059295,0.0
2019-02-01,7,0,205,229.49,229.49,0.0,3052.611682,0.0
2019-02-01,7,0,206,138.02,138.02,0.0,1857.388952,0.0
2019-02-01,7,0,210,0.0,0.0,0.0,0.0,0.0
2019-02-01,7,0,214,0.0,0.0,0.0,0.0,0.0
2019-02-01,7,0,217,0.0,0.0,0.0,0.0,0.0
2019-02-01,7,0,218,0.0,0.0,0.0,0.0,0.0
2019-02-01,7,0,219,0.0,0.0,0.0,0.0,0.0
2019-02-01,7,0,221,0.0,0.0,0.0,0.0,0.0
2019-02-01,7,0,225,0.0,0.0,0.0,0.0,0.0
2019-02-01,7,0,233,0.0,0.0,0.0,0.0,0.0
2019-02-01,7,0,236,0.0,0.0,0.0,0.0,0.0
2019-02-01,7,0,237,0.0,0.0,0.0,0.0,0.0
2019-02-01,7,0,238,0.0,0.0,0.0,0.0,0.0
2019-02-01,7,0,240,0.0,0.0,0.0,0.0,0.0
2019-02-01,7,0,245,0.0,0.0,0.0,0.0,0.0
2019-02-01,7,0,247,4.88,4.88,0.0,67.325559,0.0
2019-02-01,7,0,248,0.0,0.0,0.0,0.0,0.0
2019-02-01,7,0,249,0.0,0.0,0.0,0.0,0.0
2019-02-01,7,0,251,0.0,0.0,0.0,0.0,0.0
2019-02-01,7,0,252,0.0,0.0,0.0,0.0,0.0
2019-02-01,7,0,254,0.0,0.0,0.0,0.0,0.0
2019-02-01,7,0,255,0.0,0.0,0.0,0.0,0.0
2019-02-01,7,0,258,0.0,0.0,0.0,0.0,0.0
2019-02-01,7,0,260,0.0,0.0,0.0,0.0,0.0
2019-02-01,7,0,265,0.0,0.0,0.0,0.0,0.0
2019-02-01,7,0,266,8.11,8.11,0.0,108.859631,0.0
2019-02-01,7,0,267,9.97,9.97,0.0,133.826205,0.0
2019-02-01,7,0,270,91.24,91.24,0.0,1588.405039,0.0
2019-02-01,7,0,272,67.11,67.11,0.0,904.036009,0.0
2019-02-01,7,0,273,0.0,0.0,0.0,0.0,0.0
2019-02-01,7,0,274,117.62,117.62,0.0,2047.656737,0.0
2019-02-01,7,0,275,163.73,163.73,0.0,2850.389709,0.0
2019-02-01,7,0,276,0.0,0.0,0.0,0.0,0.0
2019-02-01,7,0,277,0.0,0.0,0.0,0.0,0.0
2019-02-01,7,0,278,0.0,0.0,0.0,0.0,0.0
2019-02-01,7,0,279,65.64,65.64,0.0,887.564609,0.0
2019-02-01,7,0,281,2.11,2.11,0.0,28.392018,0.0
2019-02-01,7,0,282,0.0,0.0,0.0,0.0,0.0
2019-02-01,8,0,9,0.0,0.0,0.0,0.0,0.0
2019-02-01,8,0,17,0.0,0.0,0.0,0.0,0.0
2019-02-01,8,0,19,37.04,37.04,0.0,544.696204,0.0
2019-02-01,8,0,20,46.09,46.09,0.0,677.782074,0.0
2019-02-01,8,0,21,0.0,0.0,0.0,0.0,0.0
2019-02-01,8,0,22,0.0,0.0,0.0,0.0,0.0
2019-02-01,8,0,23,42.57,42.57,0.0,1106.05409,0.0
2019-02-01,8,0,24,75.32,75.32,0.0,1956.964859,0.0
2019-02-01,8,0,29,0.0,0.0,0.0,0.0,0.0
2019-02-01,8,0,30,0.0,0.0,0.0,0.0,0.0
2019-02-01,8,0,31,1.96,1.96,0.0,51.065696,0.0
2019-02-01,8,0,32,0.0,0.0,0.0,0.0,0.0
2019-02-01,8,0,33,0.0,0.0,0.0,0.0,0.0
2019-02-01,8,0,34,0.0,0.0,0.0,0.0,0.0
2019-02-01,8,0,35,0.0,0.0,0.0,0.0,0.0
2019-02-01,8,0,36,0.0,0.0,0.0,0.0,0.0
2019-02-01,8,0,37,0.0,0.0,0.0,0.0,0.0
2019-02-01,8,0,38,0.0,0.0,0.0,0.0,0.0
2019-02-01,8,0,39,0.0,0.0,0.0,0.0,0.0
2019-02-01,8,0,40,0.0,0.0,0.0,0.0,0.0
2019-02-01,8,0,41,2.56,2.56,0.0,56.937014,0.0
2019-02-01,8,0,42,0.0,0.0,0.0,0.0,0.0
2019-02-01,8,0,43,0.0,0.0,0.0,0.0,0.0
2019-02-01,8,0,46,0.0,0.0,0.0,0.0,0.0
2019-02-01,8,0,52,2.08,2.08,0.0,54.192167,0.0
2019-02-01,8,0,53,3.3,3.3,0.0,85.977958,0.0
2019-02-01,8,0,55,37.05,37.05,0.0,962.633404,0.0
2019-02-01,8,0,56,0.0,0.0,0.0,0.0,0.0
2019-02-01,8,0,57,0.0,0.0,0.0,0.0,0.0
2019-02-01,8,0,58,0.0,0.0,0.0,0.0,0.0
2019-02-01,8,0,59,0.0,0.0,0.0,0.0,0.0
2019-02-01,8,0,63,18.91,18.91,0.0,719.799264,0.0
2019-02-01,8,0,64,22.23,22.23,0.0,846.173329,0.0
2019-02-01,8,0,65,0.0,0.0,0.0,0.0,0.0
2019-02-01,8,0,67,0.0,0.0,0.0,0.0,0.0
2019-02-01,8,0,68,2.46,2.46,0.0,83.418136,0.0
2019-02-01,8,0,69,0.0,0.0,0.0,0.0,0.0
2019-02-01,8,0,74,0.0,0.0,0.0,0.0,0.0
2019-02-01,8,0,77,70.52,70.52,0.0,2319.877104,0.0
2019-02-01,8,0,78,53.25,53.25,0.0,1751.750649,0.0
2019-02-01,8,0,79,30.71,30.71,0.0,1010.25845,0.0
2019-02-01,8,0,80,49.81,49.81,0.0,1638.585912,0.0
2019-02-01,8,0,81,65.21,65.21,0.0,2145.19549,0.0
2019-02-01,8,0,82,45.92,45.92,0.0,1510.617649,0.0
2019-02-01,8,0,83,102.73,102.73,0.0,3379.480642,0.0
2019-02-01,8,0,84,0.0,0.0,0.0,0.0,0.0
2019-02-01,8,0,86,0.0,0.0,0.0,0.0,0.0
2019-02-01,8,0,87,0.0,0.0,0.0,0.0,0.0
2019-02-01,8,0,88,56.57,56.57,0.0,1860.967779,0.0
2019-02-01,8,0,89,54.6,54.6,0.0,1796.161229,0.0
2019-02-01,8,0,90,71.24,71.24,0.0,2343.562746,0.0
2019-02-01,8,0,91,223.32,223.32,0.0,7346.496807,0.0
2019-02-01,8,0,92,89.36,89.36,0.0,2939.651418,0.0
2019-02-01,8,0,95,3.75,3.75,0.0,147.532852,0.0
2019-02-01,8,0,96,8.6,8.6,0.0,224.710161,0.0
2019-02-01,8,0,97,52.87,52.87,0.0,1381.44491,0.0
2019-02-01,8,0,99,0.0,0.0,0.0,0.0,0.0
2019-02-01,8,0,101,0.0,0.0,0.0,0.0,0.0
2019-02-01,8,0,102,5.82,5.82,0.0,197.355103,0.0
2019-02-01,8,0,103,5.06,5.06,0.0,171.583646,0.0
2019-02-01,8,0,104,0.94,0.94,0.0,31.875223,0.0
2019-02-01,8,0,106,0.0,0.0,0.0,0.0,0.0
2019-02-01,8,0,109,37.03,37.03,0.0,731.660257,0.0
2019-02-01,8,0,110,8.92,8.92,0.0,326.370125,0.0
2019-02-01,8,0,111,0.0,0.0,0.0,0.0,0.0
2019-02-01,8,0,113,36.16,36.16,0.0,1239.804645,0.0
2019-02-01,8,0,115,36.16,36.16,0.0,1239.804645,0.0
2019-02-01,8,0,116,0.0,0.0,0.0,0.0,0.0
2019-02-01,8,0,117,1.87,1.87,0.0,64.116003,0.0
2019-02-01,8,0,119,22.23,22.23,0.0,846.173329,0.0
2019-02-01,8,0,120,13.11,13.11,0.0,499.025296,0.0
2019-02-01,8,0,123,0.0,0.0,0.0,0.0,0.0
2019-02-01,8,0,125,68.16,68.16,0.0,1770.93368,0.0
2019-02-01,8,0,126,0.0,0.0,0.0,0.0,0.0
2019-02-01,8,0,127,0.0,0.0,0.0,0.0,0.0
2019-02-01,8,0,128,97.63,97.63,0.0,2536.623462,0.0
2019-02-01,8,0,131,9.15,9.15,0.0,308.663366,0.0
2019-02-01,8,0,132,13.46,13.46,0.0,454.055618,0.0
2019-02-01,8,0,133,2.69,2.69,0.0,39.538083,0.0
2019-02-01,8,0,134,0.0,0.0,0.0,0.0,0.0
2019-02-01,8,0,135,3.61,3.61,0.0,53.060402,0.0
2019-02-01,8,0,136,0.0,0.0,0.0,0.0,0.0
2019-02-01,8,0,139,3.31,3.31,0.0,73.617779,0.0
2019-02-01,8,0,140,6.61,6.61,0.0,241.850507,0.0
2019-02-01,8,0,141,80.49,80.49,0.0,2782.477323,0.0
2019-02-01,8,0,142,0.0,0.0,0.0,0.0,0.0
2019-02-01,8,0,143,2.94,2.94,0.0,76.598544,0.0
2019-02-01,8,0,145,5.91,5.91,0.0,140.169156,0.0
2019-02-01,8,0,146,10.49,10.49,0.0,383.814194,0.0
2019-02-01,8,0,152,0.0,0.0,0.0,0.0,0.0
2019-02-01,8,0,153,0.0,0.0,0.0,0.0,0.0
2019-02-01,8,0,154,0.0,0.0,0.0,0.0,0.0
2019-02-01,8,0,157,5.01,5.01,0.0,173.191842,0.0
2019-02-01,8,0,158,0.0,0.0,0.0,0.0,0.0
2019-02-01,8,0,159,0.0,0.0,0.0,0.0,0.0
2019-02-01,8,0,160,0.0,0.0,0.0,0.0,0.0
2019-02-01,8,0,161,0.0,0.0,0.0,0.0,0.0
2019-02-01,8,0,162,5.51,5.51,0.0,216.648572,0.0
2019-02-01,8,0,163,17.8,17.8,0.0,651.276707,0.0
2019-02-01,8,0,164,0.0,0.0,0.0,0.0,0.0
2019-02-01,8,0,167,0.0,0.0,0.0,0.0,0.0
2019-02-01,8,0,168,0.0,0.0,0.0,0.0,0.0
2019-02-01,8,0,169,0.0,0.0,0.0,0.0,0.0
2019-02-01,8,0,170,0.0,0.0,0.0,0.0,0.0
2019-02-01,8,0,172,0.0,0.0,0.0,0.0,0.0
2019-02-01,8,0,173,0.0,0.0,0.0,0.0,0.0
2019-02-01,8,0,188,0.0,0.0,0.0,0.0,0.0
2019-02-01,8,0,190,0.0,0.0,0.0,0.0,0.0
2019-02-01,8,0,191,0.0,0.0,0.0,0.0,0.0
2019-02-01,8,0,192,11.56,11.56,0.0,440.025357,0.0
2019-02-01,8,0,194,67.4,67.4,0.0,2365.240332,0.0
2019-02-01,8,0,196,0.0,0.0,0.0,0.0,0.0
2019-02-01,8,0,198,0.0,0.0,0.0,0.0,0.0
2019-02-01,8,0,199,1.28,1.28,0.0,21.804728,0.0
2019-02-01,8,0,200,0.0,0.0,0.0,0.0,0.0
2019-02-01,8,0,204,152.78,152.78,0.0,3061.697207,0.0
2019-02-01,8,0,205,195.91,195.91,0.0,3870.903619,0.0
2019-02-01,8,0,206,155.37,155.37,0.0,4059.676484,0.0
2019-02-01,8,0,210,0.0,0.0,0.0,0.0,0.0
2019-02-01,8,0,214,0.0,0.0,0.0,0.0,0.0
2019-02-01,8,0,217,0.0,0.0,0.0,0.0,0.0
2019-02-01,8,0,218,0.0,0.0,0.0,0.0,0.0
2019-02-01,8,0,219,0.0,0.0,0.0,0.0,0.0
2019-02-01,8,0,221,0.0,0.0,0.0,0.0,0.0
2019-02-01,8,0,225,0.0,0.0,0.0,0.0,0.0
2019-02-01,8,0,233,0.0,0.0,0.0,0.0,0.0
2019-02-01,8,0,236,0.0,0.0,0.0,0.0,0.0
2019-02-01,8,0,237,0.0,0.0,0.0,0.0,0.0
2019-02-01,8,0,238,0.0,0.0,0.0,0.0,0.0
2019-02-01,8,0,240,0.0,0.0,0.0,0.0,0.0
2019-02-01,8,0,245,2.23,2.23,0.0,32.1452,0.0
2019-02-01,8,0,247,5.59,5.59,0.0,80.579224,0.0
2019-02-01,8,0,248,0.0,0.0,0.0,0.0,0.0
2019-02-01,8,0,249,4.29,4.29,0.0,61.839869,0.0
2019-02-01,8,0,251,0.0,0.0,0.0,0.0,0.0
2019-02-01,8,0,252,0.0,0.0,0.0,0.0,0.0
2019-02-01,8,0,254,0.0,0.0,0.0,0.0,0.0
2019-02-01,8,0,255,0.0,0.0,0.0,0.0,0.0
2019-02-01,8,0,258,0.0,0.0,0.0,0.0,0.0
2019-02-01,8,0,260,0.0,0.0,0.0,0.0,0.0
2019-02-01,8,0,265,0.0,0.0,0.0,0.0,0.0
2019-02-01,8,0,266,2.14,2.14,0.0,47.595785,0.0
2019-02-01,8,0,267,2.63,2.63,0.0,58.493885,0.0
2019-02-01,8,0,270,55.6,55.6,0.0,2034.324994,0.0
2019-02-01,8,0,272,125.18,125.18,0.0,4292.000703,0.0
2019-02-01,8,0,273,0.0,0.0,0.0,0.0,0.0
2019-02-01,8,0,274,71.67,71.67,0.0,2622.303459,0.0
2019-02-01,8,0,275,99.77,99.77,0.0,3650.44253,0.0
2019-02-01,8,0,276,0.0,0.0,0.0,0.0,0.0
2019-02-01,8,0,277,0.0,0.0,0.0,0.0,0.0
2019-02-01,8,0,278,0.0,0.0,0.0,0.0,0.0
2019-02-01,8,0,279,63.1,63.1,0.0,2128.324932,0.0
2019-02-01,8,0,281,0.88,0.88,0.0,22.927455,0.0
2019-02-01,8,0,282,0.0,0.0,0.0,0.0,0.0
2019-02-01,9,0,9,0.24,0.24,0.0,2.97707,0.0
2019-02-01,9,0,17,5.43,5.43,0.0,66.127936,0.0
2019-02-01,9,0,19,32.23,32.23,0.0,392.505224,0.0
2019-02-01,9,0,20,40.02,40.02,0.0,487.373847,0.0
2019-02-01,9,0,21,5.43,5.43,0.0,67.356199,0.0
2019-02-01,9,0,22,19.29,19.29,0.0,239.281968,0.0
2019-02-01,9,0,23,48.6,48.6,0.0,602.856592,0.0
2019-02-01,9,0,24,85.98,85.98,0.0,1066.535181,0.0
2019-02-01,9,0,29,0.96,0.96,0.0,10.293241,0.0
2019-02-01,9,0,30,39.79,39.79,0.0,493.669156,0.0
2019-02-01,9,0,31,3.97,3.97,0.0,49.255254,0.0
2019-02-01,9,0,32,0.65,0.65,0.0,11.540194,0.0
2019-02-01,9,0,33,0.24,0.24,0.0,2.925422,0.0
2019-02-01,9,0,34,0.38,0.38,0.0,4.631918,0.0
2019-02-01,9,0,35,0.38,0.38,0.0,4.631918,0.0
2019-02-01,9,0,36,1.45,1.45,0.0,17.546157,0.0
2019-02-01,9,0,37,0.66,0.66,0.0,7.97994,0.0
2019-02-01,9,0,38,0.84,0.84,0.0,10.156288,0.0
2019-02-01,9,0,39,0.56,0.56,0.0,6.770859,0.0
2019-02-01,9,0,40,0.56,0.56,0.0,6.770859,0.0
2019-02-01,9,0,41,1.98,1.98,0.0,24.336066,0.0
2019-02-01,9,0,42,10.28,10.28,0.0,125.167969,0.0
2019-02-01,9,0,43,4.57,4.57,0.0,55.008365,0.0
2019-02-01,9,0,46,3.84,3.84,0.0,46.492931,0.0
2019-02-01,9,0,52,4.22,4.22,0.0,52.35697,0.0
2019-02-01,9,0,53,6.73,6.73,0.0,83.498201,0.0
2019-02-01,9,0,55,32.54,32.54,0.0,403.641019,0.0
2019-02-01,9,0,56,11.74,11.74,0.0,145.656594,0.0
2019-02-01,9,0,57,11.17,11.17,0.0,138.584681,0.0
2019-02-01,9,0,58,21.47,21.47,0.0,266.37539,0.0
2019-02-01,9,0,59,21.11,21.11,0.0,261.908919,0.0
2019-02-01,9,0,63,8.61,8.61,0.0,151.810807,0.0
2019-02-01,9,0,64,10.13,10.13,0.0,178.611321,0.0
2019-02-01,9,0,65,0.0,0.0,0.0,0.0,0.0
2019-02-01,9,0,67,21.42,21.42,0.0,299.304463,0.0
2019-02-01,9,0,68,4.38,4.38,0.0,58.050135,0.0
2019-02-01,9,0,69,0.24,0.24,0.0,2.925422,0.0
2019-02-01,9,0,74,1.56,1.56,0.0,18.991752,0.0
2019-02-01,9,0,77,32.04,32.04,0.0,404.939887,0.0
2019-02-01,9,0,78,24.23,24.23,0.0,306.23263,0.0
2019-02-01,9,0,79,14.02,14.02,0.0,177.192797,0.0
2019-02-01,9,0,80,22.67,22.67,0.0,286.516456,0.0
2019-02-01,9,0,81,29.64,29.64,0.0,374.607311,0.0
2019-02-01,9,0,82,20.91,20.91,0.0,264.272567,0.0
2019-02-01,9,0,83,46.63,46.63,0.0,589.336671,0.0
2019-02-01,9,0,84,0.0,0.0,0.0,0.0,0.0
2019-02-01,9,0,86,1.2,1.2,0.0,14.62711,0.0
2019-02-01,9,0,87,6.15,6.15,0.0,74.963937,0.0
2019-02-01,9,0,88,81.47,81.47,0.0,1029.664563,0.0
2019-02-01,9,0,89,77.82,77.82,0.0,983.533771,0.0
2019-02-01,9,0,90,109.23,109.23,0.0,1380.511356,0.0
2019-02-01,9,0,91,410.46,410.46,0.0,5187.628777,0.0
2019-02-01,9,0,92,144.42,144.42,0.0,1825.262749,0.0
2019-02-01,9,0,95,3.02,3.02,0.0,53.573002,0.0
2019-02-01,9,0,96,9.77,9.77,0.0,121.239661,0.0
2019-02-01,9,0,97,60.08,60.08,0.0,745.555663,0.0
2019-02-01,9,0,99,0.3,0.3,0.0,3.65226,0.0
2019-02-01,9,0,101,0.8,0.8,0.0,9.925492,0.0
2019-02-01,9,0,102,10.37,10.37,0.0,137.438333,0.0
2019-02-01,9,0,103,9.01,9.01,0.0,119.413634,0.0
2019-02-01,9,0,104,1.68,1.68,0.0,22.265805,0.0
2019-02-01,9,0,106,18.99,18.99,0.0,235.560631,0.0
2019-02-01,9,0,109,29.65,29.65,0.0,361.338866,0.0
2019-02-01,9,0,110,36.04,36.04,0.0,583.019287,0.0
2019-02-01,9,0,111,2.16,2.16,0.0,26.548436,0.0
2019-02-01,9,0,113,22.34,22.34,0.0,280.22558,0.0
2019-02-01,9,0,115,22.34,22.34,0.0,280.22558,0.0
2019-02-01,9,0,116,11.61,11.61,0.0,187.815037,0.0
2019-02-01,9,0,117,1.52,1.52,0.0,19.066378,0.0
2019-02-01,9,0,119,10.13,10.13,0.0,178.611321,0.0
2019-02-01,9,0,120,5.96,5.96,0.0,105.086226,0.0
2019-02-01,9,0,123,0.32,0.32,0.0,3.969426,0.0
2019-02-01,9,0,125,77.81,77.81,0.0,965.19077,0.0
2019-02-01,9,0,126,14.24,14.24,0.0,176.639462,0.0
2019-02-01,9,0,127,18.28,18.28,0.0,226.753467,0.0
2019-02-01,9,0,128,111.44,111.44,0.0,1382.352646,0.0
2019-02-01,9,0,131,10.68,10.68,0.0,139.494175,0.0
2019-02-01,9,0,132,15.71,15.71,0.0,205.192274,0.0
2019-02-01,9,0,133,3.6,3.6,0.0,43.841876,0.0
2019-02-01,9,0,134,0.0,0.0,0.0,0.0,0.0
2019-02-01,9,0,135,4.82,4.82,0.0,58.6994,0.0
2019-02-01,9,0,136,0.0,0.0,0.0,0.0,0.0
2019-02-01,9,0,139,2.55,2.55,0.0,31.341904,0.0
2019-02-01,9,0,140,26.67,26.67,0.0,431.440744,0.0
2019-02-01,9,0,141,89.45,89.45,0.0,1249.896554,0.0
2019-02-01,9,0,142,28.25,28.25,0.0,394.740946,0.0
2019-02-01,9,0,143,6.72,6.72,0.0,83.374132,0.0
2019-02-01,9,0,145,5.77,5.77,0.0,71.117594,0.0
2019-02-01,9,0,146,14.9,14.9,0.0,241.037386,0.0
2019-02-01,9,0,152,1.02,1.02,0.0,12.403454,0.0
2019-02-01,9,0,153,1.24,1.24,0.0,15.077565,0.0
2019-02-01,9,0,154,8.9,8.9,0.0,109.389389,0.0
2019-02-01,9,0,157,0.0,0.0,0.0,0.0,0.0
2019-02-01,9,0,158,6.27,6.27,0.0,87.61153,0.0
2019-02-01,9,0,159,0.0,0.0,0.0,0.0,0.0
2019-02-01,9,0,160,0.37,0.37,0.0,4.40134,0.0
2019-02-01,9,0,161,5.13,5.13,0.0,67.990226,0.0
2019-02-01,9,0,162,3.75,3.75,0.0,66.520839,0.0
2019-02-01,9,0,163,10.14,10.14,0.0,164.034838,0.0
2019-02-01,9,0,164,1.22,1.22,0.0,15.136375,0.0
2019-02-01,9,0,167,0.84,0.84,0.0,14.904621,0.0
2019-02-01,9,0,168,0.42,0.42,0.0,7.452311,0.0
2019-02-01,9,0,169,0.0,0.0,0.0,0.0,0.0
2019-02-01,9,0,170,0.92,0.92,0.0,16.324109,0.0
2019-02-01,9,0,172,1.17,1.17,0.0,20.769486,0.0
2019-02-01,9,0,173,1.78,1.78,0.0,31.598021,0.0
2019-02-01,9,0,188,1.33,1.33,0.0,23.495464,0.0
2019-02-01,9,0,190,1.05,1.05,0.0,18.513513,0.0
2019-02-01,9,0,191,2.72,2.72,0.0,47.958815,0.0
2019-02-01,9,0,192,14.75,14.75,0.0,260.070779,0.0
2019-02-01,9,0,194,46.76,46.76,0.0,557.352426,0.0
2019-02-01,9,0,196,0.68,0.68,0.0,11.591899,0.0
2019-02-01,9,0,198,1.62,1.62,0.0,18.755708,0.0
2019-02-01,9,0,199,0.0,0.0,0.0,0.0,0.0
2019-02-01,9,0,200,2.8,2.8,0.0,31.343042,0.0
2019-02-01,9,0,204,72.04,72.04,0.0,878.233422,0.0
2019-02-01,9,0,205,166.97,166.97,0.0,2034.831381,0.0
2019-02-01,9,0,206,176.54,176.54,0.0,2190.752276,0.0
2019-02-01,9,0,210,0.34,0.34,0.0,3.65983,0.0
2019-02-01,9,0,214,1.9,1.9,0.0,23.172566,0.0
2019-02-01,9,0,217,1.23,1.23,0.0,14.227759,0.0
2019-02-01,9,0,218,1.7,1.7,0.0,19.664383,0.0
2019-02-01,9,0,219,1.16,1.16,0.0,13.41805,0.0
2019-02-01,9,0,221,1.01,1.01,0.0,12.318048,0.0
2019-02-01,9,0,225,0.99,0.99,0.0,10.610881,0.0
2019-02-01,9,0,233,0.68,0.68,0.0,8.288695,0.0
2019-02-01,9,0,236,4.91,4.91,0.0,59.758784,0.0
2019-02-01,9,0,237,3.74,3.74,0.0,45.531508,0.0
2019-02-01,9,0,238,13.39,13.39,0.0,163.034932,0.0
2019-02-01,9,0,240,1.65,1.65,0.0,19.966316,0.0
2019-02-01,9,0,245,4.22,4.22,0.0,51.399119,0.0
2019-02-01,9,0,247,8.06,8.06,0.0,98.169881,0.0
2019-02-01,9,0,248,0.38,0.38,0.0,4.626196,0.0
2019-02-01,9,0,249,8.11,8.11,0.0,98.778875,0.0
2019-02-01,9,0,251,0.0,0.0,0.0,0.0,0.0
2019-02-01,9,0,252,0.0,0.0,0.0,0.0,0.0
2019-02-01,9,0,254,1.85,1.85,0.0,22.202548,0.0
2019-02-01,9,0,255,0.85,0.85,0.0,10.201171,0.0
2019-02-01,9,0,258,2.05,2.05,0.0,24.78546,0.0
2019-02-01,9,0,260,0.89,0.89,0.0,10.587008,0.0
2019-02-01,9,0,265,9.22,9.22,0.0,113.322491,0.0
2019-02-01,9,0,266,1.65,1.65,0.0,20.280055,0.0
2019-02-01,9,0,267,2.03,2.03,0.0,24.950613,0.0
2019-02-01,9,0,270,31.68,31.68,0.0,512.487542,0.0
2019-02-01,9,0,272,74.53,74.53,0.0,934.879698,0.0
2019-02-01,9,0,273,2.78,2.78,0.0,44.972076,0.0
2019-02-01,9,0,274,40.84,40.84,0.0,660.668915,0.0
2019-02-01,9,0,275,56.85,56.85,0.0,919.662777,0.0
2019-02-01,9,0,276,0.64,0.64,0.0,10.038353,0.0
2019-02-01,9,0,277,0.84,0.84,0.0,10.568643,0.0
2019-02-01,9,0,278,1.35,1.35,0.0,16.985319,0.0
2019-02-01,9,0,279,61.16,61.16,0.0,769.497875,0.0
2019-02-01,9,0,281,1.77,1.77,0.0,21.960151,0.0
2019-02-01,9,0,282,21.83,21.83,0.0,270.841862,0.0
2019-02-01,10,0,9,1.29,1.29,0.0,14.67334,0.0
2019-02-01,10,0,17,14.69,14.69,0.0,218.580875,0.0
2019-02-01,10,0,19,26.55,26.55,0.0,395.052569,0.0
2019-02-01,10,0,20,32.9,32.9,0.0,489.537835,0.0
2019-02-01,10,0,21,29.59,29.59,0.0,336.576849,0.0
2019-02-01,10,0,22,105.18,105.18,0.0,1196.389084,0.0
2019-02-01,10,0,23,56.23,56.23,0.0,639.598385,0.0
2019-02-01,10,0,24,99.49,99.49,0.0,1131.667141,0.0
2019-02-01,10,0,29,2.62,2.62,0.0,22.187185,0.0
2019-02-01,10,0,30,221.47,221.47,0.0,2515.41138,0.0
2019-02-01,10,0,31,15.27,15.27,0.0,173.433566,0.0
2019-02-01,10,0,32,2.3,2.3,0.0,38.180816,0.0
2019-02-01,10,0,33,0.63,0.63,0.0,9.938364,0.0
2019-02-01,10,0,34,1.01,1.01,0.0,15.932933,0.0
2019-02-01,10,0,35,1.01,1.01,0.0,15.932933,0.0
2019-02-01,10,0,36,4.32,4.32,0.0,56.9713,0.0
2019-02-01,10,0,37,1.8,1.8,0.0,23.616401,0.0
2019-02-01,10,0,38,2.31,2.31,0.0,30.307714,0.0
2019-02-01,10,0,39,1.54,1.54,0.0,20.205143,0.0
2019-02-01,10,0,40,1.54,1.54,0.0,20.205143,0.0
2019-02-01,10,0,41,2.08,2.08,0.0,25.62473,0.0
2019-02-01,10,0,42,30.1,30.1,0.0,442.031512,0.0
2019-02-01,10,0,43,13.89,13.89,0.0,181.508254,0.0
2019-02-01,10,0,46,13.03,13.03,0.0,167.996851,0.0
2019-02-01,10,0,52,16.2,16.2,0.0,183.996317,0.0
2019-02-01,10,0,53,25.83,25.83,0.0,293.371906,0.0
2019-02-01,10,0,55,31.9,31.9,0.0,362.852365,0.0
2019-02-01,10,0,56,65.33,65.33,0.0,742.004901,0.0
2019-02-01,10,0,57,62.14,62.14,0.0,705.773527,0.0
2019-02-01,10,0,58,119.5,119.5,0.0,1357.256784,0.0
2019-02-01,10,0,59,117.51,117.51,0.0,1334.654767,0.0
2019-02-01,10,0,63,7.95,7.95,0.0,132.654651,0.0
2019-02-01,10,0,64,9.35,9.35,0.0,156.015219,0.0
2019-02-01,10,0,65,0.0,0.0,0.0,0.0,0.0
2019-02-01,10,0,67,135.89,135.89,0.0,1566.161454,0.0
2019-02-01,10,0,68,7.63,7.63,0.0,80.162287,0.0
2019-02-01,10,0,69,0.63,0.63,0.0,9.938364,0.0
2019-02-01,10,0,74,4.94,4.94,0.0,68.511666,0.0
2019-02-01,10,0,77,35.76,35.76,0.0,349.224176,0.0
2019-02-01,10,0,78,27.04,27.04,0.0,264.066603,0.0
2019-02-01,10,0,79,15.65,15.65,0.0,152.834406,0.0
2019-02-01,10,0,80,25.3,25.3,0.0,247.074151,0.0
2019-02-01,10,0,81,33.08,33.08,0.0,323.051894,0.0
2019-02-01,10,0,82,23.34,23.34,0.0,227.933229,0.0
2019-02-01,10,0,83,52.04,52.04,0.0,508.211021,0.0
2019-02-01,10,0,84,0.0,0.0,0.0,0.0,0.0
2019-02-01,10,0,86,3.19,3.19,0.0,50.322827,0.0
2019-02-01,10,0,87,16.29,16.29,0.0,256.977697,0.0
2019-02-01,10,0,88,61.78,61.78,0.0,603.329686,0.0
2019-02-01,10,0,89,59.1,59.1,0.0,577.157405,0.0
2019-02-01,10,0,90,82.07,82.07,0.0,801.477296,0.0
2019-02-01,10,0,91,304.06,304.06,0.0,2969.382072,0.0
2019-02-01,10,0,92,107.73,107.73,0.0,1052.067127,0.0
2019-02-01,10,0,95,6.3,6.3,0.0,104.312623,0.0
2019-02-01,10,0,96,11.05,11.05,0.0,125.308668,0.0
2019-02-01,10,0,97,67.94,67.94,0.0,770.449854,0.0
2019-02-01,10,0,99,1.02,1.02,0.0,14.146133,0.0
2019-02-01,10,0,101,4.46,4.46,0.0,50.655776,0.0
2019-02-01,10,0,102,18.05,18.05,0.0,189.636865,0.0
2019-02-01,10,0,103,15.7,15.7,0.0,164.947301,0.0
2019-02-01,10,0,104,2.92,2.92,0.0,30.678097,0.0
2019-02-01,10,0,106,103.54,103.54,0.0,1177.734605,0.0
2019-02-01,10,0,109,23.98,23.98,0.0,306.547236,0.0
2019-02-01,10,0,110,111.12,111.12,0.0,1627.437991,0.0
2019-02-01,10,0,111,7.86,7.86,0.0,96.831911,0.0
2019-02-01,10,0,113,41.95,41.95,0.0,386.097018,0.0
2019-02-01,10,0,115,41.95,41.95,0.0,386.097018,0.0
2019-02-01,10,0,116,55.31,55.31,0.0,810.057553,0.0
2019-02-01,10,0,117,2.8,2.8,0.0,25.77048,0.0
2019-02-01,10,0,119,9.35,9.35,0.0,156.015219,0.0
2019-02-01,10,0,120,5.5,5.5,0.0,91.773658,0.0
2019-02-01,10,0,123,1.73,1.73,0.0,19.6782,0.0
2019-02-01,10,0,125,90.03,90.03,0.0,1024.062647,0.0
2019-02-01,10,0,126,77.65,77.65,0.0,883.24408,0.0
2019-02-01,10,0,127,99.65,99.65,0.0,1133.487091,0.0
2019-02-01,10,0,128,128.95,128.95,0.0,1466.765282,0.0
2019-02-01,10,0,131,16.74,16.74,0.0,171.317986,0.0
2019-02-01,10,0,132,27.02,27.02,0.0,276.524013,0.0
2019-02-01,10,0,133,4.67,4.67,0.0,69.503457,0.0
2019-02-01,10,0,134,0.0,0.0,0.0,0.0,0.0
2019-02-01,10,0,135,6.26,6.26,0.0,93.167375,0.0
2019-02-01,10,0,136,0.0,0.0,0.0,0.0,0.0
2019-02-01,10,0,139,2.68,2.68,0.0,33.016479,0.0
2019-02-01,10,0,140,82.24,82.24,0.0,1204.468146,0.0
2019-02-01,10,0,141,101.73,101.73,0.0,1172.460112,0.0
2019-02-01,10,0,142,179.21,179.21,0.0,2065.433763,0.0
2019-02-01,10,0,143,20.98,20.98,0.0,238.286588,0.0
2019-02-01,10,0,145,10.71,10.71,0.0,127.322644,0.0
2019-02-01,10,0,146,29.83,29.83,0.0,436.883327,0.0
2019-02-01,10,0,152,2.94,2.94,0.0,40.664314,0.0
2019-02-01,10,0,153,3.55,3.55,0.0,48.931628,0.0
2019-02-01,10,0,154,32.43,32.43,0.0,399.52403,0.0
2019-02-01,10,0,157,0.0,0.0,0.0,0.0,0.0
2019-02-01,10,0,158,116.75,116.75,0.0,1345.56884,0.0
2019-02-01,10,0,159,0.0,0.0,0.0,0.0,0.0
2019-02-01,10,0,160,1.12,1.12,0.0,14.606397,0.0
2019-02-01,10,0,161,27.32,27.32,0.0,287.029316,0.0
2019-02-01,10,0,162,4.6,4.6,0.0,76.186033,0.0
2019-02-01,10,0,163,3.12,3.12,0.0,45.694803,0.0
2019-02-01,10,0,164,5.74,5.74,0.0,65.193757,0.0
2019-02-01,10,0,167,2.68,2.68,0.0,44.37713,0.0
2019-02-01,10,0,168,1.34,1.34,0.0,22.188565,0.0
2019-02-01,10,0,169,0.0,0.0,0.0,0.0,0.0
2019-02-01,10,0,170,2.93,2.93,0.0,48.516788,0.0
2019-02-01,10,0,172,3.71,3.71,0.0,59.233875,0.0
2019-02-01,10,0,173,5.65,5.65,0.0,90.207922,0.0
2019-02-01,10,0,188,4.94,4.94,0.0,80.711684,0.0
2019-02-01,10,0,190,4.55,4.55,0.0,75.921845,0.0
2019-02-01,10,0,191,11.76,11.76,0.0,196.228767,0.0
2019-02-01,10,0,192,28.66,28.66,0.0,478.22419,0.0
2019-02-01,10,0,194,18.15,18.15,0.0,143.763355,0.0
2019-02-01,10,0,196,2.95,2.95,0.0,46.993085,0.0
2019-02-01,10,0,198,4.82,4.82,0.0,60.592081,0.0
2019-02-01,10,0,199,0.0,0.0,0.0,0.0,0.0
2019-02-01,10,0,200,9.47,9.47,0.0,96.840514,0.0
2019-02-01,10,0,204,33.8,33.8,0.0,428.830877,0.0
2019-02-01,10,0,205,141.63,141.63,0.0,1810.520642,0.0
2019-02-01,10,0,206,199.65,199.65,0.0,2264.061133,0.0
2019-02-01,10,0,210,0.98,0.98,0.0,8.673061,0.0
2019-02-01,10,0,214,5.04,5.04,0.0,82.185267,0.0
2019-02-01,10,0,217,3.64,3.64,0.0,47.511117,0.0
2019-02-01,10,0,218,5.03,5.03,0.0,65.654098,0.0
2019-02-01,10,0,219,3.42,3.42,0.0,44.639566,0.0
2019-02-01,10,0,221,2.69,2.69,0.0,43.864755,0.0
2019-02-01,10,0,225,2.38,2.38,0.0,20.067046,0.0
2019-02-01,10,0,233,1.81,1.81,0.0,28.553077,0.0
2019-02-01,10,0,236,8.69,8.69,0.0,124.961559,0.0
2019-02-01,10,0,237,11.54,11.54,0.0,160.04547,0.0
2019-02-01,10,0,238,39.18,39.18,0.0,575.375237,0.0
2019-02-01,10,0,240,4.9,4.9,0.0,64.620224,0.0
2019-02-01,10,0,245,7.38,7.38,0.0,110.789924,0.0
2019-02-01,10,0,247,12.86,12.86,0.0,193.056697,0.0
2019-02-01,10,0,248,1.26,1.26,0.0,17.474635,0.0
2019-02-01,10,0,249,14.19,14.19,0.0,213.022903,0.0
2019-02-01,10,0,251,0.0,0.0,0.0,0.0,0.0
2019-02-01,10,0,252,0.0,0.0,0.0,0.0,0.0
2019-02-01,10,0,254,4.45,4.45,0.0,58.121422,0.0
2019-02-01,10,0,255,2.04,2.04,0.0,26.644427,0.0
2019-02-01,10,0,258,6.36,6.36,0.0,83.750892,0.0
2019-02-01,10,0,260,2.72,2.72,0.0,35.472678,0.0
2019-02-01,10,0,265,33.58,33.58,0.0,413.691549,0.0
2019-02-01,10,0,266,1.74,1.74,0.0,21.436072,0.0
2019-02-01,10,0,267,2.13,2.13,0.0,26.240709,0.0
2019-02-01,10,0,270,9.75,9.75,0.0,142.79626,0.0
2019-02-01,10,0,272,140.21,140.21,0.0,1290.456803,0.0
2019-02-01,10,0,273,13.23,13.23,0.0,193.76354,0.0
2019-02-01,10,0,274,12.56,12.56,0.0,183.950874,0.0
2019-02-01,10,0,275,17.49,17.49,0.0,256.154522,0.0
2019-02-01,10,0,276,2.97,2.97,0.0,41.428578,0.0
2019-02-01,10,0,277,3.69,3.69,0.0,34.793273,0.0
2019-02-01,10,0,278,5.91,5.91,0.0,55.725812,0.0
2019-02-01,10,0,279,59.94,59.94,0.0,565.178538,0.0
2019-02-01,10,0,281,6.81,6.81,0.0,77.3466,0.0
2019-02-01,10,0,282,121.49,121.49,0.0,1379.8588,0.0
2019-02-01,11,0,9,2.13,2.13,0.0,24.224611,0.0
2019-02-01,11,0,17,23.47,23.47,0.0,342.214098,0.0
2019-02-01,11,0,19,19.08,19.08,0.0,278.203877,0.0
2019-02-01,11,0,20,23.14,23.14,0.0,337.402396,0.0
2019-02-01,11,0,21,48.6,48.6,0.0,552.73055,0.0
2019-02-01,11,0,22,172.72,172.72,0.0,1964.354332,0.0
2019-02-01,11,0,23,34.24,34.24,0.0,389.413457,0.0
2019-02-01,11,0,24,60.56,60.56,0.0,688.752306,0.0
2019-02-01,11,0,29,4.05,4.05,0.0,34.15469,0.0
2019-02-01,11,0,30,368.06,368.06,0.0,4180.350894,0.0
2019-02-01,11,0,31,14.6,14.6,0.0,165.823841,0.0
2019-02-01,11,0,32,3.74,3.74,0.0,58.338911,0.0
2019-02-01,11,0,33,1.02,1.02,0.0,15.719006,0.0
2019-02-01,11,0,34,1.63,1.63,0.0,25.119588,0.0
2019-02-01,11,0,35,1.63,1.63,0.0,25.119588,0.0
2019-02-01,11,0,36,6.96,6.96,0.0,90.51445,0.0
2019-02-01,11,0,37,2.95,2.95,0.0,38.175892,0.0
2019-02-01,11,0,38,3.79,3.79,0.0,49.046315,0.0
2019-02-01,11,0,39,2.52,2.52,0.0,32.61127,0.0
2019-02-01,11,0,40,2.52,2.52,0.0,32.61127,0.0
2019-02-01,11,0,41,2.04,2.04,0.0,24.949443,0.0
2019-02-01,11,0,42,48.88,48.88,0.0,703.922265,0.0
2019-02-01,11,0,43,22.69,22.69,0.0,292.344653,0.0
2019-02-01,11,0,46,21.26,21.26,0.0,270.711917,0.0
2019-02-01,11,0,52,15.52,15.52,0.0,176.273015,0.0
2019-02-01,11,0,53,25.27,25.27,0.0,287.011539,0.0
2019-02-01,11,0,55,88.79,88.79,0.0,1009.813693,0.0
2019-02-01,11,0,56,108.57,108.57,0.0,1233.116059,0.0
2019-02-01,11,0,57,103.27,103.27,0.0,1172.919733,0.0
2019-02-01,11,0,58,198.6,198.6,0.0,2255.658554,0.0
2019-02-01,11,0,59,195.29,195.29,0.0,2218.064245,0.0
2019-02-01,11,0,63,12.71,12.71,0.0,199.243662,0.0
2019-02-01,11,0,64,14.95,14.95,0.0,234.358201,0.0
2019-02-01,11,0,65,0.0,0.0,0.0,0.0,0.0
2019-02-01,11,0,67,226.29,226.29,0.0,2574.49348,0.0
2019-02-01,11,0,68,10.51,10.51,0.0,110.655189,0.0
2019-02-01,11,0,69,1.02,1.02,0.0,15.719006,0.0
2019-02-01,11,0,74,7.86,7.86,0.0,107.253883,0.0
2019-02-01,11,0,77,40.85,40.85,0.0,405.221569,0.0
2019-02-01,11,0,78,30.88,30.88,0.0,306.321714,0.0
2019-02-01,11,0,79,17.87,17.87,0.0,177.265837,0.0
2019-02-01,11,0,80,28.9,28.9,0.0,286.68062,0.0
2019-02-01,11,0,81,37.79,37.79,0.0,374.86715,0.0
2019-02-01,11,0,82,26.65,26.65,0.0,264.361195,0.0
2019-02-01,11,0,83,59.43,59.43,0.0,589.530424,0.0
2019-02-01,11,0,84,0.0,0.0,0.0,0.0,0.0
2019-02-01,11,0,86,5.18,5.18,0.0,79.827894,0.0
2019-02-01,11,0,87,26.42,26.42,0.0,407.153079,0.0
2019-02-01,11,0,88,34.68,34.68,0.0,344.016744,0.0
2019-02-01,11,0,89,33.34,33.34,0.0,330.724286,0.0
2019-02-01,11,0,90,44.76,44.76,0.0,444.00777,0.0
2019-02-01,11,0,91,159.67,159.67,0.0,1583.885627,0.0
2019-02-01,11,0,92,57.42,57.42,0.0,569.591737,0.0
2019-02-01,11,0,95,10.61,10.61,0.0,165.118,0.0
2019-02-01,11,0,96,16.23,16.23,0.0,184.078225,0.0
2019-02-01,11,0,97,119.28,119.28,0.0,1352.855863,0.0
2019-02-01,11,0,99,1.69,1.69,0.0,23.060949,0.0
2019-02-01,11,0,101,7.41,7.41,0.0,84.161278,0.0
2019-02-01,11,0,102,24.89,24.89,0.0,262.055914,0.0
2019-02-01,11,0,103,21.64,21.64,0.0,227.838087,0.0
2019-02-01,11,0,104,4.02,4.02,0.0,42.32482,0.0
2019-02-01,11,0,106,170.03,170.03,0.0,1933.76081,0.0
2019-02-01,11,0,109,13.34,13.34,0.0,168.66723,0.0
2019-02-01,11,0,110,125.24,125.24,0.0,1750.23467,0.0
2019-02-01,11,0,111,12.59,12.59,0.0,153.977199,0.0
2019-02-01,11,0,113,31.5,31.5,0.0,296.942298,0.0
2019-02-01,11,0,115,31.5,31.5,0.0,296.942298,0.0
2019-02-01,11,0,116,89.16,89.16,0.0,1246.015037,0.0
2019-02-01,11,0,117,2.12,2.12,0.0,19.984688,0.0
2019-02-01,11,0,119,14.95,14.95,0.0,234.358201,0.0
2019-02-01,11,0,120,8.79,8.79,0.0,137.793217,0.0
2019-02-01,11,0,123,2.83,2.83,0.0,32.18575,0.0
2019-02-01,11,0,125,54.8,54.8,0.0,623.2435,0.0
2019-02-01,11,0,126,127.52,127.52,0.0,1450.292175,0.0
2019-02-01,11,0,127,163.66,163.66,0.0,1861.314439,0.0
2019-02-01,11,0,128,78.48,78.48,0.0,892.55748,0.0
2019-02-01,11,0,131,15.01,15.01,0.0,154.632719,0.0
2019-02-01,11,0,132,22.06,22.06,0.0,227.261677,0.0
2019-02-01,11,0,133,5.87,5.87,0.0,85.608458,0.0
2019-02-01,11,0,134,0.0,0.0,0.0,0.0,0.0
2019-02-01,11,0,135,7.87,7.87,0.0,114.776586,0.0
2019-02-01,11,0,136,0.0,0.0,0.0,0.0,0.0
2019-02-01,11,0,139,2.63,2.63,0.0,32.165213,0.0
2019-02-01,11,0,140,92.69,92.69,0.0,1295.346947,0.0
2019-02-01,11,0,141,94.3,94.3,0.0,1072.847829,0.0
2019-02-01,11,0,142,298.43,298.43,0.0,3395.227757,0.0
2019-02-01,11,0,143,16.56,16.56,0.0,188.085124,0.0
2019-02-01,11,0,145,22.48,22.48,0.0,266.079483,0.0
2019-02-01,11,0,146,45.17,45.17,0.0,631.252795,0.0
2019-02-01,11,0,152,4.9,4.9,0.0,66.683721,0.0
2019-02-01,11,0,153,5.96,5.96,0.0,80.844673,0.0
2019-02-01,11,0,154,51.94,51.94,0.0,635.232385,0.0
2019-02-01,11,0,157,5.9,5.9,0.0,67.124095,0.0
2019-02-01,11,0,158,207.57,207.57,0.0,2361.516689,0.0
2019-02-01,11,0,159,0.0,0.0,0.0,0.0,0.0
2019-02-01,11,0,160,1.84,1.84,0.0,23.62424,0.0
2019-02-01,11,0,161,44.5,44.5,0.0,468.52102,0.0
2019-02-01,11,0,162,16.28,16.28,0.0,253.422009,0.0
2019-02-01,11,0,163,16.14,16.14,0.0,225.557231,0.0
2019-02-01,11,0,164,9.81,9.81,0.0,111.419992,0.0
2019-02-01,11,0,167,4.24,4.24,0.0,65.988249,0.0
2019-02-01,11,0,168,2.12,2.12,0.0,32.994124,0.0
2019-02-01,11,0,169,0.0,0.0,0.0,0.0,0.0
2019-02-01,11,0,170,4.63,4.63,0.0,72.057922,0.0
2019-02-01,11,0,172,5.9,5.9,0.0,88.831399,0.0
2019-02-01,11,0,173,8.99,8.99,0.0,135.354962,0.0
2019-02-01,11,0,188,7.96,7.96,0.0,122.400482,0.0
2019-02-01,11,0,190,7.3,7.3,0.0,114.435777,0.0
2019-02-01,11,0,191,18.86,18.86,0.0,295.651885,0.0
2019-02-01,11,0,192,29.34,29.34,0.0,459.937768,0.0
2019-02-01,11,0,194,22.75,22.75,0.0,189.626831,0.0
2019-02-01,11,0,196,4.76,4.76,0.0,71.624713,0.0
2019-02-01,11,0,198,7.92,7.92,0.0,97.869264,0.0
2019-02-01,11,0,199,1.53,1.53,0.0,15.565077,0.0
2019-02-01,11,0,200,15.38,15.38,0.0,156.464628,0.0
2019-02-01,11,0,204,42.16,42.16,0.0,529.336013,0.0
2019-02-01,11,0,205,87.23,87.23,0.0,1102.911727,0.0
2019-02-01,11,0,206,455.93,455.93,0.0,5171.089653,0.0
2019-02-01,11,0,210,1.49,1.49,0.0,13.09997,0.0
2019-02-01,11,0,214,8.07,8.07,0.0,128.339217,0.0
2019-02-01,11,0,217,5.78,5.78,0.0,73.9816,0.0
2019-02-01,11,0,218,7.97,7.97,0.0,102.01269,0.0
2019-02-01,11,0,219,5.43,5.43,0.0,69.501745,0.0
2019-02-01,11,0,221,4.3,4.3,0.0,68.383969,0.0
2019-02-01,11,0,225,3.74,3.74,0.0,31.410835,0.0
2019-02-01,11,0,233,2.93,2.93,0.0,45.153616,0.0
2019-02-01,11,0,236,11.49,11.49,0.0,162.213016,0.0
2019-02-01,11,0,237,17.52,17.52,0.0,239.069725,0.0
2019-02-01,11,0,238,63.63,63.63,0.0,916.337433,0.0
2019-02-01,11,0,240,7.89,7.89,0.0,102.609053,0.0
2019-02-01,11,0,245,8.83,8.83,0.0,129.834532,0.0
2019-02-01,11,0,247,12.81,12.81,0.0,188.355646,0.0
2019-02-01,11,0,248,2.09,2.09,0.0,28.519162,0.0
2019-02-01,11,0,249,16.99,16.99,0.0,249.817519,0.0
2019-02-01,11,0,251,0.0,0.0,0.0,0.0,0.0
2019-02-01,11,0,252,0.0,0.0,0.0,0.0,0.0
2019-02-01,11,0,254,7.48,7.48,0.0,96.289998,0.0
2019-02-01,11,0,255,3.43,3.43,0.0,44.154371,0.0
2019-02-01,11,0,258,10.19,10.19,0.0,132.321868,0.0
2019-02-01,11,0,260,4.46,4.46,0.0,57.263104,0.0
2019-02-01,11,0,265,53.77,53.77,0.0,657.613503,0.0
2019-02-01,11,0,266,1.7,1.7,0.0,20.791202,0.0
2019-02-01,11,0,267,2.09,2.09,0.0,25.560949,0.0
2019-02-01,11,0,270,54.6,54.6,0.0,763.037472,0.0
2019-02-01,11,0,272,105.21,105.21,0.0,991.787275,0.0
2019-02-01,11,0,273,21.32,21.32,0.0,297.947965,0.0
2019-02-01,11,0,274,71.3,71.3,0.0,996.420728,0.0
2019-02-01,11,0,275,100.6,100.6,0.0,1405.889555,0.0
2019-02-01,11,0,276,4.8,4.8,0.0,64.295755,0.0
2019-02-01,11,0,277,5.99,5.99,0.0,57.650116,0.0
2019-02-01,11,0,278,9.58,9.58,0.0,92.201688,0.0
2019-02-01,11,0,279,81.38,81.38,0.0,783.233125,0.0
2019-02-01,11,0,281,6.36,6.36,0.0,72.235591,0.0
2019-02-01,11,0,282,201.91,201.91,0.0,2293.252863,0.0
2019-02-01,12,0,9,2.95,2.95,0.0,20.027526,0.0
2019-02-01,12,0,17,30.28,30.28,0.0,370.820353,0.0
2019-02-01,12,0,19,24.69,24.69,0.0,302.363095,0.0
2019-02-01,12,0,20,29.94,29.94,0.0,366.656585,0.0
2019-02-01,12,0,21,67.4,67.4,0.0,457.578046,0.0
2019-02-01,12,0,22,239.55,239.55,0.0,1626.30298,0.0
2019-02-01,12,0,23,28.16,28.16,0.0,191.178008,0.0
2019-02-01,12,0,24,47.14,47.14,0.0,320.033072,0.0
2019-02-01,12,0,29,5.17,5.17,0.0,40.443408,0.0
2019-02-01,12,0,30,510.86,510.86,0.0,3007.394959,0.0
2019-02-01,12,0,31,13.46,13.46,0.0,79.238022,0.0
2019-02-01,12,0,32,4.98,4.98,0.0,85.386742,0.0
2019-02-01,12,0,33,1.39,1.39,0.0,18.537242,0.0
2019-02-01,12,0,34,2.22,2.22,0.0,29.606242,0.0
2019-02-01,12,0,35,2.22,2.22,0.0,29.606242,0.0
2019-02-01,12,0,36,9.7,9.7,0.0,100.156032,0.0
2019-02-01,12,0,37,4.08,4.08,0.0,41.882725,0.0
2019-02-01,12,0,38,5.24,5.24,0.0,53.790559,0.0
2019-02-01,12,0,39,3.5,3.5,0.0,35.928809,0.0
2019-02-01,12,0,40,3.5,3.5,0.0,35.928809,0.0
2019-02-01,12,0,41,2.65,2.65,0.0,23.256554,0.0
2019-02-01,12,0,42,64.67,64.67,0.0,776.696776,0.0
2019-02-01,12,0,43,31.9,31.9,0.0,329.520548,0.0
2019-02-01,12,0,46,28.73,28.73,0.0,285.656361,0.0
2019-02-01,12,0,52,14.27,14.27,0.0,84.006432,0.0
2019-02-01,12,0,53,22.67,22.67,0.0,133.45661,0.0
2019-02-01,12,0,55,135.39,135.39,0.0,919.161596,0.0
2019-02-01,12,0,56,150.68,150.68,0.0,887.041993,0.0
2019-02-01,12,0,57,143.33,143.33,0.0,843.773087,0.0
2019-02-01,12,0,58,275.64,275.64,0.0,1622.672252,0.0
2019-02-01,12,0,59,271.05,271.05,0.0,1595.651262,0.0
2019-02-01,12,0,63,19.33,19.33,0.0,392.597717,0.0
2019-02-01,12,0,64,22.74,22.74,0.0,461.855772,0.0
2019-02-01,12,0,65,0.0,0.0,0.0,0.0,0.0
2019-02-01,12,0,67,314.44,314.44,0.0,-1992.939066,0.0
2019-02-01,12,0,68,14.18,14.18,0.0,-4.724535,0.0
2019-02-01,12,0,69,1.39,1.39,0.0,18.537242,0.0
2019-02-01,12,0,74,16.31,16.31,0.0,179.341985,0.0
2019-02-01,12,0,77,46.49,46.49,0.0,224.944752,0.0
2019-02-01,12,0,78,35.15,35.15,0.0,170.075458,0.0
2019-02-01,12,0,79,20.34,20.34,0.0,98.416353,0.0
2019-02-01,12,0,80,32.89,32.89,0.0,159.140307,0.0
2019-02-01,12,0,81,43.0,43.0,0.0,208.05817,0.0
2019-02-01,12,0,82,30.33,30.33,0.0,146.753588,0.0
2019-02-01,12,0,83,67.64,67.64,0.0,327.28034,0.0
2019-02-01,12,0,84,0.0,0.0,0.0,0.0,0.0
2019-02-01,12,0,86,7.04,7.04,0.0,93.886462,0.0
2019-02-01,12,0,87,35.96,35.96,0.0,479.567778,0.0
2019-02-01,12,0,88,39.44,39.44,0.0,190.832889,0.0
2019-02-01,12,0,89,37.92,37.92,0.0,183.478275,0.0
2019-02-01,12,0,90,50.91,50.91,0.0,246.331196,0.0
2019-02-01,12,0,91,181.61,181.61,0.0,878.731262,0.0
2019-02-01,12,0,92,65.32,65.32,0.0,316.054876,0.0
2019-02-01,12,0,95,20.22,20.22,0.0,349.190686,0.0
2019-02-01,12,0,96,20.22,20.22,0.0,148.66638,0.0
2019-02-01,12,0,97,124.35,124.35,0.0,914.276177,0.0
2019-02-01,12,0,99,3.15,3.15,0.0,34.636864,0.0
2019-02-01,12,0,101,10.29,10.29,0.0,60.576467,0.0
2019-02-01,12,0,102,33.57,33.57,0.0,-11.184953,0.0
2019-02-01,12,0,103,29.19,29.19,0.0,-9.725612,0.0
2019-02-01,12,0,104,5.42,5.42,0.0,-1.805852,0.0
2019-02-01,12,0,106,235.82,235.82,0.0,1600.98004,0.0
2019-02-01,12,0,109,12.58,12.58,0.0,120.965928,0.0
2019-02-01,12,0,110,141.07,141.07,0.0,-3488.223241,0.0
2019-02-01,12,0,111,17.46,17.46,0.0,153.229976,0.0
2019-02-01,12,0,113,22.14,22.14,0.0,121.658216,0.0
2019-02-01,12,0,115,22.14,22.14,0.0,121.658216,0.0
2019-02-01,12,0,116,119.32,119.32,0.0,-2950.41325,0.0
2019-02-01,12,0,117,1.48,1.48,0.0,8.132528,0.0
2019-02-01,12,0,119,22.74,22.74,0.0,461.855772,0.0
2019-02-01,12,0,120,13.37,13.37,0.0,271.548447,0.0
2019-02-01,12,0,123,3.93,3.93,0.0,26.680738,0.0
2019-02-01,12,0,125,43.13,43.13,0.0,292.809215,0.0
2019-02-01,12,0,126,176.86,176.86,0.0,1200.701085,0.0
2019-02-01,12,0,127,226.98,226.98,0.0,1540.965353,0.0
2019-02-01,12,0,128,59.13,59.13,0.0,401.433084,0.0
2019-02-01,12,0,131,18.07,18.07,0.0,22.958554,0.0
2019-02-01,12,0,132,26.56,26.56,0.0,33.74539,0.0
2019-02-01,12,0,133,7.32,7.32,0.0,89.673757,0.0
2019-02-01,12,0,134,0.0,0.0,0.0,0.0,0.0
2019-02-01,12,0,135,9.81,9.81,0.0,120.177534,0.0
2019-02-01,12,0,136,0.0,0.0,0.0,0.0,0.0
2019-02-01,12,0,139,3.42,3.42,0.0,30.014119,0.0
2019-02-01,12,0,140,104.41,104.41,0.0,-2581.735228,0.0
2019-02-01,12,0,141,88.26,88.26,0.0,-559.397029,0.0
2019-02-01,12,0,142,414.67,414.67,0.0,-2628.202654,0.0
2019-02-01,12,0,143,13.22,13.22,0.0,77.82516,0.0
2019-02-01,12,0,145,14.9,14.9,0.0,121.722671,0.0
2019-02-01,12,0,146,71.43,71.43,0.0,-1766.242193,0.0
2019-02-01,12,0,152,6.85,6.85,0.0,75.237918,0.0
2019-02-01,12,0,153,8.3,8.3,0.0,90.687881,0.0
2019-02-01,12,0,154,72.02,72.02,0.0,632.051712,0.0
2019-02-01,12,0,157,9.02,9.02,0.0,-57.169286,0.0
2019-02-01,12,0,158,298.22,298.22,0.0,-1890.135759,0.0
2019-02-01,12,0,159,0.0,0.0,0.0,0.0,0.0
2019-02-01,12,0,160,2.56,2.56,0.0,27.231845,0.0
2019-02-01,12,0,161,61.9,61.9,0.0,-20.624027,0.0
2019-02-01,12,0,162,28.7,28.7,0.0,496.612435,0.0
2019-02-01,12,0,163,44.41,44.41,0.0,-1098.121458,0.0
2019-02-01,12,0,164,14.1,14.1,0.0,83.005655,0.0
2019-02-01,12,0,167,5.58,5.58,0.0,95.867311,0.0
2019-02-01,12,0,168,2.79,2.79,0.0,47.933656,0.0
2019-02-01,12,0,169,0.0,0.0,0.0,0.0,0.0
2019-02-01,12,0,170,6.1,6.1,0.0,104.801182,0.0
2019-02-01,12,0,172,7.83,7.83,0.0,127.078499,0.0
2019-02-01,12,0,173,11.93,11.93,0.0,193.620242,0.0
2019-02-01,12,0,188,10.61,10.61,0.0,175.991951,0.0
2019-02-01,12,0,190,9.81,9.81,0.0,199.243849,0.0
2019-02-01,12,0,191,25.34,25.34,0.0,514.662501,0.0
2019-02-01,12,0,192,45.98,45.98,0.0,933.866684,0.0
2019-02-01,12,0,194,28.14,28.14,0.0,297.640893,0.0
2019-02-01,12,0,196,6.44,6.44,0.0,171.290355,0.0
2019-02-01,12,0,198,10.53,10.53,0.0,113.898274,0.0
2019-02-01,12,0,199,11.16,11.16,0.0,122.96675,0.0
2019-02-01,12,0,200,20.48,20.48,0.0,225.659412,0.0
2019-02-01,12,0,204,58.06,58.06,0.0,550.776332,0.0
2019-02-01,12,0,205,66.53,66.53,0.0,639.734753,0.0
2019-02-01,12,0,206,365.4,365.4,0.0,2686.58235,0.0
2019-02-01,12,0,210,1.87,1.87,0.0,15.343961,0.0
2019-02-01,12,0,214,10.4,10.4,0.0,145.413047,0.0
2019-02-01,12,0,217,7.28,7.28,0.0,83.462858,0.0
2019-02-01,12,0,218,10.05,10.05,0.0,115.220017,0.0
2019-02-01,12,0,219,6.85,6.85,0.0,78.533046,0.0
2019-02-01,12,0,221,5.54,5.54,0.0,77.460412,0.0
2019-02-01,12,0,225,4.63,4.63,0.0,36.048064,0.0
2019-02-01,12,0,233,3.98,3.98,0.0,53.077858,0.0
2019-02-01,12,0,236,16.9,16.9,0.0,196.742986,0.0
2019-02-01,12,0,237,39.12,39.12,0.0,430.156864,0.0
2019-02-01,12,0,238,84.17,84.17,0.0,1010.894814,0.0
2019-02-01,12,0,240,11.0,11.0,0.0,113.579006,0.0
2019-02-01,12,0,245,11.12,11.12,0.0,137.974105,0.0
2019-02-01,12,0,247,13.78,13.78,0.0,170.978702,0.0
2019-02-01,12,0,248,3.93,3.93,0.0,43.213611,0.0
2019-02-01,12,0,249,21.38,21.38,0.0,265.27755,0.0
2019-02-01,12,0,251,0.0,0.0,0.0,0.0,0.0
2019-02-01,12,0,252,0.0,0.0,0.0,0.0,0.0
2019-02-01,12,0,254,10.25,10.25,0.0,106.671709,0.0
2019-02-01,12,0,255,4.7,4.7,0.0,48.912881,0.0
2019-02-01,12,0,258,14.27,14.27,0.0,147.353165,0.0
2019-02-01,12,0,260,6.22,6.22,0.0,66.164874,0.0
2019-02-01,12,0,265,74.57,74.57,0.0,654.430661,0.0
2019-02-01,12,0,266,2.21,2.21,0.0,19.395089,0.0
2019-02-01,12,0,267,2.72,2.72,0.0,23.870878,0.0
2019-02-01,12,0,270,138.7,138.7,0.0,-3429.620497,0.0
2019-02-01,12,0,272,74.0,74.0,0.0,406.626377,0.0
2019-02-01,12,0,273,28.53,28.53,0.0,-705.458347,0.0
2019-02-01,12,0,274,178.8,178.8,0.0,-4421.169033,0.0
2019-02-01,12,0,275,248.9,248.9,0.0,-6154.524454,0.0
2019-02-01,12,0,276,6.51,6.51,0.0,-134.24308,0.0
2019-02-01,12,0,277,7.96,7.96,0.0,41.645081,0.0
2019-02-01,12,0,278,12.73,12.73,0.0,66.600739,0.0
2019-02-01,12,0,279,108.51,108.51,0.0,567.70198,0.0
2019-02-01,12,0,281,6.04,6.04,0.0,35.557032,0.0
2019-02-01,12,0,282,280.24,280.24,0.0,1649.752111,0.0
2019-02-01,13,0,9,3.26,3.26,0.0,25.33854,0.0
2019-02-01,13,0,17,33.05,33.05,0.0,456.086546,0.0
2019-02-01,13,0,19,31.63,31.63,0.0,436.490695,0.0
2019-02-01,13,0,20,38.37,38.37,0.0,529.50199,0.0
2019-02-01,13,0,21,74.46,74.46,0.0,578.744692,0.0
2019-02-01,13,0,22,264.62,264.62,0.0,2056.77438,0.0
2019-02-01,13,0,23,60.19,60.19,0.0,467.830285,0.0
2019-02-01,13,0,24,105.11,105.11,0.0,816.973604,0.0
2019-02-01,13,0,29,6.98,6.98,0.0,50.142978,0.0
2019-02-01,13,0,30,592.82,592.82,0.0,3489.887405,0.0
2019-02-01,13,0,31,12.72,12.72,0.0,74.881697,0.0
2019-02-01,13,0,32,6.38,6.38,0.0,100.200383,0.0
2019-02-01,13,0,33,2.01,2.01,0.0,30.07214,0.0
2019-02-01,13,0,34,3.22,3.22,0.0,48.175269,0.0
2019-02-01,13,0,35,3.22,3.22,0.0,48.175269,0.0
2019-02-01,13,0,36,9.92,9.92,0.0,115.833497,0.0
2019-02-01,13,0,37,4.19,4.19,0.0,48.606621,0.0
2019-02-01,13,0,38,5.39,5.39,0.0,62.527372,0.0
2019-02-01,13,0,39,3.59,3.59,0.0,41.646246,0.0
2019-02-01,13,0,40,3.59,3.59,0.0,41.646246,0.0
2019-02-01,13,0,41,4.14,4.14,0.0,42.594458,0.0
2019-02-01,13,0,42,74.25,74.25,0.0,1005.950259,0.0
2019-02-01,13,0,43,29.98,29.98,0.0,347.676618,0.0
2019-02-01,13,0,46,32.53,32.53,0.0,367.073467,0.0
2019-02-01,13,0,52,13.49,13.49,0.0,79.41463,0.0
2019-02-01,13,0,53,21.42,21.42,0.0,126.097953,0.0
2019-02-01,13,0,55,153.02,153.02,0.0,1189.356872,0.0
2019-02-01,13,0,56,174.86,174.86,0.0,1029.387861,0.0
2019-02-01,13,0,57,166.33,166.33,0.0,979.172383,0.0
2019-02-01,13,0,58,319.87,319.87,0.0,1883.050984,0.0
2019-02-01,13,0,59,314.54,314.54,0.0,1851.673669,0.0
2019-02-01,13,0,63,28.28,28.28,0.0,512.043061,0.0
2019-02-01,13,0,64,33.27,33.27,0.0,602.392951,0.0
2019-02-01,13,0,65,0.0,0.0,0.0,0.0,0.0
2019-02-01,13,0,67,352.96,352.96,0.0,-627.454105,0.0
2019-02-01,13,0,68,18.64,18.64,0.0,51.407641,0.0
2019-02-01,13,0,69,2.01,2.01,0.0,30.07214,0.0
2019-02-01,13,0,74,24.75,24.75,0.0,308.831071,0.0
2019-02-01,13,0,77,52.83,52.83,0.0,353.675309,0.0
2019-02-01,13,0,78,39.94,39.94,0.0,267.382015,0.0
2019-02-01,13,0,79,23.11,23.11,0.0,154.712027,0.0
2019-02-01,13,0,80,37.37,37.37,0.0,250.176913,0.0
2019-02-01,13,0,81,48.86,48.86,0.0,327.097778,0.0
2019-02-01,13,0,82,34.47,34.47,0.0,230.762595,0.0
2019-02-01,13,0,83,76.86,76.86,0.0,514.546361,0.0
2019-02-01,13,0,84,0.0,0.0,0.0,0.0,0.0
2019-02-01,13,0,86,10.21,10.21,0.0,152.754501,0.0
2019-02-01,13,0,87,52.12,52.12,0.0,779.781055,0.0
2019-02-01,13,0,88,44.67,44.67,0.0,299.047436,0.0
2019-02-01,13,0,89,42.94,42.94,0.0,287.465791,0.0
2019-02-01,13,0,90,57.66,57.66,0.0,386.010189,0.0
2019-02-01,13,0,91,205.67,205.67,0.0,1376.876789,0.0
2019-02-01,13,0,92,73.97,73.97,0.0,495.198989,0.0
2019-02-01,13,0,95,29.88,29.88,0.0,472.015319,0.0
2019-02-01,13,0,96,26.34,26.34,0.0,238.003655,0.0
2019-02-01,13,0,97,161.97,161.97,0.0,1463.532725,0.0
2019-02-01,13,0,99,4.78,4.78,0.0,59.64495,0.0
2019-02-01,13,0,101,11.94,11.94,0.0,70.289895,0.0
2019-02-01,13,0,102,44.13,44.13,0.0,121.707038,0.0
2019-02-01,13,0,103,38.37,38.37,0.0,105.821415,0.0
2019-02-01,13,0,104,7.13,7.13,0.0,19.663974,0.0
2019-02-01,13,0,106,260.5,260.5,0.0,2024.75144,0.0
2019-02-01,13,0,109,17.9,17.9,0.0,197.716295,0.0
2019-02-01,13,0,110,160.12,160.12,0.0,-2508.62878,0.0
2019-02-01,13,0,111,20.35,20.35,0.0,209.371308,0.0
2019-02-01,13,0,113,28.5,28.5,0.0,202.085878,0.0
2019-02-01,13,0,115,28.5,28.5,0.0,202.085878,0.0
2019-02-01,13,0,116,139.32,139.32,0.0,-2182.751447,0.0
2019-02-01,13,0,117,1.9,1.9,0.0,13.472392,0.0
2019-02-01,13,0,119,33.27,33.27,0.0,602.392951,0.0
2019-02-01,13,0,120,19.56,19.56,0.0,354.157082,0.0
2019-02-01,13,0,123,4.34,4.34,0.0,33.732903,0.0
2019-02-01,13,0,125,95.44,95.44,0.0,741.812965,0.0
2019-02-01,13,0,126,195.37,195.37,0.0,1518.524717,0.0
2019-02-01,13,0,127,250.73,250.73,0.0,1948.813545,0.0
2019-02-01,13,0,128,134.73,134.73,0.0,1047.196781,0.0
2019-02-01,13,0,131,21.6,21.6,0.0,85.73565,0.0
2019-02-01,13,0,132,31.75,31.75,0.0,126.023467,0.0
2019-02-01,13,0,133,9.11,9.11,0.0,125.757186,0.0
2019-02-01,13,0,134,0.0,0.0,0.0,0.0,0.0
2019-02-01,13,0,135,12.21,12.21,0.0,168.55052,0.0
2019-02-01,13,0,136,1.28,1.28,0.0,17.600722,0.0
2019-02-01,13,0,139,5.34,5.34,0.0,54.940677,0.0
2019-02-01,13,0,140,118.51,118.51,0.0,-1856.717442,0.0
2019-02-01,13,0,141,83.58,83.58,0.0,-148.579482,0.0
2019-02-01,13,0,142,465.46,465.46,0.0,-827.444435,0.0
2019-02-01,13,0,143,10.78,10.78,0.0,63.461061,0.0
2019-02-01,13,0,145,31.06,31.06,0.0,301.612212,0.0
2019-02-01,13,0,146,112.61,112.61,0.0,-1764.281083,0.0
2019-02-01,13,0,152,6.87,6.87,0.0,85.514526,0.0
2019-02-01,13,0,153,8.27,8.27,0.0,102.431697,0.0
2019-02-01,13,0,154,83.94,83.94,0.0,863.618064,0.0
2019-02-01,13,0,157,13.23,13.23,0.0,-23.518863,0.0
2019-02-01,13,0,158,370.56,370.56,0.0,-658.741481,0.0
2019-02-01,13,0,159,0.0,0.0,0.0,0.0,0.0
2019-02-01,13,0,160,2.48,2.48,0.0,29.098275,0.0
2019-02-01,13,0,161,69.77,69.77,0.0,192.420124,0.0
2019-02-01,13,0,162,46.55,46.55,0.0,736.560713,0.0
2019-02-01,13,0,163,48.73,48.73,0.0,-763.461657,0.0
2019-02-01,13,0,164,15.85,15.85,0.0,93.307775,0.0
2019-02-01,13,0,167,7.09,7.09,0.0,111.52311,0.0
2019-02-01,13,0,168,3.54,3.54,0.0,55.682907,0.0
2019-02-01,13,0,169,0.0,0.0,0.0,0.0,0.0
2019-02-01,13,0,170,7.75,7.75,0.0,121.904669,0.0
2019-02-01,13,0,172,9.52,9.52,0.0,142.518091,0.0
2019-02-01,13,0,173,14.5,14.5,0.0,217.070622,0.0
2019-02-01,13,0,188,12.58,12.58,0.0,192.18315,0.0
2019-02-01,13,0,190,11.37,11.37,0.0,205.867384,0.0
2019-02-01,13,0,191,29.37,29.37,0.0,531.778809,0.0
2019-02-01,13,0,192,85.07,85.07,0.0,1540.293608,0.0
2019-02-01,13,0,194,34.52,34.52,0.0,374.074439,0.0
2019-02-01,13,0,196,7.42,7.42,0.0,169.549637,0.0
2019-02-01,13,0,198,10.52,10.52,0.0,120.98031,0.0
2019-02-01,13,0,199,19.5,19.5,0.0,209.548305,0.0
2019-02-01,13,0,200,23.44,23.44,0.0,251.887809,0.0
2019-02-01,13,0,204,83.12,83.12,0.0,907.272855,0.0
2019-02-01,13,0,205,94.69,94.69,0.0,1045.908157,0.0
2019-02-01,13,0,206,475.93,475.93,0.0,4300.420632,0.0
2019-02-01,13,0,210,2.11,2.11,0.0,16.115284,0.0
2019-02-01,13,0,214,11.68,11.68,0.0,182.791656,0.0
2019-02-01,13,0,217,7.78,7.78,0.0,94.567089,0.0
2019-02-01,13,0,218,10.74,10.74,0.0,130.546342,0.0
2019-02-01,13,0,219,7.31,7.31,0.0,88.854167,0.0
2019-02-01,13,0,221,6.23,6.23,0.0,97.499317,0.0
2019-02-01,13,0,225,6.22,6.22,0.0,44.410713,0.0
2019-02-01,13,0,233,5.78,5.78,0.0,86.476103,0.0
2019-02-01,13,0,236,51.49,51.49,0.0,677.284324,0.0
2019-02-01,13,0,237,59.36,59.36,0.0,740.695449,0.0
2019-02-01,13,0,238,96.65,96.65,0.0,1309.428855,0.0
2019-02-01,13,0,240,11.24,11.24,0.0,131.246825,0.0
2019-02-01,13,0,245,14.38,14.38,0.0,200.915377,0.0
2019-02-01,13,0,247,16.19,16.19,0.0,226.204447,0.0
2019-02-01,13,0,248,5.96,5.96,0.0,74.369017,0.0
2019-02-01,13,0,249,27.66,27.66,0.0,386.461705,0.0
2019-02-01,13,0,251,8.59,8.59,0.0,117.47986,0.0
2019-02-01,13,0,252,0.0,0.0,0.0,0.0,0.0
2019-02-01,13,0,254,13.31,13.31,0.0,154.810409,0.0
2019-02-01,13,0,255,6.1,6.1,0.0,70.949924,0.0
2019-02-01,13,0,258,14.43,14.43,0.0,168.309695,0.0
2019-02-01,13,0,260,6.03,6.03,0.0,70.751047,0.0
2019-02-01,13,0,265,86.91,86.91,0.0,894.174958,0.0
2019-02-01,13,0,266,3.46,3.46,0.0,35.598267,0.0
2019-02-01,13,0,267,4.25,4.25,0.0,43.726195,0.0
2019-02-01,13,0,270,151.61,151.61,0.0,-2375.301083,0.0
2019-02-01,13,0,272,95.23,95.23,0.0,675.250462,0.0
2019-02-01,13,0,273,33.32,33.32,0.0,-522.030421,0.0
2019-02-01,13,0,274,195.36,195.36,0.0,-3060.740186,0.0
2019-02-01,13,0,275,271.82,271.82,0.0,-4258.65273,0.0
2019-02-01,13,0,276,7.4,7.4,0.0,-92.988031,0.0
2019-02-01,13,0,277,9.18,9.18,0.0,63.634966,0.0
2019-02-01,13,0,278,14.69,14.69,0.0,101.82981,0.0
2019-02-01,13,0,279,202.97,202.97,0.0,1406.970487,0.0
2019-02-01,13,0,281,5.71,5.71,0.0,33.614347,0.0
2019-02-01,13,0,282,325.2,325.2,0.0,1914.428299,0.0
2019-02-01,14,0,9,3.42,3.42,0.0,0.891956,0.0
2019-02-01,14,0,17,34.3,34.3,0.0,384.060267,0.0
2019-02-01,14,0,19,31.21,31.21,0.0,349.461252,0.0
2019-02-01,14,0,20,37.86,37.86,0.0,423.921916,0.0
2019-02-01,14,0,21,78.14,78.14,0.0,20.379371,0.0
2019-02-01,14,0,22,277.71,277.71,0.0,72.428398,0.0
2019-02-01,14,0,23,29.12,29.12,0.0,7.594667,0.0
2019-02-01,14,0,24,50.09,50.09,0.0,13.063766,0.0
2019-02-01,14,0,29,6.92,6.92,0.0,36.123841,0.0
2019-02-01,14,0,30,635.83,635.83,0.0,126.120101,0.0
2019-02-01,14,0,31,16.03,16.03,0.0,3.179632,0.0
2019-02-01,14,0,32,6.39,6.39,0.0,143.171416,0.0
2019-02-01,14,0,33,2.06,2.06,0.0,27.773236,0.0
2019-02-01,14,0,34,3.3,3.3,0.0,44.491106,0.0
2019-02-01,14,0,35,3.3,3.3,0.0,44.491106,0.0
2019-02-01,14,0,36,10.25,10.25,0.0,74.829629,0.0
2019-02-01,14,0,37,4.32,4.32,0.0,31.08579,0.0
2019-02-01,14,0,38,5.55,5.55,0.0,39.936605,0.0
2019-02-01,14,0,39,3.7,3.7,0.0,26.624404,0.0
2019-02-01,14,0,40,3.7,3.7,0.0,26.624404,0.0
2019-02-01,14,0,41,5.98,5.98,0.0,21.5172,0.0
2019-02-01,14,0,42,78.38,78.38,0.0,838.804827,0.0
2019-02-01,14,0,43,30.43,30.43,0.0,226.896139,0.0
2019-02-01,14,0,46,33.41,33.41,0.0,216.223204,0.0
2019-02-01,14,0,52,16.99,16.99,0.0,3.370053,0.0
2019-02-01,14,0,53,27.0,27.0,0.0,5.355587,0.0
2019-02-01,14,0,55,188.95,188.95,0.0,49.279269,0.0
2019-02-01,14,0,56,187.55,187.55,0.0,37.201493,0.0
2019-02-01,14,0,57,178.4,178.4,0.0,35.386544,0.0
2019-02-01,14,0,58,343.08,343.08,0.0,68.051656,0.0
2019-02-01,14,0,59,337.36,337.36,0.0,66.917065,0.0
2019-02-01,14,0,63,32.91,32.91,0.0,980.992422,0.0
2019-02-01,14,0,64,38.71,38.71,0.0,1153.880786,0.0
2019-02-01,14,0,65,1.06,1.06,0.0,11.771385,0.0
2019-02-01,14,0,67,366.43,366.43,0.0,-11586.401526,0.0
2019-02-01,14,0,68,10.62,10.62,0.0,-188.059406,0.0
2019-02-01,14,0,69,2.06,2.06,0.0,27.773236,0.0
2019-02-01,14,0,74,31.31,31.31,0.0,267.894923,0.0
2019-02-01,14,0,77,49.53,49.53,0.0,-283.521794,0.0
2019-02-01,14,0,78,37.45,37.45,0.0,-214.372929,0.0
2019-02-01,14,0,79,21.67,21.67,0.0,-124.044363,0.0
2019-02-01,14,0,80,35.04,35.04,0.0,-200.577502,0.0
2019-02-01,14,0,81,45.82,45.82,0.0,-262.28485,0.0
2019-02-01,14,0,82,32.32,32.32,0.0,-185.007559,0.0
2019-02-01,14,0,83,72.07,72.07,0.0,-412.546249,0.0
2019-02-01,14,0,84,0.0,0.0,0.0,0.0,0.0
2019-02-01,14,0,86,10.44,10.44,0.0,140.753682,0.0
2019-02-01,14,0,87,53.32,53.32,0.0,718.86842,0.0
2019-02-01,14,0,88,41.88,41.88,0.0,-239.731329,0.0
2019-02-01,14,0,89,40.26,40.26,0.0,-230.458054,0.0
2019-02-01,14,0,90,54.06,54.06,0.0,-309.452618,0.0
2019-02-01,14,0,91,192.85,192.85,0.0,-1103.920412,0.0
2019-02-01,14,0,92,69.36,69.36,0.0,-397.033548,0.0
2019-02-01,14,0,95,25.81,25.81,0.0,585.500932,0.0
2019-02-01,14,0,96,26.32,26.32,0.0,3.502872,0.0
2019-02-01,14,0,97,176.51,176.51,0.0,23.491333,0.0
2019-02-01,14,0,99,6.04,6.04,0.0,51.679506,0.0
2019-02-01,14,0,101,12.81,12.81,0.0,2.540928,0.0
2019-02-01,14,0,102,25.09,25.09,0.0,-444.294774,0.0
2019-02-01,14,0,103,21.82,21.82,0.0,-386.389477,0.0
2019-02-01,14,0,104,4.09,4.09,0.0,-72.425892,0.0
2019-02-01,14,0,106,273.39,273.39,0.0,71.301717,0.0
2019-02-01,14,0,109,25.75,25.75,0.0,144.073193,0.0
2019-02-01,14,0,110,206.2,206.2,0.0,-15304.486393,0.0
2019-02-01,14,0,111,21.81,21.81,0.0,78.476609,0.0
2019-02-01,14,0,113,28.41,28.41,0.0,-119.636926,0.0
2019-02-01,14,0,115,28.41,28.41,0.0,-119.636926,0.0
2019-02-01,14,0,116,141.8,141.8,0.0,-10524.617704,0.0
2019-02-01,14,0,117,1.89,1.89,0.0,-7.958951,0.0
2019-02-01,14,0,119,38.71,38.71,0.0,1153.880786,0.0
2019-02-01,14,0,120,22.76,22.76,0.0,678.437786,0.0
2019-02-01,14,0,123,4.56,4.56,0.0,1.189275,0.0
2019-02-01,14,0,125,45.66,45.66,0.0,11.908396,0.0
2019-02-01,14,0,126,205.04,205.04,0.0,53.475636,0.0
2019-02-01,14,0,127,263.13,263.13,0.0,68.625849,0.0
2019-02-01,14,0,128,63.36,63.36,0.0,16.52466,0.0
2019-02-01,14,0,131,20.6,20.6,0.0,-288.24901,0.0
2019-02-01,14,0,132,30.28,30.28,0.0,-423.69806,0.0
2019-02-01,14,0,133,8.43,8.43,0.0,94.464567,0.0
2019-02-01,14,0,134,0.0,0.0,0.0,0.0,0.0
2019-02-01,14,0,135,11.29,11.29,0.0,126.513045,0.0
2019-02-01,14,0,136,1.61,1.61,0.0,17.871047,0.0
2019-02-01,14,0,139,7.72,7.72,0.0,27.778057,0.0
2019-02-01,14,0,140,152.61,152.61,0.0,-11326.952805,0.0
2019-02-01,14,0,141,104.95,104.95,0.0,-3318.486041,0.0
2019-02-01,14,0,142,483.23,483.23,0.0,-15279.580846,0.0
2019-02-01,14,0,143,14.99,14.99,0.0,2.973342,0.0
2019-02-01,14,0,145,19.66,19.66,0.0,43.313229,0.0
2019-02-01,14,0,146,136.79,136.79,0.0,-10152.767671,0.0
2019-02-01,14,0,152,7.24,7.24,0.0,61.980234,0.0
2019-02-01,14,0,153,8.75,8.75,0.0,73.860715,0.0
2019-02-01,14,0,154,89.97,89.97,0.0,323.729507,0.0
2019-02-01,14,0,157,22.19,22.19,0.0,-701.640831,0.0
2019-02-01,14,0,158,395.69,395.69,0.0,-12511.593537,0.0
2019-02-01,14,0,159,0.0,0.0,0.0,0.0,0.0
2019-02-01,14,0,160,2.52,2.52,0.0,21.253406,0.0
2019-02-01,14,0,161,72.39,72.39,0.0,-1281.885162,0.0
2019-02-01,14,0,162,48.45,48.45,0.0,1102.981894,0.0
2019-02-01,14,0,163,69.78,69.78,0.0,-5179.180701,0.0
2019-02-01,14,0,164,17.06,17.06,0.0,3.383937,0.0
2019-02-01,14,0,167,7.24,7.24,0.0,162.736787,0.0
2019-02-01,14,0,168,3.62,3.62,0.0,81.368394,0.0
2019-02-01,14,0,169,0.0,0.0,0.0,0.0,0.0
2019-02-01,14,0,170,7.91,7.91,0.0,177.796683,0.0
2019-02-01,14,0,172,9.68,9.68,0.0,194.397713,0.0
2019-02-01,14,0,173,14.75,14.75,0.0,296.215523,0.0
2019-02-01,14,0,188,12.63,12.63,0.0,266.209052,0.0
2019-02-01,14,0,190,11.46,11.46,0.0,341.60356,0.0
2019-02-01,14,0,191,29.6,29.6,0.0,882.326821,0.0
2019-02-01,14,0,192,108.08,108.08,0.0,3221.685232,0.0
2019-02-01,14,0,194,36.85,36.85,0.0,278.436838,0.0
2019-02-01,14,0,196,7.5,7.5,0.0,332.995571,0.0
2019-02-01,14,0,198,10.91,10.91,0.0,104.137119,0.0
2019-02-01,14,0,199,33.95,33.95,0.0,374.300124,0.0
2019-02-01,14,0,200,23.82,23.82,0.0,262.616464,0.0
2019-02-01,14,0,204,121.11,121.11,0.0,643.167903,0.0
2019-02-01,14,0,205,136.24,136.24,0.0,762.273079,0.0
2019-02-01,14,0,206,624.85,624.85,0.0,83.15993,0.0
2019-02-01,14,0,210,2.1,2.1,0.0,12.479651,0.0
2019-02-01,14,0,214,11.71,11.71,0.0,173.726986,0.0
2019-02-01,14,0,217,7.89,7.89,0.0,86.52133,0.0
2019-02-01,14,0,218,10.89,10.89,0.0,119.419174,0.0
2019-02-01,14,0,219,7.42,7.42,0.0,81.367335,0.0
2019-02-01,14,0,221,6.24,6.24,0.0,92.575268,0.0
2019-02-01,14,0,225,6.26,6.26,0.0,32.241728,0.0
2019-02-01,14,0,233,5.91,5.91,0.0,79.679527,0.0
2019-02-01,14,0,236,28.67,28.67,0.0,284.745941,0.0
2019-02-01,14,0,237,75.11,75.11,0.0,642.656904,0.0
2019-02-01,14,0,238,102.02,102.02,0.0,1091.794698,0.0
2019-02-01,14,0,240,11.61,11.61,0.0,84.758243,0.0
2019-02-01,14,0,245,16.78,16.78,0.0,193.564798,0.0
2019-02-01,14,0,247,30.86,30.86,0.0,355.98389,0.0
2019-02-01,14,0,248,7.54,7.54,0.0,64.51382,0.0
2019-02-01,14,0,249,32.27,32.27,0.0,372.24887,0.0
2019-02-01,14,0,251,7.55,7.55,0.0,82.702793,0.0
2019-02-01,14,0,252,6.83,6.83,0.0,75.8477,0.0
2019-02-01,14,0,254,13.48,13.48,0.0,103.818043,0.0
2019-02-01,14,0,255,6.18,6.18,0.0,47.596106,0.0
2019-02-01,14,0,258,14.86,14.86,0.0,108.858822,0.0
2019-02-01,14,0,260,6.12,6.12,0.0,51.615415,0.0
2019-02-01,14,0,265,93.15,93.15,0.0,335.171764,0.0
2019-02-01,14,0,266,5.0,5.0,0.0,17.99097,0.0
2019-02-01,14,0,267,6.14,6.14,0.0,22.092911,0.0
2019-02-01,14,0,270,242.59,242.59,0.0,-18005.409089,0.0
2019-02-01,14,0,272,94.94,94.94,0.0,-399.800413,0.0
2019-02-01,14,0,273,33.91,33.91,0.0,-2516.853218,0.0
2019-02-01,14,0,274,323.58,323.58,0.0,-24016.613516,0.0
2019-02-01,14,0,275,470.62,470.62,0.0,-34930.152213,0.0
2019-02-01,14,0,276,7.6,7.6,0.0,-491.791923,0.0
2019-02-01,14,0,277,9.43,9.43,0.0,-45.431239,0.0
2019-02-01,14,0,278,15.09,15.09,0.0,-72.699618,0.0
2019-02-01,14,0,279,142.03,142.03,0.0,-684.262873,0.0
2019-02-01,14,0,281,7.2,7.2,0.0,1.428156,0.0
2019-02-01,14,0,282,348.79,348.79,0.0,69.184263,0.0
2019-02-01,15,0,9,3.27,3.27,0.0,-80.376133,0.0
2019-02-01,15,0,17,32.83,32.83,0.0,495.667085,0.0
2019-02-01,15,0,19,31.8,31.8,0.0,480.116153,0.0
2019-02-01,15,0,20,38.57,38.57,0.0,582.329561,0.0
2019-02-01,15,0,21,74.77,74.77,0.0,-1837.835932,0.0
2019-02-01,15,0,22,265.73,265.73,0.0,-6531.605485,0.0
2019-02-01,15,0,23,23.05,23.05,0.0,-566.565711,0.0
2019-02-01,15,0,24,40.78,40.78,0.0,-1002.366581,0.0
2019-02-01,15,0,29,6.52,6.52,0.0,34.035757,0.0
2019-02-01,15,0,30,609.73,609.73,0.0,-15131.181678,0.0
2019-02-01,15,0,31,20.82,20.82,0.0,-516.673286,0.0
2019-02-01,15,0,32,6.11,6.11,0.0,268.264619,0.0
2019-02-01,15,0,33,2.01,2.01,0.0,45.986494,0.0
2019-02-01,15,0,34,3.21,3.21,0.0,73.441118,0.0
2019-02-01,15,0,35,3.21,3.21,0.0,73.441118,0.0
2019-02-01,15,0,36,9.98,9.98,0.0,23.382189,0.0
2019-02-01,15,0,37,4.19,4.19,0.0,8.670656,0.0
2019-02-01,15,0,38,5.39,5.39,0.0,11.153899,0.0
2019-02-01,15,0,39,3.59,3.59,0.0,7.429035,0.0
2019-02-01,15,0,40,3.59,3.59,0.0,7.429035,0.0
2019-02-01,15,0,41,14.15,14.15,0.0,-170.966753,0.0
2019-02-01,15,0,42,75.5,75.5,0.0,1012.558768,0.0
2019-02-01,15,0,43,29.66,29.66,0.0,102.018206,0.0
2019-02-01,15,0,46,32.16,32.16,0.0,-18.411638,0.0
2019-02-01,15,0,52,22.07,22.07,0.0,-547.693536,0.0
2019-02-01,15,0,53,35.06,35.06,0.0,-870.055975,0.0
2019-02-01,15,0,55,231.79,231.79,0.0,-5697.365128,0.0
2019-02-01,15,0,56,179.85,179.85,0.0,-4463.193585,0.0
2019-02-01,15,0,57,171.08,171.08,0.0,-4245.555511,0.0
2019-02-01,15,0,58,328.99,328.99,0.0,-8164.281666,0.0
2019-02-01,15,0,59,323.51,323.51,0.0,-8028.28889,0.0
2019-02-01,15,0,63,38.93,38.93,0.0,4529.827109,0.0
2019-02-01,15,0,64,45.79,45.79,0.0,5328.044781,0.0
2019-02-01,15,0,65,2.29,2.29,0.0,33.856924,0.0
2019-02-01,15,0,67,352.19,352.19,0.0,-193830.260619,0.0
2019-02-01,15,0,68,19.98,19.98,0.0,-8062.453036,0.0
2019-02-01,15,0,69,2.01,2.01,0.0,45.986494,0.0
2019-02-01,15,0,74,38.67,38.67,0.0,233.172907,0.0
2019-02-01,15,0,77,48.05,48.05,0.0,-13442.472209,0.0
2019-02-01,15,0,78,36.33,36.33,0.0,-10163.683982,0.0
2019-02-01,15,0,79,21.02,21.02,0.0,-5880.557041,0.0
2019-02-01,15,0,80,34.0,34.0,0.0,-9511.842978,0.0
2019-02-01,15,0,81,44.45,44.45,0.0,-12435.335894,0.0
2019-02-01,15,0,82,31.35,31.35,0.0,-8770.478746,0.0
2019-02-01,15,0,83,69.91,69.91,0.0,-19558.027724,0.0
2019-02-01,15,0,84,0.0,0.0,0.0,-0.0,0.0
2019-02-01,15,0,86,10.17,10.17,0.0,232.677934,0.0
2019-02-01,15,0,87,51.91,51.91,0.0,1187.641256,0.0
2019-02-01,15,0,88,41.05,41.05,0.0,-11484.151596,0.0
2019-02-01,15,0,89,39.47,39.47,0.0,-11042.130657,0.0
2019-02-01,15,0,90,52.99,52.99,0.0,-14824.487042,0.0
2019-02-01,15,0,91,189.03,189.03,0.0,-52883.049358,0.0
2019-02-01,15,0,92,67.98,67.98,0.0,-19018.090755,0.0
2019-02-01,15,0,95,22.79,22.79,0.0,579.178074,0.0
2019-02-01,15,0,96,24.06,24.06,0.0,-603.020629,0.0
2019-02-01,15,0,97,147.97,147.97,0.0,-3708.601931,0.0
2019-02-01,15,0,99,7.46,7.46,0.0,44.982412,0.0
2019-02-01,15,0,101,12.28,12.28,0.0,-304.742937,0.0
2019-02-01,15,0,102,47.3,47.3,0.0,-19086.788219,0.0
2019-02-01,15,0,103,41.13,41.13,0.0,-16597.031701,0.0
2019-02-01,15,0,104,7.64,7.64,0.0,-3082.94,0.0
2019-02-01,15,0,106,261.59,261.59,0.0,-6429.844876,0.0
2019-02-01,15,0,109,35.44,35.44,0.0,-151.969721,0.0
2019-02-01,15,0,110,261.57,261.57,0.0,-261570.0,0.0
2019-02-01,15,0,111,20.92,20.92,0.0,-252.76498,0.0
2019-02-01,15,0,113,29.98,29.98,0.0,-7640.859012,0.0
2019-02-01,15,0,115,29.98,29.98,0.0,-7640.859012,0.0
2019-02-01,15,0,116,135.12,135.12,0.0,-135120.0,0.0
2019-02-01,15,0,117,2.0,2.0,0.0,-509.730421,0.0
2019-02-01,15,0,119,45.79,45.79,0.0,5328.044781,0.0
2019-02-01,15,0,120,26.93,26.93,0.0,3133.527975,0.0
2019-02-01,15,0,123,4.36,4.36,0.0,-107.168178,0.0
2019-02-01,15,0,125,36.91,36.91,0.0,-907.242534,0.0
2019-02-01,15,0,126,196.19,196.19,0.0,-4822.322207,0.0
2019-02-01,15,0,127,251.78,251.78,0.0,-6188.716476,0.0
2019-02-01,15,0,128,52.86,52.86,0.0,-1299.291258,0.0
2019-02-01,15,0,131,50.01,50.01,0.0,-18219.251427,0.0
2019-02-01,15,0,132,73.6,73.6,0.0,-26813.375425,0.0
2019-02-01,15,0,133,7.87,7.87,0.0,119.05351,0.0
2019-02-01,15,0,134,0.0,0.0,0.0,0.0,0.0
2019-02-01,15,0,135,10.55,10.55,0.0,159.595239,0.0
2019-02-01,15,0,136,2.87,2.87,0.0,42.382675,0.0
2019-02-01,15,0,139,18.4,18.4,0.0,-222.317191,0.0
2019-02-01,15,0,140,193.59,193.59,0.0,-193590.0,0.0
2019-02-01,15,0,141,131.88,131.88,0.0,-72581.09194,0.0
2019-02-01,15,0,142,464.45,464.45,0.0,-255613.346615,0.0
2019-02-01,15,0,143,22.33,22.33,0.0,-554.145748,0.0
2019-02-01,15,0,145,12.11,12.11,0.0,-208.207033,0.0
2019-02-01,15,0,146,168.87,168.87,0.0,-168870.0,0.0
2019-02-01,15,0,152,6.98,6.98,0.0,43.050304,0.0
2019-02-01,15,0,153,8.45,8.45,0.0,48.701714,0.0
2019-02-01,15,0,154,86.3,86.3,0.0,-1042.715954,0.0
2019-02-01,15,0,157,34.19,34.19,0.0,-18816.708625,0.0
2019-02-01,15,0,158,377.36,377.36,0.0,-207682.748366,0.0
2019-02-01,15,0,159,0.0,0.0,0.0,0.0,0.0
2019-02-01,15,0,160,2.39,2.39,0.0,19.228557,0.0
2019-02-01,15,0,161,68.89,68.89,0.0,-27798.918403,0.0
2019-02-01,15,0,162,52.11,52.11,0.0,1367.191656,0.0
2019-02-01,15,0,163,90.93,90.93,0.0,-90930.0,0.0
2019-02-01,15,0,164,16.13,16.13,0.0,-400.285307,0.0
2019-02-01,15,0,167,6.79,6.79,0.0,152.474856,0.0
2019-02-01,15,0,168,3.39,3.39,0.0,76.125149,0.0
2019-02-01,15,0,169,0.0,0.0,0.0,0.0,0.0
2019-02-01,15,0,170,7.43,7.43,0.0,166.846566,0.0
2019-02-01,15,0,172,9.19,9.19,0.0,128.634571,0.0
2019-02-01,15,0,173,14.0,14.0,0.0,195.961262,0.0
2019-02-01,15,0,188,12.13,12.13,0.0,303.936353,0.0
2019-02-01,15,0,190,10.72,10.72,0.0,347.623412,0.0
2019-02-01,15,0,191,27.69,27.69,0.0,897.919057,0.0
2019-02-01,15,0,192,137.01,137.01,0.0,4442.899601,0.0
2019-02-01,15,0,194,42.13,42.13,0.0,-5154.321864,0.0
2019-02-01,15,0,196,7.08,7.08,0.0,1921.236646,0.0
2019-02-01,15,0,198,10.49,10.49,0.0,153.745439,0.0
2019-02-01,15,0,199,33.62,33.62,0.0,-882.637428,0.0
2019-02-01,15,0,200,22.85,22.85,0.0,-599.888912,0.0
2019-02-01,15,0,204,168.56,168.56,0.0,-894.143548,0.0
2019-02-01,15,0,205,187.49,187.49,0.0,-803.972994,0.0
2019-02-01,15,0,206,434.8,434.8,0.0,-10897.480026,0.0
2019-02-01,15,0,210,2.01,2.01,0.0,14.185861,0.0
2019-02-01,15,0,214,11.36,11.36,0.0,312.233599,0.0
2019-02-01,15,0,217,7.56,7.56,0.0,142.444966,0.0
2019-02-01,15,0,218,10.43,10.43,0.0,196.521296,0.0
2019-02-01,15,0,219,7.11,7.11,0.0,133.966099,0.0
2019-02-01,15,0,221,6.06,6.06,0.0,166.561233,0.0
2019-02-01,15,0,225,5.84,5.84,0.0,29.449728,0.0
2019-02-01,15,0,233,5.75,5.75,0.0,131.553404,0.0
2019-02-01,15,0,236,36.22,36.22,0.0,391.225243,0.0
2019-02-01,15,0,237,92.76,92.76,0.0,559.325547,0.0
2019-02-01,15,0,238,98.27,98.27,0.0,1317.935764,0.0
2019-02-01,15,0,240,11.31,11.31,0.0,26.498252,0.0
2019-02-01,15,0,245,19.45,19.45,0.0,316.064895,0.0
2019-02-01,15,0,247,52.99,52.99,0.0,861.094025,0.0
2019-02-01,15,0,248,9.31,9.31,0.0,56.137568,0.0
2019-02-01,15,0,249,37.39,37.39,0.0,607.592104,0.0
2019-02-01,15,0,251,7.88,7.88,0.0,112.449811,0.0
2019-02-01,15,0,252,14.79,14.79,0.0,218.665458,0.0
2019-02-01,15,0,254,13.31,13.31,0.0,61.16418,0.0
2019-02-01,15,0,255,6.1,6.1,0.0,28.031668,0.0
2019-02-01,15,0,258,14.37,14.37,0.0,36.212804,0.0
2019-02-01,15,0,260,5.82,5.82,0.0,46.824353,0.0
2019-02-01,15,0,265,89.35,89.35,0.0,-1079.567445,0.0
2019-02-01,15,0,266,11.76,11.76,0.0,-142.089683,0.0
2019-02-01,15,0,267,14.55,14.55,0.0,-175.799735,0.0
2019-02-01,15,0,270,296.81,296.81,0.0,-296810.0,0.0
2019-02-01,15,0,272,100.2,100.2,0.0,-25537.494096,0.0
2019-02-01,15,0,273,32.31,32.31,0.0,-32310.0,0.0
2019-02-01,15,0,274,390.95,390.95,0.0,-390950.0,0.0
2019-02-01,15,0,275,561.14,561.14,0.0,-561140.0,0.0
2019-02-01,15,0,276,7.28,7.28,0.0,-6549.118776,0.0
2019-02-01,15,0,277,8.94,8.94,0.0,-2367.722958,0.0
2019-02-01,15,0,278,14.31,14.31,0.0,-3789.945809,0.0
2019-02-01,15,0,279,151.5,151.5,0.0,-40124.164227,0.0
2019-02-01,15,0,281,9.34,9.34,0.0,-231.783309,0.0
2019-02-01,15,0,282,334.48,334.48,0.0,-8300.522605,0.0
2019-02-01,16,0,9,2.68,2.68,0.0,-15.965899,0.0
2019-02-01,16,0,17,30.7,30.7,0.0,307.429237,0.0
2019-02-01,16,0,19,57.13,57.13,0.0,572.098772,0.0
2019-02-01,16,0,20,72.1,72.1,0.0,722.008077,0.0
2019-02-01,16,0,21,61.28,61.28,0.0,-365.070999,0.0
2019-02-01,16,0,22,217.77,217.77,0.0,-1297.348424,0.0
2019-02-01,16,0,23,23.95,23.95,0.0,-142.680327,0.0
2019-02-01,16,0,24,42.37,42.37,0.0,-252.416094,0.0
2019-02-01,16,0,29,6.94,6.94,0.0,40.185045,0.0
2019-02-01,16,0,30,513.61,513.61,0.0,-3108.411518,0.0
2019-02-01,16,0,31,27.74,27.74,0.0,-167.884846,0.0
2019-02-01,16,0,32,4.86,4.86,0.0,201.465583,0.0
2019-02-01,16,0,33,1.91,1.91,0.0,25.156076,0.0
2019-02-01,16,0,34,3.06,3.06,0.0,40.302405,0.0
2019-02-01,16,0,35,3.06,3.06,0.0,40.302405,0.0
2019-02-01,16,0,36,8.98,8.98,0.0,43.217348,0.0
2019-02-01,16,0,37,3.96,3.96,0.0,18.601553,0.0
2019-02-01,16,0,38,5.09,5.09,0.0,23.909572,0.0
2019-02-01,16,0,39,3.4,3.4,0.0,15.97103,0.0
2019-02-01,16,0,40,3.4,3.4,0.0,15.97103,0.0
2019-02-01,16,0,41,26.89,26.89,0.0,-25.431665,0.0
2019-02-01,16,0,42,60.67,60.67,0.0,566.033588,0.0
2019-02-01,16,0,43,25.8,25.8,0.0,134.88981,0.0
2019-02-01,16,0,46,26.92,26.92,0.0,97.845499,0.0
2019-02-01,16,0,52,29.4,29.4,0.0,-177.931307,0.0
2019-02-01,16,0,53,46.71,46.71,0.0,-282.692903,0.0
2019-02-01,16,0,55,283.86,283.86,0.0,-1691.074636,0.0
2019-02-01,16,0,56,151.5,151.5,0.0,-916.890919,0.0
2019-02-01,16,0,57,144.11,144.11,0.0,-872.166009,0.0
2019-02-01,16,0,58,277.13,277.13,0.0,-1677.214392,0.0
2019-02-01,16,0,59,272.51,272.51,0.0,-1649.253758,0.0
2019-02-01,16,0,63,46.26,46.26,0.0,5234.034614,0.0
2019-02-01,16,0,64,54.43,54.43,0.0,6158.419888,0.0
2019-02-01,16,0,65,4.75,4.75,0.0,46.962634,0.0
2019-02-01,16,0,67,290.29,290.29,0.0,-161109.576198,0.0
2019-02-01,16,0,68,21.98,21.98,0.0,-9004.743615,0.0
2019-02-01,16,0,69,1.91,1.91,0.0,25.156076,0.0
2019-02-01,16,0,74,29.24,29.24,0.0,185.349035,0.0
2019-02-01,16,0,77,48.21,48.21,0.0,-13888.644918,0.0
2019-02-01,16,0,78,36.44,36.44,0.0,-10497.868094,0.0
2019-02-01,16,0,79,21.09,21.09,0.0,-6075.74199,0.0
2019-02-01,16,0,80,34.11,34.11,0.0,-9826.626803,0.0
2019-02-01,16,0,81,44.59,44.59,0.0,-12845.772182,0.0
2019-02-01,16,0,82,31.45,31.45,0.0,-9060.317002,0.0
2019-02-01,16,0,83,70.14,70.14,0.0,-20206.379476,0.0
2019-02-01,16,0,84,0.0,0.0,0.0,0.0,0.0
2019-02-01,16,0,86,9.68,9.68,0.0,127.492574,0.0
2019-02-01,16,0,87,49.41,49.41,0.0,650.765297,0.0
2019-02-01,16,0,88,42.06,42.06,0.0,-12116.913612,0.0
2019-02-01,16,0,89,40.44,40.44,0.0,-11650.213659,0.0
2019-02-01,16,0,90,54.29,54.29,0.0,-15640.210176,0.0
2019-02-01,16,0,91,193.68,193.68,0.0,-55796.57224,0.0
2019-02-01,16,0,92,69.65,69.65,0.0,-20065.217144,0.0
2019-02-01,16,0,95,20.7,20.7,0.0,526.063454,0.0
2019-02-01,16,0,96,23.51,23.51,0.0,-144.610355,0.0
2019-02-01,16,0,97,144.58,144.58,0.0,-889.3137,0.0
2019-02-01,16,0,99,6.41,6.41,0.0,40.632261,0.0
2019-02-01,16,0,101,10.35,10.35,0.0,-62.639083,0.0
2019-02-01,16,0,102,52.03,52.03,0.0,-21315.596465,0.0
2019-02-01,16,0,103,45.24,45.24,0.0,-18533.876304,0.0
2019-02-01,16,0,104,8.4,8.4,0.0,-3441.303292,0.0
2019-02-01,16,0,106,214.38,214.38,0.0,-1277.152753,0.0
2019-02-01,16,0,109,47.31,47.31,0.0,102.426489,0.0
2019-02-01,16,0,110,328.28,328.28,0.0,-328280.0,0.0
2019-02-01,16,0,111,17.57,17.57,0.0,-16.61712,0.0
2019-02-01,16,0,113,33.6,33.6,0.0,-8752.897639,0.0
2019-02-01,16,0,115,33.6,33.6,0.0,-8752.897639,0.0
2019-02-01,16,0,116,109.66,109.66,0.0,-109660.0,0.0
2019-02-01,16,0,117,2.24,2.24,0.0,-583.526509,0.0
2019-02-01,16,0,119,54.43,54.43,0.0,6158.419888,0.0
2019-02-01,16,0,120,32.0,32.0,0.0,3620.603278,0.0
2019-02-01,16,0,123,3.57,3.57,0.0,-21.268007,0.0
2019-02-01,16,0,125,38.34,38.34,0.0,-228.407671,0.0
2019-02-01,16,0,126,160.78,160.78,0.0,-957.834778,0.0
2019-02-01,16,0,127,206.34,206.34,0.0,-1229.255057,0.0
2019-02-01,16,0,128,54.91,54.91,0.0,-327.122202,0.0
2019-02-01,16,0,131,20.83,20.83,0.0,-7725.210735,0.0
2019-02-01,16,0,132,30.62,30.62,0.0,-11356.022694,0.0
2019-02-01,16,0,133,9.03,9.03,0.0,90.534396,0.0
2019-02-01,16,0,134,0.0,0.0,0.0,0.0,0.0
2019-02-01,16,0,135,11.48,11.48,0.0,115.097992,0.0
2019-02-01,16,0,136,5.54,5.54,0.0,54.734602,0.0
2019-02-01,16,0,139,35.02,35.02,0.0,-33.120748,0.0
2019-02-01,16,0,140,242.96,242.96,0.0,-242960.0,0.0
2019-02-01,16,0,141,164.66,164.66,0.0,-91385.520744,0.0
2019-02-01,16,0,142,382.82,382.82,0.0,-212463.288298,0.0
2019-02-01,16,0,143,33.37,33.37,0.0,-201.958086,0.0
2019-02-01,16,0,145,14.15,14.15,0.0,-42.457236,0.0
2019-02-01,16,0,146,208.33,208.33,0.0,-208330.0,0.0
2019-02-01,16,0,152,7.31,7.31,0.0,46.699889,0.0
2019-02-01,16,0,153,8.7,8.7,0.0,54.152029,0.0
2019-02-01,16,0,154,72.47,72.47,0.0,-68.539709,0.0
2019-02-01,16,0,157,50.31,50.31,0.0,-27921.811907,0.0
2019-02-01,16,0,158,316.98,316.98,0.0,-175922.399887,0.0
2019-02-01,16,0,159,0.0,0.0,0.0,0.0,0.0
2019-02-01,16,0,160,2.11,2.11,0.0,14.835096,0.0
2019-02-01,16,0,161,55.04,55.04,0.0,-22548.730145,0.0
2019-02-01,16,0,162,57.6,57.6,0.0,1510.024109,0.0
2019-02-01,16,0,163,114.19,114.19,0.0,-114190.0,0.0
2019-02-01,16,0,164,9.91,9.91,0.0,-59.976165,0.0
2019-02-01,16,0,167,5.61,5.61,0.0,126.632849,0.0
2019-02-01,16,0,168,2.8,2.8,0.0,63.203561,0.0
2019-02-01,16,0,169,0.0,0.0,0.0,0.0,0.0
2019-02-01,16,0,170,6.13,6.13,0.0,138.370653,0.0
2019-02-01,16,0,172,7.27,7.27,0.0,105.816312,0.0
2019-02-01,16,0,173,11.07,11.07,0.0,161.126076,0.0
2019-02-01,16,0,188,9.82,9.82,0.0,232.037908,0.0
2019-02-01,16,0,190,8.55,8.55,0.0,277.255613,0.0
2019-02-01,16,0,191,22.09,22.09,0.0,716.324737,0.0
2019-02-01,16,0,192,170.62,170.62,0.0,5532.789795,0.0
2019-02-01,16,0,194,50.49,50.49,0.0,-6392.027401,0.0
2019-02-01,16,0,196,5.9,5.9,0.0,1572.804945,0.0
2019-02-01,16,0,198,9.28,9.28,0.0,88.779402,0.0
2019-02-01,16,0,199,33.34,33.34,0.0,-912.617845,0.0
2019-02-01,16,0,200,18.17,18.17,0.0,-497.368514,0.0
2019-02-01,16,0,204,228.18,228.18,0.0,400.473466,0.0
2019-02-01,16,0,205,250.24,250.24,0.0,541.771392,0.0
2019-02-01,16,0,206,424.83,424.83,0.0,-2613.13556,0.0
2019-02-01,16,0,210,2.19,2.19,0.0,14.48511,0.0
2019-02-01,16,0,214,11.47,11.47,0.0,172.505868,0.0
2019-02-01,16,0,217,7.86,7.86,0.0,89.829086,0.0
2019-02-01,16,0,218,10.85,10.85,0.0,124.00071,0.0
2019-02-01,16,0,219,7.39,7.39,0.0,84.457626,0.0
2019-02-01,16,0,221,6.12,6.12,0.0,92.043235,0.0
2019-02-01,16,0,225,5.9,5.9,0.0,33.693663,0.0
2019-02-01,16,0,233,5.48,5.48,0.0,72.175548,0.0
2019-02-01,16,0,236,35.64,35.64,0.0,294.750296,0.0
2019-02-01,16,0,237,66.87,66.87,0.0,423.881326,0.0
2019-02-01,16,0,238,78.96,78.96,0.0,736.674008,0.0
2019-02-01,16,0,240,10.18,10.18,0.0,48.992494,0.0
2019-02-01,16,0,245,22.44,22.44,0.0,235.202787,0.0
2019-02-01,16,0,247,84.74,84.74,0.0,888.194481,0.0
2019-02-01,16,0,248,7.87,7.87,0.0,49.887035,0.0
2019-02-01,16,0,249,43.16,43.16,0.0,452.377552,0.0
2019-02-01,16,0,251,9.64,9.64,0.0,93.297601,0.0
2019-02-01,16,0,252,30.63,30.63,0.0,302.834835,0.0
2019-02-01,16,0,254,12.31,12.31,0.0,69.928362,0.0
2019-02-01,16,0,255,5.64,5.64,0.0,32.038665,0.0
2019-02-01,16,0,258,12.5,12.5,0.0,60.996944,0.0
2019-02-01,16,0,260,5.12,5.12,0.0,35.997957,0.0
2019-02-01,16,0,265,75.03,75.03,0.0,-70.960872,0.0
2019-02-01,16,0,266,22.33,22.33,0.0,-21.118969,0.0
2019-02-01,16,0,267,27.66,27.66,0.0,-26.159906,0.0
2019-02-01,16,0,270,308.63,308.63,0.0,-308630.0,0.0
2019-02-01,16,0,272,112.28,112.28,0.0,-29249.266278,0.0
2019-02-01,16,0,273,26.22,26.22,0.0,-26220.0,0.0
2019-02-01,16,0,274,385.16,385.16,0.0,-385160.0,0.0
2019-02-01,16,0,275,516.36,516.36,0.0,-516360.0,0.0
2019-02-01,16,0,276,5.97,5.97,0.0,-5376.819824,0.0
2019-02-01,16,0,277,7.28,7.28,0.0,-1976.968232,0.0
2019-02-01,16,0,278,11.65,11.65,0.0,-3163.692294,0.0
2019-02-01,16,0,279,390.31,390.31,0.0,-105993.196501,0.0
2019-02-01,16,0,281,12.45,12.45,0.0,-75.348462,0.0
2019-02-01,16,0,282,281.75,281.75,0.0,-1705.175026,0.0
2019-02-01,17,0,9,1.93,1.93,0.0,0.796531,0.0
2019-02-01,17,0,17,22.37,22.37,0.0,219.690819,0.0
2019-02-01,17,0,19,118.12,118.12,0.0,1160.030378,0.0
2019-02-01,17,0,20,142.24,142.24,0.0,1396.90756,0.0
2019-02-01,17,0,21,44.16,44.16,0.0,18.2253,0.0
2019-02-01,17,0,22,156.94,156.94,0.0,64.770802,0.0
2019-02-01,17,0,23,26.61,26.61,0.0,10.982229,0.0
2019-02-01,17,0,24,47.34,47.34,0.0,19.53772,0.0
2019-02-01,17,0,29,4.82,4.82,0.0,29.10346,0.0
2019-02-01,17,0,30,368.49,368.49,0.0,131.934379,0.0
2019-02-01,17,0,31,25.23,25.23,0.0,9.033364,0.0
2019-02-01,17,0,32,3.25,3.25,0.0,82.531259,0.0
2019-02-01,17,0,33,1.37,1.37,0.0,16.079922,0.0
2019-02-01,17,0,34,2.18,2.18,0.0,25.58703,0.0
2019-02-01,17,0,35,2.18,2.18,0.0,25.58703,0.0
2019-02-01,17,0,36,6.33,6.33,0.0,41.794129,0.0
2019-02-01,17,0,37,2.81,2.81,0.0,18.329055,0.0
2019-02-01,17,0,38,3.62,3.62,0.0,23.612519,0.0
2019-02-01,17,0,39,2.41,2.41,0.0,15.719936,0.0
2019-02-01,17,0,40,2.41,2.41,0.0,15.719936,0.0
2019-02-01,17,0,41,13.41,13.41,0.0,44.540304,0.0
2019-02-01,17,0,42,43.52,43.52,0.0,409.321803,0.0
2019-02-01,17,0,43,18.21,18.21,0.0,123.611225,0.0
2019-02-01,17,0,46,19.04,19.04,0.0,112.307693,0.0
2019-02-01,17,0,52,26.75,26.75,0.0,9.577586,0.0
2019-02-01,17,0,53,42.49,42.49,0.0,15.213145,0.0
2019-02-01,17,0,55,263.07,263.07,0.0,108.571779,0.0
2019-02-01,17,0,56,108.69,108.69,0.0,38.915432,0.0
2019-02-01,17,0,57,103.39,103.39,0.0,37.017817,0.0
2019-02-01,17,0,58,198.83,198.83,0.0,71.189212,0.0
2019-02-01,17,0,59,195.51,195.51,0.0,70.000517,0.0
2019-02-01,17,0,63,62.89,62.89,0.0,2074.740266,0.0
2019-02-01,17,0,64,73.97,73.97,0.0,2440.269319,0.0
2019-02-01,17,0,65,6.88,6.88,0.0,67.03605,0.0
2019-02-01,17,0,67,208.07,208.07,0.0,-6590.312754,0.0
2019-02-01,17,0,68,8.33,8.33,0.0,-143.417885,0.0
2019-02-01,17,0,69,1.37,1.37,0.0,16.079922,0.0
2019-02-01,17,0,74,28.14,28.14,0.0,213.825737,0.0
2019-02-01,17,0,77,34.83,34.83,0.0,-168.2102,0.0
2019-02-01,17,0,78,26.33,26.33,0.0,-127.159763,0.0
2019-02-01,17,0,79,15.24,15.24,0.0,-73.601018,0.0
2019-02-01,17,0,80,24.64,24.64,0.0,-118.997971,0.0
2019-02-01,17,0,81,32.22,32.22,0.0,-155.605301,0.0
2019-02-01,17,0,82,22.72,22.72,0.0,-109.725402,0.0
2019-02-01,17,0,83,50.67,50.67,0.0,-244.708895,0.0
2019-02-01,17,0,84,0.0,0.0,0.0,0.0,0.0
2019-02-01,17,0,86,6.92,6.92,0.0,81.221214,0.0
2019-02-01,17,0,87,35.31,35.31,0.0,414.439458,0.0
2019-02-01,17,0,88,31.53,31.53,0.0,-152.272971,0.0
2019-02-01,17,0,89,30.31,30.31,0.0,-146.381026,0.0
2019-02-01,17,0,90,40.7,40.7,0.0,-196.559148,0.0
2019-02-01,17,0,91,145.17,145.17,0.0,-701.093158,0.0
2019-02-01,17,0,92,52.21,52.21,0.0,-252.146268,0.0
2019-02-01,17,0,95,22.48,22.48,0.0,577.635166,0.0
2019-02-01,17,0,96,17.39,17.39,0.0,5.232739,0.0
2019-02-01,17,0,97,106.96,106.96,0.0,32.184805,0.0
2019-02-01,17,0,99,5.72,5.72,0.0,43.464222,0.0
2019-02-01,17,0,101,7.42,7.42,0.0,2.656661,0.0
2019-02-01,17,0,102,19.71,19.71,0.0,-339.34772,0.0
2019-02-01,17,0,103,17.14,17.14,0.0,-295.099945,0.0
2019-02-01,17,0,104,3.2,3.2,0.0,-55.094505,0.0
2019-02-01,17,0,106,154.49,154.49,0.0,63.759661,0.0
2019-02-01,17,0,109,51.99,51.99,0.0,264.75881,0.0
2019-02-01,17,0,110,255.03,255.03,0.0,-19367.984974,0.0
2019-02-01,17,0,111,13.14,13.14,0.0,43.643519,0.0
2019-02-01,17,0,113,25.99,25.99,0.0,-79.052573,0.0
2019-02-01,17,0,115,25.99,25.99,0.0,-79.052573,0.0
2019-02-01,17,0,116,78.1,78.1,0.0,-5931.222313,0.0
2019-02-01,17,0,117,1.73,1.73,0.0,-5.26206,0.0
2019-02-01,17,0,119,73.97,73.97,0.0,2440.269319,0.0
2019-02-01,17,0,120,43.53,43.53,0.0,1436.054123,0.0
2019-02-01,17,0,123,2.57,2.57,0.0,1.060666,0.0
2019-02-01,17,0,125,42.79,42.79,0.0,17.659887,0.0
2019-02-01,17,0,126,115.87,115.87,0.0,47.820778,0.0
2019-02-01,17,0,127,148.7,148.7,0.0,61.370067,0.0
2019-02-01,17,0,128,61.58,61.58,0.0,25.414719,0.0
2019-02-01,17,0,131,14.38,14.38,0.0,-192.061381,0.0
2019-02-01,17,0,132,21.13,21.13,0.0,-282.215367,0.0
2019-02-01,17,0,133,40.18,40.18,0.0,394.891007,0.0
2019-02-01,17,0,134,0.0,0.0,0.0,0.0,0.0
2019-02-01,17,0,135,52.6,52.6,0.0,516.955375,0.0
2019-02-01,17,0,136,8.67,8.67,0.0,84.440387,0.0
2019-02-01,17,0,139,17.32,17.32,0.0,57.527074,0.0
2019-02-01,17,0,140,188.75,188.75,0.0,-14334.420123,0.0
2019-02-01,17,0,141,127.02,127.02,0.0,-4023.172615,0.0
2019-02-01,17,0,142,274.39,274.39,0.0,-8690.901699,0.0
2019-02-01,17,0,143,34.13,34.13,0.0,12.219926,0.0
2019-02-01,17,0,145,11.69,11.69,0.0,24.742348,0.0
2019-02-01,17,0,146,180.68,180.68,0.0,-13721.552465,0.0
2019-02-01,17,0,152,5.23,5.23,0.0,39.822958,0.0
2019-02-01,17,0,153,6.2,6.2,0.0,46.588899,0.0
2019-02-01,17,0,154,54.2,54.2,0.0,180.021214,0.0
2019-02-01,17,0,157,46.46,46.46,0.0,-1471.552509,0.0
2019-02-01,17,0,158,232.09,232.09,0.0,-7351.111102,0.0
2019-02-01,17,0,159,0.0,0.0,0.0,0.0,0.0
2019-02-01,17,0,160,1.5,1.5,0.0,11.597479,0.0
2019-02-01,17,0,161,39.01,39.01,0.0,-671.636456,0.0
2019-02-01,17,0,162,49.85,49.85,0.0,1284.971884,0.0
2019-02-01,17,0,163,104.53,104.53,0.0,-7938.42085,0.0
2019-02-01,17,0,164,7.2,7.2,0.0,2.577892,0.0
2019-02-01,17,0,167,3.78,3.78,0.0,96.319782,0.0
2019-02-01,17,0,168,1.89,1.89,0.0,48.159891,0.0
2019-02-01,17,0,169,0.0,0.0,0.0,0.0,0.0
2019-02-01,17,0,170,4.14,4.14,0.0,105.493095,0.0
2019-02-01,17,0,172,4.92,4.92,0.0,114.527218,0.0
2019-02-01,17,0,173,7.49,7.49,0.0,174.351395,0.0
2019-02-01,17,0,188,6.53,6.53,0.0,157.13322,0.0
2019-02-01,17,0,190,5.93,5.93,0.0,192.295414,0.0
2019-02-01,17,0,191,15.33,15.33,0.0,497.114451,0.0
2019-02-01,17,0,192,133.76,133.76,0.0,4337.51004,0.0
2019-02-01,17,0,194,45.7,45.7,0.0,428.995339,0.0
2019-02-01,17,0,196,4.2,4.2,0.0,202.177706,0.0
2019-02-01,17,0,198,6.48,6.48,0.0,57.914673,0.0
2019-02-01,17,0,199,31.44,31.44,0.0,356.297288,0.0
2019-02-01,17,0,200,12.61,12.61,0.0,142.904224,0.0
2019-02-01,17,0,204,253.61,253.61,0.0,1229.827476,0.0
2019-02-01,17,0,205,275.02,275.02,0.0,1400.537947,0.0
2019-02-01,17,0,206,314.3,314.3,0.0,94.574459,0.0
2019-02-01,17,0,210,1.53,1.53,0.0,10.119734,0.0
2019-02-01,17,0,214,7.95,7.95,0.0,102.333499,0.0
2019-02-01,17,0,217,5.39,5.39,0.0,54.718369,0.0
2019-02-01,17,0,218,7.44,7.44,0.0,75.529623,0.0
2019-02-01,17,0,219,5.07,5.07,0.0,51.469783,0.0
2019-02-01,17,0,221,4.24,4.24,0.0,54.577866,0.0
2019-02-01,17,0,225,4.13,4.13,0.0,24.707404,0.0
2019-02-01,17,0,233,3.91,3.91,0.0,45.892333,0.0
2019-02-01,17,0,236,43.43,43.43,0.0,380.481286,0.0
2019-02-01,17,0,237,69.54,69.54,0.0,528.409444,0.0
2019-02-01,17,0,238,56.65,56.65,0.0,532.814342,0.0
2019-02-01,17,0,240,7.17,7.17,0.0,47.34027,0.0
2019-02-01,17,0,245,36.72,36.72,0.0,371.038831,0.0
2019-02-01,17,0,247,95.39,95.39,0.0,963.872388,0.0
2019-02-01,17,0,248,7.08,7.08,0.0,53.798373,0.0
2019-02-01,17,0,249,70.62,70.62,0.0,713.58285,0.0
2019-02-01,17,0,251,13.67,13.67,0.0,131.463256,0.0
2019-02-01,17,0,252,44.4,44.4,0.0,432.616372,0.0
2019-02-01,17,0,254,8.59,8.59,0.0,60.343613,0.0
2019-02-01,17,0,255,3.94,3.94,0.0,27.677979,0.0
2019-02-01,17,0,258,8.84,8.84,0.0,58.631438,0.0
2019-02-01,17,0,260,3.64,3.64,0.0,28.143216,0.0
2019-02-01,17,0,265,56.11,56.11,0.0,186.365135,0.0
2019-02-01,17,0,266,11.22,11.22,0.0,37.266384,0.0
2019-02-01,17,0,267,13.78,13.78,0.0,45.769231,0.0
2019-02-01,17,0,270,326.44,326.44,0.0,-24791.142277,0.0
2019-02-01,17,0,272,86.87,86.87,0.0,-264.228434,0.0
2019-02-01,17,0,273,18.68,18.68,0.0,-1418.632942,0.0
2019-02-01,17,0,274,420.82,420.82,0.0,-31958.732059,0.0
2019-02-01,17,0,275,585.78,585.78,0.0,-44486.445666,0.0
2019-02-01,17,0,276,4.22,4.22,0.0,-278.770243,0.0
2019-02-01,17,0,277,5.25,5.25,0.0,-19.73168,0.0
2019-02-01,17,0,278,8.4,8.4,0.0,-31.570688,0.0
2019-02-01,17,0,279,129.38,129.38,0.0,-486.263756,0.0
2019-02-01,17,0,281,11.32,11.32,0.0,4.05302,0.0
2019-02-01,17,0,282,202.14,202.14,0.0,72.374326,0.0
2019-02-01,18,0,9,1.14,1.14,0.0,7.051398,0.0
2019-02-01,18,0,17,12.42,12.42,0.0,134.522017,0.0
2019-02-01,18,0,19,275.0,275.0,0.0,2978.547076,0.0
2019-02-01,18,0,20,334.87,334.87,0.0,3627.003852,0.0
2019-02-01,18,0,21,26.08,26.08,0.0,161.316194,0.0
2019-02-01,18,0,22,92.69,92.69,0.0,573.328144,0.0
2019-02-01,18,0,23,40.79,40.79,0.0,252.30397,0.0
2019-02-01,18,0,24,72.38,72.38,0.0,447.701921,0.0
2019-02-01,18,0,29,2.39,2.39,0.0,19.051674,0.0
2019-02-01,18,0,30,221.26,221.26,0.0,1362.76945,0.0
2019-02-01,18,0,31,17.26,17.26,0.0,106.306611,0.0
2019-02-01,18,0,32,1.65,1.65,0.0,28.413837,0.0
2019-02-01,18,0,33,0.74,0.74,0.0,8.74192,0.0
2019-02-01,18,0,34,1.19,1.19,0.0,14.057952,0.0
2019-02-01,18,0,35,1.19,1.19,0.0,14.057952,0.0
2019-02-01,18,0,36,3.51,3.51,0.0,32.096202,0.0
2019-02-01,18,0,37,1.56,1.56,0.0,14.191831,0.0
2019-02-01,18,0,38,2.0,2.0,0.0,18.194655,0.0
2019-02-01,18,0,39,1.34,1.34,0.0,12.190419,0.0
2019-02-01,18,0,40,1.34,1.34,0.0,12.190419,0.0
2019-02-01,18,0,41,16.35,16.35,0.0,124.165772,0.0
2019-02-01,18,0,42,25.48,25.48,0.0,270.550379,0.0
2019-02-01,18,0,43,9.96,9.96,0.0,91.614969,0.0
2019-02-01,18,0,46,10.47,10.47,0.0,92.03274,0.0
2019-02-01,18,0,52,18.29,18.29,0.0,112.650516,0.0
2019-02-01,18,0,53,29.07,29.07,0.0,179.045955,0.0
2019-02-01,18,0,55,182.36,182.36,0.0,1127.976269,0.0
2019-02-01,18,0,56,65.26,65.26,0.0,401.944926,0.0
2019-02-01,18,0,57,62.08,62.08,0.0,382.358887,0.0
2019-02-01,18,0,58,119.39,119.39,0.0,735.338717,0.0
2019-02-01,18,0,59,117.4,117.4,0.0,723.082046,0.0
2019-02-01,18,0,63,79.85,79.85,0.0,1649.302499,0.0
2019-02-01,18,0,64,93.94,93.94,0.0,1940.331581,0.0
2019-02-01,18,0,65,10.73,10.73,0.0,115.793067,0.0
2019-02-01,18,0,67,122.64,122.64,0.0,-1038.787906,0.0
2019-02-01,18,0,68,2.89,2.89,0.0,-5.607828,0.0
2019-02-01,18,0,69,0.74,0.74,0.0,8.74192,0.0
2019-02-01,18,0,74,21.59,21.59,0.0,209.369511,0.0
2019-02-01,18,0,77,24.68,24.68,0.0,90.45459,0.0
2019-02-01,18,0,78,18.65,18.65,0.0,68.354056,0.0
2019-02-01,18,0,79,10.8,10.8,0.0,39.583046,0.0
2019-02-01,18,0,80,17.46,17.46,0.0,63.992591,0.0
2019-02-01,18,0,81,22.83,22.83,0.0,83.674161,0.0
2019-02-01,18,0,82,16.1,16.1,0.0,59.008059,0.0
2019-02-01,18,0,83,35.9,35.9,0.0,131.576976,0.0
2019-02-01,18,0,84,0.0,0.0,0.0,0.0,0.0
2019-02-01,18,0,86,3.77,3.77,0.0,44.536536,0.0
2019-02-01,18,0,87,19.26,19.26,0.0,227.526177,0.0
2019-02-01,18,0,88,23.53,23.53,0.0,86.239729,0.0
2019-02-01,18,0,89,22.62,22.62,0.0,82.90449,0.0
2019-02-01,18,0,90,30.37,30.37,0.0,111.308991,0.0
2019-02-01,18,0,91,108.35,108.35,0.0,397.113242,0.0
2019-02-01,18,0,92,38.97,38.97,0.0,142.828824,0.0
2019-02-01,18,0,95,25.07,25.07,0.0,435.115011,0.0
2019-02-01,18,0,96,12.85,12.85,0.0,78.791573,0.0
2019-02-01,18,0,97,79.01,79.01,0.0,484.46087,0.0
2019-02-01,18,0,99,4.17,4.17,0.0,40.438669,0.0
2019-02-01,18,0,101,4.46,4.46,0.0,27.469727,0.0
2019-02-01,18,0,102,6.85,6.85,0.0,-13.29191,0.0
2019-02-01,18,0,103,5.96,5.96,0.0,-11.564932,0.0
2019-02-01,18,0,104,1.11,1.11,0.0,-2.153872,0.0
2019-02-01,18,0,106,91.24,91.24,0.0,564.359261,0.0
2019-02-01,18,0,109,57.28,57.28,0.0,482.866528,0.0
2019-02-01,18,0,110,194.41,194.41,0.0,-5534.178751,0.0
2019-02-01,18,0,111,7.7,7.7,0.0,58.475623,0.0
2019-02-01,18,0,113,20.06,20.06,0.0,89.046673,0.0
2019-02-01,18,0,115,20.06,20.06,0.0,89.046673,0.0
2019-02-01,18,0,116,43.59,43.59,0.0,-1240.856189,0.0
2019-02-01,18,0,117,1.34,1.34,0.0,5.948282,0.0
2019-02-01,18,0,119,93.94,93.94,0.0,1940.331581,0.0
2019-02-01,18,0,120,55.24,55.24,0.0,1140.982718,0.0
2019-02-01,18,0,123,1.52,1.52,0.0,9.401864,0.0
2019-02-01,18,0,125,65.45,65.45,0.0,404.836844,0.0
2019-02-01,18,0,126,68.43,68.43,0.0,423.269446,0.0
2019-02-01,18,0,127,87.82,87.82,0.0,543.205067,0.0
2019-02-01,18,0,128,93.99,93.99,0.0,581.369212,0.0
2019-02-01,18,0,131,9.56,9.56,0.0,-1.878706,0.0
2019-02-01,18,0,132,14.06,14.06,0.0,-2.763035,0.0
2019-02-01,18,0,133,88.28,88.28,0.0,956.496758,0.0
2019-02-01,18,0,134,0.0,0.0,0.0,0.0,0.0
2019-02-01,18,0,135,118.29,118.29,0.0,1281.649315,0.0
2019-02-01,18,0,136,14.28,14.28,0.0,154.071973,0.0
2019-02-01,18,0,139,21.12,21.12,0.0,160.390281,0.0
2019-02-01,18,0,140,143.88,143.88,0.0,-4095.764821,0.0
2019-02-01,18,0,141,96.76,96.76,0.0,-819.578586,0.0
2019-02-01,18,0,142,161.74,161.74,0.0,-1369.973548,0.0
2019-02-01,18,0,143,26.43,26.43,0.0,162.785847,0.0
2019-02-01,18,0,145,9.89,9.89,0.0,69.257099,0.0
2019-02-01,18,0,146,154.73,154.73,0.0,-4404.626708,0.0
2019-02-01,18,0,152,2.94,2.94,0.0,28.508311,0.0
2019-02-01,18,0,153,3.48,3.48,0.0,33.565395,0.0
2019-02-01,18,0,154,31.76,31.76,0.0,241.192961,0.0
2019-02-01,18,0,157,43.04,43.04,0.0,-364.558313,0.0
2019-02-01,18,0,158,137.6,137.6,0.0,-1165.502413,0.0
2019-02-01,18,0,159,0.0,0.0,0.0,0.0,0.0
2019-02-01,18,0,160,0.81,0.81,0.0,7.767361,0.0
2019-02-01,18,0,161,22.55,22.55,0.0,-43.75658,0.0
2019-02-01,18,0,162,43.7,43.7,0.0,760.065442,0.0
2019-02-01,18,0,163,73.06,73.06,0.0,-2079.764928,0.0
2019-02-01,18,0,164,4.3,4.3,0.0,26.484266,0.0
2019-02-01,18,0,167,1.89,1.89,0.0,32.619993,0.0
2019-02-01,18,0,168,0.95,0.95,0.0,16.396293,0.0
2019-02-01,18,0,169,0.0,0.0,0.0,0.0,0.0
2019-02-01,18,0,170,2.07,2.07,0.0,35.726659,0.0
2019-02-01,18,0,172,2.48,2.48,0.0,40.300247,0.0
2019-02-01,18,0,173,3.78,3.78,0.0,61.425377,0.0
2019-02-01,18,0,188,3.34,3.34,0.0,55.501129,0.0
2019-02-01,18,0,190,3.19,3.19,0.0,65.88948,0.0
2019-02-01,18,0,191,8.25,8.25,0.0,170.403827,0.0
2019-02-01,18,0,192,106.87,106.87,0.0,2207.400853,0.0
2019-02-01,18,0,194,77.52,77.52,0.0,776.874294,0.0
2019-02-01,18,0,196,2.31,2.31,0.0,63.514055,0.0
2019-02-01,18,0,198,3.43,3.43,0.0,34.308229,0.0
2019-02-01,18,0,199,29.64,29.64,0.0,318.848706,0.0
2019-02-01,18,0,200,6.58,6.58,0.0,70.783552,0.0
2019-02-01,18,0,204,257.1,257.1,0.0,2136.176545,0.0
2019-02-01,18,0,205,303.02,303.02,0.0,2554.438117,0.0
2019-02-01,18,0,206,232.16,232.16,0.0,1423.521524,0.0
2019-02-01,18,0,210,0.76,0.76,0.0,6.299661,0.0
2019-02-01,18,0,214,4.12,4.12,0.0,51.068956,0.0
2019-02-01,18,0,217,2.74,2.74,0.0,29.065449,0.0
2019-02-01,18,0,218,3.78,3.78,0.0,40.09759,0.0
2019-02-01,18,0,219,2.58,2.58,0.0,27.368196,0.0
2019-02-01,18,0,221,2.2,2.2,0.0,27.269831,0.0
2019-02-01,18,0,225,2.07,2.07,0.0,16.437329,0.0
2019-02-01,18,0,233,2.13,2.13,0.0,25.162552,0.0
2019-02-01,18,0,236,52.37,52.37,0.0,538.72473,0.0
2019-02-01,18,0,237,51.79,51.79,0.0,502.234692,0.0
2019-02-01,18,0,238,33.16,33.16,0.0,352.097746,0.0
2019-02-01,18,0,240,3.98,3.98,0.0,36.393984,0.0
2019-02-01,18,0,245,56.3,56.3,0.0,617.978946,0.0
2019-02-01,18,0,247,109.39,109.39,0.0,1200.723213,0.0
2019-02-01,18,0,248,5.2,5.2,0.0,50.427117,0.0
2019-02-01,18,0,249,108.26,108.26,0.0,1188.319728,0.0
2019-02-01,18,0,251,23.93,23.93,0.0,256.687123,0.0
2019-02-01,18,0,252,69.23,69.23,0.0,747.097298,0.0
2019-02-01,18,0,254,4.66,4.66,0.0,43.321303,0.0
2019-02-01,18,0,255,2.13,2.13,0.0,19.801368,0.0
2019-02-01,18,0,258,4.9,4.9,0.0,44.849457,0.0
2019-02-01,18,0,260,1.97,1.97,0.0,18.89099,0.0
2019-02-01,18,0,265,32.88,32.88,0.0,249.698506,0.0
2019-02-01,18,0,266,13.68,13.68,0.0,103.889159,0.0
2019-02-01,18,0,267,16.81,16.81,0.0,127.659121,0.0
2019-02-01,18,0,270,228.18,228.18,0.0,-6495.493583,0.0
2019-02-01,18,0,272,67.04,67.04,0.0,297.591673,0.0
2019-02-01,18,0,273,10.42,10.42,0.0,-296.621278,0.0
2019-02-01,18,0,274,294.15,294.15,0.0,-8373.430789,0.0
2019-02-01,18,0,275,409.46,409.46,0.0,-11655.906752,0.0
2019-02-01,18,0,276,2.37,2.37,0.0,-56.884216,0.0
2019-02-01,18,0,277,2.96,2.96,0.0,12.221069,0.0
2019-02-01,18,0,278,4.74,4.74,0.0,19.570226,0.0
2019-02-01,18,0,279,96.84,96.84,0.0,399.82715,0.0
2019-02-01,18,0,281,7.74,7.74,0.0,47.671678,0.0
2019-02-01,18,0,282,121.37,121.37,0.0,747.533798,0.0
2019-02-01,19,0,9,0.1,0.1,0.0,1.345324,0.0
2019-02-01,19,0,17,0.79,0.79,0.0,-0.74915,0.0
2019-02-01,19,0,19,615.51,615.51,0.0,-583.682866,0.0
2019-02-01,19,0,20,748.14,748.14,0.0,-709.45476,0.0
2019-02-01,19,0,21,2.28,2.28,0.0,30.673388,0.0
2019-02-01,19,0,22,8.09,8.09,0.0,108.836715,0.0
2019-02-01,19,0,23,35.49,35.49,0.0,477.455501,0.0
2019-02-01,19,0,24,62.8,62.8,0.0,844.863495,0.0
2019-02-01,19,0,29,0.0,0.0,0.0,0.0,0.0
2019-02-01,19,0,30,26.5,26.5,0.0,356.582212,0.0
2019-02-01,19,0,31,6.64,6.64,0.0,89.347392,0.0
2019-02-01,19,0,32,0.0,0.0,0.0,0.0,0.0
2019-02-01,19,0,33,0.03,0.03,0.0,0.397391,0.0
2019-02-01,19,0,34,0.04,0.04,0.0,0.529855,0.0
2019-02-01,19,0,35,0.04,0.04,0.0,0.529855,0.0
2019-02-01,19,0,36,0.19,0.19,0.0,2.494236,0.0
2019-02-01,19,0,37,0.08,0.08,0.0,1.049764,0.0
2019-02-01,19,0,38,0.11,0.11,0.0,1.443425,0.0
2019-02-01,19,0,39,0.07,0.07,0.0,0.918543,0.0
2019-02-01,19,0,40,0.07,0.07,0.0,0.918543,0.0
2019-02-01,19,0,41,20.36,20.36,0.0,271.188894,0.0
2019-02-01,19,0,42,3.19,3.19,0.0,30.476236,0.0
2019-02-01,19,0,43,0.43,0.43,0.0,5.624172,0.0
2019-02-01,19,0,46,0.29,0.29,0.0,3.812097,0.0
2019-02-01,19,0,52,7.04,7.04,0.0,94.729765,0.0
2019-02-01,19,0,53,11.19,11.19,0.0,150.571885,0.0
2019-02-01,19,0,55,70.39,70.39,0.0,946.973589,0.0
2019-02-01,19,0,56,7.82,7.82,0.0,105.225392,0.0
2019-02-01,19,0,57,7.43,7.43,0.0,99.977579,0.0
2019-02-01,19,0,58,14.3,14.3,0.0,192.419835,0.0
2019-02-01,19,0,59,14.06,14.06,0.0,189.190411,0.0
2019-02-01,19,0,63,55.92,55.92,0.0,916.141381,0.0
2019-02-01,19,0,64,65.79,65.79,0.0,1077.8423,0.0
2019-02-01,19,0,65,17.0,17.0,0.0,102.604319,0.0
2019-02-01,19,0,67,10.8,10.8,0.0,155.863377,0.0
2019-02-01,19,0,68,2.2,2.2,0.0,30.908593,0.0
2019-02-01,19,0,69,0.03,0.03,0.0,0.397391,0.0
2019-02-01,19,0,74,26.27,26.27,0.0,345.52203,0.0
2019-02-01,19,0,77,17.49,17.49,0.0,239.849047,0.0
2019-02-01,19,0,78,13.22,13.22,0.0,181.292418,0.0
2019-02-01,19,0,79,7.65,7.65,0.0,104.908245,0.0
2019-02-01,19,0,80,12.37,12.37,0.0,169.635947,0.0
2019-02-01,19,0,81,16.18,16.18,0.0,221.884367,0.0
2019-02-01,19,0,82,11.41,11.41,0.0,156.470991,0.0
2019-02-01,19,0,83,25.45,25.45,0.0,349.008476,0.0
2019-02-01,19,0,84,0.0,0.0,0.0,0.0,0.0
2019-02-01,19,0,86,0.13,0.13,0.0,1.722028,0.0
2019-02-01,19,0,87,0.69,0.69,0.0,9.139994,0.0
2019-02-01,19,0,88,17.41,17.41,0.0,238.751967,0.0
2019-02-01,19,0,89,16.74,16.74,0.0,229.563925,0.0
2019-02-01,19,0,90,22.48,22.48,0.0,308.279392,0.0
2019-02-01,19,0,91,80.18,80.18,0.0,1099.548118,0.0
2019-02-01,19,0,92,28.84,28.84,0.0,395.497228,0.0
2019-02-01,19,0,95,28.83,28.83,0.0,474.992533,0.0
2019-02-01,19,0,96,9.55,9.55,0.0,128.531025,0.0
2019-02-01,19,0,97,58.71,58.71,0.0,790.162982,0.0
2019-02-01,19,0,99,5.07,5.07,0.0,66.684305,0.0
2019-02-01,19,0,101,0.53,0.53,0.0,7.131644,0.0
2019-02-01,19,0,102,6.29,6.29,0.0,88.370477,0.0
2019-02-01,19,0,103,5.28,5.28,0.0,74.180623,0.0
2019-02-01,19,0,104,0.75,0.75,0.0,10.53702,0.0
2019-02-01,19,0,106,7.97,7.97,0.0,107.222326,0.0
2019-02-01,19,0,109,60.0,60.0,0.0,792.919396,0.0
2019-02-01,19,0,110,144.97,144.97,0.0,2261.956423,0.0
2019-02-01,19,0,111,0.67,0.67,0.0,8.924192,0.0
2019-02-01,19,0,113,15.39,15.39,0.0,210.735401,0.0
2019-02-01,19,0,115,15.39,15.39,0.0,210.735401,0.0
2019-02-01,19,0,116,1.6,1.6,0.0,24.964684,0.0
2019-02-01,19,0,117,1.03,1.03,0.0,14.103799,0.0
2019-02-01,19,0,119,65.79,65.79,0.0,1077.8423,0.0
2019-02-01,19,0,120,38.68,38.68,0.0,633.697221,0.0
2019-02-01,19,0,123,0.13,0.13,0.0,1.748921,0.0
2019-02-01,19,0,125,56.83,56.83,0.0,764.54765,0.0
2019-02-01,19,0,126,5.97,5.97,0.0,80.315845,0.0
2019-02-01,19,0,127,7.67,7.67,0.0,103.186354,0.0
2019-02-01,19,0,128,81.39,81.39,0.0,1094.959233,0.0
2019-02-01,19,0,131,6.24,6.24,0.0,87.030679,0.0
2019-02-01,19,0,132,9.18,9.18,0.0,128.035518,0.0
2019-02-01,19,0,133,135.62,135.62,0.0,1912.553548,0.0
2019-02-01,19,0,134,0.0,0.0,0.0,0.0,0.0
2019-02-01,19,0,135,183.78,183.78,0.0,2591.720181,0.0
2019-02-01,19,0,136,23.22,23.22,0.0,149.047947,0.0
2019-02-01,19,0,139,26.3,26.3,0.0,350.307854,0.0
2019-02-01,19,0,140,107.29,107.29,0.0,1674.038109,0.0
2019-02-01,19,0,141,73.05,73.05,0.0,1054.242563,0.0
2019-02-01,19,0,142,14.25,14.25,0.0,205.653067,0.0
2019-02-01,19,0,143,11.53,11.53,0.0,155.146902,0.0
2019-02-01,19,0,145,8.68,8.68,0.0,116.022889,0.0
2019-02-01,19,0,146,131.46,131.46,0.0,2051.16087,0.0
2019-02-01,19,0,152,0.25,0.25,0.0,3.288098,0.0
2019-02-01,19,0,153,0.26,0.26,0.0,3.419881,0.0
2019-02-01,19,0,154,2.76,2.76,0.0,36.762345,0.0
2019-02-01,19,0,157,39.85,39.85,0.0,575.106997,0.0
2019-02-01,19,0,158,14.32,14.32,0.0,206.663292,0.0
2019-02-01,19,0,159,0.0,0.0,0.0,0.0,0.0
2019-02-01,19,0,160,0.02,0.02,0.0,0.259269,0.0
2019-02-01,19,0,161,1.64,1.64,0.0,23.040951,0.0
2019-02-01,19,0,162,39.5,39.5,0.0,650.750096,0.0
2019-02-01,19,0,163,50.14,50.14,0.0,782.330793,0.0
2019-02-01,19,0,164,1.38,1.38,0.0,18.569187,0.0
2019-02-01,19,0,167,0.0,0.0,0.0,0.0,0.0
2019-02-01,19,0,168,0.0,0.0,0.0,0.0,0.0
2019-02-01,19,0,169,0.0,0.0,0.0,0.0,0.0
2019-02-01,19,0,170,0.0,0.0,0.0,0.0,0.0
2019-02-01,19,0,172,0.0,0.0,0.0,0.0,0.0
2019-02-01,19,0,173,0.0,0.0,0.0,0.0,0.0
2019-02-01,19,0,188,0.0,0.0,0.0,0.0,0.0
2019-02-01,19,0,190,0.01,0.01,0.0,0.163831,0.0
2019-02-01,19,0,191,0.02,0.02,0.0,0.327661,0.0
2019-02-01,19,0,192,87.46,87.46,0.0,1432.863468,0.0
2019-02-01,19,0,194,126.37,126.37,0.0,1691.99646,0.0
2019-02-01,19,0,196,0.07,0.07,0.0,1.124307,0.0
2019-02-01,19,0,198,0.0,0.0,0.0,0.0,0.0
2019-02-01,19,0,199,27.89,27.89,0.0,343.803093,0.0
2019-02-01,19,0,200,0.0,0.0,0.0,0.0,0.0
2019-02-01,19,0,204,257.1,257.1,0.0,3399.542775,0.0
2019-02-01,19,0,205,317.4,317.4,0.0,4194.543605,0.0
2019-02-01,19,0,206,172.5,172.5,0.0,2321.633697,0.0
2019-02-01,19,0,210,0.0,0.0,0.0,0.0,0.0
2019-02-01,19,0,214,0.0,0.0,0.0,0.0,0.0
2019-02-01,19,0,217,0.0,0.0,0.0,0.0,0.0
2019-02-01,19,0,218,0.0,0.0,0.0,0.0,0.0
2019-02-01,19,0,219,0.0,0.0,0.0,0.0,0.0
2019-02-01,19,0,221,0.0,0.0,0.0,0.0,0.0
2019-02-01,19,0,225,0.0,0.0,0.0,0.0,0.0
2019-02-01,19,0,233,0.08,0.08,0.0,1.059709,0.0
2019-02-01,19,0,236,62.81,62.81,0.0,825.385146,0.0
2019-02-01,19,0,237,63.01,63.01,0.0,828.75307,0.0
2019-02-01,19,0,238,4.16,4.16,0.0,39.743305,0.0
2019-02-01,19,0,240,0.22,0.22,0.0,2.888063,0.0
2019-02-01,19,0,245,78.0,78.0,0.0,916.230014,0.0
2019-02-01,19,0,247,126.48,126.48,0.0,1485.702208,0.0
2019-02-01,19,0,248,6.33,6.33,0.0,83.256736,0.0
2019-02-01,19,0,249,150.0,150.0,0.0,1761.980797,0.0
2019-02-01,19,0,251,42.91,42.91,0.0,355.275015,0.0
2019-02-01,19,0,252,109.66,109.66,0.0,661.858213,0.0
2019-02-01,19,0,254,0.14,0.14,0.0,1.827049,0.0
2019-02-01,19,0,255,0.06,0.06,0.0,0.783021,0.0
2019-02-01,19,0,258,0.25,0.25,0.0,3.279948,0.0
2019-02-01,19,0,260,0.04,0.04,0.0,0.518537,0.0
2019-02-01,19,0,265,2.86,2.86,0.0,38.094314,0.0
2019-02-01,19,0,266,17.03,17.03,0.0,226.834325,0.0
2019-02-01,19,0,267,20.93,20.93,0.0,278.781117,0.0
2019-02-01,19,0,270,156.58,156.58,0.0,2443.106413,0.0
2019-02-01,19,0,272,51.43,51.43,0.0,704.231427,0.0
2019-02-01,19,0,273,0.38,0.38,0.0,5.929113,0.0
2019-02-01,19,0,274,201.85,201.85,0.0,3149.450948,0.0
2019-02-01,19,0,275,280.98,280.98,0.0,4384.110614,0.0
2019-02-01,19,0,276,0.1,0.1,0.0,1.534144,0.0
2019-02-01,19,0,277,0.12,0.12,0.0,1.644147,0.0
2019-02-01,19,0,278,0.19,0.19,0.0,2.603232,0.0
2019-02-01,19,0,279,71.98,71.98,0.0,986.213982,0.0
2019-02-01,19,0,281,2.98,2.98,0.0,40.098679,0.0
2019-02-01,19,0,282,14.53,14.53,0.0,195.514699,0.0
2019-02-01,20,0,9,0.0,0.0,0.0,0.0,0.0
2019-02-01,20,0,17,0.0,0.0,0.0,0.0,0.0
2019-02-01,20,0,19,643.3,643.3,0.0,6981.035374,0.0
2019-02-01,20,0,20,780.2,780.2,0.0,8466.662209,0.0
2019-02-01,20,0,21,0.0,0.0,0.0,0.0,0.0
2019-02-01,20,0,22,0.0,0.0,0.0,0.0,0.0
2019-02-01,20,0,23,36.89,36.89,0.0,383.570013,0.0
2019-02-01,20,0,24,65.27,65.27,0.0,678.655862,0.0
2019-02-01,20,0,29,0.0,0.0,0.0,0.0,0.0
2019-02-01,20,0,30,0.0,0.0,0.0,0.0,0.0
2019-02-01,20,0,31,7.72,7.72,0.0,80.247767,0.0
2019-02-01,20,0,32,0.0,0.0,0.0,0.0,0.0
2019-02-01,20,0,33,0.0,0.0,0.0,0.0,0.0
2019-02-01,20,0,34,0.0,0.0,0.0,0.0,0.0
2019-02-01,20,0,35,0.0,0.0,0.0,0.0,0.0
2019-02-01,20,0,36,0.0,0.0,0.0,0.0,0.0
2019-02-01,20,0,37,0.0,0.0,0.0,0.0,0.0
2019-02-01,20,0,38,0.0,0.0,0.0,0.0,0.0
2019-02-01,20,0,39,0.0,0.0,0.0,0.0,0.0
2019-02-01,20,0,40,0.0,0.0,0.0,0.0,0.0
2019-02-01,20,0,41,32.35,32.35,0.0,341.218381,0.0
2019-02-01,20,0,42,0.0,0.0,0.0,0.0,0.0
2019-02-01,20,0,43,0.0,0.0,0.0,0.0,0.0
2019-02-01,20,0,46,0.0,0.0,0.0,0.0,0.0
2019-02-01,20,0,52,8.19,8.19,0.0,85.133318,0.0
2019-02-01,20,0,53,13.0,13.0,0.0,135.132251,0.0
2019-02-01,20,0,55,67.58,67.58,0.0,702.674478,0.0
2019-02-01,20,0,56,0.0,0.0,0.0,0.0,0.0
2019-02-01,20,0,57,0.0,0.0,0.0,0.0,0.0
2019-02-01,20,0,58,0.0,0.0,0.0,0.0,0.0
2019-02-01,20,0,59,0.0,0.0,0.0,0.0,0.0
2019-02-01,20,0,63,56.27,56.27,0.0,1018.882888,0.0
2019-02-01,20,0,64,66.2,66.2,0.0,1198.68575,0.0
2019-02-01,20,0,65,16.81,16.81,0.0,182.366531,0.0
2019-02-01,20,0,67,0.0,0.0,0.0,0.0,0.0
2019-02-01,20,0,68,2.17,2.17,0.0,19.037937,0.0
2019-02-01,20,0,69,0.0,0.0,0.0,0.0,0.0
2019-02-01,20,0,74,24.21,24.21,0.0,260.433893,0.0
2019-02-01,20,0,77,26.62,26.62,0.0,269.41452,0.0
2019-02-01,20,0,78,20.21,20.21,0.0,204.540475,0.0
2019-02-01,20,0,79,11.76,11.76,0.0,119.020088,0.0
2019-02-01,20,0,80,18.93,18.93,0.0,191.585907,0.0
2019-02-01,20,0,81,24.66,24.66,0.0,249.577838,0.0
2019-02-01,20,0,82,17.48,17.48,0.0,176.910811,0.0
2019-02-01,20,0,83,38.44,38.44,0.0,389.041853,0.0
2019-02-01,20,0,84,0.0,0.0,0.0,0.0,0.0
2019-02-01,20,0,86,0.0,0.0,0.0,0.0,0.0
2019-02-01,20,0,87,0.0,0.0,0.0,0.0,0.0
2019-02-01,20,0,88,34.16,34.16,0.0,345.725018,0.0
2019-02-01,20,0,89,32.84,32.84,0.0,332.365621,0.0
2019-02-01,20,0,90,44.06,44.06,0.0,445.920501,0.0
2019-02-01,20,0,91,156.86,156.86,0.0,1587.541755,0.0
2019-02-01,20,0,92,56.49,56.49,0.0,571.721495,0.0
2019-02-01,20,0,95,29.62,29.62,0.0,509.352092,0.0
2019-02-01,20,0,96,10.04,10.04,0.0,104.333452,0.0
2019-02-01,20,0,97,72.46,72.46,0.0,752.988237,0.0
2019-02-01,20,0,99,4.67,4.67,0.0,50.236525,0.0
2019-02-01,20,0,101,0.0,0.0,0.0,0.0,0.0
2019-02-01,20,0,102,5.13,5.13,0.0,45.006736,0.0
2019-02-01,20,0,103,4.46,4.46,0.0,39.128663,0.0
2019-02-01,20,0,104,0.83,0.83,0.0,7.281792,0.0
2019-02-01,20,0,106,0.0,0.0,0.0,0.0,0.0
2019-02-01,20,0,109,52.25,52.25,0.0,556.294244,0.0
2019-02-01,20,0,110,139.7,139.7,0.0,319.76106,0.0
2019-02-01,20,0,111,0.0,0.0,0.0,0.0,0.0
2019-02-01,20,0,113,15.87,15.87,0.0,164.805114,0.0
2019-02-01,20,0,115,15.87,15.87,0.0,164.805114,0.0
2019-02-01,20,0,116,0.0,0.0,0.0,0.0,0.0
2019-02-01,20,0,117,1.06,1.06,0.0,11.007777,0.0
2019-02-01,20,0,119,66.2,66.2,0.0,1198.68575,0.0
2019-02-01,20,0,120,38.92,38.92,0.0,704.725822,0.0
2019-02-01,20,0,123,0.0,0.0,0.0,0.0,0.0
2019-02-01,20,0,125,59.07,59.07,0.0,614.190314,0.0
2019-02-01,20,0,126,0.0,0.0,0.0,0.0,0.0
2019-02-01,20,0,127,0.0,0.0,0.0,0.0,0.0
2019-02-01,20,0,128,84.6,84.6,0.0,879.642806,0.0
2019-02-01,20,0,131,7.14,7.14,0.0,65.684733,0.0
2019-02-01,20,0,132,10.5,10.5,0.0,96.595196,0.0
2019-02-01,20,0,133,85.02,85.02,0.0,922.655398,0.0
2019-02-01,20,0,134,0.0,0.0,0.0,0.0,0.0
2019-02-01,20,0,135,113.3,113.3,0.0,1229.556064,0.0
2019-02-01,20,0,136,21.49,21.49,0.0,233.134617,0.0
2019-02-01,20,0,139,43.31,43.31,0.0,456.82127,0.0
2019-02-01,20,0,140,103.39,103.39,0.0,236.650651,0.0
2019-02-01,20,0,141,78.64,78.64,0.0,564.401515,0.0
2019-02-01,20,0,142,0.0,0.0,0.0,0.0,0.0
2019-02-01,20,0,143,13.21,13.21,0.0,137.315156,0.0
2019-02-01,20,0,145,8.75,8.75,0.0,91.772833,0.0
2019-02-01,20,0,146,177.87,177.87,0.0,407.128845,0.0
2019-02-01,20,0,152,0.0,0.0,0.0,0.0,0.0
2019-02-01,20,0,153,0.0,0.0,0.0,0.0,0.0
2019-02-01,20,0,154,0.0,0.0,0.0,0.0,0.0
2019-02-01,20,0,157,52.44,52.44,0.0,376.36337,0.0
2019-02-01,20,0,158,0.0,0.0,0.0,0.0,0.0
2019-02-01,20,0,159,0.0,0.0,0.0,0.0,0.0
2019-02-01,20,0,160,0.0,0.0,0.0,0.0,0.0
2019-02-01,20,0,161,0.0,0.0,0.0,0.0,0.0
2019-02-01,20,0,162,39.72,39.72,0.0,683.440691,0.0
2019-02-01,20,0,163,53.69,53.69,0.0,122.891706,0.0
2019-02-01,20,0,164,0.0,0.0,0.0,0.0,0.0
2019-02-01,20,0,167,0.0,0.0,0.0,0.0,0.0
2019-02-01,20,0,168,0.0,0.0,0.0,0.0,0.0
2019-02-01,20,0,169,0.0,0.0,0.0,0.0,0.0
2019-02-01,20,0,170,0.0,0.0,0.0,0.0,0.0
2019-02-01,20,0,172,0.0,0.0,0.0,0.0,0.0
2019-02-01,20,0,173,0.0,0.0,0.0,0.0,0.0
2019-02-01,20,0,188,0.0,0.0,0.0,0.0,0.0
2019-02-01,20,0,190,0.0,0.0,0.0,0.0,0.0
2019-02-01,20,0,191,0.0,0.0,0.0,0.0,0.0
2019-02-01,20,0,192,89.31,89.31,0.0,1617.139341,0.0
2019-02-01,20,0,194,105.61,105.61,0.0,1248.216058,0.0
2019-02-01,20,0,196,0.0,0.0,0.0,0.0,0.0
2019-02-01,20,0,198,0.0,0.0,0.0,0.0,0.0
2019-02-01,20,0,199,27.71,27.71,0.0,316.816876,0.0
2019-02-01,20,0,200,0.0,0.0,0.0,0.0,0.0
2019-02-01,20,0,204,465.33,465.33,0.0,4948.980395,0.0
2019-02-01,20,0,205,276.41,276.41,0.0,2942.876399,0.0
2019-02-01,20,0,206,274.5,274.5,0.0,2852.543074,0.0
2019-02-01,20,0,210,0.0,0.0,0.0,0.0,0.0
2019-02-01,20,0,214,0.0,0.0,0.0,0.0,0.0
2019-02-01,20,0,217,0.0,0.0,0.0,0.0,0.0
2019-02-01,20,0,218,0.0,0.0,0.0,0.0,0.0
2019-02-01,20,0,219,0.0,0.0,0.0,0.0,0.0
2019-02-01,20,0,221,0.0,0.0,0.0,0.0,0.0
2019-02-01,20,0,225,0.0,0.0,0.0,0.0,0.0
2019-02-01,20,0,233,0.0,0.0,0.0,0.0,0.0
2019-02-01,20,0,236,57.14,57.14,0.0,617.568209,0.0
2019-02-01,20,0,237,58.07,58.07,0.0,624.675596,0.0
2019-02-01,20,0,238,0.0,0.0,0.0,0.0,0.0
2019-02-01,20,0,240,0.0,0.0,0.0,0.0,0.0
2019-02-01,20,0,245,118.75,118.75,0.0,1290.070503,0.0
2019-02-01,20,0,247,93.2,93.2,0.0,1012.501649,0.0
2019-02-01,20,0,248,5.83,5.83,0.0,62.714977,0.0
2019-02-01,20,0,249,228.28,228.28,0.0,2479.977216,0.0
2019-02-01,20,0,251,76.44,76.44,0.0,828.87005,0.0
2019-02-01,20,0,252,108.41,108.41,0.0,1176.10682,0.0
2019-02-01,20,0,254,0.0,0.0,0.0,0.0,0.0
2019-02-01,20,0,255,0.0,0.0,0.0,0.0,0.0
2019-02-01,20,0,258,0.0,0.0,0.0,0.0,0.0
2019-02-01,20,0,260,0.0,0.0,0.0,0.0,0.0
2019-02-01,20,0,265,0.0,0.0,0.0,0.0,0.0
2019-02-01,20,0,266,26.39,26.39,0.0,278.354036,0.0
2019-02-01,20,0,267,33.38,33.38,0.0,352.082521,0.0
2019-02-01,20,0,270,167.68,167.68,0.0,383.804828,0.0
2019-02-01,20,0,272,53.04,53.04,0.0,550.804238,0.0
2019-02-01,20,0,273,0.0,0.0,0.0,0.0,0.0
2019-02-01,20,0,274,216.16,216.16,0.0,494.7713,0.0
2019-02-01,20,0,275,300.89,300.89,0.0,688.710846,0.0
2019-02-01,20,0,276,0.0,0.0,0.0,0.0,0.0
2019-02-01,20,0,277,0.0,0.0,0.0,0.0,0.0
2019-02-01,20,0,278,0.0,0.0,0.0,0.0,0.0
2019-02-01,20,0,279,190.22,190.22,0.0,1955.248114,0.0
2019-02-01,20,0,281,3.47,3.47,0.0,36.069916,0.0
2019-02-01,20,0,282,0.0,0.0,0.0,0.0,0.0
2019-02-01,21,0,9,0.0,0.0,0.0,0.0,0.0
2019-02-01,21,0,17,0.0,0.0,0.0,0.0,0.0
2019-02-01,21,0,19,584.19,584.19,0.0,5599.266781,0.0
2019-02-01,21,0,20,708.51,708.51,0.0,6790.832618,0.0
2019-02-01,21,0,21,0.0,0.0,0.0,0.0,0.0
2019-02-01,21,0,22,0.0,0.0,0.0,0.0,0.0
2019-02-01,21,0,23,38.21,38.21,0.0,270.168517,0.0
2019-02-01,21,0,24,67.61,67.61,0.0,478.044842,0.0
2019-02-01,21,0,29,0.0,0.0,0.0,0.0,0.0
2019-02-01,21,0,30,0.0,0.0,0.0,0.0,0.0
2019-02-01,21,0,31,9.46,9.46,0.0,66.746637,0.0
2019-02-01,21,0,32,0.0,0.0,0.0,0.0,0.0
2019-02-01,21,0,33,0.0,0.0,0.0,0.0,0.0
2019-02-01,21,0,34,0.0,0.0,0.0,0.0,0.0
2019-02-01,21,0,35,0.0,0.0,0.0,0.0,0.0
2019-02-01,21,0,36,0.0,0.0,0.0,0.0,0.0
2019-02-01,21,0,37,0.0,0.0,0.0,0.0,0.0
2019-02-01,21,0,38,0.0,0.0,0.0,0.0,0.0
2019-02-01,21,0,39,0.0,0.0,0.0,0.0,0.0
2019-02-01,21,0,40,0.0,0.0,0.0,0.0,0.0
2019-02-01,21,0,41,55.03,55.03,0.0,432.624747,0.0
2019-02-01,21,0,42,0.0,0.0,0.0,0.0,0.0
2019-02-01,21,0,43,0.0,0.0,0.0,0.0,0.0
2019-02-01,21,0,46,0.0,0.0,0.0,0.0,0.0
2019-02-01,21,0,52,10.02,10.02,0.0,70.697812,0.0
2019-02-01,21,0,53,15.92,15.92,0.0,112.326264,0.0
2019-02-01,21,0,55,65.23,65.23,0.0,461.216758,0.0
2019-02-01,21,0,56,0.0,0.0,0.0,0.0,0.0
2019-02-01,21,0,57,0.0,0.0,0.0,0.0,0.0
2019-02-01,21,0,58,0.0,0.0,0.0,0.0,0.0
2019-02-01,21,0,59,0.0,0.0,0.0,0.0,0.0
2019-02-01,21,0,63,56.14,56.14,0.0,1009.118509,0.0
2019-02-01,21,0,64,66.05,66.05,0.0,1187.251113,0.0
2019-02-01,21,0,65,16.74,16.74,0.0,160.114253,0.0
2019-02-01,21,0,67,0.0,0.0,0.0,0.0,0.0
2019-02-01,21,0,68,2.59,2.59,0.0,12.892832,0.0
2019-02-01,21,0,69,0.0,0.0,0.0,0.0,0.0
2019-02-01,21,0,74,22.1,22.1,0.0,199.098032,0.0
2019-02-01,21,0,77,58.57,58.57,0.0,330.087153,0.0
2019-02-01,21,0,78,44.36,44.36,0.0,250.002836,0.0
2019-02-01,21,0,79,25.73,25.73,0.0,145.008408,0.0
2019-02-01,21,0,80,41.53,41.53,0.0,234.053602,0.0
2019-02-01,21,0,81,54.21,54.21,0.0,305.515188,0.0
2019-02-01,21,0,82,38.32,38.32,0.0,215.962775,0.0
2019-02-01,21,0,83,84.9,84.9,0.0,478.477024,0.0
2019-02-01,21,0,84,0.0,0.0,0.0,0.0,0.0
2019-02-01,21,0,86,0.0,0.0,0.0,0.0,0.0
2019-02-01,21,0,87,0.0,0.0,0.0,0.0,0.0
2019-02-01,21,0,88,63.52,63.52,0.0,357.984224,0.0
2019-02-01,21,0,89,61.06,61.06,0.0,344.120225,0.0
2019-02-01,21,0,90,81.99,81.99,0.0,462.076929,0.0
2019-02-01,21,0,91,292.46,292.46,0.0,1648.237816,0.0
2019-02-01,21,0,92,105.18,105.18,0.0,592.770476,0.0
2019-02-01,21,0,95,30.74,30.74,0.0,522.144451,0.0
2019-02-01,21,0,96,9.3,9.3,0.0,65.472391,0.0
2019-02-01,21,0,97,57.2,57.2,0.0,402.690407,0.0
2019-02-01,21,0,99,4.27,4.27,0.0,38.468262,0.0
2019-02-01,21,0,101,0.0,0.0,0.0,0.0,0.0
2019-02-01,21,0,102,6.14,6.14,0.0,30.564475,0.0
2019-02-01,21,0,103,5.34,5.34,0.0,26.582133,0.0
2019-02-01,21,0,104,0.99,0.99,0.0,4.928148,0.0
2019-02-01,21,0,106,0.0,0.0,0.0,0.0,0.0
2019-02-01,21,0,109,59.41,59.41,0.0,496.326837,0.0
2019-02-01,21,0,110,136.74,136.74,0.0,306.014734,0.0
2019-02-01,21,0,111,0.0,0.0,0.0,0.0,0.0
2019-02-01,21,0,113,30.54,30.54,0.0,166.651684,0.0
2019-02-01,21,0,115,30.54,30.54,0.0,166.651684,0.0
2019-02-01,21,0,116,0.0,0.0,0.0,0.0,0.0
2019-02-01,21,0,117,2.05,2.05,0.0,11.186508,0.0
2019-02-01,21,0,119,66.05,66.05,0.0,1187.251113,0.0
2019-02-01,21,0,120,38.84,38.84,0.0,698.15039,0.0
2019-02-01,21,0,123,0.0,0.0,0.0,0.0,0.0
2019-02-01,21,0,125,61.18,61.18,0.0,432.580734,0.0
2019-02-01,21,0,126,0.0,0.0,0.0,0.0,0.0
2019-02-01,21,0,127,0.0,0.0,0.0,0.0,0.0
2019-02-01,21,0,128,87.63,87.63,0.0,619.59872,0.0
2019-02-01,21,0,131,8.16,8.16,0.0,42.089797,0.0
2019-02-01,21,0,132,11.99,11.99,0.0,61.845179,0.0
2019-02-01,21,0,133,60.36,60.36,0.0,578.643669,0.0
2019-02-01,21,0,134,0.0,0.0,0.0,0.0,0.0
2019-02-01,21,0,135,78.48,78.48,0.0,752.351808,0.0
2019-02-01,21,0,136,20.0,20.0,0.0,191.273558,0.0
2019-02-01,21,0,139,72.49,72.49,0.0,569.888568,0.0
2019-02-01,21,0,140,101.2,101.2,0.0,226.478653,0.0
2019-02-01,21,0,141,84.57,84.57,0.0,363.941646,0.0
2019-02-01,21,0,142,0.0,0.0,0.0,0.0,0.0
2019-02-01,21,0,143,16.08,16.08,0.0,113.455172,0.0
2019-02-01,21,0,145,8.9,8.9,0.0,67.08744,0.0
2019-02-01,21,0,146,234.32,234.32,0.0,524.392075,0.0
2019-02-01,21,0,152,0.0,0.0,0.0,0.0,0.0
2019-02-01,21,0,153,0.0,0.0,0.0,0.0,0.0
2019-02-01,21,0,154,0.0,0.0,0.0,0.0,0.0
2019-02-01,21,0,157,68.05,68.05,0.0,292.848871,0.0
2019-02-01,21,0,158,0.0,0.0,0.0,0.0,0.0
2019-02-01,21,0,159,0.0,0.0,0.0,0.0,0.0
2019-02-01,21,0,160,0.0,0.0,0.0,0.0,0.0
2019-02-01,21,0,161,0.0,0.0,0.0,0.0,0.0
2019-02-01,21,0,162,39.81,39.81,0.0,676.765974,0.0
2019-02-01,21,0,163,56.82,56.82,0.0,127.15926,0.0
2019-02-01,21,0,164,0.0,0.0,0.0,0.0,0.0
2019-02-01,21,0,167,0.0,0.0,0.0,0.0,0.0
2019-02-01,21,0,168,0.0,0.0,0.0,0.0,0.0
2019-02-01,21,0,169,0.0,0.0,0.0,0.0,0.0
2019-02-01,21,0,170,0.0,0.0,0.0,0.0,0.0
2019-02-01,21,0,172,0.0,0.0,0.0,0.0,0.0
2019-02-01,21,0,173,0.0,0.0,0.0,0.0,0.0
2019-02-01,21,0,188,0.0,0.0,0.0,0.0,0.0
2019-02-01,21,0,190,0.0,0.0,0.0,0.0,0.0
2019-02-01,21,0,191,0.0,0.0,0.0,0.0,0.0
2019-02-01,21,0,192,91.1,91.1,0.0,1637.52576,0.0
2019-02-01,21,0,194,87.66,87.66,0.0,507.72184,0.0
2019-02-01,21,0,196,0.0,0.0,0.0,0.0,0.0
2019-02-01,21,0,198,0.0,0.0,0.0,0.0,0.0
2019-02-01,21,0,199,27.52,27.52,0.0,255.02115,0.0
2019-02-01,21,0,200,0.0,0.0,0.0,0.0,0.0
2019-02-01,21,0,204,769.7,769.7,0.0,6380.675956,0.0
2019-02-01,21,0,205,275.72,275.72,0.0,2303.43773,0.0
2019-02-01,21,0,206,168.07,168.07,0.0,1183.219872,0.0
2019-02-01,21,0,210,0.0,0.0,0.0,0.0,0.0
2019-02-01,21,0,214,0.0,0.0,0.0,0.0,0.0
2019-02-01,21,0,217,0.0,0.0,0.0,0.0,0.0
2019-02-01,21,0,218,0.0,0.0,0.0,0.0,0.0
2019-02-01,21,0,219,0.0,0.0,0.0,0.0,0.0
2019-02-01,21,0,221,0.0,0.0,0.0,0.0,0.0
2019-02-01,21,0,225,0.0,0.0,0.0,0.0,0.0
2019-02-01,21,0,233,0.0,0.0,0.0,0.0,0.0
2019-02-01,21,0,236,52.18,52.18,0.0,485.888541,0.0
2019-02-01,21,0,237,53.03,53.03,0.0,477.745188,0.0
2019-02-01,21,0,238,0.0,0.0,0.0,0.0,0.0
2019-02-01,21,0,240,0.0,0.0,0.0,0.0,0.0
2019-02-01,21,0,245,160.72,160.72,0.0,1552.207185,0.0
2019-02-01,21,0,247,66.7,66.7,0.0,644.177571,0.0
2019-02-01,21,0,248,5.32,5.32,0.0,47.927671,0.0
2019-02-01,21,0,249,309.08,309.08,0.0,2985.043533,0.0
2019-02-01,21,0,251,125.37,125.37,0.0,1195.039694,0.0
2019-02-01,21,0,252,107.98,107.98,0.0,1032.803888,0.0
2019-02-01,21,0,254,0.0,0.0,0.0,0.0,0.0
2019-02-01,21,0,255,0.0,0.0,0.0,0.0,0.0
2019-02-01,21,0,258,0.0,0.0,0.0,0.0,0.0
2019-02-01,21,0,260,0.0,0.0,0.0,0.0,0.0
2019-02-01,21,0,265,0.0,0.0,0.0,0.0,0.0
2019-02-01,21,0,266,45.4,45.4,0.0,356.917381,0.0
2019-02-01,21,0,267,56.67,56.67,0.0,445.517797,0.0
2019-02-01,21,0,270,177.46,177.46,0.0,397.143298,0.0
2019-02-01,21,0,272,101.99,101.99,0.0,556.542413,0.0
2019-02-01,21,0,273,0.0,0.0,0.0,0.0,0.0
2019-02-01,21,0,274,228.77,228.77,0.0,511.971556,0.0
2019-02-01,21,0,275,318.45,318.45,0.0,712.66924,0.0
2019-02-01,21,0,276,0.0,0.0,0.0,0.0,0.0
2019-02-01,21,0,277,0.0,0.0,0.0,0.0,0.0
2019-02-01,21,0,278,0.0,0.0,0.0,0.0,0.0
2019-02-01,21,0,279,205.77,205.77,0.0,1137.61437,0.0
2019-02-01,21,0,281,4.24,4.24,0.0,29.91604,0.0
2019-02-01,21,0,282,0.0,0.0,0.0,0.0,0.0
2019-02-01,22,0,9,0.0,0.0,0.0,0.0,0.0
2019-02-01,22,0,17,0.0,0.0,0.0,0.0,0.0
2019-02-01,22,0,19,457.39,457.39,0.0,6309.469329,0.0
2019-02-01,22,0,20,554.73,554.73,0.0,7652.226591,0.0
2019-02-01,22,0,21,0.0,0.0,0.0,0.0,0.0
2019-02-01,22,0,22,0.0,0.0,0.0,0.0,0.0
2019-02-01,22,0,23,39.83,39.83,0.0,382.68708,0.0
2019-02-01,22,0,24,70.47,70.47,0.0,677.076538,0.0
2019-02-01,22,0,29,0.0,0.0,0.0,0.0,0.0
2019-02-01,22,0,30,0.0,0.0,0.0,0.0,0.0
2019-02-01,22,0,31,11.8,11.8,0.0,113.126986,0.0
2019-02-01,22,0,32,0.0,0.0,0.0,0.0,0.0
2019-02-01,22,0,33,0.0,0.0,0.0,0.0,0.0
2019-02-01,22,0,34,0.0,0.0,0.0,0.0,0.0
2019-02-01,22,0,35,0.0,0.0,0.0,0.0,0.0
2019-02-01,22,0,36,0.0,0.0,0.0,0.0,0.0
2019-02-01,22,0,37,0.0,0.0,0.0,0.0,0.0
2019-02-01,22,0,38,0.0,0.0,0.0,0.0,0.0
2019-02-01,22,0,39,0.0,0.0,0.0,0.0,0.0
2019-02-01,22,0,40,0.0,0.0,0.0,0.0,0.0
2019-02-01,22,0,41,53.73,53.73,0.0,578.614411,0.0
2019-02-01,22,0,42,0.0,0.0,0.0,0.0,0.0
2019-02-01,22,0,43,0.0,0.0,0.0,0.0,0.0
2019-02-01,22,0,46,0.0,0.0,0.0,0.0,0.0
2019-02-01,22,0,52,12.51,12.51,0.0,119.933779,0.0
2019-02-01,22,0,53,19.87,19.87,0.0,190.49434,0.0
2019-02-01,22,0,55,121.71,121.71,0.0,1169.391024,0.0
2019-02-01,22,0,56,0.0,0.0,0.0,0.0,0.0
2019-02-01,22,0,57,0.0,0.0,0.0,0.0,0.0
2019-02-01,22,0,58,0.0,0.0,0.0,0.0,0.0
2019-02-01,22,0,59,0.0,0.0,0.0,0.0,0.0
2019-02-01,22,0,63,56.63,56.63,0.0,973.940469,0.0
2019-02-01,22,0,64,66.63,66.63,0.0,1145.9236,0.0
2019-02-01,22,0,65,16.61,16.61,0.0,228.439507,0.0
2019-02-01,22,0,67,0.0,0.0,0.0,0.0,0.0
2019-02-01,22,0,68,3.07,3.07,0.0,20.055823,0.0
2019-02-01,22,0,69,0.0,0.0,0.0,0.0,0.0
2019-02-01,22,0,74,20.33,20.33,0.0,256.761184,0.0
2019-02-01,22,0,77,72.87,72.87,0.0,554.264883,0.0
2019-02-01,22,0,78,55.09,55.09,0.0,419.026381,0.0
2019-02-01,22,0,79,31.88,31.88,0.0,242.486132,0.0
2019-02-01,22,0,80,51.55,51.55,0.0,392.10038,0.0
2019-02-01,22,0,81,67.4,67.4,0.0,512.658887,0.0
2019-02-01,22,0,82,47.55,47.55,0.0,361.67552,0.0
2019-02-01,22,0,83,106.02,106.02,0.0,806.410908,0.0
2019-02-01,22,0,84,0.0,0.0,0.0,0.0,0.0
2019-02-01,22,0,86,0.0,0.0,0.0,0.0,0.0
2019-02-01,22,0,87,0.0,0.0,0.0,0.0,0.0
2019-02-01,22,0,88,66.47,66.47,0.0,505.585107,0.0
2019-02-01,22,0,89,63.9,63.9,0.0,486.037135,0.0
2019-02-01,22,0,90,85.8,85.8,0.0,652.613242,0.0
2019-02-01,22,0,91,306.07,306.07,0.0,2328.034207,0.0
2019-02-01,22,0,92,110.08,110.08,0.0,837.292141,0.0
2019-02-01,22,0,95,31.68,31.68,0.0,512.279236,0.0
2019-02-01,22,0,96,9.22,9.22,0.0,88.190299,0.0
2019-02-01,22,0,97,56.71,56.71,0.0,542.437293,0.0
2019-02-01,22,0,99,3.92,3.92,0.0,49.508305,0.0
2019-02-01,22,0,101,0.0,0.0,0.0,0.0,0.0
2019-02-01,22,0,102,7.28,7.28,0.0,47.559084,0.0
2019-02-01,22,0,103,6.33,6.33,0.0,41.352885,0.0
2019-02-01,22,0,104,1.17,1.17,0.0,7.643424,0.0
2019-02-01,22,0,106,0.0,0.0,0.0,0.0,0.0
2019-02-01,22,0,109,98.3,98.3,0.0,1117.530608,0.0
2019-02-01,22,0,110,135.07,135.07,0.0,263.508064,0.0
2019-02-01,22,0,111,0.0,0.0,0.0,0.0,0.0
2019-02-01,22,0,113,56.18,56.18,0.0,415.433197,0.0
2019-02-01,22,0,115,56.18,56.18,0.0,415.433197,0.0
2019-02-01,22,0,116,0.0,0.0,0.0,0.0,0.0
2019-02-01,22,0,117,3.74,3.74,0.0,27.656108,0.0
2019-02-01,22,0,119,66.63,66.63,0.0,1145.9236,0.0
2019-02-01,22,0,120,39.18,39.18,0.0,673.829906,0.0
2019-02-01,22,0,123,0.0,0.0,0.0,0.0,0.0
2019-02-01,22,0,125,63.77,63.77,0.0,612.702864,0.0
2019-02-01,22,0,126,0.0,0.0,0.0,0.0,0.0
2019-02-01,22,0,127,0.0,0.0,0.0,0.0,0.0
2019-02-01,22,0,128,91.34,91.34,0.0,877.595729,0.0
2019-02-01,22,0,131,9.22,9.22,0.0,63.010145,0.0
2019-02-01,22,0,132,13.55,13.55,0.0,92.601677,0.0
2019-02-01,22,0,133,74.17,74.17,0.0,1023.427676,0.0
2019-02-01,22,0,134,0.0,0.0,0.0,0.0,0.0
2019-02-01,22,0,135,99.38,99.38,0.0,1371.285459,0.0
2019-02-01,22,0,136,18.58,18.58,0.0,255.490972,0.0
2019-02-01,22,0,139,69.39,69.39,0.0,747.255797,0.0
2019-02-01,22,0,140,99.96,99.96,0.0,195.011965,0.0
2019-02-01,22,0,141,90.68,90.68,0.0,490.118895,0.0
2019-02-01,22,0,142,0.0,0.0,0.0,0.0,0.0
2019-02-01,22,0,143,20.08,20.08,0.0,192.507617,0.0
2019-02-01,22,0,145,22.19,22.19,0.0,227.438353,0.0
2019-02-01,22,0,146,268.0,268.0,0.0,522.841202,0.0
2019-02-01,22,0,152,0.0,0.0,0.0,0.0,0.0
2019-02-01,22,0,153,0.0,0.0,0.0,0.0,0.0
2019-02-01,22,0,154,0.0,0.0,0.0,0.0,0.0
2019-02-01,22,0,157,87.73,87.73,0.0,474.174357,0.0
2019-02-01,22,0,158,0.0,0.0,0.0,0.0,0.0
2019-02-01,22,0,159,0.0,0.0,0.0,0.0,0.0
2019-02-01,22,0,160,0.0,0.0,0.0,0.0,0.0
2019-02-01,22,0,161,0.0,0.0,0.0,0.0,0.0
2019-02-01,22,0,162,23.84,23.84,0.0,385.831212,0.0
2019-02-01,22,0,163,60.73,60.73,0.0,118.478157,0.0
2019-02-01,22,0,164,0.0,0.0,0.0,0.0,0.0
2019-02-01,22,0,167,0.0,0.0,0.0,0.0,0.0
2019-02-01,22,0,168,0.0,0.0,0.0,0.0,0.0
2019-02-01,22,0,169,0.0,0.0,0.0,0.0,0.0
2019-02-01,22,0,170,0.0,0.0,0.0,0.0,0.0
2019-02-01,22,0,172,0.0,0.0,0.0,0.0,0.0
2019-02-01,22,0,173,0.0,0.0,0.0,0.0,0.0
2019-02-01,22,0,188,0.0,0.0,0.0,0.0,0.0
2019-02-01,22,0,190,0.0,0.0,0.0,0.0,0.0
2019-02-01,22,0,191,0.0,0.0,0.0,0.0,0.0
2019-02-01,22,0,192,93.54,93.54,0.0,1608.730205,0.0
2019-02-01,22,0,194,72.25,72.25,0.0,580.665269,0.0
2019-02-01,22,0,196,0.0,0.0,0.0,0.0,0.0
2019-02-01,22,0,198,0.0,0.0,0.0,0.0,0.0
2019-02-01,22,0,199,27.33,27.33,0.0,265.81908,0.0
2019-02-01,22,0,200,0.0,0.0,0.0,0.0,0.0
2019-02-01,22,0,204,668.92,668.92,0.0,7528.702839,0.0
2019-02-01,22,0,205,489.07,489.07,0.0,5560.027411,0.0
2019-02-01,22,0,206,166.63,166.63,0.0,1593.833999,0.0
2019-02-01,22,0,210,0.0,0.0,0.0,0.0,0.0
2019-02-01,22,0,214,0.0,0.0,0.0,0.0,0.0
2019-02-01,22,0,217,0.0,0.0,0.0,0.0,0.0
2019-02-01,22,0,218,0.0,0.0,0.0,0.0,0.0
2019-02-01,22,0,219,0.0,0.0,0.0,0.0,0.0
2019-02-01,22,0,221,0.0,0.0,0.0,0.0,0.0
2019-02-01,22,0,225,0.0,0.0,0.0,0.0,0.0
2019-02-01,22,0,233,0.0,0.0,0.0,0.0,0.0
2019-02-01,22,0,236,47.88,47.88,0.0,633.072077,0.0
2019-02-01,22,0,237,48.77,48.77,0.0,615.948988,0.0
2019-02-01,22,0,238,0.0,0.0,0.0,0.0,0.0
2019-02-01,22,0,240,0.0,0.0,0.0,0.0,0.0
2019-02-01,22,0,245,119.45,119.45,0.0,1665.928076,0.0
2019-02-01,22,0,247,45.84,45.84,0.0,639.314717,0.0
2019-02-01,22,0,248,4.9,4.9,0.0,61.885381,0.0
2019-02-01,22,0,249,229.72,229.72,0.0,3203.825848,0.0
2019-02-01,22,0,251,402.06,402.06,0.0,5502.271294,0.0
2019-02-01,22,0,252,107.14,107.14,0.0,1473.510462,0.0
2019-02-01,22,0,254,0.0,0.0,0.0,0.0,0.0
2019-02-01,22,0,255,0.0,0.0,0.0,0.0,0.0
2019-02-01,22,0,258,0.0,0.0,0.0,0.0,0.0
2019-02-01,22,0,260,0.0,0.0,0.0,0.0,0.0
2019-02-01,22,0,265,0.0,0.0,0.0,0.0,0.0
2019-02-01,22,0,266,44.93,44.93,0.0,483.847859,0.0
2019-02-01,22,0,267,55.21,55.21,0.0,594.552422,0.0
2019-02-01,22,0,270,189.66,189.66,0.0,370.007695,0.0
2019-02-01,22,0,272,187.76,187.76,0.0,1388.425365,0.0
2019-02-01,22,0,273,0.0,0.0,0.0,0.0,0.0
2019-02-01,22,0,274,244.5,244.5,0.0,476.995051,0.0
2019-02-01,22,0,275,340.35,340.35,0.0,663.988817,0.0
2019-02-01,22,0,276,0.0,0.0,0.0,0.0,0.0
2019-02-01,22,0,277,0.0,0.0,0.0,0.0,0.0
2019-02-01,22,0,278,0.0,0.0,0.0,0.0,0.0
2019-02-01,22,0,279,89.67,89.67,0.0,670.685739,0.0
2019-02-01,22,0,281,5.3,5.3,0.0,50.811273,0.0
2019-02-01,22,0,282,0.0,0.0,0.0,0.0,0.0
2019-02-01,23,0,9,0.0,0.0,0.0,0.0,0.0
2019-02-01,23,0,17,0.0,0.0,0.0,0.0,0.0
2019-02-01,23,0,19,377.95,377.95,0.0,4411.277619,0.0
2019-02-01,23,0,20,458.38,458.38,0.0,5350.023641,0.0
2019-02-01,23,0,21,0.0,0.0,0.0,0.0,0.0
2019-02-01,23,0,22,0.0,0.0,0.0,0.0,0.0
2019-02-01,23,0,23,36.78,36.78,0.0,284.657566,0.0
2019-02-01,23,0,24,65.07,65.07,0.0,503.607065,0.0
2019-02-01,23,0,29,0.0,0.0,0.0,0.0,0.0
2019-02-01,23,0,30,0.0,0.0,0.0,0.0,0.0
2019-02-01,23,0,31,11.35,11.35,0.0,87.606654,0.0
2019-02-01,23,0,32,0.0,0.0,0.0,0.0,0.0
2019-02-01,23,0,33,0.0,0.0,0.0,0.0,0.0
2019-02-01,23,0,34,0.0,0.0,0.0,0.0,0.0
2019-02-01,23,0,35,0.0,0.0,0.0,0.0,0.0
2019-02-01,23,0,36,0.0,0.0,0.0,0.0,0.0
2019-02-01,23,0,37,0.0,0.0,0.0,0.0,0.0
2019-02-01,23,0,38,0.0,0.0,0.0,0.0,0.0
2019-02-01,23,0,39,0.0,0.0,0.0,0.0,0.0
2019-02-01,23,0,40,0.0,0.0,0.0,0.0,0.0
2019-02-01,23,0,41,64.75,64.75,0.0,574.607653,0.0
2019-02-01,23,0,42,0.0,0.0,0.0,0.0,0.0
2019-02-01,23,0,43,0.0,0.0,0.0,0.0,0.0
2019-02-01,23,0,46,0.0,0.0,0.0,0.0,0.0
2019-02-01,23,0,52,12.03,12.03,0.0,92.855334,0.0
2019-02-01,23,0,53,19.12,19.12,0.0,147.580548,0.0
2019-02-01,23,0,55,194.0,194.0,0.0,1501.45644,0.0
2019-02-01,23,0,56,0.0,0.0,0.0,0.0,0.0
2019-02-01,23,0,57,0.0,0.0,0.0,0.0,0.0
2019-02-01,23,0,58,0.0,0.0,0.0,0.0,0.0
2019-02-01,23,0,59,0.0,0.0,0.0,0.0,0.0
2019-02-01,23,0,63,55.43,55.43,0.0,997.448945,0.0
2019-02-01,23,0,64,65.21,65.21,0.0,1173.437592,0.0
2019-02-01,23,0,65,12.63,12.63,0.0,146.950945,0.0
2019-02-01,23,0,67,0.0,0.0,0.0,0.0,0.0
2019-02-01,23,0,68,2.77,2.77,0.0,13.82865,0.0
2019-02-01,23,0,69,0.0,0.0,0.0,0.0,0.0
2019-02-01,23,0,74,21.12,21.12,0.0,224.634485,0.0
2019-02-01,23,0,77,83.37,83.37,0.0,479.308547,0.0
2019-02-01,23,0,78,63.03,63.03,0.0,362.370369,0.0
2019-02-01,23,0,79,36.48,36.48,0.0,209.729828,0.0
2019-02-01,23,0,80,58.99,58.99,0.0,339.143711,0.0
2019-02-01,23,0,81,77.12,77.12,0.0,443.376216,0.0
2019-02-01,23,0,82,54.4,54.4,0.0,312.755007,0.0
2019-02-01,23,0,83,121.31,121.31,0.0,697.432167,0.0
2019-02-01,23,0,84,0.0,0.0,0.0,0.0,0.0
2019-02-01,23,0,86,0.0,0.0,0.0,0.0,0.0
2019-02-01,23,0,87,0.0,0.0,0.0,0.0,0.0
2019-02-01,23,0,88,83.24,83.24,0.0,478.561154,0.0
2019-02-01,23,0,89,80.02,80.02,0.0,460.048817,0.0
2019-02-01,23,0,90,107.44,107.44,0.0,617.691139,0.0
2019-02-01,23,0,91,383.26,383.26,0.0,2203.428014,0.0
2019-02-01,23,0,92,137.84,137.84,0.0,792.465996,0.0
2019-02-01,23,0,95,33.2,33.2,0.0,562.798472,0.0
2019-02-01,23,0,96,8.22,8.22,0.0,63.268442,0.0
2019-02-01,23,0,97,50.53,50.53,0.0,388.923889,0.0
2019-02-01,23,0,99,4.08,4.08,0.0,43.395298,0.0
2019-02-01,23,0,101,0.0,0.0,0.0,0.0,0.0
2019-02-01,23,0,102,6.55,6.55,0.0,32.699516,0.0
2019-02-01,23,0,103,5.69,5.69,0.0,28.406145,0.0
2019-02-01,23,0,104,1.06,1.06,0.0,5.29183,0.0
2019-02-01,23,0,106,0.0,0.0,0.0,0.0,0.0
2019-02-01,23,0,109,116.77,116.77,0.0,1109.335905,0.0
2019-02-01,23,0,110,137.19,137.19,0.0,267.643972,0.0
2019-02-01,23,0,111,0.0,0.0,0.0,0.0,0.0
2019-02-01,23,0,113,61.98,61.98,0.0,338.593519,0.0
2019-02-01,23,0,115,61.98,61.98,0.0,338.593519,0.0
2019-02-01,23,0,116,0.0,0.0,0.0,0.0,0.0
2019-02-01,23,0,117,4.13,4.13,0.0,22.561975,0.0
2019-02-01,23,0,119,65.21,65.21,0.0,1173.437592,0.0
2019-02-01,23,0,120,38.34,38.34,0.0,689.918682,0.0
2019-02-01,23,0,123,0.0,0.0,0.0,0.0,0.0
2019-02-01,23,0,125,58.89,58.89,0.0,455.777164,0.0
2019-02-01,23,0,126,0.0,0.0,0.0,0.0,0.0
2019-02-01,23,0,127,0.0,0.0,0.0,0.0,0.0
2019-02-01,23,0,128,84.34,84.34,0.0,652.746578,0.0
2019-02-01,23,0,131,8.28,8.28,0.0,42.991772,0.0
2019-02-01,23,0,132,12.17,12.17,0.0,63.189597,0.0
2019-02-01,23,0,133,58.79,58.79,0.0,686.375083,0.0
2019-02-01,23,0,134,0.0,0.0,0.0,0.0,0.0
2019-02-01,23,0,135,78.78,78.78,0.0,919.758956,0.0
2019-02-01,23,0,136,13.78,13.78,0.0,160.303649,0.0
2019-02-01,23,0,139,83.62,83.62,0.0,742.064741,0.0
2019-02-01,23,0,140,101.53,101.53,0.0,198.074878,0.0
2019-02-01,23,0,141,91.32,91.32,0.0,387.526333,0.0
2019-02-01,23,0,142,0.0,0.0,0.0,0.0,0.0
2019-02-01,23,0,143,18.94,18.94,0.0,146.191191,0.0
2019-02-01,23,0,145,8.36,8.36,0.0,70.064051,0.0
2019-02-01,23,0,146,268.0,268.0,0.0,522.841202,0.0
2019-02-01,23,0,152,0.0,0.0,0.0,0.0,0.0
2019-02-01,23,0,153,0.0,0.0,0.0,0.0,0.0
2019-02-01,23,0,154,0.0,0.0,0.0,0.0,0.0
2019-02-01,23,0,157,82.28,82.28,0.0,349.164112,0.0
2019-02-01,23,0,158,0.0,0.0,0.0,0.0,0.0
2019-02-01,23,0,159,0.0,0.0,0.0,0.0,0.0
2019-02-01,23,0,160,0.0,0.0,0.0,0.0,0.0
2019-02-01,23,0,161,0.0,0.0,0.0,0.0,0.0
2019-02-01,23,0,162,11.44,11.44,0.0,194.098026,0.0
2019-02-01,23,0,163,57.32,57.32,0.0,111.825588,0.0
2019-02-01,23,0,164,0.0,0.0,0.0,0.0,0.0
2019-02-01,23,0,167,0.0,0.0,0.0,0.0,0.0
2019-02-01,23,0,168,0.0,0.0,0.0,0.0,0.0
2019-02-01,23,0,169,0.0,0.0,0.0,0.0,0.0
2019-02-01,23,0,170,0.0,0.0,0.0,0.0,0.0
2019-02-01,23,0,172,0.0,0.0,0.0,0.0,0.0
2019-02-01,23,0,173,0.0,0.0,0.0,0.0,0.0
2019-02-01,23,0,188,0.0,0.0,0.0,0.0,0.0
2019-02-01,23,0,190,0.0,0.0,0.0,0.0,0.0
2019-02-01,23,0,191,0.0,0.0,0.0,0.0,0.0
2019-02-01,23,0,192,84.17,84.17,0.0,1514.618036,0.0
2019-02-01,23,0,194,97.02,97.02,0.0,558.174142,0.0
2019-02-01,23,0,196,0.0,0.0,0.0,0.0,0.0
2019-02-01,23,0,198,0.0,0.0,0.0,0.0,0.0
2019-02-01,23,0,199,22.21,22.21,0.0,194.467738,0.0
2019-02-01,23,0,200,0.0,0.0,0.0,0.0,0.0
2019-02-01,23,0,204,695.78,695.78,0.0,6537.058028,0.0
2019-02-01,23,0,205,617.71,617.71,0.0,5868.355586,0.0
2019-02-01,23,0,206,148.49,148.49,0.0,1142.911307,0.0
2019-02-01,23,0,210,0.0,0.0,0.0,0.0,0.0
2019-02-01,23,0,214,0.0,0.0,0.0,0.0,0.0
2019-02-01,23,0,217,0.0,0.0,0.0,0.0,0.0
2019-02-01,23,0,218,0.0,0.0,0.0,0.0,0.0
2019-02-01,23,0,219,0.0,0.0,0.0,0.0,0.0
2019-02-01,23,0,221,0.0,0.0,0.0,0.0,0.0
2019-02-01,23,0,225,0.0,0.0,0.0,0.0,0.0
2019-02-01,23,0,233,0.0,0.0,0.0,0.0,0.0
2019-02-01,23,0,236,37.06,37.06,0.0,413.865957,0.0
2019-02-01,23,0,237,50.66,50.66,0.0,538.824953,0.0
2019-02-01,23,0,238,0.0,0.0,0.0,0.0,0.0
2019-02-01,23,0,240,0.0,0.0,0.0,0.0,0.0
2019-02-01,23,0,245,109.64,109.64,0.0,1294.397104,0.0
2019-02-01,23,0,247,37.86,37.86,0.0,446.970762,0.0
2019-02-01,23,0,248,5.09,5.09,0.0,54.137762,0.0
2019-02-01,23,0,249,210.85,210.85,0.0,2489.270607,0.0
2019-02-01,23,0,251,167.36,167.36,0.0,1937.210694,0.0
2019-02-01,23,0,252,81.48,81.48,0.0,948.025573,0.0
2019-02-01,23,0,254,0.0,0.0,0.0,0.0,0.0
2019-02-01,23,0,255,0.0,0.0,0.0,0.0,0.0
2019-02-01,23,0,258,0.0,0.0,0.0,0.0,0.0
2019-02-01,23,0,260,0.0,0.0,0.0,0.0,0.0
2019-02-01,23,0,265,0.0,0.0,0.0,0.0,0.0
2019-02-01,23,0,266,54.15,54.15,0.0,480.540609,0.0
2019-02-01,23,0,267,66.54,66.54,0.0,590.49256,0.0
2019-02-01,23,0,270,179.02,179.02,0.0,349.250119,0.0
2019-02-01,23,0,272,207.15,207.15,0.0,1131.649684,0.0
2019-02-01,23,0,273,0.0,0.0,0.0,0.0,0.0
2019-02-01,23,0,274,230.78,230.78,0.0,450.228703,0.0
2019-02-01,23,0,275,321.26,321.26,0.0,626.746136,0.0
2019-02-01,23,0,276,0.0,0.0,0.0,0.0,0.0
2019-02-01,23,0,277,0.0,0.0,0.0,0.0,0.0
2019-02-01,23,0,278,0.0,0.0,0.0,0.0,0.0
2019-02-01,23,0,279,90.58,90.58,0.0,505.228085,0.0
2019-02-01,23,0,281,5.1,5.1,0.0,39.365104,0.0
2019-02-01,23,0,282,0.0,0.0,0.0,0.0,0.0
2019-02-02,0,0,9,0.0,0.0,0.0,0.0,0.0
2019-02-02,0,0,17,0.0,0.0,0.0,0.0,0.0
2019-02-02,0,0,19,310.89,310.89,0.0,3001.492626,0.0
2019-02-02,0,0,20,377.05,377.05,0.0,3640.235436,0.0
2019-02-02,0,0,21,0.0,0.0,0.0,0.0,0.0
2019-02-02,0,0,22,0.0,0.0,0.0,0.0,0.0
2019-02-02,0,0,23,34.35,34.35,0.0,244.439752,0.0
2019-02-02,0,0,24,60.78,60.78,0.0,432.519596,0.0
2019-02-02,0,0,29,0.0,0.0,0.0,0.0,0.0
2019-02-02,0,0,30,0.0,0.0,0.0,0.0,0.0
2019-02-02,0,0,31,10.83,10.83,0.0,76.914418,0.0
2019-02-02,0,0,32,0.0,0.0,0.0,0.0,0.0
2019-02-02,0,0,33,0.0,0.0,0.0,0.0,0.0
2019-02-02,0,0,34,0.0,0.0,0.0,0.0,0.0
2019-02-02,0,0,35,0.0,0.0,0.0,0.0,0.0
2019-02-02,0,0,36,0.0,0.0,0.0,0.0,0.0
2019-02-02,0,0,37,0.0,0.0,0.0,0.0,0.0
2019-02-02,0,0,38,0.0,0.0,0.0,0.0,0.0
2019-02-02,0,0,39,0.0,0.0,0.0,0.0,0.0
2019-02-02,0,0,40,0.0,0.0,0.0,0.0,0.0
2019-02-02,0,0,41,77.69,77.69,0.0,612.034995,0.0
2019-02-02,0,0,42,0.0,0.0,0.0,0.0,0.0
2019-02-02,0,0,43,0.0,0.0,0.0,0.0,0.0
2019-02-02,0,0,46,0.0,0.0,0.0,0.0,0.0
2019-02-02,0,0,52,11.48,11.48,0.0,81.530704,0.0
2019-02-02,0,0,53,18.23,18.23,0.0,129.469053,0.0
2019-02-02,0,0,55,177.88,177.88,0.0,1265.82076,0.0
2019-02-02,0,0,56,0.0,0.0,0.0,0.0,0.0
2019-02-02,0,0,57,0.0,0.0,0.0,0.0,0.0
2019-02-02,0,0,58,0.0,0.0,0.0,0.0,0.0
2019-02-02,0,0,59,0.0,0.0,0.0,0.0,0.0
2019-02-02,0,0,63,55.36,55.36,0.0,863.764976,0.0
2019-02-02,0,0,64,65.13,65.13,0.0,1016.203268,0.0
2019-02-02,0,0,65,9.39,9.39,0.0,90.449004,0.0
2019-02-02,0,0,67,0.0,0.0,0.0,0.0,0.0
2019-02-02,0,0,68,2.55,2.55,0.0,12.849304,0.0
2019-02-02,0,0,69,0.0,0.0,0.0,0.0,0.0
2019-02-02,0,0,74,21.83,21.83,0.0,197.006763,0.0
2019-02-02,0,0,77,96.11,96.11,0.0,553.486809,0.0
2019-02-02,0,0,78,72.66,72.66,0.0,418.440865,0.0
2019-02-02,0,0,79,42.05,42.05,0.0,242.161277,0.0
2019-02-02,0,0,80,68.0,68.0,0.0,391.604443,0.0
2019-02-02,0,0,81,88.9,88.9,0.0,511.96522,0.0
2019-02-02,0,0,82,62.71,62.71,0.0,361.139921,0.0
2019-02-02,0,0,83,139.83,139.83,0.0,805.26543,0.0
2019-02-02,0,0,84,0.0,0.0,0.0,0.0,0.0
2019-02-02,0,0,86,0.0,0.0,0.0,0.0,0.0
2019-02-02,0,0,87,0.0,0.0,0.0,0.0,0.0
2019-02-02,0,0,88,103.81,103.81,0.0,597.830253,0.0
2019-02-02,0,0,89,99.8,99.8,0.0,574.737109,0.0
2019-02-02,0,0,90,133.99,133.99,0.0,771.633519,0.0
2019-02-02,0,0,91,477.99,477.99,0.0,2752.691288,0.0
2019-02-02,0,0,92,171.9,171.9,0.0,989.952996,0.0
2019-02-02,0,0,95,20.02,20.02,0.0,294.830555,0.0
2019-02-02,0,0,96,7.34,7.34,0.0,52.0198,0.0
2019-02-02,0,0,97,45.12,45.12,0.0,319.772942,0.0
2019-02-02,0,0,99,4.21,4.21,0.0,37.993517,0.0
2019-02-02,0,0,101,0.0,0.0,0.0,0.0,0.0
2019-02-02,0,0,102,6.03,6.03,0.0,30.384824,0.0
2019-02-02,0,0,103,5.24,5.24,0.0,26.404059,0.0
2019-02-02,0,0,104,0.97,0.97,0.0,4.887774,0.0
2019-02-02,0,0,106,0.0,0.0,0.0,0.0,0.0
2019-02-02,0,0,109,118.95,118.95,0.0,990.048389,0.0
2019-02-02,0,0,110,139.72,139.72,0.0,275.318258,0.0
2019-02-02,0,0,111,0.0,0.0,0.0,0.0,0.0
2019-02-02,0,0,113,69.28,69.28,0.0,388.905058,0.0
2019-02-02,0,0,115,69.28,69.28,0.0,388.905058,0.0
2019-02-02,0,0,116,0.0,0.0,0.0,0.0,0.0
2019-02-02,0,0,117,4.62,4.62,0.0,25.934489,0.0
2019-02-02,0,0,119,65.13,65.13,0.0,1016.203268,0.0
2019-02-02,0,0,120,38.29,38.29,0.0,597.42704,0.0
2019-02-02,0,0,123,0.0,0.0,0.0,0.0,0.0
2019-02-02,0,0,125,55.0,55.0,0.0,391.388249,0.0
2019-02-02,0,0,126,0.0,0.0,0.0,0.0,0.0
2019-02-02,0,0,127,0.0,0.0,0.0,0.0,0.0
2019-02-02,0,0,128,78.78,78.78,0.0,560.610296,0.0
2019-02-02,0,0,131,7.51,7.51,0.0,39.357442,0.0
2019-02-02,0,0,132,11.04,11.04,0.0,57.857012,0.0
2019-02-02,0,0,133,45.66,45.66,0.0,440.920013,0.0
2019-02-02,0,0,134,0.0,0.0,0.0,0.0,0.0
2019-02-02,0,0,135,61.18,61.18,0.0,590.790328,0.0
2019-02-02,0,0,136,9.96,9.96,0.0,95.92747,0.0
2019-02-02,0,0,139,100.33,100.33,0.0,790.390926,0.0
2019-02-02,0,0,140,103.41,103.41,0.0,203.769403,0.0
2019-02-02,0,0,141,92.42,92.42,0.0,395.890291,0.0
2019-02-02,0,0,142,0.0,0.0,0.0,0.0,0.0
2019-02-02,0,0,143,45.53,45.53,0.0,323.353044,0.0
2019-02-02,0,0,145,7.76,7.76,0.0,58.632456,0.0
2019-02-02,0,0,146,268.0,268.0,0.0,528.093996,0.0
2019-02-02,0,0,152,0.0,0.0,0.0,0.0,0.0
2019-02-02,0,0,153,0.0,0.0,0.0,0.0,0.0
2019-02-02,0,0,154,0.0,0.0,0.0,0.0,0.0
2019-02-02,0,0,157,80.36,80.36,0.0,344.230078,0.0
2019-02-02,0,0,158,0.0,0.0,0.0,0.0,0.0
2019-02-02,0,0,159,0.0,0.0,0.0,0.0,0.0
2019-02-02,0,0,160,0.0,0.0,0.0,0.0,0.0
2019-02-02,0,0,161,0.0,0.0,0.0,0.0,0.0
2019-02-02,0,0,162,11.04,11.04,0.0,162.717673,0.0
2019-02-02,0,0,163,54.62,54.62,0.0,107.628709,0.0
2019-02-02,0,0,164,0.0,0.0,0.0,0.0,0.0
2019-02-02,0,0,167,0.0,0.0,0.0,0.0,0.0
2019-02-02,0,0,168,0.0,0.0,0.0,0.0,0.0
2019-02-02,0,0,169,0.0,0.0,0.0,0.0,0.0
2019-02-02,0,0,170,0.0,0.0,0.0,0.0,0.0
2019-02-02,0,0,172,0.0,0.0,0.0,0.0,0.0
2019-02-02,0,0,173,0.0,0.0,0.0,0.0,0.0
2019-02-02,0,0,188,0.0,0.0,0.0,0.0,0.0
2019-02-02,0,0,190,0.0,0.0,0.0,0.0,0.0
2019-02-02,0,0,191,0.0,0.0,0.0,0.0,0.0
2019-02-02,0,0,192,75.2,75.2,0.0,1173.322367,0.0
2019-02-02,0,0,194,129.37,129.37,0.0,781.413672,0.0
2019-02-02,0,0,196,0.0,0.0,0.0,0.0,0.0
2019-02-02,0,0,198,0.0,0.0,0.0,0.0,0.0
2019-02-02,0,0,199,10.03,10.03,0.0,85.476167,0.0
2019-02-02,0,0,200,0.0,0.0,0.0,0.0,0.0
2019-02-02,0,0,204,725.05,725.05,0.0,5986.514065,0.0
2019-02-02,0,0,205,629.26,629.26,0.0,5237.476662,0.0
2019-02-02,0,0,206,132.59,132.59,0.0,939.687374,0.0
2019-02-02,0,0,210,0.0,0.0,0.0,0.0,0.0
2019-02-02,0,0,214,0.0,0.0,0.0,0.0,0.0
2019-02-02,0,0,217,0.0,0.0,0.0,0.0,0.0
2019-02-02,0,0,218,0.0,0.0,0.0,0.0,0.0
2019-02-02,0,0,219,0.0,0.0,0.0,0.0,0.0
2019-02-02,0,0,221,0.0,0.0,0.0,0.0,0.0
2019-02-02,0,0,225,0.0,0.0,0.0,0.0,0.0
2019-02-02,0,0,233,0.0,0.0,0.0,0.0,0.0
2019-02-02,0,0,236,28.18,28.18,0.0,263.514912,0.0
2019-02-02,0,0,237,52.36,52.36,0.0,472.527444,0.0
2019-02-02,0,0,238,0.0,0.0,0.0,0.0,0.0
2019-02-02,0,0,240,0.0,0.0,0.0,0.0,0.0
2019-02-02,0,0,245,63.38,63.38,0.0,617.038821,0.0
2019-02-02,0,0,247,31.0,31.0,0.0,301.801884,0.0
2019-02-02,0,0,248,5.26,5.26,0.0,47.469334,0.0
2019-02-02,0,0,249,118.73,118.73,0.0,1155.901218,0.0
2019-02-02,0,0,251,144.39,144.39,0.0,1385.610387,0.0
2019-02-02,0,0,252,60.55,60.55,0.0,583.246769,0.0
2019-02-02,0,0,254,0.0,0.0,0.0,0.0,0.0
2019-02-02,0,0,255,0.0,0.0,0.0,0.0,0.0
2019-02-02,0,0,258,0.0,0.0,0.0,0.0,0.0
2019-02-02,0,0,260,0.0,0.0,0.0,0.0,0.0
2019-02-02,0,0,265,0.0,0.0,0.0,0.0,0.0
2019-02-02,0,0,266,64.96,64.96,0.0,511.749173,0.0
2019-02-02,0,0,267,79.83,79.83,0.0,628.893727,0.0
2019-02-02,0,0,270,170.59,170.59,0.0,336.147592,0.0
2019-02-02,0,0,272,231.55,231.55,0.0,1299.811867,0.0
2019-02-02,0,0,273,0.0,0.0,0.0,0.0,0.0
2019-02-02,0,0,274,219.91,219.91,0.0,433.332652,0.0
2019-02-02,0,0,275,306.11,306.11,0.0,603.18975,0.0
2019-02-02,0,0,276,0.0,0.0,0.0,0.0,0.0
2019-02-02,0,0,277,0.0,0.0,0.0,0.0,0.0
2019-02-02,0,0,278,0.0,0.0,0.0,0.0,0.0
2019-02-02,0,0,279,93.91,93.91,0.0,532.639124,0.0
2019-02-02,0,0,281,4.86,4.86,0.0,34.515612,0.0
2019-02-02,0,0,282,0.0,0.0,0.0,0.0,0.0
2019-02-02,1,0,9,0.0,0.0,0.0,0.0,0.0
2019-02-02,1,0,17,0.0,0.0,0.0,0.0,0.0
2019-02-02,1,0,19,251.18,251.18,0.0,2280.904776,0.0
2019-02-02,1,0,20,304.64,304.64,0.0,2766.362094,0.0
2019-02-02,1,0,21,0.0,0.0,0.0,0.0,0.0
2019-02-02,1,0,22,0.0,0.0,0.0,0.0,0.0
2019-02-02,1,0,23,32.6,32.6,0.0,201.468143,0.0
2019-02-02,1,0,24,57.68,57.68,0.0,356.462652,0.0
2019-02-02,1,0,29,0.0,0.0,0.0,0.0,0.0
2019-02-02,1,0,30,0.0,0.0,0.0,0.0,0.0
2019-02-02,1,0,31,23.21,23.21,0.0,143.058865,0.0
2019-02-02,1,0,32,0.0,0.0,0.0,0.0,0.0
2019-02-02,1,0,33,0.0,0.0,0.0,0.0,0.0
2019-02-02,1,0,34,0.0,0.0,0.0,0.0,0.0
2019-02-02,1,0,35,0.0,0.0,0.0,0.0,0.0
2019-02-02,1,0,36,0.0,0.0,0.0,0.0,0.0
2019-02-02,1,0,37,0.0,0.0,0.0,0.0,0.0
2019-02-02,1,0,38,0.0,0.0,0.0,0.0,0.0
2019-02-02,1,0,39,0.0,0.0,0.0,0.0,0.0
2019-02-02,1,0,40,0.0,0.0,0.0,0.0,0.0
2019-02-02,1,0,41,92.43,92.43,0.0,652.177101,0.0
2019-02-02,1,0,42,0.0,0.0,0.0,0.0,0.0
2019-02-02,1,0,43,0.0,0.0,0.0,0.0,0.0
2019-02-02,1,0,46,0.0,0.0,0.0,0.0,0.0
2019-02-02,1,0,52,24.71,24.71,0.0,152.304376,0.0
2019-02-02,1,0,53,40.4,40.4,0.0,249.012415,0.0
2019-02-02,1,0,55,136.12,136.12,0.0,841.222195,0.0
2019-02-02,1,0,56,0.0,0.0,0.0,0.0,0.0
2019-02-02,1,0,57,0.0,0.0,0.0,0.0,0.0
2019-02-02,1,0,58,0.0,0.0,0.0,0.0,0.0
2019-02-02,1,0,59,0.0,0.0,0.0,0.0,0.0
2019-02-02,1,0,63,56.67,56.67,0.0,928.221051,0.0
2019-02-02,1,0,64,66.67,66.67,0.0,1092.015131,0.0
2019-02-02,1,0,65,6.75,6.75,0.0,61.127064,0.0
2019-02-02,1,0,67,0.0,0.0,0.0,0.0,0.0
2019-02-02,1,0,68,2.38,2.38,0.0,9.707053,0.0
2019-02-02,1,0,69,0.0,0.0,0.0,0.0,0.0
2019-02-02,1,0,74,22.67,22.67,0.0,189.70258,0.0
2019-02-02,1,0,77,111.03,111.03,0.0,512.472556,0.0
2019-02-02,1,0,78,83.94,83.94,0.0,387.435345,0.0
2019-02-02,1,0,79,48.58,48.58,0.0,224.226937,0.0
2019-02-02,1,0,80,78.56,78.56,0.0,362.603296,0.0
2019-02-02,1,0,81,102.7,102.7,0.0,474.024421,0.0
2019-02-02,1,0,82,72.45,72.45,0.0,334.401843,0.0
2019-02-02,1,0,83,161.55,161.55,0.0,745.6538,0.0
2019-02-02,1,0,84,0.0,0.0,0.0,0.0,0.0
2019-02-02,1,0,86,0.0,0.0,0.0,0.0,0.0
2019-02-02,1,0,87,0.0,0.0,0.0,0.0,0.0
2019-02-02,1,0,88,128.82,128.82,0.0,594.584479,0.0
2019-02-02,1,0,89,123.83,123.83,0.0,571.552523,0.0
2019-02-02,1,0,90,166.27,166.27,0.0,767.439538,0.0
2019-02-02,1,0,91,593.11,593.11,0.0,2737.571806,0.0
2019-02-02,1,0,92,213.31,213.31,0.0,984.558416,0.0
2019-02-02,1,0,95,28.81,28.81,0.0,445.593081,0.0
2019-02-02,1,0,96,6.6,6.6,0.0,40.567602,0.0
2019-02-02,1,0,97,40.56,40.56,0.0,249.306357,0.0
2019-02-02,1,0,99,4.38,4.38,0.0,36.651844,0.0
2019-02-02,1,0,101,0.0,0.0,0.0,0.0,0.0
2019-02-02,1,0,102,5.65,5.65,0.0,23.044055,0.0
2019-02-02,1,0,103,4.91,4.91,0.0,20.025896,0.0
2019-02-02,1,0,104,0.91,0.91,0.0,3.71152,0.0
2019-02-02,1,0,106,0.0,0.0,0.0,0.0,0.0
2019-02-02,1,0,109,120.97,120.97,0.0,916.033526,0.0
2019-02-02,1,0,110,141.64,141.64,0.0,279.101618,0.0
2019-02-02,1,0,111,0.0,0.0,0.0,0.0,0.0
2019-02-02,1,0,113,43.98,43.98,0.0,192.477456,0.0
2019-02-02,1,0,115,43.98,43.98,0.0,192.477456,0.0
2019-02-02,1,0,116,0.0,0.0,0.0,0.0,0.0
2019-02-02,1,0,117,3.01,3.01,0.0,13.173196,0.0
2019-02-02,1,0,119,66.67,66.67,0.0,1092.015131,0.0
2019-02-02,1,0,120,39.2,39.2,0.0,642.072794,0.0
2019-02-02,1,0,123,0.0,0.0,0.0,0.0,0.0
2019-02-02,1,0,125,52.2,52.2,0.0,322.596228,0.0
2019-02-02,1,0,126,0.0,0.0,0.0,0.0,0.0
2019-02-02,1,0,127,0.0,0.0,0.0,0.0,0.0
2019-02-02,1,0,128,74.76,74.76,0.0,462.017127,0.0
2019-02-02,1,0,131,6.98,6.98,0.0,29.435961,0.0
2019-02-02,1,0,132,10.26,10.26,0.0,43.268332,0.0
2019-02-02,1,0,133,34.64,34.64,0.0,314.638707,0.0
2019-02-02,1,0,134,0.0,0.0,0.0,0.0,0.0
2019-02-02,1,0,135,46.42,46.42,0.0,421.637667,0.0
2019-02-02,1,0,136,6.86,6.86,0.0,62.113833,0.0
2019-02-02,1,0,139,119.36,119.36,0.0,842.192565,0.0
2019-02-02,1,0,140,104.83,104.83,0.0,206.567513,0.0
2019-02-02,1,0,141,94.67,94.67,0.0,336.992552,0.0
2019-02-02,1,0,142,0.0,0.0,0.0,0.0,0.0
2019-02-02,1,0,143,56.38,56.38,0.0,347.50792,0.0
2019-02-02,1,0,145,7.23,7.23,0.0,48.347333,0.0
2019-02-02,1,0,146,268.0,268.0,0.0,528.093996,0.0
2019-02-02,1,0,152,0.0,0.0,0.0,0.0,0.0
2019-02-02,1,0,153,0.0,0.0,0.0,0.0,0.0
2019-02-02,1,0,154,0.0,0.0,0.0,0.0,0.0
2019-02-02,1,0,157,82.28,82.28,0.0,292.888425,0.0
2019-02-02,1,0,158,0.0,0.0,0.0,0.0,0.0
2019-02-02,1,0,159,0.0,0.0,0.0,0.0,0.0
2019-02-02,1,0,160,0.0,0.0,0.0,0.0,0.0
2019-02-02,1,0,161,0.0,0.0,0.0,0.0,0.0
2019-02-02,1,0,162,10.82,10.82,0.0,167.492265,0.0
2019-02-02,1,0,163,52.95,52.95,0.0,104.337974,0.0
2019-02-02,1,0,164,0.0,0.0,0.0,0.0,0.0
2019-02-02,1,0,167,0.0,0.0,0.0,0.0,0.0
2019-02-02,1,0,168,0.0,0.0,0.0,0.0,0.0
2019-02-02,1,0,169,0.0,0.0,0.0,0.0,0.0
2019-02-02,1,0,170,0.0,0.0,0.0,0.0,0.0
2019-02-02,1,0,172,0.0,0.0,0.0,0.0,0.0
2019-02-02,1,0,173,0.0,0.0,0.0,0.0,0.0
2019-02-02,1,0,188,0.0,0.0,0.0,0.0,0.0
2019-02-02,1,0,190,0.0,0.0,0.0,0.0,0.0
2019-02-02,1,0,191,0.0,0.0,0.0,0.0,0.0
2019-02-02,1,0,192,67.6,67.6,0.0,1107.247981,0.0
2019-02-02,1,0,194,169.7,169.7,0.0,770.374878,0.0
2019-02-02,1,0,196,0.0,0.0,0.0,0.0,0.0
2019-02-02,1,0,198,0.0,0.0,0.0,0.0,0.0
2019-02-02,1,0,199,27.51,27.51,0.0,214.498154,0.0
2019-02-02,1,0,200,0.0,0.0,0.0,0.0,0.0
2019-02-02,1,0,204,752.17,752.17,0.0,5638.701078,0.0
2019-02-02,1,0,205,639.92,639.92,0.0,4845.731783,0.0
2019-02-02,1,0,206,119.19,119.19,0.0,732.61402,0.0
2019-02-02,1,0,210,0.0,0.0,0.0,0.0,0.0
2019-02-02,1,0,214,0.0,0.0,0.0,0.0,0.0
2019-02-02,1,0,217,0.0,0.0,0.0,0.0,0.0
2019-02-02,1,0,218,0.0,0.0,0.0,0.0,0.0
2019-02-02,1,0,219,0.0,0.0,0.0,0.0,0.0
2019-02-02,1,0,221,0.0,0.0,0.0,0.0,0.0
2019-02-02,1,0,225,0.0,0.0,0.0,0.0,0.0
2019-02-02,1,0,233,0.0,0.0,0.0,0.0,0.0
2019-02-02,1,0,236,20.76,20.76,0.0,181.403531,0.0
2019-02-02,1,0,237,54.38,54.38,0.0,455.051889,0.0
2019-02-02,1,0,238,0.0,0.0,0.0,0.0,0.0
2019-02-02,1,0,240,0.0,0.0,0.0,0.0,0.0
2019-02-02,1,0,245,27.54,27.54,0.0,252.605413,0.0
2019-02-02,1,0,247,24.87,24.87,0.0,228.115346,0.0
2019-02-02,1,0,248,5.46,5.46,0.0,45.689285,0.0
2019-02-02,1,0,249,52.97,52.97,0.0,485.857252,0.0
2019-02-02,1,0,251,123.74,123.74,0.0,1115.514291,0.0
2019-02-02,1,0,252,43.57,43.57,0.0,394.56388,0.0
2019-02-02,1,0,254,0.0,0.0,0.0,0.0,0.0
2019-02-02,1,0,255,0.0,0.0,0.0,0.0,0.0
2019-02-02,1,0,258,0.0,0.0,0.0,0.0,0.0
2019-02-02,1,0,260,0.0,0.0,0.0,0.0,0.0
2019-02-02,1,0,265,0.0,0.0,0.0,0.0,0.0
2019-02-02,1,0,266,77.29,77.29,0.0,545.350732,0.0
2019-02-02,1,0,267,94.98,94.98,0.0,670.169653,0.0
2019-02-02,1,0,270,165.37,165.37,0.0,325.861583,0.0
2019-02-02,1,0,272,146.68,146.68,0.0,641.941638,0.0
2019-02-02,1,0,273,0.0,0.0,0.0,0.0,0.0
2019-02-02,1,0,274,213.18,213.18,0.0,420.071187,0.0
2019-02-02,1,0,275,296.75,296.75,0.0,584.745871,0.0
2019-02-02,1,0,276,0.0,0.0,0.0,0.0,0.0
2019-02-02,1,0,277,0.0,0.0,0.0,0.0,0.0
2019-02-02,1,0,278,0.0,0.0,0.0,0.0,0.0
2019-02-02,1,0,279,98.88,98.88,0.0,442.226385,0.0
2019-02-02,1,0,281,9.58,9.58,0.0,59.047994,0.0
2019-02-02,1,0,282,0.0,0.0,0.0,0.0,0.0
2019-02-02,2,0,9,0.0,0.0,0.0,0.0,0.0
2019-02-02,2,0,17,0.0,0.0,0.0,0.0,0.0
2019-02-02,2,0,19,156.15,156.15,0.0,1638.232164,0.0
2019-02-02,2,0,20,189.38,189.38,0.0,1986.861397,0.0
2019-02-02,2,0,21,0.0,0.0,0.0,0.0,0.0
2019-02-02,2,0,22,0.0,0.0,0.0,0.0,0.0
2019-02-02,2,0,23,30.68,30.68,0.0,253.573356,0.0
2019-02-02,2,0,24,54.29,54.29,0.0,448.712434,0.0
2019-02-02,2,0,29,0.0,0.0,0.0,0.0,0.0
2019-02-02,2,0,30,0.0,0.0,0.0,0.0,0.0
2019-02-02,2,0,31,9.4,9.4,0.0,77.586294,0.0
2019-02-02,2,0,32,0.0,0.0,0.0,0.0,0.0
2019-02-02,2,0,33,0.0,0.0,0.0,0.0,0.0
2019-02-02,2,0,34,0.0,0.0,0.0,0.0,0.0
2019-02-02,2,0,35,0.0,0.0,0.0,0.0,0.0
2019-02-02,2,0,36,0.0,0.0,0.0,0.0,0.0
2019-02-02,2,0,37,0.0,0.0,0.0,0.0,0.0
2019-02-02,2,0,38,0.0,0.0,0.0,0.0,0.0
2019-02-02,2,0,39,0.0,0.0,0.0,0.0,0.0
2019-02-02,2,0,40,0.0,0.0,0.0,0.0,0.0
2019-02-02,2,0,41,91.3,91.3,0.0,811.280614,0.0
2019-02-02,2,0,42,0.0,0.0,0.0,0.0,0.0
2019-02-02,2,0,43,0.0,0.0,0.0,0.0,0.0
2019-02-02,2,0,46,0.0,0.0,0.0,0.0,0.0
2019-02-02,2,0,52,9.97,9.97,0.0,82.290995,0.0
2019-02-02,2,0,53,15.83,15.83,0.0,130.658621,0.0
2019-02-02,2,0,55,150.01,150.01,0.0,1239.84808,0.0
2019-02-02,2,0,56,0.0,0.0,0.0,0.0,0.0
2019-02-02,2,0,57,0.0,0.0,0.0,0.0,0.0
2019-02-02,2,0,58,0.0,0.0,0.0,0.0,0.0
2019-02-02,2,0,59,0.0,0.0,0.0,0.0,0.0
2019-02-02,2,0,63,58.73,58.73,0.0,726.71297,0.0
2019-02-02,2,0,64,69.09,69.09,0.0,854.905484,0.0
2019-02-02,2,0,65,3.79,3.79,0.0,39.679701,0.0
2019-02-02,2,0,67,0.0,0.0,0.0,0.0,0.0
2019-02-02,2,0,68,2.19,2.19,0.0,13.772021,0.0
2019-02-02,2,0,69,0.0,0.0,0.0,0.0,0.0
2019-02-02,2,0,74,17.4,17.4,0.0,171.850697,0.0
2019-02-02,2,0,77,98.71,98.71,0.0,709.932085,0.0
2019-02-02,2,0,78,74.63,74.63,0.0,536.746343,0.0
2019-02-02,2,0,79,43.19,43.19,0.0,310.626753,0.0
2019-02-02,2,0,80,69.84,69.84,0.0,502.296189,0.0
2019-02-02,2,0,81,91.31,91.31,0.0,656.710553,0.0
2019-02-02,2,0,82,64.41,64.41,0.0,463.243092,0.0
2019-02-02,2,0,83,143.62,143.62,0.0,1032.929247,0.0
2019-02-02,2,0,84,0.0,0.0,0.0,0.0,0.0
2019-02-02,2,0,86,0.0,0.0,0.0,0.0,0.0
2019-02-02,2,0,87,0.0,0.0,0.0,0.0,0.0
2019-02-02,2,0,88,114.94,114.94,0.0,826.65985,0.0
2019-02-02,2,0,89,110.49,110.49,0.0,794.65501,0.0
2019-02-02,2,0,90,148.36,148.36,0.0,1067.019796,0.0
2019-02-02,2,0,91,529.23,529.23,0.0,3806.274513,0.0
2019-02-02,2,0,92,190.33,190.33,0.0,1368.872188,0.0
2019-02-02,2,0,95,11.95,11.95,0.0,139.655544,0.0
2019-02-02,2,0,96,5.54,5.54,0.0,45.661302,0.0
2019-02-02,2,0,97,34.04,34.04,0.0,280.561504,0.0
2019-02-02,2,0,99,3.36,3.36,0.0,33.184962,0.0
2019-02-02,2,0,101,0.0,0.0,0.0,0.0,0.0
2019-02-02,2,0,102,5.18,5.18,0.0,32.574916,0.0
2019-02-02,2,0,103,4.5,4.5,0.0,28.298672,0.0
2019-02-02,2,0,104,0.84,0.84,0.0,5.282419,0.0
2019-02-02,2,0,106,0.0,0.0,0.0,0.0,0.0
2019-02-02,2,0,109,108.05,108.05,0.0,995.096317,0.0
2019-02-02,2,0,110,145.92,145.92,0.0,325.604881,0.0
2019-02-02,2,0,111,0.0,0.0,0.0,0.0,0.0
2019-02-02,2,0,113,43.5,43.5,0.0,311.414685,0.0
2019-02-02,2,0,115,43.5,43.5,0.0,311.414685,0.0
2019-02-02,2,0,116,0.0,0.0,0.0,0.0,0.0
2019-02-02,2,0,117,2.32,2.32,0.0,16.608783,0.0
2019-02-02,2,0,119,69.09,69.09,0.0,854.905484,0.0
2019-02-02,2,0,120,40.62,40.62,0.0,502.623546,0.0
2019-02-02,2,0,123,0.0,0.0,0.0,0.0,0.0
2019-02-02,2,0,125,49.13,49.13,0.0,406.064503,0.0
2019-02-02,2,0,126,0.0,0.0,0.0,0.0,0.0
2019-02-02,2,0,127,0.0,0.0,0.0,0.0,0.0
2019-02-02,2,0,128,70.37,70.37,0.0,581.615288,0.0
2019-02-02,2,0,131,6.33,6.33,0.0,41.495218,0.0
2019-02-02,2,0,132,9.3,9.3,0.0,60.964538,0.0
2019-02-02,2,0,133,21.18,21.18,0.0,222.251405,0.0
2019-02-02,2,0,134,0.0,0.0,0.0,0.0,0.0
2019-02-02,2,0,135,28.38,28.38,0.0,297.80429,0.0
2019-02-02,2,0,136,3.75,3.75,0.0,39.256426,0.0
2019-02-02,2,0,139,117.91,117.91,0.0,1047.733814,0.0
2019-02-02,2,0,140,108.0,108.0,0.0,240.990454,0.0
2019-02-02,2,0,141,84.93,84.93,0.0,449.267262,0.0
2019-02-02,2,0,142,0.0,0.0,0.0,0.0,0.0
2019-02-02,2,0,143,29.95,29.95,0.0,247.20314,0.0
2019-02-02,2,0,145,6.04,6.04,0.0,52.000002,0.0
2019-02-02,2,0,146,268.0,268.0,0.0,598.01335,0.0
2019-02-02,2,0,152,0.0,0.0,0.0,0.0,0.0
2019-02-02,2,0,153,0.0,0.0,0.0,0.0,0.0
2019-02-02,2,0,154,0.0,0.0,0.0,0.0,0.0
2019-02-02,2,0,157,73.7,73.7,0.0,389.862207,0.0
2019-02-02,2,0,158,0.0,0.0,0.0,0.0,0.0
2019-02-02,2,0,159,0.0,0.0,0.0,0.0,0.0
2019-02-02,2,0,160,0.0,0.0,0.0,0.0,0.0
2019-02-02,2,0,161,0.0,0.0,0.0,0.0,0.0
2019-02-02,2,0,162,10.13,10.13,0.0,118.472891,0.0
2019-02-02,2,0,163,52.19,52.19,0.0,116.456406,0.0
2019-02-02,2,0,164,0.0,0.0,0.0,0.0,0.0
2019-02-02,2,0,167,0.0,0.0,0.0,0.0,0.0
2019-02-02,2,0,168,0.0,0.0,0.0,0.0,0.0
2019-02-02,2,0,169,0.0,0.0,0.0,0.0,0.0
2019-02-02,2,0,170,0.0,0.0,0.0,0.0,0.0
2019-02-02,2,0,172,0.0,0.0,0.0,0.0,0.0
2019-02-02,2,0,173,0.0,0.0,0.0,0.0,0.0
2019-02-02,2,0,188,0.0,0.0,0.0,0.0,0.0
2019-02-02,2,0,190,0.0,0.0,0.0,0.0,0.0
2019-02-02,2,0,191,0.0,0.0,0.0,0.0,0.0
2019-02-02,2,0,192,61.11,61.11,0.0,756.162601,0.0
2019-02-02,2,0,194,157.35,157.35,0.0,1238.573947,0.0
2019-02-02,2,0,196,0.0,0.0,0.0,0.0,0.0
2019-02-02,2,0,198,0.0,0.0,0.0,0.0,0.0
2019-02-02,2,0,199,8.9,8.9,0.0,75.959087,0.0
2019-02-02,2,0,200,0.0,0.0,0.0,0.0,0.0
2019-02-02,2,0,204,653.01,653.01,0.0,5974.609959,0.0
2019-02-02,2,0,205,530.46,530.46,0.0,4885.319687,0.0
2019-02-02,2,0,206,100.03,100.03,0.0,824.458497,0.0
2019-02-02,2,0,210,0.0,0.0,0.0,0.0,0.0
2019-02-02,2,0,214,0.0,0.0,0.0,0.0,0.0
2019-02-02,2,0,217,0.0,0.0,0.0,0.0,0.0
2019-02-02,2,0,218,0.0,0.0,0.0,0.0,0.0
2019-02-02,2,0,219,0.0,0.0,0.0,0.0,0.0
2019-02-02,2,0,221,0.0,0.0,0.0,0.0,0.0
2019-02-02,2,0,225,0.0,0.0,0.0,0.0,0.0
2019-02-02,2,0,233,0.0,0.0,0.0,0.0,0.0
2019-02-02,2,0,236,12.11,12.11,0.0,123.395658,0.0
2019-02-02,2,0,237,41.75,41.75,0.0,412.342908,0.0
2019-02-02,2,0,238,0.0,0.0,0.0,0.0,0.0
2019-02-02,2,0,240,0.0,0.0,0.0,0.0,0.0
2019-02-02,2,0,245,13.08,13.08,0.0,138.277141,0.0
2019-02-02,2,0,247,13.11,13.11,0.0,138.594291,0.0
2019-02-02,2,0,248,4.19,4.19,0.0,41.382438,0.0
2019-02-02,2,0,249,25.15,25.15,0.0,265.876919,0.0
2019-02-02,2,0,251,72.47,72.47,0.0,756.133847,0.0
2019-02-02,2,0,252,24.47,24.47,0.0,256.190578,0.0
2019-02-02,2,0,254,0.0,0.0,0.0,0.0,0.0
2019-02-02,2,0,255,0.0,0.0,0.0,0.0,0.0
2019-02-02,2,0,258,0.0,0.0,0.0,0.0,0.0
2019-02-02,2,0,260,0.0,0.0,0.0,0.0,0.0
2019-02-02,2,0,265,0.0,0.0,0.0,0.0,0.0
2019-02-02,2,0,266,76.35,76.35,0.0,678.436746,0.0
2019-02-02,2,0,267,93.82,93.82,0.0,833.673026,0.0
2019-02-02,2,0,270,163.0,163.0,0.0,363.717075,0.0
2019-02-02,2,0,272,187.65,187.65,0.0,1343.378522,0.0
2019-02-02,2,0,273,0.0,0.0,0.0,0.0,0.0
2019-02-02,2,0,274,210.13,210.13,0.0,468.882631,0.0
2019-02-02,2,0,275,292.5,292.5,0.0,652.682481,0.0
2019-02-02,2,0,276,0.0,0.0,0.0,0.0,0.0
2019-02-02,2,0,277,0.0,0.0,0.0,0.0,0.0
2019-02-02,2,0,278,0.0,0.0,0.0,0.0,0.0
2019-02-02,2,0,279,88.28,88.28,0.0,633.16578,0.0
2019-02-02,2,0,281,4.22,4.22,0.0,34.831294,0.0
2019-02-02,2,0,282,0.0,0.0,0.0,0.0,0.0
2019-02-02,3,0,9,0.0,0.0,0.0,0.0,0.0
2019-02-02,3,0,17,0.0,0.0,0.0,0.0,0.0
2019-02-02,3,0,19,93.31,93.31,0.0,1273.753554,0.0
2019-02-02,3,0,20,113.17,113.17,0.0,1544.85789,0.0
2019-02-02,3,0,21,0.0,0.0,0.0,0.0,0.0
2019-02-02,3,0,22,0.0,0.0,0.0,0.0,0.0
2019-02-02,3,0,23,29.22,29.22,0.0,310.415914,0.0
2019-02-02,3,0,24,51.7,51.7,0.0,549.230074,0.0
2019-02-02,3,0,29,0.0,0.0,0.0,0.0,0.0
2019-02-02,3,0,30,0.0,0.0,0.0,0.0,0.0
2019-02-02,3,0,31,8.52,8.52,0.0,90.392721,0.0
2019-02-02,3,0,32,0.0,0.0,0.0,0.0,0.0
2019-02-02,3,0,33,0.0,0.0,0.0,0.0,0.0
2019-02-02,3,0,34,0.0,0.0,0.0,0.0,0.0
2019-02-02,3,0,35,0.0,0.0,0.0,0.0,0.0
2019-02-02,3,0,36,0.0,0.0,0.0,0.0,0.0
2019-02-02,3,0,37,0.0,0.0,0.0,0.0,0.0
2019-02-02,3,0,38,0.0,0.0,0.0,0.0,0.0
2019-02-02,3,0,39,0.0,0.0,0.0,0.0,0.0
2019-02-02,3,0,40,0.0,0.0,0.0,0.0,0.0
2019-02-02,3,0,41,90.4,90.4,0.0,1031.784812,0.0
2019-02-02,3,0,42,0.0,0.0,0.0,0.0,0.0
2019-02-02,3,0,43,0.0,0.0,0.0,0.0,0.0
2019-02-02,3,0,46,0.0,0.0,0.0,0.0,0.0
2019-02-02,3,0,52,9.03,9.03,0.0,95.803553,0.0
2019-02-02,3,0,53,14.34,14.34,0.0,152.139862,0.0
2019-02-02,3,0,55,139.94,139.94,0.0,1486.639392,0.0
2019-02-02,3,0,56,0.0,0.0,0.0,0.0,0.0
2019-02-02,3,0,57,0.0,0.0,0.0,0.0,0.0
2019-02-02,3,0,58,0.0,0.0,0.0,0.0,0.0
2019-02-02,3,0,59,0.0,0.0,0.0,0.0,0.0
2019-02-02,3,0,63,61.73,61.73,0.0,773.672641,0.0
2019-02-02,3,0,64,72.63,72.63,0.0,910.284204,0.0
2019-02-02,3,0,65,2.1,2.1,0.0,28.598325,0.0
2019-02-02,3,0,67,0.0,0.0,0.0,0.0,0.0
2019-02-02,3,0,68,2.03,2.03,0.0,16.287861,0.0
2019-02-02,3,0,69,0.0,0.0,0.0,0.0,0.0
2019-02-02,3,0,74,13.21,13.21,0.0,168.339749,0.0
2019-02-02,3,0,77,87.26,87.26,0.0,811.363754,0.0
2019-02-02,3,0,78,65.97,65.97,0.0,613.404388,0.0
2019-02-02,3,0,79,38.18,38.18,0.0,355.006511,0.0
2019-02-02,3,0,80,61.74,61.74,0.0,574.072865,0.0
2019-02-02,3,0,81,80.71,80.71,0.0,750.460332,0.0
2019-02-02,3,0,82,56.94,56.94,0.0,529.44135,0.0
2019-02-02,3,0,83,126.96,126.96,0.0,1180.503578,0.0
2019-02-02,3,0,84,0.0,0.0,0.0,0.0,0.0
2019-02-02,3,0,86,0.0,0.0,0.0,0.0,0.0
2019-02-02,3,0,87,0.0,0.0,0.0,0.0,0.0
2019-02-02,3,0,88,102.1,102.1,0.0,949.349522,0.0
2019-02-02,3,0,89,98.15,98.15,0.0,912.621504,0.0
2019-02-02,3,0,90,131.79,131.79,0.0,1225.41404,0.0
2019-02-02,3,0,91,470.11,470.11,0.0,4371.192006,0.0
2019-02-02,3,0,92,169.07,169.07,0.0,1572.052142,0.0
2019-02-02,3,0,95,12.18,12.18,0.0,143.630006,0.0
2019-02-02,3,0,96,4.71,4.71,0.0,49.902048,0.0
2019-02-02,3,0,97,28.97,28.97,0.0,306.934678,0.0
2019-02-02,3,0,99,2.55,2.55,0.0,32.495561,0.0
2019-02-02,3,0,101,0.0,0.0,0.0,0.0,0.0
2019-02-02,3,0,102,4.79,4.79,0.0,38.432933,0.0
2019-02-02,3,0,103,4.17,4.17,0.0,33.458316,0.0
2019-02-02,3,0,104,0.77,0.77,0.0,6.178154,0.0
2019-02-02,3,0,106,0.0,0.0,0.0,0.0,0.0
2019-02-02,3,0,109,101.69,101.69,0.0,1197.651117,0.0
2019-02-02,3,0,110,150.99,150.99,0.0,337.905255,0.0
2019-02-02,3,0,111,0.0,0.0,0.0,0.0,0.0
2019-02-02,3,0,113,33.17,33.17,0.0,308.353749,0.0
2019-02-02,3,0,115,33.17,33.17,0.0,308.353749,0.0
2019-02-02,3,0,116,0.0,0.0,0.0,0.0,0.0
2019-02-02,3,0,117,1.7,1.7,0.0,15.803478,0.0
2019-02-02,3,0,119,72.63,72.63,0.0,910.284204,0.0
2019-02-02,3,0,120,42.7,42.7,0.0,535.166398,0.0
2019-02-02,3,0,123,0.0,0.0,0.0,0.0,0.0
2019-02-02,3,0,125,46.78,46.78,0.0,496.962918,0.0
2019-02-02,3,0,126,0.0,0.0,0.0,0.0,0.0
2019-02-02,3,0,127,0.0,0.0,0.0,0.0,0.0
2019-02-02,3,0,128,67.01,67.01,0.0,711.874415,0.0
2019-02-02,3,0,131,5.75,5.75,0.0,48.322672,0.0
2019-02-02,3,0,132,8.45,8.45,0.0,71.013317,0.0
2019-02-02,3,0,133,7.8,7.8,0.0,106.499923,0.0
2019-02-02,3,0,134,0.0,0.0,0.0,0.0,0.0
2019-02-02,3,0,135,10.44,10.44,0.0,142.546051,0.0
2019-02-02,3,0,136,1.85,1.85,0.0,25.19046,0.0
2019-02-02,3,0,139,116.74,116.74,0.0,1332.417687,0.0
2019-02-02,3,0,140,111.75,111.75,0.0,250.088829,0.0
2019-02-02,3,0,141,75.94,75.94,0.0,501.154956,0.0
2019-02-02,3,0,142,0.0,0.0,0.0,0.0,0.0
2019-02-02,3,0,143,14.89,14.89,0.0,157.975073,0.0
2019-02-02,3,0,145,4.97,4.97,0.0,54.889787,0.0
2019-02-02,3,0,146,268.0,268.0,0.0,599.765603,0.0
2019-02-02,3,0,152,0.0,0.0,0.0,0.0,0.0
2019-02-02,3,0,153,0.0,0.0,0.0,0.0,0.0
2019-02-02,3,0,154,0.0,0.0,0.0,0.0,0.0
2019-02-02,3,0,157,66.38,66.38,0.0,438.06513,0.0
2019-02-02,3,0,158,0.0,0.0,0.0,0.0,0.0
2019-02-02,3,0,159,0.0,0.0,0.0,0.0,0.0
2019-02-02,3,0,160,0.0,0.0,0.0,0.0,0.0
2019-02-02,3,0,161,0.0,0.0,0.0,0.0,0.0
2019-02-02,3,0,162,9.59,9.59,0.0,113.169703,0.0
2019-02-02,3,0,163,52.58,52.58,0.0,117.670431,0.0
2019-02-02,3,0,164,0.0,0.0,0.0,0.0,0.0
2019-02-02,3,0,167,0.0,0.0,0.0,0.0,0.0
2019-02-02,3,0,168,0.0,0.0,0.0,0.0,0.0
2019-02-02,3,0,169,0.0,0.0,0.0,0.0,0.0
2019-02-02,3,0,170,0.0,0.0,0.0,0.0,0.0
2019-02-02,3,0,172,0.0,0.0,0.0,0.0,0.0
2019-02-02,3,0,173,0.0,0.0,0.0,0.0,0.0
2019-02-02,3,0,188,0.0,0.0,0.0,0.0,0.0
2019-02-02,3,0,190,0.0,0.0,0.0,0.0,0.0
2019-02-02,3,0,191,0.0,0.0,0.0,0.0,0.0
2019-02-02,3,0,192,55.03,55.03,0.0,689.700396,0.0
2019-02-02,3,0,194,146.06,146.06,0.0,1512.358594,0.0
2019-02-02,3,0,196,0.0,0.0,0.0,0.0,0.0
2019-02-02,3,0,198,0.0,0.0,0.0,0.0,0.0
2019-02-02,3,0,199,6.92,6.92,0.0,67.734117,0.0
2019-02-02,3,0,200,0.0,0.0,0.0,0.0,0.0
2019-02-02,3,0,204,561.42,561.42,0.0,6564.898176,0.0
2019-02-02,3,0,205,537.93,537.93,0.0,6335.455458,0.0
2019-02-02,3,0,206,85.12,85.12,0.0,901.839137,0.0
2019-02-02,3,0,210,0.0,0.0,0.0,0.0,0.0
2019-02-02,3,0,214,0.0,0.0,0.0,0.0,0.0
2019-02-02,3,0,217,0.0,0.0,0.0,0.0,0.0
2019-02-02,3,0,218,0.0,0.0,0.0,0.0,0.0
2019-02-02,3,0,219,0.0,0.0,0.0,0.0,0.0
2019-02-02,3,0,221,0.0,0.0,0.0,0.0,0.0
2019-02-02,3,0,225,0.0,0.0,0.0,0.0,0.0
2019-02-02,3,0,233,0.0,0.0,0.0,0.0,0.0
2019-02-02,3,0,236,6.78,6.78,0.0,89.492971,0.0
2019-02-02,3,0,237,31.69,31.69,0.0,403.83699,0.0
2019-02-02,3,0,238,0.0,0.0,0.0,0.0,0.0
2019-02-02,3,0,240,0.0,0.0,0.0,0.0,0.0
2019-02-02,3,0,245,5.83,5.83,0.0,80.281231,0.0
2019-02-02,3,0,247,8.09,8.09,0.0,111.402257,0.0
2019-02-02,3,0,248,3.18,3.18,0.0,40.523876,0.0
2019-02-02,3,0,249,11.21,11.21,0.0,154.365797,0.0
2019-02-02,3,0,251,41.52,41.52,0.0,563.212748,0.0
2019-02-02,3,0,252,13.56,13.56,0.0,184.663472,0.0
2019-02-02,3,0,254,0.0,0.0,0.0,0.0,0.0
2019-02-02,3,0,255,0.0,0.0,0.0,0.0,0.0
2019-02-02,3,0,258,0.0,0.0,0.0,0.0,0.0
2019-02-02,3,0,260,0.0,0.0,0.0,0.0,0.0
2019-02-02,3,0,265,0.0,0.0,0.0,0.0,0.0
2019-02-02,3,0,266,75.59,75.59,0.0,862.750154,0.0
2019-02-02,3,0,267,92.9,92.9,0.0,1060.318684,0.0
2019-02-02,3,0,270,164.19,164.19,0.0,367.445949,0.0
2019-02-02,3,0,272,135.49,135.49,0.0,1259.537215,0.0
2019-02-02,3,0,273,0.0,0.0,0.0,0.0,0.0
2019-02-02,3,0,274,211.66,211.66,0.0,473.680551,0.0
2019-02-02,3,0,275,294.64,294.64,0.0,659.384095,0.0
2019-02-02,3,0,276,0.0,0.0,0.0,0.0,0.0
2019-02-02,3,0,277,0.0,0.0,0.0,0.0,0.0
2019-02-02,3,0,278,0.0,0.0,0.0,0.0,0.0
2019-02-02,3,0,279,79.29,79.29,0.0,737.158577,0.0
2019-02-02,3,0,281,3.82,3.82,0.0,40.528192,0.0
2019-02-02,3,0,282,0.0,0.0,0.0,0.0,0.0
2019-02-02,4,0,9,0.0,0.0,0.0,0.0,0.0
2019-02-02,4,0,17,0.0,0.0,0.0,0.0,0.0
2019-02-02,4,0,19,55.26,55.26,0.0,712.374019,0.0
2019-02-02,4,0,20,67.02,67.02,0.0,863.975874,0.0
2019-02-02,4,0,21,0.0,0.0,0.0,0.0,0.0
2019-02-02,4,0,22,0.0,0.0,0.0,0.0,0.0
2019-02-02,4,0,23,25.28,25.28,0.0,261.724139,0.0
2019-02-02,4,0,24,41.77,41.77,0.0,432.445304,0.0
2019-02-02,4,0,29,0.0,0.0,0.0,0.0,0.0
2019-02-02,4,0,30,0.0,0.0,0.0,0.0,0.0
2019-02-02,4,0,31,7.72,7.72,0.0,79.833183,0.0
2019-02-02,4,0,32,0.0,0.0,0.0,0.0,0.0
2019-02-02,4,0,33,0.0,0.0,0.0,0.0,0.0
2019-02-02,4,0,34,0.0,0.0,0.0,0.0,0.0
2019-02-02,4,0,35,0.0,0.0,0.0,0.0,0.0
2019-02-02,4,0,36,0.0,0.0,0.0,0.0,0.0
2019-02-02,4,0,37,0.0,0.0,0.0,0.0,0.0
2019-02-02,4,0,38,0.0,0.0,0.0,0.0,0.0
2019-02-02,4,0,39,0.0,0.0,0.0,0.0,0.0
2019-02-02,4,0,40,0.0,0.0,0.0,0.0,0.0
2019-02-02,4,0,41,89.63,89.63,0.0,988.195748,0.0
2019-02-02,4,0,42,0.0,0.0,0.0,0.0,0.0
2019-02-02,4,0,43,0.0,0.0,0.0,0.0,0.0
2019-02-02,4,0,46,0.0,0.0,0.0,0.0,0.0
2019-02-02,4,0,52,8.19,8.19,0.0,84.693493,0.0
2019-02-02,4,0,53,13.01,13.01,0.0,134.537527,0.0
2019-02-02,4,0,55,129.25,129.25,0.0,1338.12678,0.0
2019-02-02,4,0,56,0.0,0.0,0.0,0.0,0.0
2019-02-02,4,0,57,0.0,0.0,0.0,0.0,0.0
2019-02-02,4,0,58,0.0,0.0,0.0,0.0,0.0
2019-02-02,4,0,59,0.0,0.0,0.0,0.0,0.0
2019-02-02,4,0,63,64.85,64.85,0.0,812.478956,0.0
2019-02-02,4,0,64,76.29,76.29,0.0,955.806007,0.0
2019-02-02,4,0,65,1.29,1.29,0.0,16.595284,0.0
2019-02-02,4,0,67,0.0,0.0,0.0,0.0,0.0
2019-02-02,4,0,68,1.88,1.88,0.0,14.97853,0.0
2019-02-02,4,0,69,0.0,0.0,0.0,0.0,0.0
2019-02-02,4,0,74,10.13,10.13,0.0,123.012409,0.0
2019-02-02,4,0,77,76.47,76.47,0.0,704.876591,0.0
2019-02-02,4,0,78,57.81,57.81,0.0,532.874536,0.0
2019-02-02,4,0,79,33.46,33.46,0.0,308.423836,0.0
2019-02-02,4,0,80,54.1,54.1,0.0,498.676914,0.0
2019-02-02,4,0,81,70.74,70.74,0.0,652.05924,0.0
2019-02-02,4,0,82,49.9,49.9,0.0,459.962625,0.0
2019-02-02,4,0,83,111.27,111.27,0.0,1025.652129,0.0
2019-02-02,4,0,84,0.0,0.0,0.0,0.0,0.0
2019-02-02,4,0,86,0.0,0.0,0.0,0.0,0.0
2019-02-02,4,0,87,0.0,0.0,0.0,0.0,0.0
2019-02-02,4,0,88,90.56,90.56,0.0,834.753814,0.0
2019-02-02,4,0,89,87.06,87.06,0.0,802.491906,0.0
2019-02-02,4,0,90,116.89,116.89,0.0,1077.455535,0.0
2019-02-02,4,0,91,416.97,416.97,0.0,3843.499311,0.0
2019-02-02,4,0,92,149.96,149.96,0.0,1382.284473,0.0
2019-02-02,4,0,95,29.15,29.15,0.0,343.963464,0.0
2019-02-02,4,0,96,4.05,4.05,0.0,41.830919,0.0
2019-02-02,4,0,97,24.88,24.88,0.0,256.976115,0.0
2019-02-02,4,0,99,1.95,1.95,0.0,23.679585,0.0
2019-02-02,4,0,101,0.0,0.0,0.0,0.0,0.0
2019-02-02,4,0,102,4.44,4.44,0.0,35.374825,0.0
2019-02-02,4,0,103,3.86,3.86,0.0,30.75379,0.0
2019-02-02,4,0,104,0.72,0.72,0.0,5.736458,0.0
2019-02-02,4,0,106,0.0,0.0,0.0,0.0,0.0
2019-02-02,4,0,109,93.41,93.41,0.0,1059.66266,0.0
2019-02-02,4,0,110,158.9,158.9,0.0,355.607292,0.0
2019-02-02,4,0,111,0.0,0.0,0.0,0.0,0.0
2019-02-02,4,0,113,16.94,16.94,0.0,156.773463,0.0
2019-02-02,4,0,115,16.94,16.94,0.0,156.773463,0.0
2019-02-02,4,0,116,0.0,0.0,0.0,0.0,0.0
2019-02-02,4,0,117,1.13,1.13,0.0,10.457734,0.0
2019-02-02,4,0,119,76.29,76.29,0.0,955.806007,0.0
2019-02-02,4,0,120,44.86,44.86,0.0,562.032474,0.0
2019-02-02,4,0,123,0.0,0.0,0.0,0.0,0.0
2019-02-02,4,0,125,38.33,38.33,0.0,396.830944,0.0
2019-02-02,4,0,126,0.0,0.0,0.0,0.0,0.0
2019-02-02,4,0,127,0.0,0.0,0.0,0.0,0.0
2019-02-02,4,0,128,52.06,52.06,0.0,538.977796,0.0
2019-02-02,4,0,131,5.19,5.19,0.0,43.305201,0.0
2019-02-02,4,0,132,7.63,7.63,0.0,63.664487,0.0
2019-02-02,4,0,133,8.88,8.88,0.0,114.497252,0.0
2019-02-02,4,0,134,0.0,0.0,0.0,0.0,0.0
2019-02-02,4,0,135,12.25,12.25,0.0,157.949475,0.0
2019-02-02,4,0,136,0.0,0.0,0.0,0.0,0.0
2019-02-02,4,0,139,115.75,115.75,0.0,1276.176033,0.0
2019-02-02,4,0,140,117.6,117.6,0.0,263.180727,0.0
2019-02-02,4,0,141,67.58,67.58,0.0,443.117529,0.0
2019-02-02,4,0,142,0.0,0.0,0.0,0.0,0.0
2019-02-02,4,0,143,13.91,13.91,0.0,143.844504,0.0
2019-02-02,4,0,145,4.06,4.06,0.0,43.500403,0.0
2019-02-02,4,0,146,268.0,268.0,0.0,599.765603,0.0
2019-02-02,4,0,152,0.0,0.0,0.0,0.0,0.0
2019-02-02,4,0,153,0.0,0.0,0.0,0.0,0.0
2019-02-02,4,0,154,0.0,0.0,0.0,0.0,0.0
2019-02-02,4,0,157,59.73,59.73,0.0,391.645605,0.0
2019-02-02,4,0,158,0.0,0.0,0.0,0.0,0.0
2019-02-02,4,0,159,0.0,0.0,0.0,0.0,0.0
2019-02-02,4,0,160,0.0,0.0,0.0,0.0,0.0
2019-02-02,4,0,161,0.0,0.0,0.0,0.0,0.0
2019-02-02,4,0,162,9.04,9.04,0.0,106.745228,0.0
2019-02-02,4,0,163,53.98,53.98,0.0,120.803535,0.0
2019-02-02,4,0,164,0.0,0.0,0.0,0.0,0.0
2019-02-02,4,0,167,0.0,0.0,0.0,0.0,0.0
2019-02-02,4,0,168,0.0,0.0,0.0,0.0,0.0
2019-02-02,4,0,169,0.0,0.0,0.0,0.0,0.0
2019-02-02,4,0,170,0.0,0.0,0.0,0.0,0.0
2019-02-02,4,0,172,0.0,0.0,0.0,0.0,0.0
2019-02-02,4,0,173,0.0,0.0,0.0,0.0,0.0
2019-02-02,4,0,188,0.0,0.0,0.0,0.0,0.0
2019-02-02,4,0,190,0.0,0.0,0.0,0.0,0.0
2019-02-02,4,0,191,0.0,0.0,0.0,0.0,0.0
2019-02-02,4,0,192,49.35,49.35,0.0,618.285836,0.0
2019-02-02,4,0,194,135.31,135.31,0.0,1398.959437,0.0
2019-02-02,4,0,196,0.0,0.0,0.0,0.0,0.0
2019-02-02,4,0,198,0.0,0.0,0.0,0.0,0.0
2019-02-02,4,0,199,5.3,5.3,0.0,52.703513,0.0
2019-02-02,4,0,200,0.0,0.0,0.0,0.0,0.0
2019-02-02,4,0,204,481.18,481.18,0.0,5424.868892,0.0
2019-02-02,4,0,205,494.13,494.13,0.0,5605.514506,0.0
2019-02-02,4,0,206,73.12,73.12,0.0,755.228838,0.0
2019-02-02,4,0,210,0.0,0.0,0.0,0.0,0.0
2019-02-02,4,0,214,0.0,0.0,0.0,0.0,0.0
2019-02-02,4,0,217,0.0,0.0,0.0,0.0,0.0
2019-02-02,4,0,218,0.0,0.0,0.0,0.0,0.0
2019-02-02,4,0,219,0.0,0.0,0.0,0.0,0.0
2019-02-02,4,0,221,0.0,0.0,0.0,0.0,0.0
2019-02-02,4,0,225,0.0,0.0,0.0,0.0,0.0
2019-02-02,4,0,233,0.0,0.0,0.0,0.0,0.0
2019-02-02,4,0,236,3.95,3.95,0.0,49.455448,0.0
2019-02-02,4,0,237,24.29,24.29,0.0,294.962628,0.0
2019-02-02,4,0,238,0.0,0.0,0.0,0.0,0.0
2019-02-02,4,0,240,0.0,0.0,0.0,0.0,0.0
2019-02-02,4,0,245,3.13,3.13,0.0,40.657738,0.0
2019-02-02,4,0,247,7.83,7.83,0.0,101.709294,0.0
2019-02-02,4,0,248,2.44,2.44,0.0,29.62984,0.0
2019-02-02,4,0,249,6.03,6.03,0.0,78.327847,0.0
2019-02-02,4,0,251,25.25,25.25,0.0,323.72109,0.0
2019-02-02,4,0,252,8.33,8.33,0.0,107.161794,0.0
2019-02-02,4,0,254,0.0,0.0,0.0,0.0,0.0
2019-02-02,4,0,255,0.0,0.0,0.0,0.0,0.0
2019-02-02,4,0,258,0.0,0.0,0.0,0.0,0.0
2019-02-02,4,0,260,0.0,0.0,0.0,0.0,0.0
2019-02-02,4,0,265,0.0,0.0,0.0,0.0,0.0
2019-02-02,4,0,266,74.95,74.95,0.0,826.344654,0.0
2019-02-02,4,0,267,92.11,92.11,0.0,1015.53844,0.0
2019-02-02,4,0,270,168.57,168.57,0.0,377.248089,0.0
2019-02-02,4,0,272,56.6,56.6,0.0,523.81216,0.0
2019-02-02,4,0,273,0.0,0.0,0.0,0.0,0.0
2019-02-02,4,0,274,217.31,217.31,0.0,486.324863,0.0
2019-02-02,4,0,275,302.5,302.5,0.0,676.974235,0.0
2019-02-02,4,0,276,0.0,0.0,0.0,0.0,0.0
2019-02-02,4,0,277,0.0,0.0,0.0,0.0,0.0
2019-02-02,4,0,278,0.0,0.0,0.0,0.0,0.0
2019-02-02,4,0,279,71.4,71.4,0.0,659.723176,0.0
2019-02-02,4,0,281,3.47,3.47,0.0,35.883568,0.0
2019-02-02,4,0,282,0.0,0.0,0.0,0.0,0.0
2019-02-02,5,0,9,0.0,0.0,0.0,0.0,0.0
2019-02-02,5,0,17,0.0,0.0,0.0,0.0,0.0
2019-02-02,5,0,19,59.21,59.21,0.0,556.405607,0.0
2019-02-02,5,0,20,71.81,71.81,0.0,674.809773,0.0
2019-02-02,5,0,21,0.0,0.0,0.0,0.0,0.0
2019-02-02,5,0,22,0.0,0.0,0.0,0.0,0.0
2019-02-02,5,0,23,30.64,30.64,0.0,225.514515,0.0
2019-02-02,5,0,24,54.21,54.21,0.0,398.99288,0.0
2019-02-02,5,0,29,0.0,0.0,0.0,0.0,0.0
2019-02-02,5,0,30,0.0,0.0,0.0,0.0,0.0
2019-02-02,5,0,31,5.95,5.95,0.0,43.722924,0.0
2019-02-02,5,0,32,0.0,0.0,0.0,0.0,0.0
2019-02-02,5,0,33,0.0,0.0,0.0,0.0,0.0
2019-02-02,5,0,34,0.0,0.0,0.0,0.0,0.0
2019-02-02,5,0,35,0.0,0.0,0.0,0.0,0.0
2019-02-02,5,0,36,0.0,0.0,0.0,0.0,0.0
2019-02-02,5,0,37,0.0,0.0,0.0,0.0,0.0
2019-02-02,5,0,38,0.0,0.0,0.0,0.0,0.0
2019-02-02,5,0,39,0.0,0.0,0.0,0.0,0.0
2019-02-02,5,0,40,0.0,0.0,0.0,0.0,0.0
2019-02-02,5,0,41,73.62,73.62,0.0,587.94446,0.0
2019-02-02,5,0,42,0.0,0.0,0.0,0.0,0.0
2019-02-02,5,0,43,0.0,0.0,0.0,0.0,0.0
2019-02-02,5,0,46,0.0,0.0,0.0,0.0,0.0
2019-02-02,5,0,52,6.3,6.3,0.0,46.294861,0.0
2019-02-02,5,0,53,10.01,10.01,0.0,73.55739,0.0
2019-02-02,5,0,55,96.4,96.4,0.0,709.516946,0.0
2019-02-02,5,0,56,0.0,0.0,0.0,0.0,0.0
2019-02-02,5,0,57,0.0,0.0,0.0,0.0,0.0
2019-02-02,5,0,58,0.0,0.0,0.0,0.0,0.0
2019-02-02,5,0,59,0.0,0.0,0.0,0.0,0.0
2019-02-02,5,0,63,65.25,65.25,0.0,984.648871,0.0
2019-02-02,5,0,64,76.77,76.77,0.0,1158.490327,0.0
2019-02-02,5,0,65,1.41,1.41,0.0,13.226155,0.0
2019-02-02,5,0,67,0.0,0.0,0.0,0.0,0.0
2019-02-02,5,0,68,2.11,2.11,0.0,11.58555,0.0
2019-02-02,5,0,69,0.0,0.0,0.0,0.0,0.0
2019-02-02,5,0,74,9.02,9.02,0.0,80.378263,0.0
2019-02-02,5,0,77,86.78,86.78,0.0,541.015175,0.0
2019-02-02,5,0,78,65.61,65.61,0.0,409.034405,0.0
2019-02-02,5,0,79,37.97,37.97,0.0,236.717518,0.0
2019-02-02,5,0,80,61.4,61.4,0.0,382.787875,0.0
2019-02-02,5,0,81,80.27,80.27,0.0,500.429686,0.0
2019-02-02,5,0,82,56.62,56.62,0.0,352.987776,0.0
2019-02-02,5,0,83,126.27,126.27,0.0,787.208875,0.0
2019-02-02,5,0,84,0.0,0.0,0.0,0.0,0.0
2019-02-02,5,0,86,0.0,0.0,0.0,0.0,0.0
2019-02-02,5,0,87,0.0,0.0,0.0,0.0,0.0
2019-02-02,5,0,88,102.62,102.62,0.0,639.766966,0.0
2019-02-02,5,0,89,98.65,98.65,0.0,615.016675,0.0
2019-02-02,5,0,90,132.46,132.46,0.0,825.799379,0.0
2019-02-02,5,0,91,472.51,472.51,0.0,2945.783366,0.0
2019-02-02,5,0,92,169.93,169.93,0.0,1059.399732,0.0
2019-02-02,5,0,95,9.81,9.81,0.0,139.95373,0.0
2019-02-02,5,0,96,4.28,4.28,0.0,31.398582,0.0
2019-02-02,5,0,97,26.3,26.3,0.0,192.939883,0.0
2019-02-02,5,0,99,1.74,1.74,0.0,15.505341,0.0
2019-02-02,5,0,101,0.0,0.0,0.0,0.0,0.0
2019-02-02,5,0,102,4.99,4.99,0.0,27.399002,0.0
2019-02-02,5,0,103,4.34,4.34,0.0,23.829994,0.0
2019-02-02,5,0,104,0.81,0.81,0.0,4.447533,0.0
2019-02-02,5,0,106,0.0,0.0,0.0,0.0,0.0
2019-02-02,5,0,109,88.97,88.97,0.0,744.182634,0.0
2019-02-02,5,0,110,167.7,167.7,0.0,374.204622,0.0
2019-02-02,5,0,111,0.0,0.0,0.0,0.0,0.0
2019-02-02,5,0,113,42.2,42.2,0.0,259.510811,0.0
2019-02-02,5,0,115,42.2,42.2,0.0,259.510811,0.0
2019-02-02,5,0,116,0.0,0.0,0.0,0.0,0.0
2019-02-02,5,0,117,2.03,2.03,0.0,12.483577,0.0
2019-02-02,5,0,119,76.77,76.77,0.0,1158.490327,0.0
2019-02-02,5,0,120,45.14,45.14,0.0,681.180844,0.0
2019-02-02,5,0,123,0.0,0.0,0.0,0.0,0.0
2019-02-02,5,0,125,49.06,49.06,0.0,361.088188,0.0
2019-02-02,5,0,126,0.0,0.0,0.0,0.0,0.0
2019-02-02,5,0,127,0.0,0.0,0.0,0.0,0.0
2019-02-02,5,0,128,70.27,70.27,0.0,517.196637,0.0
2019-02-02,5,0,131,6.0,6.0,0.0,34.230385,0.0
2019-02-02,5,0,132,8.81,8.81,0.0,50.261615,0.0
2019-02-02,5,0,133,4.05,4.05,0.0,38.064932,0.0
2019-02-02,5,0,134,0.0,0.0,0.0,0.0,0.0
2019-02-02,5,0,135,5.77,5.77,0.0,54.23078,0.0
2019-02-02,5,0,136,1.2,1.2,0.0,11.255189,0.0
2019-02-02,5,0,139,95.07,95.07,0.0,759.248572,0.0
2019-02-02,5,0,140,124.12,124.12,0.0,276.960511,0.0
2019-02-02,5,0,141,68.4,68.4,0.0,320.688948,0.0
2019-02-02,5,0,142,0.0,0.0,0.0,0.0,0.0
2019-02-02,5,0,143,20.39,20.39,0.0,149.833684,0.0
2019-02-02,5,0,145,4.56,4.56,0.0,35.229623,0.0
2019-02-02,5,0,146,268.0,268.0,0.0,598.01335,0.0
2019-02-02,5,0,152,0.0,0.0,0.0,0.0,0.0
2019-02-02,5,0,153,0.0,0.0,0.0,0.0,0.0
2019-02-02,5,0,154,0.0,0.0,0.0,0.0,0.0
2019-02-02,5,0,157,58.82,58.82,0.0,275.773741,0.0
2019-02-02,5,0,158,0.0,0.0,0.0,0.0,0.0
2019-02-02,5,0,159,0.0,0.0,0.0,0.0,0.0
2019-02-02,5,0,160,0.0,0.0,0.0,0.0,0.0
2019-02-02,5,0,161,0.0,0.0,0.0,0.0,0.0
2019-02-02,5,0,162,8.57,8.57,0.0,122.359005,0.0
2019-02-02,5,0,163,52.36,52.36,0.0,116.835743,0.0
2019-02-02,5,0,164,0.0,0.0,0.0,0.0,0.0
2019-02-02,5,0,167,0.0,0.0,0.0,0.0,0.0
2019-02-02,5,0,168,0.0,0.0,0.0,0.0,0.0
2019-02-02,5,0,169,0.0,0.0,0.0,0.0,0.0
2019-02-02,5,0,170,0.0,0.0,0.0,0.0,0.0
2019-02-02,5,0,172,0.0,0.0,0.0,0.0,0.0
2019-02-02,5,0,173,0.0,0.0,0.0,0.0,0.0
2019-02-02,5,0,188,0.0,0.0,0.0,0.0,0.0
2019-02-02,5,0,190,0.0,0.0,0.0,0.0,0.0
2019-02-02,5,0,191,0.0,0.0,0.0,0.0,0.0
2019-02-02,5,0,192,48.28,48.28,0.0,728.564713,0.0
2019-02-02,5,0,194,141.91,141.91,0.0,946.209568,0.0
2019-02-02,5,0,196,0.0,0.0,0.0,0.0,0.0
2019-02-02,5,0,198,0.0,0.0,0.0,0.0,0.0
2019-02-02,5,0,199,4.54,4.54,0.0,40.34393,0.0
2019-02-02,5,0,200,0.0,0.0,0.0,0.0,0.0
2019-02-02,5,0,204,456.17,456.17,0.0,3791.509055,0.0
2019-02-02,5,0,205,470.66,470.66,0.0,3936.798904,0.0
2019-02-02,5,0,206,77.27,77.27,0.0,566.861779,0.0
2019-02-02,5,0,210,0.0,0.0,0.0,0.0,0.0
2019-02-02,5,0,214,0.0,0.0,0.0,0.0,0.0
2019-02-02,5,0,217,0.0,0.0,0.0,0.0,0.0
2019-02-02,5,0,218,0.0,0.0,0.0,0.0,0.0
2019-02-02,5,0,219,0.0,0.0,0.0,0.0,0.0
2019-02-02,5,0,221,0.0,0.0,0.0,0.0,0.0
2019-02-02,5,0,225,0.0,0.0,0.0,0.0,0.0
2019-02-02,5,0,233,0.0,0.0,0.0,0.0,0.0
2019-02-02,5,0,236,5.21,5.21,0.0,47.748821,0.0
2019-02-02,5,0,237,21.65,21.65,0.0,192.925654,0.0
2019-02-02,5,0,238,0.0,0.0,0.0,0.0,0.0
2019-02-02,5,0,240,0.0,0.0,0.0,0.0,0.0
2019-02-02,5,0,245,4.13,4.13,0.0,39.066982,0.0
2019-02-02,5,0,247,9.27,9.27,0.0,87.687874,0.0
2019-02-02,5,0,248,2.17,2.17,0.0,19.337121,0.0
2019-02-02,5,0,249,7.94,7.94,0.0,75.106982,0.0
2019-02-02,5,0,251,22.52,22.52,0.0,210.618254,0.0
2019-02-02,5,0,252,9.09,9.09,0.0,85.266489,0.0
2019-02-02,5,0,254,0.0,0.0,0.0,0.0,0.0
2019-02-02,5,0,255,0.0,0.0,0.0,0.0,0.0
2019-02-02,5,0,258,0.0,0.0,0.0,0.0,0.0
2019-02-02,5,0,260,0.0,0.0,0.0,0.0,0.0
2019-02-02,5,0,265,0.0,0.0,0.0,0.0,0.0
2019-02-02,5,0,266,61.56,61.56,0.0,491.63082,0.0
2019-02-02,5,0,267,75.65,75.65,0.0,604.156458,0.0
2019-02-02,5,0,270,163.53,163.53,0.0,364.899713,0.0
2019-02-02,5,0,272,145.05,145.05,0.0,891.991544,0.0
2019-02-02,5,0,273,0.0,0.0,0.0,0.0,0.0
2019-02-02,5,0,274,210.81,210.81,0.0,470.399979,0.0
2019-02-02,5,0,275,293.46,293.46,0.0,654.824618,0.0
2019-02-02,5,0,276,0.0,0.0,0.0,0.0,0.0
2019-02-02,5,0,277,0.0,0.0,0.0,0.0,0.0
2019-02-02,5,0,278,0.0,0.0,0.0,0.0,0.0
2019-02-02,5,0,279,75.52,75.52,0.0,466.980709,0.0
2019-02-02,5,0,281,2.67,2.67,0.0,19.620203,0.0
2019-02-02,5,0,282,0.0,0.0,0.0,0.0,0.0
2019-02-02,6,0,9,0.0,0.0,0.0,0.0,0.0
2019-02-02,6,0,17,0.0,0.0,0.0,0.0,0.0
2019-02-02,6,0,19,64.94,64.94,0.0,615.861469,0.0
2019-02-02,6,0,20,78.76,78.76,0.0,746.924074,0.0
2019-02-02,6,0,21,0.0,0.0,0.0,0.0,0.0
2019-02-02,6,0,22,0.0,0.0,0.0,0.0,0.0
2019-02-02,6,0,23,34.39,34.39,0.0,244.887697,0.0
2019-02-02,6,0,24,60.84,60.84,0.0,433.23546,0.0
2019-02-02,6,0,29,0.0,0.0,0.0,0.0,0.0
2019-02-02,6,0,30,0.0,0.0,0.0,0.0,0.0
2019-02-02,6,0,31,4.55,4.55,0.0,32.337898,0.0
2019-02-02,6,0,32,0.0,0.0,0.0,0.0,0.0
2019-02-02,6,0,33,0.0,0.0,0.0,0.0,0.0
2019-02-02,6,0,34,0.0,0.0,0.0,0.0,0.0
2019-02-02,6,0,35,0.0,0.0,0.0,0.0,0.0
2019-02-02,6,0,36,0.0,0.0,0.0,0.0,0.0
2019-02-02,6,0,37,0.0,0.0,0.0,0.0,0.0
2019-02-02,6,0,38,0.0,0.0,0.0,0.0,0.0
2019-02-02,6,0,39,0.0,0.0,0.0,0.0,0.0
2019-02-02,6,0,40,0.0,0.0,0.0,0.0,0.0
2019-02-02,6,0,41,59.83,59.83,0.0,469.601396,0.0
2019-02-02,6,0,42,0.0,0.0,0.0,0.0,0.0
2019-02-02,6,0,43,0.0,0.0,0.0,0.0,0.0
2019-02-02,6,0,46,0.0,0.0,0.0,0.0,0.0
2019-02-02,6,0,52,4.83,4.83,0.0,34.327922,0.0
2019-02-02,6,0,53,7.66,7.66,0.0,54.441384,0.0
2019-02-02,6,0,55,40.63,40.63,0.0,289.322103,0.0
2019-02-02,6,0,56,0.0,0.0,0.0,0.0,0.0
2019-02-02,6,0,57,0.0,0.0,0.0,0.0,0.0
2019-02-02,6,0,58,0.0,0.0,0.0,0.0,0.0
2019-02-02,6,0,59,0.0,0.0,0.0,0.0,0.0
2019-02-02,6,0,63,65.58,65.58,0.0,1068.99273,0.0
2019-02-02,6,0,64,77.15,77.15,0.0,1257.590562,0.0
2019-02-02,6,0,65,1.54,1.54,0.0,14.574619,0.0
2019-02-02,6,0,67,0.0,0.0,0.0,0.0,0.0
2019-02-02,6,0,68,2.35,2.35,0.0,12.05252,0.0
2019-02-02,6,0,69,0.0,0.0,0.0,0.0,0.0
2019-02-02,6,0,74,8.1,8.1,0.0,72.270537,0.0
2019-02-02,6,0,77,99.0,99.0,0.0,575.23659,0.0
2019-02-02,6,0,78,74.84,74.84,0.0,434.85562,0.0
2019-02-02,6,0,79,43.31,43.31,0.0,251.651482,0.0
2019-02-02,6,0,80,70.04,70.04,0.0,406.965361,0.0
2019-02-02,6,0,81,91.57,91.57,0.0,532.064793,0.0
2019-02-02,6,0,82,64.6,64.6,0.0,375.356401,0.0
2019-02-02,6,0,83,144.04,144.04,0.0,836.940186,0.0
2019-02-02,6,0,84,0.0,0.0,0.0,0.0,0.0
2019-02-02,6,0,86,0.0,0.0,0.0,0.0,0.0
2019-02-02,6,0,87,0.0,0.0,0.0,0.0,0.0
2019-02-02,6,0,88,117.05,117.05,0.0,680.115584,0.0
2019-02-02,6,0,89,112.53,112.53,0.0,653.852257,0.0
2019-02-02,6,0,90,151.09,151.09,0.0,877.904003,0.0
2019-02-02,6,0,91,538.96,538.96,0.0,3131.611236,0.0
2019-02-02,6,0,92,193.83,193.83,0.0,1126.243517,0.0
2019-02-02,6,0,95,7.64,7.64,0.0,117.706494,0.0
2019-02-02,6,0,96,4.69,4.69,0.0,33.265915,0.0
2019-02-02,6,0,97,28.84,28.84,0.0,204.560554,0.0
2019-02-02,6,0,99,1.56,1.56,0.0,13.91877,0.0
2019-02-02,6,0,101,0.0,0.0,0.0,0.0,0.0
2019-02-02,6,0,102,5.57,5.57,0.0,28.567037,0.0
2019-02-02,6,0,103,4.84,4.84,0.0,24.823063,0.0
2019-02-02,6,0,104,0.9,0.9,0.0,4.615859,0.0
2019-02-02,6,0,106,0.0,0.0,0.0,0.0,0.0
2019-02-02,6,0,109,85.2,85.2,0.0,706.329988,0.0
2019-02-02,6,0,110,177.54,177.54,0.0,396.16153,0.0
2019-02-02,6,0,111,0.0,0.0,0.0,0.0,0.0
2019-02-02,6,0,113,57.67,57.67,0.0,326.80709,0.0
2019-02-02,6,0,115,57.67,57.67,0.0,326.80709,0.0
2019-02-02,6,0,116,0.0,0.0,0.0,0.0,0.0
2019-02-02,6,0,117,2.29,2.29,0.0,12.977081,0.0
2019-02-02,6,0,119,77.15,77.15,0.0,1257.590562,0.0
2019-02-02,6,0,120,45.36,45.36,0.0,739.394788,0.0
2019-02-02,6,0,123,0.0,0.0,0.0,0.0,0.0
2019-02-02,6,0,125,55.06,55.06,0.0,392.076667,0.0
2019-02-02,6,0,126,0.0,0.0,0.0,0.0,0.0
2019-02-02,6,0,127,0.0,0.0,0.0,0.0,0.0
2019-02-02,6,0,128,78.86,78.86,0.0,561.554049,0.0
2019-02-02,6,0,131,6.92,6.92,0.0,36.808946,0.0
2019-02-02,6,0,132,10.17,10.17,0.0,54.096384,0.0
2019-02-02,6,0,133,3.7,3.7,0.0,35.09592,0.0
2019-02-02,6,0,134,0.0,0.0,0.0,0.0,0.0
2019-02-02,6,0,135,4.96,4.96,0.0,47.047503,0.0
2019-02-02,6,0,136,1.74,1.74,0.0,16.465564,0.0
2019-02-02,6,0,139,77.27,77.27,0.0,606.48671,0.0
2019-02-02,6,0,140,131.4,131.4,0.0,293.205053,0.0
2019-02-02,6,0,141,71.11,71.11,0.0,313.986836,0.0
2019-02-02,6,0,142,0.0,0.0,0.0,0.0,0.0
2019-02-02,6,0,143,28.03,28.03,0.0,199.215664,0.0
2019-02-02,6,0,145,5.19,5.19,0.0,39.167128,0.0
2019-02-02,6,0,146,268.0,268.0,0.0,598.01335,0.0
2019-02-02,6,0,152,0.0,0.0,0.0,0.0,0.0
2019-02-02,6,0,153,0.0,0.0,0.0,0.0,0.0
2019-02-02,6,0,154,0.0,0.0,0.0,0.0,0.0
2019-02-02,6,0,157,59.87,59.87,0.0,264.356517,0.0
2019-02-02,6,0,158,0.0,0.0,0.0,0.0,0.0
2019-02-02,6,0,159,0.0,0.0,0.0,0.0,0.0
2019-02-02,6,0,160,0.0,0.0,0.0,0.0,0.0
2019-02-02,6,0,161,0.0,0.0,0.0,0.0,0.0
2019-02-02,6,0,162,8.2,8.2,0.0,126.436556,0.0
2019-02-02,6,0,163,50.87,50.87,0.0,113.510967,0.0
2019-02-02,6,0,164,0.0,0.0,0.0,0.0,0.0
2019-02-02,6,0,167,0.0,0.0,0.0,0.0,0.0
2019-02-02,6,0,168,0.0,0.0,0.0,0.0,0.0
2019-02-02,6,0,169,0.0,0.0,0.0,0.0,0.0
2019-02-02,6,0,170,0.0,0.0,0.0,0.0,0.0
2019-02-02,6,0,172,0.0,0.0,0.0,0.0,0.0
2019-02-02,6,0,173,0.0,0.0,0.0,0.0,0.0
2019-02-02,6,0,188,0.0,0.0,0.0,0.0,0.0
2019-02-02,6,0,190,0.0,0.0,0.0,0.0,0.0
2019-02-02,6,0,191,0.0,0.0,0.0,0.0,0.0
2019-02-02,6,0,192,47.49,47.49,0.0,774.115046,0.0
2019-02-02,6,0,194,149.56,149.56,0.0,906.892791,0.0
2019-02-02,6,0,196,0.0,0.0,0.0,0.0,0.0
2019-02-02,6,0,198,0.0,0.0,0.0,0.0,0.0
2019-02-02,6,0,199,3.88,3.88,0.0,34.389286,0.0
2019-02-02,6,0,200,0.0,0.0,0.0,0.0,0.0
2019-02-02,6,0,204,435.75,435.75,0.0,3585.823245,0.0
2019-02-02,6,0,205,450.71,450.71,0.0,3736.502217,0.0
2019-02-02,6,0,206,84.75,84.75,0.0,601.127148,0.0
2019-02-02,6,0,210,0.0,0.0,0.0,0.0,0.0
2019-02-02,6,0,214,0.0,0.0,0.0,0.0,0.0
2019-02-02,6,0,217,0.0,0.0,0.0,0.0,0.0
2019-02-02,6,0,218,0.0,0.0,0.0,0.0,0.0
2019-02-02,6,0,219,0.0,0.0,0.0,0.0,0.0
2019-02-02,6,0,221,0.0,0.0,0.0,0.0,0.0
2019-02-02,6,0,225,0.0,0.0,0.0,0.0,0.0
2019-02-02,6,0,233,0.0,0.0,0.0,0.0,0.0
2019-02-02,6,0,236,6.86,6.86,0.0,63.21842,0.0
2019-02-02,6,0,237,19.42,19.42,0.0,173.270842,0.0
2019-02-02,6,0,238,0.0,0.0,0.0,0.0,0.0
2019-02-02,6,0,240,0.0,0.0,0.0,0.0,0.0
2019-02-02,6,0,245,5.48,5.48,0.0,52.362934,0.0
2019-02-02,6,0,247,11.29,11.29,0.0,107.87911,0.0
2019-02-02,6,0,248,1.95,1.95,0.0,17.398463,0.0
2019-02-02,6,0,249,10.54,10.54,0.0,100.71265,0.0
2019-02-02,6,0,251,19.95,19.95,0.0,188.168617,0.0
2019-02-02,6,0,252,9.94,9.94,0.0,94.072544,0.0
2019-02-02,6,0,254,0.0,0.0,0.0,0.0,0.0
2019-02-02,6,0,255,0.0,0.0,0.0,0.0,0.0
2019-02-02,6,0,258,0.0,0.0,0.0,0.0,0.0
2019-02-02,6,0,260,0.0,0.0,0.0,0.0,0.0
2019-02-02,6,0,265,0.0,0.0,0.0,0.0,0.0
2019-02-02,6,0,266,50.03,50.03,0.0,392.681896,0.0
2019-02-02,6,0,267,61.48,61.48,0.0,482.552128,0.0
2019-02-02,6,0,270,158.86,158.86,0.0,354.479107,0.0
2019-02-02,6,0,272,203.51,203.51,0.0,1153.260117,0.0
2019-02-02,6,0,273,0.0,0.0,0.0,0.0,0.0
2019-02-02,6,0,274,204.79,204.79,0.0,456.966992,0.0
2019-02-02,6,0,275,285.07,285.07,0.0,636.10323,0.0
2019-02-02,6,0,276,0.0,0.0,0.0,0.0,0.0
2019-02-02,6,0,277,0.0,0.0,0.0,0.0,0.0
2019-02-02,6,0,278,0.0,0.0,0.0,0.0,0.0
2019-02-02,6,0,279,79.57,79.57,0.0,455.492757,0.0
2019-02-02,6,0,281,2.05,2.05,0.0,14.569822,0.0
2019-02-02,6,0,282,0.0,0.0,0.0,0.0,0.0
2019-02-02,7,0,9,0.0,0.0,0.0,0.0,0.0
2019-02-02,7,0,17,0.0,0.0,0.0,0.0,0.0
2019-02-02,7,0,19,72.2,72.2,0.0,667.860658,0.0
2019-02-02,7,0,20,87.57,87.57,0.0,810.035427,0.0
2019-02-02,7,0,21,0.0,0.0,0.0,0.0,0.0
2019-02-02,7,0,22,0.0,0.0,0.0,0.0,0.0
2019-02-02,7,0,23,39.29,39.29,0.0,339.378272,0.0
2019-02-02,7,0,24,69.51,69.51,0.0,600.411903,0.0
2019-02-02,7,0,29,0.0,0.0,0.0,0.0,0.0
2019-02-02,7,0,30,0.0,0.0,0.0,0.0,0.0
2019-02-02,7,0,31,8.57,8.57,0.0,73.992472,0.0
2019-02-02,7,0,32,0.0,0.0,0.0,0.0,0.0
2019-02-02,7,0,33,0.0,0.0,0.0,0.0,0.0
2019-02-02,7,0,34,0.0,0.0,0.0,0.0,0.0
2019-02-02,7,0,35,0.0,0.0,0.0,0.0,0.0
2019-02-02,7,0,36,0.0,0.0,0.0,0.0,0.0
2019-02-02,7,0,37,0.0,0.0,0.0,0.0,0.0
2019-02-02,7,0,38,0.0,0.0,0.0,0.0,0.0
2019-02-02,7,0,39,0.0,0.0,0.0,0.0,0.0
2019-02-02,7,0,40,0.0,0.0,0.0,0.0,0.0
2019-02-02,7,0,41,35.64,35.64,0.0,315.059291,0.0
2019-02-02,7,0,42,0.0,0.0,0.0,0.0,0.0
2019-02-02,7,0,43,0.0,0.0,0.0,0.0,0.0
2019-02-02,7,0,46,0.0,0.0,0.0,0.0,0.0
2019-02-02,7,0,52,9.09,9.09,0.0,78.482097,0.0
2019-02-02,7,0,53,14.44,14.44,0.0,124.67343,0.0
2019-02-02,7,0,55,43.49,43.49,0.0,375.656937,0.0
2019-02-02,7,0,56,0.0,0.0,0.0,0.0,0.0
2019-02-02,7,0,57,0.0,0.0,0.0,0.0,0.0
2019-02-02,7,0,58,0.0,0.0,0.0,0.0,0.0
2019-02-02,7,0,59,0.0,0.0,0.0,0.0,0.0
2019-02-02,7,0,63,66.38,66.38,0.0,764.634693,0.0
2019-02-02,7,0,64,78.09,78.09,0.0,899.522795,0.0
2019-02-02,7,0,65,1.7,1.7,0.0,15.717873,0.0
2019-02-02,7,0,67,0.0,0.0,0.0,0.0,0.0
2019-02-02,7,0,68,2.64,2.64,0.0,19.054283,0.0
2019-02-02,7,0,69,0.0,0.0,0.0,0.0,0.0
2019-02-02,7,0,74,7.16,7.16,0.0,65.317676,0.0
2019-02-02,7,0,77,112.69,112.69,0.0,931.322868,0.0
2019-02-02,7,0,78,85.19,85.19,0.0,704.050005,0.0
2019-02-02,7,0,79,49.3,49.3,0.0,407.438259,0.0
2019-02-02,7,0,80,79.73,79.73,0.0,658.926012,0.0
2019-02-02,7,0,81,104.24,104.24,0.0,861.488115,0.0
2019-02-02,7,0,82,73.53,73.53,0.0,607.686312,0.0
2019-02-02,7,0,83,163.96,163.96,0.0,1355.042128,0.0
2019-02-02,7,0,84,0.0,0.0,0.0,0.0,0.0
2019-02-02,7,0,86,0.0,0.0,0.0,0.0,0.0
2019-02-02,7,0,87,0.0,0.0,0.0,0.0,0.0
2019-02-02,7,0,88,132.92,132.92,0.0,1098.51305,0.0
2019-02-02,7,0,89,127.78,127.78,0.0,1056.033686,0.0
2019-02-02,7,0,90,171.57,171.57,0.0,1417.934727,0.0
2019-02-02,7,0,91,612.03,612.03,0.0,5058.102181,0.0
2019-02-02,7,0,92,220.11,220.11,0.0,1819.091991,0.0
2019-02-02,7,0,95,5.94,5.94,0.0,64.756091,0.0
2019-02-02,7,0,96,5.3,5.3,0.0,45.738128,0.0
2019-02-02,7,0,97,32.62,32.62,0.0,281.505236,0.0
2019-02-02,7,0,99,1.38,1.38,0.0,12.589161,0.0
2019-02-02,7,0,101,0.0,0.0,0.0,0.0,0.0
2019-02-02,7,0,102,6.26,6.26,0.0,45.181746,0.0
2019-02-02,7,0,103,5.44,5.44,0.0,39.26337,0.0
2019-02-02,7,0,104,1.01,1.01,0.0,7.289707,0.0
2019-02-02,7,0,106,0.0,0.0,0.0,0.0,0.0
2019-02-02,7,0,109,83.1,83.1,0.0,745.706657,0.0
2019-02-02,7,0,110,188.25,188.25,0.0,420.05975,0.0
2019-02-02,7,0,111,0.0,0.0,0.0,0.0,0.0
2019-02-02,7,0,113,33.72,33.72,0.0,284.329535,0.0
2019-02-02,7,0,115,33.72,33.72,0.0,284.329535,0.0
2019-02-02,7,0,116,0.0,0.0,0.0,0.0,0.0
2019-02-02,7,0,117,1.38,1.38,0.0,11.636262,0.0
2019-02-02,7,0,119,78.09,78.09,0.0,899.522795,0.0
2019-02-02,7,0,120,45.92,45.92,0.0,528.954882,0.0
2019-02-02,7,0,123,0.0,0.0,0.0,0.0,0.0
2019-02-02,7,0,125,62.9,62.9,0.0,543.316195,0.0
2019-02-02,7,0,126,0.0,0.0,0.0,0.0,0.0
2019-02-02,7,0,127,0.0,0.0,0.0,0.0,0.0
2019-02-02,7,0,128,90.09,90.09,0.0,778.177361,0.0
2019-02-02,7,0,131,7.99,7.99,0.0,60.287229,0.0
2019-02-02,7,0,132,11.74,11.74,0.0,88.582236,0.0
2019-02-02,7,0,133,4.39,4.39,0.0,40.609943,0.0
2019-02-02,7,0,134,0.0,0.0,0.0,0.0,0.0
2019-02-02,7,0,135,5.88,5.88,0.0,54.393272,0.0
2019-02-02,7,0,136,2.45,2.45,0.0,22.651644,0.0
2019-02-02,7,0,139,46.02,46.02,0.0,406.818984,0.0
2019-02-02,7,0,140,139.33,139.33,0.0,310.9,0.0
2019-02-02,7,0,141,75.5,75.5,0.0,452.253999,0.0
2019-02-02,7,0,142,0.0,0.0,0.0,0.0,0.0
2019-02-02,7,0,143,16.6,16.6,0.0,143.322641,0.0
2019-02-02,7,0,145,5.9,5.9,0.0,51.68394,0.0
2019-02-02,7,0,146,268.0,268.0,0.0,598.01335,0.0
2019-02-02,7,0,152,0.0,0.0,0.0,0.0,0.0
2019-02-02,7,0,153,0.0,0.0,0.0,0.0,0.0
2019-02-02,7,0,154,0.0,0.0,0.0,0.0,0.0
2019-02-02,7,0,157,62.53,62.53,0.0,374.562153,0.0
2019-02-02,7,0,158,0.0,0.0,0.0,0.0,0.0
2019-02-02,7,0,159,0.0,0.0,0.0,0.0,0.0
2019-02-02,7,0,160,0.0,0.0,0.0,0.0,0.0
2019-02-02,7,0,161,0.0,0.0,0.0,0.0,0.0
2019-02-02,7,0,162,7.84,7.84,0.0,85.523046,0.0
2019-02-02,7,0,163,49.58,49.58,0.0,110.63247,0.0
2019-02-02,7,0,164,0.0,0.0,0.0,0.0,0.0
2019-02-02,7,0,167,0.0,0.0,0.0,0.0,0.0
2019-02-02,7,0,168,0.0,0.0,0.0,0.0,0.0
2019-02-02,7,0,169,0.0,0.0,0.0,0.0,0.0
2019-02-02,7,0,170,0.0,0.0,0.0,0.0,0.0
2019-02-02,7,0,172,0.0,0.0,0.0,0.0,0.0
2019-02-02,7,0,173,0.0,0.0,0.0,0.0,0.0
2019-02-02,7,0,188,0.0,0.0,0.0,0.0,0.0
2019-02-02,7,0,190,0.0,0.0,0.0,0.0,0.0
2019-02-02,7,0,191,0.0,0.0,0.0,0.0,0.0
2019-02-02,7,0,192,46.72,46.72,0.0,538.170124,0.0
2019-02-02,7,0,194,158.05,158.05,0.0,1501.804763,0.0
2019-02-02,7,0,196,0.0,0.0,0.0,0.0,0.0
2019-02-02,7,0,198,0.0,0.0,0.0,0.0,0.0
2019-02-02,7,0,199,3.29,3.29,0.0,32.026554,0.0
2019-02-02,7,0,200,0.0,0.0,0.0,0.0,0.0
2019-02-02,7,0,204,419.48,419.48,0.0,3757.824716,0.0
2019-02-02,7,0,205,439.59,439.59,0.0,3944.707455,0.0
2019-02-02,7,0,206,95.86,95.86,0.0,827.256037,0.0
2019-02-02,7,0,210,0.0,0.0,0.0,0.0,0.0
2019-02-02,7,0,214,0.0,0.0,0.0,0.0,0.0
2019-02-02,7,0,217,0.0,0.0,0.0,0.0,0.0
2019-02-02,7,0,218,0.0,0.0,0.0,0.0,0.0
2019-02-02,7,0,219,0.0,0.0,0.0,0.0,0.0
2019-02-02,7,0,221,0.0,0.0,0.0,0.0,0.0
2019-02-02,7,0,225,0.0,0.0,0.0,0.0,0.0
2019-02-02,7,0,233,0.0,0.0,0.0,0.0,0.0
2019-02-02,7,0,236,8.91,8.91,0.0,81.891161,0.0
2019-02-02,7,0,237,17.18,17.18,0.0,156.725933,0.0
2019-02-02,7,0,238,0.0,0.0,0.0,0.0,0.0
2019-02-02,7,0,240,0.0,0.0,0.0,0.0,0.0
2019-02-02,7,0,245,7.19,7.19,0.0,66.623316,0.0
2019-02-02,7,0,247,13.99,13.99,0.0,129.63285,0.0
2019-02-02,7,0,248,1.72,1.72,0.0,15.690838,0.0
2019-02-02,7,0,249,13.84,13.84,0.0,128.242933,0.0
2019-02-02,7,0,251,17.58,17.58,0.0,162.41602,0.0
2019-02-02,7,0,252,10.99,10.99,0.0,101.611423,0.0
2019-02-02,7,0,254,0.0,0.0,0.0,0.0,0.0
2019-02-02,7,0,255,0.0,0.0,0.0,0.0,0.0
2019-02-02,7,0,258,0.0,0.0,0.0,0.0,0.0
2019-02-02,7,0,260,0.0,0.0,0.0,0.0,0.0
2019-02-02,7,0,265,0.0,0.0,0.0,0.0,0.0
2019-02-02,7,0,266,29.8,29.8,0.0,263.433414,0.0
2019-02-02,7,0,267,36.62,36.62,0.0,323.722538,0.0
2019-02-02,7,0,270,154.82,154.82,0.0,345.464279,0.0
2019-02-02,7,0,272,119.99,119.99,0.0,1011.764558,0.0
2019-02-02,7,0,273,0.0,0.0,0.0,0.0,0.0
2019-02-02,7,0,274,199.59,199.59,0.0,445.363748,0.0
2019-02-02,7,0,275,277.83,277.83,0.0,619.947944,0.0
2019-02-02,7,0,276,0.0,0.0,0.0,0.0,0.0
2019-02-02,7,0,277,0.0,0.0,0.0,0.0,0.0
2019-02-02,7,0,278,0.0,0.0,0.0,0.0,0.0
2019-02-02,7,0,279,84.32,84.32,0.0,705.326507,0.0
2019-02-02,7,0,281,3.84,3.84,0.0,33.154153,0.0
2019-02-02,7,0,282,0.0,0.0,0.0,0.0,0.0
2019-02-02,8,0,9,0.0,0.0,0.0,0.0,0.0
2019-02-02,8,0,17,0.0,0.0,0.0,0.0,0.0
2019-02-02,8,0,19,53.13,53.13,0.0,523.637841,0.0
2019-02-02,8,0,20,66.13,66.13,0.0,651.763042,0.0
2019-02-02,8,0,21,0.0,0.0,0.0,0.0,0.0
2019-02-02,8,0,22,0.0,0.0,0.0,0.0,0.0
2019-02-02,8,0,23,45.85,45.85,0.0,421.413972,0.0
2019-02-02,8,0,24,81.13,81.13,0.0,745.677548,0.0
2019-02-02,8,0,29,0.0,0.0,0.0,0.0,0.0
2019-02-02,8,0,30,0.0,0.0,0.0,0.0,0.0
2019-02-02,8,0,31,3.21,3.21,0.0,29.490044,0.0
2019-02-02,8,0,32,0.0,0.0,0.0,0.0,0.0
2019-02-02,8,0,33,0.0,0.0,0.0,0.0,0.0
2019-02-02,8,0,34,0.0,0.0,0.0,0.0,0.0
2019-02-02,8,0,35,0.0,0.0,0.0,0.0,0.0
2019-02-02,8,0,36,0.0,0.0,0.0,0.0,0.0
2019-02-02,8,0,37,0.0,0.0,0.0,0.0,0.0
2019-02-02,8,0,38,0.0,0.0,0.0,0.0,0.0
2019-02-02,8,0,39,0.0,0.0,0.0,0.0,0.0
2019-02-02,8,0,40,0.0,0.0,0.0,0.0,0.0
2019-02-02,8,0,41,12.49,12.49,0.0,117.539389,0.0
2019-02-02,8,0,42,0.0,0.0,0.0,0.0,0.0
2019-02-02,8,0,43,0.0,0.0,0.0,0.0,0.0
2019-02-02,8,0,46,0.0,0.0,0.0,0.0,0.0
2019-02-02,8,0,52,3.41,3.41,0.0,31.32743,0.0
2019-02-02,8,0,53,5.41,5.41,0.0,49.701289,0.0
2019-02-02,8,0,55,45.68,45.68,0.0,419.851478,0.0
2019-02-02,8,0,56,0.0,0.0,0.0,0.0,0.0
2019-02-02,8,0,57,0.0,0.0,0.0,0.0,0.0
2019-02-02,8,0,58,0.0,0.0,0.0,0.0,0.0
2019-02-02,8,0,59,0.0,0.0,0.0,0.0,0.0
2019-02-02,8,0,63,39.65,39.65,0.0,488.422815,0.0
2019-02-02,8,0,64,46.6,46.6,0.0,574.035389,0.0
2019-02-02,8,0,65,2.23,2.23,0.0,21.967895,0.0
2019-02-02,8,0,67,0.0,0.0,0.0,0.0,0.0
2019-02-02,8,0,68,2.95,2.95,0.0,22.566528,0.0
2019-02-02,8,0,69,0.0,0.0,0.0,0.0,0.0
2019-02-02,8,0,74,4.82,4.82,0.0,46.837525,0.0
2019-02-02,8,0,77,83.53,83.53,0.0,733.892097,0.0
2019-02-02,8,0,78,63.07,63.07,0.0,554.131145,0.0
2019-02-02,8,0,79,36.38,36.38,0.0,319.633599,0.0
2019-02-02,8,0,80,59.01,59.01,0.0,518.460106,0.0
2019-02-02,8,0,81,77.24,77.24,0.0,678.628344,0.0
2019-02-02,8,0,82,54.4,54.4,0.0,477.956783,0.0
2019-02-02,8,0,83,121.69,121.69,0.0,1069.164723,0.0
2019-02-02,8,0,84,0.0,0.0,0.0,0.0,0.0
2019-02-02,8,0,86,0.0,0.0,0.0,0.0,0.0
2019-02-02,8,0,87,0.0,0.0,0.0,0.0,0.0
2019-02-02,8,0,88,90.57,90.57,0.0,795.745328,0.0
2019-02-02,8,0,89,87.41,87.41,0.0,767.981662,0.0
2019-02-02,8,0,90,114.05,114.05,0.0,1002.03991,0.0
2019-02-02,8,0,91,357.53,357.53,0.0,3141.247952,0.0
2019-02-02,8,0,92,143.06,143.06,0.0,1256.920907,0.0
2019-02-02,8,0,95,6.18,6.18,0.0,71.986538,0.0
2019-02-02,8,0,96,7.12,7.12,0.0,65.379576,0.0
2019-02-02,8,0,97,43.82,43.82,0.0,402.378235,0.0
2019-02-02,8,0,99,0.93,0.93,0.0,9.037116,0.0
2019-02-02,8,0,101,0.0,0.0,0.0,0.0,0.0
2019-02-02,8,0,102,6.98,6.98,0.0,53.394701,0.0
2019-02-02,8,0,103,6.07,6.07,0.0,46.433501,0.0
2019-02-02,8,0,104,1.13,1.13,0.0,8.644128,0.0
2019-02-02,8,0,106,0.0,0.0,0.0,0.0,0.0
2019-02-02,8,0,109,70.26,70.26,0.0,671.37915,0.0
2019-02-02,8,0,110,209.56,209.56,0.0,468.980895,0.0
2019-02-02,8,0,111,0.0,0.0,0.0,0.0,0.0
2019-02-02,8,0,113,62.87,62.87,0.0,563.810797,0.0
2019-02-02,8,0,115,62.87,62.87,0.0,563.810797,0.0
2019-02-02,8,0,116,0.0,0.0,0.0,0.0,0.0
2019-02-02,8,0,117,3.25,3.25,0.0,29.145619,0.0
2019-02-02,8,0,119,46.6,46.6,0.0,574.035389,0.0
2019-02-02,8,0,120,27.5,27.5,0.0,338.754789,0.0
2019-02-02,8,0,123,0.0,0.0,0.0,0.0,0.0
2019-02-02,8,0,125,73.42,73.42,0.0,674.813824,0.0
2019-02-02,8,0,126,0.0,0.0,0.0,0.0,0.0
2019-02-02,8,0,127,0.0,0.0,0.0,0.0,0.0
2019-02-02,8,0,128,105.15,105.15,0.0,966.448837,0.0
2019-02-02,8,0,131,9.54,9.54,0.0,76.37204,0.0
2019-02-02,8,0,132,14.02,14.02,0.0,112.236478,0.0
2019-02-02,8,0,133,3.12,3.12,0.0,30.751433,0.0
2019-02-02,8,0,134,0.0,0.0,0.0,0.0,0.0
2019-02-02,8,0,135,4.18,4.18,0.0,41.199035,0.0
2019-02-02,8,0,136,3.34,3.34,0.0,32.901723,0.0
2019-02-02,8,0,139,16.13,16.13,0.0,151.794263,0.0
2019-02-02,8,0,140,155.09,155.09,0.0,347.080774,0.0
2019-02-02,8,0,141,92.45,92.45,0.0,584.051997,0.0
2019-02-02,8,0,142,0.0,0.0,0.0,0.0,0.0
2019-02-02,8,0,143,5.91,5.91,0.0,54.294754,0.0
2019-02-02,8,0,145,6.3,6.3,0.0,58.739868,0.0
2019-02-02,8,0,146,268.0,268.0,0.0,599.765603,0.0
2019-02-02,8,0,152,0.0,0.0,0.0,0.0,0.0
2019-02-02,8,0,153,0.0,0.0,0.0,0.0,0.0
2019-02-02,8,0,154,0.0,0.0,0.0,0.0,0.0
2019-02-02,8,0,157,71.42,71.42,0.0,451.195171,0.0
2019-02-02,8,0,158,0.0,0.0,0.0,0.0,0.0
2019-02-02,8,0,159,0.0,0.0,0.0,0.0,0.0
2019-02-02,8,0,160,0.0,0.0,0.0,0.0,0.0
2019-02-02,8,0,161,0.0,0.0,0.0,0.0,0.0
2019-02-02,8,0,162,7.3,7.3,0.0,85.086938,0.0
2019-02-02,8,0,163,50.24,50.24,0.0,112.433671,0.0
2019-02-02,8,0,164,0.0,0.0,0.0,0.0,0.0
2019-02-02,8,0,167,0.0,0.0,0.0,0.0,0.0
2019-02-02,8,0,168,0.0,0.0,0.0,0.0,0.0
2019-02-02,8,0,169,0.0,0.0,0.0,0.0,0.0
2019-02-02,8,0,170,0.0,0.0,0.0,0.0,0.0
2019-02-02,8,0,172,0.0,0.0,0.0,0.0,0.0
2019-02-02,8,0,173,0.0,0.0,0.0,0.0,0.0
2019-02-02,8,0,188,0.0,0.0,0.0,0.0,0.0
2019-02-02,8,0,190,0.0,0.0,0.0,0.0,0.0
2019-02-02,8,0,191,0.0,0.0,0.0,0.0,0.0
2019-02-02,8,0,192,39.46,39.46,0.0,486.082327,0.0
2019-02-02,8,0,194,141.05,141.05,0.0,1428.727644,0.0
2019-02-02,8,0,196,0.0,0.0,0.0,0.0,0.0
2019-02-02,8,0,198,0.0,0.0,0.0,0.0,0.0
2019-02-02,8,0,199,3.69,3.69,0.0,38.307721,0.0
2019-02-02,8,0,200,0.0,0.0,0.0,0.0,0.0
2019-02-02,8,0,204,341.22,341.22,0.0,3254.903795,0.0
2019-02-02,8,0,205,371.67,371.67,0.0,3551.544105,0.0
2019-02-02,8,0,206,128.75,128.75,0.0,1182.250063,0.0
2019-02-02,8,0,210,0.0,0.0,0.0,0.0,0.0
2019-02-02,8,0,214,0.0,0.0,0.0,0.0,0.0
2019-02-02,8,0,217,0.0,0.0,0.0,0.0,0.0
2019-02-02,8,0,218,0.0,0.0,0.0,0.0,0.0
2019-02-02,8,0,219,0.0,0.0,0.0,0.0,0.0
2019-02-02,8,0,221,0.0,0.0,0.0,0.0,0.0
2019-02-02,8,0,225,0.0,0.0,0.0,0.0,0.0
2019-02-02,8,0,233,0.0,0.0,0.0,0.0,0.0
2019-02-02,8,0,236,6.33,6.33,0.0,61.980254,0.0
2019-02-02,8,0,237,11.57,11.57,0.0,112.429495,0.0
2019-02-02,8,0,238,0.0,0.0,0.0,0.0,0.0
2019-02-02,8,0,240,0.0,0.0,0.0,0.0,0.0
2019-02-02,8,0,245,4.66,4.66,0.0,46.00868,0.0
2019-02-02,8,0,247,9.17,9.17,0.0,90.536394,0.0
2019-02-02,8,0,248,1.16,1.16,0.0,11.272101,0.0
2019-02-02,8,0,249,8.97,8.97,0.0,88.561773,0.0
2019-02-02,8,0,251,20.35,20.35,0.0,200.311966,0.0
2019-02-02,8,0,252,14.42,14.42,0.0,142.052487,0.0
2019-02-02,8,0,254,0.0,0.0,0.0,0.0,0.0
2019-02-02,8,0,255,0.0,0.0,0.0,0.0,0.0
2019-02-02,8,0,258,0.0,0.0,0.0,0.0,0.0
2019-02-02,8,0,260,0.0,0.0,0.0,0.0,0.0
2019-02-02,8,0,265,0.0,0.0,0.0,0.0,0.0
2019-02-02,8,0,266,10.44,10.44,0.0,98.247496,0.0
2019-02-02,8,0,267,12.84,12.84,0.0,120.833127,0.0
2019-02-02,8,0,270,156.91,156.91,0.0,351.153809,0.0
2019-02-02,8,0,272,217.65,217.65,0.0,1951.85971,0.0
2019-02-02,8,0,273,0.0,0.0,0.0,0.0,0.0
2019-02-02,8,0,274,202.27,202.27,0.0,452.666375,0.0
2019-02-02,8,0,275,281.56,281.56,0.0,630.111952,0.0
2019-02-02,8,0,276,0.0,0.0,0.0,0.0,0.0
2019-02-02,8,0,277,0.0,0.0,0.0,0.0,0.0
2019-02-02,8,0,278,0.0,0.0,0.0,0.0,0.0
2019-02-02,8,0,279,91.12,91.12,0.0,810.507952,0.0
2019-02-02,8,0,281,1.44,1.44,0.0,13.229179,0.0
2019-02-02,8,0,282,0.0,0.0,0.0,0.0,0.0
2019-02-02,9,0,9,0.23,0.23,0.0,2.155763,0.0
2019-02-02,9,0,17,7.9,7.9,0.0,79.650404,0.0
2019-02-02,9,0,19,34.74,34.74,0.0,350.260132,0.0
2019-02-02,9,0,20,43.13,43.13,0.0,434.850878,0.0
2019-02-02,9,0,21,5.32,5.32,0.0,49.863727,0.0
2019-02-02,9,0,22,18.91,18.91,0.0,177.24118,0.0
2019-02-02,9,0,23,56.01,56.01,0.0,524.975066,0.0
2019-02-02,9,0,24,99.1,99.1,0.0,928.852509,0.0
2019-02-02,9,0,29,0.59,0.59,0.0,6.099273,0.0
2019-02-02,9,0,30,37.95,37.95,0.0,355.5301,0.0
2019-02-02,9,0,31,4.02,4.02,0.0,37.660896,0.0
2019-02-02,9,0,32,0.69,0.69,0.0,8.256363,0.0
2019-02-02,9,0,33,0.45,0.45,0.0,4.593242,0.0
2019-02-02,9,0,34,0.71,0.71,0.0,7.247115,0.0
2019-02-02,9,0,35,0.71,0.71,0.0,7.247115,0.0
2019-02-02,9,0,36,1.29,1.29,0.0,12.761867,0.0
2019-02-02,9,0,37,0.67,0.67,0.0,6.62697,0.0
2019-02-02,9,0,38,0.86,0.86,0.0,8.506259,0.0
2019-02-02,9,0,39,0.57,0.57,0.0,5.63787,0.0
2019-02-02,9,0,40,0.57,0.57,0.0,5.63787,0.0
2019-02-02,9,0,41,11.92,11.92,0.0,114.518024,0.0
2019-02-02,9,0,42,7.24,7.24,0.0,72.800092,0.0
2019-02-02,9,0,43,3.78,3.78,0.0,37.525504,0.0
2019-02-02,9,0,46,2.93,2.93,0.0,28.840975,0.0
2019-02-02,9,0,52,4.27,4.27,0.0,40.002991,0.0
2019-02-02,9,0,53,6.82,6.82,0.0,63.892366,0.0
2019-02-02,9,0,55,48.48,48.48,0.0,454.397272,0.0
2019-02-02,9,0,56,11.19,11.19,0.0,104.832195,0.0
2019-02-02,9,0,57,10.65,10.65,0.0,99.773269,0.0
2019-02-02,9,0,58,20.48,20.48,0.0,191.864465,0.0
2019-02-02,9,0,59,20.14,20.14,0.0,188.679215,0.0
2019-02-02,9,0,63,22.44,22.44,0.0,285.233072,0.0
2019-02-02,9,0,64,26.4,26.4,0.0,335.56832,0.0
2019-02-02,9,0,65,3.07,3.07,0.0,30.937315,0.0
2019-02-02,9,0,67,21.28,21.28,0.0,134.180884,0.0
2019-02-02,9,0,68,6.37,6.37,0.0,49.224079,0.0
2019-02-02,9,0,69,0.45,0.45,0.0,4.593242,0.0
2019-02-02,9,0,74,3.11,3.11,0.0,30.896418,0.0
2019-02-02,9,0,77,35.72,35.72,0.0,319.350769,0.0
2019-02-02,9,0,78,27.0,27.0,0.0,241.390559,0.0
2019-02-02,9,0,79,15.63,15.63,0.0,139.738312,0.0
2019-02-02,9,0,80,25.27,25.27,0.0,225.923682,0.0
2019-02-02,9,0,81,33.04,33.04,0.0,295.390521,0.0
2019-02-02,9,0,82,23.31,23.31,0.0,208.400516,0.0
2019-02-02,9,0,83,51.97,51.97,0.0,464.632123,0.0
2019-02-02,9,0,84,0.0,0.0,0.0,0.0,0.0
2019-02-02,9,0,86,2.26,2.26,0.0,23.068281,0.0
2019-02-02,9,0,87,11.52,11.52,0.0,117.58699,0.0
2019-02-02,9,0,88,110.46,110.46,0.0,987.555596,0.0
2019-02-02,9,0,89,105.51,105.51,0.0,943.30066,0.0
2019-02-02,9,0,90,148.1,148.1,0.0,1324.071916,0.0
2019-02-02,9,0,91,556.5,556.5,0.0,4975.327623,0.0
2019-02-02,9,0,92,195.8,195.8,0.0,1750.528569,0.0
2019-02-02,9,0,95,6.54,6.54,0.0,78.451873,0.0
2019-02-02,9,0,96,9.83,9.83,0.0,92.044977,0.0
2019-02-02,9,0,97,60.45,60.45,0.0,566.03447,0.0
2019-02-02,9,0,99,0.6,0.6,0.0,5.960724,0.0
2019-02-02,9,0,101,0.76,0.76,0.0,7.11997,0.0
2019-02-02,9,0,102,15.05,15.05,0.0,116.298649,0.0
2019-02-02,9,0,103,13.09,13.09,0.0,101.152778,0.0
2019-02-02,9,0,104,2.44,2.44,0.0,18.855063,0.0
2019-02-02,9,0,106,18.62,18.62,0.0,174.523045,0.0
2019-02-02,9,0,109,59.72,59.72,0.0,582.983546,0.0
2019-02-02,9,0,110,240.96,240.96,0.0,470.088865,0.0
2019-02-02,9,0,111,1.71,1.71,0.0,16.428341,0.0
2019-02-02,9,0,113,38.25,38.25,0.0,349.397217,0.0
2019-02-02,9,0,115,38.25,38.25,0.0,349.397217,0.0
2019-02-02,9,0,116,9.39,9.39,0.0,18.318951,0.0
2019-02-02,9,0,117,2.6,2.6,0.0,23.749876,0.0
2019-02-02,9,0,119,26.4,26.4,0.0,335.56832,0.0
2019-02-02,9,0,120,15.52,15.52,0.0,197.273497,0.0
2019-02-02,9,0,123,0.31,0.31,0.0,2.905593,0.0
2019-02-02,9,0,125,89.68,89.68,0.0,840.55997,0.0
2019-02-02,9,0,126,13.96,13.96,0.0,130.845419,0.0
2019-02-02,9,0,127,17.92,17.92,0.0,167.962028,0.0
2019-02-02,9,0,128,128.44,128.44,0.0,1203.852839,0.0
2019-02-02,9,0,131,11.78,11.78,0.0,95.503468,0.0
2019-02-02,9,0,132,17.32,17.32,0.0,140.417662,0.0
2019-02-02,9,0,133,2.23,2.23,0.0,22.484652,0.0
2019-02-02,9,0,134,0.0,0.0,0.0,0.0,0.0
2019-02-02,9,0,135,2.99,2.99,0.0,30.147582,0.0
2019-02-02,9,0,136,4.5,4.5,0.0,45.346614,0.0
2019-02-02,9,0,139,15.39,15.39,0.0,147.855066,0.0
2019-02-02,9,0,140,178.33,178.33,0.0,347.903998,0.0
2019-02-02,9,0,141,115.27,115.27,0.0,726.834138,0.0
2019-02-02,9,0,142,28.06,28.06,0.0,176.932124,0.0
2019-02-02,9,0,143,9.79,9.79,0.0,91.716461,0.0
2019-02-02,9,0,145,7.06,7.06,0.0,67.172142,0.0
2019-02-02,9,0,146,268.0,268.0,0.0,522.841202,0.0
2019-02-02,9,0,152,1.09,1.09,0.0,10.835028,0.0
2019-02-02,9,0,153,1.34,1.34,0.0,13.311556,0.0
2019-02-02,9,0,154,7.04,7.04,0.0,67.634806,0.0
2019-02-02,9,0,157,80.99,80.99,0.0,510.68185,0.0
2019-02-02,9,0,158,6.98,6.98,0.0,44.012339,0.0
2019-02-02,9,0,159,0.0,0.0,0.0,0.0,0.0
2019-02-02,9,0,160,0.3,0.3,0.0,3.011806,0.0
2019-02-02,9,0,161,5.0,5.0,0.0,38.637425,0.0
2019-02-02,9,0,162,6.96,6.96,0.0,83.545325,0.0
2019-02-02,9,0,163,51.67,51.67,0.0,100.803003,0.0
2019-02-02,9,0,164,1.22,1.22,0.0,11.429426,0.0
2019-02-02,9,0,167,0.83,0.83,0.0,9.938973,0.0
2019-02-02,9,0,168,0.42,0.42,0.0,5.02936,0.0
2019-02-02,9,0,169,0.0,0.0,0.0,0.0,0.0
2019-02-02,9,0,170,0.91,0.91,0.0,10.896946,0.0
2019-02-02,9,0,172,1.11,1.11,0.0,13.059671,0.0
2019-02-02,9,0,173,1.69,1.69,0.0,19.883643,0.0
2019-02-02,9,0,188,1.39,1.39,0.0,16.452099,0.0
2019-02-02,9,0,190,0.89,0.89,0.0,11.31272,0.0
2019-02-02,9,0,191,2.3,2.3,0.0,29.235119,0.0
2019-02-02,9,0,192,33.8,33.8,0.0,429.629137,0.0
2019-02-02,9,0,194,94.24,94.24,0.0,977.665368,0.0
2019-02-02,9,0,196,0.54,0.54,0.0,7.668976,0.0
2019-02-02,9,0,198,1.13,1.13,0.0,11.559548,0.0
2019-02-02,9,0,199,4.11,4.11,0.0,43.744716,0.0
2019-02-02,9,0,200,2.53,2.53,0.0,26.928012,0.0
2019-02-02,9,0,204,161.64,161.64,0.0,1575.053712,0.0
2019-02-02,9,0,205,336.35,336.35,0.0,3283.431276,0.0
2019-02-02,9,0,206,177.62,177.62,0.0,1663.176884,0.0
2019-02-02,9,0,210,0.28,0.28,0.0,2.90168,0.0
2019-02-02,9,0,214,1.36,1.36,0.0,13.98223,0.0
2019-02-02,9,0,217,0.78,0.78,0.0,8.04813,0.0
2019-02-02,9,0,218,1.08,1.08,0.0,11.143564,0.0
2019-02-02,9,0,219,0.74,0.74,0.0,7.635405,0.0
2019-02-02,9,0,221,0.73,0.73,0.0,7.505168,0.0
2019-02-02,9,0,225,0.58,0.58,0.0,5.994473,0.0
2019-02-02,9,0,233,1.28,1.28,0.0,13.065221,0.0
2019-02-02,9,0,236,4.42,4.42,0.0,44.260647,0.0
2019-02-02,9,0,237,7.47,7.47,0.0,74.21101,0.0
2019-02-02,9,0,238,9.42,9.42,0.0,94.720561,0.0
2019-02-02,9,0,240,1.47,1.47,0.0,14.542593,0.0
2019-02-02,9,0,245,3.1,3.1,0.0,31.312542,0.0
2019-02-02,9,0,247,5.75,5.75,0.0,58.079716,0.0
2019-02-02,9,0,248,0.75,0.75,0.0,7.450905,0.0
2019-02-02,9,0,249,5.95,5.95,0.0,60.09988,0.0
2019-02-02,9,0,251,25.81,25.81,0.0,259.882072,0.0
2019-02-02,9,0,252,19.78,19.78,0.0,199.329021,0.0
2019-02-02,9,0,254,2.53,2.53,0.0,25.187364,0.0
2019-02-02,9,0,255,1.16,1.16,0.0,11.548356,0.0
2019-02-02,9,0,258,1.73,1.73,0.0,17.124381,0.0
2019-02-02,9,0,260,0.73,0.73,0.0,7.328728,0.0
2019-02-02,9,0,265,7.29,7.29,0.0,70.03661,0.0
2019-02-02,9,0,266,9.96,9.96,0.0,95.687879,0.0
2019-02-02,9,0,267,12.24,12.24,0.0,117.592333,0.0
2019-02-02,9,0,270,161.37,161.37,0.0,314.816734,0.0
2019-02-02,9,0,272,127.66,127.66,0.0,1166.118919,0.0
2019-02-02,9,0,273,2.25,2.25,0.0,4.389525,0.0
2019-02-02,9,0,274,208.02,208.02,0.0,405.826219,0.0
2019-02-02,9,0,275,289.57,289.57,0.0,564.922115,0.0
2019-02-02,9,0,276,0.52,0.52,0.0,1.520058,0.0
2019-02-02,9,0,277,0.66,0.66,0.0,5.977435,0.0
2019-02-02,9,0,278,1.05,1.05,0.0,9.509555,0.0
2019-02-02,9,0,279,99.77,99.77,0.0,903.588873,0.0
2019-02-02,9,0,281,1.79,1.79,0.0,16.769404,0.0
2019-02-02,9,0,282,20.82,20.82,0.0,195.049715,0.0
2019-02-02,10,0,9,1.31,1.31,0.0,13.492076,0.0
2019-02-02,10,0,17,16.34,16.34,0.0,169.466839,0.0
2019-02-02,10,0,19,23.23,23.23,0.0,240.925011,0.0
2019-02-02,10,0,20,28.78,28.78,0.0,298.485657,0.0
2019-02-02,10,0,21,29.92,29.92,0.0,308.154886,0.0
2019-02-02,10,0,22,106.33,106.33,0.0,1095.123966,0.0
2019-02-02,10,0,23,70.65,70.65,0.0,727.645144,0.0
2019-02-02,10,0,24,125.01,125.01,0.0,1287.514784,0.0
2019-02-02,10,0,29,2.24,2.24,0.0,23.289744,0.0
2019-02-02,10,0,30,238.39,238.39,0.0,2455.13994,0.0
2019-02-02,10,0,31,8.49,8.49,0.0,87.437133,0.0
2019-02-02,10,0,32,2.34,2.34,0.0,25.085999,0.0
2019-02-02,10,0,33,0.92,0.92,0.0,9.553243,0.0
2019-02-02,10,0,34,1.48,1.48,0.0,15.36826,0.0
2019-02-02,10,0,35,1.48,1.48,0.0,15.36826,0.0
2019-02-02,10,0,36,4.51,4.51,0.0,46.687821,0.0
2019-02-02,10,0,37,2.13,2.13,0.0,22.049487,0.0
2019-02-02,10,0,38,2.74,2.74,0.0,28.364129,0.0
2019-02-02,10,0,39,1.82,1.82,0.0,18.840407,0.0
2019-02-02,10,0,40,1.82,1.82,0.0,18.840407,0.0
2019-02-02,10,0,41,12.71,12.71,0.0,131.206273,0.0
2019-02-02,10,0,42,20.8,20.8,0.0,215.665648,0.0
2019-02-02,10,0,43,12.77,12.77,0.0,132.240551,0.0
2019-02-02,10,0,46,8.71,8.71,0.0,90.122676,0.0
2019-02-02,10,0,52,9.01,9.01,0.0,92.792528,0.0
2019-02-02,10,0,53,14.36,14.36,0.0,147.891311,0.0
2019-02-02,10,0,55,52.31,52.31,0.0,538.756086,0.0
2019-02-02,10,0,56,70.32,70.32,0.0,724.214273,0.0
2019-02-02,10,0,57,66.89,66.89,0.0,688.88926,0.0
2019-02-02,10,0,58,128.63,128.63,0.0,1324.739505,0.0
2019-02-02,10,0,59,126.48,126.48,0.0,1302.597003,0.0
2019-02-02,10,0,63,24.08,24.08,0.0,258.205947,0.0
2019-02-02,10,0,64,28.33,28.33,0.0,303.77801,0.0
2019-02-02,10,0,65,4.26,4.26,0.0,44.179511,0.0
2019-02-02,10,0,67,136.34,136.34,0.0,1414.908042,0.0
2019-02-02,10,0,68,13.18,13.18,0.0,135.877889,0.0
2019-02-02,10,0,69,0.92,0.92,0.0,9.553243,0.0
2019-02-02,10,0,74,3.02,3.02,0.0,31.275996,0.0
2019-02-02,10,0,77,38.69,38.69,0.0,396.781666,0.0
2019-02-02,10,0,78,29.25,29.25,0.0,299.970632,0.0
2019-02-02,10,0,79,16.93,16.93,0.0,173.624027,0.0
2019-02-02,10,0,80,27.37,27.37,0.0,280.690468,0.0
2019-02-02,10,0,81,35.79,35.79,0.0,367.040988,0.0
2019-02-02,10,0,82,25.25,25.25,0.0,258.949007,0.0
2019-02-02,10,0,83,56.3,56.3,0.0,577.37937,0.0
2019-02-02,10,0,84,0.0,0.0,0.0,0.0,0.0
2019-02-02,10,0,86,4.68,4.68,0.0,48.596931,0.0
2019-02-02,10,0,87,23.89,23.89,0.0,248.072794,0.0
2019-02-02,10,0,88,72.75,72.75,0.0,746.080802,0.0
2019-02-02,10,0,89,69.6,69.6,0.0,713.776272,0.0
2019-02-02,10,0,90,96.65,96.65,0.0,991.18501,0.0
2019-02-02,10,0,91,358.07,358.07,0.0,3672.153302,0.0
2019-02-02,10,0,92,126.87,126.87,0.0,1301.103386,0.0
2019-02-02,10,0,95,17.19,17.19,0.0,184.241275,0.0
2019-02-02,10,0,96,13.71,13.71,0.0,141.190525,0.0
2019-02-02,10,0,97,84.29,84.29,0.0,868.04882,0.0
2019-02-02,10,0,99,0.62,0.62,0.0,6.4209,0.0
2019-02-02,10,0,101,4.8,4.8,0.0,49.434421,0.0
2019-02-02,10,0,102,31.21,31.21,0.0,321.756368,0.0
2019-02-02,10,0,103,27.14,27.14,0.0,279.797111,0.0
2019-02-02,10,0,104,5.04,5.04,0.0,51.959375,0.0
2019-02-02,10,0,106,104.67,104.67,0.0,1078.027138,0.0
2019-02-02,10,0,109,55.12,55.12,0.0,569.873333,0.0
2019-02-02,10,0,110,282.87,282.87,0.0,2994.80893,0.0
2019-02-02,10,0,111,7.76,7.76,0.0,80.107056,0.0
2019-02-02,10,0,113,70.16,70.16,0.0,717.863674,0.0
2019-02-02,10,0,115,70.16,70.16,0.0,717.863674,0.0
2019-02-02,10,0,116,51.95,51.95,0.0,550.006448,0.0
2019-02-02,10,0,117,4.68,4.68,0.0,47.884863,0.0
2019-02-02,10,0,119,28.33,28.33,0.0,303.77801,0.0
2019-02-02,10,0,120,16.66,16.66,0.0,178.642487,0.0
2019-02-02,10,0,123,1.74,1.74,0.0,17.920772,0.0
2019-02-02,10,0,125,113.12,113.12,0.0,1165.056175,0.0
2019-02-02,10,0,126,78.5,78.5,0.0,808.494605,0.0
2019-02-02,10,0,127,100.75,100.75,0.0,1037.653904,0.0
2019-02-02,10,0,128,162.02,162.02,0.0,1668.691667,0.0
2019-02-02,10,0,131,19.93,19.93,0.0,205.102312,0.0
2019-02-02,10,0,132,32.16,32.16,0.0,330.962888,0.0
2019-02-02,10,0,133,1.66,1.66,0.0,17.216417,0.0
2019-02-02,10,0,134,0.0,0.0,0.0,0.0,0.0
2019-02-02,10,0,135,2.23,2.23,0.0,23.128079,0.0
2019-02-02,10,0,136,5.92,5.92,0.0,61.394836,0.0
2019-02-02,10,0,139,16.42,16.42,0.0,169.504878,0.0
2019-02-02,10,0,140,209.35,209.35,0.0,2216.435994,0.0
2019-02-02,10,0,141,145.12,145.12,0.0,1506.025049,0.0
2019-02-02,10,0,142,179.79,179.79,0.0,1865.823067,0.0
2019-02-02,10,0,143,15.81,15.81,0.0,162.824625,0.0
2019-02-02,10,0,145,15.57,15.57,0.0,160.583721,0.0
2019-02-02,10,0,146,268.0,268.0,0.0,2837.376863,0.0
2019-02-02,10,0,152,3.16,3.16,0.0,32.727754,0.0
2019-02-02,10,0,153,3.99,3.99,0.0,41.321378,0.0
2019-02-02,10,0,154,32.03,32.03,0.0,330.648067,0.0
2019-02-02,10,0,157,91.19,91.19,0.0,946.350773,0.0
2019-02-02,10,0,158,114.95,114.95,0.0,1192.92709,0.0
2019-02-02,10,0,159,0.0,0.0,0.0,0.0,0.0
2019-02-02,10,0,160,0.89,0.89,0.0,9.226565,0.0
2019-02-02,10,0,161,26.6,26.6,0.0,274.230035,0.0
2019-02-02,10,0,162,12.64,12.64,0.0,135.4777,0.0
2019-02-02,10,0,163,30.0,30.0,0.0,317.616813,0.0
2019-02-02,10,0,164,8.96,8.96,0.0,92.277587,0.0
2019-02-02,10,0,167,2.81,2.81,0.0,30.117775,0.0
2019-02-02,10,0,168,1.4,1.4,0.0,15.005297,0.0
2019-02-02,10,0,169,0.0,0.0,0.0,0.0,0.0
2019-02-02,10,0,170,3.07,3.07,0.0,32.904474,0.0
2019-02-02,10,0,172,3.57,3.57,0.0,38.149052,0.0
2019-02-02,10,0,173,5.45,5.45,0.0,58.238748,0.0
2019-02-02,10,0,188,4.62,4.62,0.0,49.456901,0.0
2019-02-02,10,0,190,4.14,4.14,0.0,44.392551,0.0
2019-02-02,10,0,191,10.71,10.71,0.0,114.841599,0.0
2019-02-02,10,0,192,28.82,28.82,0.0,309.032201,0.0
2019-02-02,10,0,194,34.92,34.92,0.0,354.748218,0.0
2019-02-02,10,0,196,2.52,2.52,0.0,26.892633,0.0
2019-02-02,10,0,198,3.11,3.11,0.0,32.30121,0.0
2019-02-02,10,0,199,4.57,4.57,0.0,47.34221,0.0
2019-02-02,10,0,200,7.47,7.47,0.0,77.384313,0.0
2019-02-02,10,0,204,77.32,77.32,0.0,799.254963,0.0
2019-02-02,10,0,205,325.54,325.54,0.0,3365.685139,0.0
2019-02-02,10,0,206,247.69,247.69,0.0,2550.800951,0.0
2019-02-02,10,0,210,0.76,0.76,0.0,7.903836,0.0
2019-02-02,10,0,214,3.56,3.56,0.0,36.993574,0.0
2019-02-02,10,0,217,2.65,2.65,0.0,27.547319,0.0
2019-02-02,10,0,218,3.65,3.65,0.0,37.942533,0.0
2019-02-02,10,0,219,2.49,2.49,0.0,25.884084,0.0
2019-02-02,10,0,221,1.9,1.9,0.0,19.743762,0.0
2019-02-02,10,0,225,2.03,2.03,0.0,21.105825,0.0
2019-02-02,10,0,233,2.65,2.65,0.0,27.517493,0.0
2019-02-02,10,0,236,0.0,0.0,0.0,0.0,0.0
2019-02-02,10,0,237,7.06,7.06,0.0,73.115409,0.0
2019-02-02,10,0,238,27.07,27.07,0.0,280.676398,0.0
2019-02-02,10,0,240,5.11,5.11,0.0,52.899061,0.0
2019-02-02,10,0,245,2.2,2.2,0.0,22.820961,0.0
2019-02-02,10,0,247,3.66,3.66,0.0,37.96578,0.0
2019-02-02,10,0,248,0.77,0.77,0.0,7.974343,0.0
2019-02-02,10,0,249,4.23,4.23,0.0,43.878484,0.0
2019-02-02,10,0,251,34.64,34.64,0.0,359.214707,0.0
2019-02-02,10,0,252,27.47,27.47,0.0,284.885254,0.0
2019-02-02,10,0,254,4.84,4.84,0.0,50.134729,0.0
2019-02-02,10,0,255,2.22,2.22,0.0,22.995682,0.0
2019-02-02,10,0,258,6.21,6.21,0.0,64.289842,0.0
2019-02-02,10,0,260,2.17,2.17,0.0,22.49623,0.0
2019-02-02,10,0,265,33.16,33.16,0.0,342.313141,0.0
2019-02-02,10,0,266,10.63,10.63,0.0,109.734279,0.0
2019-02-02,10,0,267,13.06,13.06,0.0,134.819349,0.0
2019-02-02,10,0,270,93.65,93.65,0.0,991.493818,0.0
2019-02-02,10,0,272,234.47,234.47,0.0,2399.052105,0.0
2019-02-02,10,0,273,12.42,12.42,0.0,131.493361,0.0
2019-02-02,10,0,274,120.72,120.72,0.0,1278.090056,0.0
2019-02-02,10,0,275,168.04,168.04,0.0,1779.077642,0.0
2019-02-02,10,0,276,2.79,2.79,0.0,29.407896,0.0
2019-02-02,10,0,277,3.09,3.09,0.0,31.645522,0.0
2019-02-02,10,0,278,4.94,4.94,0.0,50.591869,0.0
2019-02-02,10,0,279,111.43,111.43,0.0,1141.184618,0.0
2019-02-02,10,0,281,3.79,3.79,0.0,39.032595,0.0
2019-02-02,10,0,282,130.77,130.77,0.0,1346.779018,0.0
2019-02-02,11,0,9,2.14,2.14,0.0,-0.424174,0.0
2019-02-02,11,0,17,26.04,26.04,0.0,193.136332,0.0
2019-02-02,11,0,19,17.33,17.33,0.0,128.535047,0.0
2019-02-02,11,0,20,21.02,21.02,0.0,155.903445,0.0
2019-02-02,11,0,21,49.04,49.04,0.0,-9.720317,0.0
2019-02-02,11,0,22,174.27,174.27,0.0,-34.542406,0.0
2019-02-02,11,0,23,48.85,48.85,0.0,-9.682656,0.0
2019-02-02,11,0,24,86.4,86.4,0.0,-17.125517,0.0
2019-02-02,11,0,29,3.47,3.47,0.0,21.533328,0.0
2019-02-02,11,0,30,395.52,395.52,0.0,-96.408544,0.0
2019-02-02,11,0,31,8.61,8.61,0.0,-2.098699,0.0
2019-02-02,11,0,32,3.81,3.81,0.0,166.165422,0.0
2019-02-02,11,0,33,1.49,1.49,0.0,13.262299,0.0
2019-02-02,11,0,34,2.39,2.39,0.0,21.273083,0.0
2019-02-02,11,0,35,2.39,2.39,0.0,21.273083,0.0
2019-02-02,11,0,36,7.25,7.25,0.0,36.208851,0.0
2019-02-02,11,0,37,3.48,3.48,0.0,17.204352,0.0
2019-02-02,11,0,38,4.47,4.47,0.0,22.098694,0.0
2019-02-02,11,0,39,2.98,2.98,0.0,14.732462,0.0
2019-02-02,11,0,40,2.98,2.98,0.0,14.732462,0.0
2019-02-02,11,0,41,14.44,14.44,0.0,31.876162,0.0
2019-02-02,11,0,42,33.76,33.76,0.0,239.535266,0.0
2019-02-02,11,0,43,20.81,20.81,0.0,108.515227,0.0
2019-02-02,11,0,46,14.22,14.22,0.0,63.086485,0.0
2019-02-02,11,0,52,9.15,9.15,0.0,-2.230325,0.0
2019-02-02,11,0,53,14.91,14.91,0.0,-3.634333,0.0
2019-02-02,11,0,55,143.6,143.6,0.0,-28.463244,0.0
2019-02-02,11,0,56,116.67,116.67,0.0,-28.438473,0.0
2019-02-02,11,0,57,110.97,110.97,0.0,-27.04909,0.0
2019-02-02,11,0,58,213.41,213.41,0.0,-52.018981,0.0
2019-02-02,11,0,59,209.86,209.86,0.0,-51.153663,0.0
2019-02-02,11,0,63,35.37,35.37,0.0,3991.098758,0.0
2019-02-02,11,0,64,41.61,41.61,0.0,4695.211177,0.0
2019-02-02,11,0,65,4.9,4.9,0.0,36.050062,0.0
2019-02-02,11,0,67,226.49,226.49,0.0,-125971.5422,0.0
2019-02-02,11,0,68,18.74,18.74,0.0,-7707.091868,0.0
2019-02-02,11,0,69,1.49,1.49,0.0,13.262299,0.0
2019-02-02,11,0,74,6.49,6.49,0.0,36.901802,0.0
2019-02-02,11,0,77,47.55,47.55,0.0,-13804.372588,0.0
2019-02-02,11,0,78,35.95,35.95,0.0,-10436.744365,0.0
2019-02-02,11,0,79,20.8,20.8,0.0,-6038.50578,0.0
2019-02-02,11,0,80,33.64,33.64,0.0,-9766.121848,0.0
2019-02-02,11,0,81,43.98,43.98,0.0,-12767.955971,0.0
2019-02-02,11,0,82,31.02,31.02,0.0,-9005.50237,0.0
2019-02-02,11,0,83,69.18,69.18,0.0,-20083.837973,0.0
2019-02-02,11,0,84,0.0,0.0,0.0,0.0,0.0
2019-02-02,11,0,86,7.56,7.56,0.0,67.29059,0.0
2019-02-02,11,0,87,38.61,38.61,0.0,343.662657,0.0
2019-02-02,11,0,88,42.48,42.48,0.0,-12332.486804,0.0
2019-02-02,11,0,89,40.84,40.84,0.0,-11856.373848,0.0
2019-02-02,11,0,90,54.83,54.83,0.0,-15917.849611,0.0
2019-02-02,11,0,91,195.59,195.59,0.0,-56782.276224,0.0
2019-02-02,11,0,92,70.34,70.34,0.0,-20420.600796,0.0
2019-02-02,11,0,95,38.93,38.93,0.0,757.024208,0.0
2019-02-02,11,0,96,19.43,19.43,0.0,-5.660824,0.0
2019-02-02,11,0,97,142.76,142.76,0.0,-41.59234,0.0
2019-02-02,11,0,99,1.39,1.39,0.0,7.903468,0.0
2019-02-02,11,0,101,7.97,7.97,0.0,-1.942698,0.0
2019-02-02,11,0,102,44.37,44.37,0.0,-18247.794353,0.0
2019-02-02,11,0,103,38.58,38.58,0.0,-15866.5744,0.0
2019-02-02,11,0,104,7.16,7.16,0.0,-2944.651962,0.0
2019-02-02,11,0,106,171.55,171.55,0.0,-34.00327,0.0
2019-02-02,11,0,109,31.68,31.68,0.0,117.644321,0.0
2019-02-02,11,0,110,338.6,338.6,0.0,-338600.0,0.0
2019-02-02,11,0,111,12.42,12.42,0.0,27.417031,0.0
2019-02-02,11,0,113,50.58,50.58,0.0,-13240.337902,0.0
2019-02-02,11,0,115,50.58,50.58,0.0,-13240.337902,0.0
2019-02-02,11,0,116,83.55,83.55,0.0,-83550.0,0.0
2019-02-02,11,0,117,3.4,3.4,0.0,-890.01876,0.0
2019-02-02,11,0,119,41.61,41.61,0.0,4695.211177,0.0
2019-02-02,11,0,120,24.47,24.47,0.0,2761.158796,0.0
2019-02-02,11,0,123,2.86,2.86,0.0,-0.566886,0.0
2019-02-02,11,0,125,78.19,78.19,0.0,-15.498197,0.0
2019-02-02,11,0,126,128.67,128.67,0.0,-25.503939,0.0
2019-02-02,11,0,127,165.12,165.12,0.0,-32.728766,0.0
2019-02-02,11,0,128,111.97,111.97,0.0,-22.193798,0.0
2019-02-02,11,0,131,20.03,20.03,0.0,-7462.355819,0.0
2019-02-02,11,0,132,29.44,29.44,0.0,-10968.135563,0.0
2019-02-02,11,0,133,3.32,3.32,0.0,24.642831,0.0
2019-02-02,11,0,134,0.0,0.0,0.0,0.0,0.0
2019-02-02,11,0,135,4.45,4.45,0.0,33.030301,0.0
2019-02-02,11,0,136,5.56,5.56,0.0,40.887546,0.0
2019-02-02,11,0,139,18.65,18.65,0.0,41.169697,0.0
2019-02-02,11,0,140,250.6,250.6,0.0,-250600.0,0.0
2019-02-02,11,0,141,188.14,188.14,0.0,-104641.644,0.0
2019-02-02,11,0,142,298.68,298.68,0.0,-166122.920325,0.0
2019-02-02,11,0,143,11.89,11.89,0.0,-2.898204,0.0
2019-02-02,11,0,145,34.31,34.31,0.0,42.055714,0.0
2019-02-02,11,0,146,268.0,268.0,0.0,-268000.0,0.0
2019-02-02,11,0,152,5.23,5.23,0.0,29.887532,0.0
2019-02-02,11,0,153,6.67,6.67,0.0,37.602883,0.0
2019-02-02,11,0,154,51.24,51.24,0.0,113.11181,0.0
2019-02-02,11,0,157,133.31,133.31,0.0,-74145.729572,0.0
2019-02-02,11,0,158,202.98,202.98,0.0,-112895.508128,0.0
2019-02-02,11,0,159,0.0,0.0,0.0,0.0,0.0
2019-02-02,11,0,160,1.46,1.46,0.0,8.932304,0.0
2019-02-02,11,0,161,43.25,43.25,0.0,-17787.178404,0.0
2019-02-02,11,0,162,54.15,54.15,0.0,1095.735893,0.0
2019-02-02,11,0,163,83.44,83.44,0.0,-83440.0,0.0
2019-02-02,11,0,164,15.24,15.24,0.0,-3.714771,0.0
2019-02-02,11,0,167,4.43,4.43,0.0,72.31388,0.0
2019-02-02,11,0,168,2.22,2.22,0.0,36.238558,0.0
2019-02-02,11,0,169,0.0,0.0,0.0,0.0,0.0
2019-02-02,11,0,170,4.85,4.85,0.0,79.169823,0.0
2019-02-02,11,0,172,5.67,5.67,0.0,83.482218,0.0
2019-02-02,11,0,173,8.64,8.64,0.0,127.211,0.0
2019-02-02,11,0,188,7.43,7.43,0.0,178.39753,0.0
2019-02-02,11,0,190,6.62,6.62,0.0,214.670428,0.0
2019-02-02,11,0,191,17.11,17.11,0.0,554.835502,0.0
2019-02-02,11,0,192,75.38,75.38,0.0,2444.389256,0.0
2019-02-02,11,0,194,41.17,41.17,0.0,-5239.411274,0.0
2019-02-02,11,0,196,4.06,4.06,0.0,1079.941783,0.0
2019-02-02,11,0,198,5.12,5.12,0.0,38.063354,0.0
2019-02-02,11,0,199,15.59,15.59,0.0,-442.426214,0.0
2019-02-02,11,0,200,12.13,12.13,0.0,-344.235405,0.0
2019-02-02,11,0,204,95.56,95.56,0.0,336.248175,0.0
2019-02-02,11,0,205,207.14,207.14,0.0,769.21858,0.0
2019-02-02,11,0,206,545.69,545.69,0.0,-158.983778,0.0
2019-02-02,11,0,210,1.16,1.16,0.0,7.667739,0.0
2019-02-02,11,0,214,5.71,5.71,0.0,55.840187,0.0
2019-02-02,11,0,217,4.2,4.2,0.0,35.306979,0.0
2019-02-02,11,0,218,5.79,5.79,0.0,48.673192,0.0
2019-02-02,11,0,219,3.95,3.95,0.0,33.205373,0.0
2019-02-02,11,0,221,3.04,3.04,0.0,29.729277,0.0
2019-02-02,11,0,225,3.19,3.19,0.0,19.671139,0.0
2019-02-02,11,0,233,4.28,4.28,0.0,38.095731,0.0
2019-02-02,11,0,236,7.26,7.26,0.0,47.899206,0.0
2019-02-02,11,0,237,14.48,14.48,0.0,82.332527,0.0
2019-02-02,11,0,238,43.95,43.95,0.0,311.83575,0.0
2019-02-02,11,0,240,8.21,8.21,0.0,41.003403,0.0
2019-02-02,11,0,245,5.58,5.58,0.0,42.612472,0.0
2019-02-02,11,0,247,8.72,8.72,0.0,66.591533,0.0
2019-02-02,11,0,248,1.72,1.72,0.0,9.779831,0.0
2019-02-02,11,0,249,10.73,10.73,0.0,81.941186,0.0
2019-02-02,11,0,251,46.21,46.21,0.0,335.440658,0.0
2019-02-02,11,0,252,31.58,31.58,0.0,232.338974,0.0
2019-02-02,11,0,254,8.1,8.1,0.0,44.074349,0.0
2019-02-02,11,0,255,3.71,3.71,0.0,20.18714,0.0
2019-02-02,11,0,258,9.93,9.93,0.0,49.946867,0.0
2019-02-02,11,0,260,3.55,3.55,0.0,21.718959,0.0
2019-02-02,11,0,265,53.05,53.05,0.0,117.107367,0.0
2019-02-02,11,0,266,12.08,12.08,0.0,26.666484,0.0
2019-02-02,11,0,267,14.84,14.84,0.0,32.759158,0.0
2019-02-02,11,0,270,282.26,282.26,0.0,-282260.0,0.0
2019-02-02,11,0,272,168.9,168.9,0.0,-44212.99074,0.0
2019-02-02,11,0,273,19.98,19.98,0.0,-19980.0,0.0
2019-02-02,11,0,274,368.61,368.61,0.0,-368610.0,0.0
2019-02-02,11,0,275,520.08,520.08,0.0,-520080.0,0.0
2019-02-02,11,0,276,4.51,4.51,0.0,-4063.089051,0.0
2019-02-02,11,0,277,5.0,5.0,0.0,-1366.066971,0.0
2019-02-02,11,0,278,8.0,8.0,0.0,-2185.707153,0.0
2019-02-02,11,0,279,150.99,150.99,0.0,-41252.490379,0.0
2019-02-02,11,0,281,3.75,3.75,0.0,-0.914068,0.0
2019-02-02,11,0,282,216.97,216.97,0.0,-52.886736,0.0
2019-02-02,12,0,9,2.98,2.98,0.0,21.696632,0.0
2019-02-02,12,0,17,33.56,33.56,0.0,327.248984,0.0
2019-02-02,12,0,19,23.09,23.09,0.0,225.154322,0.0
2019-02-02,12,0,20,28.0,28.0,0.0,273.032525,0.0
2019-02-02,12,0,21,68.03,68.03,0.0,495.309353,0.0
2019-02-02,12,0,22,241.78,241.78,0.0,1760.339488,0.0
2019-02-02,12,0,23,45.66,45.66,0.0,332.438998,0.0
2019-02-02,12,0,24,76.45,76.45,0.0,556.613259,0.0
2019-02-02,12,0,29,4.44,4.44,0.0,16.763493,0.0
2019-02-02,12,0,30,549.34,549.34,0.0,3991.525405,0.0
2019-02-02,12,0,31,10.66,10.66,0.0,77.455967,0.0
2019-02-02,12,0,32,5.07,5.07,0.0,202.648426,0.0
2019-02-02,12,0,33,2.03,2.03,0.0,20.778748,0.0
2019-02-02,12,0,34,3.24,3.24,0.0,33.164109,0.0
2019-02-02,12,0,35,3.24,3.24,0.0,33.164109,0.0
2019-02-02,12,0,36,10.09,10.09,0.0,90.370059,0.0
2019-02-02,12,0,37,4.8,4.8,0.0,42.908739,0.0
2019-02-02,12,0,38,6.18,6.18,0.0,55.245002,0.0
2019-02-02,12,0,39,4.12,4.12,0.0,36.830001,0.0
2019-02-02,12,0,40,4.12,4.12,0.0,36.830001,0.0
2019-02-02,12,0,41,16.57,16.57,0.0,133.532455,0.0
2019-02-02,12,0,42,44.69,44.69,0.0,431.084261,0.0
2019-02-02,12,0,43,29.25,29.25,0.0,263.965039,0.0
2019-02-02,12,0,46,19.28,19.28,0.0,169.178914,0.0
2019-02-02,12,0,52,11.3,11.3,0.0,82.106231,0.0
2019-02-02,12,0,53,17.94,17.94,0.0,130.352725,0.0
2019-02-02,12,0,55,231.3,231.3,0.0,1684.037238,0.0
2019-02-02,12,0,56,162.03,162.03,0.0,1177.316164,0.0
2019-02-02,12,0,57,154.13,154.13,0.0,1119.914462,0.0
2019-02-02,12,0,58,296.4,296.4,0.0,2153.653712,0.0
2019-02-02,12,0,59,291.46,291.46,0.0,2117.759483,0.0
2019-02-02,12,0,63,49.83,49.83,0.0,5396.499449,0.0
2019-02-02,12,0,64,58.62,58.62,0.0,6348.440653,0.0
2019-02-02,12,0,65,6.48,6.48,0.0,63.061062,0.0
2019-02-02,12,0,67,314.76,314.76,0.0,-176368.127438,0.0
2019-02-02,12,0,68,26.39,26.39,0.0,-10998.03491,0.0
2019-02-02,12,0,69,2.03,2.03,0.0,20.778748,0.0
2019-02-02,12,0,74,21.39,21.39,0.0,196.495701,0.0
2019-02-02,12,0,77,59.83,59.83,0.0,-17776.779216,0.0
2019-02-02,12,0,78,45.23,45.23,0.0,-13438.805347,0.0
2019-02-02,12,0,79,26.18,26.18,0.0,-7778.640813,0.0
2019-02-02,12,0,80,42.33,42.33,0.0,-12577.153003,0.0
2019-02-02,12,0,81,55.35,55.35,0.0,-16445.674905,0.0
2019-02-02,12,0,82,39.04,39.04,0.0,-11599.623276,0.0
2019-02-02,12,0,83,87.06,87.06,0.0,-25867.397602,0.0
2019-02-02,12,0,84,0.0,0.0,0.0,0.0,0.0
2019-02-02,12,0,86,10.26,10.26,0.0,105.01968,0.0
2019-02-02,12,0,87,52.4,52.4,0.0,536.357818,0.0
2019-02-02,12,0,88,51.18,51.18,0.0,-15206.678259,0.0
2019-02-02,12,0,89,49.2,49.2,0.0,-14618.377694,0.0
2019-02-02,12,0,90,66.06,66.06,0.0,-19627.846147,0.0
2019-02-02,12,0,91,235.65,235.65,0.0,-70016.680965,0.0
2019-02-02,12,0,92,84.75,84.75,0.0,-25181.046942,0.0
2019-02-02,12,0,95,87.48,87.48,0.0,1701.116817,0.0
2019-02-02,12,0,96,24.32,24.32,0.0,176.336146,0.0
2019-02-02,12,0,97,149.51,149.51,0.0,1084.046762,0.0
2019-02-02,12,0,99,4.13,4.13,0.0,37.939563,0.0
2019-02-02,12,0,101,11.07,11.07,0.0,80.435042,0.0
2019-02-02,12,0,102,62.47,62.47,0.0,-26034.378206,0.0
2019-02-02,12,0,103,54.32,54.32,0.0,-22637.864961,0.0
2019-02-02,12,0,104,10.09,10.09,0.0,-4205.008422,0.0
2019-02-02,12,0,106,238.01,238.01,0.0,1732.891064,0.0
2019-02-02,12,0,109,26.99,26.99,0.0,230.595457,0.0
2019-02-02,12,0,110,338.6,338.6,0.0,-338600.0,0.0
2019-02-02,12,0,111,17.23,17.23,0.0,138.851189,0.0
2019-02-02,12,0,113,35.55,35.55,0.0,-9534.571137,0.0
2019-02-02,12,0,115,35.55,35.55,0.0,-9534.571137,0.0
2019-02-02,12,0,116,111.82,111.82,0.0,-111820.0,0.0
2019-02-02,12,0,117,2.37,2.37,0.0,-635.638076,0.0
2019-02-02,12,0,119,58.62,58.62,0.0,6348.440653,0.0
2019-02-02,12,0,120,34.47,34.47,0.0,3733.039053,0.0
2019-02-02,12,0,123,3.97,3.97,0.0,28.904573,0.0
2019-02-02,12,0,125,69.95,69.95,0.0,509.288391,0.0
2019-02-02,12,0,126,178.51,178.51,0.0,1299.6865,0.0
2019-02-02,12,0,127,229.09,229.09,0.0,1667.946783,0.0
2019-02-02,12,0,128,95.89,95.89,0.0,698.151019,0.0
2019-02-02,12,0,131,27.08,27.08,0.0,-10247.219854,0.0
2019-02-02,12,0,132,39.8,39.8,0.0,-15060.537305,0.0
2019-02-02,12,0,133,6.07,6.07,0.0,59.200712,0.0
2019-02-02,12,0,134,0.0,0.0,0.0,0.0,0.0
2019-02-02,12,0,135,8.13,8.13,0.0,79.291893,0.0
2019-02-02,12,0,136,5.61,5.61,0.0,54.58852,0.0
2019-02-02,12,0,139,21.4,21.4,0.0,172.455917,0.0
2019-02-02,12,0,140,250.6,250.6,0.0,-250600.0,0.0
2019-02-02,12,0,141,230.0,230.0,0.0,-128874.918384,0.0
2019-02-02,12,0,142,415.09,415.09,0.0,-232585.60814,0.0
2019-02-02,12,0,143,11.75,11.75,0.0,85.375948,0.0
2019-02-02,12,0,145,24.12,24.12,0.0,186.701315,0.0
2019-02-02,12,0,146,268.0,268.0,0.0,-268000.0,0.0
2019-02-02,12,0,152,7.3,7.3,0.0,67.122509,0.0
2019-02-02,12,0,153,9.26,9.26,0.0,84.911312,0.0
2019-02-02,12,0,154,71.09,71.09,0.0,572.892109,0.0
2019-02-02,12,0,157,187.37,187.37,0.0,-104988.232425,0.0
2019-02-02,12,0,158,290.69,290.69,0.0,-162881.087066,0.0
2019-02-02,12,0,159,0.0,0.0,0.0,0.0,0.0
2019-02-02,12,0,160,2.04,2.04,0.0,18.993922,0.0
2019-02-02,12,0,161,60.18,60.18,0.0,-25080.020497,0.0
2019-02-02,12,0,162,107.23,107.23,0.0,2166.714338,0.0
2019-02-02,12,0,163,161.02,161.02,0.0,-161020.0,0.0
2019-02-02,12,0,164,21.85,21.85,0.0,158.762934,0.0
2019-02-02,12,0,167,5.83,5.83,0.0,96.135274,0.0
2019-02-02,12,0,168,2.91,2.91,0.0,47.985188,0.0
2019-02-02,12,0,169,0.0,0.0,0.0,0.0,0.0
2019-02-02,12,0,170,6.38,6.38,0.0,105.20464,0.0
2019-02-02,12,0,172,7.53,7.53,0.0,117.23737,0.0
2019-02-02,12,0,173,11.47,11.47,0.0,178.580695,0.0
2019-02-02,12,0,188,9.9,9.9,0.0,216.363857,0.0
2019-02-02,12,0,190,8.89,8.89,0.0,288.280983,0.0
2019-02-02,12,0,191,22.95,22.95,0.0,744.212436,0.0
2019-02-02,12,0,192,172.26,172.26,0.0,5585.970989,0.0
2019-02-02,12,0,194,48.18,48.18,0.0,-6472.866668,0.0
2019-02-02,12,0,196,5.49,5.49,0.0,1425.521985,0.0
2019-02-02,12,0,198,6.82,6.82,0.0,66.298718,0.0
2019-02-02,12,0,199,62.07,62.07,0.0,-4261.942382,0.0
2019-02-02,12,0,200,16.16,16.16,0.0,-1109.601883,0.0
2019-02-02,12,0,204,118.33,118.33,0.0,1003.49045,0.0
2019-02-02,12,0,205,142.77,142.77,0.0,1219.789306,0.0
2019-02-02,12,0,206,439.33,439.33,0.0,3185.434179,0.0
2019-02-02,12,0,210,1.46,1.46,0.0,4.498067,0.0
2019-02-02,12,0,214,7.37,7.37,0.0,77.552882,0.0
2019-02-02,12,0,217,5.3,5.3,0.0,41.607514,0.0
2019-02-02,12,0,218,7.32,7.32,0.0,57.465472,0.0
2019-02-02,12,0,219,4.98,4.98,0.0,39.095362,0.0
2019-02-02,12,0,221,3.93,3.93,0.0,41.354522,0.0
2019-02-02,12,0,225,3.95,3.95,0.0,15.178469,0.0
2019-02-02,12,0,233,5.81,5.81,0.0,59.470208,0.0
2019-02-02,12,0,236,19.98,19.98,0.0,189.480655,0.0
2019-02-02,12,0,237,51.32,51.32,0.0,471.4427,0.0
2019-02-02,12,0,238,58.17,58.17,0.0,561.113704,0.0
2019-02-02,12,0,240,11.43,11.43,0.0,102.371633,0.0
2019-02-02,12,0,245,12.72,12.72,0.0,124.947651,0.0
2019-02-02,12,0,247,21.87,21.87,0.0,214.827448,0.0
2019-02-02,12,0,248,5.15,5.15,0.0,47.309624,0.0
2019-02-02,12,0,249,24.46,24.46,0.0,240.268833,0.0
2019-02-02,12,0,251,69.41,69.41,0.0,673.249441,0.0
2019-02-02,12,0,252,41.79,41.79,0.0,406.68546,0.0
2019-02-02,12,0,254,11.07,11.07,0.0,100.695916,0.0
2019-02-02,12,0,255,5.07,5.07,0.0,46.118184,0.0
2019-02-02,12,0,258,13.9,13.9,0.0,124.646701,0.0
2019-02-02,12,0,260,4.95,4.95,0.0,46.088194,0.0
2019-02-02,12,0,265,73.6,73.6,0.0,593.119415,0.0
2019-02-02,12,0,266,13.86,13.86,0.0,111.693412,0.0
2019-02-02,12,0,267,17.03,17.03,0.0,137.239452,0.0
2019-02-02,12,0,270,502.86,502.86,0.0,-502860.0,0.0
2019-02-02,12,0,272,118.79,118.79,0.0,-31859.68229,0.0
2019-02-02,12,0,273,26.74,26.74,0.0,-26740.0,0.0
2019-02-02,12,0,274,648.25,648.25,0.0,-648250.0,0.0
2019-02-02,12,0,275,902.37,902.37,0.0,-902370.0,0.0
2019-02-02,12,0,276,6.11,6.11,0.0,-5510.181402,0.0
2019-02-02,12,0,277,6.66,6.66,0.0,-1863.442196,0.0
2019-02-02,12,0,278,10.65,10.65,0.0,-2979.828736,0.0
2019-02-02,12,0,279,205.97,205.97,0.0,-57629.607967,0.0
2019-02-02,12,0,281,4.78,4.78,0.0,34.731662,0.0
2019-02-02,12,0,282,301.34,301.34,0.0,2189.547941,0.0
2019-02-02,13,0,9,3.58,3.58,0.0,-1405.58471,0.0
2019-02-02,13,0,17,44.94,44.94,0.0,311.411707,0.0
2019-02-02,13,0,19,30.11,30.11,0.0,208.647229,0.0
2019-02-02,13,0,20,36.51,36.51,0.0,252.996026,0.0
2019-02-02,13,0,21,81.96,81.96,0.0,-32179.252186,0.0
2019-02-02,13,0,22,291.28,291.28,0.0,-114362.769358,0.0
2019-02-02,13,0,23,90.35,90.35,0.0,-35473.345961,0.0
2019-02-02,13,0,24,157.79,157.79,0.0,-61951.735021,0.0
2019-02-02,13,0,29,4.86,4.86,0.0,19.137616,0.0
2019-02-02,13,0,30,664.46,664.46,0.0,-664460.0,0.0
2019-02-02,13,0,31,15.55,15.55,0.0,-15550.0,0.0
2019-02-02,13,0,32,4.28,4.28,0.0,161.769763,0.0
2019-02-02,13,0,33,2.29,2.29,0.0,25.371795,0.0
2019-02-02,13,0,34,3.66,3.66,0.0,40.550554,0.0
2019-02-02,13,0,35,3.66,3.66,0.0,40.550554,0.0
2019-02-02,13,0,36,12.87,12.87,0.0,12.679908,0.0
2019-02-02,13,0,37,5.92,5.92,0.0,5.964007,0.0
2019-02-02,13,0,38,7.61,7.61,0.0,7.66657,0.0
2019-02-02,13,0,39,5.08,5.08,0.0,5.117763,0.0
2019-02-02,13,0,40,5.08,5.08,0.0,5.117763,0.0
2019-02-02,13,0,41,18.92,18.92,0.0,-259.3941,0.0
2019-02-02,13,0,42,57.73,57.73,0.0,348.108984,0.0
2019-02-02,13,0,43,37.72,37.72,0.0,73.441863,0.0
2019-02-02,13,0,46,22.5,22.5,0.0,1.77272,0.0
2019-02-02,13,0,52,16.48,16.48,0.0,-16480.0,0.0
2019-02-02,13,0,53,26.18,26.18,0.0,-26180.0,0.0
2019-02-02,13,0,55,286.54,286.54,0.0,-112501.743793,0.0
2019-02-02,13,0,56,195.99,195.99,0.0,-195990.0,0.0
2019-02-02,13,0,57,186.43,186.43,0.0,-186430.0,0.0
2019-02-02,13,0,58,358.52,358.52,0.0,-358520.0,0.0
2019-02-02,13,0,59,352.54,352.54,0.0,-352540.0,0.0
2019-02-02,13,0,63,51.0,51.0,0.0,5430.617647,0.0
2019-02-02,13,0,64,60.0,60.0,0.0,6388.961937,0.0
2019-02-02,13,0,65,9.25,9.25,0.0,62.552175,0.0
2019-02-02,13,0,67,382.68,382.68,0.0,-213780.67833,0.0
2019-02-02,13,0,68,34.0,34.0,0.0,-14093.510119,0.0
2019-02-02,13,0,69,2.29,2.29,0.0,25.371795,0.0
2019-02-02,13,0,74,45.5,45.5,0.0,79.022774,0.0
2019-02-02,13,0,77,60.0,60.0,0.0,-17620.681552,0.0
2019-02-02,13,0,78,45.36,45.36,0.0,-13321.235253,0.0
2019-02-02,13,0,79,26.25,26.25,0.0,-7709.048179,0.0
2019-02-02,13,0,80,42.45,42.45,0.0,-12466.632198,0.0
2019-02-02,13,0,81,55.5,55.5,0.0,-16299.130436,0.0
2019-02-02,13,0,82,39.15,39.15,0.0,-11497.494713,0.0
2019-02-02,13,0,83,87.3,87.3,0.0,-25638.091658,0.0
2019-02-02,13,0,84,0.0,0.0,0.0,0.0,0.0
2019-02-02,13,0,86,11.59,11.59,0.0,128.410087,0.0
2019-02-02,13,0,87,59.19,59.19,0.0,655.788876,0.0
2019-02-02,13,0,88,51.18,51.18,0.0,-15030.441364,0.0
2019-02-02,13,0,89,49.2,49.2,0.0,-14448.958873,0.0
2019-02-02,13,0,90,66.06,66.06,0.0,-19400.370389,0.0
2019-02-02,13,0,91,235.65,235.65,0.0,-69205.226796,0.0
2019-02-02,13,0,92,84.75,84.75,0.0,-24889.212692,0.0
2019-02-02,13,0,95,120.0,120.0,0.0,1977.002113,0.0
2019-02-02,13,0,96,29.88,29.88,0.0,1079.527925,0.0
2019-02-02,13,0,97,183.75,183.75,0.0,6638.663196,0.0
2019-02-02,13,0,99,8.78,8.78,0.0,15.24879,0.0
2019-02-02,13,0,101,13.38,13.38,0.0,-13380.0,0.0
2019-02-02,13,0,102,80.5,80.5,0.0,-33368.457782,0.0
2019-02-02,13,0,103,70.0,70.0,0.0,-29016.050245,0.0
2019-02-02,13,0,104,13.0,13.0,0.0,-5388.695046,0.0
2019-02-02,13,0,106,286.74,286.74,0.0,-112580.268078,0.0
2019-02-02,13,0,109,32.05,32.05,0.0,-57.399037,0.0
2019-02-02,13,0,110,338.6,338.6,0.0,-338600.0,0.0
2019-02-02,13,0,111,21.8,21.8,0.0,-298.879037,0.0
2019-02-02,13,0,113,45.0,45.0,0.0,-12019.969091,0.0
2019-02-02,13,0,115,45.0,45.0,0.0,-12019.969091,0.0
2019-02-02,13,0,116,135.18,135.18,0.0,-135180.0,0.0
2019-02-02,13,0,117,3.0,3.0,0.0,-801.331273,0.0
2019-02-02,13,0,119,60.0,60.0,0.0,6388.961937,0.0
2019-02-02,13,0,120,35.28,35.28,0.0,3756.709619,0.0
2019-02-02,13,0,123,4.78,4.78,0.0,-1876.730423,0.0
2019-02-02,13,0,125,143.27,143.27,0.0,-56250.871896,0.0
2019-02-02,13,0,126,215.05,215.05,0.0,-84433.237951,0.0
2019-02-02,13,0,127,275.99,275.99,0.0,-108359.587734,0.0
2019-02-02,13,0,128,202.25,202.25,0.0,-79407.683681,0.0
2019-02-02,13,0,131,30.0,30.0,0.0,-11280.702917,0.0
2019-02-02,13,0,132,44.1,44.1,0.0,-16582.633288,0.0
2019-02-02,13,0,133,10.18,10.18,0.0,70.702574,0.0
2019-02-02,13,0,134,0.0,0.0,0.0,0.0,0.0
2019-02-02,13,0,135,13.65,13.65,0.0,94.802568,0.0
2019-02-02,13,0,136,6.14,6.14,0.0,41.464794,0.0
2019-02-02,13,0,139,24.44,24.44,0.0,-335.073563,0.0
2019-02-02,13,0,140,250.6,250.6,0.0,-250600.0,0.0
2019-02-02,13,0,141,230.0,230.0,0.0,-128487.394209,0.0
2019-02-02,13,0,142,504.66,504.66,0.0,-281923.688529,0.0
2019-02-02,13,0,143,15.34,15.34,0.0,-15340.0,0.0
2019-02-02,13,0,145,53.45,53.45,0.0,-368.950626,0.0
2019-02-02,13,0,146,268.0,268.0,0.0,-268000.0,0.0
2019-02-02,13,0,152,9.45,9.45,0.0,22.541305,0.0
2019-02-02,13,0,153,11.73,11.73,0.0,25.619083,0.0
2019-02-02,13,0,154,89.91,89.91,0.0,-1232.670377,0.0
2019-02-02,13,0,157,250.0,250.0,0.0,-139660.211097,0.0
2019-02-02,13,0,158,367.66,367.66,0.0,-205389.892848,0.0
2019-02-02,13,0,159,0.0,0.0,0.0,0.0,0.0
2019-02-02,13,0,160,2.46,2.46,0.0,11.561813,0.0
2019-02-02,13,0,161,71.67,71.67,0.0,-29708.290301,0.0
2019-02-02,13,0,162,162.5,162.5,0.0,2802.329362,0.0
2019-02-02,13,0,163,104.55,104.55,0.0,-104550.0,0.0
2019-02-02,13,0,164,26.16,26.16,0.0,-26160.0,0.0
2019-02-02,13,0,167,4.95,4.95,0.0,66.726856,0.0
2019-02-02,13,0,168,2.48,2.48,0.0,33.430829,0.0
2019-02-02,13,0,169,0.0,0.0,0.0,0.0,0.0
2019-02-02,13,0,170,5.42,5.42,0.0,73.062538,0.0
2019-02-02,13,0,172,6.01,6.01,0.0,72.164654,0.0
2019-02-02,13,0,173,9.15,9.15,0.0,109.867983,0.0
2019-02-02,13,0,188,8.29,8.29,0.0,159.897758,0.0
2019-02-02,13,0,190,10.96,10.96,0.0,355.406026,0.0
2019-02-02,13,0,191,28.31,28.31,0.0,918.024142,0.0
2019-02-02,13,0,192,332.6,332.6,0.0,10785.405497,0.0
2019-02-02,13,0,194,52.95,52.95,0.0,-7150.439383,0.0
2019-02-02,13,0,196,7.19,7.19,0.0,1857.243439,0.0
2019-02-02,13,0,198,8.98,8.98,0.0,80.838555,0.0
2019-02-02,13,0,199,70.92,70.92,0.0,-5646.088305,0.0
2019-02-02,13,0,200,18.1,18.1,0.0,-1440.978544,0.0
2019-02-02,13,0,204,145.45,145.45,0.0,-309.041445,0.0
2019-02-02,13,0,205,169.54,169.54,0.0,-303.632848,0.0
2019-02-02,13,0,206,539.94,539.94,0.0,19507.373093,0.0
2019-02-02,13,0,210,1.39,1.39,0.0,5.119077,0.0
2019-02-02,13,0,214,10.03,10.03,0.0,135.639426,0.0
2019-02-02,13,0,217,6.59,6.59,0.0,66.405309,0.0
2019-02-02,13,0,218,9.1,9.1,0.0,91.697771,0.0
2019-02-02,13,0,219,6.2,6.2,0.0,62.475404,0.0
2019-02-02,13,0,221,5.35,5.35,0.0,72.350043,0.0
2019-02-02,13,0,225,4.85,4.85,0.0,19.217672,0.0
2019-02-02,13,0,233,6.56,6.56,0.0,72.680774,0.0
2019-02-02,13,0,236,93.48,93.48,0.0,438.684014,0.0
2019-02-02,13,0,237,109.14,109.14,0.0,189.550452,0.0
2019-02-02,13,0,238,75.15,75.15,0.0,453.150705,0.0
2019-02-02,13,0,240,14.59,14.59,0.0,14.374503,0.0
2019-02-02,13,0,245,25.2,25.2,0.0,190.108378,0.0
2019-02-02,13,0,247,47.57,47.57,0.0,358.867284,0.0
2019-02-02,13,0,248,10.96,10.96,0.0,19.034936,0.0
2019-02-02,13,0,249,48.47,48.47,0.0,365.656869,0.0
2019-02-02,13,0,251,108.03,108.03,0.0,700.903311,0.0
2019-02-02,13,0,252,59.69,59.69,0.0,403.647494,0.0
2019-02-02,13,0,254,14.3,14.3,0.0,37.720918,0.0
2019-02-02,13,0,255,6.56,6.56,0.0,17.304141,0.0
2019-02-02,13,0,258,18.16,18.16,0.0,20.712714,0.0
2019-02-02,13,0,260,5.97,5.97,0.0,28.058545,0.0
2019-02-02,13,0,265,93.09,93.09,0.0,-1276.268328,0.0
2019-02-02,13,0,266,15.82,15.82,0.0,-216.892953,0.0
2019-02-02,13,0,267,19.45,19.45,0.0,-266.660425,0.0
2019-02-02,13,0,270,325.32,325.32,0.0,-325320.0,0.0
2019-02-02,13,0,272,150.39,150.39,0.0,-40170.736704,0.0
2019-02-02,13,0,273,32.33,32.33,0.0,-32330.0,0.0
2019-02-02,13,0,274,419.18,419.18,0.0,-419180.0,0.0
2019-02-02,13,0,275,583.24,583.24,0.0,-583240.0,0.0
2019-02-02,13,0,276,7.21,7.21,0.0,-6499.482019,0.0
2019-02-02,13,0,277,8.76,8.76,0.0,-2433.193407,0.0
2019-02-02,13,0,278,14.02,14.02,0.0,-3894.220499,0.0
2019-02-02,13,0,279,378.16,378.16,0.0,-105038.403983,0.0
2019-02-02,13,0,281,6.98,6.98,0.0,-6980.0,0.0
2019-02-02,13,0,282,364.49,364.49,0.0,-364490.0,0.0
2019-02-02,14,0,9,3.77,3.77,0.0,-1809.85108,0.0
2019-02-02,14,0,17,46.71,46.71,0.0,3395.173524,0.0
2019-02-02,14,0,19,27.92,27.92,0.0,2029.399375,0.0
2019-02-02,14,0,20,33.86,33.86,0.0,2461.155545,0.0
2019-02-02,14,0,21,86.13,86.13,0.0,-41348.136204,0.0
2019-02-02,14,0,22,306.11,306.11,0.0,-146953.186735,0.0
2019-02-02,14,0,23,42.61,42.61,0.0,-20455.637799,0.0
2019-02-02,14,0,24,73.27,73.27,0.0,-35174.479736,0.0
2019-02-02,14,0,29,4.82,4.82,0.0,25.158112,0.0
2019-02-02,14,0,30,713.96,713.96,0.0,-713960.0,0.0
2019-02-02,14,0,31,22.35,22.35,0.0,-22350.0,0.0
2019-02-02,14,0,32,4.31,4.31,0.0,153.917516,0.0
2019-02-02,14,0,33,2.35,2.35,0.0,280.371952,0.0
2019-02-02,14,0,34,3.76,3.76,0.0,448.595124,0.0
2019-02-02,14,0,35,3.76,3.76,0.0,448.595124,0.0
2019-02-02,14,0,36,13.27,13.27,0.0,-62.606037,0.0
2019-02-02,14,0,37,6.09,6.09,0.0,-39.521758,0.0
2019-02-02,14,0,38,7.83,7.83,0.0,-50.813688,0.0
2019-02-02,14,0,39,5.22,5.22,0.0,-33.875792,0.0
2019-02-02,14,0,40,5.22,5.22,0.0,-33.875792,0.0
2019-02-02,14,0,41,18.45,18.45,0.0,-1680.147609,0.0
2019-02-02,14,0,42,60.88,60.88,0.0,3809.896446,0.0
2019-02-02,14,0,43,38.25,38.25,0.0,11.009949,0.0
2019-02-02,14,0,46,23.12,23.12,0.0,-492.90988,0.0
2019-02-02,14,0,52,23.69,23.69,0.0,-23690.0,0.0
2019-02-02,14,0,53,37.64,37.64,0.0,-37640.0,0.0
2019-02-02,14,0,55,327.73,327.73,0.0,-157332.226614,0.0
2019-02-02,14,0,56,210.59,210.59,0.0,-210590.0,0.0
2019-02-02,14,0,57,200.32,200.32,0.0,-200320.0,0.0
2019-02-02,14,0,58,385.23,385.23,0.0,-385230.0,0.0
2019-02-02,14,0,59,378.81,378.81,0.0,-378810.0,0.0
2019-02-02,14,0,63,51.0,51.0,0.0,5736.914922,0.0
2019-02-02,14,0,64,60.0,60.0,0.0,6749.311673,0.0
2019-02-02,14,0,65,8.97,8.97,0.0,635.156292,0.0
2019-02-02,14,0,67,397.97,397.97,0.0,-211475.857546,0.0
2019-02-02,14,0,68,19.16,19.16,0.0,-7249.390237,0.0
2019-02-02,14,0,69,2.35,2.35,0.0,280.371952,0.0
2019-02-02,14,0,74,60.09,60.09,0.0,1099.657728,0.0
2019-02-02,14,0,77,60.0,60.0,0.0,-14539.537762,0.0
2019-02-02,14,0,78,45.36,45.36,0.0,-10991.890548,0.0
2019-02-02,14,0,79,26.25,26.25,0.0,-6361.047771,0.0
2019-02-02,14,0,80,42.45,42.45,0.0,-10286.722967,0.0
2019-02-02,14,0,81,55.5,55.5,0.0,-13449.07243,0.0
2019-02-02,14,0,82,39.15,39.15,0.0,-9487.04839,0.0
2019-02-02,14,0,83,87.3,87.3,0.0,-21155.027444,0.0
2019-02-02,14,0,84,0.0,0.0,0.0,-0.0,0.0
2019-02-02,14,0,86,11.9,11.9,0.0,1419.755845,0.0
2019-02-02,14,0,87,60.76,60.76,0.0,7249.106312,0.0
2019-02-02,14,0,88,51.18,51.18,0.0,-12402.225711,0.0
2019-02-02,14,0,89,49.2,49.2,0.0,-11922.420965,0.0
2019-02-02,14,0,90,66.06,66.06,0.0,-16008.031076,0.0
2019-02-02,14,0,91,235.65,235.65,0.0,-57104.034562,0.0
2019-02-02,14,0,92,84.75,84.75,0.0,-20537.097089,0.0
2019-02-02,14,0,95,120.0,120.0,0.0,1977.002113,0.0
2019-02-02,14,0,96,30.83,30.83,0.0,-3589.425815,0.0
2019-02-02,14,0,97,206.72,206.72,0.0,-24067.664756,0.0
2019-02-02,14,0,99,11.6,11.6,0.0,212.282071,0.0
2019-02-02,14,0,101,14.38,14.38,0.0,-14380.0,0.0
2019-02-02,14,0,102,45.25,45.25,0.0,-17120.819845,0.0
2019-02-02,14,0,103,39.36,39.36,0.0,-14892.27556,0.0
2019-02-02,14,0,104,7.37,7.37,0.0,-2788.518061,0.0
2019-02-02,14,0,106,301.34,301.34,0.0,-144663.269056,0.0
2019-02-02,14,0,109,37.74,37.74,0.0,-1549.290333,0.0
2019-02-02,14,0,110,338.6,338.6,0.0,-338600.0,0.0
2019-02-02,14,0,111,23.33,23.33,0.0,-2124.544374,0.0
2019-02-02,14,0,113,44.34,44.34,0.0,-10620.533034,0.0
2019-02-02,14,0,115,44.34,44.34,0.0,-10620.533034,0.0
2019-02-02,14,0,116,137.76,137.76,0.0,-137760.0,0.0
2019-02-02,14,0,117,2.96,2.96,0.0,-708.993635,0.0
2019-02-02,14,0,119,60.0,60.0,0.0,6749.311673,0.0
2019-02-02,14,0,120,35.28,35.28,0.0,3968.595264,0.0
2019-02-02,14,0,123,5.02,5.02,0.0,-2409.934329,0.0
2019-02-02,14,0,125,66.79,66.79,0.0,-32063.648172,0.0
2019-02-02,14,0,126,226.01,226.01,0.0,-108499.852125,0.0
2019-02-02,14,0,127,290.04,290.04,0.0,-139238.516483,0.0
2019-02-02,14,0,128,92.7,92.7,0.0,-44502.173762,0.0
2019-02-02,14,0,131,30.0,30.0,0.0,-10124.765687,0.0
2019-02-02,14,0,132,44.1,44.1,0.0,-14883.40556,0.0
2019-02-02,14,0,133,9.27,9.27,0.0,675.44086,0.0
2019-02-02,14,0,134,0.0,0.0,0.0,0.0,0.0
2019-02-02,14,0,135,12.43,12.43,0.0,905.68823,0.0
2019-02-02,14,0,136,6.62,6.62,0.0,468.07301,0.0
2019-02-02,14,0,139,23.82,23.82,0.0,-2169.166181,0.0
2019-02-02,14,0,140,250.6,250.6,0.0,-250600.0,0.0
2019-02-02,14,0,141,230.0,230.0,0.0,-122218.8789,0.0
2019-02-02,14,0,142,524.82,524.82,0.0,-278882.226192,0.0
2019-02-02,14,0,143,35.44,35.44,0.0,-35440.0,0.0
2019-02-02,14,0,145,31.06,31.06,0.0,-3489.394265,0.0
2019-02-02,14,0,146,268.0,268.0,0.0,-268000.0,0.0
2019-02-02,14,0,152,9.94,9.94,0.0,190.944489,0.0
2019-02-02,14,0,153,12.38,12.38,0.0,207.862973,0.0
2019-02-02,14,0,154,96.23,96.23,0.0,-8763.176389,0.0
2019-02-02,14,0,157,250.0,250.0,0.0,-132846.6075,0.0
2019-02-02,14,0,158,392.69,392.69,0.0,-208670.137196,0.0
2019-02-02,14,0,159,0.0,0.0,0.0,0.0,0.0
2019-02-02,14,0,160,2.49,2.49,0.0,59.458331,0.0
2019-02-02,14,0,161,74.44,74.44,0.0,-28165.167498,0.0
2019-02-02,14,0,162,162.5,162.5,0.0,2823.223034,0.0
2019-02-02,14,0,163,130.61,130.61,0.0,-130610.0,0.0
2019-02-02,14,0,164,28.14,28.14,0.0,-28140.0,0.0
2019-02-02,14,0,167,5.08,5.08,0.0,68.059705,0.0
2019-02-02,14,0,168,2.54,2.54,0.0,34.029853,0.0
2019-02-02,14,0,169,0.0,0.0,0.0,0.0,0.0
2019-02-02,14,0,170,5.55,5.55,0.0,74.356568,0.0
2019-02-02,14,0,172,6.13,6.13,0.0,22.275629,0.0
2019-02-02,14,0,173,9.34,9.34,0.0,33.940354,0.0
2019-02-02,14,0,188,8.34,8.34,0.0,127.426801,0.0
2019-02-02,14,0,190,11.06,11.06,0.0,358.648782,0.0
2019-02-02,14,0,191,28.58,28.58,0.0,926.779582,0.0
2019-02-02,14,0,192,325.45,325.45,0.0,10553.548464,0.0
2019-02-02,14,0,194,52.95,52.95,0.0,-6513.155658,0.0
2019-02-02,14,0,196,7.28,7.28,0.0,1982.963733,0.0
2019-02-02,14,0,198,9.31,9.31,0.0,509.486983,0.0
2019-02-02,14,0,199,130.0,130.0,0.0,-22189.616828,0.0
2019-02-02,14,0,200,18.45,18.45,0.0,-3149.218696,0.0
2019-02-02,14,0,204,179.18,179.18,0.0,-8386.480946,0.0
2019-02-02,14,0,205,199.64,199.64,0.0,-8195.557026,0.0
2019-02-02,14,0,206,731.8,731.8,0.0,-85200.837212,0.0
2019-02-02,14,0,210,1.39,1.39,0.0,18.727578,0.0
2019-02-02,14,0,214,10.06,10.06,0.0,1477.87783,0.0
2019-02-02,14,0,217,6.69,6.69,0.0,615.433881,0.0
2019-02-02,14,0,218,9.24,9.24,0.0,850.016302,0.0
2019-02-02,14,0,219,6.29,6.29,0.0,578.636639,0.0
2019-02-02,14,0,221,5.37,5.37,0.0,788.887072,0.0
2019-02-02,14,0,225,4.89,4.89,0.0,21.625805,0.0
2019-02-02,14,0,233,6.73,6.73,0.0,802.937549,0.0
2019-02-02,14,0,236,66.03,66.03,0.0,3100.098133,0.0
2019-02-02,14,0,237,144.15,144.15,0.0,2637.970735,0.0
2019-02-02,14,0,238,79.24,79.24,0.0,4958.873101,0.0
2019-02-02,14,0,240,15.04,15.04,0.0,-70.956654,0.0
2019-02-02,14,0,245,24.48,24.48,0.0,1948.351129,0.0
2019-02-02,14,0,247,47.5,47.5,0.0,3780.501578,0.0
2019-02-02,14,0,248,14.47,14.47,0.0,264.803583,0.0
2019-02-02,14,0,249,47.07,47.07,0.0,3746.27809,0.0
2019-02-02,14,0,251,96.58,96.58,0.0,6541.052516,0.0
2019-02-02,14,0,252,57.87,57.87,0.0,4097.714006,0.0
2019-02-02,14,0,254,14.47,14.47,0.0,89.824853,0.0
2019-02-02,14,0,255,6.63,6.63,0.0,41.156792,0.0
2019-02-02,14,0,258,18.67,18.67,0.0,-72.988507,0.0
2019-02-02,14,0,260,6.06,6.06,0.0,144.705819,0.0
2019-02-02,14,0,265,99.63,99.63,0.0,-9072.797086,0.0
2019-02-02,14,0,266,15.43,15.43,0.0,-1405.131577,0.0
2019-02-02,14,0,267,18.96,18.96,0.0,-1726.590713,0.0
2019-02-02,14,0,270,454.05,454.05,0.0,-454050.0,0.0
2019-02-02,14,0,272,148.19,148.19,0.0,-35495.191481,0.0
2019-02-02,14,0,273,32.94,32.94,0.0,-32940.0,0.0
2019-02-02,14,0,274,605.65,605.65,0.0,-605650.0,0.0
2019-02-02,14,0,275,880.86,880.86,0.0,-880860.0,0.0
2019-02-02,14,0,276,7.42,7.42,0.0,-6643.634132,0.0
2019-02-02,14,0,277,9.01,9.01,0.0,-2168.23617,0.0
2019-02-02,14,0,278,14.41,14.41,0.0,-3467.733986,0.0
2019-02-02,14,0,279,259.13,259.13,0.0,-62359.049813,0.0
2019-02-02,14,0,281,10.03,10.03,0.0,-10030.0,0.0
2019-02-02,14,0,282,391.65,391.65,0.0,-391650.0,0.0
2019-02-02,15,0,9,3.61,3.61,0.0,-1415.116205,0.0
2019-02-02,15,0,17,44.77,44.77,0.0,283.717063,0.0
2019-02-02,15,0,19,26.12,26.12,0.0,165.528025,0.0
2019-02-02,15,0,20,31.67,31.67,0.0,200.699562,0.0
2019-02-02,15,0,21,82.56,82.56,0.0,-32363.433212,0.0
2019-02-02,15,0,22,293.42,293.42,0.0,-115020.331555,0.0
2019-02-02,15,0,23,32.64,32.64,0.0,-12794.845689,0.0
2019-02-02,15,0,24,57.75,57.75,0.0,-22637.939293,0.0
2019-02-02,15,0,29,4.55,4.55,0.0,18.914172,0.0
2019-02-02,15,0,30,686.17,686.17,0.0,-686170.0,0.0
2019-02-02,15,0,31,33.49,33.49,0.0,-33490.0,0.0
2019-02-02,15,0,32,4.13,4.13,0.0,103.293647,0.0
2019-02-02,15,0,33,2.3,2.3,0.0,23.322411,0.0
2019-02-02,15,0,34,3.67,3.67,0.0,37.214456,0.0
2019-02-02,15,0,35,3.67,3.67,0.0,37.214456,0.0
2019-02-02,15,0,36,12.91,12.91,0.0,12.863605,0.0
2019-02-02,15,0,37,5.91,5.91,0.0,6.125401,0.0
2019-02-02,15,0,38,7.6,7.6,0.0,7.876997,0.0
2019-02-02,15,0,39,5.06,5.06,0.0,5.244422,0.0
2019-02-02,15,0,40,5.06,5.06,0.0,5.244422,0.0
2019-02-02,15,0,41,30.32,30.32,0.0,-399.707038,0.0
2019-02-02,15,0,42,58.58,58.58,0.0,322.943595,0.0
2019-02-02,15,0,43,37.26,37.26,0.0,72.546231,0.0
2019-02-02,15,0,46,22.28,22.28,0.0,4.777695,0.0
2019-02-02,15,0,52,35.5,35.5,0.0,-35500.0,0.0
2019-02-02,15,0,53,56.4,56.4,0.0,-56400.0,0.0
2019-02-02,15,0,55,393.53,393.53,0.0,-154263.346318,0.0
2019-02-02,15,0,56,202.4,202.4,0.0,-202400.0,0.0
2019-02-02,15,0,57,192.52,192.52,0.0,-192520.0,0.0
2019-02-02,15,0,58,370.24,370.24,0.0,-370240.0,0.0
2019-02-02,15,0,59,364.06,364.06,0.0,-364060.0,0.0
2019-02-02,15,0,63,51.0,51.0,0.0,4901.733215,0.0
2019-02-02,15,0,64,60.0,60.0,0.0,5766.744959,0.0
2019-02-02,15,0,65,8.71,8.71,0.0,53.863346,0.0
2019-02-02,15,0,67,383.29,383.29,0.0,-215843.778657,0.0
2019-02-02,15,0,68,33.43,33.43,0.0,-14056.509694,0.0
2019-02-02,15,0,69,2.3,2.3,0.0,23.322411,0.0
2019-02-02,15,0,74,77.31,77.31,0.0,119.322818,0.0
2019-02-02,15,0,77,60.0,60.0,0.0,-18055.094095,0.0
2019-02-02,15,0,78,45.36,45.36,0.0,-13649.651136,0.0
2019-02-02,15,0,79,26.25,26.25,0.0,-7899.103666,0.0
2019-02-02,15,0,80,42.45,42.45,0.0,-12773.979072,0.0
2019-02-02,15,0,81,55.5,55.5,0.0,-16700.962038,0.0
2019-02-02,15,0,82,39.15,39.15,0.0,-11780.948897,0.0
2019-02-02,15,0,83,87.3,87.3,0.0,-26270.161908,0.0
2019-02-02,15,0,84,0.0,0.0,0.0,-0.0,0.0
2019-02-02,15,0,86,11.63,11.63,0.0,117.930277,0.0
2019-02-02,15,0,87,59.38,59.38,0.0,602.123807,0.0
2019-02-02,15,0,88,51.18,51.18,0.0,-15400.995263,0.0
2019-02-02,15,0,89,49.2,49.2,0.0,-14805.177158,0.0
2019-02-02,15,0,90,66.06,66.06,0.0,-19878.658598,0.0
2019-02-02,15,0,91,235.65,235.65,0.0,-70911.382057,0.0
2019-02-02,15,0,92,84.75,84.75,0.0,-25502.820409,0.0
2019-02-02,15,0,95,120.0,120.0,0.0,1977.002113,0.0
2019-02-02,15,0,96,26.71,26.71,0.0,994.031823,0.0
2019-02-02,15,0,97,164.28,164.28,0.0,6113.798121,0.0
2019-02-02,15,0,99,14.92,14.92,0.0,23.028023,0.0
2019-02-02,15,0,101,13.82,13.82,0.0,-13820.0,0.0
2019-02-02,15,0,102,79.15,79.15,0.0,-33280.668331,0.0
2019-02-02,15,0,103,68.83,68.83,0.0,-28941.356933,0.0
2019-02-02,15,0,104,12.78,12.78,0.0,-5373.682139,0.0
2019-02-02,15,0,106,288.85,288.85,0.0,-113228.896359,0.0
2019-02-02,15,0,109,45.86,45.86,0.0,-70.516926,0.0
2019-02-02,15,0,110,338.6,338.6,0.0,-338600.0,0.0
2019-02-02,15,0,111,22.35,22.35,0.0,-294.638928,0.0
2019-02-02,15,0,113,41.7,41.7,0.0,-11444.984244,0.0
2019-02-02,15,0,115,41.7,41.7,0.0,-11444.984244,0.0
2019-02-02,15,0,116,131.5,131.5,0.0,-131500.0,0.0
2019-02-02,15,0,117,2.78,2.78,0.0,-762.99895,0.0
2019-02-02,15,0,119,60.0,60.0,0.0,5766.744959,0.0
2019-02-02,15,0,120,35.28,35.28,0.0,3390.846036,0.0
2019-02-02,15,0,123,4.81,4.81,0.0,-1885.514944,0.0
2019-02-02,15,0,125,52.26,52.26,0.0,-20485.865064,0.0
2019-02-02,15,0,126,216.64,216.64,0.0,-84922.652266,0.0
2019-02-02,15,0,127,278.02,278.02,0.0,-108983.547743,0.0
2019-02-02,15,0,128,74.85,74.85,0.0,-29341.121317,0.0
2019-02-02,15,0,131,73.62,73.62,0.0,-28150.537759,0.0
2019-02-02,15,0,132,108.35,108.35,0.0,-41430.464089,0.0
2019-02-02,15,0,133,8.55,8.55,0.0,54.306533,0.0
2019-02-02,15,0,134,0.0,0.0,0.0,0.0,0.0
2019-02-02,15,0,135,11.45,11.45,0.0,72.726292,0.0
2019-02-02,15,0,136,7.15,7.15,0.0,44.156072,0.0
2019-02-02,15,0,139,39.43,39.43,0.0,-519.803711,0.0
2019-02-02,15,0,140,250.6,250.6,0.0,-250600.0,0.0
2019-02-02,15,0,141,230.0,230.0,0.0,-129520.908689,0.0
2019-02-02,15,0,142,505.46,505.46,0.0,-284641.906546,0.0
2019-02-02,15,0,143,72.51,72.51,0.0,-72510.0,0.0
2019-02-02,15,0,145,17.69,17.69,0.0,-108.998869,0.0
2019-02-02,15,0,146,268.0,268.0,0.0,-268000.0,0.0
2019-02-02,15,0,152,9.56,9.56,0.0,20.979464,0.0
2019-02-02,15,0,153,11.93,11.93,0.0,23.996972,0.0
2019-02-02,15,0,154,92.2,92.2,0.0,-1215.467971,0.0
2019-02-02,15,0,157,250.0,250.0,0.0,-140783.596401,0.0
2019-02-02,15,0,158,374.76,374.76,0.0,-211040.242348,0.0
2019-02-02,15,0,159,0.0,0.0,0.0,0.0,0.0
2019-02-02,15,0,160,2.37,2.37,0.0,10.852512,0.0
2019-02-02,15,0,161,70.95,70.95,0.0,-29832.765863,0.0
2019-02-02,15,0,162,162.5,162.5,0.0,2802.20488,0.0
2019-02-02,15,0,163,142.89,142.89,0.0,-142890.0,0.0
2019-02-02,15,0,164,26.57,26.57,0.0,-26570.0,0.0
2019-02-02,15,0,167,4.78,4.78,0.0,66.72316,0.0
2019-02-02,15,0,168,2.39,2.39,0.0,33.36158,0.0
2019-02-02,15,0,169,0.0,0.0,0.0,0.0,0.0
2019-02-02,15,0,170,5.23,5.23,0.0,73.004629,0.0
2019-02-02,15,0,172,5.84,5.84,0.0,22.750693,0.0
2019-02-02,15,0,173,8.91,8.91,0.0,34.710389,0.0
2019-02-02,15,0,188,8.04,8.04,0.0,77.897032,0.0
2019-02-02,15,0,190,10.37,10.37,0.0,336.273767,0.0
2019-02-02,15,0,191,26.8,26.8,0.0,869.058531,0.0
2019-02-02,15,0,192,314.96,314.96,0.0,10213.38339,0.0
2019-02-02,15,0,194,52.95,52.95,0.0,-7602.84237,0.0
2019-02-02,15,0,196,6.88,6.88,0.0,1693.924351,0.0
2019-02-02,15,0,198,8.96,8.96,0.0,78.613241,0.0
2019-02-02,15,0,199,130.0,130.0,0.0,-11367.735058,0.0
2019-02-02,15,0,200,17.75,17.75,0.0,-1552.133056,0.0
2019-02-02,15,0,204,225.19,225.19,0.0,-411.890524,0.0
2019-02-02,15,0,205,242.59,242.59,0.0,-373.020085,0.0
2019-02-02,15,0,206,482.72,482.72,0.0,17964.7713,0.0
2019-02-02,15,0,210,1.33,1.33,0.0,4.884378,0.0
2019-02-02,15,0,214,9.78,9.78,0.0,121.062541,0.0
2019-02-02,15,0,217,6.42,6.42,0.0,60.977573,0.0
2019-02-02,15,0,218,8.85,8.85,0.0,84.057869,0.0
2019-02-02,15,0,219,6.03,6.03,0.0,57.273328,0.0
2019-02-02,15,0,221,5.21,5.21,0.0,64.492417,0.0
2019-02-02,15,0,225,4.57,4.57,0.0,19.211138,0.0
2019-02-02,15,0,233,6.58,6.58,0.0,66.722375,0.0
2019-02-02,15,0,236,103.42,103.42,0.0,443.974269,0.0
2019-02-02,15,0,237,185.46,185.46,0.0,286.245115,0.0
2019-02-02,15,0,238,76.25,76.25,0.0,420.355908,0.0
2019-02-02,15,0,240,14.63,14.63,0.0,14.577423,0.0
2019-02-02,15,0,245,23.98,23.98,0.0,165.469866,0.0
2019-02-02,15,0,247,47.41,47.41,0.0,327.144552,0.0
2019-02-02,15,0,248,18.62,18.62,0.0,28.738726,0.0
2019-02-02,15,0,249,46.12,46.12,0.0,318.243129,0.0
2019-02-02,15,0,251,85.45,85.45,0.0,506.946003,0.0
2019-02-02,15,0,252,56.22,56.22,0.0,347.669035,0.0
2019-02-02,15,0,254,14.29,14.29,0.0,37.261349,0.0
2019-02-02,15,0,255,6.55,6.55,0.0,17.079205,0.0
2019-02-02,15,0,258,18.04,18.04,0.0,20.744904,0.0
2019-02-02,15,0,260,5.76,5.76,0.0,26.375725,0.0
2019-02-02,15,0,265,95.46,95.46,0.0,-1258.444388,0.0
2019-02-02,15,0,266,25.22,25.22,0.0,-332.473994,0.0
2019-02-02,15,0,267,31.19,31.19,0.0,-411.176204,0.0
2019-02-02,15,0,270,466.38,466.38,0.0,-466380.0,0.0
2019-02-02,15,0,272,139.38,139.38,0.0,-38254.242301,0.0
2019-02-02,15,0,273,31.45,31.45,0.0,-31450.0,0.0
2019-02-02,15,0,274,614.3,614.3,0.0,-614300.0,0.0
2019-02-02,15,0,275,881.73,881.73,0.0,-881730.0,0.0
2019-02-02,15,0,276,7.12,7.12,0.0,-6425.494764,0.0
2019-02-02,15,0,277,8.54,8.54,0.0,-2434.47701,0.0
2019-02-02,15,0,278,13.67,13.67,0.0,-3896.873622,0.0
2019-02-02,15,0,279,241.7,241.7,0.0,-68900.830603,0.0
2019-02-02,15,0,281,15.03,15.03,0.0,-15030.0,0.0
2019-02-02,15,0,282,376.41,376.41,0.0,-376410.0,0.0
2019-02-02,16,0,9,2.97,2.97,0.0,-29.432798,0.0
2019-02-02,16,0,17,26.57,26.57,0.0,172.429689,0.0
2019-02-02,16,0,19,43.22,43.22,0.0,280.482167,0.0
2019-02-02,16,0,20,54.55,54.55,0.0,354.009769,0.0
2019-02-02,16,0,21,68.02,68.02,0.0,-674.080453,0.0
2019-02-02,16,0,22,241.75,241.75,0.0,-2395.750507,0.0
2019-02-02,16,0,23,32.64,32.64,0.0,-323.463481,0.0
2019-02-02,16,0,24,57.75,57.75,0.0,-572.304413,0.0
2019-02-02,16,0,29,3.17,3.17,0.0,13.679809,0.0
2019-02-02,16,0,30,583.11,583.11,0.0,-5838.002566,0.0
2019-02-02,16,0,31,50.3,50.3,0.0,-503.595426,0.0
2019-02-02,16,0,32,3.69,3.69,0.0,92.088821,0.0
2019-02-02,16,0,33,1.76,1.76,0.0,16.703635,0.0
2019-02-02,16,0,34,2.81,2.81,0.0,26.668872,0.0
2019-02-02,16,0,35,2.81,2.81,0.0,26.668872,0.0
2019-02-02,16,0,36,10.72,10.72,0.0,19.303922,0.0
2019-02-02,16,0,37,4.92,4.92,0.0,8.523792,0.0
2019-02-02,16,0,38,6.33,6.33,0.0,10.966586,0.0
2019-02-02,16,0,39,4.22,4.22,0.0,7.311057,0.0
2019-02-02,16,0,40,4.22,4.22,0.0,7.311057,0.0
2019-02-02,16,0,41,41.2,41.2,0.0,-188.716591,0.0
2019-02-02,16,0,42,67.81,67.81,0.0,395.950246,0.0
2019-02-02,16,0,43,32.19,32.19,0.0,79.768562,0.0
2019-02-02,16,0,46,23.21,23.21,0.0,14.717833,0.0
2019-02-02,16,0,52,53.32,53.32,0.0,-533.831176,0.0
2019-02-02,16,0,53,84.7,84.7,0.0,-848.002636,0.0
2019-02-02,16,0,55,486.14,486.14,0.0,-4817.663501,0.0
2019-02-02,16,0,56,172.0,172.0,0.0,-1722.03605,0.0
2019-02-02,16,0,57,163.61,163.61,0.0,-1638.036734,0.0
2019-02-02,16,0,58,314.63,314.63,0.0,-3150.024433,0.0
2019-02-02,16,0,59,309.38,309.38,0.0,-3097.462286,0.0
2019-02-02,16,0,63,51.0,51.0,0.0,4893.069715,0.0
2019-02-02,16,0,64,60.0,60.0,0.0,5756.552606,0.0
2019-02-02,16,0,65,8.56,8.56,0.0,54.516889,0.0
2019-02-02,16,0,67,316.61,316.61,0.0,-178447.727483,0.0
2019-02-02,16,0,68,32.1,32.1,0.0,-13517.955193,0.0
2019-02-02,16,0,69,1.76,1.76,0.0,16.703635,0.0
2019-02-02,16,0,74,60.82,60.82,0.0,179.907597,0.0
2019-02-02,16,0,77,60.0,60.0,0.0,-18109.525274,0.0
2019-02-02,16,0,78,45.36,45.36,0.0,-13690.801107,0.0
2019-02-02,16,0,79,26.25,26.25,0.0,-7922.917307,0.0
2019-02-02,16,0,80,42.45,42.45,0.0,-12812.489131,0.0
2019-02-02,16,0,81,55.5,55.5,0.0,-16751.310878,0.0
2019-02-02,16,0,82,39.15,39.15,0.0,-11816.465241,0.0
2019-02-02,16,0,83,87.3,87.3,0.0,-26349.359273,0.0
2019-02-02,16,0,84,0.0,0.0,0.0,-0.0,0.0
2019-02-02,16,0,86,8.9,8.9,0.0,84.467247,0.0
2019-02-02,16,0,87,45.45,45.45,0.0,431.352402,0.0
2019-02-02,16,0,88,49.42,49.42,0.0,-14916.212317,0.0
2019-02-02,16,0,89,47.51,47.51,0.0,-14339.725762,0.0
2019-02-02,16,0,90,63.79,63.79,0.0,-19253.44362,0.0
2019-02-02,16,0,91,227.57,227.57,0.0,-68686.411108,0.0
2019-02-02,16,0,92,81.84,81.84,0.0,-24701.392473,0.0
2019-02-02,16,0,95,120.0,120.0,0.0,1977.002113,0.0
2019-02-02,16,0,96,24.32,24.32,0.0,-246.075429,0.0
2019-02-02,16,0,97,149.59,149.59,0.0,-1513.586489,0.0
2019-02-02,16,0,99,13.34,13.34,0.0,39.460167,0.0
2019-02-02,16,0,101,11.75,11.75,0.0,-117.639091,0.0
2019-02-02,16,0,102,75.99,75.99,0.0,-32000.916359,0.0
2019-02-02,16,0,103,66.08,66.08,0.0,-27827.616173,0.0
2019-02-02,16,0,104,12.27,12.27,0.0,-5167.143621,0.0
2019-02-02,16,0,106,237.98,237.98,0.0,-2358.389682,0.0
2019-02-02,16,0,109,56.75,56.75,0.0,-63.965654,0.0
2019-02-02,16,0,110,338.6,338.6,0.0,-338600.0,0.0
2019-02-02,16,0,111,18.72,18.72,0.0,-85.746956,0.0
2019-02-02,16,0,113,39.16,39.16,0.0,-10767.800804,0.0
2019-02-02,16,0,115,39.16,39.16,0.0,-10767.800804,0.0
2019-02-02,16,0,116,106.91,106.91,0.0,-106910.0,0.0
2019-02-02,16,0,117,2.61,2.61,0.0,-717.670074,0.0
2019-02-02,16,0,119,60.0,60.0,0.0,5756.552606,0.0
2019-02-02,16,0,120,35.28,35.28,0.0,3384.852932,0.0
2019-02-02,16,0,123,3.97,3.97,0.0,-39.342831,0.0
2019-02-02,16,0,125,52.26,52.26,0.0,-517.898331,0.0
2019-02-02,16,0,126,178.48,178.48,0.0,-1768.742711,0.0
2019-02-02,16,0,127,229.05,229.05,0.0,-2269.893086,0.0
2019-02-02,16,0,128,74.85,74.85,0.0,-741.765979,0.0
2019-02-02,16,0,131,30.0,30.0,0.0,-11491.882972,0.0
2019-02-02,16,0,132,44.1,44.1,0.0,-16893.067969,0.0
2019-02-02,16,0,133,9.58,9.58,0.0,62.279805,0.0
2019-02-02,16,0,134,0.0,0.0,0.0,0.0,0.0
2019-02-02,16,0,135,12.17,12.17,0.0,79.117456,0.0
2019-02-02,16,0,136,7.72,7.72,0.0,49.115886,0.0
2019-02-02,16,0,139,53.65,53.65,0.0,-245.743813,0.0
2019-02-02,16,0,140,250.6,250.6,0.0,-250600.0,0.0
2019-02-02,16,0,141,230.0,230.0,0.0,-129632.599479,0.0
2019-02-02,16,0,142,417.53,417.53,0.0,-235328.257655,0.0
2019-02-02,16,0,143,132.81,132.81,0.0,-1329.672139,0.0
2019-02-02,16,0,145,19.22,19.22,0.0,-129.033003,0.0
2019-02-02,16,0,146,268.0,268.0,0.0,-268000.0,0.0
2019-02-02,16,0,152,7.64,7.64,0.0,23.42517,0.0
2019-02-02,16,0,153,9.62,9.62,0.0,28.009663,0.0
2019-02-02,16,0,154,77.21,77.21,0.0,-353.660388,0.0
2019-02-02,16,0,157,250.0,250.0,0.0,-140904.999434,0.0
2019-02-02,16,0,158,317.92,317.92,0.0,-179186.06968,0.0
2019-02-02,16,0,159,0.0,0.0,0.0,0.0,0.0
2019-02-02,16,0,160,2.19,2.19,0.0,10.574383,0.0
2019-02-02,16,0,161,58.31,58.31,0.0,-24555.513,0.0
2019-02-02,16,0,162,162.5,162.5,0.0,2801.868714,0.0
2019-02-02,16,0,163,135.24,135.24,0.0,-135240.0,0.0
2019-02-02,16,0,164,21.91,21.91,0.0,-219.35936,0.0
2019-02-02,16,0,167,3.88,3.88,0.0,54.178527,0.0
2019-02-02,16,0,168,1.94,1.94,0.0,27.089263,0.0
2019-02-02,16,0,169,0.0,0.0,0.0,0.0,0.0
2019-02-02,16,0,170,4.25,4.25,0.0,59.345036,0.0
2019-02-02,16,0,172,4.85,4.85,0.0,19.70035,0.0
2019-02-02,16,0,173,7.39,7.39,0.0,30.017646,0.0
2019-02-02,16,0,188,7.28,7.28,0.0,70.533631,0.0
2019-02-02,16,0,190,8.4,8.4,0.0,272.39148,0.0
2019-02-02,16,0,191,21.7,21.7,0.0,703.677989,0.0
2019-02-02,16,0,192,306.52,306.52,0.0,9939.694808,0.0
2019-02-02,16,0,194,52.95,52.95,0.0,-7616.405554,0.0
2019-02-02,16,0,196,5.78,5.78,0.0,1421.267735,0.0
2019-02-02,16,0,198,8.1,8.1,0.0,70.056067,0.0
2019-02-02,16,0,199,130.0,130.0,0.0,-11172.692872,0.0
2019-02-02,16,0,200,12.71,12.71,0.0,-1092.345588,0.0
2019-02-02,16,0,204,257.1,257.1,0.0,-396.123018,0.0
2019-02-02,16,0,205,300.22,300.22,0.0,-338.392398,0.0
2019-02-02,16,0,206,439.55,439.55,0.0,-4447.469358,0.0
2019-02-02,16,0,210,1.17,1.17,0.0,4.329361,0.0
2019-02-02,16,0,214,6.79,6.79,0.0,76.497437,0.0
2019-02-02,16,0,217,4.91,4.91,0.0,43.3918,0.0
2019-02-02,16,0,218,6.78,6.78,0.0,59.917802,0.0
2019-02-02,16,0,219,4.62,4.62,0.0,40.828945,0.0
2019-02-02,16,0,221,3.62,3.62,0.0,40.783611,0.0
2019-02-02,16,0,225,3.02,3.02,0.0,13.21189,0.0
2019-02-02,16,0,233,5.04,5.04,0.0,47.833138,0.0
2019-02-02,16,0,236,123.01,123.01,0.0,595.08282,0.0
2019-02-02,16,0,237,139.09,139.09,0.0,411.432878,0.0
2019-02-02,16,0,238,88.26,88.26,0.0,515.360105,0.0
2019-02-02,16,0,240,12.14,12.14,0.0,21.860971,0.0
2019-02-02,16,0,245,23.83,23.83,0.0,165.237531,0.0
2019-02-02,16,0,247,47.09,47.09,0.0,326.522674,0.0
2019-02-02,16,0,248,16.38,16.38,0.0,48.452589,0.0
2019-02-02,16,0,249,45.83,45.83,0.0,317.785818,0.0
2019-02-02,16,0,251,75.67,75.67,0.0,466.913521,0.0
2019-02-02,16,0,252,55.21,55.21,0.0,351.621194,0.0
2019-02-02,16,0,254,11.77,11.77,0.0,36.108719,0.0
2019-02-02,16,0,255,5.39,5.39,0.0,16.535769,0.0
2019-02-02,16,0,258,15.09,15.09,0.0,28.823875,0.0
2019-02-02,16,0,260,5.32,5.32,0.0,25.687542,0.0
2019-02-02,16,0,265,79.94,79.94,0.0,-366.165152,0.0
2019-02-02,16,0,266,34.2,34.2,0.0,-156.653092,0.0
2019-02-02,16,0,267,42.37,42.37,0.0,-194.075776,0.0
2019-02-02,16,0,270,365.51,365.51,0.0,-365510.0,0.0
2019-02-02,16,0,272,130.86,130.86,0.0,-35982.492678,0.0
2019-02-02,16,0,273,25.57,25.57,0.0,-25570.0,0.0
2019-02-02,16,0,274,456.14,456.14,0.0,-456140.0,0.0
2019-02-02,16,0,275,611.52,611.52,0.0,-611520.0,0.0
2019-02-02,16,0,276,5.92,5.92,0.0,-5343.188095,0.0
2019-02-02,16,0,277,7.4,7.4,0.0,-2114.449349,0.0
2019-02-02,16,0,278,11.85,11.85,0.0,-3385.976323,0.0
2019-02-02,16,0,279,517.4,517.4,0.0,-147840.012605,0.0
2019-02-02,16,0,281,22.57,22.57,0.0,-225.967172,0.0
2019-02-02,16,0,282,319.87,319.87,0.0,-3202.486462,0.0
2019-02-02,17,0,9,2.15,2.15,0.0,-11.269507,0.0
2019-02-02,17,0,17,19.35,19.35,0.0,121.08859,0.0
2019-02-02,17,0,19,39.7,39.7,0.0,248.434989,0.0
2019-02-02,17,0,20,47.81,47.81,0.0,299.185814,0.0
2019-02-02,17,0,21,49.22,49.22,0.0,-257.993075,0.0
2019-02-02,17,0,22,174.94,174.94,0.0,-916.970918,0.0
2019-02-02,17,0,23,31.16,31.16,0.0,-163.32922,0.0
2019-02-02,17,0,24,55.42,55.42,0.0,-290.491187,0.0
2019-02-02,17,0,29,2.2,2.2,0.0,11.484458,0.0
2019-02-02,17,0,30,419.4,419.4,0.0,-2227.412455,0.0
2019-02-02,17,0,31,41.59,41.59,0.0,-220.882413,0.0
2019-02-02,17,0,32,2.47,2.47,0.0,104.014629,0.0
2019-02-02,17,0,33,1.26,1.26,0.0,10.672145,0.0
2019-02-02,17,0,34,2.02,2.02,0.0,17.109311,0.0
2019-02-02,17,0,35,2.02,2.02,0.0,17.109311,0.0
2019-02-02,17,0,36,7.58,7.58,0.0,20.295529,0.0
2019-02-02,17,0,37,3.51,3.51,0.0,9.151189,0.0
2019-02-02,17,0,38,4.52,4.52,0.0,11.784437,0.0
2019-02-02,17,0,39,3.01,3.01,0.0,7.847601,0.0
2019-02-02,17,0,40,3.01,3.01,0.0,7.847601,0.0
2019-02-02,17,0,41,15.37,15.37,0.0,-24.390281,0.0
2019-02-02,17,0,42,48.73,48.73,0.0,281.57618,0.0
2019-02-02,17,0,43,22.79,22.79,0.0,69.283235,0.0
2019-02-02,17,0,46,16.42,16.42,0.0,30.216531,0.0
2019-02-02,17,0,52,44.09,44.09,0.0,-234.159788,0.0
2019-02-02,17,0,53,70.04,70.04,0.0,-371.978942,0.0
2019-02-02,17,0,55,360.63,360.63,0.0,-1890.289368,0.0
2019-02-02,17,0,56,123.71,123.71,0.0,-657.017632,0.0
2019-02-02,17,0,57,117.67,117.67,0.0,-624.939493,0.0
2019-02-02,17,0,58,226.29,226.29,0.0,-1201.814889,0.0
2019-02-02,17,0,59,222.52,222.52,0.0,-1181.792607,0.0
2019-02-02,17,0,63,95.49,95.49,0.0,10612.697011,0.0
2019-02-02,17,0,64,112.31,112.31,0.0,12482.060963,0.0
2019-02-02,17,0,65,11.35,11.35,0.0,70.015113,0.0
2019-02-02,17,0,67,227.9,227.9,0.0,-126752.821549,0.0
2019-02-02,17,0,68,11.04,11.04,0.0,-4540.167711,0.0
2019-02-02,17,0,69,1.26,1.26,0.0,10.672145,0.0
2019-02-02,17,0,74,44.18,44.18,0.0,162.26767,0.0
2019-02-02,17,0,77,36.55,36.55,0.0,-10604.574084,0.0
2019-02-02,17,0,78,27.63,27.63,0.0,-8016.535758,0.0
2019-02-02,17,0,79,15.99,15.99,0.0,-4639.319825,0.0
2019-02-02,17,0,80,25.86,25.86,0.0,-7502.990036,0.0
2019-02-02,17,0,81,33.81,33.81,0.0,-9809.593701,0.0
2019-02-02,17,0,82,23.85,23.85,0.0,-6919.810996,0.0
2019-02-02,17,0,83,53.18,53.18,0.0,-15429.582758,0.0
2019-02-02,17,0,84,0.0,0.0,0.0,-0.0,0.0
2019-02-02,17,0,86,6.39,6.39,0.0,54.123019,0.0
2019-02-02,17,0,87,32.61,32.61,0.0,276.205265,0.0
2019-02-02,17,0,88,31.93,31.93,0.0,-9264.132709,0.0
2019-02-02,17,0,89,30.69,30.69,0.0,-8904.360565,0.0
2019-02-02,17,0,90,41.21,41.21,0.0,-11956.621013,0.0
2019-02-02,17,0,91,147.01,147.01,0.0,-42653.308786,0.0
2019-02-02,17,0,92,52.87,52.87,0.0,-15339.639722,0.0
2019-02-02,17,0,95,120.0,120.0,0.0,1977.002113,0.0
2019-02-02,17,0,96,13.74,13.74,0.0,-73.967852,0.0
2019-02-02,17,0,97,84.52,84.52,0.0,-455.004575,0.0
2019-02-02,17,0,99,8.98,8.98,0.0,32.982428,0.0
2019-02-02,17,0,101,8.45,8.45,0.0,-44.877528,0.0
2019-02-02,17,0,102,26.1,26.1,0.0,-10733.548664,0.0
2019-02-02,17,0,103,22.69,22.69,0.0,-9331.196138,0.0
2019-02-02,17,0,104,4.23,4.23,0.0,-1739.575128,0.0
2019-02-02,17,0,106,172.21,172.21,0.0,-902.661265,0.0
2019-02-02,17,0,109,47.71,47.71,0.0,34.272762,0.0
2019-02-02,17,0,110,338.6,338.6,0.0,-338600.0,0.0
2019-02-02,17,0,111,14.03,14.03,0.0,-22.263868,0.0
2019-02-02,17,0,113,26.42,26.42,0.0,-6924.649719,0.0
2019-02-02,17,0,115,26.42,26.42,0.0,-6924.649719,0.0
2019-02-02,17,0,116,76.47,76.47,0.0,-76470.0,0.0
2019-02-02,17,0,117,1.76,1.76,0.0,-461.29385,0.0
2019-02-02,17,0,119,112.31,112.31,0.0,12482.060963,0.0
2019-02-02,17,0,120,66.1,66.1,0.0,7346.311367,0.0
2019-02-02,17,0,123,2.87,2.87,0.0,-15.043481,0.0
2019-02-02,17,0,125,50.09,50.09,0.0,-262.553294,0.0
2019-02-02,17,0,126,129.16,129.16,0.0,-677.009053,0.0
2019-02-02,17,0,127,165.75,165.75,0.0,-868.800329,0.0
2019-02-02,17,0,128,72.1,72.1,0.0,-377.921591,0.0
2019-02-02,17,0,131,19.27,19.27,0.0,-7178.858494,0.0
2019-02-02,17,0,132,28.33,28.33,0.0,-10554.076862,0.0
2019-02-02,17,0,133,20.57,20.57,0.0,128.895746,0.0
2019-02-02,17,0,134,0.0,0.0,0.0,0.0,0.0
2019-02-02,17,0,135,26.93,26.93,0.0,168.748782,0.0
2019-02-02,17,0,136,10.99,10.99,0.0,67.740627,0.0
2019-02-02,17,0,139,19.84,19.84,0.0,-31.483616,0.0
2019-02-02,17,0,140,250.6,250.6,0.0,-250600.0,0.0
2019-02-02,17,0,141,230.0,230.0,0.0,-127920.794017,0.0
2019-02-02,17,0,142,300.55,300.55,0.0,-167159.107138,0.0
2019-02-02,17,0,143,110.69,110.69,0.0,-587.869062,0.0
2019-02-02,17,0,145,12.68,12.68,0.0,-38.95473,0.0
2019-02-02,17,0,146,268.0,268.0,0.0,-268000.0,0.0
2019-02-02,17,0,152,5.48,5.48,0.0,20.402209,0.0
2019-02-02,17,0,153,6.88,6.88,0.0,24.825801,0.0
2019-02-02,17,0,154,57.88,57.88,0.0,-91.848373,0.0
2019-02-02,17,0,157,250.0,250.0,0.0,-139044.341322,0.0
2019-02-02,17,0,158,233.69,233.69,0.0,-129973.088495,0.0
2019-02-02,17,0,159,0.0,0.0,0.0,0.0,0.0
2019-02-02,17,0,160,1.56,1.56,0.0,6.964014,0.0
2019-02-02,17,0,161,41.51,41.51,0.0,-17070.866094,0.0
2019-02-02,17,0,162,162.5,162.5,0.0,2805.947071,0.0
2019-02-02,17,0,163,121.95,121.95,0.0,-121950.0,0.0
2019-02-02,17,0,164,15.95,15.95,0.0,-84.709653,0.0
2019-02-02,17,0,167,2.62,2.62,0.0,34.842155,0.0
2019-02-02,17,0,168,1.31,1.31,0.0,17.421078,0.0
2019-02-02,17,0,169,0.0,0.0,0.0,0.0,0.0
2019-02-02,17,0,170,2.87,2.87,0.0,38.166789,0.0
2019-02-02,17,0,172,3.28,3.28,0.0,40.029312,0.0
2019-02-02,17,0,173,5.0,5.0,0.0,61.020293,0.0
2019-02-02,17,0,188,4.84,4.84,0.0,106.864118,0.0
2019-02-02,17,0,190,5.85,5.85,0.0,189.701209,0.0
2019-02-02,17,0,191,15.11,15.11,0.0,489.980388,0.0
2019-02-02,17,0,192,222.76,222.76,0.0,7223.562624,0.0
2019-02-02,17,0,194,52.95,52.95,0.0,-6780.623283,0.0
2019-02-02,17,0,196,4.13,4.13,0.0,1091.704596,0.0
2019-02-02,17,0,198,5.66,5.66,0.0,37.340571,0.0
2019-02-02,17,0,199,130.0,130.0,0.0,-3590.624126,0.0
2019-02-02,17,0,200,8.82,8.82,0.0,-243.610037,0.0
2019-02-02,17,0,204,238.64,238.64,0.0,101.435965,0.0
2019-02-02,17,0,205,252.39,252.39,0.0,181.305857,0.0
2019-02-02,17,0,206,248.37,248.37,0.0,-1337.073903,0.0
2019-02-02,17,0,210,0.82,0.82,0.0,4.759834,0.0
2019-02-02,17,0,214,4.71,4.71,0.0,46.06082,0.0
2019-02-02,17,0,217,3.37,3.37,0.0,27.164645,0.0
2019-02-02,17,0,218,4.65,4.65,0.0,37.482374,0.0
2019-02-02,17,0,219,3.17,3.17,0.0,25.5525,0.0
2019-02-02,17,0,221,2.51,2.51,0.0,24.546212,0.0
2019-02-02,17,0,225,2.11,2.11,0.0,10.895543,0.0
2019-02-02,17,0,233,3.61,3.61,0.0,30.576541,0.0
2019-02-02,17,0,236,117.11,117.11,0.0,589.917643,0.0
2019-02-02,17,0,237,109.16,109.16,0.0,400.931165,0.0
2019-02-02,17,0,238,63.43,63.43,0.0,366.517075,0.0
2019-02-02,17,0,240,8.59,8.59,0.0,22.999815,0.0
2019-02-02,17,0,245,21.79,21.79,0.0,143.495133,0.0
2019-02-02,17,0,247,50.02,50.02,0.0,329.400025,0.0
2019-02-02,17,0,248,11.11,11.11,0.0,40.805655,0.0
2019-02-02,17,0,249,41.91,41.91,0.0,275.992704,0.0
2019-02-02,17,0,251,94.63,94.63,0.0,569.907724,0.0
2019-02-02,17,0,252,73.24,73.24,0.0,451.797963,0.0
2019-02-02,17,0,254,8.24,8.24,0.0,27.994689,0.0
2019-02-02,17,0,255,3.78,3.78,0.0,12.842224,0.0
2019-02-02,17,0,258,10.71,10.71,0.0,29.303278,0.0
2019-02-02,17,0,260,3.79,3.79,0.0,16.918983,0.0
2019-02-02,17,0,265,59.92,59.92,0.0,-95.085599,0.0
2019-02-02,17,0,266,12.85,12.85,0.0,-20.391354,0.0
2019-02-02,17,0,267,15.79,15.79,0.0,-25.056769,0.0
2019-02-02,17,0,270,380.84,380.84,0.0,-380840.0,0.0
2019-02-02,17,0,272,88.3,88.3,0.0,-23143.322112,0.0
2019-02-02,17,0,273,18.29,18.29,0.0,-18290.0,0.0
2019-02-02,17,0,274,490.95,490.95,0.0,-490950.0,0.0
2019-02-02,17,0,275,683.41,683.41,0.0,-683410.0,0.0
2019-02-02,17,0,276,4.2,4.2,0.0,-3783.795851,0.0
2019-02-02,17,0,277,5.36,5.36,0.0,-1465.105004,0.0
2019-02-02,17,0,278,8.57,8.57,0.0,-2342.527963,0.0
2019-02-02,17,0,279,149.8,149.8,0.0,-40946.40477,0.0
2019-02-02,17,0,281,18.67,18.67,0.0,-99.155438,0.0
2019-02-02,17,0,282,230.06,230.06,0.0,-1221.83717,0.0
2019-02-02,18,0,9,1.28,1.28,0.0,7.186855,0.0
2019-02-02,18,0,17,10.78,10.78,0.0,99.691803,0.0
2019-02-02,18,0,19,56.63,56.63,0.0,523.705639,0.0
2019-02-02,18,0,20,68.96,68.96,0.0,637.731606,0.0
2019-02-02,18,0,21,29.3,29.3,0.0,164.511593,0.0
2019-02-02,18,0,22,104.13,104.13,0.0,584.661848,0.0
2019-02-02,18,0,23,34.92,34.92,0.0,196.066376,0.0
2019-02-02,18,0,24,61.97,61.97,0.0,347.944826,0.0
2019-02-02,18,0,29,1.1,1.1,0.0,8.587899,0.0
2019-02-02,18,0,30,253.22,253.22,0.0,1416.412452,0.0
2019-02-02,18,0,31,25.24,25.24,0.0,141.18257,0.0
2019-02-02,18,0,32,1.27,1.27,0.0,19.416044,0.0
2019-02-02,18,0,33,0.69,0.69,0.0,6.891148,0.0
2019-02-02,18,0,34,1.11,1.11,0.0,11.08576,0.0
2019-02-02,18,0,35,1.11,1.11,0.0,11.08576,0.0
2019-02-02,18,0,36,4.23,4.23,0.0,33.869794,0.0
2019-02-02,18,0,37,1.96,1.96,0.0,15.633739,0.0
2019-02-02,18,0,38,2.52,2.52,0.0,20.100522,0.0
2019-02-02,18,0,39,1.68,1.68,0.0,13.400348,0.0
2019-02-02,18,0,40,1.68,1.68,0.0,13.400348,0.0
2019-02-02,18,0,41,13.58,13.58,0.0,91.50947,0.0
2019-02-02,18,0,42,28.66,28.66,0.0,260.450293,0.0
2019-02-02,18,0,43,12.57,12.57,0.0,101.558785,0.0
2019-02-02,18,0,46,9.08,9.08,0.0,70.236492,0.0
2019-02-02,18,0,52,26.75,26.75,0.0,149.628912,0.0
2019-02-02,18,0,53,42.51,42.51,0.0,237.784114,0.0
2019-02-02,18,0,55,192.11,192.11,0.0,1078.645804,0.0
2019-02-02,18,0,56,74.69,74.69,0.0,417.786297,0.0
2019-02-02,18,0,57,71.05,71.05,0.0,397.425577,0.0
2019-02-02,18,0,58,136.63,136.63,0.0,764.25414,0.0
2019-02-02,18,0,59,134.35,134.35,0.0,751.500722,0.0
2019-02-02,18,0,63,170.0,170.0,0.0,3098.741252,0.0
2019-02-02,18,0,64,200.0,200.0,0.0,3645.577944,0.0
2019-02-02,18,0,65,14.77,14.77,0.0,136.151012,0.0
2019-02-02,18,0,67,135.42,135.42,0.0,-920.872365,0.0
2019-02-02,18,0,68,3.38,3.38,0.0,-4.073257,0.0
2019-02-02,18,0,69,0.69,0.69,0.0,6.891148,0.0
2019-02-02,18,0,74,26.19,26.19,0.0,219.746131,0.0
2019-02-02,18,0,77,20.56,20.56,0.0,73.789319,0.0
2019-02-02,18,0,78,15.55,15.55,0.0,55.808556,0.0
2019-02-02,18,0,79,9.0,9.0,0.0,32.300772,0.0
2019-02-02,18,0,80,14.55,14.55,0.0,52.219582,0.0
2019-02-02,18,0,81,19.02,19.02,0.0,68.262298,0.0
2019-02-02,18,0,82,13.42,13.42,0.0,48.16404,0.0
2019-02-02,18,0,83,29.92,29.92,0.0,107.382122,0.0
2019-02-02,18,0,84,0.0,0.0,0.0,0.0,0.0
2019-02-02,18,0,86,3.51,3.51,0.0,35.054972,0.0
2019-02-02,18,0,87,17.93,17.93,0.0,179.069983,0.0
2019-02-02,18,0,88,20.27,20.27,0.0,72.748517,0.0
2019-02-02,18,0,89,19.48,19.48,0.0,69.913227,0.0
2019-02-02,18,0,90,26.16,26.16,0.0,93.887578,0.0
2019-02-02,18,0,91,93.32,93.32,0.0,334.923117,0.0
2019-02-02,18,0,92,33.56,33.56,0.0,120.44599,0.0
2019-02-02,18,0,95,120.0,120.0,0.0,1848.580603,0.0
2019-02-02,18,0,96,6.93,6.93,0.0,38.610672,0.0
2019-02-02,18,0,97,42.64,42.64,0.0,237.569847,0.0
2019-02-02,18,0,99,5.05,5.05,0.0,42.37182,0.0
2019-02-02,18,0,101,5.1,5.1,0.0,28.527381,0.0
2019-02-02,18,0,102,8.01,8.01,0.0,-9.652897,0.0
2019-02-02,18,0,103,6.97,6.97,0.0,-8.399587,0.0
2019-02-02,18,0,104,1.29,1.29,0.0,-1.554586,0.0
2019-02-02,18,0,106,102.5,102.5,0.0,575.509838,0.0
2019-02-02,18,0,109,40.06,40.06,0.0,297.376184,0.0
2019-02-02,18,0,110,338.6,338.6,0.0,-8103.996935,0.0
2019-02-02,18,0,111,8.27,8.27,0.0,55.727785,0.0
2019-02-02,18,0,113,17.8,17.8,0.0,76.212149,0.0
2019-02-02,18,0,115,17.8,17.8,0.0,76.212149,0.0
2019-02-02,18,0,116,43.07,43.07,0.0,-1030.830325,0.0
2019-02-02,18,0,117,1.19,1.19,0.0,5.095082,0.0
2019-02-02,18,0,119,200.0,200.0,0.0,3645.577944,0.0
2019-02-02,18,0,120,117.6,117.6,0.0,2143.599831,0.0
2019-02-02,18,0,123,1.71,1.71,0.0,9.601189,0.0
2019-02-02,18,0,125,56.04,56.04,0.0,314.649476,0.0
2019-02-02,18,0,126,76.88,76.88,0.0,431.660452,0.0
2019-02-02,18,0,127,98.66,98.66,0.0,553.949274,0.0
2019-02-02,18,0,128,80.47,80.47,0.0,451.817333,0.0
2019-02-02,18,0,131,10.92,10.92,0.0,3.157523,0.0
2019-02-02,18,0,132,16.06,16.06,0.0,4.643756,0.0
2019-02-02,18,0,133,28.15,28.15,0.0,260.405879,0.0
2019-02-02,18,0,134,0.0,0.0,0.0,0.0,0.0
2019-02-02,18,0,135,37.71,37.71,0.0,348.842121,0.0
2019-02-02,18,0,136,15.2,15.2,0.0,140.089944,0.0
2019-02-02,18,0,139,17.54,17.54,0.0,118.194117,0.0
2019-02-02,18,0,140,250.6,250.6,0.0,-5997.81935,0.0
2019-02-02,18,0,141,157.53,157.53,0.0,-1071.223036,0.0
2019-02-02,18,0,142,178.58,178.58,0.0,-1214.36558,0.0
2019-02-02,18,0,143,67.29,67.29,0.0,376.393626,0.0
2019-02-02,18,0,145,8.27,8.27,0.0,51.879247,0.0
2019-02-02,18,0,146,268.0,268.0,0.0,-6414.2681,0.0
2019-02-02,18,0,152,3.11,3.11,0.0,26.113715,0.0
2019-02-02,18,0,153,3.89,3.89,0.0,32.51309,0.0
2019-02-02,18,0,154,34.11,34.11,0.0,229.851843,0.0
2019-02-02,18,0,157,248.01,248.01,0.0,-1686.49797,0.0
2019-02-02,18,0,158,139.67,139.67,0.0,-949.772878,0.0
2019-02-02,18,0,159,0.0,0.0,0.0,0.0,0.0
2019-02-02,18,0,160,0.85,0.85,0.0,7.178547,0.0
2019-02-02,18,0,161,24.2,24.2,0.0,-29.163559,0.0
2019-02-02,18,0,162,162.5,162.5,0.0,2508.396059,0.0
2019-02-02,18,0,163,88.87,88.87,0.0,-2127.000023,0.0
2019-02-02,18,0,164,9.57,9.57,0.0,53.530792,0.0
2019-02-02,18,0,167,1.32,1.32,0.0,20.225015,0.0
2019-02-02,18,0,168,0.66,0.66,0.0,10.112507,0.0
2019-02-02,18,0,169,0.0,0.0,0.0,0.0,0.0
2019-02-02,18,0,170,1.45,1.45,0.0,22.216873,0.0
2019-02-02,18,0,172,1.67,1.67,0.0,24.163967,0.0
2019-02-02,18,0,173,2.54,2.54,0.0,36.75238,0.0
2019-02-02,18,0,188,2.49,2.49,0.0,36.785163,0.0
2019-02-02,18,0,190,3.18,3.18,0.0,57.964689,0.0
2019-02-02,18,0,191,8.21,8.21,0.0,149.650975,0.0
2019-02-02,18,0,192,160.54,160.54,0.0,2926.305415,0.0
2019-02-02,18,0,194,98.98,98.98,0.0,899.974189,0.0
2019-02-02,18,0,196,2.29,2.29,0.0,55.167005,0.0
2019-02-02,18,0,198,3.01,3.01,0.0,26.833215,0.0
2019-02-02,18,0,199,108.08,108.08,0.0,1064.404386,0.0
2019-02-02,18,0,200,4.63,4.63,0.0,45.597634,0.0
2019-02-02,18,0,204,200.13,200.13,0.0,1466.827212,0.0
2019-02-02,18,0,205,211.92,211.92,0.0,1573.139312,0.0
2019-02-02,18,0,206,125.31,125.31,0.0,698.16786,0.0
2019-02-02,18,0,210,0.41,0.41,0.0,3.291889,0.0
2019-02-02,18,0,214,2.46,2.46,0.0,25.645565,0.0
2019-02-02,18,0,217,1.72,1.72,0.0,16.139673,0.0
2019-02-02,18,0,218,2.38,2.38,0.0,22.332803,0.0
2019-02-02,18,0,219,1.62,1.62,0.0,15.201319,0.0
2019-02-02,18,0,221,1.31,1.31,0.0,13.656784,0.0
2019-02-02,18,0,225,1.06,1.06,0.0,8.252905,0.0
2019-02-02,18,0,233,1.99,1.99,0.0,19.874471,0.0
2019-02-02,18,0,236,112.33,112.33,0.0,992.877505,0.0
2019-02-02,18,0,237,62.82,62.82,0.0,527.088658,0.0
2019-02-02,18,0,238,37.3,37.3,0.0,338.96706,0.0
2019-02-02,18,0,240,4.8,4.8,0.0,38.433809,0.0
2019-02-02,18,0,245,23.38,23.38,0.0,218.774177,0.0
2019-02-02,18,0,247,55.74,55.74,0.0,521.577101,0.0
2019-02-02,18,0,248,6.31,6.31,0.0,52.943799,0.0
2019-02-02,18,0,249,44.96,44.96,0.0,420.705175,0.0
2019-02-02,18,0,251,117.5,117.5,0.0,1077.381053,0.0
2019-02-02,18,0,252,95.28,95.28,0.0,878.298473,0.0
2019-02-02,18,0,254,4.51,4.51,0.0,36.852441,0.0
2019-02-02,18,0,255,2.07,2.07,0.0,16.914535,0.0
2019-02-02,18,0,258,5.98,5.98,0.0,47.95206,0.0
2019-02-02,18,0,260,2.07,2.07,0.0,17.481874,0.0
2019-02-02,18,0,265,35.32,35.32,0.0,238.005485,0.0
2019-02-02,18,0,266,11.36,11.36,0.0,76.549895,0.0
2019-02-02,18,0,267,13.96,13.96,0.0,94.070118,0.0
2019-02-02,18,0,270,277.54,277.54,0.0,-6642.596897,0.0
2019-02-02,18,0,272,59.5,59.5,0.0,254.754093,0.0
2019-02-02,18,0,273,10.3,10.3,0.0,-246.518513,0.0
2019-02-02,18,0,274,357.79,357.79,0.0,-8563.287252,0.0
2019-02-02,18,0,275,498.05,498.05,0.0,-11920.247117,0.0
2019-02-02,18,0,276,2.38,2.38,0.0,-47.857609,0.0
2019-02-02,18,0,277,3.05,3.05,0.0,12.211908,0.0
2019-02-02,18,0,278,4.88,4.88,0.0,19.539052,0.0
2019-02-02,18,0,279,98.21,98.21,0.0,393.22343,0.0
2019-02-02,18,0,281,11.32,11.32,0.0,63.319599,0.0
2019-02-02,18,0,282,138.91,138.91,0.0,777.007557,0.0
2019-02-02,19,0,9,0.13,0.13,0.0,1.413571,0.0
2019-02-02,19,0,17,0.29,0.29,0.0,3.15335,0.0
2019-02-02,19,0,19,138.44,138.44,0.0,1505.343949,0.0
2019-02-02,19,0,20,168.27,168.27,0.0,1829.704033,0.0
2019-02-02,19,0,21,2.9,2.9,0.0,31.533498,0.0
2019-02-02,19,0,22,10.3,10.3,0.0,111.998286,0.0
2019-02-02,19,0,23,19.39,19.39,0.0,210.839491,0.0
2019-02-02,19,0,24,34.31,34.31,0.0,373.073901,0.0
2019-02-02,19,0,29,0.0,0.0,0.0,0.0,0.0
2019-02-02,19,0,30,33.78,33.78,0.0,367.310883,0.0
2019-02-02,19,0,31,8.3,8.3,0.0,90.251046,0.0
2019-02-02,19,0,32,0.0,0.0,0.0,0.0,0.0
2019-02-02,19,0,33,0.03,0.03,0.0,0.326209,0.0
2019-02-02,19,0,34,0.05,0.05,0.0,0.543681,0.0
2019-02-02,19,0,35,0.05,0.05,0.0,0.543681,0.0
2019-02-02,19,0,36,0.17,0.17,0.0,1.848515,0.0
2019-02-02,19,0,37,0.07,0.07,0.0,0.761153,0.0
2019-02-02,19,0,38,0.09,0.09,0.0,0.978626,0.0
2019-02-02,19,0,39,0.06,0.06,0.0,0.652417,0.0
2019-02-02,19,0,40,0.06,0.06,0.0,0.652417,0.0
2019-02-02,19,0,41,11.95,11.95,0.0,129.939759,0.0
2019-02-02,19,0,42,2.54,2.54,0.0,27.618995,0.0
2019-02-02,19,0,43,0.36,0.36,0.0,3.914503,0.0
2019-02-02,19,0,46,0.29,0.29,0.0,3.15335,0.0
2019-02-02,19,0,52,8.79,8.79,0.0,95.57912,0.0
2019-02-02,19,0,53,13.97,13.97,0.0,151.904471,0.0
2019-02-02,19,0,55,53.87,53.87,0.0,585.761908,0.0
2019-02-02,19,0,56,9.96,9.96,0.0,108.301255,0.0
2019-02-02,19,0,57,9.48,9.48,0.0,103.081917,0.0
2019-02-02,19,0,58,18.23,18.23,0.0,198.226092,0.0
2019-02-02,19,0,59,17.92,17.92,0.0,194.85527,0.0
2019-02-02,19,0,63,170.0,170.0,0.0,1848.515395,0.0
2019-02-02,19,0,64,200.0,200.0,0.0,2174.723995,0.0
2019-02-02,19,0,65,18.82,18.82,0.0,204.641528,0.0
2019-02-02,19,0,67,12.55,12.55,0.0,136.463931,0.0
2019-02-02,19,0,68,2.27,2.27,0.0,24.683117,0.0
2019-02-02,19,0,69,0.03,0.03,0.0,0.326209,0.0
2019-02-02,19,0,74,24.77,24.77,0.0,269.339567,0.0
2019-02-02,19,0,77,11.0,11.0,0.0,119.60982,0.0
2019-02-02,19,0,78,8.32,8.32,0.0,90.468518,0.0
2019-02-02,19,0,79,4.81,4.81,0.0,52.302112,0.0
2019-02-02,19,0,80,7.78,7.78,0.0,84.596763,0.0
2019-02-02,19,0,81,10.18,10.18,0.0,110.693451,0.0
2019-02-02,19,0,82,7.18,7.18,0.0,78.072591,0.0
2019-02-02,19,0,83,16.01,16.01,0.0,174.086656,0.0
2019-02-02,19,0,84,0.0,0.0,0.0,0.0,0.0
2019-02-02,19,0,86,0.17,0.17,0.0,1.848515,0.0
2019-02-02,19,0,87,0.86,0.86,0.0,9.351313,0.0
2019-02-02,19,0,88,13.08,13.08,0.0,142.226949,0.0
2019-02-02,19,0,89,12.57,12.57,0.0,136.681403,0.0
2019-02-02,19,0,90,16.88,16.88,0.0,183.546705,0.0
2019-02-02,19,0,91,60.23,60.23,0.0,654.918131,0.0
2019-02-02,19,0,92,21.66,21.66,0.0,235.522609,0.0
2019-02-02,19,0,95,98.22,98.22,0.0,1068.006954,0.0
2019-02-02,19,0,96,3.04,3.04,0.0,33.055805,0.0
2019-02-02,19,0,97,18.7,18.7,0.0,203.336693,0.0
2019-02-02,19,0,99,4.78,4.78,0.0,51.975903,0.0
2019-02-02,19,0,101,0.68,0.68,0.0,7.394062,0.0
2019-02-02,19,0,102,6.49,6.49,0.0,70.569794,0.0
2019-02-02,19,0,103,5.44,5.44,0.0,59.152493,0.0
2019-02-02,19,0,104,0.78,0.78,0.0,8.481424,0.0
2019-02-02,19,0,106,10.14,10.14,0.0,110.258507,0.0
2019-02-02,19,0,109,33.94,33.94,0.0,369.050662,0.0
2019-02-02,19,0,110,329.17,329.17,0.0,3579.269486,0.0
2019-02-02,19,0,111,1.09,1.09,0.0,11.852246,0.0
2019-02-02,19,0,113,12.64,12.64,0.0,137.442556,0.0
2019-02-02,19,0,115,12.64,12.64,0.0,137.442556,0.0
2019-02-02,19,0,116,1.35,1.35,0.0,14.679387,0.0
2019-02-02,19,0,117,0.84,0.84,0.0,9.133841,0.0
2019-02-02,19,0,119,200.0,200.0,0.0,2174.723995,0.0
2019-02-02,19,0,120,117.6,117.6,0.0,1278.737709,0.0
2019-02-02,19,0,123,0.17,0.17,0.0,1.848515,0.0
2019-02-02,19,0,125,31.05,31.05,0.0,337.6259,0.0
2019-02-02,19,0,126,7.61,7.61,0.0,82.748248,0.0
2019-02-02,19,0,127,9.76,9.76,0.0,106.126531,0.0
2019-02-02,19,0,128,44.47,44.47,0.0,483.54988,0.0
2019-02-02,19,0,131,5.7,5.7,0.0,61.979634,0.0
2019-02-02,19,0,132,8.37,8.37,0.0,91.012199,0.0
2019-02-02,19,0,133,32.88,32.88,0.0,357.524625,0.0
2019-02-02,19,0,134,0.0,0.0,0.0,0.0,0.0
2019-02-02,19,0,135,44.55,44.55,0.0,484.41977,0.0
2019-02-02,19,0,136,20.43,20.43,0.0,222.148056,0.0
2019-02-02,19,0,139,15.44,15.44,0.0,167.888692,0.0
2019-02-02,19,0,140,243.62,243.62,0.0,2649.031298,0.0
2019-02-02,19,0,141,91.95,91.95,0.0,999.829357,0.0
2019-02-02,19,0,142,16.55,16.55,0.0,179.958411,0.0
2019-02-02,19,0,143,22.1,22.1,0.0,240.307001,0.0
2019-02-02,19,0,145,5.6,5.6,0.0,60.892272,0.0
2019-02-02,19,0,146,187.87,187.87,0.0,2042.826984,0.0
2019-02-02,19,0,152,0.18,0.18,0.0,1.957252,0.0
2019-02-02,19,0,153,0.18,0.18,0.0,1.957252,0.0
2019-02-02,19,0,154,4.48,4.48,0.0,48.713817,0.0
2019-02-02,19,0,157,122.18,122.18,0.0,1328.538888,0.0
2019-02-02,19,0,158,13.56,13.56,0.0,147.446287,0.0
2019-02-02,19,0,159,0.0,0.0,0.0,0.0,0.0
2019-02-02,19,0,160,0.01,0.01,0.0,0.108736,0.0
2019-02-02,19,0,161,1.66,1.66,0.0,18.050209,0.0
2019-02-02,19,0,162,162.5,162.5,0.0,1766.963246,0.0
2019-02-02,19,0,163,68.31,68.31,0.0,742.77698,0.0
2019-02-02,19,0,164,1.42,1.42,0.0,15.44054,0.0
2019-02-02,19,0,167,0.0,0.0,0.0,0.0,0.0
2019-02-02,19,0,168,0.0,0.0,0.0,0.0,0.0
2019-02-02,19,0,169,0.0,0.0,0.0,0.0,0.0
2019-02-02,19,0,170,0.0,0.0,0.0,0.0,0.0
2019-02-02,19,0,172,0.0,0.0,0.0,0.0,0.0
2019-02-02,19,0,173,0.0,0.0,0.0,0.0,0.0
2019-02-02,19,0,188,0.0,0.0,0.0,0.0,0.0
2019-02-02,19,0,190,0.03,0.03,0.0,0.326209,0.0
2019-02-02,19,0,191,0.08,0.08,0.0,0.86989,0.0
2019-02-02,19,0,192,117.31,117.31,0.0,1275.584359,0.0
2019-02-02,19,0,194,167.39,167.39,0.0,1820.135247,0.0
2019-02-02,19,0,196,0.06,0.06,0.0,0.652417,0.0
2019-02-02,19,0,198,0.0,0.0,0.0,0.0,0.0
2019-02-02,19,0,199,76.87,76.87,0.0,835.855167,0.0
2019-02-02,19,0,200,0.0,0.0,0.0,0.0,0.0
2019-02-02,19,0,204,166.99,166.99,0.0,1815.785799,0.0
2019-02-02,19,0,205,179.55,179.55,0.0,1952.358466,0.0
2019-02-02,19,0,206,54.96,54.96,0.0,597.614154,0.0
2019-02-02,19,0,210,0.0,0.0,0.0,0.0,0.0
2019-02-02,19,0,214,0.0,0.0,0.0,0.0,0.0
2019-02-02,19,0,217,0.0,0.0,0.0,0.0,0.0
2019-02-02,19,0,218,0.0,0.0,0.0,0.0,0.0
2019-02-02,19,0,219,0.0,0.0,0.0,0.0,0.0
2019-02-02,19,0,221,0.0,0.0,0.0,0.0,0.0
2019-02-02,19,0,225,0.0,0.0,0.0,0.0,0.0
2019-02-02,19,0,233,0.09,0.09,0.0,0.978626,0.0
2019-02-02,19,0,236,108.61,108.61,0.0,1180.983865,0.0
2019-02-02,19,0,237,59.43,59.43,0.0,646.219235,0.0
2019-02-02,19,0,238,3.31,3.31,0.0,35.991682,0.0
2019-02-02,19,0,240,0.19,0.19,0.0,2.065988,0.0
2019-02-02,19,0,245,28.76,28.76,0.0,312.72531,0.0
2019-02-02,19,0,247,64.82,64.82,0.0,704.828047,0.0
2019-02-02,19,0,248,5.97,5.97,0.0,64.915511,0.0
2019-02-02,19,0,249,55.3,55.3,0.0,601.311185,0.0
2019-02-02,19,0,251,143.05,143.05,0.0,1555.471337,0.0
2019-02-02,19,0,252,121.37,121.37,0.0,1319.731256,0.0
2019-02-02,19,0,254,0.14,0.14,0.0,1.522307,0.0
2019-02-02,19,0,255,0.06,0.06,0.0,0.652417,0.0
2019-02-02,19,0,258,0.22,0.22,0.0,2.392196,0.0
2019-02-02,19,0,260,0.04,0.04,0.0,0.434945,0.0
2019-02-02,19,0,265,4.64,4.64,0.0,50.453597,0.0
2019-02-02,19,0,266,10.0,10.0,0.0,108.7362,0.0
2019-02-02,19,0,267,12.28,12.28,0.0,133.528053,0.0
2019-02-02,19,0,270,213.32,213.32,0.0,2319.560613,0.0
2019-02-02,19,0,272,42.24,42.24,0.0,459.301708,0.0
2019-02-02,19,0,273,0.32,0.32,0.0,3.479558,0.0
2019-02-02,19,0,274,275.0,275.0,0.0,2990.245493,0.0
2019-02-02,19,0,275,382.8,382.8,0.0,4162.421726,0.0
2019-02-02,19,0,276,0.09,0.09,0.0,0.978626,0.0
2019-02-02,19,0,277,0.13,0.13,0.0,1.413571,0.0
2019-02-02,19,0,278,0.21,0.21,0.0,2.28346,0.0
2019-02-02,19,0,279,66.62,66.62,0.0,724.400563,0.0
2019-02-02,19,0,281,3.72,3.72,0.0,40.449866,0.0
2019-02-02,19,0,282,18.53,18.53,0.0,201.488178,0.0
2019-02-02,20,0,9,0.0,0.0,0.0,0.0,0.0
2019-02-02,20,0,17,0.0,0.0,0.0,0.0,0.0
2019-02-02,20,0,19,123.97,123.97,0.0,1252.197531,0.0
2019-02-02,20,0,20,150.35,150.35,0.0,1518.656924,0.0
2019-02-02,20,0,21,0.0,0.0,0.0,0.0,0.0
2019-02-02,20,0,22,0.0,0.0,0.0,0.0,0.0
2019-02-02,20,0,23,25.11,25.11,0.0,247.455796,0.0
2019-02-02,20,0,24,44.43,44.43,0.0,437.851893,0.0
2019-02-02,20,0,29,0.0,0.0,0.0,0.0,0.0
2019-02-02,20,0,30,0.0,0.0,0.0,0.0,0.0
2019-02-02,20,0,31,6.76,6.76,0.0,66.608381,0.0
2019-02-02,20,0,32,0.0,0.0,0.0,0.0,0.0
2019-02-02,20,0,33,0.0,0.0,0.0,0.0,0.0
2019-02-02,20,0,34,0.0,0.0,0.0,0.0,0.0
2019-02-02,20,0,35,0.0,0.0,0.0,0.0,0.0
2019-02-02,20,0,36,0.0,0.0,0.0,0.0,0.0
2019-02-02,20,0,37,0.0,0.0,0.0,0.0,0.0
2019-02-02,20,0,38,0.0,0.0,0.0,0.0,0.0
2019-02-02,20,0,39,0.0,0.0,0.0,0.0,0.0
2019-02-02,20,0,40,0.0,0.0,0.0,0.0,0.0
2019-02-02,20,0,41,17.53,17.53,0.0,174.179943,0.0
2019-02-02,20,0,42,0.0,0.0,0.0,0.0,0.0
2019-02-02,20,0,43,0.0,0.0,0.0,0.0,0.0
2019-02-02,20,0,46,0.0,0.0,0.0,0.0,0.0
2019-02-02,20,0,52,7.17,7.17,0.0,70.648238,0.0
2019-02-02,20,0,53,11.39,11.39,0.0,112.22921,0.0
2019-02-02,20,0,55,53.24,53.24,0.0,524.673301,0.0
2019-02-02,20,0,56,0.0,0.0,0.0,0.0,0.0
2019-02-02,20,0,57,0.0,0.0,0.0,0.0,0.0
2019-02-02,20,0,58,0.0,0.0,0.0,0.0,0.0
2019-02-02,20,0,59,0.0,0.0,0.0,0.0,0.0
2019-02-02,20,0,63,170.0,170.0,0.0,1872.048461,0.0
2019-02-02,20,0,64,200.0,200.0,0.0,2202.409954,0.0
2019-02-02,20,0,65,15.72,15.72,0.0,158.757346,0.0
2019-02-02,20,0,67,0.0,0.0,0.0,0.0,0.0
2019-02-02,20,0,68,2.27,2.27,0.0,21.075748,0.0
2019-02-02,20,0,69,0.0,0.0,0.0,0.0,0.0
2019-02-02,20,0,74,29.23,29.23,0.0,293.749146,0.0
2019-02-02,20,0,77,21.0,21.0,0.0,203.803774,0.0
2019-02-02,20,0,78,15.94,15.94,0.0,154.696769,0.0
2019-02-02,20,0,79,9.28,9.28,0.0,90.061858,0.0
2019-02-02,20,0,80,14.93,14.93,0.0,144.894778,0.0
2019-02-02,20,0,81,19.45,19.45,0.0,188.761114,0.0
2019-02-02,20,0,82,13.78,13.78,0.0,133.734095,0.0
2019-02-02,20,0,83,30.32,30.32,0.0,294.253829,0.0
2019-02-02,20,0,84,0.0,0.0,0.0,0.0,0.0
2019-02-02,20,0,86,0.0,0.0,0.0,0.0,0.0
2019-02-02,20,0,87,0.0,0.0,0.0,0.0,0.0
2019-02-02,20,0,88,33.28,33.28,0.0,322.980456,0.0
2019-02-02,20,0,89,32.0,32.0,0.0,310.558131,0.0
2019-02-02,20,0,90,42.93,42.93,0.0,416.633143,0.0
2019-02-02,20,0,91,152.84,152.84,0.0,1483.303274,0.0
2019-02-02,20,0,92,55.04,55.04,0.0,534.159986,0.0
2019-02-02,20,0,95,105.93,105.93,0.0,1140.241946,0.0
2019-02-02,20,0,96,4.91,4.91,0.0,48.371753,0.0
2019-02-02,20,0,97,35.48,35.48,0.0,349.537636,0.0
2019-02-02,20,0,99,5.64,5.64,0.0,56.679616,0.0
2019-02-02,20,0,101,0.0,0.0,0.0,0.0,0.0
2019-02-02,20,0,102,5.36,5.36,0.0,49.764761,0.0
2019-02-02,20,0,103,4.66,4.66,0.0,43.265632,0.0
2019-02-02,20,0,104,0.87,0.87,0.0,8.077489,0.0
2019-02-02,20,0,106,0.0,0.0,0.0,0.0,0.0
2019-02-02,20,0,109,38.68,38.68,0.0,386.40338,0.0
2019-02-02,20,0,110,338.6,338.6,0.0,2465.663065,0.0
2019-02-02,20,0,111,0.0,0.0,0.0,0.0,0.0
2019-02-02,20,0,113,17.41,17.41,0.0,170.134972,0.0
2019-02-02,20,0,115,17.41,17.41,0.0,170.134972,0.0
2019-02-02,20,0,116,0.0,0.0,0.0,0.0,0.0
2019-02-02,20,0,117,1.16,1.16,0.0,11.335817,0.0
2019-02-02,20,0,119,200.0,200.0,0.0,2202.409954,0.0
2019-02-02,20,0,120,117.6,117.6,0.0,1295.017053,0.0
2019-02-02,20,0,123,0.0,0.0,0.0,0.0,0.0
2019-02-02,20,0,125,40.21,40.21,0.0,396.26434,0.0
2019-02-02,20,0,126,0.0,0.0,0.0,0.0,0.0
2019-02-02,20,0,127,0.0,0.0,0.0,0.0,0.0
2019-02-02,20,0,128,57.59,57.59,0.0,567.541988,0.0
2019-02-02,20,0,131,6.93,6.93,0.0,65.253734,0.0
2019-02-02,20,0,132,10.18,10.18,0.0,95.856134,0.0
2019-02-02,20,0,133,22.08,22.08,0.0,223.029532,0.0
2019-02-02,20,0,134,0.0,0.0,0.0,0.0,0.0
2019-02-02,20,0,135,29.43,29.43,0.0,297.271699,0.0
2019-02-02,20,0,136,16.83,16.83,0.0,169.965701,0.0
2019-02-02,20,0,139,23.46,23.46,0.0,233.101053,0.0
2019-02-02,20,0,140,250.6,250.6,0.0,1824.852818,0.0
2019-02-02,20,0,141,96.22,96.22,0.0,845.919709,0.0
2019-02-02,20,0,142,0.0,0.0,0.0,0.0,0.0
2019-02-02,20,0,143,16.63,16.63,0.0,163.860559,0.0
2019-02-02,20,0,145,7.26,7.26,0.0,71.902702,0.0
2019-02-02,20,0,146,238.91,238.91,0.0,1739.727002,0.0
2019-02-02,20,0,152,0.0,0.0,0.0,0.0,0.0
2019-02-02,20,0,153,0.0,0.0,0.0,0.0,0.0
2019-02-02,20,0,154,0.0,0.0,0.0,0.0,0.0
2019-02-02,20,0,157,142.52,142.52,0.0,1252.966918,0.0
2019-02-02,20,0,158,0.0,0.0,0.0,0.0,0.0
2019-02-02,20,0,159,0.0,0.0,0.0,0.0,0.0
2019-02-02,20,0,160,0.0,0.0,0.0,0.0,0.0
2019-02-02,20,0,161,0.0,0.0,0.0,0.0,0.0
2019-02-02,20,0,162,152.67,152.67,0.0,1643.776542,0.0
2019-02-02,20,0,163,86.68,86.68,0.0,631.198094,0.0
2019-02-02,20,0,164,0.0,0.0,0.0,0.0,0.0
2019-02-02,20,0,167,0.0,0.0,0.0,0.0,0.0
2019-02-02,20,0,168,0.0,0.0,0.0,0.0,0.0
2019-02-02,20,0,169,0.0,0.0,0.0,0.0,0.0
2019-02-02,20,0,170,0.0,0.0,0.0,0.0,0.0
2019-02-02,20,0,172,0.0,0.0,0.0,0.0,0.0
2019-02-02,20,0,173,0.0,0.0,0.0,0.0,0.0
2019-02-02,20,0,188,0.0,0.0,0.0,0.0,0.0
2019-02-02,20,0,190,0.0,0.0,0.0,0.0,0.0
2019-02-02,20,0,191,0.0,0.0,0.0,0.0,0.0
2019-02-02,20,0,192,135.03,135.03,0.0,1486.95708,0.0
2019-02-02,20,0,194,176.5,176.5,0.0,1800.652074,0.0
2019-02-02,20,0,196,0.0,0.0,0.0,0.0,0.0
2019-02-02,20,0,198,0.0,0.0,0.0,0.0,0.0
2019-02-02,20,0,199,76.76,76.76,0.0,790.270515,0.0
2019-02-02,20,0,200,0.0,0.0,0.0,0.0,0.0
2019-02-02,20,0,204,361.46,361.46,0.0,3608.67064,0.0
2019-02-02,20,0,205,204.6,204.6,0.0,2043.902057,0.0
2019-02-02,20,0,206,134.41,134.41,0.0,1324.164422,0.0
2019-02-02,20,0,210,0.0,0.0,0.0,0.0,0.0
2019-02-02,20,0,214,0.0,0.0,0.0,0.0,0.0
2019-02-02,20,0,217,0.0,0.0,0.0,0.0,0.0
2019-02-02,20,0,218,0.0,0.0,0.0,0.0,0.0
2019-02-02,20,0,219,0.0,0.0,0.0,0.0,0.0
2019-02-02,20,0,221,0.0,0.0,0.0,0.0,0.0
2019-02-02,20,0,225,0.0,0.0,0.0,0.0,0.0
2019-02-02,20,0,233,0.0,0.0,0.0,0.0,0.0
2019-02-02,20,0,236,85.88,85.88,0.0,865.415058,0.0
2019-02-02,20,0,237,70.13,70.13,0.0,704.776859,0.0
2019-02-02,20,0,238,0.0,0.0,0.0,0.0,0.0
2019-02-02,20,0,240,0.0,0.0,0.0,0.0,0.0
2019-02-02,20,0,245,44.1,44.1,0.0,445.728442,0.0
2019-02-02,20,0,247,48.42,48.42,0.0,489.391637,0.0
2019-02-02,20,0,248,7.04,7.04,0.0,70.749025,0.0
2019-02-02,20,0,249,84.78,84.78,0.0,856.890189,0.0
2019-02-02,20,0,251,138.29,138.29,0.0,1396.204313,0.0
2019-02-02,20,0,252,101.37,101.37,0.0,1023.742504,0.0
2019-02-02,20,0,254,0.0,0.0,0.0,0.0,0.0
2019-02-02,20,0,255,0.0,0.0,0.0,0.0,0.0
2019-02-02,20,0,258,0.0,0.0,0.0,0.0,0.0
2019-02-02,20,0,260,0.0,0.0,0.0,0.0,0.0
2019-02-02,20,0,265,0.0,0.0,0.0,0.0,0.0
2019-02-02,20,0,266,14.3,14.3,0.0,142.08632,0.0
2019-02-02,20,0,267,18.08,18.08,0.0,179.644801,0.0
2019-02-02,20,0,270,270.71,270.71,0.0,1971.292523,0.0
2019-02-02,20,0,272,58.17,58.17,0.0,568.452115,0.0
2019-02-02,20,0,273,0.0,0.0,0.0,0.0,0.0
2019-02-02,20,0,274,348.97,348.97,0.0,2541.176727,0.0
2019-02-02,20,0,275,485.78,485.78,0.0,3537.418204,0.0
2019-02-02,20,0,276,0.0,0.0,0.0,0.0,0.0
2019-02-02,20,0,277,0.0,0.0,0.0,0.0,0.0
2019-02-02,20,0,278,0.0,0.0,0.0,0.0,0.0
2019-02-02,20,0,279,212.69,212.69,0.0,2072.721137,0.0
2019-02-02,20,0,281,3.04,3.04,0.0,29.954065,0.0
2019-02-02,20,0,282,0.0,0.0,0.0,0.0,0.0
2019-02-02,21,0,9,0.0,0.0,0.0,0.0,0.0
2019-02-02,21,0,17,0.0,0.0,0.0,0.0,0.0
2019-02-02,21,0,19,105.61,105.61,0.0,979.587899,0.0
2019-02-02,21,0,20,128.08,128.08,0.0,1188.008883,0.0
2019-02-02,21,0,21,0.0,0.0,0.0,0.0,0.0
2019-02-02,21,0,22,0.0,0.0,0.0,0.0,0.0
2019-02-02,21,0,23,32.5,32.5,0.0,200.737394,0.0
2019-02-02,21,0,24,57.5,57.5,0.0,355.150774,0.0
2019-02-02,21,0,29,0.0,0.0,0.0,0.0,0.0
2019-02-02,21,0,30,0.0,0.0,0.0,0.0,0.0
2019-02-02,21,0,31,5.96,5.96,0.0,36.708424,0.0
2019-02-02,21,0,32,0.0,0.0,0.0,0.0,0.0
2019-02-02,21,0,33,0.0,0.0,0.0,0.0,0.0
2019-02-02,21,0,34,0.0,0.0,0.0,0.0,0.0
2019-02-02,21,0,35,0.0,0.0,0.0,0.0,0.0
2019-02-02,21,0,36,0.0,0.0,0.0,0.0,0.0
2019-02-02,21,0,37,0.0,0.0,0.0,0.0,0.0
2019-02-02,21,0,38,0.0,0.0,0.0,0.0,0.0
2019-02-02,21,0,39,0.0,0.0,0.0,0.0,0.0
2019-02-02,21,0,40,0.0,0.0,0.0,0.0,0.0
2019-02-02,21,0,41,28.24,28.24,0.0,200.802604,0.0
2019-02-02,21,0,42,0.0,0.0,0.0,0.0,0.0
2019-02-02,21,0,43,0.0,0.0,0.0,0.0,0.0
2019-02-02,21,0,46,0.0,0.0,0.0,0.0,0.0
2019-02-02,21,0,52,6.32,6.32,0.0,38.925711,0.0
2019-02-02,21,0,53,10.04,10.04,0.0,61.837681,0.0
2019-02-02,21,0,55,55.07,55.07,0.0,340.141793,0.0
2019-02-02,21,0,56,0.0,0.0,0.0,0.0,0.0
2019-02-02,21,0,57,0.0,0.0,0.0,0.0,0.0
2019-02-02,21,0,58,0.0,0.0,0.0,0.0,0.0
2019-02-02,21,0,59,0.0,0.0,0.0,0.0,0.0
2019-02-02,21,0,63,170.0,170.0,0.0,4622.1504,0.0
2019-02-02,21,0,64,200.0,200.0,0.0,5437.824,0.0
2019-02-02,21,0,65,13.02,13.02,0.0,120.419814,0.0
2019-02-02,21,0,67,0.0,0.0,0.0,-0.0,0.0
2019-02-02,21,0,68,2.84,2.84,0.0,-82.034958,0.0
2019-02-02,21,0,69,0.0,0.0,0.0,0.0,0.0
2019-02-02,21,0,74,35.73,35.73,0.0,304.126283,0.0
2019-02-02,21,0,77,58.13,58.13,0.0,-921.046873,0.0
2019-02-02,21,0,78,44.03,44.03,0.0,-697.637946,0.0
2019-02-02,21,0,79,25.54,25.54,0.0,-404.671205,0.0
2019-02-02,21,0,80,41.22,41.22,0.0,-653.114607,0.0
2019-02-02,21,0,81,53.8,53.8,0.0,-852.439734,0.0
2019-02-02,21,0,82,38.03,38.03,0.0,-602.570318,0.0
2019-02-02,21,0,83,84.27,84.27,0.0,-1335.22484,0.0
2019-02-02,21,0,84,0.0,0.0,0.0,0.0,0.0
2019-02-02,21,0,86,0.0,0.0,0.0,0.0,0.0
2019-02-02,21,0,87,0.0,0.0,0.0,0.0,0.0
2019-02-02,21,0,88,79.1,79.1,0.0,-1253.308234,0.0
2019-02-02,21,0,89,76.04,76.04,0.0,-1204.823743,0.0
2019-02-02,21,0,90,102.09,102.09,0.0,-1617.575696,0.0
2019-02-02,21,0,91,364.18,364.18,0.0,-5770.288149,0.0
2019-02-02,21,0,92,130.98,130.98,0.0,-2075.326327,0.0
2019-02-02,21,0,95,114.91,114.91,0.0,2236.418973,0.0
2019-02-02,21,0,96,6.81,6.81,0.0,41.819822,0.0
2019-02-02,21,0,97,41.85,41.85,0.0,256.998467,0.0
2019-02-02,21,0,99,6.9,6.9,0.0,58.731356,0.0
2019-02-02,21,0,101,0.0,0.0,0.0,0.0,0.0
2019-02-02,21,0,102,6.72,6.72,0.0,-194.110887,0.0
2019-02-02,21,0,103,5.84,5.84,0.0,-168.691604,0.0
2019-02-02,21,0,104,1.09,1.09,0.0,-31.485248,0.0
2019-02-02,21,0,106,0.0,0.0,0.0,0.0,0.0
2019-02-02,21,0,109,61.47,61.47,0.0,470.856777,0.0
2019-02-02,21,0,110,338.6,338.6,0.0,-31141.468501,0.0
2019-02-02,21,0,111,0.0,0.0,0.0,0.0,0.0
2019-02-02,21,0,113,43.91,43.91,0.0,-573.040404,0.0
2019-02-02,21,0,115,43.91,43.91,0.0,-573.040404,0.0
2019-02-02,21,0,116,0.0,0.0,0.0,-0.0,0.0
2019-02-02,21,0,117,2.95,2.95,0.0,-38.498501,0.0
2019-02-02,21,0,119,200.0,200.0,0.0,5437.824,0.0
2019-02-02,21,0,120,117.6,117.6,0.0,3197.440512,0.0
2019-02-02,21,0,123,0.0,0.0,0.0,0.0,0.0
2019-02-02,21,0,125,52.03,52.03,0.0,321.365126,0.0
2019-02-02,21,0,126,0.0,0.0,0.0,0.0,0.0
2019-02-02,21,0,127,0.0,0.0,0.0,0.0,0.0
2019-02-02,21,0,128,74.53,74.53,0.0,460.337168,0.0
2019-02-02,21,0,131,8.67,8.67,0.0,-214.479337,0.0
2019-02-02,21,0,132,12.75,12.75,0.0,-315.41079,0.0
2019-02-02,21,0,133,17.29,17.29,0.0,160.417254,0.0
2019-02-02,21,0,134,0.0,0.0,0.0,0.0,0.0
2019-02-02,21,0,135,22.48,22.48,0.0,208.570264,0.0
2019-02-02,21,0,136,13.7,13.7,0.0,126.688949,0.0
2019-02-02,21,0,139,37.2,37.2,0.0,264.513345,0.0
2019-02-02,21,0,140,250.6,250.6,0.0,-23047.997656,0.0
2019-02-02,21,0,141,102.06,102.06,0.0,-4532.998448,0.0
2019-02-02,21,0,142,0.0,0.0,0.0,-0.0,0.0
2019-02-02,21,0,143,12.76,12.76,0.0,78.590519,0.0
2019-02-02,21,0,145,9.28,9.28,0.0,62.331207,0.0
2019-02-02,21,0,146,268.0,268.0,0.0,-24648.297573,0.0
2019-02-02,21,0,152,0.0,0.0,0.0,0.0,0.0
2019-02-02,21,0,153,0.0,0.0,0.0,0.0,0.0
2019-02-02,21,0,154,0.0,0.0,0.0,0.0,0.0
2019-02-02,21,0,157,164.99,164.99,0.0,-7328.036585,0.0
2019-02-02,21,0,158,0.0,0.0,0.0,-0.0,0.0
2019-02-02,21,0,159,0.0,0.0,0.0,0.0,0.0
2019-02-02,21,0,160,0.0,0.0,0.0,0.0,0.0
2019-02-02,21,0,161,0.0,0.0,0.0,-0.0,0.0
2019-02-02,21,0,162,135.1,135.1,0.0,2640.814522,0.0
2019-02-02,21,0,163,108.74,108.74,0.0,-10000.954769,0.0
2019-02-02,21,0,164,0.0,0.0,0.0,0.0,0.0
2019-02-02,21,0,167,0.0,0.0,0.0,0.0,0.0
2019-02-02,21,0,168,0.0,0.0,0.0,0.0,0.0
2019-02-02,21,0,169,0.0,0.0,0.0,0.0,0.0
2019-02-02,21,0,170,0.0,0.0,0.0,0.0,0.0
2019-02-02,21,0,172,0.0,0.0,0.0,0.0,0.0
2019-02-02,21,0,173,0.0,0.0,0.0,0.0,0.0
2019-02-02,21,0,188,0.0,0.0,0.0,0.0,0.0
2019-02-02,21,0,190,0.0,0.0,0.0,0.0,0.0
2019-02-02,21,0,191,0.0,0.0,0.0,0.0,0.0
2019-02-02,21,0,192,154.3,154.3,0.0,4195.281216,0.0
2019-02-02,21,0,194,176.5,176.5,0.0,197.015823,0.0
2019-02-02,21,0,196,0.0,0.0,0.0,0.0,0.0
2019-02-02,21,0,198,0.0,0.0,0.0,0.0,0.0
2019-02-02,21,0,199,76.46,76.46,0.0,529.256278,0.0
2019-02-02,21,0,200,0.0,0.0,0.0,0.0,0.0
2019-02-02,21,0,204,778.19,778.19,0.0,5897.800419,0.0
2019-02-02,21,0,205,285.3,285.3,0.0,2185.382111,0.0
2019-02-02,21,0,206,122.97,122.97,0.0,755.151767,0.0
2019-02-02,21,0,210,0.0,0.0,0.0,0.0,0.0
2019-02-02,21,0,214,0.0,0.0,0.0,0.0,0.0
2019-02-02,21,0,217,0.0,0.0,0.0,0.0,0.0
2019-02-02,21,0,218,0.0,0.0,0.0,0.0,0.0
2019-02-02,21,0,219,0.0,0.0,0.0,0.0,0.0
2019-02-02,21,0,221,0.0,0.0,0.0,0.0,0.0
2019-02-02,21,0,225,0.0,0.0,0.0,0.0,0.0
2019-02-02,21,0,233,0.0,0.0,0.0,0.0,0.0
2019-02-02,21,0,236,66.75,66.75,0.0,594.621014,0.0
2019-02-02,21,0,237,85.71,85.71,0.0,729.545584,0.0
2019-02-02,21,0,238,0.0,0.0,0.0,0.0,0.0
2019-02-02,21,0,240,0.0,0.0,0.0,0.0,0.0
2019-02-02,21,0,245,64.39,64.39,0.0,603.570208,0.0
2019-02-02,21,0,247,35.28,35.28,0.0,330.702857,0.0
2019-02-02,21,0,248,8.6,8.6,0.0,73.2014,0.0
2019-02-02,21,0,249,123.82,123.82,0.0,1160.647044,0.0
2019-02-02,21,0,251,133.58,133.58,0.0,1229.605977,0.0
2019-02-02,21,0,252,83.96,83.96,0.0,776.532075,0.0
2019-02-02,21,0,254,0.0,0.0,0.0,0.0,0.0
2019-02-02,21,0,255,0.0,0.0,0.0,0.0,0.0
2019-02-02,21,0,258,0.0,0.0,0.0,0.0,0.0
2019-02-02,21,0,260,0.0,0.0,0.0,0.0,0.0
2019-02-02,21,0,265,0.0,0.0,0.0,0.0,0.0
2019-02-02,21,0,266,23.3,23.3,0.0,165.676369,0.0
2019-02-02,21,0,267,29.08,29.08,0.0,206.775485,0.0
2019-02-02,21,0,270,339.59,339.59,0.0,-31232.520048,0.0
2019-02-02,21,0,272,146.64,146.64,0.0,-1913.701774,0.0
2019-02-02,21,0,273,0.0,0.0,0.0,-0.0,0.0
2019-02-02,21,0,274,437.77,437.77,0.0,-40262.258315,0.0
2019-02-02,21,0,275,609.38,609.38,0.0,-56045.446175,0.0
2019-02-02,21,0,276,0.0,0.0,0.0,-0.0,0.0
2019-02-02,21,0,277,0.0,0.0,0.0,-0.0,0.0
2019-02-02,21,0,278,0.0,0.0,0.0,-0.0,0.0
2019-02-02,21,0,279,272.84,272.84,0.0,-3866.307999,0.0
2019-02-02,21,0,281,2.68,2.68,0.0,16.506473,0.0
2019-02-02,21,0,282,0.0,0.0,0.0,0.0,0.0
2019-02-02,22,0,9,0.0,0.0,0.0,0.0,0.0
2019-02-02,22,0,17,0.0,0.0,0.0,0.0,0.0
2019-02-02,22,0,19,90.19,90.19,0.0,622.242595,0.0
2019-02-02,22,0,20,109.38,109.38,0.0,754.63904,0.0
2019-02-02,22,0,21,0.0,0.0,0.0,0.0,0.0
2019-02-02,22,0,22,0.0,0.0,0.0,0.0,0.0
2019-02-02,22,0,23,41.54,41.54,0.0,557.243127,0.0
2019-02-02,22,0,24,73.5,73.5,0.0,985.974238,0.0
2019-02-02,22,0,29,0.0,0.0,0.0,0.0,0.0
2019-02-02,22,0,30,0.0,0.0,0.0,0.0,0.0
2019-02-02,22,0,31,5.82,5.82,0.0,78.313527,0.0
2019-02-02,22,0,32,0.0,0.0,0.0,0.0,0.0
2019-02-02,22,0,33,0.0,0.0,0.0,0.0,0.0
2019-02-02,22,0,34,0.0,0.0,0.0,0.0,0.0
2019-02-02,22,0,35,0.0,0.0,0.0,0.0,0.0
2019-02-02,22,0,36,0.0,0.0,0.0,0.0,0.0
2019-02-02,22,0,37,0.0,0.0,0.0,0.0,0.0
2019-02-02,22,0,38,0.0,0.0,0.0,0.0,0.0
2019-02-02,22,0,39,0.0,0.0,0.0,0.0,0.0
2019-02-02,22,0,40,0.0,0.0,0.0,0.0,0.0
2019-02-02,22,0,41,26.87,26.87,0.0,302.624522,0.0
2019-02-02,22,0,42,0.0,0.0,0.0,0.0,0.0
2019-02-02,22,0,43,0.0,0.0,0.0,0.0,0.0
2019-02-02,22,0,46,0.0,0.0,0.0,0.0,0.0
2019-02-02,22,0,52,6.17,6.17,0.0,83.023104,0.0
2019-02-02,22,0,53,9.81,9.81,0.0,132.002698,0.0
2019-02-02,22,0,55,114.03,114.03,0.0,1529.668604,0.0
2019-02-02,22,0,56,0.0,0.0,0.0,0.0,0.0
2019-02-02,22,0,57,0.0,0.0,0.0,0.0,0.0
2019-02-02,22,0,58,0.0,0.0,0.0,0.0,0.0
2019-02-02,22,0,59,0.0,0.0,0.0,0.0,0.0
2019-02-02,22,0,63,170.0,170.0,0.0,16416.031561,0.0
2019-02-02,22,0,64,200.0,200.0,0.0,19312.978307,0.0
2019-02-02,22,0,65,10.64,10.64,0.0,73.899267,0.0
2019-02-02,22,0,67,0.0,0.0,0.0,-0.0,0.0
2019-02-02,22,0,68,3.61,3.61,0.0,-1527.170673,0.0
2019-02-02,22,0,69,0.0,0.0,0.0,0.0,0.0
2019-02-02,22,0,74,44.14,44.14,0.0,364.442115,0.0
2019-02-02,22,0,77,91.52,91.52,0.0,-27919.142153,0.0
2019-02-02,22,0,78,69.19,69.19,0.0,-21107.139921,0.0
2019-02-02,22,0,79,40.04,40.04,0.0,-12214.624692,0.0
2019-02-02,22,0,80,64.75,64.75,0.0,-19752.671049,0.0
2019-02-02,22,0,81,84.66,84.66,0.0,-25826.426734,0.0
2019-02-02,22,0,82,59.72,59.72,0.0,-18218.216449,0.0
2019-02-02,22,0,83,133.16,133.16,0.0,-40621.863736,0.0
2019-02-02,22,0,84,0.0,0.0,0.0,-0.0,0.0
2019-02-02,22,0,86,0.0,0.0,0.0,0.0,0.0
2019-02-02,22,0,87,0.0,0.0,0.0,0.0,0.0
2019-02-02,22,0,88,104.5,104.5,0.0,-31878.82818,0.0
2019-02-02,22,0,89,100.45,100.45,0.0,-30643.332925,0.0
2019-02-02,22,0,90,134.88,134.88,0.0,-41146.567894,0.0
2019-02-02,22,0,91,481.14,481.14,0.0,-146776.836273,0.0
2019-02-02,22,0,92,173.04,173.04,0.0,-52787.678739,0.0
2019-02-02,22,0,95,120.0,120.0,0.0,3049.643213,0.0
2019-02-02,22,0,96,9.7,9.7,0.0,130.941395,0.0
2019-02-02,22,0,97,59.65,59.65,0.0,805.222083,0.0
2019-02-02,22,0,99,8.52,8.52,0.0,70.345419,0.0
2019-02-02,22,0,101,0.0,0.0,0.0,0.0,0.0
2019-02-02,22,0,102,8.56,8.56,0.0,-3621.213563,0.0
2019-02-02,22,0,103,7.44,7.44,0.0,-3147.409919,0.0
2019-02-02,22,0,104,1.38,1.38,0.0,-583.793775,0.0
2019-02-02,22,0,106,0.0,0.0,0.0,0.0,0.0
2019-02-02,22,0,109,143.07,143.07,0.0,1408.0282,0.0
2019-02-02,22,0,110,338.6,338.6,0.0,-338600.0,0.0
2019-02-02,22,0,111,0.0,0.0,0.0,0.0,0.0
2019-02-02,22,0,113,103.33,103.33,0.0,-28443.580408,0.0
2019-02-02,22,0,115,103.33,103.33,0.0,-28443.580408,0.0
2019-02-02,22,0,116,0.0,0.0,0.0,-0.0,0.0
2019-02-02,22,0,117,6.89,6.89,0.0,-1896.60572,0.0
2019-02-02,22,0,119,200.0,200.0,0.0,19312.978307,0.0
2019-02-02,22,0,120,117.6,117.6,0.0,11356.031245,0.0
2019-02-02,22,0,123,0.0,0.0,0.0,0.0,0.0
2019-02-02,22,0,125,66.51,66.51,0.0,892.206076,0.0
2019-02-02,22,0,126,0.0,0.0,0.0,0.0,0.0
2019-02-02,22,0,127,0.0,0.0,0.0,0.0,0.0
2019-02-02,22,0,128,95.26,95.26,0.0,1277.876271,0.0
2019-02-02,22,0,131,11.07,11.07,0.0,-4263.143192,0.0
2019-02-02,22,0,132,16.28,16.28,0.0,-6269.554758,0.0
2019-02-02,22,0,133,23.61,23.61,0.0,162.788373,0.0
2019-02-02,22,0,134,0.0,0.0,0.0,0.0,0.0
2019-02-02,22,0,135,31.64,31.64,0.0,218.154346,0.0
2019-02-02,22,0,136,11.0,11.0,0.0,76.427504,0.0
2019-02-02,22,0,139,34.7,34.7,0.0,390.810232,0.0
2019-02-02,22,0,140,250.6,250.6,0.0,-250600.0,0.0
2019-02-02,22,0,141,109.71,109.71,0.0,-61993.446585,0.0
2019-02-02,22,0,142,0.0,0.0,0.0,-0.0,0.0
2019-02-02,22,0,143,10.27,10.27,0.0,138.192427,0.0
2019-02-02,22,0,145,28.53,28.53,0.0,345.621646,0.0
2019-02-02,22,0,146,268.0,268.0,0.0,-268000.0,0.0
2019-02-02,22,0,152,0.0,0.0,0.0,0.0,0.0
2019-02-02,22,0,153,0.0,0.0,0.0,0.0,0.0
2019-02-02,22,0,154,0.0,0.0,0.0,0.0,0.0
2019-02-02,22,0,157,191.8,191.8,0.0,-108379.756221,0.0
2019-02-02,22,0,158,0.0,0.0,0.0,-0.0,0.0
2019-02-02,22,0,159,0.0,0.0,0.0,0.0,0.0
2019-02-02,22,0,160,0.0,0.0,0.0,0.0,0.0
2019-02-02,22,0,161,0.0,0.0,0.0,-0.0,0.0
2019-02-02,22,0,162,70.56,70.56,0.0,1848.363164,0.0
2019-02-02,22,0,163,134.86,134.86,0.0,-134860.0,0.0
2019-02-02,22,0,164,0.0,0.0,0.0,0.0,0.0
2019-02-02,22,0,167,0.0,0.0,0.0,0.0,0.0
2019-02-02,22,0,168,0.0,0.0,0.0,0.0,0.0
2019-02-02,22,0,169,0.0,0.0,0.0,0.0,0.0
2019-02-02,22,0,170,0.0,0.0,0.0,0.0,0.0
2019-02-02,22,0,172,0.0,0.0,0.0,0.0,0.0
2019-02-02,22,0,173,0.0,0.0,0.0,0.0,0.0
2019-02-02,22,0,188,0.0,0.0,0.0,0.0,0.0
2019-02-02,22,0,190,0.0,0.0,0.0,0.0,0.0
2019-02-02,22,0,191,0.0,0.0,0.0,0.0,0.0
2019-02-02,22,0,192,175.97,175.97,0.0,5706.277226,0.0
2019-02-02,22,0,194,176.5,176.5,0.0,-25019.665126,0.0
2019-02-02,22,0,196,0.0,0.0,0.0,0.0,0.0
2019-02-02,22,0,198,0.0,0.0,0.0,0.0,0.0
2019-02-02,22,0,199,76.56,76.56,0.0,-3047.258545,0.0
2019-02-02,22,0,200,0.0,0.0,0.0,-0.0,0.0
2019-02-02,22,0,204,857.0,857.0,0.0,8573.820778,0.0
2019-02-02,22,0,205,711.8,711.8,0.0,7005.203556,0.0
2019-02-02,22,0,206,175.27,175.27,0.0,2365.989512,0.0
2019-02-02,22,0,210,0.0,0.0,0.0,0.0,0.0
2019-02-02,22,0,214,0.0,0.0,0.0,0.0,0.0
2019-02-02,22,0,217,0.0,0.0,0.0,0.0,0.0
2019-02-02,22,0,218,0.0,0.0,0.0,0.0,0.0
2019-02-02,22,0,219,0.0,0.0,0.0,0.0,0.0
2019-02-02,22,0,221,0.0,0.0,0.0,0.0,0.0
2019-02-02,22,0,225,0.0,0.0,0.0,0.0,0.0
2019-02-02,22,0,233,0.0,0.0,0.0,0.0,0.0
2019-02-02,22,0,236,50.57,50.57,0.0,380.75791,0.0
2019-02-02,22,0,237,105.88,105.88,0.0,874.198711,0.0
2019-02-02,22,0,238,0.0,0.0,0.0,0.0,0.0
2019-02-02,22,0,240,0.0,0.0,0.0,0.0,0.0
2019-02-02,22,0,245,52.87,52.87,0.0,355.784992,0.0
2019-02-02,22,0,247,24.82,24.82,0.0,167.024466,0.0
2019-02-02,22,0,248,10.63,10.63,0.0,87.766644,0.0
2019-02-02,22,0,249,101.67,101.67,0.0,684.181202,0.0
2019-02-02,22,0,251,267.71,267.71,0.0,1879.655313,0.0
2019-02-02,22,0,252,68.64,68.64,0.0,476.733615,0.0
2019-02-02,22,0,254,0.0,0.0,0.0,0.0,0.0
2019-02-02,22,0,255,0.0,0.0,0.0,0.0,0.0
2019-02-02,22,0,258,0.0,0.0,0.0,0.0,0.0
2019-02-02,22,0,260,0.0,0.0,0.0,0.0,0.0
2019-02-02,22,0,265,0.0,0.0,0.0,0.0,0.0
2019-02-02,22,0,266,22.47,22.47,0.0,253.069335,0.0
2019-02-02,22,0,267,27.61,27.61,0.0,310.958804,0.0
2019-02-02,22,0,270,421.18,421.18,0.0,-421180.0,0.0
2019-02-02,22,0,272,345.34,345.34,0.0,-95061.512224,0.0
2019-02-02,22,0,273,0.0,0.0,0.0,-0.0,0.0
2019-02-02,22,0,274,542.95,542.95,0.0,-542950.0,0.0
2019-02-02,22,0,275,755.79,755.79,0.0,-755790.0,0.0
2019-02-02,22,0,276,0.0,0.0,0.0,-0.0,0.0
2019-02-02,22,0,277,0.0,0.0,0.0,-0.0,0.0
2019-02-02,22,0,278,0.0,0.0,0.0,-0.0,0.0
2019-02-02,22,0,279,142.36,142.36,0.0,-40887.659292,0.0
2019-02-02,22,0,281,2.61,2.61,0.0,35.119984,0.0
2019-02-02,22,0,282,0.0,0.0,0.0,0.0,0.0
2019-02-02,23,0,9,0.0,0.0,0.0,0.0,0.0
2019-02-02,23,0,17,0.0,0.0,0.0,0.0,0.0
2019-02-02,23,0,19,87.29,87.29,0.0,619.325206,0.0
2019-02-02,23,0,20,105.86,105.86,0.0,751.079921,0.0
2019-02-02,23,0,21,0.0,0.0,0.0,0.0,0.0
2019-02-02,23,0,22,0.0,0.0,0.0,0.0,0.0
2019-02-02,23,0,23,43.57,43.57,0.0,584.528552,0.0
2019-02-02,23,0,24,77.09,77.09,0.0,1034.227819,0.0
2019-02-02,23,0,29,0.0,0.0,0.0,0.0,0.0
2019-02-02,23,0,30,0.0,0.0,0.0,0.0,0.0
2019-02-02,23,0,31,6.99,6.99,0.0,94.056968,0.0
2019-02-02,23,0,32,0.0,0.0,0.0,0.0,0.0
2019-02-02,23,0,33,0.0,0.0,0.0,0.0,0.0
2019-02-02,23,0,34,0.0,0.0,0.0,0.0,0.0
2019-02-02,23,0,35,0.0,0.0,0.0,0.0,0.0
2019-02-02,23,0,36,0.0,0.0,0.0,0.0,0.0
2019-02-02,23,0,37,0.0,0.0,0.0,0.0,0.0
2019-02-02,23,0,38,0.0,0.0,0.0,0.0,0.0
2019-02-02,23,0,39,0.0,0.0,0.0,0.0,0.0
2019-02-02,23,0,40,0.0,0.0,0.0,0.0,0.0
2019-02-02,23,0,41,41.18,41.18,0.0,466.488661,0.0
2019-02-02,23,0,42,0.0,0.0,0.0,0.0,0.0
2019-02-02,23,0,43,0.0,0.0,0.0,0.0,0.0
2019-02-02,23,0,46,0.0,0.0,0.0,0.0,0.0
2019-02-02,23,0,52,7.41,7.41,0.0,99.70846,0.0
2019-02-02,23,0,53,11.77,11.77,0.0,158.376326,0.0
2019-02-02,23,0,55,217.04,217.04,0.0,2911.775921,0.0
2019-02-02,23,0,56,0.0,0.0,0.0,0.0,0.0
2019-02-02,23,0,57,0.0,0.0,0.0,0.0,0.0
2019-02-02,23,0,58,0.0,0.0,0.0,0.0,0.0
2019-02-02,23,0,59,0.0,0.0,0.0,0.0,0.0
2019-02-02,23,0,63,170.0,170.0,0.0,16268.425161,0.0
2019-02-02,23,0,64,200.0,200.0,0.0,19139.323718,0.0
2019-02-02,23,0,65,11.0,11.0,0.0,78.538127,0.0
2019-02-02,23,0,67,0.0,0.0,0.0,-0.0,0.0
2019-02-02,23,0,68,3.93,3.93,0.0,-1664.003372,0.0
2019-02-02,23,0,69,0.0,0.0,0.0,0.0,0.0
2019-02-02,23,0,74,38.58,38.58,0.0,324.52587,0.0
2019-02-02,23,0,77,117.8,117.8,0.0,-35987.935956,0.0
2019-02-02,23,0,78,89.06,89.06,0.0,-27207.857184,0.0
2019-02-02,23,0,79,51.54,51.54,0.0,-15745.485731,0.0
2019-02-02,23,0,80,83.34,83.34,0.0,-25460.395438,0.0
2019-02-02,23,0,81,108.96,108.96,0.0,-33287.313258,0.0
2019-02-02,23,0,82,76.86,76.86,0.0,-23480.75346,0.0
2019-02-02,23,0,83,171.4,171.4,0.0,-52362.752316,0.0
2019-02-02,23,0,84,0.0,0.0,0.0,-0.0,0.0
2019-02-02,23,0,86,0.0,0.0,0.0,0.0,0.0
2019-02-02,23,0,87,0.0,0.0,0.0,0.0,0.0
2019-02-02,23,0,88,137.08,137.08,0.0,-41877.981841,0.0
2019-02-02,23,0,89,131.78,131.78,0.0,-40258.830223,0.0
2019-02-02,23,0,90,176.94,176.94,0.0,-54055.224007,0.0
2019-02-02,23,0,91,631.17,631.17,0.0,-192822.627651,0.0
2019-02-02,23,0,92,227.0,227.0,0.0,-69348.569287,0.0
2019-02-02,23,0,95,120.0,120.0,0.0,2952.631125,0.0
2019-02-02,23,0,96,10.77,10.77,0.0,145.371559,0.0
2019-02-02,23,0,97,66.22,66.22,0.0,893.82587,0.0
2019-02-02,23,0,99,7.45,7.45,0.0,62.667645,0.0
2019-02-02,23,0,101,0.0,0.0,0.0,0.0,0.0
2019-02-02,23,0,102,9.31,9.31,0.0,-3941.952008,0.0
2019-02-02,23,0,103,8.1,8.1,0.0,-3429.62527,0.0
2019-02-02,23,0,104,1.5,1.5,0.0,-635.115791,0.0
2019-02-02,23,0,106,0.0,0.0,0.0,0.0,0.0
2019-02-02,23,0,109,177.78,177.78,0.0,1768.815502,0.0
2019-02-02,23,0,110,338.6,338.6,0.0,-338600.0,0.0
2019-02-02,23,0,111,0.0,0.0,0.0,0.0,0.0
2019-02-02,23,0,113,121.05,121.05,0.0,-33380.003309,0.0
2019-02-02,23,0,115,121.05,121.05,0.0,-33380.003309,0.0
2019-02-02,23,0,116,0.0,0.0,0.0,-0.0,0.0
2019-02-02,23,0,117,8.07,8.07,0.0,-2225.333554,0.0
2019-02-02,23,0,119,200.0,200.0,0.0,19139.323718,0.0
2019-02-02,23,0,120,117.6,117.6,0.0,11253.922346,0.0
2019-02-02,23,0,123,0.0,0.0,0.0,0.0,0.0
2019-02-02,23,0,125,69.76,69.76,0.0,935.889644,0.0
2019-02-02,23,0,126,0.0,0.0,0.0,0.0,0.0
2019-02-02,23,0,127,0.0,0.0,0.0,0.0,0.0
2019-02-02,23,0,128,99.91,99.91,0.0,1340.377499,0.0
2019-02-02,23,0,131,11.99,11.99,0.0,-4622.19024,0.0
2019-02-02,23,0,132,17.63,17.63,0.0,-6796.43152,0.0
2019-02-02,23,0,133,24.27,24.27,0.0,172.09395,0.0
2019-02-02,23,0,134,0.0,0.0,0.0,0.0,0.0
2019-02-02,23,0,135,32.52,32.52,0.0,230.59313,0.0
2019-02-02,23,0,136,10.33,10.33,0.0,73.779847,0.0
2019-02-02,23,0,139,53.17,53.17,0.0,602.311853,0.0
2019-02-02,23,0,140,250.6,250.6,0.0,-250600.0,0.0
2019-02-02,23,0,141,115.03,115.03,0.0,-65031.819694,0.0
2019-02-02,23,0,142,0.0,0.0,0.0,-0.0,0.0
2019-02-02,23,0,143,11.84,11.84,0.0,159.318241,0.0
2019-02-02,23,0,145,13.96,13.96,0.0,169.675216,0.0
2019-02-02,23,0,146,268.0,268.0,0.0,-268000.0,0.0
2019-02-02,23,0,152,0.0,0.0,0.0,0.0,0.0
2019-02-02,23,0,153,0.0,0.0,0.0,0.0,0.0
2019-02-02,23,0,154,0.0,0.0,0.0,0.0,0.0
2019-02-02,23,0,157,187.37,187.37,0.0,-105928.992923,0.0
2019-02-02,23,0,158,0.0,0.0,0.0,-0.0,0.0
2019-02-02,23,0,159,0.0,0.0,0.0,0.0,0.0
2019-02-02,23,0,160,0.0,0.0,0.0,0.0,0.0
2019-02-02,23,0,161,0.0,0.0,0.0,-0.0,0.0
2019-02-02,23,0,162,44.42,44.42,0.0,1127.705486,0.0
2019-02-02,23,0,163,161.39,161.39,0.0,-161390.0,0.0
2019-02-02,23,0,164,0.0,0.0,0.0,0.0,0.0
2019-02-02,23,0,167,0.0,0.0,0.0,0.0,0.0
2019-02-02,23,0,168,0.0,0.0,0.0,0.0,0.0
2019-02-02,23,0,169,0.0,0.0,0.0,0.0,0.0
2019-02-02,23,0,170,0.0,0.0,0.0,0.0,0.0
2019-02-02,23,0,172,0.0,0.0,0.0,0.0,0.0
2019-02-02,23,0,173,0.0,0.0,0.0,0.0,0.0
2019-02-02,23,0,188,0.0,0.0,0.0,0.0,0.0
2019-02-02,23,0,190,0.0,0.0,0.0,0.0,0.0
2019-02-02,23,0,191,0.0,0.0,0.0,0.0,0.0
2019-02-02,23,0,192,233.01,233.01,0.0,7555.945084,0.0
2019-02-02,23,0,194,176.5,176.5,0.0,-25124.569863,0.0
2019-02-02,23,0,196,0.0,0.0,0.0,0.0,0.0
2019-02-02,23,0,198,0.0,0.0,0.0,0.0,0.0
2019-02-02,23,0,199,73.04,73.04,0.0,-2899.704955,0.0
2019-02-02,23,0,200,0.0,0.0,0.0,-0.0,0.0
2019-02-02,23,0,204,857.0,857.0,0.0,8662.146822,0.0
2019-02-02,23,0,205,940.49,940.49,0.0,9357.370296,0.0
2019-02-02,23,0,206,194.59,194.59,0.0,2626.541468,0.0
2019-02-02,23,0,210,0.0,0.0,0.0,0.0,0.0
2019-02-02,23,0,214,0.0,0.0,0.0,0.0,0.0
2019-02-02,23,0,217,0.0,0.0,0.0,0.0,0.0
2019-02-02,23,0,218,0.0,0.0,0.0,0.0,0.0
2019-02-02,23,0,219,0.0,0.0,0.0,0.0,0.0
2019-02-02,23,0,221,0.0,0.0,0.0,0.0,0.0
2019-02-02,23,0,225,0.0,0.0,0.0,0.0,0.0
2019-02-02,23,0,233,0.0,0.0,0.0,0.0,0.0
2019-02-02,23,0,236,50.53,50.53,0.0,389.399236,0.0
2019-02-02,23,0,237,92.54,92.54,0.0,778.424676,0.0
2019-02-02,23,0,238,0.0,0.0,0.0,0.0,0.0
2019-02-02,23,0,240,0.0,0.0,0.0,0.0,0.0
2019-02-02,23,0,245,59.22,59.22,0.0,410.411782,0.0
2019-02-02,23,0,247,30.66,30.66,0.0,212.482695,0.0
2019-02-02,23,0,248,9.29,9.29,0.0,78.145291,0.0
2019-02-02,23,0,249,113.89,113.89,0.0,789.290743,0.0
2019-02-02,23,0,251,137.75,137.75,0.0,993.643485,0.0
2019-02-02,23,0,252,70.93,70.93,0.0,506.428125,0.0
2019-02-02,23,0,254,0.0,0.0,0.0,0.0,0.0
2019-02-02,23,0,255,0.0,0.0,0.0,0.0,0.0
2019-02-02,23,0,258,0.0,0.0,0.0,0.0,0.0
2019-02-02,23,0,260,0.0,0.0,0.0,0.0,0.0
2019-02-02,23,0,265,0.0,0.0,0.0,0.0,0.0
2019-02-02,23,0,266,34.43,34.43,0.0,390.024395,0.0
2019-02-02,23,0,267,42.31,42.31,0.0,479.289345,0.0
2019-02-02,23,0,270,504.01,504.01,0.0,-504010.0,0.0
2019-02-02,23,0,272,404.55,404.55,0.0,-111556.219239,0.0
2019-02-02,23,0,273,0.0,0.0,0.0,-0.0,0.0
2019-02-02,23,0,274,649.74,649.74,0.0,-649740.0,0.0
2019-02-02,23,0,275,904.44,904.44,0.0,-904440.0,0.0
2019-02-02,23,0,276,0.0,0.0,0.0,-0.0,0.0
2019-02-02,23,0,277,0.0,0.0,0.0,-0.0,0.0
2019-02-02,23,0,278,0.0,0.0,0.0,-0.0,0.0
2019-02-02,23,0,279,158.88,158.88,0.0,-45706.548001,0.0
2019-02-02,23,0,281,3.14,3.14,0.0,42.251628,0.0
2019-02-02,23,0,282,0.0,0.0,0.0,0.0,0.0
2019-02-03,0,0,9,0.0,0.0,0.0,0.0,0.0
2019-02-03,0,0,17,0.0,0.0,0.0,0.0,0.0
2019-02-03,0,0,19,94.2,94.2,0.0,709.801498,0.0
2019-02-03,0,0,20,114.25,114.25,0.0,860.879206,0.0
2019-02-03,0,0,21,0.0,0.0,0.0,0.0,0.0
2019-02-03,0,0,22,0.0,0.0,0.0,0.0,0.0
2019-02-03,0,0,23,46.02,46.02,0.0,617.12316,0.0
2019-02-03,0,0,24,81.42,81.42,0.0,1091.833283,0.0
2019-02-03,0,0,29,0.0,0.0,0.0,0.0,0.0
2019-02-03,0,0,30,0.0,0.0,0.0,0.0,0.0
2019-02-03,0,0,31,8.31,8.31,0.0,111.818799,0.0
2019-02-03,0,0,32,0.0,0.0,0.0,0.0,0.0
2019-02-03,0,0,33,0.0,0.0,0.0,0.0,0.0
2019-02-03,0,0,34,0.0,0.0,0.0,0.0,0.0
2019-02-03,0,0,35,0.0,0.0,0.0,0.0,0.0
2019-02-03,0,0,36,0.0,0.0,0.0,0.0,0.0
2019-02-03,0,0,37,0.0,0.0,0.0,0.0,0.0
2019-02-03,0,0,38,0.0,0.0,0.0,0.0,0.0
2019-02-03,0,0,39,0.0,0.0,0.0,0.0,0.0
2019-02-03,0,0,40,0.0,0.0,0.0,0.0,0.0
2019-02-03,0,0,41,59.7,59.7,0.0,659.724822,0.0
2019-02-03,0,0,42,0.0,0.0,0.0,0.0,0.0
2019-02-03,0,0,43,0.0,0.0,0.0,0.0,0.0
2019-02-03,0,0,46,0.0,0.0,0.0,0.0,0.0
2019-02-03,0,0,52,8.81,8.81,0.0,118.546765,0.0
2019-02-03,0,0,53,14.0,14.0,0.0,188.383055,0.0
2019-02-03,0,0,55,237.14,237.14,0.0,3180.021428,0.0
2019-02-03,0,0,56,0.0,0.0,0.0,0.0,0.0
2019-02-03,0,0,57,0.0,0.0,0.0,0.0,0.0
2019-02-03,0,0,58,0.0,0.0,0.0,0.0,0.0
2019-02-03,0,0,59,0.0,0.0,0.0,0.0,0.0
2019-02-03,0,0,63,170.0,170.0,0.0,15879.210722,0.0
2019-02-03,0,0,64,200.0,200.0,0.0,18681.424379,0.0
2019-02-03,0,0,65,11.52,11.52,0.0,87.477996,0.0
2019-02-03,0,0,67,0.0,0.0,0.0,-0.0,0.0
2019-02-03,0,0,68,4.29,4.29,0.0,-1822.184736,0.0
2019-02-03,0,0,69,0.0,0.0,0.0,0.0,0.0
2019-02-03,0,0,74,33.9,33.9,0.0,285.802965,0.0
2019-02-03,0,0,77,148.39,148.39,0.0,-45578.783325,0.0
2019-02-03,0,0,78,112.19,112.19,0.0,-34459.759426,0.0
2019-02-03,0,0,79,64.92,64.92,0.0,-19940.525733,0.0
2019-02-03,0,0,80,104.99,104.99,0.0,-32248.24086,0.0
2019-02-03,0,0,81,137.27,137.27,0.0,-42163.215763,0.0
2019-02-03,0,0,82,96.83,96.83,0.0,-29741.853153,0.0
2019-02-03,0,0,83,215.91,215.91,0.0,-66317.912984,0.0
2019-02-03,0,0,84,0.0,0.0,0.0,-0.0,0.0
2019-02-03,0,0,86,0.0,0.0,0.0,0.0,0.0
2019-02-03,0,0,87,0.0,0.0,0.0,0.0,0.0
2019-02-03,0,0,88,170.6,170.6,0.0,-52400.703789,0.0
2019-02-03,0,0,89,164.0,164.0,0.0,-50373.478437,0.0
2019-02-03,0,0,90,220.2,220.2,0.0,-67635.609463,0.0
2019-02-03,0,0,91,785.5,785.5,0.0,-241270.532392,0.0
2019-02-03,0,0,92,282.5,282.5,0.0,-86771.388161,0.0
2019-02-03,0,0,95,67.44,67.44,0.0,1512.661437,0.0
2019-02-03,0,0,96,11.88,11.88,0.0,160.428125,0.0
2019-02-03,0,0,97,73.06,73.06,0.0,986.605963,0.0
2019-02-03,0,0,99,6.54,6.54,0.0,55.137209,0.0
2019-02-03,0,0,101,0.0,0.0,0.0,0.0,0.0
2019-02-03,0,0,102,10.16,10.16,0.0,-4315.477137,0.0
2019-02-03,0,0,103,8.83,8.83,0.0,-3750.557394,0.0
2019-02-03,0,0,104,1.64,1.64,0.0,-696.592766,0.0
2019-02-03,0,0,106,0.0,0.0,0.0,0.0,0.0
2019-02-03,0,0,109,193.94,193.94,0.0,1818.547256,0.0
2019-02-03,0,0,110,338.6,338.6,0.0,-338600.0,0.0
2019-02-03,0,0,111,0.0,0.0,0.0,0.0,0.0
2019-02-03,0,0,113,141.6,141.6,0.0,-39272.467961,0.0
2019-02-03,0,0,115,141.6,141.6,0.0,-39272.467961,0.0
2019-02-03,0,0,116,0.0,0.0,0.0,-0.0,0.0
2019-02-03,0,0,117,9.44,9.44,0.0,-2618.164531,0.0
2019-02-03,0,0,119,200.0,200.0,0.0,18681.424379,0.0
2019-02-03,0,0,120,117.6,117.6,0.0,10984.677535,0.0
2019-02-03,0,0,123,0.0,0.0,0.0,0.0,0.0
2019-02-03,0,0,125,73.68,73.68,0.0,988.040731,0.0
2019-02-03,0,0,126,0.0,0.0,0.0,0.0,0.0
2019-02-03,0,0,127,0.0,0.0,0.0,0.0,0.0
2019-02-03,0,0,128,105.53,105.53,0.0,1415.145742,0.0
2019-02-03,0,0,131,12.9,12.9,0.0,-4991.43705,0.0
2019-02-03,0,0,132,18.96,18.96,0.0,-7336.251664,0.0
2019-02-03,0,0,133,27.63,27.63,0.0,208.04101,0.0
2019-02-03,0,0,134,0.0,0.0,0.0,0.0,0.0
2019-02-03,0,0,135,37.02,37.02,0.0,278.74333,0.0
2019-02-03,0,0,136,9.78,9.78,0.0,74.296598,0.0
2019-02-03,0,0,139,77.09,77.09,0.0,851.895921,0.0
2019-02-03,0,0,140,250.6,250.6,0.0,-250600.0,0.0
2019-02-03,0,0,141,120.79,120.79,0.0,-68410.336411,0.0
2019-02-03,0,0,142,0.0,0.0,0.0,-0.0,0.0
2019-02-03,0,0,143,34.47,34.47,0.0,463.825994,0.0
2019-02-03,0,0,145,16.95,16.95,0.0,202.556834,0.0
2019-02-03,0,0,146,268.0,268.0,0.0,-268000.0,0.0
2019-02-03,0,0,152,0.0,0.0,0.0,0.0,0.0
2019-02-03,0,0,153,0.0,0.0,0.0,0.0,0.0
2019-02-03,0,0,154,0.0,0.0,0.0,0.0,0.0
2019-02-03,0,0,157,184.09,184.09,0.0,-104260.77349,0.0
2019-02-03,0,0,158,0.0,0.0,0.0,-0.0,0.0
2019-02-03,0,0,159,0.0,0.0,0.0,0.0,0.0
2019-02-03,0,0,160,0.0,0.0,0.0,0.0,0.0
2019-02-03,0,0,161,0.0,0.0,0.0,-0.0,0.0
2019-02-03,0,0,162,48.75,48.75,0.0,1131.560779,0.0
2019-02-03,0,0,163,185.4,185.4,0.0,-185400.0,0.0
2019-02-03,0,0,164,0.0,0.0,0.0,0.0,0.0
2019-02-03,0,0,167,0.0,0.0,0.0,0.0,0.0
2019-02-03,0,0,168,0.0,0.0,0.0,0.0,0.0
2019-02-03,0,0,169,0.0,0.0,0.0,0.0,0.0
2019-02-03,0,0,170,0.0,0.0,0.0,0.0,0.0
2019-02-03,0,0,172,0.0,0.0,0.0,0.0,0.0
2019-02-03,0,0,173,0.0,0.0,0.0,0.0,0.0
2019-02-03,0,0,188,0.0,0.0,0.0,0.0,0.0
2019-02-03,0,0,190,0.0,0.0,0.0,0.0,0.0
2019-02-03,0,0,191,0.0,0.0,0.0,0.0,0.0
2019-02-03,0,0,192,306.22,306.22,0.0,9929.966541,0.0
2019-02-03,0,0,194,176.5,176.5,0.0,-25439.262104,0.0
2019-02-03,0,0,196,0.0,0.0,0.0,0.0,0.0
2019-02-03,0,0,198,0.0,0.0,0.0,0.0,0.0
2019-02-03,0,0,199,38.14,38.14,0.0,-1557.741725,0.0
2019-02-03,0,0,200,0.0,0.0,0.0,-0.0,0.0
2019-02-03,0,0,204,857.0,857.0,0.0,8209.560349,0.0
2019-02-03,0,0,205,1025.93,1025.93,0.0,9619.996835,0.0
2019-02-03,0,0,206,214.67,214.67,0.0,2898.914621,0.0
2019-02-03,0,0,210,0.0,0.0,0.0,0.0,0.0
2019-02-03,0,0,214,0.0,0.0,0.0,0.0,0.0
2019-02-03,0,0,217,0.0,0.0,0.0,0.0,0.0
2019-02-03,0,0,218,0.0,0.0,0.0,0.0,0.0
2019-02-03,0,0,219,0.0,0.0,0.0,0.0,0.0
2019-02-03,0,0,221,0.0,0.0,0.0,0.0,0.0
2019-02-03,0,0,225,0.0,0.0,0.0,0.0,0.0
2019-02-03,0,0,233,0.0,0.0,0.0,0.0,0.0
2019-02-03,0,0,236,52.34,52.34,0.0,442.833326,0.0
2019-02-03,0,0,237,81.32,81.32,0.0,685.589886,0.0
2019-02-03,0,0,238,0.0,0.0,0.0,0.0,0.0
2019-02-03,0,0,240,0.0,0.0,0.0,0.0,0.0
2019-02-03,0,0,245,45.82,45.82,0.0,335.394241,0.0
2019-02-03,0,0,247,39.88,39.88,0.0,291.914499,0.0
2019-02-03,0,0,248,8.16,8.16,0.0,68.79505,0.0
2019-02-03,0,0,249,85.84,85.84,0.0,628.333515,0.0
2019-02-03,0,0,251,148.13,148.13,0.0,1139.070796,0.0
2019-02-03,0,0,252,74.34,74.34,0.0,564.506445,0.0
2019-02-03,0,0,254,0.0,0.0,0.0,0.0,0.0
2019-02-03,0,0,255,0.0,0.0,0.0,0.0,0.0
2019-02-03,0,0,258,0.0,0.0,0.0,0.0,0.0
2019-02-03,0,0,260,0.0,0.0,0.0,0.0,0.0
2019-02-03,0,0,265,0.0,0.0,0.0,0.0,0.0
2019-02-03,0,0,266,49.92,49.92,0.0,551.649298,0.0
2019-02-03,0,0,267,61.34,61.34,0.0,677.847915,0.0
2019-02-03,0,0,270,579.0,579.0,0.0,-579000.0,0.0
2019-02-03,0,0,272,473.22,473.22,0.0,-131246.591021,0.0
2019-02-03,0,0,273,0.0,0.0,0.0,-0.0,0.0
2019-02-03,0,0,274,746.4,746.4,0.0,-746400.0,0.0
2019-02-03,0,0,275,1039.0,1039.0,0.0,-1039000.0,0.0
2019-02-03,0,0,276,0.0,0.0,0.0,-0.0,0.0
2019-02-03,0,0,277,0.0,0.0,0.0,-0.0,0.0
2019-02-03,0,0,278,0.0,0.0,0.0,-0.0,0.0
2019-02-03,0,0,279,178.31,178.31,0.0,-51584.76432,0.0
2019-02-03,0,0,281,3.73,3.73,0.0,50.190628,0.0
2019-02-03,0,0,282,0.0,0.0,0.0,0.0,0.0
2019-02-03,1,0,9,0.0,0.0,0.0,0.0,0.0
2019-02-03,1,0,17,0.0,0.0,0.0,0.0,0.0
2019-02-03,1,0,19,112.21,112.21,0.0,737.77427,0.0
2019-02-03,1,0,20,136.08,136.08,0.0,894.718142,0.0
2019-02-03,1,0,21,0.0,0.0,0.0,0.0,0.0
2019-02-03,1,0,22,0.0,0.0,0.0,0.0,0.0
2019-02-03,1,0,23,49.06,49.06,0.0,606.784063,0.0
2019-02-03,1,0,24,86.8,86.8,0.0,1073.560062,0.0
2019-02-03,1,0,29,0.0,0.0,0.0,0.0,0.0
2019-02-03,1,0,30,0.0,0.0,0.0,0.0,0.0
2019-02-03,1,0,31,21.93,21.93,0.0,272.082548,0.0
2019-02-03,1,0,32,0.0,0.0,0.0,0.0,0.0
2019-02-03,1,0,33,0.0,0.0,0.0,0.0,0.0
2019-02-03,1,0,34,0.0,0.0,0.0,0.0,0.0
2019-02-03,1,0,35,0.0,0.0,0.0,0.0,0.0
2019-02-03,1,0,36,0.0,0.0,0.0,0.0,0.0
2019-02-03,1,0,37,0.0,0.0,0.0,0.0,0.0
2019-02-03,1,0,38,0.0,0.0,0.0,0.0,0.0
2019-02-03,1,0,39,0.0,0.0,0.0,0.0,0.0
2019-02-03,1,0,40,0.0,0.0,0.0,0.0,0.0
2019-02-03,1,0,41,83.36,83.36,0.0,863.857985,0.0
2019-02-03,1,0,42,0.0,0.0,0.0,0.0,0.0
2019-02-03,1,0,43,0.0,0.0,0.0,0.0,0.0
2019-02-03,1,0,46,0.0,0.0,0.0,0.0,0.0
2019-02-03,1,0,52,23.35,23.35,0.0,289.700296,0.0
2019-02-03,1,0,53,38.17,38.17,0.0,473.570035,0.0
2019-02-03,1,0,55,216.08,216.08,0.0,2672.521408,0.0
2019-02-03,1,0,56,0.0,0.0,0.0,0.0,0.0
2019-02-03,1,0,57,0.0,0.0,0.0,0.0,0.0
2019-02-03,1,0,58,0.0,0.0,0.0,0.0,0.0
2019-02-03,1,0,59,0.0,0.0,0.0,0.0,0.0
2019-02-03,1,0,63,170.0,170.0,0.0,15882.906045,0.0
2019-02-03,1,0,64,200.0,200.0,0.0,18685.771818,0.0
2019-02-03,1,0,65,12.19,12.19,0.0,80.694145,0.0
2019-02-03,1,0,67,0.0,0.0,0.0,-0.0,0.0
2019-02-03,1,0,68,4.67,4.67,0.0,-1982.383479,0.0
2019-02-03,1,0,69,0.0,0.0,0.0,0.0,0.0
2019-02-03,1,0,74,30.4,30.4,0.0,234.382311,0.0
2019-02-03,1,0,77,184.23,184.23,0.0,-56521.005113,0.0
2019-02-03,1,0,78,139.28,139.28,0.0,-42730.530273,0.0
2019-02-03,1,0,79,80.6,80.6,0.0,-24727.74799,0.0
2019-02-03,1,0,80,130.34,130.34,0.0,-39987.775099,0.0
2019-02-03,1,0,81,170.41,170.41,0.0,-52281.086041,0.0
2019-02-03,1,0,82,120.21,120.21,0.0,-36879.932827,0.0
2019-02-03,1,0,83,268.05,268.05,0.0,-82236.635839,0.0
2019-02-03,1,0,84,0.0,0.0,0.0,-0.0,0.0
2019-02-03,1,0,86,0.0,0.0,0.0,0.0,0.0
2019-02-03,1,0,87,0.0,0.0,0.0,0.0,0.0
2019-02-03,1,0,88,170.6,170.6,0.0,-52339.377259,0.0
2019-02-03,1,0,89,164.0,164.0,0.0,-50314.524446,0.0
2019-02-03,1,0,90,220.2,220.2,0.0,-67556.452945,0.0
2019-02-03,1,0,91,785.5,785.5,0.0,-240988.164341,0.0
2019-02-03,1,0,92,282.5,282.5,0.0,-86669.836316,0.0
2019-02-03,1,0,95,88.63,88.63,0.0,1987.947556,0.0
2019-02-03,1,0,96,13.08,13.08,0.0,162.810291,0.0
2019-02-03,1,0,97,80.41,80.41,0.0,1000.884979,0.0
2019-02-03,1,0,99,5.87,5.87,0.0,45.257374,0.0
2019-02-03,1,0,101,0.0,0.0,0.0,0.0,0.0
2019-02-03,1,0,102,11.05,11.05,0.0,-4690.650415,0.0
2019-02-03,1,0,103,9.61,9.61,0.0,-4079.380135,0.0
2019-02-03,1,0,104,1.78,1.78,0.0,-755.597985,0.0
2019-02-03,1,0,106,0.0,0.0,0.0,0.0,0.0
2019-02-03,1,0,109,200.0,200.0,0.0,1802.706846,0.0
2019-02-03,1,0,110,338.6,338.6,0.0,-338600.0,0.0
2019-02-03,1,0,111,0.0,0.0,0.0,0.0,0.0
2019-02-03,1,0,113,84.36,84.36,0.0,-23378.973189,0.0
2019-02-03,1,0,115,84.36,84.36,0.0,-23378.973189,0.0
2019-02-03,1,0,116,0.0,0.0,0.0,-0.0,0.0
2019-02-03,1,0,117,5.76,5.76,0.0,-1596.288354,0.0
2019-02-03,1,0,119,200.0,200.0,0.0,18685.771818,0.0
2019-02-03,1,0,120,117.6,117.6,0.0,10987.233829,0.0
2019-02-03,1,0,123,0.0,0.0,0.0,0.0,0.0
2019-02-03,1,0,125,78.54,78.54,0.0,971.398701,0.0
2019-02-03,1,0,126,0.0,0.0,0.0,0.0,0.0
2019-02-03,1,0,127,0.0,0.0,0.0,0.0,0.0
2019-02-03,1,0,128,112.5,112.5,0.0,1391.422891,0.0
2019-02-03,1,0,131,13.91,13.91,0.0,-5378.408298,0.0
2019-02-03,1,0,132,20.45,20.45,0.0,-7907.149511,0.0
2019-02-03,1,0,133,33.96,33.96,0.0,223.141834,0.0
2019-02-03,1,0,134,0.0,0.0,0.0,0.0,0.0
2019-02-03,1,0,135,45.5,45.5,0.0,298.968005,0.0
2019-02-03,1,0,136,9.31,9.31,0.0,61.652284,0.0
2019-02-03,1,0,139,107.65,107.65,0.0,1115.574761,0.0
2019-02-03,1,0,140,250.6,250.6,0.0,-250600.0,0.0
2019-02-03,1,0,141,126.04,126.04,0.0,-71359.15897,0.0
2019-02-03,1,0,142,0.0,0.0,0.0,-0.0,0.0
2019-02-03,1,0,143,51.99,51.99,0.0,645.032909,0.0
2019-02-03,1,0,145,20.74,20.74,0.0,231.233474,0.0
2019-02-03,1,0,146,268.0,268.0,0.0,-268000.0,0.0
2019-02-03,1,0,152,0.0,0.0,0.0,0.0,0.0
2019-02-03,1,0,153,0.0,0.0,0.0,0.0,0.0
2019-02-03,1,0,154,0.0,0.0,0.0,0.0,0.0
2019-02-03,1,0,157,181.08,181.08,0.0,-102520.759333,0.0
2019-02-03,1,0,158,0.0,0.0,0.0,-0.0,0.0
2019-02-03,1,0,159,0.0,0.0,0.0,0.0,0.0
2019-02-03,1,0,160,0.0,0.0,0.0,0.0,0.0
2019-02-03,1,0,161,0.0,0.0,0.0,-0.0,0.0
2019-02-03,1,0,162,48.75,48.75,0.0,1131.544406,0.0
2019-02-03,1,0,163,185.4,185.4,0.0,-185400.0,0.0
2019-02-03,1,0,164,0.0,0.0,0.0,0.0,0.0
2019-02-03,1,0,167,0.0,0.0,0.0,0.0,0.0
2019-02-03,1,0,168,0.0,0.0,0.0,0.0,0.0
2019-02-03,1,0,169,0.0,0.0,0.0,0.0,0.0
2019-02-03,1,0,170,0.0,0.0,0.0,0.0,0.0
2019-02-03,1,0,172,0.0,0.0,0.0,0.0,0.0
2019-02-03,1,0,173,0.0,0.0,0.0,0.0,0.0
2019-02-03,1,0,188,0.0,0.0,0.0,0.0,0.0
2019-02-03,1,0,190,0.0,0.0,0.0,0.0,0.0
2019-02-03,1,0,191,0.0,0.0,0.0,0.0,0.0
2019-02-03,1,0,192,332.6,332.6,0.0,10785.405497,0.0
2019-02-03,1,0,194,176.5,176.5,0.0,-25416.904224,0.0
2019-02-03,1,0,196,0.0,0.0,0.0,0.0,0.0
2019-02-03,1,0,198,0.0,0.0,0.0,0.0,0.0
2019-02-03,1,0,199,95.96,95.96,0.0,-3882.727569,0.0
2019-02-03,1,0,200,0.0,0.0,0.0,-0.0,0.0
2019-02-03,1,0,204,857.0,857.0,0.0,7859.192211,0.0
2019-02-03,1,0,205,1058.0,1058.0,0.0,9536.319214,0.0
2019-02-03,1,0,206,236.28,236.28,0.0,2941.040952,0.0
2019-02-03,1,0,210,0.0,0.0,0.0,0.0,0.0
2019-02-03,1,0,214,0.0,0.0,0.0,0.0,0.0
2019-02-03,1,0,217,0.0,0.0,0.0,0.0,0.0
2019-02-03,1,0,218,0.0,0.0,0.0,0.0,0.0
2019-02-03,1,0,219,0.0,0.0,0.0,0.0,0.0
2019-02-03,1,0,221,0.0,0.0,0.0,0.0,0.0
2019-02-03,1,0,225,0.0,0.0,0.0,0.0,0.0
2019-02-03,1,0,233,0.0,0.0,0.0,0.0,0.0
2019-02-03,1,0,236,55.69,55.69,0.0,401.717699,0.0
2019-02-03,1,0,237,72.92,72.92,0.0,562.209149,0.0
2019-02-03,1,0,238,0.0,0.0,0.0,0.0,0.0
2019-02-03,1,0,240,0.0,0.0,0.0,0.0,0.0
2019-02-03,1,0,245,28.03,28.03,0.0,179.682233,0.0
2019-02-03,1,0,247,53.88,53.88,0.0,345.389894,0.0
2019-02-03,1,0,248,7.32,7.32,0.0,56.436793,0.0
2019-02-03,1,0,249,53.91,53.91,0.0,345.582205,0.0
2019-02-03,1,0,251,159.46,159.46,0.0,1067.295303,0.0
2019-02-03,1,0,252,78.62,78.62,0.0,520.440825,0.0
2019-02-03,1,0,254,0.0,0.0,0.0,0.0,0.0
2019-02-03,1,0,255,0.0,0.0,0.0,0.0,0.0
2019-02-03,1,0,258,0.0,0.0,0.0,0.0,0.0
2019-02-03,1,0,260,0.0,0.0,0.0,0.0,0.0
2019-02-03,1,0,265,0.0,0.0,0.0,0.0,0.0
2019-02-03,1,0,266,69.71,69.71,0.0,722.403313,0.0
2019-02-03,1,0,267,85.66,85.66,0.0,887.692838,0.0
2019-02-03,1,0,270,579.0,579.0,0.0,-579000.0,0.0
2019-02-03,1,0,272,281.35,281.35,0.0,-77971.480638,0.0
2019-02-03,1,0,273,0.0,0.0,0.0,-0.0,0.0
2019-02-03,1,0,274,746.4,746.4,0.0,-746400.0,0.0
2019-02-03,1,0,275,1039.0,1039.0,0.0,-1039000.0,0.0
2019-02-03,1,0,276,0.0,0.0,0.0,-0.0,0.0
2019-02-03,1,0,277,0.0,0.0,0.0,-0.0,0.0
2019-02-03,1,0,278,0.0,0.0,0.0,-0.0,0.0
2019-02-03,1,0,279,200.62,200.62,0.0,-57984.308676,0.0
2019-02-03,1,0,281,9.06,9.06,0.0,112.406196,0.0
2019-02-03,1,0,282,0.0,0.0,0.0,0.0,0.0
2019-02-03,2,0,9,0.0,0.0,0.0,0.0,0.0
2019-02-03,2,0,17,0.0,0.0,0.0,0.0,0.0
2019-02-03,2,0,19,122.5,122.5,0.0,809.799291,0.0
2019-02-03,2,0,20,148.57,148.57,0.0,982.137801,0.0
2019-02-03,2,0,21,0.0,0.0,0.0,0.0,0.0
2019-02-03,2,0,22,0.0,0.0,0.0,0.0,0.0
2019-02-03,2,0,23,48.97,48.97,0.0,605.639058,0.0
2019-02-03,2,0,24,86.64,86.64,0.0,1071.52477,0.0
2019-02-03,2,0,29,0.0,0.0,0.0,0.0,0.0
2019-02-03,2,0,30,0.0,0.0,0.0,0.0,0.0
2019-02-03,2,0,31,9.54,9.54,0.0,118.361492,0.0
2019-02-03,2,0,32,0.0,0.0,0.0,0.0,0.0
2019-02-03,2,0,33,0.0,0.0,0.0,0.0,0.0
2019-02-03,2,0,34,0.0,0.0,0.0,0.0,0.0
2019-02-03,2,0,35,0.0,0.0,0.0,0.0,0.0
2019-02-03,2,0,36,0.0,0.0,0.0,0.0,0.0
2019-02-03,2,0,37,0.0,0.0,0.0,0.0,0.0
2019-02-03,2,0,38,0.0,0.0,0.0,0.0,0.0
2019-02-03,2,0,39,0.0,0.0,0.0,0.0,0.0
2019-02-03,2,0,40,0.0,0.0,0.0,0.0,0.0
2019-02-03,2,0,41,78.97,78.97,0.0,815.944952,0.0
2019-02-03,2,0,42,0.0,0.0,0.0,0.0,0.0
2019-02-03,2,0,43,0.0,0.0,0.0,0.0,0.0
2019-02-03,2,0,46,0.0,0.0,0.0,0.0,0.0
2019-02-03,2,0,52,10.11,10.11,0.0,125.433405,0.0
2019-02-03,2,0,53,16.07,16.07,0.0,199.37832,0.0
2019-02-03,2,0,55,254.02,254.02,0.0,3141.605749,0.0
2019-02-03,2,0,56,0.0,0.0,0.0,0.0,0.0
2019-02-03,2,0,57,0.0,0.0,0.0,0.0,0.0
2019-02-03,2,0,58,0.0,0.0,0.0,0.0,0.0
2019-02-03,2,0,59,0.0,0.0,0.0,0.0,0.0
2019-02-03,2,0,63,170.0,170.0,0.0,15881.371845,0.0
2019-02-03,2,0,64,200.0,200.0,0.0,18683.966877,0.0
2019-02-03,2,0,65,12.71,12.71,0.0,84.607933,0.0
2019-02-03,2,0,67,0.0,0.0,0.0,-0.0,0.0
2019-02-03,2,0,68,4.32,4.32,0.0,-1833.939921,0.0
2019-02-03,2,0,69,0.0,0.0,0.0,0.0,0.0
2019-02-03,2,0,74,22.51,22.51,0.0,173.442826,0.0
2019-02-03,2,0,77,178.04,178.04,0.0,-54629.106523,0.0
2019-02-03,2,0,78,134.6,134.6,0.0,-41300.144563,0.0
2019-02-03,2,0,79,77.89,77.89,0.0,-23899.467014,0.0
2019-02-03,2,0,80,125.97,125.97,0.0,-38652.148667,0.0
2019-02-03,2,0,81,164.69,164.69,0.0,-50532.844042,0.0
2019-02-03,2,0,82,116.17,116.17,0.0,-35645.154487,0.0
2019-02-03,2,0,83,259.05,259.05,0.0,-79485.902296,0.0
2019-02-03,2,0,84,0.0,0.0,0.0,-0.0,0.0
2019-02-03,2,0,86,0.0,0.0,0.0,0.0,0.0
2019-02-03,2,0,87,0.0,0.0,0.0,0.0,0.0
2019-02-03,2,0,88,170.6,170.6,0.0,-52346.245635,0.0
2019-02-03,2,0,89,164.0,164.0,0.0,-50321.127105,0.0
2019-02-03,2,0,90,220.2,220.2,0.0,-67565.318223,0.0
2019-02-03,2,0,91,785.5,785.5,0.0,-241019.788665,0.0
2019-02-03,2,0,92,282.5,282.5,0.0,-86681.2098,0.0
2019-02-03,2,0,95,36.0,36.0,0.0,807.470518,0.0
2019-02-03,2,0,96,12.21,12.21,0.0,151.98947,0.0
2019-02-03,2,0,97,75.11,75.11,0.0,934.965529,0.0
2019-02-03,2,0,99,4.34,4.34,0.0,33.440332,0.0
2019-02-03,2,0,101,0.0,0.0,0.0,0.0,0.0
2019-02-03,2,0,102,10.22,10.22,0.0,-4338.626387,0.0
2019-02-03,2,0,103,8.89,8.89,0.0,-3774.010624,0.0
2019-02-03,2,0,104,1.65,1.65,0.0,-700.463164,0.0
2019-02-03,2,0,106,0.0,0.0,0.0,0.0,0.0
2019-02-03,2,0,109,192.53,192.53,0.0,1723.424846,0.0
2019-02-03,2,0,110,338.6,338.6,0.0,-338600.0,0.0
2019-02-03,2,0,111,0.0,0.0,0.0,0.0,0.0
2019-02-03,2,0,113,90.91,90.91,0.0,-25196.722141,0.0
2019-02-03,2,0,115,90.91,90.91,0.0,-25196.722141,0.0
2019-02-03,2,0,116,0.0,0.0,0.0,-0.0,0.0
2019-02-03,2,0,117,4.86,4.86,0.0,-1347.003296,0.0
2019-02-03,2,0,119,200.0,200.0,0.0,18683.966877,0.0
2019-02-03,2,0,120,117.6,117.6,0.0,10986.172523,0.0
2019-02-03,2,0,123,0.0,0.0,0.0,0.0,0.0
2019-02-03,2,0,125,78.41,78.41,0.0,969.739811,0.0
2019-02-03,2,0,126,0.0,0.0,0.0,0.0,0.0
2019-02-03,2,0,127,0.0,0.0,0.0,0.0,0.0
2019-02-03,2,0,128,112.3,112.3,0.0,1388.876174,0.0
2019-02-03,2,0,131,13.07,13.07,0.0,-5054.032049,0.0
2019-02-03,2,0,132,19.21,19.21,0.0,-7428.305712,0.0
2019-02-03,2,0,133,35.03,35.03,0.0,231.417087,0.0
2019-02-03,2,0,134,0.0,0.0,0.0,0.0,0.0
2019-02-03,2,0,135,46.94,46.94,0.0,310.097576,0.0
2019-02-03,2,0,136,9.86,9.86,0.0,65.661057,0.0
2019-02-03,2,0,139,101.98,101.98,0.0,1053.692113,0.0
2019-02-03,2,0,140,250.6,250.6,0.0,-250600.0,0.0
2019-02-03,2,0,141,121.74,121.74,0.0,-68927.401047,0.0
2019-02-03,2,0,142,0.0,0.0,0.0,-0.0,0.0
2019-02-03,2,0,143,28.09,28.09,0.0,348.508836,0.0
2019-02-03,2,0,145,17.96,17.96,0.0,199.840167,0.0
2019-02-03,2,0,146,268.0,268.0,0.0,-268000.0,0.0
2019-02-03,2,0,152,0.0,0.0,0.0,0.0,0.0
2019-02-03,2,0,153,0.0,0.0,0.0,0.0,0.0
2019-02-03,2,0,154,0.0,0.0,0.0,0.0,0.0
2019-02-03,2,0,157,183.36,183.36,0.0,-103815.740562,0.0
2019-02-03,2,0,158,0.0,0.0,0.0,-0.0,0.0
2019-02-03,2,0,159,0.0,0.0,0.0,0.0,0.0
2019-02-03,2,0,160,0.0,0.0,0.0,0.0,0.0
2019-02-03,2,0,161,0.0,0.0,0.0,-0.0,0.0
2019-02-03,2,0,162,48.75,48.75,0.0,1131.537011,0.0
2019-02-03,2,0,163,185.4,185.4,0.0,-185400.0,0.0
2019-02-03,2,0,164,0.0,0.0,0.0,0.0,0.0
2019-02-03,2,0,167,0.0,0.0,0.0,0.0,0.0
2019-02-03,2,0,168,0.0,0.0,0.0,0.0,0.0
2019-02-03,2,0,169,0.0,0.0,0.0,0.0,0.0
2019-02-03,2,0,170,0.0,0.0,0.0,0.0,0.0
2019-02-03,2,0,172,0.0,0.0,0.0,0.0,0.0
2019-02-03,2,0,173,0.0,0.0,0.0,0.0,0.0
2019-02-03,2,0,188,0.0,0.0,0.0,0.0,0.0
2019-02-03,2,0,190,0.0,0.0,0.0,0.0,0.0
2019-02-03,2,0,191,0.0,0.0,0.0,0.0,0.0
2019-02-03,2,0,192,284.32,284.32,0.0,9219.80304,0.0
2019-02-03,2,0,194,176.5,176.5,0.0,-25420.717558,0.0
2019-02-03,2,0,196,0.0,0.0,0.0,0.0,0.0
2019-02-03,2,0,198,0.0,0.0,0.0,0.0,0.0
2019-02-03,2,0,199,39.0,39.0,0.0,-1581.195196,0.0
2019-02-03,2,0,200,0.0,0.0,0.0,-0.0,0.0
2019-02-03,2,0,204,857.0,857.0,0.0,7809.999707,0.0
2019-02-03,2,0,205,945.19,945.19,0.0,8460.831717,0.0
2019-02-03,2,0,206,220.7,220.7,0.0,2747.262578,0.0
2019-02-03,2,0,210,0.0,0.0,0.0,0.0,0.0
2019-02-03,2,0,214,0.0,0.0,0.0,0.0,0.0
2019-02-03,2,0,217,0.0,0.0,0.0,0.0,0.0
2019-02-03,2,0,218,0.0,0.0,0.0,0.0,0.0
2019-02-03,2,0,219,0.0,0.0,0.0,0.0,0.0
2019-02-03,2,0,221,0.0,0.0,0.0,0.0,0.0
2019-02-03,2,0,225,0.0,0.0,0.0,0.0,0.0
2019-02-03,2,0,233,0.0,0.0,0.0,0.0,0.0
2019-02-03,2,0,236,55.47,55.47,0.0,403.90264,0.0
2019-02-03,2,0,237,54.0,54.0,0.0,416.077859,0.0
2019-02-03,2,0,238,0.0,0.0,0.0,0.0,0.0
2019-02-03,2,0,240,0.0,0.0,0.0,0.0,0.0
2019-02-03,2,0,245,29.35,29.35,0.0,189.035652,0.0
2019-02-03,2,0,247,55.45,55.45,0.0,357.138906,0.0
2019-02-03,2,0,248,5.42,5.42,0.0,41.761889,0.0
2019-02-03,2,0,249,56.45,56.45,0.0,363.579643,0.0
2019-02-03,2,0,251,161.41,161.41,0.0,1086.715944,0.0
2019-02-03,2,0,252,81.99,81.99,0.0,545.791066,0.0
2019-02-03,2,0,254,0.0,0.0,0.0,0.0,0.0
2019-02-03,2,0,255,0.0,0.0,0.0,0.0,0.0
2019-02-03,2,0,258,0.0,0.0,0.0,0.0,0.0
2019-02-03,2,0,260,0.0,0.0,0.0,0.0,0.0
2019-02-03,2,0,265,0.0,0.0,0.0,0.0,0.0
2019-02-03,2,0,266,66.04,66.04,0.0,682.347785,0.0
2019-02-03,2,0,267,81.15,81.15,0.0,838.469455,0.0
2019-02-03,2,0,270,579.0,579.0,0.0,-579000.0,0.0
2019-02-03,2,0,272,392.15,392.15,0.0,-108688.753575,0.0
2019-02-03,2,0,273,0.0,0.0,0.0,-0.0,0.0
2019-02-03,2,0,274,746.39,746.39,0.0,-746390.0,0.0
2019-02-03,2,0,275,1038.99,1038.99,0.0,-1038990.0,0.0
2019-02-03,2,0,276,0.0,0.0,0.0,-0.0,0.0
2019-02-03,2,0,277,0.0,0.0,0.0,-0.0,0.0
2019-02-03,2,0,278,0.0,0.0,0.0,-0.0,0.0
2019-02-03,2,0,279,183.82,183.82,0.0,-53134.705138,0.0
2019-02-03,2,0,281,4.28,4.28,0.0,53.101382,0.0
2019-02-03,2,0,282,0.0,0.0,0.0,0.0,0.0
2019-02-03,3,0,9,0.0,0.0,0.0,0.0,0.0
2019-02-03,3,0,17,0.0,0.0,0.0,0.0,0.0
2019-02-03,3,0,19,133.62,133.62,0.0,883.309234,0.0
2019-02-03,3,0,20,162.05,162.05,0.0,1071.248776,0.0
2019-02-03,3,0,21,0.0,0.0,0.0,0.0,0.0
2019-02-03,3,0,22,0.0,0.0,0.0,0.0,0.0
2019-02-03,3,0,23,49.12,49.12,0.0,607.494191,0.0
2019-02-03,3,0,24,86.91,86.91,0.0,1074.864009,0.0
2019-02-03,3,0,29,0.0,0.0,0.0,0.0,0.0
2019-02-03,3,0,30,0.0,0.0,0.0,0.0,0.0
2019-02-03,3,0,31,9.31,9.31,0.0,115.507913,0.0
2019-02-03,3,0,32,0.0,0.0,0.0,0.0,0.0
2019-02-03,3,0,33,0.0,0.0,0.0,0.0,0.0
2019-02-03,3,0,34,0.0,0.0,0.0,0.0,0.0
2019-02-03,3,0,35,0.0,0.0,0.0,0.0,0.0
2019-02-03,3,0,36,0.0,0.0,0.0,0.0,0.0
2019-02-03,3,0,37,0.0,0.0,0.0,0.0,0.0
2019-02-03,3,0,38,0.0,0.0,0.0,0.0,0.0
2019-02-03,3,0,39,0.0,0.0,0.0,0.0,0.0
2019-02-03,3,0,40,0.0,0.0,0.0,0.0,0.0
2019-02-03,3,0,41,74.85,74.85,0.0,773.375708,0.0
2019-02-03,3,0,42,0.0,0.0,0.0,0.0,0.0
2019-02-03,3,0,43,0.0,0.0,0.0,0.0,0.0
2019-02-03,3,0,46,0.0,0.0,0.0,0.0,0.0
2019-02-03,3,0,52,9.87,9.87,0.0,122.455757,0.0
2019-02-03,3,0,53,15.68,15.68,0.0,194.539642,0.0
2019-02-03,3,0,55,251.56,251.56,0.0,3111.181569,0.0
2019-02-03,3,0,56,0.0,0.0,0.0,0.0,0.0
2019-02-03,3,0,57,0.0,0.0,0.0,0.0,0.0
2019-02-03,3,0,58,0.0,0.0,0.0,0.0,0.0
2019-02-03,3,0,59,0.0,0.0,0.0,0.0,0.0
2019-02-03,3,0,63,170.0,170.0,0.0,15881.371845,0.0
2019-02-03,3,0,64,200.0,200.0,0.0,18683.966877,0.0
2019-02-03,3,0,65,13.33,13.33,0.0,88.73515,0.0
2019-02-03,3,0,67,0.0,0.0,0.0,-0.0,0.0
2019-02-03,3,0,68,4.03,4.03,0.0,-1710.828213,0.0
2019-02-03,3,0,69,0.0,0.0,0.0,0.0,0.0
2019-02-03,3,0,74,16.13,16.13,0.0,124.283997,0.0
2019-02-03,3,0,77,174.15,174.15,0.0,-53435.513935,0.0
2019-02-03,3,0,78,131.65,131.65,0.0,-40394.977947,0.0
2019-02-03,3,0,79,76.19,76.19,0.0,-23377.845574,0.0
2019-02-03,3,0,80,123.21,123.21,0.0,-37805.280918,0.0
2019-02-03,3,0,81,161.08,161.08,0.0,-49425.165574,0.0
2019-02-03,3,0,82,113.63,113.63,0.0,-34865.790689,0.0
2019-02-03,3,0,83,253.38,253.38,0.0,-77746.141377,0.0
2019-02-03,3,0,84,0.0,0.0,0.0,-0.0,0.0
2019-02-03,3,0,86,0.0,0.0,0.0,0.0,0.0
2019-02-03,3,0,87,0.0,0.0,0.0,0.0,0.0
2019-02-03,3,0,88,170.6,170.6,0.0,-52346.245635,0.0
2019-02-03,3,0,89,164.0,164.0,0.0,-50321.127105,0.0
2019-02-03,3,0,90,220.2,220.2,0.0,-67565.318223,0.0
2019-02-03,3,0,91,785.5,785.5,0.0,-241019.788665,0.0
2019-02-03,3,0,92,282.5,282.5,0.0,-86681.2098,0.0
2019-02-03,3,0,95,36.0,36.0,0.0,807.470518,0.0
2019-02-03,3,0,96,11.47,11.47,0.0,142.777987,0.0
2019-02-03,3,0,97,70.55,70.55,0.0,878.202877,0.0
2019-02-03,3,0,99,3.11,3.11,0.0,23.963003,0.0
2019-02-03,3,0,101,0.0,0.0,0.0,0.0,0.0
2019-02-03,3,0,102,9.55,9.55,0.0,-4054.19589,0.0
2019-02-03,3,0,103,8.3,8.3,0.0,-3523.541978,0.0
2019-02-03,3,0,104,1.54,1.54,0.0,-653.76562,0.0
2019-02-03,3,0,106,0.0,0.0,0.0,0.0,0.0
2019-02-03,3,0,109,180.3,180.3,0.0,1613.948474,0.0
2019-02-03,3,0,110,338.6,338.6,0.0,-338600.0,0.0
2019-02-03,3,0,111,0.0,0.0,0.0,0.0,0.0
2019-02-03,3,0,113,69.28,69.28,0.0,-19201.725992,0.0
2019-02-03,3,0,115,69.28,69.28,0.0,-19201.725992,0.0
2019-02-03,3,0,116,0.0,0.0,0.0,-0.0,0.0
2019-02-03,3,0,117,3.56,3.56,0.0,-986.693772,0.0
2019-02-03,3,0,119,200.0,200.0,0.0,18683.966877,0.0
2019-02-03,3,0,120,117.6,117.6,0.0,10986.172523,0.0
2019-02-03,3,0,123,0.0,0.0,0.0,0.0,0.0
2019-02-03,3,0,125,78.64,78.64,0.0,972.584348,0.0
2019-02-03,3,0,126,0.0,0.0,0.0,0.0,0.0
2019-02-03,3,0,127,0.0,0.0,0.0,0.0,0.0
2019-02-03,3,0,128,112.64,112.64,0.0,1393.081142,0.0
2019-02-03,3,0,131,12.41,12.41,0.0,-4798.816965,0.0
2019-02-03,3,0,132,18.24,18.24,0.0,-7053.216876,0.0
2019-02-03,3,0,133,20.41,20.41,0.0,134.83365,0.0
2019-02-03,3,0,134,0.0,0.0,0.0,0.0,0.0
2019-02-03,3,0,135,27.31,27.31,0.0,180.416804,0.0
2019-02-03,3,0,136,10.45,10.45,0.0,69.590065,0.0
2019-02-03,3,0,139,96.66,96.66,0.0,998.72406,0.0
2019-02-03,3,0,140,250.6,250.6,0.0,-250600.0,0.0
2019-02-03,3,0,141,117.95,117.95,0.0,-66781.558679,0.0
2019-02-03,3,0,142,0.0,0.0,0.0,-0.0,0.0
2019-02-03,3,0,143,14.15,14.15,0.0,175.557139,0.0
2019-02-03,3,0,145,15.53,15.53,0.0,172.801659,0.0
2019-02-03,3,0,146,268.0,268.0,0.0,-268000.0,0.0
2019-02-03,3,0,152,0.0,0.0,0.0,0.0,0.0
2019-02-03,3,0,153,0.0,0.0,0.0,0.0,0.0
2019-02-03,3,0,154,0.0,0.0,0.0,0.0,0.0
2019-02-03,3,0,157,187.01,187.01,0.0,-105882.316986,0.0
2019-02-03,3,0,158,0.0,0.0,0.0,-0.0,0.0
2019-02-03,3,0,159,0.0,0.0,0.0,0.0,0.0
2019-02-03,3,0,160,0.0,0.0,0.0,0.0,0.0
2019-02-03,3,0,161,0.0,0.0,0.0,-0.0,0.0
2019-02-03,3,0,162,48.75,48.75,0.0,1131.537011,0.0
2019-02-03,3,0,163,148.56,148.56,0.0,-148560.0,0.0
2019-02-03,3,0,164,0.0,0.0,0.0,0.0,0.0
2019-02-03,3,0,167,0.0,0.0,0.0,0.0,0.0
2019-02-03,3,0,168,0.0,0.0,0.0,0.0,0.0
2019-02-03,3,0,169,0.0,0.0,0.0,0.0,0.0
2019-02-03,3,0,170,0.0,0.0,0.0,0.0,0.0
2019-02-03,3,0,172,0.0,0.0,0.0,0.0,0.0
2019-02-03,3,0,173,0.0,0.0,0.0,0.0,0.0
2019-02-03,3,0,188,0.0,0.0,0.0,0.0,0.0
2019-02-03,3,0,190,0.0,0.0,0.0,0.0,0.0
2019-02-03,3,0,191,0.0,0.0,0.0,0.0,0.0
2019-02-03,3,0,192,195.47,195.47,0.0,6338.61459,0.0
2019-02-03,3,0,194,176.5,176.5,0.0,-25420.717558,0.0
2019-02-03,3,0,196,0.0,0.0,0.0,0.0,0.0
2019-02-03,3,0,198,0.0,0.0,0.0,0.0,0.0
2019-02-03,3,0,199,39.0,39.0,0.0,-1581.195196,0.0
2019-02-03,3,0,200,0.0,0.0,0.0,-0.0,0.0
2019-02-03,3,0,204,857.0,857.0,0.0,7809.999707,0.0
2019-02-03,3,0,205,953.8,953.8,0.0,8537.903799,0.0
2019-02-03,3,0,206,207.3,207.3,0.0,2580.460047,0.0
2019-02-03,3,0,210,0.0,0.0,0.0,0.0,0.0
2019-02-03,3,0,214,0.0,0.0,0.0,0.0,0.0
2019-02-03,3,0,217,0.0,0.0,0.0,0.0,0.0
2019-02-03,3,0,218,0.0,0.0,0.0,0.0,0.0
2019-02-03,3,0,219,0.0,0.0,0.0,0.0,0.0
2019-02-03,3,0,221,0.0,0.0,0.0,0.0,0.0
2019-02-03,3,0,225,0.0,0.0,0.0,0.0,0.0
2019-02-03,3,0,233,0.0,0.0,0.0,0.0,0.0
2019-02-03,3,0,236,55.38,55.38,0.0,403.247309,0.0
2019-02-03,3,0,237,38.7,38.7,0.0,298.189132,0.0
2019-02-03,3,0,238,0.0,0.0,0.0,0.0,0.0
2019-02-03,3,0,240,0.0,0.0,0.0,0.0,0.0
2019-02-03,3,0,245,30.92,30.92,0.0,199.14761,0.0
2019-02-03,3,0,247,59.01,59.01,0.0,380.067932,0.0
2019-02-03,3,0,248,3.89,3.89,0.0,29.973016,0.0
2019-02-03,3,0,249,59.45,59.45,0.0,382.901856,0.0
2019-02-03,3,0,251,163.55,163.55,0.0,1101.1238,0.0
2019-02-03,3,0,252,85.99,85.99,0.0,572.418268,0.0
2019-02-03,3,0,254,0.0,0.0,0.0,0.0,0.0
2019-02-03,3,0,255,0.0,0.0,0.0,0.0,0.0
2019-02-03,3,0,258,0.0,0.0,0.0,0.0,0.0
2019-02-03,3,0,260,0.0,0.0,0.0,0.0,0.0
2019-02-03,3,0,265,0.0,0.0,0.0,0.0,0.0
2019-02-03,3,0,266,62.59,62.59,0.0,646.70121,0.0
2019-02-03,3,0,267,76.91,76.91,0.0,794.66033,0.0
2019-02-03,3,0,270,463.96,463.96,0.0,-463960.0,0.0
2019-02-03,3,0,272,283.01,283.01,0.0,-78439.38327,0.0
2019-02-03,3,0,273,0.0,0.0,0.0,-0.0,0.0
2019-02-03,3,0,274,598.1,598.1,0.0,-598100.0,0.0
2019-02-03,3,0,275,832.57,832.57,0.0,-832570.0,0.0
2019-02-03,3,0,276,0.0,0.0,0.0,-0.0,0.0
2019-02-03,3,0,277,0.0,0.0,0.0,-0.0,0.0
2019-02-03,3,0,278,0.0,0.0,0.0,-0.0,0.0
2019-02-03,3,0,279,170.26,170.26,0.0,-49215.073968,0.0
2019-02-03,3,0,281,4.18,4.18,0.0,51.860695,0.0
2019-02-03,3,0,282,0.0,0.0,0.0,0.0,0.0
2019-02-03,4,0,9,0.0,0.0,0.0,0.0,0.0
2019-02-03,4,0,17,0.0,0.0,0.0,0.0,0.0
2019-02-03,4,0,19,145.07,145.07,0.0,960.299958,0.0
2019-02-03,4,0,20,175.94,175.94,0.0,1164.645858,0.0
2019-02-03,4,0,21,0.0,0.0,0.0,0.0,0.0
2019-02-03,4,0,22,0.0,0.0,0.0,0.0,0.0
2019-02-03,4,0,23,44.72,44.72,0.0,570.275686,0.0
2019-02-03,4,0,24,73.9,73.9,0.0,942.383122,0.0
2019-02-03,4,0,29,0.0,0.0,0.0,0.0,0.0
2019-02-03,4,0,30,0.0,0.0,0.0,0.0,0.0
2019-02-03,4,0,31,9.13,9.13,0.0,116.796771,0.0
2019-02-03,4,0,32,0.0,0.0,0.0,0.0,0.0
2019-02-03,4,0,33,0.0,0.0,0.0,0.0,0.0
2019-02-03,4,0,34,0.0,0.0,0.0,0.0,0.0
2019-02-03,4,0,35,0.0,0.0,0.0,0.0,0.0
2019-02-03,4,0,36,0.0,0.0,0.0,0.0,0.0
2019-02-03,4,0,37,0.0,0.0,0.0,0.0,0.0
2019-02-03,4,0,38,0.0,0.0,0.0,0.0,0.0
2019-02-03,4,0,39,0.0,0.0,0.0,0.0,0.0
2019-02-03,4,0,40,0.0,0.0,0.0,0.0,0.0
2019-02-03,4,0,41,71.27,71.27,0.0,759.019508,0.0
2019-02-03,4,0,42,0.0,0.0,0.0,0.0,0.0
2019-02-03,4,0,43,0.0,0.0,0.0,0.0,0.0
2019-02-03,4,0,46,0.0,0.0,0.0,0.0,0.0
2019-02-03,4,0,52,9.68,9.68,0.0,123.832721,0.0
2019-02-03,4,0,53,15.38,15.38,0.0,196.750749,0.0
2019-02-03,4,0,55,249.29,249.29,0.0,3178.9809,0.0
2019-02-03,4,0,56,0.0,0.0,0.0,0.0,0.0
2019-02-03,4,0,57,0.0,0.0,0.0,0.0,0.0
2019-02-03,4,0,58,0.0,0.0,0.0,0.0,0.0
2019-02-03,4,0,59,0.0,0.0,0.0,0.0,0.0
2019-02-03,4,0,63,170.0,170.0,0.0,15879.016538,0.0
2019-02-03,4,0,64,200.0,200.0,0.0,18681.195927,0.0
2019-02-03,4,0,65,14.04,14.04,0.0,93.592287,0.0
2019-02-03,4,0,67,0.0,0.0,0.0,-0.0,0.0
2019-02-03,4,0,68,3.85,3.85,0.0,-1634.601603,0.0
2019-02-03,4,0,69,0.0,0.0,0.0,0.0,0.0
2019-02-03,4,0,74,11.09,11.09,0.0,86.913057,0.0
2019-02-03,4,0,77,172.53,172.53,0.0,-52949.871662,0.0
2019-02-03,4,0,78,130.43,130.43,0.0,-40029.280478,0.0
2019-02-03,4,0,79,75.48,75.48,0.0,-23164.99341,0.0
2019-02-03,4,0,80,122.06,122.06,0.0,-37460.507361,0.0
2019-02-03,4,0,81,159.59,159.59,0.0,-48978.554562,0.0
2019-02-03,4,0,82,112.57,112.57,0.0,-34548.003553,0.0
2019-02-03,4,0,83,251.03,251.03,0.0,-77041.710331,0.0
2019-02-03,4,0,84,0.0,0.0,0.0,-0.0,0.0
2019-02-03,4,0,86,0.0,0.0,0.0,0.0,0.0
2019-02-03,4,0,87,0.0,0.0,0.0,0.0,0.0
2019-02-03,4,0,88,170.6,170.6,0.0,-52357.550023,0.0
2019-02-03,4,0,89,164.0,164.0,0.0,-50331.994161,0.0
2019-02-03,4,0,90,220.2,220.2,0.0,-67579.909233,0.0
2019-02-03,4,0,91,785.5,785.5,0.0,-241071.837886,0.0
2019-02-03,4,0,92,282.5,282.5,0.0,-86699.928966,0.0
2019-02-03,4,0,95,84.17,84.17,0.0,1887.910931,0.0
2019-02-03,4,0,96,10.91,10.91,0.0,140.02941,0.0
2019-02-03,4,0,97,67.07,67.07,0.0,860.840742,0.0
2019-02-03,4,0,99,2.14,2.14,0.0,16.77132,0.0
2019-02-03,4,0,101,0.0,0.0,0.0,0.0,0.0
2019-02-03,4,0,102,9.11,9.11,0.0,-3867.849507,0.0
2019-02-03,4,0,103,7.92,7.92,0.0,-3362.609012,0.0
2019-02-03,4,0,104,1.47,1.47,0.0,-624.120612,0.0
2019-02-03,4,0,106,0.0,0.0,0.0,0.0,0.0
2019-02-03,4,0,109,164.36,164.36,0.0,1518.784953,0.0
2019-02-03,4,0,110,338.6,338.6,0.0,-338600.0,0.0
2019-02-03,4,0,111,0.0,0.0,0.0,0.0,0.0
2019-02-03,4,0,113,35.53,35.53,0.0,-9849.094912,0.0
2019-02-03,4,0,115,35.53,35.53,0.0,-9849.094912,0.0
2019-02-03,4,0,116,0.0,0.0,0.0,-0.0,0.0
2019-02-03,4,0,117,2.37,2.37,0.0,-656.975934,0.0
2019-02-03,4,0,119,200.0,200.0,0.0,18681.195927,0.0
2019-02-03,4,0,120,117.6,117.6,0.0,10984.543205,0.0
2019-02-03,4,0,123,0.0,0.0,0.0,0.0,0.0
2019-02-03,4,0,125,67.81,67.81,0.0,864.722591,0.0
2019-02-03,4,0,126,0.0,0.0,0.0,0.0,0.0
2019-02-03,4,0,127,0.0,0.0,0.0,0.0,0.0
2019-02-03,4,0,128,92.09,92.09,0.0,1174.344543,0.0
2019-02-03,4,0,131,11.98,11.98,0.0,-4633.162445,0.0
2019-02-03,4,0,132,17.62,17.62,0.0,-6814.384163,0.0
2019-02-03,4,0,133,29.81,29.81,0.0,197.198412,0.0
2019-02-03,4,0,134,0.0,0.0,0.0,0.0,0.0
2019-02-03,4,0,135,41.12,41.12,0.0,272.016059,0.0
2019-02-03,4,0,136,11.17,11.17,0.0,74.489078,0.0
2019-02-03,4,0,139,92.03,92.03,0.0,980.111762,0.0
2019-02-03,4,0,140,250.6,250.6,0.0,-250600.0,0.0
2019-02-03,4,0,141,115.37,115.37,0.0,-65325.037296,0.0
2019-02-03,4,0,142,0.0,0.0,0.0,-0.0,0.0
2019-02-03,4,0,143,13.46,13.46,0.0,172.188887,0.0
2019-02-03,4,0,145,13.41,13.41,0.0,153.889328,0.0
2019-02-03,4,0,146,268.0,268.0,0.0,-268000.0,0.0
2019-02-03,4,0,152,0.0,0.0,0.0,0.0,0.0
2019-02-03,4,0,153,0.0,0.0,0.0,0.0,0.0
2019-02-03,4,0,154,0.0,0.0,0.0,0.0,0.0
2019-02-03,4,0,157,191.03,191.03,0.0,-108165.397197,0.0
2019-02-03,4,0,158,0.0,0.0,0.0,-0.0,0.0
2019-02-03,4,0,159,0.0,0.0,0.0,0.0,0.0
2019-02-03,4,0,160,0.0,0.0,0.0,0.0,0.0
2019-02-03,4,0,161,0.0,0.0,0.0,-0.0,0.0
2019-02-03,4,0,162,41.84,41.84,0.0,971.139215,0.0
2019-02-03,4,0,163,118.06,118.06,0.0,-118060.0,0.0
2019-02-03,4,0,164,0.0,0.0,0.0,0.0,0.0
2019-02-03,4,0,167,0.0,0.0,0.0,0.0,0.0
2019-02-03,4,0,168,0.0,0.0,0.0,0.0,0.0
2019-02-03,4,0,169,0.0,0.0,0.0,0.0,0.0
2019-02-03,4,0,170,0.0,0.0,0.0,0.0,0.0
2019-02-03,4,0,172,0.0,0.0,0.0,0.0,0.0
2019-02-03,4,0,173,0.0,0.0,0.0,0.0,0.0
2019-02-03,4,0,188,0.0,0.0,0.0,0.0,0.0
2019-02-03,4,0,190,0.0,0.0,0.0,0.0,0.0
2019-02-03,4,0,191,0.0,0.0,0.0,0.0,0.0
2019-02-03,4,0,192,128.24,128.24,0.0,4158.509925,0.0
2019-02-03,4,0,194,176.5,176.5,0.0,-25426.346396,0.0
2019-02-03,4,0,196,0.0,0.0,0.0,0.0,0.0
2019-02-03,4,0,198,0.0,0.0,0.0,0.0,0.0
2019-02-03,4,0,199,35.9,35.9,0.0,-1458.576602,0.0
2019-02-03,4,0,200,0.0,0.0,0.0,-0.0,0.0
2019-02-03,4,0,204,821.87,821.87,0.0,7728.974177,0.0
2019-02-03,4,0,205,869.45,869.45,0.0,8034.239335,0.0
2019-02-03,4,0,206,197.09,197.09,0.0,2529.642193,0.0
2019-02-03,4,0,210,0.0,0.0,0.0,0.0,0.0
2019-02-03,4,0,214,0.0,0.0,0.0,0.0,0.0
2019-02-03,4,0,217,0.0,0.0,0.0,0.0,0.0
2019-02-03,4,0,218,0.0,0.0,0.0,0.0,0.0
2019-02-03,4,0,219,0.0,0.0,0.0,0.0,0.0
2019-02-03,4,0,221,0.0,0.0,0.0,0.0,0.0
2019-02-03,4,0,225,0.0,0.0,0.0,0.0,0.0
2019-02-03,4,0,233,0.0,0.0,0.0,0.0,0.0
2019-02-03,4,0,236,55.77,55.77,0.0,405.895299,0.0
2019-02-03,4,0,237,26.62,26.62,0.0,208.622685,0.0
2019-02-03,4,0,238,0.0,0.0,0.0,0.0,0.0
2019-02-03,4,0,240,0.0,0.0,0.0,0.0,0.0
2019-02-03,4,0,245,32.74,32.74,0.0,211.11956,0.0
2019-02-03,4,0,247,64.09,64.09,0.0,413.27589,0.0
2019-02-03,4,0,248,2.67,2.67,0.0,20.924965,0.0
2019-02-03,4,0,249,62.96,62.96,0.0,405.989234,0.0
2019-02-03,4,0,251,167.17,167.17,0.0,1127.152452,0.0
2019-02-03,4,0,252,90.54,90.54,0.0,603.550259,0.0
2019-02-03,4,0,254,0.0,0.0,0.0,0.0,0.0
2019-02-03,4,0,255,0.0,0.0,0.0,0.0,0.0
2019-02-03,4,0,258,0.0,0.0,0.0,0.0,0.0
2019-02-03,4,0,260,0.0,0.0,0.0,0.0,0.0
2019-02-03,4,0,265,0.0,0.0,0.0,0.0,0.0
2019-02-03,4,0,266,59.6,59.6,0.0,634.734989,0.0
2019-02-03,4,0,267,73.23,73.23,0.0,779.893343,0.0
2019-02-03,4,0,270,368.71,368.71,0.0,-368710.0,0.0
2019-02-03,4,0,272,118.74,118.74,0.0,-32915.325918,0.0
2019-02-03,4,0,273,0.0,0.0,0.0,-0.0,0.0
2019-02-03,4,0,274,475.31,475.31,0.0,-475310.0,0.0
2019-02-03,4,0,275,661.64,661.64,0.0,-661640.0,0.0
2019-02-03,4,0,276,0.0,0.0,0.0,-0.0,0.0
2019-02-03,4,0,277,0.0,0.0,0.0,-0.0,0.0
2019-02-03,4,0,278,0.0,0.0,0.0,-0.0,0.0
2019-02-03,4,0,279,159.67,159.67,0.0,-46162.383637,0.0
2019-02-03,4,0,281,4.1,4.1,0.0,52.44981,0.0
2019-02-03,4,0,282,0.0,0.0,0.0,0.0,0.0
2019-02-03,5,0,9,0.0,0.0,0.0,0.0,0.0
2019-02-03,5,0,17,0.0,0.0,0.0,0.0,0.0
2019-02-03,5,0,19,142.19,142.19,0.0,1079.855877,0.0
2019-02-03,5,0,20,172.45,172.45,0.0,1309.664154,0.0
2019-02-03,5,0,21,0.0,0.0,0.0,0.0,0.0
2019-02-03,5,0,22,0.0,0.0,0.0,0.0,0.0
2019-02-03,5,0,23,57.38,57.38,0.0,744.20575,0.0
2019-02-03,5,0,24,101.52,101.52,0.0,1316.691666,0.0
2019-02-03,5,0,29,0.0,0.0,0.0,0.0,0.0
2019-02-03,5,0,30,0.0,0.0,0.0,0.0,0.0
2019-02-03,5,0,31,10.42,10.42,0.0,135.627022,0.0
2019-02-03,5,0,32,0.0,0.0,0.0,0.0,0.0
2019-02-03,5,0,33,0.0,0.0,0.0,0.0,0.0
2019-02-03,5,0,34,0.0,0.0,0.0,0.0,0.0
2019-02-03,5,0,35,0.0,0.0,0.0,0.0,0.0
2019-02-03,5,0,36,0.0,0.0,0.0,0.0,0.0
2019-02-03,5,0,37,0.0,0.0,0.0,0.0,0.0
2019-02-03,5,0,38,0.0,0.0,0.0,0.0,0.0
2019-02-03,5,0,39,0.0,0.0,0.0,0.0,0.0
2019-02-03,5,0,40,0.0,0.0,0.0,0.0,0.0
2019-02-03,5,0,41,68.69,68.69,0.0,729.11322,0.0
2019-02-03,5,0,42,0.0,0.0,0.0,0.0,0.0
2019-02-03,5,0,43,0.0,0.0,0.0,0.0,0.0
2019-02-03,5,0,46,0.0,0.0,0.0,0.0,0.0
2019-02-03,5,0,52,11.05,11.05,0.0,143.827121,0.0
2019-02-03,5,0,53,17.55,17.55,0.0,228.431309,0.0
2019-02-03,5,0,55,192.02,192.02,0.0,2490.4564,0.0
2019-02-03,5,0,56,0.0,0.0,0.0,0.0,0.0
2019-02-03,5,0,57,0.0,0.0,0.0,0.0,0.0
2019-02-03,5,0,58,0.0,0.0,0.0,0.0,0.0
2019-02-03,5,0,59,0.0,0.0,0.0,0.0,0.0
2019-02-03,5,0,63,170.0,170.0,0.0,15867.794664,0.0
2019-02-03,5,0,64,200.0,200.0,0.0,18667.993722,0.0
2019-02-03,5,0,65,11.82,11.82,0.0,90.493204,0.0
2019-02-03,5,0,67,0.0,0.0,0.0,-0.0,0.0
2019-02-03,5,0,68,4.27,4.27,0.0,-1813.934131,0.0
2019-02-03,5,0,69,0.0,0.0,0.0,0.0,0.0
2019-02-03,5,0,74,10.02,10.02,0.0,82.764747,0.0
2019-02-03,5,0,77,180.72,180.72,0.0,-55521.867585,0.0
2019-02-03,5,0,78,136.63,136.63,0.0,-41976.276937,0.0
2019-02-03,5,0,79,79.07,79.07,0.0,-24292.353198,0.0
2019-02-03,5,0,80,127.86,127.86,0.0,-39281.905652,0.0
2019-02-03,5,0,81,167.17,167.17,0.0,-51358.956419,0.0
2019-02-03,5,0,82,117.92,117.92,0.0,-36228.080044,0.0
2019-02-03,5,0,83,262.95,262.95,0.0,-80785.054678,0.0
2019-02-03,5,0,84,0.0,0.0,0.0,-0.0,0.0
2019-02-03,5,0,86,0.0,0.0,0.0,0.0,0.0
2019-02-03,5,0,87,0.0,0.0,0.0,0.0,0.0
2019-02-03,5,0,88,170.6,170.6,0.0,-52412.741312,0.0
2019-02-03,5,0,89,164.0,164.0,0.0,-50385.050265,0.0
2019-02-03,5,0,90,220.2,220.2,0.0,-67651.146758,0.0
2019-02-03,5,0,91,785.5,785.5,0.0,-241325.957214,0.0
2019-02-03,5,0,92,282.5,282.5,0.0,-86791.32134,0.0
2019-02-03,5,0,95,36.0,36.0,0.0,807.470518,0.0
2019-02-03,5,0,96,12.51,12.51,0.0,163.435242,0.0
2019-02-03,5,0,97,76.92,76.92,0.0,1004.911179,0.0
2019-02-03,5,0,99,1.93,1.93,0.0,15.941713,0.0
2019-02-03,5,0,101,0.0,0.0,0.0,0.0,0.0
2019-02-03,5,0,102,10.11,10.11,0.0,-4294.818283,0.0
2019-02-03,5,0,103,8.79,8.79,0.0,-3734.070495,0.0
2019-02-03,5,0,104,1.63,1.63,0.0,-692.438556,0.0
2019-02-03,5,0,106,0.0,0.0,0.0,0.0,0.0
2019-02-03,5,0,109,179.61,179.61,0.0,1598.306446,0.0
2019-02-03,5,0,110,338.6,338.6,0.0,-338600.0,0.0
2019-02-03,5,0,111,0.0,0.0,0.0,0.0,0.0
2019-02-03,5,0,113,83.84,83.84,0.0,-23258.570958,0.0
2019-02-03,5,0,115,83.84,83.84,0.0,-23258.570958,0.0
2019-02-03,5,0,116,0.0,0.0,0.0,-0.0,0.0
2019-02-03,5,0,117,4.04,4.04,0.0,-1120.761291,0.0
2019-02-03,5,0,119,200.0,200.0,0.0,18667.993722,0.0
2019-02-03,5,0,120,117.6,117.6,0.0,10976.780309,0.0
2019-02-03,5,0,123,0.0,0.0,0.0,0.0,0.0
2019-02-03,5,0,125,91.87,91.87,0.0,1191.533327,0.0
2019-02-03,5,0,126,0.0,0.0,0.0,0.0,0.0
2019-02-03,5,0,127,0.0,0.0,0.0,0.0,0.0
2019-02-03,5,0,128,131.59,131.59,0.0,1706.692832,0.0
2019-02-03,5,0,131,14.03,14.03,0.0,-5429.527382,0.0
2019-02-03,5,0,132,20.62,20.62,0.0,-7979.818576,0.0
2019-02-03,5,0,133,12.58,12.58,0.0,95.465402,0.0
2019-02-03,5,0,134,0.0,0.0,0.0,0.0,0.0
2019-02-03,5,0,135,17.93,17.93,0.0,136.064758,0.0
2019-02-03,5,0,136,10.7,10.7,0.0,81.954667,0.0
2019-02-03,5,0,139,88.7,88.7,0.0,941.510302,0.0
2019-02-03,5,0,140,250.6,250.6,0.0,-250600.0,0.0
2019-02-03,5,0,141,118.09,118.09,0.0,-66886.266671,0.0
2019-02-03,5,0,142,0.0,0.0,0.0,-0.0,0.0
2019-02-03,5,0,143,31.41,31.41,0.0,408.833471,0.0
2019-02-03,5,0,145,14.16,14.16,0.0,162.831668,0.0
2019-02-03,5,0,146,268.0,268.0,0.0,-268000.0,0.0
2019-02-03,5,0,152,0.0,0.0,0.0,0.0,0.0
2019-02-03,5,0,153,0.0,0.0,0.0,0.0,0.0
2019-02-03,5,0,154,0.0,0.0,0.0,0.0,0.0
2019-02-03,5,0,157,191.19,191.19,0.0,-108290.162798,0.0
2019-02-03,5,0,158,0.0,0.0,0.0,-0.0,0.0
2019-02-03,5,0,159,0.0,0.0,0.0,0.0,0.0
2019-02-03,5,0,160,0.0,0.0,0.0,0.0,0.0
2019-02-03,5,0,161,0.0,0.0,0.0,-0.0,0.0
2019-02-03,5,0,162,37.34,37.34,0.0,866.649634,0.0
2019-02-03,5,0,163,121.17,121.17,0.0,-121170.0,0.0
2019-02-03,5,0,164,0.0,0.0,0.0,0.0,0.0
2019-02-03,5,0,167,0.0,0.0,0.0,0.0,0.0
2019-02-03,5,0,168,0.0,0.0,0.0,0.0,0.0
2019-02-03,5,0,169,0.0,0.0,0.0,0.0,0.0
2019-02-03,5,0,170,0.0,0.0,0.0,0.0,0.0
2019-02-03,5,0,172,0.0,0.0,0.0,0.0,0.0
2019-02-03,5,0,173,0.0,0.0,0.0,0.0,0.0
2019-02-03,5,0,188,0.0,0.0,0.0,0.0,0.0
2019-02-03,5,0,190,0.0,0.0,0.0,0.0,0.0
2019-02-03,5,0,191,0.0,0.0,0.0,0.0,0.0
2019-02-03,5,0,192,121.94,121.94,0.0,3954.216315,0.0
2019-02-03,5,0,194,176.5,176.5,0.0,-25452.770155,0.0
2019-02-03,5,0,196,0.0,0.0,0.0,0.0,0.0
2019-02-03,5,0,198,0.0,0.0,0.0,0.0,0.0
2019-02-03,5,0,199,33.44,33.44,0.0,-1369.908335,0.0
2019-02-03,5,0,200,0.0,0.0,0.0,-0.0,0.0
2019-02-03,5,0,204,857.0,857.0,0.0,7807.468183,0.0
2019-02-03,5,0,205,950.16,950.16,0.0,8455.246661,0.0
2019-02-03,5,0,206,226.03,226.03,0.0,2952.939077,0.0
2019-02-03,5,0,210,0.0,0.0,0.0,0.0,0.0
2019-02-03,5,0,214,0.0,0.0,0.0,0.0,0.0
2019-02-03,5,0,217,0.0,0.0,0.0,0.0,0.0
2019-02-03,5,0,218,0.0,0.0,0.0,0.0,0.0
2019-02-03,5,0,219,0.0,0.0,0.0,0.0,0.0
2019-02-03,5,0,221,0.0,0.0,0.0,0.0,0.0
2019-02-03,5,0,225,0.0,0.0,0.0,0.0,0.0
2019-02-03,5,0,233,0.0,0.0,0.0,0.0,0.0
2019-02-03,5,0,236,41.72,41.72,0.0,359.179012,0.0
2019-02-03,5,0,237,24.03,24.03,0.0,198.486714,0.0
2019-02-03,5,0,238,0.0,0.0,0.0,0.0,0.0
2019-02-03,5,0,240,0.0,0.0,0.0,0.0,0.0
2019-02-03,5,0,245,25.85,25.85,0.0,190.472344,0.0
2019-02-03,5,0,247,45.17,45.17,0.0,332.829237,0.0
2019-02-03,5,0,248,2.41,2.41,0.0,19.906491,0.0
2019-02-03,5,0,249,49.72,49.72,0.0,366.355316,0.0
2019-02-03,5,0,251,132.98,132.98,0.0,1031.510301,0.0
2019-02-03,5,0,252,76.23,76.23,0.0,583.612264,0.0
2019-02-03,5,0,254,0.0,0.0,0.0,0.0,0.0
2019-02-03,5,0,255,0.0,0.0,0.0,0.0,0.0
2019-02-03,5,0,258,0.0,0.0,0.0,0.0,0.0
2019-02-03,5,0,260,0.0,0.0,0.0,0.0,0.0
2019-02-03,5,0,265,0.0,0.0,0.0,0.0,0.0
2019-02-03,5,0,266,57.44,57.44,0.0,609.699569,0.0
2019-02-03,5,0,267,70.58,70.58,0.0,749.174714,0.0
2019-02-03,5,0,270,378.4,378.4,0.0,-378400.0,0.0
2019-02-03,5,0,272,288.19,288.19,0.0,-79948.563507,0.0
2019-02-03,5,0,273,0.0,0.0,0.0,-0.0,0.0
2019-02-03,5,0,274,487.81,487.81,0.0,-487810.0,0.0
2019-02-03,5,0,275,679.03,679.03,0.0,-679030.0,0.0
2019-02-03,5,0,276,0.0,0.0,0.0,-0.0,0.0
2019-02-03,5,0,277,0.0,0.0,0.0,-0.0,0.0
2019-02-03,5,0,278,0.0,0.0,0.0,-0.0,0.0
2019-02-03,5,0,279,162.23,162.23,0.0,-46944.068935,0.0
2019-02-03,5,0,281,4.68,4.68,0.0,60.915016,0.0
2019-02-03,5,0,282,0.0,0.0,0.0,0.0,0.0
2019-02-03,6,0,9,0.0,0.0,0.0,0.0,0.0
2019-02-03,6,0,17,0.0,0.0,0.0,0.0,0.0
2019-02-03,6,0,19,139.37,139.37,0.0,1223.253185,0.0
2019-02-03,6,0,20,169.03,169.03,0.0,1483.579579,0.0
2019-02-03,6,0,21,0.0,0.0,0.0,0.0,0.0
2019-02-03,6,0,22,0.0,0.0,0.0,0.0,0.0
2019-02-03,6,0,23,66.19,66.19,0.0,887.221869,0.0
2019-02-03,6,0,24,117.1,117.1,0.0,1569.628053,0.0
2019-02-03,6,0,29,0.0,0.0,0.0,0.0,0.0
2019-02-03,6,0,30,0.0,0.0,0.0,0.0,0.0
2019-02-03,6,0,31,11.91,11.91,0.0,160.260156,0.0
2019-02-03,6,0,32,0.0,0.0,0.0,0.0,0.0
2019-02-03,6,0,33,0.0,0.0,0.0,0.0,0.0
2019-02-03,6,0,34,0.0,0.0,0.0,0.0,0.0
2019-02-03,6,0,35,0.0,0.0,0.0,0.0,0.0
2019-02-03,6,0,36,0.0,0.0,0.0,0.0,0.0
2019-02-03,6,0,37,0.0,0.0,0.0,0.0,0.0
2019-02-03,6,0,38,0.0,0.0,0.0,0.0,0.0
2019-02-03,6,0,39,0.0,0.0,0.0,0.0,0.0
2019-02-03,6,0,40,0.0,0.0,0.0,0.0,0.0
2019-02-03,6,0,41,66.6,66.6,0.0,719.767837,0.0
2019-02-03,6,0,42,0.0,0.0,0.0,0.0,0.0
2019-02-03,6,0,43,0.0,0.0,0.0,0.0,0.0
2019-02-03,6,0,46,0.0,0.0,0.0,0.0,0.0
2019-02-03,6,0,52,12.62,12.62,0.0,169.813868,0.0
2019-02-03,6,0,53,20.04,20.04,0.0,269.656888,0.0
2019-02-03,6,0,55,81.1,81.1,0.0,1087.078011,0.0
2019-02-03,6,0,56,0.0,0.0,0.0,0.0,0.0
2019-02-03,6,0,57,0.0,0.0,0.0,0.0,0.0
2019-02-03,6,0,58,0.0,0.0,0.0,0.0,0.0
2019-02-03,6,0,59,0.0,0.0,0.0,0.0,0.0
2019-02-03,6,0,63,170.0,170.0,0.0,15858.159464,0.0
2019-02-03,6,0,64,200.0,200.0,0.0,18656.658193,0.0
2019-02-03,6,0,65,9.94,9.94,0.0,87.997955,0.0
2019-02-03,6,0,67,0.0,0.0,0.0,-0.0,0.0
2019-02-03,6,0,68,4.8,4.8,0.0,-2040.109784,0.0
2019-02-03,6,0,69,0.0,0.0,0.0,0.0,0.0
2019-02-03,6,0,74,9.18,9.18,0.0,81.735815,0.0
2019-02-03,6,0,77,193.01,193.01,0.0,-59354.424653,0.0
2019-02-03,6,0,78,145.92,145.92,0.0,-44873.310426,0.0
2019-02-03,6,0,79,84.44,84.44,0.0,-25966.984186,0.0
2019-02-03,6,0,80,136.56,136.56,0.0,-41994.923738,0.0
2019-02-03,6,0,81,178.54,178.54,0.0,-54904.611044,0.0
2019-02-03,6,0,82,125.94,125.94,0.0,-38729.061918,0.0
2019-02-03,6,0,83,280.83,280.83,0.0,-86360.826255,0.0
2019-02-03,6,0,84,0.0,0.0,0.0,-0.0,0.0
2019-02-03,6,0,86,0.0,0.0,0.0,0.0,0.0
2019-02-03,6,0,87,0.0,0.0,0.0,0.0,0.0
2019-02-03,6,0,88,170.6,170.6,0.0,-52462.902678,0.0
2019-02-03,6,0,89,164.0,164.0,0.0,-50433.271038,0.0
2019-02-03,6,0,90,220.2,220.2,0.0,-67715.891968,0.0
2019-02-03,6,0,91,785.5,785.5,0.0,-241556.917078,0.0
2019-02-03,6,0,92,282.5,282.5,0.0,-86874.384563,0.0
2019-02-03,6,0,95,33.49,33.49,0.0,751.171879,0.0
2019-02-03,6,0,96,14.51,14.51,0.0,196.03056,0.0
2019-02-03,6,0,97,89.23,89.23,0.0,1205.500128,0.0
2019-02-03,6,0,99,1.77,1.77,0.0,15.75952,0.0
2019-02-03,6,0,101,0.0,0.0,0.0,0.0,0.0
2019-02-03,6,0,102,11.37,11.37,0.0,-4832.510051,0.0
2019-02-03,6,0,103,9.88,9.88,0.0,-4199.225972,0.0
2019-02-03,6,0,104,1.84,1.84,0.0,-782.042084,0.0
2019-02-03,6,0,106,0.0,0.0,0.0,0.0,0.0
2019-02-03,6,0,109,198.7,198.7,0.0,1747.880367,0.0
2019-02-03,6,0,110,338.6,338.6,0.0,-338600.0,0.0
2019-02-03,6,0,111,0.0,0.0,0.0,0.0,0.0
2019-02-03,6,0,113,109.82,109.82,0.0,-30486.239367,0.0
2019-02-03,6,0,115,109.82,109.82,0.0,-30486.239367,0.0
2019-02-03,6,0,116,0.0,0.0,0.0,-0.0,0.0
2019-02-03,6,0,117,4.35,4.35,0.0,-1207.568214,0.0
2019-02-03,6,0,119,200.0,200.0,0.0,18656.658193,0.0
2019-02-03,6,0,120,117.6,117.6,0.0,10970.115017,0.0
2019-02-03,6,0,123,0.0,0.0,0.0,0.0,0.0
2019-02-03,6,0,125,105.97,105.97,0.0,1420.439665,0.0
2019-02-03,6,0,126,0.0,0.0,0.0,0.0,0.0
2019-02-03,6,0,127,0.0,0.0,0.0,0.0,0.0
2019-02-03,6,0,128,151.78,151.78,0.0,2034.484594,0.0
2019-02-03,6,0,131,16.59,16.59,0.0,-6424.014939,0.0
2019-02-03,6,0,132,24.39,24.39,0.0,-9444.34746,0.0
2019-02-03,6,0,133,9.7,9.7,0.0,85.067729,0.0
2019-02-03,6,0,134,0.0,0.0,0.0,0.0,0.0
2019-02-03,6,0,135,13.0,13.0,0.0,114.008297,0.0
2019-02-03,6,0,136,10.29,10.29,0.0,91.139347,0.0
2019-02-03,6,0,139,86.0,86.0,0.0,929.429939,0.0
2019-02-03,6,0,140,250.6,250.6,0.0,-250600.0,0.0
2019-02-03,6,0,141,121.9,121.9,0.0,-69063.913224,0.0
2019-02-03,6,0,142,0.0,0.0,0.0,-0.0,0.0
2019-02-03,6,0,143,67.91,67.91,0.0,913.792377,0.0
2019-02-03,6,0,145,15.11,15.11,0.0,177.511106,0.0
2019-02-03,6,0,146,268.0,268.0,0.0,-268000.0,0.0
2019-02-03,6,0,152,0.0,0.0,0.0,0.0,0.0
2019-02-03,6,0,153,0.0,0.0,0.0,0.0,0.0
2019-02-03,6,0,154,0.0,0.0,0.0,0.0,0.0
2019-02-03,6,0,157,193.13,193.13,0.0,-109420.127654,0.0
2019-02-03,6,0,158,0.0,0.0,0.0,-0.0,0.0
2019-02-03,6,0,159,0.0,0.0,0.0,0.0,0.0
2019-02-03,6,0,160,0.0,0.0,0.0,0.0,0.0
2019-02-03,6,0,161,0.0,0.0,0.0,-0.0,0.0
2019-02-03,6,0,162,33.16,33.16,0.0,769.60204,0.0
2019-02-03,6,0,163,126.62,126.62,0.0,-126620.0,0.0
2019-02-03,6,0,164,0.0,0.0,0.0,0.0,0.0
2019-02-03,6,0,167,0.0,0.0,0.0,0.0,0.0
2019-02-03,6,0,168,0.0,0.0,0.0,0.0,0.0
2019-02-03,6,0,169,0.0,0.0,0.0,0.0,0.0
2019-02-03,6,0,170,0.0,0.0,0.0,0.0,0.0
2019-02-03,6,0,172,0.0,0.0,0.0,0.0,0.0
2019-02-03,6,0,173,0.0,0.0,0.0,0.0,0.0
2019-02-03,6,0,188,0.0,0.0,0.0,0.0,0.0
2019-02-03,6,0,190,0.0,0.0,0.0,0.0,0.0
2019-02-03,6,0,191,0.0,0.0,0.0,0.0,0.0
2019-02-03,6,0,192,117.01,117.01,0.0,3794.348458,0.0
2019-02-03,6,0,194,176.5,176.5,0.0,-25474.635262,0.0
2019-02-03,6,0,196,0.0,0.0,0.0,0.0,0.0
2019-02-03,6,0,198,0.0,0.0,0.0,0.0,0.0
2019-02-03,6,0,199,31.28,31.28,0.0,-1285.941919,0.0
2019-02-03,6,0,200,0.0,0.0,0.0,-0.0,0.0
2019-02-03,6,0,204,857.0,857.0,0.0,7759.536633,0.0
2019-02-03,6,0,205,1051.1,1051.1,0.0,9246.08482,0.0
2019-02-03,6,0,206,262.21,262.21,0.0,3542.465411,0.0
2019-02-03,6,0,210,0.0,0.0,0.0,0.0,0.0
2019-02-03,6,0,214,0.0,0.0,0.0,0.0,0.0
2019-02-03,6,0,217,0.0,0.0,0.0,0.0,0.0
2019-02-03,6,0,218,0.0,0.0,0.0,0.0,0.0
2019-02-03,6,0,219,0.0,0.0,0.0,0.0,0.0
2019-02-03,6,0,221,0.0,0.0,0.0,0.0,0.0
2019-02-03,6,0,225,0.0,0.0,0.0,0.0,0.0
2019-02-03,6,0,233,0.0,0.0,0.0,0.0,0.0
2019-02-03,6,0,236,30.64,30.64,0.0,310.591161,0.0
2019-02-03,6,0,237,22.02,22.02,0.0,196.059112,0.0
2019-02-03,6,0,238,0.0,0.0,0.0,0.0,0.0
2019-02-03,6,0,240,0.0,0.0,0.0,0.0,0.0
2019-02-03,6,0,245,20.03,20.03,0.0,170.213664,0.0
2019-02-03,6,0,247,30.55,30.55,0.0,259.611953,0.0
2019-02-03,6,0,248,2.21,2.21,0.0,19.677141,0.0
2019-02-03,6,0,249,38.51,38.51,0.0,327.255526,0.0
2019-02-03,6,0,251,103.6,103.6,0.0,930.070827,0.0
2019-02-03,6,0,252,64.15,64.15,0.0,567.914365,0.0
2019-02-03,6,0,254,0.0,0.0,0.0,0.0,0.0
2019-02-03,6,0,255,0.0,0.0,0.0,0.0,0.0
2019-02-03,6,0,258,0.0,0.0,0.0,0.0,0.0
2019-02-03,6,0,260,0.0,0.0,0.0,0.0,0.0
2019-02-03,6,0,265,0.0,0.0,0.0,0.0,0.0
2019-02-03,6,0,266,55.69,55.69,0.0,601.859922,0.0
2019-02-03,6,0,267,68.44,68.44,0.0,739.653315,0.0
2019-02-03,6,0,270,395.44,395.44,0.0,-395440.0,0.0
2019-02-03,6,0,272,387.51,387.51,0.0,-107573.507715,0.0
2019-02-03,6,0,273,0.0,0.0,0.0,-0.0,0.0
2019-02-03,6,0,274,509.77,509.77,0.0,-509770.0,0.0
2019-02-03,6,0,275,709.6,709.6,0.0,-709600.0,0.0
2019-02-03,6,0,276,0.0,0.0,0.0,-0.0,0.0
2019-02-03,6,0,277,0.0,0.0,0.0,-0.0,0.0
2019-02-03,6,0,278,0.0,0.0,0.0,-0.0,0.0
2019-02-03,6,0,279,167.56,167.56,0.0,-48524.792917,0.0
2019-02-03,6,0,281,5.35,5.35,0.0,71.989239,0.0
2019-02-03,6,0,282,0.0,0.0,0.0,0.0,0.0
2019-02-03,7,0,9,0.0,0.0,0.0,0.0,0.0
2019-02-03,7,0,17,0.0,0.0,0.0,0.0,0.0
2019-02-03,7,0,19,137.93,137.93,0.0,902.06371,0.0
2019-02-03,7,0,20,167.29,167.29,0.0,1094.078432,0.0
2019-02-03,7,0,21,0.0,0.0,0.0,0.0,0.0
2019-02-03,7,0,22,0.0,0.0,0.0,0.0,0.0
2019-02-03,7,0,23,76.14,76.14,0.0,932.440351,0.0
2019-02-03,7,0,24,134.72,134.72,0.0,1649.834044,0.0
2019-02-03,7,0,29,0.0,0.0,0.0,0.0,0.0
2019-02-03,7,0,30,0.0,0.0,0.0,0.0,0.0
2019-02-03,7,0,31,33.29,33.29,0.0,408.887077,0.0
2019-02-03,7,0,32,0.0,0.0,0.0,0.0,0.0
2019-02-03,7,0,33,0.0,0.0,0.0,0.0,0.0
2019-02-03,7,0,34,0.0,0.0,0.0,0.0,0.0
2019-02-03,7,0,35,0.0,0.0,0.0,0.0,0.0
2019-02-03,7,0,36,0.0,0.0,0.0,0.0,0.0
2019-02-03,7,0,37,0.0,0.0,0.0,0.0,0.0
2019-02-03,7,0,38,0.0,0.0,0.0,0.0,0.0
2019-02-03,7,0,39,0.0,0.0,0.0,0.0,0.0
2019-02-03,7,0,40,0.0,0.0,0.0,0.0,0.0
2019-02-03,7,0,41,47.62,47.62,0.0,493.41633,0.0
2019-02-03,7,0,42,0.0,0.0,0.0,0.0,0.0
2019-02-03,7,0,43,0.0,0.0,0.0,0.0,0.0
2019-02-03,7,0,46,0.0,0.0,0.0,0.0,0.0
2019-02-03,7,0,52,35.29,35.29,0.0,433.452237,0.0
2019-02-03,7,0,53,56.09,56.09,0.0,688.929894,0.0
2019-02-03,7,0,55,84.74,84.74,0.0,1037.75933,0.0
2019-02-03,7,0,56,0.0,0.0,0.0,0.0,0.0
2019-02-03,7,0,57,0.0,0.0,0.0,0.0,0.0
2019-02-03,7,0,58,0.0,0.0,0.0,0.0,0.0
2019-02-03,7,0,59,0.0,0.0,0.0,0.0,0.0
2019-02-03,7,0,63,170.0,170.0,0.0,16286.289993,0.0
2019-02-03,7,0,64,200.0,200.0,0.0,19160.341168,0.0
2019-02-03,7,0,65,8.37,8.37,0.0,55.078412,0.0
2019-02-03,7,0,67,0.0,0.0,0.0,-0.0,0.0
2019-02-03,7,0,68,5.46,5.46,0.0,-2310.853862,0.0
2019-02-03,7,0,69,0.0,0.0,0.0,0.0,0.0
2019-02-03,7,0,74,8.49,8.49,0.0,65.617064,0.0
2019-02-03,7,0,77,200.0,200.0,0.0,-61052.325332,0.0
2019-02-03,7,0,78,151.2,151.2,0.0,-46155.557951,0.0
2019-02-03,7,0,79,87.5,87.5,0.0,-26710.392333,0.0
2019-02-03,7,0,80,141.5,141.5,0.0,-43194.520172,0.0
2019-02-03,7,0,81,185.0,185.0,0.0,-56473.400932,0.0
2019-02-03,7,0,82,130.5,130.5,0.0,-39836.642279,0.0
2019-02-03,7,0,83,291.0,291.0,0.0,-88831.133358,0.0
2019-02-03,7,0,84,0.0,0.0,0.0,-0.0,0.0
2019-02-03,7,0,86,0.0,0.0,0.0,0.0,0.0
2019-02-03,7,0,87,0.0,0.0,0.0,0.0,0.0
2019-02-03,7,0,88,170.6,170.6,0.0,-52077.633508,0.0
2019-02-03,7,0,89,164.0,164.0,0.0,-50062.906772,0.0
2019-02-03,7,0,90,220.2,220.2,0.0,-67218.61019,0.0
2019-02-03,7,0,91,785.5,785.5,0.0,-239783.00774,0.0
2019-02-03,7,0,92,282.5,282.5,0.0,-86236.409531,0.0
2019-02-03,7,0,95,30.28,30.28,0.0,747.025961,0.0
2019-02-03,7,0,96,16.79,16.79,0.0,206.85949,0.0
2019-02-03,7,0,97,103.27,103.27,0.0,1272.32755,0.0
2019-02-03,7,0,99,1.64,1.64,0.0,12.675145,0.0
2019-02-03,7,0,101,0.0,0.0,0.0,0.0,0.0
2019-02-03,7,0,102,12.93,12.93,0.0,-5472.406674,0.0
2019-02-03,7,0,103,11.25,11.25,0.0,-4761.374716,0.0
2019-02-03,7,0,104,2.09,2.09,0.0,-884.557614,0.0
2019-02-03,7,0,106,0.0,0.0,0.0,0.0,0.0
2019-02-03,7,0,109,200.0,200.0,0.0,1823.393687,0.0
2019-02-03,7,0,110,338.6,338.6,0.0,-338600.0,0.0
2019-02-03,7,0,111,0.0,0.0,0.0,0.0,0.0
2019-02-03,7,0,113,62.54,62.54,0.0,-17235.326744,0.0
2019-02-03,7,0,115,62.54,62.54,0.0,-17235.326744,0.0
2019-02-03,7,0,116,0.0,0.0,0.0,-0.0,0.0
2019-02-03,7,0,117,2.56,2.56,0.0,-705.507459,0.0
2019-02-03,7,0,119,200.0,200.0,0.0,19160.341168,0.0
2019-02-03,7,0,120,117.6,117.6,0.0,11266.280607,0.0
2019-02-03,7,0,123,0.0,0.0,0.0,0.0,0.0
2019-02-03,7,0,125,121.91,121.91,0.0,1492.957752,0.0
2019-02-03,7,0,126,0.0,0.0,0.0,0.0,0.0
2019-02-03,7,0,127,0.0,0.0,0.0,0.0,0.0
2019-02-03,7,0,128,174.6,174.6,0.0,2138.220191,0.0
2019-02-03,7,0,131,19.69,19.69,0.0,-7586.850443,0.0
2019-02-03,7,0,132,28.94,28.94,0.0,-11151.013298,0.0
2019-02-03,7,0,133,9.04,9.04,0.0,59.087252,0.0
2019-02-03,7,0,134,0.0,0.0,0.0,0.0,0.0
2019-02-03,7,0,135,12.12,12.12,0.0,79.21875,0.0
2019-02-03,7,0,136,9.98,9.98,0.0,65.695104,0.0
2019-02-03,7,0,139,61.51,61.51,0.0,637.338061,0.0
2019-02-03,7,0,140,250.6,250.6,0.0,-250600.0,0.0
2019-02-03,7,0,141,126.61,126.61,0.0,-71561.619022,0.0
2019-02-03,7,0,142,0.0,0.0,0.0,-0.0,0.0
2019-02-03,7,0,143,61.22,61.22,0.0,751.939528,0.0
2019-02-03,7,0,145,16.2,16.2,0.0,179.942369,0.0
2019-02-03,7,0,146,268.0,268.0,0.0,-268000.0,0.0
2019-02-03,7,0,152,0.0,0.0,0.0,0.0,0.0
2019-02-03,7,0,153,0.0,0.0,0.0,0.0,0.0
2019-02-03,7,0,154,0.0,0.0,0.0,0.0,0.0
2019-02-03,7,0,157,196.15,196.15,0.0,-110866.531643,0.0
2019-02-03,7,0,158,0.0,0.0,0.0,-0.0,0.0
2019-02-03,7,0,159,0.0,0.0,0.0,0.0,0.0
2019-02-03,7,0,160,0.0,0.0,0.0,0.0,0.0
2019-02-03,7,0,161,0.0,0.0,0.0,-0.0,0.0
2019-02-03,7,0,162,29.4,29.4,0.0,748.327321,0.0
2019-02-03,7,0,163,135.06,135.06,0.0,-135060.0,0.0
2019-02-03,7,0,164,0.0,0.0,0.0,0.0,0.0
2019-02-03,7,0,167,0.0,0.0,0.0,0.0,0.0
2019-02-03,7,0,168,0.0,0.0,0.0,0.0,0.0
2019-02-03,7,0,169,0.0,0.0,0.0,0.0,0.0
2019-02-03,7,0,170,0.0,0.0,0.0,0.0,0.0
2019-02-03,7,0,172,0.0,0.0,0.0,0.0,0.0
2019-02-03,7,0,173,0.0,0.0,0.0,0.0,0.0
2019-02-03,7,0,188,0.0,0.0,0.0,0.0,0.0
2019-02-03,7,0,190,0.0,0.0,0.0,0.0,0.0
2019-02-03,7,0,191,0.0,0.0,0.0,0.0,0.0
2019-02-03,7,0,192,113.47,113.47,0.0,3679.554906,0.0
2019-02-03,7,0,194,176.5,176.5,0.0,-25101.850054,0.0
2019-02-03,7,0,196,0.0,0.0,0.0,0.0,0.0
2019-02-03,7,0,198,0.0,0.0,0.0,0.0,0.0
2019-02-03,7,0,199,29.37,29.37,0.0,-1164.420292,0.0
2019-02-03,7,0,200,0.0,0.0,0.0,-0.0,0.0
2019-02-03,7,0,204,857.0,857.0,0.0,7935.531545,0.0
2019-02-03,7,0,205,1058.0,1058.0,0.0,9645.752604,0.0
2019-02-03,7,0,206,303.44,303.44,0.0,3738.501712,0.0
2019-02-03,7,0,210,0.0,0.0,0.0,0.0,0.0
2019-02-03,7,0,214,0.0,0.0,0.0,0.0,0.0
2019-02-03,7,0,217,0.0,0.0,0.0,0.0,0.0
2019-02-03,7,0,218,0.0,0.0,0.0,0.0,0.0
2019-02-03,7,0,219,0.0,0.0,0.0,0.0,0.0
2019-02-03,7,0,221,0.0,0.0,0.0,0.0,0.0
2019-02-03,7,0,225,0.0,0.0,0.0,0.0,0.0
2019-02-03,7,0,233,0.0,0.0,0.0,0.0,0.0
2019-02-03,7,0,236,22.03,22.03,0.0,156.233634,0.0
2019-02-03,7,0,237,20.36,20.36,0.0,157.357294,0.0
2019-02-03,7,0,238,0.0,0.0,0.0,0.0,0.0
2019-02-03,7,0,240,0.0,0.0,0.0,0.0,0.0
2019-02-03,7,0,245,15.1,15.1,0.0,96.5084,0.0
2019-02-03,7,0,247,19.37,19.37,0.0,123.799187,0.0
2019-02-03,7,0,248,2.04,2.04,0.0,15.766644,0.0
2019-02-03,7,0,249,29.04,29.04,0.0,185.602911,0.0
2019-02-03,7,0,251,79.5,79.5,0.0,528.425251,0.0
2019-02-03,7,0,252,54.01,54.01,0.0,355.410397,0.0
2019-02-03,7,0,254,0.0,0.0,0.0,0.0,0.0
2019-02-03,7,0,255,0.0,0.0,0.0,0.0,0.0
2019-02-03,7,0,258,0.0,0.0,0.0,0.0,0.0
2019-02-03,7,0,260,0.0,0.0,0.0,0.0,0.0
2019-02-03,7,0,265,0.0,0.0,0.0,0.0,0.0
2019-02-03,7,0,266,39.82,39.82,0.0,412.596351,0.0
2019-02-03,7,0,267,48.94,48.94,0.0,507.093557,0.0
2019-02-03,7,0,270,421.8,421.8,0.0,-421800.0,0.0
2019-02-03,7,0,272,222.53,222.53,0.0,-61326.787022,0.0
2019-02-03,7,0,273,0.0,0.0,0.0,-0.0,0.0
2019-02-03,7,0,274,543.74,543.74,0.0,-543740.0,0.0
2019-02-03,7,0,275,756.9,756.9,0.0,-756900.0,0.0
2019-02-03,7,0,276,0.0,0.0,0.0,-0.0,0.0
2019-02-03,7,0,277,0.0,0.0,0.0,-0.0,0.0
2019-02-03,7,0,278,0.0,0.0,0.0,-0.0,0.0
2019-02-03,7,0,279,176.56,176.56,0.0,-50758.377313,0.0
2019-02-03,7,0,281,14.93,14.93,0.0,183.378915,0.0
2019-02-03,7,0,282,0.0,0.0,0.0,0.0,0.0
2019-02-03,8,0,9,0.0,0.0,0.0,0.0,0.0
2019-02-03,8,0,17,0.0,0.0,0.0,0.0,0.0
2019-02-03,8,0,19,116.49,116.49,0.0,794.348282,0.0
2019-02-03,8,0,20,144.98,144.98,0.0,988.622318,0.0
2019-02-03,8,0,21,0.0,0.0,0.0,0.0,0.0
2019-02-03,8,0,22,0.0,0.0,0.0,0.0,0.0
2019-02-03,8,0,23,76.2,76.2,0.0,942.71997,0.0
2019-02-03,8,0,24,134.83,134.83,0.0,1668.069993,0.0
2019-02-03,8,0,29,0.0,0.0,0.0,0.0,0.0
2019-02-03,8,0,30,0.0,0.0,0.0,0.0,0.0
2019-02-03,8,0,31,12.07,12.07,0.0,149.75086,0.0
2019-02-03,8,0,32,0.0,0.0,0.0,0.0,0.0
2019-02-03,8,0,33,0.0,0.0,0.0,0.0,0.0
2019-02-03,8,0,34,0.0,0.0,0.0,0.0,0.0
2019-02-03,8,0,35,0.0,0.0,0.0,0.0,0.0
2019-02-03,8,0,36,0.0,0.0,0.0,0.0,0.0
2019-02-03,8,0,37,0.0,0.0,0.0,0.0,0.0
2019-02-03,8,0,38,0.0,0.0,0.0,0.0,0.0
2019-02-03,8,0,39,0.0,0.0,0.0,0.0,0.0
2019-02-03,8,0,40,0.0,0.0,0.0,0.0,0.0
2019-02-03,8,0,41,15.48,15.48,0.0,163.121771,0.0
2019-02-03,8,0,42,0.0,0.0,0.0,0.0,0.0
2019-02-03,8,0,43,0.0,0.0,0.0,0.0,0.0
2019-02-03,8,0,46,0.0,0.0,0.0,0.0,0.0
2019-02-03,8,0,52,12.79,12.79,0.0,158.683803,0.0
2019-02-03,8,0,53,20.33,20.33,0.0,252.231564,0.0
2019-02-03,8,0,55,96.2,96.2,0.0,1190.153032,0.0
2019-02-03,8,0,56,0.0,0.0,0.0,0.0,0.0
2019-02-03,8,0,57,0.0,0.0,0.0,0.0,0.0
2019-02-03,8,0,58,0.0,0.0,0.0,0.0,0.0
2019-02-03,8,0,59,0.0,0.0,0.0,0.0,0.0
2019-02-03,8,0,63,96.01,96.01,0.0,9274.331756,0.0
2019-02-03,8,0,64,112.86,112.86,0.0,10902.000645,0.0
2019-02-03,8,0,65,8.8,8.8,0.0,60.353746,0.0
2019-02-03,8,0,67,0.0,0.0,0.0,-0.0,0.0
2019-02-03,8,0,68,7.06,7.06,0.0,-2984.931293,0.0
2019-02-03,8,0,69,0.0,0.0,0.0,0.0,0.0
2019-02-03,8,0,74,7.01,7.01,0.0,55.909883,0.0
2019-02-03,8,0,77,147.17,147.17,0.0,-44846.666535,0.0
2019-02-03,8,0,78,111.12,111.12,0.0,-33861.259668,0.0
2019-02-03,8,0,79,64.1,64.1,0.0,-19532.998063,0.0
2019-02-03,8,0,80,103.96,103.96,0.0,-31679.414643,0.0
2019-02-03,8,0,81,136.09,136.09,0.0,-41470.291831,0.0
2019-02-03,8,0,82,95.84,95.84,0.0,-29205.031737,0.0
2019-02-03,8,0,83,214.4,214.4,0.0,-65333.459978,0.0
2019-02-03,8,0,84,0.0,0.0,0.0,-0.0,0.0
2019-02-03,8,0,86,0.0,0.0,0.0,0.0,0.0
2019-02-03,8,0,87,0.0,0.0,0.0,0.0,0.0
2019-02-03,8,0,88,123.33,123.33,0.0,-37581.975836,0.0
2019-02-03,8,0,89,119.02,119.02,0.0,-36268.602643,0.0
2019-02-03,8,0,90,155.3,155.3,0.0,-47324.09671,0.0
2019-02-03,8,0,91,486.84,486.84,0.0,-148353.272649,0.0
2019-02-03,8,0,92,194.81,194.81,0.0,-59363.858854,0.0
2019-02-03,8,0,95,36.0,36.0,0.0,914.892964,0.0
2019-02-03,8,0,96,18.01,18.01,0.0,224.110402,0.0
2019-02-03,8,0,97,110.77,110.77,0.0,1378.384744,0.0
2019-02-03,8,0,99,1.35,1.35,0.0,10.767238,0.0
2019-02-03,8,0,101,0.0,0.0,0.0,0.0,0.0
2019-02-03,8,0,102,16.71,16.71,0.0,-7064.901121,0.0
2019-02-03,8,0,103,14.53,14.53,0.0,-6143.208455,0.0
2019-02-03,8,0,104,2.7,2.7,0.0,-1141.545962,0.0
2019-02-03,8,0,106,0.0,0.0,0.0,0.0,0.0
2019-02-03,8,0,109,192.52,192.52,0.0,1795.547169,0.0
2019-02-03,8,0,110,338.6,338.6,0.0,-338600.0,0.0
2019-02-03,8,0,111,0.0,0.0,0.0,0.0,0.0
2019-02-03,8,0,113,130.4,130.4,0.0,-35866.893822,0.0
2019-02-03,8,0,115,130.4,130.4,0.0,-35866.893822,0.0
2019-02-03,8,0,116,0.0,0.0,0.0,-0.0,0.0
2019-02-03,8,0,117,6.75,6.75,0.0,-1856.60685,0.0
2019-02-03,8,0,119,112.86,112.86,0.0,10902.000645,0.0
2019-02-03,8,0,120,66.59,66.59,0.0,6432.431534,0.0
2019-02-03,8,0,123,0.0,0.0,0.0,0.0,0.0
2019-02-03,8,0,125,122.01,122.01,0.0,1509.4654,0.0
2019-02-03,8,0,126,0.0,0.0,0.0,0.0,0.0
2019-02-03,8,0,127,0.0,0.0,0.0,0.0,0.0
2019-02-03,8,0,128,174.75,174.75,0.0,2161.946387,0.0
2019-02-03,8,0,131,24.69,24.69,0.0,-9501.886429,0.0
2019-02-03,8,0,132,36.29,36.29,0.0,-13966.118207,0.0
2019-02-03,8,0,133,8.32,8.32,0.0,56.703443,0.0
2019-02-03,8,0,134,0.0,0.0,0.0,0.0,0.0
2019-02-03,8,0,135,11.15,11.15,0.0,75.990792,0.0
2019-02-03,8,0,136,10.46,10.46,0.0,71.761256,0.0
2019-02-03,8,0,139,19.99,19.99,0.0,210.646266,0.0
2019-02-03,8,0,140,250.6,250.6,0.0,-250600.0,0.0
2019-02-03,8,0,141,168.3,168.3,0.0,-95069.715728,0.0
2019-02-03,8,0,142,0.0,0.0,0.0,-0.0,0.0
2019-02-03,8,0,143,21.3,21.3,0.0,264.266223,0.0
2019-02-03,8,0,145,16.66,16.66,0.0,187.649895,0.0
2019-02-03,8,0,146,268.0,268.0,0.0,-268000.0,0.0
2019-02-03,8,0,152,0.0,0.0,0.0,0.0,0.0
2019-02-03,8,0,153,0.0,0.0,0.0,0.0,0.0
2019-02-03,8,0,154,0.0,0.0,0.0,0.0,0.0
2019-02-03,8,0,157,247.97,247.97,0.0,-140073.900232,0.0
2019-02-03,8,0,158,0.0,0.0,0.0,-0.0,0.0
2019-02-03,8,0,159,0.0,0.0,0.0,0.0,0.0
2019-02-03,8,0,160,0.0,0.0,0.0,0.0,0.0
2019-02-03,8,0,161,0.0,0.0,0.0,-0.0,0.0
2019-02-03,8,0,162,37.61,37.61,0.0,985.268261,0.0
2019-02-03,8,0,163,174.68,174.68,0.0,-174680.0,0.0
2019-02-03,8,0,164,0.0,0.0,0.0,0.0,0.0
2019-02-03,8,0,167,0.0,0.0,0.0,0.0,0.0
2019-02-03,8,0,168,0.0,0.0,0.0,0.0,0.0
2019-02-03,8,0,169,0.0,0.0,0.0,0.0,0.0
2019-02-03,8,0,170,0.0,0.0,0.0,0.0,0.0
2019-02-03,8,0,172,0.0,0.0,0.0,0.0,0.0
2019-02-03,8,0,173,0.0,0.0,0.0,0.0,0.0
2019-02-03,8,0,188,0.0,0.0,0.0,0.0,0.0
2019-02-03,8,0,190,0.0,0.0,0.0,0.0,0.0
2019-02-03,8,0,191,0.0,0.0,0.0,0.0,0.0
2019-02-03,8,0,192,168.88,168.88,0.0,5476.365846,0.0
2019-02-03,8,0,194,176.5,176.5,0.0,-24992.850285,0.0
2019-02-03,8,0,196,0.0,0.0,0.0,0.0,0.0
2019-02-03,8,0,198,0.0,0.0,0.0,0.0,0.0
2019-02-03,8,0,199,27.89,27.89,0.0,-1092.384445,0.0
2019-02-03,8,0,200,0.0,0.0,0.0,-0.0,0.0
2019-02-03,8,0,204,856.99,856.99,0.0,8111.752236,0.0
2019-02-03,8,0,205,1018.47,1018.47,0.0,9498.810127,0.0
2019-02-03,8,0,206,325.49,325.49,0.0,4050.288437,0.0
2019-02-03,8,0,210,0.0,0.0,0.0,0.0,0.0
2019-02-03,8,0,214,0.0,0.0,0.0,0.0,0.0
2019-02-03,8,0,217,0.0,0.0,0.0,0.0,0.0
2019-02-03,8,0,218,0.0,0.0,0.0,0.0,0.0
2019-02-03,8,0,219,0.0,0.0,0.0,0.0,0.0
2019-02-03,8,0,221,0.0,0.0,0.0,0.0,0.0
2019-02-03,8,0,225,0.0,0.0,0.0,0.0,0.0
2019-02-03,8,0,233,0.0,0.0,0.0,0.0,0.0
2019-02-03,8,0,236,16.18,16.18,0.0,119.020138,0.0
2019-02-03,8,0,237,16.83,16.83,0.0,134.231573,0.0
2019-02-03,8,0,238,0.0,0.0,0.0,0.0,0.0
2019-02-03,8,0,240,0.0,0.0,0.0,0.0,0.0
2019-02-03,8,0,245,14.8,14.8,0.0,98.779739,0.0
2019-02-03,8,0,247,18.06,18.06,0.0,120.537979,0.0
2019-02-03,8,0,248,1.69,1.69,0.0,13.478987,0.0
2019-02-03,8,0,249,28.46,28.46,0.0,189.950768,0.0
2019-02-03,8,0,251,79.81,79.81,0.0,552.524162,0.0
2019-02-03,8,0,252,56.78,56.78,0.0,389.418829,0.0
2019-02-03,8,0,254,0.0,0.0,0.0,0.0,0.0
2019-02-03,8,0,255,0.0,0.0,0.0,0.0,0.0
2019-02-03,8,0,258,0.0,0.0,0.0,0.0,0.0
2019-02-03,8,0,260,0.0,0.0,0.0,0.0,0.0
2019-02-03,8,0,265,0.0,0.0,0.0,0.0,0.0
2019-02-03,8,0,266,12.95,12.95,0.0,136.461688,0.0
2019-02-03,8,0,267,15.91,15.91,0.0,167.652931,0.0
2019-02-03,8,0,270,545.53,545.53,0.0,-545530.0,0.0
2019-02-03,8,0,272,451.46,451.46,0.0,-124175.367215,0.0
2019-02-03,8,0,273,0.0,0.0,0.0,-0.0,0.0
2019-02-03,8,0,274,703.25,703.25,0.0,-703250.0,0.0
2019-02-03,8,0,275,978.94,978.94,0.0,-978940.0,0.0
2019-02-03,8,0,276,0.0,0.0,0.0,-0.0,0.0
2019-02-03,8,0,277,0.0,0.0,0.0,-0.0,0.0
2019-02-03,8,0,278,0.0,0.0,0.0,-0.0,0.0
2019-02-03,8,0,279,211.47,211.47,0.0,-60681.250762,0.0
2019-02-03,8,0,281,5.42,5.42,0.0,67.245208,0.0
2019-02-03,8,0,282,0.0,0.0,0.0,0.0,0.0
2019-02-03,9,0,9,0.24,0.24,0.0,3.22025,0.0
2019-02-03,9,0,17,8.8,8.8,0.0,65.034258,0.0
2019-02-03,9,0,19,82.08,82.08,0.0,606.592259,0.0
2019-02-03,9,0,20,101.92,101.92,0.0,753.21495,0.0
2019-02-03,9,0,21,5.56,5.56,0.0,74.602465,0.0
2019-02-03,9,0,22,19.76,19.76,0.0,265.133942,0.0
2019-02-03,9,0,23,78.06,78.06,0.0,1047.386413,0.0
2019-02-03,9,0,24,138.12,138.12,0.0,1853.254053,0.0
2019-02-03,9,0,29,0.71,0.71,0.0,3.706348,0.0
2019-02-03,9,0,30,40.56,40.56,0.0,545.772623,0.0
2019-02-03,9,0,31,14.32,14.32,0.0,192.688954,0.0
2019-02-03,9,0,32,0.78,0.78,0.0,22.957966,0.0
2019-02-03,9,0,33,0.37,0.37,0.0,2.341851,0.0
2019-02-03,9,0,34,0.59,0.59,0.0,3.734303,0.0
2019-02-03,9,0,35,0.59,0.59,0.0,3.734303,0.0
2019-02-03,9,0,36,1.49,1.49,0.0,13.409215,0.0
2019-02-03,9,0,37,0.7,0.7,0.0,6.311055,0.0
2019-02-03,9,0,38,0.9,0.9,0.0,8.114214,0.0
2019-02-03,9,0,39,0.6,0.6,0.0,5.409476,0.0
2019-02-03,9,0,40,0.6,0.6,0.0,5.409476,0.0
2019-02-03,9,0,41,12.27,12.27,0.0,140.206842,0.0
2019-02-03,9,0,42,10.21,10.21,0.0,77.802535,0.0
2019-02-03,9,0,43,4.59,4.59,0.0,39.963691,0.0
2019-02-03,9,0,46,3.93,3.93,0.0,37.023496,0.0
2019-02-03,9,0,52,15.19,15.19,0.0,204.395615,0.0
2019-02-03,9,0,53,24.26,24.26,0.0,326.440923,0.0
2019-02-03,9,0,55,110.54,110.54,0.0,1483.193621,0.0
2019-02-03,9,0,56,11.96,11.96,0.0,160.932953,0.0
2019-02-03,9,0,57,11.38,11.38,0.0,153.128512,0.0
2019-02-03,9,0,58,21.88,21.88,0.0,294.415803,0.0
2019-02-03,9,0,59,21.52,21.52,0.0,289.571668,0.0
2019-02-03,9,0,63,51.0,51.0,0.0,5211.303709,0.0
2019-02-03,9,0,64,60.0,60.0,0.0,6130.94554,0.0
2019-02-03,9,0,65,9.24,9.24,0.0,68.680704,0.0
2019-02-03,9,0,67,22.49,22.49,0.0,-12656.68674,0.0
2019-02-03,9,0,68,17.13,17.13,0.0,-7194.461454,0.0
2019-02-03,9,0,69,0.37,0.37,0.0,2.341851,0.0
2019-02-03,9,0,74,6.14,6.14,0.0,53.085688,0.0
2019-02-03,9,0,77,60.0,60.0,0.0,-18082.143654,0.0
2019-02-03,9,0,78,45.36,45.36,0.0,-13670.100602,0.0
2019-02-03,9,0,79,26.25,26.25,0.0,-7910.937848,0.0
2019-02-03,9,0,80,42.45,42.45,0.0,-12793.116635,0.0
2019-02-03,9,0,81,55.5,55.5,0.0,-16725.98288,0.0
2019-02-03,9,0,82,39.15,39.15,0.0,-11798.598734,0.0
2019-02-03,9,0,83,87.3,87.3,0.0,-26309.519016,0.0
2019-02-03,9,0,84,0.0,0.0,0.0,-0.0,0.0
2019-02-03,9,0,86,1.87,1.87,0.0,11.835843,0.0
2019-02-03,9,0,87,9.53,9.53,0.0,60.318495,0.0
2019-02-03,9,0,88,155.83,155.83,0.0,-46962.340759,0.0
2019-02-03,9,0,89,148.85,148.85,0.0,-44858.784714,0.0
2019-02-03,9,0,90,208.93,208.93,0.0,-62965.037892,0.0
2019-02-03,9,0,91,785.09,785.09,0.0,-236601.836016,0.0
2019-02-03,9,0,92,276.23,276.23,0.0,-83247.17569,0.0
2019-02-03,9,0,95,36.0,36.0,0.0,914.892964,0.0
2019-02-03,9,0,96,19.31,19.31,0.0,260.605427,0.0
2019-02-03,9,0,97,118.72,118.72,0.0,1602.230778,0.0
2019-02-03,9,0,99,1.19,1.19,0.0,10.288594,0.0
2019-02-03,9,0,101,0.82,0.82,0.0,11.033865,0.0
2019-02-03,9,0,102,40.51,40.51,0.0,-17013.872359,0.0
2019-02-03,9,0,103,35.23,35.23,0.0,-14796.315063,0.0
2019-02-03,9,0,104,6.57,6.57,0.0,-2759.346862,0.0
2019-02-03,9,0,106,19.46,19.46,0.0,261.108629,0.0
2019-02-03,9,0,109,155.57,155.57,0.0,1573.156086,0.0
2019-02-03,9,0,110,338.6,338.6,0.0,-338600.0,0.0
2019-02-03,9,0,111,1.96,1.96,0.0,22.396529,0.0
2019-02-03,9,0,113,84.3,84.3,0.0,-22886.665349,0.0
2019-02-03,9,0,115,84.3,84.3,0.0,-22886.665349,0.0
2019-02-03,9,0,116,12.21,12.21,0.0,-12210.0,0.0
2019-02-03,9,0,117,5.73,5.73,0.0,-1555.641666,0.0
2019-02-03,9,0,119,60.0,60.0,0.0,6130.94554,0.0
2019-02-03,9,0,120,35.28,35.28,0.0,3604.995978,0.0
2019-02-03,9,0,123,0.32,0.32,0.0,4.293667,0.0
2019-02-03,9,0,125,124.99,124.99,0.0,1677.079525,0.0
2019-02-03,9,0,126,14.59,14.59,0.0,195.764383,0.0
2019-02-03,9,0,127,18.73,18.73,0.0,251.313701,0.0
2019-02-03,9,0,128,179.02,179.02,0.0,2402.038376,0.0
2019-02-03,9,0,131,30.0,30.0,0.0,-11455.812236,0.0
2019-02-03,9,0,132,44.1,44.1,0.0,-16840.043987,0.0
2019-02-03,9,0,133,7.77,7.77,0.0,57.39102,0.0
2019-02-03,9,0,134,0.0,0.0,0.0,0.0,0.0
2019-02-03,9,0,135,10.42,10.42,0.0,76.964534,0.0
2019-02-03,9,0,136,11.0,11.0,0.0,81.788541,0.0
2019-02-03,9,0,139,15.85,15.85,0.0,181.114787,0.0
2019-02-03,9,0,140,250.6,250.6,0.0,-250600.0,0.0
2019-02-03,9,0,141,225.63,225.63,0.0,-126977.689157,0.0
2019-02-03,9,0,142,29.66,29.66,0.0,-16691.744273,0.0
2019-02-03,9,0,143,34.36,34.36,0.0,462.345841,0.0
2019-02-03,9,0,145,17.28,17.28,0.0,211.071628,0.0
2019-02-03,9,0,146,268.0,268.0,0.0,-268000.0,0.0
2019-02-03,9,0,152,1.1,1.1,0.0,9.455762,0.0
2019-02-03,9,0,153,1.33,1.33,0.0,11.505144,0.0
2019-02-03,9,0,154,8.07,8.07,0.0,92.21428,0.0
2019-02-03,9,0,157,250.0,250.0,0.0,-140692.382614,0.0
2019-02-03,9,0,158,8.18,8.18,0.0,-4603.454759,0.0
2019-02-03,9,0,159,0.0,0.0,0.0,0.0,0.0
2019-02-03,9,0,160,0.38,0.38,0.0,2.947044,0.0
2019-02-03,9,0,161,4.52,4.52,0.0,-1898.363443,0.0
2019-02-03,9,0,162,47.3,47.3,0.0,1238.987428,0.0
2019-02-03,9,0,163,185.4,185.4,0.0,-185400.0,0.0
2019-02-03,9,0,164,1.29,1.29,0.0,17.358153,0.0
2019-02-03,9,0,167,0.81,0.81,0.0,18.668289,0.0
2019-02-03,9,0,168,0.41,0.41,0.0,9.449381,0.0
2019-02-03,9,0,169,0.0,0.0,0.0,0.0,0.0
2019-02-03,9,0,170,0.89,0.89,0.0,20.51207,0.0
2019-02-03,9,0,172,1.22,1.22,0.0,11.050334,0.0
2019-02-03,9,0,173,1.85,1.85,0.0,16.756654,0.0
2019-02-03,9,0,188,1.62,1.62,0.0,24.328197,0.0
2019-02-03,9,0,190,1.11,1.11,0.0,35.994588,0.0
2019-02-03,9,0,191,2.88,2.88,0.0,93.391364,0.0
2019-02-03,9,0,192,238.52,238.52,0.0,7734.620924,0.0
2019-02-03,9,0,194,130.37,130.37,0.0,-17904.520094,0.0
2019-02-03,9,0,196,0.71,0.71,0.0,179.482994,0.0
2019-02-03,9,0,198,1.44,1.44,0.0,8.839149,0.0
2019-02-03,9,0,199,26.51,26.51,0.0,-1003.79079,0.0
2019-02-03,9,0,200,3.04,3.04,0.0,-115.108412,0.0
2019-02-03,9,0,204,428.69,428.69,0.0,4399.615903,0.0
2019-02-03,9,0,205,876.18,876.18,0.0,8860.113774,0.0
2019-02-03,9,0,206,348.86,348.86,0.0,4708.172415,0.0
2019-02-03,9,0,210,0.26,0.26,0.0,1.301166,0.0
2019-02-03,9,0,214,2.49,2.49,0.0,14.197779,0.0
2019-02-03,9,0,217,1.7,1.7,0.0,9.157952,0.0
2019-02-03,9,0,218,2.34,2.34,0.0,12.605652,0.0
2019-02-03,9,0,219,1.59,1.59,0.0,8.565379,0.0
2019-02-03,9,0,221,1.33,1.33,0.0,7.583553,0.0
2019-02-03,9,0,225,0.82,0.82,0.0,4.297654,0.0
2019-02-03,9,0,233,1.06,1.06,0.0,6.709088,0.0
2019-02-03,9,0,236,11.96,11.96,0.0,95.358917,0.0
2019-02-03,9,0,237,14.74,14.74,0.0,127.440234,0.0
2019-02-03,9,0,238,13.29,13.29,0.0,101.272839,0.0
2019-02-03,9,0,240,1.69,1.69,0.0,15.20911,0.0
2019-02-03,9,0,245,14.72,14.72,0.0,106.472149,0.0
2019-02-03,9,0,247,17.53,17.53,0.0,126.797335,0.0
2019-02-03,9,0,248,1.48,1.48,0.0,12.795899,0.0
2019-02-03,9,0,249,28.31,28.31,0.0,204.770825,0.0
2019-02-03,9,0,251,80.15,80.15,0.0,601.374741,0.0
2019-02-03,9,0,252,59.59,59.59,0.0,442.931079,0.0
2019-02-03,9,0,254,1.96,1.96,0.0,16.597221,0.0
2019-02-03,9,0,255,0.9,0.9,0.0,7.621173,0.0
2019-02-03,9,0,258,2.09,2.09,0.0,18.710068,0.0
2019-02-03,9,0,260,0.92,0.92,0.0,7.134949,0.0
2019-02-03,9,0,265,8.36,8.36,0.0,95.528052,0.0
2019-02-03,9,0,266,10.26,10.26,0.0,117.238973,0.0
2019-02-03,9,0,267,12.61,12.61,0.0,144.091954,0.0
2019-02-03,9,0,270,579.0,579.0,0.0,-579000.0,0.0
2019-02-03,9,0,272,281.31,281.31,0.0,-76373.046612,0.0
2019-02-03,9,0,273,2.92,2.92,0.0,-2920.0,0.0
2019-02-03,9,0,274,746.4,746.4,0.0,-746400.0,0.0
2019-02-03,9,0,275,1039.0,1039.0,0.0,-1039000.0,0.0
2019-02-03,9,0,276,0.66,0.66,0.0,-595.567939,0.0
2019-02-03,9,0,277,0.84,0.84,0.0,-238.114306,0.0
2019-02-03,9,0,278,1.35,1.35,0.0,-382.683707,0.0
2019-02-03,9,0,279,258.9,258.9,0.0,-73390.230858,0.0
2019-02-03,9,0,281,6.38,6.38,0.0,85.848849,0.0
2019-02-03,9,0,282,22.25,22.25,0.0,299.394498,0.0
2019-02-03,10,0,9,1.3,1.3,0.0,14.727026,0.0
2019-02-03,10,0,17,21.23,21.23,0.0,142.360741,0.0
2019-02-03,10,0,19,54.49,54.49,0.0,365.390334,0.0
2019-02-03,10,0,20,67.51,67.51,0.0,452.697769,0.0
2019-02-03,10,0,21,29.84,29.84,0.0,338.041896,0.0
2019-02-03,10,0,22,106.04,106.04,0.0,1201.272206,0.0
2019-02-03,10,0,23,81.6,81.6,0.0,924.404111,0.0
2019-02-03,10,0,24,144.38,144.38,0.0,1635.606196,0.0
2019-02-03,10,0,29,3.08,3.08,0.0,15.527175,0.0
2019-02-03,10,0,30,230.37,230.37,0.0,2616.495776,0.0
2019-02-03,10,0,31,27.65,27.65,0.0,314.043097,0.0
2019-02-03,10,0,32,2.55,2.55,0.0,87.158731,0.0
2019-02-03,10,0,33,1.14,1.14,0.0,6.716818,0.0
2019-02-03,10,0,34,1.83,1.83,0.0,10.782261,0.0
2019-02-03,10,0,35,1.83,1.83,0.0,10.782261,0.0
2019-02-03,10,0,36,4.01,4.01,0.0,31.838806,0.0
2019-02-03,10,0,37,1.94,1.94,0.0,15.427596,0.0
2019-02-03,10,0,38,2.49,2.49,0.0,19.801399,0.0
2019-02-03,10,0,39,1.66,1.66,0.0,13.200932,0.0
2019-02-03,10,0,40,1.66,1.66,0.0,13.200932,0.0
2019-02-03,10,0,41,9.56,9.56,0.0,93.702583,0.0
2019-02-03,10,0,42,31.3,31.3,0.0,215.407245,0.0
2019-02-03,10,0,43,12.46,12.46,0.0,96.132575,0.0
2019-02-03,10,0,46,11.41,11.41,0.0,94.280217,0.0
2019-02-03,10,0,52,29.33,29.33,0.0,333.124196,0.0
2019-02-03,10,0,53,46.77,46.77,0.0,531.204182,0.0
2019-02-03,10,0,55,128.05,128.05,0.0,1450.612089,0.0
2019-02-03,10,0,56,67.95,67.95,0.0,771.76233,0.0
2019-02-03,10,0,57,64.64,64.64,0.0,734.168021,0.0
2019-02-03,10,0,58,124.3,124.3,0.0,1411.774211,0.0
2019-02-03,10,0,59,122.23,122.23,0.0,1388.26357,0.0
2019-02-03,10,0,63,51.0,51.0,0.0,5407.368272,0.0
2019-02-03,10,0,64,60.0,60.0,0.0,6361.609732,0.0
2019-02-03,10,0,65,9.68,9.68,0.0,65.22776,0.0
2019-02-03,10,0,67,133.09,133.09,0.0,-74668.196488,0.0
2019-02-03,10,0,68,34.0,34.0,0.0,-14201.509384,0.0
2019-02-03,10,0,69,1.14,1.14,0.0,6.716818,0.0
2019-02-03,10,0,74,9.44,9.44,0.0,72.392119,0.0
2019-02-03,10,0,77,60.0,60.0,0.0,-17912.379936,0.0
2019-02-03,10,0,78,45.36,45.36,0.0,-13541.759232,0.0
2019-02-03,10,0,79,26.25,26.25,0.0,-7836.666222,0.0
2019-02-03,10,0,80,42.45,42.45,0.0,-12673.008805,0.0
2019-02-03,10,0,81,55.5,55.5,0.0,-16568.951441,0.0
2019-02-03,10,0,82,39.15,39.15,0.0,-11687.827908,0.0
2019-02-03,10,0,83,87.3,87.3,0.0,-26062.512807,0.0
2019-02-03,10,0,84,0.0,0.0,0.0,0.0,0.0
2019-02-03,10,0,86,5.78,5.78,0.0,34.055447,0.0
2019-02-03,10,0,87,29.51,29.51,0.0,173.87132,0.0
2019-02-03,10,0,88,103.48,103.48,0.0,-30892.884597,0.0
2019-02-03,10,0,89,99.0,99.0,0.0,-29555.426895,0.0
2019-02-03,10,0,90,137.47,137.47,0.0,-41040.24783,0.0
2019-02-03,10,0,91,509.29,509.29,0.0,-152043.266295,0.0
2019-02-03,10,0,92,180.45,180.45,0.0,-53871.482658,0.0
2019-02-03,10,0,95,88.65,88.65,0.0,2252.923924,0.0
2019-02-03,10,0,96,20.73,20.73,0.0,236.082258,0.0
2019-02-03,10,0,97,127.45,127.45,0.0,1451.456045,0.0
2019-02-03,10,0,99,1.94,1.94,0.0,14.877194,0.0
2019-02-03,10,0,101,4.64,4.64,0.0,52.70018,0.0
2019-02-03,10,0,102,80.5,80.5,0.0,-33624.161925,0.0
2019-02-03,10,0,103,70.0,70.0,0.0,-29238.401674,0.0
2019-02-03,10,0,104,13.0,13.0,0.0,-5429.988882,0.0
2019-02-03,10,0,106,104.39,104.39,0.0,1182.580211,0.0
2019-02-03,10,0,109,123.71,123.71,0.0,1087.816586,0.0
2019-02-03,10,0,110,338.6,338.6,0.0,-338600.0,0.0
2019-02-03,10,0,111,8.06,8.06,0.0,79.000295,0.0
2019-02-03,10,0,113,150.0,150.0,0.0,-40310.211725,0.0
2019-02-03,10,0,115,150.0,150.0,0.0,-40310.211725,0.0
2019-02-03,10,0,116,54.41,54.41,0.0,-54410.0,0.0
2019-02-03,10,0,117,10.0,10.0,0.0,-2687.347448,0.0
2019-02-03,10,0,119,60.0,60.0,0.0,6361.609732,0.0
2019-02-03,10,0,120,35.28,35.28,0.0,3740.626522,0.0
2019-02-03,10,0,123,1.74,1.74,0.0,19.711558,0.0
2019-02-03,10,0,125,130.65,130.65,0.0,1480.066142,0.0
2019-02-03,10,0,126,78.29,78.29,0.0,886.906837,0.0
2019-02-03,10,0,127,100.48,100.48,0.0,1138.285847,0.0
2019-02-03,10,0,128,187.13,187.13,0.0,2119.898791,0.0
2019-02-03,10,0,131,40.31,40.31,0.0,-15293.96506,0.0
2019-02-03,10,0,132,65.03,65.03,0.0,-24672.948347,0.0
2019-02-03,10,0,133,7.35,7.35,0.0,49.263766,0.0
2019-02-03,10,0,134,0.0,0.0,0.0,0.0,0.0
2019-02-03,10,0,135,9.86,9.86,0.0,66.087175,0.0
2019-02-03,10,0,136,11.5,11.5,0.0,77.512342,0.0
2019-02-03,10,0,139,12.35,12.35,0.0,121.048839,0.0
2019-02-03,10,0,140,250.6,250.6,0.0,-250600.0,0.0
2019-02-03,10,0,141,230.0,230.0,0.0,-129038.133536,0.0
2019-02-03,10,0,142,175.51,175.51,0.0,-98467.316595,0.0
2019-02-03,10,0,143,53.38,53.38,0.0,606.279223,0.0
2019-02-03,10,0,145,33.7,33.7,0.0,350.67842,0.0
2019-02-03,10,0,146,268.0,268.0,0.0,-268000.0,0.0
2019-02-03,10,0,152,2.9,2.9,0.0,22.128494,0.0
2019-02-03,10,0,153,3.67,3.67,0.0,28.156938,0.0
2019-02-03,10,0,154,33.26,33.26,0.0,325.998736,0.0
2019-02-03,10,0,157,250.0,250.0,0.0,-140258.8408,0.0
2019-02-03,10,0,158,113.1,113.1,0.0,-63453.099578,0.0
2019-02-03,10,0,159,0.0,0.0,0.0,0.0,0.0
2019-02-03,10,0,160,1.02,1.02,0.0,7.12539,0.0
2019-02-03,10,0,161,23.59,23.59,0.0,-9853.341364,0.0
2019-02-03,10,0,162,91.77,91.77,0.0,2403.856063,0.0
2019-02-03,10,0,163,104.02,104.02,0.0,-104020.0,0.0
2019-02-03,10,0,164,7.72,7.72,0.0,87.682196,0.0
2019-02-03,10,0,167,2.93,2.93,0.0,67.007863,0.0
2019-02-03,10,0,168,1.46,1.46,0.0,33.389584,0.0
2019-02-03,10,0,169,0.0,0.0,0.0,0.0,0.0
2019-02-03,10,0,170,3.2,3.2,0.0,73.182649,0.0
2019-02-03,10,0,172,3.87,3.87,0.0,46.809342,0.0
2019-02-03,10,0,173,5.89,5.89,0.0,71.242125,0.0
2019-02-03,10,0,188,5.2,5.2,0.0,96.639961,0.0
2019-02-03,10,0,190,4.48,4.48,0.0,145.275456,0.0
2019-02-03,10,0,191,11.58,11.58,0.0,375.511111,0.0
2019-02-03,10,0,192,326.68,326.68,0.0,10593.434359,0.0
2019-02-03,10,0,194,52.95,52.95,0.0,-7107.333086,0.0
2019-02-03,10,0,196,2.9,2.9,0.0,746.129031,0.0
2019-02-03,10,0,198,5.01,5.01,0.0,28.784618,0.0
2019-02-03,10,0,199,25.37,25.37,0.0,-926.587158,0.0
2019-02-03,10,0,200,9.39,9.39,0.0,-342.95047,0.0
2019-02-03,10,0,204,193.72,193.72,0.0,1725.828053,0.0
2019-02-03,10,0,205,730.6,730.6,0.0,6424.369877,0.0
2019-02-03,10,0,206,374.51,374.51,0.0,4265.082804,0.0
2019-02-03,10,0,210,1.0,1.0,0.0,4.875839,0.0
2019-02-03,10,0,214,5.84,5.84,0.0,31.598755,0.0
2019-02-03,10,0,217,3.89,3.89,0.0,20.108333,0.0
2019-02-03,10,0,218,5.37,5.37,0.0,27.758804,0.0
2019-02-03,10,0,219,3.66,3.66,0.0,18.919409,0.0
2019-02-03,10,0,221,3.11,3.11,0.0,16.827419,0.0
2019-02-03,10,0,225,2.64,2.64,0.0,13.351189,0.0
2019-02-03,10,0,233,3.27,3.27,0.0,19.266663,0.0
2019-02-03,10,0,236,8.95,8.95,0.0,64.016678,0.0
2019-02-03,10,0,237,22.05,22.05,0.0,169.093879,0.0
2019-02-03,10,0,238,40.74,40.74,0.0,280.37352,0.0
2019-02-03,10,0,240,4.55,4.55,0.0,36.126326,0.0
2019-02-03,10,0,245,14.94,14.94,0.0,98.382208,0.0
2019-02-03,10,0,247,17.6,17.6,0.0,115.898719,0.0
2019-02-03,10,0,248,2.41,2.41,0.0,18.481462,0.0
2019-02-03,10,0,249,28.74,28.74,0.0,189.25734,0.0
2019-02-03,10,0,251,80.55,80.55,0.0,547.111653,0.0
2019-02-03,10,0,252,62.47,62.47,0.0,420.948158,0.0
2019-02-03,10,0,254,6.61,6.61,0.0,49.787894,0.0
2019-02-03,10,0,255,3.03,3.03,0.0,22.82259,0.0
2019-02-03,10,0,258,5.59,5.59,0.0,44.181035,0.0
2019-02-03,10,0,260,2.47,2.47,0.0,17.254621,0.0
2019-02-03,10,0,265,34.43,34.43,0.0,337.46652,0.0
2019-02-03,10,0,266,7.99,7.99,0.0,78.314188,0.0
2019-02-03,10,0,267,9.82,9.82,0.0,96.25098,0.0
2019-02-03,10,0,270,324.69,324.69,0.0,-324690.0,0.0
2019-02-03,10,0,272,501.3,501.3,0.0,-134716.727587,0.0
2019-02-03,10,0,273,13.01,13.01,0.0,-13010.0,0.0
2019-02-03,10,0,274,418.54,418.54,0.0,-418540.0,0.0
2019-02-03,10,0,275,582.57,582.57,0.0,-582570.0,0.0
2019-02-03,10,0,276,2.86,2.86,0.0,-2579.687002,0.0
2019-02-03,10,0,277,3.47,3.47,0.0,-973.973544,0.0
2019-02-03,10,0,278,5.55,5.55,0.0,-1557.796303,0.0
2019-02-03,10,0,279,264.6,264.6,0.0,-74268.991309,0.0
2019-02-03,10,0,281,12.33,12.33,0.0,140.041641,0.0
2019-02-03,10,0,282,126.37,126.37,0.0,1435.284851,0.0
2019-02-03,11,0,9,2.13,2.13,0.0,-57.826372,0.0
2019-02-03,11,0,17,33.76,33.76,0.0,141.074244,0.0
2019-02-03,11,0,19,44.43,44.43,0.0,185.661394,0.0
2019-02-03,11,0,20,53.89,53.89,0.0,225.192269,0.0
2019-02-03,11,0,21,48.59,48.59,0.0,-1319.14714,0.0
2019-02-03,11,0,22,172.69,172.69,0.0,-4688.279886,0.0
2019-02-03,11,0,23,61.07,61.07,0.0,-1657.960812,0.0
2019-02-03,11,0,24,108.0,108.0,0.0,-2932.04139,0.0
2019-02-03,11,0,29,4.74,4.74,0.0,18.548296,0.0
2019-02-03,11,0,30,380.13,380.13,0.0,-10392.772875,0.0
2019-02-03,11,0,31,61.11,61.11,0.0,-1670.750402,0.0
2019-02-03,11,0,32,4.13,4.13,0.0,472.2468,0.0
2019-02-03,11,0,33,1.84,1.84,0.0,18.520628,0.0
2019-02-03,11,0,34,2.94,2.94,0.0,29.592743,0.0
2019-02-03,11,0,35,2.94,2.94,0.0,29.592743,0.0
2019-02-03,11,0,36,6.43,6.43,0.0,-33.411167,0.0
2019-02-03,11,0,37,3.16,3.16,0.0,-16.933322,0.0
2019-02-03,11,0,38,4.07,4.07,0.0,-21.80969,0.0
2019-02-03,11,0,39,2.71,2.71,0.0,-14.521931,0.0
2019-02-03,11,0,40,2.71,2.71,0.0,-14.521931,0.0
2019-02-03,11,0,41,7.05,7.05,0.0,-120.452737,0.0
2019-02-03,11,0,42,50.38,50.38,0.0,146.23719,0.0
2019-02-03,11,0,43,20.26,20.26,0.0,-82.314511,0.0
2019-02-03,11,0,46,18.54,18.54,0.0,-138.163314,0.0
2019-02-03,11,0,52,64.97,64.97,0.0,-1776.282992,0.0
2019-02-03,11,0,53,105.82,105.82,0.0,-2893.123999,0.0
2019-02-03,11,0,55,460.54,460.54,0.0,-12502.984646,0.0
2019-02-03,11,0,56,112.12,112.12,0.0,-3065.366308,0.0
2019-02-03,11,0,57,106.65,106.65,0.0,-2915.81624,0.0
2019-02-03,11,0,58,205.11,205.11,0.0,-5607.717477,0.0
2019-02-03,11,0,59,201.69,201.69,0.0,-5514.214509,0.0
2019-02-03,11,0,63,51.0,51.0,0.0,8750.344628,0.0
2019-02-03,11,0,64,60.0,60.0,0.0,10294.523092,0.0
2019-02-03,11,0,65,14.71,14.71,0.0,57.982359,0.0
2019-02-03,11,0,67,219.85,219.85,0.0,-116485.906538,0.0
2019-02-03,11,0,68,33.99,33.99,0.0,-12790.870637,0.0
2019-02-03,11,0,69,1.84,1.84,0.0,18.520628,0.0
2019-02-03,11,0,74,5.44,5.44,0.0,-14.811156,0.0
2019-02-03,11,0,77,60.0,60.0,0.0,-14835.428702,0.0
2019-02-03,11,0,78,45.36,45.36,0.0,-11215.584099,0.0
2019-02-03,11,0,79,26.25,26.25,0.0,-6490.500057,0.0
2019-02-03,11,0,80,42.45,42.45,0.0,-10496.065807,0.0
2019-02-03,11,0,81,55.5,55.5,0.0,-13722.771549,0.0
2019-02-03,11,0,82,39.15,39.15,0.0,-9680.117228,0.0
2019-02-03,11,0,83,87.3,87.3,0.0,-21585.548762,0.0
2019-02-03,11,0,84,0.0,0.0,0.0,0.0,0.0
2019-02-03,11,0,86,9.32,9.32,0.0,93.811007,0.0
2019-02-03,11,0,87,47.56,47.56,0.0,478.717971,0.0
2019-02-03,11,0,88,51.18,51.18,0.0,-12654.620683,0.0
2019-02-03,11,0,89,49.2,49.2,0.0,-12165.051536,0.0
2019-02-03,11,0,90,66.06,66.06,0.0,-16333.807001,0.0
2019-02-03,11,0,91,235.65,235.65,0.0,-58266.146227,0.0
2019-02-03,11,0,92,84.75,84.75,0.0,-20955.043042,0.0
2019-02-03,11,0,95,96.29,96.29,0.0,2447.084542,0.0
2019-02-03,11,0,96,28.75,28.75,0.0,-791.780865,0.0
2019-02-03,11,0,97,211.28,211.28,0.0,-5818.694303,0.0
2019-02-03,11,0,99,1.17,1.17,0.0,-3.185488,0.0
2019-02-03,11,0,101,7.66,7.66,0.0,-209.424776,0.0
2019-02-03,11,0,102,80.49,80.49,0.0,-30289.413874,0.0
2019-02-03,11,0,103,69.99,69.99,0.0,-26338.129917,0.0
2019-02-03,11,0,104,12.99,12.99,0.0,-4888.302724,0.0
2019-02-03,11,0,106,170.0,170.0,0.0,-4615.250336,0.0
2019-02-03,11,0,109,62.71,62.71,0.0,-668.170448,0.0
2019-02-03,11,0,110,338.6,338.6,0.0,-338600.0,0.0
2019-02-03,11,0,111,12.85,12.85,0.0,-219.548605,0.0
2019-02-03,11,0,113,84.2,84.2,0.0,-18528.502793,0.0
2019-02-03,11,0,115,84.2,84.2,0.0,-18528.502793,0.0
2019-02-03,11,0,116,86.89,86.89,0.0,-86890.0,0.0
2019-02-03,11,0,117,5.66,5.66,0.0,-1245.502682,0.0
2019-02-03,11,0,119,60.0,60.0,0.0,10294.523092,0.0
2019-02-03,11,0,120,35.28,35.28,0.0,6053.179578,0.0
2019-02-03,11,0,123,2.83,2.83,0.0,-76.830344,0.0
2019-02-03,11,0,125,97.74,97.74,0.0,-2653.497458,0.0
2019-02-03,11,0,126,127.5,127.5,0.0,-3461.437752,0.0
2019-02-03,11,0,127,163.63,163.63,0.0,-4442.314191,0.0
2019-02-03,11,0,128,139.96,139.96,0.0,-3799.708453,0.0
2019-02-03,11,0,131,30.0,30.0,0.0,-10059.289574,0.0
2019-02-03,11,0,132,44.1,44.1,0.0,-14787.155674,0.0
2019-02-03,11,0,133,11.42,11.42,0.0,47.976248,0.0
2019-02-03,11,0,134,0.0,0.0,0.0,0.0,0.0
2019-02-03,11,0,135,15.3,15.3,0.0,64.276409,0.0
2019-02-03,11,0,136,15.17,15.17,0.0,59.59813,0.0
2019-02-03,11,0,139,9.11,9.11,0.0,-155.648855,0.0
2019-02-03,11,0,140,250.6,250.6,0.0,-250600.0,0.0
2019-02-03,11,0,141,230.0,230.0,0.0,-121863.809432,0.0
2019-02-03,11,0,142,289.92,289.92,0.0,-153611.981003,0.0
2019-02-03,11,0,143,108.12,108.12,0.0,-2956.006112,0.0
2019-02-03,11,0,145,74.74,74.74,0.0,-1580.388792,0.0
2019-02-03,11,0,146,268.0,268.0,0.0,-268000.0,0.0
2019-02-03,11,0,152,4.81,4.81,0.0,-12.278992,0.0
2019-02-03,11,0,153,6.12,6.12,0.0,-17.484508,0.0
2019-02-03,11,0,154,53.02,53.02,0.0,-905.872921,0.0
2019-02-03,11,0,157,250.0,250.0,0.0,-132460.662426,0.0
2019-02-03,11,0,158,198.74,198.74,0.0,-105300.928203,0.0
2019-02-03,11,0,159,0.0,0.0,0.0,-0.0,0.0
2019-02-03,11,0,160,1.65,1.65,0.0,0.176081,0.0
2019-02-03,11,0,161,38.15,38.15,0.0,-14356.331709,0.0
2019-02-03,11,0,162,162.5,162.5,0.0,4258.620583,0.0
2019-02-03,11,0,163,160.49,160.49,0.0,-160490.0,0.0
2019-02-03,11,0,164,13.11,13.11,0.0,-358.428044,0.0
2019-02-03,11,0,167,4.62,4.62,0.0,91.73395,0.0
2019-02-03,11,0,168,2.31,2.31,0.0,45.866975,0.0
2019-02-03,11,0,169,0.0,0.0,0.0,0.0,0.0
2019-02-03,11,0,170,5.05,5.05,0.0,100.271958,0.0
2019-02-03,11,0,172,6.13,6.13,0.0,382.080978,0.0
2019-02-03,11,0,173,9.34,9.34,0.0,582.159272,0.0
2019-02-03,11,0,188,8.35,8.35,0.0,656.492553,0.0
2019-02-03,11,0,190,7.13,7.13,0.0,231.208482,0.0
2019-02-03,11,0,191,18.43,18.43,0.0,597.639878,0.0
2019-02-03,11,0,192,332.6,332.6,0.0,10785.405497,0.0
2019-02-03,11,0,194,52.95,52.95,0.0,-4256.701519,0.0
2019-02-03,11,0,196,4.64,4.64,0.0,1551.675566,0.0
2019-02-03,11,0,198,8.18,8.18,0.0,54.189872,0.0
2019-02-03,11,0,199,49.14,49.14,0.0,-684.364665,0.0
2019-02-03,11,0,200,15.18,15.18,0.0,-211.409353,0.0
2019-02-03,11,0,204,195.54,195.54,0.0,-2238.87023,0.0
2019-02-03,11,0,205,410.04,410.04,0.0,-4368.946109,0.0
2019-02-03,11,0,206,807.56,807.56,0.0,-22240.367151,0.0
2019-02-03,11,0,210,1.51,1.51,0.0,7.844454,0.0
2019-02-03,11,0,214,9.29,9.29,0.0,125.872649,0.0
2019-02-03,11,0,217,6.15,6.15,0.0,61.97157,0.0
2019-02-03,11,0,218,8.48,8.48,0.0,85.45023,0.0
2019-02-03,11,0,219,5.78,5.78,0.0,58.243199,0.0
2019-02-03,11,0,221,4.95,4.95,0.0,67.06885,0.0
2019-02-03,11,0,225,4.12,4.12,0.0,15.612121,0.0
2019-02-03,11,0,233,5.27,5.27,0.0,53.045494,0.0
2019-02-03,11,0,236,7.9,7.9,0.0,7.380684,0.0
2019-02-03,11,0,237,12.13,12.13,0.0,-33.025611,0.0
2019-02-03,11,0,238,65.58,65.58,0.0,190.357978,0.0
2019-02-03,11,0,240,7.29,7.29,0.0,-37.879845,0.0
2019-02-03,11,0,245,26.57,26.57,0.0,134.189527,0.0
2019-02-03,11,0,247,36.14,36.14,0.0,182.521999,0.0
2019-02-03,11,0,248,1.44,1.44,0.0,-3.9206,0.0
2019-02-03,11,0,249,51.09,51.09,0.0,258.025704,0.0
2019-02-03,11,0,251,119.84,119.84,0.0,425.733036,0.0
2019-02-03,11,0,252,94.89,94.89,0.0,374.027603,0.0
2019-02-03,11,0,254,11.03,11.03,0.0,-33.273115,0.0
2019-02-03,11,0,255,5.06,5.06,0.0,-15.264004,0.0
2019-02-03,11,0,258,8.92,8.92,0.0,-44.716959,0.0
2019-02-03,11,0,260,4.02,4.02,0.0,0.428996,0.0
2019-02-03,11,0,265,54.89,54.89,0.0,-937.822796,0.0
2019-02-03,11,0,266,5.9,5.9,0.0,-100.804418,0.0
2019-02-03,11,0,267,7.25,7.25,0.0,-123.869836,0.0
2019-02-03,11,0,270,542.91,542.91,0.0,-542910.0,0.0
2019-02-03,11,0,272,281.17,281.17,0.0,-61872.436226,0.0
2019-02-03,11,0,273,20.78,20.78,0.0,-20780.0,0.0
2019-02-03,11,0,274,708.99,708.99,0.0,-708990.0,0.0
2019-02-03,11,0,275,1000.33,1000.33,0.0,-1000330.0,0.0
2019-02-03,11,0,276,4.58,4.58,0.0,-4099.208948,0.0
2019-02-03,11,0,277,5.59,5.59,0.0,-1291.065655,0.0
2019-02-03,11,0,278,8.95,8.95,0.0,-2067.090807,0.0
2019-02-03,11,0,279,264.6,264.6,0.0,-61111.980736,0.0
2019-02-03,11,0,281,26.65,26.65,0.0,-728.612309,0.0
2019-02-03,11,0,282,208.52,208.52,0.0,-5700.947044,0.0
2019-02-03,12,0,9,2.94,2.94,0.0,-1151.121875,0.0
2019-02-03,12,0,17,43.44,43.44,0.0,273.459148,0.0
2019-02-03,12,0,19,67.35,67.35,0.0,423.974991,0.0
2019-02-03,12,0,20,81.69,81.69,0.0,514.246727,0.0
2019-02-03,12,0,21,67.14,67.14,0.0,-26287.864869,0.0
2019-02-03,12,0,22,238.59,238.59,0.0,-93417.064032,0.0
2019-02-03,12,0,23,46.17,46.17,0.0,-18077.3119,0.0
2019-02-03,12,0,24,77.3,77.3,0.0,-30265.891486,0.0
2019-02-03,12,0,29,6.05,6.05,0.0,20.764828,0.0
2019-02-03,12,0,30,526.26,526.26,0.0,-526260.0,0.0
2019-02-03,12,0,31,125.0,125.0,0.0,-125000.0,0.0
2019-02-03,12,0,32,5.5,5.5,0.0,209.113171,0.0
2019-02-03,12,0,33,2.49,2.49,0.0,24.924032,0.0
2019-02-03,12,0,34,3.99,3.99,0.0,39.93851,0.0
2019-02-03,12,0,35,3.99,3.99,0.0,39.93851,0.0
2019-02-03,12,0,36,8.95,8.95,0.0,9.197594,0.0
2019-02-03,12,0,37,4.37,4.37,0.0,4.629071,0.0
2019-02-03,12,0,38,5.62,5.62,0.0,5.953177,0.0
2019-02-03,12,0,39,3.75,3.75,0.0,3.972315,0.0
2019-02-03,12,0,40,3.75,3.75,0.0,3.972315,0.0
2019-02-03,12,0,41,6.35,6.35,0.0,-80.881716,0.0
2019-02-03,12,0,42,66.21,66.21,0.0,363.487309,0.0
2019-02-03,12,0,43,28.43,28.43,0.0,53.63314,0.0
2019-02-03,12,0,46,25.03,25.03,0.0,7.321763,0.0
2019-02-03,12,0,52,132.5,132.5,0.0,-132500.0,0.0
2019-02-03,12,0,53,210.5,210.5,0.0,-210500.0,0.0
2019-02-03,12,0,55,623.0,623.0,0.0,-243928.206931,0.0
2019-02-03,12,0,56,155.23,155.23,0.0,-155230.0,0.0
2019-02-03,12,0,57,147.65,147.65,0.0,-147650.0,0.0
2019-02-03,12,0,58,283.95,283.95,0.0,-283950.0,0.0
2019-02-03,12,0,59,279.22,279.22,0.0,-279220.0,0.0
2019-02-03,12,0,63,51.0,51.0,0.0,5555.484329,0.0
2019-02-03,12,0,64,60.0,60.0,0.0,6535.863916,0.0
2019-02-03,12,0,65,21.44,21.44,0.0,131.760108,0.0
2019-02-03,12,0,67,304.57,304.57,0.0,-169985.504624,0.0
2019-02-03,12,0,68,34.0,34.0,0.0,-14069.855176,0.0
2019-02-03,12,0,69,2.49,2.49,0.0,24.924032,0.0
2019-02-03,12,0,74,6.44,6.44,0.0,10.398912,0.0
2019-02-03,12,0,77,60.0,60.0,0.0,-17576.180325,0.0
2019-02-03,12,0,78,45.36,45.36,0.0,-13287.592326,0.0
2019-02-03,12,0,79,26.25,26.25,0.0,-7689.578892,0.0
2019-02-03,12,0,80,42.45,42.45,0.0,-12435.14758,0.0
2019-02-03,12,0,81,55.5,55.5,0.0,-16257.966801,0.0
2019-02-03,12,0,82,39.15,39.15,0.0,-11468.457662,0.0
2019-02-03,12,0,83,87.3,87.3,0.0,-25573.342373,0.0
2019-02-03,12,0,84,0.0,0.0,0.0,0.0,0.0
2019-02-03,12,0,86,12.62,12.62,0.0,126.321803,0.0
2019-02-03,12,0,87,64.44,64.44,0.0,645.021947,0.0
2019-02-03,12,0,88,51.18,51.18,0.0,-14992.481817,0.0
2019-02-03,12,0,89,49.2,49.2,0.0,-14412.467866,0.0
2019-02-03,12,0,90,66.06,66.06,0.0,-19351.374538,0.0
2019-02-03,12,0,91,235.65,235.65,0.0,-69030.448226,0.0
2019-02-03,12,0,92,84.75,84.75,0.0,-24826.354709,0.0
2019-02-03,12,0,95,120.0,120.0,0.0,3049.643213,0.0
2019-02-03,12,0,96,29.88,29.88,0.0,1136.001308,0.0
2019-02-03,12,0,97,183.76,183.76,0.0,6986.332004,0.0
2019-02-03,12,0,99,1.24,1.24,0.0,2.002275,0.0
2019-02-03,12,0,101,10.6,10.6,0.0,-10600.0,0.0
2019-02-03,12,0,102,80.5,80.5,0.0,-33312.451226,0.0
2019-02-03,12,0,103,70.0,70.0,0.0,-28967.348892,0.0
2019-02-03,12,0,104,13.0,13.0,0.0,-5379.650509,0.0
2019-02-03,12,0,106,234.87,234.87,0.0,-91960.542475,0.0
2019-02-03,12,0,109,48.15,48.15,0.0,-63.295006,0.0
2019-02-03,12,0,110,338.6,338.6,0.0,-338600.0,0.0
2019-02-03,12,0,111,17.8,17.8,0.0,-226.723549,0.0
2019-02-03,12,0,113,45.0,45.0,0.0,-11970.742718,0.0
2019-02-03,12,0,115,45.0,45.0,0.0,-11970.742718,0.0
2019-02-03,12,0,116,115.72,115.72,0.0,-115720.0,0.0
2019-02-03,12,0,117,3.0,3.0,0.0,-798.049515,0.0
2019-02-03,12,0,119,60.0,60.0,0.0,6535.863916,0.0
2019-02-03,12,0,120,35.28,35.28,0.0,3843.087983,0.0
2019-02-03,12,0,123,3.91,3.91,0.0,-1530.913787,0.0
2019-02-03,12,0,125,70.73,70.73,0.0,-27693.486479,0.0
2019-02-03,12,0,126,176.16,176.16,0.0,-68973.343392,0.0
2019-02-03,12,0,127,226.07,226.07,0.0,-88515.00761,0.0
2019-02-03,12,0,128,96.96,96.96,0.0,-37963.529605,0.0
2019-02-03,12,0,131,30.0,30.0,0.0,-11258.458719,0.0
2019-02-03,12,0,132,44.1,44.1,0.0,-16549.934317,0.0
2019-02-03,12,0,133,18.5,18.5,0.0,116.720054,0.0
2019-02-03,12,0,134,0.0,0.0,0.0,0.0,0.0
2019-02-03,12,0,135,24.8,24.8,0.0,156.467965,0.0
2019-02-03,12,0,136,19.56,19.56,0.0,120.045904,0.0
2019-02-03,12,0,139,8.2,8.2,0.0,-104.44568,0.0
2019-02-03,12,0,140,250.6,250.6,0.0,-250600.0,0.0
2019-02-03,12,0,141,230.0,230.0,0.0,-128366.766469,0.0
2019-02-03,12,0,142,401.65,401.65,0.0,-224167.442402,0.0
2019-02-03,12,0,143,233.25,233.25,0.0,-233250.0,0.0
2019-02-03,12,0,145,53.28,53.28,0.0,-298.361047,0.0
2019-02-03,12,0,146,268.0,268.0,0.0,-268000.0,0.0
2019-02-03,12,0,152,6.71,6.71,0.0,15.080678,0.0
2019-02-03,12,0,153,8.51,8.51,0.0,17.604174,0.0
2019-02-03,12,0,154,73.43,73.43,0.0,-935.298326,0.0
2019-02-03,12,0,157,250.0,250.0,0.0,-139529.093988,0.0
2019-02-03,12,0,158,284.26,284.26,0.0,-158650.161028,0.0
2019-02-03,12,0,159,0.0,0.0,0.0,0.0,0.0
2019-02-03,12,0,160,2.3,2.3,0.0,9.85965,0.0
2019-02-03,12,0,161,52.92,52.92,0.0,-21899.315763,0.0
2019-02-03,12,0,162,162.5,162.5,0.0,4255.713833,0.0
2019-02-03,12,0,163,185.4,185.4,0.0,-185400.0,0.0
2019-02-03,12,0,164,18.8,18.8,0.0,-18800.0,0.0
2019-02-03,12,0,167,6.07,6.07,0.0,137.953392,0.0
2019-02-03,12,0,168,3.04,3.04,0.0,69.090331,0.0
2019-02-03,12,0,169,0.0,0.0,0.0,0.0,0.0
2019-02-03,12,0,170,6.64,6.64,0.0,150.907829,0.0
2019-02-03,12,0,172,8.13,8.13,0.0,124.853801,0.0
2019-02-03,12,0,173,12.39,12.39,0.0,190.27535,0.0
2019-02-03,12,0,188,11.12,11.12,0.0,240.056959,0.0
2019-02-03,12,0,190,9.56,9.56,0.0,310.007446,0.0
2019-02-03,12,0,191,24.7,24.7,0.0,800.960661,0.0
2019-02-03,12,0,192,332.6,332.6,0.0,10785.405497,0.0
2019-02-03,12,0,194,52.95,52.95,0.0,-7068.364857,0.0
2019-02-03,12,0,196,6.25,6.25,0.0,1630.131941,0.0
2019-02-03,12,0,198,10.85,10.85,0.0,86.899988,0.0
2019-02-03,12,0,199,113.69,113.69,0.0,-8665.619209,0.0
2019-02-03,12,0,200,20.18,20.18,0.0,-1538.149315,0.0
2019-02-03,12,0,204,203.33,203.33,0.0,-322.789318,0.0
2019-02-03,12,0,205,254.72,254.72,0.0,-334.839127,0.0
2019-02-03,12,0,206,539.95,539.95,0.0,20528.243174,0.0
2019-02-03,12,0,210,1.9,1.9,0.0,5.091055,0.0
2019-02-03,12,0,214,11.92,11.92,0.0,145.377362,0.0
2019-02-03,12,0,217,7.73,7.73,0.0,70.452443,0.0
2019-02-03,12,0,218,10.67,10.67,0.0,97.248068,0.0
2019-02-03,12,0,219,7.27,7.27,0.0,66.25993,0.0
2019-02-03,12,0,221,6.36,6.36,0.0,77.567116,0.0
2019-02-03,12,0,225,5.09,5.09,0.0,17.839908,0.0
2019-02-03,12,0,233,7.14,7.14,0.0,71.468912,0.0
2019-02-03,12,0,236,15.55,15.55,0.0,66.83443,0.0
2019-02-03,12,0,237,15.45,15.45,0.0,24.947701,0.0
2019-02-03,12,0,238,86.18,86.18,0.0,473.120923,0.0
2019-02-03,12,0,240,10.14,10.14,0.0,10.420514,0.0
2019-02-03,12,0,245,48.17,48.17,0.0,329.729562,0.0
2019-02-03,12,0,247,73.89,73.89,0.0,505.786118,0.0
2019-02-03,12,0,248,1.55,1.55,0.0,2.502844,0.0
2019-02-03,12,0,249,92.63,92.63,0.0,634.063718,0.0
2019-02-03,12,0,251,174.56,174.56,0.0,1029.895955,0.0
2019-02-03,12,0,252,138.28,138.28,0.0,849.803531,0.0
2019-02-03,12,0,254,15.01,15.01,0.0,37.357187,0.0
2019-02-03,12,0,255,6.88,6.88,0.0,17.123081,0.0
2019-02-03,12,0,258,12.48,12.48,0.0,14.556332,0.0
2019-02-03,12,0,260,5.58,5.58,0.0,23.920368,0.0
2019-02-03,12,0,265,76.02,76.02,0.0,-968.287876,0.0
2019-02-03,12,0,266,5.31,5.31,0.0,-67.634946,0.0
2019-02-03,12,0,267,6.53,6.53,0.0,-83.174426,0.0
2019-02-03,12,0,270,579.0,579.0,0.0,-579000.0,0.0
2019-02-03,12,0,272,150.39,150.39,0.0,-40006.222165,0.0
2019-02-03,12,0,273,27.67,27.67,0.0,-27670.0,0.0
2019-02-03,12,0,274,746.4,746.4,0.0,-746400.0,0.0
2019-02-03,12,0,275,1039.0,1039.0,0.0,-1039000.0,0.0
2019-02-03,12,0,276,6.17,6.17,0.0,-5561.247526,0.0
2019-02-03,12,0,277,7.42,7.42,0.0,-2053.923527,0.0
2019-02-03,12,0,278,11.87,11.87,0.0,-3285.724025,0.0
2019-02-03,12,0,279,264.6,264.6,0.0,-73243.688042,0.0
2019-02-03,12,0,281,56.1,56.1,0.0,-56100.0,0.0
2019-02-03,12,0,282,288.68,288.68,0.0,-288680.0,0.0
2019-02-03,13,0,9,3.38,3.38,0.0,-1704.106664,0.0
2019-02-03,13,0,17,52.0,52.0,0.0,-1796.608488,0.0
2019-02-03,13,0,19,101.46,101.46,0.0,-3505.459561,0.0
2019-02-03,13,0,20,123.06,123.06,0.0,-4251.743087,0.0
2019-02-03,13,0,21,77.24,77.24,0.0,-38942.366488,0.0
2019-02-03,13,0,22,274.5,274.5,0.0,-138395.644757,0.0
2019-02-03,13,0,23,90.35,90.35,0.0,-45552.081981,0.0
2019-02-03,13,0,24,157.79,157.79,0.0,-79553.547491,0.0
2019-02-03,13,0,29,6.24,6.24,0.0,21.162744,0.0
2019-02-03,13,0,30,539.9,539.9,0.0,-539900.0,0.0
2019-02-03,13,0,31,125.0,125.0,0.0,-125000.0,0.0
2019-02-03,13,0,32,6.23,6.23,0.0,270.865496,0.0
2019-02-03,13,0,33,2.91,2.91,0.0,-15.052872,0.0
2019-02-03,13,0,34,4.66,4.66,0.0,-24.105286,0.0
2019-02-03,13,0,35,4.66,4.66,0.0,-24.105286,0.0
2019-02-03,13,0,36,11.08,11.08,0.0,-881.869041,0.0
2019-02-03,13,0,37,5.3,5.3,0.0,-424.51217,0.0
2019-02-03,13,0,38,6.82,6.82,0.0,-546.259057,0.0
2019-02-03,13,0,39,4.55,4.55,0.0,-364.439693,0.0
2019-02-03,13,0,40,4.55,4.55,0.0,-364.439693,0.0
2019-02-03,13,0,41,7.3,7.3,0.0,-1082.776269,0.0
2019-02-03,13,0,42,77.34,77.34,0.0,-3164.609251,0.0
2019-02-03,13,0,43,32.37,32.37,0.0,-2346.127584,0.0
2019-02-03,13,0,46,28.77,28.77,0.0,-2604.023297,0.0
2019-02-03,13,0,52,132.5,132.5,0.0,-132500.0,0.0
2019-02-03,13,0,53,210.5,210.5,0.0,-210500.0,0.0
2019-02-03,13,0,55,623.0,623.0,0.0,-314100.133638,0.0
2019-02-03,13,0,56,159.25,159.25,0.0,-159250.0,0.0
2019-02-03,13,0,57,151.48,151.48,0.0,-151480.0,0.0
2019-02-03,13,0,58,291.31,291.31,0.0,-291310.0,0.0
2019-02-03,13,0,59,286.46,286.46,0.0,-286460.0,0.0
2019-02-03,13,0,63,51.0,51.0,0.0,6062.471068,0.0
2019-02-03,13,0,64,60.0,60.0,0.0,7132.318904,0.0
2019-02-03,13,0,65,30.12,30.12,0.0,-1076.280731,0.0
2019-02-03,13,0,67,369.04,369.04,0.0,-197716.004179,0.0
2019-02-03,13,0,68,34.0,34.0,0.0,-13061.416377,0.0
2019-02-03,13,0,69,2.91,2.91,0.0,-15.052872,0.0
2019-02-03,13,0,74,12.62,12.62,0.0,-876.26628,0.0
2019-02-03,13,0,77,60.0,60.0,0.0,-15086.725786,0.0
2019-02-03,13,0,78,45.36,45.36,0.0,-11405.564695,0.0
2019-02-03,13,0,79,26.25,26.25,0.0,-6600.442532,0.0
2019-02-03,13,0,80,42.45,42.45,0.0,-10673.858494,0.0
2019-02-03,13,0,81,55.5,55.5,0.0,-13955.221352,0.0
2019-02-03,13,0,82,39.15,39.15,0.0,-9844.088576,0.0
2019-02-03,13,0,83,87.3,87.3,0.0,-21951.186019,0.0
2019-02-03,13,0,84,0.0,0.0,0.0,-0.0,0.0
2019-02-03,13,0,86,14.77,14.77,0.0,-76.402376,0.0
2019-02-03,13,0,87,75.39,75.39,0.0,-389.978005,0.0
2019-02-03,13,0,88,51.18,51.18,0.0,-12868.977096,0.0
2019-02-03,13,0,89,49.2,49.2,0.0,-12371.115145,0.0
2019-02-03,13,0,90,66.06,66.06,0.0,-16610.485091,0.0
2019-02-03,13,0,91,235.65,235.65,0.0,-59253.115526,0.0
2019-02-03,13,0,92,84.75,84.75,0.0,-21310.000173,0.0
2019-02-03,13,0,95,120.0,120.0,0.0,3049.643213,0.0
2019-02-03,13,0,96,29.88,29.88,0.0,-4680.626934,0.0
2019-02-03,13,0,97,183.75,183.75,0.0,-28783.975877,0.0
2019-02-03,13,0,99,2.44,2.44,0.0,-169.420739,0.0
2019-02-03,13,0,101,10.88,10.88,0.0,-10880.0,0.0
2019-02-03,13,0,102,80.5,80.5,0.0,-30924.82407,0.0
2019-02-03,13,0,103,70.0,70.0,0.0,-26891.151365,0.0
2019-02-03,13,0,104,13.0,13.0,0.0,-4994.070968,0.0
2019-02-03,13,0,106,270.22,270.22,0.0,-136237.781881,0.0
2019-02-03,13,0,109,52.96,52.96,0.0,-5713.730863,0.0
2019-02-03,13,0,110,338.6,338.6,0.0,-338600.0,0.0
2019-02-03,13,0,111,19.85,19.85,0.0,-2944.261499,0.0
2019-02-03,13,0,113,45.0,45.0,0.0,-10886.889404,0.0
2019-02-03,13,0,115,45.0,45.0,0.0,-10886.889404,0.0
2019-02-03,13,0,116,132.98,132.98,0.0,-132980.0,0.0
2019-02-03,13,0,117,3.0,3.0,0.0,-725.792627,0.0
2019-02-03,13,0,119,60.0,60.0,0.0,7132.318904,0.0
2019-02-03,13,0,120,35.28,35.28,0.0,4193.803515,0.0
2019-02-03,13,0,123,4.5,4.5,0.0,-2268.781062,0.0
2019-02-03,13,0,125,143.27,143.27,0.0,-72232.947265,0.0
2019-02-03,13,0,126,202.66,202.66,0.0,-102175.815543,0.0
2019-02-03,13,0,127,260.08,260.08,0.0,-131125.461889,0.0
2019-02-03,13,0,128,202.25,202.25,0.0,-101969.104379,0.0
2019-02-03,13,0,131,30.0,30.0,0.0,-10310.161677,0.0
2019-02-03,13,0,132,44.1,44.1,0.0,-15155.937666,0.0
2019-02-03,13,0,133,29.63,29.63,0.0,-1020.419076,0.0
2019-02-03,13,0,134,0.0,0.0,0.0,-0.0,0.0
2019-02-03,13,0,135,39.7,39.7,0.0,-1367.216919,0.0
2019-02-03,13,0,136,24.75,24.75,0.0,-886.001302,0.0
2019-02-03,13,0,139,9.43,9.43,0.0,-1398.709619,0.0
2019-02-03,13,0,140,250.6,250.6,0.0,-250600.0,0.0
2019-02-03,13,0,141,230.0,230.0,0.0,-123224.260137,0.0
2019-02-03,13,0,142,486.68,486.68,0.0,-260742.534451,0.0
2019-02-03,13,0,143,238.5,238.5,0.0,-238500.0,0.0
2019-02-03,13,0,145,100.0,100.0,0.0,-16154.871841,0.0
2019-02-03,13,0,146,268.0,268.0,0.0,-268000.0,0.0
2019-02-03,13,0,152,8.34,8.34,0.0,-566.037745,0.0
2019-02-03,13,0,153,10.16,10.16,0.0,-704.801077,0.0
2019-02-03,13,0,154,81.86,81.86,0.0,-12141.926767,0.0
2019-02-03,13,0,157,250.0,250.0,0.0,-133939.413193,0.0
2019-02-03,13,0,158,352.8,352.8,0.0,-189015.299898,0.0
2019-02-03,13,0,159,0.0,0.0,0.0,-0.0,0.0
2019-02-03,13,0,160,2.45,2.45,0.0,-119.640915,0.0
2019-02-03,13,0,161,63.17,63.17,0.0,-24267.343311,0.0
2019-02-03,13,0,162,162.5,162.5,0.0,4270.472326,0.0
2019-02-03,13,0,163,104.55,104.55,0.0,-104550.0,0.0
2019-02-03,13,0,164,17.37,17.37,0.0,-17370.0,0.0
2019-02-03,13,0,167,6.93,6.93,0.0,155.267196,0.0
2019-02-03,13,0,168,3.47,3.47,0.0,77.745623,0.0
2019-02-03,13,0,169,0.0,0.0,0.0,0.0,0.0
2019-02-03,13,0,170,7.58,7.58,0.0,169.830497,0.0
2019-02-03,13,0,172,9.23,9.23,0.0,92.548427,0.0
2019-02-03,13,0,173,14.07,14.07,0.0,141.078696,0.0
2019-02-03,13,0,188,12.59,12.59,0.0,300.905974,0.0
2019-02-03,13,0,190,10.97,10.97,0.0,355.730302,0.0
2019-02-03,13,0,191,28.35,28.35,0.0,919.321244,0.0
2019-02-03,13,0,192,332.6,332.6,0.0,10785.405497,0.0
2019-02-03,13,0,194,52.95,52.95,0.0,-6365.132296,0.0
2019-02-03,13,0,196,7.1,7.1,0.0,1970.7815,0.0
2019-02-03,13,0,198,9.31,9.31,0.0,-92.419458,0.0
2019-02-03,13,0,199,73.53,73.53,0.0,-10299.247463,0.0
2019-02-03,13,0,200,20.53,20.53,0.0,-2875.609281,0.0
2019-02-03,13,0,204,218.12,218.12,0.0,-24381.741458,0.0
2019-02-03,13,0,205,280.16,280.16,0.0,-30225.808883,0.0
2019-02-03,13,0,206,539.94,539.94,0.0,-84580.244544,0.0
2019-02-03,13,0,210,2.11,2.11,0.0,12.289732,0.0
2019-02-03,13,0,214,9.98,9.98,0.0,121.716952,0.0
2019-02-03,13,0,217,8.18,8.18,0.0,98.892853,0.0
2019-02-03,13,0,218,11.28,11.28,0.0,136.370585,0.0
2019-02-03,13,0,219,7.68,7.68,0.0,92.848058,0.0
2019-02-03,13,0,221,5.32,5.32,0.0,64.883185,0.0
2019-02-03,13,0,225,6.22,6.22,0.0,19.633419,0.0
2019-02-03,13,0,233,8.36,8.36,0.0,-43.244676,0.0
2019-02-03,13,0,236,75.24,75.24,0.0,-3812.622738,0.0
2019-02-03,13,0,237,30.27,30.27,0.0,-2101.789246,0.0
2019-02-03,13,0,238,100.66,100.66,0.0,-4118.820368,0.0
2019-02-03,13,0,240,12.56,12.56,0.0,-999.663823,0.0
2019-02-03,13,0,245,78.0,78.0,0.0,-2355.614594,0.0
2019-02-03,13,0,247,138.88,138.88,0.0,-4194.201985,0.0
2019-02-03,13,0,248,3.04,3.04,0.0,-211.081576,0.0
2019-02-03,13,0,249,150.0,150.0,0.0,-4530.028065,0.0
2019-02-03,13,0,251,249.12,249.12,0.0,-9385.661901,0.0
2019-02-03,13,0,252,194.28,194.28,0.0,-6942.225113,0.0
2019-02-03,13,0,254,16.42,16.42,0.0,-1092.668561,0.0
2019-02-03,13,0,255,7.53,7.53,0.0,-501.083695,0.0
2019-02-03,13,0,258,15.48,15.48,0.0,-1214.287168,0.0
2019-02-03,13,0,260,5.94,5.94,0.0,-290.068178,0.0
2019-02-03,13,0,265,84.76,84.76,0.0,-12572.070764,0.0
2019-02-03,13,0,266,6.11,6.11,0.0,-906.268905,0.0
2019-02-03,13,0,267,7.51,7.51,0.0,-1113.924628,0.0
2019-02-03,13,0,270,325.32,325.32,0.0,-325320.0,0.0
2019-02-03,13,0,272,150.39,150.39,0.0,-36383.984388,0.0
2019-02-03,13,0,273,31.8,31.8,0.0,-31800.0,0.0
2019-02-03,13,0,274,419.18,419.18,0.0,-419180.0,0.0
2019-02-03,13,0,275,583.24,583.24,0.0,-583240.0,0.0
2019-02-03,13,0,276,6.98,6.98,0.0,-6256.484492,0.0
2019-02-03,13,0,277,8.62,8.62,0.0,-2118.325468,0.0
2019-02-03,13,0,278,13.79,13.79,0.0,-3388.829258,0.0
2019-02-03,13,0,279,378.16,378.16,0.0,-92931.085735,0.0
2019-02-03,13,0,281,56.1,56.1,0.0,-56100.0,0.0
2019-02-03,13,0,282,296.17,296.17,0.0,-296170.0,0.0
2019-02-03,14,0,9,3.55,3.55,0.0,-1788.88859,0.0
2019-02-03,14,0,17,53.83,53.83,0.0,-1803.460032,0.0
2019-02-03,14,0,19,117.37,117.37,0.0,-3932.233029,0.0
2019-02-03,14,0,20,142.34,142.34,0.0,-4768.799943,0.0
2019-02-03,14,0,21,81.2,81.2,0.0,-40917.677048,0.0
2019-02-03,14,0,22,288.58,288.58,0.0,-145419.00545,0.0
2019-02-03,14,0,23,42.61,42.61,0.0,-21471.702205,0.0
2019-02-03,14,0,24,73.27,73.27,0.0,-36921.652676,0.0
2019-02-03,14,0,29,6.19,6.19,0.0,20.993171,0.0
2019-02-03,14,0,30,581.39,581.39,0.0,-581390.0,0.0
2019-02-03,14,0,31,125.0,125.0,0.0,-125000.0,0.0
2019-02-03,14,0,32,6.24,6.24,0.0,271.517831,0.0
2019-02-03,14,0,33,2.98,2.98,0.0,-11.82749,0.0
2019-02-03,14,0,34,4.77,4.77,0.0,-18.931923,0.0
2019-02-03,14,0,35,4.77,4.77,0.0,-18.931923,0.0
2019-02-03,14,0,36,11.4,11.4,0.0,-898.736844,0.0
2019-02-03,14,0,37,5.45,5.45,0.0,-432.476326,0.0
2019-02-03,14,0,38,7.0,7.0,0.0,-555.47418,0.0
2019-02-03,14,0,39,4.67,4.67,0.0,-370.580631,0.0
2019-02-03,14,0,40,4.67,4.67,0.0,-370.580631,0.0
2019-02-03,14,0,41,7.12,7.12,0.0,-1051.87321,0.0
2019-02-03,14,0,42,81.58,81.58,0.0,-3255.433525,0.0
2019-02-03,14,0,43,32.73,32.73,0.0,-2348.113733,0.0
2019-02-03,14,0,46,29.48,29.48,0.0,-2647.568663,0.0
2019-02-03,14,0,52,132.5,132.5,0.0,-132500.0,0.0
2019-02-03,14,0,53,210.5,210.5,0.0,-210500.0,0.0
2019-02-03,14,0,55,623.0,623.0,0.0,-313937.349765,0.0
2019-02-03,14,0,56,171.49,171.49,0.0,-171490.0,0.0
2019-02-03,14,0,57,163.12,163.12,0.0,-163120.0,0.0
2019-02-03,14,0,58,313.7,313.7,0.0,-313700.0,0.0
2019-02-03,14,0,59,308.47,308.47,0.0,-308470.0,0.0
2019-02-03,14,0,63,51.0,51.0,0.0,6064.871481,0.0
2019-02-03,14,0,64,60.0,60.0,0.0,7135.142919,0.0
2019-02-03,14,0,65,33.03,33.03,0.0,-1145.880502,0.0
2019-02-03,14,0,67,383.68,383.68,0.0,-205528.074973,0.0
2019-02-03,14,0,68,19.16,19.16,0.0,-7358.410803,0.0
2019-02-03,14,0,69,2.98,2.98,0.0,-11.82749,0.0
2019-02-03,14,0,74,13.57,13.57,0.0,-930.422828,0.0
2019-02-03,14,0,77,60.0,60.0,0.0,-15077.691419,0.0
2019-02-03,14,0,78,45.36,45.36,0.0,-11398.734712,0.0
2019-02-03,14,0,79,26.25,26.25,0.0,-6596.489996,0.0
2019-02-03,14,0,80,42.45,42.45,0.0,-10667.466679,0.0
2019-02-03,14,0,81,55.5,55.5,0.0,-13946.864562,0.0
2019-02-03,14,0,82,39.15,39.15,0.0,-9838.193651,0.0
2019-02-03,14,0,83,87.3,87.3,0.0,-21938.041014,0.0
2019-02-03,14,0,84,0.0,0.0,0.0,-0.0,0.0
2019-02-03,14,0,86,15.09,15.09,0.0,-59.891554,0.0
2019-02-03,14,0,87,77.06,77.06,0.0,-305.847789,0.0
2019-02-03,14,0,88,51.18,51.18,0.0,-12861.27078,0.0
2019-02-03,14,0,89,49.2,49.2,0.0,-12363.706963,0.0
2019-02-03,14,0,90,66.06,66.06,0.0,-16600.538252,0.0
2019-02-03,14,0,91,235.65,235.65,0.0,-59217.633046,0.0
2019-02-03,14,0,92,84.75,84.75,0.0,-21297.239129,0.0
2019-02-03,14,0,95,120.0,120.0,0.0,3049.643213,0.0
2019-02-03,14,0,96,31.39,31.39,0.0,-4903.433644,0.0
2019-02-03,14,0,97,210.51,210.51,0.0,-32883.778799,0.0
2019-02-03,14,0,99,2.62,2.62,0.0,-179.639485,0.0
2019-02-03,14,0,101,11.71,11.71,0.0,-11710.0,0.0
2019-02-03,14,0,102,45.25,45.25,0.0,-17378.292736,0.0
2019-02-03,14,0,103,39.36,39.36,0.0,-15116.2343,0.0
2019-02-03,14,0,104,7.37,7.37,0.0,-2830.453425,0.0
2019-02-03,14,0,106,284.08,284.08,0.0,-143151.400194,0.0
2019-02-03,14,0,109,49.78,49.78,0.0,-5336.799789,0.0
2019-02-03,14,0,110,338.6,338.6,0.0,-338600.0,0.0
2019-02-03,14,0,111,21.24,21.24,0.0,-3137.89143,0.0
2019-02-03,14,0,113,45.0,45.0,0.0,-10882.775822,0.0
2019-02-03,14,0,115,45.0,45.0,0.0,-10882.775822,0.0
2019-02-03,14,0,116,135.36,135.36,0.0,-135360.0,0.0
2019-02-03,14,0,117,3.0,3.0,0.0,-725.518388,0.0
2019-02-03,14,0,119,60.0,60.0,0.0,7135.142919,0.0
2019-02-03,14,0,120,35.28,35.28,0.0,4195.464037,0.0
2019-02-03,14,0,123,4.73,4.73,0.0,-2383.505079,0.0
2019-02-03,14,0,125,66.79,66.79,0.0,-33656.301109,0.0
2019-02-03,14,0,126,213.06,213.06,0.0,-107363.550146,0.0
2019-02-03,14,0,127,273.43,273.43,0.0,-137784.734424,0.0
2019-02-03,14,0,128,92.7,92.7,0.0,-46712.668256,0.0
2019-02-03,14,0,131,30.0,30.0,0.0,-10306.688303,0.0
2019-02-03,14,0,132,44.1,44.1,0.0,-15150.831806,0.0
2019-02-03,14,0,133,34.25,34.25,0.0,-1143.636138,0.0
2019-02-03,14,0,134,0.0,0.0,0.0,-0.0,0.0
2019-02-03,14,0,135,45.89,45.89,0.0,-1532.305471,0.0
2019-02-03,14,0,136,28.83,28.83,0.0,-1002.055836,0.0
2019-02-03,14,0,139,9.19,9.19,0.0,-1357.684663,0.0
2019-02-03,14,0,140,250.6,250.6,0.0,-250600.0,0.0
2019-02-03,14,0,141,230.0,230.0,0.0,-123205.424426,0.0
2019-02-03,14,0,142,505.98,505.98,0.0,-271041.220223,0.0
2019-02-03,14,0,143,238.5,238.5,0.0,-238500.0,0.0
2019-02-03,14,0,145,56.12,56.12,0.0,-9037.081628,0.0
2019-02-03,14,0,146,268.0,268.0,0.0,-268000.0,0.0
2019-02-03,14,0,152,8.76,8.76,0.0,-586.971328,0.0
2019-02-03,14,0,153,10.7,10.7,0.0,-733.101437,0.0
2019-02-03,14,0,154,87.62,87.62,0.0,-12944.540824,0.0
2019-02-03,14,0,157,250.0,250.0,0.0,-133918.939594,0.0
2019-02-03,14,0,158,377.37,377.37,0.0,-202147.960938,0.0
2019-02-03,14,0,159,0.0,0.0,0.0,-0.0,0.0
2019-02-03,14,0,160,2.47,2.47,0.0,-118.793344,0.0
2019-02-03,14,0,161,65.61,65.61,0.0,-25197.564341,0.0
2019-02-03,14,0,162,162.5,162.5,0.0,4270.522766,0.0
2019-02-03,14,0,163,130.61,130.61,0.0,-130610.0,0.0
2019-02-03,14,0,164,18.71,18.71,0.0,-18710.0,0.0
2019-02-03,14,0,167,7.08,7.08,0.0,158.615878,0.0
2019-02-03,14,0,168,3.54,3.54,0.0,79.307939,0.0
2019-02-03,14,0,169,0.0,0.0,0.0,0.0,0.0
2019-02-03,14,0,170,7.75,7.75,0.0,173.626137,0.0
2019-02-03,14,0,172,9.39,9.39,0.0,94.079155,0.0
2019-02-03,14,0,173,14.31,14.31,0.0,143.373025,0.0
2019-02-03,14,0,188,12.63,12.63,0.0,302.115804,0.0
2019-02-03,14,0,190,11.05,11.05,0.0,358.324506,0.0
2019-02-03,14,0,191,28.55,28.55,0.0,925.806756,0.0
2019-02-03,14,0,192,332.6,332.6,0.0,10785.405497,0.0
2019-02-03,14,0,194,52.95,52.95,0.0,-6362.160622,0.0
2019-02-03,14,0,196,7.18,7.18,0.0,1993.507885,0.0
2019-02-03,14,0,198,9.65,9.65,0.0,-89.319541,0.0
2019-02-03,14,0,199,130.0,130.0,0.0,-18235.906224,0.0
2019-02-03,14,0,200,20.86,20.86,0.0,-2926.161568,0.0
2019-02-03,14,0,204,205.98,205.98,0.0,-22888.152635,0.0
2019-02-03,14,0,205,263.32,263.32,0.0,-28229.934119,0.0
2019-02-03,14,0,206,745.19,745.19,0.0,-116406.171314,0.0
2019-02-03,14,0,210,2.1,2.1,0.0,12.473297,0.0
2019-02-03,14,0,214,10.0,10.0,0.0,134.928211,0.0
2019-02-03,14,0,217,8.29,8.29,0.0,106.452054,0.0
2019-02-03,14,0,218,11.44,11.44,0.0,146.901267,0.0
2019-02-03,14,0,219,7.8,7.8,0.0,100.159955,0.0
2019-02-03,14,0,221,5.33,5.33,0.0,71.916736,0.0
2019-02-03,14,0,225,6.26,6.26,0.0,19.690067,0.0
2019-02-03,14,0,233,8.54,8.54,0.0,-33.894889,0.0
2019-02-03,14,0,236,34.12,34.12,0.0,-1696.200646,0.0
2019-02-03,14,0,237,32.54,32.54,0.0,-2231.094976,0.0
2019-02-03,14,0,238,106.18,106.18,0.0,-4237.091587,0.0
2019-02-03,14,0,240,12.92,12.92,0.0,-1018.568424,0.0
2019-02-03,14,0,245,78.0,78.0,0.0,-2272.118194,0.0
2019-02-03,14,0,247,150.42,150.42,0.0,-4381.692548,0.0
2019-02-03,14,0,248,3.27,3.27,0.0,-224.206533,0.0
2019-02-03,14,0,249,150.0,150.0,0.0,-4369.458065,0.0
2019-02-03,14,0,251,264.64,264.64,0.0,-9697.636672,0.0
2019-02-03,14,0,252,213.04,213.04,0.0,-7390.807815,0.0
2019-02-03,14,0,254,16.59,16.59,0.0,-1091.753946,0.0
2019-02-03,14,0,255,7.6,7.6,0.0,-500.140445,0.0
2019-02-03,14,0,258,15.87,15.87,0.0,-1232.951815,0.0
2019-02-03,14,0,260,6.01,6.01,0.0,-289.047773,0.0
2019-02-03,14,0,265,90.72,90.72,0.0,-13402.519328,0.0
2019-02-03,14,0,266,5.95,5.95,0.0,-879.023258,0.0
2019-02-03,14,0,267,7.31,7.31,0.0,-1079.94286,0.0
2019-02-03,14,0,270,454.05,454.05,0.0,-454050.0,0.0
2019-02-03,14,0,272,150.39,150.39,0.0,-36370.236796,0.0
2019-02-03,14,0,273,32.37,32.37,0.0,-32370.0,0.0
2019-02-03,14,0,274,605.65,605.65,0.0,-605650.0,0.0
2019-02-03,14,0,275,880.86,880.86,0.0,-880860.0,0.0
2019-02-03,14,0,276,7.17,7.17,0.0,-6426.658839,0.0
2019-02-03,14,0,277,8.85,8.85,0.0,-2173.828003,0.0
2019-02-03,14,0,278,14.17,14.17,0.0,-3480.581108,0.0
2019-02-03,14,0,279,264.6,264.6,0.0,-64993.772844,0.0
2019-02-03,14,0,281,56.1,56.1,0.0,-56100.0,0.0
2019-02-03,14,0,282,318.93,318.93,0.0,-318930.0,0.0
2019-02-03,15,0,9,3.41,3.41,0.0,-1335.978022,0.0
2019-02-03,15,0,17,51.44,51.44,0.0,294.374569,0.0
2019-02-03,15,0,19,137.2,137.2,0.0,785.151455,0.0
2019-02-03,15,0,20,166.4,166.4,0.0,952.25366,0.0
2019-02-03,15,0,21,77.89,77.89,0.0,-30515.931995,0.0
2019-02-03,15,0,22,276.83,276.83,0.0,-108457.124846,0.0
2019-02-03,15,0,23,32.64,32.64,0.0,-12787.777896,0.0
2019-02-03,15,0,24,57.75,57.75,0.0,-22625.434237,0.0
2019-02-03,15,0,29,5.85,5.85,0.0,20.578649,0.0
2019-02-03,15,0,30,560.17,560.17,0.0,-560170.0,0.0
2019-02-03,15,0,31,125.0,125.0,0.0,-125000.0,0.0
2019-02-03,15,0,32,5.97,5.97,0.0,198.661135,0.0
2019-02-03,15,0,33,2.9,2.9,0.0,27.186609,0.0
2019-02-03,15,0,34,4.64,4.64,0.0,43.498574,0.0
2019-02-03,15,0,35,4.64,4.64,0.0,43.498574,0.0
2019-02-03,15,0,36,11.06,11.06,0.0,6.497424,0.0
2019-02-03,15,0,37,5.27,5.27,0.0,3.299406,0.0
2019-02-03,15,0,38,6.78,6.78,0.0,4.244776,0.0
2019-02-03,15,0,39,4.52,4.52,0.0,2.829851,0.0
2019-02-03,15,0,40,4.52,4.52,0.0,2.829851,0.0
2019-02-03,15,0,41,12.64,12.64,0.0,-166.408228,0.0
2019-02-03,15,0,42,78.56,78.56,0.0,387.383253,0.0
2019-02-03,15,0,43,31.81,31.81,0.0,46.775701,0.0
2019-02-03,15,0,46,28.33,28.33,0.0,-3.682742,0.0
2019-02-03,15,0,52,132.5,132.5,0.0,-132500.0,0.0
2019-02-03,15,0,53,210.5,210.5,0.0,-210500.0,0.0
2019-02-03,15,0,55,623.0,623.0,0.0,-244080.442072,0.0
2019-02-03,15,0,56,165.23,165.23,0.0,-165230.0,0.0
2019-02-03,15,0,57,157.17,157.17,0.0,-157170.0,0.0
2019-02-03,15,0,58,302.25,302.25,0.0,-302250.0,0.0
2019-02-03,15,0,59,297.21,297.21,0.0,-297210.0,0.0
2019-02-03,15,0,63,51.0,51.0,0.0,5360.146065,0.0
2019-02-03,15,0,64,60.0,60.0,0.0,6306.054195,0.0
2019-02-03,15,0,65,36.49,36.49,0.0,203.45451,0.0
2019-02-03,15,0,67,369.59,369.59,0.0,-206866.4442,0.0
2019-02-03,15,0,68,34.0,34.0,0.0,-14142.125522,0.0
2019-02-03,15,0,69,2.9,2.9,0.0,27.186609,0.0
2019-02-03,15,0,74,14.73,14.73,0.0,16.363705,0.0
2019-02-03,15,0,77,60.0,60.0,0.0,-17730.046544,0.0
2019-02-03,15,0,78,45.36,45.36,0.0,-13403.915188,0.0
2019-02-03,15,0,79,26.25,26.25,0.0,-7756.895363,0.0
2019-02-03,15,0,80,42.45,42.45,0.0,-12544.00793,0.0
2019-02-03,15,0,81,55.5,55.5,0.0,-16400.293054,0.0
2019-02-03,15,0,82,39.15,39.15,0.0,-11568.85537,0.0
2019-02-03,15,0,83,87.3,87.3,0.0,-25797.217722,0.0
2019-02-03,15,0,84,0.0,0.0,0.0,0.0,0.0
2019-02-03,15,0,86,14.7,14.7,0.0,137.807982,0.0
2019-02-03,15,0,87,75.03,75.03,0.0,703.383191,0.0
2019-02-03,15,0,88,51.18,51.18,0.0,-15123.729702,0.0
2019-02-03,15,0,89,49.2,49.2,0.0,-14538.638166,0.0
2019-02-03,15,0,90,66.06,66.06,0.0,-19520.781245,0.0
2019-02-03,15,0,91,235.65,235.65,0.0,-69634.757803,0.0
2019-02-03,15,0,92,84.75,84.75,0.0,-25043.690744,0.0
2019-02-03,15,0,95,120.0,120.0,0.0,3049.643213,0.0
2019-02-03,15,0,96,29.88,29.88,0.0,1123.583754,0.0
2019-02-03,15,0,97,183.75,183.75,0.0,6909.588847,0.0
2019-02-03,15,0,99,2.84,2.84,0.0,3.154985,0.0
2019-02-03,15,0,101,11.28,11.28,0.0,-11280.0,0.0
2019-02-03,15,0,102,80.5,80.5,0.0,-33483.561898,0.0
2019-02-03,15,0,103,70.0,70.0,0.0,-29116.140781,0.0
2019-02-03,15,0,104,13.0,13.0,0.0,-5407.283288,0.0
2019-02-03,15,0,106,272.52,272.52,0.0,-106768.542654,0.0
2019-02-03,15,0,109,47.46,47.46,0.0,-83.054368,0.0
2019-02-03,15,0,110,338.6,338.6,0.0,-338600.0,0.0
2019-02-03,15,0,111,20.36,20.36,0.0,-268.043633,0.0
2019-02-03,15,0,113,45.0,45.0,0.0,-12090.461959,0.0
2019-02-03,15,0,115,45.0,45.0,0.0,-12090.461959,0.0
2019-02-03,15,0,116,129.09,129.09,0.0,-129090.0,0.0
2019-02-03,15,0,117,3.0,3.0,0.0,-806.030797,0.0
2019-02-03,15,0,119,60.0,60.0,0.0,6306.054195,0.0
2019-02-03,15,0,120,35.28,35.28,0.0,3707.959866,0.0
2019-02-03,15,0,123,4.54,4.54,0.0,-1778.692146,0.0
2019-02-03,15,0,125,52.26,52.26,0.0,-20474.5488,0.0
2019-02-03,15,0,126,204.39,204.39,0.0,-80076.406991,0.0
2019-02-03,15,0,127,262.3,262.3,0.0,-102764.526413,0.0
2019-02-03,15,0,128,74.85,74.85,0.0,-29324.913466,0.0
2019-02-03,15,0,131,73.62,73.62,0.0,-27795.032156,0.0
2019-02-03,15,0,132,108.35,108.35,0.0,-40907.249852,0.0
2019-02-03,15,0,133,39.92,39.92,0.0,229.002398,0.0
2019-02-03,15,0,134,0.0,0.0,0.0,0.0,0.0
2019-02-03,15,0,135,53.49,53.49,0.0,306.847151,0.0
2019-02-03,15,0,136,33.55,33.55,0.0,186.791327,0.0
2019-02-03,15,0,139,16.43,16.43,0.0,-216.304366,0.0
2019-02-03,15,0,140,250.6,250.6,0.0,-250600.0,0.0
2019-02-03,15,0,141,230.0,230.0,0.0,-128735.30714,0.0
2019-02-03,15,0,142,487.4,487.4,0.0,-272806.907392,0.0
2019-02-03,15,0,143,238.5,238.5,0.0,-238500.0,0.0
2019-02-03,15,0,145,30.0,30.0,0.0,-180.349155,0.0
2019-02-03,15,0,146,268.0,268.0,0.0,-268000.0,0.0
2019-02-03,15,0,152,8.42,8.42,0.0,14.73063,0.0
2019-02-03,15,0,153,10.3,10.3,0.0,16.212756,0.0
2019-02-03,15,0,154,83.99,83.99,0.0,-1105.745811,0.0
2019-02-03,15,0,157,250.0,250.0,0.0,-139929.681674,0.0
2019-02-03,15,0,158,360.86,360.86,0.0,-201980.099716,0.0
2019-02-03,15,0,159,0.0,0.0,0.0,0.0,0.0
2019-02-03,15,0,160,2.35,2.35,0.0,9.184776,0.0
2019-02-03,15,0,161,62.56,62.56,0.0,-26021.510961,0.0
2019-02-03,15,0,162,162.5,162.5,0.0,4255.714322,0.0
2019-02-03,15,0,163,142.89,142.89,0.0,-142890.0,0.0
2019-02-03,15,0,164,17.7,17.7,0.0,-17700.0,0.0
2019-02-03,15,0,167,6.65,6.65,0.0,152.313599,0.0
2019-02-03,15,0,168,3.33,3.33,0.0,76.271321,0.0
2019-02-03,15,0,169,0.0,0.0,0.0,0.0,0.0
2019-02-03,15,0,170,7.28,7.28,0.0,166.743308,0.0
2019-02-03,15,0,172,8.92,8.92,0.0,109.890584,0.0
2019-02-03,15,0,173,13.59,13.59,0.0,167.422986,0.0
2019-02-03,15,0,188,12.14,12.14,0.0,218.769675,0.0
2019-02-03,15,0,190,10.34,10.34,0.0,335.300941,0.0
2019-02-03,15,0,191,26.72,26.72,0.0,866.464326,0.0
2019-02-03,15,0,192,332.6,332.6,0.0,10785.405497,0.0
2019-02-03,15,0,194,52.95,52.95,0.0,-7234.599867,0.0
2019-02-03,15,0,196,6.78,6.78,0.0,1738.179882,0.0
2019-02-03,15,0,198,9.27,9.27,0.0,71.77675,0.0
2019-02-03,15,0,199,130.0,130.0,0.0,-10314.283231,0.0
2019-02-03,15,0,200,20.02,20.02,0.0,-1588.399618,0.0
2019-02-03,15,0,204,196.45,196.45,0.0,-396.37326,0.0
2019-02-03,15,0,205,251.04,251.04,0.0,-439.316655,0.0
2019-02-03,15,0,206,539.94,539.94,0.0,20303.474296,0.0
2019-02-03,15,0,210,2.01,2.01,0.0,5.395945,0.0
2019-02-03,15,0,214,9.72,9.72,0.0,112.012792,0.0
2019-02-03,15,0,217,7.95,7.95,0.0,69.696458,0.0
2019-02-03,15,0,218,10.96,10.96,0.0,96.084677,0.0
2019-02-03,15,0,219,7.47,7.47,0.0,65.48837,0.0
2019-02-03,15,0,221,5.18,5.18,0.0,59.69406,0.0
2019-02-03,15,0,225,5.86,5.86,0.0,21.085331,0.0
2019-02-03,15,0,233,8.32,8.32,0.0,77.997443,0.0
2019-02-03,15,0,236,35.68,35.68,0.0,134.185578,0.0
2019-02-03,15,0,237,35.33,35.33,0.0,39.248452,0.0
2019-02-03,15,0,238,102.25,102.25,0.0,504.199816,0.0
2019-02-03,15,0,240,12.54,12.54,0.0,7.366881,0.0
2019-02-03,15,0,245,78.0,78.0,0.0,488.548388,0.0
2019-02-03,15,0,247,163.24,163.24,0.0,1022.444087,0.0
2019-02-03,15,0,248,3.55,3.55,0.0,3.943731,0.0
2019-02-03,15,0,249,150.0,150.0,0.0,939.51613,0.0
2019-02-03,15,0,251,284.74,284.74,0.0,1518.85573,0.0
2019-02-03,15,0,252,235.37,235.37,0.0,1312.334556,0.0
2019-02-03,15,0,254,16.36,16.36,0.0,34.065414,0.0
2019-02-03,15,0,255,7.5,7.5,0.0,15.616785,0.0
2019-02-03,15,0,258,15.3,15.3,0.0,11.170261,0.0
2019-02-03,15,0,260,5.7,5.7,0.0,22.277968,0.0
2019-02-03,15,0,265,86.96,86.96,0.0,-1144.846478,0.0
2019-02-03,15,0,266,10.51,10.51,0.0,-138.366335,0.0
2019-02-03,15,0,267,13.0,13.0,0.0,-171.147703,0.0
2019-02-03,15,0,270,466.38,466.38,0.0,-466380.0,0.0
2019-02-03,15,0,272,150.39,150.39,0.0,-40406.323868,0.0
2019-02-03,15,0,273,30.87,30.87,0.0,-30870.0,0.0
2019-02-03,15,0,274,614.3,614.3,0.0,-614300.0,0.0
2019-02-03,15,0,275,881.73,881.73,0.0,-881730.0,0.0
2019-02-03,15,0,276,6.88,6.88,0.0,-6203.658058,0.0
2019-02-03,15,0,277,8.4,8.4,0.0,-2347.22077,0.0
2019-02-03,15,0,278,13.44,13.44,0.0,-3755.553233,0.0
2019-02-03,15,0,279,264.6,264.6,0.0,-73937.454265,0.0
2019-02-03,15,0,281,56.1,56.1,0.0,-56100.0,0.0
2019-02-03,15,0,282,307.29,307.29,0.0,-307290.0,0.0
2019-02-03,16,0,9,2.55,2.55,0.0,-996.43719,0.0
2019-02-03,16,0,17,45.24,45.24,0.0,220.938035,0.0
2019-02-03,16,0,19,277.28,277.28,0.0,1354.148946,0.0
2019-02-03,16,0,20,349.96,349.96,0.0,1709.095373,0.0
2019-02-03,16,0,21,58.33,58.33,0.0,-22793.012263,0.0
2019-02-03,16,0,22,207.31,207.31,0.0,-81008.389717,0.0
2019-02-03,16,0,23,32.64,32.64,0.0,-12754.396027,0.0
2019-02-03,16,0,24,57.75,57.75,0.0,-22566.371647,0.0
2019-02-03,16,0,29,4.68,4.68,0.0,17.996976,0.0
2019-02-03,16,0,30,457.84,457.84,0.0,-457840.0,0.0
2019-02-03,16,0,31,125.0,125.0,0.0,-125000.0,0.0
2019-02-03,16,0,32,4.69,4.69,0.0,155.349275,0.0
2019-02-03,16,0,33,2.73,2.73,0.0,21.750356,0.0
2019-02-03,16,0,34,4.37,4.37,0.0,34.816504,0.0
2019-02-03,16,0,35,4.37,4.37,0.0,34.816504,0.0
2019-02-03,16,0,36,10.25,10.25,0.0,7.835384,0.0
2019-02-03,16,0,37,4.95,4.95,0.0,4.14126,0.0
2019-02-03,16,0,38,6.37,6.37,0.0,5.329258,0.0
2019-02-03,16,0,39,4.24,4.24,0.0,3.547261,0.0
2019-02-03,16,0,40,4.24,4.24,0.0,3.547261,0.0
2019-02-03,16,0,41,19.59,19.59,0.0,-239.749905,0.0
2019-02-03,16,0,42,67.29,67.29,0.0,283.647427,0.0
2019-02-03,16,0,43,29.69,29.69,0.0,49.25162,0.0
2019-02-03,16,0,46,24.75,24.75,0.0,6.089081,0.0
2019-02-03,16,0,52,132.5,132.5,0.0,-132500.0,0.0
2019-02-03,16,0,53,210.5,210.5,0.0,-210500.0,0.0
2019-02-03,16,0,55,623.0,623.0,0.0,-243443.282012,0.0
2019-02-03,16,0,56,135.05,135.05,0.0,-135050.0,0.0
2019-02-03,16,0,57,128.46,128.46,0.0,-128460.0,0.0
2019-02-03,16,0,58,247.04,247.04,0.0,-247040.0,0.0
2019-02-03,16,0,59,242.92,242.92,0.0,-242920.0,0.0
2019-02-03,16,0,63,51.0,51.0,0.0,5349.608176,0.0
2019-02-03,16,0,64,60.0,60.0,0.0,6293.656678,0.0
2019-02-03,16,0,65,40.29,40.29,0.0,191.76132,0.0
2019-02-03,16,0,67,299.27,299.27,0.0,-167614.61657,0.0
2019-02-03,16,0,68,34.0,34.0,0.0,-14158.340797,0.0
2019-02-03,16,0,69,2.73,2.73,0.0,21.750356,0.0
2019-02-03,16,0,74,9.87,9.87,0.0,9.097663,0.0
2019-02-03,16,0,77,60.0,60.0,0.0,-17769.707699,0.0
2019-02-03,16,0,78,45.36,45.36,0.0,-13433.899021,0.0
2019-02-03,16,0,79,26.25,26.25,0.0,-7774.247118,0.0
2019-02-03,16,0,80,42.45,42.45,0.0,-12572.068197,0.0
2019-02-03,16,0,81,55.5,55.5,0.0,-16436.979622,0.0
2019-02-03,16,0,82,39.15,39.15,0.0,-11594.734274,0.0
2019-02-03,16,0,83,87.3,87.3,0.0,-25854.924703,0.0
2019-02-03,16,0,84,0.0,0.0,0.0,0.0,0.0
2019-02-03,16,0,86,13.84,13.84,0.0,110.265541,0.0
2019-02-03,16,0,87,70.68,70.68,0.0,563.119106,0.0
2019-02-03,16,0,88,51.18,51.18,0.0,-15157.560668,0.0
2019-02-03,16,0,89,49.2,49.2,0.0,-14571.160313,0.0
2019-02-03,16,0,90,66.06,66.06,0.0,-19564.448177,0.0
2019-02-03,16,0,91,235.65,235.65,0.0,-69790.526989,0.0
2019-02-03,16,0,92,84.75,84.75,0.0,-25099.712125,0.0
2019-02-03,16,0,95,120.0,120.0,0.0,3049.643213,0.0
2019-02-03,16,0,96,29.88,29.88,0.0,1176.838988,0.0
2019-02-03,16,0,97,183.75,183.75,0.0,7237.087151,0.0
2019-02-03,16,0,99,2.16,2.16,0.0,1.990978,0.0
2019-02-03,16,0,101,9.22,9.22,0.0,-9220.0,0.0
2019-02-03,16,0,102,80.5,80.5,0.0,-33521.953946,0.0
2019-02-03,16,0,103,70.0,70.0,0.0,-29149.52517,0.0
2019-02-03,16,0,104,13.0,13.0,0.0,-5413.483246,0.0
2019-02-03,16,0,106,204.08,204.08,0.0,-79746.235944,0.0
2019-02-03,16,0,109,46.19,46.19,0.0,-56.333694,0.0
2019-02-03,16,0,110,338.6,338.6,0.0,-338600.0,0.0
2019-02-03,16,0,111,13.19,13.19,0.0,-161.42426,0.0
2019-02-03,16,0,113,45.0,45.0,0.0,-12108.520713,0.0
2019-02-03,16,0,115,45.0,45.0,0.0,-12108.520713,0.0
2019-02-03,16,0,116,105.98,105.98,0.0,-105980.0,0.0
2019-02-03,16,0,117,3.0,3.0,0.0,-807.234714,0.0
2019-02-03,16,0,119,60.0,60.0,0.0,6293.656678,0.0
2019-02-03,16,0,120,35.28,35.28,0.0,3700.670127,0.0
2019-02-03,16,0,123,3.4,3.4,0.0,-1328.582919,0.0
2019-02-03,16,0,125,52.26,52.26,0.0,-20421.100992,0.0
2019-02-03,16,0,126,153.06,153.06,0.0,-59809.676958,0.0
2019-02-03,16,0,127,196.43,196.43,0.0,-76756.924375,0.0
2019-02-03,16,0,128,74.85,74.85,0.0,-29248.362213,0.0
2019-02-03,16,0,131,30.0,30.0,0.0,-11341.667192,0.0
2019-02-03,16,0,132,44.1,44.1,0.0,-16672.250772,0.0
2019-02-03,16,0,133,50.5,50.5,0.0,247.216976,0.0
2019-02-03,16,0,134,0.0,0.0,0.0,0.0,0.0
2019-02-03,16,0,135,64.2,64.2,0.0,314.28376,0.0
2019-02-03,16,0,136,38.74,38.74,0.0,184.119994,0.0
2019-02-03,16,0,139,25.51,25.51,0.0,-312.201127,0.0
2019-02-03,16,0,140,250.6,250.6,0.0,-250600.0,0.0
2019-02-03,16,0,141,230.0,230.0,0.0,-128817.996495,0.0
2019-02-03,16,0,142,394.66,394.66,0.0,-221040.480421,0.0
2019-02-03,16,0,143,238.5,238.5,0.0,-238500.0,0.0
2019-02-03,16,0,145,30.0,30.0,0.0,-142.589698,0.0
2019-02-03,16,0,146,268.0,268.0,0.0,-268000.0,0.0
2019-02-03,16,0,152,7.78,7.78,0.0,12.221312,0.0
2019-02-03,16,0,153,9.57,9.57,0.0,13.641832,0.0
2019-02-03,16,0,154,54.41,54.41,0.0,-665.89037,0.0
2019-02-03,16,0,157,250.0,250.0,0.0,-140019.561408,0.0
2019-02-03,16,0,158,306.06,306.06,0.0,-171417.547858,0.0
2019-02-03,16,0,159,0.0,0.0,0.0,0.0,0.0
2019-02-03,16,0,160,2.3,2.3,0.0,9.121727,0.0
2019-02-03,16,0,161,51.74,51.74,0.0,-21545.663319,0.0
2019-02-03,16,0,162,162.5,162.5,0.0,4255.492888,0.0
2019-02-03,16,0,163,146.36,146.36,0.0,-146360.0,0.0
2019-02-03,16,0,164,14.98,14.98,0.0,-14980.0,0.0
2019-02-03,16,0,167,5.47,5.47,0.0,125.327497,0.0
2019-02-03,16,0,168,2.73,2.73,0.0,62.54919,0.0
2019-02-03,16,0,169,0.0,0.0,0.0,0.0,0.0
2019-02-03,16,0,170,5.98,5.98,0.0,137.012511,0.0
2019-02-03,16,0,172,6.93,6.93,0.0,85.613025,0.0
2019-02-03,16,0,173,10.56,10.56,0.0,130.457943,0.0
2019-02-03,16,0,188,9.42,9.42,0.0,168.922677,0.0
2019-02-03,16,0,190,8.42,8.42,0.0,273.040031,0.0
2019-02-03,16,0,191,21.75,21.75,0.0,705.299367,0.0
2019-02-03,16,0,192,332.6,332.6,0.0,10785.405497,0.0
2019-02-03,16,0,194,52.95,52.95,0.0,-7247.645612,0.0
2019-02-03,16,0,196,5.71,5.71,0.0,1462.048532,0.0
2019-02-03,16,0,198,9.4,9.4,0.0,73.065936,0.0
2019-02-03,16,0,199,130.0,130.0,0.0,-10195.829743,0.0
2019-02-03,16,0,200,15.8,15.8,0.0,-1239.185461,0.0
2019-02-03,16,0,204,189.38,189.38,0.0,-268.988408,0.0
2019-02-03,16,0,205,244.35,244.35,0.0,-298.01122,0.0
2019-02-03,16,0,206,539.94,539.94,0.0,21265.811355,0.0
2019-02-03,16,0,210,1.58,1.58,0.0,5.277841,0.0
2019-02-03,16,0,214,8.63,8.63,0.0,84.39594,0.0
2019-02-03,16,0,217,5.18,5.18,0.0,40.264053,0.0
2019-02-03,16,0,218,7.15,7.15,0.0,55.576829,0.0
2019-02-03,16,0,219,4.87,4.87,0.0,37.854428,0.0
2019-02-03,16,0,221,4.6,4.6,0.0,44.98509,0.0
2019-02-03,16,0,225,4.37,4.37,0.0,17.018034,0.0
2019-02-03,16,0,233,7.83,7.83,0.0,62.382889,0.0
2019-02-03,16,0,236,29.59,29.59,0.0,95.804564,0.0
2019-02-03,16,0,237,22.57,22.57,0.0,20.803876,0.0
2019-02-03,16,0,238,87.58,87.58,0.0,369.175831,0.0
2019-02-03,16,0,240,11.62,11.62,0.0,8.88265,0.0
2019-02-03,16,0,245,78.0,78.0,0.0,416.540707,0.0
2019-02-03,16,0,247,171.72,171.72,0.0,917.030387,0.0
2019-02-03,16,0,248,2.66,2.66,0.0,2.451852,0.0
2019-02-03,16,0,249,150.0,150.0,0.0,801.039821,0.0
2019-02-03,16,0,251,310.1,310.1,0.0,1412.714545,0.0
2019-02-03,16,0,252,259.91,259.91,0.0,1237.048514,0.0
2019-02-03,16,0,254,16.29,16.29,0.0,36.453711,0.0
2019-02-03,16,0,255,7.47,7.47,0.0,16.716342,0.0
2019-02-03,16,0,258,14.13,14.13,0.0,12.842562,0.0
2019-02-03,16,0,260,5.58,5.58,0.0,22.130103,0.0
2019-02-03,16,0,265,56.33,56.33,0.0,-689.388064,0.0
2019-02-03,16,0,266,16.26,16.26,0.0,-198.996093,0.0
2019-02-03,16,0,267,20.15,20.15,0.0,-246.603399,0.0
2019-02-03,16,0,270,395.58,395.58,0.0,-395580.0,0.0
2019-02-03,16,0,272,150.39,150.39,0.0,-40466.676221,0.0
2019-02-03,16,0,273,25.34,25.34,0.0,-25340.0,0.0
2019-02-03,16,0,274,493.67,493.67,0.0,-493670.0,0.0
2019-02-03,16,0,275,661.83,661.83,0.0,-661830.0,0.0
2019-02-03,16,0,276,5.63,5.63,0.0,-5076.991889,0.0
2019-02-03,16,0,277,6.85,6.85,0.0,-1917.564841,0.0
2019-02-03,16,0,278,10.96,10.96,0.0,-3068.103745,0.0
2019-02-03,16,0,279,604.22,604.22,0.0,-169143.215775,0.0
2019-02-03,16,0,281,56.1,56.1,0.0,-56100.0,0.0
2019-02-03,16,0,282,251.15,251.15,0.0,-251150.0,0.0
2019-02-03,17,0,9,1.85,1.85,0.0,-203.117395,0.0
2019-02-03,17,0,17,33.08,33.08,0.0,113.324951,0.0
2019-02-03,17,0,19,241.85,241.85,0.0,828.52598,0.0
2019-02-03,17,0,20,291.23,291.23,0.0,997.691219,0.0
2019-02-03,17,0,21,42.26,42.26,0.0,-4639.860066,0.0
2019-02-03,17,0,22,150.19,150.19,0.0,-16489.838696,0.0
2019-02-03,17,0,23,47.2,47.2,0.0,-5182.238408,0.0
2019-02-03,17,0,24,83.96,83.96,0.0,-9218.235947,0.0
2019-02-03,17,0,29,3.27,3.27,0.0,17.070081,0.0
2019-02-03,17,0,30,329.99,329.99,0.0,-36458.626939,0.0
2019-02-03,17,0,31,125.0,125.0,0.0,-13810.504462,0.0
2019-02-03,17,0,32,3.15,3.15,0.0,628.590956,0.0
2019-02-03,17,0,33,1.97,1.97,0.0,48.795907,0.0
2019-02-03,17,0,34,3.14,3.14,0.0,77.776217,0.0
2019-02-03,17,0,35,3.14,3.14,0.0,77.776217,0.0
2019-02-03,17,0,36,7.26,7.26,0.0,-222.454012,0.0
2019-02-03,17,0,37,3.54,3.54,0.0,-110.598828,0.0
2019-02-03,17,0,38,4.55,4.55,0.0,-142.153861,0.0
2019-02-03,17,0,39,3.03,3.03,0.0,-94.665099,0.0
2019-02-03,17,0,40,3.03,3.03,0.0,-94.665099,0.0
2019-02-03,17,0,41,5.98,5.98,0.0,-439.391455,0.0
2019-02-03,17,0,42,48.54,48.54,0.0,-58.28605,0.0
2019-02-03,17,0,43,21.06,21.06,0.0,-560.54771,0.0
2019-02-03,17,0,46,17.57,17.57,0.0,-681.834141,0.0
2019-02-03,17,0,52,132.5,132.5,0.0,-14639.13473,0.0
2019-02-03,17,0,53,210.5,210.5,0.0,-23256.889514,0.0
2019-02-03,17,0,55,623.0,623.0,0.0,-68401.155252,0.0
2019-02-03,17,0,56,97.33,97.33,0.0,-10753.411194,0.0
2019-02-03,17,0,57,92.59,92.59,0.0,-10229.716865,0.0
2019-02-03,17,0,58,178.05,178.05,0.0,-19671.682556,0.0
2019-02-03,17,0,59,175.08,175.08,0.0,-19343.54497,0.0
2019-02-03,17,0,63,95.49,95.49,0.0,23391.505664,0.0
2019-02-03,17,0,64,112.31,112.31,0.0,27511.78135,0.0
2019-02-03,17,0,65,41.4,41.4,0.0,106.246639,0.0
2019-02-03,17,0,67,215.74,215.74,0.0,-105142.905557,0.0
2019-02-03,17,0,68,19.11,19.11,0.0,-6114.369326,0.0
2019-02-03,17,0,69,1.97,1.97,0.0,48.795907,0.0
2019-02-03,17,0,74,6.48,6.48,0.0,-139.871468,0.0
2019-02-03,17,0,77,60.0,60.0,0.0,-10567.982159,0.0
2019-02-03,17,0,78,45.36,45.36,0.0,-7989.394512,0.0
2019-02-03,17,0,79,26.25,26.25,0.0,-4623.492194,0.0
2019-02-03,17,0,80,42.45,42.45,0.0,-7476.847377,0.0
2019-02-03,17,0,81,55.5,55.5,0.0,-9775.383497,0.0
2019-02-03,17,0,82,39.15,39.15,0.0,-6895.608359,0.0
2019-02-03,17,0,83,87.3,87.3,0.0,-15376.414041,0.0
2019-02-03,17,0,84,0.0,0.0,0.0,0.0,0.0
2019-02-03,17,0,86,9.96,9.96,0.0,246.704179,0.0
2019-02-03,17,0,87,50.84,50.84,0.0,1259.28117,0.0
2019-02-03,17,0,88,51.18,51.18,0.0,-9014.488781,0.0
2019-02-03,17,0,89,49.2,49.2,0.0,-8665.74537,0.0
2019-02-03,17,0,90,66.06,66.06,0.0,-11635.348357,0.0
2019-02-03,17,0,91,235.65,235.65,0.0,-41505.749929,0.0
2019-02-03,17,0,92,84.75,84.75,0.0,-14927.274799,0.0
2019-02-03,17,0,95,120.0,120.0,0.0,3049.643213,0.0
2019-02-03,17,0,96,29.88,29.88,0.0,-3322.836504,0.0
2019-02-03,17,0,97,183.75,183.75,0.0,-20434.110029,0.0
2019-02-03,17,0,99,1.32,1.32,0.0,-28.492336,0.0
2019-02-03,17,0,101,6.65,6.65,0.0,-734.718837,0.0
2019-02-03,17,0,102,45.19,45.19,0.0,-14458.83568,0.0
2019-02-03,17,0,103,39.3,39.3,0.0,-12574.291706,0.0
2019-02-03,17,0,104,7.33,7.33,0.0,-2345.281379,0.0
2019-02-03,17,0,106,147.85,147.85,0.0,-16232.922639,0.0
2019-02-03,17,0,109,31.53,31.53,0.0,-1586.274075,0.0
2019-02-03,17,0,110,338.6,338.6,0.0,-338600.0,0.0
2019-02-03,17,0,111,9.91,9.91,0.0,-728.155404,0.0
2019-02-03,17,0,113,45.0,45.0,0.0,-7050.306904,0.0
2019-02-03,17,0,115,45.0,45.0,0.0,-7050.306904,0.0
2019-02-03,17,0,116,75.89,75.89,0.0,-75890.0,0.0
2019-02-03,17,0,117,3.0,3.0,0.0,-470.02046,0.0
2019-02-03,17,0,119,112.31,112.31,0.0,27511.78135,0.0
2019-02-03,17,0,120,66.1,66.1,0.0,16192.046543,0.0
2019-02-03,17,0,123,2.46,2.46,0.0,-270.091239,0.0
2019-02-03,17,0,125,75.89,75.89,0.0,-8332.204931,0.0
2019-02-03,17,0,126,110.89,110.89,0.0,-12174.966462,0.0
2019-02-03,17,0,127,142.3,142.3,0.0,-15623.570453,0.0
2019-02-03,17,0,128,109.23,109.23,0.0,-11992.709772,0.0
2019-02-03,17,0,131,30.0,30.0,0.0,-8257.451884,0.0
2019-02-03,17,0,132,44.1,44.1,0.0,-12138.45427,0.0
2019-02-03,17,0,133,111.85,111.85,0.0,392.230757,0.0
2019-02-03,17,0,134,0.0,0.0,0.0,0.0,0.0
2019-02-03,17,0,135,146.43,146.43,0.0,513.49441,0.0
2019-02-03,17,0,136,42.54,42.54,0.0,107.165168,0.0
2019-02-03,17,0,139,7.72,7.72,0.0,-567.241142,0.0
2019-02-03,17,0,140,250.6,250.6,0.0,-250600.0,0.0
2019-02-03,17,0,141,230.0,230.0,0.0,-112092.649848,0.0
2019-02-03,17,0,142,284.51,284.51,0.0,-138658.607862,0.0
2019-02-03,17,0,143,238.5,238.5,0.0,-26350.442513,0.0
2019-02-03,17,0,145,26.27,26.27,0.0,-2315.494265,0.0
2019-02-03,17,0,146,268.0,268.0,0.0,-268000.0,0.0
2019-02-03,17,0,152,5.59,5.59,0.0,-117.320465,0.0
2019-02-03,17,0,153,6.85,6.85,0.0,-151.3215,0.0
2019-02-03,17,0,154,40.86,40.86,0.0,-3002.263351,0.0
2019-02-03,17,0,157,250.0,250.0,0.0,-121839.836791,0.0
2019-02-03,17,0,158,225.13,225.13,0.0,-109719.209827,0.0
2019-02-03,17,0,159,0.0,0.0,0.0,-0.0,0.0
2019-02-03,17,0,160,1.64,1.64,0.0,-19.170647,0.0
2019-02-03,17,0,161,36.88,36.88,0.0,-11799.996899,0.0
2019-02-03,17,0,162,162.5,162.5,0.0,4271.348026,0.0
2019-02-03,17,0,163,185.4,185.4,0.0,-185400.0,0.0
2019-02-03,17,0,164,10.92,10.92,0.0,-1206.48567,0.0
2019-02-03,17,0,167,3.7,3.7,0.0,61.343446,0.0
2019-02-03,17,0,168,1.85,1.85,0.0,30.671723,0.0
2019-02-03,17,0,169,0.0,0.0,0.0,0.0,0.0
2019-02-03,17,0,170,4.05,4.05,0.0,67.146204,0.0
2019-02-03,17,0,172,4.71,4.71,0.0,512.790633,0.0
2019-02-03,17,0,173,7.17,7.17,0.0,780.617587,0.0
2019-02-03,17,0,188,6.28,6.28,0.0,886.326111,0.0
2019-02-03,17,0,190,5.87,5.87,0.0,190.34976,0.0
2019-02-03,17,0,191,15.17,15.17,0.0,491.926041,0.0
2019-02-03,17,0,192,332.6,332.6,0.0,10785.405497,0.0
2019-02-03,17,0,194,52.95,52.95,0.0,-736.528652,0.0
2019-02-03,17,0,196,4.08,4.08,0.0,1728.085743,0.0
2019-02-03,17,0,198,6.59,6.59,0.0,75.923842,0.0
2019-02-03,17,0,199,130.0,130.0,0.0,6398.294234,0.0
2019-02-03,17,0,200,11.0,11.0,0.0,541.394127,0.0
2019-02-03,17,0,204,133.09,133.09,0.0,-7078.307767,0.0
2019-02-03,17,0,205,166.81,166.81,0.0,-8392.209909,0.0
2019-02-03,17,0,206,539.94,539.94,0.0,-60044.589764,0.0
2019-02-03,17,0,210,1.11,1.11,0.0,11.736671,0.0
2019-02-03,17,0,214,6.0,6.0,0.0,224.404154,0.0
2019-02-03,17,0,217,3.57,3.57,0.0,92.319132,0.0
2019-02-03,17,0,218,4.93,4.93,0.0,127.488326,0.0
2019-02-03,17,0,219,3.36,3.36,0.0,86.888595,0.0
2019-02-03,17,0,221,3.2,3.2,0.0,119.682216,0.0
2019-02-03,17,0,225,3.08,3.08,0.0,14.485909,0.0
2019-02-03,17,0,233,5.63,5.63,0.0,139.452262,0.0
2019-02-03,17,0,236,28.17,28.17,0.0,-234.92031,0.0
2019-02-03,17,0,237,16.02,16.02,0.0,-345.793352,0.0
2019-02-03,17,0,238,63.18,63.18,0.0,-75.865526,0.0
2019-02-03,17,0,240,8.23,8.23,0.0,-252.175829,0.0
2019-02-03,17,0,245,78.0,78.0,0.0,513.723564,0.0
2019-02-03,17,0,247,162.56,162.56,0.0,1070.652597,0.0
2019-02-03,17,0,248,1.63,1.63,0.0,-35.183718,0.0
2019-02-03,17,0,249,150.0,150.0,0.0,987.929931,0.0
2019-02-03,17,0,251,326.4,326.4,0.0,377.08513,0.0
2019-02-03,17,0,252,267.06,267.06,0.0,685.367814,0.0
2019-02-03,17,0,254,11.42,11.42,0.0,-261.185869,0.0
2019-02-03,17,0,255,5.24,5.24,0.0,-119.843604,0.0
2019-02-03,17,0,258,10.05,10.05,0.0,-301.410388,0.0
2019-02-03,17,0,260,3.99,3.99,0.0,-46.640782,0.0
2019-02-03,17,0,265,42.3,42.3,0.0,-3108.069989,0.0
2019-02-03,17,0,266,5.0,5.0,0.0,-367.384159,0.0
2019-02-03,17,0,267,6.14,6.14,0.0,-451.147748,0.0
2019-02-03,17,0,270,578.99,578.99,0.0,-578990.0,0.0
2019-02-03,17,0,272,150.39,150.39,0.0,-23562.125672,0.0
2019-02-03,17,0,273,18.15,18.15,0.0,-18150.0,0.0
2019-02-03,17,0,274,746.39,746.39,0.0,-746390.0,0.0
2019-02-03,17,0,275,1038.99,1038.99,0.0,-1038990.0,0.0
2019-02-03,17,0,276,4.0,4.0,0.0,-3542.152652,0.0
2019-02-03,17,0,277,4.96,4.96,0.0,-815.796665,0.0
2019-02-03,17,0,278,7.94,7.94,0.0,-1305.932564,0.0
2019-02-03,17,0,279,264.6,264.6,0.0,-43520.120474,0.0
2019-02-03,17,0,281,56.1,56.1,0.0,-6198.154403,0.0
2019-02-03,17,0,282,181.02,181.02,0.0,-19999.820142,0.0
2019-02-03,18,0,9,1.11,1.11,0.0,-1.992037,0.0
2019-02-03,18,0,17,18.57,18.57,0.0,152.507991,0.0
2019-02-03,18,0,19,293.27,293.27,0.0,2408.509339,0.0
2019-02-03,18,0,20,357.11,357.11,0.0,2932.801753,0.0
2019-02-03,18,0,21,25.27,25.27,0.0,-45.350239,0.0
2019-02-03,18,0,22,89.82,89.82,0.0,-161.19345,0.0
2019-02-03,18,0,23,94.93,94.93,0.0,-170.363997,0.0
2019-02-03,18,0,24,168.46,168.46,0.0,-302.322963,0.0
2019-02-03,18,0,29,1.65,1.65,0.0,10.861261,0.0
2019-02-03,18,0,30,200.25,200.25,0.0,-371.352707,0.0
2019-02-03,18,0,31,92.34,92.34,0.0,-171.239495,0.0
2019-02-03,18,0,32,1.63,1.63,0.0,161.787649,0.0
2019-02-03,18,0,33,1.09,1.09,0.0,11.078868,0.0
2019-02-03,18,0,34,1.74,1.74,0.0,17.685533,0.0
2019-02-03,18,0,35,1.74,1.74,0.0,17.685533,0.0
2019-02-03,18,0,36,4.08,4.08,0.0,20.503052,0.0
2019-02-03,18,0,37,1.99,1.99,0.0,9.867508,0.0
2019-02-03,18,0,38,2.56,2.56,0.0,12.693879,0.0
2019-02-03,18,0,39,1.7,1.7,0.0,8.429529,0.0
2019-02-03,18,0,40,1.7,1.7,0.0,8.429529,0.0
2019-02-03,18,0,41,4.31,4.31,0.0,5.886209,0.0
2019-02-03,18,0,42,28.74,28.74,0.0,223.872643,0.0
2019-02-03,18,0,43,11.69,11.69,0.0,62.111835,0.0
2019-02-03,18,0,46,9.78,9.78,0.0,41.974867,0.0
2019-02-03,18,0,52,97.89,97.89,0.0,-181.531668,0.0
2019-02-03,18,0,53,155.55,155.55,0.0,-288.458994,0.0
2019-02-03,18,0,55,460.54,460.54,0.0,-826.497787,0.0
2019-02-03,18,0,56,59.07,59.07,0.0,-109.542094,0.0
2019-02-03,18,0,57,56.18,56.18,0.0,-104.182747,0.0
2019-02-03,18,0,58,108.05,108.05,0.0,-200.372834,0.0
2019-02-03,18,0,59,106.25,106.25,0.0,-197.034832,0.0
2019-02-03,18,0,63,170.0,170.0,0.0,26941.412852,0.0
2019-02-03,18,0,64,200.0,200.0,0.0,31695.779826,0.0
2019-02-03,18,0,65,41.4,41.4,0.0,336.748431,0.0
2019-02-03,18,0,67,128.86,128.86,0.0,-69339.438635,0.0
2019-02-03,18,0,68,10.2,10.2,0.0,-3950.105395,0.0
2019-02-03,18,0,69,1.09,1.09,0.0,11.078868,0.0
2019-02-03,18,0,74,3.45,3.45,0.0,20.480935,0.0
2019-02-03,18,0,77,60.0,60.0,0.0,-15678.200847,0.0
2019-02-03,18,0,78,45.36,45.36,0.0,-11852.719841,0.0
2019-02-03,18,0,79,26.25,26.25,0.0,-6859.212871,0.0
2019-02-03,18,0,80,42.45,42.45,0.0,-11092.327099,0.0
2019-02-03,18,0,81,55.5,55.5,0.0,-14502.335784,0.0
2019-02-03,18,0,82,39.15,39.15,0.0,-10230.026053,0.0
2019-02-03,18,0,83,87.3,87.3,0.0,-22811.782233,0.0
2019-02-03,18,0,84,0.0,0.0,0.0,0.0,0.0
2019-02-03,18,0,86,5.51,5.51,0.0,56.004187,0.0
2019-02-03,18,0,87,28.14,28.14,0.0,286.017753,0.0
2019-02-03,18,0,88,51.18,51.18,0.0,-13373.505323,0.0
2019-02-03,18,0,89,49.2,49.2,0.0,-12856.124695,0.0
2019-02-03,18,0,90,66.06,66.06,0.0,-17261.699133,0.0
2019-02-03,18,0,91,235.65,235.65,0.0,-61576.133828,0.0
2019-02-03,18,0,92,84.75,84.75,0.0,-22145.458697,0.0
2019-02-03,18,0,95,120.0,120.0,0.0,3049.643213,0.0
2019-02-03,18,0,96,29.88,29.88,0.0,-57.278796,0.0
2019-02-03,18,0,97,183.75,183.75,0.0,-352.241595,0.0
2019-02-03,18,0,99,0.67,0.67,0.0,3.977457,0.0
2019-02-03,18,0,101,4.03,4.03,0.0,-7.473415,0.0
2019-02-03,18,0,102,24.15,24.15,0.0,-9352.455421,0.0
2019-02-03,18,0,103,21.0,21.0,0.0,-8132.569931,0.0
2019-02-03,18,0,104,3.9,3.9,0.0,-1510.334416,0.0
2019-02-03,18,0,106,88.42,88.42,0.0,-158.680971,0.0
2019-02-03,18,0,109,21.0,21.0,0.0,70.209874,0.0
2019-02-03,18,0,110,338.6,338.6,0.0,-338600.0,0.0
2019-02-03,18,0,111,5.87,5.87,0.0,8.016716,0.0
2019-02-03,18,0,113,45.0,45.0,0.0,-10433.702052,0.0
2019-02-03,18,0,115,45.0,45.0,0.0,-10433.702052,0.0
2019-02-03,18,0,116,42.99,42.99,0.0,-42990.0,0.0
2019-02-03,18,0,117,3.0,3.0,0.0,-695.580137,0.0
2019-02-03,18,0,119,200.0,200.0,0.0,31695.779826,0.0
2019-02-03,18,0,120,117.6,117.6,0.0,18637.118538,0.0
2019-02-03,18,0,123,1.47,1.47,0.0,-2.638103,0.0
2019-02-03,18,0,125,152.35,152.35,0.0,-273.411512,0.0
2019-02-03,18,0,126,66.31,66.31,0.0,-119.001755,0.0
2019-02-03,18,0,127,85.1,85.1,0.0,-152.722807,0.0
2019-02-03,18,0,128,218.77,218.77,0.0,-392.610677,0.0
2019-02-03,18,0,131,30.0,30.0,0.0,-10409.465365,0.0
2019-02-03,18,0,132,44.1,44.1,0.0,-15301.914086,0.0
2019-02-03,18,0,133,139.8,139.8,0.0,1149.156551,0.0
2019-02-03,18,0,134,0.0,0.0,0.0,0.0,0.0
2019-02-03,18,0,135,187.33,187.33,0.0,1539.853338,0.0
2019-02-03,18,0,136,45.9,45.9,0.0,373.153513,0.0
2019-02-03,18,0,139,5.57,5.57,0.0,7.607003,0.0
2019-02-03,18,0,140,250.6,250.6,0.0,-250600.0,0.0
2019-02-03,18,0,141,230.0,230.0,0.0,-123762.772669,0.0
2019-02-03,18,0,142,169.93,169.93,0.0,-91439.165042,0.0
2019-02-03,18,0,143,176.17,176.17,0.0,-326.69766,0.0
2019-02-03,18,0,145,16.59,16.59,0.0,1.25622,0.0
2019-02-03,18,0,146,268.0,268.0,0.0,-268000.0,0.0
2019-02-03,18,0,152,3.19,3.19,0.0,19.056643,0.0
2019-02-03,18,0,153,3.9,3.9,0.0,22.903042,0.0
2019-02-03,18,0,154,24.21,24.21,0.0,33.063831,0.0
2019-02-03,18,0,157,250.0,250.0,0.0,-134524.752901,0.0
2019-02-03,18,0,158,135.18,135.18,0.0,-72740.224389,0.0
2019-02-03,18,0,159,0.0,0.0,0.0,0.0,0.0
2019-02-03,18,0,160,0.9,0.9,0.0,5.847844,0.0
2019-02-03,18,0,161,21.6,21.6,0.0,-8364.929072,0.0
2019-02-03,18,0,162,162.5,162.5,0.0,4256.151928,0.0
2019-02-03,18,0,163,185.4,185.4,0.0,-185400.0,0.0
2019-02-03,18,0,164,6.58,6.58,0.0,-12.202251,0.0
2019-02-03,18,0,167,1.88,1.88,0.0,38.424767,0.0
2019-02-03,18,0,168,0.94,0.94,0.0,19.212384,0.0
2019-02-03,18,0,169,0.0,0.0,0.0,0.0,0.0
2019-02-03,18,0,170,2.06,2.06,0.0,42.103734,0.0
2019-02-03,18,0,172,2.41,2.41,0.0,130.55536,0.0
2019-02-03,18,0,173,3.68,3.68,0.0,199.354242,0.0
2019-02-03,18,0,188,3.26,3.26,0.0,220.298038,0.0
2019-02-03,18,0,190,3.21,3.21,0.0,104.092458,0.0
2019-02-03,18,0,191,8.3,8.3,0.0,269.148724,0.0
2019-02-03,18,0,192,332.6,332.6,0.0,10785.405497,0.0
2019-02-03,18,0,194,98.98,98.98,0.0,-9117.523496,0.0
2019-02-03,18,0,196,2.28,2.28,0.0,725.869486,0.0
2019-02-03,18,0,198,3.53,3.53,0.0,29.017596,0.0
2019-02-03,18,0,199,130.0,130.0,0.0,-2214.339338,0.0
2019-02-03,18,0,200,5.82,5.82,0.0,-99.134269,0.0
2019-02-03,18,0,204,91.23,91.23,0.0,281.652856,0.0
2019-02-03,18,0,205,111.1,111.1,0.0,371.443669,0.0
2019-02-03,18,0,206,539.94,539.94,0.0,-1035.043955,0.0
2019-02-03,18,0,210,0.56,0.56,0.0,3.984672,0.0
2019-02-03,18,0,214,3.16,3.16,0.0,35.769246,0.0
2019-02-03,18,0,217,1.84,1.84,0.0,17.476438,0.0
2019-02-03,18,0,218,2.55,2.55,0.0,24.220064,0.0
2019-02-03,18,0,219,1.73,1.73,0.0,16.431651,0.0
2019-02-03,18,0,221,1.69,1.69,0.0,19.129755,0.0
2019-02-03,18,0,225,1.57,1.57,0.0,10.253856,0.0
2019-02-03,18,0,233,3.12,3.12,0.0,31.71199,0.0
2019-02-03,18,0,236,27.73,27.73,0.0,197.860178,0.0
2019-02-03,18,0,237,8.28,8.28,0.0,49.154243,0.0
2019-02-03,18,0,238,37.41,37.41,0.0,291.408335,0.0
2019-02-03,18,0,240,4.63,4.63,0.0,23.266944,0.0
2019-02-03,18,0,245,78.0,78.0,0.0,663.121963,0.0
2019-02-03,18,0,247,156.22,156.22,0.0,1328.114269,0.0
2019-02-03,18,0,248,0.83,0.83,0.0,4.927297,0.0
2019-02-03,18,0,249,150.0,150.0,0.0,1275.234543,0.0
2019-02-03,18,0,251,326.4,326.4,0.0,2612.833347,0.0
2019-02-03,18,0,252,267.06,267.06,0.0,2172.271402,0.0
2019-02-03,18,0,254,6.28,6.28,0.0,35.233581,0.0
2019-02-03,18,0,255,2.88,2.88,0.0,16.158075,0.0
2019-02-03,18,0,258,5.64,5.64,0.0,28.604784,0.0
2019-02-03,18,0,260,2.19,2.19,0.0,14.229754,0.0
2019-02-03,18,0,265,25.06,25.06,0.0,34.224684,0.0
2019-02-03,18,0,266,3.61,3.61,0.0,4.930212,0.0
2019-02-03,18,0,267,4.43,4.43,0.0,6.050094,0.0
2019-02-03,18,0,270,579.0,579.0,0.0,-579000.0,0.0
2019-02-03,18,0,272,150.39,150.39,0.0,-34869.432258,0.0
2019-02-03,18,0,273,10.28,10.28,0.0,-10280.0,0.0
2019-02-03,18,0,274,746.4,746.4,0.0,-746400.0,0.0
2019-02-03,18,0,275,1039.0,1039.0,0.0,-1039000.0,0.0
2019-02-03,18,0,276,2.28,2.28,0.0,-2044.857351,0.0
2019-02-03,18,0,277,2.84,2.84,0.0,-692.006727,0.0
2019-02-03,18,0,278,4.54,4.54,0.0,-1106.236106,0.0
2019-02-03,18,0,279,264.6,264.6,0.0,-64473.584486,0.0
2019-02-03,18,0,281,41.41,41.41,0.0,-76.792587,0.0
2019-02-03,18,0,282,109.85,109.85,0.0,-203.710836,0.0
2019-02-03,19,0,9,0.13,0.13,0.0,1.474019,0.0
2019-02-03,19,0,17,1.01,1.01,0.0,8.396185,0.0
2019-02-03,19,0,19,575.34,575.34,0.0,4782.832511,0.0
2019-02-03,19,0,20,699.32,699.32,0.0,5813.484951,0.0
2019-02-03,19,0,21,3.04,3.04,0.0,34.469377,0.0
2019-02-03,19,0,22,10.81,10.81,0.0,122.570384,0.0
2019-02-03,19,0,23,108.8,108.8,0.0,1233.640864,0.0
2019-02-03,19,0,24,192.5,192.5,0.0,2182.682595,0.0
2019-02-03,19,0,29,0.0,0.0,0.0,0.0,0.0
2019-02-03,19,0,30,33.69,33.69,0.0,382.644193,0.0
2019-02-03,19,0,31,37.5,37.5,0.0,425.917401,0.0
2019-02-03,19,0,32,0.0,0.0,0.0,0.0,0.0
2019-02-03,19,0,33,0.06,0.06,0.0,0.46683,0.0
2019-02-03,19,0,34,0.1,0.1,0.0,0.778051,0.0
2019-02-03,19,0,35,0.1,0.1,0.0,0.778051,0.0
2019-02-03,19,0,36,0.3,0.3,0.0,2.736246,0.0
2019-02-03,19,0,37,0.14,0.14,0.0,1.278062,0.0
2019-02-03,19,0,38,0.18,0.18,0.0,1.643222,0.0
2019-02-03,19,0,39,0.12,0.12,0.0,1.095482,0.0
2019-02-03,19,0,40,0.12,0.12,0.0,1.095482,0.0
2019-02-03,19,0,41,3.24,3.24,0.0,33.499166,0.0
2019-02-03,19,0,42,4.74,4.74,0.0,39.95105,0.0
2019-02-03,19,0,43,0.75,0.75,0.0,6.73039,0.0
2019-02-03,19,0,46,0.59,0.59,0.0,5.506045,0.0
2019-02-03,19,0,52,39.75,39.75,0.0,451.472445,0.0
2019-02-03,19,0,53,63.15,63.15,0.0,717.244903,0.0
2019-02-03,19,0,55,186.9,186.9,0.0,2119.186374,0.0
2019-02-03,19,0,56,9.94,9.94,0.0,112.896506,0.0
2019-02-03,19,0,57,9.45,9.45,0.0,107.331185,0.0
2019-02-03,19,0,58,18.18,18.18,0.0,206.484756,0.0
2019-02-03,19,0,59,17.87,17.87,0.0,202.963839,0.0
2019-02-03,19,0,63,170.0,170.0,0.0,25110.30289,0.0
2019-02-03,19,0,64,200.0,200.0,0.0,29541.532812,0.0
2019-02-03,19,0,65,41.4,41.4,0.0,345.048214,0.0
2019-02-03,19,0,67,14.18,14.18,0.0,-7719.864668,0.0
2019-02-03,19,0,68,12.55,12.55,0.0,-4965.398958,0.0
2019-02-03,19,0,69,0.06,0.06,0.0,0.46683,0.0
2019-02-03,19,0,74,2.96,2.96,0.0,26.472254,0.0
2019-02-03,19,0,77,60.0,60.0,0.0,-16314.885988,0.0
2019-02-03,19,0,78,45.36,45.36,0.0,-12334.053807,0.0
2019-02-03,19,0,79,26.25,26.25,0.0,-7137.76262,0.0
2019-02-03,19,0,80,42.45,42.45,0.0,-11542.781836,0.0
2019-02-03,19,0,81,55.5,55.5,0.0,-15091.269539,0.0
2019-02-03,19,0,82,39.15,39.15,0.0,-10645.463107,0.0
2019-02-03,19,0,83,87.3,87.3,0.0,-23738.159112,0.0
2019-02-03,19,0,84,0.0,0.0,0.0,0.0,0.0
2019-02-03,19,0,86,0.32,0.32,0.0,2.489762,0.0
2019-02-03,19,0,87,1.61,1.61,0.0,12.526617,0.0
2019-02-03,19,0,88,51.18,51.18,0.0,-13916.597748,0.0
2019-02-03,19,0,89,49.2,49.2,0.0,-13378.20651,0.0
2019-02-03,19,0,90,66.06,66.06,0.0,-17962.689473,0.0
2019-02-03,19,0,91,235.65,235.65,0.0,-64076.714717,0.0
2019-02-03,19,0,92,84.75,84.75,0.0,-23044.776458,0.0
2019-02-03,19,0,95,120.0,120.0,0.0,3049.643213,0.0
2019-02-03,19,0,96,27.07,27.07,0.0,307.998375,0.0
2019-02-03,19,0,97,166.45,166.45,0.0,1893.842982,0.0
2019-02-03,19,0,99,0.57,0.57,0.0,5.097697,0.0
2019-02-03,19,0,101,0.68,0.68,0.0,7.723302,0.0
2019-02-03,19,0,102,35.91,35.91,0.0,-14207.767059,0.0
2019-02-03,19,0,103,30.13,30.13,0.0,-11920.913993,0.0
2019-02-03,19,0,104,4.3,4.3,0.0,-1701.292073,0.0
2019-02-03,19,0,106,10.65,10.65,0.0,120.756206,0.0
2019-02-03,19,0,109,13.61,13.61,0.0,131.736251,0.0
2019-02-03,19,0,110,338.6,338.6,0.0,-338600.0,0.0
2019-02-03,19,0,111,0.85,0.85,0.0,8.788361,0.0
2019-02-03,19,0,113,45.0,45.0,0.0,-10854.89028,0.0
2019-02-03,19,0,115,45.0,45.0,0.0,-10854.89028,0.0
2019-02-03,19,0,116,2.75,2.75,0.0,-2750.0,0.0
2019-02-03,19,0,117,3.0,3.0,0.0,-723.659352,0.0
2019-02-03,19,0,119,200.0,200.0,0.0,29541.532812,0.0
2019-02-03,19,0,120,117.6,117.6,0.0,17370.421293,0.0
2019-02-03,19,0,123,0.18,0.18,0.0,2.04095,0.0
2019-02-03,19,0,125,174.2,174.2,0.0,1975.186016,0.0
2019-02-03,19,0,126,7.98,7.98,0.0,90.482115,0.0
2019-02-03,19,0,127,10.25,10.25,0.0,116.220762,0.0
2019-02-03,19,0,128,249.5,249.5,0.0,2828.983416,0.0
2019-02-03,19,0,131,30.0,30.0,0.0,-10677.523762,0.0
2019-02-03,19,0,132,44.1,44.1,0.0,-15695.95993,0.0
2019-02-03,19,0,133,134.25,134.25,0.0,1115.756274,0.0
2019-02-03,19,0,134,0.0,0.0,0.0,0.0,0.0
2019-02-03,19,0,135,181.91,181.91,0.0,1511.86014,0.0
2019-02-03,19,0,136,45.9,45.9,0.0,382.60749,0.0
2019-02-03,19,0,139,4.18,4.18,0.0,43.218059,0.0
2019-02-03,19,0,140,250.6,250.6,0.0,-250600.0,0.0
2019-02-03,19,0,141,230.0,230.0,0.0,-125216.422681,0.0
2019-02-03,19,0,142,18.7,18.7,0.0,-10180.639583,0.0
2019-02-03,19,0,143,71.55,71.55,0.0,812.650401,0.0
2019-02-03,19,0,145,10.0,10.0,0.0,107.347917,0.0
2019-02-03,19,0,146,268.0,268.0,0.0,-268000.0,0.0
2019-02-03,19,0,152,0.34,0.34,0.0,3.032245,0.0
2019-02-03,19,0,153,0.36,0.36,0.0,3.220431,0.0
2019-02-03,19,0,154,3.49,3.49,0.0,36.083978,0.0
2019-02-03,19,0,157,250.0,250.0,0.0,-136104.807262,0.0
2019-02-03,19,0,158,15.02,15.02,0.0,-8177.17682,0.0
2019-02-03,19,0,159,0.0,0.0,0.0,0.0,0.0
2019-02-03,19,0,160,0.04,0.04,0.0,0.339853,0.0
2019-02-03,19,0,161,1.89,1.89,0.0,-747.777214,0.0
2019-02-03,19,0,162,162.5,162.5,0.0,4254.271559,0.0
2019-02-03,19,0,163,185.4,185.4,0.0,-185400.0,0.0
2019-02-03,19,0,164,1.78,1.78,0.0,20.216879,0.0
2019-02-03,19,0,167,0.0,0.0,0.0,0.0,0.0
2019-02-03,19,0,168,0.0,0.0,0.0,0.0,0.0
2019-02-03,19,0,169,0.0,0.0,0.0,0.0,0.0
2019-02-03,19,0,170,0.0,0.0,0.0,0.0,0.0
2019-02-03,19,0,172,0.0,0.0,0.0,0.0,0.0
2019-02-03,19,0,173,0.0,0.0,0.0,0.0,0.0
2019-02-03,19,0,188,0.0,0.0,0.0,0.0,0.0
2019-02-03,19,0,190,0.07,0.07,0.0,2.269929,0.0
2019-02-03,19,0,191,0.18,0.18,0.0,5.83696,0.0
2019-02-03,19,0,192,279.59,279.59,0.0,9066.420695,0.0
2019-02-03,19,0,194,176.5,176.5,0.0,-17975.284228,0.0
2019-02-03,19,0,196,0.14,0.14,0.0,42.737084,0.0
2019-02-03,19,0,198,0.04,0.04,0.0,0.307385,0.0
2019-02-03,19,0,199,130.0,130.0,0.0,-3260.299009,0.0
2019-02-03,19,0,200,0.0,0.0,0.0,-0.0,0.0
2019-02-03,19,0,204,60.84,60.84,0.0,593.496,0.0
2019-02-03,19,0,205,71.99,71.99,0.0,696.817981,0.0
2019-02-03,19,0,206,489.1,489.1,0.0,5564.905994,0.0
2019-02-03,19,0,210,0.0,0.0,0.0,0.0,0.0
2019-02-03,19,0,214,0.0,0.0,0.0,0.0,0.0
2019-02-03,19,0,217,0.0,0.0,0.0,0.0,0.0
2019-02-03,19,0,218,0.0,0.0,0.0,0.0,0.0
2019-02-03,19,0,219,0.0,0.0,0.0,0.0,0.0
2019-02-03,19,0,221,0.0,0.0,0.0,0.0,0.0
2019-02-03,19,0,225,0.0,0.0,0.0,0.0,0.0
2019-02-03,19,0,233,0.18,0.18,0.0,1.400491,0.0
2019-02-03,19,0,236,28.54,28.54,0.0,245.605154,0.0
2019-02-03,19,0,237,7.11,7.11,0.0,63.587069,0.0
2019-02-03,19,0,238,6.17,6.17,0.0,52.003792,0.0
2019-02-03,19,0,240,0.34,0.34,0.0,3.101079,0.0
2019-02-03,19,0,245,78.0,78.0,0.0,642.267488,0.0
2019-02-03,19,0,247,157.48,157.48,0.0,1296.721591,0.0
2019-02-03,19,0,248,0.71,0.71,0.0,6.349764,0.0
2019-02-03,19,0,249,150.0,150.0,0.0,1235.129786,0.0
2019-02-03,19,0,251,326.4,326.4,0.0,2731.871788,0.0
2019-02-03,19,0,252,267.06,267.06,0.0,2225.811017,0.0
2019-02-03,19,0,254,0.28,0.28,0.0,2.479127,0.0
2019-02-03,19,0,255,0.13,0.13,0.0,1.151023,0.0
2019-02-03,19,0,258,0.39,0.39,0.0,3.547863,0.0
2019-02-03,19,0,260,0.1,0.1,0.0,0.849633,0.0
2019-02-03,19,0,265,3.61,3.61,0.0,37.324688,0.0
2019-02-03,19,0,266,2.71,2.71,0.0,28.019364,0.0
2019-02-03,19,0,267,3.33,3.33,0.0,34.429698,0.0
2019-02-03,19,0,270,579.0,579.0,0.0,-579000.0,0.0
2019-02-03,19,0,272,150.39,150.39,0.0,-36277.043314,0.0
2019-02-03,19,0,273,0.66,0.66,0.0,-660.0,0.0
2019-02-03,19,0,274,746.4,746.4,0.0,-746400.0,0.0
2019-02-03,19,0,275,1039.0,1039.0,0.0,-1039000.0,0.0
2019-02-03,19,0,276,0.18,0.18,0.0,-161.690117,0.0
2019-02-03,19,0,277,0.22,0.22,0.0,-55.775698,0.0
2019-02-03,19,0,278,0.35,0.35,0.0,-88.734064,0.0
2019-02-03,19,0,279,264.6,264.6,0.0,-67082.952561,0.0
2019-02-03,19,0,281,16.83,16.83,0.0,191.151729,0.0
2019-02-03,19,0,282,18.48,18.48,0.0,209.892095,0.0
2019-02-03,20,0,9,0.0,0.0,0.0,0.0,0.0
2019-02-03,20,0,17,0.0,0.0,0.0,0.0,0.0
2019-02-03,20,0,19,525.24,525.24,0.0,3960.411743,0.0
2019-02-03,20,0,20,637.01,637.01,0.0,4803.179278,0.0
2019-02-03,20,0,21,0.0,0.0,0.0,0.0,0.0
2019-02-03,20,0,22,0.0,0.0,0.0,0.0,0.0
2019-02-03,20,0,23,108.8,108.8,0.0,1459.949605,0.0
2019-02-03,20,0,24,192.5,192.5,0.0,2583.090983,0.0
2019-02-03,20,0,29,0.0,0.0,0.0,0.0,0.0
2019-02-03,20,0,30,0.0,0.0,0.0,0.0,0.0
2019-02-03,20,0,31,37.5,37.5,0.0,504.597469,0.0
2019-02-03,20,0,32,0.0,0.0,0.0,0.0,0.0
2019-02-03,20,0,33,0.0,0.0,0.0,0.0,0.0
2019-02-03,20,0,34,0.0,0.0,0.0,0.0,0.0
2019-02-03,20,0,35,0.0,0.0,0.0,0.0,0.0
2019-02-03,20,0,36,0.0,0.0,0.0,0.0,0.0
2019-02-03,20,0,37,0.0,0.0,0.0,0.0,0.0
2019-02-03,20,0,38,0.0,0.0,0.0,0.0,0.0
2019-02-03,20,0,39,0.0,0.0,0.0,0.0,0.0
2019-02-03,20,0,40,0.0,0.0,0.0,0.0,0.0
2019-02-03,20,0,41,8.78,8.78,0.0,100.767698,0.0
2019-02-03,20,0,42,0.0,0.0,0.0,0.0,0.0
2019-02-03,20,0,43,0.0,0.0,0.0,0.0,0.0
2019-02-03,20,0,46,0.0,0.0,0.0,0.0,0.0
2019-02-03,20,0,52,39.75,39.75,0.0,534.873317,0.0
2019-02-03,20,0,53,63.15,63.15,0.0,849.742138,0.0
2019-02-03,20,0,55,186.9,186.9,0.0,2507.946518,0.0
2019-02-03,20,0,56,0.0,0.0,0.0,0.0,0.0
2019-02-03,20,0,57,0.0,0.0,0.0,0.0,0.0
2019-02-03,20,0,58,0.0,0.0,0.0,0.0,0.0
2019-02-03,20,0,59,0.0,0.0,0.0,0.0,0.0
2019-02-03,20,0,63,170.0,170.0,0.0,17989.461148,0.0
2019-02-03,20,0,64,200.0,200.0,0.0,21164.071939,0.0
2019-02-03,20,0,65,40.35,40.35,0.0,305.927992,0.0
2019-02-03,20,0,67,0.0,0.0,0.0,-0.0,0.0
2019-02-03,20,0,68,10.2,10.2,0.0,-4264.266838,0.0
2019-02-03,20,0,69,0.0,0.0,0.0,0.0,0.0
2019-02-03,20,0,74,5.26,5.26,0.0,46.10273,0.0
2019-02-03,20,0,77,84.7,84.7,0.0,-25328.8232,0.0
2019-02-03,20,0,78,64.3,64.3,0.0,-19228.374637,0.0
2019-02-03,20,0,79,37.43,37.43,0.0,-11193.126946,0.0
2019-02-03,20,0,80,60.23,60.23,0.0,-18011.27534,0.0
2019-02-03,20,0,81,78.45,78.45,0.0,-23459.813223,0.0
2019-02-03,20,0,82,55.6,55.6,0.0,-16626.71275,0.0
2019-02-03,20,0,83,122.29,122.29,0.0,-36569.796802,0.0
2019-02-03,20,0,84,0.0,0.0,0.0,0.0,0.0
2019-02-03,20,0,86,0.0,0.0,0.0,0.0,0.0
2019-02-03,20,0,87,0.0,0.0,0.0,0.0,0.0
2019-02-03,20,0,88,95.98,95.98,0.0,-28702.012405,0.0
2019-02-03,20,0,89,92.28,92.28,0.0,-27595.558499,0.0
2019-02-03,20,0,90,123.8,123.8,0.0,-37021.349612,0.0
2019-02-03,20,0,91,440.78,440.78,0.0,-131811.554781,0.0
2019-02-03,20,0,92,158.74,158.74,0.0,-47469.862984,0.0
2019-02-03,20,0,95,120.0,120.0,0.0,3049.643213,0.0
2019-02-03,20,0,96,22.8,22.8,0.0,307.683532,0.0
2019-02-03,20,0,97,164.65,164.65,0.0,2221.933926,0.0
2019-02-03,20,0,99,1.02,1.02,0.0,8.940073,0.0
2019-02-03,20,0,101,0.0,0.0,0.0,0.0,0.0
2019-02-03,20,0,102,24.15,24.15,0.0,-10096.278838,0.0
2019-02-03,20,0,103,21.0,21.0,0.0,-8779.372902,0.0
2019-02-03,20,0,104,3.9,3.9,0.0,-1630.454968,0.0
2019-02-03,20,0,106,0.0,0.0,0.0,0.0,0.0
2019-02-03,20,0,109,17.5,17.5,0.0,178.410069,0.0
2019-02-03,20,0,110,338.6,338.6,0.0,-338600.0,0.0
2019-02-03,20,0,111,0.0,0.0,0.0,0.0,0.0
2019-02-03,20,0,113,45.0,45.0,0.0,-12108.901285,0.0
2019-02-03,20,0,115,45.0,45.0,0.0,-12108.901285,0.0
2019-02-03,20,0,116,0.0,0.0,0.0,-0.0,0.0
2019-02-03,20,0,117,3.0,3.0,0.0,-807.260086,0.0
2019-02-03,20,0,119,200.0,200.0,0.0,21164.071939,0.0
2019-02-03,20,0,120,117.6,117.6,0.0,12444.4743,0.0
2019-02-03,20,0,123,0.0,0.0,0.0,0.0,0.0
2019-02-03,20,0,125,174.2,174.2,0.0,2337.529606,0.0
2019-02-03,20,0,126,0.0,0.0,0.0,0.0,0.0
2019-02-03,20,0,127,0.0,0.0,0.0,0.0,0.0
2019-02-03,20,0,128,249.5,249.5,0.0,3347.954287,0.0
2019-02-03,20,0,131,30.0,30.0,0.0,-11394.216472,0.0
2019-02-03,20,0,132,44.1,44.1,0.0,-16749.498214,0.0
2019-02-03,20,0,133,91.12,91.12,0.0,686.704838,0.0
2019-02-03,20,0,134,0.0,0.0,0.0,0.0,0.0
2019-02-03,20,0,135,121.43,121.43,0.0,915.129154,0.0
2019-02-03,20,0,136,43.9,43.9,0.0,332.944002,0.0
2019-02-03,20,0,139,11.75,11.75,0.0,134.854265,0.0
2019-02-03,20,0,140,250.6,250.6,0.0,-250600.0,0.0
2019-02-03,20,0,141,230.0,230.0,0.0,-129102.965226,0.0
2019-02-03,20,0,142,0.0,0.0,0.0,-0.0,0.0
2019-02-03,20,0,143,71.55,71.55,0.0,962.771971,0.0
2019-02-03,20,0,145,10.91,10.91,0.0,133.598112,0.0
2019-02-03,20,0,146,268.0,268.0,0.0,-268000.0,0.0
2019-02-03,20,0,152,0.0,0.0,0.0,0.0,0.0
2019-02-03,20,0,153,0.0,0.0,0.0,0.0,0.0
2019-02-03,20,0,154,0.0,0.0,0.0,0.0,0.0
2019-02-03,20,0,157,250.0,250.0,0.0,-140329.310028,0.0
2019-02-03,20,0,158,0.0,0.0,0.0,-0.0,0.0
2019-02-03,20,0,159,0.0,0.0,0.0,0.0,0.0
2019-02-03,20,0,160,0.0,0.0,0.0,0.0,0.0
2019-02-03,20,0,161,0.0,0.0,0.0,-0.0,0.0
2019-02-03,20,0,162,162.5,162.5,0.0,4256.364876,0.0
2019-02-03,20,0,163,185.4,185.4,0.0,-185400.0,0.0
2019-02-03,20,0,164,0.0,0.0,0.0,0.0,0.0
2019-02-03,20,0,167,0.0,0.0,0.0,0.0,0.0
2019-02-03,20,0,168,0.0,0.0,0.0,0.0,0.0
2019-02-03,20,0,169,0.0,0.0,0.0,0.0,0.0
2019-02-03,20,0,170,0.0,0.0,0.0,0.0,0.0
2019-02-03,20,0,172,0.0,0.0,0.0,0.0,0.0
2019-02-03,20,0,173,0.0,0.0,0.0,0.0,0.0
2019-02-03,20,0,188,0.0,0.0,0.0,0.0,0.0
2019-02-03,20,0,190,0.0,0.0,0.0,0.0,0.0
2019-02-03,20,0,191,0.0,0.0,0.0,0.0,0.0
2019-02-03,20,0,192,256.54,256.54,0.0,8318.965503,0.0
2019-02-03,20,0,194,176.5,176.5,0.0,-23740.624399,0.0
2019-02-03,20,0,196,0.0,0.0,0.0,0.0,0.0
2019-02-03,20,0,198,0.0,0.0,0.0,0.0,0.0
2019-02-03,20,0,199,130.0,130.0,0.0,-4790.747256,0.0
2019-02-03,20,0,200,0.0,0.0,0.0,-0.0,0.0
2019-02-03,20,0,204,141.29,141.29,0.0,1461.201268,0.0
2019-02-03,20,0,205,92.55,92.55,0.0,943.534392,0.0
2019-02-03,20,0,206,623.71,623.71,0.0,8416.898932,0.0
2019-02-03,20,0,210,0.0,0.0,0.0,0.0,0.0
2019-02-03,20,0,214,0.0,0.0,0.0,0.0,0.0
2019-02-03,20,0,217,0.0,0.0,0.0,0.0,0.0
2019-02-03,20,0,218,0.0,0.0,0.0,0.0,0.0
2019-02-03,20,0,219,0.0,0.0,0.0,0.0,0.0
2019-02-03,20,0,221,0.0,0.0,0.0,0.0,0.0
2019-02-03,20,0,225,0.0,0.0,0.0,0.0,0.0
2019-02-03,20,0,233,0.0,0.0,0.0,0.0,0.0
2019-02-03,20,0,236,42.66,42.66,0.0,345.916408,0.0
2019-02-03,20,0,237,12.62,12.62,0.0,110.611493,0.0
2019-02-03,20,0,238,0.0,0.0,0.0,0.0,0.0
2019-02-03,20,0,240,0.0,0.0,0.0,0.0,0.0
2019-02-03,20,0,245,145.89,145.89,0.0,1077.687012,0.0
2019-02-03,20,0,247,137.79,137.79,0.0,1017.852446,0.0
2019-02-03,20,0,248,1.27,1.27,0.0,11.131268,0.0
2019-02-03,20,0,249,280.44,280.44,0.0,2071.605632,0.0
2019-02-03,20,0,251,326.4,326.4,0.0,2497.046185,0.0
2019-02-03,20,0,252,260.31,260.31,0.0,1973.633599,0.0
2019-02-03,20,0,254,0.0,0.0,0.0,0.0,0.0
2019-02-03,20,0,255,0.0,0.0,0.0,0.0,0.0
2019-02-03,20,0,258,0.0,0.0,0.0,0.0,0.0
2019-02-03,20,0,260,0.0,0.0,0.0,0.0,0.0
2019-02-03,20,0,265,0.0,0.0,0.0,0.0,0.0
2019-02-03,20,0,266,7.16,7.16,0.0,82.175024,0.0
2019-02-03,20,0,267,9.06,9.06,0.0,103.981246,0.0
2019-02-03,20,0,270,579.0,579.0,0.0,-579000.0,0.0
2019-02-03,20,0,272,150.39,150.39,0.0,-40467.948095,0.0
2019-02-03,20,0,273,0.0,0.0,0.0,-0.0,0.0
2019-02-03,20,0,274,746.4,746.4,0.0,-746400.0,0.0
2019-02-03,20,0,275,1039.0,1039.0,0.0,-1039000.0,0.0
2019-02-03,20,0,276,0.0,0.0,0.0,-0.0,0.0
2019-02-03,20,0,277,0.0,0.0,0.0,-0.0,0.0
2019-02-03,20,0,278,0.0,0.0,0.0,-0.0,0.0
2019-02-03,20,0,279,651.99,651.99,0.0,-183271.845221,0.0
2019-02-03,20,0,281,16.83,16.83,0.0,226.463344,0.0
2019-02-03,20,0,282,0.0,0.0,0.0,0.0,0.0
2019-02-03,21,0,9,0.0,0.0,0.0,0.0,0.0
2019-02-03,21,0,17,0.0,0.0,0.0,0.0,0.0
2019-02-03,21,0,19,457.26,457.26,0.0,3651.239821,0.0
2019-02-03,21,0,20,554.57,554.57,0.0,4428.264155,0.0
2019-02-03,21,0,21,0.0,0.0,0.0,0.0,0.0
2019-02-03,21,0,22,0.0,0.0,0.0,0.0,0.0
2019-02-03,21,0,23,108.8,108.8,0.0,1838.682401,0.0
2019-02-03,21,0,24,192.5,192.5,0.0,3253.183476,0.0
2019-02-03,21,0,29,0.0,0.0,0.0,0.0,0.0
2019-02-03,21,0,30,0.0,0.0,0.0,0.0,0.0
2019-02-03,21,0,31,24.51,24.51,0.0,415.596122,0.0
2019-02-03,21,0,32,0.0,0.0,0.0,0.0,0.0
2019-02-03,21,0,33,0.0,0.0,0.0,0.0,0.0
2019-02-03,21,0,34,0.0,0.0,0.0,0.0,0.0
2019-02-03,21,0,35,0.0,0.0,0.0,0.0,0.0
2019-02-03,21,0,36,0.0,0.0,0.0,0.0,0.0
2019-02-03,21,0,37,0.0,0.0,0.0,0.0,0.0
2019-02-03,21,0,38,0.0,0.0,0.0,0.0,0.0
2019-02-03,21,0,39,0.0,0.0,0.0,0.0,0.0
2019-02-03,21,0,40,0.0,0.0,0.0,0.0,0.0
2019-02-03,21,0,41,23.9,23.9,0.0,333.526802,0.0
2019-02-03,21,0,42,0.0,0.0,0.0,0.0,0.0
2019-02-03,21,0,43,0.0,0.0,0.0,0.0,0.0
2019-02-03,21,0,46,0.0,0.0,0.0,0.0,0.0
2019-02-03,21,0,52,25.98,25.98,0.0,440.521716,0.0
2019-02-03,21,0,53,41.27,41.27,0.0,699.781802,0.0
2019-02-03,21,0,55,186.9,186.9,0.0,3158.545411,0.0
2019-02-03,21,0,56,0.0,0.0,0.0,0.0,0.0
2019-02-03,21,0,57,0.0,0.0,0.0,0.0,0.0
2019-02-03,21,0,58,0.0,0.0,0.0,0.0,0.0
2019-02-03,21,0,59,0.0,0.0,0.0,0.0,0.0
2019-02-03,21,0,63,170.0,170.0,0.0,16426.178606,0.0
2019-02-03,21,0,64,200.0,200.0,0.0,19324.916007,0.0
2019-02-03,21,0,65,34.28,34.28,0.0,275.893119,0.0
2019-02-03,21,0,67,0.0,0.0,0.0,-0.0,0.0
2019-02-03,21,0,68,10.2,10.2,0.0,-4319.675556,0.0
2019-02-03,21,0,69,0.0,0.0,0.0,0.0,0.0
2019-02-03,21,0,74,8.96,8.96,0.0,88.185273,0.0
2019-02-03,21,0,77,172.48,172.48,0.0,-52729.093924,0.0
2019-02-03,21,0,78,130.65,130.65,0.0,-39941.188087,0.0
2019-02-03,21,0,79,75.79,75.79,0.0,-23169.863338,0.0
2019-02-03,21,0,80,122.31,122.31,0.0,-37391.555414,0.0
2019-02-03,21,0,81,159.64,159.64,0.0,-48803.76017,0.0
2019-02-03,21,0,82,112.85,112.85,0.0,-34499.526028,0.0
2019-02-03,21,0,83,250.05,250.05,0.0,-76443.123468,0.0
2019-02-03,21,0,84,0.0,0.0,0.0,-0.0,0.0
2019-02-03,21,0,86,0.0,0.0,0.0,0.0,0.0
2019-02-03,21,0,87,0.0,0.0,0.0,0.0,0.0
2019-02-03,21,0,88,170.6,170.6,0.0,-52154.356583,0.0
2019-02-03,21,0,89,164.0,164.0,0.0,-50136.661663,0.0
2019-02-03,21,0,90,220.2,220.2,0.0,-67317.639623,0.0
2019-02-03,21,0,91,785.5,785.5,0.0,-240136.266683,0.0
2019-02-03,21,0,92,282.5,282.5,0.0,-86363.456828,0.0
2019-02-03,21,0,95,120.0,120.0,0.0,3049.643213,0.0
2019-02-03,21,0,96,16.72,16.72,0.0,284.49527,0.0
2019-02-03,21,0,97,102.83,102.83,0.0,1749.679942,0.0
2019-02-03,21,0,99,1.73,1.73,0.0,17.026844,0.0
2019-02-03,21,0,101,0.0,0.0,0.0,0.0,0.0
2019-02-03,21,0,102,24.15,24.15,0.0,-10227.467126,0.0
2019-02-03,21,0,103,21.0,21.0,0.0,-8893.449674,0.0
2019-02-03,21,0,104,3.9,3.9,0.0,-1651.640654,0.0
2019-02-03,21,0,106,0.0,0.0,0.0,0.0,0.0
2019-02-03,21,0,109,30.58,30.58,0.0,367.290593,0.0
2019-02-03,21,0,110,338.6,338.6,0.0,-338600.0,0.0
2019-02-03,21,0,111,0.0,0.0,0.0,0.0,0.0
2019-02-03,21,0,113,84.18,84.18,0.0,-23201.752583,0.0
2019-02-03,21,0,115,84.18,84.18,0.0,-23201.752583,0.0
2019-02-03,21,0,116,0.0,0.0,0.0,-0.0,0.0
2019-02-03,21,0,117,5.66,5.66,0.0,-1560.0133,0.0
2019-02-03,21,0,119,200.0,200.0,0.0,19324.916007,0.0
2019-02-03,21,0,120,117.6,117.6,0.0,11363.050612,0.0
2019-02-03,21,0,123,0.0,0.0,0.0,0.0,0.0
2019-02-03,21,0,125,174.2,174.2,0.0,2943.9198,0.0
2019-02-03,21,0,126,0.0,0.0,0.0,0.0,0.0
2019-02-03,21,0,127,0.0,0.0,0.0,0.0,0.0
2019-02-03,21,0,128,249.5,249.5,0.0,4216.463778,0.0
2019-02-03,21,0,131,30.0,30.0,0.0,-11567.897226,0.0
2019-02-03,21,0,132,44.1,44.1,0.0,-17004.808922,0.0
2019-02-03,21,0,133,71.59,71.59,0.0,571.22292,0.0
2019-02-03,21,0,134,0.0,0.0,0.0,0.0,0.0
2019-02-03,21,0,135,93.08,93.08,0.0,742.693524,0.0
2019-02-03,21,0,136,36.77,36.77,0.0,296.060738,0.0
2019-02-03,21,0,139,31.49,31.49,0.0,439.445983,0.0
2019-02-03,21,0,140,250.6,250.6,0.0,-250600.0,0.0
2019-02-03,21,0,141,230.0,230.0,0.0,-130044.816078,0.0
2019-02-03,21,0,142,0.0,0.0,0.0,-0.0,0.0
2019-02-03,21,0,143,50.09,50.09,0.0,849.335364,0.0
2019-02-03,21,0,145,11.99,11.99,0.0,181.295264,0.0
2019-02-03,21,0,146,268.0,268.0,0.0,-268000.0,0.0
2019-02-03,21,0,152,0.0,0.0,0.0,0.0,0.0
2019-02-03,21,0,153,0.0,0.0,0.0,0.0,0.0
2019-02-03,21,0,154,0.0,0.0,0.0,0.0,0.0
2019-02-03,21,0,157,250.0,250.0,0.0,-141353.060954,0.0
2019-02-03,21,0,158,0.0,0.0,0.0,-0.0,0.0
2019-02-03,21,0,159,0.0,0.0,0.0,0.0,0.0
2019-02-03,21,0,160,0.0,0.0,0.0,0.0,0.0
2019-02-03,21,0,161,0.0,0.0,0.0,-0.0,0.0
2019-02-03,21,0,162,162.5,162.5,0.0,4257.600671,0.0
2019-02-03,21,0,163,185.4,185.4,0.0,-185400.0,0.0
2019-02-03,21,0,164,0.0,0.0,0.0,0.0,0.0
2019-02-03,21,0,167,0.0,0.0,0.0,0.0,0.0
2019-02-03,21,0,168,0.0,0.0,0.0,0.0,0.0
2019-02-03,21,0,169,0.0,0.0,0.0,0.0,0.0
2019-02-03,21,0,170,0.0,0.0,0.0,0.0,0.0
2019-02-03,21,0,172,0.0,0.0,0.0,0.0,0.0
2019-02-03,21,0,173,0.0,0.0,0.0,0.0,0.0
2019-02-03,21,0,188,0.0,0.0,0.0,0.0,0.0
2019-02-03,21,0,190,0.0,0.0,0.0,0.0,0.0
2019-02-03,21,0,191,0.0,0.0,0.0,0.0,0.0
2019-02-03,21,0,192,236.52,236.52,0.0,7669.76581,0.0
2019-02-03,21,0,194,176.5,176.5,0.0,-25047.213046,0.0
2019-02-03,21,0,196,0.0,0.0,0.0,0.0,0.0
2019-02-03,21,0,198,0.0,0.0,0.0,0.0,0.0
2019-02-03,21,0,199,130.0,130.0,0.0,-5289.268273,0.0
2019-02-03,21,0,200,0.0,0.0,0.0,-0.0,0.0
2019-02-03,21,0,204,320.55,320.55,0.0,3921.522611,0.0
2019-02-03,21,0,205,141.94,141.94,0.0,1704.814477,0.0
2019-02-03,21,0,206,302.16,302.16,0.0,5141.333184,0.0
2019-02-03,21,0,210,0.0,0.0,0.0,0.0,0.0
2019-02-03,21,0,214,0.0,0.0,0.0,0.0,0.0
2019-02-03,21,0,217,0.0,0.0,0.0,0.0,0.0
2019-02-03,21,0,218,0.0,0.0,0.0,0.0,0.0
2019-02-03,21,0,219,0.0,0.0,0.0,0.0,0.0
2019-02-03,21,0,221,0.0,0.0,0.0,0.0,0.0
2019-02-03,21,0,225,0.0,0.0,0.0,0.0,0.0
2019-02-03,21,0,233,0.0,0.0,0.0,0.0,0.0
2019-02-03,21,0,236,61.33,61.33,0.0,542.595502,0.0
2019-02-03,21,0,237,21.48,21.48,0.0,211.408445,0.0
2019-02-03,21,0,238,0.0,0.0,0.0,0.0,0.0
2019-02-03,21,0,240,0.0,0.0,0.0,0.0,0.0
2019-02-03,21,0,245,228.1,228.1,0.0,1768.39047,0.0
2019-02-03,21,0,247,119.75,119.75,0.0,928.385615,0.0
2019-02-03,21,0,248,2.16,2.16,0.0,21.25895,0.0
2019-02-03,21,0,249,438.65,438.65,0.0,3400.721086,0.0
2019-02-03,21,0,251,326.4,326.4,0.0,2660.799785,0.0
2019-02-03,21,0,252,221.13,221.13,0.0,1779.703776,0.0
2019-02-03,21,0,254,0.0,0.0,0.0,0.0,0.0
2019-02-03,21,0,255,0.0,0.0,0.0,0.0,0.0
2019-02-03,21,0,258,0.0,0.0,0.0,0.0,0.0
2019-02-03,21,0,260,0.0,0.0,0.0,0.0,0.0
2019-02-03,21,0,265,0.0,0.0,0.0,0.0,0.0
2019-02-03,21,0,266,19.72,19.72,0.0,275.1945,0.0
2019-02-03,21,0,267,24.62,24.62,0.0,343.574472,0.0
2019-02-03,21,0,270,579.0,579.0,0.0,-579000.0,0.0
2019-02-03,21,0,272,281.15,281.15,0.0,-77490.766677,0.0
2019-02-03,21,0,273,0.0,0.0,0.0,-0.0,0.0
2019-02-03,21,0,274,746.4,746.4,0.0,-746400.0,0.0
2019-02-03,21,0,275,1039.0,1039.0,0.0,-1039000.0,0.0
2019-02-03,21,0,276,0.0,0.0,0.0,-0.0,0.0
2019-02-03,21,0,277,0.0,0.0,0.0,-0.0,0.0
2019-02-03,21,0,278,0.0,0.0,0.0,-0.0,0.0
2019-02-03,21,0,279,651.69,651.69,0.0,-187481.139478,0.0
2019-02-03,21,0,281,11.0,11.0,0.0,186.518048,0.0
2019-02-03,21,0,282,0.0,0.0,0.0,0.0,0.0
2019-02-03,22,0,9,0.0,0.0,0.0,0.0,0.0
2019-02-03,22,0,17,0.0,0.0,0.0,0.0,0.0
2019-02-03,22,0,19,400.46,400.46,0.0,3024.615078,0.0
2019-02-03,22,0,20,485.68,485.68,0.0,3668.269119,0.0
2019-02-03,22,0,21,0.0,0.0,0.0,0.0,0.0
2019-02-03,22,0,22,0.0,0.0,0.0,0.0,0.0
2019-02-03,22,0,23,78.34,78.34,0.0,1251.148993,0.0
2019-02-03,22,0,24,138.6,138.6,0.0,2213.546725,0.0
2019-02-03,22,0,29,0.0,0.0,0.0,0.0,0.0
2019-02-03,22,0,30,0.0,0.0,0.0,0.0,0.0
2019-02-03,22,0,31,14.89,14.89,0.0,238.599407,0.0
2019-02-03,22,0,32,0.0,0.0,0.0,0.0,0.0
2019-02-03,22,0,33,0.0,0.0,0.0,0.0,0.0
2019-02-03,22,0,34,0.0,0.0,0.0,0.0,0.0
2019-02-03,22,0,35,0.0,0.0,0.0,0.0,0.0
2019-02-03,22,0,36,0.0,0.0,0.0,0.0,0.0
2019-02-03,22,0,37,0.0,0.0,0.0,0.0,0.0
2019-02-03,22,0,38,0.0,0.0,0.0,0.0,0.0
2019-02-03,22,0,39,0.0,0.0,0.0,0.0,0.0
2019-02-03,22,0,40,0.0,0.0,0.0,0.0,0.0
2019-02-03,22,0,41,35.66,35.66,0.0,470.36482,0.0
2019-02-03,22,0,42,0.0,0.0,0.0,0.0,0.0
2019-02-03,22,0,43,0.0,0.0,0.0,0.0,0.0
2019-02-03,22,0,46,0.0,0.0,0.0,0.0,0.0
2019-02-03,22,0,52,15.78,15.78,0.0,252.860889,0.0
2019-02-03,22,0,53,25.07,25.07,0.0,401.725126,0.0
2019-02-03,22,0,55,245.69,245.69,0.0,3923.854941,0.0
2019-02-03,22,0,56,0.0,0.0,0.0,0.0,0.0
2019-02-03,22,0,57,0.0,0.0,0.0,0.0,0.0
2019-02-03,22,0,58,0.0,0.0,0.0,0.0,0.0
2019-02-03,22,0,59,0.0,0.0,0.0,0.0,0.0
2019-02-03,22,0,63,170.0,170.0,0.0,16250.07299,0.0
2019-02-03,22,0,64,200.0,200.0,0.0,19117.732929,0.0
2019-02-03,22,0,65,28.99,28.99,0.0,220.686796,0.0
2019-02-03,22,0,67,0.0,0.0,0.0,-0.0,0.0
2019-02-03,22,0,68,10.2,10.2,0.0,-4324.30722,0.0
2019-02-03,22,0,69,0.0,0.0,0.0,0.0,0.0
2019-02-03,22,0,74,14.48,14.48,0.0,134.757313,0.0
2019-02-03,22,0,77,200.0,200.0,0.0,-61247.635145,0.0
2019-02-03,22,0,78,151.2,151.2,0.0,-46303.21217,0.0
2019-02-03,22,0,79,87.5,87.5,0.0,-26795.840376,0.0
2019-02-03,22,0,80,141.5,141.5,0.0,-43332.701865,0.0
2019-02-03,22,0,81,185.0,185.0,0.0,-56654.06251,0.0
2019-02-03,22,0,82,130.5,130.5,0.0,-39964.081932,0.0
2019-02-03,22,0,83,291.0,291.0,0.0,-89115.309137,0.0
2019-02-03,22,0,84,0.0,0.0,0.0,-0.0,0.0
2019-02-03,22,0,86,0.0,0.0,0.0,0.0,0.0
2019-02-03,22,0,87,0.0,0.0,0.0,0.0,0.0
2019-02-03,22,0,88,170.6,170.6,0.0,-52244.232779,0.0
2019-02-03,22,0,89,164.0,164.0,0.0,-50223.060819,0.0
2019-02-03,22,0,90,220.2,220.2,0.0,-67433.646295,0.0
2019-02-03,22,0,91,785.5,785.5,0.0,-240550.087034,0.0
2019-02-03,22,0,92,282.5,282.5,0.0,-86512.284643,0.0
2019-02-03,22,0,95,120.0,120.0,0.0,2959.26913,0.0
2019-02-03,22,0,96,12.92,12.92,0.0,207.752653,0.0
2019-02-03,22,0,97,79.47,79.47,0.0,1277.871777,0.0
2019-02-03,22,0,99,2.79,2.79,0.0,25.96498,0.0
2019-02-03,22,0,101,0.0,0.0,0.0,0.0,0.0
2019-02-03,22,0,102,24.15,24.15,0.0,-10238.43327,0.0
2019-02-03,22,0,103,21.0,21.0,0.0,-8902.985453,0.0
2019-02-03,22,0,104,3.9,3.9,0.0,-1653.411584,0.0
2019-02-03,22,0,106,0.0,0.0,0.0,0.0,0.0
2019-02-03,22,0,109,77.76,77.76,0.0,882.911259,0.0
2019-02-03,22,0,110,338.6,338.6,0.0,-338600.0,0.0
2019-02-03,22,0,111,0.0,0.0,0.0,0.0,0.0
2019-02-03,22,0,113,149.99,149.99,0.0,-41432.795143,0.0
2019-02-03,22,0,115,149.99,149.99,0.0,-41432.795143,0.0
2019-02-03,22,0,116,0.0,0.0,0.0,-0.0,0.0
2019-02-03,22,0,117,10.0,10.0,0.0,-2762.370501,0.0
2019-02-03,22,0,119,200.0,200.0,0.0,19117.732929,0.0
2019-02-03,22,0,120,117.6,117.6,0.0,11241.226962,0.0
2019-02-03,22,0,123,0.0,0.0,0.0,0.0,0.0
2019-02-03,22,0,125,125.42,125.42,0.0,2003.052166,0.0
2019-02-03,22,0,126,0.0,0.0,0.0,0.0,0.0
2019-02-03,22,0,127,0.0,0.0,0.0,0.0,0.0
2019-02-03,22,0,128,179.64,179.64,0.0,2868.986534,0.0
2019-02-03,22,0,131,27.0,27.0,0.0,-10424.173818,0.0
2019-02-03,22,0,132,39.68,39.68,0.0,-15319.674707,0.0
2019-02-03,22,0,133,97.68,97.68,0.0,737.213504,0.0
2019-02-03,22,0,134,0.0,0.0,0.0,0.0,0.0
2019-02-03,22,0,135,130.88,130.88,0.0,987.781566,0.0
2019-02-03,22,0,136,30.64,30.64,0.0,233.347802,0.0
2019-02-03,22,0,139,46.05,46.05,0.0,607.411665,0.0
2019-02-03,22,0,140,250.6,250.6,0.0,-250600.0,0.0
2019-02-03,22,0,141,230.0,230.0,0.0,-130123.546222,0.0
2019-02-03,22,0,142,0.0,0.0,0.0,-0.0,0.0
2019-02-03,22,0,143,29.51,29.51,0.0,472.872296,0.0
2019-02-03,22,0,145,32.73,32.73,0.0,467.736905,0.0
2019-02-03,22,0,146,268.0,268.0,0.0,-268000.0,0.0
2019-02-03,22,0,152,0.0,0.0,0.0,0.0,0.0
2019-02-03,22,0,153,0.0,0.0,0.0,0.0,0.0
2019-02-03,22,0,154,0.0,0.0,0.0,0.0,0.0
2019-02-03,22,0,157,250.0,250.0,0.0,-141438.637198,0.0
2019-02-03,22,0,158,0.0,0.0,0.0,-0.0,0.0
2019-02-03,22,0,159,0.0,0.0,0.0,0.0,0.0
2019-02-03,22,0,160,0.0,0.0,0.0,0.0,0.0
2019-02-03,22,0,161,0.0,0.0,0.0,-0.0,0.0
2019-02-03,22,0,162,96.21,96.21,0.0,2447.572314,0.0
2019-02-03,22,0,163,185.4,185.4,0.0,-185400.0,0.0
2019-02-03,22,0,164,0.0,0.0,0.0,0.0,0.0
2019-02-03,22,0,167,0.0,0.0,0.0,0.0,0.0
2019-02-03,22,0,168,0.0,0.0,0.0,0.0,0.0
2019-02-03,22,0,169,0.0,0.0,0.0,0.0,0.0
2019-02-03,22,0,170,0.0,0.0,0.0,0.0,0.0
2019-02-03,22,0,172,0.0,0.0,0.0,0.0,0.0
2019-02-03,22,0,173,0.0,0.0,0.0,0.0,0.0
2019-02-03,22,0,188,0.0,0.0,0.0,0.0,0.0
2019-02-03,22,0,190,0.0,0.0,0.0,0.0,0.0
2019-02-03,22,0,191,0.0,0.0,0.0,0.0,0.0
2019-02-03,22,0,192,219.44,219.44,0.0,7115.903134,0.0
2019-02-03,22,0,194,176.5,176.5,0.0,-25185.418825,0.0
2019-02-03,22,0,196,0.0,0.0,0.0,0.0,0.0
2019-02-03,22,0,198,0.0,0.0,0.0,0.0,0.0
2019-02-03,22,0,199,130.0,130.0,0.0,-5314.92134,0.0
2019-02-03,22,0,200,0.0,0.0,0.0,-0.0,0.0
2019-02-03,22,0,204,404.63,404.63,0.0,4679.4696,0.0
2019-02-03,22,0,205,386.84,386.84,0.0,4392.301842,0.0
2019-02-03,22,0,206,233.5,233.5,0.0,3754.662892,0.0
2019-02-03,22,0,210,0.0,0.0,0.0,0.0,0.0
2019-02-03,22,0,214,0.0,0.0,0.0,0.0,0.0
2019-02-03,22,0,217,0.0,0.0,0.0,0.0,0.0
2019-02-03,22,0,218,0.0,0.0,0.0,0.0,0.0
2019-02-03,22,0,219,0.0,0.0,0.0,0.0,0.0
2019-02-03,22,0,221,0.0,0.0,0.0,0.0,0.0
2019-02-03,22,0,225,0.0,0.0,0.0,0.0,0.0
2019-02-03,22,0,233,0.0,0.0,0.0,0.0,0.0
2019-02-03,22,0,236,84.63,84.63,0.0,708.092631,0.0
2019-02-03,22,0,237,34.74,34.74,0.0,323.305874,0.0
2019-02-03,22,0,238,0.0,0.0,0.0,0.0,0.0
2019-02-03,22,0,240,0.0,0.0,0.0,0.0,0.0
2019-02-03,22,0,245,194.72,194.72,0.0,1427.970364,0.0
2019-02-03,22,0,247,104.11,104.11,0.0,763.486003,0.0
2019-02-03,22,0,248,3.49,3.49,0.0,32.479491,0.0
2019-02-03,22,0,249,374.45,374.45,0.0,2746.012236,0.0
2019-02-03,22,0,251,640.25,640.25,0.0,4936.628799,0.0
2019-02-03,22,0,252,186.98,186.98,0.0,1423.387964,0.0
2019-02-03,22,0,254,0.0,0.0,0.0,0.0,0.0
2019-02-03,22,0,255,0.0,0.0,0.0,0.0,0.0
2019-02-03,22,0,258,0.0,0.0,0.0,0.0,0.0
2019-02-03,22,0,260,0.0,0.0,0.0,0.0,0.0
2019-02-03,22,0,265,0.0,0.0,0.0,0.0,0.0
2019-02-03,22,0,266,29.82,29.82,0.0,393.333677,0.0
2019-02-03,22,0,267,36.64,36.64,0.0,483.291279,0.0
2019-02-03,22,0,270,579.0,579.0,0.0,-579000.0,0.0
2019-02-03,22,0,272,501.3,501.3,0.0,-138477.633209,0.0
2019-02-03,22,0,273,0.0,0.0,0.0,-0.0,0.0
2019-02-03,22,0,274,746.4,746.4,0.0,-746400.0,0.0
2019-02-03,22,0,275,1039.0,1039.0,0.0,-1039000.0,0.0
2019-02-03,22,0,276,0.0,0.0,0.0,-0.0,0.0
2019-02-03,22,0,277,0.0,0.0,0.0,-0.0,0.0
2019-02-03,22,0,278,0.0,0.0,0.0,-0.0,0.0
2019-02-03,22,0,279,264.61,264.61,0.0,-76277.797814,0.0
2019-02-03,22,0,281,6.68,6.68,0.0,107.041238,0.0
2019-02-03,22,0,282,0.0,0.0,0.0,0.0,0.0
2019-02-03,23,0,9,0.0,0.0,0.0,0.0,0.0
2019-02-03,23,0,17,0.0,0.0,0.0,0.0,0.0
2019-02-03,23,0,19,331.01,331.01,0.0,2259.781559,0.0
2019-02-03,23,0,20,401.45,401.45,0.0,2740.670394,0.0
2019-02-03,23,0,21,0.0,0.0,0.0,0.0,0.0
2019-02-03,23,0,22,0.0,0.0,0.0,0.0,0.0
2019-02-03,23,0,23,76.49,76.49,0.0,1026.049083,0.0
2019-02-03,23,0,24,135.34,135.34,0.0,1815.472388,0.0
2019-02-03,23,0,29,0.0,0.0,0.0,0.0,0.0
2019-02-03,23,0,30,0.0,0.0,0.0,0.0,0.0
2019-02-03,23,0,31,14.19,14.19,0.0,190.939682,0.0
2019-02-03,23,0,32,0.0,0.0,0.0,0.0,0.0
2019-02-03,23,0,33,0.0,0.0,0.0,0.0,0.0
2019-02-03,23,0,34,0.0,0.0,0.0,0.0,0.0
2019-02-03,23,0,35,0.0,0.0,0.0,0.0,0.0
2019-02-03,23,0,36,0.0,0.0,0.0,0.0,0.0
2019-02-03,23,0,37,0.0,0.0,0.0,0.0,0.0
2019-02-03,23,0,38,0.0,0.0,0.0,0.0,0.0
2019-02-03,23,0,39,0.0,0.0,0.0,0.0,0.0
2019-02-03,23,0,40,0.0,0.0,0.0,0.0,0.0
2019-02-03,23,0,41,35.57,35.57,0.0,399.748181,0.0
2019-02-03,23,0,42,0.0,0.0,0.0,0.0,0.0
2019-02-03,23,0,43,0.0,0.0,0.0,0.0,0.0
2019-02-03,23,0,46,0.0,0.0,0.0,0.0,0.0
2019-02-03,23,0,52,15.04,15.04,0.0,202.377225,0.0
2019-02-03,23,0,53,23.89,23.89,0.0,321.462228,0.0
2019-02-03,23,0,55,380.98,380.98,0.0,5110.526602,0.0
2019-02-03,23,0,56,0.0,0.0,0.0,0.0,0.0
2019-02-03,23,0,57,0.0,0.0,0.0,0.0,0.0
2019-02-03,23,0,58,0.0,0.0,0.0,0.0,0.0
2019-02-03,23,0,59,0.0,0.0,0.0,0.0,0.0
2019-02-03,23,0,63,170.0,170.0,0.0,15888.299681,0.0
2019-02-03,23,0,64,200.0,200.0,0.0,18692.117272,0.0
2019-02-03,23,0,65,21.47,21.47,0.0,147.576534,0.0
2019-02-03,23,0,67,0.0,0.0,0.0,-0.0,0.0
2019-02-03,23,0,68,10.2,10.2,0.0,-4330.616621,0.0
2019-02-03,23,0,69,0.0,0.0,0.0,0.0,0.0
2019-02-03,23,0,74,14.26,14.26,0.0,116.92003,0.0
2019-02-03,23,0,77,184.93,184.93,0.0,-56756.610245,0.0
2019-02-03,23,0,78,139.81,139.81,0.0,-42908.893518,0.0
2019-02-03,23,0,79,80.91,80.91,0.0,-24831.976072,0.0
2019-02-03,23,0,80,130.84,130.84,0.0,-40155.923238,0.0
2019-02-03,23,0,81,171.06,171.06,0.0,-52499.78775,0.0
2019-02-03,23,0,82,120.67,120.67,0.0,-37034.66262,0.0
2019-02-03,23,0,83,269.08,269.08,0.0,-82582.970231,0.0
2019-02-03,23,0,84,0.0,0.0,0.0,-0.0,0.0
2019-02-03,23,0,86,0.0,0.0,0.0,0.0,0.0
2019-02-03,23,0,87,0.0,0.0,0.0,0.0,0.0
2019-02-03,23,0,88,170.6,170.6,0.0,-52358.609786,0.0
2019-02-03,23,0,89,164.0,164.0,0.0,-50333.012925,0.0
2019-02-03,23,0,90,220.2,220.2,0.0,-67581.27711,0.0
2019-02-03,23,0,91,785.5,785.5,0.0,-241076.717393,0.0
2019-02-03,23,0,92,282.5,282.5,0.0,-86701.683849,0.0
2019-02-03,23,0,95,120.0,120.0,0.0,2691.568394,0.0
2019-02-03,23,0,96,12.89,12.89,0.0,174.009704,0.0
2019-02-03,23,0,97,79.28,79.28,0.0,1070.247424,0.0
2019-02-03,23,0,99,2.75,2.75,0.0,22.547692,0.0
2019-02-03,23,0,101,0.0,0.0,0.0,0.0,0.0
2019-02-03,23,0,102,24.15,24.15,0.0,-10253.371704,0.0
2019-02-03,23,0,103,21.0,21.0,0.0,-8915.975395,0.0
2019-02-03,23,0,104,3.9,3.9,0.0,-1655.824002,0.0
2019-02-03,23,0,106,0.0,0.0,0.0,0.0,0.0
2019-02-03,23,0,109,88.87,88.87,0.0,871.074468,0.0
2019-02-03,23,0,110,338.6,338.6,0.0,-338600.0,0.0
2019-02-03,23,0,111,0.0,0.0,0.0,0.0,0.0
2019-02-03,23,0,113,144.88,144.88,0.0,-40158.487798,0.0
2019-02-03,23,0,115,144.88,144.88,0.0,-40158.487798,0.0
2019-02-03,23,0,116,0.0,0.0,0.0,-0.0,0.0
2019-02-03,23,0,117,9.66,9.66,0.0,-2677.602099,0.0
2019-02-03,23,0,119,200.0,200.0,0.0,18692.117272,0.0
2019-02-03,23,0,120,117.6,117.6,0.0,10990.964956,0.0
2019-02-03,23,0,123,0.0,0.0,0.0,0.0,0.0
2019-02-03,23,0,125,122.47,122.47,0.0,1642.832151,0.0
2019-02-03,23,0,126,0.0,0.0,0.0,0.0,0.0
2019-02-03,23,0,127,0.0,0.0,0.0,0.0,0.0
2019-02-03,23,0,128,175.41,175.41,0.0,2352.977771,0.0
2019-02-03,23,0,131,23.4,23.4,0.0,-9049.710082,0.0
2019-02-03,23,0,132,34.4,34.4,0.0,-13303.847299,0.0
2019-02-03,23,0,133,79.89,79.89,0.0,545.051897,0.0
2019-02-03,23,0,134,0.0,0.0,0.0,0.0,0.0
2019-02-03,23,0,135,107.05,107.05,0.0,730.351803,0.0
2019-02-03,23,0,136,23.44,23.44,0.0,161.177635,0.0
2019-02-03,23,0,139,45.94,45.94,0.0,516.289891,0.0
2019-02-03,23,0,140,250.6,250.6,0.0,-250600.0,0.0
2019-02-03,23,0,141,230.0,230.0,0.0,-130230.794949,0.0
2019-02-03,23,0,142,0.0,0.0,0.0,-0.0,0.0
2019-02-03,23,0,143,27.2,27.2,0.0,366.001364,0.0
2019-02-03,23,0,145,12.87,12.87,0.0,155.720911,0.0
2019-02-03,23,0,146,268.0,268.0,0.0,-268000.0,0.0
2019-02-03,23,0,152,0.0,0.0,0.0,0.0,0.0
2019-02-03,23,0,153,0.0,0.0,0.0,0.0,0.0
2019-02-03,23,0,154,0.0,0.0,0.0,0.0,0.0
2019-02-03,23,0,157,250.0,250.0,0.0,-141555.211901,0.0
2019-02-03,23,0,158,0.0,0.0,0.0,-0.0,0.0
2019-02-03,23,0,159,0.0,0.0,0.0,0.0,0.0
2019-02-03,23,0,160,0.0,0.0,0.0,0.0,0.0
2019-02-03,23,0,161,0.0,0.0,0.0,-0.0,0.0
2019-02-03,23,0,162,48.75,48.75,0.0,1131.605765,0.0
2019-02-03,23,0,163,185.4,185.4,0.0,-185400.0,0.0
2019-02-03,23,0,164,0.0,0.0,0.0,0.0,0.0
2019-02-03,23,0,167,0.0,0.0,0.0,0.0,0.0
2019-02-03,23,0,168,0.0,0.0,0.0,0.0,0.0
2019-02-03,23,0,169,0.0,0.0,0.0,0.0,0.0
2019-02-03,23,0,170,0.0,0.0,0.0,0.0,0.0
2019-02-03,23,0,172,0.0,0.0,0.0,0.0,0.0
2019-02-03,23,0,173,0.0,0.0,0.0,0.0,0.0
2019-02-03,23,0,188,0.0,0.0,0.0,0.0,0.0
2019-02-03,23,0,190,0.0,0.0,0.0,0.0,0.0
2019-02-03,23,0,191,0.0,0.0,0.0,0.0,0.0
2019-02-03,23,0,192,202.91,202.91,0.0,6579.875615,0.0
2019-02-03,23,0,194,176.5,176.5,0.0,-25418.259809,0.0
2019-02-03,23,0,196,0.0,0.0,0.0,0.0,0.0
2019-02-03,23,0,198,0.0,0.0,0.0,0.0,0.0
2019-02-03,23,0,199,95.85,95.85,0.0,-3886.253894,0.0
2019-02-03,23,0,200,0.0,0.0,0.0,-0.0,0.0
2019-02-03,23,0,204,398.6,398.6,0.0,3972.603975,0.0
2019-02-03,23,0,205,470.12,470.12,0.0,4607.961394,0.0
2019-02-03,23,0,206,232.96,232.96,0.0,3144.864277,0.0
2019-02-03,23,0,210,0.0,0.0,0.0,0.0,0.0
2019-02-03,23,0,214,0.0,0.0,0.0,0.0,0.0
2019-02-03,23,0,217,0.0,0.0,0.0,0.0,0.0
2019-02-03,23,0,218,0.0,0.0,0.0,0.0,0.0
2019-02-03,23,0,219,0.0,0.0,0.0,0.0,0.0
2019-02-03,23,0,221,0.0,0.0,0.0,0.0,0.0
2019-02-03,23,0,225,0.0,0.0,0.0,0.0,0.0
2019-02-03,23,0,233,0.0,0.0,0.0,0.0,0.0
2019-02-03,23,0,236,81.64,81.64,0.0,609.357683,0.0
2019-02-03,23,0,237,34.2,34.2,0.0,280.411292,0.0
2019-02-03,23,0,238,0.0,0.0,0.0,0.0,0.0
2019-02-03,23,0,240,0.0,0.0,0.0,0.0,0.0
2019-02-03,23,0,245,149.19,149.19,0.0,992.895931,0.0
2019-02-03,23,0,247,78.79,78.79,0.0,524.366716,0.0
2019-02-03,23,0,248,3.43,3.43,0.0,28.123121,0.0
2019-02-03,23,0,249,286.9,286.9,0.0,1909.389654,0.0
2019-02-03,23,0,251,229.64,229.64,0.0,1596.059805,0.0
2019-02-03,23,0,252,138.47,138.47,0.0,951.789597,0.0
2019-02-03,23,0,254,0.0,0.0,0.0,0.0,0.0
2019-02-03,23,0,255,0.0,0.0,0.0,0.0,0.0
2019-02-03,23,0,258,0.0,0.0,0.0,0.0,0.0
2019-02-03,23,0,260,0.0,0.0,0.0,0.0,0.0
2019-02-03,23,0,265,0.0,0.0,0.0,0.0,0.0
2019-02-03,23,0,266,29.74,29.74,0.0,334.228588,0.0
2019-02-03,23,0,267,36.55,36.55,0.0,410.761765,0.0
2019-02-03,23,0,270,579.0,579.0,0.0,-579000.0,0.0
2019-02-03,23,0,272,484.18,484.18,0.0,-134207.182648,0.0
2019-02-03,23,0,273,0.0,0.0,0.0,-0.0,0.0
2019-02-03,23,0,274,746.4,746.4,0.0,-746400.0,0.0
2019-02-03,23,0,275,1039.0,1039.0,0.0,-1039000.0,0.0
2019-02-03,23,0,276,0.0,0.0,0.0,-0.0,0.0
2019-02-03,23,0,277,0.0,0.0,0.0,-0.0,0.0
2019-02-03,23,0,278,0.0,0.0,0.0,-0.0,0.0
2019-02-03,23,0,279,264.6,264.6,0.0,-76496.221694,0.0
2019-02-03,23,0,281,6.37,6.37,0.0,85.71429,0.0
2019-02-03,23,0,282,0.0,0.0,0.0,0.0,0.0
2019-02-04,0,0,9,0.0,0.0,0.0,0.0,0.0
2019-02-04,0,0,17,0.0,0.0,0.0,0.0,0.0
2019-02-04,0,0,19,277.45,277.45,0.0,1894.131276,0.0
2019-02-04,0,0,20,336.49,336.49,0.0,2297.193127,0.0
2019-02-04,0,0,21,0.0,0.0,0.0,0.0,0.0
2019-02-04,0,0,22,0.0,0.0,0.0,0.0,0.0
2019-02-04,0,0,23,74.86,74.86,0.0,1004.184003,0.0
2019-02-04,0,0,24,132.45,132.45,0.0,1776.705466,0.0
2019-02-04,0,0,29,0.0,0.0,0.0,0.0,0.0
2019-02-04,0,0,30,0.0,0.0,0.0,0.0,0.0
2019-02-04,0,0,31,13.56,13.56,0.0,182.462445,0.0
2019-02-04,0,0,32,0.0,0.0,0.0,0.0,0.0
2019-02-04,0,0,33,0.0,0.0,0.0,0.0,0.0
2019-02-04,0,0,34,0.0,0.0,0.0,0.0,0.0
2019-02-04,0,0,35,0.0,0.0,0.0,0.0,0.0
2019-02-04,0,0,36,0.0,0.0,0.0,0.0,0.0
2019-02-04,0,0,37,0.0,0.0,0.0,0.0,0.0
2019-02-04,0,0,38,0.0,0.0,0.0,0.0,0.0
2019-02-04,0,0,39,0.0,0.0,0.0,0.0,0.0
2019-02-04,0,0,40,0.0,0.0,0.0,0.0,0.0
2019-02-04,0,0,41,35.72,35.72,0.0,401.433933,0.0
2019-02-04,0,0,42,0.0,0.0,0.0,0.0,0.0
2019-02-04,0,0,43,0.0,0.0,0.0,0.0,0.0
2019-02-04,0,0,46,0.0,0.0,0.0,0.0,0.0
2019-02-04,0,0,52,14.37,14.37,0.0,193.36175,0.0
2019-02-04,0,0,53,22.83,22.83,0.0,307.198939,0.0
2019-02-04,0,0,55,339.44,339.44,0.0,4553.302404,0.0
2019-02-04,0,0,56,0.0,0.0,0.0,0.0,0.0
2019-02-04,0,0,57,0.0,0.0,0.0,0.0,0.0
2019-02-04,0,0,58,0.0,0.0,0.0,0.0,0.0
2019-02-04,0,0,59,0.0,0.0,0.0,0.0,0.0
2019-02-04,0,0,63,170.0,170.0,0.0,15877.468654,0.0
2019-02-04,0,0,64,200.0,200.0,0.0,18679.374887,0.0
2019-02-04,0,0,65,15.73,15.73,0.0,108.121979,0.0
2019-02-04,0,0,67,0.0,0.0,0.0,-0.0,0.0
2019-02-04,0,0,68,10.2,10.2,0.0,-4331.048353,0.0
2019-02-04,0,0,69,0.0,0.0,0.0,0.0,0.0
2019-02-04,0,0,74,14.05,14.05,0.0,115.198206,0.0
2019-02-04,0,0,77,170.5,170.5,0.0,-52336.61466,0.0
2019-02-04,0,0,78,128.9,128.9,0.0,-39567.094602,0.0
2019-02-04,0,0,79,74.59,74.59,0.0,-22896.117815,0.0
2019-02-04,0,0,80,120.63,120.63,0.0,-37028.538571,0.0
2019-02-04,0,0,81,157.71,157.71,0.0,-48410.601161,0.0
2019-02-04,0,0,82,111.25,111.25,0.0,-34149.257366,0.0
2019-02-04,0,0,83,248.08,248.08,0.0,-76150.541729,0.0
2019-02-04,0,0,84,0.0,0.0,0.0,-0.0,0.0
2019-02-04,0,0,86,0.0,0.0,0.0,0.0,0.0
2019-02-04,0,0,87,0.0,0.0,0.0,0.0,0.0
2019-02-04,0,0,88,166.17,166.17,0.0,-51007.479519,0.0
2019-02-04,0,0,89,159.74,159.74,0.0,-49033.729183,0.0
2019-02-04,0,0,90,214.49,214.49,0.0,-65839.768201,0.0
2019-02-04,0,0,91,765.12,765.12,0.0,-234860.941984,0.0
2019-02-04,0,0,92,275.17,275.17,0.0,-84466.077747,0.0
2019-02-04,0,0,95,67.44,67.44,0.0,1512.661437,0.0
2019-02-04,0,0,96,12.87,12.87,0.0,173.739712,0.0
2019-02-04,0,0,97,79.14,79.14,0.0,1068.357481,0.0
2019-02-04,0,0,99,2.71,2.71,0.0,22.219725,0.0
2019-02-04,0,0,101,0.0,0.0,0.0,0.0,0.0
2019-02-04,0,0,102,24.15,24.15,0.0,-10254.393895,0.0
2019-02-04,0,0,103,21.0,21.0,0.0,-8916.864257,0.0
2019-02-04,0,0,104,3.9,3.9,0.0,-1655.989076,0.0
2019-02-04,0,0,106,0.0,0.0,0.0,0.0,0.0
2019-02-04,0,0,109,88.15,88.15,0.0,864.017265,0.0
2019-02-04,0,0,110,338.6,338.6,0.0,-338600.0,0.0
2019-02-04,0,0,111,0.0,0.0,0.0,0.0,0.0
2019-02-04,0,0,113,128.2,128.2,0.0,-35541.86096,0.0
2019-02-04,0,0,115,128.2,128.2,0.0,-35541.86096,0.0
2019-02-04,0,0,116,0.0,0.0,0.0,-0.0,0.0
2019-02-04,0,0,117,8.55,8.55,0.0,-2370.381523,0.0
2019-02-04,0,0,119,200.0,200.0,0.0,18679.374887,0.0
2019-02-04,0,0,120,117.6,117.6,0.0,10983.472434,0.0
2019-02-04,0,0,123,0.0,0.0,0.0,0.0,0.0
2019-02-04,0,0,125,119.86,119.86,0.0,1607.821194,0.0
2019-02-04,0,0,126,0.0,0.0,0.0,0.0,0.0
2019-02-04,0,0,127,0.0,0.0,0.0,0.0,0.0
2019-02-04,0,0,128,171.67,171.67,0.0,2302.808814,0.0
2019-02-04,0,0,131,20.24,20.24,0.0,-7828.525496,0.0
2019-02-04,0,0,132,29.75,29.75,0.0,-11506.849481,0.0
2019-02-04,0,0,133,65.74,65.74,0.0,448.513102,0.0
2019-02-04,0,0,134,0.0,0.0,0.0,0.0,0.0
2019-02-04,0,0,135,88.09,88.09,0.0,600.99664,0.0
2019-02-04,0,0,136,17.93,17.93,0.0,123.289889,0.0
2019-02-04,0,0,139,46.12,46.12,0.0,518.312794,0.0
2019-02-04,0,0,140,250.6,250.6,0.0,-250600.0,0.0
2019-02-04,0,0,141,230.0,230.0,0.0,-130238.133647,0.0
2019-02-04,0,0,142,0.0,0.0,0.0,-0.0,0.0
2019-02-04,0,0,143,63.57,63.57,0.0,855.39363,0.0
2019-02-04,0,0,145,12.43,12.43,0.0,150.397119,0.0
2019-02-04,0,0,146,268.0,268.0,0.0,-268000.0,0.0
2019-02-04,0,0,152,0.0,0.0,0.0,0.0,0.0
2019-02-04,0,0,153,0.0,0.0,0.0,0.0,0.0
2019-02-04,0,0,154,0.0,0.0,0.0,0.0,0.0
2019-02-04,0,0,157,250.0,250.0,0.0,-141563.188747,0.0
2019-02-04,0,0,158,0.0,0.0,0.0,-0.0,0.0
2019-02-04,0,0,159,0.0,0.0,0.0,0.0,0.0
2019-02-04,0,0,160,0.0,0.0,0.0,0.0,0.0
2019-02-04,0,0,161,0.0,0.0,0.0,-0.0,0.0
2019-02-04,0,0,162,48.75,48.75,0.0,1131.518557,0.0
2019-02-04,0,0,163,185.4,185.4,0.0,-185400.0,0.0
2019-02-04,0,0,164,0.0,0.0,0.0,0.0,0.0
2019-02-04,0,0,167,0.0,0.0,0.0,0.0,0.0
2019-02-04,0,0,168,0.0,0.0,0.0,0.0,0.0
2019-02-04,0,0,169,0.0,0.0,0.0,0.0,0.0
2019-02-04,0,0,170,0.0,0.0,0.0,0.0,0.0
2019-02-04,0,0,172,0.0,0.0,0.0,0.0,0.0
2019-02-04,0,0,173,0.0,0.0,0.0,0.0,0.0
2019-02-04,0,0,188,0.0,0.0,0.0,0.0,0.0
2019-02-04,0,0,190,0.0,0.0,0.0,0.0,0.0
2019-02-04,0,0,191,0.0,0.0,0.0,0.0,0.0
2019-02-04,0,0,192,188.54,188.54,0.0,6113.891619,0.0
2019-02-04,0,0,194,176.5,176.5,0.0,-25429.354177,0.0
2019-02-04,0,0,196,0.0,0.0,0.0,0.0,0.0
2019-02-04,0,0,198,0.0,0.0,0.0,0.0,0.0
2019-02-04,0,0,199,39.0,39.0,0.0,-1581.959115,0.0
2019-02-04,0,0,200,0.0,0.0,0.0,-0.0,0.0
2019-02-04,0,0,204,397.55,397.55,0.0,3962.139263,0.0
2019-02-04,0,0,205,466.33,466.33,0.0,4570.813062,0.0
2019-02-04,0,0,206,232.55,232.55,0.0,3139.329445,0.0
2019-02-04,0,0,210,0.0,0.0,0.0,0.0,0.0
2019-02-04,0,0,214,0.0,0.0,0.0,0.0,0.0
2019-02-04,0,0,217,0.0,0.0,0.0,0.0,0.0
2019-02-04,0,0,218,0.0,0.0,0.0,0.0,0.0
2019-02-04,0,0,219,0.0,0.0,0.0,0.0,0.0
2019-02-04,0,0,221,0.0,0.0,0.0,0.0,0.0
2019-02-04,0,0,225,0.0,0.0,0.0,0.0,0.0
2019-02-04,0,0,233,0.0,0.0,0.0,0.0,0.0
2019-02-04,0,0,236,79.28,79.28,0.0,591.742738,0.0
2019-02-04,0,0,237,33.72,33.72,0.0,276.475695,0.0
2019-02-04,0,0,238,0.0,0.0,0.0,0.0,0.0
2019-02-04,0,0,240,0.0,0.0,0.0,0.0,0.0
2019-02-04,0,0,245,72.06,72.06,0.0,479.57692,0.0
2019-02-04,0,0,247,60.56,60.56,0.0,403.041608,0.0
2019-02-04,0,0,248,3.38,3.38,0.0,27.713163,0.0
2019-02-04,0,0,249,135.0,135.0,0.0,898.458011,0.0
2019-02-04,0,0,251,166.45,166.45,0.0,1156.872298,0.0
2019-02-04,0,0,252,101.47,101.47,0.0,697.465808,0.0
2019-02-04,0,0,254,0.0,0.0,0.0,0.0,0.0
2019-02-04,0,0,255,0.0,0.0,0.0,0.0,0.0
2019-02-04,0,0,258,0.0,0.0,0.0,0.0,0.0
2019-02-04,0,0,260,0.0,0.0,0.0,0.0,0.0
2019-02-04,0,0,265,0.0,0.0,0.0,0.0,0.0
2019-02-04,0,0,266,29.87,29.87,0.0,335.689574,0.0
2019-02-04,0,0,267,36.7,36.7,0.0,412.447518,0.0
2019-02-04,0,0,270,579.0,579.0,0.0,-579000.0,0.0
2019-02-04,0,0,272,428.44,428.44,0.0,-118779.679484,0.0
2019-02-04,0,0,273,0.0,0.0,0.0,-0.0,0.0
2019-02-04,0,0,274,746.4,746.4,0.0,-746400.0,0.0
2019-02-04,0,0,275,1039.0,1039.0,0.0,-1039000.0,0.0
2019-02-04,0,0,276,0.0,0.0,0.0,-0.0,0.0
2019-02-04,0,0,277,0.0,0.0,0.0,-0.0,0.0
2019-02-04,0,0,278,0.0,0.0,0.0,-0.0,0.0
2019-02-04,0,0,279,264.6,264.6,0.0,-76510.052922,0.0
2019-02-04,0,0,281,6.08,6.08,0.0,81.81207,0.0
2019-02-04,0,0,282,0.0,0.0,0.0,0.0,0.0
2019-02-04,1,0,9,0.0,0.0,0.0,0.0,0.0
2019-02-04,1,0,17,0.0,0.0,0.0,0.0,0.0
2019-02-04,1,0,19,235.56,235.56,0.0,1560.701467,0.0
2019-02-04,1,0,20,285.69,285.69,0.0,1892.837502,0.0
2019-02-04,1,0,21,0.0,0.0,0.0,0.0,0.0
2019-02-04,1,0,22,0.0,0.0,0.0,0.0,0.0
2019-02-04,1,0,23,73.27,73.27,0.0,969.191145,0.0
2019-02-04,1,0,24,129.63,129.63,0.0,1714.702445,0.0
2019-02-04,1,0,29,0.0,0.0,0.0,0.0,0.0
2019-02-04,1,0,30,0.0,0.0,0.0,0.0,0.0
2019-02-04,1,0,31,29.27,29.27,0.0,388.399267,0.0
2019-02-04,1,0,32,0.0,0.0,0.0,0.0,0.0
2019-02-04,1,0,33,0.0,0.0,0.0,0.0,0.0
2019-02-04,1,0,34,0.0,0.0,0.0,0.0,0.0
2019-02-04,1,0,35,0.0,0.0,0.0,0.0,0.0
2019-02-04,1,0,36,0.0,0.0,0.0,0.0,0.0
2019-02-04,1,0,37,0.0,0.0,0.0,0.0,0.0
2019-02-04,1,0,38,0.0,0.0,0.0,0.0,0.0
2019-02-04,1,0,39,0.0,0.0,0.0,0.0,0.0
2019-02-04,1,0,40,0.0,0.0,0.0,0.0,0.0
2019-02-04,1,0,41,35.64,35.64,0.0,393.712367,0.0
2019-02-04,1,0,42,0.0,0.0,0.0,0.0,0.0
2019-02-04,1,0,43,0.0,0.0,0.0,0.0,0.0
2019-02-04,1,0,46,0.0,0.0,0.0,0.0,0.0
2019-02-04,1,0,52,31.16,31.16,0.0,413.478687,0.0
2019-02-04,1,0,53,50.94,50.94,0.0,675.950074,0.0
2019-02-04,1,0,55,251.75,251.75,0.0,3330.065112,0.0
2019-02-04,1,0,56,0.0,0.0,0.0,0.0,0.0
2019-02-04,1,0,57,0.0,0.0,0.0,0.0,0.0
2019-02-04,1,0,58,0.0,0.0,0.0,0.0,0.0
2019-02-04,1,0,59,0.0,0.0,0.0,0.0,0.0
2019-02-04,1,0,63,170.0,170.0,0.0,15876.325981,0.0
2019-02-04,1,0,64,200.0,200.0,0.0,18678.030566,0.0
2019-02-04,1,0,65,11.49,11.49,0.0,76.664588,0.0
2019-02-04,1,0,67,0.0,0.0,0.0,-0.0,0.0
2019-02-04,1,0,68,8.39,8.39,0.0,-3562.626914,0.0
2019-02-04,1,0,69,0.0,0.0,0.0,0.0,0.0
2019-02-04,1,0,74,13.85,13.85,0.0,110.811622,0.0
2019-02-04,1,0,77,157.24,157.24,0.0,-48269.301836,0.0
2019-02-04,1,0,78,118.87,118.87,0.0,-36490.536182,0.0
2019-02-04,1,0,79,68.79,68.79,0.0,-21117.052107,0.0
2019-02-04,1,0,80,111.25,111.25,0.0,-34151.359891,0.0
2019-02-04,1,0,81,145.45,145.45,0.0,-44650.025133,0.0
2019-02-04,1,0,82,102.6,102.6,0.0,-31495.995728,0.0
2019-02-04,1,0,83,228.78,228.78,0.0,-70230.544861,0.0
2019-02-04,1,0,84,0.0,0.0,0.0,-0.0,0.0
2019-02-04,1,0,86,0.0,0.0,0.0,0.0,0.0
2019-02-04,1,0,87,0.0,0.0,0.0,0.0,0.0
2019-02-04,1,0,88,159.6,159.6,0.0,-48993.771133,0.0
2019-02-04,1,0,89,153.43,153.43,0.0,-47099.71369,0.0
2019-02-04,1,0,90,206.0,206.0,0.0,-63237.57427,0.0
2019-02-04,1,0,91,734.85,734.85,0.0,-225583.162388,0.0
2019-02-04,1,0,92,264.28,264.28,0.0,-81128.282174,0.0
2019-02-04,1,0,95,88.63,88.63,0.0,1987.947556,0.0
2019-02-04,1,0,96,12.89,12.89,0.0,171.608306,0.0
2019-02-04,1,0,97,79.29,79.29,0.0,1055.610752,0.0
2019-02-04,1,0,99,2.67,2.67,0.0,21.36224,0.0
2019-02-04,1,0,101,0.0,0.0,0.0,0.0,0.0
2019-02-04,1,0,102,19.87,19.87,0.0,-8437.35361,0.0
2019-02-04,1,0,103,17.28,17.28,0.0,-7337.567709,0.0
2019-02-04,1,0,104,3.21,3.21,0.0,-1363.055113,0.0
2019-02-04,1,0,106,0.0,0.0,0.0,0.0,0.0
2019-02-04,1,0,109,88.21,88.21,0.0,847.432048,0.0
2019-02-04,1,0,110,338.6,338.6,0.0,-338600.0,0.0
2019-02-04,1,0,111,0.0,0.0,0.0,0.0,0.0
2019-02-04,1,0,113,63.61,63.61,0.0,-17636.206904,0.0
2019-02-04,1,0,115,63.61,63.61,0.0,-17636.206904,0.0
2019-02-04,1,0,116,0.0,0.0,0.0,-0.0,0.0
2019-02-04,1,0,117,4.35,4.35,0.0,-1206.060368,0.0
2019-02-04,1,0,119,200.0,200.0,0.0,18678.030566,0.0
2019-02-04,1,0,120,117.6,117.6,0.0,10982.681973,0.0
2019-02-04,1,0,123,0.0,0.0,0.0,0.0,0.0
2019-02-04,1,0,125,117.31,117.31,0.0,1551.73759,0.0
2019-02-04,1,0,126,0.0,0.0,0.0,0.0,0.0
2019-02-04,1,0,127,0.0,0.0,0.0,0.0,0.0
2019-02-04,1,0,128,168.02,168.02,0.0,2222.512572,0.0
2019-02-04,1,0,131,17.33,17.33,0.0,-6703.261878,0.0
2019-02-04,1,0,132,25.48,25.48,0.0,-9855.690285,0.0
2019-02-04,1,0,133,55.25,55.25,0.0,365.814989,0.0
2019-02-04,1,0,134,0.0,0.0,0.0,0.0,0.0
2019-02-04,1,0,135,74.03,74.03,0.0,490.15898,0.0
2019-02-04,1,0,136,13.81,13.81,0.0,92.179772,0.0
2019-02-04,1,0,139,46.02,46.02,0.0,508.379437,0.0
2019-02-04,1,0,140,250.6,250.6,0.0,-250600.0,0.0
2019-02-04,1,0,141,230.0,230.0,0.0,-130240.765118,0.0
2019-02-04,1,0,142,0.0,0.0,0.0,-0.0,0.0
2019-02-04,1,0,143,77.37,77.37,0.0,1026.663864,0.0
2019-02-04,1,0,145,12.03,12.03,0.0,143.277926,0.0
2019-02-04,1,0,146,268.0,268.0,0.0,-268000.0,0.0
2019-02-04,1,0,152,0.0,0.0,0.0,0.0,0.0
2019-02-04,1,0,153,0.0,0.0,0.0,0.0,0.0
2019-02-04,1,0,154,0.0,0.0,0.0,0.0,0.0
2019-02-04,1,0,157,250.0,250.0,0.0,-141566.049042,0.0
2019-02-04,1,0,158,0.0,0.0,0.0,-0.0,0.0
2019-02-04,1,0,159,0.0,0.0,0.0,0.0,0.0
2019-02-04,1,0,160,0.0,0.0,0.0,0.0,0.0
2019-02-04,1,0,161,0.0,0.0,0.0,-0.0,0.0
2019-02-04,1,0,162,48.75,48.75,0.0,1131.51286,0.0
2019-02-04,1,0,163,185.4,185.4,0.0,-185400.0,0.0
2019-02-04,1,0,164,0.0,0.0,0.0,0.0,0.0
2019-02-04,1,0,167,0.0,0.0,0.0,0.0,0.0
2019-02-04,1,0,168,0.0,0.0,0.0,0.0,0.0
2019-02-04,1,0,169,0.0,0.0,0.0,0.0,0.0
2019-02-04,1,0,170,0.0,0.0,0.0,0.0,0.0
2019-02-04,1,0,172,0.0,0.0,0.0,0.0,0.0
2019-02-04,1,0,173,0.0,0.0,0.0,0.0,0.0
2019-02-04,1,0,188,0.0,0.0,0.0,0.0,0.0
2019-02-04,1,0,190,0.0,0.0,0.0,0.0,0.0
2019-02-04,1,0,191,0.0,0.0,0.0,0.0,0.0
2019-02-04,1,0,192,176.0,176.0,0.0,5707.250053,0.0
2019-02-04,1,0,194,176.5,176.5,0.0,-25432.75527,0.0
2019-02-04,1,0,196,0.0,0.0,0.0,0.0,0.0
2019-02-04,1,0,198,0.0,0.0,0.0,0.0,0.0
2019-02-04,1,0,199,95.96,95.96,0.0,-3907.751006,0.0
2019-02-04,1,0,200,0.0,0.0,0.0,-0.0,0.0
2019-02-04,1,0,204,400.52,400.52,0.0,3913.913154,0.0
2019-02-04,1,0,205,466.61,466.61,0.0,4482.714749,0.0
2019-02-04,1,0,206,232.99,232.99,0.0,3101.8634,0.0
2019-02-04,1,0,210,0.0,0.0,0.0,0.0,0.0
2019-02-04,1,0,214,0.0,0.0,0.0,0.0,0.0
2019-02-04,1,0,217,0.0,0.0,0.0,0.0,0.0
2019-02-04,1,0,218,0.0,0.0,0.0,0.0,0.0
2019-02-04,1,0,219,0.0,0.0,0.0,0.0,0.0
2019-02-04,1,0,221,0.0,0.0,0.0,0.0,0.0
2019-02-04,1,0,225,0.0,0.0,0.0,0.0,0.0
2019-02-04,1,0,233,0.0,0.0,0.0,0.0,0.0
2019-02-04,1,0,236,78.11,78.11,0.0,567.38876,0.0
2019-02-04,1,0,237,33.22,33.22,0.0,265.787875,0.0
2019-02-04,1,0,238,0.0,0.0,0.0,0.0,0.0
2019-02-04,1,0,240,0.0,0.0,0.0,0.0,0.0
2019-02-04,1,0,245,26.17,26.17,0.0,168.886032,0.0
2019-02-04,1,0,247,47.74,47.74,0.0,308.086327,0.0
2019-02-04,1,0,248,3.33,3.33,0.0,26.642794,0.0
2019-02-04,1,0,249,50.33,50.33,0.0,324.800688,0.0
2019-02-04,1,0,251,117.81,117.81,0.0,795.113232,0.0
2019-02-04,1,0,252,74.12,74.12,0.0,494.549977,0.0
2019-02-04,1,0,254,0.0,0.0,0.0,0.0,0.0
2019-02-04,1,0,255,0.0,0.0,0.0,0.0,0.0
2019-02-04,1,0,258,0.0,0.0,0.0,0.0,0.0
2019-02-04,1,0,260,0.0,0.0,0.0,0.0,0.0
2019-02-04,1,0,265,0.0,0.0,0.0,0.0,0.0
2019-02-04,1,0,266,29.8,29.8,0.0,329.198332,0.0
2019-02-04,1,0,267,36.62,36.62,0.0,404.538353,0.0
2019-02-04,1,0,270,579.0,579.0,0.0,-579000.0,0.0
2019-02-04,1,0,272,212.17,212.17,0.0,-58825.247898,0.0
2019-02-04,1,0,273,0.0,0.0,0.0,-0.0,0.0
2019-02-04,1,0,274,746.4,746.4,0.0,-746400.0,0.0
2019-02-04,1,0,275,1039.0,1039.0,0.0,-1039000.0,0.0
2019-02-04,1,0,276,0.0,0.0,0.0,-0.0,0.0
2019-02-04,1,0,277,0.0,0.0,0.0,-0.0,0.0
2019-02-04,1,0,278,0.0,0.0,0.0,-0.0,0.0
2019-02-04,1,0,279,264.6,264.6,0.0,-76514.855952,0.0
2019-02-04,1,0,281,12.08,12.08,0.0,160.295974,0.0
2019-02-04,1,0,282,0.0,0.0,0.0,0.0,0.0
2019-02-04,2,0,9,0.0,0.0,0.0,0.0,0.0
2019-02-04,2,0,17,0.0,0.0,0.0,0.0,0.0
2019-02-04,2,0,19,157.13,157.13,0.0,1048.570806,0.0
2019-02-04,2,0,20,190.57,190.57,0.0,1271.724931,0.0
2019-02-04,2,0,21,0.0,0.0,0.0,0.0,0.0
2019-02-04,2,0,22,0.0,0.0,0.0,0.0,0.0
2019-02-04,2,0,23,66.38,66.38,0.0,890.367653,0.0
2019-02-04,2,0,24,117.45,117.45,0.0,1575.379344,0.0
2019-02-04,2,0,29,0.0,0.0,0.0,0.0,0.0
2019-02-04,2,0,30,0.0,0.0,0.0,0.0,0.0
2019-02-04,2,0,31,12.88,12.88,0.0,173.312411,0.0
2019-02-04,2,0,32,0.0,0.0,0.0,0.0,0.0
2019-02-04,2,0,33,0.0,0.0,0.0,0.0,0.0
2019-02-04,2,0,34,0.0,0.0,0.0,0.0,0.0
2019-02-04,2,0,35,0.0,0.0,0.0,0.0,0.0
2019-02-04,2,0,36,0.0,0.0,0.0,0.0,0.0
2019-02-04,2,0,37,0.0,0.0,0.0,0.0,0.0
2019-02-04,2,0,38,0.0,0.0,0.0,0.0,0.0
2019-02-04,2,0,39,0.0,0.0,0.0,0.0,0.0
2019-02-04,2,0,40,0.0,0.0,0.0,0.0,0.0
2019-02-04,2,0,41,34.11,34.11,0.0,381.586827,0.0
2019-02-04,2,0,42,0.0,0.0,0.0,0.0,0.0
2019-02-04,2,0,43,0.0,0.0,0.0,0.0,0.0
2019-02-04,2,0,46,0.0,0.0,0.0,0.0,0.0
2019-02-04,2,0,52,13.65,13.65,0.0,183.673479,0.0
2019-02-04,2,0,53,21.69,21.69,0.0,291.859176,0.0
2019-02-04,2,0,55,286.68,286.68,0.0,3845.293745,0.0
2019-02-04,2,0,56,0.0,0.0,0.0,0.0,0.0
2019-02-04,2,0,57,0.0,0.0,0.0,0.0,0.0
2019-02-04,2,0,58,0.0,0.0,0.0,0.0,0.0
2019-02-04,2,0,59,0.0,0.0,0.0,0.0,0.0
2019-02-04,2,0,63,170.0,170.0,0.0,15874.559536,0.0
2019-02-04,2,0,64,200.0,200.0,0.0,18675.952395,0.0
2019-02-04,2,0,65,7.52,7.52,0.0,50.542214,0.0
2019-02-04,2,0,67,0.0,0.0,0.0,-0.0,0.0
2019-02-04,2,0,68,7.68,7.68,0.0,-3261.42102,0.0
2019-02-04,2,0,69,0.0,0.0,0.0,0.0,0.0
2019-02-04,2,0,74,11.93,11.93,0.0,96.362304,0.0
2019-02-04,2,0,77,164.12,164.12,0.0,-50389.444101,0.0
2019-02-04,2,0,78,124.07,124.07,0.0,-38092.970568,0.0
2019-02-04,2,0,79,71.8,71.8,0.0,-22044.614224,0.0
2019-02-04,2,0,80,116.11,116.11,0.0,-35649.027264,0.0
2019-02-04,2,0,81,151.81,151.81,0.0,-46609.928765,0.0
2019-02-04,2,0,82,107.09,107.09,0.0,-32879.634223,0.0
2019-02-04,2,0,83,238.79,238.79,0.0,-73315.228838,0.0
2019-02-04,2,0,84,0.0,0.0,0.0,-0.0,0.0
2019-02-04,2,0,86,0.0,0.0,0.0,0.0,0.0
2019-02-04,2,0,87,0.0,0.0,0.0,0.0,0.0
2019-02-04,2,0,88,146.38,146.38,0.0,-44942.766436,0.0
2019-02-04,2,0,89,140.72,140.72,0.0,-43204.987655,0.0
2019-02-04,2,0,90,188.94,188.94,0.0,-58009.880383,0.0
2019-02-04,2,0,91,673.98,673.98,0.0,-206930.767335,0.0
2019-02-04,2,0,92,242.39,242.39,0.0,-74420.529829,0.0
2019-02-04,2,0,95,36.0,36.0,0.0,807.470518,0.0
2019-02-04,2,0,96,12.58,12.58,0.0,169.837561,0.0
2019-02-04,2,0,97,77.35,77.35,0.0,1044.271491,0.0
2019-02-04,2,0,99,2.3,2.3,0.0,18.577812,0.0
2019-02-04,2,0,101,0.0,0.0,0.0,0.0,0.0
2019-02-04,2,0,102,18.18,18.18,0.0,-7720.395071,0.0
2019-02-04,2,0,103,15.81,15.81,0.0,-6713.940928,0.0
2019-02-04,2,0,104,2.94,2.94,0.0,-1248.512734,0.0
2019-02-04,2,0,106,0.0,0.0,0.0,0.0,0.0
2019-02-04,2,0,109,79.41,79.41,0.0,771.624232,0.0
2019-02-04,2,0,110,338.6,338.6,0.0,-338600.0,0.0
2019-02-04,2,0,111,0.0,0.0,0.0,0.0,0.0
2019-02-04,2,0,113,64.39,64.39,0.0,-17854.581449,0.0
2019-02-04,2,0,115,64.39,64.39,0.0,-17854.581449,0.0
2019-02-04,2,0,116,0.0,0.0,0.0,-0.0,0.0
2019-02-04,2,0,117,3.44,3.44,0.0,-953.871101,0.0
2019-02-04,2,0,119,200.0,200.0,0.0,18675.952395,0.0
2019-02-04,2,0,120,117.6,117.6,0.0,10981.460008,0.0
2019-02-04,2,0,123,0.0,0.0,0.0,0.0,0.0
2019-02-04,2,0,125,106.29,106.29,0.0,1425.688127,0.0
2019-02-04,2,0,126,0.0,0.0,0.0,0.0,0.0
2019-02-04,2,0,127,0.0,0.0,0.0,0.0,0.0
2019-02-04,2,0,128,152.23,152.23,0.0,2041.890145,0.0
2019-02-04,2,0,131,19.28,19.28,0.0,-7458.272526,0.0
2019-02-04,2,0,132,28.34,28.34,0.0,-10963.041669,0.0
2019-02-04,2,0,133,38.14,38.14,0.0,254.346837,0.0
2019-02-04,2,0,134,0.0,0.0,0.0,0.0,0.0
2019-02-04,2,0,135,51.11,51.11,0.0,340.840766,0.0
2019-02-04,2,0,136,9.22,9.22,0.0,61.992159,0.0
2019-02-04,2,0,139,44.05,44.05,0.0,492.785099,0.0
2019-02-04,2,0,140,250.6,250.6,0.0,-250600.0,0.0
2019-02-04,2,0,141,230.0,230.0,0.0,-130247.082186,0.0
2019-02-04,2,0,142,0.0,0.0,0.0,-0.0,0.0
2019-02-04,2,0,143,38.62,38.62,0.0,519.668114,0.0
2019-02-04,2,0,145,11.85,11.85,0.0,143.006815,0.0
2019-02-04,2,0,146,268.0,268.0,0.0,-268000.0,0.0
2019-02-04,2,0,152,0.0,0.0,0.0,0.0,0.0
2019-02-04,2,0,153,0.0,0.0,0.0,0.0,0.0
2019-02-04,2,0,154,0.0,0.0,0.0,0.0,0.0
2019-02-04,2,0,157,250.0,250.0,0.0,-141572.91542,0.0
2019-02-04,2,0,158,0.0,0.0,0.0,-0.0,0.0
2019-02-04,2,0,159,0.0,0.0,0.0,0.0,0.0
2019-02-04,2,0,160,0.0,0.0,0.0,0.0,0.0
2019-02-04,2,0,161,0.0,0.0,0.0,-0.0,0.0
2019-02-04,2,0,162,48.75,48.75,0.0,1131.504399,0.0
2019-02-04,2,0,163,169.78,169.78,0.0,-169780.0,0.0
2019-02-04,2,0,164,0.0,0.0,0.0,0.0,0.0
2019-02-04,2,0,167,0.0,0.0,0.0,0.0,0.0
2019-02-04,2,0,168,0.0,0.0,0.0,0.0,0.0
2019-02-04,2,0,169,0.0,0.0,0.0,0.0,0.0
2019-02-04,2,0,170,0.0,0.0,0.0,0.0,0.0
2019-02-04,2,0,172,0.0,0.0,0.0,0.0,0.0
2019-02-04,2,0,173,0.0,0.0,0.0,0.0,0.0
2019-02-04,2,0,188,0.0,0.0,0.0,0.0,0.0
2019-02-04,2,0,190,0.0,0.0,0.0,0.0,0.0
2019-02-04,2,0,191,0.0,0.0,0.0,0.0,0.0
2019-02-04,2,0,192,160.65,160.65,0.0,5209.487051,0.0
2019-02-04,2,0,194,176.5,176.5,0.0,-25436.984835,0.0
2019-02-04,2,0,196,0.0,0.0,0.0,0.0,0.0
2019-02-04,2,0,198,0.0,0.0,0.0,0.0,0.0
2019-02-04,2,0,199,36.57,36.57,0.0,-1491.623631,0.0
2019-02-04,2,0,200,0.0,0.0,0.0,-0.0,0.0
2019-02-04,2,0,204,364.42,364.42,0.0,3602.475887,0.0
2019-02-04,2,0,205,389.86,389.86,0.0,3788.256179,0.0
2019-02-04,2,0,206,227.29,227.29,0.0,3068.551613,0.0
2019-02-04,2,0,210,0.0,0.0,0.0,0.0,0.0
2019-02-04,2,0,214,0.0,0.0,0.0,0.0,0.0
2019-02-04,2,0,217,0.0,0.0,0.0,0.0,0.0
2019-02-04,2,0,218,0.0,0.0,0.0,0.0,0.0
2019-02-04,2,0,219,0.0,0.0,0.0,0.0,0.0
2019-02-04,2,0,221,0.0,0.0,0.0,0.0,0.0
2019-02-04,2,0,225,0.0,0.0,0.0,0.0,0.0
2019-02-04,2,0,233,0.0,0.0,0.0,0.0,0.0
2019-02-04,2,0,236,52.69,52.69,0.0,385.957784,0.0
2019-02-04,2,0,237,28.62,28.62,0.0,231.172601,0.0
2019-02-04,2,0,238,0.0,0.0,0.0,0.0,0.0
2019-02-04,2,0,240,0.0,0.0,0.0,0.0,0.0
2019-02-04,2,0,245,17.75,17.75,0.0,115.332504,0.0
2019-02-04,2,0,247,32.15,32.15,0.0,208.898028,0.0
2019-02-04,2,0,248,2.87,2.87,0.0,23.181879,0.0
2019-02-04,2,0,249,34.14,34.14,0.0,221.828264,0.0
2019-02-04,2,0,251,73.26,73.26,0.0,498.129106,0.0
2019-02-04,2,0,252,48.52,48.52,0.0,326.104816,0.0
2019-02-04,2,0,254,0.0,0.0,0.0,0.0,0.0
2019-02-04,2,0,255,0.0,0.0,0.0,0.0,0.0
2019-02-04,2,0,258,0.0,0.0,0.0,0.0,0.0
2019-02-04,2,0,260,0.0,0.0,0.0,0.0,0.0
2019-02-04,2,0,265,0.0,0.0,0.0,0.0,0.0
2019-02-04,2,0,266,28.52,28.52,0.0,319.051783,0.0
2019-02-04,2,0,267,35.05,35.05,0.0,392.102559,0.0
2019-02-04,2,0,270,530.22,530.22,0.0,-530220.0,0.0
2019-02-04,2,0,272,277.77,277.77,0.0,-77022.318513,0.0
2019-02-04,2,0,273,0.0,0.0,0.0,-0.0,0.0
2019-02-04,2,0,274,683.52,683.52,0.0,-683520.0,0.0
2019-02-04,2,0,275,951.47,951.47,0.0,-951470.0,0.0
2019-02-04,2,0,276,0.0,0.0,0.0,-0.0,0.0
2019-02-04,2,0,277,0.0,0.0,0.0,-0.0,0.0
2019-02-04,2,0,278,0.0,0.0,0.0,-0.0,0.0
2019-02-04,2,0,279,233.89,233.89,0.0,-67643.638819,0.0
2019-02-04,2,0,281,5.78,5.78,0.0,77.77529,0.0
2019-02-04,2,0,282,0.0,0.0,0.0,0.0,0.0
2019-02-04,3,0,9,0.0,0.0,0.0,0.0,0.0
2019-02-04,3,0,17,0.0,0.0,0.0,0.0,0.0
2019-02-04,3,0,19,99.04,99.04,0.0,660.920592,0.0
2019-02-04,3,0,20,120.11,120.11,0.0,801.526376,0.0
2019-02-04,3,0,21,0.0,0.0,0.0,0.0,0.0
2019-02-04,3,0,22,0.0,0.0,0.0,0.0,0.0
2019-02-04,3,0,23,59.86,59.86,0.0,802.913644,0.0
2019-02-04,3,0,24,105.92,105.92,0.0,1420.725246,0.0
2019-02-04,3,0,29,0.0,0.0,0.0,0.0,0.0
2019-02-04,3,0,30,0.0,0.0,0.0,0.0,0.0
2019-02-04,3,0,31,12.74,12.74,0.0,171.42858,0.0
2019-02-04,3,0,32,0.0,0.0,0.0,0.0,0.0
2019-02-04,3,0,33,0.0,0.0,0.0,0.0,0.0
2019-02-04,3,0,34,0.0,0.0,0.0,0.0,0.0
2019-02-04,3,0,35,0.0,0.0,0.0,0.0,0.0
2019-02-04,3,0,36,0.0,0.0,0.0,0.0,0.0
2019-02-04,3,0,37,0.0,0.0,0.0,0.0,0.0
2019-02-04,3,0,38,0.0,0.0,0.0,0.0,0.0
2019-02-04,3,0,39,0.0,0.0,0.0,0.0,0.0
2019-02-04,3,0,40,0.0,0.0,0.0,0.0,0.0
2019-02-04,3,0,41,33.52,33.52,0.0,374.986527,0.0
2019-02-04,3,0,42,0.0,0.0,0.0,0.0,0.0
2019-02-04,3,0,43,0.0,0.0,0.0,0.0,0.0
2019-02-04,3,0,46,0.0,0.0,0.0,0.0,0.0
2019-02-04,3,0,52,13.5,13.5,0.0,181.655089,0.0
2019-02-04,3,0,53,21.45,21.45,0.0,288.629752,0.0
2019-02-04,3,0,55,275.81,275.81,0.0,3699.492353,0.0
2019-02-04,3,0,56,0.0,0.0,0.0,0.0,0.0
2019-02-04,3,0,57,0.0,0.0,0.0,0.0,0.0
2019-02-04,3,0,58,0.0,0.0,0.0,0.0,0.0
2019-02-04,3,0,59,0.0,0.0,0.0,0.0,0.0
2019-02-04,3,0,63,160.82,160.82,0.0,15017.333321,0.0
2019-02-04,3,0,64,189.2,189.2,0.0,17667.450965,0.0
2019-02-04,3,0,65,4.63,4.63,0.0,31.118411,0.0
2019-02-04,3,0,67,0.0,0.0,0.0,-0.0,0.0
2019-02-04,3,0,68,7.02,7.02,0.0,-2981.142651,0.0
2019-02-04,3,0,69,0.0,0.0,0.0,0.0,0.0
2019-02-04,3,0,74,10.27,10.27,0.0,82.95397,0.0
2019-02-04,3,0,77,172.01,172.01,0.0,-52811.895441,0.0
2019-02-04,3,0,78,130.04,130.04,0.0,-39925.928046,0.0
2019-02-04,3,0,79,75.25,75.25,0.0,-23103.861008,0.0
2019-02-04,3,0,80,121.7,121.7,0.0,-37365.314082,0.0
2019-02-04,3,0,81,159.11,159.11,0.0,-48851.233554,0.0
2019-02-04,3,0,82,112.24,112.24,0.0,-34460.828698,0.0
2019-02-04,3,0,83,250.28,250.28,0.0,-76842.98117,0.0
2019-02-04,3,0,84,0.0,0.0,0.0,-0.0,0.0
2019-02-04,3,0,86,0.0,0.0,0.0,0.0,0.0
2019-02-04,3,0,87,0.0,0.0,0.0,0.0,0.0
2019-02-04,3,0,88,134.33,134.33,0.0,-41243.078394,0.0
2019-02-04,3,0,89,129.13,129.13,0.0,-39646.532517,0.0
2019-02-04,3,0,90,173.38,173.38,0.0,-53232.523874,0.0
2019-02-04,3,0,91,618.48,618.48,0.0,-189890.710379,0.0
2019-02-04,3,0,92,222.43,222.43,0.0,-68292.249886,0.0
2019-02-04,3,0,95,36.0,36.0,0.0,807.470518,0.0
2019-02-04,3,0,96,12.3,12.3,0.0,166.057393,0.0
2019-02-04,3,0,97,75.62,75.62,0.0,1020.915452,0.0
2019-02-04,3,0,99,1.98,1.98,0.0,15.993073,0.0
2019-02-04,3,0,101,0.0,0.0,0.0,0.0,0.0
2019-02-04,3,0,102,16.62,16.62,0.0,-7057.918926,0.0
2019-02-04,3,0,103,14.45,14.45,0.0,-6136.397623,0.0
2019-02-04,3,0,104,2.68,2.68,0.0,-1138.100043,0.0
2019-02-04,3,0,106,0.0,0.0,0.0,0.0,0.0
2019-02-04,3,0,109,74.86,74.86,0.0,727.412039,0.0
2019-02-04,3,0,110,302.2,302.2,0.0,-302200.0,0.0
2019-02-04,3,0,111,0.0,0.0,0.0,0.0,0.0
2019-02-04,3,0,113,50.64,50.64,0.0,-14041.869927,0.0
2019-02-04,3,0,115,50.64,50.64,0.0,-14041.869927,0.0
2019-02-04,3,0,116,0.0,0.0,0.0,-0.0,0.0
2019-02-04,3,0,117,2.6,2.6,0.0,-720.949088,0.0
2019-02-04,3,0,119,189.2,189.2,0.0,17667.450965,0.0
2019-02-04,3,0,120,111.25,111.25,0.0,10388.49852,0.0
2019-02-04,3,0,123,0.0,0.0,0.0,0.0,0.0
2019-02-04,3,0,125,95.85,95.85,0.0,1285.654407,0.0
2019-02-04,3,0,126,0.0,0.0,0.0,0.0,0.0
2019-02-04,3,0,127,0.0,0.0,0.0,0.0,0.0
2019-02-04,3,0,128,137.28,137.28,0.0,1841.362932,0.0
2019-02-04,3,0,131,21.48,21.48,0.0,-8309.32022,0.0
2019-02-04,3,0,132,31.57,31.57,0.0,-12212.534421,0.0
2019-02-04,3,0,133,14.1,14.1,0.0,94.029638,0.0
2019-02-04,3,0,134,0.0,0.0,0.0,0.0,0.0
2019-02-04,3,0,135,18.86,18.86,0.0,125.772977,0.0
2019-02-04,3,0,136,5.87,5.87,0.0,39.467893,0.0
2019-02-04,3,0,139,43.29,43.29,0.0,484.283018,0.0
2019-02-04,3,0,140,223.66,223.66,0.0,-223660.0,0.0
2019-02-04,3,0,141,215.82,215.82,0.0,-122217.066424,0.0
2019-02-04,3,0,142,0.0,0.0,0.0,-0.0,0.0
2019-02-04,3,0,143,18.14,18.14,0.0,244.090616,0.0
2019-02-04,3,0,145,11.69,11.69,0.0,141.075921,0.0
2019-02-04,3,0,146,268.0,268.0,0.0,-268000.0,0.0
2019-02-04,3,0,152,0.0,0.0,0.0,0.0,0.0
2019-02-04,3,0,153,0.0,0.0,0.0,0.0,0.0
2019-02-04,3,0,154,0.0,0.0,0.0,0.0,0.0
2019-02-04,3,0,157,247.99,247.99,0.0,-140434.66918,0.0
2019-02-04,3,0,158,0.0,0.0,0.0,-0.0,0.0
2019-02-04,3,0,159,0.0,0.0,0.0,0.0,0.0
2019-02-04,3,0,160,0.0,0.0,0.0,0.0,0.0
2019-02-04,3,0,161,0.0,0.0,0.0,-0.0,0.0
2019-02-04,3,0,162,48.75,48.75,0.0,1131.504399,0.0
2019-02-04,3,0,163,144.58,144.58,0.0,-144580.0,0.0
2019-02-04,3,0,164,0.0,0.0,0.0,0.0,0.0
2019-02-04,3,0,167,0.0,0.0,0.0,0.0,0.0
2019-02-04,3,0,168,0.0,0.0,0.0,0.0,0.0
2019-02-04,3,0,169,0.0,0.0,0.0,0.0,0.0
2019-02-04,3,0,170,0.0,0.0,0.0,0.0,0.0
2019-02-04,3,0,172,0.0,0.0,0.0,0.0,0.0
2019-02-04,3,0,173,0.0,0.0,0.0,0.0,0.0
2019-02-04,3,0,188,0.0,0.0,0.0,0.0,0.0
2019-02-04,3,0,190,0.0,0.0,0.0,0.0,0.0
2019-02-04,3,0,191,0.0,0.0,0.0,0.0,0.0
2019-02-04,3,0,192,147.95,147.95,0.0,4797.657076,0.0
2019-02-04,3,0,194,176.5,176.5,0.0,-25436.984835,0.0
2019-02-04,3,0,196,0.0,0.0,0.0,0.0,0.0
2019-02-04,3,0,198,0.0,0.0,0.0,0.0,0.0
2019-02-04,3,0,199,31.81,31.81,0.0,-1297.471908,0.0
2019-02-04,3,0,200,0.0,0.0,0.0,-0.0,0.0
2019-02-04,3,0,204,329.91,329.91,0.0,3261.327095,0.0
2019-02-04,3,0,205,396.03,396.03,0.0,3848.209856,0.0
2019-02-04,3,0,206,222.19,222.19,0.0,2999.698548,0.0
2019-02-04,3,0,210,0.0,0.0,0.0,0.0,0.0
2019-02-04,3,0,214,0.0,0.0,0.0,0.0,0.0
2019-02-04,3,0,217,0.0,0.0,0.0,0.0,0.0
2019-02-04,3,0,218,0.0,0.0,0.0,0.0,0.0
2019-02-04,3,0,219,0.0,0.0,0.0,0.0,0.0
2019-02-04,3,0,221,0.0,0.0,0.0,0.0,0.0
2019-02-04,3,0,225,0.0,0.0,0.0,0.0,0.0
2019-02-04,3,0,233,0.0,0.0,0.0,0.0,0.0
2019-02-04,3,0,236,33.58,33.58,0.0,245.975752,0.0
2019-02-04,3,0,237,24.64,24.64,0.0,199.024909,0.0
2019-02-04,3,0,238,0.0,0.0,0.0,0.0,0.0
2019-02-04,3,0,240,0.0,0.0,0.0,0.0,0.0
2019-02-04,3,0,245,11.38,11.38,0.0,73.942755,0.0
2019-02-04,3,0,247,20.39,20.39,0.0,132.486184,0.0
2019-02-04,3,0,248,2.47,2.47,0.0,19.950955,0.0
2019-02-04,3,0,249,21.89,21.89,0.0,142.232592,0.0
2019-02-04,3,0,251,42.85,42.85,0.0,291.35725,0.0
2019-02-04,3,0,252,29.88,29.88,0.0,200.824647,0.0
2019-02-04,3,0,254,0.0,0.0,0.0,0.0,0.0
2019-02-04,3,0,255,0.0,0.0,0.0,0.0,0.0
2019-02-04,3,0,258,0.0,0.0,0.0,0.0,0.0
2019-02-04,3,0,260,0.0,0.0,0.0,0.0,0.0
2019-02-04,3,0,265,0.0,0.0,0.0,0.0,0.0
2019-02-04,3,0,266,28.03,28.03,0.0,313.570178,0.0
2019-02-04,3,0,267,34.45,34.45,0.0,385.39039,0.0
2019-02-04,3,0,270,451.52,451.52,0.0,-451520.0,0.0
2019-02-04,3,0,272,206.87,206.87,0.0,-57362.591464,0.0
2019-02-04,3,0,273,0.0,0.0,0.0,-0.0,0.0
2019-02-04,3,0,274,582.06,582.06,0.0,-582060.0,0.0
2019-02-04,3,0,275,810.24,810.24,0.0,-810240.0,0.0
2019-02-04,3,0,276,0.0,0.0,0.0,-0.0,0.0
2019-02-04,3,0,277,0.0,0.0,0.0,-0.0,0.0
2019-02-04,3,0,278,0.0,0.0,0.0,-0.0,0.0
2019-02-04,3,0,279,198.91,198.91,0.0,-57527.026369,0.0
2019-02-04,3,0,281,5.72,5.72,0.0,76.967934,0.0
2019-02-04,3,0,282,0.0,0.0,0.0,0.0,0.0
2019-02-04,4,0,9,0.0,0.0,0.0,0.0,0.0
2019-02-04,4,0,17,0.0,0.0,0.0,0.0,0.0
2019-02-04,4,0,19,57.92,57.92,0.0,422.593158,0.0
2019-02-04,4,0,20,70.24,70.24,0.0,512.481758,0.0
2019-02-04,4,0,21,0.0,0.0,0.0,0.0,0.0
2019-02-04,4,0,22,0.0,0.0,0.0,0.0,0.0
2019-02-04,4,0,23,48.65,48.65,0.0,727.606713,0.0
2019-02-04,4,0,24,80.4,80.4,0.0,1202.45796,0.0
2019-02-04,4,0,29,0.0,0.0,0.0,0.0,0.0
2019-02-04,4,0,30,0.0,0.0,0.0,0.0,0.0
2019-02-04,4,0,31,12.66,12.66,0.0,189.957212,0.0
2019-02-04,4,0,32,0.0,0.0,0.0,0.0,0.0
2019-02-04,4,0,33,0.0,0.0,0.0,0.0,0.0
2019-02-04,4,0,34,0.0,0.0,0.0,0.0,0.0
2019-02-04,4,0,35,0.0,0.0,0.0,0.0,0.0
2019-02-04,4,0,36,0.0,0.0,0.0,0.0,0.0
2019-02-04,4,0,37,0.0,0.0,0.0,0.0,0.0
2019-02-04,4,0,38,0.0,0.0,0.0,0.0,0.0
2019-02-04,4,0,39,0.0,0.0,0.0,0.0,0.0
2019-02-04,4,0,40,0.0,0.0,0.0,0.0,0.0
2019-02-04,4,0,41,33.74,33.74,0.0,419.24861,0.0
2019-02-04,4,0,42,0.0,0.0,0.0,0.0,0.0
2019-02-04,4,0,43,0.0,0.0,0.0,0.0,0.0
2019-02-04,4,0,46,0.0,0.0,0.0,0.0,0.0
2019-02-04,4,0,52,13.42,13.42,0.0,201.360646,0.0
2019-02-04,4,0,53,21.32,21.32,0.0,319.896347,0.0
2019-02-04,4,0,55,265.0,265.0,0.0,3963.325365,0.0
2019-02-04,4,0,56,0.0,0.0,0.0,0.0,0.0
2019-02-04,4,0,57,0.0,0.0,0.0,0.0,0.0
2019-02-04,4,0,58,0.0,0.0,0.0,0.0,0.0
2019-02-04,4,0,59,0.0,0.0,0.0,0.0,0.0
2019-02-04,4,0,63,149.72,149.72,0.0,13971.660947,0.0
2019-02-04,4,0,64,176.14,176.14,0.0,16437.138386,0.0
2019-02-04,4,0,65,2.71,2.71,0.0,19.919698,0.0
2019-02-04,4,0,67,0.0,0.0,0.0,-0.0,0.0
2019-02-04,4,0,68,6.38,6.38,0.0,-2710.804514,0.0
2019-02-04,4,0,69,0.0,0.0,0.0,0.0,0.0
2019-02-04,4,0,74,8.71,8.71,0.0,77.44773,0.0
2019-02-04,4,0,77,181.8,181.8,0.0,-55874.223635,0.0
2019-02-04,4,0,78,137.44,137.44,0.0,-42240.667197,0.0
2019-02-04,4,0,79,79.54,79.54,0.0,-24445.741188,0.0
2019-02-04,4,0,80,128.62,128.62,0.0,-39529.937535,0.0
2019-02-04,4,0,81,168.16,168.16,0.0,-51682.120167,0.0
2019-02-04,4,0,82,118.62,118.62,0.0,-36456.547896,0.0
2019-02-04,4,0,83,264.52,264.52,0.0,-81297.302728,0.0
2019-02-04,4,0,84,0.0,0.0,0.0,-0.0,0.0
2019-02-04,4,0,86,0.0,0.0,0.0,0.0,0.0
2019-02-04,4,0,87,0.0,0.0,0.0,0.0,0.0
2019-02-04,4,0,88,123.38,123.38,0.0,-37919.481365,0.0
2019-02-04,4,0,89,118.61,118.61,0.0,-36453.474507,0.0
2019-02-04,4,0,90,159.26,159.26,0.0,-48946.803389,0.0
2019-02-04,4,0,91,568.1,568.1,0.0,-174599.265385,0.0
2019-02-04,4,0,92,204.31,204.31,0.0,-62792.423712,0.0
2019-02-04,4,0,95,84.17,84.17,0.0,1887.910931,0.0
2019-02-04,4,0,96,12.01,12.01,0.0,180.813961,0.0
2019-02-04,4,0,97,73.86,73.86,0.0,1111.983278,0.0
2019-02-04,4,0,99,1.68,1.68,0.0,14.938253,0.0
2019-02-04,4,0,101,0.0,0.0,0.0,0.0,0.0
2019-02-04,4,0,102,15.11,15.11,0.0,-6420.102853,0.0
2019-02-04,4,0,103,13.14,13.14,0.0,-5583.067603,0.0
2019-02-04,4,0,104,2.44,2.44,0.0,-1036.734015,0.0
2019-02-04,4,0,106,0.0,0.0,0.0,0.0,0.0
2019-02-04,4,0,109,68.73,68.73,0.0,739.208669,0.0
2019-02-04,4,0,110,235.88,235.88,0.0,-235880.0,0.0
2019-02-04,4,0,111,0.0,0.0,0.0,0.0,0.0
2019-02-04,4,0,113,26.62,26.62,0.0,-7386.698154,0.0
2019-02-04,4,0,115,26.62,26.62,0.0,-7386.698154,0.0
2019-02-04,4,0,116,0.0,0.0,0.0,-0.0,0.0
2019-02-04,4,0,117,1.77,1.77,0.0,-491.151605,0.0
2019-02-04,4,0,119,176.14,176.14,0.0,16437.138386,0.0
2019-02-04,4,0,120,103.57,103.57,0.0,9665.007509,0.0
2019-02-04,4,0,123,0.0,0.0,0.0,0.0,0.0
2019-02-04,4,0,125,73.77,73.77,0.0,1103.300046,0.0
2019-02-04,4,0,126,0.0,0.0,0.0,0.0,0.0
2019-02-04,4,0,127,0.0,0.0,0.0,0.0,0.0
2019-02-04,4,0,128,100.19,100.19,0.0,1498.436107,0.0
2019-02-04,4,0,131,23.85,23.85,0.0,-9231.895342,0.0
2019-02-04,4,0,132,35.06,35.06,0.0,-13571.079693,0.0
2019-02-04,4,0,133,12.13,12.13,0.0,88.440287,0.0
2019-02-04,4,0,134,0.0,0.0,0.0,0.0,0.0
2019-02-04,4,0,135,16.74,16.74,0.0,122.051971,0.0
2019-02-04,4,0,136,3.56,3.56,0.0,26.178184,0.0
2019-02-04,4,0,139,43.57,43.57,0.0,541.394841,0.0
2019-02-04,4,0,140,174.58,174.58,0.0,-174580.0,0.0
2019-02-04,4,0,141,195.74,195.74,0.0,-110879.39464,0.0
2019-02-04,4,0,142,0.0,0.0,0.0,-0.0,0.0
2019-02-04,4,0,143,16.17,16.17,0.0,242.623074,0.0
2019-02-04,4,0,145,11.54,11.54,0.0,154.950555,0.0
2019-02-04,4,0,146,268.0,268.0,0.0,-268000.0,0.0
2019-02-04,4,0,152,0.0,0.0,0.0,0.0,0.0
2019-02-04,4,0,153,0.0,0.0,0.0,0.0,0.0
2019-02-04,4,0,154,0.0,0.0,0.0,0.0,0.0
2019-02-04,4,0,157,224.19,224.19,0.0,-126995.256382,0.0
2019-02-04,4,0,158,0.0,0.0,0.0,-0.0,0.0
2019-02-04,4,0,159,0.0,0.0,0.0,0.0,0.0
2019-02-04,4,0,160,0.0,0.0,0.0,0.0,0.0
2019-02-04,4,0,161,0.0,0.0,0.0,-0.0,0.0
2019-02-04,4,0,162,48.75,48.75,0.0,1131.454933,0.0
2019-02-04,4,0,163,122.04,122.04,0.0,-122040.0,0.0
2019-02-04,4,0,164,0.0,0.0,0.0,0.0,0.0
2019-02-04,4,0,167,0.0,0.0,0.0,0.0,0.0
2019-02-04,4,0,168,0.0,0.0,0.0,0.0,0.0
2019-02-04,4,0,169,0.0,0.0,0.0,0.0,0.0
2019-02-04,4,0,170,0.0,0.0,0.0,0.0,0.0
2019-02-04,4,0,172,0.0,0.0,0.0,0.0,0.0
2019-02-04,4,0,173,0.0,0.0,0.0,0.0,0.0
2019-02-04,4,0,188,0.0,0.0,0.0,0.0,0.0
2019-02-04,4,0,190,0.0,0.0,0.0,0.0,0.0
2019-02-04,4,0,191,0.0,0.0,0.0,0.0,0.0
2019-02-04,4,0,192,136.5,136.5,0.0,4426.361547,0.0
2019-02-04,4,0,194,176.5,176.5,0.0,-25460.902128,0.0
2019-02-04,4,0,196,0.0,0.0,0.0,0.0,0.0
2019-02-04,4,0,198,0.0,0.0,0.0,0.0,0.0
2019-02-04,4,0,199,27.47,27.47,0.0,-1126.298202,0.0
2019-02-04,4,0,200,0.0,0.0,0.0,-0.0,0.0
2019-02-04,4,0,204,297.62,297.62,0.0,3257.985802,0.0
2019-02-04,4,0,205,363.59,363.59,0.0,3910.503129,0.0
2019-02-04,4,0,206,217.02,217.02,0.0,3267.297739,0.0
2019-02-04,4,0,210,0.0,0.0,0.0,0.0,0.0
2019-02-04,4,0,214,0.0,0.0,0.0,0.0,0.0
2019-02-04,4,0,217,0.0,0.0,0.0,0.0,0.0
2019-02-04,4,0,218,0.0,0.0,0.0,0.0,0.0
2019-02-04,4,0,219,0.0,0.0,0.0,0.0,0.0
2019-02-04,4,0,221,0.0,0.0,0.0,0.0,0.0
2019-02-04,4,0,225,0.0,0.0,0.0,0.0,0.0
2019-02-04,4,0,233,0.0,0.0,0.0,0.0,0.0
2019-02-04,4,0,236,19.69,19.69,0.0,158.246723,0.0
2019-02-04,4,0,237,20.9,20.9,0.0,185.838985,0.0
2019-02-04,4,0,238,0.0,0.0,0.0,0.0,0.0
2019-02-04,4,0,240,0.0,0.0,0.0,0.0,0.0
2019-02-04,4,0,245,6.8,6.8,0.0,48.256298,0.0
2019-02-04,4,0,247,12.15,12.15,0.0,86.222651,0.0
2019-02-04,4,0,248,2.1,2.1,0.0,18.672817,0.0
2019-02-04,4,0,249,13.07,13.07,0.0,92.751444,0.0
2019-02-04,4,0,251,23.59,23.59,0.0,175.499603,0.0
2019-02-04,4,0,252,17.5,17.5,0.0,128.632735,0.0
2019-02-04,4,0,254,0.0,0.0,0.0,0.0,0.0
2019-02-04,4,0,255,0.0,0.0,0.0,0.0,0.0
2019-02-04,4,0,258,0.0,0.0,0.0,0.0,0.0
2019-02-04,4,0,260,0.0,0.0,0.0,0.0,0.0
2019-02-04,4,0,265,0.0,0.0,0.0,0.0,0.0
2019-02-04,4,0,266,28.21,28.21,0.0,350.533589,0.0
2019-02-04,4,0,267,34.67,34.67,0.0,430.804663,0.0
2019-02-04,4,0,270,381.14,381.14,0.0,-381140.0,0.0
2019-02-04,4,0,272,88.96,88.96,0.0,-24685.224185,0.0
2019-02-04,4,0,273,0.0,0.0,0.0,-0.0,0.0
2019-02-04,4,0,274,491.34,491.34,0.0,-491340.0,0.0
2019-02-04,4,0,275,683.95,683.95,0.0,-683950.0,0.0
2019-02-04,4,0,276,0.0,0.0,0.0,-0.0,0.0
2019-02-04,4,0,277,0.0,0.0,0.0,-0.0,0.0
2019-02-04,4,0,278,0.0,0.0,0.0,-0.0,0.0
2019-02-04,4,0,279,168.35,168.35,0.0,-48729.7499,0.0
2019-02-04,4,0,281,5.68,5.68,0.0,85.225668,0.0
2019-02-04,4,0,282,0.0,0.0,0.0,0.0,0.0
2019-02-04,5,0,9,0.0,0.0,0.0,0.0,0.0
2019-02-04,5,0,17,0.0,0.0,0.0,0.0,0.0
2019-02-04,5,0,19,47.88,47.88,0.0,332.877933,0.0
2019-02-04,5,0,20,58.06,58.06,0.0,403.652731,0.0
2019-02-04,5,0,21,0.0,0.0,0.0,0.0,0.0
2019-02-04,5,0,22,0.0,0.0,0.0,0.0,0.0
2019-02-04,5,0,23,54.52,54.52,0.0,790.371063,0.0
2019-02-04,5,0,24,96.46,96.46,0.0,1398.371106,0.0
2019-02-04,5,0,29,0.0,0.0,0.0,0.0,0.0
2019-02-04,5,0,30,0.0,0.0,0.0,0.0,0.0
2019-02-04,5,0,31,12.91,12.91,0.0,187.772658,0.0
2019-02-04,5,0,32,0.0,0.0,0.0,0.0,0.0
2019-02-04,5,0,33,0.0,0.0,0.0,0.0,0.0
2019-02-04,5,0,34,0.0,0.0,0.0,0.0,0.0
2019-02-04,5,0,35,0.0,0.0,0.0,0.0,0.0
2019-02-04,5,0,36,0.0,0.0,0.0,0.0,0.0
2019-02-04,5,0,37,0.0,0.0,0.0,0.0,0.0
2019-02-04,5,0,38,0.0,0.0,0.0,0.0,0.0
2019-02-04,5,0,39,0.0,0.0,0.0,0.0,0.0
2019-02-04,5,0,40,0.0,0.0,0.0,0.0,0.0
2019-02-04,5,0,41,29.18,29.18,0.0,350.302403,0.0
2019-02-04,5,0,42,0.0,0.0,0.0,0.0,0.0
2019-02-04,5,0,43,0.0,0.0,0.0,0.0,0.0
2019-02-04,5,0,46,0.0,0.0,0.0,0.0,0.0
2019-02-04,5,0,52,13.68,13.68,0.0,198.972111,0.0
2019-02-04,5,0,53,21.73,21.73,0.0,316.057308,0.0
2019-02-04,5,0,55,201.85,201.85,0.0,2926.199542,0.0
2019-02-04,5,0,56,0.0,0.0,0.0,0.0,0.0
2019-02-04,5,0,57,0.0,0.0,0.0,0.0,0.0
2019-02-04,5,0,58,0.0,0.0,0.0,0.0,0.0
2019-02-04,5,0,59,0.0,0.0,0.0,0.0,0.0
2019-02-04,5,0,63,128.03,128.03,0.0,8905.754155,0.0
2019-02-04,5,0,64,150.63,150.63,0.0,10477.807922,0.0
2019-02-04,5,0,65,2.9,2.9,0.0,20.31685,0.0
2019-02-04,5,0,67,0.0,0.0,0.0,-0.0,0.0
2019-02-04,5,0,68,5.74,5.74,0.0,-1715.682588,0.0
2019-02-04,5,0,69,0.0,0.0,0.0,0.0,0.0
2019-02-04,5,0,74,5.78,5.78,0.0,49.268712,0.0
2019-02-04,5,0,77,153.63,153.63,0.0,-33130.393871,0.0
2019-02-04,5,0,78,116.14,116.14,0.0,-25045.654782,0.0
2019-02-04,5,0,79,67.21,67.21,0.0,-14493.87341,0.0
2019-02-04,5,0,80,108.69,108.69,0.0,-23439.058191,0.0
2019-02-04,5,0,81,142.1,142.1,0.0,-30643.943039,0.0
2019-02-04,5,0,82,100.24,100.24,0.0,-21616.81105,0.0
2019-02-04,5,0,83,223.53,223.53,0.0,-48204.367259,0.0
2019-02-04,5,0,84,0.0,0.0,0.0,-0.0,0.0
2019-02-04,5,0,86,0.0,0.0,0.0,0.0,0.0
2019-02-04,5,0,87,0.0,0.0,0.0,0.0,0.0
2019-02-04,5,0,88,110.93,110.93,0.0,-23922.115421,0.0
2019-02-04,5,0,89,106.64,106.64,0.0,-22996.974565,0.0
2019-02-04,5,0,90,143.18,143.18,0.0,-30876.845632,0.0
2019-02-04,5,0,91,510.77,510.77,0.0,-110147.831005,0.0
2019-02-04,5,0,92,183.7,183.7,0.0,-39615.005885,0.0
2019-02-04,5,0,95,36.0,36.0,0.0,700.048073,0.0
2019-02-04,5,0,96,11.71,11.71,0.0,170.904478,0.0
2019-02-04,5,0,97,72.02,72.02,0.0,1051.113624,0.0
2019-02-04,5,0,99,1.12,1.12,0.0,9.546878,0.0
2019-02-04,5,0,101,0.0,0.0,0.0,0.0,0.0
2019-02-04,5,0,102,13.58,13.58,0.0,-4059.053927,0.0
2019-02-04,5,0,103,11.81,11.81,0.0,-3530.001979,0.0
2019-02-04,5,0,104,2.19,2.19,0.0,-654.589698,0.0
2019-02-04,5,0,106,0.0,0.0,0.0,0.0,0.0
2019-02-04,5,0,109,62.67,62.67,0.0,649.223833,0.0
2019-02-04,5,0,110,204.5,204.5,0.0,-144501.245316,0.0
2019-02-04,5,0,111,0.0,0.0,0.0,0.0,0.0
2019-02-04,5,0,113,57.78,57.78,0.0,-11221.080112,0.0
2019-02-04,5,0,115,57.78,57.78,0.0,-11221.080112,0.0
2019-02-04,5,0,116,0.0,0.0,0.0,-0.0,0.0
2019-02-04,5,0,117,2.78,2.78,0.0,-539.885821,0.0
2019-02-04,5,0,119,150.63,150.63,0.0,10477.807922,0.0
2019-02-04,5,0,120,88.57,88.57,0.0,6160.920452,0.0
2019-02-04,5,0,123,0.0,0.0,0.0,0.0,0.0
2019-02-04,5,0,125,87.29,87.29,0.0,1265.434521,0.0
2019-02-04,5,0,126,0.0,0.0,0.0,0.0,0.0
2019-02-04,5,0,127,0.0,0.0,0.0,0.0,0.0
2019-02-04,5,0,128,125.03,125.03,0.0,1812.547578,0.0
2019-02-04,5,0,131,20.38,20.38,0.0,-5545.304776,0.0
2019-02-04,5,0,132,29.97,29.97,0.0,-8154.699909,0.0
2019-02-04,5,0,133,4.41,4.41,0.0,30.637592,0.0
2019-02-04,5,0,134,0.0,0.0,0.0,0.0,0.0
2019-02-04,5,0,135,6.28,6.28,0.0,43.629043,0.0
2019-02-04,5,0,136,4.07,4.07,0.0,28.525596,0.0
2019-02-04,5,0,139,37.68,37.68,0.0,452.343885,0.0
2019-02-04,5,0,140,151.35,151.35,0.0,-106945.053685,0.0
2019-02-04,5,0,141,168.19,168.19,0.0,-67152.015631,0.0
2019-02-04,5,0,142,0.0,0.0,0.0,-0.0,0.0
2019-02-04,5,0,143,36.01,36.01,0.0,523.756266,0.0
2019-02-04,5,0,145,10.59,10.59,0.0,137.576923,0.0
2019-02-04,5,0,146,268.0,268.0,0.0,-189370.825158,0.0
2019-02-04,5,0,152,0.0,0.0,0.0,0.0,0.0
2019-02-04,5,0,153,0.0,0.0,0.0,0.0,0.0
2019-02-04,5,0,154,0.0,0.0,0.0,0.0,0.0
2019-02-04,5,0,157,196.09,196.09,0.0,-78291.44863,0.0
2019-02-04,5,0,158,0.0,0.0,0.0,-0.0,0.0
2019-02-04,5,0,159,0.0,0.0,0.0,0.0,0.0
2019-02-04,5,0,160,0.0,0.0,0.0,0.0,0.0
2019-02-04,5,0,161,0.0,0.0,0.0,-0.0,0.0
2019-02-04,5,0,162,41.29,41.29,0.0,825.616784,0.0
2019-02-04,5,0,163,112.09,112.09,0.0,-79203.641015,0.0
2019-02-04,5,0,164,0.0,0.0,0.0,0.0,0.0
2019-02-04,5,0,167,0.0,0.0,0.0,0.0,0.0
2019-02-04,5,0,168,0.0,0.0,0.0,0.0,0.0
2019-02-04,5,0,169,0.0,0.0,0.0,0.0,0.0
2019-02-04,5,0,170,0.0,0.0,0.0,0.0,0.0
2019-02-04,5,0,172,0.0,0.0,0.0,0.0,0.0
2019-02-04,5,0,173,0.0,0.0,0.0,0.0,0.0
2019-02-04,5,0,188,0.0,0.0,0.0,0.0,0.0
2019-02-04,5,0,190,0.0,0.0,0.0,0.0,0.0
2019-02-04,5,0,191,0.0,0.0,0.0,0.0,0.0
2019-02-04,5,0,192,127.08,127.08,0.0,4120.893959,0.0
2019-02-04,5,0,194,144.75,144.75,0.0,-14400.731945,0.0
2019-02-04,5,0,196,0.0,0.0,0.0,0.0,0.0
2019-02-04,5,0,198,0.0,0.0,0.0,0.0,0.0
2019-02-04,5,0,199,22.2,22.2,0.0,-631.085471,0.0
2019-02-04,5,0,200,0.0,0.0,0.0,-0.0,0.0
2019-02-04,5,0,204,268.05,268.05,0.0,2827.40874,0.0
2019-02-04,5,0,205,331.54,331.54,0.0,3434.556721,0.0
2019-02-04,5,0,206,211.63,211.63,0.0,3088.686145,0.0
2019-02-04,5,0,210,0.0,0.0,0.0,0.0,0.0
2019-02-04,5,0,214,0.0,0.0,0.0,0.0,0.0
2019-02-04,5,0,217,0.0,0.0,0.0,0.0,0.0
2019-02-04,5,0,218,0.0,0.0,0.0,0.0,0.0
2019-02-04,5,0,219,0.0,0.0,0.0,0.0,0.0
2019-02-04,5,0,221,0.0,0.0,0.0,0.0,0.0
2019-02-04,5,0,225,0.0,0.0,0.0,0.0,0.0
2019-02-04,5,0,233,0.0,0.0,0.0,0.0,0.0
2019-02-04,5,0,236,13.43,13.43,0.0,103.168589,0.0
2019-02-04,5,0,237,13.87,13.87,0.0,118.22786,0.0
2019-02-04,5,0,238,0.0,0.0,0.0,0.0,0.0
2019-02-04,5,0,240,0.0,0.0,0.0,0.0,0.0
2019-02-04,5,0,245,5.61,5.61,0.0,37.899493,0.0
2019-02-04,5,0,247,10.23,10.23,0.0,69.11084,0.0
2019-02-04,5,0,248,1.39,1.39,0.0,11.848358,0.0
2019-02-04,5,0,249,10.78,10.78,0.0,72.826477,0.0
2019-02-04,5,0,251,25.93,25.93,0.0,183.937148,0.0
2019-02-04,5,0,252,18.73,18.73,0.0,131.218831,0.0
2019-02-04,5,0,254,0.0,0.0,0.0,0.0,0.0
2019-02-04,5,0,255,0.0,0.0,0.0,0.0,0.0
2019-02-04,5,0,258,0.0,0.0,0.0,0.0,0.0
2019-02-04,5,0,260,0.0,0.0,0.0,0.0,0.0
2019-02-04,5,0,265,0.0,0.0,0.0,0.0,0.0
2019-02-04,5,0,266,24.4,24.4,0.0,292.919076,0.0
2019-02-04,5,0,267,29.98,29.98,0.0,359.906308,0.0
2019-02-04,5,0,270,350.06,350.06,0.0,-247355.041249,0.0
2019-02-04,5,0,272,198.61,198.61,0.0,-38570.763603,0.0
2019-02-04,5,0,273,0.0,0.0,0.0,-0.0,0.0
2019-02-04,5,0,274,451.26,451.26,0.0,-318863.725973,0.0
2019-02-04,5,0,275,628.16,628.16,0.0,-443862.602728,0.0
2019-02-04,5,0,276,0.0,0.0,0.0,-0.0,0.0
2019-02-04,5,0,277,0.0,0.0,0.0,-0.0,0.0
2019-02-04,5,0,278,0.0,0.0,0.0,-0.0,0.0
2019-02-04,5,0,279,154.26,154.26,0.0,-31284.234612,0.0
2019-02-04,5,0,281,5.79,5.79,0.0,84.214073,0.0
2019-02-04,5,0,282,0.0,0.0,0.0,0.0,0.0
2019-02-04,6,0,9,0.0,0.0,0.0,0.0,0.0
2019-02-04,6,0,17,0.0,0.0,0.0,0.0,0.0
2019-02-04,6,0,19,40.15,40.15,0.0,399.543114,0.0
2019-02-04,6,0,20,48.69,48.69,0.0,484.52688,0.0
2019-02-04,6,0,21,0.0,0.0,0.0,0.0,0.0
2019-02-04,6,0,22,0.0,0.0,0.0,0.0,0.0
2019-02-04,6,0,23,55.68,55.68,0.0,369.865356,0.0
2019-02-04,6,0,24,98.52,98.52,0.0,654.438485,0.0
2019-02-04,6,0,29,0.0,0.0,0.0,0.0,0.0
2019-02-04,6,0,30,0.0,0.0,0.0,0.0,0.0
2019-02-04,6,0,31,13.34,13.34,0.0,88.36465,0.0
2019-02-04,6,0,32,0.0,0.0,0.0,0.0,0.0
2019-02-04,6,0,33,0.0,0.0,0.0,0.0,0.0
2019-02-04,6,0,34,0.0,0.0,0.0,0.0,0.0
2019-02-04,6,0,35,0.0,0.0,0.0,0.0,0.0
2019-02-04,6,0,36,0.0,0.0,0.0,0.0,0.0
2019-02-04,6,0,37,0.0,0.0,0.0,0.0,0.0
2019-02-04,6,0,38,0.0,0.0,0.0,0.0,0.0
2019-02-04,6,0,39,0.0,0.0,0.0,0.0,0.0
2019-02-04,6,0,40,0.0,0.0,0.0,0.0,0.0
2019-02-04,6,0,41,25.69,25.69,0.0,196.350365,0.0
2019-02-04,6,0,42,0.0,0.0,0.0,0.0,0.0
2019-02-04,6,0,43,0.0,0.0,0.0,0.0,0.0
2019-02-04,6,0,46,0.0,0.0,0.0,0.0,0.0
2019-02-04,6,0,52,14.13,14.13,0.0,93.597639,0.0
2019-02-04,6,0,53,22.44,22.44,0.0,148.643385,0.0
2019-02-04,6,0,55,84.54,84.54,0.0,561.573585,0.0
2019-02-04,6,0,56,0.0,0.0,0.0,0.0,0.0
2019-02-04,6,0,57,0.0,0.0,0.0,0.0,0.0
2019-02-04,6,0,58,0.0,0.0,0.0,0.0,0.0
2019-02-04,6,0,59,0.0,0.0,0.0,0.0,0.0
2019-02-04,6,0,63,110.4,110.4,0.0,1851.826042,0.0
2019-02-04,6,0,64,129.88,129.88,0.0,2178.579405,0.0
2019-02-04,6,0,65,3.1,3.1,0.0,30.761096,0.0
2019-02-04,6,0,67,0.0,0.0,0.0,-0.0,0.0
2019-02-04,6,0,68,5.12,5.12,0.0,4.699755,0.0
2019-02-04,6,0,69,0.0,0.0,0.0,0.0,0.0
2019-02-04,6,0,74,3.74,3.74,0.0,34.183799,0.0
2019-02-04,6,0,77,129.19,129.19,0.0,627.228187,0.0
2019-02-04,6,0,78,97.67,97.67,0.0,474.195967,0.0
2019-02-04,6,0,79,56.52,56.52,0.0,274.409297,0.0
2019-02-04,6,0,80,91.41,91.41,0.0,443.803147,0.0
2019-02-04,6,0,81,119.51,119.51,0.0,580.230983,0.0
2019-02-04,6,0,82,84.3,84.3,0.0,409.283506,0.0
2019-02-04,6,0,83,187.98,187.98,0.0,912.658523,0.0
2019-02-04,6,0,84,0.0,0.0,0.0,0.0,0.0
2019-02-04,6,0,86,0.0,0.0,0.0,0.0,0.0
2019-02-04,6,0,87,0.0,0.0,0.0,0.0,0.0
2019-02-04,6,0,88,99.64,99.64,0.0,483.760481,0.0
2019-02-04,6,0,89,95.78,95.78,0.0,465.01986,0.0
2019-02-04,6,0,90,128.61,128.61,0.0,624.412239,0.0
2019-02-04,6,0,91,458.76,458.76,0.0,2227.317928,0.0
2019-02-04,6,0,92,164.99,164.99,0.0,801.040162,0.0
2019-02-04,6,0,95,36.0,36.0,0.0,520.447379,0.0
2019-02-04,6,0,96,11.59,11.59,0.0,76.546563,0.0
2019-02-04,6,0,97,71.28,71.28,0.0,470.771269,0.0
2019-02-04,6,0,99,0.72,0.72,0.0,6.580838,0.0
2019-02-04,6,0,101,0.0,0.0,0.0,0.0,0.0
2019-02-04,6,0,102,12.13,12.13,0.0,11.134381,0.0
2019-02-04,6,0,103,10.55,10.55,0.0,9.684066,0.0
2019-02-04,6,0,104,1.96,1.96,0.0,1.799125,0.0
2019-02-04,6,0,106,0.0,0.0,0.0,0.0,0.0
2019-02-04,6,0,109,59.18,59.18,0.0,487.29154,0.0
2019-02-04,6,0,110,184.26,184.26,0.0,-3262.799238,0.0
2019-02-04,6,0,111,0.0,0.0,0.0,0.0,0.0
2019-02-04,6,0,113,69.28,69.28,0.0,373.734008,0.0
2019-02-04,6,0,115,69.28,69.28,0.0,373.734008,0.0
2019-02-04,6,0,116,0.0,0.0,0.0,-0.0,0.0
2019-02-04,6,0,117,2.75,2.75,0.0,14.834996,0.0
2019-02-04,6,0,119,129.88,129.88,0.0,2178.579405,0.0
2019-02-04,6,0,120,76.37,76.37,0.0,1281.014083,0.0
2019-02-04,6,0,123,0.0,0.0,0.0,0.0,0.0
2019-02-04,6,0,125,89.16,89.16,0.0,592.262844,0.0
2019-02-04,6,0,126,0.0,0.0,0.0,0.0,0.0
2019-02-04,6,0,127,0.0,0.0,0.0,0.0,0.0
2019-02-04,6,0,128,127.7,127.7,0.0,848.272377,0.0
2019-02-04,6,0,131,17.31,17.31,0.0,37.085264,0.0
2019-02-04,6,0,132,25.45,25.45,0.0,54.524551,0.0
2019-02-04,6,0,133,3.05,3.05,0.0,30.359485,0.0
2019-02-04,6,0,134,0.0,0.0,0.0,0.0,0.0
2019-02-04,6,0,135,4.09,4.09,0.0,40.711571,0.0
2019-02-04,6,0,136,4.6,4.6,0.0,45.638343,0.0
2019-02-04,6,0,139,33.18,33.18,0.0,253.596929,0.0
2019-02-04,6,0,140,136.37,136.37,0.0,-2414.78309,0.0
2019-02-04,6,0,141,145.18,145.18,0.0,-532.378528,0.0
2019-02-04,6,0,142,0.0,0.0,0.0,-0.0,0.0
2019-02-04,6,0,143,74.38,74.38,0.0,492.695853,0.0
2019-02-04,6,0,145,10.0,10.0,0.0,72.221831,0.0
2019-02-04,6,0,146,233.44,233.44,0.0,-4133.658169,0.0
2019-02-04,6,0,152,0.0,0.0,0.0,0.0,0.0
2019-02-04,6,0,153,0.0,0.0,0.0,0.0,0.0
2019-02-04,6,0,154,0.0,0.0,0.0,0.0,0.0
2019-02-04,6,0,157,171.84,171.84,0.0,-630.141385,0.0
2019-02-04,6,0,158,0.0,0.0,0.0,-0.0,0.0
2019-02-04,6,0,159,0.0,0.0,0.0,0.0,0.0
2019-02-04,6,0,160,0.0,0.0,0.0,0.0,0.0
2019-02-04,6,0,161,0.0,0.0,0.0,0.0,0.0
2019-02-04,6,0,162,31.81,31.81,0.0,460.695363,0.0
2019-02-04,6,0,163,103.12,103.12,0.0,-1826.005956,0.0
2019-02-04,6,0,164,0.0,0.0,0.0,0.0,0.0
2019-02-04,6,0,167,0.0,0.0,0.0,0.0,0.0
2019-02-04,6,0,168,0.0,0.0,0.0,0.0,0.0
2019-02-04,6,0,169,0.0,0.0,0.0,0.0,0.0
2019-02-04,6,0,170,0.0,0.0,0.0,0.0,0.0
2019-02-04,6,0,172,0.0,0.0,0.0,0.0,0.0
2019-02-04,6,0,173,0.0,0.0,0.0,0.0,0.0
2019-02-04,6,0,188,0.0,0.0,0.0,0.0,0.0
2019-02-04,6,0,190,0.0,0.0,0.0,0.0,0.0
2019-02-04,6,0,191,0.0,0.0,0.0,0.0,0.0
2019-02-04,6,0,192,120.16,120.16,0.0,2015.538199,0.0
2019-02-04,6,0,194,111.9,111.9,0.0,1041.868145,0.0
2019-02-04,6,0,196,0.0,0.0,0.0,0.0,0.0
2019-02-04,6,0,198,0.0,0.0,0.0,0.0,0.0
2019-02-04,6,0,199,17.69,17.69,0.0,173.548297,0.0
2019-02-04,6,0,200,0.0,0.0,0.0,0.0,0.0
2019-02-04,6,0,204,249.35,249.35,0.0,2031.610672,0.0
2019-02-04,6,0,205,313.04,313.04,0.0,2577.589449,0.0
2019-02-04,6,0,206,209.44,209.44,0.0,1383.253851,0.0
2019-02-04,6,0,210,0.0,0.0,0.0,0.0,0.0
2019-02-04,6,0,214,0.0,0.0,0.0,0.0,0.0
2019-02-04,6,0,217,0.0,0.0,0.0,0.0,0.0
2019-02-04,6,0,218,0.0,0.0,0.0,0.0,0.0
2019-02-04,6,0,219,0.0,0.0,0.0,0.0,0.0
2019-02-04,6,0,221,0.0,0.0,0.0,0.0,0.0
2019-02-04,6,0,225,0.0,0.0,0.0,0.0,0.0
2019-02-04,6,0,233,0.0,0.0,0.0,0.0,0.0
2019-02-04,6,0,236,9.0,9.0,0.0,86.053188,0.0
2019-02-04,6,0,237,8.97,8.97,0.0,81.986278,0.0
2019-02-04,6,0,238,0.0,0.0,0.0,0.0,0.0
2019-02-04,6,0,240,0.0,0.0,0.0,0.0,0.0
2019-02-04,6,0,245,4.77,4.77,0.0,47.96438,0.0
2019-02-04,6,0,247,8.77,8.77,0.0,88.186083,0.0
2019-02-04,6,0,248,0.9,0.9,0.0,8.226048,0.0
2019-02-04,6,0,249,9.17,9.17,0.0,92.208253,0.0
2019-02-04,6,0,251,28.28,28.28,0.0,279.305344,0.0
2019-02-04,6,0,252,20.01,20.01,0.0,198.557911,0.0
2019-02-04,6,0,254,0.0,0.0,0.0,0.0,0.0
2019-02-04,6,0,255,0.0,0.0,0.0,0.0,0.0
2019-02-04,6,0,258,0.0,0.0,0.0,0.0,0.0
2019-02-04,6,0,260,0.0,0.0,0.0,0.0,0.0
2019-02-04,6,0,265,0.0,0.0,0.0,0.0,0.0
2019-02-04,6,0,266,21.48,21.48,0.0,164.173057,0.0
2019-02-04,6,0,267,26.4,26.4,0.0,201.776941,0.0
2019-02-04,6,0,270,322.05,322.05,0.0,-5702.727096,0.0
2019-02-04,6,0,272,244.45,244.45,0.0,1318.696281,0.0
2019-02-04,6,0,273,0.0,0.0,0.0,-0.0,0.0
2019-02-04,6,0,274,415.16,415.16,0.0,-7351.480146,0.0
2019-02-04,6,0,275,577.92,577.92,0.0,-10233.566351,0.0
2019-02-04,6,0,276,0.0,0.0,0.0,-0.0,0.0
2019-02-04,6,0,277,0.0,0.0,0.0,0.0,0.0
2019-02-04,6,0,278,0.0,0.0,0.0,0.0,0.0
2019-02-04,6,0,279,141.34,141.34,0.0,731.896035,0.0
2019-02-04,6,0,281,6.0,6.0,0.0,39.74422,0.0
2019-02-04,6,0,282,0.0,0.0,0.0,0.0,0.0
2019-02-04,7,0,9,0.0,0.0,0.0,0.0,0.0
2019-02-04,7,0,17,0.0,0.0,0.0,0.0,0.0
2019-02-04,7,0,19,34.96,34.96,0.0,351.980956,0.0
2019-02-04,7,0,20,42.4,42.4,0.0,426.887658,0.0
2019-02-04,7,0,21,0.0,0.0,0.0,0.0,0.0
2019-02-04,7,0,22,0.0,0.0,0.0,0.0,0.0
2019-02-04,7,0,23,57.21,57.21,0.0,517.917984,0.0
2019-02-04,7,0,24,101.23,101.23,0.0,916.427854,0.0
2019-02-04,7,0,29,0.0,0.0,0.0,0.0,0.0
2019-02-04,7,0,30,0.0,0.0,0.0,0.0,0.0
2019-02-04,7,0,31,34.0,34.0,0.0,307.586505,0.0
2019-02-04,7,0,32,0.0,0.0,0.0,0.0,0.0
2019-02-04,7,0,33,0.0,0.0,0.0,0.0,0.0
2019-02-04,7,0,34,0.0,0.0,0.0,0.0,0.0
2019-02-04,7,0,35,0.0,0.0,0.0,0.0,0.0
2019-02-04,7,0,36,0.0,0.0,0.0,0.0,0.0
2019-02-04,7,0,37,0.0,0.0,0.0,0.0,0.0
2019-02-04,7,0,38,0.0,0.0,0.0,0.0,0.0
2019-02-04,7,0,39,0.0,0.0,0.0,0.0,0.0
2019-02-04,7,0,40,0.0,0.0,0.0,0.0,0.0
2019-02-04,7,0,41,17.02,17.02,0.0,159.671275,0.0
2019-02-04,7,0,42,0.0,0.0,0.0,0.0,0.0
2019-02-04,7,0,43,0.0,0.0,0.0,0.0,0.0
2019-02-04,7,0,46,0.0,0.0,0.0,0.0,0.0
2019-02-04,7,0,52,36.05,36.05,0.0,326.132162,0.0
2019-02-04,7,0,53,57.28,57.28,0.0,518.192795,0.0
2019-02-04,7,0,55,87.61,87.61,0.0,793.126981,0.0
2019-02-04,7,0,56,0.0,0.0,0.0,0.0,0.0
2019-02-04,7,0,57,0.0,0.0,0.0,0.0,0.0
2019-02-04,7,0,58,0.0,0.0,0.0,0.0,0.0
2019-02-04,7,0,59,0.0,0.0,0.0,0.0,0.0
2019-02-04,7,0,63,96.04,96.04,0.0,1289.469532,0.0
2019-02-04,7,0,64,112.98,112.98,0.0,1516.912409,0.0
2019-02-04,7,0,65,3.31,3.31,0.0,33.300415,0.0
2019-02-04,7,0,67,0.0,0.0,0.0,0.0,0.0
2019-02-04,7,0,68,4.58,4.58,0.0,31.340737,0.0
2019-02-04,7,0,69,0.0,0.0,0.0,0.0,0.0
2019-02-04,7,0,74,2.46,2.46,0.0,24.225052,0.0
2019-02-04,7,0,77,107.92,107.92,0.0,912.039002,0.0
2019-02-04,7,0,78,81.59,81.59,0.0,689.522444,0.0
2019-02-04,7,0,79,47.22,47.22,0.0,399.059319,0.0
2019-02-04,7,0,80,76.36,76.36,0.0,645.323371,0.0
2019-02-04,7,0,81,99.83,99.83,0.0,843.669881,0.0
2019-02-04,7,0,82,70.42,70.42,0.0,595.124041,0.0
2019-02-04,7,0,83,157.03,157.03,0.0,1327.070834,0.0
2019-02-04,7,0,84,0.0,0.0,0.0,0.0,0.0
2019-02-04,7,0,86,0.0,0.0,0.0,0.0,0.0
2019-02-04,7,0,87,0.0,0.0,0.0,0.0,0.0
2019-02-04,7,0,88,89.64,89.64,0.0,757.553522,0.0
2019-02-04,7,0,89,86.17,86.17,0.0,728.228324,0.0
2019-02-04,7,0,90,115.7,115.7,0.0,977.788292,0.0
2019-02-04,7,0,91,412.73,412.73,0.0,3488.008313,0.0
2019-02-04,7,0,92,148.44,148.44,0.0,1254.476181,0.0
2019-02-04,7,0,95,36.0,36.0,0.0,449.224808,0.0
2019-02-04,7,0,96,11.58,11.58,0.0,104.684517,0.0
2019-02-04,7,0,97,71.21,71.21,0.0,643.7465,0.0
2019-02-04,7,0,99,0.47,0.47,0.0,4.628364,0.0
2019-02-04,7,0,101,0.0,0.0,0.0,0.0,0.0
2019-02-04,7,0,102,10.84,10.84,0.0,74.17764,0.0
2019-02-04,7,0,103,9.43,9.43,0.0,64.529072,0.0
2019-02-04,7,0,104,1.75,1.75,0.0,11.975172,0.0
2019-02-04,7,0,106,0.0,0.0,0.0,0.0,0.0
2019-02-04,7,0,109,57.77,57.77,0.0,554.194409,0.0
2019-02-04,7,0,110,174.18,174.18,0.0,-140.478268,0.0
2019-02-04,7,0,111,0.0,0.0,0.0,0.0,0.0
2019-02-04,7,0,113,35.51,35.51,0.0,309.000034,0.0
2019-02-04,7,0,115,35.51,35.51,0.0,309.000034,0.0
2019-02-04,7,0,116,0.0,0.0,0.0,-0.0,0.0
2019-02-04,7,0,117,1.46,1.46,0.0,12.704592,0.0
2019-02-04,7,0,119,112.98,112.98,0.0,1516.912409,0.0
2019-02-04,7,0,120,66.43,66.43,0.0,891.914421,0.0
2019-02-04,7,0,123,0.0,0.0,0.0,0.0,0.0
2019-02-04,7,0,125,91.61,91.61,0.0,829.338691,0.0
2019-02-04,7,0,126,0.0,0.0,0.0,0.0,0.0
2019-02-04,7,0,127,0.0,0.0,0.0,0.0,0.0
2019-02-04,7,0,128,131.2,131.2,0.0,1187.744092,0.0
2019-02-04,7,0,131,14.58,14.58,0.0,107.102567,0.0
2019-02-04,7,0,132,21.43,21.43,0.0,157.421674,0.0
2019-02-04,7,0,133,2.69,2.69,0.0,27.085118,0.0
2019-02-04,7,0,134,0.0,0.0,0.0,0.0,0.0
2019-02-04,7,0,135,3.61,3.61,0.0,36.34843,0.0
2019-02-04,7,0,136,5.21,5.21,0.0,52.413296,0.0
2019-02-04,7,0,139,21.98,21.98,0.0,206.202974,0.0
2019-02-04,7,0,140,128.91,128.91,0.0,-103.967468,0.0
2019-02-04,7,0,141,125.93,125.93,0.0,624.603409,0.0
2019-02-04,7,0,142,0.0,0.0,0.0,0.0,0.0
2019-02-04,7,0,143,64.15,64.15,0.0,580.343362,0.0
2019-02-04,7,0,145,9.7,9.7,0.0,89.720512,0.0
2019-02-04,7,0,146,172.52,172.52,0.0,-139.139458,0.0
2019-02-04,7,0,152,0.0,0.0,0.0,0.0,0.0
2019-02-04,7,0,153,0.0,0.0,0.0,0.0,0.0
2019-02-04,7,0,154,0.0,0.0,0.0,0.0,0.0
2019-02-04,7,0,157,150.36,150.36,0.0,745.774387,0.0
2019-02-04,7,0,158,0.0,0.0,0.0,0.0,0.0
2019-02-04,7,0,159,0.0,0.0,0.0,0.0,0.0
2019-02-04,7,0,160,0.0,0.0,0.0,0.0,0.0
2019-02-04,7,0,161,0.0,0.0,0.0,0.0,0.0
2019-02-04,7,0,162,24.04,24.04,0.0,300.235535,0.0
2019-02-04,7,0,163,95.57,95.57,0.0,-77.078356,0.0
2019-02-04,7,0,164,0.0,0.0,0.0,0.0,0.0
2019-02-04,7,0,167,0.0,0.0,0.0,0.0,0.0
2019-02-04,7,0,168,0.0,0.0,0.0,0.0,0.0
2019-02-04,7,0,169,0.0,0.0,0.0,0.0,0.0
2019-02-04,7,0,170,0.0,0.0,0.0,0.0,0.0
2019-02-04,7,0,172,0.0,0.0,0.0,0.0,0.0
2019-02-04,7,0,173,0.0,0.0,0.0,0.0,0.0
2019-02-04,7,0,188,0.0,0.0,0.0,0.0,0.0
2019-02-04,7,0,190,0.0,0.0,0.0,0.0,0.0
2019-02-04,7,0,191,0.0,0.0,0.0,0.0,0.0
2019-02-04,7,0,192,116.43,116.43,0.0,1563.23342,0.0
2019-02-04,7,0,194,86.54,86.54,0.0,894.593266,0.0
2019-02-04,7,0,196,0.0,0.0,0.0,0.0,0.0
2019-02-04,7,0,198,0.0,0.0,0.0,0.0,0.0
2019-02-04,7,0,199,13.86,13.86,0.0,147.839094,0.0
2019-02-04,7,0,200,0.0,0.0,0.0,0.0,0.0
2019-02-04,7,0,204,243.49,243.49,0.0,2329.580313,0.0
2019-02-04,7,0,205,305.6,305.6,0.0,2931.656769,0.0
2019-02-04,7,0,206,209.24,209.24,0.0,1891.553401,0.0
2019-02-04,7,0,210,0.0,0.0,0.0,0.0,0.0
2019-02-04,7,0,214,0.0,0.0,0.0,0.0,0.0
2019-02-04,7,0,217,0.0,0.0,0.0,0.0,0.0
2019-02-04,7,0,218,0.0,0.0,0.0,0.0,0.0
2019-02-04,7,0,219,0.0,0.0,0.0,0.0,0.0
2019-02-04,7,0,221,0.0,0.0,0.0,0.0,0.0
2019-02-04,7,0,225,0.0,0.0,0.0,0.0,0.0
2019-02-04,7,0,233,0.0,0.0,0.0,0.0,0.0
2019-02-04,7,0,236,5.98,5.98,0.0,59.589218,0.0
2019-02-04,7,0,237,5.9,5.9,0.0,58.100733,0.0
2019-02-04,7,0,238,0.0,0.0,0.0,0.0,0.0
2019-02-04,7,0,240,0.0,0.0,0.0,0.0,0.0
2019-02-04,7,0,245,4.14,4.14,0.0,41.796999,0.0
2019-02-04,7,0,247,7.67,7.67,0.0,77.435504,0.0
2019-02-04,7,0,248,0.59,0.59,0.0,5.810073,0.0
2019-02-04,7,0,249,7.96,7.96,0.0,80.363313,0.0
2019-02-04,7,0,251,30.92,30.92,0.0,310.688533,0.0
2019-02-04,7,0,252,21.34,21.34,0.0,214.692102,0.0
2019-02-04,7,0,254,0.0,0.0,0.0,0.0,0.0
2019-02-04,7,0,255,0.0,0.0,0.0,0.0,0.0
2019-02-04,7,0,258,0.0,0.0,0.0,0.0,0.0
2019-02-04,7,0,260,0.0,0.0,0.0,0.0,0.0
2019-02-04,7,0,265,0.0,0.0,0.0,0.0,0.0
2019-02-04,7,0,266,14.23,14.23,0.0,133.497194,0.0
2019-02-04,7,0,267,17.49,17.49,0.0,164.080528,0.0
2019-02-04,7,0,270,298.45,298.45,0.0,-240.70352,0.0
2019-02-04,7,0,272,126.34,126.34,0.0,1099.382266,0.0
2019-02-04,7,0,273,0.0,0.0,0.0,-0.0,0.0
2019-02-04,7,0,274,384.74,384.74,0.0,-310.297445,0.0
2019-02-04,7,0,275,535.56,535.56,0.0,-431.935592,0.0
2019-02-04,7,0,276,0.0,0.0,0.0,0.0,0.0
2019-02-04,7,0,277,0.0,0.0,0.0,0.0,0.0
2019-02-04,7,0,278,0.0,0.0,0.0,0.0,0.0
2019-02-04,7,0,279,130.32,130.32,0.0,1120.916415,0.0
2019-02-04,7,0,281,15.25,15.25,0.0,137.961594,0.0
2019-02-04,7,0,282,0.0,0.0,0.0,0.0,0.0
2019-02-04,8,0,9,0.0,0.0,0.0,0.0,0.0
2019-02-04,8,0,17,0.0,0.0,0.0,0.0,0.0
2019-02-04,8,0,19,28.55,28.55,0.0,277.182962,0.0
2019-02-04,8,0,20,35.54,35.54,0.0,345.046671,0.0
2019-02-04,8,0,21,0.0,0.0,0.0,0.0,0.0
2019-02-04,8,0,22,0.0,0.0,0.0,0.0,0.0
2019-02-04,8,0,23,68.13,68.13,0.0,479.079477,0.0
2019-02-04,8,0,24,120.54,120.54,0.0,847.618378,0.0
2019-02-04,8,0,29,0.0,0.0,0.0,0.0,0.0
2019-02-04,8,0,30,0.0,0.0,0.0,0.0,0.0
2019-02-04,8,0,31,12.23,12.23,0.0,85.801268,0.0
2019-02-04,8,0,32,0.0,0.0,0.0,0.0,0.0
2019-02-04,8,0,33,0.0,0.0,0.0,0.0,0.0
2019-02-04,8,0,34,0.0,0.0,0.0,0.0,0.0
2019-02-04,8,0,35,0.0,0.0,0.0,0.0,0.0
2019-02-04,8,0,36,0.0,0.0,0.0,0.0,0.0
2019-02-04,8,0,37,0.0,0.0,0.0,0.0,0.0
2019-02-04,8,0,38,0.0,0.0,0.0,0.0,0.0
2019-02-04,8,0,39,0.0,0.0,0.0,0.0,0.0
2019-02-04,8,0,40,0.0,0.0,0.0,0.0,0.0
2019-02-04,8,0,41,6.29,6.29,0.0,49.59854,0.0
2019-02-04,8,0,42,0.0,0.0,0.0,0.0,0.0
2019-02-04,8,0,43,0.0,0.0,0.0,0.0,0.0
2019-02-04,8,0,46,0.0,0.0,0.0,0.0,0.0
2019-02-04,8,0,52,12.96,12.96,0.0,90.922685,0.0
2019-02-04,8,0,53,20.59,20.59,0.0,144.452012,0.0
2019-02-04,8,0,55,92.01,92.01,0.0,646.999892,0.0
2019-02-04,8,0,56,0.0,0.0,0.0,0.0,0.0
2019-02-04,8,0,57,0.0,0.0,0.0,0.0,0.0
2019-02-04,8,0,58,0.0,0.0,0.0,0.0,0.0
2019-02-04,8,0,59,0.0,0.0,0.0,0.0,0.0
2019-02-04,8,0,63,59.97,59.97,0.0,1068.705328,0.0
2019-02-04,8,0,64,70.49,70.49,0.0,1256.178733,0.0
2019-02-04,8,0,65,2.55,2.55,0.0,24.704636,0.0
2019-02-04,8,0,67,0.0,0.0,0.0,-0.0,0.0
2019-02-04,8,0,68,5.15,5.15,0.0,7.575388,0.0
2019-02-04,8,0,69,0.0,0.0,0.0,0.0,0.0
2019-02-04,8,0,74,2.25,2.25,0.0,20.49869,0.0
2019-02-04,8,0,77,90.64,90.64,0.0,496.362224,0.0
2019-02-04,8,0,78,68.44,68.44,0.0,374.790717,0.0
2019-02-04,8,0,79,39.47,39.47,0.0,216.145377,0.0
2019-02-04,8,0,80,64.03,64.03,0.0,350.640702,0.0
2019-02-04,8,0,81,83.81,83.81,0.0,458.959819,0.0
2019-02-04,8,0,82,59.02,59.02,0.0,323.20497,0.0
2019-02-04,8,0,83,132.04,132.04,0.0,723.076656,0.0
2019-02-04,8,0,84,0.0,0.0,0.0,0.0,0.0
2019-02-04,8,0,86,0.0,0.0,0.0,0.0,0.0
2019-02-04,8,0,87,0.0,0.0,0.0,0.0,0.0
2019-02-04,8,0,88,74.38,74.38,0.0,407.31931,0.0
2019-02-04,8,0,89,71.78,71.78,0.0,393.081205,0.0
2019-02-04,8,0,90,93.65,93.65,0.0,512.845568,0.0
2019-02-04,8,0,91,293.59,293.59,0.0,1607.755796,0.0
2019-02-04,8,0,92,117.48,117.48,0.0,643.343271,0.0
2019-02-04,8,0,95,36.0,36.0,0.0,556.575894,0.0
2019-02-04,8,0,96,12.63,12.63,0.0,88.393638,0.0
2019-02-04,8,0,97,77.68,77.68,0.0,543.659367,0.0
2019-02-04,8,0,99,0.43,0.43,0.0,3.917527,0.0
2019-02-04,8,0,101,0.0,0.0,0.0,0.0,0.0
2019-02-04,8,0,102,12.18,12.18,0.0,17.916161,0.0
2019-02-04,8,0,103,10.59,10.59,0.0,15.577352,0.0
2019-02-04,8,0,104,1.97,1.97,0.0,2.89777,0.0
2019-02-04,8,0,106,0.0,0.0,0.0,0.0,0.0
2019-02-04,8,0,109,63.29,63.29,0.0,533.264442,0.0
2019-02-04,8,0,110,100.19,100.19,0.0,-1759.605895,0.0
2019-02-04,8,0,111,0.0,0.0,0.0,0.0,0.0
2019-02-04,8,0,113,69.14,69.14,0.0,420.870371,0.0
2019-02-04,8,0,115,69.14,69.14,0.0,420.870371,0.0
2019-02-04,8,0,116,0.0,0.0,0.0,-0.0,0.0
2019-02-04,8,0,117,3.58,3.58,0.0,21.792247,0.0
2019-02-04,8,0,119,70.49,70.49,0.0,1256.178733,0.0
2019-02-04,8,0,120,41.59,41.59,0.0,741.161491,0.0
2019-02-04,8,0,123,0.0,0.0,0.0,0.0,0.0
2019-02-04,8,0,125,109.08,109.08,0.0,767.033455,0.0
2019-02-04,8,0,126,0.0,0.0,0.0,0.0,0.0
2019-02-04,8,0,127,0.0,0.0,0.0,0.0,0.0
2019-02-04,8,0,128,156.23,156.23,0.0,1098.584862,0.0
2019-02-04,8,0,131,17.1,17.1,0.0,46.550967,0.0
2019-02-04,8,0,132,25.14,25.14,0.0,68.438089,0.0
2019-02-04,8,0,133,2.21,2.21,0.0,21.460482,0.0
2019-02-04,8,0,134,0.0,0.0,0.0,0.0,0.0
2019-02-04,8,0,135,2.96,2.96,0.0,28.743451,0.0
2019-02-04,8,0,136,4.09,4.09,0.0,39.619675,0.0
2019-02-04,8,0,139,8.13,8.13,0.0,64.107492,0.0
2019-02-04,8,0,140,74.15,74.15,0.0,-1302.273452,0.0
2019-02-04,8,0,141,134.71,134.71,0.0,-433.020469,0.0
2019-02-04,8,0,142,0.0,0.0,0.0,-0.0,0.0
2019-02-04,8,0,143,17.41,17.41,0.0,122.142279,0.0
2019-02-04,8,0,145,9.88,9.88,0.0,74.48749,0.0
2019-02-04,8,0,146,145.65,145.65,0.0,-2558.005776,0.0
2019-02-04,8,0,152,0.0,0.0,0.0,0.0,0.0
2019-02-04,8,0,153,0.0,0.0,0.0,0.0,0.0
2019-02-04,8,0,154,0.0,0.0,0.0,0.0,0.0
2019-02-04,8,0,157,106.22,106.22,0.0,-341.440384,0.0
2019-02-04,8,0,158,0.0,0.0,0.0,-0.0,0.0
2019-02-04,8,0,159,0.0,0.0,0.0,0.0,0.0
2019-02-04,8,0,160,0.0,0.0,0.0,0.0,0.0
2019-02-04,8,0,161,0.0,0.0,0.0,0.0,0.0
2019-02-04,8,0,162,21.5,21.5,0.0,332.963722,0.0
2019-02-04,8,0,163,121.67,121.67,0.0,-2136.852473,0.0
2019-02-04,8,0,164,0.0,0.0,0.0,0.0,0.0
2019-02-04,8,0,167,0.0,0.0,0.0,0.0,0.0
2019-02-04,8,0,168,0.0,0.0,0.0,0.0,0.0
2019-02-04,8,0,169,0.0,0.0,0.0,0.0,0.0
2019-02-04,8,0,170,0.0,0.0,0.0,0.0,0.0
2019-02-04,8,0,172,0.0,0.0,0.0,0.0,0.0
2019-02-04,8,0,173,0.0,0.0,0.0,0.0,0.0
2019-02-04,8,0,188,0.0,0.0,0.0,0.0,0.0
2019-02-04,8,0,190,0.0,0.0,0.0,0.0,0.0
2019-02-04,8,0,191,0.0,0.0,0.0,0.0,0.0
2019-02-04,8,0,192,116.68,116.68,0.0,2079.315286,0.0
2019-02-04,8,0,194,103.14,103.14,0.0,1046.348931,0.0
2019-02-04,8,0,196,0.0,0.0,0.0,0.0,0.0
2019-02-04,8,0,198,0.0,0.0,0.0,0.0,0.0
2019-02-04,8,0,199,13.5,13.5,0.0,147.282238,0.0
2019-02-04,8,0,200,0.0,0.0,0.0,0.0,0.0
2019-02-04,8,0,204,253.32,253.32,0.0,2117.138124,0.0
2019-02-04,8,0,205,334.81,334.81,0.0,2821.018611,0.0
2019-02-04,8,0,206,228.27,228.27,0.0,1597.594279,0.0
2019-02-04,8,0,210,0.0,0.0,0.0,0.0,0.0
2019-02-04,8,0,214,0.0,0.0,0.0,0.0,0.0
2019-02-04,8,0,217,0.0,0.0,0.0,0.0,0.0
2019-02-04,8,0,218,0.0,0.0,0.0,0.0,0.0
2019-02-04,8,0,219,0.0,0.0,0.0,0.0,0.0
2019-02-04,8,0,221,0.0,0.0,0.0,0.0,0.0
2019-02-04,8,0,225,0.0,0.0,0.0,0.0,0.0
2019-02-04,8,0,233,0.0,0.0,0.0,0.0,0.0
2019-02-04,8,0,236,3.9,3.9,0.0,36.763798,0.0
2019-02-04,8,0,237,5.41,5.41,0.0,49.287962,0.0
2019-02-04,8,0,238,0.0,0.0,0.0,0.0,0.0
2019-02-04,8,0,240,0.0,0.0,0.0,0.0,0.0
2019-02-04,8,0,245,3.36,3.36,0.0,32.875618,0.0
2019-02-04,8,0,247,4.91,4.91,0.0,48.041454,0.0
2019-02-04,8,0,248,0.54,0.54,0.0,4.919686,0.0
2019-02-04,8,0,249,6.46,6.46,0.0,63.207289,0.0
2019-02-04,8,0,251,23.58,23.58,0.0,227.647994,0.0
2019-02-04,8,0,252,16.44,16.44,0.0,159.272243,0.0
2019-02-04,8,0,254,0.0,0.0,0.0,0.0,0.0
2019-02-04,8,0,255,0.0,0.0,0.0,0.0,0.0
2019-02-04,8,0,258,0.0,0.0,0.0,0.0,0.0
2019-02-04,8,0,260,0.0,0.0,0.0,0.0,0.0
2019-02-04,8,0,265,0.0,0.0,0.0,0.0,0.0
2019-02-04,8,0,266,5.26,5.26,0.0,41.47668,0.0
2019-02-04,8,0,267,6.47,6.47,0.0,51.017894,0.0
2019-02-04,8,0,270,379.96,379.96,0.0,-6673.119632,0.0
2019-02-04,8,0,272,239.38,239.38,0.0,1457.158654,0.0
2019-02-04,8,0,273,0.0,0.0,0.0,-0.0,0.0
2019-02-04,8,0,274,489.82,489.82,0.0,-8602.556739,0.0
2019-02-04,8,0,275,681.83,681.83,0.0,-11974.768815,0.0
2019-02-04,8,0,276,0.0,0.0,0.0,-0.0,0.0
2019-02-04,8,0,277,0.0,0.0,0.0,0.0,0.0
2019-02-04,8,0,278,0.0,0.0,0.0,0.0,0.0
2019-02-04,8,0,279,144.04,144.04,0.0,841.517639,0.0
2019-02-04,8,0,281,5.49,5.49,0.0,38.515859,0.0
2019-02-04,8,0,282,0.0,0.0,0.0,0.0,0.0
2019-02-04,9,0,9,0.26,0.26,0.0,2.030203,0.0
2019-02-04,9,0,17,8.86,8.86,0.0,86.875889,0.0
2019-02-04,9,0,19,22.28,22.28,0.0,218.464425,0.0
2019-02-04,9,0,20,27.67,27.67,0.0,271.315558,0.0
2019-02-04,9,0,21,6.03,6.03,0.0,47.085083,0.0
2019-02-04,9,0,22,21.43,21.43,0.0,167.335543,0.0
2019-02-04,9,0,23,80.84,80.84,0.0,631.23683,0.0
2019-02-04,9,0,24,143.02,143.02,0.0,1116.767583,0.0
2019-02-04,9,0,29,1.7,1.7,0.0,13.262452,0.0
2019-02-04,9,0,30,43.11,43.11,0.0,336.158991,0.0
2019-02-04,9,0,31,14.15,14.15,0.0,110.337502,0.0
2019-02-04,9,0,32,0.81,0.81,0.0,17.318452,0.0
2019-02-04,9,0,33,0.46,0.46,0.0,4.717667,0.0
2019-02-04,9,0,34,0.74,0.74,0.0,7.58929,0.0
2019-02-04,9,0,35,0.74,0.74,0.0,7.58929,0.0
2019-02-04,9,0,36,1.54,1.54,0.0,13.866115,0.0
2019-02-04,9,0,37,0.74,0.74,0.0,6.643683,0.0
2019-02-04,9,0,38,0.95,0.95,0.0,8.529053,0.0
2019-02-04,9,0,39,0.64,0.64,0.0,5.745888,0.0
2019-02-04,9,0,40,0.64,0.64,0.0,5.745888,0.0
2019-02-04,9,0,41,5.86,5.86,0.0,49.180403,0.0
2019-02-04,9,0,42,10.36,10.36,0.0,100.572557,0.0
2019-02-04,9,0,43,4.75,4.75,0.0,42.739941,0.0
2019-02-04,9,0,46,3.95,3.95,0.0,34.944643,0.0
2019-02-04,9,0,52,15.02,15.02,0.0,117.121504,0.0
2019-02-04,9,0,53,23.99,23.99,0.0,187.066903,0.0
2019-02-04,9,0,55,97.08,97.08,0.0,758.046406,0.0
2019-02-04,9,0,56,12.72,12.72,0.0,99.186787,0.0
2019-02-04,9,0,57,12.1,12.1,0.0,94.352211,0.0
2019-02-04,9,0,58,23.26,23.26,0.0,181.37458,0.0
2019-02-04,9,0,59,22.87,22.87,0.0,178.333476,0.0
2019-02-04,9,0,63,35.92,35.92,0.0,1164.797852,0.0
2019-02-04,9,0,64,42.26,42.26,0.0,1370.388564,0.0
2019-02-04,9,0,65,2.48,2.48,0.0,24.272428,0.0
2019-02-04,9,0,67,24.35,24.35,0.0,-1621.371358,0.0
2019-02-04,9,0,68,10.78,10.78,0.0,-487.897996,0.0
2019-02-04,9,0,69,0.46,0.46,0.0,4.717667,0.0
2019-02-04,9,0,74,2.66,2.66,0.0,24.710879,0.0
2019-02-04,9,0,77,41.73,41.73,0.0,-1144.86355,0.0
2019-02-04,9,0,78,31.55,31.55,0.0,-865.575006,0.0
2019-02-04,9,0,79,18.26,18.26,0.0,-500.963537,0.0
2019-02-04,9,0,80,29.52,29.52,0.0,-809.881907,0.0
2019-02-04,9,0,81,38.6,38.6,0.0,-1058.991925,0.0
2019-02-04,9,0,82,27.23,27.23,0.0,-747.055702,0.0
2019-02-04,9,0,83,60.71,60.71,0.0,-1665.580304,0.0
2019-02-04,9,0,84,0.0,0.0,0.0,0.0,0.0
2019-02-04,9,0,86,2.34,2.34,0.0,23.998566,0.0
2019-02-04,9,0,87,11.95,11.95,0.0,122.556779,0.0
2019-02-04,9,0,88,107.53,107.53,0.0,-2950.088126,0.0
2019-02-04,9,0,89,102.71,102.71,0.0,-2817.85131,0.0
2019-02-04,9,0,90,144.17,144.17,0.0,-3955.307403,0.0
2019-02-04,9,0,91,541.73,541.73,0.0,-14862.375526,0.0
2019-02-04,9,0,92,190.6,190.6,0.0,-5229.115565,0.0
2019-02-04,9,0,95,36.0,36.0,0.0,786.639563,0.0
2019-02-04,9,0,96,13.76,13.76,0.0,107.141547,0.0
2019-02-04,9,0,97,84.61,84.61,0.0,658.811505,0.0
2019-02-04,9,0,99,0.51,0.51,0.0,4.7378,0.0
2019-02-04,9,0,101,0.87,0.87,0.0,6.784002,0.0
2019-02-04,9,0,102,25.48,25.48,0.0,-1153.213446,0.0
2019-02-04,9,0,103,22.16,22.16,0.0,-1002.951725,0.0
2019-02-04,9,0,104,4.13,4.13,0.0,-186.92196,0.0
2019-02-04,9,0,106,21.1,21.1,0.0,164.758747,0.0
2019-02-04,9,0,109,65.18,65.18,0.0,568.463404,0.0
2019-02-04,9,0,110,54.24,54.24,0.0,-7153.970412,0.0
2019-02-04,9,0,111,2.23,2.23,0.0,18.71541,0.0
2019-02-04,9,0,113,43.0,43.0,0.0,-1002.765631,0.0
2019-02-04,9,0,115,43.0,43.0,0.0,-1002.765631,0.0
2019-02-04,9,0,116,12.64,12.64,0.0,-1667.149447,0.0
2019-02-04,9,0,117,2.92,2.92,0.0,-68.094782,0.0
2019-02-04,9,0,119,42.26,42.26,0.0,1370.388564,0.0
2019-02-04,9,0,120,24.85,24.85,0.0,805.824794,0.0
2019-02-04,9,0,123,0.35,0.35,0.0,2.732965,0.0
2019-02-04,9,0,125,129.43,129.43,0.0,1010.650456,0.0
2019-02-04,9,0,126,15.83,15.83,0.0,123.608103,0.0
2019-02-04,9,0,127,20.31,20.31,0.0,158.590055,0.0
2019-02-04,9,0,128,185.37,185.37,0.0,1447.456348,0.0
2019-02-04,9,0,131,19.89,19.89,0.0,-786.925829,0.0
2019-02-04,9,0,132,29.24,29.24,0.0,-1156.848228,0.0
2019-02-04,9,0,133,2.06,2.06,0.0,20.202654,0.0
2019-02-04,9,0,134,0.0,0.0,0.0,0.0,0.0
2019-02-04,9,0,135,2.76,2.76,0.0,27.067634,0.0
2019-02-04,9,0,136,3.74,3.74,0.0,36.600663,0.0
2019-02-04,9,0,139,7.56,7.56,0.0,63.447756,0.0
2019-02-04,9,0,140,40.14,40.14,0.0,-5294.254652,0.0
2019-02-04,9,0,141,145.16,145.16,0.0,-9665.637219,0.0
2019-02-04,9,0,142,32.11,32.11,0.0,-2138.079437,0.0
2019-02-04,9,0,143,20.73,20.73,0.0,161.64639,0.0
2019-02-04,9,0,145,10.09,10.09,0.0,82.142829,0.0
2019-02-04,9,0,146,121.88,121.88,0.0,-16075.330268,0.0
2019-02-04,9,0,152,1.13,1.13,0.0,10.48952,0.0
2019-02-04,9,0,153,1.42,1.42,0.0,13.147771,0.0
2019-02-04,9,0,154,9.21,9.21,0.0,77.295481,0.0
2019-02-04,9,0,157,74.46,74.46,0.0,-4958.000464,0.0
2019-02-04,9,0,158,9.3,9.3,0.0,-619.250662,0.0
2019-02-04,9,0,159,0.0,0.0,0.0,0.0,0.0
2019-02-04,9,0,160,0.38,0.38,0.0,3.460843,0.0
2019-02-04,9,0,161,5.64,5.64,0.0,-255.263887,0.0
2019-02-04,9,0,162,20.16,20.16,0.0,442.848512,0.0
2019-02-04,9,0,163,152.19,152.19,0.0,-20073.059678,0.0
2019-02-04,9,0,164,1.37,1.37,0.0,10.682854,0.0
2019-02-04,9,0,167,0.95,0.95,0.0,20.460448,0.0
2019-02-04,9,0,168,0.48,0.48,0.0,10.33791,0.0
2019-02-04,9,0,169,0.0,0.0,0.0,0.0,0.0
2019-02-04,9,0,170,1.04,1.04,0.0,22.398806,0.0
2019-02-04,9,0,172,1.27,1.27,0.0,23.997307,0.0
2019-02-04,9,0,173,1.94,1.94,0.0,36.657304,0.0
2019-02-04,9,0,188,1.65,1.65,0.0,32.200395,0.0
2019-02-04,9,0,190,1.14,1.14,0.0,36.967415,0.0
2019-02-04,9,0,191,2.94,2.94,0.0,95.337018,0.0
2019-02-04,9,0,192,118.72,118.72,0.0,3849.799581,0.0
2019-02-04,9,0,194,90.41,90.41,0.0,-326.046754,0.0
2019-02-04,9,0,196,0.73,0.73,0.0,40.038777,0.0
2019-02-04,9,0,198,1.74,1.74,0.0,15.908118,0.0
2019-02-04,9,0,199,13.32,13.32,0.0,73.886969,0.0
2019-02-04,9,0,200,3.09,3.09,0.0,17.140446,0.0
2019-02-04,9,0,204,147.64,147.64,0.0,1279.815092,0.0
2019-02-04,9,0,205,367.1,367.1,0.0,3201.640313,0.0
2019-02-04,9,0,206,248.61,248.61,0.0,1935.789249,0.0
2019-02-04,9,0,210,0.51,0.51,0.0,4.061559,0.0
2019-02-04,9,0,214,2.72,2.72,0.0,28.621959,0.0
2019-02-04,9,0,217,1.89,1.89,0.0,17.779895,0.0
2019-02-04,9,0,218,2.6,2.6,0.0,24.459115,0.0
2019-02-04,9,0,219,1.77,1.77,0.0,16.651013,0.0
2019-02-04,9,0,221,1.45,1.45,0.0,15.25803,0.0
2019-02-04,9,0,225,1.5,1.5,0.0,11.678638,0.0
2019-02-04,9,0,233,1.32,1.32,0.0,13.537653,0.0
2019-02-04,9,0,236,3.17,3.17,0.0,30.29018,0.0
2019-02-04,9,0,237,6.38,6.38,0.0,59.268951,0.0
2019-02-04,9,0,238,13.49,13.49,0.0,130.957896,0.0
2019-02-04,9,0,240,1.74,1.74,0.0,15.666909,0.0
2019-02-04,9,0,245,3.76,3.76,0.0,37.11908,0.0
2019-02-04,9,0,247,5.01,5.01,0.0,49.4592,0.0
2019-02-04,9,0,248,0.64,0.64,0.0,5.945475,0.0
2019-02-04,9,0,249,7.23,7.23,0.0,71.375252,0.0
2019-02-04,9,0,251,22.21,22.21,0.0,216.713926,0.0
2019-02-04,9,0,252,15.99,15.99,0.0,156.498435,0.0
2019-02-04,9,0,254,2.71,2.71,0.0,24.458793,0.0
2019-02-04,9,0,255,1.24,1.24,0.0,11.191477,0.0
2019-02-04,9,0,258,2.14,2.14,0.0,19.266393,0.0
2019-02-04,9,0,260,0.92,0.92,0.0,8.378884,0.0
2019-02-04,9,0,265,9.53,9.53,0.0,79.9811,0.0
2019-02-04,9,0,266,4.9,4.9,0.0,41.123546,0.0
2019-02-04,9,0,267,6.02,6.02,0.0,50.523213,0.0
2019-02-04,9,0,270,475.3,475.3,0.0,-62689.567415,0.0
2019-02-04,9,0,272,143.48,143.48,0.0,-3345.97239,0.0
2019-02-04,9,0,273,3.02,3.02,0.0,-398.322099,0.0
2019-02-04,9,0,274,612.72,612.72,0.0,-80814.541862,0.0
2019-02-04,9,0,275,852.91,852.91,0.0,-112494.338196,0.0
2019-02-04,9,0,276,0.69,0.69,0.0,-80.945759,0.0
2019-02-04,9,0,277,0.89,0.89,0.0,-22.223174,0.0
2019-02-04,9,0,278,1.43,1.43,0.0,-35.706897,0.0
2019-02-04,9,0,279,159.53,159.53,0.0,-3983.441441,0.0
2019-02-04,9,0,281,6.31,6.31,0.0,49.203508,0.0
2019-02-04,9,0,282,23.65,23.65,0.0,184.415684,0.0
2019-02-04,10,0,9,1.32,1.32,0.0,11.123379,0.0
2019-02-04,10,0,17,23.59,23.59,0.0,227.831856,0.0
2019-02-04,10,0,19,18.7,18.7,0.0,180.604312,0.0
2019-02-04,10,0,20,23.17,23.17,0.0,223.775503,0.0
2019-02-04,10,0,21,30.16,30.16,0.0,254.152354,0.0
2019-02-04,10,0,22,107.2,107.2,0.0,903.353193,0.0
2019-02-04,10,0,23,95.61,95.61,0.0,805.686556,0.0
2019-02-04,10,0,24,169.16,169.16,0.0,1425.477856,0.0
2019-02-04,10,0,29,4.28,4.28,0.0,43.233324,0.0
2019-02-04,10,0,30,231.64,231.64,0.0,1950.175926,0.0
2019-02-04,10,0,31,26.31,26.31,0.0,221.50375,0.0
2019-02-04,10,0,32,2.58,2.58,0.0,33.350307,0.0
2019-02-04,10,0,33,1.18,1.18,0.0,11.652137,0.0
2019-02-04,10,0,34,1.88,1.88,0.0,18.564422,0.0
2019-02-04,10,0,35,1.88,1.88,0.0,18.564422,0.0
2019-02-04,10,0,36,4.54,4.54,0.0,42.35494,0.0
2019-02-04,10,0,37,2.13,2.13,0.0,19.86427,0.0
2019-02-04,10,0,38,2.74,2.74,0.0,25.553099,0.0
2019-02-04,10,0,39,1.83,1.83,0.0,17.066486,0.0
2019-02-04,10,0,40,1.83,1.83,0.0,17.066486,0.0
2019-02-04,10,0,41,5.61,5.61,0.0,49.555768,0.0
2019-02-04,10,0,42,29.96,29.96,0.0,287.945857,0.0
2019-02-04,10,0,43,14.39,14.39,0.0,135.108967,0.0
2019-02-04,10,0,46,12.75,12.75,0.0,117.851229,0.0
2019-02-04,10,0,52,27.9,27.9,0.0,234.889951,0.0
2019-02-04,10,0,53,44.49,44.49,0.0,374.561073,0.0
2019-02-04,10,0,55,102.58,102.58,0.0,864.421367,0.0
2019-02-04,10,0,56,68.33,68.33,0.0,575.269906,0.0
2019-02-04,10,0,57,64.99,64.99,0.0,547.150464,0.0
2019-02-04,10,0,58,124.99,124.99,0.0,1052.290144,0.0
2019-02-04,10,0,59,122.91,122.91,0.0,1034.778635,0.0
2019-02-04,10,0,63,41.27,41.27,0.0,586.845444,0.0
2019-02-04,10,0,64,48.55,48.55,0.0,690.364582,0.0
2019-02-04,10,0,65,3.15,3.15,0.0,30.395164,0.0
2019-02-04,10,0,67,137.5,137.5,0.0,426.749634,0.0
2019-02-04,10,0,68,21.36,21.36,0.0,119.004456,0.0
2019-02-04,10,0,69,1.18,1.18,0.0,11.652137,0.0
2019-02-04,10,0,74,6.14,6.14,0.0,57.725261,0.0
2019-02-04,10,0,77,46.96,46.96,0.0,360.476976,0.0
2019-02-04,10,0,78,35.5,35.5,0.0,272.507084,0.0
2019-02-04,10,0,79,20.54,20.54,0.0,157.670296,0.0
2019-02-04,10,0,80,33.22,33.22,0.0,255.005221,0.0
2019-02-04,10,0,81,43.44,43.44,0.0,333.456556,0.0
2019-02-04,10,0,82,30.64,30.64,0.0,235.20048,0.0
2019-02-04,10,0,83,68.32,68.32,0.0,524.441802,0.0
2019-02-04,10,0,84,0.0,0.0,0.0,0.0,0.0
2019-02-04,10,0,86,5.95,5.95,0.0,58.75442,0.0
2019-02-04,10,0,87,30.4,30.4,0.0,300.190651,0.0
2019-02-04,10,0,88,81.19,81.19,0.0,623.235216,0.0
2019-02-04,10,0,89,77.67,77.67,0.0,596.214795,0.0
2019-02-04,10,0,90,107.85,107.85,0.0,827.884197,0.0
2019-02-04,10,0,91,399.56,399.56,0.0,3067.124802,0.0
2019-02-04,10,0,92,141.57,141.57,0.0,1086.727546,0.0
2019-02-04,10,0,95,83.4,83.4,0.0,1082.403599,0.0
2019-02-04,10,0,96,15.08,15.08,0.0,126.835393,0.0
2019-02-04,10,0,97,92.72,92.72,0.0,779.852627,0.0
2019-02-04,10,0,99,1.26,1.26,0.0,11.845901,0.0
2019-02-04,10,0,101,4.67,4.67,0.0,39.316705,0.0
2019-02-04,10,0,102,50.57,50.57,0.0,281.744165,0.0
2019-02-04,10,0,103,43.97,43.97,0.0,244.973125,0.0
2019-02-04,10,0,104,8.17,8.17,0.0,45.51809,0.0
2019-02-04,10,0,106,105.53,105.53,0.0,889.280434,0.0
2019-02-04,10,0,109,65.83,65.83,0.0,599.184148,0.0
2019-02-04,10,0,110,29.23,29.23,0.0,-130.171672,0.0
2019-02-04,10,0,111,6.19,6.19,0.0,54.67918,0.0
2019-02-04,10,0,113,79.87,79.87,0.0,640.016805,0.0
2019-02-04,10,0,115,79.87,79.87,0.0,640.016805,0.0
2019-02-04,10,0,116,55.36,55.36,0.0,-246.537932,0.0
2019-02-04,10,0,117,5.32,5.32,0.0,42.630392,0.0
2019-02-04,10,0,119,48.55,48.55,0.0,690.364582,0.0
2019-02-04,10,0,120,28.55,28.55,0.0,405.971346,0.0
2019-02-04,10,0,123,1.76,1.76,0.0,14.831172,0.0
2019-02-04,10,0,125,153.07,153.07,0.0,1289.890609,0.0
2019-02-04,10,0,126,79.15,79.15,0.0,666.981392,0.0
2019-02-04,10,0,127,101.58,101.58,0.0,855.994565,0.0
2019-02-04,10,0,128,219.24,219.24,0.0,1847.492109,0.0
2019-02-04,10,0,131,30.86,30.86,0.0,192.270945,0.0
2019-02-04,10,0,132,49.8,49.8,0.0,310.275213,0.0
2019-02-04,10,0,133,2.22,2.22,0.0,21.442551,0.0
2019-02-04,10,0,134,0.0,0.0,0.0,0.0,0.0
2019-02-04,10,0,135,2.98,2.98,0.0,28.783244,0.0
2019-02-04,10,0,136,4.17,4.17,0.0,40.23541,0.0
2019-02-04,10,0,139,7.24,7.24,0.0,63.954324,0.0
2019-02-04,10,0,140,21.63,21.63,0.0,-96.326147,0.0
2019-02-04,10,0,141,158.21,158.21,0.0,491.025888,0.0
2019-02-04,10,0,142,181.33,181.33,0.0,562.781899,0.0
2019-02-04,10,0,143,22.08,22.08,0.0,185.891402,0.0
2019-02-04,10,0,145,19.33,19.33,0.0,167.639673,0.0
2019-02-04,10,0,146,100.88,100.88,0.0,-449.254816,0.0
2019-02-04,10,0,152,3.12,3.12,0.0,29.364399,0.0
2019-02-04,10,0,153,3.94,3.94,0.0,37.038235,0.0
2019-02-04,10,0,154,25.55,25.55,0.0,225.695163,0.0
2019-02-04,10,0,157,52.75,52.75,0.0,163.716678,0.0
2019-02-04,10,0,158,114.74,114.74,0.0,356.110931,0.0
2019-02-04,10,0,159,0.0,0.0,0.0,0.0,0.0
2019-02-04,10,0,160,1.15,1.15,0.0,11.020914,0.0
2019-02-04,10,0,161,27.09,27.09,0.0,150.928405,0.0
2019-02-04,10,0,162,37.78,37.78,0.0,490.84677,0.0
2019-02-04,10,0,163,104.02,104.02,0.0,-463.238362,0.0
2019-02-04,10,0,164,7.79,7.79,0.0,65.583969,0.0
2019-02-04,10,0,167,2.96,2.96,0.0,38.308199,0.0
2019-02-04,10,0,168,1.48,1.48,0.0,19.154099,0.0
2019-02-04,10,0,169,0.0,0.0,0.0,0.0,0.0
2019-02-04,10,0,170,3.23,3.23,0.0,41.802528,0.0
2019-02-04,10,0,172,3.9,3.9,0.0,49.057779,0.0
2019-02-04,10,0,173,5.94,5.94,0.0,74.718771,0.0
2019-02-04,10,0,188,5.26,5.26,0.0,66.809314,0.0
2019-02-04,10,0,190,4.58,4.58,0.0,65.126051,0.0
2019-02-04,10,0,191,11.82,11.82,0.0,168.076403,0.0
2019-02-04,10,0,192,121.3,121.3,0.0,1724.844981,0.0
2019-02-04,10,0,194,43.5,43.5,0.0,442.156295,0.0
2019-02-04,10,0,196,2.95,2.95,0.0,49.580521,0.0
2019-02-04,10,0,198,5.1,5.1,0.0,50.559935,0.0
2019-02-04,10,0,199,13.33,13.33,0.0,141.722088,0.0
2019-02-04,10,0,200,9.39,9.39,0.0,99.832739,0.0
2019-02-04,10,0,204,82.69,82.69,0.0,750.097943,0.0
2019-02-04,10,0,205,388.79,388.79,0.0,3538.763558,0.0
2019-02-04,10,0,206,272.46,272.46,0.0,2291.616122,0.0
2019-02-04,10,0,210,1.31,1.31,0.0,13.290353,0.0
2019-02-04,10,0,214,7.1,7.1,0.0,71.020225,0.0
2019-02-04,10,0,217,4.91,4.91,0.0,49.429797,0.0
2019-02-04,10,0,218,6.77,6.77,0.0,68.15473,0.0
2019-02-04,10,0,219,4.61,4.61,0.0,46.409647,0.0
2019-02-04,10,0,221,3.79,3.79,0.0,37.910796,0.0
2019-02-04,10,0,225,3.83,3.83,0.0,38.671466,0.0
2019-02-04,10,0,233,3.37,3.37,0.0,33.277714,0.0
2019-02-04,10,0,236,3.51,3.51,0.0,33.481611,0.0
2019-02-04,10,0,237,14.34,14.34,0.0,134.81763,0.0
2019-02-04,10,0,238,39.0,39.0,0.0,374.829386,0.0
2019-02-04,10,0,240,5.14,5.14,0.0,47.95251,0.0
2019-02-04,10,0,245,5.53,5.53,0.0,53.586104,0.0
2019-02-04,10,0,247,8.15,8.15,0.0,78.974095,0.0
2019-02-04,10,0,248,1.56,1.56,0.0,14.666353,0.0
2019-02-04,10,0,249,10.64,10.64,0.0,103.102377,0.0
2019-02-04,10,0,251,25.92,25.92,0.0,249.737428,0.0
2019-02-04,10,0,252,20.35,20.35,0.0,196.36241,0.0
2019-02-04,10,0,254,7.8,7.8,0.0,73.615216,0.0
2019-02-04,10,0,255,3.58,3.58,0.0,33.787497,0.0
2019-02-04,10,0,258,6.44,6.44,0.0,60.142781,0.0
2019-02-04,10,0,260,2.78,2.78,0.0,26.641862,0.0
2019-02-04,10,0,265,26.45,26.45,0.0,233.645286,0.0
2019-02-04,10,0,266,4.69,4.69,0.0,41.428975,0.0
2019-02-04,10,0,267,5.76,5.76,0.0,50.880788,0.0
2019-02-04,10,0,270,324.69,324.69,0.0,-1445.961004,0.0
2019-02-04,10,0,272,266.94,266.94,0.0,2139.052034,0.0
2019-02-04,10,0,273,13.24,13.24,0.0,-58.962468,0.0
2019-02-04,10,0,274,418.54,418.54,0.0,-1863.908709,0.0
2019-02-04,10,0,275,582.57,582.57,0.0,-2594.393121,0.0
2019-02-04,10,0,276,2.97,2.97,0.0,-8.215144,0.0
2019-02-04,10,0,277,3.64,3.64,0.0,28.676403,0.0
2019-02-04,10,0,278,5.83,5.83,0.0,45.929513,0.0
2019-02-04,10,0,279,175.21,175.21,0.0,1380.327609,0.0
2019-02-04,10,0,281,11.73,11.73,0.0,98.754808,0.0
2019-02-04,10,0,282,127.07,127.07,0.0,1069.801653,0.0
2019-02-04,11,0,9,2.14,2.14,0.0,-3.206629,0.0
2019-02-04,11,0,17,37.33,37.33,0.0,286.752469,0.0
2019-02-04,11,0,19,16.84,16.84,0.0,129.357396,0.0
2019-02-04,11,0,20,20.42,20.42,0.0,156.857365,0.0
2019-02-04,11,0,21,48.95,48.95,0.0,-73.347885,0.0
2019-02-04,11,0,22,173.97,173.97,0.0,-260.680932,0.0
2019-02-04,11,0,23,61.07,61.07,0.0,-91.508792,0.0
2019-02-04,11,0,24,108.0,108.0,0.0,-161.829859,0.0
2019-02-04,11,0,29,6.57,6.57,0.0,41.632836,0.0
2019-02-04,11,0,30,381.38,381.38,0.0,-592.436626,0.0
2019-02-04,11,0,31,47.0,47.0,0.0,-73.009915,0.0
2019-02-04,11,0,32,4.15,4.15,0.0,181.939065,0.0
2019-02-04,11,0,33,1.88,1.88,0.0,17.796581,0.0
2019-02-04,11,0,34,3.01,3.01,0.0,28.493462,0.0
2019-02-04,11,0,35,3.01,3.01,0.0,28.493462,0.0
2019-02-04,11,0,36,7.24,7.24,0.0,34.55309,0.0
2019-02-04,11,0,37,3.46,3.46,0.0,16.305143,0.0
2019-02-04,11,0,38,4.45,4.45,0.0,20.970487,0.0
2019-02-04,11,0,39,2.96,2.96,0.0,13.948909,0.0
2019-02-04,11,0,40,2.96,2.96,0.0,13.948909,0.0
2019-02-04,11,0,41,4.23,4.23,0.0,5.942463,0.0
2019-02-04,11,0,42,48.14,48.14,0.0,351.166513,0.0
2019-02-04,11,0,43,23.27,23.27,0.0,117.336785,0.0
2019-02-04,11,0,46,20.61,20.61,0.0,84.516984,0.0
2019-02-04,11,0,52,49.96,49.96,0.0,-77.607986,0.0
2019-02-04,11,0,53,81.37,81.37,0.0,-126.400357,0.0
2019-02-04,11,0,55,360.85,360.85,0.0,-540.706525,0.0
2019-02-04,11,0,56,112.49,112.49,0.0,-174.742241,0.0
2019-02-04,11,0,57,107.01,107.01,0.0,-166.229596,0.0
2019-02-04,11,0,58,205.78,205.78,0.0,-319.659156,0.0
2019-02-04,11,0,59,202.35,202.35,0.0,-314.330985,0.0
2019-02-04,11,0,63,38.77,38.77,0.0,4386.137145,0.0
2019-02-04,11,0,64,45.61,45.61,0.0,5159.961701,0.0
2019-02-04,11,0,65,5.48,5.48,0.0,41.701108,0.0
2019-02-04,11,0,67,226.48,226.48,0.0,-125881.323817,0.0
2019-02-04,11,0,68,22.36,22.36,0.0,-9184.781119,0.0
2019-02-04,11,0,69,1.88,1.88,0.0,17.796581,0.0
2019-02-04,11,0,74,0.0,0.0,0.0,0.0,0.0
2019-02-04,11,0,77,51.0,51.0,0.0,-14772.379184,0.0
2019-02-04,11,0,78,38.55,38.55,0.0,-11166.180736,0.0
2019-02-04,11,0,79,22.31,22.31,0.0,-6462.191757,0.0
2019-02-04,11,0,80,36.08,36.08,0.0,-10450.734136,0.0
2019-02-04,11,0,81,47.17,47.17,0.0,-13663.002472,0.0
2019-02-04,11,0,82,33.27,33.27,0.0,-9636.805009,0.0
2019-02-04,11,0,83,74.2,74.2,0.0,-21492.36344,0.0
2019-02-04,11,0,84,0.0,0.0,0.0,0.0,0.0
2019-02-04,11,0,86,9.54,9.54,0.0,90.308181,0.0
2019-02-04,11,0,87,48.72,48.72,0.0,461.196495,0.0
2019-02-04,11,0,88,41.46,41.46,0.0,-12009.075313,0.0
2019-02-04,11,0,89,39.85,39.85,0.0,-11542.731578,0.0
2019-02-04,11,0,90,53.51,53.51,0.0,-15499.411963,0.0
2019-02-04,11,0,91,190.89,190.89,0.0,-55292.146321,0.0
2019-02-04,11,0,92,68.65,68.65,0.0,-19884.780999,0.0
2019-02-04,11,0,95,76.18,76.18,0.0,1481.379505,0.0
2019-02-04,11,0,96,18.59,18.59,0.0,-29.945882,0.0
2019-02-04,11,0,97,136.61,136.61,0.0,-220.059542,0.0
2019-02-04,11,0,99,0.0,0.0,0.0,0.0,0.0
2019-02-04,11,0,101,7.68,7.68,0.0,-11.930131,0.0
2019-02-04,11,0,102,52.95,52.95,0.0,-21750.186058,0.0
2019-02-04,11,0,103,46.05,46.05,0.0,-18915.884192,0.0
2019-02-04,11,0,104,8.55,8.55,0.0,-3512.069703,0.0
2019-02-04,11,0,106,171.26,171.26,0.0,-256.620201,0.0
2019-02-04,11,0,109,35.95,35.95,0.0,115.934129,0.0
2019-02-04,11,0,110,8.87,8.87,0.0,-8870.0,0.0
2019-02-04,11,0,111,9.86,9.86,0.0,13.851699,0.0
2019-02-04,11,0,113,47.62,47.62,0.0,-12442.477059,0.0
2019-02-04,11,0,115,47.62,47.62,0.0,-12442.477059,0.0
2019-02-04,11,0,116,88.13,88.13,0.0,-88130.0,0.0
2019-02-04,11,0,117,3.2,3.2,0.0,-836.117736,0.0
2019-02-04,11,0,119,45.61,45.61,0.0,5159.961701,0.0
2019-02-04,11,0,120,26.82,26.82,0.0,3034.206815,0.0
2019-02-04,11,0,123,2.85,2.85,0.0,-4.27051,0.0
2019-02-04,11,0,125,97.74,97.74,0.0,-146.456023,0.0
2019-02-04,11,0,126,128.44,128.44,0.0,-192.457659,0.0
2019-02-04,11,0,127,164.83,164.83,0.0,-246.985331,0.0
2019-02-04,11,0,128,139.96,139.96,0.0,-209.71951,0.0
2019-02-04,11,0,131,25.46,25.46,0.0,-9471.896514,0.0
2019-02-04,11,0,132,37.42,37.42,0.0,-13921.381287,0.0
2019-02-04,11,0,133,3.83,3.83,0.0,29.44629,0.0
2019-02-04,11,0,134,0.0,0.0,0.0,0.0,0.0
2019-02-04,11,0,135,5.14,5.14,0.0,39.517997,0.0
2019-02-04,11,0,136,7.26,7.26,0.0,55.217716,0.0
2019-02-04,11,0,139,5.47,5.47,0.0,7.684462,0.0
2019-02-04,11,0,140,6.57,6.57,0.0,-6570.0,0.0
2019-02-04,11,0,141,186.0,186.0,0.0,-103381.871379,0.0
2019-02-04,11,0,142,298.67,298.67,0.0,-166005.717875,0.0
2019-02-04,11,0,143,52.79,52.79,0.0,-82.004115,0.0
2019-02-04,11,0,145,40.14,40.14,0.0,8.869339,0.0
2019-02-04,11,0,146,75.29,75.29,0.0,-75290.0,0.0
2019-02-04,11,0,152,5.14,5.14,0.0,28.962335,0.0
2019-02-04,11,0,153,6.56,6.56,0.0,36.356134,0.0
2019-02-04,11,0,154,40.67,40.67,0.0,57.134746,0.0
2019-02-04,11,0,157,60.73,60.73,0.0,-33754.736822,0.0
2019-02-04,11,0,158,200.89,200.89,0.0,-111657.979255,0.0
2019-02-04,11,0,159,0.0,0.0,0.0,0.0,0.0
2019-02-04,11,0,160,1.86,1.86,0.0,11.420818,0.0
2019-02-04,11,0,161,43.63,43.63,0.0,-17921.824697,0.0
2019-02-04,11,0,162,65.56,65.56,0.0,1326.744136,0.0
2019-02-04,11,0,163,145.42,145.42,0.0,-145420.0,0.0
2019-02-04,11,0,164,13.18,13.18,0.0,-20.473844,0.0
2019-02-04,11,0,167,4.64,4.64,0.0,75.692195,0.0
2019-02-04,11,0,168,2.32,2.32,0.0,37.846098,0.0
2019-02-04,11,0,169,0.0,0.0,0.0,0.0,0.0
2019-02-04,11,0,170,5.07,5.07,0.0,82.706773,0.0
2019-02-04,11,0,172,6.14,6.14,0.0,90.081876,0.0
2019-02-04,11,0,173,9.36,9.36,0.0,137.323511,0.0
2019-02-04,11,0,188,8.4,8.4,0.0,202.807516,0.0
2019-02-04,11,0,190,7.25,7.25,0.0,235.099789,0.0
2019-02-04,11,0,191,18.73,18.73,0.0,607.368145,0.0
2019-02-04,11,0,192,113.07,113.07,0.0,3666.583883,0.0
2019-02-04,11,0,194,42.6,42.6,0.0,-5403.882194,0.0
2019-02-04,11,0,196,4.7,4.7,0.0,1252.192611,0.0
2019-02-04,11,0,198,8.29,8.29,0.0,64.232353,0.0
2019-02-04,11,0,199,20.62,20.62,0.0,-566.538627,0.0
2019-02-04,11,0,200,15.12,15.12,0.0,-415.425026,0.0
2019-02-04,11,0,204,93.43,93.43,0.0,279.370666,0.0
2019-02-04,11,0,205,235.08,235.08,0.0,758.102785,0.0
2019-02-04,11,0,206,522.16,522.16,0.0,-841.126494,0.0
2019-02-04,11,0,210,1.98,1.98,0.0,13.504855,0.0
2019-02-04,11,0,214,11.26,11.26,0.0,118.486493,0.0
2019-02-04,11,0,217,7.72,7.72,0.0,68.858158,0.0
2019-02-04,11,0,218,10.65,10.65,0.0,94.992148,0.0
2019-02-04,11,0,219,7.25,7.25,0.0,64.666016,0.0
2019-02-04,11,0,221,6.01,6.01,0.0,63.241903,0.0
2019-02-04,11,0,225,5.96,5.96,0.0,37.488905,0.0
2019-02-04,11,0,233,5.4,5.4,0.0,51.117838,0.0
2019-02-04,11,0,236,0.0,0.0,0.0,0.0,0.0
2019-02-04,11,0,237,0.0,0.0,0.0,0.0,0.0
2019-02-04,11,0,238,62.66,62.66,0.0,457.085453,0.0
2019-02-04,11,0,240,8.21,8.21,0.0,39.18244,0.0
2019-02-04,11,0,245,9.38,9.38,0.0,74.53181,0.0
2019-02-04,11,0,247,13.42,13.42,0.0,106.632931,0.0
2019-02-04,11,0,248,0.0,0.0,0.0,0.0,0.0
2019-02-04,11,0,249,18.05,18.05,0.0,143.422087,0.0
2019-02-04,11,0,251,38.99,38.99,0.0,292.101452,0.0
2019-02-04,11,0,252,35.34,35.34,0.0,268.926486,0.0
2019-02-04,11,0,254,12.94,12.94,0.0,68.813464,0.0
2019-02-04,11,0,255,5.93,5.93,0.0,31.535073,0.0
2019-02-04,11,0,258,10.23,10.23,0.0,49.268846,0.0
2019-02-04,11,0,260,4.51,4.51,0.0,27.692413,0.0
2019-02-04,11,0,265,42.11,42.11,0.0,59.157712,0.0
2019-02-04,11,0,266,3.54,3.54,0.0,4.973125,0.0
2019-02-04,11,0,267,4.35,4.35,0.0,6.111044,0.0
2019-02-04,11,0,270,491.95,491.95,0.0,-491950.0,0.0
2019-02-04,11,0,272,159.02,159.02,0.0,-41549.825742,0.0
2019-02-04,11,0,273,21.08,21.08,0.0,-21080.0,0.0
2019-02-04,11,0,274,642.44,642.44,0.0,-642440.0,0.0
2019-02-04,11,0,275,906.45,906.45,0.0,-906450.0,0.0
2019-02-04,11,0,276,4.74,4.74,0.0,-4269.901983,0.0
2019-02-04,11,0,277,5.84,5.84,0.0,-1592.333593,0.0
2019-02-04,11,0,278,9.34,9.34,0.0,-2546.643109,0.0
2019-02-04,11,0,279,174.61,174.61,0.0,-47609.138457,0.0
2019-02-04,11,0,281,20.49,20.49,0.0,-31.829216,0.0
2019-02-04,11,0,282,209.21,209.21,0.0,-324.987326,0.0
2019-02-04,12,0,9,2.95,2.95,0.0,7.85861,0.0
2019-02-04,12,0,17,47.88,47.88,0.0,443.24426,0.0
2019-02-04,12,0,19,27.54,27.54,0.0,254.948766,0.0
2019-02-04,12,0,20,33.4,33.4,0.0,309.197124,0.0
2019-02-04,12,0,21,67.55,67.55,0.0,179.948841,0.0
2019-02-04,12,0,22,240.06,240.06,0.0,639.504348,0.0
2019-02-04,12,0,23,46.17,46.17,0.0,122.993901,0.0
2019-02-04,12,0,24,77.3,77.3,0.0,205.922212,0.0
2019-02-04,12,0,29,8.35,8.35,0.0,43.567952,0.0
2019-02-04,12,0,30,528.02,528.02,0.0,1385.796674,0.0
2019-02-04,12,0,31,73.31,73.31,0.0,192.403231,0.0
2019-02-04,12,0,32,5.51,5.51,0.0,231.419148,0.0
2019-02-04,12,0,33,2.54,2.54,0.0,26.778659,0.0
2019-02-04,12,0,34,4.07,4.07,0.0,42.90911,0.0
2019-02-04,12,0,35,4.07,4.07,0.0,42.90911,0.0
2019-02-04,12,0,36,10.04,10.04,0.0,71.870844,0.0
2019-02-04,12,0,37,4.76,4.76,0.0,33.865404,0.0
2019-02-04,12,0,38,6.12,6.12,0.0,43.541234,0.0
2019-02-04,12,0,39,4.08,4.08,0.0,29.027489,0.0
2019-02-04,12,0,40,4.08,4.08,0.0,29.027489,0.0
2019-02-04,12,0,41,3.77,3.77,0.0,17.894289,0.0
2019-02-04,12,0,42,63.2,63.2,0.0,567.45849,0.0
2019-02-04,12,0,43,32.53,32.53,0.0,239.050544,0.0
2019-02-04,12,0,46,27.71,27.71,0.0,184.973696,0.0
2019-02-04,12,0,52,77.71,77.71,0.0,203.951099,0.0
2019-02-04,12,0,53,123.46,123.46,0.0,324.022684,0.0
2019-02-04,12,0,55,623.0,623.0,0.0,1659.631796,0.0
2019-02-04,12,0,56,155.75,155.75,0.0,408.768289,0.0
2019-02-04,12,0,57,148.15,148.15,0.0,388.821971,0.0
2019-02-04,12,0,58,284.9,284.9,0.0,747.724466,0.0
2019-02-04,12,0,59,280.15,280.15,0.0,735.258017,0.0
2019-02-04,12,0,63,38.28,38.28,0.0,4242.873065,0.0
2019-02-04,12,0,64,45.03,45.03,0.0,4991.028582,0.0
2019-02-04,12,0,65,9.83,9.83,0.0,90.49145,0.0
2019-02-04,12,0,67,313.7,313.7,0.0,-175015.118522,0.0
2019-02-04,12,0,68,23.51,23.51,0.0,-9722.330629,0.0
2019-02-04,12,0,69,2.54,2.54,0.0,26.778659,0.0
2019-02-04,12,0,74,0.0,0.0,0.0,0.0,0.0
2019-02-04,12,0,77,55.54,55.54,0.0,-16278.475512,0.0
2019-02-04,12,0,78,41.99,41.99,0.0,-12307.043333,0.0
2019-02-04,12,0,79,24.3,24.3,0.0,-7122.199405,0.0
2019-02-04,12,0,80,39.29,39.29,0.0,-11515.687844,0.0
2019-02-04,12,0,81,51.37,51.37,0.0,-15056.270923,0.0
2019-02-04,12,0,82,36.24,36.24,0.0,-10621.749236,0.0
2019-02-04,12,0,83,80.81,80.81,0.0,-23684.976703,0.0
2019-02-04,12,0,84,0.0,0.0,0.0,0.0,0.0
2019-02-04,12,0,86,12.88,12.88,0.0,135.790993,0.0
2019-02-04,12,0,87,65.75,65.75,0.0,693.187717,0.0
2019-02-04,12,0,88,43.1,43.1,0.0,-12632.378368,0.0
2019-02-04,12,0,89,41.44,41.44,0.0,-12145.841289,0.0
2019-02-04,12,0,90,55.64,55.64,0.0,-16307.784974,0.0
2019-02-04,12,0,91,198.47,198.47,0.0,-58170.490364,0.0
2019-02-04,12,0,92,71.38,71.38,0.0,-20921.094383,0.0
2019-02-04,12,0,95,85.07,85.07,0.0,1654.252488,0.0
2019-02-04,12,0,96,20.44,20.44,0.0,52.803015,0.0
2019-02-04,12,0,97,125.66,125.66,0.0,324.619709,0.0
2019-02-04,12,0,99,0.0,0.0,0.0,0.0,0.0
2019-02-04,12,0,101,10.64,10.64,0.0,27.924845,0.0
2019-02-04,12,0,102,55.66,55.66,0.0,-23017.648779,0.0
2019-02-04,12,0,103,48.4,48.4,0.0,-20015.346764,0.0
2019-02-04,12,0,104,8.99,8.99,0.0,-3717.726599,0.0
2019-02-04,12,0,106,236.32,236.32,0.0,629.54123,0.0
2019-02-04,12,0,109,28.91,28.91,0.0,174.903328,0.0
2019-02-04,12,0,110,0.0,0.0,0.0,-0.0,0.0
2019-02-04,12,0,111,13.66,13.66,0.0,64.837133,0.0
2019-02-04,12,0,113,27.21,27.21,0.0,-7198.043247,0.0
2019-02-04,12,0,115,27.21,27.21,0.0,-7198.043247,0.0
2019-02-04,12,0,116,117.28,117.28,0.0,-117280.0,0.0
2019-02-04,12,0,117,1.81,1.81,0.0,-478.811403,0.0
2019-02-04,12,0,119,45.03,45.03,0.0,4991.028582,0.0
2019-02-04,12,0,120,26.48,26.48,0.0,2934.986384,0.0
2019-02-04,12,0,123,3.94,3.94,0.0,10.495906,0.0
2019-02-04,12,0,125,70.73,70.73,0.0,188.420156,0.0
2019-02-04,12,0,126,177.24,177.24,0.0,472.155922,0.0
2019-02-04,12,0,127,227.46,227.46,0.0,605.938761,0.0
2019-02-04,12,0,128,96.96,96.96,0.0,258.295183,0.0
2019-02-04,12,0,131,28.2,28.2,0.0,-10574.564716,0.0
2019-02-04,12,0,132,41.46,41.46,0.0,-15546.860039,0.0
2019-02-04,12,0,133,6.8,6.8,0.0,62.983472,0.0
2019-02-04,12,0,134,0.0,0.0,0.0,0.0,0.0
2019-02-04,12,0,135,9.11,9.11,0.0,84.379328,0.0
2019-02-04,12,0,136,12.07,12.07,0.0,111.07779,0.0
2019-02-04,12,0,139,4.86,4.86,0.0,23.06797,0.0
2019-02-04,12,0,140,0.0,0.0,0.0,-0.0,0.0
2019-02-04,12,0,141,216.71,216.71,0.0,-120903.813627,0.0
2019-02-04,12,0,142,413.69,413.69,0.0,-230800.141477,0.0
2019-02-04,12,0,143,104.93,104.93,0.0,275.390411,0.0
2019-02-04,12,0,145,26.84,26.84,0.0,104.582658,0.0
2019-02-04,12,0,146,58.01,58.01,0.0,-58010.0,0.0
2019-02-04,12,0,152,7.14,7.14,0.0,55.569684,0.0
2019-02-04,12,0,153,9.08,9.08,0.0,70.062667,0.0
2019-02-04,12,0,154,56.35,56.35,0.0,267.465038,0.0
2019-02-04,12,0,157,69.5,69.5,0.0,-38774.468401,0.0
2019-02-04,12,0,158,287.38,287.38,0.0,-160331.032071,0.0
2019-02-04,12,0,159,0.0,0.0,0.0,0.0,0.0
2019-02-04,12,0,160,2.57,2.57,0.0,20.893579,0.0
2019-02-04,12,0,161,60.41,60.41,0.0,-24981.964835,0.0
2019-02-04,12,0,162,72.27,72.27,0.0,1461.477291,0.0
2019-02-04,12,0,163,150.67,150.67,0.0,-150670.0,0.0
2019-02-04,12,0,164,18.91,18.91,0.0,49.629588,0.0
2019-02-04,12,0,167,6.08,6.08,0.0,99.69315,0.0
2019-02-04,12,0,168,3.04,3.04,0.0,49.846575,0.0
2019-02-04,12,0,169,0.0,0.0,0.0,0.0,0.0
2019-02-04,12,0,170,6.65,6.65,0.0,109.039383,0.0
2019-02-04,12,0,172,8.12,8.12,0.0,122.602043,0.0
2019-02-04,12,0,173,12.38,12.38,0.0,186.92282,0.0
2019-02-04,12,0,188,11.14,11.14,0.0,256.826955,0.0
2019-02-04,12,0,190,9.69,9.69,0.0,314.223028,0.0
2019-02-04,12,0,191,25.04,25.04,0.0,811.98603,0.0
2019-02-04,12,0,192,106.03,106.03,0.0,3438.293881,0.0
2019-02-04,12,0,194,42.7,42.7,0.0,-5569.446069,0.0
2019-02-04,12,0,196,6.33,6.33,0.0,1666.191416,0.0
2019-02-04,12,0,198,10.96,10.96,0.0,101.564829,0.0
2019-02-04,12,0,199,45.86,45.86,0.0,-2193.798584,0.0
2019-02-04,12,0,200,20.04,20.04,0.0,-958.650755,0.0
2019-02-04,12,0,204,105.09,105.09,0.0,618.059241,0.0
2019-02-04,12,0,205,152.94,152.94,0.0,925.275508,0.0
2019-02-04,12,0,206,369.23,369.23,0.0,953.838414,0.0
2019-02-04,12,0,210,2.48,2.48,0.0,12.762161,0.0
2019-02-04,12,0,214,14.43,14.43,0.0,163.112656,0.0
2019-02-04,12,0,217,9.68,9.68,0.0,86.340281,0.0
2019-02-04,12,0,218,13.35,13.35,0.0,119.074665,0.0
2019-02-04,12,0,219,9.1,9.1,0.0,81.167,0.0
2019-02-04,12,0,221,7.7,7.7,0.0,87.038632,0.0
2019-02-04,12,0,225,7.34,7.34,0.0,38.348871,0.0
2019-02-04,12,0,233,7.29,7.29,0.0,76.856859,0.0
2019-02-04,12,0,236,0.0,0.0,0.0,0.0,0.0
2019-02-04,12,0,237,0.0,0.0,0.0,0.0,0.0
2019-02-04,12,0,238,82.26,82.26,0.0,738.593915,0.0
2019-02-04,12,0,240,11.38,11.38,0.0,81.463168,0.0
2019-02-04,12,0,245,17.72,17.72,0.0,167.413745,0.0
2019-02-04,12,0,247,25.86,25.86,0.0,244.318253,0.0
2019-02-04,12,0,248,0.0,0.0,0.0,0.0,0.0
2019-02-04,12,0,249,34.08,34.08,0.0,321.978579,0.0
2019-02-04,12,0,251,67.99,67.99,0.0,620.11387,0.0
2019-02-04,12,0,252,63.41,63.41,0.0,583.729691,0.0
2019-02-04,12,0,254,17.54,17.54,0.0,132.333048,0.0
2019-02-04,12,0,255,8.04,8.04,0.0,60.658934,0.0
2019-02-04,12,0,258,14.25,14.25,0.0,102.445589,0.0
2019-02-04,12,0,260,6.24,6.24,0.0,50.729935,0.0
2019-02-04,12,0,265,58.34,58.34,0.0,276.910565,0.0
2019-02-04,12,0,266,3.15,3.15,0.0,14.951462,0.0
2019-02-04,12,0,267,3.87,3.87,0.0,18.368939,0.0
2019-02-04,12,0,270,470.54,470.54,0.0,-470540.0,0.0
2019-02-04,12,0,272,90.94,90.94,0.0,-24056.966295,0.0
2019-02-04,12,0,273,28.04,28.04,0.0,-28040.0,0.0
2019-02-04,12,0,274,606.58,606.58,0.0,-606580.0,0.0
2019-02-04,12,0,275,844.36,844.36,0.0,-844360.0,0.0
2019-02-04,12,0,276,6.38,6.38,0.0,-5750.22858,0.0
2019-02-04,12,0,277,7.72,7.72,0.0,-2130.612116,0.0
2019-02-04,12,0,278,12.36,12.36,0.0,-3411.187273,0.0
2019-02-04,12,0,279,174.28,174.28,0.0,-48098.844498,0.0
2019-02-04,12,0,281,32.9,32.9,0.0,86.34656,0.0
2019-02-04,12,0,282,289.65,289.65,0.0,760.190914,0.0
2019-02-04,13,0,9,3.46,3.46,0.0,-1355.525076,0.0
2019-02-04,13,0,17,44.3,44.3,0.0,292.374672,0.0
2019-02-04,13,0,19,43.68,43.68,0.0,288.282747,0.0
2019-02-04,13,0,20,52.97,52.97,0.0,349.595629,0.0
2019-02-04,13,0,21,79.18,79.18,0.0,-31020.368638,0.0
2019-02-04,13,0,22,281.39,281.39,0.0,-110240.231512,0.0
2019-02-04,13,0,23,90.35,90.35,0.0,-35396.442365,0.0
2019-02-04,13,0,24,157.79,157.79,0.0,-61817.428232,0.0
2019-02-04,13,0,29,8.93,8.93,0.0,43.420988,0.0
2019-02-04,13,0,30,603.55,603.55,0.0,-603550.0,0.0
2019-02-04,13,0,31,105.93,105.93,0.0,-105930.0,0.0
2019-02-04,13,0,32,6.26,6.26,0.0,121.859392,0.0
2019-02-04,13,0,33,2.19,2.19,0.0,22.943351,0.0
2019-02-04,13,0,34,3.5,3.5,0.0,36.667456,0.0
2019-02-04,13,0,35,3.5,3.5,0.0,36.667456,0.0
2019-02-04,13,0,36,8.69,8.69,0.0,9.008453,0.0
2019-02-04,13,0,37,3.97,3.97,0.0,4.198973,0.0
2019-02-04,13,0,38,5.11,5.11,0.0,5.404723,0.0
2019-02-04,13,0,39,3.41,3.41,0.0,3.606675,0.0
2019-02-04,13,0,40,3.41,3.41,0.0,3.606675,0.0
2019-02-04,13,0,41,4.08,4.08,0.0,-52.713071,0.0
2019-02-04,13,0,42,60.88,60.88,0.0,350.643387,0.0
2019-02-04,13,0,43,28.56,28.56,0.0,53.840678,0.0
2019-02-04,13,0,46,28.55,28.55,0.0,7.023971,0.0
2019-02-04,13,0,52,112.28,112.28,0.0,-112280.0,0.0
2019-02-04,13,0,53,178.38,178.38,0.0,-178380.0,0.0
2019-02-04,13,0,55,623.0,623.0,0.0,-244072.867663,0.0
2019-02-04,13,0,56,178.02,178.02,0.0,-178020.0,0.0
2019-02-04,13,0,57,169.34,169.34,0.0,-169340.0,0.0
2019-02-04,13,0,58,325.65,325.65,0.0,-325650.0,0.0
2019-02-04,13,0,59,320.23,320.23,0.0,-320230.0,0.0
2019-02-04,13,0,63,39.78,39.78,0.0,807.111379,0.0
2019-02-04,13,0,64,46.8,46.8,0.0,949.542799,0.0
2019-02-04,13,0,65,16.9,16.9,0.0,108.899957,0.0
2019-02-04,13,0,67,375.02,375.02,0.0,8069.400532,0.0
2019-02-04,13,0,68,24.74,24.74,0.0,558.715343,0.0
2019-02-04,13,0,69,2.19,2.19,0.0,22.943351,0.0
2019-02-04,13,0,74,0.0,0.0,0.0,0.0,0.0
2019-02-04,13,0,77,60.0,60.0,0.0,1454.535944,0.0
2019-02-04,13,0,78,45.36,45.36,0.0,1099.629174,0.0
2019-02-04,13,0,79,26.25,26.25,0.0,636.359476,0.0
2019-02-04,13,0,80,42.45,42.45,0.0,1029.084181,0.0
2019-02-04,13,0,81,55.5,55.5,0.0,1345.445748,0.0
2019-02-04,13,0,82,39.15,39.15,0.0,949.084704,0.0
2019-02-04,13,0,83,87.3,87.3,0.0,2116.349799,0.0
2019-02-04,13,0,84,0.0,0.0,0.0,0.0,0.0
2019-02-04,13,0,86,11.07,11.07,0.0,115.973925,0.0
2019-02-04,13,0,87,56.52,56.52,0.0,592.12703,0.0
2019-02-04,13,0,88,45.12,45.12,0.0,1093.81103,0.0
2019-02-04,13,0,89,43.38,43.38,0.0,1051.629488,0.0
2019-02-04,13,0,90,58.24,58.24,0.0,1411.869557,0.0
2019-02-04,13,0,91,207.75,207.75,0.0,5036.330707,0.0
2019-02-04,13,0,92,74.72,74.72,0.0,1811.382096,0.0
2019-02-04,13,0,95,81.9,81.9,0.0,1592.609366,0.0
2019-02-04,13,0,96,24.06,24.06,0.0,904.964047,0.0
2019-02-04,13,0,97,147.95,147.95,0.0,5564.814246,0.0
2019-02-04,13,0,99,0.0,0.0,0.0,0.0,0.0
2019-02-04,13,0,101,12.16,12.16,0.0,-12160.0,0.0
2019-02-04,13,0,102,58.59,58.59,0.0,1323.166206,0.0
2019-02-04,13,0,103,50.95,50.95,0.0,1150.628404,0.0
2019-02-04,13,0,104,9.46,9.46,0.0,213.639739,0.0
2019-02-04,13,0,106,277.0,277.0,0.0,-108520.360101,0.0
2019-02-04,13,0,109,32.25,32.25,0.0,-45.016647,0.0
2019-02-04,13,0,110,0.0,0.0,0.0,0.0,0.0
2019-02-04,13,0,111,13.57,13.57,0.0,-175.32264,0.0
2019-02-04,13,0,113,29.24,29.24,0.0,641.142564,0.0
2019-02-04,13,0,115,29.24,29.24,0.0,641.142564,0.0
2019-02-04,13,0,116,135.32,135.32,0.0,2469.877472,0.0
2019-02-04,13,0,117,1.95,1.95,0.0,42.757456,0.0
2019-02-04,13,0,119,46.8,46.8,0.0,949.542799,0.0
2019-02-04,13,0,120,27.52,27.52,0.0,558.363629,0.0
2019-02-04,13,0,123,4.62,4.62,0.0,-1809.978569,0.0
2019-02-04,13,0,125,143.27,143.27,0.0,-56128.924157,0.0
2019-02-04,13,0,126,207.75,207.75,0.0,-81390.270075,0.0
2019-02-04,13,0,127,266.62,266.62,0.0,-104453.784874,0.0
2019-02-04,13,0,128,202.25,202.25,0.0,-79235.533684,0.0
2019-02-04,13,0,131,30.0,30.0,0.0,686.047158,0.0
2019-02-04,13,0,132,44.1,44.1,0.0,1008.489322,0.0
2019-02-04,13,0,133,11.53,11.53,0.0,76.26618,0.0
2019-02-04,13,0,134,0.0,0.0,0.0,0.0,0.0
2019-02-04,13,0,135,15.45,15.45,0.0,102.195358,0.0
2019-02-04,13,0,136,18.97,18.97,0.0,122.076031,0.0
2019-02-04,13,0,139,5.27,5.27,0.0,-68.087717,0.0
2019-02-04,13,0,140,0.0,0.0,0.0,0.0,0.0
2019-02-04,13,0,141,230.0,230.0,0.0,4948.968382,0.0
2019-02-04,13,0,142,494.56,494.56,0.0,10641.573056,0.0
2019-02-04,13,0,143,183.96,183.96,0.0,-183960.0,0.0
2019-02-04,13,0,145,57.18,57.18,0.0,-335.735929,0.0
2019-02-04,13,0,146,48.15,48.15,0.0,878.839789,0.0
2019-02-04,13,0,152,6.52,6.52,0.0,15.41043,0.0
2019-02-04,13,0,153,7.82,7.82,0.0,17.017253,0.0
2019-02-04,13,0,154,55.98,55.98,0.0,-723.254341,0.0
2019-02-04,13,0,157,79.7,79.7,0.0,1714.92513,0.0
2019-02-04,13,0,158,356.31,356.31,0.0,7666.812713,0.0
2019-02-04,13,0,159,0.0,0.0,0.0,0.0,0.0
2019-02-04,13,0,160,2.66,2.66,0.0,11.456112,0.0
2019-02-04,13,0,161,70.3,70.3,0.0,1587.618779,0.0
2019-02-04,13,0,162,88.4,88.4,0.0,1720.162464,0.0
2019-02-04,13,0,163,76.34,76.34,0.0,1393.367176,0.0
2019-02-04,13,0,164,21.8,21.8,0.0,-21800.0,0.0
2019-02-04,13,0,167,6.97,6.97,0.0,135.403414,0.0
2019-02-04,13,0,168,3.48,3.48,0.0,67.604574,0.0
2019-02-04,13,0,169,0.0,0.0,0.0,0.0,0.0
2019-02-04,13,0,170,7.62,7.62,0.0,148.030705,0.0
2019-02-04,13,0,172,9.27,9.27,0.0,169.228702,0.0
2019-02-04,13,0,173,14.12,14.12,0.0,257.76799,0.0
2019-02-04,13,0,188,12.65,12.65,0.0,242.953494,0.0
2019-02-04,13,0,190,10.78,10.78,0.0,218.719474,0.0
2019-02-04,13,0,191,27.86,27.86,0.0,565.262016,0.0
2019-02-04,13,0,192,99.91,99.91,0.0,2027.11156,0.0
2019-02-04,13,0,194,43.47,43.47,0.0,893.7561,0.0
2019-02-04,13,0,196,7.23,7.23,0.0,153.882387,0.0
2019-02-04,13,0,198,12.49,12.49,0.0,99.941857,0.0
2019-02-04,13,0,199,34.37,34.37,0.0,353.877798,0.0
2019-02-04,13,0,200,22.64,22.64,0.0,233.104258,0.0
2019-02-04,13,0,204,117.88,117.88,0.0,-198.898159,0.0
2019-02-04,13,0,205,170.6,170.6,0.0,-238.134573,0.0
2019-02-04,13,0,206,434.73,434.73,0.0,16351.413971,0.0
2019-02-04,13,0,210,2.72,2.72,0.0,15.354741,0.0
2019-02-04,13,0,214,14.88,14.88,0.0,189.85267,0.0
2019-02-04,13,0,217,10.2,10.2,0.0,100.205387,0.0
2019-02-04,13,0,218,14.07,14.07,0.0,138.22449,0.0
2019-02-04,13,0,219,9.59,9.59,0.0,94.212712,0.0
2019-02-04,13,0,221,7.94,7.94,0.0,101.305793,0.0
2019-02-04,13,0,225,7.85,7.85,0.0,37.576222,0.0
2019-02-04,13,0,233,6.26,6.26,0.0,65.582364,0.0
2019-02-04,13,0,236,7.08,7.08,0.0,31.949657,0.0
2019-02-04,13,0,237,0.0,0.0,0.0,0.0,0.0
2019-02-04,13,0,238,79.25,79.25,0.0,456.446919,0.0
2019-02-04,13,0,240,9.85,9.85,0.0,10.210963,0.0
2019-02-04,13,0,245,32.47,32.47,0.0,232.936138,0.0
2019-02-04,13,0,247,48.95,48.95,0.0,351.16181,0.0
2019-02-04,13,0,248,0.0,0.0,0.0,0.0,0.0
2019-02-04,13,0,249,62.44,62.44,0.0,447.937557,0.0
2019-02-04,13,0,251,119.01,119.01,0.0,736.374608,0.0
2019-02-04,13,0,252,109.04,109.04,0.0,702.630258,0.0
2019-02-04,13,0,254,15.22,15.22,0.0,37.94119,0.0
2019-02-04,13,0,255,6.97,6.97,0.0,17.37517,0.0
2019-02-04,13,0,258,12.57,12.57,0.0,14.753293,0.0
2019-02-04,13,0,260,6.46,6.46,0.0,27.821986,0.0
2019-02-04,13,0,265,57.95,57.95,0.0,-748.706486,0.0
2019-02-04,13,0,266,3.41,3.41,0.0,-44.056758,0.0
2019-02-04,13,0,267,4.19,4.19,0.0,-54.134257,0.0
2019-02-04,13,0,270,237.55,237.55,0.0,4335.792148,0.0
2019-02-04,13,0,272,97.71,97.71,0.0,2142.477425,0.0
2019-02-04,13,0,273,32.36,32.36,0.0,590.638745,0.0
2019-02-04,13,0,274,306.09,306.09,0.0,5586.792754,0.0
2019-02-04,13,0,275,425.89,425.89,0.0,7773.397256,0.0
2019-02-04,13,0,276,7.17,7.17,0.0,136.094909,0.0
2019-02-04,13,0,277,8.91,8.91,0.0,203.639544,0.0
2019-02-04,13,0,278,14.25,14.25,0.0,325.686139,0.0
2019-02-04,13,0,279,249.62,249.62,0.0,5705.106949,0.0
2019-02-04,13,0,281,47.54,47.54,0.0,-47540.0,0.0
2019-02-04,13,0,282,331.08,331.08,0.0,-331080.0,0.0
2019-02-04,14,0,9,3.65,3.65,0.0,-1429.595758,0.0
2019-02-04,14,0,17,45.95,45.95,0.0,297.587738,0.0
2019-02-04,14,0,19,55.83,55.83,0.0,361.573959,0.0
2019-02-04,14,0,20,67.71,67.71,0.0,438.512857,0.0
2019-02-04,14,0,21,83.39,83.39,0.0,-32661.367196,0.0
2019-02-04,14,0,22,296.37,296.37,0.0,-116079.258856,0.0
2019-02-04,14,0,23,42.61,42.61,0.0,-16689.061713,0.0
2019-02-04,14,0,24,73.27,73.27,0.0,-28697.666081,0.0
2019-02-04,14,0,29,8.85,8.85,0.0,43.031999,0.0
2019-02-04,14,0,30,650.69,650.69,0.0,-650690.0,0.0
2019-02-04,14,0,31,71.1,71.1,0.0,-71100.0,0.0
2019-02-04,14,0,32,6.28,6.28,0.0,125.048739,0.0
2019-02-04,14,0,33,2.24,2.24,0.0,23.054034,0.0
2019-02-04,14,0,34,3.58,3.58,0.0,36.845286,0.0
2019-02-04,14,0,35,3.58,3.58,0.0,36.845286,0.0
2019-02-04,14,0,36,8.98,8.98,0.0,9.141571,0.0
2019-02-04,14,0,37,4.1,4.1,0.0,4.272139,0.0
2019-02-04,14,0,38,5.27,5.27,0.0,5.491262,0.0
2019-02-04,14,0,39,3.51,3.51,0.0,3.657368,0.0
2019-02-04,14,0,40,3.51,3.51,0.0,3.657368,0.0
2019-02-04,14,0,41,4.11,4.11,0.0,-52.789785,0.0
2019-02-04,14,0,42,64.32,64.32,0.0,363.359176,0.0
2019-02-04,14,0,43,28.98,28.98,0.0,54.002121,0.0
2019-02-04,14,0,46,29.33,29.33,0.0,7.314799,0.0
2019-02-04,14,0,52,75.36,75.36,0.0,-75360.0,0.0
2019-02-04,14,0,53,119.73,119.73,0.0,-119730.0,0.0
2019-02-04,14,0,55,623.0,623.0,0.0,-244010.454052,0.0
2019-02-04,14,0,56,191.93,191.93,0.0,-191930.0,0.0
2019-02-04,14,0,57,182.57,182.57,0.0,-182570.0,0.0
2019-02-04,14,0,58,351.09,351.09,0.0,-351090.0,0.0
2019-02-04,14,0,59,345.24,345.24,0.0,-345240.0,0.0
2019-02-04,14,0,63,16.86,16.86,0.0,371.211672,0.0
2019-02-04,14,0,64,19.84,19.84,0.0,436.823225,0.0
2019-02-04,14,0,65,19.63,19.63,0.0,124.114501,0.0
2019-02-04,14,0,67,390.76,390.76,0.0,4511.953947,0.0
2019-02-04,14,0,68,11.37,11.37,0.0,171.693122,0.0
2019-02-04,14,0,69,2.24,2.24,0.0,23.054034,0.0
2019-02-04,14,0,74,0.0,0.0,0.0,0.0,0.0
2019-02-04,14,0,77,51.34,51.34,0.0,966.220229,0.0
2019-02-04,14,0,78,38.81,38.81,0.0,730.40528,0.0
2019-02-04,14,0,79,22.46,22.46,0.0,422.697825,0.0
2019-02-04,14,0,80,36.32,36.32,0.0,683.543411,0.0
2019-02-04,14,0,81,47.49,47.49,0.0,893.763122,0.0
2019-02-04,14,0,82,33.5,33.5,0.0,630.470932,0.0
2019-02-04,14,0,83,74.69,74.69,0.0,1405.667878,0.0
2019-02-04,14,0,84,0.0,0.0,0.0,0.0,0.0
2019-02-04,14,0,86,11.33,11.33,0.0,116.608126,0.0
2019-02-04,14,0,87,57.85,57.85,0.0,595.391003,0.0
2019-02-04,14,0,88,39.31,39.31,0.0,739.815294,0.0
2019-02-04,14,0,89,37.79,37.79,0.0,711.208852,0.0
2019-02-04,14,0,90,50.74,50.74,0.0,954.928212,0.0
2019-02-04,14,0,91,181.01,181.01,0.0,3406.613237,0.0
2019-02-04,14,0,92,65.1,65.1,0.0,1225.183812,0.0
2019-02-04,14,0,95,47.51,47.51,0.0,947.708757,0.0
2019-02-04,14,0,96,25.22,25.22,0.0,953.019078,0.0
2019-02-04,14,0,97,169.14,169.14,0.0,6391.500666,0.0
2019-02-04,14,0,99,0.0,0.0,0.0,0.0,0.0
2019-02-04,14,0,101,13.11,13.11,0.0,-13110.0,0.0
2019-02-04,14,0,102,26.85,26.85,0.0,405.449458,0.0
2019-02-04,14,0,103,23.35,23.35,0.0,352.597573,0.0
2019-02-04,14,0,104,4.37,4.37,0.0,65.989353,0.0
2019-02-04,14,0,106,291.75,291.75,0.0,-114269.743129,0.0
2019-02-04,14,0,109,30.82,30.82,0.0,-42.235464,0.0
2019-02-04,14,0,110,7.54,7.54,0.0,5.001715,0.0
2019-02-04,14,0,111,14.56,14.56,0.0,-187.011987,0.0
2019-02-04,14,0,113,24.53,24.53,0.0,418.123284,0.0
2019-02-04,14,0,115,24.53,24.53,0.0,418.123284,0.0
2019-02-04,14,0,116,138.07,138.07,0.0,91.589755,0.0
2019-02-04,14,0,117,1.64,1.64,0.0,27.954431,0.0
2019-02-04,14,0,119,19.84,19.84,0.0,436.823225,0.0
2019-02-04,14,0,120,11.66,11.66,0.0,256.721714,0.0
2019-02-04,14,0,123,4.86,4.86,0.0,-1903.516544,0.0
2019-02-04,14,0,125,66.79,66.79,0.0,-26159.644023,0.0
2019-02-04,14,0,126,218.81,218.81,0.0,-85701.328172,0.0
2019-02-04,14,0,127,280.81,280.81,0.0,-109984.872556,0.0
2019-02-04,14,0,128,92.7,92.7,0.0,-36307.815555,0.0
2019-02-04,14,0,131,25.66,25.66,0.0,411.834863,0.0
2019-02-04,14,0,132,37.72,37.72,0.0,605.394038,0.0
2019-02-04,14,0,133,14.91,14.91,0.0,96.778032,0.0
2019-02-04,14,0,134,0.0,0.0,0.0,0.0,0.0
2019-02-04,14,0,135,19.97,19.97,0.0,129.621549,0.0
2019-02-04,14,0,136,21.86,21.86,0.0,138.029728,0.0
2019-02-04,14,0,139,5.31,5.31,0.0,-68.202861,0.0
2019-02-04,14,0,140,5.58,5.58,0.0,3.701534,0.0
2019-02-04,14,0,141,194.58,194.58,0.0,2246.739684,0.0
2019-02-04,14,0,142,515.31,515.31,0.0,5950.084422,0.0
2019-02-04,14,0,143,131.25,131.25,0.0,-131250.0,0.0
2019-02-04,14,0,145,34.24,34.24,0.0,-197.14633,0.0
2019-02-04,14,0,146,37.87,37.87,0.0,25.121344,0.0
2019-02-04,14,0,152,6.87,6.87,0.0,15.872411,0.0
2019-02-04,14,0,153,8.27,8.27,0.0,17.583223,0.0
2019-02-04,14,0,154,60.07,60.07,0.0,-771.552889,0.0
2019-02-04,14,0,157,102.1,102.1,0.0,1178.909044,0.0
2019-02-04,14,0,158,381.46,381.46,0.0,4404.57046,0.0
2019-02-04,14,0,159,0.0,0.0,0.0,0.0,0.0
2019-02-04,14,0,160,2.7,2.7,0.0,11.50551,0.0
2019-02-04,14,0,161,73.17,73.17,0.0,1104.9064,0.0
2019-02-04,14,0,162,45.43,45.43,0.0,907.416251,0.0
2019-02-04,14,0,163,54.89,54.89,0.0,36.411687,0.0
2019-02-04,14,0,164,23.46,23.46,0.0,-23460.0,0.0
2019-02-04,14,0,167,7.12,7.12,0.0,141.630095,0.0
2019-02-04,14,0,168,3.56,3.56,0.0,70.815048,0.0
2019-02-04,14,0,169,0.0,0.0,0.0,0.0,0.0
2019-02-04,14,0,170,7.79,7.79,0.0,154.957647,0.0
2019-02-04,14,0,172,9.43,9.43,0.0,173.867097,0.0
2019-02-04,14,0,173,14.37,14.37,0.0,264.949118,0.0
2019-02-04,14,0,188,12.7,12.7,0.0,246.863941,0.0
2019-02-04,14,0,190,10.9,10.9,0.0,239.988566,0.0
2019-02-04,14,0,191,28.15,28.15,0.0,619.786986,0.0
2019-02-04,14,0,192,27.63,27.63,0.0,608.33799,0.0
2019-02-04,14,0,194,32.07,32.07,0.0,578.383063,0.0
2019-02-04,14,0,196,7.33,7.33,0.0,187.868618,0.0
2019-02-04,14,0,198,12.93,12.93,0.0,102.557183,0.0
2019-02-04,14,0,199,49.25,49.25,0.0,448.019258,0.0
2019-02-04,14,0,200,22.99,22.99,0.0,209.136299,0.0
2019-02-04,14,0,204,112.29,112.29,0.0,-185.760032,0.0
2019-02-04,14,0,205,163.05,163.05,0.0,-223.442323,0.0
2019-02-04,14,0,206,598.76,598.76,0.0,22626.078625,0.0
2019-02-04,14,0,210,2.71,2.71,0.0,15.221939,0.0
2019-02-04,14,0,214,14.89,14.89,0.0,186.696765,0.0
2019-02-04,14,0,217,10.33,10.33,0.0,100.128997,0.0
2019-02-04,14,0,218,14.26,14.26,0.0,138.222604,0.0
2019-02-04,14,0,219,9.71,9.71,0.0,94.119319,0.0
2019-02-04,14,0,221,7.94,7.94,0.0,99.55489,0.0
2019-02-04,14,0,225,7.91,7.91,0.0,37.884951,0.0
2019-02-04,14,0,233,6.41,6.41,0.0,65.971587,0.0
2019-02-04,14,0,236,5.19,5.19,0.0,22.954693,0.0
2019-02-04,14,0,237,0.0,0.0,0.0,0.0,0.0
2019-02-04,14,0,238,83.72,83.72,0.0,472.95445,0.0
2019-02-04,14,0,240,10.17,10.17,0.0,10.352982,0.0
2019-02-04,14,0,245,39.7,39.7,0.0,279.540776,0.0
2019-02-04,14,0,247,56.53,56.53,0.0,398.04635,0.0
2019-02-04,14,0,248,0.0,0.0,0.0,0.0,0.0
2019-02-04,14,0,249,76.34,76.34,0.0,537.535085,0.0
2019-02-04,14,0,251,141.07,141.07,0.0,856.356726,0.0
2019-02-04,14,0,252,126.65,126.65,0.0,800.769312,0.0
2019-02-04,14,0,254,15.41,15.41,0.0,37.987783,0.0
2019-02-04,14,0,255,7.06,7.06,0.0,17.403877,0.0
2019-02-04,14,0,258,12.94,12.94,0.0,14.939709,0.0
2019-02-04,14,0,260,6.55,6.55,0.0,27.911514,0.0
2019-02-04,14,0,265,62.19,62.19,0.0,-798.782656,0.0
2019-02-04,14,0,266,3.44,3.44,0.0,-44.184151,0.0
2019-02-04,14,0,267,4.22,4.22,0.0,-54.20265,0.0
2019-02-04,14,0,270,190.82,190.82,0.0,126.581857,0.0
2019-02-04,14,0,272,81.98,81.98,0.0,1397.38063,0.0
2019-02-04,14,0,273,33.02,33.02,0.0,21.904061,0.0
2019-02-04,14,0,274,254.53,254.53,0.0,168.844356,0.0
2019-02-04,14,0,275,370.19,370.19,0.0,245.568272,0.0
2019-02-04,14,0,276,7.38,7.38,0.0,22.828984,0.0
2019-02-04,14,0,277,9.17,9.17,0.0,162.830477,0.0
2019-02-04,14,0,278,14.68,14.68,0.0,260.670818,0.0
2019-02-04,14,0,279,143.4,143.4,0.0,2546.33483,0.0
2019-02-04,14,0,281,31.91,31.91,0.0,-31910.0,0.0
2019-02-04,14,0,282,356.94,356.94,0.0,-356940.0,0.0
2019-02-04,15,0,9,3.51,3.51,0.0,-795.304052,0.0
2019-02-04,15,0,17,43.99,43.99,0.0,316.025156,0.0
2019-02-04,15,0,19,72.6,72.6,0.0,521.560044,0.0
2019-02-04,15,0,20,88.05,88.05,0.0,632.553194,0.0
2019-02-04,15,0,21,80.17,80.17,0.0,-18165.10709,0.0
2019-02-04,15,0,22,284.93,284.93,0.0,-64560.109308,0.0
2019-02-04,15,0,23,32.64,32.64,0.0,-7395.647941,0.0
2019-02-04,15,0,24,57.75,57.75,0.0,-13085.130778,0.0
2019-02-04,15,0,29,8.36,8.36,0.0,37.775891,0.0
2019-02-04,15,0,30,627.87,627.87,0.0,-365263.568098,0.0
2019-02-04,15,0,31,47.29,47.29,0.0,-27510.972232,0.0
2019-02-04,15,0,32,6.01,6.01,0.0,114.324714,0.0
2019-02-04,15,0,33,2.18,2.18,0.0,21.260358,0.0
2019-02-04,15,0,34,3.49,3.49,0.0,34.036077,0.0
2019-02-04,15,0,35,3.49,3.49,0.0,34.036077,0.0
2019-02-04,15,0,36,8.75,8.75,0.0,29.312462,0.0
2019-02-04,15,0,37,3.98,3.98,0.0,13.284077,0.0
2019-02-04,15,0,38,5.12,5.12,0.0,17.089063,0.0
2019-02-04,15,0,39,3.41,3.41,0.0,11.381583,0.0
2019-02-04,15,0,40,3.41,3.41,0.0,11.381583,0.0
2019-02-04,15,0,41,7.07,7.07,0.0,-35.779042,0.0
2019-02-04,15,0,42,62.06,62.06,0.0,411.288748,0.0
2019-02-04,15,0,43,28.27,28.27,0.0,107.2519,0.0
2019-02-04,15,0,46,28.27,28.27,0.0,78.867592,0.0
2019-02-04,15,0,52,50.13,50.13,0.0,-29163.143117,0.0
2019-02-04,15,0,53,79.64,79.64,0.0,-46330.59481,0.0
2019-02-04,15,0,55,491.35,491.35,0.0,-111331.238228,0.0
2019-02-04,15,0,56,185.2,185.2,0.0,-107740.157695,0.0
2019-02-04,15,0,57,176.16,176.16,0.0,-102481.134878,0.0
2019-02-04,15,0,58,338.78,338.78,0.0,-197085.370539,0.0
2019-02-04,15,0,59,333.13,333.13,0.0,-193798.481279,0.0
2019-02-04,15,0,63,5.08,5.08,0.0,105.45438,0.0
2019-02-04,15,0,64,5.98,5.98,0.0,124.137242,0.0
2019-02-04,15,0,65,23.09,23.09,0.0,163.49106,0.0
2019-02-04,15,0,67,377.41,377.41,0.0,4241.067256,0.0
2019-02-04,15,0,68,17.11,17.11,0.0,242.269339,0.0
2019-02-04,15,0,69,2.18,2.18,0.0,21.260358,0.0
2019-02-04,15,0,74,4.65,4.65,0.0,18.603986,0.0
2019-02-04,15,0,77,45.13,45.13,0.0,770.662475,0.0
2019-02-04,15,0,78,34.12,34.12,0.0,582.650202,0.0
2019-02-04,15,0,79,19.75,19.75,0.0,337.260888,0.0
2019-02-04,15,0,80,31.93,31.93,0.0,545.252666,0.0
2019-02-04,15,0,81,41.75,41.75,0.0,712.943903,0.0
2019-02-04,15,0,82,29.45,29.45,0.0,502.902944,0.0
2019-02-04,15,0,83,65.67,65.67,0.0,1121.413798,0.0
2019-02-04,15,0,84,0.0,0.0,0.0,0.0,0.0
2019-02-04,15,0,86,11.05,11.05,0.0,107.764656,0.0
2019-02-04,15,0,87,56.42,56.42,0.0,550.233657,0.0
2019-02-04,15,0,88,35.42,35.42,0.0,604.849653,0.0
2019-02-04,15,0,89,34.05,34.05,0.0,581.454847,0.0
2019-02-04,15,0,90,45.72,45.72,0.0,780.73761,0.0
2019-02-04,15,0,91,163.1,163.1,0.0,2785.177258,0.0
2019-02-04,15,0,92,58.66,58.66,0.0,1001.707529,0.0
2019-02-04,15,0,95,24.85,24.85,0.0,473.499511,0.0
2019-02-04,15,0,96,24.53,24.53,0.0,592.051222,0.0
2019-02-04,15,0,97,150.84,150.84,0.0,3640.644365,0.0
2019-02-04,15,0,99,0.9,0.9,0.0,3.600771,0.0
2019-02-04,15,0,101,12.65,12.65,0.0,-7359.141441,0.0
2019-02-04,15,0,102,40.51,40.51,0.0,573.60204,0.0
2019-02-04,15,0,103,35.22,35.22,0.0,498.698194,0.0
2019-02-04,15,0,104,6.54,6.54,0.0,92.603242,0.0
2019-02-04,15,0,106,280.49,280.49,0.0,-63554.083669,0.0
2019-02-04,15,0,109,29.34,29.34,0.0,53.03382,0.0
2019-02-04,15,0,110,46.17,46.17,0.0,105.660914,0.0
2019-02-04,15,0,111,14.0,14.0,0.0,-70.849588,0.0
2019-02-04,15,0,113,21.52,21.52,0.0,346.075967,0.0
2019-02-04,15,0,115,21.52,21.52,0.0,346.075967,0.0
2019-02-04,15,0,116,132.06,132.06,0.0,302.221795,0.0
2019-02-04,15,0,117,1.43,1.43,0.0,22.996684,0.0
2019-02-04,15,0,119,5.98,5.98,0.0,124.137242,0.0
2019-02-04,15,0,120,3.52,3.52,0.0,73.070751,0.0
2019-02-04,15,0,123,4.67,4.67,0.0,-1058.13958,0.0
2019-02-04,15,0,125,52.26,52.26,0.0,-11841.19367,0.0
2019-02-04,15,0,126,210.37,210.37,0.0,-47666.129208,0.0
2019-02-04,15,0,127,269.97,269.97,0.0,-61170.437335,0.0
2019-02-04,15,0,128,74.85,74.85,0.0,-16959.688982,0.0
2019-02-04,15,0,131,52.94,52.94,0.0,790.921105,0.0
2019-02-04,15,0,132,77.91,77.91,0.0,1163.971728,0.0
2019-02-04,15,0,133,19.85,19.85,0.0,142.796267,0.0
2019-02-04,15,0,134,0.0,0.0,0.0,0.0,0.0
2019-02-04,15,0,135,26.6,26.6,0.0,191.354192,0.0
2019-02-04,15,0,136,25.51,25.51,0.0,180.481275,0.0
2019-02-04,15,0,139,9.19,9.19,0.0,-46.507694,0.0
2019-02-04,15,0,140,34.17,34.17,0.0,78.198688,0.0
2019-02-04,15,0,141,154.06,154.06,0.0,1731.217566,0.0
2019-02-04,15,0,142,497.71,497.71,0.0,5592.913765,0.0
2019-02-04,15,0,143,92.9,92.9,0.0,-54044.603941,0.0
2019-02-04,15,0,145,19.78,19.78,0.0,-21.460881,0.0
2019-02-04,15,0,146,52.09,52.09,0.0,119.208945,0.0
2019-02-04,15,0,152,6.63,6.63,0.0,28.858398,0.0
2019-02-04,15,0,153,7.99,7.99,0.0,33.772976,0.0
2019-02-04,15,0,154,57.76,57.76,0.0,-292.305159,0.0
2019-02-04,15,0,157,133.01,133.01,0.0,1494.67252,0.0
2019-02-04,15,0,158,365.25,365.25,0.0,4104.421757,0.0
2019-02-04,15,0,159,0.0,0.0,0.0,0.0,0.0
2019-02-04,15,0,160,2.56,2.56,0.0,13.247594,0.0
2019-02-04,15,0,161,69.93,69.93,0.0,990.175035,0.0
2019-02-04,15,0,162,19.34,19.34,0.0,368.926847,0.0
2019-02-04,15,0,163,32.84,32.84,0.0,75.154958,0.0
2019-02-04,15,0,164,22.18,22.18,0.0,-12903.22191,0.0
2019-02-04,15,0,167,6.7,6.7,0.0,127.35467,0.0
2019-02-04,15,0,168,3.35,3.35,0.0,63.677335,0.0
2019-02-04,15,0,169,0.0,0.0,0.0,0.0,0.0
2019-02-04,15,0,170,7.33,7.33,0.0,139.32981,0.0
2019-02-04,15,0,172,8.96,8.96,0.0,159.995704,0.0
2019-02-04,15,0,173,13.65,13.65,0.0,243.743455,0.0
2019-02-04,15,0,188,12.22,12.22,0.0,227.748298,0.0
2019-02-04,15,0,190,10.24,10.24,0.0,212.569459,0.0
2019-02-04,15,0,191,26.45,26.45,0.0,549.068573,0.0
2019-02-04,15,0,192,0.0,0.0,0.0,0.0,0.0
2019-02-04,15,0,194,23.84,23.84,0.0,413.111969,0.0
2019-02-04,15,0,196,6.94,6.94,0.0,164.977265,0.0
2019-02-04,15,0,198,12.41,12.41,0.0,88.34438,0.0
2019-02-04,15,0,199,39.38,39.38,0.0,546.651912,0.0
2019-02-04,15,0,200,22.05,22.05,0.0,306.086202,0.0
2019-02-04,15,0,204,107.56,107.56,0.0,172.694997,0.0
2019-02-04,15,0,205,155.21,155.21,0.0,280.551439,0.0
2019-02-04,15,0,206,443.22,443.22,0.0,10697.470137,0.0
2019-02-04,15,0,210,2.59,2.59,0.0,13.522156,0.0
2019-02-04,15,0,214,14.44,14.44,0.0,162.683798,0.0
2019-02-04,15,0,217,9.89,9.89,0.0,85.553828,0.0
2019-02-04,15,0,218,13.65,13.65,0.0,118.079854,0.0
2019-02-04,15,0,219,9.3,9.3,0.0,80.45001,0.0
2019-02-04,15,0,221,7.7,7.7,0.0,86.749671,0.0
2019-02-04,15,0,225,7.39,7.39,0.0,32.891616,0.0
2019-02-04,15,0,233,6.25,6.25,0.0,60.95286,0.0
2019-02-04,15,0,236,9.13,9.13,0.0,52.908047,0.0
2019-02-04,15,0,237,11.14,11.14,0.0,44.569549,0.0
2019-02-04,15,0,238,80.78,80.78,0.0,535.351354,0.0
2019-02-04,15,0,240,9.91,9.91,0.0,33.198457,0.0
2019-02-04,15,0,245,48.99,48.99,0.0,370.576871,0.0
2019-02-04,15,0,247,66.68,66.68,0.0,504.389993,0.0
2019-02-04,15,0,248,1.12,1.12,0.0,4.48096,0.0
2019-02-04,15,0,249,94.2,94.2,0.0,712.560548,0.0
2019-02-04,15,0,251,167.49,167.49,0.0,1157.489545,0.0
2019-02-04,15,0,252,148.97,148.97,0.0,1054.797023,0.0
2019-02-04,15,0,254,15.25,15.25,0.0,63.140846,0.0
2019-02-04,15,0,255,6.99,6.99,0.0,28.94128,0.0
2019-02-04,15,0,258,12.53,12.53,0.0,42.873655,0.0
2019-02-04,15,0,260,6.23,6.23,0.0,32.239263,0.0
2019-02-04,15,0,265,59.8,59.8,0.0,-302.628956,0.0
2019-02-04,15,0,266,5.88,5.88,0.0,-29.756827,0.0
2019-02-04,15,0,267,7.27,7.27,0.0,-36.791179,0.0
2019-02-04,15,0,270,107.19,107.19,0.0,245.306332,0.0
2019-02-04,15,0,272,71.93,71.93,0.0,1156.749271,0.0
2019-02-04,15,0,273,31.58,31.58,0.0,72.271424,0.0
2019-02-04,15,0,274,141.18,141.18,0.0,323.093086,0.0
2019-02-04,15,0,275,202.64,202.64,0.0,463.745453,0.0
2019-02-04,15,0,276,7.09,7.09,0.0,30.391934,0.0
2019-02-04,15,0,277,8.73,8.73,0.0,143.874502,0.0
2019-02-04,15,0,278,13.97,13.97,0.0,230.232165,0.0
2019-02-04,15,0,279,122.35,122.35,0.0,2016.385495,0.0
2019-02-04,15,0,281,21.23,21.23,0.0,-12350.559114,0.0
2019-02-04,15,0,282,344.42,344.42,0.0,-200366.442296,0.0
2019-02-04,16,0,9,2.86,2.86,0.0,-159.94905,0.0
2019-02-04,16,0,17,36.55,36.55,0.0,307.967809,0.0
2019-02-04,16,0,19,163.03,163.03,0.0,1373.679667,0.0
2019-02-04,16,0,20,205.76,205.76,0.0,1733.719735,0.0
2019-02-04,16,0,21,65.44,65.44,0.0,-3659.81323,0.0
2019-02-04,16,0,22,232.58,232.58,0.0,-13007.325198,0.0
2019-02-04,16,0,23,26.8,26.8,0.0,-1498.823266,0.0
2019-02-04,16,0,24,47.42,47.42,0.0,-2652.022362,0.0
2019-02-04,16,0,29,6.21,6.21,0.0,48.470584,0.0
2019-02-04,16,0,30,526.47,526.47,0.0,-80701.640947,0.0
2019-02-04,16,0,31,32.15,32.15,0.0,-4928.21577,0.0
2019-02-04,16,0,32,4.8,4.8,0.0,64.489685,0.0
2019-02-04,16,0,33,1.97,1.97,0.0,18.07922,0.0
2019-02-04,16,0,34,3.16,3.16,0.0,29.000171,0.0
2019-02-04,16,0,35,3.16,3.16,0.0,29.000171,0.0
2019-02-04,16,0,36,7.83,7.83,0.0,57.188554,0.0
2019-02-04,16,0,37,3.85,3.85,0.0,28.104097,0.0
2019-02-04,16,0,38,4.95,4.95,0.0,36.13384,0.0
2019-02-04,16,0,39,3.3,3.3,0.0,24.089226,0.0
2019-02-04,16,0,40,3.3,3.3,0.0,24.089226,0.0
2019-02-04,16,0,41,10.18,10.18,0.0,49.761432,0.0
2019-02-04,16,0,42,49.84,49.84,0.0,411.831321,0.0
2019-02-04,16,0,43,22.49,22.49,0.0,167.3049,0.0
2019-02-04,16,0,46,21.39,21.39,0.0,152.539455,0.0
2019-02-04,16,0,52,34.08,34.08,0.0,-5224.062004,0.0
2019-02-04,16,0,53,54.15,54.15,0.0,-8300.556266,0.0
2019-02-04,16,0,55,359.62,359.62,0.0,-20112.19489,0.0
2019-02-04,16,0,56,155.29,155.29,0.0,-23804.125254,0.0
2019-02-04,16,0,57,147.71,147.71,0.0,-22642.200665,0.0
2019-02-04,16,0,58,284.07,284.07,0.0,-43544.580211,0.0
2019-02-04,16,0,59,279.33,279.33,0.0,-42817.994123,0.0
2019-02-04,16,0,63,0.0,0.0,0.0,0.0,0.0
2019-02-04,16,0,64,0.0,0.0,0.0,0.0,0.0
2019-02-04,16,0,65,27.41,27.41,0.0,230.125533,0.0
2019-02-04,16,0,67,311.53,311.53,0.0,2282.730398,0.0
2019-02-04,16,0,68,15.39,15.39,0.0,139.889021,0.0
2019-02-04,16,0,69,1.97,1.97,0.0,18.07922,0.0
2019-02-04,16,0,74,5.04,5.04,0.0,37.786537,0.0
2019-02-04,16,0,77,41.32,41.32,0.0,442.145031,0.0
2019-02-04,16,0,78,31.24,31.24,0.0,334.283901,0.0
2019-02-04,16,0,79,18.08,18.08,0.0,193.465202,0.0
2019-02-04,16,0,80,29.23,29.23,0.0,312.775878,0.0
2019-02-04,16,0,81,38.22,38.22,0.0,408.973453,0.0
2019-02-04,16,0,82,26.96,26.96,0.0,288.485722,0.0
2019-02-04,16,0,83,60.12,60.12,0.0,643.3146,0.0
2019-02-04,16,0,84,0.0,0.0,0.0,0.0,0.0
2019-02-04,16,0,86,9.99,9.99,0.0,91.680919,0.0
2019-02-04,16,0,87,51.02,51.02,0.0,468.224273,0.0
2019-02-04,16,0,88,33.38,33.38,0.0,357.18299,0.0
2019-02-04,16,0,89,32.09,32.09,0.0,343.379333,0.0
2019-02-04,16,0,90,43.09,43.09,0.0,461.084932,0.0
2019-02-04,16,0,91,153.72,153.72,0.0,1644.882241,0.0
2019-02-04,16,0,92,55.28,55.28,0.0,591.524137,0.0
2019-02-04,16,0,95,11.46,11.46,0.0,154.32352,0.0
2019-02-04,16,0,96,25.71,25.71,0.0,329.042001,0.0
2019-02-04,16,0,97,158.09,158.09,0.0,2023.269152,0.0
2019-02-04,16,0,99,1.1,1.1,0.0,8.247062,0.0
2019-02-04,16,0,101,10.61,10.61,0.0,-1626.387848,0.0
2019-02-04,16,0,102,36.45,36.45,0.0,331.316103,0.0
2019-02-04,16,0,103,31.69,31.69,0.0,288.049584,0.0
2019-02-04,16,0,104,5.89,5.89,0.0,53.537774,0.0
2019-02-04,16,0,106,228.95,228.95,0.0,-12804.312942,0.0
2019-02-04,16,0,109,27.98,27.98,0.0,191.117915,0.0
2019-02-04,16,0,110,148.61,148.61,0.0,287.010497,0.0
2019-02-04,16,0,111,14.46,14.46,0.0,70.682741,0.0
2019-02-04,16,0,113,19.82,19.82,0.0,209.831056,0.0
2019-02-04,16,0,115,19.82,19.82,0.0,209.831056,0.0
2019-02-04,16,0,116,108.11,108.11,0.0,208.792846,0.0
2019-02-04,16,0,117,1.32,1.32,0.0,13.974621,0.0
2019-02-04,16,0,119,0.0,0.0,0.0,0.0,0.0
2019-02-04,16,0,120,0.0,0.0,0.0,0.0,0.0
2019-02-04,16,0,123,3.82,3.82,0.0,-213.638242,0.0
2019-02-04,16,0,125,42.92,42.92,0.0,-2400.354276,0.0
2019-02-04,16,0,126,171.72,171.72,0.0,-9603.654153,0.0
2019-02-04,16,0,127,220.37,220.37,0.0,-12324.465792,0.0
2019-02-04,16,0,128,61.47,61.47,0.0,-3437.786052,0.0
2019-02-04,16,0,131,19.09,19.09,0.0,182.504483,0.0
2019-02-04,16,0,132,28.07,28.07,0.0,268.355204,0.0
2019-02-04,16,0,133,31.87,31.87,0.0,268.625289,0.0
2019-02-04,16,0,134,0.0,0.0,0.0,0.0,0.0
2019-02-04,16,0,135,40.51,40.51,0.0,341.449967,0.0
2019-02-04,16,0,136,30.08,30.08,0.0,252.492034,0.0
2019-02-04,16,0,139,13.25,13.25,0.0,64.768072,0.0
2019-02-04,16,0,140,109.99,109.99,0.0,212.42369,0.0
2019-02-04,16,0,141,126.84,126.84,0.0,929.417789,0.0
2019-02-04,16,0,142,410.83,410.83,0.0,3010.349339,0.0
2019-02-04,16,0,143,66.65,66.65,0.0,-10216.65882,0.0
2019-02-04,16,0,145,21.48,21.48,0.0,127.645145,0.0
2019-02-04,16,0,146,97.04,97.04,0.0,187.413355,0.0
2019-02-04,16,0,152,6.12,6.12,0.0,46.488259,0.0
2019-02-04,16,0,153,7.65,7.65,0.0,57.828032,0.0
2019-02-04,16,0,154,59.63,59.63,0.0,291.480763,0.0
2019-02-04,16,0,157,174.24,174.24,0.0,1276.740425,0.0
2019-02-04,16,0,158,315.45,315.45,0.0,2311.454127,0.0
2019-02-04,16,0,159,0.0,0.0,0.0,0.0,0.0
2019-02-04,16,0,160,1.84,1.84,0.0,14.46491,0.0
2019-02-04,16,0,161,57.62,57.62,0.0,523.743042,0.0
2019-02-04,16,0,162,6.16,6.16,0.0,83.019176,0.0
2019-02-04,16,0,163,18.46,18.46,0.0,35.651798,0.0
2019-02-04,16,0,164,17.71,17.71,0.0,-2714.734099,0.0
2019-02-04,16,0,167,5.55,5.55,0.0,74.590451,0.0
2019-02-04,16,0,168,2.78,2.78,0.0,37.362424,0.0
2019-02-04,16,0,169,0.0,0.0,0.0,0.0,0.0
2019-02-04,16,0,170,6.07,6.07,0.0,81.579105,0.0
2019-02-04,16,0,172,7.18,7.18,0.0,93.587507,0.0
2019-02-04,16,0,173,10.95,10.95,0.0,142.727465,0.0
2019-02-04,16,0,188,9.68,9.68,0.0,128.270811,0.0
2019-02-04,16,0,190,8.6,8.6,0.0,123.812625,0.0
2019-02-04,16,0,191,22.23,22.23,0.0,320.041239,0.0
2019-02-04,16,0,192,0.0,0.0,0.0,0.0,0.0
2019-02-04,16,0,194,17.89,17.89,0.0,210.966492,0.0
2019-02-04,16,0,196,5.83,5.83,0.0,94.600778,0.0
2019-02-04,16,0,198,9.76,9.76,0.0,82.659914,0.0
2019-02-04,16,0,199,31.01,31.01,0.0,329.305739,0.0
2019-02-04,16,0,200,17.72,17.72,0.0,188.174708,0.0
2019-02-04,16,0,204,102.35,102.35,0.0,692.743986,0.0
2019-02-04,16,0,205,148.01,148.01,0.0,1010.985082,0.0
2019-02-04,16,0,206,464.55,464.55,0.0,5945.408846,0.0
2019-02-04,16,0,210,2.1,2.1,0.0,16.814792,0.0
2019-02-04,16,0,214,10.63,10.63,0.0,102.262407,0.0
2019-02-04,16,0,217,7.47,7.47,0.0,66.653729,0.0
2019-02-04,16,0,218,10.3,10.3,0.0,91.90541,0.0
2019-02-04,16,0,219,7.02,7.02,0.0,62.638444,0.0
2019-02-04,16,0,221,5.67,5.67,0.0,54.546364,0.0
2019-02-04,16,0,225,5.51,5.51,0.0,42.899532,0.0
2019-02-04,16,0,233,5.65,5.65,0.0,51.851571,0.0
2019-02-04,16,0,236,12.74,12.74,0.0,102.164616,0.0
2019-02-04,16,0,237,11.52,11.52,0.0,86.369227,0.0
2019-02-04,16,0,238,64.87,64.87,0.0,536.025237,0.0
2019-02-04,16,0,240,8.88,8.88,0.0,64.857517,0.0
2019-02-04,16,0,245,60.84,60.84,0.0,519.402285,0.0
2019-02-04,16,0,247,79.39,79.39,0.0,677.767052,0.0
2019-02-04,16,0,248,1.36,1.36,0.0,10.196367,0.0
2019-02-04,16,0,249,117.0,117.0,0.0,998.850549,0.0
2019-02-04,16,0,251,197.99,197.99,0.0,1652.425758,0.0
2019-02-04,16,0,252,176.81,176.81,0.0,1484.439822,0.0
2019-02-04,16,0,254,13.42,13.42,0.0,101.254513,0.0
2019-02-04,16,0,255,6.15,6.15,0.0,46.402031,0.0
2019-02-04,16,0,258,10.51,10.51,0.0,76.992343,0.0
2019-02-04,16,0,260,4.48,4.48,0.0,35.21891,0.0
2019-02-04,16,0,265,61.74,61.74,0.0,301.794773,0.0
2019-02-04,16,0,266,8.45,8.45,0.0,41.304921,0.0
2019-02-04,16,0,267,10.47,10.47,0.0,51.178997,0.0
2019-02-04,16,0,270,49.89,49.89,0.0,96.352558,0.0
2019-02-04,16,0,272,66.23,66.23,0.0,701.166037,0.0
2019-02-04,16,0,273,25.85,25.85,0.0,49.924106,0.0
2019-02-04,16,0,274,62.26,62.26,0.0,120.24274,0.0
2019-02-04,16,0,275,83.47,83.47,0.0,161.205613,0.0
2019-02-04,16,0,276,5.94,5.94,0.0,18.628752,0.0
2019-02-04,16,0,277,7.29,7.29,0.0,77.510257,0.0
2019-02-04,16,0,278,11.66,11.66,0.0,123.973881,0.0
2019-02-04,16,0,279,251.85,251.85,0.0,2677.772038,0.0
2019-02-04,16,0,281,14.43,14.43,0.0,-2211.948789,0.0
2019-02-04,16,0,282,288.8,288.8,0.0,-44269.633418,0.0
2019-02-04,17,0,9,2.08,2.08,0.0,16.205925,0.0
2019-02-04,17,0,17,26.75,26.75,0.0,254.968197,0.0
2019-02-04,17,0,19,146.1,146.1,0.0,1392.555272,0.0
2019-02-04,17,0,20,175.93,175.93,0.0,1676.880555,0.0
2019-02-04,17,0,21,47.52,47.52,0.0,370.243064,0.0
2019-02-04,17,0,22,168.88,168.88,0.0,1315.796478,0.0
2019-02-04,17,0,23,31.93,31.93,0.0,248.776537,0.0
2019-02-04,17,0,24,56.8,56.8,0.0,442.546423,0.0
2019-02-04,17,0,29,4.35,4.35,0.0,39.639941,0.0
2019-02-04,17,0,30,380.05,380.05,0.0,2957.169995,0.0
2019-02-04,17,0,31,29.68,29.68,0.0,230.940154,0.0
2019-02-04,17,0,32,3.24,3.24,0.0,46.075543,0.0
2019-02-04,17,0,33,1.42,1.42,0.0,14.023632,0.0
2019-02-04,17,0,34,2.27,2.27,0.0,22.41806,0.0
2019-02-04,17,0,35,2.27,2.27,0.0,22.41806,0.0
2019-02-04,17,0,36,5.56,5.56,0.0,49.839352,0.0
2019-02-04,17,0,37,2.76,2.76,0.0,24.70555,0.0
2019-02-04,17,0,38,3.55,3.55,0.0,31.777066,0.0
2019-02-04,17,0,39,2.36,2.36,0.0,21.125035,0.0
2019-02-04,17,0,40,2.36,2.36,0.0,21.125035,0.0
2019-02-04,17,0,41,2.96,2.96,0.0,24.677882,0.0
2019-02-04,17,0,42,35.99,35.99,0.0,340.35363,0.0
2019-02-04,17,0,43,16.0,16.0,0.0,144.141826,0.0
2019-02-04,17,0,46,15.24,15.24,0.0,134.65314,0.0
2019-02-04,17,0,52,31.46,31.46,0.0,244.790338,0.0
2019-02-04,17,0,53,49.98,49.98,0.0,388.894504,0.0
2019-02-04,17,0,55,327.72,327.72,0.0,2553.368201,0.0
2019-02-04,17,0,56,112.1,112.1,0.0,872.250379,0.0
2019-02-04,17,0,57,106.63,106.63,0.0,829.688295,0.0
2019-02-04,17,0,58,205.06,205.06,0.0,1595.57237,0.0
2019-02-04,17,0,59,201.65,201.65,0.0,1569.039152,0.0
2019-02-04,17,0,63,0.0,0.0,0.0,0.0,0.0
2019-02-04,17,0,64,0.0,0.0,0.0,0.0,0.0
2019-02-04,17,0,65,29.05,29.05,0.0,276.48798,0.0
2019-02-04,17,0,67,225.03,225.03,0.0,1141.144949,0.0
2019-02-04,17,0,68,6.42,6.42,0.0,38.389005,0.0
2019-02-04,17,0,69,1.42,1.42,0.0,14.023632,0.0
2019-02-04,17,0,74,2.67,2.67,0.0,24.37914,0.0
2019-02-04,17,0,77,30.21,30.21,0.0,205.499075,0.0
2019-02-04,17,0,78,22.84,22.84,0.0,155.365736,0.0
2019-02-04,17,0,79,13.22,13.22,0.0,89.927103,0.0
2019-02-04,17,0,80,21.38,21.38,0.0,145.434301,0.0
2019-02-04,17,0,81,27.95,27.95,0.0,190.125758,0.0
2019-02-04,17,0,82,19.71,19.71,0.0,134.074372,0.0
2019-02-04,17,0,83,43.96,43.96,0.0,299.031425,0.0
2019-02-04,17,0,84,0.0,0.0,0.0,0.0,0.0
2019-02-04,17,0,86,7.2,7.2,0.0,71.105741,0.0
2019-02-04,17,0,87,36.75,36.75,0.0,362.935554,0.0
2019-02-04,17,0,88,25.34,25.34,0.0,172.371617,0.0
2019-02-04,17,0,89,24.36,24.36,0.0,165.705312,0.0
2019-02-04,17,0,90,32.7,32.7,0.0,222.436933,0.0
2019-02-04,17,0,91,116.65,116.65,0.0,793.494442,0.0
2019-02-04,17,0,92,41.95,41.95,0.0,285.358696,0.0
2019-02-04,17,0,95,4.15,4.15,0.0,59.050935,0.0
2019-02-04,17,0,96,21.32,21.32,0.0,165.6613,0.0
2019-02-04,17,0,97,131.08,131.08,0.0,1018.521728,0.0
2019-02-04,17,0,99,0.54,0.54,0.0,4.930613,0.0
2019-02-04,17,0,101,7.66,7.66,0.0,59.602479,0.0
2019-02-04,17,0,102,15.18,15.18,0.0,90.770264,0.0
2019-02-04,17,0,103,13.2,13.2,0.0,78.930665,0.0
2019-02-04,17,0,104,2.46,2.46,0.0,14.709806,0.0
2019-02-04,17,0,106,166.25,166.25,0.0,1295.305332,0.0
2019-02-04,17,0,109,19.48,19.48,0.0,169.002949,0.0
2019-02-04,17,0,110,115.9,115.9,0.0,265.284945,0.0
2019-02-04,17,0,111,10.87,10.87,0.0,90.624521,0.0
2019-02-04,17,0,113,15.6,15.6,0.0,105.601725,0.0
2019-02-04,17,0,115,15.6,15.6,0.0,105.601725,0.0
2019-02-04,17,0,116,77.7,77.7,0.0,177.848492,0.0
2019-02-04,17,0,117,1.04,1.04,0.0,7.040115,0.0
2019-02-04,17,0,119,0.0,0.0,0.0,0.0,0.0
2019-02-04,17,0,120,0.0,0.0,0.0,0.0,0.0
2019-02-04,17,0,123,2.77,2.77,0.0,21.581929,0.0
2019-02-04,17,0,125,51.34,51.34,0.0,400.005869,0.0
2019-02-04,17,0,126,124.69,124.69,0.0,971.498477,0.0
2019-02-04,17,0,127,160.02,160.02,0.0,1246.765469,0.0
2019-02-04,17,0,128,73.89,73.89,0.0,575.699916,0.0
2019-02-04,17,0,131,13.77,13.77,0.0,85.680143,0.0
2019-02-04,17,0,132,20.24,20.24,0.0,125.937988,0.0
2019-02-04,17,0,133,74.68,74.68,0.0,711.911555,0.0
2019-02-04,17,0,134,0.0,0.0,0.0,0.0,0.0
2019-02-04,17,0,135,97.76,97.76,0.0,931.929213,0.0
2019-02-04,17,0,136,31.8,31.8,0.0,302.63734,0.0
2019-02-04,17,0,139,3.82,3.82,0.0,31.847808,0.0
2019-02-04,17,0,140,85.78,85.78,0.0,196.342904,0.0
2019-02-04,17,0,141,106.58,106.58,0.0,540.475619,0.0
2019-02-04,17,0,142,296.76,296.76,0.0,1504.893459,0.0
2019-02-04,17,0,143,60.91,60.91,0.0,473.940862,0.0
2019-02-04,17,0,145,13.66,13.66,0.0,110.827309,0.0
2019-02-04,17,0,146,99.89,99.89,0.0,228.639458,0.0
2019-02-04,17,0,152,4.41,4.41,0.0,40.290166,0.0
2019-02-04,17,0,153,5.49,5.49,0.0,50.058867,0.0
2019-02-04,17,0,154,44.85,44.85,0.0,373.919941,0.0
2019-02-04,17,0,157,129.36,129.36,0.0,655.994803,0.0
2019-02-04,17,0,158,232.37,232.37,0.0,1178.36667,0.0
2019-02-04,17,0,159,0.0,0.0,0.0,0.0,0.0
2019-02-04,17,0,160,1.32,1.32,0.0,12.150063,0.0
2019-02-04,17,0,161,41.19,41.19,0.0,246.299551,0.0
2019-02-04,17,0,162,0.0,0.0,0.0,0.0,0.0
2019-02-04,17,0,163,19.96,19.96,0.0,45.686691,0.0
2019-02-04,17,0,164,12.93,12.93,0.0,100.608362,0.0
2019-02-04,17,0,167,3.78,3.78,0.0,53.705063,0.0
2019-02-04,17,0,168,1.89,1.89,0.0,26.852532,0.0
2019-02-04,17,0,169,0.0,0.0,0.0,0.0,0.0
2019-02-04,17,0,170,4.13,4.13,0.0,58.677754,0.0
2019-02-04,17,0,172,4.9,4.9,0.0,67.027407,0.0
2019-02-04,17,0,173,7.47,7.47,0.0,102.182598,0.0
2019-02-04,17,0,188,6.48,6.48,0.0,90.315756,0.0
2019-02-04,17,0,190,6.03,6.03,0.0,90.73697,0.0
2019-02-04,17,0,191,15.57,15.57,0.0,234.290982,0.0
2019-02-04,17,0,192,0.0,0.0,0.0,0.0,0.0
2019-02-04,17,0,194,13.35,13.35,0.0,98.987622,0.0
2019-02-04,17,0,196,4.18,4.18,0.0,67.657306,0.0
2019-02-04,17,0,198,6.87,6.87,0.0,65.122499,0.0
2019-02-04,17,0,199,26.24,26.24,0.0,247.069639,0.0
2019-02-04,17,0,200,12.4,12.4,0.0,116.75547,0.0
2019-02-04,17,0,204,74.89,74.89,0.0,646.378664,0.0
2019-02-04,17,0,205,103.03,103.03,0.0,893.859028,0.0
2019-02-04,17,0,206,385.18,385.18,0.0,2992.937131,0.0
2019-02-04,17,0,210,1.48,1.48,0.0,13.630537,0.0
2019-02-04,17,0,214,7.42,7.42,0.0,74.790901,0.0
2019-02-04,17,0,217,5.16,5.16,0.0,50.063593,0.0
2019-02-04,17,0,218,7.13,7.13,0.0,69.177019,0.0
2019-02-04,17,0,219,4.85,4.85,0.0,47.055896,0.0
2019-02-04,17,0,221,3.96,3.96,0.0,39.915359,0.0
2019-02-04,17,0,225,3.89,3.89,0.0,35.411619,0.0
2019-02-04,17,0,233,4.07,4.07,0.0,40.194495,0.0
2019-02-04,17,0,236,11.17,11.17,0.0,104.342731,0.0
2019-02-04,17,0,237,6.59,6.59,0.0,60.171735,0.0
2019-02-04,17,0,238,46.84,46.84,0.0,442.960934,0.0
2019-02-04,17,0,240,6.31,6.31,0.0,56.562286,0.0
2019-02-04,17,0,245,62.55,62.55,0.0,599.385322,0.0
2019-02-04,17,0,247,82.88,82.88,0.0,794.19753,0.0
2019-02-04,17,0,248,0.67,0.67,0.0,6.117612,0.0
2019-02-04,17,0,249,120.29,120.29,0.0,1152.678823,0.0
2019-02-04,17,0,251,229.19,229.19,0.0,2176.135676,0.0
2019-02-04,17,0,252,187.38,187.38,0.0,1783.418853,0.0
2019-02-04,17,0,254,9.45,9.45,0.0,85.597907,0.0
2019-02-04,17,0,255,4.33,4.33,0.0,39.221052,0.0
2019-02-04,17,0,258,7.49,7.49,0.0,67.194081,0.0
2019-02-04,17,0,260,3.21,3.21,0.0,29.546745,0.0
2019-02-04,17,0,265,46.44,46.44,0.0,387.175966,0.0
2019-02-04,17,0,266,2.47,2.47,0.0,20.592692,0.0
2019-02-04,17,0,267,3.04,3.04,0.0,25.344852,0.0
2019-02-04,17,0,270,62.34,62.34,0.0,142.690798,0.0
2019-02-04,17,0,272,52.13,52.13,0.0,352.885764,0.0
2019-02-04,17,0,273,18.58,18.58,0.0,42.527992,0.0
2019-02-04,17,0,274,80.36,80.36,0.0,183.936999,0.0
2019-02-04,17,0,275,111.86,111.86,0.0,256.037739,0.0
2019-02-04,17,0,276,4.23,4.23,0.0,12.309772,0.0
2019-02-04,17,0,277,5.3,5.3,0.0,35.947653,0.0
2019-02-04,17,0,278,8.48,8.48,0.0,57.516246,0.0
2019-02-04,17,0,279,89.3,89.3,0.0,605.684048,0.0
2019-02-04,17,0,281,13.32,13.32,0.0,103.642953,0.0
2019-02-04,17,0,282,208.48,208.48,0.0,1622.183399,0.0
2019-02-04,18,0,9,1.25,1.25,0.0,9.962748,0.0
2019-02-04,18,0,17,15.09,15.09,0.0,141.221574,0.0
2019-02-04,18,0,19,180.74,180.74,0.0,1691.476953,0.0
2019-02-04,18,0,20,220.08,220.08,0.0,2059.645058,0.0
2019-02-04,18,0,21,28.58,28.58,0.0,227.788279,0.0
2019-02-04,18,0,22,101.57,101.57,0.0,809.533083,0.0
2019-02-04,18,0,23,53.0,53.0,0.0,422.420532,0.0
2019-02-04,18,0,24,94.06,94.06,0.0,749.676891,0.0
2019-02-04,18,0,29,2.22,2.22,0.0,20.667834,0.0
2019-02-04,18,0,30,231.69,231.69,0.0,1844.663882,0.0
2019-02-04,18,0,31,22.11,22.11,0.0,176.034867,0.0
2019-02-04,18,0,32,1.69,1.69,0.0,25.351575,0.0
2019-02-04,18,0,33,0.79,0.79,0.0,7.602116,0.0
2019-02-04,18,0,34,1.27,1.27,0.0,12.221124,0.0
2019-02-04,18,0,35,1.27,1.27,0.0,12.221124,0.0
2019-02-04,18,0,36,3.15,3.15,0.0,28.141716,0.0
2019-02-04,18,0,37,1.56,1.56,0.0,13.924506,0.0
2019-02-04,18,0,38,2.01,2.01,0.0,17.94119,0.0
2019-02-04,18,0,39,1.34,1.34,0.0,11.960794,0.0
2019-02-04,18,0,40,1.34,1.34,0.0,11.960794,0.0
2019-02-04,18,0,41,1.95,1.95,0.0,16.406497,0.0
2019-02-04,18,0,42,21.39,21.39,0.0,198.955368,0.0
2019-02-04,18,0,43,8.95,8.95,0.0,80.375916,0.0
2019-02-04,18,0,46,8.55,8.55,0.0,75.524563,0.0
2019-02-04,18,0,52,23.44,23.44,0.0,186.62403,0.0
2019-02-04,18,0,53,37.24,37.24,0.0,296.496538,0.0
2019-02-04,18,0,55,231.71,231.71,0.0,1846.774744,0.0
2019-02-04,18,0,56,68.34,68.34,0.0,544.107772,0.0
2019-02-04,18,0,57,65.01,65.01,0.0,517.595058,0.0
2019-02-04,18,0,58,125.01,125.01,0.0,995.301618,0.0
2019-02-04,18,0,59,122.93,122.93,0.0,978.741124,0.0
2019-02-04,18,0,63,4.18,4.18,0.0,62.883198,0.0
2019-02-04,18,0,64,4.92,4.92,0.0,74.01563,0.0
2019-02-04,18,0,65,30.81,30.81,0.0,288.011168,0.0
2019-02-04,18,0,67,135.15,135.15,0.0,1246.292941,0.0
2019-02-04,18,0,68,2.49,2.49,0.0,20.088844,0.0
2019-02-04,18,0,69,0.79,0.79,0.0,7.602116,0.0
2019-02-04,18,0,74,1.46,1.46,0.0,13.212004,0.0
2019-02-04,18,0,77,21.35,21.35,0.0,152.898706,0.0
2019-02-04,18,0,78,16.14,16.14,0.0,115.587125,0.0
2019-02-04,18,0,79,9.34,9.34,0.0,66.888708,0.0
2019-02-04,18,0,80,15.1,15.1,0.0,108.139132,0.0
2019-02-04,18,0,81,19.75,19.75,0.0,141.440255,0.0
2019-02-04,18,0,82,13.93,13.93,0.0,99.76014,0.0
2019-02-04,18,0,83,31.06,31.06,0.0,222.437181,0.0
2019-02-04,18,0,84,0.0,0.0,0.0,0.0,0.0
2019-02-04,18,0,86,4.01,4.01,0.0,38.587958,0.0
2019-02-04,18,0,87,20.45,20.45,0.0,196.788963,0.0
2019-02-04,18,0,88,18.87,18.87,0.0,135.138107,0.0
2019-02-04,18,0,89,18.14,18.14,0.0,129.910189,0.0
2019-02-04,18,0,90,24.35,24.35,0.0,174.383302,0.0
2019-02-04,18,0,91,86.86,86.86,0.0,622.050662,0.0
2019-02-04,18,0,92,31.24,31.24,0.0,223.726257,0.0
2019-02-04,18,0,95,2.41,2.41,0.0,36.046648,0.0
2019-02-04,18,0,96,17.61,17.61,0.0,140.051862,0.0
2019-02-04,18,0,97,108.27,108.27,0.0,861.068435,0.0
2019-02-04,18,0,99,0.28,0.28,0.0,2.533809,0.0
2019-02-04,18,0,101,4.67,4.67,0.0,37.181494,0.0
2019-02-04,18,0,102,5.9,5.9,0.0,47.600072,0.0
2019-02-04,18,0,103,5.13,5.13,0.0,41.38786,0.0
2019-02-04,18,0,104,0.95,0.95,0.0,7.664418,0.0
2019-02-04,18,0,106,99.99,99.99,0.0,796.940169,0.0
2019-02-04,18,0,109,13.06,13.06,0.0,113.555578,0.0
2019-02-04,18,0,110,90.19,90.19,0.0,1150.345128,0.0
2019-02-04,18,0,111,6.47,6.47,0.0,54.435917,0.0
2019-02-04,18,0,113,12.42,12.42,0.0,83.81507,0.0
2019-02-04,18,0,115,12.42,12.42,0.0,83.81507,0.0
2019-02-04,18,0,116,44.38,44.38,0.0,566.052964,0.0
2019-02-04,18,0,117,0.83,0.83,0.0,5.601168,0.0
2019-02-04,18,0,119,4.92,4.92,0.0,74.01563,0.0
2019-02-04,18,0,120,2.89,2.89,0.0,43.476661,0.0
2019-02-04,18,0,123,1.67,1.67,0.0,13.310232,0.0
2019-02-04,18,0,125,85.06,85.06,0.0,677.945103,0.0
2019-02-04,18,0,126,74.99,74.99,0.0,597.685201,0.0
2019-02-04,18,0,127,96.24,96.24,0.0,767.051924,0.0
2019-02-04,18,0,128,122.14,122.14,0.0,973.480071,0.0
2019-02-04,18,0,131,9.59,9.59,0.0,74.415324,0.0
2019-02-04,18,0,132,14.1,14.1,0.0,109.411477,0.0
2019-02-04,18,0,133,98.51,98.51,0.0,922.016421,0.0
2019-02-04,18,0,134,0.0,0.0,0.0,0.0,0.0
2019-02-04,18,0,135,132.01,132.01,0.0,1235.563778,0.0
2019-02-04,18,0,136,33.68,33.68,0.0,314.820183,0.0
2019-02-04,18,0,139,2.51,2.51,0.0,21.118107,0.0
2019-02-04,18,0,140,66.75,66.75,0.0,851.375289,0.0
2019-02-04,18,0,141,89.04,89.04,0.0,821.087114,0.0
2019-02-04,18,0,142,178.23,178.23,0.0,1643.557461,0.0
2019-02-04,18,0,143,44.07,44.07,0.0,350.875469,0.0
2019-02-04,18,0,145,8.04,8.04,0.0,66.201304,0.0
2019-02-04,18,0,146,104.29,104.29,0.0,1330.1862,0.0
2019-02-04,18,0,152,2.53,2.53,0.0,22.911767,0.0
2019-02-04,18,0,153,3.14,3.14,0.0,28.392998,0.0
2019-02-04,18,0,154,26.7,26.7,0.0,224.642811,0.0
2019-02-04,18,0,157,94.94,94.94,0.0,875.494279,0.0
2019-02-04,18,0,158,140.26,140.26,0.0,1293.415079,0.0
2019-02-04,18,0,159,0.0,0.0,0.0,0.0,0.0
2019-02-04,18,0,160,0.73,0.73,0.0,6.68553,0.0
2019-02-04,18,0,161,24.28,24.28,0.0,195.8864,0.0
2019-02-04,18,0,162,0.0,0.0,0.0,0.0,0.0
2019-02-04,18,0,163,20.26,20.26,0.0,258.409938,0.0
2019-02-04,18,0,164,7.82,7.82,0.0,62.261088,0.0
2019-02-04,18,0,167,1.94,1.94,0.0,29.021127,0.0
2019-02-04,18,0,168,0.97,0.97,0.0,14.510563,0.0
2019-02-04,18,0,169,0.0,0.0,0.0,0.0,0.0
2019-02-04,18,0,170,2.12,2.12,0.0,31.713808,0.0
2019-02-04,18,0,172,2.54,2.54,0.0,36.602087,0.0
2019-02-04,18,0,173,3.87,3.87,0.0,55.767747,0.0
2019-02-04,18,0,188,3.4,3.4,0.0,50.103621,0.0
2019-02-04,18,0,190,3.33,3.33,0.0,50.095944,0.0
2019-02-04,18,0,191,8.6,8.6,0.0,129.376914,0.0
2019-02-04,18,0,192,17.24,17.24,0.0,259.355581,0.0
2019-02-04,18,0,194,19.87,19.87,0.0,109.367176,0.0
2019-02-04,18,0,196,2.35,2.35,0.0,33.32587,0.0
2019-02-04,18,0,198,3.72,3.72,0.0,35.079148,0.0
2019-02-04,18,0,199,26.1,26.1,0.0,230.649335,0.0
2019-02-04,18,0,200,6.63,6.63,0.0,58.590233,0.0
2019-02-04,18,0,204,53.87,53.87,0.0,466.491934,0.0
2019-02-04,18,0,205,69.08,69.08,0.0,600.644663,0.0
2019-02-04,18,0,206,318.14,318.14,0.0,2530.158972,0.0
2019-02-04,18,0,210,0.75,0.75,0.0,7.033386,0.0
2019-02-04,18,0,214,3.94,3.94,0.0,38.530707,0.0
2019-02-04,18,0,217,2.69,2.69,0.0,25.840483,0.0
2019-02-04,18,0,218,3.71,3.71,0.0,35.638733,0.0
2019-02-04,18,0,219,2.53,2.53,0.0,24.303503,0.0
2019-02-04,18,0,221,2.1,2.1,0.0,20.536671,0.0
2019-02-04,18,0,225,2.0,2.0,0.0,18.606534,0.0
2019-02-04,18,0,233,2.27,2.27,0.0,21.844056,0.0
2019-02-04,18,0,236,11.41,11.41,0.0,105.118725,0.0
2019-02-04,18,0,237,3.51,3.51,0.0,31.763106,0.0
2019-02-04,18,0,238,27.84,27.84,0.0,258.948922,0.0
2019-02-04,18,0,240,3.57,3.57,0.0,31.893945,0.0
2019-02-04,18,0,245,64.24,64.24,0.0,603.711924,0.0
2019-02-04,18,0,247,86.47,86.47,0.0,812.624067,0.0
2019-02-04,18,0,248,0.35,0.35,0.0,3.167261,0.0
2019-02-04,18,0,249,123.54,123.54,0.0,1160.998927,0.0
2019-02-04,18,0,251,265.47,265.47,0.0,2476.968596,0.0
2019-02-04,18,0,252,198.73,198.73,0.0,1857.723444,0.0
2019-02-04,18,0,254,5.23,5.23,0.0,47.201499,0.0
2019-02-04,18,0,255,2.4,2.4,0.0,21.660344,0.0
2019-02-04,18,0,258,4.24,4.24,0.0,37.911604,0.0
2019-02-04,18,0,260,1.77,1.77,0.0,16.210121,0.0
2019-02-04,18,0,265,27.65,27.65,0.0,232.63572,0.0
2019-02-04,18,0,266,1.63,1.63,0.0,13.714149,0.0
2019-02-04,18,0,267,2.0,2.0,0.0,16.827177,0.0
2019-02-04,18,0,270,63.26,63.26,0.0,806.861435,0.0
2019-02-04,18,0,272,41.52,41.52,0.0,280.193374,0.0
2019-02-04,18,0,273,10.61,10.61,0.0,135.327218,0.0
2019-02-04,18,0,274,81.55,81.55,0.0,1040.144641,0.0
2019-02-04,18,0,275,113.52,113.52,0.0,1447.911952,0.0
2019-02-04,18,0,276,2.43,2.43,0.0,29.076923,0.0
2019-02-04,18,0,277,3.06,3.06,0.0,21.156927,0.0
2019-02-04,18,0,278,4.89,4.89,0.0,33.809599,0.0
2019-02-04,18,0,279,72.23,72.23,0.0,499.400275,0.0
2019-02-04,18,0,281,9.91,9.91,0.0,78.9012,0.0
2019-02-04,18,0,282,127.09,127.09,0.0,1011.862112,0.0
2019-02-04,19,0,9,0.13,0.13,0.0,1.611013,0.0
2019-02-04,19,0,17,0.48,0.48,0.0,4.935153,0.0
2019-02-04,19,0,19,355.44,355.44,0.0,3654.480967,0.0
2019-02-04,19,0,20,432.03,432.03,0.0,4441.946355,0.0
2019-02-04,19,0,21,3.02,3.02,0.0,37.425081,0.0
2019-02-04,19,0,22,10.72,10.72,0.0,132.846644,0.0
2019-02-04,19,0,23,50.54,50.54,0.0,626.312443,0.0
2019-02-04,19,0,24,89.43,89.43,0.0,1108.2533,0.0
2019-02-04,19,0,29,0.0,0.0,0.0,0.0,0.0
2019-02-04,19,0,30,33.88,33.88,0.0,420.344584,0.0
2019-02-04,19,0,31,9.78,9.78,0.0,121.339139,0.0
2019-02-04,19,0,32,0.0,0.0,0.0,0.0,0.0
2019-02-04,19,0,33,0.04,0.04,0.0,0.398631,0.0
2019-02-04,19,0,34,0.06,0.06,0.0,0.597946,0.0
2019-02-04,19,0,35,0.06,0.06,0.0,0.597946,0.0
2019-02-04,19,0,36,0.26,0.26,0.0,2.780417,0.0
2019-02-04,19,0,37,0.12,0.12,0.0,1.282561,0.0
2019-02-04,19,0,38,0.15,0.15,0.0,1.603201,0.0
2019-02-04,19,0,39,0.1,0.1,0.0,1.068801,0.0
2019-02-04,19,0,40,0.1,0.1,0.0,1.068801,0.0
2019-02-04,19,0,41,1.22,1.22,0.0,14.216203,0.0
2019-02-04,19,0,42,2.5,2.5,0.0,25.875059,0.0
2019-02-04,19,0,43,0.68,0.68,0.0,7.162624,0.0
2019-02-04,19,0,46,0.49,0.49,0.0,5.307428,0.0
2019-02-04,19,0,52,10.37,10.37,0.0,128.659189,0.0
2019-02-04,19,0,53,16.48,16.48,0.0,204.465134,0.0
2019-02-04,19,0,55,94.31,94.31,0.0,1168.728265,0.0
2019-02-04,19,0,56,9.99,9.99,0.0,123.944581,0.0
2019-02-04,19,0,57,9.51,9.51,0.0,117.989286,0.0
2019-02-04,19,0,58,18.28,18.28,0.0,226.797491,0.0
2019-02-04,19,0,59,17.98,17.98,0.0,223.075432,0.0
2019-02-04,19,0,63,13.29,13.29,0.0,195.521708,0.0
2019-02-04,19,0,64,15.64,15.64,0.0,230.094772,0.0
2019-02-04,19,0,65,32.6,32.6,0.0,335.593706,0.0
2019-02-04,19,0,67,13.6,13.6,0.0,191.703954,0.0
2019-02-04,19,0,68,2.15,2.15,0.0,30.050767,0.0
2019-02-04,19,0,69,0.04,0.04,0.0,0.398631,0.0
2019-02-04,19,0,74,1.72,1.72,0.0,18.344064,0.0
2019-02-04,19,0,77,14.5,14.5,0.0,199.879021,0.0
2019-02-04,19,0,78,10.96,10.96,0.0,151.08097,0.0
2019-02-04,19,0,79,6.34,6.34,0.0,87.395379,0.0
2019-02-04,19,0,80,10.26,10.26,0.0,141.431638,0.0
2019-02-04,19,0,81,13.41,13.41,0.0,184.853633,0.0
2019-02-04,19,0,82,9.46,9.46,0.0,130.40383,0.0
2019-02-04,19,0,83,21.09,21.09,0.0,290.72059,0.0
2019-02-04,19,0,84,0.0,0.0,0.0,0.0,0.0
2019-02-04,19,0,86,0.19,0.19,0.0,1.893496,0.0
2019-02-04,19,0,87,0.97,0.97,0.0,9.666796,0.0
2019-02-04,19,0,88,13.77,13.77,0.0,189.816146,0.0
2019-02-04,19,0,89,13.24,13.24,0.0,182.510223,0.0
2019-02-04,19,0,90,17.78,17.78,0.0,245.093034,0.0
2019-02-04,19,0,91,63.41,63.41,0.0,874.091636,0.0
2019-02-04,19,0,92,22.81,22.81,0.0,314.430377,0.0
2019-02-04,19,0,95,4.59,4.59,0.0,68.488392,0.0
2019-02-04,19,0,96,14.57,14.57,0.0,180.988116,0.0
2019-02-04,19,0,97,89.59,89.59,0.0,1112.884375,0.0
2019-02-04,19,0,99,0.33,0.33,0.0,3.519501,0.0
2019-02-04,19,0,101,0.68,0.68,0.0,8.436668,0.0
2019-02-04,19,0,102,6.15,6.15,0.0,85.959172,0.0
2019-02-04,19,0,103,5.16,5.16,0.0,72.121842,0.0
2019-02-04,19,0,104,0.74,0.74,0.0,10.343055,0.0
2019-02-04,19,0,106,10.55,10.55,0.0,130.739934,0.0
2019-02-04,19,0,109,8.44,8.44,0.0,93.955231,0.0
2019-02-04,19,0,110,72.36,72.36,0.0,1046.297714,0.0
2019-02-04,19,0,111,0.86,0.86,0.0,10.021258,0.0
2019-02-04,19,0,113,9.94,9.94,0.0,139.830906,0.0
2019-02-04,19,0,115,9.94,9.94,0.0,139.830906,0.0
2019-02-04,19,0,116,2.42,2.42,0.0,34.992267,0.0
2019-02-04,19,0,117,0.66,0.66,0.0,9.284547,0.0
2019-02-04,19,0,119,15.64,15.64,0.0,230.094772,0.0
2019-02-04,19,0,120,9.2,9.2,0.0,135.349866,0.0
2019-02-04,19,0,123,0.18,0.18,0.0,2.230634,0.0
2019-02-04,19,0,125,80.92,80.92,0.0,1002.793884,0.0
2019-02-04,19,0,126,7.91,7.91,0.0,98.02397,0.0
2019-02-04,19,0,127,10.15,10.15,0.0,125.78297,0.0
2019-02-04,19,0,128,115.9,115.9,0.0,1436.280414,0.0
2019-02-04,19,0,131,6.42,6.42,0.0,89.529334,0.0
2019-02-04,19,0,132,9.43,9.43,0.0,131.504926,0.0
2019-02-04,19,0,133,101.01,101.01,0.0,1038.420292,0.0
2019-02-04,19,0,134,0.0,0.0,0.0,0.0,0.0
2019-02-04,19,0,135,136.87,136.87,0.0,1407.074402,0.0
2019-02-04,19,0,136,35.62,35.62,0.0,366.707314,0.0
2019-02-04,19,0,139,1.57,1.57,0.0,18.294622,0.0
2019-02-04,19,0,140,53.55,53.55,0.0,774.312363,0.0
2019-02-04,19,0,141,74.06,74.06,0.0,1043.940797,0.0
2019-02-04,19,0,142,17.93,17.93,0.0,252.73911,0.0
2019-02-04,19,0,143,18.86,18.86,0.0,233.993473,0.0
2019-02-04,19,0,145,4.22,4.22,0.0,50.361269,0.0
2019-02-04,19,0,146,110.69,110.69,0.0,1600.534742,0.0
2019-02-04,19,0,152,0.22,0.22,0.0,2.339586,0.0
2019-02-04,19,0,153,0.26,0.26,0.0,2.769068,0.0
2019-02-04,19,0,154,3.55,3.55,0.0,41.36682,0.0
2019-02-04,19,0,157,69.83,69.83,0.0,984.315229,0.0
2019-02-04,19,0,158,13.99,13.99,0.0,197.201347,0.0
2019-02-04,19,0,159,0.0,0.0,0.0,0.0,0.0
2019-02-04,19,0,160,0.05,0.05,0.0,0.504213,0.0
2019-02-04,19,0,161,2.26,2.26,0.0,31.588248,0.0
2019-02-04,19,0,162,8.02,8.02,0.0,119.638217,0.0
2019-02-04,19,0,163,24.32,24.32,0.0,351.657827,0.0
2019-02-04,19,0,164,1.63,1.63,0.0,20.22319,0.0
2019-02-04,19,0,167,0.0,0.0,0.0,0.0,0.0
2019-02-04,19,0,168,0.0,0.0,0.0,0.0,0.0
2019-02-04,19,0,169,0.0,0.0,0.0,0.0,0.0
2019-02-04,19,0,170,0.0,0.0,0.0,0.0,0.0
2019-02-04,19,0,172,0.0,0.0,0.0,0.0,0.0
2019-02-04,19,0,173,0.0,0.0,0.0,0.0,0.0
2019-02-04,19,0,188,0.0,0.0,0.0,0.0,0.0
2019-02-04,19,0,190,0.1,0.1,0.0,1.471194,0.0
2019-02-04,19,0,191,0.27,0.27,0.0,3.972224,0.0
2019-02-04,19,0,192,49.93,49.93,0.0,734.56726,0.0
2019-02-04,19,0,194,31.77,31.77,0.0,452.496213,0.0
2019-02-04,19,0,196,0.1,0.1,0.0,1.456665,0.0
2019-02-04,19,0,198,0.06,0.06,0.0,0.554147,0.0
2019-02-04,19,0,199,30.37,30.37,0.0,362.023408,0.0
2019-02-04,19,0,200,0.01,0.01,0.0,0.119204,0.0
2019-02-04,19,0,204,38.9,38.9,0.0,435.027224,0.0
2019-02-04,19,0,205,44.65,44.65,0.0,497.049887,0.0
2019-02-04,19,0,206,263.25,263.25,0.0,3270.083846,0.0
2019-02-04,19,0,210,0.0,0.0,0.0,0.0,0.0
2019-02-04,19,0,214,0.0,0.0,0.0,0.0,0.0
2019-02-04,19,0,217,0.0,0.0,0.0,0.0,0.0
2019-02-04,19,0,218,0.0,0.0,0.0,0.0,0.0
2019-02-04,19,0,219,0.0,0.0,0.0,0.0,0.0
2019-02-04,19,0,221,0.0,0.0,0.0,0.0,0.0
2019-02-04,19,0,225,0.0,0.0,0.0,0.0,0.0
2019-02-04,19,0,233,0.11,0.11,0.0,1.096235,0.0
2019-02-04,19,0,236,13.52,13.52,0.0,141.332152,0.0
2019-02-04,19,0,237,4.13,4.13,0.0,44.047085,0.0
2019-02-04,19,0,238,3.25,3.25,0.0,33.637577,0.0
2019-02-04,19,0,240,0.29,0.29,0.0,3.101234,0.0
2019-02-04,19,0,245,66.12,66.12,0.0,676.725501,0.0
2019-02-04,19,0,247,90.76,90.76,0.0,928.911169,0.0
2019-02-04,19,0,248,0.41,0.41,0.0,4.372713,0.0
2019-02-04,19,0,249,127.15,127.15,0.0,1301.35583,0.0
2019-02-04,19,0,251,305.77,305.77,0.0,3154.067508,0.0
2019-02-04,19,0,252,210.3,210.3,0.0,2164.888231,0.0
2019-02-04,19,0,254,0.31,0.31,0.0,3.230385,0.0
2019-02-04,19,0,255,0.14,0.14,0.0,1.458884,0.0
2019-02-04,19,0,258,0.35,0.35,0.0,3.733788,0.0
2019-02-04,19,0,260,0.11,0.11,0.0,1.109268,0.0
2019-02-04,19,0,265,3.68,3.68,0.0,42.881661,0.0
2019-02-04,19,0,266,1.02,1.02,0.0,11.885678,0.0
2019-02-04,19,0,267,1.25,1.25,0.0,14.565782,0.0
2019-02-04,19,0,270,75.94,75.94,0.0,1098.063134,0.0
2019-02-04,19,0,272,33.22,33.22,0.0,467.322203,0.0
2019-02-04,19,0,273,0.58,0.58,0.0,8.386576,0.0
2019-02-04,19,0,274,97.9,97.9,0.0,1415.596271,0.0
2019-02-04,19,0,275,136.27,136.27,0.0,1970.411684,0.0
2019-02-04,19,0,276,0.15,0.15,0.0,2.15676,0.0
2019-02-04,19,0,277,0.22,0.22,0.0,3.069911,0.0
2019-02-04,19,0,278,0.35,0.35,0.0,4.88395,0.0
2019-02-04,19,0,279,58.41,58.41,0.0,815.061455,0.0
2019-02-04,19,0,281,4.39,4.39,0.0,54.466137,0.0
2019-02-04,19,0,282,18.58,18.58,0.0,230.519551,0.0
2019-02-04,20,0,9,0.0,0.0,0.0,0.0,0.0
2019-02-04,20,0,17,0.0,0.0,0.0,0.0,0.0
2019-02-04,20,0,19,349.76,349.76,0.0,3633.463301,0.0
2019-02-04,20,0,20,424.19,424.19,0.0,4406.675428,0.0
2019-02-04,20,0,21,0.0,0.0,0.0,0.0,0.0
2019-02-04,20,0,22,0.0,0.0,0.0,0.0,0.0
2019-02-04,20,0,23,50.27,50.27,0.0,570.645644,0.0
2019-02-04,20,0,24,88.95,88.95,0.0,1009.72608,0.0
2019-02-04,20,0,29,0.0,0.0,0.0,0.0,0.0
2019-02-04,20,0,30,0.0,0.0,0.0,0.0,0.0
2019-02-04,20,0,31,8.33,8.33,0.0,94.610452,0.0
2019-02-04,20,0,32,0.0,0.0,0.0,0.0,0.0
2019-02-04,20,0,33,0.0,0.0,0.0,0.0,0.0
2019-02-04,20,0,34,0.0,0.0,0.0,0.0,0.0
2019-02-04,20,0,35,0.0,0.0,0.0,0.0,0.0
2019-02-04,20,0,36,0.0,0.0,0.0,0.0,0.0
2019-02-04,20,0,37,0.0,0.0,0.0,0.0,0.0
2019-02-04,20,0,38,0.0,0.0,0.0,0.0,0.0
2019-02-04,20,0,39,0.0,0.0,0.0,0.0,0.0
2019-02-04,20,0,40,0.0,0.0,0.0,0.0,0.0
2019-02-04,20,0,41,5.1,5.1,0.0,56.255416,0.0
2019-02-04,20,0,42,0.0,0.0,0.0,0.0,0.0
2019-02-04,20,0,43,0.0,0.0,0.0,0.0,0.0
2019-02-04,20,0,46,0.0,0.0,0.0,0.0,0.0
2019-02-04,20,0,52,8.83,8.83,0.0,100.289351,0.0
2019-02-04,20,0,53,14.03,14.03,0.0,159.349897,0.0
2019-02-04,20,0,55,84.99,84.99,0.0,964.773688,0.0
2019-02-04,20,0,56,0.0,0.0,0.0,0.0,0.0
2019-02-04,20,0,57,0.0,0.0,0.0,0.0,0.0
2019-02-04,20,0,58,0.0,0.0,0.0,0.0,0.0
2019-02-04,20,0,59,0.0,0.0,0.0,0.0,0.0
2019-02-04,20,0,63,24.2,24.2,0.0,303.603232,0.0
2019-02-04,20,0,64,28.47,28.47,0.0,357.172894,0.0
2019-02-04,20,0,65,27.44,27.44,0.0,285.241971,0.0
2019-02-04,20,0,67,0.0,0.0,0.0,0.0,0.0
2019-02-04,20,0,68,2.35,2.35,0.0,28.323778,0.0
2019-02-04,20,0,69,0.0,0.0,0.0,0.0,0.0
2019-02-04,20,0,74,3.84,3.84,0.0,40.646916,0.0
2019-02-04,20,0,77,25.47,25.47,0.0,304.270067,0.0
2019-02-04,20,0,78,19.34,19.34,0.0,231.039776,0.0
2019-02-04,20,0,79,11.26,11.26,0.0,134.514368,0.0
2019-02-04,20,0,80,18.11,18.11,0.0,216.345933,0.0
2019-02-04,20,0,81,23.59,23.59,0.0,281.811185,0.0
2019-02-04,20,0,82,16.72,16.72,0.0,199.740696,0.0
2019-02-04,20,0,83,36.78,36.78,0.0,439.381746,0.0
2019-02-04,20,0,84,0.0,0.0,0.0,0.0,0.0
2019-02-04,20,0,86,0.0,0.0,0.0,0.0,0.0
2019-02-04,20,0,87,0.0,0.0,0.0,0.0,0.0
2019-02-04,20,0,88,30.98,30.98,0.0,370.093706,0.0
2019-02-04,20,0,89,29.78,29.78,0.0,355.758249,0.0
2019-02-04,20,0,90,39.96,39.96,0.0,477.370706,0.0
2019-02-04,20,0,91,142.26,142.26,0.0,1699.468385,0.0
2019-02-04,20,0,92,51.23,51.23,0.0,612.004537,0.0
2019-02-04,20,0,95,6.42,6.42,0.0,81.162206,0.0
2019-02-04,20,0,96,14.2,14.2,0.0,161.372483,0.0
2019-02-04,20,0,97,102.56,102.56,0.0,1165.518443,0.0
2019-02-04,20,0,99,0.74,0.74,0.0,7.832999,0.0
2019-02-04,20,0,101,0.0,0.0,0.0,0.0,0.0
2019-02-04,20,0,102,5.55,5.55,0.0,66.892327,0.0
2019-02-04,20,0,103,4.83,4.83,0.0,58.214404,0.0
2019-02-04,20,0,104,0.9,0.9,0.0,10.847404,0.0
2019-02-04,20,0,106,0.0,0.0,0.0,0.0,0.0
2019-02-04,20,0,109,11.21,11.21,0.0,121.249258,0.0
2019-02-04,20,0,110,87.89,87.89,0.0,1087.849342,0.0
2019-02-04,20,0,111,0.0,0.0,0.0,0.0,0.0
2019-02-04,20,0,113,12.13,12.13,0.0,146.299969,0.0
2019-02-04,20,0,115,12.13,12.13,0.0,146.299969,0.0
2019-02-04,20,0,116,0.0,0.0,0.0,0.0,0.0
2019-02-04,20,0,117,0.81,0.81,0.0,9.769413,0.0
2019-02-04,20,0,119,28.47,28.47,0.0,357.172894,0.0
2019-02-04,20,0,120,16.74,16.74,0.0,210.013145,0.0
2019-02-04,20,0,123,0.0,0.0,0.0,0.0,0.0
2019-02-04,20,0,125,80.49,80.49,0.0,913.691424,0.0
2019-02-04,20,0,126,0.0,0.0,0.0,0.0,0.0
2019-02-04,20,0,127,0.0,0.0,0.0,0.0,0.0
2019-02-04,20,0,128,115.29,115.29,0.0,1308.727597,0.0
2019-02-04,20,0,131,8.09,8.09,0.0,97.333405,0.0
2019-02-04,20,0,132,11.89,11.89,0.0,143.052433,0.0
2019-02-04,20,0,133,70.87,70.87,0.0,736.18473,0.0
2019-02-04,20,0,134,0.0,0.0,0.0,0.0,0.0
2019-02-04,20,0,135,94.44,94.44,0.0,981.025623,0.0
2019-02-04,20,0,136,30.62,30.62,0.0,318.309647,0.0
2019-02-04,20,0,139,6.82,6.82,0.0,75.227831,0.0
2019-02-04,20,0,140,65.04,65.04,0.0,805.025842,0.0
2019-02-04,20,0,141,86.46,86.46,0.0,1048.985232,0.0
2019-02-04,20,0,142,0.0,0.0,0.0,0.0,0.0
2019-02-04,20,0,143,15.99,15.99,0.0,181.61118,0.0
2019-02-04,20,0,145,5.4,5.4,0.0,60.246561,0.0
2019-02-04,20,0,146,114.32,114.32,0.0,1414.983921,0.0
2019-02-04,20,0,152,0.0,0.0,0.0,0.0,0.0
2019-02-04,20,0,153,0.0,0.0,0.0,0.0,0.0
2019-02-04,20,0,154,0.0,0.0,0.0,0.0,0.0
2019-02-04,20,0,157,79.75,79.75,0.0,967.575436,0.0
2019-02-04,20,0,158,0.0,0.0,0.0,0.0,0.0
2019-02-04,20,0,159,0.0,0.0,0.0,0.0,0.0
2019-02-04,20,0,160,0.0,0.0,0.0,0.0,0.0
2019-02-04,20,0,161,0.0,0.0,0.0,0.0,0.0
2019-02-04,20,0,162,12.99,12.99,0.0,164.199053,0.0
2019-02-04,20,0,163,32.68,32.68,0.0,404.493304,0.0
2019-02-04,20,0,164,0.0,0.0,0.0,0.0,0.0
2019-02-04,20,0,167,0.0,0.0,0.0,0.0,0.0
2019-02-04,20,0,168,0.0,0.0,0.0,0.0,0.0
2019-02-04,20,0,169,0.0,0.0,0.0,0.0,0.0
2019-02-04,20,0,170,0.0,0.0,0.0,0.0,0.0
2019-02-04,20,0,172,0.0,0.0,0.0,0.0,0.0
2019-02-04,20,0,173,0.0,0.0,0.0,0.0,0.0
2019-02-04,20,0,188,0.0,0.0,0.0,0.0,0.0
2019-02-04,20,0,190,0.0,0.0,0.0,0.0,0.0
2019-02-04,20,0,191,0.0,0.0,0.0,0.0,0.0
2019-02-04,20,0,192,66.68,66.68,0.0,836.539816,0.0
2019-02-04,20,0,194,38.73,38.73,0.0,468.966157,0.0
2019-02-04,20,0,196,0.0,0.0,0.0,0.0,0.0
2019-02-04,20,0,198,0.0,0.0,0.0,0.0,0.0
2019-02-04,20,0,199,31.35,31.35,0.0,344.452976,0.0
2019-02-04,20,0,200,0.0,0.0,0.0,0.0,0.0
2019-02-04,20,0,204,90.97,90.97,0.0,986.127036,0.0
2019-02-04,20,0,205,59.28,59.28,0.0,641.182514,0.0
2019-02-04,20,0,206,388.51,388.51,0.0,4415.128416,0.0
2019-02-04,20,0,210,0.0,0.0,0.0,0.0,0.0
2019-02-04,20,0,214,0.0,0.0,0.0,0.0,0.0
2019-02-04,20,0,217,0.0,0.0,0.0,0.0,0.0
2019-02-04,20,0,218,0.0,0.0,0.0,0.0,0.0
2019-02-04,20,0,219,0.0,0.0,0.0,0.0,0.0
2019-02-04,20,0,221,0.0,0.0,0.0,0.0,0.0
2019-02-04,20,0,225,0.0,0.0,0.0,0.0,0.0
2019-02-04,20,0,233,0.0,0.0,0.0,0.0,0.0
2019-02-04,20,0,236,21.79,21.79,0.0,228.344532,0.0
2019-02-04,20,0,237,9.2,9.2,0.0,97.383236,0.0
2019-02-04,20,0,238,0.0,0.0,0.0,0.0,0.0
2019-02-04,20,0,240,0.0,0.0,0.0,0.0,0.0
2019-02-04,20,0,245,106.72,106.72,0.0,1106.038165,0.0
2019-02-04,20,0,247,81.7,81.7,0.0,846.732741,0.0
2019-02-04,20,0,248,0.92,0.92,0.0,9.738324,0.0
2019-02-04,20,0,249,205.15,205.15,0.0,2126.159385,0.0
2019-02-04,20,0,251,256.99,256.99,0.0,2674.254344,0.0
2019-02-04,20,0,252,177.02,177.02,0.0,1840.143354,0.0
2019-02-04,20,0,254,0.0,0.0,0.0,0.0,0.0
2019-02-04,20,0,255,0.0,0.0,0.0,0.0,0.0
2019-02-04,20,0,258,0.0,0.0,0.0,0.0,0.0
2019-02-04,20,0,260,0.0,0.0,0.0,0.0,0.0
2019-02-04,20,0,265,0.0,0.0,0.0,0.0,0.0
2019-02-04,20,0,266,4.16,4.16,0.0,45.886771,0.0
2019-02-04,20,0,267,5.26,5.26,0.0,58.020292,0.0
2019-02-04,20,0,270,102.07,102.07,0.0,1263.360819,0.0
2019-02-04,20,0,272,40.54,40.54,0.0,488.953072,0.0
2019-02-04,20,0,273,0.0,0.0,0.0,0.0,0.0
2019-02-04,20,0,274,131.58,131.58,0.0,1628.617778,0.0
2019-02-04,20,0,275,183.16,183.16,0.0,2267.043868,0.0
2019-02-04,20,0,276,0.0,0.0,0.0,0.0,0.0
2019-02-04,20,0,277,0.0,0.0,0.0,0.0,0.0
2019-02-04,20,0,278,0.0,0.0,0.0,0.0,0.0
2019-02-04,20,0,279,178.69,178.69,0.0,2146.957193,0.0
2019-02-04,20,0,281,3.74,3.74,0.0,42.478162,0.0
2019-02-04,20,0,282,0.0,0.0,0.0,0.0,0.0
2019-02-04,21,0,9,0.0,0.0,0.0,0.0,0.0
2019-02-04,21,0,17,0.0,0.0,0.0,0.0,0.0
2019-02-04,21,0,19,328.14,328.14,0.0,4520.260854,0.0
2019-02-04,21,0,20,397.97,397.97,0.0,5482.19727,0.0
2019-02-04,21,0,21,0.0,0.0,0.0,0.0,0.0
2019-02-04,21,0,22,0.0,0.0,0.0,0.0,0.0
2019-02-04,21,0,23,50.17,50.17,0.0,592.940829,0.0
2019-02-04,21,0,24,88.76,88.76,0.0,1049.021885,0.0
2019-02-04,21,0,29,0.0,0.0,0.0,0.0,0.0
2019-02-04,21,0,30,0.0,0.0,0.0,0.0,0.0
2019-02-04,21,0,31,7.11,7.11,0.0,83.970693,0.0
2019-02-04,21,0,32,0.0,0.0,0.0,0.0,0.0
2019-02-04,21,0,33,0.0,0.0,0.0,0.0,0.0
2019-02-04,21,0,34,0.0,0.0,0.0,0.0,0.0
2019-02-04,21,0,35,0.0,0.0,0.0,0.0,0.0
2019-02-04,21,0,36,0.0,0.0,0.0,0.0,0.0
2019-02-04,21,0,37,0.0,0.0,0.0,0.0,0.0
2019-02-04,21,0,38,0.0,0.0,0.0,0.0,0.0
2019-02-04,21,0,39,0.0,0.0,0.0,0.0,0.0
2019-02-04,21,0,40,0.0,0.0,0.0,0.0,0.0
2019-02-04,21,0,41,19.12,19.12,0.0,235.283532,0.0
2019-02-04,21,0,42,0.0,0.0,0.0,0.0,0.0
2019-02-04,21,0,43,0.0,0.0,0.0,0.0,0.0
2019-02-04,21,0,46,0.0,0.0,0.0,0.0,0.0
2019-02-04,21,0,52,7.54,7.54,0.0,89.04909,0.0
2019-02-04,21,0,53,11.97,11.97,0.0,141.368382,0.0
2019-02-04,21,0,55,76.99,76.99,0.0,909.916572,0.0
2019-02-04,21,0,56,0.0,0.0,0.0,0.0,0.0
2019-02-04,21,0,57,0.0,0.0,0.0,0.0,0.0
2019-02-04,21,0,58,0.0,0.0,0.0,0.0,0.0
2019-02-04,21,0,59,0.0,0.0,0.0,0.0,0.0
2019-02-04,21,0,63,40.41,40.41,0.0,479.554446,0.0
2019-02-04,21,0,64,47.54,47.54,0.0,564.16774,0.0
2019-02-04,21,0,65,22.9,22.9,0.0,314.946701,0.0
2019-02-04,21,0,67,0.0,0.0,0.0,0.0,0.0
2019-02-04,21,0,68,3.08,3.08,0.0,34.109593,0.0
2019-02-04,21,0,69,0.0,0.0,0.0,0.0,0.0
2019-02-04,21,0,74,7.8,7.8,0.0,102.629196,0.0
2019-02-04,21,0,77,64.12,64.12,0.0,706.662409,0.0
2019-02-04,21,0,78,48.57,48.57,0.0,535.286856,0.0
2019-02-04,21,0,79,28.17,28.17,0.0,310.459764,0.0
2019-02-04,21,0,80,45.47,45.47,0.0,501.121955,0.0
2019-02-04,21,0,81,59.35,59.35,0.0,654.092545,0.0
2019-02-04,21,0,82,41.95,41.95,0.0,462.328261,0.0
2019-02-04,21,0,83,92.96,92.96,0.0,1024.5062,0.0
2019-02-04,21,0,84,0.0,0.0,0.0,0.0,0.0
2019-02-04,21,0,86,0.0,0.0,0.0,0.0,0.0
2019-02-04,21,0,87,0.0,0.0,0.0,0.0,0.0
2019-02-04,21,0,88,66.77,66.77,0.0,735.867889,0.0
2019-02-04,21,0,89,64.19,64.19,0.0,707.433875,0.0
2019-02-04,21,0,90,86.18,86.18,0.0,949.784255,0.0
2019-02-04,21,0,91,307.43,307.43,0.0,3388.16632,0.0
2019-02-04,21,0,92,110.56,110.56,0.0,1218.474672,0.0
2019-02-04,21,0,95,9.47,9.47,0.0,111.901781,0.0
2019-02-04,21,0,96,12.32,12.32,0.0,145.393688,0.0
2019-02-04,21,0,97,75.79,75.79,0.0,894.430814,0.0
2019-02-04,21,0,99,1.51,1.51,0.0,19.86796,0.0
2019-02-04,21,0,101,0.0,0.0,0.0,0.0,0.0
2019-02-04,21,0,102,7.3,7.3,0.0,80.844166,0.0
2019-02-04,21,0,103,6.35,6.35,0.0,70.32335,0.0
2019-02-04,21,0,104,1.18,1.18,0.0,13.067961,0.0
2019-02-04,21,0,106,0.0,0.0,0.0,0.0,0.0
2019-02-04,21,0,109,21.13,21.13,0.0,264.280051,0.0
2019-02-04,21,0,110,105.85,105.85,0.0,1227.570958,0.0
2019-02-04,21,0,111,0.0,0.0,0.0,0.0,0.0
2019-02-04,21,0,113,27.96,27.96,0.0,302.49811,0.0
2019-02-04,21,0,115,27.96,27.96,0.0,302.49811,0.0
2019-02-04,21,0,116,0.0,0.0,0.0,0.0,0.0
2019-02-04,21,0,117,1.88,1.88,0.0,20.339644,0.0
2019-02-04,21,0,119,47.54,47.54,0.0,564.16774,0.0
2019-02-04,21,0,120,27.95,27.95,0.0,331.688858,0.0
2019-02-04,21,0,123,0.0,0.0,0.0,0.0,0.0
2019-02-04,21,0,125,80.33,80.33,0.0,949.390807,0.0
2019-02-04,21,0,126,0.0,0.0,0.0,0.0,0.0
2019-02-04,21,0,127,0.0,0.0,0.0,0.0,0.0
2019-02-04,21,0,128,115.05,115.05,0.0,1359.733753,0.0
2019-02-04,21,0,131,10.1,10.1,0.0,111.505795,0.0
2019-02-04,21,0,132,14.85,14.85,0.0,163.946639,0.0
2019-02-04,21,0,133,57.08,57.08,0.0,786.419799,0.0
2019-02-04,21,0,134,0.0,0.0,0.0,0.0,0.0
2019-02-04,21,0,135,74.22,74.22,0.0,1022.566179,0.0
2019-02-04,21,0,136,26.12,26.12,0.0,359.199846,0.0
2019-02-04,21,0,139,25.18,25.18,0.0,309.855614,0.0
2019-02-04,21,0,140,78.34,78.34,0.0,908.530079,0.0
2019-02-04,21,0,141,100.35,100.35,0.0,1124.243139,0.0
2019-02-04,21,0,142,0.0,0.0,0.0,0.0,0.0
2019-02-04,21,0,143,13.93,13.93,0.0,164.516422,0.0
2019-02-04,21,0,145,7.4,7.4,0.0,89.317243,0.0
2019-02-04,21,0,146,119.58,119.58,0.0,1386.801466,0.0
2019-02-04,21,0,152,0.0,0.0,0.0,0.0,0.0
2019-02-04,21,0,153,0.0,0.0,0.0,0.0,0.0
2019-02-04,21,0,154,0.0,0.0,0.0,0.0,0.0
2019-02-04,21,0,157,91.37,91.37,0.0,1023.638222,0.0
2019-02-04,21,0,158,0.0,0.0,0.0,0.0,0.0
2019-02-04,21,0,159,0.0,0.0,0.0,0.0,0.0
2019-02-04,21,0,160,0.0,0.0,0.0,0.0,0.0
2019-02-04,21,0,161,0.0,0.0,0.0,0.0,0.0
2019-02-04,21,0,162,20.05,20.05,0.0,236.944751,0.0
2019-02-04,21,0,163,45.42,45.42,0.0,526.747973,0.0
2019-02-04,21,0,164,0.0,0.0,0.0,0.0,0.0
2019-02-04,21,0,167,0.0,0.0,0.0,0.0,0.0
2019-02-04,21,0,168,0.0,0.0,0.0,0.0,0.0
2019-02-04,21,0,169,0.0,0.0,0.0,0.0,0.0
2019-02-04,21,0,170,0.0,0.0,0.0,0.0,0.0
2019-02-04,21,0,172,0.0,0.0,0.0,0.0,0.0
2019-02-04,21,0,173,0.0,0.0,0.0,0.0,0.0
2019-02-04,21,0,188,0.0,0.0,0.0,0.0,0.0
2019-02-04,21,0,190,0.0,0.0,0.0,0.0,0.0
2019-02-04,21,0,191,0.0,0.0,0.0,0.0,0.0
2019-02-04,21,0,192,87.18,87.18,0.0,1034.584425,0.0
2019-02-04,21,0,194,48.93,48.93,0.0,515.46444,0.0
2019-02-04,21,0,196,0.0,0.0,0.0,0.0,0.0
2019-02-04,21,0,198,0.0,0.0,0.0,0.0,0.0
2019-02-04,21,0,199,32.64,32.64,0.0,339.503191,0.0
2019-02-04,21,0,200,0.0,0.0,0.0,0.0,0.0
2019-02-04,21,0,204,218.81,218.81,0.0,2724.630151,0.0
2019-02-04,21,0,205,98.07,98.07,0.0,1226.594635,0.0
2019-02-04,21,0,206,222.7,222.7,0.0,2628.179737,0.0
2019-02-04,21,0,210,0.0,0.0,0.0,0.0,0.0
2019-02-04,21,0,214,0.0,0.0,0.0,0.0,0.0
2019-02-04,21,0,217,0.0,0.0,0.0,0.0,0.0
2019-02-04,21,0,218,0.0,0.0,0.0,0.0,0.0
2019-02-04,21,0,219,0.0,0.0,0.0,0.0,0.0
2019-02-04,21,0,221,0.0,0.0,0.0,0.0,0.0
2019-02-04,21,0,225,0.0,0.0,0.0,0.0,0.0
2019-02-04,21,0,233,0.0,0.0,0.0,0.0,0.0
2019-02-04,21,0,236,33.41,33.41,0.0,449.893555,0.0
2019-02-04,21,0,237,18.71,18.71,0.0,246.178495,0.0
2019-02-04,21,0,238,0.0,0.0,0.0,0.0,0.0
2019-02-04,21,0,240,0.0,0.0,0.0,0.0,0.0
2019-02-04,21,0,245,162.69,162.69,0.0,2254.444963,0.0
2019-02-04,21,0,247,73.26,73.26,0.0,1015.18617,0.0
2019-02-04,21,0,248,1.88,1.88,0.0,24.736268,0.0
2019-02-04,21,0,249,312.86,312.86,0.0,4335.396467,0.0
2019-02-04,21,0,251,214.42,214.42,0.0,2941.105581,0.0
2019-02-04,21,0,252,147.73,147.73,0.0,2031.750051,0.0
2019-02-04,21,0,254,0.0,0.0,0.0,0.0,0.0
2019-02-04,21,0,255,0.0,0.0,0.0,0.0,0.0
2019-02-04,21,0,258,0.0,0.0,0.0,0.0,0.0
2019-02-04,21,0,260,0.0,0.0,0.0,0.0,0.0
2019-02-04,21,0,265,0.0,0.0,0.0,0.0,0.0
2019-02-04,21,0,266,15.77,15.77,0.0,194.059691,0.0
2019-02-04,21,0,267,19.69,19.69,0.0,242.297738,0.0
2019-02-04,21,0,270,141.86,141.86,0.0,1645.188627,0.0
2019-02-04,21,0,272,93.37,93.37,0.0,1010.166256,0.0
2019-02-04,21,0,273,0.0,0.0,0.0,0.0,0.0
2019-02-04,21,0,274,182.87,182.87,0.0,2120.792642,0.0
2019-02-04,21,0,275,254.56,254.56,0.0,2952.20088,0.0
2019-02-04,21,0,276,0.0,0.0,0.0,0.0,0.0
2019-02-04,21,0,277,0.0,0.0,0.0,0.0,0.0
2019-02-04,21,0,278,0.0,0.0,0.0,0.0,0.0
2019-02-04,21,0,279,220.64,220.64,0.0,2404.96169,0.0
2019-02-04,21,0,281,3.19,3.19,0.0,37.674615,0.0
2019-02-04,21,0,282,0.0,0.0,0.0,0.0,0.0
2019-02-04,22,0,9,0.0,0.0,0.0,0.0,0.0
2019-02-04,22,0,17,0.0,0.0,0.0,0.0,0.0
2019-02-04,22,0,19,308.89,308.89,0.0,3041.764867,0.0
2019-02-04,22,0,20,374.62,374.62,0.0,3689.034784,0.0
2019-02-04,22,0,21,0.0,0.0,0.0,0.0,0.0
2019-02-04,22,0,22,0.0,0.0,0.0,0.0,0.0
2019-02-04,22,0,23,50.09,50.09,0.0,404.771573,0.0
2019-02-04,22,0,24,88.63,88.63,0.0,716.208915,0.0
2019-02-04,22,0,29,0.0,0.0,0.0,0.0,0.0
2019-02-04,22,0,30,0.0,0.0,0.0,0.0,0.0
2019-02-04,22,0,31,6.17,6.17,0.0,49.80147,0.0
2019-02-04,22,0,32,0.0,0.0,0.0,0.0,0.0
2019-02-04,22,0,33,0.0,0.0,0.0,0.0,0.0
2019-02-04,22,0,34,0.0,0.0,0.0,0.0,0.0
2019-02-04,22,0,35,0.0,0.0,0.0,0.0,0.0
2019-02-04,22,0,36,0.0,0.0,0.0,0.0,0.0
2019-02-04,22,0,37,0.0,0.0,0.0,0.0,0.0
2019-02-04,22,0,38,0.0,0.0,0.0,0.0,0.0
2019-02-04,22,0,39,0.0,0.0,0.0,0.0,0.0
2019-02-04,22,0,40,0.0,0.0,0.0,0.0,0.0
2019-02-04,22,0,41,36.09,36.09,0.0,310.012282,0.0
2019-02-04,22,0,42,0.0,0.0,0.0,0.0,0.0
2019-02-04,22,0,43,0.0,0.0,0.0,0.0,0.0
2019-02-04,22,0,46,0.0,0.0,0.0,0.0,0.0
2019-02-04,22,0,52,6.54,6.54,0.0,52.787944,0.0
2019-02-04,22,0,53,10.39,10.39,0.0,83.863416,0.0
2019-02-04,22,0,55,132.73,132.73,0.0,1072.575981,0.0
2019-02-04,22,0,56,0.0,0.0,0.0,0.0,0.0
2019-02-04,22,0,57,0.0,0.0,0.0,0.0,0.0
2019-02-04,22,0,58,0.0,0.0,0.0,0.0,0.0
2019-02-04,22,0,59,0.0,0.0,0.0,0.0,0.0
2019-02-04,22,0,63,62.99,62.99,0.0,779.504783,0.0
2019-02-04,22,0,64,74.11,74.11,0.0,917.115407,0.0
2019-02-04,22,0,65,18.94,18.94,0.0,186.198394,0.0
2019-02-04,22,0,67,0.0,0.0,0.0,0.0,0.0
2019-02-04,22,0,68,4.0,4.0,0.0,25.182692,0.0
2019-02-04,22,0,69,0.0,0.0,0.0,0.0,0.0
2019-02-04,22,0,74,14.3,14.3,0.0,134.152127,0.0
2019-02-04,22,0,77,91.7,91.7,0.0,659.18635,0.0
2019-02-04,22,0,78,69.32,69.32,0.0,498.3075,0.0
2019-02-04,22,0,79,40.12,40.12,0.0,288.403014,0.0
2019-02-04,22,0,80,64.88,64.88,0.0,466.390517,0.0
2019-02-04,22,0,81,84.82,84.82,0.0,609.729403,0.0
2019-02-04,22,0,82,59.83,59.83,0.0,430.088542,0.0
2019-02-04,22,0,83,133.42,133.42,0.0,959.09098,0.0
2019-02-04,22,0,84,0.0,0.0,0.0,0.0,0.0
2019-02-04,22,0,86,0.0,0.0,0.0,0.0,0.0
2019-02-04,22,0,87,0.0,0.0,0.0,0.0,0.0
2019-02-04,22,0,88,80.59,80.59,0.0,579.322006,0.0
2019-02-04,22,0,89,77.47,77.47,0.0,556.893855,0.0
2019-02-04,22,0,90,104.02,104.02,0.0,747.748791,0.0
2019-02-04,22,0,91,371.07,371.07,0.0,2667.440338,0.0
2019-02-04,22,0,92,133.45,133.45,0.0,959.306635,0.0
2019-02-04,22,0,95,13.89,13.89,0.0,162.485374,0.0
2019-02-04,22,0,96,11.46,11.46,0.0,92.388175,0.0
2019-02-04,22,0,97,70.48,70.48,0.0,568.195336,0.0
2019-02-04,22,0,99,2.76,2.76,0.0,25.892299,0.0
2019-02-04,22,0,101,0.0,0.0,0.0,0.0,0.0
2019-02-04,22,0,102,9.46,9.46,0.0,59.557066,0.0
2019-02-04,22,0,103,8.23,8.23,0.0,51.813388,0.0
2019-02-04,22,0,104,1.53,1.53,0.0,9.63238,0.0
2019-02-04,22,0,106,0.0,0.0,0.0,0.0,0.0
2019-02-04,22,0,109,59.17,59.17,0.0,524.847985,0.0
2019-02-04,22,0,110,125.31,125.31,0.0,279.615869,0.0
2019-02-04,22,0,111,0.0,0.0,0.0,0.0,0.0
2019-02-04,22,0,113,61.35,61.35,0.0,441.445481,0.0
2019-02-04,22,0,115,61.35,61.35,0.0,441.445481,0.0
2019-02-04,22,0,116,0.0,0.0,0.0,0.0,0.0
2019-02-04,22,0,117,4.09,4.09,0.0,29.429699,0.0
2019-02-04,22,0,119,74.11,74.11,0.0,917.115407,0.0
2019-02-04,22,0,120,43.58,43.58,0.0,539.304945,0.0
2019-02-04,22,0,123,0.0,0.0,0.0,0.0,0.0
2019-02-04,22,0,125,80.21,80.21,0.0,648.167856,0.0
2019-02-04,22,0,126,0.0,0.0,0.0,0.0,0.0
2019-02-04,22,0,127,0.0,0.0,0.0,0.0,0.0
2019-02-04,22,0,128,114.88,114.88,0.0,928.332169,0.0
2019-02-04,22,0,131,12.57,12.57,0.0,82.49529,0.0
2019-02-04,22,0,132,18.48,18.48,0.0,121.281859,0.0
2019-02-04,22,0,133,79.49,79.49,0.0,782.89336,0.0
2019-02-04,22,0,134,0.0,0.0,0.0,0.0,0.0
2019-02-04,22,0,135,106.51,106.51,0.0,1049.0121,0.0
2019-02-04,22,0,136,22.07,22.07,0.0,216.949377,0.0
2019-02-04,22,0,139,46.61,46.61,0.0,400.378843,0.0
2019-02-04,22,0,140,92.74,92.74,0.0,206.939396,0.0
2019-02-04,22,0,141,115.31,115.31,0.0,610.588361,0.0
2019-02-04,22,0,142,0.0,0.0,0.0,0.0,0.0
2019-02-04,22,0,143,12.8,12.8,0.0,103.315854,0.0
2019-02-04,22,0,145,25.56,25.56,0.0,213.896658,0.0
2019-02-04,22,0,146,126.45,126.45,0.0,282.159657,0.0
2019-02-04,22,0,152,0.0,0.0,0.0,0.0,0.0
2019-02-04,22,0,153,0.0,0.0,0.0,0.0,0.0
2019-02-04,22,0,154,0.0,0.0,0.0,0.0,0.0
2019-02-04,22,0,157,103.47,103.47,0.0,547.893311,0.0
2019-02-04,22,0,158,0.0,0.0,0.0,0.0,0.0
2019-02-04,22,0,159,0.0,0.0,0.0,0.0,0.0
2019-02-04,22,0,160,0.0,0.0,0.0,0.0,0.0
2019-02-04,22,0,161,0.0,0.0,0.0,0.0,0.0
2019-02-04,22,0,162,17.65,17.65,0.0,206.618088,0.0
2019-02-04,22,0,163,63.22,63.22,0.0,141.068672,0.0
2019-02-04,22,0,164,0.0,0.0,0.0,0.0,0.0
2019-02-04,22,0,167,0.0,0.0,0.0,0.0,0.0
2019-02-04,22,0,168,0.0,0.0,0.0,0.0,0.0
2019-02-04,22,0,169,0.0,0.0,0.0,0.0,0.0
2019-02-04,22,0,170,0.0,0.0,0.0,0.0,0.0
2019-02-04,22,0,172,0.0,0.0,0.0,0.0,0.0
2019-02-04,22,0,173,0.0,0.0,0.0,0.0,0.0
2019-02-04,22,0,188,0.0,0.0,0.0,0.0,0.0
2019-02-04,22,0,190,0.0,0.0,0.0,0.0,0.0
2019-02-04,22,0,191,0.0,0.0,0.0,0.0,0.0
2019-02-04,22,0,192,110.93,110.93,0.0,1372.764972,0.0
2019-02-04,22,0,194,62.08,62.08,0.0,493.336633,0.0
2019-02-04,22,0,196,0.0,0.0,0.0,0.0,0.0
2019-02-04,22,0,198,0.0,0.0,0.0,0.0,0.0
2019-02-04,22,0,199,34.48,34.48,0.0,301.232555,0.0
2019-02-04,22,0,200,0.0,0.0,0.0,0.0,0.0
2019-02-04,22,0,204,300.35,300.35,0.0,2649.994732,0.0
2019-02-04,22,0,205,294.39,294.39,0.0,2611.289479,0.0
2019-02-04,22,0,206,207.11,207.11,0.0,1669.678434,0.0
2019-02-04,22,0,210,0.0,0.0,0.0,0.0,0.0
2019-02-04,22,0,214,0.0,0.0,0.0,0.0,0.0
2019-02-04,22,0,217,0.0,0.0,0.0,0.0,0.0
2019-02-04,22,0,218,0.0,0.0,0.0,0.0,0.0
2019-02-04,22,0,219,0.0,0.0,0.0,0.0,0.0
2019-02-04,22,0,221,0.0,0.0,0.0,0.0,0.0
2019-02-04,22,0,225,0.0,0.0,0.0,0.0,0.0
2019-02-04,22,0,233,0.0,0.0,0.0,0.0,0.0
2019-02-04,22,0,236,48.69,48.69,0.0,468.416425,0.0
2019-02-04,22,0,237,34.3,34.3,0.0,321.777478,0.0
2019-02-04,22,0,238,0.0,0.0,0.0,0.0,0.0
2019-02-04,22,0,240,0.0,0.0,0.0,0.0,0.0
2019-02-04,22,0,245,138.41,138.41,0.0,1371.348959,0.0
2019-02-04,22,0,247,65.44,65.44,0.0,648.371331,0.0
2019-02-04,22,0,248,3.44,3.44,0.0,32.271561,0.0
2019-02-04,22,0,249,266.18,266.18,0.0,2637.27813,0.0
2019-02-04,22,0,251,371.39,371.39,0.0,3641.09345,0.0
2019-02-04,22,0,252,122.17,122.17,0.0,1201.048458,0.0
2019-02-04,22,0,254,0.0,0.0,0.0,0.0,0.0
2019-02-04,22,0,255,0.0,0.0,0.0,0.0,0.0
2019-02-04,22,0,258,0.0,0.0,0.0,0.0,0.0
2019-02-04,22,0,260,0.0,0.0,0.0,0.0,0.0
2019-02-04,22,0,265,0.0,0.0,0.0,0.0,0.0
2019-02-04,22,0,266,30.18,30.18,0.0,259.245516,0.0
2019-02-04,22,0,267,37.09,37.09,0.0,318.602259,0.0
2019-02-04,22,0,270,197.44,197.44,0.0,440.566253,0.0
2019-02-04,22,0,272,205.04,205.04,0.0,1475.370522,0.0
2019-02-04,22,0,273,0.0,0.0,0.0,0.0,0.0
2019-02-04,22,0,274,254.52,254.52,0.0,567.934171,0.0
2019-02-04,22,0,275,354.3,354.3,0.0,790.582574,0.0
2019-02-04,22,0,276,0.0,0.0,0.0,0.0,0.0
2019-02-04,22,0,277,0.0,0.0,0.0,0.0,0.0
2019-02-04,22,0,278,0.0,0.0,0.0,0.0,0.0
2019-02-04,22,0,279,109.92,109.92,0.0,790.622982,0.0
2019-02-04,22,0,281,2.77,2.77,0.0,22.358197,0.0
2019-02-04,22,0,282,0.0,0.0,0.0,0.0,0.0
2019-02-04,23,0,9,0.0,0.0,0.0,0.0,0.0
2019-02-04,23,0,17,0.0,0.0,0.0,0.0,0.0
2019-02-04,23,0,19,296.76,296.76,0.0,4016.843272,0.0
2019-02-04,23,0,20,359.91,359.91,0.0,4871.620373,0.0
2019-02-04,23,0,21,0.0,0.0,0.0,0.0,0.0
2019-02-04,23,0,22,0.0,0.0,0.0,0.0,0.0
2019-02-04,23,0,23,56.42,56.42,0.0,593.864227,0.0
2019-02-04,23,0,24,99.83,99.83,0.0,1050.788121,0.0
2019-02-04,23,0,29,0.0,0.0,0.0,0.0,0.0
2019-02-04,23,0,30,0.0,0.0,0.0,0.0,0.0
2019-02-04,23,0,31,6.91,6.91,0.0,72.637024,0.0
2019-02-04,23,0,32,0.0,0.0,0.0,0.0,0.0
2019-02-04,23,0,33,0.0,0.0,0.0,0.0,0.0
2019-02-04,23,0,34,0.0,0.0,0.0,0.0,0.0
2019-02-04,23,0,35,0.0,0.0,0.0,0.0,0.0
2019-02-04,23,0,36,0.0,0.0,0.0,0.0,0.0
2019-02-04,23,0,37,0.0,0.0,0.0,0.0,0.0
2019-02-04,23,0,38,0.0,0.0,0.0,0.0,0.0
2019-02-04,23,0,39,0.0,0.0,0.0,0.0,0.0
2019-02-04,23,0,40,0.0,0.0,0.0,0.0,0.0
2019-02-04,23,0,41,37.84,37.84,0.0,428.102803,0.0
2019-02-04,23,0,42,0.0,0.0,0.0,0.0,0.0
2019-02-04,23,0,43,0.0,0.0,0.0,0.0,0.0
2019-02-04,23,0,46,0.0,0.0,0.0,0.0,0.0
2019-02-04,23,0,52,7.32,7.32,0.0,76.946891,0.0
2019-02-04,23,0,53,11.63,11.63,0.0,122.253052,0.0
2019-02-04,23,0,55,242.73,242.73,0.0,2554.921372,0.0
2019-02-04,23,0,56,0.0,0.0,0.0,0.0,0.0
2019-02-04,23,0,57,0.0,0.0,0.0,0.0,0.0
2019-02-04,23,0,58,0.0,0.0,0.0,0.0,0.0
2019-02-04,23,0,59,0.0,0.0,0.0,0.0,0.0
2019-02-04,23,0,63,57.55,57.55,0.0,722.280352,0.0
2019-02-04,23,0,64,67.7,67.7,0.0,849.667764,0.0
2019-02-04,23,0,65,16.47,16.47,0.0,222.40168,0.0
2019-02-04,23,0,67,0.0,0.0,0.0,0.0,0.0
2019-02-04,23,0,68,4.12,4.12,0.0,32.5307,0.0
2019-02-04,23,0,69,0.0,0.0,0.0,0.0,0.0
2019-02-04,23,0,74,12.98,12.98,0.0,164.019347,0.0
2019-02-04,23,0,77,95.59,95.59,0.0,879.708879,0.0
2019-02-04,23,0,78,72.26,72.26,0.0,665.004327,0.0
2019-02-04,23,0,79,41.82,41.82,0.0,384.866883,0.0
2019-02-04,23,0,80,67.63,67.63,0.0,622.394722,0.0
2019-02-04,23,0,81,88.42,88.42,0.0,813.723811,0.0
2019-02-04,23,0,82,62.37,62.37,0.0,573.987267,0.0
2019-02-04,23,0,83,139.08,139.08,0.0,1279.944669,0.0
2019-02-04,23,0,84,0.0,0.0,0.0,0.0,0.0
2019-02-04,23,0,86,0.0,0.0,0.0,0.0,0.0
2019-02-04,23,0,87,0.0,0.0,0.0,0.0,0.0
2019-02-04,23,0,88,82.25,82.25,0.0,756.941681,0.0
2019-02-04,23,0,89,79.07,79.07,0.0,727.676337,0.0
2019-02-04,23,0,90,106.16,106.16,0.0,976.983938,0.0
2019-02-04,23,0,91,378.7,378.7,0.0,3485.152763,0.0
2019-02-04,23,0,92,136.2,136.2,0.0,1253.440207,0.0
2019-02-04,23,0,95,18.09,18.09,0.0,213.28599,0.0
2019-02-04,23,0,96,11.66,11.66,0.0,122.398967,0.0
2019-02-04,23,0,97,71.73,71.73,0.0,752.974091,0.0
2019-02-04,23,0,99,2.5,2.5,0.0,31.590783,0.0
2019-02-04,23,0,101,0.0,0.0,0.0,0.0,0.0
2019-02-04,23,0,102,9.76,9.76,0.0,77.063017,0.0
2019-02-04,23,0,103,8.49,8.49,0.0,67.03535,0.0
2019-02-04,23,0,104,1.58,1.58,0.0,12.475365,0.0
2019-02-04,23,0,106,0.0,0.0,0.0,0.0,0.0
2019-02-04,23,0,109,67.07,67.07,0.0,783.26677,0.0
2019-02-04,23,0,110,125.12,125.12,0.0,244.096609,0.0
2019-02-04,23,0,111,0.0,0.0,0.0,0.0,0.0
2019-02-04,23,0,113,61.61,61.61,0.0,567.388986,0.0
2019-02-04,23,0,115,61.61,61.61,0.0,567.388986,0.0
2019-02-04,23,0,116,0.0,0.0,0.0,0.0,0.0
2019-02-04,23,0,117,4.11,4.11,0.0,37.850491,0.0
2019-02-04,23,0,119,67.7,67.7,0.0,849.667764,0.0
2019-02-04,23,0,120,39.81,39.81,0.0,499.634766,0.0
2019-02-04,23,0,123,0.0,0.0,0.0,0.0,0.0
2019-02-04,23,0,125,90.34,90.34,0.0,950.898516,0.0
2019-02-04,23,0,126,0.0,0.0,0.0,0.0,0.0
2019-02-04,23,0,127,0.0,0.0,0.0,0.0,0.0
2019-02-04,23,0,128,129.38,129.38,0.0,1361.824773,0.0
2019-02-04,23,0,131,13.14,13.14,0.0,108.886408,0.0
2019-02-04,23,0,132,19.31,19.31,0.0,160.014958,0.0
2019-02-04,23,0,133,71.02,71.02,0.0,961.518365,0.0
2019-02-04,23,0,134,0.0,0.0,0.0,0.0,0.0
2019-02-04,23,0,135,95.16,95.16,0.0,1288.342546,0.0
2019-02-04,23,0,136,20.15,20.15,0.0,272.058702,0.0
2019-02-04,23,0,139,48.87,48.87,0.0,552.890697,0.0
2019-02-04,23,0,140,92.6,92.6,0.0,180.653341,0.0
2019-02-04,23,0,141,129.97,129.97,0.0,836.015794,0.0
2019-02-04,23,0,142,0.0,0.0,0.0,0.0,0.0
2019-02-04,23,0,143,15.61,15.61,0.0,164.090295,0.0
2019-02-04,23,0,145,10.31,10.31,0.0,112.853622,0.0
2019-02-04,23,0,146,175.7,175.7,0.0,342.773131,0.0
2019-02-04,23,0,152,0.0,0.0,0.0,0.0,0.0
2019-02-04,23,0,153,0.0,0.0,0.0,0.0,0.0
2019-02-04,23,0,154,0.0,0.0,0.0,0.0,0.0
2019-02-04,23,0,157,120.14,120.14,0.0,772.785546,0.0
2019-02-04,23,0,158,0.0,0.0,0.0,0.0,0.0
2019-02-04,23,0,159,0.0,0.0,0.0,0.0,0.0
2019-02-04,23,0,160,0.0,0.0,0.0,0.0,0.0
2019-02-04,23,0,161,0.0,0.0,0.0,0.0,0.0
2019-02-04,23,0,162,9.29,9.29,0.0,109.612714,0.0
2019-02-04,23,0,163,61.9,61.9,0.0,120.76071,0.0
2019-02-04,23,0,164,0.0,0.0,0.0,0.0,0.0
2019-02-04,23,0,167,0.0,0.0,0.0,0.0,0.0
2019-02-04,23,0,168,0.0,0.0,0.0,0.0,0.0
2019-02-04,23,0,169,0.0,0.0,0.0,0.0,0.0
2019-02-04,23,0,170,0.0,0.0,0.0,0.0,0.0
2019-02-04,23,0,172,0.0,0.0,0.0,0.0,0.0
2019-02-04,23,0,173,0.0,0.0,0.0,0.0,0.0
2019-02-04,23,0,188,0.0,0.0,0.0,0.0,0.0
2019-02-04,23,0,190,0.0,0.0,0.0,0.0,0.0
2019-02-04,23,0,191,0.0,0.0,0.0,0.0,0.0
2019-02-04,23,0,192,103.03,103.03,0.0,1293.076362,0.0
2019-02-04,23,0,194,63.25,63.25,0.0,651.770644,0.0
2019-02-04,23,0,196,0.0,0.0,0.0,0.0,0.0
2019-02-04,23,0,198,0.0,0.0,0.0,0.0,0.0
2019-02-04,23,0,199,26.09,26.09,0.0,254.619167,0.0
2019-02-04,23,0,200,0.0,0.0,0.0,0.0,0.0
2019-02-04,23,0,204,291.46,291.46,0.0,3379.428626,0.0
2019-02-04,23,0,205,354.79,354.79,0.0,4143.360926,0.0
2019-02-04,23,0,206,210.76,210.76,0.0,2212.419064,0.0
2019-02-04,23,0,210,0.0,0.0,0.0,0.0,0.0
2019-02-04,23,0,214,0.0,0.0,0.0,0.0,0.0
2019-02-04,23,0,217,0.0,0.0,0.0,0.0,0.0
2019-02-04,23,0,218,0.0,0.0,0.0,0.0,0.0
2019-02-04,23,0,219,0.0,0.0,0.0,0.0,0.0
2019-02-04,23,0,221,0.0,0.0,0.0,0.0,0.0
2019-02-04,23,0,225,0.0,0.0,0.0,0.0,0.0
2019-02-04,23,0,233,0.0,0.0,0.0,0.0,0.0
2019-02-04,23,0,236,41.3,41.3,0.0,540.561953,0.0
2019-02-04,23,0,237,31.13,31.13,0.0,393.368434,0.0
2019-02-04,23,0,238,0.0,0.0,0.0,0.0,0.0
2019-02-04,23,0,240,0.0,0.0,0.0,0.0,0.0
2019-02-04,23,0,245,114.75,114.75,0.0,1566.813706,0.0
2019-02-04,23,0,247,51.41,51.41,0.0,701.959848,0.0
2019-02-04,23,0,248,3.12,3.12,0.0,39.425298,0.0
2019-02-04,23,0,249,220.68,220.68,0.0,3013.197809,0.0
2019-02-04,23,0,251,158.26,158.26,0.0,2128.682362,0.0
2019-02-04,23,0,252,106.23,106.23,0.0,1434.470582,0.0
2019-02-04,23,0,254,0.0,0.0,0.0,0.0,0.0
2019-02-04,23,0,255,0.0,0.0,0.0,0.0,0.0
2019-02-04,23,0,258,0.0,0.0,0.0,0.0,0.0
2019-02-04,23,0,260,0.0,0.0,0.0,0.0,0.0
2019-02-04,23,0,265,0.0,0.0,0.0,0.0,0.0
2019-02-04,23,0,266,31.64,31.64,0.0,357.959109,0.0
2019-02-04,23,0,267,38.89,38.89,0.0,439.981977,0.0
2019-02-04,23,0,270,193.32,193.32,0.0,377.147989,0.0
2019-02-04,23,0,272,205.89,205.89,0.0,1896.116187,0.0
2019-02-04,23,0,273,0.0,0.0,0.0,0.0,0.0
2019-02-04,23,0,274,249.21,249.21,0.0,486.18379,0.0
2019-02-04,23,0,275,346.9,346.9,0.0,676.767212,0.0
2019-02-04,23,0,276,0.0,0.0,0.0,0.0,0.0
2019-02-04,23,0,277,0.0,0.0,0.0,0.0,0.0
2019-02-04,23,0,278,0.0,0.0,0.0,0.0,0.0
2019-02-04,23,0,279,110.6,110.6,0.0,1018.270813,0.0
2019-02-04,23,0,281,3.1,3.1,0.0,32.586798,0.0
2019-02-04,23,0,282,0.0,0.0,0.0,0.0,0.0
2019-02-05,0,0,9,0.0,0.0,0.0,0.0,0.0
2019-02-05,0,0,17,0.0,0.0,0.0,0.0,0.0
2019-02-05,0,0,19,288.47,288.47,0.0,2766.610968,0.0
2019-02-05,0,0,20,349.86,349.86,0.0,3355.380155,0.0
2019-02-05,0,0,21,0.0,0.0,0.0,0.0,0.0
2019-02-05,0,0,22,0.0,0.0,0.0,0.0,0.0
2019-02-05,0,0,23,63.38,63.38,0.0,555.709171,0.0
2019-02-05,0,0,24,112.14,112.14,0.0,983.23172,0.0
2019-02-05,0,0,29,0.0,0.0,0.0,0.0,0.0
2019-02-05,0,0,30,0.0,0.0,0.0,0.0,0.0
2019-02-05,0,0,31,7.75,7.75,0.0,67.91075,0.0
2019-02-05,0,0,32,0.0,0.0,0.0,0.0,0.0
2019-02-05,0,0,33,0.0,0.0,0.0,0.0,0.0
2019-02-05,0,0,34,0.0,0.0,0.0,0.0,0.0
2019-02-05,0,0,35,0.0,0.0,0.0,0.0,0.0
2019-02-05,0,0,36,0.0,0.0,0.0,0.0,0.0
2019-02-05,0,0,37,0.0,0.0,0.0,0.0,0.0
2019-02-05,0,0,38,0.0,0.0,0.0,0.0,0.0
2019-02-05,0,0,39,0.0,0.0,0.0,0.0,0.0
2019-02-05,0,0,40,0.0,0.0,0.0,0.0,0.0
2019-02-05,0,0,41,39.83,39.83,0.0,360.049343,0.0
2019-02-05,0,0,42,0.0,0.0,0.0,0.0,0.0
2019-02-05,0,0,43,0.0,0.0,0.0,0.0,0.0
2019-02-05,0,0,46,0.0,0.0,0.0,0.0,0.0
2019-02-05,0,0,52,8.21,8.21,0.0,71.941581,0.0
2019-02-05,0,0,53,13.05,13.05,0.0,114.35294,0.0
2019-02-05,0,0,55,253.33,253.33,0.0,2221.170783,0.0
2019-02-05,0,0,56,0.0,0.0,0.0,0.0,0.0
2019-02-05,0,0,57,0.0,0.0,0.0,0.0,0.0
2019-02-05,0,0,58,0.0,0.0,0.0,0.0,0.0
2019-02-05,0,0,59,0.0,0.0,0.0,0.0,0.0
2019-02-05,0,0,63,55.3,55.3,0.0,698.936334,0.0
2019-02-05,0,0,64,65.05,65.05,0.0,822.16652,0.0
2019-02-05,0,0,65,14.31,14.31,0.0,137.158566,0.0
2019-02-05,0,0,67,0.0,0.0,0.0,0.0,0.0
2019-02-05,0,0,68,4.29,4.29,0.0,29.428294,0.0
2019-02-05,0,0,69,0.0,0.0,0.0,0.0,0.0
2019-02-05,0,0,74,11.83,11.83,0.0,111.429675,0.0
2019-02-05,0,0,77,99.75,99.75,0.0,824.567376,0.0
2019-02-05,0,0,78,75.41,75.41,0.0,623.36467,0.0
2019-02-05,0,0,79,43.64,43.64,0.0,360.74306,0.0
2019-02-05,0,0,80,70.57,70.57,0.0,583.355586,0.0
2019-02-05,0,0,81,92.27,92.27,0.0,762.735155,0.0
2019-02-05,0,0,82,65.09,65.09,0.0,538.056045,0.0
2019-02-05,0,0,83,145.13,145.13,0.0,1199.693867,0.0
2019-02-05,0,0,84,0.0,0.0,0.0,0.0,0.0
2019-02-05,0,0,86,0.0,0.0,0.0,0.0,0.0
2019-02-05,0,0,87,0.0,0.0,0.0,0.0,0.0
2019-02-05,0,0,88,84.55,84.55,0.0,698.919014,0.0
2019-02-05,0,0,89,81.28,81.28,0.0,671.888083,0.0
2019-02-05,0,0,90,109.13,109.13,0.0,902.105641,0.0
2019-02-05,0,0,91,389.3,389.3,0.0,3218.086009,0.0
2019-02-05,0,0,92,140.01,140.01,0.0,1157.370208,0.0
2019-02-05,0,0,95,12.93,12.93,0.0,152.697562,0.0
2019-02-05,0,0,96,11.86,11.86,0.0,103.860685,0.0
2019-02-05,0,0,97,72.91,72.91,0.0,638.489253,0.0
2019-02-05,0,0,99,2.28,2.28,0.0,21.47588,0.0
2019-02-05,0,0,101,0.0,0.0,0.0,0.0,0.0
2019-02-05,0,0,102,10.16,10.16,0.0,69.69498,0.0
2019-02-05,0,0,103,8.83,8.83,0.0,60.571523,0.0
2019-02-05,0,0,104,1.64,1.64,0.0,11.249977,0.0
2019-02-05,0,0,106,0.0,0.0,0.0,0.0,0.0
2019-02-05,0,0,109,66.14,66.14,0.0,609.750803,0.0
2019-02-05,0,0,110,124.62,124.62,0.0,20.02426,0.0
2019-02-05,0,0,111,0.0,0.0,0.0,0.0,0.0
2019-02-05,0,0,113,62.17,62.17,0.0,527.918095,0.0
2019-02-05,0,0,115,62.17,62.17,0.0,527.918095,0.0
2019-02-05,0,0,116,0.0,0.0,0.0,0.0,0.0
2019-02-05,0,0,117,4.14,4.14,0.0,35.154913,0.0
2019-02-05,0,0,119,65.05,65.05,0.0,822.16652,0.0
2019-02-05,0,0,120,38.25,38.25,0.0,483.441497,0.0
2019-02-05,0,0,123,0.0,0.0,0.0,0.0,0.0
2019-02-05,0,0,125,101.48,101.48,0.0,889.765962,0.0
2019-02-05,0,0,126,0.0,0.0,0.0,0.0,0.0
2019-02-05,0,0,127,0.0,0.0,0.0,0.0,0.0
2019-02-05,0,0,128,145.35,145.35,0.0,1274.413505,0.0
2019-02-05,0,0,131,13.79,13.79,0.0,100.669189,0.0
2019-02-05,0,0,132,20.28,20.28,0.0,148.047219,0.0
2019-02-05,0,0,133,63.43,63.43,0.0,608.368934,0.0
2019-02-05,0,0,134,0.0,0.0,0.0,0.0,0.0
2019-02-05,0,0,135,85.0,85.0,0.0,815.250818,0.0
2019-02-05,0,0,136,18.5,18.5,0.0,177.312978,0.0
2019-02-05,0,0,139,51.44,51.44,0.0,464.999703,0.0
2019-02-05,0,0,140,92.23,92.23,0.0,14.819752,0.0
2019-02-05,0,0,141,145.29,145.29,0.0,757.058089,0.0
2019-02-05,0,0,142,0.0,0.0,0.0,0.0,0.0
2019-02-05,0,0,143,47.64,47.64,0.0,417.453951,0.0
2019-02-05,0,0,145,10.26,10.26,0.0,91.643262,0.0
2019-02-05,0,0,146,237.87,237.87,0.0,38.221559,0.0
2019-02-05,0,0,152,0.0,0.0,0.0,0.0,0.0
2019-02-05,0,0,153,0.0,0.0,0.0,0.0,0.0
2019-02-05,0,0,154,0.0,0.0,0.0,0.0,0.0
2019-02-05,0,0,157,138.84,138.84,0.0,723.449274,0.0
2019-02-05,0,0,158,0.0,0.0,0.0,0.0,0.0
2019-02-05,0,0,159,0.0,0.0,0.0,0.0,0.0
2019-02-05,0,0,160,0.0,0.0,0.0,0.0,0.0
2019-02-05,0,0,161,0.0,0.0,0.0,0.0,0.0
2019-02-05,0,0,162,9.61,9.61,0.0,113.578317,0.0
2019-02-05,0,0,163,63.91,63.91,0.0,10.269222,0.0
2019-02-05,0,0,164,0.0,0.0,0.0,0.0,0.0
2019-02-05,0,0,167,0.0,0.0,0.0,0.0,0.0
2019-02-05,0,0,168,0.0,0.0,0.0,0.0,0.0
2019-02-05,0,0,169,0.0,0.0,0.0,0.0,0.0
2019-02-05,0,0,170,0.0,0.0,0.0,0.0,0.0
2019-02-05,0,0,172,0.0,0.0,0.0,0.0,0.0
2019-02-05,0,0,173,0.0,0.0,0.0,0.0,0.0
2019-02-05,0,0,188,0.0,0.0,0.0,0.0,0.0
2019-02-05,0,0,190,0.0,0.0,0.0,0.0,0.0
2019-02-05,0,0,191,0.0,0.0,0.0,0.0,0.0
2019-02-05,0,0,192,95.76,95.76,0.0,1210.310006,0.0
2019-02-05,0,0,194,65.91,65.91,0.0,654.428679,0.0
2019-02-05,0,0,196,0.0,0.0,0.0,0.0,0.0
2019-02-05,0,0,198,0.0,0.0,0.0,0.0,0.0
2019-02-05,0,0,199,11.2,11.2,0.0,114.703702,0.0
2019-02-05,0,0,200,0.0,0.0,0.0,0.0,0.0
2019-02-05,0,0,204,287.2,287.2,0.0,2641.814719,0.0
2019-02-05,0,0,205,349.87,349.87,0.0,3225.484023,0.0
2019-02-05,0,0,206,214.25,214.25,0.0,1876.235391,0.0
2019-02-05,0,0,210,0.0,0.0,0.0,0.0,0.0
2019-02-05,0,0,214,0.0,0.0,0.0,0.0,0.0
2019-02-05,0,0,217,0.0,0.0,0.0,0.0,0.0
2019-02-05,0,0,218,0.0,0.0,0.0,0.0,0.0
2019-02-05,0,0,219,0.0,0.0,0.0,0.0,0.0
2019-02-05,0,0,221,0.0,0.0,0.0,0.0,0.0
2019-02-05,0,0,225,0.0,0.0,0.0,0.0,0.0
2019-02-05,0,0,233,0.0,0.0,0.0,0.0,0.0
2019-02-05,0,0,236,34.71,34.71,0.0,330.129301,0.0
2019-02-05,0,0,237,28.37,28.37,0.0,267.223997,0.0
2019-02-05,0,0,238,0.0,0.0,0.0,0.0,0.0
2019-02-05,0,0,240,0.0,0.0,0.0,0.0,0.0
2019-02-05,0,0,245,59.89,59.89,0.0,575.667467,0.0
2019-02-05,0,0,247,40.1,40.1,0.0,385.444405,0.0
2019-02-05,0,0,248,2.85,2.85,0.0,26.84485,0.0
2019-02-05,0,0,249,112.19,112.19,0.0,1078.379247,0.0
2019-02-05,0,0,251,139.37,139.37,0.0,1334.500014,0.0
2019-02-05,0,0,252,92.29,92.29,0.0,884.581694,0.0
2019-02-05,0,0,254,0.0,0.0,0.0,0.0,0.0
2019-02-05,0,0,255,0.0,0.0,0.0,0.0,0.0
2019-02-05,0,0,258,0.0,0.0,0.0,0.0,0.0
2019-02-05,0,0,260,0.0,0.0,0.0,0.0,0.0
2019-02-05,0,0,265,0.0,0.0,0.0,0.0,0.0
2019-02-05,0,0,266,33.31,33.31,0.0,301.110811,0.0
2019-02-05,0,0,267,40.93,40.93,0.0,369.99296,0.0
2019-02-05,0,0,270,199.59,199.59,0.0,32.070631,0.0
2019-02-05,0,0,272,207.78,207.78,0.0,1764.369017,0.0
2019-02-05,0,0,273,0.0,0.0,0.0,0.0,0.0
2019-02-05,0,0,274,257.3,257.3,0.0,41.343621,0.0
2019-02-05,0,0,275,358.16,358.16,0.0,57.550063,0.0
2019-02-05,0,0,276,0.0,0.0,0.0,0.0,0.0
2019-02-05,0,0,277,0.0,0.0,0.0,0.0,0.0
2019-02-05,0,0,278,0.0,0.0,0.0,0.0,0.0
2019-02-05,0,0,279,111.71,111.71,0.0,938.503013,0.0
2019-02-05,0,0,281,3.48,3.48,0.0,30.494117,0.0
2019-02-05,0,0,282,0.0,0.0,0.0,0.0,0.0
2019-02-05,1,0,9,0.0,0.0,0.0,0.0,0.0
2019-02-05,1,0,17,0.0,0.0,0.0,0.0,0.0
2019-02-05,1,0,19,283.72,283.72,0.0,2646.66444,0.0
2019-02-05,1,0,20,344.1,344.1,0.0,3209.915529,0.0
2019-02-05,1,0,21,0.0,0.0,0.0,0.0,0.0
2019-02-05,1,0,22,0.0,0.0,0.0,0.0,0.0
2019-02-05,1,0,23,70.89,70.89,0.0,619.846083,0.0
2019-02-05,1,0,24,125.42,125.42,0.0,1096.644036,0.0
2019-02-05,1,0,29,0.0,0.0,0.0,0.0,0.0
2019-02-05,1,0,30,0.0,0.0,0.0,0.0,0.0
2019-02-05,1,0,31,19.41,19.41,0.0,169.644673,0.0
2019-02-05,1,0,32,0.0,0.0,0.0,0.0,0.0
2019-02-05,1,0,33,0.0,0.0,0.0,0.0,0.0
2019-02-05,1,0,34,0.0,0.0,0.0,0.0,0.0
2019-02-05,1,0,35,0.0,0.0,0.0,0.0,0.0
2019-02-05,1,0,36,0.0,0.0,0.0,0.0,0.0
2019-02-05,1,0,37,0.0,0.0,0.0,0.0,0.0
2019-02-05,1,0,38,0.0,0.0,0.0,0.0,0.0
2019-02-05,1,0,39,0.0,0.0,0.0,0.0,0.0
2019-02-05,1,0,40,0.0,0.0,0.0,0.0,0.0
2019-02-05,1,0,41,42.07,42.07,0.0,375.975047,0.0
2019-02-05,1,0,42,0.0,0.0,0.0,0.0,0.0
2019-02-05,1,0,43,0.0,0.0,0.0,0.0,0.0
2019-02-05,1,0,46,0.0,0.0,0.0,0.0,0.0
2019-02-05,1,0,52,20.66,20.66,0.0,180.569755,0.0
2019-02-05,1,0,53,33.77,33.77,0.0,295.152015,0.0
2019-02-05,1,0,55,222.7,222.7,0.0,1947.238294,0.0
2019-02-05,1,0,56,0.0,0.0,0.0,0.0,0.0
2019-02-05,1,0,57,0.0,0.0,0.0,0.0,0.0
2019-02-05,1,0,58,0.0,0.0,0.0,0.0,0.0
2019-02-05,1,0,59,0.0,0.0,0.0,0.0,0.0
2019-02-05,1,0,63,55.31,55.31,0.0,635.771346,0.0
2019-02-05,1,0,64,65.07,65.07,0.0,747.959527,0.0
2019-02-05,1,0,65,12.44,12.44,0.0,115.99422,0.0
2019-02-05,1,0,67,0.0,0.0,0.0,0.0,0.0
2019-02-05,1,0,68,4.47,4.47,0.0,33.023391,0.0
2019-02-05,1,0,69,0.0,0.0,0.0,0.0,0.0
2019-02-05,1,0,74,10.76,10.76,0.0,99.063472,0.0
2019-02-05,1,0,77,104.43,104.43,0.0,875.891298,0.0
2019-02-05,1,0,78,78.95,78.95,0.0,662.181537,0.0
2019-02-05,1,0,79,45.69,45.69,0.0,383.218169,0.0
2019-02-05,1,0,80,73.88,73.88,0.0,619.657656,0.0
2019-02-05,1,0,81,96.6,96.6,0.0,810.218322,0.0
2019-02-05,1,0,82,68.14,68.14,0.0,571.514249,0.0
2019-02-05,1,0,83,151.95,151.95,0.0,1274.458323,0.0
2019-02-05,1,0,84,0.0,0.0,0.0,0.0,0.0
2019-02-05,1,0,86,0.0,0.0,0.0,0.0,0.0
2019-02-05,1,0,87,0.0,0.0,0.0,0.0,0.0
2019-02-05,1,0,88,87.12,87.12,0.0,730.706213,0.0
2019-02-05,1,0,89,83.75,83.75,0.0,702.440833,0.0
2019-02-05,1,0,90,112.45,112.45,0.0,943.157871,0.0
2019-02-05,1,0,91,401.13,401.13,0.0,3364.419,0.0
2019-02-05,1,0,92,144.26,144.26,0.0,1209.959577,0.0
2019-02-05,1,0,95,21.24,21.24,0.0,231.627894,0.0
2019-02-05,1,0,96,12.13,12.13,0.0,105.969994,0.0
2019-02-05,1,0,97,74.58,74.58,0.0,651.545105,0.0
2019-02-05,1,0,99,2.08,2.08,0.0,19.149816,0.0
2019-02-05,1,0,101,0.0,0.0,0.0,0.0,0.0
2019-02-05,1,0,102,10.59,10.59,0.0,78.236625,0.0
2019-02-05,1,0,103,9.21,9.21,0.0,68.041484,0.0
2019-02-05,1,0,104,1.71,1.71,0.0,12.633109,0.0
2019-02-05,1,0,106,0.0,0.0,0.0,0.0,0.0
2019-02-05,1,0,109,66.37,66.37,0.0,601.604757,0.0
2019-02-05,1,0,110,124.87,124.87,0.0,328.06256,0.0
2019-02-05,1,0,111,0.0,0.0,0.0,0.0,0.0
2019-02-05,1,0,113,35.57,35.57,0.0,304.030182,0.0
2019-02-05,1,0,115,35.57,35.57,0.0,304.030182,0.0
2019-02-05,1,0,116,0.0,0.0,0.0,0.0,0.0
2019-02-05,1,0,117,2.43,2.43,0.0,20.770125,0.0
2019-02-05,1,0,119,65.07,65.07,0.0,747.959527,0.0
2019-02-05,1,0,120,38.26,38.26,0.0,439.786868,0.0
2019-02-05,1,0,123,0.0,0.0,0.0,0.0,0.0
2019-02-05,1,0,125,113.5,113.5,0.0,992.41826,0.0
2019-02-05,1,0,126,0.0,0.0,0.0,0.0,0.0
2019-02-05,1,0,127,0.0,0.0,0.0,0.0,0.0
2019-02-05,1,0,128,162.56,162.56,0.0,1421.387773,0.0
2019-02-05,1,0,131,14.5,14.5,0.0,111.660968,0.0
2019-02-05,1,0,132,21.31,21.31,0.0,164.103119,0.0
2019-02-05,1,0,133,56.8,56.8,0.0,529.877456,0.0
2019-02-05,1,0,134,0.0,0.0,0.0,0.0,0.0
2019-02-05,1,0,135,76.11,76.11,0.0,710.017134,0.0
2019-02-05,1,0,136,17.17,17.17,0.0,160.094225,0.0
2019-02-05,1,0,139,54.33,54.33,0.0,485.541344,0.0
2019-02-05,1,0,140,92.42,92.42,0.0,242.808855,0.0
2019-02-05,1,0,141,162.48,162.48,0.0,1009.959915,0.0
2019-02-05,1,0,142,0.0,0.0,0.0,0.0,0.0
2019-02-05,1,0,143,75.27,75.27,0.0,657.864736,0.0
2019-02-05,1,0,145,10.23,10.23,0.0,90.64247,0.0
2019-02-05,1,0,146,268.0,268.0,0.0,704.09839,0.0
2019-02-05,1,0,152,0.0,0.0,0.0,0.0,0.0
2019-02-05,1,0,153,0.0,0.0,0.0,0.0,0.0
2019-02-05,1,0,154,0.0,0.0,0.0,0.0,0.0
2019-02-05,1,0,157,159.89,159.89,0.0,993.860726,0.0
2019-02-05,1,0,158,0.0,0.0,0.0,0.0,0.0
2019-02-05,1,0,159,0.0,0.0,0.0,0.0,0.0
2019-02-05,1,0,160,0.0,0.0,0.0,0.0,0.0
2019-02-05,1,0,161,0.0,0.0,0.0,0.0,0.0
2019-02-05,1,0,162,10.01,10.01,0.0,109.227228,0.0
2019-02-05,1,0,163,69.85,69.85,0.0,183.512211,0.0
2019-02-05,1,0,164,0.0,0.0,0.0,0.0,0.0
2019-02-05,1,0,167,0.0,0.0,0.0,0.0,0.0
2019-02-05,1,0,168,0.0,0.0,0.0,0.0,0.0
2019-02-05,1,0,169,0.0,0.0,0.0,0.0,0.0
2019-02-05,1,0,170,0.0,0.0,0.0,0.0,0.0
2019-02-05,1,0,172,0.0,0.0,0.0,0.0,0.0
2019-02-05,1,0,173,0.0,0.0,0.0,0.0,0.0
2019-02-05,1,0,188,0.0,0.0,0.0,0.0,0.0
2019-02-05,1,0,190,0.0,0.0,0.0,0.0,0.0
2019-02-05,1,0,191,0.0,0.0,0.0,0.0,0.0
2019-02-05,1,0,192,88.94,88.94,0.0,1022.337796,0.0
2019-02-05,1,0,194,69.46,69.46,0.0,664.66124,0.0
2019-02-05,1,0,196,0.0,0.0,0.0,0.0,0.0
2019-02-05,1,0,198,0.0,0.0,0.0,0.0,0.0
2019-02-05,1,0,199,29.57,29.57,0.0,289.516651,0.0
2019-02-05,1,0,200,0.0,0.0,0.0,0.0,0.0
2019-02-05,1,0,204,288.06,288.06,0.0,2606.88185,0.0
2019-02-05,1,0,205,351.1,351.1,0.0,3182.513638,0.0
2019-02-05,1,0,206,219.14,219.14,0.0,1914.448839,0.0
2019-02-05,1,0,210,0.0,0.0,0.0,0.0,0.0
2019-02-05,1,0,214,0.0,0.0,0.0,0.0,0.0
2019-02-05,1,0,217,0.0,0.0,0.0,0.0,0.0
2019-02-05,1,0,218,0.0,0.0,0.0,0.0,0.0
2019-02-05,1,0,219,0.0,0.0,0.0,0.0,0.0
2019-02-05,1,0,221,0.0,0.0,0.0,0.0,0.0
2019-02-05,1,0,225,0.0,0.0,0.0,0.0,0.0
2019-02-05,1,0,233,0.0,0.0,0.0,0.0,0.0
2019-02-05,1,0,236,29.15,29.15,0.0,270.275793,0.0
2019-02-05,1,0,237,25.8,25.8,0.0,237.531374,0.0
2019-02-05,1,0,238,0.0,0.0,0.0,0.0,0.0
2019-02-05,1,0,240,0.0,0.0,0.0,0.0,0.0
2019-02-05,1,0,245,23.27,23.27,0.0,217.427346,0.0
2019-02-05,1,0,247,31.03,31.03,0.0,289.934273,0.0
2019-02-05,1,0,248,2.59,2.59,0.0,23.845204,0.0
2019-02-05,1,0,249,44.75,44.75,0.0,418.129511,0.0
2019-02-05,1,0,251,122.18,122.18,0.0,1138.411007,0.0
2019-02-05,1,0,252,80.25,80.25,0.0,748.274608,0.0
2019-02-05,1,0,254,0.0,0.0,0.0,0.0,0.0
2019-02-05,1,0,255,0.0,0.0,0.0,0.0,0.0
2019-02-05,1,0,258,0.0,0.0,0.0,0.0,0.0
2019-02-05,1,0,260,0.0,0.0,0.0,0.0,0.0
2019-02-05,1,0,265,0.0,0.0,0.0,0.0,0.0
2019-02-05,1,0,266,35.18,35.18,0.0,314.399861,0.0
2019-02-05,1,0,267,43.23,43.23,0.0,386.341842,0.0
2019-02-05,1,0,270,218.14,218.14,0.0,573.104563,0.0
2019-02-05,1,0,272,118.62,118.62,0.0,1013.889799,0.0
2019-02-05,1,0,273,0.0,0.0,0.0,0.0,0.0
2019-02-05,1,0,274,281.21,281.21,0.0,738.804136,0.0
2019-02-05,1,0,275,391.45,391.45,0.0,1028.43028,0.0
2019-02-05,1,0,276,0.0,0.0,0.0,0.0,0.0
2019-02-05,1,0,277,0.0,0.0,0.0,0.0,0.0
2019-02-05,1,0,278,0.0,0.0,0.0,0.0,0.0
2019-02-05,1,0,279,113.98,113.98,0.0,966.917482,0.0
2019-02-05,1,0,281,8.01,8.01,0.0,70.007925,0.0
2019-02-05,1,0,282,0.0,0.0,0.0,0.0,0.0
2019-02-05,2,0,9,0.0,0.0,0.0,0.0,0.0
2019-02-05,2,0,17,0.0,0.0,0.0,0.0,0.0
2019-02-05,2,0,19,207.55,207.55,0.0,2070.923381,0.0
2019-02-05,2,0,20,251.72,251.72,0.0,2511.649403,0.0
2019-02-05,2,0,21,0.0,0.0,0.0,0.0,0.0
2019-02-05,2,0,22,0.0,0.0,0.0,0.0,0.0
2019-02-05,2,0,23,60.49,60.49,0.0,585.596848,0.0
2019-02-05,2,0,24,107.03,107.03,0.0,1036.145324,0.0
2019-02-05,2,0,29,0.0,0.0,0.0,0.0,0.0
2019-02-05,2,0,30,0.0,0.0,0.0,0.0,0.0
2019-02-05,2,0,31,7.43,7.43,0.0,71.914993,0.0
2019-02-05,2,0,32,0.0,0.0,0.0,0.0,0.0
2019-02-05,2,0,33,0.0,0.0,0.0,0.0,0.0
2019-02-05,2,0,34,0.0,0.0,0.0,0.0,0.0
2019-02-05,2,0,35,0.0,0.0,0.0,0.0,0.0
2019-02-05,2,0,36,0.0,0.0,0.0,0.0,0.0
2019-02-05,2,0,37,0.0,0.0,0.0,0.0,0.0
2019-02-05,2,0,38,0.0,0.0,0.0,0.0,0.0
2019-02-05,2,0,39,0.0,0.0,0.0,0.0,0.0
2019-02-05,2,0,40,0.0,0.0,0.0,0.0,0.0
2019-02-05,2,0,41,39.04,39.04,0.0,381.772498,0.0
2019-02-05,2,0,42,0.0,0.0,0.0,0.0,0.0
2019-02-05,2,0,43,0.0,0.0,0.0,0.0,0.0
2019-02-05,2,0,46,0.0,0.0,0.0,0.0,0.0
2019-02-05,2,0,52,7.87,7.87,0.0,76.173754,0.0
2019-02-05,2,0,53,12.51,12.51,0.0,121.084328,0.0
2019-02-05,2,0,55,229.57,229.57,0.0,2222.441203,0.0
2019-02-05,2,0,56,0.0,0.0,0.0,0.0,0.0
2019-02-05,2,0,57,0.0,0.0,0.0,0.0,0.0
2019-02-05,2,0,58,0.0,0.0,0.0,0.0,0.0
2019-02-05,2,0,59,0.0,0.0,0.0,0.0,0.0
2019-02-05,2,0,63,55.38,55.38,0.0,613.532921,0.0
2019-02-05,2,0,64,65.15,65.15,0.0,721.770852,0.0
2019-02-05,2,0,65,10.13,10.13,0.0,101.055298,0.0
2019-02-05,2,0,67,0.0,0.0,0.0,0.0,0.0
2019-02-05,2,0,68,4.11,4.11,0.0,36.956799,0.0
2019-02-05,2,0,69,0.0,0.0,0.0,0.0,0.0
2019-02-05,2,0,74,9.44,9.44,0.0,93.607665,0.0
2019-02-05,2,0,77,98.64,98.64,0.0,937.059622,0.0
2019-02-05,2,0,78,74.57,74.57,0.0,708.399595,0.0
2019-02-05,2,0,79,43.15,43.15,0.0,409.916086,0.0
2019-02-05,2,0,80,69.79,69.79,0.0,662.990582,0.0
2019-02-05,2,0,81,91.24,91.24,0.0,866.761151,0.0
2019-02-05,2,0,82,64.36,64.36,0.0,611.406704,0.0
2019-02-05,2,0,83,143.52,143.52,0.0,1363.41035,0.0
2019-02-05,2,0,84,0.0,0.0,0.0,0.0,0.0
2019-02-05,2,0,86,0.0,0.0,0.0,0.0,0.0
2019-02-05,2,0,87,0.0,0.0,0.0,0.0,0.0
2019-02-05,2,0,88,82.95,82.95,0.0,788.007863,0.0
2019-02-05,2,0,89,79.74,79.74,0.0,757.513526,0.0
2019-02-05,2,0,90,107.06,107.06,0.0,1017.047882,0.0
2019-02-05,2,0,91,381.91,381.91,0.0,3628.066101,0.0
2019-02-05,2,0,92,137.35,137.35,0.0,1304.796625,0.0
2019-02-05,2,0,95,7.87,7.87,0.0,84.831683,0.0
2019-02-05,2,0,96,10.92,10.92,0.0,105.673215,0.0
2019-02-05,2,0,97,67.15,67.15,0.0,649.812854,0.0
2019-02-05,2,0,99,1.82,1.82,0.0,18.04724,0.0
2019-02-05,2,0,101,0.0,0.0,0.0,0.0,0.0
2019-02-05,2,0,102,9.72,9.72,0.0,87.40148,0.0
2019-02-05,2,0,103,8.45,8.45,0.0,75.981739,0.0
2019-02-05,2,0,104,1.57,1.57,0.0,14.117317,0.0
2019-02-05,2,0,106,0.0,0.0,0.0,0.0,0.0
2019-02-05,2,0,109,61.1,61.1,0.0,601.456073,0.0
2019-02-05,2,0,110,146.06,146.06,0.0,960.071811,0.0
2019-02-05,2,0,111,0.0,0.0,0.0,0.0,0.0
2019-02-05,2,0,113,37.26,37.26,0.0,356.991773,0.0
2019-02-05,2,0,115,37.26,37.26,0.0,356.991773,0.0
2019-02-05,2,0,116,0.0,0.0,0.0,0.0,0.0
2019-02-05,2,0,117,1.99,1.99,0.0,19.066388,0.0
2019-02-05,2,0,119,65.15,65.15,0.0,721.770852,0.0
2019-02-05,2,0,120,38.31,38.31,0.0,424.421203,0.0
2019-02-05,2,0,123,0.0,0.0,0.0,0.0,0.0
2019-02-05,2,0,125,96.85,96.85,0.0,937.593895,0.0
2019-02-05,2,0,126,0.0,0.0,0.0,0.0,0.0
2019-02-05,2,0,127,0.0,0.0,0.0,0.0,0.0
2019-02-05,2,0,128,138.72,138.72,0.0,1342.932629,0.0
2019-02-05,2,0,131,13.08,13.08,0.0,119.6943,0.0
2019-02-05,2,0,132,19.22,19.22,0.0,175.881073,0.0
2019-02-05,2,0,133,43.82,43.82,0.0,437.242432,0.0
2019-02-05,2,0,134,0.0,0.0,0.0,0.0,0.0
2019-02-05,2,0,135,58.72,58.72,0.0,585.916832,0.0
2019-02-05,2,0,136,13.64,13.64,0.0,136.068934,0.0
2019-02-05,2,0,139,50.42,50.42,0.0,493.057616,0.0
2019-02-05,2,0,140,108.1,108.1,0.0,710.555681,0.0
2019-02-05,2,0,141,145.21,145.21,0.0,1219.255903,0.0
2019-02-05,2,0,142,0.0,0.0,0.0,0.0,0.0
2019-02-05,2,0,143,38.1,38.1,0.0,368.770017,0.0
2019-02-05,2,0,145,9.13,9.13,0.0,88.927775,0.0
2019-02-05,2,0,146,268.0,268.0,0.0,1761.599654,0.0
2019-02-05,2,0,152,0.0,0.0,0.0,0.0,0.0
2019-02-05,2,0,153,0.0,0.0,0.0,0.0,0.0
2019-02-05,2,0,154,0.0,0.0,0.0,0.0,0.0
2019-02-05,2,0,157,156.31,156.31,0.0,1312.457064,0.0
2019-02-05,2,0,158,0.0,0.0,0.0,0.0,0.0
2019-02-05,2,0,159,0.0,0.0,0.0,0.0,0.0
2019-02-05,2,0,160,0.0,0.0,0.0,0.0,0.0
2019-02-05,2,0,161,0.0,0.0,0.0,0.0,0.0
2019-02-05,2,0,162,9.64,9.64,0.0,103.942775,0.0
2019-02-05,2,0,163,68.36,68.36,0.0,449.339374,0.0
2019-02-05,2,0,164,0.0,0.0,0.0,0.0,0.0
2019-02-05,2,0,167,0.0,0.0,0.0,0.0,0.0
2019-02-05,2,0,168,0.0,0.0,0.0,0.0,0.0
2019-02-05,2,0,169,0.0,0.0,0.0,0.0,0.0
2019-02-05,2,0,170,0.0,0.0,0.0,0.0,0.0
2019-02-05,2,0,172,0.0,0.0,0.0,0.0,0.0
2019-02-05,2,0,173,0.0,0.0,0.0,0.0,0.0
2019-02-05,2,0,188,0.0,0.0,0.0,0.0,0.0
2019-02-05,2,0,190,0.0,0.0,0.0,0.0,0.0
2019-02-05,2,0,191,0.0,0.0,0.0,0.0,0.0
2019-02-05,2,0,192,87.64,87.64,0.0,970.928588,0.0
2019-02-05,2,0,194,70.29,70.29,0.0,709.940634,0.0
2019-02-05,2,0,196,0.0,0.0,0.0,0.0,0.0
2019-02-05,2,0,198,0.0,0.0,0.0,0.0,0.0
2019-02-05,2,0,199,11.64,11.64,0.0,118.878356,0.0
2019-02-05,2,0,200,0.0,0.0,0.0,0.0,0.0
2019-02-05,2,0,204,277.14,277.14,0.0,2726.051538,0.0
2019-02-05,2,0,205,299.94,299.94,0.0,2952.548846,0.0
2019-02-05,2,0,206,197.32,197.32,0.0,1909.47241,0.0
2019-02-05,2,0,210,0.0,0.0,0.0,0.0,0.0
2019-02-05,2,0,214,0.0,0.0,0.0,0.0,0.0
2019-02-05,2,0,217,0.0,0.0,0.0,0.0,0.0
2019-02-05,2,0,218,0.0,0.0,0.0,0.0,0.0
2019-02-05,2,0,219,0.0,0.0,0.0,0.0,0.0
2019-02-05,2,0,221,0.0,0.0,0.0,0.0,0.0
2019-02-05,2,0,225,0.0,0.0,0.0,0.0,0.0
2019-02-05,2,0,233,0.0,0.0,0.0,0.0,0.0
2019-02-05,2,0,236,23.92,23.92,0.0,237.985373,0.0
2019-02-05,2,0,237,22.64,22.64,0.0,224.499738,0.0
2019-02-05,2,0,238,0.0,0.0,0.0,0.0,0.0
2019-02-05,2,0,240,0.0,0.0,0.0,0.0,0.0
2019-02-05,2,0,245,19.46,19.46,0.0,194.32156,0.0
2019-02-05,2,0,247,27.03,27.03,0.0,269.913246,0.0
2019-02-05,2,0,248,2.27,2.27,0.0,22.50947,0.0
2019-02-05,2,0,249,37.43,37.43,0.0,373.76444,0.0
2019-02-05,2,0,251,112.47,112.47,0.0,1121.594372,0.0
2019-02-05,2,0,252,65.37,65.37,0.0,652.120913,0.0
2019-02-05,2,0,254,0.0,0.0,0.0,0.0,0.0
2019-02-05,2,0,255,0.0,0.0,0.0,0.0,0.0
2019-02-05,2,0,258,0.0,0.0,0.0,0.0,0.0
2019-02-05,2,0,260,0.0,0.0,0.0,0.0,0.0
2019-02-05,2,0,265,0.0,0.0,0.0,0.0,0.0
2019-02-05,2,0,266,32.65,32.65,0.0,319.284632,0.0
2019-02-05,2,0,267,40.12,40.12,0.0,392.333827,0.0
2019-02-05,2,0,270,213.48,213.48,0.0,1403.232441,0.0
2019-02-05,2,0,272,160.74,160.74,0.0,1540.065958,0.0
2019-02-05,2,0,273,0.0,0.0,0.0,0.0,0.0
2019-02-05,2,0,274,275.2,275.2,0.0,1808.926212,0.0
2019-02-05,2,0,275,383.09,383.09,0.0,2518.101535,0.0
2019-02-05,2,0,276,0.0,0.0,0.0,0.0,0.0
2019-02-05,2,0,277,0.0,0.0,0.0,0.0,0.0
2019-02-05,2,0,278,0.0,0.0,0.0,0.0,0.0
2019-02-05,2,0,279,105.99,105.99,0.0,1012.045798,0.0
2019-02-05,2,0,281,3.33,3.33,0.0,32.23108,0.0
2019-02-05,2,0,282,0.0,0.0,0.0,0.0,0.0
2019-02-05,3,0,9,0.0,0.0,0.0,0.0,0.0
2019-02-05,3,0,17,0.0,0.0,0.0,0.0,0.0
2019-02-05,3,0,19,146.27,146.27,0.0,1365.748309,0.0
2019-02-05,3,0,20,177.39,177.39,0.0,1656.321136,0.0
2019-02-05,3,0,21,0.0,0.0,0.0,0.0,0.0
2019-02-05,3,0,22,0.0,0.0,0.0,0.0,0.0
2019-02-05,3,0,23,51.92,51.92,0.0,455.519488,0.0
2019-02-05,3,0,24,91.86,91.86,0.0,805.932593,0.0
2019-02-05,3,0,29,0.0,0.0,0.0,0.0,0.0
2019-02-05,3,0,30,0.0,0.0,0.0,0.0,0.0
2019-02-05,3,0,31,7.87,7.87,0.0,69.019217,0.0
2019-02-05,3,0,32,0.0,0.0,0.0,0.0,0.0
2019-02-05,3,0,33,0.0,0.0,0.0,0.0,0.0
2019-02-05,3,0,34,0.0,0.0,0.0,0.0,0.0
2019-02-05,3,0,35,0.0,0.0,0.0,0.0,0.0
2019-02-05,3,0,36,0.0,0.0,0.0,0.0,0.0
2019-02-05,3,0,37,0.0,0.0,0.0,0.0,0.0
2019-02-05,3,0,38,0.0,0.0,0.0,0.0,0.0
2019-02-05,3,0,39,0.0,0.0,0.0,0.0,0.0
2019-02-05,3,0,40,0.0,0.0,0.0,0.0,0.0
2019-02-05,3,0,41,40.44,40.44,0.0,362.329336,0.0
2019-02-05,3,0,42,0.0,0.0,0.0,0.0,0.0
2019-02-05,3,0,43,0.0,0.0,0.0,0.0,0.0
2019-02-05,3,0,46,0.0,0.0,0.0,0.0,0.0
2019-02-05,3,0,52,8.34,8.34,0.0,73.141076,0.0
2019-02-05,3,0,53,13.25,13.25,0.0,116.20135,0.0
2019-02-05,3,0,55,206.71,206.71,0.0,1813.56767,0.0
2019-02-05,3,0,56,0.0,0.0,0.0,0.0,0.0
2019-02-05,3,0,57,0.0,0.0,0.0,0.0,0.0
2019-02-05,3,0,58,0.0,0.0,0.0,0.0,0.0
2019-02-05,3,0,59,0.0,0.0,0.0,0.0,0.0
2019-02-05,3,0,63,55.73,55.73,0.0,636.75393,0.0
2019-02-05,3,0,64,65.57,65.57,0.0,749.182759,0.0
2019-02-05,3,0,65,8.33,8.33,0.0,77.745372,0.0
2019-02-05,3,0,67,0.0,0.0,0.0,0.0,0.0
2019-02-05,3,0,68,3.88,3.88,0.0,28.968681,0.0
2019-02-05,3,0,69,0.0,0.0,0.0,0.0,0.0
2019-02-05,3,0,74,9.84,9.84,0.0,90.722319,0.0
2019-02-05,3,0,77,96.93,96.93,0.0,817.106067,0.0
2019-02-05,3,0,78,73.28,73.28,0.0,617.739942,0.0
2019-02-05,3,0,79,42.41,42.41,0.0,357.510248,0.0
2019-02-05,3,0,80,68.58,68.58,0.0,578.119613,0.0
2019-02-05,3,0,81,89.66,89.66,0.0,755.821005,0.0
2019-02-05,3,0,82,63.24,63.24,0.0,533.104175,0.0
2019-02-05,3,0,83,141.03,141.03,0.0,1188.862773,0.0
2019-02-05,3,0,84,0.0,0.0,0.0,0.0,0.0
2019-02-05,3,0,86,0.0,0.0,0.0,0.0,0.0
2019-02-05,3,0,87,0.0,0.0,0.0,0.0,0.0
2019-02-05,3,0,88,82.37,82.37,0.0,694.367345,0.0
2019-02-05,3,0,89,79.18,79.18,0.0,667.4761,0.0
2019-02-05,3,0,90,106.32,106.32,0.0,896.262427,0.0
2019-02-05,3,0,91,379.26,379.26,0.0,3197.107675,0.0
2019-02-05,3,0,92,136.4,136.4,0.0,1149.832534,0.0
2019-02-05,3,0,95,7.35,7.35,0.0,79.802049,0.0
2019-02-05,3,0,96,10.19,10.19,0.0,89.327348,0.0
2019-02-05,3,0,97,62.65,62.65,0.0,549.201017,0.0
2019-02-05,3,0,99,1.9,1.9,0.0,17.517521,0.0
2019-02-05,3,0,101,0.0,0.0,0.0,0.0,0.0
2019-02-05,3,0,102,9.19,9.19,0.0,68.613964,0.0
2019-02-05,3,0,103,7.99,7.99,0.0,59.654578,0.0
2019-02-05,3,0,104,1.48,1.48,0.0,11.049909,0.0
2019-02-05,3,0,106,0.0,0.0,0.0,0.0,0.0
2019-02-05,3,0,109,62.08,62.08,0.0,563.848878,0.0
2019-02-05,3,0,110,173.03,173.03,0.0,497.708264,0.0
2019-02-05,3,0,111,0.0,0.0,0.0,0.0,0.0
2019-02-05,3,0,113,31.66,31.66,0.0,271.773823,0.0
2019-02-05,3,0,115,31.66,31.66,0.0,271.773823,0.0
2019-02-05,3,0,116,0.0,0.0,0.0,0.0,0.0
2019-02-05,3,0,117,1.63,1.63,0.0,13.992146,0.0
2019-02-05,3,0,119,65.57,65.57,0.0,749.182759,0.0
2019-02-05,3,0,120,38.55,38.55,0.0,440.460506,0.0
2019-02-05,3,0,123,0.0,0.0,0.0,0.0,0.0
2019-02-05,3,0,125,83.13,83.13,0.0,729.340044,0.0
2019-02-05,3,0,126,0.0,0.0,0.0,0.0,0.0
2019-02-05,3,0,127,0.0,0.0,0.0,0.0,0.0
2019-02-05,3,0,128,119.06,119.06,0.0,1044.571462,0.0
2019-02-05,3,0,131,12.11,12.11,0.0,94.069241,0.0
2019-02-05,3,0,132,17.81,17.81,0.0,138.346258,0.0
2019-02-05,3,0,133,18.77,18.77,0.0,175.265804,0.0
2019-02-05,3,0,134,0.0,0.0,0.0,0.0,0.0
2019-02-05,3,0,135,25.12,25.12,0.0,234.559244,0.0
2019-02-05,3,0,136,10.75,10.75,0.0,100.329305,0.0
2019-02-05,3,0,139,52.22,52.22,0.0,467.87433,0.0
2019-02-05,3,0,140,128.06,128.06,0.0,368.355316,0.0
2019-02-05,3,0,141,129.78,129.78,0.0,822.328298,0.0
2019-02-05,3,0,142,0.0,0.0,0.0,0.0,0.0
2019-02-05,3,0,143,19.33,19.33,0.0,169.522423,0.0
2019-02-05,3,0,145,9.02,9.02,0.0,80.151577,0.0
2019-02-05,3,0,146,268.0,268.0,0.0,770.882592,0.0
2019-02-05,3,0,152,0.0,0.0,0.0,0.0,0.0
2019-02-05,3,0,153,0.0,0.0,0.0,0.0,0.0
2019-02-05,3,0,154,0.0,0.0,0.0,0.0,0.0
2019-02-05,3,0,157,153.61,153.61,0.0,973.32293,0.0
2019-02-05,3,0,158,0.0,0.0,0.0,0.0,0.0
2019-02-05,3,0,159,0.0,0.0,0.0,0.0,0.0
2019-02-05,3,0,160,0.0,0.0,0.0,0.0,0.0
2019-02-05,3,0,161,0.0,0.0,0.0,0.0,0.0
2019-02-05,3,0,162,9.31,9.31,0.0,101.141325,0.0
2019-02-05,3,0,163,67.72,67.72,0.0,194.791676,0.0
2019-02-05,3,0,164,0.0,0.0,0.0,0.0,0.0
2019-02-05,3,0,167,0.0,0.0,0.0,0.0,0.0
2019-02-05,3,0,168,0.0,0.0,0.0,0.0,0.0
2019-02-05,3,0,169,0.0,0.0,0.0,0.0,0.0
2019-02-05,3,0,170,0.0,0.0,0.0,0.0,0.0
2019-02-05,3,0,172,0.0,0.0,0.0,0.0,0.0
2019-02-05,3,0,173,0.0,0.0,0.0,0.0,0.0
2019-02-05,3,0,188,0.0,0.0,0.0,0.0,0.0
2019-02-05,3,0,190,0.0,0.0,0.0,0.0,0.0
2019-02-05,3,0,191,0.0,0.0,0.0,0.0,0.0
2019-02-05,3,0,192,87.44,87.44,0.0,999.062688,0.0
2019-02-05,3,0,194,72.51,72.51,0.0,693.854147,0.0
2019-02-05,3,0,196,0.0,0.0,0.0,0.0,0.0
2019-02-05,3,0,198,0.0,0.0,0.0,0.0,0.0
2019-02-05,3,0,199,11.26,11.26,0.0,110.15694,0.0
2019-02-05,3,0,200,0.0,0.0,0.0,0.0,0.0
2019-02-05,3,0,204,276.08,276.08,0.0,2503.637445,0.0
2019-02-05,3,0,205,328.4,328.4,0.0,2982.731501,0.0
2019-02-05,3,0,206,184.1,184.1,0.0,1613.853268,0.0
2019-02-05,3,0,210,0.0,0.0,0.0,0.0,0.0
2019-02-05,3,0,214,0.0,0.0,0.0,0.0,0.0
2019-02-05,3,0,217,0.0,0.0,0.0,0.0,0.0
2019-02-05,3,0,218,0.0,0.0,0.0,0.0,0.0
2019-02-05,3,0,219,0.0,0.0,0.0,0.0,0.0
2019-02-05,3,0,221,0.0,0.0,0.0,0.0,0.0
2019-02-05,3,0,225,0.0,0.0,0.0,0.0,0.0
2019-02-05,3,0,233,0.0,0.0,0.0,0.0,0.0
2019-02-05,3,0,236,21.87,21.87,0.0,203.011791,0.0
2019-02-05,3,0,237,23.6,23.6,0.0,217.58605,0.0
2019-02-05,3,0,238,0.0,0.0,0.0,0.0,0.0
2019-02-05,3,0,240,0.0,0.0,0.0,0.0,0.0
2019-02-05,3,0,245,16.45,16.45,0.0,153.838171,0.0
2019-02-05,3,0,247,24.11,24.11,0.0,225.473453,0.0
2019-02-05,3,0,248,2.37,2.37,0.0,21.850802,0.0
2019-02-05,3,0,249,31.63,31.63,0.0,295.799474,0.0
2019-02-05,3,0,251,106.51,106.51,0.0,993.37814,0.0
2019-02-05,3,0,252,53.71,53.71,0.0,501.284987,0.0
2019-02-05,3,0,254,0.0,0.0,0.0,0.0,0.0
2019-02-05,3,0,255,0.0,0.0,0.0,0.0,0.0
2019-02-05,3,0,258,0.0,0.0,0.0,0.0,0.0
2019-02-05,3,0,260,0.0,0.0,0.0,0.0,0.0
2019-02-05,3,0,265,0.0,0.0,0.0,0.0,0.0
2019-02-05,3,0,266,33.81,33.81,0.0,302.926678,0.0
2019-02-05,3,0,267,41.55,41.55,0.0,372.274577,0.0
2019-02-05,3,0,270,211.49,211.49,0.0,608.335669,0.0
2019-02-05,3,0,272,129.32,129.32,0.0,1110.100781,0.0
2019-02-05,3,0,273,0.0,0.0,0.0,0.0,0.0
2019-02-05,3,0,274,272.64,272.64,0.0,784.229216,0.0
2019-02-05,3,0,275,379.52,379.52,0.0,1091.661795,0.0
2019-02-05,3,0,276,0.0,0.0,0.0,0.0,0.0
2019-02-05,3,0,277,0.0,0.0,0.0,0.0,0.0
2019-02-05,3,0,278,0.0,0.0,0.0,0.0,0.0
2019-02-05,3,0,279,102.67,102.67,0.0,874.982963,0.0
2019-02-05,3,0,281,3.53,3.53,0.0,30.957794,0.0
2019-02-05,3,0,282,0.0,0.0,0.0,0.0,0.0
2019-02-05,4,0,9,0.0,0.0,0.0,0.0,0.0
2019-02-05,4,0,17,0.0,0.0,0.0,0.0,0.0
2019-02-05,4,0,19,98.97,98.97,0.0,1008.500623,0.0
2019-02-05,4,0,20,120.03,120.03,0.0,1223.10124,0.0
2019-02-05,4,0,21,0.0,0.0,0.0,0.0,0.0
2019-02-05,4,0,22,0.0,0.0,0.0,0.0,0.0
2019-02-05,4,0,23,40.83,40.83,0.0,404.632437,0.0
2019-02-05,4,0,24,67.48,67.48,0.0,668.738595,0.0
2019-02-05,4,0,29,0.0,0.0,0.0,0.0,0.0
2019-02-05,4,0,30,0.0,0.0,0.0,0.0,0.0
2019-02-05,4,0,31,9.96,9.96,0.0,98.687669,0.0
2019-02-05,4,0,32,0.0,0.0,0.0,0.0,0.0
2019-02-05,4,0,33,0.0,0.0,0.0,0.0,0.0
2019-02-05,4,0,34,0.0,0.0,0.0,0.0,0.0
2019-02-05,4,0,35,0.0,0.0,0.0,0.0,0.0
2019-02-05,4,0,36,0.0,0.0,0.0,0.0,0.0
2019-02-05,4,0,37,0.0,0.0,0.0,0.0,0.0
2019-02-05,4,0,38,0.0,0.0,0.0,0.0,0.0
2019-02-05,4,0,39,0.0,0.0,0.0,0.0,0.0
2019-02-05,4,0,40,0.0,0.0,0.0,0.0,0.0
2019-02-05,4,0,41,46.61,46.61,0.0,466.220753,0.0
2019-02-05,4,0,42,0.0,0.0,0.0,0.0,0.0
2019-02-05,4,0,43,0.0,0.0,0.0,0.0,0.0
2019-02-05,4,0,46,0.0,0.0,0.0,0.0,0.0
2019-02-05,4,0,52,10.56,10.56,0.0,104.63271,0.0
2019-02-05,4,0,53,16.77,16.77,0.0,166.163877,0.0
2019-02-05,4,0,55,196.07,196.07,0.0,1943.087971,0.0
2019-02-05,4,0,56,0.0,0.0,0.0,0.0,0.0
2019-02-05,4,0,57,0.0,0.0,0.0,0.0,0.0
2019-02-05,4,0,58,0.0,0.0,0.0,0.0,0.0
2019-02-05,4,0,59,0.0,0.0,0.0,0.0,0.0
2019-02-05,4,0,63,55.68,55.68,0.0,625.097693,0.0
2019-02-05,4,0,64,65.51,65.51,0.0,735.455278,0.0
2019-02-05,4,0,65,6.92,6.92,0.0,70.50082,0.0
2019-02-05,4,0,67,0.0,0.0,0.0,0.0,0.0
2019-02-05,4,0,68,3.78,3.78,0.0,35.007614,0.0
2019-02-05,4,0,69,0.0,0.0,0.0,0.0,0.0
2019-02-05,4,0,74,12.17,12.17,0.0,123.302524,0.0
2019-02-05,4,0,77,98.22,98.22,0.0,956.624692,0.0
2019-02-05,4,0,78,74.25,74.25,0.0,723.166192,0.0
2019-02-05,4,0,79,42.97,42.97,0.0,418.511128,0.0
2019-02-05,4,0,80,69.49,69.49,0.0,676.805639,0.0
2019-02-05,4,0,81,90.85,90.85,0.0,884.843752,0.0
2019-02-05,4,0,82,64.09,64.09,0.0,624.211734,0.0
2019-02-05,4,0,83,142.9,142.9,0.0,1391.790557,0.0
2019-02-05,4,0,84,0.0,0.0,0.0,0.0,0.0
2019-02-05,4,0,86,0.0,0.0,0.0,0.0,0.0
2019-02-05,4,0,87,0.0,0.0,0.0,0.0,0.0
2019-02-05,4,0,88,85.55,85.55,0.0,833.223808,0.0
2019-02-05,4,0,89,82.24,82.24,0.0,800.985692,0.0
2019-02-05,4,0,90,110.42,110.42,0.0,1075.447959,0.0
2019-02-05,4,0,91,393.9,393.9,0.0,3836.433173,0.0
2019-02-05,4,0,92,141.66,141.66,0.0,1379.713438,0.0
2019-02-05,4,0,95,16.38,16.38,0.0,179.271663,0.0
2019-02-05,4,0,96,10.0,10.0,0.0,99.065462,0.0
2019-02-05,4,0,97,61.49,61.49,0.0,609.153528,0.0
2019-02-05,4,0,99,2.35,2.35,0.0,23.809444,0.0
2019-02-05,4,0,101,0.0,0.0,0.0,0.0,0.0
2019-02-05,4,0,102,8.96,8.96,0.0,82.98101,0.0
2019-02-05,4,0,103,7.79,7.79,0.0,72.14532,0.0
2019-02-05,4,0,104,1.45,1.45,0.0,13.428847,0.0
2019-02-05,4,0,106,0.0,0.0,0.0,0.0,0.0
2019-02-05,4,0,109,64.86,64.86,0.0,652.725923,0.0
2019-02-05,4,0,110,204.73,204.73,0.0,1429.65802,0.0
2019-02-05,4,0,111,0.0,0.0,0.0,0.0,0.0
2019-02-05,4,0,113,19.01,19.01,0.0,186.605777,0.0
2019-02-05,4,0,115,19.01,19.01,0.0,186.605777,0.0
2019-02-05,4,0,116,0.0,0.0,0.0,0.0,0.0
2019-02-05,4,0,117,1.27,1.27,0.0,12.466562,0.0
2019-02-05,4,0,119,65.51,65.51,0.0,735.455278,0.0
2019-02-05,4,0,120,38.52,38.52,0.0,432.449051,0.0
2019-02-05,4,0,123,0.0,0.0,0.0,0.0,0.0
2019-02-05,4,0,125,61.92,61.92,0.0,613.638023,0.0
2019-02-05,4,0,126,0.0,0.0,0.0,0.0,0.0
2019-02-05,4,0,127,0.0,0.0,0.0,0.0,0.0
2019-02-05,4,0,128,84.09,84.09,0.0,833.346598,0.0
2019-02-05,4,0,131,11.51,11.51,0.0,108.321128,0.0
2019-02-05,4,0,132,16.93,16.93,0.0,159.328992,0.0
2019-02-05,4,0,133,19.79,19.79,0.0,201.663062,0.0
2019-02-05,4,0,134,0.0,0.0,0.0,0.0,0.0
2019-02-05,4,0,135,27.3,27.3,0.0,278.191086,0.0
2019-02-05,4,0,136,8.37,8.37,0.0,85.27248,0.0
2019-02-05,4,0,139,60.19,60.19,0.0,602.055935,0.0
2019-02-05,4,0,140,151.53,151.53,0.0,1058.155033,0.0
2019-02-05,4,0,141,116.46,116.46,0.0,1013.257521,0.0
2019-02-05,4,0,142,0.0,0.0,0.0,0.0,0.0
2019-02-05,4,0,143,19.71,19.71,0.0,195.294574,0.0
2019-02-05,4,0,145,9.92,9.92,0.0,98.862848,0.0
2019-02-05,4,0,146,268.0,268.0,0.0,1871.481217,0.0
2019-02-05,4,0,152,0.0,0.0,0.0,0.0,0.0
2019-02-05,4,0,153,0.0,0.0,0.0,0.0,0.0
2019-02-05,4,0,154,0.0,0.0,0.0,0.0,0.0
2019-02-05,4,0,157,152.53,152.53,0.0,1327.083717,0.0
2019-02-05,4,0,158,0.0,0.0,0.0,0.0,0.0
2019-02-05,4,0,159,0.0,0.0,0.0,0.0,0.0
2019-02-05,4,0,160,0.0,0.0,0.0,0.0,0.0
2019-02-05,4,0,161,0.0,0.0,0.0,0.0,0.0
2019-02-05,4,0,162,8.99,8.99,0.0,98.419617,0.0
2019-02-05,4,0,163,67.35,67.35,0.0,470.314403,0.0
2019-02-05,4,0,164,0.0,0.0,0.0,0.0,0.0
2019-02-05,4,0,167,0.0,0.0,0.0,0.0,0.0
2019-02-05,4,0,168,0.0,0.0,0.0,0.0,0.0
2019-02-05,4,0,169,0.0,0.0,0.0,0.0,0.0
2019-02-05,4,0,170,0.0,0.0,0.0,0.0,0.0
2019-02-05,4,0,172,0.0,0.0,0.0,0.0,0.0
2019-02-05,4,0,173,0.0,0.0,0.0,0.0,0.0
2019-02-05,4,0,188,0.0,0.0,0.0,0.0,0.0
2019-02-05,4,0,190,0.0,0.0,0.0,0.0,0.0
2019-02-05,4,0,191,0.0,0.0,0.0,0.0,0.0
2019-02-05,4,0,192,87.88,87.88,0.0,986.594563,0.0
2019-02-05,4,0,194,76.38,76.38,0.0,787.101406,0.0
2019-02-05,4,0,196,0.0,0.0,0.0,0.0,0.0
2019-02-05,4,0,198,0.0,0.0,0.0,0.0,0.0
2019-02-05,4,0,199,10.85,10.85,0.0,112.962249,0.0
2019-02-05,4,0,200,0.0,0.0,0.0,0.0,0.0
2019-02-05,4,0,204,285.0,285.0,0.0,2866.135647,0.0
2019-02-05,4,0,205,343.12,343.12,0.0,3453.026805,0.0
2019-02-05,4,0,206,180.69,180.69,0.0,1790.01384,0.0
2019-02-05,4,0,210,0.0,0.0,0.0,0.0,0.0
2019-02-05,4,0,214,0.0,0.0,0.0,0.0,0.0
2019-02-05,4,0,217,0.0,0.0,0.0,0.0,0.0
2019-02-05,4,0,218,0.0,0.0,0.0,0.0,0.0
2019-02-05,4,0,219,0.0,0.0,0.0,0.0,0.0
2019-02-05,4,0,221,0.0,0.0,0.0,0.0,0.0
2019-02-05,4,0,225,0.0,0.0,0.0,0.0,0.0
2019-02-05,4,0,233,0.0,0.0,0.0,0.0,0.0
2019-02-05,4,0,236,22.68,22.68,0.0,230.494694,0.0
2019-02-05,4,0,237,29.18,29.18,0.0,295.642371,0.0
2019-02-05,4,0,238,0.0,0.0,0.0,0.0,0.0
2019-02-05,4,0,240,0.0,0.0,0.0,0.0,0.0
2019-02-05,4,0,245,14.27,14.27,0.0,145.514829,0.0
2019-02-05,4,0,247,22.45,22.45,0.0,228.928375,0.0
2019-02-05,4,0,248,2.93,2.93,0.0,29.685817,0.0
2019-02-05,4,0,249,27.44,27.44,0.0,279.812677,0.0
2019-02-05,4,0,251,103.44,103.44,0.0,1053.507854,0.0
2019-02-05,4,0,252,44.63,44.63,0.0,454.689539,0.0
2019-02-05,4,0,254,0.0,0.0,0.0,0.0,0.0
2019-02-05,4,0,255,0.0,0.0,0.0,0.0,0.0
2019-02-05,4,0,258,0.0,0.0,0.0,0.0,0.0
2019-02-05,4,0,260,0.0,0.0,0.0,0.0,0.0
2019-02-05,4,0,265,0.0,0.0,0.0,0.0,0.0
2019-02-05,4,0,266,38.98,38.98,0.0,389.900986,0.0
2019-02-05,4,0,267,47.9,47.9,0.0,479.124095,0.0
2019-02-05,4,0,270,210.32,210.32,0.0,1468.693767,0.0
2019-02-05,4,0,272,63.52,63.52,0.0,623.524404,0.0
2019-02-05,4,0,273,0.0,0.0,0.0,0.0,0.0
2019-02-05,4,0,274,271.13,271.13,0.0,1893.338441,0.0
2019-02-05,4,0,275,377.42,377.42,0.0,2635.576271,0.0
2019-02-05,4,0,276,0.0,0.0,0.0,0.0,0.0
2019-02-05,4,0,277,0.0,0.0,0.0,0.0,0.0
2019-02-05,4,0,278,0.0,0.0,0.0,0.0,0.0
2019-02-05,4,0,279,103.68,103.68,0.0,1014.559478,0.0
2019-02-05,4,0,281,4.47,4.47,0.0,44.29055,0.0
2019-02-05,4,0,282,0.0,0.0,0.0,0.0,0.0
2019-02-05,5,0,9,0.0,0.0,0.0,0.0,0.0
2019-02-05,5,0,17,0.0,0.0,0.0,0.0,0.0
2019-02-05,5,0,19,74.27,74.27,0.0,730.191233,0.0
2019-02-05,5,0,20,90.07,90.07,0.0,885.530151,0.0
2019-02-05,5,0,21,0.0,0.0,0.0,0.0,0.0
2019-02-05,5,0,22,0.0,0.0,0.0,0.0,0.0
2019-02-05,5,0,23,51.17,51.17,0.0,465.345061,0.0
2019-02-05,5,0,24,90.54,90.54,0.0,823.379751,0.0
2019-02-05,5,0,29,0.0,0.0,0.0,0.0,0.0
2019-02-05,5,0,30,0.0,0.0,0.0,0.0,0.0
2019-02-05,5,0,31,6.75,6.75,0.0,61.353603,0.0
2019-02-05,5,0,32,0.0,0.0,0.0,0.0,0.0
2019-02-05,5,0,33,0.0,0.0,0.0,0.0,0.0
2019-02-05,5,0,34,0.0,0.0,0.0,0.0,0.0
2019-02-05,5,0,35,0.0,0.0,0.0,0.0,0.0
2019-02-05,5,0,36,0.0,0.0,0.0,0.0,0.0
2019-02-05,5,0,37,0.0,0.0,0.0,0.0,0.0
2019-02-05,5,0,38,0.0,0.0,0.0,0.0,0.0
2019-02-05,5,0,39,0.0,0.0,0.0,0.0,0.0
2019-02-05,5,0,40,0.0,0.0,0.0,0.0,0.0
2019-02-05,5,0,41,46.07,46.07,0.0,430.18753,0.0
2019-02-05,5,0,42,0.0,0.0,0.0,0.0,0.0
2019-02-05,5,0,43,0.0,0.0,0.0,0.0,0.0
2019-02-05,5,0,46,0.0,0.0,0.0,0.0,0.0
2019-02-05,5,0,52,7.16,7.16,0.0,65.080266,0.0
2019-02-05,5,0,53,11.37,11.37,0.0,103.346735,0.0
2019-02-05,5,0,55,141.17,141.17,0.0,1283.813998,0.0
2019-02-05,5,0,56,0.0,0.0,0.0,0.0,0.0
2019-02-05,5,0,57,0.0,0.0,0.0,0.0,0.0
2019-02-05,5,0,58,0.0,0.0,0.0,0.0,0.0
2019-02-05,5,0,59,0.0,0.0,0.0,0.0,0.0
2019-02-05,5,0,63,55.68,55.68,0.0,699.564643,0.0
2019-02-05,5,0,64,65.5,65.5,0.0,822.943321,0.0
2019-02-05,5,0,65,6.11,6.11,0.0,60.039,0.0
2019-02-05,5,0,67,0.0,0.0,0.0,0.0,0.0
2019-02-05,5,0,68,3.95,3.95,0.0,29.1656,0.0
2019-02-05,5,0,69,0.0,0.0,0.0,0.0,0.0
2019-02-05,5,0,74,10.93,10.93,0.0,105.779971,0.0
2019-02-05,5,0,77,121.73,121.73,0.0,1052.297705,0.0
2019-02-05,5,0,78,92.03,92.03,0.0,795.555391,0.0
2019-02-05,5,0,79,53.26,53.26,0.0,460.40726,0.0
2019-02-05,5,0,80,86.12,86.12,0.0,744.466264,0.0
2019-02-05,5,0,81,112.6,112.6,0.0,973.373216,0.0
2019-02-05,5,0,82,79.43,79.43,0.0,686.63441,0.0
2019-02-05,5,0,83,177.11,177.11,0.0,1531.031352,0.0
2019-02-05,5,0,84,0.0,0.0,0.0,0.0,0.0
2019-02-05,5,0,86,0.0,0.0,0.0,0.0,0.0
2019-02-05,5,0,87,0.0,0.0,0.0,0.0,0.0
2019-02-05,5,0,88,108.31,108.31,0.0,936.288215,0.0
2019-02-05,5,0,89,104.12,104.12,0.0,900.067666,0.0
2019-02-05,5,0,90,139.8,139.8,0.0,1208.504223,0.0
2019-02-05,5,0,91,498.69,498.69,0.0,4310.936846,0.0
2019-02-05,5,0,92,179.35,179.35,0.0,1550.395082,0.0
2019-02-05,5,0,95,6.92,6.92,0.0,81.798143,0.0
2019-02-05,5,0,96,10.91,10.91,0.0,99.112277,0.0
2019-02-05,5,0,97,67.08,67.08,0.0,609.390608,0.0
2019-02-05,5,0,99,2.11,2.11,0.0,20.42047,0.0
2019-02-05,5,0,101,0.0,0.0,0.0,0.0,0.0
2019-02-05,5,0,102,9.36,9.36,0.0,69.111397,0.0
2019-02-05,5,0,103,8.14,8.14,0.0,60.103288,0.0
2019-02-05,5,0,104,1.51,1.51,0.0,11.149381,0.0
2019-02-05,5,0,106,0.0,0.0,0.0,0.0,0.0
2019-02-05,5,0,109,68.29,68.29,0.0,648.655153,0.0
2019-02-05,5,0,110,172.92,172.92,0.0,238.437243,0.0
2019-02-05,5,0,111,0.0,0.0,0.0,0.0,0.0
2019-02-05,5,0,113,48.72,48.72,0.0,430.995178,0.0
2019-02-05,5,0,115,48.72,48.72,0.0,430.995178,0.0
2019-02-05,5,0,116,0.0,0.0,0.0,0.0,0.0
2019-02-05,5,0,117,2.34,2.34,0.0,20.700507,0.0
2019-02-05,5,0,119,65.5,65.5,0.0,822.943321,0.0
2019-02-05,5,0,120,38.51,38.51,0.0,483.840417,0.0
2019-02-05,5,0,123,0.0,0.0,0.0,0.0,0.0
2019-02-05,5,0,125,81.93,81.93,0.0,745.079556,0.0
2019-02-05,5,0,126,0.0,0.0,0.0,0.0,0.0
2019-02-05,5,0,127,0.0,0.0,0.0,0.0,0.0
2019-02-05,5,0,128,117.35,117.35,0.0,1067.192553,0.0
2019-02-05,5,0,131,12.24,12.24,0.0,95.208482,0.0
2019-02-05,5,0,132,18.0,18.0,0.0,140.012473,0.0
2019-02-05,5,0,133,6.5,6.5,0.0,63.908452,0.0
2019-02-05,5,0,134,0.0,0.0,0.0,0.0,0.0
2019-02-05,5,0,135,9.26,9.26,0.0,91.044964,0.0
2019-02-05,5,0,136,8.0,8.0,0.0,78.608506,0.0
2019-02-05,5,0,139,59.49,59.49,0.0,555.499374,0.0
2019-02-05,5,0,140,127.98,127.98,0.0,176.470034,0.0
2019-02-05,5,0,141,129.77,129.77,0.0,766.359757,0.0
2019-02-05,5,0,142,0.0,0.0,0.0,0.0,0.0
2019-02-05,5,0,143,26.11,26.11,0.0,237.324824,0.0
2019-02-05,5,0,145,10.4,10.4,0.0,96.109311,0.0
2019-02-05,5,0,146,268.0,268.0,0.0,369.541875,0.0
2019-02-05,5,0,152,0.0,0.0,0.0,0.0,0.0
2019-02-05,5,0,153,0.0,0.0,0.0,0.0,0.0
2019-02-05,5,0,154,0.0,0.0,0.0,0.0,0.0
2019-02-05,5,0,157,159.61,159.61,0.0,942.580571,0.0
2019-02-05,5,0,158,0.0,0.0,0.0,0.0,0.0
2019-02-05,5,0,159,0.0,0.0,0.0,0.0,0.0
2019-02-05,5,0,160,0.0,0.0,0.0,0.0,0.0
2019-02-05,5,0,161,0.0,0.0,0.0,0.0,0.0
2019-02-05,5,0,162,8.45,8.45,0.0,99.953309,0.0
2019-02-05,5,0,163,66.7,66.7,0.0,91.971803,0.0
2019-02-05,5,0,164,0.0,0.0,0.0,0.0,0.0
2019-02-05,5,0,167,0.0,0.0,0.0,0.0,0.0
2019-02-05,5,0,168,0.0,0.0,0.0,0.0,0.0
2019-02-05,5,0,169,0.0,0.0,0.0,0.0,0.0
2019-02-05,5,0,170,0.0,0.0,0.0,0.0,0.0
2019-02-05,5,0,172,0.0,0.0,0.0,0.0,0.0
2019-02-05,5,0,173,0.0,0.0,0.0,0.0,0.0
2019-02-05,5,0,188,0.0,0.0,0.0,0.0,0.0
2019-02-05,5,0,190,0.0,0.0,0.0,0.0,0.0
2019-02-05,5,0,191,0.0,0.0,0.0,0.0,0.0
2019-02-05,5,0,192,77.88,77.88,0.0,978.485891,0.0
2019-02-05,5,0,194,102.67,102.67,0.0,1040.559134,0.0
2019-02-05,5,0,196,0.0,0.0,0.0,0.0,0.0
2019-02-05,5,0,198,0.0,0.0,0.0,0.0,0.0
2019-02-05,5,0,199,11.31,11.31,0.0,117.79253,0.0
2019-02-05,5,0,200,0.0,0.0,0.0,0.0,0.0
2019-02-05,5,0,204,297.24,297.24,0.0,2817.863846,0.0
2019-02-05,5,0,205,361.25,361.25,0.0,3431.346816,0.0
2019-02-05,5,0,206,197.11,197.11,0.0,1790.652695,0.0
2019-02-05,5,0,210,0.0,0.0,0.0,0.0,0.0
2019-02-05,5,0,214,0.0,0.0,0.0,0.0,0.0
2019-02-05,5,0,217,0.0,0.0,0.0,0.0,0.0
2019-02-05,5,0,218,0.0,0.0,0.0,0.0,0.0
2019-02-05,5,0,219,0.0,0.0,0.0,0.0,0.0
2019-02-05,5,0,221,0.0,0.0,0.0,0.0,0.0
2019-02-05,5,0,225,0.0,0.0,0.0,0.0,0.0
2019-02-05,5,0,233,0.0,0.0,0.0,0.0,0.0
2019-02-05,5,0,236,17.1,17.1,0.0,166.900409,0.0
2019-02-05,5,0,237,26.22,26.22,0.0,253.755796,0.0
2019-02-05,5,0,238,0.0,0.0,0.0,0.0,0.0
2019-02-05,5,0,240,0.0,0.0,0.0,0.0,0.0
2019-02-05,5,0,245,10.68,10.68,0.0,105.206524,0.0
2019-02-05,5,0,247,17.81,17.81,0.0,175.442714,0.0
2019-02-05,5,0,248,2.63,2.63,0.0,25.453003,0.0
2019-02-05,5,0,249,20.54,20.54,0.0,202.335393,0.0
2019-02-05,5,0,251,71.82,71.82,0.0,705.112128,0.0
2019-02-05,5,0,252,39.39,39.39,0.0,387.059934,0.0
2019-02-05,5,0,254,0.0,0.0,0.0,0.0,0.0
2019-02-05,5,0,255,0.0,0.0,0.0,0.0,0.0
2019-02-05,5,0,258,0.0,0.0,0.0,0.0,0.0
2019-02-05,5,0,260,0.0,0.0,0.0,0.0,0.0
2019-02-05,5,0,265,0.0,0.0,0.0,0.0,0.0
2019-02-05,5,0,266,38.52,38.52,0.0,359.687946,0.0
2019-02-05,5,0,267,47.34,47.34,0.0,442.0464,0.0
2019-02-05,5,0,270,208.32,208.32,0.0,287.249864,0.0
2019-02-05,5,0,272,167.46,167.46,0.0,1481.413229,0.0
2019-02-05,5,0,273,0.0,0.0,0.0,0.0,0.0
2019-02-05,5,0,274,268.54,268.54,0.0,370.286475,0.0
2019-02-05,5,0,275,373.82,373.82,0.0,515.455761,0.0
2019-02-05,5,0,276,0.0,0.0,0.0,0.0,0.0
2019-02-05,5,0,277,0.0,0.0,0.0,0.0,0.0
2019-02-05,5,0,278,0.0,0.0,0.0,0.0,0.0
2019-02-05,5,0,279,111.98,111.98,0.0,981.554689,0.0
2019-02-05,5,0,281,3.03,3.03,0.0,27.540951,0.0
2019-02-05,5,0,282,0.0,0.0,0.0,0.0,0.0
2019-02-05,6,0,9,0.0,0.0,0.0,0.0,0.0
2019-02-05,6,0,17,0.0,0.0,0.0,0.0,0.0
2019-02-05,6,0,19,53.81,53.81,0.0,538.223989,0.0
2019-02-05,6,0,20,65.26,65.26,0.0,652.750372,0.0
2019-02-05,6,0,21,0.0,0.0,0.0,0.0,0.0
2019-02-05,6,0,22,0.0,0.0,0.0,0.0,0.0
2019-02-05,6,0,23,57.81,57.81,0.0,413.349251,0.0
2019-02-05,6,0,24,102.29,102.29,0.0,731.387215,0.0
2019-02-05,6,0,29,0.0,0.0,0.0,0.0,0.0
2019-02-05,6,0,30,0.0,0.0,0.0,0.0,0.0
2019-02-05,6,0,31,5.04,5.04,0.0,35.954408,0.0
2019-02-05,6,0,32,0.0,0.0,0.0,0.0,0.0
2019-02-05,6,0,33,0.0,0.0,0.0,0.0,0.0
2019-02-05,6,0,34,0.0,0.0,0.0,0.0,0.0
2019-02-05,6,0,35,0.0,0.0,0.0,0.0,0.0
2019-02-05,6,0,36,0.0,0.0,0.0,0.0,0.0
2019-02-05,6,0,37,0.0,0.0,0.0,0.0,0.0
2019-02-05,6,0,38,0.0,0.0,0.0,0.0,0.0
2019-02-05,6,0,39,0.0,0.0,0.0,0.0,0.0
2019-02-05,6,0,40,0.0,0.0,0.0,0.0,0.0
2019-02-05,6,0,41,45.77,45.77,0.0,367.164734,0.0
2019-02-05,6,0,42,0.0,0.0,0.0,0.0,0.0
2019-02-05,6,0,43,0.0,0.0,0.0,0.0,0.0
2019-02-05,6,0,46,0.0,0.0,0.0,0.0,0.0
2019-02-05,6,0,52,5.34,5.34,0.0,38.094551,0.0
2019-02-05,6,0,53,8.47,8.47,0.0,60.42338,0.0
2019-02-05,6,0,55,58.77,58.77,0.0,420.21338,0.0
2019-02-05,6,0,56,0.0,0.0,0.0,0.0,0.0
2019-02-05,6,0,57,0.0,0.0,0.0,0.0,0.0
2019-02-05,6,0,58,0.0,0.0,0.0,0.0,0.0
2019-02-05,6,0,59,0.0,0.0,0.0,0.0,0.0
2019-02-05,6,0,63,56.95,56.95,0.0,936.189963,0.0
2019-02-05,6,0,64,67.0,67.0,0.0,1101.399957,0.0
2019-02-05,6,0,65,5.35,5.35,0.0,53.38435,0.0
2019-02-05,6,0,67,0.0,0.0,0.0,-0.0,0.0
2019-02-05,6,0,68,4.14,4.14,0.0,8.34653,0.0
2019-02-05,6,0,69,0.0,0.0,0.0,0.0,0.0
2019-02-05,6,0,74,9.79,9.79,0.0,91.198283,0.0
2019-02-05,6,0,77,149.07,149.07,0.0,832.659037,0.0
2019-02-05,6,0,78,112.69,112.69,0.0,629.451579,0.0
2019-02-05,6,0,79,65.22,65.22,0.0,364.298802,0.0
2019-02-05,6,0,80,105.47,105.47,0.0,589.122886,0.0
2019-02-05,6,0,81,137.89,137.89,0.0,770.211005,0.0
2019-02-05,6,0,82,97.27,97.27,0.0,543.320215,0.0
2019-02-05,6,0,83,216.89,216.89,0.0,1211.480636,0.0
2019-02-05,6,0,84,0.0,0.0,0.0,0.0,0.0
2019-02-05,6,0,86,0.0,0.0,0.0,0.0,0.0
2019-02-05,6,0,87,0.0,0.0,0.0,0.0,0.0
2019-02-05,6,0,88,135.58,135.58,0.0,757.308058,0.0
2019-02-05,6,0,89,130.34,130.34,0.0,728.039034,0.0
2019-02-05,6,0,90,175.0,175.0,0.0,977.496018,0.0
2019-02-05,6,0,91,624.27,624.27,0.0,3486.979652,0.0
2019-02-05,6,0,92,224.52,224.52,0.0,1254.099463,0.0
2019-02-05,6,0,95,6.85,6.85,0.0,98.211761,0.0
2019-02-05,6,0,96,11.91,11.91,0.0,84.760515,0.0
2019-02-05,6,0,97,73.22,73.22,0.0,521.088575,0.0
2019-02-05,6,0,99,1.89,1.89,0.0,17.606206,0.0
2019-02-05,6,0,101,0.0,0.0,0.0,0.0,0.0
2019-02-05,6,0,102,9.79,9.79,0.0,19.737325,0.0
2019-02-05,6,0,103,8.51,8.51,0.0,17.156756,0.0
2019-02-05,6,0,104,1.58,1.58,0.0,3.185391,0.0
2019-02-05,6,0,106,0.0,0.0,0.0,0.0,0.0
2019-02-05,6,0,109,72.46,72.46,0.0,619.153108,0.0
2019-02-05,6,0,110,149.0,149.0,0.0,-2218.482029,0.0
2019-02-05,6,0,111,0.0,0.0,0.0,0.0,0.0
2019-02-05,6,0,113,68.88,68.88,0.0,419.349748,0.0
2019-02-05,6,0,115,68.88,68.88,0.0,419.349748,0.0
2019-02-05,6,0,116,0.0,0.0,0.0,-0.0,0.0
2019-02-05,6,0,117,2.73,2.73,0.0,16.620569,0.0
2019-02-05,6,0,119,67.0,67.0,0.0,1101.399957,0.0
2019-02-05,6,0,120,39.39,39.39,0.0,647.524542,0.0
2019-02-05,6,0,123,0.0,0.0,0.0,0.0,0.0
2019-02-05,6,0,125,92.57,92.57,0.0,661.887912,0.0
2019-02-05,6,0,126,0.0,0.0,0.0,0.0,0.0
2019-02-05,6,0,127,0.0,0.0,0.0,0.0,0.0
2019-02-05,6,0,128,132.58,132.58,0.0,947.964776,0.0
2019-02-05,6,0,131,13.05,13.05,0.0,40.813487,0.0
2019-02-05,6,0,132,19.18,19.18,0.0,59.984879,0.0
2019-02-05,6,0,133,3.77,3.77,0.0,37.717183,0.0
2019-02-05,6,0,134,0.0,0.0,0.0,0.0,0.0
2019-02-05,6,0,135,5.05,5.05,0.0,50.523018,0.0
2019-02-05,6,0,136,7.63,7.63,0.0,76.125043,0.0
2019-02-05,6,0,139,59.1,59.1,0.0,474.097351,0.0
2019-02-05,6,0,140,110.28,110.28,0.0,-1641.974484,0.0
2019-02-05,6,0,141,145.64,145.64,0.0,-312.455937,0.0
2019-02-05,6,0,142,0.0,0.0,0.0,-0.0,0.0
2019-02-05,6,0,143,34.27,34.27,0.0,244.475705,0.0
2019-02-05,6,0,145,10.96,10.96,0.0,83.930982,0.0
2019-02-05,6,0,146,268.0,268.0,0.0,-3990.289823,0.0
2019-02-05,6,0,152,0.0,0.0,0.0,0.0,0.0
2019-02-05,6,0,153,0.0,0.0,0.0,0.0,0.0
2019-02-05,6,0,154,0.0,0.0,0.0,0.0,0.0
2019-02-05,6,0,157,170.51,170.51,0.0,-365.812014,0.0
2019-02-05,6,0,158,0.0,0.0,0.0,-0.0,0.0
2019-02-05,6,0,159,0.0,0.0,0.0,0.0,0.0
2019-02-05,6,0,160,0.0,0.0,0.0,0.0,0.0
2019-02-05,6,0,161,0.0,0.0,0.0,0.0,0.0
2019-02-05,6,0,162,8.07,8.07,0.0,115.892531,0.0
2019-02-05,6,0,163,67.65,67.65,0.0,-1007.250398,0.0
2019-02-05,6,0,164,0.0,0.0,0.0,0.0,0.0
2019-02-05,6,0,167,0.0,0.0,0.0,0.0,0.0
2019-02-05,6,0,168,0.0,0.0,0.0,0.0,0.0
2019-02-05,6,0,169,0.0,0.0,0.0,0.0,0.0
2019-02-05,6,0,170,0.0,0.0,0.0,0.0,0.0
2019-02-05,6,0,172,0.0,0.0,0.0,0.0,0.0
2019-02-05,6,0,173,0.0,0.0,0.0,0.0,0.0
2019-02-05,6,0,188,0.0,0.0,0.0,0.0,0.0
2019-02-05,6,0,190,0.0,0.0,0.0,0.0,0.0
2019-02-05,6,0,191,0.0,0.0,0.0,0.0,0.0
2019-02-05,6,0,192,69.9,69.9,0.0,1149.072492,0.0
2019-02-05,6,0,194,134.42,134.42,0.0,1297.759948,0.0
2019-02-05,6,0,196,0.0,0.0,0.0,0.0,0.0
2019-02-05,6,0,198,0.0,0.0,0.0,0.0,0.0
2019-02-05,6,0,199,11.85,11.85,0.0,120.426635,0.0
2019-02-05,6,0,200,0.0,0.0,0.0,0.0,0.0
2019-02-05,6,0,204,313.26,313.26,0.0,2653.50831,0.0
2019-02-05,6,0,205,383.33,383.33,0.0,3275.461786,0.0
2019-02-05,6,0,206,215.14,215.14,0.0,1531.098006,0.0
2019-02-05,6,0,210,0.0,0.0,0.0,0.0,0.0
2019-02-05,6,0,214,0.0,0.0,0.0,0.0,0.0
2019-02-05,6,0,217,0.0,0.0,0.0,0.0,0.0
2019-02-05,6,0,218,0.0,0.0,0.0,0.0,0.0
2019-02-05,6,0,219,0.0,0.0,0.0,0.0,0.0
2019-02-05,6,0,221,0.0,0.0,0.0,0.0,0.0
2019-02-05,6,0,225,0.0,0.0,0.0,0.0,0.0
2019-02-05,6,0,233,0.0,0.0,0.0,0.0,0.0
2019-02-05,6,0,236,12.5,12.5,0.0,120.917618,0.0
2019-02-05,6,0,237,23.5,23.5,0.0,218.913141,0.0
2019-02-05,6,0,238,0.0,0.0,0.0,0.0,0.0
2019-02-05,6,0,240,0.0,0.0,0.0,0.0,0.0
2019-02-05,6,0,245,7.78,7.78,0.0,78.502294,0.0
2019-02-05,6,0,247,13.77,13.77,0.0,138.943006,0.0
2019-02-05,6,0,248,2.36,2.36,0.0,21.984469,0.0
2019-02-05,6,0,249,14.95,14.95,0.0,150.849523,0.0
2019-02-05,6,0,251,47.49,47.49,0.0,472.008268,0.0
2019-02-05,6,0,252,34.54,34.54,0.0,344.653352,0.0
2019-02-05,6,0,254,0.0,0.0,0.0,0.0,0.0
2019-02-05,6,0,255,0.0,0.0,0.0,0.0,0.0
2019-02-05,6,0,258,0.0,0.0,0.0,0.0,0.0
2019-02-05,6,0,260,0.0,0.0,0.0,0.0,0.0
2019-02-05,6,0,265,0.0,0.0,0.0,0.0,0.0
2019-02-05,6,0,266,38.27,38.27,0.0,307.000095,0.0
2019-02-05,6,0,267,47.03,47.03,0.0,377.272393,0.0
2019-02-05,6,0,270,211.28,211.28,0.0,-3145.777738,0.0
2019-02-05,6,0,272,243.07,243.07,0.0,1479.839478,0.0
2019-02-05,6,0,273,0.0,0.0,0.0,-0.0,0.0
2019-02-05,6,0,274,272.37,272.37,0.0,-4055.35537,0.0
2019-02-05,6,0,275,379.14,379.14,0.0,-5645.068969,0.0
2019-02-05,6,0,276,0.0,0.0,0.0,-0.0,0.0
2019-02-05,6,0,277,0.0,0.0,0.0,0.0,0.0
2019-02-05,6,0,278,0.0,0.0,0.0,0.0,0.0
2019-02-05,6,0,279,121.71,121.71,0.0,716.46888,0.0
2019-02-05,6,0,281,2.26,2.26,0.0,16.122413,0.0
2019-02-05,6,0,282,0.0,0.0,0.0,0.0,0.0
2019-02-05,7,0,9,0.0,0.0,0.0,0.0,0.0
2019-02-05,7,0,17,0.0,0.0,0.0,0.0,0.0
2019-02-05,7,0,19,37.52,37.52,0.0,445.939823,0.0
2019-02-05,7,0,20,45.5,45.5,0.0,540.785233,0.0
2019-02-05,7,0,21,0.0,0.0,0.0,0.0,0.0
2019-02-05,7,0,22,0.0,0.0,0.0,0.0,0.0
2019-02-05,7,0,23,65.25,65.25,0.0,459.561318,0.0
2019-02-05,7,0,24,115.45,115.45,0.0,813.124202,0.0
2019-02-05,7,0,29,0.0,0.0,0.0,0.0,0.0
2019-02-05,7,0,30,0.0,0.0,0.0,0.0,0.0
2019-02-05,7,0,31,11.04,11.04,0.0,77.461284,0.0
2019-02-05,7,0,32,0.0,0.0,0.0,0.0,0.0
2019-02-05,7,0,33,0.0,0.0,0.0,0.0,0.0
2019-02-05,7,0,34,0.0,0.0,0.0,0.0,0.0
2019-02-05,7,0,35,0.0,0.0,0.0,0.0,0.0
2019-02-05,7,0,36,0.0,0.0,0.0,0.0,0.0
2019-02-05,7,0,37,0.0,0.0,0.0,0.0,0.0
2019-02-05,7,0,38,0.0,0.0,0.0,0.0,0.0
2019-02-05,7,0,39,0.0,0.0,0.0,0.0,0.0
2019-02-05,7,0,40,0.0,0.0,0.0,0.0,0.0
2019-02-05,7,0,41,33.61,33.61,0.0,285.062443,0.0
2019-02-05,7,0,42,0.0,0.0,0.0,0.0,0.0
2019-02-05,7,0,43,0.0,0.0,0.0,0.0,0.0
2019-02-05,7,0,46,0.0,0.0,0.0,0.0,0.0
2019-02-05,7,0,52,11.71,11.71,0.0,82.162286,0.0
2019-02-05,7,0,53,18.6,18.6,0.0,130.505424,0.0
2019-02-05,7,0,55,63.47,63.47,0.0,447.024626,0.0
2019-02-05,7,0,56,0.0,0.0,0.0,0.0,0.0
2019-02-05,7,0,57,0.0,0.0,0.0,0.0,0.0
2019-02-05,7,0,58,0.0,0.0,0.0,0.0,0.0
2019-02-05,7,0,59,0.0,0.0,0.0,0.0,0.0
2019-02-05,7,0,63,59.64,59.64,0.0,1232.035534,0.0
2019-02-05,7,0,64,70.17,70.17,0.0,1449.562935,0.0
2019-02-05,7,0,65,4.69,4.69,0.0,55.54168,0.0
2019-02-05,7,0,67,0.0,0.0,0.0,-0.0,0.0
2019-02-05,7,0,68,4.35,4.35,0.0,-0.73665,0.0
2019-02-05,7,0,69,0.0,0.0,0.0,0.0,0.0
2019-02-05,7,0,74,8.78,8.78,0.0,93.63179,0.0
2019-02-05,7,0,77,179.82,179.82,0.0,807.494021,0.0
2019-02-05,7,0,78,135.95,135.95,0.0,610.492783,0.0
2019-02-05,7,0,79,78.67,78.67,0.0,353.273021,0.0
2019-02-05,7,0,80,127.23,127.23,0.0,571.335026,0.0
2019-02-05,7,0,81,166.34,166.34,0.0,746.961158,0.0
2019-02-05,7,0,82,117.34,117.34,0.0,526.923303,0.0
2019-02-05,7,0,83,261.64,261.64,0.0,1174.912333,0.0
2019-02-05,7,0,84,0.0,0.0,0.0,0.0,0.0
2019-02-05,7,0,86,0.0,0.0,0.0,0.0,0.0
2019-02-05,7,0,87,0.0,0.0,0.0,0.0,0.0
2019-02-05,7,0,88,166.51,166.51,0.0,747.724555,0.0
2019-02-05,7,0,89,160.07,160.07,0.0,718.805294,0.0
2019-02-05,7,0,90,214.93,214.93,0.0,965.15788,0.0
2019-02-05,7,0,91,766.69,766.69,0.0,3442.873935,0.0
2019-02-05,7,0,92,275.74,275.74,0.0,1238.229348,0.0
2019-02-05,7,0,95,6.83,6.83,0.0,121.497129,0.0
2019-02-05,7,0,96,12.92,12.92,0.0,90.29211,0.0
2019-02-05,7,0,97,79.46,79.46,0.0,555.310453,0.0
2019-02-05,7,0,99,1.7,1.7,0.0,18.129162,0.0
2019-02-05,7,0,101,0.0,0.0,0.0,0.0,0.0
2019-02-05,7,0,102,10.29,10.29,0.0,-1.742559,0.0
2019-02-05,7,0,103,8.95,8.95,0.0,-1.515636,0.0
2019-02-05,7,0,104,1.66,1.66,0.0,-0.281112,0.0
2019-02-05,7,0,106,0.0,0.0,0.0,0.0,0.0
2019-02-05,7,0,109,77.13,77.13,0.0,718.088949,0.0
2019-02-05,7,0,110,131.97,131.97,0.0,-2912.704576,0.0
2019-02-05,7,0,111,0.0,0.0,0.0,0.0,0.0
2019-02-05,7,0,113,41.64,41.64,0.0,209.267647,0.0
2019-02-05,7,0,115,41.64,41.64,0.0,209.267647,0.0
2019-02-05,7,0,116,0.0,0.0,0.0,-0.0,0.0
2019-02-05,7,0,117,1.71,1.71,0.0,8.593844,0.0
2019-02-05,7,0,119,70.17,70.17,0.0,1449.562935,0.0
2019-02-05,7,0,120,41.26,41.26,0.0,852.343832,0.0
2019-02-05,7,0,123,0.0,0.0,0.0,0.0,0.0
2019-02-05,7,0,125,104.47,104.47,0.0,735.791125,0.0
2019-02-05,7,0,126,0.0,0.0,0.0,0.0,0.0
2019-02-05,7,0,127,0.0,0.0,0.0,0.0,0.0
2019-02-05,7,0,128,149.63,149.63,0.0,1053.856859,0.0
2019-02-05,7,0,131,13.93,13.93,0.0,17.698542,0.0
2019-02-05,7,0,132,20.48,20.48,0.0,26.020542,0.0
2019-02-05,7,0,133,2.5,2.5,0.0,29.723559,0.0
2019-02-05,7,0,134,0.0,0.0,0.0,0.0,0.0
2019-02-05,7,0,135,3.35,3.35,0.0,39.829569,0.0
2019-02-05,7,0,136,7.29,7.29,0.0,86.315243,0.0
2019-02-05,7,0,139,43.41,43.41,0.0,368.180918,0.0
2019-02-05,7,0,140,97.67,97.67,0.0,-2155.670652,0.0
2019-02-05,7,0,141,163.93,163.93,0.0,-911.574268,0.0
2019-02-05,7,0,142,0.0,0.0,0.0,-0.0,0.0
2019-02-05,7,0,143,21.06,21.06,0.0,147.765819,0.0
2019-02-05,7,0,145,11.53,11.53,0.0,90.726446,0.0
2019-02-05,7,0,146,268.0,268.0,0.0,-5915.017249,0.0
2019-02-05,7,0,152,0.0,0.0,0.0,0.0,0.0
2019-02-05,7,0,153,0.0,0.0,0.0,0.0,0.0
2019-02-05,7,0,154,0.0,0.0,0.0,0.0,0.0
2019-02-05,7,0,157,183.76,183.76,0.0,-1021.844003,0.0
2019-02-05,7,0,158,0.0,0.0,0.0,-0.0,0.0
2019-02-05,7,0,159,0.0,0.0,0.0,0.0,0.0
2019-02-05,7,0,160,0.0,0.0,0.0,0.0,0.0
2019-02-05,7,0,161,0.0,0.0,0.0,-0.0,0.0
2019-02-05,7,0,162,7.79,7.79,0.0,138.829269,0.0
2019-02-05,7,0,163,70.13,70.13,0.0,-1547.836417,0.0
2019-02-05,7,0,164,0.0,0.0,0.0,0.0,0.0
2019-02-05,7,0,167,0.0,0.0,0.0,0.0,0.0
2019-02-05,7,0,168,0.0,0.0,0.0,0.0,0.0
2019-02-05,7,0,169,0.0,0.0,0.0,0.0,0.0
2019-02-05,7,0,170,0.0,0.0,0.0,0.0,0.0
2019-02-05,7,0,172,0.0,0.0,0.0,0.0,0.0
2019-02-05,7,0,173,0.0,0.0,0.0,0.0,0.0
2019-02-05,7,0,188,0.0,0.0,0.0,0.0,0.0
2019-02-05,7,0,190,0.0,0.0,0.0,0.0,0.0
2019-02-05,7,0,191,0.0,0.0,0.0,0.0,0.0
2019-02-05,7,0,192,64.5,64.5,0.0,1332.432796,0.0
2019-02-05,7,0,194,173.53,173.53,0.0,1655.13009,0.0
2019-02-05,7,0,196,0.0,0.0,0.0,0.0,0.0
2019-02-05,7,0,198,0.0,0.0,0.0,0.0,0.0
2019-02-05,7,0,199,12.45,12.45,0.0,132.837547,0.0
2019-02-05,7,0,200,0.0,0.0,0.0,0.0,0.0
2019-02-05,7,0,204,331.94,331.94,0.0,3048.067664,0.0
2019-02-05,7,0,205,408.0,408.0,0.0,3798.525752,0.0
2019-02-05,7,0,206,233.5,233.5,0.0,1631.827218,0.0
2019-02-05,7,0,210,0.0,0.0,0.0,0.0,0.0
2019-02-05,7,0,214,0.0,0.0,0.0,0.0,0.0
2019-02-05,7,0,217,0.0,0.0,0.0,0.0,0.0
2019-02-05,7,0,218,0.0,0.0,0.0,0.0,0.0
2019-02-05,7,0,219,0.0,0.0,0.0,0.0,0.0
2019-02-05,7,0,221,0.0,0.0,0.0,0.0,0.0
2019-02-05,7,0,225,0.0,0.0,0.0,0.0,0.0
2019-02-05,7,0,233,0.0,0.0,0.0,0.0,0.0
2019-02-05,7,0,236,8.85,8.85,0.0,99.964982,0.0
2019-02-05,7,0,237,21.07,21.07,0.0,224.694968,0.0
2019-02-05,7,0,238,0.0,0.0,0.0,0.0,0.0
2019-02-05,7,0,240,0.0,0.0,0.0,0.0,0.0
2019-02-05,7,0,245,5.51,5.51,0.0,66.35599,0.0
2019-02-05,7,0,247,10.59,10.59,0.0,127.533562,0.0
2019-02-05,7,0,248,2.12,2.12,0.0,22.608132,0.0
2019-02-05,7,0,249,10.59,10.59,0.0,127.533562,0.0
2019-02-05,7,0,251,29.84,29.84,0.0,351.284904,0.0
2019-02-05,7,0,252,30.26,30.26,0.0,358.356342,0.0
2019-02-05,7,0,254,0.0,0.0,0.0,0.0,0.0
2019-02-05,7,0,255,0.0,0.0,0.0,0.0,0.0
2019-02-05,7,0,258,0.0,0.0,0.0,0.0,0.0
2019-02-05,7,0,260,0.0,0.0,0.0,0.0,0.0
2019-02-05,7,0,265,0.0,0.0,0.0,0.0,0.0
2019-02-05,7,0,266,28.1,28.1,0.0,238.329505,0.0
2019-02-05,7,0,267,34.54,34.54,0.0,292.950217,0.0
2019-02-05,7,0,270,219.02,219.02,0.0,-4833.981634,0.0
2019-02-05,7,0,272,148.16,148.16,0.0,744.598812,0.0
2019-02-05,7,0,273,0.0,0.0,0.0,-0.0,0.0
2019-02-05,7,0,274,282.35,282.35,0.0,-6231.735524,0.0
2019-02-05,7,0,275,393.03,393.03,0.0,-8674.549364,0.0
2019-02-05,7,0,276,0.0,0.0,0.0,-0.0,0.0
2019-02-05,7,0,277,0.0,0.0,0.0,0.0,0.0
2019-02-05,7,0,278,0.0,0.0,0.0,0.0,0.0
2019-02-05,7,0,279,131.82,131.82,0.0,634.201989,0.0
2019-02-05,7,0,281,4.95,4.95,0.0,34.731282,0.0
2019-02-05,7,0,282,0.0,0.0,0.0,0.0,0.0
2019-02-05,8,0,9,0.0,0.0,0.0,0.0,0.0
2019-02-05,8,0,17,0.0,0.0,0.0,0.0,0.0
2019-02-05,8,0,19,71.23,71.23,0.0,769.730096,0.0
2019-02-05,8,0,20,88.65,88.65,0.0,957.975193,0.0
2019-02-05,8,0,21,0.0,0.0,0.0,0.0,0.0
2019-02-05,8,0,22,0.0,0.0,0.0,0.0,0.0
2019-02-05,8,0,23,65.8,65.8,0.0,431.968363,0.0
2019-02-05,8,0,24,116.42,116.42,0.0,764.282018,0.0
2019-02-05,8,0,29,0.0,0.0,0.0,0.0,0.0
2019-02-05,8,0,30,0.0,0.0,0.0,0.0,0.0
2019-02-05,8,0,31,2.94,2.94,0.0,19.229874,0.0
2019-02-05,8,0,32,0.0,0.0,0.0,0.0,0.0
2019-02-05,8,0,33,0.0,0.0,0.0,0.0,0.0
2019-02-05,8,0,34,0.0,0.0,0.0,0.0,0.0
2019-02-05,8,0,35,0.0,0.0,0.0,0.0,0.0
2019-02-05,8,0,36,0.0,0.0,0.0,0.0,0.0
2019-02-05,8,0,37,0.0,0.0,0.0,0.0,0.0
2019-02-05,8,0,38,0.0,0.0,0.0,0.0,0.0
2019-02-05,8,0,39,0.0,0.0,0.0,0.0,0.0
2019-02-05,8,0,40,0.0,0.0,0.0,0.0,0.0
2019-02-05,8,0,41,15.49,15.49,0.0,121.661925,0.0
2019-02-05,8,0,42,0.0,0.0,0.0,0.0,0.0
2019-02-05,8,0,43,0.0,0.0,0.0,0.0,0.0
2019-02-05,8,0,46,0.0,0.0,0.0,0.0,0.0
2019-02-05,8,0,52,3.12,3.12,0.0,20.407213,0.0
2019-02-05,8,0,53,4.95,4.95,0.0,32.376829,0.0
2019-02-05,8,0,55,52.48,52.48,0.0,344.524311,0.0
2019-02-05,8,0,56,0.0,0.0,0.0,0.0,0.0
2019-02-05,8,0,57,0.0,0.0,0.0,0.0,0.0
2019-02-05,8,0,58,0.0,0.0,0.0,0.0,0.0
2019-02-05,8,0,59,0.0,0.0,0.0,0.0,0.0
2019-02-05,8,0,63,39.84,39.84,0.0,811.506226,0.0
2019-02-05,8,0,64,46.83,46.83,0.0,953.88646,0.0
2019-02-05,8,0,65,8.13,8.13,0.0,87.562666,0.0
2019-02-05,8,0,67,0.0,0.0,0.0,-0.0,0.0
2019-02-05,8,0,68,4.89,4.89,0.0,-0.324224,0.0
2019-02-05,8,0,69,0.0,0.0,0.0,0.0,0.0
2019-02-05,8,0,74,7.67,7.67,0.0,74.978019,0.0
2019-02-05,8,0,77,138.09,138.09,0.0,587.71692,0.0
2019-02-05,8,0,78,104.27,104.27,0.0,443.77756,0.0
2019-02-05,8,0,79,60.14,60.14,0.0,255.958401,0.0
2019-02-05,8,0,80,97.55,97.55,0.0,415.176954,0.0
2019-02-05,8,0,81,127.7,127.7,0.0,543.496638,0.0
2019-02-05,8,0,82,89.93,89.93,0.0,382.74591,0.0
2019-02-05,8,0,83,201.18,201.18,0.0,856.230647,0.0
2019-02-05,8,0,84,0.0,0.0,0.0,0.0,0.0
2019-02-05,8,0,86,0.0,0.0,0.0,0.0,0.0
2019-02-05,8,0,87,0.0,0.0,0.0,0.0,0.0
2019-02-05,8,0,88,123.33,123.33,0.0,524.897732,0.0
2019-02-05,8,0,89,119.02,119.02,0.0,506.554188,0.0
2019-02-05,8,0,90,155.3,155.3,0.0,660.963413,0.0
2019-02-05,8,0,91,486.84,486.84,0.0,2072.011772,0.0
2019-02-05,8,0,92,194.81,194.81,0.0,829.119656,0.0
2019-02-05,8,0,95,7.56,7.56,0.0,133.425573,0.0
2019-02-05,8,0,96,14.02,14.02,0.0,91.348594,0.0
2019-02-05,8,0,97,86.24,86.24,0.0,561.90462,0.0
2019-02-05,8,0,99,1.48,1.48,0.0,14.467727,0.0
2019-02-05,8,0,101,0.0,0.0,0.0,0.0,0.0
2019-02-05,8,0,102,11.58,11.58,0.0,-0.767794,0.0
2019-02-05,8,0,103,10.07,10.07,0.0,-0.667676,0.0
2019-02-05,8,0,104,1.87,1.87,0.0,-0.123987,0.0
2019-02-05,8,0,106,0.0,0.0,0.0,0.0,0.0
2019-02-05,8,0,109,101.32,101.32,0.0,873.544653,0.0
2019-02-05,8,0,110,134.25,134.25,0.0,-2738.778351,0.0
2019-02-05,8,0,111,0.0,0.0,0.0,0.0,0.0
2019-02-05,8,0,113,91.6,91.6,0.0,436.589627,0.0
2019-02-05,8,0,115,91.6,91.6,0.0,436.589627,0.0
2019-02-05,8,0,116,0.0,0.0,0.0,-0.0,0.0
2019-02-05,8,0,117,4.74,4.74,0.0,22.592083,0.0
2019-02-05,8,0,119,46.83,46.83,0.0,953.88646,0.0
2019-02-05,8,0,120,27.63,27.63,0.0,562.799122,0.0
2019-02-05,8,0,123,0.0,0.0,0.0,0.0,0.0
2019-02-05,8,0,125,105.36,105.36,0.0,691.67457,0.0
2019-02-05,8,0,126,0.0,0.0,0.0,0.0,0.0
2019-02-05,8,0,127,0.0,0.0,0.0,0.0,0.0
2019-02-05,8,0,128,150.9,150.9,0.0,990.638692,0.0
2019-02-05,8,0,131,16.35,16.35,0.0,20.773235,0.0
2019-02-05,8,0,132,24.04,24.04,0.0,30.543643,0.0
2019-02-05,8,0,133,4.66,4.66,0.0,50.372967,0.0
2019-02-05,8,0,134,0.0,0.0,0.0,0.0,0.0
2019-02-05,8,0,135,6.24,6.24,0.0,67.452213,0.0
2019-02-05,8,0,136,12.95,12.95,0.0,139.450031,0.0
2019-02-05,8,0,139,20.0,20.0,0.0,157.084474,0.0
2019-02-05,8,0,140,99.36,99.36,0.0,-2027.001988,0.0
2019-02-05,8,0,141,170.89,170.89,0.0,-866.73511,0.0
2019-02-05,8,0,142,0.0,0.0,0.0,-0.0,0.0
2019-02-05,8,0,143,4.77,4.77,0.0,31.19949,0.0
2019-02-05,8,0,145,12.63,12.63,0.0,92.373303,0.0
2019-02-05,8,0,146,268.0,268.0,0.0,-5467.35641,0.0
2019-02-05,8,0,152,0.0,0.0,0.0,0.0,0.0
2019-02-05,8,0,153,0.0,0.0,0.0,0.0,0.0
2019-02-05,8,0,154,0.0,0.0,0.0,0.0,0.0
2019-02-05,8,0,157,178.23,178.23,0.0,-903.962775,0.0
2019-02-05,8,0,158,0.0,0.0,0.0,-0.0,0.0
2019-02-05,8,0,159,0.0,0.0,0.0,0.0,0.0
2019-02-05,8,0,160,0.0,0.0,0.0,0.0,0.0
2019-02-05,8,0,161,0.0,0.0,0.0,-0.0,0.0
2019-02-05,8,0,162,7.17,7.17,0.0,126.766528,0.0
2019-02-05,8,0,163,71.98,71.98,0.0,-1468.434009,0.0
2019-02-05,8,0,164,0.0,0.0,0.0,0.0,0.0
2019-02-05,8,0,167,0.0,0.0,0.0,0.0,0.0
2019-02-05,8,0,168,0.0,0.0,0.0,0.0,0.0
2019-02-05,8,0,169,0.0,0.0,0.0,0.0,0.0
2019-02-05,8,0,170,0.0,0.0,0.0,0.0,0.0
2019-02-05,8,0,172,0.0,0.0,0.0,0.0,0.0
2019-02-05,8,0,173,0.0,0.0,0.0,0.0,0.0
2019-02-05,8,0,188,0.0,0.0,0.0,0.0,0.0
2019-02-05,8,0,190,0.0,0.0,0.0,0.0,0.0
2019-02-05,8,0,191,0.0,0.0,0.0,0.0,0.0
2019-02-05,8,0,192,51.6,51.6,0.0,1051.047221,0.0
2019-02-05,8,0,194,176.5,176.5,0.0,1582.896229,0.0
2019-02-05,8,0,196,0.0,0.0,0.0,0.0,0.0
2019-02-05,8,0,198,0.0,0.0,0.0,0.0,0.0
2019-02-05,8,0,199,12.14,12.14,0.0,127.476998,0.0
2019-02-05,8,0,200,0.0,0.0,0.0,0.0,0.0
2019-02-05,8,0,204,436.88,436.88,0.0,3718.337294,0.0
2019-02-05,8,0,205,536.0,536.0,0.0,4621.199507,0.0
2019-02-05,8,0,206,253.42,253.42,0.0,1651.181223,0.0
2019-02-05,8,0,210,0.0,0.0,0.0,0.0,0.0
2019-02-05,8,0,214,0.0,0.0,0.0,0.0,0.0
2019-02-05,8,0,217,0.0,0.0,0.0,0.0,0.0
2019-02-05,8,0,218,0.0,0.0,0.0,0.0,0.0
2019-02-05,8,0,219,0.0,0.0,0.0,0.0,0.0
2019-02-05,8,0,221,0.0,0.0,0.0,0.0,0.0
2019-02-05,8,0,225,0.0,0.0,0.0,0.0,0.0
2019-02-05,8,0,233,0.0,0.0,0.0,0.0,0.0
2019-02-05,8,0,236,11.0,11.0,0.0,113.429867,0.0
2019-02-05,8,0,237,18.4,18.4,0.0,179.869041,0.0
2019-02-05,8,0,238,0.0,0.0,0.0,0.0,0.0
2019-02-05,8,0,240,0.0,0.0,0.0,0.0,0.0
2019-02-05,8,0,245,9.3,9.3,0.0,101.727595,0.0
2019-02-05,8,0,247,17.26,17.26,0.0,188.797665,0.0
2019-02-05,8,0,248,1.85,1.85,0.0,18.084659,0.0
2019-02-05,8,0,249,17.88,17.88,0.0,195.579505,0.0
2019-02-05,8,0,251,51.69,51.69,0.0,553.666905,0.0
2019-02-05,8,0,252,52.45,52.45,0.0,564.903052,0.0
2019-02-05,8,0,254,0.0,0.0,0.0,0.0,0.0
2019-02-05,8,0,255,0.0,0.0,0.0,0.0,0.0
2019-02-05,8,0,258,0.0,0.0,0.0,0.0,0.0
2019-02-05,8,0,260,0.0,0.0,0.0,0.0,0.0
2019-02-05,8,0,265,0.0,0.0,0.0,0.0,0.0
2019-02-05,8,0,266,12.95,12.95,0.0,101.712197,0.0
2019-02-05,8,0,267,15.91,15.91,0.0,124.960699,0.0
2019-02-05,8,0,270,224.8,224.8,0.0,-4586.051198,0.0
2019-02-05,8,0,272,317.14,317.14,0.0,1511.572426,0.0
2019-02-05,8,0,273,0.0,0.0,0.0,-0.0,0.0
2019-02-05,8,0,274,289.8,289.8,0.0,-5912.089133,0.0
2019-02-05,8,0,275,403.41,403.41,0.0,-8229.799438,0.0
2019-02-05,8,0,276,0.0,0.0,0.0,-0.0,0.0
2019-02-05,8,0,277,0.0,0.0,0.0,0.0,0.0
2019-02-05,8,0,278,0.0,0.0,0.0,0.0,0.0
2019-02-05,8,0,279,152.91,152.91,0.0,697.530615,0.0
2019-02-05,8,0,281,1.32,1.32,0.0,8.633821,0.0
2019-02-05,8,0,282,0.0,0.0,0.0,0.0,0.0
2019-02-05,9,0,9,0.27,0.27,0.0,1.362644,0.0
2019-02-05,9,0,17,9.24,9.24,0.0,100.799383,0.0
2019-02-05,9,0,19,99.84,99.84,0.0,1089.156966,0.0
2019-02-05,9,0,20,123.98,123.98,0.0,1352.500808,0.0
2019-02-05,9,0,21,6.19,6.19,0.0,31.239865,0.0
2019-02-05,9,0,22,21.98,21.98,0.0,110.929279,0.0
2019-02-05,9,0,23,67.68,67.68,0.0,341.569317,0.0
2019-02-05,9,0,24,119.75,119.75,0.0,604.357649,0.0
2019-02-05,9,0,29,1.7,1.7,0.0,13.518557,0.0
2019-02-05,9,0,30,44.11,44.11,0.0,221.131392,0.0
2019-02-05,9,0,31,2.39,2.39,0.0,11.981501,0.0
2019-02-05,9,0,32,0.83,0.83,0.0,16.455714,0.0
2019-02-05,9,0,33,0.46,0.46,0.0,5.577464,0.0
2019-02-05,9,0,34,0.74,0.74,0.0,8.972443,0.0
2019-02-05,9,0,35,0.74,0.74,0.0,8.972443,0.0
2019-02-05,9,0,36,1.54,1.54,0.0,13.620723,0.0
2019-02-05,9,0,37,0.74,0.74,0.0,6.504888,0.0
2019-02-05,9,0,38,0.96,0.96,0.0,8.438774,0.0
2019-02-05,9,0,39,0.64,0.64,0.0,5.625849,0.0
2019-02-05,9,0,40,0.64,0.64,0.0,5.625849,0.0
2019-02-05,9,0,41,17.62,17.62,0.0,120.566962,0.0
2019-02-05,9,0,42,10.41,10.41,0.0,110.819238,0.0
2019-02-05,9,0,43,4.75,4.75,0.0,42.453257,0.0
2019-02-05,9,0,46,4.01,4.01,0.0,33.692215,0.0
2019-02-05,9,0,52,2.54,2.54,0.0,12.733478,0.0
2019-02-05,9,0,53,4.06,4.06,0.0,20.353513,0.0
2019-02-05,9,0,55,43.51,43.51,0.0,219.587485,0.0
2019-02-05,9,0,56,13.01,13.01,0.0,65.221478,0.0
2019-02-05,9,0,57,12.38,12.38,0.0,62.063175,0.0
2019-02-05,9,0,58,23.8,23.8,0.0,119.313696,0.0
2019-02-05,9,0,59,23.41,23.41,0.0,117.358556,0.0
2019-02-05,9,0,63,24.73,24.73,0.0,602.616134,0.0
2019-02-05,9,0,64,29.1,29.1,0.0,709.103497,0.0
2019-02-05,9,0,65,12.86,12.86,0.0,139.660422,0.0
2019-02-05,9,0,67,25.41,25.41,0.0,-361.518782,0.0
2019-02-05,9,0,68,10.45,10.45,0.0,-58.391859,0.0
2019-02-05,9,0,69,0.46,0.46,0.0,5.577464,0.0
2019-02-05,9,0,74,6.81,6.81,0.0,64.711738,0.0
2019-02-05,9,0,77,59.56,59.56,0.0,108.498844,0.0
2019-02-05,9,0,78,45.03,45.03,0.0,82.029935,0.0
2019-02-05,9,0,79,26.06,26.06,0.0,47.472798,0.0
2019-02-05,9,0,80,42.14,42.14,0.0,76.7653,0.0
2019-02-05,9,0,81,55.09,55.09,0.0,100.355965,0.0
2019-02-05,9,0,82,38.86,38.86,0.0,70.790213,0.0
2019-02-05,9,0,83,86.66,86.66,0.0,157.866182,0.0
2019-02-05,9,0,84,0.0,0.0,0.0,0.0,0.0
2019-02-05,9,0,86,2.33,2.33,0.0,28.25107,0.0
2019-02-05,9,0,87,11.9,11.9,0.0,144.28658,0.0
2019-02-05,9,0,88,155.83,155.83,0.0,283.871303,0.0
2019-02-05,9,0,89,148.85,148.85,0.0,271.156026,0.0
2019-02-05,9,0,90,208.93,208.93,0.0,380.602139,0.0
2019-02-05,9,0,91,785.09,785.09,0.0,1430.177254,0.0
2019-02-05,9,0,92,276.23,276.23,0.0,503.200732,0.0
2019-02-05,9,0,95,8.42,8.42,0.0,168.449356,0.0
2019-02-05,9,0,96,15.38,15.38,0.0,76.56188,0.0
2019-02-05,9,0,97,94.6,94.6,0.0,470.920276,0.0
2019-02-05,9,0,99,1.31,1.31,0.0,12.44822,0.0
2019-02-05,9,0,101,0.89,0.89,0.0,4.461731,0.0
2019-02-05,9,0,102,24.71,24.71,0.0,-138.072998,0.0
2019-02-05,9,0,103,21.49,21.49,0.0,-120.080482,0.0
2019-02-05,9,0,104,4.01,4.01,0.0,-22.406828,0.0
2019-02-05,9,0,106,21.64,21.64,0.0,109.213357,0.0
2019-02-05,9,0,109,121.07,121.07,0.0,959.199022,0.0
2019-02-05,9,0,110,142.06,142.06,0.0,-5779.694196,0.0
2019-02-05,9,0,111,2.18,2.18,0.0,14.916911,0.0
2019-02-05,9,0,113,64.43,64.43,0.0,184.901097,0.0
2019-02-05,9,0,115,64.43,64.43,0.0,184.901097,0.0
2019-02-05,9,0,116,12.78,12.78,0.0,-519.952779,0.0
2019-02-05,9,0,117,4.38,4.38,0.0,12.569716,0.0
2019-02-05,9,0,119,29.1,29.1,0.0,709.103497,0.0
2019-02-05,9,0,120,17.11,17.11,0.0,416.933362,0.0
2019-02-05,9,0,123,0.36,0.36,0.0,1.816858,0.0
2019-02-05,9,0,125,108.36,108.36,0.0,546.874278,0.0
2019-02-05,9,0,126,16.23,16.23,0.0,81.910018,0.0
2019-02-05,9,0,127,20.83,20.83,0.0,105.125426,0.0
2019-02-05,9,0,128,155.21,155.21,0.0,783.318168,0.0
2019-02-05,9,0,131,19.28,19.28,0.0,-63.245036,0.0
2019-02-05,9,0,132,28.35,28.35,0.0,-92.997758,0.0
2019-02-05,9,0,133,7.9,7.9,0.0,86.217732,0.0
2019-02-05,9,0,134,0.0,0.0,0.0,0.0,0.0
2019-02-05,9,0,135,10.58,10.58,0.0,115.466278,0.0
2019-02-05,9,0,136,20.9,20.9,0.0,226.91916,0.0
2019-02-05,9,0,139,22.75,22.75,0.0,155.669602,0.0
2019-02-05,9,0,140,105.14,105.14,0.0,-4277.608389,0.0
2019-02-05,9,0,141,180.25,180.25,0.0,-2564.492737,0.0
2019-02-05,9,0,142,33.51,33.51,0.0,-476.760897,0.0
2019-02-05,9,0,143,4.37,4.37,0.0,21.907599,0.0
2019-02-05,9,0,145,13.94,13.94,0.0,84.949661,0.0
2019-02-05,9,0,146,268.0,268.0,0.0,-10903.548109,0.0
2019-02-05,9,0,152,1.14,1.14,0.0,10.838041,0.0
2019-02-05,9,0,153,1.42,1.42,0.0,13.409738,0.0
2019-02-05,9,0,154,8.98,8.98,0.0,61.446727,0.0
2019-02-05,9,0,157,172.64,172.64,0.0,-2456.222059,0.0
2019-02-05,9,0,158,10.49,10.49,0.0,-149.245652,0.0
2019-02-05,9,0,159,0.0,0.0,0.0,0.0,0.0
2019-02-05,9,0,160,0.38,0.38,0.0,3.602464,0.0
2019-02-05,9,0,161,5.78,5.78,0.0,-32.297124,0.0
2019-02-05,9,0,162,6.68,6.68,0.0,133.963928,0.0
2019-02-05,9,0,163,74.87,74.87,0.0,-3046.077041,0.0
2019-02-05,9,0,164,1.4,1.4,0.0,7.018453,0.0
2019-02-05,9,0,167,0.96,0.96,0.0,19.082771,0.0
2019-02-05,9,0,168,0.48,0.48,0.0,9.541385,0.0
2019-02-05,9,0,169,0.0,0.0,0.0,0.0,0.0
2019-02-05,9,0,170,1.05,1.05,0.0,20.87178,0.0
2019-02-05,9,0,172,1.29,1.29,0.0,23.932858,0.0
2019-02-05,9,0,173,1.96,1.96,0.0,36.363102,0.0
2019-02-05,9,0,188,1.68,1.68,0.0,31.969377,0.0
2019-02-05,9,0,190,1.16,1.16,0.0,28.266669,0.0
2019-02-05,9,0,191,2.99,2.99,0.0,72.859775,0.0
2019-02-05,9,0,192,41.56,41.56,0.0,1012.726507,0.0
2019-02-05,9,0,194,130.37,130.37,0.0,1340.037801,0.0
2019-02-05,9,0,196,0.74,0.74,0.0,24.730417,0.0
2019-02-05,9,0,198,1.76,1.76,0.0,17.813322,0.0
2019-02-05,9,0,199,11.96,11.96,0.0,135.804731,0.0
2019-02-05,9,0,200,3.12,3.12,0.0,35.427321,0.0
2019-02-05,9,0,204,315.87,315.87,0.0,2454.459032,0.0
2019-02-05,9,0,205,681.89,681.89,0.0,5402.397134,0.0
2019-02-05,9,0,206,277.98,277.98,0.0,1383.788778,0.0
2019-02-05,9,0,210,0.51,0.51,0.0,4.248872,0.0
2019-02-05,9,0,214,2.73,2.73,0.0,35.067259,0.0
2019-02-05,9,0,217,1.9,1.9,0.0,20.674629,0.0
2019-02-05,9,0,218,2.62,2.62,0.0,28.509225,0.0
2019-02-05,9,0,219,1.79,1.79,0.0,19.477677,0.0
2019-02-05,9,0,221,1.46,1.46,0.0,18.753919,0.0
2019-02-05,9,0,225,1.52,1.52,0.0,12.031543,0.0
2019-02-05,9,0,233,1.32,1.32,0.0,16.004898,0.0
2019-02-05,9,0,236,13.98,13.98,0.0,143.099008,0.0
2019-02-05,9,0,237,16.33,16.33,0.0,155.175136,0.0
2019-02-05,9,0,238,13.55,13.55,0.0,144.245982,0.0
2019-02-05,9,0,240,1.75,1.75,0.0,15.478094,0.0
2019-02-05,9,0,245,14.52,14.52,0.0,161.013226,0.0
2019-02-05,9,0,247,26.33,26.33,0.0,291.975085,0.0
2019-02-05,9,0,248,1.64,1.64,0.0,15.584031,0.0
2019-02-05,9,0,249,27.92,27.92,0.0,309.606699,0.0
2019-02-05,9,0,251,82.44,82.44,0.0,888.676767,0.0
2019-02-05,9,0,252,82.98,82.98,0.0,901.168102,0.0
2019-02-05,9,0,254,2.71,2.71,0.0,24.589716,0.0
2019-02-05,9,0,255,1.24,1.24,0.0,11.251383,0.0
2019-02-05,9,0,258,2.15,2.15,0.0,19.048204,0.0
2019-02-05,9,0,260,0.93,0.93,0.0,8.816557,0.0
2019-02-05,9,0,265,9.29,9.29,0.0,63.567939,0.0
2019-02-05,9,0,266,14.73,14.73,0.0,100.791791,0.0
2019-02-05,9,0,267,18.11,18.11,0.0,123.919846,0.0
2019-02-05,9,0,270,233.8,233.8,0.0,-9512.125179,0.0
2019-02-05,9,0,272,215.0,215.0,0.0,617.00661,0.0
2019-02-05,9,0,273,3.06,3.06,0.0,-124.495736,0.0
2019-02-05,9,0,274,301.4,301.4,0.0,-12262.423135,0.0
2019-02-05,9,0,275,419.55,419.55,0.0,-17069.341826,0.0
2019-02-05,9,0,276,0.7,0.7,0.0,-24.344242,0.0
2019-02-05,9,0,277,0.91,0.91,0.0,2.229125,0.0
2019-02-05,9,0,278,1.45,1.45,0.0,3.551902,0.0
2019-02-05,9,0,279,178.92,178.92,0.0,438.280264,0.0
2019-02-05,9,0,281,1.07,1.07,0.0,5.364103,0.0
2019-02-05,9,0,282,24.2,24.2,0.0,121.318968,0.0
2019-02-05,10,0,9,1.15,1.15,0.0,8.982609,0.0
2019-02-05,10,0,17,25.43,25.43,0.0,233.237059,0.0
2019-02-05,10,0,19,120.06,120.06,0.0,1101.15774,0.0
2019-02-05,10,0,20,148.76,148.76,0.0,1364.386352,0.0
2019-02-05,10,0,21,26.27,26.27,0.0,205.194023,0.0
2019-02-05,10,0,22,93.36,93.36,0.0,729.231596,0.0
2019-02-05,10,0,23,70.61,70.61,0.0,551.532166,0.0
2019-02-05,10,0,24,124.94,124.94,0.0,975.901838,0.0
2019-02-05,10,0,29,4.34,4.34,0.0,40.53005,0.0
2019-02-05,10,0,30,203.01,203.01,0.0,1583.997606,0.0
2019-02-05,10,0,31,2.97,2.97,0.0,23.173602,0.0
2019-02-05,10,0,32,2.56,2.56,0.0,38.731342,0.0
2019-02-05,10,0,33,1.29,1.29,0.0,12.155636,0.0
2019-02-05,10,0,34,2.07,2.07,0.0,19.505556,0.0
2019-02-05,10,0,35,2.07,2.07,0.0,19.505556,0.0
2019-02-05,10,0,36,4.75,4.75,0.0,41.688909,0.0
2019-02-05,10,0,37,2.27,2.27,0.0,19.908997,0.0
2019-02-05,10,0,38,2.92,2.92,0.0,25.609812,0.0
2019-02-05,10,0,39,1.95,1.95,0.0,17.102443,0.0
2019-02-05,10,0,40,1.95,1.95,0.0,17.102443,0.0
2019-02-05,10,0,41,20.1,20.1,0.0,165.854721,0.0
2019-02-05,10,0,42,30.38,30.38,0.0,276.982585,0.0
2019-02-05,10,0,43,14.59,14.59,0.0,128.836798,0.0
2019-02-05,10,0,46,12.8,12.8,0.0,111.096491,0.0
2019-02-05,10,0,52,3.15,3.15,0.0,24.578062,0.0
2019-02-05,10,0,53,5.02,5.02,0.0,39.168849,0.0
2019-02-05,10,0,55,36.02,36.02,0.0,281.350922,0.0
2019-02-05,10,0,56,59.88,59.88,0.0,467.217264,0.0
2019-02-05,10,0,57,56.96,56.96,0.0,444.43379,0.0
2019-02-05,10,0,58,109.54,109.54,0.0,854.692369,0.0
2019-02-05,10,0,59,107.71,107.71,0.0,840.413685,0.0
2019-02-05,10,0,63,28.89,28.89,0.0,438.326036,0.0
2019-02-05,10,0,64,33.99,33.99,0.0,515.704464,0.0
2019-02-05,10,0,65,19.25,19.25,0.0,176.361027,0.0
2019-02-05,10,0,67,118.16,118.16,0.0,1080.001394,0.0
2019-02-05,10,0,68,21.4,21.4,0.0,170.016913,0.0
2019-02-05,10,0,69,1.29,1.29,0.0,12.155636,0.0
2019-02-05,10,0,74,10.02,10.02,0.0,88.941985,0.0
2019-02-05,10,0,77,60.0,60.0,0.0,420.217906,0.0
2019-02-05,10,0,78,45.36,45.36,0.0,317.684737,0.0
2019-02-05,10,0,79,26.25,26.25,0.0,183.845334,0.0
2019-02-05,10,0,80,42.45,42.45,0.0,297.304168,0.0
2019-02-05,10,0,81,55.5,55.5,0.0,388.701563,0.0
2019-02-05,10,0,82,39.15,39.15,0.0,274.192183,0.0
2019-02-05,10,0,83,87.3,87.3,0.0,611.417053,0.0
2019-02-05,10,0,84,0.0,0.0,0.0,0.0,0.0
2019-02-05,10,0,86,6.54,6.54,0.0,61.62625,0.0
2019-02-05,10,0,87,33.41,33.41,0.0,314.821561,0.0
2019-02-05,10,0,88,103.48,103.48,0.0,724.735814,0.0
2019-02-05,10,0,89,99.0,99.0,0.0,693.359544,0.0
2019-02-05,10,0,90,137.47,137.47,0.0,962.789258,0.0
2019-02-05,10,0,91,509.29,509.29,0.0,3566.879619,0.0
2019-02-05,10,0,92,180.45,180.45,0.0,1263.805351,0.0
2019-02-05,10,0,95,23.37,23.37,0.0,352.517057,0.0
2019-02-05,10,0,96,16.97,16.97,0.0,132.260379,0.0
2019-02-05,10,0,97,104.34,104.34,0.0,813.20259,0.0
2019-02-05,10,0,99,2.06,2.06,0.0,18.285478,0.0
2019-02-05,10,0,101,4.09,4.09,0.0,31.912468,0.0
2019-02-05,10,0,102,50.66,50.66,0.0,402.47929,0.0
2019-02-05,10,0,103,44.05,44.05,0.0,349.964721,0.0
2019-02-05,10,0,104,8.18,8.18,0.0,64.987773,0.0
2019-02-05,10,0,106,91.91,91.91,0.0,717.905699,0.0
2019-02-05,10,0,109,140.46,140.46,0.0,1198.912371,0.0
2019-02-05,10,0,110,155.08,155.08,0.0,1985.178158,0.0
2019-02-05,10,0,111,7.82,7.82,0.0,64.526563,0.0
2019-02-05,10,0,113,135.45,135.45,0.0,891.572183,0.0
2019-02-05,10,0,115,135.45,135.45,0.0,891.572183,0.0
2019-02-05,10,0,116,47.47,47.47,0.0,607.663188,0.0
2019-02-05,10,0,117,9.03,9.03,0.0,59.438146,0.0
2019-02-05,10,0,119,33.99,33.99,0.0,515.704464,0.0
2019-02-05,10,0,120,19.99,19.99,0.0,303.293093,0.0
2019-02-05,10,0,123,1.53,1.53,0.0,11.950775,0.0
2019-02-05,10,0,125,113.06,113.06,0.0,883.107586,0.0
2019-02-05,10,0,126,68.93,68.93,0.0,538.409746,0.0
2019-02-05,10,0,127,88.46,88.46,0.0,690.957873,0.0
2019-02-05,10,0,128,161.93,161.93,0.0,1264.829396,0.0
2019-02-05,10,0,131,30.73,30.73,0.0,234.330047,0.0
2019-02-05,10,0,132,49.58,49.58,0.0,378.06976,0.0
2019-02-05,10,0,133,12.48,12.48,0.0,114.475069,0.0
2019-02-05,10,0,134,0.0,0.0,0.0,0.0,0.0
2019-02-05,10,0,135,16.73,16.73,0.0,153.458966,0.0
2019-02-05,10,0,136,31.78,31.78,0.0,291.138373,0.0
2019-02-05,10,0,139,25.96,25.96,0.0,214.208386,0.0
2019-02-05,10,0,140,114.77,114.77,0.0,1469.170088,0.0
2019-02-05,10,0,141,190.14,190.14,0.0,1737.910165,0.0
2019-02-05,10,0,142,155.82,155.82,0.0,1424.219848,0.0
2019-02-05,10,0,143,0.0,0.0,0.0,0.0,0.0
2019-02-05,10,0,145,29.11,29.11,0.0,235.054795,0.0
2019-02-05,10,0,146,268.0,268.0,0.0,3430.666407,0.0
2019-02-05,10,0,152,3.49,3.49,0.0,31.008244,0.0
2019-02-05,10,0,153,4.37,4.37,0.0,38.770346,0.0
2019-02-05,10,0,154,32.26,32.26,0.0,266.192701,0.0
2019-02-05,10,0,157,167.05,167.05,0.0,1526.863854,0.0
2019-02-05,10,0,158,94.68,94.68,0.0,865.39042,0.0
2019-02-05,10,0,159,0.0,0.0,0.0,0.0,0.0
2019-02-05,10,0,160,1.16,1.16,0.0,10.464215,0.0
2019-02-05,10,0,161,24.73,24.73,0.0,196.472816,0.0
2019-02-05,10,0,162,11.91,11.91,0.0,179.702767,0.0
2019-02-05,10,0,163,44.43,44.43,0.0,568.748166,0.0
2019-02-05,10,0,164,5.8,5.8,0.0,45.254845,0.0
2019-02-05,10,0,167,2.93,2.93,0.0,44.203474,0.0
2019-02-05,10,0,168,1.47,1.47,0.0,22.177169,0.0
2019-02-05,10,0,169,0.0,0.0,0.0,0.0,0.0
2019-02-05,10,0,170,3.21,3.21,0.0,48.427696,0.0
2019-02-05,10,0,172,3.87,3.87,0.0,56.197312,0.0
2019-02-05,10,0,173,5.89,5.89,0.0,85.530276,0.0
2019-02-05,10,0,188,5.22,5.22,0.0,77.549683,0.0
2019-02-05,10,0,190,4.47,4.47,0.0,67.819916,0.0
2019-02-05,10,0,191,11.55,11.55,0.0,175.239381,0.0
2019-02-05,10,0,192,33.31,33.31,0.0,505.387341,0.0
2019-02-05,10,0,194,52.95,52.95,0.0,280.600525,0.0
2019-02-05,10,0,196,2.83,2.83,0.0,40.407491,0.0
2019-02-05,10,0,198,5.11,5.11,0.0,47.658808,0.0
2019-02-05,10,0,199,11.95,11.95,0.0,104.856893,0.0
2019-02-05,10,0,200,9.35,9.35,0.0,82.042841,0.0
2019-02-05,10,0,204,213.5,213.5,0.0,1815.012315,0.0
2019-02-05,10,0,205,829.53,829.53,0.0,7080.548047,0.0
2019-02-05,10,0,206,306.61,306.61,0.0,2389.649667,0.0
2019-02-05,10,0,210,1.32,1.32,0.0,12.405633,0.0
2019-02-05,10,0,214,7.29,7.29,0.0,69.777178,0.0
2019-02-05,10,0,217,4.96,4.96,0.0,47.110399,0.0
2019-02-05,10,0,218,6.85,6.85,0.0,65.061741,0.0
2019-02-05,10,0,219,4.67,4.67,0.0,44.35596,0.0
2019-02-05,10,0,221,3.89,3.89,0.0,37.233638,0.0
2019-02-05,10,0,225,3.86,3.86,0.0,36.02529,0.0
2019-02-05,10,0,233,3.7,3.7,0.0,34.865004,0.0
2019-02-05,10,0,236,17.68,17.68,0.0,159.709986,0.0
2019-02-05,10,0,237,23.41,23.41,0.0,207.797593,0.0
2019-02-05,10,0,238,39.54,39.54,0.0,360.496755,0.0
2019-02-05,10,0,240,5.39,5.39,0.0,47.305942,0.0
2019-02-05,10,0,245,21.49,21.49,0.0,197.89993,0.0
2019-02-05,10,0,247,38.1,38.1,0.0,350.860276,0.0
2019-02-05,10,0,248,2.56,2.56,0.0,22.723701,0.0
2019-02-05,10,0,249,41.33,41.33,0.0,380.605124,0.0
2019-02-05,10,0,251,123.25,123.25,0.0,1127.121457,0.0
2019-02-05,10,0,252,124.19,124.19,0.0,1137.780571,0.0
2019-02-05,10,0,254,7.97,7.97,0.0,70.759746,0.0
2019-02-05,10,0,255,3.65,3.65,0.0,32.405655,0.0
2019-02-05,10,0,258,6.64,6.64,0.0,58.334482,0.0
2019-02-05,10,0,260,2.81,2.81,0.0,25.348659,0.0
2019-02-05,10,0,265,33.4,33.4,0.0,275.599387,0.0
2019-02-05,10,0,266,16.81,16.81,0.0,138.707356,0.0
2019-02-05,10,0,267,20.66,20.66,0.0,170.475549,0.0
2019-02-05,10,0,270,138.68,138.68,0.0,1775.241856,0.0
2019-02-05,10,0,272,452.67,452.67,0.0,2979.608564,0.0
2019-02-05,10,0,273,11.35,11.35,0.0,145.291283,0.0
2019-02-05,10,0,274,178.76,178.76,0.0,2288.305697,0.0
2019-02-05,10,0,275,248.82,248.82,0.0,3185.143341,0.0
2019-02-05,10,0,276,2.74,2.74,0.0,32.835084,0.0
2019-02-05,10,0,277,3.48,3.48,0.0,23.494236,0.0
2019-02-05,10,0,278,5.57,5.57,0.0,37.604279,0.0
2019-02-05,10,0,279,209.69,209.69,0.0,1415.662723,0.0
2019-02-05,10,0,281,1.32,1.32,0.0,10.299379,0.0
2019-02-05,10,0,282,111.36,111.36,0.0,868.893027,0.0
2019-02-05,11,0,9,1.86,1.86,0.0,-2.44321,0.0
2019-02-05,11,0,17,40.22,40.22,0.0,350.154599,0.0
2019-02-05,11,0,19,102.58,102.58,0.0,893.059642,0.0
2019-02-05,11,0,20,124.41,124.41,0.0,1083.111231,0.0
2019-02-05,11,0,21,42.48,42.48,0.0,-55.799754,0.0
2019-02-05,11,0,22,150.99,150.99,0.0,-198.333449,0.0
2019-02-05,11,0,23,46.75,46.75,0.0,-61.408628,0.0
2019-02-05,11,0,24,82.67,82.67,0.0,-108.591471,0.0
2019-02-05,11,0,29,6.65,6.65,0.0,38.600481,0.0
2019-02-05,11,0,30,332.75,332.75,0.0,-456.719803,0.0
2019-02-05,11,0,31,8.37,8.37,0.0,-11.488339,0.0
2019-02-05,11,0,32,4.11,4.11,0.0,91.35976,0.0
2019-02-05,11,0,33,2.07,2.07,0.0,22.161392,0.0
2019-02-05,11,0,34,3.31,3.31,0.0,35.436815,0.0
2019-02-05,11,0,35,3.31,3.31,0.0,35.436815,0.0
2019-02-05,11,0,36,7.58,7.58,0.0,40.853524,0.0
2019-02-05,11,0,37,3.68,3.68,0.0,19.552737,0.0
2019-02-05,11,0,38,4.73,4.73,0.0,25.131643,0.0
2019-02-05,11,0,39,3.15,3.15,0.0,16.736718,0.0
2019-02-05,11,0,40,3.15,3.15,0.0,16.736718,0.0
2019-02-05,11,0,41,29.03,29.03,0.0,52.703038,0.0
2019-02-05,11,0,42,48.65,48.65,0.0,402.454754,0.0
2019-02-05,11,0,43,23.56,23.56,0.0,132.641135,0.0
2019-02-05,11,0,46,20.65,20.65,0.0,95.963935,0.0
2019-02-05,11,0,52,8.89,8.89,0.0,-12.202071,0.0
2019-02-05,11,0,53,14.48,14.48,0.0,-19.874689,0.0
2019-02-05,11,0,55,136.1,136.1,0.0,-178.774637,0.0
2019-02-05,11,0,56,98.15,98.15,0.0,-134.716901,0.0
2019-02-05,11,0,57,93.36,93.36,0.0,-128.142332,0.0
2019-02-05,11,0,58,179.54,179.54,0.0,-246.429672,0.0
2019-02-05,11,0,59,176.55,176.55,0.0,-242.325714,0.0
2019-02-05,11,0,63,35.86,35.86,0.0,1068.927021,0.0
2019-02-05,11,0,64,42.19,42.19,0.0,1257.613804,0.0
2019-02-05,11,0,65,35.32,35.32,0.0,304.650842,0.0
2019-02-05,11,0,67,193.63,193.63,0.0,-6489.854823,0.0
2019-02-05,11,0,68,24.24,24.24,0.0,-466.377275,0.0
2019-02-05,11,0,69,2.07,2.07,0.0,22.161392,0.0
2019-02-05,11,0,74,20.03,20.03,0.0,127.804432,0.0
2019-02-05,11,0,77,60.0,60.0,0.0,-418.437577,0.0
2019-02-05,11,0,78,45.36,45.36,0.0,-316.338808,0.0
2019-02-05,11,0,79,26.25,26.25,0.0,-183.06644,0.0
2019-02-05,11,0,80,42.45,42.45,0.0,-296.044586,0.0
2019-02-05,11,0,81,55.5,55.5,0.0,-387.054759,0.0
2019-02-05,11,0,82,39.15,39.15,0.0,-273.030519,0.0
2019-02-05,11,0,83,87.3,87.3,0.0,-608.826674,0.0
2019-02-05,11,0,84,0.0,0.0,0.0,0.0,0.0
2019-02-05,11,0,86,10.47,10.47,0.0,112.091678,0.0
2019-02-05,11,0,87,53.44,53.44,0.0,572.127914,0.0
2019-02-05,11,0,88,51.18,51.18,0.0,-356.927253,0.0
2019-02-05,11,0,89,49.2,49.2,0.0,-343.118813,0.0
2019-02-05,11,0,90,66.06,66.06,0.0,-460.699772,0.0
2019-02-05,11,0,91,235.65,235.65,0.0,-1643.413583,0.0
2019-02-05,11,0,92,84.75,84.75,0.0,-591.043077,0.0
2019-02-05,11,0,95,34.1,34.1,0.0,767.861085,0.0
2019-02-05,11,0,96,29.9,29.9,0.0,-42.883489,0.0
2019-02-05,11,0,97,219.78,219.78,0.0,-315.215158,0.0
2019-02-05,11,0,99,4.3,4.3,0.0,27.436798,0.0
2019-02-05,11,0,101,6.7,6.7,0.0,-9.196161,0.0
2019-02-05,11,0,102,57.4,57.4,0.0,-1104.37523,0.0
2019-02-05,11,0,103,49.91,49.91,0.0,-960.267731,0.0
2019-02-05,11,0,104,9.27,9.27,0.0,-178.354676,0.0
2019-02-05,11,0,106,148.64,148.64,0.0,-195.246598,0.0
2019-02-05,11,0,109,83.48,83.48,0.0,312.699184,0.0
2019-02-05,11,0,110,140.49,140.49,0.0,-10851.008747,0.0
2019-02-05,11,0,111,12.41,12.41,0.0,22.529959,0.0
2019-02-05,11,0,113,84.2,84.2,0.0,-447.517129,0.0
2019-02-05,11,0,115,84.2,84.2,0.0,-447.517129,0.0
2019-02-05,11,0,116,75.38,75.38,0.0,-5822.115733,0.0
2019-02-05,11,0,117,5.66,5.66,0.0,-30.082505,0.0
2019-02-05,11,0,119,42.19,42.19,0.0,1257.613804,0.0
2019-02-05,11,0,120,24.81,24.81,0.0,739.54488,0.0
2019-02-05,11,0,123,2.48,2.48,0.0,-3.257613,0.0
2019-02-05,11,0,125,74.82,74.82,0.0,-98.280076,0.0
2019-02-05,11,0,126,111.48,111.48,0.0,-146.434949,0.0
2019-02-05,11,0,127,143.06,143.06,0.0,-187.91697,0.0
2019-02-05,11,0,128,107.14,107.14,0.0,-140.734126,0.0
2019-02-05,11,0,131,26.86,26.86,0.0,-414.37174,0.0
2019-02-05,11,0,132,39.49,39.49,0.0,-609.215935,0.0
2019-02-05,11,0,133,22.32,22.32,0.0,194.486873,0.0
2019-02-05,11,0,134,0.0,0.0,0.0,0.0,0.0
2019-02-05,11,0,135,29.91,29.91,0.0,260.622866,0.0
2019-02-05,11,0,136,45.9,45.9,0.0,395.705158,0.0
2019-02-05,11,0,139,37.49,37.49,0.0,68.061898,0.0
2019-02-05,11,0,140,103.97,103.97,0.0,-8030.318026,0.0
2019-02-05,11,0,141,227.68,227.68,0.0,-7631.101307,0.0
2019-02-05,11,0,142,255.35,255.35,0.0,-8558.510712,0.0
2019-02-05,11,0,143,7.91,7.91,0.0,-10.856961,0.0
2019-02-05,11,0,145,89.45,89.45,0.0,47.259276,0.0
2019-02-05,11,0,146,268.0,268.0,0.0,-20699.48284,0.0
2019-02-05,11,0,152,5.74,5.74,0.0,36.776746,0.0
2019-02-05,11,0,153,7.24,7.24,0.0,45.633664,0.0
2019-02-05,11,0,154,51.2,51.2,0.0,92.951966,0.0
2019-02-05,11,0,157,224.03,224.03,0.0,-7508.765047,0.0
2019-02-05,11,0,158,164.91,164.91,0.0,-5527.252796,0.0
2019-02-05,11,0,159,0.0,0.0,0.0,0.0,0.0
2019-02-05,11,0,160,1.87,1.87,0.0,12.566233,0.0
2019-02-05,11,0,161,39.66,39.66,0.0,-763.057868,0.0
2019-02-05,11,0,162,35.98,35.98,0.0,813.144911,0.0
2019-02-05,11,0,163,78.23,78.23,0.0,-6042.24083,0.0
2019-02-05,11,0,164,9.8,9.8,0.0,-13.451102,0.0
2019-02-05,11,0,167,4.59,4.59,0.0,102.3806,0.0
2019-02-05,11,0,168,2.29,2.29,0.0,51.078774,0.0
2019-02-05,11,0,169,0.0,0.0,0.0,0.0,0.0
2019-02-05,11,0,170,5.02,5.02,0.0,111.971811,0.0
2019-02-05,11,0,172,6.08,6.08,0.0,121.034534,0.0
2019-02-05,11,0,173,9.26,9.26,0.0,184.338781,0.0
2019-02-05,11,0,188,8.31,8.31,0.0,173.476643,0.0
2019-02-05,11,0,190,7.04,7.04,0.0,209.850703,0.0
2019-02-05,11,0,191,18.19,18.19,0.0,542.213678,0.0
2019-02-05,11,0,192,21.36,21.36,0.0,636.706112,0.0
2019-02-05,11,0,194,52.95,52.95,0.0,363.23755,0.0
2019-02-05,11,0,196,4.5,4.5,0.0,201.53528,0.0
2019-02-05,11,0,198,8.3,8.3,0.0,68.153947,0.0
2019-02-05,11,0,199,27.47,27.47,0.0,292.876671,0.0
2019-02-05,11,0,200,15.02,15.02,0.0,160.138609,0.0
2019-02-05,11,0,204,257.1,257.1,0.0,896.772877,0.0
2019-02-05,11,0,205,545.8,545.8,0.0,2044.456334,0.0
2019-02-05,11,0,206,840.07,840.07,0.0,-1204.853935,0.0
2019-02-05,11,0,210,1.99,1.99,0.0,12.697259,0.0
2019-02-05,11,0,214,11.54,11.54,0.0,137.213474,0.0
2019-02-05,11,0,217,7.8,7.8,0.0,74.084902,0.0
2019-02-05,11,0,218,10.76,10.76,0.0,102.199172,0.0
2019-02-05,11,0,219,7.33,7.33,0.0,69.620812,0.0
2019-02-05,11,0,221,6.16,6.16,0.0,73.243934,0.0
2019-02-05,11,0,225,5.99,5.99,0.0,34.436285,0.0
2019-02-05,11,0,233,5.92,5.92,0.0,63.37944,0.0
2019-02-05,11,0,236,39.0,39.0,0.0,296.427735,0.0
2019-02-05,11,0,237,44.67,44.67,0.0,285.023664,0.0
2019-02-05,11,0,238,63.32,63.32,0.0,523.811614,0.0
2019-02-05,11,0,240,8.59,8.59,0.0,46.297068,0.0
2019-02-05,11,0,245,49.02,49.02,0.0,441.284294,0.0
2019-02-05,11,0,247,88.55,88.55,0.0,797.138396,0.0
2019-02-05,11,0,248,5.32,5.32,0.0,33.945061,0.0
2019-02-05,11,0,249,94.27,94.27,0.0,848.630566,0.0
2019-02-05,11,0,251,276.21,276.21,0.0,2345.913906,0.0
2019-02-05,11,0,252,227.83,227.83,0.0,1965.13594,0.0
2019-02-05,11,0,254,13.19,13.19,0.0,77.86643,0.0
2019-02-05,11,0,255,6.04,6.04,0.0,35.656803,0.0
2019-02-05,11,0,258,10.54,10.54,0.0,57.215911,0.0
2019-02-05,11,0,260,4.54,4.54,0.0,30.508394,0.0
2019-02-05,11,0,265,53.01,53.01,0.0,96.237963,0.0
2019-02-05,11,0,266,24.28,24.28,0.0,44.079565,0.0
2019-02-05,11,0,267,29.83,29.83,0.0,54.155413,0.0
2019-02-05,11,0,270,264.65,264.65,0.0,-20440.739304,0.0
2019-02-05,11,0,272,281.17,281.17,0.0,-1494.398945,0.0
2019-02-05,11,0,273,18.02,18.02,0.0,-1391.80851,0.0
2019-02-05,11,0,274,345.61,345.61,0.0,-26693.836807,0.0
2019-02-05,11,0,275,487.63,487.63,0.0,-37663.017974,0.0
2019-02-05,11,0,276,4.36,4.36,0.0,-294.191447,0.0
2019-02-05,11,0,277,5.56,5.56,0.0,-33.249144,0.0
2019-02-05,11,0,278,8.89,8.89,0.0,-53.16275,0.0
2019-02-05,11,0,279,237.45,237.45,0.0,-1419.9657,0.0
2019-02-05,11,0,281,3.65,3.65,0.0,-5.009849,0.0
2019-02-05,11,0,282,182.53,182.53,0.0,-250.533631,0.0
2019-02-05,12,0,9,2.56,2.56,0.0,-62.121525,0.0
2019-02-05,12,0,17,51.59,51.59,0.0,323.180573,0.0
2019-02-05,12,0,19,153.47,153.47,0.0,961.397995,0.0
2019-02-05,12,0,20,186.13,186.13,0.0,1165.993411,0.0
2019-02-05,12,0,21,58.57,58.57,0.0,-1421.272545,0.0
2019-02-05,12,0,22,208.14,208.14,0.0,-5050.771173,0.0
2019-02-05,12,0,23,42.19,42.19,0.0,-1023.791851,0.0
2019-02-05,12,0,24,70.63,70.63,0.0,-1713.923167,0.0
2019-02-05,12,0,29,8.45,8.45,0.0,43.866684,0.0
2019-02-05,12,0,30,459.77,459.77,0.0,-11242.034535,0.0
2019-02-05,12,0,31,18.97,18.97,0.0,-463.84365,0.0
2019-02-05,12,0,32,5.44,5.44,0.0,249.064058,0.0
2019-02-05,12,0,33,2.79,2.79,0.0,33.693432,0.0
2019-02-05,12,0,34,4.46,4.46,0.0,53.861186,0.0
2019-02-05,12,0,35,4.46,4.46,0.0,53.861186,0.0
2019-02-05,12,0,36,10.5,10.5,0.0,-32.292398,0.0
2019-02-05,12,0,37,5.06,5.06,0.0,-16.442316,0.0
2019-02-05,12,0,38,6.5,6.5,0.0,-21.121552,0.0
2019-02-05,12,0,39,4.34,4.34,0.0,-14.102698,0.0
2019-02-05,12,0,40,4.34,4.34,0.0,-14.102698,0.0
2019-02-05,12,0,41,34.8,34.8,0.0,-505.168335,0.0
2019-02-05,12,0,42,63.76,63.76,0.0,319.089781,0.0
2019-02-05,12,0,43,32.95,32.95,0.0,-67.521407,0.0
2019-02-05,12,0,46,27.77,27.77,0.0,-146.834409,0.0
2019-02-05,12,0,52,20.11,20.11,0.0,-491.718282,0.0
2019-02-05,12,0,53,31.95,31.95,0.0,-781.223228,0.0
2019-02-05,12,0,55,274.9,274.9,0.0,-6670.784065,0.0
2019-02-05,12,0,56,135.62,135.62,0.0,-3316.103103,0.0
2019-02-05,12,0,57,129.0,129.0,0.0,-3154.234628,0.0
2019-02-05,12,0,58,248.08,248.08,0.0,-6065.911059,0.0
2019-02-05,12,0,59,243.94,243.94,0.0,-5964.682134,0.0
2019-02-05,12,0,63,45.89,45.89,0.0,5330.279255,0.0
2019-02-05,12,0,64,53.99,53.99,0.0,6271.121747,0.0
2019-02-05,12,0,65,41.4,41.4,0.0,249.657301,0.0
2019-02-05,12,0,67,267.52,267.52,0.0,-147446.420243,0.0
2019-02-05,12,0,68,27.68,27.68,0.0,-11199.100206,0.0
2019-02-05,12,0,69,2.79,2.79,0.0,33.693432,0.0
2019-02-05,12,0,74,70.44,70.44,0.0,-37.825314,0.0
2019-02-05,12,0,77,60.0,60.0,0.0,-16882.36254,0.0
2019-02-05,12,0,78,45.36,45.36,0.0,-12763.06608,0.0
2019-02-05,12,0,79,26.25,26.25,0.0,-7386.033611,0.0
2019-02-05,12,0,80,42.45,42.45,0.0,-11944.271497,0.0
2019-02-05,12,0,81,55.5,55.5,0.0,-15616.185349,0.0
2019-02-05,12,0,82,39.15,39.15,0.0,-11015.741557,0.0
2019-02-05,12,0,83,87.3,87.3,0.0,-24563.837495,0.0
2019-02-05,12,0,84,0.0,0.0,0.0,-0.0,0.0
2019-02-05,12,0,86,14.11,14.11,0.0,170.399401,0.0
2019-02-05,12,0,87,72.06,72.06,0.0,870.232518,0.0
2019-02-05,12,0,88,51.18,51.18,0.0,-14400.655246,0.0
2019-02-05,12,0,89,49.2,49.2,0.0,-13843.537282,0.0
2019-02-05,12,0,90,66.06,66.06,0.0,-18587.481156,0.0
2019-02-05,12,0,91,235.65,235.65,0.0,-66305.478874,0.0
2019-02-05,12,0,92,84.75,84.75,0.0,-23846.337087,0.0
2019-02-05,12,0,95,58.26,58.26,0.0,1132.911131,0.0
2019-02-05,12,0,96,29.88,29.88,0.0,-736.392435,0.0
2019-02-05,12,0,97,183.76,183.76,0.0,-4528.764184,0.0
2019-02-05,12,0,99,13.6,13.6,0.0,-7.303014,0.0
2019-02-05,12,0,101,9.26,9.26,0.0,-226.420253,0.0
2019-02-05,12,0,102,65.55,65.55,0.0,-26520.990552,0.0
2019-02-05,12,0,103,57.0,57.0,0.0,-23061.730915,0.0
2019-02-05,12,0,104,10.58,10.58,0.0,-4280.580931,0.0
2019-02-05,12,0,106,204.9,204.9,0.0,-4972.148618,0.0
2019-02-05,12,0,109,60.0,60.0,0.0,-499.808843,0.0
2019-02-05,12,0,110,140.73,140.73,0.0,-140730.0,0.0
2019-02-05,12,0,111,17.17,17.17,0.0,-249.245411,0.0
2019-02-05,12,0,113,45.0,45.0,0.0,-11495.335867,0.0
2019-02-05,12,0,115,45.0,45.0,0.0,-11495.335867,0.0
2019-02-05,12,0,116,100.29,100.29,0.0,-100290.0,0.0
2019-02-05,12,0,117,3.0,3.0,0.0,-766.355724,0.0
2019-02-05,12,0,119,53.99,53.99,0.0,6271.121747,0.0
2019-02-05,12,0,120,31.75,31.75,0.0,3687.870263,0.0
2019-02-05,12,0,123,3.41,3.41,0.0,-82.747813,0.0
2019-02-05,12,0,125,64.63,64.63,0.0,-1568.325843,0.0
2019-02-05,12,0,126,153.67,153.67,0.0,-3728.990132,0.0
2019-02-05,12,0,127,197.22,197.22,0.0,-4785.784043,0.0
2019-02-05,12,0,128,88.59,88.59,0.0,-2149.74449,0.0
2019-02-05,12,0,131,30.0,30.0,0.0,-10963.434415,0.0
2019-02-05,12,0,132,44.1,44.1,0.0,-16116.248591,0.0
2019-02-05,12,0,133,37.09,37.09,0.0,233.164541,0.0
2019-02-05,12,0,134,0.0,0.0,0.0,0.0,0.0
2019-02-05,12,0,135,49.7,49.7,0.0,312.436713,0.0
2019-02-05,12,0,136,45.9,45.9,0.0,276.204242,0.0
2019-02-05,12,0,139,44.94,44.94,0.0,-652.363936,0.0
2019-02-05,12,0,140,104.16,104.16,0.0,-104160.0,0.0
2019-02-05,12,0,141,230.0,230.0,0.0,-126766.883433,0.0
2019-02-05,12,0,142,352.79,352.79,0.0,-194443.864375,0.0
2019-02-05,12,0,143,16.39,16.39,0.0,-400.758958,0.0
2019-02-05,12,0,145,56.25,56.25,0.0,-1038.686438,0.0
2019-02-05,12,0,146,268.0,268.0,0.0,-268000.0,0.0
2019-02-05,12,0,152,7.96,7.96,0.0,-3.098839,0.0
2019-02-05,12,0,153,10.0,10.0,0.0,-6.900785,0.0
2019-02-05,12,0,154,70.83,70.83,0.0,-1028.191757,0.0
2019-02-05,12,0,157,250.0,250.0,0.0,-137790.090688,0.0
2019-02-05,12,0,158,235.58,235.58,0.0,-129842.358257,0.0
2019-02-05,12,0,159,0.0,0.0,0.0,0.0,0.0
2019-02-05,12,0,160,2.59,2.59,0.0,4.813606,0.0
2019-02-05,12,0,161,54.8,54.8,0.0,-22171.62902,0.0
2019-02-05,12,0,162,61.59,61.59,0.0,1247.947387,0.0
2019-02-05,12,0,163,110.08,110.08,0.0,-110080.0,0.0
2019-02-05,12,0,164,14.07,14.07,0.0,-344.031637,0.0
2019-02-05,12,0,167,6.0,6.0,0.0,97.267675,0.0
2019-02-05,12,0,168,3.0,3.0,0.0,48.633838,0.0
2019-02-05,12,0,169,0.0,0.0,0.0,0.0,0.0
2019-02-05,12,0,170,6.57,6.57,0.0,106.508104,0.0
2019-02-05,12,0,172,8.02,8.02,0.0,106.763986,0.0
2019-02-05,12,0,173,12.23,12.23,0.0,162.808423,0.0
2019-02-05,12,0,188,11.0,11.0,0.0,276.150478,0.0
2019-02-05,12,0,190,9.38,9.38,0.0,304.170486,0.0
2019-02-05,12,0,191,24.23,24.23,0.0,785.719709,0.0
2019-02-05,12,0,192,39.24,39.24,0.0,1272.457341,0.0
2019-02-05,12,0,194,52.95,52.95,0.0,-6468.796752,0.0
2019-02-05,12,0,196,6.04,6.04,0.0,1637.428586,0.0
2019-02-05,12,0,198,10.98,10.98,0.0,85.98669,0.0
2019-02-05,12,0,199,82.56,82.56,0.0,-1455.849161,0.0
2019-02-05,12,0,200,19.9,19.9,0.0,-350.913255,0.0
2019-02-05,12,0,204,257.1,257.1,0.0,-2341.403996,0.0
2019-02-05,12,0,205,317.4,317.4,0.0,-2643.988779,0.0
2019-02-05,12,0,206,539.95,539.95,0.0,-13307.064764,0.0
2019-02-05,12,0,210,2.49,2.49,0.0,16.650395,0.0
2019-02-05,12,0,214,14.78,14.78,0.0,229.33284,0.0
2019-02-05,12,0,217,9.78,9.78,0.0,114.492816,0.0
2019-02-05,12,0,218,13.49,13.49,0.0,157.925162,0.0
2019-02-05,12,0,219,9.19,9.19,0.0,107.585785,0.0
2019-02-05,12,0,221,7.88,7.88,0.0,122.269471,0.0
2019-02-05,12,0,225,7.38,7.38,0.0,37.246053,0.0
2019-02-05,12,0,233,7.99,7.99,0.0,96.491227,0.0
2019-02-05,12,0,236,83.19,83.19,0.0,254.495044,0.0
2019-02-05,12,0,237,168.97,168.97,0.0,-90.734574,0.0
2019-02-05,12,0,238,82.99,82.99,0.0,415.327179,0.0
2019-02-05,12,0,240,11.9,11.9,0.0,-36.598051,0.0
2019-02-05,12,0,245,78.0,78.0,0.0,555.751131,0.0
2019-02-05,12,0,247,171.72,171.72,0.0,1223.507491,0.0
2019-02-05,12,0,248,16.96,16.96,0.0,-9.107288,0.0
2019-02-05,12,0,249,150.0,150.0,0.0,1068.752176,0.0
2019-02-05,12,0,251,326.4,326.4,0.0,1842.895174,0.0
2019-02-05,12,0,252,267.06,267.06,0.0,1610.470505,0.0
2019-02-05,12,0,254,17.86,17.86,0.0,-19.085499,0.0
2019-02-05,12,0,255,8.18,8.18,0.0,-8.741287,0.0
2019-02-05,12,0,258,14.68,14.68,0.0,-42.714651,0.0
2019-02-05,12,0,260,6.29,6.29,0.0,11.690185,0.0
2019-02-05,12,0,265,73.34,73.34,0.0,-1064.627749,0.0
2019-02-05,12,0,266,29.1,29.1,0.0,-422.425245,0.0
2019-02-05,12,0,267,35.76,35.76,0.0,-519.104013,0.0
2019-02-05,12,0,270,343.79,343.79,0.0,-343790.0,0.0
2019-02-05,12,0,272,150.39,150.39,0.0,-38417.412469,0.0
2019-02-05,12,0,273,23.98,23.98,0.0,-23980.0,0.0
2019-02-05,12,0,274,443.19,443.19,0.0,-443190.0,0.0
2019-02-05,12,0,275,616.92,616.92,0.0,-616920.0,0.0
2019-02-05,12,0,276,5.86,5.86,0.0,-5272.731797,0.0
2019-02-05,12,0,277,7.34,7.34,0.0,-1951.29478,0.0
2019-02-05,12,0,278,11.74,11.74,0.0,-3121.008273,0.0
2019-02-05,12,0,279,264.6,264.6,0.0,-70342.315922,0.0
2019-02-05,12,0,281,8.52,8.52,0.0,-208.326194,0.0
2019-02-05,12,0,282,252.21,252.21,0.0,-6166.89547,0.0
2019-02-05,13,0,9,1.92,1.92,0.0,-3.999134,0.0
2019-02-05,13,0,17,55.68,55.68,0.0,322.963694,0.0
2019-02-05,13,0,19,192.99,192.99,0.0,1119.410261,0.0
2019-02-05,13,0,20,234.06,234.06,0.0,1357.630788,0.0
2019-02-05,13,0,21,43.91,43.91,0.0,-91.459369,0.0
2019-02-05,13,0,22,156.06,156.06,0.0,-325.054637,0.0
2019-02-05,13,0,23,90.35,90.35,0.0,-188.188431,0.0
2019-02-05,13,0,24,157.79,157.79,0.0,-328.658024,0.0
2019-02-05,13,0,29,9.32,9.32,0.0,80.511145,0.0
2019-02-05,13,0,30,310.9,310.9,0.0,-663.110446,0.0
2019-02-05,13,0,31,36.1,36.1,0.0,-76.996742,0.0
2019-02-05,13,0,32,6.16,6.16,0.0,139.769628,0.0
2019-02-05,13,0,33,3.24,3.24,0.0,23.288893,0.0
2019-02-05,13,0,34,5.18,5.18,0.0,37.233477,0.0
2019-02-05,13,0,35,5.18,5.18,0.0,37.233477,0.0
2019-02-05,13,0,36,12.25,12.25,0.0,45.272054,0.0
2019-02-05,13,0,37,5.89,5.89,0.0,21.641821,0.0
2019-02-05,13,0,38,7.57,7.57,0.0,27.8147,0.0
2019-02-05,13,0,39,5.05,5.05,0.0,18.555381,0.0
2019-02-05,13,0,40,5.05,5.05,0.0,18.555381,0.0
2019-02-05,13,0,41,34.8,34.8,0.0,18.13096,0.0
2019-02-05,13,0,42,73.63,73.63,0.0,404.933767,0.0
2019-02-05,13,0,43,36.83,36.83,0.0,150.215218,0.0
2019-02-05,13,0,46,30.6,30.6,0.0,96.228183,0.0
2019-02-05,13,0,52,38.26,38.26,0.0,-81.603749,0.0
2019-02-05,13,0,53,60.79,60.79,0.0,-129.657395,0.0
2019-02-05,13,0,55,398.3,398.3,0.0,-829.612085,0.0
2019-02-05,13,0,56,91.7,91.7,0.0,-195.584522,0.0
2019-02-05,13,0,57,87.23,87.23,0.0,-186.050576,0.0
2019-02-05,13,0,58,167.75,167.75,0.0,-357.78957,0.0
2019-02-05,13,0,59,164.95,164.95,0.0,-351.817524,0.0
2019-02-05,13,0,63,51.0,51.0,0.0,1488.47554,0.0
2019-02-05,13,0,64,60.0,60.0,0.0,1751.147694,0.0
2019-02-05,13,0,65,41.4,41.4,0.0,237.821497,0.0
2019-02-05,13,0,67,206.84,206.84,0.0,-6762.227839,0.0
2019-02-05,13,0,68,32.03,32.03,0.0,-601.77596,0.0
2019-02-05,13,0,69,3.24,3.24,0.0,23.288893,0.0
2019-02-05,13,0,74,160.88,160.88,0.0,668.961832,0.0
2019-02-05,13,0,77,60.0,60.0,0.0,-413.316915,0.0
2019-02-05,13,0,78,45.36,45.36,0.0,-312.467587,0.0
2019-02-05,13,0,79,26.25,26.25,0.0,-180.82615,0.0
2019-02-05,13,0,80,42.45,42.45,0.0,-292.421717,0.0
2019-02-05,13,0,81,55.5,55.5,0.0,-382.318146,0.0
2019-02-05,13,0,82,39.15,39.15,0.0,-269.689287,0.0
2019-02-05,13,0,83,87.3,87.3,0.0,-601.376111,0.0
2019-02-05,13,0,84,0.0,0.0,0.0,0.0,0.0
2019-02-05,13,0,86,16.39,16.39,0.0,117.810172,0.0
2019-02-05,13,0,87,83.69,83.69,0.0,601.557859,0.0
2019-02-05,13,0,88,51.18,51.18,0.0,-352.559328,0.0
2019-02-05,13,0,89,49.2,49.2,0.0,-338.91987,0.0
2019-02-05,13,0,90,66.06,66.06,0.0,-455.061923,0.0
2019-02-05,13,0,91,235.65,235.65,0.0,-1623.302182,0.0
2019-02-05,13,0,92,84.75,84.75,0.0,-583.810142,0.0
2019-02-05,13,0,95,79.5,79.5,0.0,1545.939494,0.0
2019-02-05,13,0,96,29.88,29.88,0.0,-65.291372,0.0
2019-02-05,13,0,97,183.75,183.75,0.0,-401.515716,0.0
2019-02-05,13,0,99,31.05,31.05,0.0,129.110299,0.0
2019-02-05,13,0,101,6.26,6.26,0.0,-13.35179,0.0
2019-02-05,13,0,102,75.83,75.83,0.0,-1424.685328,0.0
2019-02-05,13,0,103,65.94,65.94,0.0,-1238.873145,0.0
2019-02-05,13,0,104,12.24,12.24,0.0,-229.963714,0.0
2019-02-05,13,0,106,153.63,153.63,0.0,-319.993233,0.0
2019-02-05,13,0,109,60.0,60.0,0.0,134.42075,0.0
2019-02-05,13,0,110,155.88,155.88,0.0,-11733.872471,0.0
2019-02-05,13,0,111,16.07,16.07,0.0,8.372544,0.0
2019-02-05,13,0,113,45.0,45.0,0.0,-230.261371,0.0
2019-02-05,13,0,115,45.0,45.0,0.0,-230.261371,0.0
2019-02-05,13,0,116,97.09,97.09,0.0,-7308.453157,0.0
2019-02-05,13,0,117,3.0,3.0,0.0,-15.350758,0.0
2019-02-05,13,0,119,60.0,60.0,0.0,1751.147694,0.0
2019-02-05,13,0,120,35.28,35.28,0.0,1029.674844,0.0
2019-02-05,13,0,123,2.56,2.56,0.0,-5.332179,0.0
2019-02-05,13,0,125,143.27,143.27,0.0,-298.414571,0.0
2019-02-05,13,0,126,115.22,115.22,0.0,-239.989718,0.0
2019-02-05,13,0,127,147.87,147.87,0.0,-307.99583,0.0
2019-02-05,13,0,128,202.25,202.25,0.0,-421.262978,0.0
2019-02-05,13,0,131,30.0,30.0,0.0,-452.227417,0.0
2019-02-05,13,0,132,44.1,44.1,0.0,-664.774304,0.0
2019-02-05,13,0,133,41.94,41.94,0.0,243.48761,0.0
2019-02-05,13,0,134,0.0,0.0,0.0,0.0,0.0
2019-02-05,13,0,135,56.2,56.2,0.0,326.27572,0.0
2019-02-05,13,0,136,45.9,45.9,0.0,263.53087,0.0
2019-02-05,13,0,139,44.94,44.94,0.0,23.413947,0.0
2019-02-05,13,0,140,115.37,115.37,0.0,-8684.480799,0.0
2019-02-05,13,0,141,230.0,230.0,0.0,-7519.398584,0.0
2019-02-05,13,0,142,272.77,272.77,0.0,-8917.67979,0.0
2019-02-05,13,0,143,30.18,30.18,0.0,-64.37013,0.0
2019-02-05,13,0,145,100.0,100.0,0.0,-50.960212,0.0
2019-02-05,13,0,146,268.0,268.0,0.0,-20173.709405,0.0
2019-02-05,13,0,152,8.77,8.77,0.0,37.037317,0.0
2019-02-05,13,0,153,11.17,11.17,0.0,46.379138,0.0
2019-02-05,13,0,154,66.27,66.27,0.0,34.526976,0.0
2019-02-05,13,0,157,250.0,250.0,0.0,-8173.25933,0.0
2019-02-05,13,0,158,281.62,281.62,0.0,-9207.01317,0.0
2019-02-05,13,0,159,0.0,0.0,0.0,0.0,0.0
2019-02-05,13,0,160,2.94,2.94,0.0,15.649072,0.0
2019-02-05,13,0,161,44.39,44.39,0.0,-833.99422,0.0
2019-02-05,13,0,162,101.26,101.26,0.0,1976.927239,0.0
2019-02-05,13,0,163,79.21,79.21,0.0,-5962.53553,0.0
2019-02-05,13,0,164,16.31,16.31,0.0,-34.787171,0.0
2019-02-05,13,0,167,6.86,6.86,0.0,131.114063,0.0
2019-02-05,13,0,168,3.43,3.43,0.0,65.557032,0.0
2019-02-05,13,0,169,0.0,0.0,0.0,0.0,0.0
2019-02-05,13,0,170,7.5,7.5,0.0,143.346279,0.0
2019-02-05,13,0,172,9.13,9.13,0.0,175.753477,0.0
2019-02-05,13,0,173,13.92,13.92,0.0,267.96149,0.0
2019-02-05,13,0,188,12.45,12.45,0.0,255.713005,0.0
2019-02-05,13,0,190,9.53,9.53,0.0,278.140625,0.0
2019-02-05,13,0,191,24.62,24.62,0.0,718.55427,0.0
2019-02-05,13,0,192,102.9,102.9,0.0,3003.218295,0.0
2019-02-05,13,0,194,52.95,52.95,0.0,364.640356,0.0
2019-02-05,13,0,196,5.52,5.52,0.0,241.986203,0.0
2019-02-05,13,0,198,12.73,12.73,0.0,94.682885,0.0
2019-02-05,13,0,199,73.53,73.53,0.0,839.843952,0.0
2019-02-05,13,0,200,22.58,22.58,0.0,257.903936,0.0
2019-02-05,13,0,204,257.1,257.1,0.0,525.31083,0.0
2019-02-05,13,0,205,317.4,317.4,0.0,711.085768,0.0
2019-02-05,13,0,206,539.94,539.94,0.0,-1179.833447,0.0
2019-02-05,13,0,210,2.76,2.76,0.0,24.621064,0.0
2019-02-05,13,0,214,16.66,16.66,0.0,133.421786,0.0
2019-02-05,13,0,217,10.79,10.79,0.0,90.855574,0.0
2019-02-05,13,0,218,14.89,14.89,0.0,125.379008,0.0
2019-02-05,13,0,219,10.14,10.14,0.0,85.382347,0.0
2019-02-05,13,0,221,8.88,8.88,0.0,71.115574,0.0
2019-02-05,13,0,225,8.35,8.35,0.0,71.904253,0.0
2019-02-05,13,0,233,9.27,9.27,0.0,66.632111,0.0
2019-02-05,13,0,236,319.85,319.85,0.0,1611.400927,0.0
2019-02-05,13,0,237,385.93,385.93,0.0,1604.751615,0.0
2019-02-05,13,0,238,95.83,95.83,0.0,527.02435,0.0
2019-02-05,13,0,240,13.88,13.88,0.0,51.296009,0.0
2019-02-05,13,0,245,78.0,78.0,0.0,468.453607,0.0
2019-02-05,13,0,247,171.72,171.72,0.0,1031.318634,0.0
2019-02-05,13,0,248,38.74,38.74,0.0,161.086408,0.0
2019-02-05,13,0,249,150.0,150.0,0.0,900.872322,0.0
2019-02-05,13,0,251,326.4,326.4,0.0,1845.056377,0.0
2019-02-05,13,0,252,267.06,267.06,0.0,1534.12099,0.0
2019-02-05,13,0,254,20.39,20.39,0.0,89.528922,0.0
2019-02-05,13,0,255,9.34,9.34,0.0,41.010305,0.0
2019-02-05,13,0,258,17.11,17.11,0.0,64.291246,0.0
2019-02-05,13,0,260,7.15,7.15,0.0,38.058117,0.0
2019-02-05,13,0,265,68.61,68.61,0.0,35.746126,0.0
2019-02-05,13,0,266,29.1,29.1,0.0,15.161234,0.0
2019-02-05,13,0,267,35.76,35.76,0.0,18.631125,0.0
2019-02-05,13,0,270,246.45,246.45,0.0,-18551.532399,0.0
2019-02-05,13,0,272,150.39,150.39,0.0,-769.533503,0.0
2019-02-05,13,0,273,23.22,23.22,0.0,-1747.886315,0.0
2019-02-05,13,0,274,317.57,317.57,0.0,-23905.092895,0.0
2019-02-05,13,0,275,441.85,441.85,0.0,-33260.274257,0.0
2019-02-05,13,0,276,5.1,5.1,0.0,-335.413606,0.0
2019-02-05,13,0,277,6.67,6.67,0.0,-38.867563,0.0
2019-02-05,13,0,278,10.67,10.67,0.0,-62.176446,0.0
2019-02-05,13,0,279,378.16,378.16,0.0,-2203.62183,0.0
2019-02-05,13,0,281,16.2,16.2,0.0,-34.552555,0.0
2019-02-05,13,0,282,170.55,170.55,0.0,-363.761617,0.0
2019-02-05,14,0,9,2.03,2.03,0.0,-108.417221,0.0
2019-02-05,14,0,17,57.79,57.79,0.0,249.720355,0.0
2019-02-05,14,0,19,192.99,192.99,0.0,833.9424,0.0
2019-02-05,14,0,20,234.06,234.06,0.0,1011.412809,0.0
2019-02-05,14,0,21,46.39,46.39,0.0,-2477.57383,0.0
2019-02-05,14,0,22,164.88,164.88,0.0,-8805.828264,0.0
2019-02-05,14,0,23,42.61,42.61,0.0,-2275.693488,0.0
2019-02-05,14,0,24,73.27,73.27,0.0,-3913.167376,0.0
2019-02-05,14,0,29,9.25,9.25,0.0,46.631937,0.0
2019-02-05,14,0,30,336.26,336.26,0.0,-18077.208478,0.0
2019-02-05,14,0,31,52.73,52.73,0.0,-2834.744552,0.0
2019-02-05,14,0,32,6.17,6.17,0.0,284.363176,0.0
2019-02-05,14,0,33,3.31,3.31,0.0,50.348694,0.0
2019-02-05,14,0,34,5.3,5.3,0.0,80.618755,0.0
2019-02-05,14,0,35,5.3,5.3,0.0,80.618755,0.0
2019-02-05,14,0,36,12.63,12.63,0.0,-165.051345,0.0
2019-02-05,14,0,37,6.06,6.06,0.0,-81.060977,0.0
2019-02-05,14,0,38,7.79,7.79,0.0,-104.202147,0.0
2019-02-05,14,0,39,5.2,5.2,0.0,-69.557274,0.0
2019-02-05,14,0,40,5.2,5.2,0.0,-69.557274,0.0
2019-02-05,14,0,41,34.8,34.8,0.0,-1214.371496,0.0
2019-02-05,14,0,42,77.67,77.67,0.0,152.281103,0.0
2019-02-05,14,0,43,37.33,37.33,0.0,-411.511714,0.0
2019-02-05,14,0,46,31.45,31.45,0.0,-541.97842,0.0
2019-02-05,14,0,52,55.89,55.89,0.0,-3004.624939,0.0
2019-02-05,14,0,53,88.8,88.8,0.0,-4773.853901,0.0
2019-02-05,14,0,55,496.28,496.28,0.0,-26505.073089,0.0
2019-02-05,14,0,56,99.18,99.18,0.0,-5331.878715,0.0
2019-02-05,14,0,57,94.35,94.35,0.0,-5072.21977,0.0
2019-02-05,14,0,58,181.43,181.43,0.0,-9753.607132,0.0
2019-02-05,14,0,59,178.41,178.41,0.0,-9591.253092,0.0
2019-02-05,14,0,63,51.0,51.0,0.0,6034.740734,0.0
2019-02-05,14,0,64,60.0,60.0,0.0,7099.694982,0.0
2019-02-05,14,0,65,41.4,41.4,0.0,160.742459,0.0
2019-02-05,14,0,67,216.63,216.63,0.0,-118241.368525,0.0
2019-02-05,14,0,68,19.16,19.16,0.0,-7616.288743,0.0
2019-02-05,14,0,69,3.31,3.31,0.0,50.348694,0.0
2019-02-05,14,0,74,203.96,203.96,0.0,-1721.144404,0.0
2019-02-05,14,0,77,60.0,60.0,0.0,-16305.812117,0.0
2019-02-05,14,0,78,45.36,45.36,0.0,-12327.19396,0.0
2019-02-05,14,0,79,26.25,26.25,0.0,-7133.792801,0.0
2019-02-05,14,0,80,42.45,42.45,0.0,-11536.362072,0.0
2019-02-05,14,0,81,55.5,55.5,0.0,-15082.876208,0.0
2019-02-05,14,0,82,39.15,39.15,0.0,-10639.542406,0.0
2019-02-05,14,0,83,87.3,87.3,0.0,-23724.95663,0.0
2019-02-05,14,0,84,0.0,0.0,0.0,-0.0,0.0
2019-02-05,14,0,86,16.79,16.79,0.0,255.394132,0.0
2019-02-05,14,0,87,85.71,85.71,0.0,1303.742174,0.0
2019-02-05,14,0,88,51.18,51.18,0.0,-13908.857735,0.0
2019-02-05,14,0,89,49.2,49.2,0.0,-13370.765936,0.0
2019-02-05,14,0,90,66.06,66.06,0.0,-17952.69914,0.0
2019-02-05,14,0,91,235.65,235.65,0.0,-64041.077088,0.0
2019-02-05,14,0,92,84.75,84.75,0.0,-23031.959615,0.0
2019-02-05,14,0,95,116.04,116.04,0.0,2256.488288,0.0
2019-02-05,14,0,96,31.39,31.39,0.0,-1699.065804,0.0
2019-02-05,14,0,97,210.51,210.51,0.0,-11394.404025,0.0
2019-02-05,14,0,99,39.37,39.37,0.0,-332.229139,0.0
2019-02-05,14,0,101,6.77,6.77,0.0,-363.9526,0.0
2019-02-05,14,0,102,45.25,45.25,0.0,-17987.320752,0.0
2019-02-05,14,0,103,39.36,39.36,0.0,-15645.98773,0.0
2019-02-05,14,0,104,7.37,7.37,0.0,-2929.647601,0.0
2019-02-05,14,0,106,162.31,162.31,0.0,-8668.570994,0.0
2019-02-05,14,0,109,60.0,60.0,0.0,-1385.456265,0.0
2019-02-05,14,0,110,175.24,175.24,0.0,-175240.0,0.0
2019-02-05,14,0,111,17.24,17.24,0.0,-601.602431,0.0
2019-02-05,14,0,113,45.0,45.0,0.0,-11205.951205,0.0
2019-02-05,14,0,115,45.0,45.0,0.0,-11205.951205,0.0
2019-02-05,14,0,116,98.88,98.88,0.0,-98880.0,0.0
2019-02-05,14,0,117,3.0,3.0,0.0,-747.063414,0.0
2019-02-05,14,0,119,60.0,60.0,0.0,7099.694982,0.0
2019-02-05,14,0,120,35.28,35.28,0.0,4174.620649,0.0
2019-02-05,14,0,123,2.71,2.71,0.0,-144.734319,0.0
2019-02-05,14,0,125,66.79,66.79,0.0,-3567.086789,0.0
2019-02-05,14,0,126,121.73,121.73,0.0,-6501.294727,0.0
2019-02-05,14,0,127,156.22,156.22,0.0,-8343.319332,0.0
2019-02-05,14,0,128,92.7,92.7,0.0,-4950.875061,0.0
2019-02-05,14,0,131,30.0,30.0,0.0,-10737.009217,0.0
2019-02-05,14,0,132,44.1,44.1,0.0,-15783.40355,0.0
2019-02-05,14,0,133,41.94,41.94,0.0,182.962513,0.0
2019-02-05,14,0,134,0.0,0.0,0.0,0.0,0.0
2019-02-05,14,0,135,56.2,56.2,0.0,245.171513,0.0
2019-02-05,14,0,136,45.9,45.9,0.0,177.109523,0.0
2019-02-05,14,0,139,44.94,44.94,0.0,-1568.214224,0.0
2019-02-05,14,0,140,129.7,129.7,0.0,-129700.0,0.0
2019-02-05,14,0,141,230.0,230.0,0.0,-125539.005497,0.0
2019-02-05,14,0,142,285.68,285.68,0.0,-155930.361262,0.0
2019-02-05,14,0,143,57.94,57.94,0.0,-3114.832151,0.0
2019-02-05,14,0,145,56.12,56.12,0.0,-2377.954711,0.0
2019-02-05,14,0,146,268.0,268.0,0.0,-268000.0,0.0
2019-02-05,14,0,152,9.23,9.23,0.0,-75.091975,0.0
2019-02-05,14,0,153,11.79,11.79,0.0,-102.555833,0.0
2019-02-05,14,0,154,71.13,71.13,0.0,-2482.133462,0.0
2019-02-05,14,0,157,250.0,250.0,0.0,-136455.440757,0.0
2019-02-05,14,0,158,301.89,301.89,0.0,-164778.132041,0.0
2019-02-05,14,0,159,0.0,0.0,0.0,-0.0,0.0
2019-02-05,14,0,160,2.98,2.98,0.0,-10.212848,0.0
2019-02-05,14,0,161,46.32,46.32,0.0,-18412.656293,0.0
2019-02-05,14,0,162,151.74,151.74,0.0,3079.648102,0.0
2019-02-05,14,0,163,119.53,119.53,0.0,-119530.0,0.0
2019-02-05,14,0,164,17.54,17.54,0.0,-942.943665,0.0
2019-02-05,14,0,167,7.0,7.0,0.0,113.129495,0.0
2019-02-05,14,0,168,3.5,3.5,0.0,56.564748,0.0
2019-02-05,14,0,169,0.0,0.0,0.0,0.0,0.0
2019-02-05,14,0,170,7.66,7.66,0.0,123.79599,0.0
2019-02-05,14,0,172,9.29,9.29,0.0,93.204811,0.0
2019-02-05,14,0,173,14.16,14.16,0.0,142.064599,0.0
2019-02-05,14,0,188,12.49,12.49,0.0,308.09172,0.0
2019-02-05,14,0,190,9.6,9.6,0.0,311.304548,0.0
2019-02-05,14,0,191,24.81,24.81,0.0,804.527692,0.0
2019-02-05,14,0,192,130.12,130.12,0.0,4219.473732,0.0
2019-02-05,14,0,194,52.95,52.95,0.0,-6216.598949,0.0
2019-02-05,14,0,196,5.59,5.59,0.0,1538.128979,0.0
2019-02-05,14,0,198,13.19,13.19,0.0,110.423126,0.0
2019-02-05,14,0,199,130.0,130.0,0.0,-596.55008,0.0
2019-02-05,14,0,200,22.95,22.95,0.0,-105.314033,0.0
2019-02-05,14,0,204,257.1,257.1,0.0,-6313.541888,0.0
2019-02-05,14,0,205,317.4,317.4,0.0,-7329.063643,0.0
2019-02-05,14,0,206,745.19,745.19,0.0,-40335.356683,0.0
2019-02-05,14,0,210,2.76,2.76,0.0,21.465623,0.0
2019-02-05,14,0,214,16.69,16.69,0.0,361.434881,0.0
2019-02-05,14,0,217,10.95,10.95,0.0,171.738925,0.0
2019-02-05,14,0,218,15.11,15.11,0.0,236.984033,0.0
2019-02-05,14,0,219,10.29,10.29,0.0,161.387538,0.0
2019-02-05,14,0,221,8.9,8.9,0.0,192.736396,0.0
2019-02-05,14,0,225,8.41,8.41,0.0,40.175042,0.0
2019-02-05,14,0,233,9.5,9.5,0.0,144.505316,0.0
2019-02-05,14,0,236,159.05,159.05,0.0,-267.489178,0.0
2019-02-05,14,0,237,489.28,489.28,0.0,-4128.856314,0.0
2019-02-05,14,0,238,101.1,101.1,0.0,198.218353,0.0
2019-02-05,14,0,240,14.32,14.32,0.0,-187.1366,0.0
2019-02-05,14,0,245,78.0,78.0,0.0,462.825897,0.0
2019-02-05,14,0,247,171.72,171.72,0.0,1018.929014,0.0
2019-02-05,14,0,248,49.11,49.11,0.0,-414.421463,0.0
2019-02-05,14,0,249,150.0,150.0,0.0,890.049802,0.0
2019-02-05,14,0,251,326.4,326.4,0.0,1032.31262,0.0
2019-02-05,14,0,252,267.06,267.06,0.0,1036.90534,0.0
2019-02-05,14,0,254,20.64,20.64,0.0,-188.182954,0.0
2019-02-05,14,0,255,9.46,9.46,0.0,-86.250521,0.0
2019-02-05,14,0,258,17.59,17.59,0.0,-224.061106,0.0
2019-02-05,14,0,260,7.24,7.24,0.0,-24.812422,0.0
2019-02-05,14,0,265,73.64,73.64,0.0,-2569.721751,0.0
2019-02-05,14,0,266,29.1,29.1,0.0,-1015.46582,0.0
2019-02-05,14,0,267,35.76,35.76,0.0,-1247.871399,0.0
2019-02-05,14,0,270,415.53,415.53,0.0,-415530.0,0.0
2019-02-05,14,0,272,150.39,150.39,0.0,-37450.288929,0.0
2019-02-05,14,0,273,23.65,23.65,0.0,-23650.0,0.0
2019-02-05,14,0,274,554.27,554.27,0.0,-554270.0,0.0
2019-02-05,14,0,275,806.12,806.12,0.0,-806120.0,0.0
2019-02-05,14,0,276,5.25,5.25,0.0,-4717.605829,0.0
2019-02-05,14,0,277,6.87,6.87,0.0,-1773.414463,0.0
2019-02-05,14,0,278,10.99,10.99,0.0,-2836.946863,0.0
2019-02-05,14,0,279,264.6,264.6,0.0,-68303.561412,0.0
2019-02-05,14,0,281,23.66,23.66,0.0,-1271.952515,0.0
2019-02-05,14,0,282,184.46,184.46,0.0,-9916.498769,0.0
2019-02-05,15,0,9,1.96,1.96,0.0,-293.918478,0.0
2019-02-05,15,0,17,55.38,55.38,0.0,207.213263,0.0
2019-02-05,15,0,19,192.99,192.99,0.0,722.103425,0.0
2019-02-05,15,0,20,234.06,234.06,0.0,875.7735,0.0
2019-02-05,15,0,21,44.76,44.76,0.0,-6712.138299,0.0
2019-02-05,15,0,22,159.07,159.07,0.0,-23853.883806,0.0
2019-02-05,15,0,23,32.64,32.64,0.0,-4894.642405,0.0
2019-02-05,15,0,24,57.75,57.75,0.0,-8660.098006,0.0
2019-02-05,15,0,29,8.75,8.75,0.0,61.308441,0.0
2019-02-05,15,0,30,325.63,325.63,0.0,-49136.539371,0.0
2019-02-05,15,0,31,75.38,75.38,0.0,-11374.604115,0.0
2019-02-05,15,0,32,5.91,5.91,0.0,245.10206,0.0
2019-02-05,15,0,33,3.23,3.23,0.0,105.577855,0.0
2019-02-05,15,0,34,5.18,5.18,0.0,169.316807,0.0
2019-02-05,15,0,35,5.18,5.18,0.0,169.316807,0.0
2019-02-05,15,0,36,12.3,12.3,0.0,-521.814963,0.0
2019-02-05,15,0,37,5.88,5.88,0.0,-254.21797,0.0
2019-02-05,15,0,38,7.56,7.56,0.0,-326.851675,0.0
2019-02-05,15,0,39,5.04,5.04,0.0,-217.901117,0.0
2019-02-05,15,0,40,5.04,5.04,0.0,-217.901117,0.0
2019-02-05,15,0,41,58.96,58.96,0.0,-5933.39599,0.0
2019-02-05,15,0,42,74.86,74.86,0.0,-189.590026,0.0
2019-02-05,15,0,43,36.38,36.38,0.0,-1343.48986,0.0
2019-02-05,15,0,46,30.33,30.33,0.0,-1622.773064,0.0
2019-02-05,15,0,52,79.9,79.9,0.0,-12056.65785,0.0
2019-02-05,15,0,53,126.94,126.94,0.0,-19154.845401,0.0
2019-02-05,15,0,55,615.49,615.49,0.0,-92297.899944,0.0
2019-02-05,15,0,56,96.05,96.05,0.0,-14493.641884,0.0
2019-02-05,15,0,57,91.36,91.36,0.0,-13785.935685,0.0
2019-02-05,15,0,58,175.7,175.7,0.0,-26512.575523,0.0
2019-02-05,15,0,59,172.77,172.77,0.0,-26070.44777,0.0
2019-02-05,15,0,63,51.0,51.0,0.0,6232.465657,0.0
2019-02-05,15,0,64,60.0,60.0,0.0,7332.312538,0.0
2019-02-05,15,0,65,41.4,41.4,0.0,106.652359,0.0
2019-02-05,15,0,67,210.39,210.39,0.0,-111161.840256,0.0
2019-02-05,15,0,68,34.0,34.0,0.0,-12727.800816,0.0
2019-02-05,15,0,69,3.23,3.23,0.0,105.577855,0.0
2019-02-05,15,0,74,217.6,217.6,0.0,-6567.487126,0.0
2019-02-05,15,0,77,60.0,60.0,0.0,-14404.492998,0.0
2019-02-05,15,0,78,45.36,45.36,0.0,-10889.796706,0.0
2019-02-05,15,0,79,26.25,26.25,0.0,-6301.965687,0.0
2019-02-05,15,0,80,42.45,42.45,0.0,-10191.178796,0.0
2019-02-05,15,0,81,55.5,55.5,0.0,-13324.156023,0.0
2019-02-05,15,0,82,39.15,39.15,0.0,-9398.931681,0.0
2019-02-05,15,0,83,87.3,87.3,0.0,-20958.537312,0.0
2019-02-05,15,0,84,0.0,0.0,0.0,-0.0,0.0
2019-02-05,15,0,86,16.39,16.39,0.0,535.734067,0.0
2019-02-05,15,0,87,83.67,83.67,0.0,2734.89136,0.0
2019-02-05,15,0,88,51.18,51.18,0.0,-12287.032527,0.0
2019-02-05,15,0,89,49.2,49.2,0.0,-11811.684258,0.0
2019-02-05,15,0,90,66.06,66.06,0.0,-15859.346791,0.0
2019-02-05,15,0,91,235.65,235.65,0.0,-56573.646249,0.0
2019-02-05,15,0,92,84.75,84.75,0.0,-20346.34636,0.0
2019-02-05,15,0,95,120.0,120.0,0.0,2333.493576,0.0
2019-02-05,15,0,96,29.88,29.88,0.0,-4538.102788,0.0
2019-02-05,15,0,97,183.75,183.75,0.0,-27907.509614,0.0
2019-02-05,15,0,99,42.0,42.0,0.0,-1267.621596,0.0
2019-02-05,15,0,101,6.56,6.56,0.0,-989.883298,0.0
2019-02-05,15,0,102,80.5,80.5,0.0,-30134.940167,0.0
2019-02-05,15,0,103,70.0,70.0,0.0,-26204.295797,0.0
2019-02-05,15,0,104,13.0,13.0,0.0,-4866.512077,0.0
2019-02-05,15,0,106,156.59,156.59,0.0,-23481.986957,0.0
2019-02-05,15,0,109,60.0,60.0,0.0,-4149.103035,0.0
2019-02-05,15,0,110,196.38,196.38,0.0,-196380.0,0.0
2019-02-05,15,0,111,16.58,16.58,0.0,-1668.516036,0.0
2019-02-05,15,0,113,45.0,45.0,0.0,-10286.190551,0.0
2019-02-05,15,0,115,45.0,45.0,0.0,-10286.190551,0.0
2019-02-05,15,0,116,94.45,94.45,0.0,-94450.0,0.0
2019-02-05,15,0,117,3.0,3.0,0.0,-685.746037,0.0
2019-02-05,15,0,119,60.0,60.0,0.0,7332.312538,0.0
2019-02-05,15,0,120,35.28,35.28,0.0,4311.399772,0.0
2019-02-05,15,0,123,2.61,2.61,0.0,-391.391442,0.0
2019-02-05,15,0,125,52.26,52.26,0.0,-7836.826351,0.0
2019-02-05,15,0,126,117.44,117.44,0.0,-17611.115322,0.0
2019-02-05,15,0,127,150.72,150.72,0.0,-22601.731108,0.0
2019-02-05,15,0,128,74.85,74.85,0.0,-11224.386766,0.0
2019-02-05,15,0,131,73.62,73.62,0.0,-24531.26975,0.0
2019-02-05,15,0,132,108.35,108.35,0.0,-36103.817949,0.0
2019-02-05,15,0,133,41.94,41.94,0.0,161.530735,0.0
2019-02-05,15,0,134,0.0,0.0,0.0,0.0,0.0
2019-02-05,15,0,135,56.2,56.2,0.0,216.452725,0.0
2019-02-05,15,0,136,45.9,45.9,0.0,115.308113,0.0
2019-02-05,15,0,139,76.67,76.67,0.0,-7715.62874,0.0
2019-02-05,15,0,140,145.34,145.34,0.0,-145340.0,0.0
2019-02-05,15,0,141,230.0,230.0,0.0,-121522.99662,0.0
2019-02-05,15,0,142,277.46,277.46,0.0,-146599.002792,0.0
2019-02-05,15,0,143,103.71,103.71,0.0,-15649.51171,0.0
2019-02-05,15,0,145,30.0,30.0,0.0,-3616.380481,0.0
2019-02-05,15,0,146,268.0,268.0,0.0,-268000.0,0.0
2019-02-05,15,0,152,8.89,8.89,0.0,-261.038085,0.0
2019-02-05,15,0,153,11.39,11.39,0.0,-351.483587,0.0
2019-02-05,15,0,154,68.41,68.41,0.0,-6884.38975,0.0
2019-02-05,15,0,157,250.0,250.0,0.0,-132090.213717,0.0
2019-02-05,15,0,158,289.55,289.55,0.0,-152986.885527,0.0
2019-02-05,15,0,159,0.0,0.0,0.0,-0.0,0.0
2019-02-05,15,0,160,2.84,2.84,0.0,-47.150475,0.0
2019-02-05,15,0,161,44.4,44.4,0.0,-16621.010477,0.0
2019-02-05,15,0,162,162.5,162.5,0.0,3321.176811,0.0
2019-02-05,15,0,163,142.89,142.89,0.0,-142890.0,0.0
2019-02-05,15,0,164,16.59,16.59,0.0,-2503.378645,0.0
2019-02-05,15,0,167,6.58,6.58,0.0,106.585052,0.0
2019-02-05,15,0,168,3.29,3.29,0.0,53.292526,0.0
2019-02-05,15,0,169,0.0,0.0,0.0,0.0,0.0
2019-02-05,15,0,170,7.2,7.2,0.0,116.628021,0.0
2019-02-05,15,0,172,8.83,8.83,0.0,170.176848,0.0
2019-02-05,15,0,173,13.46,13.46,0.0,259.408875,0.0
2019-02-05,15,0,188,12.01,12.01,0.0,226.061918,0.0
2019-02-05,15,0,190,9.0,9.0,0.0,291.848014,0.0
2019-02-05,15,0,191,23.25,23.25,0.0,753.940703,0.0
2019-02-05,15,0,192,163.95,163.95,0.0,5316.497989,0.0
2019-02-05,15,0,194,52.95,52.95,0.0,-5465.374465,0.0
2019-02-05,15,0,196,5.3,5.3,0.0,1511.728975,0.0
2019-02-05,15,0,198,12.68,12.68,0.0,190.954049,0.0
2019-02-05,15,0,199,130.0,130.0,0.0,5551.660243,0.0
2019-02-05,15,0,200,22.05,22.05,0.0,941.646987,0.0
2019-02-05,15,0,204,257.1,257.1,0.0,-18781.900529,0.0
2019-02-05,15,0,205,317.4,317.4,0.0,-21948.755053,0.0
2019-02-05,15,0,206,539.94,539.94,0.0,-82004.793149,0.0
2019-02-05,15,0,210,2.63,2.63,0.0,37.468151,0.0
2019-02-05,15,0,214,16.21,16.21,0.0,807.518757,0.0
2019-02-05,15,0,217,10.5,10.5,0.0,362.460072,0.0
2019-02-05,15,0,218,14.49,14.49,0.0,500.194899,0.0
2019-02-05,15,0,219,9.87,9.87,0.0,340.712467,0.0
2019-02-05,15,0,221,8.64,8.64,0.0,430.410984,0.0
2019-02-05,15,0,225,7.87,7.87,0.0,49.640127,0.0
2019-02-05,15,0,233,9.27,9.27,0.0,303.005174,0.0
2019-02-05,15,0,236,179.56,179.56,0.0,-2192.919221,0.0
2019-02-05,15,0,237,522.0,522.0,0.0,-15754.725551,0.0
2019-02-05,15,0,238,97.43,97.43,0.0,-246.750684,0.0
2019-02-05,15,0,240,13.94,13.94,0.0,-591.390292,0.0
2019-02-05,15,0,245,78.0,78.0,0.0,626.154023,0.0
2019-02-05,15,0,247,171.72,171.72,0.0,1378.502164,0.0
2019-02-05,15,0,248,52.4,52.4,0.0,-1581.508848,0.0
2019-02-05,15,0,249,150.0,150.0,0.0,1204.142351,0.0
2019-02-05,15,0,251,326.4,326.4,0.0,216.25836,0.0
2019-02-05,15,0,252,267.06,267.06,0.0,687.985001,0.0
2019-02-05,15,0,254,20.4,20.4,0.0,-649.302835,0.0
2019-02-05,15,0,255,9.35,9.35,0.0,-297.597133,0.0
2019-02-05,15,0,258,17.02,17.02,0.0,-706.952141,0.0
2019-02-05,15,0,260,6.89,6.89,0.0,-114.389709,0.0
2019-02-05,15,0,265,70.82,70.82,0.0,-7126.918317,0.0
2019-02-05,15,0,266,49.03,49.03,0.0,-4934.097785,0.0
2019-02-05,15,0,267,60.63,60.63,0.0,-6101.455205,0.0
2019-02-05,15,0,270,466.38,466.38,0.0,-466380.0,0.0
2019-02-05,15,0,272,150.39,150.39,0.0,-34376.448823,0.0
2019-02-05,15,0,273,22.59,22.59,0.0,-22590.0,0.0
2019-02-05,15,0,274,614.3,614.3,0.0,-614300.0,0.0
2019-02-05,15,0,275,881.73,881.73,0.0,-881730.0,0.0
2019-02-05,15,0,276,5.04,5.04,0.0,-4509.252389,0.0
2019-02-05,15,0,277,6.54,6.54,0.0,-1525.060571,0.0
2019-02-05,15,0,278,10.46,10.46,0.0,-2439.164155,0.0
2019-02-05,15,0,279,264.6,264.6,0.0,-61701.991901,0.0
2019-02-05,15,0,281,33.83,33.83,0.0,-5104.840239,0.0
2019-02-05,15,0,282,178.63,178.63,0.0,-26954.703277,0.0
2019-02-05,16,0,9,1.3,1.3,0.0,-29.941015,0.0
2019-02-05,16,0,17,45.04,45.04,0.0,258.171644,0.0
2019-02-05,16,0,19,332.0,332.0,0.0,1903.041429,0.0
2019-02-05,16,0,20,419.03,419.03,0.0,2401.901957,0.0
2019-02-05,16,0,21,29.78,29.78,0.0,-685.879549,0.0
2019-02-05,16,0,22,105.83,105.83,0.0,-2437.4289,0.0
2019-02-05,16,0,23,32.64,32.64,0.0,-751.749781,0.0
2019-02-05,16,0,24,57.75,57.75,0.0,-1330.071993,0.0
2019-02-05,16,0,29,6.9,6.9,0.0,39.816044,0.0
2019-02-05,16,0,30,296.75,296.75,0.0,-6886.893301,0.0
2019-02-05,16,0,31,105.6,105.6,0.0,-2450.736083,0.0
2019-02-05,16,0,32,4.53,4.53,0.0,208.12834,0.0
2019-02-05,16,0,33,2.65,2.65,0.0,29.46726,0.0
2019-02-05,16,0,34,4.23,4.23,0.0,47.036419,0.0
2019-02-05,16,0,35,4.23,4.23,0.0,47.036419,0.0
2019-02-05,16,0,36,9.01,9.01,0.0,-25.484082,0.0
2019-02-05,16,0,37,4.49,4.49,0.0,-13.353279,0.0
2019-02-05,16,0,38,5.77,5.77,0.0,-17.160004,0.0
2019-02-05,16,0,39,3.85,3.85,0.0,-11.449916,0.0
2019-02-05,16,0,40,3.85,3.85,0.0,-11.449916,0.0
2019-02-05,16,0,41,82.36,82.36,0.0,-1134.816579,0.0
2019-02-05,16,0,42,65.79,65.79,0.0,300.278381,0.0
2019-02-05,16,0,43,27.36,27.36,0.0,-48.421445,0.0
2019-02-05,16,0,46,20.41,20.41,0.0,-99.942228,0.0
2019-02-05,16,0,52,111.94,111.94,0.0,-2597.873079,0.0
2019-02-05,16,0,53,177.83,177.83,0.0,-4127.030281,0.0
2019-02-05,16,0,55,623.0,623.0,0.0,-14348.655437,0.0
2019-02-05,16,0,56,87.53,87.53,0.0,-2031.372437,0.0
2019-02-05,16,0,57,83.26,83.26,0.0,-1932.275438,0.0
2019-02-05,16,0,58,160.11,160.11,0.0,-3715.789339,0.0
2019-02-05,16,0,59,157.45,157.45,0.0,-3654.056783,0.0
2019-02-05,16,0,63,51.0,51.0,0.0,5910.377568,0.0
2019-02-05,16,0,64,60.0,60.0,0.0,6953.385374,0.0
2019-02-05,16,0,65,41.4,41.4,0.0,228.32551,0.0
2019-02-05,16,0,67,157.96,157.96,0.0,-87168.757844,0.0
2019-02-05,16,0,68,34.0,34.0,0.0,-13786.805491,0.0
2019-02-05,16,0,69,2.65,2.65,0.0,29.46726,0.0
2019-02-05,16,0,74,134.72,134.72,0.0,-79.083925,0.0
2019-02-05,16,0,77,60.0,60.0,0.0,-16951.083507,0.0
2019-02-05,16,0,78,45.36,45.36,0.0,-12815.019131,0.0
2019-02-05,16,0,79,26.25,26.25,0.0,-7416.099034,0.0
2019-02-05,16,0,80,42.45,42.45,0.0,-11992.891581,0.0
2019-02-05,16,0,81,55.5,55.5,0.0,-15679.752244,0.0
2019-02-05,16,0,82,39.15,39.15,0.0,-11060.581988,0.0
2019-02-05,16,0,83,87.3,87.3,0.0,-24663.826503,0.0
2019-02-05,16,0,84,0.0,0.0,0.0,-0.0,0.0
2019-02-05,16,0,86,13.41,13.41,0.0,149.115457,0.0
2019-02-05,16,0,87,68.44,68.44,0.0,761.033695,0.0
2019-02-05,16,0,88,51.18,51.18,0.0,-14459.274232,0.0
2019-02-05,16,0,89,49.2,49.2,0.0,-13899.888476,0.0
2019-02-05,16,0,90,66.06,66.06,0.0,-18663.142941,0.0
2019-02-05,16,0,91,235.65,235.65,0.0,-66575.380474,0.0
2019-02-05,16,0,92,84.75,84.75,0.0,-23943.405454,0.0
2019-02-05,16,0,95,120.0,120.0,0.0,2333.493576,0.0
2019-02-05,16,0,96,29.88,29.88,0.0,-698.948532,0.0
2019-02-05,16,0,97,183.75,183.75,0.0,-4298.252772,0.0
2019-02-05,16,0,99,29.54,29.54,0.0,-17.3407,0.0
2019-02-05,16,0,101,5.98,5.98,0.0,-138.782214,0.0
2019-02-05,16,0,102,80.5,80.5,0.0,-32642.289472,0.0
2019-02-05,16,0,103,70.0,70.0,0.0,-28384.599541,0.0
2019-02-05,16,0,104,13.0,13.0,0.0,-5271.425629,0.0
2019-02-05,16,0,106,104.18,104.18,0.0,-2399.426843,0.0
2019-02-05,16,0,109,60.0,60.0,0.0,-471.338713,0.0
2019-02-05,16,0,110,220.01,220.01,0.0,-220010.0,0.0
2019-02-05,16,0,111,9.87,9.87,0.0,-135.99611,0.0
2019-02-05,16,0,113,45.0,45.0,0.0,-11540.358457,0.0
2019-02-05,16,0,115,45.0,45.0,0.0,-11540.358457,0.0
2019-02-05,16,0,116,60.14,60.14,0.0,-60140.0,0.0
2019-02-05,16,0,117,3.0,3.0,0.0,-769.35723,0.0
2019-02-05,16,0,119,60.0,60.0,0.0,6953.385374,0.0
2019-02-05,16,0,120,35.28,35.28,0.0,4088.5906,0.0
2019-02-05,16,0,123,1.74,1.74,0.0,-40.074896,0.0
2019-02-05,16,0,125,52.26,52.26,0.0,-1203.628785,0.0
2019-02-05,16,0,126,78.13,78.13,0.0,-1799.454975,0.0
2019-02-05,16,0,127,100.27,100.27,0.0,-2309.373484,0.0
2019-02-05,16,0,128,74.85,74.85,0.0,-1723.911492,0.0
2019-02-05,16,0,131,30.0,30.0,0.0,-10992.289687,0.0
2019-02-05,16,0,132,44.1,44.1,0.0,-16158.66584,0.0
2019-02-05,16,0,133,50.5,50.5,0.0,290.50084,0.0
2019-02-05,16,0,134,0.0,0.0,0.0,0.0,0.0
2019-02-05,16,0,135,64.2,64.2,0.0,369.309979,0.0
2019-02-05,16,0,136,45.9,45.9,0.0,252.596842,0.0
2019-02-05,16,0,139,107.25,107.25,0.0,-1477.769283,0.0
2019-02-05,16,0,140,162.83,162.83,0.0,-162830.0,0.0
2019-02-05,16,0,141,230.0,230.0,0.0,-126923.36227,0.0
2019-02-05,16,0,142,208.31,208.31,0.0,-114953.937368,0.0
2019-02-05,16,0,143,171.8,171.8,0.0,-3987.08768,0.0
2019-02-05,16,0,145,30.0,30.0,0.0,-525.235399,0.0
2019-02-05,16,0,146,268.0,268.0,0.0,-268000.0,0.0
2019-02-05,16,0,152,7.36,7.36,0.0,-3.142354,0.0
2019-02-05,16,0,153,9.02,9.02,0.0,-6.360788,0.0
2019-02-05,16,0,154,40.7,40.7,0.0,-560.794497,0.0
2019-02-05,16,0,157,250.0,250.0,0.0,-137960.176381,0.0
2019-02-05,16,0,158,288.7,288.7,0.0,-159316.411685,0.0
2019-02-05,16,0,159,0.0,0.0,0.0,0.0,0.0
2019-02-05,16,0,160,2.24,2.24,0.0,4.69232,0.0
2019-02-05,16,0,161,28.7,28.7,0.0,-11637.685812,0.0
2019-02-05,16,0,162,162.5,162.5,0.0,3291.448789,0.0
2019-02-05,16,0,163,146.36,146.36,0.0,-146360.0,0.0
2019-02-05,16,0,164,13.24,13.24,0.0,-307.270319,0.0
2019-02-05,16,0,167,5.37,5.37,0.0,87.062116,0.0
2019-02-05,16,0,168,2.68,2.68,0.0,43.449994,0.0
2019-02-05,16,0,169,0.0,0.0,0.0,0.0,0.0
2019-02-05,16,0,170,5.87,5.87,0.0,95.168458,0.0
2019-02-05,16,0,172,6.99,6.99,0.0,99.206154,0.0
2019-02-05,16,0,173,10.65,10.65,0.0,151.151007,0.0
2019-02-05,16,0,188,9.11,9.11,0.0,231.107017,0.0
2019-02-05,16,0,190,5.73,5.73,0.0,185.809902,0.0
2019-02-05,16,0,191,14.8,14.8,0.0,479.927845,0.0
2019-02-05,16,0,192,205.2,205.2,0.0,6654.134721,0.0
2019-02-05,16,0,194,52.95,52.95,0.0,-6523.373846,0.0
2019-02-05,16,0,196,3.58,3.58,0.0,968.488161,0.0
2019-02-05,16,0,198,10.24,10.24,0.0,83.634634,0.0
2019-02-05,16,0,199,130.0,130.0,0.0,-3440.438222,0.0
2019-02-05,16,0,200,17.26,17.26,0.0,-456.784336,0.0
2019-02-05,16,0,204,257.1,257.1,0.0,-2207.159235,0.0
2019-02-05,16,0,205,317.4,317.4,0.0,-2493.381793,0.0
2019-02-05,16,0,206,539.94,539.94,0.0,-12630.196472,0.0
2019-02-05,16,0,210,2.2,2.2,0.0,15.187614,0.0
2019-02-05,16,0,214,12.76,12.76,0.0,182.569228,0.0
2019-02-05,16,0,217,8.44,8.44,0.0,94.996464,0.0
2019-02-05,16,0,218,11.65,11.65,0.0,131.126636,0.0
2019-02-05,16,0,219,7.93,7.93,0.0,89.256156,0.0
2019-02-05,16,0,221,6.8,6.8,0.0,97.293946,0.0
2019-02-05,16,0,225,6.24,6.24,0.0,35.324777,0.0
2019-02-05,16,0,233,7.58,7.58,0.0,84.287484,0.0
2019-02-05,16,0,236,159.03,159.03,0.0,439.419477,0.0
2019-02-05,16,0,237,308.11,308.11,0.0,-180.868082,0.0
2019-02-05,16,0,238,85.63,85.63,0.0,390.832007,0.0
2019-02-05,16,0,240,10.21,10.21,0.0,-28.878189,0.0
2019-02-05,16,0,245,78.0,78.0,0.0,509.325773,0.0
2019-02-05,16,0,247,171.72,171.72,0.0,1121.300278,0.0
2019-02-05,16,0,248,36.28,36.28,0.0,-21.297245,0.0
2019-02-05,16,0,249,150.0,150.0,0.0,979.47264,0.0
2019-02-05,16,0,251,326.4,326.4,0.0,1683.872681,0.0
2019-02-05,16,0,252,267.06,267.06,0.0,1472.864993,0.0
2019-02-05,16,0,254,16.54,16.54,0.0,-13.232509,0.0
2019-02-05,16,0,255,7.58,7.58,0.0,-6.064233,0.0
2019-02-05,16,0,258,12.35,12.35,0.0,-32.819436,0.0
2019-02-05,16,0,260,5.43,5.43,0.0,11.374687,0.0
2019-02-05,16,0,265,42.14,42.14,0.0,-580.635875,0.0
2019-02-05,16,0,266,68.38,68.38,0.0,-942.18987,0.0
2019-02-05,16,0,267,84.71,84.71,0.0,-1167.196606,0.0
2019-02-05,16,0,270,395.58,395.58,0.0,-395580.0,0.0
2019-02-05,16,0,272,150.39,150.39,0.0,-38567.877963,0.0
2019-02-05,16,0,273,14.38,14.38,0.0,-14380.0,0.0
2019-02-05,16,0,274,493.67,493.67,0.0,-493670.0,0.0
2019-02-05,16,0,275,661.83,661.83,0.0,-661830.0,0.0
2019-02-05,16,0,276,3.29,3.29,0.0,-2960.78776,0.0
2019-02-05,16,0,277,4.13,4.13,0.0,-1102.307528,0.0
2019-02-05,16,0,278,6.61,6.61,0.0,-1764.22585,0.0
2019-02-05,16,0,279,604.22,604.22,0.0,-161267.858276,0.0
2019-02-05,16,0,281,47.39,47.39,0.0,-1099.814233,0.0
2019-02-05,16,0,282,162.78,162.78,0.0,-3777.753973,0.0
2019-02-05,17,0,9,0.95,0.95,0.0,-8.818177,0.0
2019-02-05,17,0,17,33.04,33.04,0.0,210.179407,0.0
2019-02-05,17,0,19,284.63,284.63,0.0,1810.634521,0.0
2019-02-05,17,0,20,342.76,342.76,0.0,2180.420505,0.0
2019-02-05,17,0,21,21.65,21.65,0.0,-200.961617,0.0
2019-02-05,17,0,22,76.95,76.95,0.0,-714.272351,0.0
2019-02-05,17,0,23,47.2,47.2,0.0,-438.124171,0.0
2019-02-05,17,0,24,83.96,83.96,0.0,-779.341216,0.0
2019-02-05,17,0,29,4.85,4.85,0.0,25.31801,0.0
2019-02-05,17,0,30,214.46,214.46,0.0,-2010.944364,0.0
2019-02-05,17,0,31,110.11,110.11,0.0,-1032.47731,0.0
2019-02-05,17,0,32,3.06,3.06,0.0,141.175545,0.0
2019-02-05,17,0,33,1.91,1.91,0.0,17.879342,0.0
2019-02-05,17,0,34,3.06,3.06,0.0,28.644391,0.0
2019-02-05,17,0,35,3.06,3.06,0.0,28.644391,0.0
2019-02-05,17,0,36,6.41,6.41,0.0,9.72668,0.0
2019-02-05,17,0,37,3.22,3.22,0.0,4.584599,0.0
2019-02-05,17,0,38,4.15,4.15,0.0,5.908722,0.0
2019-02-05,17,0,39,2.76,2.76,0.0,3.929656,0.0
2019-02-05,17,0,40,2.76,2.76,0.0,3.929656,0.0
2019-02-05,17,0,41,34.8,34.8,0.0,-149.741717,0.0
2019-02-05,17,0,42,47.65,47.65,0.0,272.137009,0.0
2019-02-05,17,0,43,19.51,19.51,0.0,39.427411,0.0
2019-02-05,17,0,46,14.56,14.56,0.0,5.534976,0.0
2019-02-05,17,0,52,116.71,116.71,0.0,-1094.364062,0.0
2019-02-05,17,0,53,185.42,185.42,0.0,-1738.642656,0.0
2019-02-05,17,0,55,623.0,623.0,0.0,-5782.867765,0.0
2019-02-05,17,0,56,63.26,63.26,0.0,-593.17514,0.0
2019-02-05,17,0,57,60.17,60.17,0.0,-564.200888,0.0
2019-02-05,17,0,58,115.72,115.72,0.0,-1085.081049,0.0
2019-02-05,17,0,59,113.79,113.79,0.0,-1066.983863,0.0
2019-02-05,17,0,63,95.49,95.49,0.0,11017.145837,0.0
2019-02-05,17,0,64,112.31,112.31,0.0,12957.751063,0.0
2019-02-05,17,0,65,41.4,41.4,0.0,258.360023,0.0
2019-02-05,17,0,67,114.2,114.2,0.0,-63256.505728,0.0
2019-02-05,17,0,68,19.11,19.11,0.0,-7801.449445,0.0
2019-02-05,17,0,69,1.91,1.91,0.0,17.879342,0.0
2019-02-05,17,0,74,104.24,104.24,0.0,297.579392,0.0
2019-02-05,17,0,77,60.0,60.0,0.0,-17181.13251,0.0
2019-02-05,17,0,78,45.36,45.36,0.0,-12988.936177,0.0
2019-02-05,17,0,79,26.25,26.25,0.0,-7516.745473,0.0
2019-02-05,17,0,80,42.45,42.45,0.0,-12155.651251,0.0
2019-02-05,17,0,81,55.5,55.5,0.0,-15892.547571,0.0
2019-02-05,17,0,82,39.15,39.15,0.0,-11210.688963,0.0
2019-02-05,17,0,83,87.3,87.3,0.0,-24998.547802,0.0
2019-02-05,17,0,84,0.0,0.0,0.0,0.0,0.0
2019-02-05,17,0,86,9.7,9.7,0.0,90.800847,0.0
2019-02-05,17,0,87,49.5,49.5,0.0,463.365149,0.0
2019-02-05,17,0,88,51.18,51.18,0.0,-14655.506031,0.0
2019-02-05,17,0,89,49.2,49.2,0.0,-14088.528658,0.0
2019-02-05,17,0,90,66.06,66.06,0.0,-18916.426893,0.0
2019-02-05,17,0,91,235.65,235.65,0.0,-67478.897932,0.0
2019-02-05,17,0,92,84.75,84.75,0.0,-24268.34967,0.0
2019-02-05,17,0,95,120.0,120.0,0.0,2333.493576,0.0
2019-02-05,17,0,96,29.88,29.88,0.0,-283.128857,0.0
2019-02-05,17,0,97,183.75,183.75,0.0,-1741.128767,0.0
2019-02-05,17,0,99,21.2,21.2,0.0,60.520751,0.0
2019-02-05,17,0,101,4.32,4.32,0.0,-40.507692,0.0
2019-02-05,17,0,102,45.19,45.19,0.0,-18448.325506,0.0
2019-02-05,17,0,103,39.3,39.3,0.0,-16043.797132,0.0
2019-02-05,17,0,104,7.33,7.33,0.0,-2992.392697,0.0
2019-02-05,17,0,106,75.75,75.75,0.0,-703.133601,0.0
2019-02-05,17,0,109,60.0,60.0,0.0,-69.379904,0.0
2019-02-05,17,0,110,152.91,152.91,0.0,-152910.0,0.0
2019-02-05,17,0,111,7.43,7.43,0.0,-31.970717,0.0
2019-02-05,17,0,113,45.0,45.0,0.0,-11641.233345,0.0
2019-02-05,17,0,115,45.0,45.0,0.0,-11641.233345,0.0
2019-02-05,17,0,116,43.3,43.3,0.0,-43300.0,0.0
2019-02-05,17,0,117,3.0,3.0,0.0,-776.082223,0.0
2019-02-05,17,0,119,112.31,112.31,0.0,12957.751063,0.0
2019-02-05,17,0,120,66.1,66.1,0.0,7626.278562,0.0
2019-02-05,17,0,123,1.26,1.26,0.0,-11.695688,0.0
2019-02-05,17,0,125,75.89,75.89,0.0,-704.433121,0.0
2019-02-05,17,0,126,56.81,56.81,0.0,-527.326995,0.0
2019-02-05,17,0,127,72.91,72.91,0.0,-676.771892,0.0
2019-02-05,17,0,128,109.23,109.23,0.0,-1013.904729,0.0
2019-02-05,17,0,131,30.0,30.0,0.0,-11080.048308,0.0
2019-02-05,17,0,132,44.1,44.1,0.0,-16287.671013,0.0
2019-02-05,17,0,133,111.85,111.85,0.0,712.791158,0.0
2019-02-05,17,0,134,0.0,0.0,0.0,0.0,0.0
2019-02-05,17,0,135,146.43,146.43,0.0,933.160566,0.0
2019-02-05,17,0,136,45.9,45.9,0.0,286.138285,0.0
2019-02-05,17,0,139,44.94,44.94,0.0,-193.373355,0.0
2019-02-05,17,0,140,113.17,113.17,0.0,-113170.0,0.0
2019-02-05,17,0,141,230.0,230.0,0.0,-127399.267228,0.0
2019-02-05,17,0,142,150.6,150.6,0.0,-83418.824541,0.0
2019-02-05,17,0,143,198.3,198.3,0.0,-1859.41559,0.0
2019-02-05,17,0,145,30.0,30.0,0.0,-189.731921,0.0
2019-02-05,17,0,146,268.0,268.0,0.0,-268000.0,0.0
2019-02-05,17,0,152,5.32,5.32,0.0,15.562689,0.0
2019-02-05,17,0,153,6.49,6.49,0.0,17.976973,0.0
2019-02-05,17,0,154,30.66,30.66,0.0,-131.927616,0.0
2019-02-05,17,0,157,250.0,250.0,0.0,-138477.464378,0.0
2019-02-05,17,0,158,213.25,213.25,0.0,-118121.277114,0.0
2019-02-05,17,0,159,0.0,0.0,0.0,0.0,0.0
2019-02-05,17,0,160,1.61,1.61,0.0,6.405443,0.0
2019-02-05,17,0,161,20.54,20.54,0.0,-8385.231376,0.0
2019-02-05,17,0,162,162.5,162.5,0.0,3289.613005,0.0
2019-02-05,17,0,163,145.49,145.49,0.0,-145490.0,0.0
2019-02-05,17,0,164,9.69,9.69,0.0,-90.861004,0.0
2019-02-05,17,0,167,3.66,3.66,0.0,59.362818,0.0
2019-02-05,17,0,168,1.83,1.83,0.0,29.681409,0.0
2019-02-05,17,0,169,0.0,0.0,0.0,0.0,0.0
2019-02-05,17,0,170,4.0,4.0,0.0,64.877397,0.0
2019-02-05,17,0,172,4.78,4.78,0.0,73.872714,0.0
2019-02-05,17,0,173,7.28,7.28,0.0,112.50907,0.0
2019-02-05,17,0,188,6.11,6.11,0.0,157.250599,0.0
2019-02-05,17,0,190,4.01,4.01,0.0,130.034504,0.0
2019-02-05,17,0,191,10.37,10.37,0.0,336.273767,0.0
2019-02-05,17,0,192,145.16,145.16,0.0,4707.184191,0.0
2019-02-05,17,0,194,52.95,52.95,0.0,-6590.027736,0.0
2019-02-05,17,0,196,2.58,2.58,0.0,694.92577,0.0
2019-02-05,17,0,198,7.22,7.22,0.0,50.03582,0.0
2019-02-05,17,0,199,130.0,130.0,0.0,-3220.863151,0.0
2019-02-05,17,0,200,12.09,12.09,0.0,-299.540273,0.0
2019-02-05,17,0,204,257.1,257.1,0.0,-399.79799,0.0
2019-02-05,17,0,205,317.4,317.4,0.0,-367.019692,0.0
2019-02-05,17,0,206,539.94,539.94,0.0,-5116.218049,0.0
2019-02-05,17,0,210,1.56,1.56,0.0,9.369795,0.0
2019-02-05,17,0,214,8.94,8.94,0.0,99.558917,0.0
2019-02-05,17,0,217,5.86,5.86,0.0,52.26798,0.0
2019-02-05,17,0,218,8.08,8.08,0.0,72.06916,0.0
2019-02-05,17,0,219,5.51,5.51,0.0,49.146173,0.0
2019-02-05,17,0,221,4.77,4.77,0.0,53.120362,0.0
2019-02-05,17,0,225,4.42,4.42,0.0,22.737784,0.0
2019-02-05,17,0,233,5.49,5.49,0.0,51.391407,0.0
2019-02-05,17,0,236,159.03,159.03,0.0,748.499857,0.0
2019-02-05,17,0,237,257.58,257.58,0.0,735.327128,0.0
2019-02-05,17,0,238,62.02,62.02,0.0,354.206449,0.0
2019-02-05,17,0,240,7.27,7.27,0.0,11.031664,0.0
2019-02-05,17,0,245,78.0,78.0,0.0,530.829999,0.0
2019-02-05,17,0,247,171.72,171.72,0.0,1168.64266,0.0
2019-02-05,17,0,248,26.21,26.21,0.0,74.823061,0.0
2019-02-05,17,0,249,150.0,150.0,0.0,1020.826922,0.0
2019-02-05,17,0,251,326.4,326.4,0.0,1972.199009,0.0
2019-02-05,17,0,252,267.06,267.06,0.0,1666.609363,0.0
2019-02-05,17,0,254,11.68,11.68,0.0,29.341642,0.0
2019-02-05,17,0,255,5.35,5.35,0.0,13.439879,0.0
2019-02-05,17,0,258,8.82,8.82,0.0,14.100848,0.0
2019-02-05,17,0,260,3.9,3.9,0.0,15.516291,0.0
2019-02-05,17,0,265,31.74,31.74,0.0,-136.574773,0.0
2019-02-05,17,0,266,29.1,29.1,0.0,-125.215056,0.0
2019-02-05,17,0,267,35.76,35.76,0.0,-153.872523,0.0
2019-02-05,17,0,270,454.37,454.37,0.0,-454370.0,0.0
2019-02-05,17,0,272,150.39,150.39,0.0,-38905.00184,0.0
2019-02-05,17,0,273,10.35,10.35,0.0,-10350.0,0.0
2019-02-05,17,0,274,585.74,585.74,0.0,-585740.0,0.0
2019-02-05,17,0,275,815.36,815.36,0.0,-815360.0,0.0
2019-02-05,17,0,276,2.35,2.35,0.0,-2115.934095,0.0
2019-02-05,17,0,277,3.01,3.01,0.0,-812.045827,0.0
2019-02-05,17,0,278,4.81,4.81,0.0,-1297.654627,0.0
2019-02-05,17,0,279,264.6,264.6,0.0,-71384.493598,0.0
2019-02-05,17,0,281,49.42,49.42,0.0,-463.400496,0.0
2019-02-05,17,0,282,117.65,117.65,0.0,-1103.178236,0.0
2019-02-05,18,0,9,0.57,0.57,0.0,3.437692,0.0
2019-02-05,18,0,17,18.75,18.75,0.0,171.438089,0.0
2019-02-05,18,0,19,332.94,332.94,0.0,3044.191859,0.0
2019-02-05,18,0,20,405.43,405.43,0.0,3706.99437,0.0
2019-02-05,18,0,21,13.08,13.08,0.0,78.885983,0.0
2019-02-05,18,0,22,46.5,46.5,0.0,280.443288,0.0
2019-02-05,18,0,23,93.35,93.35,0.0,562.997439,0.0
2019-02-05,18,0,24,165.64,165.64,0.0,998.981209,0.0
2019-02-05,18,0,29,2.49,2.49,0.0,20.979514,0.0
2019-02-05,18,0,30,131.28,131.28,0.0,789.33169,0.0
2019-02-05,18,0,31,85.41,85.41,0.0,513.53458,0.0
2019-02-05,18,0,32,1.61,1.61,0.0,24.141882,0.0
2019-02-05,18,0,33,1.07,1.07,0.0,10.441014,0.0
2019-02-05,18,0,34,1.72,1.72,0.0,16.783685,0.0
2019-02-05,18,0,35,1.72,1.72,0.0,16.783685,0.0
2019-02-05,18,0,36,3.65,3.65,0.0,29.679228,0.0
2019-02-05,18,0,37,1.84,1.84,0.0,14.920469,0.0
2019-02-05,18,0,38,2.36,2.36,0.0,19.137124,0.0
2019-02-05,18,0,39,1.57,1.57,0.0,12.731053,0.0
2019-02-05,18,0,40,1.57,1.57,0.0,12.731053,0.0
2019-02-05,18,0,41,30.15,30.15,0.0,211.293586,0.0
2019-02-05,18,0,42,28.48,28.48,0.0,256.608866,0.0
2019-02-05,18,0,43,10.97,10.97,0.0,90.095254,0.0
2019-02-05,18,0,46,8.22,8.22,0.0,64.953208,0.0
2019-02-05,18,0,52,90.54,90.54,0.0,544.379123,0.0
2019-02-05,18,0,53,143.87,143.87,0.0,865.030091,0.0
2019-02-05,18,0,55,460.54,460.54,0.0,2777.534448,0.0
2019-02-05,18,0,56,38.72,38.72,0.0,232.807153,0.0
2019-02-05,18,0,57,36.83,36.83,0.0,221.443374,0.0
2019-02-05,18,0,58,70.83,70.83,0.0,425.871143,0.0
2019-02-05,18,0,59,69.65,69.65,0.0,418.776297,0.0
2019-02-05,18,0,63,95.85,95.85,0.0,1694.422588,0.0
2019-02-05,18,0,64,112.76,112.76,0.0,1993.355149,0.0
2019-02-05,18,0,65,41.4,41.4,0.0,377.510751,0.0
2019-02-05,18,0,67,68.89,68.89,0.0,-359.799089,0.0
2019-02-05,18,0,68,6.39,6.39,0.0,-0.721578,0.0
2019-02-05,18,0,69,1.07,1.07,0.0,10.441014,0.0
2019-02-05,18,0,74,58.3,58.3,0.0,491.338721,0.0
2019-02-05,18,0,77,44.35,44.35,0.0,188.937974,0.0
2019-02-05,18,0,78,33.53,33.53,0.0,142.843072,0.0
2019-02-05,18,0,79,19.4,19.4,0.0,82.64705,0.0
2019-02-05,18,0,80,31.38,31.38,0.0,133.683734,0.0
2019-02-05,18,0,81,41.02,41.02,0.0,174.75165,0.0
2019-02-05,18,0,82,28.94,28.94,0.0,123.28895,0.0
2019-02-05,18,0,83,64.53,64.53,0.0,274.907947,0.0
2019-02-05,18,0,84,0.0,0.0,0.0,0.0,0.0
2019-02-05,18,0,86,5.44,5.44,0.0,53.083284,0.0
2019-02-05,18,0,87,27.77,27.77,0.0,270.978456,0.0
2019-02-05,18,0,88,35.78,35.78,0.0,152.428426,0.0
2019-02-05,18,0,89,34.4,34.4,0.0,146.549409,0.0
2019-02-05,18,0,90,46.18,46.18,0.0,196.734061,0.0
2019-02-05,18,0,91,164.74,164.74,0.0,701.818304,0.0
2019-02-05,18,0,92,59.25,59.25,0.0,252.414316,0.0
2019-02-05,18,0,95,107.0,107.0,0.0,1615.889016,0.0
2019-02-05,18,0,96,25.05,25.05,0.0,150.131965,0.0
2019-02-05,18,0,97,154.02,154.02,0.0,923.086838,0.0
2019-02-05,18,0,99,11.25,11.25,0.0,94.81236,0.0
2019-02-05,18,0,101,2.64,2.64,0.0,15.873215,0.0
2019-02-05,18,0,102,15.13,15.13,0.0,-1.708524,0.0
2019-02-05,18,0,103,13.16,13.16,0.0,-1.486066,0.0
2019-02-05,18,0,104,2.44,2.44,0.0,-0.275532,0.0
2019-02-05,18,0,106,45.77,45.77,0.0,276.04063,0.0
2019-02-05,18,0,109,60.0,60.0,0.0,456.892357,0.0
2019-02-05,18,0,110,105.8,105.8,0.0,-2208.140365,0.0
2019-02-05,18,0,111,4.45,4.45,0.0,31.185952,0.0
2019-02-05,18,0,113,23.99,23.99,0.0,117.794892,0.0
2019-02-05,18,0,115,23.99,23.99,0.0,117.794892,0.0
2019-02-05,18,0,116,24.88,24.88,0.0,-519.267791,0.0
2019-02-05,18,0,117,1.6,1.6,0.0,7.856266,0.0
2019-02-05,18,0,119,112.76,112.76,0.0,1993.355149,0.0
2019-02-05,18,0,120,66.3,66.3,0.0,1172.041915,0.0
2019-02-05,18,0,123,0.76,0.76,0.0,4.583589,0.0
2019-02-05,18,0,125,149.8,149.8,0.0,903.44956,0.0
2019-02-05,18,0,126,34.33,34.33,0.0,207.04555,0.0
2019-02-05,18,0,127,44.06,44.06,0.0,265.727554,0.0
2019-02-05,18,0,128,215.11,215.11,0.0,1297.336681,0.0
2019-02-05,18,0,131,23.43,23.43,0.0,29.328957,0.0
2019-02-05,18,0,132,34.44,34.44,0.0,43.110938,0.0
2019-02-05,18,0,133,139.8,139.8,0.0,1278.568349,0.0
2019-02-05,18,0,134,0.0,0.0,0.0,0.0,0.0
2019-02-05,18,0,135,187.33,187.33,0.0,1713.263297,0.0
2019-02-05,18,0,136,45.9,45.9,0.0,418.482169,0.0
2019-02-05,18,0,139,38.94,38.94,0.0,272.894602,0.0
2019-02-05,18,0,140,78.3,78.3,0.0,-1634.190837,0.0
2019-02-05,18,0,141,230.0,230.0,0.0,-1201.245327,0.0
2019-02-05,18,0,142,90.85,90.85,0.0,-474.491904,0.0
2019-02-05,18,0,143,167.89,167.89,0.0,1009.452297,0.0
2019-02-05,18,0,145,19.13,19.13,0.0,126.403774,0.0
2019-02-05,18,0,146,248.59,248.59,0.0,-5188.295022,0.0
2019-02-05,18,0,152,3.07,3.07,0.0,25.903324,0.0
2019-02-05,18,0,153,3.73,3.73,0.0,31.352944,0.0
2019-02-05,18,0,154,18.34,18.34,0.0,128.528171,0.0
2019-02-05,18,0,157,250.0,250.0,0.0,-1305.701442,0.0
2019-02-05,18,0,158,129.55,129.55,0.0,-676.614487,0.0
2019-02-05,18,0,159,0.0,0.0,0.0,0.0,0.0
2019-02-05,18,0,160,0.89,0.89,0.0,7.623116,0.0
2019-02-05,18,0,161,12.18,12.18,0.0,-1.375401,0.0
2019-02-05,18,0,162,100.95,100.95,0.0,1527.417368,0.0
2019-02-05,18,0,163,78.84,78.84,0.0,-1645.461119,0.0
2019-02-05,18,0,164,5.89,5.89,0.0,35.414105,0.0
2019-02-05,18,0,167,1.9,1.9,0.0,28.549624,0.0
2019-02-05,18,0,168,0.95,0.95,0.0,14.274812,0.0
2019-02-05,18,0,169,0.0,0.0,0.0,0.0,0.0
2019-02-05,18,0,170,2.07,2.07,0.0,31.104064,0.0
2019-02-05,18,0,172,2.5,2.5,0.0,35.636736,0.0
2019-02-05,18,0,173,3.8,3.8,0.0,54.167838,0.0
2019-02-05,18,0,188,3.24,3.24,0.0,47.063302,0.0
2019-02-05,18,0,190,2.23,2.23,0.0,39.421621,0.0
2019-02-05,18,0,191,5.76,5.76,0.0,101.824456,0.0
2019-02-05,18,0,192,99.45,99.45,0.0,1758.062873,0.0
2019-02-05,18,0,194,90.64,90.64,0.0,844.784215,0.0
2019-02-05,18,0,196,1.46,1.46,0.0,33.628052,0.0
2019-02-05,18,0,198,3.94,3.94,0.0,35.70541,0.0
2019-02-05,18,0,199,130.0,130.0,0.0,1311.015749,0.0
2019-02-05,18,0,200,6.51,6.51,0.0,65.651635,0.0
2019-02-05,18,0,204,257.1,257.1,0.0,1937.250323,0.0
2019-02-05,18,0,205,317.4,317.4,0.0,2416.960566,0.0
2019-02-05,18,0,206,452.58,452.58,0.0,2712.444107,0.0
2019-02-05,18,0,210,0.8,0.8,0.0,6.87863,0.0
2019-02-05,18,0,214,4.79,4.79,0.0,48.483602,0.0
2019-02-05,18,0,217,3.08,3.08,0.0,29.139619,0.0
2019-02-05,18,0,218,4.25,4.25,0.0,40.20889,0.0
2019-02-05,18,0,219,2.89,2.89,0.0,27.342045,0.0
2019-02-05,18,0,221,2.55,2.55,0.0,25.810686,0.0
2019-02-05,18,0,225,2.29,2.29,0.0,19.256201,0.0
2019-02-05,18,0,233,3.08,3.08,0.0,30.054507,0.0
2019-02-05,18,0,236,159.03,159.03,0.0,1400.081012,0.0
2019-02-05,18,0,237,139.85,139.85,0.0,1178.622988,0.0
2019-02-05,18,0,238,37.07,37.07,0.0,334.005992,0.0
2019-02-05,18,0,240,4.14,4.14,0.0,33.663562,0.0
2019-02-05,18,0,245,78.0,78.0,0.0,720.280771,0.0
2019-02-05,18,0,247,171.72,171.72,0.0,1585.725821,0.0
2019-02-05,18,0,248,14.04,14.04,0.0,118.325826,0.0
2019-02-05,18,0,249,150.0,150.0,0.0,1385.155329,0.0
2019-02-05,18,0,251,326.4,326.4,0.0,2963.05455,0.0
2019-02-05,18,0,252,267.06,267.06,0.0,2435.217901,0.0
2019-02-05,18,0,254,6.52,6.52,0.0,54.124551,0.0
2019-02-05,18,0,255,2.99,2.99,0.0,24.820922,0.0
2019-02-05,18,0,258,5.01,5.01,0.0,40.803801,0.0
2019-02-05,18,0,260,2.17,2.17,0.0,18.586697,0.0
2019-02-05,18,0,265,18.99,18.99,0.0,133.083423,0.0
2019-02-05,18,0,266,25.22,25.22,0.0,176.743756,0.0
2019-02-05,18,0,267,30.99,30.99,0.0,217.180373,0.0
2019-02-05,18,0,270,246.21,246.21,0.0,-5138.622299,0.0
2019-02-05,18,0,272,80.17,80.17,0.0,393.648041,0.0
2019-02-05,18,0,273,5.95,5.95,0.0,-124.181807,0.0
2019-02-05,18,0,274,317.4,317.4,0.0,-6624.421095,0.0
2019-02-05,18,0,275,441.82,441.82,0.0,-9221.177468,0.0
2019-02-05,18,0,276,1.36,1.36,0.0,-23.632726,0.0
2019-02-05,18,0,277,1.75,1.75,0.0,8.136743,0.0
2019-02-05,18,0,278,2.79,2.79,0.0,12.972293,0.0
2019-02-05,18,0,279,144.83,144.83,0.0,673.396824,0.0
2019-02-05,18,0,281,38.3,38.3,0.0,230.281869,0.0
2019-02-05,18,0,282,72.01,72.01,0.0,432.965989,0.0
2019-02-05,19,0,9,0.16,0.16,0.0,1.817623,0.0
2019-02-05,19,0,17,1.32,1.32,0.0,-0.139246,0.0
2019-02-05,19,0,19,615.51,615.51,0.0,-64.929663,0.0
2019-02-05,19,0,20,748.14,748.14,0.0,-78.920697,0.0
2019-02-05,19,0,21,3.57,3.57,0.0,40.55572,0.0
2019-02-05,19,0,22,12.69,12.69,0.0,144.16025,0.0
2019-02-05,19,0,23,77.66,77.66,0.0,882.22892,0.0
2019-02-05,19,0,24,137.4,137.4,0.0,1560.884029,0.0
2019-02-05,19,0,29,0.0,0.0,0.0,0.0,0.0
2019-02-05,19,0,30,34.74,34.74,0.0,394.56988,0.0
2019-02-05,19,0,31,36.22,36.22,0.0,411.37942,0.0
2019-02-05,19,0,32,0.0,0.0,0.0,0.0,0.0
2019-02-05,19,0,33,0.08,0.08,0.0,0.890897,0.0
2019-02-05,19,0,34,0.12,0.12,0.0,1.336345,0.0
2019-02-05,19,0,35,0.12,0.12,0.0,1.336345,0.0
2019-02-05,19,0,36,0.34,0.34,0.0,3.935918,0.0
2019-02-05,19,0,37,0.17,0.17,0.0,1.964124,0.0
2019-02-05,19,0,38,0.22,0.22,0.0,2.541807,0.0
2019-02-05,19,0,39,0.14,0.14,0.0,1.617514,0.0
2019-02-05,19,0,40,0.14,0.14,0.0,1.617514,0.0
2019-02-05,19,0,41,22.67,22.67,0.0,260.927014,0.0
2019-02-05,19,0,42,5.05,5.05,0.0,42.659958,0.0
2019-02-05,19,0,43,0.8,0.8,0.0,9.203643,0.0
2019-02-05,19,0,46,0.48,0.48,0.0,5.525823,0.0
2019-02-05,19,0,52,38.39,38.39,0.0,436.02584,0.0
2019-02-05,19,0,53,60.99,60.99,0.0,692.712061,0.0
2019-02-05,19,0,55,186.9,186.9,0.0,2123.211244,0.0
2019-02-05,19,0,56,10.25,10.25,0.0,116.417423,0.0
2019-02-05,19,0,57,9.75,9.75,0.0,110.738524,0.0
2019-02-05,19,0,58,18.74,18.74,0.0,212.845122,0.0
2019-02-05,19,0,59,18.43,18.43,0.0,209.324205,0.0
2019-02-05,19,0,63,42.36,42.36,0.0,570.42896,0.0
2019-02-05,19,0,64,49.83,49.83,0.0,671.021603,0.0
2019-02-05,19,0,65,41.4,41.4,0.0,219.108726,0.0
2019-02-05,19,0,67,20.53,20.53,0.0,241.164171,0.0
2019-02-05,19,0,68,3.84,3.84,0.0,43.806238,0.0
2019-02-05,19,0,69,0.08,0.08,0.0,0.890897,0.0
2019-02-05,19,0,74,46.83,46.83,0.0,554.586904,0.0
2019-02-05,19,0,77,22.4,22.4,0.0,249.543819,0.0
2019-02-05,19,0,78,16.94,16.94,0.0,188.717513,0.0
2019-02-05,19,0,79,9.8,9.8,0.0,109.175421,0.0
2019-02-05,19,0,80,15.85,15.85,0.0,176.574533,0.0
2019-02-05,19,0,81,20.72,20.72,0.0,230.828032,0.0
2019-02-05,19,0,82,14.62,14.62,0.0,162.871903,0.0
2019-02-05,19,0,83,32.6,32.6,0.0,363.175379,0.0
2019-02-05,19,0,84,0.0,0.0,0.0,0.0,0.0
2019-02-05,19,0,86,0.39,0.39,0.0,4.343121,0.0
2019-02-05,19,0,87,1.99,1.99,0.0,22.161053,0.0
2019-02-05,19,0,88,16.42,16.42,0.0,182.924532,0.0
2019-02-05,19,0,89,15.78,15.78,0.0,175.794708,0.0
2019-02-05,19,0,90,21.19,21.19,0.0,236.063997,0.0
2019-02-05,19,0,91,75.6,75.6,0.0,842.210389,0.0
2019-02-05,19,0,92,27.19,27.19,0.0,302.906091,0.0
2019-02-05,19,0,95,69.84,69.84,0.0,940.484695,0.0
2019-02-05,19,0,96,14.11,14.11,0.0,160.22389,0.0
2019-02-05,19,0,97,86.74,86.74,0.0,984.962454,0.0
2019-02-05,19,0,99,9.04,9.04,0.0,107.056708,0.0
2019-02-05,19,0,101,0.7,0.7,0.0,7.950458,0.0
2019-02-05,19,0,102,11.0,11.0,0.0,125.486618,0.0
2019-02-05,19,0,103,9.23,9.23,0.0,105.294681,0.0
2019-02-05,19,0,104,1.32,1.32,0.0,15.058394,0.0
2019-02-05,19,0,106,12.5,12.5,0.0,142.001822,0.0
2019-02-05,19,0,109,34.68,34.68,0.0,400.230731,0.0
2019-02-05,19,0,110,76.49,76.49,0.0,977.937381,0.0
2019-02-05,19,0,111,1.21,1.21,0.0,13.92685,0.0
2019-02-05,19,0,113,10.62,10.62,0.0,117.063235,0.0
2019-02-05,19,0,115,10.62,10.62,0.0,117.063235,0.0
2019-02-05,19,0,116,2.23,2.23,0.0,28.510921,0.0
2019-02-05,19,0,117,0.71,0.71,0.0,7.826261,0.0
2019-02-05,19,0,119,49.83,49.83,0.0,671.021603,0.0
2019-02-05,19,0,120,29.3,29.3,0.0,394.560164,0.0
2019-02-05,19,0,123,0.21,0.21,0.0,2.385631,0.0
2019-02-05,19,0,125,124.34,124.34,0.0,1412.520525,0.0
2019-02-05,19,0,126,9.37,9.37,0.0,106.444566,0.0
2019-02-05,19,0,127,12.03,12.03,0.0,136.662554,0.0
2019-02-05,19,0,128,178.09,178.09,0.0,2023.12836,0.0
2019-02-05,19,0,131,12.87,12.87,0.0,145.653998,0.0
2019-02-05,19,0,132,18.92,18.92,0.0,214.123827,0.0
2019-02-05,19,0,133,135.62,135.62,0.0,1382.125986,0.0
2019-02-05,19,0,134,0.0,0.0,0.0,0.0,0.0
2019-02-05,19,0,135,183.78,183.78,0.0,1872.932559,0.0
2019-02-05,19,0,136,45.9,45.9,0.0,256.526792,0.0
2019-02-05,19,0,139,29.27,29.27,0.0,336.89165,0.0
2019-02-05,19,0,140,56.61,56.61,0.0,723.768273,0.0
2019-02-05,19,0,141,230.0,230.0,0.0,2701.790522,0.0
2019-02-05,19,0,142,27.07,27.07,0.0,317.988997,0.0
2019-02-05,19,0,143,71.55,71.55,0.0,812.650401,0.0
2019-02-05,19,0,145,7.22,7.22,0.0,82.499974,0.0
2019-02-05,19,0,146,126.78,126.78,0.0,1620.903402,0.0
2019-02-05,19,0,152,0.34,0.34,0.0,3.996167,0.0
2019-02-05,19,0,153,0.39,0.39,0.0,4.579791,0.0
2019-02-05,19,0,154,5.0,5.0,0.0,57.548967,0.0
2019-02-05,19,0,157,182.01,182.01,0.0,2138.056056,0.0
2019-02-05,19,0,158,25.29,25.29,0.0,297.079488,0.0
2019-02-05,19,0,159,0.0,0.0,0.0,0.0,0.0
2019-02-05,19,0,160,0.04,0.04,0.0,0.456081,0.0
2019-02-05,19,0,161,1.74,1.74,0.0,19.849701,0.0
2019-02-05,19,0,162,48.53,48.53,0.0,653.553372,0.0
2019-02-05,19,0,163,36.93,36.93,0.0,472.156197,0.0
2019-02-05,19,0,164,1.31,1.31,0.0,14.878715,0.0
2019-02-05,19,0,167,0.0,0.0,0.0,0.0,0.0
2019-02-05,19,0,168,0.0,0.0,0.0,0.0,0.0
2019-02-05,19,0,169,0.0,0.0,0.0,0.0,0.0
2019-02-05,19,0,170,0.0,0.0,0.0,0.0,0.0
2019-02-05,19,0,172,0.0,0.0,0.0,0.0,0.0
2019-02-05,19,0,173,0.0,0.0,0.0,0.0,0.0
2019-02-05,19,0,188,0.0,0.0,0.0,0.0,0.0
2019-02-05,19,0,190,0.1,0.1,0.0,1.346622,0.0
2019-02-05,19,0,191,0.25,0.25,0.0,3.366554,0.0
2019-02-05,19,0,192,64.24,64.24,0.0,865.069792,0.0
2019-02-05,19,0,194,81.48,81.48,0.0,868.654831,0.0
2019-02-05,19,0,196,0.1,0.1,0.0,1.320389,0.0
2019-02-05,19,0,198,0.12,0.12,0.0,1.344881,0.0
2019-02-05,19,0,199,107.98,107.98,0.0,1184.040352,0.0
2019-02-05,19,0,200,0.04,0.04,0.0,0.438615,0.0
2019-02-05,19,0,204,150.0,150.0,0.0,1728.160272,0.0
2019-02-05,19,0,205,183.47,183.47,0.0,2117.368286,0.0
2019-02-05,19,0,206,254.89,254.89,0.0,2894.363384,0.0
2019-02-05,19,0,210,0.0,0.0,0.0,0.0,0.0
2019-02-05,19,0,214,0.03,0.03,0.0,0.337986,0.0
2019-02-05,19,0,217,0.0,0.0,0.0,0.0,0.0
2019-02-05,19,0,218,0.0,0.0,0.0,0.0,0.0
2019-02-05,19,0,219,0.0,0.0,0.0,0.0,0.0
2019-02-05,19,0,221,0.01,0.01,0.0,0.112662,0.0
2019-02-05,19,0,225,0.0,0.0,0.0,0.0,0.0
2019-02-05,19,0,233,0.22,0.22,0.0,2.449966,0.0
2019-02-05,19,0,236,159.03,159.03,0.0,1888.073907,0.0
2019-02-05,19,0,237,112.34,112.34,0.0,1330.392758,0.0
2019-02-05,19,0,238,6.57,6.57,0.0,55.500183,0.0
2019-02-05,19,0,240,0.38,0.38,0.0,4.398968,0.0
2019-02-05,19,0,245,78.0,78.0,0.0,708.970657,0.0
2019-02-05,19,0,247,171.72,171.72,0.0,1560.826169,0.0
2019-02-05,19,0,248,11.28,11.28,0.0,133.584033,0.0
2019-02-05,19,0,249,150.0,150.0,0.0,1363.405109,0.0
2019-02-05,19,0,251,326.4,326.4,0.0,2342.00182,0.0
2019-02-05,19,0,252,267.06,267.06,0.0,1413.410057,0.0
2019-02-05,19,0,254,0.39,0.39,0.0,4.476741,0.0
2019-02-05,19,0,255,0.18,0.18,0.0,2.066188,0.0
2019-02-05,19,0,258,0.44,0.44,0.0,5.088448,0.0
2019-02-05,19,0,260,0.11,0.11,0.0,1.254222,0.0
2019-02-05,19,0,265,5.18,5.18,0.0,59.620729,0.0
2019-02-05,19,0,266,18.96,18.96,0.0,218.225681,0.0
2019-02-05,19,0,267,23.29,23.29,0.0,268.063086,0.0
2019-02-05,19,0,270,115.34,115.34,0.0,1474.641098,0.0
2019-02-05,19,0,272,35.51,35.51,0.0,391.423302,0.0
2019-02-05,19,0,273,0.53,0.53,0.0,6.776138,0.0
2019-02-05,19,0,274,148.68,148.68,0.0,1900.898547,0.0
2019-02-05,19,0,275,206.97,206.97,0.0,2646.145899,0.0
2019-02-05,19,0,276,0.13,0.13,0.0,1.631935,0.0
2019-02-05,19,0,277,0.19,0.19,0.0,2.103298,0.0
2019-02-05,19,0,278,0.3,0.3,0.0,3.320997,0.0
2019-02-05,19,0,279,64.62,64.62,0.0,715.342708,0.0
2019-02-05,19,0,281,16.26,16.26,0.0,184.677785,0.0
2019-02-05,19,0,282,19.06,19.06,0.0,216.479618,0.0
2019-02-05,20,0,9,0.0,0.0,0.0,0.0,0.0
2019-02-05,20,0,17,0.0,0.0,0.0,-0.0,0.0
2019-02-05,20,0,19,643.3,643.3,0.0,-986.377354,0.0
2019-02-05,20,0,20,780.2,780.2,0.0,-1196.287286,0.0
2019-02-05,20,0,21,0.0,0.0,0.0,0.0,0.0
2019-02-05,20,0,22,0.0,0.0,0.0,0.0,0.0
2019-02-05,20,0,23,62.67,62.67,0.0,727.938138,0.0
2019-02-05,20,0,24,110.88,110.88,0.0,1287.917357,0.0
2019-02-05,20,0,29,0.0,0.0,0.0,0.0,0.0
2019-02-05,20,0,30,0.0,0.0,0.0,0.0,0.0
2019-02-05,20,0,31,22.65,22.65,0.0,262.887724,0.0
2019-02-05,20,0,32,0.0,0.0,0.0,0.0,0.0
2019-02-05,20,0,33,0.0,0.0,0.0,0.0,0.0
2019-02-05,20,0,34,0.0,0.0,0.0,0.0,0.0
2019-02-05,20,0,35,0.0,0.0,0.0,0.0,0.0
2019-02-05,20,0,36,0.0,0.0,0.0,0.0,0.0
2019-02-05,20,0,37,0.0,0.0,0.0,0.0,0.0
2019-02-05,20,0,38,0.0,0.0,0.0,0.0,0.0
2019-02-05,20,0,39,0.0,0.0,0.0,0.0,0.0
2019-02-05,20,0,40,0.0,0.0,0.0,0.0,0.0
2019-02-05,20,0,41,31.36,31.36,0.0,380.135599,0.0
2019-02-05,20,0,42,0.0,0.0,0.0,0.0,0.0
2019-02-05,20,0,43,0.0,0.0,0.0,0.0,0.0
2019-02-05,20,0,46,0.0,0.0,0.0,0.0,0.0
2019-02-05,20,0,52,24.01,24.01,0.0,278.672594,0.0
2019-02-05,20,0,53,38.14,38.14,0.0,442.672751,0.0
2019-02-05,20,0,55,151.13,151.13,0.0,1755.437862,0.0
2019-02-05,20,0,56,0.0,0.0,0.0,0.0,0.0
2019-02-05,20,0,57,0.0,0.0,0.0,0.0,0.0
2019-02-05,20,0,58,0.0,0.0,0.0,0.0,0.0
2019-02-05,20,0,59,0.0,0.0,0.0,0.0,0.0
2019-02-05,20,0,63,38.72,38.72,0.0,492.128453,0.0
2019-02-05,20,0,64,45.56,45.56,0.0,579.064367,0.0
2019-02-05,20,0,65,41.4,41.4,0.0,246.134918,0.0
2019-02-05,20,0,67,0.0,0.0,0.0,0.0,0.0
2019-02-05,20,0,68,3.1,3.1,0.0,33.954615,0.0
2019-02-05,20,0,69,0.0,0.0,0.0,0.0,0.0
2019-02-05,20,0,74,37.65,37.65,0.0,488.523316,0.0
2019-02-05,20,0,77,30.65,30.65,0.0,330.0936,0.0
2019-02-05,20,0,78,23.27,23.27,0.0,250.612661,0.0
2019-02-05,20,0,79,13.54,13.54,0.0,145.822752,0.0
2019-02-05,20,0,80,21.79,21.79,0.0,234.673394,0.0
2019-02-05,20,0,81,28.38,28.38,0.0,305.646211,0.0
2019-02-05,20,0,82,20.12,20.12,0.0,216.68787,0.0
2019-02-05,20,0,83,44.25,44.25,0.0,476.562538,0.0
2019-02-05,20,0,84,0.0,0.0,0.0,0.0,0.0
2019-02-05,20,0,86,0.0,0.0,0.0,0.0,0.0
2019-02-05,20,0,87,0.0,0.0,0.0,0.0,0.0
2019-02-05,20,0,88,30.3,30.3,0.0,326.324179,0.0
2019-02-05,20,0,89,29.13,29.13,0.0,313.723542,0.0
2019-02-05,20,0,90,39.09,39.09,0.0,420.9905,0.0
2019-02-05,20,0,91,139.16,139.16,0.0,1498.721871,0.0
2019-02-05,20,0,92,50.12,50.12,0.0,539.781116,0.0
2019-02-05,20,0,95,83.18,83.18,0.0,1052.29952,0.0
2019-02-05,20,0,96,12.25,12.25,0.0,142.066027,0.0
2019-02-05,20,0,97,88.43,88.43,0.0,1025.542755,0.0
2019-02-05,20,0,99,7.27,7.27,0.0,94.331063,0.0
2019-02-05,20,0,101,0.0,0.0,0.0,0.0,0.0
2019-02-05,20,0,102,7.33,7.33,0.0,80.286234,0.0
2019-02-05,20,0,103,6.38,6.38,0.0,69.880788,0.0
2019-02-05,20,0,104,1.19,1.19,0.0,13.034191,0.0
2019-02-05,20,0,106,0.0,0.0,0.0,0.0,0.0
2019-02-05,20,0,109,30.95,30.95,0.0,382.261958,0.0
2019-02-05,20,0,110,88.59,88.59,0.0,1074.108202,0.0
2019-02-05,20,0,111,0.0,0.0,0.0,0.0,0.0
2019-02-05,20,0,113,10.93,10.93,0.0,115.035139,0.0
2019-02-05,20,0,115,10.93,10.93,0.0,115.035139,0.0
2019-02-05,20,0,116,0.0,0.0,0.0,0.0,0.0
2019-02-05,20,0,117,0.73,0.73,0.0,7.683042,0.0
2019-02-05,20,0,119,45.56,45.56,0.0,579.064367,0.0
2019-02-05,20,0,120,26.79,26.79,0.0,340.498999,0.0
2019-02-05,20,0,123,0.0,0.0,0.0,0.0,0.0
2019-02-05,20,0,125,100.33,100.33,0.0,1165.374715,0.0
2019-02-05,20,0,126,0.0,0.0,0.0,0.0,0.0
2019-02-05,20,0,127,0.0,0.0,0.0,0.0,0.0
2019-02-05,20,0,128,143.71,143.71,0.0,1669.251474,0.0
2019-02-05,20,0,131,12.03,12.03,0.0,130.839377,0.0
2019-02-05,20,0,132,17.69,17.69,0.0,192.398053,0.0
2019-02-05,20,0,133,103.8,103.8,0.0,1519.041182,0.0
2019-02-05,20,0,134,0.0,0.0,0.0,0.0,0.0
2019-02-05,20,0,135,138.32,138.32,0.0,2024.217498,0.0
2019-02-05,20,0,136,45.9,45.9,0.0,291.733411,0.0
2019-02-05,20,0,139,41.98,41.98,0.0,508.867743,0.0
2019-02-05,20,0,140,65.56,65.56,0.0,794.881293,0.0
2019-02-05,20,0,141,230.0,230.0,0.0,2585.534703,0.0
2019-02-05,20,0,142,0.0,0.0,0.0,0.0,0.0
2019-02-05,20,0,143,48.91,48.91,0.0,567.674993,0.0
2019-02-05,20,0,145,7.08,7.08,0.0,84.135801,0.0
2019-02-05,20,0,146,138.31,138.31,0.0,1676.937638,0.0
2019-02-05,20,0,152,0.0,0.0,0.0,0.0,0.0
2019-02-05,20,0,153,0.0,0.0,0.0,0.0,0.0
2019-02-05,20,0,154,0.0,0.0,0.0,0.0,0.0
2019-02-05,20,0,157,159.91,159.91,0.0,1797.621106,0.0
2019-02-05,20,0,158,0.0,0.0,0.0,0.0,0.0
2019-02-05,20,0,159,0.0,0.0,0.0,0.0,0.0
2019-02-05,20,0,160,0.0,0.0,0.0,0.0,0.0
2019-02-05,20,0,161,0.0,0.0,0.0,0.0,0.0
2019-02-05,20,0,162,46.6,46.6,0.0,589.611762,0.0
2019-02-05,20,0,163,40.67,40.67,0.0,493.10284,0.0
2019-02-05,20,0,164,0.0,0.0,0.0,0.0,0.0
2019-02-05,20,0,167,0.0,0.0,0.0,0.0,0.0
2019-02-05,20,0,168,0.0,0.0,0.0,0.0,0.0
2019-02-05,20,0,169,0.0,0.0,0.0,0.0,0.0
2019-02-05,20,0,170,0.0,0.0,0.0,0.0,0.0
2019-02-05,20,0,172,0.0,0.0,0.0,0.0,0.0
2019-02-05,20,0,173,0.0,0.0,0.0,0.0,0.0
2019-02-05,20,0,188,0.0,0.0,0.0,0.0,0.0
2019-02-05,20,0,190,0.0,0.0,0.0,0.0,0.0
2019-02-05,20,0,191,0.0,0.0,0.0,0.0,0.0
2019-02-05,20,0,192,42.28,42.28,0.0,537.3758,0.0
2019-02-05,20,0,194,66.74,66.74,0.0,672.834905,0.0
2019-02-05,20,0,196,0.0,0.0,0.0,0.0,0.0
2019-02-05,20,0,198,0.0,0.0,0.0,0.0,0.0
2019-02-05,20,0,199,128.03,128.03,0.0,1338.564983,0.0
2019-02-05,20,0,200,0.0,0.0,0.0,0.0,0.0
2019-02-05,20,0,204,253.59,253.59,0.0,3118.182486,0.0
2019-02-05,20,0,205,163.74,163.74,0.0,2022.344847,0.0
2019-02-05,20,0,206,335.0,335.0,0.0,3885.070938,0.0
2019-02-05,20,0,210,0.0,0.0,0.0,0.0,0.0
2019-02-05,20,0,214,0.0,0.0,0.0,0.0,0.0
2019-02-05,20,0,217,0.0,0.0,0.0,0.0,0.0
2019-02-05,20,0,218,0.0,0.0,0.0,0.0,0.0
2019-02-05,20,0,219,0.0,0.0,0.0,0.0,0.0
2019-02-05,20,0,221,0.0,0.0,0.0,0.0,0.0
2019-02-05,20,0,225,0.0,0.0,0.0,0.0,0.0
2019-02-05,20,0,233,0.0,0.0,0.0,0.0,0.0
2019-02-05,20,0,236,157.5,157.5,0.0,2092.758889,0.0
2019-02-05,20,0,237,90.31,90.31,0.0,1171.807188,0.0
2019-02-05,20,0,238,0.0,0.0,0.0,0.0,0.0
2019-02-05,20,0,240,0.0,0.0,0.0,0.0,0.0
2019-02-05,20,0,245,145.89,145.89,0.0,1777.664243,0.0
2019-02-05,20,0,247,171.72,171.72,0.0,2092.401836,0.0
2019-02-05,20,0,248,9.07,9.07,0.0,117.686759,0.0
2019-02-05,20,0,249,280.44,280.44,0.0,3417.151006,0.0
2019-02-05,20,0,251,326.4,326.4,0.0,2715.134589,0.0
2019-02-05,20,0,252,267.06,267.06,0.0,1587.748579,0.0
2019-02-05,20,0,254,0.0,0.0,0.0,0.0,0.0
2019-02-05,20,0,255,0.0,0.0,0.0,0.0,0.0
2019-02-05,20,0,258,0.0,0.0,0.0,0.0,0.0
2019-02-05,20,0,260,0.0,0.0,0.0,0.0,0.0
2019-02-05,20,0,265,0.0,0.0,0.0,0.0,0.0
2019-02-05,20,0,266,25.58,25.58,0.0,310.072341,0.0
2019-02-05,20,0,267,32.35,32.35,0.0,392.136053,0.0
2019-02-05,20,0,270,127.02,127.02,0.0,1540.052193,0.0
2019-02-05,20,0,272,36.52,36.52,0.0,384.362605,0.0
2019-02-05,20,0,273,0.0,0.0,0.0,0.0,0.0
2019-02-05,20,0,274,163.75,163.75,0.0,1985.384558,0.0
2019-02-05,20,0,275,227.94,227.94,0.0,2763.655305,0.0
2019-02-05,20,0,276,0.0,0.0,0.0,0.0,0.0
2019-02-05,20,0,277,0.0,0.0,0.0,0.0,0.0
2019-02-05,20,0,278,0.0,0.0,0.0,0.0,0.0
2019-02-05,20,0,279,166.2,166.2,0.0,1765.536562,0.0
2019-02-05,20,0,281,10.16,10.16,0.0,117.922264,0.0
2019-02-05,20,0,282,0.0,0.0,0.0,0.0,0.0
2019-02-05,21,0,9,0.0,0.0,0.0,0.0,0.0
2019-02-05,21,0,17,0.0,0.0,0.0,0.0,0.0
2019-02-05,21,0,19,643.3,643.3,0.0,102.106752,0.0
2019-02-05,21,0,20,780.2,780.2,0.0,123.835983,0.0
2019-02-05,21,0,21,0.0,0.0,0.0,0.0,0.0
2019-02-05,21,0,22,0.0,0.0,0.0,0.0,0.0
2019-02-05,21,0,23,49.71,49.71,0.0,448.556471,0.0
2019-02-05,21,0,24,87.95,87.95,0.0,793.613792,0.0
2019-02-05,21,0,29,0.0,0.0,0.0,0.0,0.0
2019-02-05,21,0,30,0.0,0.0,0.0,0.0,0.0
2019-02-05,21,0,31,12.9,12.9,0.0,116.342228,0.0
2019-02-05,21,0,32,0.0,0.0,0.0,0.0,0.0
2019-02-05,21,0,33,0.0,0.0,0.0,0.0,0.0
2019-02-05,21,0,34,0.0,0.0,0.0,0.0,0.0
2019-02-05,21,0,35,0.0,0.0,0.0,0.0,0.0
2019-02-05,21,0,36,0.0,0.0,0.0,0.0,0.0
2019-02-05,21,0,37,0.0,0.0,0.0,0.0,0.0
2019-02-05,21,0,38,0.0,0.0,0.0,0.0,0.0
2019-02-05,21,0,39,0.0,0.0,0.0,0.0,0.0
2019-02-05,21,0,40,0.0,0.0,0.0,0.0,0.0
2019-02-05,21,0,41,45.58,45.58,0.0,422.82189,0.0
2019-02-05,21,0,42,0.0,0.0,0.0,0.0,0.0
2019-02-05,21,0,43,0.0,0.0,0.0,0.0,0.0
2019-02-05,21,0,46,0.0,0.0,0.0,0.0,0.0
2019-02-05,21,0,52,13.67,13.67,0.0,123.286687,0.0
2019-02-05,21,0,53,21.72,21.72,0.0,195.887845,0.0
2019-02-05,21,0,55,96.29,96.29,0.0,868.869494,0.0
2019-02-05,21,0,56,0.0,0.0,0.0,0.0,0.0
2019-02-05,21,0,57,0.0,0.0,0.0,0.0,0.0
2019-02-05,21,0,58,0.0,0.0,0.0,0.0,0.0
2019-02-05,21,0,59,0.0,0.0,0.0,0.0,0.0
2019-02-05,21,0,63,35.99,35.99,0.0,422.825187,0.0
2019-02-05,21,0,64,42.34,42.34,0.0,497.427575,0.0
2019-02-05,21,0,65,38.61,38.61,0.0,192.130847,0.0
2019-02-05,21,0,67,0.0,0.0,0.0,0.0,0.0
2019-02-05,21,0,68,3.06,3.06,0.0,27.332048,0.0
2019-02-05,21,0,69,0.0,0.0,0.0,0.0,0.0
2019-02-05,21,0,74,31.02,31.02,0.0,299.596665,0.0
2019-02-05,21,0,77,60.76,60.76,0.0,520.999545,0.0
2019-02-05,21,0,78,46.02,46.02,0.0,394.60828,0.0
2019-02-05,21,0,79,26.7,26.7,0.0,228.94483,0.0
2019-02-05,21,0,80,43.09,43.09,0.0,369.484371,0.0
2019-02-05,21,0,81,56.24,56.24,0.0,482.241844,0.0
2019-02-05,21,0,82,39.75,39.75,0.0,340.844831,0.0
2019-02-05,21,0,83,88.09,88.09,0.0,755.346444,0.0
2019-02-05,21,0,84,0.0,0.0,0.0,0.0,0.0
2019-02-05,21,0,86,0.0,0.0,0.0,0.0,0.0
2019-02-05,21,0,87,0.0,0.0,0.0,0.0,0.0
2019-02-05,21,0,88,52.97,52.97,0.0,454.202533,0.0
2019-02-05,21,0,89,50.93,50.93,0.0,436.710119,0.0
2019-02-05,21,0,90,68.38,68.38,0.0,586.338856,0.0
2019-02-05,21,0,91,243.91,243.91,0.0,2091.458181,0.0
2019-02-05,21,0,92,87.72,87.72,0.0,752.1738,0.0
2019-02-05,21,0,95,98.5,98.5,0.0,1153.071601,0.0
2019-02-05,21,0,96,9.23,9.23,0.0,83.198092,0.0
2019-02-05,21,0,97,56.78,56.78,0.0,511.807982,0.0
2019-02-05,21,0,99,5.99,5.99,0.0,57.852483,0.0
2019-02-05,21,0,101,0.0,0.0,0.0,0.0,0.0
2019-02-05,21,0,102,7.24,7.24,0.0,64.667984,0.0
2019-02-05,21,0,103,6.3,6.3,0.0,56.271864,0.0
2019-02-05,21,0,104,1.17,1.17,0.0,10.450489,0.0
2019-02-05,21,0,106,0.0,0.0,0.0,0.0,0.0
2019-02-05,21,0,109,38.61,38.61,0.0,363.785683,0.0
2019-02-05,21,0,110,103.06,103.06,0.0,1115.36976,0.0
2019-02-05,21,0,111,0.0,0.0,0.0,0.0,0.0
2019-02-05,21,0,113,21.17,21.17,0.0,177.427061,0.0
2019-02-05,21,0,115,21.17,21.17,0.0,177.427061,0.0
2019-02-05,21,0,116,0.0,0.0,0.0,0.0,0.0
2019-02-05,21,0,117,1.42,1.42,0.0,11.901107,0.0
2019-02-05,21,0,119,42.34,42.34,0.0,497.427575,0.0
2019-02-05,21,0,120,24.9,24.9,0.0,292.535348,0.0
2019-02-05,21,0,123,0.0,0.0,0.0,0.0,0.0
2019-02-05,21,0,125,79.59,79.59,0.0,718.17762,0.0
2019-02-05,21,0,126,0.0,0.0,0.0,0.0,0.0
2019-02-05,21,0,127,0.0,0.0,0.0,0.0,0.0
2019-02-05,21,0,128,113.99,113.99,0.0,1028.584834,0.0
2019-02-05,21,0,131,11.26,11.26,0.0,99.175328,0.0
2019-02-05,21,0,132,16.55,16.55,0.0,145.768355,0.0
2019-02-05,21,0,133,91.59,91.59,0.0,967.154598,0.0
2019-02-05,21,0,134,0.0,0.0,0.0,0.0,0.0
2019-02-05,21,0,135,119.08,119.08,0.0,1257.438252,0.0
2019-02-05,21,0,136,45.9,45.9,0.0,240.546446,0.0
2019-02-05,21,0,139,60.04,60.04,0.0,556.95977,0.0
2019-02-05,21,0,140,76.27,76.27,0.0,825.434228,0.0
2019-02-05,21,0,141,170.72,170.72,0.0,1604.326395,0.0
2019-02-05,21,0,142,0.0,0.0,0.0,0.0,0.0
2019-02-05,21,0,143,28.12,28.12,0.0,253.60802,0.0
2019-02-05,21,0,145,7.01,7.01,0.0,64.271861,0.0
2019-02-05,21,0,146,153.09,153.09,0.0,1656.820847,0.0
2019-02-05,21,0,152,0.0,0.0,0.0,0.0,0.0
2019-02-05,21,0,153,0.0,0.0,0.0,0.0,0.0
2019-02-05,21,0,154,0.0,0.0,0.0,0.0,0.0
2019-02-05,21,0,157,142.66,142.66,0.0,1340.634978,0.0
2019-02-05,21,0,158,0.0,0.0,0.0,0.0,0.0
2019-02-05,21,0,159,0.0,0.0,0.0,0.0,0.0
2019-02-05,21,0,160,0.0,0.0,0.0,0.0,0.0
2019-02-05,21,0,161,0.0,0.0,0.0,0.0,0.0
2019-02-05,21,0,162,45.19,45.19,0.0,529.08922,0.0
2019-02-05,21,0,163,44.89,44.89,0.0,485.823292,0.0
2019-02-05,21,0,164,0.0,0.0,0.0,0.0,0.0
2019-02-05,21,0,167,0.0,0.0,0.0,0.0,0.0
2019-02-05,21,0,168,0.0,0.0,0.0,0.0,0.0
2019-02-05,21,0,169,0.0,0.0,0.0,0.0,0.0
2019-02-05,21,0,170,0.0,0.0,0.0,0.0,0.0
2019-02-05,21,0,172,0.0,0.0,0.0,0.0,0.0
2019-02-05,21,0,173,0.0,0.0,0.0,0.0,0.0
2019-02-05,21,0,188,0.0,0.0,0.0,0.0,0.0
2019-02-05,21,0,190,0.0,0.0,0.0,0.0,0.0
2019-02-05,21,0,191,0.0,0.0,0.0,0.0,0.0
2019-02-05,21,0,192,26.91,26.91,0.0,316.149647,0.0
2019-02-05,21,0,194,53.82,53.82,0.0,422.701151,0.0
2019-02-05,21,0,196,0.0,0.0,0.0,0.0,0.0
2019-02-05,21,0,198,0.0,0.0,0.0,0.0,0.0
2019-02-05,21,0,199,130.0,130.0,0.0,1184.413731,0.0
2019-02-05,21,0,200,0.0,0.0,0.0,0.0,0.0
2019-02-05,21,0,204,429.51,429.51,0.0,4037.13399,0.0
2019-02-05,21,0,205,179.21,179.21,0.0,1688.527125,0.0
2019-02-05,21,0,206,166.86,166.86,0.0,1504.055652,0.0
2019-02-05,21,0,210,0.0,0.0,0.0,0.0,0.0
2019-02-05,21,0,214,0.0,0.0,0.0,0.0,0.0
2019-02-05,21,0,217,0.0,0.0,0.0,0.0,0.0
2019-02-05,21,0,218,0.0,0.0,0.0,0.0,0.0
2019-02-05,21,0,219,0.0,0.0,0.0,0.0,0.0
2019-02-05,21,0,221,0.0,0.0,0.0,0.0,0.0
2019-02-05,21,0,225,0.0,0.0,0.0,0.0,0.0
2019-02-05,21,0,233,0.0,0.0,0.0,0.0,0.0
2019-02-05,21,0,236,142.36,142.36,0.0,1392.151319,0.0
2019-02-05,21,0,237,74.43,74.43,0.0,718.858149,0.0
2019-02-05,21,0,238,0.0,0.0,0.0,0.0,0.0
2019-02-05,21,0,240,0.0,0.0,0.0,0.0,0.0
2019-02-05,21,0,245,260.0,260.0,0.0,2330.106366,0.0
2019-02-05,21,0,247,134.22,134.22,0.0,1202.872601,0.0
2019-02-05,21,0,248,7.47,7.47,0.0,72.146586,0.0
2019-02-05,21,0,249,500.0,500.0,0.0,4480.97378,0.0
2019-02-05,21,0,251,326.4,326.4,0.0,2125.836212,0.0
2019-02-05,21,0,252,249.08,249.08,0.0,1239.470377,0.0
2019-02-05,21,0,254,0.0,0.0,0.0,0.0,0.0
2019-02-05,21,0,255,0.0,0.0,0.0,0.0,0.0
2019-02-05,21,0,258,0.0,0.0,0.0,0.0,0.0
2019-02-05,21,0,260,0.0,0.0,0.0,0.0,0.0
2019-02-05,21,0,265,0.0,0.0,0.0,0.0,0.0
2019-02-05,21,0,266,37.6,37.6,0.0,348.795592,0.0
2019-02-05,21,0,267,46.94,46.94,0.0,435.437901,0.0
2019-02-05,21,0,270,140.19,140.19,0.0,1517.210233,0.0
2019-02-05,21,0,272,70.71,70.71,0.0,592.624821,0.0
2019-02-05,21,0,273,0.0,0.0,0.0,0.0,0.0
2019-02-05,21,0,274,180.73,180.73,0.0,1955.955528,0.0
2019-02-05,21,0,275,251.58,251.58,0.0,2722.731653,0.0
2019-02-05,21,0,276,0.0,0.0,0.0,0.0,0.0
2019-02-05,21,0,277,0.0,0.0,0.0,0.0,0.0
2019-02-05,21,0,278,0.0,0.0,0.0,0.0,0.0
2019-02-05,21,0,279,172.31,172.31,0.0,1457.518438,0.0
2019-02-05,21,0,281,5.79,5.79,0.0,52.218721,0.0
2019-02-05,21,0,282,0.0,0.0,0.0,0.0,0.0
2019-02-05,22,0,9,0.0,0.0,0.0,0.0,0.0
2019-02-05,22,0,17,0.0,0.0,0.0,0.0,0.0
2019-02-05,22,0,19,604.24,604.24,0.0,257.144461,0.0
2019-02-05,22,0,20,732.83,732.83,0.0,311.868091,0.0
2019-02-05,22,0,21,0.0,0.0,0.0,0.0,0.0
2019-02-05,22,0,22,0.0,0.0,0.0,0.0,0.0
2019-02-05,22,0,23,38.67,38.67,0.0,272.230583,0.0
2019-02-05,22,0,24,68.41,68.41,0.0,481.595402,0.0
2019-02-05,22,0,29,0.0,0.0,0.0,0.0,0.0
2019-02-05,22,0,30,0.0,0.0,0.0,0.0,0.0
2019-02-05,22,0,31,6.44,6.44,0.0,45.244886,0.0
2019-02-05,22,0,32,0.0,0.0,0.0,0.0,0.0
2019-02-05,22,0,33,0.0,0.0,0.0,0.0,0.0
2019-02-05,22,0,34,0.0,0.0,0.0,0.0,0.0
2019-02-05,22,0,35,0.0,0.0,0.0,0.0,0.0
2019-02-05,22,0,36,0.0,0.0,0.0,0.0,0.0
2019-02-05,22,0,37,0.0,0.0,0.0,0.0,0.0
2019-02-05,22,0,38,0.0,0.0,0.0,0.0,0.0
2019-02-05,22,0,39,0.0,0.0,0.0,0.0,0.0
2019-02-05,22,0,40,0.0,0.0,0.0,0.0,0.0
2019-02-05,22,0,41,37.7,37.7,0.0,293.924369,0.0
2019-02-05,22,0,42,0.0,0.0,0.0,0.0,0.0
2019-02-05,22,0,43,0.0,0.0,0.0,0.0,0.0
2019-02-05,22,0,46,0.0,0.0,0.0,0.0,0.0
2019-02-05,22,0,52,6.83,6.83,0.0,47.984871,0.0
2019-02-05,22,0,53,10.85,10.85,0.0,76.227796,0.0
2019-02-05,22,0,55,107.99,107.99,0.0,760.232239,0.0
2019-02-05,22,0,56,0.0,0.0,0.0,0.0,0.0
2019-02-05,22,0,57,0.0,0.0,0.0,0.0,0.0
2019-02-05,22,0,58,0.0,0.0,0.0,0.0,0.0
2019-02-05,22,0,59,0.0,0.0,0.0,0.0,0.0
2019-02-05,22,0,63,34.44,34.44,0.0,574.564882,0.0
2019-02-05,22,0,64,40.52,40.52,0.0,675.997939,0.0
2019-02-05,22,0,65,26.11,26.11,0.0,127.958941,0.0
2019-02-05,22,0,67,0.0,0.0,0.0,0.0,0.0
2019-02-05,22,0,68,3.04,3.04,0.0,15.268829,0.0
2019-02-05,22,0,69,0.0,0.0,0.0,0.0,0.0
2019-02-05,22,0,74,26.58,26.58,0.0,236.655423,0.0
2019-02-05,22,0,77,68.7,68.7,0.0,389.845563,0.0
2019-02-05,22,0,78,51.94,51.94,0.0,294.739135,0.0
2019-02-05,22,0,79,30.06,30.06,0.0,170.578714,0.0
2019-02-05,22,0,80,48.61,48.61,0.0,275.84269,0.0
2019-02-05,22,0,81,63.55,63.55,0.0,360.621332,0.0
2019-02-05,22,0,82,44.83,44.83,0.0,254.392672,0.0
2019-02-05,22,0,83,99.96,99.96,0.0,567.233806,0.0
2019-02-05,22,0,84,0.0,0.0,0.0,0.0,0.0
2019-02-05,22,0,86,0.0,0.0,0.0,0.0,0.0
2019-02-05,22,0,87,0.0,0.0,0.0,0.0,0.0
2019-02-05,22,0,88,52.32,52.32,0.0,296.895486,0.0
2019-02-05,22,0,89,50.29,50.29,0.0,285.376032,0.0
2019-02-05,22,0,90,67.53,67.53,0.0,383.206272,0.0
2019-02-05,22,0,91,240.88,240.88,0.0,1366.899552,0.0
2019-02-05,22,0,92,86.63,86.63,0.0,491.591283,0.0
2019-02-05,22,0,95,115.92,115.92,0.0,1828.192101,0.0
2019-02-05,22,0,96,7.32,7.32,0.0,51.31851,0.0
2019-02-05,22,0,97,45.04,45.04,0.0,315.763074,0.0
2019-02-05,22,0,99,5.13,5.13,0.0,45.675031,0.0
2019-02-05,22,0,101,0.0,0.0,0.0,0.0,0.0
2019-02-05,22,0,102,7.2,7.2,0.0,36.163016,0.0
2019-02-05,22,0,103,6.26,6.26,0.0,31.441733,0.0
2019-02-05,22,0,104,1.16,1.16,0.0,5.826264,0.0
2019-02-05,22,0,106,0.0,0.0,0.0,0.0,0.0
2019-02-05,22,0,109,71.32,71.32,0.0,589.046666,0.0
2019-02-05,22,0,110,121.1,121.1,0.0,277.139628,0.0
2019-02-05,22,0,111,0.0,0.0,0.0,0.0,0.0
2019-02-05,22,0,113,38.95,38.95,0.0,214.642691,0.0
2019-02-05,22,0,115,38.95,38.95,0.0,214.642691,0.0
2019-02-05,22,0,116,0.0,0.0,0.0,0.0,0.0
2019-02-05,22,0,117,2.6,2.6,0.0,14.327882,0.0
2019-02-05,22,0,119,40.52,40.52,0.0,675.997939,0.0
2019-02-05,22,0,120,23.83,23.83,0.0,397.557524,0.0
2019-02-05,22,0,123,0.0,0.0,0.0,0.0,0.0
2019-02-05,22,0,125,61.91,61.91,0.0,435.836447,0.0
2019-02-05,22,0,126,0.0,0.0,0.0,0.0,0.0
2019-02-05,22,0,127,0.0,0.0,0.0,0.0,0.0
2019-02-05,22,0,128,88.67,88.67,0.0,624.222545,0.0
2019-02-05,22,0,131,10.54,10.54,0.0,54.833197,0.0
2019-02-05,22,0,132,15.49,15.49,0.0,80.585031,0.0
2019-02-05,22,0,133,121.77,121.77,0.0,1231.872689,0.0
2019-02-05,22,0,134,0.0,0.0,0.0,0.0,0.0
2019-02-05,22,0,135,163.17,163.17,0.0,1650.691194,0.0
2019-02-05,22,0,136,38.14,38.14,0.0,196.285337,0.0
2019-02-05,22,0,139,48.68,48.68,0.0,379.528867,0.0
2019-02-05,22,0,140,89.63,89.63,0.0,205.119941,0.0
2019-02-05,22,0,141,121.62,121.62,0.0,528.997891,0.0
2019-02-05,22,0,142,0.0,0.0,0.0,0.0,0.0
2019-02-05,22,0,143,14.35,14.35,0.0,100.817408,0.0
2019-02-05,22,0,145,17.04,17.04,0.0,127.523007,0.0
2019-02-05,22,0,146,173.53,173.53,0.0,397.12667,0.0
2019-02-05,22,0,152,0.0,0.0,0.0,0.0,0.0
2019-02-05,22,0,153,0.0,0.0,0.0,0.0,0.0
2019-02-05,22,0,154,0.0,0.0,0.0,0.0,0.0
2019-02-05,22,0,157,130.2,130.2,0.0,566.317426,0.0
2019-02-05,22,0,158,0.0,0.0,0.0,0.0,0.0
2019-02-05,22,0,159,0.0,0.0,0.0,0.0,0.0
2019-02-05,22,0,160,0.0,0.0,0.0,0.0,0.0
2019-02-05,22,0,161,0.0,0.0,0.0,0.0,0.0
2019-02-05,22,0,162,26.41,26.41,0.0,416.855851,0.0
2019-02-05,22,0,163,49.34,49.34,0.0,112.915518,0.0
2019-02-05,22,0,164,0.0,0.0,0.0,0.0,0.0
2019-02-05,22,0,167,0.0,0.0,0.0,0.0,0.0
2019-02-05,22,0,168,0.0,0.0,0.0,0.0,0.0
2019-02-05,22,0,169,0.0,0.0,0.0,0.0,0.0
2019-02-05,22,0,170,0.0,0.0,0.0,0.0,0.0
2019-02-05,22,0,172,0.0,0.0,0.0,0.0,0.0
2019-02-05,22,0,173,0.0,0.0,0.0,0.0,0.0
2019-02-05,22,0,188,0.0,0.0,0.0,0.0,0.0
2019-02-05,22,0,190,0.0,0.0,0.0,0.0,0.0
2019-02-05,22,0,191,0.0,0.0,0.0,0.0,0.0
2019-02-05,22,0,192,16.88,16.88,0.0,281.610198,0.0
2019-02-05,22,0,194,43.06,43.06,0.0,252.280128,0.0
2019-02-05,22,0,196,0.0,0.0,0.0,0.0,0.0
2019-02-05,22,0,198,0.0,0.0,0.0,0.0,0.0
2019-02-05,22,0,199,130.0,130.0,0.0,1150.882401,0.0
2019-02-05,22,0,200,0.0,0.0,0.0,0.0,0.0
2019-02-05,22,0,204,412.05,412.05,0.0,3377.197739,0.0
2019-02-05,22,0,205,354.81,354.81,0.0,2930.449351,0.0
2019-02-05,22,0,206,132.33,132.33,0.0,927.729298,0.0
2019-02-05,22,0,210,0.0,0.0,0.0,0.0,0.0
2019-02-05,22,0,214,0.0,0.0,0.0,0.0,0.0
2019-02-05,22,0,217,0.0,0.0,0.0,0.0,0.0
2019-02-05,22,0,218,0.0,0.0,0.0,0.0,0.0
2019-02-05,22,0,219,0.0,0.0,0.0,0.0,0.0
2019-02-05,22,0,221,0.0,0.0,0.0,0.0,0.0
2019-02-05,22,0,225,0.0,0.0,0.0,0.0,0.0
2019-02-05,22,0,233,0.0,0.0,0.0,0.0,0.0
2019-02-05,22,0,236,129.67,129.67,0.0,1194.548831,0.0
2019-02-05,22,0,237,63.75,63.75,0.0,567.599069,0.0
2019-02-05,22,0,238,0.0,0.0,0.0,0.0,0.0
2019-02-05,22,0,240,0.0,0.0,0.0,0.0,0.0
2019-02-05,22,0,245,192.57,192.57,0.0,1670.341812,0.0
2019-02-05,22,0,247,91.59,91.59,0.0,794.446729,0.0
2019-02-05,22,0,248,6.4,6.4,0.0,56.982495,0.0
2019-02-05,22,0,249,370.33,370.33,0.0,3212.222482,0.0
2019-02-05,22,0,251,473.1,473.1,0.0,2985.920453,0.0
2019-02-05,22,0,252,168.43,168.43,0.0,825.435637,0.0
2019-02-05,22,0,254,0.0,0.0,0.0,0.0,0.0
2019-02-05,22,0,255,0.0,0.0,0.0,0.0,0.0
2019-02-05,22,0,258,0.0,0.0,0.0,0.0,0.0
2019-02-05,22,0,260,0.0,0.0,0.0,0.0,0.0
2019-02-05,22,0,265,0.0,0.0,0.0,0.0,0.0
2019-02-05,22,0,266,31.52,31.52,0.0,245.742602,0.0
2019-02-05,22,0,267,38.74,38.74,0.0,302.032628,0.0
2019-02-05,22,0,270,154.08,154.08,0.0,352.614979,0.0
2019-02-05,22,0,272,130.19,130.19,0.0,717.441127,0.0
2019-02-05,22,0,273,0.0,0.0,0.0,0.0,0.0
2019-02-05,22,0,274,198.63,198.63,0.0,454.568492,0.0
2019-02-05,22,0,275,276.5,276.5,0.0,632.775452,0.0
2019-02-05,22,0,276,0.0,0.0,0.0,0.0,0.0
2019-02-05,22,0,277,0.0,0.0,0.0,0.0,0.0
2019-02-05,22,0,278,0.0,0.0,0.0,0.0,0.0
2019-02-05,22,0,279,73.09,73.09,0.0,407.581091,0.0
2019-02-05,22,0,281,2.89,2.89,0.0,20.303994,0.0
2019-02-05,22,0,282,0.0,0.0,0.0,0.0,0.0
2019-02-05,23,0,9,0.0,0.0,0.0,0.0,0.0
2019-02-05,23,0,17,0.0,0.0,0.0,0.0,0.0
2019-02-05,23,0,19,643.3,643.3,0.0,20.441728,0.0
2019-02-05,23,0,20,780.2,780.2,0.0,24.791911,0.0
2019-02-05,23,0,21,0.0,0.0,0.0,0.0,0.0
2019-02-05,23,0,22,0.0,0.0,0.0,0.0,0.0
2019-02-05,23,0,23,45.26,45.26,0.0,311.192208,0.0
2019-02-05,23,0,24,80.07,80.07,0.0,550.533806,0.0
2019-02-05,23,0,29,0.0,0.0,0.0,0.0,0.0
2019-02-05,23,0,30,0.0,0.0,0.0,0.0,0.0
2019-02-05,23,0,31,4.92,4.92,0.0,33.751712,0.0
2019-02-05,23,0,32,0.0,0.0,0.0,0.0,0.0
2019-02-05,23,0,33,0.0,0.0,0.0,0.0,0.0
2019-02-05,23,0,34,0.0,0.0,0.0,0.0,0.0
2019-02-05,23,0,35,0.0,0.0,0.0,0.0,0.0
2019-02-05,23,0,36,0.0,0.0,0.0,0.0,0.0
2019-02-05,23,0,37,0.0,0.0,0.0,0.0,0.0
2019-02-05,23,0,38,0.0,0.0,0.0,0.0,0.0
2019-02-05,23,0,39,0.0,0.0,0.0,0.0,0.0
2019-02-05,23,0,40,0.0,0.0,0.0,0.0,0.0
2019-02-05,23,0,41,46.11,46.11,0.0,355.134239,0.0
2019-02-05,23,0,42,0.0,0.0,0.0,0.0,0.0
2019-02-05,23,0,43,0.0,0.0,0.0,0.0,0.0
2019-02-05,23,0,46,0.0,0.0,0.0,0.0,0.0
2019-02-05,23,0,52,5.22,5.22,0.0,35.809743,0.0
2019-02-05,23,0,53,8.29,8.29,0.0,56.870262,0.0
2019-02-05,23,0,55,165.43,165.43,0.0,1137.439834,0.0
2019-02-05,23,0,56,0.0,0.0,0.0,0.0,0.0
2019-02-05,23,0,57,0.0,0.0,0.0,0.0,0.0
2019-02-05,23,0,58,0.0,0.0,0.0,0.0,0.0
2019-02-05,23,0,59,0.0,0.0,0.0,0.0,0.0
2019-02-05,23,0,63,38.74,38.74,0.0,678.234195,0.0
2019-02-05,23,0,64,45.58,45.58,0.0,797.984373,0.0
2019-02-05,23,0,65,30.07,30.07,0.0,142.210976,0.0
2019-02-05,23,0,67,0.0,0.0,0.0,0.0,0.0
2019-02-05,23,0,68,3.45,3.45,0.0,16.438557,0.0
2019-02-05,23,0,69,0.0,0.0,0.0,0.0,0.0
2019-02-05,23,0,74,22.63,22.63,0.0,201.634606,0.0
2019-02-05,23,0,77,82.01,82.01,0.0,441.550689,0.0
2019-02-05,23,0,78,62.0,62.0,0.0,333.81469,0.0
2019-02-05,23,0,79,35.88,35.88,0.0,193.181792,0.0
2019-02-05,23,0,80,58.02,58.02,0.0,312.38594,0.0
2019-02-05,23,0,81,75.86,75.86,0.0,408.438425,0.0
2019-02-05,23,0,82,53.51,53.51,0.0,288.103614,0.0
2019-02-05,23,0,83,119.32,119.32,0.0,642.431755,0.0
2019-02-05,23,0,84,0.0,0.0,0.0,0.0,0.0
2019-02-05,23,0,86,0.0,0.0,0.0,0.0,0.0
2019-02-05,23,0,87,0.0,0.0,0.0,0.0,0.0
2019-02-05,23,0,88,61.73,61.73,0.0,332.360981,0.0
2019-02-05,23,0,89,59.35,59.35,0.0,319.546804,0.0
2019-02-05,23,0,90,79.68,79.68,0.0,429.005718,0.0
2019-02-05,23,0,91,284.25,284.25,0.0,1530.432671,0.0
2019-02-05,23,0,92,102.23,102.23,0.0,550.417351,0.0
2019-02-05,23,0,95,120.0,120.0,0.0,1985.25152,0.0
2019-02-05,23,0,96,7.06,7.06,0.0,48.317582,0.0
2019-02-05,23,0,97,43.4,43.4,0.0,297.023099,0.0
2019-02-05,23,0,99,4.37,4.37,0.0,38.936952,0.0
2019-02-05,23,0,101,0.0,0.0,0.0,0.0,0.0
2019-02-05,23,0,102,8.17,8.17,0.0,38.92841,0.0
2019-02-05,23,0,103,7.1,7.1,0.0,33.830075,0.0
2019-02-05,23,0,104,1.32,1.32,0.0,6.289535,0.0
2019-02-05,23,0,106,0.0,0.0,0.0,0.0,0.0
2019-02-05,23,0,109,72.89,72.89,0.0,598.282195,0.0
2019-02-05,23,0,110,126.83,126.83,0.0,283.007586,0.0
2019-02-05,23,0,111,0.0,0.0,0.0,0.0,0.0
2019-02-05,23,0,113,45.45,45.45,0.0,235.536558,0.0
2019-02-05,23,0,115,45.45,45.45,0.0,235.536558,0.0
2019-02-05,23,0,116,0.0,0.0,0.0,0.0,0.0
2019-02-05,23,0,117,3.03,3.03,0.0,15.702437,0.0
2019-02-05,23,0,119,45.58,45.58,0.0,797.984373,0.0
2019-02-05,23,0,120,26.8,26.8,0.0,469.196603,0.0
2019-02-05,23,0,123,0.0,0.0,0.0,0.0,0.0
2019-02-05,23,0,125,72.46,72.46,0.0,498.210061,0.0
2019-02-05,23,0,126,0.0,0.0,0.0,0.0,0.0
2019-02-05,23,0,127,0.0,0.0,0.0,0.0,0.0
2019-02-05,23,0,128,103.78,103.78,0.0,713.555619,0.0
2019-02-05,23,0,131,11.9,11.9,0.0,58.683102,0.0
2019-02-05,23,0,132,17.5,17.5,0.0,86.298679,0.0
2019-02-05,23,0,133,128.12,128.12,0.0,1307.572541,0.0
2019-02-05,23,0,134,0.0,0.0,0.0,0.0,0.0
2019-02-05,23,0,135,171.67,171.67,0.0,1752.036982,0.0
2019-02-05,23,0,136,42.27,42.27,0.0,210.809664,0.0
2019-02-05,23,0,139,59.55,59.55,0.0,458.647668,0.0
2019-02-05,23,0,140,93.87,93.87,0.0,209.46087,0.0
2019-02-05,23,0,141,135.98,135.98,0.0,563.11543,0.0
2019-02-05,23,0,142,0.0,0.0,0.0,0.0,0.0
2019-02-05,23,0,143,10.06,10.06,0.0,69.012646,0.0
2019-02-05,23,0,145,6.25,6.25,0.0,46.004331,0.0
2019-02-05,23,0,146,229.35,229.35,0.0,511.770007,0.0
2019-02-05,23,0,152,0.0,0.0,0.0,0.0,0.0
2019-02-05,23,0,153,0.0,0.0,0.0,0.0,0.0
2019-02-05,23,0,154,0.0,0.0,0.0,0.0,0.0
2019-02-05,23,0,157,154.52,154.52,0.0,639.892603,0.0
2019-02-05,23,0,158,0.0,0.0,0.0,0.0,0.0
2019-02-05,23,0,159,0.0,0.0,0.0,0.0,0.0
2019-02-05,23,0,160,0.0,0.0,0.0,0.0,0.0
2019-02-05,23,0,161,0.0,0.0,0.0,0.0,0.0
2019-02-05,23,0,162,16.83,16.83,0.0,278.66375,0.0
2019-02-05,23,0,163,50.94,50.94,0.0,113.667164,0.0
2019-02-05,23,0,164,0.0,0.0,0.0,0.0,0.0
2019-02-05,23,0,167,0.0,0.0,0.0,0.0,0.0
2019-02-05,23,0,168,0.0,0.0,0.0,0.0,0.0
2019-02-05,23,0,169,0.0,0.0,0.0,0.0,0.0
2019-02-05,23,0,170,0.0,0.0,0.0,0.0,0.0
2019-02-05,23,0,172,0.0,0.0,0.0,0.0,0.0
2019-02-05,23,0,173,0.0,0.0,0.0,0.0,0.0
2019-02-05,23,0,188,0.0,0.0,0.0,0.0,0.0
2019-02-05,23,0,190,0.0,0.0,0.0,0.0,0.0
2019-02-05,23,0,191,0.0,0.0,0.0,0.0,0.0
2019-02-05,23,0,192,21.27,21.27,0.0,372.381036,0.0
2019-02-05,23,0,194,44.61,44.61,0.0,243.49311,0.0
2019-02-05,23,0,196,0.0,0.0,0.0,0.0,0.0
2019-02-05,23,0,198,0.0,0.0,0.0,0.0,0.0
2019-02-05,23,0,199,95.85,95.85,0.0,847.402938,0.0
2019-02-05,23,0,200,0.0,0.0,0.0,0.0,0.0
2019-02-05,23,0,204,361.58,361.58,0.0,2942.970941,0.0
2019-02-05,23,0,205,385.6,385.6,0.0,3165.010488,0.0
2019-02-05,23,0,206,127.53,127.53,0.0,872.796217,0.0
2019-02-05,23,0,210,0.0,0.0,0.0,0.0,0.0
2019-02-05,23,0,214,0.0,0.0,0.0,0.0,0.0
2019-02-05,23,0,217,0.0,0.0,0.0,0.0,0.0
2019-02-05,23,0,218,0.0,0.0,0.0,0.0,0.0
2019-02-05,23,0,219,0.0,0.0,0.0,0.0,0.0
2019-02-05,23,0,221,0.0,0.0,0.0,0.0,0.0
2019-02-05,23,0,225,0.0,0.0,0.0,0.0,0.0
2019-02-05,23,0,233,0.0,0.0,0.0,0.0,0.0
2019-02-05,23,0,236,110.78,110.78,0.0,1024.269367,0.0
2019-02-05,23,0,237,54.28,54.28,0.0,483.637932,0.0
2019-02-05,23,0,238,0.0,0.0,0.0,0.0,0.0
2019-02-05,23,0,240,0.0,0.0,0.0,0.0,0.0
2019-02-05,23,0,245,205.2,205.2,0.0,1784.058035,0.0
2019-02-05,23,0,247,96.24,96.24,0.0,836.733652,0.0
2019-02-05,23,0,248,5.45,5.45,0.0,48.559814,0.0
2019-02-05,23,0,249,394.62,394.62,0.0,3430.920965,0.0
2019-02-05,23,0,251,264.23,264.23,0.0,1640.611738,0.0
2019-02-05,23,0,252,193.99,193.99,0.0,917.442874,0.0
2019-02-05,23,0,254,0.0,0.0,0.0,0.0,0.0
2019-02-05,23,0,255,0.0,0.0,0.0,0.0,0.0
2019-02-05,23,0,258,0.0,0.0,0.0,0.0,0.0
2019-02-05,23,0,260,0.0,0.0,0.0,0.0,0.0
2019-02-05,23,0,265,0.0,0.0,0.0,0.0,0.0
2019-02-05,23,0,266,38.56,38.56,0.0,296.984955,0.0
2019-02-05,23,0,267,47.39,47.39,0.0,364.992661,0.0
2019-02-05,23,0,270,159.07,159.07,0.0,354.9477,0.0
2019-02-05,23,0,272,151.9,151.9,0.0,787.194789,0.0
2019-02-05,23,0,273,0.0,0.0,0.0,0.0,0.0
2019-02-05,23,0,274,205.07,205.07,0.0,457.591782,0.0
2019-02-05,23,0,275,285.46,285.46,0.0,636.973473,0.0
2019-02-05,23,0,276,0.0,0.0,0.0,0.0,0.0
2019-02-05,23,0,277,0.0,0.0,0.0,0.0,0.0
2019-02-05,23,0,278,0.0,0.0,0.0,0.0,0.0
2019-02-05,23,0,279,88.12,88.12,0.0,463.795081,0.0
2019-02-05,23,0,281,2.21,2.21,0.0,15.16083,0.0
2019-02-05,23,0,282,0.0,0.0,0.0,0.0,0.0
2019-02-06,0,0,9,0.0,0.0,0.0,0.0,0.0
2019-02-06,0,0,17,0.0,0.0,0.0,0.0,0.0
2019-02-06,0,0,19,643.3,643.3,0.0,374.998532,0.0
2019-02-06,0,0,20,780.2,780.2,0.0,454.801577,0.0
2019-02-06,0,0,21,0.0,0.0,0.0,0.0,0.0
2019-02-06,0,0,22,0.0,0.0,0.0,0.0,0.0
2019-02-06,0,0,23,53.71,53.71,0.0,378.703271,0.0
2019-02-06,0,0,24,95.02,95.02,0.0,669.975513,0.0
2019-02-06,0,0,29,0.0,0.0,0.0,0.0,0.0
2019-02-06,0,0,30,0.0,0.0,0.0,0.0,0.0
2019-02-06,0,0,31,4.04,4.04,0.0,28.439528,0.0
2019-02-06,0,0,32,0.0,0.0,0.0,0.0,0.0
2019-02-06,0,0,33,0.0,0.0,0.0,0.0,0.0
2019-02-06,0,0,34,0.0,0.0,0.0,0.0,0.0
2019-02-06,0,0,35,0.0,0.0,0.0,0.0,0.0
2019-02-06,0,0,36,0.0,0.0,0.0,0.0,0.0
2019-02-06,0,0,37,0.0,0.0,0.0,0.0,0.0
2019-02-06,0,0,38,0.0,0.0,0.0,0.0,0.0
2019-02-06,0,0,39,0.0,0.0,0.0,0.0,0.0
2019-02-06,0,0,40,0.0,0.0,0.0,0.0,0.0
2019-02-06,0,0,41,56.7,56.7,0.0,433.356951,0.0
2019-02-06,0,0,42,0.0,0.0,0.0,0.0,0.0
2019-02-06,0,0,43,0.0,0.0,0.0,0.0,0.0
2019-02-06,0,0,46,0.0,0.0,0.0,0.0,0.0
2019-02-06,0,0,52,4.28,4.28,0.0,30.129005,0.0
2019-02-06,0,0,53,6.8,6.8,0.0,47.868512,0.0
2019-02-06,0,0,55,150.82,150.82,0.0,1063.415143,0.0
2019-02-06,0,0,56,0.0,0.0,0.0,0.0,0.0
2019-02-06,0,0,57,0.0,0.0,0.0,0.0,0.0
2019-02-06,0,0,58,0.0,0.0,0.0,0.0,0.0
2019-02-06,0,0,59,0.0,0.0,0.0,0.0,0.0
2019-02-06,0,0,63,43.15,43.15,0.0,722.338516,0.0
2019-02-06,0,0,64,50.77,50.77,0.0,849.898643,0.0
2019-02-06,0,0,65,34.8,34.8,0.0,162.282525,0.0
2019-02-06,0,0,67,0.0,0.0,0.0,0.0,0.0
2019-02-06,0,0,68,3.96,3.96,0.0,20.829853,0.0
2019-02-06,0,0,69,0.0,0.0,0.0,0.0,0.0
2019-02-06,0,0,74,19.09,19.09,0.0,161.527905,0.0
2019-02-06,0,0,77,97.45,97.45,0.0,580.253128,0.0
2019-02-06,0,0,78,73.67,73.67,0.0,438.658265,0.0
2019-02-06,0,0,79,42.63,42.63,0.0,253.834693,0.0
2019-02-06,0,0,80,68.94,68.94,0.0,410.494106,0.0
2019-02-06,0,0,81,90.14,90.14,0.0,536.7267,0.0
2019-02-06,0,0,82,63.58,63.58,0.0,378.578695,0.0
2019-02-06,0,0,83,141.78,141.78,0.0,844.210245,0.0
2019-02-06,0,0,84,0.0,0.0,0.0,0.0,0.0
2019-02-06,0,0,86,0.0,0.0,0.0,0.0,0.0
2019-02-06,0,0,87,0.0,0.0,0.0,0.0,0.0
2019-02-06,0,0,88,72.15,72.15,0.0,429.607626,0.0
2019-02-06,0,0,89,69.36,69.36,0.0,412.99494,0.0
2019-02-06,0,0,90,93.13,93.13,0.0,554.530259,0.0
2019-02-06,0,0,91,332.21,332.21,0.0,1978.100477,0.0
2019-02-06,0,0,92,119.48,119.48,0.0,711.427847,0.0
2019-02-06,0,0,95,67.44,67.44,0.0,1067.7131,0.0
2019-02-06,0,0,96,6.96,6.96,0.0,48.911891,0.0
2019-02-06,0,0,97,42.83,42.83,0.0,300.990844,0.0
2019-02-06,0,0,99,3.68,3.68,0.0,31.137909,0.0
2019-02-06,0,0,101,0.0,0.0,0.0,0.0,0.0
2019-02-06,0,0,102,9.37,9.37,0.0,49.286799,0.0
2019-02-06,0,0,103,8.15,8.15,0.0,42.869521,0.0
2019-02-06,0,0,104,1.51,1.51,0.0,7.942697,0.0
2019-02-06,0,0,106,0.0,0.0,0.0,0.0,0.0
2019-02-06,0,0,109,63.71,63.71,0.0,512.131532,0.0
2019-02-06,0,0,110,133.09,133.09,0.0,296.976107,0.0
2019-02-06,0,0,111,0.0,0.0,0.0,0.0,0.0
2019-02-06,0,0,113,52.89,52.89,0.0,310.171146,0.0
2019-02-06,0,0,115,52.89,52.89,0.0,310.171146,0.0
2019-02-06,0,0,116,0.0,0.0,0.0,0.0,0.0
2019-02-06,0,0,117,3.53,3.53,0.0,20.701534,0.0
2019-02-06,0,0,119,50.77,50.77,0.0,849.898643,0.0
2019-02-06,0,0,120,29.85,29.85,0.0,499.694199,0.0
2019-02-06,0,0,123,0.0,0.0,0.0,0.0,0.0
2019-02-06,0,0,125,85.99,85.99,0.0,606.305982,0.0
2019-02-06,0,0,126,0.0,0.0,0.0,0.0,0.0
2019-02-06,0,0,127,0.0,0.0,0.0,0.0,0.0
2019-02-06,0,0,128,123.16,123.16,0.0,868.387542,0.0
2019-02-06,0,0,131,13.65,13.65,0.0,74.51778,0.0
2019-02-06,0,0,132,20.07,20.07,0.0,109.565703,0.0
2019-02-06,0,0,133,134.83,134.83,0.0,1268.155975,0.0
2019-02-06,0,0,134,0.0,0.0,0.0,0.0,0.0
2019-02-06,0,0,135,180.66,180.66,0.0,1699.214258,0.0
2019-02-06,0,0,136,45.9,45.9,0.0,224.326821,0.0
2019-02-06,0,0,139,73.22,73.22,0.0,559.618976,0.0
2019-02-06,0,0,140,98.5,98.5,0.0,219.79222,0.0
2019-02-06,0,0,141,151.22,151.22,0.0,682.684438,0.0
2019-02-06,0,0,142,0.0,0.0,0.0,0.0,0.0
2019-02-06,0,0,143,19.27,19.27,0.0,135.650916,0.0
2019-02-06,0,0,145,5.62,5.62,0.0,41.645502,0.0
2019-02-06,0,0,146,268.0,268.0,0.0,598.01335,0.0
2019-02-06,0,0,152,0.0,0.0,0.0,0.0,0.0
2019-02-06,0,0,153,0.0,0.0,0.0,0.0,0.0
2019-02-06,0,0,154,0.0,0.0,0.0,0.0,0.0
2019-02-06,0,0,157,183.34,183.34,0.0,827.690549,0.0
2019-02-06,0,0,158,0.0,0.0,0.0,0.0,0.0
2019-02-06,0,0,159,0.0,0.0,0.0,0.0,0.0
2019-02-06,0,0,160,0.0,0.0,0.0,0.0,0.0
2019-02-06,0,0,161,0.0,0.0,0.0,0.0,0.0
2019-02-06,0,0,162,21.31,21.31,0.0,337.649026,0.0
2019-02-06,0,0,163,53.14,53.14,0.0,118.576229,0.0
2019-02-06,0,0,164,0.0,0.0,0.0,0.0,0.0
2019-02-06,0,0,167,0.0,0.0,0.0,0.0,0.0
2019-02-06,0,0,168,0.0,0.0,0.0,0.0,0.0
2019-02-06,0,0,169,0.0,0.0,0.0,0.0,0.0
2019-02-06,0,0,170,0.0,0.0,0.0,0.0,0.0
2019-02-06,0,0,172,0.0,0.0,0.0,0.0,0.0
2019-02-06,0,0,173,0.0,0.0,0.0,0.0,0.0
2019-02-06,0,0,188,0.0,0.0,0.0,0.0,0.0
2019-02-06,0,0,190,0.0,0.0,0.0,0.0,0.0
2019-02-06,0,0,191,0.0,0.0,0.0,0.0,0.0
2019-02-06,0,0,192,27.76,27.76,0.0,464.707235,0.0
2019-02-06,0,0,194,46.35,46.35,0.0,293.651723,0.0
2019-02-06,0,0,196,0.0,0.0,0.0,0.0,0.0
2019-02-06,0,0,198,0.0,0.0,0.0,0.0,0.0
2019-02-06,0,0,199,39.0,39.0,0.0,365.832391,0.0
2019-02-06,0,0,200,0.0,0.0,0.0,0.0,0.0
2019-02-06,0,0,204,316.12,316.12,0.0,2527.120106,0.0
2019-02-06,0,0,205,337.03,337.03,0.0,2709.208762,0.0
2019-02-06,0,0,206,125.84,125.84,0.0,884.349471,0.0
2019-02-06,0,0,210,0.0,0.0,0.0,0.0,0.0
2019-02-06,0,0,214,0.0,0.0,0.0,0.0,0.0
2019-02-06,0,0,217,0.0,0.0,0.0,0.0,0.0
2019-02-06,0,0,218,0.0,0.0,0.0,0.0,0.0
2019-02-06,0,0,219,0.0,0.0,0.0,0.0,0.0
2019-02-06,0,0,221,0.0,0.0,0.0,0.0,0.0
2019-02-06,0,0,225,0.0,0.0,0.0,0.0,0.0
2019-02-06,0,0,233,0.0,0.0,0.0,0.0,0.0
2019-02-06,0,0,236,93.73,93.73,0.0,812.095606,0.0
2019-02-06,0,0,237,45.79,45.79,0.0,387.446975,0.0
2019-02-06,0,0,238,0.0,0.0,0.0,0.0,0.0
2019-02-06,0,0,240,0.0,0.0,0.0,0.0,0.0
2019-02-06,0,0,245,137.9,137.9,0.0,1113.048604,0.0
2019-02-06,0,0,247,101.56,101.56,0.0,819.733257,0.0
2019-02-06,0,0,248,4.6,4.6,0.0,38.922387,0.0
2019-02-06,0,0,249,258.34,258.34,0.0,2085.170241,0.0
2019-02-06,0,0,251,307.2,307.2,0.0,1830.049473,0.0
2019-02-06,0,0,252,224.5,224.5,0.0,1046.908821,0.0
2019-02-06,0,0,254,0.0,0.0,0.0,0.0,0.0
2019-02-06,0,0,255,0.0,0.0,0.0,0.0,0.0
2019-02-06,0,0,258,0.0,0.0,0.0,0.0,0.0
2019-02-06,0,0,260,0.0,0.0,0.0,0.0,0.0
2019-02-06,0,0,265,0.0,0.0,0.0,0.0,0.0
2019-02-06,0,0,266,47.41,47.41,0.0,362.353669,0.0
2019-02-06,0,0,267,58.26,58.26,0.0,445.279999,0.0
2019-02-06,0,0,270,165.95,165.95,0.0,370.299684,0.0
2019-02-06,0,0,272,176.78,176.78,0.0,1036.71876,0.0
2019-02-06,0,0,273,0.0,0.0,0.0,0.0,0.0
2019-02-06,0,0,274,213.93,213.93,0.0,477.361925,0.0
2019-02-06,0,0,275,297.79,297.79,0.0,664.48655,0.0
2019-02-06,0,0,276,0.0,0.0,0.0,0.0,0.0
2019-02-06,0,0,277,0.0,0.0,0.0,0.0,0.0
2019-02-06,0,0,278,0.0,0.0,0.0,0.0,0.0
2019-02-06,0,0,279,106.06,106.06,0.0,625.807434,0.0
2019-02-06,0,0,281,1.81,1.81,0.0,12.741472,0.0
2019-02-06,0,0,282,0.0,0.0,0.0,0.0,0.0
2019-02-06,1,0,9,0.0,0.0,0.0,0.0,0.0
2019-02-06,1,0,17,0.0,0.0,0.0,0.0,0.0
2019-02-06,1,0,19,643.3,643.3,0.0,275.980481,0.0
2019-02-06,1,0,20,780.2,780.2,0.0,334.711598,0.0
2019-02-06,1,0,21,0.0,0.0,0.0,0.0,0.0
2019-02-06,1,0,22,0.0,0.0,0.0,0.0,0.0
2019-02-06,1,0,23,64.32,64.32,0.0,426.710443,0.0
2019-02-06,1,0,24,113.8,113.8,0.0,754.969659,0.0
2019-02-06,1,0,29,0.0,0.0,0.0,0.0,0.0
2019-02-06,1,0,30,0.0,0.0,0.0,0.0,0.0
2019-02-06,1,0,31,8.37,8.37,0.0,55.41975,0.0
2019-02-06,1,0,32,0.0,0.0,0.0,0.0,0.0
2019-02-06,1,0,33,0.0,0.0,0.0,0.0,0.0
2019-02-06,1,0,34,0.0,0.0,0.0,0.0,0.0
2019-02-06,1,0,35,0.0,0.0,0.0,0.0,0.0
2019-02-06,1,0,36,0.0,0.0,0.0,0.0,0.0
2019-02-06,1,0,37,0.0,0.0,0.0,0.0,0.0
2019-02-06,1,0,38,0.0,0.0,0.0,0.0,0.0
2019-02-06,1,0,39,0.0,0.0,0.0,0.0,0.0
2019-02-06,1,0,40,0.0,0.0,0.0,0.0,0.0
2019-02-06,1,0,41,68.9,68.9,0.0,503.420344,0.0
2019-02-06,1,0,42,0.0,0.0,0.0,0.0,0.0
2019-02-06,1,0,43,0.0,0.0,0.0,0.0,0.0
2019-02-06,1,0,46,0.0,0.0,0.0,0.0,0.0
2019-02-06,1,0,52,8.91,8.91,0.0,58.995217,0.0
2019-02-06,1,0,53,14.56,14.56,0.0,96.405203,0.0
2019-02-06,1,0,55,120.45,120.45,0.0,799.086954,0.0
2019-02-06,1,0,56,0.0,0.0,0.0,0.0,0.0
2019-02-06,1,0,57,0.0,0.0,0.0,0.0,0.0
2019-02-06,1,0,58,0.0,0.0,0.0,0.0,0.0
2019-02-06,1,0,59,0.0,0.0,0.0,0.0,0.0
2019-02-06,1,0,63,48.11,48.11,0.0,789.401268,0.0
2019-02-06,1,0,64,56.6,56.6,0.0,928.707374,0.0
2019-02-06,1,0,65,40.4,40.4,0.0,181.712905,0.0
2019-02-06,1,0,67,0.0,0.0,0.0,-0.0,0.0
2019-02-06,1,0,68,4.56,4.56,0.0,9.439564,0.0
2019-02-06,1,0,69,0.0,0.0,0.0,0.0,0.0
2019-02-06,1,0,74,15.99,15.99,0.0,131.710943,0.0
2019-02-06,1,0,77,115.33,115.33,0.0,621.574253,0.0
2019-02-06,1,0,78,87.19,87.19,0.0,469.912938,0.0
2019-02-06,1,0,79,50.46,50.46,0.0,271.955578,0.0
2019-02-06,1,0,80,81.59,81.59,0.0,439.731581,0.0
2019-02-06,1,0,81,106.68,106.68,0.0,574.954837,0.0
2019-02-06,1,0,82,75.25,75.25,0.0,405.561975,0.0
2019-02-06,1,0,83,167.8,167.8,0.0,904.362782,0.0
2019-02-06,1,0,84,0.0,0.0,0.0,0.0,0.0
2019-02-06,1,0,86,0.0,0.0,0.0,0.0,0.0
2019-02-06,1,0,87,0.0,0.0,0.0,0.0,0.0
2019-02-06,1,0,88,83.91,83.91,0.0,452.235286,0.0
2019-02-06,1,0,89,80.66,80.66,0.0,434.719321,0.0
2019-02-06,1,0,90,108.3,108.3,0.0,583.685872,0.0
2019-02-06,1,0,91,386.33,386.33,0.0,2082.136314,0.0
2019-02-06,1,0,92,138.94,138.94,0.0,748.821007,0.0
2019-02-06,1,0,95,88.63,88.63,0.0,1277.21803,0.0
2019-02-06,1,0,96,7.03,7.03,0.0,46.452198,0.0
2019-02-06,1,0,97,43.22,43.22,0.0,285.585205,0.0
2019-02-06,1,0,99,3.09,3.09,0.0,25.452584,0.0
2019-02-06,1,0,101,0.0,0.0,0.0,0.0,0.0
2019-02-06,1,0,102,10.79,10.79,0.0,22.336161,0.0
2019-02-06,1,0,103,9.39,9.39,0.0,19.438049,0.0
2019-02-06,1,0,104,1.74,1.74,0.0,3.601939,0.0
2019-02-06,1,0,106,0.0,0.0,0.0,0.0,0.0
2019-02-06,1,0,109,55.12,55.12,0.0,427.45696,0.0
2019-02-06,1,0,110,139.76,139.76,0.0,-1917.385916,0.0
2019-02-06,1,0,111,0.0,0.0,0.0,0.0,0.0
2019-02-06,1,0,113,34.32,34.32,0.0,202.710753,0.0
2019-02-06,1,0,115,34.32,34.32,0.0,202.710753,0.0
2019-02-06,1,0,116,0.0,0.0,0.0,-0.0,0.0
2019-02-06,1,0,117,2.34,2.34,0.0,13.821188,0.0
2019-02-06,1,0,119,56.6,56.6,0.0,928.707374,0.0
2019-02-06,1,0,120,33.28,33.28,0.0,546.066809,0.0
2019-02-06,1,0,123,0.0,0.0,0.0,0.0,0.0
2019-02-06,1,0,125,102.98,102.98,0.0,683.187833,0.0
2019-02-06,1,0,126,0.0,0.0,0.0,0.0,0.0
2019-02-06,1,0,127,0.0,0.0,0.0,0.0,0.0
2019-02-06,1,0,128,147.5,147.5,0.0,978.541517,0.0
2019-02-06,1,0,131,15.86,15.86,0.0,49.294637,0.0
2019-02-06,1,0,132,23.31,23.31,0.0,72.450063,0.0
2019-02-06,1,0,133,139.8,139.8,0.0,1290.452686,0.0
2019-02-06,1,0,134,0.0,0.0,0.0,0.0,0.0
2019-02-06,1,0,135,187.32,187.32,0.0,1729.095831,0.0
2019-02-06,1,0,136,45.9,45.9,0.0,216.703774,0.0
2019-02-06,1,0,139,88.98,88.98,0.0,650.135591,0.0
2019-02-06,1,0,140,103.44,103.44,0.0,-1419.107034,0.0
2019-02-06,1,0,141,168.0,168.0,0.0,-305.200498,0.0
2019-02-06,1,0,142,0.0,0.0,0.0,-0.0,0.0
2019-02-06,1,0,143,22.24,22.24,0.0,147.2563,0.0
2019-02-06,1,0,145,5.05,5.05,0.0,35.562177,0.0
2019-02-06,1,0,146,268.0,268.0,0.0,-3676.727428,0.0
2019-02-06,1,0,152,0.0,0.0,0.0,0.0,0.0
2019-02-06,1,0,153,0.0,0.0,0.0,0.0,0.0
2019-02-06,1,0,154,0.0,0.0,0.0,0.0,0.0
2019-02-06,1,0,157,216.82,216.82,0.0,-393.890309,0.0
2019-02-06,1,0,158,0.0,0.0,0.0,-0.0,0.0
2019-02-06,1,0,159,0.0,0.0,0.0,0.0,0.0
2019-02-06,1,0,160,0.0,0.0,0.0,0.0,0.0
2019-02-06,1,0,161,0.0,0.0,0.0,0.0,0.0
2019-02-06,1,0,162,26.9,26.9,0.0,388.248965,0.0
2019-02-06,1,0,163,55.98,55.98,0.0,-767.99702,0.0
2019-02-06,1,0,164,0.0,0.0,0.0,0.0,0.0
2019-02-06,1,0,167,0.0,0.0,0.0,0.0,0.0
2019-02-06,1,0,168,0.0,0.0,0.0,0.0,0.0
2019-02-06,1,0,169,0.0,0.0,0.0,0.0,0.0
2019-02-06,1,0,170,0.0,0.0,0.0,0.0,0.0
2019-02-06,1,0,172,0.0,0.0,0.0,0.0,0.0
2019-02-06,1,0,173,0.0,0.0,0.0,0.0,0.0
2019-02-06,1,0,188,0.0,0.0,0.0,0.0,0.0
2019-02-06,1,0,190,0.0,0.0,0.0,0.0,0.0
2019-02-06,1,0,191,0.0,0.0,0.0,0.0,0.0
2019-02-06,1,0,192,36.99,36.99,0.0,606.941445,0.0
2019-02-06,1,0,194,48.34,48.34,0.0,448.689711,0.0
2019-02-06,1,0,196,0.0,0.0,0.0,0.0,0.0
2019-02-06,1,0,198,0.0,0.0,0.0,0.0,0.0
2019-02-06,1,0,199,95.96,95.96,0.0,984.390288,0.0
2019-02-06,1,0,200,0.0,0.0,0.0,0.0,0.0
2019-02-06,1,0,204,275.08,275.08,0.0,2119.3943,0.0
2019-02-06,1,0,205,291.6,291.6,0.0,2261.365197,0.0
2019-02-06,1,0,206,127.0,127.0,0.0,839.179107,0.0
2019-02-06,1,0,210,0.0,0.0,0.0,0.0,0.0
2019-02-06,1,0,214,0.0,0.0,0.0,0.0,0.0
2019-02-06,1,0,217,0.0,0.0,0.0,0.0,0.0
2019-02-06,1,0,218,0.0,0.0,0.0,0.0,0.0
2019-02-06,1,0,219,0.0,0.0,0.0,0.0,0.0
2019-02-06,1,0,221,0.0,0.0,0.0,0.0,0.0
2019-02-06,1,0,225,0.0,0.0,0.0,0.0,0.0
2019-02-06,1,0,233,0.0,0.0,0.0,0.0,0.0
2019-02-06,1,0,236,78.64,78.64,0.0,665.845694,0.0
2019-02-06,1,0,237,38.36,38.36,0.0,315.974469,0.0
2019-02-06,1,0,238,0.0,0.0,0.0,0.0,0.0
2019-02-06,1,0,240,0.0,0.0,0.0,0.0,0.0
2019-02-06,1,0,245,69.85,69.85,0.0,552.234639,0.0
2019-02-06,1,0,247,107.02,107.02,0.0,846.100945,0.0
2019-02-06,1,0,248,3.85,3.85,0.0,31.712766,0.0
2019-02-06,1,0,249,134.33,134.33,0.0,1062.014016,0.0
2019-02-06,1,0,251,326.4,326.4,0.0,1888.475027,0.0
2019-02-06,1,0,252,260.58,260.58,0.0,1172.04824,0.0
2019-02-06,1,0,254,0.0,0.0,0.0,0.0,0.0
2019-02-06,1,0,255,0.0,0.0,0.0,0.0,0.0
2019-02-06,1,0,258,0.0,0.0,0.0,0.0,0.0
2019-02-06,1,0,260,0.0,0.0,0.0,0.0,0.0
2019-02-06,1,0,265,0.0,0.0,0.0,0.0,0.0
2019-02-06,1,0,266,57.62,57.62,0.0,421.002616,0.0
2019-02-06,1,0,267,70.8,70.8,0.0,517.302763,0.0
2019-02-06,1,0,270,174.81,174.81,0.0,-2398.241499,0.0
2019-02-06,1,0,272,114.45,114.45,0.0,675.997834,0.0
2019-02-06,1,0,273,0.0,0.0,0.0,-0.0,0.0
2019-02-06,1,0,274,225.35,225.35,0.0,-3091.60644,0.0
2019-02-06,1,0,275,313.7,313.7,0.0,-4303.69177,0.0
2019-02-06,1,0,276,0.0,0.0,0.0,-0.0,0.0
2019-02-06,1,0,277,0.0,0.0,0.0,0.0,0.0
2019-02-06,1,0,278,0.0,0.0,0.0,0.0,0.0
2019-02-06,1,0,279,125.35,125.35,0.0,714.39871,0.0
2019-02-06,1,0,281,3.46,3.46,0.0,22.909478,0.0
2019-02-06,1,0,282,0.0,0.0,0.0,0.0,0.0
2019-02-06,2,0,9,0.0,0.0,0.0,0.0,0.0
2019-02-06,2,0,17,0.0,0.0,0.0,0.0,0.0
2019-02-06,2,0,19,643.3,643.3,0.0,290.118194,0.0
2019-02-06,2,0,20,780.2,780.2,0.0,351.857943,0.0
2019-02-06,2,0,21,0.0,0.0,0.0,0.0,0.0
2019-02-06,2,0,22,0.0,0.0,0.0,0.0,0.0
2019-02-06,2,0,23,50.34,50.34,0.0,334.527024,0.0
2019-02-06,2,0,24,89.06,89.06,0.0,591.835058,0.0
2019-02-06,2,0,29,0.0,0.0,0.0,0.0,0.0
2019-02-06,2,0,30,0.0,0.0,0.0,0.0,0.0
2019-02-06,2,0,31,3.11,3.11,0.0,20.630604,0.0
2019-02-06,2,0,32,0.0,0.0,0.0,0.0,0.0
2019-02-06,2,0,33,0.0,0.0,0.0,0.0,0.0
2019-02-06,2,0,34,0.0,0.0,0.0,0.0,0.0
2019-02-06,2,0,35,0.0,0.0,0.0,0.0,0.0
2019-02-06,2,0,36,0.0,0.0,0.0,0.0,0.0
2019-02-06,2,0,37,0.0,0.0,0.0,0.0,0.0
2019-02-06,2,0,38,0.0,0.0,0.0,0.0,0.0
2019-02-06,2,0,39,0.0,0.0,0.0,0.0,0.0
2019-02-06,2,0,40,0.0,0.0,0.0,0.0,0.0
2019-02-06,2,0,41,82.9,82.9,0.0,601.348201,0.0
2019-02-06,2,0,42,0.0,0.0,0.0,0.0,0.0
2019-02-06,2,0,43,0.0,0.0,0.0,0.0,0.0
2019-02-06,2,0,46,0.0,0.0,0.0,0.0,0.0
2019-02-06,2,0,52,3.29,3.29,0.0,21.824658,0.0
2019-02-06,2,0,53,5.23,5.23,0.0,34.69391,0.0
2019-02-06,2,0,55,139.82,139.82,0.0,929.15313,0.0
2019-02-06,2,0,56,0.0,0.0,0.0,0.0,0.0
2019-02-06,2,0,57,0.0,0.0,0.0,0.0,0.0
2019-02-06,2,0,58,0.0,0.0,0.0,0.0,0.0
2019-02-06,2,0,59,0.0,0.0,0.0,0.0,0.0
2019-02-06,2,0,63,62.51,62.51,0.0,963.615387,0.0
2019-02-06,2,0,64,73.54,73.54,0.0,1133.647026,0.0
2019-02-06,2,0,65,39.02,39.02,0.0,172.47287,0.0
2019-02-06,2,0,67,0.0,0.0,0.0,-0.0,0.0
2019-02-06,2,0,68,4.03,4.03,0.0,9.418133,0.0
2019-02-06,2,0,69,0.0,0.0,0.0,0.0,0.0
2019-02-06,2,0,74,14.87,14.87,0.0,120.380493,0.0
2019-02-06,2,0,77,89.98,89.98,0.0,496.56007,0.0
2019-02-06,2,0,78,68.02,68.02,0.0,375.372482,0.0
2019-02-06,2,0,79,39.36,39.36,0.0,217.21054,0.0
2019-02-06,2,0,80,63.66,63.66,0.0,351.311559,0.0
2019-02-06,2,0,81,83.23,83.23,0.0,459.309787,0.0
2019-02-06,2,0,82,58.71,58.71,0.0,323.994685,0.0
2019-02-06,2,0,83,130.92,130.92,0.0,722.489935,0.0
2019-02-06,2,0,84,0.0,0.0,0.0,0.0,0.0
2019-02-06,2,0,86,0.0,0.0,0.0,0.0,0.0
2019-02-06,2,0,87,0.0,0.0,0.0,0.0,0.0
2019-02-06,2,0,88,65.65,65.65,0.0,362.293494,0.0
2019-02-06,2,0,89,63.11,63.11,0.0,348.276351,0.0
2019-02-06,2,0,90,84.73,84.73,0.0,467.587628,0.0
2019-02-06,2,0,91,302.26,302.26,0.0,1668.040085,0.0
2019-02-06,2,0,92,108.7,108.7,0.0,599.867522,0.0
2019-02-06,2,0,95,36.0,36.0,0.0,487.411122,0.0
2019-02-06,2,0,96,5.21,5.21,0.0,34.497437,0.0
2019-02-06,2,0,97,32.03,32.03,0.0,212.083089,0.0
2019-02-06,2,0,99,2.87,2.87,0.0,23.234164,0.0
2019-02-06,2,0,101,0.0,0.0,0.0,0.0,0.0
2019-02-06,2,0,102,9.54,9.54,0.0,22.295034,0.0
2019-02-06,2,0,103,8.29,8.29,0.0,19.373777,0.0
2019-02-06,2,0,104,1.54,1.54,0.0,3.598989,0.0
2019-02-06,2,0,106,0.0,0.0,0.0,0.0,0.0
2019-02-06,2,0,109,68.19,68.19,0.0,522.345047,0.0
2019-02-06,2,0,110,147.1,147.1,0.0,-1885.523521,0.0
2019-02-06,2,0,111,0.0,0.0,0.0,0.0,0.0
2019-02-06,2,0,113,32.7,32.7,0.0,197.171709,0.0
2019-02-06,2,0,115,32.7,32.7,0.0,197.171709,0.0
2019-02-06,2,0,116,0.0,0.0,0.0,-0.0,0.0
2019-02-06,2,0,117,1.75,1.75,0.0,10.552003,0.0
2019-02-06,2,0,119,73.54,73.54,0.0,1133.647026,0.0
2019-02-06,2,0,120,43.24,43.24,0.0,666.56102,0.0
2019-02-06,2,0,123,0.0,0.0,0.0,0.0,0.0
2019-02-06,2,0,125,80.59,80.59,0.0,535.548925,0.0
2019-02-06,2,0,126,0.0,0.0,0.0,0.0,0.0
2019-02-06,2,0,127,0.0,0.0,0.0,0.0,0.0
2019-02-06,2,0,128,115.43,115.43,0.0,767.072992,0.0
2019-02-06,2,0,131,13.29,13.29,0.0,44.30009,0.0
2019-02-06,2,0,132,19.54,19.54,0.0,65.133466,0.0
2019-02-06,2,0,133,139.62,139.62,0.0,1261.42666,0.0
2019-02-06,2,0,134,0.0,0.0,0.0,0.0,0.0
2019-02-06,2,0,135,187.08,187.08,0.0,1690.214149,0.0
2019-02-06,2,0,136,45.9,45.9,0.0,212.884742,0.0
2019-02-06,2,0,139,107.05,107.05,0.0,776.529855,0.0
2019-02-06,2,0,140,108.87,108.87,0.0,-1395.492493,0.0
2019-02-06,2,0,141,148.19,148.19,0.0,-206.520143,0.0
2019-02-06,2,0,142,0.0,0.0,0.0,-0.0,0.0
2019-02-06,2,0,143,11.26,11.26,0.0,74.694727,0.0
2019-02-06,2,0,145,4.5,4.5,0.0,31.565673,0.0
2019-02-06,2,0,146,268.0,268.0,0.0,-3435.216203,0.0
2019-02-06,2,0,152,0.0,0.0,0.0,0.0,0.0
2019-02-06,2,0,153,0.0,0.0,0.0,0.0,0.0
2019-02-06,2,0,154,0.0,0.0,0.0,0.0,0.0
2019-02-06,2,0,157,219.63,219.63,0.0,-306.08016,0.0
2019-02-06,2,0,158,0.0,0.0,0.0,-0.0,0.0
2019-02-06,2,0,159,0.0,0.0,0.0,0.0,0.0
2019-02-06,2,0,160,0.0,0.0,0.0,0.0,0.0
2019-02-06,2,0,161,0.0,0.0,0.0,0.0,0.0
2019-02-06,2,0,162,35.59,35.59,0.0,482.601181,0.0
2019-02-06,2,0,163,64.78,64.78,0.0,-830.348155,0.0
2019-02-06,2,0,164,0.0,0.0,0.0,0.0,0.0
2019-02-06,2,0,167,0.0,0.0,0.0,0.0,0.0
2019-02-06,2,0,168,0.0,0.0,0.0,0.0,0.0
2019-02-06,2,0,169,0.0,0.0,0.0,0.0,0.0
2019-02-06,2,0,170,0.0,0.0,0.0,0.0,0.0
2019-02-06,2,0,172,0.0,0.0,0.0,0.0,0.0
2019-02-06,2,0,173,0.0,0.0,0.0,0.0,0.0
2019-02-06,2,0,188,0.0,0.0,0.0,0.0,0.0
2019-02-06,2,0,190,0.0,0.0,0.0,0.0,0.0
2019-02-06,2,0,191,0.0,0.0,0.0,0.0,0.0
2019-02-06,2,0,192,53.39,53.39,0.0,823.027124,0.0
2019-02-06,2,0,194,47.41,47.41,0.0,440.133028,0.0
2019-02-06,2,0,196,0.0,0.0,0.0,0.0,0.0
2019-02-06,2,0,198,0.0,0.0,0.0,0.0,0.0
2019-02-06,2,0,199,35.99,35.99,0.0,359.80466,0.0
2019-02-06,2,0,200,0.0,0.0,0.0,0.0,0.0
2019-02-06,2,0,204,360.19,360.19,0.0,2742.696155,0.0
2019-02-06,2,0,205,334.77,334.77,0.0,2564.38556,0.0
2019-02-06,2,0,206,94.13,94.13,0.0,623.271344,0.0
2019-02-06,2,0,210,0.0,0.0,0.0,0.0,0.0
2019-02-06,2,0,214,0.0,0.0,0.0,0.0,0.0
2019-02-06,2,0,217,0.0,0.0,0.0,0.0,0.0
2019-02-06,2,0,218,0.0,0.0,0.0,0.0,0.0
2019-02-06,2,0,219,0.0,0.0,0.0,0.0,0.0
2019-02-06,2,0,221,0.0,0.0,0.0,0.0,0.0
2019-02-06,2,0,225,0.0,0.0,0.0,0.0,0.0
2019-02-06,2,0,233,0.0,0.0,0.0,0.0,0.0
2019-02-06,2,0,236,72.51,72.51,0.0,602.110471,0.0
2019-02-06,2,0,237,35.68,35.68,0.0,288.848419,0.0
2019-02-06,2,0,238,0.0,0.0,0.0,0.0,0.0
2019-02-06,2,0,240,0.0,0.0,0.0,0.0,0.0
2019-02-06,2,0,245,68.86,68.86,0.0,532.91992,0.0
2019-02-06,2,0,247,102.85,102.85,0.0,795.974641,0.0
2019-02-06,2,0,248,3.58,3.58,0.0,28.981988,0.0
2019-02-06,2,0,249,132.43,132.43,0.0,1024.899579,0.0
2019-02-06,2,0,251,326.4,326.4,0.0,1853.240533,0.0
2019-02-06,2,0,252,251.69,251.69,0.0,1112.498633,0.0
2019-02-06,2,0,254,0.0,0.0,0.0,0.0,0.0
2019-02-06,2,0,255,0.0,0.0,0.0,0.0,0.0
2019-02-06,2,0,258,0.0,0.0,0.0,0.0,0.0
2019-02-06,2,0,260,0.0,0.0,0.0,0.0,0.0
2019-02-06,2,0,265,0.0,0.0,0.0,0.0,0.0
2019-02-06,2,0,266,69.32,69.32,0.0,502.840257,0.0
2019-02-06,2,0,267,85.18,85.18,0.0,617.88709,0.0
2019-02-06,2,0,270,202.3,202.3,0.0,-2593.075515,0.0
2019-02-06,2,0,272,141.06,141.06,0.0,850.551719,0.0
2019-02-06,2,0,273,0.0,0.0,0.0,-0.0,0.0
2019-02-06,2,0,274,260.79,260.79,0.0,-3342.798633,0.0
2019-02-06,2,0,275,363.02,363.02,0.0,-4653.179799,0.0
2019-02-06,2,0,276,0.0,0.0,0.0,-0.0,0.0
2019-02-06,2,0,277,0.0,0.0,0.0,0.0,0.0
2019-02-06,2,0,278,0.0,0.0,0.0,0.0,0.0
2019-02-06,2,0,279,109.43,109.43,0.0,637.406268,0.0
2019-02-06,2,0,281,1.39,1.39,0.0,9.220752,0.0
2019-02-06,2,0,282,0.0,0.0,0.0,0.0,0.0
2019-02-06,3,0,9,0.0,0.0,0.0,0.0,0.0
2019-02-06,3,0,17,0.0,0.0,0.0,0.0,0.0
2019-02-06,3,0,19,643.3,643.3,0.0,238.513131,0.0
2019-02-06,3,0,20,780.2,780.2,0.0,289.27086,0.0
2019-02-06,3,0,21,0.0,0.0,0.0,0.0,0.0
2019-02-06,3,0,22,0.0,0.0,0.0,0.0,0.0
2019-02-06,3,0,23,38.82,38.82,0.0,260.374791,0.0
2019-02-06,3,0,24,68.68,68.68,0.0,460.652772,0.0
2019-02-06,3,0,29,0.0,0.0,0.0,0.0,0.0
2019-02-06,3,0,30,0.0,0.0,0.0,0.0,0.0
2019-02-06,3,0,31,2.61,2.61,0.0,17.472956,0.0
2019-02-06,3,0,32,0.0,0.0,0.0,0.0,0.0
2019-02-06,3,0,33,0.0,0.0,0.0,0.0,0.0
2019-02-06,3,0,34,0.0,0.0,0.0,0.0,0.0
2019-02-06,3,0,35,0.0,0.0,0.0,0.0,0.0
2019-02-06,3,0,36,0.0,0.0,0.0,0.0,0.0
2019-02-06,3,0,37,0.0,0.0,0.0,0.0,0.0
2019-02-06,3,0,38,0.0,0.0,0.0,0.0,0.0
2019-02-06,3,0,39,0.0,0.0,0.0,0.0,0.0
2019-02-06,3,0,40,0.0,0.0,0.0,0.0,0.0
2019-02-06,3,0,41,98.92,98.92,0.0,728.291604,0.0
2019-02-06,3,0,42,0.0,0.0,0.0,0.0,0.0
2019-02-06,3,0,43,0.0,0.0,0.0,0.0,0.0
2019-02-06,3,0,46,0.0,0.0,0.0,0.0,0.0
2019-02-06,3,0,52,2.76,2.76,0.0,18.477148,0.0
2019-02-06,3,0,53,4.39,4.39,0.0,29.389377,0.0
2019-02-06,3,0,55,135.96,135.96,0.0,911.915418,0.0
2019-02-06,3,0,56,0.0,0.0,0.0,0.0,0.0
2019-02-06,3,0,57,0.0,0.0,0.0,0.0,0.0
2019-02-06,3,0,58,0.0,0.0,0.0,0.0,0.0
2019-02-06,3,0,59,0.0,0.0,0.0,0.0,0.0
2019-02-06,3,0,63,79.6,79.6,0.0,1285.170709,0.0
2019-02-06,3,0,64,93.65,93.65,0.0,1512.013026,0.0
2019-02-06,3,0,65,37.77,37.77,0.0,169.182629,0.0
2019-02-06,3,0,67,0.0,0.0,0.0,-0.0,0.0
2019-02-06,3,0,68,3.62,3.62,0.0,7.493689,0.0
2019-02-06,3,0,69,0.0,0.0,0.0,0.0,0.0
2019-02-06,3,0,74,13.88,13.88,0.0,114.772679,0.0
2019-02-06,3,0,77,71.14,71.14,0.0,390.858406,0.0
2019-02-06,3,0,78,53.78,53.78,0.0,295.478845,0.0
2019-02-06,3,0,79,31.12,31.12,0.0,170.979949,0.0
2019-02-06,3,0,80,50.33,50.33,0.0,276.523806,0.0
2019-02-06,3,0,81,65.8,65.8,0.0,361.519301,0.0
2019-02-06,3,0,82,46.42,46.42,0.0,255.041428,0.0
2019-02-06,3,0,83,103.51,103.51,0.0,568.706123,0.0
2019-02-06,3,0,84,0.0,0.0,0.0,0.0,0.0
2019-02-06,3,0,86,0.0,0.0,0.0,0.0,0.0
2019-02-06,3,0,87,0.0,0.0,0.0,0.0,0.0
2019-02-06,3,0,88,52.24,52.24,0.0,287.017755,0.0
2019-02-06,3,0,89,50.22,50.22,0.0,275.919442,0.0
2019-02-06,3,0,90,67.43,67.43,0.0,370.474871,0.0
2019-02-06,3,0,91,240.53,240.53,0.0,1321.523367,0.0
2019-02-06,3,0,92,86.51,86.51,0.0,475.30448,0.0
2019-02-06,3,0,95,36.0,36.0,0.0,508.540749,0.0
2019-02-06,3,0,96,4.8,4.8,0.0,32.070892,0.0
2019-02-06,3,0,97,29.49,29.49,0.0,197.035545,0.0
2019-02-06,3,0,99,2.68,2.68,0.0,22.160719,0.0
2019-02-06,3,0,101,0.0,0.0,0.0,0.0,0.0
2019-02-06,3,0,102,8.58,8.58,0.0,17.761284,0.0
2019-02-06,3,0,103,7.46,7.46,0.0,15.442795,0.0
2019-02-06,3,0,104,1.38,1.38,0.0,2.85671,0.0
2019-02-06,3,0,106,0.0,0.0,0.0,0.0,0.0
2019-02-06,3,0,109,86.76,86.76,0.0,676.696088,0.0
2019-02-06,3,0,110,155.24,155.24,0.0,-2210.663414,0.0
2019-02-06,3,0,111,0.0,0.0,0.0,0.0,0.0
2019-02-06,3,0,113,24.35,24.35,0.0,147.177944,0.0
2019-02-06,3,0,115,24.35,24.35,0.0,147.177944,0.0
2019-02-06,3,0,116,0.0,0.0,0.0,-0.0,0.0
2019-02-06,3,0,117,1.25,1.25,0.0,7.555336,0.0
2019-02-06,3,0,119,93.65,93.65,0.0,1512.013026,0.0
2019-02-06,3,0,120,55.07,55.07,0.0,889.125012,0.0
2019-02-06,3,0,123,0.0,0.0,0.0,0.0,0.0
2019-02-06,3,0,125,62.15,62.15,0.0,416.85454,0.0
2019-02-06,3,0,126,0.0,0.0,0.0,0.0,0.0
2019-02-06,3,0,127,0.0,0.0,0.0,0.0,0.0
2019-02-06,3,0,128,89.02,89.02,0.0,597.077894,0.0
2019-02-06,3,0,131,11.15,11.15,0.0,35.037466,0.0
2019-02-06,3,0,132,16.4,16.4,0.0,51.534928,0.0
2019-02-06,3,0,133,77.87,77.87,0.0,720.855312,0.0
2019-02-06,3,0,134,0.0,0.0,0.0,0.0,0.0
2019-02-06,3,0,135,104.21,104.21,0.0,964.688995,0.0
2019-02-06,3,0,136,45.9,45.9,0.0,215.951946,0.0
2019-02-06,3,0,139,127.74,127.74,0.0,940.476844,0.0
2019-02-06,3,0,140,114.9,114.9,0.0,-1636.209909,0.0
2019-02-06,3,0,141,130.22,130.22,0.0,-253.272904,0.0
2019-02-06,3,0,142,0.0,0.0,0.0,-0.0,0.0
2019-02-06,3,0,143,5.28,5.28,0.0,35.347588,0.0
2019-02-06,3,0,145,4.47,4.47,0.0,31.758082,0.0
2019-02-06,3,0,146,268.0,268.0,0.0,-3816.399092,0.0
2019-02-06,3,0,152,0.0,0.0,0.0,0.0,0.0
2019-02-06,3,0,153,0.0,0.0,0.0,0.0,0.0
2019-02-06,3,0,154,0.0,0.0,0.0,0.0,0.0
2019-02-06,3,0,157,227.48,227.48,0.0,-442.439873,0.0
2019-02-06,3,0,158,0.0,0.0,0.0,-0.0,0.0
2019-02-06,3,0,159,0.0,0.0,0.0,0.0,0.0
2019-02-06,3,0,160,0.0,0.0,0.0,0.0,0.0
2019-02-06,3,0,161,0.0,0.0,0.0,0.0,0.0
2019-02-06,3,0,162,45.87,45.87,0.0,648.993706,0.0
2019-02-06,3,0,163,75.28,75.28,0.0,-1072.009416,0.0
2019-02-06,3,0,164,0.0,0.0,0.0,0.0,0.0
2019-02-06,3,0,167,0.0,0.0,0.0,0.0,0.0
2019-02-06,3,0,168,0.0,0.0,0.0,0.0,0.0
2019-02-06,3,0,169,0.0,0.0,0.0,0.0,0.0
2019-02-06,3,0,170,0.0,0.0,0.0,0.0,0.0
2019-02-06,3,0,172,0.0,0.0,0.0,0.0,0.0
2019-02-06,3,0,173,0.0,0.0,0.0,0.0,0.0
2019-02-06,3,0,188,0.0,0.0,0.0,0.0,0.0
2019-02-06,3,0,190,0.0,0.0,0.0,0.0,0.0
2019-02-06,3,0,191,0.0,0.0,0.0,0.0,0.0
2019-02-06,3,0,192,74.13,74.13,0.0,1196.855586,0.0
2019-02-06,3,0,194,46.57,46.57,0.0,444.562047,0.0
2019-02-06,3,0,196,0.0,0.0,0.0,0.0,0.0
2019-02-06,3,0,198,0.0,0.0,0.0,0.0,0.0
2019-02-06,3,0,199,32.82,32.82,0.0,338.506278,0.0
2019-02-06,3,0,200,0.0,0.0,0.0,0.0,0.0
2019-02-06,3,0,204,460.74,460.74,0.0,3570.992374,0.0
2019-02-06,3,0,205,458.97,458.97,0.0,3579.797179,0.0
2019-02-06,3,0,206,86.67,86.67,0.0,579.080051,0.0
2019-02-06,3,0,210,0.0,0.0,0.0,0.0,0.0
2019-02-06,3,0,214,0.0,0.0,0.0,0.0,0.0
2019-02-06,3,0,217,0.0,0.0,0.0,0.0,0.0
2019-02-06,3,0,218,0.0,0.0,0.0,0.0,0.0
2019-02-06,3,0,219,0.0,0.0,0.0,0.0,0.0
2019-02-06,3,0,221,0.0,0.0,0.0,0.0,0.0
2019-02-06,3,0,225,0.0,0.0,0.0,0.0,0.0
2019-02-06,3,0,233,0.0,0.0,0.0,0.0,0.0
2019-02-06,3,0,236,66.96,66.96,0.0,568.696743,0.0
2019-02-06,3,0,237,33.29,33.29,0.0,275.272514,0.0
2019-02-06,3,0,238,0.0,0.0,0.0,0.0,0.0
2019-02-06,3,0,240,0.0,0.0,0.0,0.0,0.0
2019-02-06,3,0,245,68.06,68.06,0.0,538.891813,0.0
2019-02-06,3,0,247,100.17,100.17,0.0,793.135365,0.0
2019-02-06,3,0,248,3.34,3.34,0.0,27.61821,0.0
2019-02-06,3,0,249,130.88,130.88,0.0,1036.293866,0.0
2019-02-06,3,0,251,304.17,304.17,0.0,1758.237725,0.0
2019-02-06,3,0,252,243.63,243.63,0.0,1091.288427,0.0
2019-02-06,3,0,254,0.0,0.0,0.0,0.0,0.0
2019-02-06,3,0,255,0.0,0.0,0.0,0.0,0.0
2019-02-06,3,0,258,0.0,0.0,0.0,0.0,0.0
2019-02-06,3,0,260,0.0,0.0,0.0,0.0,0.0
2019-02-06,3,0,265,0.0,0.0,0.0,0.0,0.0
2019-02-06,3,0,266,82.72,82.72,0.0,609.020233,0.0
2019-02-06,3,0,267,101.65,101.65,0.0,748.391038,0.0
2019-02-06,3,0,270,235.09,235.09,0.0,-3347.750979,0.0
2019-02-06,3,0,272,99.46,99.46,0.0,601.16297,0.0
2019-02-06,3,0,273,0.0,0.0,0.0,-0.0,0.0
2019-02-06,3,0,274,303.06,303.06,0.0,-4315.663838,0.0
2019-02-06,3,0,275,421.86,421.86,0.0,-6007.410898,0.0
2019-02-06,3,0,276,0.0,0.0,0.0,-0.0,0.0
2019-02-06,3,0,277,0.0,0.0,0.0,0.0,0.0
2019-02-06,3,0,278,0.0,0.0,0.0,0.0,0.0
2019-02-06,3,0,279,96.52,96.52,0.0,562.107679,0.0
2019-02-06,3,0,281,1.17,1.17,0.0,7.832704,0.0
2019-02-06,3,0,282,0.0,0.0,0.0,0.0,0.0
2019-02-06,4,0,9,0.0,0.0,0.0,0.0,0.0
2019-02-06,4,0,17,0.0,0.0,0.0,0.0,0.0
2019-02-06,4,0,19,643.3,643.3,0.0,299.788279,0.0
2019-02-06,4,0,20,780.2,780.2,0.0,363.585909,0.0
2019-02-06,4,0,21,0.0,0.0,0.0,0.0,0.0
2019-02-06,4,0,22,0.0,0.0,0.0,0.0,0.0
2019-02-06,4,0,23,26.61,26.61,0.0,156.650356,0.0
2019-02-06,4,0,24,43.97,43.97,0.0,258.846905,0.0
2019-02-06,4,0,29,0.0,0.0,0.0,0.0,0.0
2019-02-06,4,0,30,0.0,0.0,0.0,0.0,0.0
2019-02-06,4,0,31,2.22,2.22,0.0,13.032607,0.0
2019-02-06,4,0,32,0.0,0.0,0.0,0.0,0.0
2019-02-06,4,0,33,0.0,0.0,0.0,0.0,0.0
2019-02-06,4,0,34,0.0,0.0,0.0,0.0,0.0
2019-02-06,4,0,35,0.0,0.0,0.0,0.0,0.0
2019-02-06,4,0,36,0.0,0.0,0.0,0.0,0.0
2019-02-06,4,0,37,0.0,0.0,0.0,0.0,0.0
2019-02-06,4,0,38,0.0,0.0,0.0,0.0,0.0
2019-02-06,4,0,39,0.0,0.0,0.0,0.0,0.0
2019-02-06,4,0,40,0.0,0.0,0.0,0.0,0.0
2019-02-06,4,0,41,116.0,116.0,0.0,781.489131,0.0
2019-02-06,4,0,42,0.0,0.0,0.0,0.0,0.0
2019-02-06,4,0,43,0.0,0.0,0.0,0.0,0.0
2019-02-06,4,0,46,0.0,0.0,0.0,0.0,0.0
2019-02-06,4,0,52,2.35,2.35,0.0,13.795778,0.0
2019-02-06,4,0,53,3.74,3.74,0.0,21.955834,0.0
2019-02-06,4,0,55,133.36,133.36,0.0,785.076717,0.0
2019-02-06,4,0,56,0.0,0.0,0.0,0.0,0.0
2019-02-06,4,0,57,0.0,0.0,0.0,0.0,0.0
2019-02-06,4,0,58,0.0,0.0,0.0,0.0,0.0
2019-02-06,4,0,59,0.0,0.0,0.0,0.0,0.0
2019-02-06,4,0,63,99.63,99.63,0.0,1802.996316,0.0
2019-02-06,4,0,64,117.21,117.21,0.0,2121.140201,0.0
2019-02-06,4,0,65,36.54,36.54,0.0,161.105834,0.0
2019-02-06,4,0,67,0.0,0.0,0.0,-0.0,0.0
2019-02-06,4,0,68,3.3,3.3,0.0,-0.386686,0.0
2019-02-06,4,0,69,0.0,0.0,0.0,0.0,0.0
2019-02-06,4,0,74,13.02,13.02,0.0,103.066591,0.0
2019-02-06,4,0,77,57.55,57.55,0.0,248.291227,0.0
2019-02-06,4,0,78,43.51,43.51,0.0,187.717659,0.0
2019-02-06,4,0,79,25.18,25.18,0.0,108.635501,0.0
2019-02-06,4,0,80,40.72,40.72,0.0,175.680604,0.0
2019-02-06,4,0,81,53.24,53.24,0.0,229.69635,0.0
2019-02-06,4,0,82,37.55,37.55,0.0,162.004093,0.0
2019-02-06,4,0,83,83.74,83.74,0.0,361.284229,0.0
2019-02-06,4,0,84,0.0,0.0,0.0,0.0,0.0
2019-02-06,4,0,86,0.0,0.0,0.0,0.0,0.0
2019-02-06,4,0,87,0.0,0.0,0.0,0.0,0.0
2019-02-06,4,0,88,42.81,42.81,0.0,184.69761,0.0
2019-02-06,4,0,89,41.15,41.15,0.0,177.535777,0.0
2019-02-06,4,0,90,55.25,55.25,0.0,238.368207,0.0
2019-02-06,4,0,91,197.1,197.1,0.0,850.359702,0.0
2019-02-06,4,0,92,70.88,70.88,0.0,305.801602,0.0
2019-02-06,4,0,95,84.17,84.17,0.0,1303.259419,0.0
2019-02-06,4,0,96,5.7,5.7,0.0,33.364676,0.0
2019-02-06,4,0,97,35.06,35.06,0.0,205.222026,0.0
2019-02-06,4,0,99,2.51,2.51,0.0,19.869212,0.0
2019-02-06,4,0,101,0.0,0.0,0.0,0.0,0.0
2019-02-06,4,0,102,7.81,7.81,0.0,-0.915158,0.0
2019-02-06,4,0,103,6.79,6.79,0.0,-0.795636,0.0
2019-02-06,4,0,104,1.26,1.26,0.0,-0.147644,0.0
2019-02-06,4,0,106,0.0,0.0,0.0,0.0,0.0
2019-02-06,4,0,109,106.8,106.8,0.0,779.925905,0.0
2019-02-06,4,0,110,165.13,165.13,0.0,-3504.932467,0.0
2019-02-06,4,0,111,0.0,0.0,0.0,0.0,0.0
2019-02-06,4,0,113,12.32,12.32,0.0,61.91557,0.0
2019-02-06,4,0,115,12.32,12.32,0.0,61.91557,0.0
2019-02-06,4,0,116,0.0,0.0,0.0,-0.0,0.0
2019-02-06,4,0,117,0.82,0.82,0.0,4.121004,0.0
2019-02-06,4,0,119,117.21,117.21,0.0,2121.140201,0.0
2019-02-06,4,0,120,68.92,68.92,0.0,1247.239848,0.0
2019-02-06,4,0,123,0.0,0.0,0.0,0.0,0.0
2019-02-06,4,0,125,40.35,40.35,0.0,237.536334,0.0
2019-02-06,4,0,126,0.0,0.0,0.0,0.0,0.0
2019-02-06,4,0,127,0.0,0.0,0.0,0.0,0.0
2019-02-06,4,0,128,54.8,54.8,0.0,322.60201,0.0
2019-02-06,4,0,131,9.45,9.45,0.0,12.006549,0.0
2019-02-06,4,0,132,13.89,13.89,0.0,17.647721,0.0
2019-02-06,4,0,133,109.53,109.53,0.0,986.3296,0.0
2019-02-06,4,0,134,0.0,0.0,0.0,0.0,0.0
2019-02-06,4,0,135,151.09,151.09,0.0,1360.581935,0.0
2019-02-06,4,0,136,45.9,45.9,0.0,212.30999,0.0
2019-02-06,4,0,139,149.8,149.8,0.0,1009.198896,0.0
2019-02-06,4,0,140,122.21,122.21,0.0,-2593.942935,0.0
2019-02-06,4,0,141,113.8,113.8,0.0,-604.648306,0.0
2019-02-06,4,0,142,0.0,0.0,0.0,-0.0,0.0
2019-02-06,4,0,143,4.75,4.75,0.0,27.885083,0.0
2019-02-06,4,0,145,4.97,4.97,0.0,31.818266,0.0
2019-02-06,4,0,146,268.0,268.0,0.0,-5688.378255,0.0
2019-02-06,4,0,152,0.0,0.0,0.0,0.0,0.0
2019-02-06,4,0,153,0.0,0.0,0.0,0.0,0.0
2019-02-06,4,0,154,0.0,0.0,0.0,0.0,0.0
2019-02-06,4,0,157,243.39,243.39,0.0,-1293.192892,0.0
2019-02-06,4,0,158,0.0,0.0,0.0,-0.0,0.0
2019-02-06,4,0,159,0.0,0.0,0.0,0.0,0.0
2019-02-06,4,0,160,0.0,0.0,0.0,0.0,0.0
2019-02-06,4,0,161,0.0,0.0,0.0,-0.0,0.0
2019-02-06,4,0,162,48.75,48.75,0.0,756.242335,0.0
2019-02-06,4,0,163,86.96,86.96,0.0,-1845.751392,0.0
2019-02-06,4,0,164,0.0,0.0,0.0,0.0,0.0
2019-02-06,4,0,167,0.0,0.0,0.0,0.0,0.0
2019-02-06,4,0,168,0.0,0.0,0.0,0.0,0.0
2019-02-06,4,0,169,0.0,0.0,0.0,0.0,0.0
2019-02-06,4,0,170,0.0,0.0,0.0,0.0,0.0
2019-02-06,4,0,172,0.0,0.0,0.0,0.0,0.0
2019-02-06,4,0,173,0.0,0.0,0.0,0.0,0.0
2019-02-06,4,0,188,0.0,0.0,0.0,0.0,0.0
2019-02-06,4,0,190,0.0,0.0,0.0,0.0,0.0
2019-02-06,4,0,191,0.0,0.0,0.0,0.0,0.0
2019-02-06,4,0,192,99.36,99.36,0.0,1798.110147,0.0
2019-02-06,4,0,194,45.75,45.75,0.0,437.231219,0.0
2019-02-06,4,0,196,0.0,0.0,0.0,0.0,0.0
2019-02-06,4,0,198,0.0,0.0,0.0,0.0,0.0
2019-02-06,4,0,199,29.86,29.86,0.0,314.970313,0.0
2019-02-06,4,0,200,0.0,0.0,0.0,0.0,0.0
2019-02-06,4,0,204,579.89,579.89,0.0,4197.724643,0.0
2019-02-06,4,0,205,564.97,564.97,0.0,4125.793433,0.0
2019-02-06,4,0,206,103.02,103.02,0.0,603.022621,0.0
2019-02-06,4,0,210,0.0,0.0,0.0,0.0,0.0
2019-02-06,4,0,214,0.0,0.0,0.0,0.0,0.0
2019-02-06,4,0,217,0.0,0.0,0.0,0.0,0.0
2019-02-06,4,0,218,0.0,0.0,0.0,0.0,0.0
2019-02-06,4,0,219,0.0,0.0,0.0,0.0,0.0
2019-02-06,4,0,221,0.0,0.0,0.0,0.0,0.0
2019-02-06,4,0,225,0.0,0.0,0.0,0.0,0.0
2019-02-06,4,0,233,0.0,0.0,0.0,0.0,0.0
2019-02-06,4,0,236,61.4,61.4,0.0,503.843404,0.0
2019-02-06,4,0,237,31.22,31.22,0.0,247.138169,0.0
2019-02-06,4,0,238,0.0,0.0,0.0,0.0,0.0
2019-02-06,4,0,240,0.0,0.0,0.0,0.0,0.0
2019-02-06,4,0,245,67.97,67.97,0.0,525.761755,0.0
2019-02-06,4,0,247,98.0,98.0,0.0,758.049904,0.0
2019-02-06,4,0,248,3.13,3.13,0.0,24.777145,0.0
2019-02-06,4,0,249,130.72,130.72,0.0,1011.14575,0.0
2019-02-06,4,0,251,279.61,279.61,0.0,1580.215327,0.0
2019-02-06,4,0,252,235.68,235.68,0.0,1039.119402,0.0
2019-02-06,4,0,254,0.0,0.0,0.0,0.0,0.0
2019-02-06,4,0,255,0.0,0.0,0.0,0.0,0.0
2019-02-06,4,0,258,0.0,0.0,0.0,0.0,0.0
2019-02-06,4,0,260,0.0,0.0,0.0,0.0,0.0
2019-02-06,4,0,265,0.0,0.0,0.0,0.0,0.0
2019-02-06,4,0,266,97.0,97.0,0.0,653.486601,0.0
2019-02-06,4,0,267,119.2,119.2,0.0,803.047452,0.0
2019-02-06,4,0,270,271.58,271.58,0.0,-5764.364801,0.0
2019-02-06,4,0,272,41.19,41.19,0.0,207.005058,0.0
2019-02-06,4,0,273,0.0,0.0,0.0,-0.0,0.0
2019-02-06,4,0,274,350.1,350.1,0.0,-7430.974728,0.0
2019-02-06,4,0,275,487.34,487.34,0.0,-10343.933802,0.0
2019-02-06,4,0,276,0.0,0.0,0.0,-0.0,0.0
2019-02-06,4,0,277,0.0,0.0,0.0,0.0,0.0
2019-02-06,4,0,278,0.0,0.0,0.0,0.0,0.0
2019-02-06,4,0,279,86.71,86.71,0.0,411.045261,0.0
2019-02-06,4,0,281,1.0,1.0,0.0,5.870544,0.0
2019-02-06,4,0,282,0.0,0.0,0.0,0.0,0.0
2019-02-06,5,0,9,0.0,0.0,0.0,0.0,0.0
2019-02-06,5,0,17,0.0,0.0,0.0,-0.0,0.0
2019-02-06,5,0,19,643.3,643.3,0.0,-378.258922,0.0
2019-02-06,5,0,20,780.2,780.2,0.0,-458.755807,0.0
2019-02-06,5,0,21,0.0,0.0,0.0,0.0,0.0
2019-02-06,5,0,22,0.0,0.0,0.0,0.0,0.0
2019-02-06,5,0,23,29.92,29.92,0.0,236.874187,0.0
2019-02-06,5,0,24,52.93,52.93,0.0,419.042471,0.0
2019-02-06,5,0,29,0.0,0.0,0.0,0.0,0.0
2019-02-06,5,0,30,0.0,0.0,0.0,0.0,0.0
2019-02-06,5,0,31,2.73,2.73,0.0,21.595437,0.0
2019-02-06,5,0,32,0.0,0.0,0.0,0.0,0.0
2019-02-06,5,0,33,0.0,0.0,0.0,0.0,0.0
2019-02-06,5,0,34,0.0,0.0,0.0,0.0,0.0
2019-02-06,5,0,35,0.0,0.0,0.0,0.0,0.0
2019-02-06,5,0,36,0.0,0.0,0.0,0.0,0.0
2019-02-06,5,0,37,0.0,0.0,0.0,0.0,0.0
2019-02-06,5,0,38,0.0,0.0,0.0,0.0,0.0
2019-02-06,5,0,39,0.0,0.0,0.0,0.0,0.0
2019-02-06,5,0,40,0.0,0.0,0.0,0.0,0.0
2019-02-06,5,0,41,96.91,96.91,0.0,799.843714,0.0
2019-02-06,5,0,42,0.0,0.0,0.0,0.0,0.0
2019-02-06,5,0,43,0.0,0.0,0.0,0.0,0.0
2019-02-06,5,0,46,0.0,0.0,0.0,0.0,0.0
2019-02-06,5,0,52,2.9,2.9,0.0,22.940207,0.0
2019-02-06,5,0,53,4.6,4.6,0.0,36.387915,0.0
2019-02-06,5,0,55,98.09,98.09,0.0,776.570489,0.0
2019-02-06,5,0,56,0.0,0.0,0.0,0.0,0.0
2019-02-06,5,0,57,0.0,0.0,0.0,0.0,0.0
2019-02-06,5,0,58,0.0,0.0,0.0,0.0,0.0
2019-02-06,5,0,59,0.0,0.0,0.0,0.0,0.0
2019-02-06,5,0,63,90.11,90.11,0.0,1156.222408,0.0
2019-02-06,5,0,64,106.01,106.01,0.0,1360.239014,0.0
2019-02-06,5,0,65,35.15,35.15,0.0,144.952175,0.0
2019-02-06,5,0,67,0.0,0.0,0.0,0.0,0.0
2019-02-06,5,0,68,3.09,3.09,0.0,17.031591,0.0
2019-02-06,5,0,69,0.0,0.0,0.0,0.0,0.0
2019-02-06,5,0,74,11.26,11.26,0.0,98.115347,0.0
2019-02-06,5,0,77,65.99,65.99,0.0,481.162377,0.0
2019-02-06,5,0,78,49.89,49.89,0.0,363.770132,0.0
2019-02-06,5,0,79,28.87,28.87,0.0,210.503983,0.0
2019-02-06,5,0,80,46.69,46.69,0.0,340.437511,0.0
2019-02-06,5,0,81,61.04,61.04,0.0,445.06973,0.0
2019-02-06,5,0,82,43.06,43.06,0.0,313.96957,0.0
2019-02-06,5,0,83,96.02,96.02,0.0,700.124434,0.0
2019-02-06,5,0,84,0.0,0.0,0.0,0.0,0.0
2019-02-06,5,0,86,0.0,0.0,0.0,0.0,0.0
2019-02-06,5,0,87,0.0,0.0,0.0,0.0,0.0
2019-02-06,5,0,88,53.13,53.13,0.0,387.39441,0.0
2019-02-06,5,0,89,51.08,51.08,0.0,372.44695,0.0
2019-02-06,5,0,90,68.58,68.58,0.0,500.047216,0.0
2019-02-06,5,0,91,244.65,244.65,0.0,1783.851728,0.0
2019-02-06,5,0,92,87.99,87.99,0.0,641.574141,0.0
2019-02-06,5,0,95,36.0,36.0,0.0,424.142347,0.0
2019-02-06,5,0,96,6.56,6.56,0.0,51.847757,0.0
2019-02-06,5,0,97,40.36,40.36,0.0,318.990161,0.0
2019-02-06,5,0,99,2.17,2.17,0.0,18.908553,0.0
2019-02-06,5,0,101,0.0,0.0,0.0,0.0,0.0
2019-02-06,5,0,102,7.32,7.32,0.0,40.346681,0.0
2019-02-06,5,0,103,6.37,6.37,0.0,35.110431,0.0
2019-02-06,5,0,104,1.18,1.18,0.0,6.503973,0.0
2019-02-06,5,0,106,0.0,0.0,0.0,0.0,0.0
2019-02-06,5,0,109,123.96,123.96,0.0,1051.296357,0.0
2019-02-06,5,0,110,160.94,160.94,0.0,-477.454399,0.0
2019-02-06,5,0,111,0.0,0.0,0.0,0.0,0.0
2019-02-06,5,0,113,28.4,28.4,0.0,215.229207,0.0
2019-02-06,5,0,115,28.4,28.4,0.0,215.229207,0.0
2019-02-06,5,0,116,0.0,0.0,0.0,-0.0,0.0
2019-02-06,5,0,117,1.37,1.37,0.0,10.382536,0.0
2019-02-06,5,0,119,106.01,106.01,0.0,1360.239014,0.0
2019-02-06,5,0,120,62.33,62.33,0.0,799.770755,0.0
2019-02-06,5,0,123,0.0,0.0,0.0,0.0,0.0
2019-02-06,5,0,125,47.9,47.9,0.0,379.220373,0.0
2019-02-06,5,0,126,0.0,0.0,0.0,0.0,0.0
2019-02-06,5,0,127,0.0,0.0,0.0,0.0,0.0
2019-02-06,5,0,128,68.61,68.61,0.0,543.179746,0.0
2019-02-06,5,0,131,9.12,9.12,0.0,55.351508,0.0
2019-02-06,5,0,132,13.41,13.41,0.0,81.388567,0.0
2019-02-06,5,0,133,48.58,48.58,0.0,465.554423,0.0
2019-02-06,5,0,134,0.0,0.0,0.0,0.0,0.0
2019-02-06,5,0,135,69.22,69.22,0.0,663.352762,0.0
2019-02-06,5,0,136,45.9,45.9,0.0,201.156124,0.0
2019-02-06,5,0,139,125.15,125.15,0.0,1032.921689,0.0
2019-02-06,5,0,140,119.12,119.12,0.0,-353.388642,0.0
2019-02-06,5,0,141,96.9,96.9,0.0,331.856546,0.0
2019-02-06,5,0,142,0.0,0.0,0.0,0.0,0.0
2019-02-06,5,0,143,9.01,9.01,0.0,71.272851,0.0
2019-02-06,5,0,145,5.57,5.57,0.0,45.240135,0.0
2019-02-06,5,0,146,268.0,268.0,0.0,-795.065111,0.0
2019-02-06,5,0,152,0.0,0.0,0.0,0.0,0.0
2019-02-06,5,0,153,0.0,0.0,0.0,0.0,0.0
2019-02-06,5,0,154,0.0,0.0,0.0,0.0,0.0
2019-02-06,5,0,157,207.54,207.54,0.0,710.768912,0.0
2019-02-06,5,0,158,0.0,0.0,0.0,0.0,0.0
2019-02-06,5,0,159,0.0,0.0,0.0,0.0,0.0
2019-02-06,5,0,160,0.0,0.0,0.0,0.0,0.0
2019-02-06,5,0,161,0.0,0.0,0.0,0.0,0.0
2019-02-06,5,0,162,48.75,48.75,0.0,574.927219,0.0
2019-02-06,5,0,163,74.02,74.02,0.0,-219.592237,0.0
2019-02-06,5,0,164,0.0,0.0,0.0,0.0,0.0
2019-02-06,5,0,167,0.0,0.0,0.0,0.0,0.0
2019-02-06,5,0,168,0.0,0.0,0.0,0.0,0.0
2019-02-06,5,0,169,0.0,0.0,0.0,0.0,0.0
2019-02-06,5,0,170,0.0,0.0,0.0,0.0,0.0
2019-02-06,5,0,172,0.0,0.0,0.0,0.0,0.0
2019-02-06,5,0,173,0.0,0.0,0.0,0.0,0.0
2019-02-06,5,0,188,0.0,0.0,0.0,0.0,0.0
2019-02-06,5,0,190,0.0,0.0,0.0,0.0,0.0
2019-02-06,5,0,191,0.0,0.0,0.0,0.0,0.0
2019-02-06,5,0,192,85.5,85.5,0.0,1097.070424,0.0
2019-02-06,5,0,194,54.77,54.77,0.0,514.830885,0.0
2019-02-06,5,0,196,0.0,0.0,0.0,0.0,0.0
2019-02-06,5,0,198,0.0,0.0,0.0,0.0,0.0
2019-02-06,5,0,199,26.52,26.52,0.0,259.997043,0.0
2019-02-06,5,0,200,0.0,0.0,0.0,0.0,0.0
2019-02-06,5,0,204,643.18,643.18,0.0,5438.767736,0.0
2019-02-06,5,0,205,655.74,655.74,0.0,5561.286488,0.0
2019-02-06,5,0,206,118.58,118.58,0.0,937.211431,0.0
2019-02-06,5,0,210,0.0,0.0,0.0,0.0,0.0
2019-02-06,5,0,214,0.0,0.0,0.0,0.0,0.0
2019-02-06,5,0,217,0.0,0.0,0.0,0.0,0.0
2019-02-06,5,0,218,0.0,0.0,0.0,0.0,0.0
2019-02-06,5,0,219,0.0,0.0,0.0,0.0,0.0
2019-02-06,5,0,221,0.0,0.0,0.0,0.0,0.0
2019-02-06,5,0,225,0.0,0.0,0.0,0.0,0.0
2019-02-06,5,0,233,0.0,0.0,0.0,0.0,0.0
2019-02-06,5,0,236,51.4,51.4,0.0,453.888002,0.0
2019-02-06,5,0,237,27.0,27.0,0.0,235.267706,0.0
2019-02-06,5,0,238,0.0,0.0,0.0,0.0,0.0
2019-02-06,5,0,240,0.0,0.0,0.0,0.0,0.0
2019-02-06,5,0,245,65.17,65.17,0.0,522.561052,0.0
2019-02-06,5,0,247,92.97,92.97,0.0,745.473393,0.0
2019-02-06,5,0,248,2.71,2.71,0.0,23.613907,0.0
2019-02-06,5,0,249,125.33,125.33,0.0,1004.949773,0.0
2019-02-06,5,0,251,267.16,267.16,0.0,1503.521208,0.0
2019-02-06,5,0,252,226.74,226.74,0.0,935.034318,0.0
2019-02-06,5,0,254,0.0,0.0,0.0,0.0,0.0
2019-02-06,5,0,255,0.0,0.0,0.0,0.0,0.0
2019-02-06,5,0,258,0.0,0.0,0.0,0.0,0.0
2019-02-06,5,0,260,0.0,0.0,0.0,0.0,0.0
2019-02-06,5,0,265,0.0,0.0,0.0,0.0,0.0
2019-02-06,5,0,266,81.04,81.04,0.0,668.861156,0.0
2019-02-06,5,0,267,99.59,99.59,0.0,821.963012,0.0
2019-02-06,5,0,270,231.17,231.17,0.0,-685.802991,0.0
2019-02-06,5,0,272,97.63,97.63,0.0,739.888293,0.0
2019-02-06,5,0,273,0.0,0.0,0.0,-0.0,0.0
2019-02-06,5,0,274,298.0,298.0,0.0,-884.064936,0.0
2019-02-06,5,0,275,414.83,414.83,0.0,-1230.659925,0.0
2019-02-06,5,0,276,0.0,0.0,0.0,-0.0,0.0
2019-02-06,5,0,277,0.0,0.0,0.0,0.0,0.0
2019-02-06,5,0,278,0.0,0.0,0.0,0.0,0.0
2019-02-06,5,0,279,83.09,83.09,0.0,620.134777,0.0
2019-02-06,5,0,281,1.23,1.23,0.0,9.729812,0.0
2019-02-06,5,0,282,0.0,0.0,0.0,0.0,0.0
2019-02-06,6,0,9,0.0,0.0,0.0,0.0,0.0
2019-02-06,6,0,17,0.0,0.0,0.0,0.0,0.0
2019-02-06,6,0,19,643.3,643.3,0.0,159.685626,0.0
2019-02-06,6,0,20,780.2,780.2,0.0,193.668156,0.0
2019-02-06,6,0,21,0.0,0.0,0.0,0.0,0.0
2019-02-06,6,0,22,0.0,0.0,0.0,0.0,0.0
2019-02-06,6,0,23,30.35,30.35,0.0,187.461957,0.0
2019-02-06,6,0,24,53.71,53.71,0.0,331.748985,0.0
2019-02-06,6,0,29,0.0,0.0,0.0,0.0,0.0
2019-02-06,6,0,30,0.0,0.0,0.0,0.0,0.0
2019-02-06,6,0,31,3.73,3.73,0.0,22.973322,0.0
2019-02-06,6,0,32,0.0,0.0,0.0,0.0,0.0
2019-02-06,6,0,33,0.0,0.0,0.0,0.0,0.0
2019-02-06,6,0,34,0.0,0.0,0.0,0.0,0.0
2019-02-06,6,0,35,0.0,0.0,0.0,0.0,0.0
2019-02-06,6,0,36,0.0,0.0,0.0,0.0,0.0
2019-02-06,6,0,37,0.0,0.0,0.0,0.0,0.0
2019-02-06,6,0,38,0.0,0.0,0.0,0.0,0.0
2019-02-06,6,0,39,0.0,0.0,0.0,0.0,0.0
2019-02-06,6,0,40,0.0,0.0,0.0,0.0,0.0
2019-02-06,6,0,41,79.88,79.88,0.0,567.68567,0.0
2019-02-06,6,0,42,0.0,0.0,0.0,0.0,0.0
2019-02-06,6,0,43,0.0,0.0,0.0,0.0,0.0
2019-02-06,6,0,46,0.0,0.0,0.0,0.0,0.0
2019-02-06,6,0,52,3.96,3.96,0.0,24.389908,0.0
2019-02-06,6,0,53,6.28,6.28,0.0,38.678945,0.0
2019-02-06,6,0,55,40.23,40.23,0.0,248.487464,0.0
2019-02-06,6,0,56,0.0,0.0,0.0,0.0,0.0
2019-02-06,6,0,57,0.0,0.0,0.0,0.0,0.0
2019-02-06,6,0,58,0.0,0.0,0.0,0.0,0.0
2019-02-06,6,0,59,0.0,0.0,0.0,0.0,0.0
2019-02-06,6,0,63,81.56,81.56,0.0,1481.733289,0.0
2019-02-06,6,0,64,95.95,95.95,0.0,1743.162201,0.0
2019-02-06,6,0,65,33.73,33.73,0.0,156.210042,0.0
2019-02-06,6,0,67,0.0,0.0,0.0,-0.0,0.0
2019-02-06,6,0,68,2.9,2.9,0.0,5.846603,0.0
2019-02-06,6,0,69,0.0,0.0,0.0,0.0,0.0
2019-02-06,6,0,74,9.68,9.68,0.0,81.79221,0.0
2019-02-06,6,0,77,78.83,78.83,0.0,353.736426,0.0
2019-02-06,6,0,78,59.6,59.6,0.0,267.445021,0.0
2019-02-06,6,0,79,34.49,34.49,0.0,154.7681,0.0
2019-02-06,6,0,80,55.77,55.77,0.0,250.258537,0.0
2019-02-06,6,0,81,72.92,72.92,0.0,327.21629,0.0
2019-02-06,6,0,82,51.44,51.44,0.0,230.828387,0.0
2019-02-06,6,0,83,114.7,114.7,0.0,514.697045,0.0
2019-02-06,6,0,84,0.0,0.0,0.0,0.0,0.0
2019-02-06,6,0,86,0.0,0.0,0.0,0.0,0.0
2019-02-06,6,0,87,0.0,0.0,0.0,0.0,0.0
2019-02-06,6,0,88,69.76,69.76,0.0,313.036319,0.0
2019-02-06,6,0,89,67.06,67.06,0.0,300.920521,0.0
2019-02-06,6,0,90,90.04,90.04,0.0,404.039424,0.0
2019-02-06,6,0,91,321.18,321.18,0.0,1441.241472,0.0
2019-02-06,6,0,92,115.51,115.51,0.0,518.331784,0.0
2019-02-06,6,0,95,36.0,36.0,0.0,588.823627,0.0
2019-02-06,6,0,96,7.48,7.48,0.0,45.932217,0.0
2019-02-06,6,0,97,45.98,45.98,0.0,282.348037,0.0
2019-02-06,6,0,99,1.87,1.87,0.0,15.800768,0.0
2019-02-06,6,0,101,0.0,0.0,0.0,0.0,0.0
2019-02-06,6,0,102,6.87,6.87,0.0,13.850401,0.0
2019-02-06,6,0,103,5.97,5.97,0.0,12.035938,0.0
2019-02-06,6,0,104,1.11,1.11,0.0,2.237838,0.0
2019-02-06,6,0,106,0.0,0.0,0.0,0.0,0.0
2019-02-06,6,0,109,144.14,144.14,0.0,1108.251819,0.0
2019-02-06,6,0,110,158.81,158.81,0.0,-1506.936524,0.0
2019-02-06,6,0,111,0.0,0.0,0.0,0.0,0.0
2019-02-06,6,0,113,40.14,40.14,0.0,188.319977,0.0
2019-02-06,6,0,115,40.14,40.14,0.0,188.319977,0.0
2019-02-06,6,0,116,0.0,0.0,0.0,-0.0,0.0
2019-02-06,6,0,117,1.59,1.59,0.0,7.45961,0.0
2019-02-06,6,0,119,95.95,95.95,0.0,1743.162201,0.0
2019-02-06,6,0,120,56.42,56.42,0.0,1025.004809,0.0
2019-02-06,6,0,123,0.0,0.0,0.0,0.0,0.0
2019-02-06,6,0,125,48.6,48.6,0.0,300.186198,0.0
2019-02-06,6,0,126,0.0,0.0,0.0,0.0,0.0
2019-02-06,6,0,127,0.0,0.0,0.0,0.0,0.0
2019-02-06,6,0,128,69.61,69.61,0.0,429.95805,0.0
2019-02-06,6,0,131,8.9,8.9,0.0,24.674749,0.0
2019-02-06,6,0,132,13.09,13.09,0.0,36.291288,0.0
2019-02-06,6,0,133,39.75,39.75,0.0,387.466673,0.0
2019-02-06,6,0,134,0.0,0.0,0.0,0.0,0.0
2019-02-06,6,0,135,53.27,53.27,0.0,519.25408,0.0
2019-02-06,6,0,136,45.9,45.9,0.0,223.615888,0.0
2019-02-06,6,0,139,103.16,103.16,0.0,733.130366,0.0
2019-02-06,6,0,140,117.54,117.54,0.0,-1115.328499,0.0
2019-02-06,6,0,141,81.65,81.65,0.0,-66.630988,0.0
2019-02-06,6,0,142,0.0,0.0,0.0,-0.0,0.0
2019-02-06,6,0,143,18.83,18.83,0.0,115.975244,0.0
2019-02-06,6,0,145,6.31,6.31,0.0,42.447762,0.0
2019-02-06,6,0,146,268.0,268.0,0.0,-2543.032481,0.0
2019-02-06,6,0,152,0.0,0.0,0.0,0.0,0.0
2019-02-06,6,0,153,0.0,0.0,0.0,0.0,0.0
2019-02-06,6,0,154,0.0,0.0,0.0,0.0,0.0
2019-02-06,6,0,157,175.18,175.18,0.0,-142.956723,0.0
2019-02-06,6,0,158,0.0,0.0,0.0,-0.0,0.0
2019-02-06,6,0,159,0.0,0.0,0.0,0.0,0.0
2019-02-06,6,0,160,0.0,0.0,0.0,0.0,0.0
2019-02-06,6,0,161,0.0,0.0,0.0,0.0,0.0
2019-02-06,6,0,162,46.74,46.74,0.0,765.515863,0.0
2019-02-06,6,0,163,62.3,62.3,0.0,-591.160163,0.0
2019-02-06,6,0,164,0.0,0.0,0.0,0.0,0.0
2019-02-06,6,0,167,0.0,0.0,0.0,0.0,0.0
2019-02-06,6,0,168,0.0,0.0,0.0,0.0,0.0
2019-02-06,6,0,169,0.0,0.0,0.0,0.0,0.0
2019-02-06,6,0,170,0.0,0.0,0.0,0.0,0.0
2019-02-06,6,0,172,0.0,0.0,0.0,0.0,0.0
2019-02-06,6,0,173,0.0,0.0,0.0,0.0,0.0
2019-02-06,6,0,188,0.0,0.0,0.0,0.0,0.0
2019-02-06,6,0,190,0.0,0.0,0.0,0.0,0.0
2019-02-06,6,0,191,0.0,0.0,0.0,0.0,0.0
2019-02-06,6,0,192,74.51,74.51,0.0,1353.653107,0.0
2019-02-06,6,0,194,77.57,77.57,0.0,542.234382,0.0
2019-02-06,6,0,196,0.0,0.0,0.0,0.0,0.0
2019-02-06,6,0,198,0.0,0.0,0.0,0.0,0.0
2019-02-06,6,0,199,23.43,23.43,0.0,220.438867,0.0
2019-02-06,6,0,200,0.0,0.0,0.0,0.0,0.0
2019-02-06,6,0,204,716.57,716.57,0.0,5455.374891,0.0
2019-02-06,6,0,205,762.51,762.51,0.0,5862.724399,0.0
2019-02-06,6,0,206,135.1,135.1,0.0,829.604607,0.0
2019-02-06,6,0,210,0.0,0.0,0.0,0.0,0.0
2019-02-06,6,0,214,0.0,0.0,0.0,0.0,0.0
2019-02-06,6,0,217,0.0,0.0,0.0,0.0,0.0
2019-02-06,6,0,218,0.0,0.0,0.0,0.0,0.0
2019-02-06,6,0,219,0.0,0.0,0.0,0.0,0.0
2019-02-06,6,0,221,0.0,0.0,0.0,0.0,0.0
2019-02-06,6,0,225,0.0,0.0,0.0,0.0,0.0
2019-02-06,6,0,233,0.0,0.0,0.0,0.0,0.0
2019-02-06,6,0,236,42.64,42.64,0.0,375.710411,0.0
2019-02-06,6,0,237,23.23,23.23,0.0,196.284406,0.0
2019-02-06,6,0,238,0.0,0.0,0.0,0.0,0.0
2019-02-06,6,0,240,0.0,0.0,0.0,0.0,0.0
2019-02-06,6,0,245,62.52,62.52,0.0,521.842553,0.0
2019-02-06,6,0,247,88.13,88.13,0.0,735.604353,0.0
2019-02-06,6,0,248,2.33,2.33,0.0,19.687588,0.0
2019-02-06,6,0,249,120.22,120.22,0.0,1003.453482,0.0
2019-02-06,6,0,251,255.92,255.92,0.0,1537.539527,0.0
2019-02-06,6,0,252,217.59,217.59,0.0,1007.700655,0.0
2019-02-06,6,0,254,0.0,0.0,0.0,0.0,0.0
2019-02-06,6,0,255,0.0,0.0,0.0,0.0,0.0
2019-02-06,6,0,258,0.0,0.0,0.0,0.0,0.0
2019-02-06,6,0,260,0.0,0.0,0.0,0.0,0.0
2019-02-06,6,0,265,0.0,0.0,0.0,0.0,0.0
2019-02-06,6,0,266,66.8,66.8,0.0,474.729629,0.0
2019-02-06,6,0,267,82.08,82.08,0.0,583.320478,0.0
2019-02-06,6,0,270,194.56,194.56,0.0,-1846.16567,0.0
2019-02-06,6,0,272,141.66,141.66,0.0,664.609068,0.0
2019-02-06,6,0,273,0.0,0.0,0.0,-0.0,0.0
2019-02-06,6,0,274,250.81,250.81,0.0,-2379.917823,0.0
2019-02-06,6,0,275,349.14,349.14,0.0,-3312.964032,0.0
2019-02-06,6,0,276,0.0,0.0,0.0,-0.0,0.0
2019-02-06,6,0,277,0.0,0.0,0.0,0.0,0.0
2019-02-06,6,0,278,0.0,0.0,0.0,0.0,0.0
2019-02-06,6,0,279,82.82,82.82,0.0,381.774795,0.0
2019-02-06,6,0,281,1.68,1.68,0.0,10.347234,0.0
2019-02-06,6,0,282,0.0,0.0,0.0,0.0,0.0
2019-02-06,7,0,9,0.0,0.0,0.0,0.0,0.0
2019-02-06,7,0,17,0.0,0.0,0.0,0.0,0.0
2019-02-06,7,0,19,643.3,643.3,0.0,334.44262,0.0
2019-02-06,7,0,20,780.2,780.2,0.0,405.615004,0.0
2019-02-06,7,0,21,0.0,0.0,0.0,0.0,0.0
2019-02-06,7,0,22,0.0,0.0,0.0,0.0,0.0
2019-02-06,7,0,23,30.85,30.85,0.0,196.921652,0.0
2019-02-06,7,0,24,54.59,54.59,0.0,348.458768,0.0
2019-02-06,7,0,29,0.0,0.0,0.0,0.0,0.0
2019-02-06,7,0,30,0.0,0.0,0.0,0.0,0.0
2019-02-06,7,0,31,13.07,13.07,0.0,83.223916,0.0
2019-02-06,7,0,32,0.0,0.0,0.0,0.0,0.0
2019-02-06,7,0,33,0.0,0.0,0.0,0.0,0.0
2019-02-06,7,0,34,0.0,0.0,0.0,0.0,0.0
2019-02-06,7,0,35,0.0,0.0,0.0,0.0,0.0
2019-02-06,7,0,36,0.0,0.0,0.0,0.0,0.0
2019-02-06,7,0,37,0.0,0.0,0.0,0.0,0.0
2019-02-06,7,0,38,0.0,0.0,0.0,0.0,0.0
2019-02-06,7,0,39,0.0,0.0,0.0,0.0,0.0
2019-02-06,7,0,40,0.0,0.0,0.0,0.0,0.0
2019-02-06,7,0,41,48.38,48.38,0.0,348.805295,0.0
2019-02-06,7,0,42,0.0,0.0,0.0,0.0,0.0
2019-02-06,7,0,43,0.0,0.0,0.0,0.0,0.0
2019-02-06,7,0,46,0.0,0.0,0.0,0.0,0.0
2019-02-06,7,0,52,13.86,13.86,0.0,88.254283,0.0
2019-02-06,7,0,53,22.02,22.02,0.0,140.213514,0.0
2019-02-06,7,0,55,41.39,41.39,0.0,264.200557,0.0
2019-02-06,7,0,56,0.0,0.0,0.0,0.0,0.0
2019-02-06,7,0,57,0.0,0.0,0.0,0.0,0.0
2019-02-06,7,0,58,0.0,0.0,0.0,0.0,0.0
2019-02-06,7,0,59,0.0,0.0,0.0,0.0,0.0
2019-02-06,7,0,63,73.37,73.37,0.0,1307.067348,0.0
2019-02-06,7,0,64,86.32,86.32,0.0,1537.768209,0.0
2019-02-06,7,0,65,32.55,32.55,0.0,153.303767,0.0
2019-02-06,7,0,67,0.0,0.0,0.0,0.0,0.0
2019-02-06,7,0,68,2.75,2.75,0.0,11.823992,0.0
2019-02-06,7,0,69,0.0,0.0,0.0,0.0,0.0
2019-02-06,7,0,74,8.28,8.28,0.0,69.573141,0.0
2019-02-06,7,0,77,96.06,96.06,0.0,468.941815,0.0
2019-02-06,7,0,78,72.62,72.62,0.0,354.513373,0.0
2019-02-06,7,0,79,42.03,42.03,0.0,205.180351,0.0
2019-02-06,7,0,80,67.96,67.96,0.0,331.764374,0.0
2019-02-06,7,0,81,88.85,88.85,0.0,433.74433,0.0
2019-02-06,7,0,82,62.68,62.68,0.0,305.988684,0.0
2019-02-06,7,0,83,139.77,139.77,0.0,682.323522,0.0
2019-02-06,7,0,84,0.0,0.0,0.0,0.0,0.0
2019-02-06,7,0,86,0.0,0.0,0.0,0.0,0.0
2019-02-06,7,0,87,0.0,0.0,0.0,0.0,0.0
2019-02-06,7,0,88,93.92,93.92,0.0,458.49485,0.0
2019-02-06,7,0,89,90.28,90.28,0.0,440.725246,0.0
2019-02-06,7,0,90,121.22,121.22,0.0,591.766884,0.0
2019-02-06,7,0,91,432.43,432.43,0.0,2111.019251,0.0
2019-02-06,7,0,92,155.52,155.52,0.0,759.211234,0.0
2019-02-06,7,0,95,36.0,36.0,0.0,605.586863,0.0
2019-02-06,7,0,96,8.52,8.52,0.0,54.112244,0.0
2019-02-06,7,0,97,52.38,52.38,0.0,332.67598,0.0
2019-02-06,7,0,99,1.6,1.6,0.0,13.444085,0.0
2019-02-06,7,0,101,0.0,0.0,0.0,0.0,0.0
2019-02-06,7,0,102,6.5,6.5,0.0,27.947616,0.0
2019-02-06,7,0,103,5.66,5.66,0.0,24.335924,0.0
2019-02-06,7,0,104,1.05,1.05,0.0,4.514615,0.0
2019-02-06,7,0,106,0.0,0.0,0.0,0.0,0.0
2019-02-06,7,0,109,166.1,166.1,0.0,1283.47614,0.0
2019-02-06,7,0,110,159.85,159.85,0.0,311.851366,0.0
2019-02-06,7,0,111,0.0,0.0,0.0,0.0,0.0
2019-02-06,7,0,113,26.61,26.61,0.0,124.229692,0.0
2019-02-06,7,0,115,26.61,26.61,0.0,124.229692,0.0
2019-02-06,7,0,116,0.0,0.0,0.0,0.0,0.0
2019-02-06,7,0,117,1.09,1.09,0.0,5.088702,0.0
2019-02-06,7,0,119,86.32,86.32,0.0,1537.768209,0.0
2019-02-06,7,0,120,50.75,50.75,0.0,904.097968,0.0
2019-02-06,7,0,123,0.0,0.0,0.0,0.0,0.0
2019-02-06,7,0,125,49.4,49.4,0.0,315.329971,0.0
2019-02-06,7,0,126,0.0,0.0,0.0,0.0,0.0
2019-02-06,7,0,127,0.0,0.0,0.0,0.0,0.0
2019-02-06,7,0,128,70.75,70.75,0.0,451.611244,0.0
2019-02-06,7,0,131,8.86,8.86,0.0,39.462849,0.0
2019-02-06,7,0,132,13.02,13.02,0.0,57.991681,0.0
2019-02-06,7,0,133,39.09,39.09,0.0,375.157579,0.0
2019-02-06,7,0,134,0.0,0.0,0.0,0.0,0.0
2019-02-06,7,0,135,52.37,52.37,0.0,502.609425,0.0
2019-02-06,7,0,136,45.9,45.9,0.0,226.737307,0.0
2019-02-06,7,0,139,62.48,62.48,0.0,450.462068,0.0
2019-02-06,7,0,140,118.31,118.31,0.0,230.81098,0.0
2019-02-06,7,0,141,68.47,68.47,0.0,254.808205,0.0
2019-02-06,7,0,142,0.0,0.0,0.0,0.0,0.0
2019-02-06,7,0,143,18.6,18.6,0.0,118.436483,0.0
2019-02-06,7,0,145,7.13,7.13,0.0,49.000145,0.0
2019-02-06,7,0,146,268.0,268.0,0.0,522.841202,0.0
2019-02-06,7,0,152,0.0,0.0,0.0,0.0,0.0
2019-02-06,7,0,153,0.0,0.0,0.0,0.0,0.0
2019-02-06,7,0,154,0.0,0.0,0.0,0.0,0.0
2019-02-06,7,0,157,146.86,146.86,0.0,546.53327,0.0
2019-02-06,7,0,158,0.0,0.0,0.0,0.0,0.0
2019-02-06,7,0,159,0.0,0.0,0.0,0.0,0.0
2019-02-06,7,0,160,0.0,0.0,0.0,0.0,0.0
2019-02-06,7,0,161,0.0,0.0,0.0,0.0,0.0
2019-02-06,7,0,162,41.81,41.81,0.0,703.922056,0.0
2019-02-06,7,0,163,52.28,52.28,0.0,101.993052,0.0
2019-02-06,7,0,164,0.0,0.0,0.0,0.0,0.0
2019-02-06,7,0,167,0.0,0.0,0.0,0.0,0.0
2019-02-06,7,0,168,0.0,0.0,0.0,0.0,0.0
2019-02-06,7,0,169,0.0,0.0,0.0,0.0,0.0
2019-02-06,7,0,170,0.0,0.0,0.0,0.0,0.0
2019-02-06,7,0,172,0.0,0.0,0.0,0.0,0.0
2019-02-06,7,0,173,0.0,0.0,0.0,0.0,0.0
2019-02-06,7,0,188,0.0,0.0,0.0,0.0,0.0
2019-02-06,7,0,190,0.0,0.0,0.0,0.0,0.0
2019-02-06,7,0,191,0.0,0.0,0.0,0.0,0.0
2019-02-06,7,0,192,66.14,66.14,0.0,1178.26679,0.0
2019-02-06,7,0,194,117.7,117.7,0.0,576.725572,0.0
2019-02-06,7,0,196,0.0,0.0,0.0,0.0,0.0
2019-02-06,7,0,198,0.0,0.0,0.0,0.0,0.0
2019-02-06,7,0,199,20.73,20.73,0.0,178.859304,0.0
2019-02-06,7,0,200,0.0,0.0,0.0,0.0,0.0
2019-02-06,7,0,204,792.58,792.58,0.0,6071.182517,0.0
2019-02-06,7,0,205,878.65,878.65,0.0,6789.441967,0.0
2019-02-06,7,0,206,153.92,153.92,0.0,977.577068,0.0
2019-02-06,7,0,210,0.0,0.0,0.0,0.0,0.0
2019-02-06,7,0,214,0.0,0.0,0.0,0.0,0.0
2019-02-06,7,0,217,0.0,0.0,0.0,0.0,0.0
2019-02-06,7,0,218,0.0,0.0,0.0,0.0,0.0
2019-02-06,7,0,219,0.0,0.0,0.0,0.0,0.0
2019-02-06,7,0,221,0.0,0.0,0.0,0.0,0.0
2019-02-06,7,0,225,0.0,0.0,0.0,0.0,0.0
2019-02-06,7,0,233,0.0,0.0,0.0,0.0,0.0
2019-02-06,7,0,236,35.17,35.17,0.0,306.830101,0.0
2019-02-06,7,0,237,19.85,19.85,0.0,166.790682,0.0
2019-02-06,7,0,238,0.0,0.0,0.0,0.0,0.0
2019-02-06,7,0,240,0.0,0.0,0.0,0.0,0.0
2019-02-06,7,0,245,60.39,60.39,0.0,498.40272,0.0
2019-02-06,7,0,247,84.09,84.09,0.0,694.000409,0.0
2019-02-06,7,0,248,1.99,1.99,0.0,16.721081,0.0
2019-02-06,7,0,249,116.14,116.14,0.0,958.511209,0.0
2019-02-06,7,0,251,245.71,245.71,0.0,1481.125814,0.0
2019-02-06,7,0,252,209.96,209.96,0.0,988.868169,0.0
2019-02-06,7,0,254,0.0,0.0,0.0,0.0,0.0
2019-02-06,7,0,255,0.0,0.0,0.0,0.0,0.0
2019-02-06,7,0,258,0.0,0.0,0.0,0.0,0.0
2019-02-06,7,0,260,0.0,0.0,0.0,0.0,0.0
2019-02-06,7,0,265,0.0,0.0,0.0,0.0,0.0
2019-02-06,7,0,266,40.45,40.45,0.0,291.632373,0.0
2019-02-06,7,0,267,49.71,49.71,0.0,358.394196,0.0
2019-02-06,7,0,270,163.28,163.28,0.0,318.542953,0.0
2019-02-06,7,0,272,94.67,94.67,0.0,441.970121,0.0
2019-02-06,7,0,273,0.0,0.0,0.0,0.0,0.0
2019-02-06,7,0,274,210.49,210.49,0.0,410.644942,0.0
2019-02-06,7,0,275,293.0,293.0,0.0,571.613702,0.0
2019-02-06,7,0,276,0.0,0.0,0.0,0.0,0.0
2019-02-06,7,0,277,0.0,0.0,0.0,0.0,0.0
2019-02-06,7,0,278,0.0,0.0,0.0,0.0,0.0
2019-02-06,7,0,279,85.21,85.21,0.0,405.090009,0.0
2019-02-06,7,0,281,5.86,5.86,0.0,37.31386,0.0
2019-02-06,7,0,282,0.0,0.0,0.0,0.0,0.0
2019-02-06,8,0,9,0.0,0.0,0.0,0.0,0.0
2019-02-06,8,0,17,0.0,0.0,0.0,0.0,0.0
2019-02-06,8,0,19,588.35,588.35,0.0,298.034109,0.0
2019-02-06,8,0,20,732.24,732.24,0.0,370.922913,0.0
2019-02-06,8,0,21,0.0,0.0,0.0,0.0,0.0
2019-02-06,8,0,22,0.0,0.0,0.0,0.0,0.0
2019-02-06,8,0,23,38.52,38.52,0.0,265.915587,0.0
2019-02-06,8,0,24,68.15,68.15,0.0,470.460729,0.0
2019-02-06,8,0,29,0.0,0.0,0.0,0.0,0.0
2019-02-06,8,0,30,0.0,0.0,0.0,0.0,0.0
2019-02-06,8,0,31,4.8,4.8,0.0,33.073738,0.0
2019-02-06,8,0,32,0.0,0.0,0.0,0.0,0.0
2019-02-06,8,0,33,0.0,0.0,0.0,0.0,0.0
2019-02-06,8,0,34,0.0,0.0,0.0,0.0,0.0
2019-02-06,8,0,35,0.0,0.0,0.0,0.0,0.0
2019-02-06,8,0,36,0.0,0.0,0.0,0.0,0.0
2019-02-06,8,0,37,0.0,0.0,0.0,0.0,0.0
2019-02-06,8,0,38,0.0,0.0,0.0,0.0,0.0
2019-02-06,8,0,39,0.0,0.0,0.0,0.0,0.0
2019-02-06,8,0,40,0.0,0.0,0.0,0.0,0.0
2019-02-06,8,0,41,15.64,15.64,0.0,118.612944,0.0
2019-02-06,8,0,42,0.0,0.0,0.0,0.0,0.0
2019-02-06,8,0,43,0.0,0.0,0.0,0.0,0.0
2019-02-06,8,0,46,0.0,0.0,0.0,0.0,0.0
2019-02-06,8,0,52,5.09,5.09,0.0,35.071943,0.0
2019-02-06,8,0,53,8.08,8.08,0.0,55.674126,0.0
2019-02-06,8,0,55,46.22,46.22,0.0,319.071092,0.0
2019-02-06,8,0,56,0.0,0.0,0.0,0.0,0.0
2019-02-06,8,0,57,0.0,0.0,0.0,0.0,0.0
2019-02-06,8,0,58,0.0,0.0,0.0,0.0,0.0
2019-02-06,8,0,59,0.0,0.0,0.0,0.0,0.0
2019-02-06,8,0,63,38.25,38.25,0.0,640.751122,0.0
2019-02-06,8,0,64,44.96,44.96,0.0,753.154783,0.0
2019-02-06,8,0,65,33.42,33.42,0.0,157.729808,0.0
2019-02-06,8,0,67,0.0,0.0,0.0,0.0,0.0
2019-02-06,8,0,68,2.91,2.91,0.0,14.442271,0.0
2019-02-06,8,0,69,0.0,0.0,0.0,0.0,0.0
2019-02-06,8,0,74,6.76,6.76,0.0,57.823406,0.0
2019-02-06,8,0,77,73.63,73.63,0.0,416.726194,0.0
2019-02-06,8,0,78,55.6,55.6,0.0,314.681195,0.0
2019-02-06,8,0,79,32.07,32.07,0.0,181.507661,0.0
2019-02-06,8,0,80,52.02,52.02,0.0,294.419348,0.0
2019-02-06,8,0,81,68.09,68.09,0.0,385.371269,0.0
2019-02-06,8,0,82,47.95,47.95,0.0,271.384232,0.0
2019-02-06,8,0,83,107.27,107.27,0.0,607.119637,0.0
2019-02-06,8,0,84,0.0,0.0,0.0,0.0,0.0
2019-02-06,8,0,86,0.0,0.0,0.0,0.0,0.0
2019-02-06,8,0,87,0.0,0.0,0.0,0.0,0.0
2019-02-06,8,0,88,69.26,69.26,0.0,391.993158,0.0
2019-02-06,8,0,89,66.85,66.85,0.0,378.3532,0.0
2019-02-06,8,0,90,87.22,87.22,0.0,493.641976,0.0
2019-02-06,8,0,91,273.42,273.42,0.0,1547.484395,0.0
2019-02-06,8,0,92,109.41,109.41,0.0,619.231467,0.0
2019-02-06,8,0,95,36.0,36.0,0.0,569.554282,0.0
2019-02-06,8,0,96,9.36,9.36,0.0,64.36711,0.0
2019-02-06,8,0,97,57.55,57.55,0.0,395.761453,0.0
2019-02-06,8,0,99,1.3,1.3,0.0,11.119886,0.0
2019-02-06,8,0,101,0.0,0.0,0.0,0.0,0.0
2019-02-06,8,0,102,6.9,6.9,0.0,34.244561,0.0
2019-02-06,8,0,103,6.0,6.0,0.0,29.777879,0.0
2019-02-06,8,0,104,1.11,1.11,0.0,5.508908,0.0
2019-02-06,8,0,106,0.0,0.0,0.0,0.0,0.0
2019-02-06,8,0,109,155.25,155.25,0.0,1244.875107,0.0
2019-02-06,8,0,110,188.16,188.16,0.0,370.769277,0.0
2019-02-06,8,0,111,0.0,0.0,0.0,0.0,0.0
2019-02-06,8,0,113,50.75,50.75,0.0,280.93187,0.0
2019-02-06,8,0,115,50.75,50.75,0.0,280.93187,0.0
2019-02-06,8,0,116,0.0,0.0,0.0,0.0,0.0
2019-02-06,8,0,117,2.63,2.63,0.0,14.558637,0.0
2019-02-06,8,0,119,44.96,44.96,0.0,753.154783,0.0
2019-02-06,8,0,120,26.53,26.53,0.0,444.421628,0.0
2019-02-06,8,0,123,0.0,0.0,0.0,0.0,0.0
2019-02-06,8,0,125,61.67,61.67,0.0,425.727266,0.0
2019-02-06,8,0,126,0.0,0.0,0.0,0.0,0.0
2019-02-06,8,0,127,0.0,0.0,0.0,0.0,0.0
2019-02-06,8,0,128,88.33,88.33,0.0,609.76957,0.0
2019-02-06,8,0,131,9.96,9.96,0.0,51.390758,0.0
2019-02-06,8,0,132,14.64,14.64,0.0,75.538222,0.0
2019-02-06,8,0,133,36.07,36.07,0.0,347.131779,0.0
2019-02-06,8,0,134,0.0,0.0,0.0,0.0,0.0
2019-02-06,8,0,135,48.33,48.33,0.0,465.120013,0.0
2019-02-06,8,0,136,45.9,45.9,0.0,227.246857,0.0
2019-02-06,8,0,139,20.2,20.2,0.0,153.195746,0.0
2019-02-06,8,0,140,139.26,139.26,0.0,274.411828,0.0
2019-02-06,8,0,141,82.38,82.38,0.0,348.165596,0.0
2019-02-06,8,0,142,0.0,0.0,0.0,0.0,0.0
2019-02-06,8,0,143,5.67,5.67,0.0,39.068353,0.0
2019-02-06,8,0,145,6.87,6.87,0.0,50.214189,0.0
2019-02-06,8,0,146,268.0,268.0,0.0,528.093996,0.0
2019-02-06,8,0,152,0.0,0.0,0.0,0.0,0.0
2019-02-06,8,0,153,0.0,0.0,0.0,0.0,0.0
2019-02-06,8,0,154,0.0,0.0,0.0,0.0,0.0
2019-02-06,8,0,157,154.92,154.92,0.0,654.744041,0.0
2019-02-06,8,0,158,0.0,0.0,0.0,0.0,0.0
2019-02-06,8,0,159,0.0,0.0,0.0,0.0,0.0
2019-02-06,8,0,160,0.0,0.0,0.0,0.0,0.0
2019-02-06,8,0,161,0.0,0.0,0.0,0.0,0.0
2019-02-06,8,0,162,34.92,34.92,0.0,552.921037,0.0
2019-02-06,8,0,163,49.45,49.45,0.0,97.441224,0.0
2019-02-06,8,0,164,0.0,0.0,0.0,0.0,0.0
2019-02-06,8,0,167,0.0,0.0,0.0,0.0,0.0
2019-02-06,8,0,168,0.0,0.0,0.0,0.0,0.0
2019-02-06,8,0,169,0.0,0.0,0.0,0.0,0.0
2019-02-06,8,0,170,0.0,0.0,0.0,0.0,0.0
2019-02-06,8,0,172,0.0,0.0,0.0,0.0,0.0
2019-02-06,8,0,173,0.0,0.0,0.0,0.0,0.0
2019-02-06,8,0,188,0.0,0.0,0.0,0.0,0.0
2019-02-06,8,0,190,0.0,0.0,0.0,0.0,0.0
2019-02-06,8,0,191,0.0,0.0,0.0,0.0,0.0
2019-02-06,8,0,192,47.52,47.52,0.0,796.039041,0.0
2019-02-06,8,0,194,108.83,108.83,0.0,649.509955,0.0
2019-02-06,8,0,196,0.0,0.0,0.0,0.0,0.0
2019-02-06,8,0,198,0.0,0.0,0.0,0.0,0.0
2019-02-06,8,0,199,20.39,20.39,0.0,184.293223,0.0
2019-02-06,8,0,200,0.0,0.0,0.0,0.0,0.0
2019-02-06,8,0,204,729.06,729.06,0.0,5806.618164,0.0
2019-02-06,8,0,205,821.31,821.31,0.0,6585.69001,0.0
2019-02-06,8,0,206,169.12,169.12,0.0,1163.009157,0.0
2019-02-06,8,0,210,0.0,0.0,0.0,0.0,0.0
2019-02-06,8,0,214,0.0,0.0,0.0,0.0,0.0
2019-02-06,8,0,217,0.0,0.0,0.0,0.0,0.0
2019-02-06,8,0,218,0.0,0.0,0.0,0.0,0.0
2019-02-06,8,0,219,0.0,0.0,0.0,0.0,0.0
2019-02-06,8,0,221,0.0,0.0,0.0,0.0,0.0
2019-02-06,8,0,225,0.0,0.0,0.0,0.0,0.0
2019-02-06,8,0,233,0.0,0.0,0.0,0.0,0.0
2019-02-06,8,0,236,29.27,29.27,0.0,257.869229,0.0
2019-02-06,8,0,237,16.21,16.21,0.0,138.656423,0.0
2019-02-06,8,0,238,0.0,0.0,0.0,0.0,0.0
2019-02-06,8,0,240,0.0,0.0,0.0,0.0,0.0
2019-02-06,8,0,245,53.71,53.71,0.0,443.502676,0.0
2019-02-06,8,0,247,75.75,75.75,0.0,625.494837,0.0
2019-02-06,8,0,248,1.63,1.63,0.0,13.942626,0.0
2019-02-06,8,0,249,103.29,103.29,0.0,852.902465,0.0
2019-02-06,8,0,251,229.78,229.78,0.0,1390.420655,0.0
2019-02-06,8,0,252,215.56,215.56,0.0,1017.361978,0.0
2019-02-06,8,0,254,0.0,0.0,0.0,0.0,0.0
2019-02-06,8,0,255,0.0,0.0,0.0,0.0,0.0
2019-02-06,8,0,258,0.0,0.0,0.0,0.0,0.0
2019-02-06,8,0,260,0.0,0.0,0.0,0.0,0.0
2019-02-06,8,0,265,0.0,0.0,0.0,0.0,0.0
2019-02-06,8,0,266,13.08,13.08,0.0,99.198038,0.0
2019-02-06,8,0,267,16.07,16.07,0.0,121.874042,0.0
2019-02-06,8,0,270,154.42,154.42,0.0,304.284608,0.0
2019-02-06,8,0,272,175.71,175.71,0.0,972.660865,0.0
2019-02-06,8,0,273,0.0,0.0,0.0,0.0,0.0
2019-02-06,8,0,274,199.07,199.07,0.0,392.267432,0.0
2019-02-06,8,0,275,277.11,277.11,0.0,546.045251,0.0
2019-02-06,8,0,276,0.0,0.0,0.0,0.0,0.0
2019-02-06,8,0,277,0.0,0.0,0.0,0.0,0.0
2019-02-06,8,0,278,0.0,0.0,0.0,0.0,0.0
2019-02-06,8,0,279,85.3,85.3,0.0,476.431995,0.0
2019-02-06,8,0,281,2.15,2.15,0.0,14.814279,0.0
2019-02-06,8,0,282,0.0,0.0,0.0,0.0,0.0
2019-02-06,9,0,9,0.24,0.24,0.0,1.792207,0.0
2019-02-06,9,0,17,9.51,9.51,0.0,54.511819,0.0
2019-02-06,9,0,19,424.87,424.87,0.0,2435.377144,0.0
2019-02-06,9,0,20,527.57,527.57,0.0,3024.058935,0.0
2019-02-06,9,0,21,5.47,5.47,0.0,40.847382,0.0
2019-02-06,9,0,22,19.44,19.44,0.0,145.168757,0.0
2019-02-06,9,0,23,48.8,48.8,0.0,364.415398,0.0
2019-02-06,9,0,24,86.35,86.35,0.0,644.821098,0.0
2019-02-06,9,0,29,1.7,1.7,0.0,15.256251,0.0
2019-02-06,9,0,30,28.38,28.38,0.0,211.631543,0.0
2019-02-06,9,0,31,5.65,5.65,0.0,42.132425,0.0
2019-02-06,9,0,32,0.59,0.59,0.0,8.401813,0.0
2019-02-06,9,0,33,0.5,0.5,0.0,4.790286,0.0
2019-02-06,9,0,34,0.8,0.8,0.0,7.664457,0.0
2019-02-06,9,0,35,0.8,0.8,0.0,7.664457,0.0
2019-02-06,9,0,36,1.59,1.59,0.0,13.773074,0.0
2019-02-06,9,0,37,0.77,0.77,0.0,6.661588,0.0
2019-02-06,9,0,38,0.99,0.99,0.0,8.564899,0.0
2019-02-06,9,0,39,0.66,0.66,0.0,5.709933,0.0
2019-02-06,9,0,40,0.66,0.66,0.0,5.709933,0.0
2019-02-06,9,0,41,12.14,12.14,0.0,97.354434,0.0
2019-02-06,9,0,42,11.5,11.5,0.0,94.892992,0.0
2019-02-06,9,0,43,4.98,4.98,0.0,43.405097,0.0
2019-02-06,9,0,46,4.27,4.27,0.0,36.446212,0.0
2019-02-06,9,0,52,6.0,6.0,0.0,44.742398,0.0
2019-02-06,9,0,53,9.58,9.58,0.0,71.438696,0.0
2019-02-06,9,0,55,51.31,51.31,0.0,383.158895,0.0
2019-02-06,9,0,56,8.37,8.37,0.0,62.415645,0.0
2019-02-06,9,0,57,7.96,7.96,0.0,59.358248,0.0
2019-02-06,9,0,58,15.31,15.31,0.0,114.167686,0.0
2019-02-06,9,0,59,15.06,15.06,0.0,112.303419,0.0
2019-02-06,9,0,63,18.93,18.93,0.0,285.645343,0.0
2019-02-06,9,0,64,22.27,22.27,0.0,336.044469,0.0
2019-02-06,9,0,65,34.34,34.34,0.0,255.597257,0.0
2019-02-06,9,0,67,25.04,25.04,0.0,118.299279,0.0
2019-02-06,9,0,68,5.78,5.78,0.0,32.578987,0.0
2019-02-06,9,0,69,0.5,0.5,0.0,4.790286,0.0
2019-02-06,9,0,74,5.58,5.58,0.0,49.176877,0.0
2019-02-06,9,0,77,33.36,33.36,0.0,215.614471,0.0
2019-02-06,9,0,78,25.22,25.22,0.0,163.003506,0.0
2019-02-06,9,0,79,14.6,14.6,0.0,94.363647,0.0
2019-02-06,9,0,80,23.6,23.6,0.0,152.533019,0.0
2019-02-06,9,0,81,30.86,30.86,0.0,199.456312,0.0
2019-02-06,9,0,82,21.77,21.77,0.0,140.705247,0.0
2019-02-06,9,0,83,48.54,48.54,0.0,313.726811,0.0
2019-02-06,9,0,84,0.0,0.0,0.0,0.0,0.0
2019-02-06,9,0,86,2.52,2.52,0.0,24.143039,0.0
2019-02-06,9,0,87,12.88,12.88,0.0,123.397755,0.0
2019-02-06,9,0,88,94.67,94.67,0.0,611.877157,0.0
2019-02-06,9,0,89,90.43,90.43,0.0,584.47292,0.0
2019-02-06,9,0,90,126.93,126.93,0.0,820.382038,0.0
2019-02-06,9,0,91,476.96,476.96,0.0,3082.718167,0.0
2019-02-06,9,0,92,167.81,167.81,0.0,1084.600251,0.0
2019-02-06,9,0,95,36.0,36.0,0.0,512.934637,0.0
2019-02-06,9,0,96,11.49,11.49,0.0,85.556059,0.0
2019-02-06,9,0,97,70.65,70.65,0.0,526.069241,0.0
2019-02-06,9,0,99,1.08,1.08,0.0,9.518105,0.0
2019-02-06,9,0,101,0.57,0.57,0.0,4.250528,0.0
2019-02-06,9,0,102,13.67,13.67,0.0,77.050995,0.0
2019-02-06,9,0,103,11.89,11.89,0.0,67.01802,0.0
2019-02-06,9,0,104,2.22,2.22,0.0,12.513036,0.0
2019-02-06,9,0,106,19.14,19.14,0.0,142.928498,0.0
2019-02-06,9,0,109,136.87,136.87,0.0,1145.186869,0.0
2019-02-06,9,0,110,219.68,219.68,0.0,424.26799,0.0
2019-02-06,9,0,111,2.45,2.45,0.0,19.647312,0.0
2019-02-06,9,0,113,31.65,31.65,0.0,203.433652,0.0
2019-02-06,9,0,115,31.65,31.65,0.0,203.433652,0.0
2019-02-06,9,0,116,12.48,12.48,0.0,24.102624,0.0
2019-02-06,9,0,117,2.15,2.15,0.0,13.819348,0.0
2019-02-06,9,0,119,22.27,22.27,0.0,336.044469,0.0
2019-02-06,9,0,120,13.09,13.09,0.0,197.522321,0.0
2019-02-06,9,0,123,0.32,0.32,0.0,2.389609,0.0
2019-02-06,9,0,125,78.14,78.14,0.0,583.512688,0.0
2019-02-06,9,0,126,14.35,14.35,0.0,107.159036,0.0
2019-02-06,9,0,127,18.42,18.42,0.0,137.551878,0.0
2019-02-06,9,0,128,111.91,111.91,0.0,835.69113,0.0
2019-02-06,9,0,131,11.46,11.46,0.0,67.38588,0.0
2019-02-06,9,0,132,16.85,16.85,0.0,99.079588,0.0
2019-02-06,9,0,133,33.23,33.23,0.0,314.042609,0.0
2019-02-06,9,0,134,0.0,0.0,0.0,0.0,0.0
2019-02-06,9,0,135,44.52,44.52,0.0,420.739601,0.0
2019-02-06,9,0,136,45.9,45.9,0.0,345.951514,0.0
2019-02-06,9,0,139,15.68,15.68,0.0,125.742794,0.0
2019-02-06,9,0,140,162.59,162.59,0.0,314.010071,0.0
2019-02-06,9,0,141,98.12,98.12,0.0,463.559316,0.0
2019-02-06,9,0,142,33.02,33.02,0.0,156.000088,0.0
2019-02-06,9,0,143,8.0,8.0,0.0,59.656531,0.0
2019-02-06,9,0,145,7.88,7.88,0.0,61.423985,0.0
2019-02-06,9,0,146,268.0,268.0,0.0,517.588407,0.0
2019-02-06,9,0,152,1.24,1.24,0.0,10.940214,0.0
2019-02-06,9,0,153,1.53,1.53,0.0,13.472095,0.0
2019-02-06,9,0,154,10.12,10.12,0.0,81.155426,0.0
2019-02-06,9,0,157,164.1,164.1,0.0,775.276026,0.0
2019-02-06,9,0,158,12.21,12.21,0.0,57.685072,0.0
2019-02-06,9,0,159,0.0,0.0,0.0,0.0,0.0
2019-02-06,9,0,160,0.42,0.42,0.0,3.750087,0.0
2019-02-06,9,0,161,5.59,5.59,0.0,31.508051,0.0
2019-02-06,9,0,162,28.84,28.84,0.0,411.239422,0.0
2019-02-06,9,0,163,47.68,47.68,0.0,92.084385,0.0
2019-02-06,9,0,164,1.22,1.22,0.0,9.097621,0.0
2019-02-06,9,0,167,0.75,0.75,0.0,10.669652,0.0
2019-02-06,9,0,168,0.37,0.37,0.0,5.263695,0.0
2019-02-06,9,0,169,0.0,0.0,0.0,0.0,0.0
2019-02-06,9,0,170,0.81,0.81,0.0,11.523224,0.0
2019-02-06,9,0,172,1.22,1.22,0.0,16.684389,0.0
2019-02-06,9,0,173,1.86,1.86,0.0,25.436855,0.0
2019-02-06,9,0,188,1.25,1.25,0.0,17.431346,0.0
2019-02-06,9,0,190,1.11,1.11,0.0,16.74941,0.0
2019-02-06,9,0,191,2.86,2.86,0.0,43.156137,0.0
2019-02-06,9,0,192,35.08,35.08,0.0,529.341714,0.0
2019-02-06,9,0,194,74.94,74.94,0.0,530.069702,0.0
2019-02-06,9,0,196,0.64,0.64,0.0,10.39569,0.0
2019-02-06,9,0,198,1.91,1.91,0.0,17.649987,0.0
2019-02-06,9,0,199,20.12,20.12,0.0,185.365438,0.0
2019-02-06,9,0,200,3.03,3.03,0.0,27.915372,0.0
2019-02-06,9,0,204,378.21,378.21,0.0,3147.67357,0.0
2019-02-06,9,0,205,770.85,770.85,0.0,6449.677053,0.0
2019-02-06,9,0,206,207.59,207.59,0.0,1545.742585,0.0
2019-02-06,9,0,210,0.54,0.54,0.0,4.895831,0.0
2019-02-06,9,0,214,2.78,2.78,0.0,27.186641,0.0
2019-02-06,9,0,217,1.88,1.88,0.0,17.803794,0.0
2019-02-06,9,0,218,2.59,2.59,0.0,24.527567,0.0
2019-02-06,9,0,219,1.76,1.76,0.0,16.667381,0.0
2019-02-06,9,0,221,1.48,1.48,0.0,14.473464,0.0
2019-02-06,9,0,225,1.56,1.56,0.0,13.98598,0.0
2019-02-06,9,0,233,1.43,1.43,0.0,13.700217,0.0
2019-02-06,9,0,236,24.26,24.26,0.0,218.897089,0.0
2019-02-06,9,0,237,13.4,13.4,0.0,118.095009,0.0
2019-02-06,9,0,238,14.96,14.96,0.0,123.443405,0.0
2019-02-06,9,0,240,1.8,1.8,0.0,15.592159,0.0
2019-02-06,9,0,245,47.28,47.28,0.0,421.651976,0.0
2019-02-06,9,0,247,67.92,67.92,0.0,605.723398,0.0
2019-02-06,9,0,248,1.34,1.34,0.0,11.809501,0.0
2019-02-06,9,0,249,90.93,90.93,0.0,810.930927,0.0
2019-02-06,9,0,251,215.56,215.56,0.0,1719.027209,0.0
2019-02-06,9,0,252,221.49,221.49,0.0,1648.579979,0.0
2019-02-06,9,0,254,2.95,2.95,0.0,25.869453,0.0
2019-02-06,9,0,255,1.35,1.35,0.0,11.838563,0.0
2019-02-06,9,0,258,2.22,2.22,0.0,19.249538,0.0
2019-02-06,9,0,260,1.01,1.01,0.0,9.018067,0.0
2019-02-06,9,0,265,10.48,10.48,0.0,84.042378,0.0
2019-02-06,9,0,266,10.15,10.15,0.0,81.396005,0.0
2019-02-06,9,0,267,12.48,12.48,0.0,100.080999,0.0
2019-02-06,9,0,270,148.89,148.89,0.0,287.551261,0.0
2019-02-06,9,0,272,105.6,105.6,0.0,678.754935,0.0
2019-02-06,9,0,273,2.98,2.98,0.0,5.755274,0.0
2019-02-06,9,0,274,191.94,191.94,0.0,370.693727,0.0
2019-02-06,9,0,275,267.18,267.18,0.0,516.004741,0.0
2019-02-06,9,0,276,0.68,0.68,0.0,1.737361,0.0
2019-02-06,9,0,277,0.84,0.84,0.0,5.411196,0.0
2019-02-06,9,0,278,1.34,1.34,0.0,8.632146,0.0
2019-02-06,9,0,279,85.46,85.46,0.0,550.524792,0.0
2019-02-06,9,0,281,2.52,2.52,0.0,18.791807,0.0
2019-02-06,9,0,282,15.57,15.57,0.0,116.106523,0.0
2019-02-06,10,0,9,0.97,0.97,0.0,7.955647,0.0
2019-02-06,10,0,17,23.8,23.8,0.0,223.942059,0.0
2019-02-06,10,0,19,287.82,287.82,0.0,2708.193426,0.0
2019-02-06,10,0,20,356.64,356.64,0.0,3355.743532,0.0
2019-02-06,10,0,21,22.1,22.1,0.0,181.257522,0.0
2019-02-06,10,0,22,78.55,78.55,0.0,644.243364,0.0
2019-02-06,10,0,23,61.82,61.82,0.0,507.028959,0.0
2019-02-06,10,0,24,109.38,109.38,0.0,897.101708,0.0
2019-02-06,10,0,29,3.7,3.7,0.0,34.397654,0.0
2019-02-06,10,0,30,160.7,160.7,0.0,1316.843412,0.0
2019-02-06,10,0,31,10.71,10.71,0.0,87.762246,0.0
2019-02-06,10,0,32,2.23,2.23,0.0,31.614879,0.0
2019-02-06,10,0,33,1.23,1.23,0.0,11.859386,0.0
2019-02-06,10,0,34,1.97,1.97,0.0,18.994301,0.0
2019-02-06,10,0,35,1.97,1.97,0.0,18.994301,0.0
2019-02-06,10,0,36,4.49,4.49,0.0,40.558056,0.0
2019-02-06,10,0,37,2.14,2.14,0.0,19.314699,0.0
2019-02-06,10,0,38,2.76,2.76,0.0,24.910547,0.0
2019-02-06,10,0,39,1.84,1.84,0.0,16.607031,0.0
2019-02-06,10,0,40,1.84,1.84,0.0,16.607031,0.0
2019-02-06,10,0,41,9.25,9.25,0.0,79.414999,0.0
2019-02-06,10,0,42,30.36,30.36,0.0,284.137537,0.0
2019-02-06,10,0,43,13.72,13.72,0.0,124.452878,0.0
2019-02-06,10,0,46,11.83,11.83,0.0,105.81961,0.0
2019-02-06,10,0,52,11.36,11.36,0.0,93.08862,0.0
2019-02-06,10,0,53,18.12,18.12,0.0,148.482904,0.0
2019-02-06,10,0,55,56.83,56.83,0.0,466.102487,0.0
2019-02-06,10,0,56,47.4,47.4,0.0,388.415543,0.0
2019-02-06,10,0,57,45.09,45.09,0.0,369.486431,0.0
2019-02-06,10,0,58,86.71,86.71,0.0,710.538222,0.0
2019-02-06,10,0,59,85.27,85.27,0.0,698.738256,0.0
2019-02-06,10,0,63,17.82,17.82,0.0,253.295869,0.0
2019-02-06,10,0,64,20.97,20.97,0.0,298.070391,0.0
2019-02-06,10,0,65,35.25,35.25,0.0,331.348955,0.0
2019-02-06,10,0,67,111.12,111.12,0.0,1028.583322,0.0
2019-02-06,10,0,68,11.02,11.02,0.0,91.181079,0.0
2019-02-06,10,0,69,1.23,1.23,0.0,11.859386,0.0
2019-02-06,10,0,74,7.79,7.79,0.0,71.182947,0.0
2019-02-06,10,0,77,39.03,39.03,0.0,292.848312,0.0
2019-02-06,10,0,78,29.5,29.5,0.0,221.343203,0.0
2019-02-06,10,0,79,17.07,17.07,0.0,128.078931,0.0
2019-02-06,10,0,80,27.61,27.61,0.0,207.162232,0.0
2019-02-06,10,0,81,36.1,36.1,0.0,270.864055,0.0
2019-02-06,10,0,82,25.47,25.47,0.0,191.105471,0.0
2019-02-06,10,0,83,56.78,56.78,0.0,426.029392,0.0
2019-02-06,10,0,84,0.0,0.0,0.0,0.0,0.0
2019-02-06,10,0,86,6.25,6.25,0.0,60.261106,0.0
2019-02-06,10,0,87,31.91,31.91,0.0,307.669104,0.0
2019-02-06,10,0,88,71.79,71.79,0.0,538.651815,0.0
2019-02-06,10,0,89,68.68,68.68,0.0,515.316989,0.0
2019-02-06,10,0,90,95.37,95.37,0.0,715.576314,0.0
2019-02-06,10,0,91,353.31,353.31,0.0,2650.941257,0.0
2019-02-06,10,0,92,125.18,125.18,0.0,939.245497,0.0
2019-02-06,10,0,95,75.5,75.5,0.0,1067.549006,0.0
2019-02-06,10,0,96,15.28,15.28,0.0,125.09454,0.0
2019-02-06,10,0,97,93.95,93.95,0.0,769.151313,0.0
2019-02-06,10,0,99,1.6,1.6,0.0,14.620374,0.0
2019-02-06,10,0,101,3.24,3.24,0.0,26.549923,0.0
2019-02-06,10,0,102,26.09,26.09,0.0,215.872446,0.0
2019-02-06,10,0,103,22.69,22.69,0.0,187.740353,0.0
2019-02-06,10,0,104,4.21,4.21,0.0,34.834151,0.0
2019-02-06,10,0,106,77.32,77.32,0.0,634.155275,0.0
2019-02-06,10,0,109,121.68,121.68,0.0,1074.111696,0.0
2019-02-06,10,0,110,254.71,254.71,0.0,3123.972578,0.0
2019-02-06,10,0,111,7.35,7.35,0.0,63.102729,0.0
2019-02-06,10,0,113,59.68,59.68,0.0,426.663615,0.0
2019-02-06,10,0,115,59.68,59.68,0.0,426.663615,0.0
2019-02-06,10,0,116,44.57,44.57,0.0,546.643076,0.0
2019-02-06,10,0,117,3.98,3.98,0.0,28.453773,0.0
2019-02-06,10,0,119,20.97,20.97,0.0,298.070391,0.0
2019-02-06,10,0,120,12.33,12.33,0.0,175.260273,0.0
2019-02-06,10,0,123,1.29,1.29,0.0,10.58019,0.0
2019-02-06,10,0,125,98.98,98.98,0.0,811.80405,0.0
2019-02-06,10,0,126,57.99,57.99,0.0,475.616457,0.0
2019-02-06,10,0,127,74.43,74.43,0.0,610.452369,0.0
2019-02-06,10,0,128,141.77,141.77,0.0,1162.7547,0.0
2019-02-06,10,0,131,18.13,18.13,0.0,145.253678,0.0
2019-02-06,10,0,132,29.26,29.26,0.0,234.424855,0.0
2019-02-06,10,0,133,30.55,30.55,0.0,287.481979,0.0
2019-02-06,10,0,134,0.0,0.0,0.0,0.0,0.0
2019-02-06,10,0,135,40.94,40.94,0.0,385.254082,0.0
2019-02-06,10,0,136,45.9,45.9,0.0,431.435055,0.0
2019-02-06,10,0,139,11.94,11.94,0.0,102.509739,0.0
2019-02-06,10,0,140,188.52,188.52,0.0,2312.164071,0.0
2019-02-06,10,0,141,116.16,116.16,0.0,1075.236129,0.0
2019-02-06,10,0,142,146.54,146.54,0.0,1356.448884,0.0
2019-02-06,10,0,143,10.82,10.82,0.0,88.663632,0.0
2019-02-06,10,0,145,19.31,19.31,0.0,162.772502,0.0
2019-02-06,10,0,146,268.0,268.0,0.0,3286.97205,0.0
2019-02-06,10,0,152,3.36,3.36,0.0,30.720376,0.0
2019-02-06,10,0,153,4.17,4.17,0.0,38.07595,0.0
2019-02-06,10,0,154,30.33,30.33,0.0,260.395341,0.0
2019-02-06,10,0,157,174.75,174.75,0.0,1617.575014,0.0
2019-02-06,10,0,158,116.18,116.18,0.0,1075.421259,0.0
2019-02-06,10,0,159,0.0,0.0,0.0,0.0,0.0
2019-02-06,10,0,160,1.08,1.08,0.0,9.957792,0.0
2019-02-06,10,0,161,20.78,20.78,0.0,171.936736,0.0
2019-02-06,10,0,162,44.54,44.54,0.0,629.939529,0.0
2019-02-06,10,0,163,26.46,26.46,0.0,324.527166,0.0
2019-02-06,10,0,164,5.47,5.47,0.0,44.823481,0.0
2019-02-06,10,0,167,2.58,2.58,0.0,36.485352,0.0
2019-02-06,10,0,168,1.29,1.29,0.0,18.242676,0.0
2019-02-06,10,0,169,0.0,0.0,0.0,0.0,0.0
2019-02-06,10,0,170,2.82,2.82,0.0,39.879338,0.0
2019-02-06,10,0,172,3.27,3.27,0.0,44.710364,0.0
2019-02-06,10,0,173,4.98,4.98,0.0,68.091014,0.0
2019-02-06,10,0,188,4.55,4.55,0.0,63.479267,0.0
2019-02-06,10,0,190,3.71,3.71,0.0,52.734437,0.0
2019-02-06,10,0,191,9.57,9.57,0.0,136.029263,0.0
2019-02-06,10,0,192,27.78,27.78,0.0,394.868644,0.0
2019-02-06,10,0,194,28.84,28.84,0.0,175.569291,0.0
2019-02-06,10,0,196,2.2,2.2,0.0,29.655394,0.0
2019-02-06,10,0,198,4.74,4.74,0.0,44.76226,0.0
2019-02-06,10,0,199,19.87,19.87,0.0,177.210161,0.0
2019-02-06,10,0,200,8.17,8.17,0.0,72.863966,0.0
2019-02-06,10,0,204,189.25,189.25,0.0,1664.745709,0.0
2019-02-06,10,0,205,718.61,718.61,0.0,6343.420494,0.0
2019-02-06,10,0,206,276.08,276.08,0.0,2260.216015,0.0
2019-02-06,10,0,210,1.23,1.23,0.0,11.510544,0.0
2019-02-06,10,0,214,6.89,6.89,0.0,67.379841,0.0
2019-02-06,10,0,217,4.68,4.68,0.0,44.915004,0.0
2019-02-06,10,0,218,6.46,6.46,0.0,61.998061,0.0
2019-02-06,10,0,219,4.4,4.4,0.0,42.227782,0.0
2019-02-06,10,0,221,3.67,3.67,0.0,35.890278,0.0
2019-02-06,10,0,225,3.47,3.47,0.0,32.238811,0.0
2019-02-06,10,0,233,3.54,3.54,0.0,34.131891,0.0
2019-02-06,10,0,236,19.77,19.77,0.0,183.486922,0.0
2019-02-06,10,0,237,18.21,18.21,0.0,166.398135,0.0
2019-02-06,10,0,238,39.52,39.52,0.0,369.865464,0.0
2019-02-06,10,0,240,5.09,5.09,0.0,45.977841,0.0
2019-02-06,10,0,245,41.54,41.54,0.0,392.293341,0.0
2019-02-06,10,0,247,60.98,60.98,0.0,575.879825,0.0
2019-02-06,10,0,248,1.99,1.99,0.0,18.184091,0.0
2019-02-06,10,0,249,79.88,79.88,0.0,754.366685,0.0
2019-02-06,10,0,251,201.68,201.68,0.0,1892.686739,0.0
2019-02-06,10,0,252,227.37,227.37,0.0,2137.271262,0.0
2019-02-06,10,0,254,7.43,7.43,0.0,67.675161,0.0
2019-02-06,10,0,255,3.4,3.4,0.0,30.968445,0.0
2019-02-06,10,0,258,6.27,6.27,0.0,56.675166,0.0
2019-02-06,10,0,260,2.61,2.61,0.0,24.064664,0.0
2019-02-06,10,0,265,31.4,31.4,0.0,269.581725,0.0
2019-02-06,10,0,266,7.73,7.73,0.0,66.365183,0.0
2019-02-06,10,0,267,9.5,9.5,0.0,81.56135,0.0
2019-02-06,10,0,270,82.58,82.58,0.0,1012.828925,0.0
2019-02-06,10,0,272,199.45,199.45,0.0,1425.905799,0.0
2019-02-06,10,0,273,10.66,10.66,0.0,130.742993,0.0
2019-02-06,10,0,274,106.45,106.45,0.0,1305.590204,0.0
2019-02-06,10,0,275,148.18,148.18,0.0,1817.401188,0.0
2019-02-06,10,0,276,2.21,2.21,0.0,25.620814,0.0
2019-02-06,10,0,277,2.18,2.18,0.0,15.894602,0.0
2019-02-06,10,0,278,3.49,3.49,0.0,25.445945,0.0
2019-02-06,10,0,279,86.84,86.84,0.0,633.159264,0.0
2019-02-06,10,0,281,4.78,4.78,0.0,39.169331,0.0
2019-02-06,10,0,282,88.16,88.16,0.0,722.420132,0.0
2019-02-06,11,0,9,1.57,1.57,0.0,-10.838244,0.0
2019-02-06,11,0,17,37.58,37.58,0.0,204.390717,0.0
2019-02-06,11,0,19,192.99,192.99,0.0,1049.63716,0.0
2019-02-06,11,0,20,234.06,234.06,0.0,1273.009346,0.0
2019-02-06,11,0,21,35.87,35.87,0.0,-247.622804,0.0
2019-02-06,11,0,22,127.48,127.48,0.0,-880.037778,0.0
2019-02-06,11,0,23,61.07,61.07,0.0,-421.586971,0.0
2019-02-06,11,0,24,108.0,108.0,0.0,-745.560715,0.0
2019-02-06,11,0,29,5.67,5.67,0.0,28.98766,0.0
2019-02-06,11,0,30,264.84,264.84,0.0,-1848.1367,0.0
2019-02-06,11,0,31,41.58,41.58,0.0,-290.158299,0.0
2019-02-06,11,0,32,3.59,3.59,0.0,89.847794,0.0
2019-02-06,11,0,33,1.97,1.97,0.0,15.33265,0.0
2019-02-06,11,0,34,3.16,3.16,0.0,24.594505,0.0
2019-02-06,11,0,35,3.16,3.16,0.0,24.594505,0.0
2019-02-06,11,0,36,7.15,7.15,0.0,11.994427,0.0
2019-02-06,11,0,37,3.47,3.47,0.0,5.580829,0.0
2019-02-06,11,0,38,4.46,4.46,0.0,7.173054,0.0
2019-02-06,11,0,39,2.98,2.98,0.0,4.792758,0.0
2019-02-06,11,0,40,2.98,2.98,0.0,4.792758,0.0
2019-02-06,11,0,41,10.98,10.98,0.0,-32.477103,0.0
2019-02-06,11,0,42,48.55,48.55,0.0,239.38374,0.0
2019-02-06,11,0,43,22.13,22.13,0.0,46.427657,0.0
2019-02-06,11,0,46,19.08,19.08,0.0,14.963636,0.0
2019-02-06,11,0,52,44.2,44.2,0.0,-308.441482,0.0
2019-02-06,11,0,53,71.99,71.99,0.0,-502.36883,0.0
2019-02-06,11,0,55,346.0,346.0,0.0,-2388.555625,0.0
2019-02-06,11,0,56,78.12,78.12,0.0,-545.145896,0.0
2019-02-06,11,0,57,74.31,74.31,0.0,-518.558519,0.0
2019-02-06,11,0,58,142.9,142.9,0.0,-997.201081,0.0
2019-02-06,11,0,59,140.52,140.52,0.0,-980.592694,0.0
2019-02-06,11,0,63,25.43,25.43,0.0,893.445891,0.0
2019-02-06,11,0,64,29.92,29.92,0.0,1051.19548,0.0
2019-02-06,11,0,65,41.4,41.4,0.0,221.259027,0.0
2019-02-06,11,0,67,182.59,182.59,0.0,-9033.529082,0.0
2019-02-06,11,0,68,21.82,21.82,0.0,-664.106876,0.0
2019-02-06,11,0,69,1.97,1.97,0.0,15.33265,0.0
2019-02-06,11,0,74,13.45,13.45,0.0,36.243343,0.0
2019-02-06,11,0,77,60.0,60.0,0.0,-846.114697,0.0
2019-02-06,11,0,78,45.36,45.36,0.0,-639.662711,0.0
2019-02-06,11,0,79,26.25,26.25,0.0,-370.17518,0.0
2019-02-06,11,0,80,42.45,42.45,0.0,-598.626148,0.0
2019-02-06,11,0,81,55.5,55.5,0.0,-782.656095,0.0
2019-02-06,11,0,82,39.15,39.15,0.0,-552.08984,0.0
2019-02-06,11,0,83,87.3,87.3,0.0,-1231.096884,0.0
2019-02-06,11,0,84,0.0,0.0,0.0,0.0,0.0
2019-02-06,11,0,86,10.0,10.0,0.0,77.830711,0.0
2019-02-06,11,0,87,51.03,51.03,0.0,397.170119,0.0
2019-02-06,11,0,88,50.97,50.97,0.0,-718.774435,0.0
2019-02-06,11,0,89,49.0,49.0,0.0,-690.993669,0.0
2019-02-06,11,0,90,65.79,65.79,0.0,-927.764765,0.0
2019-02-06,11,0,91,234.7,234.7,0.0,-3309.718657,0.0
2019-02-06,11,0,92,84.41,84.41,0.0,-1190.34236,0.0
2019-02-06,11,0,95,96.29,96.29,0.0,2447.084542,0.0
2019-02-06,11,0,96,31.88,31.88,0.0,-224.966621,0.0
2019-02-06,11,0,97,234.28,234.28,0.0,-1653.236508,0.0
2019-02-06,11,0,99,2.89,2.89,0.0,7.787603,0.0
2019-02-06,11,0,101,5.33,5.33,0.0,-37.194414,0.0
2019-02-06,11,0,102,51.67,51.67,0.0,-1572.612387,0.0
2019-02-06,11,0,103,44.93,44.93,0.0,-1367.475799,0.0
2019-02-06,11,0,104,8.34,8.34,0.0,-253.833701,0.0
2019-02-06,11,0,106,125.49,125.49,0.0,-866.300131,0.0
2019-02-06,11,0,109,64.02,64.02,0.0,-28.893243,0.0
2019-02-06,11,0,110,338.6,338.6,0.0,-36493.268967,0.0
2019-02-06,11,0,111,11.65,11.65,0.0,-34.458857,0.0
2019-02-06,11,0,113,46.6,46.6,0.0,-550.460482,0.0
2019-02-06,11,0,115,46.6,46.6,0.0,-550.460482,0.0
2019-02-06,11,0,116,70.81,70.81,0.0,-7631.684511,0.0
2019-02-06,11,0,117,3.13,3.13,0.0,-36.972989,0.0
2019-02-06,11,0,119,29.92,29.92,0.0,1051.19548,0.0
2019-02-06,11,0,120,17.59,17.59,0.0,617.998947,0.0
2019-02-06,11,0,123,2.09,2.09,0.0,-14.427981,0.0
2019-02-06,11,0,125,97.74,97.74,0.0,-674.732447,0.0
2019-02-06,11,0,126,94.12,94.12,0.0,-649.742357,0.0
2019-02-06,11,0,127,120.78,120.78,0.0,-833.7854,0.0
2019-02-06,11,0,128,139.96,139.96,0.0,-966.19146,0.0
2019-02-06,11,0,131,27.26,27.26,0.0,-691.069522,0.0
2019-02-06,11,0,132,40.06,40.06,0.0,-1015.562915,0.0
2019-02-06,11,0,133,41.94,41.94,0.0,228.476949,0.0
2019-02-06,11,0,134,0.0,0.0,0.0,0.0,0.0
2019-02-06,11,0,135,56.2,56.2,0.0,306.16129,0.0
2019-02-06,11,0,136,45.9,45.9,0.0,245.071062,0.0
2019-02-06,11,0,139,14.18,14.18,0.0,-41.942196,0.0
2019-02-06,11,0,140,250.6,250.6,0.0,-27008.899005,0.0
2019-02-06,11,0,141,230.0,230.0,0.0,-11379.109967,0.0
2019-02-06,11,0,142,240.8,240.8,0.0,-11913.433392,0.0
2019-02-06,11,0,143,47.86,47.86,0.0,-333.982112,0.0
2019-02-06,11,0,145,49.94,49.94,0.0,-227.468664,0.0
2019-02-06,11,0,146,268.0,268.0,0.0,-28884.217611,0.0
2019-02-06,11,0,152,5.52,5.52,0.0,15.211124,0.0
2019-02-06,11,0,153,6.9,6.9,0.0,18.177067,0.0
2019-02-06,11,0,154,48.04,48.04,0.0,-142.094719,0.0
2019-02-06,11,0,157,250.0,250.0,0.0,-12368.59779,0.0
2019-02-06,11,0,158,201.32,201.32,0.0,-9960.184429,0.0
2019-02-06,11,0,159,0.0,0.0,0.0,0.0,0.0
2019-02-06,11,0,160,1.74,1.74,0.0,6.418374,0.0
2019-02-06,11,0,161,33.39,33.39,0.0,-1016.247873,0.0
2019-02-06,11,0,162,113.64,113.64,0.0,2900.428954,0.0
2019-02-06,11,0,163,71.24,71.24,0.0,-7678.028592,0.0
2019-02-06,11,0,164,9.22,9.22,0.0,-64.340056,0.0
2019-02-06,11,0,167,4.04,4.04,0.0,101.524916,0.0
2019-02-06,11,0,168,2.02,2.02,0.0,50.762458,0.0
2019-02-06,11,0,169,0.0,0.0,0.0,0.0,0.0
2019-02-06,11,0,170,4.42,4.42,0.0,111.074289,0.0
2019-02-06,11,0,172,5.15,5.15,0.0,113.020343,0.0
2019-02-06,11,0,173,7.85,7.85,0.0,172.273727,0.0
2019-02-06,11,0,188,7.26,7.26,0.0,168.612691,0.0
2019-02-06,11,0,190,5.85,5.85,0.0,189.701209,0.0
2019-02-06,11,0,191,15.12,15.12,0.0,490.304664,0.0
2019-02-06,11,0,192,59.99,59.99,0.0,1945.329152,0.0
2019-02-06,11,0,194,34.86,34.86,0.0,156.703897,0.0
2019-02-06,11,0,196,3.5,3.5,0.0,192.894019,0.0
2019-02-06,11,0,198,7.7,7.7,0.0,47.201788,0.0
2019-02-06,11,0,199,41.1,41.1,0.0,416.267415,0.0
2019-02-06,11,0,200,13.14,13.14,0.0,133.084035,0.0
2019-02-06,11,0,204,201.11,201.11,0.0,-153.887613,0.0
2019-02-06,11,0,205,418.6,418.6,0.0,-188.920827,0.0
2019-02-06,11,0,206,895.48,895.48,0.0,-6319.10632,0.0
2019-02-06,11,0,210,1.85,1.85,0.0,10.557321,0.0
2019-02-06,11,0,214,10.89,10.89,0.0,99.866791,0.0
2019-02-06,11,0,217,7.34,7.34,0.0,56.374636,0.0
2019-02-06,11,0,218,10.13,10.13,0.0,77.803142,0.0
2019-02-06,11,0,219,6.9,6.9,0.0,52.99523,0.0
2019-02-06,11,0,221,5.81,5.81,0.0,53.280629,0.0
2019-02-06,11,0,225,5.4,5.4,0.0,27.297424,0.0
2019-02-06,11,0,233,5.66,5.66,0.0,44.052182,0.0
2019-02-06,11,0,236,52.01,52.01,0.0,215.641872,0.0
2019-02-06,11,0,237,29.98,29.98,0.0,80.786277,0.0
2019-02-06,11,0,238,63.19,63.19,0.0,311.568662,0.0
2019-02-06,11,0,240,8.1,8.1,0.0,13.588092,0.0
2019-02-06,11,0,245,78.0,78.0,0.0,451.302992,0.0
2019-02-06,11,0,247,158.66,158.66,0.0,917.996574,0.0
2019-02-06,11,0,248,3.57,3.57,0.0,9.61998,0.0
2019-02-06,11,0,249,150.0,150.0,0.0,867.89037,0.0
2019-02-06,11,0,251,326.4,326.4,0.0,1693.833024,0.0
2019-02-06,11,0,252,267.06,267.06,0.0,1427.281055,0.0
2019-02-06,11,0,254,12.31,12.31,0.0,30.739689,0.0
2019-02-06,11,0,255,5.64,5.64,0.0,14.083822,0.0
2019-02-06,11,0,258,9.93,9.93,0.0,17.332236,0.0
2019-02-06,11,0,260,4.23,4.23,0.0,15.603288,0.0
2019-02-06,11,0,265,49.74,49.74,0.0,-147.12305,0.0
2019-02-06,11,0,266,9.18,9.18,0.0,-27.152988,0.0
2019-02-06,11,0,267,11.29,11.29,0.0,-33.394034,0.0
2019-02-06,11,0,270,240.99,240.99,0.0,-25973.162694,0.0
2019-02-06,11,0,272,155.63,155.63,0.0,-1838.372636,0.0
2019-02-06,11,0,273,16.93,16.93,0.0,-1824.663448,0.0
2019-02-06,11,0,274,314.72,314.72,0.0,-33919.555845,0.0
2019-02-06,11,0,275,444.04,444.04,0.0,-47857.268612,0.0
2019-02-06,11,0,276,3.53,3.53,0.0,-334.499993,0.0
2019-02-06,11,0,277,3.5,3.5,0.0,-44.556176,0.0
2019-02-06,11,0,278,5.59,5.59,0.0,-71.162579,0.0
2019-02-06,11,0,279,141.98,141.98,0.0,-1807.453123,0.0
2019-02-06,11,0,281,18.13,18.13,0.0,-126.516834,0.0
2019-02-06,11,0,282,145.28,145.28,0.0,-1013.809469,0.0
2019-02-06,12,0,9,2.18,2.18,0.0,-26.573024,0.0
2019-02-06,12,0,17,48.19,48.19,0.0,280.546533,0.0
2019-02-06,12,0,19,192.99,192.99,0.0,1123.525118,0.0
2019-02-06,12,0,20,234.06,234.06,0.0,1362.621323,0.0
2019-02-06,12,0,21,49.75,49.75,0.0,-606.425672,0.0
2019-02-06,12,0,22,176.8,176.8,0.0,-2155.09666,0.0
2019-02-06,12,0,23,46.17,46.17,0.0,-562.787403,0.0
2019-02-06,12,0,24,77.3,77.3,0.0,-942.245316,0.0
2019-02-06,12,0,29,7.22,7.22,0.0,46.213448,0.0
2019-02-06,12,0,30,368.93,368.93,0.0,-4537.86544,0.0
2019-02-06,12,0,31,103.2,103.2,0.0,-1269.367396,0.0
2019-02-06,12,0,32,4.77,4.77,0.0,220.046376,0.0
2019-02-06,12,0,33,2.66,2.66,0.0,24.419027,0.0
2019-02-06,12,0,34,4.26,4.26,0.0,39.107163,0.0
2019-02-06,12,0,35,4.26,4.26,0.0,39.107163,0.0
2019-02-06,12,0,36,9.91,9.91,0.0,4.980851,0.0
2019-02-06,12,0,37,4.78,4.78,0.0,1.981896,0.0
2019-02-06,12,0,38,6.14,6.14,0.0,2.545783,0.0
2019-02-06,12,0,39,4.1,4.1,0.0,1.699953,0.0
2019-02-06,12,0,40,4.1,4.1,0.0,1.699953,0.0
2019-02-06,12,0,41,13.34,13.34,0.0,-85.161532,0.0
2019-02-06,12,0,42,63.6,63.6,0.0,323.95867,0.0
2019-02-06,12,0,43,30.95,30.95,0.0,36.563588,0.0
2019-02-06,12,0,46,25.69,25.69,0.0,-20.289968,0.0
2019-02-06,12,0,52,109.39,109.39,0.0,-1345.50484,0.0
2019-02-06,12,0,53,173.79,173.79,0.0,-2137.629455,0.0
2019-02-06,12,0,55,623.0,623.0,0.0,-7594.034043,0.0
2019-02-06,12,0,56,108.82,108.82,0.0,-1338.493799,0.0
2019-02-06,12,0,57,103.51,103.51,0.0,-1273.180418,0.0
2019-02-06,12,0,58,199.06,199.06,0.0,-2448.452266,0.0
2019-02-06,12,0,59,195.74,195.74,0.0,-2407.616028,0.0
2019-02-06,12,0,63,37.81,37.81,0.0,4364.303375,0.0
2019-02-06,12,0,64,44.48,44.48,0.0,5134.202965,0.0
2019-02-06,12,0,65,41.4,41.4,0.0,235.418751,0.0
2019-02-06,12,0,67,253.69,253.69,0.0,-140445.015271,0.0
2019-02-06,12,0,68,34.0,34.0,0.0,-13866.551114,0.0
2019-02-06,12,0,69,2.66,2.66,0.0,24.419027,0.0
2019-02-06,12,0,74,48.44,48.44,0.0,91.074299,0.0
2019-02-06,12,0,77,60.0,60.0,0.0,-17146.005796,0.0
2019-02-06,12,0,78,45.36,45.36,0.0,-12962.380382,0.0
2019-02-06,12,0,79,26.25,26.25,0.0,-7501.377536,0.0
2019-02-06,12,0,80,42.45,42.45,0.0,-12130.799101,0.0
2019-02-06,12,0,81,55.5,55.5,0.0,-15860.055361,0.0
2019-02-06,12,0,82,39.15,39.15,0.0,-11187.768782,0.0
2019-02-06,12,0,83,87.3,87.3,0.0,-24947.438433,0.0
2019-02-06,12,0,84,0.0,0.0,0.0,0.0,0.0
2019-02-06,12,0,86,13.5,13.5,0.0,123.93115,0.0
2019-02-06,12,0,87,68.9,68.9,0.0,632.507869,0.0
2019-02-06,12,0,88,51.18,51.18,0.0,-14625.542944,0.0
2019-02-06,12,0,89,49.2,49.2,0.0,-14059.724753,0.0
2019-02-06,12,0,90,66.06,66.06,0.0,-18877.752381,0.0
2019-02-06,12,0,91,235.65,235.65,0.0,-67340.937763,0.0
2019-02-06,12,0,92,84.75,84.75,0.0,-24218.733187,0.0
2019-02-06,12,0,95,120.0,120.0,0.0,2333.493576,0.0
2019-02-06,12,0,96,29.88,29.88,0.0,-370.980248,0.0
2019-02-06,12,0,97,183.76,183.76,0.0,-2281.503697,0.0
2019-02-06,12,0,99,9.35,9.35,0.0,17.57937,0.0
2019-02-06,12,0,101,7.43,7.43,0.0,-91.389532,0.0
2019-02-06,12,0,102,80.5,80.5,0.0,-32831.098961,0.0
2019-02-06,12,0,103,70.0,70.0,0.0,-28548.781705,0.0
2019-02-06,12,0,104,13.0,13.0,0.0,-5301.916602,0.0
2019-02-06,12,0,106,174.04,174.04,0.0,-2121.453748,0.0
2019-02-06,12,0,109,49.54,49.54,0.0,-131.706577,0.0
2019-02-06,12,0,110,338.6,338.6,0.0,-338600.0,0.0
2019-02-06,12,0,111,16.11,16.11,0.0,-102.844998,0.0
2019-02-06,12,0,113,38.94,38.94,0.0,-10063.299213,0.0
2019-02-06,12,0,115,38.94,38.94,0.0,-10063.299213,0.0
2019-02-06,12,0,116,94.48,94.48,0.0,-94480.0,0.0
2019-02-06,12,0,117,2.6,2.6,0.0,-671.920338,0.0
2019-02-06,12,0,119,44.48,44.48,0.0,5134.202965,0.0
2019-02-06,12,0,120,26.16,26.16,0.0,3019.576204,0.0
2019-02-06,12,0,123,2.9,2.9,0.0,-35.349436,0.0
2019-02-06,12,0,125,70.73,70.73,0.0,-862.160558,0.0
2019-02-06,12,0,126,130.53,130.53,0.0,-1591.090311,0.0
2019-02-06,12,0,127,167.52,167.52,0.0,-2041.978464,0.0
2019-02-06,12,0,128,96.96,96.96,0.0,-1181.890114,0.0
2019-02-06,12,0,131,30.0,30.0,0.0,-11067.279402,0.0
2019-02-06,12,0,132,44.1,44.1,0.0,-16268.900721,0.0
2019-02-06,12,0,133,41.94,41.94,0.0,244.695417,0.0
2019-02-06,12,0,134,0.0,0.0,0.0,0.0,0.0
2019-02-06,12,0,135,56.2,56.2,0.0,327.894192,0.0
2019-02-06,12,0,136,45.9,45.9,0.0,260.666986,0.0
2019-02-06,12,0,139,17.22,17.22,0.0,-109.931153,0.0
2019-02-06,12,0,140,250.6,250.6,0.0,-250600.0,0.0
2019-02-06,12,0,141,230.0,230.0,0.0,-127330.022911,0.0
2019-02-06,12,0,142,334.56,334.56,0.0,-185215.358544,0.0
2019-02-06,12,0,143,133.96,133.96,0.0,-1647.717601,0.0
2019-02-06,12,0,145,40.08,40.08,0.0,-349.516721,0.0
2019-02-06,12,0,146,268.0,268.0,0.0,-268000.0,0.0
2019-02-06,12,0,152,7.66,7.66,0.0,15.197465,0.0
2019-02-06,12,0,153,9.54,9.54,0.0,17.273746,0.0
2019-02-06,12,0,154,66.46,66.46,0.0,-424.275517,0.0
2019-02-06,12,0,157,250.0,250.0,0.0,-138402.198817,0.0
2019-02-06,12,0,158,287.14,287.14,0.0,-158963.229473,0.0
2019-02-06,12,0,159,0.0,0.0,0.0,0.0,0.0
2019-02-06,12,0,160,2.41,2.41,0.0,8.755397,0.0
2019-02-06,12,0,161,46.37,46.37,0.0,-18911.528681,0.0
2019-02-06,12,0,162,157.36,157.36,0.0,3185.69107,0.0
2019-02-06,12,0,163,143.55,143.55,0.0,-143550.0,0.0
2019-02-06,12,0,164,13.25,13.25,0.0,-162.97595,0.0
2019-02-06,12,0,167,5.3,5.3,0.0,85.956415,0.0
2019-02-06,12,0,168,2.65,2.65,0.0,42.978208,0.0
2019-02-06,12,0,169,0.0,0.0,0.0,0.0,0.0
2019-02-06,12,0,170,5.8,5.8,0.0,94.065511,0.0
2019-02-06,12,0,172,6.83,6.83,0.0,105.060502,0.0
2019-02-06,12,0,173,10.4,10.4,0.0,159.974995,0.0
2019-02-06,12,0,188,9.65,9.65,0.0,248.170972,0.0
2019-02-06,12,0,190,7.83,7.83,0.0,253.907772,0.0
2019-02-06,12,0,191,20.24,20.24,0.0,656.333756,0.0
2019-02-06,12,0,192,130.39,130.39,0.0,4228.229173,0.0
2019-02-06,12,0,194,47.07,47.07,0.0,-5856.538149,0.0
2019-02-06,12,0,196,4.72,4.72,0.0,1271.938137,0.0
2019-02-06,12,0,198,10.2,10.2,0.0,76.628563,0.0
2019-02-06,12,0,199,113.69,113.69,0.0,-3099.86246,0.0
2019-02-06,12,0,200,17.45,17.45,0.0,-475.790306,0.0
2019-02-06,12,0,204,213.76,213.76,0.0,-665.803375,0.0
2019-02-06,12,0,205,262.08,262.08,0.0,-696.763419,0.0
2019-02-06,12,0,206,539.95,539.95,0.0,-6703.841538,0.0
2019-02-06,12,0,210,2.32,2.32,0.0,16.507928,0.0
2019-02-06,12,0,214,13.95,13.95,0.0,155.784814,0.0
2019-02-06,12,0,217,9.21,9.21,0.0,87.477172,0.0
2019-02-06,12,0,218,12.71,12.71,0.0,120.720398,0.0
2019-02-06,12,0,219,8.66,8.66,0.0,82.253237,0.0
2019-02-06,12,0,221,7.44,7.44,0.0,83.085234,0.0
2019-02-06,12,0,225,6.66,6.66,0.0,42.169327,0.0
2019-02-06,12,0,233,7.64,7.64,0.0,70.135851,0.0
2019-02-06,12,0,236,115.32,115.32,0.0,457.979363,0.0
2019-02-06,12,0,237,116.2,116.2,0.0,218.473029,0.0
2019-02-06,12,0,238,82.79,82.79,0.0,421.706577,0.0
2019-02-06,12,0,240,11.23,11.23,0.0,5.644295,0.0
2019-02-06,12,0,245,78.0,78.0,0.0,492.879129,0.0
2019-02-06,12,0,247,171.72,171.72,0.0,1085.09236,0.0
2019-02-06,12,0,248,11.66,11.66,0.0,21.922509,0.0
2019-02-06,12,0,249,150.0,150.0,0.0,947.844479,0.0
2019-02-06,12,0,251,326.4,326.4,0.0,1783.584966,0.0
2019-02-06,12,0,252,267.06,267.06,0.0,1518.62154,0.0
2019-02-06,12,0,254,16.72,16.72,0.0,30.038508,0.0
2019-02-06,12,0,255,7.66,7.66,0.0,13.761661,0.0
2019-02-06,12,0,258,13.83,13.83,0.0,8.467211,0.0
2019-02-06,12,0,260,5.86,5.86,0.0,21.289057,0.0
2019-02-06,12,0,265,68.81,68.81,0.0,-439.277736,0.0
2019-02-06,12,0,266,11.15,11.15,0.0,-71.18074,0.0
2019-02-06,12,0,267,13.7,13.7,0.0,-87.459744,0.0
2019-02-06,12,0,270,448.31,448.31,0.0,-448310.0,0.0
2019-02-06,12,0,272,130.12,130.12,0.0,-33627.028597,0.0
2019-02-06,12,0,273,22.59,22.59,0.0,-22590.0,0.0
2019-02-06,12,0,274,577.92,577.92,0.0,-577920.0,0.0
2019-02-06,12,0,275,804.48,804.48,0.0,-804480.0,0.0
2019-02-06,12,0,276,4.77,4.77,0.0,-4294.575371,0.0
2019-02-06,12,0,277,4.64,4.64,0.0,-1249.970937,0.0
2019-02-06,12,0,278,7.42,7.42,0.0,-1998.875939,0.0
2019-02-06,12,0,279,240.57,240.57,0.0,-64807.221635,0.0
2019-02-06,12,0,281,46.32,46.32,0.0,-569.73932,0.0
2019-02-06,12,0,282,202.38,202.38,0.0,-2489.288504,0.0
2019-02-06,13,0,9,2.41,2.41,0.0,-73.136764,0.0
2019-02-06,13,0,17,52.57,52.57,0.0,149.405084,0.0
2019-02-06,13,0,19,192.99,192.99,0.0,548.481781,0.0
2019-02-06,13,0,20,234.06,234.06,0.0,665.203615,0.0
2019-02-06,13,0,21,55.04,55.04,0.0,-1670.310159,0.0
2019-02-06,13,0,22,195.6,195.6,0.0,-5935.913282,0.0
2019-02-06,13,0,23,90.35,90.35,0.0,-2741.869964,0.0
2019-02-06,13,0,24,157.79,157.79,0.0,-4788.485464,0.0
2019-02-06,13,0,29,8.67,8.67,0.0,44.174971,0.0
2019-02-06,13,0,30,362.32,362.32,0.0,-11069.608901,0.0
2019-02-06,13,0,31,125.0,125.0,0.0,-3819.00285,0.0
2019-02-06,13,0,32,5.51,5.51,0.0,252.710353,0.0
2019-02-06,13,0,33,3.12,3.12,0.0,28.013522,0.0
2019-02-06,13,0,34,5.0,5.0,0.0,44.893464,0.0
2019-02-06,13,0,35,5.0,5.0,0.0,44.893464,0.0
2019-02-06,13,0,36,11.98,11.98,0.0,-81.687877,0.0
2019-02-06,13,0,37,5.77,5.77,0.0,-40.216925,0.0
2019-02-06,13,0,38,7.42,7.42,0.0,-51.717433,0.0
2019-02-06,13,0,39,4.94,4.94,0.0,-34.431822,0.0
2019-02-06,13,0,40,4.94,4.94,0.0,-34.431822,0.0
2019-02-06,13,0,41,16.47,16.47,0.0,-322.971538,0.0
2019-02-06,13,0,42,72.89,72.89,0.0,110.195584,0.0
2019-02-06,13,0,43,35.58,35.58,0.0,-196.182057,0.0
2019-02-06,13,0,46,27.41,27.41,0.0,-251.923999,0.0
2019-02-06,13,0,52,132.5,132.5,0.0,-4048.143021,0.0
2019-02-06,13,0,53,210.5,210.5,0.0,-6431.200799,0.0
2019-02-06,13,0,55,623.0,623.0,0.0,-18906.308663,0.0
2019-02-06,13,0,56,106.87,106.87,0.0,-3265.094677,0.0
2019-02-06,13,0,57,101.66,101.66,0.0,-3105.918638,0.0
2019-02-06,13,0,58,195.5,195.5,0.0,-5972.920457,0.0
2019-02-06,13,0,59,192.24,192.24,0.0,-5873.320863,0.0
2019-02-06,13,0,63,51.0,51.0,0.0,5920.60302,0.0
2019-02-06,13,0,64,60.0,60.0,0.0,6965.415317,0.0
2019-02-06,13,0,65,41.4,41.4,0.0,107.42962,0.0
2019-02-06,13,0,67,298.86,298.86,0.0,-164693.139543,0.0
2019-02-06,13,0,68,34.0,34.0,0.0,-13752.098821,0.0
2019-02-06,13,0,69,3.12,3.12,0.0,28.013522,0.0
2019-02-06,13,0,74,116.93,116.93,0.0,-510.843276,0.0
2019-02-06,13,0,77,60.0,60.0,0.0,-16866.191101,0.0
2019-02-06,13,0,78,45.36,45.36,0.0,-12750.840473,0.0
2019-02-06,13,0,79,26.25,26.25,0.0,-7378.958607,0.0
2019-02-06,13,0,80,42.45,42.45,0.0,-11932.830204,0.0
2019-02-06,13,0,81,55.5,55.5,0.0,-15601.226769,0.0
2019-02-06,13,0,82,39.15,39.15,0.0,-11005.189694,0.0
2019-02-06,13,0,83,87.3,87.3,0.0,-24540.308052,0.0
2019-02-06,13,0,84,0.0,0.0,0.0,-0.0,0.0
2019-02-06,13,0,86,15.83,15.83,0.0,142.132708,0.0
2019-02-06,13,0,87,80.82,80.82,0.0,725.657956,0.0
2019-02-06,13,0,88,51.18,51.18,0.0,-14386.861009,0.0
2019-02-06,13,0,89,49.2,49.2,0.0,-13830.276703,0.0
2019-02-06,13,0,90,66.06,66.06,0.0,-18569.676403,0.0
2019-02-06,13,0,91,235.65,235.65,0.0,-66241.96555,0.0
2019-02-06,13,0,92,84.75,84.75,0.0,-23823.494931,0.0
2019-02-06,13,0,95,120.0,120.0,0.0,2333.493576,0.0
2019-02-06,13,0,96,29.88,29.88,0.0,-919.2904,0.0
2019-02-06,13,0,97,183.75,183.75,0.0,-5653.266766,0.0
2019-02-06,13,0,99,22.57,22.57,0.0,-98.603718,0.0
2019-02-06,13,0,101,7.3,7.3,0.0,-223.029766,0.0
2019-02-06,13,0,102,80.5,80.5,0.0,-32560.116327,0.0
2019-02-06,13,0,103,70.0,70.0,0.0,-28313.144632,0.0
2019-02-06,13,0,104,13.0,13.0,0.0,-5258.155432,0.0
2019-02-06,13,0,106,192.55,192.55,0.0,-5843.354307,0.0
2019-02-06,13,0,109,53.08,53.08,0.0,-673.534009,0.0
2019-02-06,13,0,110,338.6,338.6,0.0,-338600.0,0.0
2019-02-06,13,0,111,17.77,17.77,0.0,-348.464131,0.0
2019-02-06,13,0,113,45.0,45.0,0.0,-11501.711038,0.0
2019-02-06,13,0,115,45.0,45.0,0.0,-11501.711038,0.0
2019-02-06,13,0,116,105.5,105.5,0.0,-105500.0,0.0
2019-02-06,13,0,117,3.0,3.0,0.0,-766.780736,0.0
2019-02-06,13,0,119,60.0,60.0,0.0,6965.415317,0.0
2019-02-06,13,0,120,35.28,35.28,0.0,4095.664207,0.0
2019-02-06,13,0,123,3.21,3.21,0.0,-97.414528,0.0
2019-02-06,13,0,125,143.27,143.27,0.0,-4347.844048,0.0
2019-02-06,13,0,126,144.41,144.41,0.0,-4382.439862,0.0
2019-02-06,13,0,127,185.33,185.33,0.0,-5624.247487,0.0
2019-02-06,13,0,128,202.25,202.25,0.0,-6137.722194,0.0
2019-02-06,13,0,131,30.0,30.0,0.0,-10959.65287,0.0
2019-02-06,13,0,132,44.1,44.1,0.0,-16110.689719,0.0
2019-02-06,13,0,133,41.94,41.94,0.0,120.170794,0.0
2019-02-06,13,0,134,0.0,0.0,0.0,0.0,0.0
2019-02-06,13,0,135,56.2,56.2,0.0,161.03001,0.0
2019-02-06,13,0,136,45.9,45.9,0.0,118.484097,0.0
2019-02-06,13,0,139,21.27,21.27,0.0,-417.098034,0.0
2019-02-06,13,0,140,250.6,250.6,0.0,-250600.0,0.0
2019-02-06,13,0,141,230.0,230.0,0.0,-126746.376547,0.0
2019-02-06,13,0,142,394.12,394.12,0.0,-217188.182282,0.0
2019-02-06,13,0,143,238.5,238.5,0.0,-7286.657438,0.0
2019-02-06,13,0,145,98.99,98.99,0.0,-2367.866928,0.0
2019-02-06,13,0,146,268.0,268.0,0.0,-268000.0,0.0
2019-02-06,13,0,152,9.06,9.06,0.0,-37.735609,0.0
2019-02-06,13,0,153,11.28,11.28,0.0,-50.550919,0.0
2019-02-06,13,0,154,73.29,73.29,0.0,-1437.193932,0.0
2019-02-06,13,0,157,250.0,250.0,0.0,-137767.800595,0.0
2019-02-06,13,0,158,368.77,368.77,0.0,-203218.527301,0.0
2019-02-06,13,0,159,0.0,0.0,0.0,-0.0,0.0
2019-02-06,13,0,160,2.78,2.78,0.0,-2.469889,0.0
2019-02-06,13,0,161,52.39,52.39,0.0,-21190.36639,0.0
2019-02-06,13,0,162,162.5,162.5,0.0,3292.184165,0.0
2019-02-06,13,0,163,104.55,104.55,0.0,-104550.0,0.0
2019-02-06,13,0,164,13.59,13.59,0.0,-415.20199,0.0
2019-02-06,13,0,167,6.07,6.07,0.0,98.396406,0.0
2019-02-06,13,0,168,3.03,3.03,0.0,49.117152,0.0
2019-02-06,13,0,169,0.0,0.0,0.0,0.0,0.0
2019-02-06,13,0,170,6.64,6.64,0.0,107.636266,0.0
2019-02-06,13,0,172,7.83,7.83,0.0,107.104968,0.0
2019-02-06,13,0,173,11.93,11.93,0.0,163.188029,0.0
2019-02-06,13,0,188,11.04,11.04,0.0,278.406197,0.0
2019-02-06,13,0,190,7.8,7.8,0.0,252.934946,0.0
2019-02-06,13,0,191,20.14,20.14,0.0,653.091,0.0
2019-02-06,13,0,192,256.18,256.18,0.0,8307.291582,0.0
2019-02-06,13,0,194,52.95,52.95,0.0,-6495.464846,0.0
2019-02-06,13,0,196,5.29,5.29,0.0,1433.496915,0.0
2019-02-06,13,0,198,11.74,11.74,0.0,76.583477,0.0
2019-02-06,13,0,199,73.53,73.53,0.0,-1926.202447,0.0
2019-02-06,13,0,200,20.94,20.94,0.0,-548.547249,0.0
2019-02-06,13,0,204,227.76,227.76,0.0,-3081.130739,0.0
2019-02-06,13,0,205,280.8,280.8,0.0,-3563.081192,0.0
2019-02-06,13,0,206,539.94,539.94,0.0,-16611.835961,0.0
2019-02-06,13,0,210,2.6,2.6,0.0,16.458153,0.0
2019-02-06,13,0,214,15.77,15.77,0.0,198.854293,0.0
2019-02-06,13,0,217,10.19,10.19,0.0,102.68135,0.0
2019-02-06,13,0,218,14.06,14.06,0.0,141.678094,0.0
2019-02-06,13,0,219,9.57,9.57,0.0,96.43381,0.0
2019-02-06,13,0,221,8.41,8.41,0.0,106.047217,0.0
2019-02-06,13,0,225,7.79,7.79,0.0,38.762212,0.0
2019-02-06,13,0,233,8.96,8.96,0.0,80.449088,0.0
2019-02-06,13,0,236,319.85,319.85,0.0,-171.954864,0.0
2019-02-06,13,0,237,280.51,280.51,0.0,-1225.49087,0.0
2019-02-06,13,0,238,94.87,94.87,0.0,143.425093,0.0
2019-02-06,13,0,240,13.58,13.58,0.0,-92.597778,0.0
2019-02-06,13,0,245,78.0,78.0,0.0,292.554094,0.0
2019-02-06,13,0,247,171.72,171.72,0.0,644.069091,0.0
2019-02-06,13,0,248,28.16,28.16,0.0,-123.025286,0.0
2019-02-06,13,0,249,150.0,150.0,0.0,562.604028,0.0
2019-02-06,13,0,251,326.4,326.4,0.0,714.559969,0.0
2019-02-06,13,0,252,267.06,267.06,0.0,692.998895,0.0
2019-02-06,13,0,254,19.69,19.69,0.0,-85.713678,0.0
2019-02-06,13,0,255,9.03,9.03,0.0,-39.309016,0.0
2019-02-06,13,0,258,16.64,16.64,0.0,-109.956161,0.0
2019-02-06,13,0,260,6.75,6.75,0.0,-5.997033,0.0
2019-02-06,13,0,265,75.88,75.88,0.0,-1487.98302,0.0
2019-02-06,13,0,266,13.78,13.78,0.0,-270.221481,0.0
2019-02-06,13,0,267,16.93,16.93,0.0,-331.991994,0.0
2019-02-06,13,0,270,325.32,325.32,0.0,-325320.0,0.0
2019-02-06,13,0,272,150.39,150.39,0.0,-38438.718288,0.0
2019-02-06,13,0,273,25.23,25.23,0.0,-25230.0,0.0
2019-02-06,13,0,274,419.18,419.18,0.0,-419180.0,0.0
2019-02-06,13,0,275,583.24,583.24,0.0,-583240.0,0.0
2019-02-06,13,0,276,5.29,5.29,0.0,-4759.749844,0.0
2019-02-06,13,0,277,5.69,5.69,0.0,-1512.520304,0.0
2019-02-06,13,0,278,9.11,9.11,0.0,-2421.62741,0.0
2019-02-06,13,0,279,378.16,378.16,0.0,-100522.79051,0.0
2019-02-06,13,0,281,56.1,56.1,0.0,-1713.968479,0.0
2019-02-06,13,0,282,198.75,198.75,0.0,-6072.214532,0.0
2019-02-06,14,0,9,2.54,2.54,0.0,-70.542481,0.0
2019-02-06,14,0,17,54.54,54.54,0.0,183.03896,0.0
2019-02-06,14,0,19,192.99,192.99,0.0,647.684063,0.0
2019-02-06,14,0,20,234.06,234.06,0.0,785.517031,0.0
2019-02-06,14,0,21,58.15,58.15,0.0,-1614.978446,0.0
2019-02-06,14,0,22,206.67,206.67,0.0,-5739.769484,0.0
2019-02-06,14,0,23,42.61,42.61,0.0,-1183.391773,0.0
2019-02-06,14,0,24,73.27,73.27,0.0,-2034.900615,0.0
2019-02-06,14,0,29,8.62,8.62,0.0,43.748585,0.0
2019-02-06,14,0,30,391.24,391.24,0.0,-10940.799609,0.0
2019-02-06,14,0,31,125.0,125.0,0.0,-3495.552477,0.0
2019-02-06,14,0,32,5.53,5.53,0.0,255.63586,0.0
2019-02-06,14,0,33,3.2,3.2,0.0,29.209653,0.0
2019-02-06,14,0,34,5.12,5.12,0.0,46.735445,0.0
2019-02-06,14,0,35,5.12,5.12,0.0,46.735445,0.0
2019-02-06,14,0,36,12.35,12.35,0.0,-71.000964,0.0
2019-02-06,14,0,37,5.94,5.94,0.0,-35.012638,0.0
2019-02-06,14,0,38,7.63,7.63,0.0,-44.974146,0.0
2019-02-06,14,0,39,5.09,5.09,0.0,-30.002412,0.0
2019-02-06,14,0,40,5.09,5.09,0.0,-30.002412,0.0
2019-02-06,14,0,41,21.1,21.1,0.0,-373.769326,0.0
2019-02-06,14,0,42,76.95,76.95,0.0,161.971273,0.0
2019-02-06,14,0,43,36.05,36.05,0.0,-163.746297,0.0
2019-02-06,14,0,46,28.14,28.14,0.0,-224.471581,0.0
2019-02-06,14,0,52,132.5,132.5,0.0,-3705.285626,0.0
2019-02-06,14,0,53,210.5,210.5,0.0,-5886.510371,0.0
2019-02-06,14,0,55,623.0,623.0,0.0,-17302.348616,0.0
2019-02-06,14,0,56,115.4,115.4,0.0,-3227.094047,0.0
2019-02-06,14,0,57,109.77,109.77,0.0,-3069.654363,0.0
2019-02-06,14,0,58,211.1,211.1,0.0,-5903.289023,0.0
2019-02-06,14,0,59,207.58,207.58,0.0,-5804.854266,0.0
2019-02-06,14,0,63,51.0,51.0,0.0,5929.229885,0.0
2019-02-06,14,0,64,60.0,60.0,0.0,6975.564571,0.0
2019-02-06,14,0,65,41.4,41.4,0.0,129.31836,0.0
2019-02-06,14,0,67,312.14,312.14,0.0,-172087.90668,0.0
2019-02-06,14,0,68,19.16,19.16,0.0,-7755.944728,0.0
2019-02-06,14,0,69,3.2,3.2,0.0,29.209653,0.0
2019-02-06,14,0,74,163.22,163.22,0.0,-558.78224,0.0
2019-02-06,14,0,77,60.0,60.0,0.0,-16894.751547,0.0
2019-02-06,14,0,78,45.36,45.36,0.0,-12772.43217,0.0
2019-02-06,14,0,79,26.25,26.25,0.0,-7391.453802,0.0
2019-02-06,14,0,80,42.45,42.45,0.0,-11953.03672,0.0
2019-02-06,14,0,81,55.5,55.5,0.0,-15627.645181,0.0
2019-02-06,14,0,82,39.15,39.15,0.0,-11023.825384,0.0
2019-02-06,14,0,83,87.3,87.3,0.0,-24581.863501,0.0
2019-02-06,14,0,84,0.0,0.0,0.0,-0.0,0.0
2019-02-06,14,0,86,16.22,16.22,0.0,148.056429,0.0
2019-02-06,14,0,87,82.82,82.82,0.0,755.982331,0.0
2019-02-06,14,0,88,51.18,51.18,0.0,-14411.22307,0.0
2019-02-06,14,0,89,49.2,49.2,0.0,-13853.696269,0.0
2019-02-06,14,0,90,66.06,66.06,0.0,-18601.121453,0.0
2019-02-06,14,0,91,235.65,235.65,0.0,-66354.136701,0.0
2019-02-06,14,0,92,84.75,84.75,0.0,-23863.83656,0.0
2019-02-06,14,0,95,120.0,120.0,0.0,2333.493576,0.0
2019-02-06,14,0,96,31.39,31.39,0.0,-884.094919,0.0
2019-02-06,14,0,97,210.51,210.51,0.0,-5928.984433,0.0
2019-02-06,14,0,99,31.5,31.5,0.0,-107.839974,0.0
2019-02-06,14,0,101,7.88,7.88,0.0,-220.359628,0.0
2019-02-06,14,0,102,45.25,45.25,0.0,-18317.145039,0.0
2019-02-06,14,0,103,39.36,39.36,0.0,-15932.880193,0.0
2019-02-06,14,0,104,7.37,7.37,0.0,-2983.367048,0.0
2019-02-06,14,0,106,203.45,203.45,0.0,-5650.341615,0.0
2019-02-06,14,0,109,55.8,55.8,0.0,-627.234917,0.0
2019-02-06,14,0,110,338.6,338.6,0.0,-338600.0,0.0
2019-02-06,14,0,111,19.02,19.02,0.0,-336.923819,0.0
2019-02-06,14,0,113,45.0,45.0,0.0,-11511.443249,0.0
2019-02-06,14,0,115,45.0,45.0,0.0,-11511.443249,0.0
2019-02-06,14,0,116,107.99,107.99,0.0,-107990.0,0.0
2019-02-06,14,0,117,3.0,3.0,0.0,-767.42955,0.0
2019-02-06,14,0,119,60.0,60.0,0.0,6975.564571,0.0
2019-02-06,14,0,120,35.28,35.28,0.0,4101.631967,0.0
2019-02-06,14,0,123,3.39,3.39,0.0,-94.149216,0.0
2019-02-06,14,0,125,66.79,66.79,0.0,-1854.933971,0.0
2019-02-06,14,0,126,152.59,152.59,0.0,-4237.825643,0.0
2019-02-06,14,0,127,195.82,195.82,0.0,-5438.436446,0.0
2019-02-06,14,0,128,92.7,92.7,0.0,-2574.52282,0.0
2019-02-06,14,0,131,30.0,30.0,0.0,-10970.053158,0.0
2019-02-06,14,0,132,44.1,44.1,0.0,-16125.978142,0.0
2019-02-06,14,0,133,41.94,41.94,0.0,141.671105,0.0
2019-02-06,14,0,134,0.0,0.0,0.0,0.0,0.0
2019-02-06,14,0,135,56.2,56.2,0.0,189.840631,0.0
2019-02-06,14,0,136,45.9,45.9,0.0,142.789053,0.0
2019-02-06,14,0,139,27.25,27.25,0.0,-482.71157,0.0
2019-02-06,14,0,140,250.6,250.6,0.0,-250600.0,0.0
2019-02-06,14,0,141,230.0,230.0,0.0,-126802.776115,0.0
2019-02-06,14,0,142,411.63,411.63,0.0,-226938.377096,0.0
2019-02-06,14,0,143,238.5,238.5,0.0,-6669.514126,0.0
2019-02-06,14,0,145,56.12,56.12,0.0,-1220.92281,0.0
2019-02-06,14,0,146,268.0,268.0,0.0,-268000.0,0.0
2019-02-06,14,0,152,9.54,9.54,0.0,-30.874258,0.0
2019-02-06,14,0,153,11.91,11.91,0.0,-42.089802,0.0
2019-02-06,14,0,154,78.48,78.48,0.0,-1390.209322,0.0
2019-02-06,14,0,157,250.0,250.0,0.0,-137829.104473,0.0
2019-02-06,14,0,158,395.92,395.92,0.0,-218277.196171,0.0
2019-02-06,14,0,159,0.0,0.0,0.0,-0.0,0.0
2019-02-06,14,0,160,2.81,2.81,0.0,-0.668344,0.0
2019-02-06,14,0,161,54.71,54.71,0.0,-22146.541549,0.0
2019-02-06,14,0,162,162.5,162.5,0.0,3291.839909,0.0
2019-02-06,14,0,163,130.61,130.61,0.0,-130610.0,0.0
2019-02-06,14,0,164,14.62,14.62,0.0,-408.839818,0.0
2019-02-06,14,0,167,6.21,6.21,0.0,100.597262,0.0
2019-02-06,14,0,168,3.11,3.11,0.0,50.379627,0.0
2019-02-06,14,0,169,0.0,0.0,0.0,0.0,0.0
2019-02-06,14,0,170,6.8,6.8,0.0,110.154812,0.0
2019-02-06,14,0,172,7.97,7.97,0.0,112.601751,0.0
2019-02-06,14,0,173,12.14,12.14,0.0,171.516344,0.0
2019-02-06,14,0,188,11.1,11.1,0.0,283.418292,0.0
2019-02-06,14,0,190,7.9,7.9,0.0,256.177701,0.0
2019-02-06,14,0,191,20.42,20.42,0.0,662.170716,0.0
2019-02-06,14,0,192,319.24,319.24,0.0,10352.173334,0.0
2019-02-06,14,0,194,52.95,52.95,0.0,-6497.240768,0.0
2019-02-06,14,0,196,5.38,5.38,0.0,1458.388841,0.0
2019-02-06,14,0,198,12.17,12.17,0.0,80.70272,0.0
2019-02-06,14,0,199,130.0,130.0,0.0,-3404.750805,0.0
2019-02-06,14,0,200,21.27,21.27,0.0,-557.069613,0.0
2019-02-06,14,0,204,236.65,236.65,0.0,-2846.453854,0.0
2019-02-06,14,0,205,295.18,295.18,0.0,-3318.050229,0.0
2019-02-06,14,0,206,745.19,745.19,0.0,-20988.171155,0.0
2019-02-06,14,0,210,2.6,2.6,0.0,16.266069,0.0
2019-02-06,14,0,214,15.83,15.83,0.0,198.560285,0.0
2019-02-06,14,0,217,10.36,10.36,0.0,103.479963,0.0
2019-02-06,14,0,218,14.29,14.29,0.0,142.734427,0.0
2019-02-06,14,0,219,9.73,9.73,0.0,97.187262,0.0
2019-02-06,14,0,221,8.44,8.44,0.0,105.86537,0.0
2019-02-06,14,0,225,7.87,7.87,0.0,39.044605,0.0
2019-02-06,14,0,233,9.18,9.18,0.0,83.795192,0.0
2019-02-06,14,0,236,159.05,159.05,0.0,28.12773,0.0
2019-02-06,14,0,237,391.54,391.54,0.0,-1340.433761,0.0
2019-02-06,14,0,238,100.15,100.15,0.0,210.804717,0.0
2019-02-06,14,0,240,14.0,14.0,0.0,-80.486923,0.0
2019-02-06,14,0,245,78.0,78.0,0.0,328.436078,0.0
2019-02-06,14,0,247,171.72,171.72,0.0,723.064659,0.0
2019-02-06,14,0,248,39.3,39.3,0.0,-134.543206,0.0
2019-02-06,14,0,249,150.0,150.0,0.0,631.607843,0.0
2019-02-06,14,0,251,326.4,326.4,0.0,895.001913,0.0
2019-02-06,14,0,252,267.06,267.06,0.0,834.197132,0.0
2019-02-06,14,0,254,19.94,19.94,0.0,-69.033966,0.0
2019-02-06,14,0,255,9.14,9.14,0.0,-31.643453,0.0
2019-02-06,14,0,258,17.11,17.11,0.0,-95.031458,0.0
2019-02-06,14,0,260,6.83,6.83,0.0,-1.62448,0.0
2019-02-06,14,0,265,81.25,81.25,0.0,-1439.277617,0.0
2019-02-06,14,0,266,17.65,17.65,0.0,-312.655384,0.0
2019-02-06,14,0,267,21.69,21.69,0.0,-384.220696,0.0
2019-02-06,14,0,270,454.05,454.05,0.0,-454050.0,0.0
2019-02-06,14,0,272,150.39,150.39,0.0,-38471.243339,0.0
2019-02-06,14,0,273,25.82,25.82,0.0,-25820.0,0.0
2019-02-06,14,0,274,605.65,605.65,0.0,-605650.0,0.0
2019-02-06,14,0,275,880.86,880.86,0.0,-880860.0,0.0
2019-02-06,14,0,276,5.47,5.47,0.0,-4922.006796,0.0
2019-02-06,14,0,277,5.89,5.89,0.0,-1567.57164,0.0
2019-02-06,14,0,278,9.42,9.42,0.0,-2507.050059,0.0
2019-02-06,14,0,279,264.6,264.6,0.0,-70420.960259,0.0
2019-02-06,14,0,281,56.1,56.1,0.0,-1568.803952,0.0
2019-02-06,14,0,282,214.62,214.62,0.0,-6001.723781,0.0
2019-02-06,15,0,9,2.45,2.45,0.0,-32.323212,0.0
2019-02-06,15,0,17,52.26,52.26,0.0,296.496011,0.0
2019-02-06,15,0,19,192.99,192.99,0.0,1094.924707,0.0
2019-02-06,15,0,20,234.06,234.06,0.0,1327.934489,0.0
2019-02-06,15,0,21,56.13,56.13,0.0,-740.531376,0.0
2019-02-06,15,0,22,199.48,199.48,0.0,-2631.769087,0.0
2019-02-06,15,0,23,32.64,32.64,0.0,-430.624338,0.0
2019-02-06,15,0,24,57.75,57.75,0.0,-761.904275,0.0
2019-02-06,15,0,29,8.17,8.17,0.0,52.077689,0.0
2019-02-06,15,0,30,378.49,378.49,0.0,-5037.359365,0.0
2019-02-06,15,0,31,125.0,125.0,0.0,-1663.636874,0.0
2019-02-06,15,0,32,5.31,5.31,0.0,238.214846,0.0
2019-02-06,15,0,33,3.13,3.13,0.0,28.7556,0.0
2019-02-06,15,0,34,5.01,5.01,0.0,46.027334,0.0
2019-02-06,15,0,35,5.01,5.01,0.0,46.027334,0.0
2019-02-06,15,0,36,12.02,12.02,0.0,1.363904,0.0
2019-02-06,15,0,37,5.76,5.76,0.0,0.127892,0.0
2019-02-06,15,0,38,7.41,7.41,0.0,0.164528,0.0
2019-02-06,15,0,39,4.94,4.94,0.0,0.109685,0.0
2019-02-06,15,0,40,4.94,4.94,0.0,0.109685,0.0
2019-02-06,15,0,41,44.95,44.95,0.0,-319.530026,0.0
2019-02-06,15,0,42,74.23,74.23,0.0,364.606679,0.0
2019-02-06,15,0,43,35.13,35.13,0.0,29.121831,0.0
2019-02-06,15,0,46,27.12,27.12,0.0,-33.616754,0.0
2019-02-06,15,0,52,132.5,132.5,0.0,-1763.455087,0.0
2019-02-06,15,0,53,210.5,210.5,0.0,-2801.564497,0.0
2019-02-06,15,0,55,623.0,623.0,0.0,-8219.330967,0.0
2019-02-06,15,0,56,111.64,111.64,0.0,-1485.827365,0.0
2019-02-06,15,0,57,106.19,106.19,0.0,-1413.292798,0.0
2019-02-06,15,0,58,204.22,204.22,0.0,-2717.98338,0.0
2019-02-06,15,0,59,200.82,200.82,0.0,-2672.732457,0.0
2019-02-06,15,0,63,51.0,51.0,0.0,5838.132241,0.0
2019-02-06,15,0,64,60.0,60.0,0.0,6868.390872,0.0
2019-02-06,15,0,65,41.4,41.4,0.0,229.024692,0.0
2019-02-06,15,0,67,302.45,302.45,0.0,-167513.049037,0.0
2019-02-06,15,0,68,34.0,34.0,0.0,-13877.596602,0.0
2019-02-06,15,0,69,3.13,3.13,0.0,28.7556,0.0
2019-02-06,15,0,74,217.6,217.6,0.0,337.07988,0.0
2019-02-06,15,0,77,60.0,60.0,0.0,-17167.427771,0.0
2019-02-06,15,0,78,45.36,45.36,0.0,-12978.575395,0.0
2019-02-06,15,0,79,26.25,26.25,0.0,-7510.74965,0.0
2019-02-06,15,0,80,42.45,42.45,0.0,-12145.955148,0.0
2019-02-06,15,0,81,55.5,55.5,0.0,-15879.870689,0.0
2019-02-06,15,0,82,39.15,39.15,0.0,-11201.746621,0.0
2019-02-06,15,0,83,87.3,87.3,0.0,-24978.607407,0.0
2019-02-06,15,0,84,0.0,0.0,0.0,0.0,0.0
2019-02-06,15,0,86,15.85,15.85,0.0,145.615418,0.0
2019-02-06,15,0,87,80.92,80.92,0.0,743.419534,0.0
2019-02-06,15,0,88,51.18,51.18,0.0,-14643.815889,0.0
2019-02-06,15,0,89,49.2,49.2,0.0,-14077.290773,0.0
2019-02-06,15,0,90,66.06,66.06,0.0,-18901.337976,0.0
2019-02-06,15,0,91,235.65,235.65,0.0,-67425.072572,0.0
2019-02-06,15,0,92,84.75,84.75,0.0,-24248.991727,0.0
2019-02-06,15,0,95,120.0,120.0,0.0,2333.493576,0.0
2019-02-06,15,0,96,29.88,29.88,0.0,-401.29651,0.0
2019-02-06,15,0,97,183.75,183.75,0.0,-2467.812372,0.0
2019-02-06,15,0,99,42.0,42.0,0.0,65.061374,0.0
2019-02-06,15,0,101,7.62,7.62,0.0,-101.415304,0.0
2019-02-06,15,0,102,80.5,80.5,0.0,-32857.250777,0.0
2019-02-06,15,0,103,70.0,70.0,0.0,-28571.522415,0.0
2019-02-06,15,0,104,13.0,13.0,0.0,-5306.139877,0.0
2019-02-06,15,0,106,196.37,196.37,0.0,-2590.738398,0.0
2019-02-06,15,0,109,58.79,58.79,0.0,-188.224193,0.0
2019-02-06,15,0,110,338.6,338.6,0.0,-338600.0,0.0
2019-02-06,15,0,111,18.26,18.26,0.0,-129.802409,0.0
2019-02-06,15,0,113,45.0,45.0,0.0,-11651.275655,0.0
2019-02-06,15,0,115,45.0,45.0,0.0,-11651.275655,0.0
2019-02-06,15,0,116,103.71,103.71,0.0,-103710.0,0.0
2019-02-06,15,0,117,3.0,3.0,0.0,-776.75171,0.0
2019-02-06,15,0,119,60.0,60.0,0.0,6868.390872,0.0
2019-02-06,15,0,120,35.28,35.28,0.0,4038.613833,0.0
2019-02-06,15,0,123,3.27,3.27,0.0,-43.141593,0.0
2019-02-06,15,0,125,52.26,52.26,0.0,-689.473895,0.0
2019-02-06,15,0,126,147.28,147.28,0.0,-1943.086782,0.0
2019-02-06,15,0,127,189.01,189.01,0.0,-2493.636832,0.0
2019-02-06,15,0,128,74.85,74.85,0.0,-987.507099,0.0
2019-02-06,15,0,131,73.62,73.62,0.0,-27184.592741,0.0
2019-02-06,15,0,132,108.35,108.35,0.0,-40008.837592,0.0
2019-02-06,15,0,133,41.94,41.94,0.0,238.504757,0.0
2019-02-06,15,0,134,0.0,0.0,0.0,0.0,0.0
2019-02-06,15,0,135,56.2,56.2,0.0,319.598649,0.0
2019-02-06,15,0,136,45.9,45.9,0.0,253.562173,0.0
2019-02-06,15,0,139,58.45,58.45,0.0,-415.495662,0.0
2019-02-06,15,0,140,250.6,250.6,0.0,-250600.0,0.0
2019-02-06,15,0,141,230.0,230.0,0.0,-127386.349077,0.0
2019-02-06,15,0,142,398.85,398.85,0.0,-220904.544911,0.0
2019-02-06,15,0,143,238.5,238.5,0.0,-3174.219156,0.0
2019-02-06,15,0,145,30.0,30.0,0.0,-286.695492,0.0
2019-02-06,15,0,146,268.0,268.0,0.0,-268000.0,0.0
2019-02-06,15,0,152,9.2,9.2,0.0,15.261841,0.0
2019-02-06,15,0,153,11.5,11.5,0.0,16.992124,0.0
2019-02-06,15,0,154,75.33,75.33,0.0,-535.48825,0.0
2019-02-06,15,0,157,250.0,250.0,0.0,-138463.42291,0.0
2019-02-06,15,0,158,380.51,380.51,0.0,-210746.868206,0.0
2019-02-06,15,0,159,0.0,0.0,0.0,0.0,0.0
2019-02-06,15,0,160,2.67,2.67,0.0,9.093893,0.0
2019-02-06,15,0,161,52.52,52.52,0.0,-21436.805104,0.0
2019-02-06,15,0,162,162.5,162.5,0.0,3289.949787,0.0
2019-02-06,15,0,163,142.89,142.89,0.0,-142890.0,0.0
2019-02-06,15,0,164,13.82,13.82,0.0,-183.931693,0.0
2019-02-06,15,0,167,5.86,5.86,0.0,95.308305,0.0
2019-02-06,15,0,168,2.93,2.93,0.0,47.654153,0.0
2019-02-06,15,0,169,0.0,0.0,0.0,0.0,0.0
2019-02-06,15,0,170,6.4,6.4,0.0,104.090982,0.0
2019-02-06,15,0,172,7.58,7.58,0.0,109.449278,0.0
2019-02-06,15,0,173,11.56,11.56,0.0,166.917369,0.0
2019-02-06,15,0,188,10.7,10.7,0.0,264.692649,0.0
2019-02-06,15,0,190,7.45,7.45,0.0,241.585301,0.0
2019-02-06,15,0,191,19.25,19.25,0.0,624.230475,0.0
2019-02-06,15,0,192,332.6,332.6,0.0,10785.405497,0.0
2019-02-06,15,0,194,52.95,52.95,0.0,-6623.430393,0.0
2019-02-06,15,0,196,5.11,5.11,0.0,1371.64933,0.0
2019-02-06,15,0,198,11.71,11.71,0.0,87.728074,0.0
2019-02-06,15,0,199,130.0,130.0,0.0,-3569.23144,0.0
2019-02-06,15,0,200,20.43,20.43,0.0,-560.918449,0.0
2019-02-06,15,0,204,246.76,246.76,0.0,-907.90486,0.0
2019-02-06,15,0,205,310.98,310.98,0.0,-995.64483,0.0
2019-02-06,15,0,206,539.94,539.94,0.0,-7251.540746,0.0
2019-02-06,15,0,210,2.49,2.49,0.0,17.717561,0.0
2019-02-06,15,0,214,15.41,15.41,0.0,173.612003,0.0
2019-02-06,15,0,217,9.95,9.95,0.0,95.131776,0.0
2019-02-06,15,0,218,13.74,13.74,0.0,131.3679,0.0
2019-02-06,15,0,219,9.36,9.36,0.0,89.490797,0.0
2019-02-06,15,0,221,8.22,8.22,0.0,92.60809,0.0
2019-02-06,15,0,225,7.37,7.37,0.0,46.450719,0.0
2019-02-06,15,0,233,8.97,8.97,0.0,82.408221,0.0
2019-02-06,15,0,236,179.56,179.56,0.0,671.156525,0.0
2019-02-06,15,0,237,522.0,522.0,0.0,808.619934,0.0
2019-02-06,15,0,238,96.61,96.61,0.0,474.533898,0.0
2019-02-06,15,0,240,13.63,13.63,0.0,1.54659,0.0
2019-02-06,15,0,245,78.0,78.0,0.0,483.112364,0.0
2019-02-06,15,0,247,171.72,171.72,0.0,1063.59045,0.0
2019-02-06,15,0,248,52.4,52.4,0.0,81.171809,0.0
2019-02-06,15,0,249,150.0,150.0,0.0,929.062238,0.0
2019-02-06,15,0,251,326.4,326.4,0.0,1729.824737,0.0
2019-02-06,15,0,252,267.06,267.06,0.0,1477.375224,0.0
2019-02-06,15,0,254,19.73,19.73,0.0,29.114153,0.0
2019-02-06,15,0,255,9.05,9.05,0.0,13.354439,0.0
2019-02-06,15,0,258,16.55,16.55,0.0,3.790434,0.0
2019-02-06,15,0,260,6.5,6.5,0.0,22.138691,0.0
2019-02-06,15,0,265,77.99,77.99,0.0,-554.397035,0.0
2019-02-06,15,0,266,37.38,37.38,0.0,-265.718184,0.0
2019-02-06,15,0,267,46.23,46.23,0.0,-328.62899,0.0
2019-02-06,15,0,270,466.38,466.38,0.0,-466380.0,0.0
2019-02-06,15,0,272,150.39,150.39,0.0,-38938.56324,0.0
2019-02-06,15,0,273,24.8,24.8,0.0,-24800.0,0.0
2019-02-06,15,0,274,614.3,614.3,0.0,-614300.0,0.0
2019-02-06,15,0,275,881.73,881.73,0.0,-881730.0,0.0
2019-02-06,15,0,276,5.28,5.28,0.0,-4754.032518,0.0
2019-02-06,15,0,277,5.62,5.62,0.0,-1516.415295,0.0
2019-02-06,15,0,278,9.0,9.0,0.0,-2428.423069,0.0
2019-02-06,15,0,279,264.6,264.6,0.0,-71395.638243,0.0
2019-02-06,15,0,281,56.1,56.1,0.0,-746.640229,0.0
2019-02-06,15,0,282,207.62,207.62,0.0,-2763.234303,0.0
2019-02-06,16,0,9,2.45,2.45,0.0,-68.878422,0.0
2019-02-06,16,0,17,44.76,44.76,0.0,126.766893,0.0
2019-02-06,16,0,19,332.0,332.0,0.0,940.272754,0.0
2019-02-06,16,0,20,419.03,419.03,0.0,1186.754495,0.0
2019-02-06,16,0,21,56.04,56.04,0.0,-1575.488469,0.0
2019-02-06,16,0,22,199.16,199.16,0.0,-5599.112841,0.0
2019-02-06,16,0,23,32.64,32.64,0.0,-917.629258,0.0
2019-02-06,16,0,24,57.75,57.75,0.0,-1623.562796,0.0
2019-02-06,16,0,29,6.75,6.75,0.0,35.236405,0.0
2019-02-06,16,0,30,451.55,451.55,0.0,-12781.046699,0.0
2019-02-06,16,0,31,125.0,125.0,0.0,-3538.103947,0.0
2019-02-06,16,0,32,4.08,4.08,0.0,187.304192,0.0
2019-02-06,16,0,33,2.76,2.76,0.0,23.577818,0.0
2019-02-06,16,0,34,4.42,4.42,0.0,37.75868,0.0
2019-02-06,16,0,35,4.42,4.42,0.0,37.75868,0.0
2019-02-06,16,0,36,10.77,10.77,0.0,-66.179882,0.0
2019-02-06,16,0,37,5.14,5.14,0.0,-32.297524,0.0
2019-02-06,16,0,38,6.61,6.61,0.0,-41.534365,0.0
2019-02-06,16,0,39,4.41,4.41,0.0,-27.710522,0.0
2019-02-06,16,0,40,4.41,4.41,0.0,-27.710522,0.0
2019-02-06,16,0,41,77.71,77.71,0.0,-1406.029335,0.0
2019-02-06,16,0,42,66.72,66.72,0.0,106.371816,0.0
2019-02-06,16,0,43,31.8,31.8,0.0,-156.340914,0.0
2019-02-06,16,0,46,24.13,24.13,0.0,-201.59952,0.0
2019-02-06,16,0,52,132.5,132.5,0.0,-3750.390184,0.0
2019-02-06,16,0,53,210.5,210.5,0.0,-5958.167047,0.0
2019-02-06,16,0,55,623.0,623.0,0.0,-17514.798653,0.0
2019-02-06,16,0,56,133.19,133.19,0.0,-3769.920518,0.0
2019-02-06,16,0,57,126.69,126.69,0.0,-3585.939113,0.0
2019-02-06,16,0,58,243.64,243.64,0.0,-6896.189166,0.0
2019-02-06,16,0,59,239.58,239.58,0.0,-6781.27155,0.0
2019-02-06,16,0,63,51.0,51.0,0.0,5915.314367,0.0
2019-02-06,16,0,64,60.0,60.0,0.0,6959.193373,0.0
2019-02-06,16,0,65,41.4,41.4,0.0,107.731175,0.0
2019-02-06,16,0,67,276.11,276.11,0.0,-152262.30103,0.0
2019-02-06,16,0,68,34.0,34.0,0.0,-13769.419092,0.0
2019-02-06,16,0,69,2.76,2.76,0.0,23.577818,0.0
2019-02-06,16,0,74,134.72,134.72,0.0,-522.693692,0.0
2019-02-06,16,0,77,60.0,60.0,0.0,-16908.289396,0.0
2019-02-06,16,0,78,45.36,45.36,0.0,-12782.666784,0.0
2019-02-06,16,0,79,26.25,26.25,0.0,-7397.376611,0.0
2019-02-06,16,0,80,42.45,42.45,0.0,-11962.614748,0.0
2019-02-06,16,0,81,55.5,55.5,0.0,-15640.167692,0.0
2019-02-06,16,0,82,39.15,39.15,0.0,-11032.658831,0.0
2019-02-06,16,0,83,87.3,87.3,0.0,-24601.561072,0.0
2019-02-06,16,0,84,0.0,0.0,0.0,-0.0,0.0
2019-02-06,16,0,86,13.99,13.99,0.0,119.512201,0.0
2019-02-06,16,0,87,71.43,71.43,0.0,610.204182,0.0
2019-02-06,16,0,88,51.18,51.18,0.0,-14422.770855,0.0
2019-02-06,16,0,89,49.2,49.2,0.0,-13864.797305,0.0
2019-02-06,16,0,90,66.06,66.06,0.0,-18616.026625,0.0
2019-02-06,16,0,91,235.65,235.65,0.0,-66407.306604,0.0
2019-02-06,16,0,92,84.75,84.75,0.0,-23882.958772,0.0
2019-02-06,16,0,95,120.0,120.0,0.0,2333.493576,0.0
2019-02-06,16,0,96,29.88,29.88,0.0,-851.718763,0.0
2019-02-06,16,0,97,183.75,183.75,0.0,-5237.72834,0.0
2019-02-06,16,0,99,29.54,29.54,0.0,-114.610835,0.0
2019-02-06,16,0,101,9.1,9.1,0.0,-257.573967,0.0
2019-02-06,16,0,102,80.5,80.5,0.0,-32601.124614,0.0
2019-02-06,16,0,103,70.0,70.0,0.0,-28348.804012,0.0
2019-02-06,16,0,104,13.0,13.0,0.0,-5264.777888,0.0
2019-02-06,16,0,106,196.06,196.06,0.0,-5511.960552,0.0
2019-02-06,16,0,109,60.0,60.0,0.0,-697.693971,0.0
2019-02-06,16,0,110,338.6,338.6,0.0,-338600.0,0.0
2019-02-06,16,0,111,15.14,15.14,0.0,-273.932366,0.0
2019-02-06,16,0,113,45.0,45.0,0.0,-11521.455396,0.0
2019-02-06,16,0,115,45.0,45.0,0.0,-11521.455396,0.0
2019-02-06,16,0,116,92.15,92.15,0.0,-92150.0,0.0
2019-02-06,16,0,117,3.0,3.0,0.0,-768.097026,0.0
2019-02-06,16,0,119,60.0,60.0,0.0,6959.193373,0.0
2019-02-06,16,0,120,35.28,35.28,0.0,4092.005703,0.0
2019-02-06,16,0,123,3.27,3.27,0.0,-91.931608,0.0
2019-02-06,16,0,125,52.26,52.26,0.0,-1469.218905,0.0
2019-02-06,16,0,126,147.04,147.04,0.0,-4133.829846,0.0
2019-02-06,16,0,127,188.7,188.7,0.0,-5305.04415,0.0
2019-02-06,16,0,128,74.85,74.85,0.0,-2104.306066,0.0
2019-02-06,16,0,131,30.0,30.0,0.0,-10975.940186,0.0
2019-02-06,16,0,132,44.1,44.1,0.0,-16134.632074,0.0
2019-02-06,16,0,133,50.5,50.5,0.0,144.117462,0.0
2019-02-06,16,0,134,0.0,0.0,0.0,0.0,0.0
2019-02-06,16,0,135,64.2,64.2,0.0,183.214675,0.0
2019-02-06,16,0,136,45.9,45.9,0.0,118.861667,0.0
2019-02-06,16,0,139,101.2,101.2,0.0,-1831.040648,0.0
2019-02-06,16,0,140,250.6,250.6,0.0,-250600.0,0.0
2019-02-06,16,0,141,230.0,230.0,0.0,-126834.700796,0.0
2019-02-06,16,0,142,364.12,364.12,0.0,-200795.875017,0.0
2019-02-06,16,0,143,238.5,238.5,0.0,-6750.702331,0.0
2019-02-06,16,0,145,30.0,30.0,0.0,-663.407368,0.0
2019-02-06,16,0,146,268.0,268.0,0.0,-268000.0,0.0
2019-02-06,16,0,152,8.23,8.23,0.0,-30.345765,0.0
2019-02-06,16,0,153,10.17,10.17,0.0,-40.492397,0.0
2019-02-06,16,0,154,62.44,62.44,0.0,-1129.744842,0.0
2019-02-06,16,0,157,250.0,250.0,0.0,-137863.805213,0.0
2019-02-06,16,0,158,270.69,270.69,0.0,-149273.413733,0.0
2019-02-06,16,0,159,0.0,0.0,0.0,-0.0,0.0
2019-02-06,16,0,160,2.45,2.45,0.0,-1.421309,0.0
2019-02-06,16,0,161,48.31,48.31,0.0,-19564.724598,0.0
2019-02-06,16,0,162,162.5,162.5,0.0,3291.79591,0.0
2019-02-06,16,0,163,146.36,146.36,0.0,-146360.0,0.0
2019-02-06,16,0,164,15.32,15.32,0.0,-433.63002,0.0
2019-02-06,16,0,167,4.7,4.7,0.0,76.193816,0.0
2019-02-06,16,0,168,2.35,2.35,0.0,38.096908,0.0
2019-02-06,16,0,169,0.0,0.0,0.0,0.0,0.0
2019-02-06,16,0,170,5.14,5.14,0.0,83.326854,0.0
2019-02-06,16,0,172,6.28,6.28,0.0,87.625848,0.0
2019-02-06,16,0,173,9.57,9.57,0.0,133.531745,0.0
2019-02-06,16,0,188,8.24,8.24,0.0,208.460427,0.0
2019-02-06,16,0,190,7.19,7.19,0.0,233.154136,0.0
2019-02-06,16,0,191,18.57,18.57,0.0,602.179736,0.0
2019-02-06,16,0,192,332.6,332.6,0.0,10785.405497,0.0
2019-02-06,16,0,194,52.95,52.95,0.0,-6510.653141,0.0
2019-02-06,16,0,196,4.34,4.34,0.0,1175.047507,0.0
2019-02-06,16,0,198,10.47,10.47,0.0,66.88151,0.0
2019-02-06,16,0,199,130.0,130.0,0.0,-3470.023765,0.0
2019-02-06,16,0,200,16.11,16.11,0.0,-430.016022,0.0
2019-02-06,16,0,204,257.1,257.1,0.0,-3190.640536,0.0
2019-02-06,16,0,205,317.4,317.4,0.0,-3690.801109,0.0
2019-02-06,16,0,206,539.94,539.94,0.0,-15390.797495,0.0
2019-02-06,16,0,210,2.22,2.22,0.0,14.114245,0.0
2019-02-06,16,0,214,13.05,13.05,0.0,155.574913,0.0
2019-02-06,16,0,217,8.57,8.57,0.0,83.039352,0.0
2019-02-06,16,0,218,11.83,11.83,0.0,114.62725,0.0
2019-02-06,16,0,219,8.06,8.06,0.0,78.097687,0.0
2019-02-06,16,0,221,6.96,6.96,0.0,82.973287,0.0
2019-02-06,16,0,225,6.22,6.22,0.0,31.786381,0.0
2019-02-06,16,0,233,7.92,7.92,0.0,67.658086,0.0
2019-02-06,16,0,236,159.03,159.03,0.0,-49.698687,0.0
2019-02-06,16,0,237,308.11,308.11,0.0,-1195.421269,0.0
2019-02-06,16,0,238,86.85,86.85,0.0,138.465111,0.0
2019-02-06,16,0,240,12.21,12.21,0.0,-75.028446,0.0
2019-02-06,16,0,245,78.0,78.0,0.0,286.862196,0.0
2019-02-06,16,0,247,171.72,171.72,0.0,631.538158,0.0
2019-02-06,16,0,248,36.28,36.28,0.0,-140.761039,0.0
2019-02-06,16,0,249,150.0,150.0,0.0,551.65807,0.0
2019-02-06,16,0,251,326.4,326.4,0.0,726.132782,0.0
2019-02-06,16,0,252,267.06,267.06,0.0,694.944143,0.0
2019-02-06,16,0,254,17.49,17.49,0.0,-66.956285,0.0
2019-02-06,16,0,255,8.02,8.02,0.0,-30.702653,0.0
2019-02-06,16,0,258,14.92,14.92,0.0,-88.720741,0.0
2019-02-06,16,0,260,5.96,5.96,0.0,-3.457551,0.0
2019-02-06,16,0,265,64.64,64.64,0.0,-1169.550074,0.0
2019-02-06,16,0,266,64.53,64.53,0.0,-1167.559812,0.0
2019-02-06,16,0,267,79.94,79.94,0.0,-1446.377365,0.0
2019-02-06,16,0,270,395.58,395.58,0.0,-395580.0,0.0
2019-02-06,16,0,272,150.39,150.39,0.0,-38504.703934,0.0
2019-02-06,16,0,273,22.04,22.04,0.0,-22040.0,0.0
2019-02-06,16,0,274,493.67,493.67,0.0,-493670.0,0.0
2019-02-06,16,0,275,661.83,661.83,0.0,-661830.0,0.0
2019-02-06,16,0,276,4.54,4.54,0.0,-4085.316361,0.0
2019-02-06,16,0,277,4.61,4.61,0.0,-1227.9424,0.0
2019-02-06,16,0,278,7.38,7.38,0.0,-1965.773299,0.0
2019-02-06,16,0,279,604.22,604.22,0.0,-160943.02751,0.0
2019-02-06,16,0,281,56.1,56.1,0.0,-1587.901052,0.0
2019-02-06,16,0,282,247.7,247.7,0.0,-7011.106782,0.0
2019-02-06,17,0,9,1.78,1.78,0.0,-17.236348,0.0
2019-02-06,17,0,17,32.91,32.91,0.0,194.132485,0.0
2019-02-06,17,0,19,284.63,284.63,0.0,1679.001195,0.0
2019-02-06,17,0,20,342.76,342.76,0.0,2021.903698,0.0
2019-02-06,17,0,21,40.76,40.76,0.0,-394.693007,0.0
2019-02-06,17,0,22,144.85,144.85,0.0,-1402.632042,0.0
2019-02-06,17,0,23,47.2,47.2,0.0,-457.053727,0.0
2019-02-06,17,0,24,83.96,83.96,0.0,-813.013367,0.0
2019-02-06,17,0,29,4.75,4.75,0.0,30.815424,0.0
2019-02-06,17,0,30,326.26,326.26,0.0,-3190.511872,0.0
2019-02-06,17,0,31,125.0,125.0,0.0,-1222.380874,0.0
2019-02-06,17,0,32,2.76,2.76,0.0,122.847186,0.0
2019-02-06,17,0,33,2.0,2.0,0.0,17.607662,0.0
2019-02-06,17,0,34,3.2,3.2,0.0,28.172259,0.0
2019-02-06,17,0,35,3.2,3.2,0.0,28.172259,0.0
2019-02-06,17,0,36,7.69,7.69,0.0,9.986798,0.0
2019-02-06,17,0,37,3.7,3.7,0.0,4.523884,0.0
2019-02-06,17,0,38,4.76,4.76,0.0,5.819915,0.0
2019-02-06,17,0,39,3.17,3.17,0.0,3.875868,0.0
2019-02-06,17,0,40,3.17,3.17,0.0,3.875868,0.0
2019-02-06,17,0,41,31.72,31.72,0.0,-147.824057,0.0
2019-02-06,17,0,42,48.42,48.42,0.0,255.134724,0.0
2019-02-06,17,0,43,22.74,22.74,0.0,42.898966,0.0
2019-02-06,17,0,46,17.26,17.26,0.0,3.1181,0.0
2019-02-06,17,0,52,132.5,132.5,0.0,-1295.723727,0.0
2019-02-06,17,0,53,210.5,210.5,0.0,-2058.489392,0.0
2019-02-06,17,0,55,623.0,623.0,0.0,-6032.721866,0.0
2019-02-06,17,0,56,96.23,96.23,0.0,-941.037692,0.0
2019-02-06,17,0,57,91.54,91.54,0.0,-895.173962,0.0
2019-02-06,17,0,58,176.04,176.04,0.0,-1721.503433,0.0
2019-02-06,17,0,59,173.1,173.1,0.0,-1692.753035,0.0
2019-02-06,17,0,63,95.49,95.49,0.0,10887.025378,0.0
2019-02-06,17,0,64,112.31,112.31,0.0,12804.710652,0.0
2019-02-06,17,0,65,41.4,41.4,0.0,239.371411,0.0
2019-02-06,17,0,67,199.96,199.96,0.0,-110881.42394,0.0
2019-02-06,17,0,68,19.11,19.11,0.0,-7816.866673,0.0
2019-02-06,17,0,69,2.0,2.0,0.0,17.607662,0.0
2019-02-06,17,0,74,104.24,104.24,0.0,259.502578,0.0
2019-02-06,17,0,77,60.0,60.0,0.0,-17238.970168,0.0
2019-02-06,17,0,78,45.36,45.36,0.0,-13032.661447,0.0
2019-02-06,17,0,79,26.25,26.25,0.0,-7542.049448,0.0
2019-02-06,17,0,80,42.45,42.45,0.0,-12196.571394,0.0
2019-02-06,17,0,81,55.5,55.5,0.0,-15946.047405,0.0
2019-02-06,17,0,82,39.15,39.15,0.0,-11248.428035,0.0
2019-02-06,17,0,83,87.3,87.3,0.0,-25082.701594,0.0
2019-02-06,17,0,84,0.0,0.0,0.0,0.0,0.0
2019-02-06,17,0,86,10.14,10.14,0.0,89.270845,0.0
2019-02-06,17,0,87,51.76,51.76,0.0,455.686285,0.0
2019-02-06,17,0,88,51.18,51.18,0.0,-14704.841553,0.0
2019-02-06,17,0,89,49.2,49.2,0.0,-14135.955538,0.0
2019-02-06,17,0,90,66.06,66.06,0.0,-18980.106155,0.0
2019-02-06,17,0,91,235.65,235.65,0.0,-67706.055335,0.0
2019-02-06,17,0,92,84.75,84.75,0.0,-24350.045362,0.0
2019-02-06,17,0,95,112.53,112.53,0.0,2188.233601,0.0
2019-02-06,17,0,96,29.88,29.88,0.0,-295.186566,0.0
2019-02-06,17,0,97,183.75,183.75,0.0,-1815.27883,0.0
2019-02-06,17,0,99,21.2,21.2,0.0,52.77681,0.0
2019-02-06,17,0,101,6.57,6.57,0.0,-64.248339,0.0
2019-02-06,17,0,102,45.19,45.19,0.0,-18484.783096,0.0
2019-02-06,17,0,103,39.3,39.3,0.0,-16075.502892,0.0
2019-02-06,17,0,104,7.33,7.33,0.0,-2998.306265,0.0
2019-02-06,17,0,106,142.6,142.6,0.0,-1380.844523,0.0
2019-02-06,17,0,109,44.35,44.35,0.0,-63.718338,0.0
2019-02-06,17,0,110,338.6,338.6,0.0,-338600.0,0.0
2019-02-06,17,0,111,11.43,11.43,0.0,-53.266992,0.0
2019-02-06,17,0,113,45.0,45.0,0.0,-11687.634494,0.0
2019-02-06,17,0,115,45.0,45.0,0.0,-11687.634494,0.0
2019-02-06,17,0,116,66.38,66.38,0.0,-66380.0,0.0
2019-02-06,17,0,117,3.0,3.0,0.0,-779.175633,0.0
2019-02-06,17,0,119,112.31,112.31,0.0,12804.710652,0.0
2019-02-06,17,0,120,66.1,66.1,0.0,7536.206697,0.0
2019-02-06,17,0,123,2.38,2.38,0.0,-23.046353,0.0
2019-02-06,17,0,125,75.89,75.89,0.0,-734.8688,0.0
2019-02-06,17,0,126,106.95,106.95,0.0,-1035.633393,0.0
2019-02-06,17,0,127,137.25,137.25,0.0,-1329.038646,0.0
2019-02-06,17,0,128,109.23,109.23,0.0,-1057.711412,0.0
2019-02-06,17,0,131,30.0,30.0,0.0,-11105.842349,0.0
2019-02-06,17,0,132,44.1,44.1,0.0,-16325.588253,0.0
2019-02-06,17,0,133,111.85,111.85,0.0,661.02355,0.0
2019-02-06,17,0,134,0.0,0.0,0.0,0.0,0.0
2019-02-06,17,0,135,146.43,146.43,0.0,865.388274,0.0
2019-02-06,17,0,136,45.9,45.9,0.0,265.095294,0.0
2019-02-06,17,0,139,40.96,40.96,0.0,-190.885037,0.0
2019-02-06,17,0,140,250.6,250.6,0.0,-250600.0,0.0
2019-02-06,17,0,141,230.0,230.0,0.0,-127539.145361,0.0
2019-02-06,17,0,142,263.7,263.7,0.0,-146226.402746,0.0
2019-02-06,17,0,143,238.5,238.5,0.0,-2332.302708,0.0
2019-02-06,17,0,145,30.0,30.0,0.0,-200.453717,0.0
2019-02-06,17,0,146,268.0,268.0,0.0,-268000.0,0.0
2019-02-06,17,0,152,5.95,5.95,0.0,15.347778,0.0
2019-02-06,17,0,153,7.33,7.33,0.0,17.808449,0.0
2019-02-06,17,0,154,47.17,47.17,0.0,-219.825371,0.0
2019-02-06,17,0,157,250.0,250.0,0.0,-138629.505827,0.0
2019-02-06,17,0,158,200.19,200.19,0.0,-111008.963086,0.0
2019-02-06,17,0,159,0.0,0.0,0.0,0.0,0.0
2019-02-06,17,0,160,1.77,1.77,0.0,7.095295,0.0
2019-02-06,17,0,161,34.62,34.62,0.0,-14161.168197,0.0
2019-02-06,17,0,162,107.11,107.11,0.0,2168.210655,0.0
2019-02-06,17,0,163,185.4,185.4,0.0,-185400.0,0.0
2019-02-06,17,0,164,11.21,11.21,0.0,-109.623117,0.0
2019-02-06,17,0,167,3.21,3.21,0.0,52.26195,0.0
2019-02-06,17,0,168,1.6,1.6,0.0,26.04957,0.0
2019-02-06,17,0,169,0.0,0.0,0.0,0.0,0.0
2019-02-06,17,0,170,3.51,3.51,0.0,57.146245,0.0
2019-02-06,17,0,172,4.3,4.3,0.0,62.432803,0.0
2019-02-06,17,0,173,6.55,6.55,0.0,95.101131,0.0
2019-02-06,17,0,188,5.54,5.54,0.0,135.912102,0.0
2019-02-06,17,0,190,5.05,5.05,0.0,163.759163,0.0
2019-02-06,17,0,191,13.04,13.04,0.0,422.855345,0.0
2019-02-06,17,0,192,332.6,332.6,0.0,10785.405497,0.0
2019-02-06,17,0,194,52.95,52.95,0.0,-6655.77253,0.0
2019-02-06,17,0,196,3.13,3.13,0.0,838.021815,0.0
2019-02-06,17,0,198,7.4,7.4,0.0,54.523099,0.0
2019-02-06,17,0,199,130.0,130.0,0.0,-3591.832202,0.0
2019-02-06,17,0,200,11.31,11.31,0.0,-312.489402,0.0
2019-02-06,17,0,204,193.19,193.19,0.0,-353.792593,0.0
2019-02-06,17,0,205,234.59,234.59,0.0,-337.039117,0.0
2019-02-06,17,0,206,539.94,539.94,0.0,-5334.104227,0.0
2019-02-06,17,0,210,1.57,1.57,0.0,11.171313,0.0
2019-02-06,17,0,214,9.16,9.16,0.0,96.388657,0.0
2019-02-06,17,0,217,5.96,5.96,0.0,54.321441,0.0
2019-02-06,17,0,218,8.23,8.23,0.0,75.010983,0.0
2019-02-06,17,0,219,5.61,5.61,0.0,51.131423,0.0
2019-02-06,17,0,221,4.89,4.89,0.0,51.45639,0.0
2019-02-06,17,0,225,4.41,4.41,0.0,28.342219,0.0
2019-02-06,17,0,233,5.74,5.74,0.0,50.533989,0.0
2019-02-06,17,0,236,159.03,159.03,0.0,683.581654,0.0
2019-02-06,17,0,237,257.58,257.58,0.0,641.238239,0.0
2019-02-06,17,0,238,63.02,63.02,0.0,332.065062,0.0
2019-02-06,17,0,240,8.71,8.71,0.0,11.311445,0.0
2019-02-06,17,0,245,78.0,78.0,0.0,493.664498,0.0
2019-02-06,17,0,247,171.72,171.72,0.0,1086.82138,0.0
2019-02-06,17,0,248,26.21,26.21,0.0,65.249065,0.0
2019-02-06,17,0,249,150.0,150.0,0.0,949.354804,0.0
2019-02-06,17,0,251,326.4,326.4,0.0,1824.533247,0.0
2019-02-06,17,0,252,267.06,267.06,0.0,1544.11906,0.0
2019-02-06,17,0,254,12.38,12.38,0.0,29.947455,0.0
2019-02-06,17,0,255,5.67,5.67,0.0,13.715838,0.0
2019-02-06,17,0,258,10.69,10.69,0.0,14.89771,0.0
2019-02-06,17,0,260,4.29,4.29,0.0,17.197071,0.0
2019-02-06,17,0,265,48.84,48.84,0.0,-227.608037,0.0
2019-02-06,17,0,266,26.52,26.52,0.0,-123.590605,0.0
2019-02-06,17,0,267,32.59,32.59,0.0,-151.8785,0.0
2019-02-06,17,0,270,578.99,578.99,0.0,-578990.0,0.0
2019-02-06,17,0,272,150.39,150.39,0.0,-39060.07448,0.0
2019-02-06,17,0,273,15.87,15.87,0.0,-15870.0,0.0
2019-02-06,17,0,274,746.39,746.39,0.0,-746390.0,0.0
2019-02-06,17,0,275,1038.99,1038.99,0.0,-1038990.0,0.0
2019-02-06,17,0,276,3.24,3.24,0.0,-2917.72782,0.0
2019-02-06,17,0,277,3.36,3.36,0.0,-909.843888,0.0
2019-02-06,17,0,278,5.37,5.37,0.0,-1454.1255,0.0
2019-02-06,17,0,279,264.6,264.6,0.0,-71650.206197,0.0
2019-02-06,17,0,281,56.1,56.1,0.0,-548.604536,0.0
2019-02-06,17,0,282,178.97,178.97,0.0,-1750.156041,0.0
2019-02-06,18,0,9,1.08,1.08,0.0,2.945492,0.0
2019-02-06,18,0,17,18.78,18.78,0.0,171.728719,0.0
2019-02-06,18,0,19,332.94,332.94,0.0,3044.481347,0.0
2019-02-06,18,0,20,405.43,405.43,0.0,3707.346887,0.0
2019-02-06,18,0,21,24.72,24.72,0.0,67.419033,0.0
2019-02-06,18,0,22,87.84,87.84,0.0,239.56666,0.0
2019-02-06,18,0,23,94.93,94.93,0.0,258.903268,0.0
2019-02-06,18,0,24,168.46,168.46,0.0,459.442163,0.0
2019-02-06,18,0,29,2.46,2.46,0.0,17.652869,0.0
2019-02-06,18,0,30,200.18,200.18,0.0,538.402669,0.0
2019-02-06,18,0,31,92.34,92.34,0.0,248.356991,0.0
2019-02-06,18,0,32,1.46,1.46,0.0,67.645682,0.0
2019-02-06,18,0,33,1.13,1.13,0.0,11.784904,0.0
2019-02-06,18,0,34,1.81,1.81,0.0,18.876705,0.0
2019-02-06,18,0,35,1.81,1.81,0.0,18.876705,0.0
2019-02-06,18,0,36,4.4,4.4,0.0,30.841658,0.0
2019-02-06,18,0,37,2.12,2.12,0.0,14.754569,0.0
2019-02-06,18,0,38,2.73,2.73,0.0,18.999988,0.0
2019-02-06,18,0,39,1.82,1.82,0.0,12.666658,0.0
2019-02-06,18,0,40,1.82,1.82,0.0,12.666658,0.0
2019-02-06,18,0,41,30.71,30.71,0.0,145.203314,0.0
2019-02-06,18,0,42,29.08,29.08,0.0,257.815029,0.0
2019-02-06,18,0,43,12.88,12.88,0.0,92.210319,0.0
2019-02-06,18,0,46,9.8,9.8,0.0,64.025719,0.0
2019-02-06,18,0,52,97.89,97.89,0.0,263.28423,0.0
2019-02-06,18,0,53,155.55,155.55,0.0,418.366146,0.0
2019-02-06,18,0,55,460.54,460.54,0.0,1256.034036,0.0
2019-02-06,18,0,56,59.05,59.05,0.0,158.820449,0.0
2019-02-06,18,0,57,56.17,56.17,0.0,151.074422,0.0
2019-02-06,18,0,58,108.01,108.01,0.0,290.502909,0.0
2019-02-06,18,0,59,106.21,106.21,0.0,285.661642,0.0
2019-02-06,18,0,63,170.0,170.0,0.0,19536.795146,0.0
2019-02-06,18,0,64,200.0,200.0,0.0,22984.464878,0.0
2019-02-06,18,0,65,41.4,41.4,0.0,376.429342,0.0
2019-02-06,18,0,67,121.23,121.23,0.0,-67349.914745,0.0
2019-02-06,18,0,68,10.2,10.2,0.0,-4186.297063,0.0
2019-02-06,18,0,69,1.13,1.13,0.0,11.784904,0.0
2019-02-06,18,0,74,65.28,65.28,0.0,499.455191,0.0
2019-02-06,18,0,77,60.0,60.0,0.0,-17360.855117,0.0
2019-02-06,18,0,78,45.36,45.36,0.0,-13124.806468,0.0
2019-02-06,18,0,79,26.25,26.25,0.0,-7595.374114,0.0
2019-02-06,18,0,80,42.45,42.45,0.0,-12282.804995,0.0
2019-02-06,18,0,81,55.5,55.5,0.0,-16058.790983,0.0
2019-02-06,18,0,82,39.15,39.15,0.0,-11327.957964,0.0
2019-02-06,18,0,83,87.3,87.3,0.0,-25260.044195,0.0
2019-02-06,18,0,84,0.0,0.0,0.0,0.0,0.0
2019-02-06,18,0,86,5.72,5.72,0.0,59.65456,0.0
2019-02-06,18,0,87,29.21,29.21,0.0,304.634564,0.0
2019-02-06,18,0,88,51.18,51.18,0.0,-14808.809415,0.0
2019-02-06,18,0,89,49.2,49.2,0.0,-14235.901196,0.0
2019-02-06,18,0,90,66.06,66.06,0.0,-19114.301483,0.0
2019-02-06,18,0,91,235.65,235.65,0.0,-68184.758471,0.0
2019-02-06,18,0,92,84.75,84.75,0.0,-24522.207852,0.0
2019-02-06,18,0,95,56.86,56.86,0.0,1105.687039,0.0
2019-02-06,18,0,96,29.88,29.88,0.0,79.187301,0.0
2019-02-06,18,0,97,183.75,183.75,0.0,486.970098,0.0
2019-02-06,18,0,99,12.6,12.6,0.0,96.402197,0.0
2019-02-06,18,0,101,4.03,4.03,0.0,10.839059,0.0
2019-02-06,18,0,102,24.15,24.15,0.0,-9911.673928,0.0
2019-02-06,18,0,103,21.0,21.0,0.0,-8618.846894,0.0
2019-02-06,18,0,104,3.9,3.9,0.0,-1600.642995,0.0
2019-02-06,18,0,106,86.47,86.47,0.0,235.83025,0.0
2019-02-06,18,0,109,31.51,31.51,0.0,187.804655,0.0
2019-02-06,18,0,110,338.6,338.6,0.0,-338600.0,0.0
2019-02-06,18,0,111,6.88,6.88,0.0,32.530081,0.0
2019-02-06,18,0,113,45.0,45.0,0.0,-11726.857876,0.0
2019-02-06,18,0,115,45.0,45.0,0.0,-11726.857876,0.0
2019-02-06,18,0,116,38.32,38.32,0.0,-38320.0,0.0
2019-02-06,18,0,117,3.0,3.0,0.0,-781.790525,0.0
2019-02-06,18,0,119,200.0,200.0,0.0,22984.464878,0.0
2019-02-06,18,0,120,117.6,117.6,0.0,13514.865348,0.0
2019-02-06,18,0,123,1.44,1.44,0.0,3.927322,0.0
2019-02-06,18,0,125,152.35,152.35,0.0,415.505245,0.0
2019-02-06,18,0,126,64.85,64.85,0.0,176.865869,0.0
2019-02-06,18,0,127,83.23,83.23,0.0,226.993774,0.0
2019-02-06,18,0,128,218.77,218.77,0.0,596.652986,0.0
2019-02-06,18,0,131,30.0,30.0,0.0,-11149.817216,0.0
2019-02-06,18,0,132,44.1,44.1,0.0,-16390.231308,0.0
2019-02-06,18,0,133,139.8,139.8,0.0,1279.045403,0.0
2019-02-06,18,0,134,0.0,0.0,0.0,0.0,0.0
2019-02-06,18,0,135,187.33,187.33,0.0,1713.902542,0.0
2019-02-06,18,0,136,45.9,45.9,0.0,417.215205,0.0
2019-02-06,18,0,139,39.66,39.66,0.0,187.520789,0.0
2019-02-06,18,0,140,250.6,250.6,0.0,-250600.0,0.0
2019-02-06,18,0,141,230.0,230.0,0.0,-127777.61603,0.0
2019-02-06,18,0,142,159.88,159.88,0.0,-88822.109787,0.0
2019-02-06,18,0,143,176.17,176.17,0.0,473.825548,0.0
2019-02-06,18,0,145,20.21,20.21,0.0,78.905071,0.0
2019-02-06,18,0,146,268.0,268.0,0.0,-268000.0,0.0
2019-02-06,18,0,152,3.46,3.46,0.0,26.527666,0.0
2019-02-06,18,0,153,4.25,4.25,0.0,32.300205,0.0
2019-02-06,18,0,154,28.38,28.38,0.0,134.186586,0.0
2019-02-06,18,0,157,250.0,250.0,0.0,-138888.713077,0.0
2019-02-06,18,0,158,122.23,122.23,0.0,-67905.469597,0.0
2019-02-06,18,0,159,0.0,0.0,0.0,0.0,0.0
2019-02-06,18,0,160,0.99,0.99,0.0,7.770454,0.0
2019-02-06,18,0,161,20.61,20.61,0.0,-8458.782594,0.0
2019-02-06,18,0,162,59.38,59.38,0.0,1201.449679,0.0
2019-02-06,18,0,163,185.4,185.4,0.0,-185400.0,0.0
2019-02-06,18,0,164,6.82,6.82,0.0,18.343022,0.0
2019-02-06,18,0,167,1.67,1.67,0.0,27.094561,0.0
2019-02-06,18,0,168,0.84,0.84,0.0,13.628402,0.0
2019-02-06,18,0,169,0.0,0.0,0.0,0.0,0.0
2019-02-06,18,0,170,1.83,1.83,0.0,29.690447,0.0
2019-02-06,18,0,172,2.26,2.26,0.0,37.676291,0.0
2019-02-06,18,0,173,3.45,3.45,0.0,57.514693,0.0
2019-02-06,18,0,188,2.95,2.95,0.0,76.979241,0.0
2019-02-06,18,0,190,2.82,2.82,0.0,91.445711,0.0
2019-02-06,18,0,191,7.29,7.29,0.0,236.396891,0.0
2019-02-06,18,0,192,332.6,332.6,0.0,10785.405497,0.0
2019-02-06,18,0,194,98.98,98.98,0.0,-12445.820399,0.0
2019-02-06,18,0,196,1.78,1.78,0.0,477.630895,0.0
2019-02-06,18,0,198,4.06,4.06,0.0,35.662477,0.0
2019-02-06,18,0,199,93.63,93.63,0.0,-2596.451602,0.0
2019-02-06,18,0,200,6.13,6.13,0.0,-169.990904,0.0
2019-02-06,18,0,204,146.68,146.68,0.0,850.003883,0.0
2019-02-06,18,0,205,166.67,166.67,0.0,993.37994,0.0
2019-02-06,18,0,206,539.94,539.94,0.0,1430.936788,0.0
2019-02-06,18,0,210,0.81,0.81,0.0,6.114286,0.0
2019-02-06,18,0,214,4.94,4.94,0.0,55.278404,0.0
2019-02-06,18,0,217,3.16,3.16,0.0,30.363137,0.0
2019-02-06,18,0,218,4.36,4.36,0.0,41.893443,0.0
2019-02-06,18,0,219,2.97,2.97,0.0,28.537506,0.0
2019-02-06,18,0,221,2.64,2.64,0.0,29.541495,0.0
2019-02-06,18,0,225,2.3,2.3,0.0,16.421968,0.0
2019-02-06,18,0,233,3.24,3.24,0.0,33.790345,0.0
2019-02-06,18,0,236,159.03,159.03,0.0,1341.269688,0.0
2019-02-06,18,0,237,156.6,156.6,0.0,1198.141588,0.0
2019-02-06,18,0,238,37.85,37.85,0.0,335.567361,0.0
2019-02-06,18,0,240,4.99,4.99,0.0,34.977244,0.0
2019-02-06,18,0,245,78.0,78.0,0.0,728.090238,0.0
2019-02-06,18,0,247,171.72,171.72,0.0,1602.918662,0.0
2019-02-06,18,0,248,15.72,15.72,0.0,120.273217,0.0
2019-02-06,18,0,249,150.0,150.0,0.0,1400.173534,0.0
2019-02-06,18,0,251,326.4,326.4,0.0,2940.064614,0.0
2019-02-06,18,0,252,267.06,267.06,0.0,2428.242032,0.0
2019-02-06,18,0,254,6.96,6.96,0.0,51.032605,0.0
2019-02-06,18,0,255,3.19,3.19,0.0,23.389944,0.0
2019-02-06,18,0,258,6.12,6.12,0.0,43.045928,0.0
2019-02-06,18,0,260,2.41,2.41,0.0,18.915954,0.0
2019-02-06,18,0,265,29.38,29.38,0.0,138.914795,0.0
2019-02-06,18,0,266,25.68,25.68,0.0,121.42042,0.0
2019-02-06,18,0,267,31.56,31.56,0.0,149.222292,0.0
2019-02-06,18,0,270,579.0,579.0,0.0,-579000.0,0.0
2019-02-06,18,0,272,150.39,150.39,0.0,-39191.15902,0.0
2019-02-06,18,0,273,9.16,9.16,0.0,-9160.0,0.0
2019-02-06,18,0,274,746.4,746.4,0.0,-746400.0,0.0
2019-02-06,18,0,275,1039.0,1039.0,0.0,-1039000.0,0.0
2019-02-06,18,0,276,1.88,1.88,0.0,-1693.437786,0.0
2019-02-06,18,0,277,1.95,1.95,0.0,-530.640784,0.0
2019-02-06,18,0,278,3.13,3.13,0.0,-851.746489,0.0
2019-02-06,18,0,279,264.6,264.6,0.0,-72003.872479,0.0
2019-02-06,18,0,281,41.41,41.41,0.0,111.376034,0.0
2019-02-06,18,0,282,109.81,109.81,0.0,295.344175,0.0
2019-02-06,19,0,9,0.2,0.2,0.0,2.476428,0.0
2019-02-06,19,0,17,1.65,1.65,0.0,1.310172,0.0
2019-02-06,19,0,19,615.51,615.51,0.0,488.741797,0.0
2019-02-06,19,0,20,748.14,748.14,0.0,594.055805,0.0
2019-02-06,19,0,21,4.46,4.46,0.0,55.224335,0.0
2019-02-06,19,0,22,15.87,15.87,0.0,196.504527,0.0
2019-02-06,19,0,23,108.8,108.8,0.0,1347.176591,0.0
2019-02-06,19,0,24,192.5,192.5,0.0,2383.561524,0.0
2019-02-06,19,0,29,0.0,0.0,0.0,0.0,0.0
2019-02-06,19,0,30,41.75,41.75,0.0,517.986611,0.0
2019-02-06,19,0,31,37.5,37.5,0.0,465.257435,0.0
2019-02-06,19,0,32,0.0,0.0,0.0,0.0,0.0
2019-02-06,19,0,33,0.09,0.09,0.0,0.706719,0.0
2019-02-06,19,0,34,0.15,0.15,0.0,1.177865,0.0
2019-02-06,19,0,35,0.15,0.15,0.0,1.177865,0.0
2019-02-06,19,0,36,0.49,0.49,0.0,4.668374,0.0
2019-02-06,19,0,37,0.23,0.23,0.0,2.194003,0.0
2019-02-06,19,0,38,0.3,0.3,0.0,2.861743,0.0
2019-02-06,19,0,39,0.2,0.2,0.0,1.907829,0.0
2019-02-06,19,0,40,0.2,0.2,0.0,1.907829,0.0
2019-02-06,19,0,41,29.71,29.71,0.0,329.557695,0.0
2019-02-06,19,0,42,5.37,5.37,0.0,35.802393,0.0
2019-02-06,19,0,43,1.23,1.23,0.0,11.492212,0.0
2019-02-06,19,0,46,0.74,0.74,0.0,7.253553,0.0
2019-02-06,19,0,52,39.75,39.75,0.0,493.172882,0.0
2019-02-06,19,0,53,63.15,63.15,0.0,783.493521,0.0
2019-02-06,19,0,55,186.9,186.9,0.0,2314.221553,0.0
2019-02-06,19,0,56,12.31,12.31,0.0,152.728507,0.0
2019-02-06,19,0,57,11.71,11.71,0.0,145.284389,0.0
2019-02-06,19,0,58,22.53,22.53,0.0,279.526667,0.0
2019-02-06,19,0,59,22.15,22.15,0.0,274.812059,0.0
2019-02-06,19,0,63,161.8,161.8,0.0,18526.474506,0.0
2019-02-06,19,0,64,190.36,190.36,0.0,21796.660612,0.0
2019-02-06,19,0,65,41.4,41.4,0.0,191.639267,0.0
2019-02-06,19,0,67,21.79,21.79,0.0,-12147.333604,0.0
2019-02-06,19,0,68,12.55,12.55,0.0,-5182.718442,0.0
2019-02-06,19,0,69,0.09,0.09,0.0,0.706719,0.0
2019-02-06,19,0,74,64.2,64.2,0.0,595.972118,0.0
2019-02-06,19,0,77,60.0,60.0,0.0,-17568.939698,0.0
2019-02-06,19,0,78,45.36,45.36,0.0,-13282.118411,0.0
2019-02-06,19,0,79,26.25,26.25,0.0,-7686.411118,0.0
2019-02-06,19,0,80,42.45,42.45,0.0,-12430.024836,0.0
2019-02-06,19,0,81,55.5,55.5,0.0,-16251.26922,0.0
2019-02-06,19,0,82,39.15,39.15,0.0,-11463.733153,0.0
2019-02-06,19,0,83,87.3,87.3,0.0,-25562.80726,0.0
2019-02-06,19,0,84,0.0,0.0,0.0,0.0,0.0
2019-02-06,19,0,86,0.47,0.47,0.0,3.690643,0.0
2019-02-06,19,0,87,2.42,2.42,0.0,19.002888,0.0
2019-02-06,19,0,88,51.18,51.18,0.0,-14986.305562,0.0
2019-02-06,19,0,89,49.2,49.2,0.0,-14406.530552,0.0
2019-02-06,19,0,90,66.06,66.06,0.0,-19343.402607,0.0
2019-02-06,19,0,91,235.65,235.65,0.0,-69002.010662,0.0
2019-02-06,19,0,92,84.75,84.75,0.0,-24816.127323,0.0
2019-02-06,19,0,95,23.46,23.46,0.0,526.201621,0.0
2019-02-06,19,0,96,29.88,29.88,0.0,371.489293,0.0
2019-02-06,19,0,97,183.75,183.75,0.0,2284.509958,0.0
2019-02-06,19,0,99,12.39,12.39,0.0,115.017049,0.0
2019-02-06,19,0,101,0.84,0.84,0.0,10.421767,0.0
2019-02-06,19,0,102,35.91,35.91,0.0,-14829.595158,0.0
2019-02-06,19,0,103,30.13,30.13,0.0,-12442.653916,0.0
2019-02-06,19,0,104,4.3,4.3,0.0,-1775.752135,0.0
2019-02-06,19,0,106,15.62,15.62,0.0,193.408992,0.0
2019-02-06,19,0,109,22.7,22.7,0.0,232.565008,0.0
2019-02-06,19,0,110,264.86,264.86,0.0,-264860.0,0.0
2019-02-06,19,0,111,0.89,0.89,0.0,9.872311,0.0
2019-02-06,19,0,113,45.0,45.0,0.0,-11829.204192,0.0
2019-02-06,19,0,115,45.0,45.0,0.0,-11829.204192,0.0
2019-02-06,19,0,116,4.4,4.4,0.0,-4400.0,0.0
2019-02-06,19,0,117,3.0,3.0,0.0,-788.613613,0.0
2019-02-06,19,0,119,190.36,190.36,0.0,21796.660612,0.0
2019-02-06,19,0,120,111.93,111.93,0.0,12816.244076,0.0
2019-02-06,19,0,123,0.26,0.26,0.0,3.219356,0.0
2019-02-06,19,0,125,174.2,174.2,0.0,2156.968403,0.0
2019-02-06,19,0,126,11.72,11.72,0.0,145.118655,0.0
2019-02-06,19,0,127,15.03,15.03,0.0,186.103531,0.0
2019-02-06,19,0,128,249.5,249.5,0.0,3089.343378,0.0
2019-02-06,19,0,131,30.0,30.0,0.0,-11231.165348,0.0
2019-02-06,19,0,132,44.1,44.1,0.0,-16509.813062,0.0
2019-02-06,19,0,133,135.62,135.62,0.0,1220.160571,0.0
2019-02-06,19,0,134,0.0,0.0,0.0,0.0,0.0
2019-02-06,19,0,135,183.78,183.78,0.0,1653.451627,0.0
2019-02-06,19,0,136,45.9,45.9,0.0,222.132931,0.0
2019-02-06,19,0,139,38.37,38.37,0.0,425.618605,0.0
2019-02-06,19,0,140,196.02,196.02,0.0,-196020.0,0.0
2019-02-06,19,0,141,230.0,230.0,0.0,-128218.757642,0.0
2019-02-06,19,0,142,28.74,28.74,0.0,-16021.769977,0.0
2019-02-06,19,0,143,71.55,71.55,0.0,887.711187,0.0
2019-02-06,19,0,145,11.04,11.04,0.0,128.112686,0.0
2019-02-06,19,0,146,268.0,268.0,0.0,-268000.0,0.0
2019-02-06,19,0,152,0.42,0.42,0.0,3.888129,0.0
2019-02-06,19,0,153,0.49,0.49,0.0,4.553571,0.0
2019-02-06,19,0,154,3.65,3.65,0.0,40.487566,0.0
2019-02-06,19,0,157,250.0,250.0,0.0,-139368.214828,0.0
2019-02-06,19,0,158,15.79,15.79,0.0,-8802.496449,0.0
2019-02-06,19,0,159,0.0,0.0,0.0,0.0,0.0
2019-02-06,19,0,160,0.07,0.07,0.0,0.611625,0.0
2019-02-06,19,0,161,3.33,3.33,0.0,-1375.175491,0.0
2019-02-06,19,0,162,28.68,28.68,0.0,665.565568,0.0
2019-02-06,19,0,163,185.4,185.4,0.0,-185400.0,0.0
2019-02-06,19,0,164,1.4,1.4,0.0,17.369611,0.0
2019-02-06,19,0,167,0.0,0.0,0.0,0.0,0.0
2019-02-06,19,0,168,0.0,0.0,0.0,0.0,0.0
2019-02-06,19,0,169,0.0,0.0,0.0,0.0,0.0
2019-02-06,19,0,170,0.0,0.0,0.0,0.0,0.0
2019-02-06,19,0,172,0.0,0.0,0.0,0.0,0.0
2019-02-06,19,0,173,0.0,0.0,0.0,0.0,0.0
2019-02-06,19,0,188,0.0,0.0,0.0,0.0,0.0
2019-02-06,19,0,190,0.18,0.18,0.0,5.83696,0.0
2019-02-06,19,0,191,0.45,0.45,0.0,14.592401,0.0
2019-02-06,19,0,192,332.6,332.6,0.0,10785.405497,0.0
2019-02-06,19,0,194,121.24,121.24,0.0,-15442.0461,0.0
2019-02-06,19,0,196,0.2,0.2,0.0,53.435305,0.0
2019-02-06,19,0,198,0.18,0.18,0.0,1.387275,0.0
2019-02-06,19,0,199,65.84,65.84,0.0,-2158.162385,0.0
2019-02-06,19,0,200,0.12,0.12,0.0,-3.933467,0.0
2019-02-06,19,0,204,114.58,114.58,0.0,1185.132727,0.0
2019-02-06,19,0,205,120.11,120.11,0.0,1230.545514,0.0
2019-02-06,19,0,206,539.94,539.94,0.0,6712.915956,0.0
2019-02-06,19,0,210,0.0,0.0,0.0,0.0,0.0
2019-02-06,19,0,214,0.08,0.08,0.0,0.595285,0.0
2019-02-06,19,0,217,0.0,0.0,0.0,0.0,0.0
2019-02-06,19,0,218,0.0,0.0,0.0,0.0,0.0
2019-02-06,19,0,219,0.0,0.0,0.0,0.0,0.0
2019-02-06,19,0,221,0.04,0.04,0.0,0.297643,0.0
2019-02-06,19,0,225,0.0,0.0,0.0,0.0,0.0
2019-02-06,19,0,233,0.27,0.27,0.0,2.120157,0.0
2019-02-06,19,0,236,159.03,159.03,0.0,1407.389858,0.0
2019-02-06,19,0,237,154.01,154.01,0.0,1429.683268,0.0
2019-02-06,19,0,238,6.99,6.99,0.0,46.603115,0.0
2019-02-06,19,0,240,0.55,0.55,0.0,5.240012,0.0
2019-02-06,19,0,245,78.0,78.0,0.0,593.923221,0.0
2019-02-06,19,0,247,171.72,171.72,0.0,1307.544814,0.0
2019-02-06,19,0,248,15.46,15.46,0.0,143.516027,0.0
2019-02-06,19,0,249,150.0,150.0,0.0,1142.160041,0.0
2019-02-06,19,0,251,326.4,326.4,0.0,1924.896362,0.0
2019-02-06,19,0,252,267.06,267.06,0.0,1236.212139,0.0
2019-02-06,19,0,254,0.47,0.47,0.0,4.31989,0.0
2019-02-06,19,0,255,0.22,0.22,0.0,2.022076,0.0
2019-02-06,19,0,258,0.66,0.66,0.0,6.268397,0.0
2019-02-06,19,0,260,0.16,0.16,0.0,1.398001,0.0
2019-02-06,19,0,265,3.78,3.78,0.0,41.929589,0.0
2019-02-06,19,0,266,24.85,24.85,0.0,275.648224,0.0
2019-02-06,19,0,267,30.53,30.53,0.0,338.653532,0.0
2019-02-06,19,0,270,579.0,579.0,0.0,-579000.0,0.0
2019-02-06,19,0,272,150.39,150.39,0.0,-39533.200411,0.0
2019-02-06,19,0,273,1.05,1.05,0.0,-1050.0,0.0
2019-02-06,19,0,274,746.4,746.4,0.0,-746400.0,0.0
2019-02-06,19,0,275,1039.0,1039.0,0.0,-1039000.0,0.0
2019-02-06,19,0,276,0.26,0.26,0.0,-234.310188,0.0
2019-02-06,19,0,277,0.3,0.3,0.0,-82.462926,0.0
2019-02-06,19,0,278,0.48,0.48,0.0,-131.940682,0.0
2019-02-06,19,0,279,264.6,264.6,0.0,-72732.300854,0.0
2019-02-06,19,0,281,16.83,16.83,0.0,208.807537,0.0
2019-02-06,19,0,282,22.9,22.9,0.0,284.117207,0.0
2019-02-06,20,0,9,0.0,0.0,0.0,0.0,0.0
2019-02-06,20,0,17,0.0,0.0,0.0,0.0,0.0
2019-02-06,20,0,19,643.3,643.3,0.0,367.277329,0.0
2019-02-06,20,0,20,780.2,780.2,0.0,445.437234,0.0
2019-02-06,20,0,21,0.0,0.0,0.0,0.0,0.0
2019-02-06,20,0,22,0.0,0.0,0.0,0.0,0.0
2019-02-06,20,0,23,108.8,108.8,0.0,1248.159542,0.0
2019-02-06,20,0,24,192.5,192.5,0.0,2208.370514,0.0
2019-02-06,20,0,29,0.0,0.0,0.0,0.0,0.0
2019-02-06,20,0,30,0.0,0.0,0.0,0.0,0.0
2019-02-06,20,0,31,37.5,37.5,0.0,430.969763,0.0
2019-02-06,20,0,32,0.0,0.0,0.0,0.0,0.0
2019-02-06,20,0,33,0.0,0.0,0.0,0.0,0.0
2019-02-06,20,0,34,0.0,0.0,0.0,0.0,0.0
2019-02-06,20,0,35,0.0,0.0,0.0,0.0,0.0
2019-02-06,20,0,36,0.0,0.0,0.0,0.0,0.0
2019-02-06,20,0,37,0.0,0.0,0.0,0.0,0.0
2019-02-06,20,0,38,0.0,0.0,0.0,0.0,0.0
2019-02-06,20,0,39,0.0,0.0,0.0,0.0,0.0
2019-02-06,20,0,40,0.0,0.0,0.0,0.0,0.0
2019-02-06,20,0,41,50.01,50.01,0.0,520.305108,0.0
2019-02-06,20,0,42,0.0,0.0,0.0,0.0,0.0
2019-02-06,20,0,43,0.0,0.0,0.0,0.0,0.0
2019-02-06,20,0,46,0.0,0.0,0.0,0.0,0.0
2019-02-06,20,0,52,39.75,39.75,0.0,456.827949,0.0
2019-02-06,20,0,53,63.15,63.15,0.0,725.753081,0.0
2019-02-06,20,0,55,186.9,186.9,0.0,2144.127008,0.0
2019-02-06,20,0,56,0.0,0.0,0.0,0.0,0.0
2019-02-06,20,0,57,0.0,0.0,0.0,0.0,0.0
2019-02-06,20,0,58,0.0,0.0,0.0,0.0,0.0
2019-02-06,20,0,59,0.0,0.0,0.0,0.0,0.0
2019-02-06,20,0,63,120.44,120.44,0.0,13306.066758,0.0
2019-02-06,20,0,64,141.69,141.69,0.0,15653.741274,0.0
2019-02-06,20,0,65,41.4,41.4,0.0,181.876885,0.0
2019-02-06,20,0,67,0.0,0.0,0.0,-0.0,0.0
2019-02-06,20,0,68,10.2,10.2,0.0,-4231.972162,0.0
2019-02-06,20,0,69,0.0,0.0,0.0,0.0,0.0
2019-02-06,20,0,74,55.65,55.65,0.0,495.517125,0.0
2019-02-06,20,0,77,84.7,84.7,0.0,-24996.504214,0.0
2019-02-06,20,0,78,64.3,64.3,0.0,-18976.094698,0.0
2019-02-06,20,0,79,37.43,37.43,0.0,-11046.270988,0.0
2019-02-06,20,0,80,60.23,60.23,0.0,-17774.963976,0.0
2019-02-06,20,0,81,78.45,78.45,0.0,-23152.016004,0.0
2019-02-06,20,0,82,55.6,55.6,0.0,-16408.567111,0.0
2019-02-06,20,0,83,122.29,122.29,0.0,-36089.9941,0.0
2019-02-06,20,0,84,0.0,0.0,0.0,0.0,0.0
2019-02-06,20,0,86,0.0,0.0,0.0,0.0,0.0
2019-02-06,20,0,87,0.0,0.0,0.0,0.0,0.0
2019-02-06,20,0,88,95.98,95.98,0.0,-28325.436534,0.0
2019-02-06,20,0,89,92.28,92.28,0.0,-27233.499514,0.0
2019-02-06,20,0,90,123.8,123.8,0.0,-36535.622451,0.0
2019-02-06,20,0,91,440.78,440.78,0.0,-130082.162069,0.0
2019-02-06,20,0,92,158.74,158.74,0.0,-46847.049337,0.0
2019-02-06,20,0,95,26.57,26.57,0.0,595.958102,0.0
2019-02-06,20,0,96,31.77,31.77,0.0,365.797323,0.0
2019-02-06,20,0,97,229.39,229.39,0.0,2641.178722,0.0
2019-02-06,20,0,99,10.74,10.74,0.0,95.630798,0.0
2019-02-06,20,0,101,0.0,0.0,0.0,0.0,0.0
2019-02-06,20,0,102,24.15,24.15,0.0,-10019.816443,0.0
2019-02-06,20,0,103,21.0,21.0,0.0,-8712.883863,0.0
2019-02-06,20,0,104,3.9,3.9,0.0,-1618.107003,0.0
2019-02-06,20,0,106,0.0,0.0,0.0,0.0,0.0
2019-02-06,20,0,109,26.64,26.64,0.0,258.488425,0.0
2019-02-06,20,0,110,231.08,231.08,0.0,-231080.0,0.0
2019-02-06,20,0,111,0.0,0.0,0.0,0.0,0.0
2019-02-06,20,0,113,45.0,45.0,0.0,-11941.232396,0.0
2019-02-06,20,0,115,45.0,45.0,0.0,-11941.232396,0.0
2019-02-06,20,0,116,0.0,0.0,0.0,-0.0,0.0
2019-02-06,20,0,117,3.0,3.0,0.0,-796.08216,0.0
2019-02-06,20,0,119,141.69,141.69,0.0,15653.741274,0.0
2019-02-06,20,0,120,83.31,83.31,0.0,9203.988888,0.0
2019-02-06,20,0,123,0.0,0.0,0.0,0.0,0.0
2019-02-06,20,0,125,174.2,174.2,0.0,1998.431914,0.0
2019-02-06,20,0,126,0.0,0.0,0.0,0.0,0.0
2019-02-06,20,0,127,0.0,0.0,0.0,0.0,0.0
2019-02-06,20,0,128,249.5,249.5,0.0,2862.277627,0.0
2019-02-06,20,0,131,30.0,30.0,0.0,-11292.98757,0.0
2019-02-06,20,0,132,44.1,44.1,0.0,-16600.691727,0.0
2019-02-06,20,0,133,103.8,103.8,0.0,908.990996,0.0
2019-02-06,20,0,134,0.0,0.0,0.0,0.0,0.0
2019-02-06,20,0,135,138.32,138.32,0.0,1211.287424,0.0
2019-02-06,20,0,136,45.9,45.9,0.0,211.277445,0.0
2019-02-06,20,0,139,66.94,66.94,0.0,696.44519,0.0
2019-02-06,20,0,140,171.02,171.02,0.0,-171020.0,0.0
2019-02-06,20,0,141,230.0,230.0,0.0,-128554.012474,0.0
2019-02-06,20,0,142,0.0,0.0,0.0,-0.0,0.0
2019-02-06,20,0,143,71.55,71.55,0.0,822.290307,0.0
2019-02-06,20,0,145,11.36,11.36,0.0,123.008669,0.0
2019-02-06,20,0,146,268.0,268.0,0.0,-268000.0,0.0
2019-02-06,20,0,152,0.0,0.0,0.0,0.0,0.0
2019-02-06,20,0,153,0.0,0.0,0.0,0.0,0.0
2019-02-06,20,0,154,0.0,0.0,0.0,0.0,0.0
2019-02-06,20,0,157,250.0,250.0,0.0,-139732.622254,0.0
2019-02-06,20,0,158,0.0,0.0,0.0,-0.0,0.0
2019-02-06,20,0,159,0.0,0.0,0.0,0.0,0.0
2019-02-06,20,0,160,0.0,0.0,0.0,0.0,0.0
2019-02-06,20,0,161,0.0,0.0,0.0,-0.0,0.0
2019-02-06,20,0,162,24.04,24.04,0.0,557.947879,0.0
2019-02-06,20,0,163,185.4,185.4,0.0,-185400.0,0.0
2019-02-06,20,0,164,0.0,0.0,0.0,0.0,0.0
2019-02-06,20,0,167,0.0,0.0,0.0,0.0,0.0
2019-02-06,20,0,168,0.0,0.0,0.0,0.0,0.0
2019-02-06,20,0,169,0.0,0.0,0.0,0.0,0.0
2019-02-06,20,0,170,0.0,0.0,0.0,0.0,0.0
2019-02-06,20,0,172,0.0,0.0,0.0,0.0,0.0
2019-02-06,20,0,173,0.0,0.0,0.0,0.0,0.0
2019-02-06,20,0,188,0.0,0.0,0.0,0.0,0.0
2019-02-06,20,0,190,0.0,0.0,0.0,0.0,0.0
2019-02-06,20,0,191,0.0,0.0,0.0,0.0,0.0
2019-02-06,20,0,192,257.19,257.19,0.0,8340.043415,0.0
2019-02-06,20,0,194,127.34,127.34,0.0,-16603.345604,0.0
2019-02-06,20,0,196,0.0,0.0,0.0,0.0,0.0
2019-02-06,20,0,198,0.0,0.0,0.0,0.0,0.0
2019-02-06,20,0,199,103.1,103.1,0.0,-3439.108131,0.0
2019-02-06,20,0,200,0.0,0.0,0.0,-0.0,0.0
2019-02-06,20,0,204,245.18,245.18,0.0,2398.930065,0.0
2019-02-06,20,0,205,140.93,140.93,0.0,1367.446459,0.0
2019-02-06,20,0,206,868.95,868.95,0.0,10005.023107,0.0
2019-02-06,20,0,210,0.0,0.0,0.0,0.0,0.0
2019-02-06,20,0,214,0.0,0.0,0.0,0.0,0.0
2019-02-06,20,0,217,0.0,0.0,0.0,0.0,0.0
2019-02-06,20,0,218,0.0,0.0,0.0,0.0,0.0
2019-02-06,20,0,219,0.0,0.0,0.0,0.0,0.0
2019-02-06,20,0,221,0.0,0.0,0.0,0.0,0.0
2019-02-06,20,0,225,0.0,0.0,0.0,0.0,0.0
2019-02-06,20,0,233,0.0,0.0,0.0,0.0,0.0
2019-02-06,20,0,236,159.03,159.03,0.0,1359.044132,0.0
2019-02-06,20,0,237,133.5,133.5,0.0,1188.706849,0.0
2019-02-06,20,0,238,0.0,0.0,0.0,0.0,0.0
2019-02-06,20,0,240,0.0,0.0,0.0,0.0,0.0
2019-02-06,20,0,245,145.89,145.89,0.0,1078.761027,0.0
2019-02-06,20,0,247,171.72,171.72,0.0,1269.756965,0.0
2019-02-06,20,0,248,13.4,13.4,0.0,119.315893,0.0
2019-02-06,20,0,249,280.44,280.44,0.0,2073.67018,0.0
2019-02-06,20,0,251,326.4,326.4,0.0,1844.548901,0.0
2019-02-06,20,0,252,267.06,267.06,0.0,1173.237705,0.0
2019-02-06,20,0,254,0.0,0.0,0.0,0.0,0.0
2019-02-06,20,0,255,0.0,0.0,0.0,0.0,0.0
2019-02-06,20,0,258,0.0,0.0,0.0,0.0,0.0
2019-02-06,20,0,260,0.0,0.0,0.0,0.0,0.0
2019-02-06,20,0,265,0.0,0.0,0.0,0.0,0.0
2019-02-06,20,0,266,40.79,40.79,0.0,424.380031,0.0
2019-02-06,20,0,267,51.59,51.59,0.0,536.743462,0.0
2019-02-06,20,0,270,579.0,579.0,0.0,-579000.0,0.0
2019-02-06,20,0,272,150.39,150.39,0.0,-39907.598666,0.0
2019-02-06,20,0,273,0.0,0.0,0.0,-0.0,0.0
2019-02-06,20,0,274,746.4,746.4,0.0,-746400.0,0.0
2019-02-06,20,0,275,1039.0,1039.0,0.0,-1039000.0,0.0
2019-02-06,20,0,276,0.0,0.0,0.0,-0.0,0.0
2019-02-06,20,0,277,0.0,0.0,0.0,-0.0,0.0
2019-02-06,20,0,278,0.0,0.0,0.0,-0.0,0.0
2019-02-06,20,0,279,651.99,651.99,0.0,-180790.919456,0.0
2019-02-06,20,0,281,16.83,16.83,0.0,193.41923,0.0
2019-02-06,20,0,282,0.0,0.0,0.0,0.0,0.0
2019-02-06,21,0,9,0.0,0.0,0.0,0.0,0.0
2019-02-06,21,0,17,0.0,0.0,0.0,0.0,0.0
2019-02-06,21,0,19,643.3,643.3,0.0,720.842075,0.0
2019-02-06,21,0,20,780.2,780.2,0.0,874.243723,0.0
2019-02-06,21,0,21,0.0,0.0,0.0,0.0,0.0
2019-02-06,21,0,22,0.0,0.0,0.0,0.0,0.0
2019-02-06,21,0,23,108.8,108.8,0.0,1346.43632,0.0
2019-02-06,21,0,24,192.5,192.5,0.0,2382.251761,0.0
2019-02-06,21,0,29,0.0,0.0,0.0,0.0,0.0
2019-02-06,21,0,30,0.0,0.0,0.0,0.0,0.0
2019-02-06,21,0,31,26.41,26.41,0.0,327.665303,0.0
2019-02-06,21,0,32,0.0,0.0,0.0,0.0,0.0
2019-02-06,21,0,33,0.0,0.0,0.0,0.0,0.0
2019-02-06,21,0,34,0.0,0.0,0.0,0.0,0.0
2019-02-06,21,0,35,0.0,0.0,0.0,0.0,0.0
2019-02-06,21,0,36,0.0,0.0,0.0,0.0,0.0
2019-02-06,21,0,37,0.0,0.0,0.0,0.0,0.0
2019-02-06,21,0,38,0.0,0.0,0.0,0.0,0.0
2019-02-06,21,0,39,0.0,0.0,0.0,0.0,0.0
2019-02-06,21,0,40,0.0,0.0,0.0,0.0,0.0
2019-02-06,21,0,41,89.53,89.53,0.0,960.799514,0.0
2019-02-06,21,0,42,0.0,0.0,0.0,0.0,0.0
2019-02-06,21,0,43,0.0,0.0,0.0,0.0,0.0
2019-02-06,21,0,46,0.0,0.0,0.0,0.0,0.0
2019-02-06,21,0,52,28.0,28.0,0.0,347.392218,0.0
2019-02-06,21,0,53,44.48,44.48,0.0,551.857353,0.0
2019-02-06,21,0,55,186.9,186.9,0.0,2312.949892,0.0
2019-02-06,21,0,56,0.0,0.0,0.0,0.0,0.0
2019-02-06,21,0,57,0.0,0.0,0.0,0.0,0.0
2019-02-06,21,0,58,0.0,0.0,0.0,0.0,0.0
2019-02-06,21,0,59,0.0,0.0,0.0,0.0,0.0
2019-02-06,21,0,63,95.99,95.99,0.0,9251.619791,0.0
2019-02-06,21,0,64,112.93,112.93,0.0,10884.315273,0.0
2019-02-06,21,0,65,41.4,41.4,0.0,176.643041,0.0
2019-02-06,21,0,67,0.0,0.0,0.0,-0.0,0.0
2019-02-06,21,0,68,10.2,10.2,0.0,-4309.302232,0.0
2019-02-06,21,0,69,0.0,0.0,0.0,0.0,0.0
2019-02-06,21,0,74,47.98,47.98,0.0,404.425314,0.0
2019-02-06,21,0,77,172.48,172.48,0.0,-52489.908642,0.0
2019-02-06,21,0,78,130.65,130.65,0.0,-39760.010228,0.0
2019-02-06,21,0,79,75.79,75.79,0.0,-23064.762152,0.0
2019-02-06,21,0,80,122.31,122.31,0.0,-37221.942985,0.0
2019-02-06,21,0,81,159.64,159.64,0.0,-48582.380657,0.0
2019-02-06,21,0,82,112.85,112.85,0.0,-34343.032179,0.0
2019-02-06,21,0,83,250.05,250.05,0.0,-76096.368599,0.0
2019-02-06,21,0,84,0.0,0.0,0.0,0.0,0.0
2019-02-06,21,0,86,0.0,0.0,0.0,0.0,0.0
2019-02-06,21,0,87,0.0,0.0,0.0,0.0,0.0
2019-02-06,21,0,88,170.6,170.6,0.0,-51917.778377,0.0
2019-02-06,21,0,89,164.0,164.0,0.0,-49909.235954,0.0
2019-02-06,21,0,90,220.2,220.2,0.0,-67012.279006,0.0
2019-02-06,21,0,91,785.5,785.5,0.0,-239046.980743,0.0
2019-02-06,21,0,92,282.5,282.5,0.0,-85971.702177,0.0
2019-02-06,21,0,95,31.9,31.9,0.0,620.320376,0.0
2019-02-06,21,0,96,29.88,29.88,0.0,371.701764,0.0
2019-02-06,21,0,97,183.75,183.75,0.0,2285.81657,0.0
2019-02-06,21,0,99,9.26,9.26,0.0,78.052906,0.0
2019-02-06,21,0,101,0.0,0.0,0.0,0.0,0.0
2019-02-06,21,0,102,24.15,24.15,0.0,-10202.906756,0.0
2019-02-06,21,0,103,21.0,21.0,0.0,-8872.092831,0.0
2019-02-06,21,0,104,3.9,3.9,0.0,-1647.674383,0.0
2019-02-06,21,0,106,0.0,0.0,0.0,0.0,0.0
2019-02-06,21,0,109,43.61,43.61,0.0,420.822882,0.0
2019-02-06,21,0,110,205.25,205.25,0.0,-205250.0,0.0
2019-02-06,21,0,111,0.0,0.0,0.0,0.0,0.0
2019-02-06,21,0,113,84.18,84.18,0.0,-23125.326087,0.0
2019-02-06,21,0,115,84.18,84.18,0.0,-23125.326087,0.0
2019-02-06,21,0,116,0.0,0.0,0.0,-0.0,0.0
2019-02-06,21,0,117,5.66,5.66,0.0,-1554.874622,0.0
2019-02-06,21,0,119,112.93,112.93,0.0,10884.315273,0.0
2019-02-06,21,0,120,66.4,66.4,0.0,6399.703658,0.0
2019-02-06,21,0,123,0.0,0.0,0.0,0.0,0.0
2019-02-06,21,0,125,174.2,174.2,0.0,2155.783152,0.0
2019-02-06,21,0,126,0.0,0.0,0.0,0.0,0.0
2019-02-06,21,0,127,0.0,0.0,0.0,0.0,0.0
2019-02-06,21,0,128,249.5,249.5,0.0,3087.645789,0.0
2019-02-06,21,0,131,30.0,30.0,0.0,-11535.381644,0.0
2019-02-06,21,0,132,44.1,44.1,0.0,-16957.011017,0.0
2019-02-06,21,0,133,91.59,91.59,0.0,716.413512,0.0
2019-02-06,21,0,134,0.0,0.0,0.0,0.0,0.0
2019-02-06,21,0,135,119.08,119.08,0.0,931.439251,0.0
2019-02-06,21,0,136,45.9,45.9,0.0,203.771227,0.0
2019-02-06,21,0,139,117.93,117.93,0.0,1265.576753,0.0
2019-02-06,21,0,140,151.9,151.9,0.0,-151900.0,0.0
2019-02-06,21,0,141,230.0,230.0,0.0,-129868.487798,0.0
2019-02-06,21,0,142,0.0,0.0,0.0,-0.0,0.0
2019-02-06,21,0,143,53.43,53.43,0.0,662.898794,0.0
2019-02-06,21,0,145,11.78,11.78,0.0,134.096371,0.0
2019-02-06,21,0,146,268.0,268.0,0.0,-268000.0,0.0
2019-02-06,21,0,152,0.0,0.0,0.0,0.0,0.0
2019-02-06,21,0,153,0.0,0.0,0.0,0.0,0.0
2019-02-06,21,0,154,0.0,0.0,0.0,0.0,0.0
2019-02-06,21,0,157,250.0,250.0,0.0,-141161.399781,0.0
2019-02-06,21,0,158,0.0,0.0,0.0,-0.0,0.0
2019-02-06,21,0,159,0.0,0.0,0.0,0.0,0.0
2019-02-06,21,0,160,0.0,0.0,0.0,0.0,0.0
2019-02-06,21,0,161,0.0,0.0,0.0,-0.0,0.0
2019-02-06,21,0,162,24.41,24.41,0.0,494.125504,0.0
2019-02-06,21,0,163,185.4,185.4,0.0,-185400.0,0.0
2019-02-06,21,0,164,0.0,0.0,0.0,0.0,0.0
2019-02-06,21,0,167,0.0,0.0,0.0,0.0,0.0
2019-02-06,21,0,168,0.0,0.0,0.0,0.0,0.0
2019-02-06,21,0,169,0.0,0.0,0.0,0.0,0.0
2019-02-06,21,0,170,0.0,0.0,0.0,0.0,0.0
2019-02-06,21,0,172,0.0,0.0,0.0,0.0,0.0
2019-02-06,21,0,173,0.0,0.0,0.0,0.0,0.0
2019-02-06,21,0,188,0.0,0.0,0.0,0.0,0.0
2019-02-06,21,0,190,0.0,0.0,0.0,0.0,0.0
2019-02-06,21,0,191,0.0,0.0,0.0,0.0,0.0
2019-02-06,21,0,192,185.84,185.84,0.0,6026.337215,0.0
2019-02-06,21,0,194,144.92,144.92,0.0,-20471.846074,0.0
2019-02-06,21,0,196,0.0,0.0,0.0,0.0,0.0
2019-02-06,21,0,198,0.0,0.0,0.0,0.0,0.0
2019-02-06,21,0,199,130.0,130.0,0.0,-4970.593906,0.0
2019-02-06,21,0,200,0.0,0.0,0.0,-0.0,0.0
2019-02-06,21,0,204,525.72,525.72,0.0,5138.664751,0.0
2019-02-06,21,0,205,202.41,202.41,0.0,1953.193295,0.0
2019-02-06,21,0,206,539.94,539.94,0.0,6716.755368,0.0
2019-02-06,21,0,210,0.0,0.0,0.0,0.0,0.0
2019-02-06,21,0,214,0.0,0.0,0.0,0.0,0.0
2019-02-06,21,0,217,0.0,0.0,0.0,0.0,0.0
2019-02-06,21,0,218,0.0,0.0,0.0,0.0,0.0
2019-02-06,21,0,219,0.0,0.0,0.0,0.0,0.0
2019-02-06,21,0,221,0.0,0.0,0.0,0.0,0.0
2019-02-06,21,0,225,0.0,0.0,0.0,0.0,0.0
2019-02-06,21,0,233,0.0,0.0,0.0,0.0,0.0
2019-02-06,21,0,236,159.03,159.03,0.0,1252.474303,0.0
2019-02-06,21,0,237,115.1,115.1,0.0,970.182443,0.0
2019-02-06,21,0,238,0.0,0.0,0.0,0.0,0.0
2019-02-06,21,0,240,0.0,0.0,0.0,0.0,0.0
2019-02-06,21,0,245,260.0,260.0,0.0,1728.206422,0.0
2019-02-06,21,0,247,171.72,171.72,0.0,1141.413872,0.0
2019-02-06,21,0,248,11.55,11.55,0.0,97.355406,0.0
2019-02-06,21,0,249,500.0,500.0,0.0,3323.473889,0.0
2019-02-06,21,0,251,326.4,326.4,0.0,1737.731191,0.0
2019-02-06,21,0,252,267.06,267.06,0.0,1139.475619,0.0
2019-02-06,21,0,254,0.0,0.0,0.0,0.0,0.0
2019-02-06,21,0,255,0.0,0.0,0.0,0.0,0.0
2019-02-06,21,0,258,0.0,0.0,0.0,0.0,0.0
2019-02-06,21,0,260,0.0,0.0,0.0,0.0,0.0
2019-02-06,21,0,265,0.0,0.0,0.0,0.0,0.0
2019-02-06,21,0,266,73.86,73.86,0.0,792.635453,0.0
2019-02-06,21,0,267,92.2,92.2,0.0,989.452867,0.0
2019-02-06,21,0,270,579.0,579.0,0.0,-579000.0,0.0
2019-02-06,21,0,272,281.15,281.15,0.0,-77235.512346,0.0
2019-02-06,21,0,273,0.0,0.0,0.0,-0.0,0.0
2019-02-06,21,0,274,746.4,746.4,0.0,-746400.0,0.0
2019-02-06,21,0,275,1039.0,1039.0,0.0,-1039000.0,0.0
2019-02-06,21,0,276,0.0,0.0,0.0,-0.0,0.0
2019-02-06,21,0,277,0.0,0.0,0.0,-0.0,0.0
2019-02-06,21,0,278,0.0,0.0,0.0,-0.0,0.0
2019-02-06,21,0,279,651.69,651.69,0.0,-186764.364026,0.0
2019-02-06,21,0,281,11.85,11.85,0.0,147.02135,0.0
2019-02-06,21,0,282,0.0,0.0,0.0,0.0,0.0
2019-02-06,22,0,9,0.0,0.0,0.0,0.0,0.0
2019-02-06,22,0,17,0.0,0.0,0.0,0.0,0.0
2019-02-06,22,0,19,643.3,643.3,0.0,155.385837,0.0
2019-02-06,22,0,20,780.2,780.2,0.0,188.453335,0.0
2019-02-06,22,0,21,0.0,0.0,0.0,0.0,0.0
2019-02-06,22,0,22,0.0,0.0,0.0,0.0,0.0
2019-02-06,22,0,23,108.8,108.8,0.0,1232.590474,0.0
2019-02-06,22,0,24,192.5,192.5,0.0,2180.824138,0.0
2019-02-06,22,0,29,0.0,0.0,0.0,0.0,0.0
2019-02-06,22,0,30,0.0,0.0,0.0,0.0,0.0
2019-02-06,22,0,31,12.85,12.85,0.0,145.947696,0.0
2019-02-06,22,0,32,0.0,0.0,0.0,0.0,0.0
2019-02-06,22,0,33,0.0,0.0,0.0,0.0,0.0
2019-02-06,22,0,34,0.0,0.0,0.0,0.0,0.0
2019-02-06,22,0,35,0.0,0.0,0.0,0.0,0.0
2019-02-06,22,0,36,0.0,0.0,0.0,0.0,0.0
2019-02-06,22,0,37,0.0,0.0,0.0,0.0,0.0
2019-02-06,22,0,38,0.0,0.0,0.0,0.0,0.0
2019-02-06,22,0,39,0.0,0.0,0.0,0.0,0.0
2019-02-06,22,0,40,0.0,0.0,0.0,0.0,0.0
2019-02-06,22,0,41,90.29,90.29,0.0,887.125402,0.0
2019-02-06,22,0,42,0.0,0.0,0.0,0.0,0.0
2019-02-06,22,0,43,0.0,0.0,0.0,0.0,0.0
2019-02-06,22,0,46,0.0,0.0,0.0,0.0,0.0
2019-02-06,22,0,52,13.62,13.62,0.0,154.6932,0.0
2019-02-06,22,0,53,21.64,21.64,0.0,245.782735,0.0
2019-02-06,22,0,55,212.12,212.12,0.0,2403.098265,0.0
2019-02-06,22,0,56,0.0,0.0,0.0,0.0,0.0
2019-02-06,22,0,57,0.0,0.0,0.0,0.0,0.0
2019-02-06,22,0,58,0.0,0.0,0.0,0.0,0.0
2019-02-06,22,0,59,0.0,0.0,0.0,0.0,0.0
2019-02-06,22,0,63,86.2,86.2,0.0,8288.156587,0.0
2019-02-06,22,0,64,101.42,101.42,0.0,9751.564281,0.0
2019-02-06,22,0,65,41.4,41.4,0.0,145.393899,0.0
2019-02-06,22,0,67,0.0,0.0,0.0,-0.0,0.0
2019-02-06,22,0,68,10.2,10.2,0.0,-4310.01949,0.0
2019-02-06,22,0,69,0.0,0.0,0.0,0.0,0.0
2019-02-06,22,0,74,41.63,41.63,0.0,321.305539,0.0
2019-02-06,22,0,77,200.0,200.0,0.0,-60878.396367,0.0
2019-02-06,22,0,78,151.2,151.2,0.0,-46024.067653,0.0
2019-02-06,22,0,79,87.5,87.5,0.0,-26634.29841,0.0
2019-02-06,22,0,80,141.5,141.5,0.0,-43071.465429,0.0
2019-02-06,22,0,81,185.0,185.0,0.0,-56312.516639,0.0
2019-02-06,22,0,82,130.5,130.5,0.0,-39723.153629,0.0
2019-02-06,22,0,83,291.0,291.0,0.0,-88578.066713,0.0
2019-02-06,22,0,84,0.0,0.0,0.0,-0.0,0.0
2019-02-06,22,0,86,0.0,0.0,0.0,0.0,0.0
2019-02-06,22,0,87,0.0,0.0,0.0,0.0,0.0
2019-02-06,22,0,88,170.6,170.6,0.0,-51929.272101,0.0
2019-02-06,22,0,89,164.0,164.0,0.0,-49920.285021,0.0
2019-02-06,22,0,90,220.2,220.2,0.0,-67027.1144,0.0
2019-02-06,22,0,91,785.5,785.5,0.0,-239099.90173,0.0
2019-02-06,22,0,92,282.5,282.5,0.0,-85990.734868,0.0
2019-02-06,22,0,95,39.53,39.53,0.0,768.691676,0.0
2019-02-06,22,0,96,29.88,29.88,0.0,340.271612,0.0
2019-02-06,22,0,97,183.75,183.75,0.0,2092.533758,0.0
2019-02-06,22,0,99,8.04,8.04,0.0,62.053724,0.0
2019-02-06,22,0,101,0.0,0.0,0.0,0.0,0.0
2019-02-06,22,0,102,24.15,24.15,0.0,-10204.60497,0.0
2019-02-06,22,0,103,21.0,21.0,0.0,-8873.569539,0.0
2019-02-06,22,0,104,3.9,3.9,0.0,-1647.948629,0.0
2019-02-06,22,0,106,0.0,0.0,0.0,0.0,0.0
2019-02-06,22,0,109,105.38,105.38,0.0,931.13939,0.0
2019-02-06,22,0,110,186.61,186.61,0.0,-186610.0,0.0
2019-02-06,22,0,111,0.0,0.0,0.0,0.0,0.0
2019-02-06,22,0,113,149.99,149.99,0.0,-41223.362087,0.0
2019-02-06,22,0,115,149.99,149.99,0.0,-41223.362087,0.0
2019-02-06,22,0,116,0.0,0.0,0.0,-0.0,0.0
2019-02-06,22,0,117,10.0,10.0,0.0,-2748.407366,0.0
2019-02-06,22,0,119,101.42,101.42,0.0,9751.564281,0.0
2019-02-06,22,0,120,59.63,59.63,0.0,5733.442892,0.0
2019-02-06,22,0,123,0.0,0.0,0.0,0.0,0.0
2019-02-06,22,0,125,174.2,174.2,0.0,1973.504233,0.0
2019-02-06,22,0,126,0.0,0.0,0.0,0.0,0.0
2019-02-06,22,0,127,0.0,0.0,0.0,0.0,0.0
2019-02-06,22,0,128,249.5,249.5,0.0,2826.574662,0.0
2019-02-06,22,0,131,30.0,30.0,0.0,-11537.629916,0.0
2019-02-06,22,0,132,44.1,44.1,0.0,-16960.315977,0.0
2019-02-06,22,0,133,139.8,139.8,0.0,1008.988561,0.0
2019-02-06,22,0,134,0.0,0.0,0.0,0.0,0.0
2019-02-06,22,0,135,187.33,187.33,0.0,1352.030237,0.0
2019-02-06,22,0,136,45.9,45.9,0.0,169.438357,0.0
2019-02-06,22,0,139,116.6,116.6,0.0,1145.628773,0.0
2019-02-06,22,0,140,138.11,138.11,0.0,-138110.0,0.0
2019-02-06,22,0,141,222.91,222.91,0.0,-125876.966789,0.0
2019-02-06,22,0,142,0.0,0.0,0.0,-0.0,0.0
2019-02-06,22,0,143,22.14,22.14,0.0,251.461633,0.0
2019-02-06,22,0,145,30.34,30.34,0.0,316.194344,0.0
2019-02-06,22,0,146,268.0,268.0,0.0,-268000.0,0.0
2019-02-06,22,0,152,0.0,0.0,0.0,0.0,0.0
2019-02-06,22,0,153,0.0,0.0,0.0,0.0,0.0
2019-02-06,22,0,154,0.0,0.0,0.0,0.0,0.0
2019-02-06,22,0,157,250.0,250.0,0.0,-141174.65209,0.0
2019-02-06,22,0,158,0.0,0.0,0.0,-0.0,0.0
2019-02-06,22,0,159,0.0,0.0,0.0,0.0,0.0
2019-02-06,22,0,160,0.0,0.0,0.0,0.0,0.0
2019-02-06,22,0,161,0.0,0.0,0.0,-0.0,0.0
2019-02-06,22,0,162,18.01,18.01,0.0,364.483532,0.0
2019-02-06,22,0,163,180.66,180.66,0.0,-180660.0,0.0
2019-02-06,22,0,164,0.0,0.0,0.0,0.0,0.0
2019-02-06,22,0,167,0.0,0.0,0.0,0.0,0.0
2019-02-06,22,0,168,0.0,0.0,0.0,0.0,0.0
2019-02-06,22,0,169,0.0,0.0,0.0,0.0,0.0
2019-02-06,22,0,170,0.0,0.0,0.0,0.0,0.0
2019-02-06,22,0,172,0.0,0.0,0.0,0.0,0.0
2019-02-06,22,0,173,0.0,0.0,0.0,0.0,0.0
2019-02-06,22,0,188,0.0,0.0,0.0,0.0,0.0
2019-02-06,22,0,190,0.0,0.0,0.0,0.0,0.0
2019-02-06,22,0,191,0.0,0.0,0.0,0.0,0.0
2019-02-06,22,0,192,131.79,131.79,0.0,4273.627753,0.0
2019-02-06,22,0,194,175.88,175.88,0.0,-24880.046874,0.0
2019-02-06,22,0,196,0.0,0.0,0.0,0.0,0.0
2019-02-06,22,0,198,0.0,0.0,0.0,0.0,0.0
2019-02-06,22,0,199,130.0,130.0,0.0,-4998.443733,0.0
2019-02-06,22,0,200,0.0,0.0,0.0,-0.0,0.0
2019-02-06,22,0,204,638.8,638.8,0.0,5717.4313,0.0
2019-02-06,22,0,205,524.27,524.27,0.0,4632.458228,0.0
2019-02-06,22,0,206,539.94,539.94,0.0,6148.803686,0.0
2019-02-06,22,0,210,0.0,0.0,0.0,0.0,0.0
2019-02-06,22,0,214,0.0,0.0,0.0,0.0,0.0
2019-02-06,22,0,217,0.0,0.0,0.0,0.0,0.0
2019-02-06,22,0,218,0.0,0.0,0.0,0.0,0.0
2019-02-06,22,0,219,0.0,0.0,0.0,0.0,0.0
2019-02-06,22,0,221,0.0,0.0,0.0,0.0,0.0
2019-02-06,22,0,225,0.0,0.0,0.0,0.0,0.0
2019-02-06,22,0,233,0.0,0.0,0.0,0.0,0.0
2019-02-06,22,0,236,159.03,159.03,0.0,1146.958134,0.0
2019-02-06,22,0,237,99.87,99.87,0.0,770.809133,0.0
2019-02-06,22,0,238,0.0,0.0,0.0,0.0,0.0
2019-02-06,22,0,240,0.0,0.0,0.0,0.0,0.0
2019-02-06,22,0,245,260.0,260.0,0.0,1562.666023,0.0
2019-02-06,22,0,247,171.72,171.72,0.0,1032.080806,0.0
2019-02-06,22,0,248,10.03,10.03,0.0,77.412793,0.0
2019-02-06,22,0,249,500.0,500.0,0.0,3005.126967,0.0
2019-02-06,22,0,251,678.68,678.68,0.0,3125.349507,0.0
2019-02-06,22,0,252,267.06,267.06,0.0,937.896005,0.0
2019-02-06,22,0,254,0.0,0.0,0.0,0.0,0.0
2019-02-06,22,0,255,0.0,0.0,0.0,0.0,0.0
2019-02-06,22,0,258,0.0,0.0,0.0,0.0,0.0
2019-02-06,22,0,260,0.0,0.0,0.0,0.0,0.0
2019-02-06,22,0,265,0.0,0.0,0.0,0.0,0.0
2019-02-06,22,0,266,75.5,75.5,0.0,741.809368,0.0
2019-02-06,22,0,267,92.78,92.78,0.0,911.590373,0.0
2019-02-06,22,0,270,564.21,564.21,0.0,-564210.0,0.0
2019-02-06,22,0,272,501.3,501.3,0.0,-137777.661271,0.0
2019-02-06,22,0,273,0.0,0.0,0.0,-0.0,0.0
2019-02-06,22,0,274,727.34,727.34,0.0,-727340.0,0.0
2019-02-06,22,0,275,1012.46,1012.46,0.0,-1012460.0,0.0
2019-02-06,22,0,276,0.0,0.0,0.0,-0.0,0.0
2019-02-06,22,0,277,0.0,0.0,0.0,-0.0,0.0
2019-02-06,22,0,278,0.0,0.0,0.0,-0.0,0.0
2019-02-06,22,0,279,264.61,264.61,0.0,-75860.593105,0.0
2019-02-06,22,0,281,5.77,5.77,0.0,65.534491,0.0
2019-02-06,22,0,282,0.0,0.0,0.0,0.0,0.0
2019-02-06,23,0,9,0.0,0.0,0.0,0.0,0.0
2019-02-06,23,0,17,0.0,0.0,0.0,0.0,0.0
2019-02-06,23,0,19,643.3,643.3,0.0,1136.453919,0.0
2019-02-06,23,0,20,780.2,780.2,0.0,1378.301489,0.0
2019-02-06,23,0,21,0.0,0.0,0.0,0.0,0.0
2019-02-06,23,0,22,0.0,0.0,0.0,0.0,0.0
2019-02-06,23,0,23,108.8,108.8,0.0,669.900768,0.0
2019-02-06,23,0,24,192.5,192.5,0.0,1185.256415,0.0
2019-02-06,23,0,29,0.0,0.0,0.0,0.0,0.0
2019-02-06,23,0,30,0.0,0.0,0.0,0.0,0.0
2019-02-06,23,0,31,15.74,15.74,0.0,96.944731,0.0
2019-02-06,23,0,32,0.0,0.0,0.0,0.0,0.0
2019-02-06,23,0,33,0.0,0.0,0.0,0.0,0.0
2019-02-06,23,0,34,0.0,0.0,0.0,0.0,0.0
2019-02-06,23,0,35,0.0,0.0,0.0,0.0,0.0
2019-02-06,23,0,36,0.0,0.0,0.0,0.0,0.0
2019-02-06,23,0,37,0.0,0.0,0.0,0.0,0.0
2019-02-06,23,0,38,0.0,0.0,0.0,0.0,0.0
2019-02-06,23,0,39,0.0,0.0,0.0,0.0,0.0
2019-02-06,23,0,40,0.0,0.0,0.0,0.0,0.0
2019-02-06,23,0,41,88.22,88.22,0.0,534.121522,0.0
2019-02-06,23,0,42,0.0,0.0,0.0,0.0,0.0
2019-02-06,23,0,43,0.0,0.0,0.0,0.0,0.0
2019-02-06,23,0,46,0.0,0.0,0.0,0.0,0.0
2019-02-06,23,0,52,16.68,16.68,0.0,102.734314,0.0
2019-02-06,23,0,53,26.5,26.5,0.0,163.216986,0.0
2019-02-06,23,0,55,449.25,449.25,0.0,2766.111399,0.0
2019-02-06,23,0,56,0.0,0.0,0.0,0.0,0.0
2019-02-06,23,0,57,0.0,0.0,0.0,0.0,0.0
2019-02-06,23,0,58,0.0,0.0,0.0,0.0,0.0
2019-02-06,23,0,59,0.0,0.0,0.0,0.0,0.0
2019-02-06,23,0,63,119.08,119.08,0.0,11390.436738,0.0
2019-02-06,23,0,64,140.1,140.1,0.0,13401.076477,0.0
2019-02-06,23,0,65,41.4,41.4,0.0,156.913933,0.0
2019-02-06,23,0,67,0.0,0.0,0.0,-0.0,0.0
2019-02-06,23,0,68,10.2,10.2,0.0,-4303.184013,0.0
2019-02-06,23,0,69,0.0,0.0,0.0,0.0,0.0
2019-02-06,23,0,74,34.29,34.29,0.0,202.538803,0.0
2019-02-06,23,0,77,200.0,200.0,0.0,-60682.208024,0.0
2019-02-06,23,0,78,151.2,151.2,0.0,-45875.749266,0.0
2019-02-06,23,0,79,87.5,87.5,0.0,-26548.466011,0.0
2019-02-06,23,0,80,141.5,141.5,0.0,-42932.662177,0.0
2019-02-06,23,0,81,185.0,185.0,0.0,-56131.042422,0.0
2019-02-06,23,0,82,130.5,130.5,0.0,-39595.140736,0.0
2019-02-06,23,0,83,291.0,291.0,0.0,-88292.612675,0.0
2019-02-06,23,0,84,0.0,0.0,0.0,-0.0,0.0
2019-02-06,23,0,86,0.0,0.0,0.0,0.0,0.0
2019-02-06,23,0,87,0.0,0.0,0.0,0.0,0.0
2019-02-06,23,0,88,170.6,170.6,0.0,-51761.923445,0.0
2019-02-06,23,0,89,164.0,164.0,0.0,-49759.41058,0.0
2019-02-06,23,0,90,220.2,220.2,0.0,-66811.111035,0.0
2019-02-06,23,0,91,785.5,785.5,0.0,-238329.372015,0.0
2019-02-06,23,0,92,282.5,282.5,0.0,-85713.618834,0.0
2019-02-06,23,0,95,109.11,109.11,0.0,2121.729034,0.0
2019-02-06,23,0,96,29.88,29.88,0.0,184.095913,0.0
2019-02-06,23,0,97,183.75,183.75,0.0,1132.11593,0.0
2019-02-06,23,0,99,6.62,6.62,0.0,39.10198,0.0
2019-02-06,23,0,101,0.0,0.0,0.0,0.0,0.0
2019-02-06,23,0,102,24.15,24.15,0.0,-10188.420972,0.0
2019-02-06,23,0,103,21.0,21.0,0.0,-8859.496497,0.0
2019-02-06,23,0,104,3.9,3.9,0.0,-1645.335064,0.0
2019-02-06,23,0,106,0.0,0.0,0.0,0.0,0.0
2019-02-06,23,0,109,172.79,172.79,0.0,1034.80914,0.0
2019-02-06,23,0,110,50.24,50.24,0.0,-50240.0,0.0
2019-02-06,23,0,111,0.0,0.0,0.0,0.0,0.0
2019-02-06,23,0,113,150.0,150.0,0.0,-41159.380474,0.0
2019-02-06,23,0,115,150.0,150.0,0.0,-41159.380474,0.0
2019-02-06,23,0,116,0.0,0.0,0.0,-0.0,0.0
2019-02-06,23,0,117,10.0,10.0,0.0,-2743.958698,0.0
2019-02-06,23,0,119,140.1,140.1,0.0,13401.076477,0.0
2019-02-06,23,0,120,82.38,82.38,0.0,7879.947753,0.0
2019-02-06,23,0,123,0.0,0.0,0.0,0.0,0.0
2019-02-06,23,0,125,174.2,174.2,0.0,1072.580091,0.0
2019-02-06,23,0,126,0.0,0.0,0.0,0.0,0.0
2019-02-06,23,0,127,0.0,0.0,0.0,0.0,0.0
2019-02-06,23,0,128,249.5,249.5,0.0,1536.215457,0.0
2019-02-06,23,0,131,30.0,30.0,0.0,-11516.203851,0.0
2019-02-06,23,0,132,44.1,44.1,0.0,-16928.819661,0.0
2019-02-06,23,0,133,139.8,139.8,0.0,855.985475,0.0
2019-02-06,23,0,134,0.0,0.0,0.0,0.0,0.0
2019-02-06,23,0,135,187.33,187.33,0.0,1147.00829,0.0
2019-02-06,23,0,136,45.9,45.9,0.0,179.068877,0.0
2019-02-06,23,0,139,113.93,113.93,0.0,689.780832,0.0
2019-02-06,23,0,140,37.18,37.18,0.0,-37180.0,0.0
2019-02-06,23,0,141,230.0,230.0,0.0,-129764.48882,0.0
2019-02-06,23,0,142,0.0,0.0,0.0,-0.0,0.0
2019-02-06,23,0,143,34.1,34.1,0.0,210.026386,0.0
2019-02-06,23,0,145,19.72,19.72,0.0,120.210831,0.0
2019-02-06,23,0,146,268.0,268.0,0.0,-268000.0,0.0
2019-02-06,23,0,152,0.0,0.0,0.0,0.0,0.0
2019-02-06,23,0,153,0.0,0.0,0.0,0.0,0.0
2019-02-06,23,0,154,0.0,0.0,0.0,0.0,0.0
2019-02-06,23,0,157,250.0,250.0,0.0,-141048.357413,0.0
2019-02-06,23,0,158,0.0,0.0,0.0,-0.0,0.0
2019-02-06,23,0,159,0.0,0.0,0.0,0.0,0.0
2019-02-06,23,0,160,0.0,0.0,0.0,0.0,0.0
2019-02-06,23,0,161,0.0,0.0,0.0,-0.0,0.0
2019-02-06,23,0,162,25.22,25.22,0.0,510.30594,0.0
2019-02-06,23,0,163,167.11,167.11,0.0,-167110.0,0.0
2019-02-06,23,0,164,0.0,0.0,0.0,0.0,0.0
2019-02-06,23,0,167,0.0,0.0,0.0,0.0,0.0
2019-02-06,23,0,168,0.0,0.0,0.0,0.0,0.0
2019-02-06,23,0,169,0.0,0.0,0.0,0.0,0.0
2019-02-06,23,0,170,0.0,0.0,0.0,0.0,0.0
2019-02-06,23,0,172,0.0,0.0,0.0,0.0,0.0
2019-02-06,23,0,173,0.0,0.0,0.0,0.0,0.0
2019-02-06,23,0,188,0.0,0.0,0.0,0.0,0.0
2019-02-06,23,0,190,0.0,0.0,0.0,0.0,0.0
2019-02-06,23,0,191,0.0,0.0,0.0,0.0,0.0
2019-02-06,23,0,192,124.26,124.26,0.0,4029.448247,0.0
2019-02-06,23,0,194,176.5,176.5,0.0,-24955.838995,0.0
2019-02-06,23,0,196,0.0,0.0,0.0,0.0,0.0
2019-02-06,23,0,198,0.0,0.0,0.0,0.0,0.0
2019-02-06,23,0,199,95.85,95.85,0.0,-3474.626884,0.0
2019-02-06,23,0,200,0.0,0.0,0.0,-0.0,0.0
2019-02-06,23,0,204,843.33,843.33,0.0,5057.334829,0.0
2019-02-06,23,0,205,914.05,914.05,0.0,5474.085852,0.0
2019-02-06,23,0,206,539.94,539.94,0.0,3326.6649,0.0
2019-02-06,23,0,210,0.0,0.0,0.0,0.0,0.0
2019-02-06,23,0,214,0.0,0.0,0.0,0.0,0.0
2019-02-06,23,0,217,0.0,0.0,0.0,0.0,0.0
2019-02-06,23,0,218,0.0,0.0,0.0,0.0,0.0
2019-02-06,23,0,219,0.0,0.0,0.0,0.0,0.0
2019-02-06,23,0,221,0.0,0.0,0.0,0.0,0.0
2019-02-06,23,0,225,0.0,0.0,0.0,0.0,0.0
2019-02-06,23,0,233,0.0,0.0,0.0,0.0,0.0
2019-02-06,23,0,236,159.03,159.03,0.0,934.027919,0.0
2019-02-06,23,0,237,82.26,82.26,0.0,485.880489,0.0
2019-02-06,23,0,238,0.0,0.0,0.0,0.0,0.0
2019-02-06,23,0,240,0.0,0.0,0.0,0.0,0.0
2019-02-06,23,0,245,260.0,260.0,0.0,1412.750983,0.0
2019-02-06,23,0,247,171.72,171.72,0.0,933.067688,0.0
2019-02-06,23,0,248,8.26,8.26,0.0,48.788875,0.0
2019-02-06,23,0,249,500.0,500.0,0.0,2716.828813,0.0
2019-02-06,23,0,251,326.4,326.4,0.0,1450.232497,0.0
2019-02-06,23,0,252,267.06,267.06,0.0,1012.208576,0.0
2019-02-06,23,0,254,0.0,0.0,0.0,0.0,0.0
2019-02-06,23,0,255,0.0,0.0,0.0,0.0,0.0
2019-02-06,23,0,258,0.0,0.0,0.0,0.0,0.0
2019-02-06,23,0,260,0.0,0.0,0.0,0.0,0.0
2019-02-06,23,0,265,0.0,0.0,0.0,0.0,0.0
2019-02-06,23,0,266,73.77,73.77,0.0,446.635056,0.0
2019-02-06,23,0,267,90.66,90.66,0.0,548.894323,0.0
2019-02-06,23,0,270,521.87,521.87,0.0,-521870.0,0.0
2019-02-06,23,0,272,501.3,501.3,0.0,-137554.649543,0.0
2019-02-06,23,0,273,0.0,0.0,0.0,-0.0,0.0
2019-02-06,23,0,274,672.76,672.76,0.0,-672760.0,0.0
2019-02-06,23,0,275,936.49,936.49,0.0,-936490.0,0.0
2019-02-06,23,0,276,0.0,0.0,0.0,-0.0,0.0
2019-02-06,23,0,277,0.0,0.0,0.0,-0.0,0.0
2019-02-06,23,0,278,0.0,0.0,0.0,-0.0,0.0
2019-02-06,23,0,279,264.6,264.6,0.0,-75683.146348,0.0
2019-02-06,23,0,281,7.06,7.06,0.0,43.483469,0.0
2019-02-06,23,0,282,0.0,0.0,0.0,0.0,0.0
2019-02-07,0,0,9,0.0,0.0,0.0,0.0,0.0
2019-02-07,0,0,17,0.0,0.0,0.0,0.0,0.0
2019-02-07,0,0,19,643.3,643.3,0.0,1333.898649,0.0
2019-02-07,0,0,20,780.2,780.2,0.0,1617.764225,0.0
2019-02-07,0,0,21,0.0,0.0,0.0,0.0,0.0
2019-02-07,0,0,22,0.0,0.0,0.0,0.0,0.0
2019-02-07,0,0,23,108.8,108.8,0.0,610.682353,0.0
2019-02-07,0,0,24,192.5,192.5,0.0,1080.481185,0.0
2019-02-07,0,0,29,0.0,0.0,0.0,0.0,0.0
2019-02-07,0,0,30,0.0,0.0,0.0,0.0,0.0
2019-02-07,0,0,31,20.51,20.51,0.0,115.157912,0.0
2019-02-07,0,0,32,0.0,0.0,0.0,0.0,0.0
2019-02-07,0,0,33,0.0,0.0,0.0,0.0,0.0
2019-02-07,0,0,34,0.0,0.0,0.0,0.0,0.0
2019-02-07,0,0,35,0.0,0.0,0.0,0.0,0.0
2019-02-07,0,0,36,0.0,0.0,0.0,0.0,0.0
2019-02-07,0,0,37,0.0,0.0,0.0,0.0,0.0
2019-02-07,0,0,38,0.0,0.0,0.0,0.0,0.0
2019-02-07,0,0,39,0.0,0.0,0.0,0.0,0.0
2019-02-07,0,0,40,0.0,0.0,0.0,0.0,0.0
2019-02-07,0,0,41,86.0,86.0,0.0,474.445143,0.0
2019-02-07,0,0,42,0.0,0.0,0.0,0.0,0.0
2019-02-07,0,0,43,0.0,0.0,0.0,0.0,0.0
2019-02-07,0,0,46,0.0,0.0,0.0,0.0,0.0
2019-02-07,0,0,52,21.74,21.74,0.0,122.064018,0.0
2019-02-07,0,0,53,34.53,34.53,0.0,193.87629,0.0
2019-02-07,0,0,55,584.16,584.16,0.0,3278.825398,0.0
2019-02-07,0,0,56,0.0,0.0,0.0,0.0,0.0
2019-02-07,0,0,57,0.0,0.0,0.0,0.0,0.0
2019-02-07,0,0,58,0.0,0.0,0.0,0.0,0.0
2019-02-07,0,0,59,0.0,0.0,0.0,0.0,0.0
2019-02-07,0,0,63,166.9,166.9,0.0,14172.79155,0.0
2019-02-07,0,0,64,196.35,196.35,0.0,16673.622654,0.0
2019-02-07,0,0,65,41.4,41.4,0.0,152.567139,0.0
2019-02-07,0,0,67,0.0,0.0,0.0,-0.0,0.0
2019-02-07,0,0,68,10.2,10.2,0.0,-4357.830128,0.0
2019-02-07,0,0,69,0.0,0.0,0.0,0.0,0.0
2019-02-07,0,0,74,28.06,28.06,0.0,150.940282,0.0
2019-02-07,0,0,77,200.0,200.0,0.0,-61973.136946,0.0
2019-02-07,0,0,78,151.2,151.2,0.0,-46851.691532,0.0
2019-02-07,0,0,79,87.5,87.5,0.0,-27113.247414,0.0
2019-02-07,0,0,80,141.5,141.5,0.0,-43845.99439,0.0
2019-02-07,0,0,81,185.0,185.0,0.0,-57325.151675,0.0
2019-02-07,0,0,82,130.5,130.5,0.0,-40437.471858,0.0
2019-02-07,0,0,83,291.0,291.0,0.0,-90170.914257,0.0
2019-02-07,0,0,84,0.0,0.0,0.0,-0.0,0.0
2019-02-07,0,0,86,0.0,0.0,0.0,0.0,0.0
2019-02-07,0,0,87,0.0,0.0,0.0,0.0,0.0
2019-02-07,0,0,88,170.6,170.6,0.0,-52863.085815,0.0
2019-02-07,0,0,89,164.0,164.0,0.0,-50817.972296,0.0
2019-02-07,0,0,90,220.2,220.2,0.0,-68232.423778,0.0
2019-02-07,0,0,91,785.5,785.5,0.0,-243399.495357,0.0
2019-02-07,0,0,92,282.5,282.5,0.0,-87537.055937,0.0
2019-02-07,0,0,95,67.44,67.44,0.0,908.165634,0.0
2019-02-07,0,0,96,29.88,29.88,0.0,167.825017,0.0
2019-02-07,0,0,97,183.75,183.75,0.0,1032.056454,0.0
2019-02-07,0,0,99,5.42,5.42,0.0,29.155251,0.0
2019-02-07,0,0,101,0.0,0.0,0.0,0.0,0.0
2019-02-07,0,0,102,24.15,24.15,0.0,-10317.803686,0.0
2019-02-07,0,0,103,21.0,21.0,0.0,-8972.003205,0.0
2019-02-07,0,0,104,3.9,3.9,0.0,-1666.229167,0.0
2019-02-07,0,0,106,0.0,0.0,0.0,0.0,0.0
2019-02-07,0,0,109,200.0,200.0,0.0,1091.029187,0.0
2019-02-07,0,0,110,8.59,8.59,0.0,-8590.0,0.0
2019-02-07,0,0,111,0.0,0.0,0.0,0.0,0.0
2019-02-07,0,0,113,150.0,150.0,0.0,-42168.246531,0.0
2019-02-07,0,0,115,150.0,150.0,0.0,-42168.246531,0.0
2019-02-07,0,0,116,0.0,0.0,0.0,-0.0,0.0
2019-02-07,0,0,117,10.0,10.0,0.0,-2811.216435,0.0
2019-02-07,0,0,119,196.35,196.35,0.0,16673.622654,0.0
2019-02-07,0,0,120,115.45,115.45,0.0,9803.767433,0.0
2019-02-07,0,0,123,0.0,0.0,0.0,0.0,0.0
2019-02-07,0,0,125,174.2,174.2,0.0,977.765312,0.0
2019-02-07,0,0,126,0.0,0.0,0.0,0.0,0.0
2019-02-07,0,0,127,0.0,0.0,0.0,0.0,0.0
2019-02-07,0,0,128,249.5,249.5,0.0,1400.415874,0.0
2019-02-07,0,0,131,30.0,30.0,0.0,-11687.494197,0.0
2019-02-07,0,0,132,44.1,44.1,0.0,-17180.61647,0.0
2019-02-07,0,0,133,139.8,139.8,0.0,774.827084,0.0
2019-02-07,0,0,134,0.0,0.0,0.0,0.0,0.0
2019-02-07,0,0,135,187.33,187.33,0.0,1038.257208,0.0
2019-02-07,0,0,136,45.9,45.9,0.0,173.211642,0.0
2019-02-07,0,0,139,111.06,111.06,0.0,612.69625,0.0
2019-02-07,0,0,140,6.36,6.36,0.0,-6360.0,0.0
2019-02-07,0,0,141,230.0,230.0,0.0,-130693.376766,0.0
2019-02-07,0,0,142,0.0,0.0,0.0,-0.0,0.0
2019-02-07,0,0,143,136.77,136.77,0.0,767.925286,0.0
2019-02-07,0,0,145,29.54,29.54,0.0,164.10837,0.0
2019-02-07,0,0,146,268.0,268.0,0.0,-268000.0,0.0
2019-02-07,0,0,152,0.0,0.0,0.0,0.0,0.0
2019-02-07,0,0,153,0.0,0.0,0.0,0.0,0.0
2019-02-07,0,0,154,0.0,0.0,0.0,0.0,0.0
2019-02-07,0,0,157,250.0,250.0,0.0,-142058.018224,0.0
2019-02-07,0,0,158,0.0,0.0,0.0,-0.0,0.0
2019-02-07,0,0,159,0.0,0.0,0.0,0.0,0.0
2019-02-07,0,0,160,0.0,0.0,0.0,0.0,0.0
2019-02-07,0,0,161,0.0,0.0,0.0,-0.0,0.0
2019-02-07,0,0,162,48.75,48.75,0.0,695.337295,0.0
2019-02-07,0,0,163,159.49,159.49,0.0,-159490.0,0.0
2019-02-07,0,0,164,0.0,0.0,0.0,0.0,0.0
2019-02-07,0,0,167,0.0,0.0,0.0,0.0,0.0
2019-02-07,0,0,168,0.0,0.0,0.0,0.0,0.0
2019-02-07,0,0,169,0.0,0.0,0.0,0.0,0.0
2019-02-07,0,0,170,0.0,0.0,0.0,0.0,0.0
2019-02-07,0,0,172,0.0,0.0,0.0,0.0,0.0
2019-02-07,0,0,173,0.0,0.0,0.0,0.0,0.0
2019-02-07,0,0,188,0.0,0.0,0.0,-0.0,0.0
2019-02-07,0,0,190,0.0,0.0,0.0,0.0,0.0
2019-02-07,0,0,191,0.0,0.0,0.0,0.0,0.0
2019-02-07,0,0,192,120.17,120.17,0.0,3896.819539,0.0
2019-02-07,0,0,194,176.5,176.5,0.0,-26360.85198,0.0
2019-02-07,0,0,196,0.0,0.0,0.0,0.0,0.0
2019-02-07,0,0,198,0.0,0.0,0.0,0.0,0.0
2019-02-07,0,0,199,39.0,39.0,0.0,-1516.400541,0.0
2019-02-07,0,0,200,0.0,0.0,0.0,-0.0,0.0
2019-02-07,0,0,204,857.0,857.0,0.0,4681.471016,0.0
2019-02-07,0,0,205,1058.0,1058.0,0.0,5771.544398,0.0
2019-02-07,0,0,206,539.94,539.94,0.0,3032.645234,0.0
2019-02-07,0,0,210,0.0,0.0,0.0,0.0,0.0
2019-02-07,0,0,214,0.0,0.0,0.0,0.0,0.0
2019-02-07,0,0,217,0.0,0.0,0.0,0.0,0.0
2019-02-07,0,0,218,0.0,0.0,0.0,0.0,0.0
2019-02-07,0,0,219,0.0,0.0,0.0,0.0,0.0
2019-02-07,0,0,221,0.0,0.0,0.0,0.0,0.0
2019-02-07,0,0,225,0.0,0.0,0.0,0.0,0.0
2019-02-07,0,0,233,0.0,0.0,0.0,0.0,0.0
2019-02-07,0,0,236,143.87,143.87,0.0,769.389539,0.0
2019-02-07,0,0,237,67.3,67.3,0.0,362.019993,0.0
2019-02-07,0,0,238,0.0,0.0,0.0,0.0,0.0
2019-02-07,0,0,240,0.0,0.0,0.0,0.0,0.0
2019-02-07,0,0,245,164.49,164.49,0.0,821.206478,0.0
2019-02-07,0,0,247,171.72,171.72,0.0,857.30182,0.0
2019-02-07,0,0,248,6.76,6.76,0.0,36.363375,0.0
2019-02-07,0,0,249,308.16,308.16,0.0,1538.470351,0.0
2019-02-07,0,0,251,326.4,326.4,0.0,1372.712715,0.0
2019-02-07,0,0,252,267.06,267.06,0.0,984.168604,0.0
2019-02-07,0,0,254,0.0,0.0,0.0,0.0,0.0
2019-02-07,0,0,255,0.0,0.0,0.0,0.0,0.0
2019-02-07,0,0,258,0.0,0.0,0.0,0.0,0.0
2019-02-07,0,0,260,0.0,0.0,0.0,0.0,0.0
2019-02-07,0,0,265,0.0,0.0,0.0,0.0,0.0
2019-02-07,0,0,266,71.92,71.92,0.0,396.768542,0.0
2019-02-07,0,0,267,88.38,88.38,0.0,487.575136,0.0
2019-02-07,0,0,270,498.07,498.07,0.0,-498070.0,0.0
2019-02-07,0,0,272,501.3,501.3,0.0,-140926.279905,0.0
2019-02-07,0,0,273,0.0,0.0,0.0,-0.0,0.0
2019-02-07,0,0,274,642.07,642.07,0.0,-642070.0,0.0
2019-02-07,0,0,275,893.78,893.78,0.0,-893780.0,0.0
2019-02-07,0,0,276,0.0,0.0,0.0,-0.0,0.0
2019-02-07,0,0,277,0.0,0.0,0.0,-0.0,0.0
2019-02-07,0,0,278,0.0,0.0,0.0,-0.0,0.0
2019-02-07,0,0,279,264.6,264.6,0.0,-77434.024044,0.0
2019-02-07,0,0,281,9.2,9.2,0.0,51.655426,0.0
2019-02-07,0,0,282,0.0,0.0,0.0,0.0,0.0
2019-02-07,1,0,9,0.0,0.0,0.0,-0.0,0.0
2019-02-07,1,0,17,0.0,0.0,0.0,0.0,0.0
2019-02-07,1,0,19,643.3,643.3,0.0,1769.463526,0.0
2019-02-07,1,0,20,780.2,780.2,0.0,2146.021208,0.0
2019-02-07,1,0,21,0.0,0.0,0.0,-0.0,0.0
2019-02-07,1,0,22,0.0,0.0,0.0,-0.0,0.0
2019-02-07,1,0,23,108.8,108.8,0.0,-1083.334788,0.0
2019-02-07,1,0,24,192.5,192.5,0.0,-1916.745833,0.0
2019-02-07,1,0,29,0.0,0.0,0.0,0.0,0.0
2019-02-07,1,0,30,0.0,0.0,0.0,-0.0,0.0
2019-02-07,1,0,31,61.85,61.85,0.0,-621.254238,0.0
2019-02-07,1,0,32,0.0,0.0,0.0,0.0,0.0
2019-02-07,1,0,33,0.0,0.0,0.0,0.0,0.0
2019-02-07,1,0,34,0.0,0.0,0.0,0.0,0.0
2019-02-07,1,0,35,0.0,0.0,0.0,0.0,0.0
2019-02-07,1,0,36,0.0,0.0,0.0,0.0,0.0
2019-02-07,1,0,37,0.0,0.0,0.0,0.0,0.0
2019-02-07,1,0,38,0.0,0.0,0.0,0.0,0.0
2019-02-07,1,0,39,0.0,0.0,0.0,0.0,0.0
2019-02-07,1,0,40,0.0,0.0,0.0,0.0,0.0
2019-02-07,1,0,41,84.14,84.14,0.0,-454.731522,0.0
2019-02-07,1,0,42,0.0,0.0,0.0,0.0,0.0
2019-02-07,1,0,43,0.0,0.0,0.0,0.0,0.0
2019-02-07,1,0,46,0.0,0.0,0.0,-0.0,0.0
2019-02-07,1,0,52,65.85,65.85,0.0,-661.432362,0.0
2019-02-07,1,0,53,107.64,107.64,0.0,-1081.19331,0.0
2019-02-07,1,0,55,524.08,524.08,0.0,-5218.328085,0.0
2019-02-07,1,0,56,0.0,0.0,0.0,-0.0,0.0
2019-02-07,1,0,57,0.0,0.0,0.0,-0.0,0.0
2019-02-07,1,0,58,0.0,0.0,0.0,-0.0,0.0
2019-02-07,1,0,59,0.0,0.0,0.0,-0.0,0.0
2019-02-07,1,0,63,170.0,170.0,0.0,15101.312593,0.0
2019-02-07,1,0,64,200.0,200.0,0.0,17766.250109,0.0
2019-02-07,1,0,65,41.4,41.4,0.0,131.89086,0.0
2019-02-07,1,0,67,0.0,0.0,0.0,-0.0,0.0
2019-02-07,1,0,68,10.2,10.2,0.0,-4304.876144,0.0
2019-02-07,1,0,69,0.0,0.0,0.0,0.0,0.0
2019-02-07,1,0,74,22.51,22.51,0.0,21.465866,0.0
2019-02-07,1,0,77,200.0,200.0,0.0,-60606.873615,0.0
2019-02-07,1,0,78,151.2,151.2,0.0,-45818.796453,0.0
2019-02-07,1,0,79,87.5,87.5,0.0,-26515.507206,0.0
2019-02-07,1,0,80,141.5,141.5,0.0,-42879.363082,0.0
2019-02-07,1,0,81,185.0,185.0,0.0,-56061.358093,0.0
2019-02-07,1,0,82,130.5,130.5,0.0,-39545.985033,0.0
2019-02-07,1,0,83,291.0,291.0,0.0,-88183.001109,0.0
2019-02-07,1,0,84,0.0,0.0,0.0,-0.0,0.0
2019-02-07,1,0,86,0.0,0.0,0.0,0.0,0.0
2019-02-07,1,0,87,0.0,0.0,0.0,0.0,0.0
2019-02-07,1,0,88,170.6,170.6,0.0,-51697.663193,0.0
2019-02-07,1,0,89,164.0,164.0,0.0,-49697.636364,0.0
2019-02-07,1,0,90,220.2,220.2,0.0,-66728.16785,0.0
2019-02-07,1,0,91,785.5,785.5,0.0,-238033.496121,0.0
2019-02-07,1,0,92,282.5,282.5,0.0,-85607.208981,0.0
2019-02-07,1,0,95,88.63,88.63,0.0,1460.18081,0.0
2019-02-07,1,0,96,29.88,29.88,0.0,-302.860175,0.0
2019-02-07,1,0,97,183.75,183.75,0.0,-1862.468446,0.0
2019-02-07,1,0,99,4.35,4.35,0.0,4.148224,0.0
2019-02-07,1,0,101,0.0,0.0,0.0,-0.0,0.0
2019-02-07,1,0,102,24.15,24.15,0.0,-10192.427341,0.0
2019-02-07,1,0,103,21.0,21.0,0.0,-8862.980297,0.0
2019-02-07,1,0,104,3.9,3.9,0.0,-1645.982055,0.0
2019-02-07,1,0,106,0.0,0.0,0.0,-0.0,0.0
2019-02-07,1,0,109,200.0,200.0,0.0,-479.552163,0.0
2019-02-07,1,0,110,9.04,9.04,0.0,-9040.0,0.0
2019-02-07,1,0,111,0.0,0.0,0.0,-0.0,0.0
2019-02-07,1,0,113,84.36,84.36,0.0,-23276.702135,0.0
2019-02-07,1,0,115,84.36,84.36,0.0,-23276.702135,0.0
2019-02-07,1,0,116,0.0,0.0,0.0,-0.0,0.0
2019-02-07,1,0,117,5.76,5.76,0.0,-1589.305409,0.0
2019-02-07,1,0,119,200.0,200.0,0.0,17766.250109,0.0
2019-02-07,1,0,120,117.6,117.6,0.0,10446.555064,0.0
2019-02-07,1,0,123,0.0,0.0,0.0,-0.0,0.0
2019-02-07,1,0,125,174.2,174.2,0.0,-1734.530515,0.0
2019-02-07,1,0,126,0.0,0.0,0.0,-0.0,0.0
2019-02-07,1,0,127,0.0,0.0,0.0,-0.0,0.0
2019-02-07,1,0,128,249.5,249.5,0.0,-2484.301742,0.0
2019-02-07,1,0,131,30.0,30.0,0.0,-11521.5079,0.0
2019-02-07,1,0,132,44.1,44.1,0.0,-16936.616614,0.0
2019-02-07,1,0,133,139.8,139.8,0.0,546.370218,0.0
2019-02-07,1,0,134,0.0,0.0,0.0,0.0,0.0
2019-02-07,1,0,135,187.32,187.32,0.0,732.089193,0.0
2019-02-07,1,0,136,45.9,45.9,0.0,147.323361,0.0
2019-02-07,1,0,139,108.65,108.65,0.0,-587.194912,0.0
2019-02-07,1,0,140,6.69,6.69,0.0,-6690.0,0.0
2019-02-07,1,0,141,230.0,230.0,0.0,-129793.252074,0.0
2019-02-07,1,0,142,0.0,0.0,0.0,-0.0,0.0
2019-02-07,1,0,143,238.49,238.49,0.0,-2395.520183,0.0
2019-02-07,1,0,145,30.0,30.0,0.0,-216.185294,0.0
2019-02-07,1,0,146,268.0,268.0,0.0,-268000.0,0.0
2019-02-07,1,0,152,0.0,0.0,0.0,0.0,0.0
2019-02-07,1,0,153,0.0,0.0,0.0,0.0,0.0
2019-02-07,1,0,154,0.0,0.0,0.0,-0.0,0.0
2019-02-07,1,0,157,250.0,250.0,0.0,-141079.62182,0.0
2019-02-07,1,0,158,0.0,0.0,0.0,-0.0,0.0
2019-02-07,1,0,159,0.0,0.0,0.0,0.0,0.0
2019-02-07,1,0,160,0.0,0.0,0.0,0.0,0.0
2019-02-07,1,0,161,0.0,0.0,0.0,-0.0,0.0
2019-02-07,1,0,162,48.75,48.75,0.0,842.482613,0.0
2019-02-07,1,0,163,157.52,157.52,0.0,-157520.0,0.0
2019-02-07,1,0,164,0.0,0.0,0.0,-0.0,0.0
2019-02-07,1,0,167,0.0,0.0,0.0,0.0,0.0
2019-02-07,1,0,168,0.0,0.0,0.0,0.0,0.0
2019-02-07,1,0,169,0.0,0.0,0.0,0.0,0.0
2019-02-07,1,0,170,0.0,0.0,0.0,0.0,0.0
2019-02-07,1,0,172,0.0,0.0,0.0,-0.0,0.0
2019-02-07,1,0,173,0.0,0.0,0.0,-0.0,0.0
2019-02-07,1,0,188,0.0,0.0,0.0,0.0,0.0
2019-02-07,1,0,190,0.0,0.0,0.0,0.0,0.0
2019-02-07,1,0,191,0.0,0.0,0.0,0.0,0.0
2019-02-07,1,0,192,118.26,118.26,0.0,3834.882905,0.0
2019-02-07,1,0,194,176.5,176.5,0.0,-25543.597943,0.0
2019-02-07,1,0,196,0.0,0.0,0.0,0.0,0.0
2019-02-07,1,0,198,0.0,0.0,0.0,0.0,0.0
2019-02-07,1,0,199,95.96,95.96,0.0,-2798.339162,0.0
2019-02-07,1,0,200,0.0,0.0,0.0,-0.0,0.0
2019-02-07,1,0,204,857.0,857.0,0.0,-2350.199061,0.0
2019-02-07,1,0,205,1058.0,1058.0,0.0,-2536.830942,0.0
2019-02-07,1,0,206,539.94,539.94,0.0,-5472.768505,0.0
2019-02-07,1,0,210,0.0,0.0,0.0,0.0,0.0
2019-02-07,1,0,214,0.0,0.0,0.0,0.0,0.0
2019-02-07,1,0,217,0.0,0.0,0.0,0.0,0.0
2019-02-07,1,0,218,0.0,0.0,0.0,0.0,0.0
2019-02-07,1,0,219,0.0,0.0,0.0,0.0,0.0
2019-02-07,1,0,221,0.0,0.0,0.0,0.0,0.0
2019-02-07,1,0,225,0.0,0.0,0.0,0.0,0.0
2019-02-07,1,0,233,0.0,0.0,0.0,0.0,0.0
2019-02-07,1,0,236,124.28,124.28,0.0,309.743739,0.0
2019-02-07,1,0,237,54.01,54.01,0.0,51.504728,0.0
2019-02-07,1,0,238,0.0,0.0,0.0,0.0,0.0
2019-02-07,1,0,240,0.0,0.0,0.0,0.0,0.0
2019-02-07,1,0,245,78.0,78.0,0.0,318.133889,0.0
2019-02-07,1,0,247,171.72,171.72,0.0,700.383994,0.0
2019-02-07,1,0,248,5.42,5.42,0.0,5.168592,0.0
2019-02-07,1,0,249,150.01,150.01,0.0,611.836728,0.0
2019-02-07,1,0,251,326.4,326.4,0.0,1043.351362,0.0
2019-02-07,1,0,252,267.06,267.06,0.0,850.791621,0.0
2019-02-07,1,0,254,0.0,0.0,0.0,0.0,0.0
2019-02-07,1,0,255,0.0,0.0,0.0,0.0,0.0
2019-02-07,1,0,258,0.0,0.0,0.0,0.0,0.0
2019-02-07,1,0,260,0.0,0.0,0.0,0.0,0.0
2019-02-07,1,0,265,0.0,0.0,0.0,-0.0,0.0
2019-02-07,1,0,266,70.36,70.36,0.0,-380.258021,0.0
2019-02-07,1,0,267,86.46,86.46,0.0,-467.269876,0.0
2019-02-07,1,0,270,491.93,491.93,0.0,-491930.0,0.0
2019-02-07,1,0,272,281.35,281.35,0.0,-77630.395278,0.0
2019-02-07,1,0,273,0.0,0.0,0.0,-0.0,0.0
2019-02-07,1,0,274,634.16,634.16,0.0,-634160.0,0.0
2019-02-07,1,0,275,882.76,882.76,0.0,-882760.0,0.0
2019-02-07,1,0,276,0.0,0.0,0.0,-0.0,0.0
2019-02-07,1,0,277,0.0,0.0,0.0,-0.0,0.0
2019-02-07,1,0,278,0.0,0.0,0.0,-0.0,0.0
2019-02-07,1,0,279,264.6,264.6,0.0,-75884.960384,0.0
2019-02-07,1,0,281,25.54,25.54,0.0,-256.53732,0.0
2019-02-07,1,0,282,0.0,0.0,0.0,-0.0,0.0
2019-02-07,2,0,9,0.0,0.0,0.0,0.0,0.0
2019-02-07,2,0,17,0.0,0.0,0.0,0.0,0.0
2019-02-07,2,0,19,643.3,643.3,0.0,1337.609826,0.0
2019-02-07,2,0,20,780.2,780.2,0.0,1622.265174,0.0
2019-02-07,2,0,21,0.0,0.0,0.0,0.0,0.0
2019-02-07,2,0,22,0.0,0.0,0.0,0.0,0.0
2019-02-07,2,0,23,108.8,108.8,0.0,610.672286,0.0
2019-02-07,2,0,24,192.5,192.5,0.0,1080.463373,0.0
2019-02-07,2,0,29,0.0,0.0,0.0,0.0,0.0
2019-02-07,2,0,30,0.0,0.0,0.0,0.0,0.0
2019-02-07,2,0,31,37.5,37.5,0.0,210.552009,0.0
2019-02-07,2,0,32,0.0,0.0,0.0,0.0,0.0
2019-02-07,2,0,33,0.0,0.0,0.0,0.0,0.0
2019-02-07,2,0,34,0.0,0.0,0.0,0.0,0.0
2019-02-07,2,0,35,0.0,0.0,0.0,0.0,0.0
2019-02-07,2,0,36,0.0,0.0,0.0,0.0,0.0
2019-02-07,2,0,37,0.0,0.0,0.0,0.0,0.0
2019-02-07,2,0,38,0.0,0.0,0.0,0.0,0.0
2019-02-07,2,0,39,0.0,0.0,0.0,0.0,0.0
2019-02-07,2,0,40,0.0,0.0,0.0,0.0,0.0
2019-02-07,2,0,41,50.82,50.82,0.0,280.114572,0.0
2019-02-07,2,0,42,0.0,0.0,0.0,0.0,0.0
2019-02-07,2,0,43,0.0,0.0,0.0,0.0,0.0
2019-02-07,2,0,46,0.0,0.0,0.0,0.0,0.0
2019-02-07,2,0,52,39.75,39.75,0.0,223.185129,0.0
2019-02-07,2,0,53,63.15,63.15,0.0,354.569583,0.0
2019-02-07,2,0,55,623.0,623.0,0.0,3496.772371,0.0
2019-02-07,2,0,56,0.0,0.0,0.0,0.0,0.0
2019-02-07,2,0,57,0.0,0.0,0.0,0.0,0.0
2019-02-07,2,0,58,0.0,0.0,0.0,0.0,0.0
2019-02-07,2,0,59,0.0,0.0,0.0,0.0,0.0
2019-02-07,2,0,63,170.0,170.0,0.0,14371.43135,0.0
2019-02-07,2,0,64,200.0,200.0,0.0,16907.566294,0.0
2019-02-07,2,0,65,41.4,41.4,0.0,152.390969,0.0
2019-02-07,2,0,67,0.0,0.0,0.0,-0.0,0.0
2019-02-07,2,0,68,10.2,10.2,0.0,-4360.444629,0.0
2019-02-07,2,0,69,0.0,0.0,0.0,0.0,0.0
2019-02-07,2,0,74,13.47,13.47,0.0,72.301375,0.0
2019-02-07,2,0,77,200.0,200.0,0.0,-62035.027499,0.0
2019-02-07,2,0,78,151.2,151.2,0.0,-46898.480789,0.0
2019-02-07,2,0,79,87.5,87.5,0.0,-27140.324531,0.0
2019-02-07,2,0,80,141.5,141.5,0.0,-43889.781955,0.0
2019-02-07,2,0,81,185.0,185.0,0.0,-57382.400436,0.0
2019-02-07,2,0,82,130.5,130.5,0.0,-40477.855443,0.0
2019-02-07,2,0,83,291.0,291.0,0.0,-90260.965011,0.0
2019-02-07,2,0,84,0.0,0.0,0.0,-0.0,0.0
2019-02-07,2,0,86,0.0,0.0,0.0,0.0,0.0
2019-02-07,2,0,87,0.0,0.0,0.0,0.0,0.0
2019-02-07,2,0,88,170.6,170.6,0.0,-52915.878457,0.0
2019-02-07,2,0,89,164.0,164.0,0.0,-50868.722549,0.0
2019-02-07,2,0,90,220.2,220.2,0.0,-68300.565276,0.0
2019-02-07,2,0,91,785.5,785.5,0.0,-243642.570502,0.0
2019-02-07,2,0,92,282.5,282.5,0.0,-87624.476342,0.0
2019-02-07,2,0,95,36.0,36.0,0.0,484.785925,0.0
2019-02-07,2,0,96,29.88,29.88,0.0,167.827906,0.0
2019-02-07,2,0,97,183.75,183.75,0.0,1032.074223,0.0
2019-02-07,2,0,99,2.6,2.6,0.0,13.955722,0.0
2019-02-07,2,0,101,0.0,0.0,0.0,0.0,0.0
2019-02-07,2,0,102,24.15,24.15,0.0,-10323.993901,0.0
2019-02-07,2,0,103,21.0,21.0,0.0,-8977.386001,0.0
2019-02-07,2,0,104,3.9,3.9,0.0,-1667.228829,0.0
2019-02-07,2,0,106,0.0,0.0,0.0,0.0,0.0
2019-02-07,2,0,109,195.26,195.26,0.0,1063.59052,0.0
2019-02-07,2,0,110,93.45,93.45,0.0,-93450.0,0.0
2019-02-07,2,0,111,0.0,0.0,0.0,0.0,0.0
2019-02-07,2,0,113,92.76,92.76,0.0,-26106.558218,0.0
2019-02-07,2,0,115,92.76,92.76,0.0,-26106.558218,0.0
2019-02-07,2,0,116,0.0,0.0,0.0,-0.0,0.0
2019-02-07,2,0,117,4.96,4.96,0.0,-1395.952229,0.0
2019-02-07,2,0,119,200.0,200.0,0.0,16907.566294,0.0
2019-02-07,2,0,120,117.6,117.6,0.0,9941.648981,0.0
2019-02-07,2,0,123,0.0,0.0,0.0,0.0,0.0
2019-02-07,2,0,125,174.2,174.2,0.0,977.749193,0.0
2019-02-07,2,0,126,0.0,0.0,0.0,0.0,0.0
2019-02-07,2,0,127,0.0,0.0,0.0,0.0,0.0
2019-02-07,2,0,128,249.5,249.5,0.0,1400.392788,0.0
2019-02-07,2,0,131,30.0,30.0,0.0,-11695.68945,0.0
2019-02-07,2,0,132,44.1,44.1,0.0,-17192.663491,0.0
2019-02-07,2,0,133,139.8,139.8,0.0,772.58078,0.0
2019-02-07,2,0,134,0.0,0.0,0.0,0.0,0.0
2019-02-07,2,0,135,187.33,187.33,0.0,1035.247193,0.0
2019-02-07,2,0,136,45.9,45.9,0.0,172.991064,0.0
2019-02-07,2,0,139,65.63,65.63,0.0,361.745756,0.0
2019-02-07,2,0,140,69.17,69.17,0.0,-69170.0,0.0
2019-02-07,2,0,141,230.0,230.0,0.0,-130737.818682,0.0
2019-02-07,2,0,142,0.0,0.0,0.0,-0.0,0.0
2019-02-07,2,0,143,135.14,135.14,0.0,758.773292,0.0
2019-02-07,2,0,145,30.0,30.0,0.0,166.573708,0.0
2019-02-07,2,0,146,103.9,103.9,0.0,-103900.0,0.0
2019-02-07,2,0,152,0.0,0.0,0.0,0.0,0.0
2019-02-07,2,0,153,0.0,0.0,0.0,0.0,0.0
2019-02-07,2,0,154,0.0,0.0,0.0,0.0,0.0
2019-02-07,2,0,157,250.0,250.0,0.0,-142106.324655,0.0
2019-02-07,2,0,158,0.0,0.0,0.0,-0.0,0.0
2019-02-07,2,0,159,0.0,0.0,0.0,0.0,0.0
2019-02-07,2,0,160,0.0,0.0,0.0,0.0,0.0
2019-02-07,2,0,161,0.0,0.0,0.0,-0.0,0.0
2019-02-07,2,0,162,48.75,48.75,0.0,694.818,0.0
2019-02-07,2,0,163,141.32,141.32,0.0,-141320.0,0.0
2019-02-07,2,0,164,0.0,0.0,0.0,0.0,0.0
2019-02-07,2,0,167,0.0,0.0,0.0,0.0,0.0
2019-02-07,2,0,168,0.0,0.0,0.0,0.0,0.0
2019-02-07,2,0,169,0.0,0.0,0.0,0.0,0.0
2019-02-07,2,0,170,0.0,0.0,0.0,0.0,0.0
2019-02-07,2,0,172,0.0,0.0,0.0,-0.0,0.0
2019-02-07,2,0,173,0.0,0.0,0.0,-0.0,0.0
2019-02-07,2,0,188,0.0,0.0,0.0,-0.0,0.0
2019-02-07,2,0,190,0.0,0.0,0.0,0.0,0.0
2019-02-07,2,0,191,0.0,0.0,0.0,0.0,0.0
2019-02-07,2,0,192,87.21,87.21,0.0,2828.007256,0.0
2019-02-07,2,0,194,176.5,176.5,0.0,-26427.473964,0.0
2019-02-07,2,0,196,0.0,0.0,0.0,0.0,0.0
2019-02-07,2,0,198,0.0,0.0,0.0,0.0,0.0
2019-02-07,2,0,199,39.0,39.0,0.0,-1521.38708,0.0
2019-02-07,2,0,200,0.0,0.0,0.0,-0.0,0.0
2019-02-07,2,0,204,857.0,857.0,0.0,4674.842058,0.0
2019-02-07,2,0,205,958.56,958.56,0.0,5221.321973,0.0
2019-02-07,2,0,206,539.94,539.94,0.0,3032.697448,0.0
2019-02-07,2,0,210,0.0,0.0,0.0,0.0,0.0
2019-02-07,2,0,214,0.0,0.0,0.0,0.0,0.0
2019-02-07,2,0,217,0.0,0.0,0.0,0.0,0.0
2019-02-07,2,0,218,0.0,0.0,0.0,0.0,0.0
2019-02-07,2,0,219,0.0,0.0,0.0,0.0,0.0
2019-02-07,2,0,221,0.0,0.0,0.0,0.0,0.0
2019-02-07,2,0,225,0.0,0.0,0.0,0.0,0.0
2019-02-07,2,0,233,0.0,0.0,0.0,0.0,0.0
2019-02-07,2,0,236,81.6,81.6,0.0,435.300493,0.0
2019-02-07,2,0,237,32.33,32.33,0.0,173.534036,0.0
2019-02-07,2,0,238,0.0,0.0,0.0,0.0,0.0
2019-02-07,2,0,240,0.0,0.0,0.0,0.0,0.0
2019-02-07,2,0,245,78.01,78.01,0.0,388.444224,0.0
2019-02-07,2,0,247,151.5,151.5,0.0,754.381489,0.0
2019-02-07,2,0,248,3.24,3.24,0.0,17.390977,0.0
2019-02-07,2,0,249,150.01,150.01,0.0,746.962159,0.0
2019-02-07,2,0,251,326.4,326.4,0.0,1370.317323,0.0
2019-02-07,2,0,252,267.06,267.06,0.0,983.032181,0.0
2019-02-07,2,0,254,0.0,0.0,0.0,0.0,0.0
2019-02-07,2,0,255,0.0,0.0,0.0,0.0,0.0
2019-02-07,2,0,258,0.0,0.0,0.0,0.0,0.0
2019-02-07,2,0,260,0.0,0.0,0.0,0.0,0.0
2019-02-07,2,0,265,0.0,0.0,0.0,0.0,0.0
2019-02-07,2,0,266,42.49,42.49,0.0,234.200475,0.0
2019-02-07,2,0,267,52.22,52.22,0.0,287.831226,0.0
2019-02-07,2,0,270,441.35,441.35,0.0,-441350.0,0.0
2019-02-07,2,0,272,400.13,400.13,0.0,-112613.380119,0.0
2019-02-07,2,0,273,0.0,0.0,0.0,-0.0,0.0
2019-02-07,2,0,274,568.95,568.95,0.0,-568950.0,0.0
2019-02-07,2,0,275,791.99,791.99,0.0,-791990.0,0.0
2019-02-07,2,0,276,0.0,0.0,0.0,-0.0,0.0
2019-02-07,2,0,277,0.0,0.0,0.0,-0.0,0.0
2019-02-07,2,0,278,0.0,0.0,0.0,-0.0,0.0
2019-02-07,2,0,279,264.6,264.6,0.0,-77517.630765,0.0
2019-02-07,2,0,281,16.83,16.83,0.0,94.495741,0.0
2019-02-07,2,0,282,0.0,0.0,0.0,0.0,0.0
2019-02-07,3,0,9,0.0,0.0,0.0,0.0,0.0
2019-02-07,3,0,17,0.0,0.0,0.0,0.0,0.0
2019-02-07,3,0,19,643.3,643.3,0.0,1255.860664,0.0
2019-02-07,3,0,20,780.2,780.2,0.0,1523.119058,0.0
2019-02-07,3,0,21,0.0,0.0,0.0,0.0,0.0
2019-02-07,3,0,22,0.0,0.0,0.0,0.0,0.0
2019-02-07,3,0,23,108.8,108.8,0.0,640.150193,0.0
2019-02-07,3,0,24,192.5,192.5,0.0,1132.618679,0.0
2019-02-07,3,0,29,0.0,0.0,0.0,0.0,0.0
2019-02-07,3,0,30,0.0,0.0,0.0,0.0,0.0
2019-02-07,3,0,31,37.5,37.5,0.0,220.759721,0.0
2019-02-07,3,0,32,0.0,0.0,0.0,0.0,0.0
2019-02-07,3,0,33,0.0,0.0,0.0,0.0,0.0
2019-02-07,3,0,34,0.0,0.0,0.0,0.0,0.0
2019-02-07,3,0,35,0.0,0.0,0.0,0.0,0.0
2019-02-07,3,0,36,0.0,0.0,0.0,0.0,0.0
2019-02-07,3,0,37,0.0,0.0,0.0,0.0,0.0
2019-02-07,3,0,38,0.0,0.0,0.0,0.0,0.0
2019-02-07,3,0,39,0.0,0.0,0.0,0.0,0.0
2019-02-07,3,0,40,0.0,0.0,0.0,0.0,0.0
2019-02-07,3,0,41,27.87,27.87,0.0,159.324177,0.0
2019-02-07,3,0,42,0.0,0.0,0.0,0.0,0.0
2019-02-07,3,0,43,0.0,0.0,0.0,0.0,0.0
2019-02-07,3,0,46,0.0,0.0,0.0,0.0,0.0
2019-02-07,3,0,52,39.75,39.75,0.0,234.005304,0.0
2019-02-07,3,0,53,63.15,63.15,0.0,371.75937,0.0
2019-02-07,3,0,55,623.0,623.0,0.0,3665.565905,0.0
2019-02-07,3,0,56,0.0,0.0,0.0,0.0,0.0
2019-02-07,3,0,57,0.0,0.0,0.0,0.0,0.0
2019-02-07,3,0,58,0.0,0.0,0.0,0.0,0.0
2019-02-07,3,0,59,0.0,0.0,0.0,0.0,0.0
2019-02-07,3,0,63,170.0,170.0,0.0,14368.877306,0.0
2019-02-07,3,0,64,200.0,200.0,0.0,16904.561536,0.0
2019-02-07,3,0,65,41.4,41.4,0.0,151.245691,0.0
2019-02-07,3,0,67,0.0,0.0,0.0,-0.0,0.0
2019-02-07,3,0,68,10.2,10.2,0.0,-4360.983028,0.0
2019-02-07,3,0,69,0.0,0.0,0.0,0.0,0.0
2019-02-07,3,0,74,7.91,7.91,0.0,43.345104,0.0
2019-02-07,3,0,77,200.0,200.0,0.0,-62049.385292,0.0
2019-02-07,3,0,78,151.2,151.2,0.0,-46909.33528,0.0
2019-02-07,3,0,79,87.5,87.5,0.0,-27146.606065,0.0
2019-02-07,3,0,80,141.5,141.5,0.0,-43899.940094,0.0
2019-02-07,3,0,81,185.0,185.0,0.0,-57395.681395,0.0
2019-02-07,3,0,82,130.5,130.5,0.0,-40487.223903,0.0
2019-02-07,3,0,83,291.0,291.0,0.0,-90281.855599,0.0
2019-02-07,3,0,84,0.0,0.0,0.0,-0.0,0.0
2019-02-07,3,0,86,0.0,0.0,0.0,0.0,0.0
2019-02-07,3,0,87,0.0,0.0,0.0,0.0,0.0
2019-02-07,3,0,88,170.6,170.6,0.0,-52928.125654,0.0
2019-02-07,3,0,89,164.0,164.0,0.0,-50880.495939,0.0
2019-02-07,3,0,90,220.2,220.2,0.0,-68316.373206,0.0
2019-02-07,3,0,91,785.5,785.5,0.0,-243698.960733,0.0
2019-02-07,3,0,92,282.5,282.5,0.0,-87644.756724,0.0
2019-02-07,3,0,95,36.0,36.0,0.0,484.785925,0.0
2019-02-07,3,0,96,29.88,29.88,0.0,176.001039,0.0
2019-02-07,3,0,97,183.75,183.75,0.0,1082.335708,0.0
2019-02-07,3,0,99,1.53,1.53,0.0,8.384072,0.0
2019-02-07,3,0,101,0.0,0.0,0.0,0.0,0.0
2019-02-07,3,0,102,24.15,24.15,0.0,-10325.26864,0.0
2019-02-07,3,0,103,21.0,21.0,0.0,-8978.49447,0.0
2019-02-07,3,0,104,3.9,3.9,0.0,-1667.434687,0.0
2019-02-07,3,0,106,0.0,0.0,0.0,0.0,0.0
2019-02-07,3,0,109,200.0,200.0,0.0,1121.655521,0.0
2019-02-07,3,0,110,338.6,338.6,0.0,-338600.0,0.0
2019-02-07,3,0,111,0.0,0.0,0.0,0.0,0.0
2019-02-07,3,0,113,78.82,78.82,0.0,-22187.004648,0.0
2019-02-07,3,0,115,78.82,78.82,0.0,-22187.004648,0.0
2019-02-07,3,0,116,0.0,0.0,0.0,-0.0,0.0
2019-02-07,3,0,117,4.05,4.05,0.0,-1140.032591,0.0
2019-02-07,3,0,119,200.0,200.0,0.0,16904.561536,0.0
2019-02-07,3,0,120,117.6,117.6,0.0,9939.882183,0.0
2019-02-07,3,0,123,0.0,0.0,0.0,0.0,0.0
2019-02-07,3,0,125,174.2,174.2,0.0,1024.946357,0.0
2019-02-07,3,0,126,0.0,0.0,0.0,0.0,0.0
2019-02-07,3,0,127,0.0,0.0,0.0,0.0,0.0
2019-02-07,3,0,128,249.5,249.5,0.0,1467.991482,0.0
2019-02-07,3,0,131,30.0,30.0,0.0,-11697.377083,0.0
2019-02-07,3,0,132,44.1,44.1,0.0,-17195.144313,0.0
2019-02-07,3,0,133,78.86,78.86,0.0,442.429677,0.0
2019-02-07,3,0,134,0.0,0.0,0.0,0.0,0.0
2019-02-07,3,0,135,105.53,105.53,0.0,592.056857,0.0
2019-02-07,3,0,136,45.9,45.9,0.0,171.971804,0.0
2019-02-07,3,0,139,35.99,35.99,0.0,205.743708,0.0
2019-02-07,3,0,140,250.6,250.6,0.0,-250600.0,0.0
2019-02-07,3,0,141,230.0,230.0,0.0,-130746.970527,0.0
2019-02-07,3,0,142,0.0,0.0,0.0,-0.0,0.0
2019-02-07,3,0,143,71.55,71.55,0.0,421.209547,0.0
2019-02-07,3,0,145,30.0,30.0,0.0,173.504057,0.0
2019-02-07,3,0,146,122.11,122.11,0.0,-122110.0,0.0
2019-02-07,3,0,152,0.0,0.0,0.0,0.0,0.0
2019-02-07,3,0,153,0.0,0.0,0.0,0.0,0.0
2019-02-07,3,0,154,0.0,0.0,0.0,0.0,0.0
2019-02-07,3,0,157,250.0,250.0,0.0,-142116.272312,0.0
2019-02-07,3,0,158,0.0,0.0,0.0,-0.0,0.0
2019-02-07,3,0,159,0.0,0.0,0.0,0.0,0.0
2019-02-07,3,0,160,0.0,0.0,0.0,0.0,0.0
2019-02-07,3,0,161,0.0,0.0,0.0,-0.0,0.0
2019-02-07,3,0,162,48.75,48.75,0.0,694.805771,0.0
2019-02-07,3,0,163,144.44,144.44,0.0,-144440.0,0.0
2019-02-07,3,0,164,0.0,0.0,0.0,0.0,0.0
2019-02-07,3,0,167,0.0,0.0,0.0,0.0,0.0
2019-02-07,3,0,168,0.0,0.0,0.0,0.0,0.0
2019-02-07,3,0,169,0.0,0.0,0.0,0.0,0.0
2019-02-07,3,0,170,0.0,0.0,0.0,0.0,0.0
2019-02-07,3,0,172,0.0,0.0,0.0,-0.0,0.0
2019-02-07,3,0,173,0.0,0.0,0.0,-0.0,0.0
2019-02-07,3,0,188,0.0,0.0,0.0,-0.0,0.0
2019-02-07,3,0,190,0.0,0.0,0.0,0.0,0.0
2019-02-07,3,0,191,0.0,0.0,0.0,0.0,0.0
2019-02-07,3,0,192,74.71,74.71,0.0,2422.662792,0.0
2019-02-07,3,0,194,176.5,176.5,0.0,-26433.581026,0.0
2019-02-07,3,0,196,0.0,0.0,0.0,0.0,0.0
2019-02-07,3,0,198,0.0,0.0,0.0,0.0,0.0
2019-02-07,3,0,199,39.0,39.0,0.0,-1525.021567,0.0
2019-02-07,3,0,200,0.0,0.0,0.0,-0.0,0.0
2019-02-07,3,0,204,857.0,857.0,0.0,4817.318219,0.0
2019-02-07,3,0,205,1058.0,1058.0,0.0,5933.557707,0.0
2019-02-07,3,0,206,539.94,539.94,0.0,3180.388256,0.0
2019-02-07,3,0,210,0.0,0.0,0.0,0.0,0.0
2019-02-07,3,0,214,0.0,0.0,0.0,0.0,0.0
2019-02-07,3,0,217,0.0,0.0,0.0,0.0,0.0
2019-02-07,3,0,218,0.0,0.0,0.0,0.0,0.0
2019-02-07,3,0,219,0.0,0.0,0.0,0.0,0.0
2019-02-07,3,0,221,0.0,0.0,0.0,0.0,0.0
2019-02-07,3,0,225,0.0,0.0,0.0,0.0,0.0
2019-02-07,3,0,233,0.0,0.0,0.0,0.0,0.0
2019-02-07,3,0,236,50.96,50.96,0.0,276.43158,0.0
2019-02-07,3,0,237,18.97,18.97,0.0,103.951532,0.0
2019-02-07,3,0,238,0.0,0.0,0.0,0.0,0.0
2019-02-07,3,0,240,0.0,0.0,0.0,0.0,0.0
2019-02-07,3,0,245,78.0,78.0,0.0,391.972414,0.0
2019-02-07,3,0,247,120.32,120.32,0.0,604.642575,0.0
2019-02-07,3,0,248,1.9,1.9,0.0,10.411593,0.0
2019-02-07,3,0,249,150.0,150.0,0.0,753.793104,0.0
2019-02-07,3,0,251,326.4,326.4,0.0,1372.322727,0.0
2019-02-07,3,0,252,267.06,267.06,0.0,975.644307,0.0
2019-02-07,3,0,254,0.0,0.0,0.0,0.0,0.0
2019-02-07,3,0,255,0.0,0.0,0.0,0.0,0.0
2019-02-07,3,0,258,0.0,0.0,0.0,0.0,0.0
2019-02-07,3,0,260,0.0,0.0,0.0,0.0,0.0
2019-02-07,3,0,265,0.0,0.0,0.0,0.0,0.0
2019-02-07,3,0,266,23.31,23.31,0.0,133.256066,0.0
2019-02-07,3,0,267,28.64,28.64,0.0,163.726029,0.0
2019-02-07,3,0,270,451.07,451.07,0.0,-451070.0,0.0
2019-02-07,3,0,272,321.97,321.97,0.0,-90631.18354,0.0
2019-02-07,3,0,273,0.0,0.0,0.0,-0.0,0.0
2019-02-07,3,0,274,581.49,581.49,0.0,-581490.0,0.0
2019-02-07,3,0,275,809.44,809.44,0.0,-809440.0,0.0
2019-02-07,3,0,276,0.0,0.0,0.0,-0.0,0.0
2019-02-07,3,0,277,0.0,0.0,0.0,-0.0,0.0
2019-02-07,3,0,278,0.0,0.0,0.0,-0.0,0.0
2019-02-07,3,0,279,264.6,264.6,0.0,-77532.783347,0.0
2019-02-07,3,0,281,16.83,16.83,0.0,99.076963,0.0
2019-02-07,3,0,282,0.0,0.0,0.0,0.0,0.0
2019-02-07,4,0,9,0.0,0.0,0.0,0.0,0.0
2019-02-07,4,0,17,0.0,0.0,0.0,0.0,0.0
2019-02-07,4,0,19,643.3,643.3,0.0,1201.437212,0.0
2019-02-07,4,0,20,780.2,780.2,0.0,1457.113808,0.0
2019-02-07,4,0,21,0.0,0.0,0.0,0.0,0.0
2019-02-07,4,0,22,0.0,0.0,0.0,0.0,0.0
2019-02-07,4,0,23,98.16,98.16,0.0,577.680467,0.0
2019-02-07,4,0,24,162.22,162.22,0.0,954.679354,0.0
2019-02-07,4,0,29,0.0,0.0,0.0,0.0,0.0
2019-02-07,4,0,30,0.0,0.0,0.0,0.0,0.0
2019-02-07,4,0,31,37.5,37.5,0.0,220.759721,0.0
2019-02-07,4,0,32,0.0,0.0,0.0,0.0,0.0
2019-02-07,4,0,33,0.0,0.0,0.0,0.0,0.0
2019-02-07,4,0,34,0.0,0.0,0.0,0.0,0.0
2019-02-07,4,0,35,0.0,0.0,0.0,0.0,0.0
2019-02-07,4,0,36,0.0,0.0,0.0,0.0,0.0
2019-02-07,4,0,37,0.0,0.0,0.0,0.0,0.0
2019-02-07,4,0,38,0.0,0.0,0.0,0.0,0.0
2019-02-07,4,0,39,0.0,0.0,0.0,0.0,0.0
2019-02-07,4,0,40,0.0,0.0,0.0,0.0,0.0
2019-02-07,4,0,41,13.62,13.62,0.0,78.841555,0.0
2019-02-07,4,0,42,0.0,0.0,0.0,0.0,0.0
2019-02-07,4,0,43,0.0,0.0,0.0,0.0,0.0
2019-02-07,4,0,46,0.0,0.0,0.0,0.0,0.0
2019-02-07,4,0,52,39.75,39.75,0.0,234.005304,0.0
2019-02-07,4,0,53,63.15,63.15,0.0,371.75937,0.0
2019-02-07,4,0,55,623.0,623.0,0.0,3666.411278,0.0
2019-02-07,4,0,56,0.0,0.0,0.0,0.0,0.0
2019-02-07,4,0,57,0.0,0.0,0.0,0.0,0.0
2019-02-07,4,0,58,0.0,0.0,0.0,0.0,0.0
2019-02-07,4,0,59,0.0,0.0,0.0,0.0,0.0
2019-02-07,4,0,63,170.0,170.0,0.0,14906.592341,0.0
2019-02-07,4,0,64,200.0,200.0,0.0,17537.16746,0.0
2019-02-07,4,0,65,41.4,41.4,0.0,153.829174,0.0
2019-02-07,4,0,67,0.0,0.0,0.0,-0.0,0.0
2019-02-07,4,0,68,10.2,10.2,0.0,-4344.55934,0.0
2019-02-07,4,0,69,0.0,0.0,0.0,0.0,0.0
2019-02-07,4,0,74,4.82,4.82,0.0,27.233357,0.0
2019-02-07,4,0,77,200.0,200.0,0.0,-61659.602103,0.0
2019-02-07,4,0,78,151.2,151.2,0.0,-46614.65919,0.0
2019-02-07,4,0,79,87.5,87.5,0.0,-26976.07592,0.0
2019-02-07,4,0,80,141.5,141.5,0.0,-43624.168488,0.0
2019-02-07,4,0,81,185.0,185.0,0.0,-57035.131946,0.0
2019-02-07,4,0,82,130.5,130.5,0.0,-40232.890372,0.0
2019-02-07,4,0,83,291.0,291.0,0.0,-89714.72106,0.0
2019-02-07,4,0,84,0.0,0.0,0.0,-0.0,0.0
2019-02-07,4,0,86,0.0,0.0,0.0,0.0,0.0
2019-02-07,4,0,87,0.0,0.0,0.0,0.0,0.0
2019-02-07,4,0,88,170.6,170.6,0.0,-52595.640594,0.0
2019-02-07,4,0,89,164.0,164.0,0.0,-50560.873725,0.0
2019-02-07,4,0,90,220.2,220.2,0.0,-67887.221916,0.0
2019-02-07,4,0,91,785.5,785.5,0.0,-242168.087261,0.0
2019-02-07,4,0,92,282.5,282.5,0.0,-87094.187971,0.0
2019-02-07,4,0,95,84.17,84.17,0.0,1386.702232,0.0
2019-02-07,4,0,96,29.88,29.88,0.0,175.958665,0.0
2019-02-07,4,0,97,183.75,183.75,0.0,1082.075126,0.0
2019-02-07,4,0,99,0.93,0.93,0.0,5.254569,0.0
2019-02-07,4,0,101,0.0,0.0,0.0,0.0,0.0
2019-02-07,4,0,102,24.15,24.15,0.0,-10286.383143,0.0
2019-02-07,4,0,103,21.0,21.0,0.0,-8944.680994,0.0
2019-02-07,4,0,104,3.9,3.9,0.0,-1661.155042,0.0
2019-02-07,4,0,106,0.0,0.0,0.0,0.0,0.0
2019-02-07,4,0,109,200.0,200.0,0.0,1145.407438,0.0
2019-02-07,4,0,110,338.6,338.6,0.0,-338600.0,0.0
2019-02-07,4,0,111,0.0,0.0,0.0,0.0,0.0
2019-02-07,4,0,113,45.0,45.0,0.0,-12576.990221,0.0
2019-02-07,4,0,115,45.0,45.0,0.0,-12576.990221,0.0
2019-02-07,4,0,116,0.0,0.0,0.0,-0.0,0.0
2019-02-07,4,0,117,3.0,3.0,0.0,-838.466015,0.0
2019-02-07,4,0,119,200.0,200.0,0.0,17537.16746,0.0
2019-02-07,4,0,120,117.6,117.6,0.0,10311.854466,0.0
2019-02-07,4,0,123,0.0,0.0,0.0,0.0,0.0
2019-02-07,4,0,125,148.85,148.85,0.0,875.995696,0.0
2019-02-07,4,0,126,0.0,0.0,0.0,0.0,0.0
2019-02-07,4,0,127,0.0,0.0,0.0,0.0,0.0
2019-02-07,4,0,128,202.15,202.15,0.0,1189.671011,0.0
2019-02-07,4,0,131,30.0,30.0,0.0,-11645.896401,0.0
2019-02-07,4,0,132,44.1,44.1,0.0,-17119.46771,0.0
2019-02-07,4,0,133,111.41,111.41,0.0,651.297376,0.0
2019-02-07,4,0,134,0.0,0.0,0.0,0.0,0.0
2019-02-07,4,0,135,153.69,153.69,0.0,898.464174,0.0
2019-02-07,4,0,136,45.9,45.9,0.0,175.206523,0.0
2019-02-07,4,0,139,17.59,17.59,0.0,101.822536,0.0
2019-02-07,4,0,140,250.6,250.6,0.0,-250600.0,0.0
2019-02-07,4,0,141,230.0,230.0,0.0,-130467.796679,0.0
2019-02-07,4,0,142,0.0,0.0,0.0,-0.0,0.0
2019-02-07,4,0,143,71.55,71.55,0.0,421.209547,0.0
2019-02-07,4,0,145,30.0,30.0,0.0,174.826437,0.0
2019-02-07,4,0,146,268.0,268.0,0.0,-268000.0,0.0
2019-02-07,4,0,152,0.0,0.0,0.0,0.0,0.0
2019-02-07,4,0,153,0.0,0.0,0.0,0.0,0.0
2019-02-07,4,0,154,0.0,0.0,0.0,0.0,0.0
2019-02-07,4,0,157,250.0,250.0,0.0,-141812.822477,0.0
2019-02-07,4,0,158,0.0,0.0,0.0,-0.0,0.0
2019-02-07,4,0,159,0.0,0.0,0.0,0.0,0.0
2019-02-07,4,0,160,0.0,0.0,0.0,0.0,0.0
2019-02-07,4,0,161,0.0,0.0,0.0,-0.0,0.0
2019-02-07,4,0,162,48.75,48.75,0.0,841.546649,0.0
2019-02-07,4,0,163,167.08,167.08,0.0,-167080.0,0.0
2019-02-07,4,0,164,0.0,0.0,0.0,0.0,0.0
2019-02-07,4,0,167,0.0,0.0,0.0,0.0,0.0
2019-02-07,4,0,168,0.0,0.0,0.0,0.0,0.0
2019-02-07,4,0,169,0.0,0.0,0.0,0.0,0.0
2019-02-07,4,0,170,0.0,0.0,0.0,0.0,0.0
2019-02-07,4,0,172,0.0,0.0,0.0,-0.0,0.0
2019-02-07,4,0,173,0.0,0.0,0.0,-0.0,0.0
2019-02-07,4,0,188,0.0,0.0,0.0,0.0,0.0
2019-02-07,4,0,190,0.0,0.0,0.0,0.0,0.0
2019-02-07,4,0,191,0.0,0.0,0.0,0.0,0.0
2019-02-07,4,0,192,79.61,79.61,0.0,2581.557822,0.0
2019-02-07,4,0,194,176.5,176.5,0.0,-26019.802004,0.0
2019-02-07,4,0,196,0.0,0.0,0.0,0.0,0.0
2019-02-07,4,0,198,0.0,0.0,0.0,0.0,0.0
2019-02-07,4,0,199,39.0,39.0,0.0,-1487.317103,0.0
2019-02-07,4,0,200,0.0,0.0,0.0,-0.0,0.0
2019-02-07,4,0,204,857.0,857.0,0.0,4914.530168,0.0
2019-02-07,4,0,205,1058.0,1058.0,0.0,6059.205347,0.0
2019-02-07,4,0,206,539.94,539.94,0.0,3179.622549,0.0
2019-02-07,4,0,210,0.0,0.0,0.0,0.0,0.0
2019-02-07,4,0,214,0.0,0.0,0.0,0.0,0.0
2019-02-07,4,0,217,0.0,0.0,0.0,0.0,0.0
2019-02-07,4,0,218,0.0,0.0,0.0,0.0,0.0
2019-02-07,4,0,219,0.0,0.0,0.0,0.0,0.0
2019-02-07,4,0,221,0.0,0.0,0.0,0.0,0.0
2019-02-07,4,0,225,0.0,0.0,0.0,0.0,0.0
2019-02-07,4,0,233,0.0,0.0,0.0,0.0,0.0
2019-02-07,4,0,236,30.25,30.25,0.0,169.966571,0.0
2019-02-07,4,0,237,11.57,11.57,0.0,65.371358,0.0
2019-02-07,4,0,238,0.0,0.0,0.0,0.0,0.0
2019-02-07,4,0,240,0.0,0.0,0.0,0.0,0.0
2019-02-07,4,0,245,68.96,68.96,0.0,359.715103,0.0
2019-02-07,4,0,247,94.7,94.7,0.0,493.982312,0.0
2019-02-07,4,0,248,1.16,1.16,0.0,6.554086,0.0
2019-02-07,4,0,249,132.62,132.62,0.0,691.783889,0.0
2019-02-07,4,0,251,326.4,326.4,0.0,1407.450525,0.0
2019-02-07,4,0,252,267.06,267.06,0.0,992.309645,0.0
2019-02-07,4,0,254,0.0,0.0,0.0,0.0,0.0
2019-02-07,4,0,255,0.0,0.0,0.0,0.0,0.0
2019-02-07,4,0,258,0.0,0.0,0.0,0.0,0.0
2019-02-07,4,0,260,0.0,0.0,0.0,0.0,0.0
2019-02-07,4,0,265,0.0,0.0,0.0,0.0,0.0
2019-02-07,4,0,266,11.39,11.39,0.0,65.932842,0.0
2019-02-07,4,0,267,14.0,14.0,0.0,81.041245,0.0
2019-02-07,4,0,270,521.79,521.79,0.0,-521790.0,0.0
2019-02-07,4,0,272,150.39,150.39,0.0,-42032.301319,0.0
2019-02-07,4,0,273,0.0,0.0,0.0,-0.0,0.0
2019-02-07,4,0,274,672.66,672.66,0.0,-672660.0,0.0
2019-02-07,4,0,275,936.35,936.35,0.0,-936350.0,0.0
2019-02-07,4,0,276,0.0,0.0,0.0,-0.0,0.0
2019-02-07,4,0,277,0.0,0.0,0.0,-0.0,0.0
2019-02-07,4,0,278,0.0,0.0,0.0,-0.0,0.0
2019-02-07,4,0,279,264.6,264.6,0.0,-77008.866605,0.0
2019-02-07,4,0,281,16.83,16.83,0.0,99.076963,0.0
2019-02-07,4,0,282,0.0,0.0,0.0,0.0,0.0
2019-02-07,5,0,9,0.0,0.0,0.0,0.0,0.0
2019-02-07,5,0,17,0.0,0.0,0.0,0.0,0.0
2019-02-07,5,0,19,643.3,643.3,0.0,123.779495,0.0
2019-02-07,5,0,20,780.2,780.2,0.0,150.12088,0.0
2019-02-07,5,0,21,0.0,0.0,0.0,0.0,0.0
2019-02-07,5,0,22,0.0,0.0,0.0,0.0,0.0
2019-02-07,5,0,23,108.8,108.8,0.0,1232.590319,0.0
2019-02-07,5,0,24,192.5,192.5,0.0,2180.823864,0.0
2019-02-07,5,0,29,0.0,0.0,0.0,0.0,0.0
2019-02-07,5,0,30,0.0,0.0,0.0,0.0,0.0
2019-02-07,5,0,31,37.5,37.5,0.0,425.917401,0.0
2019-02-07,5,0,32,0.0,0.0,0.0,0.0,0.0
2019-02-07,5,0,33,0.0,0.0,0.0,0.0,0.0
2019-02-07,5,0,34,0.0,0.0,0.0,0.0,0.0
2019-02-07,5,0,35,0.0,0.0,0.0,0.0,0.0
2019-02-07,5,0,36,0.0,0.0,0.0,0.0,0.0
2019-02-07,5,0,37,0.0,0.0,0.0,0.0,0.0
2019-02-07,5,0,38,0.0,0.0,0.0,0.0,0.0
2019-02-07,5,0,39,0.0,0.0,0.0,0.0,0.0
2019-02-07,5,0,40,0.0,0.0,0.0,0.0,0.0
2019-02-07,5,0,41,4.95,4.95,0.0,48.634757,0.0
2019-02-07,5,0,42,0.0,0.0,0.0,0.0,0.0
2019-02-07,5,0,43,0.0,0.0,0.0,0.0,0.0
2019-02-07,5,0,46,0.0,0.0,0.0,0.0,0.0
2019-02-07,5,0,52,39.75,39.75,0.0,451.472445,0.0
2019-02-07,5,0,53,63.15,63.15,0.0,717.244903,0.0
2019-02-07,5,0,55,460.36,460.36,0.0,5215.397788,0.0
2019-02-07,5,0,56,0.0,0.0,0.0,0.0,0.0
2019-02-07,5,0,57,0.0,0.0,0.0,0.0,0.0
2019-02-07,5,0,58,0.0,0.0,0.0,0.0,0.0
2019-02-07,5,0,59,0.0,0.0,0.0,0.0,0.0
2019-02-07,5,0,63,170.0,170.0,0.0,14378.497051,0.0
2019-02-07,5,0,64,200.0,200.0,0.0,16915.878884,0.0
2019-02-07,5,0,65,38.74,38.74,0.0,135.087036,0.0
2019-02-07,5,0,67,0.0,0.0,0.0,-0.0,0.0
2019-02-07,5,0,68,10.2,10.2,0.0,-4369.437715,0.0
2019-02-07,5,0,69,0.0,0.0,0.0,0.0,0.0
2019-02-07,5,0,74,4.57,4.57,0.0,35.270663,0.0
2019-02-07,5,0,77,200.0,200.0,0.0,-62282.23469,0.0
2019-02-07,5,0,78,151.2,151.2,0.0,-47085.369425,0.0
2019-02-07,5,0,79,87.5,87.5,0.0,-27248.477677,0.0
2019-02-07,5,0,80,141.5,141.5,0.0,-44064.681043,0.0
2019-02-07,5,0,81,185.0,185.0,0.0,-57611.067088,0.0
2019-02-07,5,0,82,130.5,130.5,0.0,-40639.158135,0.0
2019-02-07,5,0,83,291.0,291.0,0.0,-90620.651473,0.0
2019-02-07,5,0,84,0.0,0.0,0.0,-0.0,0.0
2019-02-07,5,0,86,0.0,0.0,0.0,0.0,0.0
2019-02-07,5,0,87,0.0,0.0,0.0,0.0,0.0
2019-02-07,5,0,88,170.6,170.6,0.0,-53126.74619,0.0
2019-02-07,5,0,89,164.0,164.0,0.0,-51071.432445,0.0
2019-02-07,5,0,90,220.2,220.2,0.0,-68572.740393,0.0
2019-02-07,5,0,91,785.5,785.5,0.0,-244613.476743,0.0
2019-02-07,5,0,92,282.5,282.5,0.0,-87973.656499,0.0
2019-02-07,5,0,95,36.0,36.0,0.0,484.785925,0.0
2019-02-07,5,0,96,29.88,29.88,0.0,340.271656,0.0
2019-02-07,5,0,97,183.75,183.75,0.0,2092.534031,0.0
2019-02-07,5,0,99,0.88,0.88,0.0,6.791725,0.0
2019-02-07,5,0,101,0.0,0.0,0.0,0.0,0.0
2019-02-07,5,0,102,24.15,24.15,0.0,-10345.286355,0.0
2019-02-07,5,0,103,21.0,21.0,0.0,-8995.901178,0.0
2019-02-07,5,0,104,3.9,3.9,0.0,-1670.667362,0.0
2019-02-07,5,0,106,0.0,0.0,0.0,0.0,0.0
2019-02-07,5,0,109,162.95,162.95,0.0,1439.810064,0.0
2019-02-07,5,0,110,338.6,338.6,0.0,-338600.0,0.0
2019-02-07,5,0,111,0.0,0.0,0.0,0.0,0.0
2019-02-07,5,0,113,106.15,106.15,0.0,-29950.418651,0.0
2019-02-07,5,0,115,106.15,106.15,0.0,-29950.418651,0.0
2019-02-07,5,0,116,0.0,0.0,0.0,-0.0,0.0
2019-02-07,5,0,117,5.11,5.11,0.0,-1441.795943,0.0
2019-02-07,5,0,119,200.0,200.0,0.0,16915.878884,0.0
2019-02-07,5,0,120,117.6,117.6,0.0,9946.536784,0.0
2019-02-07,5,0,123,0.0,0.0,0.0,0.0,0.0
2019-02-07,5,0,125,174.2,174.2,0.0,1973.503985,0.0
2019-02-07,5,0,126,0.0,0.0,0.0,0.0,0.0
2019-02-07,5,0,127,0.0,0.0,0.0,0.0,0.0
2019-02-07,5,0,128,249.5,249.5,0.0,2826.574307,0.0
2019-02-07,5,0,131,30.0,30.0,0.0,-11723.878624,0.0
2019-02-07,5,0,132,44.1,44.1,0.0,-17234.101577,0.0
2019-02-07,5,0,133,39.7,39.7,0.0,286.651168,0.0
2019-02-07,5,0,134,0.0,0.0,0.0,0.0,0.0
2019-02-07,5,0,135,56.57,56.57,0.0,408.459863,0.0
2019-02-07,5,0,136,45.9,45.9,0.0,168.355877,0.0
2019-02-07,5,0,139,6.4,6.4,0.0,62.881302,0.0
2019-02-07,5,0,140,250.6,250.6,0.0,-250600.0,0.0
2019-02-07,5,0,141,230.0,230.0,0.0,-130890.685348,0.0
2019-02-07,5,0,142,0.0,0.0,0.0,-0.0,0.0
2019-02-07,5,0,143,135.05,135.05,0.0,1533.870532,0.0
2019-02-07,5,0,145,30.0,30.0,0.0,312.649671,0.0
2019-02-07,5,0,146,268.0,268.0,0.0,-268000.0,0.0
2019-02-07,5,0,152,0.0,0.0,0.0,0.0,0.0
2019-02-07,5,0,153,0.0,0.0,0.0,0.0,0.0
2019-02-07,5,0,154,0.0,0.0,0.0,0.0,0.0
2019-02-07,5,0,157,250.0,250.0,0.0,-142272.484074,0.0
2019-02-07,5,0,158,0.0,0.0,0.0,-0.0,0.0
2019-02-07,5,0,159,0.0,0.0,0.0,0.0,0.0
2019-02-07,5,0,160,0.0,0.0,0.0,0.0,0.0
2019-02-07,5,0,161,0.0,0.0,0.0,-0.0,0.0
2019-02-07,5,0,162,48.75,48.75,0.0,695.052197,0.0
2019-02-07,5,0,163,185.4,185.4,0.0,-185400.0,0.0
2019-02-07,5,0,164,0.0,0.0,0.0,0.0,0.0
2019-02-07,5,0,167,0.0,0.0,0.0,0.0,0.0
2019-02-07,5,0,168,0.0,0.0,0.0,0.0,0.0
2019-02-07,5,0,169,0.0,0.0,0.0,0.0,0.0
2019-02-07,5,0,170,0.0,0.0,0.0,0.0,0.0
2019-02-07,5,0,172,0.0,0.0,0.0,0.0,0.0
2019-02-07,5,0,173,0.0,0.0,0.0,0.0,0.0
2019-02-07,5,0,188,0.0,0.0,0.0,-0.0,0.0
2019-02-07,5,0,190,0.0,0.0,0.0,0.0,0.0
2019-02-07,5,0,191,0.0,0.0,0.0,0.0,0.0
2019-02-07,5,0,192,71.69,71.69,0.0,2324.73157,0.0
2019-02-07,5,0,194,176.5,176.5,0.0,-26494.631894,0.0
2019-02-07,5,0,196,0.0,0.0,0.0,0.0,0.0
2019-02-07,5,0,198,0.0,0.0,0.0,0.0,0.0
2019-02-07,5,0,199,39.0,39.0,0.0,-1595.566031,0.0
2019-02-07,5,0,200,0.0,0.0,0.0,-0.0,0.0
2019-02-07,5,0,204,638.06,638.06,0.0,5710.740641,0.0
2019-02-07,5,0,205,861.98,861.98,0.0,7616.369925,0.0
2019-02-07,5,0,206,539.94,539.94,0.0,6148.804487,0.0
2019-02-07,5,0,210,0.0,0.0,0.0,0.0,0.0
2019-02-07,5,0,214,0.0,0.0,0.0,0.0,0.0
2019-02-07,5,0,217,0.0,0.0,0.0,0.0,0.0
2019-02-07,5,0,218,0.0,0.0,0.0,0.0,0.0
2019-02-07,5,0,219,0.0,0.0,0.0,0.0,0.0
2019-02-07,5,0,221,0.0,0.0,0.0,0.0,0.0
2019-02-07,5,0,225,0.0,0.0,0.0,0.0,0.0
2019-02-07,5,0,233,0.0,0.0,0.0,0.0,0.0
2019-02-07,5,0,236,20.49,20.49,0.0,147.77274,0.0
2019-02-07,5,0,237,10.96,10.96,0.0,84.587847,0.0
2019-02-07,5,0,238,0.0,0.0,0.0,0.0,0.0
2019-02-07,5,0,240,0.0,0.0,0.0,0.0,0.0
2019-02-07,5,0,245,50.41,50.41,0.0,302.719367,0.0
2019-02-07,5,0,247,64.63,64.63,0.0,388.112532,0.0
2019-02-07,5,0,248,1.1,1.1,0.0,8.489656,0.0
2019-02-07,5,0,249,96.95,96.95,0.0,582.198823,0.0
2019-02-07,5,0,251,311.56,311.56,0.0,1429.409313,0.0
2019-02-07,5,0,252,249.93,249.93,0.0,871.510142,0.0
2019-02-07,5,0,254,0.0,0.0,0.0,0.0,0.0
2019-02-07,5,0,255,0.0,0.0,0.0,0.0,0.0
2019-02-07,5,0,258,0.0,0.0,0.0,0.0,0.0
2019-02-07,5,0,260,0.0,0.0,0.0,0.0,0.0
2019-02-07,5,0,265,0.0,0.0,0.0,0.0,0.0
2019-02-07,5,0,266,4.14,4.14,0.0,40.676342,0.0
2019-02-07,5,0,267,5.09,5.09,0.0,50.010286,0.0
2019-02-07,5,0,270,579.0,579.0,0.0,-579000.0,0.0
2019-02-07,5,0,272,364.92,364.92,0.0,-102962.852323,0.0
2019-02-07,5,0,273,0.0,0.0,0.0,-0.0,0.0
2019-02-07,5,0,274,746.4,746.4,0.0,-746400.0,0.0
2019-02-07,5,0,275,1039.0,1039.0,0.0,-1039000.0,0.0
2019-02-07,5,0,276,0.0,0.0,0.0,-0.0,0.0
2019-02-07,5,0,277,0.0,0.0,0.0,-0.0,0.0
2019-02-07,5,0,278,0.0,0.0,0.0,-0.0,0.0
2019-02-07,5,0,279,264.6,264.6,0.0,-77761.278719,0.0
2019-02-07,5,0,281,16.83,16.83,0.0,191.151729,0.0
2019-02-07,5,0,282,0.0,0.0,0.0,0.0,0.0
2019-02-07,6,0,9,0.0,0.0,0.0,0.0,0.0
2019-02-07,6,0,17,0.0,0.0,0.0,0.0,0.0
2019-02-07,6,0,19,432.86,432.86,0.0,3064.650654,0.0
2019-02-07,6,0,20,524.97,524.97,0.0,3716.789848,0.0
2019-02-07,6,0,21,0.0,0.0,0.0,0.0,0.0
2019-02-07,6,0,22,0.0,0.0,0.0,0.0,0.0
2019-02-07,6,0,23,108.8,108.8,0.0,1346.21479,0.0
2019-02-07,6,0,24,192.5,192.5,0.0,2381.859808,0.0
2019-02-07,6,0,29,0.0,0.0,0.0,0.0,0.0
2019-02-07,6,0,30,0.0,0.0,0.0,0.0,0.0
2019-02-07,6,0,31,37.57,37.57,0.0,466.125916,0.0
2019-02-07,6,0,32,0.0,0.0,0.0,0.0,0.0
2019-02-07,6,0,33,0.0,0.0,0.0,0.0,0.0
2019-02-07,6,0,34,0.0,0.0,0.0,0.0,0.0
2019-02-07,6,0,35,0.0,0.0,0.0,0.0,0.0
2019-02-07,6,0,36,0.0,0.0,0.0,0.0,0.0
2019-02-07,6,0,37,0.0,0.0,0.0,0.0,0.0
2019-02-07,6,0,38,0.0,0.0,0.0,0.0,0.0
2019-02-07,6,0,39,0.0,0.0,0.0,0.0,0.0
2019-02-07,6,0,40,0.0,0.0,0.0,0.0,0.0
2019-02-07,6,0,41,5.76,5.76,0.0,61.199346,0.0
2019-02-07,6,0,42,0.0,0.0,0.0,0.0,0.0
2019-02-07,6,0,43,0.0,0.0,0.0,0.0,0.0
2019-02-07,6,0,46,0.0,0.0,0.0,0.0,0.0
2019-02-07,6,0,52,39.83,39.83,0.0,494.165431,0.0
2019-02-07,6,0,53,63.23,63.23,0.0,784.48607,0.0
2019-02-07,6,0,55,186.9,186.9,0.0,2312.569341,0.0
2019-02-07,6,0,56,0.0,0.0,0.0,0.0,0.0
2019-02-07,6,0,57,0.0,0.0,0.0,0.0,0.0
2019-02-07,6,0,58,0.0,0.0,0.0,0.0,0.0
2019-02-07,6,0,59,0.0,0.0,0.0,0.0,0.0
2019-02-07,6,0,63,170.0,170.0,0.0,16171.593894,0.0
2019-02-07,6,0,64,200.0,200.0,0.0,19025.404581,0.0
2019-02-07,6,0,65,33.03,33.03,0.0,235.091717,0.0
2019-02-07,6,0,67,0.0,0.0,0.0,-0.0,0.0
2019-02-07,6,0,68,10.2,10.2,0.0,-4317.670302,0.0
2019-02-07,6,0,69,0.0,0.0,0.0,0.0,0.0
2019-02-07,6,0,74,4.79,4.79,0.0,39.195072,0.0
2019-02-07,6,0,77,200.0,200.0,0.0,-61065.260476,0.0
2019-02-07,6,0,78,151.2,151.2,0.0,-46165.33692,0.0
2019-02-07,6,0,79,87.5,87.5,0.0,-26716.051458,0.0
2019-02-07,6,0,80,141.5,141.5,0.0,-43203.671787,0.0
2019-02-07,6,0,81,185.0,185.0,0.0,-56485.365941,0.0
2019-02-07,6,0,82,130.5,130.5,0.0,-39845.082461,0.0
2019-02-07,6,0,83,291.0,291.0,0.0,-88849.953993,0.0
2019-02-07,6,0,84,0.0,0.0,0.0,-0.0,0.0
2019-02-07,6,0,86,0.0,0.0,0.0,0.0,0.0
2019-02-07,6,0,87,0.0,0.0,0.0,0.0,0.0
2019-02-07,6,0,88,170.6,170.6,0.0,-52088.667186,0.0
2019-02-07,6,0,89,164.0,164.0,0.0,-50073.513591,0.0
2019-02-07,6,0,90,220.2,220.2,0.0,-67232.851784,0.0
2019-02-07,6,0,91,785.5,785.5,0.0,-239833.810521,0.0
2019-02-07,6,0,92,282.5,282.5,0.0,-86254.680423,0.0
2019-02-07,6,0,95,36.0,36.0,0.0,700.048073,0.0
2019-02-07,6,0,96,29.88,29.88,0.0,371.765347,0.0
2019-02-07,6,0,97,183.75,183.75,0.0,2286.207581,0.0
2019-02-07,6,0,99,0.92,0.92,0.0,7.528072,0.0
2019-02-07,6,0,101,0.0,0.0,0.0,0.0,0.0
2019-02-07,6,0,102,24.15,24.15,0.0,-10222.719393,0.0
2019-02-07,6,0,103,21.0,21.0,0.0,-8889.321211,0.0
2019-02-07,6,0,104,3.9,3.9,0.0,-1650.873939,0.0
2019-02-07,6,0,106,0.0,0.0,0.0,0.0,0.0
2019-02-07,6,0,109,120.47,120.47,0.0,1140.900803,0.0
2019-02-07,6,0,110,338.6,338.6,0.0,-338600.0,0.0
2019-02-07,6,0,111,0.0,0.0,0.0,0.0,0.0
2019-02-07,6,0,113,137.43,137.43,0.0,-37891.158902,0.0
2019-02-07,6,0,115,137.43,137.43,0.0,-37891.158902,0.0
2019-02-07,6,0,116,0.0,0.0,0.0,-0.0,0.0
2019-02-07,6,0,117,5.45,5.45,0.0,-1502.63273,0.0
2019-02-07,6,0,119,200.0,200.0,0.0,19025.404581,0.0
2019-02-07,6,0,120,117.6,117.6,0.0,11186.937894,0.0
2019-02-07,6,0,123,0.0,0.0,0.0,0.0,0.0
2019-02-07,6,0,125,174.2,174.2,0.0,2155.42846,0.0
2019-02-07,6,0,126,0.0,0.0,0.0,0.0,0.0
2019-02-07,6,0,127,0.0,0.0,0.0,0.0,0.0
2019-02-07,6,0,128,249.5,249.5,0.0,3087.137777,0.0
2019-02-07,6,0,131,30.0,30.0,0.0,-11561.611681,0.0
2019-02-07,6,0,132,44.1,44.1,0.0,-16995.569171,0.0
2019-02-07,6,0,133,23.54,23.54,0.0,166.580095,0.0
2019-02-07,6,0,134,0.0,0.0,0.0,0.0,0.0
2019-02-07,6,0,135,31.54,31.54,0.0,223.191852,0.0
2019-02-07,6,0,136,45.9,45.9,0.0,326.788746,0.0
2019-02-07,6,0,139,7.43,7.43,0.0,78.942907,0.0
2019-02-07,6,0,140,250.6,250.6,0.0,-250600.0,0.0
2019-02-07,6,0,141,230.0,230.0,0.0,-130010.730288,0.0
2019-02-07,6,0,142,0.0,0.0,0.0,-0.0,0.0
2019-02-07,6,0,143,238.49,238.49,0.0,2958.913221,0.0
2019-02-07,6,0,145,30.0,30.0,0.0,339.506993,0.0
2019-02-07,6,0,146,268.0,268.0,0.0,-268000.0,0.0
2019-02-07,6,0,152,0.0,0.0,0.0,0.0,0.0
2019-02-07,6,0,153,0.0,0.0,0.0,0.0,0.0
2019-02-07,6,0,154,0.0,0.0,0.0,0.0,0.0
2019-02-07,6,0,157,196.66,196.66,0.0,-111164.827037,0.0
2019-02-07,6,0,158,0.0,0.0,0.0,-0.0,0.0
2019-02-07,6,0,159,0.0,0.0,0.0,0.0,0.0
2019-02-07,6,0,160,0.0,0.0,0.0,0.0,0.0
2019-02-07,6,0,161,0.0,0.0,0.0,-0.0,0.0
2019-02-07,6,0,162,48.75,48.75,0.0,986.07598,0.0
2019-02-07,6,0,163,185.4,185.4,0.0,-185400.0,0.0
2019-02-07,6,0,164,0.0,0.0,0.0,0.0,0.0
2019-02-07,6,0,167,0.0,0.0,0.0,0.0,0.0
2019-02-07,6,0,168,0.0,0.0,0.0,0.0,0.0
2019-02-07,6,0,169,0.0,0.0,0.0,0.0,0.0
2019-02-07,6,0,170,0.0,0.0,0.0,0.0,0.0
2019-02-07,6,0,172,0.0,0.0,0.0,0.0,0.0
2019-02-07,6,0,173,0.0,0.0,0.0,0.0,0.0
2019-02-07,6,0,188,0.0,0.0,0.0,0.0,0.0
2019-02-07,6,0,190,0.0,0.0,0.0,0.0,0.0
2019-02-07,6,0,191,0.0,0.0,0.0,0.0,0.0
2019-02-07,6,0,192,149.18,149.18,0.0,4837.542971,0.0
2019-02-07,6,0,194,176.5,176.5,0.0,-25135.550374,0.0
2019-02-07,6,0,196,0.0,0.0,0.0,0.0,0.0
2019-02-07,6,0,198,0.0,0.0,0.0,0.0,0.0
2019-02-07,6,0,199,39.0,39.0,0.0,-1522.414499,0.0
2019-02-07,6,0,200,0.0,0.0,0.0,-0.0,0.0
2019-02-07,6,0,204,430.6,430.6,0.0,4134.956827,0.0
2019-02-07,6,0,205,637.3,637.3,0.0,6035.494994,0.0
2019-02-07,6,0,206,539.94,539.94,0.0,6717.904332,0.0
2019-02-07,6,0,210,0.0,0.0,0.0,0.0,0.0
2019-02-07,6,0,214,0.0,0.0,0.0,0.0,0.0
2019-02-07,6,0,217,0.0,0.0,0.0,0.0,0.0
2019-02-07,6,0,218,0.0,0.0,0.0,0.0,0.0
2019-02-07,6,0,219,0.0,0.0,0.0,0.0,0.0
2019-02-07,6,0,221,0.0,0.0,0.0,0.0,0.0
2019-02-07,6,0,225,0.0,0.0,0.0,0.0,0.0
2019-02-07,6,0,233,0.0,0.0,0.0,0.0,0.0
2019-02-07,6,0,236,14.47,14.47,0.0,109.854835,0.0
2019-02-07,6,0,237,11.49,11.49,0.0,94.019076,0.0
2019-02-07,6,0,238,0.0,0.0,0.0,0.0,0.0
2019-02-07,6,0,240,0.0,0.0,0.0,0.0,0.0
2019-02-07,6,0,245,35.52,35.52,0.0,246.581421,0.0
2019-02-07,6,0,247,41.57,41.57,0.0,288.58079,0.0
2019-02-07,6,0,248,1.15,1.15,0.0,9.41009,0.0
2019-02-07,6,0,249,68.31,68.31,0.0,474.21106,0.0
2019-02-07,6,0,251,258.17,258.17,0.0,1853.432655,0.0
2019-02-07,6,0,252,213.06,213.06,0.0,1516.459012,0.0
2019-02-07,6,0,254,0.0,0.0,0.0,0.0,0.0
2019-02-07,6,0,255,0.0,0.0,0.0,0.0,0.0
2019-02-07,6,0,258,0.0,0.0,0.0,0.0,0.0
2019-02-07,6,0,260,0.0,0.0,0.0,0.0,0.0
2019-02-07,6,0,265,0.0,0.0,0.0,0.0,0.0
2019-02-07,6,0,266,4.81,4.81,0.0,51.105704,0.0
2019-02-07,6,0,267,5.92,5.92,0.0,62.899328,0.0
2019-02-07,6,0,270,579.0,579.0,0.0,-579000.0,0.0
2019-02-07,6,0,272,484.95,484.95,0.0,-133706.741683,0.0
2019-02-07,6,0,273,0.0,0.0,0.0,-0.0,0.0
2019-02-07,6,0,274,746.4,746.4,0.0,-746400.0,0.0
2019-02-07,6,0,275,1039.0,1039.0,0.0,-1039000.0,0.0
2019-02-07,6,0,276,0.0,0.0,0.0,-0.0,0.0
2019-02-07,6,0,277,0.0,0.0,0.0,-0.0,0.0
2019-02-07,6,0,278,0.0,0.0,0.0,-0.0,0.0
2019-02-07,6,0,279,264.6,264.6,0.0,-76095.019524,0.0
2019-02-07,6,0,281,16.89,16.89,0.0,209.551949,0.0
2019-02-07,6,0,282,0.0,0.0,0.0,0.0,0.0
2019-02-07,7,0,9,0.0,0.0,0.0,0.0,0.0
2019-02-07,7,0,17,0.0,0.0,0.0,0.0,0.0
2019-02-07,7,0,19,272.35,272.35,0.0,1915.178668,0.0
2019-02-07,7,0,20,330.31,330.31,0.0,2322.756254,0.0
2019-02-07,7,0,21,0.0,0.0,0.0,0.0,0.0
2019-02-07,7,0,22,0.0,0.0,0.0,0.0,0.0
2019-02-07,7,0,23,108.8,108.8,0.0,1232.762603,0.0
2019-02-07,7,0,24,192.5,192.5,0.0,2181.128686,0.0
2019-02-07,7,0,29,0.0,0.0,0.0,0.0,0.0
2019-02-07,7,0,30,0.0,0.0,0.0,0.0,0.0
2019-02-07,7,0,31,92.33,92.33,0.0,1048.66543,0.0
2019-02-07,7,0,32,0.0,0.0,0.0,0.0,0.0
2019-02-07,7,0,33,0.0,0.0,0.0,0.0,0.0
2019-02-07,7,0,34,0.0,0.0,0.0,0.0,0.0
2019-02-07,7,0,35,0.0,0.0,0.0,0.0,0.0
2019-02-07,7,0,36,0.0,0.0,0.0,0.0,0.0
2019-02-07,7,0,37,0.0,0.0,0.0,0.0,0.0
2019-02-07,7,0,38,0.0,0.0,0.0,0.0,0.0
2019-02-07,7,0,39,0.0,0.0,0.0,0.0,0.0
2019-02-07,7,0,40,0.0,0.0,0.0,0.0,0.0
2019-02-07,7,0,41,12.5,12.5,0.0,123.883976,0.0
2019-02-07,7,0,42,0.0,0.0,0.0,0.0,0.0
2019-02-07,7,0,43,0.0,0.0,0.0,0.0,0.0
2019-02-07,7,0,46,0.0,0.0,0.0,0.0,0.0
2019-02-07,7,0,52,97.87,97.87,0.0,1111.587627,0.0
2019-02-07,7,0,53,155.54,155.54,0.0,1766.5918,0.0
2019-02-07,7,0,55,186.9,186.9,0.0,2117.67767,0.0
2019-02-07,7,0,56,0.0,0.0,0.0,0.0,0.0
2019-02-07,7,0,57,0.0,0.0,0.0,0.0,0.0
2019-02-07,7,0,58,0.0,0.0,0.0,0.0,0.0
2019-02-07,7,0,59,0.0,0.0,0.0,0.0,0.0
2019-02-07,7,0,63,170.0,170.0,0.0,16395.44129,0.0
2019-02-07,7,0,64,200.0,200.0,0.0,19288.754458,0.0
2019-02-07,7,0,65,27.95,27.95,0.0,197.397304,0.0
2019-02-07,7,0,67,0.0,0.0,0.0,-0.0,0.0
2019-02-07,7,0,68,10.2,10.2,0.0,-4307.490461,0.0
2019-02-07,7,0,69,0.0,0.0,0.0,0.0,0.0
2019-02-07,7,0,74,5.52,5.52,0.0,43.759788,0.0
2019-02-07,7,0,77,200.0,200.0,0.0,-60816.607431,0.0
2019-02-07,7,0,78,151.2,151.2,0.0,-45977.355218,0.0
2019-02-07,7,0,79,87.5,87.5,0.0,-26607.265751,0.0
2019-02-07,7,0,80,141.5,141.5,0.0,-43027.749757,0.0
2019-02-07,7,0,81,185.0,185.0,0.0,-56255.361874,0.0
2019-02-07,7,0,82,130.5,130.5,0.0,-39682.836349,0.0
2019-02-07,7,0,83,291.0,291.0,0.0,-88488.163812,0.0
2019-02-07,7,0,84,0.0,0.0,0.0,0.0,0.0
2019-02-07,7,0,86,0.0,0.0,0.0,0.0,0.0
2019-02-07,7,0,87,0.0,0.0,0.0,0.0,0.0
2019-02-07,7,0,88,170.6,170.6,0.0,-51876.566138,0.0
2019-02-07,7,0,89,164.0,164.0,0.0,-49869.618093,0.0
2019-02-07,7,0,90,220.2,220.2,0.0,-66959.084781,0.0
2019-02-07,7,0,91,785.5,785.5,0.0,-238857.225685,0.0
2019-02-07,7,0,92,282.5,282.5,0.0,-85903.457996,0.0
2019-02-07,7,0,95,36.0,36.0,0.0,700.048073,0.0
2019-02-07,7,0,96,29.88,29.88,0.0,340.222208,0.0
2019-02-07,7,0,97,183.75,183.75,0.0,2092.229943,0.0
2019-02-07,7,0,99,1.06,1.06,0.0,8.403148,0.0
2019-02-07,7,0,101,0.0,0.0,0.0,0.0,0.0
2019-02-07,7,0,102,24.15,24.15,0.0,-10198.61712,0.0
2019-02-07,7,0,103,21.0,21.0,0.0,-8868.362713,0.0
2019-02-07,7,0,104,3.9,3.9,0.0,-1646.981647,0.0
2019-02-07,7,0,106,0.0,0.0,0.0,0.0,0.0
2019-02-07,7,0,109,114.56,114.56,0.0,1027.971348,0.0
2019-02-07,7,0,110,338.6,338.6,0.0,-338600.0,0.0
2019-02-07,7,0,111,0.0,0.0,0.0,0.0,0.0
2019-02-07,7,0,113,75.93,75.93,0.0,-20846.795473,0.0
2019-02-07,7,0,115,75.93,75.93,0.0,-20846.795473,0.0
2019-02-07,7,0,116,0.0,0.0,0.0,-0.0,0.0
2019-02-07,7,0,117,3.11,3.11,0.0,-853.859264,0.0
2019-02-07,7,0,119,200.0,200.0,0.0,19288.754458,0.0
2019-02-07,7,0,120,117.6,117.6,0.0,11341.787622,0.0
2019-02-07,7,0,123,0.0,0.0,0.0,0.0,0.0
2019-02-07,7,0,125,174.2,174.2,0.0,1973.779829,0.0
2019-02-07,7,0,126,0.0,0.0,0.0,0.0,0.0
2019-02-07,7,0,127,0.0,0.0,0.0,0.0,0.0
2019-02-07,7,0,128,249.5,249.5,0.0,2826.969388,0.0
2019-02-07,7,0,131,30.0,30.0,0.0,-11529.702576,0.0
2019-02-07,7,0,132,44.1,44.1,0.0,-16948.662786,0.0
2019-02-07,7,0,133,16.02,16.02,0.0,112.607449,0.0
2019-02-07,7,0,134,0.0,0.0,0.0,0.0,0.0
2019-02-07,7,0,135,21.47,21.47,0.0,150.916475,0.0
2019-02-07,7,0,136,45.9,45.9,0.0,324.246223,0.0
2019-02-07,7,0,139,16.14,16.14,0.0,159.95899,0.0
2019-02-07,7,0,140,250.6,250.6,0.0,-250600.0,0.0
2019-02-07,7,0,141,230.0,230.0,0.0,-129837.690862,0.0
2019-02-07,7,0,142,0.0,0.0,0.0,-0.0,0.0
2019-02-07,7,0,143,176.28,176.28,0.0,2002.152517,0.0
2019-02-07,7,0,145,30.0,30.0,0.0,314.1803,0.0
2019-02-07,7,0,146,268.0,268.0,0.0,-268000.0,0.0
2019-02-07,7,0,152,0.0,0.0,0.0,0.0,0.0
2019-02-07,7,0,153,0.0,0.0,0.0,0.0,0.0
2019-02-07,7,0,154,0.0,0.0,0.0,0.0,0.0
2019-02-07,7,0,157,102.94,102.94,0.0,-58110.834336,0.0
2019-02-07,7,0,158,0.0,0.0,0.0,-0.0,0.0
2019-02-07,7,0,159,0.0,0.0,0.0,0.0,0.0
2019-02-07,7,0,160,0.0,0.0,0.0,0.0,0.0
2019-02-07,7,0,161,0.0,0.0,0.0,-0.0,0.0
2019-02-07,7,0,162,48.75,48.75,0.0,986.874965,0.0
2019-02-07,7,0,163,185.4,185.4,0.0,-185400.0,0.0
2019-02-07,7,0,164,0.0,0.0,0.0,0.0,0.0
2019-02-07,7,0,167,0.0,0.0,0.0,0.0,0.0
2019-02-07,7,0,168,0.0,0.0,0.0,0.0,0.0
2019-02-07,7,0,169,0.0,0.0,0.0,0.0,0.0
2019-02-07,7,0,170,0.0,0.0,0.0,0.0,0.0
2019-02-07,7,0,172,0.0,0.0,0.0,0.0,0.0
2019-02-07,7,0,173,0.0,0.0,0.0,0.0,0.0
2019-02-07,7,0,188,0.0,0.0,0.0,0.0,0.0
2019-02-07,7,0,190,0.0,0.0,0.0,0.0,0.0
2019-02-07,7,0,191,0.0,0.0,0.0,0.0,0.0
2019-02-07,7,0,192,332.6,332.6,0.0,10785.405497,0.0
2019-02-07,7,0,194,176.5,176.5,0.0,-24912.378411,0.0
2019-02-07,7,0,196,0.0,0.0,0.0,0.0,0.0
2019-02-07,7,0,198,0.0,0.0,0.0,0.0,0.0
2019-02-07,7,0,199,39.0,39.0,0.0,-1483.572217,0.0
2019-02-07,7,0,200,0.0,0.0,0.0,-0.0,0.0
2019-02-07,7,0,204,373.68,373.68,0.0,3393.27691,0.0
2019-02-07,7,0,205,606.0,606.0,0.0,5437.767431,0.0
2019-02-07,7,0,206,539.94,539.94,0.0,6147.91094,0.0
2019-02-07,7,0,210,0.0,0.0,0.0,0.0,0.0
2019-02-07,7,0,214,0.0,0.0,0.0,0.0,0.0
2019-02-07,7,0,217,0.0,0.0,0.0,0.0,0.0
2019-02-07,7,0,218,0.0,0.0,0.0,0.0,0.0
2019-02-07,7,0,219,0.0,0.0,0.0,0.0,0.0
2019-02-07,7,0,221,0.0,0.0,0.0,0.0,0.0
2019-02-07,7,0,225,0.0,0.0,0.0,0.0,0.0
2019-02-07,7,0,233,0.0,0.0,0.0,0.0,0.0
2019-02-07,7,0,236,11.19,11.19,0.0,83.34025,0.0
2019-02-07,7,0,237,13.23,13.23,0.0,104.880796,0.0
2019-02-07,7,0,238,0.0,0.0,0.0,0.0,0.0
2019-02-07,7,0,240,0.0,0.0,0.0,0.0,0.0
2019-02-07,7,0,245,24.0,24.0,0.0,166.080417,0.0
2019-02-07,7,0,247,25.0,25.0,0.0,173.000435,0.0
2019-02-07,7,0,248,1.33,1.33,0.0,10.543572,0.0
2019-02-07,7,0,249,46.15,46.15,0.0,319.358802,0.0
2019-02-07,7,0,251,211.86,211.86,0.0,1506.86173,0.0
2019-02-07,7,0,252,180.28,180.28,0.0,1273.230268,0.0
2019-02-07,7,0,254,0.0,0.0,0.0,0.0,0.0
2019-02-07,7,0,255,0.0,0.0,0.0,0.0,0.0
2019-02-07,7,0,258,0.0,0.0,0.0,0.0,0.0
2019-02-07,7,0,260,0.0,0.0,0.0,0.0,0.0
2019-02-07,7,0,265,0.0,0.0,0.0,0.0,0.0
2019-02-07,7,0,266,10.45,10.45,0.0,103.567004,0.0
2019-02-07,7,0,267,12.84,12.84,0.0,127.253621,0.0
2019-02-07,7,0,270,579.0,579.0,0.0,-579000.0,0.0
2019-02-07,7,0,272,270.16,270.16,0.0,-74173.189319,0.0
2019-02-07,7,0,273,0.0,0.0,0.0,-0.0,0.0
2019-02-07,7,0,274,746.4,746.4,0.0,-746400.0,0.0
2019-02-07,7,0,275,1039.0,1039.0,0.0,-1039000.0,0.0
2019-02-07,7,0,276,0.0,0.0,0.0,-0.0,0.0
2019-02-07,7,0,277,0.0,0.0,0.0,-0.0,0.0
2019-02-07,7,0,278,0.0,0.0,0.0,-0.0,0.0
2019-02-07,7,0,279,264.6,264.6,0.0,-75779.312464,0.0
2019-02-07,7,0,281,41.4,41.4,0.0,470.21281,0.0
2019-02-07,7,0,282,0.0,0.0,0.0,0.0,0.0
2019-02-07,8,0,9,0.0,0.0,0.0,0.0,0.0
2019-02-07,8,0,17,0.0,0.0,0.0,0.0,0.0
2019-02-07,8,0,19,244.72,244.72,0.0,1795.245348,0.0
2019-02-07,8,0,20,304.58,304.58,0.0,2234.373276,0.0
2019-02-07,8,0,21,0.0,0.0,0.0,0.0,0.0
2019-02-07,8,0,22,0.0,0.0,0.0,0.0,0.0
2019-02-07,8,0,23,108.8,108.8,0.0,996.527318,0.0
2019-02-07,8,0,24,192.5,192.5,0.0,1763.157249,0.0
2019-02-07,8,0,29,0.0,0.0,0.0,0.0,0.0
2019-02-07,8,0,30,0.0,0.0,0.0,0.0,0.0
2019-02-07,8,0,31,37.5,37.5,0.0,343.905791,0.0
2019-02-07,8,0,32,0.0,0.0,0.0,0.0,0.0
2019-02-07,8,0,33,0.0,0.0,0.0,0.0,0.0
2019-02-07,8,0,34,0.0,0.0,0.0,0.0,0.0
2019-02-07,8,0,35,0.0,0.0,0.0,0.0,0.0
2019-02-07,8,0,36,0.0,0.0,0.0,0.0,0.0
2019-02-07,8,0,37,0.0,0.0,0.0,0.0,0.0
2019-02-07,8,0,38,0.0,0.0,0.0,0.0,0.0
2019-02-07,8,0,39,0.0,0.0,0.0,0.0,0.0
2019-02-07,8,0,40,0.0,0.0,0.0,0.0,0.0
2019-02-07,8,0,41,17.4,17.4,0.0,148.891728,0.0
2019-02-07,8,0,42,0.0,0.0,0.0,0.0,0.0
2019-02-07,8,0,43,0.0,0.0,0.0,0.0,0.0
2019-02-07,8,0,46,0.0,0.0,0.0,0.0,0.0
2019-02-07,8,0,52,39.75,39.75,0.0,364.540139,0.0
2019-02-07,8,0,53,63.15,63.15,0.0,579.137352,0.0
2019-02-07,8,0,55,186.9,186.9,0.0,1711.865401,0.0
2019-02-07,8,0,56,0.0,0.0,0.0,0.0,0.0
2019-02-07,8,0,57,0.0,0.0,0.0,0.0,0.0
2019-02-07,8,0,58,0.0,0.0,0.0,0.0,0.0
2019-02-07,8,0,59,0.0,0.0,0.0,0.0,0.0
2019-02-07,8,0,63,96.01,96.01,0.0,10672.010214,0.0
2019-02-07,8,0,64,112.86,112.86,0.0,12544.975239,0.0
2019-02-07,8,0,65,27.19,27.19,0.0,199.814933,0.0
2019-02-07,8,0,67,0.0,0.0,0.0,-0.0,0.0
2019-02-07,8,0,68,10.2,10.2,0.0,-4224.463929,0.0
2019-02-07,8,0,69,0.0,0.0,0.0,0.0,0.0
2019-02-07,8,0,74,3.21,3.21,0.0,24.767555,0.0
2019-02-07,8,0,77,147.17,147.17,0.0,-43293.542361,0.0
2019-02-07,8,0,78,111.12,111.12,0.0,-32688.580738,0.0
2019-02-07,8,0,79,64.1,64.1,0.0,-18856.533705,0.0
2019-02-07,8,0,80,103.96,103.96,0.0,-30582.297098,0.0
2019-02-07,8,0,81,136.09,136.09,0.0,-40034.097846,0.0
2019-02-07,8,0,82,95.84,95.84,0.0,-28193.606713,0.0
2019-02-07,8,0,83,214.4,214.4,0.0,-63070.839724,0.0
2019-02-07,8,0,84,0.0,0.0,0.0,0.0,0.0
2019-02-07,8,0,86,0.0,0.0,0.0,0.0,0.0
2019-02-07,8,0,87,0.0,0.0,0.0,0.0,0.0
2019-02-07,8,0,88,123.33,123.33,0.0,-36280.441526,0.0
2019-02-07,8,0,89,119.02,119.02,0.0,-35012.55291,0.0
2019-02-07,8,0,90,155.3,155.3,0.0,-45685.174483,0.0
2019-02-07,8,0,91,486.84,486.84,0.0,-143215.520575,0.0
2019-02-07,8,0,92,194.81,194.81,0.0,-57307.977083,0.0
2019-02-07,8,0,95,36.0,36.0,0.0,700.048073,0.0
2019-02-07,8,0,96,29.88,29.88,0.0,274.385208,0.0
2019-02-07,8,0,97,183.75,183.75,0.0,1687.358835,0.0
2019-02-07,8,0,99,0.62,0.62,0.0,4.783764,0.0
2019-02-07,8,0,101,0.0,0.0,0.0,0.0,0.0
2019-02-07,8,0,102,24.15,24.15,0.0,-10002.039596,0.0
2019-02-07,8,0,103,21.0,21.0,0.0,-8697.425736,0.0
2019-02-07,8,0,104,3.9,3.9,0.0,-1615.236208,0.0
2019-02-07,8,0,106,0.0,0.0,0.0,0.0,0.0
2019-02-07,8,0,109,164.31,164.31,0.0,1340.658389,0.0
2019-02-07,8,0,110,338.6,338.6,0.0,-338600.0,0.0
2019-02-07,8,0,111,0.0,0.0,0.0,0.0,0.0
2019-02-07,8,0,113,141.55,141.55,0.0,-37449.616956,0.0
2019-02-07,8,0,115,141.55,141.55,0.0,-37449.616956,0.0
2019-02-07,8,0,116,0.0,0.0,0.0,-0.0,0.0
2019-02-07,8,0,117,7.33,7.33,0.0,-1939.284297,0.0
2019-02-07,8,0,119,112.86,112.86,0.0,12544.975239,0.0
2019-02-07,8,0,120,66.59,66.59,0.0,7401.824395,0.0
2019-02-07,8,0,123,0.0,0.0,0.0,0.0,0.0
2019-02-07,8,0,125,174.2,174.2,0.0,1595.542819,0.0
2019-02-07,8,0,126,0.0,0.0,0.0,0.0,0.0
2019-02-07,8,0,127,0.0,0.0,0.0,0.0,0.0
2019-02-07,8,0,128,249.5,249.5,0.0,2285.234979,0.0
2019-02-07,8,0,131,30.0,30.0,0.0,-11269.452724,0.0
2019-02-07,8,0,132,44.1,44.1,0.0,-16566.095504,0.0
2019-02-07,8,0,133,14.83,14.83,0.0,108.773577,0.0
2019-02-07,8,0,134,0.0,0.0,0.0,0.0,0.0
2019-02-07,8,0,135,19.88,19.88,0.0,145.813804,0.0
2019-02-07,8,0,136,45.05,45.05,0.0,331.097159,0.0
2019-02-07,8,0,139,22.47,22.47,0.0,192.275697,0.0
2019-02-07,8,0,140,250.6,250.6,0.0,-250600.0,0.0
2019-02-07,8,0,141,230.0,230.0,0.0,-128426.385699,0.0
2019-02-07,8,0,142,0.0,0.0,0.0,-0.0,0.0
2019-02-07,8,0,143,71.55,71.55,0.0,656.17225,0.0
2019-02-07,8,0,145,30.0,30.0,0.0,263.86106,0.0
2019-02-07,8,0,146,268.0,268.0,0.0,-268000.0,0.0
2019-02-07,8,0,152,0.0,0.0,0.0,0.0,0.0
2019-02-07,8,0,153,0.0,0.0,0.0,0.0,0.0
2019-02-07,8,0,154,0.0,0.0,0.0,0.0,0.0
2019-02-07,8,0,157,96.23,96.23,0.0,-53732.483025,0.0
2019-02-07,8,0,158,0.0,0.0,0.0,-0.0,0.0
2019-02-07,8,0,159,0.0,0.0,0.0,0.0,0.0
2019-02-07,8,0,160,0.0,0.0,0.0,0.0,0.0
2019-02-07,8,0,161,0.0,0.0,0.0,-0.0,0.0
2019-02-07,8,0,162,48.75,48.75,0.0,985.934068,0.0
2019-02-07,8,0,163,185.4,185.4,0.0,-185400.0,0.0
2019-02-07,8,0,164,0.0,0.0,0.0,0.0,0.0
2019-02-07,8,0,167,0.0,0.0,0.0,0.0,0.0
2019-02-07,8,0,168,0.0,0.0,0.0,0.0,0.0
2019-02-07,8,0,169,0.0,0.0,0.0,0.0,0.0
2019-02-07,8,0,170,0.0,0.0,0.0,0.0,0.0
2019-02-07,8,0,172,0.0,0.0,0.0,0.0,0.0
2019-02-07,8,0,173,0.0,0.0,0.0,0.0,0.0
2019-02-07,8,0,188,0.0,0.0,0.0,0.0,0.0
2019-02-07,8,0,190,0.0,0.0,0.0,0.0,0.0
2019-02-07,8,0,191,0.0,0.0,0.0,0.0,0.0
2019-02-07,8,0,192,332.6,332.6,0.0,10785.405497,0.0
2019-02-07,8,0,194,176.5,176.5,0.0,-22874.418574,0.0
2019-02-07,8,0,196,0.0,0.0,0.0,0.0,0.0
2019-02-07,8,0,198,0.0,0.0,0.0,0.0,0.0
2019-02-07,8,0,199,25.53,25.53,0.0,-839.134067,0.0
2019-02-07,8,0,200,0.0,0.0,0.0,-0.0,0.0
2019-02-07,8,0,204,608.0,608.0,0.0,4988.590173,0.0
2019-02-07,8,0,205,869.21,869.21,0.0,7092.165287,0.0
2019-02-07,8,0,206,539.94,539.94,0.0,4958.217846,0.0
2019-02-07,8,0,210,0.0,0.0,0.0,0.0,0.0
2019-02-07,8,0,214,0.0,0.0,0.0,0.0,0.0
2019-02-07,8,0,217,0.0,0.0,0.0,0.0,0.0
2019-02-07,8,0,218,0.0,0.0,0.0,0.0,0.0
2019-02-07,8,0,219,0.0,0.0,0.0,0.0,0.0
2019-02-07,8,0,221,0.0,0.0,0.0,0.0,0.0
2019-02-07,8,0,225,0.0,0.0,0.0,0.0,0.0
2019-02-07,8,0,233,0.0,0.0,0.0,0.0,0.0
2019-02-07,8,0,236,5.54,5.54,0.0,41.617843,0.0
2019-02-07,8,0,237,7.69,7.69,0.0,59.334111,0.0
2019-02-07,8,0,238,0.0,0.0,0.0,0.0,0.0
2019-02-07,8,0,240,0.0,0.0,0.0,0.0,0.0
2019-02-07,8,0,245,19.22,19.22,0.0,140.082931,0.0
2019-02-07,8,0,247,20.95,20.95,0.0,152.691853,0.0
2019-02-07,8,0,248,0.77,0.77,0.0,5.941127,0.0
2019-02-07,8,0,249,36.96,36.96,0.0,269.37904,0.0
2019-02-07,8,0,251,201.88,201.88,0.0,1487.867027,0.0
2019-02-07,8,0,252,175.4,175.4,0.0,1288.986366,0.0
2019-02-07,8,0,254,0.0,0.0,0.0,0.0,0.0
2019-02-07,8,0,255,0.0,0.0,0.0,0.0,0.0
2019-02-07,8,0,258,0.0,0.0,0.0,0.0,0.0
2019-02-07,8,0,260,0.0,0.0,0.0,0.0,0.0
2019-02-07,8,0,265,0.0,0.0,0.0,0.0,0.0
2019-02-07,8,0,266,14.55,14.55,0.0,124.50429,0.0
2019-02-07,8,0,267,17.88,17.88,0.0,152.999086,0.0
2019-02-07,8,0,270,579.0,579.0,0.0,-579000.0,0.0
2019-02-07,8,0,272,490.05,490.05,0.0,-129651.605717,0.0
2019-02-07,8,0,273,0.0,0.0,0.0,-0.0,0.0
2019-02-07,8,0,274,746.4,746.4,0.0,-746400.0,0.0
2019-02-07,8,0,275,1039.0,1039.0,0.0,-1039000.0,0.0
2019-02-07,8,0,276,0.0,0.0,0.0,-0.0,0.0
2019-02-07,8,0,277,0.0,0.0,0.0,-0.0,0.0
2019-02-07,8,0,278,0.0,0.0,0.0,-0.0,0.0
2019-02-07,8,0,279,264.6,264.6,0.0,-73145.354577,0.0
2019-02-07,8,0,281,16.83,16.83,0.0,154.344919,0.0
2019-02-07,8,0,282,0.0,0.0,0.0,0.0,0.0
2019-02-07,9,0,9,0.32,0.32,0.0,1.887093,0.0
2019-02-07,9,0,17,9.78,9.78,0.0,73.465799,0.0
2019-02-07,9,0,19,190.71,190.71,0.0,1432.583084,0.0
2019-02-07,9,0,20,236.81,236.81,0.0,1778.878927,0.0
2019-02-07,9,0,21,7.41,7.41,0.0,43.697995,0.0
2019-02-07,9,0,22,26.34,26.34,0.0,155.331334,0.0
2019-02-07,9,0,23,108.8,108.8,0.0,641.611584,0.0
2019-02-07,9,0,24,192.5,192.5,0.0,1135.204319,0.0
2019-02-07,9,0,29,1.7,1.7,0.0,13.758385,0.0
2019-02-07,9,0,30,47.68,47.68,0.0,280.688626,0.0
2019-02-07,9,0,31,49.31,49.31,0.0,290.284316,0.0
2019-02-07,9,0,32,0.74,0.74,0.0,37.965875,0.0
2019-02-07,9,0,33,0.47,0.47,0.0,3.664143,0.0
2019-02-07,9,0,34,0.76,0.76,0.0,5.924997,0.0
2019-02-07,9,0,35,0.76,0.76,0.0,5.924997,0.0
2019-02-07,9,0,36,1.17,1.17,0.0,8.28448,0.0
2019-02-07,9,0,37,0.59,0.59,0.0,4.175065,0.0
2019-02-07,9,0,38,0.76,0.76,0.0,5.378049,0.0
2019-02-07,9,0,39,0.51,0.51,0.0,3.608954,0.0
2019-02-07,9,0,40,0.51,0.51,0.0,3.608954,0.0
2019-02-07,9,0,41,34.8,34.8,0.0,223.781525,0.0
2019-02-07,9,0,42,11.69,11.69,0.0,87.093234,0.0
2019-02-07,9,0,43,3.14,3.14,0.0,22.479845,0.0
2019-02-07,9,0,46,2.78,2.78,0.0,19.370766,0.0
2019-02-07,9,0,52,52.32,52.32,0.0,308.003962,0.0
2019-02-07,9,0,53,83.57,83.57,0.0,491.970396,0.0
2019-02-07,9,0,55,186.9,186.9,0.0,1102.180194,0.0
2019-02-07,9,0,56,14.06,14.06,0.0,82.770178,0.0
2019-02-07,9,0,57,13.38,13.38,0.0,78.767068,0.0
2019-02-07,9,0,58,25.73,25.73,0.0,151.470603,0.0
2019-02-07,9,0,59,25.3,25.3,0.0,148.939225,0.0
2019-02-07,9,0,63,51.0,51.0,0.0,6045.629816,0.0
2019-02-07,9,0,64,60.0,60.0,0.0,7112.505666,0.0
2019-02-07,9,0,65,26.5,26.5,0.0,198.760501,0.0
2019-02-07,9,0,67,30.67,30.67,0.0,-17017.705963,0.0
2019-02-07,9,0,68,19.12,19.12,0.0,-7829.754756,0.0
2019-02-07,9,0,69,0.47,0.47,0.0,3.664143,0.0
2019-02-07,9,0,74,1.9,1.9,0.0,13.633405,0.0
2019-02-07,9,0,77,60.0,60.0,0.0,-17305.286781,0.0
2019-02-07,9,0,78,45.36,45.36,0.0,-13082.796806,0.0
2019-02-07,9,0,79,26.25,26.25,0.0,-7571.062967,0.0
2019-02-07,9,0,80,42.45,42.45,0.0,-12243.490398,0.0
2019-02-07,9,0,81,55.5,55.5,0.0,-16007.390272,0.0
2019-02-07,9,0,82,39.15,39.15,0.0,-11291.699625,0.0
2019-02-07,9,0,83,87.3,87.3,0.0,-25179.192266,0.0
2019-02-07,9,0,84,0.0,0.0,0.0,0.0,0.0
2019-02-07,9,0,86,2.4,2.4,0.0,18.710518,0.0
2019-02-07,9,0,87,12.26,12.26,0.0,95.579563,0.0
2019-02-07,9,0,88,155.83,155.83,0.0,-44944.713985,0.0
2019-02-07,9,0,89,148.85,148.85,0.0,-42931.532289,0.0
2019-02-07,9,0,90,208.93,208.93,0.0,-60259.892786,0.0
2019-02-07,9,0,91,785.09,785.09,0.0,-226436.793316,0.0
2019-02-07,9,0,92,276.23,276.23,0.0,-79670.656126,0.0
2019-02-07,9,0,95,36.0,36.0,0.0,700.048073,0.0
2019-02-07,9,0,96,29.88,29.88,0.0,175.581594,0.0
2019-02-07,9,0,97,183.75,183.75,0.0,1079.756288,0.0
2019-02-07,9,0,99,0.37,0.37,0.0,2.654926,0.0
2019-02-07,9,0,101,0.96,0.96,0.0,5.651449,0.0
2019-02-07,9,0,102,45.2,45.2,0.0,-18509.671286,0.0
2019-02-07,9,0,103,39.31,39.31,0.0,-16097.680935,0.0
2019-02-07,9,0,104,7.33,7.33,0.0,-3001.678994,0.0
2019-02-07,9,0,106,25.93,25.93,0.0,152.913496,0.0
2019-02-07,9,0,109,186.24,186.24,0.0,1263.203668,0.0
2019-02-07,9,0,110,338.6,338.6,0.0,-338600.0,0.0
2019-02-07,9,0,111,1.42,1.42,0.0,9.131315,0.0
2019-02-07,9,0,113,84.3,84.3,0.0,-21837.44646,0.0
2019-02-07,9,0,115,84.3,84.3,0.0,-21837.44646,0.0
2019-02-07,9,0,116,16.06,16.06,0.0,-16060.0,0.0
2019-02-07,9,0,117,5.73,5.73,0.0,-1484.324653,0.0
2019-02-07,9,0,119,60.0,60.0,0.0,7112.505666,0.0
2019-02-07,9,0,120,35.28,35.28,0.0,4182.153331,0.0
2019-02-07,9,0,123,0.43,0.43,0.0,2.535781,0.0
2019-02-07,9,0,125,174.2,174.2,0.0,1027.286194,0.0
2019-02-07,9,0,126,19.45,19.45,0.0,114.699865,0.0
2019-02-07,9,0,127,24.96,24.96,0.0,147.193246,0.0
2019-02-07,9,0,128,249.5,249.5,0.0,1471.342741,0.0
2019-02-07,9,0,131,30.0,30.0,0.0,-11120.553657,0.0
2019-02-07,9,0,132,44.1,44.1,0.0,-16347.213876,0.0
2019-02-07,9,0,133,13.91,13.91,0.0,104.504698,0.0
2019-02-07,9,0,134,0.0,0.0,0.0,0.0,0.0
2019-02-07,9,0,135,18.64,18.64,0.0,140.040803,0.0
2019-02-07,9,0,136,43.3,43.3,0.0,324.739954,0.0
2019-02-07,9,0,139,44.94,44.94,0.0,288.986831,0.0
2019-02-07,9,0,140,250.6,250.6,0.0,-250600.0,0.0
2019-02-07,9,0,141,230.0,230.0,0.0,-127618.9231,0.0
2019-02-07,9,0,142,40.45,40.45,0.0,-22444.284519,0.0
2019-02-07,9,0,143,133.82,133.82,0.0,787.788422,0.0
2019-02-07,9,0,145,30.0,30.0,0.0,186.582321,0.0
2019-02-07,9,0,146,268.0,268.0,0.0,-268000.0,0.0
2019-02-07,9,0,152,1.03,1.03,0.0,7.404462,0.0
2019-02-07,9,0,153,1.24,1.24,0.0,8.89606,0.0
2019-02-07,9,0,154,5.87,5.87,0.0,37.747056,0.0
2019-02-07,9,0,157,90.59,90.59,0.0,-50265.209755,0.0
2019-02-07,9,0,158,14.47,14.47,0.0,-8028.894858,0.0
2019-02-07,9,0,159,0.0,0.0,0.0,0.0,0.0
2019-02-07,9,0,160,0.23,0.23,0.0,1.705227,0.0
2019-02-07,9,0,161,7.04,7.04,0.0,-2882.922253,0.0
2019-02-07,9,0,162,48.75,48.75,0.0,986.033115,0.0
2019-02-07,9,0,163,171.52,171.52,0.0,-171520.0,0.0
2019-02-07,9,0,164,1.63,1.63,0.0,9.595689,0.0
2019-02-07,9,0,167,0.8,0.8,0.0,12.837054,0.0
2019-02-07,9,0,168,0.4,0.4,0.0,6.418527,0.0
2019-02-07,9,0,169,0.0,0.0,0.0,0.0,0.0
2019-02-07,9,0,170,0.88,0.88,0.0,14.120759,0.0
2019-02-07,9,0,172,0.86,0.86,0.0,17.70222,0.0
2019-02-07,9,0,173,1.31,1.31,0.0,26.96501,0.0
2019-02-07,9,0,188,1.5,1.5,0.0,44.958233,0.0
2019-02-07,9,0,190,1.2,1.2,0.0,38.913069,0.0
2019-02-07,9,0,191,3.11,3.11,0.0,100.849703,0.0
2019-02-07,9,0,192,332.6,332.6,0.0,10785.405497,0.0
2019-02-07,9,0,194,130.37,130.37,0.0,-16092.395855,0.0
2019-02-07,9,0,196,0.87,0.87,0.0,236.846854,0.0
2019-02-07,9,0,198,1.25,1.25,0.0,9.809029,0.0
2019-02-07,9,0,199,28.38,28.38,0.0,-813.698315,0.0
2019-02-07,9,0,200,2.29,2.29,0.0,-65.657827,0.0
2019-02-07,9,0,204,480.72,480.72,0.0,3241.15309,0.0
2019-02-07,9,0,205,1048.92,1048.92,0.0,7114.473749,0.0
2019-02-07,9,0,206,539.94,539.94,0.0,3172.808764,0.0
2019-02-07,9,0,210,0.53,0.53,0.0,4.320007,0.0
2019-02-07,9,0,214,2.96,2.96,0.0,23.573806,0.0
2019-02-07,9,0,217,2.05,2.05,0.0,16.49938,0.0
2019-02-07,9,0,218,2.83,2.83,0.0,22.777193,0.0
2019-02-07,9,0,219,1.92,1.92,0.0,15.453078,0.0
2019-02-07,9,0,221,1.58,1.58,0.0,12.583315,0.0
2019-02-07,9,0,225,1.57,1.57,0.0,12.697511,0.0
2019-02-07,9,0,233,1.36,1.36,0.0,10.602627,0.0
2019-02-07,9,0,236,0.0,0.0,0.0,0.0,0.0
2019-02-07,9,0,237,4.55,4.55,0.0,32.648416,0.0
2019-02-07,9,0,238,15.21,15.21,0.0,113.318058,0.0
2019-02-07,9,0,240,1.32,1.32,0.0,9.346593,0.0
2019-02-07,9,0,245,15.3,15.3,0.0,115.575035,0.0
2019-02-07,9,0,247,17.39,17.39,0.0,131.362736,0.0
2019-02-07,9,0,248,0.46,0.46,0.0,3.300719,0.0
2019-02-07,9,0,249,29.43,29.43,0.0,222.31198,0.0
2019-02-07,9,0,251,191.67,191.67,0.0,1433.99959,0.0
2019-02-07,9,0,252,170.93,170.93,0.0,1282.042733,0.0
2019-02-07,9,0,254,1.8,1.8,0.0,13.001643,0.0
2019-02-07,9,0,255,0.83,0.83,0.0,5.995202,0.0
2019-02-07,9,0,258,1.56,1.56,0.0,11.065736,0.0
2019-02-07,9,0,260,0.56,0.56,0.0,4.151856,0.0
2019-02-07,9,0,265,6.07,6.07,0.0,39.033157,0.0
2019-02-07,9,0,266,29.1,29.1,0.0,187.127654,0.0
2019-02-07,9,0,267,35.76,35.76,0.0,229.954808,0.0
2019-02-07,9,0,270,535.65,535.65,0.0,-535650.0,0.0
2019-02-07,9,0,272,281.31,281.31,0.0,-72871.791978,0.0
2019-02-07,9,0,273,3.84,3.84,0.0,-3840.0,0.0
2019-02-07,9,0,274,690.52,690.52,0.0,-690520.0,0.0
2019-02-07,9,0,275,961.21,961.21,0.0,-961210.0,0.0
2019-02-07,9,0,276,0.85,0.85,0.0,-765.519116,0.0
2019-02-07,9,0,277,1.02,1.02,0.0,-276.2386,0.0
2019-02-07,9,0,278,1.63,1.63,0.0,-441.440116,0.0
2019-02-07,9,0,279,264.6,264.6,0.0,-71659.542774,0.0
2019-02-07,9,0,281,21.97,21.97,0.0,129.335762,0.0
2019-02-07,9,0,282,26.16,26.16,0.0,154.001981,0.0
2019-02-07,10,0,9,1.43,1.43,0.0,-39.381006,0.0
2019-02-07,10,0,17,23.36,23.36,0.0,92.985104,0.0
2019-02-07,10,0,19,145.12,145.12,0.0,577.654037,0.0
2019-02-07,10,0,20,179.81,179.81,0.0,715.738509,0.0
2019-02-07,10,0,21,32.64,32.64,0.0,-898.87835,0.0
2019-02-07,10,0,22,116.01,116.01,0.0,-3194.818549,0.0
2019-02-07,10,0,23,108.8,108.8,0.0,-2996.261168,0.0
2019-02-07,10,0,24,192.5,192.5,0.0,-5301.289291,0.0
2019-02-07,10,0,29,4.1,4.1,0.0,23.568818,0.0
2019-02-07,10,0,30,235.24,235.24,0.0,-6523.840175,0.0
2019-02-07,10,0,31,103.87,103.87,0.0,-2880.595473,0.0
2019-02-07,10,0,32,2.16,2.16,0.0,104.232574,0.0
2019-02-07,10,0,33,0.92,0.92,0.0,9.070899,0.0
2019-02-07,10,0,34,1.47,1.47,0.0,14.49372,0.0
2019-02-07,10,0,35,1.47,1.47,0.0,14.49372,0.0
2019-02-07,10,0,36,3.23,3.23,0.0,-17.225689,0.0
2019-02-07,10,0,37,1.64,1.64,0.0,-8.999338,0.0
2019-02-07,10,0,38,2.11,2.11,0.0,-11.578417,0.0
2019-02-07,10,0,39,1.41,1.41,0.0,-7.737236,0.0
2019-02-07,10,0,40,1.41,1.41,0.0,-7.737236,0.0
2019-02-07,10,0,41,34.8,34.8,0.0,-604.853659,0.0
2019-02-07,10,0,42,30.39,30.39,0.0,82.239408,0.0
2019-02-07,10,0,43,9.84,9.84,0.0,-40.807971,0.0
2019-02-07,10,0,46,9.25,9.25,0.0,-70.254661,0.0
2019-02-07,10,0,52,110.17,110.17,0.0,-3055.311478,0.0
2019-02-07,10,0,53,175.67,175.67,0.0,-4871.80328,0.0
2019-02-07,10,0,55,186.9,186.9,0.0,-5147.069966,0.0
2019-02-07,10,0,56,69.39,69.39,0.0,-1924.372002,0.0
2019-02-07,10,0,57,66.0,66.0,0.0,-1830.358152,0.0
2019-02-07,10,0,58,126.93,126.93,0.0,-3520.111518,0.0
2019-02-07,10,0,59,124.81,124.81,0.0,-3461.318195,0.0
2019-02-07,10,0,63,51.0,51.0,0.0,6023.411281,0.0
2019-02-07,10,0,64,60.0,60.0,0.0,7086.366213,0.0
2019-02-07,10,0,65,25.83,25.83,0.0,96.702172,0.0
2019-02-07,10,0,67,153.77,153.77,0.0,-84617.2729,0.0
2019-02-07,10,0,68,34.0,34.0,0.0,-13716.62385,0.0
2019-02-07,10,0,69,0.92,0.92,0.0,9.070899,0.0
2019-02-07,10,0,74,2.17,2.17,0.0,-6.334443,0.0
2019-02-07,10,0,77,60.0,60.0,0.0,-16795.133864,0.0
2019-02-07,10,0,78,45.36,45.36,0.0,-12697.121201,0.0
2019-02-07,10,0,79,26.25,26.25,0.0,-7347.871066,0.0
2019-02-07,10,0,80,42.45,42.45,0.0,-11882.557209,0.0
2019-02-07,10,0,81,55.5,55.5,0.0,-15535.498825,0.0
2019-02-07,10,0,82,39.15,39.15,0.0,-10958.824846,0.0
2019-02-07,10,0,83,87.3,87.3,0.0,-24436.919773,0.0
2019-02-07,10,0,84,0.0,0.0,0.0,-0.0,0.0
2019-02-07,10,0,86,4.66,4.66,0.0,45.946077,0.0
2019-02-07,10,0,87,23.78,23.78,0.0,234.46303,0.0
2019-02-07,10,0,88,103.48,103.48,0.0,-28966.007538,0.0
2019-02-07,10,0,89,99.0,99.0,0.0,-27711.970876,0.0
2019-02-07,10,0,90,137.47,137.47,0.0,-38480.450872,0.0
2019-02-07,10,0,91,509.29,509.29,0.0,-142559.89543,0.0
2019-02-07,10,0,92,180.45,180.45,0.0,-50511.365097,0.0
2019-02-07,10,0,95,88.65,88.65,0.0,1723.868379,0.0
2019-02-07,10,0,96,29.88,29.88,0.0,-834.696649,0.0
2019-02-07,10,0,97,183.75,183.75,0.0,-5133.049169,0.0
2019-02-07,10,0,99,0.45,0.45,0.0,-1.313594,0.0
2019-02-07,10,0,101,4.74,4.74,0.0,-131.452995,0.0
2019-02-07,10,0,102,80.5,80.5,0.0,-32476.124117,0.0
2019-02-07,10,0,103,70.0,70.0,0.0,-28240.107927,0.0
2019-02-07,10,0,104,13.0,13.0,0.0,-5244.591472,0.0
2019-02-07,10,0,106,114.2,114.2,0.0,-3144.97266,0.0
2019-02-07,10,0,109,171.07,171.07,0.0,-1858.422041,0.0
2019-02-07,10,0,110,338.6,338.6,0.0,-338600.0,0.0
2019-02-07,10,0,111,4.73,4.73,0.0,-82.211431,0.0
2019-02-07,10,0,113,150.0,150.0,0.0,-38117.622602,0.0
2019-02-07,10,0,115,150.0,150.0,0.0,-38117.622602,0.0
2019-02-07,10,0,116,59.45,59.45,0.0,-59450.0,0.0
2019-02-07,10,0,117,10.0,10.0,0.0,-2541.17484,0.0
2019-02-07,10,0,119,60.0,60.0,0.0,7086.366213,0.0
2019-02-07,10,0,120,35.28,35.28,0.0,4166.783333,0.0
2019-02-07,10,0,123,1.9,1.9,0.0,-52.324414,0.0
2019-02-07,10,0,125,174.2,174.2,0.0,-4797.322568,0.0
2019-02-07,10,0,126,85.65,85.65,0.0,-2358.729495,0.0
2019-02-07,10,0,127,109.92,109.92,0.0,-3027.105033,0.0
2019-02-07,10,0,128,249.5,249.5,0.0,-6871.021704,0.0
2019-02-07,10,0,131,40.31,40.31,0.0,-14681.296464,0.0
2019-02-07,10,0,132,65.03,65.03,0.0,-23684.562368,0.0
2019-02-07,10,0,133,13.15,13.15,0.0,52.637223,0.0
2019-02-07,10,0,134,0.0,0.0,0.0,0.0,0.0
2019-02-07,10,0,135,17.62,17.62,0.0,70.529876,0.0
2019-02-07,10,0,136,41.69,41.69,0.0,155.536917,0.0
2019-02-07,10,0,139,44.94,44.94,0.0,-781.095502,0.0
2019-02-07,10,0,140,250.6,250.6,0.0,-250600.0,0.0
2019-02-07,10,0,141,230.0,230.0,0.0,-126565.472894,0.0
2019-02-07,10,0,142,202.79,202.79,0.0,-111592.227166,0.0
2019-02-07,10,0,143,238.5,238.5,0.0,-6614.248775,0.0
2019-02-07,10,0,145,56.19,56.19,0.0,-1206.380557,0.0
2019-02-07,10,0,146,268.0,268.0,0.0,-268000.0,0.0
2019-02-07,10,0,152,2.8,2.8,0.0,-7.665833,0.0
2019-02-07,10,0,153,3.43,3.43,0.0,-10.431491,0.0
2019-02-07,10,0,154,19.53,19.53,0.0,-339.448045,0.0
2019-02-07,10,0,157,86.45,86.45,0.0,-47572.109268,0.0
2019-02-07,10,0,158,132.59,132.59,0.0,-72962.2437,0.0
2019-02-07,10,0,159,0.0,0.0,0.0,-0.0,0.0
2019-02-07,10,0,160,0.86,0.86,0.0,0.119704,0.0
2019-02-07,10,0,161,29.49,29.49,0.0,-11897.15404,0.0
2019-02-07,10,0,162,91.77,91.77,0.0,1859.378213,0.0
2019-02-07,10,0,163,104.02,104.02,0.0,-104020.0,0.0
2019-02-07,10,0,164,8.74,8.74,0.0,-242.383792,0.0
2019-02-07,10,0,167,2.26,2.26,0.0,36.430252,0.0
2019-02-07,10,0,168,1.13,1.13,0.0,18.215126,0.0
2019-02-07,10,0,169,0.0,0.0,0.0,0.0,0.0
2019-02-07,10,0,170,2.48,2.48,0.0,39.97656,0.0
2019-02-07,10,0,172,3.08,3.08,0.0,46.216821,0.0
2019-02-07,10,0,173,4.69,4.69,0.0,70.375614,0.0
2019-02-07,10,0,188,4.47,4.47,0.0,120.608484,0.0
2019-02-07,10,0,190,4.91,4.91,0.0,159.219305,0.0
2019-02-07,10,0,191,12.68,12.68,0.0,411.181424,0.0
2019-02-07,10,0,192,332.6,332.6,0.0,10785.405497,0.0
2019-02-07,10,0,194,52.95,52.95,0.0,-6392.766332,0.0
2019-02-07,10,0,196,2.8,2.8,0.0,765.397482,0.0
2019-02-07,10,0,198,3.9,3.9,0.0,26.984352,0.0
2019-02-07,10,0,199,39.0,39.0,0.0,-752.281823,0.0
2019-02-07,10,0,200,6.42,6.42,0.0,-123.837162,0.0
2019-02-07,10,0,204,257.1,257.1,0.0,-2998.252444,0.0
2019-02-07,10,0,205,1010.31,1010.31,0.0,-10975.520972,0.0
2019-02-07,10,0,206,539.94,539.94,0.0,-15083.203093,0.0
2019-02-07,10,0,210,1.0,1.0,0.0,7.115486,0.0
2019-02-07,10,0,214,5.87,5.87,0.0,78.297435,0.0
2019-02-07,10,0,217,3.9,3.9,0.0,41.793168,0.0
2019-02-07,10,0,218,5.38,5.38,0.0,57.65314,0.0
2019-02-07,10,0,219,3.67,3.67,0.0,39.328443,0.0
2019-02-07,10,0,221,3.13,3.13,0.0,41.74974,0.0
2019-02-07,10,0,225,3.72,3.72,0.0,20.893296,0.0
2019-02-07,10,0,233,2.64,2.64,0.0,26.029537,0.0
2019-02-07,10,0,236,0.0,0.0,0.0,0.0,0.0
2019-02-07,10,0,237,5.06,5.06,0.0,-14.770636,0.0
2019-02-07,10,0,238,39.55,39.55,0.0,107.027594,0.0
2019-02-07,10,0,240,3.66,3.66,0.0,-19.518892,0.0
2019-02-07,10,0,245,12.12,12.12,0.0,58.794922,0.0
2019-02-07,10,0,247,14.33,14.33,0.0,69.515778,0.0
2019-02-07,10,0,248,0.55,0.55,0.0,-1.605504,0.0
2019-02-07,10,0,249,23.3,23.3,0.0,113.029842,0.0
2019-02-07,10,0,251,183.29,183.29,0.0,614.959113,0.0
2019-02-07,10,0,252,166.63,166.63,0.0,623.828221,0.0
2019-02-07,10,0,254,6.11,6.11,0.0,-18.76721,0.0
2019-02-07,10,0,255,2.8,2.8,0.0,-8.600358,0.0
2019-02-07,10,0,258,4.4,4.4,0.0,-22.622607,0.0
2019-02-07,10,0,260,2.09,2.09,0.0,0.290908,0.0
2019-02-07,10,0,265,20.22,20.22,0.0,-351.440833,0.0
2019-02-07,10,0,266,29.1,29.1,0.0,-505.782801,0.0
2019-02-07,10,0,267,35.76,35.76,0.0,-621.539278,0.0
2019-02-07,10,0,270,324.69,324.69,0.0,-324690.0,0.0
2019-02-07,10,0,272,501.3,501.3,0.0,-127389.094736,0.0
2019-02-07,10,0,273,14.22,14.22,0.0,-14220.0,0.0
2019-02-07,10,0,274,418.54,418.54,0.0,-418540.0,0.0
2019-02-07,10,0,275,582.57,582.57,0.0,-582570.0,0.0
2019-02-07,10,0,276,2.81,2.81,0.0,-2527.842444,0.0
2019-02-07,10,0,277,2.88,2.88,0.0,-761.649659,0.0
2019-02-07,10,0,278,4.61,4.61,0.0,-1219.168378,0.0
2019-02-07,10,0,279,264.6,264.6,0.0,-69976.56242,0.0
2019-02-07,10,0,281,46.3,46.3,0.0,-1284.023976,0.0
2019-02-07,10,0,282,129.04,129.04,0.0,-3578.627513,0.0
2019-02-07,11,0,9,2.32,2.32,0.0,-311.793538,0.0
2019-02-07,11,0,17,36.8,36.8,0.0,-758.493794,0.0
2019-02-07,11,0,19,74.51,74.51,0.0,-1535.74382,0.0
2019-02-07,11,0,20,90.36,90.36,0.0,-1862.432044,0.0
2019-02-07,11,0,21,52.99,52.99,0.0,-7121.525682,0.0
2019-02-07,11,0,22,188.33,188.33,0.0,-25310.378028,0.0
2019-02-07,11,0,23,61.07,61.07,0.0,-8207.427315,0.0
2019-02-07,11,0,24,108.0,108.0,0.0,-14514.526773,0.0
2019-02-07,11,0,29,6.25,6.25,0.0,30.641707,0.0
2019-02-07,11,0,30,386.69,386.69,0.0,-52243.399706,0.0
2019-02-07,11,0,31,119.91,119.91,0.0,-16200.331166,0.0
2019-02-07,11,0,32,3.53,3.53,0.0,169.162266,0.0
2019-02-07,11,0,33,1.47,1.47,0.0,0.003086,0.0
2019-02-07,11,0,34,2.35,2.35,0.0,0.004933,0.0
2019-02-07,11,0,35,2.35,2.35,0.0,0.004933,0.0
2019-02-07,11,0,36,5.16,5.16,0.0,-271.303209,0.0
2019-02-07,11,0,37,2.67,2.67,0.0,-141.532215,0.0
2019-02-07,11,0,38,3.43,3.43,0.0,-181.818539,0.0
2019-02-07,11,0,39,2.29,2.29,0.0,-121.389054,0.0
2019-02-07,11,0,40,2.29,2.29,0.0,-121.389054,0.0
2019-02-07,11,0,41,34.8,34.8,0.0,-3384.574232,0.0
2019-02-07,11,0,42,48.59,48.59,0.0,-1218.612643,0.0
2019-02-07,11,0,43,15.94,15.94,0.0,-759.727598,0.0
2019-02-07,11,0,46,15.04,15.04,0.0,-911.951733,0.0
2019-02-07,11,0,52,127.48,127.48,0.0,-17223.069111,0.0
2019-02-07,11,0,53,207.62,207.62,0.0,-28050.310706,0.0
2019-02-07,11,0,55,460.54,460.54,0.0,-61893.705183,0.0
2019-02-07,11,0,56,114.06,114.06,0.0,-15409.972253,0.0
2019-02-07,11,0,57,108.49,108.49,0.0,-14657.442484,0.0
2019-02-07,11,0,58,208.64,208.64,0.0,-28188.116875,0.0
2019-02-07,11,0,59,205.17,205.17,0.0,-27719.305691,0.0
2019-02-07,11,0,63,51.0,51.0,0.0,6070.637015,0.0
2019-02-07,11,0,64,60.0,60.0,0.0,7141.925899,0.0
2019-02-07,11,0,65,30.53,30.53,0.0,-654.602139,0.0
2019-02-07,11,0,67,252.76,252.76,0.0,-136907.257795,0.0
2019-02-07,11,0,68,33.99,33.99,0.0,-13323.222392,0.0
2019-02-07,11,0,69,1.47,1.47,0.0,0.003086,0.0
2019-02-07,11,0,74,12.45,12.45,0.0,-559.055395,0.0
2019-02-07,11,0,77,60.0,60.0,0.0,-15766.948068,0.0
2019-02-07,11,0,78,45.36,45.36,0.0,-11919.81274,0.0
2019-02-07,11,0,79,26.25,26.25,0.0,-6898.03978,0.0
2019-02-07,11,0,80,42.45,42.45,0.0,-11155.115758,0.0
2019-02-07,11,0,81,55.5,55.5,0.0,-14584.426963,0.0
2019-02-07,11,0,82,39.15,39.15,0.0,-10287.933615,0.0
2019-02-07,11,0,83,87.3,87.3,0.0,-22940.909439,0.0
2019-02-07,11,0,84,0.0,0.0,0.0,-0.0,0.0
2019-02-07,11,0,86,7.45,7.45,0.0,0.015638,0.0
2019-02-07,11,0,87,38.03,38.03,0.0,0.079825,0.0
2019-02-07,11,0,88,51.18,51.18,0.0,-13449.206702,0.0
2019-02-07,11,0,89,49.2,49.2,0.0,-12928.897416,0.0
2019-02-07,11,0,90,66.06,66.06,0.0,-17359.409823,0.0
2019-02-07,11,0,91,235.65,235.65,0.0,-61924.688538,0.0
2019-02-07,11,0,92,84.75,84.75,0.0,-22270.814146,0.0
2019-02-07,11,0,95,96.29,96.29,0.0,1872.434137,0.0
2019-02-07,11,0,96,31.88,31.88,0.0,-4330.784619,0.0
2019-02-07,11,0,97,234.28,234.28,0.0,-31826.104786,0.0
2019-02-07,11,0,99,2.67,2.67,0.0,-119.893808,0.0
2019-02-07,11,0,101,7.79,7.79,0.0,-1052.460844,0.0
2019-02-07,11,0,102,80.49,80.49,0.0,-31550.049142,0.0
2019-02-07,11,0,103,69.99,69.99,0.0,-27434.314069,0.0
2019-02-07,11,0,104,12.99,12.99,0.0,-5091.752247,0.0
2019-02-07,11,0,106,185.39,185.39,0.0,-24915.260355,0.0
2019-02-07,11,0,109,83.48,83.48,0.0,-6100.17791,0.0
2019-02-07,11,0,110,338.6,338.6,0.0,-338600.0,0.0
2019-02-07,11,0,111,7.57,7.57,0.0,-736.242153,0.0
2019-02-07,11,0,113,84.2,84.2,0.0,-20827.244756,0.0
2019-02-07,11,0,115,84.2,84.2,0.0,-20827.244756,0.0
2019-02-07,11,0,116,94.99,94.99,0.0,-94990.0,0.0
2019-02-07,11,0,117,5.66,5.66,0.0,-1400.026191,0.0
2019-02-07,11,0,119,60.0,60.0,0.0,7141.925899,0.0
2019-02-07,11,0,120,35.28,35.28,0.0,4199.452429,0.0
2019-02-07,11,0,123,3.09,3.09,0.0,-415.276738,0.0
2019-02-07,11,0,125,97.74,97.74,0.0,-13135.646729,0.0
2019-02-07,11,0,126,139.04,139.04,0.0,-18686.109282,0.0
2019-02-07,11,0,127,178.44,178.44,0.0,-23981.223679,0.0
2019-02-07,11,0,128,139.96,139.96,0.0,-18809.751547,0.0
2019-02-07,11,0,131,30.0,30.0,0.0,-10560.039959,0.0
2019-02-07,11,0,132,44.1,44.1,0.0,-15523.25874,0.0
2019-02-07,11,0,133,15.02,15.02,0.0,-308.406303,0.0
2019-02-07,11,0,134,0.0,0.0,0.0,-0.0,0.0
2019-02-07,11,0,135,20.12,20.12,0.0,-413.124822,0.0
2019-02-07,11,0,136,41.29,41.29,0.0,-887.191726,0.0
2019-02-07,11,0,139,44.94,44.94,0.0,-4370.769137,0.0
2019-02-07,11,0,140,250.6,250.6,0.0,-250600.0,0.0
2019-02-07,11,0,141,230.0,230.0,0.0,-124579.321462,0.0
2019-02-07,11,0,142,333.33,333.33,0.0,-180547.935752,0.0
2019-02-07,11,0,143,238.5,238.5,0.0,-32222.324937,0.0
2019-02-07,11,0,145,100.0,100.0,0.0,-11207.672999,0.0
2019-02-07,11,0,146,268.0,268.0,0.0,-268000.0,0.0
2019-02-07,11,0,152,4.61,4.61,0.0,-203.322105,0.0
2019-02-07,11,0,153,5.69,5.69,0.0,-256.985836,0.0
2019-02-07,11,0,154,31.21,31.21,0.0,-3035.418442,0.0
2019-02-07,11,0,157,119.77,119.77,0.0,-64873.327528,0.0
2019-02-07,11,0,158,229.44,229.44,0.0,-124275.997897,0.0
2019-02-07,11,0,159,0.0,0.0,0.0,-0.0,0.0
2019-02-07,11,0,160,1.4,1.4,0.0,-43.289611,0.0
2019-02-07,11,0,161,47.47,47.47,0.0,-18607.042275,0.0
2019-02-07,11,0,162,162.5,162.5,0.0,3295.015979,0.0
2019-02-07,11,0,163,160.49,160.49,0.0,-160490.0,0.0
2019-02-07,11,0,164,14.65,14.65,0.0,-1979.274886,0.0
2019-02-07,11,0,167,3.6,3.6,0.0,57.96229,0.0
2019-02-07,11,0,168,1.8,1.8,0.0,28.981145,0.0
2019-02-07,11,0,169,0.0,0.0,0.0,0.0,0.0
2019-02-07,11,0,170,3.94,3.94,0.0,63.436506,0.0
2019-02-07,11,0,172,4.91,4.91,0.0,67.671366,0.0
2019-02-07,11,0,173,7.49,7.49,0.0,103.229843,0.0
2019-02-07,11,0,188,7.23,7.23,0.0,191.146593,0.0
2019-02-07,11,0,190,7.79,7.79,0.0,252.61067,0.0
2019-02-07,11,0,191,20.13,20.13,0.0,652.766725,0.0
2019-02-07,11,0,192,332.6,332.6,0.0,10785.405497,0.0
2019-02-07,11,0,194,52.95,52.95,0.0,-6435.996364,0.0
2019-02-07,11,0,196,4.5,4.5,0.0,1242.841923,0.0
2019-02-07,11,0,198,6.34,6.34,0.0,-21.303602,0.0
2019-02-07,11,0,199,56.82,56.82,0.0,-6591.009261,0.0
2019-02-07,11,0,200,10.37,10.37,0.0,-1202.89979,0.0
2019-02-07,11,0,204,257.1,257.1,0.0,-19523.319047,0.0
2019-02-07,11,0,205,545.8,545.8,0.0,-39883.530224,0.0
2019-02-07,11,0,206,895.48,895.48,0.0,-121647.773234,0.0
2019-02-07,11,0,210,1.51,1.51,0.0,9.723579,0.0
2019-02-07,11,0,214,9.27,9.27,0.0,113.05773,0.0
2019-02-07,11,0,217,6.11,6.11,0.0,71.360119,0.0
2019-02-07,11,0,218,8.43,8.43,0.0,98.455941,0.0
2019-02-07,11,0,219,5.75,5.75,0.0,67.155594,0.0
2019-02-07,11,0,221,4.94,4.94,0.0,60.248672,0.0
2019-02-07,11,0,225,5.75,5.75,0.0,27.337002,0.0
2019-02-07,11,0,233,4.21,4.21,0.0,0.008837,0.0
2019-02-07,11,0,236,0.0,0.0,0.0,-0.0,0.0
2019-02-07,11,0,237,27.77,27.77,0.0,-1246.985406,0.0
2019-02-07,11,0,238,63.24,63.24,0.0,-1586.027239,0.0
2019-02-07,11,0,240,5.85,5.85,0.0,-307.582127,0.0
2019-02-07,11,0,245,22.94,22.94,0.0,-402.802926,0.0
2019-02-07,11,0,247,31.34,31.34,0.0,-550.29833,0.0
2019-02-07,11,0,248,3.31,3.31,0.0,-148.632398,0.0
2019-02-07,11,0,249,44.12,44.12,0.0,-774.702053,0.0
2019-02-07,11,0,251,235.95,235.95,0.0,-5380.615257,0.0
2019-02-07,11,0,252,196.95,196.95,0.0,-4222.8592,0.0
2019-02-07,11,0,254,10.1,10.1,0.0,-438.955171,0.0
2019-02-07,11,0,255,4.63,4.63,0.0,-201.224004,0.0
2019-02-07,11,0,258,7.0,7.0,0.0,-362.488678,0.0
2019-02-07,11,0,260,3.39,3.39,0.0,-104.822702,0.0
2019-02-07,11,0,265,32.31,32.31,0.0,-3142.40211,0.0
2019-02-07,11,0,266,29.1,29.1,0.0,-2830.204315,0.0
2019-02-07,11,0,267,35.76,35.76,0.0,-3477.941797,0.0
2019-02-07,11,0,270,542.91,542.91,0.0,-542910.0,0.0
2019-02-07,11,0,272,281.17,281.17,0.0,-69548.650927,0.0
2019-02-07,11,0,273,22.72,22.72,0.0,-22720.0,0.0
2019-02-07,11,0,274,708.99,708.99,0.0,-708990.0,0.0
2019-02-07,11,0,275,1000.33,1000.33,0.0,-1000330.0,0.0
2019-02-07,11,0,276,4.5,4.5,0.0,-4039.46976,0.0
2019-02-07,11,0,277,4.64,4.64,0.0,-1176.424634,0.0
2019-02-07,11,0,278,7.42,7.42,0.0,-1881.265255,0.0
2019-02-07,11,0,279,264.6,264.6,0.0,-67086.628905,0.0
2019-02-07,11,0,281,52.29,52.29,0.0,-7064.59275,0.0
2019-02-07,11,0,282,212.12,212.12,0.0,-28658.279101,0.0
2019-02-07,12,0,9,3.22,3.22,0.0,-1587.868144,0.0
2019-02-07,12,0,17,47.15,47.15,0.0,677.588346,0.0
2019-02-07,12,0,19,71.17,71.17,0.0,1022.777573,0.0
2019-02-07,12,0,20,86.31,86.31,0.0,1240.353131,0.0
2019-02-07,12,0,21,73.7,73.7,0.0,-36343.441679,0.0
2019-02-07,12,0,22,261.93,261.93,0.0,-129164.690354,0.0
2019-02-07,12,0,23,46.17,46.17,0.0,-22767.662176,0.0
2019-02-07,12,0,24,77.3,77.3,0.0,-38118.697989,0.0
2019-02-07,12,0,29,7.92,7.92,0.0,24.524656,0.0
2019-02-07,12,0,30,538.75,538.75,0.0,-538750.0,0.0
2019-02-07,12,0,31,125.0,125.0,0.0,-125000.0,0.0
2019-02-07,12,0,32,4.78,4.78,0.0,211.673432,0.0
2019-02-07,12,0,33,1.99,1.99,0.0,104.383679,0.0
2019-02-07,12,0,34,3.18,3.18,0.0,166.80407,0.0
2019-02-07,12,0,35,3.18,3.18,0.0,166.80407,0.0
2019-02-07,12,0,36,7.19,7.19,0.0,-343.177793,0.0
2019-02-07,12,0,37,3.68,3.68,0.0,-180.287141,0.0
2019-02-07,12,0,38,4.73,4.73,0.0,-231.727765,0.0
2019-02-07,12,0,39,3.15,3.15,0.0,-154.321873,0.0
2019-02-07,12,0,40,3.15,3.15,0.0,-154.321873,0.0
2019-02-07,12,0,41,34.8,34.8,0.0,-4273.313898,0.0
2019-02-07,12,0,42,63.74,63.74,0.0,389.821458,0.0
2019-02-07,12,0,43,22.42,22.42,0.0,-952.27343,0.0
2019-02-07,12,0,46,20.46,20.46,0.0,-1256.010135,0.0
2019-02-07,12,0,52,132.5,132.5,0.0,-132500.0,0.0
2019-02-07,12,0,53,210.5,210.5,0.0,-210500.0,0.0
2019-02-07,12,0,55,623.0,623.0,0.0,-307217.966978,0.0
2019-02-07,12,0,56,158.91,158.91,0.0,-158910.0,0.0
2019-02-07,12,0,57,151.16,151.16,0.0,-151160.0,0.0
2019-02-07,12,0,58,290.69,290.69,0.0,-290690.0,0.0
2019-02-07,12,0,59,285.85,285.85,0.0,-285850.0,0.0
2019-02-07,12,0,63,51.0,51.0,0.0,6103.525325,0.0
2019-02-07,12,0,64,60.0,60.0,0.0,7180.61803,0.0
2019-02-07,12,0,65,37.07,37.07,0.0,475.883321,0.0
2019-02-07,12,0,67,352.24,352.24,0.0,-187597.883726,0.0
2019-02-07,12,0,68,34.0,34.0,0.0,-12918.339521,0.0
2019-02-07,12,0,69,1.99,1.99,0.0,104.383679,0.0
2019-02-07,12,0,74,60.45,60.45,0.0,-1828.778529,0.0
2019-02-07,12,0,77,60.0,60.0,0.0,-14730.860887,0.0
2019-02-07,12,0,78,45.36,45.36,0.0,-11136.53083,0.0
2019-02-07,12,0,79,26.25,26.25,0.0,-6444.751638,0.0
2019-02-07,12,0,80,42.45,42.45,0.0,-10422.084077,0.0
2019-02-07,12,0,81,55.5,55.5,0.0,-13626.04632,0.0
2019-02-07,12,0,82,39.15,39.15,0.0,-9611.886728,0.0
2019-02-07,12,0,83,87.3,87.3,0.0,-21433.40259,0.0
2019-02-07,12,0,84,0.0,0.0,0.0,0.0,0.0
2019-02-07,12,0,86,10.07,10.07,0.0,528.212888,0.0
2019-02-07,12,0,87,51.39,51.39,0.0,2695.616716,0.0
2019-02-07,12,0,88,51.18,51.18,0.0,-12565.424336,0.0
2019-02-07,12,0,89,49.2,49.2,0.0,-12079.305927,0.0
2019-02-07,12,0,90,66.06,66.06,0.0,-16218.677836,0.0
2019-02-07,12,0,91,235.65,235.65,0.0,-57855.456132,0.0
2019-02-07,12,0,92,84.75,84.75,0.0,-20807.341002,0.0
2019-02-07,12,0,95,120.0,120.0,0.0,2691.568394,0.0
2019-02-07,12,0,96,29.88,29.88,0.0,-4128.458552,0.0
2019-02-07,12,0,97,183.76,183.76,0.0,-25389.743761,0.0
2019-02-07,12,0,99,11.67,11.67,0.0,-353.049552,0.0
2019-02-07,12,0,101,10.85,10.85,0.0,-10850.0,0.0
2019-02-07,12,0,102,80.5,80.5,0.0,-30586.068573,0.0
2019-02-07,12,0,103,70.0,70.0,0.0,-26596.581367,0.0
2019-02-07,12,0,104,13.0,13.0,0.0,-4939.365111,0.0
2019-02-07,12,0,106,257.84,257.84,0.0,-127147.801935,0.0
2019-02-07,12,0,109,60.0,60.0,0.0,-4735.887888,0.0
2019-02-07,12,0,110,338.6,338.6,0.0,-338600.0,0.0
2019-02-07,12,0,111,10.58,10.58,0.0,-1299.185662,0.0
2019-02-07,12,0,113,45.0,45.0,0.0,-10737.673501,0.0
2019-02-07,12,0,115,45.0,45.0,0.0,-10737.673501,0.0
2019-02-07,12,0,116,127.8,127.8,0.0,-127800.0,0.0
2019-02-07,12,0,117,3.0,3.0,0.0,-715.8449,0.0
2019-02-07,12,0,119,60.0,60.0,0.0,7180.61803,0.0
2019-02-07,12,0,120,35.28,35.28,0.0,4222.203402,0.0
2019-02-07,12,0,123,4.3,4.3,0.0,-2120.445037,0.0
2019-02-07,12,0,125,70.73,70.73,0.0,-34878.855224,0.0
2019-02-07,12,0,126,193.38,193.38,0.0,-95360.851451,0.0
2019-02-07,12,0,127,248.17,248.17,0.0,-122379.266236,0.0
2019-02-07,12,0,128,96.96,96.96,0.0,-47813.569949,0.0
2019-02-07,12,0,131,30.0,30.0,0.0,-10175.617708,0.0
2019-02-07,12,0,132,44.1,44.1,0.0,-14958.15803,0.0
2019-02-07,12,0,133,17.36,17.36,0.0,251.987106,0.0
2019-02-07,12,0,134,0.0,0.0,0.0,0.0,0.0
2019-02-07,12,0,135,23.26,23.26,0.0,337.627885,0.0
2019-02-07,12,0,136,41.92,41.92,0.0,534.615785,0.0
2019-02-07,12,0,139,44.94,44.94,0.0,-5518.469155,0.0
2019-02-07,12,0,140,250.6,250.6,0.0,-250600.0,0.0
2019-02-07,12,0,141,230.0,230.0,0.0,-122494.643587,0.0
2019-02-07,12,0,142,464.52,464.52,0.0,-247396.573213,0.0
2019-02-07,12,0,143,238.5,238.5,0.0,-238500.0,0.0
2019-02-07,12,0,145,56.25,56.25,0.0,-7852.460912,0.0
2019-02-07,12,0,146,268.0,268.0,0.0,-268000.0,0.0
2019-02-07,12,0,152,6.41,6.41,0.0,-187.115071,0.0
2019-02-07,12,0,153,7.89,7.89,0.0,-245.84922,0.0
2019-02-07,12,0,154,43.65,43.65,0.0,-5360.061829,0.0
2019-02-07,12,0,157,174.59,174.59,0.0,-92984.086191,0.0
2019-02-07,12,0,158,328.08,328.08,0.0,-174730.620295,0.0
2019-02-07,12,0,159,0.0,0.0,0.0,-0.0,0.0
2019-02-07,12,0,160,1.94,1.94,0.0,-40.05262,0.0
2019-02-07,12,0,161,66.18,66.18,0.0,-25145.167927,0.0
2019-02-07,12,0,162,162.5,162.5,0.0,3787.963832,0.0
2019-02-07,12,0,163,185.4,185.4,0.0,-185400.0,0.0
2019-02-07,12,0,164,20.97,20.97,0.0,-20970.0,0.0
2019-02-07,12,0,167,4.82,4.82,0.0,92.872254,0.0
2019-02-07,12,0,168,2.41,2.41,0.0,46.436127,0.0
2019-02-07,12,0,169,0.0,0.0,0.0,0.0,0.0
2019-02-07,12,0,170,5.27,5.27,0.0,101.5429,0.0
2019-02-07,12,0,172,6.61,6.61,0.0,73.980554,0.0
2019-02-07,12,0,173,10.07,10.07,0.0,112.705625,0.0
2019-02-07,12,0,188,9.78,9.78,0.0,230.103727,0.0
2019-02-07,12,0,190,10.51,10.51,0.0,340.813625,0.0
2019-02-07,12,0,191,27.16,27.16,0.0,880.732451,0.0
2019-02-07,12,0,192,332.6,332.6,0.0,10785.405497,0.0
2019-02-07,12,0,194,52.95,52.95,0.0,-6277.923377,0.0
2019-02-07,12,0,196,6.14,6.14,0.0,1715.524987,0.0
2019-02-07,12,0,198,8.41,8.41,0.0,86.032608,0.0
2019-02-07,12,0,199,113.69,113.69,0.0,-16975.419358,0.0
2019-02-07,12,0,200,13.86,13.86,0.0,-2069.481153,0.0
2019-02-07,12,0,204,257.1,257.1,0.0,-21518.553836,0.0
2019-02-07,12,0,205,317.4,317.4,0.0,-25052.846928,0.0
2019-02-07,12,0,206,539.95,539.95,0.0,-74603.788331,0.0
2019-02-07,12,0,210,1.89,1.89,0.0,-5.149587,0.0
2019-02-07,12,0,214,11.89,11.89,0.0,891.652852,0.0
2019-02-07,12,0,217,7.67,7.67,0.0,388.200535,0.0
2019-02-07,12,0,218,10.58,10.58,0.0,535.48392,0.0
2019-02-07,12,0,219,7.21,7.21,0.0,364.918626,0.0
2019-02-07,12,0,221,6.34,6.34,0.0,475.448198,0.0
2019-02-07,12,0,225,7.07,7.07,0.0,25.867137,0.0
2019-02-07,12,0,233,5.7,5.7,0.0,298.988427,0.0
2019-02-07,12,0,236,0.0,0.0,0.0,-0.0,0.0
2019-02-07,12,0,237,145.02,145.02,0.0,-4387.253306,0.0
2019-02-07,12,0,238,82.96,82.96,0.0,507.367245,0.0
2019-02-07,12,0,240,8.15,8.15,0.0,-388.998472,0.0
2019-02-07,12,0,245,39.63,39.63,0.0,792.99553,0.0
2019-02-07,12,0,247,59.12,59.12,0.0,1182.990052,0.0
2019-02-07,12,0,248,14.56,14.56,0.0,-440.47999,0.0
2019-02-07,12,0,249,76.22,76.22,0.0,1525.16072,0.0
2019-02-07,12,0,251,299.84,299.84,0.0,3094.258179,0.0
2019-02-07,12,0,252,239.11,239.11,0.0,3069.556538,0.0
2019-02-07,12,0,254,13.71,13.71,0.0,-507.224943,0.0
2019-02-07,12,0,255,6.29,6.29,0.0,-232.709328,0.0
2019-02-07,12,0,258,9.81,9.81,0.0,-459.903131,0.0
2019-02-07,12,0,260,4.71,4.71,0.0,-97.241154,0.0
2019-02-07,12,0,265,45.19,45.19,0.0,-5549.168249,0.0
2019-02-07,12,0,266,29.1,29.1,0.0,-3573.374553,0.0
2019-02-07,12,0,267,35.76,35.76,0.0,-4391.19842,0.0
2019-02-07,12,0,270,579.0,579.0,0.0,-579000.0,0.0
2019-02-07,12,0,272,150.39,150.39,0.0,-35885.30484,0.0
2019-02-07,12,0,273,30.56,30.56,0.0,-30560.0,0.0
2019-02-07,12,0,274,746.4,746.4,0.0,-746400.0,0.0
2019-02-07,12,0,275,1039.0,1039.0,0.0,-1039000.0,0.0
2019-02-07,12,0,276,6.12,6.12,0.0,-5481.293468,0.0
2019-02-07,12,0,277,6.19,6.19,0.0,-1494.148638,0.0
2019-02-07,12,0,278,9.91,9.91,0.0,-2392.086107,0.0
2019-02-07,12,0,279,264.6,264.6,0.0,-63869.423194,0.0
2019-02-07,12,0,281,56.1,56.1,0.0,-56100.0,0.0
2019-02-07,12,0,282,295.54,295.54,0.0,-295540.0,0.0
2019-02-07,13,0,9,3.94,3.94,0.0,-1945.065393,0.0
2019-02-07,13,0,17,49.28,49.28,0.0,547.33272,0.0
2019-02-07,13,0,19,70.34,70.34,0.0,781.23749,0.0
2019-02-07,13,0,20,85.31,85.31,0.0,947.503131,0.0
2019-02-07,13,0,21,90.01,90.01,0.0,-44435.364468,0.0
2019-02-07,13,0,22,319.88,319.88,0.0,-157915.613666,0.0
2019-02-07,13,0,23,90.35,90.35,0.0,-44603.212751,0.0
2019-02-07,13,0,24,157.79,157.79,0.0,-77896.413281,0.0
2019-02-07,13,0,29,7.9,7.9,0.0,26.792577,0.0
2019-02-07,13,0,30,716.13,716.13,0.0,-716130.0,0.0
2019-02-07,13,0,31,125.0,125.0,0.0,-125000.0,0.0
2019-02-07,13,0,32,4.86,4.86,0.0,215.300488,0.0
2019-02-07,13,0,33,2.44,2.44,0.0,117.949792,0.0
2019-02-07,13,0,34,3.91,3.91,0.0,189.009707,0.0
2019-02-07,13,0,35,3.91,3.91,0.0,189.009707,0.0
2019-02-07,13,0,36,6.85,6.85,0.0,-336.964245,0.0
2019-02-07,13,0,37,3.53,3.53,0.0,-177.760657,0.0
2019-02-07,13,0,38,4.54,4.54,0.0,-228.621355,0.0
2019-02-07,13,0,39,3.03,3.03,0.0,-152.582094,0.0
2019-02-07,13,0,40,3.03,3.03,0.0,-152.582094,0.0
2019-02-07,13,0,41,34.8,34.8,0.0,-4319.725081,0.0
2019-02-07,13,0,42,73.33,73.33,0.0,222.605982,0.0
2019-02-07,13,0,43,19.94,19.94,0.0,-869.468182,0.0
2019-02-07,13,0,46,18.33,18.33,0.0,-1147.599118,0.0
2019-02-07,13,0,52,132.5,132.5,0.0,-132500.0,0.0
2019-02-07,13,0,53,210.5,210.5,0.0,-210500.0,0.0
2019-02-07,13,0,55,623.0,623.0,0.0,-307557.294341,0.0
2019-02-07,13,0,56,211.23,211.23,0.0,-211230.0,0.0
2019-02-07,13,0,57,200.93,200.93,0.0,-200930.0,0.0
2019-02-07,13,0,58,386.4,386.4,0.0,-386400.0,0.0
2019-02-07,13,0,59,379.96,379.96,0.0,-379960.0,0.0
2019-02-07,13,0,63,51.0,51.0,0.0,6101.892183,0.0
2019-02-07,13,0,64,60.0,60.0,0.0,7178.696686,0.0
2019-02-07,13,0,65,41.4,41.4,0.0,397.743049,0.0
2019-02-07,13,0,67,429.52,429.52,0.0,-228821.063117,0.0
2019-02-07,13,0,68,34.0,34.0,0.0,-12925.162801,0.0
2019-02-07,13,0,69,2.44,2.44,0.0,117.949792,0.0
2019-02-07,13,0,74,145.88,145.88,0.0,-4753.783822,0.0
2019-02-07,13,0,77,60.0,60.0,0.0,-14747.944551,0.0
2019-02-07,13,0,78,45.36,45.36,0.0,-11149.44608,0.0
2019-02-07,13,0,79,26.25,26.25,0.0,-6452.225741,0.0
2019-02-07,13,0,80,42.45,42.45,0.0,-10434.17077,0.0
2019-02-07,13,0,81,55.5,55.5,0.0,-13641.848709,0.0
2019-02-07,13,0,82,39.15,39.15,0.0,-9623.033819,0.0
2019-02-07,13,0,83,87.3,87.3,0.0,-21458.259321,0.0
2019-02-07,13,0,84,0.0,0.0,0.0,-0.0,0.0
2019-02-07,13,0,86,12.39,12.39,0.0,598.933573,0.0
2019-02-07,13,0,87,63.24,63.24,0.0,3057.026566,0.0
2019-02-07,13,0,88,51.18,51.18,0.0,-12579.996702,0.0
2019-02-07,13,0,89,49.2,49.2,0.0,-12093.314531,0.0
2019-02-07,13,0,90,66.06,66.06,0.0,-16237.48695,0.0
2019-02-07,13,0,91,235.65,235.65,0.0,-57922.552222,0.0
2019-02-07,13,0,92,84.75,84.75,0.0,-20831.471678,0.0
2019-02-07,13,0,95,120.0,120.0,0.0,2691.568394,0.0
2019-02-07,13,0,96,29.88,29.88,0.0,-4155.665088,0.0
2019-02-07,13,0,97,183.75,183.75,0.0,-25555.671352,0.0
2019-02-07,13,0,99,28.16,28.16,0.0,-917.648426,0.0
2019-02-07,13,0,101,14.43,14.43,0.0,-14430.0,0.0
2019-02-07,13,0,102,80.5,80.5,0.0,-30602.22369,0.0
2019-02-07,13,0,103,70.0,70.0,0.0,-26610.629296,0.0
2019-02-07,13,0,104,13.0,13.0,0.0,-4941.974012,0.0
2019-02-07,13,0,106,314.89,314.89,0.0,-155452.193282,0.0
2019-02-07,13,0,109,60.0,60.0,0.0,-4819.701537,0.0
2019-02-07,13,0,110,338.6,338.6,0.0,-338600.0,0.0
2019-02-07,13,0,111,9.68,9.68,0.0,-1201.578701,0.0
2019-02-07,13,0,113,45.0,45.0,0.0,-10744.596637,0.0
2019-02-07,13,0,115,45.0,45.0,0.0,-10744.596637,0.0
2019-02-07,13,0,116,153.15,153.15,0.0,-153150.0,0.0
2019-02-07,13,0,117,3.0,3.0,0.0,-716.306442,0.0
2019-02-07,13,0,119,60.0,60.0,0.0,7178.696686,0.0
2019-02-07,13,0,120,35.28,35.28,0.0,4221.073652,0.0
2019-02-07,13,0,123,5.25,5.25,0.0,-2591.774952,0.0
2019-02-07,13,0,125,143.27,143.27,0.0,-70728.30427,0.0
2019-02-07,13,0,126,236.17,236.17,0.0,-116590.37914,0.0
2019-02-07,13,0,127,303.08,303.08,0.0,-149621.933818,0.0
2019-02-07,13,0,128,202.25,202.25,0.0,-99845.044591,0.0
2019-02-07,13,0,131,30.0,30.0,0.0,-10182.034057,0.0
2019-02-07,13,0,132,44.1,44.1,0.0,-14967.590064,0.0
2019-02-07,13,0,133,20.33,20.33,0.0,228.668654,0.0
2019-02-07,13,0,134,0.0,0.0,0.0,0.0,0.0
2019-02-07,13,0,135,27.24,27.24,0.0,306.391251,0.0
2019-02-07,13,0,136,43.12,43.12,0.0,410.718567,0.0
2019-02-07,13,0,139,44.94,44.94,0.0,-5578.403596,0.0
2019-02-07,13,0,140,250.6,250.6,0.0,-250600.0,0.0
2019-02-07,13,0,141,230.0,230.0,0.0,-122529.438715,0.0
2019-02-07,13,0,142,566.43,566.43,0.0,-301758.043354,0.0
2019-02-07,13,0,143,238.5,238.5,0.0,-238500.0,0.0
2019-02-07,13,0,145,100.0,100.0,0.0,-14067.105352,0.0
2019-02-07,13,0,146,268.0,268.0,0.0,-268000.0,0.0
2019-02-07,13,0,152,5.39,5.39,0.0,-169.479096,0.0
2019-02-07,13,0,153,6.88,6.88,0.0,-229.552403,0.0
2019-02-07,13,0,154,39.94,39.94,0.0,-4957.753441,0.0
2019-02-07,13,0,157,250.0,250.0,0.0,-133184.172517,0.0
2019-02-07,13,0,158,413.65,413.65,0.0,-220366.531846,0.0
2019-02-07,13,0,159,0.0,0.0,0.0,-0.0,0.0
2019-02-07,13,0,160,1.73,1.73,0.0,-36.777115,0.0
2019-02-07,13,0,161,79.71,79.71,0.0,-30301.903731,0.0
2019-02-07,13,0,162,162.5,162.5,0.0,3787.831298,0.0
2019-02-07,13,0,163,97.9,97.9,0.0,-97900.0,0.0
2019-02-07,13,0,164,28.29,28.29,0.0,-28290.0,0.0
2019-02-07,13,0,167,5.51,5.51,0.0,106.168583,0.0
2019-02-07,13,0,168,2.75,2.75,0.0,52.98795,0.0
2019-02-07,13,0,169,0.0,0.0,0.0,0.0,0.0
2019-02-07,13,0,170,6.02,6.02,0.0,115.995439,0.0
2019-02-07,13,0,172,6.97,6.97,0.0,77.69008,0.0
2019-02-07,13,0,173,10.62,10.62,0.0,118.374269,0.0
2019-02-07,13,0,188,9.67,9.67,0.0,227.774727,0.0
2019-02-07,13,0,190,12.46,12.46,0.0,404.047362,0.0
2019-02-07,13,0,191,32.2,32.2,0.0,1044.167339,0.0
2019-02-07,13,0,192,332.6,332.6,0.0,10785.405497,0.0
2019-02-07,13,0,194,52.95,52.95,0.0,-6281.55084,0.0
2019-02-07,13,0,196,7.98,7.98,0.0,2229.006765,0.0
2019-02-07,13,0,198,8.14,8.14,0.0,90.78743,0.0
2019-02-07,13,0,199,73.53,73.53,0.0,-10944.209286,0.0
2019-02-07,13,0,200,18.31,18.31,0.0,-2725.261417,0.0
2019-02-07,13,0,204,257.1,257.1,0.0,-21859.038001,0.0
2019-02-07,13,0,205,317.4,317.4,0.0,-25496.22113,0.0
2019-02-07,13,0,206,539.94,539.94,0.0,-75094.036408,0.0
2019-02-07,13,0,210,1.99,1.99,0.0,1.655813,0.0
2019-02-07,13,0,214,10.03,10.03,0.0,705.836873,0.0
2019-02-07,13,0,217,7.07,7.07,0.0,335.55446,0.0
2019-02-07,13,0,218,9.76,9.76,0.0,463.226525,0.0
2019-02-07,13,0,219,6.65,6.65,0.0,315.620532,0.0
2019-02-07,13,0,221,5.35,5.35,0.0,376.493247,0.0
2019-02-07,13,0,225,6.6,6.6,0.0,24.014986,0.0
2019-02-07,13,0,233,7.01,7.01,0.0,338.86395,0.0
2019-02-07,13,0,236,0.0,0.0,0.0,-0.0,0.0
2019-02-07,13,0,237,349.94,349.94,0.0,-11403.476219,0.0
2019-02-07,13,0,238,95.45,95.45,0.0,289.755093,0.0
2019-02-07,13,0,240,7.76,7.76,0.0,-381.728838,0.0
2019-02-07,13,0,245,63.37,63.37,0.0,1053.199401,0.0
2019-02-07,13,0,247,100.6,100.6,0.0,1671.956127,0.0
2019-02-07,13,0,248,35.13,35.13,0.0,-1144.779447,0.0
2019-02-07,13,0,249,121.86,121.86,0.0,2025.293973,0.0
2019-02-07,13,0,251,326.4,326.4,0.0,2332.378977,0.0
2019-02-07,13,0,252,267.06,267.06,0.0,2565.730883,0.0
2019-02-07,13,0,254,14.41,14.41,0.0,-547.534978,0.0
2019-02-07,13,0,255,6.61,6.61,0.0,-251.159348,0.0
2019-02-07,13,0,258,9.24,9.24,0.0,-446.194161,0.0
2019-02-07,13,0,260,4.2,4.2,0.0,-89.285482,0.0
2019-02-07,13,0,265,41.35,41.35,0.0,-5132.776785,0.0
2019-02-07,13,0,266,29.1,29.1,0.0,-3612.183904,0.0
2019-02-07,13,0,267,35.76,35.76,0.0,-4438.889911,0.0
2019-02-07,13,0,270,304.62,304.62,0.0,-304620.0,0.0
2019-02-07,13,0,272,150.39,150.39,0.0,-35908.441962,0.0
2019-02-07,13,0,273,36.62,36.62,0.0,-36620.0,0.0
2019-02-07,13,0,274,392.51,392.51,0.0,-392510.0,0.0
2019-02-07,13,0,275,546.13,546.13,0.0,-546130.0,0.0
2019-02-07,13,0,276,8.02,8.02,0.0,-7183.273127,0.0
2019-02-07,13,0,277,8.86,8.86,0.0,-2140.464005,0.0
2019-02-07,13,0,278,14.18,14.18,0.0,-3425.708758,0.0
2019-02-07,13,0,279,378.16,378.16,0.0,-91358.675877,0.0
2019-02-07,13,0,281,56.1,56.1,0.0,-56100.0,0.0
2019-02-07,13,0,282,392.84,392.84,0.0,-392840.0,0.0
2019-02-07,14,0,9,4.15,4.15,0.0,-2057.18079,0.0
2019-02-07,14,0,17,51.15,51.15,0.0,64.7315,0.0
2019-02-07,14,0,19,63.07,63.07,0.0,79.816534,0.0
2019-02-07,14,0,20,76.49,76.49,0.0,96.799853,0.0
2019-02-07,14,0,21,95.0,95.0,0.0,-47092.090367,0.0
2019-02-07,14,0,22,337.62,337.62,0.0,-167360.332101,0.0
2019-02-07,14,0,23,42.61,42.61,0.0,-21122.041795,0.0
2019-02-07,14,0,24,73.27,73.27,0.0,-36320.394328,0.0
2019-02-07,14,0,29,7.84,7.84,0.0,26.766203,0.0
2019-02-07,14,0,30,771.94,771.94,0.0,-771940.0,0.0
2019-02-07,14,0,31,125.0,125.0,0.0,-125000.0,0.0
2019-02-07,14,0,32,4.94,4.94,0.0,221.283388,0.0
2019-02-07,14,0,33,2.5,2.5,0.0,90.955887,0.0
2019-02-07,14,0,34,4.01,4.01,0.0,145.893242,0.0
2019-02-07,14,0,35,4.01,4.01,0.0,145.893242,0.0
2019-02-07,14,0,36,7.13,7.13,0.0,-389.819948,0.0
2019-02-07,14,0,37,3.67,3.67,0.0,-204.127276,0.0
2019-02-07,14,0,38,4.72,4.72,0.0,-262.528813,0.0
2019-02-07,14,0,39,3.15,3.15,0.0,-175.20461,0.0
2019-02-07,14,0,40,3.15,3.15,0.0,-175.20461,0.0
2019-02-07,14,0,41,34.8,34.8,0.0,-4483.177606,0.0
2019-02-07,14,0,42,77.49,77.49,0.0,-491.796099,0.0
2019-02-07,14,0,43,20.4,20.4,0.0,-987.381074,0.0
2019-02-07,14,0,46,19.01,19.01,0.0,-1282.437901,0.0
2019-02-07,14,0,52,132.5,132.5,0.0,-132500.0,0.0
2019-02-07,14,0,53,210.5,210.5,0.0,-210500.0,0.0
2019-02-07,14,0,55,623.0,623.0,0.0,-308824.971563,0.0
2019-02-07,14,0,56,227.69,227.69,0.0,-227690.0,0.0
2019-02-07,14,0,57,216.59,216.59,0.0,-216590.0,0.0
2019-02-07,14,0,58,416.51,416.51,0.0,-416510.0,0.0
2019-02-07,14,0,59,409.57,409.57,0.0,-409570.0,0.0
2019-02-07,14,0,63,51.0,51.0,0.0,6069.246747,0.0
2019-02-07,14,0,64,60.0,60.0,0.0,7140.290291,0.0
2019-02-07,14,0,65,33.2,33.2,0.0,-4.930715,0.0
2019-02-07,14,0,67,448.82,448.82,0.0,-239422.429045,0.0
2019-02-07,14,0,68,19.16,19.16,0.0,-7301.805398,0.0
2019-02-07,14,0,69,2.5,2.5,0.0,90.955887,0.0
2019-02-07,14,0,74,217.6,217.6,0.0,-8723.941322,0.0
2019-02-07,14,0,77,60.0,60.0,0.0,-14824.969804,0.0
2019-02-07,14,0,78,45.36,45.36,0.0,-11207.677172,0.0
2019-02-07,14,0,79,26.25,26.25,0.0,-6485.924289,0.0
2019-02-07,14,0,80,42.45,42.45,0.0,-10488.666136,0.0
2019-02-07,14,0,81,55.5,55.5,0.0,-13713.097069,0.0
2019-02-07,14,0,82,39.15,39.15,0.0,-9673.292797,0.0
2019-02-07,14,0,83,87.3,87.3,0.0,-21570.331065,0.0
2019-02-07,14,0,84,0.0,0.0,0.0,-0.0,0.0
2019-02-07,14,0,86,12.68,12.68,0.0,461.328256,0.0
2019-02-07,14,0,87,64.75,64.75,0.0,2355.757461,0.0
2019-02-07,14,0,88,51.18,51.18,0.0,-12645.699243,0.0
2019-02-07,14,0,89,49.2,49.2,0.0,-12156.475239,0.0
2019-02-07,14,0,90,66.06,66.06,0.0,-16322.291754,0.0
2019-02-07,14,0,91,235.65,235.65,0.0,-58225.068906,0.0
2019-02-07,14,0,92,84.75,84.75,0.0,-20940.269848,0.0
2019-02-07,14,0,95,120.0,120.0,0.0,2333.493576,0.0
2019-02-07,14,0,96,31.39,31.39,0.0,-4472.67527,0.0
2019-02-07,14,0,97,210.51,210.51,0.0,-29994.994297,0.0
2019-02-07,14,0,99,42.0,42.0,0.0,-1683.848968,0.0
2019-02-07,14,0,101,15.55,15.55,0.0,-15550.0,0.0
2019-02-07,14,0,102,45.25,45.25,0.0,-17244.60826,0.0
2019-02-07,14,0,103,39.36,39.36,0.0,-14999.950964,0.0
2019-02-07,14,0,104,7.37,7.37,0.0,-2808.679843,0.0
2019-02-07,14,0,106,332.36,332.36,0.0,-164752.917413,0.0
2019-02-07,14,0,109,60.0,60.0,0.0,-5126.481,0.0
2019-02-07,14,0,110,338.6,338.6,0.0,-338600.0,0.0
2019-02-07,14,0,111,10.44,10.44,0.0,-1344.953282,0.0
2019-02-07,14,0,113,45.0,45.0,0.0,-10782.959344,0.0
2019-02-07,14,0,115,45.0,45.0,0.0,-10782.959344,0.0
2019-02-07,14,0,116,157.21,157.21,0.0,-157210.0,0.0
2019-02-07,14,0,117,3.0,3.0,0.0,-718.863956,0.0
2019-02-07,14,0,119,60.0,60.0,0.0,7140.290291,0.0
2019-02-07,14,0,120,35.28,35.28,0.0,4198.490691,0.0
2019-02-07,14,0,123,5.54,5.54,0.0,-2746.212428,0.0
2019-02-07,14,0,125,66.79,66.79,0.0,-33108.218059,0.0
2019-02-07,14,0,126,249.27,249.27,0.0,-123564.68806,0.0
2019-02-07,14,0,127,319.89,319.89,0.0,-158571.46092,0.0
2019-02-07,14,0,128,92.7,92.7,0.0,-45951.966074,0.0
2019-02-07,14,0,131,30.0,30.0,0.0,-10212.230865,0.0
2019-02-07,14,0,132,44.1,44.1,0.0,-15011.979372,0.0
2019-02-07,14,0,133,16.58,16.58,0.0,23.191224,0.0
2019-02-07,14,0,134,0.0,0.0,0.0,0.0,0.0
2019-02-07,14,0,135,22.22,22.22,0.0,31.080157,0.0
2019-02-07,14,0,136,28.23,28.23,0.0,-6.384027,0.0
2019-02-07,14,0,139,44.94,44.94,0.0,-5789.482805,0.0
2019-02-07,14,0,140,250.6,250.6,0.0,-250600.0,0.0
2019-02-07,14,0,141,230.0,230.0,0.0,-122693.19255,0.0
2019-02-07,14,0,142,591.88,591.88,0.0,-315737.594812,0.0
2019-02-07,14,0,143,238.5,238.5,0.0,-238500.0,0.0
2019-02-07,14,0,145,56.12,56.12,0.0,-8116.950295,0.0
2019-02-07,14,0,146,268.0,268.0,0.0,-268000.0,0.0
2019-02-07,14,0,152,5.73,5.73,0.0,-222.17981,0.0
2019-02-07,14,0,153,7.34,7.34,0.0,-297.868855,0.0
2019-02-07,14,0,154,43.07,43.07,0.0,-5548.576422,0.0
2019-02-07,14,0,157,134.16,134.16,0.0,-71567.472663,0.0
2019-02-07,14,0,158,444.58,444.58,0.0,-237160.606713,0.0
2019-02-07,14,0,159,0.0,0.0,0.0,-0.0,0.0
2019-02-07,14,0,160,1.77,1.77,0.0,-44.406118,0.0
2019-02-07,14,0,161,83.26,83.26,0.0,-31730.079198,0.0
2019-02-07,14,0,162,162.5,162.5,0.0,3301.675712,0.0
2019-02-07,14,0,163,130.61,130.61,0.0,-130610.0,0.0
2019-02-07,14,0,164,30.39,30.39,0.0,-30390.0,0.0
2019-02-07,14,0,167,5.7,5.7,0.0,92.135613,0.0
2019-02-07,14,0,168,2.85,2.85,0.0,46.067807,0.0
2019-02-07,14,0,169,0.0,0.0,0.0,0.0,0.0
2019-02-07,14,0,170,6.24,6.24,0.0,100.86425,0.0
2019-02-07,14,0,172,7.21,7.21,0.0,56.226526,0.0
2019-02-07,14,0,173,10.99,10.99,0.0,85.70451,0.0
2019-02-07,14,0,188,9.86,9.86,0.0,229.525481,0.0
2019-02-07,14,0,190,12.64,12.64,0.0,409.884322,0.0
2019-02-07,14,0,191,32.67,32.67,0.0,1059.408291,0.0
2019-02-07,14,0,192,332.6,332.6,0.0,10785.405497,0.0
2019-02-07,14,0,194,52.95,52.95,0.0,-6314.549482,0.0
2019-02-07,14,0,196,8.15,8.15,0.0,2269.780923,0.0
2019-02-07,14,0,198,8.53,8.53,0.0,89.044854,0.0
2019-02-07,14,0,199,130.0,130.0,0.0,-19302.586079,0.0
2019-02-07,14,0,200,18.91,18.91,0.0,-2807.783867,0.0
2019-02-07,14,0,204,257.1,257.1,0.0,-23124.078207,0.0
2019-02-07,14,0,205,317.4,317.4,0.0,-27119.084492,0.0
2019-02-07,14,0,206,745.19,745.19,0.0,-106180.085509,0.0
2019-02-07,14,0,210,1.99,1.99,0.0,13.162269,0.0
2019-02-07,14,0,214,10.06,10.06,0.0,574.999506,0.0
2019-02-07,14,0,217,7.18,7.18,0.0,277.768655,0.0
2019-02-07,14,0,218,9.91,9.91,0.0,383.382643,0.0
2019-02-07,14,0,219,6.75,6.75,0.0,261.133485,0.0
2019-02-07,14,0,221,5.37,5.37,0.0,306.933136,0.0
2019-02-07,14,0,225,6.66,6.66,0.0,20.679357,0.0
2019-02-07,14,0,233,7.18,7.18,0.0,261.225306,0.0
2019-02-07,14,0,236,20.25,20.25,0.0,-365.712096,0.0
2019-02-07,14,0,237,522.0,522.0,0.0,-20927.837178,0.0
2019-02-07,14,0,238,100.86,100.86,0.0,-640.115557,0.0
2019-02-07,14,0,240,8.08,8.08,0.0,-441.759492,0.0
2019-02-07,14,0,245,58.75,58.75,0.0,379.839741,0.0
2019-02-07,14,0,247,93.1,93.1,0.0,601.924764,0.0
2019-02-07,14,0,248,52.4,52.4,0.0,-2100.802046,0.0
2019-02-07,14,0,249,112.98,112.98,0.0,730.456067,0.0
2019-02-07,14,0,251,262.26,262.26,0.0,-647.816763,0.0
2019-02-07,14,0,252,214.15,214.15,0.0,-31.804594,0.0
2019-02-07,14,0,254,14.72,14.72,0.0,-626.350986,0.0
2019-02-07,14,0,255,6.74,6.74,0.0,-286.793862,0.0
2019-02-07,14,0,258,9.59,9.59,0.0,-514.601295,0.0
2019-02-07,14,0,260,4.29,4.29,0.0,-107.628388,0.0
2019-02-07,14,0,265,44.59,44.59,0.0,-5744.393375,0.0
2019-02-07,14,0,266,29.1,29.1,0.0,-3748.864033,0.0
2019-02-07,14,0,267,35.76,35.76,0.0,-4606.851471,0.0
2019-02-07,14,0,270,454.05,454.05,0.0,-454050.0,0.0
2019-02-07,14,0,272,150.39,150.39,0.0,-36036.650126,0.0
2019-02-07,14,0,273,37.59,37.59,0.0,-37590.0,0.0
2019-02-07,14,0,274,605.65,605.65,0.0,-605650.0,0.0
2019-02-07,14,0,275,880.86,880.86,0.0,-880860.0,0.0
2019-02-07,14,0,276,8.31,8.31,0.0,-7444.338446,0.0
2019-02-07,14,0,277,9.16,9.16,0.0,-2222.332873,0.0
2019-02-07,14,0,278,14.65,14.65,0.0,-3554.27692,0.0
2019-02-07,14,0,279,264.6,264.6,0.0,-64195.336044,0.0
2019-02-07,14,0,281,56.1,56.1,0.0,-56100.0,0.0
2019-02-07,14,0,282,423.45,423.45,0.0,-423450.0,0.0
2019-02-07,15,0,9,4.01,4.01,0.0,-1983.030585,0.0
2019-02-07,15,0,17,49.05,49.05,0.0,415.67142,0.0
2019-02-07,15,0,19,74.72,74.72,0.0,633.210367,0.0
2019-02-07,15,0,20,90.62,90.62,0.0,767.954008,0.0
2019-02-07,15,0,21,91.63,91.63,0.0,-45312.990646,0.0
2019-02-07,15,0,22,325.63,325.63,0.0,-161030.984876,0.0
2019-02-07,15,0,23,32.64,32.64,0.0,-16141.176631,0.0
2019-02-07,15,0,24,57.75,57.75,0.0,-28558.60755,0.0
2019-02-07,15,0,29,7.42,7.42,0.0,23.115562,0.0
2019-02-07,15,0,30,745.62,745.62,0.0,-745620.0,0.0
2019-02-07,15,0,31,125.0,125.0,0.0,-125000.0,0.0
2019-02-07,15,0,32,4.8,4.8,0.0,214.456715,0.0
2019-02-07,15,0,33,2.44,2.44,0.0,110.955024,0.0
2019-02-07,15,0,34,3.91,3.91,0.0,177.800879,0.0
2019-02-07,15,0,35,3.91,3.91,0.0,177.800879,0.0
2019-02-07,15,0,36,7.01,7.01,0.0,-360.689657,0.0
2019-02-07,15,0,37,3.6,3.6,0.0,-189.40653,0.0
2019-02-07,15,0,38,4.63,4.63,0.0,-243.597843,0.0
2019-02-07,15,0,39,3.09,3.09,0.0,-162.573938,0.0
2019-02-07,15,0,40,3.09,3.09,0.0,-162.573938,0.0
2019-02-07,15,0,41,58.96,58.96,0.0,-7423.15008,0.0
2019-02-07,15,0,42,74.84,74.84,0.0,34.005227,0.0
2019-02-07,15,0,43,20.1,20.1,0.0,-922.866558,0.0
2019-02-07,15,0,46,18.52,18.52,0.0,-1199.727089,0.0
2019-02-07,15,0,52,132.5,132.5,0.0,-132500.0,0.0
2019-02-07,15,0,53,210.5,210.5,0.0,-210500.0,0.0
2019-02-07,15,0,55,623.0,623.0,0.0,-308086.796602,0.0
2019-02-07,15,0,56,219.93,219.93,0.0,-219930.0,0.0
2019-02-07,15,0,57,209.2,209.2,0.0,-209200.0,0.0
2019-02-07,15,0,58,402.32,402.32,0.0,-402320.0,0.0
2019-02-07,15,0,59,395.61,395.61,0.0,-395610.0,0.0
2019-02-07,15,0,63,51.0,51.0,0.0,6069.195297,0.0
2019-02-07,15,0,64,60.0,60.0,0.0,7140.229762,0.0
2019-02-07,15,0,65,25.41,25.41,0.0,177.479158,0.0
2019-02-07,15,0,67,435.24,435.24,0.0,-232046.109484,0.0
2019-02-07,15,0,68,34.0,34.0,0.0,-12943.586939,0.0
2019-02-07,15,0,69,2.44,2.44,0.0,110.955024,0.0
2019-02-07,15,0,74,217.6,217.6,0.0,-7603.667981,0.0
2019-02-07,15,0,77,60.0,60.0,0.0,-14790.10978,0.0
2019-02-07,15,0,78,45.36,45.36,0.0,-11181.322994,0.0
2019-02-07,15,0,79,26.25,26.25,0.0,-6470.673029,0.0
2019-02-07,15,0,80,42.45,42.45,0.0,-10464.00267,0.0
2019-02-07,15,0,81,55.5,55.5,0.0,-13680.851547,0.0
2019-02-07,15,0,82,39.15,39.15,0.0,-9650.546632,0.0
2019-02-07,15,0,83,87.3,87.3,0.0,-21519.60973,0.0
2019-02-07,15,0,84,0.0,0.0,0.0,-0.0,0.0
2019-02-07,15,0,86,12.39,12.39,0.0,563.415061,0.0
2019-02-07,15,0,87,63.24,63.24,0.0,2875.735952,0.0
2019-02-07,15,0,88,51.18,51.18,0.0,-12615.963643,0.0
2019-02-07,15,0,89,49.2,49.2,0.0,-12127.89002,0.0
2019-02-07,15,0,90,66.06,66.06,0.0,-16283.910868,0.0
2019-02-07,15,0,91,235.65,235.65,0.0,-58088.156162,0.0
2019-02-07,15,0,92,84.75,84.75,0.0,-20891.030065,0.0
2019-02-07,15,0,95,120.0,120.0,0.0,2333.493576,0.0
2019-02-07,15,0,96,29.88,29.88,0.0,-4198.367459,0.0
2019-02-07,15,0,97,183.75,183.75,0.0,-25818.27378,0.0
2019-02-07,15,0,99,42.0,42.0,0.0,-1467.619739,0.0
2019-02-07,15,0,101,15.02,15.02,0.0,-15020.0,0.0
2019-02-07,15,0,102,80.5,80.5,0.0,-30645.845547,0.0
2019-02-07,15,0,103,70.0,70.0,0.0,-26648.561345,0.0
2019-02-07,15,0,104,13.0,13.0,0.0,-4949.018535,0.0
2019-02-07,15,0,106,320.56,320.56,0.0,-158523.761667,0.0
2019-02-07,15,0,109,60.0,60.0,0.0,-4942.231775,0.0
2019-02-07,15,0,110,338.6,338.6,0.0,-338600.0,0.0
2019-02-07,15,0,111,10.1,10.1,0.0,-1271.604746,0.0
2019-02-07,15,0,113,45.0,45.0,0.0,-10770.081156,0.0
2019-02-07,15,0,115,45.0,45.0,0.0,-10770.081156,0.0
2019-02-07,15,0,116,151.46,151.46,0.0,-151460.0,0.0
2019-02-07,15,0,117,3.0,3.0,0.0,-718.00541,0.0
2019-02-07,15,0,119,60.0,60.0,0.0,7140.229762,0.0
2019-02-07,15,0,120,35.28,35.28,0.0,4198.4551,0.0
2019-02-07,15,0,123,5.34,5.34,0.0,-2640.743971,0.0
2019-02-07,15,0,125,52.26,52.26,0.0,-25843.685378,0.0
2019-02-07,15,0,126,240.42,240.42,0.0,-118892.821251,0.0
2019-02-07,15,0,127,308.54,308.54,0.0,-152579.615126,0.0
2019-02-07,15,0,128,74.85,74.85,0.0,-37014.922513,0.0
2019-02-07,15,0,131,73.62,73.62,0.0,-25029.227986,0.0
2019-02-07,15,0,132,108.35,108.35,0.0,-36836.686394,0.0
2019-02-07,15,0,133,15.34,15.34,0.0,132.151139,0.0
2019-02-07,15,0,134,0.0,0.0,0.0,0.0,0.0
2019-02-07,15,0,135,20.55,20.55,0.0,177.034283,0.0
2019-02-07,15,0,136,19.28,19.28,0.0,133.086567,0.0
2019-02-07,15,0,139,76.67,76.67,0.0,-9652.864936,0.0
2019-02-07,15,0,140,250.6,250.6,0.0,-250600.0,0.0
2019-02-07,15,0,141,230.0,230.0,0.0,-122623.392109,0.0
2019-02-07,15,0,142,573.98,573.98,0.0,-306014.672185,0.0
2019-02-07,15,0,143,238.5,238.5,0.0,-238500.0,0.0
2019-02-07,15,0,145,30.0,30.0,0.0,-4268.777656,0.0
2019-02-07,15,0,146,255.03,255.03,0.0,-255030.0,0.0
2019-02-07,15,0,152,5.59,5.59,0.0,-188.984771,0.0
2019-02-07,15,0,153,7.16,7.16,0.0,-255.737248,0.0
2019-02-07,15,0,154,41.65,41.65,0.0,-5243.795808,0.0
2019-02-07,15,0,157,61.28,61.28,0.0,-32671.136819,0.0
2019-02-07,15,0,158,427.94,427.94,0.0,-228154.149648,0.0
2019-02-07,15,0,159,0.0,0.0,0.0,-0.0,0.0
2019-02-07,15,0,160,1.7,1.7,0.0,-40.356894,0.0
2019-02-07,15,0,161,79.95,79.95,0.0,-30436.463993,0.0
2019-02-07,15,0,162,162.5,162.5,0.0,3301.92217,0.0
2019-02-07,15,0,163,142.89,142.89,0.0,-142890.0,0.0
2019-02-07,15,0,164,28.72,28.72,0.0,-28720.0,0.0
2019-02-07,15,0,167,5.44,5.44,0.0,87.945721,0.0
2019-02-07,15,0,168,2.72,2.72,0.0,43.972861,0.0
2019-02-07,15,0,169,0.0,0.0,0.0,0.0,0.0
2019-02-07,15,0,170,5.95,5.95,0.0,96.190633,0.0
2019-02-07,15,0,172,6.98,6.98,0.0,52.887175,0.0
2019-02-07,15,0,173,10.64,10.64,0.0,80.618845,0.0
2019-02-07,15,0,188,9.64,9.64,0.0,223.277059,0.0
2019-02-07,15,0,190,11.94,11.94,0.0,387.185032,0.0
2019-02-07,15,0,191,30.84,30.84,0.0,1000.065862,0.0
2019-02-07,15,0,192,332.6,332.6,0.0,10785.405497,0.0
2019-02-07,15,0,194,52.95,52.95,0.0,-6310.055067,0.0
2019-02-07,15,0,196,7.79,7.79,0.0,2170.18765,0.0
2019-02-07,15,0,198,8.3,8.3,0.0,69.727508,0.0
2019-02-07,15,0,199,130.0,130.0,0.0,-19458.861749,0.0
2019-02-07,15,0,200,18.47,18.47,0.0,-2764.655204,0.0
2019-02-07,15,0,204,257.1,257.1,0.0,-22375.966362,0.0
2019-02-07,15,0,205,317.4,317.4,0.0,-26144.406089,0.0
2019-02-07,15,0,206,539.94,539.94,0.0,-75865.680244,0.0
2019-02-07,15,0,210,1.91,1.91,0.0,-1.941009,0.0
2019-02-07,15,0,214,9.79,9.79,0.0,659.523721,0.0
2019-02-07,15,0,217,6.89,6.89,0.0,315.698657,0.0
2019-02-07,15,0,218,9.51,9.51,0.0,435.746622,0.0
2019-02-07,15,0,219,6.48,6.48,0.0,296.912525,0.0
2019-02-07,15,0,221,5.22,5.22,0.0,351.656162,0.0
2019-02-07,15,0,225,6.24,6.24,0.0,21.929233,0.0
2019-02-07,15,0,233,7.01,7.01,0.0,318.768327,0.0
2019-02-07,15,0,236,128.84,128.84,0.0,-1534.576802,0.0
2019-02-07,15,0,237,522.0,522.0,0.0,-18240.416756,0.0
2019-02-07,15,0,238,97.42,97.42,0.0,44.264955,0.0
2019-02-07,15,0,240,7.95,7.95,0.0,-409.05603,0.0
2019-02-07,15,0,245,59.08,59.08,0.0,824.341093,0.0
2019-02-07,15,0,247,100.33,100.33,0.0,1399.900844,0.0
2019-02-07,15,0,248,52.4,52.4,0.0,-1831.030341,0.0
2019-02-07,15,0,249,113.62,113.62,0.0,1585.335731,0.0
2019-02-07,15,0,251,184.63,184.63,0.0,837.957032,0.0
2019-02-07,15,0,252,163.91,163.91,0.0,1144.848829,0.0
2019-02-07,15,0,254,14.68,14.68,0.0,-592.329401,0.0
2019-02-07,15,0,255,6.73,6.73,0.0,-271.551558,0.0
2019-02-07,15,0,258,9.37,9.37,0.0,-473.736527,0.0
2019-02-07,15,0,260,4.13,4.13,0.0,-98.043512,0.0
2019-02-07,15,0,265,43.13,43.13,0.0,-5430.129969,0.0
2019-02-07,15,0,266,49.03,49.03,0.0,-6172.948582,0.0
2019-02-07,15,0,267,60.63,60.63,0.0,-7633.405518,0.0
2019-02-07,15,0,270,466.38,466.38,0.0,-466380.0,0.0
2019-02-07,15,0,272,150.39,150.39,0.0,-35993.611224,0.0
2019-02-07,15,0,273,36.22,36.22,0.0,-36220.0,0.0
2019-02-07,15,0,274,614.3,614.3,0.0,-614300.0,0.0
2019-02-07,15,0,275,881.73,881.73,0.0,-881730.0,0.0
2019-02-07,15,0,276,8.05,8.05,0.0,-7210.877449,0.0
2019-02-07,15,0,277,8.75,8.75,0.0,-2119.323322,0.0
2019-02-07,15,0,278,14.01,14.01,0.0,-3393.339399,0.0
2019-02-07,15,0,279,264.6,264.6,0.0,-64088.33725,0.0
2019-02-07,15,0,281,56.1,56.1,0.0,-56100.0,0.0
2019-02-07,15,0,282,409.02,409.02,0.0,-409020.0,0.0
2019-02-07,16,0,9,3.41,3.41,0.0,-1404.395768,0.0
2019-02-07,16,0,17,19.65,19.65,0.0,-9.345271,0.0
2019-02-07,16,0,19,186.23,186.23,0.0,-88.568437,0.0
2019-02-07,16,0,20,235.04,235.04,0.0,-111.781805,0.0
2019-02-07,16,0,21,78.03,78.03,0.0,-32136.364156,0.0
2019-02-07,16,0,22,277.33,277.33,0.0,-114217.32502,0.0
2019-02-07,16,0,23,32.64,32.64,0.0,-13442.66213,0.0
2019-02-07,16,0,24,57.75,57.75,0.0,-23784.121876,0.0
2019-02-07,16,0,29,4.43,4.43,0.0,15.024192,0.0
2019-02-07,16,0,30,660.5,660.5,0.0,-660500.0,0.0
2019-02-07,16,0,31,125.0,125.0,0.0,-125000.0,0.0
2019-02-07,16,0,32,3.12,3.12,0.0,134.176221,0.0
2019-02-07,16,0,33,1.7,1.7,0.0,13.587541,0.0
2019-02-07,16,0,34,2.72,2.72,0.0,21.740066,0.0
2019-02-07,16,0,35,2.72,2.72,0.0,21.740066,0.0
2019-02-07,16,0,36,5.71,5.71,0.0,-74.986371,0.0
2019-02-07,16,0,37,2.85,2.85,0.0,-37.631006,0.0
2019-02-07,16,0,38,3.67,3.67,0.0,-48.458173,0.0
2019-02-07,16,0,39,2.44,2.44,0.0,-32.217423,0.0
2019-02-07,16,0,40,2.44,2.44,0.0,-32.217423,0.0
2019-02-07,16,0,41,82.36,82.36,0.0,-3047.796979,0.0
2019-02-07,16,0,42,54.57,54.57,0.0,-126.122602,0.0
2019-02-07,16,0,43,16.46,16.46,0.0,-183.362401,0.0
2019-02-07,16,0,46,13.66,13.66,0.0,-215.139638,0.0
2019-02-07,16,0,52,132.5,132.5,0.0,-132500.0,0.0
2019-02-07,16,0,53,210.5,210.5,0.0,-210500.0,0.0
2019-02-07,16,0,55,598.99,598.99,0.0,-246691.795023,0.0
2019-02-07,16,0,56,194.83,194.83,0.0,-194830.0,0.0
2019-02-07,16,0,57,185.32,185.32,0.0,-185320.0,0.0
2019-02-07,16,0,58,356.39,356.39,0.0,-356390.0,0.0
2019-02-07,16,0,59,350.45,350.45,0.0,-350450.0,0.0
2019-02-07,16,0,63,51.0,51.0,0.0,5732.169816,0.0
2019-02-07,16,0,64,60.0,60.0,0.0,6743.729195,0.0
2019-02-07,16,0,65,21.03,21.03,0.0,-17.172572,0.0
2019-02-07,16,0,67,368.4,368.4,0.0,-203797.641349,0.0
2019-02-07,16,0,68,34.0,34.0,0.0,-13847.961697,0.0
2019-02-07,16,0,69,1.7,1.7,0.0,13.587541,0.0
2019-02-07,16,0,74,134.72,134.72,0.0,-1447.95296,0.0
2019-02-07,16,0,77,60.0,60.0,0.0,-17040.827496,0.0
2019-02-07,16,0,78,45.36,45.36,0.0,-12882.865587,0.0
2019-02-07,16,0,79,26.25,26.25,0.0,-7455.36203,0.0
2019-02-07,16,0,80,42.45,42.45,0.0,-12056.385454,0.0
2019-02-07,16,0,81,55.5,55.5,0.0,-15762.765434,0.0
2019-02-07,16,0,82,39.15,39.15,0.0,-11119.139941,0.0
2019-02-07,16,0,83,87.3,87.3,0.0,-24794.404007,0.0
2019-02-07,16,0,84,0.0,0.0,0.0,0.0,0.0
2019-02-07,16,0,86,8.6,8.6,0.0,68.736972,0.0
2019-02-07,16,0,87,43.91,43.91,0.0,350.958192,0.0
2019-02-07,16,0,88,51.18,51.18,0.0,-14535.825854,0.0
2019-02-07,16,0,89,49.2,49.2,0.0,-13973.478547,0.0
2019-02-07,16,0,90,66.06,66.06,0.0,-18761.951073,0.0
2019-02-07,16,0,91,235.65,235.65,0.0,-66927.849992,0.0
2019-02-07,16,0,92,84.75,84.75,0.0,-24070.168838,0.0
2019-02-07,16,0,95,120.0,120.0,0.0,2333.493576,0.0
2019-02-07,16,0,96,29.88,29.88,0.0,86.985436,0.0
2019-02-07,16,0,97,183.75,183.75,0.0,534.925497,0.0
2019-02-07,16,0,99,29.54,29.54,0.0,-317.492061,0.0
2019-02-07,16,0,101,13.31,13.31,0.0,-13310.0,0.0
2019-02-07,16,0,102,80.5,80.5,0.0,-32787.085783,0.0
2019-02-07,16,0,103,70.0,70.0,0.0,-28510.509376,0.0
2019-02-07,16,0,104,13.0,13.0,0.0,-5294.808884,0.0
2019-02-07,16,0,106,273.0,273.0,0.0,-112434.030687,0.0
2019-02-07,16,0,109,55.58,55.58,0.0,-1125.230815,0.0
2019-02-07,16,0,110,338.6,338.6,0.0,-338600.0,0.0
2019-02-07,16,0,111,12.46,12.46,0.0,-461.092161,0.0
2019-02-07,16,0,113,45.0,45.0,0.0,-11710.980656,0.0
2019-02-07,16,0,115,45.0,45.0,0.0,-11710.980656,0.0
2019-02-07,16,0,116,126.61,126.61,0.0,-126610.0,0.0
2019-02-07,16,0,117,3.0,3.0,0.0,-780.732044,0.0
2019-02-07,16,0,119,60.0,60.0,0.0,6743.729195,0.0
2019-02-07,16,0,120,35.28,35.28,0.0,3965.312767,0.0
2019-02-07,16,0,123,4.55,4.55,0.0,-1873.900511,0.0
2019-02-07,16,0,125,52.26,52.26,0.0,-21523.085874,0.0
2019-02-07,16,0,126,204.75,204.75,0.0,-84325.523015,0.0
2019-02-07,16,0,127,262.77,262.77,0.0,-108220.843383,0.0
2019-02-07,16,0,128,74.85,74.85,0.0,-30826.693029,0.0
2019-02-07,16,0,131,30.0,30.0,0.0,-11049.79863,0.0
2019-02-07,16,0,132,44.1,44.1,0.0,-16243.203986,0.0
2019-02-07,16,0,133,19.65,19.65,0.0,-8.713989,0.0
2019-02-07,16,0,134,0.0,0.0,0.0,-0.0,0.0
2019-02-07,16,0,135,24.99,24.99,0.0,-11.082065,0.0
2019-02-07,16,0,136,14.87,14.87,0.0,-12.42083,0.0
2019-02-07,16,0,139,107.25,107.25,0.0,-3968.871127,0.0
2019-02-07,16,0,140,250.6,250.6,0.0,-250600.0,0.0
2019-02-07,16,0,141,230.0,230.0,0.0,-127235.226684,0.0
2019-02-07,16,0,142,485.83,485.83,0.0,-268759.522521,0.0
2019-02-07,16,0,143,217.84,217.84,0.0,-217840.0,0.0
2019-02-07,16,0,145,29.15,29.15,0.0,-979.884602,0.0
2019-02-07,16,0,146,224.29,224.29,0.0,-224290.0,0.0
2019-02-07,16,0,152,4.9,4.9,0.0,-48.74225,0.0
2019-02-07,16,0,153,5.92,5.92,0.0,-61.396818,0.0
2019-02-07,16,0,154,51.41,51.41,0.0,-1902.467735,0.0
2019-02-07,16,0,157,23.3,23.3,0.0,-12889.48166,0.0
2019-02-07,16,0,158,368.78,368.78,0.0,-204007.856072,0.0
2019-02-07,16,0,159,0.0,0.0,0.0,-0.0,0.0
2019-02-07,16,0,160,1.26,1.26,0.0,-6.124097,0.0
2019-02-07,16,0,161,67.72,67.72,0.0,-27581.881357,0.0
2019-02-07,16,0,162,162.5,162.5,0.0,3287.903744,0.0
2019-02-07,16,0,163,146.36,146.36,0.0,-146360.0,0.0
2019-02-07,16,0,164,25.14,25.14,0.0,-25140.0,0.0
2019-02-07,16,0,167,3.57,3.57,0.0,58.338166,0.0
2019-02-07,16,0,168,1.78,1.78,0.0,29.087377,0.0
2019-02-07,16,0,169,0.0,0.0,0.0,0.0,0.0
2019-02-07,16,0,170,3.9,3.9,0.0,63.730769,0.0
2019-02-07,16,0,172,3.99,3.99,0.0,59.400095,0.0
2019-02-07,16,0,173,6.08,6.08,0.0,90.51443,0.0
2019-02-07,16,0,188,6.17,6.17,0.0,145.638838,0.0
2019-02-07,16,0,190,10.3,10.3,0.0,334.003838,0.0
2019-02-07,16,0,191,26.6,26.6,0.0,862.573019,0.0
2019-02-07,16,0,192,332.6,332.6,0.0,10785.405497,0.0
2019-02-07,16,0,194,52.95,52.95,0.0,-6855.01356,0.0
2019-02-07,16,0,196,6.83,6.83,0.0,1816.556974,0.0
2019-02-07,16,0,198,5.29,5.29,0.0,27.799115,0.0
2019-02-07,16,0,199,130.0,130.0,0.0,-11275.130707,0.0
2019-02-07,16,0,200,8.16,8.16,0.0,-707.731281,0.0
2019-02-07,16,0,204,243.77,243.77,0.0,-5164.657097,0.0
2019-02-07,16,0,205,294.0,294.0,0.0,-5952.102548,0.0
2019-02-07,16,0,206,539.94,539.94,0.0,1571.85128,0.0
2019-02-07,16,0,210,1.71,1.71,0.0,5.894056,0.0
2019-02-07,16,0,214,8.03,8.03,0.0,104.322328,0.0
2019-02-07,16,0,217,5.69,5.69,0.0,57.336298,0.0
2019-02-07,16,0,218,7.85,7.85,0.0,79.101923,0.0
2019-02-07,16,0,219,5.35,5.35,0.0,53.910228,0.0
2019-02-07,16,0,221,4.28,4.28,0.0,55.603931,0.0
2019-02-07,16,0,225,4.19,4.19,0.0,14.187843,0.0
2019-02-07,16,0,233,4.87,4.87,0.0,38.924309,0.0
2019-02-07,16,0,236,159.03,159.03,0.0,-809.415357,0.0
2019-02-07,16,0,237,308.11,308.11,0.0,-3311.526029,0.0
2019-02-07,16,0,238,71.03,71.03,0.0,-164.16508,0.0
2019-02-07,16,0,240,6.47,6.47,0.0,-84.967043,0.0
2019-02-07,16,0,245,64.15,64.15,0.0,49.929811,0.0
2019-02-07,16,0,247,123.08,123.08,0.0,95.796745,0.0
2019-02-07,16,0,248,36.28,36.28,0.0,-389.9327,0.0
2019-02-07,16,0,249,123.37,123.37,0.0,96.02246,0.0
2019-02-07,16,0,251,136.59,136.59,0.0,-188.005446,0.0
2019-02-07,16,0,252,135.64,135.64,0.0,-110.76023,0.0
2019-02-07,16,0,254,9.26,9.26,0.0,-88.563877,0.0
2019-02-07,16,0,255,4.25,4.25,0.0,-40.647568,0.0
2019-02-07,16,0,258,7.66,7.66,0.0,-98.129544,0.0
2019-02-07,16,0,260,3.07,3.07,0.0,-14.921411,0.0
2019-02-07,16,0,265,53.23,53.23,0.0,-1969.818276,0.0
2019-02-07,16,0,266,68.38,68.38,0.0,-2530.456015,0.0
2019-02-07,16,0,267,84.71,84.71,0.0,-3134.760589,0.0
2019-02-07,16,0,270,395.58,395.58,0.0,-395580.0,0.0
2019-02-07,16,0,272,150.39,150.39,0.0,-39138.097351,0.0
2019-02-07,16,0,273,30.28,30.28,0.0,-30280.0,0.0
2019-02-07,16,0,274,493.67,493.67,0.0,-493670.0,0.0
2019-02-07,16,0,275,661.83,661.83,0.0,-661830.0,0.0
2019-02-07,16,0,276,6.89,6.89,0.0,-6202.641476,0.0
2019-02-07,16,0,277,8.47,8.47,0.0,-2284.983254,0.0
2019-02-07,16,0,278,13.56,13.56,0.0,-3658.131396,0.0
2019-02-07,16,0,279,604.22,604.22,0.0,-163002.666085,0.0
2019-02-07,16,0,281,56.1,56.1,0.0,-56100.0,0.0
2019-02-07,16,0,282,362.33,362.33,0.0,-362330.0,0.0
2019-02-07,17,0,9,2.49,2.49,0.0,-981.831147,0.0
2019-02-07,17,0,17,14.44,14.44,0.0,68.914018,0.0
2019-02-07,17,0,19,237.88,237.88,0.0,1135.267775,0.0
2019-02-07,17,0,20,286.46,286.46,0.0,1367.112859,0.0
2019-02-07,17,0,21,57.02,57.02,0.0,-22483.538966,0.0
2019-02-07,17,0,22,202.65,202.65,0.0,-79906.86025,0.0
2019-02-07,17,0,23,43.72,43.72,0.0,-17239.219986,0.0
2019-02-07,17,0,24,77.77,77.77,0.0,-30665.465195,0.0
2019-02-07,17,0,29,3.13,3.13,0.0,13.428689,0.0
2019-02-07,17,0,30,479.76,479.76,0.0,-479760.0,0.0
2019-02-07,17,0,31,79.03,79.03,0.0,-79030.0,0.0
2019-02-07,17,0,32,2.11,2.11,0.0,104.010226,0.0
2019-02-07,17,0,33,1.23,1.23,0.0,11.078776,0.0
2019-02-07,17,0,34,1.98,1.98,0.0,17.834127,0.0
2019-02-07,17,0,35,1.98,1.98,0.0,17.834127,0.0
2019-02-07,17,0,36,4.09,4.09,0.0,-5.239246,0.0
2019-02-07,17,0,37,2.06,2.06,0.0,-2.589477,0.0
2019-02-07,17,0,38,2.65,2.65,0.0,-3.331124,0.0
2019-02-07,17,0,39,1.77,1.77,0.0,-2.224939,0.0
2019-02-07,17,0,40,1.77,1.77,0.0,-2.224939,0.0
2019-02-07,17,0,41,34.8,34.8,0.0,-564.744309,0.0
2019-02-07,17,0,42,39.75,39.75,0.0,153.216586,0.0
2019-02-07,17,0,43,11.82,11.82,0.0,-3.223621,0.0
2019-02-07,17,0,46,9.81,9.81,0.0,-21.845992,0.0
2019-02-07,17,0,52,83.77,83.77,0.0,-83770.0,0.0
2019-02-07,17,0,53,133.09,133.09,0.0,-133090.0,0.0
2019-02-07,17,0,55,392.99,392.99,0.0,-154959.768121,0.0
2019-02-07,17,0,56,141.51,141.51,0.0,-141510.0,0.0
2019-02-07,17,0,57,134.61,134.61,0.0,-134610.0,0.0
2019-02-07,17,0,58,258.86,258.86,0.0,-258860.0,0.0
2019-02-07,17,0,59,254.55,254.55,0.0,-254550.0,0.0
2019-02-07,17,0,63,95.49,95.49,0.0,11326.630247,0.0
2019-02-07,17,0,64,112.31,112.31,0.0,13321.749325,0.0
2019-02-07,17,0,65,21.07,21.07,0.0,96.962492,0.0
2019-02-07,17,0,67,267.79,267.79,0.0,-147871.571569,0.0
2019-02-07,17,0,68,13.46,13.46,0.0,-5464.230548,0.0
2019-02-07,17,0,69,1.23,1.23,0.0,11.078776,0.0
2019-02-07,17,0,74,104.24,104.24,0.0,-54.507269,0.0
2019-02-07,17,0,77,52.43,52.43,0.0,-14855.742939,0.0
2019-02-07,17,0,78,39.64,39.64,0.0,-11231.769028,0.0
2019-02-07,17,0,79,22.94,22.94,0.0,-6499.918807,0.0
2019-02-07,17,0,80,37.1,37.1,0.0,-10512.074443,0.0
2019-02-07,17,0,81,48.5,48.5,0.0,-13742.199744,0.0
2019-02-07,17,0,82,34.21,34.21,0.0,-9693.209345,0.0
2019-02-07,17,0,83,76.29,76.29,0.0,-21616.338525,0.0
2019-02-07,17,0,84,0.0,0.0,0.0,0.0,0.0
2019-02-07,17,0,86,6.26,6.26,0.0,56.384664,0.0
2019-02-07,17,0,87,31.94,31.94,0.0,287.687888,0.0
2019-02-07,17,0,88,39.52,39.52,0.0,-11197.767709,0.0
2019-02-07,17,0,89,37.99,37.99,0.0,-10764.250892,0.0
2019-02-07,17,0,90,51.01,51.01,0.0,-14453.393998,0.0
2019-02-07,17,0,91,181.96,181.96,0.0,-51557.333306,0.0
2019-02-07,17,0,92,65.44,65.44,0.0,-18542.052603,0.0
2019-02-07,17,0,95,120.0,120.0,0.0,2691.568394,0.0
2019-02-07,17,0,96,23.77,23.77,0.0,790.034105,0.0
2019-02-07,17,0,97,146.17,146.17,0.0,4858.194581,0.0
2019-02-07,17,0,99,21.2,21.2,0.0,-11.085515,0.0
2019-02-07,17,0,101,9.66,9.66,0.0,-9660.0,0.0
2019-02-07,17,0,102,31.81,31.81,0.0,-12913.608747,0.0
2019-02-07,17,0,103,27.67,27.67,0.0,-11232.931595,0.0
2019-02-07,17,0,104,5.16,5.16,0.0,-2094.75703,0.0
2019-02-07,17,0,106,199.49,199.49,0.0,-78660.841605,0.0
2019-02-07,17,0,109,42.7,42.7,0.0,-178.627718,0.0
2019-02-07,17,0,110,338.6,338.6,0.0,-338600.0,0.0
2019-02-07,17,0,111,9.43,9.43,0.0,-153.032725,0.0
2019-02-07,17,0,113,35.12,35.12,0.0,-9005.963559,0.0
2019-02-07,17,0,115,35.12,35.12,0.0,-9005.963559,0.0
2019-02-07,17,0,116,91.77,91.77,0.0,-91770.0,0.0
2019-02-07,17,0,117,2.34,2.34,0.0,-600.055659,0.0
2019-02-07,17,0,119,112.31,112.31,0.0,13321.749325,0.0
2019-02-07,17,0,120,66.1,66.1,0.0,7840.509575,0.0
2019-02-07,17,0,123,3.32,3.32,0.0,-1309.108197,0.0
2019-02-07,17,0,125,70.3,70.3,0.0,-27719.971752,0.0
2019-02-07,17,0,126,149.62,149.62,0.0,-58996.616978,0.0
2019-02-07,17,0,127,192.01,192.01,0.0,-75711.405066,0.0
2019-02-07,17,0,128,101.18,101.18,0.0,-39896.255219,0.0
2019-02-07,17,0,131,24.18,24.18,0.0,-8871.80409,0.0
2019-02-07,17,0,132,35.54,35.54,0.0,-13039.864242,0.0
2019-02-07,17,0,133,51.45,51.45,0.0,246.368544,0.0
2019-02-07,17,0,134,0.0,0.0,0.0,0.0,0.0
2019-02-07,17,0,135,67.36,67.36,0.0,322.553647,0.0
2019-02-07,17,0,136,21.46,21.46,0.0,98.556353,0.0
2019-02-07,17,0,139,44.94,44.94,0.0,-729.299116,0.0
2019-02-07,17,0,140,250.6,250.6,0.0,-250600.0,0.0
2019-02-07,17,0,141,230.0,230.0,0.0,-127004.22518,0.0
2019-02-07,17,0,142,353.15,353.15,0.0,-195006.704879,0.0
2019-02-07,17,0,143,132.76,132.76,0.0,-132760.0,0.0
2019-02-07,17,0,145,16.28,16.28,0.0,-155.081075,0.0
2019-02-07,17,0,146,190.15,190.15,0.0,-190150.0,0.0
2019-02-07,17,0,152,3.56,3.56,0.0,0.474323,0.0
2019-02-07,17,0,153,4.29,4.29,0.0,-0.310062,0.0
2019-02-07,17,0,154,38.9,38.9,0.0,-631.280276,0.0
2019-02-07,17,0,157,9.16,9.16,0.0,-5058.081316,0.0
2019-02-07,17,0,158,273.69,273.69,0.0,-151129.506041,0.0
2019-02-07,17,0,159,0.0,0.0,0.0,0.0,0.0
2019-02-07,17,0,160,0.92,0.92,0.0,2.401021,0.0
2019-02-07,17,0,161,48.73,48.73,0.0,-19782.463195,0.0
2019-02-07,17,0,162,162.5,162.5,0.0,3774.504846,0.0
2019-02-07,17,0,163,185.4,185.4,0.0,-185400.0,0.0
2019-02-07,17,0,164,18.45,18.45,0.0,-18450.0,0.0
2019-02-07,17,0,167,2.44,2.44,0.0,46.827021,0.0
2019-02-07,17,0,168,1.22,1.22,0.0,23.41351,0.0
2019-02-07,17,0,169,0.0,0.0,0.0,0.0,0.0
2019-02-07,17,0,170,2.67,2.67,0.0,51.241043,0.0
2019-02-07,17,0,172,2.74,2.74,0.0,51.530861,0.0
2019-02-07,17,0,173,4.17,4.17,0.0,78.424705,0.0
2019-02-07,17,0,188,4.15,4.15,0.0,119.771285,0.0
2019-02-07,17,0,190,7.26,7.26,0.0,235.424065,0.0
2019-02-07,17,0,191,18.74,18.74,0.0,607.69242,0.0
2019-02-07,17,0,192,332.6,332.6,0.0,10785.405497,0.0
2019-02-07,17,0,194,52.95,52.95,0.0,-6485.198904,0.0
2019-02-07,17,0,196,4.95,4.95,0.0,1351.618394,0.0
2019-02-07,17,0,198,3.78,3.78,0.0,27.062943,0.0
2019-02-07,17,0,199,130.0,130.0,0.0,-4543.925359,0.0
2019-02-07,17,0,200,5.78,5.78,0.0,-202.029912,0.0
2019-02-07,17,0,204,181.98,181.98,0.0,-824.69569,0.0
2019-02-07,17,0,205,225.89,225.89,0.0,-944.96991,0.0
2019-02-07,17,0,206,429.52,429.52,0.0,14275.786663,0.0
2019-02-07,17,0,210,1.22,1.22,0.0,6.088876,0.0
2019-02-07,17,0,214,5.67,5.67,0.0,65.211773,0.0
2019-02-07,17,0,217,3.98,3.98,0.0,35.499413,0.0
2019-02-07,17,0,218,5.49,5.49,0.0,48.967784,0.0
2019-02-07,17,0,219,3.74,3.74,0.0,33.358745,0.0
2019-02-07,17,0,221,3.02,3.02,0.0,34.733607,0.0
2019-02-07,17,0,225,2.99,2.99,0.0,12.625754,0.0
2019-02-07,17,0,233,3.54,3.54,0.0,31.885257,0.0
2019-02-07,17,0,236,159.03,159.03,0.0,395.905036,0.0
2019-02-07,17,0,237,257.58,257.58,0.0,-134.68901,0.0
2019-02-07,17,0,238,51.74,51.74,0.0,199.432105,0.0
2019-02-07,17,0,240,4.64,4.64,0.0,-5.94379,0.0
2019-02-07,17,0,245,56.81,56.81,0.0,306.744494,0.0
2019-02-07,17,0,247,140.75,140.75,0.0,759.976898,0.0
2019-02-07,17,0,248,26.21,26.21,0.0,-13.705253,0.0
2019-02-07,17,0,249,109.26,109.26,0.0,589.947253,0.0
2019-02-07,17,0,251,113.22,113.22,0.0,489.332411,0.0
2019-02-07,17,0,252,135.93,135.93,0.0,625.539225,0.0
2019-02-07,17,0,254,6.6,6.6,0.0,2.973982,0.0
2019-02-07,17,0,255,3.03,3.03,0.0,1.365328,0.0
2019-02-07,17,0,258,5.51,5.51,0.0,-6.160987,0.0
2019-02-07,17,0,260,2.23,2.23,0.0,5.819867,0.0
2019-02-07,17,0,265,40.28,40.28,0.0,-653.675309,0.0
2019-02-07,17,0,266,29.1,29.1,0.0,-472.243086,0.0
2019-02-07,17,0,267,35.76,35.76,0.0,-580.323462,0.0
2019-02-07,17,0,270,578.99,578.99,0.0,-578990.0,0.0
2019-02-07,17,0,272,117.38,117.38,0.0,-30100.227863,0.0
2019-02-07,17,0,273,21.94,21.94,0.0,-21940.0,0.0
2019-02-07,17,0,274,746.39,746.39,0.0,-746390.0,0.0
2019-02-07,17,0,275,1038.99,1038.99,0.0,-1038990.0,0.0
2019-02-07,17,0,276,4.95,4.95,0.0,-4455.069247,0.0
2019-02-07,17,0,277,6.21,6.21,0.0,-1659.453642,0.0
2019-02-07,17,0,278,9.93,9.93,0.0,-2653.52249,0.0
2019-02-07,17,0,279,182.0,182.0,0.0,-48634.551172,0.0
2019-02-07,17,0,281,35.47,35.47,0.0,-35470.0,0.0
2019-02-07,17,0,282,263.18,263.18,0.0,-263180.0,0.0
2019-02-07,18,0,9,1.52,1.52,0.0,4.817565,0.0
2019-02-07,18,0,17,8.26,8.26,0.0,78.407281,0.0
2019-02-07,18,0,19,332.94,332.94,0.0,3160.401971,0.0
2019-02-07,18,0,20,405.43,405.43,0.0,3848.506551,0.0
2019-02-07,18,0,21,34.85,34.85,0.0,110.455365,0.0
2019-02-07,18,0,22,123.86,123.86,0.0,392.568193,0.0
2019-02-07,18,0,23,56.37,56.37,0.0,178.661949,0.0
2019-02-07,18,0,24,100.02,100.02,0.0,317.008482,0.0
2019-02-07,18,0,29,1.64,1.64,0.0,11.021798,0.0
2019-02-07,18,0,30,296.73,296.73,0.0,929.615977,0.0
2019-02-07,18,0,31,31.88,31.88,0.0,99.875838,0.0
2019-02-07,18,0,32,1.13,1.13,0.0,56.803231,0.0
2019-02-07,18,0,33,0.7,0.7,0.0,7.552095,0.0
2019-02-07,18,0,34,1.12,1.12,0.0,12.083353,0.0
2019-02-07,18,0,35,1.12,1.12,0.0,12.083353,0.0
2019-02-07,18,0,36,2.36,2.36,0.0,17.244261,0.0
2019-02-07,18,0,37,1.19,1.19,0.0,8.629348,0.0
2019-02-07,18,0,38,1.53,1.53,0.0,11.094875,0.0
2019-02-07,18,0,39,1.02,1.02,0.0,7.396584,0.0
2019-02-07,18,0,40,1.02,1.02,0.0,7.396584,0.0
2019-02-07,18,0,41,33.95,33.95,0.0,173.755039,0.0
2019-02-07,18,0,42,24.03,24.03,0.0,221.350288,0.0
2019-02-07,18,0,43,6.76,6.76,0.0,50.178826,0.0
2019-02-07,18,0,46,5.62,5.62,0.0,38.397163,0.0
2019-02-07,18,0,52,33.79,33.79,0.0,105.859616,0.0
2019-02-07,18,0,53,53.7,53.7,0.0,168.235022,0.0
2019-02-07,18,0,55,178.5,178.5,0.0,565.746992,0.0
2019-02-07,18,0,56,87.52,87.52,0.0,274.188624,0.0
2019-02-07,18,0,57,83.25,83.25,0.0,260.811277,0.0
2019-02-07,18,0,58,160.1,160.1,0.0,501.572197,0.0
2019-02-07,18,0,59,157.44,157.44,0.0,493.238767,0.0
2019-02-07,18,0,63,170.0,170.0,0.0,20191.804756,0.0
2019-02-07,18,0,64,200.0,200.0,0.0,23755.064419,0.0
2019-02-07,18,0,65,35.11,35.11,0.0,331.445746,0.0
2019-02-07,18,0,67,163.51,163.51,0.0,-90610.254053,0.0
2019-02-07,18,0,68,4.27,4.27,0.0,-1744.582407,0.0
2019-02-07,18,0,69,0.7,0.7,0.0,7.552095,0.0
2019-02-07,18,0,74,65.28,65.28,0.0,521.623798,0.0
2019-02-07,18,0,77,28.26,28.26,0.0,-8114.040911,0.0
2019-02-07,18,0,78,21.36,21.36,0.0,-6132.905657,0.0
2019-02-07,18,0,79,12.36,12.36,0.0,-3548.816195,0.0
2019-02-07,18,0,80,19.99,19.99,0.0,-5739.549817,0.0
2019-02-07,18,0,81,26.14,26.14,0.0,-7505.344282,0.0
2019-02-07,18,0,82,18.44,18.44,0.0,-5294.512187,0.0
2019-02-07,18,0,83,41.11,41.11,0.0,-11803.546421,0.0
2019-02-07,18,0,84,0.0,0.0,0.0,0.0,0.0
2019-02-07,18,0,86,3.56,3.56,0.0,38.407799,0.0
2019-02-07,18,0,87,18.16,18.16,0.0,195.92293,0.0
2019-02-07,18,0,88,21.41,21.41,0.0,-6147.261709,0.0
2019-02-07,18,0,89,20.59,20.59,0.0,-5911.822447,0.0
2019-02-07,18,0,90,27.64,27.64,0.0,-7936.025859,0.0
2019-02-07,18,0,91,98.6,98.6,0.0,-28310.135663,0.0
2019-02-07,18,0,92,35.46,35.46,0.0,-10181.312481,0.0
2019-02-07,18,0,95,120.0,120.0,0.0,2691.568394,0.0
2019-02-07,18,0,96,15.13,15.13,0.0,46.821837,0.0
2019-02-07,18,0,97,93.07,93.07,0.0,288.017737,0.0
2019-02-07,18,0,99,12.6,12.6,0.0,100.681064,0.0
2019-02-07,18,0,101,5.98,5.98,0.0,18.734552,0.0
2019-02-07,18,0,102,10.11,10.11,0.0,-4130.615488,0.0
2019-02-07,18,0,103,8.79,8.79,0.0,-3591.30664,0.0
2019-02-07,18,0,104,1.63,1.63,0.0,-665.964713,0.0
2019-02-07,18,0,106,121.93,121.93,0.0,386.451152,0.0
2019-02-07,18,0,109,39.46,39.46,0.0,248.569439,0.0
2019-02-07,18,0,110,338.6,338.6,0.0,-338600.0,0.0
2019-02-07,18,0,111,5.7,5.7,0.0,29.172422,0.0
2019-02-07,18,0,113,24.81,24.81,0.0,-6407.259144,0.0
2019-02-07,18,0,115,24.81,24.81,0.0,-6407.259144,0.0
2019-02-07,18,0,116,53.53,53.53,0.0,-53530.0,0.0
2019-02-07,18,0,117,1.65,1.65,0.0,-426.117597,0.0
2019-02-07,18,0,119,200.0,200.0,0.0,23755.064419,0.0
2019-02-07,18,0,120,117.6,117.6,0.0,13967.977878,0.0
2019-02-07,18,0,123,2.03,2.03,0.0,6.433985,0.0
2019-02-07,18,0,125,90.46,90.46,0.0,286.708531,0.0
2019-02-07,18,0,126,91.44,91.44,0.0,289.814593,0.0
2019-02-07,18,0,127,117.35,117.35,0.0,371.935067,0.0
2019-02-07,18,0,128,129.89,129.89,0.0,411.679982,0.0
2019-02-07,18,0,131,13.93,13.93,0.0,-5149.708091,0.0
2019-02-07,18,0,132,20.47,20.47,0.0,-7567.446132,0.0
2019-02-07,18,0,133,118.61,118.61,0.0,1126.477691,0.0
2019-02-07,18,0,134,0.0,0.0,0.0,0.0,0.0
2019-02-07,18,0,135,158.94,158.94,0.0,1509.5048,0.0
2019-02-07,18,0,136,45.9,45.9,0.0,433.174074,0.0
2019-02-07,18,0,139,43.85,43.85,0.0,224.42293,0.0
2019-02-07,18,0,140,250.6,250.6,0.0,-250600.0,0.0
2019-02-07,18,0,141,168.18,168.18,0.0,-93198.168471,0.0
2019-02-07,18,0,142,215.63,215.63,0.0,-119492.930594,0.0
2019-02-07,18,0,143,54.45,54.45,0.0,170.584673,0.0
2019-02-07,18,0,145,8.66,8.66,0.0,37.315892,0.0
2019-02-07,18,0,146,170.48,170.48,0.0,-170480.0,0.0
2019-02-07,18,0,152,2.09,2.09,0.0,16.71817,0.0
2019-02-07,18,0,153,2.51,2.51,0.0,19.907901,0.0
2019-02-07,18,0,154,23.51,23.51,0.0,120.323446,0.0
2019-02-07,18,0,157,0.0,0.0,0.0,-0.0,0.0
2019-02-07,18,0,158,168.26,168.26,0.0,-93242.501052,0.0
2019-02-07,18,0,159,0.0,0.0,0.0,0.0,0.0
2019-02-07,18,0,160,0.52,0.52,0.0,4.180654,0.0
2019-02-07,18,0,161,29.24,29.24,0.0,-11946.508096,0.0
2019-02-07,18,0,162,162.5,162.5,0.0,3772.827679,0.0
2019-02-07,18,0,163,185.4,185.4,0.0,-185400.0,0.0
2019-02-07,18,0,164,11.3,11.3,0.0,35.401411,0.0
2019-02-07,18,0,167,1.28,1.28,0.0,24.535487,0.0
2019-02-07,18,0,168,0.64,0.64,0.0,12.267743,0.0
2019-02-07,18,0,169,0.0,0.0,0.0,0.0,0.0
2019-02-07,18,0,170,1.4,1.4,0.0,26.835689,0.0
2019-02-07,18,0,172,1.45,1.45,0.0,29.63397,0.0
2019-02-07,18,0,173,2.21,2.21,0.0,45.166257,0.0
2019-02-07,18,0,188,2.22,2.22,0.0,66.149091,0.0
2019-02-07,18,0,190,4.09,4.09,0.0,132.628709,0.0
2019-02-07,18,0,191,10.56,10.56,0.0,342.435003,0.0
2019-02-07,18,0,192,332.6,332.6,0.0,10785.405497,0.0
2019-02-07,18,0,194,98.98,98.98,0.0,-12169.386013,0.0
2019-02-07,18,0,196,2.84,2.84,0.0,774.340287,0.0
2019-02-07,18,0,198,2.11,2.11,0.0,18.584689,0.0
2019-02-07,18,0,199,130.0,130.0,0.0,-3543.196396,0.0
2019-02-07,18,0,200,3.18,3.18,0.0,-86.672035,0.0
2019-02-07,18,0,204,160.3,160.3,0.0,983.531316,0.0
2019-02-07,18,0,205,208.77,208.77,0.0,1315.099893,0.0
2019-02-07,18,0,206,273.47,273.47,0.0,846.290002,0.0
2019-02-07,18,0,210,0.64,0.64,0.0,4.553911,0.0
2019-02-07,18,0,214,3.09,3.09,0.0,35.709517,0.0
2019-02-07,18,0,217,2.13,2.13,0.0,20.502113,0.0
2019-02-07,18,0,218,2.94,2.94,0.0,28.298691,0.0
2019-02-07,18,0,219,2.0,2.0,0.0,19.25081,0.0
2019-02-07,18,0,221,1.65,1.65,0.0,19.068189,0.0
2019-02-07,18,0,225,1.58,1.58,0.0,10.558309,0.0
2019-02-07,18,0,233,2.01,2.01,0.0,21.685302,0.0
2019-02-07,18,0,236,159.03,159.03,0.0,1395.521292,0.0
2019-02-07,18,0,237,156.6,156.6,0.0,1251.321794,0.0
2019-02-07,18,0,238,31.28,31.28,0.0,288.133043,0.0
2019-02-07,18,0,240,2.68,2.68,0.0,19.582466,0.0
2019-02-07,18,0,245,76.43,76.43,0.0,740.175125,0.0
2019-02-07,18,0,247,171.72,171.72,0.0,1662.997154,0.0
2019-02-07,18,0,248,15.72,15.72,0.0,125.611613,0.0
2019-02-07,18,0,249,146.98,146.98,0.0,1423.406253,0.0
2019-02-07,18,0,251,172.79,172.79,0.0,1616.365647,0.0
2019-02-07,18,0,252,226.46,226.46,0.0,2137.82978,0.0
2019-02-07,18,0,254,3.75,3.75,0.0,28.416316,0.0
2019-02-07,18,0,255,1.72,1.72,0.0,13.033617,0.0
2019-02-07,18,0,258,3.18,3.18,0.0,23.295495,0.0
2019-02-07,18,0,260,1.26,1.26,0.0,10.130046,0.0
2019-02-07,18,0,265,24.35,24.35,0.0,124.622539,0.0
2019-02-07,18,0,266,28.39,28.39,0.0,145.299133,0.0
2019-02-07,18,0,267,34.89,34.89,0.0,178.56593,0.0
2019-02-07,18,0,270,579.0,579.0,0.0,-579000.0,0.0
2019-02-07,18,0,272,82.92,82.92,0.0,-21414.346161,0.0
2019-02-07,18,0,273,12.8,12.8,0.0,-12800.0,0.0
2019-02-07,18,0,274,746.4,746.4,0.0,-746400.0,0.0
2019-02-07,18,0,275,1039.0,1039.0,0.0,-1039000.0,0.0
2019-02-07,18,0,276,2.9,2.9,0.0,-2611.31291,0.0
2019-02-07,18,0,277,3.65,3.65,0.0,-984.867532,0.0
2019-02-07,18,0,278,5.85,5.85,0.0,-1578.486319,0.0
2019-02-07,18,0,279,119.46,119.46,0.0,-32233.500105,0.0
2019-02-07,18,0,281,14.29,14.29,0.0,44.768686,0.0
2019-02-07,18,0,282,162.77,162.77,0.0,509.936955,0.0
2019-02-07,19,0,9,0.22,0.22,0.0,2.678658,0.0
2019-02-07,19,0,17,0.55,0.55,0.0,0.400459,0.0
2019-02-07,19,0,19,615.51,615.51,0.0,448.157849,0.0
2019-02-07,19,0,20,748.14,748.14,0.0,544.726834,0.0
2019-02-07,19,0,21,4.94,4.94,0.0,60.148044,0.0
2019-02-07,19,0,22,17.55,17.55,0.0,213.683841,0.0
2019-02-07,19,0,23,38.6,38.6,0.0,469.982693,0.0
2019-02-07,19,0,24,68.29,68.29,0.0,831.479744,0.0
2019-02-07,19,0,29,0.0,0.0,0.0,0.0,0.0
2019-02-07,19,0,30,52.5,52.5,0.0,640.314934,0.0
2019-02-07,19,0,31,6.11,6.11,0.0,74.520462,0.0
2019-02-07,19,0,32,0.01,0.01,0.0,0.549352,0.0
2019-02-07,19,0,33,0.07,0.07,0.0,0.587,0.0
2019-02-07,19,0,34,0.12,0.12,0.0,1.006285,0.0
2019-02-07,19,0,35,0.12,0.12,0.0,1.006285,0.0
2019-02-07,19,0,36,0.5,0.5,0.0,4.889974,0.0
2019-02-07,19,0,37,0.23,0.23,0.0,2.251742,0.0
2019-02-07,19,0,38,0.3,0.3,0.0,2.937055,0.0
2019-02-07,19,0,39,0.2,0.2,0.0,1.958037,0.0
2019-02-07,19,0,40,0.2,0.2,0.0,1.958037,0.0
2019-02-07,19,0,41,30.42,30.42,0.0,337.440659,0.0
2019-02-07,19,0,42,2.65,2.65,0.0,18.387678,0.0
2019-02-07,19,0,43,1.25,1.25,0.0,12.033328,0.0
2019-02-07,19,0,46,1.02,1.02,0.0,10.211368,0.0
2019-02-07,19,0,52,6.48,6.48,0.0,79.033158,0.0
2019-02-07,19,0,53,10.29,10.29,0.0,125.501727,0.0
2019-02-07,19,0,55,40.6,40.6,0.0,494.334128,0.0
2019-02-07,19,0,56,15.48,15.48,0.0,188.801432,0.0
2019-02-07,19,0,57,14.73,14.73,0.0,179.654076,0.0
2019-02-07,19,0,58,28.33,28.33,0.0,345.526135,0.0
2019-02-07,19,0,59,27.85,27.85,0.0,339.671827,0.0
2019-02-07,19,0,63,170.0,170.0,0.0,20708.114755,0.0
2019-02-07,19,0,64,200.0,200.0,0.0,24362.487948,0.0
2019-02-07,19,0,65,41.4,41.4,0.0,198.678688,0.0
2019-02-07,19,0,67,21.53,21.53,0.0,-11938.212282,0.0
2019-02-07,19,0,68,3.58,3.58,0.0,-1464.260542,0.0
2019-02-07,19,0,69,0.07,0.07,0.0,0.587,0.0
2019-02-07,19,0,74,65.28,65.28,0.0,624.824472,0.0
2019-02-07,19,0,77,14.15,14.15,0.0,-4075.558702,0.0
2019-02-07,19,0,78,10.7,10.7,0.0,-3081.871245,0.0
2019-02-07,19,0,79,6.19,6.19,0.0,-1782.876916,0.0
2019-02-07,19,0,80,10.01,10.01,0.0,-2883.133753,0.0
2019-02-07,19,0,81,13.09,13.09,0.0,-3770.251831,0.0
2019-02-07,19,0,82,9.23,9.23,0.0,-2658.47398,0.0
2019-02-07,19,0,83,20.59,20.59,0.0,-5930.441956,0.0
2019-02-07,19,0,84,0.0,0.0,0.0,0.0,0.0
2019-02-07,19,0,86,0.38,0.38,0.0,3.186571,0.0
2019-02-07,19,0,87,1.93,1.93,0.0,16.184425,0.0
2019-02-07,19,0,88,12.12,12.12,0.0,-3490.867242,0.0
2019-02-07,19,0,89,11.65,11.65,0.0,-3355.495327,0.0
2019-02-07,19,0,90,15.65,15.65,0.0,-4507.596727,0.0
2019-02-07,19,0,91,55.82,55.82,0.0,-16077.575037,0.0
2019-02-07,19,0,92,20.07,20.07,0.0,-5780.668774,0.0
2019-02-07,19,0,95,120.0,120.0,0.0,2691.568394,0.0
2019-02-07,19,0,96,9.35,9.35,0.0,114.239876,0.0
2019-02-07,19,0,97,57.49,57.49,0.0,702.42251,0.0
2019-02-07,19,0,99,12.6,12.6,0.0,120.600312,0.0
2019-02-07,19,0,101,1.06,1.06,0.0,12.928263,0.0
2019-02-07,19,0,102,10.23,10.23,0.0,-4184.185849,0.0
2019-02-07,19,0,103,8.58,8.58,0.0,-3509.317164,0.0
2019-02-07,19,0,104,1.22,1.22,0.0,-498.993816,0.0
2019-02-07,19,0,106,17.27,17.27,0.0,210.27464,0.0
2019-02-07,19,0,109,45.12,45.12,0.0,468.441201,0.0
2019-02-07,19,0,110,338.6,338.6,0.0,-338600.0,0.0
2019-02-07,19,0,111,1.65,1.65,0.0,18.302994,0.0
2019-02-07,19,0,113,20.39,20.39,0.0,-5259.94376,0.0
2019-02-07,19,0,115,20.39,20.39,0.0,-5259.94376,0.0
2019-02-07,19,0,116,3.86,3.86,0.0,-3860.0,0.0
2019-02-07,19,0,117,1.36,1.36,0.0,-350.834895,0.0
2019-02-07,19,0,119,200.0,200.0,0.0,24362.487948,0.0
2019-02-07,19,0,120,117.6,117.6,0.0,14325.142913,0.0
2019-02-07,19,0,123,0.29,0.29,0.0,3.530958,0.0
2019-02-07,19,0,125,61.8,61.8,0.0,752.459338,0.0
2019-02-07,19,0,126,12.95,12.95,0.0,157.675541,0.0
2019-02-07,19,0,127,16.62,16.62,0.0,202.360424,0.0
2019-02-07,19,0,128,88.51,88.51,0.0,1077.672751,0.0
2019-02-07,19,0,131,7.64,7.64,0.0,-2828.00653,0.0
2019-02-07,19,0,132,11.23,11.23,0.0,-4156.873473,0.0
2019-02-07,19,0,133,135.62,135.62,0.0,1281.543102,0.0
2019-02-07,19,0,134,0.0,0.0,0.0,0.0,0.0
2019-02-07,19,0,135,183.78,183.78,0.0,1736.631701,0.0
2019-02-07,19,0,136,45.9,45.9,0.0,230.532108,0.0
2019-02-07,19,0,139,39.29,39.29,0.0,435.83312,0.0
2019-02-07,19,0,140,250.6,250.6,0.0,-250600.0,0.0
2019-02-07,19,0,141,98.56,98.56,0.0,-54650.729332,0.0
2019-02-07,19,0,142,28.39,28.39,0.0,-15742.02725,0.0
2019-02-07,19,0,143,10.75,10.75,0.0,131.112105,0.0
2019-02-07,19,0,145,4.77,4.77,0.0,54.964465,0.0
2019-02-07,19,0,146,161.33,161.33,0.0,-161330.0,0.0
2019-02-07,19,0,152,0.42,0.42,0.0,4.0116,0.0
2019-02-07,19,0,153,0.48,0.48,0.0,4.599054,0.0
2019-02-07,19,0,154,6.8,6.8,0.0,75.430522,0.0
2019-02-07,19,0,157,0.0,0.0,0.0,-0.0,0.0
2019-02-07,19,0,158,22.72,22.72,0.0,-12598.057736,0.0
2019-02-07,19,0,159,0.0,0.0,0.0,0.0,0.0
2019-02-07,19,0,160,0.06,0.06,0.0,0.547219,0.0
2019-02-07,19,0,161,3.44,3.44,0.0,-1406.998956,0.0
2019-02-07,19,0,162,162.5,162.5,0.0,3770.76186,0.0
2019-02-07,19,0,163,185.4,185.4,0.0,-185400.0,0.0
2019-02-07,19,0,164,2.59,2.59,0.0,31.58887,0.0
2019-02-07,19,0,167,0.0,0.0,0.0,0.0,0.0
2019-02-07,19,0,168,0.0,0.0,0.0,0.0,0.0
2019-02-07,19,0,169,0.0,0.0,0.0,0.0,0.0
2019-02-07,19,0,170,0.0,0.0,0.0,0.0,0.0
2019-02-07,19,0,172,0.0,0.0,0.0,0.0,0.0
2019-02-07,19,0,173,0.0,0.0,0.0,0.0,0.0
2019-02-07,19,0,188,0.05,0.05,0.0,1.678005,0.0
2019-02-07,19,0,190,0.18,0.18,0.0,5.83696,0.0
2019-02-07,19,0,191,0.46,0.46,0.0,14.916676,0.0
2019-02-07,19,0,192,332.6,332.6,0.0,10785.405497,0.0
2019-02-07,19,0,194,176.5,176.5,0.0,-21468.089596,0.0
2019-02-07,19,0,196,0.2,0.2,0.0,55.123195,0.0
2019-02-07,19,0,198,0.15,0.15,0.0,1.238824,0.0
2019-02-07,19,0,199,130.0,130.0,0.0,-3954.913954,0.0
2019-02-07,19,0,200,0.13,0.13,0.0,-3.954914,0.0
2019-02-07,19,0,204,172.63,172.63,0.0,1806.508577,0.0
2019-02-07,19,0,205,238.68,238.68,0.0,2478.004121,0.0
2019-02-07,19,0,206,168.92,168.92,0.0,2063.893031,0.0
2019-02-07,19,0,210,0.0,0.0,0.0,0.0,0.0
2019-02-07,19,0,214,0.08,0.08,0.0,0.643133,0.0
2019-02-07,19,0,217,0.0,0.0,0.0,0.0,0.0
2019-02-07,19,0,218,0.0,0.0,0.0,0.0,0.0
2019-02-07,19,0,219,0.0,0.0,0.0,0.0,0.0
2019-02-07,19,0,221,0.04,0.04,0.0,0.321566,0.0
2019-02-07,19,0,225,0.0,0.0,0.0,0.0,0.0
2019-02-07,19,0,233,0.21,0.21,0.0,1.761,0.0
2019-02-07,19,0,236,159.03,159.03,0.0,1464.384611,0.0
2019-02-07,19,0,237,156.6,156.6,0.0,1498.889587,0.0
2019-02-07,19,0,238,3.45,3.45,0.0,23.938676,0.0
2019-02-07,19,0,240,0.56,0.56,0.0,5.476771,0.0
2019-02-07,19,0,245,78.0,78.0,0.0,624.145095,0.0
2019-02-07,19,0,247,171.72,171.72,0.0,1374.079432,0.0
2019-02-07,19,0,248,15.72,15.72,0.0,150.463246,0.0
2019-02-07,19,0,249,150.0,150.0,0.0,1200.279028,0.0
2019-02-07,19,0,251,326.4,326.4,0.0,2003.224385,0.0
2019-02-07,19,0,252,267.06,267.06,0.0,1281.62151,0.0
2019-02-07,19,0,254,0.41,0.41,0.0,3.894837,0.0
2019-02-07,19,0,255,0.19,0.19,0.0,1.804924,0.0
2019-02-07,19,0,258,0.67,0.67,0.0,6.535978,0.0
2019-02-07,19,0,260,0.15,0.15,0.0,1.368047,0.0
2019-02-07,19,0,265,7.04,7.04,0.0,78.092776,0.0
2019-02-07,19,0,266,25.44,25.44,0.0,282.198895,0.0
2019-02-07,19,0,267,31.26,31.26,0.0,346.758547,0.0
2019-02-07,19,0,270,579.0,579.0,0.0,-579000.0,0.0
2019-02-07,19,0,272,68.13,68.13,0.0,-17575.280448,0.0
2019-02-07,19,0,273,0.92,0.92,0.0,-920.0,0.0
2019-02-07,19,0,274,746.4,746.4,0.0,-746400.0,0.0
2019-02-07,19,0,275,1039.0,1039.0,0.0,-1039000.0,0.0
2019-02-07,19,0,276,0.23,0.23,0.0,-207.121316,0.0
2019-02-07,19,0,277,0.33,0.33,0.0,-89.105867,0.0
2019-02-07,19,0,278,0.53,0.53,0.0,-143.109423,0.0
2019-02-07,19,0,279,96.41,96.41,0.0,-26032.414031,0.0
2019-02-07,19,0,281,2.74,2.74,0.0,33.418341,0.0
2019-02-07,19,0,282,28.8,28.8,0.0,351.258478,0.0
2019-02-07,20,0,9,0.0,0.0,0.0,0.0,0.0
2019-02-07,20,0,17,0.0,0.0,0.0,0.0,0.0
2019-02-07,20,0,19,643.3,643.3,0.0,143.944169,0.0
2019-02-07,20,0,20,780.2,780.2,0.0,174.576777,0.0
2019-02-07,20,0,21,0.0,0.0,0.0,0.0,0.0
2019-02-07,20,0,22,0.0,0.0,0.0,0.0,0.0
2019-02-07,20,0,23,18.91,18.91,0.0,305.066804,0.0
2019-02-07,20,0,24,33.46,33.46,0.0,539.795625,0.0
2019-02-07,20,0,29,0.0,0.0,0.0,0.0,0.0
2019-02-07,20,0,30,0.0,0.0,0.0,0.0,0.0
2019-02-07,20,0,31,2.08,2.08,0.0,33.641488,0.0
2019-02-07,20,0,32,0.0,0.0,0.0,0.0,0.0
2019-02-07,20,0,33,0.0,0.0,0.0,0.0,0.0
2019-02-07,20,0,34,0.0,0.0,0.0,0.0,0.0
2019-02-07,20,0,35,0.0,0.0,0.0,0.0,0.0
2019-02-07,20,0,36,0.0,0.0,0.0,0.0,0.0
2019-02-07,20,0,37,0.0,0.0,0.0,0.0,0.0
2019-02-07,20,0,38,0.0,0.0,0.0,0.0,0.0
2019-02-07,20,0,39,0.0,0.0,0.0,0.0,0.0
2019-02-07,20,0,40,0.0,0.0,0.0,0.0,0.0
2019-02-07,20,0,41,37.25,37.25,0.0,520.870472,0.0
2019-02-07,20,0,42,0.0,0.0,0.0,0.0,0.0
2019-02-07,20,0,43,0.0,0.0,0.0,0.0,0.0
2019-02-07,20,0,46,0.0,0.0,0.0,0.0,0.0
2019-02-07,20,0,52,2.21,2.21,0.0,35.744081,0.0
2019-02-07,20,0,53,3.51,3.51,0.0,56.77001,0.0
2019-02-07,20,0,55,17.14,17.14,0.0,276.512164,0.0
2019-02-07,20,0,56,0.0,0.0,0.0,0.0,0.0
2019-02-07,20,0,57,0.0,0.0,0.0,0.0,0.0
2019-02-07,20,0,58,0.0,0.0,0.0,0.0,0.0
2019-02-07,20,0,59,0.0,0.0,0.0,0.0,0.0
2019-02-07,20,0,63,170.0,170.0,0.0,20718.473853,0.0
2019-02-07,20,0,64,200.0,200.0,0.0,24374.675122,0.0
2019-02-07,20,0,65,41.4,41.4,0.0,204.028404,0.0
2019-02-07,20,0,67,0.0,0.0,0.0,-0.0,0.0
2019-02-07,20,0,68,3.92,3.92,0.0,-1606.113362,0.0
2019-02-07,20,0,69,0.0,0.0,0.0,0.0,0.0
2019-02-07,20,0,74,65.28,65.28,0.0,716.179258,0.0
2019-02-07,20,0,77,17.89,17.89,0.0,-5170.472961,0.0
2019-02-07,20,0,78,13.58,13.58,0.0,-3924.81961,0.0
2019-02-07,20,0,79,7.91,7.91,0.0,-2286.106267,0.0
2019-02-07,20,0,80,12.72,12.72,0.0,-3676.266969,0.0
2019-02-07,20,0,81,16.57,16.57,0.0,-4788.973559,0.0
2019-02-07,20,0,82,11.75,11.75,0.0,-3395.922711,0.0
2019-02-07,20,0,83,25.83,25.83,0.0,-7465.24967,0.0
2019-02-07,20,0,84,0.0,0.0,0.0,0.0,0.0
2019-02-07,20,0,86,0.0,0.0,0.0,0.0,0.0
2019-02-07,20,0,87,0.0,0.0,0.0,0.0,0.0
2019-02-07,20,0,88,34.85,34.85,0.0,-10072.162253,0.0
2019-02-07,20,0,89,33.5,33.5,0.0,-9681.99241,0.0
2019-02-07,20,0,90,44.95,44.95,0.0,-12991.210711,0.0
2019-02-07,20,0,91,160.03,160.03,0.0,-46251.022248,0.0
2019-02-07,20,0,92,57.63,57.63,0.0,-16655.917092,0.0
2019-02-07,20,0,95,120.0,120.0,0.0,2691.568394,0.0
2019-02-07,20,0,96,6.78,6.78,0.0,109.950437,0.0
2019-02-07,20,0,97,48.96,48.96,0.0,793.978375,0.0
2019-02-07,20,0,99,12.6,12.6,0.0,138.233129,0.0
2019-02-07,20,0,101,0.0,0.0,0.0,0.0,0.0
2019-02-07,20,0,102,9.28,9.28,0.0,-3802.227551,0.0
2019-02-07,20,0,103,8.07,8.07,0.0,-3306.462967,0.0
2019-02-07,20,0,104,1.5,1.5,0.0,-614.584195,0.0
2019-02-07,20,0,106,0.0,0.0,0.0,0.0,0.0
2019-02-07,20,0,109,32.87,32.87,0.0,413.142502,0.0
2019-02-07,20,0,110,216.31,216.31,0.0,-216310.0,0.0
2019-02-07,20,0,111,0.0,0.0,0.0,0.0,0.0
2019-02-07,20,0,113,32.07,32.07,0.0,-8291.95868,0.0
2019-02-07,20,0,115,32.07,32.07,0.0,-8291.95868,0.0
2019-02-07,20,0,116,0.0,0.0,0.0,-0.0,0.0
2019-02-07,20,0,117,2.14,2.14,0.0,-553.314362,0.0
2019-02-07,20,0,119,200.0,200.0,0.0,24374.675122,0.0
2019-02-07,20,0,120,117.6,117.6,0.0,14332.308971,0.0
2019-02-07,20,0,123,0.0,0.0,0.0,0.0,0.0
2019-02-07,20,0,125,30.28,30.28,0.0,488.494068,0.0
2019-02-07,20,0,126,0.0,0.0,0.0,0.0,0.0
2019-02-07,20,0,127,0.0,0.0,0.0,0.0,0.0
2019-02-07,20,0,128,43.37,43.37,0.0,699.669344,0.0
2019-02-07,20,0,131,5.68,5.68,0.0,-2106.803841,0.0
2019-02-07,20,0,132,8.35,8.35,0.0,-3097.150013,0.0
2019-02-07,20,0,133,103.8,103.8,0.0,1064.902001,0.0
2019-02-07,20,0,134,0.0,0.0,0.0,0.0,0.0
2019-02-07,20,0,135,138.32,138.32,0.0,1419.048602,0.0
2019-02-07,20,0,136,45.9,45.9,0.0,238.059793,0.0
2019-02-07,20,0,139,49.86,49.86,0.0,697.197362,0.0
2019-02-07,20,0,140,160.09,160.09,0.0,-160090.0,0.0
2019-02-07,20,0,141,37.35,37.35,0.0,-20730.307393,0.0
2019-02-07,20,0,142,0.0,0.0,0.0,-0.0,0.0
2019-02-07,20,0,143,3.82,3.82,0.0,61.783886,0.0
2019-02-07,20,0,145,5.06,5.06,0.0,75.068479,0.0
2019-02-07,20,0,146,87.67,87.67,0.0,-87670.0,0.0
2019-02-07,20,0,152,0.0,0.0,0.0,0.0,0.0
2019-02-07,20,0,153,0.0,0.0,0.0,0.0,0.0
2019-02-07,20,0,154,0.0,0.0,0.0,0.0,0.0
2019-02-07,20,0,157,7.32,7.32,0.0,-4062.807232,0.0
2019-02-07,20,0,158,0.0,0.0,0.0,-0.0,0.0
2019-02-07,20,0,159,0.0,0.0,0.0,0.0,0.0
2019-02-07,20,0,160,0.0,0.0,0.0,0.0,0.0
2019-02-07,20,0,161,0.0,0.0,0.0,-0.0,0.0
2019-02-07,20,0,162,162.5,162.5,0.0,3770.050214,0.0
2019-02-07,20,0,163,185.4,185.4,0.0,-185400.0,0.0
2019-02-07,20,0,164,0.0,0.0,0.0,0.0,0.0
2019-02-07,20,0,167,0.0,0.0,0.0,0.0,0.0
2019-02-07,20,0,168,0.0,0.0,0.0,0.0,0.0
2019-02-07,20,0,169,0.0,0.0,0.0,0.0,0.0
2019-02-07,20,0,170,0.0,0.0,0.0,0.0,0.0
2019-02-07,20,0,172,0.0,0.0,0.0,0.0,0.0
2019-02-07,20,0,173,0.0,0.0,0.0,0.0,0.0
2019-02-07,20,0,188,0.0,0.0,0.0,0.0,0.0
2019-02-07,20,0,190,0.0,0.0,0.0,0.0,0.0
2019-02-07,20,0,191,0.0,0.0,0.0,0.0,0.0
2019-02-07,20,0,192,332.6,332.6,0.0,10785.405497,0.0
2019-02-07,20,0,194,176.5,176.5,0.0,-21529.907088,0.0
2019-02-07,20,0,196,0.0,0.0,0.0,0.0,0.0
2019-02-07,20,0,198,0.0,0.0,0.0,0.0,0.0
2019-02-07,20,0,199,130.0,130.0,0.0,-4182.177389,0.0
2019-02-07,20,0,200,0.0,0.0,0.0,-0.0,0.0
2019-02-07,20,0,204,236.44,236.44,0.0,3010.427101,0.0
2019-02-07,20,0,205,173.9,173.9,0.0,2185.746309,0.0
2019-02-07,20,0,206,185.45,185.45,0.0,3007.420131,0.0
2019-02-07,20,0,210,0.0,0.0,0.0,0.0,0.0
2019-02-07,20,0,214,0.0,0.0,0.0,0.0,0.0
2019-02-07,20,0,217,0.0,0.0,0.0,0.0,0.0
2019-02-07,20,0,218,0.0,0.0,0.0,0.0,0.0
2019-02-07,20,0,219,0.0,0.0,0.0,0.0,0.0
2019-02-07,20,0,221,0.0,0.0,0.0,0.0,0.0
2019-02-07,20,0,225,0.0,0.0,0.0,0.0,0.0
2019-02-07,20,0,233,0.0,0.0,0.0,0.0,0.0
2019-02-07,20,0,236,159.03,159.03,0.0,1629.693338,0.0
2019-02-07,20,0,237,156.6,156.6,0.0,1718.040315,0.0
2019-02-07,20,0,238,0.0,0.0,0.0,0.0,0.0
2019-02-07,20,0,240,0.0,0.0,0.0,0.0,0.0
2019-02-07,20,0,245,145.89,145.89,0.0,1243.518537,0.0
2019-02-07,20,0,247,171.72,171.72,0.0,1463.68499,0.0
2019-02-07,20,0,248,15.72,15.72,0.0,172.462284,0.0
2019-02-07,20,0,249,280.44,280.44,0.0,2390.378631,0.0
2019-02-07,20,0,251,326.4,326.4,0.0,2121.692567,0.0
2019-02-07,20,0,252,267.06,267.06,0.0,1316.131053,0.0
2019-02-07,20,0,254,0.0,0.0,0.0,0.0,0.0
2019-02-07,20,0,255,0.0,0.0,0.0,0.0,0.0
2019-02-07,20,0,258,0.0,0.0,0.0,0.0,0.0
2019-02-07,20,0,260,0.0,0.0,0.0,0.0,0.0
2019-02-07,20,0,265,0.0,0.0,0.0,0.0,0.0
2019-02-07,20,0,266,30.39,30.39,0.0,424.946407,0.0
2019-02-07,20,0,267,38.43,38.43,0.0,537.37053,0.0
2019-02-07,20,0,270,579.0,579.0,0.0,-579000.0,0.0
2019-02-07,20,0,272,107.18,107.18,0.0,-27712.258537,0.0
2019-02-07,20,0,273,0.0,0.0,0.0,-0.0,0.0
2019-02-07,20,0,274,746.4,746.4,0.0,-746400.0,0.0
2019-02-07,20,0,275,1039.0,1039.0,0.0,-1039000.0,0.0
2019-02-07,20,0,276,0.0,0.0,0.0,-0.0,0.0
2019-02-07,20,0,277,0.0,0.0,0.0,-0.0,0.0
2019-02-07,20,0,278,0.0,0.0,0.0,-0.0,0.0
2019-02-07,20,0,279,446.67,446.67,0.0,-120944.232745,0.0
2019-02-07,20,0,281,0.94,0.94,0.0,15.203365,0.0
2019-02-07,20,0,282,0.0,0.0,0.0,0.0,0.0
2019-02-07,21,0,9,0.0,0.0,0.0,0.0,0.0
2019-02-07,21,0,17,0.0,0.0,0.0,0.0,0.0
2019-02-07,21,0,19,643.3,643.3,0.0,-73.652488,0.0
2019-02-07,21,0,20,780.2,780.2,0.0,-89.326397,0.0
2019-02-07,21,0,21,0.0,0.0,0.0,0.0,0.0
2019-02-07,21,0,22,0.0,0.0,0.0,0.0,0.0
2019-02-07,21,0,23,13.34,13.34,0.0,230.651618,0.0
2019-02-07,21,0,24,23.6,23.6,0.0,408.049339,0.0
2019-02-07,21,0,29,0.0,0.0,0.0,0.0,0.0
2019-02-07,21,0,30,0.0,0.0,0.0,0.0,0.0
2019-02-07,21,0,31,0.0,0.0,0.0,0.0,0.0
2019-02-07,21,0,32,0.0,0.0,0.0,0.0,0.0
2019-02-07,21,0,33,0.0,0.0,0.0,0.0,0.0
2019-02-07,21,0,34,0.0,0.0,0.0,0.0,0.0
2019-02-07,21,0,35,0.0,0.0,0.0,0.0,0.0
2019-02-07,21,0,36,0.0,0.0,0.0,0.0,0.0
2019-02-07,21,0,37,0.0,0.0,0.0,0.0,0.0
2019-02-07,21,0,38,0.0,0.0,0.0,0.0,0.0
2019-02-07,21,0,39,0.0,0.0,0.0,0.0,0.0
2019-02-07,21,0,40,0.0,0.0,0.0,0.0,0.0
2019-02-07,21,0,41,48.3,48.3,0.0,715.16327,0.0
2019-02-07,21,0,42,0.0,0.0,0.0,0.0,0.0
2019-02-07,21,0,43,0.0,0.0,0.0,0.0,0.0
2019-02-07,21,0,46,0.0,0.0,0.0,0.0,0.0
2019-02-07,21,0,52,0.0,0.0,0.0,0.0,0.0
2019-02-07,21,0,53,0.0,0.0,0.0,0.0,0.0
2019-02-07,21,0,55,7.05,7.05,0.0,121.896095,0.0
2019-02-07,21,0,56,0.0,0.0,0.0,0.0,0.0
2019-02-07,21,0,57,0.0,0.0,0.0,0.0,0.0
2019-02-07,21,0,58,0.0,0.0,0.0,0.0,0.0
2019-02-07,21,0,59,0.0,0.0,0.0,0.0,0.0
2019-02-07,21,0,63,170.0,170.0,0.0,20775.113959,0.0
2019-02-07,21,0,64,200.0,200.0,0.0,24441.31054,0.0
2019-02-07,21,0,65,41.4,41.4,0.0,200.260949,0.0
2019-02-07,21,0,67,0.0,0.0,0.0,-0.0,0.0
2019-02-07,21,0,68,7.16,7.16,0.0,-2935.373129,0.0
2019-02-07,21,0,69,0.0,0.0,0.0,0.0,0.0
2019-02-07,21,0,74,53.12,53.12,0.0,601.708306,0.0
2019-02-07,21,0,77,57.95,57.95,0.0,-16767.942588,0.0
2019-02-07,21,0,78,43.9,43.9,0.0,-12702.548397,0.0
2019-02-07,21,0,79,25.46,25.46,0.0,-7366.899366,0.0
2019-02-07,21,0,80,41.1,41.1,0.0,-11892.363078,0.0
2019-02-07,21,0,81,53.64,53.64,0.0,-15520.8359,0.0
2019-02-07,21,0,82,37.92,37.92,0.0,-10972.224037,0.0
2019-02-07,21,0,83,84.02,84.02,0.0,-24311.346613,0.0
2019-02-07,21,0,84,0.0,0.0,0.0,0.0,0.0
2019-02-07,21,0,86,0.0,0.0,0.0,0.0,0.0
2019-02-07,21,0,87,0.0,0.0,0.0,0.0,0.0
2019-02-07,21,0,88,107.72,107.72,0.0,-31168.986636,0.0
2019-02-07,21,0,89,103.56,103.56,0.0,-29965.282733,0.0
2019-02-07,21,0,90,139.04,139.04,0.0,-40231.488135,0.0
2019-02-07,21,0,91,495.99,495.99,0.0,-143515.648734,0.0
2019-02-07,21,0,92,178.38,178.38,0.0,-51614.591869,0.0
2019-02-07,21,0,95,120.0,120.0,0.0,3049.643213,0.0
2019-02-07,21,0,96,5.83,5.83,0.0,101.370012,0.0
2019-02-07,21,0,97,35.85,35.85,0.0,623.347332,0.0
2019-02-07,21,0,99,10.25,10.25,0.0,116.105236,0.0
2019-02-07,21,0,101,0.0,0.0,0.0,0.0,0.0
2019-02-07,21,0,102,16.96,16.96,0.0,-6953.062608,0.0
2019-02-07,21,0,103,14.75,14.75,0.0,-6047.032634,0.0
2019-02-07,21,0,104,2.74,2.74,0.0,-1123.313181,0.0
2019-02-07,21,0,106,0.0,0.0,0.0,0.0,0.0
2019-02-07,21,0,109,32.63,32.63,0.0,429.81081,0.0
2019-02-07,21,0,110,114.93,114.93,0.0,-114930.0,0.0
2019-02-07,21,0,111,0.0,0.0,0.0,0.0,0.0
2019-02-07,21,0,113,84.18,84.18,0.0,-21783.407159,0.0
2019-02-07,21,0,115,84.18,84.18,0.0,-21783.407159,0.0
2019-02-07,21,0,116,0.0,0.0,0.0,-0.0,0.0
2019-02-07,21,0,117,5.66,5.66,0.0,-1464.648189,0.0
2019-02-07,21,0,119,200.0,200.0,0.0,24441.31054,0.0
2019-02-07,21,0,120,117.6,117.6,0.0,14371.490598,0.0
2019-02-07,21,0,123,0.0,0.0,0.0,0.0,0.0
2019-02-07,21,0,125,21.36,21.36,0.0,369.319232,0.0
2019-02-07,21,0,126,0.0,0.0,0.0,0.0,0.0
2019-02-07,21,0,127,0.0,0.0,0.0,0.0,0.0
2019-02-07,21,0,128,30.59,30.59,0.0,528.90802,0.0
2019-02-07,21,0,131,8.81,8.81,0.0,-3270.076664,0.0
2019-02-07,21,0,132,12.95,12.95,0.0,-4806.752872,0.0
2019-02-07,21,0,133,91.59,91.59,0.0,955.986504,0.0
2019-02-07,21,0,134,0.0,0.0,0.0,0.0,0.0
2019-02-07,21,0,135,119.08,119.08,0.0,1242.918144,0.0
2019-02-07,21,0,136,45.9,45.9,0.0,234.505855,0.0
2019-02-07,21,0,139,63.62,63.62,0.0,942.001806,0.0
2019-02-07,21,0,140,85.06,85.06,0.0,-85060.0,0.0
2019-02-07,21,0,141,23.32,23.32,0.0,-12947.576261,0.0
2019-02-07,21,0,142,0.0,0.0,0.0,-0.0,0.0
2019-02-07,21,0,143,0.0,0.0,0.0,0.0,0.0
2019-02-07,21,0,145,6.24,6.24,0.0,98.539442,0.0
2019-02-07,21,0,146,41.65,41.65,0.0,-41650.0,0.0
2019-02-07,21,0,152,0.0,0.0,0.0,0.0,0.0
2019-02-07,21,0,153,0.0,0.0,0.0,0.0,0.0
2019-02-07,21,0,154,0.0,0.0,0.0,0.0,0.0
2019-02-07,21,0,157,17.59,17.59,0.0,-9766.203535,0.0
2019-02-07,21,0,158,0.0,0.0,0.0,-0.0,0.0
2019-02-07,21,0,159,0.0,0.0,0.0,0.0,0.0
2019-02-07,21,0,160,0.0,0.0,0.0,0.0,0.0
2019-02-07,21,0,161,0.0,0.0,0.0,-0.0,0.0
2019-02-07,21,0,162,162.5,162.5,0.0,4252.066612,0.0
2019-02-07,21,0,163,185.4,185.4,0.0,-185400.0,0.0
2019-02-07,21,0,164,0.0,0.0,0.0,0.0,0.0
2019-02-07,21,0,167,0.0,0.0,0.0,0.0,0.0
2019-02-07,21,0,168,0.0,0.0,0.0,0.0,0.0
2019-02-07,21,0,169,0.0,0.0,0.0,0.0,0.0
2019-02-07,21,0,170,0.0,0.0,0.0,0.0,0.0
2019-02-07,21,0,172,0.0,0.0,0.0,0.0,0.0
2019-02-07,21,0,173,0.0,0.0,0.0,0.0,0.0
2019-02-07,21,0,188,0.0,0.0,0.0,0.0,0.0
2019-02-07,21,0,190,0.0,0.0,0.0,0.0,0.0
2019-02-07,21,0,191,0.0,0.0,0.0,0.0,0.0
2019-02-07,21,0,192,222.41,222.41,0.0,7212.212979,0.0
2019-02-07,21,0,194,176.5,176.5,0.0,-21555.211341,0.0
2019-02-07,21,0,196,0.0,0.0,0.0,0.0,0.0
2019-02-07,21,0,198,0.0,0.0,0.0,0.0,0.0
2019-02-07,21,0,199,130.0,130.0,0.0,-4262.153731,0.0
2019-02-07,21,0,200,0.0,0.0,0.0,-0.0,0.0
2019-02-07,21,0,204,317.24,317.24,0.0,4238.613693,0.0
2019-02-07,21,0,205,151.45,151.45,0.0,1994.938619,0.0
2019-02-07,21,0,206,105.33,105.33,0.0,1831.441408,0.0
2019-02-07,21,0,210,0.0,0.0,0.0,0.0,0.0
2019-02-07,21,0,214,0.0,0.0,0.0,0.0,0.0
2019-02-07,21,0,217,0.0,0.0,0.0,0.0,0.0
2019-02-07,21,0,218,0.0,0.0,0.0,0.0,0.0
2019-02-07,21,0,219,0.0,0.0,0.0,0.0,0.0
2019-02-07,21,0,221,0.0,0.0,0.0,0.0,0.0
2019-02-07,21,0,225,0.0,0.0,0.0,0.0,0.0
2019-02-07,21,0,233,0.0,0.0,0.0,0.0,0.0
2019-02-07,21,0,236,159.03,159.03,0.0,1668.454844,0.0
2019-02-07,21,0,237,127.42,127.42,0.0,1443.329675,0.0
2019-02-07,21,0,238,0.0,0.0,0.0,0.0,0.0
2019-02-07,21,0,240,0.0,0.0,0.0,0.0,0.0
2019-02-07,21,0,245,260.0,260.0,0.0,2234.846299,0.0
2019-02-07,21,0,247,171.72,171.72,0.0,1476.030025,0.0
2019-02-07,21,0,248,12.79,12.79,0.0,144.87668,0.0
2019-02-07,21,0,249,500.0,500.0,0.0,4297.781344,0.0
2019-02-07,21,0,251,326.4,326.4,0.0,2121.002498,0.0
2019-02-07,21,0,252,267.06,267.06,0.0,1291.828238,0.0
2019-02-07,21,0,254,0.0,0.0,0.0,0.0,0.0
2019-02-07,21,0,255,0.0,0.0,0.0,0.0,0.0
2019-02-07,21,0,258,0.0,0.0,0.0,0.0,0.0
2019-02-07,21,0,260,0.0,0.0,0.0,0.0,0.0
2019-02-07,21,0,265,0.0,0.0,0.0,0.0,0.0
2019-02-07,21,0,266,39.84,39.84,0.0,589.898647,0.0
2019-02-07,21,0,267,49.74,49.74,0.0,736.484908,0.0
2019-02-07,21,0,270,579.0,579.0,0.0,-579000.0,0.0
2019-02-07,21,0,272,281.15,281.15,0.0,-72753.681669,0.0
2019-02-07,21,0,273,0.0,0.0,0.0,-0.0,0.0
2019-02-07,21,0,274,746.4,746.4,0.0,-746400.0,0.0
2019-02-07,21,0,275,1039.0,1039.0,0.0,-1039000.0,0.0
2019-02-07,21,0,276,0.0,0.0,0.0,-0.0,0.0
2019-02-07,21,0,277,0.0,0.0,0.0,-0.0,0.0
2019-02-07,21,0,278,0.0,0.0,0.0,-0.0,0.0
2019-02-07,21,0,279,651.69,651.69,0.0,-176628.736138,0.0
2019-02-07,21,0,281,0.0,0.0,0.0,0.0,0.0
2019-02-07,21,0,282,0.0,0.0,0.0,0.0,0.0
2019-02-07,22,0,9,0.0,0.0,0.0,0.0,0.0
2019-02-07,22,0,17,0.0,0.0,0.0,0.0,0.0
2019-02-07,22,0,19,0.0,0.0,0.0,0.0,0.0
2019-02-07,22,0,20,0.0,0.0,0.0,0.0,0.0
2019-02-07,22,0,21,0.0,0.0,0.0,0.0,0.0
2019-02-07,22,0,22,0.0,0.0,0.0,0.0,0.0
2019-02-07,22,0,23,18.46,18.46,0.0,340.548002,0.0
2019-02-07,22,0,24,32.66,32.66,0.0,602.508004,0.0
2019-02-07,22,0,29,0.0,0.0,0.0,0.0,0.0
2019-02-07,22,0,30,0.0,0.0,0.0,0.0,0.0
2019-02-07,22,0,31,0.0,0.0,0.0,0.0,0.0
2019-02-07,22,0,32,0.0,0.0,0.0,0.0,0.0
2019-02-07,22,0,33,0.0,0.0,0.0,0.0,0.0
2019-02-07,22,0,34,0.0,0.0,0.0,0.0,0.0
2019-02-07,22,0,35,0.0,0.0,0.0,0.0,0.0
2019-02-07,22,0,36,0.0,0.0,0.0,0.0,0.0
2019-02-07,22,0,37,0.0,0.0,0.0,0.0,0.0
2019-02-07,22,0,38,0.0,0.0,0.0,0.0,0.0
2019-02-07,22,0,39,0.0,0.0,0.0,0.0,0.0
2019-02-07,22,0,40,0.0,0.0,0.0,0.0,0.0
2019-02-07,22,0,41,35.7,35.7,0.0,574.258231,0.0
2019-02-07,22,0,42,0.0,0.0,0.0,0.0,0.0
2019-02-07,22,0,43,0.0,0.0,0.0,0.0,0.0
2019-02-07,22,0,46,0.0,0.0,0.0,0.0,0.0
2019-02-07,22,0,52,0.0,0.0,0.0,0.0,0.0
2019-02-07,22,0,53,0.0,0.0,0.0,0.0,0.0
2019-02-07,22,0,55,9.61,9.61,0.0,177.284198,0.0
2019-02-07,22,0,56,0.0,0.0,0.0,0.0,0.0
2019-02-07,22,0,57,0.0,0.0,0.0,0.0,0.0
2019-02-07,22,0,58,0.0,0.0,0.0,0.0,0.0
2019-02-07,22,0,59,0.0,0.0,0.0,0.0,0.0
2019-02-07,22,0,63,170.0,170.0,0.0,19467.654471,0.0
2019-02-07,22,0,64,200.0,200.0,0.0,22903.122907,0.0
2019-02-07,22,0,65,41.4,41.4,0.0,469.764755,0.0
2019-02-07,22,0,67,0.0,0.0,0.0,-0.0,0.0
2019-02-07,22,0,68,10.2,10.2,0.0,-4219.991711,0.0
2019-02-07,22,0,69,0.0,0.0,0.0,0.0,0.0
2019-02-07,22,0,74,35.65,35.65,0.0,455.824003,0.0
2019-02-07,22,0,77,134.18,134.18,0.0,-39430.589035,0.0
2019-02-07,22,0,78,101.44,101.44,0.0,-29809.501801,0.0
2019-02-07,22,0,79,58.7,58.7,0.0,-17249.780715,0.0
2019-02-07,22,0,80,94.93,94.93,0.0,-27896.451163,0.0
2019-02-07,22,0,81,124.12,124.12,0.0,-36474.323379,0.0
2019-02-07,22,0,82,87.55,87.55,0.0,-25727.73938,0.0
2019-02-07,22,0,83,195.23,195.23,0.0,-57370.948705,0.0
2019-02-07,22,0,84,0.0,0.0,0.0,0.0,0.0
2019-02-07,22,0,86,0.0,0.0,0.0,0.0,0.0
2019-02-07,22,0,87,0.0,0.0,0.0,0.0,0.0
2019-02-07,22,0,88,170.6,170.6,0.0,-50133.093526,0.0
2019-02-07,22,0,89,164.0,164.0,0.0,-48193.595184,0.0
2019-02-07,22,0,90,220.2,220.2,0.0,-64708.717435,0.0
2019-02-07,22,0,91,785.5,785.5,0.0,-230829.689126,0.0
2019-02-07,22,0,92,282.5,282.5,0.0,-83016.406338,0.0
2019-02-07,22,0,95,120.0,120.0,0.0,3049.643213,0.0
2019-02-07,22,0,96,7.55,7.55,0.0,139.981802,0.0
2019-02-07,22,0,97,46.44,46.44,0.0,861.027136,0.0
2019-02-07,22,0,99,6.88,6.88,0.0,87.968279,0.0
2019-02-07,22,0,101,0.0,0.0,0.0,0.0,0.0
2019-02-07,22,0,102,24.15,24.15,0.0,-9991.450964,0.0
2019-02-07,22,0,103,21.0,21.0,0.0,-8688.218229,0.0
2019-02-07,22,0,104,3.9,3.9,0.0,-1613.526243,0.0
2019-02-07,22,0,106,0.0,0.0,0.0,0.0,0.0
2019-02-07,22,0,109,46.39,46.39,0.0,673.856223,0.0
2019-02-07,22,0,110,51.48,51.48,0.0,-51480.0,0.0
2019-02-07,22,0,111,0.0,0.0,0.0,0.0,0.0
2019-02-07,22,0,113,149.99,149.99,0.0,-39525.34461,0.0
2019-02-07,22,0,115,149.99,149.99,0.0,-39525.34461,0.0
2019-02-07,22,0,116,0.0,0.0,0.0,-0.0,0.0
2019-02-07,22,0,117,10.0,10.0,0.0,-2635.198654,0.0
2019-02-07,22,0,119,200.0,200.0,0.0,22903.122907,0.0
2019-02-07,22,0,120,117.6,117.6,0.0,13467.036269,0.0
2019-02-07,22,0,123,0.0,0.0,0.0,0.0,0.0
2019-02-07,22,0,125,29.56,29.56,0.0,545.319553,0.0
2019-02-07,22,0,126,0.0,0.0,0.0,0.0,0.0
2019-02-07,22,0,127,0.0,0.0,0.0,0.0,0.0
2019-02-07,22,0,128,42.33,42.33,0.0,780.899076,0.0
2019-02-07,22,0,131,19.01,19.01,0.0,-7132.193589,0.0
2019-02-07,22,0,132,27.95,27.95,0.0,-10486.313037,0.0
2019-02-07,22,0,133,139.8,139.8,0.0,1578.553329,0.0
2019-02-07,22,0,134,0.0,0.0,0.0,0.0,0.0
2019-02-07,22,0,135,187.33,187.33,0.0,2115.238877,0.0
2019-02-07,22,0,136,45.9,45.9,0.0,520.953865,0.0
2019-02-07,22,0,139,46.11,46.11,0.0,741.710001,0.0
2019-02-07,22,0,140,38.1,38.1,0.0,-38100.0,0.0
2019-02-07,22,0,141,42.71,42.71,0.0,-23834.104895,0.0
2019-02-07,22,0,142,0.0,0.0,0.0,-0.0,0.0
2019-02-07,22,0,143,0.0,0.0,0.0,0.0,0.0
2019-02-07,22,0,145,20.75,20.75,0.0,353.177902,0.0
2019-02-07,22,0,146,16.21,16.21,0.0,-16210.0,0.0
2019-02-07,22,0,152,0.0,0.0,0.0,0.0,0.0
2019-02-07,22,0,153,0.0,0.0,0.0,0.0,0.0
2019-02-07,22,0,154,0.0,0.0,0.0,0.0,0.0
2019-02-07,22,0,157,39.48,39.48,0.0,-22031.619322,0.0
2019-02-07,22,0,158,0.0,0.0,0.0,-0.0,0.0
2019-02-07,22,0,159,0.0,0.0,0.0,0.0,0.0
2019-02-07,22,0,160,0.0,0.0,0.0,0.0,0.0
2019-02-07,22,0,161,0.0,0.0,0.0,-0.0,0.0
2019-02-07,22,0,162,96.21,96.21,0.0,2519.473743,0.0
2019-02-07,22,0,163,185.4,185.4,0.0,-185400.0,0.0
2019-02-07,22,0,164,0.0,0.0,0.0,0.0,0.0
2019-02-07,22,0,167,0.0,0.0,0.0,0.0,0.0
2019-02-07,22,0,168,0.0,0.0,0.0,0.0,0.0
2019-02-07,22,0,169,0.0,0.0,0.0,0.0,0.0
2019-02-07,22,0,170,0.0,0.0,0.0,0.0,0.0
2019-02-07,22,0,172,0.0,0.0,0.0,0.0,0.0
2019-02-07,22,0,173,0.0,0.0,0.0,0.0,0.0
2019-02-07,22,0,188,0.0,0.0,0.0,0.0,0.0
2019-02-07,22,0,190,0.0,0.0,0.0,0.0,0.0
2019-02-07,22,0,191,0.0,0.0,0.0,0.0,0.0
2019-02-07,22,0,192,131.85,131.85,0.0,15098.883776,0.0
2019-02-07,22,0,194,176.5,176.5,0.0,-22553.700325,0.0
2019-02-07,22,0,196,0.0,0.0,0.0,0.0,0.0
2019-02-07,22,0,198,0.0,0.0,0.0,0.0,0.0
2019-02-07,22,0,199,130.0,130.0,0.0,-4304.140189,0.0
2019-02-07,22,0,200,0.0,0.0,0.0,-0.0,0.0
2019-02-07,22,0,204,234.35,234.35,0.0,3446.053102,0.0
2019-02-07,22,0,205,230.8,230.8,0.0,3352.576334,0.0
2019-02-07,22,0,206,136.47,136.47,0.0,2530.240595,0.0
2019-02-07,22,0,210,0.0,0.0,0.0,0.0,0.0
2019-02-07,22,0,214,0.0,0.0,0.0,0.0,0.0
2019-02-07,22,0,217,0.0,0.0,0.0,0.0,0.0
2019-02-07,22,0,218,0.0,0.0,0.0,0.0,0.0
2019-02-07,22,0,219,0.0,0.0,0.0,0.0,0.0
2019-02-07,22,0,221,0.0,0.0,0.0,0.0,0.0
2019-02-07,22,0,225,0.0,0.0,0.0,0.0,0.0
2019-02-07,22,0,233,0.0,0.0,0.0,0.0,0.0
2019-02-07,22,0,236,159.03,159.03,0.0,1906.435278,0.0
2019-02-07,22,0,237,85.52,85.52,0.0,1093.466163,0.0
2019-02-07,22,0,238,0.0,0.0,0.0,0.0,0.0
2019-02-07,22,0,240,0.0,0.0,0.0,0.0,0.0
2019-02-07,22,0,245,260.0,260.0,0.0,2888.572474,0.0
2019-02-07,22,0,247,171.72,171.72,0.0,1907.79102,0.0
2019-02-07,22,0,248,8.58,8.58,0.0,109.704627,0.0
2019-02-07,22,0,249,500.0,500.0,0.0,5554.947066,0.0
2019-02-07,22,0,251,678.68,678.68,0.0,7757.444964,0.0
2019-02-07,22,0,252,267.06,267.06,0.0,3030.323079,0.0
2019-02-07,22,0,254,0.0,0.0,0.0,0.0,0.0
2019-02-07,22,0,255,0.0,0.0,0.0,0.0,0.0
2019-02-07,22,0,258,0.0,0.0,0.0,0.0,0.0
2019-02-07,22,0,260,0.0,0.0,0.0,0.0,0.0
2019-02-07,22,0,265,0.0,0.0,0.0,0.0,0.0
2019-02-07,22,0,266,29.85,29.85,0.0,480.157093,0.0
2019-02-07,22,0,267,36.69,36.69,0.0,590.183039,0.0
2019-02-07,22,0,270,579.0,579.0,0.0,-579000.0,0.0
2019-02-07,22,0,272,501.3,501.3,0.0,-132102.508521,0.0
2019-02-07,22,0,273,0.0,0.0,0.0,-0.0,0.0
2019-02-07,22,0,274,746.4,746.4,0.0,-746400.0,0.0
2019-02-07,22,0,275,1039.0,1039.0,0.0,-1039000.0,0.0
2019-02-07,22,0,276,0.0,0.0,0.0,-0.0,0.0
2019-02-07,22,0,277,0.0,0.0,0.0,-0.0,0.0
2019-02-07,22,0,278,0.0,0.0,0.0,-0.0,0.0
2019-02-07,22,0,279,264.61,264.61,0.0,-72949.02695,0.0
2019-02-07,22,0,281,0.0,0.0,0.0,0.0,0.0
2019-02-07,22,0,282,0.0,0.0,0.0,0.0,0.0
2019-02-07,23,0,9,0.0,0.0,0.0,0.0,0.0
2019-02-07,23,0,17,0.0,0.0,0.0,0.0,0.0
2019-02-07,23,0,19,0.0,0.0,0.0,0.0,0.0
2019-02-07,23,0,20,0.0,0.0,0.0,0.0,0.0
2019-02-07,23,0,21,0.0,0.0,0.0,0.0,0.0
2019-02-07,23,0,22,0.0,0.0,0.0,0.0,0.0
2019-02-07,23,0,23,33.13,33.13,0.0,534.471878,0.0
2019-02-07,23,0,24,58.62,58.62,0.0,945.69096,0.0
2019-02-07,23,0,29,0.0,0.0,0.0,0.0,0.0
2019-02-07,23,0,30,0.0,0.0,0.0,0.0,0.0
2019-02-07,23,0,31,1.76,1.76,0.0,28.482866,0.0
2019-02-07,23,0,32,0.0,0.0,0.0,0.0,0.0
2019-02-07,23,0,33,0.0,0.0,0.0,0.0,0.0
2019-02-07,23,0,34,0.0,0.0,0.0,0.0,0.0
2019-02-07,23,0,35,0.0,0.0,0.0,0.0,0.0
2019-02-07,23,0,36,0.0,0.0,0.0,0.0,0.0
2019-02-07,23,0,37,0.0,0.0,0.0,0.0,0.0
2019-02-07,23,0,38,0.0,0.0,0.0,0.0,0.0
2019-02-07,23,0,39,0.0,0.0,0.0,0.0,0.0
2019-02-07,23,0,40,0.0,0.0,0.0,0.0,0.0
2019-02-07,23,0,41,40.65,40.65,0.0,548.055693,0.0
2019-02-07,23,0,42,0.0,0.0,0.0,0.0,0.0
2019-02-07,23,0,43,0.0,0.0,0.0,0.0,0.0
2019-02-07,23,0,46,0.0,0.0,0.0,0.0,0.0
2019-02-07,23,0,52,1.86,1.86,0.0,30.101211,0.0
2019-02-07,23,0,53,2.96,2.96,0.0,47.903002,0.0
2019-02-07,23,0,55,43.79,43.79,0.0,706.445021,0.0
2019-02-07,23,0,56,0.0,0.0,0.0,0.0,0.0
2019-02-07,23,0,57,0.0,0.0,0.0,0.0,0.0
2019-02-07,23,0,58,0.0,0.0,0.0,0.0,0.0
2019-02-07,23,0,59,0.0,0.0,0.0,0.0,0.0
2019-02-07,23,0,63,170.0,170.0,0.0,18879.352713,0.0
2019-02-07,23,0,64,200.0,200.0,0.0,22211.003191,0.0
2019-02-07,23,0,65,41.4,41.4,0.0,338.064251,0.0
2019-02-07,23,0,67,0.0,0.0,0.0,-0.0,0.0
2019-02-07,23,0,68,10.2,10.2,0.0,-4240.711605,0.0
2019-02-07,23,0,69,0.0,0.0,0.0,0.0,0.0
2019-02-07,23,0,74,38.38,38.38,0.0,375.371501,0.0
2019-02-07,23,0,77,177.93,177.93,0.0,-52728.975912,0.0
2019-02-07,23,0,78,134.52,134.52,0.0,-39864.563815,0.0
2019-02-07,23,0,79,77.85,77.85,0.0,-23070.593912,0.0
2019-02-07,23,0,80,125.89,125.89,0.0,-37307.091427,0.0
2019-02-07,23,0,81,164.59,164.59,0.0,-48775.710366,0.0
2019-02-07,23,0,82,116.1,116.1,0.0,-34405.856817,0.0
2019-02-07,23,0,83,258.89,258.89,0.0,-76721.208193,0.0
2019-02-07,23,0,84,0.0,0.0,0.0,0.0,0.0
2019-02-07,23,0,86,0.0,0.0,0.0,0.0,0.0
2019-02-07,23,0,87,0.0,0.0,0.0,0.0,0.0
2019-02-07,23,0,88,170.6,170.6,0.0,-50556.754289,0.0
2019-02-07,23,0,89,164.0,164.0,0.0,-48600.865787,0.0
2019-02-07,23,0,90,220.2,220.2,0.0,-65255.552722,0.0
2019-02-07,23,0,91,785.5,785.5,0.0,-232780.366317,0.0
2019-02-07,23,0,92,282.5,282.5,0.0,-83717.954786,0.0
2019-02-07,23,0,95,120.0,120.0,0.0,2691.568394,0.0
2019-02-07,23,0,96,13.32,13.32,0.0,216.271816,0.0
2019-02-07,23,0,97,81.94,81.94,0.0,1330.428875,0.0
2019-02-07,23,0,99,7.41,7.41,0.0,72.472716,0.0
2019-02-07,23,0,101,0.0,0.0,0.0,0.0,0.0
2019-02-07,23,0,102,24.15,24.15,0.0,-10040.508358,0.0
2019-02-07,23,0,103,21.0,21.0,0.0,-8730.876833,0.0
2019-02-07,23,0,104,3.9,3.9,0.0,-1621.448555,0.0
2019-02-07,23,0,106,0.0,0.0,0.0,0.0,0.0
2019-02-07,23,0,109,109.97,109.97,0.0,1290.205829,0.0
2019-02-07,23,0,110,41.54,41.54,0.0,-41540.0,0.0
2019-02-07,23,0,111,0.0,0.0,0.0,0.0,0.0
2019-02-07,23,0,113,150.0,150.0,0.0,-39898.177881,0.0
2019-02-07,23,0,115,150.0,150.0,0.0,-39898.177881,0.0
2019-02-07,23,0,116,0.0,0.0,0.0,-0.0,0.0
2019-02-07,23,0,117,10.0,10.0,0.0,-2659.878525,0.0
2019-02-07,23,0,119,200.0,200.0,0.0,22211.003191,0.0
2019-02-07,23,0,120,117.6,117.6,0.0,13060.069877,0.0
2019-02-07,23,0,123,0.0,0.0,0.0,0.0,0.0
2019-02-07,23,0,125,53.05,53.05,0.0,855.832573,0.0
2019-02-07,23,0,126,0.0,0.0,0.0,0.0,0.0
2019-02-07,23,0,127,0.0,0.0,0.0,0.0,0.0
2019-02-07,23,0,128,75.98,75.98,0.0,1225.752288,0.0
2019-02-07,23,0,131,26.48,26.48,0.0,-9992.12357,0.0
2019-02-07,23,0,132,38.92,38.92,0.0,-14686.30851,0.0
2019-02-07,23,0,133,139.8,139.8,0.0,1132.880087,0.0
2019-02-07,23,0,134,0.0,0.0,0.0,0.0,0.0
2019-02-07,23,0,135,187.33,187.33,0.0,1518.04311,0.0
2019-02-07,23,0,136,45.9,45.9,0.0,374.953662,0.0
2019-02-07,23,0,139,52.5,52.5,0.0,707.821006,0.0
2019-02-07,23,0,140,30.75,30.75,0.0,-30750.0,0.0
2019-02-07,23,0,141,60.44,60.44,0.0,-33820.79647,0.0
2019-02-07,23,0,142,0.0,0.0,0.0,-0.0,0.0
2019-02-07,23,0,143,1.8,1.8,0.0,29.130204,0.0
2019-02-07,23,0,145,15.65,15.65,0.0,227.41431,0.0
2019-02-07,23,0,146,12.58,12.58,0.0,-12580.0,0.0
2019-02-07,23,0,152,0.0,0.0,0.0,0.0,0.0
2019-02-07,23,0,153,0.0,0.0,0.0,0.0,0.0
2019-02-07,23,0,154,0.0,0.0,0.0,0.0,0.0
2019-02-07,23,0,157,40.5,40.5,0.0,-22662.843432,0.0
2019-02-07,23,0,158,0.0,0.0,0.0,-0.0,0.0
2019-02-07,23,0,159,0.0,0.0,0.0,0.0,0.0
2019-02-07,23,0,160,0.0,0.0,0.0,0.0,0.0
2019-02-07,23,0,161,0.0,0.0,0.0,-0.0,0.0
2019-02-07,23,0,162,48.75,48.75,0.0,1131.088665,0.0
2019-02-07,23,0,163,168.51,168.51,0.0,-168510.0,0.0
2019-02-07,23,0,164,0.0,0.0,0.0,0.0,0.0
2019-02-07,23,0,167,0.0,0.0,0.0,0.0,0.0
2019-02-07,23,0,168,0.0,0.0,0.0,0.0,0.0
2019-02-07,23,0,169,0.0,0.0,0.0,0.0,0.0
2019-02-07,23,0,170,0.0,0.0,0.0,0.0,0.0
2019-02-07,23,0,172,0.0,0.0,0.0,0.0,0.0
2019-02-07,23,0,173,0.0,0.0,0.0,0.0,0.0
2019-02-07,23,0,188,0.0,0.0,0.0,0.0,0.0
2019-02-07,23,0,190,0.0,0.0,0.0,0.0,0.0
2019-02-07,23,0,191,0.0,0.0,0.0,0.0,0.0
2019-02-07,23,0,192,101.36,101.36,0.0,11256.536417,0.0
2019-02-07,23,0,194,176.5,176.5,0.0,-23052.465123,0.0
2019-02-07,23,0,196,0.0,0.0,0.0,0.0,0.0
2019-02-07,23,0,198,0.0,0.0,0.0,0.0,0.0
2019-02-07,23,0,199,95.85,95.85,0.0,-3525.446257,0.0
2019-02-07,23,0,200,0.0,0.0,0.0,-0.0,0.0
2019-02-07,23,0,204,454.81,454.81,0.0,5427.240542,0.0
2019-02-07,23,0,205,581.73,581.73,0.0,6825.056258,0.0
2019-02-07,23,0,206,240.78,240.78,0.0,3909.454045,0.0
2019-02-07,23,0,210,0.0,0.0,0.0,0.0,0.0
2019-02-07,23,0,214,0.0,0.0,0.0,0.0,0.0
2019-02-07,23,0,217,0.0,0.0,0.0,0.0,0.0
2019-02-07,23,0,218,0.0,0.0,0.0,0.0,0.0
2019-02-07,23,0,219,0.0,0.0,0.0,0.0,0.0
2019-02-07,23,0,221,0.0,0.0,0.0,0.0,0.0
2019-02-07,23,0,225,0.0,0.0,0.0,0.0,0.0
2019-02-07,23,0,233,0.0,0.0,0.0,0.0,0.0
2019-02-07,23,0,236,159.03,159.03,0.0,1412.961882,0.0
2019-02-07,23,0,237,92.08,92.08,0.0,900.57863,0.0
2019-02-07,23,0,238,0.0,0.0,0.0,0.0,0.0
2019-02-07,23,0,240,0.0,0.0,0.0,0.0,0.0
2019-02-07,23,0,245,260.0,260.0,0.0,2053.951673,0.0
2019-02-07,23,0,247,171.72,171.72,0.0,1356.556082,0.0
2019-02-07,23,0,248,9.24,9.24,0.0,90.370836,0.0
2019-02-07,23,0,249,500.0,500.0,0.0,3949.907064,0.0
2019-02-07,23,0,251,326.4,326.4,0.0,2695.793486,0.0
2019-02-07,23,0,252,267.06,267.06,0.0,2180.759392,0.0
2019-02-07,23,0,254,0.0,0.0,0.0,0.0,0.0
2019-02-07,23,0,255,0.0,0.0,0.0,0.0,0.0
2019-02-07,23,0,258,0.0,0.0,0.0,0.0,0.0
2019-02-07,23,0,260,0.0,0.0,0.0,0.0,0.0
2019-02-07,23,0,265,0.0,0.0,0.0,0.0,0.0
2019-02-07,23,0,266,34.0,34.0,0.0,458.398366,0.0
2019-02-07,23,0,267,41.78,41.78,0.0,563.290698,0.0
2019-02-07,23,0,270,526.25,526.25,0.0,-526250.0,0.0
2019-02-07,23,0,272,501.3,501.3,0.0,-133339.710477,0.0
2019-02-07,23,0,273,0.0,0.0,0.0,-0.0,0.0
2019-02-07,23,0,274,678.4,678.4,0.0,-678400.0,0.0
2019-02-07,23,0,275,944.34,944.34,0.0,-944340.0,0.0
2019-02-07,23,0,276,0.0,0.0,0.0,-0.0,0.0
2019-02-07,23,0,277,0.0,0.0,0.0,-0.0,0.0
2019-02-07,23,0,278,0.0,0.0,0.0,-0.0,0.0
2019-02-07,23,0,279,264.6,264.6,0.0,-73600.930006,0.0
2019-02-07,23,0,281,0.79,0.79,0.0,12.784923,0.0
2019-02-07,23,0,282,0.0,0.0,0.0,0.0,0.0
2019-02-08,0,0,9,0.0,0.0,0.0,0.0,0.0
2019-02-08,0,0,17,0.0,0.0,0.0,0.0,0.0
2019-02-08,0,0,19,0.0,0.0,0.0,0.0,0.0
2019-02-08,0,0,20,0.0,0.0,0.0,0.0,0.0
2019-02-08,0,0,21,0.0,0.0,0.0,0.0,0.0
2019-02-08,0,0,22,0.0,0.0,0.0,0.0,0.0
2019-02-08,0,0,23,63.85,63.85,0.0,327.316754,0.0
2019-02-08,0,0,24,112.98,112.98,0.0,579.173795,0.0
2019-02-08,0,0,29,0.0,0.0,0.0,0.0,0.0
2019-02-08,0,0,30,0.0,0.0,0.0,0.0,0.0
2019-02-08,0,0,31,6.13,6.13,0.0,31.282286,0.0
2019-02-08,0,0,32,0.0,0.0,0.0,0.0,0.0
2019-02-08,0,0,33,0.0,0.0,0.0,0.0,0.0
2019-02-08,0,0,34,0.0,0.0,0.0,0.0,0.0
2019-02-08,0,0,35,0.0,0.0,0.0,0.0,0.0
2019-02-08,0,0,36,0.0,0.0,0.0,0.0,0.0
2019-02-08,0,0,37,0.0,0.0,0.0,0.0,0.0
2019-02-08,0,0,38,0.0,0.0,0.0,0.0,0.0
2019-02-08,0,0,39,0.0,0.0,0.0,0.0,0.0
2019-02-08,0,0,40,0.0,0.0,0.0,0.0,0.0
2019-02-08,0,0,41,49.24,49.24,0.0,311.905099,0.0
2019-02-08,0,0,42,0.0,0.0,0.0,0.0,0.0
2019-02-08,0,0,43,0.0,0.0,0.0,0.0,0.0
2019-02-08,0,0,46,0.0,0.0,0.0,0.0,0.0
2019-02-08,0,0,52,6.5,6.5,0.0,33.17045,0.0
2019-02-08,0,0,53,10.33,10.33,0.0,52.7155,0.0
2019-02-08,0,0,55,120.09,120.09,0.0,615.622066,0.0
2019-02-08,0,0,56,0.0,0.0,0.0,0.0,0.0
2019-02-08,0,0,57,0.0,0.0,0.0,0.0,0.0
2019-02-08,0,0,58,0.0,0.0,0.0,0.0,0.0
2019-02-08,0,0,59,0.0,0.0,0.0,0.0,0.0
2019-02-08,0,0,63,167.24,167.24,0.0,3735.233924,0.0
2019-02-08,0,0,64,196.75,196.75,0.0,4394.327162,0.0
2019-02-08,0,0,65,41.4,41.4,0.0,362.571278,0.0
2019-02-08,0,0,67,0.0,0.0,0.0,-0.0,0.0
2019-02-08,0,0,68,10.2,10.2,0.0,-34.23111,0.0
2019-02-08,0,0,69,0.0,0.0,0.0,0.0,0.0
2019-02-08,0,0,74,43.16,43.16,0.0,346.220689,0.0
2019-02-08,0,0,77,200.0,200.0,0.0,579.354183,0.0
2019-02-08,0,0,78,151.2,151.2,0.0,437.991763,0.0
2019-02-08,0,0,79,87.5,87.5,0.0,253.467455,0.0
2019-02-08,0,0,80,141.5,141.5,0.0,409.893085,0.0
2019-02-08,0,0,81,185.0,185.0,0.0,535.90262,0.0
2019-02-08,0,0,82,130.5,130.5,0.0,378.028605,0.0
2019-02-08,0,0,83,291.0,291.0,0.0,842.960337,0.0
2019-02-08,0,0,84,0.0,0.0,0.0,0.0,0.0
2019-02-08,0,0,86,0.0,0.0,0.0,0.0,0.0
2019-02-08,0,0,87,0.0,0.0,0.0,0.0,0.0
2019-02-08,0,0,88,170.6,170.6,0.0,494.189118,0.0
2019-02-08,0,0,89,164.0,164.0,0.0,475.07043,0.0
2019-02-08,0,0,90,220.2,220.2,0.0,637.868956,0.0
2019-02-08,0,0,91,785.5,785.5,0.0,2275.413555,0.0
2019-02-08,0,0,92,282.5,282.5,0.0,818.337784,0.0
2019-02-08,0,0,95,67.44,67.44,0.0,1257.585192,0.0
2019-02-08,0,0,96,22.85,22.85,0.0,116.053033,0.0
2019-02-08,0,0,97,140.5,140.5,0.0,713.58648,0.0
2019-02-08,0,0,99,8.33,8.33,0.0,66.821556,0.0
2019-02-08,0,0,101,0.0,0.0,0.0,0.0,0.0
2019-02-08,0,0,102,24.15,24.15,0.0,-81.047187,0.0
2019-02-08,0,0,103,21.0,21.0,0.0,-70.475815,0.0
2019-02-08,0,0,104,3.9,3.9,0.0,-13.088366,0.0
2019-02-08,0,0,106,0.0,0.0,0.0,0.0,0.0
2019-02-08,0,0,109,197.62,197.62,0.0,1409.436623,0.0
2019-02-08,0,0,110,33.38,33.38,0.0,-1106.059241,0.0
2019-02-08,0,0,111,0.0,0.0,0.0,0.0,0.0
2019-02-08,0,0,113,150.0,150.0,0.0,584.66832,0.0
2019-02-08,0,0,115,150.0,150.0,0.0,584.66832,0.0
2019-02-08,0,0,116,0.0,0.0,0.0,-0.0,0.0
2019-02-08,0,0,117,10.0,10.0,0.0,38.977888,0.0
2019-02-08,0,0,119,196.75,196.75,0.0,4394.327162,0.0
2019-02-08,0,0,120,115.69,115.69,0.0,2583.886706,0.0
2019-02-08,0,0,123,0.0,0.0,0.0,0.0,0.0
2019-02-08,0,0,125,102.24,102.24,0.0,524.116913,0.0
2019-02-08,0,0,126,0.0,0.0,0.0,0.0,0.0
2019-02-08,0,0,127,0.0,0.0,0.0,0.0,0.0
2019-02-08,0,0,128,146.43,146.43,0.0,750.649839,0.0
2019-02-08,0,0,131,30.0,30.0,0.0,-41.946079,0.0
2019-02-08,0,0,132,44.1,44.1,0.0,-61.660736,0.0
2019-02-08,0,0,133,139.8,139.8,0.0,1228.300174,0.0
2019-02-08,0,0,134,0.0,0.0,0.0,0.0,0.0
2019-02-08,0,0,135,187.33,187.33,0.0,1645.904661,0.0
2019-02-08,0,0,136,45.9,45.9,0.0,401.915881,0.0
2019-02-08,0,0,139,63.59,63.59,0.0,402.803519,0.0
2019-02-08,0,0,140,24.7,24.7,0.0,-818.444076,0.0
2019-02-08,0,0,141,96.55,96.55,0.0,-1031.794376,0.0
2019-02-08,0,0,142,0.0,0.0,0.0,-0.0,0.0
2019-02-08,0,0,143,21.33,21.33,0.0,108.850109,0.0
2019-02-08,0,0,145,26.29,26.29,0.0,153.960699,0.0
2019-02-08,0,0,146,12.23,12.23,0.0,-405.245791,0.0
2019-02-08,0,0,152,0.0,0.0,0.0,0.0,0.0
2019-02-08,0,0,153,0.0,0.0,0.0,0.0,0.0
2019-02-08,0,0,154,0.0,0.0,0.0,0.0,0.0
2019-02-08,0,0,157,43.48,43.48,0.0,-464.654785,0.0
2019-02-08,0,0,158,0.0,0.0,0.0,-0.0,0.0
2019-02-08,0,0,159,0.0,0.0,0.0,0.0,0.0
2019-02-08,0,0,160,0.0,0.0,0.0,0.0,0.0
2019-02-08,0,0,161,0.0,0.0,0.0,-0.0,0.0
2019-02-08,0,0,162,48.75,48.75,0.0,911.059318,0.0
2019-02-08,0,0,163,109.68,109.68,0.0,-3634.289322,0.0
2019-02-08,0,0,164,0.0,0.0,0.0,0.0,0.0
2019-02-08,0,0,167,0.0,0.0,0.0,0.0,0.0
2019-02-08,0,0,168,0.0,0.0,0.0,0.0,0.0
2019-02-08,0,0,169,0.0,0.0,0.0,0.0,0.0
2019-02-08,0,0,170,0.0,0.0,0.0,0.0,0.0
2019-02-08,0,0,172,0.0,0.0,0.0,0.0,0.0
2019-02-08,0,0,173,0.0,0.0,0.0,0.0,0.0
2019-02-08,0,0,188,0.0,0.0,0.0,0.0,0.0
2019-02-08,0,0,190,0.0,0.0,0.0,0.0,0.0
2019-02-08,0,0,191,0.0,0.0,0.0,0.0,0.0
2019-02-08,0,0,192,77.69,77.69,0.0,1735.172946,0.0
2019-02-08,0,0,194,176.5,176.5,0.0,1815.89746,0.0
2019-02-08,0,0,196,0.0,0.0,0.0,0.0,0.0
2019-02-08,0,0,198,0.0,0.0,0.0,0.0,0.0
2019-02-08,0,0,199,39.0,39.0,0.0,455.384883,0.0
2019-02-08,0,0,200,0.0,0.0,0.0,0.0,0.0
2019-02-08,0,0,204,791.28,791.28,0.0,5571.084609,0.0
2019-02-08,0,0,205,1045.42,1045.42,0.0,7455.992483,0.0
2019-02-08,0,0,206,412.84,412.84,0.0,2096.776104,0.0
2019-02-08,0,0,210,0.0,0.0,0.0,0.0,0.0
2019-02-08,0,0,214,0.0,0.0,0.0,0.0,0.0
2019-02-08,0,0,217,0.0,0.0,0.0,0.0,0.0
2019-02-08,0,0,218,0.0,0.0,0.0,0.0,0.0
2019-02-08,0,0,219,0.0,0.0,0.0,0.0,0.0
2019-02-08,0,0,221,0.0,0.0,0.0,0.0,0.0
2019-02-08,0,0,225,0.0,0.0,0.0,0.0,0.0
2019-02-08,0,0,233,0.0,0.0,0.0,0.0,0.0
2019-02-08,0,0,236,159.03,159.03,0.0,1340.621522,0.0
2019-02-08,0,0,237,103.53,103.53,0.0,830.496476,0.0
2019-02-08,0,0,238,0.0,0.0,0.0,0.0,0.0
2019-02-08,0,0,240,0.0,0.0,0.0,0.0,0.0
2019-02-08,0,0,245,164.49,164.49,0.0,1460.507343,0.0
2019-02-08,0,0,247,171.72,171.72,0.0,1524.702541,0.0
2019-02-08,0,0,248,10.39,10.39,0.0,83.346454,0.0
2019-02-08,0,0,249,308.16,308.16,0.0,2736.153826,0.0
2019-02-08,0,0,251,326.4,326.4,0.0,2844.64166,0.0
2019-02-08,0,0,252,267.06,267.06,0.0,2338.847474,0.0
2019-02-08,0,0,254,0.0,0.0,0.0,0.0,0.0
2019-02-08,0,0,255,0.0,0.0,0.0,0.0,0.0
2019-02-08,0,0,258,0.0,0.0,0.0,0.0,0.0
2019-02-08,0,0,260,0.0,0.0,0.0,0.0,0.0
2019-02-08,0,0,265,0.0,0.0,0.0,0.0,0.0
2019-02-08,0,0,266,41.17,41.17,0.0,260.786615,0.0
2019-02-08,0,0,267,50.6,50.6,0.0,320.519862,0.0
2019-02-08,0,0,270,342.53,342.53,0.0,-11349.864346,0.0
2019-02-08,0,0,272,501.3,501.3,0.0,1953.961525,0.0
2019-02-08,0,0,273,0.0,0.0,0.0,-0.0,0.0
2019-02-08,0,0,274,441.56,441.56,0.0,-14631.261789,0.0
2019-02-08,0,0,275,614.66,614.66,0.0,-20366.997398,0.0
2019-02-08,0,0,276,0.0,0.0,0.0,-0.0,0.0
2019-02-08,0,0,277,0.0,0.0,0.0,0.0,0.0
2019-02-08,0,0,278,0.0,0.0,0.0,0.0,0.0
2019-02-08,0,0,279,264.6,264.6,0.0,925.164527,0.0
2019-02-08,0,0,281,2.75,2.75,0.0,14.033652,0.0
2019-02-08,0,0,282,0.0,0.0,0.0,0.0,0.0
2019-02-08,1,0,9,0.0,0.0,0.0,0.0,0.0
2019-02-08,1,0,17,0.0,0.0,0.0,0.0,0.0
2019-02-08,1,0,19,0.0,0.0,0.0,0.0,0.0
2019-02-08,1,0,20,0.0,0.0,0.0,0.0,0.0
2019-02-08,1,0,21,0.0,0.0,0.0,0.0,0.0
2019-02-08,1,0,22,0.0,0.0,0.0,0.0,0.0
2019-02-08,1,0,23,108.8,108.8,0.0,619.33867,0.0
2019-02-08,1,0,24,192.5,192.5,0.0,1095.796821,0.0
2019-02-08,1,0,29,0.0,0.0,0.0,0.0,0.0
2019-02-08,1,0,30,0.0,0.0,0.0,0.0,0.0
2019-02-08,1,0,31,34.33,34.33,0.0,194.89456,0.0
2019-02-08,1,0,32,0.0,0.0,0.0,0.0,0.0
2019-02-08,1,0,33,0.0,0.0,0.0,0.0,0.0
2019-02-08,1,0,34,0.0,0.0,0.0,0.0,0.0
2019-02-08,1,0,35,0.0,0.0,0.0,0.0,0.0
2019-02-08,1,0,36,0.0,0.0,0.0,0.0,0.0
2019-02-08,1,0,37,0.0,0.0,0.0,0.0,0.0
2019-02-08,1,0,38,0.0,0.0,0.0,0.0,0.0
2019-02-08,1,0,39,0.0,0.0,0.0,0.0,0.0
2019-02-08,1,0,40,0.0,0.0,0.0,0.0,0.0
2019-02-08,1,0,41,61.97,61.97,0.0,402.338113,0.0
2019-02-08,1,0,42,0.0,0.0,0.0,0.0,0.0
2019-02-08,1,0,43,0.0,0.0,0.0,0.0,0.0
2019-02-08,1,0,46,0.0,0.0,0.0,0.0,0.0
2019-02-08,1,0,52,36.55,36.55,0.0,207.497704,0.0
2019-02-08,1,0,53,59.74,59.74,0.0,339.149462,0.0
2019-02-08,1,0,55,231.9,231.9,0.0,1320.079391,0.0
2019-02-08,1,0,56,0.0,0.0,0.0,0.0,0.0
2019-02-08,1,0,57,0.0,0.0,0.0,0.0,0.0
2019-02-08,1,0,58,0.0,0.0,0.0,0.0,0.0
2019-02-08,1,0,59,0.0,0.0,0.0,0.0,0.0
2019-02-08,1,0,63,134.63,134.63,0.0,2541.165622,0.0
2019-02-08,1,0,64,158.39,158.39,0.0,2989.639923,0.0
2019-02-08,1,0,65,41.4,41.4,0.0,335.229046,0.0
2019-02-08,1,0,67,0.0,0.0,0.0,0.0,0.0
2019-02-08,1,0,68,10.2,10.2,0.0,38.819911,0.0
2019-02-08,1,0,69,0.0,0.0,0.0,0.0,0.0
2019-02-08,1,0,74,50.54,50.54,0.0,384.606126,0.0
2019-02-08,1,0,77,200.0,200.0,0.0,843.188774,0.0
2019-02-08,1,0,78,151.2,151.2,0.0,637.450713,0.0
2019-02-08,1,0,79,87.5,87.5,0.0,368.895089,0.0
2019-02-08,1,0,80,141.5,141.5,0.0,596.556058,0.0
2019-02-08,1,0,81,185.0,185.0,0.0,779.949616,0.0
2019-02-08,1,0,82,130.5,130.5,0.0,550.180675,0.0
2019-02-08,1,0,83,291.0,291.0,0.0,1226.839666,0.0
2019-02-08,1,0,84,0.0,0.0,0.0,0.0,0.0
2019-02-08,1,0,86,0.0,0.0,0.0,0.0,0.0
2019-02-08,1,0,87,0.0,0.0,0.0,0.0,0.0
2019-02-08,1,0,88,170.6,170.6,0.0,719.240024,0.0
2019-02-08,1,0,89,164.0,164.0,0.0,691.414795,0.0
2019-02-08,1,0,90,220.2,220.2,0.0,928.35084,0.0
2019-02-08,1,0,91,785.5,785.5,0.0,3311.62391,0.0
2019-02-08,1,0,92,282.5,282.5,0.0,1191.004143,0.0
2019-02-08,1,0,95,88.63,88.63,0.0,1582.864006,0.0
2019-02-08,1,0,96,29.88,29.88,0.0,169.15187,0.0
2019-02-08,1,0,97,183.75,183.75,0.0,1040.216068,0.0
2019-02-08,1,0,99,9.75,9.75,0.0,74.196868,0.0
2019-02-08,1,0,101,0.0,0.0,0.0,0.0,0.0
2019-02-08,1,0,102,24.15,24.15,0.0,91.911849,0.0
2019-02-08,1,0,103,21.0,21.0,0.0,79.923347,0.0
2019-02-08,1,0,104,3.9,3.9,0.0,14.842907,0.0
2019-02-08,1,0,106,0.0,0.0,0.0,0.0,0.0
2019-02-08,1,0,109,200.0,200.0,0.0,1404.142821,0.0
2019-02-08,1,0,110,26.86,26.86,0.0,61.469615,0.0
2019-02-08,1,0,111,0.0,0.0,0.0,0.0,0.0
2019-02-08,1,0,113,84.36,84.36,0.0,334.616915,0.0
2019-02-08,1,0,115,84.36,84.36,0.0,334.616915,0.0
2019-02-08,1,0,116,0.0,0.0,0.0,0.0,0.0
2019-02-08,1,0,117,5.76,5.76,0.0,22.847243,0.0
2019-02-08,1,0,119,158.39,158.39,0.0,2989.639923,0.0
2019-02-08,1,0,120,93.13,93.13,0.0,1757.845609,0.0
2019-02-08,1,0,123,0.0,0.0,0.0,0.0,0.0
2019-02-08,1,0,125,174.2,174.2,0.0,991.624967,0.0
2019-02-08,1,0,126,0.0,0.0,0.0,0.0,0.0
2019-02-08,1,0,127,0.0,0.0,0.0,0.0,0.0
2019-02-08,1,0,128,249.5,249.5,0.0,1420.266528,0.0
2019-02-08,1,0,131,30.0,30.0,0.0,117.168877,0.0
2019-02-08,1,0,132,44.1,44.1,0.0,172.238249,0.0
2019-02-08,1,0,133,139.8,139.8,0.0,1134.631293,0.0
2019-02-08,1,0,134,0.0,0.0,0.0,0.0,0.0
2019-02-08,1,0,135,187.32,187.32,0.0,1520.308539,0.0
2019-02-08,1,0,136,45.9,45.9,0.0,371.62373,0.0
2019-02-08,1,0,139,80.03,80.03,0.0,519.592048,0.0
2019-02-08,1,0,140,19.88,19.88,0.0,45.495754,0.0
2019-02-08,1,0,141,156.15,156.15,0.0,535.962109,0.0
2019-02-08,1,0,142,0.0,0.0,0.0,0.0,0.0
2019-02-08,1,0,143,81.4,81.4,0.0,462.115269,0.0
2019-02-08,1,0,145,30.0,30.0,0.0,185.274709,0.0
2019-02-08,1,0,146,15.06,15.06,0.0,34.465093,0.0
2019-02-08,1,0,152,0.0,0.0,0.0,0.0,0.0
2019-02-08,1,0,153,0.0,0.0,0.0,0.0,0.0
2019-02-08,1,0,154,0.0,0.0,0.0,0.0,0.0
2019-02-08,1,0,157,48.73,48.73,0.0,167.25862,0.0
2019-02-08,1,0,158,0.0,0.0,0.0,0.0,0.0
2019-02-08,1,0,159,0.0,0.0,0.0,0.0,0.0
2019-02-08,1,0,160,0.0,0.0,0.0,0.0,0.0
2019-02-08,1,0,161,0.0,0.0,0.0,0.0,0.0
2019-02-08,1,0,162,48.75,48.75,0.0,871.377113,0.0
2019-02-08,1,0,163,67.01,67.01,0.0,153.353646,0.0
2019-02-08,1,0,164,0.0,0.0,0.0,0.0,0.0
2019-02-08,1,0,167,0.0,0.0,0.0,0.0,0.0
2019-02-08,1,0,168,0.0,0.0,0.0,0.0,0.0
2019-02-08,1,0,169,0.0,0.0,0.0,0.0,0.0
2019-02-08,1,0,170,0.0,0.0,0.0,0.0,0.0
2019-02-08,1,0,172,0.0,0.0,0.0,0.0,0.0
2019-02-08,1,0,173,0.0,0.0,0.0,0.0,0.0
2019-02-08,1,0,188,0.0,0.0,0.0,0.0,0.0
2019-02-08,1,0,190,0.0,0.0,0.0,0.0,0.0
2019-02-08,1,0,191,0.0,0.0,0.0,0.0,0.0
2019-02-08,1,0,192,59.63,59.63,0.0,1125.527045,0.0
2019-02-08,1,0,194,176.5,176.5,0.0,708.09449,0.0
2019-02-08,1,0,196,0.0,0.0,0.0,0.0,0.0
2019-02-08,1,0,198,0.0,0.0,0.0,0.0,0.0
2019-02-08,1,0,199,95.96,95.96,0.0,823.231928,0.0
2019-02-08,1,0,200,0.0,0.0,0.0,0.0,0.0
2019-02-08,1,0,204,857.0,857.0,0.0,5964.846995,0.0
2019-02-08,1,0,205,1058.0,1058.0,0.0,7427.915525,0.0
2019-02-08,1,0,206,539.94,539.94,0.0,3056.621844,0.0
2019-02-08,1,0,210,0.0,0.0,0.0,0.0,0.0
2019-02-08,1,0,214,0.0,0.0,0.0,0.0,0.0
2019-02-08,1,0,217,0.0,0.0,0.0,0.0,0.0
2019-02-08,1,0,218,0.0,0.0,0.0,0.0,0.0
2019-02-08,1,0,219,0.0,0.0,0.0,0.0,0.0
2019-02-08,1,0,221,0.0,0.0,0.0,0.0,0.0
2019-02-08,1,0,225,0.0,0.0,0.0,0.0,0.0
2019-02-08,1,0,233,0.0,0.0,0.0,0.0,0.0
2019-02-08,1,0,236,159.03,159.03,0.0,1253.197513,0.0
2019-02-08,1,0,237,121.23,121.23,0.0,922.552448,0.0
2019-02-08,1,0,238,0.0,0.0,0.0,0.0,0.0
2019-02-08,1,0,240,0.0,0.0,0.0,0.0,0.0
2019-02-08,1,0,245,78.0,78.0,0.0,637.853747,0.0
2019-02-08,1,0,247,171.72,171.72,0.0,1404.259558,0.0
2019-02-08,1,0,248,12.17,12.17,0.0,92.612912,0.0
2019-02-08,1,0,249,150.01,150.01,0.0,1226.723598,0.0
2019-02-08,1,0,251,326.4,326.4,0.0,2633.765864,0.0
2019-02-08,1,0,252,267.06,267.06,0.0,2162.470267,0.0
2019-02-08,1,0,254,0.0,0.0,0.0,0.0,0.0
2019-02-08,1,0,255,0.0,0.0,0.0,0.0,0.0
2019-02-08,1,0,258,0.0,0.0,0.0,0.0,0.0
2019-02-08,1,0,260,0.0,0.0,0.0,0.0,0.0
2019-02-08,1,0,265,0.0,0.0,0.0,0.0,0.0
2019-02-08,1,0,266,51.82,51.82,0.0,336.439584,0.0
2019-02-08,1,0,267,63.68,63.68,0.0,413.44023,0.0
2019-02-08,1,0,270,209.26,209.26,0.0,478.895447,0.0
2019-02-08,1,0,272,281.35,281.35,0.0,1115.984697,0.0
2019-02-08,1,0,273,0.0,0.0,0.0,0.0,0.0
2019-02-08,1,0,274,269.76,269.76,0.0,617.350835,0.0
2019-02-08,1,0,275,375.51,375.51,0.0,859.3617,0.0
2019-02-08,1,0,276,0.0,0.0,0.0,0.0,0.0
2019-02-08,1,0,277,0.0,0.0,0.0,0.0,0.0
2019-02-08,1,0,278,0.0,0.0,0.0,0.0,0.0
2019-02-08,1,0,279,264.6,264.6,0.0,1076.003097,0.0
2019-02-08,1,0,281,14.17,14.17,0.0,80.44439,0.0
2019-02-08,1,0,282,0.0,0.0,0.0,0.0,0.0
2019-02-08,2,0,9,0.0,0.0,0.0,0.0,0.0
2019-02-08,2,0,17,0.0,0.0,0.0,0.0,0.0
2019-02-08,2,0,19,0.0,0.0,0.0,0.0,0.0
2019-02-08,2,0,20,0.0,0.0,0.0,0.0,0.0
2019-02-08,2,0,21,0.0,0.0,0.0,0.0,0.0
2019-02-08,2,0,22,0.0,0.0,0.0,0.0,0.0
2019-02-08,2,0,23,108.8,108.8,0.0,588.286334,0.0
2019-02-08,2,0,24,192.5,192.5,0.0,1040.855876,0.0
2019-02-08,2,0,29,0.0,0.0,0.0,0.0,0.0
2019-02-08,2,0,30,0.0,0.0,0.0,0.0,0.0
2019-02-08,2,0,31,24.55,24.55,0.0,132.339753,0.0
2019-02-08,2,0,32,0.0,0.0,0.0,0.0,0.0
2019-02-08,2,0,33,0.0,0.0,0.0,0.0,0.0
2019-02-08,2,0,34,0.0,0.0,0.0,0.0,0.0
2019-02-08,2,0,35,0.0,0.0,0.0,0.0,0.0
2019-02-08,2,0,36,0.0,0.0,0.0,0.0,0.0
2019-02-08,2,0,37,0.0,0.0,0.0,0.0,0.0
2019-02-08,2,0,38,0.0,0.0,0.0,0.0,0.0
2019-02-08,2,0,39,0.0,0.0,0.0,0.0,0.0
2019-02-08,2,0,40,0.0,0.0,0.0,0.0,0.0
2019-02-08,2,0,41,111.75,111.75,0.0,699.825983,0.0
2019-02-08,2,0,42,0.0,0.0,0.0,0.0,0.0
2019-02-08,2,0,43,0.0,0.0,0.0,0.0,0.0
2019-02-08,2,0,46,0.0,0.0,0.0,0.0,0.0
2019-02-08,2,0,52,26.02,26.02,0.0,140.263966,0.0
2019-02-08,2,0,53,41.34,41.34,0.0,222.848284,0.0
2019-02-08,2,0,55,497.35,497.35,0.0,2689.193091,0.0
2019-02-08,2,0,56,0.0,0.0,0.0,0.0,0.0
2019-02-08,2,0,57,0.0,0.0,0.0,0.0,0.0
2019-02-08,2,0,58,0.0,0.0,0.0,0.0,0.0
2019-02-08,2,0,59,0.0,0.0,0.0,0.0,0.0
2019-02-08,2,0,63,134.81,134.81,0.0,2634.488899,0.0
2019-02-08,2,0,64,158.6,158.6,0.0,3099.398705,0.0
2019-02-08,2,0,65,41.4,41.4,0.0,330.303515,0.0
2019-02-08,2,0,67,0.0,0.0,0.0,0.0,0.0
2019-02-08,2,0,68,10.2,10.2,0.0,35.431633,0.0
2019-02-08,2,0,69,0.0,0.0,0.0,0.0,0.0
2019-02-08,2,0,74,65.28,65.28,0.0,486.80802,0.0
2019-02-08,2,0,77,200.0,200.0,0.0,765.670402,0.0
2019-02-08,2,0,78,151.2,151.2,0.0,578.846824,0.0
2019-02-08,2,0,79,87.5,87.5,0.0,334.980801,0.0
2019-02-08,2,0,80,141.5,141.5,0.0,541.711809,0.0
2019-02-08,2,0,81,185.0,185.0,0.0,708.245122,0.0
2019-02-08,2,0,82,130.5,130.5,0.0,499.599937,0.0
2019-02-08,2,0,83,291.0,291.0,0.0,1114.050434,0.0
2019-02-08,2,0,84,0.0,0.0,0.0,0.0,0.0
2019-02-08,2,0,86,0.0,0.0,0.0,0.0,0.0
2019-02-08,2,0,87,0.0,0.0,0.0,0.0,0.0
2019-02-08,2,0,88,170.6,170.6,0.0,653.116853,0.0
2019-02-08,2,0,89,164.0,164.0,0.0,627.849729,0.0
2019-02-08,2,0,90,220.2,220.2,0.0,843.003112,0.0
2019-02-08,2,0,91,785.5,785.5,0.0,3007.170503,0.0
2019-02-08,2,0,92,282.5,282.5,0.0,1081.509442,0.0
2019-02-08,2,0,95,36.0,36.0,0.0,665.568056,0.0
2019-02-08,2,0,96,29.88,29.88,0.0,160.558939,0.0
2019-02-08,2,0,97,183.75,183.75,0.0,987.372991,0.0
2019-02-08,2,0,99,12.6,12.6,0.0,93.961107,0.0
2019-02-08,2,0,101,0.0,0.0,0.0,0.0,0.0
2019-02-08,2,0,102,24.15,24.15,0.0,83.889601,0.0
2019-02-08,2,0,103,21.0,21.0,0.0,72.947479,0.0
2019-02-08,2,0,104,3.9,3.9,0.0,13.547389,0.0
2019-02-08,2,0,106,0.0,0.0,0.0,0.0,0.0
2019-02-08,2,0,109,195.26,195.26,0.0,1333.085215,0.0
2019-02-08,2,0,110,22.5,22.5,0.0,50.853436,0.0
2019-02-08,2,0,111,0.0,0.0,0.0,0.0,0.0
2019-02-08,2,0,113,92.76,92.76,0.0,328.481081,0.0
2019-02-08,2,0,115,92.76,92.76,0.0,328.481081,0.0
2019-02-08,2,0,116,0.0,0.0,0.0,0.0,0.0
2019-02-08,2,0,117,4.96,4.96,0.0,17.564318,0.0
2019-02-08,2,0,119,158.6,158.6,0.0,3099.398705,0.0
2019-02-08,2,0,120,93.25,93.25,0.0,1822.313551,0.0
2019-02-08,2,0,123,0.0,0.0,0.0,0.0,0.0
2019-02-08,2,0,125,174.2,174.2,0.0,941.90698,0.0
2019-02-08,2,0,126,0.0,0.0,0.0,0.0,0.0
2019-02-08,2,0,127,0.0,0.0,0.0,0.0,0.0
2019-02-08,2,0,128,249.5,249.5,0.0,1349.057356,0.0
2019-02-08,2,0,131,30.0,30.0,0.0,106.604133,0.0
2019-02-08,2,0,132,44.1,44.1,0.0,156.708076,0.0
2019-02-08,2,0,133,139.8,139.8,0.0,1118.180437,0.0
2019-02-08,2,0,134,0.0,0.0,0.0,0.0,0.0
2019-02-08,2,0,135,187.33,187.33,0.0,1498.345789,0.0
2019-02-08,2,0,136,45.9,45.9,0.0,366.159821,0.0
2019-02-08,2,0,139,144.31,144.31,0.0,903.730538,0.0
2019-02-08,2,0,140,16.65,16.65,0.0,37.631542,0.0
2019-02-08,2,0,141,188.57,188.57,0.0,598.702085,0.0
2019-02-08,2,0,142,0.0,0.0,0.0,0.0,0.0
2019-02-08,2,0,143,60.63,60.63,0.0,326.833369,0.0
2019-02-08,2,0,145,30.0,30.0,0.0,177.716065,0.0
2019-02-08,2,0,146,17.34,17.34,0.0,39.191048,0.0
2019-02-08,2,0,152,0.0,0.0,0.0,0.0,0.0
2019-02-08,2,0,153,0.0,0.0,0.0,0.0,0.0
2019-02-08,2,0,154,0.0,0.0,0.0,0.0,0.0
2019-02-08,2,0,157,44.75,44.75,0.0,142.079431,0.0
2019-02-08,2,0,158,0.0,0.0,0.0,0.0,0.0
2019-02-08,2,0,159,0.0,0.0,0.0,0.0,0.0
2019-02-08,2,0,160,0.0,0.0,0.0,0.0,0.0
2019-02-08,2,0,161,0.0,0.0,0.0,0.0,0.0
2019-02-08,2,0,162,48.75,48.75,0.0,902.067579,0.0
2019-02-08,2,0,163,71.2,71.2,0.0,160.922872,0.0
2019-02-08,2,0,164,0.0,0.0,0.0,0.0,0.0
2019-02-08,2,0,167,0.0,0.0,0.0,0.0,0.0
2019-02-08,2,0,168,0.0,0.0,0.0,0.0,0.0
2019-02-08,2,0,169,0.0,0.0,0.0,0.0,0.0
2019-02-08,2,0,170,0.0,0.0,0.0,0.0,0.0
2019-02-08,2,0,172,0.0,0.0,0.0,0.0,0.0
2019-02-08,2,0,173,0.0,0.0,0.0,0.0,0.0
2019-02-08,2,0,188,0.0,0.0,0.0,0.0,0.0
2019-02-08,2,0,190,0.0,0.0,0.0,0.0,0.0
2019-02-08,2,0,191,0.0,0.0,0.0,0.0,0.0
2019-02-08,2,0,192,63.18,63.18,0.0,1234.678501,0.0
2019-02-08,2,0,194,176.5,176.5,0.0,616.979289,0.0
2019-02-08,2,0,196,0.0,0.0,0.0,0.0,0.0
2019-02-08,2,0,198,0.0,0.0,0.0,0.0,0.0
2019-02-08,2,0,199,39.0,39.0,0.0,329.966016,0.0
2019-02-08,2,0,200,0.0,0.0,0.0,0.0,0.0
2019-02-08,2,0,204,857.0,857.0,0.0,5795.440189,0.0
2019-02-08,2,0,205,958.56,958.56,0.0,6544.310991,0.0
2019-02-08,2,0,206,539.94,539.94,0.0,2901.345158,0.0
2019-02-08,2,0,210,0.0,0.0,0.0,0.0,0.0
2019-02-08,2,0,214,0.0,0.0,0.0,0.0,0.0
2019-02-08,2,0,217,0.0,0.0,0.0,0.0,0.0
2019-02-08,2,0,218,0.0,0.0,0.0,0.0,0.0
2019-02-08,2,0,219,0.0,0.0,0.0,0.0,0.0
2019-02-08,2,0,221,0.0,0.0,0.0,0.0,0.0
2019-02-08,2,0,225,0.0,0.0,0.0,0.0,0.0
2019-02-08,2,0,233,0.0,0.0,0.0,0.0,0.0
2019-02-08,2,0,236,159.03,159.03,0.0,1231.88808,0.0
2019-02-08,2,0,237,156.6,156.6,0.0,1167.802328,0.0
2019-02-08,2,0,238,0.0,0.0,0.0,0.0,0.0
2019-02-08,2,0,240,0.0,0.0,0.0,0.0,0.0
2019-02-08,2,0,245,78.01,78.01,0.0,629.087831,0.0
2019-02-08,2,0,247,171.72,171.72,0.0,1384.78352,0.0
2019-02-08,2,0,248,15.72,15.72,0.0,117.227667,0.0
2019-02-08,2,0,249,150.01,150.01,0.0,1209.709852,0.0
2019-02-08,2,0,251,326.4,326.4,0.0,2594.296032,0.0
2019-02-08,2,0,252,267.06,267.06,0.0,2130.697023,0.0
2019-02-08,2,0,254,0.0,0.0,0.0,0.0,0.0
2019-02-08,2,0,255,0.0,0.0,0.0,0.0,0.0
2019-02-08,2,0,258,0.0,0.0,0.0,0.0,0.0
2019-02-08,2,0,260,0.0,0.0,0.0,0.0,0.0
2019-02-08,2,0,265,0.0,0.0,0.0,0.0,0.0
2019-02-08,2,0,266,93.44,93.44,0.0,585.160983,0.0
2019-02-08,2,0,267,114.83,114.83,0.0,719.114252,0.0
2019-02-08,2,0,270,222.37,222.37,0.0,502.590155,0.0
2019-02-08,2,0,272,400.13,400.13,0.0,1416.937635,0.0
2019-02-08,2,0,273,0.0,0.0,0.0,0.0,0.0
2019-02-08,2,0,274,286.66,286.66,0.0,647.895372,0.0
2019-02-08,2,0,275,399.03,399.03,0.0,901.86873,0.0
2019-02-08,2,0,276,0.0,0.0,0.0,0.0,0.0
2019-02-08,2,0,277,0.0,0.0,0.0,0.0,0.0
2019-02-08,2,0,278,0.0,0.0,0.0,0.0,0.0
2019-02-08,2,0,279,264.6,264.6,0.0,967.462219,0.0
2019-02-08,2,0,281,11.02,11.02,0.0,59.404647,0.0
2019-02-08,2,0,282,0.0,0.0,0.0,0.0,0.0
2019-02-08,3,0,9,0.0,0.0,0.0,0.0,0.0
2019-02-08,3,0,17,0.0,0.0,0.0,0.0,0.0
2019-02-08,3,0,19,0.0,0.0,0.0,0.0,0.0
2019-02-08,3,0,20,0.0,0.0,0.0,0.0,0.0
2019-02-08,3,0,21,0.0,0.0,0.0,0.0,0.0
2019-02-08,3,0,22,0.0,0.0,0.0,0.0,0.0
2019-02-08,3,0,23,108.8,108.8,0.0,503.178573,0.0
2019-02-08,3,0,24,192.5,192.5,0.0,890.274589,0.0
2019-02-08,3,0,29,0.0,0.0,0.0,0.0,0.0
2019-02-08,3,0,30,0.0,0.0,0.0,0.0,0.0
2019-02-08,3,0,31,37.22,37.22,0.0,171.254009,0.0
2019-02-08,3,0,32,0.0,0.0,0.0,0.0,0.0
2019-02-08,3,0,33,0.0,0.0,0.0,0.0,0.0
2019-02-08,3,0,34,0.0,0.0,0.0,0.0,0.0
2019-02-08,3,0,35,0.0,0.0,0.0,0.0,0.0
2019-02-08,3,0,36,0.0,0.0,0.0,0.0,0.0
2019-02-08,3,0,37,0.0,0.0,0.0,0.0,0.0
2019-02-08,3,0,38,0.0,0.0,0.0,0.0,0.0
2019-02-08,3,0,39,0.0,0.0,0.0,0.0,0.0
2019-02-08,3,0,40,0.0,0.0,0.0,0.0,0.0
2019-02-08,3,0,41,116.0,116.0,0.0,682.276826,0.0
2019-02-08,3,0,42,0.0,0.0,0.0,0.0,0.0
2019-02-08,3,0,43,0.0,0.0,0.0,0.0,0.0
2019-02-08,3,0,46,0.0,0.0,0.0,0.0,0.0
2019-02-08,3,0,52,39.45,39.45,0.0,181.514526,0.0
2019-02-08,3,0,53,62.67,62.67,0.0,288.352733,0.0
2019-02-08,3,0,55,623.0,623.0,0.0,2881.252305,0.0
2019-02-08,3,0,56,0.0,0.0,0.0,0.0,0.0
2019-02-08,3,0,57,0.0,0.0,0.0,0.0,0.0
2019-02-08,3,0,58,0.0,0.0,0.0,0.0,0.0
2019-02-08,3,0,59,0.0,0.0,0.0,0.0,0.0
2019-02-08,3,0,63,140.85,140.85,0.0,3047.053757,0.0
2019-02-08,3,0,64,165.7,165.7,0.0,3584.641871,0.0
2019-02-08,3,0,65,41.4,41.4,0.0,357.340213,0.0
2019-02-08,3,0,67,0.0,0.0,0.0,0.0,0.0
2019-02-08,3,0,68,10.2,10.2,0.0,22.509225,0.0
2019-02-08,3,0,69,0.0,0.0,0.0,0.0,0.0
2019-02-08,3,0,74,65.28,65.28,0.0,504.005206,0.0
2019-02-08,3,0,77,200.0,200.0,0.0,470.826716,0.0
2019-02-08,3,0,78,151.2,151.2,0.0,355.944997,0.0
2019-02-08,3,0,79,87.5,87.5,0.0,205.986688,0.0
2019-02-08,3,0,80,141.5,141.5,0.0,333.109901,0.0
2019-02-08,3,0,81,185.0,185.0,0.0,435.514712,0.0
2019-02-08,3,0,82,130.5,130.5,0.0,307.214432,0.0
2019-02-08,3,0,83,291.0,291.0,0.0,685.052871,0.0
2019-02-08,3,0,84,0.0,0.0,0.0,0.0,0.0
2019-02-08,3,0,86,0.0,0.0,0.0,0.0,0.0
2019-02-08,3,0,87,0.0,0.0,0.0,0.0,0.0
2019-02-08,3,0,88,170.6,170.6,0.0,401.615188,0.0
2019-02-08,3,0,89,164.0,164.0,0.0,386.077907,0.0
2019-02-08,3,0,90,220.2,220.2,0.0,518.380214,0.0
2019-02-08,3,0,91,785.5,785.5,0.0,1849.171926,0.0
2019-02-08,3,0,92,282.5,282.5,0.0,665.042736,0.0
2019-02-08,3,0,95,36.0,36.0,0.0,736.066956,0.0
2019-02-08,3,0,96,29.88,29.88,0.0,136.742431,0.0
2019-02-08,3,0,97,183.75,183.75,0.0,840.911034,0.0
2019-02-08,3,0,99,12.6,12.6,0.0,97.280417,0.0
2019-02-08,3,0,101,0.0,0.0,0.0,0.0,0.0
2019-02-08,3,0,102,24.15,24.15,0.0,53.293899,0.0
2019-02-08,3,0,103,21.0,21.0,0.0,46.342521,0.0
2019-02-08,3,0,104,3.9,3.9,0.0,8.606468,0.0
2019-02-08,3,0,106,0.0,0.0,0.0,0.0,0.0
2019-02-08,3,0,109,200.0,200.0,0.0,1330.693783,0.0
2019-02-08,3,0,110,22.79,22.79,0.0,50.853449,0.0
2019-02-08,3,0,111,0.0,0.0,0.0,0.0,0.0
2019-02-08,3,0,113,78.82,78.82,0.0,146.007758,0.0
2019-02-08,3,0,115,78.82,78.82,0.0,146.007758,0.0
2019-02-08,3,0,116,0.0,0.0,0.0,0.0,0.0
2019-02-08,3,0,117,4.05,4.05,0.0,7.502302,0.0
2019-02-08,3,0,119,165.7,165.7,0.0,3584.641871,0.0
2019-02-08,3,0,120,97.43,97.43,0.0,2107.734807,0.0
2019-02-08,3,0,123,0.0,0.0,0.0,0.0,0.0
2019-02-08,3,0,125,174.2,174.2,0.0,805.640693,0.0
2019-02-08,3,0,126,0.0,0.0,0.0,0.0,0.0
2019-02-08,3,0,127,0.0,0.0,0.0,0.0,0.0
2019-02-08,3,0,128,249.5,249.5,0.0,1153.888363,0.0
2019-02-08,3,0,131,30.0,30.0,0.0,66.155071,0.0
2019-02-08,3,0,132,44.1,44.1,0.0,97.247954,0.0
2019-02-08,3,0,133,78.86,78.86,0.0,683.49493,0.0
2019-02-08,3,0,134,0.0,0.0,0.0,0.0,0.0
2019-02-08,3,0,135,105.53,105.53,0.0,914.648997,0.0
2019-02-08,3,0,136,45.9,45.9,0.0,396.099126,0.0
2019-02-08,3,0,139,149.8,149.8,0.0,881.078177,0.0
2019-02-08,3,0,140,16.87,16.87,0.0,37.643602,0.0
2019-02-08,3,0,141,225.52,225.52,0.0,499.040566,0.0
2019-02-08,3,0,142,0.0,0.0,0.0,0.0,0.0
2019-02-08,3,0,143,41.78,41.78,0.0,192.235155,0.0
2019-02-08,3,0,145,30.0,30.0,0.0,160.9011,0.0
2019-02-08,3,0,146,19.67,19.67,0.0,43.891502,0.0
2019-02-08,3,0,152,0.0,0.0,0.0,0.0,0.0
2019-02-08,3,0,153,0.0,0.0,0.0,0.0,0.0
2019-02-08,3,0,154,0.0,0.0,0.0,0.0,0.0
2019-02-08,3,0,157,41.33,41.33,0.0,91.45684,0.0
2019-02-08,3,0,158,0.0,0.0,0.0,0.0,0.0
2019-02-08,3,0,159,0.0,0.0,0.0,0.0,0.0
2019-02-08,3,0,160,0.0,0.0,0.0,0.0,0.0
2019-02-08,3,0,161,0.0,0.0,0.0,0.0,0.0
2019-02-08,3,0,162,48.75,48.75,0.0,997.675456,0.0
2019-02-08,3,0,163,76.89,76.89,0.0,171.571815,0.0
2019-02-08,3,0,164,0.0,0.0,0.0,0.0,0.0
2019-02-08,3,0,167,0.0,0.0,0.0,0.0,0.0
2019-02-08,3,0,168,0.0,0.0,0.0,0.0,0.0
2019-02-08,3,0,169,0.0,0.0,0.0,0.0,0.0
2019-02-08,3,0,170,0.0,0.0,0.0,0.0,0.0
2019-02-08,3,0,172,0.0,0.0,0.0,0.0,0.0
2019-02-08,3,0,173,0.0,0.0,0.0,0.0,0.0
2019-02-08,3,0,188,0.0,0.0,0.0,0.0,0.0
2019-02-08,3,0,190,0.0,0.0,0.0,0.0,0.0
2019-02-08,3,0,191,0.0,0.0,0.0,0.0,0.0
2019-02-08,3,0,192,69.43,69.43,0.0,1502.001721,0.0
2019-02-08,3,0,194,176.5,176.5,0.0,243.536081,0.0
2019-02-08,3,0,196,0.0,0.0,0.0,0.0,0.0
2019-02-08,3,0,198,0.0,0.0,0.0,0.0,0.0
2019-02-08,3,0,199,39.0,39.0,0.0,291.851624,0.0
2019-02-08,3,0,200,0.0,0.0,0.0,0.0,0.0
2019-02-08,3,0,204,857.0,857.0,0.0,5612.810312,0.0
2019-02-08,3,0,205,1058.0,1058.0,0.0,7039.370111,0.0
2019-02-08,3,0,206,539.94,539.94,0.0,2470.974171,0.0
2019-02-08,3,0,210,0.0,0.0,0.0,0.0,0.0
2019-02-08,3,0,214,0.0,0.0,0.0,0.0,0.0
2019-02-08,3,0,217,0.0,0.0,0.0,0.0,0.0
2019-02-08,3,0,218,0.0,0.0,0.0,0.0,0.0
2019-02-08,3,0,219,0.0,0.0,0.0,0.0,0.0
2019-02-08,3,0,221,0.0,0.0,0.0,0.0,0.0
2019-02-08,3,0,225,0.0,0.0,0.0,0.0,0.0
2019-02-08,3,0,233,0.0,0.0,0.0,0.0,0.0
2019-02-08,3,0,236,159.03,159.03,0.0,1306.446299,0.0
2019-02-08,3,0,237,156.6,156.6,0.0,1209.056607,0.0
2019-02-08,3,0,238,0.0,0.0,0.0,0.0,0.0
2019-02-08,3,0,240,0.0,0.0,0.0,0.0,0.0
2019-02-08,3,0,245,78.0,78.0,0.0,685.181976,0.0
2019-02-08,3,0,247,171.72,171.72,0.0,1508.454474,0.0
2019-02-08,3,0,248,15.72,15.72,0.0,121.368901,0.0
2019-02-08,3,0,249,150.0,150.0,0.0,1317.657647,0.0
2019-02-08,3,0,251,326.4,326.4,0.0,2799.763686,0.0
2019-02-08,3,0,252,267.06,267.06,0.0,2305.103317,0.0
2019-02-08,3,0,254,0.0,0.0,0.0,0.0,0.0
2019-02-08,3,0,255,0.0,0.0,0.0,0.0,0.0
2019-02-08,3,0,258,0.0,0.0,0.0,0.0,0.0
2019-02-08,3,0,260,0.0,0.0,0.0,0.0,0.0
2019-02-08,3,0,265,0.0,0.0,0.0,0.0,0.0
2019-02-08,3,0,266,97.0,97.0,0.0,570.524587,0.0
2019-02-08,3,0,267,119.2,119.2,0.0,701.098255,0.0
2019-02-08,3,0,270,240.12,240.12,0.0,535.80211,0.0
2019-02-08,3,0,272,321.97,321.97,0.0,596.423723,0.0
2019-02-08,3,0,273,0.0,0.0,0.0,0.0,0.0
2019-02-08,3,0,274,309.54,309.54,0.0,690.705419,0.0
2019-02-08,3,0,275,430.88,430.88,0.0,961.462657,0.0
2019-02-08,3,0,276,0.0,0.0,0.0,0.0,0.0
2019-02-08,3,0,277,0.0,0.0,0.0,0.0,0.0
2019-02-08,3,0,278,0.0,0.0,0.0,0.0,0.0
2019-02-08,3,0,279,264.6,264.6,0.0,543.373345,0.0
2019-02-08,3,0,281,16.7,16.7,0.0,76.838849,0.0
2019-02-08,3,0,282,0.0,0.0,0.0,0.0,0.0
2019-02-08,4,0,9,0.0,0.0,0.0,0.0,0.0
2019-02-08,4,0,17,0.0,0.0,0.0,0.0,0.0
2019-02-08,4,0,19,0.0,0.0,0.0,0.0,0.0
2019-02-08,4,0,20,0.0,0.0,0.0,0.0,0.0
2019-02-08,4,0,21,0.0,0.0,0.0,0.0,0.0
2019-02-08,4,0,22,0.0,0.0,0.0,0.0,0.0
2019-02-08,4,0,23,98.16,98.16,0.0,580.195958,0.0
2019-02-08,4,0,24,162.22,162.22,0.0,958.836475,0.0
2019-02-08,4,0,29,0.0,0.0,0.0,0.0,0.0
2019-02-08,4,0,30,0.0,0.0,0.0,0.0,0.0
2019-02-08,4,0,31,37.5,37.5,0.0,220.759721,0.0
2019-02-08,4,0,32,0.0,0.0,0.0,0.0,0.0
2019-02-08,4,0,33,0.0,0.0,0.0,0.0,0.0
2019-02-08,4,0,34,0.0,0.0,0.0,0.0,0.0
2019-02-08,4,0,35,0.0,0.0,0.0,0.0,0.0
2019-02-08,4,0,36,0.0,0.0,0.0,0.0,0.0
2019-02-08,4,0,37,0.0,0.0,0.0,0.0,0.0
2019-02-08,4,0,38,0.0,0.0,0.0,0.0,0.0
2019-02-08,4,0,39,0.0,0.0,0.0,0.0,0.0
2019-02-08,4,0,40,0.0,0.0,0.0,0.0,0.0
2019-02-08,4,0,41,116.0,116.0,0.0,834.596203,0.0
2019-02-08,4,0,42,0.0,0.0,0.0,0.0,0.0
2019-02-08,4,0,43,0.0,0.0,0.0,0.0,0.0
2019-02-08,4,0,46,0.0,0.0,0.0,0.0,0.0
2019-02-08,4,0,52,39.75,39.75,0.0,234.005304,0.0
2019-02-08,4,0,53,63.15,63.15,0.0,371.75937,0.0
2019-02-08,4,0,55,623.0,623.0,0.0,3682.376548,0.0
2019-02-08,4,0,56,0.0,0.0,0.0,0.0,0.0
2019-02-08,4,0,57,0.0,0.0,0.0,0.0,0.0
2019-02-08,4,0,58,0.0,0.0,0.0,0.0,0.0
2019-02-08,4,0,59,0.0,0.0,0.0,0.0,0.0
2019-02-08,4,0,63,151.88,151.88,0.0,2998.968734,0.0
2019-02-08,4,0,64,178.68,178.68,0.0,3528.15205,0.0
2019-02-08,4,0,65,41.4,41.4,0.0,422.358679,0.0
2019-02-08,4,0,67,0.0,0.0,0.0,0.0,0.0
2019-02-08,4,0,68,10.2,10.2,0.0,32.848527,0.0
2019-02-08,4,0,69,0.0,0.0,0.0,0.0,0.0
2019-02-08,4,0,74,65.28,65.28,0.0,597.035748,0.0
2019-02-08,4,0,77,200.0,200.0,0.0,726.691072,0.0
2019-02-08,4,0,78,151.2,151.2,0.0,549.378451,0.0
2019-02-08,4,0,79,87.5,87.5,0.0,317.927344,0.0
2019-02-08,4,0,80,141.5,141.5,0.0,514.133934,0.0
2019-02-08,4,0,81,185.0,185.0,0.0,672.189242,0.0
2019-02-08,4,0,82,130.5,130.5,0.0,474.165925,0.0
2019-02-08,4,0,83,291.0,291.0,0.0,1057.33551,0.0
2019-02-08,4,0,84,0.0,0.0,0.0,0.0,0.0
2019-02-08,4,0,86,0.0,0.0,0.0,0.0,0.0
2019-02-08,4,0,87,0.0,0.0,0.0,0.0,0.0
2019-02-08,4,0,88,170.6,170.6,0.0,619.867485,0.0
2019-02-08,4,0,89,164.0,164.0,0.0,595.886679,0.0
2019-02-08,4,0,90,220.2,220.2,0.0,800.086871,0.0
2019-02-08,4,0,91,785.5,785.5,0.0,2854.079187,0.0
2019-02-08,4,0,92,282.5,282.5,0.0,1026.45114,0.0
2019-02-08,4,0,95,84.17,84.17,0.0,1567.468686,0.0
2019-02-08,4,0,96,29.88,29.88,0.0,175.158415,0.0
2019-02-08,4,0,97,183.75,183.75,0.0,1077.153906,0.0
2019-02-08,4,0,99,12.6,12.6,0.0,115.236679,0.0
2019-02-08,4,0,101,0.0,0.0,0.0,0.0,0.0
2019-02-08,4,0,102,24.15,24.15,0.0,77.773719,0.0
2019-02-08,4,0,103,21.0,21.0,0.0,67.629321,0.0
2019-02-08,4,0,104,3.9,3.9,0.0,12.559731,0.0
2019-02-08,4,0,106,0.0,0.0,0.0,0.0,0.0
2019-02-08,4,0,109,200.0,200.0,0.0,1586.570674,0.0
2019-02-08,4,0,110,27.45,27.45,0.0,53.552205,0.0
2019-02-08,4,0,111,0.0,0.0,0.0,0.0,0.0
2019-02-08,4,0,113,45.0,45.0,0.0,143.782666,0.0
2019-02-08,4,0,115,45.0,45.0,0.0,143.782666,0.0
2019-02-08,4,0,116,0.0,0.0,0.0,0.0,0.0
2019-02-08,4,0,117,3.0,3.0,0.0,9.585511,0.0
2019-02-08,4,0,119,178.68,178.68,0.0,3528.15205,0.0
2019-02-08,4,0,120,105.06,105.06,0.0,2074.477582,0.0
2019-02-08,4,0,123,0.0,0.0,0.0,0.0,0.0
2019-02-08,4,0,125,148.85,148.85,0.0,879.810191,0.0
2019-02-08,4,0,126,0.0,0.0,0.0,0.0,0.0
2019-02-08,4,0,127,0.0,0.0,0.0,0.0,0.0
2019-02-08,4,0,128,202.15,202.15,0.0,1194.851395,0.0
2019-02-08,4,0,131,30.0,30.0,0.0,99.117226,0.0
2019-02-08,4,0,132,44.1,44.1,0.0,145.702322,0.0
2019-02-08,4,0,133,111.41,111.41,0.0,1141.273286,0.0
2019-02-08,4,0,134,0.0,0.0,0.0,0.0,0.0
2019-02-08,4,0,135,153.69,153.69,0.0,1574.385525,0.0
2019-02-08,4,0,136,45.9,45.9,0.0,468.170504,0.0
2019-02-08,4,0,139,149.8,149.8,0.0,1077.780269,0.0
2019-02-08,4,0,140,20.32,20.32,0.0,39.642288,0.0
2019-02-08,4,0,141,230.0,230.0,0.0,668.823151,0.0
2019-02-08,4,0,142,0.0,0.0,0.0,0.0,0.0
2019-02-08,4,0,143,53.74,53.74,0.0,316.363397,0.0
2019-02-08,4,0,145,30.0,30.0,0.0,199.41545,0.0
2019-02-08,4,0,146,22.48,22.48,0.0,43.856232,0.0
2019-02-08,4,0,152,0.0,0.0,0.0,0.0,0.0
2019-02-08,4,0,153,0.0,0.0,0.0,0.0,0.0
2019-02-08,4,0,154,0.0,0.0,0.0,0.0,0.0
2019-02-08,4,0,157,38.13,38.13,0.0,110.879247,0.0
2019-02-08,4,0,158,0.0,0.0,0.0,0.0,0.0
2019-02-08,4,0,159,0.0,0.0,0.0,0.0,0.0
2019-02-08,4,0,160,0.0,0.0,0.0,0.0,0.0
2019-02-08,4,0,161,0.0,0.0,0.0,0.0,0.0
2019-02-08,4,0,162,48.75,48.75,0.0,908.689327,0.0
2019-02-08,4,0,163,84.17,84.17,0.0,164.207254,0.0
2019-02-08,4,0,164,0.0,0.0,0.0,0.0,0.0
2019-02-08,4,0,167,0.0,0.0,0.0,0.0,0.0
2019-02-08,4,0,168,0.0,0.0,0.0,0.0,0.0
2019-02-08,4,0,169,0.0,0.0,0.0,0.0,0.0
2019-02-08,4,0,170,0.0,0.0,0.0,0.0,0.0
2019-02-08,4,0,172,0.0,0.0,0.0,0.0,0.0
2019-02-08,4,0,173,0.0,0.0,0.0,0.0,0.0
2019-02-08,4,0,188,0.0,0.0,0.0,0.0,0.0
2019-02-08,4,0,190,0.0,0.0,0.0,0.0,0.0
2019-02-08,4,0,191,0.0,0.0,0.0,0.0,0.0
2019-02-08,4,0,192,78.56,78.56,0.0,1551.21796,0.0
2019-02-08,4,0,194,176.5,176.5,0.0,532.83068,0.0
2019-02-08,4,0,196,0.0,0.0,0.0,0.0,0.0
2019-02-08,4,0,198,0.0,0.0,0.0,0.0,0.0
2019-02-08,4,0,199,39.0,39.0,0.0,298.263363,0.0
2019-02-08,4,0,200,0.0,0.0,0.0,0.0,0.0
2019-02-08,4,0,204,857.0,857.0,0.0,6700.669137,0.0
2019-02-08,4,0,205,1058.0,1058.0,0.0,8392.958867,0.0
2019-02-08,4,0,206,539.94,539.94,0.0,3165.161796,0.0
2019-02-08,4,0,210,0.0,0.0,0.0,0.0,0.0
2019-02-08,4,0,214,0.0,0.0,0.0,0.0,0.0
2019-02-08,4,0,217,0.0,0.0,0.0,0.0,0.0
2019-02-08,4,0,218,0.0,0.0,0.0,0.0,0.0
2019-02-08,4,0,219,0.0,0.0,0.0,0.0,0.0
2019-02-08,4,0,221,0.0,0.0,0.0,0.0,0.0
2019-02-08,4,0,225,0.0,0.0,0.0,0.0,0.0
2019-02-08,4,0,233,0.0,0.0,0.0,0.0,0.0
2019-02-08,4,0,236,159.03,159.03,0.0,1544.391681,0.0
2019-02-08,4,0,237,156.6,156.6,0.0,1432.2273,0.0
2019-02-08,4,0,238,0.0,0.0,0.0,0.0,0.0
2019-02-08,4,0,240,0.0,0.0,0.0,0.0,0.0
2019-02-08,4,0,245,78.0,78.0,0.0,809.752716,0.0
2019-02-08,4,0,247,171.72,171.72,0.0,1782.701748,0.0
2019-02-08,4,0,248,15.72,15.72,0.0,143.771476,0.0
2019-02-08,4,0,249,150.0,150.0,0.0,1557.216761,0.0
2019-02-08,4,0,251,326.4,326.4,0.0,3309.329225,0.0
2019-02-08,4,0,252,267.06,267.06,0.0,2724.519535,0.0
2019-02-08,4,0,254,0.0,0.0,0.0,0.0,0.0
2019-02-08,4,0,255,0.0,0.0,0.0,0.0,0.0
2019-02-08,4,0,258,0.0,0.0,0.0,0.0,0.0
2019-02-08,4,0,260,0.0,0.0,0.0,0.0,0.0
2019-02-08,4,0,265,0.0,0.0,0.0,0.0,0.0
2019-02-08,4,0,266,97.0,97.0,0.0,697.895101,0.0
2019-02-08,4,0,267,119.2,119.2,0.0,857.619546,0.0
2019-02-08,4,0,270,262.86,262.86,0.0,512.813576,0.0
2019-02-08,4,0,272,150.39,150.39,0.0,480.521669,0.0
2019-02-08,4,0,273,0.0,0.0,0.0,0.0,0.0
2019-02-08,4,0,274,338.86,338.86,0.0,661.081976,0.0
2019-02-08,4,0,275,471.7,471.7,0.0,920.239533,0.0
2019-02-08,4,0,276,0.0,0.0,0.0,0.0,0.0
2019-02-08,4,0,277,0.0,0.0,0.0,0.0,0.0
2019-02-08,4,0,278,0.0,0.0,0.0,0.0,0.0
2019-02-08,4,0,279,264.6,264.6,0.0,891.936405,0.0
2019-02-08,4,0,281,16.83,16.83,0.0,99.076963,0.0
2019-02-08,4,0,282,0.0,0.0,0.0,0.0,0.0
2019-02-08,5,0,9,0.0,0.0,0.0,0.0,0.0
2019-02-08,5,0,17,0.0,0.0,0.0,0.0,0.0
2019-02-08,5,0,19,643.3,643.3,0.0,127.106784,0.0
2019-02-08,5,0,20,780.2,780.2,0.0,154.156246,0.0
2019-02-08,5,0,21,0.0,0.0,0.0,0.0,0.0
2019-02-08,5,0,22,0.0,0.0,0.0,0.0,0.0
2019-02-08,5,0,23,108.8,108.8,0.0,346.400097,0.0
2019-02-08,5,0,24,192.5,192.5,0.0,612.8862,0.0
2019-02-08,5,0,29,0.0,0.0,0.0,0.0,0.0
2019-02-08,5,0,30,0.0,0.0,0.0,0.0,0.0
2019-02-08,5,0,31,37.5,37.5,0.0,118.098986,0.0
2019-02-08,5,0,32,0.0,0.0,0.0,0.0,0.0
2019-02-08,5,0,33,0.0,0.0,0.0,0.0,0.0
2019-02-08,5,0,34,0.0,0.0,0.0,0.0,0.0
2019-02-08,5,0,35,0.0,0.0,0.0,0.0,0.0
2019-02-08,5,0,36,0.0,0.0,0.0,0.0,0.0
2019-02-08,5,0,37,0.0,0.0,0.0,0.0,0.0
2019-02-08,5,0,38,0.0,0.0,0.0,0.0,0.0
2019-02-08,5,0,39,0.0,0.0,0.0,0.0,0.0
2019-02-08,5,0,40,0.0,0.0,0.0,0.0,0.0
2019-02-08,5,0,41,116.0,116.0,0.0,581.689438,0.0
2019-02-08,5,0,42,0.0,0.0,0.0,0.0,0.0
2019-02-08,5,0,43,0.0,0.0,0.0,0.0,0.0
2019-02-08,5,0,46,0.0,0.0,0.0,0.0,0.0
2019-02-08,5,0,52,39.75,39.75,0.0,125.184925,0.0
2019-02-08,5,0,53,63.15,63.15,0.0,198.878692,0.0
2019-02-08,5,0,55,460.36,460.36,0.0,1465.705409,0.0
2019-02-08,5,0,56,0.0,0.0,0.0,0.0,0.0
2019-02-08,5,0,57,0.0,0.0,0.0,0.0,0.0
2019-02-08,5,0,58,0.0,0.0,0.0,0.0,0.0
2019-02-08,5,0,59,0.0,0.0,0.0,0.0,0.0
2019-02-08,5,0,63,118.91,118.91,0.0,3544.509538,0.0
2019-02-08,5,0,64,139.89,139.89,0.0,4169.888481,0.0
2019-02-08,5,0,65,41.4,41.4,0.0,188.184017,0.0
2019-02-08,5,0,67,0.0,0.0,0.0,0.0,0.0
2019-02-08,5,0,68,10.05,10.05,0.0,33.16339,0.0
2019-02-08,5,0,69,0.0,0.0,0.0,0.0,0.0
2019-02-08,5,0,74,65.28,65.28,0.0,501.633657,0.0
2019-02-08,5,0,77,200.0,200.0,0.0,-25.459889,0.0
2019-02-08,5,0,78,151.2,151.2,0.0,-19.247676,0.0
2019-02-08,5,0,79,87.5,87.5,0.0,-11.138701,0.0
2019-02-08,5,0,80,141.5,141.5,0.0,-18.012871,0.0
2019-02-08,5,0,81,185.0,185.0,0.0,-23.550397,0.0
2019-02-08,5,0,82,130.5,130.5,0.0,-16.612577,0.0
2019-02-08,5,0,83,291.0,291.0,0.0,-37.044138,0.0
2019-02-08,5,0,84,0.0,0.0,0.0,0.0,0.0
2019-02-08,5,0,86,0.0,0.0,0.0,0.0,0.0
2019-02-08,5,0,87,0.0,0.0,0.0,0.0,0.0
2019-02-08,5,0,88,170.6,170.6,0.0,-21.717285,0.0
2019-02-08,5,0,89,164.0,164.0,0.0,-20.877109,0.0
2019-02-08,5,0,90,220.2,220.2,0.0,-28.031338,0.0
2019-02-08,5,0,91,785.5,785.5,0.0,-99.993713,0.0
2019-02-08,5,0,92,282.5,282.5,0.0,-35.962093,0.0
2019-02-08,5,0,95,36.0,36.0,0.0,1060.740923,0.0
2019-02-08,5,0,96,29.88,29.88,0.0,93.023355,0.0
2019-02-08,5,0,97,183.75,183.75,0.0,572.056276,0.0
2019-02-08,5,0,99,12.6,12.6,0.0,96.822673,0.0
2019-02-08,5,0,101,0.0,0.0,0.0,0.0,0.0
2019-02-08,5,0,102,23.78,23.78,0.0,78.47019,0.0
2019-02-08,5,0,103,20.68,20.68,0.0,68.240687,0.0
2019-02-08,5,0,104,3.84,3.84,0.0,12.671385,0.0
2019-02-08,5,0,106,0.0,0.0,0.0,0.0,0.0
2019-02-08,5,0,109,200.0,200.0,0.0,1228.649147,0.0
2019-02-08,5,0,110,11.05,11.05,0.0,233.225746,0.0
2019-02-08,5,0,111,0.0,0.0,0.0,0.0,0.0
2019-02-08,5,0,113,98.87,98.87,0.0,-172.975643,0.0
2019-02-08,5,0,115,98.87,98.87,0.0,-172.975643,0.0
2019-02-08,5,0,116,0.0,0.0,0.0,0.0,0.0
2019-02-08,5,0,117,4.76,4.76,0.0,-8.327744,0.0
2019-02-08,5,0,119,139.89,139.89,0.0,4169.888481,0.0
2019-02-08,5,0,120,82.26,82.26,0.0,2452.03393,0.0
2019-02-08,5,0,123,0.0,0.0,0.0,0.0,0.0
2019-02-08,5,0,125,174.2,174.2,0.0,554.622214,0.0
2019-02-08,5,0,126,0.0,0.0,0.0,0.0,0.0
2019-02-08,5,0,127,0.0,0.0,0.0,0.0,0.0
2019-02-08,5,0,128,249.5,249.5,0.0,794.364192,0.0
2019-02-08,5,0,131,30.0,30.0,0.0,63.875459,0.0
2019-02-08,5,0,132,44.1,44.1,0.0,93.896924,0.0
2019-02-08,5,0,133,50.43,50.43,0.0,487.938293,0.0
2019-02-08,5,0,134,0.0,0.0,0.0,0.0,0.0
2019-02-08,5,0,135,71.85,71.85,0.0,695.188704,0.0
2019-02-08,5,0,136,45.9,45.9,0.0,219.594772,0.0
2019-02-08,5,0,139,149.8,149.8,0.0,751.181705,0.0
2019-02-08,5,0,140,8.18,8.18,0.0,172.650371,0.0
2019-02-08,5,0,141,180.76,180.76,0.0,1388.813431,0.0
2019-02-08,5,0,142,0.0,0.0,0.0,0.0,0.0
2019-02-08,5,0,143,105.8,105.8,0.0,333.196605,0.0
2019-02-08,5,0,145,30.0,30.0,0.0,127.835676,0.0
2019-02-08,5,0,146,18.19,18.19,0.0,383.925459,0.0
2019-02-08,5,0,152,0.0,0.0,0.0,0.0,0.0
2019-02-08,5,0,153,0.0,0.0,0.0,0.0,0.0
2019-02-08,5,0,154,0.0,0.0,0.0,0.0,0.0
2019-02-08,5,0,157,39.08,39.08,0.0,300.259067,0.0
2019-02-08,5,0,158,0.0,0.0,0.0,0.0,0.0
2019-02-08,5,0,159,0.0,0.0,0.0,0.0,0.0
2019-02-08,5,0,160,0.0,0.0,0.0,0.0,0.0
2019-02-08,5,0,161,0.0,0.0,0.0,0.0,0.0
2019-02-08,5,0,162,47.17,47.17,0.0,1390.61409,0.0
2019-02-08,5,0,163,59.26,59.26,0.0,1250.765404,0.0
2019-02-08,5,0,164,0.0,0.0,0.0,0.0,0.0
2019-02-08,5,0,167,0.0,0.0,0.0,0.0,0.0
2019-02-08,5,0,168,0.0,0.0,0.0,0.0,0.0
2019-02-08,5,0,169,0.0,0.0,0.0,0.0,0.0
2019-02-08,5,0,170,0.0,0.0,0.0,0.0,0.0
2019-02-08,5,0,172,0.0,0.0,0.0,0.0,0.0
2019-02-08,5,0,173,0.0,0.0,0.0,0.0,0.0
2019-02-08,5,0,188,0.0,0.0,0.0,0.0,0.0
2019-02-08,5,0,190,0.0,0.0,0.0,0.0,0.0
2019-02-08,5,0,191,0.0,0.0,0.0,0.0,0.0
2019-02-08,5,0,192,61.91,61.91,0.0,1845.43424,0.0
2019-02-08,5,0,194,173.69,173.69,0.0,-1133.476972,0.0
2019-02-08,5,0,196,0.0,0.0,0.0,0.0,0.0
2019-02-08,5,0,198,0.0,0.0,0.0,0.0,0.0
2019-02-08,5,0,199,39.0,39.0,0.0,232.695426,0.0
2019-02-08,5,0,200,0.0,0.0,0.0,0.0,0.0
2019-02-08,5,0,204,857.0,857.0,0.0,5135.257998,0.0
2019-02-08,5,0,205,1058.0,1058.0,0.0,6499.553987,0.0
2019-02-08,5,0,206,539.94,539.94,0.0,1680.958179,0.0
2019-02-08,5,0,210,0.0,0.0,0.0,0.0,0.0
2019-02-08,5,0,214,0.0,0.0,0.0,0.0,0.0
2019-02-08,5,0,217,0.0,0.0,0.0,0.0,0.0
2019-02-08,5,0,218,0.0,0.0,0.0,0.0,0.0
2019-02-08,5,0,219,0.0,0.0,0.0,0.0,0.0
2019-02-08,5,0,221,0.0,0.0,0.0,0.0,0.0
2019-02-08,5,0,225,0.0,0.0,0.0,0.0,0.0
2019-02-08,5,0,233,0.0,0.0,0.0,0.0,0.0
2019-02-08,5,0,236,159.03,159.03,0.0,1337.099446,0.0
2019-02-08,5,0,237,156.6,156.6,0.0,1203.367505,0.0
2019-02-08,5,0,238,0.0,0.0,0.0,0.0,0.0
2019-02-08,5,0,240,0.0,0.0,0.0,0.0,0.0
2019-02-08,5,0,245,78.0,78.0,0.0,652.446186,0.0
2019-02-08,5,0,247,171.72,171.72,0.0,1436.385373,0.0
2019-02-08,5,0,248,15.72,15.72,0.0,120.797811,0.0
2019-02-08,5,0,249,150.0,150.0,0.0,1254.704204,0.0
2019-02-08,5,0,251,326.4,326.4,0.0,1918.963121,0.0
2019-02-08,5,0,252,267.06,267.06,0.0,1213.923278,0.0
2019-02-08,5,0,254,0.0,0.0,0.0,0.0,0.0
2019-02-08,5,0,255,0.0,0.0,0.0,0.0,0.0
2019-02-08,5,0,258,0.0,0.0,0.0,0.0,0.0
2019-02-08,5,0,260,0.0,0.0,0.0,0.0,0.0
2019-02-08,5,0,265,0.0,0.0,0.0,0.0,0.0
2019-02-08,5,0,266,97.0,97.0,0.0,486.412719,0.0
2019-02-08,5,0,267,119.2,119.2,0.0,597.736043,0.0
2019-02-08,5,0,270,185.06,185.06,0.0,3905.95082,0.0
2019-02-08,5,0,272,339.86,339.86,0.0,-594.593933,0.0
2019-02-08,5,0,273,0.0,0.0,0.0,0.0,0.0
2019-02-08,5,0,274,238.57,238.57,0.0,5035.35441,0.0
2019-02-08,5,0,275,332.09,332.09,0.0,7009.225159,0.0
2019-02-08,5,0,276,0.0,0.0,0.0,0.0,0.0
2019-02-08,5,0,277,0.0,0.0,0.0,-0.0,0.0
2019-02-08,5,0,278,0.0,0.0,0.0,-0.0,0.0
2019-02-08,5,0,279,264.6,264.6,0.0,-290.834889,0.0
2019-02-08,5,0,281,16.83,16.83,0.0,53.002825,0.0
2019-02-08,5,0,282,0.0,0.0,0.0,0.0,0.0
2019-02-08,6,0,9,0.0,0.0,0.0,0.0,0.0
2019-02-08,6,0,17,0.0,0.0,0.0,0.0,0.0
2019-02-08,6,0,19,643.3,643.3,0.0,438.589031,0.0
2019-02-08,6,0,20,780.2,780.2,0.0,531.924703,0.0
2019-02-08,6,0,21,0.0,0.0,0.0,0.0,0.0
2019-02-08,6,0,22,0.0,0.0,0.0,0.0,0.0
2019-02-08,6,0,23,73.95,73.95,0.0,332.55222,0.0
2019-02-08,6,0,24,130.85,130.85,0.0,588.430804,0.0
2019-02-08,6,0,29,0.0,0.0,0.0,0.0,0.0
2019-02-08,6,0,30,0.0,0.0,0.0,0.0,0.0
2019-02-08,6,0,31,37.57,37.57,0.0,167.849918,0.0
2019-02-08,6,0,32,0.0,0.0,0.0,0.0,0.0
2019-02-08,6,0,33,0.0,0.0,0.0,0.0,0.0
2019-02-08,6,0,34,0.0,0.0,0.0,0.0,0.0
2019-02-08,6,0,35,0.0,0.0,0.0,0.0,0.0
2019-02-08,6,0,36,0.0,0.0,0.0,0.0,0.0
2019-02-08,6,0,37,0.0,0.0,0.0,0.0,0.0
2019-02-08,6,0,38,0.0,0.0,0.0,0.0,0.0
2019-02-08,6,0,39,0.0,0.0,0.0,0.0,0.0
2019-02-08,6,0,40,0.0,0.0,0.0,0.0,0.0
2019-02-08,6,0,41,105.12,105.12,0.0,633.198788,0.0
2019-02-08,6,0,42,0.0,0.0,0.0,0.0,0.0
2019-02-08,6,0,43,0.0,0.0,0.0,0.0,0.0
2019-02-08,6,0,46,0.0,0.0,0.0,0.0,0.0
2019-02-08,6,0,52,39.83,39.83,0.0,177.946825,0.0
2019-02-08,6,0,53,63.23,63.23,0.0,282.490027,0.0
2019-02-08,6,0,55,184.56,184.56,0.0,829.963999,0.0
2019-02-08,6,0,56,0.0,0.0,0.0,0.0,0.0
2019-02-08,6,0,57,0.0,0.0,0.0,0.0,0.0
2019-02-08,6,0,58,0.0,0.0,0.0,0.0,0.0
2019-02-08,6,0,59,0.0,0.0,0.0,0.0,0.0
2019-02-08,6,0,63,91.48,91.48,0.0,2966.472925,0.0
2019-02-08,6,0,64,107.62,107.62,0.0,3489.853697,0.0
2019-02-08,6,0,65,41.4,41.4,0.0,200.093435,0.0
2019-02-08,6,0,67,0.0,0.0,0.0,0.0,0.0
2019-02-08,6,0,68,6.85,6.85,0.0,35.967109,0.0
2019-02-08,6,0,69,0.0,0.0,0.0,0.0,0.0
2019-02-08,6,0,74,65.28,65.28,0.0,532.024501,0.0
2019-02-08,6,0,77,156.14,156.14,0.0,261.892279,0.0
2019-02-08,6,0,78,118.04,118.04,0.0,197.987477,0.0
2019-02-08,6,0,79,68.31,68.31,0.0,114.575776,0.0
2019-02-08,6,0,80,110.47,110.47,0.0,185.290381,0.0
2019-02-08,6,0,81,144.43,144.43,0.0,242.251197,0.0
2019-02-08,6,0,82,101.88,101.88,0.0,170.882448,0.0
2019-02-08,6,0,83,227.18,227.18,0.0,381.04706,0.0
2019-02-08,6,0,84,0.0,0.0,0.0,0.0,0.0
2019-02-08,6,0,86,0.0,0.0,0.0,0.0,0.0
2019-02-08,6,0,87,0.0,0.0,0.0,0.0,0.0
2019-02-08,6,0,88,134.25,134.25,0.0,225.17637,0.0
2019-02-08,6,0,89,129.06,129.06,0.0,216.471228,0.0
2019-02-08,6,0,90,173.28,173.28,0.0,290.641054,0.0
2019-02-08,6,0,91,618.14,618.14,0.0,1036.800906,0.0
2019-02-08,6,0,92,222.31,222.31,0.0,372.878651,0.0
2019-02-08,6,0,95,36.0,36.0,0.0,914.892964,0.0
2019-02-08,6,0,96,20.41,20.41,0.0,90.559297,0.0
2019-02-08,6,0,97,125.52,125.52,0.0,556.933023,0.0
2019-02-08,6,0,99,12.6,12.6,0.0,102.688553,0.0
2019-02-08,6,0,101,0.0,0.0,0.0,0.0,0.0
2019-02-08,6,0,102,16.22,16.22,0.0,85.165913,0.0
2019-02-08,6,0,103,14.1,14.1,0.0,74.034487,0.0
2019-02-08,6,0,104,2.62,2.62,0.0,13.756763,0.0
2019-02-08,6,0,106,0.0,0.0,0.0,0.0,0.0
2019-02-08,6,0,109,200.0,200.0,0.0,1406.860493,0.0
2019-02-08,6,0,110,0.0,0.0,0.0,0.0,0.0
2019-02-08,6,0,111,0.0,0.0,0.0,0.0,0.0
2019-02-08,6,0,113,88.59,88.59,0.0,12.017367,0.0
2019-02-08,6,0,115,88.59,88.59,0.0,12.017367,0.0
2019-02-08,6,0,116,0.0,0.0,0.0,0.0,0.0
2019-02-08,6,0,117,3.51,3.51,0.0,0.476137,0.0
2019-02-08,6,0,119,107.62,107.62,0.0,3489.853697,0.0
2019-02-08,6,0,120,63.28,63.28,0.0,2052.015814,0.0
2019-02-08,6,0,123,0.0,0.0,0.0,0.0,0.0
2019-02-08,6,0,125,118.41,118.41,0.0,532.488281,0.0
2019-02-08,6,0,126,0.0,0.0,0.0,0.0,0.0
2019-02-08,6,0,127,0.0,0.0,0.0,0.0,0.0
2019-02-08,6,0,128,169.59,169.59,0.0,762.644097,0.0
2019-02-08,6,0,131,24.23,24.23,0.0,97.978355,0.0
2019-02-08,6,0,132,35.61,35.61,0.0,143.995428,0.0
2019-02-08,6,0,133,41.94,41.94,0.0,406.946729,0.0
2019-02-08,6,0,134,0.0,0.0,0.0,0.0,0.0
2019-02-08,6,0,135,56.2,56.2,0.0,545.312498,0.0
2019-02-08,6,0,136,45.9,45.9,0.0,232.303479,0.0
2019-02-08,6,0,139,135.75,135.75,0.0,817.701061,0.0
2019-02-08,6,0,140,0.0,0.0,0.0,0.0,0.0
2019-02-08,6,0,141,116.07,116.07,0.0,1134.012672,0.0
2019-02-08,6,0,142,0.0,0.0,0.0,0.0,0.0
2019-02-08,6,0,143,194.65,194.65,0.0,869.629665,0.0
2019-02-08,6,0,145,22.99,22.99,0.0,124.612793,0.0
2019-02-08,6,0,146,17.27,17.27,0.0,407.743387,0.0
2019-02-08,6,0,152,0.0,0.0,0.0,0.0,0.0
2019-02-08,6,0,153,0.0,0.0,0.0,0.0,0.0
2019-02-08,6,0,154,0.0,0.0,0.0,0.0,0.0
2019-02-08,6,0,157,41.12,41.12,0.0,401.745507,0.0
2019-02-08,6,0,158,0.0,0.0,0.0,0.0,0.0
2019-02-08,6,0,159,0.0,0.0,0.0,0.0,0.0
2019-02-08,6,0,160,0.0,0.0,0.0,0.0,0.0
2019-02-08,6,0,161,0.0,0.0,0.0,0.0,0.0
2019-02-08,6,0,162,41.98,41.98,0.0,1067.309566,0.0
2019-02-08,6,0,163,39.83,39.83,0.0,940.383271,0.0
2019-02-08,6,0,164,0.0,0.0,0.0,0.0,0.0
2019-02-08,6,0,167,0.0,0.0,0.0,0.0,0.0
2019-02-08,6,0,168,0.0,0.0,0.0,0.0,0.0
2019-02-08,6,0,169,0.0,0.0,0.0,0.0,0.0
2019-02-08,6,0,170,0.0,0.0,0.0,0.0,0.0
2019-02-08,6,0,172,0.0,0.0,0.0,0.0,0.0
2019-02-08,6,0,173,0.0,0.0,0.0,0.0,0.0
2019-02-08,6,0,188,0.0,0.0,0.0,0.0,0.0
2019-02-08,6,0,190,0.0,0.0,0.0,0.0,0.0
2019-02-08,6,0,191,0.0,0.0,0.0,0.0,0.0
2019-02-08,6,0,192,48.14,48.14,0.0,1561.0626,0.0
2019-02-08,6,0,194,124.93,124.93,0.0,-583.019324,0.0
2019-02-08,6,0,196,0.0,0.0,0.0,0.0,0.0
2019-02-08,6,0,198,0.0,0.0,0.0,0.0,0.0
2019-02-08,6,0,199,39.0,39.0,0.0,323.826946,0.0
2019-02-08,6,0,200,0.0,0.0,0.0,0.0,0.0
2019-02-08,6,0,204,857.0,857.0,0.0,5929.557419,0.0
2019-02-08,6,0,205,1058.0,1058.0,0.0,7442.292009,0.0
2019-02-08,6,0,206,368.84,368.84,0.0,1636.545381,0.0
2019-02-08,6,0,210,0.0,0.0,0.0,0.0,0.0
2019-02-08,6,0,214,0.0,0.0,0.0,0.0,0.0
2019-02-08,6,0,217,0.0,0.0,0.0,0.0,0.0
2019-02-08,6,0,218,0.0,0.0,0.0,0.0,0.0
2019-02-08,6,0,219,0.0,0.0,0.0,0.0,0.0
2019-02-08,6,0,221,0.0,0.0,0.0,0.0,0.0
2019-02-08,6,0,225,0.0,0.0,0.0,0.0,0.0
2019-02-08,6,0,233,0.0,0.0,0.0,0.0,0.0
2019-02-08,6,0,236,159.03,159.03,0.0,1378.923593,0.0
2019-02-08,6,0,237,156.6,156.6,0.0,1276.272011,0.0
2019-02-08,6,0,238,0.0,0.0,0.0,0.0,0.0
2019-02-08,6,0,240,0.0,0.0,0.0,0.0,0.0
2019-02-08,6,0,245,78.0,78.0,0.0,656.031392,0.0
2019-02-08,6,0,247,171.72,171.72,0.0,1444.278341,0.0
2019-02-08,6,0,248,15.72,15.72,0.0,128.116194,0.0
2019-02-08,6,0,249,150.0,150.0,0.0,1261.59883,0.0
2019-02-08,6,0,251,326.4,326.4,0.0,1998.59961,0.0
2019-02-08,6,0,252,267.06,267.06,0.0,1290.747651,0.0
2019-02-08,6,0,254,0.0,0.0,0.0,0.0,0.0
2019-02-08,6,0,255,0.0,0.0,0.0,0.0,0.0
2019-02-08,6,0,258,0.0,0.0,0.0,0.0,0.0
2019-02-08,6,0,260,0.0,0.0,0.0,0.0,0.0
2019-02-08,6,0,265,0.0,0.0,0.0,0.0,0.0
2019-02-08,6,0,266,87.9,87.9,0.0,529.472731,0.0
2019-02-08,6,0,267,108.02,108.02,0.0,650.667172,0.0
2019-02-08,6,0,270,124.39,124.39,0.0,2936.83844,0.0
2019-02-08,6,0,272,312.6,312.6,0.0,42.404662,0.0
2019-02-08,6,0,273,0.0,0.0,0.0,0.0,0.0
2019-02-08,6,0,274,160.35,160.35,0.0,3785.851305,0.0
2019-02-08,6,0,275,223.22,223.22,0.0,5270.207224,0.0
2019-02-08,6,0,276,0.0,0.0,0.0,0.0,0.0
2019-02-08,6,0,277,0.0,0.0,0.0,0.0,0.0
2019-02-08,6,0,278,0.0,0.0,0.0,0.0,0.0
2019-02-08,6,0,279,192.24,192.24,0.0,144.895098,0.0
2019-02-08,6,0,281,16.89,16.89,0.0,75.458747,0.0
2019-02-08,6,0,282,0.0,0.0,0.0,0.0,0.0
2019-02-08,7,0,9,0.0,0.0,0.0,0.0,0.0
2019-02-08,7,0,17,0.0,0.0,0.0,0.0,0.0
2019-02-08,7,0,19,643.3,643.3,0.0,6494.065084,0.0
2019-02-08,7,0,20,780.2,780.2,0.0,7876.060281,0.0
2019-02-08,7,0,21,0.0,0.0,0.0,0.0,0.0
2019-02-08,7,0,22,0.0,0.0,0.0,0.0,0.0
2019-02-08,7,0,23,32.48,32.48,0.0,192.068616,0.0
2019-02-08,7,0,24,57.47,57.47,0.0,339.845547,0.0
2019-02-08,7,0,29,0.0,0.0,0.0,0.0,0.0
2019-02-08,7,0,30,0.0,0.0,0.0,0.0,0.0
2019-02-08,7,0,31,92.33,92.33,0.0,543.539867,0.0
2019-02-08,7,0,32,0.0,0.0,0.0,0.0,0.0
2019-02-08,7,0,33,0.0,0.0,0.0,0.0,0.0
2019-02-08,7,0,34,0.0,0.0,0.0,0.0,0.0
2019-02-08,7,0,35,0.0,0.0,0.0,0.0,0.0
2019-02-08,7,0,36,0.0,0.0,0.0,0.0,0.0
2019-02-08,7,0,37,0.0,0.0,0.0,0.0,0.0
2019-02-08,7,0,38,0.0,0.0,0.0,0.0,0.0
2019-02-08,7,0,39,0.0,0.0,0.0,0.0,0.0
2019-02-08,7,0,40,0.0,0.0,0.0,0.0,0.0
2019-02-08,7,0,41,44.0,44.0,0.0,320.963055,0.0
2019-02-08,7,0,42,0.0,0.0,0.0,0.0,0.0
2019-02-08,7,0,43,0.0,0.0,0.0,0.0,0.0
2019-02-08,7,0,46,0.0,0.0,0.0,0.0,0.0
2019-02-08,7,0,52,97.87,97.87,0.0,576.153437,0.0
2019-02-08,7,0,53,155.54,155.54,0.0,915.652453,0.0
2019-02-08,7,0,55,121.02,121.02,0.0,715.644825,0.0
2019-02-08,7,0,56,0.0,0.0,0.0,0.0,0.0
2019-02-08,7,0,57,0.0,0.0,0.0,0.0,0.0
2019-02-08,7,0,58,0.0,0.0,0.0,0.0,0.0
2019-02-08,7,0,59,0.0,0.0,0.0,0.0,0.0
2019-02-08,7,0,63,70.05,70.05,0.0,2271.550376,0.0
2019-02-08,7,0,64,82.41,82.41,0.0,2672.354982,0.0
2019-02-08,7,0,65,41.4,41.4,0.0,416.702929,0.0
2019-02-08,7,0,67,0.0,0.0,0.0,0.0,0.0
2019-02-08,7,0,68,4.41,4.41,0.0,29.763942,0.0
2019-02-08,7,0,69,0.0,0.0,0.0,0.0,0.0
2019-02-08,7,0,74,55.72,55.72,0.0,513.952976,0.0
2019-02-08,7,0,77,95.19,95.19,0.0,320.252638,0.0
2019-02-08,7,0,78,71.97,71.97,0.0,242.132392,0.0
2019-02-08,7,0,79,41.65,41.65,0.0,140.125248,0.0
2019-02-08,7,0,80,67.35,67.35,0.0,226.589087,0.0
2019-02-08,7,0,81,88.05,88.05,0.0,296.231167,0.0
2019-02-08,7,0,82,62.11,62.11,0.0,208.959884,0.0
2019-02-08,7,0,83,138.51,138.51,0.0,465.996354,0.0
2019-02-08,7,0,84,0.0,0.0,0.0,0.0,0.0
2019-02-08,7,0,86,0.0,0.0,0.0,0.0,0.0
2019-02-08,7,0,87,0.0,0.0,0.0,0.0,0.0
2019-02-08,7,0,88,82.96,82.96,0.0,279.106617,0.0
2019-02-08,7,0,89,79.76,79.76,0.0,268.340692,0.0
2019-02-08,7,0,90,107.09,107.09,0.0,360.288424,0.0
2019-02-08,7,0,91,382.0,382.0,0.0,1285.182349,0.0
2019-02-08,7,0,92,137.38,137.38,0.0,462.194637,0.0
2019-02-08,7,0,95,36.0,36.0,0.0,914.892964,0.0
2019-02-08,7,0,96,11.15,11.15,0.0,65.330228,0.0
2019-02-08,7,0,97,68.54,68.54,0.0,401.590479,0.0
2019-02-08,7,0,99,10.75,10.75,0.0,99.156398,0.0
2019-02-08,7,0,101,0.0,0.0,0.0,0.0,0.0
2019-02-08,7,0,102,10.44,10.44,0.0,70.461578,0.0
2019-02-08,7,0,103,9.08,9.08,0.0,61.282675,0.0
2019-02-08,7,0,104,1.69,1.69,0.0,11.406137,0.0
2019-02-08,7,0,106,0.0,0.0,0.0,0.0,0.0
2019-02-08,7,0,109,173.87,173.87,0.0,1426.881556,0.0
2019-02-08,7,0,110,0.0,0.0,0.0,0.0,0.0
2019-02-08,7,0,111,0.0,0.0,0.0,0.0,0.0
2019-02-08,7,0,113,32.39,32.39,0.0,62.606867,0.0
2019-02-08,7,0,115,32.39,32.39,0.0,62.606867,0.0
2019-02-08,7,0,116,0.0,0.0,0.0,0.0,0.0
2019-02-08,7,0,117,1.33,1.33,0.0,2.570767,0.0
2019-02-08,7,0,119,82.41,82.41,0.0,2672.354982,0.0
2019-02-08,7,0,120,48.46,48.46,0.0,1571.439418,0.0
2019-02-08,7,0,123,0.0,0.0,0.0,0.0,0.0
2019-02-08,7,0,125,52.01,52.01,0.0,307.55815,0.0
2019-02-08,7,0,126,0.0,0.0,0.0,0.0,0.0
2019-02-08,7,0,127,0.0,0.0,0.0,0.0,0.0
2019-02-08,7,0,128,74.49,74.49,0.0,440.49234,0.0
2019-02-08,7,0,131,14.6,14.6,0.0,81.8842,0.0
2019-02-08,7,0,132,21.47,21.47,0.0,120.414642,0.0
2019-02-08,7,0,133,41.94,41.94,0.0,423.498249,0.0
2019-02-08,7,0,134,0.0,0.0,0.0,0.0,0.0
2019-02-08,7,0,135,56.2,56.2,0.0,567.491693,0.0
2019-02-08,7,0,136,45.9,45.9,0.0,461.922046,0.0
2019-02-08,7,0,139,56.82,56.82,0.0,414.480018,0.0
2019-02-08,7,0,140,0.0,0.0,0.0,0.0,0.0
2019-02-08,7,0,141,69.52,69.52,0.0,766.132658,0.0
2019-02-08,7,0,142,0.0,0.0,0.0,0.0,0.0
2019-02-08,7,0,143,149.96,149.96,0.0,882.803406,0.0
2019-02-08,7,0,145,14.89,14.89,0.0,100.477022,0.0
2019-02-08,7,0,146,19.91,19.91,0.0,479.828389,0.0
2019-02-08,7,0,152,0.0,0.0,0.0,0.0,0.0
2019-02-08,7,0,153,0.0,0.0,0.0,0.0,0.0
2019-02-08,7,0,154,0.0,0.0,0.0,0.0,0.0
2019-02-08,7,0,157,44.02,44.02,0.0,485.114494,0.0
2019-02-08,7,0,158,0.0,0.0,0.0,0.0,0.0
2019-02-08,7,0,159,0.0,0.0,0.0,0.0,0.0
2019-02-08,7,0,160,0.0,0.0,0.0,0.0,0.0
2019-02-08,7,0,161,0.0,0.0,0.0,0.0,0.0
2019-02-08,7,0,162,37.82,37.82,0.0,961.494974,0.0
2019-02-08,7,0,163,25.37,25.37,0.0,611.413673,0.0
2019-02-08,7,0,164,0.0,0.0,0.0,0.0,0.0
2019-02-08,7,0,167,0.0,0.0,0.0,0.0,0.0
2019-02-08,7,0,168,0.0,0.0,0.0,0.0,0.0
2019-02-08,7,0,169,0.0,0.0,0.0,0.0,0.0
2019-02-08,7,0,170,0.0,0.0,0.0,0.0,0.0
2019-02-08,7,0,172,0.0,0.0,0.0,0.0,0.0
2019-02-08,7,0,173,0.0,0.0,0.0,0.0,0.0
2019-02-08,7,0,188,0.0,0.0,0.0,0.0,0.0
2019-02-08,7,0,190,0.0,0.0,0.0,0.0,0.0
2019-02-08,7,0,191,0.0,0.0,0.0,0.0,0.0
2019-02-08,7,0,192,36.45,36.45,0.0,1181.984457,0.0
2019-02-08,7,0,194,87.5,87.5,0.0,-225.915599,0.0
2019-02-08,7,0,196,0.0,0.0,0.0,0.0,0.0
2019-02-08,7,0,198,0.0,0.0,0.0,0.0,0.0
2019-02-08,7,0,199,39.0,39.0,0.0,362.876773,0.0
2019-02-08,7,0,200,0.0,0.0,0.0,0.0,0.0
2019-02-08,7,0,204,707.97,707.97,0.0,5735.99918,0.0
2019-02-08,7,0,205,919.79,919.79,0.0,7548.348687,0.0
2019-02-08,7,0,206,201.4,201.4,0.0,1180.045558,0.0
2019-02-08,7,0,210,0.0,0.0,0.0,0.0,0.0
2019-02-08,7,0,214,0.0,0.0,0.0,0.0,0.0
2019-02-08,7,0,217,0.0,0.0,0.0,0.0,0.0
2019-02-08,7,0,218,0.0,0.0,0.0,0.0,0.0
2019-02-08,7,0,219,0.0,0.0,0.0,0.0,0.0
2019-02-08,7,0,221,0.0,0.0,0.0,0.0,0.0
2019-02-08,7,0,225,0.0,0.0,0.0,0.0,0.0
2019-02-08,7,0,233,0.0,0.0,0.0,0.0,0.0
2019-02-08,7,0,236,159.03,159.03,0.0,1541.087543,0.0
2019-02-08,7,0,237,133.67,133.67,0.0,1232.952159,0.0
2019-02-08,7,0,238,0.0,0.0,0.0,0.0,0.0
2019-02-08,7,0,240,0.0,0.0,0.0,0.0,0.0
2019-02-08,7,0,245,78.0,78.0,0.0,795.904764,0.0
2019-02-08,7,0,247,171.72,171.72,0.0,1752.21495,0.0
2019-02-08,7,0,248,13.42,13.42,0.0,123.78408,0.0
2019-02-08,7,0,249,150.0,150.0,0.0,1530.586085,0.0
2019-02-08,7,0,251,326.4,326.4,0.0,3269.42795,0.0
2019-02-08,7,0,252,267.06,267.06,0.0,2688.035849,0.0
2019-02-08,7,0,254,0.0,0.0,0.0,0.0,0.0
2019-02-08,7,0,255,0.0,0.0,0.0,0.0,0.0
2019-02-08,7,0,258,0.0,0.0,0.0,0.0,0.0
2019-02-08,7,0,260,0.0,0.0,0.0,0.0,0.0
2019-02-08,7,0,265,0.0,0.0,0.0,0.0,0.0
2019-02-08,7,0,266,36.79,36.79,0.0,268.368882,0.0
2019-02-08,7,0,267,45.21,45.21,0.0,329.789539,0.0
2019-02-08,7,0,270,79.23,79.23,0.0,1909.432611,0.0
2019-02-08,7,0,272,115.23,115.23,0.0,222.728907,0.0
2019-02-08,7,0,273,0.0,0.0,0.0,0.0,0.0
2019-02-08,7,0,274,102.14,102.14,0.0,2461.560606,0.0
2019-02-08,7,0,275,142.17,142.17,0.0,3426.278357,0.0
2019-02-08,7,0,276,0.0,0.0,0.0,0.0,0.0
2019-02-08,7,0,277,0.0,0.0,0.0,0.0,0.0
2019-02-08,7,0,278,0.0,0.0,0.0,0.0,0.0
2019-02-08,7,0,279,127.26,127.26,0.0,319.014917,0.0
2019-02-08,7,0,281,41.4,41.4,0.0,243.718732,0.0
2019-02-08,7,0,282,0.0,0.0,0.0,0.0,0.0
2019-02-08,8,0,9,0.0,0.0,0.0,0.0,0.0
2019-02-08,8,0,17,0.0,0.0,0.0,0.0,0.0
2019-02-08,8,0,19,605.38,605.38,0.0,6102.537205,0.0
2019-02-08,8,0,20,753.44,753.44,0.0,7595.057041,0.0
2019-02-08,8,0,21,0.0,0.0,0.0,0.0,0.0
2019-02-08,8,0,22,0.0,0.0,0.0,0.0,0.0
2019-02-08,8,0,23,39.69,39.69,0.0,196.448309,0.0
2019-02-08,8,0,24,70.23,70.23,0.0,347.608082,0.0
2019-02-08,8,0,29,0.0,0.0,0.0,0.0,0.0
2019-02-08,8,0,30,0.0,0.0,0.0,0.0,0.0
2019-02-08,8,0,31,37.19,37.19,0.0,182.864316,0.0
2019-02-08,8,0,32,0.0,0.0,0.0,0.0,0.0
2019-02-08,8,0,33,0.0,0.0,0.0,0.0,0.0
2019-02-08,8,0,34,0.0,0.0,0.0,0.0,0.0
2019-02-08,8,0,35,0.0,0.0,0.0,0.0,0.0
2019-02-08,8,0,36,0.0,0.0,0.0,0.0,0.0
2019-02-08,8,0,37,0.0,0.0,0.0,0.0,0.0
2019-02-08,8,0,38,0.0,0.0,0.0,0.0,0.0
2019-02-08,8,0,39,0.0,0.0,0.0,0.0,0.0
2019-02-08,8,0,40,0.0,0.0,0.0,0.0,0.0
2019-02-08,8,0,41,17.64,17.64,0.0,117.206362,0.0
2019-02-08,8,0,42,0.0,0.0,0.0,0.0,0.0
2019-02-08,8,0,43,0.0,0.0,0.0,0.0,0.0
2019-02-08,8,0,46,0.0,0.0,0.0,0.0,0.0
2019-02-08,8,0,52,39.43,39.43,0.0,193.878461,0.0
2019-02-08,8,0,53,62.64,62.64,0.0,308.002709,0.0
2019-02-08,8,0,55,127.42,127.42,0.0,630.673811,0.0
2019-02-08,8,0,56,0.0,0.0,0.0,0.0,0.0
2019-02-08,8,0,57,0.0,0.0,0.0,0.0,0.0
2019-02-08,8,0,58,0.0,0.0,0.0,0.0,0.0
2019-02-08,8,0,59,0.0,0.0,0.0,0.0,0.0
2019-02-08,8,0,63,40.32,40.32,0.0,2086.163877,0.0
2019-02-08,8,0,64,47.4,47.4,0.0,2452.48432,0.0
2019-02-08,8,0,65,41.4,41.4,0.0,415.82743,0.0
2019-02-08,8,0,67,0.0,0.0,0.0,0.0,0.0
2019-02-08,8,0,68,4.65,4.65,0.0,35.684699,0.0
2019-02-08,8,0,69,0.0,0.0,0.0,0.0,0.0
2019-02-08,8,0,74,60.91,60.91,0.0,548.899287,0.0
2019-02-08,8,0,77,74.67,74.67,0.0,136.024323,0.0
2019-02-08,8,0,78,56.38,56.38,0.0,102.705924,0.0
2019-02-08,8,0,79,32.52,32.52,0.0,59.240806,0.0
2019-02-08,8,0,80,52.75,52.75,0.0,96.093251,0.0
2019-02-08,8,0,81,69.05,69.05,0.0,125.78652,0.0
2019-02-08,8,0,82,48.63,48.63,0.0,88.587958,0.0
2019-02-08,8,0,83,108.78,108.78,0.0,198.161589,0.0
2019-02-08,8,0,84,0.0,0.0,0.0,0.0,0.0
2019-02-08,8,0,86,0.0,0.0,0.0,0.0,0.0
2019-02-08,8,0,87,0.0,0.0,0.0,0.0,0.0
2019-02-08,8,0,88,65.35,65.35,0.0,119.04633,0.0
2019-02-08,8,0,89,63.07,63.07,0.0,114.892916,0.0
2019-02-08,8,0,90,82.29,82.29,0.0,149.905471,0.0
2019-02-08,8,0,91,257.98,257.98,0.0,469.9552,0.0
2019-02-08,8,0,92,103.23,103.23,0.0,188.051304,0.0
2019-02-08,8,0,95,36.0,36.0,0.0,1855.026435,0.0
2019-02-08,8,0,96,11.99,11.99,0.0,58.547459,0.0
2019-02-08,8,0,97,73.72,73.72,0.0,359.976538,0.0
2019-02-08,8,0,99,11.76,11.76,0.0,105.976943,0.0
2019-02-08,8,0,101,0.0,0.0,0.0,0.0,0.0
2019-02-08,8,0,102,11.01,11.01,0.0,84.492159,0.0
2019-02-08,8,0,103,9.58,9.58,0.0,73.518155,0.0
2019-02-08,8,0,104,1.78,1.78,0.0,13.659949,0.0
2019-02-08,8,0,106,0.0,0.0,0.0,0.0,0.0
2019-02-08,8,0,109,191.4,191.4,0.0,1485.917519,0.0
2019-02-08,8,0,110,0.0,0.0,0.0,0.0,0.0
2019-02-08,8,0,111,0.0,0.0,0.0,0.0,0.0
2019-02-08,8,0,113,66.48,66.48,0.0,-23.28691,0.0
2019-02-08,8,0,115,66.48,66.48,0.0,-23.28691,0.0
2019-02-08,8,0,116,0.0,0.0,0.0,0.0,0.0
2019-02-08,8,0,117,3.44,3.44,0.0,-1.204979,0.0
2019-02-08,8,0,119,47.4,47.4,0.0,2452.48432,0.0
2019-02-08,8,0,120,27.96,27.96,0.0,1446.655308,0.0
2019-02-08,8,0,123,0.0,0.0,0.0,0.0,0.0
2019-02-08,8,0,125,63.55,63.55,0.0,314.544975,0.0
2019-02-08,8,0,126,0.0,0.0,0.0,0.0,0.0
2019-02-08,8,0,127,0.0,0.0,0.0,0.0,0.0
2019-02-08,8,0,128,91.02,91.02,0.0,450.509577,0.0
2019-02-08,8,0,131,15.59,15.59,0.0,89.321472,0.0
2019-02-08,8,0,132,22.92,22.92,0.0,131.318034,0.0
2019-02-08,8,0,133,41.94,41.94,0.0,422.920151,0.0
2019-02-08,8,0,134,0.0,0.0,0.0,0.0,0.0
2019-02-08,8,0,135,56.2,56.2,0.0,566.717036,0.0
2019-02-08,8,0,136,45.9,45.9,0.0,460.934428,0.0
2019-02-08,8,0,139,22.77,22.77,0.0,151.291886,0.0
2019-02-08,8,0,140,0.0,0.0,0.0,0.0,0.0
2019-02-08,8,0,141,73.73,73.73,0.0,1102.694084,0.0
2019-02-08,8,0,142,0.0,0.0,0.0,0.0,0.0
2019-02-08,8,0,143,60.42,60.42,0.0,297.086904,0.0
2019-02-08,8,0,145,16.44,16.44,0.0,98.205383,0.0
2019-02-08,8,0,146,27.1,27.1,0.0,1009.603862,0.0
2019-02-08,8,0,152,0.0,0.0,0.0,0.0,0.0
2019-02-08,8,0,153,0.0,0.0,0.0,0.0,0.0
2019-02-08,8,0,154,0.0,0.0,0.0,0.0,0.0
2019-02-08,8,0,157,58.67,58.67,0.0,877.459133,0.0
2019-02-08,8,0,158,0.0,0.0,0.0,0.0,0.0
2019-02-08,8,0,159,0.0,0.0,0.0,0.0,0.0
2019-02-08,8,0,160,0.0,0.0,0.0,0.0,0.0
2019-02-08,8,0,161,0.0,0.0,0.0,0.0,0.0
2019-02-08,8,0,162,37.35,37.35,0.0,1925.319676,0.0
2019-02-08,8,0,163,34.48,34.48,0.0,1284.543954,0.0
2019-02-08,8,0,164,0.0,0.0,0.0,0.0,0.0
2019-02-08,8,0,167,0.0,0.0,0.0,0.0,0.0
2019-02-08,8,0,168,0.0,0.0,0.0,0.0,0.0
2019-02-08,8,0,169,0.0,0.0,0.0,0.0,0.0
2019-02-08,8,0,170,0.0,0.0,0.0,0.0,0.0
2019-02-08,8,0,172,0.0,0.0,0.0,0.0,0.0
2019-02-08,8,0,173,0.0,0.0,0.0,0.0,0.0
2019-02-08,8,0,188,0.0,0.0,0.0,0.0,0.0
2019-02-08,8,0,190,0.0,0.0,0.0,0.0,0.0
2019-02-08,8,0,191,0.0,0.0,0.0,0.0,0.0
2019-02-08,8,0,192,38.32,38.32,0.0,1982.683526,0.0
2019-02-08,8,0,194,103.79,103.79,0.0,-809.244731,0.0
2019-02-08,8,0,196,0.0,0.0,0.0,0.0,0.0
2019-02-08,8,0,198,0.0,0.0,0.0,0.0,0.0
2019-02-08,8,0,199,39.0,39.0,0.0,329.537651,0.0
2019-02-08,8,0,200,0.0,0.0,0.0,0.0,0.0
2019-02-08,8,0,204,804.66,804.66,0.0,6143.666854,0.0
2019-02-08,8,0,205,1012.52,1012.52,0.0,7860.612362,0.0
2019-02-08,8,0,206,216.63,216.63,0.0,1057.809514,0.0
2019-02-08,8,0,210,0.0,0.0,0.0,0.0,0.0
2019-02-08,8,0,214,0.0,0.0,0.0,0.0,0.0
2019-02-08,8,0,217,0.0,0.0,0.0,0.0,0.0
2019-02-08,8,0,218,0.0,0.0,0.0,0.0,0.0
2019-02-08,8,0,219,0.0,0.0,0.0,0.0,0.0
2019-02-08,8,0,221,0.0,0.0,0.0,0.0,0.0
2019-02-08,8,0,225,0.0,0.0,0.0,0.0,0.0
2019-02-08,8,0,233,0.0,0.0,0.0,0.0,0.0
2019-02-08,8,0,236,159.03,159.03,0.0,1524.192646,0.0
2019-02-08,8,0,237,146.11,146.11,0.0,1316.691427,0.0
2019-02-08,8,0,238,0.0,0.0,0.0,0.0,0.0
2019-02-08,8,0,240,0.0,0.0,0.0,0.0,0.0
2019-02-08,8,0,245,78.0,78.0,0.0,796.71034,0.0
2019-02-08,8,0,247,171.72,171.72,0.0,1753.988457,0.0
2019-02-08,8,0,248,14.67,14.67,0.0,132.20083,0.0
2019-02-08,8,0,249,150.0,150.0,0.0,1532.13527,0.0
2019-02-08,8,0,251,326.4,326.4,0.0,3258.919241,0.0
2019-02-08,8,0,252,267.06,267.06,0.0,2682.38825,0.0
2019-02-08,8,0,254,0.0,0.0,0.0,0.0,0.0
2019-02-08,8,0,255,0.0,0.0,0.0,0.0,0.0
2019-02-08,8,0,258,0.0,0.0,0.0,0.0,0.0
2019-02-08,8,0,260,0.0,0.0,0.0,0.0,0.0
2019-02-08,8,0,265,0.0,0.0,0.0,0.0,0.0
2019-02-08,8,0,266,14.75,14.75,0.0,98.004186,0.0
2019-02-08,8,0,267,18.12,18.12,0.0,120.395651,0.0
2019-02-08,8,0,270,107.69,107.69,0.0,4011.964572,0.0
2019-02-08,8,0,272,230.15,230.15,0.0,-80.617966,0.0
2019-02-08,8,0,273,0.0,0.0,0.0,0.0,0.0
2019-02-08,8,0,274,138.83,138.83,0.0,5172.077644,0.0
2019-02-08,8,0,275,193.25,193.25,0.0,7199.481414,0.0
2019-02-08,8,0,276,0.0,0.0,0.0,0.0,0.0
2019-02-08,8,0,277,0.0,0.0,0.0,0.0,0.0
2019-02-08,8,0,278,0.0,0.0,0.0,0.0,0.0
2019-02-08,8,0,279,134.47,134.47,0.0,69.990067,0.0
2019-02-08,8,0,281,16.69,16.69,0.0,82.065217,0.0
2019-02-08,8,0,282,0.0,0.0,0.0,0.0,0.0
2019-02-08,9,0,9,0.27,0.27,0.0,-0.650892,0.0
2019-02-08,9,0,17,4.05,4.05,0.0,56.231641,0.0
2019-02-08,9,0,19,475.02,475.02,0.0,6595.346716,0.0
2019-02-08,9,0,20,589.85,589.85,0.0,8189.687298,0.0
2019-02-08,9,0,21,6.18,6.18,0.0,-14.898194,0.0
2019-02-08,9,0,22,21.95,21.95,0.0,-52.915107,0.0
2019-02-08,9,0,23,48.5,48.5,0.0,-116.919484,0.0
2019-02-08,9,0,24,85.81,85.81,0.0,-206.863112,0.0
2019-02-08,9,0,29,1.99,1.99,0.0,17.89868,0.0
2019-02-08,9,0,30,25.53,25.53,0.0,-63.992423,0.0
2019-02-08,9,0,31,47.93,47.93,0.0,-120.13932,0.0
2019-02-08,9,0,32,0.87,0.87,0.0,92.524161,0.0
2019-02-08,9,0,33,0.16,0.16,0.0,2.74292,0.0
2019-02-08,9,0,34,0.26,0.26,0.0,4.457244,0.0
2019-02-08,9,0,35,0.26,0.26,0.0,4.457244,0.0
2019-02-08,9,0,36,0.56,0.56,0.0,4.745447,0.0
2019-02-08,9,0,37,0.27,0.27,0.0,2.254084,0.0
2019-02-08,9,0,38,0.34,0.34,0.0,2.838476,0.0
2019-02-08,9,0,39,0.23,0.23,0.0,1.920145,0.0
2019-02-08,9,0,40,0.23,0.23,0.0,1.920145,0.0
2019-02-08,9,0,41,17.66,17.66,0.0,47.211461,0.0
2019-02-08,9,0,42,5.32,5.32,0.0,70.106653,0.0
2019-02-08,9,0,43,1.7,1.7,0.0,15.059112,0.0
2019-02-08,9,0,46,1.91,1.91,0.0,13.876873,0.0
2019-02-08,9,0,52,50.86,50.86,0.0,-127.483535,0.0
2019-02-08,9,0,53,81.23,81.23,0.0,-203.607698,0.0
2019-02-08,9,0,55,135.26,135.26,0.0,-326.072772,0.0
2019-02-08,9,0,56,7.53,7.53,0.0,-18.874381,0.0
2019-02-08,9,0,57,7.16,7.16,0.0,-17.946955,0.0
2019-02-08,9,0,58,13.78,13.78,0.0,-34.540368,0.0
2019-02-08,9,0,59,13.55,13.55,0.0,-33.96386,0.0
2019-02-08,9,0,63,22.59,22.59,0.0,2403.886264,0.0
2019-02-08,9,0,64,26.58,26.58,0.0,2828.477065,0.0
2019-02-08,9,0,65,41.4,41.4,0.0,569.379626,0.0
2019-02-08,9,0,67,35.74,35.74,0.0,691.75339,0.0
2019-02-08,9,0,68,9.2,9.2,0.0,19.541624,0.0
2019-02-08,9,0,69,0.16,0.16,0.0,2.74292,0.0
2019-02-08,9,0,74,65.28,65.28,0.0,659.088434,0.0
2019-02-08,9,0,77,32.94,32.94,0.0,-382.255768,0.0
2019-02-08,9,0,78,24.9,24.9,0.0,-288.954725,0.0
2019-02-08,9,0,79,14.41,14.41,0.0,-167.222393,0.0
2019-02-08,9,0,80,23.3,23.3,0.0,-270.387353,0.0
2019-02-08,9,0,81,30.47,30.47,0.0,-353.592388,0.0
2019-02-08,9,0,82,21.49,21.49,0.0,-249.383013,0.0
2019-02-08,9,0,83,47.92,47.92,0.0,-556.092787,0.0
2019-02-08,9,0,84,0.0,0.0,0.0,0.0,0.0
2019-02-08,9,0,86,0.83,0.83,0.0,14.228896,0.0
2019-02-08,9,0,87,4.22,4.22,0.0,72.344507,0.0
2019-02-08,9,0,88,90.3,90.3,0.0,-1047.89605,0.0
2019-02-08,9,0,89,86.25,86.25,0.0,-1000.89739,0.0
2019-02-08,9,0,90,121.07,121.07,0.0,-1404.96982,0.0
2019-02-08,9,0,91,454.93,454.93,0.0,-5279.284053,0.0
2019-02-08,9,0,92,160.06,160.06,0.0,-1857.433463,0.0
2019-02-08,9,0,95,36.0,36.0,0.0,3806.781818,0.0
2019-02-08,9,0,96,12.98,12.98,0.0,-33.835321,0.0
2019-02-08,9,0,97,79.82,79.82,0.0,-208.068976,0.0
2019-02-08,9,0,99,12.6,12.6,0.0,127.21376,0.0
2019-02-08,9,0,101,0.51,0.51,0.0,-1.278345,0.0
2019-02-08,9,0,102,21.76,21.76,0.0,46.220188,0.0
2019-02-08,9,0,103,18.92,18.92,0.0,40.187774,0.0
2019-02-08,9,0,104,3.53,3.53,0.0,7.498036,0.0
2019-02-08,9,0,106,21.6,21.6,0.0,-52.071358,0.0
2019-02-08,9,0,109,186.24,186.24,0.0,1081.308217,0.0
2019-02-08,9,0,110,0.0,0.0,0.0,0.0,0.0
2019-02-08,9,0,111,0.7,0.7,0.0,1.871349,0.0
2019-02-08,9,0,113,43.79,43.79,0.0,-750.523928,0.0
2019-02-08,9,0,115,43.79,43.79,0.0,-750.523928,0.0
2019-02-08,9,0,116,18.01,18.01,0.0,1298.920351,0.0
2019-02-08,9,0,117,2.97,2.97,0.0,-50.903313,0.0
2019-02-08,9,0,119,26.58,26.58,0.0,2828.477065,0.0
2019-02-08,9,0,120,15.63,15.63,0.0,1663.246671,0.0
2019-02-08,9,0,123,0.36,0.36,0.0,-0.867856,0.0
2019-02-08,9,0,125,77.65,77.65,0.0,-187.19171,0.0
2019-02-08,9,0,126,16.2,16.2,0.0,-39.053518,0.0
2019-02-08,9,0,127,20.79,20.79,0.0,-50.118682,0.0
2019-02-08,9,0,128,111.21,111.21,0.0,-268.095172,0.0
2019-02-08,9,0,131,16.71,16.71,0.0,-41.404012,0.0
2019-02-08,9,0,132,24.57,24.57,0.0,-60.879508,0.0
2019-02-08,9,0,133,41.94,41.94,0.0,582.828404,0.0
2019-02-08,9,0,134,0.0,0.0,0.0,0.0,0.0
2019-02-08,9,0,135,56.2,56.2,0.0,780.99562,0.0
2019-02-08,9,0,136,45.9,45.9,0.0,630.938053,0.0
2019-02-08,9,0,139,22.81,22.81,0.0,60.979242,0.0
2019-02-08,9,0,140,0.0,0.0,0.0,0.0,0.0
2019-02-08,9,0,141,78.16,78.16,0.0,1512.799244,0.0
2019-02-08,9,0,142,47.13,47.13,0.0,912.208653,0.0
2019-02-08,9,0,143,113.41,113.41,0.0,-284.268732,0.0
2019-02-08,9,0,145,18.3,18.3,0.0,10.625843,0.0
2019-02-08,9,0,146,38.64,38.64,0.0,2786.800798,0.0
2019-02-08,9,0,152,0.41,0.41,0.0,4.156524,0.0
2019-02-08,9,0,153,0.51,0.51,0.0,5.083776,0.0
2019-02-08,9,0,154,2.89,2.89,0.0,7.725998,0.0
2019-02-08,9,0,157,80.01,80.01,0.0,1548.606288,0.0
2019-02-08,9,0,158,17.1,17.1,0.0,330.973222,0.0
2019-02-08,9,0,159,0.0,0.0,0.0,0.0,0.0
2019-02-08,9,0,160,0.14,0.14,0.0,1.486524,0.0
2019-02-08,9,0,161,7.74,7.74,0.0,16.440453,0.0
2019-02-08,9,0,162,39.38,39.38,0.0,4166.143907,0.0
2019-02-08,9,0,163,45.56,45.56,0.0,3285.886241,0.0
2019-02-08,9,0,164,0.69,0.69,0.0,-1.729525,0.0
2019-02-08,9,0,167,1.09,1.09,0.0,115.308989,0.0
2019-02-08,9,0,168,0.55,0.55,0.0,58.183435,0.0
2019-02-08,9,0,169,0.0,0.0,0.0,0.0,0.0
2019-02-08,9,0,170,1.19,1.19,0.0,125.887796,0.0
2019-02-08,9,0,172,1.27,1.27,0.0,125.659126,0.0
2019-02-08,9,0,173,1.93,1.93,0.0,190.962294,0.0
2019-02-08,9,0,188,1.68,1.68,0.0,172.527585,0.0
2019-02-08,9,0,190,1.6,1.6,0.0,170.261975,0.0
2019-02-08,9,0,191,4.14,4.14,0.0,440.552861,0.0
2019-02-08,9,0,192,40.91,40.91,0.0,4353.385882,0.0
2019-02-08,9,0,194,92.38,92.38,0.0,-3245.221097,0.0
2019-02-08,9,0,196,1.02,1.02,0.0,95.216526,0.0
2019-02-08,9,0,198,0.66,0.66,0.0,8.587942,0.0
2019-02-08,9,0,199,39.0,39.0,0.0,150.401194,0.0
2019-02-08,9,0,200,2.04,2.04,0.0,7.867139,0.0
2019-02-08,9,0,204,480.72,480.72,0.0,2589.441847,0.0
2019-02-08,9,0,205,1048.92,1048.92,0.0,6090.022633,0.0
2019-02-08,9,0,206,234.53,234.53,0.0,-611.355762,0.0
2019-02-08,9,0,210,0.49,0.49,0.0,4.868992,0.0
2019-02-08,9,0,214,1.5,1.5,0.0,28.609456,0.0
2019-02-08,9,0,217,1.44,1.44,0.0,21.752213,0.0
2019-02-08,9,0,218,1.99,1.99,0.0,30.06035,0.0
2019-02-08,9,0,219,1.35,1.35,0.0,20.3927,0.0
2019-02-08,9,0,221,0.8,0.8,0.0,15.258377,0.0
2019-02-08,9,0,225,1.53,1.53,0.0,13.62205,0.0
2019-02-08,9,0,233,0.47,0.47,0.0,8.057327,0.0
2019-02-08,9,0,236,159.03,159.03,0.0,1921.596252,0.0
2019-02-08,9,0,237,156.6,156.6,0.0,1581.085307,0.0
2019-02-08,9,0,238,6.92,6.92,0.0,91.191361,0.0
2019-02-08,9,0,240,0.63,0.63,0.0,5.338628,0.0
2019-02-08,9,0,245,78.0,78.0,0.0,1120.618817,0.0
2019-02-08,9,0,247,171.72,171.72,0.0,2467.085425,0.0
2019-02-08,9,0,248,15.72,15.72,0.0,158.71431,0.0
2019-02-08,9,0,249,150.0,150.0,0.0,2155.036186,0.0
2019-02-08,9,0,251,326.4,326.4,0.0,4418.699324,0.0
2019-02-08,9,0,252,267.06,267.06,0.0,3672.911181,0.0
2019-02-08,9,0,254,0.98,0.98,0.0,9.113881,0.0
2019-02-08,9,0,255,0.45,0.45,0.0,4.184946,0.0
2019-02-08,9,0,258,0.78,0.78,0.0,6.658141,0.0
2019-02-08,9,0,260,0.33,0.33,0.0,3.503949,0.0
2019-02-08,9,0,265,2.99,2.99,0.0,7.993333,0.0
2019-02-08,9,0,266,14.77,14.77,0.0,39.485463,0.0
2019-02-08,9,0,267,18.15,18.15,0.0,48.521405,0.0
2019-02-08,9,0,270,142.29,142.29,0.0,10262.264119,0.0
2019-02-08,9,0,272,146.14,146.14,0.0,-2504.717214,0.0
2019-02-08,9,0,273,4.31,4.31,0.0,310.846569,0.0
2019-02-08,9,0,274,183.43,183.43,0.0,13229.370351,0.0
2019-02-08,9,0,275,255.34,255.34,0.0,18415.675873,0.0
2019-02-08,9,0,276,0.96,0.96,0.0,57.926797,0.0
2019-02-08,9,0,277,0.88,0.88,0.0,-13.129838,0.0
2019-02-08,9,0,278,1.42,1.42,0.0,-21.186784,0.0
2019-02-08,9,0,279,142.58,142.58,0.0,-2127.332108,0.0
2019-02-08,9,0,281,21.36,21.36,0.0,-53.540077,0.0
2019-02-08,9,0,282,14.01,14.01,0.0,-35.116876,0.0
2019-02-08,10,0,9,0.6,0.6,0.0,-2.07736,0.0
2019-02-08,10,0,17,8.28,8.28,0.0,115.029369,0.0
2019-02-08,10,0,19,349.46,349.46,0.0,4854.850645,0.0
2019-02-08,10,0,20,433.01,433.01,0.0,6015.563663,0.0
2019-02-08,10,0,21,13.76,13.76,0.0,-47.640798,0.0
2019-02-08,10,0,22,48.89,48.89,0.0,-169.270248,0.0
2019-02-08,10,0,23,59.18,59.18,0.0,-204.896978,0.0
2019-02-08,10,0,24,104.71,104.71,0.0,-362.534008,0.0
2019-02-08,10,0,29,2.31,2.31,0.0,20.776859,0.0
2019-02-08,10,0,30,88.29,88.29,0.0,-314.715236,0.0
2019-02-08,10,0,31,99.02,99.02,0.0,-352.962993,0.0
2019-02-08,10,0,32,1.74,1.74,0.0,297.065097,0.0
2019-02-08,10,0,33,0.37,0.37,0.0,6.420237,0.0
2019-02-08,10,0,34,0.6,0.6,0.0,10.411195,0.0
2019-02-08,10,0,35,0.6,0.6,0.0,10.411195,0.0
2019-02-08,10,0,36,1.48,1.48,0.0,12.07799,0.0
2019-02-08,10,0,37,0.69,0.69,0.0,5.540308,0.0
2019-02-08,10,0,38,0.89,0.89,0.0,7.146194,0.0
2019-02-08,10,0,39,0.6,0.6,0.0,4.817659,0.0
2019-02-08,10,0,40,0.6,0.6,0.0,4.817659,0.0
2019-02-08,10,0,41,17.7,17.7,0.0,34.709713,0.0
2019-02-08,10,0,42,13.85,13.85,0.0,182.02398,0.0
2019-02-08,10,0,43,4.94,4.94,0.0,42.394168,0.0
2019-02-08,10,0,46,5.54,5.54,0.0,38.090741,0.0
2019-02-08,10,0,52,105.03,105.03,0.0,-374.386014,0.0
2019-02-08,10,0,53,167.47,167.47,0.0,-596.957306,0.0
2019-02-08,10,0,55,144.48,144.48,0.0,-500.228378,0.0
2019-02-08,10,0,56,26.04,26.04,0.0,-92.821211,0.0
2019-02-08,10,0,57,24.77,24.77,0.0,-88.294217,0.0
2019-02-08,10,0,58,47.64,47.64,0.0,-169.815764,0.0
2019-02-08,10,0,59,46.85,46.85,0.0,-166.99976,0.0
2019-02-08,10,0,63,24.67,24.67,0.0,4196.221375,0.0
2019-02-08,10,0,64,29.02,29.02,0.0,4936.130698,0.0
2019-02-08,10,0,65,41.4,41.4,0.0,569.379626,0.0
2019-02-08,10,0,67,88.57,88.57,0.0,3101.881729,0.0
2019-02-08,10,0,68,17.35,17.35,0.0,144.131067,0.0
2019-02-08,10,0,69,0.37,0.37,0.0,6.420237,0.0
2019-02-08,10,0,74,106.28,106.28,0.0,1048.921851,0.0
2019-02-08,10,0,77,35.66,35.66,0.0,-473.398598,0.0
2019-02-08,10,0,78,26.96,26.96,0.0,-357.903147,0.0
2019-02-08,10,0,79,15.6,15.6,0.0,-207.095293,0.0
2019-02-08,10,0,80,25.23,25.23,0.0,-334.93681,0.0
2019-02-08,10,0,81,32.98,32.98,0.0,-437.820689,0.0
2019-02-08,10,0,82,23.27,23.27,0.0,-308.917145,0.0
2019-02-08,10,0,83,51.88,51.88,0.0,-688.724601,0.0
2019-02-08,10,0,84,0.0,0.0,0.0,0.0,0.0
2019-02-08,10,0,86,1.89,1.89,0.0,32.795263,0.0
2019-02-08,10,0,87,9.64,9.64,0.0,167.273194,0.0
2019-02-08,10,0,88,66.43,66.43,0.0,-881.880788,0.0
2019-02-08,10,0,89,63.56,63.56,0.0,-843.780564,0.0
2019-02-08,10,0,90,88.26,88.26,0.0,-1171.681444,0.0
2019-02-08,10,0,91,326.96,326.96,0.0,-4340.504929,0.0
2019-02-08,10,0,92,115.85,115.85,0.0,-1537.948055,0.0
2019-02-08,10,0,95,88.65,88.65,0.0,15057.203692,0.0
2019-02-08,10,0,96,14.25,14.25,0.0,-52.318467,0.0
2019-02-08,10,0,97,87.61,87.61,0.0,-321.657605,0.0
2019-02-08,10,0,99,21.85,21.85,0.0,215.646805,0.0
2019-02-08,10,0,101,1.78,1.78,0.0,-6.344922,0.0
2019-02-08,10,0,102,41.08,41.08,0.0,341.262492,0.0
2019-02-08,10,0,103,35.72,35.72,0.0,296.735545,0.0
2019-02-08,10,0,104,6.63,6.63,0.0,55.077174,0.0
2019-02-08,10,0,106,48.13,48.13,0.0,-166.638925,0.0
2019-02-08,10,0,109,171.07,171.07,0.0,908.293895,0.0
2019-02-08,10,0,110,0.0,0.0,0.0,0.0,0.0
2019-02-08,10,0,111,2.69,2.69,0.0,5.275092,0.0
2019-02-08,10,0,113,86.86,86.86,0.0,-1813.38791,0.0
2019-02-08,10,0,115,86.86,86.86,0.0,-1813.38791,0.0
2019-02-08,10,0,116,51.91,51.91,0.0,6064.657716,0.0
2019-02-08,10,0,117,5.79,5.79,0.0,-120.878609,0.0
2019-02-08,10,0,119,29.02,29.02,0.0,4936.130698,0.0
2019-02-08,10,0,120,17.06,17.06,0.0,2901.805296,0.0
2019-02-08,10,0,123,0.8,0.8,0.0,-2.769814,0.0
2019-02-08,10,0,125,94.76,94.76,0.0,-328.084448,0.0
2019-02-08,10,0,126,36.09,36.09,0.0,-124.953226,0.0
2019-02-08,10,0,127,46.32,46.32,0.0,-160.372221,0.0
2019-02-08,10,0,128,135.72,135.72,0.0,-469.898916,0.0
2019-02-08,10,0,131,24.14,24.14,0.0,28.30739,0.0
2019-02-08,10,0,132,38.94,38.94,0.0,45.662376,0.0
2019-02-08,10,0,133,41.94,41.94,0.0,583.199208,0.0
2019-02-08,10,0,134,0.0,0.0,0.0,0.0,0.0
2019-02-08,10,0,135,56.2,56.2,0.0,781.492501,0.0
2019-02-08,10,0,136,45.9,45.9,0.0,630.917693,0.0
2019-02-08,10,0,139,22.86,22.86,0.0,44.828476,0.0
2019-02-08,10,0,140,0.0,0.0,0.0,0.0,0.0
2019-02-08,10,0,141,82.32,82.32,0.0,2882.995415,0.0
2019-02-08,10,0,142,116.8,116.8,0.0,4090.54743,0.0
2019-02-08,10,0,143,203.51,203.51,0.0,-725.424143,0.0
2019-02-08,10,0,145,38.51,38.51,0.0,-10.354419,0.0
2019-02-08,10,0,146,55.72,55.72,0.0,6509.780928,0.0
2019-02-08,10,0,152,1.27,1.27,0.0,12.593738,0.0
2019-02-08,10,0,153,1.43,1.43,0.0,13.922877,0.0
2019-02-08,10,0,154,11.09,11.09,0.0,21.747498,0.0
2019-02-08,10,0,157,109.43,109.43,0.0,3832.436689,0.0
2019-02-08,10,0,158,138.99,138.99,0.0,4867.681399,0.0
2019-02-08,10,0,159,0.0,0.0,0.0,0.0,0.0
2019-02-08,10,0,160,0.41,0.41,0.0,4.296542,0.0
2019-02-08,10,0,161,15.66,15.66,0.0,130.091787,0.0
2019-02-08,10,0,162,83.05,83.05,0.0,14111.154748,0.0
2019-02-08,10,0,163,33.17,33.17,0.0,3875.259034,0.0
2019-02-08,10,0,164,3.85,3.85,0.0,-13.723566,0.0
2019-02-08,10,0,167,2.11,2.11,0.0,358.556926,0.0
2019-02-08,10,0,168,1.06,1.06,0.0,180.128124,0.0
2019-02-08,10,0,169,0.0,0.0,0.0,0.0,0.0
2019-02-08,10,0,170,2.31,2.31,0.0,392.543364,0.0
2019-02-08,10,0,172,2.26,2.26,0.0,363.948114,0.0
2019-02-08,10,0,173,3.44,3.44,0.0,553.97412,0.0
2019-02-08,10,0,188,3.28,3.28,0.0,542.650925,0.0
2019-02-08,10,0,190,5.1,5.1,0.0,867.479895,0.0
2019-02-08,10,0,191,13.18,13.18,0.0,2241.8402,0.0
2019-02-08,10,0,192,44.09,44.09,0.0,7499.448741,0.0
2019-02-08,10,0,194,45.9,45.9,0.0,-2196.538671,0.0
2019-02-08,10,0,196,2.4,2.4,0.0,359.089637,0.0
2019-02-08,10,0,198,1.57,1.57,0.0,20.545075,0.0
2019-02-08,10,0,199,39.0,39.0,0.0,27.242748,0.0
2019-02-08,10,0,200,5.5,5.5,0.0,3.841926,0.0
2019-02-08,10,0,204,257.1,257.1,0.0,1250.317034,0.0
2019-02-08,10,0,205,1010.31,1010.31,0.0,5364.227538,0.0
2019-02-08,10,0,206,257.43,257.43,0.0,-945.146871,0.0
2019-02-08,10,0,210,0.61,0.61,0.0,6.092467,0.0
2019-02-08,10,0,214,2.58,2.58,0.0,50.053217,0.0
2019-02-08,10,0,217,1.97,1.97,0.0,30.168674,0.0
2019-02-08,10,0,218,2.72,2.72,0.0,41.654209,0.0
2019-02-08,10,0,219,1.85,1.85,0.0,28.330988,0.0
2019-02-08,10,0,221,1.38,1.38,0.0,26.772651,0.0
2019-02-08,10,0,225,1.88,1.88,0.0,16.728957,0.0
2019-02-08,10,0,233,1.07,1.07,0.0,18.56663,0.0
2019-02-08,10,0,236,159.03,159.03,0.0,1905.287225,0.0
2019-02-08,10,0,237,248.36,248.36,0.0,2451.168902,0.0
2019-02-08,10,0,238,18.02,18.02,0.0,236.828311,0.0
2019-02-08,10,0,240,1.68,1.68,0.0,13.710151,0.0
2019-02-08,10,0,245,78.0,78.0,0.0,1123.566647,0.0
2019-02-08,10,0,247,171.72,171.72,0.0,2473.575187,0.0
2019-02-08,10,0,248,27.11,27.11,0.0,267.559949,0.0
2019-02-08,10,0,249,150.0,150.0,0.0,2160.70509,0.0
2019-02-08,10,0,251,326.4,326.4,0.0,4414.369276,0.0
2019-02-08,10,0,252,267.06,267.06,0.0,3672.911181,0.0
2019-02-08,10,0,254,2.35,2.35,0.0,21.286252,0.0
2019-02-08,10,0,255,1.08,1.08,0.0,9.782618,0.0
2019-02-08,10,0,258,2.08,2.08,0.0,17.115906,0.0
2019-02-08,10,0,260,1.0,1.0,0.0,10.479372,0.0
2019-02-08,10,0,265,11.48,11.48,0.0,22.512288,0.0
2019-02-08,10,0,266,14.8,14.8,0.0,29.022811,0.0
2019-02-08,10,0,267,18.19,18.19,0.0,35.670603,0.0
2019-02-08,10,0,270,103.53,103.53,0.0,12095.434664,0.0
2019-02-08,10,0,272,290.3,290.3,0.0,-6060.63217,0.0
2019-02-08,10,0,273,12.41,12.41,0.0,1449.863268,0.0
2019-02-08,10,0,274,133.46,133.46,0.0,15592.163723,0.0
2019-02-08,10,0,275,185.76,185.76,0.0,21702.385232,0.0
2019-02-08,10,0,276,2.09,2.09,0.0,205.999061,0.0
2019-02-08,10,0,277,1.81,1.81,0.0,-32.271308,0.0
2019-02-08,10,0,278,2.89,2.89,0.0,-51.527117,0.0
2019-02-08,10,0,279,152.49,152.49,0.0,-2718.813161,0.0
2019-02-08,10,0,281,44.14,44.14,0.0,-157.339795,0.0
2019-02-08,10,0,282,48.43,48.43,0.0,-172.631769,0.0
2019-02-08,11,0,9,0.97,0.97,0.0,8.943584,0.0
2019-02-08,11,0,17,13.14,13.14,0.0,181.202405,0.0
2019-02-08,11,0,19,192.99,192.99,0.0,2661.358618,0.0
2019-02-08,11,0,20,234.06,234.06,0.0,3227.719561,0.0
2019-02-08,11,0,21,22.24,22.24,0.0,205.05701,0.0
2019-02-08,11,0,22,79.05,79.05,0.0,728.855965,0.0
2019-02-08,11,0,23,24.77,24.77,0.0,228.384089,0.0
2019-02-08,11,0,24,43.81,43.81,0.0,403.936494,0.0
2019-02-08,11,0,29,3.54,3.54,0.0,43.467599,0.0
2019-02-08,11,0,30,144.7,144.7,0.0,1330.285898,0.0
2019-02-08,11,0,31,108.2,108.2,0.0,994.726566,0.0
2019-02-08,11,0,32,2.8,2.8,0.0,83.081562,0.0
2019-02-08,11,0,33,0.6,0.6,0.0,8.825501,0.0
2019-02-08,11,0,34,0.96,0.96,0.0,14.120802,0.0
2019-02-08,11,0,35,0.96,0.96,0.0,14.120802,0.0
2019-02-08,11,0,36,2.36,2.36,0.0,28.931332,0.0
2019-02-08,11,0,37,1.13,1.13,0.0,13.811729,0.0
2019-02-08,11,0,38,1.45,1.45,0.0,17.723015,0.0
2019-02-08,11,0,39,0.97,0.97,0.0,11.856086,0.0
2019-02-08,11,0,40,0.97,0.97,0.0,11.856086,0.0
2019-02-08,11,0,41,13.9,13.9,0.0,147.925737,0.0
2019-02-08,11,0,42,22.36,22.36,0.0,303.893053,0.0
2019-02-08,11,0,43,7.98,7.98,0.0,98.644943,0.0
2019-02-08,11,0,46,8.95,8.95,0.0,106.676585,0.0
2019-02-08,11,0,52,115.03,115.03,0.0,1057.517532,0.0
2019-02-08,11,0,53,187.34,187.34,0.0,1722.292744,0.0
2019-02-08,11,0,55,312.59,312.59,0.0,2882.138976,0.0
2019-02-08,11,0,56,42.68,42.68,0.0,392.374583,0.0
2019-02-08,11,0,57,40.6,40.6,0.0,373.252297,0.0
2019-02-08,11,0,58,78.08,78.08,0.0,717.821167,0.0
2019-02-08,11,0,59,76.78,76.78,0.0,705.869739,0.0
2019-02-08,11,0,63,21.48,21.48,0.0,640.283112,0.0
2019-02-08,11,0,64,25.27,25.27,0.0,753.256715,0.0
2019-02-08,11,0,65,41.4,41.4,0.0,569.379626,0.0
2019-02-08,11,0,67,144.85,144.85,0.0,1838.557228,0.0
2019-02-08,11,0,68,11.2,11.2,0.0,104.182486,0.0
2019-02-08,11,0,69,0.6,0.6,0.0,8.825501,0.0
2019-02-08,11,0,74,144.48,144.48,0.0,1838.172017,0.0
2019-02-08,11,0,77,23.86,23.86,0.0,158.701783,0.0
2019-02-08,11,0,78,18.04,18.04,0.0,119.990787,0.0
2019-02-08,11,0,79,10.44,10.44,0.0,69.440344,0.0
2019-02-08,11,0,80,16.88,16.88,0.0,112.275193,0.0
2019-02-08,11,0,81,22.07,22.07,0.0,146.795824,0.0
2019-02-08,11,0,82,15.57,15.57,0.0,103.561893,0.0
2019-02-08,11,0,83,34.72,34.72,0.0,230.935705,0.0
2019-02-08,11,0,84,0.0,0.0,0.0,0.0,0.0
2019-02-08,11,0,86,3.04,3.04,0.0,44.715873,0.0
2019-02-08,11,0,87,15.5,15.5,0.0,227.992114,0.0
2019-02-08,11,0,88,22.23,22.23,0.0,147.860044,0.0
2019-02-08,11,0,89,21.37,21.37,0.0,142.139862,0.0
2019-02-08,11,0,90,28.7,28.7,0.0,190.894433,0.0
2019-02-08,11,0,91,102.37,102.37,0.0,680.901155,0.0
2019-02-08,11,0,92,36.82,36.82,0.0,244.90359,0.0
2019-02-08,11,0,95,96.29,96.29,0.0,2844.631023,0.0
2019-02-08,11,0,96,10.98,10.98,0.0,100.636262,0.0
2019-02-08,11,0,97,80.66,80.66,0.0,739.282415,0.0
2019-02-08,11,0,99,31.0,31.0,0.0,394.402911,0.0
2019-02-08,11,0,101,2.91,2.91,0.0,26.752812,0.0
2019-02-08,11,0,102,26.53,26.53,0.0,246.782263,0.0
2019-02-08,11,0,103,23.07,23.07,0.0,214.597317,0.0
2019-02-08,11,0,104,4.28,4.28,0.0,39.812593,0.0
2019-02-08,11,0,106,77.82,77.82,0.0,717.515132,0.0
2019-02-08,11,0,109,75.21,75.21,0.0,866.059199,0.0
2019-02-08,11,0,110,6.8,6.8,0.0,156.921076,0.0
2019-02-08,11,0,111,4.26,4.26,0.0,45.335514,0.0
2019-02-08,11,0,113,32.77,32.77,0.0,176.788652,0.0
2019-02-08,11,0,115,32.77,32.77,0.0,176.788652,0.0
2019-02-08,11,0,116,82.14,82.14,0.0,1895.514289,0.0
2019-02-08,11,0,117,2.2,2.2,0.0,11.868631,0.0
2019-02-08,11,0,119,25.27,25.27,0.0,753.256715,0.0
2019-02-08,11,0,120,14.86,14.86,0.0,442.951911,0.0
2019-02-08,11,0,123,1.3,1.3,0.0,11.986246,0.0
2019-02-08,11,0,125,39.65,39.65,0.0,365.580506,0.0
2019-02-08,11,0,126,58.37,58.37,0.0,538.18245,0.0
2019-02-08,11,0,127,74.9,74.9,0.0,690.592179,0.0
2019-02-08,11,0,128,56.78,56.78,0.0,523.522349,0.0
2019-02-08,11,0,131,11.85,11.85,0.0,99.4976,0.0
2019-02-08,11,0,132,17.42,17.42,0.0,146.265671,0.0
2019-02-08,11,0,133,41.94,41.94,0.0,578.504589,0.0
2019-02-08,11,0,134,0.0,0.0,0.0,0.0,0.0
2019-02-08,11,0,135,56.2,56.2,0.0,775.201667,0.0
2019-02-08,11,0,136,45.9,45.9,0.0,631.175466,0.0
2019-02-08,11,0,139,17.95,17.95,0.0,191.026402,0.0
2019-02-08,11,0,140,5.04,5.04,0.0,116.306209,0.0
2019-02-08,11,0,141,56.51,56.51,0.0,717.272136,0.0
2019-02-08,11,0,142,191.02,191.02,0.0,2424.585445,0.0
2019-02-08,11,0,143,191.45,191.45,0.0,1760.077644,0.0
2019-02-08,11,0,145,49.39,49.39,0.0,496.652422,0.0
2019-02-08,11,0,146,99.03,99.03,0.0,2285.27855,0.0
2019-02-08,11,0,152,2.09,2.09,0.0,26.612211,0.0
2019-02-08,11,0,153,2.38,2.38,0.0,30.190858,0.0
2019-02-08,11,0,154,17.59,17.59,0.0,187.195232,0.0
2019-02-08,11,0,157,118.62,118.62,0.0,1505.624152,0.0
2019-02-08,11,0,158,238.45,238.45,0.0,3026.606635,0.0
2019-02-08,11,0,159,0.0,0.0,0.0,0.0,0.0
2019-02-08,11,0,160,0.67,0.67,0.0,8.605806,0.0
2019-02-08,11,0,161,25.09,25.09,0.0,233.387372,0.0
2019-02-08,11,0,162,140.12,140.12,0.0,4141.193281,0.0
2019-02-08,11,0,163,37.56,37.56,0.0,866.758178,0.0
2019-02-08,11,0,164,6.45,6.45,0.0,59.297471,0.0
2019-02-08,11,0,167,3.3,3.3,0.0,97.510669,0.0
2019-02-08,11,0,168,1.65,1.65,0.0,48.755334,0.0
2019-02-08,11,0,169,0.0,0.0,0.0,0.0,0.0
2019-02-08,11,0,170,3.61,3.61,0.0,106.670762,0.0
2019-02-08,11,0,172,3.55,3.55,0.0,99.087061,0.0
2019-02-08,11,0,173,5.41,5.41,0.0,151.003098,0.0
2019-02-08,11,0,188,5.21,5.21,0.0,150.508247,0.0
2019-02-08,11,0,190,8.02,8.02,0.0,239.062875,0.0
2019-02-08,11,0,191,20.71,20.71,0.0,617.330692,0.0
2019-02-08,11,0,192,44.87,44.87,0.0,1337.500151,0.0
2019-02-08,11,0,194,33.89,33.89,0.0,57.561352,0.0
2019-02-08,11,0,196,3.81,3.81,0.0,103.915337,0.0
2019-02-08,11,0,198,2.56,2.56,0.0,34.534891,0.0
2019-02-08,11,0,199,56.82,56.82,0.0,645.300763,0.0
2019-02-08,11,0,200,8.83,8.83,0.0,100.281692,0.0
2019-02-08,11,0,204,237.41,237.41,0.0,2705.865528,0.0
2019-02-08,11,0,205,491.76,491.76,0.0,5662.721337,0.0
2019-02-08,11,0,206,308.31,308.31,0.0,2825.789255,0.0
2019-02-08,11,0,210,0.93,0.93,0.0,11.669591,0.0
2019-02-08,11,0,214,4.09,4.09,0.0,62.386377,0.0
2019-02-08,11,0,217,3.09,3.09,0.0,43.50156,0.0
2019-02-08,11,0,218,4.27,4.27,0.0,60.113807,0.0
2019-02-08,11,0,219,2.91,2.91,0.0,40.967489,0.0
2019-02-08,11,0,221,2.18,2.18,0.0,33.252397,0.0
2019-02-08,11,0,225,2.92,2.92,0.0,35.778783,0.0
2019-02-08,11,0,233,1.72,1.72,0.0,25.29977,0.0
2019-02-08,11,0,236,159.03,159.03,0.0,2112.250095,0.0
2019-02-08,11,0,237,322.11,322.11,0.0,4098.100694,0.0
2019-02-08,11,0,238,29.1,29.1,0.0,395.495878,0.0
2019-02-08,11,0,240,2.68,2.68,0.0,32.854224,0.0
2019-02-08,11,0,245,78.0,78.0,0.0,1086.245206,0.0
2019-02-08,11,0,247,171.72,171.72,0.0,2391.4106,0.0
2019-02-08,11,0,248,38.35,38.35,0.0,487.914568,0.0
2019-02-08,11,0,249,150.0,150.0,0.0,2088.933089,0.0
2019-02-08,11,0,251,326.4,326.4,0.0,4469.190478,0.0
2019-02-08,11,0,252,267.06,267.06,0.0,3672.911181,0.0
2019-02-08,11,0,254,3.91,3.91,0.0,48.807414,0.0
2019-02-08,11,0,255,1.79,1.79,0.0,22.344059,0.0
2019-02-08,11,0,258,3.3,3.3,0.0,40.509449,0.0
2019-02-08,11,0,260,1.62,1.62,0.0,20.808068,0.0
2019-02-08,11,0,265,18.21,18.21,0.0,193.793358,0.0
2019-02-08,11,0,266,11.62,11.62,0.0,123.66166,0.0
2019-02-08,11,0,267,14.28,14.28,0.0,151.96975,0.0
2019-02-08,11,0,270,127.05,127.05,0.0,2931.885688,0.0
2019-02-08,11,0,272,109.42,109.42,0.0,590.302544,0.0
2019-02-08,11,0,273,19.64,19.64,0.0,453.22499,0.0
2019-02-08,11,0,274,165.91,165.91,0.0,3828.643483,0.0
2019-02-08,11,0,275,234.09,234.09,0.0,5402.008034,0.0
2019-02-08,11,0,276,3.32,3.32,0.0,68.917048,0.0
2019-02-08,11,0,277,2.89,2.89,0.0,17.046954,0.0
2019-02-08,11,0,278,4.62,4.62,0.0,27.251532,0.0
2019-02-08,11,0,279,100.53,100.53,0.0,592.986268,0.0
2019-02-08,11,0,281,47.18,47.18,0.0,433.744911,0.0
2019-02-08,11,0,282,79.38,79.38,0.0,729.772595,0.0
2019-02-08,12,0,9,1.35,1.35,0.0,15.337207,0.0
2019-02-08,12,0,17,16.96,16.96,0.0,200.962054,0.0
2019-02-08,12,0,19,192.99,192.99,0.0,2286.772804,0.0
2019-02-08,12,0,20,234.06,234.06,0.0,2773.418532,0.0
2019-02-08,12,0,21,30.89,30.89,0.0,350.938009,0.0
2019-02-08,12,0,22,109.79,109.79,0.0,1247.312529,0.0
2019-02-08,12,0,23,13.96,13.96,0.0,158.598077,0.0
2019-02-08,12,0,24,23.37,23.37,0.0,265.504088,0.0
2019-02-08,12,0,29,4.51,4.51,0.0,54.23263,0.0
2019-02-08,12,0,30,201.49,201.49,0.0,2288.482589,0.0
2019-02-08,12,0,31,107.89,107.89,0.0,1225.392756,0.0
2019-02-08,12,0,32,3.73,3.73,0.0,101.951655,0.0
2019-02-08,12,0,33,0.82,0.82,0.0,9.786801,0.0
2019-02-08,12,0,34,1.3,1.3,0.0,15.515661,0.0
2019-02-08,12,0,35,1.3,1.3,0.0,15.515661,0.0
2019-02-08,12,0,36,3.29,3.29,0.0,38.554902,0.0
2019-02-08,12,0,37,1.56,1.56,0.0,18.279289,0.0
2019-02-08,12,0,38,2.01,2.01,0.0,23.552161,0.0
2019-02-08,12,0,39,1.34,1.34,0.0,15.701441,0.0
2019-02-08,12,0,40,1.34,1.34,0.0,15.701441,0.0
2019-02-08,12,0,41,10.91,10.91,0.0,125.706955,0.0
2019-02-08,12,0,42,29.66,29.66,0.0,350.894044,0.0
2019-02-08,12,0,43,11.22,11.22,0.0,131.751228,0.0
2019-02-08,12,0,46,12.09,12.09,0.0,141.267884,0.0
2019-02-08,12,0,52,114.36,114.36,0.0,1298.877705,0.0
2019-02-08,12,0,53,181.68,181.68,0.0,2063.484623,0.0
2019-02-08,12,0,55,373.52,373.52,0.0,4243.521048,0.0
2019-02-08,12,0,56,59.43,59.43,0.0,674.993897,0.0
2019-02-08,12,0,57,56.53,56.53,0.0,642.056284,0.0
2019-02-08,12,0,58,108.72,108.72,0.0,1234.819728,0.0
2019-02-08,12,0,59,106.91,106.91,0.0,1214.262115,0.0
2019-02-08,12,0,63,18.75,18.75,0.0,509.796,0.0
2019-02-08,12,0,64,22.06,22.06,0.0,599.791987,0.0
2019-02-08,12,0,65,41.4,41.4,0.0,490.412682,0.0
2019-02-08,12,0,67,201.38,201.38,0.0,3088.272824,0.0
2019-02-08,12,0,68,6.8,6.8,0.0,88.354401,0.0
2019-02-08,12,0,69,0.82,0.82,0.0,9.786801,0.0
2019-02-08,12,0,74,211.71,211.71,0.0,2487.054728,0.0
2019-02-08,12,0,77,15.04,15.04,0.0,166.390964,0.0
2019-02-08,12,0,78,11.37,11.37,0.0,125.788913,0.0
2019-02-08,12,0,79,6.58,6.58,0.0,72.796047,0.0
2019-02-08,12,0,80,10.64,10.64,0.0,117.712756,0.0
2019-02-08,12,0,81,13.91,13.91,0.0,153.889515,0.0
2019-02-08,12,0,82,9.81,9.81,0.0,108.530276,0.0
2019-02-08,12,0,83,21.88,21.88,0.0,242.06345,0.0
2019-02-08,12,0,84,0.0,0.0,0.0,0.0,0.0
2019-02-08,12,0,86,4.13,4.13,0.0,49.29206,0.0
2019-02-08,12,0,87,21.09,21.09,0.0,251.711755,0.0
2019-02-08,12,0,88,14.3,14.3,0.0,158.204174,0.0
2019-02-08,12,0,89,13.74,13.74,0.0,152.008766,0.0
2019-02-08,12,0,90,18.45,18.45,0.0,204.116575,0.0
2019-02-08,12,0,91,65.82,65.82,0.0,728.181731,0.0
2019-02-08,12,0,92,23.67,23.67,0.0,261.86663,0.0
2019-02-08,12,0,95,120.0,120.0,0.0,3271.61464,0.0
2019-02-08,12,0,96,7.18,7.18,0.0,81.52575,0.0
2019-02-08,12,0,97,44.16,44.16,0.0,501.417426,0.0
2019-02-08,12,0,99,40.86,40.86,0.0,480.00121,0.0
2019-02-08,12,0,101,4.06,4.06,0.0,46.112657,0.0
2019-02-08,12,0,102,16.09,16.09,0.0,209.062105,0.0
2019-02-08,12,0,103,13.99,13.99,0.0,181.776187,0.0
2019-02-08,12,0,104,2.6,2.6,0.0,33.782565,0.0
2019-02-08,12,0,106,108.08,108.08,0.0,1227.885401,0.0
2019-02-08,12,0,109,40.87,40.87,0.0,475.263845,0.0
2019-02-08,12,0,110,23.68,23.68,0.0,532.996,0.0
2019-02-08,12,0,111,5.93,5.93,0.0,68.326512,0.0
2019-02-08,12,0,113,11.11,11.11,0.0,116.885553,0.0
2019-02-08,12,0,115,11.11,11.11,0.0,116.885553,0.0
2019-02-08,12,0,116,109.68,109.68,0.0,2468.707823,0.0
2019-02-08,12,0,117,0.74,0.74,0.0,7.785356,0.0
2019-02-08,12,0,119,22.06,22.06,0.0,599.791987,0.0
2019-02-08,12,0,120,12.97,12.97,0.0,352.642886,0.0
2019-02-08,12,0,123,1.8,1.8,0.0,20.449609,0.0
2019-02-08,12,0,125,21.38,21.38,0.0,242.895909,0.0
2019-02-08,12,0,126,81.06,81.06,0.0,920.91405,0.0
2019-02-08,12,0,127,104.02,104.02,0.0,1181.760172,0.0
2019-02-08,12,0,128,29.31,29.31,0.0,332.987797,0.0
2019-02-08,12,0,131,7.3,7.3,0.0,90.284577,0.0
2019-02-08,12,0,132,10.74,10.74,0.0,132.829638,0.0
2019-02-08,12,0,133,41.94,41.94,0.0,496.968187,0.0
2019-02-08,12,0,134,0.0,0.0,0.0,0.0,0.0
2019-02-08,12,0,135,56.2,56.2,0.0,665.942111,0.0
2019-02-08,12,0,136,45.9,45.9,0.0,543.709687,0.0
2019-02-08,12,0,139,14.09,14.09,0.0,162.347478,0.0
2019-02-08,12,0,140,17.53,17.53,0.0,394.570096,0.0
2019-02-08,12,0,141,40.32,40.32,0.0,618.329329,0.0
2019-02-08,12,0,142,265.57,265.57,0.0,4072.661704,0.0
2019-02-08,12,0,143,181.5,181.5,0.0,2061.440219,0.0
2019-02-08,12,0,145,19.18,19.18,0.0,219.771,0.0
2019-02-08,12,0,146,160.99,160.99,0.0,3623.607516,0.0
2019-02-08,12,0,152,2.92,2.92,0.0,34.314346,0.0
2019-02-08,12,0,153,3.32,3.32,0.0,39.000328,0.0
2019-02-08,12,0,154,24.44,24.44,0.0,281.602014,0.0
2019-02-08,12,0,157,136.65,136.65,0.0,2095.602748,0.0
2019-02-08,12,0,158,339.29,339.29,0.0,5203.198364,0.0
2019-02-08,12,0,159,0.0,0.0,0.0,0.0,0.0
2019-02-08,12,0,160,0.93,0.93,0.0,10.992227,0.0
2019-02-08,12,0,161,34.92,34.92,0.0,453.725837,0.0
2019-02-08,12,0,162,134.54,134.54,0.0,3668.505861,0.0
2019-02-08,12,0,163,31.29,31.29,0.0,704.283988,0.0
2019-02-08,12,0,164,9.25,9.25,0.0,105.059626,0.0
2019-02-08,12,0,167,4.34,4.34,0.0,118.361868,0.0
2019-02-08,12,0,168,2.17,2.17,0.0,59.180934,0.0
2019-02-08,12,0,169,0.0,0.0,0.0,0.0,0.0
2019-02-08,12,0,170,4.75,4.75,0.0,129.54352,0.0
2019-02-08,12,0,172,4.71,4.71,0.0,125.753943,0.0
2019-02-08,12,0,173,7.17,7.17,0.0,191.434346,0.0
2019-02-08,12,0,188,6.94,6.94,0.0,186.794554,0.0
2019-02-08,12,0,190,10.73,10.73,0.0,291.739258,0.0
2019-02-08,12,0,191,27.71,27.71,0.0,753.410515,0.0
2019-02-08,12,0,192,46.11,46.11,0.0,1253.690323,0.0
2019-02-08,12,0,194,24.29,24.29,0.0,200.905967,0.0
2019-02-08,12,0,196,5.15,5.15,0.0,130.645532,0.0
2019-02-08,12,0,198,3.41,3.41,0.0,40.751542,0.0
2019-02-08,12,0,199,113.69,113.69,0.0,1268.758755,0.0
2019-02-08,12,0,200,11.74,11.74,0.0,131.016165,0.0
2019-02-08,12,0,204,174.52,174.52,0.0,2027.305013,0.0
2019-02-08,12,0,205,216.22,216.22,0.0,2514.351568,0.0
2019-02-08,12,0,206,129.76,129.76,0.0,1473.367871,0.0
2019-02-08,12,0,210,1.16,1.16,0.0,13.969241,0.0
2019-02-08,12,0,214,5.28,5.28,0.0,63.285815,0.0
2019-02-08,12,0,217,3.9,3.9,0.0,46.84469,0.0
2019-02-08,12,0,218,5.38,5.38,0.0,64.621649,0.0
2019-02-08,12,0,219,3.67,3.67,0.0,44.082055,0.0
2019-02-08,12,0,221,2.81,2.81,0.0,33.680519,0.0
2019-02-08,12,0,225,3.61,3.61,0.0,43.404061,0.0
2019-02-08,12,0,233,2.34,2.34,0.0,27.928189,0.0
2019-02-08,12,0,236,159.03,159.03,0.0,1876.865256,0.0
2019-02-08,12,0,237,507.88,507.88,0.0,5966.299916,0.0
2019-02-08,12,0,238,38.61,38.61,0.0,456.777445,0.0
2019-02-08,12,0,240,3.73,3.73,0.0,43.71118,0.0
2019-02-08,12,0,245,78.0,78.0,0.0,925.228504,0.0
2019-02-08,12,0,247,171.72,171.72,0.0,2036.926138,0.0
2019-02-08,12,0,248,50.98,50.98,0.0,598.885504,0.0
2019-02-08,12,0,249,150.0,150.0,0.0,1779.285586,0.0
2019-02-08,12,0,251,326.4,326.4,0.0,3864.587412,0.0
2019-02-08,12,0,252,267.06,267.06,0.0,3163.517167,0.0
2019-02-08,12,0,254,5.34,5.34,0.0,62.808397,0.0
2019-02-08,12,0,255,2.45,2.45,0.0,28.816587,0.0
2019-02-08,12,0,258,4.63,4.63,0.0,54.27585,0.0
2019-02-08,12,0,260,2.25,2.25,0.0,26.594098,0.0
2019-02-08,12,0,265,25.31,25.31,0.0,291.626308,0.0
2019-02-08,12,0,266,9.12,9.12,0.0,105.082257,0.0
2019-02-08,12,0,267,11.21,11.21,0.0,129.163608,0.0
2019-02-08,12,0,270,97.72,97.72,0.0,2199.50883,0.0
2019-02-08,12,0,272,37.11,37.11,0.0,390.4251,0.0
2019-02-08,12,0,273,26.23,26.23,0.0,590.392106,0.0
2019-02-08,12,0,274,125.98,125.98,0.0,2835.592738,0.0
2019-02-08,12,0,275,175.36,175.36,0.0,3947.051457,0.0
2019-02-08,12,0,276,4.49,4.49,0.0,93.871344,0.0
2019-02-08,12,0,277,3.84,3.84,0.0,41.23484,0.0
2019-02-08,12,0,278,6.14,6.14,0.0,65.932792,0.0
2019-02-08,12,0,279,62.8,62.8,0.0,674.361451,0.0
2019-02-08,12,0,281,48.42,48.42,0.0,549.944548,0.0
2019-02-08,12,0,282,110.53,110.53,0.0,1255.377341,0.0
2019-02-08,13,0,9,1.29,1.29,0.0,19.628255,0.0
2019-02-08,13,0,17,15.15,15.15,0.0,200.346854,0.0
2019-02-08,13,0,19,192.99,192.99,0.0,2552.141205,0.0
2019-02-08,13,0,20,234.06,234.06,0.0,3095.259705,0.0
2019-02-08,13,0,21,29.46,29.46,0.0,448.254573,0.0
2019-02-08,13,0,22,104.69,104.69,0.0,1592.931813,0.0
2019-02-08,13,0,23,20.29,20.29,0.0,308.726588,0.0
2019-02-08,13,0,24,35.43,35.43,0.0,539.092312,0.0
2019-02-08,13,0,29,3.1,3.1,0.0,40.302112,0.0
2019-02-08,13,0,30,223.74,223.74,0.0,2541.19358,0.0
2019-02-08,13,0,31,103.86,103.86,0.0,1179.620833,0.0
2019-02-08,13,0,32,2.5,2.5,0.0,63.63241,0.0
2019-02-08,13,0,33,0.97,0.97,0.0,12.721423,0.0
2019-02-08,13,0,34,1.56,1.56,0.0,20.459195,0.0
2019-02-08,13,0,35,1.56,1.56,0.0,20.459195,0.0
2019-02-08,13,0,36,5.23,5.23,0.0,70.017692,0.0
2019-02-08,13,0,37,2.38,2.38,0.0,31.865575,0.0
2019-02-08,13,0,38,3.06,3.06,0.0,40.970025,0.0
2019-02-08,13,0,39,2.04,2.04,0.0,27.31335,0.0
2019-02-08,13,0,40,2.04,2.04,0.0,27.31335,0.0
2019-02-08,13,0,41,8.57,8.57,0.0,117.07169,0.0
2019-02-08,13,0,42,31.0,31.0,0.0,410.685431,0.0
2019-02-08,13,0,43,15.46,15.46,0.0,206.499017,0.0
2019-02-08,13,0,46,13.83,13.83,0.0,185.717961,0.0
2019-02-08,13,0,52,110.09,110.09,0.0,1250.379911,0.0
2019-02-08,13,0,53,174.91,174.91,0.0,1986.592335,0.0
2019-02-08,13,0,55,333.35,333.35,0.0,5072.154169,0.0
2019-02-08,13,0,56,66.0,66.0,0.0,749.614625,0.0
2019-02-08,13,0,57,62.78,62.78,0.0,713.042518,0.0
2019-02-08,13,0,58,120.72,120.72,0.0,1371.113296,0.0
2019-02-08,13,0,59,118.71,118.71,0.0,1348.284124,0.0
2019-02-08,13,0,63,16.32,16.32,0.0,412.075309,0.0
2019-02-08,13,0,64,19.21,19.21,0.0,485.046978,0.0
2019-02-08,13,0,65,41.4,41.4,0.0,547.664775,0.0
2019-02-08,13,0,67,146.91,146.91,0.0,2502.003616,0.0
2019-02-08,13,0,68,3.83,3.83,0.0,59.020211,0.0
2019-02-08,13,0,69,0.97,0.97,0.0,12.721423,0.0
2019-02-08,13,0,74,195.94,195.94,0.0,2616.741406,0.0
2019-02-08,13,0,77,8.82,8.82,0.0,123.790452,0.0
2019-02-08,13,0,78,6.67,6.67,0.0,93.614775,0.0
2019-02-08,13,0,79,3.86,3.86,0.0,54.175867,0.0
2019-02-08,13,0,80,6.24,6.24,0.0,87.579639,0.0
2019-02-08,13,0,81,8.16,8.16,0.0,114.52722,0.0
2019-02-08,13,0,82,5.76,5.76,0.0,80.842744,0.0
2019-02-08,13,0,83,12.83,12.83,0.0,180.071598,0.0
2019-02-08,13,0,84,0.0,0.0,0.0,0.0,0.0
2019-02-08,13,0,86,4.93,4.93,0.0,64.656303,0.0
2019-02-08,13,0,87,25.15,25.15,0.0,329.838951,0.0
2019-02-08,13,0,88,8.61,8.61,0.0,120.84306,0.0
2019-02-08,13,0,89,8.27,8.27,0.0,116.071092,0.0
2019-02-08,13,0,90,11.11,11.11,0.0,155.931056,0.0
2019-02-08,13,0,91,39.63,39.63,0.0,556.21492,0.0
2019-02-08,13,0,92,14.25,14.25,0.0,200.00158,0.0
2019-02-08,13,0,95,120.0,120.0,0.0,3049.643213,0.0
2019-02-08,13,0,96,4.78,4.78,0.0,65.323849,0.0
2019-02-08,13,0,97,29.41,29.41,0.0,401.919328,0.0
2019-02-08,13,0,99,37.82,37.82,0.0,505.078902,0.0
2019-02-08,13,0,101,4.51,4.51,0.0,51.223666,0.0
2019-02-08,13,0,102,9.07,9.07,0.0,139.768488,0.0
2019-02-08,13,0,103,7.89,7.89,0.0,121.584716,0.0
2019-02-08,13,0,104,1.46,1.46,0.0,22.498566,0.0
2019-02-08,13,0,106,103.06,103.06,0.0,1568.130219,0.0
2019-02-08,13,0,109,30.22,30.22,0.0,407.922354,0.0
2019-02-08,13,0,110,57.02,57.02,0.0,1254.1275,0.0
2019-02-08,13,0,111,10.02,10.02,0.0,136.879618,0.0
2019-02-08,13,0,113,6.49,6.49,0.0,89.486261,0.0
2019-02-08,13,0,115,6.49,6.49,0.0,89.486261,0.0
2019-02-08,13,0,116,91.53,91.53,0.0,2013.158366,0.0
2019-02-08,13,0,117,0.43,0.43,0.0,5.928982,0.0
2019-02-08,13,0,119,19.21,19.21,0.0,485.046978,0.0
2019-02-08,13,0,120,11.29,11.29,0.0,285.069255,0.0
2019-02-08,13,0,123,1.72,1.72,0.0,26.171007,0.0
2019-02-08,13,0,125,32.17,32.17,0.0,489.489124,0.0
2019-02-08,13,0,126,77.29,77.29,0.0,1176.021586,0.0
2019-02-08,13,0,127,99.19,99.19,0.0,1509.245454,0.0
2019-02-08,13,0,128,45.42,45.42,0.0,691.097172,0.0
2019-02-08,13,0,131,4.21,4.21,0.0,63.053543,0.0
2019-02-08,13,0,132,6.19,6.19,0.0,92.708179,0.0
2019-02-08,13,0,133,41.94,41.94,0.0,554.606169,0.0
2019-02-08,13,0,134,0.0,0.0,0.0,0.0,0.0
2019-02-08,13,0,135,56.2,56.2,0.0,743.177556,0.0
2019-02-08,13,0,136,45.9,45.9,0.0,607.20465,0.0
2019-02-08,13,0,139,11.07,11.07,0.0,151.223291,0.0
2019-02-08,13,0,140,42.2,42.2,0.0,928.168721,0.0
2019-02-08,13,0,141,31.55,31.55,0.0,537.323627,0.0
2019-02-08,13,0,142,193.73,193.73,0.0,3299.388473,0.0
2019-02-08,13,0,143,173.6,173.6,0.0,1971.71362,0.0
2019-02-08,13,0,145,22.53,22.53,0.0,308.812348,0.0
2019-02-08,13,0,146,245.06,245.06,0.0,5389.976939,0.0
2019-02-08,13,0,152,3.0,3.0,0.0,40.043325,0.0
2019-02-08,13,0,153,4.01,4.01,0.0,53.546845,0.0
2019-02-08,13,0,154,41.35,41.35,0.0,564.867487,0.0
2019-02-08,13,0,157,163.57,163.57,0.0,2785.73774,0.0
2019-02-08,13,0,158,421.93,421.93,0.0,7185.830683,0.0
2019-02-08,13,0,159,0.0,0.0,0.0,0.0,0.0
2019-02-08,13,0,160,1.31,1.31,0.0,17.370247,0.0
2019-02-08,13,0,161,27.45,27.45,0.0,423.003859,0.0
2019-02-08,13,0,162,130.29,130.29,0.0,3311.192888,0.0
2019-02-08,13,0,163,12.63,12.63,0.0,277.790781,0.0
2019-02-08,13,0,164,14.69,14.69,0.0,166.846043,0.0
2019-02-08,13,0,167,3.04,3.04,0.0,77.282208,0.0
2019-02-08,13,0,168,1.52,1.52,0.0,38.641104,0.0
2019-02-08,13,0,169,0.0,0.0,0.0,0.0,0.0
2019-02-08,13,0,170,3.33,3.33,0.0,84.654524,0.0
2019-02-08,13,0,172,5.44,5.44,0.0,137.463007,0.0
2019-02-08,13,0,173,8.29,8.29,0.0,209.479472,0.0
2019-02-08,13,0,188,5.22,5.22,0.0,131.63792,0.0
2019-02-08,13,0,190,8.87,8.87,0.0,223.96495,0.0
2019-02-08,13,0,191,22.91,22.91,0.0,578.470914,0.0
2019-02-08,13,0,192,47.99,47.99,0.0,1211.733705,0.0
2019-02-08,13,0,194,16.64,16.64,0.0,205.528652,0.0
2019-02-08,13,0,196,3.04,3.04,0.0,72.831738,0.0
2019-02-08,13,0,198,5.45,5.45,0.0,71.364374,0.0
2019-02-08,13,0,199,73.53,73.53,0.0,923.410231,0.0
2019-02-08,13,0,200,14.02,14.02,0.0,176.067067,0.0
2019-02-08,13,0,204,124.74,124.74,0.0,1685.628012,0.0
2019-02-08,13,0,205,159.86,159.86,0.0,2157.857958,0.0
2019-02-08,13,0,206,86.42,86.42,0.0,1181.022385,0.0
2019-02-08,13,0,210,0.83,0.83,0.0,10.772169,0.0
2019-02-08,13,0,214,5.0,5.0,0.0,65.251234,0.0
2019-02-08,13,0,217,3.4,3.4,0.0,44.260602,0.0
2019-02-08,13,0,218,4.69,4.69,0.0,61.053595,0.0
2019-02-08,13,0,219,3.2,3.2,0.0,41.657037,0.0
2019-02-08,13,0,221,2.67,2.67,0.0,34.844159,0.0
2019-02-08,13,0,225,2.79,2.79,0.0,36.277873,0.0
2019-02-08,13,0,233,2.79,2.79,0.0,36.590484,0.0
2019-02-08,13,0,236,319.85,319.85,0.0,4248.922421,0.0
2019-02-08,13,0,237,470.05,470.05,0.0,6277.428284,0.0
2019-02-08,13,0,238,40.35,40.35,0.0,534.553456,0.0
2019-02-08,13,0,240,5.93,5.93,0.0,79.389085,0.0
2019-02-08,13,0,245,78.0,78.0,0.0,1030.225844,0.0
2019-02-08,13,0,247,171.72,171.72,0.0,2268.081819,0.0
2019-02-08,13,0,248,47.18,47.18,0.0,630.07992,0.0
2019-02-08,13,0,249,150.0,150.0,0.0,1981.203545,0.0
2019-02-08,13,0,251,326.4,326.4,0.0,4320.180378,0.0
2019-02-08,13,0,252,267.06,267.06,0.0,3532.834657,0.0
2019-02-08,13,0,254,6.25,6.25,0.0,83.328637,0.0
2019-02-08,13,0,255,2.86,2.86,0.0,38.131184,0.0
2019-02-08,13,0,258,7.33,7.33,0.0,98.095506,0.0
2019-02-08,13,0,260,3.17,3.17,0.0,42.033347,0.0
2019-02-08,13,0,265,42.82,42.82,0.0,584.948628,0.0
2019-02-08,13,0,266,7.17,7.17,0.0,97.946793,0.0
2019-02-08,13,0,267,8.81,8.81,0.0,120.350243,0.0
2019-02-08,13,0,270,39.29,39.29,0.0,864.16467,0.0
2019-02-08,13,0,272,21.68,21.68,0.0,298.930993,0.0
2019-02-08,13,0,273,21.89,21.89,0.0,481.460031,0.0
2019-02-08,13,0,274,50.63,50.63,0.0,1113.58252,0.0
2019-02-08,13,0,275,70.44,70.44,0.0,1549.293951,0.0
2019-02-08,13,0,276,2.99,2.99,0.0,62.449855,0.0
2019-02-08,13,0,277,3.48,3.48,0.0,48.327816,0.0
2019-02-08,13,0,278,5.57,5.57,0.0,77.352281,0.0
2019-02-08,13,0,279,51.51,51.51,0.0,715.335007,0.0
2019-02-08,13,0,281,46.61,46.61,0.0,529.386935,0.0
2019-02-08,13,0,282,122.74,122.74,0.0,1394.056047,0.0
2019-02-08,14,0,9,1.36,1.36,0.0,10.070304,0.0
2019-02-08,14,0,17,15.73,15.73,0.0,163.925813,0.0
2019-02-08,14,0,19,192.99,192.99,0.0,2011.191523,0.0
2019-02-08,14,0,20,234.06,234.06,0.0,2439.191087,0.0
2019-02-08,14,0,21,31.07,31.07,0.0,230.062029,0.0
2019-02-08,14,0,22,110.4,110.4,0.0,817.471774,0.0
2019-02-08,14,0,23,12.39,12.39,0.0,91.743436,0.0
2019-02-08,14,0,24,21.3,21.3,0.0,157.718739,0.0
2019-02-08,14,0,29,3.08,3.08,0.0,35.442407,0.0
2019-02-08,14,0,30,241.28,241.28,0.0,1781.974902,0.0
2019-02-08,14,0,31,105.08,105.08,0.0,776.068977,0.0
2019-02-08,14,0,32,2.52,2.52,0.0,56.561582,0.0
2019-02-08,14,0,33,1.0,1.0,0.0,10.952189,0.0
2019-02-08,14,0,34,1.6,1.6,0.0,17.523502,0.0
2019-02-08,14,0,35,1.6,1.6,0.0,17.523502,0.0
2019-02-08,14,0,36,5.41,5.41,0.0,52.021747,0.0
2019-02-08,14,0,37,2.46,2.46,0.0,23.634897,0.0
2019-02-08,14,0,38,3.16,3.16,0.0,30.360275,0.0
2019-02-08,14,0,39,2.11,2.11,0.0,20.272209,0.0
2019-02-08,14,0,40,2.11,2.11,0.0,20.272209,0.0
2019-02-08,14,0,41,11.32,11.32,0.0,95.099712,0.0
2019-02-08,14,0,42,32.92,32.92,0.0,339.277677,0.0
2019-02-08,14,0,43,15.71,15.71,0.0,153.367022,0.0
2019-02-08,14,0,46,14.26,14.26,0.0,134.115557,0.0
2019-02-08,14,0,52,111.38,111.38,0.0,822.597665,0.0
2019-02-08,14,0,53,176.95,176.95,0.0,1306.865297,0.0
2019-02-08,14,0,55,341.96,341.96,0.0,2532.089202,0.0
2019-02-08,14,0,56,71.17,71.17,0.0,525.626466,0.0
2019-02-08,14,0,57,67.7,67.7,0.0,499.99876,0.0
2019-02-08,14,0,58,130.19,130.19,0.0,961.519034,0.0
2019-02-08,14,0,59,128.02,128.02,0.0,945.492485,0.0
2019-02-08,14,0,63,16.72,16.72,0.0,397.133914,0.0
2019-02-08,14,0,64,19.67,19.67,0.0,467.202398,0.0
2019-02-08,14,0,65,41.4,41.4,0.0,430.553422,0.0
2019-02-08,14,0,67,153.3,153.3,0.0,653.319158,0.0
2019-02-08,14,0,68,3.46,3.46,0.0,16.974478,0.0
2019-02-08,14,0,69,1.0,1.0,0.0,10.952189,0.0
2019-02-08,14,0,74,201.9,201.9,0.0,1977.16942,0.0
2019-02-08,14,0,77,13.83,13.83,0.0,76.973383,0.0
2019-02-08,14,0,78,10.45,10.45,0.0,58.161378,0.0
2019-02-08,14,0,79,6.05,6.05,0.0,33.672377,0.0
2019-02-08,14,0,80,9.78,9.78,0.0,54.432371,0.0
2019-02-08,14,0,81,12.79,12.79,0.0,71.185074,0.0
2019-02-08,14,0,82,9.02,9.02,0.0,50.202452,0.0
2019-02-08,14,0,83,20.12,20.12,0.0,111.981523,0.0
2019-02-08,14,0,84,0.0,0.0,0.0,0.0,0.0
2019-02-08,14,0,86,5.05,5.05,0.0,55.308554,0.0
2019-02-08,14,0,87,25.8,25.8,0.0,282.566476,0.0
2019-02-08,14,0,88,12.71,12.71,0.0,70.739819,0.0
2019-02-08,14,0,89,12.22,12.22,0.0,68.012635,0.0
2019-02-08,14,0,90,16.4,16.4,0.0,91.277186,0.0
2019-02-08,14,0,91,58.51,58.51,0.0,325.648058,0.0
2019-02-08,14,0,92,21.04,21.04,0.0,117.101951,0.0
2019-02-08,14,0,95,120.0,120.0,0.0,2691.568394,0.0
2019-02-08,14,0,96,7.47,7.47,0.0,55.020388,0.0
2019-02-08,14,0,97,50.1,50.1,0.0,369.01224,0.0
2019-02-08,14,0,99,38.97,38.97,0.0,381.626014,0.0
2019-02-08,14,0,101,4.86,4.86,0.0,35.893559,0.0
2019-02-08,14,0,102,8.18,8.18,0.0,40.130414,0.0
2019-02-08,14,0,103,7.11,7.11,0.0,34.881081,0.0
2019-02-08,14,0,104,1.33,1.33,0.0,6.524872,0.0
2019-02-08,14,0,106,108.68,108.68,0.0,804.735801,0.0
2019-02-08,14,0,109,35.88,35.88,0.0,325.0353,0.0
2019-02-08,14,0,110,129.25,129.25,0.0,295.841925,0.0
2019-02-08,14,0,111,10.77,10.77,0.0,90.479143,0.0
2019-02-08,14,0,113,9.21,9.21,0.0,48.734659,0.0
2019-02-08,14,0,115,9.21,9.21,0.0,48.734659,0.0
2019-02-08,14,0,116,93.63,93.63,0.0,214.310866,0.0
2019-02-08,14,0,117,0.61,0.61,0.0,3.227811,0.0
2019-02-08,14,0,119,19.67,19.67,0.0,467.202398,0.0
2019-02-08,14,0,120,11.57,11.57,0.0,274.810968,0.0
2019-02-08,14,0,123,1.81,1.81,0.0,13.40239,0.0
2019-02-08,14,0,125,19.42,19.42,0.0,143.798024,0.0
2019-02-08,14,0,126,81.51,81.51,0.0,603.551851,0.0
2019-02-08,14,0,127,104.61,104.61,0.0,774.598934,0.0
2019-02-08,14,0,128,26.95,26.95,0.0,199.55493,0.0
2019-02-08,14,0,131,6.54,6.54,0.0,33.209914,0.0
2019-02-08,14,0,132,9.61,9.61,0.0,48.799278,0.0
2019-02-08,14,0,133,41.94,41.94,0.0,437.150509,0.0
2019-02-08,14,0,134,0.0,0.0,0.0,0.0,0.0
2019-02-08,14,0,135,56.2,56.2,0.0,585.785851,0.0
2019-02-08,14,0,136,45.9,45.9,0.0,477.298833,0.0
2019-02-08,14,0,139,14.62,14.62,0.0,122.823127,0.0
2019-02-08,14,0,140,95.66,95.66,0.0,218.957358,0.0
2019-02-08,14,0,141,43.94,43.94,0.0,187.259255,0.0
2019-02-08,14,0,142,202.17,202.17,0.0,861.588612,0.0
2019-02-08,14,0,143,181.43,181.43,0.0,1339.952364,0.0
2019-02-08,14,0,145,17.04,17.04,0.0,136.433562,0.0
2019-02-08,14,0,146,268.0,268.0,0.0,613.428518,0.0
2019-02-08,14,0,152,3.18,3.18,0.0,31.220299,0.0
2019-02-08,14,0,153,4.25,4.25,0.0,41.609666,0.0
2019-02-08,14,0,154,44.41,44.41,0.0,373.089949,0.0
2019-02-08,14,0,157,198.33,198.33,0.0,845.223671,0.0
2019-02-08,14,0,158,450.53,450.53,0.0,1920.025313,0.0
2019-02-08,14,0,159,0.0,0.0,0.0,0.0,0.0
2019-02-08,14,0,160,1.33,1.33,0.0,13.617187,0.0
2019-02-08,14,0,161,28.62,28.62,0.0,140.40739,0.0
2019-02-08,14,0,162,124.34,124.34,0.0,2791.321578,0.0
2019-02-08,14,0,163,18.85,18.85,0.0,43.145998,0.0
2019-02-08,14,0,164,15.8,15.8,0.0,116.690996,0.0
2019-02-08,14,0,167,3.12,3.12,0.0,69.881674,0.0
2019-02-08,14,0,168,1.56,1.56,0.0,34.940837,0.0
2019-02-08,14,0,169,0.0,0.0,0.0,0.0,0.0
2019-02-08,14,0,170,3.41,3.41,0.0,76.377086,0.0
2019-02-08,14,0,172,5.56,5.56,0.0,118.057423,0.0
2019-02-08,14,0,173,8.47,8.47,0.0,179.84647,0.0
2019-02-08,14,0,188,5.27,5.27,0.0,115.058789,0.0
2019-02-08,14,0,190,8.98,8.98,0.0,213.293215,0.0
2019-02-08,14,0,191,23.19,23.19,0.0,550.809538,0.0
2019-02-08,14,0,192,59.05,59.05,0.0,1402.557274,0.0
2019-02-08,14,0,194,18.57,18.57,0.0,102.417271,0.0
2019-02-08,14,0,196,3.09,3.09,0.0,77.093339,0.0
2019-02-08,14,0,198,5.65,5.65,0.0,62.420039,0.0
2019-02-08,14,0,199,130.0,130.0,0.0,1437.490904,0.0
2019-02-08,14,0,200,14.3,14.3,0.0,158.123999,0.0
2019-02-08,14,0,204,145.27,145.27,0.0,1305.036165,0.0
2019-02-08,14,0,205,189.79,189.79,0.0,1719.299041,0.0
2019-02-08,14,0,206,177.35,177.35,0.0,1306.273867,0.0
2019-02-08,14,0,210,0.84,0.84,0.0,9.7568,0.0
2019-02-08,14,0,214,5.02,5.02,0.0,56.556279,0.0
2019-02-08,14,0,217,3.46,3.46,0.0,39.526295,0.0
2019-02-08,14,0,218,4.77,4.77,0.0,54.491453,0.0
2019-02-08,14,0,219,3.25,3.25,0.0,37.1273,0.0
2019-02-08,14,0,221,2.68,2.68,0.0,30.193392,0.0
2019-02-08,14,0,225,2.81,2.81,0.0,32.306145,0.0
2019-02-08,14,0,233,2.86,2.86,0.0,31.323261,0.0
2019-02-08,14,0,236,159.05,159.05,0.0,1611.096405,0.0
2019-02-08,14,0,237,484.33,484.33,0.0,4742.95426,0.0
2019-02-08,14,0,238,42.85,42.85,0.0,441.617511,0.0
2019-02-08,14,0,240,6.13,6.13,0.0,58.945159,0.0
2019-02-08,14,0,245,78.0,78.0,0.0,818.98776,0.0
2019-02-08,14,0,247,171.72,171.72,0.0,1803.033054,0.0
2019-02-08,14,0,248,48.62,48.62,0.0,476.126682,0.0
2019-02-08,14,0,249,150.0,150.0,0.0,1574.976462,0.0
2019-02-08,14,0,251,326.4,326.4,0.0,3383.050552,0.0
2019-02-08,14,0,252,267.06,267.06,0.0,2777.38157,0.0
2019-02-08,14,0,254,6.34,6.34,0.0,62.650952,0.0
2019-02-08,14,0,255,2.91,2.91,0.0,28.756194,0.0
2019-02-08,14,0,258,7.55,7.55,0.0,72.778345,0.0
2019-02-08,14,0,260,3.22,3.22,0.0,32.967927,0.0
2019-02-08,14,0,265,45.98,45.98,0.0,386.279573,0.0
2019-02-08,14,0,266,9.47,9.47,0.0,79.557798,0.0
2019-02-08,14,0,267,11.64,11.64,0.0,97.788043,0.0
2019-02-08,14,0,270,65.53,65.53,0.0,149.992428,0.0
2019-02-08,14,0,272,30.79,30.79,0.0,162.925099,0.0
2019-02-08,14,0,273,22.39,22.39,0.0,51.248748,0.0
2019-02-08,14,0,274,87.41,87.41,0.0,200.073831,0.0
2019-02-08,14,0,275,127.13,127.13,0.0,290.989431,0.0
2019-02-08,14,0,276,3.09,3.09,0.0,8.433831,0.0
2019-02-08,14,0,277,3.6,3.6,0.0,19.445113,0.0
2019-02-08,14,0,278,5.75,5.75,0.0,31.058167,0.0
2019-02-08,14,0,279,53.1,53.1,0.0,286.815423,0.0
2019-02-08,14,0,281,47.16,47.16,0.0,348.300466,0.0
2019-02-08,14,0,282,132.36,132.36,0.0,977.545582,0.0
2019-02-08,15,0,9,1.31,1.31,0.0,8.263629,0.0
2019-02-08,15,0,17,15.11,15.11,0.0,153.70115,0.0
2019-02-08,15,0,19,192.99,192.99,0.0,1963.122757,0.0
2019-02-08,15,0,20,234.06,234.06,0.0,2380.892857,0.0
2019-02-08,15,0,21,29.95,29.95,0.0,188.928018,0.0
2019-02-08,15,0,22,106.44,106.44,0.0,671.435666,0.0
2019-02-08,15,0,23,12.06,12.06,0.0,76.075856,0.0
2019-02-08,15,0,24,21.34,21.34,0.0,134.615155,0.0
2019-02-08,15,0,29,2.92,2.92,0.0,33.176294,0.0
2019-02-08,15,0,30,233.22,233.22,0.0,1465.496357,0.0
2019-02-08,15,0,31,107.69,107.69,0.0,676.697122,0.0
2019-02-08,15,0,32,2.43,2.43,0.0,54.302692,0.0
2019-02-08,15,0,33,0.98,0.98,0.0,10.642409,0.0
2019-02-08,15,0,34,1.56,1.56,0.0,16.940977,0.0
2019-02-08,15,0,35,1.56,1.56,0.0,16.940977,0.0
2019-02-08,15,0,36,5.28,5.28,0.0,48.157102,0.0
2019-02-08,15,0,37,2.4,2.4,0.0,21.86082,0.0
2019-02-08,15,0,38,3.08,3.08,0.0,28.054719,0.0
2019-02-08,15,0,39,2.05,2.05,0.0,18.672784,0.0
2019-02-08,15,0,40,2.05,2.05,0.0,18.672784,0.0
2019-02-08,15,0,41,25.13,25.13,0.0,190.45628,0.0
2019-02-08,15,0,42,31.95,31.95,0.0,320.239063,0.0
2019-02-08,15,0,43,15.37,15.37,0.0,142.952215,0.0
2019-02-08,15,0,46,13.82,13.82,0.0,122.297266,0.0
2019-02-08,15,0,52,114.15,114.15,0.0,717.290152,0.0
2019-02-08,15,0,53,181.35,181.35,0.0,1139.558204,0.0
2019-02-08,15,0,55,355.07,355.07,0.0,2239.822078,0.0
2019-02-08,15,0,56,68.79,68.79,0.0,432.259216,0.0
2019-02-08,15,0,57,65.44,65.44,0.0,411.208651,0.0
2019-02-08,15,0,58,125.84,125.84,0.0,790.747198,0.0
2019-02-08,15,0,59,123.74,123.74,0.0,777.551322,0.0
2019-02-08,15,0,63,18.09,18.09,0.0,458.221837,0.0
2019-02-08,15,0,64,21.29,21.29,0.0,539.278215,0.0
2019-02-08,15,0,65,41.4,41.4,0.0,419.980897,0.0
2019-02-08,15,0,67,148.52,148.52,0.0,-709.981285,0.0
2019-02-08,15,0,68,9.36,9.36,0.0,-0.871655,0.0
2019-02-08,15,0,69,0.98,0.98,0.0,10.642409,0.0
2019-02-08,15,0,74,207.25,207.25,0.0,1939.824877,0.0
2019-02-08,15,0,77,20.72,20.72,0.0,82.183954,0.0
2019-02-08,15,0,78,15.67,15.67,0.0,62.153599,0.0
2019-02-08,15,0,79,9.07,9.07,0.0,35.975312,0.0
2019-02-08,15,0,80,14.66,14.66,0.0,58.147528,0.0
2019-02-08,15,0,81,19.17,19.17,0.0,76.036023,0.0
2019-02-08,15,0,82,13.52,13.52,0.0,53.625823,0.0
2019-02-08,15,0,83,30.15,30.15,0.0,119.587173,0.0
2019-02-08,15,0,84,0.0,0.0,0.0,0.0,0.0
2019-02-08,15,0,86,4.95,4.95,0.0,53.755023,0.0
2019-02-08,15,0,87,25.26,25.26,0.0,274.313509,0.0
2019-02-08,15,0,88,18.48,18.48,0.0,73.299203,0.0
2019-02-08,15,0,89,17.77,17.77,0.0,70.483054,0.0
2019-02-08,15,0,90,23.86,23.86,0.0,94.638473,0.0
2019-02-08,15,0,91,85.1,85.1,0.0,337.541241,0.0
2019-02-08,15,0,92,30.61,30.61,0.0,121.41172,0.0
2019-02-08,15,0,95,120.0,120.0,0.0,2691.568394,0.0
2019-02-08,15,0,96,10.24,10.24,0.0,64.084876,0.0
2019-02-08,15,0,97,62.97,62.97,0.0,394.08444,0.0
2019-02-08,15,0,99,40.0,40.0,0.0,374.393221,0.0
2019-02-08,15,0,101,4.7,4.7,0.0,29.533629,0.0
2019-02-08,15,0,102,22.15,22.15,0.0,-2.062731,0.0
2019-02-08,15,0,103,19.26,19.26,0.0,-1.793598,0.0
2019-02-08,15,0,104,3.58,3.58,0.0,-0.333389,0.0
2019-02-08,15,0,106,104.78,104.78,0.0,660.964197,0.0
2019-02-08,15,0,109,43.06,43.06,0.0,362.293731,0.0
2019-02-08,15,0,110,247.91,247.91,0.0,-4743.565251,0.0
2019-02-08,15,0,111,10.38,10.38,0.0,78.668372,0.0
2019-02-08,15,0,113,13.15,13.15,0.0,57.919625,0.0
2019-02-08,15,0,115,13.15,13.15,0.0,57.919625,0.0
2019-02-08,15,0,116,89.92,89.92,0.0,-1720.549342,0.0
2019-02-08,15,0,117,0.88,0.88,0.0,3.87599,0.0
2019-02-08,15,0,119,21.29,21.29,0.0,539.278215,0.0
2019-02-08,15,0,120,12.52,12.52,0.0,317.133079,0.0
2019-02-08,15,0,123,1.75,1.75,0.0,11.0392,0.0
2019-02-08,15,0,125,19.31,19.31,0.0,121.809684,0.0
2019-02-08,15,0,126,78.58,78.58,0.0,495.691607,0.0
2019-02-08,15,0,127,100.85,100.85,0.0,636.173308,0.0
2019-02-08,15,0,128,27.66,27.66,0.0,174.482436,0.0
2019-02-08,15,0,131,23.74,23.74,0.0,27.507405,0.0
2019-02-08,15,0,132,34.94,34.94,0.0,40.484783,0.0
2019-02-08,15,0,133,41.94,41.94,0.0,426.729249,0.0
2019-02-08,15,0,134,0.0,0.0,0.0,0.0,0.0
2019-02-08,15,0,135,56.2,56.2,0.0,571.821263,0.0
2019-02-08,15,0,136,45.9,45.9,0.0,465.561242,0.0
2019-02-08,15,0,139,32.68,32.68,0.0,247.676531,0.0
2019-02-08,15,0,140,183.48,183.48,0.0,-3510.747256,0.0
2019-02-08,15,0,141,59.23,59.23,0.0,-283.141607,0.0
2019-02-08,15,0,142,195.86,195.86,0.0,-936.284235,0.0
2019-02-08,15,0,143,190.3,190.3,0.0,1195.797774,0.0
2019-02-08,15,0,145,12.36,12.36,0.0,87.439405,0.0
2019-02-08,15,0,146,268.0,268.0,0.0,-5127.971794,0.0
2019-02-08,15,0,152,3.08,3.08,0.0,28.921108,0.0
2019-02-08,15,0,153,4.13,4.13,0.0,38.63495,0.0
2019-02-08,15,0,154,42.8,42.8,0.0,324.374404,0.0
2019-02-08,15,0,157,238.95,238.95,0.0,-1142.270591,0.0
2019-02-08,15,0,158,431.02,431.02,0.0,-2060.437204,0.0
2019-02-08,15,0,159,0.0,0.0,0.0,0.0,0.0
2019-02-08,15,0,160,1.27,1.27,0.0,12.567118,0.0
2019-02-08,15,0,161,27.45,27.45,0.0,-2.556296,0.0
2019-02-08,15,0,162,118.82,118.82,0.0,2669.23036,0.0
2019-02-08,15,0,163,26.38,26.38,0.0,-504.760806,0.0
2019-02-08,15,0,164,14.96,14.96,0.0,94.004912,0.0
2019-02-08,15,0,167,2.95,2.95,0.0,65.927549,0.0
2019-02-08,15,0,168,1.48,1.48,0.0,33.075516,0.0
2019-02-08,15,0,169,0.0,0.0,0.0,0.0,0.0
2019-02-08,15,0,170,3.23,3.23,0.0,72.185079,0.0
2019-02-08,15,0,172,5.31,5.31,0.0,111.911165,0.0
2019-02-08,15,0,173,8.09,8.09,0.0,170.501192,0.0
2019-02-08,15,0,188,5.1,5.1,0.0,110.253244,0.0
2019-02-08,15,0,190,8.47,8.47,0.0,214.546101,0.0
2019-02-08,15,0,191,21.87,21.87,0.0,553.969684,0.0
2019-02-08,15,0,192,77.83,77.83,0.0,1971.443094,0.0
2019-02-08,15,0,194,21.31,21.31,0.0,176.922084,0.0
2019-02-08,15,0,196,2.94,2.94,0.0,89.751195,0.0
2019-02-08,15,0,198,5.45,5.45,0.0,59.377619,0.0
2019-02-08,15,0,199,130.0,130.0,0.0,1574.500496,0.0
2019-02-08,15,0,200,13.79,13.79,0.0,167.018168,0.0
2019-02-08,15,0,204,170.76,170.76,0.0,1420.184841,0.0
2019-02-08,15,0,205,227.78,227.78,0.0,1916.471574,0.0
2019-02-08,15,0,206,185.02,185.02,0.0,1157.908576,0.0
2019-02-08,15,0,210,0.8,0.8,0.0,9.205415,0.0
2019-02-08,15,0,214,4.9,4.9,0.0,55.204336,0.0
2019-02-08,15,0,217,3.33,3.33,0.0,37.887962,0.0
2019-02-08,15,0,218,4.59,4.59,0.0,52.223948,0.0
2019-02-08,15,0,219,3.13,3.13,0.0,35.612409,0.0
2019-02-08,15,0,221,2.61,2.61,0.0,29.404759,0.0
2019-02-08,15,0,225,2.64,2.64,0.0,29.958031,0.0
2019-02-08,15,0,233,2.8,2.8,0.0,30.406881,0.0
2019-02-08,15,0,236,179.56,179.56,0.0,1758.655014,0.0
2019-02-08,15,0,237,497.16,497.16,0.0,4653.333345,0.0
2019-02-08,15,0,238,41.59,41.59,0.0,416.862054,0.0
2019-02-08,15,0,240,5.99,5.99,0.0,54.632773,0.0
2019-02-08,15,0,245,78.0,78.0,0.0,801.36735,0.0
2019-02-08,15,0,247,171.72,171.72,0.0,1764.241043,0.0
2019-02-08,15,0,248,49.91,49.91,0.0,467.149142,0.0
2019-02-08,15,0,249,150.0,150.0,0.0,1541.091057,0.0
2019-02-08,15,0,251,326.4,326.4,0.0,3296.319396,0.0
2019-02-08,15,0,252,267.06,267.06,0.0,2709.181118,0.0
2019-02-08,15,0,254,6.29,6.29,0.0,59.440158,0.0
2019-02-08,15,0,255,2.89,2.89,0.0,27.310343,0.0
2019-02-08,15,0,258,7.33,7.33,0.0,67.067635,0.0
2019-02-08,15,0,260,3.08,3.08,0.0,30.477736,0.0
2019-02-08,15,0,265,44.31,44.31,0.0,335.818454,0.0
2019-02-08,15,0,266,20.9,20.9,0.0,158.397781,0.0
2019-02-08,15,0,267,25.85,25.85,0.0,195.913045,0.0
2019-02-08,15,0,270,86.12,86.12,0.0,-1647.839294,0.0
2019-02-08,15,0,272,43.93,43.93,0.0,193.491188,0.0
2019-02-08,15,0,273,21.5,21.5,0.0,-411.385797,0.0
2019-02-08,15,0,274,113.43,113.43,0.0,-2170.394927,0.0
2019-02-08,15,0,275,162.81,162.81,0.0,-3115.242865,0.0
2019-02-08,15,0,276,2.99,2.99,0.0,-47.628642,0.0
2019-02-08,15,0,277,3.44,3.44,0.0,14.547354,0.0
2019-02-08,15,0,278,5.5,5.5,0.0,23.258851,0.0
2019-02-08,15,0,279,77.94,77.94,0.0,329.599061,0.0
2019-02-08,15,0,281,48.33,48.33,0.0,303.693675,0.0
2019-02-08,15,0,282,127.94,127.94,0.0,803.943075,0.0
2019-02-08,16,0,9,1.07,1.07,0.0,6.327077,0.0
2019-02-08,16,0,17,14.76,14.76,0.0,148.80447,0.0
2019-02-08,16,0,19,332.0,332.0,0.0,3347.092418,0.0
2019-02-08,16,0,20,419.03,419.03,0.0,4224.494385,0.0
2019-02-08,16,0,21,24.43,24.43,0.0,144.45841,0.0
2019-02-08,16,0,22,86.82,86.82,0.0,513.380236,0.0
2019-02-08,16,0,23,15.16,15.16,0.0,89.643451,0.0
2019-02-08,16,0,24,26.83,26.83,0.0,158.649986,0.0
2019-02-08,16,0,29,2.29,2.29,0.0,25.853866,0.0
2019-02-08,16,0,30,258.3,258.3,0.0,1520.592957,0.0
2019-02-08,16,0,31,111.13,111.13,0.0,654.214074,0.0
2019-02-08,16,0,32,1.89,1.89,0.0,45.879722,0.0
2019-02-08,16,0,33,0.97,0.97,0.0,10.501162,0.0
2019-02-08,16,0,34,1.56,1.56,0.0,16.888466,0.0
2019-02-08,16,0,35,1.56,1.56,0.0,16.888466,0.0
2019-02-08,16,0,36,4.82,4.82,0.0,43.090271,0.0
2019-02-08,16,0,37,2.3,2.3,0.0,20.530696,0.0
2019-02-08,16,0,38,2.95,2.95,0.0,26.332849,0.0
2019-02-08,16,0,39,1.97,1.97,0.0,17.584987,0.0
2019-02-08,16,0,40,1.97,1.97,0.0,17.584987,0.0
2019-02-08,16,0,41,45.46,45.46,0.0,331.035747,0.0
2019-02-08,16,0,42,28.52,28.52,0.0,282.925748,0.0
2019-02-08,16,0,43,14.33,14.33,0.0,130.851559,0.0
2019-02-08,16,0,46,12.67,12.67,0.0,109.553148,0.0
2019-02-08,16,0,52,117.8,117.8,0.0,693.47987,0.0
2019-02-08,16,0,53,187.15,187.15,0.0,1101.73818,0.0
2019-02-08,16,0,55,375.31,375.31,0.0,2219.266719,0.0
2019-02-08,16,0,56,76.19,76.19,0.0,448.524883,0.0
2019-02-08,16,0,57,72.47,72.47,0.0,426.625519,0.0
2019-02-08,16,0,58,139.37,139.37,0.0,820.460861,0.0
2019-02-08,16,0,59,137.05,137.05,0.0,806.803193,0.0
2019-02-08,16,0,63,20.48,20.48,0.0,551.579632,0.0
2019-02-08,16,0,64,24.1,24.1,0.0,649.075642,0.0
2019-02-08,16,0,65,41.4,41.4,0.0,416.137553,0.0
2019-02-08,16,0,67,122.44,122.44,0.0,-380.075886,0.0
2019-02-08,16,0,68,13.66,13.66,0.0,4.759751,0.0
2019-02-08,16,0,69,0.97,0.97,0.0,10.501162,0.0
2019-02-08,16,0,74,131.67,131.67,0.0,1211.699348,0.0
2019-02-08,16,0,77,29.72,29.72,0.0,100.813988,0.0
2019-02-08,16,0,78,22.47,22.47,0.0,76.221074,0.0
2019-02-08,16,0,79,13.0,13.0,0.0,44.097639,0.0
2019-02-08,16,0,80,21.03,21.03,0.0,71.336412,0.0
2019-02-08,16,0,81,27.49,27.49,0.0,93.249547,0.0
2019-02-08,16,0,82,19.39,19.39,0.0,65.773325,0.0
2019-02-08,16,0,83,43.24,43.24,0.0,146.675533,0.0
2019-02-08,16,0,84,0.0,0.0,0.0,0.0,0.0
2019-02-08,16,0,86,4.93,4.93,0.0,53.371884,0.0
2019-02-08,16,0,87,25.18,25.18,0.0,272.597169,0.0
2019-02-08,16,0,88,26.05,26.05,0.0,88.364885,0.0
2019-02-08,16,0,89,25.04,25.04,0.0,84.938838,0.0
2019-02-08,16,0,90,33.62,33.62,0.0,114.04328,0.0
2019-02-08,16,0,91,119.94,119.94,0.0,406.851605,0.0
2019-02-08,16,0,92,43.14,43.14,0.0,146.33632,0.0
2019-02-08,16,0,95,120.0,120.0,0.0,2918.67752,0.0
2019-02-08,16,0,96,14.3,14.3,0.0,83.791028,0.0
2019-02-08,16,0,97,87.95,87.95,0.0,515.34412,0.0
2019-02-08,16,0,99,28.87,28.87,0.0,265.677528,0.0
2019-02-08,16,0,101,5.2,5.2,0.0,30.612015,0.0
2019-02-08,16,0,102,32.34,32.34,0.0,11.268693,0.0
2019-02-08,16,0,103,28.12,28.12,0.0,9.798257,0.0
2019-02-08,16,0,104,5.22,5.22,0.0,1.81888,0.0
2019-02-08,16,0,106,85.47,85.47,0.0,505.397475,0.0
2019-02-08,16,0,109,52.04,52.04,0.0,425.666353,0.0
2019-02-08,16,0,110,338.6,338.6,0.0,-4631.105602,0.0
2019-02-08,16,0,111,8.4,8.4,0.0,61.168066,0.0
2019-02-08,16,0,113,18.54,18.54,0.0,65.619867,0.0
2019-02-08,16,0,115,18.54,18.54,0.0,65.619867,0.0
2019-02-08,16,0,116,49.3,49.3,0.0,-674.286787,0.0
2019-02-08,16,0,117,1.24,1.24,0.0,4.388815,0.0
2019-02-08,16,0,119,24.1,24.1,0.0,649.075642,0.0
2019-02-08,16,0,120,14.17,14.17,0.0,381.634931,0.0
2019-02-08,16,0,123,1.42,1.42,0.0,8.396682,0.0
2019-02-08,16,0,125,24.28,24.28,0.0,143.571437,0.0
2019-02-08,16,0,126,64.1,64.1,0.0,379.033324,0.0
2019-02-08,16,0,127,82.27,82.27,0.0,486.475375,0.0
2019-02-08,16,0,128,34.77,34.77,0.0,205.600447,0.0
2019-02-08,16,0,131,13.74,13.74,0.0,17.457141,0.0
2019-02-08,16,0,132,20.2,20.2,0.0,25.664792,0.0
2019-02-08,16,0,133,50.5,50.5,0.0,509.263588,0.0
2019-02-08,16,0,134,0.0,0.0,0.0,0.0,0.0
2019-02-08,16,0,135,64.2,64.2,0.0,647.420244,0.0
2019-02-08,16,0,136,45.9,45.9,0.0,461.294372,0.0
2019-02-08,16,0,139,59.2,59.2,0.0,431.089226,0.0
2019-02-08,16,0,140,250.6,250.6,0.0,-3427.510525,0.0
2019-02-08,16,0,141,77.75,77.75,0.0,-241.35005,0.0
2019-02-08,16,0,142,161.46,161.46,0.0,-501.201018,0.0
2019-02-08,16,0,143,200.31,200.31,0.0,1179.210125,0.0
2019-02-08,16,0,145,16.63,16.63,0.0,112.052566,0.0
2019-02-08,16,0,146,268.0,268.0,0.0,-3665.494097,0.0
2019-02-08,16,0,152,3.87,3.87,0.0,35.737178,0.0
2019-02-08,16,0,153,4.57,4.57,0.0,42.026704,0.0
2019-02-08,16,0,154,34.66,34.66,0.0,252.391091,0.0
2019-02-08,16,0,157,250.0,250.0,0.0,-776.045178,0.0
2019-02-08,16,0,158,370.85,370.85,0.0,-1151.185417,0.0
2019-02-08,16,0,159,0.0,0.0,0.0,0.0,0.0
2019-02-08,16,0,160,1.11,1.11,0.0,10.841507,0.0
2019-02-08,16,0,161,22.75,22.75,0.0,7.927111,0.0
2019-02-08,16,0,162,113.82,113.82,0.0,2772.131555,0.0
2019-02-08,16,0,163,35.48,35.48,0.0,-485.267651,0.0
2019-02-08,16,0,164,15.39,15.39,0.0,90.599789,0.0
2019-02-08,16,0,167,2.24,2.24,0.0,54.324016,0.0
2019-02-08,16,0,168,1.12,1.12,0.0,27.162008,0.0
2019-02-08,16,0,169,0.0,0.0,0.0,0.0,0.0
2019-02-08,16,0,170,2.45,2.45,0.0,59.416892,0.0
2019-02-08,16,0,172,3.78,3.78,0.0,86.204348,0.0
2019-02-08,16,0,173,5.76,5.76,0.0,131.359007,0.0
2019-02-08,16,0,188,3.87,3.87,0.0,90.850683,0.0
2019-02-08,16,0,190,4.91,4.91,0.0,132.239062,0.0
2019-02-08,16,0,191,12.7,12.7,0.0,342.04401,0.0
2019-02-08,16,0,192,105.74,105.74,0.0,2847.853043,0.0
2019-02-08,16,0,194,25.0,25.0,0.0,156.168351,0.0
2019-02-08,16,0,196,2.55,2.55,0.0,79.071309,0.0
2019-02-08,16,0,198,4.67,4.67,0.0,50.583983,0.0
2019-02-08,16,0,199,130.0,130.0,0.0,1508.93451,0.0
2019-02-08,16,0,200,10.34,10.34,0.0,120.018329,0.0
2019-02-08,16,0,204,202.49,202.49,0.0,1635.114469,0.0
2019-02-08,16,0,205,275.3,275.3,0.0,2251.843717,0.0
2019-02-08,16,0,206,258.44,258.44,0.0,1514.332397,0.0
2019-02-08,16,0,210,0.7,0.7,0.0,8.014197,0.0
2019-02-08,16,0,214,4.09,4.09,0.0,46.078721,0.0
2019-02-08,16,0,217,2.7,2.7,0.0,30.652965,0.0
2019-02-08,16,0,218,3.73,3.73,0.0,42.346504,0.0
2019-02-08,16,0,219,2.54,2.54,0.0,28.836493,0.0
2019-02-08,16,0,221,2.18,2.18,0.0,24.560296,0.0
2019-02-08,16,0,225,2.13,2.13,0.0,24.014785,0.0
2019-02-08,16,0,233,2.79,2.79,0.0,30.204373,0.0
2019-02-08,16,0,236,159.03,159.03,0.0,1538.1955,0.0
2019-02-08,16,0,237,301.12,301.12,0.0,2771.070917,0.0
2019-02-08,16,0,238,37.13,37.13,0.0,368.339167,0.0
2019-02-08,16,0,240,5.46,5.46,0.0,48.811801,0.0
2019-02-08,16,0,245,78.0,78.0,0.0,794.961909,0.0
2019-02-08,16,0,247,171.72,171.72,0.0,1750.139219,0.0
2019-02-08,16,0,248,35.46,35.46,0.0,326.322312,0.0
2019-02-08,16,0,249,150.0,150.0,0.0,1528.772902,0.0
2019-02-08,16,0,251,326.4,326.4,0.0,3264.790781,0.0
2019-02-08,16,0,252,267.06,267.06,0.0,2684.388765,0.0
2019-02-08,16,0,254,7.13,7.13,0.0,66.243777,0.0
2019-02-08,16,0,255,3.27,3.27,0.0,30.381087,0.0
2019-02-08,16,0,258,6.65,6.65,0.0,59.655852,0.0
2019-02-08,16,0,260,2.69,2.69,0.0,26.273563,0.0
2019-02-08,16,0,265,35.89,35.89,0.0,261.347843,0.0
2019-02-08,16,0,266,37.74,37.74,0.0,274.819382,0.0
2019-02-08,16,0,267,46.76,46.76,0.0,340.502233,0.0
2019-02-08,16,0,270,95.89,95.89,0.0,-1311.508317,0.0
2019-02-08,16,0,272,61.95,61.95,0.0,219.263794,0.0
2019-02-08,16,0,273,11.79,11.79,0.0,-161.254386,0.0
2019-02-08,16,0,274,119.67,119.67,0.0,-1636.752532,0.0
2019-02-08,16,0,275,160.43,160.43,0.0,-2194.235888,0.0
2019-02-08,16,0,276,2.41,2.41,0.0,-27.272719,0.0
2019-02-08,16,0,277,2.7,2.7,0.0,9.396907,0.0
2019-02-08,16,0,278,4.32,4.32,0.0,15.035051,0.0
2019-02-08,16,0,279,253.28,253.28,0.0,881.49946,0.0
2019-02-08,16,0,281,49.88,49.88,0.0,293.639863,0.0
2019-02-08,16,0,282,141.69,141.69,0.0,834.118529,0.0
2019-02-08,17,0,9,0.78,0.78,0.0,5.505137,0.0
2019-02-08,17,0,17,10.82,10.82,0.0,149.414116,0.0
2019-02-08,17,0,19,284.63,284.63,0.0,3930.475036,0.0
2019-02-08,17,0,20,342.76,342.76,0.0,4733.196161,0.0
2019-02-08,17,0,21,17.82,17.82,0.0,125.771201,0.0
2019-02-08,17,0,22,63.34,63.34,0.0,447.045337,0.0
2019-02-08,17,0,23,24.0,24.0,0.0,169.388824,0.0
2019-02-08,17,0,24,42.69,42.69,0.0,301.30037,0.0
2019-02-08,17,0,29,1.61,1.61,0.0,17.243221,0.0
2019-02-08,17,0,30,187.39,187.39,0.0,1315.272474,0.0
2019-02-08,17,0,31,124.02,124.02,0.0,870.48451,0.0
2019-02-08,17,0,32,1.28,1.28,0.0,31.334728,0.0
2019-02-08,17,0,33,0.7,0.7,0.0,10.638762,0.0
2019-02-08,17,0,34,1.12,1.12,0.0,17.022018,0.0
2019-02-08,17,0,35,1.12,1.12,0.0,17.022018,0.0
2019-02-08,17,0,36,3.44,3.44,0.0,39.428551,0.0
2019-02-08,17,0,37,1.65,1.65,0.0,18.812717,0.0
2019-02-08,17,0,38,2.12,2.12,0.0,24.171491,0.0
2019-02-08,17,0,39,1.42,1.42,0.0,16.190338,0.0
2019-02-08,17,0,40,1.42,1.42,0.0,16.190338,0.0
2019-02-08,17,0,41,19.93,19.93,0.0,182.050347,0.0
2019-02-08,17,0,42,20.73,20.73,0.0,280.019726,0.0
2019-02-08,17,0,43,10.23,10.23,0.0,118.467269,0.0
2019-02-08,17,0,46,9.04,9.04,0.0,99.024894,0.0
2019-02-08,17,0,52,131.46,131.46,0.0,922.705158,0.0
2019-02-08,17,0,53,208.84,208.84,0.0,1465.827971,0.0
2019-02-08,17,0,55,430.32,430.32,0.0,3037.141606,0.0
2019-02-08,17,0,56,55.27,55.27,0.0,387.93484,0.0
2019-02-08,17,0,57,52.58,52.58,0.0,369.053987,0.0
2019-02-08,17,0,58,101.11,101.11,0.0,709.681413,0.0
2019-02-08,17,0,59,99.43,99.43,0.0,697.889653,0.0
2019-02-08,17,0,63,33.65,33.65,0.0,1003.050593,0.0
2019-02-08,17,0,64,39.58,39.58,0.0,1179.81404,0.0
2019-02-08,17,0,65,41.4,41.4,0.0,569.379626,0.0
2019-02-08,17,0,67,88.85,88.85,0.0,-1377.743369,0.0
2019-02-08,17,0,68,7.01,7.01,0.0,-37.632955,0.0
2019-02-08,17,0,69,0.7,0.7,0.0,10.638762,0.0
2019-02-08,17,0,74,97.13,97.13,0.0,1185.025067,0.0
2019-02-08,17,0,77,26.11,26.11,0.0,86.751689,0.0
2019-02-08,17,0,78,19.74,19.74,0.0,65.587068,0.0
2019-02-08,17,0,79,11.42,11.42,0.0,37.943481,0.0
2019-02-08,17,0,80,18.47,18.47,0.0,61.367434,0.0
2019-02-08,17,0,81,24.15,24.15,0.0,80.239498,0.0
2019-02-08,17,0,82,17.04,17.04,0.0,56.616192,0.0
2019-02-08,17,0,83,37.99,37.99,0.0,126.223541,0.0
2019-02-08,17,0,84,0.0,0.0,0.0,0.0,0.0
2019-02-08,17,0,86,3.56,3.56,0.0,54.105701,0.0
2019-02-08,17,0,87,18.18,18.18,0.0,276.303835,0.0
2019-02-08,17,0,88,22.33,22.33,0.0,74.192463,0.0
2019-02-08,17,0,89,21.47,21.47,0.0,71.335073,0.0
2019-02-08,17,0,90,28.82,28.82,0.0,95.75579,0.0
2019-02-08,17,0,91,102.82,102.82,0.0,341.62423,0.0
2019-02-08,17,0,92,36.98,36.98,0.0,122.867769,0.0
2019-02-08,17,0,95,85.09,85.09,0.0,2100.9834,0.0
2019-02-08,17,0,96,12.86,12.86,0.0,89.739443,0.0
2019-02-08,17,0,97,79.08,79.08,0.0,551.83477,0.0
2019-02-08,17,0,99,19.76,19.76,0.0,241.079948,0.0
2019-02-08,17,0,101,3.77,3.77,0.0,26.461269,0.0
2019-02-08,17,0,102,16.57,16.57,0.0,-88.955501,0.0
2019-02-08,17,0,103,14.41,14.41,0.0,-77.359612,0.0
2019-02-08,17,0,104,2.69,2.69,0.0,-14.441177,0.0
2019-02-08,17,0,106,62.35,62.35,0.0,440.058048,0.0
2019-02-08,17,0,109,42.0,42.0,0.0,436.39432,0.0
2019-02-08,17,0,110,338.6,338.6,0.0,-15762.494223,0.0
2019-02-08,17,0,111,6.36,6.36,0.0,58.095344,0.0
2019-02-08,17,0,113,16.58,16.58,0.0,75.658778,0.0
2019-02-08,17,0,115,16.58,16.58,0.0,75.658778,0.0
2019-02-08,17,0,116,35.56,35.56,0.0,-1655.387757,0.0
2019-02-08,17,0,117,1.11,1.11,0.0,5.065214,0.0
2019-02-08,17,0,119,39.58,39.58,0.0,1179.81404,0.0
2019-02-08,17,0,120,23.29,23.29,0.0,694.236205,0.0
2019-02-08,17,0,123,1.04,1.04,0.0,7.340182,0.0
2019-02-08,17,0,125,38.58,38.58,0.0,272.292534,0.0
2019-02-08,17,0,126,46.76,46.76,0.0,330.025891,0.0
2019-02-08,17,0,127,60.01,60.01,0.0,423.542638,0.0
2019-02-08,17,0,128,55.53,55.53,0.0,391.92339,0.0
2019-02-08,17,0,131,12.52,12.52,0.0,-33.314949,0.0
2019-02-08,17,0,132,18.41,18.41,0.0,-48.987876,0.0
2019-02-08,17,0,133,111.85,111.85,0.0,1545.133723,0.0
2019-02-08,17,0,134,0.0,0.0,0.0,0.0,0.0
2019-02-08,17,0,135,146.43,146.43,0.0,2022.833536,0.0
2019-02-08,17,0,136,45.9,45.9,0.0,631.127765,0.0
2019-02-08,17,0,139,25.73,25.73,0.0,235.030377,0.0
2019-02-08,17,0,140,250.6,250.6,0.0,-11665.921596,0.0
2019-02-08,17,0,141,92.34,92.34,0.0,-1431.860694,0.0
2019-02-08,17,0,142,117.17,117.17,0.0,-1816.88453,0.0
2019-02-08,17,0,143,226.05,226.05,0.0,1586.623314,0.0
2019-02-08,17,0,145,13.67,13.67,0.0,113.067452,0.0
2019-02-08,17,0,146,268.0,268.0,0.0,-12475.925729,0.0
2019-02-08,17,0,152,2.8,2.8,0.0,34.183356,0.0
2019-02-08,17,0,153,3.3,3.3,0.0,40.048048,0.0
2019-02-08,17,0,154,26.25,26.25,0.0,239.780311,0.0
2019-02-08,17,0,157,250.0,250.0,0.0,-3876.599237,0.0
2019-02-08,17,0,158,275.24,275.24,0.0,-4267.980696,0.0
2019-02-08,17,0,159,0.0,0.0,0.0,0.0,0.0
2019-02-08,17,0,160,0.8,0.8,0.0,9.782753,0.0
2019-02-08,17,0,161,16.33,16.33,0.0,-87.667069,0.0
2019-02-08,17,0,162,79.42,79.42,0.0,1965.512087,0.0
2019-02-08,17,0,163,51.31,51.31,0.0,-2388.581154,0.0
2019-02-08,17,0,164,11.32,11.32,0.0,79.453997,0.0
2019-02-08,17,0,167,1.53,1.53,0.0,37.547966,0.0
2019-02-08,17,0,168,0.76,0.76,0.0,18.651277,0.0
2019-02-08,17,0,169,0.0,0.0,0.0,0.0,0.0
2019-02-08,17,0,170,1.67,1.67,0.0,40.983728,0.0
2019-02-08,17,0,172,2.59,2.59,0.0,59.545419,0.0
2019-02-08,17,0,173,3.94,3.94,0.0,90.582607,0.0
2019-02-08,17,0,188,2.6,2.6,0.0,61.219684,0.0
2019-02-08,17,0,190,3.46,3.46,0.0,103.136851,0.0
2019-02-08,17,0,191,8.94,8.94,0.0,266.486547,0.0
2019-02-08,17,0,192,91.55,91.55,0.0,2728.953395,0.0
2019-02-08,17,0,194,22.8,22.8,0.0,302.489877,0.0
2019-02-08,17,0,196,1.84,1.84,0.0,74.391632,0.0
2019-02-08,17,0,198,3.3,3.3,0.0,42.975958,0.0
2019-02-08,17,0,199,124.93,124.93,0.0,1820.97219,0.0
2019-02-08,17,0,200,7.26,7.26,0.0,105.821325,0.0
2019-02-08,17,0,204,163.61,163.61,0.0,1671.339774,0.0
2019-02-08,17,0,205,222.16,222.16,0.0,2308.318148,0.0
2019-02-08,17,0,206,232.38,232.38,0.0,1621.590338,0.0
2019-02-08,17,0,210,0.5,0.5,0.0,5.568177,0.0
2019-02-08,17,0,214,2.86,2.86,0.0,45.820143,0.0
2019-02-08,17,0,217,1.87,1.87,0.0,25.986816,0.0
2019-02-08,17,0,218,2.59,2.59,0.0,35.992435,0.0
2019-02-08,17,0,219,1.76,1.76,0.0,24.45818,0.0
2019-02-08,17,0,221,1.52,1.52,0.0,24.351964,0.0
2019-02-08,17,0,225,1.51,1.51,0.0,16.110052,0.0
2019-02-08,17,0,233,2.01,2.01,0.0,30.548444,0.0
2019-02-08,17,0,236,159.03,159.03,0.0,2073.810555,0.0
2019-02-08,17,0,237,240.02,240.02,0.0,2928.34054,0.0
2019-02-08,17,0,238,26.99,26.99,0.0,364.57947,0.0
2019-02-08,17,0,240,3.9,3.9,0.0,44.700973,0.0
2019-02-08,17,0,245,78.0,78.0,0.0,1093.151649,0.0
2019-02-08,17,0,247,171.72,171.72,0.0,2406.615399,0.0
2019-02-08,17,0,248,24.42,24.42,0.0,297.933822,0.0
2019-02-08,17,0,249,150.0,150.0,0.0,2102.214709,0.0
2019-02-08,17,0,251,326.4,326.4,0.0,4459.045653,0.0
2019-02-08,17,0,252,267.06,267.06,0.0,3672.911181,0.0
2019-02-08,17,0,254,5.03,5.03,0.0,59.06729,0.0
2019-02-08,17,0,255,2.31,2.31,0.0,27.12633,0.0
2019-02-08,17,0,258,4.76,4.76,0.0,54.649281,0.0
2019-02-08,17,0,260,1.94,1.94,0.0,23.723175,0.0
2019-02-08,17,0,265,27.18,27.18,0.0,248.275385,0.0
2019-02-08,17,0,266,16.66,16.66,0.0,152.180571,0.0
2019-02-08,17,0,267,20.48,20.48,0.0,187.074315,0.0
2019-02-08,17,0,270,160.25,160.25,0.0,-7459.951858,0.0
2019-02-08,17,0,272,55.4,55.4,0.0,252.80436,0.0
2019-02-08,17,0,273,8.5,8.5,0.0,-395.691674,0.0
2019-02-08,17,0,274,206.58,206.58,0.0,-9616.704243,0.0
2019-02-08,17,0,275,287.57,287.57,0.0,-13386.947619,0.0
2019-02-08,17,0,276,1.72,1.72,0.0,-68.146645,0.0
2019-02-08,17,0,277,1.97,1.97,0.0,8.009696,0.0
2019-02-08,17,0,278,3.15,3.15,0.0,12.807381,0.0
2019-02-08,17,0,279,98.57,98.57,0.0,400.769385,0.0
2019-02-08,17,0,281,55.66,55.66,0.0,390.672213,0.0
2019-02-08,17,0,282,102.8,102.8,0.0,721.543361,0.0
2019-02-08,18,0,9,0.48,0.48,0.0,6.469412,0.0
2019-02-08,18,0,17,6.2,6.2,0.0,105.08203,0.0
2019-02-08,18,0,19,332.94,332.94,0.0,5642.905022,0.0
2019-02-08,18,0,20,405.43,405.43,0.0,6871.517339,0.0
2019-02-08,18,0,21,10.91,10.91,0.0,147.04435,0.0
2019-02-08,18,0,22,38.76,38.76,0.0,522.405043,0.0
2019-02-08,18,0,23,53.3,53.3,0.0,718.374324,0.0
2019-02-08,18,0,24,94.59,94.59,0.0,1274.878562,0.0
2019-02-08,18,0,29,0.84,0.84,0.0,15.286562,0.0
2019-02-08,18,0,30,116.07,116.07,0.0,1561.830087,0.0
2019-02-08,18,0,31,92.34,92.34,0.0,1242.520808,0.0
2019-02-08,18,0,32,0.69,0.69,0.0,18.052314,0.0
2019-02-08,18,0,33,0.4,0.4,0.0,7.02385,0.0
2019-02-08,18,0,34,0.64,0.64,0.0,11.238161,0.0
2019-02-08,18,0,35,0.64,0.64,0.0,11.238161,0.0
2019-02-08,18,0,36,1.98,1.98,0.0,31.723726,0.0
2019-02-08,18,0,37,0.95,0.95,0.0,15.212052,0.0
2019-02-08,18,0,38,1.22,1.22,0.0,19.535477,0.0
2019-02-08,18,0,39,0.82,0.82,0.0,13.130403,0.0
2019-02-08,18,0,40,0.82,0.82,0.0,13.130403,0.0
2019-02-08,18,0,41,20.8,20.8,0.0,304.186734,0.0
2019-02-08,18,0,42,12.54,12.54,0.0,210.87628,0.0
2019-02-08,18,0,43,5.83,5.83,0.0,94.391654,0.0
2019-02-08,18,0,46,5.17,5.17,0.0,81.580059,0.0
2019-02-08,18,0,52,97.89,97.89,0.0,1317.201234,0.0
2019-02-08,18,0,53,155.55,155.55,0.0,2093.070302,0.0
2019-02-08,18,0,55,364.06,364.06,0.0,4906.779673,0.0
2019-02-08,18,0,56,34.24,34.24,0.0,460.731129,0.0
2019-02-08,18,0,57,32.57,32.57,0.0,438.259722,0.0
2019-02-08,18,0,58,62.63,62.63,0.0,842.745053,0.0
2019-02-08,18,0,59,61.58,61.58,0.0,828.616324,0.0
2019-02-08,18,0,63,52.63,52.63,0.0,1568.812859,0.0
2019-02-08,18,0,64,61.91,61.91,0.0,1845.43424,0.0
2019-02-08,18,0,65,41.4,41.4,0.0,700.658368,0.0
2019-02-08,18,0,67,54.34,54.34,0.0,-83.051526,0.0
2019-02-08,18,0,68,3.47,3.47,0.0,18.836263,0.0
2019-02-08,18,0,69,0.4,0.4,0.0,7.02385,0.0
2019-02-08,18,0,74,57.88,57.88,0.0,939.143152,0.0
2019-02-08,18,0,77,23.51,23.51,0.0,267.123211,0.0
2019-02-08,18,0,78,17.77,17.77,0.0,201.904699,0.0
2019-02-08,18,0,79,10.29,10.29,0.0,116.916114,0.0
2019-02-08,18,0,80,16.63,16.63,0.0,188.951893,0.0
2019-02-08,18,0,81,21.75,21.75,0.0,247.125897,0.0
2019-02-08,18,0,82,15.34,15.34,0.0,174.294771,0.0
2019-02-08,18,0,83,34.21,34.21,0.0,388.697791,0.0
2019-02-08,18,0,84,0.0,0.0,0.0,0.0,0.0
2019-02-08,18,0,86,2.02,2.02,0.0,35.470445,0.0
2019-02-08,18,0,87,10.3,10.3,0.0,180.86415,0.0
2019-02-08,18,0,88,19.47,19.47,0.0,221.220286,0.0
2019-02-08,18,0,89,18.71,18.71,0.0,212.585082,0.0
2019-02-08,18,0,90,25.13,25.13,0.0,285.52983,0.0
2019-02-08,18,0,91,89.63,89.63,0.0,1018.385939,0.0
2019-02-08,18,0,92,32.24,32.24,0.0,366.314433,0.0
2019-02-08,18,0,95,54.87,54.87,0.0,1443.592506,0.0
2019-02-08,18,0,96,11.83,11.83,0.0,158.911563,0.0
2019-02-08,18,0,97,72.75,72.75,0.0,977.245666,0.0
2019-02-08,18,0,99,11.17,11.17,0.0,181.240999,0.0
2019-02-08,18,0,101,2.34,2.34,0.0,31.486882,0.0
2019-02-08,18,0,102,8.22,8.22,0.0,44.620774,0.0
2019-02-08,18,0,103,7.15,7.15,0.0,38.812473,0.0
2019-02-08,18,0,104,1.33,1.33,0.0,7.219663,0.0
2019-02-08,18,0,106,38.16,38.16,0.0,514.318278,0.0
2019-02-08,18,0,109,33.72,33.72,0.0,518.658816,0.0
2019-02-08,18,0,110,271.79,271.79,0.0,-6205.496581,0.0
2019-02-08,18,0,111,3.86,3.86,0.0,56.450038,0.0
2019-02-08,18,0,113,14.95,14.95,0.0,184.06535,0.0
2019-02-08,18,0,115,14.95,14.95,0.0,184.06535,0.0
2019-02-08,18,0,116,20.72,20.72,0.0,-473.078072,0.0
2019-02-08,18,0,117,1.0,1.0,0.0,12.312064,0.0
2019-02-08,18,0,119,61.91,61.91,0.0,1845.43424,0.0
2019-02-08,18,0,120,36.41,36.41,0.0,1085.321607,0.0
2019-02-08,18,0,123,0.64,0.64,0.0,8.625883,0.0
2019-02-08,18,0,125,85.54,85.54,0.0,1152.903184,0.0
2019-02-08,18,0,126,28.62,28.62,0.0,385.738709,0.0
2019-02-08,18,0,127,36.73,36.73,0.0,495.044821,0.0
2019-02-08,18,0,128,122.84,122.84,0.0,1655.630432,0.0
2019-02-08,18,0,131,11.6,11.6,0.0,84.520321,0.0
2019-02-08,18,0,132,17.05,17.05,0.0,124.230299,0.0
2019-02-08,18,0,133,139.8,139.8,0.0,2369.754299,0.0
2019-02-08,18,0,134,0.0,0.0,0.0,0.0,0.0
2019-02-08,18,0,135,187.33,187.33,0.0,3175.436859,0.0
2019-02-08,18,0,136,45.9,45.9,0.0,776.7549,0.0
2019-02-08,18,0,139,26.86,26.86,0.0,392.810369,0.0
2019-02-08,18,0,140,201.15,201.15,0.0,-4592.647401,0.0
2019-02-08,18,0,141,109.6,109.6,0.0,-167.509152,0.0
2019-02-08,18,0,142,71.66,71.66,0.0,-109.522863,0.0
2019-02-08,18,0,143,176.17,176.17,0.0,2370.531631,0.0
2019-02-08,18,0,145,11.55,11.55,0.0,163.670596,0.0
2019-02-08,18,0,146,268.0,268.0,0.0,-6118.963478,0.0
2019-02-08,18,0,152,1.63,1.63,0.0,26.494557,0.0
2019-02-08,18,0,153,1.92,1.92,0.0,31.148238,0.0
2019-02-08,18,0,154,15.93,15.93,0.0,232.96609,0.0
2019-02-08,18,0,157,250.0,250.0,0.0,-382.092043,0.0
2019-02-08,18,0,158,169.8,169.8,0.0,-259.516916,0.0
2019-02-08,18,0,159,0.0,0.0,0.0,0.0,0.0
2019-02-08,18,0,160,0.45,0.45,0.0,7.53231,0.0
2019-02-08,18,0,161,9.81,9.81,0.0,53.251799,0.0
2019-02-08,18,0,162,53.85,53.85,0.0,1418.848592,0.0
2019-02-08,18,0,163,58.85,58.85,0.0,-1343.66045,0.0
2019-02-08,18,0,164,6.96,6.96,0.0,93.65329,0.0
2019-02-08,18,0,167,0.81,0.81,0.0,21.227202,0.0
2019-02-08,18,0,168,0.4,0.4,0.0,10.482569,0.0
2019-02-08,18,0,169,0.0,0.0,0.0,0.0,0.0
2019-02-08,18,0,170,0.88,0.88,0.0,23.061652,0.0
2019-02-08,18,0,172,1.38,1.38,0.0,34.752524,0.0
2019-02-08,18,0,173,2.1,2.1,0.0,52.884276,0.0
2019-02-08,18,0,188,1.4,1.4,0.0,35.739545,0.0
2019-02-08,18,0,190,1.96,1.96,0.0,58.424344,0.0
2019-02-08,18,0,191,5.06,5.06,0.0,150.830193,0.0
2019-02-08,18,0,192,84.49,84.49,0.0,2518.506525,0.0
2019-02-08,18,0,194,39.29,39.29,0.0,722.018391,0.0
2019-02-08,18,0,196,1.06,1.06,0.0,39.328191,0.0
2019-02-08,18,0,198,1.82,1.82,0.0,32.15872,0.0
2019-02-08,18,0,199,100.33,100.33,0.0,1975.898607,0.0
2019-02-08,18,0,200,3.98,3.98,0.0,78.382104,0.0
2019-02-08,18,0,204,131.21,131.21,0.0,2006.797913,0.0
2019-02-08,18,0,205,178.39,178.39,0.0,2743.877406,0.0
2019-02-08,18,0,206,213.76,213.76,0.0,2871.423142,0.0
2019-02-08,18,0,210,0.26,0.26,0.0,4.763852,0.0
2019-02-08,18,0,214,1.55,1.55,0.0,27.777403,0.0
2019-02-08,18,0,217,1.0,1.0,0.0,18.102227,0.0
2019-02-08,18,0,218,1.38,1.38,0.0,24.981073,0.0
2019-02-08,18,0,219,0.94,0.94,0.0,17.016093,0.0
2019-02-08,18,0,221,0.83,0.83,0.0,14.874351,0.0
2019-02-08,18,0,225,0.79,0.79,0.0,14.36717,0.0
2019-02-08,18,0,233,1.14,1.14,0.0,20.017974,0.0
2019-02-08,18,0,236,159.03,159.03,0.0,2641.975969,0.0
2019-02-08,18,0,237,138.85,138.85,0.0,2252.937573,0.0
2019-02-08,18,0,238,16.32,16.32,0.0,274.441858,0.0
2019-02-08,18,0,240,2.25,2.25,0.0,36.049688,0.0
2019-02-08,18,0,245,78.0,78.0,0.0,1329.05555,0.0
2019-02-08,18,0,247,171.72,171.72,0.0,2925.966912,0.0
2019-02-08,18,0,248,13.94,13.94,0.0,226.18617,0.0
2019-02-08,18,0,249,150.0,150.0,0.0,2555.876058,0.0
2019-02-08,18,0,251,326.4,326.4,0.0,5510.848508,0.0
2019-02-08,18,0,252,267.06,267.06,0.0,4519.754194,0.0
2019-02-08,18,0,254,2.84,2.84,0.0,46.371911,0.0
2019-02-08,18,0,255,1.3,1.3,0.0,21.226579,0.0
2019-02-08,18,0,258,2.74,2.74,0.0,43.975118,0.0
2019-02-08,18,0,260,1.09,1.09,0.0,18.244929,0.0
2019-02-08,18,0,265,16.49,16.49,0.0,241.155733,0.0
2019-02-08,18,0,266,17.39,17.39,0.0,254.317659,0.0
2019-02-08,18,0,267,21.37,21.37,0.0,312.522621,0.0
2019-02-08,18,0,270,183.79,183.79,0.0,-4196.284693,0.0
2019-02-08,18,0,272,49.97,49.97,0.0,615.233815,0.0
2019-02-08,18,0,273,4.95,4.95,0.0,-113.018169,0.0
2019-02-08,18,0,274,236.92,236.92,0.0,-5409.34637,0.0
2019-02-08,18,0,275,329.8,329.8,0.0,-7529.97819,0.0
2019-02-08,18,0,276,1.01,1.01,0.0,-18.256066,0.0
2019-02-08,18,0,277,1.16,1.16,0.0,13.840206,0.0
2019-02-08,18,0,278,1.85,1.85,0.0,22.072742,0.0
2019-02-08,18,0,279,88.95,88.95,0.0,1061.281301,0.0
2019-02-08,18,0,281,41.41,41.41,0.0,557.210165,0.0
2019-02-08,18,0,282,63.67,63.67,0.0,856.739223,0.0
2019-02-08,19,0,9,0.13,0.13,0.0,2.247729,0.0
2019-02-08,19,0,17,0.61,0.61,0.0,3.397384,0.0
2019-02-08,19,0,19,615.51,615.51,0.0,3428.072012,0.0
2019-02-08,19,0,20,748.14,748.14,0.0,4166.752441,0.0
2019-02-08,19,0,21,2.87,2.87,0.0,49.622949,0.0
2019-02-08,19,0,22,10.19,10.19,0.0,176.187405,0.0
2019-02-08,19,0,23,67.36,67.36,0.0,1164.669639,0.0
2019-02-08,19,0,24,119.18,119.18,0.0,2060.649162,0.0
2019-02-08,19,0,29,0.0,0.0,0.0,0.0,0.0
2019-02-08,19,0,30,31.38,31.38,0.0,541.215595,0.0
2019-02-08,19,0,31,37.5,37.5,0.0,646.768158,0.0
2019-02-08,19,0,32,0.02,0.02,0.0,0.524568,0.0
2019-02-08,19,0,33,0.04,0.04,0.0,1.07284,0.0
2019-02-08,19,0,34,0.07,0.07,0.0,1.87747,0.0
2019-02-08,19,0,35,0.07,0.07,0.0,1.87747,0.0
2019-02-08,19,0,36,0.22,0.22,0.0,4.820031,0.0
2019-02-08,19,0,37,0.1,0.1,0.0,2.173786,0.0
2019-02-08,19,0,38,0.13,0.13,0.0,2.825922,0.0
2019-02-08,19,0,39,0.09,0.09,0.0,1.956407,0.0
2019-02-08,19,0,40,0.09,0.09,0.0,1.956407,0.0
2019-02-08,19,0,41,21.88,21.88,0.0,431.158921,0.0
2019-02-08,19,0,42,2.63,2.63,0.0,52.039498,0.0
2019-02-08,19,0,43,0.62,0.62,0.0,13.395661,0.0
2019-02-08,19,0,46,0.47,0.47,0.0,9.94524,0.0
2019-02-08,19,0,52,39.75,39.75,0.0,685.574248,0.0
2019-02-08,19,0,53,63.15,63.15,0.0,1089.157579,0.0
2019-02-08,19,0,55,168.18,168.18,0.0,2907.870247,0.0
2019-02-08,19,0,56,9.26,9.26,0.0,159.708617,0.0
2019-02-08,19,0,57,8.8,8.8,0.0,151.774928,0.0
2019-02-08,19,0,58,16.93,16.93,0.0,291.994265,0.0
2019-02-08,19,0,59,16.65,16.65,0.0,287.165062,0.0
2019-02-08,19,0,63,46.3,46.3,0.0,1380.126075,0.0
2019-02-08,19,0,64,54.47,54.47,0.0,1623.660201,0.0
2019-02-08,19,0,65,41.4,41.4,0.0,612.085866,0.0
2019-02-08,19,0,67,13.55,13.55,0.0,7.619986,0.0
2019-02-08,19,0,68,4.03,4.03,0.0,29.423441,0.0
2019-02-08,19,0,69,0.04,0.04,0.0,1.07284,0.0
2019-02-08,19,0,74,55.52,55.52,0.0,1317.130785,0.0
2019-02-08,19,0,77,21.6,21.6,0.0,284.834644,0.0
2019-02-08,19,0,78,16.33,16.33,0.0,215.340265,0.0
2019-02-08,19,0,79,9.45,9.45,0.0,124.615157,0.0
2019-02-08,19,0,80,15.28,15.28,0.0,201.494137,0.0
2019-02-08,19,0,81,19.98,19.98,0.0,263.472046,0.0
2019-02-08,19,0,82,14.1,14.1,0.0,185.933726,0.0
2019-02-08,19,0,83,31.43,31.43,0.0,414.46078,0.0
2019-02-08,19,0,84,0.0,0.0,0.0,0.0,0.0
2019-02-08,19,0,86,0.21,0.21,0.0,5.632411,0.0
2019-02-08,19,0,87,1.08,1.08,0.0,28.966686,0.0
2019-02-08,19,0,88,17.33,17.33,0.0,228.527055,0.0
2019-02-08,19,0,89,16.65,16.65,0.0,219.560038,0.0
2019-02-08,19,0,90,22.36,22.36,0.0,294.856604,0.0
2019-02-08,19,0,91,79.77,79.77,0.0,1051.910164,0.0
2019-02-08,19,0,92,28.69,28.69,0.0,378.328978,0.0
2019-02-08,19,0,95,34.52,34.52,0.0,910.031107,0.0
2019-02-08,19,0,96,11.24,11.24,0.0,193.351974,0.0
2019-02-08,19,0,97,69.09,69.09,0.0,1188.495364,0.0
2019-02-08,19,0,99,10.72,10.72,0.0,254.316319,0.0
2019-02-08,19,0,101,0.63,0.63,0.0,10.865705,0.0
2019-02-08,19,0,102,11.53,11.53,0.0,84.181706,0.0
2019-02-08,19,0,103,9.68,9.68,0.0,70.674667,0.0
2019-02-08,19,0,104,1.38,1.38,0.0,10.075521,0.0
2019-02-08,19,0,106,10.03,10.03,0.0,173.420969,0.0
2019-02-08,19,0,109,27.16,27.16,0.0,567.066335,0.0
2019-02-08,19,0,110,212.15,212.15,0.0,-4258.658445,0.0
2019-02-08,19,0,111,0.86,0.86,0.0,16.946831,0.0
2019-02-08,19,0,113,13.88,13.88,0.0,189.523606,0.0
2019-02-08,19,0,115,13.88,13.88,0.0,189.523606,0.0
2019-02-08,19,0,116,3.08,3.08,0.0,-61.82733,0.0
2019-02-08,19,0,117,0.93,0.93,0.0,12.698628,0.0
2019-02-08,19,0,119,54.47,54.47,0.0,1623.660201,0.0
2019-02-08,19,0,120,32.03,32.03,0.0,954.761084,0.0
2019-02-08,19,0,123,0.17,0.17,0.0,2.939338,0.0
2019-02-08,19,0,125,107.85,107.85,0.0,1864.750899,0.0
2019-02-08,19,0,126,7.52,7.52,0.0,130.022501,0.0
2019-02-08,19,0,127,9.65,9.65,0.0,166.850683,0.0
2019-02-08,19,0,128,154.47,154.47,0.0,2670.821246,0.0
2019-02-08,19,0,131,11.02,11.02,0.0,100.290951,0.0
2019-02-08,19,0,132,16.2,16.2,0.0,147.433158,0.0
2019-02-08,19,0,133,135.62,135.62,0.0,3196.222159,0.0
2019-02-08,19,0,134,0.0,0.0,0.0,0.0,0.0
2019-02-08,19,0,135,183.78,183.78,0.0,4331.232181,0.0
2019-02-08,19,0,136,45.9,45.9,0.0,701.837561,0.0
2019-02-08,19,0,139,28.26,28.26,0.0,556.880763,0.0
2019-02-08,19,0,140,157.01,157.01,0.0,-3151.788652,0.0
2019-02-08,19,0,141,129.27,129.27,0.0,72.696353,0.0
2019-02-08,19,0,142,17.87,17.87,0.0,10.049384,0.0
2019-02-08,19,0,143,71.55,71.55,0.0,1234.033646,0.0
2019-02-08,19,0,145,10.15,10.15,0.0,188.779311,0.0
2019-02-08,19,0,146,268.0,268.0,0.0,-5379.780642,0.0
2019-02-08,19,0,152,0.23,0.23,0.0,5.410164,0.0
2019-02-08,19,0,153,0.24,0.24,0.0,5.616725,0.0
2019-02-08,19,0,154,3.56,3.56,0.0,70.152,0.0
2019-02-08,19,0,157,250.0,250.0,0.0,140.590147,0.0
2019-02-08,19,0,158,24.13,24.13,0.0,13.569761,0.0
2019-02-08,19,0,159,0.0,0.0,0.0,0.0,0.0
2019-02-08,19,0,160,0.04,0.04,0.0,0.861779,0.0
2019-02-08,19,0,161,1.99,1.99,0.0,14.529193,0.0
2019-02-08,19,0,162,35.43,35.43,0.0,935.400326,0.0
2019-02-08,19,0,163,67.82,67.82,0.0,-1361.405683,0.0
2019-02-08,19,0,164,2.06,2.06,0.0,35.529131,0.0
2019-02-08,19,0,167,0.0,0.0,0.0,0.0,0.0
2019-02-08,19,0,168,0.0,0.0,0.0,0.0,0.0
2019-02-08,19,0,169,0.0,0.0,0.0,0.0,0.0
2019-02-08,19,0,170,0.0,0.0,0.0,0.0,0.0
2019-02-08,19,0,172,0.02,0.02,0.0,0.501685,0.0
2019-02-08,19,0,173,0.02,0.02,0.0,0.501685,0.0
2019-02-08,19,0,188,0.08,0.08,0.0,2.046697,0.0
2019-02-08,19,0,190,0.16,0.16,0.0,4.769334,0.0
2019-02-08,19,0,191,0.42,0.42,0.0,12.519502,0.0
2019-02-08,19,0,192,84.04,84.04,0.0,2505.092773,0.0
2019-02-08,19,0,194,65.56,65.56,0.0,1252.641601,0.0
2019-02-08,19,0,196,0.15,0.15,0.0,5.527631,0.0
2019-02-08,19,0,198,0.1,0.1,0.0,2.055865,0.0
2019-02-08,19,0,199,80.46,80.46,0.0,1485.153455,0.0
2019-02-08,19,0,200,0.19,0.19,0.0,3.507074,0.0
2019-02-08,19,0,204,105.44,105.44,0.0,2175.676378,0.0
2019-02-08,19,0,205,143.67,143.67,0.0,2999.647289,0.0
2019-02-08,19,0,206,203.02,203.02,0.0,3492.377026,0.0
2019-02-08,19,0,210,0.0,0.0,0.0,0.0,0.0
2019-02-08,19,0,214,0.07,0.07,0.0,1.972134,0.0
2019-02-08,19,0,217,0.0,0.0,0.0,0.0,0.0
2019-02-08,19,0,218,0.0,0.0,0.0,0.0,0.0
2019-02-08,19,0,219,0.0,0.0,0.0,0.0,0.0
2019-02-08,19,0,221,0.04,0.04,0.0,1.126934,0.0
2019-02-08,19,0,225,0.0,0.0,0.0,0.0,0.0
2019-02-08,19,0,233,0.12,0.12,0.0,3.218521,0.0
2019-02-08,19,0,236,157.85,157.85,0.0,3929.164665,0.0
2019-02-08,19,0,237,133.19,133.19,0.0,3159.737918,0.0
2019-02-08,19,0,238,3.43,3.43,0.0,67.869003,0.0
2019-02-08,19,0,240,0.25,0.25,0.0,5.477308,0.0
2019-02-08,19,0,245,78.0,78.0,0.0,1701.212715,0.0
2019-02-08,19,0,247,171.72,171.72,0.0,3745.285223,0.0
2019-02-08,19,0,248,13.37,13.37,0.0,317.183692,0.0
2019-02-08,19,0,249,150.0,150.0,0.0,3271.562913,0.0
2019-02-08,19,0,251,303.56,303.56,0.0,5424.064622,0.0
2019-02-08,19,0,252,267.06,267.06,0.0,3948.397377,0.0
2019-02-08,19,0,254,0.21,0.21,0.0,4.534003,0.0
2019-02-08,19,0,255,0.1,0.1,0.0,2.159049,0.0
2019-02-08,19,0,258,0.31,0.31,0.0,6.776675,0.0
2019-02-08,19,0,260,0.09,0.09,0.0,1.939004,0.0
2019-02-08,19,0,265,3.68,3.68,0.0,72.516674,0.0
2019-02-08,19,0,266,18.3,18.3,0.0,360.612808,0.0
2019-02-08,19,0,267,22.49,22.49,0.0,443.179348,0.0
2019-02-08,19,0,270,211.8,211.8,0.0,-4251.632612,0.0
2019-02-08,19,0,272,46.4,46.4,0.0,633.565945,0.0
2019-02-08,19,0,273,0.74,0.74,0.0,-14.854618,0.0
2019-02-08,19,0,274,273.03,273.03,0.0,-5480.751898,0.0
2019-02-08,19,0,275,380.07,380.07,0.0,-7629.452346,0.0
2019-02-08,19,0,276,0.16,0.16,0.0,-2.47459,0.0
2019-02-08,19,0,277,0.2,0.2,0.0,2.69339,0.0
2019-02-08,19,0,278,0.33,0.33,0.0,4.444094,0.0
2019-02-08,19,0,279,81.82,81.82,0.0,1101.865872,0.0
2019-02-08,19,0,281,16.83,16.83,0.0,290.269549,0.0
2019-02-08,19,0,282,17.21,17.21,0.0,296.823467,0.0
2019-02-08,20,0,9,0.0,0.0,0.0,0.0,0.0
2019-02-08,20,0,17,0.0,0.0,0.0,0.0,0.0
2019-02-08,20,0,19,643.3,643.3,0.0,3687.429371,0.0
2019-02-08,20,0,20,780.2,780.2,0.0,4472.147357,0.0
2019-02-08,20,0,21,0.0,0.0,0.0,0.0,0.0
2019-02-08,20,0,22,0.0,0.0,0.0,0.0,0.0
2019-02-08,20,0,23,57.65,57.65,0.0,1184.031516,0.0
2019-02-08,20,0,24,102.01,102.01,0.0,2095.109366,0.0
2019-02-08,20,0,29,0.0,0.0,0.0,0.0,0.0
2019-02-08,20,0,30,0.0,0.0,0.0,0.0,0.0
2019-02-08,20,0,31,37.5,37.5,0.0,769.469189,0.0
2019-02-08,20,0,32,0.0,0.0,0.0,0.0,0.0
2019-02-08,20,0,33,0.0,0.0,0.0,0.0,0.0
2019-02-08,20,0,34,0.0,0.0,0.0,0.0,0.0
2019-02-08,20,0,35,0.0,0.0,0.0,0.0,0.0
2019-02-08,20,0,36,0.0,0.0,0.0,0.0,0.0
2019-02-08,20,0,37,0.0,0.0,0.0,0.0,0.0
2019-02-08,20,0,38,0.0,0.0,0.0,0.0,0.0
2019-02-08,20,0,39,0.0,0.0,0.0,0.0,0.0
2019-02-08,20,0,40,0.0,0.0,0.0,0.0,0.0
2019-02-08,20,0,41,31.46,31.46,0.0,682.981822,0.0
2019-02-08,20,0,42,0.0,0.0,0.0,0.0,0.0
2019-02-08,20,0,43,0.0,0.0,0.0,0.0,0.0
2019-02-08,20,0,46,0.0,0.0,0.0,0.0,0.0
2019-02-08,20,0,52,39.75,39.75,0.0,815.63734,0.0
2019-02-08,20,0,53,63.15,63.15,0.0,1295.786114,0.0
2019-02-08,20,0,55,153.94,153.94,0.0,3161.661953,0.0
2019-02-08,20,0,56,0.0,0.0,0.0,0.0,0.0
2019-02-08,20,0,57,0.0,0.0,0.0,0.0,0.0
2019-02-08,20,0,58,0.0,0.0,0.0,0.0,0.0
2019-02-08,20,0,59,0.0,0.0,0.0,0.0,0.0
2019-02-08,20,0,63,23.56,23.56,0.0,638.790732,0.0
2019-02-08,20,0,64,27.72,27.72,0.0,751.582304,0.0
2019-02-08,20,0,65,41.4,41.4,0.0,457.539052,0.0
2019-02-08,20,0,67,0.0,0.0,0.0,0.0,0.0
2019-02-08,20,0,68,2.49,2.49,0.0,39.448389,0.0
2019-02-08,20,0,69,0.0,0.0,0.0,0.0,0.0
2019-02-08,20,0,74,46.54,46.54,0.0,1125.429052,0.0
2019-02-08,20,0,77,25.32,25.32,0.0,474.523896,0.0
2019-02-08,20,0,78,19.22,19.22,0.0,360.203368,0.0
2019-02-08,20,0,79,11.19,11.19,0.0,209.712575,0.0
2019-02-08,20,0,80,18.0,18.0,0.0,337.339262,0.0
2019-02-08,20,0,81,23.45,23.45,0.0,439.478094,0.0
2019-02-08,20,0,82,16.62,16.62,0.0,311.476586,0.0
2019-02-08,20,0,83,36.55,36.55,0.0,684.986113,0.0
2019-02-08,20,0,84,0.0,0.0,0.0,0.0,0.0
2019-02-08,20,0,86,0.0,0.0,0.0,0.0,0.0
2019-02-08,20,0,87,0.0,0.0,0.0,0.0,0.0
2019-02-08,20,0,88,25.79,25.79,0.0,483.332199,0.0
2019-02-08,20,0,89,24.8,24.8,0.0,464.778539,0.0
2019-02-08,20,0,90,33.27,33.27,0.0,623.515403,0.0
2019-02-08,20,0,91,118.45,118.45,0.0,2219.879757,0.0
2019-02-08,20,0,92,42.66,42.66,0.0,799.494052,0.0
2019-02-08,20,0,95,34.06,34.06,0.0,865.590399,0.0
2019-02-08,20,0,96,10.79,10.79,0.0,221.186597,0.0
2019-02-08,20,0,97,77.89,77.89,0.0,1596.684338,0.0
2019-02-08,20,0,99,8.98,8.98,0.0,217.154123,0.0
2019-02-08,20,0,101,0.0,0.0,0.0,0.0,0.0
2019-02-08,20,0,102,5.9,5.9,0.0,93.472086,0.0
2019-02-08,20,0,103,5.13,5.13,0.0,81.273186,0.0
2019-02-08,20,0,104,0.95,0.95,0.0,15.05059,0.0
2019-02-08,20,0,106,0.0,0.0,0.0,0.0,0.0
2019-02-08,20,0,109,25.72,25.72,0.0,566.932774,0.0
2019-02-08,20,0,110,204.62,204.62,0.0,468.357251,0.0
2019-02-08,20,0,111,0.0,0.0,0.0,0.0,0.0
2019-02-08,20,0,113,9.99,9.99,0.0,190.05368,0.0
2019-02-08,20,0,115,9.99,9.99,0.0,190.05368,0.0
2019-02-08,20,0,116,0.0,0.0,0.0,0.0,0.0
2019-02-08,20,0,117,0.67,0.67,0.0,12.746343,0.0
2019-02-08,20,0,119,27.72,27.72,0.0,751.582304,0.0
2019-02-08,20,0,120,16.3,16.3,0.0,441.947747,0.0
2019-02-08,20,0,123,0.0,0.0,0.0,0.0,0.0
2019-02-08,20,0,125,92.31,92.31,0.0,1895.888105,0.0
2019-02-08,20,0,126,0.0,0.0,0.0,0.0,0.0
2019-02-08,20,0,127,0.0,0.0,0.0,0.0,0.0
2019-02-08,20,0,128,132.21,132.21,0.0,2715.365251,0.0
2019-02-08,20,0,131,8.88,8.88,0.0,148.596104,0.0
2019-02-08,20,0,132,13.05,13.05,0.0,218.376031,0.0
2019-02-08,20,0,133,103.8,103.8,0.0,794.40275,0.0
2019-02-08,20,0,134,0.0,0.0,0.0,0.0,0.0
2019-02-08,20,0,135,138.32,138.32,0.0,1058.59141,0.0
2019-02-08,20,0,136,45.9,45.9,0.0,520.676018,0.0
2019-02-08,20,0,139,42.1,42.1,0.0,913.971224,0.0
2019-02-08,20,0,140,151.44,151.44,0.0,346.632891,0.0
2019-02-08,20,0,141,111.51,111.51,0.0,1394.572321,0.0
2019-02-08,20,0,142,0.0,0.0,0.0,0.0,0.0
2019-02-08,20,0,143,71.55,71.55,0.0,1468.147212,0.0
2019-02-08,20,0,145,9.15,9.15,0.0,192.982716,0.0
2019-02-08,20,0,146,268.0,268.0,0.0,613.428518,0.0
2019-02-08,20,0,152,0.0,0.0,0.0,0.0,0.0
2019-02-08,20,0,153,0.0,0.0,0.0,0.0,0.0
2019-02-08,20,0,154,0.0,0.0,0.0,0.0,0.0
2019-02-08,20,0,157,250.0,250.0,0.0,3126.56336,0.0
2019-02-08,20,0,158,0.0,0.0,0.0,0.0,0.0
2019-02-08,20,0,159,0.0,0.0,0.0,0.0,0.0
2019-02-08,20,0,160,0.0,0.0,0.0,0.0,0.0
2019-02-08,20,0,161,0.0,0.0,0.0,0.0,0.0
2019-02-08,20,0,162,28.56,28.56,0.0,726.361346,0.0
2019-02-08,20,0,163,35.25,35.25,0.0,80.684161,0.0
2019-02-08,20,0,164,0.0,0.0,0.0,0.0,0.0
2019-02-08,20,0,167,0.0,0.0,0.0,0.0,0.0
2019-02-08,20,0,168,0.0,0.0,0.0,0.0,0.0
2019-02-08,20,0,169,0.0,0.0,0.0,0.0,0.0
2019-02-08,20,0,170,0.0,0.0,0.0,0.0,0.0
2019-02-08,20,0,172,0.0,0.0,0.0,0.0,0.0
2019-02-08,20,0,173,0.0,0.0,0.0,0.0,0.0
2019-02-08,20,0,188,0.0,0.0,0.0,0.0,0.0
2019-02-08,20,0,190,0.0,0.0,0.0,0.0,0.0
2019-02-08,20,0,191,0.0,0.0,0.0,0.0,0.0
2019-02-08,20,0,192,48.26,48.26,0.0,1308.490692,0.0
2019-02-08,20,0,194,40.59,40.59,0.0,883.736263,0.0
2019-02-08,20,0,196,0.0,0.0,0.0,0.0,0.0
2019-02-08,20,0,198,0.0,0.0,0.0,0.0,0.0
2019-02-08,20,0,199,58.25,58.25,0.0,1262.358434,0.0
2019-02-08,20,0,200,0.0,0.0,0.0,0.0,0.0
2019-02-08,20,0,204,179.52,179.52,0.0,3932.01391,0.0
2019-02-08,20,0,205,136.06,136.06,0.0,2999.100823,0.0
2019-02-08,20,0,206,295.07,295.07,0.0,6048.705196,0.0
2019-02-08,20,0,210,0.0,0.0,0.0,0.0,0.0
2019-02-08,20,0,214,0.0,0.0,0.0,0.0,0.0
2019-02-08,20,0,217,0.0,0.0,0.0,0.0,0.0
2019-02-08,20,0,218,0.0,0.0,0.0,0.0,0.0
2019-02-08,20,0,219,0.0,0.0,0.0,0.0,0.0
2019-02-08,20,0,221,0.0,0.0,0.0,0.0,0.0
2019-02-08,20,0,225,0.0,0.0,0.0,0.0,0.0
2019-02-08,20,0,233,0.0,0.0,0.0,0.0,0.0
2019-02-08,20,0,236,128.94,128.94,0.0,3134.721275,0.0
2019-02-08,20,0,237,111.65,111.65,0.0,2699.917353,0.0
2019-02-08,20,0,238,0.0,0.0,0.0,0.0,0.0
2019-02-08,20,0,240,0.0,0.0,0.0,0.0,0.0
2019-02-08,20,0,245,145.89,145.89,0.0,1598.592946,0.0
2019-02-08,20,0,247,171.72,171.72,0.0,1881.625751,0.0
2019-02-08,20,0,248,11.21,11.21,0.0,271.079924,0.0
2019-02-08,20,0,249,280.44,280.44,0.0,3072.927588,0.0
2019-02-08,20,0,251,236.96,236.96,0.0,3276.901757,0.0
2019-02-08,20,0,252,267.06,267.06,0.0,2951.458437,0.0
2019-02-08,20,0,254,0.0,0.0,0.0,0.0,0.0
2019-02-08,20,0,255,0.0,0.0,0.0,0.0,0.0
2019-02-08,20,0,258,0.0,0.0,0.0,0.0,0.0
2019-02-08,20,0,260,0.0,0.0,0.0,0.0,0.0
2019-02-08,20,0,265,0.0,0.0,0.0,0.0,0.0
2019-02-08,20,0,266,25.66,25.66,0.0,557.066547,0.0
2019-02-08,20,0,267,32.45,32.45,0.0,704.474257,0.0
2019-02-08,20,0,270,110.08,110.08,0.0,251.963475,0.0
2019-02-08,20,0,272,33.39,33.39,0.0,635.224463,0.0
2019-02-08,20,0,273,0.0,0.0,0.0,0.0,0.0
2019-02-08,20,0,274,141.9,141.9,0.0,324.796667,0.0
2019-02-08,20,0,275,197.53,197.53,0.0,452.128863,0.0
2019-02-08,20,0,276,0.0,0.0,0.0,0.0,0.0
2019-02-08,20,0,277,0.0,0.0,0.0,0.0,0.0
2019-02-08,20,0,278,0.0,0.0,0.0,0.0,0.0
2019-02-08,20,0,279,143.75,143.75,0.0,2718.428067,0.0
2019-02-08,20,0,281,16.83,16.83,0.0,345.337772,0.0
2019-02-08,20,0,282,0.0,0.0,0.0,0.0,0.0
2019-02-08,21,0,9,0.0,0.0,0.0,0.0,0.0
2019-02-08,21,0,17,0.0,0.0,0.0,0.0,0.0
2019-02-08,21,0,19,643.3,643.3,0.0,3687.429371,0.0
2019-02-08,21,0,20,780.2,780.2,0.0,4472.147357,0.0
2019-02-08,21,0,21,0.0,0.0,0.0,0.0,0.0
2019-02-08,21,0,22,0.0,0.0,0.0,0.0,0.0
2019-02-08,21,0,23,49.24,49.24,0.0,908.373978,0.0
2019-02-08,21,0,24,87.13,87.13,0.0,1607.364433,0.0
2019-02-08,21,0,29,0.0,0.0,0.0,0.0,0.0
2019-02-08,21,0,30,0.0,0.0,0.0,0.0,0.0
2019-02-08,21,0,31,37.5,37.5,0.0,691.790989,0.0
2019-02-08,21,0,32,0.0,0.0,0.0,0.0,0.0
2019-02-08,21,0,33,0.0,0.0,0.0,0.0,0.0
2019-02-08,21,0,34,0.0,0.0,0.0,0.0,0.0
2019-02-08,21,0,35,0.0,0.0,0.0,0.0,0.0
2019-02-08,21,0,36,0.0,0.0,0.0,0.0,0.0
2019-02-08,21,0,37,0.0,0.0,0.0,0.0,0.0
2019-02-08,21,0,38,0.0,0.0,0.0,0.0,0.0
2019-02-08,21,0,39,0.0,0.0,0.0,0.0,0.0
2019-02-08,21,0,40,0.0,0.0,0.0,0.0,0.0
2019-02-08,21,0,41,47.76,47.76,0.0,888.165872,0.0
2019-02-08,21,0,42,0.0,0.0,0.0,0.0,0.0
2019-02-08,21,0,43,0.0,0.0,0.0,0.0,0.0
2019-02-08,21,0,46,0.0,0.0,0.0,0.0,0.0
2019-02-08,21,0,52,39.75,39.75,0.0,733.298448,0.0
2019-02-08,21,0,53,63.15,63.15,0.0,1164.976025,0.0
2019-02-08,21,0,55,139.91,139.91,0.0,2581.043933,0.0
2019-02-08,21,0,56,0.0,0.0,0.0,0.0,0.0
2019-02-08,21,0,57,0.0,0.0,0.0,0.0,0.0
2019-02-08,21,0,58,0.0,0.0,0.0,0.0,0.0
2019-02-08,21,0,59,0.0,0.0,0.0,0.0,0.0
2019-02-08,21,0,63,10.28,10.28,0.0,228.939643,0.0
2019-02-08,21,0,64,12.09,12.09,0.0,269.249054,0.0
2019-02-08,21,0,65,34.74,34.74,0.0,339.582218,0.0
2019-02-08,21,0,67,0.0,0.0,0.0,0.0,0.0
2019-02-08,21,0,68,1.88,1.88,0.0,35.572305,0.0
2019-02-08,21,0,69,0.0,0.0,0.0,0.0,0.0
2019-02-08,21,0,74,38.63,38.63,0.0,751.367683,0.0
2019-02-08,21,0,77,42.68,42.68,0.0,788.152617,0.0
2019-02-08,21,0,78,32.33,32.33,0.0,597.023761,0.0
2019-02-08,21,0,79,18.75,18.75,0.0,346.247928,0.0
2019-02-08,21,0,80,30.27,30.27,0.0,558.982655,0.0
2019-02-08,21,0,81,39.51,39.51,0.0,729.613634,0.0
2019-02-08,21,0,82,27.93,27.93,0.0,515.770914,0.0
2019-02-08,21,0,83,61.88,61.88,0.0,1142.710496,0.0
2019-02-08,21,0,84,0.0,0.0,0.0,0.0,0.0
2019-02-08,21,0,86,0.0,0.0,0.0,0.0,0.0
2019-02-08,21,0,87,0.0,0.0,0.0,0.0,0.0
2019-02-08,21,0,88,36.08,36.08,0.0,666.273347,0.0
2019-02-08,21,0,89,34.68,34.68,0.0,640.420168,0.0
2019-02-08,21,0,90,46.57,46.57,0.0,859.987521,0.0
2019-02-08,21,0,91,166.11,166.11,0.0,3067.479646,0.0
2019-02-08,21,0,92,59.74,59.74,0.0,1103.192066,0.0
2019-02-08,21,0,95,34.71,34.71,0.0,778.536158,0.0
2019-02-08,21,0,96,9.17,9.17,0.0,169.164732,0.0
2019-02-08,21,0,97,56.38,56.38,0.0,1040.077165,0.0
2019-02-08,21,0,99,7.46,7.46,0.0,145.099739,0.0
2019-02-08,21,0,101,0.0,0.0,0.0,0.0,0.0
2019-02-08,21,0,102,4.44,4.44,0.0,84.011189,0.0
2019-02-08,21,0,103,3.86,3.86,0.0,73.036755,0.0
2019-02-08,21,0,104,0.72,0.72,0.0,13.623436,0.0
2019-02-08,21,0,106,0.0,0.0,0.0,0.0,0.0
2019-02-08,21,0,109,34.45,34.45,0.0,631.869783,0.0
2019-02-08,21,0,110,215.38,215.38,0.0,4551.98025,0.0
2019-02-08,21,0,111,0.0,0.0,0.0,0.0,0.0
2019-02-08,21,0,113,13.25,13.25,0.0,243.268667,0.0
2019-02-08,21,0,115,13.25,13.25,0.0,243.268667,0.0
2019-02-08,21,0,116,0.0,0.0,0.0,0.0,0.0
2019-02-08,21,0,117,0.89,0.89,0.0,16.34031,0.0
2019-02-08,21,0,119,12.09,12.09,0.0,269.249054,0.0
2019-02-08,21,0,120,7.11,7.11,0.0,158.342496,0.0
2019-02-08,21,0,123,0.0,0.0,0.0,0.0,0.0
2019-02-08,21,0,125,78.84,78.84,0.0,1454.431446,0.0
2019-02-08,21,0,126,0.0,0.0,0.0,0.0,0.0
2019-02-08,21,0,127,0.0,0.0,0.0,0.0,0.0
2019-02-08,21,0,128,112.93,112.93,0.0,2083.31993,0.0
2019-02-08,21,0,131,7.08,7.08,0.0,132.933627,0.0
2019-02-08,21,0,132,10.4,10.4,0.0,195.269734,0.0
2019-02-08,21,0,133,91.59,91.59,0.0,721.013111,0.0
2019-02-08,21,0,134,0.0,0.0,0.0,0.0,0.0
2019-02-08,21,0,135,119.08,119.08,0.0,937.419383,0.0
2019-02-08,21,0,136,45.9,45.9,0.0,458.858203,0.0
2019-02-08,21,0,139,62.9,62.9,0.0,1169.715941,0.0
2019-02-08,21,0,140,159.4,159.4,0.0,3368.862716,0.0
2019-02-08,21,0,141,96.32,96.32,0.0,1874.989496,0.0
2019-02-08,21,0,142,0.0,0.0,0.0,0.0,0.0
2019-02-08,21,0,143,71.38,71.38,0.0,1316.801088,0.0
2019-02-08,21,0,145,8.23,8.23,0.0,151.540224,0.0
2019-02-08,21,0,146,268.0,268.0,0.0,5664.08537,0.0
2019-02-08,21,0,152,0.0,0.0,0.0,0.0,0.0
2019-02-08,21,0,153,0.0,0.0,0.0,0.0,0.0
2019-02-08,21,0,154,0.0,0.0,0.0,0.0,0.0
2019-02-08,21,0,157,250.0,250.0,0.0,4866.563269,0.0
2019-02-08,21,0,158,0.0,0.0,0.0,0.0,0.0
2019-02-08,21,0,159,0.0,0.0,0.0,0.0,0.0
2019-02-08,21,0,160,0.0,0.0,0.0,0.0,0.0
2019-02-08,21,0,161,0.0,0.0,0.0,0.0,0.0
2019-02-08,21,0,162,23.69,23.69,0.0,531.316113,0.0
2019-02-08,21,0,163,17.26,17.26,0.0,364.784006,0.0
2019-02-08,21,0,164,0.0,0.0,0.0,0.0,0.0
2019-02-08,21,0,167,0.0,0.0,0.0,0.0,0.0
2019-02-08,21,0,168,0.0,0.0,0.0,0.0,0.0
2019-02-08,21,0,169,0.0,0.0,0.0,0.0,0.0
2019-02-08,21,0,170,0.0,0.0,0.0,0.0,0.0
2019-02-08,21,0,172,0.0,0.0,0.0,0.0,0.0
2019-02-08,21,0,173,0.0,0.0,0.0,0.0,0.0
2019-02-08,21,0,188,0.0,0.0,0.0,0.0,0.0
2019-02-08,21,0,190,0.0,0.0,0.0,0.0,0.0
2019-02-08,21,0,191,0.0,0.0,0.0,0.0,0.0
2019-02-08,21,0,192,25.52,25.52,0.0,568.340436,0.0
2019-02-08,21,0,194,22.93,22.93,0.0,409.41173,0.0
2019-02-08,21,0,196,0.0,0.0,0.0,0.0,0.0
2019-02-08,21,0,198,0.0,0.0,0.0,0.0,0.0
2019-02-08,21,0,199,42.37,42.37,0.0,624.773533,0.0
2019-02-08,21,0,200,0.0,0.0,0.0,0.0,0.0
2019-02-08,21,0,204,310.95,310.95,0.0,5686.554861,0.0
2019-02-08,21,0,205,159.87,159.87,0.0,2932.27931,0.0
2019-02-08,21,0,206,165.68,165.68,0.0,3056.402709,0.0
2019-02-08,21,0,210,0.0,0.0,0.0,0.0,0.0
2019-02-08,21,0,214,0.0,0.0,0.0,0.0,0.0
2019-02-08,21,0,217,0.0,0.0,0.0,0.0,0.0
2019-02-08,21,0,218,0.0,0.0,0.0,0.0,0.0
2019-02-08,21,0,219,0.0,0.0,0.0,0.0,0.0
2019-02-08,21,0,221,0.0,0.0,0.0,0.0,0.0
2019-02-08,21,0,225,0.0,0.0,0.0,0.0,0.0
2019-02-08,21,0,233,0.0,0.0,0.0,0.0,0.0
2019-02-08,21,0,236,103.71,103.71,0.0,2009.798946,0.0
2019-02-08,21,0,237,92.66,92.66,0.0,1802.27102,0.0
2019-02-08,21,0,238,0.0,0.0,0.0,0.0,0.0
2019-02-08,21,0,240,0.0,0.0,0.0,0.0,0.0
2019-02-08,21,0,245,260.0,260.0,0.0,2594.800881,0.0
2019-02-08,21,0,247,152.34,152.34,0.0,1520.353716,0.0
2019-02-08,21,0,248,9.3,9.3,0.0,180.888415,0.0
2019-02-08,21,0,249,500.0,500.0,0.0,4990.001695,0.0
2019-02-08,21,0,251,180.45,180.45,0.0,2132.776613,0.0
2019-02-08,21,0,252,224.09,224.09,0.0,2190.471482,0.0
2019-02-08,21,0,254,0.0,0.0,0.0,0.0,0.0
2019-02-08,21,0,255,0.0,0.0,0.0,0.0,0.0
2019-02-08,21,0,258,0.0,0.0,0.0,0.0,0.0
2019-02-08,21,0,260,0.0,0.0,0.0,0.0,0.0
2019-02-08,21,0,265,0.0,0.0,0.0,0.0,0.0
2019-02-08,21,0,266,39.4,39.4,0.0,732.699651,0.0
2019-02-08,21,0,267,49.18,49.18,0.0,914.572814,0.0
2019-02-08,21,0,270,53.9,53.9,0.0,1139.157468,0.0
2019-02-08,21,0,272,44.25,44.25,0.0,812.425549,0.0
2019-02-08,21,0,273,0.0,0.0,0.0,0.0,0.0
2019-02-08,21,0,274,69.48,69.48,0.0,1468.435267,0.0
2019-02-08,21,0,275,96.72,96.72,0.0,2044.143048,0.0
2019-02-08,21,0,276,0.0,0.0,0.0,0.0,0.0
2019-02-08,21,0,277,0.0,0.0,0.0,0.0,0.0
2019-02-08,21,0,278,0.0,0.0,0.0,0.0,0.0
2019-02-08,21,0,279,101.23,101.23,0.0,1862.901255,0.0
2019-02-08,21,0,281,16.83,16.83,0.0,310.475796,0.0
2019-02-08,21,0,282,0.0,0.0,0.0,0.0,0.0
2019-02-08,22,0,9,0.0,0.0,0.0,0.0,0.0
2019-02-08,22,0,17,0.0,0.0,0.0,0.0,0.0
2019-02-08,22,0,19,643.3,643.3,0.0,3582.847924,0.0
2019-02-08,22,0,20,780.2,780.2,0.0,4345.310042,0.0
2019-02-08,22,0,21,0.0,0.0,0.0,0.0,0.0
2019-02-08,22,0,22,0.0,0.0,0.0,0.0,0.0
2019-02-08,22,0,23,41.55,41.55,0.0,670.308076,0.0
2019-02-08,22,0,24,73.52,73.52,0.0,1186.066178,0.0
2019-02-08,22,0,29,0.0,0.0,0.0,0.0,0.0
2019-02-08,22,0,30,0.0,0.0,0.0,0.0,0.0
2019-02-08,22,0,31,36.18,36.18,0.0,583.997556,0.0
2019-02-08,22,0,32,0.0,0.0,0.0,0.0,0.0
2019-02-08,22,0,33,0.0,0.0,0.0,0.0,0.0
2019-02-08,22,0,34,0.0,0.0,0.0,0.0,0.0
2019-02-08,22,0,35,0.0,0.0,0.0,0.0,0.0
2019-02-08,22,0,36,0.0,0.0,0.0,0.0,0.0
2019-02-08,22,0,37,0.0,0.0,0.0,0.0,0.0
2019-02-08,22,0,38,0.0,0.0,0.0,0.0,0.0
2019-02-08,22,0,39,0.0,0.0,0.0,0.0,0.0
2019-02-08,22,0,40,0.0,0.0,0.0,0.0,0.0
2019-02-08,22,0,41,40.99,40.99,0.0,644.872747,0.0
2019-02-08,22,0,42,0.0,0.0,0.0,0.0,0.0
2019-02-08,22,0,43,0.0,0.0,0.0,0.0,0.0
2019-02-08,22,0,46,0.0,0.0,0.0,0.0,0.0
2019-02-08,22,0,52,38.35,38.35,0.0,619.024496,0.0
2019-02-08,22,0,53,60.93,60.93,0.0,983.498372,0.0
2019-02-08,22,0,55,243.07,243.07,0.0,3921.342573,0.0
2019-02-08,22,0,56,0.0,0.0,0.0,0.0,0.0
2019-02-08,22,0,57,0.0,0.0,0.0,0.0,0.0
2019-02-08,22,0,58,0.0,0.0,0.0,0.0,0.0
2019-02-08,22,0,59,0.0,0.0,0.0,0.0,0.0
2019-02-08,22,0,63,3.64,3.64,0.0,80.84917,0.0
2019-02-08,22,0,64,4.28,4.28,0.0,95.064409,0.0
2019-02-08,22,0,65,26.7,26.7,0.0,237.767656,0.0
2019-02-08,22,0,67,0.0,0.0,0.0,0.0,0.0
2019-02-08,22,0,68,1.41,1.41,0.0,24.924684,0.0
2019-02-08,22,0,69,0.0,0.0,0.0,0.0,0.0
2019-02-08,22,0,74,31.66,31.66,0.0,489.717003,0.0
2019-02-08,22,0,77,40.96,40.96,0.0,696.322055,0.0
2019-02-08,22,0,78,30.97,30.97,0.0,526.491554,0.0
2019-02-08,22,0,79,17.92,17.92,0.0,304.640899,0.0
2019-02-08,22,0,80,28.98,28.98,0.0,492.661454,0.0
2019-02-08,22,0,81,37.89,37.89,0.0,644.131901,0.0
2019-02-08,22,0,82,26.73,26.73,0.0,454.411341,0.0
2019-02-08,22,0,83,59.6,59.6,0.0,1013.20299,0.0
2019-02-08,22,0,84,0.0,0.0,0.0,0.0,0.0
2019-02-08,22,0,86,0.0,0.0,0.0,0.0,0.0
2019-02-08,22,0,87,0.0,0.0,0.0,0.0,0.0
2019-02-08,22,0,88,28.36,28.36,0.0,482.121423,0.0
2019-02-08,22,0,89,27.26,27.26,0.0,463.421368,0.0
2019-02-08,22,0,90,36.6,36.6,0.0,622.201836,0.0
2019-02-08,22,0,91,130.57,130.57,0.0,2219.696551,0.0
2019-02-08,22,0,92,46.96,46.96,0.0,798.322356,0.0
2019-02-08,22,0,95,36.51,36.51,0.0,818.909684,0.0
2019-02-08,22,0,96,8.27,8.27,0.0,133.566535,0.0
2019-02-08,22,0,97,50.87,50.87,0.0,821.587624,0.0
2019-02-08,22,0,99,6.11,6.11,0.0,94.509504,0.0
2019-02-08,22,0,101,0.0,0.0,0.0,0.0,0.0
2019-02-08,22,0,102,3.34,3.34,0.0,59.041451,0.0
2019-02-08,22,0,103,2.9,2.9,0.0,51.263535,0.0
2019-02-08,22,0,104,0.54,0.54,0.0,9.545624,0.0
2019-02-08,22,0,106,0.0,0.0,0.0,0.0,0.0
2019-02-08,22,0,109,69.33,69.33,0.0,1061.608584,0.0
2019-02-08,22,0,110,243.61,243.61,0.0,5041.845882,0.0
2019-02-08,22,0,111,0.0,0.0,0.0,0.0,0.0
2019-02-08,22,0,113,16.65,16.65,0.0,283.716147,0.0
2019-02-08,22,0,115,16.65,16.65,0.0,283.716147,0.0
2019-02-08,22,0,116,0.0,0.0,0.0,0.0,0.0
2019-02-08,22,0,117,1.11,1.11,0.0,18.91441,0.0
2019-02-08,22,0,119,4.28,4.28,0.0,95.064409,0.0
2019-02-08,22,0,120,2.52,2.52,0.0,55.972503,0.0
2019-02-08,22,0,123,0.0,0.0,0.0,0.0,0.0
2019-02-08,22,0,125,66.53,66.53,0.0,1073.299549,0.0
2019-02-08,22,0,126,0.0,0.0,0.0,0.0,0.0
2019-02-08,22,0,127,0.0,0.0,0.0,0.0,0.0
2019-02-08,22,0,128,95.29,95.29,0.0,1537.272118,0.0
2019-02-08,22,0,131,5.62,5.62,0.0,98.229637,0.0
2019-02-08,22,0,132,8.26,8.26,0.0,144.373096,0.0
2019-02-08,22,0,133,139.8,139.8,0.0,1311.047466,0.0
2019-02-08,22,0,134,0.0,0.0,0.0,0.0,0.0
2019-02-08,22,0,135,187.33,187.33,0.0,1756.784848,0.0
2019-02-08,22,0,136,38.7,38.7,0.0,351.716335,0.0
2019-02-08,22,0,139,52.94,52.94,0.0,832.875414,0.0
2019-02-08,22,0,140,180.3,180.3,0.0,3731.557869,0.0
2019-02-08,22,0,141,83.39,83.39,0.0,1536.071088,0.0
2019-02-08,22,0,142,0.0,0.0,0.0,0.0,0.0
2019-02-08,22,0,143,64.66,64.66,0.0,1043.70597,0.0
2019-02-08,22,0,145,18.33,18.33,0.0,290.273137,0.0
2019-02-08,22,0,146,268.0,268.0,0.0,5546.630665,0.0
2019-02-08,22,0,152,0.0,0.0,0.0,0.0,0.0
2019-02-08,22,0,153,0.0,0.0,0.0,0.0,0.0
2019-02-08,22,0,154,0.0,0.0,0.0,0.0,0.0
2019-02-08,22,0,157,250.0,250.0,0.0,4605.081809,0.0
2019-02-08,22,0,158,0.0,0.0,0.0,0.0,0.0
2019-02-08,22,0,159,0.0,0.0,0.0,0.0,0.0
2019-02-08,22,0,160,0.0,0.0,0.0,0.0,0.0
2019-02-08,22,0,161,0.0,0.0,0.0,0.0,0.0
2019-02-08,22,0,162,11.94,11.94,0.0,267.780279,0.0
2019-02-08,22,0,163,9.43,9.43,0.0,195.166892,0.0
2019-02-08,22,0,164,0.0,0.0,0.0,0.0,0.0
2019-02-08,22,0,167,0.0,0.0,0.0,0.0,0.0
2019-02-08,22,0,168,0.0,0.0,0.0,0.0,0.0
2019-02-08,22,0,169,0.0,0.0,0.0,0.0,0.0
2019-02-08,22,0,170,0.0,0.0,0.0,0.0,0.0
2019-02-08,22,0,172,0.0,0.0,0.0,0.0,0.0
2019-02-08,22,0,173,0.0,0.0,0.0,0.0,0.0
2019-02-08,22,0,188,0.0,0.0,0.0,0.0,0.0
2019-02-08,22,0,190,0.0,0.0,0.0,0.0,0.0
2019-02-08,22,0,191,0.0,0.0,0.0,0.0,0.0
2019-02-08,22,0,192,12.34,12.34,0.0,274.087572,0.0
2019-02-08,22,0,194,11.53,11.53,0.0,190.52229,0.0
2019-02-08,22,0,196,0.0,0.0,0.0,0.0,0.0
2019-02-08,22,0,198,0.0,0.0,0.0,0.0,0.0
2019-02-08,22,0,199,31.86,31.86,0.0,453.266088,0.0
2019-02-08,22,0,200,0.0,0.0,0.0,0.0,0.0
2019-02-08,22,0,204,309.33,309.33,0.0,4740.346394,0.0
2019-02-08,22,0,205,344.91,344.91,0.0,5281.399347,0.0
2019-02-08,22,0,206,149.47,149.47,0.0,2414.04958,0.0
2019-02-08,22,0,210,0.0,0.0,0.0,0.0,0.0
2019-02-08,22,0,214,0.0,0.0,0.0,0.0,0.0
2019-02-08,22,0,217,0.0,0.0,0.0,0.0,0.0
2019-02-08,22,0,218,0.0,0.0,0.0,0.0,0.0
2019-02-08,22,0,219,0.0,0.0,0.0,0.0,0.0
2019-02-08,22,0,221,0.0,0.0,0.0,0.0,0.0
2019-02-08,22,0,225,0.0,0.0,0.0,0.0,0.0
2019-02-08,22,0,233,0.0,0.0,0.0,0.0,0.0
2019-02-08,22,0,236,82.41,82.41,0.0,1256.291093,0.0
2019-02-08,22,0,237,75.95,75.95,0.0,1174.794895,0.0
2019-02-08,22,0,238,0.0,0.0,0.0,0.0,0.0
2019-02-08,22,0,240,0.0,0.0,0.0,0.0,0.0
2019-02-08,22,0,245,260.0,260.0,0.0,2595.664125,0.0
2019-02-08,22,0,247,124.33,124.33,0.0,1241.226618,0.0
2019-02-08,22,0,248,7.62,7.62,0.0,117.86619,0.0
2019-02-08,22,0,249,500.0,500.0,0.0,4991.661778,0.0
2019-02-08,22,0,251,281.71,281.71,0.0,2922.277928,0.0
2019-02-08,22,0,252,172.22,172.22,0.0,1533.645905,0.0
2019-02-08,22,0,254,0.0,0.0,0.0,0.0,0.0
2019-02-08,22,0,255,0.0,0.0,0.0,0.0,0.0
2019-02-08,22,0,258,0.0,0.0,0.0,0.0,0.0
2019-02-08,22,0,260,0.0,0.0,0.0,0.0,0.0
2019-02-08,22,0,265,0.0,0.0,0.0,0.0,0.0
2019-02-08,22,0,266,34.28,34.28,0.0,539.30807,0.0
2019-02-08,22,0,267,42.12,42.12,0.0,662.650405,0.0
2019-02-08,22,0,270,29.44,29.44,0.0,609.301518,0.0
2019-02-08,22,0,272,55.64,55.64,0.0,948.106092,0.0
2019-02-08,22,0,273,0.0,0.0,0.0,0.0,0.0
2019-02-08,22,0,274,37.95,37.95,0.0,785.427738,0.0
2019-02-08,22,0,275,52.83,52.83,0.0,1093.389918,0.0
2019-02-08,22,0,276,0.0,0.0,0.0,0.0,0.0
2019-02-08,22,0,277,0.0,0.0,0.0,0.0,0.0
2019-02-08,22,0,278,0.0,0.0,0.0,0.0,0.0
2019-02-08,22,0,279,28.82,28.82,0.0,490.631356,0.0
2019-02-08,22,0,281,16.24,16.24,0.0,262.137101,0.0
2019-02-08,22,0,282,0.0,0.0,0.0,0.0,0.0
2019-02-08,23,0,9,0.0,0.0,0.0,0.0,0.0
2019-02-08,23,0,17,0.0,0.0,0.0,0.0,0.0
2019-02-08,23,0,19,643.3,643.3,0.0,3582.847924,0.0
2019-02-08,23,0,20,780.2,780.2,0.0,4345.310042,0.0
2019-02-08,23,0,21,0.0,0.0,0.0,0.0,0.0
2019-02-08,23,0,22,0.0,0.0,0.0,0.0,0.0
2019-02-08,23,0,23,50.52,50.52,0.0,574.406238,0.0
2019-02-08,23,0,24,89.39,89.39,0.0,1016.353397,0.0
2019-02-08,23,0,29,0.0,0.0,0.0,0.0,0.0
2019-02-08,23,0,30,0.0,0.0,0.0,0.0,0.0
2019-02-08,23,0,31,37.5,37.5,0.0,425.917401,0.0
2019-02-08,23,0,32,0.0,0.0,0.0,0.0,0.0
2019-02-08,23,0,33,0.0,0.0,0.0,0.0,0.0
2019-02-08,23,0,34,0.0,0.0,0.0,0.0,0.0
2019-02-08,23,0,35,0.0,0.0,0.0,0.0,0.0
2019-02-08,23,0,36,0.0,0.0,0.0,0.0,0.0
2019-02-08,23,0,37,0.0,0.0,0.0,0.0,0.0
2019-02-08,23,0,38,0.0,0.0,0.0,0.0,0.0
2019-02-08,23,0,39,0.0,0.0,0.0,0.0,0.0
2019-02-08,23,0,40,0.0,0.0,0.0,0.0,0.0
2019-02-08,23,0,41,49.59,49.59,0.0,597.438953,0.0
2019-02-08,23,0,42,0.0,0.0,0.0,0.0,0.0
2019-02-08,23,0,43,0.0,0.0,0.0,0.0,0.0
2019-02-08,23,0,46,0.0,0.0,0.0,0.0,0.0
2019-02-08,23,0,52,39.75,39.75,0.0,451.472445,0.0
2019-02-08,23,0,53,63.15,63.15,0.0,717.244903,0.0
2019-02-08,23,0,55,506.04,506.04,0.0,5753.613076,0.0
2019-02-08,23,0,56,0.0,0.0,0.0,0.0,0.0
2019-02-08,23,0,57,0.0,0.0,0.0,0.0,0.0
2019-02-08,23,0,58,0.0,0.0,0.0,0.0,0.0
2019-02-08,23,0,59,0.0,0.0,0.0,0.0,0.0
2019-02-08,23,0,63,7.06,7.06,0.0,128.395875,0.0
2019-02-08,23,0,64,8.31,8.31,0.0,151.128856,0.0
2019-02-08,23,0,65,33.2,33.2,0.0,321.339263,0.0
2019-02-08,23,0,67,0.0,0.0,0.0,0.0,0.0
2019-02-08,23,0,68,1.53,1.53,0.0,16.997076,0.0
2019-02-08,23,0,69,0.0,0.0,0.0,0.0,0.0
2019-02-08,23,0,74,35.2,35.2,0.0,463.293684,0.0
2019-02-08,23,0,77,45.65,45.65,0.0,466.502485,0.0
2019-02-08,23,0,78,34.51,34.51,0.0,352.661572,0.0
2019-02-08,23,0,79,19.97,19.97,0.0,204.075676,0.0
2019-02-08,23,0,80,32.3,32.3,0.0,330.077333,0.0
2019-02-08,23,0,81,42.23,42.23,0.0,431.55312,0.0
2019-02-08,23,0,82,29.79,29.79,0.0,304.427361,0.0
2019-02-08,23,0,83,66.42,66.42,0.0,678.753451,0.0
2019-02-08,23,0,84,0.0,0.0,0.0,0.0,0.0
2019-02-08,23,0,86,0.0,0.0,0.0,0.0,0.0
2019-02-08,23,0,87,0.0,0.0,0.0,0.0,0.0
2019-02-08,23,0,88,32.68,32.68,0.0,333.960596,0.0
2019-02-08,23,0,89,31.42,31.42,0.0,321.084514,0.0
2019-02-08,23,0,90,42.18,42.18,0.0,431.042164,0.0
2019-02-08,23,0,91,150.47,150.47,0.0,1537.669855,0.0
2019-02-08,23,0,92,54.12,54.12,0.0,553.058367,0.0
2019-02-08,23,0,95,35.96,35.96,0.0,699.270242,0.0
2019-02-08,23,0,96,9.71,9.71,0.0,110.161619,0.0
2019-02-08,23,0,97,59.73,59.73,0.0,677.647115,0.0
2019-02-08,23,0,99,6.79,6.79,0.0,89.368299,0.0
2019-02-08,23,0,101,0.0,0.0,0.0,0.0,0.0
2019-02-08,23,0,102,3.62,3.62,0.0,40.215303,0.0
2019-02-08,23,0,103,3.15,3.15,0.0,34.993979,0.0
2019-02-08,23,0,104,0.58,0.58,0.0,6.443336,0.0
2019-02-08,23,0,106,0.0,0.0,0.0,0.0,0.0
2019-02-08,23,0,109,86.61,86.61,0.0,1071.937949,0.0
2019-02-08,23,0,110,227.79,227.79,0.0,3605.698001,0.0
2019-02-08,23,0,111,0.0,0.0,0.0,0.0,0.0
2019-02-08,23,0,113,20.49,20.49,0.0,199.34646,0.0
2019-02-08,23,0,115,20.49,20.49,0.0,199.34646,0.0
2019-02-08,23,0,116,0.0,0.0,0.0,0.0,0.0
2019-02-08,23,0,117,1.37,1.37,0.0,13.32868,0.0
2019-02-08,23,0,119,8.31,8.31,0.0,151.128856,0.0
2019-02-08,23,0,120,4.89,4.89,0.0,88.931421,0.0
2019-02-08,23,0,123,0.0,0.0,0.0,0.0,0.0
2019-02-08,23,0,125,80.89,80.89,0.0,919.709433,0.0
2019-02-08,23,0,126,0.0,0.0,0.0,0.0,0.0
2019-02-08,23,0,127,0.0,0.0,0.0,0.0,0.0
2019-02-08,23,0,128,115.85,115.85,0.0,1317.200369,0.0
2019-02-08,23,0,131,6.13,6.13,0.0,66.197274,0.0
2019-02-08,23,0,132,9.0,9.0,0.0,97.190124,0.0
2019-02-08,23,0,133,139.8,139.8,0.0,2025.168879,0.0
2019-02-08,23,0,134,0.0,0.0,0.0,0.0,0.0
2019-02-08,23,0,135,187.33,187.33,0.0,2713.697326,0.0
2019-02-08,23,0,136,45.9,45.9,0.0,454.616176,0.0
2019-02-08,23,0,139,64.04,64.04,0.0,771.526327,0.0
2019-02-08,23,0,140,168.59,168.59,0.0,2668.618579,0.0
2019-02-08,23,0,141,98.42,98.42,0.0,1207.717692,0.0
2019-02-08,23,0,142,0.0,0.0,0.0,0.0,0.0
2019-02-08,23,0,143,71.55,71.55,0.0,812.650401,0.0
2019-02-08,23,0,145,8.37,8.37,0.0,98.237327,0.0
2019-02-08,23,0,146,268.0,268.0,0.0,4242.183873,0.0
2019-02-08,23,0,152,0.0,0.0,0.0,0.0,0.0
2019-02-08,23,0,153,0.0,0.0,0.0,0.0,0.0
2019-02-08,23,0,154,0.0,0.0,0.0,0.0,0.0
2019-02-08,23,0,157,250.0,250.0,0.0,3067.764916,0.0
2019-02-08,23,0,158,0.0,0.0,0.0,0.0,0.0
2019-02-08,23,0,159,0.0,0.0,0.0,0.0,0.0
2019-02-08,23,0,160,0.0,0.0,0.0,0.0,0.0
2019-02-08,23,0,161,0.0,0.0,0.0,0.0,0.0
2019-02-08,23,0,162,6.47,6.47,0.0,125.844034,0.0
2019-02-08,23,0,163,12.69,12.69,0.0,200.870572,0.0
2019-02-08,23,0,164,0.0,0.0,0.0,0.0,0.0
2019-02-08,23,0,167,0.0,0.0,0.0,0.0,0.0
2019-02-08,23,0,168,0.0,0.0,0.0,0.0,0.0
2019-02-08,23,0,169,0.0,0.0,0.0,0.0,0.0
2019-02-08,23,0,170,0.0,0.0,0.0,0.0,0.0
2019-02-08,23,0,172,0.0,0.0,0.0,0.0,0.0
2019-02-08,23,0,173,0.0,0.0,0.0,0.0,0.0
2019-02-08,23,0,188,0.0,0.0,0.0,0.0,0.0
2019-02-08,23,0,190,0.0,0.0,0.0,0.0,0.0
2019-02-08,23,0,191,0.0,0.0,0.0,0.0,0.0
2019-02-08,23,0,192,15.1,15.1,0.0,274.614407,0.0
2019-02-08,23,0,194,18.07,18.07,0.0,151.911048,0.0
2019-02-08,23,0,196,0.0,0.0,0.0,0.0,0.0
2019-02-08,23,0,198,0.0,0.0,0.0,0.0,0.0
2019-02-08,23,0,199,25.22,25.22,0.0,258.192454,0.0
2019-02-08,23,0,200,0.0,0.0,0.0,0.0,0.0
2019-02-08,23,0,204,322.24,322.24,0.0,3965.778418,0.0
2019-02-08,23,0,205,458.16,458.16,0.0,5670.46635,0.0
2019-02-08,23,0,206,175.53,175.53,0.0,1991.418017,0.0
2019-02-08,23,0,210,0.0,0.0,0.0,0.0,0.0
2019-02-08,23,0,214,0.0,0.0,0.0,0.0,0.0
2019-02-08,23,0,217,0.0,0.0,0.0,0.0,0.0
2019-02-08,23,0,218,0.0,0.0,0.0,0.0,0.0
2019-02-08,23,0,219,0.0,0.0,0.0,0.0,0.0
2019-02-08,23,0,221,0.0,0.0,0.0,0.0,0.0
2019-02-08,23,0,225,0.0,0.0,0.0,0.0,0.0
2019-02-08,23,0,233,0.0,0.0,0.0,0.0,0.0
2019-02-08,23,0,236,86.35,86.35,0.0,1169.268111,0.0
2019-02-08,23,0,237,84.43,84.43,0.0,1111.246754,0.0
2019-02-08,23,0,238,0.0,0.0,0.0,0.0,0.0
2019-02-08,23,0,240,0.0,0.0,0.0,0.0,0.0
2019-02-08,23,0,245,260.0,260.0,0.0,3428.770705,0.0
2019-02-08,23,0,247,144.12,144.12,0.0,1900.593977,0.0
2019-02-08,23,0,248,8.48,8.48,0.0,111.61166,0.0
2019-02-08,23,0,249,500.0,500.0,0.0,6593.789818,0.0
2019-02-08,23,0,251,160.02,160.02,0.0,1754.406802,0.0
2019-02-08,23,0,252,214.14,214.14,0.0,2072.638246,0.0
2019-02-08,23,0,254,0.0,0.0,0.0,0.0,0.0
2019-02-08,23,0,255,0.0,0.0,0.0,0.0,0.0
2019-02-08,23,0,258,0.0,0.0,0.0,0.0,0.0
2019-02-08,23,0,260,0.0,0.0,0.0,0.0,0.0
2019-02-08,23,0,265,0.0,0.0,0.0,0.0,0.0
2019-02-08,23,0,266,41.47,41.47,0.0,499.612692,0.0
2019-02-08,23,0,267,50.96,50.96,0.0,613.944123,0.0
2019-02-08,23,0,270,39.62,39.62,0.0,627.146735,0.0
2019-02-08,23,0,272,68.48,68.48,0.0,666.239412,0.0
2019-02-08,23,0,273,0.0,0.0,0.0,0.0,0.0
2019-02-08,23,0,274,51.07,51.07,0.0,808.389292,0.0
2019-02-08,23,0,275,71.09,71.09,0.0,1125.286759,0.0
2019-02-08,23,0,276,0.0,0.0,0.0,0.0,0.0
2019-02-08,23,0,277,0.0,0.0,0.0,0.0,0.0
2019-02-08,23,0,278,0.0,0.0,0.0,0.0,0.0
2019-02-08,23,0,279,32.93,32.93,0.0,326.845795,0.0
2019-02-08,23,0,281,16.83,16.83,0.0,191.151729,0.0
2019-02-08,23,0,282,0.0,0.0,0.0,0.0,0.0
2019-02-09,0,0,9,0.0,0.0,0.0,0.0,0.0
2019-02-09,0,0,17,0.0,0.0,0.0,0.0,0.0
2019-02-09,0,0,19,643.3,643.3,0.0,6799.347924,0.0
2019-02-09,0,0,20,780.2,780.2,0.0,8246.310042,0.0
2019-02-09,0,0,21,0.0,0.0,0.0,0.0,0.0
2019-02-09,0,0,22,0.0,0.0,0.0,0.0,0.0
2019-02-09,0,0,23,60.75,60.75,0.0,1058.547535,0.0
2019-02-09,0,0,24,107.49,107.49,0.0,1872.975713,0.0
2019-02-09,0,0,29,0.0,0.0,0.0,0.0,0.0
2019-02-09,0,0,30,0.0,0.0,0.0,0.0,0.0
2019-02-09,0,0,31,37.5,37.5,0.0,652.757435,0.0
2019-02-09,0,0,32,0.0,0.0,0.0,0.0,0.0
2019-02-09,0,0,33,0.0,0.0,0.0,0.0,0.0
2019-02-09,0,0,34,0.0,0.0,0.0,0.0,0.0
2019-02-09,0,0,35,0.0,0.0,0.0,0.0,0.0
2019-02-09,0,0,36,0.0,0.0,0.0,0.0,0.0
2019-02-09,0,0,37,0.0,0.0,0.0,0.0,0.0
2019-02-09,0,0,38,0.0,0.0,0.0,0.0,0.0
2019-02-09,0,0,39,0.0,0.0,0.0,0.0,0.0
2019-02-09,0,0,40,0.0,0.0,0.0,0.0,0.0
2019-02-09,0,0,41,59.72,59.72,0.0,1104.393832,0.0
2019-02-09,0,0,42,0.0,0.0,0.0,0.0,0.0
2019-02-09,0,0,43,0.0,0.0,0.0,0.0,0.0
2019-02-09,0,0,46,0.0,0.0,0.0,0.0,0.0
2019-02-09,0,0,52,39.75,39.75,0.0,691.922882,0.0
2019-02-09,0,0,53,63.15,63.15,0.0,1099.243521,0.0
2019-02-09,0,0,55,600.21,600.21,0.0,10458.449647,0.0
2019-02-09,0,0,56,0.0,0.0,0.0,0.0,0.0
2019-02-09,0,0,57,0.0,0.0,0.0,0.0,0.0
2019-02-09,0,0,58,0.0,0.0,0.0,0.0,0.0
2019-02-09,0,0,59,0.0,0.0,0.0,0.0,0.0
2019-02-09,0,0,63,12.2,12.2,0.0,282.40181,0.0
2019-02-09,0,0,64,14.35,14.35,0.0,332.169342,0.0
2019-02-09,0,0,65,41.36,41.36,0.0,577.813989,0.0
2019-02-09,0,0,67,0.0,0.0,0.0,0.0,0.0
2019-02-09,0,0,68,1.66,1.66,0.0,27.454559,0.0
2019-02-09,0,0,69,0.0,0.0,0.0,0.0,0.0
2019-02-09,0,0,74,39.22,39.22,0.0,807.459012,0.0
2019-02-09,0,0,77,51.25,51.25,0.0,806.972338,0.0
2019-02-09,0,0,78,38.74,38.74,0.0,609.992359,0.0
2019-02-09,0,0,79,22.42,22.42,0.0,353.020875,0.0
2019-02-09,0,0,80,36.26,36.26,0.0,570.94277,0.0
2019-02-09,0,0,81,47.41,47.41,0.0,746.50846,0.0
2019-02-09,0,0,82,33.44,33.44,0.0,526.53961,0.0
2019-02-09,0,0,83,74.57,74.57,0.0,1174.164434,0.0
2019-02-09,0,0,84,0.0,0.0,0.0,0.0,0.0
2019-02-09,0,0,86,0.0,0.0,0.0,0.0,0.0
2019-02-09,0,0,87,0.0,0.0,0.0,0.0,0.0
2019-02-09,0,0,88,38.09,38.09,0.0,599.757588,0.0
2019-02-09,0,0,89,36.62,36.62,0.0,576.611259,0.0
2019-02-09,0,0,90,49.17,49.17,0.0,774.221071,0.0
2019-02-09,0,0,91,175.39,175.39,0.0,2761.656164,0.0
2019-02-09,0,0,92,63.08,63.08,0.0,993.245173,0.0
2019-02-09,0,0,95,20.38,20.38,0.0,469.68583,0.0
2019-02-09,0,0,96,11.38,11.38,0.0,197.878592,0.0
2019-02-09,0,0,97,69.99,69.99,0.0,1217.005507,0.0
2019-02-09,0,0,99,7.57,7.57,0.0,155.850707,0.0
2019-02-09,0,0,101,0.0,0.0,0.0,0.0,0.0
2019-02-09,0,0,102,3.93,3.93,0.0,64.997842,0.0
2019-02-09,0,0,103,3.41,3.41,0.0,56.397618,0.0
2019-02-09,0,0,104,0.63,0.63,0.0,10.419501,0.0
2019-02-09,0,0,106,0.0,0.0,0.0,0.0,0.0
2019-02-09,0,0,109,95.29,95.29,0.0,1795.950299,0.0
2019-02-09,0,0,110,213.83,213.83,0.0,4481.500413,0.0
2019-02-09,0,0,111,0.0,0.0,0.0,0.0,0.0
2019-02-09,0,0,113,25.07,25.07,0.0,379.921036,0.0
2019-02-09,0,0,115,25.07,25.07,0.0,379.921036,0.0
2019-02-09,0,0,116,0.0,0.0,0.0,0.0,0.0
2019-02-09,0,0,117,1.67,1.67,0.0,25.307863,0.0
2019-02-09,0,0,119,14.35,14.35,0.0,332.169342,0.0
2019-02-09,0,0,120,8.44,8.44,0.0,195.366498,0.0
2019-02-09,0,0,123,0.0,0.0,0.0,0.0,0.0
2019-02-09,0,0,125,97.27,97.27,0.0,1694.895782,0.0
2019-02-09,0,0,126,0.0,0.0,0.0,0.0,0.0
2019-02-09,0,0,127,0.0,0.0,0.0,0.0,0.0
2019-02-09,0,0,128,139.32,139.32,0.0,2427.602347,0.0
2019-02-09,0,0,131,6.79,6.79,0.0,110.326293,0.0
2019-02-09,0,0,132,9.98,9.98,0.0,162.158529,0.0
2019-02-09,0,0,133,139.8,139.8,0.0,1857.112833,0.0
2019-02-09,0,0,134,0.0,0.0,0.0,0.0,0.0
2019-02-09,0,0,135,187.33,187.33,0.0,2488.504628,0.0
2019-02-09,0,0,136,45.9,45.9,0.0,649.808997,0.0
2019-02-09,0,0,139,77.12,77.12,0.0,1426.169664,0.0
2019-02-09,0,0,140,158.25,158.25,0.0,3316.641446,0.0
2019-02-09,0,0,141,115.55,115.55,0.0,2036.774368,0.0
2019-02-09,0,0,142,0.0,0.0,0.0,0.0,0.0
2019-02-09,0,0,143,181.61,181.61,0.0,3161.260743,0.0
2019-02-09,0,0,145,9.44,9.44,0.0,169.40701,0.0
2019-02-09,0,0,146,268.0,268.0,0.0,5616.808262,0.0
2019-02-09,0,0,152,0.0,0.0,0.0,0.0,0.0
2019-02-09,0,0,153,0.0,0.0,0.0,0.0,0.0
2019-02-09,0,0,154,0.0,0.0,0.0,0.0,0.0
2019-02-09,0,0,157,250.0,250.0,0.0,4406.694868,0.0
2019-02-09,0,0,158,0.0,0.0,0.0,0.0,0.0
2019-02-09,0,0,159,0.0,0.0,0.0,0.0,0.0
2019-02-09,0,0,160,0.0,0.0,0.0,0.0,0.0
2019-02-09,0,0,161,0.0,0.0,0.0,0.0,0.0
2019-02-09,0,0,162,7.03,7.03,0.0,162.046136,0.0
2019-02-09,0,0,163,17.28,17.28,0.0,362.158383,0.0
2019-02-09,0,0,164,0.0,0.0,0.0,0.0,0.0
2019-02-09,0,0,167,0.0,0.0,0.0,0.0,0.0
2019-02-09,0,0,168,0.0,0.0,0.0,0.0,0.0
2019-02-09,0,0,169,0.0,0.0,0.0,0.0,0.0
2019-02-09,0,0,170,0.0,0.0,0.0,0.0,0.0
2019-02-09,0,0,172,0.0,0.0,0.0,0.0,0.0
2019-02-09,0,0,173,0.0,0.0,0.0,0.0,0.0
2019-02-09,0,0,188,0.0,0.0,0.0,0.0,0.0
2019-02-09,0,0,190,0.0,0.0,0.0,0.0,0.0
2019-02-09,0,0,191,0.0,0.0,0.0,0.0,0.0
2019-02-09,0,0,192,18.87,18.87,0.0,436.796897,0.0
2019-02-09,0,0,194,27.35,27.35,0.0,377.234593,0.0
2019-02-09,0,0,196,0.0,0.0,0.0,0.0,0.0
2019-02-09,0,0,198,0.0,0.0,0.0,0.0,0.0
2019-02-09,0,0,199,11.1,11.1,0.0,170.225205,0.0
2019-02-09,0,0,200,0.0,0.0,0.0,0.0,0.0
2019-02-09,0,0,204,347.74,347.74,0.0,6509.887801,0.0
2019-02-09,0,0,205,504.09,504.09,0.0,9500.688281,0.0
2019-02-09,0,0,206,205.67,205.67,0.0,3576.246929,0.0
2019-02-09,0,0,210,0.0,0.0,0.0,0.0,0.0
2019-02-09,0,0,214,0.0,0.0,0.0,0.0,0.0
2019-02-09,0,0,217,0.0,0.0,0.0,0.0,0.0
2019-02-09,0,0,218,0.0,0.0,0.0,0.0,0.0
2019-02-09,0,0,219,0.0,0.0,0.0,0.0,0.0
2019-02-09,0,0,221,0.0,0.0,0.0,0.0,0.0
2019-02-09,0,0,225,0.0,0.0,0.0,0.0,0.0
2019-02-09,0,0,233,0.0,0.0,0.0,0.0,0.0
2019-02-09,0,0,236,90.82,90.82,0.0,1905.653936,0.0
2019-02-09,0,0,237,94.08,94.08,0.0,1936.913408,0.0
2019-02-09,0,0,238,0.0,0.0,0.0,0.0,0.0
2019-02-09,0,0,240,0.0,0.0,0.0,0.0,0.0
2019-02-09,0,0,245,164.49,164.49,0.0,2419.61017,0.0
2019-02-09,0,0,247,169.68,169.68,0.0,2495.95388,0.0
2019-02-09,0,0,248,9.44,9.44,0.0,194.350155,0.0
2019-02-09,0,0,249,308.16,308.16,0.0,4532.962916,0.0
2019-02-09,0,0,251,190.86,190.86,0.0,2968.584376,0.0
2019-02-09,0,0,252,266.79,266.79,0.0,3727.151694,0.0
2019-02-09,0,0,254,0.0,0.0,0.0,0.0,0.0
2019-02-09,0,0,255,0.0,0.0,0.0,0.0,0.0
2019-02-09,0,0,258,0.0,0.0,0.0,0.0,0.0
2019-02-09,0,0,260,0.0,0.0,0.0,0.0,0.0
2019-02-09,0,0,265,0.0,0.0,0.0,0.0,0.0
2019-02-09,0,0,266,49.94,49.94,0.0,923.533623,0.0
2019-02-09,0,0,267,61.37,61.37,0.0,1134.907058,0.0
2019-02-09,0,0,270,53.97,53.97,0.0,1131.116201,0.0
2019-02-09,0,0,272,83.78,83.78,0.0,1269.636395,0.0
2019-02-09,0,0,273,0.0,0.0,0.0,0.0,0.0
2019-02-09,0,0,274,69.57,69.57,0.0,1458.064742,0.0
2019-02-09,0,0,275,96.84,96.84,0.0,2029.595941,0.0
2019-02-09,0,0,276,0.0,0.0,0.0,0.0,0.0
2019-02-09,0,0,277,0.0,0.0,0.0,0.0,0.0
2019-02-09,0,0,278,0.0,0.0,0.0,0.0,0.0
2019-02-09,0,0,279,37.69,37.69,0.0,580.105935,0.0
2019-02-09,0,0,281,16.83,16.83,0.0,292.957537,0.0
2019-02-09,0,0,282,0.0,0.0,0.0,0.0,0.0
2019-02-09,1,0,9,0.0,0.0,0.0,0.0,0.0
2019-02-09,1,0,17,0.0,0.0,0.0,0.0,0.0
2019-02-09,1,0,19,643.3,643.3,0.0,6626.52276,0.0
2019-02-09,1,0,20,780.2,780.2,0.0,8036.706136,0.0
2019-02-09,1,0,21,0.0,0.0,0.0,0.0,0.0
2019-02-09,1,0,22,0.0,0.0,0.0,0.0,0.0
2019-02-09,1,0,23,72.4,72.4,0.0,539.406318,0.0
2019-02-09,1,0,24,128.09,128.09,0.0,954.317062,0.0
2019-02-09,1,0,29,0.0,0.0,0.0,0.0,0.0
2019-02-09,1,0,30,0.0,0.0,0.0,0.0,0.0
2019-02-09,1,0,31,84.11,84.11,0.0,625.298102,0.0
2019-02-09,1,0,32,0.0,0.0,0.0,0.0,0.0
2019-02-09,1,0,33,0.0,0.0,0.0,0.0,0.0
2019-02-09,1,0,34,0.0,0.0,0.0,0.0,0.0
2019-02-09,1,0,35,0.0,0.0,0.0,0.0,0.0
2019-02-09,1,0,36,0.0,0.0,0.0,0.0,0.0
2019-02-09,1,0,37,0.0,0.0,0.0,0.0,0.0
2019-02-09,1,0,38,0.0,0.0,0.0,0.0,0.0
2019-02-09,1,0,39,0.0,0.0,0.0,0.0,0.0
2019-02-09,1,0,40,0.0,0.0,0.0,0.0,0.0
2019-02-09,1,0,41,72.48,72.48,0.0,602.462653,0.0
2019-02-09,1,0,42,0.0,0.0,0.0,0.0,0.0
2019-02-09,1,0,43,0.0,0.0,0.0,0.0,0.0
2019-02-09,1,0,46,0.0,0.0,0.0,0.0,0.0
2019-02-09,1,0,52,89.55,89.55,0.0,665.740638,0.0
2019-02-09,1,0,53,146.38,146.38,0.0,1088.231319,0.0
2019-02-09,1,0,55,524.08,524.08,0.0,3904.586508,0.0
2019-02-09,1,0,56,0.0,0.0,0.0,0.0,0.0
2019-02-09,1,0,57,0.0,0.0,0.0,0.0,0.0
2019-02-09,1,0,58,0.0,0.0,0.0,0.0,0.0
2019-02-09,1,0,59,0.0,0.0,0.0,0.0,0.0
2019-02-09,1,0,63,19.3,19.3,0.0,356.689542,0.0
2019-02-09,1,0,64,22.7,22.7,0.0,419.526041,0.0
2019-02-09,1,0,65,41.4,41.4,0.0,425.443721,0.0
2019-02-09,1,0,67,0.0,0.0,0.0,0.0,0.0
2019-02-09,1,0,68,1.8,1.8,0.0,13.212858,0.0
2019-02-09,1,0,69,0.0,0.0,0.0,0.0,0.0
2019-02-09,1,0,74,43.46,43.46,0.0,417.294542,0.0
2019-02-09,1,0,77,58.62,58.62,0.0,346.474039,0.0
2019-02-09,1,0,78,44.31,44.31,0.0,261.894655,0.0
2019-02-09,1,0,79,25.64,25.64,0.0,151.545451,0.0
2019-02-09,1,0,80,41.47,41.47,0.0,245.108809,0.0
2019-02-09,1,0,81,54.22,54.22,0.0,320.467799,0.0
2019-02-09,1,0,82,38.25,38.25,0.0,226.07697,0.0
2019-02-09,1,0,83,85.29,85.29,0.0,504.107315,0.0
2019-02-09,1,0,84,0.0,0.0,0.0,0.0,0.0
2019-02-09,1,0,86,0.0,0.0,0.0,0.0,0.0
2019-02-09,1,0,87,0.0,0.0,0.0,0.0,0.0
2019-02-09,1,0,88,44.73,44.73,0.0,264.377069,0.0
2019-02-09,1,0,89,43.0,43.0,0.0,254.151888,0.0
2019-02-09,1,0,90,57.73,57.73,0.0,341.213686,0.0
2019-02-09,1,0,91,205.95,205.95,0.0,1217.269334,0.0
2019-02-09,1,0,92,74.07,74.07,0.0,437.791404,0.0
2019-02-09,1,0,95,27.68,27.68,0.0,507.331268,0.0
2019-02-09,1,0,96,13.41,13.41,0.0,99.468553,0.0
2019-02-09,1,0,97,82.49,82.49,0.0,611.868823,0.0
2019-02-09,1,0,99,8.39,8.39,0.0,80.559163,0.0
2019-02-09,1,0,101,0.0,0.0,0.0,0.0,0.0
2019-02-09,1,0,102,4.27,4.27,0.0,31.343835,0.0
2019-02-09,1,0,103,3.71,3.71,0.0,27.233168,0.0
2019-02-09,1,0,104,0.69,0.69,0.0,5.064929,0.0
2019-02-09,1,0,106,0.0,0.0,0.0,0.0,0.0
2019-02-09,1,0,109,108.03,108.03,0.0,952.948295,0.0
2019-02-09,1,0,110,200.82,200.82,0.0,2976.564933,0.0
2019-02-09,1,0,111,0.0,0.0,0.0,0.0,0.0
2019-02-09,1,0,113,17.09,17.09,0.0,88.802385,0.0
2019-02-09,1,0,115,17.09,17.09,0.0,88.802385,0.0
2019-02-09,1,0,116,0.0,0.0,0.0,0.0,0.0
2019-02-09,1,0,117,1.17,1.17,0.0,6.079508,0.0
2019-02-09,1,0,119,22.7,22.7,0.0,419.526041,0.0
2019-02-09,1,0,120,13.35,13.35,0.0,246.725667,0.0
2019-02-09,1,0,123,0.0,0.0,0.0,0.0,0.0
2019-02-09,1,0,125,115.91,115.91,0.0,863.571634,0.0
2019-02-09,1,0,126,0.0,0.0,0.0,0.0,0.0
2019-02-09,1,0,127,0.0,0.0,0.0,0.0,0.0
2019-02-09,1,0,128,166.02,166.02,0.0,1236.90935,0.0
2019-02-09,1,0,131,7.57,7.57,0.0,51.844015,0.0
2019-02-09,1,0,132,11.12,11.12,0.0,76.156598,0.0
2019-02-09,1,0,133,139.8,139.8,0.0,1440.377286,0.0
2019-02-09,1,0,134,0.0,0.0,0.0,0.0,0.0
2019-02-09,1,0,135,187.32,187.32,0.0,1929.981926,0.0
2019-02-09,1,0,136,45.9,45.9,0.0,471.626096,0.0
2019-02-09,1,0,139,93.59,93.59,0.0,777.931564,0.0
2019-02-09,1,0,140,148.63,148.63,0.0,2203.001922,0.0
2019-02-09,1,0,141,134.29,134.29,0.0,1233.07472,0.0
2019-02-09,1,0,142,0.0,0.0,0.0,0.0,0.0
2019-02-09,1,0,143,238.49,238.49,0.0,1773.003738,0.0
2019-02-09,1,0,145,10.78,10.78,0.0,85.695905,0.0
2019-02-09,1,0,146,268.0,268.0,0.0,3972.310537,0.0
2019-02-09,1,0,152,0.0,0.0,0.0,0.0,0.0
2019-02-09,1,0,153,0.0,0.0,0.0,0.0,0.0
2019-02-09,1,0,154,0.0,0.0,0.0,0.0,0.0
2019-02-09,1,0,157,244.74,244.74,0.0,2247.246311,0.0
2019-02-09,1,0,158,0.0,0.0,0.0,0.0,0.0
2019-02-09,1,0,159,0.0,0.0,0.0,0.0,0.0
2019-02-09,1,0,160,0.0,0.0,0.0,0.0,0.0
2019-02-09,1,0,161,0.0,0.0,0.0,0.0,0.0
2019-02-09,1,0,162,7.76,7.76,0.0,142.281748,0.0
2019-02-09,1,0,163,23.36,23.36,0.0,346.243187,0.0
2019-02-09,1,0,164,0.0,0.0,0.0,0.0,0.0
2019-02-09,1,0,167,0.0,0.0,0.0,0.0,0.0
2019-02-09,1,0,168,0.0,0.0,0.0,0.0,0.0
2019-02-09,1,0,169,0.0,0.0,0.0,0.0,0.0
2019-02-09,1,0,170,0.0,0.0,0.0,0.0,0.0
2019-02-09,1,0,172,0.0,0.0,0.0,0.0,0.0
2019-02-09,1,0,173,0.0,0.0,0.0,0.0,0.0
2019-02-09,1,0,188,0.0,0.0,0.0,0.0,0.0
2019-02-09,1,0,190,0.0,0.0,0.0,0.0,0.0
2019-02-09,1,0,191,0.0,0.0,0.0,0.0,0.0
2019-02-09,1,0,192,23.19,23.19,0.0,428.58189,0.0
2019-02-09,1,0,194,40.18,40.18,0.0,126.919816,0.0
2019-02-09,1,0,196,0.0,0.0,0.0,0.0,0.0
2019-02-09,1,0,198,0.0,0.0,0.0,0.0,0.0
2019-02-09,1,0,199,29.54,29.54,0.0,245.225235,0.0
2019-02-09,1,0,200,0.0,0.0,0.0,0.0,0.0
2019-02-09,1,0,204,387.12,387.12,0.0,3386.013553,0.0
2019-02-09,1,0,205,571.51,571.51,0.0,5041.37258,0.0
2019-02-09,1,0,206,242.41,242.41,0.0,1798.073965,0.0
2019-02-09,1,0,210,0.0,0.0,0.0,0.0,0.0
2019-02-09,1,0,214,0.0,0.0,0.0,0.0,0.0
2019-02-09,1,0,217,0.0,0.0,0.0,0.0,0.0
2019-02-09,1,0,218,0.0,0.0,0.0,0.0,0.0
2019-02-09,1,0,219,0.0,0.0,0.0,0.0,0.0
2019-02-09,1,0,221,0.0,0.0,0.0,0.0,0.0
2019-02-09,1,0,225,0.0,0.0,0.0,0.0,0.0
2019-02-09,1,0,233,0.0,0.0,0.0,0.0,0.0
2019-02-09,1,0,236,95.36,95.36,0.0,950.2555,0.0
2019-02-09,1,0,237,104.24,104.24,0.0,1000.892385,0.0
2019-02-09,1,0,238,0.0,0.0,0.0,0.0,0.0
2019-02-09,1,0,240,0.0,0.0,0.0,0.0,0.0
2019-02-09,1,0,245,78.0,78.0,0.0,810.466027,0.0
2019-02-09,1,0,247,171.72,171.72,0.0,1784.27213,0.0
2019-02-09,1,0,248,10.46,10.46,0.0,100.434904,0.0
2019-02-09,1,0,249,150.01,150.01,0.0,1558.692419,0.0
2019-02-09,1,0,251,229.88,229.88,0.0,2353.130204,0.0
2019-02-09,1,0,252,267.06,267.06,0.0,2744.420295,0.0
2019-02-09,1,0,254,0.0,0.0,0.0,0.0,0.0
2019-02-09,1,0,255,0.0,0.0,0.0,0.0,0.0
2019-02-09,1,0,258,0.0,0.0,0.0,0.0,0.0
2019-02-09,1,0,260,0.0,0.0,0.0,0.0,0.0
2019-02-09,1,0,265,0.0,0.0,0.0,0.0,0.0
2019-02-09,1,0,266,60.6,60.6,0.0,503.714636,0.0
2019-02-09,1,0,267,74.48,74.48,0.0,619.086899,0.0
2019-02-09,1,0,270,72.96,72.96,0.0,1081.417078,0.0
2019-02-09,1,0,272,57.01,57.01,0.0,296.233116,0.0
2019-02-09,1,0,273,0.0,0.0,0.0,0.0,0.0
2019-02-09,1,0,274,94.06,94.06,0.0,1394.162422,0.0
2019-02-09,1,0,275,130.93,130.93,0.0,1940.651562,0.0
2019-02-09,1,0,276,0.0,0.0,0.0,0.0,0.0
2019-02-09,1,0,277,0.0,0.0,0.0,0.0,0.0
2019-02-09,1,0,278,0.0,0.0,0.0,0.0,0.0
2019-02-09,1,0,279,43.0,43.0,0.0,235.74984,0.0
2019-02-09,1,0,281,34.73,34.73,0.0,258.19288,0.0
2019-02-09,1,0,282,0.0,0.0,0.0,0.0,0.0
2019-02-09,2,0,9,0.0,0.0,0.0,0.0,0.0
2019-02-09,2,0,17,0.0,0.0,0.0,0.0,0.0
2019-02-09,2,0,19,643.3,643.3,0.0,7312.79732,0.0
2019-02-09,2,0,20,780.2,780.2,0.0,8869.026067,0.0
2019-02-09,2,0,21,0.0,0.0,0.0,0.0,0.0
2019-02-09,2,0,22,0.0,0.0,0.0,0.0,0.0
2019-02-09,2,0,23,68.34,68.34,0.0,602.544073,0.0
2019-02-09,2,0,24,120.91,120.91,0.0,1066.046297,0.0
2019-02-09,2,0,29,0.0,0.0,0.0,0.0,0.0
2019-02-09,2,0,30,0.0,0.0,0.0,0.0,0.0
2019-02-09,2,0,31,37.5,37.5,0.0,330.125649,0.0
2019-02-09,2,0,32,0.0,0.0,0.0,0.0,0.0
2019-02-09,2,0,33,0.0,0.0,0.0,0.0,0.0
2019-02-09,2,0,34,0.0,0.0,0.0,0.0,0.0
2019-02-09,2,0,35,0.0,0.0,0.0,0.0,0.0
2019-02-09,2,0,36,0.0,0.0,0.0,0.0,0.0
2019-02-09,2,0,37,0.0,0.0,0.0,0.0,0.0
2019-02-09,2,0,38,0.0,0.0,0.0,0.0,0.0
2019-02-09,2,0,39,0.0,0.0,0.0,0.0,0.0
2019-02-09,2,0,40,0.0,0.0,0.0,0.0,0.0
2019-02-09,2,0,41,71.89,71.89,0.0,686.771749,0.0
2019-02-09,2,0,42,0.0,0.0,0.0,0.0,0.0
2019-02-09,2,0,43,0.0,0.0,0.0,0.0,0.0
2019-02-09,2,0,46,0.0,0.0,0.0,0.0,0.0
2019-02-09,2,0,52,39.75,39.75,0.0,349.933188,0.0
2019-02-09,2,0,53,63.15,63.15,0.0,555.931594,0.0
2019-02-09,2,0,55,623.0,623.0,0.0,5492.902513,0.0
2019-02-09,2,0,56,0.0,0.0,0.0,0.0,0.0
2019-02-09,2,0,57,0.0,0.0,0.0,0.0,0.0
2019-02-09,2,0,58,0.0,0.0,0.0,0.0,0.0
2019-02-09,2,0,59,0.0,0.0,0.0,0.0,0.0
2019-02-09,2,0,63,19.71,19.71,0.0,358.334196,0.0
2019-02-09,2,0,64,23.18,23.18,0.0,421.419922,0.0
2019-02-09,2,0,65,41.4,41.4,0.0,469.639378,0.0
2019-02-09,2,0,67,0.0,0.0,0.0,0.0,0.0
2019-02-09,2,0,68,1.83,1.83,0.0,15.989123,0.0
2019-02-09,2,0,69,0.0,0.0,0.0,0.0,0.0
2019-02-09,2,0,74,42.47,42.47,0.0,454.260775,0.0
2019-02-09,2,0,77,57.82,57.82,0.0,435.124906,0.0
2019-02-09,2,0,78,43.71,43.71,0.0,328.93998,0.0
2019-02-09,2,0,79,25.29,25.29,0.0,190.320112,0.0
2019-02-09,2,0,80,40.91,40.91,0.0,307.868556,0.0
2019-02-09,2,0,81,53.48,53.48,0.0,402.464199,0.0
2019-02-09,2,0,82,37.73,37.73,0.0,283.937439,0.0
2019-02-09,2,0,83,84.12,84.12,0.0,633.045782,0.0
2019-02-09,2,0,84,0.0,0.0,0.0,0.0,0.0
2019-02-09,2,0,86,0.0,0.0,0.0,0.0,0.0
2019-02-09,2,0,87,0.0,0.0,0.0,0.0,0.0
2019-02-09,2,0,88,44.92,44.92,0.0,338.045845,0.0
2019-02-09,2,0,89,43.18,43.18,0.0,324.951461,0.0
2019-02-09,2,0,90,57.97,57.97,0.0,436.253732,0.0
2019-02-09,2,0,91,206.81,206.81,0.0,1556.35043,0.0
2019-02-09,2,0,92,74.38,74.38,0.0,559.747328,0.0
2019-02-09,2,0,95,10.55,10.55,0.0,190.725603,0.0
2019-02-09,2,0,96,11.62,11.62,0.0,102.130901,0.0
2019-02-09,2,0,97,71.48,71.48,0.0,628.254459,0.0
2019-02-09,2,0,99,8.2,8.2,0.0,87.707519,0.0
2019-02-09,2,0,101,0.0,0.0,0.0,0.0,0.0
2019-02-09,2,0,102,4.33,4.33,0.0,37.832187,0.0
2019-02-09,2,0,103,3.77,3.77,0.0,32.93934,0.0
2019-02-09,2,0,104,0.7,0.7,0.0,6.116058,0.0
2019-02-09,2,0,106,0.0,0.0,0.0,0.0,0.0
2019-02-09,2,0,109,82.42,82.42,0.0,820.843167,0.0
2019-02-09,2,0,110,184.27,184.27,0.0,2777.406593,0.0
2019-02-09,2,0,111,0.0,0.0,0.0,0.0,0.0
2019-02-09,2,0,113,19.41,19.41,0.0,134.383098,0.0
2019-02-09,2,0,115,19.41,19.41,0.0,134.383098,0.0
2019-02-09,2,0,116,0.0,0.0,0.0,0.0,0.0
2019-02-09,2,0,117,1.04,1.04,0.0,7.200331,0.0
2019-02-09,2,0,119,23.18,23.18,0.0,421.419922,0.0
2019-02-09,2,0,120,13.63,13.63,0.0,247.797823,0.0
2019-02-09,2,0,123,0.0,0.0,0.0,0.0,0.0
2019-02-09,2,0,125,109.41,109.41,0.0,964.65243,0.0
2019-02-09,2,0,126,0.0,0.0,0.0,0.0,0.0
2019-02-09,2,0,127,0.0,0.0,0.0,0.0,0.0
2019-02-09,2,0,128,156.71,156.71,0.0,1381.689812,0.0
2019-02-09,2,0,131,7.54,7.54,0.0,62.738276,0.0
2019-02-09,2,0,132,11.08,11.08,0.0,92.193648,0.0
2019-02-09,2,0,133,139.8,139.8,0.0,1589.506842,0.0
2019-02-09,2,0,134,0.0,0.0,0.0,0.0,0.0
2019-02-09,2,0,135,187.33,187.33,0.0,2129.916429,0.0
2019-02-09,2,0,136,45.9,45.9,0.0,520.627454,0.0
2019-02-09,2,0,139,92.84,92.84,0.0,886.909016,0.0
2019-02-09,2,0,140,136.38,136.38,0.0,2055.585343,0.0
2019-02-09,2,0,141,121.22,121.22,0.0,1248.171261,0.0
2019-02-09,2,0,142,0.0,0.0,0.0,0.0,0.0
2019-02-09,2,0,143,135.14,135.14,0.0,1189.684807,0.0
2019-02-09,2,0,145,10.95,10.95,0.0,101.101586,0.0
2019-02-09,2,0,146,268.0,268.0,0.0,4039.425663,0.0
2019-02-09,2,0,152,0.0,0.0,0.0,0.0,0.0
2019-02-09,2,0,153,0.0,0.0,0.0,0.0,0.0
2019-02-09,2,0,154,0.0,0.0,0.0,0.0,0.0
2019-02-09,2,0,157,206.06,206.06,0.0,2121.746989,0.0
2019-02-09,2,0,158,0.0,0.0,0.0,0.0,0.0
2019-02-09,2,0,159,0.0,0.0,0.0,0.0,0.0
2019-02-09,2,0,160,0.0,0.0,0.0,0.0,0.0
2019-02-09,2,0,161,0.0,0.0,0.0,0.0,0.0
2019-02-09,2,0,162,7.81,7.81,0.0,141.232314,0.0
2019-02-09,2,0,163,24.68,24.68,0.0,371.988901,0.0
2019-02-09,2,0,164,0.0,0.0,0.0,0.0,0.0
2019-02-09,2,0,167,0.0,0.0,0.0,0.0,0.0
2019-02-09,2,0,168,0.0,0.0,0.0,0.0,0.0
2019-02-09,2,0,169,0.0,0.0,0.0,0.0,0.0
2019-02-09,2,0,170,0.0,0.0,0.0,0.0,0.0
2019-02-09,2,0,172,0.0,0.0,0.0,0.0,0.0
2019-02-09,2,0,173,0.0,0.0,0.0,0.0,0.0
2019-02-09,2,0,188,0.0,0.0,0.0,0.0,0.0
2019-02-09,2,0,190,0.0,0.0,0.0,0.0,0.0
2019-02-09,2,0,191,0.0,0.0,0.0,0.0,0.0
2019-02-09,2,0,192,20.75,20.75,0.0,377.241733,0.0
2019-02-09,2,0,194,40.5,40.5,0.0,210.631479,0.0
2019-02-09,2,0,196,0.0,0.0,0.0,0.0,0.0
2019-02-09,2,0,198,0.0,0.0,0.0,0.0,0.0
2019-02-09,2,0,199,12.23,12.23,0.0,107.820047,0.0
2019-02-09,2,0,200,0.0,0.0,0.0,0.0,0.0
2019-02-09,2,0,204,306.0,306.0,0.0,3026.718479,0.0
2019-02-09,2,0,205,404.63,404.63,0.0,4029.820075,0.0
2019-02-09,2,0,206,210.03,210.03,0.0,1846.002855,0.0
2019-02-09,2,0,210,0.0,0.0,0.0,0.0,0.0
2019-02-09,2,0,214,0.0,0.0,0.0,0.0,0.0
2019-02-09,2,0,217,0.0,0.0,0.0,0.0,0.0
2019-02-09,2,0,218,0.0,0.0,0.0,0.0,0.0
2019-02-09,2,0,219,0.0,0.0,0.0,0.0,0.0
2019-02-09,2,0,221,0.0,0.0,0.0,0.0,0.0
2019-02-09,2,0,225,0.0,0.0,0.0,0.0,0.0
2019-02-09,2,0,233,0.0,0.0,0.0,0.0,0.0
2019-02-09,2,0,236,93.36,93.36,0.0,1030.757304,0.0
2019-02-09,2,0,237,101.89,101.89,0.0,1089.81941,0.0
2019-02-09,2,0,238,0.0,0.0,0.0,0.0,0.0
2019-02-09,2,0,240,0.0,0.0,0.0,0.0,0.0
2019-02-09,2,0,245,78.01,78.01,0.0,893.583382,0.0
2019-02-09,2,0,247,171.72,171.72,0.0,1967.006004,0.0
2019-02-09,2,0,248,10.23,10.23,0.0,109.420479,0.0
2019-02-09,2,0,249,150.01,150.01,0.0,1718.323845,0.0
2019-02-09,2,0,251,227.14,227.14,0.0,2567.831163,0.0
2019-02-09,2,0,252,267.06,267.06,0.0,3029.514306,0.0
2019-02-09,2,0,254,0.0,0.0,0.0,0.0,0.0
2019-02-09,2,0,255,0.0,0.0,0.0,0.0,0.0
2019-02-09,2,0,258,0.0,0.0,0.0,0.0,0.0
2019-02-09,2,0,260,0.0,0.0,0.0,0.0,0.0
2019-02-09,2,0,265,0.0,0.0,0.0,0.0,0.0
2019-02-09,2,0,266,60.12,60.12,0.0,574.331862,0.0
2019-02-09,2,0,267,73.87,73.87,0.0,705.68687,0.0
2019-02-09,2,0,270,77.06,77.06,0.0,1161.485603,0.0
2019-02-09,2,0,272,83.75,83.75,0.0,579.834337,0.0
2019-02-09,2,0,273,0.0,0.0,0.0,0.0,0.0
2019-02-09,2,0,274,99.34,99.34,0.0,1497.300542,0.0
2019-02-09,2,0,275,138.29,138.29,0.0,2084.373787,0.0
2019-02-09,2,0,276,0.0,0.0,0.0,0.0,0.0
2019-02-09,2,0,277,0.0,0.0,0.0,0.0,0.0
2019-02-09,2,0,278,0.0,0.0,0.0,0.0,0.0
2019-02-09,2,0,279,45.13,45.13,0.0,323.347067,0.0
2019-02-09,2,0,281,16.83,16.83,0.0,148.160391,0.0
2019-02-09,2,0,282,0.0,0.0,0.0,0.0,0.0
2019-02-09,3,0,9,0.0,0.0,0.0,0.0,0.0
2019-02-09,3,0,17,0.0,0.0,0.0,0.0,0.0
2019-02-09,3,0,19,643.3,643.3,0.0,8865.986883,0.0
2019-02-09,3,0,20,780.2,780.2,0.0,10752.748276,0.0
2019-02-09,3,0,21,0.0,0.0,0.0,0.0,0.0
2019-02-09,3,0,22,0.0,0.0,0.0,0.0,0.0
2019-02-09,3,0,23,64.49,64.49,0.0,712.278362,0.0
2019-02-09,3,0,24,114.11,114.11,0.0,1260.32073,0.0
2019-02-09,3,0,29,0.0,0.0,0.0,0.0,0.0
2019-02-09,3,0,30,0.0,0.0,0.0,0.0,0.0
2019-02-09,3,0,31,37.5,37.5,0.0,413.698331,0.0
2019-02-09,3,0,32,0.0,0.0,0.0,0.0,0.0
2019-02-09,3,0,33,0.0,0.0,0.0,0.0,0.0
2019-02-09,3,0,34,0.0,0.0,0.0,0.0,0.0
2019-02-09,3,0,35,0.0,0.0,0.0,0.0,0.0
2019-02-09,3,0,36,0.0,0.0,0.0,0.0,0.0
2019-02-09,3,0,37,0.0,0.0,0.0,0.0,0.0
2019-02-09,3,0,38,0.0,0.0,0.0,0.0,0.0
2019-02-09,3,0,39,0.0,0.0,0.0,0.0,0.0
2019-02-09,3,0,40,0.0,0.0,0.0,0.0,0.0
2019-02-09,3,0,41,70.96,70.96,0.0,835.100589,0.0
2019-02-09,3,0,42,0.0,0.0,0.0,0.0,0.0
2019-02-09,3,0,43,0.0,0.0,0.0,0.0,0.0
2019-02-09,3,0,46,0.0,0.0,0.0,0.0,0.0
2019-02-09,3,0,52,39.75,39.75,0.0,438.520231,0.0
2019-02-09,3,0,53,63.15,63.15,0.0,696.66799,0.0
2019-02-09,3,0,55,594.57,594.57,0.0,6566.899449,0.0
2019-02-09,3,0,56,0.0,0.0,0.0,0.0,0.0
2019-02-09,3,0,57,0.0,0.0,0.0,0.0,0.0
2019-02-09,3,0,58,0.0,0.0,0.0,0.0,0.0
2019-02-09,3,0,59,0.0,0.0,0.0,0.0,0.0
2019-02-09,3,0,63,20.12,20.12,0.0,362.756763,0.0
2019-02-09,3,0,64,23.68,23.68,0.0,426.942353,0.0
2019-02-09,3,0,65,41.4,41.4,0.0,569.379626,0.0
2019-02-09,3,0,67,0.0,0.0,0.0,0.0,0.0
2019-02-09,3,0,68,1.89,1.89,0.0,20.301045,0.0
2019-02-09,3,0,69,0.0,0.0,0.0,0.0,0.0
2019-02-09,3,0,74,41.43,41.43,0.0,537.512065,0.0
2019-02-09,3,0,77,57.4,57.4,0.0,563.857194,0.0
2019-02-09,3,0,78,43.39,43.39,0.0,426.232816,0.0
2019-02-09,3,0,79,25.11,25.11,0.0,246.662964,0.0
2019-02-09,3,0,80,40.61,40.61,0.0,398.924053,0.0
2019-02-09,3,0,81,53.09,53.09,0.0,521.518788,0.0
2019-02-09,3,0,82,37.45,37.45,0.0,367.882438,0.0
2019-02-09,3,0,83,83.51,83.51,0.0,820.343454,0.0
2019-02-09,3,0,84,0.0,0.0,0.0,0.0,0.0
2019-02-09,3,0,86,0.0,0.0,0.0,0.0,0.0
2019-02-09,3,0,87,0.0,0.0,0.0,0.0,0.0
2019-02-09,3,0,88,45.36,45.36,0.0,445.584709,0.0
2019-02-09,3,0,89,43.6,43.6,0.0,428.295708,0.0
2019-02-09,3,0,90,58.55,58.55,0.0,575.153984,0.0
2019-02-09,3,0,91,208.84,208.84,0.0,2051.49715,0.0
2019-02-09,3,0,92,75.11,75.11,0.0,737.827767,0.0
2019-02-09,3,0,95,10.29,10.29,0.0,184.896645,0.0
2019-02-09,3,0,96,10.01,10.01,0.0,110.295631,0.0
2019-02-09,3,0,97,61.54,61.54,0.0,678.081231,0.0
2019-02-09,3,0,99,8.0,8.0,0.0,103.791854,0.0
2019-02-09,3,0,101,0.0,0.0,0.0,0.0,0.0
2019-02-09,3,0,102,4.47,4.47,0.0,48.013583,0.0
2019-02-09,3,0,103,3.88,3.88,0.0,41.67622,0.0
2019-02-09,3,0,104,0.72,0.72,0.0,7.733732,0.0
2019-02-09,3,0,106,0.0,0.0,0.0,0.0,0.0
2019-02-09,3,0,109,64.85,64.85,0.0,785.39407,0.0
2019-02-09,3,0,110,168.98,168.98,0.0,2639.547782,0.0
2019-02-09,3,0,111,0.0,0.0,0.0,0.0,0.0
2019-02-09,3,0,113,17.18,17.18,0.0,159.93857,0.0
2019-02-09,3,0,115,17.18,17.18,0.0,159.93857,0.0
2019-02-09,3,0,116,0.0,0.0,0.0,0.0,0.0
2019-02-09,3,0,117,0.88,0.88,0.0,8.19243,0.0
2019-02-09,3,0,119,23.68,23.68,0.0,426.942353,0.0
2019-02-09,3,0,120,13.92,13.92,0.0,250.97287,0.0
2019-02-09,3,0,123,0.0,0.0,0.0,0.0,0.0
2019-02-09,3,0,125,103.26,103.26,0.0,1140.484783,0.0
2019-02-09,3,0,126,0.0,0.0,0.0,0.0,0.0
2019-02-09,3,0,127,0.0,0.0,0.0,0.0,0.0
2019-02-09,3,0,128,147.9,147.9,0.0,1633.524107,0.0
2019-02-09,3,0,131,7.59,7.59,0.0,79.091758,0.0
2019-02-09,3,0,132,11.16,11.16,0.0,116.29302,0.0
2019-02-09,3,0,133,78.86,78.86,0.0,1087.066536,0.0
2019-02-09,3,0,134,0.0,0.0,0.0,0.0,0.0
2019-02-09,3,0,135,105.53,105.53,0.0,1454.706208,0.0
2019-02-09,3,0,136,45.9,45.9,0.0,631.195868,0.0
2019-02-09,3,0,139,91.64,91.64,0.0,1078.47545,0.0
2019-02-09,3,0,140,125.06,125.06,0.0,1953.496542,0.0
2019-02-09,3,0,141,109.05,109.05,0.0,1302.316176,0.0
2019-02-09,3,0,142,0.0,0.0,0.0,0.0,0.0
2019-02-09,3,0,143,70.57,70.57,0.0,778.5251,0.0
2019-02-09,3,0,145,11.17,11.17,0.0,127.712104,0.0
2019-02-09,3,0,146,268.0,268.0,0.0,4186.287168,0.0
2019-02-09,3,0,152,0.0,0.0,0.0,0.0,0.0
2019-02-09,3,0,153,0.0,0.0,0.0,0.0,0.0
2019-02-09,3,0,154,0.0,0.0,0.0,0.0,0.0
2019-02-09,3,0,157,172.94,172.94,0.0,2065.314622,0.0
2019-02-09,3,0,158,0.0,0.0,0.0,0.0,0.0
2019-02-09,3,0,159,0.0,0.0,0.0,0.0,0.0
2019-02-09,3,0,160,0.0,0.0,0.0,0.0,0.0
2019-02-09,3,0,161,0.0,0.0,0.0,0.0,0.0
2019-02-09,3,0,162,7.97,7.97,0.0,143.239228,0.0
2019-02-09,3,0,163,26.9,26.9,0.0,420.190764,0.0
2019-02-09,3,0,164,0.0,0.0,0.0,0.0,0.0
2019-02-09,3,0,167,0.0,0.0,0.0,0.0,0.0
2019-02-09,3,0,168,0.0,0.0,0.0,0.0,0.0
2019-02-09,3,0,169,0.0,0.0,0.0,0.0,0.0
2019-02-09,3,0,170,0.0,0.0,0.0,0.0,0.0
2019-02-09,3,0,172,0.0,0.0,0.0,0.0,0.0
2019-02-09,3,0,173,0.0,0.0,0.0,0.0,0.0
2019-02-09,3,0,188,0.0,0.0,0.0,0.0,0.0
2019-02-09,3,0,190,0.0,0.0,0.0,0.0,0.0
2019-02-09,3,0,191,0.0,0.0,0.0,0.0,0.0
2019-02-09,3,0,192,19.22,19.22,0.0,346.530068,0.0
2019-02-09,3,0,194,40.99,40.99,0.0,325.306494,0.0
2019-02-09,3,0,196,0.0,0.0,0.0,0.0,0.0
2019-02-09,3,0,198,0.0,0.0,0.0,0.0,0.0
2019-02-09,3,0,199,12.54,12.54,0.0,121.59335,0.0
2019-02-09,3,0,200,0.0,0.0,0.0,0.0,0.0
2019-02-09,3,0,204,238.01,238.01,0.0,2864.516431,0.0
2019-02-09,3,0,205,343.06,343.06,0.0,4154.777018,0.0
2019-02-09,3,0,206,180.84,180.84,0.0,1992.593596,0.0
2019-02-09,3,0,210,0.0,0.0,0.0,0.0,0.0
2019-02-09,3,0,214,0.0,0.0,0.0,0.0,0.0
2019-02-09,3,0,217,0.0,0.0,0.0,0.0,0.0
2019-02-09,3,0,218,0.0,0.0,0.0,0.0,0.0
2019-02-09,3,0,219,0.0,0.0,0.0,0.0,0.0
2019-02-09,3,0,221,0.0,0.0,0.0,0.0,0.0
2019-02-09,3,0,225,0.0,0.0,0.0,0.0,0.0
2019-02-09,3,0,233,0.0,0.0,0.0,0.0,0.0
2019-02-09,3,0,236,91.73,91.73,0.0,1227.453844,0.0
2019-02-09,3,0,237,99.39,99.39,0.0,1289.484048,0.0
2019-02-09,3,0,238,0.0,0.0,0.0,0.0,0.0
2019-02-09,3,0,240,0.0,0.0,0.0,0.0,0.0
2019-02-09,3,0,245,78.0,78.0,0.0,1083.291351,0.0
2019-02-09,3,0,247,171.72,171.72,0.0,2384.907575,0.0
2019-02-09,3,0,248,9.98,9.98,0.0,129.480338,0.0
2019-02-09,3,0,249,150.0,150.0,0.0,2083.252599,0.0
2019-02-09,3,0,251,225.72,225.72,0.0,3093.642924,0.0
2019-02-09,3,0,252,267.06,267.06,0.0,3672.911181,0.0
2019-02-09,3,0,254,0.0,0.0,0.0,0.0,0.0
2019-02-09,3,0,255,0.0,0.0,0.0,0.0,0.0
2019-02-09,3,0,258,0.0,0.0,0.0,0.0,0.0
2019-02-09,3,0,260,0.0,0.0,0.0,0.0,0.0
2019-02-09,3,0,265,0.0,0.0,0.0,0.0,0.0
2019-02-09,3,0,266,59.34,59.34,0.0,698.349337,0.0
2019-02-09,3,0,267,72.92,72.92,0.0,858.167065,0.0
2019-02-09,3,0,270,84.01,84.01,0.0,1312.276063,0.0
2019-02-09,3,0,272,70.19,70.19,0.0,653.439363,0.0
2019-02-09,3,0,273,0.0,0.0,0.0,0.0,0.0
2019-02-09,3,0,274,108.3,108.3,0.0,1691.697389,0.0
2019-02-09,3,0,275,150.76,150.76,0.0,2354.942737,0.0
2019-02-09,3,0,276,0.0,0.0,0.0,0.0,0.0
2019-02-09,3,0,277,0.0,0.0,0.0,0.0,0.0
2019-02-09,3,0,278,0.0,0.0,0.0,0.0,0.0
2019-02-09,3,0,279,47.91,47.91,0.0,455.889357,0.0
2019-02-09,3,0,281,16.83,16.83,0.0,185.667811,0.0
2019-02-09,3,0,282,0.0,0.0,0.0,0.0,0.0
2019-02-09,4,0,9,0.0,0.0,0.0,0.0,0.0
2019-02-09,4,0,17,0.0,0.0,0.0,0.0,0.0
2019-02-09,4,0,19,643.3,643.3,0.0,5795.239266,0.0
2019-02-09,4,0,20,780.2,780.2,0.0,7028.518071,0.0
2019-02-09,4,0,21,0.0,0.0,0.0,0.0,0.0
2019-02-09,4,0,22,0.0,0.0,0.0,0.0,0.0
2019-02-09,4,0,23,55.08,55.08,0.0,684.123698,0.0
2019-02-09,4,0,24,91.03,91.03,0.0,1130.642342,0.0
2019-02-09,4,0,29,0.0,0.0,0.0,0.0,0.0
2019-02-09,4,0,30,0.0,0.0,0.0,0.0,0.0
2019-02-09,4,0,31,37.5,37.5,0.0,465.257435,0.0
2019-02-09,4,0,32,0.0,0.0,0.0,0.0,0.0
2019-02-09,4,0,33,0.0,0.0,0.0,0.0,0.0
2019-02-09,4,0,34,0.0,0.0,0.0,0.0,0.0
2019-02-09,4,0,35,0.0,0.0,0.0,0.0,0.0
2019-02-09,4,0,36,0.0,0.0,0.0,0.0,0.0
2019-02-09,4,0,37,0.0,0.0,0.0,0.0,0.0
2019-02-09,4,0,38,0.0,0.0,0.0,0.0,0.0
2019-02-09,4,0,39,0.0,0.0,0.0,0.0,0.0
2019-02-09,4,0,40,0.0,0.0,0.0,0.0,0.0
2019-02-09,4,0,41,70.06,70.06,0.0,928.490142,0.0
2019-02-09,4,0,42,0.0,0.0,0.0,0.0,0.0
2019-02-09,4,0,43,0.0,0.0,0.0,0.0,0.0
2019-02-09,4,0,46,0.0,0.0,0.0,0.0,0.0
2019-02-09,4,0,52,39.75,39.75,0.0,493.172882,0.0
2019-02-09,4,0,53,63.15,63.15,0.0,783.493521,0.0
2019-02-09,4,0,55,547.42,547.42,0.0,6799.25553,0.0
2019-02-09,4,0,56,0.0,0.0,0.0,0.0,0.0
2019-02-09,4,0,57,0.0,0.0,0.0,0.0,0.0
2019-02-09,4,0,58,0.0,0.0,0.0,0.0,0.0
2019-02-09,4,0,59,0.0,0.0,0.0,0.0,0.0
2019-02-09,4,0,63,20.57,20.57,0.0,376.172049,0.0
2019-02-09,4,0,64,24.21,24.21,0.0,442.738226,0.0
2019-02-09,4,0,65,41.4,41.4,0.0,441.811932,0.0
2019-02-09,4,0,67,0.0,0.0,0.0,0.0,0.0
2019-02-09,4,0,68,1.98,1.98,0.0,23.596492,0.0
2019-02-09,4,0,69,0.0,0.0,0.0,0.0,0.0
2019-02-09,4,0,74,40.3,40.3,0.0,601.317195,0.0
2019-02-09,4,0,77,57.35,57.35,0.0,638.386588,0.0
2019-02-09,4,0,78,43.36,43.36,0.0,482.658108,0.0
2019-02-09,4,0,79,25.09,25.09,0.0,279.287175,0.0
2019-02-09,4,0,80,40.58,40.58,0.0,451.712777,0.0
2019-02-09,4,0,81,53.05,53.05,0.0,590.521508,0.0
2019-02-09,4,0,82,37.42,37.42,0.0,416.537509,0.0
2019-02-09,4,0,83,83.45,83.45,0.0,928.916492,0.0
2019-02-09,4,0,84,0.0,0.0,0.0,0.0,0.0
2019-02-09,4,0,86,0.0,0.0,0.0,0.0,0.0
2019-02-09,4,0,87,0.0,0.0,0.0,0.0,0.0
2019-02-09,4,0,88,46.03,46.03,0.0,512.378983,0.0
2019-02-09,4,0,89,44.25,44.25,0.0,492.565066,0.0
2019-02-09,4,0,90,59.41,59.41,0.0,661.317301,0.0
2019-02-09,4,0,91,211.93,211.93,0.0,2359.080552,0.0
2019-02-09,4,0,92,76.22,76.22,0.0,848.436369,0.0
2019-02-09,4,0,95,24.0,24.0,0.0,437.718619,0.0
2019-02-09,4,0,96,8.59,8.59,0.0,106.452146,0.0
2019-02-09,4,0,97,52.82,52.82,0.0,654.575359,0.0
2019-02-09,4,0,99,7.78,7.78,0.0,116.085553,0.0
2019-02-09,4,0,101,0.0,0.0,0.0,0.0,0.0
2019-02-09,4,0,102,4.68,4.68,0.0,55.773528,0.0
2019-02-09,4,0,103,4.07,4.07,0.0,48.503901,0.0
2019-02-09,4,0,104,0.76,0.76,0.0,9.05724,0.0
2019-02-09,4,0,106,0.0,0.0,0.0,0.0,0.0
2019-02-09,4,0,109,48.24,48.24,0.0,651.546503,0.0
2019-02-09,4,0,110,154.32,154.32,0.0,2496.067204,0.0
2019-02-09,4,0,111,0.0,0.0,0.0,0.0,0.0
2019-02-09,4,0,113,10.34,10.34,0.0,109.955836,0.0
2019-02-09,4,0,115,10.34,10.34,0.0,109.955836,0.0
2019-02-09,4,0,116,0.0,0.0,0.0,0.0,0.0
2019-02-09,4,0,117,0.69,0.69,0.0,7.337478,0.0
2019-02-09,4,0,119,24.21,24.21,0.0,442.738226,0.0
2019-02-09,4,0,120,14.23,14.23,0.0,260.229862,0.0
2019-02-09,4,0,123,0.0,0.0,0.0,0.0,0.0
2019-02-09,4,0,125,83.53,83.53,0.0,1037.488244,0.0
2019-02-09,4,0,126,0.0,0.0,0.0,0.0,0.0
2019-02-09,4,0,127,0.0,0.0,0.0,0.0,0.0
2019-02-09,4,0,128,113.44,113.44,0.0,1408.986788,0.0
2019-02-09,4,0,131,7.66,7.66,0.0,89.14355,0.0
2019-02-09,4,0,132,11.26,11.26,0.0,131.038691,0.0
2019-02-09,4,0,133,111.41,111.41,0.0,986.19177,0.0
2019-02-09,4,0,134,0.0,0.0,0.0,0.0,0.0
2019-02-09,4,0,135,153.69,153.69,0.0,1360.450706,0.0
2019-02-09,4,0,136,45.9,45.9,0.0,494.025866,0.0
2019-02-09,4,0,139,90.47,90.47,0.0,1198.979491,0.0
2019-02-09,4,0,140,114.21,114.21,0.0,1847.303236,0.0
2019-02-09,4,0,141,97.81,97.81,0.0,1268.145109,0.0
2019-02-09,4,0,142,0.0,0.0,0.0,0.0,0.0
2019-02-09,4,0,143,63.01,63.01,0.0,781.75656,0.0
2019-02-09,4,0,145,11.55,11.55,0.0,148.053059,0.0
2019-02-09,4,0,146,268.0,268.0,0.0,4334.797891,0.0
2019-02-09,4,0,152,0.0,0.0,0.0,0.0,0.0
2019-02-09,4,0,153,0.0,0.0,0.0,0.0,0.0
2019-02-09,4,0,154,0.0,0.0,0.0,0.0,0.0
2019-02-09,4,0,157,145.02,145.02,0.0,1880.241322,0.0
2019-02-09,4,0,158,0.0,0.0,0.0,0.0,0.0
2019-02-09,4,0,159,0.0,0.0,0.0,0.0,0.0
2019-02-09,4,0,160,0.0,0.0,0.0,0.0,0.0
2019-02-09,4,0,161,0.0,0.0,0.0,0.0,0.0
2019-02-09,4,0,162,8.25,8.25,0.0,150.491936,0.0
2019-02-09,4,0,163,29.85,29.85,0.0,482.812377,0.0
2019-02-09,4,0,164,0.0,0.0,0.0,0.0,0.0
2019-02-09,4,0,167,0.0,0.0,0.0,0.0,0.0
2019-02-09,4,0,168,0.0,0.0,0.0,0.0,0.0
2019-02-09,4,0,169,0.0,0.0,0.0,0.0,0.0
2019-02-09,4,0,170,0.0,0.0,0.0,0.0,0.0
2019-02-09,4,0,172,0.0,0.0,0.0,0.0,0.0
2019-02-09,4,0,173,0.0,0.0,0.0,0.0,0.0
2019-02-09,4,0,188,0.0,0.0,0.0,0.0,0.0
2019-02-09,4,0,190,0.0,0.0,0.0,0.0,0.0
2019-02-09,4,0,191,0.0,0.0,0.0,0.0,0.0
2019-02-09,4,0,192,18.44,18.44,0.0,337.219863,0.0
2019-02-09,4,0,194,41.4,41.4,0.0,388.741545,0.0
2019-02-09,4,0,196,0.0,0.0,0.0,0.0,0.0
2019-02-09,4,0,198,0.0,0.0,0.0,0.0,0.0
2019-02-09,4,0,199,12.99,12.99,0.0,133.610934,0.0
2019-02-09,4,0,200,0.0,0.0,0.0,0.0,0.0
2019-02-09,4,0,204,179.46,179.46,0.0,2405.577155,0.0
2019-02-09,4,0,205,255.18,255.18,0.0,3446.551342,0.0
2019-02-09,4,0,206,155.22,155.22,0.0,1923.574163,0.0
2019-02-09,4,0,210,0.0,0.0,0.0,0.0,0.0
2019-02-09,4,0,214,0.0,0.0,0.0,0.0,0.0
2019-02-09,4,0,217,0.0,0.0,0.0,0.0,0.0
2019-02-09,4,0,218,0.0,0.0,0.0,0.0,0.0
2019-02-09,4,0,219,0.0,0.0,0.0,0.0,0.0
2019-02-09,4,0,221,0.0,0.0,0.0,0.0,0.0
2019-02-09,4,0,225,0.0,0.0,0.0,0.0,0.0
2019-02-09,4,0,233,0.0,0.0,0.0,0.0,0.0
2019-02-09,4,0,236,90.72,90.72,0.0,1382.676362,0.0
2019-02-09,4,0,237,96.68,96.68,0.0,1442.564426,0.0
2019-02-09,4,0,238,0.0,0.0,0.0,0.0,0.0
2019-02-09,4,0,240,0.0,0.0,0.0,0.0,0.0
2019-02-09,4,0,245,78.0,78.0,0.0,809.451938,0.0
2019-02-09,4,0,247,171.72,171.72,0.0,1782.039574,0.0
2019-02-09,4,0,248,9.7,9.7,0.0,144.733915,0.0
2019-02-09,4,0,249,150.0,150.0,0.0,1556.638342,0.0
2019-02-09,4,0,251,224.31,224.31,0.0,2602.830193,0.0
2019-02-09,4,0,252,267.06,267.06,0.0,2850.007118,0.0
2019-02-09,4,0,254,0.0,0.0,0.0,0.0,0.0
2019-02-09,4,0,255,0.0,0.0,0.0,0.0,0.0
2019-02-09,4,0,258,0.0,0.0,0.0,0.0,0.0
2019-02-09,4,0,260,0.0,0.0,0.0,0.0,0.0
2019-02-09,4,0,265,0.0,0.0,0.0,0.0,0.0
2019-02-09,4,0,266,58.58,58.58,0.0,776.348166,0.0
2019-02-09,4,0,267,71.99,71.99,0.0,954.068018,0.0
2019-02-09,4,0,270,93.23,93.23,0.0,1507.959729,0.0
2019-02-09,4,0,272,34.54,34.54,0.0,367.299281,0.0
2019-02-09,4,0,273,0.0,0.0,0.0,0.0,0.0
2019-02-09,4,0,274,120.19,120.19,0.0,1944.027457,0.0
2019-02-09,4,0,275,167.31,167.31,0.0,2706.175504,0.0
2019-02-09,4,0,276,0.0,0.0,0.0,0.0,0.0
2019-02-09,4,0,277,0.0,0.0,0.0,0.0,0.0
2019-02-09,4,0,278,0.0,0.0,0.0,0.0,0.0
2019-02-09,4,0,279,51.74,51.74,0.0,560.522043,0.0
2019-02-09,4,0,281,16.83,16.83,0.0,208.807537,0.0
2019-02-09,4,0,282,0.0,0.0,0.0,0.0,0.0
2019-02-09,5,0,9,0.0,0.0,0.0,0.0,0.0
2019-02-09,5,0,17,0.0,0.0,0.0,0.0,0.0
2019-02-09,5,0,19,643.3,643.3,0.0,3478.266491,0.0
2019-02-09,5,0,20,780.2,780.2,0.0,4218.472745,0.0
2019-02-09,5,0,21,0.0,0.0,0.0,0.0,0.0
2019-02-09,5,0,22,0.0,0.0,0.0,0.0,0.0
2019-02-09,5,0,23,53.83,53.83,0.0,1181.494415,0.0
2019-02-09,5,0,24,95.24,95.24,0.0,2090.386924,0.0
2019-02-09,5,0,29,0.0,0.0,0.0,0.0,0.0
2019-02-09,5,0,30,0.0,0.0,0.0,0.0,0.0
2019-02-09,5,0,31,31.38,31.38,0.0,687.992467,0.0
2019-02-09,5,0,32,0.0,0.0,0.0,0.0,0.0
2019-02-09,5,0,33,0.0,0.0,0.0,0.0,0.0
2019-02-09,5,0,34,0.0,0.0,0.0,0.0,0.0
2019-02-09,5,0,35,0.0,0.0,0.0,0.0,0.0
2019-02-09,5,0,36,0.0,0.0,0.0,0.0,0.0
2019-02-09,5,0,37,0.0,0.0,0.0,0.0,0.0
2019-02-09,5,0,38,0.0,0.0,0.0,0.0,0.0
2019-02-09,5,0,39,0.0,0.0,0.0,0.0,0.0
2019-02-09,5,0,40,0.0,0.0,0.0,0.0,0.0
2019-02-09,5,0,41,44.24,44.24,0.0,1015.713085,0.0
2019-02-09,5,0,42,0.0,0.0,0.0,0.0,0.0
2019-02-09,5,0,43,0.0,0.0,0.0,0.0,0.0
2019-02-09,5,0,46,0.0,0.0,0.0,0.0,0.0
2019-02-09,5,0,52,33.26,33.26,0.0,729.210627,0.0
2019-02-09,5,0,53,52.85,52.85,0.0,1158.712616,0.0
2019-02-09,5,0,55,307.01,307.01,0.0,6738.44697,0.0
2019-02-09,5,0,56,0.0,0.0,0.0,0.0,0.0
2019-02-09,5,0,57,0.0,0.0,0.0,0.0,0.0
2019-02-09,5,0,58,0.0,0.0,0.0,0.0,0.0
2019-02-09,5,0,59,0.0,0.0,0.0,0.0,0.0
2019-02-09,5,0,63,24.18,24.18,0.0,454.499215,0.0
2019-02-09,5,0,64,28.45,28.45,0.0,534.760242,0.0
2019-02-09,5,0,65,41.4,41.4,0.0,425.697548,0.0
2019-02-09,5,0,67,0.0,0.0,0.0,0.0,0.0
2019-02-09,5,0,68,2.06,2.06,0.0,39.831904,0.0
2019-02-09,5,0,69,0.0,0.0,0.0,0.0,0.0
2019-02-09,5,0,74,28.56,28.56,0.0,676.674451,0.0
2019-02-09,5,0,77,57.02,57.02,0.0,1116.542797,0.0
2019-02-09,5,0,78,43.11,43.11,0.0,844.162749,0.0
2019-02-09,5,0,79,24.95,24.95,0.0,488.560905,0.0
2019-02-09,5,0,80,40.34,40.34,0.0,789.921719,0.0
2019-02-09,5,0,81,52.74,52.74,0.0,1032.733552,0.0
2019-02-09,5,0,82,37.21,37.21,0.0,728.631313,0.0
2019-02-09,5,0,83,82.96,82.96,0.0,1624.489485,0.0
2019-02-09,5,0,84,0.0,0.0,0.0,0.0,0.0
2019-02-09,5,0,86,0.0,0.0,0.0,0.0,0.0
2019-02-09,5,0,87,0.0,0.0,0.0,0.0,0.0
2019-02-09,5,0,88,45.15,45.15,0.0,884.109212,0.0
2019-02-09,5,0,89,43.4,43.4,0.0,849.841413,0.0
2019-02-09,5,0,90,58.27,58.27,0.0,1141.019796,0.0
2019-02-09,5,0,91,207.86,207.86,0.0,4070.231248,0.0
2019-02-09,5,0,92,74.76,74.76,0.0,1463.92037,0.0
2019-02-09,5,0,95,15.9,15.9,0.0,298.531589,0.0
2019-02-09,5,0,96,8.29,8.29,0.0,181.545996,0.0
2019-02-09,5,0,97,50.96,50.96,0.0,1115.993238,0.0
2019-02-09,5,0,99,5.51,5.51,0.0,130.548887,0.0
2019-02-09,5,0,101,0.0,0.0,0.0,0.0,0.0
2019-02-09,5,0,102,4.87,4.87,0.0,94.165716,0.0
2019-02-09,5,0,103,4.23,4.23,0.0,81.790755,0.0
2019-02-09,5,0,104,0.79,0.79,0.0,15.275342,0.0
2019-02-09,5,0,106,0.0,0.0,0.0,0.0,0.0
2019-02-09,5,0,109,45.53,45.53,0.0,1102.499026,0.0
2019-02-09,5,0,110,165.41,165.41,0.0,3128.305968,0.0
2019-02-09,5,0,111,0.0,0.0,0.0,0.0,0.0
2019-02-09,5,0,113,24.26,24.26,0.0,462.900769,0.0
2019-02-09,5,0,115,24.26,24.26,0.0,462.900769,0.0
2019-02-09,5,0,116,0.0,0.0,0.0,0.0,0.0
2019-02-09,5,0,117,1.17,1.17,0.0,22.324563,0.0
2019-02-09,5,0,119,28.45,28.45,0.0,534.760242,0.0
2019-02-09,5,0,120,16.73,16.73,0.0,314.465338,0.0
2019-02-09,5,0,123,0.0,0.0,0.0,0.0,0.0
2019-02-09,5,0,125,86.19,86.19,0.0,1891.751879,0.0
2019-02-09,5,0,126,0.0,0.0,0.0,0.0,0.0
2019-02-09,5,0,127,0.0,0.0,0.0,0.0,0.0
2019-02-09,5,0,128,123.45,123.45,0.0,2709.557599,0.0
2019-02-09,5,0,131,7.78,7.78,0.0,150.649696,0.0
2019-02-09,5,0,132,11.43,11.43,0.0,221.327253,0.0
2019-02-09,5,0,133,50.43,50.43,0.0,403.63472,0.0
2019-02-09,5,0,134,0.0,0.0,0.0,0.0,0.0
2019-02-09,5,0,135,71.85,71.85,0.0,575.077427,0.0
2019-02-09,5,0,136,45.9,45.9,0.0,484.254737,0.0
2019-02-09,5,0,139,57.13,57.13,0.0,1311.656612,0.0
2019-02-09,5,0,140,122.42,122.42,0.0,2315.260363,0.0
2019-02-09,5,0,141,89.02,89.02,0.0,1712.000574,0.0
2019-02-09,5,0,142,0.0,0.0,0.0,0.0,0.0
2019-02-09,5,0,143,87.64,87.64,0.0,1921.467809,0.0
2019-02-09,5,0,145,9.52,9.52,0.0,216.795166,0.0
2019-02-09,5,0,146,268.0,268.0,0.0,5068.532733,0.0
2019-02-09,5,0,152,0.0,0.0,0.0,0.0,0.0
2019-02-09,5,0,153,0.0,0.0,0.0,0.0,0.0
2019-02-09,5,0,154,0.0,0.0,0.0,0.0,0.0
2019-02-09,5,0,157,125.33,125.33,0.0,2410.301415,0.0
2019-02-09,5,0,158,0.0,0.0,0.0,0.0,0.0
2019-02-09,5,0,159,0.0,0.0,0.0,0.0,0.0
2019-02-09,5,0,160,0.0,0.0,0.0,0.0,0.0
2019-02-09,5,0,161,0.0,0.0,0.0,0.0,0.0
2019-02-09,5,0,162,12.74,12.74,0.0,239.203165,0.0
2019-02-09,5,0,163,30.46,30.46,0.0,576.072788,0.0
2019-02-09,5,0,164,0.0,0.0,0.0,0.0,0.0
2019-02-09,5,0,167,0.0,0.0,0.0,0.0,0.0
2019-02-09,5,0,168,0.0,0.0,0.0,0.0,0.0
2019-02-09,5,0,169,0.0,0.0,0.0,0.0,0.0
2019-02-09,5,0,170,0.0,0.0,0.0,0.0,0.0
2019-02-09,5,0,172,0.0,0.0,0.0,0.0,0.0
2019-02-09,5,0,173,0.0,0.0,0.0,0.0,0.0
2019-02-09,5,0,188,0.0,0.0,0.0,0.0,0.0
2019-02-09,5,0,190,0.0,0.0,0.0,0.0,0.0
2019-02-09,5,0,191,0.0,0.0,0.0,0.0,0.0
2019-02-09,5,0,192,22.5,22.5,0.0,422.921106,0.0
2019-02-09,5,0,194,42.78,42.78,0.0,799.608806,0.0
2019-02-09,5,0,196,0.0,0.0,0.0,0.0,0.0
2019-02-09,5,0,198,0.0,0.0,0.0,0.0,0.0
2019-02-09,5,0,199,13.37,13.37,0.0,180.104745,0.0
2019-02-09,5,0,200,0.0,0.0,0.0,0.0,0.0
2019-02-09,5,0,204,168.89,168.89,0.0,4094.292282,0.0
2019-02-09,5,0,205,240.84,240.84,0.0,5831.888106,0.0
2019-02-09,5,0,206,149.75,149.75,0.0,3279.434604,0.0
2019-02-09,5,0,210,0.0,0.0,0.0,0.0,0.0
2019-02-09,5,0,214,0.0,0.0,0.0,0.0,0.0
2019-02-09,5,0,217,0.0,0.0,0.0,0.0,0.0
2019-02-09,5,0,218,0.0,0.0,0.0,0.0,0.0
2019-02-09,5,0,219,0.0,0.0,0.0,0.0,0.0
2019-02-09,5,0,221,0.0,0.0,0.0,0.0,0.0
2019-02-09,5,0,225,0.0,0.0,0.0,0.0,0.0
2019-02-09,5,0,233,0.0,0.0,0.0,0.0,0.0
2019-02-09,5,0,236,74.47,74.47,0.0,1689.634299,0.0
2019-02-09,5,0,237,68.52,68.52,0.0,1623.450048,0.0
2019-02-09,5,0,238,0.0,0.0,0.0,0.0,0.0
2019-02-09,5,0,240,0.0,0.0,0.0,0.0,0.0
2019-02-09,5,0,245,78.0,78.0,0.0,793.892114,0.0
2019-02-09,5,0,247,171.72,171.72,0.0,1747.784022,0.0
2019-02-09,5,0,248,6.88,6.88,0.0,163.008411,0.0
2019-02-09,5,0,249,150.0,150.0,0.0,1526.715603,0.0
2019-02-09,5,0,251,301.08,301.08,0.0,3863.572185,0.0
2019-02-09,5,0,252,267.06,267.06,0.0,2746.05766,0.0
2019-02-09,5,0,254,0.0,0.0,0.0,0.0,0.0
2019-02-09,5,0,255,0.0,0.0,0.0,0.0,0.0
2019-02-09,5,0,258,0.0,0.0,0.0,0.0,0.0
2019-02-09,5,0,260,0.0,0.0,0.0,0.0,0.0
2019-02-09,5,0,265,0.0,0.0,0.0,0.0,0.0
2019-02-09,5,0,266,37.0,37.0,0.0,849.488791,0.0
2019-02-09,5,0,267,45.46,45.46,0.0,1043.723256,0.0
2019-02-09,5,0,270,95.14,95.14,0.0,1799.32912,0.0
2019-02-09,5,0,272,83.39,83.39,0.0,1591.149841,0.0
2019-02-09,5,0,273,0.0,0.0,0.0,0.0,0.0
2019-02-09,5,0,274,122.65,122.65,0.0,2319.610223,0.0
2019-02-09,5,0,275,170.72,170.72,0.0,3228.731001,0.0
2019-02-09,5,0,276,0.0,0.0,0.0,0.0,0.0
2019-02-09,5,0,277,0.0,0.0,0.0,0.0,0.0
2019-02-09,5,0,278,0.0,0.0,0.0,0.0,0.0
2019-02-09,5,0,279,52.65,52.65,0.0,1015.175841,0.0
2019-02-09,5,0,281,14.08,14.08,0.0,308.697704,0.0
2019-02-09,5,0,282,0.0,0.0,0.0,0.0,0.0
2019-02-09,6,0,9,0.0,0.0,0.0,0.0,0.0
2019-02-09,6,0,17,0.0,0.0,0.0,0.0,0.0
2019-02-09,6,0,19,643.3,643.3,0.0,3582.847924,0.0
2019-02-09,6,0,20,780.2,780.2,0.0,4345.310042,0.0
2019-02-09,6,0,21,0.0,0.0,0.0,0.0,0.0
2019-02-09,6,0,22,0.0,0.0,0.0,0.0,0.0
2019-02-09,6,0,23,47.37,47.37,0.0,1127.85032,0.0
2019-02-09,6,0,24,83.82,83.82,0.0,1995.702212,0.0
2019-02-09,6,0,29,0.0,0.0,0.0,0.0,0.0
2019-02-09,6,0,30,0.0,0.0,0.0,0.0,0.0
2019-02-09,6,0,31,22.16,22.16,0.0,528.043697,0.0
2019-02-09,6,0,32,0.0,0.0,0.0,0.0,0.0
2019-02-09,6,0,33,0.0,0.0,0.0,0.0,0.0
2019-02-09,6,0,34,0.0,0.0,0.0,0.0,0.0
2019-02-09,6,0,35,0.0,0.0,0.0,0.0,0.0
2019-02-09,6,0,36,0.0,0.0,0.0,0.0,0.0
2019-02-09,6,0,37,0.0,0.0,0.0,0.0,0.0
2019-02-09,6,0,38,0.0,0.0,0.0,0.0,0.0
2019-02-09,6,0,39,0.0,0.0,0.0,0.0,0.0
2019-02-09,6,0,40,0.0,0.0,0.0,0.0,0.0
2019-02-09,6,0,41,25.97,25.97,0.0,583.413092,0.0
2019-02-09,6,0,42,0.0,0.0,0.0,0.0,0.0
2019-02-09,6,0,43,0.0,0.0,0.0,0.0,0.0
2019-02-09,6,0,46,0.0,0.0,0.0,0.0,0.0
2019-02-09,6,0,52,23.48,23.48,0.0,559.497563,0.0
2019-02-09,6,0,53,37.29,37.29,0.0,888.571726,0.0
2019-02-09,6,0,55,91.95,91.95,0.0,2189.27247,0.0
2019-02-09,6,0,56,0.0,0.0,0.0,0.0,0.0
2019-02-09,6,0,57,0.0,0.0,0.0,0.0,0.0
2019-02-09,6,0,58,0.0,0.0,0.0,0.0,0.0
2019-02-09,6,0,59,0.0,0.0,0.0,0.0,0.0
2019-02-09,6,0,63,28.7,28.7,0.0,780.327744,0.0
2019-02-09,6,0,64,33.76,33.76,0.0,917.904691,0.0
2019-02-09,6,0,65,41.4,41.4,0.0,457.828446,0.0
2019-02-09,6,0,67,0.0,0.0,0.0,0.0,0.0
2019-02-09,6,0,68,2.14,2.14,0.0,55.382736,0.0
2019-02-09,6,0,69,0.0,0.0,0.0,0.0,0.0
2019-02-09,6,0,74,19.79,19.79,0.0,383.84674,0.0
2019-02-09,6,0,77,56.73,56.73,0.0,1451.804265,0.0
2019-02-09,6,0,78,42.89,42.89,0.0,1097.618278,0.0
2019-02-09,6,0,79,24.82,24.82,0.0,635.180361,0.0
2019-02-09,6,0,80,40.14,40.14,0.0,1027.241727,0.0
2019-02-09,6,0,81,52.48,52.48,0.0,1343.040504,0.0
2019-02-09,6,0,82,37.02,37.02,0.0,947.396331,0.0
2019-02-09,6,0,83,82.55,82.55,0.0,2112.576098,0.0
2019-02-09,6,0,84,0.0,0.0,0.0,0.0,0.0
2019-02-09,6,0,86,0.0,0.0,0.0,0.0,0.0
2019-02-09,6,0,87,0.0,0.0,0.0,0.0,0.0
2019-02-09,6,0,88,44.23,44.23,0.0,1131.910852,0.0
2019-02-09,6,0,89,42.51,42.51,0.0,1087.893518,0.0
2019-02-09,6,0,90,57.08,57.08,0.0,1460.76128,0.0
2019-02-09,6,0,91,203.63,203.63,0.0,5211.191653,0.0
2019-02-09,6,0,92,73.23,73.23,0.0,1874.06357,0.0
2019-02-09,6,0,95,25.11,25.11,0.0,693.815862,0.0
2019-02-09,6,0,96,8.02,8.02,0.0,191.267892,0.0
2019-02-09,6,0,97,49.31,49.31,0.0,1175.987499,0.0
2019-02-09,6,0,99,3.82,3.82,0.0,74.092701,0.0
2019-02-09,6,0,101,0.0,0.0,0.0,0.0,0.0
2019-02-09,6,0,102,5.07,5.07,0.0,131.2105,0.0
2019-02-09,6,0,103,4.41,4.41,0.0,114.129843,0.0
2019-02-09,6,0,104,0.82,0.82,0.0,21.221422,0.0
2019-02-09,6,0,106,0.0,0.0,0.0,0.0,0.0
2019-02-09,6,0,109,43.14,43.14,0.0,966.605857,0.0
2019-02-09,6,0,110,175.8,175.8,0.0,4694.4713,0.0
2019-02-09,6,0,111,0.0,0.0,0.0,0.0,0.0
2019-02-09,6,0,113,31.52,31.52,0.0,817.712321,0.0
2019-02-09,6,0,115,31.52,31.52,0.0,817.712321,0.0
2019-02-09,6,0,116,0.0,0.0,0.0,0.0,0.0
2019-02-09,6,0,117,1.25,1.25,0.0,32.428312,0.0
2019-02-09,6,0,119,33.76,33.76,0.0,917.904691,0.0
2019-02-09,6,0,120,19.85,19.85,0.0,539.704032,0.0
2019-02-09,6,0,123,0.0,0.0,0.0,0.0,0.0
2019-02-09,6,0,125,75.85,75.85,0.0,1805.941455,0.0
2019-02-09,6,0,126,0.0,0.0,0.0,0.0,0.0
2019-02-09,6,0,127,0.0,0.0,0.0,0.0,0.0
2019-02-09,6,0,128,108.64,108.64,0.0,2586.651018,0.0
2019-02-09,6,0,131,7.92,7.92,0.0,204.538997,0.0
2019-02-09,6,0,132,11.65,11.65,0.0,300.8686,0.0
2019-02-09,6,0,133,41.94,41.94,0.0,719.368032,0.0
2019-02-09,6,0,134,0.0,0.0,0.0,0.0,0.0
2019-02-09,6,0,135,56.2,56.2,0.0,963.960024,0.0
2019-02-09,6,0,136,45.9,45.9,0.0,521.424129,0.0
2019-02-09,6,0,139,33.53,33.53,0.0,753.247631,0.0
2019-02-09,6,0,140,130.11,130.11,0.0,3474.389425,0.0
2019-02-09,6,0,141,80.8,80.8,0.0,2107.46985,0.0
2019-02-09,6,0,142,0.0,0.0,0.0,0.0,0.0
2019-02-09,6,0,143,109.81,109.81,0.0,2616.628084,0.0
2019-02-09,6,0,145,7.78,7.78,0.0,181.229855,0.0
2019-02-09,6,0,146,268.0,268.0,0.0,7156.531903,0.0
2019-02-09,6,0,152,0.0,0.0,0.0,0.0,0.0
2019-02-09,6,0,153,0.0,0.0,0.0,0.0,0.0
2019-02-09,6,0,154,0.0,0.0,0.0,0.0,0.0
2019-02-09,6,0,157,107.35,107.35,0.0,2799.961489,0.0
2019-02-09,6,0,158,0.0,0.0,0.0,0.0,0.0
2019-02-09,6,0,159,0.0,0.0,0.0,0.0,0.0
2019-02-09,6,0,160,0.0,0.0,0.0,0.0,0.0
2019-02-09,6,0,161,0.0,0.0,0.0,0.0,0.0
2019-02-09,6,0,162,20.55,20.55,0.0,567.654164,0.0
2019-02-09,6,0,163,31.02,31.02,0.0,828.341864,0.0
2019-02-09,6,0,164,0.0,0.0,0.0,0.0,0.0
2019-02-09,6,0,167,0.0,0.0,0.0,0.0,0.0
2019-02-09,6,0,168,0.0,0.0,0.0,0.0,0.0
2019-02-09,6,0,169,0.0,0.0,0.0,0.0,0.0
2019-02-09,6,0,170,0.0,0.0,0.0,0.0,0.0
2019-02-09,6,0,172,0.0,0.0,0.0,0.0,0.0
2019-02-09,6,0,173,0.0,0.0,0.0,0.0,0.0
2019-02-09,6,0,188,0.0,0.0,0.0,0.0,0.0
2019-02-09,6,0,190,0.0,0.0,0.0,0.0,0.0
2019-02-09,6,0,191,0.0,0.0,0.0,0.0,0.0
2019-02-09,6,0,192,27.1,27.1,0.0,736.825152,0.0
2019-02-09,6,0,194,44.59,44.59,0.0,1164.662785,0.0
2019-02-09,6,0,196,0.0,0.0,0.0,0.0,0.0
2019-02-09,6,0,198,0.0,0.0,0.0,0.0,0.0
2019-02-09,6,0,199,15.2,15.2,0.0,279.338419,0.0
2019-02-09,6,0,200,0.0,0.0,0.0,0.0,0.0
2019-02-09,6,0,204,161.88,161.88,0.0,3664.208972,0.0
2019-02-09,6,0,205,228.22,228.22,0.0,5113.555603,0.0
2019-02-09,6,0,206,144.9,144.9,0.0,3455.700438,0.0
2019-02-09,6,0,210,0.0,0.0,0.0,0.0,0.0
2019-02-09,6,0,214,0.0,0.0,0.0,0.0,0.0
2019-02-09,6,0,217,0.0,0.0,0.0,0.0,0.0
2019-02-09,6,0,218,0.0,0.0,0.0,0.0,0.0
2019-02-09,6,0,219,0.0,0.0,0.0,0.0,0.0
2019-02-09,6,0,221,0.0,0.0,0.0,0.0,0.0
2019-02-09,6,0,225,0.0,0.0,0.0,0.0,0.0
2019-02-09,6,0,233,0.0,0.0,0.0,0.0,0.0
2019-02-09,6,0,236,60.12,60.12,0.0,1079.655399,0.0
2019-02-09,6,0,237,47.48,47.48,0.0,920.921839,0.0
2019-02-09,6,0,238,0.0,0.0,0.0,0.0,0.0
2019-02-09,6,0,240,0.0,0.0,0.0,0.0,0.0
2019-02-09,6,0,245,78.0,78.0,0.0,1165.692817,0.0
2019-02-09,6,0,247,171.72,171.72,0.0,2566.31757,0.0
2019-02-09,6,0,248,4.77,4.77,0.0,92.518896,0.0
2019-02-09,6,0,249,150.0,150.0,0.0,2241.716955,0.0
2019-02-09,6,0,251,326.4,326.4,0.0,4232.497867,0.0
2019-02-09,6,0,252,267.06,267.06,0.0,2953.325238,0.0
2019-02-09,6,0,254,0.0,0.0,0.0,0.0,0.0
2019-02-09,6,0,255,0.0,0.0,0.0,0.0,0.0
2019-02-09,6,0,258,0.0,0.0,0.0,0.0,0.0
2019-02-09,6,0,260,0.0,0.0,0.0,0.0,0.0
2019-02-09,6,0,265,0.0,0.0,0.0,0.0,0.0
2019-02-09,6,0,266,21.71,21.71,0.0,487.712677,0.0
2019-02-09,6,0,267,26.68,26.68,0.0,599.363161,0.0
2019-02-09,6,0,270,96.88,96.88,0.0,2587.032876,0.0
2019-02-09,6,0,272,111.21,111.21,0.0,2885.082082,0.0
2019-02-09,6,0,273,0.0,0.0,0.0,0.0,0.0
2019-02-09,6,0,274,124.88,124.88,0.0,3334.730239,0.0
2019-02-09,6,0,275,173.84,173.84,0.0,4642.132485,0.0
2019-02-09,6,0,276,0.0,0.0,0.0,0.0,0.0
2019-02-09,6,0,277,0.0,0.0,0.0,0.0,0.0
2019-02-09,6,0,278,0.0,0.0,0.0,0.0,0.0
2019-02-09,6,0,279,53.33,53.33,0.0,1376.013052,0.0
2019-02-09,6,0,281,9.96,9.96,0.0,237.333719,0.0
2019-02-09,6,0,282,0.0,0.0,0.0,0.0,0.0
2019-02-09,7,0,9,0.0,0.0,0.0,0.0,0.0
2019-02-09,7,0,17,0.0,0.0,0.0,0.0,0.0
2019-02-09,7,0,19,643.3,643.3,0.0,3582.847924,0.0
2019-02-09,7,0,20,780.2,780.2,0.0,4345.310042,0.0
2019-02-09,7,0,21,0.0,0.0,0.0,0.0,0.0
2019-02-09,7,0,22,0.0,0.0,0.0,0.0,0.0
2019-02-09,7,0,23,41.48,41.48,0.0,1194.553495,0.0
2019-02-09,7,0,24,73.38,73.38,0.0,2113.219273,0.0
2019-02-09,7,0,29,0.0,0.0,0.0,0.0,0.0
2019-02-09,7,0,30,0.0,0.0,0.0,0.0,0.0
2019-02-09,7,0,31,36.67,36.67,0.0,1056.119341,0.0
2019-02-09,7,0,32,0.0,0.0,0.0,0.0,0.0
2019-02-09,7,0,33,0.0,0.0,0.0,0.0,0.0
2019-02-09,7,0,34,0.0,0.0,0.0,0.0,0.0
2019-02-09,7,0,35,0.0,0.0,0.0,0.0,0.0
2019-02-09,7,0,36,0.0,0.0,0.0,0.0,0.0
2019-02-09,7,0,37,0.0,0.0,0.0,0.0,0.0
2019-02-09,7,0,38,0.0,0.0,0.0,0.0,0.0
2019-02-09,7,0,39,0.0,0.0,0.0,0.0,0.0
2019-02-09,7,0,40,0.0,0.0,0.0,0.0,0.0
2019-02-09,7,0,41,10.28,10.28,0.0,288.797053,0.0
2019-02-09,7,0,42,0.0,0.0,0.0,0.0,0.0
2019-02-09,7,0,43,0.0,0.0,0.0,0.0,0.0
2019-02-09,7,0,46,0.0,0.0,0.0,0.0,0.0
2019-02-09,7,0,52,38.88,38.88,0.0,1119.768747,0.0
2019-02-09,7,0,53,61.78,61.78,0.0,1779.303323,0.0
2019-02-09,7,0,55,65.96,65.96,0.0,1899.535885,0.0
2019-02-09,7,0,56,0.0,0.0,0.0,0.0,0.0
2019-02-09,7,0,57,0.0,0.0,0.0,0.0,0.0
2019-02-09,7,0,58,0.0,0.0,0.0,0.0,0.0
2019-02-09,7,0,59,0.0,0.0,0.0,0.0,0.0
2019-02-09,7,0,63,34.36,34.36,0.0,1024.214513,0.0
2019-02-09,7,0,64,40.43,40.43,0.0,1205.151128,0.0
2019-02-09,7,0,65,41.4,41.4,0.0,552.515815,0.0
2019-02-09,7,0,67,0.0,0.0,0.0,0.0,0.0
2019-02-09,7,0,68,2.22,2.22,0.0,64.371208,0.0
2019-02-09,7,0,69,0.0,0.0,0.0,0.0,0.0
2019-02-09,7,0,74,13.49,13.49,0.0,338.035798,0.0
2019-02-09,7,0,77,56.43,56.43,0.0,1630.579649,0.0
2019-02-09,7,0,78,42.66,42.66,0.0,1232.687007,0.0
2019-02-09,7,0,79,24.69,24.69,0.0,713.432776,0.0
2019-02-09,7,0,80,39.93,39.93,0.0,1153.801974,0.0
2019-02-09,7,0,81,52.2,52.2,0.0,1508.351191,0.0
2019-02-09,7,0,82,36.82,36.82,0.0,1063.936606,0.0
2019-02-09,7,0,83,82.11,82.11,0.0,2372.619085,0.0
2019-02-09,7,0,84,0.0,0.0,0.0,0.0,0.0
2019-02-09,7,0,86,0.0,0.0,0.0,0.0,0.0
2019-02-09,7,0,87,0.0,0.0,0.0,0.0,0.0
2019-02-09,7,0,88,43.39,43.39,0.0,1253.780808,0.0
2019-02-09,7,0,89,41.71,41.71,0.0,1205.236172,0.0
2019-02-09,7,0,90,56.0,56.0,0.0,1618.154534,0.0
2019-02-09,7,0,91,199.76,199.76,0.0,5772.188388,0.0
2019-02-09,7,0,92,71.84,71.84,0.0,2075.861102,0.0
2019-02-09,7,0,95,36.0,36.0,0.0,1086.554649,0.0
2019-02-09,7,0,96,7.75,7.75,0.0,223.223855,0.0
2019-02-09,7,0,97,47.67,47.67,0.0,1373.042733,0.0
2019-02-09,7,0,99,2.6,2.6,0.0,65.151451,0.0
2019-02-09,7,0,101,0.0,0.0,0.0,0.0,0.0
2019-02-09,7,0,102,5.27,5.27,0.0,152.809128,0.0
2019-02-09,7,0,103,4.58,4.58,0.0,132.801861,0.0
2019-02-09,7,0,104,0.85,0.85,0.0,24.646634,0.0
2019-02-09,7,0,106,0.0,0.0,0.0,0.0,0.0
2019-02-09,7,0,109,41.14,41.14,0.0,1195.330746,0.0
2019-02-09,7,0,110,187.79,187.79,0.0,5531.368666,0.0
2019-02-09,7,0,111,0.0,0.0,0.0,0.0,0.0
2019-02-09,7,0,113,17.38,17.38,0.0,502.168194,0.0
2019-02-09,7,0,115,17.38,17.38,0.0,502.168194,0.0
2019-02-09,7,0,116,0.0,0.0,0.0,0.0,0.0
2019-02-09,7,0,117,0.71,0.71,0.0,20.514351,0.0
2019-02-09,7,0,119,40.43,40.43,0.0,1205.151128,0.0
2019-02-09,7,0,120,23.77,23.77,0.0,708.544208,0.0
2019-02-09,7,0,123,0.0,0.0,0.0,0.0,0.0
2019-02-09,7,0,125,66.41,66.41,0.0,1912.49512,0.0
2019-02-09,7,0,126,0.0,0.0,0.0,0.0,0.0
2019-02-09,7,0,127,0.0,0.0,0.0,0.0,0.0
2019-02-09,7,0,128,95.11,95.11,0.0,2739.006338,0.0
2019-02-09,7,0,131,8.0,8.0,0.0,231.726888,0.0
2019-02-09,7,0,132,11.76,11.76,0.0,340.638525,0.0
2019-02-09,7,0,133,41.94,41.94,0.0,921.848386,0.0
2019-02-09,7,0,134,0.0,0.0,0.0,0.0,0.0
2019-02-09,7,0,135,56.2,56.2,0.0,1235.285629,0.0
2019-02-09,7,0,136,45.9,45.9,0.0,632.166765,0.0
2019-02-09,7,0,139,13.27,13.27,0.0,372.795418,0.0
2019-02-09,7,0,140,138.98,138.98,0.0,4093.666421,0.0
2019-02-09,7,0,141,73.36,73.36,0.0,2135.43903,0.0
2019-02-09,7,0,142,0.0,0.0,0.0,0.0,0.0
2019-02-09,7,0,143,55.56,55.56,0.0,1600.163364,0.0
2019-02-09,7,0,145,6.35,6.35,0.0,183.414401,0.0
2019-02-09,7,0,146,268.0,268.0,0.0,7893.960287,0.0
2019-02-09,7,0,152,0.0,0.0,0.0,0.0,0.0
2019-02-09,7,0,153,0.0,0.0,0.0,0.0,0.0
2019-02-09,7,0,154,0.0,0.0,0.0,0.0,0.0
2019-02-09,7,0,157,91.39,91.39,0.0,2660.274985,0.0
2019-02-09,7,0,158,0.0,0.0,0.0,0.0,0.0
2019-02-09,7,0,159,0.0,0.0,0.0,0.0,0.0
2019-02-09,7,0,160,0.0,0.0,0.0,0.0,0.0
2019-02-09,7,0,161,0.0,0.0,0.0,0.0,0.0
2019-02-09,7,0,162,32.69,32.69,0.0,986.427405,0.0
2019-02-09,7,0,163,31.84,31.84,0.0,937.84961,0.0
2019-02-09,7,0,164,0.0,0.0,0.0,0.0,0.0
2019-02-09,7,0,167,0.0,0.0,0.0,0.0,0.0
2019-02-09,7,0,168,0.0,0.0,0.0,0.0,0.0
2019-02-09,7,0,169,0.0,0.0,0.0,0.0,0.0
2019-02-09,7,0,170,0.0,0.0,0.0,0.0,0.0
2019-02-09,7,0,172,0.0,0.0,0.0,0.0,0.0
2019-02-09,7,0,173,0.0,0.0,0.0,0.0,0.0
2019-02-09,7,0,188,0.0,0.0,0.0,0.0,0.0
2019-02-09,7,0,190,0.0,0.0,0.0,0.0,0.0
2019-02-09,7,0,191,0.0,0.0,0.0,0.0,0.0
2019-02-09,7,0,192,32.42,32.42,0.0,966.386336,0.0
2019-02-09,7,0,194,46.94,46.94,0.0,1352.215634,0.0
2019-02-09,7,0,196,0.0,0.0,0.0,0.0,0.0
2019-02-09,7,0,198,0.0,0.0,0.0,0.0,0.0
2019-02-09,7,0,199,18.86,18.86,0.0,354.723542,0.0
2019-02-09,7,0,200,0.0,0.0,0.0,0.0,0.0
2019-02-09,7,0,204,156.92,156.92,0.0,4602.127436,0.0
2019-02-09,7,0,205,217.63,217.63,0.0,6323.282212,0.0
2019-02-09,7,0,206,140.08,140.08,0.0,4034.73518,0.0
2019-02-09,7,0,210,0.0,0.0,0.0,0.0,0.0
2019-02-09,7,0,214,0.0,0.0,0.0,0.0,0.0
2019-02-09,7,0,217,0.0,0.0,0.0,0.0,0.0
2019-02-09,7,0,218,0.0,0.0,0.0,0.0,0.0
2019-02-09,7,0,219,0.0,0.0,0.0,0.0,0.0
2019-02-09,7,0,221,0.0,0.0,0.0,0.0,0.0
2019-02-09,7,0,225,0.0,0.0,0.0,0.0,0.0
2019-02-09,7,0,233,0.0,0.0,0.0,0.0,0.0
2019-02-09,7,0,236,47.8,47.8,0.0,1105.297575,0.0
2019-02-09,7,0,237,32.37,32.37,0.0,811.135566,0.0
2019-02-09,7,0,238,0.0,0.0,0.0,0.0,0.0
2019-02-09,7,0,240,0.0,0.0,0.0,0.0,0.0
2019-02-09,7,0,245,78.0,78.0,0.0,1470.71568,0.0
2019-02-09,7,0,247,171.72,171.72,0.0,3237.837135,0.0
2019-02-09,7,0,248,3.25,3.25,0.0,81.439314,0.0
2019-02-09,7,0,249,150.0,150.0,0.0,2828.299384,0.0
2019-02-09,7,0,251,326.4,326.4,0.0,5238.248856,0.0
2019-02-09,7,0,252,267.06,267.06,0.0,3564.127383,0.0
2019-02-09,7,0,254,0.0,0.0,0.0,0.0,0.0
2019-02-09,7,0,255,0.0,0.0,0.0,0.0,0.0
2019-02-09,7,0,258,0.0,0.0,0.0,0.0,0.0
2019-02-09,7,0,260,0.0,0.0,0.0,0.0,0.0
2019-02-09,7,0,265,0.0,0.0,0.0,0.0,0.0
2019-02-09,7,0,266,8.59,8.59,0.0,241.319716,0.0
2019-02-09,7,0,267,10.56,10.56,0.0,296.663121,0.0
2019-02-09,7,0,270,99.45,99.45,0.0,2929.307278,0.0
2019-02-09,7,0,272,61.86,61.86,0.0,1787.348935,0.0
2019-02-09,7,0,273,0.0,0.0,0.0,0.0,0.0
2019-02-09,7,0,274,128.2,128.2,0.0,3776.140705,0.0
2019-02-09,7,0,275,178.46,178.46,0.0,5256.552809,0.0
2019-02-09,7,0,276,0.0,0.0,0.0,0.0,0.0
2019-02-09,7,0,277,0.0,0.0,0.0,0.0,0.0
2019-02-09,7,0,278,0.0,0.0,0.0,0.0,0.0
2019-02-09,7,0,279,54.33,54.33,0.0,1569.828394,0.0
2019-02-09,7,0,281,16.45,16.45,0.0,473.77047,0.0
2019-02-09,7,0,282,0.0,0.0,0.0,0.0,0.0
2019-02-09,8,0,9,0.0,0.0,0.0,0.0,0.0
2019-02-09,8,0,17,0.0,0.0,0.0,0.0,0.0
2019-02-09,8,0,19,605.38,605.38,0.0,3470.06994,0.0
2019-02-09,8,0,20,753.44,753.44,0.0,4318.757632,0.0
2019-02-09,8,0,21,0.0,0.0,0.0,0.0,0.0
2019-02-09,8,0,22,0.0,0.0,0.0,0.0,0.0
2019-02-09,8,0,23,47.79,47.79,0.0,1356.158093,0.0
2019-02-09,8,0,24,84.55,84.55,0.0,2399.312969,0.0
2019-02-09,8,0,29,0.0,0.0,0.0,0.0,0.0
2019-02-09,8,0,30,0.0,0.0,0.0,0.0,0.0
2019-02-09,8,0,31,19.18,19.18,0.0,544.105528,0.0
2019-02-09,8,0,32,0.0,0.0,0.0,0.0,0.0
2019-02-09,8,0,33,0.0,0.0,0.0,0.0,0.0
2019-02-09,8,0,34,0.0,0.0,0.0,0.0,0.0
2019-02-09,8,0,35,0.0,0.0,0.0,0.0,0.0
2019-02-09,8,0,36,0.0,0.0,0.0,0.0,0.0
2019-02-09,8,0,37,0.0,0.0,0.0,0.0,0.0
2019-02-09,8,0,38,0.0,0.0,0.0,0.0,0.0
2019-02-09,8,0,39,0.0,0.0,0.0,0.0,0.0
2019-02-09,8,0,40,0.0,0.0,0.0,0.0,0.0
2019-02-09,8,0,41,5.22,5.22,0.0,147.254823,0.0
2019-02-09,8,0,42,0.0,0.0,0.0,0.0,0.0
2019-02-09,8,0,43,0.0,0.0,0.0,0.0,0.0
2019-02-09,8,0,46,0.0,0.0,0.0,0.0,0.0
2019-02-09,8,0,52,20.33,20.33,0.0,576.729164,0.0
2019-02-09,8,0,53,32.3,32.3,0.0,916.298673,0.0
2019-02-09,8,0,55,83.37,83.37,0.0,2365.827584,0.0
2019-02-09,8,0,56,0.0,0.0,0.0,0.0,0.0
2019-02-09,8,0,57,0.0,0.0,0.0,0.0,0.0
2019-02-09,8,0,58,0.0,0.0,0.0,0.0,0.0
2019-02-09,8,0,59,0.0,0.0,0.0,0.0,0.0
2019-02-09,8,0,63,22.71,22.71,0.0,627.240152,0.0
2019-02-09,8,0,64,26.7,26.7,0.0,737.442186,0.0
2019-02-09,8,0,65,41.4,41.4,0.0,569.379626,0.0
2019-02-09,8,0,67,0.0,0.0,0.0,0.0,0.0
2019-02-09,8,0,68,2.22,2.22,0.0,60.65444,0.0
2019-02-09,8,0,69,0.0,0.0,0.0,0.0,0.0
2019-02-09,8,0,74,15.13,15.13,0.0,389.263858,0.0
2019-02-09,8,0,77,46.39,46.39,0.0,1269.529784,0.0
2019-02-09,8,0,78,35.03,35.03,0.0,958.646871,0.0
2019-02-09,8,0,79,20.2,20.2,0.0,552.802363,0.0
2019-02-09,8,0,80,32.77,32.77,0.0,896.798686,0.0
2019-02-09,8,0,81,42.89,42.89,0.0,1173.747196,0.0
2019-02-09,8,0,82,30.21,30.21,0.0,826.740564,0.0
2019-02-09,8,0,83,67.58,67.58,0.0,1849.424936,0.0
2019-02-09,8,0,84,0.0,0.0,0.0,0.0,0.0
2019-02-09,8,0,86,0.0,0.0,0.0,0.0,0.0
2019-02-09,8,0,87,0.0,0.0,0.0,0.0,0.0
2019-02-09,8,0,88,36.48,36.48,0.0,998.328229,0.0
2019-02-09,8,0,89,35.2,35.2,0.0,963.299168,0.0
2019-02-09,8,0,90,45.93,45.93,0.0,1256.941215,0.0
2019-02-09,8,0,91,143.99,143.99,0.0,3940.495659,0.0
2019-02-09,8,0,92,57.62,57.62,0.0,1576.855058,0.0
2019-02-09,8,0,95,32.24,32.24,0.0,898.203656,0.0
2019-02-09,8,0,96,9.75,9.75,0.0,276.499335,0.0
2019-02-09,8,0,97,59.99,59.99,0.0,1701.250781,0.0
2019-02-09,8,0,99,2.92,2.92,0.0,75.125609,0.0
2019-02-09,8,0,101,0.0,0.0,0.0,0.0,0.0
2019-02-09,8,0,102,5.25,5.25,0.0,143.439555,0.0
2019-02-09,8,0,103,4.56,4.56,0.0,124.587499,0.0
2019-02-09,8,0,104,0.85,0.85,0.0,23.223547,0.0
2019-02-09,8,0,106,0.0,0.0,0.0,0.0,0.0
2019-02-09,8,0,109,44.93,44.93,0.0,1332.831828,0.0
2019-02-09,8,0,110,230.26,230.26,0.0,6317.438796,0.0
2019-02-09,8,0,111,0.0,0.0,0.0,0.0,0.0
2019-02-09,8,0,113,37.15,37.15,0.0,1008.147445,0.0
2019-02-09,8,0,115,37.15,37.15,0.0,1008.147445,0.0
2019-02-09,8,0,116,0.0,0.0,0.0,0.0,0.0
2019-02-09,8,0,117,1.92,1.92,0.0,52.103448,0.0
2019-02-09,8,0,119,26.7,26.7,0.0,737.442186,0.0
2019-02-09,8,0,120,15.75,15.75,0.0,435.008031,0.0
2019-02-09,8,0,123,0.0,0.0,0.0,0.0,0.0
2019-02-09,8,0,125,76.52,76.52,0.0,2171.442086,0.0
2019-02-09,8,0,126,0.0,0.0,0.0,0.0,0.0
2019-02-09,8,0,127,0.0,0.0,0.0,0.0,0.0
2019-02-09,8,0,128,109.59,109.59,0.0,3109.88419,0.0
2019-02-09,8,0,131,8.39,8.39,0.0,229.167029,0.0
2019-02-09,8,0,132,12.33,12.33,0.0,336.785395,0.0
2019-02-09,8,0,133,41.94,41.94,0.0,950.598437,0.0
2019-02-09,8,0,134,0.0,0.0,0.0,0.0,0.0
2019-02-09,8,0,135,56.2,56.2,0.0,1273.810972,0.0
2019-02-09,8,0,136,45.9,45.9,0.0,651.480369,0.0
2019-02-09,8,0,139,6.74,6.74,0.0,190.133622,0.0
2019-02-09,8,0,140,170.41,170.41,0.0,4675.387584,0.0
2019-02-09,8,0,141,76.92,76.92,0.0,2103.758481,0.0
2019-02-09,8,0,142,0.0,0.0,0.0,0.0,0.0
2019-02-09,8,0,143,26.16,26.16,0.0,742.11682,0.0
2019-02-09,8,0,145,7.84,7.84,0.0,226.086042,0.0
2019-02-09,8,0,146,268.0,268.0,0.0,7352.877605,0.0
2019-02-09,8,0,152,0.0,0.0,0.0,0.0,0.0
2019-02-09,8,0,153,0.0,0.0,0.0,0.0,0.0
2019-02-09,8,0,154,0.0,0.0,0.0,0.0,0.0
2019-02-09,8,0,157,123.18,123.18,0.0,3368.967365,0.0
2019-02-09,8,0,158,0.0,0.0,0.0,0.0,0.0
2019-02-09,8,0,159,0.0,0.0,0.0,0.0,0.0
2019-02-09,8,0,160,0.0,0.0,0.0,0.0,0.0
2019-02-09,8,0,161,0.0,0.0,0.0,0.0,0.0
2019-02-09,8,0,162,29.24,29.24,0.0,814.492093,0.0
2019-02-09,8,0,163,35.6,35.6,0.0,976.725533,0.0
2019-02-09,8,0,164,0.0,0.0,0.0,0.0,0.0
2019-02-09,8,0,167,0.0,0.0,0.0,0.0,0.0
2019-02-09,8,0,168,0.0,0.0,0.0,0.0,0.0
2019-02-09,8,0,169,0.0,0.0,0.0,0.0,0.0
2019-02-09,8,0,170,0.0,0.0,0.0,0.0,0.0
2019-02-09,8,0,172,0.0,0.0,0.0,0.0,0.0
2019-02-09,8,0,173,0.0,0.0,0.0,0.0,0.0
2019-02-09,8,0,188,0.0,0.0,0.0,0.0,0.0
2019-02-09,8,0,190,0.0,0.0,0.0,0.0,0.0
2019-02-09,8,0,191,0.0,0.0,0.0,0.0,0.0
2019-02-09,8,0,192,36.17,36.17,0.0,998.999396,0.0
2019-02-09,8,0,194,55.51,55.51,0.0,1493.351462,0.0
2019-02-09,8,0,196,0.0,0.0,0.0,0.0,0.0
2019-02-09,8,0,198,0.0,0.0,0.0,0.0,0.0
2019-02-09,8,0,199,18.0,18.0,0.0,321.164766,0.0
2019-02-09,8,0,200,0.0,0.0,0.0,0.0,0.0
2019-02-09,8,0,204,172.69,172.69,0.0,5166.504747,0.0
2019-02-09,8,0,205,237.67,237.67,0.0,7050.392621,0.0
2019-02-09,8,0,206,176.27,176.27,0.0,4998.824389,0.0
2019-02-09,8,0,210,0.0,0.0,0.0,0.0,0.0
2019-02-09,8,0,214,0.0,0.0,0.0,0.0,0.0
2019-02-09,8,0,217,0.0,0.0,0.0,0.0,0.0
2019-02-09,8,0,218,0.0,0.0,0.0,0.0,0.0
2019-02-09,8,0,219,0.0,0.0,0.0,0.0,0.0
2019-02-09,8,0,221,0.0,0.0,0.0,0.0,0.0
2019-02-09,8,0,225,0.0,0.0,0.0,0.0,0.0
2019-02-09,8,0,233,0.0,0.0,0.0,0.0,0.0
2019-02-09,8,0,236,52.98,52.98,0.0,1261.445962,0.0
2019-02-09,8,0,237,36.31,36.31,0.0,934.181803,0.0
2019-02-09,8,0,238,0.0,0.0,0.0,0.0,0.0
2019-02-09,8,0,240,0.0,0.0,0.0,0.0,0.0
2019-02-09,8,0,245,78.0,78.0,0.0,1517.232229,0.0
2019-02-09,8,0,247,159.01,159.01,0.0,3093.01406,0.0
2019-02-09,8,0,248,3.64,3.64,0.0,93.649732,0.0
2019-02-09,8,0,249,150.0,150.0,0.0,2917.754286,0.0
2019-02-09,8,0,251,326.4,326.4,0.0,5397.747484,0.0
2019-02-09,8,0,252,267.06,267.06,0.0,3672.911181,0.0
2019-02-09,8,0,254,0.0,0.0,0.0,0.0,0.0
2019-02-09,8,0,255,0.0,0.0,0.0,0.0,0.0
2019-02-09,8,0,258,0.0,0.0,0.0,0.0,0.0
2019-02-09,8,0,260,0.0,0.0,0.0,0.0,0.0
2019-02-09,8,0,265,0.0,0.0,0.0,0.0,0.0
2019-02-09,8,0,266,4.36,4.36,0.0,122.99445,0.0
2019-02-09,8,0,267,5.36,5.36,0.0,151.204186,0.0
2019-02-09,8,0,270,111.18,111.18,0.0,3050.346762,0.0
2019-02-09,8,0,272,128.62,128.62,0.0,3490.388274,0.0
2019-02-09,8,0,273,0.0,0.0,0.0,0.0,0.0
2019-02-09,8,0,274,143.32,143.32,0.0,3932.143352,0.0
2019-02-09,8,0,275,199.51,199.51,0.0,5473.778399,0.0
2019-02-09,8,0,276,0.0,0.0,0.0,0.0,0.0
2019-02-09,8,0,277,0.0,0.0,0.0,0.0,0.0
2019-02-09,8,0,278,0.0,0.0,0.0,0.0,0.0
2019-02-09,8,0,279,57.63,57.63,0.0,1569.214127,0.0
2019-02-09,8,0,281,8.61,8.61,0.0,244.251751,0.0
2019-02-09,8,0,282,0.0,0.0,0.0,0.0,0.0
2019-02-09,9,0,9,0.26,0.26,0.0,6.012091,0.0
2019-02-09,9,0,17,2.95,2.95,0.0,34.610058,0.0
2019-02-09,9,0,19,475.02,475.02,0.0,5573.040663,0.0
2019-02-09,9,0,20,589.85,589.85,0.0,6920.251853,0.0
2019-02-09,9,0,21,5.83,5.83,0.0,134.809578,0.0
2019-02-09,9,0,22,20.73,20.73,0.0,479.348637,0.0
2019-02-09,9,0,23,54.97,54.97,0.0,1271.09477,0.0
2019-02-09,9,0,24,97.26,97.26,0.0,2248.984488,0.0
2019-02-09,9,0,29,0.58,0.58,0.0,8.068033,0.0
2019-02-09,9,0,30,42.55,42.55,0.0,982.773583,0.0
2019-02-09,9,0,31,31.91,31.91,0.0,737.022445,0.0
2019-02-09,9,0,32,0.42,0.42,0.0,11.75461,0.0
2019-02-09,9,0,33,0.18,0.18,0.0,3.002495,0.0
2019-02-09,9,0,34,0.28,0.28,0.0,4.670548,0.0
2019-02-09,9,0,35,0.28,0.28,0.0,4.670548,0.0
2019-02-09,9,0,36,0.66,0.66,0.0,18.109814,0.0
2019-02-09,9,0,37,0.3,0.3,0.0,8.39167,0.0
2019-02-09,9,0,38,0.38,0.38,0.0,10.629449,0.0
2019-02-09,9,0,39,0.26,0.26,0.0,7.272781,0.0
2019-02-09,9,0,40,0.26,0.26,0.0,7.272781,0.0
2019-02-09,9,0,41,6.65,6.65,0.0,159.029793,0.0
2019-02-09,9,0,42,5.27,5.27,0.0,96.744808,0.0
2019-02-09,9,0,43,1.8,1.8,0.0,53.807787,0.0
2019-02-09,9,0,46,2.02,2.02,0.0,56.815518,0.0
2019-02-09,9,0,52,33.86,33.86,0.0,782.061422,0.0
2019-02-09,9,0,53,54.08,54.08,0.0,1249.080972,0.0
2019-02-09,9,0,55,103.21,103.21,0.0,2386.568877,0.0
2019-02-09,9,0,56,12.55,12.55,0.0,289.866239,0.0
2019-02-09,9,0,57,11.94,11.94,0.0,275.777123,0.0
2019-02-09,9,0,58,22.96,22.96,0.0,530.305087,0.0
2019-02-09,9,0,59,22.58,22.58,0.0,521.528261,0.0
2019-02-09,9,0,63,14.0,14.0,0.0,417.31674,0.0
2019-02-09,9,0,64,16.47,16.47,0.0,490.943336,0.0
2019-02-09,9,0,65,41.4,41.4,0.0,654.792106,0.0
2019-02-09,9,0,67,28.17,28.17,0.0,381.297743,0.0
2019-02-09,9,0,68,4.26,4.26,0.0,73.306936,0.0
2019-02-09,9,0,69,0.18,0.18,0.0,3.002495,0.0
2019-02-09,9,0,74,17.81,17.81,0.0,408.693161,0.0
2019-02-09,9,0,77,21.63,21.63,0.0,442.241139,0.0
2019-02-09,9,0,78,16.35,16.35,0.0,334.287685,0.0
2019-02-09,9,0,79,9.46,9.46,0.0,193.416605,0.0
2019-02-09,9,0,80,15.3,15.3,0.0,312.819668,0.0
2019-02-09,9,0,81,20.01,20.01,0.0,409.119057,0.0
2019-02-09,9,0,82,14.11,14.11,0.0,288.48925,0.0
2019-02-09,9,0,83,31.47,31.47,0.0,643.427122,0.0
2019-02-09,9,0,84,0.0,0.0,0.0,0.0,0.0
2019-02-09,9,0,86,0.9,0.9,0.0,15.012476,0.0
2019-02-09,9,0,87,4.6,4.6,0.0,76.730433,0.0
2019-02-09,9,0,88,54.79,54.79,0.0,1120.221545,0.0
2019-02-09,9,0,89,52.34,52.34,0.0,1070.129506,0.0
2019-02-09,9,0,90,73.46,73.46,0.0,1501.943323,0.0
2019-02-09,9,0,91,276.05,276.05,0.0,5644.043757,0.0
2019-02-09,9,0,92,97.13,97.13,0.0,1985.893752,0.0
2019-02-09,9,0,95,26.36,26.36,0.0,739.976469,0.0
2019-02-09,9,0,96,12.26,12.26,0.0,282.828397,0.0
2019-02-09,9,0,97,75.42,75.42,0.0,1739.879092,0.0
2019-02-09,9,0,99,3.44,3.44,0.0,78.93905,0.0
2019-02-09,9,0,101,0.86,0.86,0.0,19.863344,0.0
2019-02-09,9,0,102,10.06,10.06,0.0,173.114501,0.0
2019-02-09,9,0,103,8.75,8.75,0.0,150.571758,0.0
2019-02-09,9,0,104,1.63,1.63,0.0,28.049367,0.0
2019-02-09,9,0,106,20.41,20.41,0.0,471.94914,0.0
2019-02-09,9,0,109,53.14,53.14,0.0,1375.296558,0.0
2019-02-09,9,0,110,284.3,284.3,0.0,650.73779,0.0
2019-02-09,9,0,111,1.08,1.08,0.0,25.827395,0.0
2019-02-09,9,0,113,25.48,25.48,0.0,524.954376,0.0
2019-02-09,9,0,115,25.48,25.48,0.0,524.954376,0.0
2019-02-09,9,0,116,10.71,10.71,0.0,24.514252,0.0
2019-02-09,9,0,117,1.73,1.73,0.0,35.642507,0.0
2019-02-09,9,0,119,16.47,16.47,0.0,490.943336,0.0
2019-02-09,9,0,120,9.69,9.69,0.0,288.842801,0.0
2019-02-09,9,0,123,0.34,0.34,0.0,7.861965,0.0
2019-02-09,9,0,125,88.01,88.01,0.0,2035.09279,0.0
2019-02-09,9,0,126,15.3,15.3,0.0,353.78843,0.0
2019-02-09,9,0,127,19.64,19.64,0.0,454.144102,0.0
2019-02-09,9,0,128,126.06,126.06,0.0,2914.939179,0.0
2019-02-09,9,0,131,8.98,8.98,0.0,163.337584,0.0
2019-02-09,9,0,132,13.2,13.2,0.0,240.095335,0.0
2019-02-09,9,0,133,41.94,41.94,0.0,849.404345,0.0
2019-02-09,9,0,134,0.0,0.0,0.0,0.0,0.0
2019-02-09,9,0,135,56.2,56.2,0.0,1138.209924,0.0
2019-02-09,9,0,136,45.9,45.9,0.0,736.256124,0.0
2019-02-09,9,0,139,8.58,8.58,0.0,205.184304,0.0
2019-02-09,9,0,140,210.41,210.41,0.0,481.610054,0.0
2019-02-09,9,0,141,80.49,80.49,0.0,1089.480131,0.0
2019-02-09,9,0,142,37.15,37.15,0.0,502.847396,0.0
2019-02-09,9,0,143,56.59,56.59,0.0,1307.05422,0.0
2019-02-09,9,0,145,10.52,10.52,0.0,253.733133,0.0
2019-02-09,9,0,146,268.0,268.0,0.0,613.428518,0.0
2019-02-09,9,0,152,0.46,0.46,0.0,10.820328,0.0
2019-02-09,9,0,153,0.54,0.54,0.0,12.797804,0.0
2019-02-09,9,0,154,4.47,4.47,0.0,106.896718,0.0
2019-02-09,9,0,157,162.64,162.64,0.0,2201.429352,0.0
2019-02-09,9,0,158,18.53,18.53,0.0,250.814596,0.0
2019-02-09,9,0,159,0.0,0.0,0.0,0.0,0.0
2019-02-09,9,0,160,0.12,0.12,0.0,4.149459,0.0
2019-02-09,9,0,161,5.53,5.53,0.0,95.161351,0.0
2019-02-09,9,0,162,26.14,26.14,0.0,734.283596,0.0
2019-02-09,9,0,163,40.23,40.23,0.0,92.082945,0.0
2019-02-09,9,0,164,2.08,2.08,0.0,48.041576,0.0
2019-02-09,9,0,167,0.51,0.51,0.0,14.29003,0.0
2019-02-09,9,0,168,0.25,0.25,0.0,7.004917,0.0
2019-02-09,9,0,169,0.0,0.0,0.0,0.0,0.0
2019-02-09,9,0,170,0.56,0.56,0.0,15.691013,0.0
2019-02-09,9,0,172,0.64,0.64,0.0,17.735087,0.0
2019-02-09,9,0,173,0.98,0.98,0.0,27.156852,0.0
2019-02-09,9,0,188,0.82,0.82,0.0,22.710287,0.0
2019-02-09,9,0,190,0.75,0.75,0.0,22.356254,0.0
2019-02-09,9,0,191,1.94,1.94,0.0,57.828177,0.0
2019-02-09,9,0,192,40.98,40.98,0.0,1221.545714,0.0
2019-02-09,9,0,194,48.91,48.91,0.0,1148.539064,0.0
2019-02-09,9,0,196,0.54,0.54,0.0,18.139994,0.0
2019-02-09,9,0,198,0.53,0.53,0.0,4.095969,0.0
2019-02-09,9,0,199,17.2,17.2,0.0,306.422383,0.0
2019-02-09,9,0,200,1.09,1.09,0.0,19.418628,0.0
2019-02-09,9,0,204,122.84,122.84,0.0,3199.087405,0.0
2019-02-09,9,0,205,299.28,299.28,0.0,7745.554272,0.0
2019-02-09,9,0,206,221.62,221.62,0.0,5112.596187,0.0
2019-02-09,9,0,210,0.17,0.17,0.0,2.35256,0.0
2019-02-09,9,0,214,0.99,0.99,0.0,14.674402,0.0
2019-02-09,9,0,217,0.69,0.69,0.0,9.657213,0.0
2019-02-09,9,0,218,0.95,0.95,0.0,13.296163,0.0
2019-02-09,9,0,219,0.65,0.65,0.0,9.097375,0.0
2019-02-09,9,0,221,0.53,0.53,0.0,7.855993,0.0
2019-02-09,9,0,225,0.52,0.52,0.0,7.237015,0.0
2019-02-09,9,0,233,0.51,0.51,0.0,8.50707,0.0
2019-02-09,9,0,236,58.65,58.65,0.0,1260.445749,0.0
2019-02-09,9,0,237,42.72,42.72,0.0,980.31285,0.0
2019-02-09,9,0,238,6.86,6.86,0.0,125.933469,0.0
2019-02-09,9,0,240,0.75,0.75,0.0,20.579335,0.0
2019-02-09,9,0,245,78.0,78.0,0.0,1440.678637,0.0
2019-02-09,9,0,247,132.46,132.46,0.0,2446.567849,0.0
2019-02-09,9,0,248,4.29,4.29,0.0,98.444338,0.0
2019-02-09,9,0,249,150.0,150.0,0.0,2770.53584,0.0
2019-02-09,9,0,251,326.4,326.4,0.0,5644.516913,0.0
2019-02-09,9,0,252,267.06,267.06,0.0,4223.883572,0.0
2019-02-09,9,0,254,0.77,0.77,0.0,23.92313,0.0
2019-02-09,9,0,255,0.35,0.35,0.0,10.87415,0.0
2019-02-09,9,0,258,0.91,0.91,0.0,25.330278,0.0
2019-02-09,9,0,260,0.3,0.3,0.0,10.373646,0.0
2019-02-09,9,0,265,4.63,4.63,0.0,110.722998,0.0
2019-02-09,9,0,266,5.56,5.56,0.0,132.963255,0.0
2019-02-09,9,0,267,6.83,6.83,0.0,163.334358,0.0
2019-02-09,9,0,270,125.63,125.63,0.0,287.556062,0.0
2019-02-09,9,0,272,85.02,85.02,0.0,1751.633481,0.0
2019-02-09,9,0,273,2.56,2.56,0.0,5.859616,0.0
2019-02-09,9,0,274,161.96,161.96,0.0,370.712249,0.0
2019-02-09,9,0,275,225.45,225.45,0.0,516.035296,0.0
2019-02-09,9,0,276,0.57,0.57,0.0,2.736034,0.0
2019-02-09,9,0,277,0.64,0.64,0.0,13.145415,0.0
2019-02-09,9,0,278,1.02,1.02,0.0,20.950506,0.0
2019-02-09,9,0,279,62.34,62.34,0.0,1280.445602,0.0
2019-02-09,9,0,281,14.22,14.22,0.0,328.438081,0.0
2019-02-09,9,0,282,23.34,23.34,0.0,539.081914,0.0
2019-02-09,10,0,9,0.81,0.81,0.0,14.329667,0.0
2019-02-09,10,0,17,7.09,7.09,0.0,111.666448,0.0
2019-02-09,10,0,19,349.46,349.46,0.0,5503.943127,0.0
2019-02-09,10,0,20,433.01,433.01,0.0,6819.843225,0.0
2019-02-09,10,0,21,18.64,18.64,0.0,329.75926,0.0
2019-02-09,10,0,22,66.23,66.23,0.0,1171.671449,0.0
2019-02-09,10,0,23,62.75,62.75,0.0,1110.106952,0.0
2019-02-09,10,0,24,111.02,111.02,0.0,1964.048985,0.0
2019-02-09,10,0,29,1.21,1.21,0.0,15.359814,0.0
2019-02-09,10,0,30,157.47,157.47,0.0,1953.709023,0.0
2019-02-09,10,0,31,83.41,83.41,0.0,1034.856605,0.0
2019-02-09,10,0,32,1.0,1.0,0.0,27.048007,0.0
2019-02-09,10,0,33,0.38,0.38,0.0,5.358483,0.0
2019-02-09,10,0,34,0.61,0.61,0.0,8.601775,0.0
2019-02-09,10,0,35,0.61,0.61,0.0,8.601775,0.0
2019-02-09,10,0,36,1.64,1.64,0.0,33.13223,0.0
2019-02-09,10,0,37,0.75,0.75,0.0,15.407179,0.0
2019-02-09,10,0,38,0.96,0.96,0.0,19.72119,0.0
2019-02-09,10,0,39,0.64,0.64,0.0,13.14746,0.0
2019-02-09,10,0,40,0.64,0.64,0.0,13.14746,0.0
2019-02-09,10,0,41,8.44,8.44,0.0,144.13504,0.0
2019-02-09,10,0,42,13.96,13.96,0.0,224.856597,0.0
2019-02-09,10,0,43,4.54,4.54,0.0,99.436794,0.0
2019-02-09,10,0,46,3.97,3.97,0.0,81.371126,0.0
2019-02-09,10,0,52,88.47,88.47,0.0,1097.635342,0.0
2019-02-09,10,0,53,141.06,141.06,0.0,1750.112369,0.0
2019-02-09,10,0,55,125.89,125.89,0.0,2227.113373,0.0
2019-02-09,10,0,56,46.45,46.45,0.0,576.298877,0.0
2019-02-09,10,0,57,44.18,44.18,0.0,548.135293,0.0
2019-02-09,10,0,58,84.96,84.96,0.0,1054.087246,0.0
2019-02-09,10,0,59,83.55,83.55,0.0,1036.593566,0.0
2019-02-09,10,0,63,16.31,16.31,0.0,443.454547,0.0
2019-02-09,10,0,64,19.19,19.19,0.0,521.759213,0.0
2019-02-09,10,0,65,41.4,41.4,0.0,654.792106,0.0
2019-02-09,10,0,67,97.08,97.08,0.0,1579.254299,0.0
2019-02-09,10,0,68,7.95,7.95,0.0,112.184928,0.0
2019-02-09,10,0,69,0.38,0.38,0.0,5.358483,0.0
2019-02-09,10,0,74,34.94,34.94,0.0,608.452142,0.0
2019-02-09,10,0,77,25.14,25.14,0.0,314.778633,0.0
2019-02-09,10,0,78,19.01,19.01,0.0,238.024734,0.0
2019-02-09,10,0,79,11.0,11.0,0.0,137.731303,0.0
2019-02-09,10,0,80,17.79,17.79,0.0,222.74908,0.0
2019-02-09,10,0,81,23.25,23.25,0.0,291.11389,0.0
2019-02-09,10,0,82,16.4,16.4,0.0,205.344852,0.0
2019-02-09,10,0,83,36.58,36.58,0.0,458.019188,0.0
2019-02-09,10,0,84,0.0,0.0,0.0,0.0,0.0
2019-02-09,10,0,86,1.92,1.92,0.0,27.07444,0.0
2019-02-09,10,0,87,9.81,9.81,0.0,138.333467,0.0
2019-02-09,10,0,88,43.68,43.68,0.0,546.918483,0.0
2019-02-09,10,0,89,41.79,41.79,0.0,523.253741,0.0
2019-02-09,10,0,90,58.02,58.02,0.0,726.470018,0.0
2019-02-09,10,0,91,214.96,214.96,0.0,2691.520082,0.0
2019-02-09,10,0,92,76.16,76.16,0.0,953.601458,0.0
2019-02-09,10,0,95,52.51,52.51,0.0,1415.715503,0.0
2019-02-09,10,0,96,15.44,15.44,0.0,239.458392,0.0
2019-02-09,10,0,97,94.98,94.98,0.0,1473.041324,0.0
2019-02-09,10,0,99,7.18,7.18,0.0,125.033955,0.0
2019-02-09,10,0,101,3.17,3.17,0.0,39.329762,0.0
2019-02-09,10,0,102,18.81,18.81,0.0,265.433773,0.0
2019-02-09,10,0,103,16.36,16.36,0.0,230.861059,0.0
2019-02-09,10,0,104,3.04,3.04,0.0,42.898388,0.0
2019-02-09,10,0,106,65.2,65.2,0.0,1153.449773,0.0
2019-02-09,10,0,109,67.75,67.75,0.0,1272.861722,0.0
2019-02-09,10,0,110,338.6,338.6,0.0,7744.005537,0.0
2019-02-09,10,0,111,2.79,2.79,0.0,47.646536,0.0
2019-02-09,10,0,113,53.03,53.03,0.0,605.02514,0.0
2019-02-09,10,0,115,53.03,53.03,0.0,605.02514,0.0
2019-02-09,10,0,116,29.91,29.91,0.0,684.061446,0.0
2019-02-09,10,0,117,3.54,3.54,0.0,40.388252,0.0
2019-02-09,10,0,119,19.19,19.19,0.0,521.759213,0.0
2019-02-09,10,0,120,11.28,11.28,0.0,306.693274,0.0
2019-02-09,10,0,123,1.09,1.09,0.0,19.283133,0.0
2019-02-09,10,0,125,100.46,100.46,0.0,1777.23258,0.0
2019-02-09,10,0,126,48.9,48.9,0.0,865.08733,0.0
2019-02-09,10,0,127,62.75,62.75,0.0,1110.106952,0.0
2019-02-09,10,0,128,143.89,143.89,0.0,2545.550427,0.0
2019-02-09,10,0,131,13.21,13.21,0.0,178.803233,0.0
2019-02-09,10,0,132,21.31,21.31,0.0,288.44034,0.0
2019-02-09,10,0,133,41.94,41.94,0.0,660.28647,0.0
2019-02-09,10,0,134,0.0,0.0,0.0,0.0,0.0
2019-02-09,10,0,135,56.2,56.2,0.0,884.790167,0.0
2019-02-09,10,0,136,45.9,45.9,0.0,726.132434,0.0
2019-02-09,10,0,139,10.9,10.9,0.0,186.145964,0.0
2019-02-09,10,0,140,250.6,250.6,0.0,5731.387441,0.0
2019-02-09,10,0,141,85.07,85.07,0.0,1383.880956,0.0
2019-02-09,10,0,142,128.02,128.02,0.0,2082.572469,0.0
2019-02-09,10,0,143,116.84,116.84,0.0,1449.6181,0.0
2019-02-09,10,0,145,27.35,27.35,0.0,461.736537,0.0
2019-02-09,10,0,146,268.0,268.0,0.0,6129.336928,0.0
2019-02-09,10,0,152,1.17,1.17,0.0,20.825749,0.0
2019-02-09,10,0,153,1.42,1.42,0.0,25.411929,0.0
2019-02-09,10,0,154,11.51,11.51,0.0,196.563307,0.0
2019-02-09,10,0,157,209.94,209.94,0.0,3415.210625,0.0
2019-02-09,10,0,158,130.86,130.86,0.0,2128.772327,0.0
2019-02-09,10,0,159,0.0,0.0,0.0,0.0,0.0
2019-02-09,10,0,160,0.29,0.29,0.0,7.334042,0.0
2019-02-09,10,0,161,16.08,16.08,0.0,226.909892,0.0
2019-02-09,10,0,162,43.65,43.65,0.0,1177.232612,0.0
2019-02-09,10,0,163,25.29,25.29,0.0,578.398996,0.0
2019-02-09,10,0,164,9.9,9.9,0.0,122.827963,0.0
2019-02-09,10,0,167,1.2,1.2,0.0,32.35668,0.0
2019-02-09,10,0,168,0.6,0.6,0.0,16.17834,0.0
2019-02-09,10,0,169,0.0,0.0,0.0,0.0,0.0
2019-02-09,10,0,170,1.32,1.32,0.0,35.592348,0.0
2019-02-09,10,0,172,1.33,1.33,0.0,34.318978,0.0
2019-02-09,10,0,173,2.03,2.03,0.0,52.381598,0.0
2019-02-09,10,0,188,1.91,1.91,0.0,50.644241,0.0
2019-02-09,10,0,190,2.24,2.24,0.0,60.903629,0.0
2019-02-09,10,0,191,5.79,5.79,0.0,157.425005,0.0
2019-02-09,10,0,192,46.93,46.93,0.0,1275.985402,0.0
2019-02-09,10,0,194,23.71,23.71,0.0,207.857592,0.0
2019-02-09,10,0,196,1.44,1.44,0.0,36.832791,0.0
2019-02-09,10,0,198,1.01,1.01,0.0,8.428234,0.0
2019-02-09,10,0,199,16.52,16.52,0.0,218.692139,0.0
2019-02-09,10,0,200,2.57,2.57,0.0,34.021719,0.0
2019-02-09,10,0,204,90.1,90.1,0.0,1697.334025,0.0
2019-02-09,10,0,205,400.11,400.11,0.0,7517.117398,0.0
2019-02-09,10,0,206,279.08,279.08,0.0,4328.241447,0.0
2019-02-09,10,0,210,0.33,0.33,0.0,4.19898,0.0
2019-02-09,10,0,214,2.11,2.11,0.0,27.674716,0.0
2019-02-09,10,0,217,1.42,1.42,0.0,18.02023,0.0
2019-02-09,10,0,218,1.96,1.96,0.0,24.872993,0.0
2019-02-09,10,0,219,1.34,1.34,0.0,17.005006,0.0
2019-02-09,10,0,221,1.12,1.12,0.0,14.689897,0.0
2019-02-09,10,0,225,1.04,1.04,0.0,13.198799,0.0
2019-02-09,10,0,233,1.09,1.09,0.0,15.370385,0.0
2019-02-09,10,0,236,64.57,64.57,0.0,1078.306665,0.0
2019-02-09,10,0,237,81.66,81.66,0.0,1422.043557,0.0
2019-02-09,10,0,238,18.17,18.17,0.0,292.667934,0.0
2019-02-09,10,0,240,1.86,1.86,0.0,37.576798,0.0
2019-02-09,10,0,245,78.0,78.0,0.0,1209.447893,0.0
2019-02-09,10,0,247,109.34,109.34,0.0,1695.397854,0.0
2019-02-09,10,0,248,8.91,8.91,0.0,155.16052,0.0
2019-02-09,10,0,249,150.0,150.0,0.0,2325.861333,0.0
2019-02-09,10,0,251,263.91,263.91,0.0,4202.825897,0.0
2019-02-09,10,0,252,267.06,267.06,0.0,4223.883572,0.0
2019-02-09,10,0,254,2.15,2.15,0.0,48.917663,0.0
2019-02-09,10,0,255,0.98,0.98,0.0,22.297353,0.0
2019-02-09,10,0,258,2.29,2.29,0.0,46.892584,0.0
2019-02-09,10,0,260,0.71,0.71,0.0,17.955757,0.0
2019-02-09,10,0,265,11.91,11.91,0.0,203.394351,0.0
2019-02-09,10,0,266,7.06,7.06,0.0,120.567936,0.0
2019-02-09,10,0,267,8.68,8.68,0.0,148.233667,0.0
2019-02-09,10,0,270,78.94,78.94,0.0,1805.409915,0.0
2019-02-09,10,0,272,177.23,177.23,0.0,2022.036687,0.0
2019-02-09,10,0,273,7.15,7.15,0.0,163.52522,0.0
2019-02-09,10,0,274,101.76,101.76,0.0,2327.31838,0.0
2019-02-09,10,0,275,141.64,141.64,0.0,3239.400308,0.0
2019-02-09,10,0,276,1.52,1.52,0.0,32.522416,0.0
2019-02-09,10,0,277,1.72,1.72,0.0,20.390421,0.0
2019-02-09,10,0,278,2.75,2.75,0.0,32.600964,0.0
2019-02-09,10,0,279,68.5,68.5,0.0,812.060383,0.0
2019-02-09,10,0,281,37.18,37.18,0.0,461.287239,0.0
2019-02-09,10,0,282,86.38,86.38,0.0,1071.704994,0.0
2019-02-09,11,0,9,1.31,1.31,0.0,5.521578,0.0
2019-02-09,11,0,17,11.2,11.2,0.0,132.694517,0.0
2019-02-09,11,0,19,192.99,192.99,0.0,2286.492401,0.0
2019-02-09,11,0,20,234.06,234.06,0.0,2773.078457,0.0
2019-02-09,11,0,21,30.06,30.06,0.0,126.701237,0.0
2019-02-09,11,0,22,106.84,106.84,0.0,450.32469,0.0
2019-02-09,11,0,23,47.8,47.8,0.0,201.474356,0.0
2019-02-09,11,0,24,84.54,84.54,0.0,356.331423,0.0
2019-02-09,11,0,29,1.85,1.85,0.0,15.291421,0.0
2019-02-09,11,0,30,257.14,257.14,0.0,1072.517578,0.0
2019-02-09,11,0,31,116.98,116.98,0.0,487.917501,0.0
2019-02-09,11,0,32,1.61,1.61,0.0,38.333321,0.0
2019-02-09,11,0,33,0.61,0.61,0.0,8.186892,0.0
2019-02-09,11,0,34,0.97,0.97,0.0,13.018501,0.0
2019-02-09,11,0,35,0.97,0.97,0.0,13.018501,0.0
2019-02-09,11,0,36,2.61,2.61,0.0,23.975999,0.0
2019-02-09,11,0,37,1.21,1.21,0.0,11.032318,0.0
2019-02-09,11,0,38,1.56,1.56,0.0,14.223484,0.0
2019-02-09,11,0,39,1.04,1.04,0.0,9.482323,0.0
2019-02-09,11,0,40,1.04,1.04,0.0,9.482323,0.0
2019-02-09,11,0,41,9.58,9.58,0.0,62.850142,0.0
2019-02-09,11,0,42,22.43,22.43,0.0,258.094488,0.0
2019-02-09,11,0,43,7.32,7.32,0.0,68.202731,0.0
2019-02-09,11,0,46,6.41,6.41,0.0,55.200959,0.0
2019-02-09,11,0,52,124.36,124.36,0.0,518.699098,0.0
2019-02-09,11,0,53,202.54,202.54,0.0,844.783815,0.0
2019-02-09,11,0,55,389.28,389.28,0.0,1640.793666,0.0
2019-02-09,11,0,56,75.85,75.85,0.0,316.366408,0.0
2019-02-09,11,0,57,72.15,72.15,0.0,300.933901,0.0
2019-02-09,11,0,58,138.74,138.74,0.0,578.67733,0.0
2019-02-09,11,0,59,136.43,136.43,0.0,569.04244,0.0
2019-02-09,11,0,63,14.82,14.82,0.0,441.759577,0.0
2019-02-09,11,0,64,17.43,17.43,0.0,519.559341,0.0
2019-02-09,11,0,65,36.49,36.49,0.0,430.011616,0.0
2019-02-09,11,0,67,158.23,158.23,0.0,-3354.763526,0.0
2019-02-09,11,0,68,13.6,13.6,0.0,-133.119551,0.0
2019-02-09,11,0,69,0.61,0.61,0.0,8.186892,0.0
2019-02-09,11,0,74,45.44,45.44,0.0,455.587278,0.0
2019-02-09,11,0,77,38.11,38.11,0.0,-0.104613,0.0
2019-02-09,11,0,78,28.81,28.81,0.0,-0.079085,0.0
2019-02-09,11,0,79,16.67,16.67,0.0,-0.04576,0.0
2019-02-09,11,0,80,26.96,26.96,0.0,-0.074006,0.0
2019-02-09,11,0,81,35.25,35.25,0.0,-0.096763,0.0
2019-02-09,11,0,82,24.86,24.86,0.0,-0.068242,0.0
2019-02-09,11,0,83,55.45,55.45,0.0,-0.152212,0.0
2019-02-09,11,0,84,0.0,0.0,0.0,0.0,0.0
2019-02-09,11,0,86,3.08,3.08,0.0,41.337095,0.0
2019-02-09,11,0,87,15.74,15.74,0.0,211.248659,0.0
2019-02-09,11,0,88,29.72,29.72,0.0,-0.081583,0.0
2019-02-09,11,0,89,28.57,28.57,0.0,-0.078426,0.0
2019-02-09,11,0,90,38.36,38.36,0.0,-0.1053,0.0
2019-02-09,11,0,91,136.83,136.83,0.0,-0.375604,0.0
2019-02-09,11,0,92,49.21,49.21,0.0,-0.135083,0.0
2019-02-09,11,0,95,42.02,42.02,0.0,1010.458202,0.0
2019-02-09,11,0,96,21.79,21.79,0.0,89.883036,0.0
2019-02-09,11,0,97,160.11,160.11,0.0,660.4485,0.0
2019-02-09,11,0,99,9.75,9.75,0.0,97.754753,0.0
2019-02-09,11,0,101,5.18,5.18,0.0,21.605511,0.0
2019-02-09,11,0,102,32.2,32.2,0.0,-315.180112,0.0
2019-02-09,11,0,103,28.0,28.0,0.0,-274.069663,0.0
2019-02-09,11,0,104,5.2,5.2,0.0,-50.898652,0.0
2019-02-09,11,0,106,105.17,105.17,0.0,443.285732,0.0
2019-02-09,11,0,109,27.51,27.51,0.0,219.456328,0.0
2019-02-09,11,0,110,338.6,338.6,0.0,-19013.722518,0.0
2019-02-09,11,0,111,4.41,4.41,0.0,28.932059,0.0
2019-02-09,11,0,113,40.39,40.39,0.0,56.197294,0.0
2019-02-09,11,0,115,40.39,40.39,0.0,56.197294,0.0
2019-02-09,11,0,116,47.31,47.31,0.0,-2656.642683,0.0
2019-02-09,11,0,117,2.72,2.72,0.0,3.784517,0.0
2019-02-09,11,0,119,17.43,17.43,0.0,519.559341,0.0
2019-02-09,11,0,120,10.25,10.25,0.0,305.53547,0.0
2019-02-09,11,0,123,1.75,1.75,0.0,7.376153,0.0
2019-02-09,11,0,125,76.51,76.51,0.0,322.485418,0.0
2019-02-09,11,0,126,78.88,78.88,0.0,332.474837,0.0
2019-02-09,11,0,127,101.23,101.23,0.0,426.67885,0.0
2019-02-09,11,0,128,109.55,109.55,0.0,461.74719,0.0
2019-02-09,11,0,131,15.93,15.93,0.0,-107.367838,0.0
2019-02-09,11,0,132,23.41,23.41,0.0,-157.782868,0.0
2019-02-09,11,0,133,41.94,41.94,0.0,497.14392,0.0
2019-02-09,11,0,134,0.0,0.0,0.0,0.0,0.0
2019-02-09,11,0,135,56.2,56.2,0.0,666.177595,0.0
2019-02-09,11,0,136,45.9,45.9,0.0,540.74288,0.0
2019-02-09,11,0,139,12.37,12.37,0.0,81.154098,0.0
2019-02-09,11,0,140,250.6,250.6,0.0,-14072.176205,0.0
2019-02-09,11,0,141,144.99,144.99,0.0,-3074.051467,0.0
2019-02-09,11,0,142,208.67,208.67,0.0,-4424.183183,0.0
2019-02-09,11,0,143,165.66,165.66,0.0,690.959252,0.0
2019-02-09,11,0,145,47.85,47.85,0.0,267.233964,0.0
2019-02-09,11,0,146,268.0,268.0,0.0,-15049.254681,0.0
2019-02-09,11,0,152,1.93,1.93,0.0,19.366444,0.0
2019-02-09,11,0,153,2.35,2.35,0.0,23.387706,0.0
2019-02-09,11,0,154,18.2,18.2,0.0,119.402148,0.0
2019-02-09,11,0,157,250.0,250.0,0.0,-5300.454285,0.0
2019-02-09,11,0,158,223.39,223.39,0.0,-4736.273931,0.0
2019-02-09,11,0,159,0.0,0.0,0.0,0.0,0.0
2019-02-09,11,0,160,0.47,0.47,0.0,4.720717,0.0
2019-02-09,11,0,161,25.69,25.69,0.0,-251.458916,0.0
2019-02-09,11,0,162,52.15,52.15,0.0,1257.403184,0.0
2019-02-09,11,0,163,53.27,53.27,0.0,-2991.320137,0.0
2019-02-09,11,0,164,16.43,16.43,0.0,68.528676,0.0
2019-02-09,11,0,167,1.88,1.88,0.0,44.890689,0.0
2019-02-09,11,0,168,0.94,0.94,0.0,22.445344,0.0
2019-02-09,11,0,169,0.0,0.0,0.0,0.0,0.0
2019-02-09,11,0,170,2.06,2.06,0.0,49.188733,0.0
2019-02-09,11,0,172,2.09,2.09,0.0,46.254078,0.0
2019-02-09,11,0,173,3.19,3.19,0.0,70.59833,0.0
2019-02-09,11,0,188,3.04,3.04,0.0,69.182969,0.0
2019-02-09,11,0,190,3.52,3.52,0.0,104.925352,0.0
2019-02-09,11,0,191,9.11,9.11,0.0,271.553964,0.0
2019-02-09,11,0,192,64.56,64.56,0.0,1924.426338,0.0
2019-02-09,11,0,194,22.59,22.59,0.0,252.734738,0.0
2019-02-09,11,0,196,2.28,2.28,0.0,95.228035,0.0
2019-02-09,11,0,198,1.65,1.65,0.0,18.031188,0.0
2019-02-09,11,0,199,15.81,15.81,0.0,199.99449,0.0
2019-02-09,11,0,200,4.13,4.13,0.0,52.243975,0.0
2019-02-09,11,0,204,70.48,70.48,0.0,548.295269,0.0
2019-02-09,11,0,205,179.88,179.88,0.0,1434.96199,0.0
2019-02-09,11,0,206,611.99,611.99,0.0,2524.438683,0.0
2019-02-09,11,0,210,0.5,0.5,0.0,4.375098,0.0
2019-02-09,11,0,214,3.34,3.34,0.0,47.93928,0.0
2019-02-09,11,0,217,2.23,2.23,0.0,26.573149,0.0
2019-02-09,11,0,218,3.08,3.08,0.0,36.701928,0.0
2019-02-09,11,0,219,2.1,2.1,0.0,25.024042,0.0
2019-02-09,11,0,221,1.78,1.78,0.0,25.548478,0.0
2019-02-09,11,0,225,1.61,1.61,0.0,13.232328,0.0
2019-02-09,11,0,233,1.74,1.74,0.0,23.352774,0.0
2019-02-09,11,0,236,59.79,59.79,0.0,656.315448,0.0
2019-02-09,11,0,237,101.3,101.3,0.0,1015.646815,0.0
2019-02-09,11,0,238,29.2,29.2,0.0,335.994608,0.0
2019-02-09,11,0,240,2.96,2.96,0.0,27.191171,0.0
2019-02-09,11,0,245,78.0,78.0,0.0,942.294863,0.0
2019-02-09,11,0,247,141.88,141.88,0.0,1714.010194,0.0
2019-02-09,11,0,248,12.06,12.06,0.0,120.915109,0.0
2019-02-09,11,0,249,150.0,150.0,0.0,1812.105505,0.0
2019-02-09,11,0,251,184.52,184.52,0.0,2155.257947,0.0
2019-02-09,11,0,252,235.38,235.38,0.0,2773.804718,0.0
2019-02-09,11,0,254,3.56,3.56,0.0,33.818876,0.0
2019-02-09,11,0,255,1.63,1.63,0.0,15.484485,0.0
2019-02-09,11,0,258,3.62,3.62,0.0,33.33072,0.0
2019-02-09,11,0,260,1.14,1.14,0.0,11.45025,0.0
2019-02-09,11,0,265,18.84,18.84,0.0,123.600905,0.0
2019-02-09,11,0,266,8.01,8.01,0.0,52.550066,0.0
2019-02-09,11,0,267,9.84,9.84,0.0,64.555887,0.0
2019-02-09,11,0,270,180.2,180.2,0.0,-10118.939155,0.0
2019-02-09,11,0,272,134.88,134.88,0.0,187.667519,0.0
2019-02-09,11,0,273,11.31,11.31,0.0,-635.101009,0.0
2019-02-09,11,0,274,235.33,235.33,0.0,-13214.705612,0.0
2019-02-09,11,0,275,332.04,332.04,0.0,-18645.352702,0.0
2019-02-09,11,0,276,2.41,2.41,0.0,-116.523175,0.0
2019-02-09,11,0,277,2.74,2.74,0.0,2.280899,0.0
2019-02-09,11,0,278,4.39,4.39,0.0,3.654432,0.0
2019-02-09,11,0,279,100.44,100.44,0.0,83.610747,0.0
2019-02-09,11,0,281,51.01,51.01,0.0,212.760059,0.0
2019-02-09,11,0,282,141.05,141.05,0.0,588.31222,0.0
2019-02-09,12,0,9,1.83,1.83,0.0,-9.830337,0.0
2019-02-09,12,0,17,14.42,14.42,0.0,200.611305,0.0
2019-02-09,12,0,19,192.99,192.99,0.0,2684.880432,0.0
2019-02-09,12,0,20,234.06,234.06,0.0,3256.247028,0.0
2019-02-09,12,0,21,41.76,41.76,0.0,-224.325073,0.0
2019-02-09,12,0,22,148.4,148.4,0.0,-797.170519,0.0
2019-02-09,12,0,23,46.17,46.17,0.0,-248.014575,0.0
2019-02-09,12,0,24,77.3,77.3,0.0,-415.237744,0.0
2019-02-09,12,0,29,2.36,2.36,0.0,13.375356,0.0
2019-02-09,12,0,30,357.62,357.62,0.0,-1961.003805,0.0
2019-02-09,12,0,31,125.0,125.0,0.0,-685.43559,0.0
2019-02-09,12,0,32,2.15,2.15,0.0,78.981104,0.0
2019-02-09,12,0,33,0.83,0.83,0.0,14.822052,0.0
2019-02-09,12,0,34,1.32,1.32,0.0,23.57242,0.0
2019-02-09,12,0,35,1.32,1.32,0.0,23.57242,0.0
2019-02-09,12,0,36,3.64,3.64,0.0,26.452627,0.0
2019-02-09,12,0,37,1.67,1.67,0.0,11.85703,0.0
2019-02-09,12,0,38,2.15,2.15,0.0,15.265038,0.0
2019-02-09,12,0,39,1.43,1.43,0.0,10.153026,0.0
2019-02-09,12,0,40,1.43,1.43,0.0,10.153026,0.0
2019-02-09,12,0,41,11.06,11.06,0.0,6.377489,0.0
2019-02-09,12,0,42,29.65,29.65,0.0,387.130884,0.0
2019-02-09,12,0,43,10.29,10.29,0.0,78.501723,0.0
2019-02-09,12,0,46,8.7,8.7,0.0,50.642313,0.0
2019-02-09,12,0,52,132.5,132.5,0.0,-726.561725,0.0
2019-02-09,12,0,53,210.5,210.5,0.0,-1154.273533,0.0
2019-02-09,12,0,55,623.0,623.0,0.0,-3346.612086,0.0
2019-02-09,12,0,56,105.49,105.49,0.0,-578.452803,0.0
2019-02-09,12,0,57,100.34,100.34,0.0,-550.212857,0.0
2019-02-09,12,0,58,192.96,192.96,0.0,-1058.093211,0.0
2019-02-09,12,0,59,189.74,189.74,0.0,-1040.43639,0.0
2019-02-09,12,0,63,14.3,14.3,0.0,661.912975,0.0
2019-02-09,12,0,64,16.82,16.82,0.0,778.557779,0.0
2019-02-09,12,0,65,30.32,30.32,0.0,416.994934,0.0
2019-02-09,12,0,67,219.86,219.86,0.0,-13671.182995,0.0
2019-02-09,12,0,68,22.0,22.0,0.0,-823.201416,0.0
2019-02-09,12,0,69,0.83,0.83,0.0,14.822052,0.0
2019-02-09,12,0,74,69.55,69.55,0.0,649.549877,0.0
2019-02-09,12,0,77,55.36,55.36,0.0,-890.350458,0.0
2019-02-09,12,0,78,41.85,41.85,0.0,-673.070207,0.0
2019-02-09,12,0,79,24.22,24.22,0.0,-389.528326,0.0
2019-02-09,12,0,80,39.17,39.17,0.0,-629.967982,0.0
2019-02-09,12,0,81,51.21,51.21,0.0,-823.60634,0.0
2019-02-09,12,0,82,36.12,36.12,0.0,-580.915075,0.0
2019-02-09,12,0,83,80.55,80.55,0.0,-1295.479216,0.0
2019-02-09,12,0,84,0.0,0.0,0.0,0.0,0.0
2019-02-09,12,0,86,4.19,4.19,0.0,74.824576,0.0
2019-02-09,12,0,87,21.41,21.41,0.0,382.337514,0.0
2019-02-09,12,0,88,39.88,39.88,0.0,-641.386855,0.0
2019-02-09,12,0,89,38.34,38.34,0.0,-616.619158,0.0
2019-02-09,12,0,90,51.48,51.48,0.0,-827.948728,0.0
2019-02-09,12,0,91,183.62,183.62,0.0,-2953.145794,0.0
2019-02-09,12,0,92,66.04,66.04,0.0,-1062.116045,0.0
2019-02-09,12,0,95,37.58,37.58,0.0,842.909502,0.0
2019-02-09,12,0,96,26.43,26.43,0.0,-148.014307,0.0
2019-02-09,12,0,97,162.54,162.54,0.0,-910.262788,0.0
2019-02-09,12,0,99,13.42,13.42,0.0,125.333707,0.0
2019-02-09,12,0,101,7.2,7.2,0.0,-39.48109,0.0
2019-02-09,12,0,102,52.09,52.09,0.0,-1949.116444,0.0
2019-02-09,12,0,103,45.29,45.29,0.0,-1694.67237,0.0
2019-02-09,12,0,104,8.41,8.41,0.0,-314.68745,0.0
2019-02-09,12,0,106,146.09,146.09,0.0,-784.761733,0.0
2019-02-09,12,0,109,16.97,16.97,0.0,71.063048,0.0
2019-02-09,12,0,110,338.6,338.6,0.0,-46731.435134,0.0
2019-02-09,12,0,111,6.13,6.13,0.0,3.53472,0.0
2019-02-09,12,0,113,28.96,28.96,0.0,-388.127213,0.0
2019-02-09,12,0,115,28.96,28.96,0.0,-388.127213,0.0
2019-02-09,12,0,116,63.29,63.29,0.0,-8734.886384,0.0
2019-02-09,12,0,117,1.93,1.93,0.0,-25.866213,0.0
2019-02-09,12,0,119,16.82,16.82,0.0,778.557779,0.0
2019-02-09,12,0,120,9.89,9.89,0.0,457.784568,0.0
2019-02-09,12,0,123,2.43,2.43,0.0,-13.053399,0.0
2019-02-09,12,0,125,70.73,70.73,0.0,-379.945221,0.0
2019-02-09,12,0,126,109.56,109.56,0.0,-588.531012,0.0
2019-02-09,12,0,127,140.61,140.61,0.0,-755.324439,0.0
2019-02-09,12,0,128,96.96,96.96,0.0,-520.846722,0.0
2019-02-09,12,0,131,24.38,24.38,0.0,-751.020886,0.0
2019-02-09,12,0,132,35.84,35.84,0.0,-1104.04383,0.0
2019-02-09,12,0,133,41.94,41.94,0.0,584.097877,0.0
2019-02-09,12,0,134,0.0,0.0,0.0,0.0,0.0
2019-02-09,12,0,135,56.2,56.2,0.0,782.696726,0.0
2019-02-09,12,0,136,45.9,45.9,0.0,630.868349,0.0
2019-02-09,12,0,139,14.29,14.29,0.0,8.239992,0.0
2019-02-09,12,0,140,250.6,250.6,0.0,-34586.230492,0.0
2019-02-09,12,0,141,230.0,230.0,0.0,-14301.701486,0.0
2019-02-09,12,0,142,289.94,289.94,0.0,-18028.849256,0.0
2019-02-09,12,0,143,228.26,228.26,0.0,-1251.660222,0.0
2019-02-09,12,0,145,26.5,26.5,0.0,-50.119938,0.0
2019-02-09,12,0,146,268.0,268.0,0.0,-36987.668682,0.0
2019-02-09,12,0,152,2.69,2.69,0.0,25.19789,0.0
2019-02-09,12,0,153,3.27,3.27,0.0,29.957279,0.0
2019-02-09,12,0,154,25.28,25.28,0.0,14.577117,0.0
2019-02-09,12,0,157,250.0,250.0,0.0,-15545.327703,0.0
2019-02-09,12,0,158,317.49,317.49,0.0,-19741.944369,0.0
2019-02-09,12,0,159,0.0,0.0,0.0,0.0,0.0
2019-02-09,12,0,160,0.66,0.66,0.0,6.287079,0.0
2019-02-09,12,0,161,35.73,35.73,0.0,-1336.953937,0.0
2019-02-09,12,0,162,33.24,33.24,0.0,750.067603,0.0
2019-02-09,12,0,163,85.57,85.57,0.0,-11809.831377,0.0
2019-02-09,12,0,164,23.39,23.39,0.0,-128.258708,0.0
2019-02-09,12,0,167,2.48,2.48,0.0,53.398476,0.0
2019-02-09,12,0,168,1.24,1.24,0.0,26.699238,0.0
2019-02-09,12,0,169,0.0,0.0,0.0,0.0,0.0
2019-02-09,12,0,170,2.71,2.71,0.0,58.350754,0.0
2019-02-09,12,0,172,2.78,2.78,0.0,75.918569,0.0
2019-02-09,12,0,173,4.24,4.24,0.0,115.789473,0.0
2019-02-09,12,0,188,4.06,4.06,0.0,125.142695,0.0
2019-02-09,12,0,190,4.73,4.73,0.0,218.940446,0.0
2019-02-09,12,0,191,12.23,12.23,0.0,566.097601,0.0
2019-02-09,12,0,192,93.62,93.62,0.0,4333.447045,0.0
2019-02-09,12,0,194,21.84,21.84,0.0,164.48927,0.0
2019-02-09,12,0,196,3.08,3.08,0.0,223.31987,0.0
2019-02-09,12,0,198,2.2,2.2,0.0,26.195678,0.0
2019-02-09,12,0,199,20.7,20.7,0.0,313.098457,0.0
2019-02-09,12,0,200,5.52,5.52,0.0,83.492922,0.0
2019-02-09,12,0,204,56.59,56.59,0.0,208.733239,0.0
2019-02-09,12,0,205,89.76,89.76,0.0,375.876204,0.0
2019-02-09,12,0,206,477.61,477.61,0.0,-2674.729976,0.0
2019-02-09,12,0,210,0.63,0.63,0.0,4.324853,0.0
2019-02-09,12,0,214,4.3,4.3,0.0,86.838107,0.0
2019-02-09,12,0,217,2.81,2.81,0.0,40.461506,0.0
2019-02-09,12,0,218,3.88,3.88,0.0,55.868556,0.0
2019-02-09,12,0,219,2.64,2.64,0.0,38.013657,0.0
2019-02-09,12,0,221,2.29,2.29,0.0,46.246341,0.0
2019-02-09,12,0,225,1.99,1.99,0.0,11.04827,0.0
2019-02-09,12,0,233,2.37,2.37,0.0,42.323209,0.0
2019-02-09,12,0,236,57.92,57.92,0.0,679.3481,0.0
2019-02-09,12,0,237,166.85,166.85,0.0,1558.265951,0.0
2019-02-09,12,0,238,38.6,38.6,0.0,503.988268,0.0
2019-02-09,12,0,240,4.12,4.12,0.0,29.940886,0.0
2019-02-09,12,0,245,78.0,78.0,0.0,1130.710915,0.0
2019-02-09,12,0,247,171.72,171.72,0.0,2489.303568,0.0
2019-02-09,12,0,248,16.75,16.75,0.0,156.433651,0.0
2019-02-09,12,0,249,150.0,150.0,0.0,2174.444067,0.0
2019-02-09,12,0,251,123.11,123.11,0.0,1661.032674,0.0
2019-02-09,12,0,252,195.61,195.61,0.0,2690.249967,0.0
2019-02-09,12,0,254,4.87,4.87,0.0,39.471076,0.0
2019-02-09,12,0,255,2.23,2.23,0.0,18.074024,0.0
2019-02-09,12,0,258,5.08,5.08,0.0,37.214187,0.0
2019-02-09,12,0,260,1.59,1.59,0.0,15.146145,0.0
2019-02-09,12,0,265,26.17,26.17,0.0,15.090315,0.0
2019-02-09,12,0,266,9.25,9.25,0.0,5.333795,0.0
2019-02-09,12,0,267,11.37,11.37,0.0,6.556243,0.0
2019-02-09,12,0,270,267.23,267.23,0.0,-36881.398142,0.0
2019-02-09,12,0,272,96.79,96.79,0.0,-1297.19727,0.0
2019-02-09,12,0,273,15.13,15.13,0.0,-2088.147116,0.0
2019-02-09,12,0,274,344.5,344.5,0.0,-47545.715899,0.0
2019-02-09,12,0,275,479.54,479.54,0.0,-66183.084477,0.0
2019-02-09,12,0,276,3.27,3.27,0.0,-395.937877,0.0
2019-02-09,12,0,277,3.65,3.65,0.0,-52.840808,0.0
2019-02-09,12,0,278,5.84,5.84,0.0,-84.545292,0.0
2019-02-09,12,0,279,144.98,144.98,0.0,-2098.865839,0.0
2019-02-09,12,0,281,56.1,56.1,0.0,-307.623493,0.0
2019-02-09,12,0,282,196.18,196.18,0.0,-1075.750032,0.0
2019-02-09,13,0,9,2.04,2.04,0.0,0.577545,0.0
2019-02-09,13,0,17,14.52,14.52,0.0,157.394129,0.0
2019-02-09,13,0,19,192.99,192.99,0.0,2091.976094,0.0
2019-02-09,13,0,20,234.06,234.06,0.0,2537.167339,0.0
2019-02-09,13,0,21,46.57,46.57,0.0,13.18445,0.0
2019-02-09,13,0,22,165.49,165.49,0.0,46.851937,0.0
2019-02-09,13,0,23,90.35,90.35,0.0,25.579023,0.0
2019-02-09,13,0,24,157.79,157.79,0.0,44.671987,0.0
2019-02-09,13,0,29,2.21,2.21,0.0,15.913033,0.0
2019-02-09,13,0,30,408.78,408.78,0.0,90.48116,0.0
2019-02-09,13,0,31,125.0,125.0,0.0,27.668049,0.0
2019-02-09,13,0,32,1.73,1.73,0.0,38.717394,0.0
2019-02-09,13,0,33,0.82,0.82,0.0,10.633923,0.0
2019-02-09,13,0,34,1.31,1.31,0.0,16.98834,0.0
2019-02-09,13,0,35,1.31,1.31,0.0,16.98834,0.0
2019-02-09,13,0,36,4.26,4.26,0.0,31.04816,0.0
2019-02-09,13,0,37,1.95,1.95,0.0,14.046615,0.0
2019-02-09,13,0,38,2.51,2.51,0.0,18.080514,0.0
2019-02-09,13,0,39,1.67,1.67,0.0,12.029665,0.0
2019-02-09,13,0,40,1.67,1.67,0.0,12.029665,0.0
2019-02-09,13,0,41,12.84,12.84,0.0,45.758355,0.0
2019-02-09,13,0,42,34.57,34.57,0.0,358.783268,0.0
2019-02-09,13,0,43,11.8,11.8,0.0,88.729097,0.0
2019-02-09,13,0,46,8.96,8.96,0.0,58.260019,0.0
2019-02-09,13,0,52,132.5,132.5,0.0,29.328132,0.0
2019-02-09,13,0,53,210.5,210.5,0.0,46.592994,0.0
2019-02-09,13,0,55,623.0,623.0,0.0,176.377766,0.0
2019-02-09,13,0,56,120.58,120.58,0.0,26.689707,0.0
2019-02-09,13,0,57,114.69,114.69,0.0,25.385988,0.0
2019-02-09,13,0,58,220.56,220.56,0.0,48.819719,0.0
2019-02-09,13,0,59,216.89,216.89,0.0,48.007385,0.0
2019-02-09,13,0,63,14.71,14.71,0.0,438.48066,0.0
2019-02-09,13,0,64,17.3,17.3,0.0,515.684257,0.0
2019-02-09,13,0,65,24.96,24.96,0.0,268.422663,0.0
2019-02-09,13,0,67,233.48,233.48,0.0,-7361.207756,0.0
2019-02-09,13,0,68,33.63,33.63,0.0,-592.515613,0.0
2019-02-09,13,0,69,0.82,0.82,0.0,10.633923,0.0
2019-02-09,13,0,74,75.93,75.93,0.0,635.421253,0.0
2019-02-09,13,0,77,60.0,60.0,0.0,-338.442454,0.0
2019-02-09,13,0,78,45.36,45.36,0.0,-255.862495,0.0
2019-02-09,13,0,79,26.25,26.25,0.0,-148.068573,0.0
2019-02-09,13,0,80,42.45,42.45,0.0,-239.448036,0.0
2019-02-09,13,0,81,55.5,55.5,0.0,-313.059269,0.0
2019-02-09,13,0,82,39.15,39.15,0.0,-220.833701,0.0
2019-02-09,13,0,83,87.3,87.3,0.0,-492.43377,0.0
2019-02-09,13,0,84,0.0,0.0,0.0,0.0,0.0
2019-02-09,13,0,86,4.16,4.16,0.0,53.947706,0.0
2019-02-09,13,0,87,21.23,21.23,0.0,275.314858,0.0
2019-02-09,13,0,88,51.18,51.18,0.0,-288.691413,0.0
2019-02-09,13,0,89,49.2,49.2,0.0,-277.522812,0.0
2019-02-09,13,0,90,66.06,66.06,0.0,-372.625141,0.0
2019-02-09,13,0,91,235.65,235.65,0.0,-1329.232736,0.0
2019-02-09,13,0,92,84.75,84.75,0.0,-478.049966,0.0
2019-02-09,13,0,95,26.23,26.23,0.0,594.293069,0.0
2019-02-09,13,0,96,29.88,29.88,0.0,4.68497,0.0
2019-02-09,13,0,97,183.75,183.75,0.0,28.810687,0.0
2019-02-09,13,0,99,14.65,14.65,0.0,122.598727,0.0
2019-02-09,13,0,101,8.23,8.23,0.0,1.821664,0.0
2019-02-09,13,0,102,79.63,79.63,0.0,-1402.974078,0.0
2019-02-09,13,0,103,69.24,69.24,0.0,-1219.916176,0.0
2019-02-09,13,0,104,12.86,12.86,0.0,-226.575997,0.0
2019-02-09,13,0,106,162.91,162.91,0.0,46.121512,0.0
2019-02-09,13,0,109,15.24,15.24,0.0,84.959061,0.0
2019-02-09,13,0,110,338.6,338.6,0.0,-25098.281636,0.0
2019-02-09,13,0,111,8.26,8.26,0.0,29.436449,0.0
2019-02-09,13,0,113,38.08,38.08,0.0,-156.680149,0.0
2019-02-09,13,0,115,38.08,38.08,0.0,-156.680149,0.0
2019-02-09,13,0,116,64.08,64.08,0.0,-4749.846093,0.0
2019-02-09,13,0,117,2.54,2.54,0.0,-10.450829,0.0
2019-02-09,13,0,119,17.3,17.3,0.0,515.684257,0.0
2019-02-09,13,0,120,10.17,10.17,0.0,303.150803,0.0
2019-02-09,13,0,123,2.72,2.72,0.0,0.77006,0.0
2019-02-09,13,0,125,143.27,143.27,0.0,40.561224,0.0
2019-02-09,13,0,126,122.18,122.18,0.0,34.590426,0.0
2019-02-09,13,0,127,156.8,156.8,0.0,44.391707,0.0
2019-02-09,13,0,128,202.25,202.25,0.0,57.259074,0.0
2019-02-09,13,0,131,30.0,30.0,0.0,-417.115471,0.0
2019-02-09,13,0,132,44.1,44.1,0.0,-613.159743,0.0
2019-02-09,13,0,133,41.94,41.94,0.0,454.960529,0.0
2019-02-09,13,0,134,0.0,0.0,0.0,0.0,0.0
2019-02-09,13,0,135,56.2,56.2,0.0,609.651449,0.0
2019-02-09,13,0,136,45.9,45.9,0.0,493.397836,0.0
2019-02-09,13,0,139,16.58,16.58,0.0,59.086723,0.0
2019-02-09,13,0,140,250.6,250.6,0.0,-18575.396864,0.0
2019-02-09,13,0,141,230.0,230.0,0.0,-7251.489566,0.0
2019-02-09,13,0,142,307.9,307.9,0.0,-9707.537554,0.0
2019-02-09,13,0,143,238.5,238.5,0.0,52.790637,0.0
2019-02-09,13,0,145,46.62,46.62,0.0,103.012881,0.0
2019-02-09,13,0,146,268.0,268.0,0.0,-19865.14908,0.0
2019-02-09,13,0,152,2.94,2.94,0.0,24.670567,0.0
2019-02-09,13,0,153,3.64,3.64,0.0,30.140759,0.0
2019-02-09,13,0,154,34.06,34.06,0.0,121.380807,0.0
2019-02-09,13,0,157,250.0,250.0,0.0,-7882.053876,0.0
2019-02-09,13,0,158,386.57,386.57,0.0,-12187.862268,0.0
2019-02-09,13,0,159,0.0,0.0,0.0,0.0,0.0
2019-02-09,13,0,160,0.81,0.81,0.0,6.985329,0.0
2019-02-09,13,0,161,38.5,38.5,0.0,-678.318498,0.0
2019-02-09,13,0,162,19.59,19.59,0.0,445.43498,0.0
2019-02-09,13,0,163,67.15,67.15,0.0,-4977.405824,0.0
2019-02-09,13,0,164,28.64,28.64,0.0,6.339303,0.0
2019-02-09,13,0,167,2.16,2.16,0.0,48.48975,0.0
2019-02-09,13,0,168,1.08,1.08,0.0,24.244875,0.0
2019-02-09,13,0,169,0.0,0.0,0.0,0.0,0.0
2019-02-09,13,0,170,2.36,2.36,0.0,52.979542,0.0
2019-02-09,13,0,172,2.45,2.45,0.0,48.963237,0.0
2019-02-09,13,0,173,3.74,3.74,0.0,74.74388,0.0
2019-02-09,13,0,188,3.38,3.38,0.0,71.114596,0.0
2019-02-09,13,0,190,5.09,5.09,0.0,151.724443,0.0
2019-02-09,13,0,191,13.15,13.15,0.0,391.979652,0.0
2019-02-09,13,0,192,137.99,137.99,0.0,4113.252638,0.0
2019-02-09,13,0,194,21.3,21.3,0.0,163.225227,0.0
2019-02-09,13,0,196,2.9,2.9,0.0,128.782288,0.0
2019-02-09,13,0,198,2.92,2.92,0.0,29.457394,0.0
2019-02-09,13,0,199,9.06,9.06,0.0,110.238878,0.0
2019-02-09,13,0,200,5.37,5.37,0.0,65.340262,0.0
2019-02-09,13,0,204,47.93,47.93,0.0,254.149318,0.0
2019-02-09,13,0,205,80.62,80.62,0.0,449.435664,0.0
2019-02-09,13,0,206,539.94,539.94,0.0,84.658734,0.0
2019-02-09,13,0,210,0.63,0.63,0.0,4.930848,0.0
2019-02-09,13,0,214,4.01,4.01,0.0,57.056673,0.0
2019-02-09,13,0,217,2.57,2.57,0.0,29.419486,0.0
2019-02-09,13,0,218,3.55,3.55,0.0,40.637811,0.0
2019-02-09,13,0,219,2.42,2.42,0.0,27.702395,0.0
2019-02-09,13,0,221,2.14,2.14,0.0,30.449197,0.0
2019-02-09,13,0,225,1.98,1.98,0.0,14.137172,0.0
2019-02-09,13,0,233,2.35,2.35,0.0,30.475267,0.0
2019-02-09,13,0,236,118.69,118.69,0.0,1146.912372,0.0
2019-02-09,13,0,237,182.14,182.14,0.0,1524.241103,0.0
2019-02-09,13,0,238,44.99,44.99,0.0,466.926793,0.0
2019-02-09,13,0,240,4.83,4.83,0.0,35.202491,0.0
2019-02-09,13,0,245,78.0,78.0,0.0,870.087722,0.0
2019-02-09,13,0,247,171.72,171.72,0.0,1915.531585,0.0
2019-02-09,13,0,248,18.28,18.28,0.0,152.976432,0.0
2019-02-09,13,0,249,150.0,150.0,0.0,1673.24562,0.0
2019-02-09,13,0,251,77.62,77.62,0.0,823.812353,0.0
2019-02-09,13,0,252,161.01,161.01,0.0,1731.519751,0.0
2019-02-09,13,0,254,5.38,5.38,0.0,41.945493,0.0
2019-02-09,13,0,255,2.47,2.47,0.0,19.257503,0.0
2019-02-09,13,0,258,5.87,5.87,0.0,43.001432,0.0
2019-02-09,13,0,260,1.98,1.98,0.0,17.075248,0.0
2019-02-09,13,0,265,35.26,35.26,0.0,125.657289,0.0
2019-02-09,13,0,266,10.74,10.74,0.0,38.274512,0.0
2019-02-09,13,0,267,13.19,13.19,0.0,47.005662,0.0
2019-02-09,13,0,270,208.94,208.94,0.0,-15487.403913,0.0
2019-02-09,13,0,272,127.26,127.26,0.0,-523.611234,0.0
2019-02-09,13,0,273,15.32,15.32,0.0,-1135.57494,0.0
2019-02-09,13,0,274,269.23,269.23,0.0,-19956.32122,0.0
2019-02-09,13,0,275,374.6,374.6,0.0,-27766.734498,0.0
2019-02-09,13,0,276,3.2,3.2,0.0,-206.761664,0.0
2019-02-09,13,0,277,3.69,3.69,0.0,-17.440346,0.0
2019-02-09,13,0,278,5.9,5.9,0.0,-27.885648,0.0
2019-02-09,13,0,279,291.69,291.69,0.0,-1378.638094,0.0
2019-02-09,13,0,281,56.1,56.1,0.0,12.41742,0.0
2019-02-09,13,0,282,224.24,224.24,0.0,49.634266,0.0
2019-02-09,14,0,9,2.15,2.15,0.0,4.985092,0.0
2019-02-09,14,0,17,15.08,15.08,0.0,147.814591,0.0
2019-02-09,14,0,19,192.99,192.99,0.0,1891.693502,0.0
2019-02-09,14,0,20,234.06,234.06,0.0,2294.262817,0.0
2019-02-09,14,0,21,49.18,49.18,0.0,114.031074,0.0
2019-02-09,14,0,22,174.79,174.79,0.0,405.276361,0.0
2019-02-09,14,0,23,42.61,42.61,0.0,98.797561,0.0
2019-02-09,14,0,24,73.27,73.27,0.0,169.887288,0.0
2019-02-09,14,0,29,2.2,2.2,0.0,16.198234,0.0
2019-02-09,14,0,30,441.04,441.04,0.0,1003.262377,0.0
2019-02-09,14,0,31,125.0,125.0,0.0,284.345631,0.0
2019-02-09,14,0,32,1.75,1.75,0.0,88.513503,0.0
2019-02-09,14,0,33,0.84,0.84,0.0,9.496768,0.0
2019-02-09,14,0,34,1.35,1.35,0.0,15.262664,0.0
2019-02-09,14,0,35,1.35,1.35,0.0,15.262664,0.0
2019-02-09,14,0,36,4.4,4.4,0.0,32.112552,0.0
2019-02-09,14,0,37,2.01,2.01,0.0,14.550757,0.0
2019-02-09,14,0,38,2.59,2.59,0.0,18.749483,0.0
2019-02-09,14,0,39,1.72,1.72,0.0,12.451394,0.0
2019-02-09,14,0,40,1.72,1.72,0.0,12.451394,0.0
2019-02-09,14,0,41,10.69,10.69,0.0,49.688182,0.0
2019-02-09,14,0,42,36.6,36.6,0.0,346.82491,0.0
2019-02-09,14,0,43,12.0,12.0,0.0,89.609561,0.0
2019-02-09,14,0,46,9.23,9.23,0.0,62.228632,0.0
2019-02-09,14,0,52,132.5,132.5,0.0,301.406369,0.0
2019-02-09,14,0,53,210.5,210.5,0.0,478.838043,0.0
2019-02-09,14,0,55,623.0,623.0,0.0,1444.517267,0.0
2019-02-09,14,0,56,130.09,130.09,0.0,295.924185,0.0
2019-02-09,14,0,57,123.75,123.75,0.0,281.502175,0.0
2019-02-09,14,0,58,237.97,237.97,0.0,541.325839,0.0
2019-02-09,14,0,59,234.01,234.01,0.0,532.317769,0.0
2019-02-09,14,0,63,13.53,13.53,0.0,1611.708962,0.0
2019-02-09,14,0,64,15.92,15.92,0.0,1896.408475,0.0
2019-02-09,14,0,65,23.71,23.71,0.0,230.970531,0.0
2019-02-09,14,0,67,244.09,244.09,0.0,-135178.803079,0.0
2019-02-09,14,0,68,16.5,16.5,0.0,-6733.698711,0.0
2019-02-09,14,0,69,0.84,0.84,0.0,9.496768,0.0
2019-02-09,14,0,74,70.98,70.98,0.0,571.767323,0.0
2019-02-09,14,0,77,60.0,60.0,0.0,-17190.866579,0.0
2019-02-09,14,0,78,45.36,45.36,0.0,-12996.295134,0.0
2019-02-09,14,0,79,26.25,26.25,0.0,-7521.004128,0.0
2019-02-09,14,0,80,42.45,42.45,0.0,-12162.538105,0.0
2019-02-09,14,0,81,55.5,55.5,0.0,-15901.551586,0.0
2019-02-09,14,0,82,39.15,39.15,0.0,-11217.040443,0.0
2019-02-09,14,0,83,87.3,87.3,0.0,-25012.710873,0.0
2019-02-09,14,0,84,0.0,0.0,0.0,0.0,0.0
2019-02-09,14,0,86,4.26,4.26,0.0,48.162183,0.0
2019-02-09,14,0,87,21.77,21.77,0.0,246.124581,0.0
2019-02-09,14,0,88,43.08,43.08,0.0,-12343.042204,0.0
2019-02-09,14,0,89,41.41,41.41,0.0,-11864.563084,0.0
2019-02-09,14,0,90,55.61,55.61,0.0,-15933.068174,0.0
2019-02-09,14,0,91,198.35,198.35,0.0,-56830.139766,0.0
2019-02-09,14,0,92,71.34,71.34,0.0,-20439.940363,0.0
2019-02-09,14,0,95,29.06,29.06,0.0,651.808146,0.0
2019-02-09,14,0,96,31.39,31.39,0.0,69.96529,0.0
2019-02-09,14,0,97,210.51,210.51,0.0,469.206535,0.0
2019-02-09,14,0,99,13.7,13.7,0.0,110.358021,0.0
2019-02-09,14,0,101,8.88,8.88,0.0,20.199914,0.0
2019-02-09,14,0,102,38.97,38.97,0.0,-15903.772046,0.0
2019-02-09,14,0,103,33.9,33.9,0.0,-13834.690079,0.0
2019-02-09,14,0,104,6.35,6.35,0.0,-2591.453746,0.0
2019-02-09,14,0,106,172.06,172.06,0.0,398.946454,0.0
2019-02-09,14,0,109,13.78,13.78,0.0,83.770826,0.0
2019-02-09,14,0,110,338.6,338.6,0.0,-338600.0,0.0
2019-02-09,14,0,111,8.86,8.86,0.0,41.18216,0.0
2019-02-09,14,0,113,30.15,30.15,0.0,-7772.002041,0.0
2019-02-09,14,0,115,30.15,30.15,0.0,-7772.002041,0.0
2019-02-09,14,0,116,65.69,65.69,0.0,-65690.0,0.0
2019-02-09,14,0,117,2.01,2.01,0.0,-518.133469,0.0
2019-02-09,14,0,119,15.92,15.92,0.0,1896.408475,0.0
2019-02-09,14,0,120,9.36,9.36,0.0,1114.973827,0.0
2019-02-09,14,0,123,2.87,2.87,0.0,6.654518,0.0
2019-02-09,14,0,125,66.79,66.79,0.0,154.862453,0.0
2019-02-09,14,0,126,129.05,129.05,0.0,299.221434,0.0
2019-02-09,14,0,127,165.61,165.61,0.0,383.991179,0.0
2019-02-09,14,0,128,92.7,92.7,0.0,214.938605,0.0
2019-02-09,14,0,131,30.0,30.0,0.0,-11075.694942,0.0
2019-02-09,14,0,132,44.1,44.1,0.0,-16281.271565,0.0
2019-02-09,14,0,133,41.94,41.94,0.0,411.336324,0.0
2019-02-09,14,0,134,0.0,0.0,0.0,0.0,0.0
2019-02-09,14,0,135,56.2,56.2,0.0,551.194598,0.0
2019-02-09,14,0,136,45.9,45.9,0.0,446.981442,0.0
2019-02-09,14,0,139,13.8,13.8,0.0,64.143771,0.0
2019-02-09,14,0,140,250.6,250.6,0.0,-250600.0,0.0
2019-02-09,14,0,141,230.0,230.0,0.0,-127375.659421,0.0
2019-02-09,14,0,142,321.89,321.89,0.0,-178265.004396,0.0
2019-02-09,14,0,143,238.5,238.5,0.0,542.531464,0.0
2019-02-09,14,0,145,24.81,24.81,0.0,91.492231,0.0
2019-02-09,14,0,146,268.0,268.0,0.0,-268000.0,0.0
2019-02-09,14,0,152,3.1,3.1,0.0,25.02547,0.0
2019-02-09,14,0,153,3.85,3.85,0.0,30.778444,0.0
2019-02-09,14,0,154,36.55,36.55,0.0,169.88803,0.0
2019-02-09,14,0,157,250.0,250.0,0.0,-138451.803719,0.0
2019-02-09,14,0,158,413.89,413.89,0.0,-229215.268165,0.0
2019-02-09,14,0,159,0.0,0.0,0.0,0.0,0.0
2019-02-09,14,0,160,0.83,0.83,0.0,6.856628,0.0
2019-02-09,14,0,161,40.23,40.23,0.0,-16417.981766,0.0
2019-02-09,14,0,162,25.81,25.81,0.0,599.283783,0.0
2019-02-09,14,0,163,75.38,75.38,0.0,-75380.0,0.0
2019-02-09,14,0,164,30.74,30.74,0.0,69.926278,0.0
2019-02-09,14,0,167,2.22,2.22,0.0,42.523788,0.0
2019-02-09,14,0,168,1.11,1.11,0.0,21.261894,0.0
2019-02-09,14,0,169,0.0,0.0,0.0,0.0,0.0
2019-02-09,14,0,170,2.43,2.43,0.0,46.546308,0.0
2019-02-09,14,0,172,2.52,2.52,0.0,51.566183,0.0
2019-02-09,14,0,173,3.83,3.83,0.0,78.372413,0.0
2019-02-09,14,0,188,3.42,3.42,0.0,102.591635,0.0
2019-02-09,14,0,190,5.16,5.16,0.0,167.326195,0.0
2019-02-09,14,0,191,13.33,13.33,0.0,432.259336,0.0
2019-02-09,14,0,192,129.54,129.54,0.0,4200.665749,0.0
2019-02-09,14,0,194,17.68,17.68,0.0,-2165.97969,0.0
2019-02-09,14,0,196,2.95,2.95,0.0,805.735069,0.0
2019-02-09,14,0,198,3.03,3.03,0.0,28.254301,0.0
2019-02-09,14,0,199,19.35,19.35,0.0,-506.644488,0.0
2019-02-09,14,0,200,5.49,5.49,0.0,-143.745645,0.0
2019-02-09,14,0,204,46.08,46.08,0.0,271.242463,0.0
2019-02-09,14,0,205,72.9,72.9,0.0,443.170772,0.0
2019-02-09,14,0,206,745.19,745.19,0.0,1660.956808,0.0
2019-02-09,14,0,210,0.63,0.63,0.0,4.915315,0.0
2019-02-09,14,0,214,4.03,4.03,0.0,49.150232,0.0
2019-02-09,14,0,217,2.62,2.62,0.0,26.953197,0.0
2019-02-09,14,0,218,3.61,3.61,0.0,37.137803,0.0
2019-02-09,14,0,219,2.46,2.46,0.0,25.307201,0.0
2019-02-09,14,0,221,2.15,2.15,0.0,26.221588,0.0
2019-02-09,14,0,225,2.0,2.0,0.0,14.640827,0.0
2019-02-09,14,0,233,2.41,2.41,0.0,27.246681,0.0
2019-02-09,14,0,236,58.95,58.95,0.0,528.830087,0.0
2019-02-09,14,0,237,170.27,170.27,0.0,1371.581038,0.0
2019-02-09,14,0,238,47.64,47.64,0.0,451.440948,0.0
2019-02-09,14,0,240,4.99,4.99,0.0,36.418553,0.0
2019-02-09,14,0,245,78.0,78.0,0.0,781.924839,0.0
2019-02-09,14,0,247,171.72,171.72,0.0,1721.437607,0.0
2019-02-09,14,0,248,17.09,17.09,0.0,137.66559,0.0
2019-02-09,14,0,249,150.0,150.0,0.0,1503.701613,0.0
2019-02-09,14,0,251,75.91,75.91,0.0,731.929814,0.0
2019-02-09,14,0,252,152.92,152.92,0.0,1489.667379,0.0
2019-02-09,14,0,254,5.47,5.47,0.0,41.936242,0.0
2019-02-09,14,0,255,2.51,2.51,0.0,19.243139,0.0
2019-02-09,14,0,258,6.05,6.05,0.0,44.320045,0.0
2019-02-09,14,0,260,2.01,2.01,0.0,16.604604,0.0
2019-02-09,14,0,265,37.84,37.84,0.0,175.884078,0.0
2019-02-09,14,0,266,8.94,8.94,0.0,41.554008,0.0
2019-02-09,14,0,267,10.98,10.98,0.0,51.03613,0.0
2019-02-09,14,0,270,262.06,262.06,0.0,-262060.0,0.0
2019-02-09,14,0,272,100.77,100.77,0.0,-25976.273488,0.0
2019-02-09,14,0,273,15.71,15.71,0.0,-15710.0,0.0
2019-02-09,14,0,274,349.56,349.56,0.0,-349560.0,0.0
2019-02-09,14,0,275,508.4,508.4,0.0,-508400.0,0.0
2019-02-09,14,0,276,3.31,3.31,0.0,-2980.239825,0.0
2019-02-09,14,0,277,3.82,3.82,0.0,-1028.721459,0.0
2019-02-09,14,0,278,6.1,6.1,0.0,-1642.722748,0.0
2019-02-09,14,0,279,166.51,166.51,0.0,-44840.945046,0.0
2019-02-09,14,0,281,56.1,56.1,0.0,127.614319,0.0
2019-02-09,14,0,282,241.94,241.94,0.0,550.356656,0.0
2019-02-09,15,0,9,2.08,2.08,0.0,8.271828,0.0
2019-02-09,15,0,17,14.48,14.48,0.0,147.161639,0.0
2019-02-09,15,0,19,192.99,192.99,0.0,1961.376017,0.0
2019-02-09,15,0,20,234.06,234.06,0.0,2378.774396,0.0
2019-02-09,15,0,21,47.5,47.5,0.0,188.899912,0.0
2019-02-09,15,0,22,168.83,168.83,0.0,671.40994,0.0
2019-02-09,15,0,23,32.64,32.64,0.0,129.804066,0.0
2019-02-09,15,0,24,57.75,57.75,0.0,229.662525,0.0
2019-02-09,15,0,29,2.09,2.09,0.0,15.08528,0.0
2019-02-09,15,0,30,426.69,426.69,0.0,1681.675266,0.0
2019-02-09,15,0,31,125.0,125.0,0.0,492.651359,0.0
2019-02-09,15,0,32,1.69,1.69,0.0,37.215103,0.0
2019-02-09,15,0,33,0.82,0.82,0.0,9.380676,0.0
2019-02-09,15,0,34,1.32,1.32,0.0,15.1006,0.0
2019-02-09,15,0,35,1.32,1.32,0.0,15.1006,0.0
2019-02-09,15,0,36,4.31,4.31,0.0,34.487905,0.0
2019-02-09,15,0,37,1.96,1.96,0.0,15.574015,0.0
2019-02-09,15,0,38,2.52,2.52,0.0,20.023734,0.0
2019-02-09,15,0,39,1.68,1.68,0.0,13.349156,0.0
2019-02-09,15,0,40,1.68,1.68,0.0,13.349156,0.0
2019-02-09,15,0,41,15.01,15.01,0.0,88.210163,0.0
2019-02-09,15,0,42,35.43,35.43,0.0,350.273081,0.0
2019-02-09,15,0,43,11.74,11.74,0.0,95.170344,0.0
2019-02-09,15,0,46,8.94,8.94,0.0,67.371194,0.0
2019-02-09,15,0,52,132.5,132.5,0.0,522.21044,0.0
2019-02-09,15,0,53,210.5,210.5,0.0,829.624888,0.0
2019-02-09,15,0,55,623.0,623.0,0.0,2477.571478,0.0
2019-02-09,15,0,56,125.86,125.86,0.0,496.0408,0.0
2019-02-09,15,0,57,119.72,119.72,0.0,471.841765,0.0
2019-02-09,15,0,58,230.23,230.23,0.0,907.384979,0.0
2019-02-09,15,0,59,226.39,226.39,0.0,892.250729,0.0
2019-02-09,15,0,63,12.32,12.32,0.0,399.507504,0.0
2019-02-09,15,0,64,14.5,14.5,0.0,470.199578,0.0
2019-02-09,15,0,65,22.48,22.48,0.0,227.310702,0.0
2019-02-09,15,0,67,237.02,237.02,0.0,-13802.262044,0.0
2019-02-09,15,0,68,25.36,25.36,0.0,-972.946753,0.0
2019-02-09,15,0,69,0.82,0.82,0.0,9.380676,0.0
2019-02-09,15,0,74,66.39,66.39,0.0,576.609246,0.0
2019-02-09,15,0,77,54.9,54.9,0.0,-1185.613082,0.0
2019-02-09,15,0,78,41.51,41.51,0.0,-896.444427,0.0
2019-02-09,15,0,79,24.02,24.02,0.0,-518.732718,0.0
2019-02-09,15,0,80,38.84,38.84,0.0,-838.783463,0.0
2019-02-09,15,0,81,50.79,50.79,0.0,-1096.85407,0.0
2019-02-09,15,0,82,35.82,35.82,0.0,-773.563945,0.0
2019-02-09,15,0,83,79.88,79.88,0.0,-1725.077832,0.0
2019-02-09,15,0,84,0.0,0.0,0.0,0.0,0.0
2019-02-09,15,0,86,4.17,4.17,0.0,47.704169,0.0
2019-02-09,15,0,87,21.29,21.29,0.0,243.554379,0.0
2019-02-09,15,0,88,35.05,35.05,0.0,-756.935128,0.0
2019-02-09,15,0,89,33.7,33.7,0.0,-727.780708,0.0
2019-02-09,15,0,90,45.25,45.25,0.0,-977.212968,0.0
2019-02-09,15,0,91,161.4,161.4,0.0,-3485.572885,0.0
2019-02-09,15,0,92,58.05,58.05,0.0,-1253.640062,0.0
2019-02-09,15,0,95,32.27,32.27,0.0,723.807601,0.0
2019-02-09,15,0,96,27.61,27.61,0.0,107.78874,0.0
2019-02-09,15,0,97,169.8,169.8,0.0,662.894897,0.0
2019-02-09,15,0,99,12.81,12.81,0.0,111.257184,0.0
2019-02-09,15,0,101,8.6,8.6,0.0,33.894413,0.0
2019-02-09,15,0,102,60.04,60.04,0.0,-2303.459111,0.0
2019-02-09,15,0,103,52.21,52.21,0.0,-2003.057964,0.0
2019-02-09,15,0,104,9.7,9.7,0.0,-372.14446,0.0
2019-02-09,15,0,106,166.19,166.19,0.0,660.911082,0.0
2019-02-09,15,0,109,12.46,12.46,0.0,87.511392,0.0
2019-02-09,15,0,110,338.6,338.6,0.0,-40317.699639,0.0
2019-02-09,15,0,111,8.53,8.53,0.0,50.12876,0.0
2019-02-09,15,0,113,23.46,23.46,0.0,-429.40908,0.0
2019-02-09,15,0,115,23.46,23.46,0.0,-429.40908,0.0
2019-02-09,15,0,116,63.26,63.26,0.0,-7532.479856,0.0
2019-02-09,15,0,117,1.56,1.56,0.0,-28.554056,0.0
2019-02-09,15,0,119,14.5,14.5,0.0,470.199578,0.0
2019-02-09,15,0,120,8.52,8.52,0.0,276.282787,0.0
2019-02-09,15,0,123,2.77,2.77,0.0,11.015848,0.0
2019-02-09,15,0,125,52.26,52.26,0.0,207.829672,0.0
2019-02-09,15,0,126,124.65,124.65,0.0,495.713138,0.0
2019-02-09,15,0,127,159.96,159.96,0.0,636.135367,0.0
2019-02-09,15,0,128,74.85,74.85,0.0,297.666493,0.0
2019-02-09,15,0,131,66.08,66.08,0.0,-2184.573458,0.0
2019-02-09,15,0,132,97.25,97.25,0.0,-3215.038875,0.0
2019-02-09,15,0,133,41.94,41.94,0.0,426.443415,0.0
2019-02-09,15,0,134,0.0,0.0,0.0,0.0,0.0
2019-02-09,15,0,135,56.2,56.2,0.0,571.438244,0.0
2019-02-09,15,0,136,45.9,45.9,0.0,463.996844,0.0
2019-02-09,15,0,139,19.52,19.52,0.0,114.714349,0.0
2019-02-09,15,0,140,250.6,250.6,0.0,-29839.384316,0.0
2019-02-09,15,0,141,230.0,230.0,0.0,-13393.470045,0.0
2019-02-09,15,0,142,312.56,312.56,0.0,-18201.143466,0.0
2019-02-09,15,0,143,238.5,238.5,0.0,939.978792,0.0
2019-02-09,15,0,145,12.66,12.66,0.0,64.389914,0.0
2019-02-09,15,0,146,268.0,268.0,0.0,-31911.233028,0.0
2019-02-09,15,0,152,3.0,3.0,0.0,26.074635,0.0
2019-02-09,15,0,153,3.73,3.73,0.0,32.170596,0.0
2019-02-09,15,0,154,35.2,35.2,0.0,206.86194,0.0
2019-02-09,15,0,157,250.0,250.0,0.0,-14558.119614,0.0
2019-02-09,15,0,158,397.23,397.23,0.0,-23131.687417,0.0
2019-02-09,15,0,159,0.0,0.0,0.0,0.0,0.0
2019-02-09,15,0,160,0.79,0.79,0.0,6.866967,0.0
2019-02-09,15,0,161,38.69,38.69,0.0,-1484.357645,0.0
2019-02-09,15,0,162,33.6,33.6,0.0,757.354024,0.0
2019-02-09,15,0,163,73.42,73.42,0.0,-8742.248988,0.0
2019-02-09,15,0,164,29.03,29.03,0.0,114.413352,0.0
2019-02-09,15,0,167,2.11,2.11,0.0,46.705022,0.0
2019-02-09,15,0,168,1.06,1.06,0.0,23.463186,0.0
2019-02-09,15,0,169,0.0,0.0,0.0,0.0,0.0
2019-02-09,15,0,170,2.31,2.31,0.0,51.132038,0.0
2019-02-09,15,0,172,2.42,2.42,0.0,46.699476,0.0
2019-02-09,15,0,173,3.68,3.68,0.0,71.014079,0.0
2019-02-09,15,0,188,3.32,3.32,0.0,67.113547,0.0
2019-02-09,15,0,190,4.87,4.87,0.0,157.922203,0.0
2019-02-09,15,0,191,12.58,12.58,0.0,407.938669,0.0
2019-02-09,15,0,192,121.04,121.04,0.0,3925.031514,0.0
2019-02-09,15,0,194,14.55,14.55,0.0,-6.463302,0.0
2019-02-09,15,0,196,2.82,2.82,0.0,150.328025,0.0
2019-02-09,15,0,198,2.93,2.93,0.0,27.545033,0.0
2019-02-09,15,0,199,23.01,23.01,0.0,182.209953,0.0
2019-02-09,15,0,200,5.32,5.32,0.0,42.127638,0.0
2019-02-09,15,0,204,44.32,44.32,0.0,304.166261,0.0
2019-02-09,15,0,205,65.9,65.9,0.0,462.841151,0.0
2019-02-09,15,0,206,498.95,498.95,0.0,1947.888156,0.0
2019-02-09,15,0,210,0.6,0.6,0.0,4.567183,0.0
2019-02-09,15,0,214,3.94,3.94,0.0,48.052584,0.0
2019-02-09,15,0,217,2.52,2.52,0.0,25.709585,0.0
2019-02-09,15,0,218,3.48,3.48,0.0,35.503712,0.0
2019-02-09,15,0,219,2.37,2.37,0.0,24.179252,0.0
2019-02-09,15,0,221,2.1,2.1,0.0,25.611784,0.0
2019-02-09,15,0,225,1.87,1.87,0.0,13.426179,0.0
2019-02-09,15,0,233,2.36,2.36,0.0,26.998043,0.0
2019-02-09,15,0,236,67.12,67.12,0.0,634.7213,0.0
2019-02-09,15,0,237,159.26,159.26,0.0,1383.202117,0.0
2019-02-09,15,0,238,46.11,46.11,0.0,455.859208,0.0
2019-02-09,15,0,240,4.88,4.88,0.0,39.048951,0.0
2019-02-09,15,0,245,78.0,78.0,0.0,807.467575,0.0
2019-02-09,15,0,247,171.72,171.72,0.0,1777.670923,0.0
2019-02-09,15,0,248,15.99,15.99,0.0,138.876063,0.0
2019-02-09,15,0,249,150.0,150.0,0.0,1552.822259,0.0
2019-02-09,15,0,251,74.13,74.13,0.0,743.322149,0.0
2019-02-09,15,0,252,144.98,144.98,0.0,1465.992243,0.0
2019-02-09,15,0,254,5.43,5.43,0.0,44.816592,0.0
2019-02-09,15,0,255,2.49,2.49,0.0,20.551255,0.0
2019-02-09,15,0,258,5.88,5.88,0.0,47.150186,0.0
2019-02-09,15,0,260,1.92,1.92,0.0,16.689338,0.0
2019-02-09,15,0,265,36.45,36.45,0.0,214.20789,0.0
2019-02-09,15,0,266,12.48,12.48,0.0,73.341961,0.0
2019-02-09,15,0,267,15.44,15.44,0.0,90.737169,0.0
2019-02-09,15,0,270,239.65,239.65,0.0,-28535.548489,0.0
2019-02-09,15,0,272,78.39,78.39,0.0,-1434.841337,0.0
2019-02-09,15,0,273,15.13,15.13,0.0,-1801.555805,0.0
2019-02-09,15,0,274,315.65,315.65,0.0,-37585.002631,0.0
2019-02-09,15,0,275,453.07,453.07,0.0,-53947.844582,0.0
2019-02-09,15,0,276,3.21,3.21,0.0,-338.615313,0.0
2019-02-09,15,0,277,3.65,3.65,0.0,-71.626476,0.0
2019-02-09,15,0,278,5.85,5.85,0.0,-114.798598,0.0
2019-02-09,15,0,279,134.03,134.03,0.0,-2630.163439,0.0
2019-02-09,15,0,281,56.1,56.1,0.0,221.10193,0.0
2019-02-09,15,0,282,234.06,234.06,0.0,922.479816,0.0
2019-02-09,16,0,9,2.18,2.18,0.0,7.927053,0.0
2019-02-09,16,0,17,14.17,14.17,0.0,143.52182,0.0
2019-02-09,16,0,19,332.0,332.0,0.0,3362.684833,0.0
2019-02-09,16,0,20,419.03,419.03,0.0,4244.174173,0.0
2019-02-09,16,0,21,49.96,49.96,0.0,181.667692,0.0
2019-02-09,16,0,22,177.56,177.56,0.0,645.654832,0.0
2019-02-09,16,0,23,32.64,32.64,0.0,118.687619,0.0
2019-02-09,16,0,24,57.75,57.75,0.0,209.99418,0.0
2019-02-09,16,0,29,1.57,1.57,0.0,12.83592,0.0
2019-02-09,16,0,30,510.96,510.96,0.0,1838.474208,0.0
2019-02-09,16,0,31,125.0,125.0,0.0,449.759817,0.0
2019-02-09,16,0,32,1.29,1.29,0.0,28.041755,0.0
2019-02-09,16,0,33,0.81,0.81,0.0,9.255988,0.0
2019-02-09,16,0,34,1.3,1.3,0.0,14.85529,0.0
2019-02-09,16,0,35,1.3,1.3,0.0,14.85529,0.0
2019-02-09,16,0,36,4.36,4.36,0.0,34.760212,0.0
2019-02-09,16,0,37,1.98,1.98,0.0,15.686486,0.0
2019-02-09,16,0,38,2.54,2.54,0.0,20.123068,0.0
2019-02-09,16,0,39,1.7,1.7,0.0,13.468195,0.0
2019-02-09,16,0,40,1.7,1.7,0.0,13.468195,0.0
2019-02-09,16,0,41,17.06,17.06,0.0,96.58927,0.0
2019-02-09,16,0,42,33.13,33.13,0.0,326.233852,0.0
2019-02-09,16,0,43,12.15,12.15,0.0,98.724377,0.0
2019-02-09,16,0,46,9.68,9.68,0.0,72.512401,0.0
2019-02-09,16,0,52,132.5,132.5,0.0,476.745406,0.0
2019-02-09,16,0,53,210.5,210.5,0.0,757.395531,0.0
2019-02-09,16,0,55,623.0,623.0,0.0,2265.391757,0.0
2019-02-09,16,0,56,150.71,150.71,0.0,542.266416,0.0
2019-02-09,16,0,57,143.36,143.36,0.0,515.820539,0.0
2019-02-09,16,0,58,275.7,275.7,0.0,991.990252,0.0
2019-02-09,16,0,59,271.1,271.1,0.0,975.43909,0.0
2019-02-09,16,0,63,11.22,11.22,0.0,305.061926,0.0
2019-02-09,16,0,64,13.2,13.2,0.0,358.896384,0.0
2019-02-09,16,0,65,21.24,21.24,0.0,214.020174,0.0
2019-02-09,16,0,67,217.83,217.83,0.0,-4202.728927,0.0
2019-02-09,16,0,68,21.91,21.91,0.0,-195.303777,0.0
2019-02-09,16,0,69,0.81,0.81,0.0,9.255988,0.0
2019-02-09,16,0,74,38.29,38.29,0.0,330.028103,0.0
2019-02-09,16,0,77,45.57,45.57,0.0,-1.206353,0.0
2019-02-09,16,0,78,34.45,34.45,0.0,-0.911978,0.0
2019-02-09,16,0,79,19.94,19.94,0.0,-0.527862,0.0
2019-02-09,16,0,80,32.24,32.24,0.0,-0.853474,0.0
2019-02-09,16,0,81,42.15,42.15,0.0,-1.115817,0.0
2019-02-09,16,0,82,29.73,29.73,0.0,-0.787028,0.0
2019-02-09,16,0,83,66.3,66.3,0.0,-1.755128,0.0
2019-02-09,16,0,84,0.0,0.0,0.0,0.0,0.0
2019-02-09,16,0,86,4.13,4.13,0.0,47.194113,0.0
2019-02-09,16,0,87,21.06,21.06,0.0,240.655694,0.0
2019-02-09,16,0,88,28.02,28.02,0.0,-0.74176,0.0
2019-02-09,16,0,89,26.94,26.94,0.0,-0.71317,0.0
2019-02-09,16,0,90,36.17,36.17,0.0,-0.957511,0.0
2019-02-09,16,0,91,129.01,129.01,0.0,-3.41522,0.0
2019-02-09,16,0,92,46.4,46.4,0.0,-1.228325,0.0
2019-02-09,16,0,95,35.88,35.88,0.0,787.727547,0.0
2019-02-09,16,0,96,25.06,25.06,0.0,89.167794,0.0
2019-02-09,16,0,97,154.12,154.12,0.0,548.385494,0.0
2019-02-09,16,0,99,8.4,8.4,0.0,72.401046,0.0
2019-02-09,16,0,101,10.29,10.29,0.0,37.024228,0.0
2019-02-09,16,0,102,51.88,51.88,0.0,-462.453672,0.0
2019-02-09,16,0,103,45.11,45.11,0.0,-402.106499,0.0
2019-02-09,16,0,104,8.38,8.38,0.0,-74.698569,0.0
2019-02-09,16,0,106,174.8,174.8,0.0,635.618747,0.0
2019-02-09,16,0,109,11.2,11.2,0.0,77.388331,0.0
2019-02-09,16,0,110,338.6,338.6,0.0,-17295.547648,0.0
2019-02-09,16,0,111,12.82,12.82,0.0,72.583496,0.0
2019-02-09,16,0,113,17.78,17.78,0.0,22.748608,0.0
2019-02-09,16,0,115,17.78,17.78,0.0,22.748608,0.0
2019-02-09,16,0,116,55.96,55.96,0.0,-2858.413604,0.0
2019-02-09,16,0,117,1.19,1.19,0.0,1.522545,0.0
2019-02-09,16,0,119,13.2,13.2,0.0,358.896384,0.0
2019-02-09,16,0,120,7.76,7.76,0.0,210.987571,0.0
2019-02-09,16,0,123,2.91,2.91,0.0,10.581525,0.0
2019-02-09,16,0,125,52.26,52.26,0.0,190.031097,0.0
2019-02-09,16,0,126,131.1,131.1,0.0,476.71406,0.0
2019-02-09,16,0,127,168.24,168.24,0.0,611.764862,0.0
2019-02-09,16,0,128,74.85,74.85,0.0,272.174274,0.0
2019-02-09,16,0,131,23.18,23.18,0.0,-142.367157,0.0
2019-02-09,16,0,132,34.07,34.07,0.0,-209.251469,0.0
2019-02-09,16,0,133,50.5,50.5,0.0,511.741509,0.0
2019-02-09,16,0,134,0.0,0.0,0.0,0.0,0.0
2019-02-09,16,0,135,64.2,64.2,0.0,650.570394,0.0
2019-02-09,16,0,136,45.9,45.9,0.0,462.369463,0.0
2019-02-09,16,0,139,22.22,22.22,0.0,125.803844,0.0
2019-02-09,16,0,140,250.6,250.6,0.0,-12800.544125,0.0
2019-02-09,16,0,141,230.0,230.0,0.0,-4437.532264,0.0
2019-02-09,16,0,142,287.26,287.26,0.0,-5542.284862,0.0
2019-02-09,16,0,143,238.5,238.5,0.0,858.14173,0.0
2019-02-09,16,0,145,12.05,12.05,0.0,58.177096,0.0
2019-02-09,16,0,146,268.0,268.0,0.0,-13689.328912,0.0
2019-02-09,16,0,152,3.14,3.14,0.0,27.116037,0.0
2019-02-09,16,0,153,3.85,3.85,0.0,32.987066,0.0
2019-02-09,16,0,154,52.87,52.87,0.0,299.336149,0.0
2019-02-09,16,0,157,250.0,250.0,0.0,-4823.404635,0.0
2019-02-09,16,0,158,316.25,316.25,0.0,-6101.606863,0.0
2019-02-09,16,0,159,0.0,0.0,0.0,0.0,0.0
2019-02-09,16,0,160,0.8,0.8,0.0,7.060988,0.0
2019-02-09,16,0,161,36.6,36.6,0.0,-326.249121,0.0
2019-02-09,16,0,162,42.9,42.9,0.0,944.348161,0.0
2019-02-09,16,0,163,67.1,67.1,0.0,-3427.440187,0.0
2019-02-09,16,0,164,25.1,25.1,0.0,90.311771,0.0
2019-02-09,16,0,167,1.45,1.45,0.0,31.611185,0.0
2019-02-09,16,0,168,0.72,0.72,0.0,15.696588,0.0
2019-02-09,16,0,169,0.0,0.0,0.0,0.0,0.0
2019-02-09,16,0,170,1.58,1.58,0.0,34.445291,0.0
2019-02-09,16,0,172,1.88,1.88,0.0,38.028399,0.0
2019-02-09,16,0,173,2.87,2.87,0.0,58.053993,0.0
2019-02-09,16,0,188,2.63,2.63,0.0,54.66101,0.0
2019-02-09,16,0,190,4.44,4.44,0.0,120.719693,0.0
2019-02-09,16,0,191,11.46,11.46,0.0,311.587315,0.0
2019-02-09,16,0,192,113.57,113.57,0.0,3087.868358,0.0
2019-02-09,16,0,194,11.79,11.79,0.0,120.542225,0.0
2019-02-09,16,0,196,2.65,2.65,0.0,100.875225,0.0
2019-02-09,16,0,198,2.73,2.73,0.0,26.697288,0.0
2019-02-09,16,0,199,27.36,27.36,0.0,320.5405,0.0
2019-02-09,16,0,200,4.99,4.99,0.0,58.461151,0.0
2019-02-09,16,0,204,42.8,42.8,0.0,288.58192,0.0
2019-02-09,16,0,205,59.25,59.25,0.0,409.398088,0.0
2019-02-09,16,0,206,452.86,452.86,0.0,1611.353846,0.0
2019-02-09,16,0,210,0.49,0.49,0.0,4.190172,0.0
2019-02-09,16,0,214,3.29,3.29,0.0,40.125128,0.0
2019-02-09,16,0,217,1.95,1.95,0.0,20.696161,0.0
2019-02-09,16,0,218,2.7,2.7,0.0,28.656223,0.0
2019-02-09,16,0,219,1.84,1.84,0.0,19.528685,0.0
2019-02-09,16,0,221,1.76,1.76,0.0,21.465114,0.0
2019-02-09,16,0,225,1.44,1.44,0.0,11.720837,0.0
2019-02-09,16,0,233,2.33,2.33,0.0,26.62525,0.0
2019-02-09,16,0,236,60.8,60.8,0.0,572.180721,0.0
2019-02-09,16,0,237,87.58,87.58,0.0,754.867101,0.0
2019-02-09,16,0,238,43.12,43.12,0.0,424.606209,0.0
2019-02-09,16,0,240,4.94,4.94,0.0,39.384276,0.0
2019-02-09,16,0,245,78.0,78.0,0.0,805.026475,0.0
2019-02-09,16,0,247,171.72,171.72,0.0,1772.296748,0.0
2019-02-09,16,0,248,10.31,10.31,0.0,88.863665,0.0
2019-02-09,16,0,249,150.0,150.0,0.0,1548.127837,0.0
2019-02-09,16,0,251,72.08,72.08,0.0,720.110112,0.0
2019-02-09,16,0,252,137.04,137.04,0.0,1380.853325,0.0
2019-02-09,16,0,254,5.19,5.19,0.0,43.083807,0.0
2019-02-09,16,0,255,2.38,2.38,0.0,19.757122,0.0
2019-02-09,16,0,258,6.04,6.04,0.0,48.303247,0.0
2019-02-09,16,0,260,1.93,1.93,0.0,17.034633,0.0
2019-02-09,16,0,265,54.74,54.74,0.0,309.923601,0.0
2019-02-09,16,0,266,14.17,14.17,0.0,80.226844,0.0
2019-02-09,16,0,267,17.55,17.55,0.0,99.363522,0.0
2019-02-09,16,0,270,181.35,181.35,0.0,-9263.282829,0.0
2019-02-09,16,0,272,59.43,59.43,0.0,76.037671,0.0
2019-02-09,16,0,273,13.38,13.38,0.0,-683.444854,0.0
2019-02-09,16,0,274,226.32,226.32,0.0,-11560.331789,0.0
2019-02-09,16,0,275,303.42,303.42,0.0,-15498.56783,0.0
2019-02-09,16,0,276,2.99,2.99,0.0,-131.507526,0.0
2019-02-09,16,0,277,3.66,3.66,0.0,2.766536,0.0
2019-02-09,16,0,278,5.86,5.86,0.0,4.429481,0.0
2019-02-09,16,0,279,241.4,241.4,0.0,182.470436,0.0
2019-02-09,16,0,281,56.1,56.1,0.0,201.852206,0.0
2019-02-09,16,0,282,280.29,280.29,0.0,1008.505432,0.0
2019-02-09,17,0,9,1.6,1.6,0.0,3.593132,0.0
2019-02-09,17,0,17,10.4,10.4,0.0,114.669444,0.0
2019-02-09,17,0,19,284.63,284.63,0.0,3138.304206,0.0
2019-02-09,17,0,20,342.76,342.76,0.0,3779.24024,0.0
2019-02-09,17,0,21,36.49,36.49,0.0,81.945871,0.0
2019-02-09,17,0,22,129.68,129.68,0.0,291.223363,0.0
2019-02-09,17,0,23,47.2,47.2,0.0,105.997399,0.0
2019-02-09,17,0,24,83.96,83.96,0.0,188.549611,0.0
2019-02-09,17,0,29,1.1,1.1,0.0,7.912178,0.0
2019-02-09,17,0,30,371.08,371.08,0.0,814.48233,0.0
2019-02-09,17,0,31,125.0,125.0,0.0,274.362109,0.0
2019-02-09,17,0,32,0.88,0.88,0.0,23.248754,0.0
2019-02-09,17,0,33,0.59,0.59,0.0,7.566986,0.0
2019-02-09,17,0,34,0.94,0.94,0.0,12.055877,0.0
2019-02-09,17,0,35,0.94,0.94,0.0,12.055877,0.0
2019-02-09,17,0,36,3.11,3.11,0.0,24.857057,0.0
2019-02-09,17,0,37,1.42,1.42,0.0,11.240579,0.0
2019-02-09,17,0,38,1.83,1.83,0.0,14.486098,0.0
2019-02-09,17,0,39,1.22,1.22,0.0,9.657399,0.0
2019-02-09,17,0,40,1.22,1.22,0.0,9.657399,0.0
2019-02-09,17,0,41,7.77,7.77,0.0,38.476313,0.0
2019-02-09,17,0,42,24.07,24.07,0.0,256.004695,0.0
2019-02-09,17,0,43,8.69,8.69,0.0,70.861087,0.0
2019-02-09,17,0,46,6.93,6.93,0.0,50.821917,0.0
2019-02-09,17,0,52,132.5,132.5,0.0,290.823835,0.0
2019-02-09,17,0,53,210.5,210.5,0.0,462.025791,0.0
2019-02-09,17,0,55,623.0,623.0,0.0,1399.075843,0.0
2019-02-09,17,0,56,109.46,109.46,0.0,240.253411,0.0
2019-02-09,17,0,57,104.12,104.12,0.0,228.532662,0.0
2019-02-09,17,0,58,200.22,200.22,0.0,439.462251,0.0
2019-02-09,17,0,59,196.89,196.89,0.0,432.153245,0.0
2019-02-09,17,0,63,27.29,27.29,0.0,884.948034,0.0
2019-02-09,17,0,64,32.1,32.1,0.0,1040.924583,0.0
2019-02-09,17,0,65,22.69,22.69,0.0,248.533745,0.0
2019-02-09,17,0,67,158.43,158.43,0.0,-4376.18276,0.0
2019-02-09,17,0,68,10.93,10.93,0.0,-154.772791,0.0
2019-02-09,17,0,69,0.59,0.59,0.0,7.566986,0.0
2019-02-09,17,0,74,19.06,19.06,0.0,170.415346,0.0
2019-02-09,17,0,77,41.32,41.32,0.0,-108.497902,0.0
2019-02-09,17,0,78,31.24,31.24,0.0,-82.029876,0.0
2019-02-09,17,0,79,18.08,18.08,0.0,-47.474397,0.0
2019-02-09,17,0,80,29.23,29.23,0.0,-76.752025,0.0
2019-02-09,17,0,81,38.22,38.22,0.0,-100.357934,0.0
2019-02-09,17,0,82,26.96,26.96,0.0,-70.791468,0.0
2019-02-09,17,0,83,60.12,60.12,0.0,-157.862873,0.0
2019-02-09,17,0,84,0.0,0.0,0.0,0.0,0.0
2019-02-09,17,0,86,2.98,2.98,0.0,38.219694,0.0
2019-02-09,17,0,87,15.24,15.24,0.0,195.459108,0.0
2019-02-09,17,0,88,26.47,26.47,0.0,-69.504828,0.0
2019-02-09,17,0,89,25.45,25.45,0.0,-66.826515,0.0
2019-02-09,17,0,90,34.17,34.17,0.0,-89.723459,0.0
2019-02-09,17,0,91,121.88,121.88,0.0,-320.032051,0.0
2019-02-09,17,0,92,43.83,43.83,0.0,-115.088651,0.0
2019-02-09,17,0,95,33.07,33.07,0.0,741.75139,0.0
2019-02-09,17,0,96,24.16,24.16,0.0,51.745759,0.0
2019-02-09,17,0,97,148.59,148.59,0.0,318.249266,0.0
2019-02-09,17,0,99,3.88,3.88,0.0,34.691057,0.0
2019-02-09,17,0,101,7.48,7.48,0.0,16.417829,0.0
2019-02-09,17,0,102,25.85,25.85,0.0,-366.04544,0.0
2019-02-09,17,0,103,22.48,22.48,0.0,-318.325009,0.0
2019-02-09,17,0,104,4.19,4.19,0.0,-59.33193,0.0
2019-02-09,17,0,106,127.66,127.66,0.0,286.687034,0.0
2019-02-09,17,0,109,10.76,10.76,0.0,70.939841,0.0
2019-02-09,17,0,110,338.6,338.6,0.0,-23311.444478,0.0
2019-02-09,17,0,111,9.68,9.68,0.0,47.934454,0.0
2019-02-09,17,0,113,17.57,17.57,0.0,-16.846021,0.0
2019-02-09,17,0,115,17.57,17.57,0.0,-16.846021,0.0
2019-02-09,17,0,116,40.46,40.46,0.0,-2785.531729,0.0
2019-02-09,17,0,117,1.17,1.17,0.0,-1.12179,0.0
2019-02-09,17,0,119,32.1,32.1,0.0,1040.924583,0.0
2019-02-09,17,0,120,18.89,18.89,0.0,612.556554,0.0
2019-02-09,17,0,123,2.13,2.13,0.0,4.783357,0.0
2019-02-09,17,0,125,75.89,75.89,0.0,170.426751,0.0
2019-02-09,17,0,126,95.74,95.74,0.0,215.004047,0.0
2019-02-09,17,0,127,122.87,122.87,0.0,275.930095,0.0
2019-02-09,17,0,128,109.23,109.23,0.0,245.298643,0.0
2019-02-09,17,0,131,20.63,20.63,0.0,-217.958585,0.0
2019-02-09,17,0,132,30.33,30.33,0.0,-320.440324,0.0
2019-02-09,17,0,133,111.85,111.85,0.0,1234.011392,0.0
2019-02-09,17,0,134,0.0,0.0,0.0,0.0,0.0
2019-02-09,17,0,135,146.43,146.43,0.0,1615.523363,0.0
2019-02-09,17,0,136,42.22,42.22,0.0,462.286646,0.0
2019-02-09,17,0,139,10.03,10.03,0.0,49.667622,0.0
2019-02-09,17,0,140,250.6,250.6,0.0,-17252.94739,0.0
2019-02-09,17,0,141,230.0,230.0,0.0,-6353.102536,0.0
2019-02-09,17,0,142,208.93,208.93,0.0,-5771.103099,0.0
2019-02-09,17,0,143,238.5,238.5,0.0,523.482903,0.0
2019-02-09,17,0,145,11.96,11.96,0.0,45.788747,0.0
2019-02-09,17,0,146,268.0,268.0,0.0,-18450.877496,0.0
2019-02-09,17,0,152,2.28,2.28,0.0,20.412894,0.0
2019-02-09,17,0,153,2.78,2.78,0.0,24.628193,0.0
2019-02-09,17,0,154,39.91,39.91,0.0,197.630586,0.0
2019-02-09,17,0,157,250.0,250.0,0.0,-6905.546235,0.0
2019-02-09,17,0,158,235.29,235.29,0.0,-6499.223894,0.0
2019-02-09,17,0,159,0.0,0.0,0.0,0.0,0.0
2019-02-09,17,0,160,0.57,0.57,0.0,5.136871,0.0
2019-02-09,17,0,161,26.33,26.33,0.0,-372.842415,0.0
2019-02-09,17,0,162,42.94,42.94,0.0,966.271561,0.0
2019-02-09,17,0,163,77.77,77.77,0.0,-5354.196802,0.0
2019-02-09,17,0,164,18.44,18.44,0.0,40.473898,0.0
2019-02-09,17,0,167,0.99,0.99,0.0,21.857394,0.0
2019-02-09,17,0,168,0.5,0.5,0.0,11.039088,0.0
2019-02-09,17,0,169,0.0,0.0,0.0,0.0,0.0
2019-02-09,17,0,170,1.08,1.08,0.0,23.84443,0.0
2019-02-09,17,0,172,1.29,1.29,0.0,29.636155,0.0
2019-02-09,17,0,173,1.97,1.97,0.0,45.258314,0.0
2019-02-09,17,0,188,1.77,1.77,0.0,42.771404,0.0
2019-02-09,17,0,190,3.13,3.13,0.0,101.498254,0.0
2019-02-09,17,0,191,8.08,8.08,0.0,262.014662,0.0
2019-02-09,17,0,192,113.77,113.77,0.0,3689.283173,0.0
2019-02-09,17,0,194,14.35,14.35,0.0,152.353223,0.0
2019-02-09,17,0,196,1.92,1.92,0.0,89.468179,0.0
2019-02-09,17,0,198,1.93,1.93,0.0,19.457713,0.0
2019-02-09,17,0,199,22.74,22.74,0.0,278.26852,0.0
2019-02-09,17,0,200,3.5,3.5,0.0,42.829368,0.0
2019-02-09,17,0,204,41.85,41.85,0.0,266.400729,0.0
2019-02-09,17,0,205,56.92,56.92,0.0,375.269124,0.0
2019-02-09,17,0,206,436.61,436.61,0.0,935.128958,0.0
2019-02-09,17,0,210,0.35,0.35,0.0,2.709242,0.0
2019-02-09,17,0,214,2.31,2.31,0.0,32.088667,0.0
2019-02-09,17,0,217,1.36,1.36,0.0,15.254871,0.0
2019-02-09,17,0,218,1.87,1.87,0.0,20.975447,0.0
2019-02-09,17,0,219,1.28,1.28,0.0,14.357525,0.0
2019-02-09,17,0,221,1.23,1.23,0.0,17.086173,0.0
2019-02-09,17,0,225,1.02,1.02,0.0,7.282786,0.0
2019-02-09,17,0,233,1.69,1.69,0.0,21.674927,0.0
2019-02-09,17,0,236,39.37,39.37,0.0,394.893827,0.0
2019-02-09,17,0,237,47.11,47.11,0.0,421.210229,0.0
2019-02-09,17,0,238,31.33,31.33,0.0,333.220902,0.0
2019-02-09,17,0,240,3.53,3.53,0.0,28.213958,0.0
2019-02-09,17,0,245,78.0,78.0,0.0,880.804337,0.0
2019-02-09,17,0,247,160.43,160.43,0.0,1811.633843,0.0
2019-02-09,17,0,248,4.79,4.79,0.0,42.827361,0.0
2019-02-09,17,0,249,150.0,150.0,0.0,1693.854494,0.0
2019-02-09,17,0,251,89.36,89.36,0.0,968.169292,0.0
2019-02-09,17,0,252,146.4,146.4,0.0,1603.58485,0.0
2019-02-09,17,0,254,3.68,3.68,0.0,30.799981,0.0
2019-02-09,17,0,255,1.69,1.69,0.0,14.144557,0.0
2019-02-09,17,0,258,4.32,4.32,0.0,34.640953,0.0
2019-02-09,17,0,260,1.39,1.39,0.0,12.526757,0.0
2019-02-09,17,0,265,41.32,41.32,0.0,204.612774,0.0
2019-02-09,17,0,266,6.49,6.49,0.0,32.137873,0.0
2019-02-09,17,0,267,7.98,7.98,0.0,39.516213,0.0
2019-02-09,17,0,270,242.88,242.88,0.0,-16721.451964,0.0
2019-02-09,17,0,272,58.7,58.7,0.0,-56.281244,0.0
2019-02-09,17,0,273,9.67,9.67,0.0,-665.746214,0.0
2019-02-09,17,0,274,313.1,313.1,0.0,-21555.857254,0.0
2019-02-09,17,0,275,435.84,435.84,0.0,-30006.083761,0.0
2019-02-09,17,0,276,2.14,2.14,0.0,-127.633935,0.0
2019-02-09,17,0,277,2.68,2.68,0.0,-4.360688,0.0
2019-02-09,17,0,278,4.28,4.28,0.0,-6.964084,0.0
2019-02-09,17,0,279,100.92,100.92,0.0,-164.209201,0.0
2019-02-09,17,0,281,56.1,56.1,0.0,123.133714,0.0
2019-02-09,17,0,282,203.56,203.56,0.0,446.793207,0.0
2019-02-09,18,0,9,0.98,0.98,0.0,4.317563,0.0
2019-02-09,18,0,17,5.98,5.98,0.0,82.731031,0.0
2019-02-09,18,0,19,332.94,332.94,0.0,4606.098575,0.0
2019-02-09,18,0,20,405.43,405.43,0.0,5608.970221,0.0
2019-02-09,18,0,21,22.42,22.42,0.0,98.775275,0.0
2019-02-09,18,0,22,79.69,79.69,0.0,351.08839,0.0
2019-02-09,18,0,23,94.93,94.93,0.0,418.230905,0.0
2019-02-09,18,0,24,168.46,168.46,0.0,742.180326,0.0
2019-02-09,18,0,29,0.58,0.58,0.0,4.178844,0.0
2019-02-09,18,0,30,230.69,230.69,0.0,1004.16162,0.0
2019-02-09,18,0,31,92.34,92.34,0.0,401.943231,0.0
2019-02-09,18,0,32,0.47,0.47,0.0,12.088419,0.0
2019-02-09,18,0,33,0.34,0.34,0.0,5.391844,0.0
2019-02-09,18,0,34,0.54,0.54,0.0,8.563518,0.0
2019-02-09,18,0,35,0.54,0.54,0.0,8.563518,0.0
2019-02-09,18,0,36,1.8,1.8,0.0,18.593206,0.0
2019-02-09,18,0,37,0.82,0.82,0.0,8.387075,0.0
2019-02-09,18,0,38,1.06,1.06,0.0,10.841828,0.0
2019-02-09,18,0,39,0.71,0.71,0.0,7.261979,0.0
2019-02-09,18,0,40,0.71,0.71,0.0,7.261979,0.0
2019-02-09,18,0,41,8.47,8.47,0.0,61.340796,0.0
2019-02-09,18,0,42,14.59,14.59,0.0,195.446816,0.0
2019-02-09,18,0,43,4.98,4.98,0.0,51.832078,0.0
2019-02-09,18,0,46,3.99,3.99,0.0,38.326159,0.0
2019-02-09,18,0,52,97.89,97.89,0.0,426.101612,0.0
2019-02-09,18,0,53,155.55,155.55,0.0,677.087607,0.0
2019-02-09,18,0,55,460.54,460.54,0.0,2028.990426,0.0
2019-02-09,18,0,56,68.05,68.05,0.0,296.212225,0.0
2019-02-09,18,0,57,64.73,64.73,0.0,281.760725,0.0
2019-02-09,18,0,58,124.48,124.48,0.0,541.8442,0.0
2019-02-09,18,0,59,122.4,122.4,0.0,532.790248,0.0
2019-02-09,18,0,63,63.06,63.06,0.0,2044.881752,0.0
2019-02-09,18,0,64,74.18,74.18,0.0,2405.476187,0.0
2019-02-09,18,0,65,24.29,24.29,0.0,334.063553,0.0
2019-02-09,18,0,67,97.39,97.39,0.0,-2371.509772,0.0
2019-02-09,18,0,68,5.26,5.26,0.0,-61.038765,0.0
2019-02-09,18,0,69,0.34,0.34,0.0,5.391844,0.0
2019-02-09,18,0,74,7.1,7.1,0.0,81.676367,0.0
2019-02-09,18,0,77,37.64,37.64,0.0,-24.575142,0.0
2019-02-09,18,0,78,28.46,28.46,0.0,-18.581523,0.0
2019-02-09,18,0,79,16.47,16.47,0.0,-10.753257,0.0
2019-02-09,18,0,80,26.63,26.63,0.0,-17.386717,0.0
2019-02-09,18,0,81,34.82,34.82,0.0,-22.733965,0.0
2019-02-09,18,0,82,24.56,24.56,0.0,-16.035215,0.0
2019-02-09,18,0,83,54.77,54.77,0.0,-35.759313,0.0
2019-02-09,18,0,84,0.0,0.0,0.0,0.0,0.0
2019-02-09,18,0,86,1.7,1.7,0.0,26.959222,0.0
2019-02-09,18,0,87,8.68,8.68,0.0,137.650615,0.0
2019-02-09,18,0,88,25.17,25.17,0.0,-16.433484,0.0
2019-02-09,18,0,89,24.19,24.19,0.0,-15.793642,0.0
2019-02-09,18,0,90,32.48,32.48,0.0,-21.20618,0.0
2019-02-09,18,0,91,115.88,115.88,0.0,-75.658009,0.0
2019-02-09,18,0,92,41.67,41.67,0.0,-27.206328,0.0
2019-02-09,18,0,95,30.39,30.39,0.0,789.653693,0.0
2019-02-09,18,0,96,23.28,23.28,0.0,100.049624,0.0
2019-02-09,18,0,97,143.15,143.15,0.0,615.210637,0.0
2019-02-09,18,0,99,1.37,1.37,0.0,15.760088,0.0
2019-02-09,18,0,101,4.65,4.65,0.0,20.240806,0.0
2019-02-09,18,0,102,12.45,12.45,0.0,-144.473884,0.0
2019-02-09,18,0,103,10.82,10.82,0.0,-125.558829,0.0
2019-02-09,18,0,104,2.01,2.01,0.0,-23.324699,0.0
2019-02-09,18,0,106,78.45,78.45,0.0,345.62535,0.0
2019-02-09,18,0,109,10.86,10.86,0.0,96.718496,0.0
2019-02-09,18,0,110,338.6,338.6,0.0,-21461.802,0.0
2019-02-09,18,0,111,5.87,5.87,0.0,42.511272,0.0
2019-02-09,18,0,113,17.55,17.55,0.0,14.517783,0.0
2019-02-09,18,0,115,17.55,17.55,0.0,14.517783,0.0
2019-02-09,18,0,116,23.72,23.72,0.0,-1503.467051,0.0
2019-02-09,18,0,117,1.17,1.17,0.0,0.967852,0.0
2019-02-09,18,0,119,74.18,74.18,0.0,2405.476187,0.0
2019-02-09,18,0,120,43.62,43.62,0.0,1414.490041,0.0
2019-02-09,18,0,123,1.31,1.31,0.0,5.771437,0.0
2019-02-09,18,0,125,152.35,152.35,0.0,671.204871,0.0
2019-02-09,18,0,126,58.84,58.84,0.0,259.230027,0.0
2019-02-09,18,0,127,75.51,75.51,0.0,332.67266,0.0
2019-02-09,18,0,128,218.77,218.77,0.0,963.829929,0.0
2019-02-09,18,0,131,18.46,18.46,0.0,-151.375288,0.0
2019-02-09,18,0,132,27.13,27.13,0.0,-222.470832,0.0
2019-02-09,18,0,133,139.8,139.8,0.0,1935.153279,0.0
2019-02-09,18,0,134,0.0,0.0,0.0,0.0,0.0
2019-02-09,18,0,135,187.33,187.33,0.0,2593.077709,0.0
2019-02-09,18,0,136,38.87,38.87,0.0,534.410315,0.0
2019-02-09,18,0,139,10.94,10.94,0.0,79.228843,0.0
2019-02-09,18,0,140,250.6,250.6,0.0,-15884.015302,0.0
2019-02-09,18,0,141,230.0,230.0,0.0,-5600.649425,0.0
2019-02-09,18,0,142,128.43,128.43,0.0,-3127.353938,0.0
2019-02-09,18,0,143,176.17,176.17,0.0,766.843611,0.0
2019-02-09,18,0,145,11.99,11.99,0.0,72.473449,0.0
2019-02-09,18,0,146,268.0,268.0,0.0,-16986.895854,0.0
2019-02-09,18,0,152,1.34,1.34,0.0,15.403195,0.0
2019-02-09,18,0,153,1.62,1.62,0.0,18.449688,0.0
2019-02-09,18,0,154,24.21,24.21,0.0,175.331837,0.0
2019-02-09,18,0,157,250.0,250.0,0.0,-6087.662419,0.0
2019-02-09,18,0,158,146.0,146.0,0.0,-3555.194852,0.0
2019-02-09,18,0,159,0.0,0.0,0.0,0.0,0.0
2019-02-09,18,0,160,0.33,0.33,0.0,3.675999,0.0
2019-02-09,18,0,161,15.9,15.9,0.0,-184.508816,0.0
2019-02-09,18,0,162,42.95,42.95,0.0,1119.10165,0.0
2019-02-09,18,0,163,75.98,75.98,0.0,-4815.911742,0.0
2019-02-09,18,0,164,11.36,11.36,0.0,49.448507,0.0
2019-02-09,18,0,167,0.53,0.53,0.0,13.671403,0.0
2019-02-09,18,0,168,0.26,0.26,0.0,6.706726,0.0
2019-02-09,18,0,169,0.0,0.0,0.0,0.0,0.0
2019-02-09,18,0,170,0.58,0.58,0.0,14.961158,0.0
2019-02-09,18,0,172,0.69,0.69,0.0,16.430693,0.0
2019-02-09,18,0,173,1.06,1.06,0.0,25.241355,0.0
2019-02-09,18,0,188,0.96,0.96,0.0,23.558548,0.0
2019-02-09,18,0,190,1.78,1.78,0.0,57.721052,0.0
2019-02-09,18,0,191,4.6,4.6,0.0,149.166763,0.0
2019-02-09,18,0,192,122.72,122.72,0.0,3979.50981,0.0
2019-02-09,18,0,194,32.41,32.41,0.0,379.068082,0.0
2019-02-09,18,0,196,1.11,1.11,0.0,50.813983,0.0
2019-02-09,18,0,198,1.08,1.08,0.0,12.772032,0.0
2019-02-09,18,0,199,21.28,21.28,0.0,276.686906,0.0
2019-02-09,18,0,200,1.93,1.93,0.0,25.094254,0.0
2019-02-09,18,0,204,43.72,43.72,0.0,378.573387,0.0
2019-02-09,18,0,205,57.43,57.43,0.0,511.468069,0.0
2019-02-09,18,0,206,420.64,420.64,0.0,1807.769488,0.0
2019-02-09,18,0,210,0.18,0.18,0.0,1.417881,0.0
2019-02-09,18,0,214,1.26,1.26,0.0,21.492427,0.0
2019-02-09,18,0,217,0.73,0.73,0.0,9.533479,0.0
2019-02-09,18,0,218,1.01,1.01,0.0,13.190156,0.0
2019-02-09,18,0,219,0.68,0.68,0.0,8.880501,0.0
2019-02-09,18,0,221,0.67,0.67,0.0,11.428513,0.0
2019-02-09,18,0,225,0.54,0.54,0.0,3.855592,0.0
2019-02-09,18,0,233,0.96,0.96,0.0,15.224031,0.0
2019-02-09,18,0,236,23.75,23.75,0.0,301.929834,0.0
2019-02-09,18,0,237,17.04,17.04,0.0,196.023281,0.0
2019-02-09,18,0,238,18.99,18.99,0.0,254.388968,0.0
2019-02-09,18,0,240,2.04,2.04,0.0,21.0723,0.0
2019-02-09,18,0,245,78.0,78.0,0.0,1102.473952,0.0
2019-02-09,18,0,247,134.83,134.83,0.0,1905.725166,0.0
2019-02-09,18,0,248,1.71,1.71,0.0,19.67135,0.0
2019-02-09,18,0,249,150.0,150.0,0.0,2120.142216,0.0
2019-02-09,18,0,251,109.13,109.13,0.0,1486.278444,0.0
2019-02-09,18,0,252,156.69,156.69,0.0,2154.978106,0.0
2019-02-09,18,0,254,2.09,2.09,0.0,22.136376,0.0
2019-02-09,18,0,255,0.96,0.96,0.0,10.167905,0.0
2019-02-09,18,0,258,2.5,2.5,0.0,25.855589,0.0
2019-02-09,18,0,260,0.79,0.79,0.0,8.800118,0.0
2019-02-09,18,0,265,25.07,25.07,0.0,181.560064,0.0
2019-02-09,18,0,266,7.09,7.09,0.0,51.346664,0.0
2019-02-09,18,0,267,8.71,8.71,0.0,63.078905,0.0
2019-02-09,18,0,270,237.28,237.28,0.0,-15039.741224,0.0
2019-02-09,18,0,272,58.66,58.66,0.0,48.524967,0.0
2019-02-09,18,0,273,5.67,5.67,0.0,-359.386938,0.0
2019-02-09,18,0,274,305.89,305.89,0.0,-19388.513331,0.0
2019-02-09,18,0,275,425.8,425.8,0.0,-26988.881546,0.0
2019-02-09,18,0,276,1.26,1.26,0.0,-68.882474,0.0
2019-02-09,18,0,277,1.58,1.58,0.0,0.369433,0.0
2019-02-09,18,0,278,2.53,2.53,0.0,0.591561,0.0
2019-02-09,18,0,279,97.46,97.46,0.0,22.787964,0.0
2019-02-09,18,0,281,41.41,41.41,0.0,180.251995,0.0
2019-02-09,18,0,282,126.55,126.55,0.0,550.854623,0.0
2019-02-09,19,0,9,0.25,0.25,0.0,3.453597,0.0
2019-02-09,19,0,17,0.62,0.62,0.0,4.617999,0.0
2019-02-09,19,0,19,615.51,615.51,0.0,4584.555947,0.0
2019-02-09,19,0,20,748.14,748.14,0.0,5572.435356,0.0
2019-02-09,19,0,21,5.62,5.62,0.0,77.636864,0.0
2019-02-09,19,0,22,19.97,19.97,0.0,275.87334,0.0
2019-02-09,19,0,23,96.11,96.11,0.0,1327.700888,0.0
2019-02-09,19,0,24,170.04,170.04,0.0,2348.998637,0.0
2019-02-09,19,0,29,0.0,0.0,0.0,0.0,0.0
2019-02-09,19,0,30,53.4,53.4,0.0,734.188197,0.0
2019-02-09,19,0,31,37.5,37.5,0.0,515.581599,0.0
2019-02-09,19,0,32,0.01,0.01,0.0,0.27038,0.0
2019-02-09,19,0,33,0.04,0.04,0.0,0.669967,0.0
2019-02-09,19,0,34,0.06,0.06,0.0,1.00495,0.0
2019-02-09,19,0,35,0.06,0.06,0.0,1.00495,0.0
2019-02-09,19,0,36,0.23,0.23,0.0,4.946004,0.0
2019-02-09,19,0,37,0.1,0.1,0.0,2.154368,0.0
2019-02-09,19,0,38,0.13,0.13,0.0,2.800678,0.0
2019-02-09,19,0,39,0.09,0.09,0.0,1.938931,0.0
2019-02-09,19,0,40,0.09,0.09,0.0,1.938931,0.0
2019-02-09,19,0,41,9.32,9.32,0.0,160.148821,0.0
2019-02-09,19,0,42,3.26,3.26,0.0,52.185026,0.0
2019-02-09,19,0,43,0.64,0.64,0.0,14.259824,0.0
2019-02-09,19,0,46,0.48,0.48,0.0,10.035413,0.0
2019-02-09,19,0,52,39.75,39.75,0.0,546.516495,0.0
2019-02-09,19,0,53,63.15,63.15,0.0,868.239413,0.0
2019-02-09,19,0,55,186.9,186.9,0.0,2581.909229,0.0
2019-02-09,19,0,56,15.75,15.75,0.0,216.544272,0.0
2019-02-09,19,0,57,14.98,14.98,0.0,205.957663,0.0
2019-02-09,19,0,58,28.81,28.81,0.0,396.104157,0.0
2019-02-09,19,0,59,28.33,28.33,0.0,389.504712,0.0
2019-02-09,19,0,63,81.93,81.93,0.0,2656.789755,0.0
2019-02-09,19,0,64,96.39,96.39,0.0,3125.692231,0.0
2019-02-09,19,0,65,26.26,26.26,0.0,295.800208,0.0
2019-02-09,19,0,67,23.96,23.96,0.0,-275.539291,0.0
2019-02-09,19,0,68,5.95,5.95,0.0,-8.09875,0.0
2019-02-09,19,0,69,0.04,0.04,0.0,0.669967,0.0
2019-02-09,19,0,74,3.82,3.82,0.0,83.760944,0.0
2019-02-09,19,0,77,34.29,34.29,0.0,257.295774,0.0
2019-02-09,19,0,78,25.92,25.92,0.0,194.491294,0.0
2019-02-09,19,0,79,15.0,15.0,0.0,112.552832,0.0
2019-02-09,19,0,80,24.26,24.26,0.0,182.035447,0.0
2019-02-09,19,0,81,31.72,31.72,0.0,238.011722,0.0
2019-02-09,19,0,82,22.38,22.38,0.0,167.928826,0.0
2019-02-09,19,0,83,49.89,49.89,0.0,374.35072,0.0
2019-02-09,19,0,84,0.0,0.0,0.0,0.0,0.0
2019-02-09,19,0,86,0.2,0.2,0.0,3.349833,0.0
2019-02-09,19,0,87,1.02,1.02,0.0,17.084146,0.0
2019-02-09,19,0,88,24.05,24.05,0.0,180.459708,0.0
2019-02-09,19,0,89,23.12,23.12,0.0,173.481432,0.0
2019-02-09,19,0,90,31.04,31.04,0.0,232.909327,0.0
2019-02-09,19,0,91,110.72,110.72,0.0,830.789972,0.0
2019-02-09,19,0,92,39.82,39.82,0.0,298.790252,0.0
2019-02-09,19,0,95,27.99,27.99,0.0,762.424475,0.0
2019-02-09,19,0,96,22.35,22.35,0.0,305.755614,0.0
2019-02-09,19,0,97,137.45,137.45,0.0,1880.362827,0.0
2019-02-09,19,0,99,0.74,0.74,0.0,16.225942,0.0
2019-02-09,19,0,101,1.08,1.08,0.0,14.84875,0.0
2019-02-09,19,0,102,17.03,17.03,0.0,-23.180121,0.0
2019-02-09,19,0,103,14.29,14.29,0.0,-19.450612,0.0
2019-02-09,19,0,104,2.04,2.04,0.0,-2.776714,0.0
2019-02-09,19,0,106,19.66,19.66,0.0,271.59088,0.0
2019-02-09,19,0,109,11.44,11.44,0.0,223.202679,0.0
2019-02-09,19,0,110,338.6,338.6,0.0,-14406.857713,0.0
2019-02-09,19,0,111,0.76,0.76,0.0,13.059346,0.0
2019-02-09,19,0,113,17.72,17.72,0.0,144.889583,0.0
2019-02-09,19,0,115,17.72,17.72,0.0,144.889583,0.0
2019-02-09,19,0,116,3.17,3.17,0.0,-134.878142,0.0
2019-02-09,19,0,117,1.18,1.18,0.0,9.648403,0.0
2019-02-09,19,0,119,96.39,96.39,0.0,3125.692231,0.0
2019-02-09,19,0,120,56.68,56.68,0.0,1837.993937,0.0
2019-02-09,19,0,123,0.33,0.33,0.0,4.558748,0.0
2019-02-09,19,0,125,153.87,153.87,0.0,2125.619974,0.0
2019-02-09,19,0,126,14.75,14.75,0.0,203.762232,0.0
2019-02-09,19,0,127,18.93,18.93,0.0,261.506376,0.0
2019-02-09,19,0,128,220.39,220.39,0.0,3044.553103,0.0
2019-02-09,19,0,131,16.65,16.65,0.0,22.421493,0.0
2019-02-09,19,0,132,24.48,24.48,0.0,32.965655,0.0
2019-02-09,19,0,133,135.62,135.62,0.0,961.392508,0.0
2019-02-09,19,0,134,0.0,0.0,0.0,0.0,0.0
2019-02-09,19,0,135,183.78,183.78,0.0,1302.792472,0.0
2019-02-09,19,0,136,36.58,36.58,0.0,419.710636,0.0
2019-02-09,19,0,139,12.04,12.04,0.0,206.887533,0.0
2019-02-09,19,0,140,250.6,250.6,0.0,-10662.606447,0.0
2019-02-09,19,0,141,224.64,224.64,0.0,-2583.353348,0.0
2019-02-09,19,0,142,31.6,31.6,0.0,-363.399064,0.0
2019-02-09,19,0,143,71.55,71.55,0.0,983.729692,0.0
2019-02-09,19,0,145,12.1,12.1,0.0,192.263137,0.0
2019-02-09,19,0,146,268.0,268.0,0.0,-11402.947038,0.0
2019-02-09,19,0,152,0.2,0.2,0.0,4.316073,0.0
2019-02-09,19,0,153,0.23,0.23,0.0,4.95054,0.0
2019-02-09,19,0,154,3.15,3.15,0.0,54.127552,0.0
2019-02-09,19,0,157,250.0,250.0,0.0,-2874.992597,0.0
2019-02-09,19,0,158,26.33,26.33,0.0,-302.79422,0.0
2019-02-09,19,0,159,0.0,0.0,0.0,0.0,0.0
2019-02-09,19,0,160,0.04,0.04,0.0,0.975954,0.0
2019-02-09,19,0,161,3.41,3.41,0.0,-4.641469,0.0
2019-02-09,19,0,162,43.04,43.04,0.0,1174.899014,0.0
2019-02-09,19,0,163,79.03,79.03,0.0,-3362.592927,0.0
2019-02-09,19,0,164,2.54,2.54,0.0,34.92206,0.0
2019-02-09,19,0,167,0.0,0.0,0.0,0.0,0.0
2019-02-09,19,0,168,0.0,0.0,0.0,0.0,0.0
2019-02-09,19,0,169,0.0,0.0,0.0,0.0,0.0
2019-02-09,19,0,170,0.0,0.0,0.0,0.0,0.0
2019-02-09,19,0,172,0.02,0.02,0.0,0.506069,0.0
2019-02-09,19,0,173,0.03,0.03,0.0,0.759104,0.0
2019-02-09,19,0,188,0.04,0.04,0.0,1.042642,0.0
2019-02-09,19,0,190,0.15,0.15,0.0,4.864134,0.0
2019-02-09,19,0,191,0.39,0.39,0.0,12.646747,0.0
2019-02-09,19,0,192,139.72,139.72,0.0,4530.778281,0.0
2019-02-09,19,0,194,69.39,69.39,0.0,1134.633238,0.0
2019-02-09,19,0,196,0.14,0.14,0.0,6.023071,0.0
2019-02-09,19,0,198,0.09,0.09,0.0,0.933368,0.0
2019-02-09,19,0,199,22.78,22.78,0.0,347.304648,0.0
2019-02-09,19,0,200,0.11,0.11,0.0,1.677064,0.0
2019-02-09,19,0,204,48.28,48.28,0.0,931.161574,0.0
2019-02-09,19,0,205,60.53,60.53,0.0,1180.984107,0.0
2019-02-09,19,0,206,403.89,403.89,0.0,5525.352799,0.0
2019-02-09,19,0,210,0.0,0.0,0.0,0.0,0.0
2019-02-09,19,0,214,0.06,0.06,0.0,1.052762,0.0
2019-02-09,19,0,217,0.03,0.03,0.0,0.401431,0.0
2019-02-09,19,0,218,0.04,0.04,0.0,0.535241,0.0
2019-02-09,19,0,219,0.03,0.03,0.0,0.401431,0.0
2019-02-09,19,0,221,0.03,0.03,0.0,0.526381,0.0
2019-02-09,19,0,225,0.0,0.0,0.0,0.0,0.0
2019-02-09,19,0,233,0.11,0.11,0.0,1.842408,0.0
2019-02-09,19,0,236,12.9,12.9,0.0,286.709912,0.0
2019-02-09,19,0,237,9.15,9.15,0.0,200.63158,0.0
2019-02-09,19,0,238,4.24,4.24,0.0,67.87255,0.0
2019-02-09,19,0,240,0.26,0.26,0.0,5.591135,0.0
2019-02-09,19,0,245,78.0,78.0,0.0,810.325316,0.0
2019-02-09,19,0,247,111.68,111.68,0.0,1160.219632,0.0
2019-02-09,19,0,248,0.92,0.92,0.0,20.172793,0.0
2019-02-09,19,0,249,150.0,150.0,0.0,1558.317915,0.0
2019-02-09,19,0,251,132.13,132.13,0.0,1777.23471,0.0
2019-02-09,19,0,252,169.41,169.41,0.0,1908.283063,0.0
2019-02-09,19,0,254,0.26,0.26,0.0,5.931231,0.0
2019-02-09,19,0,255,0.12,0.12,0.0,2.737491,0.0
2019-02-09,19,0,258,0.31,0.31,0.0,6.705236,0.0
2019-02-09,19,0,260,0.1,0.1,0.0,2.439886,0.0
2019-02-09,19,0,265,3.26,3.26,0.0,56.017721,0.0
2019-02-09,19,0,266,7.8,7.8,0.0,134.030129,0.0
2019-02-09,19,0,267,9.58,9.58,0.0,164.616492,0.0
2019-02-09,19,0,270,246.81,246.81,0.0,-10501.348353,0.0
2019-02-09,19,0,272,59.21,59.21,0.0,484.137256,0.0
2019-02-09,19,0,273,0.76,0.76,0.0,-32.336715,0.0
2019-02-09,19,0,274,318.16,318.16,0.0,-13537.17026,0.0
2019-02-09,19,0,275,442.89,442.89,0.0,-18844.220947,0.0
2019-02-09,19,0,276,0.19,0.19,0.0,-6.767015,0.0
2019-02-09,19,0,277,0.27,0.27,0.0,2.134825,0.0
2019-02-09,19,0,278,0.44,0.44,0.0,3.478974,0.0
2019-02-09,19,0,279,96.27,96.27,0.0,761.183787,0.0
2019-02-09,19,0,281,16.83,16.83,0.0,231.393022,0.0
2019-02-09,19,0,282,29.29,29.29,0.0,402.703601,0.0
2019-02-09,20,0,9,0.0,0.0,0.0,0.0,0.0
2019-02-09,20,0,17,0.0,0.0,0.0,0.0,0.0
2019-02-09,20,0,19,643.3,643.3,0.0,4612.964946,0.0
2019-02-09,20,0,20,780.2,780.2,0.0,5594.64519,0.0
2019-02-09,20,0,21,0.0,0.0,0.0,0.0,0.0
2019-02-09,20,0,22,0.0,0.0,0.0,0.0,0.0
2019-02-09,20,0,23,64.98,64.98,0.0,1090.699722,0.0
2019-02-09,20,0,24,114.98,114.98,0.0,1929.957742,0.0
2019-02-09,20,0,29,0.0,0.0,0.0,0.0,0.0
2019-02-09,20,0,30,0.0,0.0,0.0,0.0,0.0
2019-02-09,20,0,31,30.63,30.63,0.0,512.174836,0.0
2019-02-09,20,0,32,0.0,0.0,0.0,0.0,0.0
2019-02-09,20,0,33,0.0,0.0,0.0,0.0,0.0
2019-02-09,20,0,34,0.0,0.0,0.0,0.0,0.0
2019-02-09,20,0,35,0.0,0.0,0.0,0.0,0.0
2019-02-09,20,0,36,0.0,0.0,0.0,0.0,0.0
2019-02-09,20,0,37,0.0,0.0,0.0,0.0,0.0
2019-02-09,20,0,38,0.0,0.0,0.0,0.0,0.0
2019-02-09,20,0,39,0.0,0.0,0.0,0.0,0.0
2019-02-09,20,0,40,0.0,0.0,0.0,0.0,0.0
2019-02-09,20,0,41,19.16,19.16,0.0,381.378257,0.0
2019-02-09,20,0,42,0.0,0.0,0.0,0.0,0.0
2019-02-09,20,0,43,0.0,0.0,0.0,0.0,0.0
2019-02-09,20,0,46,0.0,0.0,0.0,0.0,0.0
2019-02-09,20,0,52,32.47,32.47,0.0,542.942113,0.0
2019-02-09,20,0,53,51.58,51.58,0.0,862.487041,0.0
2019-02-09,20,0,55,120.3,120.3,0.0,2019.254796,0.0
2019-02-09,20,0,56,0.0,0.0,0.0,0.0,0.0
2019-02-09,20,0,57,0.0,0.0,0.0,0.0,0.0
2019-02-09,20,0,58,0.0,0.0,0.0,0.0,0.0
2019-02-09,20,0,59,0.0,0.0,0.0,0.0,0.0
2019-02-09,20,0,63,61.45,61.45,0.0,1831.722405,0.0
2019-02-09,20,0,64,72.29,72.29,0.0,2154.844795,0.0
2019-02-09,20,0,65,18.38,18.38,0.0,206.841715,0.0
2019-02-09,20,0,67,0.0,0.0,0.0,-0.0,0.0
2019-02-09,20,0,68,3.37,3.37,0.0,11.637111,0.0
2019-02-09,20,0,69,0.0,0.0,0.0,0.0,0.0
2019-02-09,20,0,74,3.3,3.3,0.0,78.389233,0.0
2019-02-09,20,0,77,34.34,34.34,0.0,364.213417,0.0
2019-02-09,20,0,78,26.07,26.07,0.0,276.500983,0.0
2019-02-09,20,0,79,15.18,15.18,0.0,161.000573,0.0
2019-02-09,20,0,80,24.42,24.42,0.0,259.000921,0.0
2019-02-09,20,0,81,31.81,31.81,0.0,337.379988,0.0
2019-02-09,20,0,82,22.55,22.55,0.0,239.167517,0.0
2019-02-09,20,0,83,49.59,49.59,0.0,525.956416,0.0
2019-02-09,20,0,84,0.0,0.0,0.0,0.0,0.0
2019-02-09,20,0,86,0.0,0.0,0.0,0.0,0.0
2019-02-09,20,0,87,0.0,0.0,0.0,0.0,0.0
2019-02-09,20,0,88,35.18,35.18,0.0,373.122539,0.0
2019-02-09,20,0,89,33.82,33.82,0.0,358.698245,0.0
2019-02-09,20,0,90,45.37,45.37,0.0,481.198681,0.0
2019-02-09,20,0,91,161.54,161.54,0.0,1713.309124,0.0
2019-02-09,20,0,92,58.18,58.18,0.0,617.062801,0.0
2019-02-09,20,0,95,17.16,17.16,0.0,439.900478,0.0
2019-02-09,20,0,96,15.94,15.94,0.0,265.475189,0.0
2019-02-09,20,0,97,115.08,115.08,0.0,1916.61761,0.0
2019-02-09,20,0,99,0.64,0.64,0.0,15.20276,0.0
2019-02-09,20,0,101,0.0,0.0,0.0,0.0,0.0
2019-02-09,20,0,102,7.97,7.97,0.0,27.521595,0.0
2019-02-09,20,0,103,6.93,6.93,0.0,23.93032,0.0
2019-02-09,20,0,104,1.29,1.29,0.0,4.454562,0.0
2019-02-09,20,0,106,0.0,0.0,0.0,0.0,0.0
2019-02-09,20,0,109,12.31,12.31,0.0,276.437067,0.0
2019-02-09,20,0,110,338.6,338.6,0.0,-9963.268255,0.0
2019-02-09,20,0,111,0.0,0.0,0.0,0.0,0.0
2019-02-09,20,0,113,14.3,14.3,0.0,155.75051,0.0
2019-02-09,20,0,115,14.3,14.3,0.0,155.75051,0.0
2019-02-09,20,0,116,0.0,0.0,0.0,-0.0,0.0
2019-02-09,20,0,117,0.95,0.95,0.0,10.347062,0.0
2019-02-09,20,0,119,72.29,72.29,0.0,2154.844795,0.0
2019-02-09,20,0,120,42.51,42.51,0.0,1267.152472,0.0
2019-02-09,20,0,123,0.0,0.0,0.0,0.0,0.0
2019-02-09,20,0,125,104.05,104.05,0.0,1746.495939,0.0
2019-02-09,20,0,126,0.0,0.0,0.0,0.0,0.0
2019-02-09,20,0,127,0.0,0.0,0.0,0.0,0.0
2019-02-09,20,0,128,149.02,149.02,0.0,2501.324602,0.0
2019-02-09,20,0,131,10.8,10.8,0.0,60.638236,0.0
2019-02-09,20,0,132,15.88,15.88,0.0,89.160666,0.0
2019-02-09,20,0,133,103.8,103.8,0.0,704.398952,0.0
2019-02-09,20,0,134,0.0,0.0,0.0,0.0,0.0
2019-02-09,20,0,135,138.32,138.32,0.0,938.655714,0.0
2019-02-09,20,0,136,26.49,26.49,0.0,304.046122,0.0
2019-02-09,20,0,139,25.64,25.64,0.0,510.362135,0.0
2019-02-09,20,0,140,250.6,250.6,0.0,-7373.877805,0.0
2019-02-09,20,0,141,171.21,171.21,0.0,-794.460622,0.0
2019-02-09,20,0,142,0.0,0.0,0.0,-0.0,0.0
2019-02-09,20,0,143,54.88,54.88,0.0,917.667483,0.0
2019-02-09,20,0,145,8.87,8.87,0.0,167.192521,0.0
2019-02-09,20,0,146,268.0,268.0,0.0,-7885.870916,0.0
2019-02-09,20,0,152,0.0,0.0,0.0,0.0,0.0
2019-02-09,20,0,153,0.0,0.0,0.0,0.0,0.0
2019-02-09,20,0,154,0.0,0.0,0.0,0.0,0.0
2019-02-09,20,0,157,250.0,250.0,0.0,-1160.067493,0.0
2019-02-09,20,0,158,0.0,0.0,0.0,-0.0,0.0
2019-02-09,20,0,159,0.0,0.0,0.0,0.0,0.0
2019-02-09,20,0,160,0.0,0.0,0.0,0.0,0.0
2019-02-09,20,0,161,0.0,0.0,0.0,0.0,0.0
2019-02-09,20,0,162,24.09,24.09,0.0,618.698283,0.0
2019-02-09,20,0,163,67.02,67.02,0.0,-1972.056227,0.0
2019-02-09,20,0,164,0.0,0.0,0.0,0.0,0.0
2019-02-09,20,0,167,0.0,0.0,0.0,0.0,0.0
2019-02-09,20,0,168,0.0,0.0,0.0,0.0,0.0
2019-02-09,20,0,169,0.0,0.0,0.0,0.0,0.0
2019-02-09,20,0,170,0.0,0.0,0.0,0.0,0.0
2019-02-09,20,0,172,0.0,0.0,0.0,0.0,0.0
2019-02-09,20,0,173,0.0,0.0,0.0,0.0,0.0
2019-02-09,20,0,188,0.0,0.0,0.0,0.0,0.0
2019-02-09,20,0,190,0.0,0.0,0.0,0.0,0.0
2019-02-09,20,0,191,0.0,0.0,0.0,0.0,0.0
2019-02-09,20,0,192,127.12,127.12,0.0,3789.235998,0.0
2019-02-09,20,0,194,54.04,54.04,0.0,928.540298,0.0
2019-02-09,20,0,196,0.0,0.0,0.0,0.0,0.0
2019-02-09,20,0,198,0.0,0.0,0.0,0.0,0.0
2019-02-09,20,0,199,17.47,17.47,0.0,266.056029,0.0
2019-02-09,20,0,200,0.0,0.0,0.0,0.0,0.0
2019-02-09,20,0,204,97.77,97.77,0.0,2181.422276,0.0
2019-02-09,20,0,205,65.13,65.13,0.0,1462.578893,0.0
2019-02-09,20,0,206,435.93,435.93,0.0,7260.263421,0.0
2019-02-09,20,0,210,0.0,0.0,0.0,0.0,0.0
2019-02-09,20,0,214,0.0,0.0,0.0,0.0,0.0
2019-02-09,20,0,217,0.0,0.0,0.0,0.0,0.0
2019-02-09,20,0,218,0.0,0.0,0.0,0.0,0.0
2019-02-09,20,0,219,0.0,0.0,0.0,0.0,0.0
2019-02-09,20,0,221,0.0,0.0,0.0,0.0,0.0
2019-02-09,20,0,225,0.0,0.0,0.0,0.0,0.0
2019-02-09,20,0,233,0.0,0.0,0.0,0.0,0.0
2019-02-09,20,0,236,12.36,12.36,0.0,289.985568,0.0
2019-02-09,20,0,237,7.93,7.93,0.0,188.371703,0.0
2019-02-09,20,0,238,0.0,0.0,0.0,0.0,0.0
2019-02-09,20,0,240,0.0,0.0,0.0,0.0,0.0
2019-02-09,20,0,245,145.89,145.89,0.0,1474.465676,0.0
2019-02-09,20,0,247,82.04,82.04,0.0,829.153225,0.0
2019-02-09,20,0,248,0.8,0.8,0.0,19.003451,0.0
2019-02-09,20,0,249,280.44,280.44,0.0,2834.321434,0.0
2019-02-09,20,0,251,87.77,87.77,0.0,1197.485868,0.0
2019-02-09,20,0,252,118.59,118.59,0.0,1334.567956,0.0
2019-02-09,20,0,254,0.0,0.0,0.0,0.0,0.0
2019-02-09,20,0,255,0.0,0.0,0.0,0.0,0.0
2019-02-09,20,0,258,0.0,0.0,0.0,0.0,0.0
2019-02-09,20,0,260,0.0,0.0,0.0,0.0,0.0
2019-02-09,20,0,265,0.0,0.0,0.0,0.0,0.0
2019-02-09,20,0,266,15.62,15.62,0.0,310.914842,0.0
2019-02-09,20,0,267,19.76,19.76,0.0,393.321208,0.0
2019-02-09,20,0,270,209.32,209.32,0.0,-6159.218284,0.0
2019-02-09,20,0,272,47.78,47.78,0.0,520.402754,0.0
2019-02-09,20,0,273,0.0,0.0,0.0,-0.0,0.0
2019-02-09,20,0,274,269.83,269.83,0.0,-7939.718468,0.0
2019-02-09,20,0,275,375.61,375.61,0.0,-11052.283488,0.0
2019-02-09,20,0,276,0.0,0.0,0.0,-0.0,0.0
2019-02-09,20,0,277,0.0,0.0,0.0,0.0,0.0
2019-02-09,20,0,278,0.0,0.0,0.0,0.0,0.0
2019-02-09,20,0,279,182.71,182.71,0.0,1969.095668,0.0
2019-02-09,20,0,281,13.75,13.75,0.0,229.918511,0.0
2019-02-09,20,0,282,0.0,0.0,0.0,0.0,0.0
2019-02-09,21,0,9,0.0,0.0,0.0,0.0,0.0
2019-02-09,21,0,17,0.0,0.0,0.0,0.0,0.0
2019-02-09,21,0,19,643.3,643.3,0.0,3687.429371,0.0
2019-02-09,21,0,20,780.2,780.2,0.0,4472.147357,0.0
2019-02-09,21,0,21,0.0,0.0,0.0,0.0,0.0
2019-02-09,21,0,22,0.0,0.0,0.0,0.0,0.0
2019-02-09,21,0,23,47.13,47.13,0.0,818.527534,0.0
2019-02-09,21,0,24,83.39,83.39,0.0,1448.270975,0.0
2019-02-09,21,0,29,0.0,0.0,0.0,0.0,0.0
2019-02-09,21,0,30,0.0,0.0,0.0,0.0,0.0
2019-02-09,21,0,31,21.55,21.55,0.0,373.008181,0.0
2019-02-09,21,0,32,0.0,0.0,0.0,0.0,0.0
2019-02-09,21,0,33,0.0,0.0,0.0,0.0,0.0
2019-02-09,21,0,34,0.0,0.0,0.0,0.0,0.0
2019-02-09,21,0,35,0.0,0.0,0.0,0.0,0.0
2019-02-09,21,0,36,0.0,0.0,0.0,0.0,0.0
2019-02-09,21,0,37,0.0,0.0,0.0,0.0,0.0
2019-02-09,21,0,38,0.0,0.0,0.0,0.0,0.0
2019-02-09,21,0,39,0.0,0.0,0.0,0.0,0.0
2019-02-09,21,0,40,0.0,0.0,0.0,0.0,0.0
2019-02-09,21,0,41,48.23,48.23,0.0,975.814144,0.0
2019-02-09,21,0,42,0.0,0.0,0.0,0.0,0.0
2019-02-09,21,0,43,0.0,0.0,0.0,0.0,0.0
2019-02-09,21,0,46,0.0,0.0,0.0,0.0,0.0
2019-02-09,21,0,52,22.84,22.84,0.0,395.336745,0.0
2019-02-09,21,0,53,36.28,36.28,0.0,627.969225,0.0
2019-02-09,21,0,55,73.13,73.13,0.0,1270.081022,0.0
2019-02-09,21,0,56,0.0,0.0,0.0,0.0,0.0
2019-02-09,21,0,57,0.0,0.0,0.0,0.0,0.0
2019-02-09,21,0,58,0.0,0.0,0.0,0.0,0.0
2019-02-09,21,0,59,0.0,0.0,0.0,0.0,0.0
2019-02-09,21,0,63,47.23,47.23,0.0,1284.142138,0.0
2019-02-09,21,0,64,55.56,55.56,0.0,1510.627507,0.0
2019-02-09,21,0,65,12.76,12.76,0.0,129.775681,0.0
2019-02-09,21,0,67,0.0,0.0,0.0,-0.0,0.0
2019-02-09,21,0,68,2.47,2.47,0.0,14.258089,0.0
2019-02-09,21,0,69,0.0,0.0,0.0,0.0,0.0
2019-02-09,21,0,74,2.87,2.87,0.0,68.379898,0.0
2019-02-09,21,0,77,53.99,53.99,0.0,632.032349,0.0
2019-02-09,21,0,78,40.9,40.9,0.0,478.794649,0.0
2019-02-09,21,0,79,23.72,23.72,0.0,277.677483,0.0
2019-02-09,21,0,80,38.29,38.29,0.0,448.24076,0.0
2019-02-09,21,0,81,49.97,49.97,0.0,584.972337,0.0
2019-02-09,21,0,82,35.33,35.33,0.0,413.589607,0.0
2019-02-09,21,0,83,78.27,78.27,0.0,916.265456,0.0
2019-02-09,21,0,84,0.0,0.0,0.0,0.0,0.0
2019-02-09,21,0,86,0.0,0.0,0.0,0.0,0.0
2019-02-09,21,0,87,0.0,0.0,0.0,0.0,0.0
2019-02-09,21,0,88,53.34,53.34,0.0,624.423143,0.0
2019-02-09,21,0,89,51.28,51.28,0.0,600.307814,0.0
2019-02-09,21,0,90,68.85,68.85,0.0,805.990503,0.0
2019-02-09,21,0,91,245.6,245.6,0.0,2875.109187,0.0
2019-02-09,21,0,92,88.33,88.33,0.0,1034.032551,0.0
2019-02-09,21,0,95,9.64,9.64,0.0,228.793662,0.0
2019-02-09,21,0,96,10.97,10.97,0.0,189.208909,0.0
2019-02-09,21,0,97,67.48,67.48,0.0,1163.884886,0.0
2019-02-09,21,0,99,0.55,0.55,0.0,13.104162,0.0
2019-02-09,21,0,101,0.0,0.0,0.0,0.0,0.0
2019-02-09,21,0,102,5.85,5.85,0.0,33.769158,0.0
2019-02-09,21,0,103,5.09,5.09,0.0,29.382054,0.0
2019-02-09,21,0,104,0.95,0.95,0.0,5.48388,0.0
2019-02-09,21,0,106,0.0,0.0,0.0,0.0,0.0
2019-02-09,21,0,109,20.63,20.63,0.0,465.37326,0.0
2019-02-09,21,0,110,338.6,338.6,0.0,-7221.443543,0.0
2019-02-09,21,0,111,0.0,0.0,0.0,0.0,0.0
2019-02-09,21,0,113,22.78,22.78,0.0,269.183346,0.0
2019-02-09,21,0,115,22.78,22.78,0.0,269.183346,0.0
2019-02-09,21,0,116,0.0,0.0,0.0,-0.0,0.0
2019-02-09,21,0,117,1.53,1.53,0.0,18.079478,0.0
2019-02-09,21,0,119,55.56,55.56,0.0,1510.627507,0.0
2019-02-09,21,0,120,32.67,32.67,0.0,888.26855,0.0
2019-02-09,21,0,123,0.0,0.0,0.0,0.0,0.0
2019-02-09,21,0,125,75.46,75.46,0.0,1310.547161,0.0
2019-02-09,21,0,126,0.0,0.0,0.0,0.0,0.0
2019-02-09,21,0,127,0.0,0.0,0.0,0.0,0.0
2019-02-09,21,0,128,108.08,108.08,0.0,1877.073114,0.0
2019-02-09,21,0,131,7.57,7.57,0.0,57.184791,0.0
2019-02-09,21,0,132,11.13,11.13,0.0,84.077507,0.0
2019-02-09,21,0,133,83.02,83.02,0.0,441.158518,0.0
2019-02-09,21,0,134,0.0,0.0,0.0,0.0,0.0
2019-02-09,21,0,135,107.94,107.94,0.0,573.580467,0.0
2019-02-09,21,0,136,19.41,19.41,0.0,202.139043,0.0
2019-02-09,21,0,139,63.52,63.52,0.0,1285.169281,0.0
2019-02-09,21,0,140,250.6,250.6,0.0,-5344.636006,0.0
2019-02-09,21,0,141,141.37,141.37,0.0,-127.025036,0.0
2019-02-09,21,0,142,0.0,0.0,0.0,-0.0,0.0
2019-02-09,21,0,143,38.62,38.62,0.0,668.472202,0.0
2019-02-09,21,0,145,6.7,6.7,0.0,129.02316,0.0
2019-02-09,21,0,146,268.0,268.0,0.0,-5715.732042,0.0
2019-02-09,21,0,152,0.0,0.0,0.0,0.0,0.0
2019-02-09,21,0,153,0.0,0.0,0.0,0.0,0.0
2019-02-09,21,0,154,0.0,0.0,0.0,0.0,0.0
2019-02-09,21,0,157,250.0,250.0,0.0,-224.632234,0.0
2019-02-09,21,0,158,0.0,0.0,0.0,-0.0,0.0
2019-02-09,21,0,159,0.0,0.0,0.0,0.0,0.0
2019-02-09,21,0,160,0.0,0.0,0.0,0.0,0.0
2019-02-09,21,0,161,0.0,0.0,0.0,0.0,0.0
2019-02-09,21,0,162,11.87,11.87,0.0,282.189603,0.0
2019-02-09,21,0,163,60.71,60.71,0.0,-1294.783926,0.0
2019-02-09,21,0,164,0.0,0.0,0.0,0.0,0.0
2019-02-09,21,0,167,0.0,0.0,0.0,0.0,0.0
2019-02-09,21,0,168,0.0,0.0,0.0,0.0,0.0
2019-02-09,21,0,169,0.0,0.0,0.0,0.0,0.0
2019-02-09,21,0,170,0.0,0.0,0.0,0.0,0.0
2019-02-09,21,0,172,0.0,0.0,0.0,0.0,0.0
2019-02-09,21,0,173,0.0,0.0,0.0,0.0,0.0
2019-02-09,21,0,188,0.0,0.0,0.0,0.0,0.0
2019-02-09,21,0,190,0.0,0.0,0.0,0.0,0.0
2019-02-09,21,0,191,0.0,0.0,0.0,0.0,0.0
2019-02-09,21,0,192,125.97,125.97,0.0,3425.013446,0.0
2019-02-09,21,0,194,44.44,44.44,0.0,750.373497,0.0
2019-02-09,21,0,196,0.0,0.0,0.0,0.0,0.0
2019-02-09,21,0,198,0.0,0.0,0.0,0.0,0.0
2019-02-09,21,0,199,13.23,13.23,0.0,195.04757,0.0
2019-02-09,21,0,200,0.0,0.0,0.0,0.0,0.0
2019-02-09,21,0,204,219.53,219.53,0.0,4923.040976,0.0
2019-02-09,21,0,205,95.76,95.76,0.0,2160.162064,0.0
2019-02-09,21,0,206,198.3,198.3,0.0,3420.248561,0.0
2019-02-09,21,0,210,0.0,0.0,0.0,0.0,0.0
2019-02-09,21,0,214,0.0,0.0,0.0,0.0,0.0
2019-02-09,21,0,217,0.0,0.0,0.0,0.0,0.0
2019-02-09,21,0,218,0.0,0.0,0.0,0.0,0.0
2019-02-09,21,0,219,0.0,0.0,0.0,0.0,0.0
2019-02-09,21,0,221,0.0,0.0,0.0,0.0,0.0
2019-02-09,21,0,225,0.0,0.0,0.0,0.0,0.0
2019-02-09,21,0,233,0.0,0.0,0.0,0.0,0.0
2019-02-09,21,0,236,11.95,11.95,0.0,280.231933,0.0
2019-02-09,21,0,237,6.87,6.87,0.0,163.682893,0.0
2019-02-09,21,0,238,0.0,0.0,0.0,0.0,0.0
2019-02-09,21,0,240,0.0,0.0,0.0,0.0,0.0
2019-02-09,21,0,245,225.65,225.65,0.0,2012.258049,0.0
2019-02-09,21,0,247,57.96,57.96,0.0,516.864509,0.0
2019-02-09,21,0,248,0.69,0.69,0.0,16.439766,0.0
2019-02-09,21,0,249,433.93,433.93,0.0,3869.617263,0.0
2019-02-09,21,0,251,57.45,57.45,0.0,733.633009,0.0
2019-02-09,21,0,252,82.3,82.3,0.0,837.032801,0.0
2019-02-09,21,0,254,0.0,0.0,0.0,0.0,0.0
2019-02-09,21,0,255,0.0,0.0,0.0,0.0,0.0
2019-02-09,21,0,258,0.0,0.0,0.0,0.0,0.0
2019-02-09,21,0,260,0.0,0.0,0.0,0.0,0.0
2019-02-09,21,0,265,0.0,0.0,0.0,0.0,0.0
2019-02-09,21,0,266,39.78,39.78,0.0,804.849402,0.0
2019-02-09,21,0,267,49.66,49.66,0.0,1004.746639,0.0
2019-02-09,21,0,270,189.59,189.59,0.0,-4043.453873,0.0
2019-02-09,21,0,272,76.1,76.1,0.0,899.247261,0.0
2019-02-09,21,0,273,0.0,0.0,0.0,-0.0,0.0
2019-02-09,21,0,274,244.4,244.4,0.0,-5212.406385,0.0
2019-02-09,21,0,275,340.21,340.21,0.0,-7255.78059,0.0
2019-02-09,21,0,276,0.0,0.0,0.0,-0.0,0.0
2019-02-09,21,0,277,0.0,0.0,0.0,0.0,0.0
2019-02-09,21,0,278,0.0,0.0,0.0,0.0,0.0
2019-02-09,21,0,279,146.45,146.45,0.0,1724.079528,0.0
2019-02-09,21,0,281,9.67,9.67,0.0,167.377685,0.0
2019-02-09,21,0,282,0.0,0.0,0.0,0.0,0.0
2019-02-09,22,0,9,0.0,0.0,0.0,0.0,0.0
2019-02-09,22,0,17,0.0,0.0,0.0,0.0,0.0
2019-02-09,22,0,19,643.3,643.3,0.0,4028.004846,0.0
2019-02-09,22,0,20,780.2,780.2,0.0,4885.200344,0.0
2019-02-09,22,0,21,0.0,0.0,0.0,0.0,0.0
2019-02-09,22,0,22,0.0,0.0,0.0,0.0,0.0
2019-02-09,22,0,23,40.03,40.03,0.0,540.646563,0.0
2019-02-09,22,0,24,70.82,70.82,0.0,956.497366,0.0
2019-02-09,22,0,29,0.0,0.0,0.0,0.0,0.0
2019-02-09,22,0,30,0.0,0.0,0.0,0.0,0.0
2019-02-09,22,0,31,14.57,14.57,0.0,196.052937,0.0
2019-02-09,22,0,32,0.0,0.0,0.0,0.0,0.0
2019-02-09,22,0,33,0.0,0.0,0.0,0.0,0.0
2019-02-09,22,0,34,0.0,0.0,0.0,0.0,0.0
2019-02-09,22,0,35,0.0,0.0,0.0,0.0,0.0
2019-02-09,22,0,36,0.0,0.0,0.0,0.0,0.0
2019-02-09,22,0,37,0.0,0.0,0.0,0.0,0.0
2019-02-09,22,0,38,0.0,0.0,0.0,0.0,0.0
2019-02-09,22,0,39,0.0,0.0,0.0,0.0,0.0
2019-02-09,22,0,40,0.0,0.0,0.0,0.0,0.0
2019-02-09,22,0,41,73.59,73.59,0.0,1208.497826,0.0
2019-02-09,22,0,42,0.0,0.0,0.0,0.0,0.0
2019-02-09,22,0,43,0.0,0.0,0.0,0.0,0.0
2019-02-09,22,0,46,0.0,0.0,0.0,0.0,0.0
2019-02-09,22,0,52,15.44,15.44,0.0,207.759598,0.0
2019-02-09,22,0,53,24.53,24.53,0.0,330.074025,0.0
2019-02-09,22,0,55,81.27,81.27,0.0,1097.635427,0.0
2019-02-09,22,0,56,0.0,0.0,0.0,0.0,0.0
2019-02-09,22,0,57,0.0,0.0,0.0,0.0,0.0
2019-02-09,22,0,58,0.0,0.0,0.0,0.0,0.0
2019-02-09,22,0,59,0.0,0.0,0.0,0.0,0.0
2019-02-09,22,0,63,39.19,39.19,0.0,1065.541613,0.0
2019-02-09,22,0,64,46.11,46.11,0.0,1253.690323,0.0
2019-02-09,22,0,65,9.03,9.03,0.0,96.767432,0.0
2019-02-09,22,0,67,0.0,0.0,0.0,-0.0,0.0
2019-02-09,22,0,68,2.0,2.0,0.0,4.361558,0.0
2019-02-09,22,0,69,0.0,0.0,0.0,0.0,0.0
2019-02-09,22,0,74,2.5,2.5,0.0,54.502942,0.0
2019-02-09,22,0,77,56.42,56.42,0.0,494.040176,0.0
2019-02-09,22,0,78,42.65,42.65,0.0,373.46355,0.0
2019-02-09,22,0,79,24.68,24.68,0.0,216.10974,0.0
2019-02-09,22,0,80,39.91,39.91,0.0,349.470816,0.0
2019-02-09,22,0,81,52.19,52.19,0.0,457.000298,0.0
2019-02-09,22,0,82,36.81,36.81,0.0,322.325751,0.0
2019-02-09,22,0,83,82.09,82.09,0.0,718.818824,0.0
2019-02-09,22,0,84,0.0,0.0,0.0,0.0,0.0
2019-02-09,22,0,86,0.0,0.0,0.0,0.0,0.0
2019-02-09,22,0,87,0.0,0.0,0.0,0.0,0.0
2019-02-09,22,0,88,51.26,51.26,0.0,448.856778,0.0
2019-02-09,22,0,89,49.27,49.27,0.0,431.431398,0.0
2019-02-09,22,0,90,66.16,66.16,0.0,579.328218,0.0
2019-02-09,22,0,91,236.0,236.0,0.0,2066.5275,0.0
2019-02-09,22,0,92,84.88,84.88,0.0,743.249382,0.0
2019-02-09,22,0,95,4.81,4.81,0.0,112.271478,0.0
2019-02-09,22,0,96,9.53,9.53,0.0,127.736031,0.0
2019-02-09,22,0,97,58.63,58.63,0.0,785.851366,0.0
2019-02-09,22,0,99,0.48,0.48,0.0,10.464565,0.0
2019-02-09,22,0,101,0.0,0.0,0.0,0.0,0.0
2019-02-09,22,0,102,4.74,4.74,0.0,10.336893,0.0
2019-02-09,22,0,103,4.12,4.12,0.0,8.98481,0.0
2019-02-09,22,0,104,0.76,0.76,0.0,1.657392,0.0
2019-02-09,22,0,106,0.0,0.0,0.0,0.0,0.0
2019-02-09,22,0,109,54.67,54.67,0.0,961.594264,0.0
2019-02-09,22,0,110,338.6,338.6,0.0,-9599.155047,0.0
2019-02-09,22,0,111,0.0,0.0,0.0,0.0,0.0
2019-02-09,22,0,113,37.28,37.28,0.0,344.466575,0.0
2019-02-09,22,0,115,37.28,37.28,0.0,344.466575,0.0
2019-02-09,22,0,116,0.0,0.0,0.0,-0.0,0.0
2019-02-09,22,0,117,2.49,2.49,0.0,23.007558,0.0
2019-02-09,22,0,119,46.11,46.11,0.0,1253.690323,0.0
2019-02-09,22,0,120,27.11,27.11,0.0,737.097043,0.0
2019-02-09,22,0,123,0.0,0.0,0.0,0.0,0.0
2019-02-09,22,0,125,64.09,64.09,0.0,865.601754,0.0
2019-02-09,22,0,126,0.0,0.0,0.0,0.0,0.0
2019-02-09,22,0,127,0.0,0.0,0.0,0.0,0.0
2019-02-09,22,0,128,91.79,91.79,0.0,1239.71891,0.0
2019-02-09,22,0,131,6.25,6.25,0.0,26.174598,0.0
2019-02-09,22,0,132,9.19,9.19,0.0,38.487129,0.0
2019-02-09,22,0,133,97.56,97.56,0.0,569.922799,0.0
2019-02-09,22,0,134,0.0,0.0,0.0,0.0,0.0
2019-02-09,22,0,135,130.72,130.72,0.0,763.635797,0.0
2019-02-09,22,0,136,14.92,14.92,0.0,163.534728,0.0
2019-02-09,22,0,139,95.03,95.03,0.0,1560.586335,0.0
2019-02-09,22,0,140,250.6,250.6,0.0,-7104.395318,0.0
2019-02-09,22,0,141,132.84,132.84,0.0,-708.663372,0.0
2019-02-09,22,0,142,0.0,0.0,0.0,-0.0,0.0
2019-02-09,22,0,143,26.03,26.03,0.0,350.257923,0.0
2019-02-09,22,0,145,13.25,13.25,0.0,198.738395,0.0
2019-02-09,22,0,146,268.0,268.0,0.0,-7597.677355,0.0
2019-02-09,22,0,152,0.0,0.0,0.0,0.0,0.0
2019-02-09,22,0,153,0.0,0.0,0.0,0.0,0.0
2019-02-09,22,0,154,0.0,0.0,0.0,0.0,0.0
2019-02-09,22,0,157,213.07,213.07,0.0,-1136.667455,0.0
2019-02-09,22,0,158,0.0,0.0,0.0,-0.0,0.0
2019-02-09,22,0,159,0.0,0.0,0.0,0.0,0.0
2019-02-09,22,0,160,0.0,0.0,0.0,0.0,0.0
2019-02-09,22,0,161,0.0,0.0,0.0,0.0,0.0
2019-02-09,22,0,162,2.74,2.74,0.0,64.074337,0.0
2019-02-09,22,0,163,59.95,59.95,0.0,-1699.555065,0.0
2019-02-09,22,0,164,0.0,0.0,0.0,0.0,0.0
2019-02-09,22,0,167,0.0,0.0,0.0,0.0,0.0
2019-02-09,22,0,168,0.0,0.0,0.0,0.0,0.0
2019-02-09,22,0,169,0.0,0.0,0.0,0.0,0.0
2019-02-09,22,0,170,0.0,0.0,0.0,0.0,0.0
2019-02-09,22,0,172,0.0,0.0,0.0,0.0,0.0
2019-02-09,22,0,173,0.0,0.0,0.0,0.0,0.0
2019-02-09,22,0,188,0.0,0.0,0.0,0.0,0.0
2019-02-09,22,0,190,0.0,0.0,0.0,0.0,0.0
2019-02-09,22,0,191,0.0,0.0,0.0,0.0,0.0
2019-02-09,22,0,192,135.48,135.48,0.0,3683.581978,0.0
2019-02-09,22,0,194,39.45,39.45,0.0,603.005938,0.0
2019-02-09,22,0,196,0.0,0.0,0.0,0.0,0.0
2019-02-09,22,0,198,0.0,0.0,0.0,0.0,0.0
2019-02-09,22,0,199,9.84,9.84,0.0,141.698611,0.0
2019-02-09,22,0,200,0.0,0.0,0.0,0.0,0.0
2019-02-09,22,0,204,297.01,297.01,0.0,5129.261243,0.0
2019-02-09,22,0,205,271.99,271.99,0.0,4784.050188,0.0
2019-02-09,22,0,206,172.28,172.28,0.0,2309.167206,0.0
2019-02-09,22,0,210,0.0,0.0,0.0,0.0,0.0
2019-02-09,22,0,214,0.0,0.0,0.0,0.0,0.0
2019-02-09,22,0,217,0.0,0.0,0.0,0.0,0.0
2019-02-09,22,0,218,0.0,0.0,0.0,0.0,0.0
2019-02-09,22,0,219,0.0,0.0,0.0,0.0,0.0
2019-02-09,22,0,221,0.0,0.0,0.0,0.0,0.0
2019-02-09,22,0,225,0.0,0.0,0.0,0.0,0.0
2019-02-09,22,0,233,0.0,0.0,0.0,0.0,0.0
2019-02-09,22,0,236,11.68,11.68,0.0,266.858464,0.0
2019-02-09,22,0,237,6.0,6.0,0.0,130.80706,0.0
2019-02-09,22,0,238,0.0,0.0,0.0,0.0,0.0
2019-02-09,22,0,240,0.0,0.0,0.0,0.0,0.0
2019-02-09,22,0,245,173.29,173.29,0.0,1729.073278,0.0
2019-02-09,22,0,247,39.43,39.43,0.0,393.429277,0.0
2019-02-09,22,0,248,0.6,0.6,0.0,13.080706,0.0
2019-02-09,22,0,249,333.24,333.24,0.0,3325.041141,0.0
2019-02-09,22,0,251,79.29,79.29,0.0,1046.661096,0.0
2019-02-09,22,0,252,58.28,58.28,0.0,624.541078,0.0
2019-02-09,22,0,254,0.0,0.0,0.0,0.0,0.0
2019-02-09,22,0,255,0.0,0.0,0.0,0.0,0.0
2019-02-09,22,0,258,0.0,0.0,0.0,0.0,0.0
2019-02-09,22,0,260,0.0,0.0,0.0,0.0,0.0
2019-02-09,22,0,265,0.0,0.0,0.0,0.0,0.0
2019-02-09,22,0,266,61.53,61.53,0.0,1010.44804,0.0
2019-02-09,22,0,267,75.62,75.62,0.0,1241.834565,0.0
2019-02-09,22,0,270,187.21,187.21,0.0,-5307.317827,0.0
2019-02-09,22,0,272,124.6,124.6,0.0,1151.301912,0.0
2019-02-09,22,0,273,0.0,0.0,0.0,-0.0,0.0
2019-02-09,22,0,274,241.34,241.34,0.0,-6841.878556,0.0
2019-02-09,22,0,275,335.95,335.95,0.0,-9524.028759,0.0
2019-02-09,22,0,276,0.0,0.0,0.0,-0.0,0.0
2019-02-09,22,0,277,0.0,0.0,0.0,0.0,0.0
2019-02-09,22,0,278,0.0,0.0,0.0,0.0,0.0
2019-02-09,22,0,279,51.26,51.26,0.0,463.70493,0.0
2019-02-09,22,0,281,6.54,6.54,0.0,88.001799,0.0
2019-02-09,22,0,282,0.0,0.0,0.0,0.0,0.0
2019-02-09,23,0,9,0.0,0.0,0.0,0.0,0.0
2019-02-09,23,0,17,0.0,0.0,0.0,0.0,0.0
2019-02-09,23,0,19,548.29,548.29,0.0,4610.746257,0.0
2019-02-09,23,0,20,664.97,664.97,0.0,5591.945756,0.0
2019-02-09,23,0,21,0.0,0.0,0.0,0.0,0.0
2019-02-09,23,0,22,0.0,0.0,0.0,0.0,0.0
2019-02-09,23,0,23,36.54,36.54,0.0,371.436065,0.0
2019-02-09,23,0,24,64.65,64.65,0.0,657.179573,0.0
2019-02-09,23,0,29,0.0,0.0,0.0,0.0,0.0
2019-02-09,23,0,30,0.0,0.0,0.0,0.0,0.0
2019-02-09,23,0,31,14.85,14.85,0.0,150.389432,0.0
2019-02-09,23,0,32,0.0,0.0,0.0,0.0,0.0
2019-02-09,23,0,33,0.0,0.0,0.0,0.0,0.0
2019-02-09,23,0,34,0.0,0.0,0.0,0.0,0.0
2019-02-09,23,0,35,0.0,0.0,0.0,0.0,0.0
2019-02-09,23,0,36,0.0,0.0,0.0,0.0,0.0
2019-02-09,23,0,37,0.0,0.0,0.0,0.0,0.0
2019-02-09,23,0,38,0.0,0.0,0.0,0.0,0.0
2019-02-09,23,0,39,0.0,0.0,0.0,0.0,0.0
2019-02-09,23,0,40,0.0,0.0,0.0,0.0,0.0
2019-02-09,23,0,41,81.41,81.41,0.0,1003.402343,0.0
2019-02-09,23,0,42,0.0,0.0,0.0,0.0,0.0
2019-02-09,23,0,43,0.0,0.0,0.0,0.0,0.0
2019-02-09,23,0,46,0.0,0.0,0.0,0.0,0.0
2019-02-09,23,0,52,15.74,15.74,0.0,159.402671,0.0
2019-02-09,23,0,53,25.01,25.01,0.0,253.282134,0.0
2019-02-09,23,0,55,155.44,155.44,0.0,1580.077228,0.0
2019-02-09,23,0,56,0.0,0.0,0.0,0.0,0.0
2019-02-09,23,0,57,0.0,0.0,0.0,0.0,0.0
2019-02-09,23,0,58,0.0,0.0,0.0,0.0,0.0
2019-02-09,23,0,59,0.0,0.0,0.0,0.0,0.0
2019-02-09,23,0,63,56.19,56.19,0.0,1674.930544,0.0
2019-02-09,23,0,64,66.11,66.11,0.0,1970.629262,0.0
2019-02-09,23,0,65,8.02,8.02,0.0,86.195785,0.0
2019-02-09,23,0,67,0.0,0.0,0.0,-0.0,0.0
2019-02-09,23,0,68,2.38,2.38,0.0,-2.51209,0.0
2019-02-09,23,0,69,0.0,0.0,0.0,0.0,0.0
2019-02-09,23,0,74,2.96,2.96,0.0,47.677254,0.0
2019-02-09,23,0,77,69.57,69.57,0.0,456.125022,0.0
2019-02-09,23,0,78,52.59,52.59,0.0,344.79826,0.0
2019-02-09,23,0,79,30.44,30.44,0.0,199.575186,0.0
2019-02-09,23,0,80,49.22,49.22,0.0,322.703372,0.0
2019-02-09,23,0,81,64.35,64.35,0.0,421.900894,0.0
2019-02-09,23,0,82,45.39,45.39,0.0,297.592565,0.0
2019-02-09,23,0,83,101.22,101.22,0.0,663.633387,0.0
2019-02-09,23,0,84,0.0,0.0,0.0,0.0,0.0
2019-02-09,23,0,86,0.0,0.0,0.0,0.0,0.0
2019-02-09,23,0,87,0.0,0.0,0.0,0.0,0.0
2019-02-09,23,0,88,68.03,68.03,0.0,446.028249,0.0
2019-02-09,23,0,89,65.4,65.4,0.0,428.785057,0.0
2019-02-09,23,0,90,87.81,87.81,0.0,575.712781,0.0
2019-02-09,23,0,91,313.25,313.25,0.0,2053.775524,0.0
2019-02-09,23,0,92,112.66,112.66,0.0,738.63799,0.0
2019-02-09,23,0,95,4.13,4.13,0.0,104.988876,0.0
2019-02-09,23,0,96,10.05,10.05,0.0,101.380044,0.0
2019-02-09,23,0,97,61.83,61.83,0.0,623.714241,0.0
2019-02-09,23,0,99,0.57,0.57,0.0,9.181093,0.0
2019-02-09,23,0,101,0.0,0.0,0.0,0.0,0.0
2019-02-09,23,0,102,5.64,5.64,0.0,-5.953021,0.0
2019-02-09,23,0,103,4.91,4.91,0.0,-5.182506,0.0
2019-02-09,23,0,104,0.91,0.91,0.0,-0.960505,0.0
2019-02-09,23,0,106,0.0,0.0,0.0,0.0,0.0
2019-02-09,23,0,109,82.58,82.58,0.0,1098.227941,0.0
2019-02-09,23,0,110,338.6,338.6,0.0,-12533.26867,0.0
2019-02-09,23,0,111,0.0,0.0,0.0,0.0,0.0
2019-02-09,23,0,113,51.72,51.72,0.0,391.171901,0.0
2019-02-09,23,0,115,51.72,51.72,0.0,391.171901,0.0
2019-02-09,23,0,116,0.0,0.0,0.0,-0.0,0.0
2019-02-09,23,0,117,3.45,3.45,0.0,26.093253,0.0
2019-02-09,23,0,119,66.11,66.11,0.0,1970.629262,0.0
2019-02-09,23,0,120,38.87,38.87,0.0,1158.65012,0.0
2019-02-09,23,0,123,0.0,0.0,0.0,0.0,0.0
2019-02-09,23,0,125,58.51,58.51,0.0,594.765302,0.0
2019-02-09,23,0,126,0.0,0.0,0.0,0.0,0.0
2019-02-09,23,0,127,0.0,0.0,0.0,0.0,0.0
2019-02-09,23,0,128,83.8,83.8,0.0,851.842973,0.0
2019-02-09,23,0,131,7.36,7.36,0.0,9.631187,0.0
2019-02-09,23,0,132,10.81,10.81,0.0,14.145806,0.0
2019-02-09,23,0,133,79.61,79.61,0.0,651.927756,0.0
2019-02-09,23,0,134,0.0,0.0,0.0,0.0,0.0
2019-02-09,23,0,135,106.68,106.68,0.0,873.604484,0.0
2019-02-09,23,0,136,15.27,15.27,0.0,166.07608,0.0
2019-02-09,23,0,139,105.13,105.13,0.0,1295.758362,0.0
2019-02-09,23,0,140,250.6,250.6,0.0,-9275.951355,0.0
2019-02-09,23,0,141,105.52,105.52,0.0,-1045.435016,0.0
2019-02-09,23,0,142,0.0,0.0,0.0,-0.0,0.0
2019-02-09,23,0,143,21.15,21.15,0.0,214.191009,0.0
2019-02-09,23,0,145,8.66,8.66,0.0,97.942024,0.0
2019-02-09,23,0,146,268.0,268.0,0.0,-9920.011824,0.0
2019-02-09,23,0,152,0.0,0.0,0.0,0.0,0.0
2019-02-09,23,0,153,0.0,0.0,0.0,0.0,0.0
2019-02-09,23,0,154,0.0,0.0,0.0,0.0,0.0
2019-02-09,23,0,157,214.43,214.43,0.0,-2124.456317,0.0
2019-02-09,23,0,158,0.0,0.0,0.0,-0.0,0.0
2019-02-09,23,0,159,0.0,0.0,0.0,0.0,0.0
2019-02-09,23,0,160,0.0,0.0,0.0,0.0,0.0
2019-02-09,23,0,161,0.0,0.0,0.0,-0.0,0.0
2019-02-09,23,0,162,1.82,1.82,0.0,46.354068,0.0
2019-02-09,23,0,163,72.97,72.97,0.0,-2700.982324,0.0
2019-02-09,23,0,164,0.0,0.0,0.0,0.0,0.0
2019-02-09,23,0,167,0.0,0.0,0.0,0.0,0.0
2019-02-09,23,0,168,0.0,0.0,0.0,0.0,0.0
2019-02-09,23,0,169,0.0,0.0,0.0,0.0,0.0
2019-02-09,23,0,170,0.0,0.0,0.0,0.0,0.0
2019-02-09,23,0,172,0.0,0.0,0.0,0.0,0.0
2019-02-09,23,0,173,0.0,0.0,0.0,0.0,0.0
2019-02-09,23,0,188,0.0,0.0,0.0,0.0,0.0
2019-02-09,23,0,190,0.0,0.0,0.0,0.0,0.0
2019-02-09,23,0,191,0.0,0.0,0.0,0.0,0.0
2019-02-09,23,0,192,156.66,156.66,0.0,4669.774319,0.0
2019-02-09,23,0,194,63.92,63.92,0.0,964.664714,0.0
2019-02-09,23,0,196,0.0,0.0,0.0,0.0,0.0
2019-02-09,23,0,198,0.0,0.0,0.0,0.0,0.0
2019-02-09,23,0,199,6.41,6.41,0.0,83.579918,0.0
2019-02-09,23,0,200,0.0,0.0,0.0,0.0,0.0
2019-02-09,23,0,204,380.05,380.05,0.0,4969.27746,0.0
2019-02-09,23,0,205,436.86,436.86,0.0,5809.782735,0.0
2019-02-09,23,0,206,181.69,181.69,0.0,1832.80997,0.0
2019-02-09,23,0,210,0.0,0.0,0.0,0.0,0.0
2019-02-09,23,0,214,0.0,0.0,0.0,0.0,0.0
2019-02-09,23,0,217,0.0,0.0,0.0,0.0,0.0
2019-02-09,23,0,218,0.0,0.0,0.0,0.0,0.0
2019-02-09,23,0,219,0.0,0.0,0.0,0.0,0.0
2019-02-09,23,0,221,0.0,0.0,0.0,0.0,0.0
2019-02-09,23,0,225,0.0,0.0,0.0,0.0,0.0
2019-02-09,23,0,233,0.0,0.0,0.0,0.0,0.0
2019-02-09,23,0,236,9.28,9.28,0.0,157.119872,0.0
2019-02-09,23,0,237,7.11,7.11,0.0,114.522054,0.0
2019-02-09,23,0,238,0.0,0.0,0.0,0.0,0.0
2019-02-09,23,0,240,0.0,0.0,0.0,0.0,0.0
2019-02-09,23,0,245,142.43,142.43,0.0,1487.36077,0.0
2019-02-09,23,0,247,34.37,34.37,0.0,358.91729,0.0
2019-02-09,23,0,248,0.71,0.71,0.0,11.436098,0.0
2019-02-09,23,0,249,273.89,273.89,0.0,2860.164581,0.0
2019-02-09,23,0,251,28.25,28.25,0.0,339.895155,0.0
2019-02-09,23,0,252,51.73,51.73,0.0,555.973562,0.0
2019-02-09,23,0,254,0.0,0.0,0.0,0.0,0.0
2019-02-09,23,0,255,0.0,0.0,0.0,0.0,0.0
2019-02-09,23,0,258,0.0,0.0,0.0,0.0,0.0
2019-02-09,23,0,260,0.0,0.0,0.0,0.0,0.0
2019-02-09,23,0,265,0.0,0.0,0.0,0.0,0.0
2019-02-09,23,0,266,68.08,68.08,0.0,839.106148,0.0
2019-02-09,23,0,267,83.66,83.66,0.0,1031.134259,0.0
2019-02-09,23,0,270,227.88,227.88,0.0,-8434.971248,0.0
2019-02-09,23,0,272,172.86,172.86,0.0,1307.385437,0.0
2019-02-09,23,0,273,0.0,0.0,0.0,-0.0,0.0
2019-02-09,23,0,274,293.77,293.77,0.0,-10873.887588,0.0
2019-02-09,23,0,275,408.93,408.93,0.0,-15136.531474,0.0
2019-02-09,23,0,276,0.0,0.0,0.0,-0.0,0.0
2019-02-09,23,0,277,0.0,0.0,0.0,0.0,0.0
2019-02-09,23,0,278,0.0,0.0,0.0,0.0,0.0
2019-02-09,23,0,279,66.72,66.72,0.0,477.686723,0.0
2019-02-09,23,0,281,6.67,6.67,0.0,67.548654,0.0
2019-02-09,23,0,282,0.0,0.0,0.0,0.0,0.0
2019-02-10,0,0,9,0.0,0.0,0.0,0.0,0.0
2019-02-10,0,0,17,0.0,0.0,0.0,0.0,0.0
2019-02-10,0,0,19,465.04,465.04,0.0,5318.876323,0.0
2019-02-10,0,0,20,564.0,564.0,0.0,6450.727349,0.0
2019-02-10,0,0,21,0.0,0.0,0.0,0.0,0.0
2019-02-10,0,0,22,0.0,0.0,0.0,0.0,0.0
2019-02-10,0,0,23,34.09,34.09,0.0,140.202204,0.0
2019-02-10,0,0,24,60.32,60.32,0.0,248.078526,0.0
2019-02-10,0,0,29,0.0,0.0,0.0,0.0,0.0
2019-02-10,0,0,30,0.0,0.0,0.0,0.0,0.0
2019-02-10,0,0,31,15.24,15.24,0.0,62.042833,0.0
2019-02-10,0,0,32,0.0,0.0,0.0,0.0,0.0
2019-02-10,0,0,33,0.0,0.0,0.0,0.0,0.0
2019-02-10,0,0,34,0.0,0.0,0.0,0.0,0.0
2019-02-10,0,0,35,0.0,0.0,0.0,0.0,0.0
2019-02-10,0,0,36,0.0,0.0,0.0,0.0,0.0
2019-02-10,0,0,37,0.0,0.0,0.0,0.0,0.0
2019-02-10,0,0,38,0.0,0.0,0.0,0.0,0.0
2019-02-10,0,0,39,0.0,0.0,0.0,0.0,0.0
2019-02-10,0,0,40,0.0,0.0,0.0,0.0,0.0
2019-02-10,0,0,41,90.9,90.9,0.0,576.408836,0.0
2019-02-10,0,0,42,0.0,0.0,0.0,0.0,0.0
2019-02-10,0,0,43,0.0,0.0,0.0,0.0,0.0
2019-02-10,0,0,46,0.0,0.0,0.0,0.0,0.0
2019-02-10,0,0,52,16.16,16.16,0.0,65.788201,0.0
2019-02-10,0,0,53,25.67,25.67,0.0,104.503906,0.0
2019-02-10,0,0,55,173.27,173.27,0.0,712.608857,0.0
2019-02-10,0,0,56,0.0,0.0,0.0,0.0,0.0
2019-02-10,0,0,57,0.0,0.0,0.0,0.0,0.0
2019-02-10,0,0,58,0.0,0.0,0.0,0.0,0.0
2019-02-10,0,0,59,0.0,0.0,0.0,0.0,0.0
2019-02-10,0,0,63,79.56,79.56,0.0,2175.871102,0.0
2019-02-10,0,0,64,93.6,93.6,0.0,2559.848356,0.0
2019-02-10,0,0,65,7.15,7.15,0.0,81.334628,0.0
2019-02-10,0,0,67,0.0,0.0,0.0,-0.0,0.0
2019-02-10,0,0,68,2.8,2.8,0.0,-24.781573,0.0
2019-02-10,0,0,69,0.0,0.0,0.0,0.0,0.0
2019-02-10,0,0,74,3.82,3.82,0.0,36.899891,0.0
2019-02-10,0,0,77,85.33,85.33,0.0,10.333596,0.0
2019-02-10,0,0,78,64.51,64.51,0.0,7.812262,0.0
2019-02-10,0,0,79,37.33,37.33,0.0,4.520721,0.0
2019-02-10,0,0,80,60.37,60.37,0.0,7.310901,0.0
2019-02-10,0,0,81,78.93,78.93,0.0,9.558546,0.0
2019-02-10,0,0,82,55.68,55.68,0.0,6.742935,0.0
2019-02-10,0,0,83,124.16,124.16,0.0,15.03597,0.0
2019-02-10,0,0,84,0.0,0.0,0.0,0.0,0.0
2019-02-10,0,0,86,0.0,0.0,0.0,0.0,0.0
2019-02-10,0,0,87,0.0,0.0,0.0,0.0,0.0
2019-02-10,0,0,88,87.94,87.94,0.0,10.649671,0.0
2019-02-10,0,0,89,84.54,84.54,0.0,10.237926,0.0
2019-02-10,0,0,90,113.51,113.51,0.0,13.746238,0.0
2019-02-10,0,0,91,404.9,404.9,0.0,49.034022,0.0
2019-02-10,0,0,92,145.62,145.62,0.0,17.634809,0.0
2019-02-10,0,0,95,2.65,2.65,0.0,58.480762,0.0
2019-02-10,0,0,96,10.73,10.73,0.0,43.215267,0.0
2019-02-10,0,0,97,65.96,65.96,0.0,265.655078,0.0
2019-02-10,0,0,99,0.74,0.74,0.0,7.148146,0.0
2019-02-10,0,0,101,0.0,0.0,0.0,0.0,0.0
2019-02-10,0,0,102,6.64,6.64,0.0,-58.767731,0.0
2019-02-10,0,0,103,5.77,5.77,0.0,-51.067742,0.0
2019-02-10,0,0,104,1.07,1.07,0.0,-9.470101,0.0
2019-02-10,0,0,106,0.0,0.0,0.0,0.0,0.0
2019-02-10,0,0,109,104.95,104.95,0.0,804.851715,0.0
2019-02-10,0,0,110,338.6,338.6,0.0,-17376.79626,0.0
2019-02-10,0,0,111,0.0,0.0,0.0,0.0,0.0
2019-02-10,0,0,113,69.77,69.77,0.0,95.567944,0.0
2019-02-10,0,0,115,69.77,69.77,0.0,95.567944,0.0
2019-02-10,0,0,116,0.0,0.0,0.0,-0.0,0.0
2019-02-10,0,0,117,4.65,4.65,0.0,6.36937,0.0
2019-02-10,0,0,119,93.6,93.6,0.0,2559.848356,0.0
2019-02-10,0,0,120,55.04,55.04,0.0,1505.278349,0.0
2019-02-10,0,0,123,0.0,0.0,0.0,0.0,0.0
2019-02-10,0,0,125,54.58,54.58,0.0,224.471584,0.0
2019-02-10,0,0,126,0.0,0.0,0.0,0.0,0.0
2019-02-10,0,0,127,0.0,0.0,0.0,0.0,0.0
2019-02-10,0,0,128,78.18,78.18,0.0,321.531485,0.0
2019-02-10,0,0,131,8.68,8.68,0.0,-52.587967,0.0
2019-02-10,0,0,132,12.76,12.76,0.0,-77.306735,0.0
2019-02-10,0,0,133,64.59,64.59,0.0,739.122747,0.0
2019-02-10,0,0,134,0.0,0.0,0.0,0.0,0.0
2019-02-10,0,0,135,86.55,86.55,0.0,990.417615,0.0
2019-02-10,0,0,136,15.92,15.92,0.0,181.043346,0.0
2019-02-10,0,0,139,117.39,117.39,0.0,744.385404,0.0
2019-02-10,0,0,140,250.6,250.6,0.0,-12860.676736,0.0
2019-02-10,0,0,141,82.17,82.17,0.0,-1586.286313,0.0
2019-02-10,0,0,142,0.0,0.0,0.0,-0.0,0.0
2019-02-10,0,0,143,43.16,43.16,0.0,175.706607,0.0
2019-02-10,0,0,145,13.06,13.06,0.0,70.623486,0.0
2019-02-10,0,0,146,268.0,268.0,0.0,-13753.636733,0.0
2019-02-10,0,0,152,0.0,0.0,0.0,0.0,0.0
2019-02-10,0,0,153,0.0,0.0,0.0,0.0,0.0
2019-02-10,0,0,154,0.0,0.0,0.0,0.0,0.0
2019-02-10,0,0,157,220.57,220.57,0.0,-4258.088986,0.0
2019-02-10,0,0,158,0.0,0.0,0.0,-0.0,0.0
2019-02-10,0,0,159,0.0,0.0,0.0,0.0,0.0
2019-02-10,0,0,160,0.0,0.0,0.0,0.0,0.0
2019-02-10,0,0,161,0.0,0.0,0.0,-0.0,0.0
2019-02-10,0,0,162,2.85,2.85,0.0,63.062233,0.0
2019-02-10,0,0,163,88.65,88.65,0.0,-4549.477225,0.0
2019-02-10,0,0,164,0.0,0.0,0.0,0.0,0.0
2019-02-10,0,0,167,0.0,0.0,0.0,0.0,0.0
2019-02-10,0,0,168,0.0,0.0,0.0,0.0,0.0
2019-02-10,0,0,169,0.0,0.0,0.0,0.0,0.0
2019-02-10,0,0,170,0.0,0.0,0.0,0.0,0.0
2019-02-10,0,0,172,0.0,0.0,0.0,0.0,0.0
2019-02-10,0,0,173,0.0,0.0,0.0,0.0,0.0
2019-02-10,0,0,188,0.0,0.0,0.0,0.0,0.0
2019-02-10,0,0,190,0.0,0.0,0.0,0.0,0.0
2019-02-10,0,0,191,0.0,0.0,0.0,0.0,0.0
2019-02-10,0,0,192,182.29,182.29,0.0,4985.414068,0.0
2019-02-10,0,0,194,97.81,97.81,0.0,1009.062788,0.0
2019-02-10,0,0,196,0.0,0.0,0.0,0.0,0.0
2019-02-10,0,0,198,0.0,0.0,0.0,0.0,0.0
2019-02-10,0,0,199,2.38,2.38,0.0,27.454131,0.0
2019-02-10,0,0,200,0.0,0.0,0.0,0.0,0.0
2019-02-10,0,0,204,478.26,478.26,0.0,3576.479438,0.0
2019-02-10,0,0,205,555.2,555.2,0.0,4257.776769,0.0
2019-02-10,0,0,206,193.81,193.81,0.0,780.573236,0.0
2019-02-10,0,0,210,0.0,0.0,0.0,0.0,0.0
2019-02-10,0,0,214,0.0,0.0,0.0,0.0,0.0
2019-02-10,0,0,217,0.0,0.0,0.0,0.0,0.0
2019-02-10,0,0,218,0.0,0.0,0.0,0.0,0.0
2019-02-10,0,0,219,0.0,0.0,0.0,0.0,0.0
2019-02-10,0,0,221,0.0,0.0,0.0,0.0,0.0
2019-02-10,0,0,225,0.0,0.0,0.0,0.0,0.0
2019-02-10,0,0,233,0.0,0.0,0.0,0.0,0.0
2019-02-10,0,0,236,7.27,7.27,0.0,76.952002,0.0
2019-02-10,0,0,237,9.17,9.17,0.0,88.579057,0.0
2019-02-10,0,0,238,0.0,0.0,0.0,0.0,0.0
2019-02-10,0,0,240,0.0,0.0,0.0,0.0,0.0
2019-02-10,0,0,245,73.99,73.99,0.0,863.123367,0.0
2019-02-10,0,0,247,30.08,30.08,0.0,350.895403,0.0
2019-02-10,0,0,248,0.92,0.92,0.0,8.886885,0.0
2019-02-10,0,0,249,138.6,138.6,0.0,1616.825229,0.0
2019-02-10,0,0,251,20.46,20.46,0.0,230.65989,0.0
2019-02-10,0,0,252,46.15,46.15,0.0,524.978053,0.0
2019-02-10,0,0,254,0.0,0.0,0.0,0.0,0.0
2019-02-10,0,0,255,0.0,0.0,0.0,0.0,0.0
2019-02-10,0,0,258,0.0,0.0,0.0,0.0,0.0
2019-02-10,0,0,260,0.0,0.0,0.0,0.0,0.0
2019-02-10,0,0,265,0.0,0.0,0.0,0.0,0.0
2019-02-10,0,0,266,76.01,76.01,0.0,481.989391,0.0
2019-02-10,0,0,267,93.41,93.41,0.0,592.325076,0.0
2019-02-10,0,0,270,276.85,276.85,0.0,-14207.814662,0.0
2019-02-10,0,0,272,233.16,233.16,0.0,319.372535,0.0
2019-02-10,0,0,273,0.0,0.0,0.0,-0.0,0.0
2019-02-10,0,0,274,356.89,356.89,0.0,-18315.430647,0.0
2019-02-10,0,0,275,496.8,496.8,0.0,-25495.547495,0.0
2019-02-10,0,0,276,0.0,0.0,0.0,-0.0,0.0
2019-02-10,0,0,277,0.0,0.0,0.0,0.0,0.0
2019-02-10,0,0,278,0.0,0.0,0.0,0.0,0.0
2019-02-10,0,0,279,85.19,85.19,0.0,74.042962,0.0
2019-02-10,0,0,281,6.84,6.84,0.0,27.845996,0.0
2019-02-10,0,0,282,0.0,0.0,0.0,0.0,0.0
2019-02-10,1,0,9,0.0,0.0,0.0,0.0,0.0
2019-02-10,1,0,17,0.0,0.0,0.0,0.0,0.0
2019-02-10,1,0,19,401.89,401.89,0.0,3890.915281,0.0
2019-02-10,1,0,20,487.42,487.42,0.0,4718.977647,0.0
2019-02-10,1,0,21,0.0,0.0,0.0,0.0,0.0
2019-02-10,1,0,22,0.0,0.0,0.0,0.0,0.0
2019-02-10,1,0,23,32.67,32.67,0.0,164.995283,0.0
2019-02-10,1,0,24,57.81,57.81,0.0,291.961349,0.0
2019-02-10,1,0,29,0.0,0.0,0.0,0.0,0.0
2019-02-10,1,0,30,0.0,0.0,0.0,0.0,0.0
2019-02-10,1,0,31,35.01,35.01,0.0,175.905635,0.0
2019-02-10,1,0,32,0.0,0.0,0.0,0.0,0.0
2019-02-10,1,0,33,0.0,0.0,0.0,0.0,0.0
2019-02-10,1,0,34,0.0,0.0,0.0,0.0,0.0
2019-02-10,1,0,35,0.0,0.0,0.0,0.0,0.0
2019-02-10,1,0,36,0.0,0.0,0.0,0.0,0.0
2019-02-10,1,0,37,0.0,0.0,0.0,0.0,0.0
2019-02-10,1,0,38,0.0,0.0,0.0,0.0,0.0
2019-02-10,1,0,39,0.0,0.0,0.0,0.0,0.0
2019-02-10,1,0,40,0.0,0.0,0.0,0.0,0.0
2019-02-10,1,0,41,102.16,102.16,0.0,658.188608,0.0
2019-02-10,1,0,42,0.0,0.0,0.0,0.0,0.0
2019-02-10,1,0,43,0.0,0.0,0.0,0.0,0.0
2019-02-10,1,0,46,0.0,0.0,0.0,0.0,0.0
2019-02-10,1,0,52,37.28,37.28,0.0,187.311113,0.0
2019-02-10,1,0,53,60.93,60.93,0.0,306.139113,0.0
2019-02-10,1,0,55,163.44,163.44,0.0,825.430945,0.0
2019-02-10,1,0,56,0.0,0.0,0.0,0.0,0.0
2019-02-10,1,0,57,0.0,0.0,0.0,0.0,0.0
2019-02-10,1,0,58,0.0,0.0,0.0,0.0,0.0
2019-02-10,1,0,59,0.0,0.0,0.0,0.0,0.0
2019-02-10,1,0,63,110.86,110.86,0.0,3594.918982,0.0
2019-02-10,1,0,64,130.43,130.43,0.0,4229.526275,0.0
2019-02-10,1,0,65,6.42,6.42,0.0,61.898273,0.0
2019-02-10,1,0,67,0.0,0.0,0.0,-0.0,0.0
2019-02-10,1,0,68,3.27,3.27,0.0,-122.804784,0.0
2019-02-10,1,0,69,0.0,0.0,0.0,0.0,0.0
2019-02-10,1,0,74,5.18,5.18,0.0,44.214493,0.0
2019-02-10,1,0,77,102.96,102.96,0.0,-2183.091535,0.0
2019-02-10,1,0,78,77.83,77.83,0.0,-1650.252663,0.0
2019-02-10,1,0,79,45.04,45.04,0.0,-954.99653,0.0
2019-02-10,1,0,80,72.84,72.84,0.0,-1544.448207,0.0
2019-02-10,1,0,81,95.23,95.23,0.0,-2019.190043,0.0
2019-02-10,1,0,82,67.18,67.18,0.0,-1424.437542,0.0
2019-02-10,1,0,83,149.8,149.8,0.0,-3176.254001,0.0
2019-02-10,1,0,84,0.0,0.0,0.0,0.0,0.0
2019-02-10,1,0,86,0.0,0.0,0.0,0.0,0.0
2019-02-10,1,0,87,0.0,0.0,0.0,0.0,0.0
2019-02-10,1,0,88,111.35,111.35,0.0,-2360.987203,0.0
2019-02-10,1,0,89,107.04,107.04,0.0,-2269.600989,0.0
2019-02-10,1,0,90,143.73,143.73,0.0,-3047.549983,0.0
2019-02-10,1,0,91,512.7,512.7,0.0,-10870.930748,0.0
2019-02-10,1,0,92,184.39,184.39,0.0,-3909.676069,0.0
2019-02-10,1,0,95,5.01,5.01,0.0,113.947538,0.0
2019-02-10,1,0,96,11.53,11.53,0.0,57.619443,0.0
2019-02-10,1,0,97,70.88,70.88,0.0,354.212156,0.0
2019-02-10,1,0,99,1.0,1.0,0.0,8.535616,0.0
2019-02-10,1,0,101,0.0,0.0,0.0,0.0,0.0
2019-02-10,1,0,102,7.74,7.74,0.0,-290.675543,0.0
2019-02-10,1,0,103,6.73,6.73,0.0,-252.745013,0.0
2019-02-10,1,0,104,1.25,1.25,0.0,-46.943725,0.0
2019-02-10,1,0,106,0.0,0.0,0.0,0.0,0.0
2019-02-10,1,0,109,131.13,131.13,0.0,951.845803,0.0
2019-02-10,1,0,110,338.6,338.6,0.0,-39456.361662,0.0
2019-02-10,1,0,111,0.0,0.0,0.0,0.0,0.0
2019-02-10,1,0,113,51.82,51.82,0.0,-922.010526,0.0
2019-02-10,1,0,115,51.82,51.82,0.0,-922.010526,0.0
2019-02-10,1,0,116,0.0,0.0,0.0,-0.0,0.0
2019-02-10,1,0,117,3.54,3.54,0.0,-62.985667,0.0
2019-02-10,1,0,119,130.43,130.43,0.0,4229.526275,0.0
2019-02-10,1,0,120,76.69,76.69,0.0,2486.869355,0.0
2019-02-10,1,0,123,0.0,0.0,0.0,0.0,0.0
2019-02-10,1,0,125,52.31,52.31,0.0,264.184366,0.0
2019-02-10,1,0,126,0.0,0.0,0.0,0.0,0.0
2019-02-10,1,0,127,0.0,0.0,0.0,0.0,0.0
2019-02-10,1,0,128,74.93,74.93,0.0,378.423524,0.0
2019-02-10,1,0,131,10.11,10.11,0.0,-327.190493,0.0
2019-02-10,1,0,132,14.85,14.85,0.0,-480.591378,0.0
2019-02-10,1,0,133,51.83,51.83,0.0,501.990025,0.0
2019-02-10,1,0,134,0.0,0.0,0.0,0.0,0.0
2019-02-10,1,0,135,69.45,69.45,0.0,672.645326,0.0
2019-02-10,1,0,136,16.86,16.86,0.0,162.518191,0.0
2019-02-10,1,0,139,131.93,131.93,0.0,849.988479,0.0
2019-02-10,1,0,140,250.6,250.6,0.0,-29201.902636,0.0
2019-02-10,1,0,141,62.61,62.61,0.0,-3568.47883,0.0
2019-02-10,1,0,142,0.0,0.0,0.0,-0.0,0.0
2019-02-10,1,0,143,44.92,44.92,0.0,225.697833,0.0
2019-02-10,1,0,145,18.77,18.77,0.0,109.890603,0.0
2019-02-10,1,0,146,268.0,268.0,0.0,-31229.488853,0.0
2019-02-10,1,0,152,0.0,0.0,0.0,0.0,0.0
2019-02-10,1,0,153,0.0,0.0,0.0,0.0,0.0
2019-02-10,1,0,154,0.0,0.0,0.0,0.0,0.0
2019-02-10,1,0,157,233.01,233.01,0.0,-13280.486377,0.0
2019-02-10,1,0,158,0.0,0.0,0.0,-0.0,0.0
2019-02-10,1,0,159,0.0,0.0,0.0,0.0,0.0
2019-02-10,1,0,160,0.0,0.0,0.0,0.0,0.0
2019-02-10,1,0,161,0.0,0.0,0.0,-0.0,0.0
2019-02-10,1,0,162,4.66,4.66,0.0,106.482741,0.0
2019-02-10,1,0,163,106.97,106.97,0.0,-12464.994114,0.0
2019-02-10,1,0,164,0.0,0.0,0.0,0.0,0.0
2019-02-10,1,0,167,0.0,0.0,0.0,0.0,0.0
2019-02-10,1,0,168,0.0,0.0,0.0,0.0,0.0
2019-02-10,1,0,169,0.0,0.0,0.0,0.0,0.0
2019-02-10,1,0,170,0.0,0.0,0.0,0.0,0.0
2019-02-10,1,0,172,0.0,0.0,0.0,0.0,0.0
2019-02-10,1,0,173,0.0,0.0,0.0,0.0,0.0
2019-02-10,1,0,188,0.0,0.0,0.0,0.0,0.0
2019-02-10,1,0,190,0.0,0.0,0.0,0.0,0.0
2019-02-10,1,0,191,0.0,0.0,0.0,0.0,0.0
2019-02-10,1,0,192,211.54,211.54,0.0,6859.725433,0.0
2019-02-10,1,0,194,143.51,143.51,0.0,-20.050247,0.0
2019-02-10,1,0,196,0.0,0.0,0.0,0.0,0.0
2019-02-10,1,0,198,0.0,0.0,0.0,0.0,0.0
2019-02-10,1,0,199,5.41,5.41,0.0,36.556434,0.0
2019-02-10,1,0,200,0.0,0.0,0.0,0.0,0.0
2019-02-10,1,0,204,594.06,594.06,0.0,4240.100995,0.0
2019-02-10,1,0,205,693.68,693.68,0.0,5035.280994,0.0
2019-02-10,1,0,206,208.29,208.29,0.0,1040.897995,0.0
2019-02-10,1,0,210,0.0,0.0,0.0,0.0,0.0
2019-02-10,1,0,214,0.0,0.0,0.0,0.0,0.0
2019-02-10,1,0,217,0.0,0.0,0.0,0.0,0.0
2019-02-10,1,0,218,0.0,0.0,0.0,0.0,0.0
2019-02-10,1,0,219,0.0,0.0,0.0,0.0,0.0
2019-02-10,1,0,221,0.0,0.0,0.0,0.0,0.0
2019-02-10,1,0,225,0.0,0.0,0.0,0.0,0.0
2019-02-10,1,0,233,0.0,0.0,0.0,0.0,0.0
2019-02-10,1,0,236,5.57,5.57,0.0,50.853826,0.0
2019-02-10,1,0,237,12.41,12.41,0.0,105.926999,0.0
2019-02-10,1,0,238,0.0,0.0,0.0,0.0,0.0
2019-02-10,1,0,240,0.0,0.0,0.0,0.0,0.0
2019-02-10,1,0,245,28.97,28.97,0.0,284.742729,0.0
2019-02-10,1,0,247,26.78,26.78,0.0,263.217476,0.0
2019-02-10,1,0,248,1.25,1.25,0.0,10.66952,0.0
2019-02-10,1,0,249,55.72,55.72,0.0,547.665338,0.0
2019-02-10,1,0,251,14.05,14.05,0.0,134.538465,0.0
2019-02-10,1,0,252,41.39,41.39,0.0,399.06067,0.0
2019-02-10,1,0,254,0.0,0.0,0.0,0.0,0.0
2019-02-10,1,0,255,0.0,0.0,0.0,0.0,0.0
2019-02-10,1,0,258,0.0,0.0,0.0,0.0,0.0
2019-02-10,1,0,260,0.0,0.0,0.0,0.0,0.0
2019-02-10,1,0,265,0.0,0.0,0.0,0.0,0.0
2019-02-10,1,0,266,85.43,85.43,0.0,550.401848,0.0
2019-02-10,1,0,267,104.98,104.98,0.0,676.357087,0.0
2019-02-10,1,0,270,334.08,334.08,0.0,-38929.655358,0.0
2019-02-10,1,0,272,172.83,172.83,0.0,-3075.088367,0.0
2019-02-10,1,0,273,0.0,0.0,0.0,-0.0,0.0
2019-02-10,1,0,274,430.67,430.67,0.0,-50185.089418,0.0
2019-02-10,1,0,275,599.49,599.49,0.0,-69857.336837,0.0
2019-02-10,1,0,276,0.0,0.0,0.0,-0.0,0.0
2019-02-10,1,0,277,0.0,0.0,0.0,-0.0,0.0
2019-02-10,1,0,278,0.0,0.0,0.0,-0.0,0.0
2019-02-10,1,0,279,107.81,107.81,0.0,-2065.637505,0.0
2019-02-10,1,0,281,14.46,14.46,0.0,72.653399,0.0
2019-02-10,1,0,282,0.0,0.0,0.0,0.0,0.0
2019-02-10,2,0,9,0.0,0.0,0.0,0.0,0.0
2019-02-10,2,0,17,0.0,0.0,0.0,0.0,0.0
2019-02-10,2,0,19,396.1,396.1,0.0,4599.218363,0.0
2019-02-10,2,0,20,480.39,480.39,0.0,5577.931102,0.0
2019-02-10,2,0,21,0.0,0.0,0.0,0.0,0.0
2019-02-10,2,0,22,0.0,0.0,0.0,0.0,0.0
2019-02-10,2,0,23,21.7,21.7,0.0,87.222377,0.0
2019-02-10,2,0,24,38.4,38.4,0.0,154.347433,0.0
2019-02-10,2,0,29,0.0,0.0,0.0,0.0,0.0
2019-02-10,2,0,30,0.0,0.0,0.0,0.0,0.0
2019-02-10,2,0,31,9.67,9.67,0.0,38.454498,0.0
2019-02-10,2,0,32,0.0,0.0,0.0,0.0,0.0
2019-02-10,2,0,33,0.0,0.0,0.0,0.0,0.0
2019-02-10,2,0,34,0.0,0.0,0.0,0.0,0.0
2019-02-10,2,0,35,0.0,0.0,0.0,0.0,0.0
2019-02-10,2,0,36,0.0,0.0,0.0,0.0,0.0
2019-02-10,2,0,37,0.0,0.0,0.0,0.0,0.0
2019-02-10,2,0,38,0.0,0.0,0.0,0.0,0.0
2019-02-10,2,0,39,0.0,0.0,0.0,0.0,0.0
2019-02-10,2,0,40,0.0,0.0,0.0,0.0,0.0
2019-02-10,2,0,41,76.99,76.99,0.0,486.08325,0.0
2019-02-10,2,0,42,0.0,0.0,0.0,0.0,0.0
2019-02-10,2,0,43,0.0,0.0,0.0,0.0,0.0
2019-02-10,2,0,46,0.0,0.0,0.0,0.0,0.0
2019-02-10,2,0,52,10.25,10.25,0.0,40.760972,0.0
2019-02-10,2,0,53,16.29,16.29,0.0,64.780121,0.0
2019-02-10,2,0,55,116.49,116.49,0.0,468.227407,0.0
2019-02-10,2,0,56,0.0,0.0,0.0,0.0,0.0
2019-02-10,2,0,57,0.0,0.0,0.0,0.0,0.0
2019-02-10,2,0,58,0.0,0.0,0.0,0.0,0.0
2019-02-10,2,0,59,0.0,0.0,0.0,0.0,0.0
2019-02-10,2,0,63,104.63,104.63,0.0,2844.797626,0.0
2019-02-10,2,0,64,123.09,123.09,0.0,3346.708781,0.0
2019-02-10,2,0,65,4.69,4.69,0.0,54.151625,0.0
2019-02-10,2,0,67,0.0,0.0,0.0,-0.0,0.0
2019-02-10,2,0,68,2.25,2.25,0.0,-20.450089,0.0
2019-02-10,2,0,69,0.0,0.0,0.0,0.0,0.0
2019-02-10,2,0,74,6.87,6.87,0.0,66.969726,0.0
2019-02-10,2,0,77,74.16,74.16,0.0,-5.867781,0.0
2019-02-10,2,0,78,56.07,56.07,0.0,-4.436442,0.0
2019-02-10,2,0,79,32.45,32.45,0.0,-2.56755,0.0
2019-02-10,2,0,80,52.47,52.47,0.0,-4.151598,0.0
2019-02-10,2,0,81,68.6,68.6,0.0,-5.427856,0.0
2019-02-10,2,0,82,48.39,48.39,0.0,-3.828775,0.0
2019-02-10,2,0,83,107.91,107.91,0.0,-8.538192,0.0
2019-02-10,2,0,84,0.0,0.0,0.0,0.0,0.0
2019-02-10,2,0,86,0.0,0.0,0.0,0.0,0.0
2019-02-10,2,0,87,0.0,0.0,0.0,0.0,0.0
2019-02-10,2,0,88,93.71,93.71,0.0,-7.414641,0.0
2019-02-10,2,0,89,90.08,90.08,0.0,-7.127424,0.0
2019-02-10,2,0,90,120.95,120.95,0.0,-9.569959,0.0
2019-02-10,2,0,91,431.47,431.47,0.0,-34.139316,0.0
2019-02-10,2,0,92,155.18,155.18,0.0,-12.278348,0.0
2019-02-10,2,0,95,3.91,3.91,0.0,85.578899,0.0
2019-02-10,2,0,96,9.18,9.18,0.0,36.095453,0.0
2019-02-10,2,0,97,56.44,56.44,0.0,221.920193,0.0
2019-02-10,2,0,99,1.33,1.33,0.0,12.965027,0.0
2019-02-10,2,0,101,0.0,0.0,0.0,0.0,0.0
2019-02-10,2,0,102,5.33,5.33,0.0,-48.443988,0.0
2019-02-10,2,0,103,4.63,4.63,0.0,-42.081738,0.0
2019-02-10,2,0,104,0.86,0.86,0.0,-7.816478,0.0
2019-02-10,2,0,106,0.0,0.0,0.0,0.0,0.0
2019-02-10,2,0,109,96.77,96.77,0.0,742.015103,0.0
2019-02-10,2,0,110,338.6,338.6,0.0,-17508.663667,0.0
2019-02-10,2,0,111,0.0,0.0,0.0,0.0,0.0
2019-02-10,2,0,113,47.62,47.62,0.0,54.931106,0.0
2019-02-10,2,0,115,47.62,47.62,0.0,54.931106,0.0
2019-02-10,2,0,116,0.0,0.0,0.0,-0.0,0.0
2019-02-10,2,0,117,2.54,2.54,0.0,2.929967,0.0
2019-02-10,2,0,119,123.09,123.09,0.0,3346.708781,0.0
2019-02-10,2,0,120,72.38,72.38,0.0,1967.948506,0.0
2019-02-10,2,0,123,0.0,0.0,0.0,0.0,0.0
2019-02-10,2,0,125,34.75,34.75,0.0,139.676388,0.0
2019-02-10,2,0,126,0.0,0.0,0.0,0.0,0.0
2019-02-10,2,0,127,0.0,0.0,0.0,0.0,0.0
2019-02-10,2,0,128,49.77,49.77,0.0,200.048743,0.0
2019-02-10,2,0,131,6.25,6.25,0.0,-39.29347,0.0
2019-02-10,2,0,132,9.19,9.19,0.0,-57.777118,0.0
2019-02-10,2,0,133,54.07,54.07,0.0,628.152058,0.0
2019-02-10,2,0,134,0.0,0.0,0.0,0.0,0.0
2019-02-10,2,0,135,72.45,72.45,0.0,841.679611,0.0
2019-02-10,2,0,136,11.84,11.84,0.0,136.664582,0.0
2019-02-10,2,0,139,99.42,99.42,0.0,627.697061,0.0
2019-02-10,2,0,140,250.6,250.6,0.0,-12958.272637,0.0
2019-02-10,2,0,141,39.0,39.0,0.0,-763.639116,0.0
2019-02-10,2,0,142,0.0,0.0,0.0,-0.0,0.0
2019-02-10,2,0,143,17.34,17.34,0.0,68.955635,0.0
2019-02-10,2,0,145,14.97,14.97,0.0,80.059588,0.0
2019-02-10,2,0,146,268.0,268.0,0.0,-13858.009045,0.0
2019-02-10,2,0,152,0.0,0.0,0.0,0.0,0.0
2019-02-10,2,0,153,0.0,0.0,0.0,0.0,0.0
2019-02-10,2,0,154,0.0,0.0,0.0,0.0,0.0
2019-02-10,2,0,157,174.89,174.89,0.0,-3424.431923,0.0
2019-02-10,2,0,158,0.0,0.0,0.0,-0.0,0.0
2019-02-10,2,0,159,0.0,0.0,0.0,0.0,0.0
2019-02-10,2,0,160,0.0,0.0,0.0,0.0,0.0
2019-02-10,2,0,161,0.0,0.0,0.0,-0.0,0.0
2019-02-10,2,0,162,6.05,6.05,0.0,132.77537,0.0
2019-02-10,2,0,163,87.5,87.5,0.0,-4524.536535,0.0
2019-02-10,2,0,164,0.0,0.0,0.0,0.0,0.0
2019-02-10,2,0,167,0.0,0.0,0.0,0.0,0.0
2019-02-10,2,0,168,0.0,0.0,0.0,0.0,0.0
2019-02-10,2,0,169,0.0,0.0,0.0,0.0,0.0
2019-02-10,2,0,170,0.0,0.0,0.0,0.0,0.0
2019-02-10,2,0,172,0.0,0.0,0.0,0.0,0.0
2019-02-10,2,0,173,0.0,0.0,0.0,0.0,0.0
2019-02-10,2,0,188,0.0,0.0,0.0,0.0,0.0
2019-02-10,2,0,190,0.0,0.0,0.0,0.0,0.0
2019-02-10,2,0,191,0.0,0.0,0.0,0.0,0.0
2019-02-10,2,0,192,177.41,177.41,0.0,4823.621779,0.0
2019-02-10,2,0,194,145.24,145.24,0.0,1468.824804,0.0
2019-02-10,2,0,196,0.0,0.0,0.0,0.0,0.0
2019-02-10,2,0,198,0.0,0.0,0.0,0.0,0.0
2019-02-10,2,0,199,2.22,2.22,0.0,24.973371,0.0
2019-02-10,2,0,200,0.0,0.0,0.0,0.0,0.0
2019-02-10,2,0,204,431.87,431.87,0.0,3225.829268,0.0
2019-02-10,2,0,205,475.07,475.07,0.0,3642.752041,0.0
2019-02-10,2,0,206,165.85,165.85,0.0,652.116654,0.0
2019-02-10,2,0,210,0.0,0.0,0.0,0.0,0.0
2019-02-10,2,0,214,0.0,0.0,0.0,0.0,0.0
2019-02-10,2,0,217,0.0,0.0,0.0,0.0,0.0
2019-02-10,2,0,218,0.0,0.0,0.0,0.0,0.0
2019-02-10,2,0,219,0.0,0.0,0.0,0.0,0.0
2019-02-10,2,0,221,0.0,0.0,0.0,0.0,0.0
2019-02-10,2,0,225,0.0,0.0,0.0,0.0,0.0
2019-02-10,2,0,233,0.0,0.0,0.0,0.0,0.0
2019-02-10,2,0,236,10.31,10.31,0.0,110.480377,0.0
2019-02-10,2,0,237,16.48,16.48,0.0,160.649358,0.0
2019-02-10,2,0,238,0.0,0.0,0.0,0.0,0.0
2019-02-10,2,0,240,0.0,0.0,0.0,0.0,0.0
2019-02-10,2,0,245,28.87,28.87,0.0,342.124673,0.0
2019-02-10,2,0,247,26.39,26.39,0.0,312.73537,0.0
2019-02-10,2,0,248,1.65,1.65,0.0,16.084432,0.0
2019-02-10,2,0,249,55.52,55.52,0.0,657.941179,0.0
2019-02-10,2,0,251,10.44,10.44,0.0,119.426917,0.0
2019-02-10,2,0,252,30.23,30.23,0.0,349.041287,0.0
2019-02-10,2,0,254,0.0,0.0,0.0,0.0,0.0
2019-02-10,2,0,255,0.0,0.0,0.0,0.0,0.0
2019-02-10,2,0,258,0.0,0.0,0.0,0.0,0.0
2019-02-10,2,0,260,0.0,0.0,0.0,0.0,0.0
2019-02-10,2,0,265,0.0,0.0,0.0,0.0,0.0
2019-02-10,2,0,266,64.38,64.38,0.0,406.468887,0.0
2019-02-10,2,0,267,79.11,79.11,0.0,499.46806,0.0
2019-02-10,2,0,270,273.26,273.26,0.0,-14129.998327,0.0
2019-02-10,2,0,272,205.41,205.41,0.0,236.94663,0.0
2019-02-10,2,0,273,0.0,0.0,0.0,-0.0,0.0
2019-02-10,2,0,274,352.27,352.27,0.0,-18215.525546,0.0
2019-02-10,2,0,275,490.37,490.37,0.0,-25356.536924,0.0
2019-02-10,2,0,276,0.0,0.0,0.0,-0.0,0.0
2019-02-10,2,0,277,0.0,0.0,0.0,0.0,0.0
2019-02-10,2,0,278,0.0,0.0,0.0,0.0,0.0
2019-02-10,2,0,279,86.25,86.25,0.0,56.868033,0.0
2019-02-10,2,0,281,4.34,4.34,0.0,17.258792,0.0
2019-02-10,2,0,282,0.0,0.0,0.0,0.0,0.0
2019-02-10,3,0,9,0.0,0.0,0.0,0.0,0.0
2019-02-10,3,0,17,0.0,0.0,0.0,0.0,0.0
2019-02-10,3,0,19,407.11,407.11,0.0,5614.409861,0.0
2019-02-10,3,0,20,493.75,493.75,0.0,6809.252705,0.0
2019-02-10,3,0,21,0.0,0.0,0.0,0.0,0.0
2019-02-10,3,0,22,0.0,0.0,0.0,0.0,0.0
2019-02-10,3,0,23,13.47,13.47,0.0,134.404088,0.0
2019-02-10,3,0,24,23.83,23.83,0.0,237.776498,0.0
2019-02-10,3,0,29,0.0,0.0,0.0,0.0,0.0
2019-02-10,3,0,30,0.0,0.0,0.0,0.0,0.0
2019-02-10,3,0,31,5.45,5.45,0.0,54.276347,0.0
2019-02-10,3,0,32,0.0,0.0,0.0,0.0,0.0
2019-02-10,3,0,33,0.0,0.0,0.0,0.0,0.0
2019-02-10,3,0,34,0.0,0.0,0.0,0.0,0.0
2019-02-10,3,0,35,0.0,0.0,0.0,0.0,0.0
2019-02-10,3,0,36,0.0,0.0,0.0,0.0,0.0
2019-02-10,3,0,37,0.0,0.0,0.0,0.0,0.0
2019-02-10,3,0,38,0.0,0.0,0.0,0.0,0.0
2019-02-10,3,0,39,0.0,0.0,0.0,0.0,0.0
2019-02-10,3,0,40,0.0,0.0,0.0,0.0,0.0
2019-02-10,3,0,41,56.34,56.34,0.0,621.647905,0.0
2019-02-10,3,0,42,0.0,0.0,0.0,0.0,0.0
2019-02-10,3,0,43,0.0,0.0,0.0,0.0,0.0
2019-02-10,3,0,46,0.0,0.0,0.0,0.0,0.0
2019-02-10,3,0,52,5.78,5.78,0.0,57.562805,0.0
2019-02-10,3,0,53,9.18,9.18,0.0,91.423278,0.0
2019-02-10,3,0,55,62.78,62.78,0.0,626.420836,0.0
2019-02-10,3,0,56,0.0,0.0,0.0,0.0,0.0
2019-02-10,3,0,57,0.0,0.0,0.0,0.0,0.0
2019-02-10,3,0,58,0.0,0.0,0.0,0.0,0.0
2019-02-10,3,0,59,0.0,0.0,0.0,0.0,0.0
2019-02-10,3,0,63,99.17,99.17,0.0,2177.870898,0.0
2019-02-10,3,0,64,116.67,116.67,0.0,2562.188139,0.0
2019-02-10,3,0,65,3.87,3.87,0.0,53.224617,0.0
2019-02-10,3,0,67,0.0,0.0,0.0,-0.0,0.0
2019-02-10,3,0,68,1.48,1.48,0.0,5.549761,0.0
2019-02-10,3,0,69,0.0,0.0,0.0,0.0,0.0
2019-02-10,3,0,74,9.32,9.32,0.0,118.625611,0.0
2019-02-10,3,0,77,51.54,51.54,0.0,420.491493,0.0
2019-02-10,3,0,78,38.97,38.97,0.0,317.938562,0.0
2019-02-10,3,0,79,22.55,22.55,0.0,183.975226,0.0
2019-02-10,3,0,80,36.47,36.47,0.0,297.542195,0.0
2019-02-10,3,0,81,47.68,47.68,0.0,388.999503,0.0
2019-02-10,3,0,82,33.63,33.63,0.0,274.371923,0.0
2019-02-10,3,0,83,75.0,75.0,0.0,611.890997,0.0
2019-02-10,3,0,84,0.0,0.0,0.0,0.0,0.0
2019-02-10,3,0,86,0.0,0.0,0.0,0.0,0.0
2019-02-10,3,0,87,0.0,0.0,0.0,0.0,0.0
2019-02-10,3,0,88,78.13,78.13,0.0,637.427248,0.0
2019-02-10,3,0,89,75.11,75.11,0.0,612.788437,0.0
2019-02-10,3,0,90,100.85,100.85,0.0,822.789427,0.0
2019-02-10,3,0,91,359.75,359.75,0.0,2935.037149,0.0
2019-02-10,3,0,92,129.38,129.38,0.0,1055.552763,0.0
2019-02-10,3,0,95,6.8,6.8,0.0,132.231303,0.0
2019-02-10,3,0,96,7.23,7.23,0.0,71.859214,0.0
2019-02-10,3,0,97,44.43,44.43,0.0,441.591267,0.0
2019-02-10,3,0,99,1.8,1.8,0.0,22.910526,0.0
2019-02-10,3,0,101,0.0,0.0,0.0,0.0,0.0
2019-02-10,3,0,102,3.5,3.5,0.0,13.124435,0.0
2019-02-10,3,0,103,3.05,3.05,0.0,11.437007,0.0
2019-02-10,3,0,104,0.57,0.57,0.0,2.137408,0.0
2019-02-10,3,0,106,0.0,0.0,0.0,0.0,0.0
2019-02-10,3,0,109,74.7,74.7,0.0,864.869952,0.0
2019-02-10,3,0,110,338.6,338.6,0.0,-5812.451046,0.0
2019-02-10,3,0,111,0.0,0.0,0.0,0.0,0.0
2019-02-10,3,0,113,33.63,33.63,0.0,296.139386,0.0
2019-02-10,3,0,115,33.63,33.63,0.0,296.139386,0.0
2019-02-10,3,0,116,0.0,0.0,0.0,-0.0,0.0
2019-02-10,3,0,117,1.73,1.73,0.0,15.234051,0.0
2019-02-10,3,0,119,116.67,116.67,0.0,2562.188139,0.0
2019-02-10,3,0,120,68.6,68.6,0.0,1506.523582,0.0
2019-02-10,3,0,123,0.0,0.0,0.0,0.0,0.0
2019-02-10,3,0,125,21.56,21.56,0.0,215.126366,0.0
2019-02-10,3,0,126,0.0,0.0,0.0,0.0,0.0
2019-02-10,3,0,127,0.0,0.0,0.0,0.0,0.0
2019-02-10,3,0,128,30.88,30.88,0.0,308.121622,0.0
2019-02-10,3,0,131,3.51,3.51,0.0,17.988463,0.0
2019-02-10,3,0,132,5.16,5.16,0.0,26.444577,0.0
2019-02-10,3,0,133,33.03,33.03,0.0,455.630656,0.0
2019-02-10,3,0,134,0.0,0.0,0.0,0.0,0.0
2019-02-10,3,0,135,44.21,44.21,0.0,609.852598,0.0
2019-02-10,3,0,136,8.72,8.72,0.0,119.909226,0.0
2019-02-10,3,0,139,72.75,72.75,0.0,802.713615,0.0
2019-02-10,3,0,140,250.6,250.6,0.0,-4301.831754,0.0
2019-02-10,3,0,141,22.25,22.25,0.0,-31.126367,0.0
2019-02-10,3,0,142,0.0,0.0,0.0,-0.0,0.0
2019-02-10,3,0,143,6.02,6.02,0.0,59.952956,0.0
2019-02-10,3,0,145,11.89,11.89,0.0,125.571018,0.0
2019-02-10,3,0,146,268.0,268.0,0.0,-4600.522387,0.0
2019-02-10,3,0,152,0.0,0.0,0.0,0.0,0.0
2019-02-10,3,0,153,0.0,0.0,0.0,0.0,0.0
2019-02-10,3,0,154,0.0,0.0,0.0,0.0,0.0
2019-02-10,3,0,157,129.78,129.78,0.0,-181.554153,0.0
2019-02-10,3,0,158,0.0,0.0,0.0,-0.0,0.0
2019-02-10,3,0,159,0.0,0.0,0.0,0.0,0.0
2019-02-10,3,0,160,0.0,0.0,0.0,0.0,0.0
2019-02-10,3,0,161,0.0,0.0,0.0,0.0,0.0
2019-02-10,3,0,162,7.74,7.74,0.0,150.721687,0.0
2019-02-10,3,0,163,70.21,70.21,0.0,-1205.233869,0.0
2019-02-10,3,0,164,0.0,0.0,0.0,0.0,0.0
2019-02-10,3,0,167,0.0,0.0,0.0,0.0,0.0
2019-02-10,3,0,168,0.0,0.0,0.0,0.0,0.0
2019-02-10,3,0,169,0.0,0.0,0.0,0.0,0.0
2019-02-10,3,0,170,0.0,0.0,0.0,0.0,0.0
2019-02-10,3,0,172,0.0,0.0,0.0,0.0,0.0
2019-02-10,3,0,173,0.0,0.0,0.0,0.0,0.0
2019-02-10,3,0,188,0.0,0.0,0.0,0.0,0.0
2019-02-10,3,0,190,0.0,0.0,0.0,0.0,0.0
2019-02-10,3,0,191,0.0,0.0,0.0,0.0,0.0
2019-02-10,3,0,192,147.7,147.7,0.0,3243.637508,0.0
2019-02-10,3,0,194,146.79,146.79,0.0,1943.829349,0.0
2019-02-10,3,0,196,0.0,0.0,0.0,0.0,0.0
2019-02-10,3,0,198,0.0,0.0,0.0,0.0,0.0
2019-02-10,3,0,199,2.34,2.34,0.0,26.646119,0.0
2019-02-10,3,0,200,0.0,0.0,0.0,0.0,0.0
2019-02-10,3,0,204,307.92,307.92,0.0,3533.205728,0.0
2019-02-10,3,0,205,395.15,395.15,0.0,4575.011532,0.0
2019-02-10,3,0,206,130.56,130.56,0.0,1297.64024,0.0
2019-02-10,3,0,210,0.0,0.0,0.0,0.0,0.0
2019-02-10,3,0,214,0.0,0.0,0.0,0.0,0.0
2019-02-10,3,0,217,0.0,0.0,0.0,0.0,0.0
2019-02-10,3,0,218,0.0,0.0,0.0,0.0,0.0
2019-02-10,3,0,219,0.0,0.0,0.0,0.0,0.0
2019-02-10,3,0,221,0.0,0.0,0.0,0.0,0.0
2019-02-10,3,0,225,0.0,0.0,0.0,0.0,0.0
2019-02-10,3,0,233,0.0,0.0,0.0,0.0,0.0
2019-02-10,3,0,236,17.12,17.12,0.0,227.155329,0.0
2019-02-10,3,0,237,22.35,22.35,0.0,284.472362,0.0
2019-02-10,3,0,238,0.0,0.0,0.0,0.0,0.0
2019-02-10,3,0,240,0.0,0.0,0.0,0.0,0.0
2019-02-10,3,0,245,30.86,30.86,0.0,429.872023,0.0
2019-02-10,3,0,247,28.3,28.3,0.0,394.211868,0.0
2019-02-10,3,0,248,2.24,2.24,0.0,28.510877,0.0
2019-02-10,3,0,249,59.34,59.34,0.0,826.591245,0.0
2019-02-10,3,0,251,9.65,9.65,0.0,132.119449,0.0
2019-02-10,3,0,252,24.99,24.99,0.0,343.690745,0.0
2019-02-10,3,0,254,0.0,0.0,0.0,0.0,0.0
2019-02-10,3,0,255,0.0,0.0,0.0,0.0,0.0
2019-02-10,3,0,258,0.0,0.0,0.0,0.0,0.0
2019-02-10,3,0,260,0.0,0.0,0.0,0.0,0.0
2019-02-10,3,0,265,0.0,0.0,0.0,0.0,0.0
2019-02-10,3,0,266,47.11,47.11,0.0,519.805339,0.0
2019-02-10,3,0,267,57.89,57.89,0.0,638.750394,0.0
2019-02-10,3,0,270,219.25,219.25,0.0,-3763.673632,0.0
2019-02-10,3,0,272,137.37,137.37,0.0,1209.654103,0.0
2019-02-10,3,0,273,0.0,0.0,0.0,-0.0,0.0
2019-02-10,3,0,274,282.64,282.64,0.0,-4851.834505,0.0
2019-02-10,3,0,275,393.45,393.45,0.0,-6754.013183,0.0
2019-02-10,3,0,276,0.0,0.0,0.0,-0.0,0.0
2019-02-10,3,0,277,0.0,0.0,0.0,0.0,0.0
2019-02-10,3,0,278,0.0,0.0,0.0,0.0,0.0
2019-02-10,3,0,279,67.17,67.17,0.0,574.05575,0.0
2019-02-10,3,0,281,2.45,2.45,0.0,24.399459,0.0
2019-02-10,3,0,282,0.0,0.0,0.0,0.0,0.0
2019-02-10,4,0,9,0.0,0.0,0.0,0.0,0.0
2019-02-10,4,0,17,0.0,0.0,0.0,0.0,0.0
2019-02-10,4,0,19,437.18,437.18,0.0,4499.306538,0.0
2019-02-10,4,0,20,530.21,530.21,0.0,5456.739375,0.0
2019-02-10,4,0,21,0.0,0.0,0.0,0.0,0.0
2019-02-10,4,0,22,0.0,0.0,0.0,0.0,0.0
2019-02-10,4,0,23,6.95,6.95,0.0,86.124103,0.0
2019-02-10,4,0,24,11.48,11.48,0.0,142.259669,0.0
2019-02-10,4,0,29,0.0,0.0,0.0,0.0,0.0
2019-02-10,4,0,30,0.0,0.0,0.0,0.0,0.0
2019-02-10,4,0,31,2.73,2.73,0.0,33.870741,0.0
2019-02-10,4,0,32,0.0,0.0,0.0,0.0,0.0
2019-02-10,4,0,33,0.0,0.0,0.0,0.0,0.0
2019-02-10,4,0,34,0.0,0.0,0.0,0.0,0.0
2019-02-10,4,0,35,0.0,0.0,0.0,0.0,0.0
2019-02-10,4,0,36,0.0,0.0,0.0,0.0,0.0
2019-02-10,4,0,37,0.0,0.0,0.0,0.0,0.0
2019-02-10,4,0,38,0.0,0.0,0.0,0.0,0.0
2019-02-10,4,0,39,0.0,0.0,0.0,0.0,0.0
2019-02-10,4,0,40,0.0,0.0,0.0,0.0,0.0
2019-02-10,4,0,41,39.57,39.57,0.0,460.393791,0.0
2019-02-10,4,0,42,0.0,0.0,0.0,0.0,0.0
2019-02-10,4,0,43,0.0,0.0,0.0,0.0,0.0
2019-02-10,4,0,46,0.0,0.0,0.0,0.0,0.0
2019-02-10,4,0,52,2.89,2.89,0.0,35.85584,0.0
2019-02-10,4,0,53,4.59,4.59,0.0,56.94751,0.0
2019-02-10,4,0,55,29.47,29.47,0.0,365.19098,0.0
2019-02-10,4,0,56,0.0,0.0,0.0,0.0,0.0
2019-02-10,4,0,57,0.0,0.0,0.0,0.0,0.0
2019-02-10,4,0,58,0.0,0.0,0.0,0.0,0.0
2019-02-10,4,0,59,0.0,0.0,0.0,0.0,0.0
2019-02-10,4,0,63,93.91,93.91,0.0,1881.52794,0.0
2019-02-10,4,0,64,110.48,110.48,0.0,2213.51514,0.0
2019-02-10,4,0,65,3.84,3.84,0.0,39.564307,0.0
2019-02-10,4,0,67,0.0,0.0,0.0,0.0,0.0
2019-02-10,4,0,68,0.9,0.9,0.0,11.303843,0.0
2019-02-10,4,0,69,0.0,0.0,0.0,0.0,0.0
2019-02-10,4,0,74,12.88,12.88,0.0,137.116573,0.0
2019-02-10,4,0,77,34.21,34.21,0.0,473.100349,0.0
2019-02-10,4,0,78,25.86,25.86,0.0,357.625695,0.0
2019-02-10,4,0,79,14.97,14.97,0.0,207.024619,0.0
2019-02-10,4,0,80,24.2,24.2,0.0,334.669057,0.0
2019-02-10,4,0,81,31.64,31.64,0.0,437.559048,0.0
2019-02-10,4,0,82,22.32,22.32,0.0,308.669973,0.0
2019-02-10,4,0,83,49.77,49.77,0.0,688.284255,0.0
2019-02-10,4,0,84,0.0,0.0,0.0,0.0,0.0
2019-02-10,4,0,86,0.0,0.0,0.0,0.0,0.0
2019-02-10,4,0,87,0.0,0.0,0.0,0.0,0.0
2019-02-10,4,0,88,64.42,64.42,0.0,890.883498,0.0
2019-02-10,4,0,89,61.92,61.92,0.0,856.310248,0.0
2019-02-10,4,0,90,83.15,83.15,0.0,1149.906285,0.0
2019-02-10,4,0,91,296.6,296.6,0.0,4101.770343,0.0
2019-02-10,4,0,92,106.67,106.67,0.0,1475.171418,0.0
2019-02-10,4,0,95,25.3,25.3,0.0,491.978229,0.0
2019-02-10,4,0,96,5.61,5.61,0.0,69.689916,0.0
2019-02-10,4,0,97,34.51,34.51,0.0,428.698576,0.0
2019-02-10,4,0,99,2.49,2.49,0.0,26.507785,0.0
2019-02-10,4,0,101,0.0,0.0,0.0,0.0,0.0
2019-02-10,4,0,102,2.13,2.13,0.0,26.752428,0.0
2019-02-10,4,0,103,1.85,1.85,0.0,23.235677,0.0
2019-02-10,4,0,104,0.34,0.34,0.0,4.270341,0.0
2019-02-10,4,0,106,0.0,0.0,0.0,0.0,0.0
2019-02-10,4,0,109,56.63,56.63,0.0,627.882073,0.0
2019-02-10,4,0,110,338.6,338.6,0.0,1995.998285,0.0
2019-02-10,4,0,111,0.0,0.0,0.0,0.0,0.0
2019-02-10,4,0,113,15.73,15.73,0.0,227.773109,0.0
2019-02-10,4,0,115,15.73,15.73,0.0,227.773109,0.0
2019-02-10,4,0,116,0.0,0.0,0.0,0.0,0.0
2019-02-10,4,0,117,1.05,1.05,0.0,15.204181,0.0
2019-02-10,4,0,119,110.48,110.48,0.0,2213.51514,0.0
2019-02-10,4,0,120,64.96,64.96,0.0,1301.502023,0.0
2019-02-10,4,0,123,0.0,0.0,0.0,0.0,0.0
2019-02-10,4,0,125,10.53,10.53,0.0,130.48731,0.0
2019-02-10,4,0,126,0.0,0.0,0.0,0.0,0.0
2019-02-10,4,0,127,0.0,0.0,0.0,0.0,0.0
2019-02-10,4,0,128,14.3,14.3,0.0,177.204989,0.0
2019-02-10,4,0,131,1.74,1.74,0.0,22.616522,0.0
2019-02-10,4,0,132,2.56,2.56,0.0,33.274882,0.0
2019-02-10,4,0,133,51.94,51.94,0.0,534.492145,0.0
2019-02-10,4,0,134,0.0,0.0,0.0,0.0,0.0
2019-02-10,4,0,135,71.65,71.65,0.0,737.319257,0.0
2019-02-10,4,0,136,7.13,7.13,0.0,73.466371,0.0
2019-02-10,4,0,139,51.1,51.1,0.0,594.54442,0.0
2019-02-10,4,0,140,250.6,250.6,0.0,1477.250946,0.0
2019-02-10,4,0,141,11.62,11.62,0.0,126.880455,0.0
2019-02-10,4,0,142,0.0,0.0,0.0,0.0,0.0
2019-02-10,4,0,143,3.78,3.78,0.0,46.897949,0.0
2019-02-10,4,0,145,9.57,9.57,0.0,114.050291,0.0
2019-02-10,4,0,146,268.0,268.0,0.0,1579.821442,0.0
2019-02-10,4,0,152,0.0,0.0,0.0,0.0,0.0
2019-02-10,4,0,153,0.0,0.0,0.0,0.0,0.0
2019-02-10,4,0,154,0.0,0.0,0.0,0.0,0.0
2019-02-10,4,0,157,95.48,95.48,0.0,1042.55988,0.0
2019-02-10,4,0,158,0.0,0.0,0.0,0.0,0.0
2019-02-10,4,0,159,0.0,0.0,0.0,0.0,0.0
2019-02-10,4,0,160,0.0,0.0,0.0,0.0,0.0
2019-02-10,4,0,161,0.0,0.0,0.0,0.0,0.0
2019-02-10,4,0,162,9.71,9.71,0.0,188.860671,0.0
2019-02-10,4,0,163,55.57,55.57,0.0,327.577155,0.0
2019-02-10,4,0,164,0.0,0.0,0.0,0.0,0.0
2019-02-10,4,0,167,0.0,0.0,0.0,0.0,0.0
2019-02-10,4,0,168,0.0,0.0,0.0,0.0,0.0
2019-02-10,4,0,169,0.0,0.0,0.0,0.0,0.0
2019-02-10,4,0,170,0.0,0.0,0.0,0.0,0.0
2019-02-10,4,0,172,0.0,0.0,0.0,0.0,0.0
2019-02-10,4,0,173,0.0,0.0,0.0,0.0,0.0
2019-02-10,4,0,188,0.0,0.0,0.0,0.0,0.0
2019-02-10,4,0,190,0.0,0.0,0.0,0.0,0.0
2019-02-10,4,0,191,0.0,0.0,0.0,0.0,0.0
2019-02-10,4,0,192,121.54,121.54,0.0,2435.10708,0.0
2019-02-10,4,0,194,148.99,148.99,0.0,2429.832769,0.0
2019-02-10,4,0,196,0.0,0.0,0.0,0.0,0.0
2019-02-10,4,0,198,0.0,0.0,0.0,0.0,0.0
2019-02-10,4,0,199,2.59,2.59,0.0,32.720606,0.0
2019-02-10,4,0,200,0.0,0.0,0.0,0.0,0.0
2019-02-10,4,0,204,216.53,216.53,0.0,2411.589116,0.0
2019-02-10,4,0,205,299.55,299.55,0.0,3321.24448,0.0
2019-02-10,4,0,206,101.41,101.41,0.0,1259.760144,0.0
2019-02-10,4,0,210,0.0,0.0,0.0,0.0,0.0
2019-02-10,4,0,214,0.0,0.0,0.0,0.0,0.0
2019-02-10,4,0,217,0.0,0.0,0.0,0.0,0.0
2019-02-10,4,0,218,0.0,0.0,0.0,0.0,0.0
2019-02-10,4,0,219,0.0,0.0,0.0,0.0,0.0
2019-02-10,4,0,221,0.0,0.0,0.0,0.0,0.0
2019-02-10,4,0,225,0.0,0.0,0.0,0.0,0.0
2019-02-10,4,0,233,0.0,0.0,0.0,0.0,0.0
2019-02-10,4,0,236,26.66,26.66,0.0,278.516277,0.0
2019-02-10,4,0,237,30.89,30.89,0.0,328.845569,0.0
2019-02-10,4,0,238,0.0,0.0,0.0,0.0,0.0
2019-02-10,4,0,240,0.0,0.0,0.0,0.0,0.0
2019-02-10,4,0,245,35.09,35.09,0.0,359.644119,0.0
2019-02-10,4,0,247,33.0,33.0,0.0,338.22331,0.0
2019-02-10,4,0,248,3.1,3.1,0.0,33.00166,0.0
2019-02-10,4,0,249,67.49,67.49,0.0,691.717914,0.0
2019-02-10,4,0,251,11.5,11.5,0.0,118.704897,0.0
2019-02-10,4,0,252,24.78,24.78,0.0,255.313418,0.0
2019-02-10,4,0,254,0.0,0.0,0.0,0.0,0.0
2019-02-10,4,0,255,0.0,0.0,0.0,0.0,0.0
2019-02-10,4,0,258,0.0,0.0,0.0,0.0,0.0
2019-02-10,4,0,260,0.0,0.0,0.0,0.0,0.0
2019-02-10,4,0,265,0.0,0.0,0.0,0.0,0.0
2019-02-10,4,0,266,33.09,33.09,0.0,384.999508,0.0
2019-02-10,4,0,267,40.67,40.67,0.0,473.192203,0.0
2019-02-10,4,0,270,173.55,173.55,0.0,1023.052281,0.0
2019-02-10,4,0,272,52.58,52.58,0.0,761.367454,0.0
2019-02-10,4,0,273,0.0,0.0,0.0,0.0,0.0
2019-02-10,4,0,274,223.73,223.73,0.0,1318.856162,0.0
2019-02-10,4,0,275,311.44,311.44,0.0,1835.893993,0.0
2019-02-10,4,0,276,0.0,0.0,0.0,0.0,0.0
2019-02-10,4,0,277,0.0,0.0,0.0,0.0,0.0
2019-02-10,4,0,278,0.0,0.0,0.0,0.0,0.0
2019-02-10,4,0,279,51.5,51.5,0.0,732.290189,0.0
2019-02-10,4,0,281,1.22,1.22,0.0,15.136375,0.0
2019-02-10,4,0,282,0.0,0.0,0.0,0.0,0.0
2019-02-10,5,0,9,0.0,0.0,0.0,0.0,0.0
2019-02-10,5,0,17,0.0,0.0,0.0,0.0,0.0
2019-02-10,5,0,19,253.65,253.65,0.0,2896.459262,0.0
2019-02-10,5,0,20,307.63,307.63,0.0,3512.863248,0.0
2019-02-10,5,0,21,0.0,0.0,0.0,0.0,0.0
2019-02-10,5,0,22,0.0,0.0,0.0,0.0,0.0
2019-02-10,5,0,23,8.48,8.48,0.0,108.320545,0.0
2019-02-10,5,0,24,15.0,15.0,0.0,191.604737,0.0
2019-02-10,5,0,29,0.0,0.0,0.0,0.0,0.0
2019-02-10,5,0,30,0.0,0.0,0.0,0.0,0.0
2019-02-10,5,0,31,2.56,2.56,0.0,32.729486,0.0
2019-02-10,5,0,32,0.0,0.0,0.0,0.0,0.0
2019-02-10,5,0,33,0.0,0.0,0.0,0.0,0.0
2019-02-10,5,0,34,0.0,0.0,0.0,0.0,0.0
2019-02-10,5,0,35,0.0,0.0,0.0,0.0,0.0
2019-02-10,5,0,36,0.0,0.0,0.0,0.0,0.0
2019-02-10,5,0,37,0.0,0.0,0.0,0.0,0.0
2019-02-10,5,0,38,0.0,0.0,0.0,0.0,0.0
2019-02-10,5,0,39,0.0,0.0,0.0,0.0,0.0
2019-02-10,5,0,40,0.0,0.0,0.0,0.0,0.0
2019-02-10,5,0,41,30.07,30.07,0.0,367.395436,0.0
2019-02-10,5,0,42,0.0,0.0,0.0,0.0,0.0
2019-02-10,5,0,43,0.0,0.0,0.0,0.0,0.0
2019-02-10,5,0,46,0.0,0.0,0.0,0.0,0.0
2019-02-10,5,0,52,2.72,2.72,0.0,34.775079,0.0
2019-02-10,5,0,53,4.32,4.32,0.0,55.231008,0.0
2019-02-10,5,0,55,23.32,23.32,0.0,297.881498,0.0
2019-02-10,5,0,56,0.0,0.0,0.0,0.0,0.0
2019-02-10,5,0,57,0.0,0.0,0.0,0.0,0.0
2019-02-10,5,0,58,0.0,0.0,0.0,0.0,0.0
2019-02-10,5,0,59,0.0,0.0,0.0,0.0,0.0
2019-02-10,5,0,63,76.15,76.15,0.0,1679.846507,0.0
2019-02-10,5,0,64,89.59,89.59,0.0,1976.328937,0.0
2019-02-10,5,0,65,3.19,3.19,0.0,36.439403,0.0
2019-02-10,5,0,67,0.0,0.0,0.0,0.0,0.0
2019-02-10,5,0,68,0.87,0.87,0.0,10.396125,0.0
2019-02-10,5,0,69,0.0,0.0,0.0,0.0,0.0
2019-02-10,5,0,74,6.76,6.76,0.0,78.135621,0.0
2019-02-10,5,0,77,31.25,31.25,0.0,433.369067,0.0
2019-02-10,5,0,78,23.62,23.62,0.0,327.557676,0.0
2019-02-10,5,0,79,13.67,13.67,0.0,189.572965,0.0
2019-02-10,5,0,80,22.11,22.11,0.0,306.617282,0.0
2019-02-10,5,0,81,28.9,28.9,0.0,400.779713,0.0
2019-02-10,5,0,82,20.39,20.39,0.0,282.764649,0.0
2019-02-10,5,0,83,45.46,45.46,0.0,630.43065,0.0
2019-02-10,5,0,84,0.0,0.0,0.0,0.0,0.0
2019-02-10,5,0,86,0.0,0.0,0.0,0.0,0.0
2019-02-10,5,0,87,0.0,0.0,0.0,0.0,0.0
2019-02-10,5,0,88,51.83,51.83,0.0,718.7686,0.0
2019-02-10,5,0,89,49.83,49.83,0.0,691.03298,0.0
2019-02-10,5,0,90,66.9,66.9,0.0,927.756499,0.0
2019-02-10,5,0,91,238.66,238.66,0.0,3309.691571,0.0
2019-02-10,5,0,92,85.83,85.83,0.0,1190.274145,0.0
2019-02-10,5,0,95,8.69,8.69,0.0,183.407609,0.0
2019-02-10,5,0,96,4.72,4.72,0.0,60.400763,0.0
2019-02-10,5,0,97,29.0,29.0,0.0,371.106386,0.0
2019-02-10,5,0,99,1.31,1.31,0.0,15.141666,0.0
2019-02-10,5,0,101,0.0,0.0,0.0,0.0,0.0
2019-02-10,5,0,102,2.07,2.07,0.0,24.735609,0.0
2019-02-10,5,0,103,1.8,1.8,0.0,21.509225,0.0
2019-02-10,5,0,104,0.33,0.33,0.0,3.943358,0.0
2019-02-10,5,0,106,0.0,0.0,0.0,0.0,0.0
2019-02-10,5,0,109,45.6,45.6,0.0,536.698886,0.0
2019-02-10,5,0,110,338.6,338.6,0.0,755.549702,0.0
2019-02-10,5,0,111,0.0,0.0,0.0,0.0,0.0
2019-02-10,5,0,113,29.3,29.3,0.0,427.664872,0.0
2019-02-10,5,0,115,29.3,29.3,0.0,427.664872,0.0
2019-02-10,5,0,116,0.0,0.0,0.0,0.0,0.0
2019-02-10,5,0,117,1.41,1.41,0.0,20.58046,0.0
2019-02-10,5,0,119,89.59,89.59,0.0,1976.328937,0.0
2019-02-10,5,0,120,52.68,52.68,0.0,1162.10524,0.0
2019-02-10,5,0,123,0.0,0.0,0.0,0.0,0.0
2019-02-10,5,0,125,13.58,13.58,0.0,173.466155,0.0
2019-02-10,5,0,126,0.0,0.0,0.0,0.0,0.0
2019-02-10,5,0,127,0.0,0.0,0.0,0.0,0.0
2019-02-10,5,0,128,19.45,19.45,0.0,248.447476,0.0
2019-02-10,5,0,131,1.87,1.87,0.0,23.540443,0.0
2019-02-10,5,0,132,2.75,2.75,0.0,34.618298,0.0
2019-02-10,5,0,133,14.42,14.42,0.0,164.658392,0.0
2019-02-10,5,0,134,0.0,0.0,0.0,0.0,0.0
2019-02-10,5,0,135,20.55,20.55,0.0,234.655337,0.0
2019-02-10,5,0,136,4.93,4.93,0.0,56.316494,0.0
2019-02-10,5,0,139,38.83,38.83,0.0,474.425167,0.0
2019-02-10,5,0,140,250.6,250.6,0.0,559.18711,0.0
2019-02-10,5,0,141,11.75,11.75,0.0,112.298225,0.0
2019-02-10,5,0,142,0.0,0.0,0.0,0.0,0.0
2019-02-10,5,0,143,5.23,5.23,0.0,66.865318,0.0
2019-02-10,5,0,145,6.11,6.11,0.0,75.817371,0.0
2019-02-10,5,0,146,268.0,268.0,0.0,598.01335,0.0
2019-02-10,5,0,152,0.0,0.0,0.0,0.0,0.0
2019-02-10,5,0,153,0.0,0.0,0.0,0.0,0.0
2019-02-10,5,0,154,0.0,0.0,0.0,0.0,0.0
2019-02-10,5,0,157,99.18,99.18,0.0,947.892588,0.0
2019-02-10,5,0,158,0.0,0.0,0.0,0.0,0.0
2019-02-10,5,0,159,0.0,0.0,0.0,0.0,0.0
2019-02-10,5,0,160,0.0,0.0,0.0,0.0,0.0
2019-02-10,5,0,161,0.0,0.0,0.0,0.0,0.0
2019-02-10,5,0,162,8.15,8.15,0.0,172.078079,0.0
2019-02-10,5,0,163,44.69,44.69,0.0,99.720957,0.0
2019-02-10,5,0,164,0.0,0.0,0.0,0.0,0.0
2019-02-10,5,0,167,0.0,0.0,0.0,0.0,0.0
2019-02-10,5,0,168,0.0,0.0,0.0,0.0,0.0
2019-02-10,5,0,169,0.0,0.0,0.0,0.0,0.0
2019-02-10,5,0,170,0.0,0.0,0.0,0.0,0.0
2019-02-10,5,0,172,0.0,0.0,0.0,0.0,0.0
2019-02-10,5,0,173,0.0,0.0,0.0,0.0,0.0
2019-02-10,5,0,188,0.0,0.0,0.0,0.0,0.0
2019-02-10,5,0,190,0.0,0.0,0.0,0.0,0.0
2019-02-10,5,0,191,0.0,0.0,0.0,0.0,0.0
2019-02-10,5,0,192,96.77,96.77,0.0,2134.717617,0.0
2019-02-10,5,0,194,96.92,96.92,0.0,1653.092078,0.0
2019-02-10,5,0,196,0.0,0.0,0.0,0.0,0.0
2019-02-10,5,0,198,0.0,0.0,0.0,0.0,0.0
2019-02-10,5,0,199,2.29,2.29,0.0,29.503197,0.0
2019-02-10,5,0,200,0.0,0.0,0.0,0.0,0.0
2019-02-10,5,0,204,190.96,190.96,0.0,2253.186201,0.0
2019-02-10,5,0,205,241.23,241.23,0.0,2839.207723,0.0
2019-02-10,5,0,206,85.22,85.22,0.0,1090.540904,0.0
2019-02-10,5,0,210,0.0,0.0,0.0,0.0,0.0
2019-02-10,5,0,214,0.0,0.0,0.0,0.0,0.0
2019-02-10,5,0,217,0.0,0.0,0.0,0.0,0.0
2019-02-10,5,0,218,0.0,0.0,0.0,0.0,0.0
2019-02-10,5,0,219,0.0,0.0,0.0,0.0,0.0
2019-02-10,5,0,221,0.0,0.0,0.0,0.0,0.0
2019-02-10,5,0,225,0.0,0.0,0.0,0.0,0.0
2019-02-10,5,0,233,0.0,0.0,0.0,0.0,0.0
2019-02-10,5,0,236,16.33,16.33,0.0,187.278559,0.0
2019-02-10,5,0,237,16.22,16.22,0.0,187.479256,0.0
2019-02-10,5,0,238,0.0,0.0,0.0,0.0,0.0
2019-02-10,5,0,240,0.0,0.0,0.0,0.0,0.0
2019-02-10,5,0,245,25.32,25.32,0.0,288.769651,0.0
2019-02-10,5,0,247,24.97,24.97,0.0,284.777969,0.0
2019-02-10,5,0,248,1.63,1.63,0.0,18.840394,0.0
2019-02-10,5,0,249,48.69,48.69,0.0,555.299933,0.0
2019-02-10,5,0,251,12.03,12.03,0.0,137.495693,0.0
2019-02-10,5,0,252,20.61,20.61,0.0,235.428242,0.0
2019-02-10,5,0,254,0.0,0.0,0.0,0.0,0.0
2019-02-10,5,0,255,0.0,0.0,0.0,0.0,0.0
2019-02-10,5,0,258,0.0,0.0,0.0,0.0,0.0
2019-02-10,5,0,260,0.0,0.0,0.0,0.0,0.0
2019-02-10,5,0,265,0.0,0.0,0.0,0.0,0.0
2019-02-10,5,0,266,25.14,25.14,0.0,307.160667,0.0
2019-02-10,5,0,267,30.9,30.9,0.0,377.536381,0.0
2019-02-10,5,0,270,139.58,139.58,0.0,311.457848,0.0
2019-02-10,5,0,272,100.73,100.73,0.0,1470.262204,0.0
2019-02-10,5,0,273,0.0,0.0,0.0,0.0,0.0
2019-02-10,5,0,274,179.93,179.93,0.0,401.49456,0.0
2019-02-10,5,0,275,250.47,250.47,0.0,558.897029,0.0
2019-02-10,5,0,276,0.0,0.0,0.0,0.0,0.0
2019-02-10,5,0,277,0.0,0.0,0.0,0.0,0.0
2019-02-10,5,0,278,0.0,0.0,0.0,0.0,0.0
2019-02-10,5,0,279,43.34,43.34,0.0,619.939664,0.0
2019-02-10,5,0,281,1.15,1.15,0.0,14.702699,0.0
2019-02-10,5,0,282,0.0,0.0,0.0,0.0,0.0
2019-02-10,6,0,9,0.0,0.0,0.0,0.0,0.0
2019-02-10,6,0,17,0.0,0.0,0.0,0.0,0.0
2019-02-10,6,0,19,132.56,132.56,0.0,1823.886598,0.0
2019-02-10,6,0,20,160.77,160.77,0.0,2212.026617,0.0
2019-02-10,6,0,21,0.0,0.0,0.0,0.0,0.0
2019-02-10,6,0,22,0.0,0.0,0.0,0.0,0.0
2019-02-10,6,0,23,10.4,10.4,0.0,147.914539,0.0
2019-02-10,6,0,24,18.4,18.4,0.0,261.694954,0.0
2019-02-10,6,0,29,0.0,0.0,0.0,0.0,0.0
2019-02-10,6,0,30,0.0,0.0,0.0,0.0,0.0
2019-02-10,6,0,31,2.41,2.41,0.0,34.29388,0.0
2019-02-10,6,0,32,0.0,0.0,0.0,0.0,0.0
2019-02-10,6,0,33,0.0,0.0,0.0,0.0,0.0
2019-02-10,6,0,34,0.0,0.0,0.0,0.0,0.0
2019-02-10,6,0,35,0.0,0.0,0.0,0.0,0.0
2019-02-10,6,0,36,0.0,0.0,0.0,0.0,0.0
2019-02-10,6,0,37,0.0,0.0,0.0,0.0,0.0
2019-02-10,6,0,38,0.0,0.0,0.0,0.0,0.0
2019-02-10,6,0,39,0.0,0.0,0.0,0.0,0.0
2019-02-10,6,0,40,0.0,0.0,0.0,0.0,0.0
2019-02-10,6,0,41,22.2,22.2,0.0,308.507951,0.0
2019-02-10,6,0,42,0.0,0.0,0.0,0.0,0.0
2019-02-10,6,0,43,0.0,0.0,0.0,0.0,0.0
2019-02-10,6,0,46,0.0,0.0,0.0,0.0,0.0
2019-02-10,6,0,52,2.55,2.55,0.0,36.286056,0.0
2019-02-10,6,0,53,4.06,4.06,0.0,57.773093,0.0
2019-02-10,6,0,55,10.67,10.67,0.0,151.754628,0.0
2019-02-10,6,0,56,0.0,0.0,0.0,0.0,0.0
2019-02-10,6,0,57,0.0,0.0,0.0,0.0,0.0
2019-02-10,6,0,58,0.0,0.0,0.0,0.0,0.0
2019-02-10,6,0,59,0.0,0.0,0.0,0.0,0.0
2019-02-10,6,0,63,61.77,61.77,0.0,1450.791538,0.0
2019-02-10,6,0,64,72.67,72.67,0.0,1706.799758,0.0
2019-02-10,6,0,65,2.71,2.71,0.0,37.270985,0.0
2019-02-10,6,0,67,0.0,0.0,0.0,0.0,0.0
2019-02-10,6,0,68,0.96,0.96,0.0,12.309387,0.0
2019-02-10,6,0,69,0.0,0.0,0.0,0.0,0.0
2019-02-10,6,0,74,3.83,3.83,0.0,52.19435,0.0
2019-02-10,6,0,77,30.35,30.35,0.0,453.228339,0.0
2019-02-10,6,0,78,22.95,22.95,0.0,342.721264,0.0
2019-02-10,6,0,79,13.28,13.28,0.0,198.315398,0.0
2019-02-10,6,0,80,21.47,21.47,0.0,320.619849,0.0
2019-02-10,6,0,81,28.07,28.07,0.0,419.180213,0.0
2019-02-10,6,0,82,19.8,19.8,0.0,295.681091,0.0
2019-02-10,6,0,83,44.16,44.16,0.0,659.458433,0.0
2019-02-10,6,0,84,0.0,0.0,0.0,0.0,0.0
2019-02-10,6,0,86,0.0,0.0,0.0,0.0,0.0
2019-02-10,6,0,87,0.0,0.0,0.0,0.0,0.0
2019-02-10,6,0,88,44.43,44.43,0.0,663.490448,0.0
2019-02-10,6,0,89,42.71,42.71,0.0,637.80502,0.0
2019-02-10,6,0,90,57.35,57.35,0.0,856.429826,0.0
2019-02-10,6,0,91,204.58,204.58,0.0,3055.072604,0.0
2019-02-10,6,0,92,73.57,73.57,0.0,1098.649386,0.0
2019-02-10,6,0,95,6.97,6.97,0.0,156.335264,0.0
2019-02-10,6,0,96,4.14,4.14,0.0,58.942951,0.0
2019-02-10,6,0,97,25.47,25.47,0.0,362.627287,0.0
2019-02-10,6,0,99,0.74,0.74,0.0,10.084548,0.0
2019-02-10,6,0,101,0.0,0.0,0.0,0.0,0.0
2019-02-10,6,0,102,2.26,2.26,0.0,28.978348,0.0
2019-02-10,6,0,103,1.97,1.97,0.0,25.259887,0.0
2019-02-10,6,0,104,0.37,0.37,0.0,4.744243,0.0
2019-02-10,6,0,106,0.0,0.0,0.0,0.0,0.0
2019-02-10,6,0,109,36.88,36.88,0.0,499.789117,0.0
2019-02-10,6,0,110,338.6,338.6,0.0,774.892471,0.0
2019-02-10,6,0,111,0.0,0.0,0.0,0.0,0.0
2019-02-10,6,0,113,33.06,33.06,0.0,516.332781,0.0
2019-02-10,6,0,115,33.06,33.06,0.0,516.332781,0.0
2019-02-10,6,0,116,0.0,0.0,0.0,0.0,0.0
2019-02-10,6,0,117,1.31,1.31,0.0,20.459647,0.0
2019-02-10,6,0,119,72.67,72.67,0.0,1706.799758,0.0
2019-02-10,6,0,120,42.73,42.73,0.0,1003.599197,0.0
2019-02-10,6,0,123,0.0,0.0,0.0,0.0,0.0
2019-02-10,6,0,125,16.66,16.66,0.0,236.947713,0.0
2019-02-10,6,0,126,0.0,0.0,0.0,0.0,0.0
2019-02-10,6,0,127,0.0,0.0,0.0,0.0,0.0
2019-02-10,6,0,128,23.85,23.85,0.0,339.207861,0.0
2019-02-10,6,0,131,2.24,2.24,0.0,30.27315,0.0
2019-02-10,6,0,132,3.3,3.3,0.0,44.598837,0.0
2019-02-10,6,0,133,7.04,7.04,0.0,96.866878,0.0
2019-02-10,6,0,134,0.0,0.0,0.0,0.0,0.0
2019-02-10,6,0,135,9.43,9.43,0.0,129.752083,0.0
2019-02-10,6,0,136,3.34,3.34,0.0,45.934391,0.0
2019-02-10,6,0,139,28.67,28.67,0.0,398.419953,0.0
2019-02-10,6,0,140,250.6,250.6,0.0,573.502815,0.0
2019-02-10,6,0,141,14.56,14.56,0.0,148.93768,0.0
2019-02-10,6,0,142,0.0,0.0,0.0,0.0,0.0
2019-02-10,6,0,143,6.71,6.71,0.0,95.482131,0.0
2019-02-10,6,0,145,4.11,4.11,0.0,57.454235,0.0
2019-02-10,6,0,146,268.0,268.0,0.0,613.323042,0.0
2019-02-10,6,0,152,0.0,0.0,0.0,0.0,0.0
2019-02-10,6,0,153,0.0,0.0,0.0,0.0,0.0
2019-02-10,6,0,154,0.0,0.0,0.0,0.0,0.0
2019-02-10,6,0,157,105.01,105.01,0.0,1074.1721,0.0
2019-02-10,6,0,158,0.0,0.0,0.0,0.0,0.0
2019-02-10,6,0,159,0.0,0.0,0.0,0.0,0.0
2019-02-10,6,0,160,0.0,0.0,0.0,0.0,0.0
2019-02-10,6,0,161,0.0,0.0,0.0,0.0,0.0
2019-02-10,6,0,162,6.94,6.94,0.0,155.728133,0.0
2019-02-10,6,0,163,36.97,36.97,0.0,84.606541,0.0
2019-02-10,6,0,164,0.0,0.0,0.0,0.0,0.0
2019-02-10,6,0,167,0.0,0.0,0.0,0.0,0.0
2019-02-10,6,0,168,0.0,0.0,0.0,0.0,0.0
2019-02-10,6,0,169,0.0,0.0,0.0,0.0,0.0
2019-02-10,6,0,170,0.0,0.0,0.0,0.0,0.0
2019-02-10,6,0,172,0.0,0.0,0.0,0.0,0.0
2019-02-10,6,0,173,0.0,0.0,0.0,0.0,0.0
2019-02-10,6,0,188,0.0,0.0,0.0,0.0,0.0
2019-02-10,6,0,190,0.0,0.0,0.0,0.0,0.0
2019-02-10,6,0,191,0.0,0.0,0.0,0.0,0.0
2019-02-10,6,0,192,76.07,76.07,0.0,1786.655533,0.0
2019-02-10,6,0,194,62.54,62.54,0.0,1137.414999,0.0
2019-02-10,6,0,196,0.0,0.0,0.0,0.0,0.0
2019-02-10,6,0,198,0.0,0.0,0.0,0.0,0.0
2019-02-10,6,0,199,2.01,2.01,0.0,27.209149,0.0
2019-02-10,6,0,200,0.0,0.0,0.0,0.0,0.0
2019-02-10,6,0,204,173.51,173.51,0.0,2352.180693,0.0
2019-02-10,6,0,205,195.11,195.11,0.0,2644.084995,0.0
2019-02-10,6,0,206,74.85,74.85,0.0,1065.671474,0.0
2019-02-10,6,0,210,0.0,0.0,0.0,0.0,0.0
2019-02-10,6,0,214,0.0,0.0,0.0,0.0,0.0
2019-02-10,6,0,217,0.0,0.0,0.0,0.0,0.0
2019-02-10,6,0,218,0.0,0.0,0.0,0.0,0.0
2019-02-10,6,0,219,0.0,0.0,0.0,0.0,0.0
2019-02-10,6,0,221,0.0,0.0,0.0,0.0,0.0
2019-02-10,6,0,225,0.0,0.0,0.0,0.0,0.0
2019-02-10,6,0,233,0.0,0.0,0.0,0.0,0.0
2019-02-10,6,0,236,10.4,10.4,0.0,142.203242,0.0
2019-02-10,6,0,237,9.18,9.18,0.0,125.102906,0.0
2019-02-10,6,0,238,0.0,0.0,0.0,0.0,0.0
2019-02-10,6,0,240,0.0,0.0,0.0,0.0,0.0
2019-02-10,6,0,245,18.95,18.95,0.0,261.137718,0.0
2019-02-10,6,0,247,20.22,20.22,0.0,278.638768,0.0
2019-02-10,6,0,248,0.92,0.92,0.0,12.537546,0.0
2019-02-10,6,0,249,36.43,36.43,0.0,502.018315,0.0
2019-02-10,6,0,251,12.89,12.89,0.0,177.154682,0.0
2019-02-10,6,0,252,17.51,17.51,0.0,240.817325,0.0
2019-02-10,6,0,254,0.0,0.0,0.0,0.0,0.0
2019-02-10,6,0,255,0.0,0.0,0.0,0.0,0.0
2019-02-10,6,0,258,0.0,0.0,0.0,0.0,0.0
2019-02-10,6,0,260,0.0,0.0,0.0,0.0,0.0
2019-02-10,6,0,265,0.0,0.0,0.0,0.0,0.0
2019-02-10,6,0,266,18.57,18.57,0.0,258.062732,0.0
2019-02-10,6,0,267,22.82,22.82,0.0,317.123939,0.0
2019-02-10,6,0,270,115.45,115.45,0.0,264.209497,0.0
2019-02-10,6,0,272,116.66,116.66,0.0,1822.001882,0.0
2019-02-10,6,0,273,0.0,0.0,0.0,0.0,0.0
2019-02-10,6,0,274,148.82,148.82,0.0,340.57737,0.0
2019-02-10,6,0,275,207.17,207.17,0.0,474.112443,0.0
2019-02-10,6,0,276,0.0,0.0,0.0,0.0,0.0
2019-02-10,6,0,277,0.0,0.0,0.0,0.0,0.0
2019-02-10,6,0,278,0.0,0.0,0.0,0.0,0.0
2019-02-10,6,0,279,42.16,42.16,0.0,646.884447,0.0
2019-02-10,6,0,281,1.08,1.08,0.0,15.368212,0.0
2019-02-10,6,0,282,0.0,0.0,0.0,0.0,0.0
2019-02-10,7,0,9,0.0,0.0,0.0,0.0,0.0
2019-02-10,7,0,17,0.0,0.0,0.0,0.0,0.0
2019-02-10,7,0,19,62.08,62.08,0.0,851.171887,0.0
2019-02-10,7,0,20,75.29,75.29,0.0,1032.292709,0.0
2019-02-10,7,0,21,0.0,0.0,0.0,0.0,0.0
2019-02-10,7,0,22,0.0,0.0,0.0,0.0,0.0
2019-02-10,7,0,23,13.72,13.72,0.0,237.221904,0.0
2019-02-10,7,0,24,24.27,24.27,0.0,419.633791,0.0
2019-02-10,7,0,29,0.0,0.0,0.0,0.0,0.0
2019-02-10,7,0,30,0.0,0.0,0.0,0.0,0.0
2019-02-10,7,0,31,5.57,5.57,0.0,96.388253,0.0
2019-02-10,7,0,32,0.0,0.0,0.0,0.0,0.0
2019-02-10,7,0,33,0.0,0.0,0.0,0.0,0.0
2019-02-10,7,0,34,0.0,0.0,0.0,0.0,0.0
2019-02-10,7,0,35,0.0,0.0,0.0,0.0,0.0
2019-02-10,7,0,36,0.0,0.0,0.0,0.0,0.0
2019-02-10,7,0,37,0.0,0.0,0.0,0.0,0.0
2019-02-10,7,0,38,0.0,0.0,0.0,0.0,0.0
2019-02-10,7,0,39,0.0,0.0,0.0,0.0,0.0
2019-02-10,7,0,40,0.0,0.0,0.0,0.0,0.0
2019-02-10,7,0,41,11.66,11.66,0.0,191.549539,0.0
2019-02-10,7,0,42,0.0,0.0,0.0,0.0,0.0
2019-02-10,7,0,43,0.0,0.0,0.0,0.0,0.0
2019-02-10,7,0,46,0.0,0.0,0.0,0.0,0.0
2019-02-10,7,0,52,5.91,5.91,0.0,102.271917,0.0
2019-02-10,7,0,53,9.39,9.39,0.0,162.492944,0.0
2019-02-10,7,0,55,12.56,12.56,0.0,217.165241,0.0
2019-02-10,7,0,56,0.0,0.0,0.0,0.0,0.0
2019-02-10,7,0,57,0.0,0.0,0.0,0.0,0.0
2019-02-10,7,0,58,0.0,0.0,0.0,0.0,0.0
2019-02-10,7,0,59,0.0,0.0,0.0,0.0,0.0
2019-02-10,7,0,63,50.37,50.37,0.0,1369.515974,0.0
2019-02-10,7,0,64,59.26,59.26,0.0,1611.227251,0.0
2019-02-10,7,0,65,2.37,2.37,0.0,32.594921,0.0
2019-02-10,7,0,67,0.0,0.0,0.0,0.0,0.0
2019-02-10,7,0,68,1.15,1.15,0.0,19.38151,0.0
2019-02-10,7,0,69,0.0,0.0,0.0,0.0,0.0
2019-02-10,7,0,74,2.97,2.97,0.0,44.189417,0.0
2019-02-10,7,0,77,31.52,31.52,0.0,588.75257,0.0
2019-02-10,7,0,78,23.83,23.83,0.0,445.11338,0.0
2019-02-10,7,0,79,13.79,13.79,0.0,257.579249,0.0
2019-02-10,7,0,80,22.3,22.3,0.0,416.534972,0.0
2019-02-10,7,0,81,29.16,29.16,0.0,544.670842,0.0
2019-02-10,7,0,82,20.57,20.57,0.0,384.220824,0.0
2019-02-10,7,0,83,45.86,45.86,0.0,856.605103,0.0
2019-02-10,7,0,84,0.0,0.0,0.0,0.0,0.0
2019-02-10,7,0,86,0.0,0.0,0.0,0.0,0.0
2019-02-10,7,0,87,0.0,0.0,0.0,0.0,0.0
2019-02-10,7,0,88,41.54,41.54,0.0,775.913127,0.0
2019-02-10,7,0,89,39.93,39.93,0.0,745.840423,0.0
2019-02-10,7,0,90,53.62,53.62,0.0,1001.551802,0.0
2019-02-10,7,0,91,191.26,191.26,0.0,3572.487834,0.0
2019-02-10,7,0,92,68.78,68.78,0.0,1284.720868,0.0
2019-02-10,7,0,95,5.69,5.69,0.0,150.165932,0.0
2019-02-10,7,0,96,3.91,3.91,0.0,67.722064,0.0
2019-02-10,7,0,97,24.03,24.03,0.0,416.20491,0.0
2019-02-10,7,0,99,0.57,0.57,0.0,8.480797,0.0
2019-02-10,7,0,101,0.0,0.0,0.0,0.0,0.0
2019-02-10,7,0,102,2.72,2.72,0.0,45.841484,0.0
2019-02-10,7,0,103,2.37,2.37,0.0,39.942764,0.0
2019-02-10,7,0,104,0.44,0.44,0.0,7.415534,0.0
2019-02-10,7,0,106,0.0,0.0,0.0,0.0,0.0
2019-02-10,7,0,109,30.2,30.2,0.0,486.195755,0.0
2019-02-10,7,0,110,338.6,338.6,0.0,2537.149555,0.0
2019-02-10,7,0,111,0.0,0.0,0.0,0.0,0.0
2019-02-10,7,0,113,18.08,18.08,0.0,351.724062,0.0
2019-02-10,7,0,115,18.08,18.08,0.0,351.724062,0.0
2019-02-10,7,0,116,0.0,0.0,0.0,0.0,0.0
2019-02-10,7,0,117,0.74,0.74,0.0,14.395786,0.0
2019-02-10,7,0,119,59.26,59.26,0.0,1611.227251,0.0
2019-02-10,7,0,120,34.84,34.84,0.0,947.268941,0.0
2019-02-10,7,0,123,0.0,0.0,0.0,0.0,0.0
2019-02-10,7,0,125,21.96,21.96,0.0,379.693368,0.0
2019-02-10,7,0,126,0.0,0.0,0.0,0.0,0.0
2019-02-10,7,0,127,0.0,0.0,0.0,0.0,0.0
2019-02-10,7,0,128,31.45,31.45,0.0,543.777615,0.0
2019-02-10,7,0,131,2.9,2.9,0.0,50.659723,0.0
2019-02-10,7,0,132,4.27,4.27,0.0,74.592075,0.0
2019-02-10,7,0,133,4.03,4.03,0.0,55.238837,0.0
2019-02-10,7,0,134,0.0,0.0,0.0,0.0,0.0
2019-02-10,7,0,135,5.4,5.4,0.0,74.0173,0.0
2019-02-10,7,0,136,2.26,2.26,0.0,31.087317,0.0
2019-02-10,7,0,139,15.06,15.06,0.0,247.404465,0.0
2019-02-10,7,0,140,250.6,250.6,0.0,1877.760421,0.0
2019-02-10,7,0,141,20.58,20.58,0.0,299.424144,0.0
2019-02-10,7,0,142,0.0,0.0,0.0,0.0,0.0
2019-02-10,7,0,143,3.6,3.6,0.0,62.297614,0.0
2019-02-10,7,0,145,3.2,3.2,0.0,53.937659,0.0
2019-02-10,7,0,146,268.0,268.0,0.0,2008.139636,0.0
2019-02-10,7,0,152,0.0,0.0,0.0,0.0,0.0
2019-02-10,7,0,153,0.0,0.0,0.0,0.0,0.0
2019-02-10,7,0,154,0.0,0.0,0.0,0.0,0.0
2019-02-10,7,0,157,113.42,113.42,0.0,1650.179129,0.0
2019-02-10,7,0,158,0.0,0.0,0.0,0.0,0.0
2019-02-10,7,0,159,0.0,0.0,0.0,0.0,0.0
2019-02-10,7,0,160,0.0,0.0,0.0,0.0,0.0
2019-02-10,7,0,161,0.0,0.0,0.0,0.0,0.0
2019-02-10,7,0,162,6.09,6.09,0.0,160.756289,0.0
2019-02-10,7,0,163,31.75,31.75,0.0,237.904602,0.0
2019-02-10,7,0,164,0.0,0.0,0.0,0.0,0.0
2019-02-10,7,0,167,0.0,0.0,0.0,0.0,0.0
2019-02-10,7,0,168,0.0,0.0,0.0,0.0,0.0
2019-02-10,7,0,169,0.0,0.0,0.0,0.0,0.0
2019-02-10,7,0,170,0.0,0.0,0.0,0.0,0.0
2019-02-10,7,0,172,0.0,0.0,0.0,0.0,0.0
2019-02-10,7,0,173,0.0,0.0,0.0,0.0,0.0
2019-02-10,7,0,188,0.0,0.0,0.0,0.0,0.0
2019-02-10,7,0,190,0.0,0.0,0.0,0.0,0.0
2019-02-10,7,0,191,0.0,0.0,0.0,0.0,0.0
2019-02-10,7,0,192,58.6,58.6,0.0,1593.282432,0.0
2019-02-10,7,0,194,41.32,41.32,0.0,904.580145,0.0
2019-02-10,7,0,196,0.0,0.0,0.0,0.0,0.0
2019-02-10,7,0,198,0.0,0.0,0.0,0.0,0.0
2019-02-10,7,0,199,1.78,1.78,0.0,26.032513,0.0
2019-02-10,7,0,200,0.0,0.0,0.0,0.0,0.0
2019-02-10,7,0,204,162.07,162.07,0.0,2625.776132,0.0
2019-02-10,7,0,205,159.76,159.76,0.0,2572.00774,0.0
2019-02-10,7,0,206,70.62,70.62,0.0,1223.154006,0.0
2019-02-10,7,0,210,0.0,0.0,0.0,0.0,0.0
2019-02-10,7,0,214,0.0,0.0,0.0,0.0,0.0
2019-02-10,7,0,217,0.0,0.0,0.0,0.0,0.0
2019-02-10,7,0,218,0.0,0.0,0.0,0.0,0.0
2019-02-10,7,0,219,0.0,0.0,0.0,0.0,0.0
2019-02-10,7,0,221,0.0,0.0,0.0,0.0,0.0
2019-02-10,7,0,225,0.0,0.0,0.0,0.0,0.0
2019-02-10,7,0,233,0.0,0.0,0.0,0.0,0.0
2019-02-10,7,0,236,7.77,7.77,0.0,111.100704,0.0
2019-02-10,7,0,237,7.11,7.11,0.0,105.786787,0.0
2019-02-10,7,0,238,0.0,0.0,0.0,0.0,0.0
2019-02-10,7,0,240,0.0,0.0,0.0,0.0,0.0
2019-02-10,7,0,245,15.36,15.36,0.0,208.213169,0.0
2019-02-10,7,0,247,17.88,17.88,0.0,242.373142,0.0
2019-02-10,7,0,248,0.71,0.71,0.0,10.5638,0.0
2019-02-10,7,0,249,29.53,29.53,0.0,400.29524,0.0
2019-02-10,7,0,251,13.97,13.97,0.0,193.10016,0.0
2019-02-10,7,0,252,15.3,15.3,0.0,210.422905,0.0
2019-02-10,7,0,254,0.0,0.0,0.0,0.0,0.0
2019-02-10,7,0,255,0.0,0.0,0.0,0.0,0.0
2019-02-10,7,0,258,0.0,0.0,0.0,0.0,0.0
2019-02-10,7,0,260,0.0,0.0,0.0,0.0,0.0
2019-02-10,7,0,265,0.0,0.0,0.0,0.0,0.0
2019-02-10,7,0,266,9.75,9.75,0.0,160.172213,0.0
2019-02-10,7,0,267,11.98,11.98,0.0,196.806474,0.0
2019-02-10,7,0,270,99.16,99.16,0.0,743.011665,0.0
2019-02-10,7,0,272,64.32,64.32,0.0,1251.266133,0.0
2019-02-10,7,0,273,0.0,0.0,0.0,0.0,0.0
2019-02-10,7,0,274,127.83,127.83,0.0,957.837648,0.0
2019-02-10,7,0,275,177.94,177.94,0.0,1333.314802,0.0
2019-02-10,7,0,276,0.0,0.0,0.0,0.0,0.0
2019-02-10,7,0,277,0.0,0.0,0.0,0.0,0.0
2019-02-10,7,0,278,0.0,0.0,0.0,0.0,0.0
2019-02-10,7,0,279,47.69,47.69,0.0,912.931003,0.0
2019-02-10,7,0,281,2.5,2.5,0.0,43.262232,0.0
2019-02-10,7,0,282,0.0,0.0,0.0,0.0,0.0
2019-02-10,8,0,9,0.0,0.0,0.0,0.0,0.0
2019-02-10,8,0,17,0.0,0.0,0.0,0.0,0.0
2019-02-10,8,0,19,38.22,38.22,0.0,562.655854,0.0
2019-02-10,8,0,20,47.57,47.57,0.0,700.301909,0.0
2019-02-10,8,0,21,0.0,0.0,0.0,0.0,0.0
2019-02-10,8,0,22,0.0,0.0,0.0,0.0,0.0
2019-02-10,8,0,23,14.81,14.81,0.0,271.602285,0.0
2019-02-10,8,0,24,26.2,26.2,0.0,480.484799,0.0
2019-02-10,8,0,29,0.0,0.0,0.0,0.0,0.0
2019-02-10,8,0,30,0.0,0.0,0.0,0.0,0.0
2019-02-10,8,0,31,0.0,0.0,0.0,0.0,0.0
2019-02-10,8,0,32,0.0,0.0,0.0,0.0,0.0
2019-02-10,8,0,33,0.0,0.0,0.0,0.0,0.0
2019-02-10,8,0,34,0.0,0.0,0.0,0.0,0.0
2019-02-10,8,0,35,0.0,0.0,0.0,0.0,0.0
2019-02-10,8,0,36,0.0,0.0,0.0,0.0,0.0
2019-02-10,8,0,37,0.0,0.0,0.0,0.0,0.0
2019-02-10,8,0,38,0.0,0.0,0.0,0.0,0.0
2019-02-10,8,0,39,0.0,0.0,0.0,0.0,0.0
2019-02-10,8,0,40,0.0,0.0,0.0,0.0,0.0
2019-02-10,8,0,41,3.82,3.82,0.0,68.209913,0.0
2019-02-10,8,0,42,0.0,0.0,0.0,0.0,0.0
2019-02-10,8,0,43,0.0,0.0,0.0,0.0,0.0
2019-02-10,8,0,46,0.0,0.0,0.0,0.0,0.0
2019-02-10,8,0,52,0.0,0.0,0.0,0.0,0.0
2019-02-10,8,0,53,0.0,0.0,0.0,0.0,0.0
2019-02-10,8,0,55,8.64,8.64,0.0,158.449949,0.0
2019-02-10,8,0,56,0.0,0.0,0.0,0.0,0.0
2019-02-10,8,0,57,0.0,0.0,0.0,0.0,0.0
2019-02-10,8,0,58,0.0,0.0,0.0,0.0,0.0
2019-02-10,8,0,59,0.0,0.0,0.0,0.0,0.0
2019-02-10,8,0,63,32.77,32.77,0.0,976.819255,0.0
2019-02-10,8,0,64,38.52,38.52,0.0,1148.217201,0.0
2019-02-10,8,0,65,2.17,2.17,0.0,32.082762,0.0
2019-02-10,8,0,67,0.0,0.0,0.0,0.0,0.0
2019-02-10,8,0,68,1.37,1.37,0.0,21.912439,0.0
2019-02-10,8,0,69,0.0,0.0,0.0,0.0,0.0
2019-02-10,8,0,74,3.23,3.23,0.0,53.017332,0.0
2019-02-10,8,0,77,30.75,30.75,0.0,577.459218,0.0
2019-02-10,8,0,78,23.22,23.22,0.0,436.052131,0.0
2019-02-10,8,0,79,13.39,13.39,0.0,251.452973,0.0
2019-02-10,8,0,80,21.73,21.73,0.0,408.07118,0.0
2019-02-10,8,0,81,28.44,28.44,0.0,534.079354,0.0
2019-02-10,8,0,82,20.03,20.03,0.0,376.146606,0.0
2019-02-10,8,0,83,44.8,44.8,0.0,841.306437,0.0
2019-02-10,8,0,84,0.0,0.0,0.0,0.0,0.0
2019-02-10,8,0,86,0.0,0.0,0.0,0.0,0.0
2019-02-10,8,0,87,0.0,0.0,0.0,0.0,0.0
2019-02-10,8,0,88,38.51,38.51,0.0,723.185511,0.0
2019-02-10,8,0,89,37.16,37.16,0.0,697.833643,0.0
2019-02-10,8,0,90,48.49,48.49,0.0,910.601543,0.0
2019-02-10,8,0,91,152.01,152.01,0.0,2854.620347,0.0
2019-02-10,8,0,92,60.82,60.82,0.0,1142.148605,0.0
2019-02-10,8,0,95,5.11,5.11,0.0,145.449841,0.0
2019-02-10,8,0,96,4.57,4.57,0.0,83.857176,0.0
2019-02-10,8,0,97,28.09,28.09,0.0,515.437212,0.0
2019-02-10,8,0,99,0.62,0.62,0.0,10.176701,0.0
2019-02-10,8,0,101,0.0,0.0,0.0,0.0,0.0
2019-02-10,8,0,102,3.24,3.24,0.0,51.822118,0.0
2019-02-10,8,0,103,2.82,2.82,0.0,45.104436,0.0
2019-02-10,8,0,104,0.52,0.52,0.0,8.31713,0.0
2019-02-10,8,0,106,0.0,0.0,0.0,0.0,0.0
2019-02-10,8,0,109,33.68,33.68,0.0,608.677037,0.0
2019-02-10,8,0,110,338.6,338.6,0.0,766.328014,0.0
2019-02-10,8,0,111,0.0,0.0,0.0,0.0,0.0
2019-02-10,8,0,113,41.46,41.46,0.0,811.127688,0.0
2019-02-10,8,0,115,41.46,41.46,0.0,811.127688,0.0
2019-02-10,8,0,116,0.0,0.0,0.0,0.0,0.0
2019-02-10,8,0,117,2.15,2.15,0.0,42.06282,0.0
2019-02-10,8,0,119,38.52,38.52,0.0,1148.217201,0.0
2019-02-10,8,0,120,22.73,22.73,0.0,677.543536,0.0
2019-02-10,8,0,123,0.0,0.0,0.0,0.0,0.0
2019-02-10,8,0,125,23.71,23.71,0.0,434.820404,0.0
2019-02-10,8,0,126,0.0,0.0,0.0,0.0,0.0
2019-02-10,8,0,127,0.0,0.0,0.0,0.0,0.0
2019-02-10,8,0,128,33.96,33.96,0.0,622.796327,0.0
2019-02-10,8,0,131,3.89,3.89,0.0,65.730168,0.0
2019-02-10,8,0,132,5.72,5.72,0.0,96.652072,0.0
2019-02-10,8,0,133,2.12,2.12,0.0,31.196968,0.0
2019-02-10,8,0,134,0.0,0.0,0.0,0.0,0.0
2019-02-10,8,0,135,2.84,2.84,0.0,41.792164,0.0
2019-02-10,8,0,136,2.58,2.58,0.0,38.15343,0.0
2019-02-10,8,0,139,4.94,4.94,0.0,88.208631,0.0
2019-02-10,8,0,140,250.6,250.6,0.0,567.164206,0.0
2019-02-10,8,0,141,25.42,25.42,0.0,320.656216,0.0
2019-02-10,8,0,142,0.0,0.0,0.0,0.0,0.0
2019-02-10,8,0,143,0.0,0.0,0.0,0.0,0.0
2019-02-10,8,0,145,3.92,3.92,0.0,71.49766,0.0
2019-02-10,8,0,146,268.0,268.0,0.0,606.544323,0.0
2019-02-10,8,0,152,0.0,0.0,0.0,0.0,0.0
2019-02-10,8,0,153,0.0,0.0,0.0,0.0,0.0
2019-02-10,8,0,154,0.0,0.0,0.0,0.0,0.0
2019-02-10,8,0,157,138.84,138.84,0.0,1751.373288,0.0
2019-02-10,8,0,158,0.0,0.0,0.0,0.0,0.0
2019-02-10,8,0,159,0.0,0.0,0.0,0.0,0.0
2019-02-10,8,0,160,0.0,0.0,0.0,0.0,0.0
2019-02-10,8,0,161,0.0,0.0,0.0,0.0,0.0
2019-02-10,8,0,162,5.9,5.9,0.0,168.005468,0.0
2019-02-10,8,0,163,39.39,39.39,0.0,89.148436,0.0
2019-02-10,8,0,164,0.0,0.0,0.0,0.0,0.0
2019-02-10,8,0,167,0.0,0.0,0.0,0.0,0.0
2019-02-10,8,0,168,0.0,0.0,0.0,0.0,0.0
2019-02-10,8,0,169,0.0,0.0,0.0,0.0,0.0
2019-02-10,8,0,170,0.0,0.0,0.0,0.0,0.0
2019-02-10,8,0,172,0.0,0.0,0.0,0.0,0.0
2019-02-10,8,0,173,0.0,0.0,0.0,0.0,0.0
2019-02-10,8,0,188,0.0,0.0,0.0,0.0,0.0
2019-02-10,8,0,190,0.0,0.0,0.0,0.0,0.0
2019-02-10,8,0,191,0.0,0.0,0.0,0.0,0.0
2019-02-10,8,0,192,74.26,74.26,0.0,2213.567222,0.0
2019-02-10,8,0,194,61.68,61.68,0.0,1407.075269,0.0
2019-02-10,8,0,196,0.0,0.0,0.0,0.0,0.0
2019-02-10,8,0,198,0.0,0.0,0.0,0.0,0.0
2019-02-10,8,0,199,2.99,2.99,0.0,44.240594,0.0
2019-02-10,8,0,200,0.0,0.0,0.0,0.0,0.0
2019-02-10,8,0,204,173.36,173.36,0.0,3153.639639,0.0
2019-02-10,8,0,205,178.16,178.16,0.0,3219.771405,0.0
2019-02-10,8,0,206,82.53,82.53,0.0,1514.383522,0.0
2019-02-10,8,0,210,0.0,0.0,0.0,0.0,0.0
2019-02-10,8,0,214,0.0,0.0,0.0,0.0,0.0
2019-02-10,8,0,217,0.0,0.0,0.0,0.0,0.0
2019-02-10,8,0,218,0.0,0.0,0.0,0.0,0.0
2019-02-10,8,0,219,0.0,0.0,0.0,0.0,0.0
2019-02-10,8,0,221,0.0,0.0,0.0,0.0,0.0
2019-02-10,8,0,225,0.0,0.0,0.0,0.0,0.0
2019-02-10,8,0,233,0.0,0.0,0.0,0.0,0.0
2019-02-10,8,0,236,7.63,7.63,0.0,119.095904,0.0
2019-02-10,8,0,237,7.75,7.75,0.0,127.208768,0.0
2019-02-10,8,0,238,0.0,0.0,0.0,0.0,0.0
2019-02-10,8,0,240,0.0,0.0,0.0,0.0,0.0
2019-02-10,8,0,245,6.78,6.78,0.0,98.236597,0.0
2019-02-10,8,0,247,7.85,7.85,0.0,113.740013,0.0
2019-02-10,8,0,248,0.78,0.78,0.0,12.802947,0.0
2019-02-10,8,0,249,13.03,13.03,0.0,188.793932,0.0
2019-02-10,8,0,251,11.95,11.95,0.0,177.916536,0.0
2019-02-10,8,0,252,13.98,13.98,0.0,206.689865,0.0
2019-02-10,8,0,254,0.0,0.0,0.0,0.0,0.0
2019-02-10,8,0,255,0.0,0.0,0.0,0.0,0.0
2019-02-10,8,0,258,0.0,0.0,0.0,0.0,0.0
2019-02-10,8,0,260,0.0,0.0,0.0,0.0,0.0
2019-02-10,8,0,265,0.0,0.0,0.0,0.0,0.0
2019-02-10,8,0,266,3.2,3.2,0.0,57.139194,0.0
2019-02-10,8,0,267,3.93,3.93,0.0,70.174073,0.0
2019-02-10,8,0,270,123.01,123.01,0.0,278.399318,0.0
2019-02-10,8,0,272,143.52,143.52,0.0,2807.839987,0.0
2019-02-10,8,0,273,0.0,0.0,0.0,0.0,0.0
2019-02-10,8,0,274,158.57,158.57,0.0,358.879602,0.0
2019-02-10,8,0,275,220.73,220.73,0.0,499.561673,0.0
2019-02-10,8,0,276,0.0,0.0,0.0,0.0,0.0
2019-02-10,8,0,277,0.0,0.0,0.0,0.0,0.0
2019-02-10,8,0,278,0.0,0.0,0.0,0.0,0.0
2019-02-10,8,0,279,55.14,55.14,0.0,1061.412301,0.0
2019-02-10,8,0,281,0.0,0.0,0.0,0.0,0.0
2019-02-10,8,0,282,0.0,0.0,0.0,0.0,0.0
2019-02-10,9,0,9,0.34,0.34,0.0,5.485072,0.0
2019-02-10,9,0,17,3.69,3.69,0.0,54.369929,0.0
2019-02-10,9,0,19,19.75,19.75,0.0,291.00436,0.0
2019-02-10,9,0,20,24.52,24.52,0.0,361.287438,0.0
2019-02-10,9,0,21,7.8,7.8,0.0,125.834007,0.0
2019-02-10,9,0,22,27.73,27.73,0.0,447.356027,0.0
2019-02-10,9,0,23,17.0,17.0,0.0,274.253605,0.0
2019-02-10,9,0,24,30.09,30.09,0.0,485.428881,0.0
2019-02-10,9,0,29,0.94,0.94,0.0,7.93805,0.0
2019-02-10,9,0,30,49.93,49.93,0.0,804.982186,0.0
2019-02-10,9,0,31,0.0,0.0,0.0,0.0,0.0
2019-02-10,9,0,32,0.54,0.54,0.0,14.782558,0.0
2019-02-10,9,0,33,0.16,0.16,0.0,2.157697,0.0
2019-02-10,9,0,34,0.26,0.26,0.0,3.506257,0.0
2019-02-10,9,0,35,0.26,0.26,0.0,3.506257,0.0
2019-02-10,9,0,36,1.55,1.55,0.0,27.632996,0.0
2019-02-10,9,0,37,0.66,0.66,0.0,11.90674,0.0
2019-02-10,9,0,38,0.84,0.84,0.0,15.154033,0.0
2019-02-10,9,0,39,0.56,0.56,0.0,10.102689,0.0
2019-02-10,9,0,40,0.56,0.56,0.0,10.102689,0.0
2019-02-10,9,0,41,3.18,3.18,0.0,52.267488,0.0
2019-02-10,9,0,42,11.6,11.6,0.0,174.059075,0.0
2019-02-10,9,0,43,4.53,4.53,0.0,85.18666,0.0
2019-02-10,9,0,46,4.45,4.45,0.0,80.56496,0.0
2019-02-10,9,0,52,0.0,0.0,0.0,0.0,0.0
2019-02-10,9,0,53,0.0,0.0,0.0,0.0,0.0
2019-02-10,9,0,55,8.59,8.59,0.0,138.578733,0.0
2019-02-10,9,0,56,14.73,14.73,0.0,237.480224,0.0
2019-02-10,9,0,57,14.01,14.01,0.0,225.87223,0.0
2019-02-10,9,0,58,26.94,26.94,0.0,434.332467,0.0
2019-02-10,9,0,59,26.49,26.49,0.0,427.077471,0.0
2019-02-10,9,0,63,19.96,19.96,0.0,594.974438,0.0
2019-02-10,9,0,64,23.48,23.48,0.0,699.899789,0.0
2019-02-10,9,0,65,2.5,2.5,0.0,36.961707,0.0
2019-02-10,9,0,67,33.37,33.37,0.0,189.655742,0.0
2019-02-10,9,0,68,3.03,3.03,0.0,32.651496,0.0
2019-02-10,9,0,69,0.16,0.16,0.0,2.157697,0.0
2019-02-10,9,0,74,5.38,5.38,0.0,86.271036,0.0
2019-02-10,9,0,77,16.2,16.2,0.0,244.397325,0.0
2019-02-10,9,0,78,12.25,12.25,0.0,184.806619,0.0
2019-02-10,9,0,79,7.09,7.09,0.0,106.961545,0.0
2019-02-10,9,0,80,11.46,11.46,0.0,172.888478,0.0
2019-02-10,9,0,81,14.99,14.99,0.0,226.142957,0.0
2019-02-10,9,0,82,10.57,10.57,0.0,159.461711,0.0
2019-02-10,9,0,83,23.57,23.57,0.0,355.583021,0.0
2019-02-10,9,0,84,0.0,0.0,0.0,0.0,0.0
2019-02-10,9,0,86,0.83,0.83,0.0,11.193052,0.0
2019-02-10,9,0,87,4.26,4.26,0.0,57.448674,0.0
2019-02-10,9,0,88,61.46,61.46,0.0,927.201208,0.0
2019-02-10,9,0,89,58.7,58.7,0.0,885.563145,0.0
2019-02-10,9,0,90,82.4,82.4,0.0,1243.107379,0.0
2019-02-10,9,0,91,309.63,309.63,0.0,4671.157013,0.0
2019-02-10,9,0,92,108.94,108.94,0.0,1643.496577,0.0
2019-02-10,9,0,95,4.75,4.75,0.0,130.6522,0.0
2019-02-10,9,0,96,5.36,5.36,0.0,86.357093,0.0
2019-02-10,9,0,97,32.98,32.98,0.0,531.353902,0.0
2019-02-10,9,0,99,1.04,1.04,0.0,16.676929,0.0
2019-02-10,9,0,101,1.01,1.01,0.0,16.283437,0.0
2019-02-10,9,0,102,7.17,7.17,0.0,77.26443,0.0
2019-02-10,9,0,103,6.24,6.24,0.0,67.242684,0.0
2019-02-10,9,0,104,1.16,1.16,0.0,12.500243,0.0
2019-02-10,9,0,106,27.3,27.3,0.0,440.419024,0.0
2019-02-10,9,0,109,36.23,36.23,0.0,623.615638,0.0
2019-02-10,9,0,110,338.6,338.6,0.0,-3356.167772,0.0
2019-02-10,9,0,111,2.74,2.74,0.0,45.035509,0.0
2019-02-10,9,0,113,30.19,30.19,0.0,479.785648,0.0
2019-02-10,9,0,115,30.19,30.19,0.0,479.785648,0.0
2019-02-10,9,0,116,13.81,13.81,0.0,-136.883275,0.0
2019-02-10,9,0,117,2.05,2.05,0.0,32.579019,0.0
2019-02-10,9,0,119,23.48,23.48,0.0,699.899789,0.0
2019-02-10,9,0,120,13.81,13.81,0.0,411.653156,0.0
2019-02-10,9,0,123,0.45,0.45,0.0,7.259654,0.0
2019-02-10,9,0,125,27.23,27.23,0.0,439.289745,0.0
2019-02-10,9,0,126,20.47,20.47,0.0,330.233605,0.0
2019-02-10,9,0,127,26.27,26.27,0.0,423.802482,0.0
2019-02-10,9,0,128,38.99,38.99,0.0,629.008709,0.0
2019-02-10,9,0,131,5.07,5.07,0.0,61.530338,0.0
2019-02-10,9,0,132,7.46,7.46,0.0,90.535764,0.0
2019-02-10,9,0,133,1.24,1.24,0.0,18.264779,0.0
2019-02-10,9,0,134,0.0,0.0,0.0,0.0,0.0
2019-02-10,9,0,135,1.66,1.66,0.0,24.451236,0.0
2019-02-10,9,0,136,3.53,3.53,0.0,52.199675,0.0
2019-02-10,9,0,139,4.11,4.11,0.0,67.553263,0.0
2019-02-10,9,0,140,250.6,250.6,0.0,-2483.92098,0.0
2019-02-10,9,0,141,31.72,31.72,0.0,180.278098,0.0
2019-02-10,9,0,142,44.01,44.01,0.0,250.127336,0.0
2019-02-10,9,0,143,0.0,0.0,0.0,0.0,0.0
2019-02-10,9,0,145,4.73,4.73,0.0,78.151811,0.0
2019-02-10,9,0,146,268.0,268.0,0.0,-2656.387959,0.0
2019-02-10,9,0,152,0.95,0.95,0.0,15.449302,0.0
2019-02-10,9,0,153,1.12,1.12,0.0,18.293494,0.0
2019-02-10,9,0,154,11.3,11.3,0.0,185.730383,0.0
2019-02-10,9,0,157,171.1,171.1,0.0,972.433246,0.0
2019-02-10,9,0,158,20.33,20.33,0.0,115.543939,0.0
2019-02-10,9,0,159,0.0,0.0,0.0,0.0,0.0
2019-02-10,9,0,160,0.28,0.28,0.0,5.787189,0.0
2019-02-10,9,0,161,7.34,7.34,0.0,79.096363,0.0
2019-02-10,9,0,162,5.76,5.76,0.0,158.567158,0.0
2019-02-10,9,0,163,48.39,48.39,0.0,-479.636617,0.0
2019-02-10,9,0,164,1.57,1.57,0.0,25.311877,0.0
2019-02-10,9,0,167,0.65,0.65,0.0,17.83247,0.0
2019-02-10,9,0,168,0.32,0.32,0.0,8.779062,0.0
2019-02-10,9,0,169,0.0,0.0,0.0,0.0,0.0
2019-02-10,9,0,170,0.71,0.71,0.0,19.478544,0.0
2019-02-10,9,0,172,0.89,0.89,0.0,24.320268,0.0
2019-02-10,9,0,173,1.36,1.36,0.0,37.163556,0.0
2019-02-10,9,0,188,1.12,1.12,0.0,30.266096,0.0
2019-02-10,9,0,190,0.8,0.8,0.0,23.846671,0.0
2019-02-10,9,0,191,2.06,2.06,0.0,61.405177,0.0
2019-02-10,9,0,192,92.63,92.63,0.0,2761.146401,0.0
2019-02-10,9,0,194,64.69,64.69,0.0,1321.93493,0.0
2019-02-10,9,0,196,0.69,0.69,0.0,24.201888,0.0
2019-02-10,9,0,198,0.83,0.83,0.0,6.414441,0.0
2019-02-10,9,0,199,5.01,5.01,0.0,70.489231,0.0
2019-02-10,9,0,200,1.81,1.81,0.0,25.466169,0.0
2019-02-10,9,0,204,106.22,106.22,0.0,1835.296128,0.0
2019-02-10,9,0,205,204.04,204.04,0.0,3512.076585,0.0
2019-02-10,9,0,206,96.92,96.92,0.0,1561.516681,0.0
2019-02-10,9,0,210,0.27,0.27,0.0,2.31699,0.0
2019-02-10,9,0,214,1.1,1.1,0.0,14.014779,0.0
2019-02-10,9,0,217,0.85,0.85,0.0,9.110768,0.0
2019-02-10,9,0,218,1.18,1.18,0.0,12.64789,0.0
2019-02-10,9,0,219,0.8,0.8,0.0,8.574841,0.0
2019-02-10,9,0,221,0.59,0.59,0.0,7.517018,0.0
2019-02-10,9,0,225,0.75,0.75,0.0,6.323649,0.0
2019-02-10,9,0,233,0.47,0.47,0.0,6.338234,0.0
2019-02-10,9,0,236,7.8,7.8,0.0,120.492571,0.0
2019-02-10,9,0,237,12.91,12.91,0.0,207.018416,0.0
2019-02-10,9,0,238,15.1,15.1,0.0,226.576899,0.0
2019-02-10,9,0,240,1.76,1.76,0.0,31.376821,0.0
2019-02-10,9,0,245,3.32,3.32,0.0,48.304294,0.0
2019-02-10,9,0,247,4.13,4.13,0.0,60.089377,0.0
2019-02-10,9,0,248,1.3,1.3,0.0,20.846161,0.0
2019-02-10,9,0,249,6.39,6.39,0.0,92.971216,0.0
2019-02-10,9,0,251,12.64,12.64,0.0,187.921939,0.0
2019-02-10,9,0,252,16.14,16.14,0.0,238.62478,0.0
2019-02-10,9,0,254,1.43,1.43,0.0,27.559858,0.0
2019-02-10,9,0,255,0.65,0.65,0.0,12.527208,0.0
2019-02-10,9,0,258,2.27,2.27,0.0,40.827255,0.0
2019-02-10,9,0,260,0.68,0.68,0.0,14.054602,0.0
2019-02-10,9,0,265,11.7,11.7,0.0,192.30491,0.0
2019-02-10,9,0,266,2.66,2.66,0.0,43.720603,0.0
2019-02-10,9,0,267,3.27,3.27,0.0,53.746757,0.0
2019-02-10,9,0,270,151.13,151.13,0.0,-1497.984747,0.0
2019-02-10,9,0,272,100.76,100.76,0.0,1601.298507,0.0
2019-02-10,9,0,273,3.3,3.3,0.0,-32.709255,0.0
2019-02-10,9,0,274,194.82,194.82,0.0,-1931.035456,0.0
2019-02-10,9,0,275,271.19,271.19,0.0,-2688.006905,0.0
2019-02-10,9,0,276,0.75,0.75,0.0,-4.822343,0.0
2019-02-10,9,0,277,1.13,1.13,0.0,17.593067,0.0
2019-02-10,9,0,278,1.8,1.8,0.0,28.024355,0.0
2019-02-10,9,0,279,63.92,63.92,0.0,995.175982,0.0
2019-02-10,9,0,281,0.0,0.0,0.0,0.0,0.0
2019-02-10,9,0,282,27.39,27.39,0.0,441.587464,0.0
2019-02-10,10,0,9,1.05,1.05,0.0,12.22287,0.0
2019-02-10,10,0,17,13.0,13.0,0.0,178.544888,0.0
2019-02-10,10,0,19,10.01,10.01,0.0,137.479564,0.0
2019-02-10,10,0,20,12.4,12.4,0.0,170.304355,0.0
2019-02-10,10,0,21,24.03,24.03,0.0,279.729116,0.0
2019-02-10,10,0,22,85.41,85.41,0.0,994.243188,0.0
2019-02-10,10,0,23,20.45,20.45,0.0,238.054949,0.0
2019-02-10,10,0,24,36.19,36.19,0.0,421.281594,0.0
2019-02-10,10,0,29,1.69,1.69,0.0,13.526872,0.0
2019-02-10,10,0,30,163.23,163.23,0.0,1895.343869,0.0
2019-02-10,10,0,31,0.0,0.0,0.0,0.0,0.0
2019-02-10,10,0,32,0.74,0.74,0.0,19.118726,0.0
2019-02-10,10,0,33,0.57,0.57,0.0,7.56084,0.0
2019-02-10,10,0,34,0.91,0.91,0.0,12.070814,0.0
2019-02-10,10,0,35,0.91,0.91,0.0,12.070814,0.0
2019-02-10,10,0,36,3.56,3.56,0.0,54.997647,0.0
2019-02-10,10,0,37,1.55,1.55,0.0,24.207568,0.0
2019-02-10,10,0,38,1.99,1.99,0.0,31.079394,0.0
2019-02-10,10,0,39,1.33,1.33,0.0,20.771655,0.0
2019-02-10,10,0,40,1.33,1.33,0.0,20.771655,0.0
2019-02-10,10,0,41,2.78,2.78,0.0,36.062626,0.0
2019-02-10,10,0,42,27.52,27.52,0.0,380.767079,0.0
2019-02-10,10,0,43,9.31,9.31,0.0,152.907786,0.0
2019-02-10,10,0,46,9.64,9.64,0.0,148.958255,0.0
2019-02-10,10,0,52,0.0,0.0,0.0,0.0,0.0
2019-02-10,10,0,53,0.0,0.0,0.0,0.0,0.0
2019-02-10,10,0,55,12.41,12.41,0.0,144.462685,0.0
2019-02-10,10,0,56,48.15,48.15,0.0,559.093348,0.0
2019-02-10,10,0,57,45.8,45.8,0.0,531.806342,0.0
2019-02-10,10,0,58,88.07,88.07,0.0,1022.624116,0.0
2019-02-10,10,0,59,86.61,86.61,0.0,1005.671338,0.0
2019-02-10,10,0,63,22.97,22.97,0.0,684.697537,0.0
2019-02-10,10,0,64,27.02,27.02,0.0,805.421308,0.0
2019-02-10,10,0,65,3.44,3.44,0.0,47.310771,0.0
2019-02-10,10,0,67,123.37,123.37,0.0,-710.095922,0.0
2019-02-10,10,0,68,6.31,6.31,0.0,13.062203,0.0
2019-02-10,10,0,69,0.57,0.57,0.0,7.56084,0.0
2019-02-10,10,0,74,16.75,16.75,0.0,236.881429,0.0
2019-02-10,10,0,77,20.62,20.62,0.0,180.997259,0.0
2019-02-10,10,0,78,15.59,15.59,0.0,136.845164,0.0
2019-02-10,10,0,79,9.02,9.02,0.0,79.175329,0.0
2019-02-10,10,0,80,14.59,14.59,0.0,128.067411,0.0
2019-02-10,10,0,81,19.08,19.08,0.0,167.47952,0.0
2019-02-10,10,0,82,13.46,13.46,0.0,118.14855,0.0
2019-02-10,10,0,83,30.01,30.01,0.0,263.420357,0.0
2019-02-10,10,0,84,0.0,0.0,0.0,0.0,0.0
2019-02-10,10,0,86,2.87,2.87,0.0,38.069491,0.0
2019-02-10,10,0,87,14.66,14.66,0.0,194.459492,0.0
2019-02-10,10,0,88,50.59,50.59,0.0,444.066506,0.0
2019-02-10,10,0,89,48.4,48.4,0.0,424.843228,0.0
2019-02-10,10,0,90,67.2,67.2,0.0,589.864977,0.0
2019-02-10,10,0,91,248.97,248.97,0.0,2185.397073,0.0
2019-02-10,10,0,92,88.21,88.21,0.0,774.28556,0.0
2019-02-10,10,0,95,11.11,11.11,0.0,288.999292,0.0
2019-02-10,10,0,96,6.35,6.35,0.0,73.538287,0.0
2019-02-10,10,0,97,39.04,39.04,0.0,452.115702,0.0
2019-02-10,10,0,99,3.44,3.44,0.0,48.649081,0.0
2019-02-10,10,0,101,3.29,3.29,0.0,38.201809,0.0
2019-02-10,10,0,102,14.94,14.94,0.0,30.926991,0.0
2019-02-10,10,0,103,12.99,12.99,0.0,26.890336,0.0
2019-02-10,10,0,104,2.41,2.41,0.0,4.988892,0.0
2019-02-10,10,0,106,84.08,84.08,0.0,978.760886,0.0
2019-02-10,10,0,109,39.44,39.44,0.0,565.274185,0.0
2019-02-10,10,0,110,338.6,338.6,0.0,-10063.607488,0.0
2019-02-10,10,0,111,7.88,7.88,0.0,102.220681,0.0
2019-02-10,10,0,113,65.01,65.01,0.0,633.181637,0.0
2019-02-10,10,0,115,65.01,65.01,0.0,633.181637,0.0
2019-02-10,10,0,116,48.9,48.9,0.0,-1453.368004,0.0
2019-02-10,10,0,117,4.33,4.33,0.0,42.17315,0.0
2019-02-10,10,0,119,27.02,27.02,0.0,805.421308,0.0
2019-02-10,10,0,120,15.89,15.89,0.0,473.6545,0.0
2019-02-10,10,0,123,1.4,1.4,0.0,16.29716,0.0
2019-02-10,10,0,125,32.75,32.75,0.0,381.237143,0.0
2019-02-10,10,0,126,63.06,63.06,0.0,734.070664,0.0
2019-02-10,10,0,127,80.93,80.93,0.0,942.092275,0.0
2019-02-10,10,0,128,46.91,46.91,0.0,546.071279,0.0
2019-02-10,10,0,131,8.71,8.71,0.0,36.234797,0.0
2019-02-10,10,0,132,14.05,14.05,0.0,58.449931,0.0
2019-02-10,10,0,133,1.05,1.05,0.0,14.419063,0.0
2019-02-10,10,0,134,0.0,0.0,0.0,0.0,0.0
2019-02-10,10,0,135,1.41,1.41,0.0,19.362741,0.0
2019-02-10,10,0,136,5.24,5.24,0.0,72.071846,0.0
2019-02-10,10,0,139,3.59,3.59,0.0,46.570082,0.0
2019-02-10,10,0,140,250.6,250.6,0.0,-7448.139505,0.0
2019-02-10,10,0,141,40.14,40.14,0.0,-231.038748,0.0
2019-02-10,10,0,142,162.7,162.7,0.0,-936.472453,0.0
2019-02-10,10,0,143,0.0,0.0,0.0,0.0,0.0
2019-02-10,10,0,145,10.58,10.58,0.0,133.49648,0.0
2019-02-10,10,0,146,268.0,268.0,0.0,-7965.288857,0.0
2019-02-10,10,0,152,2.4,2.4,0.0,34.46099,0.0
2019-02-10,10,0,153,2.98,2.98,0.0,42.878405,0.0
2019-02-10,10,0,154,32.49,32.49,0.0,421.465726,0.0
2019-02-10,10,0,157,209.89,209.89,0.0,-1208.089756,0.0
2019-02-10,10,0,158,122.94,122.94,0.0,-707.620918,0.0
2019-02-10,10,0,159,0.0,0.0,0.0,0.0,0.0
2019-02-10,10,0,160,0.6,0.6,0.0,11.09786,0.0
2019-02-10,10,0,161,23.81,23.81,0.0,49.288599,0.0
2019-02-10,10,0,162,10.67,10.67,0.0,277.991021,0.0
2019-02-10,10,0,163,32.85,32.85,0.0,-976.342309,0.0
2019-02-10,10,0,164,6.41,6.41,0.0,74.429665,0.0
2019-02-10,10,0,167,1.13,1.13,0.0,29.266043,0.0
2019-02-10,10,0,168,0.56,0.56,0.0,14.503526,0.0
2019-02-10,10,0,169,0.0,0.0,0.0,0.0,0.0
2019-02-10,10,0,170,1.23,1.23,0.0,31.855959,0.0
2019-02-10,10,0,172,1.41,1.41,0.0,35.358993,0.0
2019-02-10,10,0,173,2.15,2.15,0.0,53.916194,0.0
2019-02-10,10,0,188,1.69,1.69,0.0,42.556444,0.0
2019-02-10,10,0,190,3.81,3.81,0.0,113.56977,0.0
2019-02-10,10,0,191,9.84,9.84,0.0,293.314051,0.0
2019-02-10,10,0,192,114.6,114.6,0.0,3416.035599,0.0
2019-02-10,10,0,194,36.06,36.06,0.0,593.641072,0.0
2019-02-10,10,0,196,2.49,2.49,0.0,94.518101,0.0
2019-02-10,10,0,198,2.0,2.0,0.0,15.590188,0.0
2019-02-10,10,0,199,8.07,8.07,0.0,101.666081,0.0
2019-02-10,10,0,200,2.96,2.96,0.0,37.290161,0.0
2019-02-10,10,0,204,62.86,62.86,0.0,899.258904,0.0
2019-02-10,10,0,205,232.93,232.93,0.0,3338.471501,0.0
2019-02-10,10,0,206,114.72,114.72,0.0,1328.553107,0.0
2019-02-10,10,0,210,0.44,0.44,0.0,3.631525,0.0
2019-02-10,10,0,214,2.41,2.41,0.0,31.285623,0.0
2019-02-10,10,0,217,1.65,1.65,0.0,17.756612,0.0
2019-02-10,10,0,218,2.28,2.28,0.0,24.53641,0.0
2019-02-10,10,0,219,1.55,1.55,0.0,16.680454,0.0
2019-02-10,10,0,221,1.29,1.29,0.0,16.746246,0.0
2019-02-10,10,0,225,1.52,1.52,0.0,12.129571,0.0
2019-02-10,10,0,233,1.62,1.62,0.0,21.488702,0.0
2019-02-10,10,0,236,8.1,8.1,0.0,113.521534,0.0
2019-02-10,10,0,237,39.14,39.14,0.0,553.524723,0.0
2019-02-10,10,0,238,35.82,35.82,0.0,495.605988,0.0
2019-02-10,10,0,240,4.04,4.04,0.0,62.41306,0.0
2019-02-10,10,0,245,3.13,3.13,0.0,42.770476,0.0
2019-02-10,10,0,247,4.4,4.4,0.0,60.12463,0.0
2019-02-10,10,0,248,4.27,4.27,0.0,60.387087,0.0
2019-02-10,10,0,249,6.03,6.03,0.0,82.398073,0.0
2019-02-10,10,0,251,16.02,16.02,0.0,220.822504,0.0
2019-02-10,10,0,252,22.2,22.2,0.0,305.31951,0.0
2019-02-10,10,0,254,3.48,3.48,0.0,58.96538,0.0
2019-02-10,10,0,255,1.59,1.59,0.0,26.941079,0.0
2019-02-10,10,0,258,5.0,5.0,0.0,78.031448,0.0
2019-02-10,10,0,260,1.45,1.45,0.0,26.819827,0.0
2019-02-10,10,0,265,33.64,33.64,0.0,436.383719,0.0
2019-02-10,10,0,266,2.33,2.33,0.0,30.225151,0.0
2019-02-10,10,0,267,2.86,2.86,0.0,37.100399,0.0
2019-02-10,10,0,270,102.55,102.55,0.0,-3047.911837,0.0
2019-02-10,10,0,272,217.26,217.26,0.0,2116.059721,0.0
2019-02-10,10,0,273,11.69,11.69,0.0,-347.441145,0.0
2019-02-10,10,0,274,132.18,132.18,0.0,-3928.551795,0.0
2019-02-10,10,0,275,183.99,183.99,0.0,-5468.40857,0.0
2019-02-10,10,0,276,2.57,2.57,0.0,-62.631564,0.0
2019-02-10,10,0,277,3.04,3.04,0.0,28.436386,0.0
2019-02-10,10,0,278,4.86,4.86,0.0,45.460801,0.0
2019-02-10,10,0,279,74.27,74.27,0.0,694.727094,0.0
2019-02-10,10,0,281,0.0,0.0,0.0,0.0,0.0
2019-02-10,10,0,282,89.54,89.54,0.0,1039.69301,0.0
2019-02-10,11,0,9,1.68,1.68,0.0,14.888832,0.0
2019-02-10,11,0,17,20.41,20.41,0.0,239.425465,0.0
2019-02-10,11,0,19,0.0,0.0,0.0,0.0,0.0
2019-02-10,11,0,20,0.0,0.0,0.0,0.0,0.0
2019-02-10,11,0,21,38.36,38.36,0.0,339.961657,0.0
2019-02-10,11,0,22,136.34,136.34,0.0,1208.299593,0.0
2019-02-10,11,0,23,10.79,10.79,0.0,95.625294,0.0
2019-02-10,11,0,24,19.08,19.08,0.0,169.094589,0.0
2019-02-10,11,0,29,2.57,2.57,0.0,20.069758,0.0
2019-02-10,11,0,30,263.85,263.85,0.0,2331.237831,0.0
2019-02-10,11,0,31,0.0,0.0,0.0,0.0,0.0
2019-02-10,11,0,32,1.19,1.19,0.0,30.229552,0.0
2019-02-10,11,0,33,0.9,0.9,0.0,10.601505,0.0
2019-02-10,11,0,34,1.44,1.44,0.0,16.962409,0.0
2019-02-10,11,0,35,1.44,1.44,0.0,16.962409,0.0
2019-02-10,11,0,36,5.61,5.61,0.0,68.456632,0.0
2019-02-10,11,0,37,2.49,2.49,0.0,30.601931,0.0
2019-02-10,11,0,38,3.2,3.2,0.0,39.327783,0.0
2019-02-10,11,0,39,2.13,2.13,0.0,26.177556,0.0
2019-02-10,11,0,40,2.13,2.13,0.0,26.177556,0.0
2019-02-10,11,0,41,3.27,3.27,0.0,33.217268,0.0
2019-02-10,11,0,42,43.9,43.9,0.0,514.518735,0.0
2019-02-10,11,0,43,14.88,14.88,0.0,190.724363,0.0
2019-02-10,11,0,46,15.39,15.39,0.0,185.966466,0.0
2019-02-10,11,0,52,0.0,0.0,0.0,0.0,0.0
2019-02-10,11,0,53,0.0,0.0,0.0,0.0,0.0
2019-02-10,11,0,55,28.19,28.19,0.0,249.831051,0.0
2019-02-10,11,0,56,77.83,77.83,0.0,687.664356,0.0
2019-02-10,11,0,57,74.03,74.03,0.0,654.089584,0.0
2019-02-10,11,0,58,142.37,142.37,0.0,1257.905363,0.0
2019-02-10,11,0,59,139.99,139.99,0.0,1236.876953,0.0
2019-02-10,11,0,63,18.58,18.58,0.0,553.83893,0.0
2019-02-10,11,0,64,21.86,21.86,0.0,651.610281,0.0
2019-02-10,11,0,65,1.42,1.42,0.0,16.654942,0.0
2019-02-10,11,0,67,198.89,198.89,0.0,-1951.312856,0.0
2019-02-10,11,0,68,6.08,6.08,0.0,-6.946205,0.0
2019-02-10,11,0,69,0.9,0.9,0.0,10.601505,0.0
2019-02-10,11,0,74,18.64,18.64,0.0,216.088622,0.0
2019-02-10,11,0,77,17.15,17.15,0.0,107.185823,0.0
2019-02-10,11,0,78,12.96,12.96,0.0,80.998732,0.0
2019-02-10,11,0,79,7.5,7.5,0.0,46.874266,0.0
2019-02-10,11,0,80,12.13,12.13,0.0,75.811314,0.0
2019-02-10,11,0,81,15.86,15.86,0.0,99.123449,0.0
2019-02-10,11,0,82,11.19,11.19,0.0,69.936406,0.0
2019-02-10,11,0,83,24.95,24.95,0.0,155.93506,0.0
2019-02-10,11,0,84,0.0,0.0,0.0,0.0,0.0
2019-02-10,11,0,86,4.56,4.56,0.0,53.714294,0.0
2019-02-10,11,0,87,23.3,23.3,0.0,274.461197,0.0
2019-02-10,11,0,88,19.73,19.73,0.0,123.31057,0.0
2019-02-10,11,0,89,18.96,18.96,0.0,118.498146,0.0
2019-02-10,11,0,90,25.46,25.46,0.0,159.12251,0.0
2019-02-10,11,0,91,90.83,90.83,0.0,567.678617,0.0
2019-02-10,11,0,92,32.67,32.67,0.0,204.184305,0.0
2019-02-10,11,0,95,12.26,12.26,0.0,313.840949,0.0
2019-02-10,11,0,96,6.41,6.41,0.0,56.454911,0.0
2019-02-10,11,0,97,47.08,47.08,0.0,414.648554,0.0
2019-02-10,11,0,99,4.0,4.0,0.0,46.370949,0.0
2019-02-10,11,0,101,5.32,5.32,0.0,47.004682,0.0
2019-02-10,11,0,102,14.4,14.4,0.0,-16.451537,0.0
2019-02-10,11,0,103,12.52,12.52,0.0,-14.303698,0.0
2019-02-10,11,0,104,2.32,2.32,0.0,-2.650525,0.0
2019-02-10,11,0,106,134.22,134.22,0.0,1189.511305,0.0
2019-02-10,11,0,109,26.75,26.75,0.0,301.627122,0.0
2019-02-10,11,0,110,338.6,338.6,0.0,-12310.434345,0.0
2019-02-10,11,0,111,12.32,12.32,0.0,125.14885,0.0
2019-02-10,11,0,113,27.35,27.35,0.0,203.450901,0.0
2019-02-10,11,0,115,27.35,27.35,0.0,203.450901,0.0
2019-02-10,11,0,116,76.56,76.56,0.0,-2783.481552,0.0
2019-02-10,11,0,117,1.84,1.84,0.0,13.687373,0.0
2019-02-10,11,0,119,21.86,21.86,0.0,651.610281,0.0
2019-02-10,11,0,120,12.85,12.85,0.0,383.037151,0.0
2019-02-10,11,0,123,2.24,2.24,0.0,19.851776,0.0
2019-02-10,11,0,125,17.27,17.27,0.0,153.053645,0.0
2019-02-10,11,0,126,100.66,100.66,0.0,892.089167,0.0
2019-02-10,11,0,127,129.19,129.19,0.0,1144.933434,0.0
2019-02-10,11,0,128,24.73,24.73,0.0,219.167148,0.0
2019-02-10,11,0,131,6.35,6.35,0.0,7.446227,0.0
2019-02-10,11,0,132,9.33,9.33,0.0,10.940677,0.0
2019-02-10,11,0,133,0.0,0.0,0.0,0.0,0.0
2019-02-10,11,0,134,0.0,0.0,0.0,0.0,0.0
2019-02-10,11,0,135,0.0,0.0,0.0,0.0,0.0
2019-02-10,11,0,136,2.72,2.72,0.0,31.902132,0.0
2019-02-10,11,0,139,4.22,4.22,0.0,42.867544,0.0
2019-02-10,11,0,140,250.6,250.6,0.0,-9111.030263,0.0
2019-02-10,11,0,141,48.48,48.48,0.0,-475.638027,0.0
2019-02-10,11,0,142,262.28,262.28,0.0,-2573.233123,0.0
2019-02-10,11,0,143,0.0,0.0,0.0,0.0,0.0
2019-02-10,11,0,145,24.49,24.49,0.0,238.51476,0.0
2019-02-10,11,0,146,268.0,268.0,0.0,-9743.639706,0.0
2019-02-10,11,0,152,3.92,3.92,0.0,45.961599,0.0
2019-02-10,11,0,153,4.91,4.91,0.0,57.572862,0.0
2019-02-10,11,0,154,50.82,50.82,0.0,516.239005,0.0
2019-02-10,11,0,157,169.62,169.62,0.0,-1664.144435,0.0
2019-02-10,11,0,158,207.89,207.89,0.0,-2039.611994,0.0
2019-02-10,11,0,159,0.0,0.0,0.0,0.0,0.0
2019-02-10,11,0,160,0.96,0.96,0.0,13.649782,0.0
2019-02-10,11,0,161,37.65,37.65,0.0,-43.013915,0.0
2019-02-10,11,0,162,22.22,22.22,0.0,569.814332,0.0
2019-02-10,11,0,163,43.97,43.97,0.0,-1598.611335,0.0
2019-02-10,11,0,164,10.56,10.56,0.0,93.302526,0.0
2019-02-10,11,0,167,1.75,1.75,0.0,44.577776,0.0
2019-02-10,11,0,168,0.88,0.88,0.0,22.416253,0.0
2019-02-10,11,0,169,0.0,0.0,0.0,0.0,0.0
2019-02-10,11,0,170,1.92,1.92,0.0,48.908189,0.0
2019-02-10,11,0,172,2.2,2.2,0.0,54.04036,0.0
2019-02-10,11,0,173,3.36,3.36,0.0,82.534367,0.0
2019-02-10,11,0,188,2.67,2.67,0.0,65.887805,0.0
2019-02-10,11,0,190,5.94,5.94,0.0,177.061531,0.0
2019-02-10,11,0,191,15.33,15.33,0.0,456.96183,0.0
2019-02-10,11,0,192,103.1,103.1,0.0,3073.239706,0.0
2019-02-10,11,0,194,28.93,28.93,0.0,433.965549,0.0
2019-02-10,11,0,196,3.9,3.9,0.0,151.512644,0.0
2019-02-10,11,0,198,3.23,3.23,0.0,26.193444,0.0
2019-02-10,11,0,199,8.08,8.08,0.0,96.113895,0.0
2019-02-10,11,0,200,4.73,4.73,0.0,56.264694,0.0
2019-02-10,11,0,204,86.52,86.52,0.0,970.579423,0.0
2019-02-10,11,0,205,174.9,174.9,0.0,1972.13397,0.0
2019-02-10,11,0,206,179.97,179.97,0.0,1585.053108,0.0
2019-02-10,11,0,210,0.66,0.66,0.0,5.314605,0.0
2019-02-10,11,0,214,3.79,3.79,0.0,44.74216,0.0
2019-02-10,11,0,217,2.57,2.57,0.0,25.897063,0.0
2019-02-10,11,0,218,3.54,3.54,0.0,35.671441,0.0
2019-02-10,11,0,219,2.41,2.41,0.0,24.284794,0.0
2019-02-10,11,0,221,2.02,2.02,0.0,23.846745,0.0
2019-02-10,11,0,225,2.34,2.34,0.0,18.218676,0.0
2019-02-10,11,0,233,2.58,2.58,0.0,30.390982,0.0
2019-02-10,11,0,236,6.17,6.17,0.0,72.290547,0.0
2019-02-10,11,0,237,41.56,41.56,0.0,481.79416,0.0
2019-02-10,11,0,238,57.14,57.14,0.0,669.694773,0.0
2019-02-10,11,0,240,6.36,6.36,0.0,77.608588,0.0
2019-02-10,11,0,245,0.0,0.0,0.0,0.0,0.0
2019-02-10,11,0,247,0.0,0.0,0.0,0.0,0.0
2019-02-10,11,0,248,4.95,4.95,0.0,57.384049,0.0
2019-02-10,11,0,249,0.0,0.0,0.0,0.0,0.0
2019-02-10,11,0,251,6.46,6.46,0.0,75.747478,0.0
2019-02-10,11,0,252,9.15,9.15,0.0,107.318819,0.0
2019-02-10,11,0,254,5.73,5.73,0.0,75.458738,0.0
2019-02-10,11,0,255,2.63,2.63,0.0,34.634639,0.0
2019-02-10,11,0,258,7.85,7.85,0.0,96.570055,0.0
2019-02-10,11,0,260,2.33,2.33,0.0,33.129157,0.0
2019-02-10,11,0,265,52.62,52.62,0.0,534.523739,0.0
2019-02-10,11,0,266,2.73,2.73,0.0,27.731847,0.0
2019-02-10,11,0,267,3.36,3.36,0.0,34.131504,0.0
2019-02-10,11,0,270,148.73,148.73,0.0,-5407.356468,0.0
2019-02-10,11,0,272,91.32,91.32,0.0,679.310283,0.0
2019-02-10,11,0,273,18.31,18.31,0.0,-665.69419,0.0
2019-02-10,11,0,274,194.23,194.23,0.0,-7061.593806,0.0
2019-02-10,11,0,275,274.04,274.04,0.0,-9963.235168,0.0
2019-02-10,11,0,276,4.03,4.03,0.0,-122.631839,0.0
2019-02-10,11,0,277,4.79,4.79,0.0,33.348677,0.0
2019-02-10,11,0,278,7.67,7.67,0.0,53.399656,0.0
2019-02-10,11,0,279,64.1,64.1,0.0,446.273531,0.0
2019-02-10,11,0,281,0.0,0.0,0.0,0.0,0.0
2019-02-10,11,0,282,144.74,144.74,0.0,1278.845419,0.0
2019-02-10,12,0,9,2.31,2.31,0.0,3.678562,0.0
2019-02-10,12,0,17,26.15,26.15,0.0,250.341072,0.0
2019-02-10,12,0,19,0.0,0.0,0.0,0.0,0.0
2019-02-10,12,0,20,0.0,0.0,0.0,0.0,0.0
2019-02-10,12,0,21,52.86,52.86,0.0,84.176973,0.0
2019-02-10,12,0,22,187.87,187.87,0.0,299.173815,0.0
2019-02-10,12,0,23,8.77,8.77,0.0,13.965797,0.0
2019-02-10,12,0,24,14.68,14.68,0.0,23.377184,0.0
2019-02-10,12,0,29,3.26,3.26,0.0,21.684083,0.0
2019-02-10,12,0,30,364.07,364.07,0.0,560.094315,0.0
2019-02-10,12,0,31,2.64,2.64,0.0,4.061441,0.0
2019-02-10,12,0,32,1.58,1.58,0.0,39.755452,0.0
2019-02-10,12,0,33,1.22,1.22,0.0,13.175714,0.0
2019-02-10,12,0,34,1.95,1.95,0.0,21.059543,0.0
2019-02-10,12,0,35,1.95,1.95,0.0,21.059543,0.0
2019-02-10,12,0,36,7.76,7.76,0.0,61.506664,0.0
2019-02-10,12,0,37,3.42,3.42,0.0,27.160483,0.0
2019-02-10,12,0,38,4.39,4.39,0.0,34.863895,0.0
2019-02-10,12,0,39,2.93,2.93,0.0,23.269069,0.0
2019-02-10,12,0,40,2.93,2.93,0.0,23.269069,0.0
2019-02-10,12,0,41,3.99,3.99,0.0,17.415057,0.0
2019-02-10,12,0,42,57.69,57.69,0.0,536.944576,0.0
2019-02-10,12,0,43,20.78,20.78,0.0,176.621726,0.0
2019-02-10,12,0,46,20.65,20.65,0.0,152.813257,0.0
2019-02-10,12,0,52,2.8,2.8,0.0,4.307589,0.0
2019-02-10,12,0,53,4.45,4.45,0.0,6.84599,0.0
2019-02-10,12,0,55,41.9,41.9,0.0,66.723707,0.0
2019-02-10,12,0,56,107.39,107.39,0.0,165.211439,0.0
2019-02-10,12,0,57,102.15,102.15,0.0,157.150093,0.0
2019-02-10,12,0,58,196.44,196.44,0.0,302.208167,0.0
2019-02-10,12,0,59,193.17,193.17,0.0,297.177518,0.0
2019-02-10,12,0,63,15.25,15.25,0.0,494.520246,0.0
2019-02-10,12,0,64,17.94,17.94,0.0,581.750375,0.0
2019-02-10,12,0,65,0.0,0.0,0.0,0.0,0.0
2019-02-10,12,0,67,274.05,274.05,0.0,-8025.666372,0.0
2019-02-10,12,0,68,8.09,8.09,0.0,-125.114904,0.0
2019-02-10,12,0,69,1.22,1.22,0.0,13.175714,0.0
2019-02-10,12,0,74,22.9,22.9,0.0,185.267028,0.0
2019-02-10,12,0,77,18.89,18.89,0.0,-68.198837,0.0
2019-02-10,12,0,78,14.28,14.28,0.0,-51.555288,0.0
2019-02-10,12,0,79,8.27,8.27,0.0,-29.857299,0.0
2019-02-10,12,0,80,13.37,13.37,0.0,-48.269902,0.0
2019-02-10,12,0,81,17.48,17.48,0.0,-63.108294,0.0
2019-02-10,12,0,82,12.33,12.33,0.0,-44.515176,0.0
2019-02-10,12,0,83,27.49,27.49,0.0,-99.247541,0.0
2019-02-10,12,0,84,0.0,0.0,0.0,0.0,0.0
2019-02-10,12,0,86,6.16,6.16,0.0,66.526556,0.0
2019-02-10,12,0,87,31.46,31.46,0.0,339.760627,0.0
2019-02-10,12,0,88,18.86,18.86,0.0,-68.090528,0.0
2019-02-10,12,0,89,18.13,18.13,0.0,-65.454999,0.0
2019-02-10,12,0,90,24.35,24.35,0.0,-87.911154,0.0
2019-02-10,12,0,91,86.85,86.85,0.0,-313.555798,0.0
2019-02-10,12,0,92,31.24,31.24,0.0,-112.786219,0.0
2019-02-10,12,0,95,16.26,16.26,0.0,413.800013,0.0
2019-02-10,12,0,96,6.86,6.86,0.0,10.166258,0.0
2019-02-10,12,0,97,42.21,42.21,0.0,62.553609,0.0
2019-02-10,12,0,99,4.42,4.42,0.0,35.758963,0.0
2019-02-10,12,0,101,7.33,7.33,0.0,11.276654,0.0
2019-02-10,12,0,102,19.16,19.16,0.0,-296.316633,0.0
2019-02-10,12,0,103,16.66,16.66,0.0,-257.653189,0.0
2019-02-10,12,0,104,3.09,3.09,0.0,-47.788016,0.0
2019-02-10,12,0,106,184.94,184.94,0.0,294.507933,0.0
2019-02-10,12,0,109,25.93,25.93,0.0,163.295124,0.0
2019-02-10,12,0,110,338.6,338.6,0.0,-24246.042384,0.0
2019-02-10,12,0,111,16.95,16.95,0.0,73.981256,0.0
2019-02-10,12,0,113,12.97,12.97,0.0,-25.207282,0.0
2019-02-10,12,0,115,12.97,12.97,0.0,-25.207282,0.0
2019-02-10,12,0,116,101.64,101.64,0.0,-7278.10912,0.0
2019-02-10,12,0,117,0.86,0.86,0.0,-1.671416,0.0
2019-02-10,12,0,119,17.94,17.94,0.0,581.750375,0.0
2019-02-10,12,0,120,10.55,10.55,0.0,342.110728,0.0
2019-02-10,12,0,123,3.08,3.08,0.0,4.90475,0.0
2019-02-10,12,0,125,13.43,13.43,0.0,21.38662,0.0
2019-02-10,12,0,126,138.71,138.71,0.0,220.888912,0.0
2019-02-10,12,0,127,178.01,178.01,0.0,283.472246,0.0
2019-02-10,12,0,128,18.41,18.41,0.0,29.317027,0.0
2019-02-10,12,0,131,8.2,8.2,0.0,-96.550676,0.0
2019-02-10,12,0,132,12.05,12.05,0.0,-141.882396,0.0
2019-02-10,12,0,133,0.0,0.0,0.0,0.0,0.0
2019-02-10,12,0,134,0.0,0.0,0.0,0.0,0.0
2019-02-10,12,0,135,0.0,0.0,0.0,0.0,0.0
2019-02-10,12,0,136,1.21,1.21,0.0,11.520621,0.0
2019-02-10,12,0,139,5.16,5.16,0.0,22.521728,0.0
2019-02-10,12,0,140,250.6,250.6,0.0,-17944.649207,0.0
2019-02-10,12,0,141,62.76,62.76,0.0,-1837.952277,0.0
2019-02-10,12,0,142,361.4,361.4,0.0,-10583.74686,0.0
2019-02-10,12,0,143,0.0,0.0,0.0,0.0,0.0
2019-02-10,12,0,145,18.55,18.55,0.0,61.292011,0.0
2019-02-10,12,0,146,242.16,242.16,0.0,-17340.288316,0.0
2019-02-10,12,0,152,5.44,5.44,0.0,44.599849,0.0
2019-02-10,12,0,153,6.78,6.78,0.0,55.168495,0.0
2019-02-10,12,0,154,69.94,69.94,0.0,305.265432,0.0
2019-02-10,12,0,157,134.57,134.57,0.0,-3940.937507,0.0
2019-02-10,12,0,158,293.77,293.77,0.0,-8603.17464,0.0
2019-02-10,12,0,159,0.0,0.0,0.0,0.0,0.0
2019-02-10,12,0,160,1.33,1.33,0.0,13.472551,0.0
2019-02-10,12,0,161,51.95,51.95,0.0,-803.426361,0.0
2019-02-10,12,0,162,26.18,26.18,0.0,668.290413,0.0
2019-02-10,12,0,163,55.53,55.53,0.0,-3976.322308,0.0
2019-02-10,12,0,164,14.98,14.98,0.0,23.045603,0.0
2019-02-10,12,0,167,2.3,2.3,0.0,58.061733,0.0
2019-02-10,12,0,168,1.15,1.15,0.0,29.030867,0.0
2019-02-10,12,0,169,0.0,0.0,0.0,0.0,0.0
2019-02-10,12,0,170,2.52,2.52,0.0,63.615464,0.0
2019-02-10,12,0,172,2.92,2.92,0.0,67.511227,0.0
2019-02-10,12,0,173,4.45,4.45,0.0,102.88526,0.0
2019-02-10,12,0,188,3.55,3.55,0.0,84.797133,0.0
2019-02-10,12,0,190,7.91,7.91,0.0,256.501977,0.0
2019-02-10,12,0,191,20.42,20.42,0.0,662.170716,0.0
2019-02-10,12,0,192,97.0,97.0,0.0,3145.47304,0.0
2019-02-10,12,0,194,23.47,23.47,0.0,232.322349,0.0
2019-02-10,12,0,196,5.24,5.24,0.0,245.787975,0.0
2019-02-10,12,0,198,4.28,4.28,0.0,32.351238,0.0
2019-02-10,12,0,199,10.64,10.64,0.0,123.196228,0.0
2019-02-10,12,0,200,6.29,6.29,0.0,72.829349,0.0
2019-02-10,12,0,204,116.73,116.73,0.0,712.450744,0.0
2019-02-10,12,0,205,137.17,137.17,0.0,863.833096,0.0
2019-02-10,12,0,206,124.03,124.03,0.0,183.807727,0.0
2019-02-10,12,0,210,0.83,0.83,0.0,5.905854,0.0
2019-02-10,12,0,214,4.84,4.84,0.0,55.775917,0.0
2019-02-10,12,0,217,3.21,3.21,0.0,30.665804,0.0
2019-02-10,12,0,218,4.43,4.43,0.0,42.320721,0.0
2019-02-10,12,0,219,3.02,3.02,0.0,28.850695,0.0
2019-02-10,12,0,221,2.58,2.58,0.0,29.73179,0.0
2019-02-10,12,0,225,2.87,2.87,0.0,18.961391,0.0
2019-02-10,12,0,233,3.49,3.49,0.0,37.691182,0.0
2019-02-10,12,0,236,8.49,8.49,0.0,75.597131,0.0
2019-02-10,12,0,237,54.94,54.94,0.0,444.479061,0.0
2019-02-10,12,0,238,75.09,75.09,0.0,698.893537,0.0
2019-02-10,12,0,240,8.79,8.79,0.0,69.670564,0.0
2019-02-10,12,0,245,0.0,0.0,0.0,0.0,0.0
2019-02-10,12,0,247,0.0,0.0,0.0,0.0,0.0
2019-02-10,12,0,248,5.51,5.51,0.0,44.57735,0.0
2019-02-10,12,0,249,0.0,0.0,0.0,0.0,0.0
2019-02-10,12,0,251,0.0,0.0,0.0,0.0,0.0
2019-02-10,12,0,252,0.0,0.0,0.0,0.0,0.0
2019-02-10,12,0,254,7.8,7.8,0.0,69.487553,0.0
2019-02-10,12,0,255,3.57,3.57,0.0,31.803918,0.0
2019-02-10,12,0,258,10.9,10.9,0.0,87.404256,0.0
2019-02-10,12,0,260,3.23,3.23,0.0,32.719052,0.0
2019-02-10,12,0,265,72.41,72.41,0.0,316.046181,0.0
2019-02-10,12,0,266,3.34,3.34,0.0,14.578017,0.0
2019-02-10,12,0,267,4.11,4.11,0.0,17.938818,0.0
2019-02-10,12,0,270,173.42,173.42,0.0,-12418.040963,0.0
2019-02-10,12,0,272,43.35,43.35,0.0,-84.251017,0.0
2019-02-10,12,0,273,24.31,24.31,0.0,-1740.759865,0.0
2019-02-10,12,0,274,223.56,223.56,0.0,-16008.40294,0.0
2019-02-10,12,0,275,311.19,311.19,0.0,-22283.301623,0.0
2019-02-10,12,0,276,5.42,5.42,0.0,-336.892461,0.0
2019-02-10,12,0,277,6.32,6.32,0.0,-16.506303,0.0
2019-02-10,12,0,278,10.11,10.11,0.0,-26.404861,0.0
2019-02-10,12,0,279,69.83,69.83,0.0,-182.378977,0.0
2019-02-10,12,0,281,1.18,1.18,0.0,1.815341,0.0
2019-02-10,12,0,282,199.72,199.72,0.0,307.2542,0.0
2019-02-10,13,0,9,2.49,2.49,0.0,12.736665,0.0
2019-02-10,13,0,17,31.69,31.69,0.0,353.741117,0.0
2019-02-10,13,0,19,0.0,0.0,0.0,0.0,0.0
2019-02-10,13,0,20,0.0,0.0,0.0,0.0,0.0
2019-02-10,13,0,21,56.95,56.95,0.0,291.306453,0.0
2019-02-10,13,0,22,202.38,202.38,0.0,1035.199297,0.0
2019-02-10,13,0,23,20.95,20.95,0.0,107.1619,0.0
2019-02-10,13,0,24,36.58,36.58,0.0,187.111327,0.0
2019-02-10,13,0,29,4.05,4.05,0.0,27.927952,0.0
2019-02-10,13,0,30,383.43,383.43,0.0,1948.308525,0.0
2019-02-10,13,0,31,4.08,4.08,0.0,20.731551,0.0
2019-02-10,13,0,32,2.16,2.16,0.0,52.763411,0.0
2019-02-10,13,0,33,1.62,1.62,0.0,20.186893,0.0
2019-02-10,13,0,34,2.59,2.59,0.0,32.274106,0.0
2019-02-10,13,0,35,2.59,2.59,0.0,32.274106,0.0
2019-02-10,13,0,36,9.48,9.48,0.0,84.495886,0.0
2019-02-10,13,0,37,4.05,4.05,0.0,35.834035,0.0
2019-02-10,13,0,38,5.2,5.2,0.0,46.009132,0.0
2019-02-10,13,0,39,3.47,3.47,0.0,30.702248,0.0
2019-02-10,13,0,40,3.47,3.47,0.0,30.702248,0.0
2019-02-10,13,0,41,5.0,5.0,0.0,34.669629,0.0
2019-02-10,13,0,42,61.82,61.82,0.0,672.66826,0.0
2019-02-10,13,0,43,26.78,26.78,0.0,240.025201,0.0
2019-02-10,13,0,46,26.67,26.67,0.0,225.324675,0.0
2019-02-10,13,0,52,4.33,4.33,0.0,22.001867,0.0
2019-02-10,13,0,53,6.88,6.88,0.0,34.959087,0.0
2019-02-10,13,0,55,53.3,53.3,0.0,272.636241,0.0
2019-02-10,13,0,56,113.1,113.1,0.0,574.690802,0.0
2019-02-10,13,0,57,107.58,107.58,0.0,546.642232,0.0
2019-02-10,13,0,58,206.89,206.89,0.0,1051.262423,0.0
2019-02-10,13,0,59,203.44,203.44,0.0,1033.732067,0.0
2019-02-10,13,0,63,12.83,12.83,0.0,382.440984,0.0
2019-02-10,13,0,64,15.1,15.1,0.0,450.105912,0.0
2019-02-10,13,0,65,0.0,0.0,0.0,0.0,0.0
2019-02-10,13,0,67,282.03,282.03,0.0,-4920.942899,0.0
2019-02-10,13,0,68,12.9,12.9,0.0,-90.614402,0.0
2019-02-10,13,0,69,1.62,1.62,0.0,20.186893,0.0
2019-02-10,13,0,74,18.65,18.65,0.0,180.290332,0.0
2019-02-10,13,0,77,26.54,26.54,0.0,49.675647,0.0
2019-02-10,13,0,78,20.06,20.06,0.0,37.546853,0.0
2019-02-10,13,0,79,11.61,11.61,0.0,21.730756,0.0
2019-02-10,13,0,80,18.78,18.78,0.0,35.151042,0.0
2019-02-10,13,0,81,24.55,24.55,0.0,45.95091,0.0
2019-02-10,13,0,82,17.32,17.32,0.0,32.41832,0.0
2019-02-10,13,0,83,38.61,38.61,0.0,72.267398,0.0
2019-02-10,13,0,84,0.0,0.0,0.0,0.0,0.0
2019-02-10,13,0,86,8.22,8.22,0.0,102.429789,0.0
2019-02-10,13,0,87,41.95,41.95,0.0,522.740834,0.0
2019-02-10,13,0,88,22.38,22.38,0.0,41.889261,0.0
2019-02-10,13,0,89,21.52,21.52,0.0,40.279575,0.0
2019-02-10,13,0,90,28.89,28.89,0.0,54.074207,0.0
2019-02-10,13,0,91,103.07,103.07,0.0,192.918951,0.0
2019-02-10,13,0,92,37.07,37.07,0.0,69.384938,0.0
2019-02-10,13,0,95,17.92,17.92,0.0,441.81396,0.0
2019-02-10,13,0,96,8.99,8.99,0.0,45.362385,0.0
2019-02-10,13,0,97,55.27,55.27,0.0,278.88532,0.0
2019-02-10,13,0,99,3.6,3.6,0.0,34.801351,0.0
2019-02-10,13,0,101,7.72,7.72,0.0,39.227347,0.0
2019-02-10,13,0,102,30.55,30.55,0.0,-214.594571,0.0
2019-02-10,13,0,103,26.57,26.57,0.0,-186.63757,0.0
2019-02-10,13,0,104,4.93,4.93,0.0,-34.630155,0.0
2019-02-10,13,0,106,199.23,199.23,0.0,1019.086649,0.0
2019-02-10,13,0,109,34.4,34.4,0.0,275.216101,0.0
2019-02-10,13,0,110,314.78,314.78,0.0,-15540.583158,0.0
2019-02-10,13,0,111,19.4,19.4,0.0,134.518161,0.0
2019-02-10,13,0,113,14.18,14.18,0.0,46.497657,0.0
2019-02-10,13,0,115,14.18,14.18,0.0,46.497657,0.0
2019-02-10,13,0,116,105.12,105.12,0.0,-5189.739188,0.0
2019-02-10,13,0,117,0.95,0.95,0.0,3.115146,0.0
2019-02-10,13,0,119,15.1,15.1,0.0,450.105912,0.0
2019-02-10,13,0,120,8.88,8.88,0.0,264.698046,0.0
2019-02-10,13,0,123,3.32,3.32,0.0,16.98222,0.0
2019-02-10,13,0,125,33.21,33.21,0.0,169.87335,0.0
2019-02-10,13,0,126,149.42,149.42,0.0,764.302199,0.0
2019-02-10,13,0,127,191.76,191.76,0.0,980.876654,0.0
2019-02-10,13,0,128,46.89,46.89,0.0,239.848281,0.0
2019-02-10,13,0,131,12.45,12.45,0.0,-52.793768,0.0
2019-02-10,13,0,132,18.3,18.3,0.0,-77.600478,0.0
2019-02-10,13,0,133,0.0,0.0,0.0,0.0,0.0
2019-02-10,13,0,134,0.0,0.0,0.0,0.0,0.0
2019-02-10,13,0,135,0.0,0.0,0.0,0.0,0.0
2019-02-10,13,0,136,0.0,0.0,0.0,0.0,0.0
2019-02-10,13,0,139,6.45,6.45,0.0,44.723822,0.0
2019-02-10,13,0,140,232.97,232.97,0.0,-11501.650862,0.0
2019-02-10,13,0,141,84.35,84.35,0.0,-1471.763761,0.0
2019-02-10,13,0,142,371.93,371.93,0.0,-6489.544702,0.0
2019-02-10,13,0,143,5.61,5.61,0.0,28.505883,0.0
2019-02-10,13,0,145,44.55,44.55,0.0,274.688778,0.0
2019-02-10,13,0,146,221.04,221.04,0.0,-10912.670758,0.0
2019-02-10,13,0,152,5.45,5.45,0.0,52.653957,0.0
2019-02-10,13,0,153,7.05,7.05,0.0,67.631465,0.0
2019-02-10,13,0,154,80.02,80.02,0.0,554.852745,0.0
2019-02-10,13,0,157,104.6,104.6,0.0,-1825.091753,0.0
2019-02-10,13,0,158,343.32,343.32,0.0,-5990.348956,0.0
2019-02-10,13,0,159,0.0,0.0,0.0,0.0,0.0
2019-02-10,13,0,160,1.71,1.71,0.0,16.126676,0.0
2019-02-10,13,0,161,51.36,51.36,0.0,-360.771757,0.0
2019-02-10,13,0,162,30.73,30.73,0.0,759.376564,0.0
2019-02-10,13,0,163,42.05,42.05,0.0,-2075.994414,0.0
2019-02-10,13,0,164,14.44,14.44,0.0,73.373432,0.0
2019-02-10,13,0,167,1.93,1.93,0.0,47.28903,0.0
2019-02-10,13,0,168,0.97,0.97,0.0,23.767025,0.0
2019-02-10,13,0,169,0.0,0.0,0.0,0.0,0.0
2019-02-10,13,0,170,2.11,2.11,0.0,51.699406,0.0
2019-02-10,13,0,172,2.99,2.99,0.0,69.320092,0.0
2019-02-10,13,0,173,4.56,4.56,0.0,105.718936,0.0
2019-02-10,13,0,188,5.06,5.06,0.0,118.985713,0.0
2019-02-10,13,0,190,9.27,9.27,0.0,276.323298,0.0
2019-02-10,13,0,191,23.96,23.96,0.0,714.207792,0.0
2019-02-10,13,0,192,96.07,96.07,0.0,2863.687086,0.0
2019-02-10,13,0,194,19.47,19.47,0.0,240.480343,0.0
2019-02-10,13,0,196,5.48,5.48,0.0,223.076362,0.0
2019-02-10,13,0,198,5.43,5.43,0.0,53.585674,0.0
2019-02-10,13,0,199,4.38,4.38,0.0,49.70336,0.0
2019-02-10,13,0,200,8.87,8.87,0.0,100.654979,0.0
2019-02-10,13,0,204,154.55,154.55,0.0,1211.996732,0.0
2019-02-10,13,0,205,182.0,182.0,0.0,1456.085187,0.0
2019-02-10,13,0,206,162.41,162.41,0.0,819.499998,0.0
2019-02-10,13,0,210,0.88,0.88,0.0,6.448126,0.0
2019-02-10,13,0,214,6.68,6.68,0.0,88.379324,0.0
2019-02-10,13,0,217,4.15,4.15,0.0,44.237874,0.0
2019-02-10,13,0,218,5.72,5.72,0.0,60.973648,0.0
2019-02-10,13,0,219,3.9,3.9,0.0,41.572942,0.0
2019-02-10,13,0,221,3.56,3.56,0.0,47.100359,0.0
2019-02-10,13,0,225,3.55,3.55,0.0,24.33208,0.0
2019-02-10,13,0,233,4.65,4.65,0.0,57.943859,0.0
2019-02-10,13,0,236,33.18,33.18,0.0,346.490871,0.0
2019-02-10,13,0,237,44.75,44.75,0.0,432.600125,0.0
2019-02-10,13,0,238,80.47,80.47,0.0,875.60037,0.0
2019-02-10,13,0,240,10.74,10.74,0.0,95.726352,0.0
2019-02-10,13,0,245,0.0,0.0,0.0,0.0,0.0
2019-02-10,13,0,247,0.0,0.0,0.0,0.0,0.0
2019-02-10,13,0,248,4.49,4.49,0.0,43.405018,0.0
2019-02-10,13,0,249,0.0,0.0,0.0,0.0,0.0
2019-02-10,13,0,251,0.0,0.0,0.0,0.0,0.0
2019-02-10,13,0,252,0.0,0.0,0.0,0.0,0.0
2019-02-10,13,0,254,7.93,7.93,0.0,72.00661,0.0
2019-02-10,13,0,255,3.63,3.63,0.0,32.961411,0.0
2019-02-10,13,0,258,13.8,13.8,0.0,123.111301,0.0
2019-02-10,13,0,260,4.16,4.16,0.0,39.232148,0.0
2019-02-10,13,0,265,82.85,82.85,0.0,574.475755,0.0
2019-02-10,13,0,266,4.18,4.18,0.0,28.98381,0.0
2019-02-10,13,0,267,5.13,5.13,0.0,35.57104,0.0
2019-02-10,13,0,270,130.83,130.83,0.0,-6459.033276,0.0
2019-02-10,13,0,272,47.4,47.4,0.0,155.429402,0.0
2019-02-10,13,0,273,25.14,25.14,0.0,-1241.153379,0.0
2019-02-10,13,0,274,168.58,168.58,0.0,-8322.738131,0.0
2019-02-10,13,0,275,234.56,234.56,0.0,-11580.148629,0.0
2019-02-10,13,0,276,5.32,5.32,0.0,-224.729021,0.0
2019-02-10,13,0,277,6.74,6.74,0.0,18.298173,0.0
2019-02-10,13,0,278,10.79,10.79,0.0,29.293366,0.0
2019-02-10,13,0,279,132.18,132.18,0.0,358.850516,0.0
2019-02-10,13,0,281,1.83,1.83,0.0,9.298711,0.0
2019-02-10,13,0,282,210.34,210.34,0.0,1068.792779,0.0
2019-02-10,14,0,9,2.61,2.61,0.0,14.3512,0.0
2019-02-10,14,0,17,32.81,32.81,0.0,381.541331,0.0
2019-02-10,14,0,19,0.0,0.0,0.0,0.0,0.0
2019-02-10,14,0,20,0.0,0.0,0.0,0.0,0.0
2019-02-10,14,0,21,59.76,59.76,0.0,328.592982,0.0
2019-02-10,14,0,22,212.38,212.38,0.0,1167.78075,0.0
2019-02-10,14,0,23,4.62,4.62,0.0,25.403273,0.0
2019-02-10,14,0,24,7.94,7.94,0.0,43.658438,0.0
2019-02-10,14,0,29,4.01,4.01,0.0,26.691893,0.0
2019-02-10,14,0,30,411.24,411.24,0.0,2247.289516,0.0
2019-02-10,14,0,31,0.0,0.0,0.0,0.0,0.0
2019-02-10,14,0,32,2.17,2.17,0.0,53.179308,0.0
2019-02-10,14,0,33,1.66,1.66,0.0,21.527891,0.0
2019-02-10,14,0,34,2.65,2.65,0.0,34.366813,0.0
2019-02-10,14,0,35,2.65,2.65,0.0,34.366813,0.0
2019-02-10,14,0,36,9.77,9.77,0.0,90.711912,0.0
2019-02-10,14,0,37,4.16,4.16,0.0,38.329363,0.0
2019-02-10,14,0,38,5.35,5.35,0.0,49.293773,0.0
2019-02-10,14,0,39,3.57,3.57,0.0,32.893228,0.0
2019-02-10,14,0,40,3.57,3.57,0.0,32.893228,0.0
2019-02-10,14,0,41,8.9,8.9,0.0,65.18636,0.0
2019-02-10,14,0,42,65.19,65.19,0.0,739.149732,0.0
2019-02-10,14,0,43,27.11,27.11,0.0,252.413107,0.0
2019-02-10,14,0,46,27.35,27.35,0.0,240.94614,0.0
2019-02-10,14,0,52,0.0,0.0,0.0,0.0,0.0
2019-02-10,14,0,53,0.0,0.0,0.0,0.0,0.0
2019-02-10,14,0,55,24.04,24.04,0.0,132.184995,0.0
2019-02-10,14,0,56,121.3,121.3,0.0,662.864066,0.0
2019-02-10,14,0,57,115.38,115.38,0.0,630.513239,0.0
2019-02-10,14,0,58,221.89,221.89,0.0,1212.554885,0.0
2019-02-10,14,0,59,218.19,218.19,0.0,1192.335618,0.0
2019-02-10,14,0,63,15.95,15.95,0.0,475.443,0.0
2019-02-10,14,0,64,18.76,18.76,0.0,559.204431,0.0
2019-02-10,14,0,65,0.0,0.0,0.0,0.0,0.0
2019-02-10,14,0,67,293.07,293.07,0.0,-4924.470024,0.0
2019-02-10,14,0,68,3.36,3.36,0.0,-21.913764,0.0
2019-02-10,14,0,69,1.66,1.66,0.0,21.527891,0.0
2019-02-10,14,0,74,14.3,14.3,0.0,144.274726,0.0
2019-02-10,14,0,77,11.76,11.76,0.0,26.521484,0.0
2019-02-10,14,0,78,8.89,8.89,0.0,20.048979,0.0
2019-02-10,14,0,79,5.15,5.15,0.0,11.614425,0.0
2019-02-10,14,0,80,8.32,8.32,0.0,18.763499,0.0
2019-02-10,14,0,81,10.88,10.88,0.0,24.536883,0.0
2019-02-10,14,0,82,7.68,7.68,0.0,17.320153,0.0
2019-02-10,14,0,83,17.12,17.12,0.0,38.609507,0.0
2019-02-10,14,0,84,0.0,0.0,0.0,0.0,0.0
2019-02-10,14,0,86,8.39,8.39,0.0,108.806628,0.0
2019-02-10,14,0,87,42.81,42.81,0.0,555.186144,0.0
2019-02-10,14,0,88,10.98,10.98,0.0,24.762406,0.0
2019-02-10,14,0,89,10.55,10.55,0.0,23.792658,0.0
2019-02-10,14,0,90,14.17,14.17,0.0,31.956584,0.0
2019-02-10,14,0,91,50.54,50.54,0.0,113.979234,0.0
2019-02-10,14,0,92,18.17,18.17,0.0,40.977497,0.0
2019-02-10,14,0,95,18.41,18.41,0.0,455.301646,0.0
2019-02-10,14,0,96,5.65,5.65,0.0,30.675328,0.0
2019-02-10,14,0,97,37.9,37.9,0.0,205.769016,0.0
2019-02-10,14,0,99,2.76,2.76,0.0,27.846031,0.0
2019-02-10,14,0,101,8.28,8.28,0.0,45.24744,0.0
2019-02-10,14,0,102,7.93,7.93,0.0,-51.719092,0.0
2019-02-10,14,0,103,6.89,6.89,0.0,-44.93626,0.0
2019-02-10,14,0,104,1.29,1.29,0.0,-8.41332,0.0
2019-02-10,14,0,106,209.07,209.07,0.0,1149.580569,0.0
2019-02-10,14,0,109,41.9,41.9,0.0,351.126633,0.0
2019-02-10,14,0,110,289.4,289.4,0.0,-13974.269039,0.0
2019-02-10,14,0,111,20.76,20.76,0.0,152.052677,0.0
2019-02-10,14,0,113,7.72,7.72,0.0,28.050995,0.0
2019-02-10,14,0,115,7.72,7.72,0.0,28.050995,0.0
2019-02-10,14,0,116,107.18,107.18,0.0,-5175.404822,0.0
2019-02-10,14,0,117,0.51,0.51,0.0,1.85311,0.0
2019-02-10,14,0,119,18.76,18.76,0.0,559.204431,0.0
2019-02-10,14,0,120,11.03,11.03,0.0,328.785974,0.0
2019-02-10,14,0,123,3.48,3.48,0.0,19.134933,0.0
2019-02-10,14,0,125,7.24,7.24,0.0,39.809458,0.0
2019-02-10,14,0,126,156.8,156.8,0.0,862.171681,0.0
2019-02-10,14,0,127,201.23,201.23,0.0,1106.471985,0.0
2019-02-10,14,0,128,10.04,10.04,0.0,55.205381,0.0
2019-02-10,14,0,131,5.39,5.39,0.0,-20.35366,0.0
2019-02-10,14,0,132,7.92,7.92,0.0,-29.907419,0.0
2019-02-10,14,0,133,0.0,0.0,0.0,0.0,0.0
2019-02-10,14,0,134,0.0,0.0,0.0,0.0,0.0
2019-02-10,14,0,135,0.0,0.0,0.0,0.0,0.0
2019-02-10,14,0,136,0.0,0.0,0.0,0.0,0.0
2019-02-10,14,0,139,11.49,11.49,0.0,84.156323,0.0
2019-02-10,14,0,140,214.19,214.19,0.0,-10342.600848,0.0
2019-02-10,14,0,141,48.36,48.36,0.0,-812.595525,0.0
2019-02-10,14,0,142,386.49,386.49,0.0,-6494.211006,0.0
2019-02-10,14,0,143,0.0,0.0,0.0,0.0,0.0
2019-02-10,14,0,145,20.65,20.65,0.0,135.215759,0.0
2019-02-10,14,0,146,158.81,158.81,0.0,-7668.464637,0.0
2019-02-10,14,0,152,5.74,5.74,0.0,57.846035,0.0
2019-02-10,14,0,153,7.44,7.44,0.0,74.453875,0.0
2019-02-10,14,0,154,85.63,85.63,0.0,627.180672,0.0
2019-02-10,14,0,157,121.46,121.46,0.0,-2040.89852,0.0
2019-02-10,14,0,158,366.2,366.2,0.0,-6153.277111,0.0
2019-02-10,14,0,159,0.0,0.0,0.0,0.0,0.0
2019-02-10,14,0,160,1.73,1.73,0.0,16.84362,0.0
2019-02-10,14,0,161,53.35,53.35,0.0,-347.946222,0.0
2019-02-10,14,0,162,36.49,36.49,0.0,904.469555,0.0
2019-02-10,14,0,163,45.34,45.34,0.0,-2189.334341,0.0
2019-02-10,14,0,164,15.57,15.57,0.0,85.08486,0.0
2019-02-10,14,0,167,1.98,1.98,0.0,48.669784,0.0
2019-02-10,14,0,168,0.99,0.99,0.0,24.334892,0.0
2019-02-10,14,0,169,0.0,0.0,0.0,0.0,0.0
2019-02-10,14,0,170,2.17,2.17,0.0,53.340117,0.0
2019-02-10,14,0,172,3.05,3.05,0.0,71.045736,0.0
2019-02-10,14,0,173,4.65,4.65,0.0,108.315631,0.0
2019-02-10,14,0,188,5.09,5.09,0.0,120.169438,0.0
2019-02-10,14,0,190,9.36,9.36,0.0,279.006049,0.0
2019-02-10,14,0,191,24.19,24.19,0.0,721.06371,0.0
2019-02-10,14,0,192,131.31,131.31,0.0,3914.132937,0.0
2019-02-10,14,0,194,13.42,13.42,0.0,168.720978,0.0
2019-02-10,14,0,196,5.55,5.55,0.0,225.081923,0.0
2019-02-10,14,0,198,5.62,5.62,0.0,56.541854,0.0
2019-02-10,14,0,199,12.4,12.4,0.0,140.33641,0.0
2019-02-10,14,0,200,9.02,9.02,0.0,102.083421,0.0
2019-02-10,14,0,204,189.97,189.97,0.0,1561.336173,0.0
2019-02-10,14,0,205,221.63,221.63,0.0,1857.283908,0.0
2019-02-10,14,0,206,134.15,134.15,0.0,728.335447,0.0
2019-02-10,14,0,210,0.87,0.87,0.0,6.190473,0.0
2019-02-10,14,0,214,6.67,6.67,0.0,91.796509,0.0
2019-02-10,14,0,217,4.2,4.2,0.0,45.640216,0.0
2019-02-10,14,0,218,5.8,5.8,0.0,63.026964,0.0
2019-02-10,14,0,219,3.95,3.95,0.0,42.923536,0.0
2019-02-10,14,0,221,3.56,3.56,0.0,48.994838,0.0
2019-02-10,14,0,225,3.58,3.58,0.0,23.670926,0.0
2019-02-10,14,0,233,4.74,4.74,0.0,61.471206,0.0
2019-02-10,14,0,236,0.0,0.0,0.0,0.0,0.0
2019-02-10,14,0,237,34.3,34.3,0.0,346.057559,0.0
2019-02-10,14,0,238,84.84,84.84,0.0,961.949122,0.0
2019-02-10,14,0,240,11.07,11.07,0.0,102.782074,0.0
2019-02-10,14,0,245,0.0,0.0,0.0,0.0,0.0
2019-02-10,14,0,247,0.0,0.0,0.0,0.0,0.0
2019-02-10,14,0,248,3.44,3.44,0.0,34.706647,0.0
2019-02-10,14,0,249,0.0,0.0,0.0,0.0,0.0
2019-02-10,14,0,251,0.0,0.0,0.0,0.0,0.0
2019-02-10,14,0,252,0.0,0.0,0.0,0.0,0.0
2019-02-10,14,0,254,8.01,8.01,0.0,75.433959,0.0
2019-02-10,14,0,255,3.67,3.67,0.0,34.562126,0.0
2019-02-10,14,0,258,14.18,14.18,0.0,131.717071,0.0
2019-02-10,14,0,260,4.21,4.21,0.0,40.989387,0.0
2019-02-10,14,0,265,88.66,88.66,0.0,649.373332,0.0
2019-02-10,14,0,266,7.44,7.44,0.0,54.492867,0.0
2019-02-10,14,0,267,9.14,9.14,0.0,66.944194,0.0
2019-02-10,14,0,270,157.6,157.6,0.0,-7610.03732,0.0
2019-02-10,14,0,272,25.8,25.8,0.0,93.745552,0.0
2019-02-10,14,0,273,25.63,25.63,0.0,-1237.596805,0.0
2019-02-10,14,0,274,210.22,210.22,0.0,-10150.901304,0.0
2019-02-10,14,0,275,305.75,305.75,0.0,-14763.762124,0.0
2019-02-10,14,0,276,5.47,5.47,0.0,-225.677589,0.0
2019-02-10,14,0,277,6.93,6.93,0.0,21.351037,0.0
2019-02-10,14,0,278,11.09,11.09,0.0,34.167821,0.0
2019-02-10,14,0,279,46.08,46.08,0.0,141.970529,0.0
2019-02-10,14,0,281,0.0,0.0,0.0,0.0,0.0
2019-02-10,14,0,282,225.59,225.59,0.0,1232.774151,0.0
2019-02-10,15,0,9,2.51,2.51,0.0,13.802777,0.0
2019-02-10,15,0,17,31.42,31.42,0.0,344.935523,0.0
2019-02-10,15,0,19,0.0,0.0,0.0,0.0,0.0
2019-02-10,15,0,20,0.0,0.0,0.0,0.0,0.0
2019-02-10,15,0,21,57.37,57.37,0.0,315.484181,0.0
2019-02-10,15,0,22,203.89,203.89,0.0,1121.214393,0.0
2019-02-10,15,0,23,2.28,2.28,0.0,12.53798,0.0
2019-02-10,15,0,24,4.03,4.03,0.0,22.16143,0.0
2019-02-10,15,0,29,3.79,3.79,0.0,26.135046,0.0
2019-02-10,15,0,30,395.59,395.59,0.0,2163.316974,0.0
2019-02-10,15,0,31,0.0,0.0,0.0,0.0,0.0
2019-02-10,15,0,32,2.09,2.09,0.0,46.891155,0.0
2019-02-10,15,0,33,1.61,1.61,0.0,19.58171,0.0
2019-02-10,15,0,34,2.58,2.58,0.0,31.379386,0.0
2019-02-10,15,0,35,2.58,2.58,0.0,31.379386,0.0
2019-02-10,15,0,36,9.52,9.52,0.0,84.906878,0.0
2019-02-10,15,0,37,4.05,4.05,0.0,35.875365,0.0
2019-02-10,15,0,38,5.21,5.21,0.0,46.150778,0.0
2019-02-10,15,0,39,3.47,3.47,0.0,30.737658,0.0
2019-02-10,15,0,40,3.47,3.47,0.0,30.737658,0.0
2019-02-10,15,0,41,25.53,25.53,0.0,182.309216,0.0
2019-02-10,15,0,42,62.88,62.88,0.0,674.167442,0.0
2019-02-10,15,0,43,26.44,26.44,0.0,236.788538,0.0
2019-02-10,15,0,46,26.38,26.38,0.0,224.139871,0.0
2019-02-10,15,0,52,0.0,0.0,0.0,0.0,0.0
2019-02-10,15,0,53,0.0,0.0,0.0,0.0,0.0
2019-02-10,15,0,55,22.79,22.79,0.0,125.324812,0.0
2019-02-10,15,0,56,116.69,116.69,0.0,638.129017,0.0
2019-02-10,15,0,57,110.99,110.99,0.0,606.95809,0.0
2019-02-10,15,0,58,213.45,213.45,0.0,1167.269163,0.0
2019-02-10,15,0,59,209.89,209.89,0.0,1147.801005,0.0
2019-02-10,15,0,63,20.34,20.34,0.0,553.026701,0.0
2019-02-10,15,0,64,23.93,23.93,0.0,650.635642,0.0
2019-02-10,15,0,65,0.99,0.99,0.0,10.821221,0.0
2019-02-10,15,0,67,282.95,282.95,0.0,-4097.738972,0.0
2019-02-10,15,0,68,3.5,3.5,0.0,-18.48397,0.0
2019-02-10,15,0,69,1.61,1.61,0.0,19.58171,0.0
2019-02-10,15,0,74,26.17,26.17,0.0,251.633144,0.0
2019-02-10,15,0,77,6.34,6.34,0.0,16.328168,0.0
2019-02-10,15,0,78,4.79,4.79,0.0,12.336266,0.0
2019-02-10,15,0,79,2.77,2.77,0.0,7.133916,0.0
2019-02-10,15,0,80,4.48,4.48,0.0,11.537885,0.0
2019-02-10,15,0,81,5.86,5.86,0.0,15.091966,0.0
2019-02-10,15,0,82,4.13,4.13,0.0,10.636488,0.0
2019-02-10,15,0,83,9.22,9.22,0.0,23.74538,0.0
2019-02-10,15,0,84,0.0,0.0,0.0,0.0,0.0
2019-02-10,15,0,86,8.17,8.17,0.0,99.368056,0.0
2019-02-10,15,0,87,41.72,41.72,0.0,507.421701,0.0
2019-02-10,15,0,88,6.64,6.64,0.0,17.100794,0.0
2019-02-10,15,0,89,6.38,6.38,0.0,16.431185,0.0
2019-02-10,15,0,90,8.57,8.57,0.0,22.071356,0.0
2019-02-10,15,0,91,30.57,30.57,0.0,78.730614,0.0
2019-02-10,15,0,92,10.99,10.99,0.0,28.303875,0.0
2019-02-10,15,0,95,19.7,19.7,0.0,445.932137,0.0
2019-02-10,15,0,96,4.16,4.16,0.0,22.616572,0.0
2019-02-10,15,0,97,25.6,25.6,0.0,139.178907,0.0
2019-02-10,15,0,99,5.05,5.05,0.0,48.557408,0.0
2019-02-10,15,0,101,7.97,7.97,0.0,43.584611,0.0
2019-02-10,15,0,102,8.29,8.29,0.0,-43.780602,0.0
2019-02-10,15,0,103,7.21,7.21,0.0,-38.076977,0.0
2019-02-10,15,0,104,1.34,1.34,0.0,-7.07672,0.0
2019-02-10,15,0,106,200.71,200.71,0.0,1103.72721,0.0
2019-02-10,15,0,109,51.48,51.48,0.0,416.926513,0.0
2019-02-10,15,0,110,285.16,285.16,0.0,-12164.582369,0.0
2019-02-10,15,0,111,19.94,19.94,0.0,142.391138,0.0
2019-02-10,15,0,113,5.43,5.43,0.0,20.657333,0.0
2019-02-10,15,0,115,5.43,5.43,0.0,20.657333,0.0
2019-02-10,15,0,116,102.69,102.69,0.0,-4380.631798,0.0
2019-02-10,15,0,117,0.36,0.36,0.0,1.369547,0.0
2019-02-10,15,0,119,23.93,23.93,0.0,650.635642,0.0
2019-02-10,15,0,120,14.07,14.07,0.0,382.550918,0.0
2019-02-10,15,0,123,3.35,3.35,0.0,18.422033,0.0
2019-02-10,15,0,125,3.65,3.65,0.0,20.071767,0.0
2019-02-10,15,0,126,150.53,150.53,0.0,827.78166,0.0
2019-02-10,15,0,127,193.18,193.18,0.0,1062.31888,0.0
2019-02-10,15,0,128,5.23,5.23,0.0,28.760367,0.0
2019-02-10,15,0,131,6.74,6.74,0.0,-19.032496,0.0
2019-02-10,15,0,132,9.92,9.92,0.0,-28.012219,0.0
2019-02-10,15,0,133,0.0,0.0,0.0,0.0,0.0
2019-02-10,15,0,134,0.0,0.0,0.0,0.0,0.0
2019-02-10,15,0,135,0.0,0.0,0.0,0.0,0.0
2019-02-10,15,0,136,0.0,0.0,0.0,0.0,0.0
2019-02-10,15,0,139,33.2,33.2,0.0,237.080531,0.0
2019-02-10,15,0,140,211.05,211.05,0.0,-9003.138971,0.0
2019-02-10,15,0,141,35.96,35.96,0.0,-520.779973,0.0
2019-02-10,15,0,142,373.14,373.14,0.0,-5403.888743,0.0
2019-02-10,15,0,143,0.0,0.0,0.0,0.0,0.0
2019-02-10,15,0,145,10.21,10.21,0.0,65.812092,0.0
2019-02-10,15,0,146,115.29,115.29,0.0,-4918.132632,0.0
2019-02-10,15,0,152,5.54,5.54,0.0,53.229614,0.0
2019-02-10,15,0,153,7.2,7.2,0.0,68.73134,0.0
2019-02-10,15,0,154,82.26,82.26,0.0,587.417004,0.0
2019-02-10,15,0,157,142.7,142.7,0.0,-2066.610183,0.0
2019-02-10,15,0,158,350.3,350.3,0.0,-5073.115256,0.0
2019-02-10,15,0,159,0.0,0.0,0.0,0.0,0.0
2019-02-10,15,0,160,1.65,1.65,0.0,15.449466,0.0
2019-02-10,15,0,161,51.01,51.01,0.0,-269.390654,0.0
2019-02-10,15,0,162,44.41,44.41,0.0,1007.48792,0.0
2019-02-10,15,0,163,52.39,52.39,0.0,-2234.894341,0.0
2019-02-10,15,0,164,14.78,14.78,0.0,80.825665,0.0
2019-02-10,15,0,167,1.87,1.87,0.0,42.077427,0.0
2019-02-10,15,0,168,0.94,0.94,0.0,21.15122,0.0
2019-02-10,15,0,169,0.0,0.0,0.0,0.0,0.0
2019-02-10,15,0,170,2.05,2.05,0.0,46.127661,0.0
2019-02-10,15,0,172,2.92,2.92,0.0,62.273775,0.0
2019-02-10,15,0,173,4.45,4.45,0.0,94.903527,0.0
2019-02-10,15,0,188,4.92,4.92,0.0,106.412607,0.0
2019-02-10,15,0,190,8.81,8.81,0.0,239.536147,0.0
2019-02-10,15,0,191,22.76,22.76,0.0,618.824371,0.0
2019-02-10,15,0,192,179.84,179.84,0.0,4889.691341,0.0
2019-02-10,15,0,194,10.86,10.86,0.0,128.145176,0.0
2019-02-10,15,0,196,5.27,5.27,0.0,193.98673,0.0
2019-02-10,15,0,198,5.4,5.4,0.0,52.487972,0.0
2019-02-10,15,0,199,21.84,21.84,0.0,238.736766,0.0
2019-02-10,15,0,200,8.69,8.69,0.0,94.991872,0.0
2019-02-10,15,0,204,236.7,236.7,0.0,1882.967769,0.0
2019-02-10,15,0,205,272.33,272.33,0.0,2205.547735,0.0
2019-02-10,15,0,206,75.21,75.21,0.0,408.892406,0.0
2019-02-10,15,0,210,0.83,0.83,0.0,6.054093,0.0
2019-02-10,15,0,214,6.48,6.48,0.0,83.360948,0.0
2019-02-10,15,0,217,4.03,4.03,0.0,42.065843,0.0
2019-02-10,15,0,218,5.56,5.56,0.0,58.03625,0.0
2019-02-10,15,0,219,3.79,3.79,0.0,39.560681,0.0
2019-02-10,15,0,221,3.46,3.46,0.0,44.51063,0.0
2019-02-10,15,0,225,3.35,3.35,0.0,22.972041,0.0
2019-02-10,15,0,233,4.62,4.62,0.0,56.190994,0.0
2019-02-10,15,0,236,0.0,0.0,0.0,0.0,0.0
2019-02-10,15,0,237,62.77,62.77,0.0,603.554164,0.0
2019-02-10,15,0,238,81.84,81.84,0.0,877.446938,0.0
2019-02-10,15,0,240,10.79,10.79,0.0,96.233741,0.0
2019-02-10,15,0,245,0.0,0.0,0.0,0.0,0.0
2019-02-10,15,0,247,0.0,0.0,0.0,0.0,0.0
2019-02-10,15,0,248,6.3,6.3,0.0,60.576569,0.0
2019-02-10,15,0,249,0.0,0.0,0.0,0.0,0.0
2019-02-10,15,0,251,15.14,15.14,0.0,164.302731,0.0
2019-02-10,15,0,252,6.41,6.41,0.0,70.064671,0.0
2019-02-10,15,0,254,7.93,7.93,0.0,71.829778,0.0
2019-02-10,15,0,255,3.63,3.63,0.0,32.880466,0.0
2019-02-10,15,0,258,13.72,13.72,0.0,122.44757,0.0
2019-02-10,15,0,260,4.0,4.0,0.0,37.45325,0.0
2019-02-10,15,0,265,85.16,85.16,0.0,608.125845,0.0
2019-02-10,15,0,266,21.23,21.23,0.0,151.603003,0.0
2019-02-10,15,0,267,26.26,26.26,0.0,187.522131,0.0
2019-02-10,15,0,270,170.99,170.99,0.0,-7294.227589,0.0
2019-02-10,15,0,272,18.16,18.16,0.0,69.086033,0.0
2019-02-10,15,0,273,24.56,24.56,0.0,-1047.700039,0.0
2019-02-10,15,0,274,225.22,225.22,0.0,-9607.614116,0.0
2019-02-10,15,0,275,323.27,323.27,0.0,-13790.309099,0.0
2019-02-10,15,0,276,5.27,5.27,0.0,-191.657028,0.0
2019-02-10,15,0,277,6.6,6.6,0.0,21.856697,0.0
2019-02-10,15,0,278,10.56,10.56,0.0,34.970715,0.0
2019-02-10,15,0,279,29.12,29.12,0.0,96.434395,0.0
2019-02-10,15,0,281,0.0,0.0,0.0,0.0,0.0
2019-02-10,15,0,282,217.01,217.01,0.0,1186.73732,0.0
2019-02-10,16,0,9,1.62,1.62,0.0,11.979898,0.0
2019-02-10,16,0,17,25.81,25.81,0.0,271.909265,0.0
2019-02-10,16,0,19,0.0,0.0,0.0,0.0,0.0
2019-02-10,16,0,20,0.0,0.0,0.0,0.0,0.0
2019-02-10,16,0,21,36.97,36.97,0.0,273.393102,0.0
2019-02-10,16,0,22,131.4,131.4,0.0,971.702829,0.0
2019-02-10,16,0,23,3.01,3.01,0.0,22.258946,0.0
2019-02-10,16,0,24,5.33,5.33,0.0,39.415343,0.0
2019-02-10,16,0,29,3.16,3.16,0.0,24.682519,0.0
2019-02-10,16,0,30,241.61,241.61,0.0,1782.561562,0.0
2019-02-10,16,0,31,7.64,7.64,0.0,56.366749,0.0
2019-02-10,16,0,32,3.07,3.07,0.0,71.456645,0.0
2019-02-10,16,0,33,1.55,1.55,0.0,17.409247,0.0
2019-02-10,16,0,34,2.49,2.49,0.0,27.967113,0.0
2019-02-10,16,0,35,2.49,2.49,0.0,27.967113,0.0
2019-02-10,16,0,36,8.32,8.32,0.0,77.425591,0.0
2019-02-10,16,0,37,3.54,3.54,0.0,32.806724,0.0
2019-02-10,16,0,38,4.55,4.55,0.0,42.166835,0.0
2019-02-10,16,0,39,3.04,3.04,0.0,28.173006,0.0
2019-02-10,16,0,40,3.04,3.04,0.0,28.173006,0.0
2019-02-10,16,0,41,57.14,57.14,0.0,475.530343,0.0
2019-02-10,16,0,42,55.8,55.8,0.0,579.427609,0.0
2019-02-10,16,0,43,25.13,25.13,0.0,233.91874,0.0
2019-02-10,16,0,46,24.69,24.69,0.0,223.710728,0.0
2019-02-10,16,0,52,8.1,8.1,0.0,59.760559,0.0
2019-02-10,16,0,53,12.87,12.87,0.0,94.952888,0.0
2019-02-10,16,0,55,48.66,48.66,0.0,359.840637,0.0
2019-02-10,16,0,56,71.27,71.27,0.0,525.81914,0.0
2019-02-10,16,0,57,67.79,67.79,0.0,500.144234,0.0
2019-02-10,16,0,58,130.36,130.36,0.0,961.776107,0.0
2019-02-10,16,0,59,128.19,128.19,0.0,945.76618,0.0
2019-02-10,16,0,63,26.48,26.48,0.0,719.967898,0.0
2019-02-10,16,0,64,31.15,31.15,0.0,846.941088,0.0
2019-02-10,16,0,65,4.09,4.09,0.0,42.973549,0.0
2019-02-10,16,0,67,203.85,203.85,0.0,-1738.366216,0.0
2019-02-10,16,0,68,4.11,4.11,0.0,-3.266232,0.0
2019-02-10,16,0,69,1.55,1.55,0.0,17.409247,0.0
2019-02-10,16,0,74,38.81,38.81,0.0,377.848132,0.0
2019-02-10,16,0,77,6.9,6.9,0.0,39.69939,0.0
2019-02-10,16,0,78,5.22,5.22,0.0,30.033452,0.0
2019-02-10,16,0,79,3.02,3.02,0.0,17.375675,0.0
2019-02-10,16,0,80,4.88,4.88,0.0,28.07725,0.0
2019-02-10,16,0,81,6.39,6.39,0.0,36.765087,0.0
2019-02-10,16,0,82,4.5,4.5,0.0,25.890907,0.0
2019-02-10,16,0,83,10.04,10.04,0.0,57.76549,0.0
2019-02-10,16,0,84,0.0,0.0,0.0,0.0,0.0
2019-02-10,16,0,86,7.87,7.87,0.0,88.394048,0.0
2019-02-10,16,0,87,40.19,40.19,0.0,451.404931,0.0
2019-02-10,16,0,88,7.11,7.11,0.0,40.907633,0.0
2019-02-10,16,0,89,6.83,6.83,0.0,39.296643,0.0
2019-02-10,16,0,90,9.17,9.17,0.0,52.759914,0.0
2019-02-10,16,0,91,32.73,32.73,0.0,188.313195,0.0
2019-02-10,16,0,92,11.77,11.77,0.0,67.719105,0.0
2019-02-10,16,0,95,21.63,21.63,0.0,507.290925,0.0
2019-02-10,16,0,96,4.89,4.89,0.0,35.990015,0.0
2019-02-10,16,0,97,30.05,30.05,0.0,221.165637,0.0
2019-02-10,16,0,99,8.51,8.51,0.0,82.852038,0.0
2019-02-10,16,0,101,4.87,4.87,0.0,35.930114,0.0
2019-02-10,16,0,102,9.72,9.72,0.0,-7.72452,0.0
2019-02-10,16,0,103,8.45,8.45,0.0,-6.715247,0.0
2019-02-10,16,0,104,1.57,1.57,0.0,-1.247685,0.0
2019-02-10,16,0,106,129.35,129.35,0.0,956.543082,0.0
2019-02-10,16,0,109,60.0,60.0,0.0,531.102511,0.0
2019-02-10,16,0,110,301.04,301.04,0.0,-9696.04243,0.0
2019-02-10,16,0,111,18.31,18.31,0.0,152.379429,0.0
2019-02-10,16,0,113,6.26,6.26,0.0,43.607974,0.0
2019-02-10,16,0,115,6.26,6.26,0.0,43.607974,0.0
2019-02-10,16,0,116,79.62,79.62,0.0,-2564.439604,0.0
2019-02-10,16,0,117,0.42,0.42,0.0,2.925775,0.0
2019-02-10,16,0,119,31.15,31.15,0.0,846.941088,0.0
2019-02-10,16,0,120,18.32,18.32,0.0,498.104678,0.0
2019-02-10,16,0,123,2.16,2.16,0.0,15.973197,0.0
2019-02-10,16,0,125,4.82,4.82,0.0,35.643894,0.0
2019-02-10,16,0,126,97.01,97.01,0.0,717.388824,0.0
2019-02-10,16,0,127,124.5,124.5,0.0,920.677338,0.0
2019-02-10,16,0,128,6.91,6.91,0.0,51.099441,0.0
2019-02-10,16,0,131,2.88,2.88,0.0,3.659139,0.0
2019-02-10,16,0,132,4.23,4.23,0.0,5.37436,0.0
2019-02-10,16,0,133,0.0,0.0,0.0,0.0,0.0
2019-02-10,16,0,134,0.0,0.0,0.0,0.0,0.0
2019-02-10,16,0,135,0.0,0.0,0.0,0.0,0.0
2019-02-10,16,0,136,3.16,3.16,0.0,33.19719,0.0
2019-02-10,16,0,139,74.41,74.41,0.0,619.254687,0.0
2019-02-10,16,0,140,222.8,222.8,0.0,-7176.050536,0.0
2019-02-10,16,0,141,42.38,42.38,0.0,-361.402797,0.0
2019-02-10,16,0,142,268.83,268.83,0.0,-2292.494431,0.0
2019-02-10,16,0,143,13.59,13.59,0.0,100.264938,0.0
2019-02-10,16,0,145,10.68,10.68,0.0,84.644912,0.0
2019-02-10,16,0,146,86.24,86.24,0.0,-2777.659777,0.0
2019-02-10,16,0,152,6.0,6.0,0.0,58.364987,0.0
2019-02-10,16,0,153,7.42,7.42,0.0,71.905692,0.0
2019-02-10,16,0,154,75.52,75.52,0.0,628.492326,0.0
2019-02-10,16,0,157,167.66,167.66,0.0,-1429.749716,0.0
2019-02-10,16,0,158,292.49,292.49,0.0,-2494.259183,0.0
2019-02-10,16,0,159,0.0,0.0,0.0,0.0,0.0
2019-02-10,16,0,160,1.8,1.8,0.0,17.10816,0.0
2019-02-10,16,0,161,37.05,37.05,0.0,-29.443774,0.0
2019-02-10,16,0,162,54.9,54.9,0.0,1289.77699,0.0
2019-02-10,16,0,163,67.08,67.08,0.0,-2160.545197,0.0
2019-02-10,16,0,164,10.96,10.96,0.0,80.861201,0.0
2019-02-10,16,0,167,3.17,3.17,0.0,73.991437,0.0
2019-02-10,16,0,168,1.58,1.58,0.0,36.879013,0.0
2019-02-10,16,0,169,0.0,0.0,0.0,0.0,0.0
2019-02-10,16,0,170,3.46,3.46,0.0,80.760369,0.0
2019-02-10,16,0,172,3.82,3.82,0.0,86.306486,0.0
2019-02-10,16,0,173,5.82,5.82,0.0,131.493127,0.0
2019-02-10,16,0,188,6.21,6.21,0.0,140.584563,0.0
2019-02-10,16,0,190,6.86,6.86,0.0,186.517363,0.0
2019-02-10,16,0,191,17.72,17.72,0.0,481.791206,0.0
2019-02-10,16,0,192,243.17,243.17,0.0,6611.57831,0.0
2019-02-10,16,0,194,11.15,11.15,0.0,154.467552,0.0
2019-02-10,16,0,196,4.25,4.25,0.0,149.863235,0.0
2019-02-10,16,0,198,4.98,4.98,0.0,47.896766,0.0
2019-02-10,16,0,199,37.66,37.66,0.0,441.452248,0.0
2019-02-10,16,0,200,10.42,10.42,0.0,122.143718,0.0
2019-02-10,16,0,204,257.1,257.1,0.0,2254.456345,0.0
2019-02-10,16,0,205,317.4,317.4,0.0,2809.532284,0.0
2019-02-10,16,0,206,88.29,88.29,0.0,649.807456,0.0
2019-02-10,16,0,210,0.88,0.88,0.0,7.102921,0.0
2019-02-10,16,0,214,5.33,5.33,0.0,62.06638,0.0
2019-02-10,16,0,217,3.25,3.25,0.0,32.749204,0.0
2019-02-10,16,0,218,4.49,4.49,0.0,45.244285,0.0
2019-02-10,16,0,219,3.06,3.06,0.0,30.834635,0.0
2019-02-10,16,0,221,2.84,2.84,0.0,33.071017,0.0
2019-02-10,16,0,225,2.7,2.7,0.0,21.021549,0.0
2019-02-10,16,0,233,4.45,4.45,0.0,49.981387,0.0
2019-02-10,16,0,236,19.24,19.24,0.0,195.253642,0.0
2019-02-10,16,0,237,88.77,88.77,0.0,864.250932,0.0
2019-02-10,16,0,238,72.62,72.62,0.0,754.086613,0.0
2019-02-10,16,0,240,9.43,9.43,0.0,87.755207,0.0
2019-02-10,16,0,245,2.06,2.06,0.0,21.914698,0.0
2019-02-10,16,0,247,5.12,5.12,0.0,54.467599,0.0
2019-02-10,16,0,248,10.45,10.45,0.0,101.739577,0.0
2019-02-10,16,0,249,3.96,3.96,0.0,42.127284,0.0
2019-02-10,16,0,251,51.81,51.81,0.0,541.980165,0.0
2019-02-10,16,0,252,26.38,26.38,0.0,277.174137,0.0
2019-02-10,16,0,254,9.01,9.01,0.0,84.311764,0.0
2019-02-10,16,0,255,4.13,4.13,0.0,38.646791,0.0
2019-02-10,16,0,258,12.13,12.13,0.0,112.885974,0.0
2019-02-10,16,0,260,4.36,4.36,0.0,41.439765,0.0
2019-02-10,16,0,265,78.19,78.19,0.0,650.712592,0.0
2019-02-10,16,0,266,47.44,47.44,0.0,394.805031,0.0
2019-02-10,16,0,267,58.78,58.78,0.0,489.178746,0.0
2019-02-10,16,0,270,181.31,181.31,0.0,-5839.720479,0.0
2019-02-10,16,0,272,20.93,20.93,0.0,145.801101,0.0
2019-02-10,16,0,273,19.04,19.04,0.0,-613.249561,0.0
2019-02-10,16,0,274,226.27,226.27,0.0,-7287.813981,0.0
2019-02-10,16,0,275,303.35,303.35,0.0,-9770.444031,0.0
2019-02-10,16,0,276,4.12,4.12,0.0,-110.914767,0.0
2019-02-10,16,0,277,5.99,5.99,0.0,38.815086,0.0
2019-02-10,16,0,278,9.59,9.59,0.0,62.143018,0.0
2019-02-10,16,0,279,76.27,76.27,0.0,494.228154,0.0
2019-02-10,16,0,281,3.43,3.43,0.0,25.306014,0.0
2019-02-10,16,0,282,132.54,132.54,0.0,977.859813,0.0
2019-02-10,17,0,9,1.18,1.18,0.0,8.67492,0.0
2019-02-10,17,0,17,18.99,18.99,0.0,189.495575,0.0
2019-02-10,17,0,19,0.0,0.0,0.0,0.0,0.0
2019-02-10,17,0,20,0.0,0.0,0.0,0.0,0.0
2019-02-10,17,0,21,27.03,27.03,0.0,198.714479,0.0
2019-02-10,17,0,22,96.05,96.05,0.0,706.123777,0.0
2019-02-10,17,0,23,6.16,6.16,0.0,45.286023,0.0
2019-02-10,17,0,24,10.95,10.95,0.0,80.500316,0.0
2019-02-10,17,0,29,2.24,2.24,0.0,17.489975,0.0
2019-02-10,17,0,30,175.4,175.4,0.0,1286.956423,0.0
2019-02-10,17,0,31,7.3,7.3,0.0,53.56204,0.0
2019-02-10,17,0,32,2.09,2.09,0.0,52.707694,0.0
2019-02-10,17,0,33,1.12,1.12,0.0,11.828356,0.0
2019-02-10,17,0,34,1.8,1.8,0.0,19.009858,0.0
2019-02-10,17,0,35,1.8,1.8,0.0,19.009858,0.0
2019-02-10,17,0,36,5.96,5.96,0.0,53.353961,0.0
2019-02-10,17,0,37,2.55,2.55,0.0,22.745741,0.0
2019-02-10,17,0,38,3.28,3.28,0.0,29.257267,0.0
2019-02-10,17,0,39,2.19,2.19,0.0,19.534578,0.0
2019-02-10,17,0,40,2.19,2.19,0.0,19.534578,0.0
2019-02-10,17,0,41,20.04,20.04,0.0,162.881234,0.0
2019-02-10,17,0,42,40.48,40.48,0.0,398.828179,0.0
2019-02-10,17,0,43,18.01,18.01,0.0,161.272631,0.0
2019-02-10,17,0,46,17.7,17.7,0.0,154.821665,0.0
2019-02-10,17,0,52,7.73,7.73,0.0,56.717065,0.0
2019-02-10,17,0,53,12.29,12.29,0.0,90.174997,0.0
2019-02-10,17,0,55,54.59,54.59,0.0,401.32532,0.0
2019-02-10,17,0,56,51.74,51.74,0.0,379.630133,0.0
2019-02-10,17,0,57,49.21,49.21,0.0,361.066851,0.0
2019-02-10,17,0,58,94.64,94.64,0.0,694.398836,0.0
2019-02-10,17,0,59,93.06,93.06,0.0,682.805956,0.0
2019-02-10,17,0,63,44.51,44.51,0.0,1308.821843,0.0
2019-02-10,17,0,64,52.35,52.35,0.0,1539.357975,0.0
2019-02-10,17,0,65,5.88,5.88,0.0,58.536898,0.0
2019-02-10,17,0,67,148.32,148.32,0.0,-1392.17017,0.0
2019-02-10,17,0,68,3.05,3.05,0.0,-3.211465,0.0
2019-02-10,17,0,69,1.12,1.12,0.0,11.828356,0.0
2019-02-10,17,0,74,36.45,36.45,0.0,339.373615,0.0
2019-02-10,17,0,77,10.5,10.5,0.0,62.760614,0.0
2019-02-10,17,0,78,7.94,7.94,0.0,47.458979,0.0
2019-02-10,17,0,79,4.59,4.59,0.0,27.435354,0.0
2019-02-10,17,0,80,7.43,7.43,0.0,44.410606,0.0
2019-02-10,17,0,81,9.71,9.71,0.0,58.038625,0.0
2019-02-10,17,0,82,6.85,6.85,0.0,40.943829,0.0
2019-02-10,17,0,83,15.28,15.28,0.0,91.331636,0.0
2019-02-10,17,0,84,0.0,0.0,0.0,0.0,0.0
2019-02-10,17,0,86,5.7,5.7,0.0,60.197884,0.0
2019-02-10,17,0,87,29.09,29.09,0.0,307.220428,0.0
2019-02-10,17,0,88,10.68,10.68,0.0,63.83651,0.0
2019-02-10,17,0,89,10.27,10.27,0.0,61.385858,0.0
2019-02-10,17,0,90,13.79,13.79,0.0,82.425606,0.0
2019-02-10,17,0,91,49.19,49.19,0.0,294.018533,0.0
2019-02-10,17,0,92,17.69,17.69,0.0,105.736691,0.0
2019-02-10,17,0,95,27.46,27.46,0.0,697.860022,0.0
2019-02-10,17,0,96,7.62,7.62,0.0,55.795598,0.0
2019-02-10,17,0,97,46.88,46.88,0.0,343.267404,0.0
2019-02-10,17,0,99,7.41,7.41,0.0,68.992002,0.0
2019-02-10,17,0,101,3.53,3.53,0.0,25.900548,0.0
2019-02-10,17,0,102,7.21,7.21,0.0,-7.591692,0.0
2019-02-10,17,0,103,6.27,6.27,0.0,-6.601929,0.0
2019-02-10,17,0,104,1.17,1.17,0.0,-1.231939,0.0
2019-02-10,17,0,106,94.55,94.55,0.0,695.096336,0.0
2019-02-10,17,0,109,52.63,52.63,0.0,451.115413,0.0
2019-02-10,17,0,110,253.38,253.38,0.0,-8844.365837,0.0
2019-02-10,17,0,111,13.89,13.89,0.0,112.895227,0.0
2019-02-10,17,0,113,8.46,8.46,0.0,62.357634,0.0
2019-02-10,17,0,115,8.46,8.46,0.0,62.357634,0.0
2019-02-10,17,0,116,57.65,57.65,0.0,-2012.304406,0.0
2019-02-10,17,0,117,0.56,0.56,0.0,4.127692,0.0
2019-02-10,17,0,119,52.35,52.35,0.0,1539.357975,0.0
2019-02-10,17,0,120,30.81,30.81,0.0,905.971714,0.0
2019-02-10,17,0,123,1.58,1.58,0.0,11.615571,0.0
2019-02-10,17,0,125,9.9,9.9,0.0,72.781108,0.0
2019-02-10,17,0,126,70.91,70.91,0.0,521.303873,0.0
2019-02-10,17,0,127,91.0,91.0,0.0,668.99806,0.0
2019-02-10,17,0,128,14.25,14.25,0.0,104.760685,0.0
2019-02-10,17,0,131,3.79,3.79,0.0,4.444284,0.0
2019-02-10,17,0,132,5.57,5.57,0.0,6.531573,0.0
2019-02-10,17,0,133,0.0,0.0,0.0,0.0,0.0
2019-02-10,17,0,134,0.0,0.0,0.0,0.0,0.0
2019-02-10,17,0,135,0.0,0.0,0.0,0.0,0.0
2019-02-10,17,0,136,4.42,4.42,0.0,43.996537,0.0
2019-02-10,17,0,139,25.87,25.87,0.0,210.266344,0.0
2019-02-10,17,0,140,187.53,187.53,0.0,-6545.835999,0.0
2019-02-10,17,0,141,49.58,49.58,0.0,-465.3708,0.0
2019-02-10,17,0,142,195.6,195.6,0.0,-1835.952571,0.0
2019-02-10,17,0,143,12.23,12.23,0.0,89.734761,0.0
2019-02-10,17,0,145,11.88,11.88,0.0,92.615317,0.0
2019-02-10,17,0,146,81.82,81.82,0.0,-2855.971319,0.0
2019-02-10,17,0,152,4.35,4.35,0.0,40.471609,0.0
2019-02-10,17,0,153,5.36,5.36,0.0,49.704055,0.0
2019-02-10,17,0,154,57.3,57.3,0.0,465.723289,0.0
2019-02-10,17,0,157,182.19,182.19,0.0,-1710.082816,0.0
2019-02-10,17,0,158,217.62,217.62,0.0,-2042.638029,0.0
2019-02-10,17,0,159,0.0,0.0,0.0,0.0,0.0
2019-02-10,17,0,160,1.3,1.3,0.0,11.855969,0.0
2019-02-10,17,0,161,26.68,26.68,0.0,-28.092419,0.0
2019-02-10,17,0,162,60.97,60.97,0.0,1552.063002,0.0
2019-02-10,17,0,163,74.62,74.62,0.0,-2604.651428,0.0
2019-02-10,17,0,164,8.08,8.08,0.0,59.285108,0.0
2019-02-10,17,0,167,2.17,2.17,0.0,54.886983,0.0
2019-02-10,17,0,168,1.09,1.09,0.0,27.569959,0.0
2019-02-10,17,0,169,0.0,0.0,0.0,0.0,0.0
2019-02-10,17,0,170,2.38,2.38,0.0,60.198627,0.0
2019-02-10,17,0,172,2.63,2.63,0.0,64.648601,0.0
2019-02-10,17,0,173,4.0,4.0,0.0,98.324868,0.0
2019-02-10,17,0,188,4.19,4.19,0.0,102.856682,0.0
2019-02-10,17,0,190,4.85,4.85,0.0,142.614827,0.0
2019-02-10,17,0,191,12.52,12.52,0.0,368.152089,0.0
2019-02-10,17,0,192,175.04,175.04,0.0,5147.072015,0.0
2019-02-10,17,0,194,16.43,16.43,0.0,244.382597,0.0
2019-02-10,17,0,196,3.08,3.08,0.0,117.352498,0.0
2019-02-10,17,0,198,3.53,3.53,0.0,32.53861,0.0
2019-02-10,17,0,199,32.82,32.82,0.0,400.089526,0.0
2019-02-10,17,0,200,7.33,7.33,0.0,89.355766,0.0
2019-02-10,17,0,204,241.61,241.61,0.0,2054.191539,0.0
2019-02-10,17,0,205,278.44,278.44,0.0,2386.634535,0.0
2019-02-10,17,0,206,137.76,137.76,0.0,1008.714113,0.0
2019-02-10,17,0,210,0.62,0.62,0.0,4.98392,0.0
2019-02-10,17,0,214,3.75,3.75,0.0,40.898146,0.0
2019-02-10,17,0,217,2.27,2.27,0.0,21.879127,0.0
2019-02-10,17,0,218,3.13,3.13,0.0,30.168135,0.0
2019-02-10,17,0,219,2.13,2.13,0.0,20.529753,0.0
2019-02-10,17,0,221,2.0,2.0,0.0,21.812344,0.0
2019-02-10,17,0,225,1.93,1.93,0.0,15.026515,0.0
2019-02-10,17,0,233,3.22,3.22,0.0,34.006524,0.0
2019-02-10,17,0,236,32.62,32.62,0.0,314.962401,0.0
2019-02-10,17,0,237,90.07,90.07,0.0,838.61129,0.0
2019-02-10,17,0,238,52.68,52.68,0.0,519.028371,0.0
2019-02-10,17,0,240,6.75,6.75,0.0,60.426046,0.0
2019-02-10,17,0,245,2.85,2.85,0.0,28.685051,0.0
2019-02-10,17,0,247,10.27,10.27,0.0,103.366832,0.0
2019-02-10,17,0,248,9.16,9.16,0.0,85.28566,0.0
2019-02-10,17,0,249,5.47,5.47,0.0,55.055168,0.0
2019-02-10,17,0,251,74.01,74.01,0.0,733.939137,0.0
2019-02-10,17,0,252,37.96,37.96,0.0,377.901473,0.0
2019-02-10,17,0,254,6.37,6.37,0.0,57.305224,0.0
2019-02-10,17,0,255,2.92,2.92,0.0,26.268643,0.0
2019-02-10,17,0,258,8.72,8.72,0.0,78.065174,0.0
2019-02-10,17,0,260,3.15,3.15,0.0,28.727924,0.0
2019-02-10,17,0,265,59.32,59.32,0.0,482.141457,0.0
2019-02-10,17,0,266,16.75,16.75,0.0,136.140752,0.0
2019-02-10,17,0,267,20.59,20.59,0.0,167.351527,0.0
2019-02-10,17,0,270,233.03,233.03,0.0,-8134.038089,0.0
2019-02-10,17,0,272,28.28,28.28,0.0,208.448451,0.0
2019-02-10,17,0,273,13.79,13.79,0.0,-481.347403,0.0
2019-02-10,17,0,274,300.4,300.4,0.0,-10485.624349,0.0
2019-02-10,17,0,275,418.16,418.16,0.0,-14596.100791,0.0
2019-02-10,17,0,276,2.96,2.96,0.0,-86.454567,0.0
2019-02-10,17,0,277,4.4,4.4,0.0,29.973376,0.0
2019-02-10,17,0,278,7.04,7.04,0.0,47.957402,0.0
2019-02-10,17,0,279,37.67,37.67,0.0,256.612974,0.0
2019-02-10,17,0,281,3.27,3.27,0.0,23.992859,0.0
2019-02-10,17,0,282,96.22,96.22,0.0,705.991716,0.0
2019-02-10,18,0,9,0.73,0.73,0.0,9.048945,0.0
2019-02-10,18,0,17,10.99,10.99,0.0,121.012636,0.0
2019-02-10,18,0,19,0.0,0.0,0.0,0.0,0.0
2019-02-10,18,0,20,0.0,0.0,0.0,0.0,0.0
2019-02-10,18,0,21,16.67,16.67,0.0,206.638236,0.0
2019-02-10,18,0,22,59.25,59.25,0.0,734.452039,0.0
2019-02-10,18,0,23,16.92,16.92,0.0,209.73719,0.0
2019-02-10,18,0,24,30.02,30.02,0.0,372.122367,0.0
2019-02-10,18,0,29,1.19,1.19,0.0,9.280776,0.0
2019-02-10,18,0,30,109.28,109.28,0.0,1355.822201,0.0
2019-02-10,18,0,31,5.12,5.12,0.0,63.523149,0.0
2019-02-10,18,0,32,1.13,1.13,0.0,28.579646,0.0
2019-02-10,18,0,33,0.64,0.64,0.0,6.966937,0.0
2019-02-10,18,0,34,1.03,1.03,0.0,11.212415,0.0
2019-02-10,18,0,35,1.03,1.03,0.0,11.212415,0.0
2019-02-10,18,0,36,3.47,3.47,0.0,38.376949,0.0
2019-02-10,18,0,37,1.48,1.48,0.0,16.337291,0.0
2019-02-10,18,0,38,1.91,1.91,0.0,21.083936,0.0
2019-02-10,18,0,39,1.27,1.27,0.0,14.019162,0.0
2019-02-10,18,0,40,1.27,1.27,0.0,14.019162,0.0
2019-02-10,18,0,41,16.54,16.54,0.0,195.966761,0.0
2019-02-10,18,0,42,24.55,24.55,0.0,270.990846,0.0
2019-02-10,18,0,43,10.38,10.38,0.0,112.819799,0.0
2019-02-10,18,0,46,10.24,10.24,0.0,114.025204,0.0
2019-02-10,18,0,52,5.43,5.43,0.0,67.369277,0.0
2019-02-10,18,0,53,8.63,8.63,0.0,107.071244,0.0
2019-02-10,18,0,55,45.69,45.69,0.0,566.364788,0.0
2019-02-10,18,0,56,32.23,32.23,0.0,399.873257,0.0
2019-02-10,18,0,57,30.66,30.66,0.0,380.394479,0.0
2019-02-10,18,0,58,58.96,58.96,0.0,731.508757,0.0
2019-02-10,18,0,59,57.98,57.98,0.0,719.35003,0.0
2019-02-10,18,0,63,71.85,71.85,0.0,1958.313286,0.0
2019-02-10,18,0,64,84.53,84.53,0.0,2303.914017,0.0
2019-02-10,18,0,65,8.19,8.19,0.0,90.22272,0.0
2019-02-10,18,0,67,91.5,91.5,0.0,517.737838,0.0
2019-02-10,18,0,68,2.15,2.15,0.0,21.407528,0.0
2019-02-10,18,0,69,0.64,0.64,0.0,6.966937,0.0
2019-02-10,18,0,74,27.5,27.5,0.0,307.459866,0.0
2019-02-10,18,0,77,15.35,15.35,0.0,206.674282,0.0
2019-02-10,18,0,78,11.61,11.61,0.0,156.318463,0.0
2019-02-10,18,0,79,6.72,6.72,0.0,90.478904,0.0
2019-02-10,18,0,80,10.86,10.86,0.0,146.220371,0.0
2019-02-10,18,0,81,14.2,14.2,0.0,191.190541,0.0
2019-02-10,18,0,82,10.02,10.02,0.0,134.910508,0.0
2019-02-10,18,0,83,22.34,22.34,0.0,300.788499,0.0
2019-02-10,18,0,84,0.0,0.0,0.0,0.0,0.0
2019-02-10,18,0,86,3.26,3.26,0.0,35.487838,0.0
2019-02-10,18,0,87,16.63,16.63,0.0,181.031516,0.0
2019-02-10,18,0,88,15.26,15.26,0.0,205.462511,0.0
2019-02-10,18,0,89,14.67,14.67,0.0,197.518679,0.0
2019-02-10,18,0,90,19.69,19.69,0.0,265.108574,0.0
2019-02-10,18,0,91,70.24,70.24,0.0,945.719971,0.0
2019-02-10,18,0,92,25.26,25.26,0.0,340.103737,0.0
2019-02-10,18,0,95,34.11,34.11,0.0,866.861083,0.0
2019-02-10,18,0,96,11.34,11.34,0.0,140.824806,0.0
2019-02-10,18,0,97,69.71,69.71,0.0,865.687585,0.0
2019-02-10,18,0,99,5.31,5.31,0.0,59.367705,0.0
2019-02-10,18,0,101,2.2,2.2,0.0,27.295103,0.0
2019-02-10,18,0,102,5.09,5.09,0.0,50.681077,0.0
2019-02-10,18,0,103,4.43,4.43,0.0,44.109464,0.0
2019-02-10,18,0,104,0.82,0.82,0.0,8.164732,0.0
2019-02-10,18,0,106,58.33,58.33,0.0,723.04789,0.0
2019-02-10,18,0,109,44.64,44.64,0.0,509.716034,0.0
2019-02-10,18,0,110,212.5,212.5,0.0,-1594.91965,0.0
2019-02-10,18,0,111,8.49,8.49,0.0,100.589952,0.0
2019-02-10,18,0,113,11.15,11.15,0.0,162.509055,0.0
2019-02-10,18,0,115,11.15,11.15,0.0,162.509055,0.0
2019-02-10,18,0,116,33.99,33.99,0.0,-255.112089,0.0
2019-02-10,18,0,117,0.74,0.74,0.0,10.785354,0.0
2019-02-10,18,0,119,84.53,84.53,0.0,2303.914017,0.0
2019-02-10,18,0,120,49.7,49.7,0.0,1354.602232,0.0
2019-02-10,18,0,123,0.97,0.97,0.0,12.023941,0.0
2019-02-10,18,0,125,27.15,27.15,0.0,336.546378,0.0
2019-02-10,18,0,126,43.75,43.75,0.0,542.316907,0.0
2019-02-10,18,0,127,56.14,56.14,0.0,695.901055,0.0
2019-02-10,18,0,128,38.99,38.99,0.0,483.312827,0.0
2019-02-10,18,0,131,4.96,4.96,0.0,55.080936,0.0
2019-02-10,18,0,132,7.29,7.29,0.0,80.955649,0.0
2019-02-10,18,0,133,0.0,0.0,0.0,0.0,0.0
2019-02-10,18,0,134,0.0,0.0,0.0,0.0,0.0
2019-02-10,18,0,135,0.0,0.0,0.0,0.0,0.0
2019-02-10,18,0,136,6.21,6.21,0.0,68.412354,0.0
2019-02-10,18,0,139,21.36,21.36,0.0,253.074366,0.0
2019-02-10,18,0,140,157.27,157.27,0.0,-1180.390651,0.0
2019-02-10,18,0,141,57.35,57.35,0.0,324.505628,0.0
2019-02-10,18,0,142,120.66,120.66,0.0,682.734945,0.0
2019-02-10,18,0,143,8.19,8.19,0.0,101.612224,0.0
2019-02-10,18,0,145,13.31,13.31,0.0,160.258661,0.0
2019-02-10,18,0,146,87.97,87.97,0.0,-660.259208,0.0
2019-02-10,18,0,152,2.56,2.56,0.0,28.52039,0.0
2019-02-10,18,0,153,3.15,3.15,0.0,35.111027,0.0
2019-02-10,18,0,154,35.02,35.02,0.0,414.918741,0.0
2019-02-10,18,0,157,201.75,201.75,0.0,1141.569494,0.0
2019-02-10,18,0,158,135.47,135.47,0.0,766.534916,0.0
2019-02-10,18,0,159,0.0,0.0,0.0,0.0,0.0
2019-02-10,18,0,160,0.74,0.74,0.0,7.699188,0.0
2019-02-10,18,0,161,16.19,16.19,0.0,161.203662,0.0
2019-02-10,18,0,162,67.38,67.38,0.0,1713.552032,0.0
2019-02-10,18,0,163,67.9,67.9,0.0,-509.623738,0.0
2019-02-10,18,0,164,5.0,5.0,0.0,62.034325,0.0
2019-02-10,18,0,167,1.16,1.16,0.0,29.411814,0.0
2019-02-10,18,0,168,0.58,0.58,0.0,14.705907,0.0
2019-02-10,18,0,169,0.0,0.0,0.0,0.0,0.0
2019-02-10,18,0,170,1.27,1.27,0.0,32.200866,0.0
2019-02-10,18,0,172,1.42,1.42,0.0,36.291528,0.0
2019-02-10,18,0,173,2.16,2.16,0.0,55.204014,0.0
2019-02-10,18,0,188,2.29,2.29,0.0,57.350653,0.0
2019-02-10,18,0,190,2.78,2.78,0.0,75.770507,0.0
2019-02-10,18,0,191,7.17,7.17,0.0,195.422495,0.0
2019-02-10,18,0,192,125.55,125.55,0.0,3421.93783,0.0
2019-02-10,18,0,194,43.45,43.45,0.0,817.329962,0.0
2019-02-10,18,0,196,1.8,1.8,0.0,57.073632,0.0
2019-02-10,18,0,198,1.97,1.97,0.0,18.583926,0.0
2019-02-10,18,0,199,28.95,28.95,0.0,397.806302,0.0
2019-02-10,18,0,200,4.05,4.05,0.0,55.651659,0.0
2019-02-10,18,0,204,200.74,200.74,0.0,2298.348749,0.0
2019-02-10,18,0,205,236.14,236.14,0.0,2696.333877,0.0
2019-02-10,18,0,206,204.84,204.84,0.0,2543.787763,0.0
2019-02-10,18,0,210,0.33,0.33,0.0,2.618808,0.0
2019-02-10,18,0,214,2.06,2.06,0.0,22.273716,0.0
2019-02-10,18,0,217,1.23,1.23,0.0,11.682619,0.0
2019-02-10,18,0,218,1.69,1.69,0.0,16.051729,0.0
2019-02-10,18,0,219,1.15,1.15,0.0,10.922774,0.0
2019-02-10,18,0,221,1.1,1.1,0.0,11.893732,0.0
2019-02-10,18,0,225,1.03,1.03,0.0,8.019332,0.0
2019-02-10,18,0,233,1.84,1.84,0.0,20.029945,0.0
2019-02-10,18,0,236,51.19,51.19,0.0,567.021069,0.0
2019-02-10,18,0,237,65.97,65.97,0.0,737.568268,0.0
2019-02-10,18,0,238,31.95,31.95,0.0,352.674442,0.0
2019-02-10,18,0,240,3.93,3.93,0.0,43.464383,0.0
2019-02-10,18,0,245,4.18,4.18,0.0,45.949079,0.0
2019-02-10,18,0,247,19.0,19.0,0.0,208.859449,0.0
2019-02-10,18,0,248,6.62,6.62,0.0,74.013975,0.0
2019-02-10,18,0,249,8.05,8.05,0.0,88.490451,0.0
2019-02-10,18,0,251,102.03,102.03,0.0,1124.828722,0.0
2019-02-10,18,0,252,52.86,52.86,0.0,582.3166,0.0
2019-02-10,18,0,254,3.63,3.63,0.0,39.031074,0.0
2019-02-10,18,0,255,1.66,1.66,0.0,17.848921,0.0
2019-02-10,18,0,258,5.07,5.07,0.0,55.916234,0.0
2019-02-10,18,0,260,1.79,1.79,0.0,18.623712,0.0
2019-02-10,18,0,265,36.26,36.26,0.0,429.610324,0.0
2019-02-10,18,0,266,13.83,13.83,0.0,163.858543,0.0
2019-02-10,18,0,267,17.0,17.0,0.0,201.416865,0.0
2019-02-10,18,0,270,212.04,212.04,0.0,-1591.467118,0.0
2019-02-10,18,0,272,37.26,37.26,0.0,543.057166,0.0
2019-02-10,18,0,273,8.13,8.13,0.0,-61.019749,0.0
2019-02-10,18,0,274,273.34,273.34,0.0,-2051.554528,0.0
2019-02-10,18,0,275,380.49,380.49,0.0,-2855.769307,0.0
2019-02-10,18,0,276,1.76,1.76,0.0,-8.036682,0.0
2019-02-10,18,0,277,2.62,2.62,0.0,37.019325,0.0
2019-02-10,18,0,278,4.19,4.19,0.0,59.202661,0.0
2019-02-10,18,0,279,42.42,42.42,0.0,599.373959,0.0
2019-02-10,18,0,281,2.3,2.3,0.0,28.535789,0.0
2019-02-10,18,0,282,59.95,59.95,0.0,743.791553,0.0
2019-02-10,19,0,9,0.12,0.12,0.0,1.735168,0.0
2019-02-10,19,0,17,0.9,0.9,0.0,10.344064,0.0
2019-02-10,19,0,19,0.0,0.0,0.0,0.0,0.0
2019-02-10,19,0,20,0.0,0.0,0.0,0.0,0.0
2019-02-10,19,0,21,2.68,2.68,0.0,38.752076,0.0
2019-02-10,19,0,22,9.53,9.53,0.0,137.801227,0.0
2019-02-10,19,0,23,25.81,25.81,0.0,373.205631,0.0
2019-02-10,19,0,24,45.67,45.67,0.0,660.375868,0.0
2019-02-10,19,0,29,0.0,0.0,0.0,0.0,0.0
2019-02-10,19,0,30,30.2,30.2,0.0,437.320506,0.0
2019-02-10,19,0,31,1.96,1.96,0.0,28.38239,0.0
2019-02-10,19,0,32,0.04,0.04,0.0,1.039957,0.0
2019-02-10,19,0,33,0.07,0.07,0.0,0.776283,0.0
2019-02-10,19,0,34,0.11,0.11,0.0,1.219874,0.0
2019-02-10,19,0,35,0.11,0.11,0.0,1.219874,0.0
2019-02-10,19,0,36,0.61,0.61,0.0,7.298012,0.0
2019-02-10,19,0,37,0.28,0.28,0.0,3.345242,0.0
2019-02-10,19,0,38,0.36,0.36,0.0,4.301025,0.0
2019-02-10,19,0,39,0.24,0.24,0.0,2.86735,0.0
2019-02-10,19,0,40,0.24,0.24,0.0,2.86735,0.0
2019-02-10,19,0,41,13.58,13.58,0.0,181.829023,0.0
2019-02-10,19,0,42,5.14,5.14,0.0,59.525825,0.0
2019-02-10,19,0,43,1.47,1.47,0.0,17.193656,0.0
2019-02-10,19,0,46,1.17,1.17,0.0,14.21564,0.0
2019-02-10,19,0,52,2.08,2.08,0.0,30.120088,0.0
2019-02-10,19,0,53,3.31,3.31,0.0,47.931486,0.0
2019-02-10,19,0,55,20.86,20.86,0.0,301.629967,0.0
2019-02-10,19,0,56,8.91,8.91,0.0,129.02403,0.0
2019-02-10,19,0,57,8.47,8.47,0.0,122.652473,0.0
2019-02-10,19,0,58,16.3,16.3,0.0,236.037227,0.0
2019-02-10,19,0,59,16.02,16.02,0.0,231.9826,0.0
2019-02-10,19,0,63,65.97,65.97,0.0,1793.666246,0.0
2019-02-10,19,0,64,77.61,77.61,0.0,2110.147603,0.0
2019-02-10,19,0,65,10.99,10.99,0.0,126.491138,0.0
2019-02-10,19,0,67,19.16,19.16,0.0,215.561551,0.0
2019-02-10,19,0,68,3.48,3.48,0.0,49.365301,0.0
2019-02-10,19,0,69,0.07,0.07,0.0,0.776283,0.0
2019-02-10,19,0,74,32.83,32.83,0.0,393.697895,0.0
2019-02-10,19,0,77,21.46,21.46,0.0,353.926683,0.0
2019-02-10,19,0,78,16.23,16.23,0.0,267.671485,0.0
2019-02-10,19,0,79,9.39,9.39,0.0,154.863539,0.0
2019-02-10,19,0,80,15.18,15.18,0.0,250.354476,0.0
2019-02-10,19,0,81,19.85,19.85,0.0,327.373936,0.0
2019-02-10,19,0,82,14.0,14.0,0.0,230.893456,0.0
2019-02-10,19,0,83,31.23,31.23,0.0,515.057331,0.0
2019-02-10,19,0,84,0.0,0.0,0.0,0.0,0.0
2019-02-10,19,0,86,0.34,0.34,0.0,3.770519,0.0
2019-02-10,19,0,87,1.71,1.71,0.0,18.963493,0.0
2019-02-10,19,0,88,21.06,21.06,0.0,347.329727,0.0
2019-02-10,19,0,89,20.25,20.25,0.0,333.970892,0.0
2019-02-10,19,0,90,27.18,27.18,0.0,448.263152,0.0
2019-02-10,19,0,91,96.97,96.97,0.0,1599.26703,0.0
2019-02-10,19,0,92,34.87,34.87,0.0,575.089629,0.0
2019-02-10,19,0,95,42.09,42.09,0.0,1098.493783,0.0
2019-02-10,19,0,96,16.01,16.01,0.0,232.190528,0.0
2019-02-10,19,0,97,98.48,98.48,0.0,1428.240048,0.0
2019-02-10,19,0,99,6.34,6.34,0.0,76.029383,0.0
2019-02-10,19,0,101,0.61,0.61,0.0,8.833295,0.0
2019-02-10,19,0,102,9.97,9.97,0.0,141.42875,0.0
2019-02-10,19,0,103,8.36,8.36,0.0,118.590206,0.0
2019-02-10,19,0,104,1.19,1.19,0.0,16.880663,0.0
2019-02-10,19,0,106,9.38,9.38,0.0,135.632267,0.0
2019-02-10,19,0,109,39.13,39.13,0.0,493.61497,0.0
2019-02-10,19,0,110,180.38,180.38,0.0,408.240541,0.0
2019-02-10,19,0,111,1.84,1.84,0.0,24.636628,0.0
2019-02-10,19,0,113,14.31,14.31,0.0,250.968354,0.0
2019-02-10,19,0,115,14.31,14.31,0.0,250.968354,0.0
2019-02-10,19,0,116,2.7,2.7,0.0,6.110708,0.0
2019-02-10,19,0,117,0.95,0.95,0.0,16.661072,0.0
2019-02-10,19,0,119,77.61,77.61,0.0,2110.147603,0.0
2019-02-10,19,0,120,45.63,45.63,0.0,1240.639546,0.0
2019-02-10,19,0,123,0.16,0.16,0.0,2.313557,0.0
2019-02-10,19,0,125,41.33,41.33,0.0,597.62064,0.0
2019-02-10,19,0,126,7.04,7.04,0.0,101.796499,0.0
2019-02-10,19,0,127,9.03,9.03,0.0,130.571362,0.0
2019-02-10,19,0,128,59.19,59.19,0.0,855.871417,0.0
2019-02-10,19,0,131,6.35,6.35,0.0,95.054633,0.0
2019-02-10,19,0,132,9.34,9.34,0.0,139.812641,0.0
2019-02-10,19,0,133,0.0,0.0,0.0,0.0,0.0
2019-02-10,19,0,134,0.0,0.0,0.0,0.0,0.0
2019-02-10,19,0,135,0.0,0.0,0.0,0.0,0.0
2019-02-10,19,0,136,8.62,8.62,0.0,99.220941,0.0
2019-02-10,19,0,139,17.54,17.54,0.0,234.85133,0.0
2019-02-10,19,0,140,133.5,133.5,0.0,302.140549,0.0
2019-02-10,19,0,141,65.88,65.88,0.0,741.189718,0.0
2019-02-10,19,0,142,25.26,25.26,0.0,284.190229,0.0
2019-02-10,19,0,143,3.0,3.0,0.0,43.442434,0.0
2019-02-10,19,0,145,14.92,14.92,0.0,205.727049,0.0
2019-02-10,19,0,146,104.12,104.12,0.0,235.646996,0.0
2019-02-10,19,0,152,0.56,0.56,0.0,6.686045,0.0
2019-02-10,19,0,153,0.63,0.63,0.0,7.534297,0.0
2019-02-10,19,0,154,7.57,7.57,0.0,101.358299,0.0
2019-02-10,19,0,157,226.63,226.63,0.0,2549.724132,0.0
2019-02-10,19,0,158,30.73,30.73,0.0,345.731027,0.0
2019-02-10,19,0,159,0.0,0.0,0.0,0.0,0.0
2019-02-10,19,0,160,0.08,0.08,0.0,0.878554,0.0
2019-02-10,19,0,161,2.82,2.82,0.0,40.002916,0.0
2019-02-10,19,0,162,74.86,74.86,0.0,1954.385447,0.0
2019-02-10,19,0,163,63.77,63.77,0.0,144.325864,0.0
2019-02-10,19,0,164,1.45,1.45,0.0,20.997177,0.0
2019-02-10,19,0,167,0.02,0.02,0.0,0.521223,0.0
2019-02-10,19,0,168,0.01,0.01,0.0,0.260612,0.0
2019-02-10,19,0,169,0.0,0.0,0.0,0.0,0.0
2019-02-10,19,0,170,0.02,0.02,0.0,0.521223,0.0
2019-02-10,19,0,172,0.05,0.05,0.0,1.331823,0.0
2019-02-10,19,0,173,0.07,0.07,0.0,1.864553,0.0
2019-02-10,19,0,188,0.1,0.1,0.0,2.590525,0.0
2019-02-10,19,0,190,0.18,0.18,0.0,4.894042,0.0
2019-02-10,19,0,191,0.45,0.45,0.0,12.235104,0.0
2019-02-10,19,0,192,90.97,90.97,0.0,2473.394246,0.0
2019-02-10,19,0,194,105.44,105.44,0.0,2182.404559,0.0
2019-02-10,19,0,196,0.12,0.12,0.0,3.624149,0.0
2019-02-10,19,0,198,0.15,0.15,0.0,1.437953,0.0
2019-02-10,19,0,199,26.21,26.21,0.0,374.339821,0.0
2019-02-10,19,0,200,0.21,0.21,0.0,2.999289,0.0
2019-02-10,19,0,204,170.58,170.58,0.0,2163.859377,0.0
2019-02-10,19,0,205,206.99,206.99,0.0,2611.126059,0.0
2019-02-10,19,0,206,289.39,289.39,0.0,4196.977939,0.0
2019-02-10,19,0,210,0.0,0.0,0.0,0.0,0.0
2019-02-10,19,0,214,0.06,0.06,0.0,0.651109,0.0
2019-02-10,19,0,217,0.03,0.03,0.0,0.284942,0.0
2019-02-10,19,0,218,0.04,0.04,0.0,0.379923,0.0
2019-02-10,19,0,219,0.03,0.03,0.0,0.284942,0.0
2019-02-10,19,0,221,0.03,0.03,0.0,0.325554,0.0
2019-02-10,19,0,225,0.0,0.0,0.0,0.0,0.0
2019-02-10,19,0,233,0.19,0.19,0.0,2.107055,0.0
2019-02-10,19,0,236,75.68,75.68,0.0,886.36067,0.0
2019-02-10,19,0,237,78.75,78.75,0.0,944.371284,0.0
2019-02-10,19,0,238,6.69,6.69,0.0,77.47622,0.0
2019-02-10,19,0,240,0.69,0.69,0.0,8.255129,0.0
2019-02-10,19,0,245,6.23,6.23,0.0,71.231553,0.0
2019-02-10,19,0,247,32.55,32.55,0.0,372.164855,0.0
2019-02-10,19,0,248,7.91,7.91,0.0,94.856849,0.0
2019-02-10,19,0,249,11.98,11.98,0.0,136.97496,0.0
2019-02-10,19,0,251,137.31,137.31,0.0,1584.055257,0.0
2019-02-10,19,0,252,70.87,70.87,0.0,815.689442,0.0
2019-02-10,19,0,254,0.54,0.54,0.0,6.219226,0.0
2019-02-10,19,0,255,0.25,0.25,0.0,2.879272,0.0
2019-02-10,19,0,258,0.81,0.81,0.0,9.655797,0.0
2019-02-10,19,0,260,0.2,0.2,0.0,2.196385,0.0
2019-02-10,19,0,265,7.84,7.84,0.0,104.973456,0.0
2019-02-10,19,0,266,11.36,11.36,0.0,152.104396,0.0
2019-02-10,19,0,267,13.95,13.95,0.0,186.783127,0.0
2019-02-10,19,0,270,199.15,199.15,0.0,450.721276,0.0
2019-02-10,19,0,272,47.82,47.82,0.0,838.665735,0.0
2019-02-10,19,0,273,0.65,0.65,0.0,1.471096,0.0
2019-02-10,19,0,274,256.73,256.73,0.0,581.037776,0.0
2019-02-10,19,0,275,357.37,357.37,0.0,808.808749,0.0
2019-02-10,19,0,276,0.18,0.18,0.0,0.768585,0.0
2019-02-10,19,0,277,0.21,0.21,0.0,3.594944,0.0
2019-02-10,19,0,278,0.34,0.34,0.0,5.820385,0.0
2019-02-10,19,0,279,47.65,47.65,0.0,815.709872,0.0
2019-02-10,19,0,281,0.88,0.88,0.0,12.743114,0.0
2019-02-10,19,0,282,16.57,16.57,0.0,239.947046,0.0
2019-02-10,20,0,9,0.0,0.0,0.0,0.0,0.0
2019-02-10,20,0,17,0.0,0.0,0.0,0.0,0.0
2019-02-10,20,0,19,0.0,0.0,0.0,0.0,0.0
2019-02-10,20,0,20,0.0,0.0,0.0,0.0,0.0
2019-02-10,20,0,21,0.0,0.0,0.0,0.0,0.0
2019-02-10,20,0,22,0.0,0.0,0.0,0.0,0.0
2019-02-10,20,0,23,33.33,33.33,0.0,447.951401,0.0
2019-02-10,20,0,24,58.97,58.97,0.0,792.550078,0.0
2019-02-10,20,0,29,0.0,0.0,0.0,0.0,0.0
2019-02-10,20,0,30,0.0,0.0,0.0,0.0,0.0
2019-02-10,20,0,31,2.66,2.66,0.0,35.79278,0.0
2019-02-10,20,0,32,0.0,0.0,0.0,0.0,0.0
2019-02-10,20,0,33,0.0,0.0,0.0,0.0,0.0
2019-02-10,20,0,34,0.0,0.0,0.0,0.0,0.0
2019-02-10,20,0,35,0.0,0.0,0.0,0.0,0.0
2019-02-10,20,0,36,0.0,0.0,0.0,0.0,0.0
2019-02-10,20,0,37,0.0,0.0,0.0,0.0,0.0
2019-02-10,20,0,38,0.0,0.0,0.0,0.0,0.0
2019-02-10,20,0,39,0.0,0.0,0.0,0.0,0.0
2019-02-10,20,0,40,0.0,0.0,0.0,0.0,0.0
2019-02-10,20,0,41,24.2,24.2,0.0,305.682444,0.0
2019-02-10,20,0,42,0.0,0.0,0.0,0.0,0.0
2019-02-10,20,0,43,0.0,0.0,0.0,0.0,0.0
2019-02-10,20,0,46,0.0,0.0,0.0,0.0,0.0
2019-02-10,20,0,52,2.82,2.82,0.0,37.94573,0.0
2019-02-10,20,0,53,4.47,4.47,0.0,60.148018,0.0
2019-02-10,20,0,55,35.75,35.75,0.0,480.475925,0.0
2019-02-10,20,0,56,0.0,0.0,0.0,0.0,0.0
2019-02-10,20,0,57,0.0,0.0,0.0,0.0,0.0
2019-02-10,20,0,58,0.0,0.0,0.0,0.0,0.0
2019-02-10,20,0,59,0.0,0.0,0.0,0.0,0.0
2019-02-10,20,0,63,73.13,73.13,0.0,1959.384477,0.0
2019-02-10,20,0,64,86.04,86.04,0.0,2305.284294,0.0
2019-02-10,20,0,65,8.35,8.35,0.0,94.132823,0.0
2019-02-10,20,0,67,0.0,0.0,0.0,0.0,0.0
2019-02-10,20,0,68,3.4,3.4,0.0,41.536914,0.0
2019-02-10,20,0,69,0.0,0.0,0.0,0.0,0.0
2019-02-10,20,0,74,18.92,18.92,0.0,219.443968,0.0
2019-02-10,20,0,77,34.53,34.53,0.0,517.550899,0.0
2019-02-10,20,0,78,26.21,26.21,0.0,392.847062,0.0
2019-02-10,20,0,79,15.26,15.26,0.0,228.723623,0.0
2019-02-10,20,0,80,24.55,24.55,0.0,367.966249,0.0
2019-02-10,20,0,81,31.98,31.98,0.0,479.330372,0.0
2019-02-10,20,0,82,22.67,22.67,0.0,339.787978,0.0
2019-02-10,20,0,83,49.85,49.85,0.0,747.173829,0.0
2019-02-10,20,0,84,0.0,0.0,0.0,0.0,0.0
2019-02-10,20,0,86,0.0,0.0,0.0,0.0,0.0
2019-02-10,20,0,87,0.0,0.0,0.0,0.0,0.0
2019-02-10,20,0,88,41.08,41.08,0.0,615.725193,0.0
2019-02-10,20,0,89,39.5,39.5,0.0,592.043455,0.0
2019-02-10,20,0,90,52.99,52.99,0.0,794.237536,0.0
2019-02-10,20,0,91,188.66,188.66,0.0,2827.719448,0.0
2019-02-10,20,0,92,67.94,67.94,0.0,1018.314742,0.0
2019-02-10,20,0,95,28.28,28.28,0.0,718.699251,0.0
2019-02-10,20,0,96,12.97,12.97,0.0,174.740954,0.0
2019-02-10,20,0,97,93.68,93.68,0.0,1262.122787,0.0
2019-02-10,20,0,99,3.65,3.65,0.0,42.334592,0.0
2019-02-10,20,0,101,0.0,0.0,0.0,0.0,0.0
2019-02-10,20,0,102,8.05,8.05,0.0,98.344751,0.0
2019-02-10,20,0,103,7.0,7.0,0.0,85.517175,0.0
2019-02-10,20,0,104,1.3,1.3,0.0,15.881761,0.0
2019-02-10,20,0,106,0.0,0.0,0.0,0.0,0.0
2019-02-10,20,0,109,34.2,34.2,0.0,411.447315,0.0
2019-02-10,20,0,110,195.17,195.17,0.0,-354.153492,0.0
2019-02-10,20,0,111,0.0,0.0,0.0,0.0,0.0
2019-02-10,20,0,113,14.7,14.7,0.0,235.685372,0.0
2019-02-10,20,0,115,14.7,14.7,0.0,235.685372,0.0
2019-02-10,20,0,116,0.0,0.0,0.0,-0.0,0.0
2019-02-10,20,0,117,0.98,0.98,0.0,15.712358,0.0
2019-02-10,20,0,119,86.04,86.04,0.0,2305.284294,0.0
2019-02-10,20,0,120,50.59,50.59,0.0,1355.466439,0.0
2019-02-10,20,0,123,0.0,0.0,0.0,0.0,0.0
2019-02-10,20,0,125,53.36,53.36,0.0,717.152318,0.0
2019-02-10,20,0,126,0.0,0.0,0.0,0.0,0.0
2019-02-10,20,0,127,0.0,0.0,0.0,0.0,0.0
2019-02-10,20,0,128,76.43,76.43,0.0,1027.210488,0.0
2019-02-10,20,0,131,8.53,8.53,0.0,112.077391,0.0
2019-02-10,20,0,132,12.54,12.54,0.0,164.76559,0.0
2019-02-10,20,0,133,0.0,0.0,0.0,0.0,0.0
2019-02-10,20,0,134,0.0,0.0,0.0,0.0,0.0
2019-02-10,20,0,135,0.0,0.0,0.0,0.0,0.0
2019-02-10,20,0,136,5.33,5.33,0.0,60.090318,0.0
2019-02-10,20,0,139,32.39,32.39,0.0,409.134478,0.0
2019-02-10,20,0,140,144.44,144.44,0.0,-262.099351,0.0
2019-02-10,20,0,141,97.51,97.51,0.0,854.452723,0.0
2019-02-10,20,0,142,0.0,0.0,0.0,0.0,0.0
2019-02-10,20,0,143,5.44,5.44,0.0,73.200273,0.0
2019-02-10,20,0,145,12.37,12.37,0.0,159.911845,0.0
2019-02-10,20,0,146,155.13,155.13,0.0,-281.497316,0.0
2019-02-10,20,0,152,0.0,0.0,0.0,0.0,0.0
2019-02-10,20,0,153,0.0,0.0,0.0,0.0,0.0
2019-02-10,20,0,154,0.0,0.0,0.0,0.0,0.0
2019-02-10,20,0,157,194.77,194.77,0.0,1706.714766,0.0
2019-02-10,20,0,158,0.0,0.0,0.0,0.0,0.0
2019-02-10,20,0,159,0.0,0.0,0.0,0.0,0.0
2019-02-10,20,0,160,0.0,0.0,0.0,0.0,0.0
2019-02-10,20,0,161,0.0,0.0,0.0,0.0,0.0
2019-02-10,20,0,162,54.18,54.18,0.0,1377.563909,0.0
2019-02-10,20,0,163,68.96,68.96,0.0,-125.134113,0.0
2019-02-10,20,0,164,0.0,0.0,0.0,0.0,0.0
2019-02-10,20,0,167,0.0,0.0,0.0,0.0,0.0
2019-02-10,20,0,168,0.0,0.0,0.0,0.0,0.0
2019-02-10,20,0,169,0.0,0.0,0.0,0.0,0.0
2019-02-10,20,0,170,0.0,0.0,0.0,0.0,0.0
2019-02-10,20,0,172,0.0,0.0,0.0,0.0,0.0
2019-02-10,20,0,173,0.0,0.0,0.0,0.0,0.0
2019-02-10,20,0,188,0.0,0.0,0.0,0.0,0.0
2019-02-10,20,0,190,0.0,0.0,0.0,0.0,0.0
2019-02-10,20,0,191,0.0,0.0,0.0,0.0,0.0
2019-02-10,20,0,192,88.91,88.91,0.0,2382.18069,0.0
2019-02-10,20,0,194,96.94,96.94,0.0,1897.954042,0.0
2019-02-10,20,0,196,0.0,0.0,0.0,0.0,0.0
2019-02-10,20,0,198,0.0,0.0,0.0,0.0,0.0
2019-02-10,20,0,199,17.43,17.43,0.0,236.313563,0.0
2019-02-10,20,0,200,0.0,0.0,0.0,0.0,0.0
2019-02-10,20,0,204,287.54,287.54,0.0,3473.914584,0.0
2019-02-10,20,0,205,180.9,180.9,0.0,2176.339747,0.0
2019-02-10,20,0,206,354.87,354.87,0.0,4781.058001,0.0
2019-02-10,20,0,210,0.0,0.0,0.0,0.0,0.0
2019-02-10,20,0,214,0.0,0.0,0.0,0.0,0.0
2019-02-10,20,0,217,0.0,0.0,0.0,0.0,0.0
2019-02-10,20,0,218,0.0,0.0,0.0,0.0,0.0
2019-02-10,20,0,219,0.0,0.0,0.0,0.0,0.0
2019-02-10,20,0,221,0.0,0.0,0.0,0.0,0.0
2019-02-10,20,0,225,0.0,0.0,0.0,0.0,0.0
2019-02-10,20,0,233,0.0,0.0,0.0,0.0,0.0
2019-02-10,20,0,236,38.25,38.25,0.0,436.273143,0.0
2019-02-10,20,0,237,45.4,45.4,0.0,526.572735,0.0
2019-02-10,20,0,238,0.0,0.0,0.0,0.0,0.0
2019-02-10,20,0,240,0.0,0.0,0.0,0.0,0.0
2019-02-10,20,0,245,15.94,15.94,0.0,178.898224,0.0
2019-02-10,20,0,247,29.64,29.64,0.0,332.656422,0.0
2019-02-10,20,0,248,4.56,4.56,0.0,52.889244,0.0
2019-02-10,20,0,249,30.65,30.65,0.0,343.99188,0.0
2019-02-10,20,0,251,121.61,121.61,0.0,1373.098676,0.0
2019-02-10,20,0,252,53.84,53.84,0.0,606.959426,0.0
2019-02-10,20,0,254,0.0,0.0,0.0,0.0,0.0
2019-02-10,20,0,255,0.0,0.0,0.0,0.0,0.0
2019-02-10,20,0,258,0.0,0.0,0.0,0.0,0.0
2019-02-10,20,0,260,0.0,0.0,0.0,0.0,0.0
2019-02-10,20,0,265,0.0,0.0,0.0,0.0,0.0
2019-02-10,20,0,266,19.74,19.74,0.0,249.345928,0.0
2019-02-10,20,0,267,24.96,24.96,0.0,315.282389,0.0
2019-02-10,20,0,270,215.35,215.35,0.0,-390.771914,0.0
2019-02-10,20,0,272,49.13,49.13,0.0,787.7022,0.0
2019-02-10,20,0,273,0.0,0.0,0.0,-0.0,0.0
2019-02-10,20,0,274,277.61,277.61,0.0,-503.748275,0.0
2019-02-10,20,0,275,386.43,386.43,0.0,-701.211937,0.0
2019-02-10,20,0,276,0.0,0.0,0.0,0.0,0.0
2019-02-10,20,0,277,0.0,0.0,0.0,0.0,0.0
2019-02-10,20,0,278,0.0,0.0,0.0,0.0,0.0
2019-02-10,20,0,279,157.09,157.09,0.0,2452.839532,0.0
2019-02-10,20,0,281,1.19,1.19,0.0,16.01256,0.0
2019-02-10,20,0,282,0.0,0.0,0.0,0.0,0.0
2019-02-10,21,0,9,0.0,0.0,0.0,0.0,0.0
2019-02-10,21,0,17,0.0,0.0,0.0,0.0,0.0
2019-02-10,21,0,19,0.0,0.0,0.0,0.0,0.0
2019-02-10,21,0,20,0.0,0.0,0.0,0.0,0.0
2019-02-10,21,0,21,0.0,0.0,0.0,0.0,0.0
2019-02-10,21,0,22,0.0,0.0,0.0,0.0,0.0
2019-02-10,21,0,23,42.21,42.21,0.0,287.408542,0.0
2019-02-10,21,0,24,74.68,74.68,0.0,508.497274,0.0
2019-02-10,21,0,29,0.0,0.0,0.0,0.0,0.0
2019-02-10,21,0,30,0.0,0.0,0.0,0.0,0.0
2019-02-10,21,0,31,3.52,3.52,0.0,23.901294,0.0
2019-02-10,21,0,32,0.0,0.0,0.0,0.0,0.0
2019-02-10,21,0,33,0.0,0.0,0.0,0.0,0.0
2019-02-10,21,0,34,0.0,0.0,0.0,0.0,0.0
2019-02-10,21,0,35,0.0,0.0,0.0,0.0,0.0
2019-02-10,21,0,36,0.0,0.0,0.0,0.0,0.0
2019-02-10,21,0,37,0.0,0.0,0.0,0.0,0.0
2019-02-10,21,0,38,0.0,0.0,0.0,0.0,0.0
2019-02-10,21,0,39,0.0,0.0,0.0,0.0,0.0
2019-02-10,21,0,40,0.0,0.0,0.0,0.0,0.0
2019-02-10,21,0,41,46.11,46.11,0.0,360.264161,0.0
2019-02-10,21,0,42,0.0,0.0,0.0,0.0,0.0
2019-02-10,21,0,43,0.0,0.0,0.0,0.0,0.0
2019-02-10,21,0,46,0.0,0.0,0.0,0.0,0.0
2019-02-10,21,0,52,3.73,3.73,0.0,25.327224,0.0
2019-02-10,21,0,53,5.92,5.92,0.0,40.197631,0.0
2019-02-10,21,0,55,56.52,56.52,0.0,384.845553,0.0
2019-02-10,21,0,56,0.0,0.0,0.0,0.0,0.0
2019-02-10,21,0,57,0.0,0.0,0.0,0.0,0.0
2019-02-10,21,0,58,0.0,0.0,0.0,0.0,0.0
2019-02-10,21,0,59,0.0,0.0,0.0,0.0,0.0
2019-02-10,21,0,63,82.25,82.25,0.0,2153.638976,0.0
2019-02-10,21,0,64,96.76,96.76,0.0,2533.569694,0.0
2019-02-10,21,0,65,6.13,6.13,0.0,61.478521,0.0
2019-02-10,21,0,67,0.0,0.0,0.0,-0.0,0.0
2019-02-10,21,0,68,4.11,4.11,0.0,-6.342274,0.0
2019-02-10,21,0,69,0.0,0.0,0.0,0.0,0.0
2019-02-10,21,0,74,10.07,10.07,0.0,93.54343,0.0
2019-02-10,21,0,77,80.03,80.03,0.0,400.079065,0.0
2019-02-10,21,0,78,60.62,60.62,0.0,303.046269,0.0
2019-02-10,21,0,79,35.17,35.17,0.0,175.818827,0.0
2019-02-10,21,0,80,56.75,56.75,0.0,283.6997,0.0
2019-02-10,21,0,81,74.07,74.07,0.0,370.284348,0.0
2019-02-10,21,0,82,52.36,52.36,0.0,261.753591,0.0
2019-02-10,21,0,83,116.02,116.02,0.0,579.997166,0.0
2019-02-10,21,0,84,0.0,0.0,0.0,0.0,0.0
2019-02-10,21,0,86,0.0,0.0,0.0,0.0,0.0
2019-02-10,21,0,87,0.0,0.0,0.0,0.0,0.0
2019-02-10,21,0,88,76.16,76.16,0.0,380.732496,0.0
2019-02-10,21,0,89,73.21,73.21,0.0,365.98511,0.0
2019-02-10,21,0,90,98.3,98.3,0.0,491.412872,0.0
2019-02-10,21,0,91,350.66,350.66,0.0,1752.989192,0.0
2019-02-10,21,0,92,126.11,126.11,0.0,630.438222,0.0
2019-02-10,21,0,95,18.23,18.23,0.0,408.894098,0.0
2019-02-10,21,0,96,9.29,9.29,0.0,62.897148,0.0
2019-02-10,21,0,97,57.15,57.15,0.0,386.929173,0.0
2019-02-10,21,0,99,1.94,1.94,0.0,18.021276,0.0
2019-02-10,21,0,101,0.0,0.0,0.0,0.0,0.0
2019-02-10,21,0,102,9.72,9.72,0.0,-14.999247,0.0
2019-02-10,21,0,103,8.45,8.45,0.0,-13.039469,0.0
2019-02-10,21,0,104,1.57,1.57,0.0,-2.422718,0.0
2019-02-10,21,0,106,0.0,0.0,0.0,0.0,0.0
2019-02-10,21,0,109,42.01,42.01,0.0,353.926449,0.0
2019-02-10,21,0,110,210.74,210.74,0.0,-6927.549394,0.0
2019-02-10,21,0,111,0.0,0.0,0.0,0.0,0.0
2019-02-10,21,0,113,28.74,28.74,0.0,177.33549,0.0
2019-02-10,21,0,115,28.74,28.74,0.0,177.33549,0.0
2019-02-10,21,0,116,0.0,0.0,0.0,-0.0,0.0
2019-02-10,21,0,117,1.93,1.93,0.0,11.908751,0.0
2019-02-10,21,0,119,96.76,96.76,0.0,2533.569694,0.0
2019-02-10,21,0,120,56.9,56.9,0.0,1489.873042,0.0
2019-02-10,21,0,123,0.0,0.0,0.0,0.0,0.0
2019-02-10,21,0,125,67.58,67.58,0.0,460.153264,0.0
2019-02-10,21,0,126,0.0,0.0,0.0,0.0,0.0
2019-02-10,21,0,127,0.0,0.0,0.0,0.0,0.0
2019-02-10,21,0,128,96.79,96.79,0.0,659.044605,0.0
2019-02-10,21,0,131,11.22,11.22,0.0,5.795754,0.0
2019-02-10,21,0,132,16.5,16.5,0.0,8.523167,0.0
2019-02-10,21,0,133,2.79,2.79,0.0,28.062496,0.0
2019-02-10,21,0,134,0.0,0.0,0.0,0.0,0.0
2019-02-10,21,0,135,3.62,3.62,0.0,36.410837,0.0
2019-02-10,21,0,136,3.07,3.07,0.0,30.784921,0.0
2019-02-10,21,0,139,60.73,60.73,0.0,474.492355,0.0
2019-02-10,21,0,140,155.97,155.97,0.0,-5127.122895,0.0
2019-02-10,21,0,141,137.64,137.64,0.0,-1273.902353,0.0
2019-02-10,21,0,142,0.0,0.0,0.0,-0.0,0.0
2019-02-10,21,0,143,9.09,9.09,0.0,61.722377,0.0
2019-02-10,21,0,145,10.36,10.36,0.0,76.636013,0.0
2019-02-10,21,0,146,228.85,228.85,0.0,-7522.870261,0.0
2019-02-10,21,0,152,0.0,0.0,0.0,0.0,0.0
2019-02-10,21,0,153,0.0,0.0,0.0,0.0,0.0
2019-02-10,21,0,154,0.0,0.0,0.0,0.0,0.0
2019-02-10,21,0,157,177.11,177.11,0.0,-1639.209865,0.0
2019-02-10,21,0,158,0.0,0.0,0.0,-0.0,0.0
2019-02-10,21,0,159,0.0,0.0,0.0,0.0,0.0
2019-02-10,21,0,160,0.0,0.0,0.0,0.0,0.0
2019-02-10,21,0,161,0.0,0.0,0.0,-0.0,0.0
2019-02-10,21,0,162,37.7,37.7,0.0,847.130001,0.0
2019-02-10,21,0,163,76.97,76.97,0.0,-2530.195866,0.0
2019-02-10,21,0,164,0.0,0.0,0.0,0.0,0.0
2019-02-10,21,0,167,0.0,0.0,0.0,0.0,0.0
2019-02-10,21,0,168,0.0,0.0,0.0,0.0,0.0
2019-02-10,21,0,169,0.0,0.0,0.0,0.0,0.0
2019-02-10,21,0,170,0.0,0.0,0.0,0.0,0.0
2019-02-10,21,0,172,0.0,0.0,0.0,0.0,0.0
2019-02-10,21,0,173,0.0,0.0,0.0,0.0,0.0
2019-02-10,21,0,188,0.0,0.0,0.0,0.0,0.0
2019-02-10,21,0,190,0.0,0.0,0.0,0.0,0.0
2019-02-10,21,0,191,0.0,0.0,0.0,0.0,0.0
2019-02-10,21,0,192,87.43,87.43,0.0,2289.272409,0.0
2019-02-10,21,0,194,91.44,91.44,0.0,1189.061108,0.0
2019-02-10,21,0,196,0.0,0.0,0.0,0.0,0.0
2019-02-10,21,0,198,0.0,0.0,0.0,0.0,0.0
2019-02-10,21,0,199,11.52,11.52,0.0,132.100501,0.0
2019-02-10,21,0,200,0.0,0.0,0.0,0.0,0.0
2019-02-10,21,0,204,489.04,489.04,0.0,4079.032023,0.0
2019-02-10,21,0,205,194.95,194.95,0.0,1642.417549,0.0
2019-02-10,21,0,206,167.92,167.92,0.0,1136.887956,0.0
2019-02-10,21,0,210,0.0,0.0,0.0,0.0,0.0
2019-02-10,21,0,214,0.0,0.0,0.0,0.0,0.0
2019-02-10,21,0,217,0.0,0.0,0.0,0.0,0.0
2019-02-10,21,0,218,0.0,0.0,0.0,0.0,0.0
2019-02-10,21,0,219,0.0,0.0,0.0,0.0,0.0
2019-02-10,21,0,221,0.0,0.0,0.0,0.0,0.0
2019-02-10,21,0,225,0.0,0.0,0.0,0.0,0.0
2019-02-10,21,0,233,0.0,0.0,0.0,0.0,0.0
2019-02-10,21,0,236,15.78,15.78,0.0,152.911161,0.0
2019-02-10,21,0,237,24.16,24.16,0.0,224.429917,0.0
2019-02-10,21,0,238,0.0,0.0,0.0,0.0,0.0
2019-02-10,21,0,240,0.0,0.0,0.0,0.0,0.0
2019-02-10,21,0,245,38.62,38.62,0.0,392.13192,0.0
2019-02-10,21,0,247,27.12,27.12,0.0,275.365553,0.0
2019-02-10,21,0,248,2.43,2.43,0.0,22.573042,0.0
2019-02-10,21,0,249,74.27,74.27,0.0,754.107656,0.0
2019-02-10,21,0,251,107.3,107.3,0.0,1071.436541,0.0
2019-02-10,21,0,252,39.54,39.54,0.0,396.551502,0.0
2019-02-10,21,0,254,0.0,0.0,0.0,0.0,0.0
2019-02-10,21,0,255,0.0,0.0,0.0,0.0,0.0
2019-02-10,21,0,258,0.0,0.0,0.0,0.0,0.0
2019-02-10,21,0,260,0.0,0.0,0.0,0.0,0.0
2019-02-10,21,0,265,0.0,0.0,0.0,0.0,0.0
2019-02-10,21,0,266,38.03,38.03,0.0,297.133942,0.0
2019-02-10,21,0,267,47.48,47.48,0.0,370.968171,0.0
2019-02-10,21,0,270,240.36,240.36,0.0,-7901.232667,0.0
2019-02-10,21,0,272,96.0,96.0,0.0,592.352369,0.0
2019-02-10,21,0,273,0.0,0.0,0.0,-0.0,0.0
2019-02-10,21,0,274,309.86,309.86,0.0,-10185.871003,0.0
2019-02-10,21,0,275,431.33,431.33,0.0,-14178.892853,0.0
2019-02-10,21,0,276,0.0,0.0,0.0,-0.0,0.0
2019-02-10,21,0,277,0.0,0.0,0.0,0.0,0.0
2019-02-10,21,0,278,0.0,0.0,0.0,0.0,0.0
2019-02-10,21,0,279,209.98,209.98,0.0,1197.048685,0.0
2019-02-10,21,0,281,1.58,1.58,0.0,10.728422,0.0
2019-02-10,21,0,282,0.0,0.0,0.0,0.0,0.0
2019-02-10,22,0,9,0.0,0.0,0.0,0.0,0.0
2019-02-10,22,0,17,0.0,0.0,0.0,0.0,0.0
2019-02-10,22,0,19,0.0,0.0,0.0,0.0,0.0
2019-02-10,22,0,20,0.0,0.0,0.0,0.0,0.0
2019-02-10,22,0,21,0.0,0.0,0.0,0.0,0.0
2019-02-10,22,0,22,0.0,0.0,0.0,0.0,0.0
2019-02-10,22,0,23,52.58,52.58,0.0,393.573478,0.0
2019-02-10,22,0,24,93.03,93.03,0.0,696.351096,0.0
2019-02-10,22,0,29,0.0,0.0,0.0,0.0,0.0
2019-02-10,22,0,30,0.0,0.0,0.0,0.0,0.0
2019-02-10,22,0,31,4.53,4.53,0.0,33.731201,0.0
2019-02-10,22,0,32,0.0,0.0,0.0,0.0,0.0
2019-02-10,22,0,33,0.0,0.0,0.0,0.0,0.0
2019-02-10,22,0,34,0.0,0.0,0.0,0.0,0.0
2019-02-10,22,0,35,0.0,0.0,0.0,0.0,0.0
2019-02-10,22,0,36,0.0,0.0,0.0,0.0,0.0
2019-02-10,22,0,37,0.0,0.0,0.0,0.0,0.0
2019-02-10,22,0,38,0.0,0.0,0.0,0.0,0.0
2019-02-10,22,0,39,0.0,0.0,0.0,0.0,0.0
2019-02-10,22,0,40,0.0,0.0,0.0,0.0,0.0
2019-02-10,22,0,41,50.35,50.35,0.0,484.024802,0.0
2019-02-10,22,0,42,0.0,0.0,0.0,0.0,0.0
2019-02-10,22,0,43,0.0,0.0,0.0,0.0,0.0
2019-02-10,22,0,46,0.0,0.0,0.0,0.0,0.0
2019-02-10,22,0,52,4.81,4.81,0.0,35.816132,0.0
2019-02-10,22,0,53,7.64,7.64,0.0,56.888825,0.0
2019-02-10,22,0,55,159.17,159.17,0.0,1191.424314,0.0
2019-02-10,22,0,56,0.0,0.0,0.0,0.0,0.0
2019-02-10,22,0,57,0.0,0.0,0.0,0.0,0.0
2019-02-10,22,0,58,0.0,0.0,0.0,0.0,0.0
2019-02-10,22,0,59,0.0,0.0,0.0,0.0,0.0
2019-02-10,22,0,63,93.15,93.15,0.0,2252.641664,0.0
2019-02-10,22,0,64,109.58,109.58,0.0,2649.96751,0.0
2019-02-10,22,0,65,4.37,4.37,0.0,64.609064,0.0
2019-02-10,22,0,67,0.0,0.0,0.0,-0.0,0.0
2019-02-10,22,0,68,5.01,5.01,0.0,-15.839072,0.0
2019-02-10,22,0,69,0.0,0.0,0.0,0.0,0.0
2019-02-10,22,0,74,5.19,5.19,0.0,67.028848,0.0
2019-02-10,22,0,77,105.49,105.49,0.0,395.77398,0.0
2019-02-10,22,0,78,79.75,79.75,0.0,299.203478,0.0
2019-02-10,22,0,79,46.15,46.15,0.0,173.144082,0.0
2019-02-10,22,0,80,74.63,74.63,0.0,279.994427,0.0
2019-02-10,22,0,81,97.58,97.58,0.0,366.097497,0.0
2019-02-10,22,0,82,68.83,68.83,0.0,258.234174,0.0
2019-02-10,22,0,83,153.49,153.49,0.0,575.858831,0.0
2019-02-10,22,0,84,0.0,0.0,0.0,0.0,0.0
2019-02-10,22,0,86,0.0,0.0,0.0,0.0,0.0
2019-02-10,22,0,87,0.0,0.0,0.0,0.0,0.0
2019-02-10,22,0,88,79.73,79.73,0.0,299.128442,0.0
2019-02-10,22,0,89,76.64,76.64,0.0,287.53548,0.0
2019-02-10,22,0,90,102.91,102.91,0.0,386.094419,0.0
2019-02-10,22,0,91,367.09,367.09,0.0,1377.236422,0.0
2019-02-10,22,0,92,132.02,132.02,0.0,495.308378,0.0
2019-02-10,22,0,95,11.15,11.15,0.0,224.360508,0.0
2019-02-10,22,0,96,7.13,7.13,0.0,52.800288,0.0
2019-02-10,22,0,97,43.88,43.88,0.0,324.947633,0.0
2019-02-10,22,0,99,1.0,1.0,0.0,12.915,0.0
2019-02-10,22,0,101,0.0,0.0,0.0,0.0,0.0
2019-02-10,22,0,102,11.85,11.85,0.0,-37.463673,0.0
2019-02-10,22,0,103,10.31,10.31,0.0,-32.594976,0.0
2019-02-10,22,0,104,1.91,1.91,0.0,-6.038449,0.0
2019-02-10,22,0,106,0.0,0.0,0.0,0.0,0.0
2019-02-10,22,0,109,76.63,76.63,0.0,826.71564,0.0
2019-02-10,22,0,110,227.14,227.14,0.0,-8102.389207,0.0
2019-02-10,22,0,111,0.0,0.0,0.0,0.0,0.0
2019-02-10,22,0,113,54.38,54.38,0.0,247.876852,0.0
2019-02-10,22,0,115,54.38,54.38,0.0,247.876852,0.0
2019-02-10,22,0,116,0.0,0.0,0.0,-0.0,0.0
2019-02-10,22,0,117,3.62,3.62,0.0,16.500813,0.0
2019-02-10,22,0,119,109.58,109.58,0.0,2649.96751,0.0
2019-02-10,22,0,120,64.43,64.43,0.0,1558.10738,0.0
2019-02-10,22,0,123,0.0,0.0,0.0,0.0,0.0
2019-02-10,22,0,125,84.18,84.18,0.0,630.106796,0.0
2019-02-10,22,0,126,0.0,0.0,0.0,0.0,0.0
2019-02-10,22,0,127,0.0,0.0,0.0,0.0,0.0
2019-02-10,22,0,128,120.57,120.57,0.0,902.494374,0.0
2019-02-10,22,0,131,14.51,14.51,0.0,-14.861059,0.0
2019-02-10,22,0,132,21.33,21.33,0.0,-21.846064,0.0
2019-02-10,22,0,133,8.01,8.01,0.0,119.024284,0.0
2019-02-10,22,0,134,0.0,0.0,0.0,0.0,0.0
2019-02-10,22,0,135,10.73,10.73,0.0,159.442019,0.0
2019-02-10,22,0,136,1.64,1.64,0.0,24.240727,0.0
2019-02-10,22,0,139,65.02,65.02,0.0,625.050499,0.0
2019-02-10,22,0,140,168.11,168.11,0.0,-5996.709737,0.0
2019-02-10,22,0,141,187.36,187.36,0.0,-2091.738623,0.0
2019-02-10,22,0,142,0.0,0.0,0.0,-0.0,0.0
2019-02-10,22,0,143,14.15,14.15,0.0,105.363466,0.0
2019-02-10,22,0,145,21.95,21.95,0.0,190.713025,0.0
2019-02-10,22,0,146,268.0,268.0,0.0,-9559.920346,0.0
2019-02-10,22,0,152,0.0,0.0,0.0,0.0,0.0
2019-02-10,22,0,153,0.0,0.0,0.0,0.0,0.0
2019-02-10,22,0,154,0.0,0.0,0.0,0.0,0.0
2019-02-10,22,0,157,173.87,173.87,0.0,-1941.132549,0.0
2019-02-10,22,0,158,0.0,0.0,0.0,-0.0,0.0
2019-02-10,22,0,159,0.0,0.0,0.0,0.0,0.0
2019-02-10,22,0,160,0.0,0.0,0.0,0.0,0.0
2019-02-10,22,0,161,0.0,0.0,0.0,-0.0,0.0
2019-02-10,22,0,162,15.03,15.03,0.0,303.117956,0.0
2019-02-10,22,0,163,88.25,88.25,0.0,-3147.996159,0.0
2019-02-10,22,0,164,0.0,0.0,0.0,0.0,0.0
2019-02-10,22,0,167,0.0,0.0,0.0,0.0,0.0
2019-02-10,22,0,168,0.0,0.0,0.0,0.0,0.0
2019-02-10,22,0,169,0.0,0.0,0.0,0.0,0.0
2019-02-10,22,0,170,0.0,0.0,0.0,0.0,0.0
2019-02-10,22,0,172,0.0,0.0,0.0,0.0,0.0
2019-02-10,22,0,173,0.0,0.0,0.0,0.0,0.0
2019-02-10,22,0,188,0.0,0.0,0.0,0.0,0.0
2019-02-10,22,0,190,0.0,0.0,0.0,0.0,0.0
2019-02-10,22,0,191,0.0,0.0,0.0,0.0,0.0
2019-02-10,22,0,192,85.49,85.49,0.0,2067.400278,0.0
2019-02-10,22,0,194,88.47,88.47,0.0,996.845926,0.0
2019-02-10,22,0,196,0.0,0.0,0.0,0.0,0.0
2019-02-10,22,0,198,0.0,0.0,0.0,0.0,0.0
2019-02-10,22,0,199,7.74,7.74,0.0,89.51567,0.0
2019-02-10,22,0,200,0.0,0.0,0.0,0.0,0.0
2019-02-10,22,0,204,471.53,471.53,0.0,4994.421091,0.0
2019-02-10,22,0,205,381.23,381.23,0.0,4112.864456,0.0
2019-02-10,22,0,206,128.92,128.92,0.0,954.700293,0.0
2019-02-10,22,0,210,0.0,0.0,0.0,0.0,0.0
2019-02-10,22,0,214,0.0,0.0,0.0,0.0,0.0
2019-02-10,22,0,217,0.0,0.0,0.0,0.0,0.0
2019-02-10,22,0,218,0.0,0.0,0.0,0.0,0.0
2019-02-10,22,0,219,0.0,0.0,0.0,0.0,0.0
2019-02-10,22,0,221,0.0,0.0,0.0,0.0,0.0
2019-02-10,22,0,225,0.0,0.0,0.0,0.0,0.0
2019-02-10,22,0,233,0.0,0.0,0.0,0.0,0.0
2019-02-10,22,0,236,4.63,4.63,0.0,64.401792,0.0
2019-02-10,22,0,237,12.45,12.45,0.0,160.791745,0.0
2019-02-10,22,0,238,0.0,0.0,0.0,0.0,0.0
2019-02-10,22,0,240,0.0,0.0,0.0,0.0,0.0
2019-02-10,22,0,245,51.43,51.43,0.0,776.815595,0.0
2019-02-10,22,0,247,25.05,25.05,0.0,378.363419,0.0
2019-02-10,22,0,248,1.25,1.25,0.0,16.14375,0.0
2019-02-10,22,0,249,98.91,98.91,0.0,1493.969093,0.0
2019-02-10,22,0,251,196.39,196.39,0.0,2881.528374,0.0
2019-02-10,22,0,252,28.21,28.21,0.0,417.075901,0.0
2019-02-10,22,0,254,0.0,0.0,0.0,0.0,0.0
2019-02-10,22,0,255,0.0,0.0,0.0,0.0,0.0
2019-02-10,22,0,258,0.0,0.0,0.0,0.0,0.0
2019-02-10,22,0,260,0.0,0.0,0.0,0.0,0.0
2019-02-10,22,0,265,0.0,0.0,0.0,0.0,0.0
2019-02-10,22,0,266,42.1,42.1,0.0,404.715872,0.0
2019-02-10,22,0,267,51.74,51.74,0.0,497.387155,0.0
2019-02-10,22,0,270,275.61,275.61,0.0,-9831.379278,0.0
2019-02-10,22,0,272,181.75,181.75,0.0,828.45932,0.0
2019-02-10,22,0,273,0.0,0.0,0.0,-0.0,0.0
2019-02-10,22,0,274,355.3,355.3,0.0,-12674.028728,0.0
2019-02-10,22,0,275,494.58,494.58,0.0,-17642.3336,0.0
2019-02-10,22,0,276,0.0,0.0,0.0,-0.0,0.0
2019-02-10,22,0,277,0.0,0.0,0.0,0.0,0.0
2019-02-10,22,0,278,0.0,0.0,0.0,0.0,0.0
2019-02-10,22,0,279,112.83,112.83,0.0,477.824853,0.0
2019-02-10,22,0,281,2.04,2.04,0.0,15.19021,0.0
2019-02-10,22,0,282,0.0,0.0,0.0,0.0,0.0
2019-02-10,23,0,9,0.0,0.0,0.0,0.0,0.0
2019-02-10,23,0,17,0.0,0.0,0.0,0.0,0.0
2019-02-10,23,0,19,0.0,0.0,0.0,0.0,0.0
2019-02-10,23,0,20,0.0,0.0,0.0,0.0,0.0
2019-02-10,23,0,21,0.0,0.0,0.0,0.0,0.0
2019-02-10,23,0,22,0.0,0.0,0.0,0.0,0.0
2019-02-10,23,0,23,76.3,76.3,0.0,1166.056568,0.0
2019-02-10,23,0,24,135.0,135.0,0.0,2063.140716,0.0
2019-02-10,23,0,29,0.0,0.0,0.0,0.0,0.0
2019-02-10,23,0,30,0.0,0.0,0.0,0.0,0.0
2019-02-10,23,0,31,5.49,5.49,0.0,84.181058,0.0
2019-02-10,23,0,32,0.0,0.0,0.0,0.0,0.0
2019-02-10,23,0,33,0.0,0.0,0.0,0.0,0.0
2019-02-10,23,0,34,0.0,0.0,0.0,0.0,0.0
2019-02-10,23,0,35,0.0,0.0,0.0,0.0,0.0
2019-02-10,23,0,36,0.0,0.0,0.0,0.0,0.0
2019-02-10,23,0,37,0.0,0.0,0.0,0.0,0.0
2019-02-10,23,0,38,0.0,0.0,0.0,0.0,0.0
2019-02-10,23,0,39,0.0,0.0,0.0,0.0,0.0
2019-02-10,23,0,40,0.0,0.0,0.0,0.0,0.0
2019-02-10,23,0,41,44.8,44.8,0.0,565.643964,0.0
2019-02-10,23,0,42,0.0,0.0,0.0,0.0,0.0
2019-02-10,23,0,43,0.0,0.0,0.0,0.0,0.0
2019-02-10,23,0,46,0.0,0.0,0.0,0.0,0.0
2019-02-10,23,0,52,5.82,5.82,0.0,89.241121,0.0
2019-02-10,23,0,53,9.24,9.24,0.0,141.68178,0.0
2019-02-10,23,0,55,316.97,316.97,0.0,4844.101576,0.0
2019-02-10,23,0,56,0.0,0.0,0.0,0.0,0.0
2019-02-10,23,0,57,0.0,0.0,0.0,0.0,0.0
2019-02-10,23,0,58,0.0,0.0,0.0,0.0,0.0
2019-02-10,23,0,59,0.0,0.0,0.0,0.0,0.0
2019-02-10,23,0,63,110.47,110.47,0.0,12083.443807,0.0
2019-02-10,23,0,64,129.97,129.97,0.0,14216.395325,0.0
2019-02-10,23,0,65,3.02,3.02,0.0,22.036569,0.0
2019-02-10,23,0,67,0.0,0.0,0.0,-0.0,0.0
2019-02-10,23,0,68,6.12,6.12,0.0,-2549.973553,0.0
2019-02-10,23,0,69,0.0,0.0,0.0,0.0,0.0
2019-02-10,23,0,74,4.41,4.41,0.0,39.316449,0.0
2019-02-10,23,0,77,130.43,130.43,0.0,-38795.042948,0.0
2019-02-10,23,0,78,98.6,98.6,0.0,-29327.541476,0.0
2019-02-10,23,0,79,57.06,57.06,0.0,-16971.901791,0.0
2019-02-10,23,0,80,92.28,92.28,0.0,-27447.723401,0.0
2019-02-10,23,0,81,120.65,120.65,0.0,-35886.083966,0.0
2019-02-10,23,0,82,85.1,85.1,0.0,-25312.107298,0.0
2019-02-10,23,0,83,189.77,189.77,0.0,-56445.106956,0.0
2019-02-10,23,0,84,0.0,0.0,0.0,0.0,0.0
2019-02-10,23,0,86,0.0,0.0,0.0,0.0,0.0
2019-02-10,23,0,87,0.0,0.0,0.0,0.0,0.0
2019-02-10,23,0,88,96.87,96.87,0.0,-28812.971022,0.0
2019-02-10,23,0,89,93.12,93.12,0.0,-27697.572639,0.0
2019-02-10,23,0,90,125.03,125.03,0.0,-37188.869277,0.0
2019-02-10,23,0,91,446.0,446.0,0.0,-132658.047649,0.0
2019-02-10,23,0,92,160.4,160.4,0.0,-47709.306823,0.0
2019-02-10,23,0,95,13.35,13.35,0.0,299.436984,0.0
2019-02-10,23,0,96,9.46,9.46,0.0,145.559396,0.0
2019-02-10,23,0,97,58.17,58.17,0.0,895.051804,0.0
2019-02-10,23,0,99,0.85,0.85,0.0,7.578,0.0
2019-02-10,23,0,101,0.0,0.0,0.0,0.0,0.0
2019-02-10,23,0,102,14.49,14.49,0.0,-6037.437383,0.0
2019-02-10,23,0,103,12.6,12.6,0.0,-5249.94555,0.0
2019-02-10,23,0,104,2.34,2.34,0.0,-974.989888,0.0
2019-02-10,23,0,106,0.0,0.0,0.0,0.0,0.0
2019-02-10,23,0,109,73.6,73.6,0.0,800.16977,0.0
2019-02-10,23,0,110,255.79,255.79,0.0,-255790.0,0.0
2019-02-10,23,0,111,0.0,0.0,0.0,0.0,0.0
2019-02-10,23,0,113,69.52,69.52,0.0,-18570.428815,0.0
2019-02-10,23,0,115,69.52,69.52,0.0,-18570.428815,0.0
2019-02-10,23,0,116,0.0,0.0,0.0,-0.0,0.0
2019-02-10,23,0,117,4.63,4.63,0.0,-1236.782011,0.0
2019-02-10,23,0,119,129.97,129.97,0.0,14216.395325,0.0
2019-02-10,23,0,120,76.42,76.42,0.0,8358.982309,0.0
2019-02-10,23,0,123,0.0,0.0,0.0,0.0,0.0
2019-02-10,23,0,125,122.16,122.16,0.0,1866.91311,0.0
2019-02-10,23,0,126,0.0,0.0,0.0,0.0,0.0
2019-02-10,23,0,127,0.0,0.0,0.0,0.0,0.0
2019-02-10,23,0,128,174.97,174.97,0.0,2673.983193,0.0
2019-02-10,23,0,131,18.8,18.8,0.0,-7112.264569,0.0
2019-02-10,23,0,132,27.64,27.64,0.0,-10456.542164,0.0
2019-02-10,23,0,133,6.63,6.63,0.0,47.964758,0.0
2019-02-10,23,0,134,0.0,0.0,0.0,0.0,0.0
2019-02-10,23,0,135,8.88,8.88,0.0,64.242391,0.0
2019-02-10,23,0,136,1.31,1.31,0.0,9.563008,0.0
2019-02-10,23,0,139,57.86,57.86,0.0,730.539281,0.0
2019-02-10,23,0,140,189.31,189.31,0.0,-189310.0,0.0
2019-02-10,23,0,141,230.0,230.0,0.0,-128859.704788,0.0
2019-02-10,23,0,142,0.0,0.0,0.0,-0.0,0.0
2019-02-10,23,0,143,15.03,15.03,0.0,230.462896,0.0
2019-02-10,23,0,145,9.52,9.52,0.0,130.209123,0.0
2019-02-10,23,0,146,268.0,268.0,0.0,-268000.0,0.0
2019-02-10,23,0,152,0.0,0.0,0.0,0.0,0.0
2019-02-10,23,0,153,0.0,0.0,0.0,0.0,0.0
2019-02-10,23,0,154,0.0,0.0,0.0,0.0,0.0
2019-02-10,23,0,157,193.26,193.26,0.0,-108275.767597,0.0
2019-02-10,23,0,158,0.0,0.0,0.0,-0.0,0.0
2019-02-10,23,0,159,0.0,0.0,0.0,0.0,0.0
2019-02-10,23,0,160,0.0,0.0,0.0,0.0,0.0
2019-02-10,23,0,161,0.0,0.0,0.0,-0.0,0.0
2019-02-10,23,0,162,8.15,8.15,0.0,189.096826,0.0
2019-02-10,23,0,163,132.22,132.22,0.0,-132220.0,0.0
2019-02-10,23,0,164,0.0,0.0,0.0,0.0,0.0
2019-02-10,23,0,167,0.0,0.0,0.0,0.0,0.0
2019-02-10,23,0,168,0.0,0.0,0.0,0.0,0.0
2019-02-10,23,0,169,0.0,0.0,0.0,0.0,0.0
2019-02-10,23,0,170,0.0,0.0,0.0,0.0,0.0
2019-02-10,23,0,172,0.0,0.0,0.0,0.0,0.0
2019-02-10,23,0,173,0.0,0.0,0.0,0.0,0.0
2019-02-10,23,0,188,0.0,0.0,0.0,0.0,0.0
2019-02-10,23,0,190,0.0,0.0,0.0,0.0,0.0
2019-02-10,23,0,191,0.0,0.0,0.0,0.0,0.0
2019-02-10,23,0,192,90.26,90.26,0.0,2926.911305,0.0
2019-02-10,23,0,194,97.49,97.49,0.0,-12863.865999,0.0
2019-02-10,23,0,196,0.0,0.0,0.0,0.0,0.0
2019-02-10,23,0,198,0.0,0.0,0.0,0.0,0.0
2019-02-10,23,0,199,6.44,6.44,0.0,-243.414532,0.0
2019-02-10,23,0,200,0.0,0.0,0.0,-0.0,0.0
2019-02-10,23,0,204,371.92,371.92,0.0,4118.265715,0.0
2019-02-10,23,0,205,389.34,389.34,0.0,4232.854594,0.0
2019-02-10,23,0,206,170.92,170.92,0.0,2629.916698,0.0
2019-02-10,23,0,210,0.0,0.0,0.0,0.0,0.0
2019-02-10,23,0,214,0.0,0.0,0.0,0.0,0.0
2019-02-10,23,0,217,0.0,0.0,0.0,0.0,0.0
2019-02-10,23,0,218,0.0,0.0,0.0,0.0,0.0
2019-02-10,23,0,219,0.0,0.0,0.0,0.0,0.0
2019-02-10,23,0,221,0.0,0.0,0.0,0.0,0.0
2019-02-10,23,0,225,0.0,0.0,0.0,0.0,0.0
2019-02-10,23,0,233,0.0,0.0,0.0,0.0,0.0
2019-02-10,23,0,236,3.54,3.54,0.0,28.382498,0.0
2019-02-10,23,0,237,10.57,10.57,0.0,94.234665,0.0
2019-02-10,23,0,238,0.0,0.0,0.0,0.0,0.0
2019-02-10,23,0,240,0.0,0.0,0.0,0.0,0.0
2019-02-10,23,0,245,38.71,38.71,0.0,272.141267,0.0
2019-02-10,23,0,247,17.8,17.8,0.0,125.138583,0.0
2019-02-10,23,0,248,1.06,1.06,0.0,9.450212,0.0
2019-02-10,23,0,249,74.43,74.43,0.0,523.262064,0.0
2019-02-10,23,0,251,64.14,64.14,0.0,474.024516,0.0
2019-02-10,23,0,252,19.45,19.45,0.0,141.924258,0.0
2019-02-10,23,0,254,0.0,0.0,0.0,0.0,0.0
2019-02-10,23,0,255,0.0,0.0,0.0,0.0,0.0
2019-02-10,23,0,258,0.0,0.0,0.0,0.0,0.0
2019-02-10,23,0,260,0.0,0.0,0.0,0.0,0.0
2019-02-10,23,0,265,0.0,0.0,0.0,0.0,0.0
2019-02-10,23,0,266,37.46,37.46,0.0,472.969261,0.0
2019-02-10,23,0,267,46.04,46.04,0.0,581.300181,0.0
2019-02-10,23,0,270,412.91,412.91,0.0,-412910.0,0.0
2019-02-10,23,0,272,232.35,232.35,0.0,-62066.15557,0.0
2019-02-10,23,0,273,0.0,0.0,0.0,-0.0,0.0
2019-02-10,23,0,274,532.29,532.29,0.0,-532290.0,0.0
2019-02-10,23,0,275,740.96,740.96,0.0,-740960.0,0.0
2019-02-10,23,0,276,0.0,0.0,0.0,-0.0,0.0
2019-02-10,23,0,277,0.0,0.0,0.0,-0.0,0.0
2019-02-10,23,0,278,0.0,0.0,0.0,-0.0,0.0
2019-02-10,23,0,279,136.05,136.05,0.0,-37995.734874,0.0
2019-02-10,23,0,281,2.46,2.46,0.0,37.720474,0.0
2019-02-10,23,0,282,0.0,0.0,0.0,0.0,0.0
2019-02-11,0,0,9,0.0,0.0,0.0,0.0,0.0
2019-02-11,0,0,17,0.0,0.0,0.0,0.0,0.0
2019-02-11,0,0,19,0.0,0.0,0.0,0.0,0.0
2019-02-11,0,0,20,0.0,0.0,0.0,0.0,0.0
2019-02-11,0,0,21,0.0,0.0,0.0,0.0,0.0
2019-02-11,0,0,22,0.0,0.0,0.0,0.0,0.0
2019-02-11,0,0,23,107.28,107.28,0.0,1439.451888,0.0
2019-02-11,0,0,24,189.82,189.82,0.0,2546.94964,0.0
2019-02-11,0,0,29,0.0,0.0,0.0,0.0,0.0
2019-02-11,0,0,30,0.0,0.0,0.0,0.0,0.0
2019-02-11,0,0,31,6.66,6.66,0.0,89.616511,0.0
2019-02-11,0,0,32,0.0,0.0,0.0,0.0,0.0
2019-02-11,0,0,33,0.0,0.0,0.0,0.0,0.0
2019-02-11,0,0,34,0.0,0.0,0.0,0.0,0.0
2019-02-11,0,0,35,0.0,0.0,0.0,0.0,0.0
2019-02-11,0,0,36,0.0,0.0,0.0,0.0,0.0
2019-02-11,0,0,37,0.0,0.0,0.0,0.0,0.0
2019-02-11,0,0,38,0.0,0.0,0.0,0.0,0.0
2019-02-11,0,0,39,0.0,0.0,0.0,0.0,0.0
2019-02-11,0,0,40,0.0,0.0,0.0,0.0,0.0
2019-02-11,0,0,41,40.0,40.0,0.0,457.072018,0.0
2019-02-11,0,0,42,0.0,0.0,0.0,0.0,0.0
2019-02-11,0,0,43,0.0,0.0,0.0,0.0,0.0
2019-02-11,0,0,46,0.0,0.0,0.0,0.0,0.0
2019-02-11,0,0,52,7.06,7.06,0.0,94.998884,0.0
2019-02-11,0,0,53,11.21,11.21,0.0,150.841003,0.0
2019-02-11,0,0,55,360.29,360.29,0.0,4834.266599,0.0
2019-02-11,0,0,56,0.0,0.0,0.0,0.0,0.0
2019-02-11,0,0,57,0.0,0.0,0.0,0.0,0.0
2019-02-11,0,0,58,0.0,0.0,0.0,0.0,0.0
2019-02-11,0,0,59,0.0,0.0,0.0,0.0,0.0
2019-02-11,0,0,63,133.42,133.42,0.0,14199.571551,0.0
2019-02-11,0,0,64,156.96,156.96,0.0,16704.877459,0.0
2019-02-11,0,0,65,2.08,2.08,0.0,15.460591,0.0
2019-02-11,0,0,67,0.0,0.0,0.0,-0.0,0.0
2019-02-11,0,0,68,7.53,7.53,0.0,-3144.638996,0.0
2019-02-11,0,0,69,0.0,0.0,0.0,0.0,0.0
2019-02-11,0,0,74,3.81,3.81,0.0,32.940793,0.0
2019-02-11,0,0,77,161.9,161.9,0.0,-48327.911104,0.0
2019-02-11,0,0,78,122.39,122.39,0.0,-36533.990364,0.0
2019-02-11,0,0,79,70.83,70.83,0.0,-21143.087977,0.0
2019-02-11,0,0,80,114.54,114.54,0.0,-34190.728461,0.0
2019-02-11,0,0,81,149.76,149.76,0.0,-44704.064033,0.0
2019-02-11,0,0,82,105.64,105.64,0.0,-31534.036621,0.0
2019-02-11,0,0,83,235.56,235.56,0.0,-70315.767385,0.0
2019-02-11,0,0,84,0.0,0.0,0.0,0.0,0.0
2019-02-11,0,0,86,0.0,0.0,0.0,0.0,0.0
2019-02-11,0,0,87,0.0,0.0,0.0,0.0,0.0
2019-02-11,0,0,88,117.49,117.49,0.0,-35071.317329,0.0
2019-02-11,0,0,89,112.94,112.94,0.0,-33713.120939,0.0
2019-02-11,0,0,90,151.65,151.65,0.0,-45268.237918,0.0
2019-02-11,0,0,91,540.96,540.96,0.0,-161479.103092,0.0
2019-02-11,0,0,92,194.55,194.55,0.0,-58074.089594,0.0
2019-02-11,0,0,95,9.04,9.04,0.0,175.789849,0.0
2019-02-11,0,0,96,13.01,13.01,0.0,175.581388,0.0
2019-02-11,0,0,97,80.0,80.0,0.0,1079.670335,0.0
2019-02-11,0,0,99,0.73,0.73,0.0,6.311491,0.0
2019-02-11,0,0,101,0.0,0.0,0.0,0.0,0.0
2019-02-11,0,0,102,17.82,17.82,0.0,-7441.894676,0.0
2019-02-11,0,0,103,15.49,15.49,0.0,-6468.85233,0.0
2019-02-11,0,0,104,2.88,2.88,0.0,-1202.730453,0.0
2019-02-11,0,0,106,0.0,0.0,0.0,0.0,0.0
2019-02-11,0,0,109,60.39,60.39,0.0,610.676198,0.0
2019-02-11,0,0,110,290.57,290.57,0.0,-290570.0,0.0
2019-02-11,0,0,111,0.0,0.0,0.0,0.0,0.0
2019-02-11,0,0,113,87.8,87.8,0.0,-23574.931711,0.0
2019-02-11,0,0,115,87.8,87.8,0.0,-23574.931711,0.0
2019-02-11,0,0,116,0.0,0.0,0.0,-0.0,0.0
2019-02-11,0,0,117,5.85,5.85,0.0,-1570.76709,0.0
2019-02-11,0,0,119,156.96,156.96,0.0,16704.877459,0.0
2019-02-11,0,0,120,92.29,92.29,0.0,9822.204005,0.0
2019-02-11,0,0,123,0.0,0.0,0.0,0.0,0.0
2019-02-11,0,0,125,171.77,171.77,0.0,2304.759982,0.0
2019-02-11,0,0,126,0.0,0.0,0.0,0.0,0.0
2019-02-11,0,0,127,0.0,0.0,0.0,0.0,0.0
2019-02-11,0,0,128,246.02,246.02,0.0,3301.024921,0.0
2019-02-11,0,0,131,24.5,24.5,0.0,-9293.510367,0.0
2019-02-11,0,0,132,36.01,36.01,0.0,-13659.563604,0.0
2019-02-11,0,0,133,5.6,5.6,0.0,41.362897,0.0
2019-02-11,0,0,134,0.0,0.0,0.0,0.0,0.0
2019-02-11,0,0,135,7.5,7.5,0.0,55.396738,0.0
2019-02-11,0,0,136,1.14,1.14,0.0,8.476267,0.0
2019-02-11,0,0,139,51.66,51.66,0.0,590.308512,0.0
2019-02-11,0,0,140,215.06,215.06,0.0,-215060.0,0.0
2019-02-11,0,0,141,230.0,230.0,0.0,-129024.833052,0.0
2019-02-11,0,0,142,0.0,0.0,0.0,-0.0,0.0
2019-02-11,0,0,143,40.86,40.86,0.0,549.809402,0.0
2019-02-11,0,0,145,10.42,10.42,0.0,127.278146,0.0
2019-02-11,0,0,146,268.0,268.0,0.0,-268000.0,0.0
2019-02-11,0,0,152,0.0,0.0,0.0,0.0,0.0
2019-02-11,0,0,153,0.0,0.0,0.0,0.0,0.0
2019-02-11,0,0,154,0.0,0.0,0.0,0.0,0.0
2019-02-11,0,0,157,221.69,221.69,0.0,-124363.109736,0.0
2019-02-11,0,0,158,0.0,0.0,0.0,-0.0,0.0
2019-02-11,0,0,159,0.0,0.0,0.0,0.0,0.0
2019-02-11,0,0,160,0.0,0.0,0.0,0.0,0.0
2019-02-11,0,0,161,0.0,0.0,0.0,-0.0,0.0
2019-02-11,0,0,162,8.79,8.79,0.0,177.738509,0.0
2019-02-11,0,0,163,185.4,185.4,0.0,-185400.0,0.0
2019-02-11,0,0,164,0.0,0.0,0.0,0.0,0.0
2019-02-11,0,0,167,0.0,0.0,0.0,0.0,0.0
2019-02-11,0,0,168,0.0,0.0,0.0,0.0,0.0
2019-02-11,0,0,169,0.0,0.0,0.0,0.0,0.0
2019-02-11,0,0,170,0.0,0.0,0.0,0.0,0.0
2019-02-11,0,0,172,0.0,0.0,0.0,0.0,0.0
2019-02-11,0,0,173,0.0,0.0,0.0,0.0,0.0
2019-02-11,0,0,188,0.0,0.0,0.0,0.0,0.0
2019-02-11,0,0,190,0.0,0.0,0.0,0.0,0.0
2019-02-11,0,0,191,0.0,0.0,0.0,0.0,0.0
2019-02-11,0,0,192,97.33,97.33,0.0,3156.174134,0.0
2019-02-11,0,0,194,108.85,108.85,0.0,-14564.779114,0.0
2019-02-11,0,0,196,0.0,0.0,0.0,0.0,0.0
2019-02-11,0,0,198,0.0,0.0,0.0,0.0,0.0
2019-02-11,0,0,199,3.01,3.01,0.0,-110.94802,0.0
2019-02-11,0,0,200,0.0,0.0,0.0,-0.0,0.0
2019-02-11,0,0,204,291.07,291.07,0.0,2987.231335,0.0
2019-02-11,0,0,205,319.46,319.46,0.0,3230.445737,0.0
2019-02-11,0,0,206,235.07,235.07,0.0,3172.476322,0.0
2019-02-11,0,0,210,0.0,0.0,0.0,0.0,0.0
2019-02-11,0,0,214,0.0,0.0,0.0,0.0,0.0
2019-02-11,0,0,217,0.0,0.0,0.0,0.0,0.0
2019-02-11,0,0,218,0.0,0.0,0.0,0.0,0.0
2019-02-11,0,0,219,0.0,0.0,0.0,0.0,0.0
2019-02-11,0,0,221,0.0,0.0,0.0,0.0,0.0
2019-02-11,0,0,225,0.0,0.0,0.0,0.0,0.0
2019-02-11,0,0,233,0.0,0.0,0.0,0.0,0.0
2019-02-11,0,0,236,0.0,0.0,0.0,0.0,0.0
2019-02-11,0,0,237,9.13,9.13,0.0,78.936861,0.0
2019-02-11,0,0,238,0.0,0.0,0.0,0.0,0.0
2019-02-11,0,0,240,0.0,0.0,0.0,0.0,0.0
2019-02-11,0,0,245,17.8,17.8,0.0,128.750289,0.0
2019-02-11,0,0,247,12.12,12.12,0.0,87.665927,0.0
2019-02-11,0,0,248,0.92,0.92,0.0,7.954207,0.0
2019-02-11,0,0,249,33.35,33.35,0.0,241.225963,0.0
2019-02-11,0,0,251,42.25,42.25,0.0,317.006648,0.0
2019-02-11,0,0,252,13.43,13.43,0.0,99.824876,0.0
2019-02-11,0,0,254,0.0,0.0,0.0,0.0,0.0
2019-02-11,0,0,255,0.0,0.0,0.0,0.0,0.0
2019-02-11,0,0,258,0.0,0.0,0.0,0.0,0.0
2019-02-11,0,0,260,0.0,0.0,0.0,0.0,0.0
2019-02-11,0,0,265,0.0,0.0,0.0,0.0,0.0
2019-02-11,0,0,266,33.45,33.45,0.0,382.226475,0.0
2019-02-11,0,0,267,41.11,41.11,0.0,469.755767,0.0
2019-02-11,0,0,270,579.0,579.0,0.0,-579000.0,0.0
2019-02-11,0,0,272,293.42,293.42,0.0,-78785.381125,0.0
2019-02-11,0,0,273,0.0,0.0,0.0,-0.0,0.0
2019-02-11,0,0,274,746.4,746.4,0.0,-746400.0,0.0
2019-02-11,0,0,275,1039.0,1039.0,0.0,-1039000.0,0.0
2019-02-11,0,0,276,0.0,0.0,0.0,-0.0,0.0
2019-02-11,0,0,277,0.0,0.0,0.0,-0.0,0.0
2019-02-11,0,0,278,0.0,0.0,0.0,-0.0,0.0
2019-02-11,0,0,279,163.62,163.62,0.0,-45900.920592,0.0
2019-02-11,0,0,281,2.99,2.99,0.0,40.233238,0.0
2019-02-11,0,0,282,0.0,0.0,0.0,0.0,0.0
2019-02-11,1,0,9,0.0,0.0,0.0,0.0,0.0
2019-02-11,1,0,17,0.0,0.0,0.0,0.0,0.0
2019-02-11,1,0,19,0.0,0.0,0.0,0.0,0.0
2019-02-11,1,0,20,0.0,0.0,0.0,0.0,0.0
2019-02-11,1,0,21,0.0,0.0,0.0,0.0,0.0
2019-02-11,1,0,22,0.0,0.0,0.0,0.0,0.0
2019-02-11,1,0,23,108.8,108.8,0.0,1459.818443,0.0
2019-02-11,1,0,24,192.5,192.5,0.0,2582.858918,0.0
2019-02-11,1,0,29,0.0,0.0,0.0,0.0,0.0
2019-02-11,1,0,30,0.0,0.0,0.0,0.0,0.0
2019-02-11,1,0,31,18.18,18.18,0.0,244.628853,0.0
2019-02-11,1,0,32,0.0,0.0,0.0,0.0,0.0
2019-02-11,1,0,33,0.0,0.0,0.0,0.0,0.0
2019-02-11,1,0,34,0.0,0.0,0.0,0.0,0.0
2019-02-11,1,0,35,0.0,0.0,0.0,0.0,0.0
2019-02-11,1,0,36,0.0,0.0,0.0,0.0,0.0
2019-02-11,1,0,37,0.0,0.0,0.0,0.0,0.0
2019-02-11,1,0,38,0.0,0.0,0.0,0.0,0.0
2019-02-11,1,0,39,0.0,0.0,0.0,0.0,0.0
2019-02-11,1,0,40,0.0,0.0,0.0,0.0,0.0
2019-02-11,1,0,41,35.9,35.9,0.0,409.725295,0.0
2019-02-11,1,0,42,0.0,0.0,0.0,0.0,0.0
2019-02-11,1,0,43,0.0,0.0,0.0,0.0,0.0
2019-02-11,1,0,46,0.0,0.0,0.0,0.0,0.0
2019-02-11,1,0,52,19.36,19.36,0.0,260.506853,0.0
2019-02-11,1,0,53,31.65,31.65,0.0,425.880264,0.0
2019-02-11,1,0,55,346.2,346.2,0.0,4645.120817,0.0
2019-02-11,1,0,56,0.0,0.0,0.0,0.0,0.0
2019-02-11,1,0,57,0.0,0.0,0.0,0.0,0.0
2019-02-11,1,0,58,0.0,0.0,0.0,0.0,0.0
2019-02-11,1,0,59,0.0,0.0,0.0,0.0,0.0
2019-02-11,1,0,63,162.69,162.69,0.0,15659.021324,0.0
2019-02-11,1,0,64,191.4,191.4,0.0,18422.378028,0.0
2019-02-11,1,0,65,1.5,1.5,0.0,11.087846,0.0
2019-02-11,1,0,67,0.0,0.0,0.0,-0.0,0.0
2019-02-11,1,0,68,9.26,9.26,0.0,-3915.269865,0.0
2019-02-11,1,0,69,0.0,0.0,0.0,0.0,0.0
2019-02-11,1,0,74,3.29,3.29,0.0,28.337003,0.0
2019-02-11,1,0,77,200.0,200.0,0.0,-60954.55858,0.0
2019-02-11,1,0,78,151.2,151.2,0.0,-46081.646287,0.0
2019-02-11,1,0,79,87.5,87.5,0.0,-26667.619379,0.0
2019-02-11,1,0,80,141.5,141.5,0.0,-43125.350196,0.0
2019-02-11,1,0,81,185.0,185.0,0.0,-56382.966687,0.0
2019-02-11,1,0,82,130.5,130.5,0.0,-39772.849474,0.0
2019-02-11,1,0,83,291.0,291.0,0.0,-88688.882735,0.0
2019-02-11,1,0,84,0.0,0.0,0.0,0.0,0.0
2019-02-11,1,0,86,0.0,0.0,0.0,0.0,0.0
2019-02-11,1,0,87,0.0,0.0,0.0,0.0,0.0
2019-02-11,1,0,88,141.08,141.08,0.0,-42997.345623,0.0
2019-02-11,1,0,89,135.62,135.62,0.0,-41333.286173,0.0
2019-02-11,1,0,90,182.09,182.09,0.0,-55496.07786,0.0
2019-02-11,1,0,91,649.57,649.57,0.0,-197971.263085,0.0
2019-02-11,1,0,92,233.61,233.61,0.0,-71197.97215,0.0
2019-02-11,1,0,95,14.46,14.46,0.0,281.185976,0.0
2019-02-11,1,0,96,18.1,18.1,0.0,244.280345,0.0
2019-02-11,1,0,97,111.3,111.3,0.0,1502.121678,0.0
2019-02-11,1,0,99,0.63,0.63,0.0,5.426235,0.0
2019-02-11,1,0,101,0.0,0.0,0.0,0.0,0.0
2019-02-11,1,0,102,21.93,21.93,0.0,-9272.339971,0.0
2019-02-11,1,0,103,19.07,19.07,0.0,-8063.088156,0.0
2019-02-11,1,0,104,3.54,3.54,0.0,-1496.766233,0.0
2019-02-11,1,0,106,0.0,0.0,0.0,0.0,0.0
2019-02-11,1,0,109,49.43,49.43,0.0,498.719119,0.0
2019-02-11,1,0,110,328.79,328.79,0.0,-328790.0,0.0
2019-02-11,1,0,111,0.0,0.0,0.0,0.0,0.0
2019-02-11,1,0,113,61.36,61.36,0.0,-16875.865452,0.0
2019-02-11,1,0,115,61.36,61.36,0.0,-16875.865452,0.0
2019-02-11,1,0,116,0.0,0.0,0.0,-0.0,0.0
2019-02-11,1,0,117,4.19,4.19,0.0,-1152.377383,0.0
2019-02-11,1,0,119,191.4,191.4,0.0,18422.378028,0.0
2019-02-11,1,0,120,112.55,112.55,0.0,10833.012785,0.0
2019-02-11,1,0,123,0.0,0.0,0.0,0.0,0.0
2019-02-11,1,0,125,174.2,174.2,0.0,2337.319602,0.0
2019-02-11,1,0,126,0.0,0.0,0.0,0.0,0.0
2019-02-11,1,0,127,0.0,0.0,0.0,0.0,0.0
2019-02-11,1,0,128,249.5,249.5,0.0,3347.653506,0.0
2019-02-11,1,0,131,30.0,30.0,0.0,-11546.083063,0.0
2019-02-11,1,0,132,44.1,44.1,0.0,-16972.742102,0.0
2019-02-11,1,0,133,4.94,4.94,0.0,36.283478,0.0
2019-02-11,1,0,134,0.0,0.0,0.0,0.0,0.0
2019-02-11,1,0,135,6.62,6.62,0.0,48.622798,0.0
2019-02-11,1,0,136,1.1,1.1,0.0,8.133684,0.0
2019-02-11,1,0,139,46.36,46.36,0.0,529.104866,0.0
2019-02-11,1,0,140,243.34,243.34,0.0,-243340.0,0.0
2019-02-11,1,0,141,230.0,230.0,0.0,-129926.520367,0.0
2019-02-11,1,0,142,0.0,0.0,0.0,-0.0,0.0
2019-02-11,1,0,143,57.73,57.73,0.0,776.810984,0.0
2019-02-11,1,0,145,11.63,11.63,0.0,141.959597,0.0
2019-02-11,1,0,146,268.0,268.0,0.0,-268000.0,0.0
2019-02-11,1,0,152,0.0,0.0,0.0,0.0,0.0
2019-02-11,1,0,153,0.0,0.0,0.0,0.0,0.0
2019-02-11,1,0,154,0.0,0.0,0.0,0.0,0.0
2019-02-11,1,0,157,250.0,250.0,0.0,-141224.47866,0.0
2019-02-11,1,0,158,0.0,0.0,0.0,-0.0,0.0
2019-02-11,1,0,159,0.0,0.0,0.0,0.0,0.0
2019-02-11,1,0,160,0.0,0.0,0.0,0.0,0.0
2019-02-11,1,0,161,0.0,0.0,0.0,-0.0,0.0
2019-02-11,1,0,162,9.52,9.52,0.0,192.694163,0.0
2019-02-11,1,0,163,185.4,185.4,0.0,-185400.0,0.0
2019-02-11,1,0,164,0.0,0.0,0.0,0.0,0.0
2019-02-11,1,0,167,0.0,0.0,0.0,0.0,0.0
2019-02-11,1,0,168,0.0,0.0,0.0,0.0,0.0
2019-02-11,1,0,169,0.0,0.0,0.0,0.0,0.0
2019-02-11,1,0,170,0.0,0.0,0.0,0.0,0.0
2019-02-11,1,0,172,0.0,0.0,0.0,0.0,0.0
2019-02-11,1,0,173,0.0,0.0,0.0,0.0,0.0
2019-02-11,1,0,188,0.0,0.0,0.0,0.0,0.0
2019-02-11,1,0,190,0.0,0.0,0.0,0.0,0.0
2019-02-11,1,0,191,0.0,0.0,0.0,0.0,0.0
2019-02-11,1,0,192,106.73,106.73,0.0,3460.993171,0.0
2019-02-11,1,0,194,122.69,122.69,0.0,-17363.103819,0.0
2019-02-11,1,0,196,0.0,0.0,0.0,0.0,0.0
2019-02-11,1,0,198,0.0,0.0,0.0,0.0,0.0
2019-02-11,1,0,199,8.72,8.72,0.0,-341.063335,0.0
2019-02-11,1,0,200,0.0,0.0,0.0,-0.0,0.0
2019-02-11,1,0,204,222.91,222.91,0.0,2282.855487,0.0
2019-02-11,1,0,205,261.47,261.47,0.0,2638.075828,0.0
2019-02-11,1,0,206,327.05,327.05,0.0,4413.916396,0.0
2019-02-11,1,0,210,0.0,0.0,0.0,0.0,0.0
2019-02-11,1,0,214,0.0,0.0,0.0,0.0,0.0
2019-02-11,1,0,217,0.0,0.0,0.0,0.0,0.0
2019-02-11,1,0,218,0.0,0.0,0.0,0.0,0.0
2019-02-11,1,0,219,0.0,0.0,0.0,0.0,0.0
2019-02-11,1,0,221,0.0,0.0,0.0,0.0,0.0
2019-02-11,1,0,225,0.0,0.0,0.0,0.0,0.0
2019-02-11,1,0,233,0.0,0.0,0.0,0.0,0.0
2019-02-11,1,0,236,0.0,0.0,0.0,0.0,0.0
2019-02-11,1,0,237,7.89,7.89,0.0,67.957128,0.0
2019-02-11,1,0,238,0.0,0.0,0.0,0.0,0.0
2019-02-11,1,0,240,0.0,0.0,0.0,0.0,0.0
2019-02-11,1,0,245,5.98,5.98,0.0,43.000507,0.0
2019-02-11,1,0,247,7.81,7.81,0.0,56.159525,0.0
2019-02-11,1,0,248,0.79,0.79,0.0,6.804326,0.0
2019-02-11,1,0,249,11.49,11.49,0.0,82.621375,0.0
2019-02-11,1,0,251,26.74,26.74,0.0,199.547652,0.0
2019-02-11,1,0,252,9.66,9.66,0.0,71.405729,0.0
2019-02-11,1,0,254,0.0,0.0,0.0,0.0,0.0
2019-02-11,1,0,255,0.0,0.0,0.0,0.0,0.0
2019-02-11,1,0,258,0.0,0.0,0.0,0.0,0.0
2019-02-11,1,0,260,0.0,0.0,0.0,0.0,0.0
2019-02-11,1,0,265,0.0,0.0,0.0,0.0,0.0
2019-02-11,1,0,266,30.02,30.02,0.0,342.617085,0.0
2019-02-11,1,0,267,36.89,36.89,0.0,421.024126,0.0
2019-02-11,1,0,270,579.0,579.0,0.0,-579000.0,0.0
2019-02-11,1,0,272,204.65,204.65,0.0,-56284.97172,0.0
2019-02-11,1,0,273,0.0,0.0,0.0,-0.0,0.0
2019-02-11,1,0,274,746.4,746.4,0.0,-746400.0,0.0
2019-02-11,1,0,275,1039.0,1039.0,0.0,-1039000.0,0.0
2019-02-11,1,0,276,0.0,0.0,0.0,-0.0,0.0
2019-02-11,1,0,277,0.0,0.0,0.0,-0.0,0.0
2019-02-11,1,0,278,0.0,0.0,0.0,-0.0,0.0
2019-02-11,1,0,279,195.23,195.23,0.0,-56022.147796,0.0
2019-02-11,1,0,281,7.51,7.51,0.0,101.054053,0.0
2019-02-11,1,0,282,0.0,0.0,0.0,0.0,0.0
2019-02-11,2,0,9,0.0,0.0,0.0,0.0,0.0
2019-02-11,2,0,17,0.0,0.0,0.0,0.0,0.0
2019-02-11,2,0,19,0.0,0.0,0.0,0.0,0.0
2019-02-11,2,0,20,0.0,0.0,0.0,0.0,0.0
2019-02-11,2,0,21,0.0,0.0,0.0,0.0,0.0
2019-02-11,2,0,22,0.0,0.0,0.0,0.0,0.0
2019-02-11,2,0,23,108.8,108.8,0.0,1459.756462,0.0
2019-02-11,2,0,24,192.5,192.5,0.0,2582.749254,0.0
2019-02-11,2,0,29,0.0,0.0,0.0,0.0,0.0
2019-02-11,2,0,30,0.0,0.0,0.0,0.0,0.0
2019-02-11,2,0,31,6.72,6.72,0.0,90.423866,0.0
2019-02-11,2,0,32,0.0,0.0,0.0,0.0,0.0
2019-02-11,2,0,33,0.0,0.0,0.0,0.0,0.0
2019-02-11,2,0,34,0.0,0.0,0.0,0.0,0.0
2019-02-11,2,0,35,0.0,0.0,0.0,0.0,0.0
2019-02-11,2,0,36,0.0,0.0,0.0,0.0,0.0
2019-02-11,2,0,37,0.0,0.0,0.0,0.0,0.0
2019-02-11,2,0,38,0.0,0.0,0.0,0.0,0.0
2019-02-11,2,0,39,0.0,0.0,0.0,0.0,0.0
2019-02-11,2,0,40,0.0,0.0,0.0,0.0,0.0
2019-02-11,2,0,41,39.12,39.12,0.0,445.291944,0.0
2019-02-11,2,0,42,0.0,0.0,0.0,0.0,0.0
2019-02-11,2,0,43,0.0,0.0,0.0,0.0,0.0
2019-02-11,2,0,46,0.0,0.0,0.0,0.0,0.0
2019-02-11,2,0,52,7.13,7.13,0.0,95.940799,0.0
2019-02-11,2,0,53,11.32,11.32,0.0,152.321156,0.0
2019-02-11,2,0,55,316.16,316.16,0.0,4241.880542,0.0
2019-02-11,2,0,56,0.0,0.0,0.0,0.0,0.0
2019-02-11,2,0,57,0.0,0.0,0.0,0.0,0.0
2019-02-11,2,0,58,0.0,0.0,0.0,0.0,0.0
2019-02-11,2,0,59,0.0,0.0,0.0,0.0,0.0
2019-02-11,2,0,63,133.27,133.27,0.0,12811.567466,0.0
2019-02-11,2,0,64,156.79,156.79,0.0,15072.601958,0.0
2019-02-11,2,0,65,2.08,2.08,0.0,15.188431,0.0
2019-02-11,2,0,67,0.0,0.0,0.0,-0.0,0.0
2019-02-11,2,0,68,8.58,8.58,0.0,-3628.490341,0.0
2019-02-11,2,0,69,0.0,0.0,0.0,0.0,0.0
2019-02-11,2,0,74,1.71,1.71,0.0,14.605761,0.0
2019-02-11,2,0,77,200.0,200.0,0.0,-60975.934849,0.0
2019-02-11,2,0,78,151.2,151.2,0.0,-46097.806746,0.0
2019-02-11,2,0,79,87.5,87.5,0.0,-26676.971496,0.0
2019-02-11,2,0,80,141.5,141.5,0.0,-43140.473906,0.0
2019-02-11,2,0,81,185.0,185.0,0.0,-56402.739735,0.0
2019-02-11,2,0,82,130.5,130.5,0.0,-39786.797489,0.0
2019-02-11,2,0,83,291.0,291.0,0.0,-88719.985205,0.0
2019-02-11,2,0,84,0.0,0.0,0.0,0.0,0.0
2019-02-11,2,0,86,0.0,0.0,0.0,0.0,0.0
2019-02-11,2,0,87,0.0,0.0,0.0,0.0,0.0
2019-02-11,2,0,88,161.4,161.4,0.0,-49207.579423,0.0
2019-02-11,2,0,89,155.15,155.15,0.0,-47302.081459,0.0
2019-02-11,2,0,90,208.32,208.32,0.0,-63512.533739,0.0
2019-02-11,2,0,91,743.12,743.12,0.0,-226562.183524,0.0
2019-02-11,2,0,92,267.26,267.26,0.0,-81482.141738,0.0
2019-02-11,2,0,95,4.71,4.71,0.0,91.589623,0.0
2019-02-11,2,0,96,19.4,19.4,0.0,261.836892,0.0
2019-02-11,2,0,97,119.32,119.32,0.0,1610.431854,0.0
2019-02-11,2,0,99,0.33,0.33,0.0,2.818656,0.0
2019-02-11,2,0,101,0.0,0.0,0.0,0.0,0.0
2019-02-11,2,0,102,20.32,20.32,0.0,-8593.347753,0.0
2019-02-11,2,0,103,17.67,17.67,0.0,-7472.660177,0.0
2019-02-11,2,0,104,3.28,3.28,0.0,-1387.115188,0.0
2019-02-11,2,0,106,0.0,0.0,0.0,0.0,0.0
2019-02-11,2,0,109,59.81,59.81,0.0,600.466456,0.0
2019-02-11,2,0,110,328.46,328.46,0.0,-328460.0,0.0
2019-02-11,2,0,111,0.0,0.0,0.0,0.0,0.0
2019-02-11,2,0,113,73.41,73.41,0.0,-20197.256929,0.0
2019-02-11,2,0,115,73.41,73.41,0.0,-20197.256929,0.0
2019-02-11,2,0,116,0.0,0.0,0.0,-0.0,0.0
2019-02-11,2,0,117,3.92,3.92,0.0,-1078.507658,0.0
2019-02-11,2,0,119,156.79,156.79,0.0,15072.601958,0.0
2019-02-11,2,0,120,92.19,92.19,0.0,8862.447698,0.0
2019-02-11,2,0,123,0.0,0.0,0.0,0.0,0.0
2019-02-11,2,0,125,174.2,174.2,0.0,2337.220364,0.0
2019-02-11,2,0,126,0.0,0.0,0.0,0.0,0.0
2019-02-11,2,0,127,0.0,0.0,0.0,0.0,0.0
2019-02-11,2,0,128,249.5,249.5,0.0,3347.511371,0.0
2019-02-11,2,0,131,30.0,30.0,0.0,-11548.821551,0.0
2019-02-11,2,0,132,44.1,44.1,0.0,-16976.76768,0.0
2019-02-11,2,0,133,5.72,5.72,0.0,41.494996,0.0
2019-02-11,2,0,134,0.0,0.0,0.0,0.0,0.0
2019-02-11,2,0,135,7.67,7.67,0.0,55.641017,0.0
2019-02-11,2,0,136,1.52,1.52,0.0,11.10288,0.0
2019-02-11,2,0,139,50.51,50.51,0.0,574.941106,0.0
2019-02-11,2,0,140,243.1,243.1,0.0,-243100.0,0.0
2019-02-11,2,0,141,230.0,230.0,0.0,-129941.370876,0.0
2019-02-11,2,0,142,0.0,0.0,0.0,-0.0,0.0
2019-02-11,2,0,143,24.42,24.42,0.0,328.593872,0.0
2019-02-11,2,0,145,12.62,12.62,0.0,153.810415,0.0
2019-02-11,2,0,146,268.0,268.0,0.0,-268000.0,0.0
2019-02-11,2,0,152,0.0,0.0,0.0,0.0,0.0
2019-02-11,2,0,153,0.0,0.0,0.0,0.0,0.0
2019-02-11,2,0,154,0.0,0.0,0.0,0.0,0.0
2019-02-11,2,0,157,241.0,241.0,0.0,-136155.958179,0.0
2019-02-11,2,0,158,0.0,0.0,0.0,-0.0,0.0
2019-02-11,2,0,159,0.0,0.0,0.0,0.0,0.0
2019-02-11,2,0,160,0.0,0.0,0.0,0.0,0.0
2019-02-11,2,0,161,0.0,0.0,0.0,-0.0,0.0
2019-02-11,2,0,162,6.97,6.97,0.0,141.079814,0.0
2019-02-11,2,0,163,185.4,185.4,0.0,-185400.0,0.0
2019-02-11,2,0,164,0.0,0.0,0.0,0.0,0.0
2019-02-11,2,0,167,0.0,0.0,0.0,0.0,0.0
2019-02-11,2,0,168,0.0,0.0,0.0,0.0,0.0
2019-02-11,2,0,169,0.0,0.0,0.0,0.0,0.0
2019-02-11,2,0,170,0.0,0.0,0.0,0.0,0.0
2019-02-11,2,0,172,0.0,0.0,0.0,0.0,0.0
2019-02-11,2,0,173,0.0,0.0,0.0,0.0,0.0
2019-02-11,2,0,188,0.0,0.0,0.0,0.0,0.0
2019-02-11,2,0,190,0.0,0.0,0.0,0.0,0.0
2019-02-11,2,0,191,0.0,0.0,0.0,0.0,0.0
2019-02-11,2,0,192,97.37,97.37,0.0,3157.471237,0.0
2019-02-11,2,0,194,133.87,133.87,0.0,-18959.695133,0.0
2019-02-11,2,0,196,0.0,0.0,0.0,0.0,0.0
2019-02-11,2,0,198,0.0,0.0,0.0,0.0,0.0
2019-02-11,2,0,199,3.6,3.6,0.0,-141.366907,0.0
2019-02-11,2,0,200,0.0,0.0,0.0,-0.0,0.0
2019-02-11,2,0,204,275.4,275.4,0.0,2807.307632,0.0
2019-02-11,2,0,205,293.61,293.61,0.0,2947.717039,0.0
2019-02-11,2,0,206,350.62,350.62,0.0,4732.22944,0.0
2019-02-11,2,0,210,0.0,0.0,0.0,0.0,0.0
2019-02-11,2,0,214,0.0,0.0,0.0,0.0,0.0
2019-02-11,2,0,217,0.0,0.0,0.0,0.0,0.0
2019-02-11,2,0,218,0.0,0.0,0.0,0.0,0.0
2019-02-11,2,0,219,0.0,0.0,0.0,0.0,0.0
2019-02-11,2,0,221,0.0,0.0,0.0,0.0,0.0
2019-02-11,2,0,225,0.0,0.0,0.0,0.0,0.0
2019-02-11,2,0,233,0.0,0.0,0.0,0.0,0.0
2019-02-11,2,0,236,0.0,0.0,0.0,0.0,0.0
2019-02-11,2,0,237,4.11,4.11,0.0,35.105076,0.0
2019-02-11,2,0,238,0.0,0.0,0.0,0.0,0.0
2019-02-11,2,0,240,0.0,0.0,0.0,0.0,0.0
2019-02-11,2,0,245,6.17,6.17,0.0,43.794507,0.0
2019-02-11,2,0,247,7.24,7.24,0.0,51.38934,0.0
2019-02-11,2,0,248,0.41,0.41,0.0,3.501966,0.0
2019-02-11,2,0,249,11.87,11.87,0.0,84.252965,0.0
2019-02-11,2,0,251,32.06,32.06,0.0,236.403817,0.0
2019-02-11,2,0,252,13.44,13.44,0.0,98.140633,0.0
2019-02-11,2,0,254,0.0,0.0,0.0,0.0,0.0
2019-02-11,2,0,255,0.0,0.0,0.0,0.0,0.0
2019-02-11,2,0,258,0.0,0.0,0.0,0.0,0.0
2019-02-11,2,0,260,0.0,0.0,0.0,0.0,0.0
2019-02-11,2,0,265,0.0,0.0,0.0,0.0,0.0
2019-02-11,2,0,266,32.71,32.71,0.0,372.328719,0.0
2019-02-11,2,0,267,40.2,40.2,0.0,457.58528,0.0
2019-02-11,2,0,270,579.0,579.0,0.0,-579000.0,0.0
2019-02-11,2,0,272,316.68,316.68,0.0,-87128.011501,0.0
2019-02-11,2,0,273,0.0,0.0,0.0,-0.0,0.0
2019-02-11,2,0,274,746.39,746.39,0.0,-746390.0,0.0
2019-02-11,2,0,275,1038.99,1038.99,0.0,-1038990.0,0.0
2019-02-11,2,0,276,0.0,0.0,0.0,-0.0,0.0
2019-02-11,2,0,277,0.0,0.0,0.0,-0.0,0.0
2019-02-11,2,0,278,0.0,0.0,0.0,-0.0,0.0
2019-02-11,2,0,279,194.84,194.84,0.0,-55930.152305,0.0
2019-02-11,2,0,281,3.02,3.02,0.0,40.636916,0.0
2019-02-11,2,0,282,0.0,0.0,0.0,0.0,0.0
2019-02-11,3,0,9,0.0,0.0,0.0,0.0,0.0
2019-02-11,3,0,17,0.0,0.0,0.0,0.0,0.0
2019-02-11,3,0,19,0.0,0.0,0.0,0.0,0.0
2019-02-11,3,0,20,0.0,0.0,0.0,0.0,0.0
2019-02-11,3,0,21,0.0,0.0,0.0,0.0,0.0
2019-02-11,3,0,22,0.0,0.0,0.0,0.0,0.0
2019-02-11,3,0,23,108.8,108.8,0.0,1459.756462,0.0
2019-02-11,3,0,24,192.5,192.5,0.0,2582.749254,0.0
2019-02-11,3,0,29,0.0,0.0,0.0,0.0,0.0
2019-02-11,3,0,30,0.0,0.0,0.0,0.0,0.0
2019-02-11,3,0,31,5.52,5.52,0.0,74.276747,0.0
2019-02-11,3,0,32,0.0,0.0,0.0,0.0,0.0
2019-02-11,3,0,33,0.0,0.0,0.0,0.0,0.0
2019-02-11,3,0,34,0.0,0.0,0.0,0.0,0.0
2019-02-11,3,0,35,0.0,0.0,0.0,0.0,0.0
2019-02-11,3,0,36,0.0,0.0,0.0,0.0,0.0
2019-02-11,3,0,37,0.0,0.0,0.0,0.0,0.0
2019-02-11,3,0,38,0.0,0.0,0.0,0.0,0.0
2019-02-11,3,0,39,0.0,0.0,0.0,0.0,0.0
2019-02-11,3,0,40,0.0,0.0,0.0,0.0,0.0
2019-02-11,3,0,41,43.55,43.55,0.0,495.717386,0.0
2019-02-11,3,0,42,0.0,0.0,0.0,0.0,0.0
2019-02-11,3,0,43,0.0,0.0,0.0,0.0,0.0
2019-02-11,3,0,46,0.0,0.0,0.0,0.0,0.0
2019-02-11,3,0,52,5.85,5.85,0.0,78.717205,0.0
2019-02-11,3,0,53,9.29,9.29,0.0,125.005613,0.0
2019-02-11,3,0,55,237.66,237.66,0.0,3188.655521,0.0
2019-02-11,3,0,56,0.0,0.0,0.0,0.0,0.0
2019-02-11,3,0,57,0.0,0.0,0.0,0.0,0.0
2019-02-11,3,0,58,0.0,0.0,0.0,0.0,0.0
2019-02-11,3,0,59,0.0,0.0,0.0,0.0,0.0
2019-02-11,3,0,63,108.16,108.16,0.0,10408.981499,0.0
2019-02-11,3,0,64,127.25,127.25,0.0,12246.143636,0.0
2019-02-11,3,0,65,2.84,2.84,0.0,20.73805,0.0
2019-02-11,3,0,67,0.0,0.0,0.0,-0.0,0.0
2019-02-11,3,0,68,7.99,7.99,0.0,-3378.553181,0.0
2019-02-11,3,0,69,0.0,0.0,0.0,0.0,0.0
2019-02-11,3,0,74,0.0,0.0,0.0,0.0,0.0
2019-02-11,3,0,77,200.0,200.0,0.0,-60963.09862,0.0
2019-02-11,3,0,78,151.2,151.2,0.0,-46088.102556,0.0
2019-02-11,3,0,79,87.5,87.5,0.0,-26671.355646,0.0
2019-02-11,3,0,80,141.5,141.5,0.0,-43131.392273,0.0
2019-02-11,3,0,81,185.0,185.0,0.0,-56390.866223,0.0
2019-02-11,3,0,82,130.5,130.5,0.0,-39778.421849,0.0
2019-02-11,3,0,83,291.0,291.0,0.0,-88701.308492,0.0
2019-02-11,3,0,84,0.0,0.0,0.0,0.0,0.0
2019-02-11,3,0,86,0.0,0.0,0.0,0.0,0.0
2019-02-11,3,0,87,0.0,0.0,0.0,0.0,0.0
2019-02-11,3,0,88,170.6,170.6,0.0,-52001.523123,0.0
2019-02-11,3,0,89,164.0,164.0,0.0,-49989.740868,0.0
2019-02-11,3,0,90,220.2,220.2,0.0,-67120.37158,0.0
2019-02-11,3,0,91,785.5,785.5,0.0,-239432.569829,0.0
2019-02-11,3,0,92,282.5,282.5,0.0,-86110.3768,0.0
2019-02-11,3,0,95,3.95,3.95,0.0,76.81083,0.0
2019-02-11,3,0,96,21.31,21.31,0.0,287.615679,0.0
2019-02-11,3,0,97,131.05,131.05,0.0,1768.748697,0.0
2019-02-11,3,0,99,0.0,0.0,0.0,0.0,0.0
2019-02-11,3,0,101,0.0,0.0,0.0,0.0,0.0
2019-02-11,3,0,102,18.91,18.91,0.0,-7996.050145,0.0
2019-02-11,3,0,103,16.44,16.44,0.0,-6951.616308,0.0
2019-02-11,3,0,104,3.05,3.05,0.0,-1289.685507,0.0
2019-02-11,3,0,106,0.0,0.0,0.0,0.0,0.0
2019-02-11,3,0,109,77.52,77.52,0.0,778.267174,0.0
2019-02-11,3,0,110,328.13,328.13,0.0,-328130.0,0.0
2019-02-11,3,0,111,0.0,0.0,0.0,0.0,0.0
2019-02-11,3,0,113,68.03,68.03,0.0,-18712.512346,0.0
2019-02-11,3,0,115,68.03,68.03,0.0,-18712.512346,0.0
2019-02-11,3,0,116,0.0,0.0,0.0,-0.0,0.0
2019-02-11,3,0,117,3.49,3.49,0.0,-959.968662,0.0
2019-02-11,3,0,119,127.25,127.25,0.0,12246.143636,0.0
2019-02-11,3,0,120,74.82,74.82,0.0,7200.443748,0.0
2019-02-11,3,0,123,0.0,0.0,0.0,0.0,0.0
2019-02-11,3,0,125,174.2,174.2,0.0,2337.220364,0.0
2019-02-11,3,0,126,0.0,0.0,0.0,0.0,0.0
2019-02-11,3,0,127,0.0,0.0,0.0,0.0,0.0
2019-02-11,3,0,128,249.5,249.5,0.0,3347.511371,0.0
2019-02-11,3,0,131,28.85,28.85,0.0,-11104.479008,0.0
2019-02-11,3,0,132,42.41,42.41,0.0,-16323.776594,0.0
2019-02-11,3,0,133,3.77,3.77,0.0,27.348975,0.0
2019-02-11,3,0,134,0.0,0.0,0.0,0.0,0.0
2019-02-11,3,0,135,5.04,5.04,0.0,36.562024,0.0
2019-02-11,3,0,136,2.11,2.11,0.0,15.412551,0.0
2019-02-11,3,0,139,56.25,56.25,0.0,640.27791,0.0
2019-02-11,3,0,140,242.85,242.85,0.0,-242850.0,0.0
2019-02-11,3,0,141,230.0,230.0,0.0,-129932.135712,0.0
2019-02-11,3,0,142,0.0,0.0,0.0,-0.0,0.0
2019-02-11,3,0,143,9.37,9.37,0.0,126.082088,0.0
2019-02-11,3,0,145,14.16,14.16,0.0,172.579674,0.0
2019-02-11,3,0,146,268.0,268.0,0.0,-268000.0,0.0
2019-02-11,3,0,152,0.0,0.0,0.0,0.0,0.0
2019-02-11,3,0,153,0.0,0.0,0.0,0.0,0.0
2019-02-11,3,0,154,0.0,0.0,0.0,0.0,0.0
2019-02-11,3,0,157,223.18,223.18,0.0,-126079.365427,0.0
2019-02-11,3,0,158,0.0,0.0,0.0,-0.0,0.0
2019-02-11,3,0,159,0.0,0.0,0.0,0.0,0.0
2019-02-11,3,0,160,0.0,0.0,0.0,0.0,0.0
2019-02-11,3,0,161,0.0,0.0,0.0,-0.0,0.0
2019-02-11,3,0,162,5.09,5.09,0.0,103.025648,0.0
2019-02-11,3,0,163,133.03,133.03,0.0,-133030.0,0.0
2019-02-11,3,0,164,0.0,0.0,0.0,0.0,0.0
2019-02-11,3,0,167,0.0,0.0,0.0,0.0,0.0
2019-02-11,3,0,168,0.0,0.0,0.0,0.0,0.0
2019-02-11,3,0,169,0.0,0.0,0.0,0.0,0.0
2019-02-11,3,0,170,0.0,0.0,0.0,0.0,0.0
2019-02-11,3,0,172,0.0,0.0,0.0,0.0,0.0
2019-02-11,3,0,173,0.0,0.0,0.0,0.0,0.0
2019-02-11,3,0,188,0.0,0.0,0.0,0.0,0.0
2019-02-11,3,0,190,0.0,0.0,0.0,0.0,0.0
2019-02-11,3,0,191,0.0,0.0,0.0,0.0,0.0
2019-02-11,3,0,192,88.57,88.57,0.0,2872.108734,0.0
2019-02-11,3,0,194,146.83,146.83,0.0,-20783.575196,0.0
2019-02-11,3,0,196,0.0,0.0,0.0,0.0,0.0
2019-02-11,3,0,198,0.0,0.0,0.0,0.0,0.0
2019-02-11,3,0,199,3.82,3.82,0.0,-149.919991,0.0
2019-02-11,3,0,200,0.0,0.0,0.0,-0.0,0.0
2019-02-11,3,0,204,344.88,344.88,0.0,3515.556485,0.0
2019-02-11,3,0,205,410.09,410.09,0.0,4117.125712,0.0
2019-02-11,3,0,206,385.08,385.08,0.0,5197.327342,0.0
2019-02-11,3,0,210,0.0,0.0,0.0,0.0,0.0
2019-02-11,3,0,214,0.0,0.0,0.0,0.0,0.0
2019-02-11,3,0,217,0.0,0.0,0.0,0.0,0.0
2019-02-11,3,0,218,0.0,0.0,0.0,0.0,0.0
2019-02-11,3,0,219,0.0,0.0,0.0,0.0,0.0
2019-02-11,3,0,221,0.0,0.0,0.0,0.0,0.0
2019-02-11,3,0,225,0.0,0.0,0.0,0.0,0.0
2019-02-11,3,0,233,0.0,0.0,0.0,0.0,0.0
2019-02-11,3,0,236,0.0,0.0,0.0,0.0,0.0
2019-02-11,3,0,237,0.0,0.0,0.0,0.0,0.0
2019-02-11,3,0,238,0.0,0.0,0.0,0.0,0.0
2019-02-11,3,0,240,0.0,0.0,0.0,0.0,0.0
2019-02-11,3,0,245,6.56,6.56,0.0,46.562717,0.0
2019-02-11,3,0,247,6.88,6.88,0.0,48.834069,0.0
2019-02-11,3,0,248,0.0,0.0,0.0,0.0,0.0
2019-02-11,3,0,249,12.61,12.61,0.0,89.505467,0.0
2019-02-11,3,0,251,37.81,37.81,0.0,278.80313,0.0
2019-02-11,3,0,252,18.33,18.33,0.0,133.84805,0.0
2019-02-11,3,0,254,0.0,0.0,0.0,0.0,0.0
2019-02-11,3,0,255,0.0,0.0,0.0,0.0,0.0
2019-02-11,3,0,258,0.0,0.0,0.0,0.0,0.0
2019-02-11,3,0,260,0.0,0.0,0.0,0.0,0.0
2019-02-11,3,0,265,0.0,0.0,0.0,0.0,0.0
2019-02-11,3,0,266,36.42,36.42,0.0,414.558604,0.0
2019-02-11,3,0,267,44.76,44.76,0.0,509.490476,0.0
2019-02-11,3,0,270,415.44,415.44,0.0,-415440.0,0.0
2019-02-11,3,0,272,277.89,277.89,0.0,-76437.160896,0.0
2019-02-11,3,0,273,0.0,0.0,0.0,-0.0,0.0
2019-02-11,3,0,274,535.56,535.56,0.0,-535560.0,0.0
2019-02-11,3,0,275,745.5,745.5,0.0,-745500.0,0.0
2019-02-11,3,0,276,0.0,0.0,0.0,-0.0,0.0
2019-02-11,3,0,277,0.0,0.0,0.0,-0.0,0.0
2019-02-11,3,0,278,0.0,0.0,0.0,-0.0,0.0
2019-02-11,3,0,279,194.68,194.68,0.0,-55871.417085,0.0
2019-02-11,3,0,281,2.48,2.48,0.0,33.370713,0.0
2019-02-11,3,0,282,0.0,0.0,0.0,0.0,0.0
2019-02-11,4,0,9,0.0,0.0,0.0,0.0,0.0
2019-02-11,4,0,17,0.0,0.0,0.0,0.0,0.0
2019-02-11,4,0,19,12.96,12.96,0.0,97.411139,0.0
2019-02-11,4,0,20,15.72,15.72,0.0,118.156104,0.0
2019-02-11,4,0,21,0.0,0.0,0.0,0.0,0.0
2019-02-11,4,0,22,0.0,0.0,0.0,0.0,0.0
2019-02-11,4,0,23,98.16,98.16,0.0,1480.189447,0.0
2019-02-11,4,0,24,162.22,162.22,0.0,2446.172903,0.0
2019-02-11,4,0,29,0.0,0.0,0.0,0.0,0.0
2019-02-11,4,0,30,0.0,0.0,0.0,0.0,0.0
2019-02-11,4,0,31,4.49,4.49,0.0,67.921647,0.0
2019-02-11,4,0,32,0.0,0.0,0.0,0.0,0.0
2019-02-11,4,0,33,0.0,0.0,0.0,0.0,0.0
2019-02-11,4,0,34,0.0,0.0,0.0,0.0,0.0
2019-02-11,4,0,35,0.0,0.0,0.0,0.0,0.0
2019-02-11,4,0,36,0.0,0.0,0.0,0.0,0.0
2019-02-11,4,0,37,0.0,0.0,0.0,0.0,0.0
2019-02-11,4,0,38,0.0,0.0,0.0,0.0,0.0
2019-02-11,4,0,39,0.0,0.0,0.0,0.0,0.0
2019-02-11,4,0,40,0.0,0.0,0.0,0.0,0.0
2019-02-11,4,0,41,49.35,49.35,0.0,620.883351,0.0
2019-02-11,4,0,42,0.0,0.0,0.0,0.0,0.0
2019-02-11,4,0,43,0.0,0.0,0.0,0.0,0.0
2019-02-11,4,0,46,0.0,0.0,0.0,0.0,0.0
2019-02-11,4,0,52,4.76,4.76,0.0,72.006022,0.0
2019-02-11,4,0,53,7.56,7.56,0.0,114.362505,0.0
2019-02-11,4,0,55,175.94,175.94,0.0,2653.061648,0.0
2019-02-11,4,0,56,0.0,0.0,0.0,0.0,0.0
2019-02-11,4,0,57,0.0,0.0,0.0,0.0,0.0
2019-02-11,4,0,58,0.0,0.0,0.0,0.0,0.0
2019-02-11,4,0,59,0.0,0.0,0.0,0.0,0.0
2019-02-11,4,0,63,86.05,86.05,0.0,8332.284606,0.0
2019-02-11,4,0,64,101.23,101.23,0.0,9802.175138,0.0
2019-02-11,4,0,65,3.81,3.81,0.0,28.841302,0.0
2019-02-11,4,0,67,0.0,0.0,0.0,-0.0,0.0
2019-02-11,4,0,68,7.44,7.44,0.0,-3146.175818,0.0
2019-02-11,4,0,69,0.0,0.0,0.0,0.0,0.0
2019-02-11,4,0,74,0.0,0.0,0.0,0.0,0.0
2019-02-11,4,0,77,200.0,200.0,0.0,-60980.710767,0.0
2019-02-11,4,0,78,151.2,151.2,0.0,-46101.417339,0.0
2019-02-11,4,0,79,87.5,87.5,0.0,-26679.06096,0.0
2019-02-11,4,0,80,141.5,141.5,0.0,-43143.852867,0.0
2019-02-11,4,0,81,185.0,185.0,0.0,-56407.157459,0.0
2019-02-11,4,0,82,130.5,130.5,0.0,-39789.913775,0.0
2019-02-11,4,0,83,291.0,291.0,0.0,-88726.934165,0.0
2019-02-11,4,0,84,0.0,0.0,0.0,0.0,0.0
2019-02-11,4,0,86,0.0,0.0,0.0,0.0,0.0
2019-02-11,4,0,87,0.0,0.0,0.0,0.0,0.0
2019-02-11,4,0,88,170.6,170.6,0.0,-52016.546284,0.0
2019-02-11,4,0,89,164.0,164.0,0.0,-50004.182829,0.0
2019-02-11,4,0,90,220.2,220.2,0.0,-67139.762554,0.0
2019-02-11,4,0,91,785.5,785.5,0.0,-239501.741535,0.0
2019-02-11,4,0,92,282.5,282.5,0.0,-86135.253958,0.0
2019-02-11,4,0,95,8.4,8.4,0.0,163.34455,0.0
2019-02-11,4,0,96,24.1,24.1,0.0,365.776289,0.0
2019-02-11,4,0,97,148.21,148.21,0.0,2249.44829,0.0
2019-02-11,4,0,99,0.0,0.0,0.0,0.0,0.0
2019-02-11,4,0,101,0.0,0.0,0.0,0.0,0.0
2019-02-11,4,0,102,17.63,17.63,0.0,-7455.252644,0.0
2019-02-11,4,0,103,15.33,15.33,0.0,-6482.644528,0.0
2019-02-11,4,0,104,2.85,2.85,0.0,-1205.188317,0.0
2019-02-11,4,0,106,0.0,0.0,0.0,0.0,0.0
2019-02-11,4,0,109,99.32,99.32,0.0,1085.737612,0.0
2019-02-11,4,0,110,327.79,327.79,0.0,-327790.0,0.0
2019-02-11,4,0,111,0.0,0.0,0.0,0.0,0.0
2019-02-11,4,0,113,42.27,42.27,0.0,-11622.696104,0.0
2019-02-11,4,0,115,42.27,42.27,0.0,-11622.696104,0.0
2019-02-11,4,0,116,0.0,0.0,0.0,-0.0,0.0
2019-02-11,4,0,117,2.82,2.82,0.0,-775.396333,0.0
2019-02-11,4,0,119,101.23,101.23,0.0,9802.175138,0.0
2019-02-11,4,0,120,59.53,59.53,0.0,5764.333557,0.0
2019-02-11,4,0,123,0.0,0.0,0.0,0.0,0.0
2019-02-11,4,0,125,148.85,148.85,0.0,2244.561932,0.0
2019-02-11,4,0,126,0.0,0.0,0.0,0.0,0.0
2019-02-11,4,0,127,0.0,0.0,0.0,0.0,0.0
2019-02-11,4,0,128,202.15,202.15,0.0,3048.291532,0.0
2019-02-11,4,0,131,27.63,27.63,0.0,-10635.643731,0.0
2019-02-11,4,0,132,40.61,40.61,0.0,-15632.048205,0.0
2019-02-11,4,0,133,6.37,6.37,0.0,47.846607,0.0
2019-02-11,4,0,134,0.0,0.0,0.0,0.0,0.0
2019-02-11,4,0,135,8.78,8.78,0.0,65.948699,0.0
2019-02-11,4,0,136,2.91,2.91,0.0,22.036959,0.0
2019-02-11,4,0,139,63.73,63.73,0.0,801.801336,0.0
2019-02-11,4,0,140,242.6,242.6,0.0,-242600.0,0.0
2019-02-11,4,0,141,230.0,230.0,0.0,-129936.537279,0.0
2019-02-11,4,0,142,0.0,0.0,0.0,-0.0,0.0
2019-02-11,4,0,143,6.56,6.56,0.0,99.23519,0.0
2019-02-11,4,0,145,16.37,16.37,0.0,222.140444,0.0
2019-02-11,4,0,146,268.0,268.0,0.0,-268000.0,0.0
2019-02-11,4,0,152,0.0,0.0,0.0,0.0,0.0
2019-02-11,4,0,153,0.0,0.0,0.0,0.0,0.0
2019-02-11,4,0,154,0.0,0.0,0.0,0.0,0.0
2019-02-11,4,0,157,207.27,207.27,0.0,-117095.417747,0.0
2019-02-11,4,0,158,0.0,0.0,0.0,-0.0,0.0
2019-02-11,4,0,159,0.0,0.0,0.0,0.0,0.0
2019-02-11,4,0,160,0.0,0.0,0.0,0.0,0.0
2019-02-11,4,0,161,0.0,0.0,0.0,-0.0,0.0
2019-02-11,4,0,162,3.83,3.83,0.0,77.508565,0.0
2019-02-11,4,0,163,88.3,88.3,0.0,-88300.0,0.0
2019-02-11,4,0,164,0.0,0.0,0.0,0.0,0.0
2019-02-11,4,0,167,0.0,0.0,0.0,0.0,0.0
2019-02-11,4,0,168,0.0,0.0,0.0,0.0,0.0
2019-02-11,4,0,169,0.0,0.0,0.0,0.0,0.0
2019-02-11,4,0,170,0.0,0.0,0.0,0.0,0.0
2019-02-11,4,0,172,0.0,0.0,0.0,0.0,0.0
2019-02-11,4,0,173,0.0,0.0,0.0,0.0,0.0
2019-02-11,4,0,188,0.0,0.0,0.0,0.0,0.0
2019-02-11,4,0,190,0.0,0.0,0.0,0.0,0.0
2019-02-11,4,0,191,0.0,0.0,0.0,0.0,0.0
2019-02-11,4,0,192,80.4,80.4,0.0,2607.175592,0.0
2019-02-11,4,0,194,162.0,162.0,0.0,-22887.178666,0.0
2019-02-11,4,0,196,0.0,0.0,0.0,0.0,0.0
2019-02-11,4,0,198,0.0,0.0,0.0,0.0,0.0
2019-02-11,4,0,199,4.23,4.23,0.0,-168.910019,0.0
2019-02-11,4,0,200,0.0,0.0,0.0,-0.0,0.0
2019-02-11,4,0,204,434.87,434.87,0.0,4836.117643,0.0
2019-02-11,4,0,205,525.43,525.43,0.0,5743.849308,0.0
2019-02-11,4,0,206,435.5,435.5,0.0,6609.774849,0.0
2019-02-11,4,0,210,0.0,0.0,0.0,0.0,0.0
2019-02-11,4,0,214,0.0,0.0,0.0,0.0,0.0
2019-02-11,4,0,217,0.0,0.0,0.0,0.0,0.0
2019-02-11,4,0,218,0.0,0.0,0.0,0.0,0.0
2019-02-11,4,0,219,0.0,0.0,0.0,0.0,0.0
2019-02-11,4,0,221,0.0,0.0,0.0,0.0,0.0
2019-02-11,4,0,225,0.0,0.0,0.0,0.0,0.0
2019-02-11,4,0,233,0.0,0.0,0.0,0.0,0.0
2019-02-11,4,0,236,0.0,0.0,0.0,0.0,0.0
2019-02-11,4,0,237,0.0,0.0,0.0,0.0,0.0
2019-02-11,4,0,238,0.0,0.0,0.0,0.0,0.0
2019-02-11,4,0,240,0.0,0.0,0.0,0.0,0.0
2019-02-11,4,0,245,7.15,7.15,0.0,52.332098,0.0
2019-02-11,4,0,247,6.61,6.61,0.0,48.379744,0.0
2019-02-11,4,0,248,0.0,0.0,0.0,0.0,0.0
2019-02-11,4,0,249,13.75,13.75,0.0,100.63865,0.0
2019-02-11,4,0,251,44.62,44.62,0.0,341.695678,0.0
2019-02-11,4,0,252,24.58,24.58,0.0,186.06803,0.0
2019-02-11,4,0,254,0.0,0.0,0.0,0.0,0.0
2019-02-11,4,0,255,0.0,0.0,0.0,0.0,0.0
2019-02-11,4,0,258,0.0,0.0,0.0,0.0,0.0
2019-02-11,4,0,260,0.0,0.0,0.0,0.0,0.0
2019-02-11,4,0,265,0.0,0.0,0.0,0.0,0.0
2019-02-11,4,0,266,41.27,41.27,0.0,519.22707,0.0
2019-02-11,4,0,267,50.71,50.71,0.0,637.993814,0.0
2019-02-11,4,0,270,275.76,275.76,0.0,-275760.0,0.0
2019-02-11,4,0,272,141.27,141.27,0.0,-38844.056747,0.0
2019-02-11,4,0,273,0.0,0.0,0.0,-0.0,0.0
2019-02-11,4,0,274,355.49,355.49,0.0,-355490.0,0.0
2019-02-11,4,0,275,494.84,494.84,0.0,-494840.0,0.0
2019-02-11,4,0,276,0.0,0.0,0.0,-0.0,0.0
2019-02-11,4,0,277,0.0,0.0,0.0,-0.0,0.0
2019-02-11,4,0,278,0.0,0.0,0.0,-0.0,0.0
2019-02-11,4,0,279,195.09,195.09,0.0,-55984.351894,0.0
2019-02-11,4,0,281,2.02,2.02,0.0,30.557177,0.0
2019-02-11,4,0,282,0.0,0.0,0.0,0.0,0.0
2019-02-11,5,0,9,0.0,0.0,0.0,0.0,0.0
2019-02-11,5,0,17,0.0,0.0,0.0,0.0,0.0
2019-02-11,5,0,19,20.68,20.68,0.0,196.973003,0.0
2019-02-11,5,0,20,25.08,25.08,0.0,238.882153,0.0
2019-02-11,5,0,21,0.0,0.0,0.0,0.0,0.0
2019-02-11,5,0,22,0.0,0.0,0.0,0.0,0.0
2019-02-11,5,0,23,96.52,96.52,0.0,1095.139736,0.0
2019-02-11,5,0,24,170.77,170.77,0.0,1937.598558,0.0
2019-02-11,5,0,29,0.0,0.0,0.0,0.0,0.0
2019-02-11,5,0,30,0.0,0.0,0.0,0.0,0.0
2019-02-11,5,0,31,3.95,3.95,0.0,44.8633,0.0
2019-02-11,5,0,32,0.0,0.0,0.0,0.0,0.0
2019-02-11,5,0,33,0.0,0.0,0.0,0.0,0.0
2019-02-11,5,0,34,0.0,0.0,0.0,0.0,0.0
2019-02-11,5,0,35,0.0,0.0,0.0,0.0,0.0
2019-02-11,5,0,36,0.0,0.0,0.0,0.0,0.0
2019-02-11,5,0,37,0.0,0.0,0.0,0.0,0.0
2019-02-11,5,0,38,0.0,0.0,0.0,0.0,0.0
2019-02-11,5,0,39,0.0,0.0,0.0,0.0,0.0
2019-02-11,5,0,40,0.0,0.0,0.0,0.0,0.0
2019-02-11,5,0,41,24.96,24.96,0.0,268.18553,0.0
2019-02-11,5,0,42,0.0,0.0,0.0,0.0,0.0
2019-02-11,5,0,43,0.0,0.0,0.0,0.0,0.0
2019-02-11,5,0,46,0.0,0.0,0.0,0.0,0.0
2019-02-11,5,0,52,4.19,4.19,0.0,47.589171,0.0
2019-02-11,5,0,53,6.66,6.66,0.0,75.64293,0.0
2019-02-11,5,0,55,125.51,125.51,0.0,1424.06743,0.0
2019-02-11,5,0,56,0.0,0.0,0.0,0.0,0.0
2019-02-11,5,0,57,0.0,0.0,0.0,0.0,0.0
2019-02-11,5,0,58,0.0,0.0,0.0,0.0,0.0
2019-02-11,5,0,59,0.0,0.0,0.0,0.0,0.0
2019-02-11,5,0,63,81.27,81.27,0.0,2422.523675,0.0
2019-02-11,5,0,64,95.61,95.61,0.0,2849.97525,0.0
2019-02-11,5,0,65,2.76,2.76,0.0,26.324097,0.0
2019-02-11,5,0,67,0.0,0.0,0.0,-0.0,0.0
2019-02-11,5,0,68,6.16,6.16,0.0,-327.765341,0.0
2019-02-11,5,0,69,0.0,0.0,0.0,0.0,0.0
2019-02-11,5,0,74,0.0,0.0,0.0,0.0,0.0
2019-02-11,5,0,77,200.0,200.0,0.0,-6916.129959,0.0
2019-02-11,5,0,78,151.2,151.2,0.0,-5228.594249,0.0
2019-02-11,5,0,79,87.5,87.5,0.0,-3025.806857,0.0
2019-02-11,5,0,80,141.5,141.5,0.0,-4893.161946,0.0
2019-02-11,5,0,81,185.0,185.0,0.0,-6397.420212,0.0
2019-02-11,5,0,82,130.5,130.5,0.0,-4512.774799,0.0
2019-02-11,5,0,83,291.0,291.0,0.0,-10062.969091,0.0
2019-02-11,5,0,84,0.0,0.0,0.0,0.0,0.0
2019-02-11,5,0,86,0.0,0.0,0.0,0.0,0.0
2019-02-11,5,0,87,0.0,0.0,0.0,0.0,0.0
2019-02-11,5,0,88,170.6,170.6,0.0,-5899.458855,0.0
2019-02-11,5,0,89,164.0,164.0,0.0,-5671.226567,0.0
2019-02-11,5,0,90,220.2,220.2,0.0,-7614.659085,0.0
2019-02-11,5,0,91,785.5,785.5,0.0,-27163.100416,0.0
2019-02-11,5,0,92,282.5,282.5,0.0,-9769.033568,0.0
2019-02-11,5,0,95,3.83,3.83,0.0,71.728716,0.0
2019-02-11,5,0,96,21.43,21.43,0.0,243.65629,0.0
2019-02-11,5,0,97,131.8,131.8,0.0,1498.548717,0.0
2019-02-11,5,0,99,0.0,0.0,0.0,0.0,0.0
2019-02-11,5,0,101,0.0,0.0,0.0,0.0,0.0
2019-02-11,5,0,102,14.59,14.59,0.0,-776.314339,0.0
2019-02-11,5,0,103,12.69,12.69,0.0,-675.217886,0.0
2019-02-11,5,0,104,2.36,2.36,0.0,-125.572436,0.0
2019-02-11,5,0,106,0.0,0.0,0.0,0.0,0.0
2019-02-11,5,0,109,77.45,77.45,0.0,801.40263,0.0
2019-02-11,5,0,110,262.56,262.56,0.0,-37930.792865,0.0
2019-02-11,5,0,111,0.0,0.0,0.0,0.0,0.0
2019-02-11,5,0,113,84.72,84.72,0.0,-2521.46751,0.0
2019-02-11,5,0,115,84.72,84.72,0.0,-2521.46751,0.0
2019-02-11,5,0,116,0.0,0.0,0.0,-0.0,0.0
2019-02-11,5,0,117,4.08,4.08,0.0,-121.430447,0.0
2019-02-11,5,0,119,95.61,95.61,0.0,2849.97525,0.0
2019-02-11,5,0,120,56.22,56.22,0.0,1675.824794,0.0
2019-02-11,5,0,123,0.0,0.0,0.0,0.0,0.0
2019-02-11,5,0,125,154.54,154.54,0.0,1753.448973,0.0
2019-02-11,5,0,126,0.0,0.0,0.0,0.0,0.0
2019-02-11,5,0,127,0.0,0.0,0.0,0.0,0.0
2019-02-11,5,0,128,221.34,221.34,0.0,2511.378256,0.0
2019-02-11,5,0,131,25.12,25.12,0.0,-1185.894424,0.0
2019-02-11,5,0,132,36.93,36.93,0.0,-1743.434756,0.0
2019-02-11,5,0,133,3.84,3.84,0.0,36.570587,0.0
2019-02-11,5,0,134,0.0,0.0,0.0,0.0,0.0
2019-02-11,5,0,135,5.48,5.48,0.0,52.189276,0.0
2019-02-11,5,0,136,1.93,1.93,0.0,18.40916,0.0
2019-02-11,5,0,139,32.23,32.23,0.0,346.298864,0.0
2019-02-11,5,0,140,194.32,194.32,0.0,-28072.48503,0.0
2019-02-11,5,0,141,199.7,199.7,0.0,-15111.862861,0.0
2019-02-11,5,0,142,0.0,0.0,0.0,-0.0,0.0
2019-02-11,5,0,143,11.68,11.68,0.0,132.659073,0.0
2019-02-11,5,0,145,11.45,11.45,0.0,125.752335,0.0
2019-02-11,5,0,146,268.0,268.0,0.0,-38716.683759,0.0
2019-02-11,5,0,152,0.0,0.0,0.0,0.0,0.0
2019-02-11,5,0,153,0.0,0.0,0.0,0.0,0.0
2019-02-11,5,0,154,0.0,0.0,0.0,0.0,0.0
2019-02-11,5,0,157,184.14,184.14,0.0,-13934.393727,0.0
2019-02-11,5,0,158,0.0,0.0,0.0,-0.0,0.0
2019-02-11,5,0,159,0.0,0.0,0.0,0.0,0.0
2019-02-11,5,0,160,0.0,0.0,0.0,0.0,0.0
2019-02-11,5,0,161,0.0,0.0,0.0,-0.0,0.0
2019-02-11,5,0,162,4.0,4.0,0.0,75.393935,0.0
2019-02-11,5,0,163,78.78,78.78,0.0,-11380.971442,0.0
2019-02-11,5,0,164,0.0,0.0,0.0,0.0,0.0
2019-02-11,5,0,167,0.0,0.0,0.0,0.0,0.0
2019-02-11,5,0,168,0.0,0.0,0.0,0.0,0.0
2019-02-11,5,0,169,0.0,0.0,0.0,0.0,0.0
2019-02-11,5,0,170,0.0,0.0,0.0,0.0,0.0
2019-02-11,5,0,172,0.0,0.0,0.0,0.0,0.0
2019-02-11,5,0,173,0.0,0.0,0.0,0.0,0.0
2019-02-11,5,0,188,0.0,0.0,0.0,0.0,0.0
2019-02-11,5,0,190,0.0,0.0,0.0,0.0,0.0
2019-02-11,5,0,191,0.0,0.0,0.0,0.0,0.0
2019-02-11,5,0,192,55.46,55.46,0.0,1653.170457,0.0
2019-02-11,5,0,194,161.08,161.08,0.0,-1376.504812,0.0
2019-02-11,5,0,196,0.0,0.0,0.0,0.0,0.0
2019-02-11,5,0,198,0.0,0.0,0.0,0.0,0.0
2019-02-11,5,0,199,5.11,5.11,0.0,16.117406,0.0
2019-02-11,5,0,200,0.0,0.0,0.0,0.0,0.0
2019-02-11,5,0,204,329.7,329.7,0.0,3426.53983,0.0
2019-02-11,5,0,205,409.7,409.7,0.0,4239.311267,0.0
2019-02-11,5,0,206,387.28,387.28,0.0,4403.322815,0.0
2019-02-11,5,0,210,0.0,0.0,0.0,0.0,0.0
2019-02-11,5,0,214,0.0,0.0,0.0,0.0,0.0
2019-02-11,5,0,217,0.0,0.0,0.0,0.0,0.0
2019-02-11,5,0,218,0.0,0.0,0.0,0.0,0.0
2019-02-11,5,0,219,0.0,0.0,0.0,0.0,0.0
2019-02-11,5,0,221,0.0,0.0,0.0,0.0,0.0
2019-02-11,5,0,225,0.0,0.0,0.0,0.0,0.0
2019-02-11,5,0,233,0.0,0.0,0.0,0.0,0.0
2019-02-11,5,0,236,0.0,0.0,0.0,0.0,0.0
2019-02-11,5,0,237,0.0,0.0,0.0,0.0,0.0
2019-02-11,5,0,238,0.0,0.0,0.0,0.0,0.0
2019-02-11,5,0,240,0.0,0.0,0.0,0.0,0.0
2019-02-11,5,0,245,8.69,8.69,0.0,82.358035,0.0
2019-02-11,5,0,247,8.5,8.5,0.0,80.557342,0.0
2019-02-11,5,0,248,0.0,0.0,0.0,0.0,0.0
2019-02-11,5,0,249,16.72,16.72,0.0,158.46103,0.0
2019-02-11,5,0,251,33.62,33.62,0.0,321.370614,0.0
2019-02-11,5,0,252,17.8,17.8,0.0,169.771351,0.0
2019-02-11,5,0,254,0.0,0.0,0.0,0.0,0.0
2019-02-11,5,0,255,0.0,0.0,0.0,0.0,0.0
2019-02-11,5,0,258,0.0,0.0,0.0,0.0,0.0
2019-02-11,5,0,260,0.0,0.0,0.0,0.0,0.0
2019-02-11,5,0,265,0.0,0.0,0.0,0.0,0.0
2019-02-11,5,0,266,20.87,20.87,0.0,224.240065,0.0
2019-02-11,5,0,267,25.65,25.65,0.0,275.599313,0.0
2019-02-11,5,0,270,246.02,246.02,0.0,-35541.33783,0.0
2019-02-11,5,0,272,291.22,291.22,0.0,-8667.395753,0.0
2019-02-11,5,0,273,0.0,0.0,0.0,-0.0,0.0
2019-02-11,5,0,274,317.15,317.15,0.0,-45817.150202,0.0
2019-02-11,5,0,275,441.47,441.47,0.0,-63777.068578,0.0
2019-02-11,5,0,276,0.0,0.0,0.0,-0.0,0.0
2019-02-11,5,0,277,0.0,0.0,0.0,-0.0,0.0
2019-02-11,5,0,278,0.0,0.0,0.0,-0.0,0.0
2019-02-11,5,0,279,177.07,177.07,0.0,-5612.073004,0.0
2019-02-11,5,0,281,1.78,1.78,0.0,20.216879,0.0
2019-02-11,5,0,282,0.0,0.0,0.0,0.0,0.0
2019-02-11,6,0,9,0.0,0.0,0.0,0.0,0.0
2019-02-11,6,0,17,0.0,0.0,0.0,0.0,0.0
2019-02-11,6,0,19,32.71,32.71,0.0,359.467385,0.0
2019-02-11,6,0,20,39.67,39.67,0.0,435.954484,0.0
2019-02-11,6,0,21,0.0,0.0,0.0,0.0,0.0
2019-02-11,6,0,22,0.0,0.0,0.0,0.0,0.0
2019-02-11,6,0,23,81.97,81.97,0.0,507.099168,0.0
2019-02-11,6,0,24,145.02,145.02,0.0,897.151658,0.0
2019-02-11,6,0,29,0.0,0.0,0.0,0.0,0.0
2019-02-11,6,0,30,0.0,0.0,0.0,0.0,0.0
2019-02-11,6,0,31,3.81,3.81,0.0,23.466291,0.0
2019-02-11,6,0,32,0.0,0.0,0.0,0.0,0.0
2019-02-11,6,0,33,0.0,0.0,0.0,0.0,0.0
2019-02-11,6,0,34,0.0,0.0,0.0,0.0,0.0
2019-02-11,6,0,35,0.0,0.0,0.0,0.0,0.0
2019-02-11,6,0,36,0.0,0.0,0.0,0.0,0.0
2019-02-11,6,0,37,0.0,0.0,0.0,0.0,0.0
2019-02-11,6,0,38,0.0,0.0,0.0,0.0,0.0
2019-02-11,6,0,39,0.0,0.0,0.0,0.0,0.0
2019-02-11,6,0,40,0.0,0.0,0.0,0.0,0.0
2019-02-11,6,0,41,12.07,12.07,0.0,92.284582,0.0
2019-02-11,6,0,42,0.0,0.0,0.0,0.0,0.0
2019-02-11,6,0,43,0.0,0.0,0.0,0.0,0.0
2019-02-11,6,0,46,0.0,0.0,0.0,0.0,0.0
2019-02-11,6,0,52,4.03,4.03,0.0,24.8213,0.0
2019-02-11,6,0,53,6.41,6.41,0.0,39.480033,0.0
2019-02-11,6,0,55,52.11,52.11,0.0,322.373279,0.0
2019-02-11,6,0,56,0.0,0.0,0.0,0.0,0.0
2019-02-11,6,0,57,0.0,0.0,0.0,0.0,0.0
2019-02-11,6,0,58,0.0,0.0,0.0,0.0,0.0
2019-02-11,6,0,59,0.0,0.0,0.0,0.0,0.0
2019-02-11,6,0,63,79.33,79.33,0.0,2156.91289,0.0
2019-02-11,6,0,64,93.33,93.33,0.0,2537.56057,0.0
2019-02-11,6,0,65,1.93,1.93,0.0,21.131143,0.0
2019-02-11,6,0,67,0.0,0.0,0.0,-0.0,0.0
2019-02-11,6,0,68,5.58,5.58,0.0,-96.1238,0.0
2019-02-11,6,0,69,0.0,0.0,0.0,0.0,0.0
2019-02-11,6,0,74,0.0,0.0,0.0,0.0,0.0
2019-02-11,6,0,77,200.0,200.0,0.0,-1330.377234,0.0
2019-02-11,6,0,78,151.2,151.2,0.0,-1005.765189,0.0
2019-02-11,6,0,79,87.5,87.5,0.0,-582.04004,0.0
2019-02-11,6,0,80,141.5,141.5,0.0,-941.241893,0.0
2019-02-11,6,0,81,185.0,185.0,0.0,-1230.598941,0.0
2019-02-11,6,0,82,130.5,130.5,0.0,-868.071145,0.0
2019-02-11,6,0,83,291.0,291.0,0.0,-1935.698875,0.0
2019-02-11,6,0,84,0.0,0.0,0.0,0.0,0.0
2019-02-11,6,0,86,0.0,0.0,0.0,0.0,0.0
2019-02-11,6,0,87,0.0,0.0,0.0,0.0,0.0
2019-02-11,6,0,88,170.6,170.6,0.0,-1134.811781,0.0
2019-02-11,6,0,89,164.0,164.0,0.0,-1090.909332,0.0
2019-02-11,6,0,90,220.2,220.2,0.0,-1464.745335,0.0
2019-02-11,6,0,91,785.5,785.5,0.0,-5225.056586,0.0
2019-02-11,6,0,92,282.5,282.5,0.0,-1879.157843,0.0
2019-02-11,6,0,95,4.13,4.13,0.0,86.479024,0.0
2019-02-11,6,0,96,20.31,20.31,0.0,124.513174,0.0
2019-02-11,6,0,97,124.9,124.9,0.0,765.71617,0.0
2019-02-11,6,0,99,0.0,0.0,0.0,0.0,0.0
2019-02-11,6,0,101,0.0,0.0,0.0,0.0,0.0
2019-02-11,6,0,102,13.22,13.22,0.0,-227.734163,0.0
2019-02-11,6,0,103,11.5,11.5,0.0,-198.104605,0.0
2019-02-11,6,0,104,2.14,2.14,0.0,-36.864683,0.0
2019-02-11,6,0,106,0.0,0.0,0.0,0.0,0.0
2019-02-11,6,0,109,62.58,62.58,0.0,532.793389,0.0
2019-02-11,6,0,110,210.9,210.9,0.0,-14334.514645,0.0
2019-02-11,6,0,111,0.0,0.0,0.0,0.0,0.0
2019-02-11,6,0,113,104.71,104.71,0.0,-490.53666,0.0
2019-02-11,6,0,115,104.71,104.71,0.0,-490.53666,0.0
2019-02-11,6,0,116,0.0,0.0,0.0,-0.0,0.0
2019-02-11,6,0,117,4.15,4.15,0.0,-19.441573,0.0
2019-02-11,6,0,119,93.33,93.33,0.0,2537.56057,0.0
2019-02-11,6,0,120,54.88,54.88,0.0,1492.138906,0.0
2019-02-11,6,0,123,0.0,0.0,0.0,0.0,0.0
2019-02-11,6,0,125,131.24,131.24,0.0,811.903073,0.0
2019-02-11,6,0,126,0.0,0.0,0.0,0.0,0.0
2019-02-11,6,0,127,0.0,0.0,0.0,0.0,0.0
2019-02-11,6,0,128,187.96,187.96,0.0,1162.795653,0.0
2019-02-11,6,0,131,24.93,24.93,0.0,-346.291798,0.0
2019-02-11,6,0,132,36.65,36.65,0.0,-509.089226,0.0
2019-02-11,6,0,133,4.24,4.24,0.0,46.611866,0.0
2019-02-11,6,0,134,0.0,0.0,0.0,0.0,0.0
2019-02-11,6,0,135,5.68,5.68,0.0,62.442311,0.0
2019-02-11,6,0,136,1.25,1.25,0.0,13.683177,0.0
2019-02-11,6,0,139,15.58,15.58,0.0,119.121275,0.0
2019-02-11,6,0,140,156.09,156.09,0.0,-10609.172077,0.0
2019-02-11,6,0,141,171.21,171.21,0.0,-5087.905705,0.0
2019-02-11,6,0,142,0.0,0.0,0.0,-0.0,0.0
2019-02-11,6,0,143,20.41,20.41,0.0,125.707875,0.0
2019-02-11,6,0,145,9.02,9.02,0.0,63.445574,0.0
2019-02-11,6,0,146,268.0,268.0,0.0,-18215.504623,0.0
2019-02-11,6,0,152,0.0,0.0,0.0,0.0,0.0
2019-02-11,6,0,153,0.0,0.0,0.0,0.0,0.0
2019-02-11,6,0,154,0.0,0.0,0.0,0.0,0.0
2019-02-11,6,0,157,167.21,167.21,0.0,-4969.036347,0.0
2019-02-11,6,0,158,0.0,0.0,0.0,-0.0,0.0
2019-02-11,6,0,159,0.0,0.0,0.0,0.0,0.0
2019-02-11,6,0,160,0.0,0.0,0.0,0.0,0.0
2019-02-11,6,0,161,0.0,0.0,0.0,-0.0,0.0
2019-02-11,6,0,162,4.2,4.2,0.0,88.234501,0.0
2019-02-11,6,0,163,79.19,79.19,0.0,-5382.409743,0.0
2019-02-11,6,0,164,0.0,0.0,0.0,0.0,0.0
2019-02-11,6,0,167,0.0,0.0,0.0,0.0,0.0
2019-02-11,6,0,168,0.0,0.0,0.0,0.0,0.0
2019-02-11,6,0,169,0.0,0.0,0.0,0.0,0.0
2019-02-11,6,0,170,0.0,0.0,0.0,0.0,0.0
2019-02-11,6,0,172,0.0,0.0,0.0,0.0,0.0
2019-02-11,6,0,173,0.0,0.0,0.0,0.0,0.0
2019-02-11,6,0,188,0.0,0.0,0.0,0.0,0.0
2019-02-11,6,0,190,0.0,0.0,0.0,0.0,0.0
2019-02-11,6,0,191,0.0,0.0,0.0,0.0,0.0
2019-02-11,6,0,192,36.39,36.39,0.0,989.412077,0.0
2019-02-11,6,0,194,176.5,176.5,0.0,1138.131948,0.0
2019-02-11,6,0,196,0.0,0.0,0.0,0.0,0.0
2019-02-11,6,0,198,0.0,0.0,0.0,0.0,0.0
2019-02-11,6,0,199,6.21,6.21,0.0,61.63943,0.0
2019-02-11,6,0,200,0.0,0.0,0.0,0.0,0.0
2019-02-11,6,0,204,252.0,252.0,0.0,2113.928898,0.0
2019-02-11,6,0,205,331.07,331.07,0.0,2818.662627,0.0
2019-02-11,6,0,206,367.0,367.0,0.0,2249.94263,0.0
2019-02-11,6,0,210,0.0,0.0,0.0,0.0,0.0
2019-02-11,6,0,214,0.0,0.0,0.0,0.0,0.0
2019-02-11,6,0,217,0.0,0.0,0.0,0.0,0.0
2019-02-11,6,0,218,0.0,0.0,0.0,0.0,0.0
2019-02-11,6,0,219,0.0,0.0,0.0,0.0,0.0
2019-02-11,6,0,221,0.0,0.0,0.0,0.0,0.0
2019-02-11,6,0,225,0.0,0.0,0.0,0.0,0.0
2019-02-11,6,0,233,0.0,0.0,0.0,0.0,0.0
2019-02-11,6,0,236,0.0,0.0,0.0,0.0,0.0
2019-02-11,6,0,237,0.0,0.0,0.0,0.0,0.0
2019-02-11,6,0,238,0.0,0.0,0.0,0.0,0.0
2019-02-11,6,0,240,0.0,0.0,0.0,0.0,0.0
2019-02-11,6,0,245,10.63,10.63,0.0,118.411437,0.0
2019-02-11,6,0,247,11.13,11.13,0.0,123.981119,0.0
2019-02-11,6,0,248,0.0,0.0,0.0,0.0,0.0
2019-02-11,6,0,249,20.44,20.44,0.0,227.688595,0.0
2019-02-11,6,0,251,24.9,24.9,0.0,270.958795,0.0
2019-02-11,6,0,252,12.47,12.47,0.0,136.531272,0.0
2019-02-11,6,0,254,0.0,0.0,0.0,0.0,0.0
2019-02-11,6,0,255,0.0,0.0,0.0,0.0,0.0
2019-02-11,6,0,258,0.0,0.0,0.0,0.0,0.0
2019-02-11,6,0,260,0.0,0.0,0.0,0.0,0.0
2019-02-11,6,0,265,0.0,0.0,0.0,0.0,0.0
2019-02-11,6,0,266,10.09,10.09,0.0,77.145935,0.0
2019-02-11,6,0,267,12.4,12.4,0.0,94.80769,0.0
2019-02-11,6,0,270,247.3,247.3,0.0,-16808.560796,0.0
2019-02-11,6,0,272,369.48,369.48,0.0,-1730.909035,0.0
2019-02-11,6,0,273,0.0,0.0,0.0,-0.0,0.0
2019-02-11,6,0,274,318.8,318.8,0.0,-21668.294305,0.0
2019-02-11,6,0,275,443.78,443.78,0.0,-30162.972543,0.0
2019-02-11,6,0,276,0.0,0.0,0.0,-0.0,0.0
2019-02-11,6,0,277,0.0,0.0,0.0,-0.0,0.0
2019-02-11,6,0,278,0.0,0.0,0.0,-0.0,0.0
2019-02-11,6,0,279,183.89,183.89,0.0,-1006.50105,0.0
2019-02-11,6,0,281,1.71,1.71,0.0,10.532115,0.0
2019-02-11,6,0,282,0.0,0.0,0.0,0.0,0.0
2019-02-11,7,0,9,0.0,0.0,0.0,0.0,0.0
2019-02-11,7,0,17,0.0,0.0,0.0,0.0,0.0
2019-02-11,7,0,19,50.54,50.54,0.0,750.539925,0.0
2019-02-11,7,0,20,61.3,61.3,0.0,910.330379,0.0
2019-02-11,7,0,21,0.0,0.0,0.0,0.0,0.0
2019-02-11,7,0,22,0.0,0.0,0.0,0.0,0.0
2019-02-11,7,0,23,72.75,72.75,0.0,563.489904,0.0
2019-02-11,7,0,24,128.72,128.72,0.0,997.009217,0.0
2019-02-11,7,0,29,0.0,0.0,0.0,0.0,0.0
2019-02-11,7,0,30,0.0,0.0,0.0,0.0,0.0
2019-02-11,7,0,31,10.12,10.12,0.0,78.003223,0.0
2019-02-11,7,0,32,0.0,0.0,0.0,0.0,0.0
2019-02-11,7,0,33,0.0,0.0,0.0,0.0,0.0
2019-02-11,7,0,34,0.0,0.0,0.0,0.0,0.0
2019-02-11,7,0,35,0.0,0.0,0.0,0.0,0.0
2019-02-11,7,0,36,0.0,0.0,0.0,0.0,0.0
2019-02-11,7,0,37,0.0,0.0,0.0,0.0,0.0
2019-02-11,7,0,38,0.0,0.0,0.0,0.0,0.0
2019-02-11,7,0,39,0.0,0.0,0.0,0.0,0.0
2019-02-11,7,0,40,0.0,0.0,0.0,0.0,0.0
2019-02-11,7,0,41,5.25,5.25,0.0,51.454257,0.0
2019-02-11,7,0,42,0.0,0.0,0.0,0.0,0.0
2019-02-11,7,0,43,0.0,0.0,0.0,0.0,0.0
2019-02-11,7,0,46,0.0,0.0,0.0,0.0,0.0
2019-02-11,7,0,52,10.73,10.73,0.0,82.704998,0.0
2019-02-11,7,0,53,17.05,17.05,0.0,131.418473,0.0
2019-02-11,7,0,55,56.15,56.15,0.0,434.913514,0.0
2019-02-11,7,0,56,0.0,0.0,0.0,0.0,0.0
2019-02-11,7,0,57,0.0,0.0,0.0,0.0,0.0
2019-02-11,7,0,58,0.0,0.0,0.0,0.0,0.0
2019-02-11,7,0,59,0.0,0.0,0.0,0.0,0.0
2019-02-11,7,0,63,80.66,80.66,0.0,1938.780603,0.0
2019-02-11,7,0,64,94.9,94.9,0.0,2281.059748,0.0
2019-02-11,7,0,65,1.3,1.3,0.0,19.220088,0.0
2019-02-11,7,0,67,0.0,0.0,0.0,-0.0,0.0
2019-02-11,7,0,68,5.67,5.67,0.0,-14.679492,0.0
2019-02-11,7,0,69,0.0,0.0,0.0,0.0,0.0
2019-02-11,7,0,74,0.0,0.0,0.0,0.0,0.0
2019-02-11,7,0,77,200.0,200.0,0.0,827.473044,0.0
2019-02-11,7,0,78,151.2,151.2,0.0,625.569622,0.0
2019-02-11,7,0,79,87.5,87.5,0.0,362.019457,0.0
2019-02-11,7,0,80,141.5,141.5,0.0,585.437179,0.0
2019-02-11,7,0,81,185.0,185.0,0.0,765.412566,0.0
2019-02-11,7,0,82,130.5,130.5,0.0,539.926162,0.0
2019-02-11,7,0,83,291.0,291.0,0.0,1203.97328,0.0
2019-02-11,7,0,84,0.0,0.0,0.0,0.0,0.0
2019-02-11,7,0,86,0.0,0.0,0.0,0.0,0.0
2019-02-11,7,0,87,0.0,0.0,0.0,0.0,0.0
2019-02-11,7,0,88,170.6,170.6,0.0,705.834507,0.0
2019-02-11,7,0,89,164.0,164.0,0.0,678.527896,0.0
2019-02-11,7,0,90,220.2,220.2,0.0,911.047822,0.0
2019-02-11,7,0,91,785.5,785.5,0.0,3249.900382,0.0
2019-02-11,7,0,92,282.5,282.5,0.0,1168.805675,0.0
2019-02-11,7,0,95,4.46,4.46,0.0,89.57921,0.0
2019-02-11,7,0,96,20.55,20.55,0.0,157.585395,0.0
2019-02-11,7,0,97,126.35,126.35,0.0,968.900955,0.0
2019-02-11,7,0,99,0.0,0.0,0.0,0.0,0.0
2019-02-11,7,0,101,0.0,0.0,0.0,0.0,0.0
2019-02-11,7,0,102,13.42,13.42,0.0,-34.744053,0.0
2019-02-11,7,0,103,11.67,11.67,0.0,-30.213345,0.0
2019-02-11,7,0,104,2.17,2.17,0.0,-5.618077,0.0
2019-02-11,7,0,106,0.0,0.0,0.0,0.0,0.0
2019-02-11,7,0,109,53.72,53.72,0.0,587.622481,0.0
2019-02-11,7,0,110,172.47,172.47,0.0,-5903.268674,0.0
2019-02-11,7,0,111,0.0,0.0,0.0,0.0,0.0
2019-02-11,7,0,113,63.18,63.18,0.0,311.3375,0.0
2019-02-11,7,0,115,63.18,63.18,0.0,311.3375,0.0
2019-02-11,7,0,116,0.0,0.0,0.0,-0.0,0.0
2019-02-11,7,0,117,2.59,2.59,0.0,12.762965,0.0
2019-02-11,7,0,119,94.9,94.9,0.0,2281.059748,0.0
2019-02-11,7,0,120,55.8,55.8,0.0,1341.234288,0.0
2019-02-11,7,0,123,0.0,0.0,0.0,0.0,0.0
2019-02-11,7,0,125,116.49,116.49,0.0,902.280948,0.0
2019-02-11,7,0,126,0.0,0.0,0.0,0.0,0.0
2019-02-11,7,0,127,0.0,0.0,0.0,0.0,0.0
2019-02-11,7,0,128,166.84,166.84,0.0,1292.270181,0.0
2019-02-11,7,0,131,26.93,26.93,0.0,-13.705824,0.0
2019-02-11,7,0,132,39.58,39.58,0.0,-20.143948,0.0
2019-02-11,7,0,133,5.51,5.51,0.0,81.859904,0.0
2019-02-11,7,0,134,0.0,0.0,0.0,0.0,0.0
2019-02-11,7,0,135,7.39,7.39,0.0,109.790325,0.0
2019-02-11,7,0,136,0.0,0.0,0.0,0.0,0.0
2019-02-11,7,0,139,6.78,6.78,0.0,66.449498,0.0
2019-02-11,7,0,140,127.65,127.65,0.0,-4369.178676,0.0
2019-02-11,7,0,141,152.04,152.04,0.0,-1577.771208,0.0
2019-02-11,7,0,142,0.0,0.0,0.0,-0.0,0.0
2019-02-11,7,0,143,15.4,15.4,0.0,118.700556,0.0
2019-02-11,7,0,145,8.62,8.62,0.0,76.793187,0.0
2019-02-11,7,0,146,268.0,268.0,0.0,-9173.050413,0.0
2019-02-11,7,0,152,0.0,0.0,0.0,0.0,0.0
2019-02-11,7,0,153,0.0,0.0,0.0,0.0,0.0
2019-02-11,7,0,154,0.0,0.0,0.0,0.0,0.0
2019-02-11,7,0,157,155.38,155.38,0.0,-1612.431534,0.0
2019-02-11,7,0,158,0.0,0.0,0.0,-0.0,0.0
2019-02-11,7,0,159,0.0,0.0,0.0,0.0,0.0
2019-02-11,7,0,160,0.0,0.0,0.0,0.0,0.0
2019-02-11,7,0,161,0.0,0.0,0.0,0.0,0.0
2019-02-11,7,0,162,4.44,4.44,0.0,89.374089,0.0
2019-02-11,7,0,163,89.37,89.37,0.0,-3058.93849,0.0
2019-02-11,7,0,164,0.0,0.0,0.0,0.0,0.0
2019-02-11,7,0,167,0.0,0.0,0.0,0.0,0.0
2019-02-11,7,0,168,0.0,0.0,0.0,0.0,0.0
2019-02-11,7,0,169,0.0,0.0,0.0,0.0,0.0
2019-02-11,7,0,170,0.0,0.0,0.0,0.0,0.0
2019-02-11,7,0,172,0.0,0.0,0.0,0.0,0.0
2019-02-11,7,0,173,0.0,0.0,0.0,0.0,0.0
2019-02-11,7,0,188,0.0,0.0,0.0,0.0,0.0
2019-02-11,7,0,190,0.0,0.0,0.0,0.0,0.0
2019-02-11,7,0,191,0.0,0.0,0.0,0.0,0.0
2019-02-11,7,0,192,22.47,22.47,0.0,540.099184,0.0
2019-02-11,7,0,194,176.5,176.5,0.0,2023.147178,0.0
2019-02-11,7,0,196,0.0,0.0,0.0,0.0,0.0
2019-02-11,7,0,198,0.0,0.0,0.0,0.0,0.0
2019-02-11,7,0,199,7.49,7.49,0.0,88.202065,0.0
2019-02-11,7,0,200,0.0,0.0,0.0,0.0,0.0
2019-02-11,7,0,204,197.12,197.12,0.0,2118.901413,0.0
2019-02-11,7,0,205,284.18,284.18,0.0,3108.536052,0.0
2019-02-11,7,0,206,371.28,371.28,0.0,2847.119482,0.0
2019-02-11,7,0,210,0.0,0.0,0.0,0.0,0.0
2019-02-11,7,0,214,0.0,0.0,0.0,0.0,0.0
2019-02-11,7,0,217,0.0,0.0,0.0,0.0,0.0
2019-02-11,7,0,218,0.0,0.0,0.0,0.0,0.0
2019-02-11,7,0,219,0.0,0.0,0.0,0.0,0.0
2019-02-11,7,0,221,0.0,0.0,0.0,0.0,0.0
2019-02-11,7,0,225,0.0,0.0,0.0,0.0,0.0
2019-02-11,7,0,233,0.0,0.0,0.0,0.0,0.0
2019-02-11,7,0,236,0.0,0.0,0.0,0.0,0.0
2019-02-11,7,0,237,0.0,0.0,0.0,0.0,0.0
2019-02-11,7,0,238,0.0,0.0,0.0,0.0,0.0
2019-02-11,7,0,240,0.0,0.0,0.0,0.0,0.0
2019-02-11,7,0,245,13.08,13.08,0.0,197.405023,0.0
2019-02-11,7,0,247,14.62,14.62,0.0,220.646899,0.0
2019-02-11,7,0,248,0.0,0.0,0.0,0.0,0.0
2019-02-11,7,0,249,25.15,25.15,0.0,379.566998,0.0
2019-02-11,7,0,251,18.37,18.37,0.0,269.612135,0.0
2019-02-11,7,0,252,8.4,8.4,0.0,124.191335,0.0
2019-02-11,7,0,254,0.0,0.0,0.0,0.0,0.0
2019-02-11,7,0,255,0.0,0.0,0.0,0.0,0.0
2019-02-11,7,0,258,0.0,0.0,0.0,0.0,0.0
2019-02-11,7,0,260,0.0,0.0,0.0,0.0,0.0
2019-02-11,7,0,265,0.0,0.0,0.0,0.0,0.0
2019-02-11,7,0,266,4.39,4.39,0.0,43.02556,0.0
2019-02-11,7,0,267,5.39,5.39,0.0,52.82637,0.0
2019-02-11,7,0,270,279.12,279.12,0.0,-9553.663549,0.0
2019-02-11,7,0,272,224.81,224.81,0.0,1107.815502,0.0
2019-02-11,7,0,273,0.0,0.0,0.0,-0.0,0.0
2019-02-11,7,0,274,359.81,359.81,0.0,-12315.504735,0.0
2019-02-11,7,0,275,500.86,500.86,0.0,-17143.335932,0.0
2019-02-11,7,0,276,0.0,0.0,0.0,-0.0,0.0
2019-02-11,7,0,277,0.0,0.0,0.0,0.0,0.0
2019-02-11,7,0,278,0.0,0.0,0.0,0.0,0.0
2019-02-11,7,0,279,216.6,216.6,0.0,998.719504,0.0
2019-02-11,7,0,281,4.54,4.54,0.0,34.993541,0.0
2019-02-11,7,0,282,0.0,0.0,0.0,0.0,0.0
2019-02-11,8,0,9,0.0,0.0,0.0,0.0,0.0
2019-02-11,8,0,17,0.0,0.0,0.0,0.0,0.0
2019-02-11,8,0,19,25.91,25.91,0.0,257.126975,0.0
2019-02-11,8,0,20,32.25,32.25,0.0,320.044189,0.0
2019-02-11,8,0,21,0.0,0.0,0.0,0.0,0.0
2019-02-11,8,0,22,0.0,0.0,0.0,0.0,0.0
2019-02-11,8,0,23,108.8,108.8,0.0,1755.223071,0.0
2019-02-11,8,0,24,192.5,192.5,0.0,3105.518761,0.0
2019-02-11,8,0,29,0.0,0.0,0.0,0.0,0.0
2019-02-11,8,0,30,0.0,0.0,0.0,0.0,0.0
2019-02-11,8,0,31,5.8,5.8,0.0,93.807202,0.0
2019-02-11,8,0,32,0.0,0.0,0.0,0.0,0.0
2019-02-11,8,0,33,0.0,0.0,0.0,0.0,0.0
2019-02-11,8,0,34,0.0,0.0,0.0,0.0,0.0
2019-02-11,8,0,35,0.0,0.0,0.0,0.0,0.0
2019-02-11,8,0,36,0.0,0.0,0.0,0.0,0.0
2019-02-11,8,0,37,0.0,0.0,0.0,0.0,0.0
2019-02-11,8,0,38,0.0,0.0,0.0,0.0,0.0
2019-02-11,8,0,39,0.0,0.0,0.0,0.0,0.0
2019-02-11,8,0,40,0.0,0.0,0.0,0.0,0.0
2019-02-11,8,0,41,2.68,2.68,0.0,37.55573,0.0
2019-02-11,8,0,42,0.0,0.0,0.0,0.0,0.0
2019-02-11,8,0,43,0.0,0.0,0.0,0.0,0.0
2019-02-11,8,0,46,0.0,0.0,0.0,0.0,0.0
2019-02-11,8,0,52,6.14,6.14,0.0,99.306245,0.0
2019-02-11,8,0,53,9.76,9.76,0.0,157.854878,0.0
2019-02-11,8,0,55,91.75,91.75,0.0,1480.162838,0.0
2019-02-11,8,0,56,0.0,0.0,0.0,0.0,0.0
2019-02-11,8,0,57,0.0,0.0,0.0,0.0,0.0
2019-02-11,8,0,58,0.0,0.0,0.0,0.0,0.0
2019-02-11,8,0,59,0.0,0.0,0.0,0.0,0.0
2019-02-11,8,0,63,77.37,77.37,0.0,8846.300242,0.0
2019-02-11,8,0,64,90.94,90.94,0.0,10397.861497,0.0
2019-02-11,8,0,65,1.25,1.25,0.0,12.455307,0.0
2019-02-11,8,0,67,0.0,0.0,0.0,-0.0,0.0
2019-02-11,8,0,68,10.2,10.2,0.0,-4219.689722,0.0
2019-02-11,8,0,69,0.0,0.0,0.0,0.0,0.0
2019-02-11,8,0,74,0.0,0.0,0.0,0.0,0.0
2019-02-11,8,0,77,147.17,147.17,0.0,-43238.62449,0.0
2019-02-11,8,0,78,111.12,111.12,0.0,-32647.115264,0.0
2019-02-11,8,0,79,64.1,64.1,0.0,-18832.614187,0.0
2019-02-11,8,0,80,103.96,103.96,0.0,-30543.503445,0.0
2019-02-11,8,0,81,136.09,136.09,0.0,-39983.314581,0.0
2019-02-11,8,0,82,95.84,95.84,0.0,-28157.843114,0.0
2019-02-11,8,0,83,214.4,214.4,0.0,-62990.834346,0.0
2019-02-11,8,0,84,0.0,0.0,0.0,0.0,0.0
2019-02-11,8,0,86,0.0,0.0,0.0,0.0,0.0
2019-02-11,8,0,87,0.0,0.0,0.0,0.0,0.0
2019-02-11,8,0,88,123.33,123.33,0.0,-36234.419776,0.0
2019-02-11,8,0,89,119.02,119.02,0.0,-34968.139477,0.0
2019-02-11,8,0,90,155.3,155.3,0.0,-45627.222826,0.0
2019-02-11,8,0,91,486.84,486.84,0.0,-143033.851647,0.0
2019-02-11,8,0,92,194.81,194.81,0.0,-57235.281898,0.0
2019-02-11,8,0,95,9.75,9.75,0.0,218.689932,0.0
2019-02-11,8,0,96,29.88,29.88,0.0,484.551985,0.0
2019-02-11,8,0,97,183.75,183.75,0.0,2979.800107,0.0
2019-02-11,8,0,99,0.0,0.0,0.0,0.0,0.0
2019-02-11,8,0,101,0.0,0.0,0.0,0.0,0.0
2019-02-11,8,0,102,24.15,24.15,0.0,-9990.735959,0.0
2019-02-11,8,0,103,21.0,21.0,0.0,-8687.596486,0.0
2019-02-11,8,0,104,3.9,3.9,0.0,-1613.410776,0.0
2019-02-11,8,0,106,0.0,0.0,0.0,0.0,0.0
2019-02-11,8,0,109,73.85,73.85,0.0,927.742321,0.0
2019-02-11,8,0,110,225.69,225.69,0.0,-225690.0,0.0
2019-02-11,8,0,111,0.0,0.0,0.0,0.0,0.0
2019-02-11,8,0,113,141.55,141.55,0.0,-37304.764442,0.0
2019-02-11,8,0,115,141.55,141.55,0.0,-37304.764442,0.0
2019-02-11,8,0,116,0.0,0.0,0.0,-0.0,0.0
2019-02-11,8,0,117,7.33,7.33,0.0,-1931.783281,0.0
2019-02-11,8,0,119,90.94,90.94,0.0,10397.861497,0.0
2019-02-11,8,0,120,53.66,53.66,0.0,6135.355706,0.0
2019-02-11,8,0,123,0.0,0.0,0.0,0.0,0.0
2019-02-11,8,0,125,174.2,174.2,0.0,2810.292822,0.0
2019-02-11,8,0,126,0.0,0.0,0.0,0.0,0.0
2019-02-11,8,0,127,0.0,0.0,0.0,0.0,0.0
2019-02-11,8,0,128,249.5,249.5,0.0,4025.074966,0.0
2019-02-11,8,0,131,30.0,30.0,0.0,-11254.487789,0.0
2019-02-11,8,0,132,44.1,44.1,0.0,-16544.09705,0.0
2019-02-11,8,0,133,3.39,3.39,0.0,33.628953,0.0
2019-02-11,8,0,134,0.0,0.0,0.0,0.0,0.0
2019-02-11,8,0,135,4.55,4.55,0.0,45.136205,0.0
2019-02-11,8,0,136,1.07,1.07,0.0,10.664116,0.0
2019-02-11,8,0,139,3.46,3.46,0.0,48.486129,0.0
2019-02-11,8,0,140,167.04,167.04,0.0,-167040.0,0.0
2019-02-11,8,0,141,230.0,230.0,0.0,-128345.232569,0.0
2019-02-11,8,0,142,0.0,0.0,0.0,-0.0,0.0
2019-02-11,8,0,143,14.2,14.2,0.0,229.665909,0.0
2019-02-11,8,0,145,11.54,11.54,0.0,171.180347,0.0
2019-02-11,8,0,146,268.0,268.0,0.0,-268000.0,0.0
2019-02-11,8,0,152,0.0,0.0,0.0,0.0,0.0
2019-02-11,8,0,153,0.0,0.0,0.0,0.0,0.0
2019-02-11,8,0,154,0.0,0.0,0.0,0.0,0.0
2019-02-11,8,0,157,185.61,185.61,0.0,-103574.602683,0.0
2019-02-11,8,0,158,0.0,0.0,0.0,-0.0,0.0
2019-02-11,8,0,159,0.0,0.0,0.0,0.0,0.0
2019-02-11,8,0,160,0.0,0.0,0.0,0.0,0.0
2019-02-11,8,0,161,0.0,0.0,0.0,-0.0,0.0
2019-02-11,8,0,162,10.42,10.42,0.0,241.771147,0.0
2019-02-11,8,0,163,168.22,168.22,0.0,-168220.0,0.0
2019-02-11,8,0,164,0.0,0.0,0.0,0.0,0.0
2019-02-11,8,0,167,0.0,0.0,0.0,0.0,0.0
2019-02-11,8,0,168,0.0,0.0,0.0,0.0,0.0
2019-02-11,8,0,169,0.0,0.0,0.0,0.0,0.0
2019-02-11,8,0,170,0.0,0.0,0.0,0.0,0.0
2019-02-11,8,0,172,0.0,0.0,0.0,0.0,0.0
2019-02-11,8,0,173,0.0,0.0,0.0,0.0,0.0
2019-02-11,8,0,188,0.0,0.0,0.0,0.0,0.0
2019-02-11,8,0,190,0.0,0.0,0.0,0.0,0.0
2019-02-11,8,0,191,0.0,0.0,0.0,0.0,0.0
2019-02-11,8,0,192,58.1,58.1,0.0,6643.014658,0.0
2019-02-11,8,0,194,176.5,176.5,0.0,-22571.595316,0.0
2019-02-11,8,0,196,0.0,0.0,0.0,0.0,0.0
2019-02-11,8,0,198,0.0,0.0,0.0,0.0,0.0
2019-02-11,8,0,199,11.48,11.48,0.0,-402.990134,0.0
2019-02-11,8,0,200,0.0,0.0,0.0,-0.0,0.0
2019-02-11,8,0,204,290.76,290.76,0.0,3697.02589,0.0
2019-02-11,8,0,205,390.66,390.66,0.0,4907.675221,0.0
2019-02-11,8,0,206,539.94,539.94,0.0,8755.990585,0.0
2019-02-11,8,0,210,0.0,0.0,0.0,0.0,0.0
2019-02-11,8,0,214,0.0,0.0,0.0,0.0,0.0
2019-02-11,8,0,217,0.0,0.0,0.0,0.0,0.0
2019-02-11,8,0,218,0.0,0.0,0.0,0.0,0.0
2019-02-11,8,0,219,0.0,0.0,0.0,0.0,0.0
2019-02-11,8,0,221,0.0,0.0,0.0,0.0,0.0
2019-02-11,8,0,225,0.0,0.0,0.0,0.0,0.0
2019-02-11,8,0,233,0.0,0.0,0.0,0.0,0.0
2019-02-11,8,0,236,0.0,0.0,0.0,0.0,0.0
2019-02-11,8,0,237,0.0,0.0,0.0,0.0,0.0
2019-02-11,8,0,238,0.0,0.0,0.0,0.0,0.0
2019-02-11,8,0,240,0.0,0.0,0.0,0.0,0.0
2019-02-11,8,0,245,6.06,6.06,0.0,59.238363,0.0
2019-02-11,8,0,247,5.84,5.84,0.0,57.087796,0.0
2019-02-11,8,0,248,0.0,0.0,0.0,0.0,0.0
2019-02-11,8,0,249,11.66,11.66,0.0,113.980085,0.0
2019-02-11,8,0,251,14.11,14.11,0.0,141.531301,0.0
2019-02-11,8,0,252,8.09,8.09,0.0,80.610747,0.0
2019-02-11,8,0,254,0.0,0.0,0.0,0.0,0.0
2019-02-11,8,0,255,0.0,0.0,0.0,0.0,0.0
2019-02-11,8,0,258,0.0,0.0,0.0,0.0,0.0
2019-02-11,8,0,260,0.0,0.0,0.0,0.0,0.0
2019-02-11,8,0,265,0.0,0.0,0.0,0.0,0.0
2019-02-11,8,0,266,2.24,2.24,0.0,31.389864,0.0
2019-02-11,8,0,267,2.75,2.75,0.0,38.536663,0.0
2019-02-11,8,0,270,525.33,525.33,0.0,-525330.0,0.0
2019-02-11,8,0,272,490.05,490.05,0.0,-129150.122324,0.0
2019-02-11,8,0,273,0.0,0.0,0.0,-0.0,0.0
2019-02-11,8,0,274,677.22,677.22,0.0,-677220.0,0.0
2019-02-11,8,0,275,942.7,942.7,0.0,-942700.0,0.0
2019-02-11,8,0,276,0.0,0.0,0.0,-0.0,0.0
2019-02-11,8,0,277,0.0,0.0,0.0,-0.0,0.0
2019-02-11,8,0,278,0.0,0.0,0.0,-0.0,0.0
2019-02-11,8,0,279,264.6,264.6,0.0,-72943.552952,0.0
2019-02-11,8,0,281,2.6,2.6,0.0,42.051504,0.0
2019-02-11,8,0,282,0.0,0.0,0.0,0.0,0.0
2019-02-11,9,0,9,0.19,0.19,0.0,2.35466,0.0
2019-02-11,9,0,17,5.13,5.13,0.0,52.316408,0.0
2019-02-11,9,0,19,9.83,9.83,0.0,100.247621,0.0
2019-02-11,9,0,20,12.2,12.2,0.0,124.417189,0.0
2019-02-11,9,0,21,4.44,4.44,0.0,55.024683,0.0
2019-02-11,9,0,22,15.78,15.78,0.0,195.560697,0.0
2019-02-11,9,0,23,108.8,108.8,0.0,1348.352589,0.0
2019-02-11,9,0,24,192.5,192.5,0.0,2385.642219,0.0
2019-02-11,9,0,29,1.44,1.44,0.0,13.547428,0.0
2019-02-11,9,0,30,25.86,25.86,0.0,320.841527,0.0
2019-02-11,9,0,31,10.8,10.8,0.0,133.994141,0.0
2019-02-11,9,0,32,0.72,0.72,0.0,36.673242,0.0
2019-02-11,9,0,33,0.26,0.26,0.0,2.55107,0.0
2019-02-11,9,0,34,0.42,0.42,0.0,4.120959,0.0
2019-02-11,9,0,35,0.42,0.42,0.0,4.120959,0.0
2019-02-11,9,0,36,1.3,1.3,0.0,14.019336,0.0
2019-02-11,9,0,37,0.59,0.59,0.0,6.366128,0.0
2019-02-11,9,0,38,0.76,0.76,0.0,8.200436,0.0
2019-02-11,9,0,39,0.51,0.51,0.0,5.502924,0.0
2019-02-11,9,0,40,0.51,0.51,0.0,5.502924,0.0
2019-02-11,9,0,41,3.86,3.86,0.0,45.038417,0.0
2019-02-11,9,0,42,8.89,8.89,0.0,91.405838,0.0
2019-02-11,9,0,43,4.02,4.02,0.0,42.923512,0.0
2019-02-11,9,0,46,3.07,3.07,0.0,33.578133,0.0
2019-02-11,9,0,52,11.46,11.46,0.0,142.182672,0.0
2019-02-11,9,0,53,18.3,18.3,0.0,227.045629,0.0
2019-02-11,9,0,55,146.37,146.37,0.0,1813.955593,0.0
2019-02-11,9,0,56,7.63,7.63,0.0,94.66438,0.0
2019-02-11,9,0,57,7.26,7.26,0.0,90.07384,0.0
2019-02-11,9,0,58,13.95,13.95,0.0,173.075766,0.0
2019-02-11,9,0,59,13.72,13.72,0.0,170.222187,0.0
2019-02-11,9,0,63,51.0,51.0,0.0,6057.534207,0.0
2019-02-11,9,0,64,60.0,60.0,0.0,7126.510832,0.0
2019-02-11,9,0,65,1.59,1.59,0.0,16.239761,0.0
2019-02-11,9,0,67,31.69,31.69,0.0,-17602.077654,0.0
2019-02-11,9,0,68,19.12,19.12,0.0,-7844.489125,0.0
2019-02-11,9,0,69,0.26,0.26,0.0,2.55107,0.0
2019-02-11,9,0,74,0.0,0.0,0.0,0.0,0.0
2019-02-11,9,0,77,60.0,60.0,0.0,-17370.352307,0.0
2019-02-11,9,0,78,45.36,45.36,0.0,-13131.986344,0.0
2019-02-11,9,0,79,26.25,26.25,0.0,-7599.529134,0.0
2019-02-11,9,0,80,42.45,42.45,0.0,-12289.524257,0.0
2019-02-11,9,0,81,55.5,55.5,0.0,-16067.575884,0.0
2019-02-11,9,0,82,39.15,39.15,0.0,-11334.15488,0.0
2019-02-11,9,0,83,87.3,87.3,0.0,-25273.862606,0.0
2019-02-11,9,0,84,0.0,0.0,0.0,0.0,0.0
2019-02-11,9,0,86,1.32,1.32,0.0,12.951586,0.0
2019-02-11,9,0,87,6.72,6.72,0.0,65.935345,0.0
2019-02-11,9,0,88,155.83,155.83,0.0,-45113.699999,0.0
2019-02-11,9,0,89,148.85,148.85,0.0,-43092.949014,0.0
2019-02-11,9,0,90,208.93,208.93,0.0,-60486.461791,0.0
2019-02-11,9,0,91,785.09,785.09,0.0,-227288.164875,0.0
2019-02-11,9,0,92,276.23,276.23,0.0,-79970.206961,0.0
2019-02-11,9,0,95,18.24,18.24,0.0,409.118396,0.0
2019-02-11,9,0,96,29.88,29.88,0.0,371.151761,0.0
2019-02-11,9,0,97,183.75,183.75,0.0,2282.43427,0.0
2019-02-11,9,0,99,0.0,0.0,0.0,0.0,0.0
2019-02-11,9,0,101,0.52,0.52,0.0,6.45157,0.0
2019-02-11,9,0,102,45.2,45.2,0.0,-18544.503579,0.0
2019-02-11,9,0,103,39.31,39.31,0.0,-16127.974241,0.0
2019-02-11,9,0,104,7.33,7.33,0.0,-3007.327682,0.0
2019-02-11,9,0,106,15.53,15.53,0.0,192.462461,0.0
2019-02-11,9,0,109,91.86,91.86,0.0,1027.848379,0.0
2019-02-11,9,0,110,289.23,289.23,0.0,-289230.0,0.0
2019-02-11,9,0,111,1.96,1.96,0.0,22.869248,0.0
2019-02-11,9,0,113,84.3,84.3,0.0,-21888.96701,0.0
2019-02-11,9,0,115,84.3,84.3,0.0,-21888.96701,0.0
2019-02-11,9,0,116,13.38,13.38,0.0,-13380.0,0.0
2019-02-11,9,0,117,5.73,5.73,0.0,-1487.826583,0.0
2019-02-11,9,0,119,60.0,60.0,0.0,7126.510832,0.0
2019-02-11,9,0,120,35.28,35.28,0.0,4190.388369,0.0
2019-02-11,9,0,123,0.26,0.26,0.0,3.222166,0.0
2019-02-11,9,0,125,174.2,174.2,0.0,2158.851296,0.0
2019-02-11,9,0,126,11.65,11.65,0.0,144.377828,0.0
2019-02-11,9,0,127,14.95,14.95,0.0,185.274552,0.0
2019-02-11,9,0,128,249.5,249.5,0.0,3092.040175,0.0
2019-02-11,9,0,131,30.0,30.0,0.0,-11145.192335,0.0
2019-02-11,9,0,132,44.1,44.1,0.0,-16383.432732,0.0
2019-02-11,9,0,133,2.0,2.0,0.0,20.393329,0.0
2019-02-11,9,0,134,0.0,0.0,0.0,0.0,0.0
2019-02-11,9,0,135,2.68,2.68,0.0,27.327061,0.0
2019-02-11,9,0,136,1.77,1.77,0.0,18.079736,0.0
2019-02-11,9,0,139,4.98,4.98,0.0,58.106559,0.0
2019-02-11,9,0,140,214.06,214.06,0.0,-214060.0,0.0
2019-02-11,9,0,141,230.0,230.0,0.0,-127752.53583,0.0
2019-02-11,9,0,142,41.79,41.79,0.0,-23212.080315,0.0
2019-02-11,9,0,143,51.0,51.0,0.0,632.750112,0.0
2019-02-11,9,0,145,15.32,15.32,0.0,183.149385,0.0
2019-02-11,9,0,146,268.0,268.0,0.0,-268000.0,0.0
2019-02-11,9,0,152,0.84,0.84,0.0,8.935281,0.0
2019-02-11,9,0,153,1.09,1.09,0.0,11.616158,0.0
2019-02-11,9,0,154,8.09,8.09,0.0,94.393988,0.0
2019-02-11,9,0,157,222.16,222.16,0.0,-123397.840696,0.0
2019-02-11,9,0,158,20.55,20.55,0.0,-11414.411354,0.0
2019-02-11,9,0,159,0.0,0.0,0.0,0.0,0.0
2019-02-11,9,0,160,0.31,0.31,0.0,3.202636,0.0
2019-02-11,9,0,161,5.77,5.77,0.0,-2367.296143,0.0
2019-02-11,9,0,162,20.35,20.35,0.0,472.285469,0.0
2019-02-11,9,0,163,185.4,185.4,0.0,-185400.0,0.0
2019-02-11,9,0,164,0.91,0.91,0.0,11.290247,0.0
2019-02-11,9,0,167,0.83,0.83,0.0,15.898049,0.0
2019-02-11,9,0,168,0.41,0.41,0.0,7.853253,0.0
2019-02-11,9,0,169,0.0,0.0,0.0,0.0,0.0
2019-02-11,9,0,170,0.91,0.91,0.0,17.430391,0.0
2019-02-11,9,0,172,1.19,1.19,0.0,25.969119,0.0
2019-02-11,9,0,173,1.81,1.81,0.0,39.499249,0.0
2019-02-11,9,0,188,1.44,1.44,0.0,43.895548,0.0
2019-02-11,9,0,190,0.93,0.93,0.0,30.157628,0.0
2019-02-11,9,0,191,2.4,2.4,0.0,77.826137,0.0
2019-02-11,9,0,192,124.88,124.88,0.0,4049.553333,0.0
2019-02-11,9,0,194,130.37,130.37,0.0,-16132.914679,0.0
2019-02-11,9,0,196,0.5,0.5,0.0,136.109868,0.0
2019-02-11,9,0,198,1.34,1.34,0.0,13.05461,0.0
2019-02-11,9,0,199,16.69,16.69,0.0,-490.7763,0.0
2019-02-11,9,0,200,2.29,2.29,0.0,-67.33839,0.0
2019-02-11,9,0,204,229.21,229.21,0.0,2577.27763,0.0
2019-02-11,9,0,205,517.34,517.34,0.0,5788.668415,0.0
2019-02-11,9,0,206,539.94,539.94,0.0,6706.816652,0.0
2019-02-11,9,0,210,0.48,0.48,0.0,4.478104,0.0
2019-02-11,9,0,214,1.93,1.93,0.0,18.495856,0.0
2019-02-11,9,0,217,1.43,1.43,0.0,13.540216,0.0
2019-02-11,9,0,218,1.97,1.97,0.0,18.653304,0.0
2019-02-11,9,0,219,1.34,1.34,0.0,12.688034,0.0
2019-02-11,9,0,221,1.03,1.03,0.0,9.870845,0.0
2019-02-11,9,0,225,1.17,1.17,0.0,11.016161,0.0
2019-02-11,9,0,233,0.74,0.74,0.0,7.260737,0.0
2019-02-11,9,0,236,0.0,0.0,0.0,0.0,0.0
2019-02-11,9,0,237,0.0,0.0,0.0,0.0,0.0
2019-02-11,9,0,238,11.57,11.57,0.0,118.961254,0.0
2019-02-11,9,0,240,1.48,1.48,0.0,15.960475,0.0
2019-02-11,9,0,245,2.25,2.25,0.0,22.817085,0.0
2019-02-11,9,0,247,0.0,0.0,0.0,0.0,0.0
2019-02-11,9,0,248,0.0,0.0,0.0,0.0,0.0
2019-02-11,9,0,249,4.32,4.32,0.0,43.808802,0.0
2019-02-11,9,0,251,12.85,12.85,0.0,131.574061,0.0
2019-02-11,9,0,252,10.28,10.28,0.0,104.996694,0.0
2019-02-11,9,0,254,1.85,1.85,0.0,19.592545,0.0
2019-02-11,9,0,255,0.85,0.85,0.0,9.00198,0.0
2019-02-11,9,0,258,1.84,1.84,0.0,19.81107,0.0
2019-02-11,9,0,260,0.76,0.76,0.0,7.851625,0.0
2019-02-11,9,0,265,8.38,8.38,0.0,97.777703,0.0
2019-02-11,9,0,266,3.23,3.23,0.0,37.687587,0.0
2019-02-11,9,0,267,3.96,3.96,0.0,46.205215,0.0
2019-02-11,9,0,270,579.0,579.0,0.0,-579000.0,0.0
2019-02-11,9,0,272,281.31,281.31,0.0,-73043.716601,0.0
2019-02-11,9,0,273,3.2,3.2,0.0,-3200.0,0.0
2019-02-11,9,0,274,746.4,746.4,0.0,-746400.0,0.0
2019-02-11,9,0,275,1039.0,1039.0,0.0,-1039000.0,0.0
2019-02-11,9,0,276,0.53,0.53,0.0,-477.392429,0.0
2019-02-11,9,0,277,0.57,0.57,0.0,-154.825141,0.0
2019-02-11,9,0,278,0.92,0.92,0.0,-249.893211,0.0
2019-02-11,9,0,279,264.6,264.6,0.0,-71871.460398,0.0
2019-02-11,9,0,281,4.81,4.81,0.0,59.67702,0.0
2019-02-11,9,0,282,14.19,14.19,0.0,176.053414,0.0
2019-02-11,10,0,9,0.66,0.66,0.0,3.900568,0.0
2019-02-11,10,0,17,14.18,14.18,0.0,140.695106,0.0
2019-02-11,10,0,19,0.0,0.0,0.0,0.0,0.0
2019-02-11,10,0,20,0.0,0.0,0.0,0.0,0.0
2019-02-11,10,0,21,15.09,15.09,0.0,89.181179,0.0
2019-02-11,10,0,22,53.64,53.64,0.0,317.009836,0.0
2019-02-11,10,0,23,108.8,108.8,0.0,643.0028,0.0
2019-02-11,10,0,24,192.5,192.5,0.0,1137.665799,0.0
2019-02-11,10,0,29,3.69,3.69,0.0,29.13298,0.0
2019-02-11,10,0,30,101.04,101.04,0.0,594.814992,0.0
2019-02-11,10,0,31,31.63,31.63,0.0,186.203466,0.0
2019-02-11,10,0,32,1.77,1.77,0.0,88.011742,0.0
2019-02-11,10,0,33,0.69,0.69,0.0,7.420513,0.0
2019-02-11,10,0,34,1.1,1.1,0.0,11.829804,0.0
2019-02-11,10,0,35,1.1,1.1,0.0,11.829804,0.0
2019-02-11,10,0,36,3.93,3.93,0.0,33.439876,0.0
2019-02-11,10,0,37,1.69,1.69,0.0,14.317225,0.0
2019-02-11,10,0,38,2.17,2.17,0.0,18.383655,0.0
2019-02-11,10,0,39,1.44,1.44,0.0,12.199292,0.0
2019-02-11,10,0,40,1.44,1.44,0.0,12.199292,0.0
2019-02-11,10,0,41,5.8,5.8,0.0,41.405711,0.0
2019-02-11,10,0,42,32.31,32.31,0.0,314.753367,0.0
2019-02-11,10,0,43,12.01,12.01,0.0,102.953752,0.0
2019-02-11,10,0,46,8.04,8.04,0.0,65.975845,0.0
2019-02-11,10,0,52,33.54,33.54,0.0,197.447494,0.0
2019-02-11,10,0,53,53.48,53.48,0.0,314.832796,0.0
2019-02-11,10,0,55,186.9,186.9,0.0,1104.570067,0.0
2019-02-11,10,0,56,29.8,29.8,0.0,175.430391,0.0
2019-02-11,10,0,57,28.35,28.35,0.0,166.894349,0.0
2019-02-11,10,0,58,54.52,54.52,0.0,320.955199,0.0
2019-02-11,10,0,59,53.61,53.61,0.0,315.598097,0.0
2019-02-11,10,0,63,51.0,51.0,0.0,6028.981554,0.0
2019-02-11,10,0,64,60.0,60.0,0.0,7092.919475,0.0
2019-02-11,10,0,65,2.39,2.39,0.0,23.633676,0.0
2019-02-11,10,0,67,92.17,92.17,0.0,-51127.526171,0.0
2019-02-11,10,0,68,34.0,34.0,0.0,-13916.172164,0.0
2019-02-11,10,0,69,0.69,0.69,0.0,7.420513,0.0
2019-02-11,10,0,74,0.0,0.0,0.0,0.0,0.0
2019-02-11,10,0,77,60.0,60.0,0.0,-17285.410893,0.0
2019-02-11,10,0,78,45.36,45.36,0.0,-13067.770635,0.0
2019-02-11,10,0,79,26.25,26.25,0.0,-7562.367266,0.0
2019-02-11,10,0,80,42.45,42.45,0.0,-12229.428207,0.0
2019-02-11,10,0,81,55.5,55.5,0.0,-15989.005076,0.0
2019-02-11,10,0,82,39.15,39.15,0.0,-11278.730608,0.0
2019-02-11,10,0,83,87.3,87.3,0.0,-25150.27285,0.0
2019-02-11,10,0,84,0.0,0.0,0.0,0.0,0.0
2019-02-11,10,0,86,3.47,3.47,0.0,37.317655,0.0
2019-02-11,10,0,87,17.73,17.73,0.0,190.674934,0.0
2019-02-11,10,0,88,103.48,103.48,0.0,-29811.571987,0.0
2019-02-11,10,0,89,99.0,99.0,0.0,-28520.927974,0.0
2019-02-11,10,0,90,137.47,137.47,0.0,-39603.757258,0.0
2019-02-11,10,0,91,509.29,509.29,0.0,-146721.448563,0.0
2019-02-11,10,0,92,180.45,180.45,0.0,-51985.873261,0.0
2019-02-11,10,0,95,75.49,75.49,0.0,1693.220817,0.0
2019-02-11,10,0,96,29.88,29.88,0.0,175.18229,0.0
2019-02-11,10,0,97,183.75,183.75,0.0,1077.300731,0.0
2019-02-11,10,0,99,0.0,0.0,0.0,0.0,0.0
2019-02-11,10,0,101,2.04,2.04,0.0,12.009329,0.0
2019-02-11,10,0,102,80.5,80.5,0.0,-32948.584095,0.0
2019-02-11,10,0,103,70.0,70.0,0.0,-28650.942691,0.0
2019-02-11,10,0,104,13.0,13.0,0.0,-5320.889357,0.0
2019-02-11,10,0,106,52.81,52.81,0.0,312.104576,0.0
2019-02-11,10,0,109,110.61,110.61,0.0,871.384611,0.0
2019-02-11,10,0,110,338.6,338.6,0.0,-338600.0,0.0
2019-02-11,10,0,111,4.85,4.85,0.0,34.623741,0.0
2019-02-11,10,0,113,150.0,150.0,0.0,-38845.845875,0.0
2019-02-11,10,0,115,150.0,150.0,0.0,-38845.845875,0.0
2019-02-11,10,0,116,46.67,46.67,0.0,-46670.0,0.0
2019-02-11,10,0,117,10.0,10.0,0.0,-2589.723058,0.0
2019-02-11,10,0,119,60.0,60.0,0.0,7092.919475,0.0
2019-02-11,10,0,120,35.28,35.28,0.0,4170.636651,0.0
2019-02-11,10,0,123,0.88,0.88,0.0,5.200758,0.0
2019-02-11,10,0,125,174.2,174.2,0.0,1029.513674,0.0
2019-02-11,10,0,126,39.61,39.61,0.0,234.093207,0.0
2019-02-11,10,0,127,50.83,50.83,0.0,300.402871,0.0
2019-02-11,10,0,128,249.5,249.5,0.0,1474.533075,0.0
2019-02-11,10,0,131,40.31,40.31,0.0,-14933.43223,0.0
2019-02-11,10,0,132,65.03,65.03,0.0,-24091.319719,0.0
2019-02-11,10,0,133,1.2,1.2,0.0,11.910286,0.0
2019-02-11,10,0,134,0.0,0.0,0.0,0.0,0.0
2019-02-11,10,0,135,1.6,1.6,0.0,15.880381,0.0
2019-02-11,10,0,136,3.05,3.05,0.0,30.154519,0.0
2019-02-11,10,0,139,7.49,7.49,0.0,53.470478,0.0
2019-02-11,10,0,140,250.6,250.6,0.0,-250600.0,0.0
2019-02-11,10,0,141,230.0,230.0,0.0,-127583.064114,0.0
2019-02-11,10,0,142,121.55,121.55,0.0,-67424.875839,0.0
2019-02-11,10,0,143,155.94,155.94,0.0,918.007223,0.0
2019-02-11,10,0,145,37.62,37.62,0.0,249.290128,0.0
2019-02-11,10,0,146,268.0,268.0,0.0,-268000.0,0.0
2019-02-11,10,0,152,2.38,2.38,0.0,21.330552,0.0
2019-02-11,10,0,153,3.02,3.02,0.0,26.935071,0.0
2019-02-11,10,0,154,20.02,20.02,0.0,142.921091,0.0
2019-02-11,10,0,157,250.0,250.0,0.0,-138677.243602,0.0
2019-02-11,10,0,158,129.83,129.83,0.0,-72017.866147,0.0
2019-02-11,10,0,159,0.0,0.0,0.0,0.0,0.0
2019-02-11,10,0,160,0.86,0.86,0.0,7.691393,0.0
2019-02-11,10,0,161,16.25,16.25,0.0,-6651.111696,0.0
2019-02-11,10,0,162,66.68,66.68,0.0,1547.99958,0.0
2019-02-11,10,0,163,104.02,104.02,0.0,-104020.0,0.0
2019-02-11,10,0,164,4.3,4.3,0.0,25.313781,0.0
2019-02-11,10,0,167,2.33,2.33,0.0,44.715367,0.0
2019-02-11,10,0,168,1.17,1.17,0.0,22.453639,0.0
2019-02-11,10,0,169,0.0,0.0,0.0,0.0,0.0
2019-02-11,10,0,170,2.55,2.55,0.0,48.937419,0.0
2019-02-11,10,0,172,2.72,2.72,0.0,55.209377,0.0
2019-02-11,10,0,173,4.15,4.15,0.0,84.234895,0.0
2019-02-11,10,0,188,3.37,3.37,0.0,99.173854,0.0
2019-02-11,10,0,190,3.86,3.86,0.0,125.17037,0.0
2019-02-11,10,0,191,9.97,9.97,0.0,323.302744,0.0
2019-02-11,10,0,192,232.36,232.36,0.0,7534.867172,0.0
2019-02-11,10,0,194,52.95,52.95,0.0,-6542.929746,0.0
2019-02-11,10,0,196,1.92,1.92,0.0,522.052539,0.0
2019-02-11,10,0,198,3.12,3.12,0.0,29.270648,0.0
2019-02-11,10,0,199,23.32,23.32,0.0,-644.729477,0.0
2019-02-11,10,0,200,6.74,6.74,0.0,-186.341195,0.0
2019-02-11,10,0,204,167.28,167.28,0.0,1300.403715,0.0
2019-02-11,10,0,205,653.24,653.24,0.0,5146.218996,0.0
2019-02-11,10,0,206,539.94,539.94,0.0,3165.593234,0.0
2019-02-11,10,0,210,1.2,1.2,0.0,9.785562,0.0
2019-02-11,10,0,214,4.81,4.81,0.0,54.099829,0.0
2019-02-11,10,0,217,3.9,3.9,0.0,38.617442,0.0
2019-02-11,10,0,218,5.38,5.38,0.0,53.272266,0.0
2019-02-11,10,0,219,3.67,3.67,0.0,36.340003,0.0
2019-02-11,10,0,221,2.57,2.57,0.0,28.90573,0.0
2019-02-11,10,0,225,3.02,3.02,0.0,23.767564,0.0
2019-02-11,10,0,233,1.96,1.96,0.0,21.07856,0.0
2019-02-11,10,0,236,0.0,0.0,0.0,0.0,0.0
2019-02-11,10,0,237,0.0,0.0,0.0,0.0,0.0
2019-02-11,10,0,238,42.06,42.06,0.0,409.734652,0.0
2019-02-11,10,0,240,4.45,4.45,0.0,37.864491,0.0
2019-02-11,10,0,245,0.0,0.0,0.0,0.0,0.0
2019-02-11,10,0,247,0.0,0.0,0.0,0.0,0.0
2019-02-11,10,0,248,0.0,0.0,0.0,0.0,0.0
2019-02-11,10,0,249,0.0,0.0,0.0,0.0,0.0
2019-02-11,10,0,251,14.12,14.12,0.0,138.84964,0.0
2019-02-11,10,0,252,15.41,15.41,0.0,152.382824,0.0
2019-02-11,10,0,254,4.4,4.4,0.0,38.128064,0.0
2019-02-11,10,0,255,2.02,2.02,0.0,17.504247,0.0
2019-02-11,10,0,258,5.65,5.65,0.0,48.13305,0.0
2019-02-11,10,0,260,2.09,2.09,0.0,18.691874,0.0
2019-02-11,10,0,265,20.73,20.73,0.0,147.989722,0.0
2019-02-11,10,0,266,4.85,4.85,0.0,34.623741,0.0
2019-02-11,10,0,267,5.96,5.96,0.0,42.547937,0.0
2019-02-11,10,0,270,324.69,324.69,0.0,-324690.0,0.0
2019-02-11,10,0,272,501.3,501.3,0.0,-129822.816915,0.0
2019-02-11,10,0,273,11.16,11.16,0.0,-11160.0,0.0
2019-02-11,10,0,274,418.54,418.54,0.0,-418540.0,0.0
2019-02-11,10,0,275,582.57,582.57,0.0,-582570.0,0.0
2019-02-11,10,0,276,2.02,2.02,0.0,-1819.163345,0.0
2019-02-11,10,0,277,1.7,1.7,0.0,-460.098425,0.0
2019-02-11,10,0,278,2.72,2.72,0.0,-736.157479,0.0
2019-02-11,10,0,279,264.6,264.6,0.0,-71612.966555,0.0
2019-02-11,10,0,281,14.1,14.1,0.0,83.005655,0.0
2019-02-11,10,0,282,55.43,55.43,0.0,326.312302,0.0
2019-02-11,11,0,9,1.06,1.06,0.0,4.206788,0.0
2019-02-11,11,0,17,22.22,22.22,0.0,227.942118,0.0
2019-02-11,11,0,19,9.81,9.81,0.0,100.635112,0.0
2019-02-11,11,0,20,11.9,11.9,0.0,122.075212,0.0
2019-02-11,11,0,21,24.18,24.18,0.0,95.962387,0.0
2019-02-11,11,0,22,85.92,85.92,0.0,340.987935,0.0
2019-02-11,11,0,23,61.07,61.07,0.0,242.366541,0.0
2019-02-11,11,0,24,108.0,108.0,0.0,428.61612,0.0
2019-02-11,11,0,29,5.61,5.61,0.0,37.563366,0.0
2019-02-11,11,0,30,163.43,163.43,0.0,642.743676,0.0
2019-02-11,11,0,31,27.92,27.92,0.0,109.80483,0.0
2019-02-11,11,0,32,2.8,2.8,0.0,141.106686,0.0
2019-02-11,11,0,33,1.09,1.09,0.0,12.619113,0.0
2019-02-11,11,0,34,1.74,1.74,0.0,20.144272,0.0
2019-02-11,11,0,35,1.74,1.74,0.0,20.144272,0.0
2019-02-11,11,0,36,6.18,6.18,0.0,49.471056,0.0
2019-02-11,11,0,37,2.7,2.7,0.0,21.448478,0.0
2019-02-11,11,0,38,3.47,3.47,0.0,27.565267,0.0
2019-02-11,11,0,39,2.31,2.31,0.0,18.350365,0.0
2019-02-11,11,0,40,2.31,2.31,0.0,18.350365,0.0
2019-02-11,11,0,41,8.74,8.74,0.0,51.431566,0.0
2019-02-11,11,0,42,51.34,51.34,0.0,511.991393,0.0
2019-02-11,11,0,43,19.15,19.15,0.0,154.922285,0.0
2019-02-11,11,0,46,12.82,12.82,0.0,96.504343,0.0
2019-02-11,11,0,52,29.68,29.68,0.0,116.726625,0.0
2019-02-11,11,0,53,48.34,48.34,0.0,190.113377,0.0
2019-02-11,11,0,55,460.54,460.54,0.0,1827.730258,0.0
2019-02-11,11,0,56,48.21,48.21,0.0,189.602109,0.0
2019-02-11,11,0,57,45.86,45.86,0.0,180.35994,0.0
2019-02-11,11,0,58,88.18,88.18,0.0,346.797634,0.0
2019-02-11,11,0,59,86.71,86.71,0.0,341.016362,0.0
2019-02-11,11,0,63,51.0,51.0,0.0,6062.322288,0.0
2019-02-11,11,0,64,60.0,60.0,0.0,7132.143868,0.0
2019-02-11,11,0,65,2.62,2.62,0.0,26.737937,0.0
2019-02-11,11,0,67,148.67,148.67,0.0,-82383.759706,0.0
2019-02-11,11,0,68,33.99,33.99,0.0,-13886.353441,0.0
2019-02-11,11,0,69,1.09,1.09,0.0,12.619113,0.0
2019-02-11,11,0,74,0.0,0.0,0.0,0.0,0.0
2019-02-11,11,0,77,60.0,60.0,0.0,-17225.753824,0.0
2019-02-11,11,0,78,45.36,45.36,0.0,-13022.669891,0.0
2019-02-11,11,0,79,26.25,26.25,0.0,-7536.267298,0.0
2019-02-11,11,0,80,42.45,42.45,0.0,-12187.220831,0.0
2019-02-11,11,0,81,55.5,55.5,0.0,-15933.822287,0.0
2019-02-11,11,0,82,39.15,39.15,0.0,-11239.80437,0.0
2019-02-11,11,0,83,87.3,87.3,0.0,-25063.471814,0.0
2019-02-11,11,0,84,0.0,0.0,0.0,0.0,0.0
2019-02-11,11,0,86,5.51,5.51,0.0,63.790194,0.0
2019-02-11,11,0,87,28.15,28.15,0.0,325.89727,0.0
2019-02-11,11,0,88,51.18,51.18,0.0,-14693.568012,0.0
2019-02-11,11,0,89,49.2,49.2,0.0,-14125.118136,0.0
2019-02-11,11,0,90,66.06,66.06,0.0,-18965.554961,0.0
2019-02-11,11,0,91,235.65,235.65,0.0,-67654.148145,0.0
2019-02-11,11,0,92,84.75,84.75,0.0,-24331.377277,0.0
2019-02-11,11,0,95,96.29,96.29,0.0,2159.759339,0.0
2019-02-11,11,0,96,31.88,31.88,0.0,124.185093,0.0
2019-02-11,11,0,97,234.28,234.28,0.0,912.612408,0.0
2019-02-11,11,0,99,0.0,0.0,0.0,0.0,0.0
2019-02-11,11,0,101,3.29,3.29,0.0,12.939036,0.0
2019-02-11,11,0,102,80.49,80.49,0.0,-32883.571298,0.0
2019-02-11,11,0,103,69.99,69.99,0.0,-28593.876943,0.0
2019-02-11,11,0,104,12.99,12.99,0.0,-5306.964731,0.0
2019-02-11,11,0,106,84.58,84.58,0.0,335.669921,0.0
2019-02-11,11,0,109,49.2,49.2,0.0,345.786275,0.0
2019-02-11,11,0,110,338.6,338.6,0.0,-338600.0,0.0
2019-02-11,11,0,111,7.6,7.6,0.0,44.723101,0.0
2019-02-11,11,0,113,84.2,84.2,0.0,-21741.316223,0.0
2019-02-11,11,0,115,84.2,84.2,0.0,-21741.316223,0.0
2019-02-11,11,0,116,72.9,72.9,0.0,-72900.0,0.0
2019-02-11,11,0,117,5.66,5.66,0.0,-1461.4709,0.0
2019-02-11,11,0,119,60.0,60.0,0.0,7132.143868,0.0
2019-02-11,11,0,120,35.28,35.28,0.0,4193.700594,0.0
2019-02-11,11,0,123,1.41,1.41,0.0,5.595822,0.0
2019-02-11,11,0,125,97.74,97.74,0.0,387.897589,0.0
2019-02-11,11,0,126,63.44,63.44,0.0,251.772284,0.0
2019-02-11,11,0,127,81.41,81.41,0.0,323.089244,0.0
2019-02-11,11,0,128,139.96,139.96,0.0,555.454742,0.0
2019-02-11,11,0,131,30.0,30.0,0.0,-11089.742523,0.0
2019-02-11,11,0,132,44.1,44.1,0.0,-16301.921509,0.0
2019-02-11,11,0,133,3.28,3.28,0.0,33.664031,0.0
2019-02-11,11,0,134,0.0,0.0,0.0,0.0,0.0
2019-02-11,11,0,135,4.39,4.39,0.0,45.056432,0.0
2019-02-11,11,0,136,3.6,3.6,0.0,36.728656,0.0
2019-02-11,11,0,139,11.29,11.29,0.0,66.437343,0.0
2019-02-11,11,0,140,250.6,250.6,0.0,-250600.0,0.0
2019-02-11,11,0,141,230.0,230.0,0.0,-127451.837845,0.0
2019-02-11,11,0,142,196.05,196.05,0.0,-108638.838302,0.0
2019-02-11,11,0,143,99.01,99.01,0.0,389.390267,0.0
2019-02-11,11,0,145,60.83,60.83,0.0,309.181147,0.0
2019-02-11,11,0,146,268.0,268.0,0.0,-268000.0,0.0
2019-02-11,11,0,152,3.87,3.87,0.0,33.810494,0.0
2019-02-11,11,0,153,4.95,4.95,0.0,42.904236,0.0
2019-02-11,11,0,154,31.33,31.33,0.0,184.365099,0.0
2019-02-11,11,0,157,250.0,250.0,0.0,-138534.606353,0.0
2019-02-11,11,0,158,218.33,218.33,0.0,-120985.04242,0.0
2019-02-11,11,0,159,0.0,0.0,0.0,0.0,0.0
2019-02-11,11,0,160,1.38,1.38,0.0,11.926938,0.0
2019-02-11,11,0,161,25.82,25.82,0.0,-10548.56269,0.0
2019-02-11,11,0,162,142.05,142.05,0.0,3298.010449,0.0
2019-02-11,11,0,163,160.49,160.49,0.0,-160490.0,0.0
2019-02-11,11,0,164,7.08,7.08,0.0,27.844491,0.0
2019-02-11,11,0,167,3.59,3.59,0.0,68.797982,0.0
2019-02-11,11,0,168,1.8,1.8,0.0,34.49481,0.0
2019-02-11,11,0,169,0.0,0.0,0.0,0.0,0.0
2019-02-11,11,0,170,3.93,3.93,0.0,75.313668,0.0
2019-02-11,11,0,172,4.23,4.23,0.0,86.859176,0.0
2019-02-11,11,0,173,6.44,6.44,0.0,132.239503,0.0
2019-02-11,11,0,188,5.3,5.3,0.0,158.445149,0.0
2019-02-11,11,0,190,5.97,5.97,0.0,193.592516,0.0
2019-02-11,11,0,191,15.41,15.41,0.0,499.708655,0.0
2019-02-11,11,0,192,332.6,332.6,0.0,10785.405497,0.0
2019-02-11,11,0,194,52.95,52.95,0.0,-6506.724378,0.0
2019-02-11,11,0,196,3.01,3.01,0.0,820.99866,0.0
2019-02-11,11,0,198,5.02,5.02,0.0,46.479102,0.0
2019-02-11,11,0,199,41.0,41.0,0.0,-1116.1311,0.0
2019-02-11,11,0,200,10.69,10.69,0.0,-291.010767,0.0
2019-02-11,11,0,204,152.34,152.34,0.0,1045.727792,0.0
2019-02-11,11,0,205,321.66,321.66,0.0,2260.683194,0.0
2019-02-11,11,0,206,895.48,895.48,0.0,3488.245513,0.0
2019-02-11,11,0,210,1.79,1.79,0.0,12.73672,0.0
2019-02-11,11,0,214,7.56,7.56,0.0,93.429447,0.0
2019-02-11,11,0,217,6.07,6.07,0.0,61.165436,0.0
2019-02-11,11,0,218,8.38,8.38,0.0,84.442563,0.0
2019-02-11,11,0,219,5.71,5.71,0.0,57.537832,0.0
2019-02-11,11,0,221,4.03,4.03,0.0,49.804321,0.0
2019-02-11,11,0,225,4.65,4.65,0.0,30.946938,0.0
2019-02-11,11,0,233,3.12,3.12,0.0,36.120763,0.0
2019-02-11,11,0,236,0.0,0.0,0.0,0.0,0.0
2019-02-11,11,0,237,0.0,0.0,0.0,0.0,0.0
2019-02-11,11,0,238,66.83,66.83,0.0,666.466396,0.0
2019-02-11,11,0,240,7.0,7.0,0.0,56.035176,0.0
2019-02-11,11,0,245,4.66,4.66,0.0,48.714201,0.0
2019-02-11,11,0,247,4.75,4.75,0.0,49.655033,0.0
2019-02-11,11,0,248,0.0,0.0,0.0,0.0,0.0
2019-02-11,11,0,249,8.97,8.97,0.0,93.76961,0.0
2019-02-11,11,0,251,14.72,14.72,0.0,148.938957,0.0
2019-02-11,11,0,252,16.91,16.91,0.0,172.571955,0.0
2019-02-11,11,0,254,7.22,7.22,0.0,59.410828,0.0
2019-02-11,11,0,255,3.31,3.31,0.0,27.23682,0.0
2019-02-11,11,0,258,8.84,8.84,0.0,70.885653,0.0
2019-02-11,11,0,260,3.35,3.35,0.0,28.953073,0.0
2019-02-11,11,0,265,32.44,32.44,0.0,190.897026,0.0
2019-02-11,11,0,266,7.31,7.31,0.0,43.016562,0.0
2019-02-11,11,0,267,8.98,8.98,0.0,52.843875,0.0
2019-02-11,11,0,270,542.91,542.91,0.0,-542910.0,0.0
2019-02-11,11,0,272,281.17,281.17,0.0,-72601.01998,0.0
2019-02-11,11,0,273,17.43,17.43,0.0,-17430.0,0.0
2019-02-11,11,0,274,708.99,708.99,0.0,-708990.0,0.0
2019-02-11,11,0,275,1000.33,1000.33,0.0,-1000330.0,0.0
2019-02-11,11,0,276,3.18,3.18,0.0,-2863.426299,0.0
2019-02-11,11,0,277,2.69,2.69,0.0,-725.737967,0.0
2019-02-11,11,0,278,4.31,4.31,0.0,-1162.799494,0.0
2019-02-11,11,0,279,264.6,264.6,0.0,-71386.716006,0.0
2019-02-11,11,0,281,12.17,12.17,0.0,47.862636,0.0
2019-02-11,11,0,282,89.65,89.65,0.0,352.578905,0.0
2019-02-11,12,0,9,1.47,1.47,0.0,8.245705,0.0
2019-02-11,12,0,17,28.46,28.46,0.0,263.471612,0.0
2019-02-11,12,0,19,33.14,33.14,0.0,306.797232,0.0
2019-02-11,12,0,20,40.19,40.19,0.0,372.06339,0.0
2019-02-11,12,0,21,33.51,33.51,0.0,187.968419,0.0
2019-02-11,12,0,22,119.1,119.1,0.0,668.070389,0.0
2019-02-11,12,0,23,46.17,46.17,0.0,258.982451,0.0
2019-02-11,12,0,24,77.3,77.3,0.0,433.600681,0.0
2019-02-11,12,0,29,7.11,7.11,0.0,61.246669,0.0
2019-02-11,12,0,30,226.3,226.3,0.0,1264.46254,0.0
2019-02-11,12,0,31,27.7,27.7,0.0,154.775132,0.0
2019-02-11,12,0,32,3.71,3.71,0.0,189.430396,0.0
2019-02-11,12,0,33,1.47,1.47,0.0,14.657145,0.0
2019-02-11,12,0,34,2.35,2.35,0.0,23.43149,0.0
2019-02-11,12,0,35,2.35,2.35,0.0,23.43149,0.0
2019-02-11,12,0,36,8.53,8.53,0.0,69.014256,0.0
2019-02-11,12,0,37,3.7,3.7,0.0,29.844479,0.0
2019-02-11,12,0,38,4.76,4.76,0.0,38.394519,0.0
2019-02-11,12,0,39,3.17,3.17,0.0,25.569459,0.0
2019-02-11,12,0,40,3.17,3.17,0.0,25.569459,0.0
2019-02-11,12,0,41,14.68,14.68,0.0,99.238384,0.0
2019-02-11,12,0,42,67.3,67.3,0.0,612.632342,0.0
2019-02-11,12,0,43,26.69,26.69,0.0,218.695078,0.0
2019-02-11,12,0,46,17.2,17.2,0.0,134.557247,0.0
2019-02-11,12,0,52,29.36,29.36,0.0,164.050465,0.0
2019-02-11,12,0,53,46.64,46.64,0.0,260.603327,0.0
2019-02-11,12,0,55,623.0,623.0,0.0,3494.608333,0.0
2019-02-11,12,0,56,66.75,66.75,0.0,372.968955,0.0
2019-02-11,12,0,57,63.49,63.49,0.0,354.753543,0.0
2019-02-11,12,0,58,122.1,122.1,0.0,682.239842,0.0
2019-02-11,12,0,59,120.07,120.07,0.0,670.897115,0.0
2019-02-11,12,0,63,51.0,51.0,0.0,6043.511939,0.0
2019-02-11,12,0,64,60.0,60.0,0.0,7110.014046,0.0
2019-02-11,12,0,65,9.18,9.18,0.0,84.721224,0.0
2019-02-11,12,0,67,205.54,205.54,0.0,-113982.032284,0.0
2019-02-11,12,0,68,34.0,34.0,0.0,-13908.96365,0.0
2019-02-11,12,0,69,1.47,1.47,0.0,14.657145,0.0
2019-02-11,12,0,74,0.0,0.0,0.0,0.0,0.0
2019-02-11,12,0,77,60.0,60.0,0.0,-17270.55639,0.0
2019-02-11,12,0,78,45.36,45.36,0.0,-13056.540631,0.0
2019-02-11,12,0,79,26.25,26.25,0.0,-7555.868421,0.0
2019-02-11,12,0,80,42.45,42.45,0.0,-12218.918646,0.0
2019-02-11,12,0,81,55.5,55.5,0.0,-15975.264661,0.0
2019-02-11,12,0,82,39.15,39.15,0.0,-11269.038044,0.0
2019-02-11,12,0,83,87.3,87.3,0.0,-25128.659547,0.0
2019-02-11,12,0,84,0.0,0.0,0.0,0.0,0.0
2019-02-11,12,0,86,7.44,7.44,0.0,74.183102,0.0
2019-02-11,12,0,87,37.99,37.99,0.0,378.792477,0.0
2019-02-11,12,0,88,51.18,51.18,0.0,-14731.784601,0.0
2019-02-11,12,0,89,49.2,49.2,0.0,-14161.85624,0.0
2019-02-11,12,0,90,66.06,66.06,0.0,-19014.882585,0.0
2019-02-11,12,0,91,235.65,235.65,0.0,-67830.110222,0.0
2019-02-11,12,0,92,84.75,84.75,0.0,-24394.660901,0.0
2019-02-11,12,0,95,120.0,120.0,0.0,2333.493576,0.0
2019-02-11,12,0,96,29.88,29.88,0.0,166.276065,0.0
2019-02-11,12,0,97,183.76,183.76,0.0,1022.586669,0.0
2019-02-11,12,0,99,0.0,0.0,0.0,0.0,0.0
2019-02-11,12,0,101,4.56,4.56,0.0,25.479228,0.0
2019-02-11,12,0,102,80.5,80.5,0.0,-32931.516878,0.0
2019-02-11,12,0,103,70.0,70.0,0.0,-28636.101633,0.0
2019-02-11,12,0,104,13.0,13.0,0.0,-5318.13316,0.0
2019-02-11,12,0,106,117.25,117.25,0.0,657.693141,0.0
2019-02-11,12,0,109,33.04,33.04,0.0,247.11116,0.0
2019-02-11,12,0,110,338.6,338.6,0.0,-338600.0,0.0
2019-02-11,12,0,111,10.48,10.48,0.0,70.845931,0.0
2019-02-11,12,0,113,45.0,45.0,0.0,-11640.968467,0.0
2019-02-11,12,0,115,45.0,45.0,0.0,-11640.968467,0.0
2019-02-11,12,0,116,96.78,96.78,0.0,-96780.0,0.0
2019-02-11,12,0,117,3.0,3.0,0.0,-776.064564,0.0
2019-02-11,12,0,119,60.0,60.0,0.0,7110.014046,0.0
2019-02-11,12,0,120,35.28,35.28,0.0,4180.688259,0.0
2019-02-11,12,0,123,1.95,1.95,0.0,10.93818,0.0
2019-02-11,12,0,125,70.73,70.73,0.0,396.747428,0.0
2019-02-11,12,0,126,87.94,87.94,0.0,493.283879,0.0
2019-02-11,12,0,127,112.85,112.85,0.0,633.012119,0.0
2019-02-11,12,0,128,96.96,96.96,0.0,543.879974,0.0
2019-02-11,12,0,131,30.0,30.0,0.0,-11107.162519,0.0
2019-02-11,12,0,132,44.1,44.1,0.0,-16327.528903,0.0
2019-02-11,12,0,133,8.05,8.05,0.0,74.545551,0.0
2019-02-11,12,0,134,0.0,0.0,0.0,0.0,0.0
2019-02-11,12,0,135,10.78,10.78,0.0,99.826217,0.0
2019-02-11,12,0,136,11.34,11.34,0.0,104.63775,0.0
2019-02-11,12,0,139,18.95,18.95,0.0,128.104044,0.0
2019-02-11,12,0,140,250.6,250.6,0.0,-250600.0,0.0
2019-02-11,12,0,141,230.0,230.0,0.0,-127546.304492,0.0
2019-02-11,12,0,142,271.06,271.06,0.0,-150316.092589,0.0
2019-02-11,12,0,143,75.62,75.62,0.0,422.530523,0.0
2019-02-11,12,0,145,34.02,34.02,0.0,213.985631,0.0
2019-02-11,12,0,146,268.0,268.0,0.0,-268000.0,0.0
2019-02-11,12,0,152,5.37,5.37,0.0,45.318625,0.0
2019-02-11,12,0,153,6.83,6.83,0.0,57.386957,0.0
2019-02-11,12,0,154,43.23,43.23,0.0,292.239463,0.0
2019-02-11,12,0,157,250.0,250.0,0.0,-138637.287491,0.0
2019-02-11,12,0,158,307.98,307.98,0.0,-170790.047206,0.0
2019-02-11,12,0,159,0.0,0.0,0.0,0.0,0.0
2019-02-11,12,0,160,1.9,1.9,0.0,16.381719,0.0
2019-02-11,12,0,161,35.88,35.88,0.0,-14678.047523,0.0
2019-02-11,12,0,162,162.5,162.5,0.0,3287.222382,0.0
2019-02-11,12,0,163,185.4,185.4,0.0,-185400.0,0.0
2019-02-11,12,0,164,10.06,10.06,0.0,56.210752,0.0
2019-02-11,12,0,167,4.69,4.69,0.0,75.285761,0.0
2019-02-11,12,0,168,2.34,2.34,0.0,37.562618,0.0
2019-02-11,12,0,169,0.0,0.0,0.0,0.0,0.0
2019-02-11,12,0,170,5.13,5.13,0.0,82.348817,0.0
2019-02-11,12,0,172,5.57,5.57,0.0,112.170232,0.0
2019-02-11,12,0,173,8.49,8.49,0.0,170.974016,0.0
2019-02-11,12,0,188,7.01,7.01,0.0,208.424842,0.0
2019-02-11,12,0,190,7.91,7.91,0.0,256.501977,0.0
2019-02-11,12,0,191,20.43,20.43,0.0,662.494992,0.0
2019-02-11,12,0,192,332.6,332.6,0.0,10785.405497,0.0
2019-02-11,12,0,194,52.95,52.95,0.0,-6524.023373,0.0
2019-02-11,12,0,196,4.04,4.04,0.0,1100.13286,0.0
2019-02-11,12,0,198,6.65,6.65,0.0,61.452245,0.0
2019-02-11,12,0,199,97.67,97.67,0.0,-2663.675815,0.0
2019-02-11,12,0,200,14.12,14.12,0.0,-385.08347,0.0
2019-02-11,12,0,204,141.52,141.52,0.0,1045.231626,0.0
2019-02-11,12,0,205,174.79,174.79,0.0,1307.280864,0.0
2019-02-11,12,0,206,539.95,539.95,0.0,3004.710884,0.0
2019-02-11,12,0,210,2.24,2.24,0.0,19.73458,0.0
2019-02-11,12,0,214,9.69,9.69,0.0,100.709053,0.0
2019-02-11,12,0,217,7.61,7.61,0.0,73.870731,0.0
2019-02-11,12,0,218,10.5,10.5,0.0,101.924136,0.0
2019-02-11,12,0,219,7.15,7.15,0.0,69.405483,0.0
2019-02-11,12,0,221,5.17,5.17,0.0,53.732281,0.0
2019-02-11,12,0,225,5.72,5.72,0.0,49.164762,0.0
2019-02-11,12,0,233,4.21,4.21,0.0,41.977266,0.0
2019-02-11,12,0,236,0.0,0.0,0.0,0.0,0.0
2019-02-11,12,0,237,0.0,0.0,0.0,0.0,0.0
2019-02-11,12,0,238,87.59,87.59,0.0,797.332346,0.0
2019-02-11,12,0,240,9.67,9.67,0.0,78.237732,0.0
2019-02-11,12,0,245,16.71,16.71,0.0,156.459434,0.0
2019-02-11,12,0,247,23.06,23.06,0.0,215.915892,0.0
2019-02-11,12,0,248,0.0,0.0,0.0,0.0,0.0
2019-02-11,12,0,249,32.13,32.13,0.0,300.840312,0.0
2019-02-11,12,0,251,62.59,62.59,0.0,574.685017,0.0
2019-02-11,12,0,252,59.23,59.23,0.0,546.627241,0.0
2019-02-11,12,0,254,9.8,9.8,0.0,81.352853,0.0
2019-02-11,12,0,255,4.49,4.49,0.0,37.272889,0.0
2019-02-11,12,0,258,12.27,12.27,0.0,99.478098,0.0
2019-02-11,12,0,260,4.63,4.63,0.0,39.919662,0.0
2019-02-11,12,0,265,44.75,44.75,0.0,302.514827,0.0
2019-02-11,12,0,266,12.27,12.27,0.0,82.946524,0.0
2019-02-11,12,0,267,15.08,15.08,0.0,101.942427,0.0
2019-02-11,12,0,270,579.0,579.0,0.0,-579000.0,0.0
2019-02-11,12,0,272,150.39,150.39,0.0,-38904.116617,0.0
2019-02-11,12,0,273,23.14,23.14,0.0,-23140.0,0.0
2019-02-11,12,0,274,746.4,746.4,0.0,-746400.0,0.0
2019-02-11,12,0,275,1039.0,1039.0,0.0,-1039000.0,0.0
2019-02-11,12,0,276,4.29,4.29,0.0,-3863.317577,0.0
2019-02-11,12,0,277,3.57,3.57,0.0,-965.244694,0.0
2019-02-11,12,0,278,5.72,5.72,0.0,-1546.554524,0.0
2019-02-11,12,0,279,264.6,264.6,0.0,-71541.665547,0.0
2019-02-11,12,0,281,12.43,12.43,0.0,69.453245,0.0
2019-02-11,12,0,282,124.14,124.14,0.0,693.638443,0.0
2019-02-11,13,0,9,1.77,1.77,0.0,-214.100307,0.0
2019-02-11,13,0,17,32.08,32.08,0.0,270.770449,0.0
2019-02-11,13,0,19,80.22,80.22,0.0,677.094933,0.0
2019-02-11,13,0,20,97.29,97.29,0.0,821.173847,0.0
2019-02-11,13,0,21,40.52,40.52,0.0,-4901.324547,0.0
2019-02-11,13,0,22,144.02,144.02,0.0,-17420.749289,0.0
2019-02-11,13,0,23,90.35,90.35,0.0,-10928.792517,0.0
2019-02-11,13,0,24,157.79,157.79,0.0,-19086.377103,0.0
2019-02-11,13,0,29,5.25,5.25,0.0,53.596584,0.0
2019-02-11,13,0,30,514.05,514.05,0.0,-165134.911504,0.0
2019-02-11,13,0,31,33.58,33.58,0.0,-10787.336501,0.0
2019-02-11,13,0,32,3.74,3.74,0.0,60.65824,0.0
2019-02-11,13,0,33,1.77,1.77,0.0,16.47977,0.0
2019-02-11,13,0,34,2.82,2.82,0.0,26.255905,0.0
2019-02-11,13,0,35,2.82,2.82,0.0,26.255905,0.0
2019-02-11,13,0,36,7.02,7.02,0.0,51.496012,0.0
2019-02-11,13,0,37,3.61,3.61,0.0,26.593621,0.0
2019-02-11,13,0,38,4.64,4.64,0.0,34.181275,0.0
2019-02-11,13,0,39,3.1,3.1,0.0,22.836628,0.0
2019-02-11,13,0,40,3.1,3.1,0.0,22.836628,0.0
2019-02-11,13,0,41,24.92,24.92,0.0,81.675274,0.0
2019-02-11,13,0,42,73.72,73.72,0.0,608.327256,0.0
2019-02-11,13,0,43,19.0,19.0,0.0,144.872398,0.0
2019-02-11,13,0,46,11.3,11.3,0.0,81.54554,0.0
2019-02-11,13,0,52,35.6,35.6,0.0,-11436.247154,0.0
2019-02-11,13,0,53,56.55,56.55,0.0,-18166.285858,0.0
2019-02-11,13,0,55,623.0,623.0,0.0,-75358.469708,0.0
2019-02-11,13,0,56,151.63,151.63,0.0,-48710.060561,0.0
2019-02-11,13,0,57,144.23,144.23,0.0,-46332.863119,0.0
2019-02-11,13,0,58,277.36,277.36,0.0,-89099.930074,0.0
2019-02-11,13,0,59,272.74,272.74,0.0,-87615.787888,0.0
2019-02-11,13,0,63,51.0,51.0,0.0,835.000536,0.0
2019-02-11,13,0,64,60.0,60.0,0.0,982.353571,0.0
2019-02-11,13,0,65,28.2,28.2,0.0,237.033355,0.0
2019-02-11,13,0,67,344.33,344.33,0.0,5904.748171,0.0
2019-02-11,13,0,68,34.0,34.0,0.0,588.694327,0.0
2019-02-11,13,0,69,1.77,1.77,0.0,16.47977,0.0
2019-02-11,13,0,74,6.17,6.17,0.0,45.060985,0.0
2019-02-11,13,0,77,60.0,60.0,0.0,1058.729304,0.0
2019-02-11,13,0,78,45.36,45.36,0.0,800.399354,0.0
2019-02-11,13,0,79,26.25,26.25,0.0,463.19407,0.0
2019-02-11,13,0,80,42.45,42.45,0.0,749.050983,0.0
2019-02-11,13,0,81,55.5,55.5,0.0,979.324606,0.0
2019-02-11,13,0,82,39.15,39.15,0.0,690.820871,0.0
2019-02-11,13,0,83,87.3,87.3,0.0,1540.451137,0.0
2019-02-11,13,0,84,0.0,0.0,0.0,0.0,0.0
2019-02-11,13,0,86,8.95,8.95,0.0,83.32991,0.0
2019-02-11,13,0,87,45.67,45.67,0.0,425.215307,0.0
2019-02-11,13,0,88,51.18,51.18,0.0,903.096096,0.0
2019-02-11,13,0,89,49.2,49.2,0.0,868.158029,0.0
2019-02-11,13,0,90,66.06,66.06,0.0,1165.660964,0.0
2019-02-11,13,0,91,235.65,235.65,0.0,4158.159341,0.0
2019-02-11,13,0,92,84.75,84.75,0.0,1495.455142,0.0
2019-02-11,13,0,95,120.0,120.0,0.0,1945.368447,0.0
2019-02-11,13,0,96,29.28,29.28,0.0,598.950303,0.0
2019-02-11,13,0,97,180.07,180.07,0.0,3683.503451,0.0
2019-02-11,13,0,99,1.19,1.19,0.0,8.690854,0.0
2019-02-11,13,0,101,10.35,10.35,0.0,-3324.86399,0.0
2019-02-11,13,0,102,80.5,80.5,0.0,1393.820393,0.0
2019-02-11,13,0,103,70.0,70.0,0.0,1212.017733,0.0
2019-02-11,13,0,104,13.0,13.0,0.0,225.089008,0.0
2019-02-11,13,0,106,141.77,141.77,0.0,-17148.587882,0.0
2019-02-11,13,0,109,31.97,31.97,0.0,216.859743,0.0
2019-02-11,13,0,110,338.6,338.6,0.0,5634.33671,0.0
2019-02-11,13,0,111,5.67,5.67,0.0,18.583419,0.0
2019-02-11,13,0,113,45.0,45.0,0.0,767.085146,0.0
2019-02-11,13,0,115,45.0,45.0,0.0,767.085146,0.0
2019-02-11,13,0,116,70.73,70.73,0.0,1176.954033,0.0
2019-02-11,13,0,117,3.0,3.0,0.0,51.13901,0.0
2019-02-11,13,0,119,60.0,60.0,0.0,982.353571,0.0
2019-02-11,13,0,120,35.28,35.28,0.0,577.6239,0.0
2019-02-11,13,0,123,2.36,2.36,0.0,-285.467076,0.0
2019-02-11,13,0,125,143.27,143.27,0.0,-17330.02882,0.0
2019-02-11,13,0,126,106.33,106.33,0.0,-12861.743313,0.0
2019-02-11,13,0,127,136.46,136.46,0.0,-16506.28696,0.0
2019-02-11,13,0,128,202.25,202.25,0.0,-24464.286514,0.0
2019-02-11,13,0,131,30.0,30.0,0.0,520.766368,0.0
2019-02-11,13,0,132,44.1,44.1,0.0,765.526562,0.0
2019-02-11,13,0,133,16.87,16.87,0.0,142.446508,0.0
2019-02-11,13,0,134,0.0,0.0,0.0,0.0,0.0
2019-02-11,13,0,135,22.6,22.6,0.0,190.829346,0.0
2019-02-11,13,0,136,32.65,32.65,0.0,274.374754,0.0
2019-02-11,13,0,139,32.18,32.18,0.0,105.469916,0.0
2019-02-11,13,0,140,250.6,250.6,0.0,4170.008209,0.0
2019-02-11,13,0,141,230.0,230.0,0.0,3944.158451,0.0
2019-02-11,13,0,142,454.09,454.09,0.0,7786.969178,0.0
2019-02-11,13,0,143,77.89,77.89,0.0,-25021.609293,0.0
2019-02-11,13,0,145,65.86,65.86,0.0,383.487088,0.0
2019-02-11,13,0,146,268.0,268.0,0.0,4459.54589,0.0
2019-02-11,13,0,152,5.68,5.68,0.0,42.698968,0.0
2019-02-11,13,0,153,7.29,7.29,0.0,54.50856,0.0
2019-02-11,13,0,154,23.4,23.4,0.0,76.693476,0.0
2019-02-11,13,0,157,250.0,250.0,0.0,4287.128751,0.0
2019-02-11,13,0,158,355.22,355.22,0.0,6091.4955,0.0
2019-02-11,13,0,159,0.0,0.0,0.0,0.0,0.0
2019-02-11,13,0,160,1.47,1.47,0.0,12.249783,0.0
2019-02-11,13,0,161,34.84,34.84,0.0,603.23854,0.0
2019-02-11,13,0,162,162.5,162.5,0.0,2634.796021,0.0
2019-02-11,13,0,163,0.0,0.0,0.0,0.0,0.0
2019-02-11,13,0,164,23.03,23.03,0.0,-7398.223931,0.0
2019-02-11,13,0,167,4.79,4.79,0.0,77.636737,0.0
2019-02-11,13,0,168,2.4,2.4,0.0,38.899409,0.0
2019-02-11,13,0,169,0.0,0.0,0.0,0.0,0.0
2019-02-11,13,0,170,5.24,5.24,0.0,84.930377,0.0
2019-02-11,13,0,172,5.94,5.94,0.0,94.608724,0.0
2019-02-11,13,0,173,9.05,9.05,0.0,144.142922,0.0
2019-02-11,13,0,188,7.65,7.65,0.0,123.642185,0.0
2019-02-11,13,0,190,6.66,6.66,0.0,109.041246,0.0
2019-02-11,13,0,191,17.2,17.2,0.0,281.608024,0.0
2019-02-11,13,0,192,332.6,332.6,0.0,5445.513297,0.0
2019-02-11,13,0,194,52.95,52.95,0.0,879.547329,0.0
2019-02-11,13,0,196,3.58,3.58,0.0,59.125309,0.0
2019-02-11,13,0,198,6.32,6.32,0.0,60.29211,0.0
2019-02-11,13,0,199,73.53,73.53,0.0,1029.260352,0.0
2019-02-11,13,0,200,10.89,10.89,0.0,152.436356,0.0
2019-02-11,13,0,204,135.16,135.16,0.0,910.258887,0.0
2019-02-11,13,0,205,169.14,169.14,0.0,1147.314886,0.0
2019-02-11,13,0,206,529.11,529.11,0.0,10823.449274,0.0
2019-02-11,13,0,210,1.9,1.9,0.0,19.721005,0.0
2019-02-11,13,0,214,9.2,9.2,0.0,90.355943,0.0
2019-02-11,13,0,217,5.97,5.97,0.0,60.157768,0.0
2019-02-11,13,0,218,8.24,8.24,0.0,83.031828,0.0
2019-02-11,13,0,219,5.61,5.61,0.0,56.530164,0.0
2019-02-11,13,0,221,4.9,4.9,0.0,48.124361,0.0
2019-02-11,13,0,225,4.49,4.49,0.0,45.763865,0.0
2019-02-11,13,0,233,5.06,5.06,0.0,47.111659,0.0
2019-02-11,13,0,236,0.0,0.0,0.0,0.0,0.0
2019-02-11,13,0,237,14.81,14.81,0.0,108.16097,0.0
2019-02-11,13,0,238,95.95,95.95,0.0,791.766145,0.0
2019-02-11,13,0,240,7.96,7.96,0.0,58.391489,0.0
2019-02-11,13,0,245,41.58,41.58,0.0,356.312221,0.0
2019-02-11,13,0,247,65.06,65.06,0.0,557.519795,0.0
2019-02-11,13,0,248,1.49,1.49,0.0,10.881826,0.0
2019-02-11,13,0,249,79.97,79.97,0.0,685.288319,0.0
2019-02-11,13,0,251,207.62,207.62,0.0,1733.193664,0.0
2019-02-11,13,0,252,181.91,181.91,0.0,1529.033251,0.0
2019-02-11,13,0,254,9.36,9.36,0.0,73.032395,0.0
2019-02-11,13,0,255,4.29,4.29,0.0,33.473181,0.0
2019-02-11,13,0,258,9.14,9.14,0.0,67.474499,0.0
2019-02-11,13,0,260,3.57,3.57,0.0,29.749473,0.0
2019-02-11,13,0,265,24.23,24.23,0.0,79.4138,0.0
2019-02-11,13,0,266,20.84,20.84,0.0,68.303078,0.0
2019-02-11,13,0,267,25.61,25.61,0.0,83.936748,0.0
2019-02-11,13,0,270,0.0,0.0,0.0,0.0,0.0
2019-02-11,13,0,272,150.39,150.39,0.0,2563.598557,0.0
2019-02-11,13,0,273,16.91,16.91,0.0,281.384034,0.0
2019-02-11,13,0,274,0.0,0.0,0.0,0.0,0.0
2019-02-11,13,0,275,0.0,0.0,0.0,0.0,0.0
2019-02-11,13,0,276,3.11,3.11,0.0,52.103745,0.0
2019-02-11,13,0,277,3.48,3.48,0.0,60.157181,0.0
2019-02-11,13,0,278,5.57,5.57,0.0,96.286062,0.0
2019-02-11,13,0,279,378.16,378.16,0.0,6537.080314,0.0
2019-02-11,13,0,281,15.07,15.07,0.0,-4841.130467,0.0
2019-02-11,13,0,282,281.99,281.99,0.0,-90587.28469,0.0
2019-02-11,14,0,9,1.86,1.86,0.0,-45.555573,0.0
2019-02-11,14,0,17,33.24,33.24,0.0,236.247503,0.0
2019-02-11,14,0,19,88.69,88.69,0.0,630.348707,0.0
2019-02-11,14,0,20,107.56,107.56,0.0,764.46394,0.0
2019-02-11,14,0,21,42.57,42.57,0.0,-1042.634817,0.0
2019-02-11,14,0,22,151.31,151.31,0.0,-3705.921403,0.0
2019-02-11,14,0,23,42.61,42.61,0.0,-1043.614507,0.0
2019-02-11,14,0,24,73.27,73.27,0.0,-1794.5467,0.0
2019-02-11,14,0,29,5.24,5.24,0.0,27.353891,0.0
2019-02-11,14,0,30,550.24,550.24,0.0,-13581.793158,0.0
2019-02-11,14,0,31,56.04,56.04,0.0,-1383.257649,0.0
2019-02-11,14,0,32,3.77,3.77,0.0,176.964917,0.0
2019-02-11,14,0,33,1.81,1.81,0.0,23.803523,0.0
2019-02-11,14,0,34,2.89,2.89,0.0,38.006731,0.0
2019-02-11,14,0,35,2.89,2.89,0.0,38.006731,0.0
2019-02-11,14,0,36,7.28,7.28,0.0,-19.190515,0.0
2019-02-11,14,0,37,3.73,3.73,0.0,-10.526184,0.0
2019-02-11,14,0,38,4.8,4.8,0.0,-13.54576,0.0
2019-02-11,14,0,39,3.2,3.2,0.0,-9.030507,0.0
2019-02-11,14,0,40,3.2,3.2,0.0,-9.030507,0.0
2019-02-11,14,0,41,20.1,20.1,0.0,-289.892696,0.0
2019-02-11,14,0,42,77.77,77.77,0.0,450.851611,0.0
2019-02-11,14,0,43,19.36,19.36,0.0,-31.039252,0.0
2019-02-11,14,0,46,11.69,11.69,0.0,-57.638678,0.0
2019-02-11,14,0,52,59.41,59.41,0.0,-1466.440701,0.0
2019-02-11,14,0,53,94.38,94.38,0.0,-2329.619145,0.0
2019-02-11,14,0,55,623.0,623.0,0.0,-15258.667861,0.0
2019-02-11,14,0,56,162.3,162.3,0.0,-4006.115567,0.0
2019-02-11,14,0,57,154.38,154.38,0.0,-3810.623051,0.0
2019-02-11,14,0,58,296.89,296.89,0.0,-7328.254163,0.0
2019-02-11,14,0,59,291.94,291.94,0.0,-7206.071341,0.0
2019-02-11,14,0,63,51.0,51.0,0.0,5974.111415,0.0
2019-02-11,14,0,64,60.0,60.0,0.0,7028.36637,0.0
2019-02-11,14,0,65,26.56,26.56,0.0,182.306833,0.0
2019-02-11,14,0,67,357.8,357.8,0.0,-197008.506354,0.0
2019-02-11,14,0,68,19.16,19.16,0.0,-7738.00756,0.0
2019-02-11,14,0,69,1.81,1.81,0.0,23.803523,0.0
2019-02-11,14,0,74,15.26,15.26,0.0,0.601251,0.0
2019-02-11,14,0,77,60.0,60.0,0.0,-16827.354594,0.0
2019-02-11,14,0,78,45.36,45.36,0.0,-12721.480073,0.0
2019-02-11,14,0,79,26.25,26.25,0.0,-7361.967635,0.0
2019-02-11,14,0,80,42.45,42.45,0.0,-11905.353375,0.0
2019-02-11,14,0,81,55.5,55.5,0.0,-15565.303,0.0
2019-02-11,14,0,82,39.15,39.15,0.0,-10979.848873,0.0
2019-02-11,14,0,83,87.3,87.3,0.0,-24483.800935,0.0
2019-02-11,14,0,84,0.0,0.0,0.0,-0.0,0.0
2019-02-11,14,0,86,9.16,9.16,0.0,120.46424,0.0
2019-02-11,14,0,87,46.75,46.75,0.0,614.814762,0.0
2019-02-11,14,0,88,51.18,51.18,0.0,-14353.733469,0.0
2019-02-11,14,0,89,49.2,49.2,0.0,-13798.430767,0.0
2019-02-11,14,0,90,66.06,66.06,0.0,-18526.917408,0.0
2019-02-11,14,0,91,235.65,235.65,0.0,-66089.435169,0.0
2019-02-11,14,0,92,84.75,84.75,0.0,-23768.638364,0.0
2019-02-11,14,0,95,120.0,120.0,0.0,2333.493576,0.0
2019-02-11,14,0,96,29.76,29.76,0.0,-740.523255,0.0
2019-02-11,14,0,97,199.52,199.52,0.0,-4964.690855,0.0
2019-02-11,14,0,99,2.95,2.95,0.0,0.116231,0.0
2019-02-11,14,0,101,11.08,11.08,0.0,-273.492055,0.0
2019-02-11,14,0,102,45.25,45.25,0.0,-18274.782989,0.0
2019-02-11,14,0,103,39.36,39.36,0.0,-15896.032231,0.0
2019-02-11,14,0,104,7.37,7.37,0.0,-2976.467417,0.0
2019-02-11,14,0,106,148.95,148.95,0.0,-3648.119708,0.0
2019-02-11,14,0,109,21.02,21.02,0.0,-169.214354,0.0
2019-02-11,14,0,110,338.6,338.6,0.0,-338600.0,0.0
2019-02-11,14,0,111,6.12,6.12,0.0,-88.265836,0.0
2019-02-11,14,0,113,45.0,45.0,0.0,-11458.080737,0.0
2019-02-11,14,0,115,45.0,45.0,0.0,-11458.080737,0.0
2019-02-11,14,0,116,72.76,72.76,0.0,-72760.0,0.0
2019-02-11,14,0,117,3.0,3.0,0.0,-763.872049,0.0
2019-02-11,14,0,119,60.0,60.0,0.0,7028.36637,0.0
2019-02-11,14,0,120,35.28,35.28,0.0,4132.679426,0.0
2019-02-11,14,0,123,2.48,2.48,0.0,-60.740765,0.0
2019-02-11,14,0,125,66.79,66.79,0.0,-1635.836961,0.0
2019-02-11,14,0,126,111.71,111.71,0.0,-2736.02855,0.0
2019-02-11,14,0,127,143.36,143.36,0.0,-3511.208065,0.0
2019-02-11,14,0,128,92.7,92.7,0.0,-2270.430996,0.0
2019-02-11,14,0,131,30.0,30.0,0.0,-10940.121405,0.0
2019-02-11,14,0,132,44.1,44.1,0.0,-16081.978465,0.0
2019-02-11,14,0,133,20.49,20.49,0.0,146.098907,0.0
2019-02-11,14,0,134,0.0,0.0,0.0,0.0,0.0
2019-02-11,14,0,135,27.45,27.45,0.0,195.725476,0.0
2019-02-11,14,0,136,29.69,29.69,0.0,203.394371,0.0
2019-02-11,14,0,139,25.96,25.96,0.0,-374.408676,0.0
2019-02-11,14,0,140,250.6,250.6,0.0,-250600.0,0.0
2019-02-11,14,0,141,230.0,230.0,0.0,-126640.459646,0.0
2019-02-11,14,0,142,471.85,471.85,0.0,-259805.656017,0.0
2019-02-11,14,0,143,170.24,170.24,0.0,-4202.101751,0.0
2019-02-11,14,0,145,23.06,23.06,0.0,-426.777946,0.0
2019-02-11,14,0,146,268.0,268.0,0.0,-268000.0,0.0
2019-02-11,14,0,152,6.0,6.0,0.0,1.113296,0.0
2019-02-11,14,0,153,7.72,7.72,0.0,-0.983548,0.0
2019-02-11,14,0,154,25.23,25.23,0.0,-363.880235,0.0
2019-02-11,14,0,157,250.0,250.0,0.0,-137652.673528,0.0
2019-02-11,14,0,158,382.59,382.59,0.0,-210658.145461,0.0
2019-02-11,14,0,159,0.0,0.0,0.0,0.0,0.0
2019-02-11,14,0,160,1.5,1.5,0.0,3.57401,0.0
2019-02-11,14,0,161,36.27,36.27,0.0,-14648.096774,0.0
2019-02-11,14,0,162,161.85,161.85,0.0,3279.577128,0.0
2019-02-11,14,0,163,130.61,130.61,0.0,-130610.0,0.0
2019-02-11,14,0,164,24.68,24.68,0.0,-609.186274,0.0
2019-02-11,14,0,167,4.93,4.93,0.0,79.703352,0.0
2019-02-11,14,0,168,2.47,2.47,0.0,39.932511,0.0
2019-02-11,14,0,169,0.0,0.0,0.0,0.0,0.0
2019-02-11,14,0,170,5.39,5.39,0.0,87.140176,0.0
2019-02-11,14,0,172,6.08,6.08,0.0,84.888697,0.0
2019-02-11,14,0,173,9.26,9.26,0.0,129.28772,0.0
2019-02-11,14,0,188,7.74,7.74,0.0,200.903244,0.0
2019-02-11,14,0,190,6.81,6.81,0.0,220.831664,0.0
2019-02-11,14,0,191,17.59,17.59,0.0,570.40073,0.0
2019-02-11,14,0,192,332.6,332.6,0.0,10785.405497,0.0
2019-02-11,14,0,194,52.95,52.95,0.0,-6422.277613,0.0
2019-02-11,14,0,196,3.67,3.67,0.0,999.295965,0.0
2019-02-11,14,0,198,6.57,6.57,0.0,55.330595,0.0
2019-02-11,14,0,199,88.71,88.71,0.0,-1494.506217,0.0
2019-02-11,14,0,200,11.14,11.14,0.0,-187.676691,0.0
2019-02-11,14,0,204,84.86,84.86,0.0,-751.439489,0.0
2019-02-11,14,0,205,111.19,111.19,0.0,-895.097243,0.0
2019-02-11,14,0,206,706.3,706.3,0.0,-17574.98572,0.0
2019-02-11,14,0,210,1.91,1.91,0.0,12.976699,0.0
2019-02-11,14,0,214,9.24,9.24,0.0,154.569924,0.0
2019-02-11,14,0,217,6.08,6.08,0.0,75.62025,0.0
2019-02-11,14,0,218,8.39,8.39,0.0,104.35097,0.0
2019-02-11,14,0,219,5.72,5.72,0.0,71.142735,0.0
2019-02-11,14,0,221,4.93,4.93,0.0,82.47075,0.0
2019-02-11,14,0,225,4.54,4.54,0.0,23.009693,0.0
2019-02-11,14,0,233,5.18,5.18,0.0,68.122791,0.0
2019-02-11,14,0,236,10.05,10.05,0.0,37.9251,0.0
2019-02-11,14,0,237,36.62,36.62,0.0,1.442846,0.0
2019-02-11,14,0,238,101.23,101.23,0.0,586.854938,0.0
2019-02-11,14,0,240,8.25,8.25,0.0,-21.747493,0.0
2019-02-11,14,0,245,49.36,49.36,0.0,394.990791,0.0
2019-02-11,14,0,247,76.36,76.36,0.0,611.051394,0.0
2019-02-11,14,0,248,3.68,3.68,0.0,0.144994,0.0
2019-02-11,14,0,249,94.92,94.92,0.0,759.573053,0.0
2019-02-11,14,0,251,205.15,205.15,0.0,1326.17159,0.0
2019-02-11,14,0,252,171.32,171.32,0.0,1175.933986,0.0
2019-02-11,14,0,254,9.5,9.5,0.0,-5.729008,0.0
2019-02-11,14,0,255,4.35,4.35,0.0,-2.623283,0.0
2019-02-11,14,0,258,9.44,9.44,0.0,-23.30977,0.0
2019-02-11,14,0,260,3.64,3.64,0.0,8.672931,0.0
2019-02-11,14,0,265,26.12,26.12,0.0,-376.71628,0.0
2019-02-11,14,0,266,16.81,16.81,0.0,-242.442598,0.0
2019-02-11,14,0,267,20.66,20.66,0.0,-297.969308,0.0
2019-02-11,14,0,270,454.05,454.05,0.0,-454050.0,0.0
2019-02-11,14,0,272,150.39,150.39,0.0,-38292.905824,0.0
2019-02-11,14,0,273,17.4,17.4,0.0,-17400.0,0.0
2019-02-11,14,0,274,605.65,605.65,0.0,-605650.0,0.0
2019-02-11,14,0,275,880.86,880.86,0.0,-880860.0,0.0
2019-02-11,14,0,276,3.23,3.23,0.0,-2905.904558,0.0
2019-02-11,14,0,277,3.61,3.61,0.0,-956.579386,0.0
2019-02-11,14,0,278,5.78,5.78,0.0,-1531.58694,0.0
2019-02-11,14,0,279,264.6,264.6,0.0,-70113.824256,0.0
2019-02-11,14,0,281,25.15,25.15,0.0,-620.787471,0.0
2019-02-11,14,0,282,301.84,301.84,0.0,-7450.436985,0.0
2019-02-11,15,0,9,1.79,1.79,0.0,8.274041,0.0
2019-02-11,15,0,17,31.85,31.85,0.0,288.985939,0.0
2019-02-11,15,0,19,98.91,98.91,0.0,897.444244,0.0
2019-02-11,15,0,20,119.96,119.96,0.0,1088.438091,0.0
2019-02-11,15,0,21,40.92,40.92,0.0,189.147353,0.0
2019-02-11,15,0,22,145.44,145.44,0.0,672.277395,0.0
2019-02-11,15,0,23,32.64,32.64,0.0,150.874135,0.0
2019-02-11,15,0,24,57.75,57.75,0.0,266.941829,0.0
2019-02-11,15,0,29,4.98,4.98,0.0,25.996637,0.0
2019-02-11,15,0,30,528.53,528.53,0.0,2429.427697,0.0
2019-02-11,15,0,31,86.83,86.83,0.0,399.120593,0.0
2019-02-11,15,0,32,3.65,3.65,0.0,170.03193,0.0
2019-02-11,15,0,33,1.77,1.77,0.0,17.671045,0.0
2019-02-11,15,0,34,2.83,2.83,0.0,28.253704,0.0
2019-02-11,15,0,35,2.83,2.83,0.0,28.253704,0.0
2019-02-11,15,0,36,7.13,7.13,0.0,53.766519,0.0
2019-02-11,15,0,37,3.64,3.64,0.0,27.308714,0.0
2019-02-11,15,0,38,4.68,4.68,0.0,35.111204,0.0
2019-02-11,15,0,39,3.12,3.12,0.0,23.407469,0.0
2019-02-11,15,0,40,3.12,3.12,0.0,23.407469,0.0
2019-02-11,15,0,41,27.61,27.61,0.0,165.541244,0.0
2019-02-11,15,0,42,75.09,75.09,0.0,666.500412,0.0
2019-02-11,15,0,43,19.01,19.01,0.0,144.948647,0.0
2019-02-11,15,0,46,11.37,11.37,0.0,81.945344,0.0
2019-02-11,15,0,52,92.04,92.04,0.0,423.068748,0.0
2019-02-11,15,0,53,146.22,146.22,0.0,672.111172,0.0
2019-02-11,15,0,55,623.0,623.0,0.0,2879.736091,0.0
2019-02-11,15,0,56,155.9,155.9,0.0,716.606017,0.0
2019-02-11,15,0,57,148.29,148.29,0.0,681.626082,0.0
2019-02-11,15,0,58,285.18,285.18,0.0,1310.851211,0.0
2019-02-11,15,0,59,280.43,280.43,0.0,1289.017481,0.0
2019-02-11,15,0,63,51.0,51.0,0.0,5840.298691,0.0
2019-02-11,15,0,64,60.0,60.0,0.0,6870.939636,0.0
2019-02-11,15,0,65,26.32,26.32,0.0,237.845606,0.0
2019-02-11,15,0,67,345.6,345.6,0.0,-192354.730002,0.0
2019-02-11,15,0,68,34.0,34.0,0.0,-14000.649477,0.0
2019-02-11,15,0,69,1.77,1.77,0.0,17.671045,0.0
2019-02-11,15,0,74,30.78,30.78,0.0,246.805337,0.0
2019-02-11,15,0,77,60.0,60.0,0.0,-17463.969697,0.0
2019-02-11,15,0,78,45.36,45.36,0.0,-13202.761091,0.0
2019-02-11,15,0,79,26.25,26.25,0.0,-7640.486742,0.0
2019-02-11,15,0,80,42.45,42.45,0.0,-12355.758561,0.0
2019-02-11,15,0,81,55.5,55.5,0.0,-16154.17197,0.0
2019-02-11,15,0,82,39.15,39.15,0.0,-11395.240227,0.0
2019-02-11,15,0,83,87.3,87.3,0.0,-25410.075909,0.0
2019-02-11,15,0,84,0.0,0.0,0.0,0.0,0.0
2019-02-11,15,0,86,8.95,8.95,0.0,89.353587,0.0
2019-02-11,15,0,87,45.71,45.71,0.0,456.35223,0.0
2019-02-11,15,0,88,51.18,51.18,0.0,-14896.766152,0.0
2019-02-11,15,0,89,49.2,49.2,0.0,-14320.455152,0.0
2019-02-11,15,0,90,66.06,66.06,0.0,-19227.830636,0.0
2019-02-11,15,0,91,235.65,235.65,0.0,-68589.740985,0.0
2019-02-11,15,0,92,84.75,84.75,0.0,-24667.857197,0.0
2019-02-11,15,0,95,120.0,120.0,0.0,2333.493576,0.0
2019-02-11,15,0,96,29.88,29.88,0.0,136.540158,0.0
2019-02-11,15,0,97,183.75,183.75,0.0,839.667133,0.0
2019-02-11,15,0,99,5.94,5.94,0.0,47.6291,0.0
2019-02-11,15,0,101,10.65,10.65,0.0,48.953522,0.0
2019-02-11,15,0,102,80.5,80.5,0.0,-33148.596555,0.0
2019-02-11,15,0,103,70.0,70.0,0.0,-28824.866569,0.0
2019-02-11,15,0,104,13.0,13.0,0.0,-5353.189506,0.0
2019-02-11,15,0,106,143.17,143.17,0.0,661.784616,0.0
2019-02-11,15,0,109,12.92,12.92,0.0,88.239173,0.0
2019-02-11,15,0,110,338.6,338.6,0.0,-338600.0,0.0
2019-02-11,15,0,111,5.92,5.92,0.0,35.494537,0.0
2019-02-11,15,0,113,45.0,45.0,0.0,-11795.91552,0.0
2019-02-11,15,0,115,45.0,45.0,0.0,-11795.91552,0.0
2019-02-11,15,0,116,70.37,70.37,0.0,-70370.0,0.0
2019-02-11,15,0,117,3.0,3.0,0.0,-786.394368,0.0
2019-02-11,15,0,119,60.0,60.0,0.0,6870.939636,0.0
2019-02-11,15,0,120,35.28,35.28,0.0,4040.112506,0.0
2019-02-11,15,0,123,2.39,2.39,0.0,11.047463,0.0
2019-02-11,15,0,125,52.26,52.26,0.0,241.565021,0.0
2019-02-11,15,0,126,107.38,107.38,0.0,496.350018,0.0
2019-02-11,15,0,127,137.8,137.8,0.0,636.962493,0.0
2019-02-11,15,0,128,74.85,74.85,0.0,345.984344,0.0
2019-02-11,15,0,131,73.62,73.62,0.0,-27468.55536,0.0
2019-02-11,15,0,132,108.35,108.35,0.0,-40426.758669,0.0
2019-02-11,15,0,133,24.73,24.73,0.0,224.469148,0.0
2019-02-11,15,0,134,0.0,0.0,0.0,0.0,0.0
2019-02-11,15,0,135,33.14,33.14,0.0,300.804996,0.0
2019-02-11,15,0,136,28.52,28.52,0.0,257.668927,0.0
2019-02-11,15,0,139,35.9,35.9,0.0,215.245587,0.0
2019-02-11,15,0,140,250.6,250.6,0.0,-250600.0,0.0
2019-02-11,15,0,141,230.0,230.0,0.0,-128013.853879,0.0
2019-02-11,15,0,142,455.76,455.76,0.0,-253667.80019,0.0
2019-02-11,15,0,143,238.5,238.5,0.0,1096.283098,0.0
2019-02-11,15,0,145,7.78,7.78,0.0,42.214414,0.0
2019-02-11,15,0,146,268.0,268.0,0.0,-268000.0,0.0
2019-02-11,15,0,152,5.81,5.81,0.0,46.624801,0.0
2019-02-11,15,0,153,7.49,7.49,0.0,59.750745,0.0
2019-02-11,15,0,154,24.42,24.42,0.0,146.414964,0.0
2019-02-11,15,0,157,250.0,250.0,0.0,-139145.493346,0.0
2019-02-11,15,0,158,369.77,369.77,0.0,-205807.316299,0.0
2019-02-11,15,0,159,0.0,0.0,0.0,0.0,0.0
2019-02-11,15,0,160,1.44,1.44,0.0,11.611687,0.0
2019-02-11,15,0,161,34.78,34.78,0.0,-14321.840847,0.0
2019-02-11,15,0,162,150.61,150.61,0.0,3045.665431,0.0
2019-02-11,15,0,163,142.89,142.89,0.0,-142890.0,0.0
2019-02-11,15,0,164,23.3,23.3,0.0,107.100194,0.0
2019-02-11,15,0,167,4.68,4.68,0.0,75.939258,0.0
2019-02-11,15,0,168,2.34,2.34,0.0,37.969629,0.0
2019-02-11,15,0,169,0.0,0.0,0.0,0.0,0.0
2019-02-11,15,0,170,5.12,5.12,0.0,83.078847,0.0
2019-02-11,15,0,172,5.83,5.83,0.0,105.188832,0.0
2019-02-11,15,0,173,8.89,8.89,0.0,160.399437,0.0
2019-02-11,15,0,188,7.52,7.52,0.0,199.326473,0.0
2019-02-11,15,0,190,6.49,6.49,0.0,210.454846,0.0
2019-02-11,15,0,191,16.78,16.78,0.0,544.134408,0.0
2019-02-11,15,0,192,332.6,332.6,0.0,10785.405497,0.0
2019-02-11,15,0,194,52.95,52.95,0.0,-6743.362433,0.0
2019-02-11,15,0,196,3.52,3.52,0.0,941.440155,0.0
2019-02-11,15,0,198,6.35,6.35,0.0,54.709392,0.0
2019-02-11,15,0,199,56.85,56.85,0.0,-2383.36064,0.0
2019-02-11,15,0,200,10.79,10.79,0.0,-452.356399,0.0
2019-02-11,15,0,204,49.02,49.02,0.0,329.14398,0.0
2019-02-11,15,0,205,68.36,68.36,0.0,466.875376,0.0
2019-02-11,15,0,206,539.94,539.94,0.0,2467.319031,0.0
2019-02-11,15,0,210,1.84,1.84,0.0,9.600348,0.0
2019-02-11,15,0,214,9.02,9.02,0.0,94.915468,0.0
2019-02-11,15,0,217,5.87,5.87,0.0,49.346457,0.0
2019-02-11,15,0,218,8.09,8.09,0.0,68.009001,0.0
2019-02-11,15,0,219,5.51,5.51,0.0,46.320099,0.0
2019-02-11,15,0,221,4.81,4.81,0.0,50.614568,0.0
2019-02-11,15,0,225,4.27,4.27,0.0,22.291373,0.0
2019-02-11,15,0,233,5.07,5.07,0.0,50.61706,0.0
2019-02-11,15,0,236,28.72,28.72,0.0,246.123391,0.0
2019-02-11,15,0,237,73.85,73.85,0.0,592.156405,0.0
2019-02-11,15,0,238,97.73,97.73,0.0,867.453526,0.0
2019-02-11,15,0,240,8.08,8.08,0.0,60.930361,0.0
2019-02-11,15,0,245,58.48,58.48,0.0,538.491563,0.0
2019-02-11,15,0,247,88.63,88.63,0.0,816.116745,0.0
2019-02-11,15,0,248,7.41,7.41,0.0,59.4161,0.0
2019-02-11,15,0,249,112.46,112.46,0.0,1035.546532,0.0
2019-02-11,15,0,251,211.45,211.45,0.0,1898.082228,0.0
2019-02-11,15,0,252,169.77,169.77,0.0,1534.158376,0.0
2019-02-11,15,0,254,9.44,9.44,0.0,73.01817,0.0
2019-02-11,15,0,255,4.32,4.32,0.0,33.415095,0.0
2019-02-11,15,0,258,9.2,9.2,0.0,69.500933,0.0
2019-02-11,15,0,260,3.49,3.49,0.0,28.142214,0.0
2019-02-11,15,0,265,25.29,25.29,0.0,151.631222,0.0
2019-02-11,15,0,266,22.96,22.96,0.0,137.661244,0.0
2019-02-11,15,0,267,28.39,28.39,0.0,170.217889,0.0
2019-02-11,15,0,270,466.38,466.38,0.0,-466380.0,0.0
2019-02-11,15,0,272,150.39,150.39,0.0,-39421.949669,0.0
2019-02-11,15,0,273,16.83,16.83,0.0,-16830.0,0.0
2019-02-11,15,0,274,614.3,614.3,0.0,-614300.0,0.0
2019-02-11,15,0,275,881.73,881.73,0.0,-881730.0,0.0
2019-02-11,15,0,276,3.13,3.13,0.0,-2820.111578,0.0
2019-02-11,15,0,277,3.47,3.47,0.0,-949.849507,0.0
2019-02-11,15,0,278,5.55,5.55,0.0,-1519.211748,0.0
2019-02-11,15,0,279,264.6,264.6,0.0,-72429.446565,0.0
2019-02-11,15,0,281,38.97,38.97,0.0,179.128521,0.0
2019-02-11,15,0,282,289.93,289.93,0.0,1332.684942,0.0
2019-02-11,16,0,9,3.33,3.33,0.0,-1273.432566,0.0
2019-02-11,16,0,17,26.71,26.71,0.0,238.805539,0.0
2019-02-11,16,0,19,191.42,191.42,0.0,1711.424797,0.0
2019-02-11,16,0,20,241.6,241.6,0.0,2160.068076,0.0
2019-02-11,16,0,21,76.18,76.18,0.0,-29132.160027,0.0
2019-02-11,16,0,22,270.74,270.74,0.0,-103534.274163,0.0
2019-02-11,16,0,23,32.64,32.64,0.0,-12481.933621,0.0
2019-02-11,16,0,24,57.75,57.75,0.0,-22084.303512,0.0
2019-02-11,16,0,29,2.93,2.93,0.0,15.29521,0.0
2019-02-11,16,0,30,648.79,648.79,0.0,-648790.0,0.0
2019-02-11,16,0,31,125.0,125.0,0.0,-125000.0,0.0
2019-02-11,16,0,32,1.7,1.7,0.0,78.979899,0.0
2019-02-11,16,0,33,1.46,1.46,0.0,15.267247,0.0
2019-02-11,16,0,34,2.33,2.33,0.0,24.364854,0.0
2019-02-11,16,0,35,2.33,2.33,0.0,24.364854,0.0
2019-02-11,16,0,36,4.96,4.96,0.0,35.108029,0.0
2019-02-11,16,0,37,2.51,2.51,0.0,17.960386,0.0
2019-02-11,16,0,38,3.23,3.23,0.0,23.11237,0.0
2019-02-11,16,0,39,2.15,2.15,0.0,15.384395,0.0
2019-02-11,16,0,40,2.15,2.15,0.0,15.384395,0.0
2019-02-11,16,0,41,31.2,31.2,0.0,-61.401469,0.0
2019-02-11,16,0,42,55.87,55.87,0.0,481.151872,0.0
2019-02-11,16,0,43,13.45,13.45,0.0,99.526894,0.0
2019-02-11,16,0,46,7.88,7.88,0.0,56.855867,0.0
2019-02-11,16,0,52,132.5,132.5,0.0,-132500.0,0.0
2019-02-11,16,0,53,210.5,210.5,0.0,-210500.0,0.0
2019-02-11,16,0,55,623.0,623.0,0.0,-238242.789405,0.0
2019-02-11,16,0,56,191.37,191.37,0.0,-191370.0,0.0
2019-02-11,16,0,57,182.04,182.04,0.0,-182040.0,0.0
2019-02-11,16,0,58,350.07,350.07,0.0,-350070.0,0.0
2019-02-11,16,0,59,344.23,344.23,0.0,-344230.0,0.0
2019-02-11,16,0,63,51.0,51.0,0.0,5851.778365,0.0
2019-02-11,16,0,64,60.0,60.0,0.0,6884.445135,0.0
2019-02-11,16,0,65,27.56,27.56,0.0,244.722359,0.0
2019-02-11,16,0,67,349.6,349.6,0.0,-194353.010775,0.0
2019-02-11,16,0,68,34.0,34.0,0.0,-13971.228593,0.0
2019-02-11,16,0,69,1.46,1.46,0.0,15.267247,0.0
2019-02-11,16,0,74,33.84,33.84,0.0,231.736745,0.0
2019-02-11,16,0,77,60.0,60.0,0.0,-17396.049923,0.0
2019-02-11,16,0,78,45.36,45.36,0.0,-13151.413742,0.0
2019-02-11,16,0,79,26.25,26.25,0.0,-7610.771841,0.0
2019-02-11,16,0,80,42.45,42.45,0.0,-12307.705321,0.0
2019-02-11,16,0,81,55.5,55.5,0.0,-16091.346179,0.0
2019-02-11,16,0,82,39.15,39.15,0.0,-11350.922575,0.0
2019-02-11,16,0,83,87.3,87.3,0.0,-25311.252638,0.0
2019-02-11,16,0,84,0.0,0.0,0.0,0.0,0.0
2019-02-11,16,0,86,7.38,7.38,0.0,77.172799,0.0
2019-02-11,16,0,87,37.69,37.69,0.0,394.125039,0.0
2019-02-11,16,0,88,51.18,51.18,0.0,-14838.830584,0.0
2019-02-11,16,0,89,49.2,49.2,0.0,-14264.760937,0.0
2019-02-11,16,0,90,66.06,66.06,0.0,-19153.050965,0.0
2019-02-11,16,0,91,235.65,235.65,0.0,-68322.986073,0.0
2019-02-11,16,0,92,84.75,84.75,0.0,-24571.920516,0.0
2019-02-11,16,0,95,120.0,120.0,0.0,2333.493576,0.0
2019-02-11,16,0,96,29.88,29.88,0.0,1607.616594,0.0
2019-02-11,16,0,97,183.75,183.75,0.0,9886.196421,0.0
2019-02-11,16,0,99,7.42,7.42,0.0,50.812253,0.0
2019-02-11,16,0,101,13.07,13.07,0.0,-13070.0,0.0
2019-02-11,16,0,102,80.5,80.5,0.0,-33078.938285,0.0
2019-02-11,16,0,103,70.0,70.0,0.0,-28764.294161,0.0
2019-02-11,16,0,104,13.0,13.0,0.0,-5341.940344,0.0
2019-02-11,16,0,106,266.52,266.52,0.0,-101920.494755,0.0
2019-02-11,16,0,109,7.25,7.25,0.0,50.463203,0.0
2019-02-11,16,0,110,338.6,338.6,0.0,-338600.0,0.0
2019-02-11,16,0,111,12.24,12.24,0.0,-24.088269,0.0
2019-02-11,16,0,113,45.0,45.0,0.0,-11756.226707,0.0
2019-02-11,16,0,115,45.0,45.0,0.0,-11756.226707,0.0
2019-02-11,16,0,116,114.06,114.06,0.0,-114060.0,0.0
2019-02-11,16,0,117,3.0,3.0,0.0,-783.748447,0.0
2019-02-11,16,0,119,60.0,60.0,0.0,6884.445135,0.0
2019-02-11,16,0,120,35.28,35.28,0.0,4048.053739,0.0
2019-02-11,16,0,123,4.44,4.44,0.0,-1697.910088,0.0
2019-02-11,16,0,125,52.26,52.26,0.0,-19984.860633,0.0
2019-02-11,16,0,126,199.89,199.89,0.0,-76440.371066,0.0
2019-02-11,16,0,127,256.53,256.53,0.0,-98100.197056,0.0
2019-02-11,16,0,128,74.85,74.85,0.0,-28623.551825,0.0
2019-02-11,16,0,131,30.0,30.0,0.0,-11165.714075,0.0
2019-02-11,16,0,132,44.1,44.1,0.0,-16413.59969,0.0
2019-02-11,16,0,133,35.86,35.86,0.0,320.819041,0.0
2019-02-11,16,0,134,0.0,0.0,0.0,0.0,0.0
2019-02-11,16,0,135,45.59,45.59,0.0,407.867822,0.0
2019-02-11,16,0,136,29.19,29.19,0.0,259.098298,0.0
2019-02-11,16,0,139,40.63,40.63,0.0,-79.959669,0.0
2019-02-11,16,0,140,250.6,250.6,0.0,-250600.0,0.0
2019-02-11,16,0,141,0.0,0.0,0.0,-0.0,0.0
2019-02-11,16,0,142,461.04,461.04,0.0,-256305.812607,0.0
2019-02-11,16,0,143,238.5,238.5,0.0,-238500.0,0.0
2019-02-11,16,0,145,5.37,5.37,0.0,37.085624,0.0
2019-02-11,16,0,146,268.0,268.0,0.0,-268000.0,0.0
2019-02-11,16,0,152,4.84,4.84,0.0,35.816892,0.0
2019-02-11,16,0,153,5.95,5.95,0.0,43.640157,0.0
2019-02-11,16,0,154,50.48,50.48,0.0,-99.344428,0.0
2019-02-11,16,0,157,250.0,250.0,0.0,-138982.416172,0.0
2019-02-11,16,0,158,286.66,286.66,0.0,-159362.797679,0.0
2019-02-11,16,0,159,0.0,0.0,0.0,0.0,0.0
2019-02-11,16,0,160,0.84,0.84,0.0,6.70077,0.0
2019-02-11,16,0,161,64.63,64.63,0.0,-26557.661881,0.0
2019-02-11,16,0,162,162.5,162.5,0.0,3287.052806,0.0
2019-02-11,16,0,163,146.36,146.36,0.0,-146360.0,0.0
2019-02-11,16,0,164,24.81,24.81,0.0,-24810.0,0.0
2019-02-11,16,0,167,2.08,2.08,0.0,33.747499,0.0
2019-02-11,16,0,168,1.04,1.04,0.0,16.87375,0.0
2019-02-11,16,0,169,0.0,0.0,0.0,0.0,0.0
2019-02-11,16,0,170,2.28,2.28,0.0,36.992451,0.0
2019-02-11,16,0,172,2.65,2.65,0.0,45.93819,0.0
2019-02-11,16,0,173,4.03,4.03,0.0,69.86072,0.0
2019-02-11,16,0,188,3.46,3.46,0.0,90.980945,0.0
2019-02-11,16,0,190,6.69,6.69,0.0,216.940357,0.0
2019-02-11,16,0,191,17.28,17.28,0.0,560.348187,0.0
2019-02-11,16,0,192,332.6,332.6,0.0,10785.405497,0.0
2019-02-11,16,0,194,52.4,52.4,0.0,-6631.017805,0.0
2019-02-11,16,0,196,4.41,4.41,0.0,1181.647857,0.0
2019-02-11,16,0,198,3.72,3.72,0.0,32.284618,0.0
2019-02-11,16,0,199,34.28,34.28,0.0,-1241.306367,0.0
2019-02-11,16,0,200,5.45,5.45,0.0,-197.348883,0.0
2019-02-11,16,0,204,25.3,25.3,0.0,177.037592,0.0
2019-02-11,16,0,205,38.35,38.35,0.0,266.932941,0.0
2019-02-11,16,0,206,539.94,539.94,0.0,29050.083786,0.0
2019-02-11,16,0,210,0.8,0.8,0.0,4.377345,0.0
2019-02-11,16,0,214,6.65,6.65,0.0,75.430819,0.0
2019-02-11,16,0,217,4.54,4.54,0.0,40.494305,0.0
2019-02-11,16,0,218,6.26,6.26,0.0,55.83576,0.0
2019-02-11,16,0,219,4.26,4.26,0.0,37.996859,0.0
2019-02-11,16,0,221,3.55,3.55,0.0,40.26758,0.0
2019-02-11,16,0,225,3.14,3.14,0.0,16.315197,0.0
2019-02-11,16,0,233,4.18,4.18,0.0,43.710339,0.0
2019-02-11,16,0,236,52.21,52.21,0.0,425.694335,0.0
2019-02-11,16,0,237,77.39,77.39,0.0,529.967691,0.0
2019-02-11,16,0,238,72.73,72.73,0.0,626.350021,0.0
2019-02-11,16,0,240,5.62,5.62,0.0,39.779662,0.0
2019-02-11,16,0,245,68.84,68.84,0.0,630.932864,0.0
2019-02-11,16,0,247,102.81,102.81,0.0,942.274953,0.0
2019-02-11,16,0,248,9.11,9.11,0.0,62.385394,0.0
2019-02-11,16,0,249,132.39,132.39,0.0,1213.381782,0.0
2019-02-11,16,0,251,227.13,227.13,0.0,1994.059237,0.0
2019-02-11,16,0,252,177.78,177.78,0.0,1578.619047,0.0
2019-02-11,16,0,254,6.06,6.06,0.0,45.72054,0.0
2019-02-11,16,0,255,2.78,2.78,0.0,20.974109,0.0
2019-02-11,16,0,258,6.57,6.57,0.0,46.845168,0.0
2019-02-11,16,0,260,2.05,2.05,0.0,16.353069,0.0
2019-02-11,16,0,265,52.27,52.27,0.0,-102.86714,0.0
2019-02-11,16,0,266,25.9,25.9,0.0,-50.971091,0.0
2019-02-11,16,0,267,32.09,32.09,0.0,-63.152985,0.0
2019-02-11,16,0,270,395.58,395.58,0.0,-395580.0,0.0
2019-02-11,16,0,272,150.39,150.39,0.0,-39289.309653,0.0
2019-02-11,16,0,273,27.28,27.28,0.0,-27280.0,0.0
2019-02-11,16,0,274,493.67,493.67,0.0,-493670.0,0.0
2019-02-11,16,0,275,661.83,661.83,0.0,-661830.0,0.0
2019-02-11,16,0,276,5.34,5.34,0.0,-4810.530817,0.0
2019-02-11,16,0,277,4.96,4.96,0.0,-1352.838188,0.0
2019-02-11,16,0,278,7.94,7.94,0.0,-2165.632099,0.0
2019-02-11,16,0,279,604.22,604.22,0.0,-164800.784274,0.0
2019-02-11,16,0,281,56.1,56.1,0.0,-56100.0,0.0
2019-02-11,16,0,282,355.9,355.9,0.0,-355900.0,0.0
2019-02-11,17,0,9,2.43,2.43,0.0,-928.297813,0.0
2019-02-11,17,0,17,19.7,19.7,0.0,178.019123,0.0
2019-02-11,17,0,19,123.42,123.42,0.0,1115.285287,0.0
2019-02-11,17,0,20,148.62,148.62,0.0,1343.00518,0.0
2019-02-11,17,0,21,55.62,55.62,0.0,-21247.705502,0.0
2019-02-11,17,0,22,197.65,197.65,0.0,-75505.375629,0.0
2019-02-11,17,0,23,47.2,47.2,0.0,-18031.134479,0.0
2019-02-11,17,0,24,83.96,83.96,0.0,-32074.026501,0.0
2019-02-11,17,0,29,2.07,2.07,0.0,11.047574,0.0
2019-02-11,17,0,30,471.67,471.67,0.0,-471670.0,0.0
2019-02-11,17,0,31,125.0,125.0,0.0,-125000.0,0.0
2019-02-11,17,0,32,1.16,1.16,0.0,56.078162,0.0
2019-02-11,17,0,33,1.06,1.06,0.0,11.081034,0.0
2019-02-11,17,0,34,1.69,1.69,0.0,17.666932,0.0
2019-02-11,17,0,35,1.69,1.69,0.0,17.666932,0.0
2019-02-11,17,0,36,3.56,3.56,0.0,26.085865,0.0
2019-02-11,17,0,37,1.82,1.82,0.0,13.480472,0.0
2019-02-11,17,0,38,2.34,2.34,0.0,17.332035,0.0
2019-02-11,17,0,39,1.56,1.56,0.0,11.55469,0.0
2019-02-11,17,0,40,1.56,1.56,0.0,11.55469,0.0
2019-02-11,17,0,41,12.93,12.93,0.0,-19.474389,0.0
2019-02-11,17,0,42,40.69,40.69,0.0,355.194498,0.0
2019-02-11,17,0,43,9.66,9.66,0.0,73.656177,0.0
2019-02-11,17,0,46,5.66,5.66,0.0,42.47116,0.0
2019-02-11,17,0,52,132.5,132.5,0.0,-132500.0,0.0
2019-02-11,17,0,53,210.5,210.5,0.0,-210500.0,0.0
2019-02-11,17,0,55,623.0,623.0,0.0,-237995.694496,0.0
2019-02-11,17,0,56,139.12,139.12,0.0,-139120.0,0.0
2019-02-11,17,0,57,132.34,132.34,0.0,-132340.0,0.0
2019-02-11,17,0,58,254.5,254.5,0.0,-254500.0,0.0
2019-02-11,17,0,59,250.25,250.25,0.0,-250250.0,0.0
2019-02-11,17,0,63,95.49,95.49,0.0,11171.618446,0.0
2019-02-11,17,0,64,112.31,112.31,0.0,13139.433109,0.0
2019-02-11,17,0,65,12.1,12.1,0.0,108.651147,0.0
2019-02-11,17,0,67,255.3,255.3,0.0,-141734.077334,0.0
2019-02-11,17,0,68,19.11,19.11,0.0,-7833.312737,0.0
2019-02-11,17,0,69,1.06,1.06,0.0,11.081034,0.0
2019-02-11,17,0,74,15.34,15.34,0.0,108.306907,0.0
2019-02-11,17,0,77,60.0,60.0,0.0,-17324.216937,0.0
2019-02-11,17,0,78,45.36,45.36,0.0,-13097.108004,0.0
2019-02-11,17,0,79,26.25,26.25,0.0,-7579.34491,0.0
2019-02-11,17,0,80,42.45,42.45,0.0,-12256.883483,0.0
2019-02-11,17,0,81,55.5,55.5,0.0,-16024.900666,0.0
2019-02-11,17,0,82,39.15,39.15,0.0,-11304.051551,0.0
2019-02-11,17,0,83,87.3,87.3,0.0,-25206.735643,0.0
2019-02-11,17,0,84,0.0,0.0,0.0,0.0,0.0
2019-02-11,17,0,86,5.37,5.37,0.0,56.136936,0.0
2019-02-11,17,0,87,27.4,27.4,0.0,286.434275,0.0
2019-02-11,17,0,88,51.18,51.18,0.0,-14777.557047,0.0
2019-02-11,17,0,89,49.2,49.2,0.0,-14205.857888,0.0
2019-02-11,17,0,90,66.06,66.06,0.0,-19073.962847,0.0
2019-02-11,17,0,91,235.65,235.65,0.0,-68040.862019,0.0
2019-02-11,17,0,92,84.75,84.75,0.0,-24470.456423,0.0
2019-02-11,17,0,95,78.12,78.12,0.0,1752.211024,0.0
2019-02-11,17,0,96,29.88,29.88,0.0,1628.12339,0.0
2019-02-11,17,0,97,183.75,183.75,0.0,10012.304982,0.0
2019-02-11,17,0,99,3.12,3.12,0.0,22.028524,0.0
2019-02-11,17,0,101,9.5,9.5,0.0,-9500.0,0.0
2019-02-11,17,0,102,45.19,45.19,0.0,-18523.673606,0.0
2019-02-11,17,0,103,39.3,39.3,0.0,-16109.324468,0.0
2019-02-11,17,0,104,7.33,7.33,0.0,-3004.614462,0.0
2019-02-11,17,0,106,194.57,194.57,0.0,-74328.767702,0.0
2019-02-11,17,0,109,6.99,6.99,0.0,51.095676,0.0
2019-02-11,17,0,110,338.6,338.6,0.0,-338600.0,0.0
2019-02-11,17,0,111,9.26,9.26,0.0,-13.946856,0.0
2019-02-11,17,0,113,45.0,45.0,0.0,-11696.788217,0.0
2019-02-11,17,0,115,45.0,45.0,0.0,-11696.788217,0.0
2019-02-11,17,0,116,82.66,82.66,0.0,-82660.0,0.0
2019-02-11,17,0,117,3.0,3.0,0.0,-779.785881,0.0
2019-02-11,17,0,119,112.31,112.31,0.0,13139.433109,0.0
2019-02-11,17,0,120,66.1,66.1,0.0,7733.207448,0.0
2019-02-11,17,0,123,3.24,3.24,0.0,-1237.730418,0.0
2019-02-11,17,0,125,75.89,75.89,0.0,-28991.160923,0.0
2019-02-11,17,0,126,145.93,145.93,0.0,-55747.530815,0.0
2019-02-11,17,0,127,187.28,187.28,0.0,-71543.874262,0.0
2019-02-11,17,0,128,109.23,109.23,0.0,-41727.559727,0.0
2019-02-11,17,0,131,30.0,30.0,0.0,-11133.3577,0.0
2019-02-11,17,0,132,44.1,44.1,0.0,-16366.035819,0.0
2019-02-11,17,0,133,58.54,58.54,0.0,529.311689,0.0
2019-02-11,17,0,134,0.0,0.0,0.0,0.0,0.0
2019-02-11,17,0,135,76.64,76.64,0.0,692.969727,0.0
2019-02-11,17,0,136,15.69,15.69,0.0,140.838157,0.0
2019-02-11,17,0,139,16.7,16.7,0.0,-25.152537,0.0
2019-02-11,17,0,140,250.6,250.6,0.0,-250600.0,0.0
2019-02-11,17,0,141,230.0,230.0,0.0,-127688.357959,0.0
2019-02-11,17,0,142,336.68,336.68,0.0,-186913.549381,0.0
2019-02-11,17,0,143,238.5,238.5,0.0,-238500.0,0.0
2019-02-11,17,0,145,7.38,7.38,0.0,54.95084,0.0
2019-02-11,17,0,146,268.0,268.0,0.0,-268000.0,0.0
2019-02-11,17,0,152,3.52,3.52,0.0,26.783549,0.0
2019-02-11,17,0,153,4.31,4.31,0.0,32.533415,0.0
2019-02-11,17,0,154,38.21,38.21,0.0,-57.549607,0.0
2019-02-11,17,0,157,250.0,250.0,0.0,-138791.693434,0.0
2019-02-11,17,0,158,214.67,214.67,0.0,-119177.651318,0.0
2019-02-11,17,0,159,0.0,0.0,0.0,0.0,0.0
2019-02-11,17,0,160,0.61,0.61,0.0,4.953309,0.0
2019-02-11,17,0,161,46.53,46.53,0.0,-19072.948282,0.0
2019-02-11,17,0,162,78.39,78.39,0.0,1819.683773,0.0
2019-02-11,17,0,163,185.4,185.4,0.0,-185400.0,0.0
2019-02-11,17,0,164,18.33,18.33,0.0,-18330.0,0.0
2019-02-11,17,0,167,1.44,1.44,0.0,27.712042,0.0
2019-02-11,17,0,168,0.72,0.72,0.0,13.856021,0.0
2019-02-11,17,0,169,0.0,0.0,0.0,0.0,0.0
2019-02-11,17,0,170,1.57,1.57,0.0,30.213823,0.0
2019-02-11,17,0,172,1.83,1.83,0.0,35.996728,0.0
2019-02-11,17,0,173,2.79,2.79,0.0,54.880257,0.0
2019-02-11,17,0,188,2.35,2.35,0.0,66.819743,0.0
2019-02-11,17,0,190,4.74,4.74,0.0,153.706621,0.0
2019-02-11,17,0,191,12.24,12.24,0.0,396.913299,0.0
2019-02-11,17,0,192,332.6,332.6,0.0,10785.405497,0.0
2019-02-11,17,0,194,45.82,45.82,0.0,-5724.040299,0.0
2019-02-11,17,0,196,3.19,3.19,0.0,862.701636,0.0
2019-02-11,17,0,198,2.65,2.65,0.0,23.017559,0.0
2019-02-11,17,0,199,17.85,17.85,0.0,-624.651755,0.0
2019-02-11,17,0,200,3.85,3.85,0.0,-134.72881,0.0
2019-02-11,17,0,204,25.44,25.44,0.0,187.260708,0.0
2019-02-11,17,0,205,36.98,36.98,0.0,270.317326,0.0
2019-02-11,17,0,206,539.94,539.94,0.0,29420.647358,0.0
2019-02-11,17,0,210,0.57,0.57,0.0,3.185503,0.0
2019-02-11,17,0,214,4.69,4.69,0.0,52.908715,0.0
2019-02-11,17,0,217,3.17,3.17,0.0,28.274658,0.0
2019-02-11,17,0,218,4.38,4.38,0.0,39.067193,0.0
2019-02-11,17,0,219,2.98,2.98,0.0,26.579963,0.0
2019-02-11,17,0,221,2.5,2.5,0.0,28.20294,0.0
2019-02-11,17,0,225,2.24,2.24,0.0,11.900434,0.0
2019-02-11,17,0,233,3.04,3.04,0.0,31.779569,0.0
2019-02-11,17,0,236,34.51,34.51,0.0,286.565391,0.0
2019-02-11,17,0,237,37.92,37.92,0.0,267.731286,0.0
2019-02-11,17,0,238,52.96,52.96,0.0,462.302792,0.0
2019-02-11,17,0,240,4.03,4.03,0.0,29.529785,0.0
2019-02-11,17,0,245,48.12,48.12,0.0,444.935182,0.0
2019-02-11,17,0,247,69.72,69.72,0.0,644.65671,0.0
2019-02-11,17,0,248,3.86,3.86,0.0,27.253237,0.0
2019-02-11,17,0,249,92.54,92.54,0.0,855.658805,0.0
2019-02-11,17,0,251,90.72,90.72,0.0,806.113798,0.0
2019-02-11,17,0,252,78.05,78.05,0.0,700.844796,0.0
2019-02-11,17,0,254,4.31,4.31,0.0,33.398859,0.0
2019-02-11,17,0,255,1.98,1.98,0.0,15.343327,0.0
2019-02-11,17,0,258,4.73,4.73,0.0,34.886201,0.0
2019-02-11,17,0,260,1.48,1.48,0.0,12.017864,0.0
2019-02-11,17,0,265,39.56,39.56,0.0,-59.582896,0.0
2019-02-11,17,0,266,10.81,10.81,0.0,-16.281373,0.0
2019-02-11,17,0,267,13.29,13.29,0.0,-20.0166,0.0
2019-02-11,17,0,270,578.99,578.99,0.0,-578990.0,0.0
2019-02-11,17,0,272,150.39,150.39,0.0,-39090.66622,0.0
2019-02-11,17,0,273,19.77,19.77,0.0,-19770.0,0.0
2019-02-11,17,0,274,746.39,746.39,0.0,-746390.0,0.0
2019-02-11,17,0,275,1038.99,1038.99,0.0,-1038990.0,0.0
2019-02-11,17,0,276,3.83,3.83,0.0,-3449.597239,0.0
2019-02-11,17,0,277,3.63,3.63,0.0,-985.466404,0.0
2019-02-11,17,0,278,5.8,5.8,0.0,-1574.574419,0.0
2019-02-11,17,0,279,264.6,264.6,0.0,-71833.17093,0.0
2019-02-11,17,0,281,56.1,56.1,0.0,-56100.0,0.0
2019-02-11,17,0,282,258.74,258.74,0.0,-258740.0,0.0
2019-02-11,18,0,9,1.5,1.5,0.0,0.400742,0.0
2019-02-11,18,0,17,11.47,11.47,0.0,138.763796,0.0
2019-02-11,18,0,19,106.95,106.95,0.0,1293.878642,0.0
2019-02-11,18,0,20,130.23,130.23,0.0,1575.519547,0.0
2019-02-11,18,0,21,34.36,34.36,0.0,9.179665,0.0
2019-02-11,18,0,22,122.12,122.12,0.0,32.625748,0.0
2019-02-11,18,0,23,94.93,94.93,0.0,25.36163,0.0
2019-02-11,18,0,24,168.46,168.46,0.0,45.006006,0.0
2019-02-11,18,0,29,1.11,1.11,0.0,6.142438,0.0
2019-02-11,18,0,30,294.98,294.98,0.0,58.89895,0.0
2019-02-11,18,0,31,92.34,92.34,0.0,18.43762,0.0
2019-02-11,18,0,32,0.64,0.64,0.0,32.953093,0.0
2019-02-11,18,0,33,0.61,0.61,0.0,8.889848,0.0
2019-02-11,18,0,34,0.98,0.98,0.0,14.282051,0.0
2019-02-11,18,0,35,0.98,0.98,0.0,14.282051,0.0
2019-02-11,18,0,36,2.09,2.09,0.0,16.454378,0.0
2019-02-11,18,0,37,1.07,1.07,0.0,8.30206,0.0
2019-02-11,18,0,38,1.37,1.37,0.0,10.62974,0.0
2019-02-11,18,0,39,0.91,0.91,0.0,7.06063,0.0
2019-02-11,18,0,40,0.91,0.91,0.0,7.06063,0.0
2019-02-11,18,0,41,12.64,12.64,0.0,48.977453,0.0
2019-02-11,18,0,42,24.83,24.83,0.0,287.068715,0.0
2019-02-11,18,0,43,5.6,5.6,0.0,45.011726,0.0
2019-02-11,18,0,46,3.29,3.29,0.0,22.950547,0.0
2019-02-11,18,0,52,97.89,97.89,0.0,19.545794,0.0
2019-02-11,18,0,53,155.55,155.55,0.0,31.058823,0.0
2019-02-11,18,0,55,460.54,460.54,0.0,123.038502,0.0
2019-02-11,18,0,56,87.01,87.01,0.0,17.373373,0.0
2019-02-11,18,0,57,82.76,82.76,0.0,16.524771,0.0
2019-02-11,18,0,58,159.16,159.16,0.0,31.779635,0.0
2019-02-11,18,0,59,156.51,156.51,0.0,31.250507,0.0
2019-02-11,18,0,63,170.0,170.0,0.0,20414.092632,0.0
2019-02-11,18,0,64,200.0,200.0,0.0,24016.579568,0.0
2019-02-11,18,0,65,4.34,4.34,0.0,52.072601,0.0
2019-02-11,18,0,67,158.54,158.54,0.0,-87646.204988,0.0
2019-02-11,18,0,68,10.2,10.2,0.0,-4149.473416,0.0
2019-02-11,18,0,69,0.61,0.61,0.0,8.889848,0.0
2019-02-11,18,0,74,5.03,5.03,0.0,46.464532,0.0
2019-02-11,18,0,77,60.0,60.0,0.0,-17088.375826,0.0
2019-02-11,18,0,78,45.36,45.36,0.0,-12918.812125,0.0
2019-02-11,18,0,79,26.25,26.25,0.0,-7476.164424,0.0
2019-02-11,18,0,80,42.45,42.45,0.0,-12090.025897,0.0
2019-02-11,18,0,81,55.5,55.5,0.0,-15806.747639,0.0
2019-02-11,18,0,82,39.15,39.15,0.0,-11150.165227,0.0
2019-02-11,18,0,83,87.3,87.3,0.0,-24863.586827,0.0
2019-02-11,18,0,84,0.0,0.0,0.0,0.0,0.0
2019-02-11,18,0,86,3.09,3.09,0.0,45.03218,0.0
2019-02-11,18,0,87,15.79,15.79,0.0,230.115896,0.0
2019-02-11,18,0,88,51.18,51.18,0.0,-14576.38458,0.0
2019-02-11,18,0,89,49.2,49.2,0.0,-14012.468177,0.0
2019-02-11,18,0,90,66.06,66.06,0.0,-18814.301785,0.0
2019-02-11,18,0,91,235.65,235.65,0.0,-67114.596057,0.0
2019-02-11,18,0,92,84.75,84.75,0.0,-24137.330854,0.0
2019-02-11,18,0,95,41.82,41.82,0.0,938.011585,0.0
2019-02-11,18,0,96,29.88,29.88,0.0,3.858611,0.0
2019-02-11,18,0,97,183.75,183.75,0.0,23.728905,0.0
2019-02-11,18,0,99,0.97,0.97,0.0,8.960357,0.0
2019-02-11,18,0,101,5.94,5.94,0.0,1.186046,0.0
2019-02-11,18,0,102,24.15,24.15,0.0,-9824.488529,0.0
2019-02-11,18,0,103,21.0,21.0,0.0,-8543.033504,0.0
2019-02-11,18,0,104,3.9,3.9,0.0,-1586.563365,0.0
2019-02-11,18,0,106,120.22,120.22,0.0,32.118141,0.0
2019-02-11,18,0,109,9.97,9.97,0.0,60.130629,0.0
2019-02-11,18,0,110,338.6,338.6,0.0,-338600.0,0.0
2019-02-11,18,0,111,5.67,5.67,0.0,21.970107,0.0
2019-02-11,18,0,113,45.0,45.0,0.0,-11542.625271,0.0
2019-02-11,18,0,115,45.0,45.0,0.0,-11542.625271,0.0
2019-02-11,18,0,116,48.95,48.95,0.0,-48950.0,0.0
2019-02-11,18,0,117,3.0,3.0,0.0,-769.508351,0.0
2019-02-11,18,0,119,200.0,200.0,0.0,24016.579568,0.0
2019-02-11,18,0,120,117.6,117.6,0.0,14121.748786,0.0
2019-02-11,18,0,123,2.0,2.0,0.0,0.534323,0.0
2019-02-11,18,0,125,152.35,152.35,0.0,40.702036,0.0
2019-02-11,18,0,126,90.17,90.17,0.0,24.089942,0.0
2019-02-11,18,0,127,115.71,115.71,0.0,30.913243,0.0
2019-02-11,18,0,128,218.77,218.77,0.0,58.446895,0.0
2019-02-11,18,0,131,30.0,30.0,0.0,-11034.392082,0.0
2019-02-11,18,0,132,44.1,44.1,0.0,-16220.556361,0.0
2019-02-11,18,0,133,52.71,52.71,0.0,638.179398,0.0
2019-02-11,18,0,134,0.0,0.0,0.0,0.0,0.0
2019-02-11,18,0,135,70.63,70.63,0.0,855.143443,0.0
2019-02-11,18,0,136,7.47,7.47,0.0,89.586386,0.0
2019-02-11,18,0,139,16.32,16.32,0.0,63.236711,0.0
2019-02-11,18,0,140,250.6,250.6,0.0,-250600.0,0.0
2019-02-11,18,0,141,230.0,230.0,0.0,-127151.678738,0.0
2019-02-11,18,0,142,209.07,209.07,0.0,-115580.875973,0.0
2019-02-11,18,0,143,176.17,176.17,0.0,35.176039,0.0
2019-02-11,18,0,145,14.25,14.25,0.0,33.714835,0.0
2019-02-11,18,0,146,268.0,268.0,0.0,-268000.0,0.0
2019-02-11,18,0,152,2.09,2.09,0.0,19.31495,0.0
2019-02-11,18,0,153,2.55,2.55,0.0,23.235682,0.0
2019-02-11,18,0,154,23.37,23.37,0.0,90.55404,0.0
2019-02-11,18,0,157,250.0,250.0,0.0,-138208.346455,0.0
2019-02-11,18,0,158,134.93,134.93,0.0,-74593.808749,0.0
2019-02-11,18,0,159,0.0,0.0,0.0,0.0,0.0
2019-02-11,18,0,160,0.35,0.35,0.0,3.180762,0.0
2019-02-11,18,0,161,28.31,28.31,0.0,-11516.822785,0.0
2019-02-11,18,0,162,30.39,30.39,0.0,705.745027,0.0
2019-02-11,18,0,163,185.4,185.4,0.0,-185400.0,0.0
2019-02-11,18,0,164,11.4,11.4,0.0,2.276249,0.0
2019-02-11,18,0,167,0.78,0.78,0.0,14.91068,0.0
2019-02-11,18,0,168,0.39,0.39,0.0,7.45534,0.0
2019-02-11,18,0,169,0.0,0.0,0.0,0.0,0.0
2019-02-11,18,0,170,0.85,0.85,0.0,16.248818,0.0
2019-02-11,18,0,172,1.0,1.0,0.0,20.647179,0.0
2019-02-11,18,0,173,1.52,1.52,0.0,31.383712,0.0
2019-02-11,18,0,188,1.3,1.3,0.0,39.785972,0.0
2019-02-11,18,0,190,2.74,2.74,0.0,88.851507,0.0
2019-02-11,18,0,191,7.07,7.07,0.0,229.262829,0.0
2019-02-11,18,0,192,332.6,332.6,0.0,10785.405497,0.0
2019-02-11,18,0,194,98.98,98.98,0.0,-12016.419056,0.0
2019-02-11,18,0,196,1.86,1.86,0.0,510.451191,0.0
2019-02-11,18,0,198,1.49,1.49,0.0,15.305119,0.0
2019-02-11,18,0,199,7.98,7.98,0.0,-199.735805,0.0
2019-02-11,18,0,200,2.15,2.15,0.0,-53.813531,0.0
2019-02-11,18,0,204,36.65,36.65,0.0,209.759435,0.0
2019-02-11,18,0,205,52.75,52.75,0.0,318.143501,0.0
2019-02-11,18,0,206,539.94,539.94,0.0,69.726177,0.0
2019-02-11,18,0,210,0.31,0.31,0.0,1.958764,0.0
2019-02-11,18,0,214,2.6,2.6,0.0,41.704014,0.0
2019-02-11,18,0,217,1.73,1.73,0.0,20.430475,0.0
2019-02-11,18,0,218,2.38,2.38,0.0,28.106665,0.0
2019-02-11,18,0,219,1.62,1.62,0.0,19.131428,0.0
2019-02-11,18,0,221,1.39,1.39,0.0,22.295607,0.0
2019-02-11,18,0,225,1.2,1.2,0.0,6.549517,0.0
2019-02-11,18,0,233,1.75,1.75,0.0,25.503662,0.0
2019-02-11,18,0,236,21.52,21.52,0.0,230.848797,0.0
2019-02-11,18,0,237,12.06,12.06,0.0,111.404028,0.0
2019-02-11,18,0,238,32.32,32.32,0.0,373.663345,0.0
2019-02-11,18,0,240,2.36,2.36,0.0,18.580063,0.0
2019-02-11,18,0,245,33.59,33.59,0.0,418.683792,0.0
2019-02-11,18,0,247,48.94,48.94,0.0,610.014432,0.0
2019-02-11,18,0,248,1.21,1.21,0.0,11.177353,0.0
2019-02-11,18,0,249,64.59,64.59,0.0,805.084433,0.0
2019-02-11,18,0,251,26.04,26.04,0.0,308.173866,0.0
2019-02-11,18,0,252,28.02,28.02,0.0,336.192228,0.0
2019-02-11,18,0,254,2.48,2.48,0.0,20.587253,0.0
2019-02-11,18,0,255,1.14,1.14,0.0,9.463495,0.0
2019-02-11,18,0,258,2.77,2.77,0.0,21.881728,0.0
2019-02-11,18,0,260,0.85,0.85,0.0,7.724709,0.0
2019-02-11,18,0,265,24.2,24.2,0.0,93.770123,0.0
2019-02-11,18,0,266,10.57,10.57,0.0,40.95662,0.0
2019-02-11,18,0,267,12.99,12.99,0.0,50.333632,0.0
2019-02-11,18,0,270,579.0,579.0,0.0,-579000.0,0.0
2019-02-11,18,0,272,150.39,150.39,0.0,-38575.453657,0.0
2019-02-11,18,0,273,11.71,11.71,0.0,-11710.0,0.0
2019-02-11,18,0,274,746.4,746.4,0.0,-746400.0,0.0
2019-02-11,18,0,275,1039.0,1039.0,0.0,-1039000.0,0.0
2019-02-11,18,0,276,2.28,2.28,0.0,-2052.358265,0.0
2019-02-11,18,0,277,2.16,2.16,0.0,-578.556228,0.0
2019-02-11,18,0,278,3.46,3.46,0.0,-926.761366,0.0
2019-02-11,18,0,279,264.6,264.6,0.0,-70873.137963,0.0
2019-02-11,18,0,281,41.41,41.41,0.0,8.268376,0.0
2019-02-11,18,0,282,161.81,161.81,0.0,32.308764,0.0
2019-02-11,19,0,9,0.22,0.22,0.0,2.959668,0.0
2019-02-11,19,0,17,2.21,2.21,0.0,30.421966,0.0
2019-02-11,19,0,19,143.6,143.6,0.0,1976.739529,0.0
2019-02-11,19,0,20,174.55,174.55,0.0,2402.784713,0.0
2019-02-11,19,0,21,4.93,4.93,0.0,66.32347,0.0
2019-02-11,19,0,22,17.51,17.51,0.0,235.562668,0.0
2019-02-11,19,0,23,108.8,108.8,0.0,1463.690366,0.0
2019-02-11,19,0,24,192.5,192.5,0.0,2589.709516,0.0
2019-02-11,19,0,29,0.0,0.0,0.0,0.0,0.0
2019-02-11,19,0,30,52.96,52.96,0.0,712.626186,0.0
2019-02-11,19,0,31,37.5,37.5,0.0,504.597469,0.0
2019-02-11,19,0,32,0.02,0.02,0.0,1.016265,0.0
2019-02-11,19,0,33,0.11,0.11,0.0,1.548266,0.0
2019-02-11,19,0,34,0.18,0.18,0.0,2.533526,0.0
2019-02-11,19,0,35,0.18,0.18,0.0,2.533526,0.0
2019-02-11,19,0,36,0.24,0.24,0.0,3.117998,0.0
2019-02-11,19,0,37,0.11,0.11,0.0,1.423154,0.0
2019-02-11,19,0,38,0.14,0.14,0.0,1.811287,0.0
2019-02-11,19,0,39,0.09,0.09,0.0,1.164399,0.0
2019-02-11,19,0,40,0.09,0.09,0.0,1.164399,0.0
2019-02-11,19,0,41,12.46,12.46,0.0,166.489709,0.0
2019-02-11,19,0,42,4.25,4.25,0.0,58.218608,0.0
2019-02-11,19,0,43,0.49,0.49,0.0,6.243347,0.0
2019-02-11,19,0,46,0.75,0.75,0.0,9.693277,0.0
2019-02-11,19,0,52,39.75,39.75,0.0,534.873317,0.0
2019-02-11,19,0,53,63.15,63.15,0.0,849.742138,0.0
2019-02-11,19,0,55,0.0,0.0,0.0,0.0,0.0
2019-02-11,19,0,56,15.62,15.62,0.0,210.181666,0.0
2019-02-11,19,0,57,14.86,14.86,0.0,199.955157,0.0
2019-02-11,19,0,58,28.57,28.57,0.0,384.435992,0.0
2019-02-11,19,0,59,28.1,28.1,0.0,378.111704,0.0
2019-02-11,19,0,63,170.0,170.0,0.0,20190.013179,0.0
2019-02-11,19,0,64,200.0,200.0,0.0,23752.956682,0.0
2019-02-11,19,0,65,1.48,1.48,0.0,20.354634,0.0
2019-02-11,19,0,67,23.55,23.55,0.0,-13075.063677,0.0
2019-02-11,19,0,68,12.55,12.55,0.0,-5144.952711,0.0
2019-02-11,19,0,69,0.11,0.11,0.0,1.548266,0.0
2019-02-11,19,0,74,2.21,2.21,0.0,29.711535,0.0
2019-02-11,19,0,77,60.0,60.0,0.0,-17342.98699,0.0
2019-02-11,19,0,78,45.36,45.36,0.0,-13111.298165,0.0
2019-02-11,19,0,79,26.25,26.25,0.0,-7587.556808,0.0
2019-02-11,19,0,80,42.45,42.45,0.0,-12270.163296,0.0
2019-02-11,19,0,81,55.5,55.5,0.0,-16042.262966,0.0
2019-02-11,19,0,82,39.15,39.15,0.0,-11316.299011,0.0
2019-02-11,19,0,83,87.3,87.3,0.0,-25234.046071,0.0
2019-02-11,19,0,84,0.0,0.0,0.0,0.0,0.0
2019-02-11,19,0,86,0.57,0.57,0.0,8.022833,0.0
2019-02-11,19,0,87,2.89,2.89,0.0,40.67717,0.0
2019-02-11,19,0,88,51.18,51.18,0.0,-14793.567903,0.0
2019-02-11,19,0,89,49.2,49.2,0.0,-14221.249332,0.0
2019-02-11,19,0,90,66.06,66.06,0.0,-19094.628676,0.0
2019-02-11,19,0,91,235.65,235.65,0.0,-68114.581405,0.0
2019-02-11,19,0,92,84.75,84.75,0.0,-24496.969124,0.0
2019-02-11,19,0,95,18.86,18.86,0.0,423.024833,0.0
2019-02-11,19,0,96,29.88,29.88,0.0,402.1537,0.0
2019-02-11,19,0,97,183.75,183.75,0.0,2473.08375,0.0
2019-02-11,19,0,99,0.43,0.43,0.0,5.780977,0.0
2019-02-11,19,0,101,1.07,1.07,0.0,14.397848,0.0
2019-02-11,19,0,102,35.91,35.91,0.0,-14721.534012,0.0
2019-02-11,19,0,103,30.13,30.13,0.0,-12351.98607,0.0
2019-02-11,19,0,104,4.3,4.3,0.0,-1762.812483,0.0
2019-02-11,19,0,106,17.24,17.24,0.0,231.930348,0.0
2019-02-11,19,0,109,17.22,17.22,0.0,226.539655,0.0
2019-02-11,19,0,110,338.6,338.6,0.0,-338600.0,0.0
2019-02-11,19,0,111,0.56,0.56,0.0,7.482684,0.0
2019-02-11,19,0,113,45.0,45.0,0.0,-11673.633728,0.0
2019-02-11,19,0,115,45.0,45.0,0.0,-11673.633728,0.0
2019-02-11,19,0,116,4.63,4.63,0.0,-4630.0,0.0
2019-02-11,19,0,117,3.0,3.0,0.0,-778.242249,0.0
2019-02-11,19,0,119,200.0,200.0,0.0,23752.956682,0.0
2019-02-11,19,0,120,117.6,117.6,0.0,13966.738529,0.0
2019-02-11,19,0,123,0.29,0.29,0.0,3.901381,0.0
2019-02-11,19,0,125,174.2,174.2,0.0,2343.518949,0.0
2019-02-11,19,0,126,12.93,12.93,0.0,173.947761,0.0
2019-02-11,19,0,127,16.59,16.59,0.0,223.185875,0.0
2019-02-11,19,0,128,249.5,249.5,0.0,3356.532594,0.0
2019-02-11,19,0,131,30.0,30.0,0.0,-11134.953639,0.0
2019-02-11,19,0,132,44.1,44.1,0.0,-16368.381849,0.0
2019-02-11,19,0,133,36.01,36.01,0.0,495.741386,0.0
2019-02-11,19,0,134,0.0,0.0,0.0,0.0,0.0
2019-02-11,19,0,135,48.79,48.79,0.0,671.680706,0.0
2019-02-11,19,0,136,3.17,3.17,0.0,43.595256,0.0
2019-02-11,19,0,139,16.09,16.09,0.0,214.993533,0.0
2019-02-11,19,0,140,250.6,250.6,0.0,-250600.0,0.0
2019-02-11,19,0,141,0.0,0.0,0.0,-0.0,0.0
2019-02-11,19,0,142,31.05,31.05,0.0,-17239.096695,0.0
2019-02-11,19,0,143,0.0,0.0,0.0,0.0,0.0
2019-02-11,19,0,145,28.49,28.49,0.0,380.215441,0.0
2019-02-11,19,0,146,268.0,268.0,0.0,-268000.0,0.0
2019-02-11,19,0,152,0.25,0.25,0.0,3.346545,0.0
2019-02-11,19,0,153,0.28,0.28,0.0,3.743187,0.0
2019-02-11,19,0,154,2.32,2.32,0.0,30.999689,0.0
2019-02-11,19,0,157,250.0,250.0,0.0,-138801.1006,0.0
2019-02-11,19,0,158,25.87,25.87,0.0,-14363.13789,0.0
2019-02-11,19,0,159,0.0,0.0,0.0,0.0,0.0
2019-02-11,19,0,160,0.03,0.03,0.0,0.367853,0.0
2019-02-11,19,0,161,3.49,3.49,0.0,-1430.747806,0.0
2019-02-11,19,0,162,12.23,12.23,0.0,283.853569,0.0
2019-02-11,19,0,163,185.4,185.4,0.0,-185400.0,0.0
2019-02-11,19,0,164,2.44,2.44,0.0,32.832475,0.0
2019-02-11,19,0,167,0.02,0.02,0.0,0.38314,0.0
2019-02-11,19,0,168,0.01,0.01,0.0,0.19157,0.0
2019-02-11,19,0,169,0.0,0.0,0.0,0.0,0.0
2019-02-11,19,0,170,0.03,0.03,0.0,0.57471,0.0
2019-02-11,19,0,172,0.04,0.04,0.0,0.863824,0.0
2019-02-11,19,0,173,0.05,0.05,0.0,1.07978,0.0
2019-02-11,19,0,188,0.04,0.04,0.0,1.214482,0.0
2019-02-11,19,0,190,0.23,0.23,0.0,7.458338,0.0
2019-02-11,19,0,191,0.6,0.6,0.0,19.456534,0.0
2019-02-11,19,0,192,332.6,332.6,0.0,10785.405497,0.0
2019-02-11,19,0,194,176.5,176.5,0.0,-21823.720835,0.0
2019-02-11,19,0,196,0.22,0.22,0.0,59.902454,0.0
2019-02-11,19,0,198,0.09,0.09,0.0,0.995145,0.0
2019-02-11,19,0,199,2.87,2.87,0.0,-85.335143,0.0
2019-02-11,19,0,200,0.11,0.11,0.0,-3.270685,0.0
2019-02-11,19,0,204,62.3,62.3,0.0,818.623749,0.0
2019-02-11,19,0,205,91.09,91.09,0.0,1198.344782,0.0
2019-02-11,19,0,206,539.94,539.94,0.0,7267.030421,0.0
2019-02-11,19,0,210,0.01,0.01,0.0,0.071155,0.0
2019-02-11,19,0,214,0.15,0.15,0.0,2.138974,0.0
2019-02-11,19,0,217,0.07,0.07,0.0,0.779585,0.0
2019-02-11,19,0,218,0.09,0.09,0.0,1.002324,0.0
2019-02-11,19,0,219,0.06,0.06,0.0,0.668216,0.0
2019-02-11,19,0,221,0.08,0.08,0.0,1.140786,0.0
2019-02-11,19,0,225,0.02,0.02,0.0,0.136932,0.0
2019-02-11,19,0,233,0.32,0.32,0.0,4.504047,0.0
2019-02-11,19,0,236,12.18,12.18,0.0,165.509197,0.0
2019-02-11,19,0,237,5.31,5.31,0.0,71.388349,0.0
2019-02-11,19,0,238,5.53,5.53,0.0,75.752683,0.0
2019-02-11,19,0,240,0.27,0.27,0.0,3.507748,0.0
2019-02-11,19,0,245,23.93,23.93,0.0,330.507553,0.0
2019-02-11,19,0,247,37.34,37.34,0.0,515.718848,0.0
2019-02-11,19,0,248,0.53,0.53,0.0,7.125391,0.0
2019-02-11,19,0,249,46.02,46.02,0.0,635.602073,0.0
2019-02-11,19,0,251,0.0,0.0,0.0,0.0,0.0
2019-02-11,19,0,252,9.54,9.54,0.0,131.20487,0.0
2019-02-11,19,0,254,0.21,0.21,0.0,2.650439,0.0
2019-02-11,19,0,255,0.1,0.1,0.0,1.262114,0.0
2019-02-11,19,0,258,0.29,0.29,0.0,3.755866,0.0
2019-02-11,19,0,260,0.08,0.08,0.0,0.980942,0.0
2019-02-11,19,0,265,2.41,2.41,0.0,32.202263,0.0
2019-02-11,19,0,266,10.42,10.42,0.0,139.231362,0.0
2019-02-11,19,0,267,12.8,12.8,0.0,171.032767,0.0
2019-02-11,19,0,270,579.0,579.0,0.0,-579000.0,0.0
2019-02-11,19,0,272,150.39,150.39,0.0,-39013.283918,0.0
2019-02-11,19,0,273,1.11,1.11,0.0,-1110.0,0.0
2019-02-11,19,0,274,746.4,746.4,0.0,-746400.0,0.0
2019-02-11,19,0,275,1039.0,1039.0,0.0,-1039000.0,0.0
2019-02-11,19,0,276,0.26,0.26,0.0,-234.178498,0.0
2019-02-11,19,0,277,0.37,0.37,0.0,-100.37934,0.0
2019-02-11,19,0,278,0.59,0.59,0.0,-160.064353,0.0
2019-02-11,19,0,279,264.6,264.6,0.0,-71784.792834,0.0
2019-02-11,19,0,281,16.83,16.83,0.0,226.463344,0.0
2019-02-11,19,0,282,29.05,29.05,0.0,390.894839,0.0
2019-02-11,20,0,9,0.0,0.0,0.0,0.0,0.0
2019-02-11,20,0,17,0.0,0.0,0.0,0.0,0.0
2019-02-11,20,0,19,84.96,84.96,0.0,935.50898,0.0
2019-02-11,20,0,20,103.04,103.04,0.0,1134.590928,0.0
2019-02-11,20,0,21,0.0,0.0,0.0,0.0,0.0
2019-02-11,20,0,22,0.0,0.0,0.0,0.0,0.0
2019-02-11,20,0,23,108.8,108.8,0.0,1462.08129,0.0
2019-02-11,20,0,24,192.5,192.5,0.0,2586.862577,0.0
2019-02-11,20,0,29,0.0,0.0,0.0,0.0,0.0
2019-02-11,20,0,30,0.0,0.0,0.0,0.0,0.0
2019-02-11,20,0,31,37.5,37.5,0.0,504.597469,0.0
2019-02-11,20,0,32,0.0,0.0,0.0,0.0,0.0
2019-02-11,20,0,33,0.0,0.0,0.0,0.0,0.0
2019-02-11,20,0,34,0.0,0.0,0.0,0.0,0.0
2019-02-11,20,0,35,0.0,0.0,0.0,0.0,0.0
2019-02-11,20,0,36,0.0,0.0,0.0,0.0,0.0
2019-02-11,20,0,37,0.0,0.0,0.0,0.0,0.0
2019-02-11,20,0,38,0.0,0.0,0.0,0.0,0.0
2019-02-11,20,0,39,0.0,0.0,0.0,0.0,0.0
2019-02-11,20,0,40,0.0,0.0,0.0,0.0,0.0
2019-02-11,20,0,41,20.53,20.53,0.0,257.552345,0.0
2019-02-11,20,0,42,0.0,0.0,0.0,0.0,0.0
2019-02-11,20,0,43,0.0,0.0,0.0,0.0,0.0
2019-02-11,20,0,46,0.0,0.0,0.0,0.0,0.0
2019-02-11,20,0,52,39.75,39.75,0.0,534.873317,0.0
2019-02-11,20,0,53,63.15,63.15,0.0,849.742138,0.0
2019-02-11,20,0,55,186.9,186.9,0.0,2511.608393,0.0
2019-02-11,20,0,56,0.0,0.0,0.0,0.0,0.0
2019-02-11,20,0,57,0.0,0.0,0.0,0.0,0.0
2019-02-11,20,0,58,0.0,0.0,0.0,0.0,0.0
2019-02-11,20,0,59,0.0,0.0,0.0,0.0,0.0
2019-02-11,20,0,63,170.0,170.0,0.0,18812.816297,0.0
2019-02-11,20,0,64,200.0,200.0,0.0,22132.725055,0.0
2019-02-11,20,0,65,1.27,1.27,0.0,13.999911,0.0
2019-02-11,20,0,67,0.0,0.0,0.0,-0.0,0.0
2019-02-11,20,0,68,10.2,10.2,0.0,-4229.928292,0.0
2019-02-11,20,0,69,0.0,0.0,0.0,0.0,0.0
2019-02-11,20,0,74,3.18,3.18,0.0,36.239956,0.0
2019-02-11,20,0,77,84.7,84.7,0.0,-24974.568417,0.0
2019-02-11,20,0,78,64.3,64.3,0.0,-18959.442139,0.0
2019-02-11,20,0,79,37.43,37.43,0.0,-11036.577283,0.0
2019-02-11,20,0,80,60.23,60.23,0.0,-17759.365475,0.0
2019-02-11,20,0,81,78.45,78.45,0.0,-23131.698846,0.0
2019-02-11,20,0,82,55.6,55.6,0.0,-16394.167697,0.0
2019-02-11,20,0,83,122.29,122.29,0.0,-36058.32316,0.0
2019-02-11,20,0,84,0.0,0.0,0.0,0.0,0.0
2019-02-11,20,0,86,0.0,0.0,0.0,0.0,0.0
2019-02-11,20,0,87,0.0,0.0,0.0,0.0,0.0
2019-02-11,20,0,88,95.98,95.98,0.0,-28300.579417,0.0
2019-02-11,20,0,89,92.28,92.28,0.0,-27209.600631,0.0
2019-02-11,20,0,90,123.8,123.8,0.0,-36503.560448,0.0
2019-02-11,20,0,91,440.78,440.78,0.0,-129968.007871,0.0
2019-02-11,20,0,92,158.74,158.74,0.0,-46805.938494,0.0
2019-02-11,20,0,95,22.54,22.54,0.0,505.566263,0.0
2019-02-11,20,0,96,27.15,27.15,0.0,365.83038,0.0
2019-02-11,20,0,97,196.07,196.07,0.0,2641.928638,0.0
2019-02-11,20,0,99,0.61,0.61,0.0,6.95169,0.0
2019-02-11,20,0,101,0.0,0.0,0.0,0.0,0.0
2019-02-11,20,0,102,24.15,24.15,0.0,-10014.97728,0.0
2019-02-11,20,0,103,21.0,21.0,0.0,-8708.675895,0.0
2019-02-11,20,0,104,3.9,3.9,0.0,-1617.325523,0.0
2019-02-11,20,0,106,0.0,0.0,0.0,0.0,0.0
2019-02-11,20,0,109,26.59,26.59,0.0,316.068217,0.0
2019-02-11,20,0,110,338.6,338.6,0.0,-338600.0,0.0
2019-02-11,20,0,111,0.0,0.0,0.0,0.0,0.0
2019-02-11,20,0,113,45.0,45.0,0.0,-11931.717943,0.0
2019-02-11,20,0,115,45.0,45.0,0.0,-11931.717943,0.0
2019-02-11,20,0,116,0.0,0.0,0.0,-0.0,0.0
2019-02-11,20,0,117,3.0,3.0,0.0,-795.447863,0.0
2019-02-11,20,0,119,200.0,200.0,0.0,22132.725055,0.0
2019-02-11,20,0,120,117.6,117.6,0.0,13014.042332,0.0
2019-02-11,20,0,123,0.0,0.0,0.0,0.0,0.0
2019-02-11,20,0,125,174.2,174.2,0.0,2340.942654,0.0
2019-02-11,20,0,126,0.0,0.0,0.0,0.0,0.0
2019-02-11,20,0,127,0.0,0.0,0.0,0.0,0.0
2019-02-11,20,0,128,249.5,249.5,0.0,3352.842664,0.0
2019-02-11,20,0,131,30.0,30.0,0.0,-11286.58098,0.0
2019-02-11,20,0,132,44.1,44.1,0.0,-16591.274041,0.0
2019-02-11,20,0,133,19.43,19.43,0.0,213.924361,0.0
2019-02-11,20,0,134,0.0,0.0,0.0,0.0,0.0
2019-02-11,20,0,135,25.89,25.89,0.0,285.048982,0.0
2019-02-11,20,0,136,1.18,1.18,0.0,13.008593,0.0
2019-02-11,20,0,139,27.48,27.48,0.0,344.741278,0.0
2019-02-11,20,0,140,250.6,250.6,0.0,-250600.0,0.0
2019-02-11,20,0,141,230.0,230.0,0.0,-128519.270271,0.0
2019-02-11,20,0,142,0.0,0.0,0.0,-0.0,0.0
2019-02-11,20,0,143,71.55,71.55,0.0,962.771971,0.0
2019-02-11,20,0,145,20.95,20.95,0.0,269.710193,0.0
2019-02-11,20,0,146,268.0,268.0,0.0,-268000.0,0.0
2019-02-11,20,0,152,0.0,0.0,0.0,0.0,0.0
2019-02-11,20,0,153,0.0,0.0,0.0,0.0,0.0
2019-02-11,20,0,154,0.0,0.0,0.0,0.0,0.0
2019-02-11,20,0,157,250.0,250.0,0.0,-139694.858991,0.0
2019-02-11,20,0,158,0.0,0.0,0.0,-0.0,0.0
2019-02-11,20,0,159,0.0,0.0,0.0,0.0,0.0
2019-02-11,20,0,160,0.0,0.0,0.0,0.0,0.0
2019-02-11,20,0,161,0.0,0.0,0.0,-0.0,0.0
2019-02-11,20,0,162,36.38,36.38,0.0,844.369594,0.0
2019-02-11,20,0,163,185.4,185.4,0.0,-185400.0,0.0
2019-02-11,20,0,164,0.0,0.0,0.0,0.0,0.0
2019-02-11,20,0,167,0.0,0.0,0.0,0.0,0.0
2019-02-11,20,0,168,0.0,0.0,0.0,0.0,0.0
2019-02-11,20,0,169,0.0,0.0,0.0,0.0,0.0
2019-02-11,20,0,170,0.0,0.0,0.0,0.0,0.0
2019-02-11,20,0,172,0.0,0.0,0.0,0.0,0.0
2019-02-11,20,0,173,0.0,0.0,0.0,0.0,0.0
2019-02-11,20,0,188,0.0,0.0,0.0,0.0,0.0
2019-02-11,20,0,190,0.0,0.0,0.0,0.0,0.0
2019-02-11,20,0,191,0.0,0.0,0.0,0.0,0.0
2019-02-11,20,0,192,332.6,332.6,0.0,10785.405497,0.0
2019-02-11,20,0,194,176.5,176.5,0.0,-22977.15051,0.0
2019-02-11,20,0,196,0.0,0.0,0.0,0.0,0.0
2019-02-11,20,0,198,0.0,0.0,0.0,0.0,0.0
2019-02-11,20,0,199,15.55,15.55,0.0,-512.751721,0.0
2019-02-11,20,0,200,0.0,0.0,0.0,-0.0,0.0
2019-02-11,20,0,204,202.7,202.7,0.0,2421.002358,0.0
2019-02-11,20,0,205,140.67,140.67,0.0,1672.106662,0.0
2019-02-11,20,0,206,742.73,742.73,0.0,10007.85259,0.0
2019-02-11,20,0,210,0.0,0.0,0.0,0.0,0.0
2019-02-11,20,0,214,0.0,0.0,0.0,0.0,0.0
2019-02-11,20,0,217,0.0,0.0,0.0,0.0,0.0
2019-02-11,20,0,218,0.0,0.0,0.0,0.0,0.0
2019-02-11,20,0,219,0.0,0.0,0.0,0.0,0.0
2019-02-11,20,0,221,0.0,0.0,0.0,0.0,0.0
2019-02-11,20,0,225,0.0,0.0,0.0,0.0,0.0
2019-02-11,20,0,233,0.0,0.0,0.0,0.0,0.0
2019-02-11,20,0,236,8.81,8.81,0.0,98.468167,0.0
2019-02-11,20,0,237,7.62,7.62,0.0,86.839141,0.0
2019-02-11,20,0,238,0.0,0.0,0.0,0.0,0.0
2019-02-11,20,0,240,0.0,0.0,0.0,0.0,0.0
2019-02-11,20,0,245,29.01,29.01,0.0,318.113141,0.0
2019-02-11,20,0,247,22.12,22.12,0.0,242.559899,0.0
2019-02-11,20,0,248,0.76,0.76,0.0,8.661122,0.0
2019-02-11,20,0,249,55.77,55.77,0.0,611.553598,0.0
2019-02-11,20,0,251,7.25,7.25,0.0,80.068137,0.0
2019-02-11,20,0,252,8.19,8.19,0.0,90.282889,0.0
2019-02-11,20,0,254,0.0,0.0,0.0,0.0,0.0
2019-02-11,20,0,255,0.0,0.0,0.0,0.0,0.0
2019-02-11,20,0,258,0.0,0.0,0.0,0.0,0.0
2019-02-11,20,0,260,0.0,0.0,0.0,0.0,0.0
2019-02-11,20,0,265,0.0,0.0,0.0,0.0,0.0
2019-02-11,20,0,266,16.74,16.74,0.0,210.00615,0.0
2019-02-11,20,0,267,21.18,21.18,0.0,265.706706,0.0
2019-02-11,20,0,270,579.0,579.0,0.0,-579000.0,0.0
2019-02-11,20,0,272,150.39,150.39,0.0,-39875.801365,0.0
2019-02-11,20,0,273,0.0,0.0,0.0,-0.0,0.0
2019-02-11,20,0,274,746.4,746.4,0.0,-746400.0,0.0
2019-02-11,20,0,275,1039.0,1039.0,0.0,-1039000.0,0.0
2019-02-11,20,0,276,0.0,0.0,0.0,-0.0,0.0
2019-02-11,20,0,277,0.0,0.0,0.0,-0.0,0.0
2019-02-11,20,0,278,0.0,0.0,0.0,-0.0,0.0
2019-02-11,20,0,279,651.99,651.99,0.0,-180640.638478,0.0
2019-02-11,20,0,281,16.83,16.83,0.0,226.463344,0.0
2019-02-11,20,0,282,0.0,0.0,0.0,0.0,0.0
2019-02-11,21,0,9,0.0,0.0,0.0,0.0,0.0
2019-02-11,21,0,17,0.0,0.0,0.0,0.0,0.0
2019-02-11,21,0,19,42.62,42.62,0.0,622.607785,0.0
2019-02-11,21,0,20,51.7,51.7,0.0,755.251583,0.0
2019-02-11,21,0,21,0.0,0.0,0.0,0.0,0.0
2019-02-11,21,0,22,0.0,0.0,0.0,0.0,0.0
2019-02-11,21,0,23,108.8,108.8,0.0,4296.268252,0.0
2019-02-11,21,0,24,192.5,192.5,0.0,7601.393737,0.0
2019-02-11,21,0,29,0.0,0.0,0.0,0.0,0.0
2019-02-11,21,0,30,0.0,0.0,0.0,0.0,0.0
2019-02-11,21,0,31,37.5,37.5,0.0,1486.707436,0.0
2019-02-11,21,0,32,0.0,0.0,0.0,0.0,0.0
2019-02-11,21,0,33,0.0,0.0,0.0,0.0,0.0
2019-02-11,21,0,34,0.0,0.0,0.0,0.0,0.0
2019-02-11,21,0,35,0.0,0.0,0.0,0.0,0.0
2019-02-11,21,0,36,0.0,0.0,0.0,0.0,0.0
2019-02-11,21,0,37,0.0,0.0,0.0,0.0,0.0
2019-02-11,21,0,38,0.0,0.0,0.0,0.0,0.0
2019-02-11,21,0,39,0.0,0.0,0.0,0.0,0.0
2019-02-11,21,0,40,0.0,0.0,0.0,0.0,0.0
2019-02-11,21,0,41,36.43,36.43,0.0,1139.163149,0.0
2019-02-11,21,0,42,0.0,0.0,0.0,0.0,0.0
2019-02-11,21,0,43,0.0,0.0,0.0,0.0,0.0
2019-02-11,21,0,46,0.0,0.0,0.0,0.0,0.0
2019-02-11,21,0,52,39.75,39.75,0.0,1575.909882,0.0
2019-02-11,21,0,53,63.15,63.15,0.0,2503.615322,0.0
2019-02-11,21,0,55,186.9,186.9,0.0,7380.262283,0.0
2019-02-11,21,0,56,0.0,0.0,0.0,0.0,0.0
2019-02-11,21,0,57,0.0,0.0,0.0,0.0,0.0
2019-02-11,21,0,58,0.0,0.0,0.0,0.0,0.0
2019-02-11,21,0,59,0.0,0.0,0.0,0.0,0.0
2019-02-11,21,0,63,170.0,170.0,0.0,16191.344335,0.0
2019-02-11,21,0,64,200.0,200.0,0.0,19048.640394,0.0
2019-02-11,21,0,65,2.55,2.55,0.0,37.700941,0.0
2019-02-11,21,0,67,0.0,0.0,0.0,-0.0,0.0
2019-02-11,21,0,68,7.94,7.94,0.0,-3394.656235,0.0
2019-02-11,21,0,69,0.0,0.0,0.0,0.0,0.0
2019-02-11,21,0,74,4.43,4.43,0.0,87.674803,0.0
2019-02-11,21,0,77,169.52,169.52,0.0,-52760.334108,0.0
2019-02-11,21,0,78,128.4,128.4,0.0,-39962.405023,0.0
2019-02-11,21,0,79,74.48,74.48,0.0,-23180.684783,0.0
2019-02-11,21,0,80,120.21,120.21,0.0,-37413.401151,0.0
2019-02-11,21,0,81,156.9,156.9,0.0,-48832.565016,0.0
2019-02-11,21,0,82,110.91,110.91,0.0,-34518.92789,0.0
2019-02-11,21,0,83,245.75,245.75,0.0,-76485.677838,0.0
2019-02-11,21,0,84,0.0,0.0,0.0,0.0,0.0
2019-02-11,21,0,86,0.0,0.0,0.0,0.0,0.0
2019-02-11,21,0,87,0.0,0.0,0.0,0.0,0.0
2019-02-11,21,0,88,170.6,170.6,0.0,-53096.466487,0.0
2019-02-11,21,0,89,164.0,164.0,0.0,-51042.324172,0.0
2019-02-11,21,0,90,220.2,220.2,0.0,-68533.657212,0.0
2019-02-11,21,0,91,785.5,785.5,0.0,-244474.058765,0.0
2019-02-11,21,0,92,282.5,282.5,0.0,-87923.515724,0.0
2019-02-11,21,0,95,46.42,46.42,0.0,902.673098,0.0
2019-02-11,21,0,96,18.99,18.99,0.0,755.999854,0.0
2019-02-11,21,0,97,116.78,116.78,0.0,4649.060713,0.0
2019-02-11,21,0,99,0.86,0.86,0.0,17.020391,0.0
2019-02-11,21,0,101,0.0,0.0,0.0,0.0,0.0
2019-02-11,21,0,102,18.81,18.81,0.0,-8042.000475,0.0
2019-02-11,21,0,103,16.36,16.36,0.0,-6994.530982,0.0
2019-02-11,21,0,104,3.04,3.04,0.0,-1299.717249,0.0
2019-02-11,21,0,106,0.0,0.0,0.0,0.0,0.0
2019-02-11,21,0,109,58.12,58.12,0.0,1502.035603,0.0
2019-02-11,21,0,110,338.6,338.6,0.0,-338600.0,0.0
2019-02-11,21,0,111,0.0,0.0,0.0,0.0,0.0
2019-02-11,21,0,113,64.05,64.05,0.0,-17882.782618,0.0
2019-02-11,21,0,115,64.05,64.05,0.0,-17882.782618,0.0
2019-02-11,21,0,116,0.0,0.0,0.0,-0.0,0.0
2019-02-11,21,0,117,4.31,4.31,0.0,-1203.353522,0.0
2019-02-11,21,0,119,200.0,200.0,0.0,19048.640394,0.0
2019-02-11,21,0,120,117.6,117.6,0.0,11200.600552,0.0
2019-02-11,21,0,123,0.0,0.0,0.0,0.0,0.0
2019-02-11,21,0,125,174.2,174.2,0.0,6878.767735,0.0
2019-02-11,21,0,126,0.0,0.0,0.0,0.0,0.0
2019-02-11,21,0,127,0.0,0.0,0.0,0.0,0.0
2019-02-11,21,0,128,249.5,249.5,0.0,9852.196039,0.0
2019-02-11,21,0,131,30.0,30.0,0.0,-11697.096139,0.0
2019-02-11,21,0,132,44.1,44.1,0.0,-17194.731324,0.0
2019-02-11,21,0,133,12.04,12.04,0.0,175.684482,0.0
2019-02-11,21,0,134,0.0,0.0,0.0,0.0,0.0
2019-02-11,21,0,135,15.65,15.65,0.0,228.360643,0.0
2019-02-11,21,0,136,2.47,2.47,0.0,36.542077,0.0
2019-02-11,21,0,139,47.99,47.99,0.0,1500.643412,0.0
2019-02-11,21,0,140,250.6,250.6,0.0,-250600.0,0.0
2019-02-11,21,0,141,230.0,230.0,0.0,-130745.446997,0.0
2019-02-11,21,0,142,0.0,0.0,0.0,-0.0,0.0
2019-02-11,21,0,143,71.55,71.55,0.0,2836.637788,0.0
2019-02-11,21,0,145,16.67,16.67,0.0,575.490128,0.0
2019-02-11,21,0,146,268.0,268.0,0.0,-268000.0,0.0
2019-02-11,21,0,152,0.0,0.0,0.0,0.0,0.0
2019-02-11,21,0,153,0.0,0.0,0.0,0.0,0.0
2019-02-11,21,0,154,0.0,0.0,0.0,0.0,0.0
2019-02-11,21,0,157,250.0,250.0,0.0,-142114.616301,0.0
2019-02-11,21,0,158,0.0,0.0,0.0,-0.0,0.0
2019-02-11,21,0,159,0.0,0.0,0.0,0.0,0.0
2019-02-11,21,0,160,0.0,0.0,0.0,0.0,0.0
2019-02-11,21,0,161,0.0,0.0,0.0,-0.0,0.0
2019-02-11,21,0,162,89.4,89.4,0.0,1807.604363,0.0
2019-02-11,21,0,163,185.4,185.4,0.0,-185400.0,0.0
2019-02-11,21,0,164,0.0,0.0,0.0,0.0,0.0
2019-02-11,21,0,167,0.0,0.0,0.0,0.0,0.0
2019-02-11,21,0,168,0.0,0.0,0.0,0.0,0.0
2019-02-11,21,0,169,0.0,0.0,0.0,0.0,0.0
2019-02-11,21,0,170,0.0,0.0,0.0,0.0,0.0
2019-02-11,21,0,172,0.0,0.0,0.0,0.0,0.0
2019-02-11,21,0,173,0.0,0.0,0.0,0.0,0.0
2019-02-11,21,0,188,0.0,0.0,0.0,0.0,0.0
2019-02-11,21,0,190,0.0,0.0,0.0,0.0,0.0
2019-02-11,21,0,191,0.0,0.0,0.0,0.0,0.0
2019-02-11,21,0,192,332.6,332.6,0.0,10785.405497,0.0
2019-02-11,21,0,194,176.5,176.5,0.0,-25489.788971,0.0
2019-02-11,21,0,196,0.0,0.0,0.0,0.0,0.0
2019-02-11,21,0,198,0.0,0.0,0.0,0.0,0.0
2019-02-11,21,0,199,46.27,46.27,0.0,-2194.145159,0.0
2019-02-11,21,0,200,0.0,0.0,0.0,-0.0,0.0
2019-02-11,21,0,204,634.02,634.02,0.0,16779.869104,0.0
2019-02-11,21,0,205,269.74,269.74,0.0,6971.07852,0.0
2019-02-11,21,0,206,343.14,343.14,0.0,13660.547122,0.0
2019-02-11,21,0,210,0.0,0.0,0.0,0.0,0.0
2019-02-11,21,0,214,0.0,0.0,0.0,0.0,0.0
2019-02-11,21,0,217,0.0,0.0,0.0,0.0,0.0
2019-02-11,21,0,218,0.0,0.0,0.0,0.0,0.0
2019-02-11,21,0,219,0.0,0.0,0.0,0.0,0.0
2019-02-11,21,0,221,0.0,0.0,0.0,0.0,0.0
2019-02-11,21,0,225,0.0,0.0,0.0,0.0,0.0
2019-02-11,21,0,233,0.0,0.0,0.0,0.0,0.0
2019-02-11,21,0,236,6.61,6.61,0.0,112.46493,0.0
2019-02-11,21,0,237,10.63,10.63,0.0,210.379946,0.0
2019-02-11,21,0,238,0.0,0.0,0.0,0.0,0.0
2019-02-11,21,0,240,0.0,0.0,0.0,0.0,0.0
2019-02-11,21,0,245,31.78,31.78,0.0,443.646022,0.0
2019-02-11,21,0,247,11.94,11.94,0.0,166.681356,0.0
2019-02-11,21,0,248,1.07,1.07,0.0,21.176533,0.0
2019-02-11,21,0,249,61.12,61.12,0.0,853.229857,0.0
2019-02-11,21,0,251,18.54,18.54,0.0,279.475583,0.0
2019-02-11,21,0,252,16.47,16.47,0.0,243.503725,0.0
2019-02-11,21,0,254,0.0,0.0,0.0,0.0,0.0
2019-02-11,21,0,255,0.0,0.0,0.0,0.0,0.0
2019-02-11,21,0,258,0.0,0.0,0.0,0.0,0.0
2019-02-11,21,0,260,0.0,0.0,0.0,0.0,0.0
2019-02-11,21,0,265,0.0,0.0,0.0,0.0,0.0
2019-02-11,21,0,266,30.05,30.05,0.0,939.661065,0.0
2019-02-11,21,0,267,37.52,37.52,0.0,1173.24736,0.0
2019-02-11,21,0,270,579.0,579.0,0.0,-579000.0,0.0
2019-02-11,21,0,272,213.92,213.92,0.0,-59726.539543,0.0
2019-02-11,21,0,273,0.0,0.0,0.0,-0.0,0.0
2019-02-11,21,0,274,746.4,746.4,0.0,-746400.0,0.0
2019-02-11,21,0,275,1039.0,1039.0,0.0,-1039000.0,0.0
2019-02-11,21,0,276,0.0,0.0,0.0,-0.0,0.0
2019-02-11,21,0,277,0.0,0.0,0.0,-0.0,0.0
2019-02-11,21,0,278,0.0,0.0,0.0,-0.0,0.0
2019-02-11,21,0,279,476.72,476.72,0.0,-139222.754413,0.0
2019-02-11,21,0,281,16.83,16.83,0.0,667.234297,0.0
2019-02-11,21,0,282,0.0,0.0,0.0,0.0,0.0
2019-02-11,22,0,9,0.0,0.0,0.0,0.0,0.0
2019-02-11,22,0,17,0.0,0.0,0.0,0.0,0.0
2019-02-11,22,0,19,18.38,18.38,0.0,151.624399,0.0
2019-02-11,22,0,20,22.29,22.29,0.0,183.879643,0.0
2019-02-11,22,0,21,0.0,0.0,0.0,0.0,0.0
2019-02-11,22,0,22,0.0,0.0,0.0,0.0,0.0
2019-02-11,22,0,23,108.8,108.8,0.0,1347.016548,0.0
2019-02-11,22,0,24,192.5,192.5,0.0,2383.27836,0.0
2019-02-11,22,0,29,0.0,0.0,0.0,0.0,0.0
2019-02-11,22,0,30,0.0,0.0,0.0,0.0,0.0
2019-02-11,22,0,31,37.5,37.5,0.0,465.257435,0.0
2019-02-11,22,0,32,0.0,0.0,0.0,0.0,0.0
2019-02-11,22,0,33,0.0,0.0,0.0,0.0,0.0
2019-02-11,22,0,34,0.0,0.0,0.0,0.0,0.0
2019-02-11,22,0,35,0.0,0.0,0.0,0.0,0.0
2019-02-11,22,0,36,0.0,0.0,0.0,0.0,0.0
2019-02-11,22,0,37,0.0,0.0,0.0,0.0,0.0
2019-02-11,22,0,38,0.0,0.0,0.0,0.0,0.0
2019-02-11,22,0,39,0.0,0.0,0.0,0.0,0.0
2019-02-11,22,0,40,0.0,0.0,0.0,0.0,0.0
2019-02-11,22,0,41,36.94,36.94,0.0,406.934315,0.0
2019-02-11,22,0,42,0.0,0.0,0.0,0.0,0.0
2019-02-11,22,0,43,0.0,0.0,0.0,0.0,0.0
2019-02-11,22,0,46,0.0,0.0,0.0,0.0,0.0
2019-02-11,22,0,52,39.75,39.75,0.0,493.172882,0.0
2019-02-11,22,0,53,63.15,63.15,0.0,783.493521,0.0
2019-02-11,22,0,55,356.65,356.65,0.0,4415.564815,0.0
2019-02-11,22,0,56,0.0,0.0,0.0,0.0,0.0
2019-02-11,22,0,57,0.0,0.0,0.0,0.0,0.0
2019-02-11,22,0,58,0.0,0.0,0.0,0.0,0.0
2019-02-11,22,0,59,0.0,0.0,0.0,0.0,0.0
2019-02-11,22,0,63,170.0,170.0,0.0,16533.439711,0.0
2019-02-11,22,0,64,200.0,200.0,0.0,19451.105542,0.0
2019-02-11,22,0,65,6.2,6.2,0.0,51.327963,0.0
2019-02-11,22,0,67,0.0,0.0,0.0,-0.0,0.0
2019-02-11,22,0,68,8.15,8.15,0.0,-3437.661704,0.0
2019-02-11,22,0,69,0.0,0.0,0.0,0.0,0.0
2019-02-11,22,0,74,5.91,5.91,0.0,53.840286,0.0
2019-02-11,22,0,77,200.0,200.0,0.0,-60693.779452,0.0
2019-02-11,22,0,78,151.2,151.2,0.0,-45884.497266,0.0
2019-02-11,22,0,79,87.5,87.5,0.0,-26553.52851,0.0
2019-02-11,22,0,80,141.5,141.5,0.0,-42940.848962,0.0
2019-02-11,22,0,81,185.0,185.0,0.0,-56141.745993,0.0
2019-02-11,22,0,82,130.5,130.5,0.0,-39602.691092,0.0
2019-02-11,22,0,83,291.0,291.0,0.0,-88309.449103,0.0
2019-02-11,22,0,84,0.0,0.0,0.0,0.0,0.0
2019-02-11,22,0,86,0.0,0.0,0.0,0.0,0.0
2019-02-11,22,0,87,0.0,0.0,0.0,0.0,0.0
2019-02-11,22,0,88,136.42,136.42,0.0,-41399.226964,0.0
2019-02-11,22,0,89,131.14,131.14,0.0,-39796.911187,0.0
2019-02-11,22,0,90,176.08,176.08,0.0,-53434.803429,0.0
2019-02-11,22,0,91,628.12,628.12,0.0,-190614.883747,0.0
2019-02-11,22,0,92,225.9,225.9,0.0,-68553.623891,0.0
2019-02-11,22,0,95,102.98,102.98,0.0,2002.526404,0.0
2019-02-11,22,0,96,19.84,19.84,0.0,246.695413,0.0
2019-02-11,22,0,97,121.99,121.99,0.0,1516.853497,0.0
2019-02-11,22,0,99,1.14,1.14,0.0,10.385436,0.0
2019-02-11,22,0,101,0.0,0.0,0.0,0.0,0.0
2019-02-11,22,0,102,19.29,19.29,0.0,-8136.502365,0.0
2019-02-11,22,0,103,16.77,16.77,0.0,-7073.56893,0.0
2019-02-11,22,0,104,3.12,3.12,0.0,-1316.012824,0.0
2019-02-11,22,0,106,0.0,0.0,0.0,0.0,0.0
2019-02-11,22,0,109,171.41,171.41,0.0,1733.822528,0.0
2019-02-11,22,0,110,338.6,338.6,0.0,-338600.0,0.0
2019-02-11,22,0,111,0.0,0.0,0.0,0.0,0.0
2019-02-11,22,0,113,69.15,69.15,0.0,-18942.666929,0.0
2019-02-11,22,0,115,69.15,69.15,0.0,-18942.666929,0.0
2019-02-11,22,0,116,0.0,0.0,0.0,-0.0,0.0
2019-02-11,22,0,117,4.61,4.61,0.0,-1262.844462,0.0
2019-02-11,22,0,119,200.0,200.0,0.0,19451.105542,0.0
2019-02-11,22,0,120,117.6,117.6,0.0,11437.250059,0.0
2019-02-11,22,0,123,0.0,0.0,0.0,0.0,0.0
2019-02-11,22,0,125,174.2,174.2,0.0,2156.712157,0.0
2019-02-11,22,0,126,0.0,0.0,0.0,0.0,0.0
2019-02-11,22,0,127,0.0,0.0,0.0,0.0,0.0
2019-02-11,22,0,128,249.5,249.5,0.0,3088.976367,0.0
2019-02-11,22,0,131,30.0,30.0,0.0,-11513.588406,0.0
2019-02-11,22,0,132,44.1,44.1,0.0,-16924.974957,0.0
2019-02-11,22,0,133,13.17,13.17,0.0,108.608572,0.0
2019-02-11,22,0,134,0.0,0.0,0.0,0.0,0.0
2019-02-11,22,0,135,17.65,17.65,0.0,145.553629,0.0
2019-02-11,22,0,136,8.89,8.89,0.0,73.611966,0.0
2019-02-11,22,0,139,47.7,47.7,0.0,525.467429,0.0
2019-02-11,22,0,140,250.6,250.6,0.0,-250600.0,0.0
2019-02-11,22,0,141,230.0,230.0,0.0,-129750.305563,0.0
2019-02-11,22,0,142,0.0,0.0,0.0,-0.0,0.0
2019-02-11,22,0,143,71.55,71.55,0.0,887.711187,0.0
2019-02-11,22,0,145,37.39,37.39,0.0,432.085664,0.0
2019-02-11,22,0,146,268.0,268.0,0.0,-268000.0,0.0
2019-02-11,22,0,152,0.0,0.0,0.0,0.0,0.0
2019-02-11,22,0,153,0.0,0.0,0.0,0.0,0.0
2019-02-11,22,0,154,0.0,0.0,0.0,0.0,0.0
2019-02-11,22,0,157,142.18,142.18,0.0,-80208.254108,0.0
2019-02-11,22,0,158,0.0,0.0,0.0,-0.0,0.0
2019-02-11,22,0,159,0.0,0.0,0.0,0.0,0.0
2019-02-11,22,0,160,0.0,0.0,0.0,0.0,0.0
2019-02-11,22,0,161,0.0,0.0,0.0,-0.0,0.0
2019-02-11,22,0,162,96.21,96.21,0.0,1947.577357,0.0
2019-02-11,22,0,163,163.28,163.28,0.0,-163280.0,0.0
2019-02-11,22,0,164,0.0,0.0,0.0,0.0,0.0
2019-02-11,22,0,167,0.0,0.0,0.0,0.0,0.0
2019-02-11,22,0,168,0.0,0.0,0.0,0.0,0.0
2019-02-11,22,0,169,0.0,0.0,0.0,0.0,0.0
2019-02-11,22,0,170,0.0,0.0,0.0,0.0,0.0
2019-02-11,22,0,172,0.0,0.0,0.0,0.0,0.0
2019-02-11,22,0,173,0.0,0.0,0.0,0.0,0.0
2019-02-11,22,0,188,0.0,0.0,0.0,0.0,0.0
2019-02-11,22,0,190,0.0,0.0,0.0,0.0,0.0
2019-02-11,22,0,191,0.0,0.0,0.0,0.0,0.0
2019-02-11,22,0,192,246.87,246.87,0.0,8005.391026,0.0
2019-02-11,22,0,194,176.5,176.5,0.0,-24786.732172,0.0
2019-02-11,22,0,196,0.0,0.0,0.0,0.0,0.0
2019-02-11,22,0,198,0.0,0.0,0.0,0.0,0.0
2019-02-11,22,0,199,103.06,103.06,0.0,-3798.185189,0.0
2019-02-11,22,0,200,0.0,0.0,0.0,-0.0,0.0
2019-02-11,22,0,204,857.0,857.0,0.0,8757.140762,0.0
2019-02-11,22,0,205,852.76,852.76,0.0,8625.719029,0.0
2019-02-11,22,0,206,358.46,358.46,0.0,4457.179313,0.0
2019-02-11,22,0,210,0.0,0.0,0.0,0.0,0.0
2019-02-11,22,0,214,0.0,0.0,0.0,0.0,0.0
2019-02-11,22,0,217,0.0,0.0,0.0,0.0,0.0
2019-02-11,22,0,218,0.0,0.0,0.0,0.0,0.0
2019-02-11,22,0,219,0.0,0.0,0.0,0.0,0.0
2019-02-11,22,0,221,0.0,0.0,0.0,0.0,0.0
2019-02-11,22,0,225,0.0,0.0,0.0,0.0,0.0
2019-02-11,22,0,233,0.0,0.0,0.0,0.0,0.0
2019-02-11,22,0,236,5.43,5.43,0.0,46.963763,0.0
2019-02-11,22,0,237,14.19,14.19,0.0,129.271346,0.0
2019-02-11,22,0,238,0.0,0.0,0.0,0.0,0.0
2019-02-11,22,0,240,0.0,0.0,0.0,0.0,0.0
2019-02-11,22,0,245,18.77,18.77,0.0,152.820649,0.0
2019-02-11,22,0,247,5.5,5.5,0.0,44.779625,0.0
2019-02-11,22,0,248,1.42,1.42,0.0,12.936245,0.0
2019-02-11,22,0,249,36.1,36.1,0.0,293.917178,0.0
2019-02-11,22,0,251,97.8,97.8,0.0,814.358842,0.0
2019-02-11,22,0,252,39.97,39.97,0.0,330.899789,0.0
2019-02-11,22,0,254,0.0,0.0,0.0,0.0,0.0
2019-02-11,22,0,255,0.0,0.0,0.0,0.0,0.0
2019-02-11,22,0,258,0.0,0.0,0.0,0.0,0.0
2019-02-11,22,0,260,0.0,0.0,0.0,0.0,0.0
2019-02-11,22,0,265,0.0,0.0,0.0,0.0,0.0
2019-02-11,22,0,266,30.89,30.89,0.0,340.286979,0.0
2019-02-11,22,0,267,37.96,37.96,0.0,418.170725,0.0
2019-02-11,22,0,270,509.93,509.93,0.0,-509930.0,0.0
2019-02-11,22,0,272,231.1,231.1,0.0,-63306.584633,0.0
2019-02-11,22,0,273,0.0,0.0,0.0,-0.0,0.0
2019-02-11,22,0,274,657.35,657.35,0.0,-657350.0,0.0
2019-02-11,22,0,275,915.05,915.05,0.0,-915050.0,0.0
2019-02-11,22,0,276,0.0,0.0,0.0,-0.0,0.0
2019-02-11,22,0,277,0.0,0.0,0.0,-0.0,0.0
2019-02-11,22,0,278,0.0,0.0,0.0,-0.0,0.0
2019-02-11,22,0,279,132.68,132.68,0.0,-37916.779633,0.0
2019-02-11,22,0,281,16.83,16.83,0.0,208.807537,0.0
2019-02-11,22,0,282,0.0,0.0,0.0,0.0,0.0
2019-02-11,23,0,9,0.0,0.0,0.0,0.0,0.0
2019-02-11,23,0,17,0.0,0.0,0.0,0.0,0.0
2019-02-11,23,0,19,16.39,16.39,0.0,111.6343,0.0
2019-02-11,23,0,20,19.87,19.87,0.0,135.337007,0.0
2019-02-11,23,0,21,0.0,0.0,0.0,0.0,0.0
2019-02-11,23,0,22,0.0,0.0,0.0,0.0,0.0
2019-02-11,23,0,23,108.8,108.8,0.0,1232.611134,0.0
2019-02-11,23,0,24,192.5,192.5,0.0,2180.860693,0.0
2019-02-11,23,0,29,0.0,0.0,0.0,0.0,0.0
2019-02-11,23,0,30,0.0,0.0,0.0,0.0,0.0
2019-02-11,23,0,31,37.5,37.5,0.0,425.917401,0.0
2019-02-11,23,0,32,0.0,0.0,0.0,0.0,0.0
2019-02-11,23,0,33,0.0,0.0,0.0,0.0,0.0
2019-02-11,23,0,34,0.0,0.0,0.0,0.0,0.0
2019-02-11,23,0,35,0.0,0.0,0.0,0.0,0.0
2019-02-11,23,0,36,0.0,0.0,0.0,0.0,0.0
2019-02-11,23,0,37,0.0,0.0,0.0,0.0,0.0
2019-02-11,23,0,38,0.0,0.0,0.0,0.0,0.0
2019-02-11,23,0,39,0.0,0.0,0.0,0.0,0.0
2019-02-11,23,0,40,0.0,0.0,0.0,0.0,0.0
2019-02-11,23,0,41,19.82,19.82,0.0,194.965617,0.0
2019-02-11,23,0,42,0.0,0.0,0.0,0.0,0.0
2019-02-11,23,0,43,0.0,0.0,0.0,0.0,0.0
2019-02-11,23,0,46,0.0,0.0,0.0,0.0,0.0
2019-02-11,23,0,52,39.75,39.75,0.0,451.472445,0.0
2019-02-11,23,0,53,63.15,63.15,0.0,717.244903,0.0
2019-02-11,23,0,55,623.0,623.0,0.0,7058.058242,0.0
2019-02-11,23,0,56,0.0,0.0,0.0,0.0,0.0
2019-02-11,23,0,57,0.0,0.0,0.0,0.0,0.0
2019-02-11,23,0,58,0.0,0.0,0.0,0.0,0.0
2019-02-11,23,0,59,0.0,0.0,0.0,0.0,0.0
2019-02-11,23,0,63,170.0,170.0,0.0,16263.943839,0.0
2019-02-11,23,0,64,200.0,200.0,0.0,19134.051575,0.0
2019-02-11,23,0,65,4.77,4.77,0.0,32.641799,0.0
2019-02-11,23,0,67,0.0,0.0,0.0,-0.0,0.0
2019-02-11,23,0,68,10.2,10.2,0.0,-4312.447158,0.0
2019-02-11,23,0,69,0.0,0.0,0.0,0.0,0.0
2019-02-11,23,0,74,4.49,4.49,0.0,34.807844,0.0
2019-02-11,23,0,77,200.0,200.0,0.0,-60935.512608,0.0
2019-02-11,23,0,78,151.2,151.2,0.0,-46067.247531,0.0
2019-02-11,23,0,79,87.5,87.5,0.0,-26659.286766,0.0
2019-02-11,23,0,80,141.5,141.5,0.0,-43111.87517,0.0
2019-02-11,23,0,81,185.0,185.0,0.0,-56365.349162,0.0
2019-02-11,23,0,82,130.5,130.5,0.0,-39760.421977,0.0
2019-02-11,23,0,83,291.0,291.0,0.0,-88661.170844,0.0
2019-02-11,23,0,84,0.0,0.0,0.0,-0.0,0.0
2019-02-11,23,0,86,0.0,0.0,0.0,0.0,0.0
2019-02-11,23,0,87,0.0,0.0,0.0,0.0,0.0
2019-02-11,23,0,88,144.19,144.19,0.0,-43931.457815,0.0
2019-02-11,23,0,89,138.61,138.61,0.0,-42231.357013,0.0
2019-02-11,23,0,90,186.12,186.12,0.0,-56706.588033,0.0
2019-02-11,23,0,91,663.92,663.92,0.0,-202281.527653,0.0
2019-02-11,23,0,92,238.77,238.77,0.0,-72747.861727,0.0
2019-02-11,23,0,95,103.01,103.01,0.0,2003.109777,0.0
2019-02-11,23,0,96,21.85,21.85,0.0,248.822127,0.0
2019-02-11,23,0,97,134.34,134.34,0.0,1529.82904,0.0
2019-02-11,23,0,99,0.87,0.87,0.0,6.744504,0.0
2019-02-11,23,0,101,0.0,0.0,0.0,0.0,0.0
2019-02-11,23,0,102,24.15,24.15,0.0,-10210.352831,0.0
2019-02-11,23,0,103,21.0,21.0,0.0,-8878.567679,0.0
2019-02-11,23,0,104,3.9,3.9,0.0,-1648.876855,0.0
2019-02-11,23,0,106,0.0,0.0,0.0,0.0,0.0
2019-02-11,23,0,109,166.1,166.1,0.0,1470.222007,0.0
2019-02-11,23,0,110,338.6,338.6,0.0,-338600.0,0.0
2019-02-11,23,0,111,0.0,0.0,0.0,0.0,0.0
2019-02-11,23,0,113,72.15,72.15,0.0,-19851.509665,0.0
2019-02-11,23,0,115,72.15,72.15,0.0,-19851.509665,0.0
2019-02-11,23,0,116,0.0,0.0,0.0,-0.0,0.0
2019-02-11,23,0,117,4.81,4.81,0.0,-1323.433978,0.0
2019-02-11,23,0,119,200.0,200.0,0.0,19134.051575,0.0
2019-02-11,23,0,120,117.6,117.6,0.0,11250.822326,0.0
2019-02-11,23,0,123,0.0,0.0,0.0,0.0,0.0
2019-02-11,23,0,125,174.2,174.2,0.0,1973.537313,0.0
2019-02-11,23,0,126,0.0,0.0,0.0,0.0,0.0
2019-02-11,23,0,127,0.0,0.0,0.0,0.0,0.0
2019-02-11,23,0,128,249.5,249.5,0.0,2826.622041,0.0
2019-02-11,23,0,131,30.0,30.0,0.0,-11545.239536,0.0
2019-02-11,23,0,132,44.1,44.1,0.0,-16971.502117,0.0
2019-02-11,23,0,133,11.67,11.67,0.0,79.450593,0.0
2019-02-11,23,0,134,0.0,0.0,0.0,0.0,0.0
2019-02-11,23,0,135,15.63,15.63,0.0,106.410692,0.0
2019-02-11,23,0,136,6.58,6.58,0.0,45.039458,0.0
2019-02-11,23,0,139,25.6,25.6,0.0,251.822391,0.0
2019-02-11,23,0,140,250.6,250.6,0.0,-250600.0,0.0
2019-02-11,23,0,141,230.0,230.0,0.0,-129921.946017,0.0
2019-02-11,23,0,142,0.0,0.0,0.0,-0.0,0.0
2019-02-11,23,0,143,71.55,71.55,0.0,812.650401,0.0
2019-02-11,23,0,145,12.29,12.29,0.0,128.153622,0.0
2019-02-11,23,0,146,268.0,268.0,0.0,-268000.0,0.0
2019-02-11,23,0,152,0.0,0.0,0.0,0.0,0.0
2019-02-11,23,0,153,0.0,0.0,0.0,0.0,0.0
2019-02-11,23,0,154,0.0,0.0,0.0,0.0,0.0
2019-02-11,23,0,157,95.37,95.37,0.0,-53872.417355,0.0
2019-02-11,23,0,158,0.0,0.0,0.0,-0.0,0.0
2019-02-11,23,0,159,0.0,0.0,0.0,0.0,0.0
2019-02-11,23,0,160,0.0,0.0,0.0,0.0,0.0
2019-02-11,23,0,161,0.0,0.0,0.0,-0.0,0.0
2019-02-11,23,0,162,40.23,40.23,0.0,814.209301,0.0
2019-02-11,23,0,163,121.33,121.33,0.0,-121330.0,0.0
2019-02-11,23,0,164,0.0,0.0,0.0,0.0,0.0
2019-02-11,23,0,167,0.0,0.0,0.0,0.0,0.0
2019-02-11,23,0,168,0.0,0.0,0.0,0.0,0.0
2019-02-11,23,0,169,0.0,0.0,0.0,0.0,0.0
2019-02-11,23,0,170,0.0,0.0,0.0,0.0,0.0
2019-02-11,23,0,172,0.0,0.0,0.0,0.0,0.0
2019-02-11,23,0,173,0.0,0.0,0.0,0.0,0.0
2019-02-11,23,0,188,0.0,0.0,0.0,0.0,0.0
2019-02-11,23,0,190,0.0,0.0,0.0,0.0,0.0
2019-02-11,23,0,191,0.0,0.0,0.0,0.0,0.0
2019-02-11,23,0,192,129.86,129.86,0.0,4211.042567,0.0
2019-02-11,23,0,194,176.5,176.5,0.0,-25031.273047,0.0
2019-02-11,23,0,196,0.0,0.0,0.0,0.0,0.0
2019-02-11,23,0,198,0.0,0.0,0.0,0.0,0.0
2019-02-11,23,0,199,76.14,76.14,0.0,-2934.285469,0.0
2019-02-11,23,0,200,0.0,0.0,0.0,-0.0,0.0
2019-02-11,23,0,204,705.23,705.23,0.0,6321.96772,0.0
2019-02-11,23,0,205,878.66,878.66,0.0,7777.394754,0.0
2019-02-11,23,0,206,394.77,394.77,0.0,4495.538261,0.0
2019-02-11,23,0,210,0.0,0.0,0.0,0.0,0.0
2019-02-11,23,0,214,0.0,0.0,0.0,0.0,0.0
2019-02-11,23,0,217,0.0,0.0,0.0,0.0,0.0
2019-02-11,23,0,218,0.0,0.0,0.0,0.0,0.0
2019-02-11,23,0,219,0.0,0.0,0.0,0.0,0.0
2019-02-11,23,0,221,0.0,0.0,0.0,0.0,0.0
2019-02-11,23,0,225,0.0,0.0,0.0,0.0,0.0
2019-02-11,23,0,233,0.0,0.0,0.0,0.0,0.0
2019-02-11,23,0,236,8.5,8.5,0.0,61.608401,0.0
2019-02-11,23,0,237,10.76,10.76,0.0,83.414788,0.0
2019-02-11,23,0,238,0.0,0.0,0.0,0.0,0.0
2019-02-11,23,0,240,0.0,0.0,0.0,0.0,0.0
2019-02-11,23,0,245,23.02,23.02,0.0,154.08135,0.0
2019-02-11,23,0,247,8.32,8.32,0.0,55.688828,0.0
2019-02-11,23,0,248,1.08,1.08,0.0,8.372488,0.0
2019-02-11,23,0,249,44.28,44.28,0.0,296.382371,0.0
2019-02-11,23,0,251,39.96,39.96,0.0,275.552935,0.0
2019-02-11,23,0,252,30.77,30.77,0.0,210.563556,0.0
2019-02-11,23,0,254,0.0,0.0,0.0,0.0,0.0
2019-02-11,23,0,255,0.0,0.0,0.0,0.0,0.0
2019-02-11,23,0,258,0.0,0.0,0.0,0.0,0.0
2019-02-11,23,0,260,0.0,0.0,0.0,0.0,0.0
2019-02-11,23,0,265,0.0,0.0,0.0,0.0,0.0
2019-02-11,23,0,266,16.58,16.58,0.0,163.094345,0.0
2019-02-11,23,0,267,20.37,20.37,0.0,200.375863,0.0
2019-02-11,23,0,270,378.91,378.91,0.0,-378910.0,0.0
2019-02-11,23,0,272,241.12,241.12,0.0,-66342.287046,0.0
2019-02-11,23,0,273,0.0,0.0,0.0,-0.0,0.0
2019-02-11,23,0,274,488.46,488.46,0.0,-488460.0,0.0
2019-02-11,23,0,275,679.94,679.94,0.0,-679940.0,0.0
2019-02-11,23,0,276,0.0,0.0,0.0,-0.0,0.0
2019-02-11,23,0,277,0.0,0.0,0.0,-0.0,0.0
2019-02-11,23,0,278,0.0,0.0,0.0,-0.0,0.0
2019-02-11,23,0,279,178.8,178.8,0.0,-51312.63248,0.0
2019-02-11,23,0,281,16.83,16.83,0.0,191.151729,0.0
2019-02-11,23,0,282,0.0,0.0,0.0,0.0,0.0
2019-02-12,0,0,9,0.0,0.0,0.0,0.0,0.0
2019-02-12,0,0,17,0.0,0.0,0.0,0.0,0.0
2019-02-12,0,0,19,15.04,15.04,0.0,360.284984,0.0
2019-02-12,0,0,20,18.24,18.24,0.0,436.941363,0.0
2019-02-12,0,0,21,0.0,0.0,0.0,0.0,0.0
2019-02-12,0,0,22,0.0,0.0,0.0,0.0,0.0
2019-02-12,0,0,23,108.8,108.8,0.0,1340.408647,0.0
2019-02-12,0,0,24,192.5,192.5,0.0,2371.586991,0.0
2019-02-12,0,0,29,0.0,0.0,0.0,0.0,0.0
2019-02-12,0,0,30,0.0,0.0,0.0,0.0,0.0
2019-02-12,0,0,31,37.5,37.5,0.0,465.257435,0.0
2019-02-12,0,0,32,0.0,0.0,0.0,0.0,0.0
2019-02-12,0,0,33,0.0,0.0,0.0,0.0,0.0
2019-02-12,0,0,34,0.0,0.0,0.0,0.0,0.0
2019-02-12,0,0,35,0.0,0.0,0.0,0.0,0.0
2019-02-12,0,0,36,0.0,0.0,0.0,0.0,0.0
2019-02-12,0,0,37,0.0,0.0,0.0,0.0,0.0
2019-02-12,0,0,38,0.0,0.0,0.0,0.0,0.0
2019-02-12,0,0,39,0.0,0.0,0.0,0.0,0.0
2019-02-12,0,0,40,0.0,0.0,0.0,0.0,0.0
2019-02-12,0,0,41,29.89,29.89,0.0,254.199148,0.0
2019-02-12,0,0,42,0.0,0.0,0.0,0.0,0.0
2019-02-12,0,0,43,0.0,0.0,0.0,0.0,0.0
2019-02-12,0,0,46,0.0,0.0,0.0,0.0,0.0
2019-02-12,0,0,52,39.75,39.75,0.0,493.172882,0.0
2019-02-12,0,0,53,63.15,63.15,0.0,783.493521,0.0
2019-02-12,0,0,55,622.97,622.97,0.0,7674.9483,0.0
2019-02-12,0,0,56,0.0,0.0,0.0,0.0,0.0
2019-02-12,0,0,57,0.0,0.0,0.0,0.0,0.0
2019-02-12,0,0,58,0.0,0.0,0.0,0.0,0.0
2019-02-12,0,0,59,0.0,0.0,0.0,0.0,0.0
2019-02-12,0,0,63,170.0,170.0,0.0,16059.330795,0.0
2019-02-12,0,0,64,200.0,200.0,0.0,18893.330347,0.0
2019-02-12,0,0,65,3.65,3.65,0.0,88.262756,0.0
2019-02-12,0,0,67,0.0,0.0,0.0,-0.0,0.0
2019-02-12,0,0,68,10.2,10.2,0.0,-4338.666024,0.0
2019-02-12,0,0,69,0.0,0.0,0.0,0.0,0.0
2019-02-12,0,0,74,5.02,5.02,0.0,77.960624,0.0
2019-02-12,0,0,77,200.0,200.0,0.0,-61632.306316,0.0
2019-02-12,0,0,78,151.2,151.2,0.0,-46594.023575,0.0
2019-02-12,0,0,79,87.5,87.5,0.0,-26964.134013,0.0
2019-02-12,0,0,80,141.5,141.5,0.0,-43604.856719,0.0
2019-02-12,0,0,81,185.0,185.0,0.0,-57009.883342,0.0
2019-02-12,0,0,82,130.5,130.5,0.0,-40215.079871,0.0
2019-02-12,0,0,83,291.0,291.0,0.0,-89675.00569,0.0
2019-02-12,0,0,84,0.0,0.0,0.0,-0.0,0.0
2019-02-12,0,0,86,0.0,0.0,0.0,0.0,0.0
2019-02-12,0,0,87,0.0,0.0,0.0,0.0,0.0
2019-02-12,0,0,88,170.6,170.6,0.0,-52572.357288,0.0
2019-02-12,0,0,89,164.0,164.0,0.0,-50538.491179,0.0
2019-02-12,0,0,90,220.2,220.2,0.0,-67857.169254,0.0
2019-02-12,0,0,91,785.5,785.5,0.0,-242060.883057,0.0
2019-02-12,0,0,92,282.5,282.5,0.0,-87055.632672,0.0
2019-02-12,0,0,95,62.05,62.05,0.0,1206.610637,0.0
2019-02-12,0,0,96,29.88,29.88,0.0,373.431813,0.0
2019-02-12,0,0,97,183.75,183.75,0.0,2296.45568,0.0
2019-02-12,0,0,99,0.97,0.97,0.0,15.064105,0.0
2019-02-12,0,0,101,0.0,0.0,0.0,0.0,0.0
2019-02-12,0,0,102,24.15,24.15,0.0,-10272.429851,0.0
2019-02-12,0,0,103,21.0,21.0,0.0,-8932.547696,0.0
2019-02-12,0,0,104,3.9,3.9,0.0,-1658.901715,0.0
2019-02-12,0,0,106,0.0,0.0,0.0,0.0,0.0
2019-02-12,0,0,109,200.0,200.0,0.0,772.613645,0.0
2019-02-12,0,0,110,338.6,338.6,0.0,-338600.0,0.0
2019-02-12,0,0,111,0.0,0.0,0.0,0.0,0.0
2019-02-12,0,0,113,150.0,150.0,0.0,-41622.75501,0.0
2019-02-12,0,0,115,150.0,150.0,0.0,-41622.75501,0.0
2019-02-12,0,0,116,0.0,0.0,0.0,-0.0,0.0
2019-02-12,0,0,117,10.0,10.0,0.0,-2774.850334,0.0
2019-02-12,0,0,119,200.0,200.0,0.0,18893.330347,0.0
2019-02-12,0,0,120,117.6,117.6,0.0,11109.278244,0.0
2019-02-12,0,0,123,0.0,0.0,0.0,0.0,0.0
2019-02-12,0,0,125,174.2,174.2,0.0,2146.132228,0.0
2019-02-12,0,0,126,0.0,0.0,0.0,0.0,0.0
2019-02-12,0,0,127,0.0,0.0,0.0,0.0,0.0
2019-02-12,0,0,128,249.5,249.5,0.0,3073.823139,0.0
2019-02-12,0,0,131,30.0,30.0,0.0,-11627.423576,0.0
2019-02-12,0,0,132,44.1,44.1,0.0,-17092.312657,0.0
2019-02-12,0,0,133,10.46,10.46,0.0,250.347368,0.0
2019-02-12,0,0,134,0.0,0.0,0.0,0.0,0.0
2019-02-12,0,0,135,14.02,14.02,0.0,335.551635,0.0
2019-02-12,0,0,136,4.69,4.69,0.0,113.469902,0.0
2019-02-12,0,0,139,38.6,38.6,0.0,328.273239,0.0
2019-02-12,0,0,140,250.6,250.6,0.0,-250600.0,0.0
2019-02-12,0,0,141,230.0,230.0,0.0,-130367.620664,0.0
2019-02-12,0,0,142,0.0,0.0,0.0,-0.0,0.0
2019-02-12,0,0,143,177.43,177.43,0.0,2201.350047,0.0
2019-02-12,0,0,145,27.69,27.69,0.0,259.993368,0.0
2019-02-12,0,0,146,268.0,268.0,0.0,-268000.0,0.0
2019-02-12,0,0,152,0.0,0.0,0.0,0.0,0.0
2019-02-12,0,0,153,0.0,0.0,0.0,0.0,0.0
2019-02-12,0,0,154,0.0,0.0,0.0,0.0,0.0
2019-02-12,0,0,157,60.49,60.49,0.0,-34286.684235,0.0
2019-02-12,0,0,158,0.0,0.0,0.0,-0.0,0.0
2019-02-12,0,0,159,0.0,0.0,0.0,0.0,0.0
2019-02-12,0,0,160,0.0,0.0,0.0,0.0,0.0
2019-02-12,0,0,161,0.0,0.0,0.0,-0.0,0.0
2019-02-12,0,0,162,34.29,34.29,0.0,693.295434,0.0
2019-02-12,0,0,163,185.4,185.4,0.0,-185400.0,0.0
2019-02-12,0,0,164,0.0,0.0,0.0,0.0,0.0
2019-02-12,0,0,167,0.0,0.0,0.0,0.0,0.0
2019-02-12,0,0,168,0.0,0.0,0.0,0.0,0.0
2019-02-12,0,0,169,0.0,0.0,0.0,0.0,0.0
2019-02-12,0,0,170,0.0,0.0,0.0,0.0,0.0
2019-02-12,0,0,172,0.0,0.0,0.0,0.0,0.0
2019-02-12,0,0,173,0.0,0.0,0.0,0.0,0.0
2019-02-12,0,0,188,0.0,0.0,0.0,0.0,0.0
2019-02-12,0,0,190,0.0,0.0,0.0,0.0,0.0
2019-02-12,0,0,191,0.0,0.0,0.0,0.0,0.0
2019-02-12,0,0,192,160.58,160.58,0.0,5207.217122,0.0
2019-02-12,0,0,194,176.5,176.5,0.0,-25339.997244,0.0
2019-02-12,0,0,196,0.0,0.0,0.0,0.0,0.0
2019-02-12,0,0,198,0.0,0.0,0.0,0.0,0.0
2019-02-12,0,0,199,34.95,34.95,0.0,-1354.500592,0.0
2019-02-12,0,0,200,0.0,0.0,0.0,-0.0,0.0
2019-02-12,0,0,204,857.0,857.0,0.0,3933.682759,0.0
2019-02-12,0,0,205,1058.0,1058.0,0.0,4087.126182,0.0
2019-02-12,0,0,206,539.94,539.94,0.0,6748.01785,0.0
2019-02-12,0,0,210,0.0,0.0,0.0,0.0,0.0
2019-02-12,0,0,214,0.0,0.0,0.0,0.0,0.0
2019-02-12,0,0,217,0.0,0.0,0.0,0.0,0.0
2019-02-12,0,0,218,0.0,0.0,0.0,0.0,0.0
2019-02-12,0,0,219,0.0,0.0,0.0,0.0,0.0
2019-02-12,0,0,221,0.0,0.0,0.0,0.0,0.0
2019-02-12,0,0,225,0.0,0.0,0.0,0.0,0.0
2019-02-12,0,0,233,0.0,0.0,0.0,0.0,0.0
2019-02-12,0,0,236,12.64,12.64,0.0,371.225484,0.0
2019-02-12,0,0,237,12.04,12.04,0.0,186.981258,0.0
2019-02-12,0,0,238,0.0,0.0,0.0,0.0,0.0
2019-02-12,0,0,240,0.0,0.0,0.0,0.0,0.0
2019-02-12,0,0,245,17.96,17.96,0.0,415.277677,0.0
2019-02-12,0,0,247,11.9,11.9,0.0,275.156144,0.0
2019-02-12,0,0,248,1.21,1.21,0.0,18.791306,0.0
2019-02-12,0,0,249,33.65,33.65,0.0,778.067585,0.0
2019-02-12,0,0,251,34.38,34.38,0.0,844.145334,0.0
2019-02-12,0,0,252,23.57,23.57,0.0,569.959767,0.0
2019-02-12,0,0,254,0.0,0.0,0.0,0.0,0.0
2019-02-12,0,0,255,0.0,0.0,0.0,0.0,0.0
2019-02-12,0,0,258,0.0,0.0,0.0,0.0,0.0
2019-02-12,0,0,260,0.0,0.0,0.0,0.0,0.0
2019-02-12,0,0,265,0.0,0.0,0.0,0.0,0.0
2019-02-12,0,0,266,25.0,25.0,0.0,212.612202,0.0
2019-02-12,0,0,267,30.72,30.72,0.0,261.257873,0.0
2019-02-12,0,0,270,579.0,579.0,0.0,-579000.0,0.0
2019-02-12,0,0,272,501.3,501.3,0.0,-139103.247243,0.0
2019-02-12,0,0,273,0.0,0.0,0.0,-0.0,0.0
2019-02-12,0,0,274,746.4,746.4,0.0,-746400.0,0.0
2019-02-12,0,0,275,1039.0,1039.0,0.0,-1039000.0,0.0
2019-02-12,0,0,276,0.0,0.0,0.0,-0.0,0.0
2019-02-12,0,0,277,0.0,0.0,0.0,-0.0,0.0
2019-02-12,0,0,278,0.0,0.0,0.0,-0.0,0.0
2019-02-12,0,0,279,264.6,264.6,0.0,-76676.776696,0.0
2019-02-12,0,0,281,16.83,16.83,0.0,208.807537,0.0
2019-02-12,0,0,282,0.0,0.0,0.0,0.0,0.0
2019-02-12,1,0,9,0.0,0.0,0.0,0.0,0.0
2019-02-12,1,0,17,0.0,0.0,0.0,0.0,0.0
2019-02-12,1,0,19,13.84,13.84,0.0,850.553877,0.0
2019-02-12,1,0,20,16.78,16.78,0.0,1031.23512,0.0
2019-02-12,1,0,21,0.0,0.0,0.0,0.0,0.0
2019-02-12,1,0,22,0.0,0.0,0.0,0.0,0.0
2019-02-12,1,0,23,108.8,108.8,0.0,1341.357351,0.0
2019-02-12,1,0,24,192.5,192.5,0.0,2373.265534,0.0
2019-02-12,1,0,29,0.0,0.0,0.0,0.0,0.0
2019-02-12,1,0,30,0.0,0.0,0.0,0.0,0.0
2019-02-12,1,0,31,63.85,63.85,0.0,792.178327,0.0
2019-02-12,1,0,32,0.0,0.0,0.0,0.0,0.0
2019-02-12,1,0,33,0.0,0.0,0.0,0.0,0.0
2019-02-12,1,0,34,0.0,0.0,0.0,0.0,0.0
2019-02-12,1,0,35,0.0,0.0,0.0,0.0,0.0
2019-02-12,1,0,36,0.0,0.0,0.0,0.0,0.0
2019-02-12,1,0,37,0.0,0.0,0.0,0.0,0.0
2019-02-12,1,0,38,0.0,0.0,0.0,0.0,0.0
2019-02-12,1,0,39,0.0,0.0,0.0,0.0,0.0
2019-02-12,1,0,40,0.0,0.0,0.0,0.0,0.0
2019-02-12,1,0,41,76.01,76.01,0.0,774.362218,0.0
2019-02-12,1,0,42,0.0,0.0,0.0,0.0,0.0
2019-02-12,1,0,43,0.0,0.0,0.0,0.0,0.0
2019-02-12,1,0,46,0.0,0.0,0.0,0.0,0.0
2019-02-12,1,0,52,67.98,67.98,0.0,843.418679,0.0
2019-02-12,1,0,53,111.12,111.12,0.0,1378.650833,0.0
2019-02-12,1,0,55,524.08,524.08,0.0,6461.200005,0.0
2019-02-12,1,0,56,0.0,0.0,0.0,0.0,0.0
2019-02-12,1,0,57,0.0,0.0,0.0,0.0,0.0
2019-02-12,1,0,58,0.0,0.0,0.0,0.0,0.0
2019-02-12,1,0,59,0.0,0.0,0.0,0.0,0.0
2019-02-12,1,0,63,170.0,170.0,0.0,16315.244012,0.0
2019-02-12,1,0,64,200.0,200.0,0.0,19194.40472,0.0
2019-02-12,1,0,65,2.86,2.86,0.0,176.610048,0.0
2019-02-12,1,0,67,0.0,0.0,0.0,-0.0,0.0
2019-02-12,1,0,68,10.2,10.2,0.0,-4328.796757,0.0
2019-02-12,1,0,69,0.0,0.0,0.0,0.0,0.0
2019-02-12,1,0,74,7.58,7.58,0.0,274.925284,0.0
2019-02-12,1,0,77,200.0,200.0,0.0,-61391.529836,0.0
2019-02-12,1,0,78,151.2,151.2,0.0,-46411.996556,0.0
2019-02-12,1,0,79,87.5,87.5,0.0,-26858.794303,0.0
2019-02-12,1,0,80,141.5,141.5,0.0,-43434.507359,0.0
2019-02-12,1,0,81,185.0,185.0,0.0,-56787.165099,0.0
2019-02-12,1,0,82,130.5,130.5,0.0,-40057.973218,0.0
2019-02-12,1,0,83,291.0,291.0,0.0,-89324.675912,0.0
2019-02-12,1,0,84,0.0,0.0,0.0,-0.0,0.0
2019-02-12,1,0,86,0.0,0.0,0.0,0.0,0.0
2019-02-12,1,0,87,0.0,0.0,0.0,0.0,0.0
2019-02-12,1,0,88,170.6,170.6,0.0,-52366.97495,0.0
2019-02-12,1,0,89,164.0,164.0,0.0,-50341.054466,0.0
2019-02-12,1,0,90,220.2,220.2,0.0,-67592.07435,0.0
2019-02-12,1,0,91,785.5,785.5,0.0,-241115.233432,0.0
2019-02-12,1,0,92,282.5,282.5,0.0,-86715.535894,0.0
2019-02-12,1,0,95,88.63,88.63,0.0,1460.18081,0.0
2019-02-12,1,0,96,29.88,29.88,0.0,373.159519,0.0
2019-02-12,1,0,97,183.75,183.75,0.0,2294.781176,0.0
2019-02-12,1,0,99,1.46,1.46,0.0,52.953946,0.0
2019-02-12,1,0,101,0.0,0.0,0.0,0.0,0.0
2019-02-12,1,0,102,24.15,24.15,0.0,-10249.062909,0.0
2019-02-12,1,0,103,21.0,21.0,0.0,-8912.228617,0.0
2019-02-12,1,0,104,3.9,3.9,0.0,-1655.128172,0.0
2019-02-12,1,0,106,0.0,0.0,0.0,0.0,0.0
2019-02-12,1,0,109,200.0,200.0,0.0,637.703986,0.0
2019-02-12,1,0,110,338.6,338.6,0.0,-338600.0,0.0
2019-02-12,1,0,111,0.0,0.0,0.0,0.0,0.0
2019-02-12,1,0,113,84.36,84.36,0.0,-23313.517427,0.0
2019-02-12,1,0,115,84.36,84.36,0.0,-23313.517427,0.0
2019-02-12,1,0,116,0.0,0.0,0.0,-0.0,0.0
2019-02-12,1,0,117,5.76,5.76,0.0,-1591.819113,0.0
2019-02-12,1,0,119,200.0,200.0,0.0,19194.40472,0.0
2019-02-12,1,0,120,117.6,117.6,0.0,11286.309975,0.0
2019-02-12,1,0,123,0.0,0.0,0.0,0.0,0.0
2019-02-12,1,0,125,174.2,174.2,0.0,2147.6512,0.0
2019-02-12,1,0,126,0.0,0.0,0.0,0.0,0.0
2019-02-12,1,0,127,0.0,0.0,0.0,0.0,0.0
2019-02-12,1,0,128,249.5,249.5,0.0,3075.998705,0.0
2019-02-12,1,0,131,30.0,30.0,0.0,-11596.487979,0.0
2019-02-12,1,0,132,44.1,44.1,0.0,-17046.83733,0.0
2019-02-12,1,0,133,9.43,9.43,0.0,579.269423,0.0
2019-02-12,1,0,134,0.0,0.0,0.0,0.0,0.0
2019-02-12,1,0,135,12.63,12.63,0.0,775.840171,0.0
2019-02-12,1,0,136,3.23,3.23,0.0,199.51061,0.0
2019-02-12,1,0,139,98.16,98.16,0.0,1000.018357,0.0
2019-02-12,1,0,140,250.6,250.6,0.0,-250600.0,0.0
2019-02-12,1,0,141,230.0,230.0,0.0,-130199.860462,0.0
2019-02-12,1,0,142,0.0,0.0,0.0,-0.0,0.0
2019-02-12,1,0,143,160.76,160.76,0.0,1994.527609,0.0
2019-02-12,1,0,145,30.0,30.0,0.0,280.17814,0.0
2019-02-12,1,0,146,268.0,268.0,0.0,-268000.0,0.0
2019-02-12,1,0,152,0.0,0.0,0.0,0.0,0.0
2019-02-12,1,0,153,0.0,0.0,0.0,0.0,0.0
2019-02-12,1,0,154,0.0,0.0,0.0,0.0,0.0
2019-02-12,1,0,157,35.54,35.54,0.0,-20118.708873,0.0
2019-02-12,1,0,158,0.0,0.0,0.0,-0.0,0.0
2019-02-12,1,0,159,0.0,0.0,0.0,0.0,0.0
2019-02-12,1,0,160,0.0,0.0,0.0,0.0,0.0
2019-02-12,1,0,161,0.0,0.0,0.0,-0.0,0.0
2019-02-12,1,0,162,36.18,36.18,0.0,623.891947,0.0
2019-02-12,1,0,163,185.4,185.4,0.0,-185400.0,0.0
2019-02-12,1,0,164,0.0,0.0,0.0,0.0,0.0
2019-02-12,1,0,167,0.0,0.0,0.0,0.0,0.0
2019-02-12,1,0,168,0.0,0.0,0.0,0.0,0.0
2019-02-12,1,0,169,0.0,0.0,0.0,0.0,0.0
2019-02-12,1,0,170,0.0,0.0,0.0,0.0,0.0
2019-02-12,1,0,172,0.0,0.0,0.0,0.0,0.0
2019-02-12,1,0,173,0.0,0.0,0.0,0.0,0.0
2019-02-12,1,0,188,0.0,0.0,0.0,0.0,0.0
2019-02-12,1,0,190,0.0,0.0,0.0,0.0,0.0
2019-02-12,1,0,191,0.0,0.0,0.0,0.0,0.0
2019-02-12,1,0,192,332.6,332.6,0.0,10785.405497,0.0
2019-02-12,1,0,194,176.5,176.5,0.0,-25122.263021,0.0
2019-02-12,1,0,196,0.0,0.0,0.0,0.0,0.0
2019-02-12,1,0,198,0.0,0.0,0.0,0.0,0.0
2019-02-12,1,0,199,95.96,95.96,0.0,-3826.157236,0.0
2019-02-12,1,0,200,0.0,0.0,0.0,-0.0,0.0
2019-02-12,1,0,204,857.0,857.0,0.0,3617.362223,0.0
2019-02-12,1,0,205,1058.0,1058.0,0.0,3373.454084,0.0
2019-02-12,1,0,206,539.94,539.94,0.0,6743.097405,0.0
2019-02-12,1,0,210,0.0,0.0,0.0,0.0,0.0
2019-02-12,1,0,214,0.0,0.0,0.0,0.0,0.0
2019-02-12,1,0,217,0.0,0.0,0.0,0.0,0.0
2019-02-12,1,0,218,0.0,0.0,0.0,0.0,0.0
2019-02-12,1,0,219,0.0,0.0,0.0,0.0,0.0
2019-02-12,1,0,221,0.0,0.0,0.0,0.0,0.0
2019-02-12,1,0,225,0.0,0.0,0.0,0.0,0.0
2019-02-12,1,0,233,0.0,0.0,0.0,0.0,0.0
2019-02-12,1,0,236,18.0,18.0,0.0,1272.762351,0.0
2019-02-12,1,0,237,18.18,18.18,0.0,659.385443,0.0
2019-02-12,1,0,238,0.0,0.0,0.0,0.0,0.0
2019-02-12,1,0,240,0.0,0.0,0.0,0.0,0.0
2019-02-12,1,0,245,10.35,10.35,0.0,624.82271,0.0
2019-02-12,1,0,247,16.28,16.28,0.0,982.81292,0.0
2019-02-12,1,0,248,1.83,1.83,0.0,66.373782,0.0
2019-02-12,1,0,249,19.91,19.91,0.0,1201.953638,0.0
2019-02-12,1,0,251,29.67,29.67,0.0,1846.572549,0.0
2019-02-12,1,0,252,18.45,18.45,0.0,1139.320065,0.0
2019-02-12,1,0,254,0.0,0.0,0.0,0.0,0.0
2019-02-12,1,0,255,0.0,0.0,0.0,0.0,0.0
2019-02-12,1,0,258,0.0,0.0,0.0,0.0,0.0
2019-02-12,1,0,260,0.0,0.0,0.0,0.0,0.0
2019-02-12,1,0,265,0.0,0.0,0.0,0.0,0.0
2019-02-12,1,0,266,63.56,63.56,0.0,647.526149,0.0
2019-02-12,1,0,267,78.1,78.1,0.0,795.654377,0.0
2019-02-12,1,0,270,579.0,579.0,0.0,-579000.0,0.0
2019-02-12,1,0,272,281.35,281.35,0.0,-77753.17838,0.0
2019-02-12,1,0,273,0.0,0.0,0.0,-0.0,0.0
2019-02-12,1,0,274,746.4,746.4,0.0,-746400.0,0.0
2019-02-12,1,0,275,1039.0,1039.0,0.0,-1039000.0,0.0
2019-02-12,1,0,276,0.0,0.0,0.0,-0.0,0.0
2019-02-12,1,0,277,0.0,0.0,0.0,-0.0,0.0
2019-02-12,1,0,278,0.0,0.0,0.0,-0.0,0.0
2019-02-12,1,0,279,264.6,264.6,0.0,-76370.329681,0.0
2019-02-12,1,0,281,26.36,26.36,0.0,327.04496,0.0
2019-02-12,1,0,282,0.0,0.0,0.0,0.0,0.0
2019-02-12,2,0,9,0.0,0.0,0.0,0.0,0.0
2019-02-12,2,0,17,0.0,0.0,0.0,0.0,0.0
2019-02-12,2,0,19,13.94,13.94,0.0,9429.007995,0.0
2019-02-12,2,0,20,16.91,16.91,0.0,11437.914289,0.0
2019-02-12,2,0,21,0.0,0.0,0.0,0.0,0.0
2019-02-12,2,0,22,0.0,0.0,0.0,0.0,0.0
2019-02-12,2,0,23,108.8,108.8,0.0,1978.887042,0.0
2019-02-12,2,0,24,192.5,192.5,0.0,3501.247754,0.0
2019-02-12,2,0,29,0.0,0.0,0.0,0.0,0.0
2019-02-12,2,0,30,0.0,0.0,0.0,0.0,0.0
2019-02-12,2,0,31,24.28,24.28,0.0,448.110041,0.0
2019-02-12,2,0,32,0.0,0.0,0.0,0.0,0.0
2019-02-12,2,0,33,0.0,0.0,0.0,0.0,0.0
2019-02-12,2,0,34,0.0,0.0,0.0,0.0,0.0
2019-02-12,2,0,35,0.0,0.0,0.0,0.0,0.0
2019-02-12,2,0,36,0.0,0.0,0.0,-0.0,0.0
2019-02-12,2,0,37,0.0,0.0,0.0,-0.0,0.0
2019-02-12,2,0,38,0.0,0.0,0.0,-0.0,0.0
2019-02-12,2,0,39,0.0,0.0,0.0,-0.0,0.0
2019-02-12,2,0,40,0.0,0.0,0.0,-0.0,0.0
2019-02-12,2,0,41,84.22,84.22,0.0,2240.221695,0.0
2019-02-12,2,0,42,0.0,0.0,0.0,0.0,0.0
2019-02-12,2,0,43,0.0,0.0,0.0,0.0,0.0
2019-02-12,2,0,46,0.0,0.0,0.0,-0.0,0.0
2019-02-12,2,0,52,25.74,25.74,0.0,475.055703,0.0
2019-02-12,2,0,53,40.89,40.89,0.0,754.66308,0.0
2019-02-12,2,0,55,511.06,511.06,0.0,9295.312607,0.0
2019-02-12,2,0,56,0.0,0.0,0.0,0.0,0.0
2019-02-12,2,0,57,0.0,0.0,0.0,0.0,0.0
2019-02-12,2,0,58,0.0,0.0,0.0,0.0,0.0
2019-02-12,2,0,59,0.0,0.0,0.0,0.0,0.0
2019-02-12,2,0,63,170.0,170.0,0.0,17993.214681,0.0
2019-02-12,2,0,64,200.0,200.0,0.0,21168.48786,0.0
2019-02-12,2,0,65,0.85,0.85,0.0,577.067893,0.0
2019-02-12,2,0,67,0.0,0.0,0.0,-0.0,0.0
2019-02-12,2,0,68,10.2,10.2,0.0,-4346.262377,0.0
2019-02-12,2,0,69,0.0,0.0,0.0,0.0,0.0
2019-02-12,2,0,74,4.74,4.74,0.0,1745.522892,0.0
2019-02-12,2,0,77,200.0,200.0,0.0,-62109.682009,0.0
2019-02-12,2,0,78,151.2,151.2,0.0,-46954.919599,0.0
2019-02-12,2,0,79,87.5,87.5,0.0,-27172.985879,0.0
2019-02-12,2,0,80,141.5,141.5,0.0,-43942.600021,0.0
2019-02-12,2,0,81,185.0,185.0,0.0,-57451.455858,0.0
2019-02-12,2,0,82,130.5,130.5,0.0,-40526.567511,0.0
2019-02-12,2,0,83,291.0,291.0,0.0,-90369.587323,0.0
2019-02-12,2,0,84,0.0,0.0,0.0,0.0,0.0
2019-02-12,2,0,86,0.0,0.0,0.0,0.0,0.0
2019-02-12,2,0,87,0.0,0.0,0.0,0.0,0.0
2019-02-12,2,0,88,170.6,170.6,0.0,-52979.558754,0.0
2019-02-12,2,0,89,164.0,164.0,0.0,-50929.939247,0.0
2019-02-12,2,0,90,220.2,220.2,0.0,-68382.759892,0.0
2019-02-12,2,0,91,785.5,785.5,0.0,-243935.77609,0.0
2019-02-12,2,0,92,282.5,282.5,0.0,-87729.925838,0.0
2019-02-12,2,0,95,19.89,19.89,0.0,716.512068,0.0
2019-02-12,2,0,96,29.88,29.88,0.0,559.820768,0.0
2019-02-12,2,0,97,183.75,183.75,0.0,3442.672894,0.0
2019-02-12,2,0,99,0.92,0.92,0.0,338.793473,0.0
2019-02-12,2,0,101,0.0,0.0,0.0,0.0,0.0
2019-02-12,2,0,102,24.15,24.15,0.0,-10290.415333,0.0
2019-02-12,2,0,103,21.0,21.0,0.0,-8948.187246,0.0
2019-02-12,2,0,104,3.9,3.9,0.0,-1661.806203,0.0
2019-02-12,2,0,106,0.0,0.0,0.0,0.0,0.0
2019-02-12,2,0,109,195.26,195.26,0.0,-6286.288902,0.0
2019-02-12,2,0,110,338.6,338.6,0.0,-338600.0,0.0
2019-02-12,2,0,111,0.0,0.0,0.0,0.0,0.0
2019-02-12,2,0,113,92.76,92.76,0.0,-25510.612165,0.0
2019-02-12,2,0,115,92.76,92.76,0.0,-25510.612165,0.0
2019-02-12,2,0,116,0.0,0.0,0.0,-0.0,0.0
2019-02-12,2,0,117,4.96,4.96,0.0,-1364.086205,0.0
2019-02-12,2,0,119,200.0,200.0,0.0,21168.48786,0.0
2019-02-12,2,0,120,117.6,117.6,0.0,12447.070861,0.0
2019-02-12,2,0,123,0.0,0.0,0.0,0.0,0.0
2019-02-12,2,0,125,174.2,174.2,0.0,3168.401863,0.0
2019-02-12,2,0,126,0.0,0.0,0.0,0.0,0.0
2019-02-12,2,0,127,0.0,0.0,0.0,0.0,0.0
2019-02-12,2,0,128,249.5,249.5,0.0,4537.980855,0.0
2019-02-12,2,0,131,30.0,30.0,0.0,-11651.234636,0.0
2019-02-12,2,0,132,44.1,44.1,0.0,-17127.314915,0.0
2019-02-12,2,0,133,6.53,6.53,0.0,4415.347739,0.0
2019-02-12,2,0,134,0.0,0.0,0.0,0.0,0.0
2019-02-12,2,0,135,8.75,8.75,0.0,5916.430738,0.0
2019-02-12,2,0,136,1.51,1.51,0.0,1025.351709,0.0
2019-02-12,2,0,139,108.76,108.76,0.0,2892.976865,0.0
2019-02-12,2,0,140,250.6,250.6,0.0,-250600.0,0.0
2019-02-12,2,0,141,230.0,230.0,0.0,-130496.745317,0.0
2019-02-12,2,0,142,0.0,0.0,0.0,-0.0,0.0
2019-02-12,2,0,143,75.77,75.77,0.0,1398.406006,0.0
2019-02-12,2,0,145,30.0,30.0,0.0,109.815574,0.0
2019-02-12,2,0,146,268.0,268.0,0.0,-268000.0,0.0
2019-02-12,2,0,152,0.0,0.0,0.0,0.0,0.0
2019-02-12,2,0,153,0.0,0.0,0.0,0.0,0.0
2019-02-12,2,0,154,0.0,0.0,0.0,0.0,0.0
2019-02-12,2,0,157,22.69,22.69,0.0,-12873.787614,0.0
2019-02-12,2,0,158,0.0,0.0,0.0,-0.0,0.0
2019-02-12,2,0,159,0.0,0.0,0.0,0.0,0.0
2019-02-12,2,0,160,0.0,0.0,0.0,0.0,0.0
2019-02-12,2,0,161,0.0,0.0,0.0,-0.0,0.0
2019-02-12,2,0,162,20.27,20.27,0.0,745.552311,0.0
2019-02-12,2,0,163,185.4,185.4,0.0,-185400.0,0.0
2019-02-12,2,0,164,0.0,0.0,0.0,0.0,0.0
2019-02-12,2,0,167,0.0,0.0,0.0,0.0,0.0
2019-02-12,2,0,168,0.0,0.0,0.0,0.0,0.0
2019-02-12,2,0,169,0.0,0.0,0.0,0.0,0.0
2019-02-12,2,0,170,0.0,0.0,0.0,0.0,0.0
2019-02-12,2,0,172,0.0,0.0,0.0,0.0,0.0
2019-02-12,2,0,173,0.0,0.0,0.0,0.0,0.0
2019-02-12,2,0,188,0.0,0.0,0.0,0.0,0.0
2019-02-12,2,0,190,0.0,0.0,0.0,0.0,0.0
2019-02-12,2,0,191,0.0,0.0,0.0,0.0,0.0
2019-02-12,2,0,192,332.6,332.6,0.0,12448.405497,0.0
2019-02-12,2,0,194,176.5,176.5,0.0,-24129.115877,0.0
2019-02-12,2,0,196,0.0,0.0,0.0,0.0,0.0
2019-02-12,2,0,198,0.0,0.0,0.0,0.0,0.0
2019-02-12,2,0,199,21.23,21.23,0.0,-334.056039,0.0
2019-02-12,2,0,200,0.0,0.0,0.0,-0.0,0.0
2019-02-12,2,0,204,857.0,857.0,0.0,-19897.347887,0.0
2019-02-12,2,0,205,958.56,958.56,0.0,-30860.314912,0.0
2019-02-12,2,0,206,539.94,539.94,0.0,10116.118654,0.0
2019-02-12,2,0,210,0.0,0.0,0.0,0.0,0.0
2019-02-12,2,0,214,0.0,0.0,0.0,0.0,0.0
2019-02-12,2,0,217,0.0,0.0,0.0,0.0,0.0
2019-02-12,2,0,218,0.0,0.0,0.0,0.0,0.0
2019-02-12,2,0,219,0.0,0.0,0.0,0.0,0.0
2019-02-12,2,0,221,0.0,0.0,0.0,0.0,0.0
2019-02-12,2,0,225,0.0,0.0,0.0,0.0,0.0
2019-02-12,2,0,233,0.0,0.0,0.0,0.0,0.0
2019-02-12,2,0,236,8.38,8.38,0.0,6447.513784,0.0
2019-02-12,2,0,237,11.38,11.38,0.0,4190.727955,0.0
2019-02-12,2,0,238,0.0,0.0,0.0,0.0,0.0
2019-02-12,2,0,240,0.0,0.0,0.0,-0.0,0.0
2019-02-12,2,0,245,3.6,3.6,0.0,2401.88963,0.0
2019-02-12,2,0,247,3.95,3.95,0.0,2635.406678,0.0
2019-02-12,2,0,248,1.14,1.14,0.0,419.809303,0.0
2019-02-12,2,0,249,6.92,6.92,0.0,4616.965623,0.0
2019-02-12,2,0,251,10.31,10.31,0.0,7041.879699,0.0
2019-02-12,2,0,252,5.48,5.48,0.0,3720.390653,0.0
2019-02-12,2,0,254,0.0,0.0,0.0,0.0,0.0
2019-02-12,2,0,255,0.0,0.0,0.0,0.0,0.0
2019-02-12,2,0,258,0.0,0.0,0.0,-0.0,0.0
2019-02-12,2,0,260,0.0,0.0,0.0,0.0,0.0
2019-02-12,2,0,265,0.0,0.0,0.0,0.0,0.0
2019-02-12,2,0,266,70.42,70.42,0.0,1873.146661,0.0
2019-02-12,2,0,267,86.54,86.54,0.0,2301.932861,0.0
2019-02-12,2,0,270,579.0,579.0,0.0,-579000.0,0.0
2019-02-12,2,0,272,400.13,400.13,0.0,-110042.704243,0.0
2019-02-12,2,0,273,0.0,0.0,0.0,-0.0,0.0
2019-02-12,2,0,274,746.39,746.39,0.0,-746390.0,0.0
2019-02-12,2,0,275,1038.99,1038.99,0.0,-1038990.0,0.0
2019-02-12,2,0,276,0.0,0.0,0.0,-0.0,0.0
2019-02-12,2,0,277,0.0,0.0,0.0,-0.0,0.0
2019-02-12,2,0,278,0.0,0.0,0.0,-0.0,0.0
2019-02-12,2,0,279,264.6,264.6,0.0,-76538.81604,0.0
2019-02-12,2,0,281,10.9,10.9,0.0,201.169664,0.0
2019-02-12,2,0,282,0.0,0.0,0.0,0.0,0.0
2019-02-12,3,0,9,0.0,0.0,0.0,0.0,0.0
2019-02-12,3,0,17,0.0,0.0,0.0,0.0,0.0
2019-02-12,3,0,19,37.47,37.47,0.0,9914.933735,0.0
2019-02-12,3,0,20,45.45,45.45,0.0,12026.520903,0.0
2019-02-12,3,0,21,0.0,0.0,0.0,0.0,0.0
2019-02-12,3,0,22,0.0,0.0,0.0,0.0,0.0
2019-02-12,3,0,23,108.8,108.8,0.0,1444.34713,0.0
2019-02-12,3,0,24,192.5,192.5,0.0,2555.4855,0.0
2019-02-12,3,0,29,0.0,0.0,0.0,0.0,0.0
2019-02-12,3,0,30,0.0,0.0,0.0,0.0,0.0
2019-02-12,3,0,31,20.85,20.85,0.0,280.556193,0.0
2019-02-12,3,0,32,0.0,0.0,0.0,0.0,0.0
2019-02-12,3,0,33,0.0,0.0,0.0,0.0,0.0
2019-02-12,3,0,34,0.0,0.0,0.0,0.0,0.0
2019-02-12,3,0,35,0.0,0.0,0.0,0.0,0.0
2019-02-12,3,0,36,0.0,0.0,0.0,-0.0,0.0
2019-02-12,3,0,37,0.0,0.0,0.0,-0.0,0.0
2019-02-12,3,0,38,0.0,0.0,0.0,-0.0,0.0
2019-02-12,3,0,39,0.0,0.0,0.0,-0.0,0.0
2019-02-12,3,0,40,0.0,0.0,0.0,-0.0,0.0
2019-02-12,3,0,41,116.0,116.0,0.0,1477.142518,0.0
2019-02-12,3,0,42,0.0,0.0,0.0,0.0,0.0
2019-02-12,3,0,43,0.0,0.0,0.0,0.0,0.0
2019-02-12,3,0,46,0.0,0.0,0.0,-0.0,0.0
2019-02-12,3,0,52,22.1,22.1,0.0,297.376109,0.0
2019-02-12,3,0,53,35.11,35.11,0.0,472.43779,0.0
2019-02-12,3,0,55,410.58,410.58,0.0,5450.551879,0.0
2019-02-12,3,0,56,0.0,0.0,0.0,0.0,0.0
2019-02-12,3,0,57,0.0,0.0,0.0,0.0,0.0
2019-02-12,3,0,58,0.0,0.0,0.0,0.0,0.0
2019-02-12,3,0,59,0.0,0.0,0.0,0.0,0.0
2019-02-12,3,0,63,170.0,170.0,0.0,16136.383005,0.0
2019-02-12,3,0,64,200.0,200.0,0.0,18983.980006,0.0
2019-02-12,3,0,65,0.0,0.0,0.0,0.0,0.0
2019-02-12,3,0,67,0.0,0.0,0.0,-0.0,0.0
2019-02-12,3,0,68,10.2,10.2,0.0,-4373.346366,0.0
2019-02-12,3,0,69,0.0,0.0,0.0,0.0,0.0
2019-02-12,3,0,74,6.44,6.44,0.0,927.618882,0.0
2019-02-12,3,0,77,200.0,200.0,0.0,-62597.052372,0.0
2019-02-12,3,0,78,151.2,151.2,0.0,-47323.371593,0.0
2019-02-12,3,0,79,87.5,87.5,0.0,-27386.210413,0.0
2019-02-12,3,0,80,141.5,141.5,0.0,-44287.414553,0.0
2019-02-12,3,0,81,185.0,185.0,0.0,-57902.273444,0.0
2019-02-12,3,0,82,130.5,130.5,0.0,-40844.576673,0.0
2019-02-12,3,0,83,291.0,291.0,0.0,-91078.711201,0.0
2019-02-12,3,0,84,0.0,0.0,0.0,0.0,0.0
2019-02-12,3,0,86,0.0,0.0,0.0,0.0,0.0
2019-02-12,3,0,87,0.0,0.0,0.0,0.0,0.0
2019-02-12,3,0,88,170.6,170.6,0.0,-53395.285673,0.0
2019-02-12,3,0,89,164.0,164.0,0.0,-51329.582945,0.0
2019-02-12,3,0,90,220.2,220.2,0.0,-68919.354662,0.0
2019-02-12,3,0,91,785.5,785.5,0.0,-245849.923191,0.0
2019-02-12,3,0,92,282.5,282.5,0.0,-88418.336475,0.0
2019-02-12,3,0,95,29.66,29.66,0.0,741.514954,0.0
2019-02-12,3,0,96,29.88,29.88,0.0,407.705554,0.0
2019-02-12,3,0,97,183.75,183.75,0.0,2507.22542,0.0
2019-02-12,3,0,99,1.24,1.24,0.0,178.609847,0.0
2019-02-12,3,0,101,0.0,0.0,0.0,0.0,0.0
2019-02-12,3,0,102,24.15,24.15,0.0,-10354.540662,0.0
2019-02-12,3,0,103,21.0,21.0,0.0,-9003.948401,0.0
2019-02-12,3,0,104,3.9,3.9,0.0,-1672.161846,0.0
2019-02-12,3,0,106,0.0,0.0,0.0,0.0,0.0
2019-02-12,3,0,109,200.0,200.0,0.0,-2640.638283,0.0
2019-02-12,3,0,110,338.6,338.6,0.0,-338600.0,0.0
2019-02-12,3,0,111,0.0,0.0,0.0,0.0,0.0
2019-02-12,3,0,113,78.82,78.82,0.0,-22076.846869,0.0
2019-02-12,3,0,115,78.82,78.82,0.0,-22076.846869,0.0
2019-02-12,3,0,116,0.0,0.0,0.0,-0.0,0.0
2019-02-12,3,0,117,4.05,4.05,0.0,-1134.372365,0.0
2019-02-12,3,0,119,200.0,200.0,0.0,18983.980006,0.0
2019-02-12,3,0,120,117.6,117.6,0.0,11162.580243,0.0
2019-02-12,3,0,123,0.0,0.0,0.0,0.0,0.0
2019-02-12,3,0,125,174.2,174.2,0.0,2312.548437,0.0
2019-02-12,3,0,126,0.0,0.0,0.0,0.0,0.0
2019-02-12,3,0,127,0.0,0.0,0.0,0.0,0.0
2019-02-12,3,0,128,249.5,249.5,0.0,3312.174714,0.0
2019-02-12,3,0,131,30.0,30.0,0.0,-11736.130442,0.0
2019-02-12,3,0,132,44.1,44.1,0.0,-17252.111749,0.0
2019-02-12,3,0,133,5.92,5.92,0.0,1565.869605,0.0
2019-02-12,3,0,134,0.0,0.0,0.0,0.0,0.0
2019-02-12,3,0,135,7.92,7.92,0.0,2094.879607,0.0
2019-02-12,3,0,136,0.0,0.0,0.0,0.0,0.0
2019-02-12,3,0,139,149.8,149.8,0.0,1907.551287,0.0
2019-02-12,3,0,140,250.6,250.6,0.0,-250600.0,0.0
2019-02-12,3,0,141,224.11,224.11,0.0,-127603.484381,0.0
2019-02-12,3,0,142,0.0,0.0,0.0,-0.0,0.0
2019-02-12,3,0,143,33.16,33.16,0.0,446.198722,0.0
2019-02-12,3,0,145,30.0,30.0,0.0,154.986263,0.0
2019-02-12,3,0,146,162.82,162.82,0.0,-162820.0,0.0
2019-02-12,3,0,152,0.0,0.0,0.0,0.0,0.0
2019-02-12,3,0,153,0.0,0.0,0.0,0.0,0.0
2019-02-12,3,0,154,0.0,0.0,0.0,0.0,0.0
2019-02-12,3,0,157,17.19,17.19,0.0,-9787.621688,0.0
2019-02-12,3,0,158,0.0,0.0,0.0,-0.0,0.0
2019-02-12,3,0,159,0.0,0.0,0.0,0.0,0.0
2019-02-12,3,0,160,0.0,0.0,0.0,0.0,0.0
2019-02-12,3,0,161,0.0,0.0,0.0,-0.0,0.0
2019-02-12,3,0,162,41.68,41.68,0.0,1073.915235,0.0
2019-02-12,3,0,163,185.4,185.4,0.0,-185400.0,0.0
2019-02-12,3,0,164,0.0,0.0,0.0,0.0,0.0
2019-02-12,3,0,167,0.0,0.0,0.0,0.0,0.0
2019-02-12,3,0,168,0.0,0.0,0.0,0.0,0.0
2019-02-12,3,0,169,0.0,0.0,0.0,0.0,0.0
2019-02-12,3,0,170,0.0,0.0,0.0,0.0,0.0
2019-02-12,3,0,172,0.0,0.0,0.0,0.0,0.0
2019-02-12,3,0,173,0.0,0.0,0.0,0.0,0.0
2019-02-12,3,0,188,0.0,0.0,0.0,0.0,0.0
2019-02-12,3,0,190,0.0,0.0,0.0,0.0,0.0
2019-02-12,3,0,191,0.0,0.0,0.0,0.0,0.0
2019-02-12,3,0,192,332.6,332.6,0.0,10785.405497,0.0
2019-02-12,3,0,194,176.5,176.5,0.0,-25545.01902,0.0
2019-02-12,3,0,196,0.0,0.0,0.0,0.0,0.0
2019-02-12,3,0,198,0.0,0.0,0.0,0.0,0.0
2019-02-12,3,0,199,26.22,26.22,0.0,-987.655957,0.0
2019-02-12,3,0,200,0.0,0.0,0.0,-0.0,0.0
2019-02-12,3,0,204,857.0,857.0,0.0,-7940.267296,0.0
2019-02-12,3,0,205,1058.0,1058.0,0.0,-13968.976515,0.0
2019-02-12,3,0,206,539.94,539.94,0.0,7367.353977,0.0
2019-02-12,3,0,210,0.0,0.0,0.0,0.0,0.0
2019-02-12,3,0,214,0.0,0.0,0.0,0.0,0.0
2019-02-12,3,0,217,0.0,0.0,0.0,0.0,0.0
2019-02-12,3,0,218,0.0,0.0,0.0,0.0,0.0
2019-02-12,3,0,219,0.0,0.0,0.0,0.0,0.0
2019-02-12,3,0,221,0.0,0.0,0.0,0.0,0.0
2019-02-12,3,0,225,0.0,0.0,0.0,0.0,0.0
2019-02-12,3,0,233,0.0,0.0,0.0,0.0,0.0
2019-02-12,3,0,236,13.61,13.61,0.0,4129.669586,0.0
2019-02-12,3,0,237,15.46,15.46,0.0,2226.861477,0.0
2019-02-12,3,0,238,0.0,0.0,0.0,0.0,0.0
2019-02-12,3,0,240,0.0,0.0,0.0,-0.0,0.0
2019-02-12,3,0,245,4.13,4.13,0.0,1075.926178,0.0
2019-02-12,3,0,247,4.66,4.66,0.0,1213.999029,0.0
2019-02-12,3,0,248,1.55,1.55,0.0,223.262308,0.0
2019-02-12,3,0,249,7.95,7.95,0.0,2071.092764,0.0
2019-02-12,3,0,251,0.0,0.0,0.0,0.0,0.0
2019-02-12,3,0,252,0.0,0.0,0.0,0.0,0.0
2019-02-12,3,0,254,0.0,0.0,0.0,0.0,0.0
2019-02-12,3,0,255,0.0,0.0,0.0,0.0,0.0
2019-02-12,3,0,258,0.0,0.0,0.0,-0.0,0.0
2019-02-12,3,0,260,0.0,0.0,0.0,0.0,0.0
2019-02-12,3,0,265,0.0,0.0,0.0,0.0,0.0
2019-02-12,3,0,266,97.0,97.0,0.0,1235.196761,0.0
2019-02-12,3,0,267,119.2,119.2,0.0,1517.891277,0.0
2019-02-12,3,0,270,579.0,579.0,0.0,-579000.0,0.0
2019-02-12,3,0,272,321.97,321.97,0.0,-90181.202569,0.0
2019-02-12,3,0,273,0.0,0.0,0.0,-0.0,0.0
2019-02-12,3,0,274,746.4,746.4,0.0,-746400.0,0.0
2019-02-12,3,0,275,1039.0,1039.0,0.0,-1039000.0,0.0
2019-02-12,3,0,276,0.0,0.0,0.0,-0.0,0.0
2019-02-12,3,0,277,0.0,0.0,0.0,-0.0,0.0
2019-02-12,3,0,278,0.0,0.0,0.0,-0.0,0.0
2019-02-12,3,0,279,264.6,264.6,0.0,-77601.730499,0.0
2019-02-12,3,0,281,9.36,9.36,0.0,125.947528,0.0
2019-02-12,3,0,282,0.0,0.0,0.0,0.0,0.0
2019-02-12,4,0,9,0.0,0.0,0.0,0.0,0.0
2019-02-12,4,0,17,0.0,0.0,0.0,0.0,0.0
2019-02-12,4,0,19,103.28,103.28,0.0,751.719893,0.0
2019-02-12,4,0,20,125.26,125.26,0.0,911.700559,0.0
2019-02-12,4,0,21,0.0,0.0,0.0,0.0,0.0
2019-02-12,4,0,22,0.0,0.0,0.0,0.0,0.0
2019-02-12,4,0,23,98.16,98.16,0.0,1316.986745,0.0
2019-02-12,4,0,24,162.22,162.22,0.0,2176.462813,0.0
2019-02-12,4,0,29,0.0,0.0,0.0,0.0,0.0
2019-02-12,4,0,30,0.0,0.0,0.0,0.0,0.0
2019-02-12,4,0,31,17.93,17.93,0.0,241.26487,0.0
2019-02-12,4,0,32,0.0,0.0,0.0,0.0,0.0
2019-02-12,4,0,33,0.0,0.0,0.0,0.0,0.0
2019-02-12,4,0,34,0.0,0.0,0.0,0.0,0.0
2019-02-12,4,0,35,0.0,0.0,0.0,0.0,0.0
2019-02-12,4,0,36,0.0,0.0,0.0,0.0,0.0
2019-02-12,4,0,37,0.0,0.0,0.0,0.0,0.0
2019-02-12,4,0,38,0.0,0.0,0.0,0.0,0.0
2019-02-12,4,0,39,0.0,0.0,0.0,0.0,0.0
2019-02-12,4,0,40,0.0,0.0,0.0,0.0,0.0
2019-02-12,4,0,41,116.0,116.0,0.0,1319.649054,0.0
2019-02-12,4,0,42,0.0,0.0,0.0,0.0,0.0
2019-02-12,4,0,43,0.0,0.0,0.0,0.0,0.0
2019-02-12,4,0,46,0.0,0.0,0.0,0.0,0.0
2019-02-12,4,0,52,19.0,19.0,0.0,255.662718,0.0
2019-02-12,4,0,53,30.19,30.19,0.0,406.234603,0.0
2019-02-12,4,0,55,324.57,324.57,0.0,4354.669803,0.0
2019-02-12,4,0,56,0.0,0.0,0.0,0.0,0.0
2019-02-12,4,0,57,0.0,0.0,0.0,0.0,0.0
2019-02-12,4,0,58,0.0,0.0,0.0,0.0,0.0
2019-02-12,4,0,59,0.0,0.0,0.0,0.0,0.0
2019-02-12,4,0,63,170.0,170.0,0.0,16460.946242,0.0
2019-02-12,4,0,64,200.0,200.0,0.0,19365.819109,0.0
2019-02-12,4,0,65,0.0,0.0,0.0,0.0,0.0
2019-02-12,4,0,67,0.0,0.0,0.0,-0.0,0.0
2019-02-12,4,0,68,9.46,9.46,0.0,-3997.612832,0.0
2019-02-12,4,0,69,0.0,0.0,0.0,0.0,0.0
2019-02-12,4,0,74,13.73,13.73,0.0,117.350767,0.0
2019-02-12,4,0,77,200.0,200.0,0.0,-60898.927032,0.0
2019-02-12,4,0,78,151.2,151.2,0.0,-46039.588836,0.0
2019-02-12,4,0,79,87.5,87.5,0.0,-26643.280576,0.0
2019-02-12,4,0,80,141.5,141.5,0.0,-43085.990875,0.0
2019-02-12,4,0,81,185.0,185.0,0.0,-56331.507505,0.0
2019-02-12,4,0,82,130.5,130.5,0.0,-39736.549888,0.0
2019-02-12,4,0,83,291.0,291.0,0.0,-88607.938831,0.0
2019-02-12,4,0,84,0.0,0.0,0.0,-0.0,0.0
2019-02-12,4,0,86,0.0,0.0,0.0,0.0,0.0
2019-02-12,4,0,87,0.0,0.0,0.0,0.0,0.0
2019-02-12,4,0,88,170.6,170.6,0.0,-51946.784758,0.0
2019-02-12,4,0,89,164.0,164.0,0.0,-49937.120166,0.0
2019-02-12,4,0,90,220.2,220.2,0.0,-67049.718662,0.0
2019-02-12,4,0,91,785.5,785.5,0.0,-239180.535918,0.0
2019-02-12,4,0,92,282.5,282.5,0.0,-86019.734433,0.0
2019-02-12,4,0,95,84.17,84.17,0.0,1636.751286,0.0
2019-02-12,4,0,96,20.32,20.32,0.0,274.256955,0.0
2019-02-12,4,0,97,124.98,124.98,0.0,1686.842233,0.0
2019-02-12,4,0,99,2.65,2.65,0.0,22.649638,0.0
2019-02-12,4,0,101,0.0,0.0,0.0,0.0,0.0
2019-02-12,4,0,102,22.4,22.4,0.0,-9465.806282,0.0
2019-02-12,4,0,103,19.48,19.48,0.0,-8231.87082,0.0
2019-02-12,4,0,104,3.62,3.62,0.0,-1529.741908,0.0
2019-02-12,4,0,106,0.0,0.0,0.0,0.0,0.0
2019-02-12,4,0,109,200.0,200.0,0.0,2005.078988,0.0
2019-02-12,4,0,110,338.6,338.6,0.0,-338600.0,0.0
2019-02-12,4,0,111,0.0,0.0,0.0,0.0,0.0
2019-02-12,4,0,113,45.0,45.0,0.0,-12362.638664,0.0
2019-02-12,4,0,115,45.0,45.0,0.0,-12362.638664,0.0
2019-02-12,4,0,116,0.0,0.0,0.0,-0.0,0.0
2019-02-12,4,0,117,3.0,3.0,0.0,-824.175911,0.0
2019-02-12,4,0,119,200.0,200.0,0.0,19365.819109,0.0
2019-02-12,4,0,120,117.6,117.6,0.0,11387.101636,0.0
2019-02-12,4,0,123,0.0,0.0,0.0,0.0,0.0
2019-02-12,4,0,125,148.85,148.85,0.0,1997.081061,0.0
2019-02-12,4,0,126,0.0,0.0,0.0,0.0,0.0
2019-02-12,4,0,127,0.0,0.0,0.0,0.0,0.0
2019-02-12,4,0,128,202.15,202.15,0.0,2712.193057,0.0
2019-02-12,4,0,131,24.96,24.96,0.0,-9600.09833,0.0
2019-02-12,4,0,132,36.69,36.69,0.0,-14111.683002,0.0
2019-02-12,4,0,133,19.04,19.04,0.0,138.503,0.0
2019-02-12,4,0,134,0.0,0.0,0.0,0.0,0.0
2019-02-12,4,0,135,26.27,26.27,0.0,191.096313,0.0
2019-02-12,4,0,136,0.0,0.0,0.0,0.0,0.0
2019-02-12,4,0,139,149.8,149.8,0.0,1704.167485,0.0
2019-02-12,4,0,140,250.6,250.6,0.0,-250600.0,0.0
2019-02-12,4,0,141,141.52,141.52,0.0,-79919.316299,0.0
2019-02-12,4,0,142,0.0,0.0,0.0,-0.0,0.0
2019-02-12,4,0,143,27.51,27.51,0.0,370.172703,0.0
2019-02-12,4,0,145,30.0,30.0,0.0,365.484896,0.0
2019-02-12,4,0,146,77.41,77.41,0.0,-77410.0,0.0
2019-02-12,4,0,152,0.0,0.0,0.0,0.0,0.0
2019-02-12,4,0,153,0.0,0.0,0.0,0.0,0.0
2019-02-12,4,0,154,0.0,0.0,0.0,0.0,0.0
2019-02-12,4,0,157,17.82,17.82,0.0,-10063.328268,0.0
2019-02-12,4,0,158,0.0,0.0,0.0,-0.0,0.0
2019-02-12,4,0,159,0.0,0.0,0.0,0.0,0.0
2019-02-12,4,0,160,0.0,0.0,0.0,0.0,0.0
2019-02-12,4,0,161,0.0,0.0,0.0,-0.0,0.0
2019-02-12,4,0,162,48.75,48.75,0.0,986.397672,0.0
2019-02-12,4,0,163,185.4,185.4,0.0,-185400.0,0.0
2019-02-12,4,0,164,0.0,0.0,0.0,0.0,0.0
2019-02-12,4,0,167,0.0,0.0,0.0,0.0,0.0
2019-02-12,4,0,168,0.0,0.0,0.0,0.0,0.0
2019-02-12,4,0,169,0.0,0.0,0.0,0.0,0.0
2019-02-12,4,0,170,0.0,0.0,0.0,0.0,0.0
2019-02-12,4,0,172,0.0,0.0,0.0,0.0,0.0
2019-02-12,4,0,173,0.0,0.0,0.0,0.0,0.0
2019-02-12,4,0,188,0.0,0.0,0.0,0.0,0.0
2019-02-12,4,0,190,0.0,0.0,0.0,0.0,0.0
2019-02-12,4,0,191,0.0,0.0,0.0,0.0,0.0
2019-02-12,4,0,192,332.6,332.6,0.0,10785.405497,0.0
2019-02-12,4,0,194,176.5,176.5,0.0,-24912.425495,0.0
2019-02-12,4,0,196,0.0,0.0,0.0,0.0,0.0
2019-02-12,4,0,198,0.0,0.0,0.0,0.0,0.0
2019-02-12,4,0,199,39.0,39.0,0.0,-1526.558186,0.0
2019-02-12,4,0,200,0.0,0.0,0.0,-0.0,0.0
2019-02-12,4,0,204,857.0,857.0,0.0,8724.782264,0.0
2019-02-12,4,0,205,1058.0,1058.0,0.0,10606.867847,0.0
2019-02-12,4,0,206,367.24,367.24,0.0,4956.60059,0.0
2019-02-12,4,0,210,0.0,0.0,0.0,0.0,0.0
2019-02-12,4,0,214,0.0,0.0,0.0,0.0,0.0
2019-02-12,4,0,217,0.0,0.0,0.0,0.0,0.0
2019-02-12,4,0,218,0.0,0.0,0.0,0.0,0.0
2019-02-12,4,0,219,0.0,0.0,0.0,0.0,0.0
2019-02-12,4,0,221,0.0,0.0,0.0,0.0,0.0
2019-02-12,4,0,225,0.0,0.0,0.0,0.0,0.0
2019-02-12,4,0,233,0.0,0.0,0.0,0.0,0.0
2019-02-12,4,0,236,39.42,39.42,0.0,310.752813,0.0
2019-02-12,4,0,237,32.95,32.95,0.0,281.624746,0.0
2019-02-12,4,0,238,0.0,0.0,0.0,0.0,0.0
2019-02-12,4,0,240,0.0,0.0,0.0,0.0,0.0
2019-02-12,4,0,245,12.69,12.69,0.0,90.309194,0.0
2019-02-12,4,0,247,19.48,19.48,0.0,138.630661,0.0
2019-02-12,4,0,248,3.31,3.31,0.0,28.29068,0.0
2019-02-12,4,0,249,24.4,24.4,0.0,173.644155,0.0
2019-02-12,4,0,251,0.0,0.0,0.0,0.0,0.0
2019-02-12,4,0,252,0.0,0.0,0.0,0.0,0.0
2019-02-12,4,0,254,0.0,0.0,0.0,0.0,0.0
2019-02-12,4,0,255,0.0,0.0,0.0,0.0,0.0
2019-02-12,4,0,258,0.0,0.0,0.0,0.0,0.0
2019-02-12,4,0,260,0.0,0.0,0.0,0.0,0.0
2019-02-12,4,0,265,0.0,0.0,0.0,0.0,0.0
2019-02-12,4,0,266,97.0,97.0,0.0,1103.49964,0.0
2019-02-12,4,0,267,119.2,119.2,0.0,1356.053166,0.0
2019-02-12,4,0,270,579.0,579.0,0.0,-579000.0,0.0
2019-02-12,4,0,272,150.39,150.39,0.0,-41315.938416,0.0
2019-02-12,4,0,273,0.0,0.0,0.0,-0.0,0.0
2019-02-12,4,0,274,746.4,746.4,0.0,-746400.0,0.0
2019-02-12,4,0,275,1039.0,1039.0,0.0,-1039000.0,0.0
2019-02-12,4,0,276,0.0,0.0,0.0,-0.0,0.0
2019-02-12,4,0,277,0.0,0.0,0.0,-0.0,0.0
2019-02-12,4,0,278,0.0,0.0,0.0,-0.0,0.0
2019-02-12,4,0,279,264.6,264.6,0.0,-75850.317777,0.0
2019-02-12,4,0,281,8.05,8.05,0.0,108.320257,0.0
2019-02-12,4,0,282,0.0,0.0,0.0,0.0,0.0
2019-02-12,5,0,9,0.0,0.0,0.0,0.0,0.0
2019-02-12,5,0,17,0.0,0.0,0.0,0.0,0.0
2019-02-12,5,0,19,197.71,197.71,0.0,2895.08834,0.0
2019-02-12,5,0,20,239.78,239.78,0.0,3511.123778,0.0
2019-02-12,5,0,21,0.0,0.0,0.0,0.0,0.0
2019-02-12,5,0,22,0.0,0.0,0.0,0.0,0.0
2019-02-12,5,0,23,73.91,73.91,0.0,1303.717148,0.0
2019-02-12,5,0,24,130.77,130.77,0.0,2306.685041,0.0
2019-02-12,5,0,29,0.0,0.0,0.0,0.0,0.0
2019-02-12,5,0,30,0.0,0.0,0.0,0.0,0.0
2019-02-12,5,0,31,15.31,15.31,0.0,271.306367,0.0
2019-02-12,5,0,32,0.0,0.0,0.0,0.0,0.0
2019-02-12,5,0,33,0.0,0.0,0.0,0.0,0.0
2019-02-12,5,0,34,0.0,0.0,0.0,0.0,0.0
2019-02-12,5,0,35,0.0,0.0,0.0,0.0,0.0
2019-02-12,5,0,36,0.0,0.0,0.0,0.0,0.0
2019-02-12,5,0,37,0.0,0.0,0.0,0.0,0.0
2019-02-12,5,0,38,0.0,0.0,0.0,0.0,0.0
2019-02-12,5,0,39,0.0,0.0,0.0,0.0,0.0
2019-02-12,5,0,40,0.0,0.0,0.0,0.0,0.0
2019-02-12,5,0,41,116.0,116.0,0.0,1585.275189,0.0
2019-02-12,5,0,42,0.0,0.0,0.0,0.0,0.0
2019-02-12,5,0,43,0.0,0.0,0.0,0.0,0.0
2019-02-12,5,0,46,0.0,0.0,0.0,0.0,0.0
2019-02-12,5,0,52,16.23,16.23,0.0,287.609558,0.0
2019-02-12,5,0,53,25.78,25.78,0.0,456.843772,0.0
2019-02-12,5,0,55,191.0,191.0,0.0,3369.097216,0.0
2019-02-12,5,0,56,0.0,0.0,0.0,0.0,0.0
2019-02-12,5,0,57,0.0,0.0,0.0,0.0,0.0
2019-02-12,5,0,58,0.0,0.0,0.0,0.0,0.0
2019-02-12,5,0,59,0.0,0.0,0.0,0.0,0.0
2019-02-12,5,0,63,170.0,170.0,0.0,16382.371012,0.0
2019-02-12,5,0,64,200.0,200.0,0.0,19273.377661,0.0
2019-02-12,5,0,65,0.0,0.0,0.0,0.0,0.0
2019-02-12,5,0,67,0.0,0.0,0.0,-0.0,0.0
2019-02-12,5,0,68,6.45,6.45,0.0,-2736.984228,0.0
2019-02-12,5,0,69,0.0,0.0,0.0,0.0,0.0
2019-02-12,5,0,74,23.11,23.11,0.0,298.799081,0.0
2019-02-12,5,0,77,200.0,200.0,0.0,-61378.138636,0.0
2019-02-12,5,0,78,151.2,151.2,0.0,-46401.872809,0.0
2019-02-12,5,0,79,87.5,87.5,0.0,-26852.935653,0.0
2019-02-12,5,0,80,141.5,141.5,0.0,-43425.033085,0.0
2019-02-12,5,0,81,185.0,185.0,0.0,-56774.778238,0.0
2019-02-12,5,0,82,130.5,130.5,0.0,-40049.23546,0.0
2019-02-12,5,0,83,291.0,291.0,0.0,-89305.191715,0.0
2019-02-12,5,0,84,0.0,0.0,0.0,0.0,0.0
2019-02-12,5,0,86,0.0,0.0,0.0,0.0,0.0
2019-02-12,5,0,87,0.0,0.0,0.0,0.0,0.0
2019-02-12,5,0,88,170.6,170.6,0.0,-52355.552256,0.0
2019-02-12,5,0,89,164.0,164.0,0.0,-50330.073681,0.0
2019-02-12,5,0,90,220.2,220.2,0.0,-67577.330638,0.0
2019-02-12,5,0,91,785.5,785.5,0.0,-241062.639493,0.0
2019-02-12,5,0,92,282.5,282.5,0.0,-86696.620823,0.0
2019-02-12,5,0,95,36.0,36.0,0.0,807.470518,0.0
2019-02-12,5,0,96,16.08,16.08,0.0,286.32286,0.0
2019-02-12,5,0,97,98.9,98.9,0.0,1761.028036,0.0
2019-02-12,5,0,99,4.46,4.46,0.0,57.665249,0.0
2019-02-12,5,0,101,0.0,0.0,0.0,0.0,0.0
2019-02-12,5,0,102,15.28,15.28,0.0,-6483.894419,0.0
2019-02-12,5,0,103,13.29,13.29,0.0,-5639.460526,0.0
2019-02-12,5,0,104,2.47,2.47,0.0,-1048.116441,0.0
2019-02-12,5,0,106,0.0,0.0,0.0,0.0,0.0
2019-02-12,5,0,109,200.0,200.0,0.0,2043.215672,0.0
2019-02-12,5,0,110,338.6,338.6,0.0,-338600.0,0.0
2019-02-12,5,0,111,0.0,0.0,0.0,0.0,0.0
2019-02-12,5,0,113,106.15,106.15,0.0,-29328.951683,0.0
2019-02-12,5,0,115,106.15,106.15,0.0,-29328.951683,0.0
2019-02-12,5,0,116,0.0,0.0,0.0,-0.0,0.0
2019-02-12,5,0,117,5.11,5.11,0.0,-1411.87888,0.0
2019-02-12,5,0,119,200.0,200.0,0.0,19273.377661,0.0
2019-02-12,5,0,120,117.6,117.6,0.0,11332.746064,0.0
2019-02-12,5,0,123,0.0,0.0,0.0,0.0,0.0
2019-02-12,5,0,125,118.34,118.34,0.0,2087.429134,0.0
2019-02-12,5,0,126,0.0,0.0,0.0,0.0,0.0
2019-02-12,5,0,127,0.0,0.0,0.0,0.0,0.0
2019-02-12,5,0,128,169.49,169.49,0.0,2989.676896,0.0
2019-02-12,5,0,131,17.67,17.67,0.0,-6829.329595,0.0
2019-02-12,5,0,132,25.98,25.98,0.0,-10041.085619,0.0
2019-02-12,5,0,133,12.72,12.72,0.0,186.09063,0.0
2019-02-12,5,0,134,0.0,0.0,0.0,0.0,0.0
2019-02-12,5,0,135,18.12,18.12,0.0,265.091369,0.0
2019-02-12,5,0,136,0.0,0.0,0.0,0.0,0.0
2019-02-12,5,0,139,149.8,149.8,0.0,2047.19158,0.0
2019-02-12,5,0,140,250.6,250.6,0.0,-250600.0,0.0
2019-02-12,5,0,141,104.95,104.95,0.0,-59406.553584,0.0
2019-02-12,5,0,142,0.0,0.0,0.0,-0.0,0.0
2019-02-12,5,0,143,43.92,43.92,0.0,778.300172,0.0
2019-02-12,5,0,145,23.24,23.24,0.0,348.487288,0.0
2019-02-12,5,0,146,60.37,60.37,0.0,-60370.0,0.0
2019-02-12,5,0,152,0.0,0.0,0.0,0.0,0.0
2019-02-12,5,0,153,0.0,0.0,0.0,0.0,0.0
2019-02-12,5,0,154,0.0,0.0,0.0,0.0,0.0
2019-02-12,5,0,157,31.99,31.99,0.0,-18107.81943,0.0
2019-02-12,5,0,158,0.0,0.0,0.0,-0.0,0.0
2019-02-12,5,0,159,0.0,0.0,0.0,0.0,0.0
2019-02-12,5,0,160,0.0,0.0,0.0,0.0,0.0
2019-02-12,5,0,161,0.0,0.0,0.0,-0.0,0.0
2019-02-12,5,0,162,48.75,48.75,0.0,1131.79561,0.0
2019-02-12,5,0,163,185.4,185.4,0.0,-185400.0,0.0
2019-02-12,5,0,164,0.0,0.0,0.0,0.0,0.0
2019-02-12,5,0,167,0.0,0.0,0.0,0.0,0.0
2019-02-12,5,0,168,0.0,0.0,0.0,0.0,0.0
2019-02-12,5,0,169,0.0,0.0,0.0,0.0,0.0
2019-02-12,5,0,170,0.0,0.0,0.0,0.0,0.0
2019-02-12,5,0,172,0.0,0.0,0.0,0.0,0.0
2019-02-12,5,0,173,0.0,0.0,0.0,0.0,0.0
2019-02-12,5,0,188,0.0,0.0,0.0,0.0,0.0
2019-02-12,5,0,190,0.0,0.0,0.0,0.0,0.0
2019-02-12,5,0,191,0.0,0.0,0.0,0.0,0.0
2019-02-12,5,0,192,332.6,332.6,0.0,10785.405497,0.0
2019-02-12,5,0,194,176.5,176.5,0.0,-25111.013347,0.0
2019-02-12,5,0,196,0.0,0.0,0.0,0.0,0.0
2019-02-12,5,0,198,0.0,0.0,0.0,0.0,0.0
2019-02-12,5,0,199,39.0,39.0,0.0,-1596.932074,0.0
2019-02-12,5,0,200,0.0,0.0,0.0,-0.0,0.0
2019-02-12,5,0,204,857.0,857.0,0.0,9159.225225,0.0
2019-02-12,5,0,205,1058.0,1058.0,0.0,10808.610906,0.0
2019-02-12,5,0,206,290.62,290.62,0.0,5174.822728,0.0
2019-02-12,5,0,210,0.0,0.0,0.0,0.0,0.0
2019-02-12,5,0,214,0.0,0.0,0.0,0.0,0.0
2019-02-12,5,0,217,0.0,0.0,0.0,0.0,0.0
2019-02-12,5,0,218,0.0,0.0,0.0,0.0,0.0
2019-02-12,5,0,219,0.0,0.0,0.0,0.0,0.0
2019-02-12,5,0,221,0.0,0.0,0.0,0.0,0.0
2019-02-12,5,0,225,0.0,0.0,0.0,0.0,0.0
2019-02-12,5,0,233,0.0,0.0,0.0,0.0,0.0
2019-02-12,5,0,236,48.01,48.01,0.0,839.225042,0.0
2019-02-12,5,0,237,55.44,55.44,0.0,716.807488,0.0
2019-02-12,5,0,238,0.0,0.0,0.0,0.0,0.0
2019-02-12,5,0,240,0.0,0.0,0.0,0.0,0.0
2019-02-12,5,0,245,18.84,18.84,0.0,266.067584,0.0
2019-02-12,5,0,247,32.38,32.38,0.0,457.286007,0.0
2019-02-12,5,0,248,5.57,5.57,0.0,72.016914,0.0
2019-02-12,5,0,249,36.23,36.23,0.0,511.657568,0.0
2019-02-12,5,0,251,0.0,0.0,0.0,0.0,0.0
2019-02-12,5,0,252,0.0,0.0,0.0,0.0,0.0
2019-02-12,5,0,254,0.0,0.0,0.0,0.0,0.0
2019-02-12,5,0,255,0.0,0.0,0.0,0.0,0.0
2019-02-12,5,0,258,0.0,0.0,0.0,0.0,0.0
2019-02-12,5,0,260,0.0,0.0,0.0,0.0,0.0
2019-02-12,5,0,265,0.0,0.0,0.0,0.0,0.0
2019-02-12,5,0,266,97.0,97.0,0.0,1325.618046,0.0
2019-02-12,5,0,267,119.2,119.2,0.0,1629.006918,0.0
2019-02-12,5,0,270,579.0,579.0,0.0,-579000.0,0.0
2019-02-12,5,0,272,364.92,364.92,0.0,-100826.387642,0.0
2019-02-12,5,0,273,0.0,0.0,0.0,-0.0,0.0
2019-02-12,5,0,274,746.4,746.4,0.0,-746400.0,0.0
2019-02-12,5,0,275,1039.0,1039.0,0.0,-1039000.0,0.0
2019-02-12,5,0,276,0.0,0.0,0.0,-0.0,0.0
2019-02-12,5,0,277,0.0,0.0,0.0,-0.0,0.0
2019-02-12,5,0,278,0.0,0.0,0.0,-0.0,0.0
2019-02-12,5,0,279,264.6,264.6,0.0,-76353.676436,0.0
2019-02-12,5,0,281,6.87,6.87,0.0,121.742308,0.0
2019-02-12,5,0,282,0.0,0.0,0.0,0.0,0.0
2019-02-12,6,0,9,0.0,0.0,0.0,0.0,0.0
2019-02-12,6,0,17,0.0,0.0,0.0,0.0,0.0
2019-02-12,6,0,19,643.3,643.3,0.0,4545.948573,0.0
2019-02-12,6,0,20,780.2,780.2,0.0,5513.367133,0.0
2019-02-12,6,0,21,0.0,0.0,0.0,0.0,0.0
2019-02-12,6,0,22,0.0,0.0,0.0,0.0,0.0
2019-02-12,6,0,23,49.68,49.68,0.0,666.490493,0.0
2019-02-12,6,0,24,87.91,87.91,0.0,1179.371562,0.0
2019-02-12,6,0,29,0.0,0.0,0.0,0.0,0.0
2019-02-12,6,0,30,0.0,0.0,0.0,0.0,0.0
2019-02-12,6,0,31,13.64,13.64,0.0,183.538919,0.0
2019-02-12,6,0,32,0.0,0.0,0.0,0.0,0.0
2019-02-12,6,0,33,0.0,0.0,0.0,0.0,0.0
2019-02-12,6,0,34,0.0,0.0,0.0,0.0,0.0
2019-02-12,6,0,35,0.0,0.0,0.0,0.0,0.0
2019-02-12,6,0,36,0.0,0.0,0.0,0.0,0.0
2019-02-12,6,0,37,0.0,0.0,0.0,0.0,0.0
2019-02-12,6,0,38,0.0,0.0,0.0,0.0,0.0
2019-02-12,6,0,39,0.0,0.0,0.0,0.0,0.0
2019-02-12,6,0,40,0.0,0.0,0.0,0.0,0.0
2019-02-12,6,0,41,116.0,116.0,0.0,1312.949609,0.0
2019-02-12,6,0,42,0.0,0.0,0.0,0.0,0.0
2019-02-12,6,0,43,0.0,0.0,0.0,0.0,0.0
2019-02-12,6,0,46,0.0,0.0,0.0,0.0,0.0
2019-02-12,6,0,52,14.46,14.46,0.0,194.572784,0.0
2019-02-12,6,0,53,22.96,22.96,0.0,308.94821,0.0
2019-02-12,6,0,55,68.63,68.63,0.0,920.717442,0.0
2019-02-12,6,0,56,0.0,0.0,0.0,0.0,0.0
2019-02-12,6,0,57,0.0,0.0,0.0,0.0,0.0
2019-02-12,6,0,58,0.0,0.0,0.0,0.0,0.0
2019-02-12,6,0,59,0.0,0.0,0.0,0.0,0.0
2019-02-12,6,0,63,170.0,170.0,0.0,24512.659296,0.0
2019-02-12,6,0,64,200.0,200.0,0.0,28838.422701,0.0
2019-02-12,6,0,65,1.0,1.0,0.0,7.111607,0.0
2019-02-12,6,0,67,0.0,0.0,0.0,-0.0,0.0
2019-02-12,6,0,68,4.25,4.25,0.0,-1692.472111,0.0
2019-02-12,6,0,69,0.0,0.0,0.0,0.0,0.0
2019-02-12,6,0,74,43.79,43.79,0.0,367.364166,0.0
2019-02-12,6,0,77,129.41,129.41,0.0,-35608.299719,0.0
2019-02-12,6,0,78,97.83,97.83,0.0,-26918.784959,0.0
2019-02-12,6,0,79,56.62,56.62,0.0,-15579.490998,0.0
2019-02-12,6,0,80,91.56,91.56,0.0,-25193.539311,0.0
2019-02-12,6,0,81,119.7,119.7,0.0,-32936.507815,0.0
2019-02-12,6,0,82,84.44,84.44,0.0,-23234.408688,0.0
2019-02-12,6,0,83,188.29,188.29,0.0,-51809.649595,0.0
2019-02-12,6,0,84,0.0,0.0,0.0,0.0,0.0
2019-02-12,6,0,86,0.0,0.0,0.0,0.0,0.0
2019-02-12,6,0,87,0.0,0.0,0.0,0.0,0.0
2019-02-12,6,0,88,136.98,136.98,0.0,-37691.251801,0.0
2019-02-12,6,0,89,131.68,131.68,0.0,-36232.910185,0.0
2019-02-12,6,0,90,176.8,176.8,0.0,-48648.075036,0.0
2019-02-12,6,0,91,630.69,630.69,0.0,-173539.900703,0.0
2019-02-12,6,0,92,226.82,226.82,0.0,-62411.517984,0.0
2019-02-12,6,0,95,36.0,36.0,0.0,807.470518,0.0
2019-02-12,6,0,96,12.5,12.5,0.0,168.725133,0.0
2019-02-12,6,0,97,76.9,76.9,0.0,1037.997019,0.0
2019-02-12,6,0,99,8.45,8.45,0.0,70.888952,0.0
2019-02-12,6,0,101,0.0,0.0,0.0,0.0,0.0
2019-02-12,6,0,102,10.05,10.05,0.0,-4002.198756,0.0
2019-02-12,6,0,103,8.74,8.74,0.0,-3480.519117,0.0
2019-02-12,6,0,104,1.62,1.62,0.0,-645.130546,0.0
2019-02-12,6,0,106,0.0,0.0,0.0,0.0,0.0
2019-02-12,6,0,109,200.0,200.0,0.0,1986.758912,0.0
2019-02-12,6,0,110,232.46,232.46,0.0,-232460.0,0.0
2019-02-12,6,0,111,0.0,0.0,0.0,0.0,0.0
2019-02-12,6,0,113,94.87,94.87,0.0,-23162.178381,0.0
2019-02-12,6,0,115,94.87,94.87,0.0,-23162.178381,0.0
2019-02-12,6,0,116,0.0,0.0,0.0,-0.0,0.0
2019-02-12,6,0,117,3.76,3.76,0.0,-917.990837,0.0
2019-02-12,6,0,119,200.0,200.0,0.0,28838.422701,0.0
2019-02-12,6,0,120,117.6,117.6,0.0,16956.992548,0.0
2019-02-12,6,0,123,0.0,0.0,0.0,0.0,0.0
2019-02-12,6,0,125,79.55,79.55,0.0,1067.21656,0.0
2019-02-12,6,0,126,0.0,0.0,0.0,0.0,0.0
2019-02-12,6,0,127,0.0,0.0,0.0,0.0,0.0
2019-02-12,6,0,128,113.94,113.94,0.0,1528.581456,0.0
2019-02-12,6,0,131,12.06,12.06,0.0,-4325.517384,0.0
2019-02-12,6,0,132,17.73,17.73,0.0,-6359.156155,0.0
2019-02-12,6,0,133,41.94,41.94,0.0,296.195706,0.0
2019-02-12,6,0,134,0.0,0.0,0.0,0.0,0.0
2019-02-12,6,0,135,56.2,56.2,0.0,396.905071,0.0
2019-02-12,6,0,136,1.52,1.52,0.0,10.813398,0.0
2019-02-12,6,0,139,149.8,149.8,0.0,1695.51596,0.0
2019-02-12,6,0,140,172.05,172.05,0.0,-172050.0,0.0
2019-02-12,6,0,141,84.89,84.89,0.0,-46380.812867,0.0
2019-02-12,6,0,142,0.0,0.0,0.0,-0.0,0.0
2019-02-12,6,0,143,68.26,68.26,0.0,918.501953,0.0
2019-02-12,6,0,145,16.6,16.6,0.0,201.66625,0.0
2019-02-12,6,0,146,58.48,58.48,0.0,-58480.0,0.0
2019-02-12,6,0,152,0.0,0.0,0.0,0.0,0.0
2019-02-12,6,0,153,0.0,0.0,0.0,0.0,0.0
2019-02-12,6,0,154,0.0,0.0,0.0,0.0,0.0
2019-02-12,6,0,157,52.53,52.53,0.0,-28700.484155,0.0
2019-02-12,6,0,158,0.0,0.0,0.0,-0.0,0.0
2019-02-12,6,0,159,0.0,0.0,0.0,0.0,0.0
2019-02-12,6,0,160,0.0,0.0,0.0,0.0,0.0
2019-02-12,6,0,161,0.0,0.0,0.0,-0.0,0.0
2019-02-12,6,0,162,48.75,48.75,0.0,1130.511249,0.0
2019-02-12,6,0,163,158.19,158.19,0.0,-158190.0,0.0
2019-02-12,6,0,164,0.0,0.0,0.0,0.0,0.0
2019-02-12,6,0,167,0.0,0.0,0.0,0.0,0.0
2019-02-12,6,0,168,0.0,0.0,0.0,0.0,0.0
2019-02-12,6,0,169,0.0,0.0,0.0,0.0,0.0
2019-02-12,6,0,170,0.0,0.0,0.0,0.0,0.0
2019-02-12,6,0,172,0.0,0.0,0.0,0.0,0.0
2019-02-12,6,0,173,0.0,0.0,0.0,0.0,0.0
2019-02-12,6,0,188,0.0,0.0,0.0,0.0,0.0
2019-02-12,6,0,190,0.0,0.0,0.0,0.0,0.0
2019-02-12,6,0,191,0.0,0.0,0.0,0.0,0.0
2019-02-12,6,0,192,289.85,289.85,0.0,9399.127431,0.0
2019-02-12,6,0,194,176.5,176.5,0.0,-18523.016067,0.0
2019-02-12,6,0,196,0.0,0.0,0.0,0.0,0.0
2019-02-12,6,0,198,0.0,0.0,0.0,0.0,0.0
2019-02-12,6,0,199,39.0,39.0,0.0,-1134.657995,0.0
2019-02-12,6,0,200,0.0,0.0,0.0,-0.0,0.0
2019-02-12,6,0,204,857.0,857.0,0.0,8649.324392,0.0
2019-02-12,6,0,205,1058.0,1058.0,0.0,10509.954647,0.0
2019-02-12,6,0,206,225.95,225.95,0.0,3049.875506,0.0
2019-02-12,6,0,210,0.0,0.0,0.0,0.0,0.0
2019-02-12,6,0,214,0.0,0.0,0.0,0.0,0.0
2019-02-12,6,0,217,0.0,0.0,0.0,0.0,0.0
2019-02-12,6,0,218,0.0,0.0,0.0,0.0,0.0
2019-02-12,6,0,219,0.0,0.0,0.0,0.0,0.0
2019-02-12,6,0,221,0.0,0.0,0.0,0.0,0.0
2019-02-12,6,0,225,0.0,0.0,0.0,0.0,0.0
2019-02-12,6,0,233,0.0,0.0,0.0,0.0,0.0
2019-02-12,6,0,236,80.81,80.81,0.0,620.6698,0.0
2019-02-12,6,0,237,105.06,105.06,0.0,881.371987,0.0
2019-02-12,6,0,238,0.0,0.0,0.0,0.0,0.0
2019-02-12,6,0,240,0.0,0.0,0.0,0.0,0.0
2019-02-12,6,0,245,78.0,78.0,0.0,538.28822,0.0
2019-02-12,6,0,247,167.05,167.05,0.0,1152.833938,0.0
2019-02-12,6,0,248,10.55,10.55,0.0,88.506325,0.0
2019-02-12,6,0,249,150.0,150.0,0.0,1035.169654,0.0
2019-02-12,6,0,251,0.0,0.0,0.0,0.0,0.0
2019-02-12,6,0,252,6.44,6.44,0.0,45.798749,0.0
2019-02-12,6,0,254,0.0,0.0,0.0,0.0,0.0
2019-02-12,6,0,255,0.0,0.0,0.0,0.0,0.0
2019-02-12,6,0,258,0.0,0.0,0.0,0.0,0.0
2019-02-12,6,0,260,0.0,0.0,0.0,0.0,0.0
2019-02-12,6,0,265,0.0,0.0,0.0,0.0,0.0
2019-02-12,6,0,266,97.0,97.0,0.0,1097.897518,0.0
2019-02-12,6,0,267,119.2,119.2,0.0,1349.168908,0.0
2019-02-12,6,0,270,494.02,494.02,0.0,-494020.0,0.0
2019-02-12,6,0,272,334.77,334.77,0.0,-81732.923544,0.0
2019-02-12,6,0,273,0.0,0.0,0.0,-0.0,0.0
2019-02-12,6,0,274,636.85,636.85,0.0,-636850.0,0.0
2019-02-12,6,0,275,886.51,886.51,0.0,-886510.0,0.0
2019-02-12,6,0,276,0.0,0.0,0.0,-0.0,0.0
2019-02-12,6,0,277,0.0,0.0,0.0,-0.0,0.0
2019-02-12,6,0,278,0.0,0.0,0.0,-0.0,0.0
2019-02-12,6,0,279,153.38,153.38,0.0,-39354.21421,0.0
2019-02-12,6,0,281,6.13,6.13,0.0,82.484866,0.0
2019-02-12,6,0,282,0.0,0.0,0.0,0.0,0.0
2019-02-12,7,0,9,0.0,0.0,0.0,0.0,0.0
2019-02-12,7,0,17,0.0,0.0,0.0,0.0,0.0
2019-02-12,7,0,19,643.3,643.3,0.0,8857.835953,0.0
2019-02-12,7,0,20,780.2,780.2,0.0,10742.862756,0.0
2019-02-12,7,0,21,0.0,0.0,0.0,0.0,0.0
2019-02-12,7,0,22,0.0,0.0,0.0,0.0,0.0
2019-02-12,7,0,23,36.6,36.6,0.0,454.290887,0.0
2019-02-12,7,0,24,64.76,64.76,0.0,803.821799,0.0
2019-02-12,7,0,29,0.0,0.0,0.0,0.0,0.0
2019-02-12,7,0,30,0.0,0.0,0.0,0.0,0.0
2019-02-12,7,0,31,31.29,31.29,0.0,388.210804,0.0
2019-02-12,7,0,32,0.0,0.0,0.0,0.0,0.0
2019-02-12,7,0,33,0.0,0.0,0.0,0.0,0.0
2019-02-12,7,0,34,0.0,0.0,0.0,0.0,0.0
2019-02-12,7,0,35,0.0,0.0,0.0,0.0,0.0
2019-02-12,7,0,36,0.0,0.0,0.0,0.0,0.0
2019-02-12,7,0,37,0.0,0.0,0.0,0.0,0.0
2019-02-12,7,0,38,0.0,0.0,0.0,0.0,0.0
2019-02-12,7,0,39,0.0,0.0,0.0,0.0,0.0
2019-02-12,7,0,40,0.0,0.0,0.0,0.0,0.0
2019-02-12,7,0,41,85.72,85.72,0.0,1091.645607,0.0
2019-02-12,7,0,42,0.0,0.0,0.0,0.0,0.0
2019-02-12,7,0,43,0.0,0.0,0.0,0.0,0.0
2019-02-12,7,0,46,0.0,0.0,0.0,0.0,0.0
2019-02-12,7,0,52,33.17,33.17,0.0,411.53571,0.0
2019-02-12,7,0,53,52.71,52.71,0.0,653.965851,0.0
2019-02-12,7,0,55,68.39,68.39,0.0,848.878519,0.0
2019-02-12,7,0,56,0.0,0.0,0.0,0.0,0.0
2019-02-12,7,0,57,0.0,0.0,0.0,0.0,0.0
2019-02-12,7,0,58,0.0,0.0,0.0,0.0,0.0
2019-02-12,7,0,59,0.0,0.0,0.0,0.0,0.0
2019-02-12,7,0,63,170.0,170.0,0.0,3152.327268,0.0
2019-02-12,7,0,64,200.0,200.0,0.0,3708.620315,0.0
2019-02-12,7,0,65,4.9,4.9,0.0,67.390342,0.0
2019-02-12,7,0,67,0.0,0.0,0.0,0.0,0.0
2019-02-12,7,0,68,2.68,2.68,0.0,33.946761,0.0
2019-02-12,7,0,69,0.0,0.0,0.0,0.0,0.0
2019-02-12,7,0,74,65.28,65.28,0.0,869.599407,0.0
2019-02-12,7,0,77,68.07,68.07,0.0,809.787961,0.0
2019-02-12,7,0,78,51.46,51.46,0.0,612.188754,0.0
2019-02-12,7,0,79,29.78,29.78,0.0,354.274798,0.0
2019-02-12,7,0,80,48.16,48.16,0.0,572.930633,0.0
2019-02-12,7,0,81,62.97,62.97,0.0,749.11632,0.0
2019-02-12,7,0,82,44.42,44.42,0.0,528.438097,0.0
2019-02-12,7,0,83,99.04,99.04,0.0,1178.219475,0.0
2019-02-12,7,0,84,0.0,0.0,0.0,0.0,0.0
2019-02-12,7,0,86,0.0,0.0,0.0,0.0,0.0
2019-02-12,7,0,87,0.0,0.0,0.0,0.0,0.0
2019-02-12,7,0,88,65.68,65.68,0.0,781.355565,0.0
2019-02-12,7,0,89,63.14,63.14,0.0,751.138708,0.0
2019-02-12,7,0,90,84.77,84.77,0.0,1008.457845,0.0
2019-02-12,7,0,91,302.4,302.4,0.0,3597.471419,0.0
2019-02-12,7,0,92,108.76,108.76,0.0,1293.852485,0.0
2019-02-12,7,0,95,0.0,0.0,0.0,0.0,0.0
2019-02-12,7,0,96,9.52,9.52,0.0,118.059087,0.0
2019-02-12,7,0,97,58.52,58.52,0.0,725.716151,0.0
2019-02-12,7,0,99,12.6,12.6,0.0,167.845474,0.0
2019-02-12,7,0,101,0.0,0.0,0.0,0.0,0.0
2019-02-12,7,0,102,6.34,6.34,0.0,80.30689,0.0
2019-02-12,7,0,103,5.51,5.51,0.0,69.793527,0.0
2019-02-12,7,0,104,1.02,1.02,0.0,12.920036,0.0
2019-02-12,7,0,106,0.0,0.0,0.0,0.0,0.0
2019-02-12,7,0,109,200.0,200.0,0.0,2570.733446,0.0
2019-02-12,7,0,110,134.72,134.72,0.0,2235.568331,0.0
2019-02-12,7,0,111,0.0,0.0,0.0,0.0,0.0
2019-02-12,7,0,113,27.69,27.69,0.0,320.813181,0.0
2019-02-12,7,0,115,27.69,27.69,0.0,320.813181,0.0
2019-02-12,7,0,116,0.0,0.0,0.0,0.0,0.0
2019-02-12,7,0,117,1.14,1.14,0.0,13.20791,0.0
2019-02-12,7,0,119,200.0,200.0,0.0,3708.620315,0.0
2019-02-12,7,0,120,117.6,117.6,0.0,2180.668745,0.0
2019-02-12,7,0,123,0.0,0.0,0.0,0.0,0.0
2019-02-12,7,0,125,58.61,58.61,0.0,727.486036,0.0
2019-02-12,7,0,126,0.0,0.0,0.0,0.0,0.0
2019-02-12,7,0,127,0.0,0.0,0.0,0.0,0.0
2019-02-12,7,0,128,83.94,83.94,0.0,1041.890084,0.0
2019-02-12,7,0,131,7.98,7.98,0.0,99.019808,0.0
2019-02-12,7,0,132,11.73,11.73,0.0,145.551673,0.0
2019-02-12,7,0,133,41.94,41.94,0.0,577.551561,0.0
2019-02-12,7,0,134,0.0,0.0,0.0,0.0,0.0
2019-02-12,7,0,135,56.2,56.2,0.0,773.9246,0.0
2019-02-12,7,0,136,5.04,5.04,0.0,69.311287,0.0
2019-02-12,7,0,139,110.71,110.71,0.0,1409.893667,0.0
2019-02-12,7,0,140,99.71,99.71,0.0,1654.605985,0.0
2019-02-12,7,0,141,79.59,79.59,0.0,1085.091042,0.0
2019-02-12,7,0,142,0.0,0.0,0.0,0.0,0.0
2019-02-12,7,0,143,46.63,46.63,0.0,578.532112,0.0
2019-02-12,7,0,145,11.41,11.41,0.0,143.462865,0.0
2019-02-12,7,0,146,71.92,71.92,0.0,1193.45364,0.0
2019-02-12,7,0,152,0.0,0.0,0.0,0.0,0.0
2019-02-12,7,0,153,0.0,0.0,0.0,0.0,0.0
2019-02-12,7,0,154,0.0,0.0,0.0,0.0,0.0
2019-02-12,7,0,157,81.25,81.25,0.0,1107.722668,0.0
2019-02-12,7,0,158,0.0,0.0,0.0,0.0,0.0
2019-02-12,7,0,159,0.0,0.0,0.0,0.0,0.0
2019-02-12,7,0,160,0.0,0.0,0.0,0.0,0.0
2019-02-12,7,0,161,0.0,0.0,0.0,0.0,0.0
2019-02-12,7,0,162,48.75,48.75,0.0,905.616698,0.0
2019-02-12,7,0,163,79.16,79.16,0.0,1313.595525,0.0
2019-02-12,7,0,164,0.0,0.0,0.0,0.0,0.0
2019-02-12,7,0,167,0.0,0.0,0.0,0.0,0.0
2019-02-12,7,0,168,0.0,0.0,0.0,0.0,0.0
2019-02-12,7,0,169,0.0,0.0,0.0,0.0,0.0
2019-02-12,7,0,170,0.0,0.0,0.0,0.0,0.0
2019-02-12,7,0,172,0.0,0.0,0.0,0.0,0.0
2019-02-12,7,0,173,0.0,0.0,0.0,0.0,0.0
2019-02-12,7,0,188,0.0,0.0,0.0,0.0,0.0
2019-02-12,7,0,190,0.0,0.0,0.0,0.0,0.0
2019-02-12,7,0,191,0.0,0.0,0.0,0.0,0.0
2019-02-12,7,0,192,148.01,148.01,0.0,2744.564464,0.0
2019-02-12,7,0,194,176.5,176.5,0.0,1866.756078,0.0
2019-02-12,7,0,196,0.0,0.0,0.0,0.0,0.0
2019-02-12,7,0,198,0.0,0.0,0.0,0.0,0.0
2019-02-12,7,0,199,39.0,39.0,0.0,421.378048,0.0
2019-02-12,7,0,200,0.0,0.0,0.0,0.0,0.0
2019-02-12,7,0,204,857.0,857.0,0.0,10982.209676,0.0
2019-02-12,7,0,205,1058.0,1058.0,0.0,13599.179928,0.0
2019-02-12,7,0,206,171.95,171.95,0.0,2132.38025,0.0
2019-02-12,7,0,210,0.0,0.0,0.0,0.0,0.0
2019-02-12,7,0,214,0.0,0.0,0.0,0.0,0.0
2019-02-12,7,0,217,0.0,0.0,0.0,0.0,0.0
2019-02-12,7,0,218,0.0,0.0,0.0,0.0,0.0
2019-02-12,7,0,219,0.0,0.0,0.0,0.0,0.0
2019-02-12,7,0,221,0.0,0.0,0.0,0.0,0.0
2019-02-12,7,0,225,0.0,0.0,0.0,0.0,0.0
2019-02-12,7,0,233,0.0,0.0,0.0,0.0,0.0
2019-02-12,7,0,236,148.13,148.13,0.0,2006.172417,0.0
2019-02-12,7,0,237,156.6,156.6,0.0,2086.079459,0.0
2019-02-12,7,0,238,0.0,0.0,0.0,0.0,0.0
2019-02-12,7,0,240,0.0,0.0,0.0,0.0,0.0
2019-02-12,7,0,245,78.0,78.0,0.0,1078.668789,0.0
2019-02-12,7,0,247,171.72,171.72,0.0,2374.730826,0.0
2019-02-12,7,0,248,15.72,15.72,0.0,209.40721,0.0
2019-02-12,7,0,249,150.0,150.0,0.0,2074.363055,0.0
2019-02-12,7,0,251,16.08,16.08,0.0,220.721619,0.0
2019-02-12,7,0,252,31.62,31.62,0.0,434.874004,0.0
2019-02-12,7,0,254,0.0,0.0,0.0,0.0,0.0
2019-02-12,7,0,255,0.0,0.0,0.0,0.0,0.0
2019-02-12,7,0,258,0.0,0.0,0.0,0.0,0.0
2019-02-12,7,0,260,0.0,0.0,0.0,0.0,0.0
2019-02-12,7,0,265,0.0,0.0,0.0,0.0,0.0
2019-02-12,7,0,266,71.67,71.67,0.0,912.718626,0.0
2019-02-12,7,0,267,88.09,88.09,0.0,1121.827596,0.0
2019-02-12,7,0,270,247.2,247.2,0.0,4102.082033,0.0
2019-02-12,7,0,272,98.52,98.52,0.0,1141.44148,0.0
2019-02-12,7,0,273,0.0,0.0,0.0,0.0,0.0
2019-02-12,7,0,274,318.67,318.67,0.0,5288.068291,0.0
2019-02-12,7,0,275,443.6,443.6,0.0,7361.179571,0.0
2019-02-12,7,0,276,0.0,0.0,0.0,0.0,0.0
2019-02-12,7,0,277,0.0,0.0,0.0,0.0,0.0
2019-02-12,7,0,278,0.0,0.0,0.0,0.0,0.0
2019-02-12,7,0,279,78.14,78.14,0.0,915.048788,0.0
2019-02-12,7,0,281,14.03,14.03,0.0,174.068315,0.0
2019-02-12,7,0,282,0.0,0.0,0.0,0.0,0.0
2019-02-12,8,0,9,0.0,0.0,0.0,0.0,0.0
2019-02-12,8,0,17,0.0,0.0,0.0,0.0,0.0
2019-02-12,8,0,19,605.38,605.38,0.0,8330.59799,0.0
2019-02-12,8,0,20,753.44,753.44,0.0,10368.042798,0.0
2019-02-12,8,0,21,0.0,0.0,0.0,0.0,0.0
2019-02-12,8,0,22,0.0,0.0,0.0,0.0,0.0
2019-02-12,8,0,23,12.23,12.23,0.0,164.556926,0.0
2019-02-12,8,0,24,21.64,21.64,0.0,291.170227,0.0
2019-02-12,8,0,29,0.0,0.0,0.0,0.0,0.0
2019-02-12,8,0,30,0.0,0.0,0.0,0.0,0.0
2019-02-12,8,0,31,8.02,8.02,0.0,107.916579,0.0
2019-02-12,8,0,32,0.0,0.0,0.0,0.0,0.0
2019-02-12,8,0,33,0.0,0.0,0.0,0.0,0.0
2019-02-12,8,0,34,0.0,0.0,0.0,0.0,0.0
2019-02-12,8,0,35,0.0,0.0,0.0,0.0,0.0
2019-02-12,8,0,36,0.0,0.0,0.0,0.0,0.0
2019-02-12,8,0,37,0.0,0.0,0.0,0.0,0.0
2019-02-12,8,0,38,0.0,0.0,0.0,0.0,0.0
2019-02-12,8,0,39,0.0,0.0,0.0,0.0,0.0
2019-02-12,8,0,40,0.0,0.0,0.0,0.0,0.0
2019-02-12,8,0,41,34.8,34.8,0.0,468.03201,0.0
2019-02-12,8,0,42,0.0,0.0,0.0,0.0,0.0
2019-02-12,8,0,43,0.0,0.0,0.0,0.0,0.0
2019-02-12,8,0,46,0.0,0.0,0.0,0.0,0.0
2019-02-12,8,0,52,8.5,8.5,0.0,114.375426,0.0
2019-02-12,8,0,53,13.5,13.5,0.0,181.655089,0.0
2019-02-12,8,0,55,33.12,33.12,0.0,445.635763,0.0
2019-02-12,8,0,56,0.0,0.0,0.0,0.0,0.0
2019-02-12,8,0,57,0.0,0.0,0.0,0.0,0.0
2019-02-12,8,0,58,0.0,0.0,0.0,0.0,0.0
2019-02-12,8,0,59,0.0,0.0,0.0,0.0,0.0
2019-02-12,8,0,63,96.01,96.01,0.0,2861.898585,0.0
2019-02-12,8,0,64,112.86,112.86,0.0,3364.16909,0.0
2019-02-12,8,0,65,16.5,16.5,0.0,226.926662,0.0
2019-02-12,8,0,67,0.0,0.0,0.0,0.0,0.0
2019-02-12,8,0,68,1.32,1.32,0.0,20.45999,0.0
2019-02-12,8,0,69,0.0,0.0,0.0,0.0,0.0
2019-02-12,8,0,74,44.88,44.88,0.0,608.399037,0.0
2019-02-12,8,0,77,33.65,33.65,0.0,455.422981,0.0
2019-02-12,8,0,78,25.41,25.41,0.0,343.901871,0.0
2019-02-12,8,0,79,14.66,14.66,0.0,198.410131,0.0
2019-02-12,8,0,80,23.77,23.77,0.0,321.705921,0.0
2019-02-12,8,0,81,31.12,31.12,0.0,421.181669,0.0
2019-02-12,8,0,82,21.91,21.91,0.0,296.532467,0.0
2019-02-12,8,0,83,49.02,49.02,0.0,663.442334,0.0
2019-02-12,8,0,84,0.0,0.0,0.0,0.0,0.0
2019-02-12,8,0,86,0.0,0.0,0.0,0.0,0.0
2019-02-12,8,0,87,0.0,0.0,0.0,0.0,0.0
2019-02-12,8,0,88,39.86,39.86,0.0,539.469837,0.0
2019-02-12,8,0,89,38.46,38.46,0.0,520.522076,0.0
2019-02-12,8,0,90,50.19,50.19,0.0,679.277249,0.0
2019-02-12,8,0,91,157.33,157.33,0.0,2129.322365,0.0
2019-02-12,8,0,92,62.95,62.95,0.0,851.97256,0.0
2019-02-12,8,0,95,36.0,36.0,0.0,1080.998293,0.0
2019-02-12,8,0,96,6.15,6.15,0.0,82.758783,0.0
2019-02-12,8,0,97,37.81,37.81,0.0,508.798304,0.0
2019-02-12,8,0,99,8.66,8.66,0.0,117.396071,0.0
2019-02-12,8,0,101,0.0,0.0,0.0,0.0,0.0
2019-02-12,8,0,102,3.11,3.11,0.0,48.204976,0.0
2019-02-12,8,0,103,2.71,2.71,0.0,42.004979,0.0
2019-02-12,8,0,104,0.5,0.5,0.0,7.749996,0.0
2019-02-12,8,0,106,0.0,0.0,0.0,0.0,0.0
2019-02-12,8,0,109,200.0,200.0,0.0,2672.955304,0.0
2019-02-12,8,0,110,94.7,94.7,0.0,2373.781866,0.0
2019-02-12,8,0,111,0.0,0.0,0.0,0.0,0.0
2019-02-12,8,0,113,43.26,43.26,0.0,565.499396,0.0
2019-02-12,8,0,115,43.26,43.26,0.0,565.499396,0.0
2019-02-12,8,0,116,0.0,0.0,0.0,0.0,0.0
2019-02-12,8,0,117,2.24,2.24,0.0,29.281522,0.0
2019-02-12,8,0,119,112.86,112.86,0.0,3364.16909,0.0
2019-02-12,8,0,120,66.59,66.59,0.0,1984.937265,0.0
2019-02-12,8,0,123,0.0,0.0,0.0,0.0,0.0
2019-02-12,8,0,125,19.58,19.58,0.0,263.452543,0.0
2019-02-12,8,0,126,0.0,0.0,0.0,0.0,0.0
2019-02-12,8,0,127,0.0,0.0,0.0,0.0,0.0
2019-02-12,8,0,128,28.05,28.05,0.0,377.417969,0.0
2019-02-12,8,0,131,3.94,3.94,0.0,58.592023,0.0
2019-02-12,8,0,132,5.79,5.79,0.0,86.103505,0.0
2019-02-12,8,0,133,41.94,41.94,0.0,577.16469,0.0
2019-02-12,8,0,134,0.0,0.0,0.0,0.0,0.0
2019-02-12,8,0,135,56.2,56.2,0.0,773.406189,0.0
2019-02-12,8,0,136,16.2,16.2,0.0,222.793778,0.0
2019-02-12,8,0,139,44.94,44.94,0.0,604.406855,0.0
2019-02-12,8,0,140,70.09,70.09,0.0,1756.899377,0.0
2019-02-12,8,0,141,28.06,28.06,0.0,501.008205,0.0
2019-02-12,8,0,142,0.0,0.0,0.0,0.0,0.0
2019-02-12,8,0,143,10.3,10.3,0.0,138.596105,0.0
2019-02-12,8,0,145,10.28,10.28,0.0,137.985475,0.0
2019-02-12,8,0,146,34.02,34.02,0.0,852.756696,0.0
2019-02-12,8,0,152,0.0,0.0,0.0,0.0,0.0
2019-02-12,8,0,153,0.0,0.0,0.0,0.0,0.0
2019-02-12,8,0,154,0.0,0.0,0.0,0.0,0.0
2019-02-12,8,0,157,67.15,67.15,0.0,1198.955843,0.0
2019-02-12,8,0,158,0.0,0.0,0.0,0.0,0.0
2019-02-12,8,0,159,0.0,0.0,0.0,0.0,0.0
2019-02-12,8,0,160,0.0,0.0,0.0,0.0,0.0
2019-02-12,8,0,161,0.0,0.0,0.0,0.0,0.0
2019-02-12,8,0,162,48.75,48.75,0.0,1463.892689,0.0
2019-02-12,8,0,163,52.12,52.12,0.0,1306.457348,0.0
2019-02-12,8,0,164,0.0,0.0,0.0,0.0,0.0
2019-02-12,8,0,167,0.0,0.0,0.0,0.0,0.0
2019-02-12,8,0,168,0.0,0.0,0.0,0.0,0.0
2019-02-12,8,0,169,0.0,0.0,0.0,0.0,0.0
2019-02-12,8,0,170,0.0,0.0,0.0,0.0,0.0
2019-02-12,8,0,172,0.0,0.0,0.0,0.0,0.0
2019-02-12,8,0,173,0.0,0.0,0.0,0.0,0.0
2019-02-12,8,0,188,0.0,0.0,0.0,0.0,0.0
2019-02-12,8,0,190,0.0,0.0,0.0,0.0,0.0
2019-02-12,8,0,191,0.0,0.0,0.0,0.0,0.0
2019-02-12,8,0,192,103.56,103.56,0.0,3086.951541,0.0
2019-02-12,8,0,194,176.5,176.5,0.0,1921.760896,0.0
2019-02-12,8,0,196,0.0,0.0,0.0,0.0,0.0
2019-02-12,8,0,198,0.0,0.0,0.0,0.0,0.0
2019-02-12,8,0,199,39.0,39.0,0.0,414.102566,0.0
2019-02-12,8,0,200,0.0,0.0,0.0,0.0,0.0
2019-02-12,8,0,204,856.99,856.99,0.0,11443.262395,0.0
2019-02-12,8,0,205,1058.0,1058.0,0.0,14139.933556,0.0
2019-02-12,8,0,206,111.11,111.11,0.0,1495.175338,0.0
2019-02-12,8,0,210,0.0,0.0,0.0,0.0,0.0
2019-02-12,8,0,214,0.0,0.0,0.0,0.0,0.0
2019-02-12,8,0,217,0.0,0.0,0.0,0.0,0.0
2019-02-12,8,0,218,0.0,0.0,0.0,0.0,0.0
2019-02-12,8,0,219,0.0,0.0,0.0,0.0,0.0
2019-02-12,8,0,221,0.0,0.0,0.0,0.0,0.0
2019-02-12,8,0,225,0.0,0.0,0.0,0.0,0.0
2019-02-12,8,0,233,0.0,0.0,0.0,0.0,0.0
2019-02-12,8,0,236,102.6,102.6,0.0,1400.549425,0.0
2019-02-12,8,0,237,107.66,107.66,0.0,1459.45277,0.0
2019-02-12,8,0,238,0.0,0.0,0.0,0.0,0.0
2019-02-12,8,0,240,0.0,0.0,0.0,0.0,0.0
2019-02-12,8,0,245,78.0,78.0,0.0,1075.593229,0.0
2019-02-12,8,0,247,171.72,171.72,0.0,2367.959863,0.0
2019-02-12,8,0,248,10.81,10.81,0.0,146.541747,0.0
2019-02-12,8,0,249,150.0,150.0,0.0,2068.448518,0.0
2019-02-12,8,0,251,102.59,102.59,0.0,1409.618374,0.0
2019-02-12,8,0,252,106.44,106.44,0.0,1463.88327,0.0
2019-02-12,8,0,254,0.0,0.0,0.0,0.0,0.0
2019-02-12,8,0,255,0.0,0.0,0.0,0.0,0.0
2019-02-12,8,0,258,0.0,0.0,0.0,0.0,0.0
2019-02-12,8,0,260,0.0,0.0,0.0,0.0,0.0
2019-02-12,8,0,265,0.0,0.0,0.0,0.0,0.0
2019-02-12,8,0,266,29.1,29.1,0.0,391.371595,0.0
2019-02-12,8,0,267,35.76,35.76,0.0,480.943238,0.0
2019-02-12,8,0,270,162.78,162.78,0.0,4080.297911,0.0
2019-02-12,8,0,272,149.76,149.76,0.0,1957.678906,0.0
2019-02-12,8,0,273,0.0,0.0,0.0,0.0,0.0
2019-02-12,8,0,274,209.84,209.84,0.0,5259.919608,0.0
2019-02-12,8,0,275,292.1,292.1,0.0,7321.876274,0.0
2019-02-12,8,0,276,0.0,0.0,0.0,0.0,0.0
2019-02-12,8,0,277,0.0,0.0,0.0,0.0,0.0
2019-02-12,8,0,278,0.0,0.0,0.0,0.0,0.0
2019-02-12,8,0,279,53.63,53.63,0.0,710.990835,0.0
2019-02-12,8,0,281,3.6,3.6,0.0,48.441357,0.0
2019-02-12,8,0,282,0.0,0.0,0.0,0.0,0.0
2019-02-12,9,0,9,0.41,0.41,0.0,5.512528,0.0
2019-02-12,9,0,17,4.09,4.09,0.0,48.066679,0.0
2019-02-12,9,0,19,475.02,475.02,0.0,5582.551009,0.0
2019-02-12,9,0,20,589.85,589.85,0.0,6932.061204,0.0
2019-02-12,9,0,21,9.43,9.43,0.0,126.78815,0.0
2019-02-12,9,0,22,33.51,33.51,0.0,450.548345,0.0
2019-02-12,9,0,23,2.97,2.97,0.0,39.932217,0.0
2019-02-12,9,0,24,5.25,5.25,0.0,70.587252,0.0
2019-02-12,9,0,29,1.97,1.97,0.0,21.954017,0.0
2019-02-12,9,0,30,69.59,69.59,0.0,936.398343,0.0
2019-02-12,9,0,31,6.14,6.14,0.0,82.619426,0.0
2019-02-12,9,0,32,1.14,1.14,0.0,31.388564,0.0
2019-02-12,9,0,33,0.49,0.49,0.0,5.612738,0.0
2019-02-12,9,0,34,0.78,0.78,0.0,8.934562,0.0
2019-02-12,9,0,35,0.78,0.78,0.0,8.934562,0.0
2019-02-12,9,0,36,2.22,2.22,0.0,27.091532,0.0
2019-02-12,9,0,37,1.06,1.06,0.0,12.940387,0.0
2019-02-12,9,0,38,1.37,1.37,0.0,16.72484,0.0
2019-02-12,9,0,39,0.91,0.91,0.0,11.109201,0.0
2019-02-12,9,0,40,0.91,0.91,0.0,11.109201,0.0
2019-02-12,9,0,41,34.8,34.8,0.0,448.424573,0.0
2019-02-12,9,0,42,7.3,7.3,0.0,86.262423,0.0
2019-02-12,9,0,43,6.87,6.87,0.0,83.270143,0.0
2019-02-12,9,0,46,5.64,5.64,0.0,69.494159,0.0
2019-02-12,9,0,52,6.52,6.52,0.0,87.73268,0.0
2019-02-12,9,0,53,10.41,10.41,0.0,140.076257,0.0
2019-02-12,9,0,55,12.8,12.8,0.0,172.098443,0.0
2019-02-12,9,0,56,20.53,20.53,0.0,276.250294,0.0
2019-02-12,9,0,57,19.52,19.52,0.0,262.659803,0.0
2019-02-12,9,0,58,37.55,37.55,0.0,505.270266,0.0
2019-02-12,9,0,59,36.92,36.92,0.0,496.793028,0.0
2019-02-12,9,0,63,49.64,49.64,0.0,1349.667917,0.0
2019-02-12,9,0,64,58.4,58.4,0.0,1587.844608,0.0
2019-02-12,9,0,65,41.4,41.4,0.0,487.039148,0.0
2019-02-12,9,0,67,39.9,39.9,0.0,714.129027,0.0
2019-02-12,9,0,68,1.06,1.06,0.0,17.033622,0.0
2019-02-12,9,0,69,0.49,0.49,0.0,5.612738,0.0
2019-02-12,9,0,74,22.45,22.45,0.0,271.748344,0.0
2019-02-12,9,0,77,10.09,10.09,0.0,146.081192,0.0
2019-02-12,9,0,78,7.63,7.63,0.0,110.465757,0.0
2019-02-12,9,0,79,4.41,4.41,0.0,63.847181,0.0
2019-02-12,9,0,80,7.14,7.14,0.0,103.371626,0.0
2019-02-12,9,0,81,9.33,9.33,0.0,135.078049,0.0
2019-02-12,9,0,82,6.58,6.58,0.0,95.264048,0.0
2019-02-12,9,0,83,14.68,14.68,0.0,212.53438,0.0
2019-02-12,9,0,84,0.0,0.0,0.0,0.0,0.0
2019-02-12,9,0,86,2.48,2.48,0.0,28.407325,0.0
2019-02-12,9,0,87,12.67,12.67,0.0,145.129358,0.0
2019-02-12,9,0,88,44.65,44.65,0.0,646.43461,0.0
2019-02-12,9,0,89,42.65,42.65,0.0,617.478972,0.0
2019-02-12,9,0,90,59.87,59.87,0.0,866.787012,0.0
2019-02-12,9,0,91,224.97,224.97,0.0,3257.074896,0.0
2019-02-12,9,0,92,79.15,79.15,0.0,1145.919358,0.0
2019-02-12,9,0,95,36.0,36.0,0.0,989.974241,0.0
2019-02-12,9,0,96,4.09,4.09,0.0,55.080679,0.0
2019-02-12,9,0,97,25.15,25.15,0.0,338.699039,0.0
2019-02-12,9,0,99,4.33,4.33,0.0,52.412932,0.0
2019-02-12,9,0,101,1.4,1.4,0.0,18.838306,0.0
2019-02-12,9,0,102,2.5,2.5,0.0,40.173637,0.0
2019-02-12,9,0,103,2.18,2.18,0.0,35.031411,0.0
2019-02-12,9,0,104,0.41,0.41,0.0,6.588476,0.0
2019-02-12,9,0,106,32.98,32.98,0.0,443.422394,0.0
2019-02-12,9,0,109,186.24,186.24,0.0,2331.016707,0.0
2019-02-12,9,0,110,63.73,63.73,0.0,1497.493628,0.0
2019-02-12,9,0,111,3.21,3.21,0.0,41.363301,0.0
2019-02-12,9,0,113,21.76,21.76,0.0,311.889573,0.0
2019-02-12,9,0,115,21.76,21.76,0.0,311.889573,0.0
2019-02-12,9,0,116,19.4,19.4,0.0,455.850877,0.0
2019-02-12,9,0,117,1.48,1.48,0.0,21.213078,0.0
2019-02-12,9,0,119,58.4,58.4,0.0,1587.844608,0.0
2019-02-12,9,0,120,34.34,34.34,0.0,933.674381,0.0
2019-02-12,9,0,123,0.55,0.55,0.0,7.394855,0.0
2019-02-12,9,0,125,4.75,4.75,0.0,63.864656,0.0
2019-02-12,9,0,126,24.74,24.74,0.0,332.634021,0.0
2019-02-12,9,0,127,31.75,31.75,0.0,426.884809,0.0
2019-02-12,9,0,128,6.81,6.81,0.0,91.56175,0.0
2019-02-12,9,0,131,2.02,2.02,0.0,31.473851,0.0
2019-02-12,9,0,132,2.97,2.97,0.0,46.27591,0.0
2019-02-12,9,0,133,41.94,41.94,0.0,492.841756,0.0
2019-02-12,9,0,134,0.0,0.0,0.0,0.0,0.0
2019-02-12,9,0,135,56.2,56.2,0.0,660.412653,0.0
2019-02-12,9,0,136,45.49,45.49,0.0,535.184785,0.0
2019-02-12,9,0,139,44.94,44.94,0.0,579.086216,0.0
2019-02-12,9,0,140,47.17,47.17,0.0,1108.37556,0.0
2019-02-12,9,0,141,7.24,7.24,0.0,129.581307,0.0
2019-02-12,9,0,142,52.62,52.62,0.0,941.791214,0.0
2019-02-12,9,0,143,9.11,9.11,0.0,122.583545,0.0
2019-02-12,9,0,145,9.57,9.57,0.0,125.435128,0.0
2019-02-12,9,0,146,13.06,13.06,0.0,306.876931,0.0
2019-02-12,9,0,152,1.61,1.61,0.0,19.465805,0.0
2019-02-12,9,0,153,2.02,2.02,0.0,24.453728,0.0
2019-02-12,9,0,154,13.26,13.26,0.0,170.865225,0.0
2019-02-12,9,0,157,54.69,54.69,0.0,978.840013,0.0
2019-02-12,9,0,158,22.64,22.64,0.0,405.210055,0.0
2019-02-12,9,0,159,0.0,0.0,0.0,0.0,0.0
2019-02-12,9,0,160,0.55,0.55,0.0,6.51915,0.0
2019-02-12,9,0,161,8.78,8.78,0.0,141.089812,0.0
2019-02-12,9,0,162,48.75,48.75,0.0,1340.491941,0.0
2019-02-12,9,0,163,32.46,32.46,0.0,762.727808,0.0
2019-02-12,9,0,164,2.35,2.35,0.0,31.621441,0.0
2019-02-12,9,0,167,1.33,1.33,0.0,36.589067,0.0
2019-02-12,9,0,168,0.67,0.67,0.0,18.432086,0.0
2019-02-12,9,0,169,0.0,0.0,0.0,0.0,0.0
2019-02-12,9,0,170,1.46,1.46,0.0,40.165442,0.0
2019-02-12,9,0,172,1.76,1.76,0.0,48.592721,0.0
2019-02-12,9,0,173,2.69,2.69,0.0,74.269556,0.0
2019-02-12,9,0,188,2.31,2.31,0.0,63.12845,0.0
2019-02-12,9,0,190,1.71,1.71,0.0,46.493395,0.0
2019-02-12,9,0,191,4.41,4.41,0.0,119.904019,0.0
2019-02-12,9,0,192,70.04,70.04,0.0,1904.325965,0.0
2019-02-12,9,0,194,130.37,130.37,0.0,1673.575627,0.0
2019-02-12,9,0,196,1.09,1.09,0.0,28.008494,0.0
2019-02-12,9,0,198,2.47,2.47,0.0,28.151195,0.0
2019-02-12,9,0,199,39.0,39.0,0.0,428.207962,0.0
2019-02-12,9,0,200,4.27,4.27,0.0,46.883282,0.0
2019-02-12,9,0,204,480.72,480.72,0.0,6037.133045,0.0
2019-02-12,9,0,205,1048.92,1048.92,0.0,13128.490359,0.0
2019-02-12,9,0,206,73.91,73.91,0.0,995.357693,0.0
2019-02-12,9,0,210,0.64,0.64,0.0,7.094574,0.0
2019-02-12,9,0,214,3.48,3.48,0.0,39.24928,0.0
2019-02-12,9,0,217,2.39,2.39,0.0,26.74469,0.0
2019-02-12,9,0,218,3.29,3.29,0.0,36.815913,0.0
2019-02-12,9,0,219,2.24,2.24,0.0,25.066153,0.0
2019-02-12,9,0,221,1.86,1.86,0.0,20.978064,0.0
2019-02-12,9,0,225,1.72,1.72,0.0,19.177758,0.0
2019-02-12,9,0,233,1.4,1.4,0.0,16.036393,0.0
2019-02-12,9,0,236,73.03,73.03,0.0,870.20987,0.0
2019-02-12,9,0,237,53.86,53.86,0.0,651.953934,0.0
2019-02-12,9,0,238,9.5,9.5,0.0,112.259317,0.0
2019-02-12,9,0,240,2.52,2.52,0.0,30.75255,0.0
2019-02-12,9,0,245,78.0,78.0,0.0,913.236971,0.0
2019-02-12,9,0,247,171.72,171.72,0.0,2010.526315,0.0
2019-02-12,9,0,248,5.41,5.41,0.0,65.485904,0.0
2019-02-12,9,0,249,150.0,150.0,0.0,1756.224943,0.0
2019-02-12,9,0,251,326.4,326.4,0.0,3846.268373,0.0
2019-02-12,9,0,252,267.06,267.06,0.0,3141.755431,0.0
2019-02-12,9,0,254,3.78,3.78,0.0,45.562707,0.0
2019-02-12,9,0,255,1.73,1.73,0.0,20.852773,0.0
2019-02-12,9,0,258,3.11,3.11,0.0,37.911085,0.0
2019-02-12,9,0,260,1.33,1.33,0.0,15.764489,0.0
2019-02-12,9,0,265,13.72,13.72,0.0,176.792676,0.0
2019-02-12,9,0,266,29.1,29.1,0.0,374.975721,0.0
2019-02-12,9,0,267,35.76,35.76,0.0,460.794906,0.0
2019-02-12,9,0,270,101.38,101.38,0.0,2382.173294,0.0
2019-02-12,9,0,272,72.61,72.61,0.0,1040.730786,0.0
2019-02-12,9,0,273,4.64,4.64,0.0,109.028251,0.0
2019-02-12,9,0,274,130.7,130.7,0.0,3071.119052,0.0
2019-02-12,9,0,275,181.93,181.93,0.0,4274.894332,0.0
2019-02-12,9,0,276,1.05,1.05,0.0,23.359579,0.0
2019-02-12,9,0,277,1.35,1.35,0.0,19.428061,0.0
2019-02-12,9,0,278,2.16,2.16,0.0,31.084898,0.0
2019-02-12,9,0,279,35.74,35.74,0.0,514.339929,0.0
2019-02-12,9,0,281,2.74,2.74,0.0,36.869255,0.0
2019-02-12,9,0,282,38.17,38.17,0.0,513.612944,0.0
2019-02-12,10,0,9,1.62,1.62,0.0,17.627142,0.0
2019-02-12,10,0,17,21.06,21.06,0.0,290.279052,0.0
2019-02-12,10,0,19,349.46,349.46,0.0,4816.757719,0.0
2019-02-12,10,0,20,433.01,433.01,0.0,5968.36336,0.0
2019-02-12,10,0,21,37.08,37.08,0.0,403.465693,0.0
2019-02-12,10,0,22,131.78,131.78,0.0,1433.891828,0.0
2019-02-12,10,0,23,0.0,0.0,0.0,0.0,0.0
2019-02-12,10,0,24,0.0,0.0,0.0,0.0,0.0
2019-02-12,10,0,29,4.51,4.51,0.0,36.877639,0.0
2019-02-12,10,0,30,295.0,295.0,0.0,3205.816906,0.0
2019-02-12,10,0,31,6.69,6.69,0.0,72.701407,0.0
2019-02-12,10,0,32,3.14,3.14,0.0,85.637613,0.0
2019-02-12,10,0,33,1.49,1.49,0.0,21.658501,0.0
2019-02-12,10,0,34,2.39,2.39,0.0,34.740817,0.0
2019-02-12,10,0,35,2.39,2.39,0.0,34.740817,0.0
2019-02-12,10,0,36,5.86,5.86,0.0,72.389413,0.0
2019-02-12,10,0,37,2.77,2.77,0.0,34.056951,0.0
2019-02-12,10,0,38,3.56,3.56,0.0,43.769944,0.0
2019-02-12,10,0,39,2.37,2.37,0.0,29.13898,0.0
2019-02-12,10,0,40,2.37,2.37,0.0,29.13898,0.0
2019-02-12,10,0,41,34.8,34.8,0.0,405.600945,0.0
2019-02-12,10,0,42,23.16,23.16,0.0,315.44662,0.0
2019-02-12,10,0,43,17.96,17.96,0.0,219.871741,0.0
2019-02-12,10,0,46,15.76,15.76,0.0,190.808682,0.0
2019-02-12,10,0,52,7.09,7.09,0.0,77.048278,0.0
2019-02-12,10,0,53,11.31,11.31,0.0,122.90776,0.0
2019-02-12,10,0,55,0.0,0.0,0.0,0.0,0.0
2019-02-12,10,0,56,87.01,87.01,0.0,945.55298,0.0
2019-02-12,10,0,57,82.77,82.77,0.0,899.476154,0.0
2019-02-12,10,0,58,159.17,159.17,0.0,1729.728396,0.0
2019-02-12,10,0,59,156.52,156.52,0.0,1700.93038,0.0
2019-02-12,10,0,63,36.51,36.51,0.0,992.674771,0.0
2019-02-12,10,0,64,42.95,42.95,0.0,1167.772704,0.0
2019-02-12,10,0,65,41.4,41.4,0.0,569.379626,0.0
2019-02-12,10,0,67,168.83,168.83,0.0,2394.908343,0.0
2019-02-12,10,0,68,0.76,0.76,0.0,8.829855,0.0
2019-02-12,10,0,69,1.49,1.49,0.0,21.658501,0.0
2019-02-12,10,0,74,16.73,16.73,0.0,216.410549,0.0
2019-02-12,10,0,77,8.87,8.87,0.0,84.877282,0.0
2019-02-12,10,0,78,6.71,6.71,0.0,64.20818,0.0
2019-02-12,10,0,79,3.88,3.88,0.0,37.12783,0.0
2019-02-12,10,0,80,6.28,6.28,0.0,60.093498,0.0
2019-02-12,10,0,81,8.21,8.21,0.0,78.561723,0.0
2019-02-12,10,0,82,5.79,5.79,0.0,55.404674,0.0
2019-02-12,10,0,83,12.91,12.91,0.0,123.536156,0.0
2019-02-12,10,0,84,0.0,0.0,0.0,0.0,0.0
2019-02-12,10,0,86,7.55,7.55,0.0,109.746096,0.0
2019-02-12,10,0,87,38.56,38.56,0.0,560.504565,0.0
2019-02-12,10,0,88,28.27,28.27,0.0,270.516432,0.0
2019-02-12,10,0,89,27.05,27.05,0.0,258.842217,0.0
2019-02-12,10,0,90,37.56,37.56,0.0,359.412705,0.0
2019-02-12,10,0,91,139.15,139.15,0.0,1331.530297,0.0
2019-02-12,10,0,92,49.3,49.3,0.0,471.753099,0.0
2019-02-12,10,0,95,88.65,88.65,0.0,2410.461695,0.0
2019-02-12,10,0,96,3.05,3.05,0.0,33.100975,0.0
2019-02-12,10,0,97,18.78,18.78,0.0,203.815187,0.0
2019-02-12,10,0,99,3.44,3.44,0.0,44.498045,0.0
2019-02-12,10,0,101,5.94,5.94,0.0,64.551025,0.0
2019-02-12,10,0,102,1.8,1.8,0.0,20.912814,0.0
2019-02-12,10,0,103,1.57,1.57,0.0,18.240621,0.0
2019-02-12,10,0,104,0.29,0.29,0.0,3.369287,0.0
2019-02-12,10,0,106,129.72,129.72,0.0,1411.477067,0.0
2019-02-12,10,0,109,171.07,171.07,0.0,2057.578218,0.0
2019-02-12,10,0,110,40.96,40.96,0.0,903.02812,0.0
2019-02-12,10,0,111,10.05,10.05,0.0,117.134756,0.0
2019-02-12,10,0,113,33.65,33.65,0.0,294.682135,0.0
2019-02-12,10,0,115,33.65,33.65,0.0,294.682135,0.0
2019-02-12,10,0,116,67.65,67.65,0.0,1491.451472,0.0
2019-02-12,10,0,117,2.24,2.24,0.0,19.616285,0.0
2019-02-12,10,0,119,42.95,42.95,0.0,1167.772704,0.0
2019-02-12,10,0,120,25.25,25.25,0.0,686.52528,0.0
2019-02-12,10,0,123,2.16,2.16,0.0,23.502856,0.0
2019-02-12,10,0,125,0.0,0.0,0.0,0.0,0.0
2019-02-12,10,0,126,97.29,97.29,0.0,1058.607801,0.0
2019-02-12,10,0,127,124.86,124.86,0.0,1358.595642,0.0
2019-02-12,10,0,128,0.0,0.0,0.0,0.0,0.0
2019-02-12,10,0,131,1.95,1.95,0.0,21.318644,0.0
2019-02-12,10,0,132,3.15,3.15,0.0,34.437809,0.0
2019-02-12,10,0,133,41.94,41.94,0.0,578.196813,0.0
2019-02-12,10,0,134,0.0,0.0,0.0,0.0,0.0
2019-02-12,10,0,135,56.2,56.2,0.0,774.789243,0.0
2019-02-12,10,0,136,45.9,45.9,0.0,631.192366,0.0
2019-02-12,10,0,139,44.94,44.94,0.0,523.784668,0.0
2019-02-12,10,0,140,30.31,30.31,0.0,668.23199,0.0
2019-02-12,10,0,141,0.0,0.0,0.0,0.0,0.0
2019-02-12,10,0,142,222.64,222.64,0.0,3158.220657,0.0
2019-02-12,10,0,143,6.32,6.32,0.0,68.680552,0.0
2019-02-12,10,0,145,17.25,17.25,0.0,194.907814,0.0
2019-02-12,10,0,146,0.0,0.0,0.0,0.0,0.0
2019-02-12,10,0,152,4.24,4.24,0.0,54.704362,0.0
2019-02-12,10,0,153,5.31,5.31,0.0,68.295751,0.0
2019-02-12,10,0,154,41.45,41.45,0.0,483.108022,0.0
2019-02-12,10,0,157,43.76,43.76,0.0,620.749802,0.0
2019-02-12,10,0,158,142.54,142.54,0.0,2021.976161,0.0
2019-02-12,10,0,159,0.0,0.0,0.0,0.0,0.0
2019-02-12,10,0,160,1.41,1.41,0.0,17.199492,0.0
2019-02-12,10,0,161,33.14,33.14,0.0,385.028136,0.0
2019-02-12,10,0,162,91.77,91.77,0.0,2495.795937,0.0
2019-02-12,10,0,163,10.48,10.48,0.0,231.04821,0.0
2019-02-12,10,0,164,11.09,11.09,0.0,120.516981,0.0
2019-02-12,10,0,167,3.6,3.6,0.0,97.916777,0.0
2019-02-12,10,0,168,1.8,1.8,0.0,48.958389,0.0
2019-02-12,10,0,169,0.0,0.0,0.0,0.0,0.0
2019-02-12,10,0,170,3.94,3.94,0.0,107.164473,0.0
2019-02-12,10,0,172,4.73,4.73,0.0,124.885038,0.0
2019-02-12,10,0,173,7.21,7.21,0.0,190.363874,0.0
2019-02-12,10,0,188,6.4,6.4,0.0,171.357061,0.0
2019-02-12,10,0,190,5.57,5.57,0.0,151.443398,0.0
2019-02-12,10,0,191,14.4,14.4,0.0,391.523328,0.0
2019-02-12,10,0,192,45.27,45.27,0.0,1230.851462,0.0
2019-02-12,10,0,194,52.95,52.95,0.0,322.415384,0.0
2019-02-12,10,0,196,3.6,3.6,0.0,90.746945,0.0
2019-02-12,10,0,198,6.16,6.16,0.0,72.404399,0.0
2019-02-12,10,0,199,39.0,39.0,0.0,358.208017,0.0
2019-02-12,10,0,200,11.38,11.38,0.0,104.523262,0.0
2019-02-12,10,0,204,257.1,257.1,0.0,3071.76488,0.0
2019-02-12,10,0,205,1010.31,1010.31,0.0,12151.703099,0.0
2019-02-12,10,0,206,55.19,55.19,0.0,598.964864,0.0
2019-02-12,10,0,210,1.45,1.45,0.0,12.329146,0.0
2019-02-12,10,0,214,8.01,8.01,0.0,120.009368,0.0
2019-02-12,10,0,217,5.43,5.43,0.0,65.998725,0.0
2019-02-12,10,0,218,7.49,7.49,0.0,91.036915,0.0
2019-02-12,10,0,219,5.1,5.1,0.0,61.987752,0.0
2019-02-12,10,0,221,4.27,4.27,0.0,63.975031,0.0
2019-02-12,10,0,225,4.1,4.1,0.0,33.396047,0.0
2019-02-12,10,0,233,4.27,4.27,0.0,62.068322,0.0
2019-02-12,10,0,236,56.31,56.31,0.0,752.495179,0.0
2019-02-12,10,0,237,39.09,39.09,0.0,505.64784,0.0
2019-02-12,10,0,238,30.15,30.15,0.0,410.652659,0.0
2019-02-12,10,0,240,6.64,6.64,0.0,82.024864,0.0
2019-02-12,10,0,245,78.0,78.0,0.0,1083.798434,0.0
2019-02-12,10,0,247,171.72,171.72,0.0,2386.023937,0.0
2019-02-12,10,0,248,4.27,4.27,0.0,55.234492,0.0
2019-02-12,10,0,249,150.0,150.0,0.0,2084.227758,0.0
2019-02-12,10,0,251,326.4,326.4,0.0,4472.784524,0.0
2019-02-12,10,0,252,267.06,267.06,0.0,3672.911181,0.0
2019-02-12,10,0,254,9.52,9.52,0.0,116.441409,0.0
2019-02-12,10,0,255,4.36,4.36,0.0,53.328208,0.0
2019-02-12,10,0,258,8.21,8.21,0.0,101.272325,0.0
2019-02-12,10,0,260,3.42,3.42,0.0,41.717917,0.0
2019-02-12,10,0,265,42.92,42.92,0.0,500.241165,0.0
2019-02-12,10,0,266,29.1,29.1,0.0,339.166307,0.0
2019-02-12,10,0,267,35.76,35.76,0.0,416.789936,0.0
2019-02-12,10,0,270,32.71,32.71,0.0,721.143794,0.0
2019-02-12,10,0,272,112.47,112.47,0.0,984.930155,0.0
2019-02-12,10,0,273,16.18,16.18,0.0,356.713745,0.0
2019-02-12,10,0,274,42.17,42.17,0.0,929.704488,0.0
2019-02-12,10,0,275,58.69,58.69,0.0,1293.914071,0.0
2019-02-12,10,0,276,3.62,3.62,0.0,73.45462,0.0
2019-02-12,10,0,277,4.51,4.51,0.0,40.963054,0.0
2019-02-12,10,0,278,7.21,7.21,0.0,65.48639,0.0
2019-02-12,10,0,279,23.45,23.45,0.0,212.989714,0.0
2019-02-12,10,0,281,2.98,2.98,0.0,32.384184,0.0
2019-02-12,10,0,282,161.82,161.82,0.0,1758.526413,0.0
2019-02-12,11,0,9,2.57,2.57,0.0,19.229766,0.0
2019-02-12,11,0,17,33.0,33.0,0.0,320.772084,0.0
2019-02-12,11,0,19,192.99,192.99,0.0,1875.933468,0.0
2019-02-12,11,0,20,234.06,234.06,0.0,2275.148907,0.0
2019-02-12,11,0,21,58.67,58.67,0.0,438.992359,0.0
2019-02-12,11,0,22,208.5,208.5,0.0,1560.080227,0.0
2019-02-12,11,0,23,0.0,0.0,0.0,0.0,0.0
2019-02-12,11,0,24,0.0,0.0,0.0,0.0,0.0
2019-02-12,11,0,29,6.87,6.87,0.0,60.716435,0.0
2019-02-12,11,0,30,471.78,471.78,0.0,3523.905191,0.0
2019-02-12,11,0,31,5.1,5.1,0.0,38.09385,0.0
2019-02-12,11,0,32,4.98,4.98,0.0,85.727184,0.0
2019-02-12,11,0,33,2.36,2.36,0.0,24.01442,0.0
2019-02-12,11,0,34,3.78,3.78,0.0,38.463774,0.0
2019-02-12,11,0,35,3.78,3.78,0.0,38.463774,0.0
2019-02-12,11,0,36,9.2,9.2,0.0,82.400102,0.0
2019-02-12,11,0,37,4.43,4.43,0.0,39.593979,0.0
2019-02-12,11,0,38,5.7,5.7,0.0,50.944849,0.0
2019-02-12,11,0,39,3.8,3.8,0.0,33.963233,0.0
2019-02-12,11,0,40,3.8,3.8,0.0,33.963233,0.0
2019-02-12,11,0,41,32.08,32.08,0.0,262.247525,0.0
2019-02-12,11,0,42,36.97,36.97,0.0,355.713772,0.0
2019-02-12,11,0,43,28.6,28.6,0.0,257.437978,0.0
2019-02-12,11,0,46,25.07,25.07,0.0,220.344528,0.0
2019-02-12,11,0,52,5.42,5.42,0.0,40.484052,0.0
2019-02-12,11,0,53,8.83,8.83,0.0,65.954646,0.0
2019-02-12,11,0,55,9.8,9.8,0.0,73.327512,0.0
2019-02-12,11,0,56,139.16,139.16,0.0,1039.439244,0.0
2019-02-12,11,0,57,132.37,132.37,0.0,988.722138,0.0
2019-02-12,11,0,58,254.56,254.56,0.0,1901.405963,0.0
2019-02-12,11,0,59,250.32,250.32,0.0,1869.735782,0.0
2019-02-12,11,0,63,31.75,31.75,0.0,548.657696,0.0
2019-02-12,11,0,64,37.35,37.35,0.0,645.428817,0.0
2019-02-12,11,0,65,41.4,41.4,0.0,401.664264,0.0
2019-02-12,11,0,67,269.83,269.83,0.0,2459.463536,0.0
2019-02-12,11,0,68,0.84,0.84,0.0,6.29766,0.0
2019-02-12,11,0,69,2.36,2.36,0.0,24.01442,0.0
2019-02-12,11,0,74,30.35,30.35,0.0,278.989487,0.0
2019-02-12,11,0,77,7.04,7.04,0.0,43.888839,0.0
2019-02-12,11,0,78,5.32,5.32,0.0,33.165997,0.0
2019-02-12,11,0,79,3.08,3.08,0.0,19.201367,0.0
2019-02-12,11,0,80,4.98,4.98,0.0,31.046366,0.0
2019-02-12,11,0,81,6.51,6.51,0.0,40.584707,0.0
2019-02-12,11,0,82,4.6,4.6,0.0,28.677366,0.0
2019-02-12,11,0,83,10.25,10.25,0.0,63.900653,0.0
2019-02-12,11,0,84,0.0,0.0,0.0,0.0,0.0
2019-02-12,11,0,86,11.98,11.98,0.0,121.903707,0.0
2019-02-12,11,0,87,61.17,61.17,0.0,622.441548,0.0
2019-02-12,11,0,88,12.42,12.42,0.0,77.428889,0.0
2019-02-12,11,0,89,11.94,11.94,0.0,74.436468,0.0
2019-02-12,11,0,90,16.03,16.03,0.0,99.934387,0.0
2019-02-12,11,0,91,57.19,57.19,0.0,356.534472,0.0
2019-02-12,11,0,92,20.57,20.57,0.0,128.237701,0.0
2019-02-12,11,0,95,96.29,96.29,0.0,1651.598399,0.0
2019-02-12,11,0,96,2.86,2.86,0.0,21.323526,0.0
2019-02-12,11,0,97,21.04,21.04,0.0,156.869578,0.0
2019-02-12,11,0,99,6.51,6.51,0.0,59.842556,0.0
2019-02-12,11,0,101,9.5,9.5,0.0,70.959132,0.0
2019-02-12,11,0,102,1.99,1.99,0.0,14.919457,0.0
2019-02-12,11,0,103,1.73,1.73,0.0,12.970181,0.0
2019-02-12,11,0,104,0.32,0.32,0.0,2.399109,0.0
2019-02-12,11,0,106,205.25,205.25,0.0,1535.76243,0.0
2019-02-12,11,0,109,83.48,83.48,0.0,717.65886,0.0
2019-02-12,11,0,110,19.87,19.87,0.0,279.543435,0.0
2019-02-12,11,0,111,15.63,15.63,0.0,127.772095,0.0
2019-02-12,11,0,113,19.01,19.01,0.0,107.02166,0.0
2019-02-12,11,0,115,19.01,19.01,0.0,107.02166,0.0
2019-02-12,11,0,116,104.99,104.99,0.0,1477.064182,0.0
2019-02-12,11,0,117,1.28,1.28,0.0,7.206088,0.0
2019-02-12,11,0,119,37.35,37.35,0.0,645.428817,0.0
2019-02-12,11,0,120,21.96,21.96,0.0,379.481039,0.0
2019-02-12,11,0,123,3.42,3.42,0.0,25.589805,0.0
2019-02-12,11,0,125,0.0,0.0,0.0,0.0,0.0
2019-02-12,11,0,126,153.94,153.94,0.0,1151.840528,0.0
2019-02-12,11,0,127,197.56,197.56,0.0,1478.22278,0.0
2019-02-12,11,0,128,0.0,0.0,0.0,0.0,0.0
2019-02-12,11,0,131,1.11,1.11,0.0,7.842361,0.0
2019-02-12,11,0,132,1.62,1.62,0.0,11.445608,0.0
2019-02-12,11,0,133,41.94,41.94,0.0,407.74459,0.0
2019-02-12,11,0,134,0.0,0.0,0.0,0.0,0.0
2019-02-12,11,0,135,56.2,56.2,0.0,546.381639,0.0
2019-02-12,11,0,136,45.9,45.9,0.0,445.277232,0.0
2019-02-12,11,0,139,41.42,41.42,0.0,338.60014,0.0
2019-02-12,11,0,140,14.7,14.7,0.0,206.808682,0.0
2019-02-12,11,0,141,0.0,0.0,0.0,0.0,0.0
2019-02-12,11,0,142,355.84,355.84,0.0,3243.43292,0.0
2019-02-12,11,0,143,4.9,4.9,0.0,36.599973,0.0
2019-02-12,11,0,145,31.94,31.94,0.0,251.946633,0.0
2019-02-12,11,0,146,5.52,5.52,0.0,77.65877,0.0
2019-02-12,11,0,152,6.88,6.88,0.0,63.270459,0.0
2019-02-12,11,0,153,8.7,8.7,0.0,79.801082,0.0
2019-02-12,11,0,154,64.47,64.47,0.0,527.029237,0.0
2019-02-12,11,0,157,32.64,32.64,0.0,297.509135,0.0
2019-02-12,11,0,158,238.8,238.8,0.0,2176.629331,0.0
2019-02-12,11,0,159,0.0,0.0,0.0,0.0,0.0
2019-02-12,11,0,160,2.25,2.25,0.0,20.760952,0.0
2019-02-12,11,0,161,52.04,52.04,0.0,390.155045,0.0
2019-02-12,11,0,162,162.5,162.5,0.0,2788.2113,0.0
2019-02-12,11,0,163,15.61,15.61,0.0,219.611124,0.0
2019-02-12,11,0,164,18.17,18.17,0.0,135.718677,0.0
2019-02-12,11,0,167,5.56,5.56,0.0,95.383721,0.0
2019-02-12,11,0,168,2.78,2.78,0.0,47.69186,0.0
2019-02-12,11,0,169,0.0,0.0,0.0,0.0,0.0
2019-02-12,11,0,170,6.08,6.08,0.0,104.3045,0.0
2019-02-12,11,0,172,7.35,7.35,0.0,120.332244,0.0
2019-02-12,11,0,173,11.2,11.2,0.0,183.363419,0.0
2019-02-12,11,0,188,10.06,10.06,0.0,169.407634,0.0
2019-02-12,11,0,190,8.62,8.62,0.0,148.958404,0.0
2019-02-12,11,0,191,22.26,22.26,0.0,384.665207,0.0
2019-02-12,11,0,192,37.09,37.09,0.0,640.935872,0.0
2019-02-12,11,0,194,52.95,52.95,0.0,204.476184,0.0
2019-02-12,11,0,196,5.61,5.61,0.0,90.162955,0.0
2019-02-12,11,0,198,9.91,9.91,0.0,94.314605,0.0
2019-02-12,11,0,199,56.82,56.82,0.0,480.311099,0.0
2019-02-12,11,0,200,18.07,18.07,0.0,152.749411,0.0
2019-02-12,11,0,204,257.1,257.1,0.0,2195.361831,0.0
2019-02-12,11,0,205,545.8,545.8,0.0,4692.120336,0.0
2019-02-12,11,0,206,80.42,80.42,0.0,599.593702,0.0
2019-02-12,11,0,210,2.18,2.18,0.0,19.56415,0.0
2019-02-12,11,0,214,12.59,12.59,0.0,131.505168,0.0
2019-02-12,11,0,217,8.47,8.47,0.0,83.055866,0.0
2019-02-12,11,0,218,11.69,11.69,0.0,114.630824,0.0
2019-02-12,11,0,219,7.96,7.96,0.0,78.054864,0.0
2019-02-12,11,0,221,6.72,6.72,0.0,70.191797,0.0
2019-02-12,11,0,225,6.34,6.34,0.0,55.948785,0.0
2019-02-12,11,0,233,6.78,6.78,0.0,68.990579,0.0
2019-02-12,11,0,236,72.21,72.21,0.0,683.726411,0.0
2019-02-12,11,0,237,67.66,67.66,0.0,621.958113,0.0
2019-02-12,11,0,238,48.12,48.12,0.0,462.995583,0.0
2019-02-12,11,0,240,10.43,10.43,0.0,93.416637,0.0
2019-02-12,11,0,245,78.0,78.0,0.0,763.446371,0.0
2019-02-12,11,0,247,171.72,171.72,0.0,1680.756548,0.0
2019-02-12,11,0,248,8.06,8.06,0.0,74.090783,0.0
2019-02-12,11,0,249,150.0,150.0,0.0,1468.166097,0.0
2019-02-12,11,0,251,326.4,326.4,0.0,3156.920952,0.0
2019-02-12,11,0,252,267.06,267.06,0.0,2591.025562,0.0
2019-02-12,11,0,254,15.61,15.61,0.0,141.395061,0.0
2019-02-12,11,0,255,7.15,7.15,0.0,64.764554,0.0
2019-02-12,11,0,258,12.83,12.83,0.0,115.005138,0.0
2019-02-12,11,0,260,5.47,5.47,0.0,50.472182,0.0
2019-02-12,11,0,265,66.75,66.75,0.0,545.667777,0.0
2019-02-12,11,0,266,26.82,26.82,0.0,219.248086,0.0
2019-02-12,11,0,267,32.96,32.96,0.0,269.441347,0.0
2019-02-12,11,0,270,52.82,52.82,0.0,743.104392,0.0
2019-02-12,11,0,272,63.47,63.47,0.0,357.320609,0.0
2019-02-12,11,0,273,25.11,25.11,0.0,353.262993,0.0
2019-02-12,11,0,274,68.98,68.98,0.0,970.453255,0.0
2019-02-12,11,0,275,97.32,97.32,0.0,1369.157883,0.0
2019-02-12,11,0,276,5.65,5.65,0.0,73.238402,0.0
2019-02-12,11,0,277,7.06,7.06,0.0,41.456965,0.0
2019-02-12,11,0,278,11.29,11.29,0.0,66.295911,0.0
2019-02-12,11,0,279,26.22,26.22,0.0,153.966235,0.0
2019-02-12,11,0,281,2.22,2.22,0.0,16.582029,0.0
2019-02-12,11,0,282,258.8,258.8,0.0,1933.076144,0.0
2019-02-12,12,0,9,3.52,3.52,0.0,26.979684,0.0
2019-02-12,12,0,17,42.31,42.31,0.0,435.508595,0.0
2019-02-12,12,0,19,192.99,192.99,0.0,1986.499735,0.0
2019-02-12,12,0,20,234.06,234.06,0.0,2409.244666,0.0
2019-02-12,12,0,21,80.53,80.53,0.0,617.236913,0.0
2019-02-12,12,0,22,286.2,286.2,0.0,2193.632242,0.0
2019-02-12,12,0,23,0.0,0.0,0.0,0.0,0.0
2019-02-12,12,0,24,0.0,0.0,0.0,0.0,0.0
2019-02-12,12,0,29,8.76,8.76,0.0,62.741054,0.0
2019-02-12,12,0,30,647.41,647.41,0.0,4953.238109,0.0
2019-02-12,12,0,31,3.54,3.54,0.0,27.084016,0.0
2019-02-12,12,0,32,6.6,6.6,0.0,98.498015,0.0
2019-02-12,12,0,33,3.19,3.19,0.0,34.783922,0.0
2019-02-12,12,0,34,5.11,5.11,0.0,55.719699,0.0
2019-02-12,12,0,35,5.11,5.11,0.0,55.719699,0.0
2019-02-12,12,0,36,12.72,12.72,0.0,116.893507,0.0
2019-02-12,12,0,37,6.09,6.09,0.0,55.734193,0.0
2019-02-12,12,0,38,7.83,7.83,0.0,71.658249,0.0
2019-02-12,12,0,39,5.22,5.22,0.0,47.772166,0.0
2019-02-12,12,0,40,5.22,5.22,0.0,47.772166,0.0
2019-02-12,12,0,41,22.38,22.38,0.0,188.436256,0.0
2019-02-12,12,0,42,48.74,48.74,0.0,495.241486,0.0
2019-02-12,12,0,43,39.9,39.9,0.0,365.605846,0.0
2019-02-12,12,0,46,33.63,33.63,0.0,301.983412,0.0
2019-02-12,12,0,52,3.75,3.75,0.0,28.690695,0.0
2019-02-12,12,0,53,5.95,5.95,0.0,45.52257,0.0
2019-02-12,12,0,55,16.37,16.37,0.0,125.470859,0.0
2019-02-12,12,0,56,190.96,190.96,0.0,1461.006703,0.0
2019-02-12,12,0,57,181.65,181.65,0.0,1389.77727,0.0
2019-02-12,12,0,58,349.32,349.32,0.0,2672.595629,0.0
2019-02-12,12,0,59,343.5,343.5,0.0,2628.06767,0.0
2019-02-12,12,0,63,28.87,28.87,0.0,432.884576,0.0
2019-02-12,12,0,64,33.96,33.96,0.0,509.205411,0.0
2019-02-12,12,0,65,41.4,41.4,0.0,425.123529,0.0
2019-02-12,12,0,67,370.64,370.64,0.0,3180.088393,0.0
2019-02-12,12,0,68,0.93,0.93,0.0,6.79896,0.0
2019-02-12,12,0,69,3.19,3.19,0.0,34.783922,0.0
2019-02-12,12,0,74,59.59,59.59,0.0,571.85798,0.0
2019-02-12,12,0,77,5.53,5.53,0.0,35.075044,0.0
2019-02-12,12,0,78,4.18,4.18,0.0,26.51242,0.0
2019-02-12,12,0,79,2.42,2.42,0.0,15.349296,0.0
2019-02-12,12,0,80,3.91,3.91,0.0,24.799896,0.0
2019-02-12,12,0,81,5.11,5.11,0.0,32.411117,0.0
2019-02-12,12,0,82,3.61,3.61,0.0,22.89709,0.0
2019-02-12,12,0,83,8.04,8.04,0.0,50.995182,0.0
2019-02-12,12,0,84,0.0,0.0,0.0,0.0,0.0
2019-02-12,12,0,86,16.18,16.18,0.0,176.427539,0.0
2019-02-12,12,0,87,82.6,82.6,0.0,900.674582,0.0
2019-02-12,12,0,88,10.96,10.96,0.0,69.51582,0.0
2019-02-12,12,0,89,10.54,10.54,0.0,66.851893,0.0
2019-02-12,12,0,90,14.15,14.15,0.0,89.748983,0.0
2019-02-12,12,0,91,50.47,50.47,0.0,320.115278,0.0
2019-02-12,12,0,92,18.15,18.15,0.0,115.119721,0.0
2019-02-12,12,0,95,120.0,120.0,0.0,1784.850958,0.0
2019-02-12,12,0,96,2.35,2.35,0.0,17.945534,0.0
2019-02-12,12,0,97,14.45,14.45,0.0,110.345943,0.0
2019-02-12,12,0,99,11.5,11.5,0.0,110.360241,0.0
2019-02-12,12,0,101,13.04,13.04,0.0,99.76711,0.0
2019-02-12,12,0,102,2.19,2.19,0.0,16.010454,0.0
2019-02-12,12,0,103,1.91,1.91,0.0,13.963455,0.0
2019-02-12,12,0,104,0.35,0.35,0.0,2.558748,0.0
2019-02-12,12,0,106,281.74,281.74,0.0,2159.447756,0.0
2019-02-12,12,0,109,60.0,60.0,0.0,530.006421,0.0
2019-02-12,12,0,110,7.75,7.75,0.0,96.618785,0.0
2019-02-12,12,0,111,21.47,21.47,0.0,180.774192,0.0
2019-02-12,12,0,113,10.5,10.5,0.0,60.825523,0.0
2019-02-12,12,0,115,10.5,10.5,0.0,60.825523,0.0
2019-02-12,12,0,116,138.85,138.85,0.0,1731.03461,0.0
2019-02-12,12,0,117,0.7,0.7,0.0,4.055035,0.0
2019-02-12,12,0,119,33.96,33.96,0.0,509.205411,0.0
2019-02-12,12,0,120,19.97,19.97,0.0,299.435573,0.0
2019-02-12,12,0,123,4.7,4.7,0.0,36.02401,0.0
2019-02-12,12,0,125,0.0,0.0,0.0,0.0,0.0
2019-02-12,12,0,126,211.31,211.31,0.0,1619.624141,0.0
2019-02-12,12,0,127,271.18,271.18,0.0,2078.508705,0.0
2019-02-12,12,0,128,0.0,0.0,0.0,0.0,0.0
2019-02-12,12,0,131,0.88,0.88,0.0,6.135117,0.0
2019-02-12,12,0,132,1.3,1.3,0.0,9.06324,0.0
2019-02-12,12,0,133,41.94,41.94,0.0,431.797262,0.0
2019-02-12,12,0,134,0.0,0.0,0.0,0.0,0.0
2019-02-12,12,0,135,56.2,56.2,0.0,578.612449,0.0
2019-02-12,12,0,136,45.9,45.9,0.0,471.270637,0.0
2019-02-12,12,0,139,28.9,28.9,0.0,243.333682,0.0
2019-02-12,12,0,140,5.74,5.74,0.0,71.560235,0.0
2019-02-12,12,0,141,0.0,0.0,0.0,0.0,0.0
2019-02-12,12,0,142,488.79,488.79,0.0,4193.814499,0.0
2019-02-12,12,0,143,0.0,0.0,0.0,0.0,0.0
2019-02-12,12,0,145,19.18,19.18,0.0,155.17503,0.0
2019-02-12,12,0,146,9.17,9.17,0.0,114.321839,0.0
2019-02-12,12,0,152,9.54,9.54,0.0,91.421927,0.0
2019-02-12,12,0,153,12.01,12.01,0.0,114.703686,0.0
2019-02-12,12,0,154,88.55,88.55,0.0,745.577768,0.0
2019-02-12,12,0,157,23.59,23.59,0.0,202.402021,0.0
2019-02-12,12,0,158,336.84,336.84,0.0,2890.084649,0.0
2019-02-12,12,0,159,0.0,0.0,0.0,0.0,0.0
2019-02-12,12,0,160,3.12,3.12,0.0,28.92267,0.0
2019-02-12,12,0,161,71.65,71.65,0.0,523.812346,0.0
2019-02-12,12,0,162,162.5,162.5,0.0,2417.798174,0.0
2019-02-12,12,0,163,20.47,20.47,0.0,255.198261,0.0
2019-02-12,12,0,164,25.77,25.77,0.0,197.162457,0.0
2019-02-12,12,0,167,7.27,7.27,0.0,108.146893,0.0
2019-02-12,12,0,168,3.64,3.64,0.0,54.147825,0.0
2019-02-12,12,0,169,0.0,0.0,0.0,0.0,0.0
2019-02-12,12,0,170,7.95,7.95,0.0,118.262421,0.0
2019-02-12,12,0,172,9.71,9.71,0.0,138.073148,0.0
2019-02-12,12,0,173,14.79,14.79,0.0,210.309151,0.0
2019-02-12,12,0,188,13.33,13.33,0.0,194.874041,0.0
2019-02-12,12,0,190,11.45,11.45,0.0,171.684392,0.0
2019-02-12,12,0,191,29.59,29.59,0.0,443.680451,0.0
2019-02-12,12,0,192,38.54,38.54,0.0,577.879168,0.0
2019-02-12,12,0,194,49.9,49.9,0.0,216.324397,0.0
2019-02-12,12,0,196,7.51,7.51,0.0,105.500443,0.0
2019-02-12,12,0,198,13.13,13.13,0.0,121.132459,0.0
2019-02-12,12,0,199,113.69,113.69,0.0,874.654217,0.0
2019-02-12,12,0,200,23.93,23.93,0.0,184.101288,0.0
2019-02-12,12,0,204,257.1,257.1,0.0,2253.015865,0.0
2019-02-12,12,0,205,317.4,317.4,0.0,2803.733967,0.0
2019-02-12,12,0,206,42.47,42.47,0.0,324.317798,0.0
2019-02-12,12,0,210,2.73,2.73,0.0,20.181411,0.0
2019-02-12,12,0,214,16.17,16.17,0.0,182.174308,0.0
2019-02-12,12,0,217,10.65,10.65,0.0,101.99504,0.0
2019-02-12,12,0,218,14.7,14.7,0.0,140.781887,0.0
2019-02-12,12,0,219,10.01,10.01,0.0,95.865761,0.0
2019-02-12,12,0,221,8.62,8.62,0.0,97.114566,0.0
2019-02-12,12,0,225,7.83,7.83,0.0,55.90609,0.0
2019-02-12,12,0,233,9.15,9.15,0.0,99.772063,0.0
2019-02-12,12,0,236,90.99,90.99,0.0,905.685451,0.0
2019-02-12,12,0,237,142.95,142.95,0.0,1371.82578,0.0
2019-02-12,12,0,238,63.44,63.44,0.0,644.606481,0.0
2019-02-12,12,0,240,14.42,14.42,0.0,132.516066,0.0
2019-02-12,12,0,245,78.0,78.0,0.0,809.929898,0.0
2019-02-12,12,0,247,171.72,171.72,0.0,1783.091822,0.0
2019-02-12,12,0,248,14.35,14.35,0.0,137.710388,0.0
2019-02-12,12,0,249,150.0,150.0,0.0,1557.557497,0.0
2019-02-12,12,0,251,326.4,326.4,0.0,3338.518873,0.0
2019-02-12,12,0,252,267.06,267.06,0.0,2742.354825,0.0
2019-02-12,12,0,254,21.17,21.17,0.0,194.550438,0.0
2019-02-12,12,0,255,9.7,9.7,0.0,89.142147,0.0
2019-02-12,12,0,258,17.83,17.83,0.0,163.776232,0.0
2019-02-12,12,0,260,7.57,7.57,0.0,70.174554,0.0
2019-02-12,12,0,265,91.68,91.68,0.0,771.9319,0.0
2019-02-12,12,0,266,18.72,18.72,0.0,157.619603,0.0
2019-02-12,12,0,267,23.0,23.0,0.0,193.656563,0.0
2019-02-12,12,0,270,63.94,63.94,0.0,797.13614,0.0
2019-02-12,12,0,272,35.08,35.08,0.0,203.215176,0.0
2019-02-12,12,0,273,33.2,33.2,0.0,413.902406,0.0
2019-02-12,12,0,274,82.42,82.42,0.0,1027.52519,0.0
2019-02-12,12,0,275,114.74,114.74,0.0,1430.456688,0.0
2019-02-12,12,0,276,7.57,7.57,0.0,87.804934,0.0
2019-02-12,12,0,277,9.28,9.28,0.0,55.803624,0.0
2019-02-12,12,0,278,14.86,14.86,0.0,89.357959,0.0
2019-02-12,12,0,279,30.25,30.25,0.0,181.902978,0.0
2019-02-12,12,0,281,1.59,1.59,0.0,12.164855,0.0
2019-02-12,12,0,282,355.14,355.14,0.0,2717.123588,0.0
2019-02-12,13,0,9,4.17,4.17,0.0,-1618.303833,0.0
2019-02-12,13,0,17,61.19,61.19,0.0,630.206318,0.0
2019-02-12,13,0,19,192.99,192.99,0.0,1987.637151,0.0
2019-02-12,13,0,20,234.06,234.06,0.0,2410.624133,0.0
2019-02-12,13,0,21,95.46,95.46,0.0,-37046.351043,0.0
2019-02-12,13,0,22,339.27,339.27,0.0,-131664.734114,0.0
2019-02-12,13,0,23,1.81,1.81,0.0,-702.429241,0.0
2019-02-12,13,0,24,3.16,3.16,0.0,-1226.340554,0.0
2019-02-12,13,0,29,10.49,10.49,0.0,52.883137,0.0
2019-02-12,13,0,30,775.92,775.92,0.0,-775920.0,0.0
2019-02-12,13,0,31,2.47,2.47,0.0,-2470.0,0.0
2019-02-12,13,0,32,7.51,7.51,0.0,206.815993,0.0
2019-02-12,13,0,33,3.83,3.83,0.0,53.307044,0.0
2019-02-12,13,0,34,6.12,6.12,0.0,85.179924,0.0
2019-02-12,13,0,35,6.12,6.12,0.0,85.179924,0.0
2019-02-12,13,0,36,15.29,15.29,0.0,75.775751,0.0
2019-02-12,13,0,37,7.31,7.31,0.0,36.210468,0.0
2019-02-12,13,0,38,9.4,9.4,0.0,46.563393,0.0
2019-02-12,13,0,39,6.26,6.26,0.0,31.009238,0.0
2019-02-12,13,0,40,6.26,6.26,0.0,31.009238,0.0
2019-02-12,13,0,41,14.99,14.99,0.0,-117.398452,0.0
2019-02-12,13,0,42,55.62,55.62,0.0,529.206175,0.0
2019-02-12,13,0,43,45.73,45.73,0.0,253.434783,0.0
2019-02-12,13,0,46,38.4,38.4,0.0,165.256699,0.0
2019-02-12,13,0,52,2.62,2.62,0.0,-2620.0,0.0
2019-02-12,13,0,53,4.16,4.16,0.0,-4160.0,0.0
2019-02-12,13,0,55,19.74,19.74,0.0,-7660.747639,0.0
2019-02-12,13,0,56,228.87,228.87,0.0,-228870.0,0.0
2019-02-12,13,0,57,217.7,217.7,0.0,-217700.0,0.0
2019-02-12,13,0,58,418.66,418.66,0.0,-418660.0,0.0
2019-02-12,13,0,59,411.68,411.68,0.0,-411680.0,0.0
2019-02-12,13,0,63,27.66,27.66,0.0,752.051059,0.0
2019-02-12,13,0,64,32.54,32.54,0.0,884.733965,0.0
2019-02-12,13,0,65,41.4,41.4,0.0,420.352494,0.0
2019-02-12,13,0,67,444.08,444.08,0.0,6453.682175,0.0
2019-02-12,13,0,68,1.02,1.02,0.0,10.812601,0.0
2019-02-12,13,0,69,3.83,3.83,0.0,53.307044,0.0
2019-02-12,13,0,74,76.22,76.22,0.0,439.254161,0.0
2019-02-12,13,0,77,4.28,4.28,0.0,147.014935,0.0
2019-02-12,13,0,78,3.24,3.24,0.0,111.29168,0.0
2019-02-12,13,0,79,1.87,1.87,0.0,64.233161,0.0
2019-02-12,13,0,80,3.03,3.03,0.0,104.07833,0.0
2019-02-12,13,0,81,3.96,3.96,0.0,136.023164,0.0
2019-02-12,13,0,82,2.8,2.8,0.0,96.177995,0.0
2019-02-12,13,0,83,6.23,6.23,0.0,213.996038,0.0
2019-02-12,13,0,84,0.0,0.0,0.0,0.0,0.0
2019-02-12,13,0,86,19.38,19.38,0.0,269.736427,0.0
2019-02-12,13,0,87,98.95,98.95,0.0,1377.214624,0.0
2019-02-12,13,0,88,9.66,9.66,0.0,331.814082,0.0
2019-02-12,13,0,89,9.29,9.29,0.0,319.104847,0.0
2019-02-12,13,0,90,12.47,12.47,0.0,428.335569,0.0
2019-02-12,13,0,91,44.49,44.49,0.0,1528.199637,0.0
2019-02-12,13,0,92,16.0,16.0,0.0,549.588541,0.0
2019-02-12,13,0,95,120.0,120.0,0.0,3049.643213,0.0
2019-02-12,13,0,96,2.04,2.04,0.0,89.66569,0.0
2019-02-12,13,0,97,12.52,12.52,0.0,550.301195,0.0
2019-02-12,13,0,99,14.71,14.71,0.0,84.773402,0.0
2019-02-12,13,0,101,15.63,15.63,0.0,-15630.0,0.0
2019-02-12,13,0,102,2.41,2.41,0.0,25.547419,0.0
2019-02-12,13,0,103,2.09,2.09,0.0,22.155231,0.0
2019-02-12,13,0,104,0.39,0.39,0.0,4.13423,0.0
2019-02-12,13,0,106,333.98,333.98,0.0,-129611.777933,0.0
2019-02-12,13,0,109,60.0,60.0,0.0,184.805278,0.0
2019-02-12,13,0,110,0.0,0.0,0.0,0.0,0.0
2019-02-12,13,0,111,25.24,25.24,0.0,-197.674245,0.0
2019-02-12,13,0,113,11.0,11.0,0.0,345.242486,0.0
2019-02-12,13,0,115,11.0,11.0,0.0,345.242486,0.0
2019-02-12,13,0,116,160.13,160.13,0.0,4255.307704,0.0
2019-02-12,13,0,117,0.73,0.73,0.0,22.911547,0.0
2019-02-12,13,0,119,32.54,32.54,0.0,884.733965,0.0
2019-02-12,13,0,120,19.13,19.13,0.0,520.127866,0.0
2019-02-12,13,0,123,5.57,5.57,0.0,-2161.619268,0.0
2019-02-12,13,0,125,2.87,2.87,0.0,-1113.796643,0.0
2019-02-12,13,0,126,250.49,250.49,0.0,-97210.773862,0.0
2019-02-12,13,0,127,321.46,321.46,0.0,-124752.985611,0.0
2019-02-12,13,0,128,4.05,4.05,0.0,-1571.733938,0.0
2019-02-12,13,0,131,0.74,0.74,0.0,26.576504,0.0
2019-02-12,13,0,132,1.09,1.09,0.0,39.146472,0.0
2019-02-12,13,0,133,41.94,41.94,0.0,432.523097,0.0
2019-02-12,13,0,134,0.0,0.0,0.0,0.0,0.0
2019-02-12,13,0,135,56.2,56.2,0.0,579.585075,0.0
2019-02-12,13,0,136,45.9,45.9,0.0,465.67577,0.0
2019-02-12,13,0,139,19.35,19.35,0.0,-151.545033,0.0
2019-02-12,13,0,140,0.0,0.0,0.0,0.0,0.0
2019-02-12,13,0,141,11.86,11.86,0.0,172.357842,0.0
2019-02-12,13,0,142,585.63,585.63,0.0,8510.786102,0.0
2019-02-12,13,0,143,0.0,0.0,0.0,-0.0,0.0
2019-02-12,13,0,145,37.08,37.08,0.0,-15.233759,0.0
2019-02-12,13,0,146,15.18,15.18,0.0,403.39456,0.0
2019-02-12,13,0,152,11.38,11.38,0.0,72.159079,0.0
2019-02-12,13,0,153,14.19,14.19,0.0,87.49066,0.0
2019-02-12,13,0,154,104.12,104.12,0.0,-815.44542,0.0
2019-02-12,13,0,157,16.43,16.43,0.0,238.772289,0.0
2019-02-12,13,0,158,420.32,420.32,0.0,6108.385183,0.0
2019-02-12,13,0,159,0.0,0.0,0.0,0.0,0.0
2019-02-12,13,0,160,3.62,3.62,0.0,26.416671,0.0
2019-02-12,13,0,161,83.78,83.78,0.0,888.117333,0.0
2019-02-12,13,0,162,162.5,162.5,0.0,4130.433113,0.0
2019-02-12,13,0,163,14.96,14.96,0.0,397.548262,0.0
2019-02-12,13,0,164,31.09,31.09,0.0,-31090.0,0.0
2019-02-12,13,0,167,8.35,8.35,0.0,211.573678,0.0
2019-02-12,13,0,168,4.18,4.18,0.0,105.91353,0.0
2019-02-12,13,0,169,0.0,0.0,0.0,0.0,0.0
2019-02-12,13,0,170,9.14,9.14,0.0,231.590828,0.0
2019-02-12,13,0,172,11.12,11.12,0.0,288.003988,0.0
2019-02-12,13,0,173,16.95,16.95,0.0,438.998884,0.0
2019-02-12,13,0,188,15.2,15.2,0.0,409.033106,0.0
2019-02-12,13,0,190,13.16,13.16,0.0,357.808819,0.0
2019-02-12,13,0,191,33.99,33.99,0.0,924.158189,0.0
2019-02-12,13,0,192,50.15,50.15,0.0,1363.534368,0.0
2019-02-12,13,0,194,40.64,40.64,0.0,1188.920114,0.0
2019-02-12,13,0,196,8.58,8.58,0.0,231.536786,0.0
2019-02-12,13,0,198,15.39,15.39,0.0,148.31308,0.0
2019-02-12,13,0,199,73.53,73.53,0.0,1463.286016,0.0
2019-02-12,13,0,200,27.32,27.32,0.0,543.682496,0.0
2019-02-12,13,0,204,257.1,257.1,0.0,730.907501,0.0
2019-02-12,13,0,205,317.4,317.4,0.0,977.619923,0.0
2019-02-12,13,0,206,36.8,36.8,0.0,1617.498721,0.0
2019-02-12,13,0,210,3.22,3.22,0.0,19.52455,0.0
2019-02-12,13,0,214,19.7,19.7,0.0,316.173453,0.0
2019-02-12,13,0,217,12.62,12.62,0.0,147.949565,0.0
2019-02-12,13,0,218,17.42,17.42,0.0,204.221983,0.0
2019-02-12,13,0,219,11.86,11.86,0.0,139.039766,0.0
2019-02-12,13,0,221,10.5,10.5,0.0,168.518845,0.0
2019-02-12,13,0,225,9.4,9.4,0.0,46.46016,0.0
2019-02-12,13,0,233,10.97,10.97,0.0,152.683622,0.0
2019-02-12,13,0,236,227.28,227.28,0.0,1897.726314,0.0
2019-02-12,13,0,237,182.84,182.84,0.0,1053.702845,0.0
2019-02-12,13,0,238,72.39,72.39,0.0,688.76726,0.0
2019-02-12,13,0,240,17.32,17.32,0.0,85.836234,0.0
2019-02-12,13,0,245,78.0,78.0,0.0,845.13492,0.0
2019-02-12,13,0,247,171.72,171.72,0.0,1860.597031,0.0
2019-02-12,13,0,248,18.35,18.35,0.0,105.750641,0.0
2019-02-12,13,0,249,150.0,150.0,0.0,1625.259461,0.0
2019-02-12,13,0,251,326.4,326.4,0.0,3235.987604,0.0
2019-02-12,13,0,252,267.06,267.06,0.0,2711.578191,0.0
2019-02-12,13,0,254,24.96,24.96,0.0,149.322787,0.0
2019-02-12,13,0,255,11.44,11.44,0.0,68.439611,0.0
2019-02-12,13,0,258,21.34,21.34,0.0,107.77893,0.0
2019-02-12,13,0,260,8.78,8.78,0.0,64.071374,0.0
2019-02-12,13,0,265,107.8,107.8,0.0,-844.266387,0.0
2019-02-12,13,0,266,12.53,12.53,0.0,-98.132262,0.0
2019-02-12,13,0,267,15.4,15.4,0.0,-120.609484,0.0
2019-02-12,13,0,270,46.56,46.56,0.0,1237.289244,0.0
2019-02-12,13,0,272,36.77,36.77,0.0,1154.051473,0.0
2019-02-12,13,0,273,38.29,38.29,0.0,1017.521589,0.0
2019-02-12,13,0,274,60.0,60.0,0.0,1594.444902,0.0
2019-02-12,13,0,275,83.48,83.48,0.0,2218.404341,0.0
2019-02-12,13,0,276,8.52,8.52,0.0,203.504424,0.0
2019-02-12,13,0,277,10.74,10.74,0.0,349.843009,0.0
2019-02-12,13,0,278,17.19,17.19,0.0,559.944257,0.0
2019-02-12,13,0,279,50.94,50.94,0.0,1659.311253,0.0
2019-02-12,13,0,281,1.11,1.11,0.0,-1110.0,0.0
2019-02-12,13,0,282,425.64,425.64,0.0,-425640.0,0.0
2019-02-12,14,0,9,4.39,4.39,0.0,-1700.81168,0.0
2019-02-12,14,0,17,63.4,63.4,0.0,775.906873,0.0
2019-02-12,14,0,19,192.99,192.99,0.0,2361.865418,0.0
2019-02-12,14,0,20,234.06,234.06,0.0,2864.491527,0.0
2019-02-12,14,0,21,100.3,100.3,0.0,-38859.091452,0.0
2019-02-12,14,0,22,356.47,356.47,0.0,-138106.68325,0.0
2019-02-12,14,0,23,0.0,0.0,0.0,-0.0,0.0
2019-02-12,14,0,24,0.0,0.0,0.0,-0.0,0.0
2019-02-12,14,0,29,10.41,10.41,0.0,61.221482,0.0
2019-02-12,14,0,30,833.27,833.27,0.0,-833270.0,0.0
2019-02-12,14,0,31,0.0,0.0,0.0,-0.0,0.0
2019-02-12,14,0,32,7.55,7.55,0.0,214.934399,0.0
2019-02-12,14,0,33,3.92,3.92,0.0,62.971131,0.0
2019-02-12,14,0,34,6.27,6.27,0.0,100.721682,0.0
2019-02-12,14,0,35,6.27,6.27,0.0,100.721682,0.0
2019-02-12,14,0,36,15.77,15.77,0.0,102.831245,0.0
2019-02-12,14,0,37,7.53,7.53,0.0,48.985422,0.0
2019-02-12,14,0,38,9.68,9.68,0.0,62.971964,0.0
2019-02-12,14,0,39,6.45,6.45,0.0,41.959625,0.0
2019-02-12,14,0,40,6.45,6.45,0.0,41.959625,0.0
2019-02-12,14,0,41,10.01,10.01,0.0,-65.350287,0.0
2019-02-12,14,0,42,58.95,58.95,0.0,672.559526,0.0
2019-02-12,14,0,43,46.38,46.38,0.0,329.11794,0.0
2019-02-12,14,0,46,39.47,39.47,0.0,228.857393,0.0
2019-02-12,14,0,52,0.0,0.0,0.0,-0.0,0.0
2019-02-12,14,0,53,0.0,0.0,0.0,-0.0,0.0
2019-02-12,14,0,55,19.76,19.76,0.0,-7655.589702,0.0
2019-02-12,14,0,56,245.78,245.78,0.0,-245780.0,0.0
2019-02-12,14,0,57,233.79,233.79,0.0,-233790.0,0.0
2019-02-12,14,0,58,449.6,449.6,0.0,-449600.0,0.0
2019-02-12,14,0,59,442.11,442.11,0.0,-442110.0,0.0
2019-02-12,14,0,63,17.31,17.31,0.0,470.643667,0.0
2019-02-12,14,0,64,20.36,20.36,0.0,553.570483,0.0
2019-02-12,14,0,65,41.4,41.4,0.0,500.287,0.0
2019-02-12,14,0,67,461.66,461.66,0.0,6257.494595,0.0
2019-02-12,14,0,68,0.0,0.0,0.0,0.0,0.0
2019-02-12,14,0,69,3.92,3.92,0.0,62.971131,0.0
2019-02-12,14,0,74,54.22,54.22,0.0,404.818341,0.0
2019-02-12,14,0,77,1.69,1.69,0.0,59.187412,0.0
2019-02-12,14,0,78,1.28,1.28,0.0,44.828336,0.0
2019-02-12,14,0,79,0.74,0.74,0.0,25.916382,0.0
2019-02-12,14,0,80,1.2,1.2,0.0,42.026565,0.0
2019-02-12,14,0,81,1.57,1.57,0.0,54.984756,0.0
2019-02-12,14,0,82,1.11,1.11,0.0,38.874573,0.0
2019-02-12,14,0,83,2.47,2.47,0.0,86.50468,0.0
2019-02-12,14,0,84,0.0,0.0,0.0,0.0,0.0
2019-02-12,14,0,86,19.85,19.85,0.0,318.871671,0.0
2019-02-12,14,0,87,101.34,101.34,0.0,1627.93225,0.0
2019-02-12,14,0,88,4.91,4.91,0.0,171.958695,0.0
2019-02-12,14,0,89,4.72,4.72,0.0,165.304489,0.0
2019-02-12,14,0,90,6.34,6.34,0.0,222.040352,0.0
2019-02-12,14,0,91,22.61,22.61,0.0,791.850528,0.0
2019-02-12,14,0,92,8.13,8.13,0.0,284.729978,0.0
2019-02-12,14,0,95,120.0,120.0,0.0,2691.568394,0.0
2019-02-12,14,0,96,1.38,1.38,0.0,62.178468,0.0
2019-02-12,14,0,97,9.23,9.23,0.0,415.874824,0.0
2019-02-12,14,0,99,10.47,10.47,0.0,78.171303,0.0
2019-02-12,14,0,101,16.79,16.79,0.0,-16790.0,0.0
2019-02-12,14,0,102,0.0,0.0,0.0,0.0,0.0
2019-02-12,14,0,103,0.0,0.0,0.0,0.0,0.0
2019-02-12,14,0,104,0.0,0.0,0.0,0.0,0.0
2019-02-12,14,0,106,350.91,350.91,0.0,-135952.580075,0.0
2019-02-12,14,0,109,59.3,59.3,0.0,268.514322,0.0
2019-02-12,14,0,110,0.0,0.0,0.0,0.0,0.0
2019-02-12,14,0,111,27.06,27.06,0.0,-176.661215,0.0
2019-02-12,14,0,113,5.63,5.63,0.0,179.564373,0.0
2019-02-12,14,0,115,5.63,5.63,0.0,179.564373,0.0
2019-02-12,14,0,116,163.34,163.34,0.0,4346.481209,0.0
2019-02-12,14,0,117,0.38,0.38,0.0,12.119798,0.0
2019-02-12,14,0,119,20.36,20.36,0.0,553.570483,0.0
2019-02-12,14,0,120,11.97,11.97,0.0,325.453766,0.0
2019-02-12,14,0,123,5.85,5.85,0.0,-2266.457478,0.0
2019-02-12,14,0,125,0.0,0.0,0.0,-0.0,0.0
2019-02-12,14,0,126,263.18,263.18,0.0,-101963.466484,0.0
2019-02-12,14,0,127,337.75,337.75,0.0,-130854.019322,0.0
2019-02-12,14,0,128,0.0,0.0,0.0,-0.0,0.0
2019-02-12,14,0,131,0.0,0.0,0.0,0.0,0.0
2019-02-12,14,0,132,0.0,0.0,0.0,0.0,0.0
2019-02-12,14,0,133,41.94,41.94,0.0,513.882129,0.0
2019-02-12,14,0,134,0.0,0.0,0.0,0.0,0.0
2019-02-12,14,0,135,56.2,56.2,0.0,688.606954,0.0
2019-02-12,14,0,136,45.9,45.9,0.0,554.27784,0.0
2019-02-12,14,0,139,12.93,12.93,0.0,-84.413507,0.0
2019-02-12,14,0,140,0.0,0.0,0.0,0.0,0.0
2019-02-12,14,0,141,10.81,10.81,0.0,146.522368,0.0
2019-02-12,14,0,142,608.82,608.82,0.0,8252.150629,0.0
2019-02-12,14,0,143,0.0,0.0,0.0,-0.0,0.0
2019-02-12,14,0,145,18.38,18.38,0.0,14.565616,0.0
2019-02-12,14,0,146,20.91,20.91,0.0,556.415588,0.0
2019-02-12,14,0,152,12.0,12.0,0.0,96.476498,0.0
2019-02-12,14,0,153,15.01,15.01,0.0,117.881952,0.0
2019-02-12,14,0,154,111.61,111.61,0.0,-728.645906,0.0
2019-02-12,14,0,157,22.89,22.89,0.0,310.258743,0.0
2019-02-12,14,0,158,448.95,448.95,0.0,6085.218989,0.0
2019-02-12,14,0,159,0.0,0.0,0.0,0.0,0.0
2019-02-12,14,0,160,3.67,3.67,0.0,32.602566,0.0
2019-02-12,14,0,161,87.1,87.1,0.0,809.246151,0.0
2019-02-12,14,0,162,122.77,122.77,0.0,2754.077262,0.0
2019-02-12,14,0,163,6.71,6.71,0.0,178.553256,0.0
2019-02-12,14,0,164,33.34,33.34,0.0,-33340.0,0.0
2019-02-12,14,0,167,8.55,8.55,0.0,189.931519,0.0
2019-02-12,14,0,168,4.28,4.28,0.0,95.07683,0.0
2019-02-12,14,0,169,0.0,0.0,0.0,0.0,0.0
2019-02-12,14,0,170,9.36,9.36,0.0,207.925031,0.0
2019-02-12,14,0,172,11.34,11.34,0.0,287.240176,0.0
2019-02-12,14,0,173,17.28,17.28,0.0,437.699315,0.0
2019-02-12,14,0,188,15.28,15.28,0.0,410.824057,0.0
2019-02-12,14,0,190,13.29,13.29,0.0,361.343405,0.0
2019-02-12,14,0,191,34.34,34.34,0.0,933.674381,0.0
2019-02-12,14,0,192,20.38,20.38,0.0,554.114266,0.0
2019-02-12,14,0,194,28.84,28.84,0.0,855.527983,0.0
2019-02-12,14,0,196,8.69,8.69,0.0,235.015889,0.0
2019-02-12,14,0,198,15.98,15.98,0.0,178.956456,0.0
2019-02-12,14,0,199,130.0,130.0,0.0,2738.91386,0.0
2019-02-12,14,0,200,27.82,27.82,0.0,586.127566,0.0
2019-02-12,14,0,204,257.1,257.1,0.0,1097.17235,0.0
2019-02-12,14,0,205,313.71,313.71,0.0,1420.499631,0.0
2019-02-12,14,0,206,32.66,32.66,0.0,1471.557068,0.0
2019-02-12,14,0,210,3.21,3.21,0.0,22.412577,0.0
2019-02-12,14,0,214,19.75,19.75,0.0,361.77505,0.0
2019-02-12,14,0,217,12.82,12.82,0.0,171.827994,0.0
2019-02-12,14,0,218,17.69,17.69,0.0,237.101187,0.0
2019-02-12,14,0,219,12.05,12.05,0.0,161.507592,0.0
2019-02-12,14,0,221,10.53,10.53,0.0,192.885634,0.0
2019-02-12,14,0,225,9.47,9.47,0.0,54.686324,0.0
2019-02-12,14,0,233,11.23,11.23,0.0,180.399439,0.0
2019-02-12,14,0,236,95.14,95.14,0.0,967.948876,0.0
2019-02-12,14,0,237,130.07,130.07,0.0,971.130978,0.0
2019-02-12,14,0,238,76.73,76.73,0.0,875.411237,0.0
2019-02-12,14,0,240,17.88,17.88,0.0,116.589896,0.0
2019-02-12,14,0,245,78.0,78.0,0.0,998.77222,0.0
2019-02-12,14,0,247,171.72,171.72,0.0,2198.835457,0.0
2019-02-12,14,0,248,13.06,13.06,0.0,97.508807,0.0
2019-02-12,14,0,249,150.0,150.0,0.0,1920.715808,0.0
2019-02-12,14,0,251,326.4,326.4,0.0,3861.736242,0.0
2019-02-12,14,0,252,267.06,267.06,0.0,3227.213679,0.0
2019-02-12,14,0,254,25.3,25.3,0.0,190.879482,0.0
2019-02-12,14,0,255,11.6,11.6,0.0,87.517865,0.0
2019-02-12,14,0,258,21.94,21.94,0.0,145.102918,0.0
2019-02-12,14,0,260,8.9,8.9,0.0,79.063445,0.0
2019-02-12,14,0,265,115.56,115.56,0.0,-754.433481,0.0
2019-02-12,14,0,266,8.37,8.37,0.0,-54.643547,0.0
2019-02-12,14,0,267,10.29,10.29,0.0,-67.178267,0.0
2019-02-12,14,0,270,23.32,23.32,0.0,620.545744,0.0
2019-02-12,14,0,272,18.82,18.82,0.0,600.248934,0.0
2019-02-12,14,0,273,39.06,39.06,0.0,1039.387511,0.0
2019-02-12,14,0,274,31.1,31.1,0.0,827.571725,0.0
2019-02-12,14,0,275,45.24,45.24,0.0,1203.837455,0.0
2019-02-12,14,0,276,8.77,8.77,0.0,207.804833,0.0
2019-02-12,14,0,277,11.06,11.06,0.0,366.619573,0.0
2019-02-12,14,0,278,17.7,17.7,0.0,586.72391,0.0
2019-02-12,14,0,279,14.73,14.73,0.0,488.273627,0.0
2019-02-12,14,0,281,0.0,0.0,0.0,-0.0,0.0
2019-02-12,14,0,282,457.1,457.1,0.0,-457100.0,0.0
2019-02-12,15,0,9,4.22,4.22,0.0,-1636.273798,0.0
2019-02-12,15,0,17,60.78,60.78,0.0,695.948353,0.0
2019-02-12,15,0,19,192.99,192.99,0.0,2209.790599,0.0
2019-02-12,15,0,20,234.06,234.06,0.0,2680.053825,0.0
2019-02-12,15,0,21,96.49,96.49,0.0,-37413.284069,0.0
2019-02-12,15,0,22,342.91,342.91,0.0,-132960.817081,0.0
2019-02-12,15,0,23,0.0,0.0,0.0,-0.0,0.0
2019-02-12,15,0,24,0.0,0.0,0.0,-0.0,0.0
2019-02-12,15,0,29,9.86,9.86,0.0,51.471253,0.0
2019-02-12,15,0,30,803.28,803.28,0.0,-803280.0,0.0
2019-02-12,15,0,31,0.0,0.0,0.0,-0.0,0.0
2019-02-12,15,0,32,7.26,7.26,0.0,196.101607,0.0
2019-02-12,15,0,33,3.83,3.83,0.0,58.286966,0.0
2019-02-12,15,0,34,6.13,6.13,0.0,93.289582,0.0
2019-02-12,15,0,35,6.13,6.13,0.0,93.289582,0.0
2019-02-12,15,0,36,15.4,15.4,0.0,89.774905,0.0
2019-02-12,15,0,37,7.33,7.33,0.0,42.635925,0.0
2019-02-12,15,0,38,9.43,9.43,0.0,54.850856,0.0
2019-02-12,15,0,39,6.29,6.29,0.0,36.586626,0.0
2019-02-12,15,0,40,6.29,6.29,0.0,36.586626,0.0
2019-02-12,15,0,41,10.92,10.92,0.0,-77.748753,0.0
2019-02-12,15,0,42,57.2,57.2,0.0,608.234052,0.0
2019-02-12,15,0,43,45.34,45.34,0.0,290.172673,0.0
2019-02-12,15,0,46,38.16,38.16,0.0,195.676832,0.0
2019-02-12,15,0,52,0.0,0.0,0.0,-0.0,0.0
2019-02-12,15,0,53,0.0,0.0,0.0,-0.0,0.0
2019-02-12,15,0,55,22.33,22.33,0.0,-8658.292396,0.0
2019-02-12,15,0,56,236.94,236.94,0.0,-236940.0,0.0
2019-02-12,15,0,57,225.38,225.38,0.0,-225380.0,0.0
2019-02-12,15,0,58,433.42,433.42,0.0,-433420.0,0.0
2019-02-12,15,0,59,426.2,426.2,0.0,-426200.0,0.0
2019-02-12,15,0,63,10.41,10.41,0.0,283.038739,0.0
2019-02-12,15,0,64,12.24,12.24,0.0,332.794829,0.0
2019-02-12,15,0,65,41.4,41.4,0.0,467.760004,0.0
2019-02-12,15,0,67,446.31,446.31,0.0,6046.966699,0.0
2019-02-12,15,0,68,0.0,0.0,0.0,0.0,0.0
2019-02-12,15,0,69,3.83,3.83,0.0,58.286966,0.0
2019-02-12,15,0,74,36.95,36.95,0.0,249.228996,0.0
2019-02-12,15,0,77,0.0,0.0,0.0,0.0,0.0
2019-02-12,15,0,78,0.0,0.0,0.0,0.0,0.0
2019-02-12,15,0,79,0.0,0.0,0.0,0.0,0.0
2019-02-12,15,0,80,0.0,0.0,0.0,0.0,0.0
2019-02-12,15,0,81,0.0,0.0,0.0,0.0,0.0
2019-02-12,15,0,82,0.0,0.0,0.0,0.0,0.0
2019-02-12,15,0,83,0.0,0.0,0.0,0.0,0.0
2019-02-12,15,0,84,0.0,0.0,0.0,0.0,0.0
2019-02-12,15,0,86,19.42,19.42,0.0,295.543831,0.0
2019-02-12,15,0,87,99.14,99.14,0.0,1508.764952,0.0
2019-02-12,15,0,88,2.05,2.05,0.0,71.016506,0.0
2019-02-12,15,0,89,1.97,1.97,0.0,68.24513,0.0
2019-02-12,15,0,90,2.65,2.65,0.0,91.801825,0.0
2019-02-12,15,0,91,9.45,9.45,0.0,327.368771,0.0
2019-02-12,15,0,92,3.4,3.4,0.0,117.783473,0.0
2019-02-12,15,0,95,86.69,86.69,0.0,2337.805106,0.0
2019-02-12,15,0,96,0.81,0.81,0.0,36.065655,0.0
2019-02-12,15,0,97,4.95,4.95,0.0,220.401224,0.0
2019-02-12,15,0,99,7.13,7.13,0.0,48.09209,0.0
2019-02-12,15,0,101,16.18,16.18,0.0,-16180.0,0.0
2019-02-12,15,0,102,0.0,0.0,0.0,0.0,0.0
2019-02-12,15,0,103,0.0,0.0,0.0,0.0,0.0
2019-02-12,15,0,104,0.0,0.0,0.0,0.0,0.0
2019-02-12,15,0,106,337.56,337.56,0.0,-130886.394138,0.0
2019-02-12,15,0,109,54.66,54.66,0.0,212.125393,0.0
2019-02-12,15,0,110,0.0,0.0,0.0,0.0,0.0
2019-02-12,15,0,111,26.06,26.06,0.0,-185.54327,0.0
2019-02-12,15,0,113,2.38,2.38,0.0,75.106332,0.0
2019-02-12,15,0,115,2.38,2.38,0.0,75.106332,0.0
2019-02-12,15,0,116,156.69,156.69,0.0,4147.646205,0.0
2019-02-12,15,0,117,0.16,0.16,0.0,5.049165,0.0
2019-02-12,15,0,119,12.24,12.24,0.0,332.794829,0.0
2019-02-12,15,0,120,7.2,7.2,0.0,195.761664,0.0
2019-02-12,15,0,123,5.63,5.63,0.0,-2182.990873,0.0
2019-02-12,15,0,125,0.0,0.0,0.0,-0.0,0.0
2019-02-12,15,0,126,253.17,253.17,0.0,-98164.795604,0.0
2019-02-12,15,0,127,324.91,324.91,0.0,-125981.45017,0.0
2019-02-12,15,0,128,0.0,0.0,0.0,-0.0,0.0
2019-02-12,15,0,131,0.0,0.0,0.0,0.0,0.0
2019-02-12,15,0,132,0.0,0.0,0.0,0.0,0.0
2019-02-12,15,0,133,41.94,41.94,0.0,480.824536,0.0
2019-02-12,15,0,134,0.0,0.0,0.0,0.0,0.0
2019-02-12,15,0,135,56.2,56.2,0.0,644.309465,0.0
2019-02-12,15,0,136,45.9,45.9,0.0,518.221139,0.0
2019-02-12,15,0,139,14.2,14.2,0.0,-101.101859,0.0
2019-02-12,15,0,140,0.0,0.0,0.0,0.0,0.0
2019-02-12,15,0,141,11.17,11.17,0.0,151.34014,0.0
2019-02-12,15,0,142,588.57,588.57,0.0,7974.419552,0.0
2019-02-12,15,0,143,0.0,0.0,0.0,-0.0,0.0
2019-02-12,15,0,145,8.63,8.63,0.0,2.001613,0.0
2019-02-12,15,0,146,27.74,27.74,0.0,734.28876,0.0
2019-02-12,15,0,152,11.61,11.61,0.0,84.960968,0.0
2019-02-12,15,0,153,14.55,14.55,0.0,103.810828,0.0
2019-02-12,15,0,154,107.48,107.48,0.0,-765.241393,0.0
2019-02-12,15,0,157,33.62,33.62,0.0,455.510789,0.0
2019-02-12,15,0,158,430.43,430.43,0.0,5831.811692,0.0
2019-02-12,15,0,159,0.0,0.0,0.0,0.0,0.0
2019-02-12,15,0,160,3.5,3.5,0.0,28.56171,0.0
2019-02-12,15,0,161,83.4,83.4,0.0,778.060129,0.0
2019-02-12,15,0,162,89.34,89.34,0.0,2409.80326,0.0
2019-02-12,15,0,163,0.0,0.0,0.0,0.0,0.0
2019-02-12,15,0,164,31.51,31.51,0.0,-31510.0,0.0
2019-02-12,15,0,167,8.08,8.08,0.0,217.887242,0.0
2019-02-12,15,0,168,4.04,4.04,0.0,108.943621,0.0
2019-02-12,15,0,169,0.0,0.0,0.0,0.0,0.0
2019-02-12,15,0,170,8.84,8.84,0.0,238.381586,0.0
2019-02-12,15,0,172,10.84,10.84,0.0,282.092501,0.0
2019-02-12,15,0,173,16.52,16.52,0.0,429.904807,0.0
2019-02-12,15,0,188,14.77,14.77,0.0,396.852919,0.0
2019-02-12,15,0,190,12.52,12.52,0.0,340.407782,0.0
2019-02-12,15,0,191,32.35,32.35,0.0,879.568032,0.0
2019-02-12,15,0,192,0.0,0.0,0.0,0.0,0.0
2019-02-12,15,0,194,19.9,19.9,0.0,583.874515,0.0
2019-02-12,15,0,196,8.26,8.26,0.0,222.40456,0.0
2019-02-12,15,0,198,15.43,15.43,0.0,161.131427,0.0
2019-02-12,15,0,199,130.0,130.0,0.0,2648.579339,0.0
2019-02-12,15,0,200,26.85,26.85,0.0,547.033502,0.0
2019-02-12,15,0,204,257.1,257.1,0.0,932.598529,0.0
2019-02-12,15,0,205,289.17,289.17,0.0,1122.215513,0.0
2019-02-12,15,0,206,14.56,14.56,0.0,648.291277,0.0
2019-02-12,15,0,210,3.08,3.08,0.0,19.415319,0.0
2019-02-12,15,0,214,19.25,19.25,0.0,335.683679,0.0
2019-02-12,15,0,217,12.33,12.33,0.0,155.493524,0.0
2019-02-12,15,0,218,17.01,17.01,0.0,214.512963,0.0
2019-02-12,15,0,219,11.59,11.59,0.0,146.16139,0.0
2019-02-12,15,0,221,10.26,10.26,0.0,178.915042,0.0
2019-02-12,15,0,225,8.88,8.88,0.0,45.426302,0.0
2019-02-12,15,0,233,10.99,10.99,0.0,167.251632,0.0
2019-02-12,15,0,236,89.59,89.59,0.0,843.737392,0.0
2019-02-12,15,0,237,88.64,88.64,0.0,597.879789,0.0
2019-02-12,15,0,238,74.45,74.45,0.0,791.661279,0.0
2019-02-12,15,0,240,17.45,17.45,0.0,101.725461,0.0
2019-02-12,15,0,245,78.0,78.0,0.0,936.644157,0.0
2019-02-12,15,0,247,171.72,171.72,0.0,2062.058137,0.0
2019-02-12,15,0,248,8.9,8.9,0.0,60.0308,0.0
2019-02-12,15,0,249,150.0,150.0,0.0,1801.238764,0.0
2019-02-12,15,0,251,326.4,326.4,0.0,3606.533199,0.0
2019-02-12,15,0,252,267.06,267.06,0.0,3017.390984,0.0
2019-02-12,15,0,254,25.11,25.11,0.0,171.795437,0.0
2019-02-12,15,0,255,11.51,11.51,0.0,78.748127,0.0
2019-02-12,15,0,258,21.29,21.29,0.0,126.072173,0.0
2019-02-12,15,0,260,8.5,8.5,0.0,69.364152,0.0
2019-02-12,15,0,265,111.28,111.28,0.0,-792.296819,0.0
2019-02-12,15,0,266,9.08,9.08,0.0,-64.648231,0.0
2019-02-12,15,0,267,11.23,11.23,0.0,-79.955907,0.0
2019-02-12,15,0,270,0.0,0.0,0.0,0.0,0.0
2019-02-12,15,0,272,7.97,7.97,0.0,251.511541,0.0
2019-02-12,15,0,273,37.47,37.47,0.0,991.845704,0.0
2019-02-12,15,0,274,0.0,0.0,0.0,0.0,0.0
2019-02-12,15,0,275,0.0,0.0,0.0,0.0,0.0
2019-02-12,15,0,276,8.46,8.46,0.0,199.531439,0.0
2019-02-12,15,0,277,10.55,10.55,0.0,345.97749,0.0
2019-02-12,15,0,278,16.89,16.89,0.0,553.891925,0.0
2019-02-12,15,0,279,0.0,0.0,0.0,0.0,0.0
2019-02-12,15,0,281,0.0,0.0,0.0,-0.0,0.0
2019-02-12,15,0,282,440.65,440.65,0.0,-440650.0,0.0
2019-02-12,16,0,9,3.54,3.54,0.0,-111.319391,0.0
2019-02-12,16,0,17,53.3,53.3,0.0,497.095408,0.0
2019-02-12,16,0,19,332.0,332.0,0.0,3096.354138,0.0
2019-02-12,16,0,20,419.03,419.03,0.0,3908.027935,0.0
2019-02-12,16,0,21,81.03,81.03,0.0,-2548.08199,0.0
2019-02-12,16,0,22,287.98,287.98,0.0,-9055.863894,0.0
2019-02-12,16,0,23,0.72,0.72,0.0,-22.641232,0.0
2019-02-12,16,0,24,1.28,1.28,0.0,-40.251079,0.0
2019-02-12,16,0,29,8.31,8.31,0.0,84.538699,0.0
2019-02-12,16,0,30,695.92,695.92,0.0,-64904.089135,0.0
2019-02-12,16,0,31,0.0,0.0,0.0,-0.0,0.0
2019-02-12,16,0,32,5.92,5.92,0.0,93.431104,0.0
2019-02-12,16,0,33,3.3,3.3,0.0,32.148811,0.0
2019-02-12,16,0,34,5.27,5.27,0.0,51.340677,0.0
2019-02-12,16,0,35,5.27,5.27,0.0,51.340677,0.0
2019-02-12,16,0,36,13.23,13.23,0.0,115.923636,0.0
2019-02-12,16,0,37,6.3,6.3,0.0,55.247823,0.0
2019-02-12,16,0,38,8.1,8.1,0.0,71.032915,0.0
2019-02-12,16,0,39,5.4,5.4,0.0,47.355276,0.0
2019-02-12,16,0,40,5.4,5.4,0.0,47.355276,0.0
2019-02-12,16,0,41,9.4,9.4,0.0,67.426842,0.0
2019-02-12,16,0,42,54.43,54.43,0.0,502.729609,0.0
2019-02-12,16,0,43,39.21,39.21,0.0,348.657632,0.0
2019-02-12,16,0,46,32.9,32.9,0.0,285.143094,0.0
2019-02-12,16,0,52,0.0,0.0,0.0,-0.0,0.0
2019-02-12,16,0,53,0.0,0.0,0.0,-0.0,0.0
2019-02-12,16,0,55,27.86,27.86,0.0,-876.089895,0.0
2019-02-12,16,0,56,205.27,205.27,0.0,-19144.244133,0.0
2019-02-12,16,0,57,195.26,195.26,0.0,-18210.674279,0.0
2019-02-12,16,0,58,375.5,375.5,0.0,-35020.52746,0.0
2019-02-12,16,0,59,369.24,369.24,0.0,-34436.696563,0.0
2019-02-12,16,0,63,6.17,6.17,0.0,97.836166,0.0
2019-02-12,16,0,64,7.26,7.26,0.0,115.120027,0.0
2019-02-12,16,0,65,41.4,41.4,0.0,385.418648,0.0
2019-02-12,16,0,67,376.22,376.22,0.0,4548.279526,0.0
2019-02-12,16,0,68,0.0,0.0,0.0,0.0,0.0
2019-02-12,16,0,69,3.3,3.3,0.0,32.148811,0.0
2019-02-12,16,0,74,14.96,14.96,0.0,131.666427,0.0
2019-02-12,16,0,77,0.0,0.0,0.0,0.0,0.0
2019-02-12,16,0,78,0.0,0.0,0.0,0.0,0.0
2019-02-12,16,0,79,0.0,0.0,0.0,0.0,0.0
2019-02-12,16,0,80,0.0,0.0,0.0,0.0,0.0
2019-02-12,16,0,81,0.0,0.0,0.0,0.0,0.0
2019-02-12,16,0,82,0.0,0.0,0.0,0.0,0.0
2019-02-12,16,0,83,0.0,0.0,0.0,0.0,0.0
2019-02-12,16,0,84,0.0,0.0,0.0,0.0,0.0
2019-02-12,16,0,86,16.7,16.7,0.0,162.692466,0.0
2019-02-12,16,0,87,85.27,85.27,0.0,830.705785,0.0
2019-02-12,16,0,88,0.0,0.0,0.0,0.0,0.0
2019-02-12,16,0,89,0.0,0.0,0.0,0.0,0.0
2019-02-12,16,0,90,0.0,0.0,0.0,0.0,0.0
2019-02-12,16,0,91,0.0,0.0,0.0,0.0,0.0
2019-02-12,16,0,92,0.0,0.0,0.0,0.0,0.0
2019-02-12,16,0,95,62.89,62.89,0.0,990.521156,0.0
2019-02-12,16,0,96,0.0,0.0,0.0,0.0,0.0
2019-02-12,16,0,97,0.0,0.0,0.0,0.0,0.0
2019-02-12,16,0,99,3.28,3.28,0.0,28.86804,0.0
2019-02-12,16,0,101,14.02,14.02,0.0,-1307.557377,0.0
2019-02-12,16,0,102,0.0,0.0,0.0,0.0,0.0
2019-02-12,16,0,103,0.0,0.0,0.0,0.0,0.0
2019-02-12,16,0,104,0.0,0.0,0.0,0.0,0.0
2019-02-12,16,0,106,283.5,283.5,0.0,-8914.985117,0.0
2019-02-12,16,0,109,50.09,50.09,0.0,422.627424,0.0
2019-02-12,16,0,110,21.41,21.41,0.0,307.54508,0.0
2019-02-12,16,0,111,22.21,22.21,0.0,159.313848,0.0
2019-02-12,16,0,113,0.0,0.0,0.0,0.0,0.0
2019-02-12,16,0,115,0.0,0.0,0.0,0.0,0.0
2019-02-12,16,0,116,130.75,130.75,0.0,1878.165305,0.0
2019-02-12,16,0,117,0.0,0.0,0.0,0.0,0.0
2019-02-12,16,0,119,7.26,7.26,0.0,115.120027,0.0
2019-02-12,16,0,120,4.27,4.27,0.0,67.708335,0.0
2019-02-12,16,0,123,4.72,4.72,0.0,-148.425855,0.0
2019-02-12,16,0,125,1.16,1.16,0.0,-36.477541,0.0
2019-02-12,16,0,126,212.62,212.62,0.0,-6686.081607,0.0
2019-02-12,16,0,127,272.86,272.86,0.0,-8580.398021,0.0
2019-02-12,16,0,128,1.66,1.66,0.0,-52.200618,0.0
2019-02-12,16,0,131,0.0,0.0,0.0,0.0,0.0
2019-02-12,16,0,132,0.0,0.0,0.0,0.0,0.0
2019-02-12,16,0,133,50.5,50.5,0.0,471.061219,0.0
2019-02-12,16,0,134,0.0,0.0,0.0,0.0,0.0
2019-02-12,16,0,135,64.2,64.2,0.0,598.854064,0.0
2019-02-12,16,0,136,45.9,45.9,0.0,427.269801,0.0
2019-02-12,16,0,139,12.24,12.24,0.0,87.798356,0.0
2019-02-12,16,0,140,15.85,15.85,0.0,227.678165,0.0
2019-02-12,16,0,141,13.18,13.18,0.0,159.338483,0.0
2019-02-12,16,0,142,496.14,496.14,0.0,5998.042114,0.0
2019-02-12,16,0,143,4.91,4.91,0.0,-457.924873,0.0
2019-02-12,16,0,145,7.53,7.53,0.0,59.105279,0.0
2019-02-12,16,0,146,36.27,36.27,0.0,521.002337,0.0
2019-02-12,16,0,152,9.97,9.97,0.0,88.476097,0.0
2019-02-12,16,0,153,12.36,12.36,0.0,109.438801,0.0
2019-02-12,16,0,154,91.6,91.6,0.0,657.053059,0.0
2019-02-12,16,0,157,50.16,50.16,0.0,606.405032,0.0
2019-02-12,16,0,158,373.26,373.26,0.0,4512.494859,0.0
2019-02-12,16,0,159,0.0,0.0,0.0,0.0,0.0
2019-02-12,16,0,160,3.04,3.04,0.0,28.097543,0.0
2019-02-12,16,0,161,70.11,70.11,0.0,795.500871,0.0
2019-02-12,16,0,162,66.09,66.09,0.0,1041.16041,0.0
2019-02-12,16,0,163,0.0,0.0,0.0,0.0,0.0
2019-02-12,16,0,164,26.77,26.77,0.0,-2496.669827,0.0
2019-02-12,16,0,167,6.83,6.83,0.0,107.576705,0.0
2019-02-12,16,0,168,3.41,3.41,0.0,53.709599,0.0
2019-02-12,16,0,169,0.0,0.0,0.0,0.0,0.0
2019-02-12,16,0,170,7.47,7.47,0.0,117.657099,0.0
2019-02-12,16,0,172,8.86,8.86,0.0,135.484341,0.0
2019-02-12,16,0,173,13.51,13.51,0.0,206.590682,0.0
2019-02-12,16,0,188,11.94,11.94,0.0,186.075816,0.0
2019-02-12,16,0,190,10.37,10.37,0.0,164.434528,0.0
2019-02-12,16,0,191,26.8,26.8,0.0,424.96098,0.0
2019-02-12,16,0,192,0.0,0.0,0.0,0.0,0.0
2019-02-12,16,0,194,13.17,13.17,0.0,123.553801,0.0
2019-02-12,16,0,196,7.08,7.08,0.0,108.371992,0.0
2019-02-12,16,0,198,12.91,12.91,0.0,127.025667,0.0
2019-02-12,16,0,199,118.91,118.91,0.0,1296.456365,0.0
2019-02-12,16,0,200,22.06,22.06,0.0,240.516587,0.0
2019-02-12,16,0,204,235.82,235.82,0.0,1981.235135,0.0
2019-02-12,16,0,205,264.97,264.97,0.0,2235.647603,0.0
2019-02-12,16,0,206,0.0,0.0,0.0,0.0,0.0
2019-02-12,16,0,210,2.66,2.66,0.0,27.280167,0.0
2019-02-12,16,0,214,15.62,15.62,0.0,155.992242,0.0
2019-02-12,16,0,217,10.23,10.23,0.0,103.417028,0.0
2019-02-12,16,0,218,14.12,14.12,0.0,142.741782,0.0
2019-02-12,16,0,219,9.62,9.62,0.0,97.250421,0.0
2019-02-12,16,0,221,8.33,8.33,0.0,83.189204,0.0
2019-02-12,16,0,225,7.49,7.49,0.0,76.137005,0.0
2019-02-12,16,0,233,9.45,9.45,0.0,92.062503,0.0
2019-02-12,16,0,236,65.41,65.41,0.0,595.432786,0.0
2019-02-12,16,0,237,34.22,34.22,0.0,301.178151,0.0
2019-02-12,16,0,238,70.85,70.85,0.0,654.388991,0.0
2019-02-12,16,0,240,14.99,14.99,0.0,131.345072,0.0
2019-02-12,16,0,245,78.0,78.0,0.0,732.257838,0.0
2019-02-12,16,0,247,160.03,160.03,0.0,1502.348997,0.0
2019-02-12,16,0,248,4.03,4.03,0.0,35.468964,0.0
2019-02-12,16,0,249,150.0,150.0,0.0,1408.188149,0.0
2019-02-12,16,0,251,326.4,326.4,0.0,3029.692788,0.0
2019-02-12,16,0,252,267.06,267.06,0.0,2486.22957,0.0
2019-02-12,16,0,254,21.35,21.35,0.0,191.72354,0.0
2019-02-12,16,0,255,9.78,9.78,0.0,87.824648,0.0
2019-02-12,16,0,258,18.36,18.36,0.0,161.258747,0.0
2019-02-12,16,0,260,7.38,7.38,0.0,68.210481,0.0
2019-02-12,16,0,265,94.84,94.84,0.0,680.2938,0.0
2019-02-12,16,0,266,7.8,7.8,0.0,55.949933,0.0
2019-02-12,16,0,267,9.67,9.67,0.0,69.363571,0.0
2019-02-12,16,0,270,0.0,0.0,0.0,0.0,0.0
2019-02-12,16,0,272,0.0,0.0,0.0,0.0,0.0
2019-02-12,16,0,273,31.27,31.27,0.0,449.179572,0.0
2019-02-12,16,0,274,0.0,0.0,0.0,0.0,0.0
2019-02-12,16,0,275,0.0,0.0,0.0,0.0,0.0
2019-02-12,16,0,276,7.22,7.22,0.0,100.044382,0.0
2019-02-12,16,0,277,9.02,9.02,0.0,95.130958,0.0
2019-02-12,16,0,278,14.43,14.43,0.0,152.18844,0.0
2019-02-12,16,0,279,0.0,0.0,0.0,0.0,0.0
2019-02-12,16,0,281,0.0,0.0,0.0,-0.0,0.0
2019-02-12,16,0,282,381.75,381.75,0.0,-35603.42572,0.0
2019-02-12,17,0,9,2.61,2.61,0.0,20.440204,0.0
2019-02-12,17,0,17,39.56,39.56,0.0,353.478571,0.0
2019-02-12,17,0,19,284.63,284.63,0.0,2543.240787,0.0
2019-02-12,17,0,20,342.76,342.76,0.0,3062.646988,0.0
2019-02-12,17,0,21,59.58,59.58,0.0,466.600527,0.0
2019-02-12,17,0,22,211.75,211.75,0.0,1658.319262,0.0
2019-02-12,17,0,23,1.21,1.21,0.0,9.47611,0.0
2019-02-12,17,0,24,2.15,2.15,0.0,16.837716,0.0
2019-02-12,17,0,29,5.92,5.92,0.0,56.506121,0.0
2019-02-12,17,0,30,508.24,508.24,0.0,3130.317026,0.0
2019-02-12,17,0,31,0.0,0.0,0.0,0.0,0.0
2019-02-12,17,0,32,4.06,4.06,0.0,69.937644,0.0
2019-02-12,17,0,33,2.41,2.41,0.0,22.252268,0.0
2019-02-12,17,0,34,3.86,3.86,0.0,35.640562,0.0
2019-02-12,17,0,35,3.86,3.86,0.0,35.640562,0.0
2019-02-12,17,0,36,9.56,9.56,0.0,81.089309,0.0
2019-02-12,17,0,37,4.59,4.59,0.0,38.911036,0.0
2019-02-12,17,0,38,5.91,5.91,0.0,50.101138,0.0
2019-02-12,17,0,39,3.94,3.94,0.0,33.400759,0.0
2019-02-12,17,0,40,3.94,3.94,0.0,33.400759,0.0
2019-02-12,17,0,41,0.91,0.91,0.0,7.107111,0.0
2019-02-12,17,0,42,39.75,39.75,0.0,352.608113,0.0
2019-02-12,17,0,43,28.39,28.39,0.0,243.136708,0.0
2019-02-12,17,0,46,23.83,23.83,0.0,199.283729,0.0
2019-02-12,17,0,52,0.0,0.0,0.0,0.0,0.0
2019-02-12,17,0,53,0.0,0.0,0.0,0.0,0.0
2019-02-12,17,0,55,32.53,32.53,0.0,254.758562,0.0
2019-02-12,17,0,56,149.91,149.91,0.0,923.315413,0.0
2019-02-12,17,0,57,142.6,142.6,0.0,878.292161,0.0
2019-02-12,17,0,58,274.23,274.23,0.0,1689.018649,0.0
2019-02-12,17,0,59,269.66,269.66,0.0,1660.871417,0.0
2019-02-12,17,0,63,3.17,3.17,0.0,54.780012,0.0
2019-02-12,17,0,64,3.73,3.73,0.0,64.457238,0.0
2019-02-12,17,0,65,41.4,41.4,0.0,369.422566,0.0
2019-02-12,17,0,67,275.18,275.18,0.0,2490.126866,0.0
2019-02-12,17,0,68,0.0,0.0,0.0,0.0,0.0
2019-02-12,17,0,69,2.41,2.41,0.0,22.252268,0.0
2019-02-12,17,0,74,7.71,7.71,0.0,66.175012,0.0
2019-02-12,17,0,77,0.0,0.0,0.0,0.0,0.0
2019-02-12,17,0,78,0.0,0.0,0.0,0.0,0.0
2019-02-12,17,0,79,0.0,0.0,0.0,0.0,0.0
2019-02-12,17,0,80,0.0,0.0,0.0,0.0,0.0
2019-02-12,17,0,81,0.0,0.0,0.0,0.0,0.0
2019-02-12,17,0,82,0.0,0.0,0.0,0.0,0.0
2019-02-12,17,0,83,0.0,0.0,0.0,0.0,0.0
2019-02-12,17,0,84,0.0,0.0,0.0,0.0,0.0
2019-02-12,17,0,86,12.23,12.23,0.0,112.923334,0.0
2019-02-12,17,0,87,62.43,62.43,0.0,576.435302,0.0
2019-02-12,17,0,88,0.0,0.0,0.0,0.0,0.0
2019-02-12,17,0,89,0.0,0.0,0.0,0.0,0.0
2019-02-12,17,0,90,0.0,0.0,0.0,0.0,0.0
2019-02-12,17,0,91,0.0,0.0,0.0,0.0,0.0
2019-02-12,17,0,92,0.0,0.0,0.0,0.0,0.0
2019-02-12,17,0,95,37.19,37.19,0.0,638.350023,0.0
2019-02-12,17,0,96,0.0,0.0,0.0,0.0,0.0
2019-02-12,17,0,97,0.0,0.0,0.0,0.0,0.0
2019-02-12,17,0,99,1.57,1.57,0.0,13.475327,0.0
2019-02-12,17,0,101,10.24,10.24,0.0,63.069507,0.0
2019-02-12,17,0,102,0.0,0.0,0.0,0.0,0.0
2019-02-12,17,0,103,0.0,0.0,0.0,0.0,0.0
2019-02-12,17,0,104,0.0,0.0,0.0,0.0,0.0
2019-02-12,17,0,106,208.45,208.45,0.0,1632.475326,0.0
2019-02-12,17,0,109,20.33,20.33,0.0,166.051997,0.0
2019-02-12,17,0,110,28.03,28.03,0.0,393.701133,0.0
2019-02-12,17,0,111,16.94,16.94,0.0,132.301613,0.0
2019-02-12,17,0,113,0.0,0.0,0.0,0.0,0.0
2019-02-12,17,0,115,0.0,0.0,0.0,0.0,0.0
2019-02-12,17,0,116,95.31,95.31,0.0,1338.696218,0.0
2019-02-12,17,0,117,0.0,0.0,0.0,0.0,0.0
2019-02-12,17,0,119,3.73,3.73,0.0,64.457238,0.0
2019-02-12,17,0,120,2.2,2.2,0.0,38.017674,0.0
2019-02-12,17,0,123,3.47,3.47,0.0,27.175291,0.0
2019-02-12,17,0,125,1.94,1.94,0.0,15.193102,0.0
2019-02-12,17,0,126,156.34,156.34,0.0,1224.376073,0.0
2019-02-12,17,0,127,200.63,200.63,0.0,1571.233027,0.0
2019-02-12,17,0,128,2.8,2.8,0.0,21.928189,0.0
2019-02-12,17,0,131,0.0,0.0,0.0,0.0,0.0
2019-02-12,17,0,132,0.0,0.0,0.0,0.0,0.0
2019-02-12,17,0,133,104.11,104.11,0.0,930.366811,0.0
2019-02-12,17,0,134,0.0,0.0,0.0,0.0,0.0
2019-02-12,17,0,135,136.3,136.3,0.0,1218.028972,0.0
2019-02-12,17,0,136,45.9,45.9,0.0,409.546951,0.0
2019-02-12,17,0,139,1.17,1.17,0.0,9.137715,0.0
2019-02-12,17,0,140,20.75,20.75,0.0,291.448395,0.0
2019-02-12,17,0,141,20.87,20.87,0.0,188.854378,0.0
2019-02-12,17,0,142,362.9,362.9,0.0,3283.912492,0.0
2019-02-12,17,0,143,5.74,5.74,0.0,35.353415,0.0
2019-02-12,17,0,145,2.03,2.03,0.0,15.37424,0.0
2019-02-12,17,0,146,44.29,44.29,0.0,622.084309,0.0
2019-02-12,17,0,152,7.31,7.31,0.0,62.837931,0.0
2019-02-12,17,0,153,9.03,9.03,0.0,77.485296,0.0
2019-02-12,17,0,154,69.89,69.89,0.0,545.841778,0.0
2019-02-12,17,0,157,47.08,47.08,0.0,426.030863,0.0
2019-02-12,17,0,158,279.03,279.03,0.0,2524.965838,0.0
2019-02-12,17,0,159,0.0,0.0,0.0,0.0,0.0
2019-02-12,17,0,160,2.22,2.22,0.0,19.606519,0.0
2019-02-12,17,0,161,50.75,50.75,0.0,376.434914,0.0
2019-02-12,17,0,162,32.34,32.34,0.0,555.285847,0.0
2019-02-12,17,0,163,0.0,0.0,0.0,0.0,0.0
2019-02-12,17,0,164,19.77,19.77,0.0,121.766031,0.0
2019-02-12,17,0,167,4.73,4.73,0.0,81.203805,0.0
2019-02-12,17,0,168,2.37,2.37,0.0,40.687742,0.0
2019-02-12,17,0,169,0.0,0.0,0.0,0.0,0.0
2019-02-12,17,0,170,5.18,5.18,0.0,88.929325,0.0
2019-02-12,17,0,172,6.16,6.16,0.0,101.052547,0.0
2019-02-12,17,0,173,9.39,9.39,0.0,154.039515,0.0
2019-02-12,17,0,188,8.14,8.14,0.0,137.202593,0.0
2019-02-12,17,0,190,7.37,7.37,0.0,127.359207,0.0
2019-02-12,17,0,191,19.05,19.05,0.0,329.198494,0.0
2019-02-12,17,0,192,0.0,0.0,0.0,0.0,0.0
2019-02-12,17,0,194,3.79,3.79,0.0,14.521613,0.0
2019-02-12,17,0,196,5.16,5.16,0.0,82.870389,0.0
2019-02-12,17,0,198,9.26,9.26,0.0,85.994189,0.0
2019-02-12,17,0,199,66.15,66.15,0.0,570.488232,0.0
2019-02-12,17,0,200,15.71,15.71,0.0,135.485565,0.0
2019-02-12,17,0,204,97.13,97.13,0.0,789.193991,0.0
2019-02-12,17,0,205,107.54,107.54,0.0,878.368509,0.0
2019-02-12,17,0,206,0.0,0.0,0.0,0.0,0.0
2019-02-12,17,0,210,1.9,1.9,0.0,18.250615,0.0
2019-02-12,17,0,214,11.09,11.09,0.0,104.352318,0.0
2019-02-12,17,0,217,7.2,7.2,0.0,68.386063,0.0
2019-02-12,17,0,218,9.93,9.93,0.0,94.315779,0.0
2019-02-12,17,0,219,6.77,6.77,0.0,64.301896,0.0
2019-02-12,17,0,221,5.91,5.91,0.0,55.610658,0.0
2019-02-12,17,0,225,5.38,5.38,0.0,51.320343,0.0
2019-02-12,17,0,233,6.92,6.92,0.0,63.894478,0.0
2019-02-12,17,0,236,41.34,41.34,0.0,362.610349,0.0
2019-02-12,17,0,237,19.06,19.06,0.0,163.592182,0.0
2019-02-12,17,0,238,51.74,51.74,0.0,458.967139,0.0
2019-02-12,17,0,240,10.84,10.84,0.0,91.946455,0.0
2019-02-12,17,0,245,66.54,66.54,0.0,597.48832,0.0
2019-02-12,17,0,247,102.24,102.24,0.0,918.052387,0.0
2019-02-12,17,0,248,1.94,1.94,0.0,16.651041,0.0
2019-02-12,17,0,249,127.97,127.97,0.0,1149.091979,0.0
2019-02-12,17,0,251,326.4,326.4,0.0,2906.117306,0.0
2019-02-12,17,0,252,267.06,267.06,0.0,2383.043248,0.0
2019-02-12,17,0,254,15.29,15.29,0.0,131.972838,0.0
2019-02-12,17,0,255,7.01,7.01,0.0,60.505532,0.0
2019-02-12,17,0,258,13.32,13.32,0.0,113.158628,0.0
2019-02-12,17,0,260,5.39,5.39,0.0,47.603214,0.0
2019-02-12,17,0,265,72.36,72.36,0.0,565.132509,0.0
2019-02-12,17,0,266,0.76,0.76,0.0,5.93561,0.0
2019-02-12,17,0,267,0.93,0.93,0.0,7.263312,0.0
2019-02-12,17,0,270,0.0,0.0,0.0,0.0,0.0
2019-02-12,17,0,272,0.0,0.0,0.0,0.0,0.0
2019-02-12,17,0,273,22.79,22.79,0.0,320.101635,0.0
2019-02-12,17,0,274,0.0,0.0,0.0,0.0,0.0
2019-02-12,17,0,275,0.0,0.0,0.0,0.0,0.0
2019-02-12,17,0,276,5.22,5.22,0.0,67.494942,0.0
2019-02-12,17,0,277,6.64,6.64,0.0,38.465014,0.0
2019-02-12,17,0,278,10.63,10.63,0.0,61.57878,0.0
2019-02-12,17,0,279,0.0,0.0,0.0,0.0,0.0
2019-02-12,17,0,281,0.0,0.0,0.0,0.0,0.0
2019-02-12,17,0,282,278.8,278.8,0.0,1717.16588,0.0
2019-02-12,18,0,9,1.63,1.63,0.0,15.420345,0.0
2019-02-12,18,0,17,23.23,23.23,0.0,238.019067,0.0
2019-02-12,18,0,19,299.11,299.11,0.0,3064.738837,0.0
2019-02-12,18,0,20,364.22,364.22,0.0,3731.868474,0.0
2019-02-12,18,0,21,37.18,37.18,0.0,351.73523,0.0
2019-02-12,18,0,22,132.14,132.14,0.0,1250.088577,0.0
2019-02-12,18,0,23,3.23,3.23,0.0,30.55688,0.0
2019-02-12,18,0,24,5.73,5.73,0.0,54.207716,0.0
2019-02-12,18,0,29,3.2,3.2,0.0,30.579861,0.0
2019-02-12,18,0,30,320.07,320.07,0.0,3026.590903,0.0
2019-02-12,18,0,31,0.0,0.0,0.0,0.0,0.0
2019-02-12,18,0,32,2.25,2.25,0.0,57.339612,0.0
2019-02-12,18,0,33,1.41,1.41,0.0,14.691995,0.0
2019-02-12,18,0,34,2.25,2.25,0.0,23.444673,0.0
2019-02-12,18,0,35,2.25,2.25,0.0,23.444673,0.0
2019-02-12,18,0,36,5.66,5.66,0.0,56.263351,0.0
2019-02-12,18,0,37,2.72,2.72,0.0,27.012397,0.0
2019-02-12,18,0,38,3.5,3.5,0.0,34.758598,0.0
2019-02-12,18,0,39,2.33,2.33,0.0,23.139296,0.0
2019-02-12,18,0,40,2.33,2.33,0.0,23.139296,0.0
2019-02-12,18,0,41,0.0,0.0,0.0,0.0,0.0
2019-02-12,18,0,42,24.39,24.39,0.0,248.986521,0.0
2019-02-12,18,0,43,16.64,16.64,0.0,165.432549,0.0
2019-02-12,18,0,46,14.02,14.02,0.0,138.507613,0.0
2019-02-12,18,0,52,0.0,0.0,0.0,0.0,0.0
2019-02-12,18,0,53,0.0,0.0,0.0,0.0,0.0
2019-02-12,18,0,55,33.97,33.97,0.0,321.367557,0.0
2019-02-12,18,0,56,94.41,94.41,0.0,892.74361,0.0
2019-02-12,18,0,57,89.8,89.8,0.0,849.15132,0.0
2019-02-12,18,0,58,172.7,172.7,0.0,1633.056047,0.0
2019-02-12,18,0,59,169.82,169.82,0.0,1605.822686,0.0
2019-02-12,18,0,63,0.0,0.0,0.0,0.0,0.0
2019-02-12,18,0,64,0.0,0.0,0.0,0.0,0.0
2019-02-12,18,0,65,39.07,39.07,0.0,400.045559,0.0
2019-02-12,18,0,67,171.65,171.65,0.0,2293.104296,0.0
2019-02-12,18,0,68,0.0,0.0,0.0,0.0,0.0
2019-02-12,18,0,69,1.41,1.41,0.0,14.691995,0.0
2019-02-12,18,0,74,4.09,4.09,0.0,41.091803,0.0
2019-02-12,18,0,77,0.0,0.0,0.0,0.0,0.0
2019-02-12,18,0,78,0.0,0.0,0.0,0.0,0.0
2019-02-12,18,0,79,0.0,0.0,0.0,0.0,0.0
2019-02-12,18,0,80,0.0,0.0,0.0,0.0,0.0
2019-02-12,18,0,81,0.0,0.0,0.0,0.0,0.0
2019-02-12,18,0,82,0.0,0.0,0.0,0.0,0.0
2019-02-12,18,0,83,0.0,0.0,0.0,0.0,0.0
2019-02-12,18,0,84,0.0,0.0,0.0,0.0,0.0
2019-02-12,18,0,86,7.12,7.12,0.0,74.189365,0.0
2019-02-12,18,0,87,36.36,36.36,0.0,378.865914,0.0
2019-02-12,18,0,88,0.0,0.0,0.0,0.0,0.0
2019-02-12,18,0,89,0.0,0.0,0.0,0.0,0.0
2019-02-12,18,0,90,0.0,0.0,0.0,0.0,0.0
2019-02-12,18,0,91,0.0,0.0,0.0,0.0,0.0
2019-02-12,18,0,92,0.0,0.0,0.0,0.0,0.0
2019-02-12,18,0,95,19.68,19.68,0.0,500.141487,0.0
2019-02-12,18,0,96,0.0,0.0,0.0,0.0,0.0
2019-02-12,18,0,97,0.0,0.0,0.0,0.0,0.0
2019-02-12,18,0,99,0.79,0.79,0.0,7.937048,0.0
2019-02-12,18,0,101,6.45,6.45,0.0,60.991381,0.0
2019-02-12,18,0,102,0.0,0.0,0.0,0.0,0.0
2019-02-12,18,0,103,0.0,0.0,0.0,0.0,0.0
2019-02-12,18,0,104,0.0,0.0,0.0,0.0,0.0
2019-02-12,18,0,106,130.08,130.08,0.0,1230.600288,0.0
2019-02-12,18,0,109,7.97,7.97,0.0,78.314942,0.0
2019-02-12,18,0,110,37.96,37.96,0.0,782.332924,0.0
2019-02-12,18,0,111,10.47,10.47,0.0,101.484955,0.0
2019-02-12,18,0,113,0.0,0.0,0.0,0.0,0.0
2019-02-12,18,0,115,0.0,0.0,0.0,0.0,0.0
2019-02-12,18,0,116,56.97,56.97,0.0,1174.117668,0.0
2019-02-12,18,0,117,0.0,0.0,0.0,0.0,0.0
2019-02-12,18,0,119,0.0,0.0,0.0,0.0,0.0
2019-02-12,18,0,120,0.0,0.0,0.0,0.0,0.0
2019-02-12,18,0,123,2.17,2.17,0.0,20.528925,0.0
2019-02-12,18,0,125,5.18,5.18,0.0,49.004532,0.0
2019-02-12,18,0,126,97.56,97.56,0.0,922.950216,0.0
2019-02-12,18,0,127,125.2,125.2,0.0,1184.433857,0.0
2019-02-12,18,0,128,7.44,7.44,0.0,70.384887,0.0
2019-02-12,18,0,131,0.0,0.0,0.0,0.0,0.0
2019-02-12,18,0,132,0.0,0.0,0.0,0.0,0.0
2019-02-12,18,0,133,87.66,87.66,0.0,898.239045,0.0
2019-02-12,18,0,134,0.0,0.0,0.0,0.0,0.0
2019-02-12,18,0,135,117.46,117.46,0.0,1203.595235,0.0
2019-02-12,18,0,136,45.9,45.9,0.0,469.961677,0.0
2019-02-12,18,0,139,0.0,0.0,0.0,0.0,0.0
2019-02-12,18,0,140,28.09,28.09,0.0,578.91812,0.0
2019-02-12,18,0,141,31.01,31.01,0.0,414.268361,0.0
2019-02-12,18,0,142,226.36,226.36,0.0,3023.985369,0.0
2019-02-12,18,0,143,6.21,6.21,0.0,58.721934,0.0
2019-02-12,18,0,145,0.0,0.0,0.0,0.0,0.0
2019-02-12,18,0,146,53.93,53.93,0.0,1111.465084,0.0
2019-02-12,18,0,152,4.38,4.38,0.0,43.996994,0.0
2019-02-12,18,0,153,5.39,5.39,0.0,54.093131,0.0
2019-02-12,18,0,154,43.19,43.19,0.0,418.637556,0.0
2019-02-12,18,0,157,44.23,44.23,0.0,590.876802,0.0
2019-02-12,18,0,158,175.63,175.63,0.0,2346.273857,0.0
2019-02-12,18,0,159,0.0,0.0,0.0,0.0,0.0
2019-02-12,18,0,160,1.29,1.29,0.0,12.890245,0.0
2019-02-12,18,0,161,31.13,31.13,0.0,342.169372,0.0
2019-02-12,18,0,162,12.57,12.57,0.0,319.496729,0.0
2019-02-12,18,0,163,0.0,0.0,0.0,0.0,0.0
2019-02-12,18,0,164,12.32,12.32,0.0,116.498266,0.0
2019-02-12,18,0,167,2.59,2.59,0.0,65.844448,0.0
2019-02-12,18,0,168,1.29,1.29,0.0,32.795111,0.0
2019-02-12,18,0,169,0.0,0.0,0.0,0.0,0.0
2019-02-12,18,0,170,2.83,2.83,0.0,71.945863,0.0
2019-02-12,18,0,172,3.39,3.39,0.0,84.184239,0.0
2019-02-12,18,0,173,5.17,5.17,0.0,128.387173,0.0
2019-02-12,18,0,188,4.53,4.53,0.0,113.520149,0.0
2019-02-12,18,0,190,4.28,4.28,0.0,108.470681,0.0
2019-02-12,18,0,191,11.07,11.07,0.0,280.55384,0.0
2019-02-12,18,0,192,0.0,0.0,0.0,0.0,0.0
2019-02-12,18,0,194,0.0,0.0,0.0,0.0,0.0
2019-02-12,18,0,196,3.04,3.04,0.0,71.449384,0.0
2019-02-12,18,0,198,5.28,5.28,0.0,52.928791,0.0
2019-02-12,18,0,199,34.07,34.07,0.0,305.935038,0.0
2019-02-12,18,0,200,8.87,8.87,0.0,79.649069,0.0
2019-02-12,18,0,204,38.1,38.1,0.0,373.589022,0.0
2019-02-12,18,0,205,42.14,42.14,0.0,414.076746,0.0
2019-02-12,18,0,206,0.0,0.0,0.0,0.0,0.0
2019-02-12,18,0,210,1.03,1.03,0.0,9.905326,0.0
2019-02-12,18,0,214,6.2,6.2,0.0,65.241231,0.0
2019-02-12,18,0,217,3.96,3.96,0.0,40.106911,0.0
2019-02-12,18,0,218,5.47,5.47,0.0,55.400203,0.0
2019-02-12,18,0,219,3.72,3.72,0.0,37.676189,0.0
2019-02-12,18,0,221,3.31,3.31,0.0,34.830399,0.0
2019-02-12,18,0,225,2.92,2.92,0.0,27.88703,0.0
2019-02-12,18,0,233,4.03,4.03,0.0,41.992014,0.0
2019-02-12,18,0,236,25.98,25.98,0.0,263.692306,0.0
2019-02-12,18,0,237,9.81,9.81,0.0,98.560046,0.0
2019-02-12,18,0,238,31.74,31.74,0.0,324.019359,0.0
2019-02-12,18,0,240,6.42,6.42,0.0,63.818147,0.0
2019-02-12,18,0,245,43.76,43.76,0.0,449.498678,0.0
2019-02-12,18,0,247,62.51,62.51,0.0,642.096946,0.0
2019-02-12,18,0,248,0.98,0.98,0.0,9.845958,0.0
2019-02-12,18,0,249,84.15,84.15,0.0,864.381028,0.0
2019-02-12,18,0,251,284.08,284.08,0.0,2905.490533,0.0
2019-02-12,18,0,252,252.05,252.05,0.0,2580.790458,0.0
2019-02-12,18,0,254,8.89,8.89,0.0,88.495965,0.0
2019-02-12,18,0,255,4.08,4.08,0.0,40.614571,0.0
2019-02-12,18,0,258,7.88,7.88,0.0,78.333012,0.0
2019-02-12,18,0,260,3.13,3.13,0.0,31.276332,0.0
2019-02-12,18,0,265,44.72,44.72,0.0,433.467735,0.0
2019-02-12,18,0,266,0.0,0.0,0.0,0.0,0.0
2019-02-12,18,0,267,0.0,0.0,0.0,0.0,0.0
2019-02-12,18,0,270,0.0,0.0,0.0,0.0,0.0
2019-02-12,18,0,272,0.0,0.0,0.0,0.0,0.0
2019-02-12,18,0,273,13.62,13.62,0.0,280.700064,0.0
2019-02-12,18,0,274,0.0,0.0,0.0,0.0,0.0
2019-02-12,18,0,275,0.0,0.0,0.0,0.0,0.0
2019-02-12,18,0,276,3.13,3.13,0.0,59.440523,0.0
2019-02-12,18,0,277,4.0,4.0,0.0,34.819952,0.0
2019-02-12,18,0,278,6.4,6.4,0.0,55.711924,0.0
2019-02-12,18,0,279,0.0,0.0,0.0,0.0,0.0
2019-02-12,18,0,281,0.0,0.0,0.0,0.0,0.0
2019-02-12,18,0,282,175.58,175.58,0.0,1660.289408,0.0
2019-02-12,19,0,9,0.25,0.25,0.0,4.942177,0.0
2019-02-12,19,0,17,1.88,1.88,0.0,24.488816,0.0
2019-02-12,19,0,19,404.67,404.67,0.0,5271.217703,0.0
2019-02-12,19,0,20,491.87,491.87,0.0,6407.081947,0.0
2019-02-12,19,0,21,5.7,5.7,0.0,112.681644,0.0
2019-02-12,19,0,22,20.24,20.24,0.0,400.11868,0.0
2019-02-12,19,0,23,5.26,5.26,0.0,103.983412,0.0
2019-02-12,19,0,24,9.3,9.3,0.0,183.848998,0.0
2019-02-12,19,0,29,0.03,0.03,0.0,0.269829,0.0
2019-02-12,19,0,30,62.89,62.89,0.0,1246.040498,0.0
2019-02-12,19,0,31,1.61,1.61,0.0,31.898954,0.0
2019-02-12,19,0,32,0.07,0.07,0.0,1.95419,0.0
2019-02-12,19,0,33,0.1,0.1,0.0,1.191982,0.0
2019-02-12,19,0,34,0.17,0.17,0.0,2.02637,0.0
2019-02-12,19,0,35,0.17,0.17,0.0,2.02637,0.0
2019-02-12,19,0,36,0.55,0.55,0.0,8.033994,0.0
2019-02-12,19,0,37,0.26,0.26,0.0,3.798262,0.0
2019-02-12,19,0,38,0.33,0.33,0.0,4.820872,0.0
2019-02-12,19,0,39,0.22,0.22,0.0,3.213914,0.0
2019-02-12,19,0,40,0.22,0.22,0.0,3.213914,0.0
2019-02-12,19,0,41,1.09,1.09,0.0,19.053121,0.0
2019-02-12,19,0,42,4.85,4.85,0.0,64.338834,0.0
2019-02-12,19,0,43,1.42,1.42,0.0,20.157784,0.0
2019-02-12,19,0,46,1.18,1.18,0.0,17.775652,0.0
2019-02-12,19,0,52,1.71,1.71,0.0,33.880255,0.0
2019-02-12,19,0,53,2.72,2.72,0.0,53.8914,0.0
2019-02-12,19,0,55,21.25,21.25,0.0,420.085076,0.0
2019-02-12,19,0,56,18.55,18.55,0.0,367.531424,0.0
2019-02-12,19,0,57,17.65,17.65,0.0,349.69971,0.0
2019-02-12,19,0,58,33.94,33.94,0.0,672.453721,0.0
2019-02-12,19,0,59,33.37,33.37,0.0,661.160302,0.0
2019-02-12,19,0,63,0.0,0.0,0.0,0.0,0.0
2019-02-12,19,0,64,0.0,0.0,0.0,0.0,0.0
2019-02-12,19,0,65,27.8,27.8,0.0,363.360089,0.0
2019-02-12,19,0,67,26.54,26.54,0.0,665.001874,0.0
2019-02-12,19,0,68,0.43,0.43,0.0,10.601052,0.0
2019-02-12,19,0,69,0.1,0.1,0.0,1.191982,0.0
2019-02-12,19,0,74,4.74,4.74,0.0,68.015821,0.0
2019-02-12,19,0,77,2.1,2.1,0.0,50.467138,0.0
2019-02-12,19,0,78,1.59,1.59,0.0,38.210833,0.0
2019-02-12,19,0,79,0.92,0.92,0.0,22.109413,0.0
2019-02-12,19,0,80,1.48,1.48,0.0,35.567316,0.0
2019-02-12,19,0,81,1.94,1.94,0.0,46.622023,0.0
2019-02-12,19,0,82,1.37,1.37,0.0,32.9238,0.0
2019-02-12,19,0,83,3.05,3.05,0.0,73.29751,0.0
2019-02-12,19,0,84,0.0,0.0,0.0,0.0,0.0
2019-02-12,19,0,86,0.53,0.53,0.0,6.317507,0.0
2019-02-12,19,0,87,2.71,2.71,0.0,32.302723,0.0
2019-02-12,19,0,88,1.44,1.44,0.0,34.606037,0.0
2019-02-12,19,0,89,1.39,1.39,0.0,33.404439,0.0
2019-02-12,19,0,90,1.86,1.86,0.0,44.699465,0.0
2019-02-12,19,0,91,6.64,6.64,0.0,159.572284,0.0
2019-02-12,19,0,92,2.39,2.39,0.0,57.436409,0.0
2019-02-12,19,0,95,8.75,8.75,0.0,244.689765,0.0
2019-02-12,19,0,96,0.0,0.0,0.0,0.0,0.0
2019-02-12,19,0,97,0.0,0.0,0.0,0.0,0.0
2019-02-12,19,0,99,0.91,0.91,0.0,13.05789,0.0
2019-02-12,19,0,101,1.27,1.27,0.0,25.162529,0.0
2019-02-12,19,0,102,1.24,1.24,0.0,30.570475,0.0
2019-02-12,19,0,103,1.04,1.04,0.0,25.639753,0.0
2019-02-12,19,0,104,0.15,0.15,0.0,3.698041,0.0
2019-02-12,19,0,106,19.93,19.93,0.0,393.99038,0.0
2019-02-12,19,0,109,5.76,5.76,0.0,91.712524,0.0
2019-02-12,19,0,110,51.51,51.51,0.0,1354.230996,0.0
2019-02-12,19,0,111,1.61,1.61,0.0,28.142683,0.0
2019-02-12,19,0,113,0.93,0.93,0.0,23.147386,0.0
2019-02-12,19,0,115,0.93,0.93,0.0,23.147386,0.0
2019-02-12,19,0,116,5.9,5.9,0.0,155.114791,0.0
2019-02-12,19,0,117,0.06,0.06,0.0,1.49338,0.0
2019-02-12,19,0,119,0.0,0.0,0.0,0.0,0.0
2019-02-12,19,0,120,0.0,0.0,0.0,0.0,0.0
2019-02-12,19,0,123,0.33,0.33,0.0,6.523674,0.0
2019-02-12,19,0,125,8.42,8.42,0.0,166.452534,0.0
2019-02-12,19,0,126,14.95,14.95,0.0,295.542207,0.0
2019-02-12,19,0,127,19.18,19.18,0.0,379.163848,0.0
2019-02-12,19,0,128,12.06,12.06,0.0,238.410636,0.0
2019-02-12,19,0,131,0.96,0.96,0.0,23.564146,0.0
2019-02-12,19,0,132,1.41,1.41,0.0,34.609839,0.0
2019-02-12,19,0,133,55.41,55.41,0.0,721.536259,0.0
2019-02-12,19,0,134,0.0,0.0,0.0,0.0,0.0
2019-02-12,19,0,135,75.09,75.09,0.0,977.804686,0.0
2019-02-12,19,0,136,45.9,45.9,0.0,600.048496,0.0
2019-02-12,19,0,139,1.41,1.41,0.0,24.646698,0.0
2019-02-12,19,0,140,38.12,38.12,0.0,1002.199293,0.0
2019-02-12,19,0,141,44.19,44.19,0.0,1107.250671,0.0
2019-02-12,19,0,142,35.0,35.0,0.0,876.980617,0.0
2019-02-12,19,0,143,4.03,4.03,0.0,79.846449,0.0
2019-02-12,19,0,145,0.95,0.95,0.0,17.45074,0.0
2019-02-12,19,0,146,65.03,65.03,0.0,1709.680483,0.0
2019-02-12,19,0,152,0.47,0.47,0.0,6.709019,0.0
2019-02-12,19,0,153,0.55,0.55,0.0,7.881825,0.0
2019-02-12,19,0,154,6.64,6.64,0.0,116.066718,0.0
2019-02-12,19,0,157,41.9,41.9,0.0,1049.871082,0.0
2019-02-12,19,0,158,30.9,30.9,0.0,774.248602,0.0
2019-02-12,19,0,159,0.0,0.0,0.0,0.0,0.0
2019-02-12,19,0,160,0.09,0.09,0.0,1.166733,0.0
2019-02-12,19,0,161,4.4,4.4,0.0,108.475879,0.0
2019-02-12,19,0,162,3.18,3.18,0.0,88.883006,0.0
2019-02-12,19,0,163,11.38,11.38,0.0,299.187512,0.0
2019-02-12,19,0,164,2.82,2.82,0.0,55.872702,0.0
2019-02-12,19,0,167,0.07,0.07,0.0,1.95855,0.0
2019-02-12,19,0,168,0.03,0.03,0.0,0.839379,0.0
2019-02-12,19,0,169,0.0,0.0,0.0,0.0,0.0
2019-02-12,19,0,170,0.08,0.08,0.0,2.238343,0.0
2019-02-12,19,0,172,0.1,0.1,0.0,2.952908,0.0
2019-02-12,19,0,173,0.15,0.15,0.0,4.429363,0.0
2019-02-12,19,0,188,0.16,0.16,0.0,4.513852,0.0
2019-02-12,19,0,190,0.29,0.29,0.0,7.884845,0.0
2019-02-12,19,0,191,0.76,0.76,0.0,20.663731,0.0
2019-02-12,19,0,192,8.16,8.16,0.0,221.863219,0.0
2019-02-12,19,0,194,0.0,0.0,0.0,0.0,0.0
2019-02-12,19,0,196,0.29,0.29,0.0,7.733207,0.0
2019-02-12,19,0,198,0.3,0.3,0.0,3.22388,0.0
2019-02-12,19,0,199,17.2,17.2,0.0,251.000948,0.0
2019-02-12,19,0,200,0.36,0.36,0.0,5.253508,0.0
2019-02-12,19,0,204,25.8,25.8,0.0,415.082289,0.0
2019-02-12,19,0,205,30.45,30.45,0.0,484.834436,0.0
2019-02-12,19,0,206,0.0,0.0,0.0,0.0,0.0
2019-02-12,19,0,210,0.01,0.01,0.0,0.089148,0.0
2019-02-12,19,0,214,0.23,0.23,0.0,2.591224,0.0
2019-02-12,19,0,217,0.13,0.13,0.0,1.321509,0.0
2019-02-12,19,0,218,0.18,0.18,0.0,1.829781,0.0
2019-02-12,19,0,219,0.12,0.12,0.0,1.219854,0.0
2019-02-12,19,0,221,0.12,0.12,0.0,1.351943,0.0
2019-02-12,19,0,225,0.05,0.05,0.0,0.4501,0.0
2019-02-12,19,0,233,0.3,0.3,0.0,3.575947,0.0
2019-02-12,19,0,236,17.32,17.32,0.0,236.097775,0.0
2019-02-12,19,0,237,11.37,11.37,0.0,163.151874,0.0
2019-02-12,19,0,238,6.32,6.32,0.0,83.83947,0.0
2019-02-12,19,0,240,0.62,0.62,0.0,9.056503,0.0
2019-02-12,19,0,245,28.08,28.08,0.0,361.169929,0.0
2019-02-12,19,0,247,37.21,37.21,0.0,478.601604,0.0
2019-02-12,19,0,248,1.14,1.14,0.0,16.358235,0.0
2019-02-12,19,0,249,54.0,54.0,0.0,694.557555,0.0
2019-02-12,19,0,251,195.29,195.29,0.0,2566.820515,0.0
2019-02-12,19,0,252,179.35,179.35,0.0,2344.195392,0.0
2019-02-12,19,0,254,0.61,0.61,0.0,8.470759,0.0
2019-02-12,19,0,255,0.28,0.28,0.0,3.888217,0.0
2019-02-12,19,0,258,0.74,0.74,0.0,10.760177,0.0
2019-02-12,19,0,260,0.22,0.22,0.0,2.852014,0.0
2019-02-12,19,0,265,6.88,6.88,0.0,120.2619,0.0
2019-02-12,19,0,266,0.91,0.91,0.0,15.906734,0.0
2019-02-12,19,0,267,1.12,1.12,0.0,19.577519,0.0
2019-02-12,19,0,270,35.54,35.54,0.0,934.369435,0.0
2019-02-12,19,0,272,3.11,3.11,0.0,77.406849,0.0
2019-02-12,19,0,273,1.41,1.41,0.0,37.069806,0.0
2019-02-12,19,0,274,45.81,45.81,0.0,1204.374334,0.0
2019-02-12,19,0,275,63.77,63.77,0.0,1676.554274,0.0
2019-02-12,19,0,276,0.33,0.33,0.0,8.584984,0.0
2019-02-12,19,0,277,0.43,0.43,0.0,10.554694,0.0
2019-02-12,19,0,278,0.68,0.68,0.0,16.691144,0.0
2019-02-12,19,0,279,9.4,9.4,0.0,230.730517,0.0
2019-02-12,19,0,281,0.72,0.72,0.0,14.265371,0.0
2019-02-12,19,0,282,34.5,34.5,0.0,683.549009,0.0
2019-02-12,20,0,9,0.0,0.0,0.0,0.0,0.0
2019-02-12,20,0,17,0.0,0.0,0.0,0.0,0.0
2019-02-12,20,0,19,373.25,373.25,0.0,5501.829824,0.0
2019-02-12,20,0,20,452.68,452.68,0.0,6672.654587,0.0
2019-02-12,20,0,21,0.0,0.0,0.0,0.0,0.0
2019-02-12,20,0,22,0.0,0.0,0.0,0.0,0.0
2019-02-12,20,0,23,9.99,9.99,0.0,217.660726,0.0
2019-02-12,20,0,24,17.67,17.67,0.0,384.991494,0.0
2019-02-12,20,0,29,0.0,0.0,0.0,0.0,0.0
2019-02-12,20,0,30,0.0,0.0,0.0,0.0,0.0
2019-02-12,20,0,31,3.01,3.01,0.0,65.724007,0.0
2019-02-12,20,0,32,0.0,0.0,0.0,0.0,0.0
2019-02-12,20,0,33,0.0,0.0,0.0,0.0,0.0
2019-02-12,20,0,34,0.0,0.0,0.0,0.0,0.0
2019-02-12,20,0,35,0.0,0.0,0.0,0.0,0.0
2019-02-12,20,0,36,0.0,0.0,0.0,0.0,0.0
2019-02-12,20,0,37,0.0,0.0,0.0,0.0,0.0
2019-02-12,20,0,38,0.0,0.0,0.0,0.0,0.0
2019-02-12,20,0,39,0.0,0.0,0.0,0.0,0.0
2019-02-12,20,0,40,0.0,0.0,0.0,0.0,0.0
2019-02-12,20,0,41,5.23,5.23,0.0,101.220369,0.0
2019-02-12,20,0,42,0.0,0.0,0.0,0.0,0.0
2019-02-12,20,0,43,0.0,0.0,0.0,0.0,0.0
2019-02-12,20,0,46,0.0,0.0,0.0,0.0,0.0
2019-02-12,20,0,52,3.19,3.19,0.0,69.654346,0.0
2019-02-12,20,0,53,5.07,5.07,0.0,110.704556,0.0
2019-02-12,20,0,55,27.28,27.28,0.0,594.372833,0.0
2019-02-12,20,0,56,0.0,0.0,0.0,0.0,0.0
2019-02-12,20,0,57,0.0,0.0,0.0,0.0,0.0
2019-02-12,20,0,58,0.0,0.0,0.0,0.0,0.0
2019-02-12,20,0,59,0.0,0.0,0.0,0.0,0.0
2019-02-12,20,0,63,0.0,0.0,0.0,0.0,0.0
2019-02-12,20,0,64,0.0,0.0,0.0,0.0,0.0
2019-02-12,20,0,65,15.66,15.66,0.0,231.528132,0.0
2019-02-12,20,0,67,0.0,0.0,0.0,0.0,0.0
2019-02-12,20,0,68,0.87,0.87,0.0,23.508325,0.0
2019-02-12,20,0,69,0.0,0.0,0.0,0.0,0.0
2019-02-12,20,0,74,7.22,7.22,0.0,116.013477,0.0
2019-02-12,20,0,77,7.79,7.79,0.0,205.247409,0.0
2019-02-12,20,0,78,5.92,5.92,0.0,155.977492,0.0
2019-02-12,20,0,79,3.44,3.44,0.0,90.635569,0.0
2019-02-12,20,0,80,5.54,5.54,0.0,145.965423,0.0
2019-02-12,20,0,81,7.22,7.22,0.0,190.229306,0.0
2019-02-12,20,0,82,5.12,5.12,0.0,134.899452,0.0
2019-02-12,20,0,83,11.25,11.25,0.0,296.409929,0.0
2019-02-12,20,0,84,0.0,0.0,0.0,0.0,0.0
2019-02-12,20,0,86,0.0,0.0,0.0,0.0,0.0
2019-02-12,20,0,87,0.0,0.0,0.0,0.0,0.0
2019-02-12,20,0,88,8.62,8.62,0.0,227.115875,0.0
2019-02-12,20,0,89,8.29,8.29,0.0,218.421183,0.0
2019-02-12,20,0,90,11.12,11.12,0.0,292.984748,0.0
2019-02-12,20,0,91,39.58,39.58,0.0,1042.836,0.0
2019-02-12,20,0,92,14.26,14.26,0.0,375.716052,0.0
2019-02-12,20,0,95,4.18,4.18,0.0,128.214234,0.0
2019-02-12,20,0,96,1.42,1.42,0.0,31.076291,0.0
2019-02-12,20,0,97,10.23,10.23,0.0,223.880601,0.0
2019-02-12,20,0,99,1.39,1.39,0.0,22.335005,0.0
2019-02-12,20,0,101,0.0,0.0,0.0,0.0,0.0
2019-02-12,20,0,102,2.06,2.06,0.0,55.66339,0.0
2019-02-12,20,0,103,1.79,1.79,0.0,48.367703,0.0
2019-02-12,20,0,104,0.33,0.33,0.0,8.916951,0.0
2019-02-12,20,0,106,0.0,0.0,0.0,0.0,0.0
2019-02-12,20,0,109,4.74,4.74,0.0,83.740192,0.0
2019-02-12,20,0,110,88.81,88.81,0.0,2558.981962,0.0
2019-02-12,20,0,111,0.0,0.0,0.0,0.0,0.0
2019-02-12,20,0,113,3.6,3.6,0.0,98.14599,0.0
2019-02-12,20,0,115,3.6,3.6,0.0,98.14599,0.0
2019-02-12,20,0,116,0.0,0.0,0.0,0.0,0.0
2019-02-12,20,0,117,0.24,0.24,0.0,6.543066,0.0
2019-02-12,20,0,119,0.0,0.0,0.0,0.0,0.0
2019-02-12,20,0,120,0.0,0.0,0.0,0.0,0.0
2019-02-12,20,0,123,0.0,0.0,0.0,0.0,0.0
2019-02-12,20,0,125,15.99,15.99,0.0,348.387889,0.0
2019-02-12,20,0,126,0.0,0.0,0.0,0.0,0.0
2019-02-12,20,0,127,0.0,0.0,0.0,0.0,0.0
2019-02-12,20,0,128,22.9,22.9,0.0,498.942004,0.0
2019-02-12,20,0,131,2.38,2.38,0.0,64.029573,0.0
2019-02-12,20,0,132,3.49,3.49,0.0,93.892105,0.0
2019-02-12,20,0,133,41.46,41.46,0.0,610.961033,0.0
2019-02-12,20,0,134,0.0,0.0,0.0,0.0,0.0
2019-02-12,20,0,135,55.24,55.24,0.0,814.025265,0.0
2019-02-12,20,0,136,28.98,28.98,0.0,428.530662,0.0
2019-02-12,20,0,139,6.99,6.99,0.0,135.283055,0.0
2019-02-12,20,0,140,65.73,65.73,0.0,1893.952082,0.0
2019-02-12,20,0,141,53.61,53.61,0.0,1472.261975,0.0
2019-02-12,20,0,142,0.0,0.0,0.0,0.0,0.0
2019-02-12,20,0,143,6.72,6.72,0.0,146.732666,0.0
2019-02-12,20,0,145,1.98,1.98,0.0,40.171312,0.0
2019-02-12,20,0,146,106.26,106.26,0.0,3061.788349,0.0
2019-02-12,20,0,152,0.0,0.0,0.0,0.0,0.0
2019-02-12,20,0,153,0.0,0.0,0.0,0.0,0.0
2019-02-12,20,0,154,0.0,0.0,0.0,0.0,0.0
2019-02-12,20,0,157,68.3,68.3,0.0,1875.685374,0.0
2019-02-12,20,0,158,0.0,0.0,0.0,0.0,0.0
2019-02-12,20,0,159,0.0,0.0,0.0,0.0,0.0
2019-02-12,20,0,160,0.0,0.0,0.0,0.0,0.0
2019-02-12,20,0,161,0.0,0.0,0.0,0.0,0.0
2019-02-12,20,0,162,0.0,0.0,0.0,0.0,0.0
2019-02-12,20,0,163,22.62,22.62,0.0,651.775385,0.0
2019-02-12,20,0,164,0.0,0.0,0.0,0.0,0.0
2019-02-12,20,0,167,0.0,0.0,0.0,0.0,0.0
2019-02-12,20,0,168,0.0,0.0,0.0,0.0,0.0
2019-02-12,20,0,169,0.0,0.0,0.0,0.0,0.0
2019-02-12,20,0,170,0.0,0.0,0.0,0.0,0.0
2019-02-12,20,0,172,0.0,0.0,0.0,0.0,0.0
2019-02-12,20,0,173,0.0,0.0,0.0,0.0,0.0
2019-02-12,20,0,188,0.0,0.0,0.0,0.0,0.0
2019-02-12,20,0,190,0.0,0.0,0.0,0.0,0.0
2019-02-12,20,0,191,0.0,0.0,0.0,0.0,0.0
2019-02-12,20,0,192,20.83,20.83,0.0,620.907692,0.0
2019-02-12,20,0,194,0.0,0.0,0.0,0.0,0.0
2019-02-12,20,0,196,0.0,0.0,0.0,0.0,0.0
2019-02-12,20,0,198,0.0,0.0,0.0,0.0,0.0
2019-02-12,20,0,199,9.66,9.66,0.0,147.476271,0.0
2019-02-12,20,0,200,0.0,0.0,0.0,0.0,0.0
2019-02-12,20,0,204,33.53,33.53,0.0,598.13138,0.0
2019-02-12,20,0,205,25.05,25.05,0.0,442.551015,0.0
2019-02-12,20,0,206,38.77,38.77,0.0,848.470272,0.0
2019-02-12,20,0,210,0.0,0.0,0.0,0.0,0.0
2019-02-12,20,0,214,0.0,0.0,0.0,0.0,0.0
2019-02-12,20,0,217,0.0,0.0,0.0,0.0,0.0
2019-02-12,20,0,218,0.0,0.0,0.0,0.0,0.0
2019-02-12,20,0,219,0.0,0.0,0.0,0.0,0.0
2019-02-12,20,0,221,0.0,0.0,0.0,0.0,0.0
2019-02-12,20,0,225,0.0,0.0,0.0,0.0,0.0
2019-02-12,20,0,233,0.0,0.0,0.0,0.0,0.0
2019-02-12,20,0,236,18.32,18.32,0.0,281.059342,0.0
2019-02-12,20,0,237,17.31,17.31,0.0,278.143115,0.0
2019-02-12,20,0,238,0.0,0.0,0.0,0.0,0.0
2019-02-12,20,0,240,0.0,0.0,0.0,0.0,0.0
2019-02-12,20,0,245,48.69,48.69,0.0,709.766429,0.0
2019-02-12,20,0,247,30.98,30.98,0.0,451.603285,0.0
2019-02-12,20,0,248,1.74,1.74,0.0,27.958927,0.0
2019-02-12,20,0,249,93.6,93.6,0.0,1364.430843,0.0
2019-02-12,20,0,251,108.29,108.29,0.0,1608.918172,0.0
2019-02-12,20,0,252,101.01,101.01,0.0,1493.400805,0.0
2019-02-12,20,0,254,0.0,0.0,0.0,0.0,0.0
2019-02-12,20,0,255,0.0,0.0,0.0,0.0,0.0
2019-02-12,20,0,258,0.0,0.0,0.0,0.0,0.0
2019-02-12,20,0,260,0.0,0.0,0.0,0.0,0.0
2019-02-12,20,0,265,0.0,0.0,0.0,0.0,0.0
2019-02-12,20,0,266,4.26,4.26,0.0,82.447184,0.0
2019-02-12,20,0,267,5.39,5.39,0.0,104.316977,0.0
2019-02-12,20,0,270,70.63,70.63,0.0,2035.141268,0.0
2019-02-12,20,0,272,12.05,12.05,0.0,328.516439,0.0
2019-02-12,20,0,273,0.0,0.0,0.0,0.0,0.0
2019-02-12,20,0,274,91.05,91.05,0.0,2623.52559,0.0
2019-02-12,20,0,275,126.75,126.75,0.0,3652.18966,0.0
2019-02-12,20,0,276,0.0,0.0,0.0,0.0,0.0
2019-02-12,20,0,277,0.0,0.0,0.0,0.0,0.0
2019-02-12,20,0,278,0.0,0.0,0.0,0.0,0.0
2019-02-12,20,0,279,62.06,62.06,0.0,1669.156216,0.0
2019-02-12,20,0,281,1.35,1.35,0.0,29.477545,0.0
2019-02-12,20,0,282,0.0,0.0,0.0,0.0,0.0
2019-02-12,21,0,9,0.0,0.0,0.0,0.0,0.0
2019-02-12,21,0,17,0.0,0.0,0.0,0.0,0.0
2019-02-12,21,0,19,330.43,330.43,0.0,5217.137356,0.0
2019-02-12,21,0,20,400.75,400.75,0.0,6327.415173,0.0
2019-02-12,21,0,21,0.0,0.0,0.0,0.0,0.0
2019-02-12,21,0,22,0.0,0.0,0.0,0.0,0.0
2019-02-12,21,0,23,21.31,21.31,0.0,445.450072,0.0
2019-02-12,21,0,24,37.71,37.71,0.0,788.264769,0.0
2019-02-12,21,0,29,0.0,0.0,0.0,0.0,0.0
2019-02-12,21,0,30,0.0,0.0,0.0,0.0,0.0
2019-02-12,21,0,31,6.75,6.75,0.0,141.345181,0.0
2019-02-12,21,0,32,0.0,0.0,0.0,0.0,0.0
2019-02-12,21,0,33,0.0,0.0,0.0,0.0,0.0
2019-02-12,21,0,34,0.0,0.0,0.0,0.0,0.0
2019-02-12,21,0,35,0.0,0.0,0.0,0.0,0.0
2019-02-12,21,0,36,0.0,0.0,0.0,0.0,0.0
2019-02-12,21,0,37,0.0,0.0,0.0,0.0,0.0
2019-02-12,21,0,38,0.0,0.0,0.0,0.0,0.0
2019-02-12,21,0,39,0.0,0.0,0.0,0.0,0.0
2019-02-12,21,0,40,0.0,0.0,0.0,0.0,0.0
2019-02-12,21,0,41,20.88,20.88,0.0,397.645932,0.0
2019-02-12,21,0,42,0.0,0.0,0.0,0.0,0.0
2019-02-12,21,0,43,0.0,0.0,0.0,0.0,0.0
2019-02-12,21,0,46,0.0,0.0,0.0,0.0,0.0
2019-02-12,21,0,52,7.16,7.16,0.0,149.930592,0.0
2019-02-12,21,0,53,11.38,11.38,0.0,238.297505,0.0
2019-02-12,21,0,55,41.95,41.95,0.0,876.89491,0.0
2019-02-12,21,0,56,0.0,0.0,0.0,0.0,0.0
2019-02-12,21,0,57,0.0,0.0,0.0,0.0,0.0
2019-02-12,21,0,58,0.0,0.0,0.0,0.0,0.0
2019-02-12,21,0,59,0.0,0.0,0.0,0.0,0.0
2019-02-12,21,0,63,19.28,19.28,0.0,524.206234,0.0
2019-02-12,21,0,64,22.69,22.69,0.0,616.921133,0.0
2019-02-12,21,0,65,7.68,7.68,0.0,121.468681,0.0
2019-02-12,21,0,67,0.0,0.0,0.0,0.0,0.0
2019-02-12,21,0,68,1.91,1.91,0.0,47.694491,0.0
2019-02-12,21,0,69,0.0,0.0,0.0,0.0,0.0
2019-02-12,21,0,74,10.57,10.57,0.0,175.784879,0.0
2019-02-12,21,0,77,35.77,35.77,0.0,874.287778,0.0
2019-02-12,21,0,78,27.09,27.09,0.0,662.131839,0.0
2019-02-12,21,0,79,15.72,15.72,0.0,384.227114,0.0
2019-02-12,21,0,80,25.36,25.36,0.0,619.847303,0.0
2019-02-12,21,0,81,33.1,33.1,0.0,809.027829,0.0
2019-02-12,21,0,82,23.4,23.4,0.0,571.941124,0.0
2019-02-12,21,0,83,51.85,51.85,0.0,1267.313986,0.0
2019-02-12,21,0,84,0.0,0.0,0.0,0.0,0.0
2019-02-12,21,0,86,0.0,0.0,0.0,0.0,0.0
2019-02-12,21,0,87,0.0,0.0,0.0,0.0,0.0
2019-02-12,21,0,88,36.04,36.04,0.0,880.887098,0.0
2019-02-12,21,0,89,34.65,34.65,0.0,846.912818,0.0
2019-02-12,21,0,90,46.52,46.52,0.0,1137.038508,0.0
2019-02-12,21,0,91,165.94,165.94,0.0,4055.893593,0.0
2019-02-12,21,0,92,59.68,59.68,0.0,1458.694285,0.0
2019-02-12,21,0,95,0.0,0.0,0.0,0.0,0.0
2019-02-12,21,0,96,4.2,4.2,0.0,88.109167,0.0
2019-02-12,21,0,97,25.83,25.83,0.0,541.871377,0.0
2019-02-12,21,0,99,2.04,2.04,0.0,33.926315,0.0
2019-02-12,21,0,101,0.0,0.0,0.0,0.0,0.0
2019-02-12,21,0,102,4.51,4.51,0.0,112.61893,0.0
2019-02-12,21,0,103,3.92,3.92,0.0,97.886077,0.0
2019-02-12,21,0,104,0.73,0.73,0.0,18.228785,0.0
2019-02-12,21,0,106,0.0,0.0,0.0,0.0,0.0
2019-02-12,21,0,109,7.79,7.79,0.0,137.799245,0.0
2019-02-12,21,0,110,151.63,151.63,0.0,4002.010815,0.0
2019-02-12,21,0,111,0.0,0.0,0.0,0.0,0.0
2019-02-12,21,0,113,17.17,17.17,0.0,431.837222,0.0
2019-02-12,21,0,115,17.17,17.17,0.0,431.837222,0.0
2019-02-12,21,0,116,0.0,0.0,0.0,0.0,0.0
2019-02-12,21,0,117,1.15,1.15,0.0,28.923285,0.0
2019-02-12,21,0,119,22.69,22.69,0.0,616.921133,0.0
2019-02-12,21,0,120,13.34,13.34,0.0,362.702861,0.0
2019-02-12,21,0,123,0.0,0.0,0.0,0.0,0.0
2019-02-12,21,0,125,34.13,34.13,0.0,713.430829,0.0
2019-02-12,21,0,126,0.0,0.0,0.0,0.0,0.0
2019-02-12,21,0,127,0.0,0.0,0.0,0.0,0.0
2019-02-12,21,0,128,48.88,48.88,0.0,1021.755023,0.0
2019-02-12,21,0,131,5.47,5.47,0.0,136.079541,0.0
2019-02-12,21,0,132,8.05,8.05,0.0,200.26331,0.0
2019-02-12,21,0,133,35.9,35.9,0.0,566.730379,0.0
2019-02-12,21,0,134,0.0,0.0,0.0,0.0,0.0
2019-02-12,21,0,135,46.68,46.68,0.0,736.907356,0.0
2019-02-12,21,0,136,14.51,14.51,0.0,229.515309,0.0
2019-02-12,21,0,139,27.51,27.51,0.0,523.909942,0.0
2019-02-12,21,0,140,112.22,112.22,0.0,2961.85223,0.0
2019-02-12,21,0,141,74.92,74.92,0.0,1897.054188,0.0
2019-02-12,21,0,142,0.0,0.0,0.0,0.0,0.0
2019-02-12,21,0,143,13.14,13.14,0.0,275.151952,0.0
2019-02-12,21,0,145,4.75,4.75,0.0,93.738224,0.0
2019-02-12,21,0,146,185.0,185.0,0.0,4882.754078,0.0
2019-02-12,21,0,152,0.0,0.0,0.0,0.0,0.0
2019-02-12,21,0,153,0.0,0.0,0.0,0.0,0.0
2019-02-12,21,0,154,0.0,0.0,0.0,0.0,0.0
2019-02-12,21,0,157,108.38,108.38,0.0,2744.297023,0.0
2019-02-12,21,0,158,0.0,0.0,0.0,0.0,0.0
2019-02-12,21,0,159,0.0,0.0,0.0,0.0,0.0
2019-02-12,21,0,160,0.0,0.0,0.0,0.0,0.0
2019-02-12,21,0,161,0.0,0.0,0.0,0.0,0.0
2019-02-12,21,0,162,0.0,0.0,0.0,0.0,0.0
2019-02-12,21,0,163,42.2,42.2,0.0,1113.795795,0.0
2019-02-12,21,0,164,0.0,0.0,0.0,0.0,0.0
2019-02-12,21,0,167,0.0,0.0,0.0,0.0,0.0
2019-02-12,21,0,168,0.0,0.0,0.0,0.0,0.0
2019-02-12,21,0,169,0.0,0.0,0.0,0.0,0.0
2019-02-12,21,0,170,0.0,0.0,0.0,0.0,0.0
2019-02-12,21,0,172,0.0,0.0,0.0,0.0,0.0
2019-02-12,21,0,173,0.0,0.0,0.0,0.0,0.0
2019-02-12,21,0,188,0.0,0.0,0.0,0.0,0.0
2019-02-12,21,0,190,0.0,0.0,0.0,0.0,0.0
2019-02-12,21,0,191,0.0,0.0,0.0,0.0,0.0
2019-02-12,21,0,192,47.8,47.8,0.0,1299.639936,0.0
2019-02-12,21,0,194,17.2,17.2,0.0,439.483008,0.0
2019-02-12,21,0,196,0.0,0.0,0.0,0.0,0.0
2019-02-12,21,0,198,0.0,0.0,0.0,0.0,0.0
2019-02-12,21,0,199,4.84,4.84,0.0,73.197715,0.0
2019-02-12,21,0,200,0.0,0.0,0.0,0.0,0.0
2019-02-12,21,0,204,61.91,61.91,0.0,1102.639238,0.0
2019-02-12,21,0,205,36.15,36.15,0.0,639.466328,0.0
2019-02-12,21,0,206,75.9,75.9,0.0,1592.258519,0.0
2019-02-12,21,0,210,0.0,0.0,0.0,0.0,0.0
2019-02-12,21,0,214,0.0,0.0,0.0,0.0,0.0
2019-02-12,21,0,217,0.0,0.0,0.0,0.0,0.0
2019-02-12,21,0,218,0.0,0.0,0.0,0.0,0.0
2019-02-12,21,0,219,0.0,0.0,0.0,0.0,0.0
2019-02-12,21,0,221,0.0,0.0,0.0,0.0,0.0
2019-02-12,21,0,225,0.0,0.0,0.0,0.0,0.0
2019-02-12,21,0,233,0.0,0.0,0.0,0.0,0.0
2019-02-12,21,0,236,19.47,19.47,0.0,314.545656,0.0
2019-02-12,21,0,237,25.36,25.36,0.0,421.750664,0.0
2019-02-12,21,0,238,0.0,0.0,0.0,0.0,0.0
2019-02-12,21,0,240,0.0,0.0,0.0,0.0,0.0
2019-02-12,21,0,245,81.01,81.01,0.0,1270.928686,0.0
2019-02-12,21,0,247,25.93,25.93,0.0,406.803862,0.0
2019-02-12,21,0,248,2.55,2.55,0.0,42.407894,0.0
2019-02-12,21,0,249,155.78,155.78,0.0,2443.960879,0.0
2019-02-12,21,0,251,51.76,51.76,0.0,820.96835,0.0
2019-02-12,21,0,252,49.52,49.52,0.0,783.21993,0.0
2019-02-12,21,0,254,0.0,0.0,0.0,0.0,0.0
2019-02-12,21,0,255,0.0,0.0,0.0,0.0,0.0
2019-02-12,21,0,258,0.0,0.0,0.0,0.0,0.0
2019-02-12,21,0,260,0.0,0.0,0.0,0.0,0.0
2019-02-12,21,0,265,0.0,0.0,0.0,0.0,0.0
2019-02-12,21,0,266,17.23,17.23,0.0,328.134071,0.0
2019-02-12,21,0,267,21.51,21.51,0.0,409.64387,0.0
2019-02-12,21,0,270,131.78,131.78,0.0,3478.104499,0.0
2019-02-12,21,0,272,57.34,57.34,0.0,1442.140146,0.0
2019-02-12,21,0,273,0.0,0.0,0.0,0.0,0.0
2019-02-12,21,0,274,169.89,169.89,0.0,4483.951839,0.0
2019-02-12,21,0,275,236.48,236.48,0.0,6241.479374,0.0
2019-02-12,21,0,276,0.0,0.0,0.0,0.0,0.0
2019-02-12,21,0,277,0.0,0.0,0.0,0.0,0.0
2019-02-12,21,0,278,0.0,0.0,0.0,0.0,0.0
2019-02-12,21,0,279,134.66,134.66,0.0,3348.527152,0.0
2019-02-12,21,0,281,3.03,3.03,0.0,63.448281,0.0
2019-02-12,21,0,282,0.0,0.0,0.0,0.0,0.0
2019-02-12,22,0,9,0.0,0.0,0.0,0.0,0.0
2019-02-12,22,0,17,0.0,0.0,0.0,0.0,0.0
2019-02-12,22,0,19,290.9,290.9,0.0,4015.030498,0.0
2019-02-12,22,0,20,352.81,352.81,0.0,4869.518426,0.0
2019-02-12,22,0,21,0.0,0.0,0.0,0.0,0.0
2019-02-12,22,0,22,0.0,0.0,0.0,0.0,0.0
2019-02-12,22,0,23,42.39,42.39,0.0,361.086679,0.0
2019-02-12,22,0,24,75.0,75.0,0.0,638.86532,0.0
2019-02-12,22,0,29,0.0,0.0,0.0,0.0,0.0
2019-02-12,22,0,30,0.0,0.0,0.0,0.0,0.0
2019-02-12,22,0,31,14.06,14.06,0.0,119.371909,0.0
2019-02-12,22,0,32,0.0,0.0,0.0,0.0,0.0
2019-02-12,22,0,33,0.0,0.0,0.0,0.0,0.0
2019-02-12,22,0,34,0.0,0.0,0.0,0.0,0.0
2019-02-12,22,0,35,0.0,0.0,0.0,0.0,0.0
2019-02-12,22,0,36,0.0,0.0,0.0,0.0,0.0
2019-02-12,22,0,37,0.0,0.0,0.0,0.0,0.0
2019-02-12,22,0,38,0.0,0.0,0.0,0.0,0.0
2019-02-12,22,0,39,0.0,0.0,0.0,0.0,0.0
2019-02-12,22,0,40,0.0,0.0,0.0,0.0,0.0
2019-02-12,22,0,41,40.6,40.6,0.0,407.831878,0.0
2019-02-12,22,0,42,0.0,0.0,0.0,0.0,0.0
2019-02-12,22,0,43,0.0,0.0,0.0,0.0,0.0
2019-02-12,22,0,46,0.0,0.0,0.0,0.0,0.0
2019-02-12,22,0,52,14.9,14.9,0.0,126.503658,0.0
2019-02-12,22,0,53,23.67,23.67,0.0,200.962523,0.0
2019-02-12,22,0,55,131.21,131.21,0.0,1117.673582,0.0
2019-02-12,22,0,56,0.0,0.0,0.0,0.0,0.0
2019-02-12,22,0,57,0.0,0.0,0.0,0.0,0.0
2019-02-12,22,0,58,0.0,0.0,0.0,0.0,0.0
2019-02-12,22,0,59,0.0,0.0,0.0,0.0,0.0
2019-02-12,22,0,63,60.52,60.52,0.0,1645.485542,0.0
2019-02-12,22,0,64,71.2,71.2,0.0,1935.865344,0.0
2019-02-12,22,0,65,3.06,3.06,0.0,42.084581,0.0
2019-02-12,22,0,67,0.0,0.0,0.0,-0.0,0.0
2019-02-12,22,0,68,3.68,3.68,0.0,-3.632905,0.0
2019-02-12,22,0,69,0.0,0.0,0.0,0.0,0.0
2019-02-12,22,0,74,15.05,15.05,0.0,186.82018,0.0
2019-02-12,22,0,77,81.29,81.29,0.0,474.62654,0.0
2019-02-12,22,0,78,61.45,61.45,0.0,358.78707,0.0
2019-02-12,22,0,79,35.56,35.56,0.0,207.623567,0.0
2019-02-12,22,0,80,57.51,57.51,0.0,335.782659,0.0
2019-02-12,22,0,81,75.19,75.19,0.0,439.010574,0.0
2019-02-12,22,0,82,53.04,53.04,0.0,309.683746,0.0
2019-02-12,22,0,83,118.27,118.27,0.0,690.541037,0.0
2019-02-12,22,0,84,0.0,0.0,0.0,0.0,0.0
2019-02-12,22,0,86,0.0,0.0,0.0,0.0,0.0
2019-02-12,22,0,87,0.0,0.0,0.0,0.0,0.0
2019-02-12,22,0,88,70.87,70.87,0.0,413.787464,0.0
2019-02-12,22,0,89,68.13,68.13,0.0,397.789472,0.0
2019-02-12,22,0,90,91.48,91.48,0.0,534.12272,0.0
2019-02-12,22,0,91,326.31,326.31,0.0,1905.220647,0.0
2019-02-12,22,0,92,117.36,117.36,0.0,685.227836,0.0
2019-02-12,22,0,95,0.0,0.0,0.0,0.0,0.0
2019-02-12,22,0,96,9.68,9.68,0.0,81.901402,0.0
2019-02-12,22,0,97,59.55,59.55,0.0,503.845919,0.0
2019-02-12,22,0,99,2.9,2.9,0.0,35.998573,0.0
2019-02-12,22,0,101,0.0,0.0,0.0,0.0,0.0
2019-02-12,22,0,102,8.71,8.71,0.0,-8.598534,0.0
2019-02-12,22,0,103,7.58,7.58,0.0,-7.482995,0.0
2019-02-12,22,0,104,1.41,1.41,0.0,-1.391956,0.0
2019-02-12,22,0,106,0.0,0.0,0.0,0.0,0.0
2019-02-12,22,0,109,24.53,24.53,0.0,267.109235,0.0
2019-02-12,22,0,110,247.89,247.89,0.0,-8283.450843,0.0
2019-02-12,22,0,111,0.0,0.0,0.0,0.0,0.0
2019-02-12,22,0,113,62.44,62.44,0.0,429.172852,0.0
2019-02-12,22,0,115,62.44,62.44,0.0,429.172852,0.0
2019-02-12,22,0,116,0.0,0.0,0.0,-0.0,0.0
2019-02-12,22,0,117,4.16,4.16,0.0,28.593194,0.0
2019-02-12,22,0,119,71.2,71.2,0.0,1935.865344,0.0
2019-02-12,22,0,120,41.86,41.86,0.0,1138.136563,0.0
2019-02-12,22,0,123,0.0,0.0,0.0,0.0,0.0
2019-02-12,22,0,125,67.87,67.87,0.0,578.130524,0.0
2019-02-12,22,0,126,0.0,0.0,0.0,0.0,0.0
2019-02-12,22,0,127,0.0,0.0,0.0,0.0,0.0
2019-02-12,22,0,128,97.2,97.2,0.0,827.969455,0.0
2019-02-12,22,0,131,10.89,10.89,0.0,12.466379,0.0
2019-02-12,22,0,132,16.01,16.01,0.0,18.327524,0.0
2019-02-12,22,0,133,54.23,54.23,0.0,748.738,0.0
2019-02-12,22,0,134,0.0,0.0,0.0,0.0,0.0
2019-02-12,22,0,135,72.67,72.67,0.0,1003.333772,0.0
2019-02-12,22,0,136,5.9,5.9,0.0,81.127613,0.0
2019-02-12,22,0,139,52.44,52.44,0.0,526.766101,0.0
2019-02-12,22,0,140,183.46,183.46,0.0,-6130.468722,0.0
2019-02-12,22,0,141,112.6,112.6,0.0,-1010.02113,0.0
2019-02-12,22,0,142,0.0,0.0,0.0,-0.0,0.0
2019-02-12,22,0,143,25.2,25.2,0.0,213.952496,0.0
2019-02-12,22,0,145,25.29,25.29,0.0,237.267499,0.0
2019-02-12,22,0,146,268.0,268.0,0.0,-8955.443244,0.0
2019-02-12,22,0,152,0.0,0.0,0.0,0.0,0.0
2019-02-12,22,0,153,0.0,0.0,0.0,0.0,0.0
2019-02-12,22,0,154,0.0,0.0,0.0,0.0,0.0
2019-02-12,22,0,157,165.26,165.26,0.0,-1482.380924,0.0
2019-02-12,22,0,158,0.0,0.0,0.0,-0.0,0.0
2019-02-12,22,0,159,0.0,0.0,0.0,0.0,0.0
2019-02-12,22,0,160,0.0,0.0,0.0,0.0,0.0
2019-02-12,22,0,161,0.0,0.0,0.0,-0.0,0.0
2019-02-12,22,0,162,0.0,0.0,0.0,0.0,0.0
2019-02-12,22,0,163,72.67,72.67,0.0,-2428.328584,0.0
2019-02-12,22,0,164,0.0,0.0,0.0,0.0,0.0
2019-02-12,22,0,167,0.0,0.0,0.0,0.0,0.0
2019-02-12,22,0,168,0.0,0.0,0.0,0.0,0.0
2019-02-12,22,0,169,0.0,0.0,0.0,0.0,0.0
2019-02-12,22,0,170,0.0,0.0,0.0,0.0,0.0
2019-02-12,22,0,172,0.0,0.0,0.0,0.0,0.0
2019-02-12,22,0,173,0.0,0.0,0.0,0.0,0.0
2019-02-12,22,0,188,0.0,0.0,0.0,0.0,0.0
2019-02-12,22,0,190,0.0,0.0,0.0,0.0,0.0
2019-02-12,22,0,191,0.0,0.0,0.0,0.0,0.0
2019-02-12,22,0,192,96.4,96.4,0.0,2621.031168,0.0
2019-02-12,22,0,194,53.47,53.47,0.0,736.858635,0.0
2019-02-12,22,0,196,0.0,0.0,0.0,0.0,0.0
2019-02-12,22,0,198,0.0,0.0,0.0,0.0,0.0
2019-02-12,22,0,199,0.0,0.0,0.0,0.0,0.0
2019-02-12,22,0,200,0.0,0.0,0.0,0.0,0.0
2019-02-12,22,0,204,90.83,90.83,0.0,976.261162,0.0
2019-02-12,22,0,205,122.05,122.05,0.0,1329.012727,0.0
2019-02-12,22,0,206,174.99,174.99,0.0,1480.570905,0.0
2019-02-12,22,0,210,0.0,0.0,0.0,0.0,0.0
2019-02-12,22,0,214,0.0,0.0,0.0,0.0,0.0
2019-02-12,22,0,217,0.0,0.0,0.0,0.0,0.0
2019-02-12,22,0,218,0.0,0.0,0.0,0.0,0.0
2019-02-12,22,0,219,0.0,0.0,0.0,0.0,0.0
2019-02-12,22,0,221,0.0,0.0,0.0,0.0,0.0
2019-02-12,22,0,225,0.0,0.0,0.0,0.0,0.0
2019-02-12,22,0,233,0.0,0.0,0.0,0.0,0.0
2019-02-12,22,0,236,20.71,20.71,0.0,271.843243,0.0
2019-02-12,22,0,237,36.09,36.09,0.0,447.996033,0.0
2019-02-12,22,0,238,0.0,0.0,0.0,0.0,0.0
2019-02-12,22,0,240,0.0,0.0,0.0,0.0,0.0
2019-02-12,22,0,245,76.44,76.44,0.0,1068.796835,0.0
2019-02-12,22,0,247,21.86,21.86,0.0,305.650168,0.0
2019-02-12,22,0,248,3.62,3.62,0.0,44.93615,0.0
2019-02-12,22,0,249,147.0,147.0,0.0,2055.378528,0.0
2019-02-12,22,0,251,40.23,40.23,0.0,550.054105,0.0
2019-02-12,22,0,252,19.72,19.72,0.0,271.211744,0.0
2019-02-12,22,0,254,0.0,0.0,0.0,0.0,0.0
2019-02-12,22,0,255,0.0,0.0,0.0,0.0,0.0
2019-02-12,22,0,258,0.0,0.0,0.0,0.0,0.0
2019-02-12,22,0,260,0.0,0.0,0.0,0.0,0.0
2019-02-12,22,0,265,0.0,0.0,0.0,0.0,0.0
2019-02-12,22,0,266,33.95,33.95,0.0,341.031829,0.0
2019-02-12,22,0,267,41.72,41.72,0.0,419.082413,0.0
2019-02-12,22,0,270,226.94,226.94,0.0,-7583.389141,0.0
2019-02-12,22,0,272,208.68,208.68,0.0,1434.333611,0.0
2019-02-12,22,0,273,0.0,0.0,0.0,-0.0,0.0
2019-02-12,22,0,274,292.55,292.55,0.0,-9775.801944,0.0
2019-02-12,22,0,275,407.24,407.24,0.0,-13608.263831,0.0
2019-02-12,22,0,276,0.0,0.0,0.0,-0.0,0.0
2019-02-12,22,0,277,0.0,0.0,0.0,0.0,0.0
2019-02-12,22,0,278,0.0,0.0,0.0,0.0,0.0
2019-02-12,22,0,279,102.58,102.58,0.0,662.517415,0.0
2019-02-12,22,0,281,6.31,6.31,0.0,53.573026,0.0
2019-02-12,22,0,282,0.0,0.0,0.0,0.0,0.0
2019-02-12,23,0,9,0.0,0.0,0.0,0.0,0.0
2019-02-12,23,0,17,0.0,0.0,0.0,0.0,0.0
2019-02-12,23,0,19,289.24,289.24,0.0,3234.518487,0.0
2019-02-12,23,0,20,350.8,350.8,0.0,3922.932808,0.0
2019-02-12,23,0,21,0.0,0.0,0.0,0.0,0.0
2019-02-12,23,0,22,0.0,0.0,0.0,0.0,0.0
2019-02-12,23,0,23,43.8,43.8,0.0,190.549843,0.0
2019-02-12,23,0,24,77.49,77.49,0.0,337.116606,0.0
2019-02-12,23,0,29,0.0,0.0,0.0,0.0,0.0
2019-02-12,23,0,30,0.0,0.0,0.0,0.0,0.0
2019-02-12,23,0,31,14.48,14.48,0.0,62.425789,0.0
2019-02-12,23,0,32,0.0,0.0,0.0,0.0,0.0
2019-02-12,23,0,33,0.0,0.0,0.0,0.0,0.0
2019-02-12,23,0,34,0.0,0.0,0.0,0.0,0.0
2019-02-12,23,0,35,0.0,0.0,0.0,0.0,0.0
2019-02-12,23,0,36,0.0,0.0,0.0,0.0,0.0
2019-02-12,23,0,37,0.0,0.0,0.0,0.0,0.0
2019-02-12,23,0,38,0.0,0.0,0.0,0.0,0.0
2019-02-12,23,0,39,0.0,0.0,0.0,0.0,0.0
2019-02-12,23,0,40,0.0,0.0,0.0,0.0,0.0
2019-02-12,23,0,41,40.13,40.13,0.0,258.677234,0.0
2019-02-12,23,0,42,0.0,0.0,0.0,0.0,0.0
2019-02-12,23,0,43,0.0,0.0,0.0,0.0,0.0
2019-02-12,23,0,46,0.0,0.0,0.0,0.0,0.0
2019-02-12,23,0,52,15.35,15.35,0.0,66.17651,0.0
2019-02-12,23,0,53,24.39,24.39,0.0,105.149517,0.0
2019-02-12,23,0,55,237.16,237.16,0.0,1031.753441,0.0
2019-02-12,23,0,56,0.0,0.0,0.0,0.0,0.0
2019-02-12,23,0,57,0.0,0.0,0.0,0.0,0.0
2019-02-12,23,0,58,0.0,0.0,0.0,0.0,0.0
2019-02-12,23,0,59,0.0,0.0,0.0,0.0,0.0
2019-02-12,23,0,63,61.16,61.16,0.0,1662.886579,0.0
2019-02-12,23,0,64,71.96,71.96,0.0,1956.529075,0.0
2019-02-12,23,0,65,2.93,2.93,0.0,32.598857,0.0
2019-02-12,23,0,67,0.0,0.0,0.0,-0.0,0.0
2019-02-12,23,0,68,3.74,3.74,0.0,-30.463129,0.0
2019-02-12,23,0,69,0.0,0.0,0.0,0.0,0.0
2019-02-12,23,0,74,14.11,14.11,0.0,134.705661,0.0
2019-02-12,23,0,77,94.43,94.43,0.0,55.264995,0.0
2019-02-12,23,0,78,71.39,71.39,0.0,41.780875,0.0
2019-02-12,23,0,79,41.32,41.32,0.0,24.182459,0.0
2019-02-12,23,0,80,66.81,66.81,0.0,39.100438,0.0
2019-02-12,23,0,81,87.35,87.35,0.0,51.121437,0.0
2019-02-12,23,0,82,61.62,61.62,0.0,36.062999,0.0
2019-02-12,23,0,83,137.4,137.4,0.0,80.413114,0.0
2019-02-12,23,0,84,0.0,0.0,0.0,0.0,0.0
2019-02-12,23,0,86,0.0,0.0,0.0,0.0,0.0
2019-02-12,23,0,87,0.0,0.0,0.0,0.0,0.0
2019-02-12,23,0,88,80.45,80.45,0.0,47.083224,0.0
2019-02-12,23,0,89,77.34,77.34,0.0,45.263102,0.0
2019-02-12,23,0,90,103.84,103.84,0.0,60.772181,0.0
2019-02-12,23,0,91,370.43,370.43,0.0,216.79352,0.0
2019-02-12,23,0,92,133.22,133.22,0.0,77.966776,0.0
2019-02-12,23,0,95,4.09,4.09,0.0,90.189951,0.0
2019-02-12,23,0,96,9.92,9.92,0.0,42.359611,0.0
2019-02-12,23,0,97,60.99,60.99,0.0,260.434748,0.0
2019-02-12,23,0,99,2.72,2.72,0.0,25.967356,0.0
2019-02-12,23,0,101,0.0,0.0,0.0,0.0,0.0
2019-02-12,23,0,102,8.85,8.85,0.0,-72.085212,0.0
2019-02-12,23,0,103,7.7,7.7,0.0,-62.718207,0.0
2019-02-12,23,0,104,1.43,1.43,0.0,-11.647667,0.0
2019-02-12,23,0,106,0.0,0.0,0.0,0.0,0.0
2019-02-12,23,0,109,23.17,23.17,0.0,178.603081,0.0
2019-02-12,23,0,110,337.63,337.63,0.0,-16716.552678,0.0
2019-02-12,23,0,111,0.0,0.0,0.0,0.0,0.0
2019-02-12,23,0,113,63.96,63.96,0.0,116.952864,0.0
2019-02-12,23,0,115,63.96,63.96,0.0,116.952864,0.0
2019-02-12,23,0,116,0.0,0.0,0.0,-0.0,0.0
2019-02-12,23,0,117,4.26,4.26,0.0,7.789543,0.0
2019-02-12,23,0,119,71.96,71.96,0.0,1956.529075,0.0
2019-02-12,23,0,120,42.31,42.31,0.0,1150.371667,0.0
2019-02-12,23,0,123,0.0,0.0,0.0,0.0,0.0
2019-02-12,23,0,125,70.13,70.13,0.0,305.097271,0.0
2019-02-12,23,0,126,0.0,0.0,0.0,0.0,0.0
2019-02-12,23,0,127,0.0,0.0,0.0,0.0,0.0
2019-02-12,23,0,128,100.44,100.44,0.0,436.959503,0.0
2019-02-12,23,0,131,11.35,11.35,0.0,-61.581457,0.0
2019-02-12,23,0,132,16.69,16.69,0.0,-90.554583,0.0
2019-02-12,23,0,133,49.43,49.43,0.0,553.031851,0.0
2019-02-12,23,0,134,0.0,0.0,0.0,0.0,0.0
2019-02-12,23,0,135,66.24,66.24,0.0,741.105195,0.0
2019-02-12,23,0,136,5.92,5.92,0.0,65.846766,0.0
2019-02-12,23,0,139,51.82,51.82,0.0,334.030756,0.0
2019-02-12,23,0,140,249.89,249.89,0.0,-12372.417583,0.0
2019-02-12,23,0,141,121.31,121.31,0.0,-2223.386106,0.0
2019-02-12,23,0,142,0.0,0.0,0.0,-0.0,0.0
2019-02-12,23,0,143,25.64,25.64,0.0,110.538483,0.0
2019-02-12,23,0,145,9.95,9.95,0.0,55.452239,0.0
2019-02-12,23,0,146,268.0,268.0,0.0,-13269.07004,0.0
2019-02-12,23,0,152,0.0,0.0,0.0,0.0,0.0
2019-02-12,23,0,153,0.0,0.0,0.0,0.0,0.0
2019-02-12,23,0,154,0.0,0.0,0.0,0.0,0.0
2019-02-12,23,0,157,195.44,195.44,0.0,-3582.050784,0.0
2019-02-12,23,0,158,0.0,0.0,0.0,-0.0,0.0
2019-02-12,23,0,159,0.0,0.0,0.0,0.0,0.0
2019-02-12,23,0,160,0.0,0.0,0.0,0.0,0.0
2019-02-12,23,0,161,0.0,0.0,0.0,-0.0,0.0
2019-02-12,23,0,162,1.61,1.61,0.0,35.594793,0.0
2019-02-12,23,0,163,73.59,73.59,0.0,-3643.548001,0.0
2019-02-12,23,0,164,0.0,0.0,0.0,0.0,0.0
2019-02-12,23,0,167,0.0,0.0,0.0,0.0,0.0
2019-02-12,23,0,168,0.0,0.0,0.0,0.0,0.0
2019-02-12,23,0,169,0.0,0.0,0.0,0.0,0.0
2019-02-12,23,0,170,0.0,0.0,0.0,0.0,0.0
2019-02-12,23,0,172,0.0,0.0,0.0,0.0,0.0
2019-02-12,23,0,173,0.0,0.0,0.0,0.0,0.0
2019-02-12,23,0,188,0.0,0.0,0.0,0.0,0.0
2019-02-12,23,0,190,0.0,0.0,0.0,0.0,0.0
2019-02-12,23,0,191,0.0,0.0,0.0,0.0,0.0
2019-02-12,23,0,192,97.52,97.52,0.0,2651.482982,0.0
2019-02-12,23,0,194,59.99,59.99,0.0,633.989995,0.0
2019-02-12,23,0,196,0.0,0.0,0.0,0.0,0.0
2019-02-12,23,0,198,0.0,0.0,0.0,0.0,0.0
2019-02-12,23,0,199,0.0,0.0,0.0,0.0,0.0
2019-02-12,23,0,200,0.0,0.0,0.0,0.0,0.0
2019-02-12,23,0,204,75.43,75.43,0.0,568.069273,0.0
2019-02-12,23,0,205,122.56,122.56,0.0,944.738609,0.0
2019-02-12,23,0,206,179.23,179.23,0.0,765.333987,0.0
2019-02-12,23,0,210,0.0,0.0,0.0,0.0,0.0
2019-02-12,23,0,214,0.0,0.0,0.0,0.0,0.0
2019-02-12,23,0,217,0.0,0.0,0.0,0.0,0.0
2019-02-12,23,0,218,0.0,0.0,0.0,0.0,0.0
2019-02-12,23,0,219,0.0,0.0,0.0,0.0,0.0
2019-02-12,23,0,221,0.0,0.0,0.0,0.0,0.0
2019-02-12,23,0,225,0.0,0.0,0.0,0.0,0.0
2019-02-12,23,0,233,0.0,0.0,0.0,0.0,0.0
2019-02-12,23,0,236,16.73,16.73,0.0,173.997145,0.0
2019-02-12,23,0,237,33.86,33.86,0.0,323.255399,0.0
2019-02-12,23,0,238,0.0,0.0,0.0,0.0,0.0
2019-02-12,23,0,240,0.0,0.0,0.0,0.0,0.0
2019-02-12,23,0,245,70.53,70.53,0.0,803.48927,0.0
2019-02-12,23,0,247,19.24,19.24,0.0,219.18522,0.0
2019-02-12,23,0,248,3.4,3.4,0.0,32.459195,0.0
2019-02-12,23,0,249,135.64,135.64,0.0,1545.233016,0.0
2019-02-12,23,0,251,19.13,19.13,0.0,211.05023,0.0
2019-02-12,23,0,252,18.88,18.88,0.0,210.056799,0.0
2019-02-12,23,0,254,0.0,0.0,0.0,0.0,0.0
2019-02-12,23,0,255,0.0,0.0,0.0,0.0,0.0
2019-02-12,23,0,258,0.0,0.0,0.0,0.0,0.0
2019-02-12,23,0,260,0.0,0.0,0.0,0.0,0.0
2019-02-12,23,0,265,0.0,0.0,0.0,0.0,0.0
2019-02-12,23,0,266,33.56,33.56,0.0,216.327136,0.0
2019-02-12,23,0,267,41.24,41.24,0.0,265.832273,0.0
2019-02-12,23,0,270,229.83,229.83,0.0,-11379.217788,0.0
2019-02-12,23,0,272,213.75,213.75,0.0,390.848573,0.0
2019-02-12,23,0,273,0.0,0.0,0.0,-0.0,0.0
2019-02-12,23,0,274,296.27,296.27,0.0,-14668.758883,0.0
2019-02-12,23,0,275,412.42,412.42,0.0,-20419.514425,0.0
2019-02-12,23,0,276,0.0,0.0,0.0,-0.0,0.0
2019-02-12,23,0,277,0.0,0.0,0.0,0.0,0.0
2019-02-12,23,0,278,0.0,0.0,0.0,0.0,0.0
2019-02-12,23,0,279,102.13,102.13,0.0,135.840978,0.0
2019-02-12,23,0,281,6.5,6.5,0.0,28.022626,0.0
2019-02-12,23,0,282,0.0,0.0,0.0,0.0,0.0
2019-02-13,0,0,9,0.0,0.0,0.0,0.0,0.0
2019-02-13,0,0,17,0.0,0.0,0.0,0.0,0.0
2019-02-13,0,0,19,288.49,288.49,0.0,3112.012096,0.0
2019-02-13,0,0,20,349.88,349.88,0.0,3774.241021,0.0
2019-02-13,0,0,21,0.0,0.0,0.0,0.0,0.0
2019-02-13,0,0,22,0.0,0.0,0.0,0.0,0.0
2019-02-13,0,0,23,45.65,45.65,0.0,181.656614,0.0
2019-02-13,0,0,24,80.78,80.78,0.0,321.45063,0.0
2019-02-13,0,0,29,0.0,0.0,0.0,0.0,0.0
2019-02-13,0,0,30,0.0,0.0,0.0,0.0,0.0
2019-02-13,0,0,31,14.95,14.95,0.0,58.901942,0.0
2019-02-13,0,0,32,0.0,0.0,0.0,0.0,0.0
2019-02-13,0,0,33,0.0,0.0,0.0,0.0,0.0
2019-02-13,0,0,34,0.0,0.0,0.0,0.0,0.0
2019-02-13,0,0,35,0.0,0.0,0.0,0.0,0.0
2019-02-13,0,0,36,0.0,0.0,0.0,0.0,0.0
2019-02-13,0,0,37,0.0,0.0,0.0,0.0,0.0
2019-02-13,0,0,38,0.0,0.0,0.0,0.0,0.0
2019-02-13,0,0,39,0.0,0.0,0.0,0.0,0.0
2019-02-13,0,0,40,0.0,0.0,0.0,0.0,0.0
2019-02-13,0,0,41,40.48,40.48,0.0,246.035849,0.0
2019-02-13,0,0,42,0.0,0.0,0.0,0.0,0.0
2019-02-13,0,0,43,0.0,0.0,0.0,0.0,0.0
2019-02-13,0,0,46,0.0,0.0,0.0,0.0,0.0
2019-02-13,0,0,52,15.85,15.85,0.0,62.447878,0.0
2019-02-13,0,0,53,25.17,25.17,0.0,99.168018,0.0
2019-02-13,0,0,55,244.4,244.4,0.0,972.54932,0.0
2019-02-13,0,0,56,0.0,0.0,0.0,0.0,0.0
2019-02-13,0,0,57,0.0,0.0,0.0,0.0,0.0
2019-02-13,0,0,58,0.0,0.0,0.0,0.0,0.0
2019-02-13,0,0,59,0.0,0.0,0.0,0.0,0.0
2019-02-13,0,0,63,64.29,64.29,0.0,1747.988525,0.0
2019-02-13,0,0,64,75.63,75.63,0.0,2056.313146,0.0
2019-02-13,0,0,65,2.84,2.84,0.0,30.476262,0.0
2019-02-13,0,0,67,0.0,0.0,0.0,-0.0,0.0
2019-02-13,0,0,68,4.04,4.04,0.0,-34.936002,0.0
2019-02-13,0,0,69,0.0,0.0,0.0,0.0,0.0
2019-02-13,0,0,74,13.34,13.34,0.0,122.342261,0.0
2019-02-13,0,0,77,114.05,114.05,0.0,22.960738,0.0
2019-02-13,0,0,78,86.22,86.22,0.0,17.357955,0.0
2019-02-13,0,0,79,49.9,49.9,0.0,10.045952,0.0
2019-02-13,0,0,80,80.69,80.69,0.0,16.244646,0.0
2019-02-13,0,0,81,105.5,105.5,0.0,21.239437,0.0
2019-02-13,0,0,82,74.42,74.42,0.0,14.98236,0.0
2019-02-13,0,0,83,165.94,165.94,0.0,33.40732,0.0
2019-02-13,0,0,84,0.0,0.0,0.0,0.0,0.0
2019-02-13,0,0,86,0.0,0.0,0.0,0.0,0.0
2019-02-13,0,0,87,0.0,0.0,0.0,0.0,0.0
2019-02-13,0,0,88,95.97,95.97,0.0,19.320842,0.0
2019-02-13,0,0,89,92.26,92.26,0.0,18.573938,0.0
2019-02-13,0,0,90,123.87,123.87,0.0,24.937717,0.0
2019-02-13,0,0,91,441.89,441.89,0.0,88.962038,0.0
2019-02-13,0,0,92,158.92,158.92,0.0,31.994042,0.0
2019-02-13,0,0,95,7.79,7.79,0.0,171.215251,0.0
2019-02-13,0,0,96,10.53,10.53,0.0,41.053805,0.0
2019-02-13,0,0,97,64.75,64.75,0.0,252.443863,0.0
2019-02-13,0,0,99,2.57,2.57,0.0,23.569686,0.0
2019-02-13,0,0,101,0.0,0.0,0.0,0.0,0.0
2019-02-13,0,0,102,9.56,9.56,0.0,-82.670341,0.0
2019-02-13,0,0,103,8.32,8.32,0.0,-71.94741,0.0
2019-02-13,0,0,104,1.54,1.54,0.0,-13.317189,0.0
2019-02-13,0,0,106,0.0,0.0,0.0,0.0,0.0
2019-02-13,0,0,109,30.58,30.58,0.0,224.787673,0.0
2019-02-13,0,0,110,338.6,338.6,0.0,-17128.81377,0.0
2019-02-13,0,0,111,0.0,0.0,0.0,0.0,0.0
2019-02-13,0,0,113,68.75,68.75,0.0,101.097943,0.0
2019-02-13,0,0,115,68.75,68.75,0.0,101.097943,0.0
2019-02-13,0,0,116,0.0,0.0,0.0,-0.0,0.0
2019-02-13,0,0,117,4.58,4.58,0.0,6.734961,0.0
2019-02-13,0,0,119,75.63,75.63,0.0,2056.313146,0.0
2019-02-13,0,0,120,44.47,44.47,0.0,1209.100166,0.0
2019-02-13,0,0,123,0.0,0.0,0.0,0.0,0.0
2019-02-13,0,0,125,73.1,73.1,0.0,290.889342,0.0
2019-02-13,0,0,126,0.0,0.0,0.0,0.0,0.0
2019-02-13,0,0,127,0.0,0.0,0.0,0.0,0.0
2019-02-13,0,0,128,104.69,104.69,0.0,416.596515,0.0
2019-02-13,0,0,131,12.37,12.37,0.0,-72.862828,0.0
2019-02-13,0,0,132,18.19,18.19,0.0,-107.144287,0.0
2019-02-13,0,0,133,45.06,45.06,0.0,486.311671,0.0
2019-02-13,0,0,134,0.0,0.0,0.0,0.0,0.0
2019-02-13,0,0,135,60.37,60.37,0.0,651.545397,0.0
2019-02-13,0,0,136,5.96,5.96,0.0,63.938848,0.0
2019-02-13,0,0,139,52.27,52.27,0.0,317.695006,0.0
2019-02-13,0,0,140,250.6,250.6,0.0,-12677.143328,0.0
2019-02-13,0,0,141,131.36,131.36,0.0,-2492.108216,0.0
2019-02-13,0,0,142,0.0,0.0,0.0,-0.0,0.0
2019-02-13,0,0,143,65.96,65.96,0.0,259.87773,0.0
2019-02-13,0,0,145,10.4,10.4,0.0,54.15131,0.0
2019-02-13,0,0,146,268.0,268.0,0.0,-13557.359984,0.0
2019-02-13,0,0,152,0.0,0.0,0.0,0.0,0.0
2019-02-13,0,0,153,0.0,0.0,0.0,0.0,0.0
2019-02-13,0,0,154,0.0,0.0,0.0,0.0,0.0
2019-02-13,0,0,157,236.25,236.25,0.0,-4482.038414,0.0
2019-02-13,0,0,158,0.0,0.0,0.0,-0.0,0.0
2019-02-13,0,0,159,0.0,0.0,0.0,0.0,0.0
2019-02-13,0,0,160,0.0,0.0,0.0,0.0,0.0
2019-02-13,0,0,161,0.0,0.0,0.0,-0.0,0.0
2019-02-13,0,0,162,4.88,4.88,0.0,107.540072,0.0
2019-02-13,0,0,163,77.76,77.76,0.0,-3933.657882,0.0
2019-02-13,0,0,164,0.0,0.0,0.0,0.0,0.0
2019-02-13,0,0,167,0.0,0.0,0.0,0.0,0.0
2019-02-13,0,0,168,0.0,0.0,0.0,0.0,0.0
2019-02-13,0,0,169,0.0,0.0,0.0,0.0,0.0
2019-02-13,0,0,170,0.0,0.0,0.0,0.0,0.0
2019-02-13,0,0,172,0.0,0.0,0.0,0.0,0.0
2019-02-13,0,0,173,0.0,0.0,0.0,0.0,0.0
2019-02-13,0,0,188,0.0,0.0,0.0,0.0,0.0
2019-02-13,0,0,190,0.0,0.0,0.0,0.0,0.0
2019-02-13,0,0,191,0.0,0.0,0.0,0.0,0.0
2019-02-13,0,0,192,100.36,100.36,0.0,2728.700083,0.0
2019-02-13,0,0,194,72.82,72.82,0.0,752.921539,0.0
2019-02-13,0,0,196,0.0,0.0,0.0,0.0,0.0
2019-02-13,0,0,198,0.0,0.0,0.0,0.0,0.0
2019-02-13,0,0,199,0.0,0.0,0.0,0.0,0.0
2019-02-13,0,0,200,0.0,0.0,0.0,0.0,0.0
2019-02-13,0,0,204,105.13,105.13,0.0,754.262286,0.0
2019-02-13,0,0,205,161.76,161.76,0.0,1189.066512,0.0
2019-02-13,0,0,206,190.27,190.27,0.0,741.814576,0.0
2019-02-13,0,0,210,0.0,0.0,0.0,0.0,0.0
2019-02-13,0,0,214,0.0,0.0,0.0,0.0,0.0
2019-02-13,0,0,217,0.0,0.0,0.0,0.0,0.0
2019-02-13,0,0,218,0.0,0.0,0.0,0.0,0.0
2019-02-13,0,0,219,0.0,0.0,0.0,0.0,0.0
2019-02-13,0,0,221,0.0,0.0,0.0,0.0,0.0
2019-02-13,0,0,225,0.0,0.0,0.0,0.0,0.0
2019-02-13,0,0,233,0.0,0.0,0.0,0.0,0.0
2019-02-13,0,0,236,13.5,13.5,0.0,135.209763,0.0
2019-02-13,0,0,237,31.99,31.99,0.0,293.382979,0.0
2019-02-13,0,0,238,0.0,0.0,0.0,0.0,0.0
2019-02-13,0,0,240,0.0,0.0,0.0,0.0,0.0
2019-02-13,0,0,245,41.36,41.36,0.0,454.702904,0.0
2019-02-13,0,0,247,17.06,17.06,0.0,187.553954,0.0
2019-02-13,0,0,248,3.21,3.21,0.0,29.43918,0.0
2019-02-13,0,0,249,77.48,77.48,0.0,851.798381,0.0
2019-02-13,0,0,251,19.42,19.42,0.0,206.606708,0.0
2019-02-13,0,0,252,18.31,18.31,0.0,196.486039,0.0
2019-02-13,0,0,254,0.0,0.0,0.0,0.0,0.0
2019-02-13,0,0,255,0.0,0.0,0.0,0.0,0.0
2019-02-13,0,0,258,0.0,0.0,0.0,0.0,0.0
2019-02-13,0,0,260,0.0,0.0,0.0,0.0,0.0
2019-02-13,0,0,265,0.0,0.0,0.0,0.0,0.0
2019-02-13,0,0,266,33.85,33.85,0.0,205.73897,0.0
2019-02-13,0,0,267,41.59,41.59,0.0,252.782386,0.0
2019-02-13,0,0,270,242.84,242.84,0.0,-12284.586934,0.0
2019-02-13,0,0,272,229.75,229.75,0.0,337.850943,0.0
2019-02-13,0,0,273,0.0,0.0,0.0,-0.0,0.0
2019-02-13,0,0,274,313.05,313.05,0.0,-15836.311727,0.0
2019-02-13,0,0,275,435.77,435.77,0.0,-22044.368508,0.0
2019-02-13,0,0,276,0.0,0.0,0.0,-0.0,0.0
2019-02-13,0,0,277,0.0,0.0,0.0,0.0,0.0
2019-02-13,0,0,278,0.0,0.0,0.0,0.0,0.0
2019-02-13,0,0,279,110.25,110.25,0.0,106.024694,0.0
2019-02-13,0,0,281,6.71,6.71,0.0,26.436925,0.0
2019-02-13,0,0,282,0.0,0.0,0.0,0.0,0.0
2019-02-13,1,0,9,0.0,0.0,0.0,0.0,0.0
2019-02-13,1,0,17,0.0,0.0,0.0,0.0,0.0
2019-02-13,1,0,19,288.62,288.62,0.0,2826.069932,0.0
2019-02-13,1,0,20,350.04,350.04,0.0,3427.473906,0.0
2019-02-13,1,0,21,0.0,0.0,0.0,0.0,0.0
2019-02-13,1,0,22,0.0,0.0,0.0,0.0,0.0
2019-02-13,1,0,23,48.07,48.07,0.0,136.860117,0.0
2019-02-13,1,0,24,85.05,85.05,0.0,242.145891,0.0
2019-02-13,1,0,29,0.0,0.0,0.0,0.0,0.0
2019-02-13,1,0,30,0.0,0.0,0.0,0.0,0.0
2019-02-13,1,0,31,34.61,34.61,0.0,97.13711,0.0
2019-02-13,1,0,32,0.0,0.0,0.0,0.0,0.0
2019-02-13,1,0,33,0.0,0.0,0.0,0.0,0.0
2019-02-13,1,0,34,0.0,0.0,0.0,0.0,0.0
2019-02-13,1,0,35,0.0,0.0,0.0,0.0,0.0
2019-02-13,1,0,36,0.0,0.0,0.0,0.0,0.0
2019-02-13,1,0,37,0.0,0.0,0.0,0.0,0.0
2019-02-13,1,0,38,0.0,0.0,0.0,0.0,0.0
2019-02-13,1,0,39,0.0,0.0,0.0,0.0,0.0
2019-02-13,1,0,40,0.0,0.0,0.0,0.0,0.0
2019-02-13,1,0,41,42.11,42.11,0.0,210.515765,0.0
2019-02-13,1,0,42,0.0,0.0,0.0,0.0,0.0
2019-02-13,1,0,43,0.0,0.0,0.0,0.0,0.0
2019-02-13,1,0,46,0.0,0.0,0.0,0.0,0.0
2019-02-13,1,0,52,36.84,36.84,0.0,103.395872,0.0
2019-02-13,1,0,53,60.22,60.22,0.0,169.014642,0.0
2019-02-13,1,0,55,213.13,213.13,0.0,606.802514,0.0
2019-02-13,1,0,56,0.0,0.0,0.0,0.0,0.0
2019-02-13,1,0,57,0.0,0.0,0.0,0.0,0.0
2019-02-13,1,0,58,0.0,0.0,0.0,0.0,0.0
2019-02-13,1,0,59,0.0,0.0,0.0,0.0,0.0
2019-02-13,1,0,63,69.84,69.84,0.0,1898.888141,0.0
2019-02-13,1,0,64,82.17,82.17,0.0,2234.12999,0.0
2019-02-13,1,0,65,2.83,2.83,0.0,27.549959,0.0
2019-02-13,1,0,67,0.0,0.0,0.0,-0.0,0.0
2019-02-13,1,0,68,4.63,4.63,0.0,-47.559717,0.0
2019-02-13,1,0,69,0.0,0.0,0.0,0.0,0.0
2019-02-13,1,0,74,12.88,12.88,0.0,105.075226,0.0
2019-02-13,1,0,77,141.15,141.15,0.0,-146.070308,0.0
2019-02-13,1,0,78,106.71,106.71,0.0,-110.429774,0.0
2019-02-13,1,0,79,61.75,61.75,0.0,-63.902526,0.0
2019-02-13,1,0,80,99.87,99.87,0.0,-103.35134,0.0
2019-02-13,1,0,81,130.57,130.57,0.0,-135.121503,0.0
2019-02-13,1,0,82,92.1,92.1,0.0,-95.310488,0.0
2019-02-13,1,0,83,205.38,205.38,0.0,-212.539283,0.0
2019-02-13,1,0,84,0.0,0.0,0.0,0.0,0.0
2019-02-13,1,0,86,0.0,0.0,0.0,0.0,0.0
2019-02-13,1,0,87,0.0,0.0,0.0,0.0,0.0
2019-02-13,1,0,88,117.89,117.89,0.0,-121.999494,0.0
2019-02-13,1,0,89,113.33,113.33,0.0,-117.280538,0.0
2019-02-13,1,0,90,152.17,152.17,0.0,-157.474451,0.0
2019-02-13,1,0,91,542.82,542.82,0.0,-561.742009,0.0
2019-02-13,1,0,92,195.22,195.22,0.0,-202.025119,0.0
2019-02-13,1,0,95,26.09,26.09,0.0,567.442146,0.0
2019-02-13,1,0,96,11.52,11.52,0.0,31.844891,0.0
2019-02-13,1,0,97,70.81,70.81,0.0,195.741038,0.0
2019-02-13,1,0,99,2.49,2.49,0.0,20.313456,0.0
2019-02-13,1,0,101,0.0,0.0,0.0,0.0,0.0
2019-02-13,1,0,102,10.97,10.97,0.0,-112.684687,0.0
2019-02-13,1,0,103,9.54,9.54,0.0,-97.995616,0.0
2019-02-13,1,0,104,1.77,1.77,0.0,-18.181577,0.0
2019-02-13,1,0,106,0.0,0.0,0.0,0.0,0.0
2019-02-13,1,0,109,53.89,53.89,0.0,340.239501,0.0
2019-02-13,1,0,110,338.6,338.6,0.0,-18309.009514,0.0
2019-02-13,1,0,111,0.0,0.0,0.0,0.0,0.0
2019-02-13,1,0,113,43.81,43.81,0.0,13.348333,0.0
2019-02-13,1,0,115,43.81,43.81,0.0,13.348333,0.0
2019-02-13,1,0,116,0.0,0.0,0.0,-0.0,0.0
2019-02-13,1,0,117,2.99,2.99,0.0,0.911014,0.0
2019-02-13,1,0,119,82.17,82.17,0.0,2234.12999,0.0
2019-02-13,1,0,120,48.31,48.31,0.0,1313.506387,0.0
2019-02-13,1,0,123,0.0,0.0,0.0,0.0,0.0
2019-02-13,1,0,125,76.96,76.96,0.0,219.112849,0.0
2019-02-13,1,0,126,0.0,0.0,0.0,0.0,0.0
2019-02-13,1,0,127,0.0,0.0,0.0,0.0,0.0
2019-02-13,1,0,128,110.23,110.23,0.0,313.83588,0.0
2019-02-13,1,0,131,14.02,14.02,0.0,-103.642733,0.0
2019-02-13,1,0,132,20.61,20.61,0.0,-152.359254,0.0
2019-02-13,1,0,133,40.9,40.9,0.0,400.697511,0.0
2019-02-13,1,0,134,0.0,0.0,0.0,0.0,0.0
2019-02-13,1,0,135,54.81,54.81,0.0,536.973852,0.0
2019-02-13,1,0,136,6.02,6.02,0.0,58.585768,0.0
2019-02-13,1,0,139,54.38,54.38,0.0,271.85579,0.0
2019-02-13,1,0,140,250.6,250.6,0.0,-13550.613657,0.0
2019-02-13,1,0,141,143.18,143.18,0.0,-3014.547106,0.0
2019-02-13,1,0,142,0.0,0.0,0.0,-0.0,0.0
2019-02-13,1,0,143,88.23,88.23,0.0,247.628062,0.0
2019-02-13,1,0,145,11.63,11.63,0.0,47.78963,0.0
2019-02-13,1,0,146,268.0,268.0,0.0,-14491.478292,0.0
2019-02-13,1,0,152,0.0,0.0,0.0,0.0,0.0
2019-02-13,1,0,153,0.0,0.0,0.0,0.0,0.0
2019-02-13,1,0,154,0.0,0.0,0.0,0.0,0.0
2019-02-13,1,0,157,250.0,250.0,0.0,-5263.561786,0.0
2019-02-13,1,0,158,0.0,0.0,0.0,-0.0,0.0
2019-02-13,1,0,159,0.0,0.0,0.0,0.0,0.0
2019-02-13,1,0,160,0.0,0.0,0.0,0.0,0.0
2019-02-13,1,0,161,0.0,0.0,0.0,-0.0,0.0
2019-02-13,1,0,162,11.0,11.0,0.0,239.90995,0.0
2019-02-13,1,0,163,84.6,84.6,0.0,-4574.548744,0.0
2019-02-13,1,0,164,0.0,0.0,0.0,0.0,0.0
2019-02-13,1,0,167,0.0,0.0,0.0,0.0,0.0
2019-02-13,1,0,168,0.0,0.0,0.0,0.0,0.0
2019-02-13,1,0,169,0.0,0.0,0.0,0.0,0.0
2019-02-13,1,0,170,0.0,0.0,0.0,0.0,0.0
2019-02-13,1,0,172,0.0,0.0,0.0,0.0,0.0
2019-02-13,1,0,173,0.0,0.0,0.0,0.0,0.0
2019-02-13,1,0,188,0.0,0.0,0.0,0.0,0.0
2019-02-13,1,0,190,0.0,0.0,0.0,0.0,0.0
2019-02-13,1,0,191,0.0,0.0,0.0,0.0,0.0
2019-02-13,1,0,192,104.65,104.65,0.0,2845.341408,0.0
2019-02-13,1,0,194,93.18,93.18,0.0,892.691611,0.0
2019-02-13,1,0,196,0.0,0.0,0.0,0.0,0.0
2019-02-13,1,0,198,0.0,0.0,0.0,0.0,0.0
2019-02-13,1,0,199,0.0,0.0,0.0,0.0,0.0
2019-02-13,1,0,200,0.0,0.0,0.0,0.0,0.0
2019-02-13,1,0,204,194.2,194.2,0.0,1191.274997,0.0
2019-02-13,1,0,205,285.09,285.09,0.0,1799.942094,0.0
2019-02-13,1,0,206,208.08,208.08,0.0,575.198351,0.0
2019-02-13,1,0,210,0.0,0.0,0.0,0.0,0.0
2019-02-13,1,0,214,0.0,0.0,0.0,0.0,0.0
2019-02-13,1,0,217,0.0,0.0,0.0,0.0,0.0
2019-02-13,1,0,218,0.0,0.0,0.0,0.0,0.0
2019-02-13,1,0,219,0.0,0.0,0.0,0.0,0.0
2019-02-13,1,0,221,0.0,0.0,0.0,0.0,0.0
2019-02-13,1,0,225,0.0,0.0,0.0,0.0,0.0
2019-02-13,1,0,233,0.0,0.0,0.0,0.0,0.0
2019-02-13,1,0,236,10.89,10.89,0.0,98.151867,0.0
2019-02-13,1,0,237,30.91,30.91,0.0,252.164226,0.0
2019-02-13,1,0,238,0.0,0.0,0.0,0.0,0.0
2019-02-13,1,0,240,0.0,0.0,0.0,0.0,0.0
2019-02-13,1,0,245,18.25,18.25,0.0,182.502752,0.0
2019-02-13,1,0,247,15.31,15.31,0.0,153.102308,0.0
2019-02-13,1,0,248,3.1,3.1,0.0,25.289845,0.0
2019-02-13,1,0,249,35.09,35.09,0.0,350.905291,0.0
2019-02-13,1,0,251,20.37,20.37,0.0,196.405148,0.0
2019-02-13,1,0,252,18.26,18.26,0.0,177.76051,0.0
2019-02-13,1,0,254,0.0,0.0,0.0,0.0,0.0
2019-02-13,1,0,255,0.0,0.0,0.0,0.0,0.0
2019-02-13,1,0,258,0.0,0.0,0.0,0.0,0.0
2019-02-13,1,0,260,0.0,0.0,0.0,0.0,0.0
2019-02-13,1,0,265,0.0,0.0,0.0,0.0,0.0
2019-02-13,1,0,266,35.21,35.21,0.0,176.021375,0.0
2019-02-13,1,0,267,43.27,43.27,0.0,216.314822,0.0
2019-02-13,1,0,270,264.19,264.19,0.0,-14285.461381,0.0
2019-02-13,1,0,272,146.13,146.13,0.0,44.523898,0.0
2019-02-13,1,0,273,0.0,0.0,0.0,-0.0,0.0
2019-02-13,1,0,274,340.58,340.58,0.0,-18416.073421,0.0
2019-02-13,1,0,275,474.09,474.09,0.0,-25635.316953,0.0
2019-02-13,1,0,276,0.0,0.0,0.0,-0.0,0.0
2019-02-13,1,0,277,0.0,0.0,0.0,-0.0,0.0
2019-02-13,1,0,278,0.0,0.0,0.0,-0.0,0.0
2019-02-13,1,0,279,127.79,127.79,0.0,-29.693099,0.0
2019-02-13,1,0,281,14.29,14.29,0.0,40.106596,0.0
2019-02-13,1,0,282,0.0,0.0,0.0,0.0,0.0
2019-02-13,2,0,9,0.0,0.0,0.0,0.0,0.0
2019-02-13,2,0,17,0.0,0.0,0.0,0.0,0.0
2019-02-13,2,0,19,248.52,248.52,0.0,2491.394403,0.0
2019-02-13,2,0,20,301.4,301.4,0.0,3021.512446,0.0
2019-02-13,2,0,21,0.0,0.0,0.0,0.0,0.0
2019-02-13,2,0,22,0.0,0.0,0.0,0.0,0.0
2019-02-13,2,0,23,53.88,53.88,0.0,148.975086,0.0
2019-02-13,2,0,24,95.33,95.33,0.0,263.581941,0.0
2019-02-13,2,0,29,0.0,0.0,0.0,0.0,0.0
2019-02-13,2,0,30,0.0,0.0,0.0,0.0,0.0
2019-02-13,2,0,31,12.41,12.41,0.0,33.793174,0.0
2019-02-13,2,0,32,0.0,0.0,0.0,0.0,0.0
2019-02-13,2,0,33,0.0,0.0,0.0,0.0,0.0
2019-02-13,2,0,34,0.0,0.0,0.0,0.0,0.0
2019-02-13,2,0,35,0.0,0.0,0.0,0.0,0.0
2019-02-13,2,0,36,0.0,0.0,0.0,0.0,0.0
2019-02-13,2,0,37,0.0,0.0,0.0,0.0,0.0
2019-02-13,2,0,38,0.0,0.0,0.0,0.0,0.0
2019-02-13,2,0,39,0.0,0.0,0.0,0.0,0.0
2019-02-13,2,0,40,0.0,0.0,0.0,0.0,0.0
2019-02-13,2,0,41,38.02,38.02,0.0,189.999864,0.0
2019-02-13,2,0,42,0.0,0.0,0.0,0.0,0.0
2019-02-13,2,0,43,0.0,0.0,0.0,0.0,0.0
2019-02-13,2,0,46,0.0,0.0,0.0,0.0,0.0
2019-02-13,2,0,52,13.16,13.16,0.0,35.835469,0.0
2019-02-13,2,0,53,20.9,20.9,0.0,56.911952,0.0
2019-02-13,2,0,55,246.63,246.63,0.0,681.917697,0.0
2019-02-13,2,0,56,0.0,0.0,0.0,0.0,0.0
2019-02-13,2,0,57,0.0,0.0,0.0,0.0,0.0
2019-02-13,2,0,58,0.0,0.0,0.0,0.0,0.0
2019-02-13,2,0,59,0.0,0.0,0.0,0.0,0.0
2019-02-13,2,0,63,70.47,70.47,0.0,1916.017286,0.0
2019-02-13,2,0,64,82.9,82.9,0.0,2253.978048,0.0
2019-02-13,2,0,65,2.75,2.75,0.0,27.403024,0.0
2019-02-13,2,0,67,0.0,0.0,0.0,-0.0,0.0
2019-02-13,2,0,68,4.6,4.6,0.0,-48.68288,0.0
2019-02-13,2,0,69,0.0,0.0,0.0,0.0,0.0
2019-02-13,2,0,74,11.75,11.75,0.0,97.455813,0.0
2019-02-13,2,0,77,143.53,143.53,0.0,-179.435152,0.0
2019-02-13,2,0,78,108.51,108.51,0.0,-135.654625,0.0
2019-02-13,2,0,79,62.79,62.79,0.0,-78.497409,0.0
2019-02-13,2,0,80,101.55,101.55,0.0,-126.953526,0.0
2019-02-13,2,0,81,132.77,132.77,0.0,-165.983454,0.0
2019-02-13,2,0,82,93.65,93.65,0.0,-117.07728,0.0
2019-02-13,2,0,83,208.84,208.84,0.0,-261.082959,0.0
2019-02-13,2,0,84,0.0,0.0,0.0,0.0,0.0
2019-02-13,2,0,86,0.0,0.0,0.0,0.0,0.0
2019-02-13,2,0,87,0.0,0.0,0.0,0.0,0.0
2019-02-13,2,0,88,118.95,118.95,0.0,-148.706273,0.0
2019-02-13,2,0,89,114.35,114.35,0.0,-142.955547,0.0
2019-02-13,2,0,90,153.53,153.53,0.0,-191.93673,0.0
2019-02-13,2,0,91,547.68,547.68,0.0,-684.686434,0.0
2019-02-13,2,0,92,196.97,196.97,0.0,-246.243586,0.0
2019-02-13,2,0,95,8.37,8.37,0.0,181.579679,0.0
2019-02-13,2,0,96,11.04,11.04,0.0,29.579349,0.0
2019-02-13,2,0,97,67.88,67.88,0.0,181.870125,0.0
2019-02-13,2,0,99,2.27,2.27,0.0,18.827634,0.0
2019-02-13,2,0,101,0.0,0.0,0.0,0.0,0.0
2019-02-13,2,0,102,10.89,10.89,0.0,-115.251427,0.0
2019-02-13,2,0,103,9.47,9.47,0.0,-100.223233,0.0
2019-02-13,2,0,104,1.76,1.76,0.0,-18.626493,0.0
2019-02-13,2,0,106,0.0,0.0,0.0,0.0,0.0
2019-02-13,2,0,109,57.84,57.84,0.0,367.103654,0.0
2019-02-13,2,0,110,338.6,338.6,0.0,-18557.98103,0.0
2019-02-13,2,0,111,0.0,0.0,0.0,0.0,0.0
2019-02-13,2,0,113,46.76,46.76,0.0,3.801824,0.0
2019-02-13,2,0,115,46.76,46.76,0.0,3.801824,0.0
2019-02-13,2,0,116,0.0,0.0,0.0,-0.0,0.0
2019-02-13,2,0,117,2.5,2.5,0.0,0.203263,0.0
2019-02-13,2,0,119,82.9,82.9,0.0,2253.978048,0.0
2019-02-13,2,0,120,48.75,48.75,0.0,1325.4696,0.0
2019-02-13,2,0,123,0.0,0.0,0.0,0.0,0.0
2019-02-13,2,0,125,86.26,86.26,0.0,238.503915,0.0
2019-02-13,2,0,126,0.0,0.0,0.0,0.0,0.0
2019-02-13,2,0,127,0.0,0.0,0.0,0.0,0.0
2019-02-13,2,0,128,123.55,123.55,0.0,341.60861,0.0
2019-02-13,2,0,131,14.18,14.18,0.0,-108.842349,0.0
2019-02-13,2,0,132,20.84,20.84,0.0,-159.962944,0.0
2019-02-13,2,0,133,36.02,36.02,0.0,361.302064,0.0
2019-02-13,2,0,134,0.0,0.0,0.0,0.0,0.0
2019-02-13,2,0,135,48.27,48.27,0.0,484.176864,0.0
2019-02-13,2,0,136,5.52,5.52,0.0,54.987104,0.0
2019-02-13,2,0,139,49.1,49.1,0.0,245.370682,0.0
2019-02-13,2,0,140,250.6,250.6,0.0,-13734.87905,0.0
2019-02-13,2,0,141,161.16,161.16,0.0,-3460.075052,0.0
2019-02-13,2,0,142,0.0,0.0,0.0,-0.0,0.0
2019-02-13,2,0,143,43.54,43.54,0.0,118.562029,0.0
2019-02-13,2,0,145,11.02,11.02,0.0,44.841685,0.0
2019-02-13,2,0,146,268.0,268.0,0.0,-14688.53785,0.0
2019-02-13,2,0,152,0.0,0.0,0.0,0.0,0.0
2019-02-13,2,0,153,0.0,0.0,0.0,0.0,0.0
2019-02-13,2,0,154,0.0,0.0,0.0,0.0,0.0
2019-02-13,2,0,157,250.0,250.0,0.0,-5367.453233,0.0
2019-02-13,2,0,158,0.0,0.0,0.0,-0.0,0.0
2019-02-13,2,0,159,0.0,0.0,0.0,0.0,0.0
2019-02-13,2,0,160,0.0,0.0,0.0,0.0,0.0
2019-02-13,2,0,161,0.0,0.0,0.0,-0.0,0.0
2019-02-13,2,0,162,9.29,9.29,0.0,202.107099,0.0
2019-02-13,2,0,163,83.92,83.92,0.0,-4599.485434,0.0
2019-02-13,2,0,164,0.0,0.0,0.0,0.0,0.0
2019-02-13,2,0,167,0.0,0.0,0.0,0.0,0.0
2019-02-13,2,0,168,0.0,0.0,0.0,0.0,0.0
2019-02-13,2,0,169,0.0,0.0,0.0,0.0,0.0
2019-02-13,2,0,170,0.0,0.0,0.0,0.0,0.0
2019-02-13,2,0,172,0.0,0.0,0.0,0.0,0.0
2019-02-13,2,0,173,0.0,0.0,0.0,0.0,0.0
2019-02-13,2,0,188,0.0,0.0,0.0,0.0,0.0
2019-02-13,2,0,190,0.0,0.0,0.0,0.0,0.0
2019-02-13,2,0,191,0.0,0.0,0.0,0.0,0.0
2019-02-13,2,0,192,104.65,104.65,0.0,2845.341408,0.0
2019-02-13,2,0,194,94.77,94.77,0.0,893.404933,0.0
2019-02-13,2,0,196,0.0,0.0,0.0,0.0,0.0
2019-02-13,2,0,198,0.0,0.0,0.0,0.0,0.0
2019-02-13,2,0,199,0.0,0.0,0.0,0.0,0.0
2019-02-13,2,0,200,0.0,0.0,0.0,0.0,0.0
2019-02-13,2,0,204,232.95,232.95,0.0,1434.67323,0.0
2019-02-13,2,0,205,283.96,283.96,0.0,1802.260611,0.0
2019-02-13,2,0,206,199.47,199.47,0.0,534.43774,0.0
2019-02-13,2,0,210,0.0,0.0,0.0,0.0,0.0
2019-02-13,2,0,214,0.0,0.0,0.0,0.0,0.0
2019-02-13,2,0,217,0.0,0.0,0.0,0.0,0.0
2019-02-13,2,0,218,0.0,0.0,0.0,0.0,0.0
2019-02-13,2,0,219,0.0,0.0,0.0,0.0,0.0
2019-02-13,2,0,221,0.0,0.0,0.0,0.0,0.0
2019-02-13,2,0,225,0.0,0.0,0.0,0.0,0.0
2019-02-13,2,0,233,0.0,0.0,0.0,0.0,0.0
2019-02-13,2,0,236,10.07,10.07,0.0,92.621603,0.0
2019-02-13,2,0,237,28.2,28.2,0.0,233.89395,0.0
2019-02-13,2,0,238,0.0,0.0,0.0,0.0,0.0
2019-02-13,2,0,240,0.0,0.0,0.0,0.0,0.0
2019-02-13,2,0,245,18.59,18.59,0.0,190.477939,0.0
2019-02-13,2,0,247,15.61,15.61,0.0,159.94409,0.0
2019-02-13,2,0,248,2.83,2.83,0.0,23.472336,0.0
2019-02-13,2,0,249,35.75,35.75,0.0,366.303729,0.0
2019-02-13,2,0,251,22.66,22.66,0.0,223.561647,0.0
2019-02-13,2,0,252,17.74,17.74,0.0,176.774418,0.0
2019-02-13,2,0,254,0.0,0.0,0.0,0.0,0.0
2019-02-13,2,0,255,0.0,0.0,0.0,0.0,0.0
2019-02-13,2,0,258,0.0,0.0,0.0,0.0,0.0
2019-02-13,2,0,260,0.0,0.0,0.0,0.0,0.0
2019-02-13,2,0,265,0.0,0.0,0.0,0.0,0.0
2019-02-13,2,0,266,31.79,31.79,0.0,158.866273,0.0
2019-02-13,2,0,267,39.07,39.07,0.0,195.247099,0.0
2019-02-13,2,0,270,262.07,262.07,0.0,-14363.526547,0.0
2019-02-13,2,0,272,201.72,201.72,0.0,16.400852,0.0
2019-02-13,2,0,273,0.0,0.0,0.0,-0.0,0.0
2019-02-13,2,0,274,337.84,337.84,0.0,-18516.326968,0.0
2019-02-13,2,0,275,470.29,470.29,0.0,-25775.643529,0.0
2019-02-13,2,0,276,0.0,0.0,0.0,-0.0,0.0
2019-02-13,2,0,277,0.0,0.0,0.0,-0.0,0.0
2019-02-13,2,0,278,0.0,0.0,0.0,-0.0,0.0
2019-02-13,2,0,279,126.03,126.03,0.0,-57.028563,0.0
2019-02-13,2,0,281,5.57,5.57,0.0,15.167444,0.0
2019-02-13,2,0,282,0.0,0.0,0.0,0.0,0.0
2019-02-13,3,0,9,0.0,0.0,0.0,0.0,0.0
2019-02-13,3,0,17,0.0,0.0,0.0,0.0,0.0
2019-02-13,3,0,19,234.04,234.04,0.0,2489.212323,0.0
2019-02-13,3,0,20,283.85,283.85,0.0,3018.983584,0.0
2019-02-13,3,0,21,0.0,0.0,0.0,0.0,0.0
2019-02-13,3,0,22,0.0,0.0,0.0,0.0,0.0
2019-02-13,3,0,23,61.95,61.95,0.0,200.197782,0.0
2019-02-13,3,0,24,109.61,109.61,0.0,354.215963,0.0
2019-02-13,3,0,29,0.0,0.0,0.0,0.0,0.0
2019-02-13,3,0,30,0.0,0.0,0.0,0.0,0.0
2019-02-13,3,0,31,10.11,10.11,0.0,32.243769,0.0
2019-02-13,3,0,32,0.0,0.0,0.0,0.0,0.0
2019-02-13,3,0,33,0.0,0.0,0.0,0.0,0.0
2019-02-13,3,0,34,0.0,0.0,0.0,0.0,0.0
2019-02-13,3,0,35,0.0,0.0,0.0,0.0,0.0
2019-02-13,3,0,36,0.0,0.0,0.0,0.0,0.0
2019-02-13,3,0,37,0.0,0.0,0.0,0.0,0.0
2019-02-13,3,0,38,0.0,0.0,0.0,0.0,0.0
2019-02-13,3,0,39,0.0,0.0,0.0,0.0,0.0
2019-02-13,3,0,40,0.0,0.0,0.0,0.0,0.0
2019-02-13,3,0,41,35.82,35.82,0.0,196.730288,0.0
2019-02-13,3,0,42,0.0,0.0,0.0,0.0,0.0
2019-02-13,3,0,43,0.0,0.0,0.0,0.0,0.0
2019-02-13,3,0,46,0.0,0.0,0.0,0.0,0.0
2019-02-13,3,0,52,10.72,10.72,0.0,34.189238,0.0
2019-02-13,3,0,53,17.03,17.03,0.0,54.313687,0.0
2019-02-13,3,0,55,249.49,249.49,0.0,806.252538,0.0
2019-02-13,3,0,56,0.0,0.0,0.0,0.0,0.0
2019-02-13,3,0,57,0.0,0.0,0.0,0.0,0.0
2019-02-13,3,0,58,0.0,0.0,0.0,0.0,0.0
2019-02-13,3,0,59,0.0,0.0,0.0,0.0,0.0
2019-02-13,3,0,63,71.73,71.73,0.0,1950.275578,0.0
2019-02-13,3,0,64,84.39,84.39,0.0,2294.489837,0.0
2019-02-13,3,0,65,2.74,2.74,0.0,28.97167,0.0
2019-02-13,3,0,67,0.0,0.0,0.0,-0.0,0.0
2019-02-13,3,0,68,4.63,4.63,0.0,-46.487775,0.0
2019-02-13,3,0,69,0.0,0.0,0.0,0.0,0.0
2019-02-13,3,0,74,10.75,10.75,0.0,95.129717,0.0
2019-02-13,3,0,77,149.21,149.21,0.0,-122.817213,0.0
2019-02-13,3,0,78,112.8,112.8,0.0,-92.847541,0.0
2019-02-13,3,0,79,65.28,65.28,0.0,-53.733045,0.0
2019-02-13,3,0,80,105.57,105.57,0.0,-86.896409,0.0
2019-02-13,3,0,81,138.02,138.02,0.0,-113.606539,0.0
2019-02-13,3,0,82,97.36,97.36,0.0,-80.138622,0.0
2019-02-13,3,0,83,217.1,217.1,0.0,-178.698592,0.0
2019-02-13,3,0,84,0.0,0.0,0.0,0.0,0.0
2019-02-13,3,0,86,0.0,0.0,0.0,0.0,0.0
2019-02-13,3,0,87,0.0,0.0,0.0,0.0,0.0
2019-02-13,3,0,88,121.52,121.52,0.0,-100.025117,0.0
2019-02-13,3,0,89,116.82,116.82,0.0,-96.15647,0.0
2019-02-13,3,0,90,156.85,156.85,0.0,-129.105823,0.0
2019-02-13,3,0,91,559.51,559.51,0.0,-460.541913,0.0
2019-02-13,3,0,92,201.22,201.22,0.0,-165.627502,0.0
2019-02-13,3,0,95,6.6,6.6,0.0,143.63774,0.0
2019-02-13,3,0,96,10.98,10.98,0.0,34.532963,0.0
2019-02-13,3,0,97,67.51,67.51,0.0,212.324255,0.0
2019-02-13,3,0,99,2.08,2.08,0.0,18.406494,0.0
2019-02-13,3,0,101,0.0,0.0,0.0,0.0,0.0
2019-02-13,3,0,102,10.97,10.97,0.0,-110.1449,0.0
2019-02-13,3,0,103,9.54,9.54,0.0,-95.786905,0.0
2019-02-13,3,0,104,1.77,1.77,0.0,-17.771784,0.0
2019-02-13,3,0,106,0.0,0.0,0.0,0.0,0.0
2019-02-13,3,0,109,67.75,67.75,0.0,463.792758,0.0
2019-02-13,3,0,110,338.6,338.6,0.0,-18178.789106,0.0
2019-02-13,3,0,111,0.0,0.0,0.0,0.0,0.0
2019-02-13,3,0,113,38.88,38.88,0.0,18.300499,0.0
2019-02-13,3,0,115,38.88,38.88,0.0,18.300499,0.0
2019-02-13,3,0,116,0.0,0.0,0.0,-0.0,0.0
2019-02-13,3,0,117,2.0,2.0,0.0,0.941384,0.0
2019-02-13,3,0,119,84.39,84.39,0.0,2294.489837,0.0
2019-02-13,3,0,120,49.62,49.62,0.0,1349.124134,0.0
2019-02-13,3,0,123,0.0,0.0,0.0,0.0,0.0
2019-02-13,3,0,125,99.19,99.19,0.0,320.542664,0.0
2019-02-13,3,0,126,0.0,0.0,0.0,0.0,0.0
2019-02-13,3,0,127,0.0,0.0,0.0,0.0,0.0
2019-02-13,3,0,128,142.06,142.06,0.0,459.081468,0.0
2019-02-13,3,0,131,14.54,14.54,0.0,-104.266826,0.0
2019-02-13,3,0,132,21.37,21.37,0.0,-153.244985,0.0
2019-02-13,3,0,133,20.11,20.11,0.0,214.004693,0.0
2019-02-13,3,0,134,0.0,0.0,0.0,0.0,0.0
2019-02-13,3,0,135,26.91,26.91,0.0,286.368289,0.0
2019-02-13,3,0,136,5.18,5.18,0.0,54.753561,0.0
2019-02-13,3,0,139,46.25,46.25,0.0,254.013842,0.0
2019-02-13,3,0,140,250.6,250.6,0.0,-13454.23671,0.0
2019-02-13,3,0,141,181.29,181.29,0.0,-3768.121194,0.0
2019-02-13,3,0,142,0.0,0.0,0.0,-0.0,0.0
2019-02-13,3,0,143,20.49,20.49,0.0,65.348647,0.0
2019-02-13,3,0,145,10.85,10.85,0.0,49.340817,0.0
2019-02-13,3,0,146,268.0,268.0,0.0,-14388.40957,0.0
2019-02-13,3,0,152,0.0,0.0,0.0,0.0,0.0
2019-02-13,3,0,153,0.0,0.0,0.0,0.0,0.0
2019-02-13,3,0,154,0.0,0.0,0.0,0.0,0.0
2019-02-13,3,0,157,244.73,244.73,0.0,-5086.724583,0.0
2019-02-13,3,0,158,0.0,0.0,0.0,-0.0,0.0
2019-02-13,3,0,159,0.0,0.0,0.0,0.0,0.0
2019-02-13,3,0,160,0.0,0.0,0.0,0.0,0.0
2019-02-13,3,0,161,0.0,0.0,0.0,-0.0,0.0
2019-02-13,3,0,162,7.91,7.91,0.0,172.626139,0.0
2019-02-13,3,0,163,83.38,83.38,0.0,-4476.513395,0.0
2019-02-13,3,0,164,0.0,0.0,0.0,0.0,0.0
2019-02-13,3,0,167,0.0,0.0,0.0,0.0,0.0
2019-02-13,3,0,168,0.0,0.0,0.0,0.0,0.0
2019-02-13,3,0,169,0.0,0.0,0.0,0.0,0.0
2019-02-13,3,0,170,0.0,0.0,0.0,0.0,0.0
2019-02-13,3,0,172,0.0,0.0,0.0,0.0,0.0
2019-02-13,3,0,173,0.0,0.0,0.0,0.0,0.0
2019-02-13,3,0,188,0.0,0.0,0.0,0.0,0.0
2019-02-13,3,0,190,0.0,0.0,0.0,0.0,0.0
2019-02-13,3,0,191,0.0,0.0,0.0,0.0,0.0
2019-02-13,3,0,192,104.86,104.86,0.0,2851.051123,0.0
2019-02-13,3,0,194,96.22,96.22,0.0,930.984022,0.0
2019-02-13,3,0,196,0.0,0.0,0.0,0.0,0.0
2019-02-13,3,0,198,0.0,0.0,0.0,0.0,0.0
2019-02-13,3,0,199,0.0,0.0,0.0,0.0,0.0
2019-02-13,3,0,200,0.0,0.0,0.0,0.0,0.0
2019-02-13,3,0,204,285.04,285.04,0.0,1896.399294,0.0
2019-02-13,3,0,205,358.38,358.38,0.0,2453.343891,0.0
2019-02-13,3,0,206,198.39,198.39,0.0,623.952139,0.0
2019-02-13,3,0,210,0.0,0.0,0.0,0.0,0.0
2019-02-13,3,0,214,0.0,0.0,0.0,0.0,0.0
2019-02-13,3,0,217,0.0,0.0,0.0,0.0,0.0
2019-02-13,3,0,218,0.0,0.0,0.0,0.0,0.0
2019-02-13,3,0,219,0.0,0.0,0.0,0.0,0.0
2019-02-13,3,0,221,0.0,0.0,0.0,0.0,0.0
2019-02-13,3,0,225,0.0,0.0,0.0,0.0,0.0
2019-02-13,3,0,233,0.0,0.0,0.0,0.0,0.0
2019-02-13,3,0,236,9.83,9.83,0.0,96.137669,0.0
2019-02-13,3,0,237,25.8,25.8,0.0,228.311322,0.0
2019-02-13,3,0,238,0.0,0.0,0.0,0.0,0.0
2019-02-13,3,0,240,0.0,0.0,0.0,0.0,0.0
2019-02-13,3,0,245,20.9,20.9,0.0,227.072497,0.0
2019-02-13,3,0,247,16.74,16.74,0.0,181.875292,0.0
2019-02-13,3,0,248,2.59,2.59,0.0,22.919625,0.0
2019-02-13,3,0,249,40.19,40.19,0.0,436.652807,0.0
2019-02-13,3,0,251,25.72,25.72,0.0,269.324821,0.0
2019-02-13,3,0,252,17.65,17.65,0.0,186.624081,0.0
2019-02-13,3,0,254,0.0,0.0,0.0,0.0,0.0
2019-02-13,3,0,255,0.0,0.0,0.0,0.0,0.0
2019-02-13,3,0,258,0.0,0.0,0.0,0.0,0.0
2019-02-13,3,0,260,0.0,0.0,0.0,0.0,0.0
2019-02-13,3,0,265,0.0,0.0,0.0,0.0,0.0
2019-02-13,3,0,266,29.95,29.95,0.0,164.491126,0.0
2019-02-13,3,0,267,36.8,36.8,0.0,202.112636,0.0
2019-02-13,3,0,270,260.39,260.39,0.0,-13979.843164,0.0
2019-02-13,3,0,272,158.81,158.81,0.0,74.750572,0.0
2019-02-13,3,0,273,0.0,0.0,0.0,-0.0,0.0
2019-02-13,3,0,274,335.67,335.67,0.0,-18021.482987,0.0
2019-02-13,3,0,275,467.26,467.26,0.0,-25086.299462,0.0
2019-02-13,3,0,276,0.0,0.0,0.0,-0.0,0.0
2019-02-13,3,0,277,0.0,0.0,0.0,-0.0,0.0
2019-02-13,3,0,278,0.0,0.0,0.0,-0.0,0.0
2019-02-13,3,0,279,125.69,125.69,0.0,-6.035232,0.0
2019-02-13,3,0,281,4.54,4.54,0.0,14.479398,0.0
2019-02-13,3,0,282,0.0,0.0,0.0,0.0,0.0
2019-02-13,4,0,9,0.0,0.0,0.0,0.0,0.0
2019-02-13,4,0,17,0.0,0.0,0.0,0.0,0.0
2019-02-13,4,0,19,243.49,243.49,0.0,2362.671168,0.0
2019-02-13,4,0,20,295.31,295.31,0.0,2865.499293,0.0
2019-02-13,4,0,21,0.0,0.0,0.0,0.0,0.0
2019-02-13,4,0,22,0.0,0.0,0.0,0.0,0.0
2019-02-13,4,0,23,64.96,64.96,0.0,160.184926,0.0
2019-02-13,4,0,24,107.36,107.36,0.0,264.739127,0.0
2019-02-13,4,0,29,0.0,0.0,0.0,0.0,0.0
2019-02-13,4,0,30,0.0,0.0,0.0,0.0,0.0
2019-02-13,4,0,31,8.41,8.41,0.0,20.382258,0.0
2019-02-13,4,0,32,0.0,0.0,0.0,0.0,0.0
2019-02-13,4,0,33,0.0,0.0,0.0,0.0,0.0
2019-02-13,4,0,34,0.0,0.0,0.0,0.0,0.0
2019-02-13,4,0,35,0.0,0.0,0.0,0.0,0.0
2019-02-13,4,0,36,0.0,0.0,0.0,0.0,0.0
2019-02-13,4,0,37,0.0,0.0,0.0,0.0,0.0
2019-02-13,4,0,38,0.0,0.0,0.0,0.0,0.0
2019-02-13,4,0,39,0.0,0.0,0.0,0.0,0.0
2019-02-13,4,0,40,0.0,0.0,0.0,0.0,0.0
2019-02-13,4,0,41,35.83,35.83,0.0,168.912908,0.0
2019-02-13,4,0,42,0.0,0.0,0.0,0.0,0.0
2019-02-13,4,0,43,0.0,0.0,0.0,0.0,0.0
2019-02-13,4,0,46,0.0,0.0,0.0,0.0,0.0
2019-02-13,4,0,52,8.92,8.92,0.0,21.618281,0.0
2019-02-13,4,0,53,14.16,14.16,0.0,34.317809,0.0
2019-02-13,4,0,55,263.14,263.14,0.0,648.877178,0.0
2019-02-13,4,0,56,0.0,0.0,0.0,0.0,0.0
2019-02-13,4,0,57,0.0,0.0,0.0,0.0,0.0
2019-02-13,4,0,58,0.0,0.0,0.0,0.0,0.0
2019-02-13,4,0,59,0.0,0.0,0.0,0.0,0.0
2019-02-13,4,0,63,72.61,72.61,0.0,2044.683942,0.0
2019-02-13,4,0,64,85.43,85.43,0.0,2405.69273,0.0
2019-02-13,4,0,65,2.78,2.78,0.0,26.81189,0.0
2019-02-13,4,0,67,0.0,0.0,0.0,-0.0,0.0
2019-02-13,4,0,68,4.75,4.75,0.0,-53.785106,0.0
2019-02-13,4,0,69,0.0,0.0,0.0,0.0,0.0
2019-02-13,4,0,74,9.88,9.88,0.0,79.120102,0.0
2019-02-13,4,0,77,157.88,157.88,0.0,-251.582676,0.0
2019-02-13,4,0,78,119.36,119.36,0.0,-190.200838,0.0
2019-02-13,4,0,79,69.07,69.07,0.0,-110.063437,0.0
2019-02-13,4,0,80,111.7,111.7,0.0,-177.994584,0.0
2019-02-13,4,0,81,146.04,146.04,0.0,-232.715569,0.0
2019-02-13,4,0,82,103.02,103.02,0.0,-164.162955,0.0
2019-02-13,4,0,83,229.72,229.72,0.0,-366.060124,0.0
2019-02-13,4,0,84,0.0,0.0,0.0,0.0,0.0
2019-02-13,4,0,86,0.0,0.0,0.0,0.0,0.0
2019-02-13,4,0,87,0.0,0.0,0.0,0.0,0.0
2019-02-13,4,0,88,126.82,126.82,0.0,-202.08839,0.0
2019-02-13,4,0,89,121.91,121.91,0.0,-194.264277,0.0
2019-02-13,4,0,90,163.69,163.69,0.0,-260.840944,0.0
2019-02-13,4,0,91,583.92,583.92,0.0,-930.479835,0.0
2019-02-13,4,0,92,210.0,210.0,0.0,-334.636192,0.0
2019-02-13,4,0,95,12.06,12.06,0.0,270.502624,0.0
2019-02-13,4,0,96,11.29,11.29,0.0,26.86273,0.0
2019-02-13,4,0,97,69.43,69.43,0.0,165.197463,0.0
2019-02-13,4,0,99,1.91,1.91,0.0,15.295485,0.0
2019-02-13,4,0,101,0.0,0.0,0.0,0.0,0.0
2019-02-13,4,0,102,11.24,11.24,0.0,-127.272545,0.0
2019-02-13,4,0,103,9.78,9.78,0.0,-110.740702,0.0
2019-02-13,4,0,104,1.82,1.82,0.0,-20.608188,0.0
2019-02-13,4,0,106,0.0,0.0,0.0,0.0,0.0
2019-02-13,4,0,109,79.83,79.83,0.0,486.319857,0.0
2019-02-13,4,0,110,338.6,338.6,0.0,-19458.850239,0.0
2019-02-13,4,0,111,0.0,0.0,0.0,0.0,0.0
2019-02-13,4,0,113,22.03,22.03,0.0,-3.867585,0.0
2019-02-13,4,0,115,22.03,22.03,0.0,-3.867585,0.0
2019-02-13,4,0,116,0.0,0.0,0.0,-0.0,0.0
2019-02-13,4,0,117,1.47,1.47,0.0,-0.258073,0.0
2019-02-13,4,0,119,85.43,85.43,0.0,2405.69273,0.0
2019-02-13,4,0,120,50.23,50.23,0.0,1414.467351,0.0
2019-02-13,4,0,123,0.0,0.0,0.0,0.0,0.0
2019-02-13,4,0,125,98.51,98.51,0.0,242.915903,0.0
2019-02-13,4,0,126,0.0,0.0,0.0,0.0,0.0
2019-02-13,4,0,127,0.0,0.0,0.0,0.0,0.0
2019-02-13,4,0,128,133.79,133.79,0.0,329.912889,0.0
2019-02-13,4,0,131,15.19,15.19,0.0,-125.916634,0.0
2019-02-13,4,0,132,22.33,22.33,0.0,-185.103255,0.0
2019-02-13,4,0,133,31.61,31.61,0.0,306.898316,0.0
2019-02-13,4,0,134,0.0,0.0,0.0,0.0,0.0
2019-02-13,4,0,135,43.61,43.61,0.0,423.405111,0.0
2019-02-13,4,0,136,4.9,4.9,0.0,47.242552,0.0
2019-02-13,4,0,139,46.28,46.28,0.0,218.177208,0.0
2019-02-13,4,0,140,250.6,250.6,0.0,-14401.618045,0.0
2019-02-13,4,0,141,203.4,203.4,0.0,-4613.630422,0.0
2019-02-13,4,0,142,0.0,0.0,0.0,-0.0,0.0
2019-02-13,4,0,143,18.52,18.52,0.0,44.884592,0.0
2019-02-13,4,0,145,11.11,11.11,0.0,42.062831,0.0
2019-02-13,4,0,146,268.0,268.0,0.0,-15401.570774,0.0
2019-02-13,4,0,152,0.0,0.0,0.0,0.0,0.0
2019-02-13,4,0,153,0.0,0.0,0.0,0.0,0.0
2019-02-13,4,0,154,0.0,0.0,0.0,0.0,0.0
2019-02-13,4,0,157,227.87,227.87,0.0,-5168.67239,0.0
2019-02-13,4,0,158,0.0,0.0,0.0,-0.0,0.0
2019-02-13,4,0,159,0.0,0.0,0.0,0.0,0.0
2019-02-13,4,0,160,0.0,0.0,0.0,0.0,0.0
2019-02-13,4,0,161,0.0,0.0,0.0,-0.0,0.0
2019-02-13,4,0,162,6.77,6.77,0.0,152.281296,0.0
2019-02-13,4,0,163,83.33,83.33,0.0,-4788.854077,0.0
2019-02-13,4,0,164,0.0,0.0,0.0,0.0,0.0
2019-02-13,4,0,167,0.0,0.0,0.0,0.0,0.0
2019-02-13,4,0,168,0.0,0.0,0.0,0.0,0.0
2019-02-13,4,0,169,0.0,0.0,0.0,0.0,0.0
2019-02-13,4,0,170,0.0,0.0,0.0,0.0,0.0
2019-02-13,4,0,172,0.0,0.0,0.0,0.0,0.0
2019-02-13,4,0,173,0.0,0.0,0.0,0.0,0.0
2019-02-13,4,0,188,0.0,0.0,0.0,0.0,0.0
2019-02-13,4,0,190,0.0,0.0,0.0,0.0,0.0
2019-02-13,4,0,191,0.0,0.0,0.0,0.0,0.0
2019-02-13,4,0,192,105.31,105.31,0.0,2965.509791,0.0
2019-02-13,4,0,194,98.44,98.44,0.0,945.303159,0.0
2019-02-13,4,0,196,0.0,0.0,0.0,0.0,0.0
2019-02-13,4,0,198,0.0,0.0,0.0,0.0,0.0
2019-02-13,4,0,199,0.0,0.0,0.0,0.0,0.0
2019-02-13,4,0,200,0.0,0.0,0.0,0.0,0.0
2019-02-13,4,0,204,350.42,350.42,0.0,2069.327444,0.0
2019-02-13,4,0,205,422.31,422.31,0.0,2572.688699,0.0
2019-02-13,4,0,206,204.01,204.01,0.0,485.408821,0.0
2019-02-13,4,0,210,0.0,0.0,0.0,0.0,0.0
2019-02-13,4,0,214,0.0,0.0,0.0,0.0,0.0
2019-02-13,4,0,217,0.0,0.0,0.0,0.0,0.0
2019-02-13,4,0,218,0.0,0.0,0.0,0.0,0.0
2019-02-13,4,0,219,0.0,0.0,0.0,0.0,0.0
2019-02-13,4,0,221,0.0,0.0,0.0,0.0,0.0
2019-02-13,4,0,225,0.0,0.0,0.0,0.0,0.0
2019-02-13,4,0,233,0.0,0.0,0.0,0.0,0.0
2019-02-13,4,0,236,10.11,10.11,0.0,89.939186,0.0
2019-02-13,4,0,237,23.7,23.7,0.0,189.792148,0.0
2019-02-13,4,0,238,0.0,0.0,0.0,0.0,0.0
2019-02-13,4,0,240,0.0,0.0,0.0,0.0,0.0
2019-02-13,4,0,245,25.52,25.52,0.0,253.147368,0.0
2019-02-13,4,0,247,19.03,19.03,0.0,188.769373,0.0
2019-02-13,4,0,248,2.38,2.38,0.0,19.059296,0.0
2019-02-13,4,0,249,49.08,49.08,0.0,486.852383,0.0
2019-02-13,4,0,251,29.69,29.69,0.0,283.481093,0.0
2019-02-13,4,0,252,17.96,17.96,0.0,173.216385,0.0
2019-02-13,4,0,254,0.0,0.0,0.0,0.0,0.0
2019-02-13,4,0,255,0.0,0.0,0.0,0.0,0.0
2019-02-13,4,0,258,0.0,0.0,0.0,0.0,0.0
2019-02-13,4,0,260,0.0,0.0,0.0,0.0,0.0
2019-02-13,4,0,265,0.0,0.0,0.0,0.0,0.0
2019-02-13,4,0,266,29.97,29.97,0.0,141.287185,0.0
2019-02-13,4,0,267,36.82,36.82,0.0,173.580052,0.0
2019-02-13,4,0,270,260.23,260.23,0.0,-14955.040159,0.0
2019-02-13,4,0,272,73.62,73.62,0.0,-12.92472,0.0
2019-02-13,4,0,273,0.0,0.0,0.0,-0.0,0.0
2019-02-13,4,0,274,335.46,335.46,0.0,-19278.399,0.0
2019-02-13,4,0,275,466.97,466.97,0.0,-26836.087703,0.0
2019-02-13,4,0,276,0.0,0.0,0.0,-0.0,0.0
2019-02-13,4,0,277,0.0,0.0,0.0,-0.0,0.0
2019-02-13,4,0,278,0.0,0.0,0.0,-0.0,0.0
2019-02-13,4,0,279,128.06,128.06,0.0,-95.28141,0.0
2019-02-13,4,0,281,3.78,3.78,0.0,9.16111,0.0
2019-02-13,4,0,282,0.0,0.0,0.0,0.0,0.0
2019-02-13,5,0,9,0.0,0.0,0.0,0.0,0.0
2019-02-13,5,0,17,0.0,0.0,0.0,0.0,0.0
2019-02-13,5,0,19,168.47,168.47,0.0,1662.844808,0.0
2019-02-13,5,0,20,204.32,204.32,0.0,2016.694077,0.0
2019-02-13,5,0,21,0.0,0.0,0.0,0.0,0.0
2019-02-13,5,0,22,0.0,0.0,0.0,0.0,0.0
2019-02-13,5,0,23,68.55,68.55,0.0,171.540416,0.0
2019-02-13,5,0,24,121.28,121.28,0.0,303.492657,0.0
2019-02-13,5,0,29,0.0,0.0,0.0,0.0,0.0
2019-02-13,5,0,30,0.0,0.0,0.0,0.0,0.0
2019-02-13,5,0,31,5.42,5.42,0.0,13.326875,0.0
2019-02-13,5,0,32,0.0,0.0,0.0,0.0,0.0
2019-02-13,5,0,33,0.0,0.0,0.0,0.0,0.0
2019-02-13,5,0,34,0.0,0.0,0.0,0.0,0.0
2019-02-13,5,0,35,0.0,0.0,0.0,0.0,0.0
2019-02-13,5,0,36,0.0,0.0,0.0,0.0,0.0
2019-02-13,5,0,37,0.0,0.0,0.0,0.0,0.0
2019-02-13,5,0,38,0.0,0.0,0.0,0.0,0.0
2019-02-13,5,0,39,0.0,0.0,0.0,0.0,0.0
2019-02-13,5,0,40,0.0,0.0,0.0,0.0,0.0
2019-02-13,5,0,41,36.03,36.03,0.0,173.335142,0.0
2019-02-13,5,0,42,0.0,0.0,0.0,0.0,0.0
2019-02-13,5,0,43,0.0,0.0,0.0,0.0,0.0
2019-02-13,5,0,46,0.0,0.0,0.0,0.0,0.0
2019-02-13,5,0,52,5.75,5.75,0.0,14.138289,0.0
2019-02-13,5,0,53,9.13,9.13,0.0,22.449145,0.0
2019-02-13,5,0,55,173.07,173.07,0.0,433.092629,0.0
2019-02-13,5,0,56,0.0,0.0,0.0,0.0,0.0
2019-02-13,5,0,57,0.0,0.0,0.0,0.0,0.0
2019-02-13,5,0,58,0.0,0.0,0.0,0.0,0.0
2019-02-13,5,0,59,0.0,0.0,0.0,0.0,0.0
2019-02-13,5,0,63,74.78,74.78,0.0,2229.067558,0.0
2019-02-13,5,0,64,87.98,87.98,0.0,2622.537627,0.0
2019-02-13,5,0,65,1.94,1.94,0.0,19.034211,0.0
2019-02-13,5,0,67,0.0,0.0,0.0,-0.0,0.0
2019-02-13,5,0,68,4.57,4.57,0.0,-54.597855,0.0
2019-02-13,5,0,69,0.0,0.0,0.0,0.0,0.0
2019-02-13,5,0,74,9.22,9.22,0.0,75.32979,0.0
2019-02-13,5,0,77,153.21,153.21,0.0,-257.179825,0.0
2019-02-13,5,0,78,115.83,115.83,0.0,-194.433386,0.0
2019-02-13,5,0,79,67.03,67.03,0.0,-112.517223,0.0
2019-02-13,5,0,80,108.4,108.4,0.0,-181.961315,0.0
2019-02-13,5,0,81,141.72,141.72,0.0,-237.892597,0.0
2019-02-13,5,0,82,99.97,99.97,0.0,-167.810633,0.0
2019-02-13,5,0,83,222.93,222.93,0.0,-374.212508,0.0
2019-02-13,5,0,84,0.0,0.0,0.0,0.0,0.0
2019-02-13,5,0,86,0.0,0.0,0.0,0.0,0.0
2019-02-13,5,0,87,0.0,0.0,0.0,0.0,0.0
2019-02-13,5,0,88,123.43,123.43,0.0,-207.190822,0.0
2019-02-13,5,0,89,118.65,118.65,0.0,-199.167066,0.0
2019-02-13,5,0,90,159.31,159.31,0.0,-267.419345,0.0
2019-02-13,5,0,91,568.3,568.3,0.0,-953.954014,0.0
2019-02-13,5,0,92,204.39,204.39,0.0,-343.09108,0.0
2019-02-13,5,0,95,5.99,5.99,0.0,142.320706,0.0
2019-02-13,5,0,96,11.0,11.0,0.0,26.546162,0.0
2019-02-13,5,0,97,67.67,67.67,0.0,163.307161,0.0
2019-02-13,5,0,99,1.78,1.78,0.0,14.543061,0.0
2019-02-13,5,0,101,0.0,0.0,0.0,0.0,0.0
2019-02-13,5,0,102,10.81,10.81,0.0,-129.147224,0.0
2019-02-13,5,0,103,9.4,9.4,0.0,-112.301934,0.0
2019-02-13,5,0,104,1.75,1.75,0.0,-20.907275,0.0
2019-02-13,5,0,106,0.0,0.0,0.0,0.0,0.0
2019-02-13,5,0,109,79.99,79.99,0.0,499.212973,0.0
2019-02-13,5,0,110,338.6,338.6,0.0,-20546.657279,0.0
2019-02-13,5,0,111,0.0,0.0,0.0,0.0,0.0
2019-02-13,5,0,113,49.97,49.97,0.0,-7.88184,0.0
2019-02-13,5,0,115,49.97,49.97,0.0,-7.88184,0.0
2019-02-13,5,0,116,0.0,0.0,0.0,-0.0,0.0
2019-02-13,5,0,117,2.41,2.41,0.0,-0.380133,0.0
2019-02-13,5,0,119,87.98,87.98,0.0,2622.537627,0.0
2019-02-13,5,0,120,51.73,51.73,0.0,1541.985354,0.0
2019-02-13,5,0,123,0.0,0.0,0.0,0.0,0.0
2019-02-13,5,0,125,109.75,109.75,0.0,274.639834,0.0
2019-02-13,5,0,126,0.0,0.0,0.0,0.0,0.0
2019-02-13,5,0,127,0.0,0.0,0.0,0.0,0.0
2019-02-13,5,0,128,157.2,157.2,0.0,393.379334,0.0
2019-02-13,5,0,131,14.65,14.65,0.0,-128.086113,0.0
2019-02-13,5,0,132,21.53,21.53,0.0,-188.238499,0.0
2019-02-13,5,0,133,8.82,8.82,0.0,87.104685,0.0
2019-02-13,5,0,134,0.0,0.0,0.0,0.0,0.0
2019-02-13,5,0,135,12.57,12.57,0.0,124.138989,0.0
2019-02-13,5,0,136,3.93,3.93,0.0,38.546302,0.0
2019-02-13,5,0,139,46.53,46.53,0.0,223.84913,0.0
2019-02-13,5,0,140,250.6,250.6,0.0,-15206.71091,0.0
2019-02-13,5,0,141,173.93,173.93,0.0,-4164.520981,0.0
2019-02-13,5,0,142,0.0,0.0,0.0,-0.0,0.0
2019-02-13,5,0,143,22.72,22.72,0.0,55.864685,0.0
2019-02-13,5,0,145,10.77,10.77,0.0,41.608959,0.0
2019-02-13,5,0,146,268.0,268.0,0.0,-16262.563942,0.0
2019-02-13,5,0,152,0.0,0.0,0.0,0.0,0.0
2019-02-13,5,0,153,0.0,0.0,0.0,0.0,0.0
2019-02-13,5,0,154,0.0,0.0,0.0,0.0,0.0
2019-02-13,5,0,157,206.59,206.59,0.0,-4946.520954,0.0
2019-02-13,5,0,158,0.0,0.0,0.0,-0.0,0.0
2019-02-13,5,0,159,0.0,0.0,0.0,0.0,0.0
2019-02-13,5,0,160,0.0,0.0,0.0,0.0,0.0
2019-02-13,5,0,161,0.0,0.0,0.0,-0.0,0.0
2019-02-13,5,0,162,8.05,8.05,0.0,191.807649,0.0
2019-02-13,5,0,163,81.55,81.55,0.0,-4948.552573,0.0
2019-02-13,5,0,164,0.0,0.0,0.0,0.0,0.0
2019-02-13,5,0,167,0.0,0.0,0.0,0.0,0.0
2019-02-13,5,0,168,0.0,0.0,0.0,0.0,0.0
2019-02-13,5,0,169,0.0,0.0,0.0,0.0,0.0
2019-02-13,5,0,170,0.0,0.0,0.0,0.0,0.0
2019-02-13,5,0,172,0.0,0.0,0.0,0.0,0.0
2019-02-13,5,0,173,0.0,0.0,0.0,0.0,0.0
2019-02-13,5,0,188,0.0,0.0,0.0,0.0,0.0
2019-02-13,5,0,190,0.0,0.0,0.0,0.0,0.0
2019-02-13,5,0,191,0.0,0.0,0.0,0.0,0.0
2019-02-13,5,0,192,99.83,99.83,0.0,2975.766439,0.0
2019-02-13,5,0,194,108.33,108.33,0.0,1103.998048,0.0
2019-02-13,5,0,196,0.0,0.0,0.0,0.0,0.0
2019-02-13,5,0,198,0.0,0.0,0.0,0.0,0.0
2019-02-13,5,0,199,0.99,0.99,0.0,11.844332,0.0
2019-02-13,5,0,200,0.0,0.0,0.0,0.0,0.0
2019-02-13,5,0,204,341.06,341.06,0.0,2063.990972,0.0
2019-02-13,5,0,205,423.16,423.16,0.0,2640.917135,0.0
2019-02-13,5,0,206,198.86,198.86,0.0,479.906341,0.0
2019-02-13,5,0,210,0.0,0.0,0.0,0.0,0.0
2019-02-13,5,0,214,0.0,0.0,0.0,0.0,0.0
2019-02-13,5,0,217,0.0,0.0,0.0,0.0,0.0
2019-02-13,5,0,218,0.0,0.0,0.0,0.0,0.0
2019-02-13,5,0,219,0.0,0.0,0.0,0.0,0.0
2019-02-13,5,0,221,0.0,0.0,0.0,0.0,0.0
2019-02-13,5,0,225,0.0,0.0,0.0,0.0,0.0
2019-02-13,5,0,233,0.0,0.0,0.0,0.0,0.0
2019-02-13,5,0,236,7.92,7.92,0.0,71.780467,0.0
2019-02-13,5,0,237,22.11,22.11,0.0,180.644432,0.0
2019-02-13,5,0,238,0.0,0.0,0.0,0.0,0.0
2019-02-13,5,0,240,0.0,0.0,0.0,0.0,0.0
2019-02-13,5,0,245,15.2,15.2,0.0,153.316088,0.0
2019-02-13,5,0,247,11.36,11.36,0.0,114.583603,0.0
2019-02-13,5,0,248,2.22,2.22,0.0,18.137976,0.0
2019-02-13,5,0,249,29.22,29.22,0.0,294.730007,0.0
2019-02-13,5,0,251,18.86,18.86,0.0,183.222446,0.0
2019-02-13,5,0,252,12.51,12.51,0.0,122.741224,0.0
2019-02-13,5,0,254,0.0,0.0,0.0,0.0,0.0
2019-02-13,5,0,255,0.0,0.0,0.0,0.0,0.0
2019-02-13,5,0,258,0.0,0.0,0.0,0.0,0.0
2019-02-13,5,0,260,0.0,0.0,0.0,0.0,0.0
2019-02-13,5,0,265,0.0,0.0,0.0,0.0,0.0
2019-02-13,5,0,266,30.13,30.13,0.0,144.951091,0.0
2019-02-13,5,0,267,37.02,37.02,0.0,178.097889,0.0
2019-02-13,5,0,270,254.69,254.69,0.0,-15454.897053,0.0
2019-02-13,5,0,272,171.79,171.79,0.0,-27.096685,0.0
2019-02-13,5,0,273,0.0,0.0,0.0,-0.0,0.0
2019-02-13,5,0,274,328.32,328.32,0.0,-19922.854453,0.0
2019-02-13,5,0,275,457.03,457.03,0.0,-27733.13283,0.0
2019-02-13,5,0,276,0.0,0.0,0.0,-0.0,0.0
2019-02-13,5,0,277,0.0,0.0,0.0,-0.0,0.0
2019-02-13,5,0,278,0.0,0.0,0.0,-0.0,0.0
2019-02-13,5,0,279,124.22,124.22,0.0,-95.335889,0.0
2019-02-13,5,0,281,2.43,2.43,0.0,5.974964,0.0
2019-02-13,5,0,282,0.0,0.0,0.0,0.0,0.0
2019-02-13,6,0,9,0.0,0.0,0.0,0.0,0.0
2019-02-13,6,0,17,0.0,0.0,0.0,0.0,0.0
2019-02-13,6,0,19,132.31,132.31,0.0,1826.53148,0.0
2019-02-13,6,0,20,160.47,160.47,0.0,2215.278562,0.0
2019-02-13,6,0,21,0.0,0.0,0.0,0.0,0.0
2019-02-13,6,0,22,0.0,0.0,0.0,0.0,0.0
2019-02-13,6,0,23,66.05,66.05,0.0,392.250275,0.0
2019-02-13,6,0,24,116.87,116.87,0.0,694.054348,0.0
2019-02-13,6,0,29,0.0,0.0,0.0,0.0,0.0
2019-02-13,6,0,30,0.0,0.0,0.0,0.0,0.0
2019-02-13,6,0,31,3.51,3.51,0.0,20.66311,0.0
2019-02-13,6,0,32,0.0,0.0,0.0,0.0,0.0
2019-02-13,6,0,33,0.0,0.0,0.0,0.0,0.0
2019-02-13,6,0,34,0.0,0.0,0.0,0.0,0.0
2019-02-13,6,0,35,0.0,0.0,0.0,0.0,0.0
2019-02-13,6,0,36,0.0,0.0,0.0,0.0,0.0
2019-02-13,6,0,37,0.0,0.0,0.0,0.0,0.0
2019-02-13,6,0,38,0.0,0.0,0.0,0.0,0.0
2019-02-13,6,0,39,0.0,0.0,0.0,0.0,0.0
2019-02-13,6,0,40,0.0,0.0,0.0,0.0,0.0
2019-02-13,6,0,41,37.1,37.1,0.0,319.496416,0.0
2019-02-13,6,0,42,0.0,0.0,0.0,0.0,0.0
2019-02-13,6,0,43,0.0,0.0,0.0,0.0,0.0
2019-02-13,6,0,46,0.0,0.0,0.0,0.0,0.0
2019-02-13,6,0,52,3.72,3.72,0.0,21.899364,0.0
2019-02-13,6,0,53,5.9,5.9,0.0,34.732863,0.0
2019-02-13,6,0,55,64.52,64.52,0.0,383.164084,0.0
2019-02-13,6,0,56,0.0,0.0,0.0,0.0,0.0
2019-02-13,6,0,57,0.0,0.0,0.0,0.0,0.0
2019-02-13,6,0,58,0.0,0.0,0.0,0.0,0.0
2019-02-13,6,0,59,0.0,0.0,0.0,0.0,0.0
2019-02-13,6,0,63,78.42,78.42,0.0,2542.969029,0.0
2019-02-13,6,0,64,92.26,92.26,0.0,2991.76642,0.0
2019-02-13,6,0,65,1.45,1.45,0.0,19.94204,0.0
2019-02-13,6,0,67,0.0,0.0,0.0,-0.0,0.0
2019-02-13,6,0,68,4.49,4.49,0.0,-42.663478,0.0
2019-02-13,6,0,69,0.0,0.0,0.0,0.0,0.0
2019-02-13,6,0,74,8.95,8.95,0.0,109.771127,0.0
2019-02-13,6,0,77,151.79,151.79,0.0,145.385032,0.0
2019-02-13,6,0,78,114.75,114.75,0.0,109.907981,0.0
2019-02-13,6,0,79,66.41,66.41,0.0,63.607747,0.0
2019-02-13,6,0,80,107.39,107.39,0.0,102.858545,0.0
2019-02-13,6,0,81,140.4,140.4,0.0,134.475647,0.0
2019-02-13,6,0,82,99.04,99.04,0.0,94.860884,0.0
2019-02-13,6,0,83,220.85,220.85,0.0,211.53096,0.0
2019-02-13,6,0,84,0.0,0.0,0.0,0.0,0.0
2019-02-13,6,0,86,0.0,0.0,0.0,0.0,0.0
2019-02-13,6,0,87,0.0,0.0,0.0,0.0,0.0
2019-02-13,6,0,88,122.15,122.15,0.0,116.995729,0.0
2019-02-13,6,0,89,117.42,117.42,0.0,112.465317,0.0
2019-02-13,6,0,90,157.66,157.66,0.0,151.00734,0.0
2019-02-13,6,0,91,562.41,562.41,0.0,538.678411,0.0
2019-02-13,6,0,92,202.27,202.27,0.0,193.734966,0.0
2019-02-13,6,0,95,6.99,6.99,0.0,183.663474,0.0
2019-02-13,6,0,96,10.87,10.87,0.0,63.402867,0.0
2019-02-13,6,0,97,66.84,66.84,0.0,389.866387,0.0
2019-02-13,6,0,99,1.73,1.73,0.0,21.21833,0.0
2019-02-13,6,0,101,0.0,0.0,0.0,0.0,0.0
2019-02-13,6,0,102,10.62,10.62,0.0,-100.910052,0.0
2019-02-13,6,0,103,9.24,9.24,0.0,-87.797447,0.0
2019-02-13,6,0,104,1.72,1.72,0.0,-16.343248,0.0
2019-02-13,6,0,106,0.0,0.0,0.0,0.0,0.0
2019-02-13,6,0,109,81.17,81.17,0.0,846.850475,0.0
2019-02-13,6,0,110,338.6,338.6,0.0,-19946.049136,0.0
2019-02-13,6,0,111,0.0,0.0,0.0,0.0,0.0
2019-02-13,6,0,113,63.06,63.06,0.0,147.305416,0.0
2019-02-13,6,0,115,63.06,63.06,0.0,147.305416,0.0
2019-02-13,6,0,116,0.0,0.0,0.0,-0.0,0.0
2019-02-13,6,0,117,2.5,2.5,0.0,5.839891,0.0
2019-02-13,6,0,119,92.26,92.26,0.0,2991.76642,0.0
2019-02-13,6,0,120,54.25,54.25,0.0,1759.194974,0.0
2019-02-13,6,0,123,0.0,0.0,0.0,0.0,0.0
2019-02-13,6,0,125,105.76,105.76,0.0,628.075535,0.0
2019-02-13,6,0,126,0.0,0.0,0.0,0.0,0.0
2019-02-13,6,0,127,0.0,0.0,0.0,0.0,0.0
2019-02-13,6,0,128,151.48,151.48,0.0,899.592304,0.0
2019-02-13,6,0,131,14.4,14.4,0.0,-90.054981,0.0
2019-02-13,6,0,132,21.17,21.17,0.0,-132.39333,0.0
2019-02-13,6,0,133,5.11,5.11,0.0,70.568181,0.0
2019-02-13,6,0,134,0.0,0.0,0.0,0.0,0.0
2019-02-13,6,0,135,6.85,6.85,0.0,94.597268,0.0
2019-02-13,6,0,136,3.44,3.44,0.0,47.300987,0.0
2019-02-13,6,0,139,47.91,47.91,0.0,412.589576,0.0
2019-02-13,6,0,140,250.6,250.6,0.0,-14762.197027,0.0
2019-02-13,6,0,141,150.51,150.51,0.0,-3260.617385,0.0
2019-02-13,6,0,142,0.0,0.0,0.0,-0.0,0.0
2019-02-13,6,0,143,26.03,26.03,0.0,153.236681,0.0
2019-02-13,6,0,145,10.55,10.55,0.0,79.905133,0.0
2019-02-13,6,0,146,268.0,268.0,0.0,-15787.185967,0.0
2019-02-13,6,0,152,0.0,0.0,0.0,0.0,0.0
2019-02-13,6,0,153,0.0,0.0,0.0,0.0,0.0
2019-02-13,6,0,154,0.0,0.0,0.0,0.0,0.0
2019-02-13,6,0,157,186.63,186.63,0.0,-4043.113564,0.0
2019-02-13,6,0,158,0.0,0.0,0.0,-0.0,0.0
2019-02-13,6,0,159,0.0,0.0,0.0,0.0,0.0
2019-02-13,6,0,160,0.0,0.0,0.0,0.0,0.0
2019-02-13,6,0,161,0.0,0.0,0.0,-0.0,0.0
2019-02-13,6,0,162,9.45,9.45,0.0,248.949815,0.0
2019-02-13,6,0,163,81.4,81.4,0.0,-4795.0632,0.0
2019-02-13,6,0,164,0.0,0.0,0.0,0.0,0.0
2019-02-13,6,0,167,0.0,0.0,0.0,0.0,0.0
2019-02-13,6,0,168,0.0,0.0,0.0,0.0,0.0
2019-02-13,6,0,169,0.0,0.0,0.0,0.0,0.0
2019-02-13,6,0,170,0.0,0.0,0.0,0.0,0.0
2019-02-13,6,0,172,0.0,0.0,0.0,0.0,0.0
2019-02-13,6,0,173,0.0,0.0,0.0,0.0,0.0
2019-02-13,6,0,188,0.0,0.0,0.0,0.0,0.0
2019-02-13,6,0,190,0.0,0.0,0.0,0.0,0.0
2019-02-13,6,0,191,0.0,0.0,0.0,0.0,0.0
2019-02-13,6,0,192,96.48,96.48,0.0,3128.610711,0.0
2019-02-13,6,0,194,120.71,120.71,0.0,1529.950817,0.0
2019-02-13,6,0,196,0.0,0.0,0.0,0.0,0.0
2019-02-13,6,0,198,0.0,0.0,0.0,0.0,0.0
2019-02-13,6,0,199,2.07,2.07,0.0,28.515986,0.0
2019-02-13,6,0,200,0.0,0.0,0.0,0.0,0.0
2019-02-13,6,0,204,337.17,337.17,0.0,3452.395779,0.0
2019-02-13,6,0,205,429.39,429.39,0.0,4479.846317,0.0
2019-02-13,6,0,206,196.42,196.42,0.0,1145.684557,0.0
2019-02-13,6,0,210,0.0,0.0,0.0,0.0,0.0
2019-02-13,6,0,214,0.0,0.0,0.0,0.0,0.0
2019-02-13,6,0,217,0.0,0.0,0.0,0.0,0.0
2019-02-13,6,0,218,0.0,0.0,0.0,0.0,0.0
2019-02-13,6,0,219,0.0,0.0,0.0,0.0,0.0
2019-02-13,6,0,221,0.0,0.0,0.0,0.0,0.0
2019-02-13,6,0,225,0.0,0.0,0.0,0.0,0.0
2019-02-13,6,0,233,0.0,0.0,0.0,0.0,0.0
2019-02-13,6,0,236,7.11,7.11,0.0,93.146011,0.0
2019-02-13,6,0,237,21.47,21.47,0.0,263.328055,0.0
2019-02-13,6,0,238,0.0,0.0,0.0,0.0,0.0
2019-02-13,6,0,240,0.0,0.0,0.0,0.0,0.0
2019-02-13,6,0,245,10.2,10.2,0.0,142.753611,0.0
2019-02-13,6,0,247,7.65,7.65,0.0,107.065208,0.0
2019-02-13,6,0,248,2.15,2.15,0.0,26.3696,0.0
2019-02-13,6,0,249,19.61,19.61,0.0,274.450814,0.0
2019-02-13,6,0,251,12.58,12.58,0.0,171.944333,0.0
2019-02-13,6,0,252,9.33,9.33,0.0,128.316713,0.0
2019-02-13,6,0,254,0.0,0.0,0.0,0.0,0.0
2019-02-13,6,0,255,0.0,0.0,0.0,0.0,0.0
2019-02-13,6,0,258,0.0,0.0,0.0,0.0,0.0
2019-02-13,6,0,260,0.0,0.0,0.0,0.0,0.0
2019-02-13,6,0,265,0.0,0.0,0.0,0.0,0.0
2019-02-13,6,0,266,31.02,31.02,0.0,267.136895,0.0
2019-02-13,6,0,267,38.13,38.13,0.0,328.366532,0.0
2019-02-13,6,0,270,254.21,254.21,0.0,-14974.852779,0.0
2019-02-13,6,0,272,222.5,222.5,0.0,519.750317,0.0
2019-02-13,6,0,273,0.0,0.0,0.0,-0.0,0.0
2019-02-13,6,0,274,327.7,327.7,0.0,-19303.958364,0.0
2019-02-13,6,0,275,456.17,456.17,0.0,-26871.793368,0.0
2019-02-13,6,0,276,0.0,0.0,0.0,-0.0,0.0
2019-02-13,6,0,277,0.0,0.0,0.0,0.0,0.0
2019-02-13,6,0,278,0.0,0.0,0.0,0.0,0.0
2019-02-13,6,0,279,123.04,123.04,0.0,219.433573,0.0
2019-02-13,6,0,281,1.58,1.58,0.0,9.301343,0.0
2019-02-13,6,0,282,0.0,0.0,0.0,0.0,0.0
2019-02-13,7,0,9,0.0,0.0,0.0,0.0,0.0
2019-02-13,7,0,17,0.0,0.0,0.0,0.0,0.0
2019-02-13,7,0,19,126.78,126.78,0.0,2003.547292,0.0
2019-02-13,7,0,20,153.76,153.76,0.0,2429.921373,0.0
2019-02-13,7,0,21,0.0,0.0,0.0,0.0,0.0
2019-02-13,7,0,22,0.0,0.0,0.0,0.0,0.0
2019-02-13,7,0,23,64.87,64.87,0.0,739.949261,0.0
2019-02-13,7,0,24,114.77,114.77,0.0,1309.140999,0.0
2019-02-13,7,0,29,0.0,0.0,0.0,0.0,0.0
2019-02-13,7,0,30,0.0,0.0,0.0,0.0,0.0
2019-02-13,7,0,31,5.88,5.88,0.0,66.783848,0.0
2019-02-13,7,0,32,0.0,0.0,0.0,0.0,0.0
2019-02-13,7,0,33,0.0,0.0,0.0,0.0,0.0
2019-02-13,7,0,34,0.0,0.0,0.0,0.0,0.0
2019-02-13,7,0,35,0.0,0.0,0.0,0.0,0.0
2019-02-13,7,0,36,0.0,0.0,0.0,0.0,0.0
2019-02-13,7,0,37,0.0,0.0,0.0,0.0,0.0
2019-02-13,7,0,38,0.0,0.0,0.0,0.0,0.0
2019-02-13,7,0,39,0.0,0.0,0.0,0.0,0.0
2019-02-13,7,0,40,0.0,0.0,0.0,0.0,0.0
2019-02-13,7,0,41,29.06,29.06,0.0,397.956526,0.0
2019-02-13,7,0,42,0.0,0.0,0.0,0.0,0.0
2019-02-13,7,0,43,0.0,0.0,0.0,0.0,0.0
2019-02-13,7,0,46,0.0,0.0,0.0,0.0,0.0
2019-02-13,7,0,52,6.24,6.24,0.0,70.872655,0.0
2019-02-13,7,0,53,9.91,9.91,0.0,112.555772,0.0
2019-02-13,7,0,55,61.23,61.23,0.0,698.429062,0.0
2019-02-13,7,0,56,0.0,0.0,0.0,0.0,0.0
2019-02-13,7,0,57,0.0,0.0,0.0,0.0,0.0
2019-02-13,7,0,58,0.0,0.0,0.0,0.0,0.0
2019-02-13,7,0,59,0.0,0.0,0.0,0.0,0.0
2019-02-13,7,0,63,82.48,82.48,0.0,2458.591765,0.0
2019-02-13,7,0,64,97.04,97.04,0.0,2892.601174,0.0
2019-02-13,7,0,65,1.26,1.26,0.0,19.928455,0.0
2019-02-13,7,0,67,0.0,0.0,0.0,-0.0,0.0
2019-02-13,7,0,68,4.5,4.5,0.0,-5.887143,0.0
2019-02-13,7,0,69,0.0,0.0,0.0,0.0,0.0
2019-02-13,7,0,74,9.06,9.06,0.0,144.863831,0.0
2019-02-13,7,0,77,152.91,152.91,0.0,1017.546264,0.0
2019-02-13,7,0,78,115.6,115.6,0.0,769.265242,0.0
2019-02-13,7,0,79,66.9,66.9,0.0,445.188968,0.0
2019-02-13,7,0,80,108.18,108.18,0.0,719.888528,0.0
2019-02-13,7,0,81,141.44,141.44,0.0,941.218649,0.0
2019-02-13,7,0,82,99.77,99.77,0.0,663.923817,0.0
2019-02-13,7,0,83,222.48,222.48,0.0,1480.502864,0.0
2019-02-13,7,0,84,0.0,0.0,0.0,0.0,0.0
2019-02-13,7,0,86,0.0,0.0,0.0,0.0,0.0
2019-02-13,7,0,87,0.0,0.0,0.0,0.0,0.0
2019-02-13,7,0,88,122.87,122.87,0.0,817.643774,0.0
2019-02-13,7,0,89,118.11,118.11,0.0,785.968146,0.0
2019-02-13,7,0,90,158.59,158.59,0.0,1055.344072,0.0
2019-02-13,7,0,91,565.72,565.72,0.0,3764.608414,0.0
2019-02-13,7,0,92,203.46,203.46,0.0,1353.933444,0.0
2019-02-13,7,0,95,8.14,8.14,0.0,204.611089,0.0
2019-02-13,7,0,96,10.82,10.82,0.0,122.338965,0.0
2019-02-13,7,0,97,66.55,66.55,0.0,752.463783,0.0
2019-02-13,7,0,99,1.75,1.75,0.0,27.981424,0.0
2019-02-13,7,0,101,0.0,0.0,0.0,0.0,0.0
2019-02-13,7,0,102,10.64,10.64,0.0,-13.919822,0.0
2019-02-13,7,0,103,9.26,9.26,0.0,-12.114432,0.0
2019-02-13,7,0,104,1.72,1.72,0.0,-2.250197,0.0
2019-02-13,7,0,106,0.0,0.0,0.0,0.0,0.0
2019-02-13,7,0,109,83.97,83.97,0.0,1329.51046,0.0
2019-02-13,7,0,110,338.6,338.6,0.0,-13071.674198,0.0
2019-02-13,7,0,111,0.0,0.0,0.0,0.0,0.0
2019-02-13,7,0,113,34.63,34.63,0.0,258.894699,0.0
2019-02-13,7,0,115,34.63,34.63,0.0,258.894699,0.0
2019-02-13,7,0,116,0.0,0.0,0.0,-0.0,0.0
2019-02-13,7,0,117,1.42,1.42,0.0,10.615954,0.0
2019-02-13,7,0,119,97.04,97.04,0.0,2892.601174,0.0
2019-02-13,7,0,120,57.06,57.06,0.0,1700.863798,0.0
2019-02-13,7,0,123,0.0,0.0,0.0,0.0,0.0
2019-02-13,7,0,125,103.86,103.86,0.0,1184.694469,0.0
2019-02-13,7,0,126,0.0,0.0,0.0,0.0,0.0
2019-02-13,7,0,127,0.0,0.0,0.0,0.0,0.0
2019-02-13,7,0,128,148.75,148.75,0.0,1696.738901,0.0
2019-02-13,7,0,131,14.39,14.39,0.0,16.458595,0.0
2019-02-13,7,0,132,21.16,21.16,0.0,24.201797,0.0
2019-02-13,7,0,133,4.7,4.7,0.0,74.269982,0.0
2019-02-13,7,0,134,0.0,0.0,0.0,0.0,0.0
2019-02-13,7,0,135,6.3,6.3,0.0,99.55338,0.0
2019-02-13,7,0,136,3.37,3.37,0.0,53.303096,0.0
2019-02-13,7,0,139,37.54,37.54,0.0,514.084239,0.0
2019-02-13,7,0,140,250.6,250.6,0.0,-9674.428689,0.0
2019-02-13,7,0,141,132.81,132.81,0.0,-1393.099629,0.0
2019-02-13,7,0,142,0.0,0.0,0.0,-0.0,0.0
2019-02-13,7,0,143,12.91,12.91,0.0,146.629164,0.0
2019-02-13,7,0,145,10.53,10.53,0.0,137.039339,0.0
2019-02-13,7,0,146,268.0,268.0,0.0,-10346.156778,0.0
2019-02-13,7,0,152,0.0,0.0,0.0,0.0,0.0
2019-02-13,7,0,153,0.0,0.0,0.0,0.0,0.0
2019-02-13,7,0,154,0.0,0.0,0.0,0.0,0.0
2019-02-13,7,0,157,168.31,168.31,0.0,-1765.473974,0.0
2019-02-13,7,0,158,0.0,0.0,0.0,-0.0,0.0
2019-02-13,7,0,159,0.0,0.0,0.0,0.0,0.0
2019-02-13,7,0,160,0.0,0.0,0.0,0.0,0.0
2019-02-13,7,0,161,0.0,0.0,0.0,-0.0,0.0
2019-02-13,7,0,162,11.05,11.05,0.0,278.338546,0.0
2019-02-13,7,0,163,82.64,82.64,0.0,-3190.322374,0.0
2019-02-13,7,0,164,0.0,0.0,0.0,0.0,0.0
2019-02-13,7,0,167,0.0,0.0,0.0,0.0,0.0
2019-02-13,7,0,168,0.0,0.0,0.0,0.0,0.0
2019-02-13,7,0,169,0.0,0.0,0.0,0.0,0.0
2019-02-13,7,0,170,0.0,0.0,0.0,0.0,0.0
2019-02-13,7,0,172,0.0,0.0,0.0,0.0,0.0
2019-02-13,7,0,173,0.0,0.0,0.0,0.0,0.0
2019-02-13,7,0,188,0.0,0.0,0.0,0.0,0.0
2019-02-13,7,0,190,0.0,0.0,0.0,0.0,0.0
2019-02-13,7,0,191,0.0,0.0,0.0,0.0,0.0
2019-02-13,7,0,192,95.26,95.26,0.0,2839.542331,0.0
2019-02-13,7,0,194,135.46,135.46,0.0,2042.26903,0.0
2019-02-13,7,0,196,0.0,0.0,0.0,0.0,0.0
2019-02-13,7,0,198,0.0,0.0,0.0,0.0,0.0
2019-02-13,7,0,199,3.75,3.75,0.0,56.163462,0.0
2019-02-13,7,0,200,0.0,0.0,0.0,0.0,0.0
2019-02-13,7,0,204,339.5,339.5,0.0,5349.36952,0.0
2019-02-13,7,0,205,444.22,444.22,0.0,7033.406413,0.0
2019-02-13,7,0,206,195.56,195.56,0.0,2211.146767,0.0
2019-02-13,7,0,210,0.0,0.0,0.0,0.0,0.0
2019-02-13,7,0,214,0.0,0.0,0.0,0.0,0.0
2019-02-13,7,0,217,0.0,0.0,0.0,0.0,0.0
2019-02-13,7,0,218,0.0,0.0,0.0,0.0,0.0
2019-02-13,7,0,219,0.0,0.0,0.0,0.0,0.0
2019-02-13,7,0,221,0.0,0.0,0.0,0.0,0.0
2019-02-13,7,0,225,0.0,0.0,0.0,0.0,0.0
2019-02-13,7,0,233,0.0,0.0,0.0,0.0,0.0
2019-02-13,7,0,236,7.39,7.39,0.0,118.306757,0.0
2019-02-13,7,0,237,21.73,21.73,0.0,347.449342,0.0
2019-02-13,7,0,238,0.0,0.0,0.0,0.0,0.0
2019-02-13,7,0,240,0.0,0.0,0.0,0.0,0.0
2019-02-13,7,0,245,9.12,9.12,0.0,143.693969,0.0
2019-02-13,7,0,247,6.92,6.92,0.0,109.03095,0.0
2019-02-13,7,0,248,2.18,2.18,0.0,34.85686,0.0
2019-02-13,7,0,249,17.53,17.53,0.0,276.201237,0.0
2019-02-13,7,0,251,9.77,9.77,0.0,154.731466,0.0
2019-02-13,7,0,252,8.11,8.11,0.0,128.269661,0.0
2019-02-13,7,0,254,0.0,0.0,0.0,0.0,0.0
2019-02-13,7,0,255,0.0,0.0,0.0,0.0,0.0
2019-02-13,7,0,258,0.0,0.0,0.0,0.0,0.0
2019-02-13,7,0,260,0.0,0.0,0.0,0.0,0.0
2019-02-13,7,0,265,0.0,0.0,0.0,0.0,0.0
2019-02-13,7,0,266,24.3,24.3,0.0,332.771631,0.0
2019-02-13,7,0,267,29.87,29.87,0.0,409.048914,0.0
2019-02-13,7,0,270,258.07,258.07,0.0,-9962.808507,0.0
2019-02-13,7,0,272,123.22,123.22,0.0,921.195634,0.0
2019-02-13,7,0,273,0.0,0.0,0.0,-0.0,0.0
2019-02-13,7,0,274,332.68,332.68,0.0,-12843.132228,0.0
2019-02-13,7,0,275,463.1,463.1,0.0,-17878.004493,0.0
2019-02-13,7,0,276,0.0,0.0,0.0,-0.0,0.0
2019-02-13,7,0,277,0.0,0.0,0.0,0.0,0.0
2019-02-13,7,0,278,0.0,0.0,0.0,0.0,0.0
2019-02-13,7,0,279,123.87,123.87,0.0,885.259133,0.0
2019-02-13,7,0,281,2.64,2.64,0.0,29.984585,0.0
2019-02-13,7,0,282,0.0,0.0,0.0,0.0,0.0
2019-02-13,8,0,9,0.0,0.0,0.0,0.0,0.0
2019-02-13,8,0,17,0.0,0.0,0.0,0.0,0.0
2019-02-13,8,0,19,106.3,106.3,0.0,1204.962257,0.0
2019-02-13,8,0,20,132.3,132.3,0.0,1499.684916,0.0
2019-02-13,8,0,21,0.0,0.0,0.0,0.0,0.0
2019-02-13,8,0,22,0.0,0.0,0.0,0.0,0.0
2019-02-13,8,0,23,95.14,95.14,0.0,1644.992124,0.0
2019-02-13,8,0,24,168.33,168.33,0.0,2910.463781,0.0
2019-02-13,8,0,29,0.0,0.0,0.0,0.0,0.0
2019-02-13,8,0,30,0.0,0.0,0.0,0.0,0.0
2019-02-13,8,0,31,3.73,3.73,0.0,64.6384,0.0
2019-02-13,8,0,32,0.0,0.0,0.0,0.0,0.0
2019-02-13,8,0,33,0.0,0.0,0.0,0.0,0.0
2019-02-13,8,0,34,0.0,0.0,0.0,0.0,0.0
2019-02-13,8,0,35,0.0,0.0,0.0,0.0,0.0
2019-02-13,8,0,36,0.0,0.0,0.0,0.0,0.0
2019-02-13,8,0,37,0.0,0.0,0.0,0.0,0.0
2019-02-13,8,0,38,0.0,0.0,0.0,0.0,0.0
2019-02-13,8,0,39,0.0,0.0,0.0,0.0,0.0
2019-02-13,8,0,40,0.0,0.0,0.0,0.0,0.0
2019-02-13,8,0,41,16.52,16.52,0.0,252.258498,0.0
2019-02-13,8,0,42,0.0,0.0,0.0,0.0,0.0
2019-02-13,8,0,43,0.0,0.0,0.0,0.0,0.0
2019-02-13,8,0,46,0.0,0.0,0.0,0.0,0.0
2019-02-13,8,0,52,3.95,3.95,0.0,68.450852,0.0
2019-02-13,8,0,53,6.28,6.28,0.0,108.82819,0.0
2019-02-13,8,0,55,75.45,75.45,0.0,1304.547569,0.0
2019-02-13,8,0,56,0.0,0.0,0.0,0.0,0.0
2019-02-13,8,0,57,0.0,0.0,0.0,0.0,0.0
2019-02-13,8,0,58,0.0,0.0,0.0,0.0,0.0
2019-02-13,8,0,59,0.0,0.0,0.0,0.0,0.0
2019-02-13,8,0,63,72.51,72.51,0.0,8240.037681,0.0
2019-02-13,8,0,64,85.23,85.23,0.0,9685.538706,0.0
2019-02-13,8,0,65,1.32,1.32,0.0,15.014832,0.0
2019-02-13,8,0,67,0.0,0.0,0.0,-0.0,0.0
2019-02-13,8,0,68,7.54,7.54,0.0,-3121.5175,0.0
2019-02-13,8,0,69,0.0,0.0,0.0,0.0,0.0
2019-02-13,8,0,74,8.29,8.29,0.0,103.670229,0.0
2019-02-13,8,0,77,147.17,147.17,0.0,-43289.801568,0.0
2019-02-13,8,0,78,111.12,111.12,0.0,-32685.75627,0.0
2019-02-13,8,0,79,64.1,64.1,0.0,-18854.9044,0.0
2019-02-13,8,0,80,103.96,103.96,0.0,-30579.654624,0.0
2019-02-13,8,0,81,136.09,136.09,0.0,-40030.638685,0.0
2019-02-13,8,0,82,95.84,95.84,0.0,-28191.170634,0.0
2019-02-13,8,0,83,214.4,214.4,0.0,-63065.390066,0.0
2019-02-13,8,0,84,0.0,0.0,0.0,0.0,0.0
2019-02-13,8,0,86,0.0,0.0,0.0,0.0,0.0
2019-02-13,8,0,87,0.0,0.0,0.0,0.0,0.0
2019-02-13,8,0,88,123.33,123.33,0.0,-36277.306702,0.0
2019-02-13,8,0,89,119.02,119.02,0.0,-35009.527639,0.0
2019-02-13,8,0,90,155.3,155.3,0.0,-45681.22704,0.0
2019-02-13,8,0,91,486.84,486.84,0.0,-143203.145989,0.0
2019-02-13,8,0,92,194.81,194.81,0.0,-57303.025368,0.0
2019-02-13,8,0,95,8.0,8.0,0.0,203.309548,0.0
2019-02-13,8,0,96,17.48,17.48,0.0,303.631036,0.0
2019-02-13,8,0,97,107.5,107.5,0.0,1867.296132,0.0
2019-02-13,8,0,99,1.6,1.6,0.0,20.008729,0.0
2019-02-13,8,0,101,0.0,0.0,0.0,0.0,0.0
2019-02-13,8,0,102,17.85,17.85,0.0,-7389.799387,0.0
2019-02-13,8,0,103,15.52,15.52,0.0,-6425.192521,0.0
2019-02-13,8,0,104,2.88,2.88,0.0,-1192.303767,0.0
2019-02-13,8,0,106,0.0,0.0,0.0,0.0,0.0
2019-02-13,8,0,109,101.83,101.83,0.0,1414.994749,0.0
2019-02-13,8,0,110,338.6,338.6,0.0,-338600.0,0.0
2019-02-13,8,0,111,0.0,0.0,0.0,0.0,0.0
2019-02-13,8,0,113,112.0,112.0,0.0,-29562.384289,0.0
2019-02-13,8,0,115,112.0,112.0,0.0,-29562.384289,0.0
2019-02-13,8,0,116,0.0,0.0,0.0,-0.0,0.0
2019-02-13,8,0,117,5.8,5.8,0.0,-1530.909186,0.0
2019-02-13,8,0,119,85.23,85.23,0.0,9685.538706,0.0
2019-02-13,8,0,120,50.29,50.29,0.0,5714.956488,0.0
2019-02-13,8,0,123,0.0,0.0,0.0,0.0,0.0
2019-02-13,8,0,125,152.33,152.33,0.0,2633.820162,0.0
2019-02-13,8,0,126,0.0,0.0,0.0,0.0,0.0
2019-02-13,8,0,127,0.0,0.0,0.0,0.0,0.0
2019-02-13,8,0,128,218.17,218.17,0.0,3772.208657,0.0
2019-02-13,8,0,131,24.96,24.96,0.0,-9371.695309,0.0
2019-02-13,8,0,132,36.69,36.69,0.0,-13775.941541,0.0
2019-02-13,8,0,133,4.25,4.25,0.0,48.160049,0.0
2019-02-13,8,0,134,0.0,0.0,0.0,0.0,0.0
2019-02-13,8,0,135,5.69,5.69,0.0,64.477806,0.0
2019-02-13,8,0,136,3.21,3.21,0.0,36.520282,0.0
2019-02-13,8,0,139,21.33,21.33,0.0,325.706644,0.0
2019-02-13,8,0,140,250.6,250.6,0.0,-250600.0,0.0
2019-02-13,8,0,141,202.87,202.87,0.0,-113251.846339,0.0
2019-02-13,8,0,142,0.0,0.0,0.0,-0.0,0.0
2019-02-13,8,0,143,6.99,6.99,0.0,121.132014,0.0
2019-02-13,8,0,145,13.8,13.8,0.0,221.560525,0.0
2019-02-13,8,0,146,268.0,268.0,0.0,-268000.0,0.0
2019-02-13,8,0,152,0.0,0.0,0.0,0.0,0.0
2019-02-13,8,0,153,0.0,0.0,0.0,0.0,0.0
2019-02-13,8,0,154,0.0,0.0,0.0,0.0,0.0
2019-02-13,8,0,157,241.2,241.2,0.0,-134649.50627,0.0
2019-02-13,8,0,158,0.0,0.0,0.0,-0.0,0.0
2019-02-13,8,0,159,0.0,0.0,0.0,0.0,0.0
2019-02-13,8,0,160,0.0,0.0,0.0,0.0,0.0
2019-02-13,8,0,161,0.0,0.0,0.0,-0.0,0.0
2019-02-13,8,0,162,11.3,11.3,0.0,295.951722,0.0
2019-02-13,8,0,163,134.27,134.27,0.0,-134270.0,0.0
2019-02-13,8,0,164,0.0,0.0,0.0,0.0,0.0
2019-02-13,8,0,167,0.0,0.0,0.0,0.0,0.0
2019-02-13,8,0,168,0.0,0.0,0.0,0.0,0.0
2019-02-13,8,0,169,0.0,0.0,0.0,0.0,0.0
2019-02-13,8,0,170,0.0,0.0,0.0,0.0,0.0
2019-02-13,8,0,172,0.0,0.0,0.0,0.0,0.0
2019-02-13,8,0,173,0.0,0.0,0.0,0.0,0.0
2019-02-13,8,0,188,0.0,0.0,0.0,0.0,0.0
2019-02-13,8,0,190,0.0,0.0,0.0,0.0,0.0
2019-02-13,8,0,191,0.0,0.0,0.0,0.0,0.0
2019-02-13,8,0,192,141.53,141.53,0.0,16083.4717,0.0
2019-02-13,8,0,194,176.5,176.5,0.0,-22662.211576,0.0
2019-02-13,8,0,196,0.0,0.0,0.0,0.0,0.0
2019-02-13,8,0,198,0.0,0.0,0.0,0.0,0.0
2019-02-13,8,0,199,5.55,5.55,0.0,-187.111873,0.0
2019-02-13,8,0,200,0.0,0.0,0.0,-0.0,0.0
2019-02-13,8,0,204,424.97,424.97,0.0,5967.609662,0.0
2019-02-13,8,0,205,538.68,538.68,0.0,7485.312497,0.0
2019-02-13,8,0,206,315.89,315.89,0.0,5487.071395,0.0
2019-02-13,8,0,210,0.0,0.0,0.0,0.0,0.0
2019-02-13,8,0,214,0.0,0.0,0.0,0.0,0.0
2019-02-13,8,0,217,0.0,0.0,0.0,0.0,0.0
2019-02-13,8,0,218,0.0,0.0,0.0,0.0,0.0
2019-02-13,8,0,219,0.0,0.0,0.0,0.0,0.0
2019-02-13,8,0,221,0.0,0.0,0.0,0.0,0.0
2019-02-13,8,0,225,0.0,0.0,0.0,0.0,0.0
2019-02-13,8,0,233,0.0,0.0,0.0,0.0,0.0
2019-02-13,8,0,236,6.01,6.01,0.0,71.344632,0.0
2019-02-13,8,0,237,19.88,19.88,0.0,248.608463,0.0
2019-02-13,8,0,238,0.0,0.0,0.0,0.0,0.0
2019-02-13,8,0,240,0.0,0.0,0.0,0.0,0.0
2019-02-13,8,0,245,9.36,9.36,0.0,104.744517,0.0
2019-02-13,8,0,247,7.05,7.05,0.0,78.894108,0.0
2019-02-13,8,0,248,2.0,2.0,0.0,25.010912,0.0
2019-02-13,8,0,249,18.0,18.0,0.0,201.431764,0.0
2019-02-13,8,0,251,9.97,9.97,0.0,114.052192,0.0
2019-02-13,8,0,252,8.52,8.52,0.0,96.913916,0.0
2019-02-13,8,0,254,0.0,0.0,0.0,0.0,0.0
2019-02-13,8,0,255,0.0,0.0,0.0,0.0,0.0
2019-02-13,8,0,258,0.0,0.0,0.0,0.0,0.0
2019-02-13,8,0,260,0.0,0.0,0.0,0.0,0.0
2019-02-13,8,0,265,0.0,0.0,0.0,0.0,0.0
2019-02-13,8,0,266,13.81,13.81,0.0,210.87711,0.0
2019-02-13,8,0,267,16.97,16.97,0.0,259.129946,0.0
2019-02-13,8,0,270,419.33,419.33,0.0,-419330.0,0.0
2019-02-13,8,0,272,387.75,387.75,0.0,-102346.558109,0.0
2019-02-13,8,0,273,0.0,0.0,0.0,-0.0,0.0
2019-02-13,8,0,274,540.57,540.57,0.0,-540570.0,0.0
2019-02-13,8,0,275,752.48,752.48,0.0,-752480.0,0.0
2019-02-13,8,0,276,0.0,0.0,0.0,-0.0,0.0
2019-02-13,8,0,277,0.0,0.0,0.0,-0.0,0.0
2019-02-13,8,0,278,0.0,0.0,0.0,-0.0,0.0
2019-02-13,8,0,279,211.81,211.81,0.0,-58471.610203,0.0
2019-02-13,8,0,281,1.67,1.67,0.0,28.939981,0.0
2019-02-13,8,0,282,0.0,0.0,0.0,0.0,0.0
2019-02-13,9,0,9,0.43,0.43,0.0,5.329665,0.0
2019-02-13,9,0,17,12.4,12.4,0.0,133.834244,0.0
2019-02-13,9,0,19,74.31,74.31,0.0,802.034087,0.0
2019-02-13,9,0,20,92.28,92.28,0.0,995.98581,0.0
2019-02-13,9,0,21,9.86,9.86,0.0,122.210467,0.0
2019-02-13,9,0,22,35.02,35.02,0.0,434.057864,0.0
2019-02-13,9,0,23,108.8,108.8,0.0,1348.529288,0.0
2019-02-13,9,0,24,192.5,192.5,0.0,2385.954852,0.0
2019-02-13,9,0,29,2.36,2.36,0.0,16.860685,0.0
2019-02-13,9,0,30,71.97,71.97,0.0,892.92207,0.0
2019-02-13,9,0,31,7.69,7.69,0.0,95.408791,0.0
2019-02-13,9,0,32,1.2,1.2,0.0,52.04857,0.0
2019-02-13,9,0,33,0.65,0.65,0.0,6.904808,0.0
2019-02-13,9,0,34,1.04,1.04,0.0,11.047693,0.0
2019-02-13,9,0,35,1.04,1.04,0.0,11.047693,0.0
2019-02-13,9,0,36,2.25,2.25,0.0,24.565388,0.0
2019-02-13,9,0,37,1.08,1.08,0.0,11.770951,0.0
2019-02-13,9,0,38,1.39,1.39,0.0,15.14965,0.0
2019-02-13,9,0,39,0.93,0.93,0.0,10.136097,0.0
2019-02-13,9,0,40,0.93,0.93,0.0,10.136097,0.0
2019-02-13,9,0,41,23.59,23.59,0.0,277.89944,0.0
2019-02-13,9,0,42,13.95,13.95,0.0,151.078498,0.0
2019-02-13,9,0,43,6.95,6.95,0.0,74.530719,0.0
2019-02-13,9,0,46,5.94,5.94,0.0,65.399141,0.0
2019-02-13,9,0,52,8.15,8.15,0.0,101.115949,0.0
2019-02-13,9,0,53,13.03,13.03,0.0,161.66145,0.0
2019-02-13,9,0,55,94.59,94.59,0.0,1172.402438,0.0
2019-02-13,9,0,56,21.23,21.23,0.0,263.397743,0.0
2019-02-13,9,0,57,20.19,20.19,0.0,250.494603,0.0
2019-02-13,9,0,58,38.83,38.83,0.0,481.758566,0.0
2019-02-13,9,0,59,38.18,38.18,0.0,473.694104,0.0
2019-02-13,9,0,63,51.0,51.0,0.0,5751.634721,0.0
2019-02-13,9,0,64,60.0,60.0,0.0,6766.629084,0.0
2019-02-13,9,0,65,1.39,1.39,0.0,15.011919,0.0
2019-02-13,9,0,67,42.19,42.19,0.0,-23533.647143,0.0
2019-02-13,9,0,68,19.12,19.12,0.0,-7904.239158,0.0
2019-02-13,9,0,69,0.65,0.65,0.0,6.904808,0.0
2019-02-13,9,0,74,8.01,8.01,0.0,88.224705,0.0
2019-02-13,9,0,77,60.0,60.0,0.0,-17595.674328,0.0
2019-02-13,9,0,78,45.36,45.36,0.0,-13302.329792,0.0
2019-02-13,9,0,79,26.25,26.25,0.0,-7698.107519,0.0
2019-02-13,9,0,80,42.45,42.45,0.0,-12448.939587,0.0
2019-02-13,9,0,81,55.5,55.5,0.0,-16275.998753,0.0
2019-02-13,9,0,82,39.15,39.15,0.0,-11481.177499,0.0
2019-02-13,9,0,83,87.3,87.3,0.0,-25601.706147,0.0
2019-02-13,9,0,84,0.0,0.0,0.0,0.0,0.0
2019-02-13,9,0,86,3.28,3.28,0.0,34.842723,0.0
2019-02-13,9,0,87,16.74,16.74,0.0,177.82536,0.0
2019-02-13,9,0,88,155.83,155.83,0.0,-45698.898842,0.0
2019-02-13,9,0,89,148.85,148.85,0.0,-43651.935395,0.0
2019-02-13,9,0,90,208.93,208.93,0.0,-61271.070622,0.0
2019-02-13,9,0,91,785.09,785.09,0.0,-230236.46597,0.0
2019-02-13,9,0,92,276.23,276.23,0.0,-81007.551994,0.0
2019-02-13,9,0,95,9.08,9.08,0.0,203.662008,0.0
2019-02-13,9,0,96,26.48,26.48,0.0,328.874018,0.0
2019-02-13,9,0,97,162.85,162.85,0.0,2022.550374,0.0
2019-02-13,9,0,99,1.55,1.55,0.0,17.072196,0.0
2019-02-13,9,0,101,1.45,1.45,0.0,17.989954,0.0
2019-02-13,9,0,102,45.2,45.2,0.0,-18685.753658,0.0
2019-02-13,9,0,103,39.31,39.31,0.0,-16250.81806,0.0
2019-02-13,9,0,104,7.33,7.33,0.0,-3030.233945,0.0
2019-02-13,9,0,106,34.48,34.48,0.0,427.364796,0.0
2019-02-13,9,0,109,117.87,117.87,0.0,1333.200761,0.0
2019-02-13,9,0,110,338.6,338.6,0.0,-338600.0,0.0
2019-02-13,9,0,111,3.31,3.31,0.0,38.993097,0.0
2019-02-13,9,0,113,84.3,84.3,0.0,-22221.539803,0.0
2019-02-13,9,0,115,84.3,84.3,0.0,-22221.539803,0.0
2019-02-13,9,0,116,20.12,20.12,0.0,-20120.0,0.0
2019-02-13,9,0,117,5.73,5.73,0.0,-1510.432065,0.0
2019-02-13,9,0,119,60.0,60.0,0.0,6766.629084,0.0
2019-02-13,9,0,120,35.28,35.28,0.0,3978.777901,0.0
2019-02-13,9,0,123,0.57,0.57,0.0,7.064905,0.0
2019-02-13,9,0,125,174.2,174.2,0.0,2159.134209,0.0
2019-02-13,9,0,126,25.86,25.86,0.0,320.523597,0.0
2019-02-13,9,0,127,33.19,33.19,0.0,411.3758,0.0
2019-02-13,9,0,128,249.5,249.5,0.0,3092.445379,0.0
2019-02-13,9,0,131,30.0,30.0,0.0,-11245.105802,0.0
2019-02-13,9,0,132,44.1,44.1,0.0,-16530.305529,0.0
2019-02-13,9,0,133,3.81,3.81,0.0,41.119189,0.0
2019-02-13,9,0,134,0.0,0.0,0.0,0.0,0.0
2019-02-13,9,0,135,5.1,5.1,0.0,55.041434,0.0
2019-02-13,9,0,136,3.07,3.07,0.0,33.156977,0.0
2019-02-13,9,0,139,30.46,30.46,0.0,358.830731,0.0
2019-02-13,9,0,140,250.6,250.6,0.0,-250600.0,0.0
2019-02-13,9,0,141,230.0,230.0,0.0,-128294.355127,0.0
2019-02-13,9,0,142,55.64,55.64,0.0,-31036.07791,0.0
2019-02-13,9,0,143,17.8,17.8,0.0,220.842196,0.0
2019-02-13,9,0,145,17.81,17.81,0.0,213.72894,0.0
2019-02-13,9,0,146,268.0,268.0,0.0,-268000.0,0.0
2019-02-13,9,0,152,1.64,1.64,0.0,17.998297,0.0
2019-02-13,9,0,153,2.06,2.06,0.0,22.623958,0.0
2019-02-13,9,0,154,13.65,13.65,0.0,160.802347,0.0
2019-02-13,9,0,157,250.0,250.0,0.0,-139450.386008,0.0
2019-02-13,9,0,158,24.37,24.37,0.0,-13593.623628,0.0
2019-02-13,9,0,159,0.0,0.0,0.0,0.0,0.0
2019-02-13,9,0,160,0.56,0.56,0.0,5.73392,0.0
2019-02-13,9,0,161,9.17,9.17,0.0,-3790.892943,0.0
2019-02-13,9,0,162,12.66,12.66,0.0,293.839416,0.0
2019-02-13,9,0,163,185.4,185.4,0.0,-185400.0,0.0
2019-02-13,9,0,164,2.35,2.35,0.0,29.156133,0.0
2019-02-13,9,0,167,1.41,1.41,0.0,27.402967,0.0
2019-02-13,9,0,168,0.7,0.7,0.0,13.60431,0.0
2019-02-13,9,0,169,0.0,0.0,0.0,0.0,0.0
2019-02-13,9,0,170,1.54,1.54,0.0,29.929482,0.0
2019-02-13,9,0,172,1.88,1.88,0.0,31.527901,0.0
2019-02-13,9,0,173,2.86,2.86,0.0,47.962658,0.0
2019-02-13,9,0,188,2.44,2.44,0.0,60.410566,0.0
2019-02-13,9,0,190,1.76,1.76,0.0,57.072501,0.0
2019-02-13,9,0,191,4.55,4.55,0.0,147.545385,0.0
2019-02-13,9,0,192,201.41,201.41,0.0,6531.234279,0.0
2019-02-13,9,0,194,130.37,130.37,0.0,-16744.969457,0.0
2019-02-13,9,0,196,1.14,1.14,0.0,302.463231,0.0
2019-02-13,9,0,198,2.54,2.54,0.0,23.481388,0.0
2019-02-13,9,0,199,7.91,7.91,0.0,-252.582467,0.0
2019-02-13,9,0,200,4.55,4.55,0.0,-145.2908,0.0
2019-02-13,9,0,204,304.41,304.41,0.0,3454.266252,0.0
2019-02-13,9,0,205,663.83,663.83,0.0,7508.430144,0.0
2019-02-13,9,0,206,478.51,478.51,0.0,5942.957196,0.0
2019-02-13,9,0,210,0.72,0.72,0.0,5.176535,0.0
2019-02-13,9,0,214,3.83,3.83,0.0,40.302244,0.0
2019-02-13,9,0,217,2.65,2.65,0.0,24.016737,0.0
2019-02-13,9,0,218,3.66,3.66,0.0,33.170286,0.0
2019-02-13,9,0,219,2.49,2.49,0.0,22.56667,0.0
2019-02-13,9,0,221,2.04,2.04,0.0,21.466469,0.0
2019-02-13,9,0,225,2.1,2.1,0.0,14.993971,0.0
2019-02-13,9,0,233,1.86,1.86,0.0,19.758373,0.0
2019-02-13,9,0,236,5.22,5.22,0.0,56.812493,0.0
2019-02-13,9,0,237,19.21,19.21,0.0,211.585092,0.0
2019-02-13,9,0,238,18.16,18.16,0.0,196.672798,0.0
2019-02-13,9,0,240,2.55,2.55,0.0,27.840773,0.0
2019-02-13,9,0,245,9.61,9.61,0.0,103.479202,0.0
2019-02-13,9,0,247,7.53,7.53,0.0,81.082039,0.0
2019-02-13,9,0,248,1.93,1.93,0.0,21.257638,0.0
2019-02-13,9,0,249,18.47,18.47,0.0,198.882504,0.0
2019-02-13,9,0,251,10.33,10.33,0.0,111.679703,0.0
2019-02-13,9,0,252,8.97,8.97,0.0,96.875477,0.0
2019-02-13,9,0,254,3.89,3.89,0.0,41.24262,0.0
2019-02-13,9,0,255,1.78,1.78,0.0,18.871944,0.0
2019-02-13,9,0,258,3.15,3.15,0.0,34.292791,0.0
2019-02-13,9,0,260,1.35,1.35,0.0,13.822844,0.0
2019-02-13,9,0,265,14.13,14.13,0.0,166.456935,0.0
2019-02-13,9,0,266,19.72,19.72,0.0,232.309324,0.0
2019-02-13,9,0,267,24.24,24.24,0.0,285.556695,0.0
2019-02-13,9,0,270,579.0,579.0,0.0,-579000.0,0.0
2019-02-13,9,0,272,281.31,281.31,0.0,-74153.515563,0.0
2019-02-13,9,0,273,4.81,4.81,0.0,-4810.0,0.0
2019-02-13,9,0,274,746.4,746.4,0.0,-746400.0,0.0
2019-02-13,9,0,275,1039.0,1039.0,0.0,-1039000.0,0.0
2019-02-13,9,0,276,1.09,1.09,0.0,-982.380396,0.0
2019-02-13,9,0,277,1.4,1.4,0.0,-385.688932,0.0
2019-02-13,9,0,278,2.25,2.25,0.0,-619.857212,0.0
2019-02-13,9,0,279,264.6,264.6,0.0,-72895.20815,0.0
2019-02-13,9,0,281,3.42,3.42,0.0,42.431478,0.0
2019-02-13,9,0,282,39.48,39.48,0.0,489.823028,0.0
2019-02-13,10,0,9,1.62,1.62,0.0,9.135253,0.0
2019-02-13,10,0,17,30.74,30.74,0.0,303.440365,0.0
2019-02-13,10,0,19,48.28,48.28,0.0,476.581028,0.0
2019-02-13,10,0,20,59.82,59.82,0.0,590.494555,0.0
2019-02-13,10,0,21,37.03,37.03,0.0,208.813827,0.0
2019-02-13,10,0,22,131.6,131.6,0.0,742.09829,0.0
2019-02-13,10,0,23,108.8,108.8,0.0,613.528069,0.0
2019-02-13,10,0,24,192.5,192.5,0.0,1085.516115,0.0
2019-02-13,10,0,29,5.36,5.36,0.0,41.722569,0.0
2019-02-13,10,0,30,290.57,290.57,0.0,1631.469258,0.0
2019-02-13,10,0,31,24.68,24.68,0.0,138.571295,0.0
2019-02-13,10,0,32,3.23,3.23,0.0,131.180494,0.0
2019-02-13,10,0,33,1.61,1.61,0.0,17.303096,0.0
2019-02-13,10,0,34,2.58,2.58,0.0,27.727943,0.0
2019-02-13,10,0,35,2.58,2.58,0.0,27.727943,0.0
2019-02-13,10,0,36,6.03,6.03,0.0,50.564626,0.0
2019-02-13,10,0,37,2.88,2.88,0.0,24.038541,0.0
2019-02-13,10,0,38,3.7,3.7,0.0,30.882847,0.0
2019-02-13,10,0,39,2.46,2.46,0.0,20.53292,0.0
2019-02-13,10,0,40,2.46,2.46,0.0,20.53292,0.0
2019-02-13,10,0,41,33.48,33.48,0.0,232.244595,0.0
2019-02-13,10,0,42,37.59,37.59,0.0,363.919582,0.0
2019-02-13,10,0,43,18.52,18.52,0.0,156.575154,0.0
2019-02-13,10,0,46,16.27,16.27,0.0,131.238793,0.0
2019-02-13,10,0,52,26.18,26.18,0.0,146.993376,0.0
2019-02-13,10,0,53,41.74,41.74,0.0,234.358422,0.0
2019-02-13,10,0,55,119.17,119.17,0.0,672.004963,0.0
2019-02-13,10,0,56,85.71,85.71,0.0,481.237671,0.0
2019-02-13,10,0,57,81.53,81.53,0.0,457.76814,0.0
2019-02-13,10,0,58,156.78,156.78,0.0,880.275838,0.0
2019-02-13,10,0,59,154.17,154.17,0.0,865.621418,0.0
2019-02-13,10,0,63,51.0,51.0,0.0,5662.799704,0.0
2019-02-13,10,0,64,60.0,60.0,0.0,6662.117299,0.0
2019-02-13,10,0,65,1.47,1.47,0.0,14.458792,0.0
2019-02-13,10,0,67,169.45,169.45,0.0,-94465.215667,0.0
2019-02-13,10,0,68,34.0,34.0,0.0,-14041.214033,0.0
2019-02-13,10,0,69,1.61,1.61,0.0,17.303096,0.0
2019-02-13,10,0,74,13.2,13.2,0.0,116.918687,0.0
2019-02-13,10,0,77,60.0,60.0,0.0,-17550.795012,0.0
2019-02-13,10,0,78,45.36,45.36,0.0,-13268.401029,0.0
2019-02-13,10,0,79,26.25,26.25,0.0,-7678.472818,0.0
2019-02-13,10,0,80,42.45,42.45,0.0,-12417.187471,0.0
2019-02-13,10,0,81,55.5,55.5,0.0,-16234.485386,0.0
2019-02-13,10,0,82,39.15,39.15,0.0,-11451.893745,0.0
2019-02-13,10,0,83,87.3,87.3,0.0,-25536.406742,0.0
2019-02-13,10,0,84,0.0,0.0,0.0,0.0,0.0
2019-02-13,10,0,86,8.16,8.16,0.0,87.69768,0.0
2019-02-13,10,0,87,41.65,41.65,0.0,447.623575,0.0
2019-02-13,10,0,88,103.48,103.48,0.0,-30269.27113,0.0
2019-02-13,10,0,89,99.0,99.0,0.0,-28958.811769,0.0
2019-02-13,10,0,90,137.47,137.47,0.0,-40211.796504,0.0
2019-02-13,10,0,91,509.29,509.29,0.0,-148974.073192,0.0
2019-02-13,10,0,92,180.45,180.45,0.0,-52784.015998,0.0
2019-02-13,10,0,95,28.48,28.48,0.0,638.798899,0.0
2019-02-13,10,0,96,29.88,29.88,0.0,167.008246,0.0
2019-02-13,10,0,97,183.75,183.75,0.0,1027.033639,0.0
2019-02-13,10,0,99,2.71,2.71,0.0,24.003761,0.0
2019-02-13,10,0,101,5.85,5.85,0.0,32.846113,0.0
2019-02-13,10,0,102,80.5,80.5,0.0,-33244.639107,0.0
2019-02-13,10,0,103,70.0,70.0,0.0,-28908.381832,0.0
2019-02-13,10,0,104,13.0,13.0,0.0,-5368.699483,0.0
2019-02-13,10,0,106,129.55,129.55,0.0,730.538248,0.0
2019-02-13,10,0,109,136.65,136.65,0.0,1054.72181,0.0
2019-02-13,10,0,110,338.6,338.6,0.0,-338600.0,0.0
2019-02-13,10,0,111,10.11,10.11,0.0,70.131208,0.0
2019-02-13,10,0,113,150.0,150.0,0.0,-39541.071139,0.0
2019-02-13,10,0,115,150.0,150.0,0.0,-39541.071139,0.0
2019-02-13,10,0,116,68.01,68.01,0.0,-68010.0,0.0
2019-02-13,10,0,117,10.0,10.0,0.0,-2636.071409,0.0
2019-02-13,10,0,119,60.0,60.0,0.0,6662.117299,0.0
2019-02-13,10,0,120,35.28,35.28,0.0,3917.324972,0.0
2019-02-13,10,0,123,2.16,2.16,0.0,12.180337,0.0
2019-02-13,10,0,125,174.2,174.2,0.0,982.321596,0.0
2019-02-13,10,0,126,97.16,97.16,0.0,547.889588,0.0
2019-02-13,10,0,127,124.69,124.69,0.0,703.13249,0.0
2019-02-13,10,0,128,249.5,249.5,0.0,1406.941666,0.0
2019-02-13,10,0,131,40.31,40.31,0.0,-15091.426686,0.0
2019-02-13,10,0,132,65.03,65.03,0.0,-24346.203854,0.0
2019-02-13,10,0,133,3.42,3.42,0.0,33.770835,0.0
2019-02-13,10,0,134,0.0,0.0,0.0,0.0,0.0
2019-02-13,10,0,135,4.58,4.58,0.0,45.22527,0.0
2019-02-13,10,0,136,2.96,2.96,0.0,29.10857,0.0
2019-02-13,10,0,139,43.23,43.23,0.0,299.87855,0.0
2019-02-13,10,0,140,250.6,250.6,0.0,-250600.0,0.0
2019-02-13,10,0,141,230.0,230.0,0.0,-128220.711735,0.0
2019-02-13,10,0,142,223.47,223.47,0.0,-124580.358484,0.0
2019-02-13,10,0,143,43.6,43.6,0.0,244.801802,0.0
2019-02-13,10,0,145,42.39,42.39,0.0,271.133044,0.0
2019-02-13,10,0,146,268.0,268.0,0.0,-268000.0,0.0
2019-02-13,10,0,152,4.44,4.44,0.0,39.343752,0.0
2019-02-13,10,0,153,5.54,5.54,0.0,48.837359,0.0
2019-02-13,10,0,154,41.7,41.7,0.0,289.265221,0.0
2019-02-13,10,0,157,250.0,250.0,0.0,-139370.338842,0.0
2019-02-13,10,0,158,136.14,136.14,0.0,-75895.51172,0.0
2019-02-13,10,0,159,0.0,0.0,0.0,0.0,0.0
2019-02-13,10,0,160,1.46,1.46,0.0,12.920604,0.0
2019-02-13,10,0,161,33.29,33.29,0.0,-13748.000446,0.0
2019-02-13,10,0,162,28.69,28.69,0.0,666.140358,0.0
2019-02-13,10,0,163,104.02,104.02,0.0,-104020.0,0.0
2019-02-13,10,0,164,10.58,10.58,0.0,59.40374,0.0
2019-02-13,10,0,167,3.7,3.7,0.0,72.254403,0.0
2019-02-13,10,0,168,1.85,1.85,0.0,36.127202,0.0
2019-02-13,10,0,169,0.0,0.0,0.0,0.0,0.0
2019-02-13,10,0,170,4.04,4.04,0.0,78.893997,0.0
2019-02-13,10,0,172,4.88,4.88,0.0,68.862409,0.0
2019-02-13,10,0,173,7.43,7.43,0.0,104.845839,0.0
2019-02-13,10,0,188,6.58,6.58,0.0,148.134453,0.0
2019-02-13,10,0,190,5.58,5.58,0.0,180.945769,0.0
2019-02-13,10,0,191,14.43,14.43,0.0,467.929649,0.0
2019-02-13,10,0,192,276.31,276.31,0.0,8960.058307,0.0
2019-02-13,10,0,194,52.95,52.95,0.0,-6834.488245,0.0
2019-02-13,10,0,196,3.63,3.63,0.0,957.123226,0.0
2019-02-13,10,0,198,6.43,6.43,0.0,59.935755,0.0
2019-02-13,10,0,199,10.92,10.92,0.0,-318.797415,0.0
2019-02-13,10,0,200,11.82,11.82,0.0,-345.071928,0.0
2019-02-13,10,0,204,210.43,210.43,0.0,1601.074555,0.0
2019-02-13,10,0,205,807.03,807.03,0.0,6228.994823,0.0
2019-02-13,10,0,206,539.94,539.94,0.0,3017.885947,0.0
2019-02-13,10,0,210,1.64,1.64,0.0,13.212017,0.0
2019-02-13,10,0,214,9.07,9.07,0.0,102.184352,0.0
2019-02-13,10,0,217,6.16,6.16,0.0,60.797925,0.0
2019-02-13,10,0,218,8.5,8.5,0.0,83.893241,0.0
2019-02-13,10,0,219,5.79,5.79,0.0,57.146102,0.0
2019-02-13,10,0,221,4.84,4.84,0.0,54.528364,0.0
2019-02-13,10,0,225,4.77,4.77,0.0,37.004654,0.0
2019-02-13,10,0,233,4.62,4.62,0.0,49.652363,0.0
2019-02-13,10,0,236,4.91,4.91,0.0,46.086685,0.0
2019-02-13,10,0,237,30.84,30.84,0.0,273.164568,0.0
2019-02-13,10,0,238,48.92,48.92,0.0,473.608564,0.0
2019-02-13,10,0,240,6.84,6.84,0.0,57.356889,0.0
2019-02-13,10,0,245,9.93,9.93,0.0,99.309057,0.0
2019-02-13,10,0,247,8.42,8.42,0.0,84.20768,0.0
2019-02-13,10,0,248,3.37,3.37,0.0,29.849695,0.0
2019-02-13,10,0,249,19.11,19.11,0.0,191.11743,0.0
2019-02-13,10,0,251,10.72,10.72,0.0,104.8201,0.0
2019-02-13,10,0,252,9.49,9.49,0.0,93.342813,0.0
2019-02-13,10,0,254,10.02,10.02,0.0,85.706957,0.0
2019-02-13,10,0,255,4.59,4.59,0.0,39.260972,0.0
2019-02-13,10,0,258,8.43,8.43,0.0,70.78362,0.0
2019-02-13,10,0,260,3.55,3.55,0.0,31.416538,0.0
2019-02-13,10,0,265,43.17,43.17,0.0,299.462341,0.0
2019-02-13,10,0,266,28.0,28.0,0.0,194.230844,0.0
2019-02-13,10,0,267,34.4,34.4,0.0,238.626466,0.0
2019-02-13,10,0,270,324.69,324.69,0.0,-324690.0,0.0
2019-02-13,10,0,272,501.3,501.3,0.0,-132146.259746,0.0
2019-02-13,10,0,273,16.26,16.26,0.0,-16260.0,0.0
2019-02-13,10,0,274,418.54,418.54,0.0,-418540.0,0.0
2019-02-13,10,0,275,582.57,582.57,0.0,-582570.0,0.0
2019-02-13,10,0,276,3.65,3.65,0.0,-3289.361485,0.0
2019-02-13,10,0,277,4.52,4.52,0.0,-1243.886221,0.0
2019-02-13,10,0,278,7.24,7.24,0.0,-1992.419522,0.0
2019-02-13,10,0,279,264.6,264.6,0.0,-72816.879225,0.0
2019-02-13,10,0,281,11.0,11.0,0.0,61.761923,0.0
2019-02-13,10,0,282,159.4,159.4,0.0,894.986405,0.0
2019-02-13,11,0,9,2.54,2.54,0.0,-47.679662,0.0
2019-02-13,11,0,17,47.81,47.81,0.0,265.046689,0.0
2019-02-13,11,0,19,27.67,27.67,0.0,153.395563,0.0
2019-02-13,11,0,20,33.56,33.56,0.0,186.048251,0.0
2019-02-13,11,0,21,58.03,58.03,0.0,-1089.311336,0.0
2019-02-13,11,0,22,206.25,206.25,0.0,-3871.626107,0.0
2019-02-13,11,0,23,61.07,61.07,0.0,-1146.376758,0.0
2019-02-13,11,0,24,108.0,108.0,0.0,-2027.324216,0.0
2019-02-13,11,0,29,8.07,8.07,0.0,42.12708,0.0
2019-02-13,11,0,30,460.67,460.67,0.0,-8715.887153,0.0
2019-02-13,11,0,31,33.79,33.79,0.0,-639.307589,0.0
2019-02-13,11,0,32,5.06,5.06,0.0,230.240236,0.0
2019-02-13,11,0,33,2.53,2.53,0.0,25.605144,0.0
2019-02-13,11,0,34,4.04,4.04,0.0,40.887265,0.0
2019-02-13,11,0,35,4.04,4.04,0.0,40.887265,0.0
2019-02-13,11,0,36,9.41,9.41,0.0,-16.501442,0.0
2019-02-13,11,0,37,4.56,4.56,0.0,-8.578928,0.0
2019-02-13,11,0,38,5.87,5.87,0.0,-11.043489,0.0
2019-02-13,11,0,39,3.91,3.91,0.0,-7.356055,0.0
2019-02-13,11,0,40,3.91,3.91,0.0,-7.356055,0.0
2019-02-13,11,0,41,34.8,34.8,0.0,-381.643629,0.0
2019-02-13,11,0,42,59.24,59.24,0.0,269.639579,0.0
2019-02-13,11,0,43,29.28,29.28,0.0,-25.826284,0.0
2019-02-13,11,0,46,25.66,25.66,0.0,-89.965161,0.0
2019-02-13,11,0,52,35.92,35.92,0.0,-679.607238,0.0
2019-02-13,11,0,53,58.51,58.51,0.0,-1107.010566,0.0
2019-02-13,11,0,55,391.65,391.65,0.0,-7351.866012,0.0
2019-02-13,11,0,56,135.88,135.88,0.0,-2570.852772,0.0
2019-02-13,11,0,57,129.25,129.25,0.0,-2445.413017,0.0
2019-02-13,11,0,58,248.56,248.56,0.0,-4702.761002,0.0
2019-02-13,11,0,59,244.42,244.42,0.0,-4624.432105,0.0
2019-02-13,11,0,63,51.0,51.0,0.0,5880.655132,0.0
2019-02-13,11,0,64,60.0,60.0,0.0,6918.417803,0.0
2019-02-13,11,0,65,3.45,3.45,0.0,18.49012,0.0
2019-02-13,11,0,67,267.91,267.91,0.0,-148076.662855,0.0
2019-02-13,11,0,68,33.99,33.99,0.0,-13821.967879,0.0
2019-02-13,11,0,69,2.53,2.53,0.0,25.605144,0.0
2019-02-13,11,0,74,20.03,20.03,0.0,3.592683,0.0
2019-02-13,11,0,77,60.0,60.0,0.0,-17045.206472,0.0
2019-02-13,11,0,78,45.36,45.36,0.0,-12886.176093,0.0
2019-02-13,11,0,79,26.25,26.25,0.0,-7457.277831,0.0
2019-02-13,11,0,80,42.45,42.45,0.0,-12059.483579,0.0
2019-02-13,11,0,81,55.5,55.5,0.0,-15766.815986,0.0
2019-02-13,11,0,82,39.15,39.15,0.0,-11121.997223,0.0
2019-02-13,11,0,83,87.3,87.3,0.0,-24800.775416,0.0
2019-02-13,11,0,84,0.0,0.0,0.0,-0.0,0.0
2019-02-13,11,0,86,12.81,12.81,0.0,129.645017,0.0
2019-02-13,11,0,87,65.38,65.38,0.0,661.685497,0.0
2019-02-13,11,0,88,51.18,51.18,0.0,-14539.56112,0.0
2019-02-13,11,0,89,49.2,49.2,0.0,-13977.069307,0.0
2019-02-13,11,0,90,66.06,66.06,0.0,-18766.772325,0.0
2019-02-13,11,0,91,235.65,235.65,0.0,-66945.048418,0.0
2019-02-13,11,0,92,84.75,84.75,0.0,-24076.354141,0.0
2019-02-13,11,0,95,69.19,69.19,0.0,1345.453504,0.0
2019-02-13,11,0,96,31.88,31.88,0.0,-608.118122,0.0
2019-02-13,11,0,97,234.28,234.28,0.0,-4468.943339,0.0
2019-02-13,11,0,99,4.3,4.3,0.0,0.77127,0.0
2019-02-13,11,0,101,9.28,9.28,0.0,-175.577817,0.0
2019-02-13,11,0,102,80.49,80.49,0.0,-32731.103105,0.0
2019-02-13,11,0,103,69.99,69.99,0.0,-28461.298376,0.0
2019-02-13,11,0,104,12.99,12.99,0.0,-5282.358421,0.0
2019-02-13,11,0,106,203.03,203.03,0.0,-3811.181811,0.0
2019-02-13,11,0,109,83.48,83.48,0.0,-499.532178,0.0
2019-02-13,11,0,110,338.6,338.6,0.0,-338600.0,0.0
2019-02-13,11,0,111,15.67,15.67,0.0,-171.849301,0.0
2019-02-13,11,0,113,84.2,84.2,0.0,-21680.897244,0.0
2019-02-13,11,0,115,84.2,84.2,0.0,-21680.897244,0.0
2019-02-13,11,0,116,104.36,104.36,0.0,-104360.0,0.0
2019-02-13,11,0,117,5.66,5.66,0.0,-1457.409482,0.0
2019-02-13,11,0,119,60.0,60.0,0.0,6918.417803,0.0
2019-02-13,11,0,120,35.28,35.28,0.0,4068.029668,0.0
2019-02-13,11,0,123,3.38,3.38,0.0,-63.447739,0.0
2019-02-13,11,0,125,97.74,97.74,0.0,-1834.728416,0.0
2019-02-13,11,0,126,152.27,152.27,0.0,-2858.33943,0.0
2019-02-13,11,0,127,195.42,195.42,0.0,-3668.33054,0.0
2019-02-13,11,0,128,139.96,139.96,0.0,-2627.262012,0.0
2019-02-13,11,0,131,30.0,30.0,0.0,-11029.179005,0.0
2019-02-13,11,0,132,44.1,44.1,0.0,-16212.893137,0.0
2019-02-13,11,0,133,4.3,4.3,0.0,23.912788,0.0
2019-02-13,11,0,134,0.0,0.0,0.0,0.0,0.0
2019-02-13,11,0,135,5.77,5.77,0.0,32.087624,0.0
2019-02-13,11,0,136,4.57,4.57,0.0,24.446473,0.0
2019-02-13,11,0,139,44.94,44.94,0.0,-492.846687,0.0
2019-02-13,11,0,140,250.6,250.6,0.0,-250600.0,0.0
2019-02-13,11,0,141,230.0,230.0,0.0,-127123.408819,0.0
2019-02-13,11,0,142,353.31,353.31,0.0,-195278.13726,0.0
2019-02-13,11,0,143,39.77,39.77,0.0,-752.449328,0.0
2019-02-13,11,0,145,100.0,100.0,0.0,-1411.701404,0.0
2019-02-13,11,0,146,268.0,268.0,0.0,-268000.0,0.0
2019-02-13,11,0,152,7.14,7.14,0.0,2.208802,0.0
2019-02-13,11,0,153,8.99,8.99,0.0,0.654859,0.0
2019-02-13,11,0,154,64.63,64.63,0.0,-708.782407,0.0
2019-02-13,11,0,157,250.0,250.0,0.0,-138177.618281,0.0
2019-02-13,11,0,158,226.02,226.02,0.0,-124923.621136,0.0
2019-02-13,11,0,159,0.0,0.0,0.0,0.0,0.0
2019-02-13,11,0,160,2.32,2.32,0.0,5.424862,0.0
2019-02-13,11,0,161,51.73,51.73,0.0,-21035.904629,0.0
2019-02-13,11,0,162,118.18,118.18,0.0,2393.294326,0.0
2019-02-13,11,0,163,160.49,160.49,0.0,-160490.0,0.0
2019-02-13,11,0,164,17.18,17.18,0.0,-325.046001,0.0
2019-02-13,11,0,167,5.64,5.64,0.0,91.559019,0.0
2019-02-13,11,0,168,2.82,2.82,0.0,45.779509,0.0
2019-02-13,11,0,169,0.0,0.0,0.0,0.0,0.0
2019-02-13,11,0,170,6.17,6.17,0.0,100.162969,0.0
2019-02-13,11,0,172,7.5,7.5,0.0,107.197926,0.0
2019-02-13,11,0,173,11.42,11.42,0.0,163.226708,0.0
2019-02-13,11,0,188,10.23,10.23,0.0,256.889115,0.0
2019-02-13,11,0,190,8.55,8.55,0.0,277.255613,0.0
2019-02-13,11,0,191,22.08,22.08,0.0,716.000461,0.0
2019-02-13,11,0,192,332.6,332.6,0.0,10785.405497,0.0
2019-02-13,11,0,194,52.95,52.95,0.0,-6563.560288,0.0
2019-02-13,11,0,196,5.59,5.59,0.0,1507.371672,0.0
2019-02-13,11,0,198,10.24,10.24,0.0,75.350165,0.0
2019-02-13,11,0,199,31.44,31.44,0.0,-823.916514,0.0
2019-02-13,11,0,200,18.58,18.58,0.0,-486.907405,0.0
2019-02-13,11,0,204,257.1,257.1,0.0,-1697.104712,0.0
2019-02-13,11,0,205,545.8,545.8,0.0,-3265.987816,0.0
2019-02-13,11,0,206,895.48,895.48,0.0,-17081.481053,0.0
2019-02-13,11,0,210,2.43,2.43,0.0,15.15253,0.0
2019-02-13,11,0,214,14.08,14.08,0.0,180.63446,0.0
2019-02-13,11,0,217,9.49,9.49,0.0,95.627675,0.0
2019-02-13,11,0,218,13.09,13.09,0.0,131.903716,0.0
2019-02-13,11,0,219,8.92,8.92,0.0,89.883969,0.0
2019-02-13,11,0,221,7.51,7.51,0.0,96.346932,0.0
2019-02-13,11,0,225,7.29,7.29,0.0,37.340458,0.0
2019-02-13,11,0,233,7.25,7.25,0.0,73.374424,0.0
2019-02-13,11,0,236,8.05,8.05,0.0,24.319473,0.0
2019-02-13,11,0,237,44.65,44.65,0.0,8.008651,0.0
2019-02-13,11,0,238,77.11,77.11,0.0,350.977514,0.0
2019-02-13,11,0,240,10.66,10.66,0.0,-18.693451,0.0
2019-02-13,11,0,245,13.03,13.03,0.0,81.065582,0.0
2019-02-13,11,0,247,14.68,14.68,0.0,91.330986,0.0
2019-02-13,11,0,248,5.32,5.32,0.0,0.954222,0.0
2019-02-13,11,0,249,25.06,25.06,0.0,155.909707,0.0
2019-02-13,11,0,251,37.57,37.57,0.0,189.986728,0.0
2019-02-13,11,0,252,22.23,22.23,0.0,119.140685,0.0
2019-02-13,11,0,254,16.26,16.26,0.0,-1.20236,0.0
2019-02-13,11,0,255,7.45,7.45,0.0,-0.550897,0.0
2019-02-13,11,0,258,13.09,13.09,0.0,-21.11211,0.0
2019-02-13,11,0,260,5.62,5.62,0.0,13.14126,0.0
2019-02-13,11,0,265,66.91,66.91,0.0,-733.786645,0.0
2019-02-13,11,0,266,29.1,29.1,0.0,-319.133035,0.0
2019-02-13,11,0,267,35.76,35.76,0.0,-392.17173,0.0
2019-02-13,11,0,270,542.91,542.91,0.0,-542910.0,0.0
2019-02-13,11,0,272,281.17,281.17,0.0,-72399.26221,0.0
2019-02-13,11,0,273,24.96,24.96,0.0,-24960.0,0.0
2019-02-13,11,0,274,708.99,708.99,0.0,-708990.0,0.0
2019-02-13,11,0,275,1000.33,1000.33,0.0,-1000330.0,0.0
2019-02-13,11,0,276,5.63,5.63,0.0,-5067.730155,0.0
2019-02-13,11,0,277,7.02,7.02,0.0,-1882.446544,0.0
2019-02-13,11,0,278,11.23,11.23,0.0,-3011.378161,0.0
2019-02-13,11,0,279,264.6,264.6,0.0,-70953.754349,0.0
2019-02-13,11,0,281,14.73,14.73,0.0,-278.691944,0.0
2019-02-13,11,0,282,252.7,252.7,0.0,-4781.089899,0.0
2019-02-13,12,0,9,3.46,3.46,0.0,-92.343171,0.0
2019-02-13,12,0,17,60.94,60.94,0.0,206.605178,0.0
2019-02-13,12,0,19,30.5,30.5,0.0,103.404298,0.0
2019-02-13,12,0,20,36.99,36.99,0.0,125.407377,0.0
2019-02-13,12,0,21,79.09,79.09,0.0,-2110.815425,0.0
2019-02-13,12,0,22,281.09,281.09,0.0,-7501.948512,0.0
2019-02-13,12,0,23,46.17,46.17,0.0,-1232.220864,0.0
2019-02-13,12,0,24,77.3,77.3,0.0,-2063.042513,0.0
2019-02-13,12,0,29,10.17,10.17,0.0,35.39487,0.0
2019-02-13,12,0,30,628.22,628.22,0.0,-16883.387581,0.0
2019-02-13,12,0,31,43.78,43.78,0.0,-1176.585763,0.0
2019-02-13,12,0,32,6.64,6.64,0.0,246.951274,0.0
2019-02-13,12,0,33,3.38,3.38,0.0,30.159022,0.0
2019-02-13,12,0,34,5.41,5.41,0.0,48.272281,0.0
2019-02-13,12,0,35,5.41,5.41,0.0,48.272281,0.0
2019-02-13,12,0,36,12.93,12.93,0.0,-68.34925,0.0
2019-02-13,12,0,37,6.22,6.22,0.0,-33.694765,0.0
2019-02-13,12,0,38,8.0,8.0,0.0,-43.337319,0.0
2019-02-13,12,0,39,5.33,5.33,0.0,-28.873489,0.0
2019-02-13,12,0,40,5.33,5.33,0.0,-28.873489,0.0
2019-02-13,12,0,41,34.8,34.8,0.0,-589.345984,0.0
2019-02-13,12,0,42,77.24,77.24,0.0,169.237206,0.0
2019-02-13,12,0,43,40.6,40.6,0.0,-165.370276,0.0
2019-02-13,12,0,46,34.19,34.19,0.0,-254.061074,0.0
2019-02-13,12,0,52,46.41,46.41,0.0,-1247.266909,0.0
2019-02-13,12,0,53,73.73,73.73,0.0,-1981.490825,0.0
2019-02-13,12,0,55,623.0,623.0,0.0,-16627.10848,0.0
2019-02-13,12,0,56,185.3,185.3,0.0,-4979.93015,0.0
2019-02-13,12,0,57,176.26,176.26,0.0,-4736.980508,0.0
2019-02-13,12,0,58,338.97,338.97,0.0,-9109.805304,0.0
2019-02-13,12,0,59,333.32,333.32,0.0,-8957.961778,0.0
2019-02-13,12,0,63,51.0,51.0,0.0,5463.181815,0.0
2019-02-13,12,0,64,60.0,60.0,0.0,6427.272724,0.0
2019-02-13,12,0,65,7.72,7.72,0.0,24.453332,0.0
2019-02-13,12,0,67,364.99,364.99,0.0,-203413.19046,0.0
2019-02-13,12,0,68,34.0,34.0,0.0,-14033.561262,0.0
2019-02-13,12,0,69,3.38,3.38,0.0,30.159022,0.0
2019-02-13,12,0,74,44.23,44.23,0.0,-137.796745,0.0
2019-02-13,12,0,77,60.0,60.0,0.0,-17471.887148,0.0
2019-02-13,12,0,78,45.36,45.36,0.0,-13208.746684,0.0
2019-02-13,12,0,79,26.25,26.25,0.0,-7643.950627,0.0
2019-02-13,12,0,80,42.45,42.45,0.0,-12361.360158,0.0
2019-02-13,12,0,81,55.5,55.5,0.0,-16161.495612,0.0
2019-02-13,12,0,82,39.15,39.15,0.0,-11400.406364,0.0
2019-02-13,12,0,83,87.3,87.3,0.0,-25421.595801,0.0
2019-02-13,12,0,84,0.0,0.0,0.0,0.0,0.0
2019-02-13,12,0,86,17.13,17.13,0.0,152.847353,0.0
2019-02-13,12,0,87,87.48,87.48,0.0,780.565468,0.0
2019-02-13,12,0,88,51.18,51.18,0.0,-14903.519738,0.0
2019-02-13,12,0,89,49.2,49.2,0.0,-14326.947462,0.0
2019-02-13,12,0,90,66.06,66.06,0.0,-19236.54775,0.0
2019-02-13,12,0,91,235.65,235.65,0.0,-68620.836776,0.0
2019-02-13,12,0,92,84.75,84.75,0.0,-24679.040597,0.0
2019-02-13,12,0,95,120.0,120.0,0.0,2333.493576,0.0
2019-02-13,12,0,96,29.88,29.88,0.0,-808.837842,0.0
2019-02-13,12,0,97,183.76,183.76,0.0,-4974.298587,0.0
2019-02-13,12,0,99,8.54,8.54,0.0,-26.606019,0.0
2019-02-13,12,0,101,12.65,12.65,0.0,-339.968248,0.0
2019-02-13,12,0,102,80.5,80.5,0.0,-33226.520047,0.0
2019-02-13,12,0,103,70.0,70.0,0.0,-28892.626128,0.0
2019-02-13,12,0,104,13.0,13.0,0.0,-5365.773424,0.0
2019-02-13,12,0,106,276.71,276.71,0.0,-7385.051666,0.0
2019-02-13,12,0,109,60.0,60.0,0.0,-637.902066,0.0
2019-02-13,12,0,110,338.6,338.6,0.0,-338600.0,0.0
2019-02-13,12,0,111,21.48,21.48,0.0,-363.768728,0.0
2019-02-13,12,0,113,45.0,45.0,0.0,-11956.913262,0.0
2019-02-13,12,0,115,45.0,45.0,0.0,-11956.913262,0.0
2019-02-13,12,0,116,136.78,136.78,0.0,-136780.0,0.0
2019-02-13,12,0,117,3.0,3.0,0.0,-797.127551,0.0
2019-02-13,12,0,119,60.0,60.0,0.0,6427.272724,0.0
2019-02-13,12,0,120,35.28,35.28,0.0,3779.236362,0.0
2019-02-13,12,0,123,4.61,4.61,0.0,-123.035265,0.0
2019-02-13,12,0,125,70.73,70.73,0.0,-1887.697244,0.0
2019-02-13,12,0,126,207.53,207.53,0.0,-5538.722027,0.0
2019-02-13,12,0,127,266.33,266.33,0.0,-7108.022153,0.0
2019-02-13,12,0,128,96.96,96.96,0.0,-2587.743882,0.0
2019-02-13,12,0,131,30.0,30.0,0.0,-11224.329319,0.0
2019-02-13,12,0,132,44.1,44.1,0.0,-16499.764099,0.0
2019-02-13,12,0,133,5.7,5.7,0.0,19.444374,0.0
2019-02-13,12,0,134,0.0,0.0,0.0,0.0,0.0
2019-02-13,12,0,135,7.64,7.64,0.0,26.062283,0.0
2019-02-13,12,0,136,7.45,7.45,0.0,23.506987,0.0
2019-02-13,12,0,139,44.94,44.94,0.0,-761.06921,0.0
2019-02-13,12,0,140,250.6,250.6,0.0,-250600.0,0.0
2019-02-13,12,0,141,230.0,230.0,0.0,-128181.686638,0.0
2019-02-13,12,0,142,481.33,481.33,0.0,-268250.831432,0.0
2019-02-13,12,0,143,36.89,36.89,0.0,-991.417287,0.0
2019-02-13,12,0,145,56.25,56.25,0.0,-1172.512605,0.0
2019-02-13,12,0,146,268.0,268.0,0.0,-268000.0,0.0
2019-02-13,12,0,152,9.83,9.83,0.0,-28.741993,0.0
2019-02-13,12,0,153,12.33,12.33,0.0,-39.566301,0.0
2019-02-13,12,0,154,88.61,88.61,0.0,-1500.630678,0.0
2019-02-13,12,0,157,250.0,250.0,0.0,-139327.920258,0.0
2019-02-13,12,0,158,317.13,317.13,0.0,-176740.253406,0.0
2019-02-13,12,0,159,0.0,0.0,0.0,-0.0,0.0
2019-02-13,12,0,160,3.18,3.18,0.0,0.570226,0.0
2019-02-13,12,0,161,70.63,70.63,0.0,-29152.659763,0.0
2019-02-13,12,0,162,162.5,162.5,0.0,3286.356625,0.0
2019-02-13,12,0,163,185.4,185.4,0.0,-185400.0,0.0
2019-02-13,12,0,164,24.23,24.23,0.0,-651.180289,0.0
2019-02-13,12,0,167,7.32,7.32,0.0,121.298197,0.0
2019-02-13,12,0,168,3.66,3.66,0.0,60.649099,0.0
2019-02-13,12,0,169,0.0,0.0,0.0,0.0,0.0
2019-02-13,12,0,170,8.01,8.01,0.0,132.732044,0.0
2019-02-13,12,0,172,9.8,9.8,0.0,118.482625,0.0
2019-02-13,12,0,173,14.94,14.94,0.0,180.625552,0.0
2019-02-13,12,0,188,13.42,13.42,0.0,260.622682,0.0
2019-02-13,12,0,190,11.27,11.27,0.0,365.458569,0.0
2019-02-13,12,0,191,29.12,29.12,0.0,944.290463,0.0
2019-02-13,12,0,192,332.6,332.6,0.0,10785.405497,0.0
2019-02-13,12,0,194,52.95,52.95,0.0,-7112.425813,0.0
2019-02-13,12,0,196,7.42,7.42,0.0,1923.940366,0.0
2019-02-13,12,0,198,13.45,13.45,0.0,94.740963,0.0
2019-02-13,12,0,199,110.02,110.02,0.0,-9184.762627,0.0
2019-02-13,12,0,200,24.39,24.39,0.0,-2036.14216,0.0
2019-02-13,12,0,204,257.1,257.1,0.0,-2928.659951,0.0
2019-02-13,12,0,205,317.4,317.4,0.0,-3374.50193,0.0
2019-02-13,12,0,206,539.95,539.95,0.0,-14616.197879,0.0
2019-02-13,12,0,210,3.02,3.02,0.0,10.10315,0.0
2019-02-13,12,0,214,17.87,17.87,0.0,217.944082,0.0
2019-02-13,12,0,217,11.79,11.79,0.0,109.524688,0.0
2019-02-13,12,0,218,16.27,16.27,0.0,151.142211,0.0
2019-02-13,12,0,219,11.08,11.08,0.0,102.929053,0.0
2019-02-13,12,0,221,9.53,9.53,0.0,116.228713,0.0
2019-02-13,12,0,225,8.91,8.91,0.0,31.125748,0.0
2019-02-13,12,0,233,9.69,9.69,0.0,86.461813,0.0
2019-02-13,12,0,236,15.98,15.98,0.0,5.499816,0.0
2019-02-13,12,0,237,106.1,106.1,0.0,-330.550183,0.0
2019-02-13,12,0,238,100.54,100.54,0.0,220.288823,0.0
2019-02-13,12,0,240,14.65,14.65,0.0,-77.441338,0.0
2019-02-13,12,0,245,18.19,18.19,0.0,76.571041,0.0
2019-02-13,12,0,247,28.67,28.67,0.0,120.686738,0.0
2019-02-13,12,0,248,10.65,10.65,0.0,-33.179637,0.0
2019-02-13,12,0,249,34.99,34.99,0.0,147.29086,0.0
2019-02-13,12,0,251,98.13,98.13,0.0,274.937784,0.0
2019-02-13,12,0,252,49.79,49.79,0.0,157.711324,0.0
2019-02-13,12,0,254,21.85,21.85,0.0,-65.682469,0.0
2019-02-13,12,0,255,10.01,10.01,0.0,-30.090687,0.0
2019-02-13,12,0,258,18.08,18.08,0.0,-92.030792,0.0
2019-02-13,12,0,260,7.72,7.72,0.0,1.384323,0.0
2019-02-13,12,0,265,91.74,91.74,0.0,-1553.637946,0.0
2019-02-13,12,0,266,29.1,29.1,0.0,-492.815176,0.0
2019-02-13,12,0,267,35.76,35.76,0.0,-605.603804,0.0
2019-02-13,12,0,270,579.0,579.0,0.0,-579000.0,0.0
2019-02-13,12,0,272,150.39,150.39,0.0,-39960.00412,0.0
2019-02-13,12,0,273,32.71,32.71,0.0,-32710.0,0.0
2019-02-13,12,0,274,746.4,746.4,0.0,-746400.0,0.0
2019-02-13,12,0,275,1039.0,1039.0,0.0,-1039000.0,0.0
2019-02-13,12,0,276,7.47,7.47,0.0,-6731.643109,0.0
2019-02-13,12,0,277,9.17,9.17,0.0,-2530.260761,0.0
2019-02-13,12,0,278,14.67,14.67,0.0,-4047.865362,0.0
2019-02-13,12,0,279,264.6,264.6,0.0,-73010.57769,0.0
2019-02-13,12,0,281,19.65,19.65,0.0,-528.092971,0.0
2019-02-13,12,0,282,344.62,344.62,0.0,-9261.64883,0.0
2019-02-13,13,0,9,3.73,3.73,0.0,-1915.309209,0.0
2019-02-13,13,0,17,66.14,66.14,0.0,-17.306127,0.0
2019-02-13,13,0,19,35.45,35.45,0.0,-9.275812,0.0
2019-02-13,13,0,20,42.99,42.99,0.0,-11.248721,0.0
2019-02-13,13,0,21,85.33,85.33,0.0,-43815.907459,0.0
2019-02-13,13,0,22,303.24,303.24,0.0,-155710.017321,0.0
2019-02-13,13,0,23,90.35,90.35,0.0,-46393.615832,0.0
2019-02-13,13,0,24,157.79,157.79,0.0,-81023.227916,0.0
2019-02-13,13,0,29,11.16,11.16,0.0,38.100871,0.0
2019-02-13,13,0,30,713.3,713.3,0.0,-713300.0,0.0
2019-02-13,13,0,31,55.9,55.9,0.0,-55900.0,0.0
2019-02-13,13,0,32,7.46,7.46,0.0,303.839004,0.0
2019-02-13,13,0,33,3.93,3.93,0.0,115.532798,0.0
2019-02-13,13,0,34,6.29,6.29,0.0,184.911272,0.0
2019-02-13,13,0,35,6.29,6.29,0.0,184.911272,0.0
2019-02-13,13,0,36,15.19,15.19,0.0,-643.520792,0.0
2019-02-13,13,0,37,7.32,7.32,0.0,-308.640454,0.0
2019-02-13,13,0,38,9.41,9.41,0.0,-396.763207,0.0
2019-02-13,13,0,39,6.27,6.27,0.0,-264.368258,0.0
2019-02-13,13,0,40,6.27,6.27,0.0,-264.368258,0.0
2019-02-13,13,0,41,34.8,34.8,0.0,-5085.697238,0.0
2019-02-13,13,0,42,88.47,88.47,0.0,-591.931474,0.0
2019-02-13,13,0,43,45.76,45.76,0.0,-1587.738615,0.0
2019-02-13,13,0,46,38.44,38.44,0.0,-1677.707068,0.0
2019-02-13,13,0,52,59.25,59.25,0.0,-59250.0,0.0
2019-02-13,13,0,53,94.13,94.13,0.0,-94130.0,0.0
2019-02-13,13,0,55,623.0,623.0,0.0,-319902.851837,0.0
2019-02-13,13,0,56,210.4,210.4,0.0,-210400.0,0.0
2019-02-13,13,0,57,200.14,200.14,0.0,-200140.0,0.0
2019-02-13,13,0,58,384.88,384.88,0.0,-384880.0,0.0
2019-02-13,13,0,59,378.46,378.46,0.0,-378460.0,0.0
2019-02-13,13,0,63,51.0,51.0,0.0,5838.020993,0.0
2019-02-13,13,0,64,60.0,60.0,0.0,6868.259992,0.0
2019-02-13,13,0,65,15.31,15.31,0.0,-22.290464,0.0
2019-02-13,13,0,67,392.65,392.65,0.0,-211819.521981,0.0
2019-02-13,13,0,68,34.0,34.0,0.0,-13228.465756,0.0
2019-02-13,13,0,69,3.93,3.93,0.0,115.532798,0.0
2019-02-13,13,0,74,73.47,73.47,0.0,-2738.930433,0.0
2019-02-13,13,0,77,60.0,60.0,0.0,-15479.792652,0.0
2019-02-13,13,0,78,45.36,45.36,0.0,-11702.723245,0.0
2019-02-13,13,0,79,26.25,26.25,0.0,-6772.409285,0.0
2019-02-13,13,0,80,42.45,42.45,0.0,-10951.953302,0.0
2019-02-13,13,0,81,55.5,55.5,0.0,-14318.808203,0.0
2019-02-13,13,0,82,39.15,39.15,0.0,-10100.564706,0.0
2019-02-13,13,0,83,87.3,87.3,0.0,-22523.098309,0.0
2019-02-13,13,0,84,0.0,0.0,0.0,-0.0,0.0
2019-02-13,13,0,86,19.93,19.93,0.0,585.895334,0.0
2019-02-13,13,0,87,101.74,101.74,0.0,2990.917777,0.0
2019-02-13,13,0,88,51.18,51.18,0.0,-13204.263132,0.0
2019-02-13,13,0,89,49.2,49.2,0.0,-12693.429975,0.0
2019-02-13,13,0,90,66.06,66.06,0.0,-17043.25171,0.0
2019-02-13,13,0,91,235.65,235.65,0.0,-60796.885642,0.0
2019-02-13,13,0,92,84.75,84.75,0.0,-21865.207121,0.0
2019-02-13,13,0,95,120.0,120.0,0.0,2333.493576,0.0
2019-02-13,13,0,96,29.88,29.88,0.0,-5151.30318,0.0
2019-02-13,13,0,97,183.75,183.75,0.0,-31678.445763,0.0
2019-02-13,13,0,99,14.18,14.18,0.0,-528.624385,0.0
2019-02-13,13,0,101,14.37,14.37,0.0,-14370.0,0.0
2019-02-13,13,0,102,80.5,80.5,0.0,-31320.338039,0.0
2019-02-13,13,0,103,70.0,70.0,0.0,-27235.076556,0.0
2019-02-13,13,0,104,13.0,13.0,0.0,-5057.942789,0.0
2019-02-13,13,0,106,298.51,298.51,0.0,-153281.220388,0.0
2019-02-13,13,0,109,60.0,60.0,0.0,-3853.286846,0.0
2019-02-13,13,0,110,338.6,338.6,0.0,-338600.0,0.0
2019-02-13,13,0,111,24.86,24.86,0.0,-3633.058429,0.0
2019-02-13,13,0,113,45.0,45.0,0.0,-11099.520884,0.0
2019-02-13,13,0,115,45.0,45.0,0.0,-11099.520884,0.0
2019-02-13,13,0,116,150.41,150.41,0.0,-150410.0,0.0
2019-02-13,13,0,117,3.0,3.0,0.0,-739.968059,0.0
2019-02-13,13,0,119,60.0,60.0,0.0,6868.259992,0.0
2019-02-13,13,0,120,35.28,35.28,0.0,4038.536875,0.0
2019-02-13,13,0,123,4.98,4.98,0.0,-2557.168864,0.0
2019-02-13,13,0,125,143.27,143.27,0.0,-73567.386168,0.0
2019-02-13,13,0,126,223.89,223.89,0.0,-114964.766449,0.0
2019-02-13,13,0,127,287.32,287.32,0.0,-147535.292761,0.0
2019-02-13,13,0,128,202.25,202.25,0.0,-103852.892109,0.0
2019-02-13,13,0,131,30.0,30.0,0.0,-10467.248485,0.0
2019-02-13,13,0,132,44.1,44.1,0.0,-15386.855273,0.0
2019-02-13,13,0,133,7.78,7.78,0.0,-1.160305,0.0
2019-02-13,13,0,134,0.0,0.0,0.0,-0.0,0.0
2019-02-13,13,0,135,10.42,10.42,0.0,-1.554033,0.0
2019-02-13,13,0,136,12.03,12.03,0.0,-18.303707,0.0
2019-02-13,13,0,139,44.94,44.94,0.0,-6567.564192,0.0
2019-02-13,13,0,140,250.6,250.6,0.0,-250600.0,0.0
2019-02-13,13,0,141,230.0,230.0,0.0,-124076.123916,0.0
2019-02-13,13,0,142,517.81,517.81,0.0,-279338.511848,0.0
2019-02-13,13,0,143,35.44,35.44,0.0,-35440.0,0.0
2019-02-13,13,0,145,100.0,100.0,0.0,-18373.860795,0.0
2019-02-13,13,0,146,268.0,268.0,0.0,-268000.0,0.0
2019-02-13,13,0,152,11.46,11.46,0.0,-375.854731,0.0
2019-02-13,13,0,153,14.25,14.25,0.0,-487.909887,0.0
2019-02-13,13,0,154,102.54,102.54,0.0,-14985.269966,0.0
2019-02-13,13,0,157,250.0,250.0,0.0,-134865.352083,0.0
2019-02-13,13,0,158,380.43,380.43,0.0,-205227.303571,0.0
2019-02-13,13,0,159,0.0,0.0,0.0,-0.0,0.0
2019-02-13,13,0,160,3.65,3.65,0.0,-59.962536,0.0
2019-02-13,13,0,161,76.76,76.76,0.0,-29865.206806,0.0
2019-02-13,13,0,162,162.5,162.5,0.0,3298.338292,0.0
2019-02-13,13,0,163,104.55,104.55,0.0,-104550.0,0.0
2019-02-13,13,0,164,28.86,28.86,0.0,-28860.0,0.0
2019-02-13,13,0,167,8.3,8.3,0.0,135.644578,0.0
2019-02-13,13,0,168,4.15,4.15,0.0,67.822289,0.0
2019-02-13,13,0,169,0.0,0.0,0.0,0.0,0.0
2019-02-13,13,0,170,9.07,9.07,0.0,148.228473,0.0
2019-02-13,13,0,172,11.09,11.09,0.0,79.750274,0.0
2019-02-13,13,0,173,16.9,16.9,0.0,121.531076,0.0
2019-02-13,13,0,188,15.09,15.09,0.0,311.25652,0.0
2019-02-13,13,0,190,12.57,12.57,0.0,407.614393,0.0
2019-02-13,13,0,191,32.47,32.47,0.0,1052.92278,0.0
2019-02-13,13,0,192,332.6,332.6,0.0,10785.405497,0.0
2019-02-13,13,0,194,52.95,52.95,0.0,-6572.789905,0.0
2019-02-13,13,0,196,8.18,8.18,0.0,2225.408366,0.0
2019-02-13,13,0,198,15.59,15.59,0.0,179.127918,0.0
2019-02-13,13,0,199,73.53,73.53,0.0,-9992.978449,0.0
2019-02-13,13,0,200,27.51,27.51,0.0,-3738.703075,0.0
2019-02-13,13,0,204,257.1,257.1,0.0,-13934.389695,0.0
2019-02-13,13,0,205,317.4,317.4,0.0,-20383.887414,0.0
2019-02-13,13,0,206,539.94,539.94,0.0,-93085.496627,0.0
2019-02-13,13,0,210,3.31,3.31,0.0,21.89302,0.0
2019-02-13,13,0,214,20.01,20.01,0.0,937.834517,0.0
2019-02-13,13,0,217,12.9,12.9,0.0,412.843147,0.0
2019-02-13,13,0,218,17.8,17.8,0.0,569.659536,0.0
2019-02-13,13,0,219,12.13,12.13,0.0,388.200572,0.0
2019-02-13,13,0,221,10.67,10.67,0.0,500.084672,0.0
2019-02-13,13,0,225,9.89,9.89,0.0,30.708534,0.0
2019-02-13,13,0,233,11.28,11.28,0.0,331.605588,0.0
2019-02-13,13,0,236,62.17,62.17,0.0,-1011.002109,0.0
2019-02-13,13,0,237,176.24,176.24,0.0,-6570.152437,0.0
2019-02-13,13,0,238,115.15,115.15,0.0,-770.440932,0.0
2019-02-13,13,0,240,17.21,17.21,0.0,-729.097619,0.0
2019-02-13,13,0,245,25.97,25.97,0.0,107.257865,0.0
2019-02-13,13,0,247,53.88,53.88,0.0,222.528062,0.0
2019-02-13,13,0,248,17.69,17.69,0.0,-659.475696,0.0
2019-02-13,13,0,249,49.95,49.95,0.0,206.296895,0.0
2019-02-13,13,0,251,207.77,207.77,0.0,-709.899164,0.0
2019-02-13,13,0,252,98.78,98.78,0.0,-143.817899,0.0
2019-02-13,13,0,254,25.27,25.27,0.0,-760.949134,0.0
2019-02-13,13,0,255,11.58,11.58,0.0,-348.705618,0.0
2019-02-13,13,0,258,21.21,21.21,0.0,-872.290367,0.0
2019-02-13,13,0,260,8.85,8.85,0.0,-145.388616,0.0
2019-02-13,13,0,265,106.16,106.16,0.0,-15514.299391,0.0
2019-02-13,13,0,266,29.1,29.1,0.0,-4252.695104,0.0
2019-02-13,13,0,267,35.76,35.76,0.0,-5225.992334,0.0
2019-02-13,13,0,270,325.32,325.32,0.0,-325320.0,0.0
2019-02-13,13,0,272,150.39,150.39,0.0,-37094.598796,0.0
2019-02-13,13,0,273,35.97,35.97,0.0,-35970.0,0.0
2019-02-13,13,0,274,419.18,419.18,0.0,-419180.0,0.0
2019-02-13,13,0,275,583.24,583.24,0.0,-583240.0,0.0
2019-02-13,13,0,276,8.03,8.03,0.0,-7204.286772,0.0
2019-02-13,13,0,277,10.29,10.29,0.0,-2584.874949,0.0
2019-02-13,13,0,278,16.47,16.47,0.0,-4137.307134,0.0
2019-02-13,13,0,279,378.16,378.16,0.0,-94994.782384,0.0
2019-02-13,13,0,281,25.09,25.09,0.0,-25090.0,0.0
2019-02-13,13,0,282,391.29,391.29,0.0,-391290.0,0.0
2019-02-13,14,0,9,3.91,3.91,0.0,-1946.401254,0.0
2019-02-13,14,0,17,68.54,68.54,0.0,-312.412871,0.0
2019-02-13,14,0,19,57.28,57.28,0.0,-261.088551,0.0
2019-02-13,14,0,20,69.47,69.47,0.0,-316.651914,0.0
2019-02-13,14,0,21,89.51,89.51,0.0,-44558.152499,0.0
2019-02-13,14,0,22,318.11,318.11,0.0,-158355.422761,0.0
2019-02-13,14,0,23,42.61,42.61,0.0,-21211.293464,0.0
2019-02-13,14,0,24,73.27,73.27,0.0,-36473.866982,0.0
2019-02-13,14,0,29,11.05,11.05,0.0,37.659605,0.0
2019-02-13,14,0,30,764.26,764.26,0.0,-764260.0,0.0
2019-02-13,14,0,31,76.51,76.51,0.0,-76510.0,0.0
2019-02-13,14,0,32,7.48,7.48,0.0,302.520608,0.0
2019-02-13,14,0,33,4.02,4.02,0.0,119.789424,0.0
2019-02-13,14,0,34,6.43,6.43,0.0,191.603482,0.0
2019-02-13,14,0,35,6.43,6.43,0.0,191.603482,0.0
2019-02-13,14,0,36,15.63,15.63,0.0,-921.365723,0.0
2019-02-13,14,0,37,7.52,7.52,0.0,-449.850137,0.0
2019-02-13,14,0,38,9.67,9.67,0.0,-578.464206,0.0
2019-02-13,14,0,39,6.44,6.44,0.0,-385.244,0.0
2019-02-13,14,0,40,6.44,6.44,0.0,-385.244,0.0
2019-02-13,14,0,41,34.8,34.8,0.0,-4619.645775,0.0
2019-02-13,14,0,42,93.32,93.32,0.0,-1120.342938,0.0
2019-02-13,14,0,43,46.31,46.31,0.0,-2428.905976,0.0
2019-02-13,14,0,46,39.44,39.44,0.0,-2820.338078,0.0
2019-02-13,14,0,52,81.1,81.1,0.0,-81100.0,0.0
2019-02-13,14,0,53,128.84,128.84,0.0,-128840.0,0.0
2019-02-13,14,0,55,623.0,623.0,0.0,-310129.91852,0.0
2019-02-13,14,0,56,225.43,225.43,0.0,-225430.0,0.0
2019-02-13,14,0,57,214.43,214.43,0.0,-214430.0,0.0
2019-02-13,14,0,58,412.37,412.37,0.0,-412370.0,0.0
2019-02-13,14,0,59,405.5,405.5,0.0,-405500.0,0.0
2019-02-13,14,0,63,51.0,51.0,0.0,5887.456039,0.0
2019-02-13,14,0,64,60.0,60.0,0.0,6926.41887,0.0
2019-02-13,14,0,65,20.6,20.6,0.0,-122.395551,0.0
2019-02-13,14,0,67,407.36,407.36,0.0,-217983.09067,0.0
2019-02-13,14,0,68,19.16,19.16,0.0,-7344.073587,0.0
2019-02-13,14,0,69,4.02,4.02,0.0,119.789424,0.0
2019-02-13,14,0,74,87.87,87.87,0.0,-3960.551037,0.0
2019-02-13,14,0,77,60.0,60.0,0.0,-14987.893091,0.0
2019-02-13,14,0,78,45.36,45.36,0.0,-11330.847177,0.0
2019-02-13,14,0,79,26.25,26.25,0.0,-6557.203227,0.0
2019-02-13,14,0,80,42.45,42.45,0.0,-10603.934362,0.0
2019-02-13,14,0,81,55.5,55.5,0.0,-13863.801109,0.0
2019-02-13,14,0,82,39.15,39.15,0.0,-9779.600242,0.0
2019-02-13,14,0,83,87.3,87.3,0.0,-21807.384447,0.0
2019-02-13,14,0,84,0.0,0.0,0.0,-0.0,0.0
2019-02-13,14,0,86,20.37,20.37,0.0,606.99268,0.0
2019-02-13,14,0,87,103.97,103.97,0.0,3098.13593,0.0
2019-02-13,14,0,88,51.18,51.18,0.0,-12784.672807,0.0
2019-02-13,14,0,89,49.2,49.2,0.0,-12290.072335,0.0
2019-02-13,14,0,90,66.06,66.06,0.0,-16501.670293,0.0
2019-02-13,14,0,91,235.65,235.65,0.0,-58864.950115,0.0
2019-02-13,14,0,92,84.75,84.75,0.0,-21170.398991,0.0
2019-02-13,14,0,95,120.0,120.0,0.0,2333.493576,0.0
2019-02-13,14,0,96,31.39,31.39,0.0,-4584.096129,0.0
2019-02-13,14,0,97,210.51,210.51,0.0,-30742.213323,0.0
2019-02-13,14,0,99,16.96,16.96,0.0,-764.43548,0.0
2019-02-13,14,0,101,15.4,15.4,0.0,-15400.0,0.0
2019-02-13,14,0,102,45.25,45.25,0.0,-17344.432663,0.0
2019-02-13,14,0,103,39.36,39.36,0.0,-15086.781649,0.0
2019-02-13,14,0,104,7.37,7.37,0.0,-2824.938535,0.0
2019-02-13,14,0,106,313.15,313.15,0.0,-155886.330633,0.0
2019-02-13,14,0,109,60.0,60.0,0.0,-5373.632995,0.0
2019-02-13,14,0,110,338.6,338.6,0.0,-338600.0,0.0
2019-02-13,14,0,111,26.61,26.61,0.0,-3532.436036,0.0
2019-02-13,14,0,113,45.0,45.0,0.0,-10901.673059,0.0
2019-02-13,14,0,115,45.0,45.0,0.0,-10901.673059,0.0
2019-02-13,14,0,116,152.95,152.95,0.0,-152950.0,0.0
2019-02-13,14,0,117,3.0,3.0,0.0,-726.778204,0.0
2019-02-13,14,0,119,60.0,60.0,0.0,6926.41887,0.0
2019-02-13,14,0,120,35.28,35.28,0.0,4072.734295,0.0
2019-02-13,14,0,123,5.22,5.22,0.0,-2598.520345,0.0
2019-02-13,14,0,125,66.79,66.79,0.0,-33248.117589,0.0
2019-02-13,14,0,126,234.86,234.86,0.0,-116913.503473,0.0
2019-02-13,14,0,127,301.41,301.41,0.0,-150042.148862,0.0
2019-02-13,14,0,128,92.7,92.7,0.0,-46146.137154,0.0
2019-02-13,14,0,131,30.0,30.0,0.0,-10282.763792,0.0
2019-02-13,14,0,132,44.1,44.1,0.0,-15115.662774,0.0
2019-02-13,14,0,133,13.17,13.17,0.0,-58.313742,0.0
2019-02-13,14,0,134,0.0,0.0,0.0,-0.0,0.0
2019-02-13,14,0,135,17.65,17.65,0.0,-78.150155,0.0
2019-02-13,14,0,136,17.43,17.43,0.0,-104.884653,0.0
2019-02-13,14,0,139,44.94,44.94,0.0,-5965.714975,0.0
2019-02-13,14,0,140,250.6,250.6,0.0,-250600.0,0.0
2019-02-13,14,0,141,230.0,230.0,0.0,-123075.68454,0.0
2019-02-13,14,0,142,537.21,537.21,0.0,-287467.341267,0.0
2019-02-13,14,0,143,61.69,61.69,0.0,-61690.0,0.0
2019-02-13,14,0,145,56.12,56.12,0.0,-8322.835409,0.0
2019-02-13,14,0,146,0.0,0.0,0.0,-0.0,0.0
2019-02-13,14,0,152,12.04,12.04,0.0,-526.135146,0.0
2019-02-13,14,0,153,15.02,15.02,0.0,-682.875829,0.0
2019-02-13,14,0,154,109.79,109.79,0.0,-14574.451425,0.0
2019-02-13,14,0,157,250.0,250.0,0.0,-133777.917978,0.0
2019-02-13,14,0,158,405.27,405.27,0.0,-216864.707275,0.0
2019-02-13,14,0,159,0.0,0.0,0.0,-0.0,0.0
2019-02-13,14,0,160,3.69,3.69,0.0,-106.378442,0.0
2019-02-13,14,0,161,79.62,79.62,0.0,-30518.535439,0.0
2019-02-13,14,0,162,162.5,162.5,0.0,3301.53685,0.0
2019-02-13,14,0,163,130.61,130.61,0.0,-130610.0,0.0
2019-02-13,14,0,164,30.91,30.91,0.0,-30910.0,0.0
2019-02-13,14,0,167,8.48,8.48,0.0,138.45947,0.0
2019-02-13,14,0,168,4.24,4.24,0.0,69.229735,0.0
2019-02-13,14,0,169,0.0,0.0,0.0,0.0,0.0
2019-02-13,14,0,170,9.27,9.27,0.0,151.358406,0.0
2019-02-13,14,0,172,11.28,11.28,0.0,57.485221,0.0
2019-02-13,14,0,173,17.19,17.19,0.0,87.603807,0.0
2019-02-13,14,0,188,15.15,15.15,0.0,303.36553,0.0
2019-02-13,14,0,190,12.66,12.66,0.0,410.532873,0.0
2019-02-13,14,0,191,32.7,32.7,0.0,1060.381118,0.0
2019-02-13,14,0,192,332.6,332.6,0.0,10785.405497,0.0
2019-02-13,14,0,194,52.95,52.95,0.0,-6471.820697,0.0
2019-02-13,14,0,196,8.28,8.28,0.0,2271.270745,0.0
2019-02-13,14,0,198,16.14,16.14,0.0,124.733838,0.0
2019-02-13,14,0,199,130.0,130.0,0.0,-19591.677149,0.0
2019-02-13,14,0,200,27.96,27.96,0.0,-4213.717639,0.0
2019-02-13,14,0,204,257.1,257.1,0.0,-24165.078251,0.0
2019-02-13,14,0,205,317.4,317.4,0.0,-28426.518544,0.0
2019-02-13,14,0,206,745.19,745.19,0.0,-108825.186195,0.0
2019-02-13,14,0,210,3.3,3.3,0.0,23.481104,0.0
2019-02-13,14,0,214,20.01,20.01,0.0,1002.926907,0.0
2019-02-13,14,0,217,13.07,13.07,0.0,450.219766,0.0
2019-02-13,14,0,218,18.04,18.04,0.0,621.420397,0.0
2019-02-13,14,0,219,12.29,12.29,0.0,423.351257,0.0
2019-02-13,14,0,221,10.67,10.67,0.0,534.794108,0.0
2019-02-13,14,0,225,9.95,9.95,0.0,30.34826,0.0
2019-02-13,14,0,233,11.52,11.52,0.0,343.277156,0.0
2019-02-13,14,0,236,43.17,43.17,0.0,-1012.633419,0.0
2019-02-13,14,0,237,210.8,210.8,0.0,-9501.356079,0.0
2019-02-13,14,0,238,121.46,121.46,0.0,-1458.174596,0.0
2019-02-13,14,0,240,17.72,17.72,0.0,-1044.568177,0.0
2019-02-13,14,0,245,40.87,40.87,0.0,21.625797,0.0
2019-02-13,14,0,247,80.52,80.52,0.0,42.606047,0.0
2019-02-13,14,0,248,21.16,21.16,0.0,-953.741436,0.0
2019-02-13,14,0,249,78.6,78.6,0.0,41.590106,0.0
2019-02-13,14,0,251,241.47,241.47,0.0,-1983.16407,0.0
2019-02-13,14,0,252,132.87,132.87,0.0,-789.451302,0.0
2019-02-13,14,0,254,25.54,25.54,0.0,-1188.165496,0.0
2019-02-13,14,0,255,11.71,11.71,0.0,-544.769693,0.0
2019-02-13,14,0,258,21.77,21.77,0.0,-1260.456623,0.0
2019-02-13,14,0,260,8.95,8.95,0.0,-258.018172,0.0
2019-02-13,14,0,265,113.67,113.67,0.0,-15089.51538,0.0
2019-02-13,14,0,266,29.1,29.1,0.0,-3862.979656,0.0
2019-02-13,14,0,267,35.76,35.76,0.0,-4747.084279,0.0
2019-02-13,14,0,270,454.05,454.05,0.0,-454050.0,0.0
2019-02-13,14,0,272,150.39,150.39,0.0,-36433.391363,0.0
2019-02-13,14,0,273,36.57,36.57,0.0,-36570.0,0.0
2019-02-13,14,0,274,605.65,605.65,0.0,-605650.0,0.0
2019-02-13,14,0,275,880.86,880.86,0.0,-880860.0,0.0
2019-02-13,14,0,276,8.25,8.25,0.0,-7393.652056,0.0
2019-02-13,14,0,277,10.58,10.58,0.0,-2595.081811,0.0
2019-02-13,14,0,278,16.92,16.92,0.0,-4150.168642,0.0
2019-02-13,14,0,279,264.6,264.6,0.0,-64901.573449,0.0
2019-02-13,14,0,281,34.34,34.34,0.0,-34340.0,0.0
2019-02-13,14,0,282,419.24,419.24,0.0,-419240.0,0.0
2019-02-13,15,0,9,3.76,3.76,0.0,-1901.473773,0.0
2019-02-13,15,0,17,65.75,65.75,0.0,-2307.237851,0.0
2019-02-13,15,0,19,89.35,89.35,0.0,-3135.387103,0.0
2019-02-13,15,0,20,108.37,108.37,0.0,-3802.819254,0.0
2019-02-13,15,0,21,86.0,86.0,0.0,-43491.155451,0.0
2019-02-13,15,0,22,305.64,305.64,0.0,-154565.543628,0.0
2019-02-13,15,0,23,32.64,32.64,0.0,-16506.410627,0.0
2019-02-13,15,0,24,57.75,57.75,0.0,-29204.816596,0.0
2019-02-13,15,0,29,10.47,10.47,0.0,36.830505,0.0
2019-02-13,15,0,30,735.3,735.3,0.0,-735300.0,0.0
2019-02-13,15,0,31,101.45,101.45,0.0,-101450.0,0.0
2019-02-13,15,0,32,7.19,7.19,0.0,265.212349,0.0
2019-02-13,15,0,33,3.93,3.93,0.0,-21.119092,0.0
2019-02-13,15,0,34,6.28,6.28,0.0,-33.747557,0.0
2019-02-13,15,0,35,6.28,6.28,0.0,-33.747557,0.0
2019-02-13,15,0,36,15.23,15.23,0.0,-1228.194531,0.0
2019-02-13,15,0,37,7.3,7.3,0.0,-592.418828,0.0
2019-02-13,15,0,38,9.39,9.39,0.0,-762.02915,0.0
2019-02-13,15,0,39,6.26,6.26,0.0,-508.019433,0.0
2019-02-13,15,0,40,6.26,6.26,0.0,-508.019433,0.0
2019-02-13,15,0,41,58.96,58.96,0.0,-8853.480957,0.0
2019-02-13,15,0,42,90.13,90.13,0.0,-3743.344874,0.0
2019-02-13,15,0,43,45.2,45.2,0.0,-3319.052079,0.0
2019-02-13,15,0,46,38.09,38.09,0.0,-3492.914975,0.0
2019-02-13,15,0,52,107.54,107.54,0.0,-107540.0,0.0
2019-02-13,15,0,53,170.84,170.84,0.0,-170840.0,0.0
2019-02-13,15,0,55,623.0,623.0,0.0,-315058.021465,0.0
2019-02-13,15,0,56,216.89,216.89,0.0,-216890.0,0.0
2019-02-13,15,0,57,206.31,206.31,0.0,-206310.0,0.0
2019-02-13,15,0,58,396.75,396.75,0.0,-396750.0,0.0
2019-02-13,15,0,59,390.13,390.13,0.0,-390130.0,0.0
2019-02-13,15,0,63,51.0,51.0,0.0,5714.874908,0.0
2019-02-13,15,0,64,60.0,60.0,0.0,6723.382244,0.0
2019-02-13,15,0,65,27.58,27.58,0.0,-1000.814363,0.0
2019-02-13,15,0,67,393.13,393.13,0.0,-211586.325131,0.0
2019-02-13,15,0,68,34.0,34.0,0.0,-13172.004108,0.0
2019-02-13,15,0,69,3.93,3.93,0.0,-21.119092,0.0
2019-02-13,15,0,74,103.67,103.67,0.0,-7296.084995,0.0
2019-02-13,15,0,77,60.0,60.0,0.0,-15317.021622,0.0
2019-02-13,15,0,78,45.36,45.36,0.0,-11579.668347,0.0
2019-02-13,15,0,79,26.25,26.25,0.0,-6701.19696,0.0
2019-02-13,15,0,80,42.45,42.45,0.0,-10836.792798,0.0
2019-02-13,15,0,81,55.5,55.5,0.0,-14168.245001,0.0
2019-02-13,15,0,82,39.15,39.15,0.0,-9994.356609,0.0
2019-02-13,15,0,83,87.3,87.3,0.0,-22286.266461,0.0
2019-02-13,15,0,84,0.0,0.0,0.0,-0.0,0.0
2019-02-13,15,0,86,19.89,19.89,0.0,-106.885176,0.0
2019-02-13,15,0,87,101.53,101.53,0.0,-545.603417,0.0
2019-02-13,15,0,88,51.18,51.18,0.0,-13065.419444,0.0
2019-02-13,15,0,89,49.2,49.2,0.0,-12559.95773,0.0
2019-02-13,15,0,90,66.06,66.06,0.0,-16864.040806,0.0
2019-02-13,15,0,91,235.65,235.65,0.0,-60157.602422,0.0
2019-02-13,15,0,92,84.75,84.75,0.0,-21635.293042,0.0
2019-02-13,15,0,95,120.0,120.0,0.0,2333.493576,0.0
2019-02-13,15,0,96,29.88,29.88,0.0,-4760.057201,0.0
2019-02-13,15,0,97,183.75,183.75,0.0,-29272.440114,0.0
2019-02-13,15,0,99,20.01,20.01,0.0,-1408.263343,0.0
2019-02-13,15,0,101,14.81,14.81,0.0,-14810.0,0.0
2019-02-13,15,0,102,80.5,80.5,0.0,-31186.656785,0.0
2019-02-13,15,0,103,70.0,70.0,0.0,-27118.831987,0.0
2019-02-13,15,0,104,13.0,13.0,0.0,-5036.354512,0.0
2019-02-13,15,0,106,300.88,300.88,0.0,-152158.358745,0.0
2019-02-13,15,0,109,60.0,60.0,0.0,-6558.52625,0.0
2019-02-13,15,0,110,338.6,338.6,0.0,-338600.0,0.0
2019-02-13,15,0,111,25.61,25.61,0.0,-3845.61817,0.0
2019-02-13,15,0,113,45.0,45.0,0.0,-11078.905111,0.0
2019-02-13,15,0,115,45.0,45.0,0.0,-11078.905111,0.0
2019-02-13,15,0,116,146.33,146.33,0.0,-146330.0,0.0
2019-02-13,15,0,117,3.0,3.0,0.0,-738.593674,0.0
2019-02-13,15,0,119,60.0,60.0,0.0,6723.382244,0.0
2019-02-13,15,0,120,35.28,35.28,0.0,3953.34876,0.0
2019-02-13,15,0,123,5.01,5.01,0.0,-2533.612661,0.0
2019-02-13,15,0,125,52.26,52.26,0.0,-26428.462603,0.0
2019-02-13,15,0,126,225.66,225.66,0.0,-114118.769059,0.0
2019-02-13,15,0,127,289.6,289.6,0.0,-146453.937426,0.0
2019-02-13,15,0,128,74.85,74.85,0.0,-37852.476576,0.0
2019-02-13,15,0,131,73.62,73.62,0.0,-25556.33422,0.0
2019-02-13,15,0,132,108.35,108.35,0.0,-37612.45331,0.0
2019-02-13,15,0,133,20.95,20.95,0.0,-732.796026,0.0
2019-02-13,15,0,134,0.0,0.0,0.0,-0.0,0.0
2019-02-13,15,0,135,28.08,28.08,0.0,-982.191523,0.0
2019-02-13,15,0,136,25.16,25.16,0.0,-914.65097,0.0
2019-02-13,15,0,139,76.67,76.67,0.0,-11512.828781,0.0
2019-02-13,15,0,140,250.6,250.6,0.0,-250600.0,0.0
2019-02-13,15,0,141,230.0,230.0,0.0,-123788.199273,0.0
2019-02-13,15,0,142,518.45,518.45,0.0,-279034.747448,0.0
2019-02-13,15,0,143,100.13,100.13,0.0,-100130.0,0.0
2019-02-13,15,0,145,30.0,30.0,0.0,-4909.963217,0.0
2019-02-13,15,0,146,0.0,0.0,0.0,-0.0,0.0
2019-02-13,15,0,152,11.61,11.61,0.0,-798.738301,0.0
2019-02-13,15,0,153,14.52,14.52,0.0,-1020.970886,0.0
2019-02-13,15,0,154,105.63,105.63,0.0,-15861.485642,0.0
2019-02-13,15,0,157,250.0,250.0,0.0,-134552.390514,0.0
2019-02-13,15,0,158,387.7,387.7,0.0,-208663.847209,0.0
2019-02-13,15,0,159,0.0,0.0,0.0,-0.0,0.0
2019-02-13,15,0,160,3.51,3.51,0.0,-173.620169,0.0
2019-02-13,15,0,161,76.09,76.09,0.0,-29478.17037,0.0
2019-02-13,15,0,162,162.5,162.5,0.0,3300.173041,0.0
2019-02-13,15,0,163,142.89,142.89,0.0,-142890.0,0.0
2019-02-13,15,0,164,29.18,29.18,0.0,-29180.0,0.0
2019-02-13,15,0,167,8.0,8.0,0.0,131.772708,0.0
2019-02-13,15,0,168,4.0,4.0,0.0,65.886354,0.0
2019-02-13,15,0,169,0.0,0.0,0.0,0.0,0.0
2019-02-13,15,0,170,8.75,8.75,0.0,144.1264,0.0
2019-02-13,15,0,172,10.77,10.77,0.0,39.13679,0.0
2019-02-13,15,0,173,16.41,16.41,0.0,59.631822,0.0
2019-02-13,15,0,188,14.62,14.62,0.0,256.061379,0.0
2019-02-13,15,0,190,11.89,11.89,0.0,385.563654,0.0
2019-02-13,15,0,191,30.73,30.73,0.0,996.49883,0.0
2019-02-13,15,0,192,332.6,332.6,0.0,10785.405497,0.0
2019-02-13,15,0,194,52.95,52.95,0.0,-6643.809808,0.0
2019-02-13,15,0,196,7.84,7.84,0.0,2115.968462,0.0
2019-02-13,15,0,198,15.55,15.55,0.0,-155.589503,0.0
2019-02-13,15,0,199,130.0,130.0,0.0,-19085.474251,0.0
2019-02-13,15,0,200,26.94,26.94,0.0,-3955.09751,0.0
2019-02-13,15,0,204,257.1,257.1,0.0,-29117.053546,0.0
2019-02-13,15,0,205,317.4,317.4,0.0,-34694.603862,0.0
2019-02-13,15,0,206,539.94,539.94,0.0,-86015.571784,0.0
2019-02-13,15,0,210,3.16,3.16,0.0,18.757828,0.0
2019-02-13,15,0,214,19.47,19.47,0.0,237.457822,0.0
2019-02-13,15,0,217,12.55,12.55,0.0,153.008669,0.0
2019-02-13,15,0,218,17.33,17.33,0.0,211.286074,0.0
2019-02-13,15,0,219,11.8,11.8,0.0,143.864724,0.0
2019-02-13,15,0,221,10.38,10.38,0.0,126.595387,0.0
2019-02-13,15,0,225,9.32,9.32,0.0,30.60851,0.0
2019-02-13,15,0,233,11.25,11.25,0.0,-60.455417,0.0
2019-02-13,15,0,236,66.08,66.08,0.0,-3396.542509,0.0
2019-02-13,15,0,237,248.7,248.7,0.0,-17503.003166,0.0
2019-02-13,15,0,238,117.31,117.31,0.0,-4872.204452,0.0
2019-02-13,15,0,240,17.27,17.27,0.0,-1392.706471,0.0
2019-02-13,15,0,245,61.11,61.11,0.0,-1875.51259,0.0
2019-02-13,15,0,247,115.45,115.45,0.0,-3543.248707,0.0
2019-02-13,15,0,248,24.96,24.96,0.0,-1756.634335,0.0
2019-02-13,15,0,249,117.51,117.51,0.0,-3606.471681,0.0
2019-02-13,15,0,251,285.89,285.89,0.0,-10935.958381,0.0
2019-02-13,15,0,252,177.94,177.94,0.0,-6457.03074,0.0
2019-02-13,15,0,254,25.28,25.28,0.0,-1704.288045,0.0
2019-02-13,15,0,255,11.59,11.59,0.0,-781.356742,0.0
2019-02-13,15,0,258,21.08,21.08,0.0,-1675.400234,0.0
2019-02-13,15,0,260,8.53,8.53,0.0,-421.931636,0.0
2019-02-13,15,0,265,109.37,109.37,0.0,-16423.087046,0.0
2019-02-13,15,0,266,49.03,49.03,0.0,-7362.384181,0.0
2019-02-13,15,0,267,60.63,60.63,0.0,-9104.249498,0.0
2019-02-13,15,0,270,466.38,466.38,0.0,-466380.0,0.0
2019-02-13,15,0,272,150.39,150.39,0.0,-37025.700882,0.0
2019-02-13,15,0,273,34.99,34.99,0.0,-34990.0,0.0
2019-02-13,15,0,274,614.3,614.3,0.0,-614300.0,0.0
2019-02-13,15,0,275,881.73,881.73,0.0,-881730.0,0.0
2019-02-13,15,0,276,7.94,7.94,0.0,-7121.322025,0.0
2019-02-13,15,0,277,10.07,10.07,0.0,-2515.894199,0.0
2019-02-13,15,0,278,16.12,16.12,0.0,-4027.429443,0.0
2019-02-13,15,0,279,264.6,264.6,0.0,-66107.805865,0.0
2019-02-13,15,0,281,45.53,45.53,0.0,-45530.0,0.0
2019-02-13,15,0,282,403.36,403.36,0.0,-403360.0,0.0
2019-02-13,16,0,9,3.22,3.22,0.0,-1285.338277,0.0
2019-02-13,16,0,17,54.19,54.19,0.0,193.433944,0.0
2019-02-13,16,0,19,230.25,230.25,0.0,821.889011,0.0
2019-02-13,16,0,20,290.61,290.61,0.0,1037.347082,0.0
2019-02-13,16,0,21,73.68,73.68,0.0,-29411.094498,0.0
2019-02-13,16,0,22,261.85,261.85,0.0,-104523.549056,0.0
2019-02-13,16,0,23,32.64,32.64,0.0,-13029.019061,0.0
2019-02-13,16,0,24,57.75,57.75,0.0,-23052.262585,0.0
2019-02-13,16,0,29,8.41,8.41,0.0,29.330061,0.0
2019-02-13,16,0,30,650.58,650.58,0.0,-650580.0,0.0
2019-02-13,16,0,31,125.0,125.0,0.0,-125000.0,0.0
2019-02-13,16,0,32,5.78,5.78,0.0,213.31932,0.0
2019-02-13,16,0,33,3.29,3.29,0.0,29.599082,0.0
2019-02-13,16,0,34,5.27,5.27,0.0,47.412512,0.0
2019-02-13,16,0,35,5.27,5.27,0.0,47.412512,0.0
2019-02-13,16,0,36,12.92,12.92,0.0,-55.703815,0.0
2019-02-13,16,0,37,6.18,6.18,0.0,-26.630288,0.0
2019-02-13,16,0,38,7.95,7.95,0.0,-34.25741,0.0
2019-02-13,16,0,39,5.3,5.3,0.0,-22.838273,0.0
2019-02-13,16,0,40,5.3,5.3,0.0,-22.838273,0.0
2019-02-13,16,0,41,82.36,82.36,0.0,-1802.701333,0.0
2019-02-13,16,0,42,77.46,77.46,0.0,185.372531,0.0
2019-02-13,16,0,43,38.33,38.33,0.0,-114.618448,0.0
2019-02-13,16,0,46,31.89,31.89,0.0,-182.85409,0.0
2019-02-13,16,0,52,132.5,132.5,0.0,-132500.0,0.0
2019-02-13,16,0,53,210.5,210.5,0.0,-210500.0,0.0
2019-02-13,16,0,55,623.0,623.0,0.0,-248685.014556,0.0
2019-02-13,16,0,56,191.9,191.9,0.0,-191900.0,0.0
2019-02-13,16,0,57,182.54,182.54,0.0,-182540.0,0.0
2019-02-13,16,0,58,351.03,351.03,0.0,-351030.0,0.0
2019-02-13,16,0,59,345.18,345.18,0.0,-345180.0,0.0
2019-02-13,16,0,63,51.0,51.0,0.0,5448.714682,0.0
2019-02-13,16,0,64,60.0,60.0,0.0,6410.252567,0.0
2019-02-13,16,0,65,36.47,36.47,0.0,122.211625,0.0
2019-02-13,16,0,67,330.08,330.08,0.0,-184054.751937,0.0
2019-02-13,16,0,68,34.0,34.0,0.0,-14046.858177,0.0
2019-02-13,16,0,69,3.29,3.29,0.0,29.599082,0.0
2019-02-13,16,0,74,75.35,75.35,0.0,-236.027172,0.0
2019-02-13,16,0,77,60.0,60.0,0.0,-17503.51105,0.0
2019-02-13,16,0,78,45.36,45.36,0.0,-13232.654354,0.0
2019-02-13,16,0,79,26.25,26.25,0.0,-7657.786085,0.0
2019-02-13,16,0,80,42.45,42.45,0.0,-12383.734068,0.0
2019-02-13,16,0,81,55.5,55.5,0.0,-16190.747722,0.0
2019-02-13,16,0,82,39.15,39.15,0.0,-11421.04096,0.0
2019-02-13,16,0,83,87.3,87.3,0.0,-25467.608578,0.0
2019-02-13,16,0,84,0.0,0.0,0.0,0.0,0.0
2019-02-13,16,0,86,16.68,16.68,0.0,150.064649,0.0
2019-02-13,16,0,87,85.17,85.17,0.0,766.247369,0.0
2019-02-13,16,0,88,51.18,51.18,0.0,-14930.494926,0.0
2019-02-13,16,0,89,49.2,49.2,0.0,-14352.879061,0.0
2019-02-13,16,0,90,66.06,66.06,0.0,-19271.365666,0.0
2019-02-13,16,0,91,235.65,235.65,0.0,-68745.03965,0.0
2019-02-13,16,0,92,84.75,84.75,0.0,-24723.709359,0.0
2019-02-13,16,0,95,120.0,120.0,0.0,2333.493576,0.0
2019-02-13,16,0,96,29.88,29.88,0.0,741.626642,0.0
2019-02-13,16,0,97,183.75,183.75,0.0,4560.706004,0.0
2019-02-13,16,0,99,16.52,16.52,0.0,-51.74743,0.0
2019-02-13,16,0,101,13.11,13.11,0.0,-13110.0,0.0
2019-02-13,16,0,102,80.5,80.5,0.0,-33258.00245,0.0
2019-02-13,16,0,103,70.0,70.0,0.0,-28920.00213,0.0
2019-02-13,16,0,104,13.0,13.0,0.0,-5370.857538,0.0
2019-02-13,16,0,106,257.76,257.76,0.0,-102890.929939,0.0
2019-02-13,16,0,109,60.0,60.0,0.0,-507.084596,0.0
2019-02-13,16,0,110,0.0,0.0,0.0,-0.0,0.0
2019-02-13,16,0,111,21.55,21.55,0.0,-471.687879,0.0
2019-02-13,16,0,113,45.0,45.0,0.0,-11973.262343,0.0
2019-02-13,16,0,115,45.0,45.0,0.0,-11973.262343,0.0
2019-02-13,16,0,116,110.89,110.89,0.0,-110890.0,0.0
2019-02-13,16,0,117,3.0,3.0,0.0,-798.21749,0.0
2019-02-13,16,0,119,60.0,60.0,0.0,6410.252567,0.0
2019-02-13,16,0,120,35.28,35.28,0.0,3769.228509,0.0
2019-02-13,16,0,123,4.3,4.3,0.0,-1716.445526,0.0
2019-02-13,16,0,125,52.26,52.26,0.0,-20860.80074,0.0
2019-02-13,16,0,126,193.32,193.32,0.0,-77168.197454,0.0
2019-02-13,16,0,127,248.1,248.1,0.0,-99034.915107,0.0
2019-02-13,16,0,128,74.85,74.85,0.0,-29878.127351,0.0
2019-02-13,16,0,131,30.0,30.0,0.0,-11236.833226,0.0
2019-02-13,16,0,132,44.1,44.1,0.0,-16518.144843,0.0
2019-02-13,16,0,133,38.04,38.04,0.0,136.568912,0.0
2019-02-13,16,0,134,0.0,0.0,0.0,0.0,0.0
2019-02-13,16,0,135,48.36,48.36,0.0,173.619153,0.0
2019-02-13,16,0,136,35.56,35.56,0.0,118.735585,0.0
2019-02-13,16,0,139,107.25,107.25,0.0,-2347.495361,0.0
2019-02-13,16,0,140,0.0,0.0,0.0,-0.0,0.0
2019-02-13,16,0,141,230.0,230.0,0.0,-128249.493897,0.0
2019-02-13,16,0,142,435.29,435.29,0.0,-242720.531298,0.0
2019-02-13,16,0,143,152.83,152.83,0.0,-152830.0,0.0
2019-02-13,16,0,145,30.0,30.0,0.0,-484.198738,0.0
2019-02-13,16,0,146,0.0,0.0,0.0,-0.0,0.0
2019-02-13,16,0,152,9.84,9.84,0.0,-23.890205,0.0
2019-02-13,16,0,153,12.19,12.19,0.0,-32.847629,0.0
2019-02-13,16,0,154,88.88,88.88,0.0,-1945.411541,0.0
2019-02-13,16,0,157,250.0,250.0,0.0,-139401.623801,0.0
2019-02-13,16,0,158,356.25,356.25,0.0,-198647.313917,0.0
2019-02-13,16,0,159,0.0,0.0,0.0,-0.0,0.0
2019-02-13,16,0,160,2.99,2.99,0.0,2.778755,0.0
2019-02-13,16,0,161,60.99,60.99,0.0,-25197.584713,0.0
2019-02-13,16,0,162,162.5,162.5,0.0,3286.213815,0.0
2019-02-13,16,0,163,146.36,146.36,0.0,-146360.0,0.0
2019-02-13,16,0,164,24.68,24.68,0.0,-24680.0,0.0
2019-02-13,16,0,167,6.74,6.74,0.0,111.766603,0.0
2019-02-13,16,0,168,3.37,3.37,0.0,55.883301,0.0
2019-02-13,16,0,169,0.0,0.0,0.0,0.0,0.0
2019-02-13,16,0,170,7.37,7.37,0.0,122.213629,0.0
2019-02-13,16,0,172,8.79,8.79,0.0,105.418303,0.0
2019-02-13,16,0,173,13.4,13.4,0.0,160.705946,0.0
2019-02-13,16,0,188,11.63,11.63,0.0,223.569222,0.0
2019-02-13,16,0,190,9.27,9.27,0.0,300.603454,0.0
2019-02-13,16,0,191,23.94,23.94,0.0,776.315717,0.0
2019-02-13,16,0,192,332.6,332.6,0.0,10785.405497,0.0
2019-02-13,16,0,194,52.95,52.95,0.0,-7127.367832,0.0
2019-02-13,16,0,196,6.2,6.2,0.0,1605.248794,0.0
2019-02-13,16,0,198,12.89,12.89,0.0,93.124411,0.0
2019-02-13,16,0,199,130.0,130.0,0.0,-10792.262687,0.0
2019-02-13,16,0,200,21.96,21.96,0.0,-1823.06222,0.0
2019-02-13,16,0,204,257.1,257.1,0.0,-2306.151053,0.0
2019-02-13,16,0,205,317.4,317.4,0.0,-2682.477515,0.0
2019-02-13,16,0,206,539.94,539.94,0.0,13401.401905,0.0
2019-02-13,16,0,210,2.69,2.69,0.0,8.996652,0.0
2019-02-13,16,0,214,15.64,15.64,0.0,190.746807,0.0
2019-02-13,16,0,217,10.28,10.28,0.0,95.367949,0.0
2019-02-13,16,0,218,14.18,14.18,0.0,131.548396,0.0
2019-02-13,16,0,219,9.66,9.66,0.0,89.616185,0.0
2019-02-13,16,0,221,8.34,8.34,0.0,101.715369,0.0
2019-02-13,16,0,225,7.55,7.55,0.0,26.435087,0.0
2019-02-13,16,0,233,9.44,9.44,0.0,84.928674,0.0
2019-02-13,16,0,236,76.82,76.82,0.0,48.453925,0.0
2019-02-13,16,0,237,172.32,172.32,0.0,-539.77707,0.0
2019-02-13,16,0,238,100.83,100.83,0.0,241.300184,0.0
2019-02-13,16,0,240,14.65,14.65,0.0,-63.162608,0.0
2019-02-13,16,0,245,78.0,78.0,0.0,341.1064,0.0
2019-02-13,16,0,247,158.89,158.89,0.0,694.85123,0.0
2019-02-13,16,0,248,20.29,20.29,0.0,-63.55662,0.0
2019-02-13,16,0,249,150.0,150.0,0.0,655.973846,0.0
2019-02-13,16,0,251,326.4,326.4,0.0,976.661829,0.0
2019-02-13,16,0,252,235.25,235.25,0.0,788.326973,0.0
2019-02-13,16,0,254,21.2,21.2,0.0,-42.54259,0.0
2019-02-13,16,0,255,9.72,9.72,0.0,-19.505376,0.0
2019-02-13,16,0,258,17.9,17.9,0.0,-73.355397,0.0
2019-02-13,16,0,260,7.27,7.27,0.0,6.756372,0.0
2019-02-13,16,0,265,92.02,92.02,0.0,-2014.140076,0.0
2019-02-13,16,0,266,68.38,68.38,0.0,-1496.706133,0.0
2019-02-13,16,0,267,84.71,84.71,0.0,-1854.138294,0.0
2019-02-13,16,0,270,395.58,395.58,0.0,-395580.0,0.0
2019-02-13,16,0,272,150.39,150.39,0.0,-40014.64275,0.0
2019-02-13,16,0,273,26.52,26.52,0.0,-26520.0,0.0
2019-02-13,16,0,274,493.67,493.67,0.0,-493670.0,0.0
2019-02-13,16,0,275,661.83,661.83,0.0,-661830.0,0.0
2019-02-13,16,0,276,6.3,6.3,0.0,-5677.704071,0.0
2019-02-13,16,0,277,8.04,8.04,0.0,-2221.910867,0.0
2019-02-13,16,0,278,12.86,12.86,0.0,-3553.951958,0.0
2019-02-13,16,0,279,604.22,604.22,0.0,-166980.470629,0.0
2019-02-13,16,0,281,56.1,56.1,0.0,-56100.0,0.0
2019-02-13,16,0,282,356.88,356.88,0.0,-356880.0,0.0
2019-02-13,17,0,9,2.38,2.38,0.0,-17.92093,0.0
2019-02-13,17,0,17,40.24,40.24,0.0,258.00976,0.0
2019-02-13,17,0,19,221.74,221.74,0.0,1421.746626,0.0
2019-02-13,17,0,20,267.02,267.02,0.0,1712.071724,0.0
2019-02-13,17,0,21,54.35,54.35,0.0,-409.244777,0.0
2019-02-13,17,0,22,193.14,193.14,0.0,-1454.306095,0.0
2019-02-13,17,0,23,47.2,47.2,0.0,-355.406688,0.0
2019-02-13,17,0,24,83.96,83.96,0.0,-632.202236,0.0
2019-02-13,17,0,29,6.01,6.01,0.0,24.315246,0.0
2019-02-13,17,0,30,476.58,476.58,0.0,-3629.511017,0.0
2019-02-13,17,0,31,120.01,120.01,0.0,-913.965372,0.0
2019-02-13,17,0,32,3.98,3.98,0.0,165.673437,0.0
2019-02-13,17,0,33,2.41,2.41,0.0,21.676886,0.0
2019-02-13,17,0,34,3.86,3.86,0.0,34.718996,0.0
2019-02-13,17,0,35,3.86,3.86,0.0,34.718996,0.0
2019-02-13,17,0,36,9.34,9.34,0.0,21.856664,0.0
2019-02-13,17,0,37,4.5,4.5,0.0,10.239796,0.0
2019-02-13,17,0,38,5.79,5.79,0.0,13.175204,0.0
2019-02-13,17,0,39,3.86,3.86,0.0,8.783469,0.0
2019-02-13,17,0,40,3.86,3.86,0.0,8.783469,0.0
2019-02-13,17,0,41,34.8,34.8,0.0,-105.206631,0.0
2019-02-13,17,0,42,56.7,56.7,0.0,331.803641,0.0
2019-02-13,17,0,43,27.74,27.74,0.0,79.975261,0.0
2019-02-13,17,0,46,23.1,23.1,0.0,31.016851,0.0
2019-02-13,17,0,52,127.21,127.21,0.0,-968.798725,0.0
2019-02-13,17,0,53,202.1,202.1,0.0,-1539.141753,0.0
2019-02-13,17,0,55,623.0,623.0,0.0,-4691.067088,0.0
2019-02-13,17,0,56,140.57,140.57,0.0,-1070.545058,0.0
2019-02-13,17,0,57,133.72,133.72,0.0,-1018.377215,0.0
2019-02-13,17,0,58,257.15,257.15,0.0,-1958.38843,0.0
2019-02-13,17,0,59,252.86,252.86,0.0,-1925.716891,0.0
2019-02-13,17,0,63,95.49,95.49,0.0,10581.094217,0.0
2019-02-13,17,0,64,112.31,112.31,0.0,12444.891523,0.0
2019-02-13,17,0,65,37.41,37.41,0.0,235.973794,0.0
2019-02-13,17,0,67,242.17,242.17,0.0,-134885.560611,0.0
2019-02-13,17,0,68,19.11,19.11,0.0,-7879.458118,0.0
2019-02-13,17,0,69,2.41,2.41,0.0,21.676886,0.0
2019-02-13,17,0,74,64.96,64.96,0.0,219.418187,0.0
2019-02-13,17,0,77,60.0,60.0,0.0,-17479.538179,0.0
2019-02-13,17,0,78,45.36,45.36,0.0,-13214.530864,0.0
2019-02-13,17,0,79,26.25,26.25,0.0,-7647.297953,0.0
2019-02-13,17,0,80,42.45,42.45,0.0,-12366.773262,0.0
2019-02-13,17,0,81,55.5,55.5,0.0,-16168.572816,0.0
2019-02-13,17,0,82,39.15,39.15,0.0,-11405.398662,0.0
2019-02-13,17,0,83,87.3,87.3,0.0,-25432.728051,0.0
2019-02-13,17,0,84,0.0,0.0,0.0,0.0,0.0
2019-02-13,17,0,86,12.22,12.22,0.0,109.913506,0.0
2019-02-13,17,0,87,62.39,62.39,0.0,561.170511,0.0
2019-02-13,17,0,88,51.18,51.18,0.0,-14910.046067,0.0
2019-02-13,17,0,89,49.2,49.2,0.0,-14333.221307,0.0
2019-02-13,17,0,90,66.06,66.06,0.0,-19244.971535,0.0
2019-02-13,17,0,91,235.65,235.65,0.0,-68650.886199,0.0
2019-02-13,17,0,92,84.75,84.75,0.0,-24689.847678,0.0
2019-02-13,17,0,95,120.0,120.0,0.0,2333.493576,0.0
2019-02-13,17,0,96,29.88,29.88,0.0,-230.242133,0.0
2019-02-13,17,0,97,183.75,183.75,0.0,-1415.896649,0.0
2019-02-13,17,0,99,13.21,13.21,0.0,44.619985,0.0
2019-02-13,17,0,101,9.6,9.6,0.0,-73.111137,0.0
2019-02-13,17,0,102,45.19,45.19,0.0,-18632.794996,0.0
2019-02-13,17,0,103,39.3,39.3,0.0,-16204.223132,0.0
2019-02-13,17,0,104,7.33,7.33,0.0,-3022.314391,0.0
2019-02-13,17,0,106,190.13,190.13,0.0,-1431.641389,0.0
2019-02-13,17,0,109,60.0,60.0,0.0,-7.287247,0.0
2019-02-13,17,0,110,0.0,0.0,0.0,-0.0,0.0
2019-02-13,17,0,111,16.46,16.46,0.0,-49.761527,0.0
2019-02-13,17,0,113,45.0,45.0,0.0,-11866.153822,0.0
2019-02-13,17,0,115,45.0,45.0,0.0,-11866.153822,0.0
2019-02-13,17,0,116,81.05,81.05,0.0,-81050.0,0.0
2019-02-13,17,0,117,3.0,3.0,0.0,-791.076921,0.0
2019-02-13,17,0,119,112.31,112.31,0.0,12444.891523,0.0
2019-02-13,17,0,120,66.1,66.1,0.0,7324.43531,0.0
2019-02-13,17,0,123,3.17,3.17,0.0,-23.869475,0.0
2019-02-13,17,0,125,75.89,75.89,0.0,-571.436728,0.0
2019-02-13,17,0,126,142.6,142.6,0.0,-1073.749866,0.0
2019-02-13,17,0,127,183.0,183.0,0.0,-1377.953896,0.0
2019-02-13,17,0,128,109.23,109.23,0.0,-822.48035,0.0
2019-02-13,17,0,131,30.0,30.0,0.0,-11210.561969,0.0
2019-02-13,17,0,132,44.1,44.1,0.0,-16479.526095,0.0
2019-02-13,17,0,133,90.47,90.47,0.0,580.959598,0.0
2019-02-13,17,0,134,0.0,0.0,0.0,0.0,0.0
2019-02-13,17,0,135,118.44,118.44,0.0,760.57096,0.0
2019-02-13,17,0,136,38.15,38.15,0.0,240.423732,0.0
2019-02-13,17,0,139,44.94,44.94,0.0,-135.861667,0.0
2019-02-13,17,0,140,0.0,0.0,0.0,-0.0,0.0
2019-02-13,17,0,141,230.0,230.0,0.0,-128107.027875,0.0
2019-02-13,17,0,142,319.36,319.36,0.0,-177879.39314,0.0
2019-02-13,17,0,143,134.93,134.93,0.0,-1027.592265,0.0
2019-02-13,17,0,145,30.0,30.0,0.0,-145.002407,0.0
2019-02-13,17,0,146,0.0,0.0,0.0,-0.0,0.0
2019-02-13,17,0,152,7.21,7.21,0.0,24.961953,0.0
2019-02-13,17,0,153,8.9,8.9,0.0,29.62753,0.0
2019-02-13,17,0,154,67.9,67.9,0.0,-205.273858,0.0
2019-02-13,17,0,157,250.0,250.0,0.0,-139246.769429,0.0
2019-02-13,17,0,158,266.76,266.76,0.0,-148581.872852,0.0
2019-02-13,17,0,159,0.0,0.0,0.0,0.0,0.0
2019-02-13,17,0,160,2.18,2.18,0.0,10.498009,0.0
2019-02-13,17,0,161,44.31,44.31,0.0,-18269.952341,0.0
2019-02-13,17,0,162,162.5,162.5,0.0,3286.869839,0.0
2019-02-13,17,0,163,185.4,185.4,0.0,-185400.0,0.0
2019-02-13,17,0,164,18.25,18.25,0.0,-138.987318,0.0
2019-02-13,17,0,167,4.69,4.69,0.0,76.939405,0.0
2019-02-13,17,0,168,2.34,2.34,0.0,38.387678,0.0
2019-02-13,17,0,169,0.0,0.0,0.0,0.0,0.0
2019-02-13,17,0,170,5.13,5.13,0.0,84.157601,0.0
2019-02-13,17,0,172,6.12,6.12,0.0,88.334823,0.0
2019-02-13,17,0,173,9.33,9.33,0.0,134.667304,0.0
2019-02-13,17,0,188,7.95,7.95,0.0,180.358058,0.0
2019-02-13,17,0,190,6.61,6.61,0.0,214.346153,0.0
2019-02-13,17,0,191,17.07,17.07,0.0,553.5384,0.0
2019-02-13,17,0,192,332.6,332.6,0.0,10785.405497,0.0
2019-02-13,17,0,194,52.95,52.95,0.0,-6895.515164,0.0
2019-02-13,17,0,196,4.53,4.53,0.0,1193.419314,0.0
2019-02-13,17,0,198,9.24,9.24,0.0,73.030348,0.0
2019-02-13,17,0,199,130.0,130.0,0.0,-6772.687783,0.0
2019-02-13,17,0,200,15.65,15.65,0.0,-815.327414,0.0
2019-02-13,17,0,204,257.1,257.1,0.0,-121.868658,0.0
2019-02-13,17,0,205,317.4,317.4,0.0,-38.549538,0.0
2019-02-13,17,0,206,539.94,539.94,0.0,-4160.540064,0.0
2019-02-13,17,0,210,1.93,1.93,0.0,7.881328,0.0
2019-02-13,17,0,214,11.12,11.12,0.0,117.013304,0.0
2019-02-13,17,0,217,7.24,7.24,0.0,58.891873,0.0
2019-02-13,17,0,218,10.0,10.0,0.0,81.342366,0.0
2019-02-13,17,0,219,6.81,6.81,0.0,55.394151,0.0
2019-02-13,17,0,221,5.93,5.93,0.0,62.40008,0.0
2019-02-13,17,0,225,5.43,5.43,0.0,21.948866,0.0
2019-02-13,17,0,233,6.91,6.91,0.0,62.1524,0.0
2019-02-13,17,0,236,82.84,82.84,0.0,413.308112,0.0
2019-02-13,17,0,237,160.53,160.53,0.0,542.229089,0.0
2019-02-13,17,0,238,73.8,73.8,0.0,431.871406,0.0
2019-02-13,17,0,240,10.58,10.58,0.0,24.758405,0.0
2019-02-13,17,0,245,78.0,78.0,0.0,529.948585,0.0
2019-02-13,17,0,247,166.58,166.58,0.0,1131.77994,0.0
2019-02-13,17,0,248,16.33,16.33,0.0,55.158544,0.0
2019-02-13,17,0,249,150.0,150.0,0.0,1019.131895,0.0
2019-02-13,17,0,251,326.4,326.4,0.0,2003.124013,0.0
2019-02-13,17,0,252,241.31,241.31,0.0,1522.128741,0.0
2019-02-13,17,0,254,15.19,15.19,0.0,51.159625,0.0
2019-02-13,17,0,255,6.96,6.96,0.0,23.441145,0.0
2019-02-13,17,0,258,12.98,12.98,0.0,31.512836,0.0
2019-02-13,17,0,260,5.3,5.3,0.0,25.522682,0.0
2019-02-13,17,0,265,70.3,70.3,0.0,-212.529488,0.0
2019-02-13,17,0,266,29.1,29.1,0.0,-87.974511,0.0
2019-02-13,17,0,267,35.76,35.76,0.0,-108.108883,0.0
2019-02-13,17,0,270,578.99,578.99,0.0,-578990.0,0.0
2019-02-13,17,0,272,150.39,150.39,0.0,-39656.686074,0.0
2019-02-13,17,0,273,19.38,19.38,0.0,-19380.0,0.0
2019-02-13,17,0,274,746.39,746.39,0.0,-746390.0,0.0
2019-02-13,17,0,275,1038.99,1038.99,0.0,-1038990.0,0.0
2019-02-13,17,0,276,4.57,4.57,0.0,-4117.956465,0.0
2019-02-13,17,0,277,5.94,5.94,0.0,-1632.139471,0.0
2019-02-13,17,0,278,9.5,9.5,0.0,-2610.32407,0.0
2019-02-13,17,0,279,264.6,264.6,0.0,-72704.39463,0.0
2019-02-13,17,0,281,53.86,53.86,0.0,-410.183943,0.0
2019-02-13,17,0,282,261.43,261.43,0.0,-1990.983812,0.0
2019-02-13,18,0,9,1.49,1.49,0.0,-16.57755,0.0
2019-02-13,18,0,17,23.72,23.72,0.0,152.18981,0.0
2019-02-13,18,0,19,297.28,297.28,0.0,1907.377174,0.0
2019-02-13,18,0,20,362.0,362.0,0.0,2322.626941,0.0
2019-02-13,18,0,21,34.11,34.11,0.0,-379.50352,0.0
2019-02-13,18,0,22,121.23,121.23,0.0,-1348.789554,0.0
2019-02-13,18,0,23,94.93,94.93,0.0,-1056.179101,0.0
2019-02-13,18,0,24,168.46,168.46,0.0,-1874.264524,0.0
2019-02-13,18,0,29,3.26,3.26,0.0,23.367081,0.0
2019-02-13,18,0,30,301.76,301.76,0.0,-3389.742975,0.0
2019-02-13,18,0,31,80.44,80.44,0.0,-903.601952,0.0
2019-02-13,18,0,32,2.22,2.22,0.0,100.092772,0.0
2019-02-13,18,0,33,1.41,1.41,0.0,13.685252,0.0
2019-02-13,18,0,34,2.26,2.26,0.0,21.935226,0.0
2019-02-13,18,0,35,2.26,2.26,0.0,21.935226,0.0
2019-02-13,18,0,36,5.54,5.54,0.0,6.562177,0.0
2019-02-13,18,0,37,2.67,2.67,0.0,2.923356,0.0
2019-02-13,18,0,38,3.44,3.44,0.0,3.766422,0.0
2019-02-13,18,0,39,2.29,2.29,0.0,2.507298,0.0
2019-02-13,18,0,40,2.29,2.29,0.0,2.507298,0.0
2019-02-13,18,0,41,34.8,34.8,0.0,-190.91062,0.0
2019-02-13,18,0,42,34.94,34.94,0.0,199.262568,0.0
2019-02-13,18,0,43,16.3,16.3,0.0,29.763293,0.0
2019-02-13,18,0,46,13.64,13.64,0.0,-1.058416,0.0
2019-02-13,18,0,52,85.27,85.27,0.0,-957.858508,0.0
2019-02-13,18,0,53,135.51,135.51,0.0,-1522.216565,0.0
2019-02-13,18,0,55,460.54,460.54,0.0,-5123.909439,0.0
2019-02-13,18,0,56,89.01,89.01,0.0,-999.870832,0.0
2019-02-13,18,0,57,84.67,84.67,0.0,-951.118563,0.0
2019-02-13,18,0,58,162.82,162.82,0.0,-1828.996392,0.0
2019-02-13,18,0,59,160.11,160.11,0.0,-1798.554307,0.0
2019-02-13,18,0,63,170.0,170.0,0.0,19505.835607,0.0
2019-02-13,18,0,64,200.0,200.0,0.0,22948.041891,0.0
2019-02-13,18,0,65,38.9,38.9,0.0,244.433166,0.0
2019-02-13,18,0,67,151.93,151.93,0.0,-84132.614214,0.0
2019-02-13,18,0,68,10.2,10.2,0.0,-4161.998558,0.0
2019-02-13,18,0,69,1.41,1.41,0.0,13.685252,0.0
2019-02-13,18,0,74,45.31,45.31,0.0,115.915528,0.0
2019-02-13,18,0,77,60.0,60.0,0.0,-17161.675106,0.0
2019-02-13,18,0,78,45.36,45.36,0.0,-12974.22638,0.0
2019-02-13,18,0,79,26.25,26.25,0.0,-7508.232859,0.0
2019-02-13,18,0,80,42.45,42.45,0.0,-12141.885138,0.0
2019-02-13,18,0,81,55.5,55.5,0.0,-15874.549473,0.0
2019-02-13,18,0,82,39.15,39.15,0.0,-11197.993007,0.0
2019-02-13,18,0,83,87.3,87.3,0.0,-24970.23728,0.0
2019-02-13,18,0,84,0.0,0.0,0.0,0.0,0.0
2019-02-13,18,0,86,7.14,7.14,0.0,69.299786,0.0
2019-02-13,18,0,87,36.47,36.47,0.0,353.972435,0.0
2019-02-13,18,0,88,51.18,51.18,0.0,-14638.908866,0.0
2019-02-13,18,0,89,49.2,49.2,0.0,-14072.573587,0.0
2019-02-13,18,0,90,66.06,66.06,0.0,-18895.004292,0.0
2019-02-13,18,0,91,235.65,235.65,0.0,-67402.47898,0.0
2019-02-13,18,0,92,84.75,84.75,0.0,-24240.866088,0.0
2019-02-13,18,0,95,120.0,120.0,0.0,2333.493576,0.0
2019-02-13,18,0,96,29.88,29.88,0.0,-339.002122,0.0
2019-02-13,18,0,97,183.75,183.75,0.0,-2084.726904,0.0
2019-02-13,18,0,99,8.74,8.74,0.0,22.35934,0.0
2019-02-13,18,0,101,6.08,6.08,0.0,-68.298109,0.0
2019-02-13,18,0,102,24.15,24.15,0.0,-9854.143645,0.0
2019-02-13,18,0,103,21.0,21.0,0.0,-8568.820561,0.0
2019-02-13,18,0,104,3.9,3.9,0.0,-1591.35239,0.0
2019-02-13,18,0,106,119.34,119.34,0.0,-1327.761655,0.0
2019-02-13,18,0,109,60.0,60.0,0.0,-112.676972,0.0
2019-02-13,18,0,110,338.6,338.6,0.0,-338600.0,0.0
2019-02-13,18,0,111,10.21,10.21,0.0,-56.01142,0.0
2019-02-13,18,0,113,45.0,45.0,0.0,-11638.493338,0.0
2019-02-13,18,0,115,45.0,45.0,0.0,-11638.493338,0.0
2019-02-13,18,0,116,48.75,48.75,0.0,-48750.0,0.0
2019-02-13,18,0,117,3.0,3.0,0.0,-775.899556,0.0
2019-02-13,18,0,119,200.0,200.0,0.0,22948.041891,0.0
2019-02-13,18,0,120,117.6,117.6,0.0,13493.448632,0.0
2019-02-13,18,0,123,1.99,1.99,0.0,-22.140487,0.0
2019-02-13,18,0,125,152.35,152.35,0.0,-1695.026714,0.0
2019-02-13,18,0,126,89.51,89.51,0.0,-995.87687,0.0
2019-02-13,18,0,127,114.87,114.87,0.0,-1278.029003,0.0
2019-02-13,18,0,128,218.77,218.77,0.0,-2434.007183,0.0
2019-02-13,18,0,131,30.0,30.0,0.0,-11073.652621,0.0
2019-02-13,18,0,132,44.1,44.1,0.0,-16278.269352,0.0
2019-02-13,18,0,133,124.75,124.75,0.0,801.964979,0.0
2019-02-13,18,0,134,0.0,0.0,0.0,0.0,0.0
2019-02-13,18,0,135,167.16,167.16,0.0,1074.600929,0.0
2019-02-13,18,0,136,41.29,41.29,0.0,259.15077,0.0
2019-02-13,18,0,139,44.94,44.94,0.0,-246.538025,0.0
2019-02-13,18,0,140,250.6,250.6,0.0,-250600.0,0.0
2019-02-13,18,0,141,230.0,230.0,0.0,-127364.584146,0.0
2019-02-13,18,0,142,200.36,200.36,0.0,-110951.165563,0.0
2019-02-13,18,0,143,88.26,88.26,0.0,-991.445901,0.0
2019-02-13,18,0,145,30.0,30.0,0.0,-232.794445,0.0
2019-02-13,18,0,146,268.0,268.0,0.0,-268000.0,0.0
2019-02-13,18,0,152,4.32,4.32,0.0,11.469387,0.0
2019-02-13,18,0,153,5.33,5.33,0.0,13.245212,0.0
2019-02-13,18,0,154,42.12,42.12,0.0,-231.067681,0.0
2019-02-13,18,0,157,250.0,250.0,0.0,-138439.765376,0.0
2019-02-13,18,0,158,168.68,168.68,0.0,-93408.078494,0.0
2019-02-13,18,0,159,0.0,0.0,0.0,0.0,0.0
2019-02-13,18,0,160,1.27,1.27,0.0,5.301667,0.0
2019-02-13,18,0,161,27.36,27.36,0.0,-11163.949073,0.0
2019-02-13,18,0,162,162.5,162.5,0.0,3290.220315,0.0
2019-02-13,18,0,163,185.4,185.4,0.0,-185400.0,0.0
2019-02-13,18,0,164,11.41,11.41,0.0,-128.171286,0.0
2019-02-13,18,0,167,2.58,2.58,0.0,41.936325,0.0
2019-02-13,18,0,168,1.29,1.29,0.0,20.968163,0.0
2019-02-13,18,0,169,0.0,0.0,0.0,0.0,0.0
2019-02-13,18,0,170,2.83,2.83,0.0,45.999922,0.0
2019-02-13,18,0,172,3.4,3.4,0.0,48.912124,0.0
2019-02-13,18,0,173,5.18,5.18,0.0,74.51906,0.0
2019-02-13,18,0,188,4.46,4.46,0.0,110.933415,0.0
2019-02-13,18,0,190,3.87,3.87,0.0,125.494646,0.0
2019-02-13,18,0,191,9.99,9.99,0.0,323.951296,0.0
2019-02-13,18,0,192,332.6,332.6,0.0,10785.405497,0.0
2019-02-13,18,0,194,98.98,98.98,0.0,-12333.479258,0.0
2019-02-13,18,0,196,2.69,2.69,0.0,722.995175,0.0
2019-02-13,18,0,198,5.29,5.29,0.0,41.567928,0.0
2019-02-13,18,0,199,130.0,130.0,0.0,-2951.793329,0.0
2019-02-13,18,0,200,8.88,8.88,0.0,-201.63019,0.0
2019-02-13,18,0,204,257.1,257.1,0.0,-597.185663,0.0
2019-02-13,18,0,205,317.4,317.4,0.0,-596.061181,0.0
2019-02-13,18,0,206,539.94,539.94,0.0,-6125.863642,0.0
2019-02-13,18,0,210,1.05,1.05,0.0,8.380513,0.0
2019-02-13,18,0,214,6.26,6.26,0.0,72.945437,0.0
2019-02-13,18,0,217,4.01,4.01,0.0,40.407479,0.0
2019-02-13,18,0,218,5.53,5.53,0.0,55.72403,0.0
2019-02-13,18,0,219,3.77,3.77,0.0,37.989076,0.0
2019-02-13,18,0,221,3.34,3.34,0.0,38.91977,0.0
2019-02-13,18,0,225,2.97,2.97,0.0,21.05505,0.0
2019-02-13,18,0,233,4.04,4.04,0.0,39.211644,0.0
2019-02-13,18,0,236,90.23,90.23,0.0,415.341425,0.0
2019-02-13,18,0,237,108.69,108.69,0.0,278.059121,0.0
2019-02-13,18,0,238,45.47,45.47,0.0,259.315082,0.0
2019-02-13,18,0,240,6.28,6.28,0.0,7.438713,0.0
2019-02-13,18,0,245,78.0,78.0,0.0,538.451054,0.0
2019-02-13,18,0,247,171.72,171.72,0.0,1185.420704,0.0
2019-02-13,18,0,248,10.91,10.91,0.0,27.910801,0.0
2019-02-13,18,0,249,150.0,150.0,0.0,1035.482796,0.0
2019-02-13,18,0,251,326.4,326.4,0.0,1979.987838,0.0
2019-02-13,18,0,252,250.95,250.95,0.0,1576.876686,0.0
2019-02-13,18,0,254,8.86,8.86,0.0,21.399637,0.0
2019-02-13,18,0,255,4.06,4.06,0.0,9.806154,0.0
2019-02-13,18,0,258,7.7,7.7,0.0,9.918444,0.0
2019-02-13,18,0,260,3.09,3.09,0.0,12.899332,0.0
2019-02-13,18,0,265,43.61,43.61,0.0,-239.241728,0.0
2019-02-13,18,0,266,29.1,29.1,0.0,-159.640777,0.0
2019-02-13,18,0,267,35.76,35.76,0.0,-196.17712,0.0
2019-02-13,18,0,270,579.0,579.0,0.0,-579000.0,0.0
2019-02-13,18,0,272,150.39,150.39,0.0,-38895.844735,0.0
2019-02-13,18,0,273,11.66,11.66,0.0,-11660.0,0.0
2019-02-13,18,0,274,746.4,746.4,0.0,-746400.0,0.0
2019-02-13,18,0,275,1039.0,1039.0,0.0,-1039000.0,0.0
2019-02-13,18,0,276,2.76,2.76,0.0,-2485.004137,0.0
2019-02-13,18,0,277,3.59,3.59,0.0,-967.922071,0.0
2019-02-13,18,0,278,5.75,5.75,0.0,-1550.293011,0.0
2019-02-13,18,0,279,264.6,264.6,0.0,-71340.440142,0.0
2019-02-13,18,0,281,36.07,36.07,0.0,-405.183023,0.0
2019-02-13,18,0,282,165.53,165.53,0.0,-1859.438476,0.0
2019-02-13,19,0,9,0.29,0.29,0.0,3.289741,0.0
2019-02-13,19,0,17,1.98,1.98,0.0,1.05896,0.0
2019-02-13,19,0,19,615.51,615.51,0.0,329.192195,0.0
2019-02-13,19,0,20,748.14,748.14,0.0,400.126478,0.0
2019-02-13,19,0,21,6.58,6.58,0.0,74.643085,0.0
2019-02-13,19,0,22,23.4,23.4,0.0,265.448054,0.0
2019-02-13,19,0,23,108.8,108.8,0.0,1234.220012,0.0
2019-02-13,19,0,24,192.5,192.5,0.0,2183.707283,0.0
2019-02-13,19,0,29,0.06,0.06,0.0,0.505435,0.0
2019-02-13,19,0,30,63.51,63.51,0.0,721.33371,0.0
2019-02-13,19,0,31,29.55,29.55,0.0,335.622912,0.0
2019-02-13,19,0,32,0.11,0.11,0.0,4.906912,0.0
2019-02-13,19,0,33,0.13,0.13,0.0,1.148639,0.0
2019-02-13,19,0,34,0.22,0.22,0.0,1.943851,0.0
2019-02-13,19,0,35,0.22,0.22,0.0,1.943851,0.0
2019-02-13,19,0,36,0.73,0.73,0.0,7.114038,0.0
2019-02-13,19,0,37,0.35,0.35,0.0,3.413419,0.0
2019-02-13,19,0,38,0.45,0.45,0.0,4.388681,0.0
2019-02-13,19,0,39,0.3,0.3,0.0,2.925788,0.0
2019-02-13,19,0,40,0.3,0.3,0.0,2.925788,0.0
2019-02-13,19,0,41,34.8,34.8,0.0,369.573627,0.0
2019-02-13,19,0,42,4.72,4.72,0.0,33.219347,0.0
2019-02-13,19,0,43,1.97,1.97,0.0,19.000837,0.0
2019-02-13,19,0,46,1.54,1.54,0.0,15.246935,0.0
2019-02-13,19,0,52,31.33,31.33,0.0,355.839791,0.0
2019-02-13,19,0,53,49.77,49.77,0.0,565.277574,0.0
2019-02-13,19,0,55,186.9,186.9,0.0,2120.181253,0.0
2019-02-13,19,0,56,18.73,18.73,0.0,212.731544,0.0
2019-02-13,19,0,57,17.82,17.82,0.0,202.395949,0.0
2019-02-13,19,0,58,34.27,34.27,0.0,389.231715,0.0
2019-02-13,19,0,59,33.7,33.7,0.0,382.757771,0.0
2019-02-13,19,0,63,170.0,170.0,0.0,19207.918512,0.0
2019-02-13,19,0,64,200.0,200.0,0.0,22597.551191,0.0
2019-02-13,19,0,65,40.89,40.89,0.0,197.09676,0.0
2019-02-13,19,0,67,31.14,31.14,0.0,-17365.791507,0.0
2019-02-13,19,0,68,12.55,12.55,0.0,-5185.972523,0.0
2019-02-13,19,0,69,0.13,0.13,0.0,1.148639,0.0
2019-02-13,19,0,74,50.38,50.38,0.0,483.629661,0.0
2019-02-13,19,0,77,60.0,60.0,0.0,-17583.479749,0.0
2019-02-13,19,0,78,45.36,45.36,0.0,-13293.11069,0.0
2019-02-13,19,0,79,26.25,26.25,0.0,-7692.77239,0.0
2019-02-13,19,0,80,42.45,42.45,0.0,-12440.311922,0.0
2019-02-13,19,0,81,55.5,55.5,0.0,-16264.718768,0.0
2019-02-13,19,0,82,39.15,39.15,0.0,-11473.220536,0.0
2019-02-13,19,0,83,87.3,87.3,0.0,-25583.963035,0.0
2019-02-13,19,0,84,0.0,0.0,0.0,0.0,0.0
2019-02-13,19,0,86,0.68,0.68,0.0,6.008267,0.0
2019-02-13,19,0,87,3.49,3.49,0.0,30.836548,0.0
2019-02-13,19,0,88,51.18,51.18,0.0,-14998.708226,0.0
2019-02-13,19,0,89,49.2,49.2,0.0,-14418.453394,0.0
2019-02-13,19,0,90,66.06,66.06,0.0,-19359.411204,0.0
2019-02-13,19,0,91,235.65,235.65,0.0,-69059.116714,0.0
2019-02-13,19,0,92,84.75,84.75,0.0,-24836.665145,0.0
2019-02-13,19,0,95,120.0,120.0,0.0,2333.493576,0.0
2019-02-13,19,0,96,29.88,29.88,0.0,339.803905,0.0
2019-02-13,19,0,97,183.75,183.75,0.0,2089.65755,0.0
2019-02-13,19,0,99,9.73,9.73,0.0,93.404458,0.0
2019-02-13,19,0,101,1.28,1.28,0.0,14.537981,0.0
2019-02-13,19,0,102,35.91,35.91,0.0,-14838.906238,0.0
2019-02-13,19,0,103,30.13,30.13,0.0,-12450.466303,0.0
2019-02-13,19,0,104,4.3,4.3,0.0,-1776.867079,0.0
2019-02-13,19,0,106,23.03,23.03,0.0,261.250799,0.0
2019-02-13,19,0,109,60.0,60.0,0.0,608.796883,0.0
2019-02-13,19,0,110,338.6,338.6,0.0,-338600.0,0.0
2019-02-13,19,0,111,1.56,1.56,0.0,16.567094,0.0
2019-02-13,19,0,113,45.0,45.0,0.0,-11851.053311,0.0
2019-02-13,19,0,115,45.0,45.0,0.0,-11851.053311,0.0
2019-02-13,19,0,116,6.03,6.03,0.0,-6030.0,0.0
2019-02-13,19,0,117,3.0,3.0,0.0,-790.070221,0.0
2019-02-13,19,0,119,200.0,200.0,0.0,22597.551191,0.0
2019-02-13,19,0,120,117.6,117.6,0.0,13287.3601,0.0
2019-02-13,19,0,123,0.38,0.38,0.0,4.310695,0.0
2019-02-13,19,0,125,174.2,174.2,0.0,1976.113292,0.0
2019-02-13,19,0,126,17.27,17.27,0.0,195.909739,0.0
2019-02-13,19,0,127,22.17,22.17,0.0,251.495015,0.0
2019-02-13,19,0,128,249.5,249.5,0.0,2830.311517,0.0
2019-02-13,19,0,131,30.0,30.0,0.0,-11239.455422,0.0
2019-02-13,19,0,132,44.1,44.1,0.0,-16521.99947,0.0
2019-02-13,19,0,133,135.62,135.62,0.0,1320.361687,0.0
2019-02-13,19,0,134,0.0,0.0,0.0,0.0,0.0
2019-02-13,19,0,135,183.78,183.78,0.0,1789.235148,0.0
2019-02-13,19,0,136,45.01,45.01,0.0,227.544762,0.0
2019-02-13,19,0,139,44.94,44.94,0.0,477.259735,0.0
2019-02-13,19,0,140,250.6,250.6,0.0,-250600.0,0.0
2019-02-13,19,0,141,230.0,230.0,0.0,-128263.713763,0.0
2019-02-13,19,0,142,41.07,41.07,0.0,-22903.437932,0.0
2019-02-13,19,0,143,31.63,31.63,0.0,359.24713,0.0
2019-02-13,19,0,145,30.0,30.0,0.0,327.244685,0.0
2019-02-13,19,0,146,268.0,268.0,0.0,-268000.0,0.0
2019-02-13,19,0,152,0.55,0.55,0.0,5.27393,0.0
2019-02-13,19,0,153,0.69,0.69,0.0,6.630293,0.0
2019-02-13,19,0,154,6.42,6.42,0.0,68.179962,0.0
2019-02-13,19,0,157,250.0,250.0,0.0,-139417.080177,0.0
2019-02-13,19,0,158,29.79,29.79,0.0,-16612.939274,0.0
2019-02-13,19,0,159,0.0,0.0,0.0,0.0,0.0
2019-02-13,19,0,160,0.12,0.12,0.0,1.117307,0.0
2019-02-13,19,0,161,5.25,5.25,0.0,-2169.430737,0.0
2019-02-13,19,0,162,162.5,162.5,0.0,3286.384959,0.0
2019-02-13,19,0,163,185.4,185.4,0.0,-185400.0,0.0
2019-02-13,19,0,164,3.05,3.05,0.0,34.641282,0.0
2019-02-13,19,0,167,0.11,0.11,0.0,1.792959,0.0
2019-02-13,19,0,168,0.06,0.06,0.0,0.977977,0.0
2019-02-13,19,0,169,0.0,0.0,0.0,0.0,0.0
2019-02-13,19,0,170,0.12,0.12,0.0,1.955955,0.0
2019-02-13,19,0,172,0.14,0.14,0.0,2.314368,0.0
2019-02-13,19,0,173,0.21,0.21,0.0,3.471552,0.0
2019-02-13,19,0,188,0.26,0.26,0.0,6.495844,0.0
2019-02-13,19,0,190,0.33,0.33,0.0,10.701094,0.0
2019-02-13,19,0,191,0.85,0.85,0.0,27.563424,0.0
2019-02-13,19,0,192,332.6,332.6,0.0,10785.405497,0.0
2019-02-13,19,0,194,176.5,176.5,0.0,-22614.51121,0.0
2019-02-13,19,0,196,0.31,0.31,0.0,82.349605,0.0
2019-02-13,19,0,198,0.4,0.4,0.0,3.496795,0.0
2019-02-13,19,0,199,130.0,130.0,0.0,-4076.017956,0.0
2019-02-13,19,0,200,0.57,0.57,0.0,-17.871771,0.0
2019-02-13,19,0,204,257.1,257.1,0.0,2622.927433,0.0
2019-02-13,19,0,205,317.4,317.4,0.0,3220.53551,0.0
2019-02-13,19,0,206,539.94,539.94,0.0,6140.352096,0.0
2019-02-13,19,0,210,0.02,0.02,0.0,0.166902,0.0
2019-02-13,19,0,214,0.31,0.31,0.0,2.666612,0.0
2019-02-13,19,0,217,0.14,0.14,0.0,1.187895,0.0
2019-02-13,19,0,218,0.2,0.2,0.0,1.696993,0.0
2019-02-13,19,0,219,0.14,0.14,0.0,1.187895,0.0
2019-02-13,19,0,221,0.16,0.16,0.0,1.376316,0.0
2019-02-13,19,0,225,0.08,0.08,0.0,0.674523,0.0
2019-02-13,19,0,233,0.39,0.39,0.0,3.445918,0.0
2019-02-13,19,0,236,98.92,98.92,0.0,925.679799,0.0
2019-02-13,19,0,237,120.87,120.87,0.0,1160.308001,0.0
2019-02-13,19,0,238,6.14,6.14,0.0,43.213303,0.0
2019-02-13,19,0,240,0.82,0.82,0.0,7.991112,0.0
2019-02-13,19,0,245,78.0,78.0,0.0,642.783067,0.0
2019-02-13,19,0,247,171.72,171.72,0.0,1415.111644,0.0
2019-02-13,19,0,248,12.13,12.13,0.0,116.443584,0.0
2019-02-13,19,0,249,150.0,150.0,0.0,1236.121283,0.0
2019-02-13,19,0,251,326.4,326.4,0.0,2029.297035,0.0
2019-02-13,19,0,252,263.76,263.76,0.0,1271.368093,0.0
2019-02-13,19,0,254,0.86,0.86,0.0,8.22266,0.0
2019-02-13,19,0,255,0.39,0.39,0.0,3.728881,0.0
2019-02-13,19,0,258,1.0,1.0,0.0,9.729081,0.0
2019-02-13,19,0,260,0.3,0.3,0.0,2.793268,0.0
2019-02-13,19,0,265,6.64,6.64,0.0,70.516347,0.0
2019-02-13,19,0,266,29.1,29.1,0.0,309.040015,0.0
2019-02-13,19,0,267,35.76,35.76,0.0,379.768761,0.0
2019-02-13,19,0,270,579.0,579.0,0.0,-579000.0,0.0
2019-02-13,19,0,272,150.39,150.39,0.0,-39606.220165,0.0
2019-02-13,19,0,273,1.44,1.44,0.0,-1440.0,0.0
2019-02-13,19,0,274,746.4,746.4,0.0,-746400.0,0.0
2019-02-13,19,0,275,1039.0,1039.0,0.0,-1039000.0,0.0
2019-02-13,19,0,276,0.39,0.39,0.0,-351.482302,0.0
2019-02-13,19,0,277,0.54,0.54,0.0,-148.642805,0.0
2019-02-13,19,0,278,0.86,0.86,0.0,-236.72743,0.0
2019-02-13,19,0,279,264.6,264.6,0.0,-72834.974241,0.0
2019-02-13,19,0,281,13.26,13.26,0.0,150.604393,0.0
2019-02-13,19,0,282,34.84,34.84,0.0,395.70566,0.0
2019-02-13,20,0,9,0.0,0.0,0.0,0.0,0.0
2019-02-13,20,0,17,0.0,0.0,0.0,0.0,0.0
2019-02-13,20,0,19,643.3,643.3,0.0,442.222278,0.0
2019-02-13,20,0,20,780.2,780.2,0.0,536.331138,0.0
2019-02-13,20,0,21,0.0,0.0,0.0,0.0,0.0
2019-02-13,20,0,22,0.0,0.0,0.0,0.0,0.0
2019-02-13,20,0,23,108.8,108.8,0.0,1321.902842,0.0
2019-02-13,20,0,24,192.5,192.5,0.0,2338.844642,0.0
2019-02-13,20,0,29,0.0,0.0,0.0,0.0,0.0
2019-02-13,20,0,30,0.0,0.0,0.0,0.0,0.0
2019-02-13,20,0,31,26.83,26.83,0.0,326.599744,0.0
2019-02-13,20,0,32,0.0,0.0,0.0,0.0,0.0
2019-02-13,20,0,33,0.0,0.0,0.0,0.0,0.0
2019-02-13,20,0,34,0.0,0.0,0.0,0.0,0.0
2019-02-13,20,0,35,0.0,0.0,0.0,0.0,0.0
2019-02-13,20,0,36,0.0,0.0,0.0,0.0,0.0
2019-02-13,20,0,37,0.0,0.0,0.0,0.0,0.0
2019-02-13,20,0,38,0.0,0.0,0.0,0.0,0.0
2019-02-13,20,0,39,0.0,0.0,0.0,0.0,0.0
2019-02-13,20,0,40,0.0,0.0,0.0,0.0,0.0
2019-02-13,20,0,41,60.5,60.5,0.0,662.202192,0.0
2019-02-13,20,0,42,0.0,0.0,0.0,0.0,0.0
2019-02-13,20,0,43,0.0,0.0,0.0,0.0,0.0
2019-02-13,20,0,46,0.0,0.0,0.0,0.0,0.0
2019-02-13,20,0,52,28.44,28.44,0.0,346.198163,0.0
2019-02-13,20,0,53,45.19,45.19,0.0,550.094761,0.0
2019-02-13,20,0,55,186.9,186.9,0.0,2270.805525,0.0
2019-02-13,20,0,56,0.0,0.0,0.0,0.0,0.0
2019-02-13,20,0,57,0.0,0.0,0.0,0.0,0.0
2019-02-13,20,0,58,0.0,0.0,0.0,0.0,0.0
2019-02-13,20,0,59,0.0,0.0,0.0,0.0,0.0
2019-02-13,20,0,63,170.0,170.0,0.0,18234.480796,0.0
2019-02-13,20,0,64,200.0,200.0,0.0,21452.330348,0.0
2019-02-13,20,0,65,33.88,33.88,0.0,155.380826,0.0
2019-02-13,20,0,67,0.0,0.0,0.0,-0.0,0.0
2019-02-13,20,0,68,10.2,10.2,0.0,-4248.975598,0.0
2019-02-13,20,0,69,0.0,0.0,0.0,0.0,0.0
2019-02-13,20,0,74,38.79,38.79,0.0,359.004341,0.0
2019-02-13,20,0,77,84.7,84.7,0.0,-25168.066412,0.0
2019-02-13,20,0,78,64.3,64.3,0.0,-19106.336131,0.0
2019-02-13,20,0,79,37.43,37.43,0.0,-11122.086491,0.0
2019-02-13,20,0,80,60.23,60.23,0.0,-17896.961511,0.0
2019-02-13,20,0,81,78.45,78.45,0.0,-23310.918654,0.0
2019-02-13,20,0,82,55.6,55.6,0.0,-16521.186452,0.0
2019-02-13,20,0,83,122.29,122.29,0.0,-36337.695886,0.0
2019-02-13,20,0,84,0.0,0.0,0.0,0.0,0.0
2019-02-13,20,0,86,0.0,0.0,0.0,0.0,0.0
2019-02-13,20,0,87,0.0,0.0,0.0,0.0,0.0
2019-02-13,20,0,88,95.98,95.98,0.0,-28519.846685,0.0
2019-02-13,20,0,89,92.28,92.28,0.0,-27420.415212,0.0
2019-02-13,20,0,90,123.8,123.8,0.0,-36786.382784,0.0
2019-02-13,20,0,91,440.78,440.78,0.0,-130974.97418,0.0
2019-02-13,20,0,92,158.74,158.74,0.0,-47168.581608,0.0
2019-02-13,20,0,95,120.0,120.0,0.0,2333.493576,0.0
2019-02-13,20,0,96,31.77,31.77,0.0,387.50064,0.0
2019-02-13,20,0,97,229.39,229.39,0.0,2797.883907,0.0
2019-02-13,20,0,99,7.49,7.49,0.0,69.320508,0.0
2019-02-13,20,0,101,0.0,0.0,0.0,0.0,0.0
2019-02-13,20,0,102,24.15,24.15,0.0,-10060.074578,0.0
2019-02-13,20,0,103,21.0,21.0,0.0,-8747.890938,0.0
2019-02-13,20,0,104,3.9,3.9,0.0,-1624.608317,0.0
2019-02-13,20,0,106,0.0,0.0,0.0,0.0,0.0
2019-02-13,20,0,109,60.0,60.0,0.0,609.273564,0.0
2019-02-13,20,0,110,338.6,338.6,0.0,-338600.0,0.0
2019-02-13,20,0,111,0.0,0.0,0.0,0.0,0.0
2019-02-13,20,0,113,45.0,45.0,0.0,-12033.645868,0.0
2019-02-13,20,0,115,45.0,45.0,0.0,-12033.645868,0.0
2019-02-13,20,0,116,0.0,0.0,0.0,-0.0,0.0
2019-02-13,20,0,117,3.0,3.0,0.0,-802.243058,0.0
2019-02-13,20,0,119,200.0,200.0,0.0,21452.330348,0.0
2019-02-13,20,0,120,117.6,117.6,0.0,12613.970245,0.0
2019-02-13,20,0,123,0.0,0.0,0.0,0.0,0.0
2019-02-13,20,0,125,174.2,174.2,0.0,2116.502528,0.0
2019-02-13,20,0,126,0.0,0.0,0.0,0.0,0.0
2019-02-13,20,0,127,0.0,0.0,0.0,0.0,0.0
2019-02-13,20,0,128,249.5,249.5,0.0,3031.385653,0.0
2019-02-13,20,0,131,30.0,30.0,0.0,-11346.285493,0.0
2019-02-13,20,0,132,44.1,44.1,0.0,-16679.039675,0.0
2019-02-13,20,0,133,103.8,103.8,0.0,937.525658,0.0
2019-02-13,20,0,134,0.0,0.0,0.0,0.0,0.0
2019-02-13,20,0,135,138.32,138.32,0.0,1249.311648,0.0
2019-02-13,20,0,136,38.47,38.47,0.0,184.665474,0.0
2019-02-13,20,0,139,80.98,80.98,0.0,886.365842,0.0
2019-02-13,20,0,140,250.6,250.6,0.0,-250600.0,0.0
2019-02-13,20,0,141,230.0,230.0,0.0,-128843.041013,0.0
2019-02-13,20,0,142,0.0,0.0,0.0,-0.0,0.0
2019-02-13,20,0,143,28.28,28.28,0.0,344.250494,0.0
2019-02-13,20,0,145,30.0,30.0,0.0,342.710408,0.0
2019-02-13,20,0,146,268.0,268.0,0.0,-268000.0,0.0
2019-02-13,20,0,152,0.0,0.0,0.0,0.0,0.0
2019-02-13,20,0,153,0.0,0.0,0.0,0.0,0.0
2019-02-13,20,0,154,0.0,0.0,0.0,0.0,0.0
2019-02-13,20,0,157,250.0,250.0,0.0,-140046.783709,0.0
2019-02-13,20,0,158,0.0,0.0,0.0,-0.0,0.0
2019-02-13,20,0,159,0.0,0.0,0.0,0.0,0.0
2019-02-13,20,0,160,0.0,0.0,0.0,0.0,0.0
2019-02-13,20,0,161,0.0,0.0,0.0,-0.0,0.0
2019-02-13,20,0,162,162.5,162.5,0.0,3286.375278,0.0
2019-02-13,20,0,163,185.4,185.4,0.0,-185400.0,0.0
2019-02-13,20,0,164,0.0,0.0,0.0,0.0,0.0
2019-02-13,20,0,167,0.0,0.0,0.0,0.0,0.0
2019-02-13,20,0,168,0.0,0.0,0.0,0.0,0.0
2019-02-13,20,0,169,0.0,0.0,0.0,0.0,0.0
2019-02-13,20,0,170,0.0,0.0,0.0,0.0,0.0
2019-02-13,20,0,172,0.0,0.0,0.0,0.0,0.0
2019-02-13,20,0,173,0.0,0.0,0.0,0.0,0.0
2019-02-13,20,0,188,0.0,0.0,0.0,0.0,0.0
2019-02-13,20,0,190,0.0,0.0,0.0,0.0,0.0
2019-02-13,20,0,191,0.0,0.0,0.0,0.0,0.0
2019-02-13,20,0,192,332.6,332.6,0.0,10785.405497,0.0
2019-02-13,20,0,194,176.5,176.5,0.0,-23434.125288,0.0
2019-02-13,20,0,196,0.0,0.0,0.0,0.0,0.0
2019-02-13,20,0,198,0.0,0.0,0.0,0.0,0.0
2019-02-13,20,0,199,130.0,130.0,0.0,-4436.073465,0.0
2019-02-13,20,0,200,0.0,0.0,0.0,-0.0,0.0
2019-02-13,20,0,204,465.33,465.33,0.0,4767.879507,0.0
2019-02-13,20,0,205,317.4,317.4,0.0,3223.057156,0.0
2019-02-13,20,0,206,868.95,868.95,0.0,10598.636474,0.0
2019-02-13,20,0,210,0.0,0.0,0.0,0.0,0.0
2019-02-13,20,0,214,0.0,0.0,0.0,0.0,0.0
2019-02-13,20,0,217,0.0,0.0,0.0,0.0,0.0
2019-02-13,20,0,218,0.0,0.0,0.0,0.0,0.0
2019-02-13,20,0,219,0.0,0.0,0.0,0.0,0.0
2019-02-13,20,0,221,0.0,0.0,0.0,0.0,0.0
2019-02-13,20,0,225,0.0,0.0,0.0,0.0,0.0
2019-02-13,20,0,233,0.0,0.0,0.0,0.0,0.0
2019-02-13,20,0,236,88.71,88.71,0.0,785.147912,0.0
2019-02-13,20,0,237,93.06,93.06,0.0,861.277236,0.0
2019-02-13,20,0,238,0.0,0.0,0.0,0.0,0.0
2019-02-13,20,0,240,0.0,0.0,0.0,0.0,0.0
2019-02-13,20,0,245,145.89,145.89,0.0,1113.716643,0.0
2019-02-13,20,0,247,161.26,161.26,0.0,1231.05042,0.0
2019-02-13,20,0,248,9.34,9.34,0.0,86.442396,0.0
2019-02-13,20,0,249,280.44,280.44,0.0,2140.864318,0.0
2019-02-13,20,0,251,314.02,314.02,0.0,1844.142904,0.0
2019-02-13,20,0,252,218.55,218.55,0.0,1002.316398,0.0
2019-02-13,20,0,254,0.0,0.0,0.0,0.0,0.0
2019-02-13,20,0,255,0.0,0.0,0.0,0.0,0.0
2019-02-13,20,0,258,0.0,0.0,0.0,0.0,0.0
2019-02-13,20,0,260,0.0,0.0,0.0,0.0,0.0
2019-02-13,20,0,265,0.0,0.0,0.0,0.0,0.0
2019-02-13,20,0,266,49.35,49.35,0.0,540.159969,0.0
2019-02-13,20,0,267,62.41,62.41,0.0,683.108079,0.0
2019-02-13,20,0,270,579.0,579.0,0.0,-579000.0,0.0
2019-02-13,20,0,272,150.39,150.39,0.0,-40216.444491,0.0
2019-02-13,20,0,273,0.0,0.0,0.0,-0.0,0.0
2019-02-13,20,0,274,746.4,746.4,0.0,-746400.0,0.0
2019-02-13,20,0,275,1039.0,1039.0,0.0,-1039000.0,0.0
2019-02-13,20,0,276,0.0,0.0,0.0,-0.0,0.0
2019-02-13,20,0,277,0.0,0.0,0.0,-0.0,0.0
2019-02-13,20,0,278,0.0,0.0,0.0,-0.0,0.0
2019-02-13,20,0,279,651.99,651.99,0.0,-182122.520996,0.0
2019-02-13,20,0,281,12.04,12.04,0.0,146.562092,0.0
2019-02-13,20,0,282,0.0,0.0,0.0,0.0,0.0
2019-02-13,21,0,9,0.0,0.0,0.0,0.0,0.0
2019-02-13,21,0,17,0.0,0.0,0.0,0.0,0.0
2019-02-13,21,0,19,643.3,643.3,0.0,727.425668,0.0
2019-02-13,21,0,20,780.2,780.2,0.0,882.228363,0.0
2019-02-13,21,0,21,0.0,0.0,0.0,0.0,0.0
2019-02-13,21,0,22,0.0,0.0,0.0,0.0,0.0
2019-02-13,21,0,23,108.8,108.8,0.0,1459.82739,0.0
2019-02-13,21,0,24,192.5,192.5,0.0,2582.874747,0.0
2019-02-13,21,0,29,0.0,0.0,0.0,0.0,0.0
2019-02-13,21,0,30,0.0,0.0,0.0,0.0,0.0
2019-02-13,21,0,31,24.5,24.5,0.0,329.670347,0.0
2019-02-13,21,0,32,0.0,0.0,0.0,0.0,0.0
2019-02-13,21,0,33,0.0,0.0,0.0,0.0,0.0
2019-02-13,21,0,34,0.0,0.0,0.0,0.0,0.0
2019-02-13,21,0,35,0.0,0.0,0.0,0.0,0.0
2019-02-13,21,0,36,0.0,0.0,0.0,0.0,0.0
2019-02-13,21,0,37,0.0,0.0,0.0,0.0,0.0
2019-02-13,21,0,38,0.0,0.0,0.0,0.0,0.0
2019-02-13,21,0,39,0.0,0.0,0.0,0.0,0.0
2019-02-13,21,0,40,0.0,0.0,0.0,0.0,0.0
2019-02-13,21,0,41,111.37,111.37,0.0,1271.394664,0.0
2019-02-13,21,0,42,0.0,0.0,0.0,0.0,0.0
2019-02-13,21,0,43,0.0,0.0,0.0,0.0,0.0
2019-02-13,21,0,46,0.0,0.0,0.0,0.0,0.0
2019-02-13,21,0,52,25.97,25.97,0.0,349.450567,0.0
2019-02-13,21,0,53,41.25,41.25,0.0,555.057216,0.0
2019-02-13,21,0,55,186.9,186.9,0.0,2507.736573,0.0
2019-02-13,21,0,56,0.0,0.0,0.0,0.0,0.0
2019-02-13,21,0,57,0.0,0.0,0.0,0.0,0.0
2019-02-13,21,0,58,0.0,0.0,0.0,0.0,0.0
2019-02-13,21,0,59,0.0,0.0,0.0,0.0,0.0
2019-02-13,21,0,63,170.0,170.0,0.0,16363.194008,0.0
2019-02-13,21,0,64,200.0,200.0,0.0,19250.81648,0.0
2019-02-13,21,0,65,27.84,27.84,0.0,118.575885,0.0
2019-02-13,21,0,67,0.0,0.0,0.0,-0.0,0.0
2019-02-13,21,0,68,10.2,10.2,0.0,-4312.644714,0.0
2019-02-13,21,0,69,0.0,0.0,0.0,0.0,0.0
2019-02-13,21,0,74,29.05,29.05,0.0,250.225716,0.0
2019-02-13,21,0,77,172.48,172.48,0.0,-52565.658363,0.0
2019-02-13,21,0,78,130.65,130.65,0.0,-39817.38906,0.0
2019-02-13,21,0,79,75.79,75.79,0.0,-23098.047584,0.0
2019-02-13,21,0,80,122.31,122.31,0.0,-37275.659058,0.0
2019-02-13,21,0,81,159.64,159.64,0.0,-48652.49131,0.0
2019-02-13,21,0,82,112.85,112.85,0.0,-34392.593613,0.0
2019-02-13,21,0,83,250.05,250.05,0.0,-76206.185492,0.0
2019-02-13,21,0,84,0.0,0.0,0.0,0.0,0.0
2019-02-13,21,0,86,0.0,0.0,0.0,0.0,0.0
2019-02-13,21,0,87,0.0,0.0,0.0,0.0,0.0
2019-02-13,21,0,88,170.6,170.6,0.0,-51992.702439,0.0
2019-02-13,21,0,89,164.0,164.0,0.0,-49981.261431,0.0
2019-02-13,21,0,90,220.2,220.2,0.0,-67108.986384,0.0
2019-02-13,21,0,91,785.5,785.5,0.0,-239391.956426,0.0
2019-02-13,21,0,92,282.5,282.5,0.0,-86095.770452,0.0
2019-02-13,21,0,95,120.0,120.0,0.0,2333.493576,0.0
2019-02-13,21,0,96,29.88,29.88,0.0,403.262443,0.0
2019-02-13,21,0,97,183.75,183.75,0.0,2479.902074,0.0
2019-02-13,21,0,99,5.61,5.61,0.0,48.322419,0.0
2019-02-13,21,0,101,0.0,0.0,0.0,0.0,0.0
2019-02-13,21,0,102,24.15,24.15,0.0,-10210.820572,0.0
2019-02-13,21,0,103,21.0,21.0,0.0,-8878.97441,0.0
2019-02-13,21,0,104,3.9,3.9,0.0,-1648.95239,0.0
2019-02-13,21,0,106,0.0,0.0,0.0,0.0,0.0
2019-02-13,21,0,109,83.6,83.6,0.0,844.171067,0.0
2019-02-13,21,0,110,338.6,338.6,0.0,-338600.0,0.0
2019-02-13,21,0,111,0.0,0.0,0.0,0.0,0.0
2019-02-13,21,0,113,84.18,84.18,0.0,-23151.424054,0.0
2019-02-13,21,0,115,84.18,84.18,0.0,-23151.424054,0.0
2019-02-13,21,0,116,0.0,0.0,0.0,-0.0,0.0
2019-02-13,21,0,117,5.66,5.66,0.0,-1556.629367,0.0
2019-02-13,21,0,119,200.0,200.0,0.0,19250.81648,0.0
2019-02-13,21,0,120,117.6,117.6,0.0,11319.48009,0.0
2019-02-13,21,0,123,0.0,0.0,0.0,0.0,0.0
2019-02-13,21,0,125,174.2,174.2,0.0,2337.333927,0.0
2019-02-13,21,0,126,0.0,0.0,0.0,0.0,0.0
2019-02-13,21,0,127,0.0,0.0,0.0,0.0,0.0
2019-02-13,21,0,128,249.5,249.5,0.0,3347.674023,0.0
2019-02-13,21,0,131,30.0,30.0,0.0,-11545.85878,0.0
2019-02-13,21,0,132,44.1,44.1,0.0,-16972.412406,0.0
2019-02-13,21,0,133,91.59,91.59,0.0,712.258618,0.0
2019-02-13,21,0,134,0.0,0.0,0.0,0.0,0.0
2019-02-13,21,0,135,119.08,119.08,0.0,926.0373,0.0
2019-02-13,21,0,136,32.7,32.7,0.0,144.89158,0.0
2019-02-13,21,0,139,146.7,146.7,0.0,1674.720276,0.0
2019-02-13,21,0,140,250.6,250.6,0.0,-250600.0,0.0
2019-02-13,21,0,141,230.0,230.0,0.0,-129925.304106,0.0
2019-02-13,21,0,142,0.0,0.0,0.0,-0.0,0.0
2019-02-13,21,0,143,27.03,27.03,0.0,363.713856,0.0
2019-02-13,21,0,145,30.0,30.0,0.0,366.281205,0.0
2019-02-13,21,0,146,268.0,268.0,0.0,-268000.0,0.0
2019-02-13,21,0,152,0.0,0.0,0.0,0.0,0.0
2019-02-13,21,0,153,0.0,0.0,0.0,0.0,0.0
2019-02-13,21,0,154,0.0,0.0,0.0,0.0,0.0
2019-02-13,21,0,157,250.0,250.0,0.0,-141223.156636,0.0
2019-02-13,21,0,158,0.0,0.0,0.0,-0.0,0.0
2019-02-13,21,0,159,0.0,0.0,0.0,0.0,0.0
2019-02-13,21,0,160,0.0,0.0,0.0,0.0,0.0
2019-02-13,21,0,161,0.0,0.0,0.0,-0.0,0.0
2019-02-13,21,0,162,162.5,162.5,0.0,3289.167484,0.0
2019-02-13,21,0,163,185.4,185.4,0.0,-185400.0,0.0
2019-02-13,21,0,164,0.0,0.0,0.0,0.0,0.0
2019-02-13,21,0,167,0.0,0.0,0.0,0.0,0.0
2019-02-13,21,0,168,0.0,0.0,0.0,0.0,0.0
2019-02-13,21,0,169,0.0,0.0,0.0,0.0,0.0
2019-02-13,21,0,170,0.0,0.0,0.0,0.0,0.0
2019-02-13,21,0,172,0.0,0.0,0.0,0.0,0.0
2019-02-13,21,0,173,0.0,0.0,0.0,0.0,0.0
2019-02-13,21,0,188,0.0,0.0,0.0,0.0,0.0
2019-02-13,21,0,190,0.0,0.0,0.0,0.0,0.0
2019-02-13,21,0,191,0.0,0.0,0.0,0.0,0.0
2019-02-13,21,0,192,332.6,332.6,0.0,10785.405497,0.0
2019-02-13,21,0,194,176.5,176.5,0.0,-24976.983143,0.0
2019-02-13,21,0,196,0.0,0.0,0.0,0.0,0.0
2019-02-13,21,0,198,0.0,0.0,0.0,0.0,0.0
2019-02-13,21,0,199,130.0,130.0,0.0,-5078.594743,0.0
2019-02-13,21,0,200,0.0,0.0,0.0,-0.0,0.0
2019-02-13,21,0,204,841.64,841.64,0.0,8626.52996,0.0
2019-02-13,21,0,205,387.97,387.97,0.0,3917.620203,0.0
2019-02-13,21,0,206,539.94,539.94,0.0,7287.065718,0.0
2019-02-13,21,0,210,0.0,0.0,0.0,0.0,0.0
2019-02-13,21,0,214,0.0,0.0,0.0,0.0,0.0
2019-02-13,21,0,217,0.0,0.0,0.0,0.0,0.0
2019-02-13,21,0,218,0.0,0.0,0.0,0.0,0.0
2019-02-13,21,0,219,0.0,0.0,0.0,0.0,0.0
2019-02-13,21,0,221,0.0,0.0,0.0,0.0,0.0
2019-02-13,21,0,225,0.0,0.0,0.0,0.0,0.0
2019-02-13,21,0,233,0.0,0.0,0.0,0.0,0.0
2019-02-13,21,0,236,79.27,79.27,0.0,629.353364,0.0
2019-02-13,21,0,237,69.69,69.69,0.0,600.283311,0.0
2019-02-13,21,0,238,0.0,0.0,0.0,0.0,0.0
2019-02-13,21,0,240,0.0,0.0,0.0,0.0,0.0
2019-02-13,21,0,245,260.0,260.0,0.0,1711.490097,0.0
2019-02-13,21,0,247,133.01,133.01,0.0,875.558838,0.0
2019-02-13,21,0,248,7.0,7.0,0.0,60.295353,0.0
2019-02-13,21,0,249,500.0,500.0,0.0,3291.327109,0.0
2019-02-13,21,0,251,256.05,256.05,0.0,1362.393507,0.0
2019-02-13,21,0,252,179.58,179.58,0.0,764.865566,0.0
2019-02-13,21,0,254,0.0,0.0,0.0,0.0,0.0
2019-02-13,21,0,255,0.0,0.0,0.0,0.0,0.0
2019-02-13,21,0,258,0.0,0.0,0.0,0.0,0.0
2019-02-13,21,0,260,0.0,0.0,0.0,0.0,0.0
2019-02-13,21,0,265,0.0,0.0,0.0,0.0,0.0
2019-02-13,21,0,266,91.87,91.87,0.0,1048.783584,0.0
2019-02-13,21,0,267,114.69,114.69,0.0,1309.295627,0.0
2019-02-13,21,0,270,579.0,579.0,0.0,-579000.0,0.0
2019-02-13,21,0,272,281.15,281.15,0.0,-77322.676084,0.0
2019-02-13,21,0,273,0.0,0.0,0.0,-0.0,0.0
2019-02-13,21,0,274,746.4,746.4,0.0,-746400.0,0.0
2019-02-13,21,0,275,1039.0,1039.0,0.0,-1039000.0,0.0
2019-02-13,21,0,276,0.0,0.0,0.0,-0.0,0.0
2019-02-13,21,0,277,0.0,0.0,0.0,-0.0,0.0
2019-02-13,21,0,278,0.0,0.0,0.0,-0.0,0.0
2019-02-13,21,0,279,651.69,651.69,0.0,-187000.14916,0.0
2019-02-13,21,0,281,10.99,10.99,0.0,147.880698,0.0
2019-02-13,21,0,282,0.0,0.0,0.0,0.0,0.0
2019-02-13,22,0,9,0.0,0.0,0.0,0.0,0.0
2019-02-13,22,0,17,0.0,0.0,0.0,0.0,0.0
2019-02-13,22,0,19,643.3,643.3,0.0,799.787175,0.0
2019-02-13,22,0,20,780.2,780.2,0.0,969.989047,0.0
2019-02-13,22,0,21,0.0,0.0,0.0,0.0,0.0
2019-02-13,22,0,22,0.0,0.0,0.0,0.0,0.0
2019-02-13,22,0,23,108.8,108.8,0.0,1074.601128,0.0
2019-02-13,22,0,24,192.5,192.5,0.0,1901.293357,0.0
2019-02-13,22,0,29,0.0,0.0,0.0,0.0,0.0
2019-02-13,22,0,30,0.0,0.0,0.0,0.0,0.0
2019-02-13,22,0,31,22.62,22.62,0.0,223.908833,0.0
2019-02-13,22,0,32,0.0,0.0,0.0,0.0,0.0
2019-02-13,22,0,33,0.0,0.0,0.0,0.0,0.0
2019-02-13,22,0,34,0.0,0.0,0.0,0.0,0.0
2019-02-13,22,0,35,0.0,0.0,0.0,0.0,0.0
2019-02-13,22,0,36,0.0,0.0,0.0,0.0,0.0
2019-02-13,22,0,37,0.0,0.0,0.0,0.0,0.0
2019-02-13,22,0,38,0.0,0.0,0.0,0.0,0.0
2019-02-13,22,0,39,0.0,0.0,0.0,0.0,0.0
2019-02-13,22,0,40,0.0,0.0,0.0,0.0,0.0
2019-02-13,22,0,41,116.0,116.0,0.0,1013.49022,0.0
2019-02-13,22,0,42,0.0,0.0,0.0,0.0,0.0
2019-02-13,22,0,43,0.0,0.0,0.0,0.0,0.0
2019-02-13,22,0,46,0.0,0.0,0.0,0.0,0.0
2019-02-13,22,0,52,23.98,23.98,0.0,237.37108,0.0
2019-02-13,22,0,53,38.1,38.1,0.0,377.140873,0.0
2019-02-13,22,0,55,340.79,340.79,0.0,3365.931237,0.0
2019-02-13,22,0,56,0.0,0.0,0.0,0.0,0.0
2019-02-13,22,0,57,0.0,0.0,0.0,0.0,0.0
2019-02-13,22,0,58,0.0,0.0,0.0,0.0,0.0
2019-02-13,22,0,59,0.0,0.0,0.0,0.0,0.0
2019-02-13,22,0,63,170.0,170.0,0.0,16231.328855,0.0
2019-02-13,22,0,64,200.0,200.0,0.0,19095.681006,0.0
2019-02-13,22,0,65,22.51,22.51,0.0,86.34202,0.0
2019-02-13,22,0,67,0.0,0.0,0.0,-0.0,0.0
2019-02-13,22,0,68,10.2,10.2,0.0,-4311.557395,0.0
2019-02-13,22,0,69,0.0,0.0,0.0,0.0,0.0
2019-02-13,22,0,74,21.48,21.48,0.0,153.354238,0.0
2019-02-13,22,0,77,200.0,200.0,0.0,-60905.727,0.0
2019-02-13,22,0,78,151.2,151.2,0.0,-46044.729612,0.0
2019-02-13,22,0,79,87.5,87.5,0.0,-26646.255563,0.0
2019-02-13,22,0,80,141.5,141.5,0.0,-43090.801853,0.0
2019-02-13,22,0,81,185.0,185.0,0.0,-56337.797475,0.0
2019-02-13,22,0,82,130.5,130.5,0.0,-39740.986868,0.0
2019-02-13,22,0,83,291.0,291.0,0.0,-88617.832785,0.0
2019-02-13,22,0,84,0.0,0.0,0.0,-0.0,0.0
2019-02-13,22,0,86,0.0,0.0,0.0,0.0,0.0
2019-02-13,22,0,87,0.0,0.0,0.0,0.0,0.0
2019-02-13,22,0,88,170.6,170.6,0.0,-51952.585131,0.0
2019-02-13,22,0,89,164.0,164.0,0.0,-49942.69614,0.0
2019-02-13,22,0,90,220.2,220.2,0.0,-67057.205427,0.0
2019-02-13,22,0,91,785.5,785.5,0.0,-239207.242793,0.0
2019-02-13,22,0,92,282.5,282.5,0.0,-86029.339388,0.0
2019-02-13,22,0,95,120.0,120.0,0.0,2333.493576,0.0
2019-02-13,22,0,96,29.88,29.88,0.0,296.456168,0.0
2019-02-13,22,0,97,183.75,183.75,0.0,1823.086373,0.0
2019-02-13,22,0,99,4.15,4.15,0.0,29.628496,0.0
2019-02-13,22,0,101,0.0,0.0,0.0,0.0,0.0
2019-02-13,22,0,102,24.15,24.15,0.0,-10208.246186,0.0
2019-02-13,22,0,103,21.0,21.0,0.0,-8876.735814,0.0
2019-02-13,22,0,104,3.9,3.9,0.0,-1648.536651,0.0
2019-02-13,22,0,106,0.0,0.0,0.0,0.0,0.0
2019-02-13,22,0,109,171.41,171.41,0.0,1369.083495,0.0
2019-02-13,22,0,110,338.6,338.6,0.0,-338600.0,0.0
2019-02-13,22,0,111,0.0,0.0,0.0,0.0,0.0
2019-02-13,22,0,113,149.99,149.99,0.0,-41267.170027,0.0
2019-02-13,22,0,115,149.99,149.99,0.0,-41267.170027,0.0
2019-02-13,22,0,116,0.0,0.0,0.0,-0.0,0.0
2019-02-13,22,0,117,10.0,10.0,0.0,-2751.32809,0.0
2019-02-13,22,0,119,200.0,200.0,0.0,19095.681006,0.0
2019-02-13,22,0,120,117.6,117.6,0.0,11228.260432,0.0
2019-02-13,22,0,123,0.0,0.0,0.0,0.0,0.0
2019-02-13,22,0,125,174.2,174.2,0.0,1720.547027,0.0
2019-02-13,22,0,126,0.0,0.0,0.0,0.0,0.0
2019-02-13,22,0,127,0.0,0.0,0.0,0.0,0.0
2019-02-13,22,0,128,249.5,249.5,0.0,2464.273728,0.0
2019-02-13,22,0,131,30.0,30.0,0.0,-11542.450538,0.0
2019-02-13,22,0,132,44.1,44.1,0.0,-16967.402292,0.0
2019-02-13,22,0,133,139.8,139.8,0.0,947.224386,0.0
2019-02-13,22,0,134,0.0,0.0,0.0,0.0,0.0
2019-02-13,22,0,135,187.33,187.33,0.0,1269.267126,0.0
2019-02-13,22,0,136,27.44,27.44,0.0,109.157397,0.0
2019-02-13,22,0,139,149.8,149.8,0.0,1308.800301,0.0
2019-02-13,22,0,140,250.6,250.6,0.0,-250600.0,0.0
2019-02-13,22,0,141,230.0,230.0,0.0,-129906.821604,0.0
2019-02-13,22,0,142,0.0,0.0,0.0,-0.0,0.0
2019-02-13,22,0,143,27.96,27.96,0.0,276.767948,0.0
2019-02-13,22,0,145,73.71,73.71,0.0,677.331554,0.0
2019-02-13,22,0,146,268.0,268.0,0.0,-268000.0,0.0
2019-02-13,22,0,152,0.0,0.0,0.0,0.0,0.0
2019-02-13,22,0,153,0.0,0.0,0.0,0.0,0.0
2019-02-13,22,0,154,0.0,0.0,0.0,0.0,0.0
2019-02-13,22,0,157,250.0,250.0,0.0,-141203.066961,0.0
2019-02-13,22,0,158,0.0,0.0,0.0,-0.0,0.0
2019-02-13,22,0,159,0.0,0.0,0.0,0.0,0.0
2019-02-13,22,0,160,0.0,0.0,0.0,0.0,0.0
2019-02-13,22,0,161,0.0,0.0,0.0,-0.0,0.0
2019-02-13,22,0,162,96.21,96.21,0.0,1946.280194,0.0
2019-02-13,22,0,163,185.4,185.4,0.0,-185400.0,0.0
2019-02-13,22,0,164,0.0,0.0,0.0,0.0,0.0
2019-02-13,22,0,167,0.0,0.0,0.0,0.0,0.0
2019-02-13,22,0,168,0.0,0.0,0.0,0.0,0.0
2019-02-13,22,0,169,0.0,0.0,0.0,0.0,0.0
2019-02-13,22,0,170,0.0,0.0,0.0,0.0,0.0
2019-02-13,22,0,172,0.0,0.0,0.0,0.0,0.0
2019-02-13,22,0,173,0.0,0.0,0.0,0.0,0.0
2019-02-13,22,0,188,0.0,0.0,0.0,0.0,0.0
2019-02-13,22,0,190,0.0,0.0,0.0,0.0,0.0
2019-02-13,22,0,191,0.0,0.0,0.0,0.0,0.0
2019-02-13,22,0,192,332.6,332.6,0.0,10785.405497,0.0
2019-02-13,22,0,194,176.5,176.5,0.0,-25049.773139,0.0
2019-02-13,22,0,196,0.0,0.0,0.0,0.0,0.0
2019-02-13,22,0,198,0.0,0.0,0.0,0.0,0.0
2019-02-13,22,0,199,130.0,130.0,0.0,-4952.676118,0.0
2019-02-13,22,0,200,0.0,0.0,0.0,-0.0,0.0
2019-02-13,22,0,204,857.0,857.0,0.0,6919.254808,0.0
2019-02-13,22,0,205,852.76,852.76,0.0,6811.152446,0.0
2019-02-13,22,0,206,539.94,539.94,0.0,5357.046292,0.0
2019-02-13,22,0,210,0.0,0.0,0.0,0.0,0.0
2019-02-13,22,0,214,0.0,0.0,0.0,0.0,0.0
2019-02-13,22,0,217,0.0,0.0,0.0,0.0,0.0
2019-02-13,22,0,218,0.0,0.0,0.0,0.0,0.0
2019-02-13,22,0,219,0.0,0.0,0.0,0.0,0.0
2019-02-13,22,0,221,0.0,0.0,0.0,0.0,0.0
2019-02-13,22,0,225,0.0,0.0,0.0,0.0,0.0
2019-02-13,22,0,233,0.0,0.0,0.0,0.0,0.0
2019-02-13,22,0,236,70.62,70.62,0.0,477.106071,0.0
2019-02-13,22,0,237,51.52,51.52,0.0,367.821709,0.0
2019-02-13,22,0,238,0.0,0.0,0.0,0.0,0.0
2019-02-13,22,0,240,0.0,0.0,0.0,0.0,0.0
2019-02-13,22,0,245,260.0,260.0,0.0,1513.79924,0.0
2019-02-13,22,0,247,109.04,109.04,0.0,634.864112,0.0
2019-02-13,22,0,248,5.17,5.17,0.0,36.91068,0.0
2019-02-13,22,0,249,500.0,500.0,0.0,2911.152385,0.0
2019-02-13,22,0,251,430.72,430.72,0.0,2024.711518,0.0
2019-02-13,22,0,252,145.21,145.21,0.0,556.98466,0.0
2019-02-13,22,0,254,0.0,0.0,0.0,0.0,0.0
2019-02-13,22,0,255,0.0,0.0,0.0,0.0,0.0
2019-02-13,22,0,258,0.0,0.0,0.0,0.0,0.0
2019-02-13,22,0,260,0.0,0.0,0.0,0.0,0.0
2019-02-13,22,0,265,0.0,0.0,0.0,0.0,0.0
2019-02-13,22,0,266,97.0,97.0,0.0,847.487512,0.0
2019-02-13,22,0,267,119.2,119.2,0.0,1041.448571,0.0
2019-02-13,22,0,270,579.0,579.0,0.0,-579000.0,0.0
2019-02-13,22,0,272,501.3,501.3,0.0,-137924.07717,0.0
2019-02-13,22,0,273,0.0,0.0,0.0,-0.0,0.0
2019-02-13,22,0,274,746.4,746.4,0.0,-746400.0,0.0
2019-02-13,22,0,275,1039.0,1039.0,0.0,-1039000.0,0.0
2019-02-13,22,0,276,0.0,0.0,0.0,-0.0,0.0
2019-02-13,22,0,277,0.0,0.0,0.0,-0.0,0.0
2019-02-13,22,0,278,0.0,0.0,0.0,-0.0,0.0
2019-02-13,22,0,279,264.61,264.61,0.0,-75921.390515,0.0
2019-02-13,22,0,281,10.15,10.15,0.0,100.471912,0.0
2019-02-13,22,0,282,0.0,0.0,0.0,0.0,0.0
2019-02-13,23,0,9,0.0,0.0,0.0,0.0,0.0
2019-02-13,23,0,17,0.0,0.0,0.0,0.0,0.0
2019-02-13,23,0,19,643.3,643.3,0.0,3752.736003,0.0
2019-02-13,23,0,20,780.2,780.2,0.0,4551.351825,0.0
2019-02-13,23,0,21,0.0,0.0,0.0,0.0,0.0
2019-02-13,23,0,22,0.0,0.0,0.0,0.0,0.0
2019-02-13,23,0,23,108.8,108.8,0.0,640.460956,0.0
2019-02-13,23,0,24,192.5,192.5,0.0,1133.168511,0.0
2019-02-13,23,0,29,0.0,0.0,0.0,0.0,0.0
2019-02-13,23,0,30,0.0,0.0,0.0,0.0,0.0
2019-02-13,23,0,31,20.83,20.83,0.0,122.624666,0.0
2019-02-13,23,0,32,0.0,0.0,0.0,0.0,0.0
2019-02-13,23,0,33,0.0,0.0,0.0,0.0,0.0
2019-02-13,23,0,34,0.0,0.0,0.0,0.0,0.0
2019-02-13,23,0,35,0.0,0.0,0.0,0.0,0.0
2019-02-13,23,0,36,0.0,0.0,0.0,0.0,0.0
2019-02-13,23,0,37,0.0,0.0,0.0,0.0,0.0
2019-02-13,23,0,38,0.0,0.0,0.0,0.0,0.0
2019-02-13,23,0,39,0.0,0.0,0.0,0.0,0.0
2019-02-13,23,0,40,0.0,0.0,0.0,0.0,0.0
2019-02-13,23,0,41,116.0,116.0,0.0,680.812946,0.0
2019-02-13,23,0,42,0.0,0.0,0.0,0.0,0.0
2019-02-13,23,0,43,0.0,0.0,0.0,0.0,0.0
2019-02-13,23,0,46,0.0,0.0,0.0,0.0,0.0
2019-02-13,23,0,52,22.08,22.08,0.0,129.983324,0.0
2019-02-13,23,0,53,35.08,35.08,0.0,206.51336,0.0
2019-02-13,23,0,55,514.65,514.65,0.0,3029.533373,0.0
2019-02-13,23,0,56,0.0,0.0,0.0,0.0,0.0
2019-02-13,23,0,57,0.0,0.0,0.0,0.0,0.0
2019-02-13,23,0,58,0.0,0.0,0.0,0.0,0.0
2019-02-13,23,0,59,0.0,0.0,0.0,0.0,0.0
2019-02-13,23,0,63,170.0,170.0,0.0,15470.658667,0.0
2019-02-13,23,0,64,200.0,200.0,0.0,18200.774902,0.0
2019-02-13,23,0,65,16.28,16.28,0.0,94.976648,0.0
2019-02-13,23,0,67,0.0,0.0,0.0,-0.0,0.0
2019-02-13,23,0,68,10.2,10.2,0.0,-4326.96389,0.0
2019-02-13,23,0,69,0.0,0.0,0.0,0.0,0.0
2019-02-13,23,0,74,18.62,18.62,0.0,108.826739,0.0
2019-02-13,23,0,77,200.0,200.0,0.0,-61241.95337,0.0
2019-02-13,23,0,78,151.2,151.2,0.0,-46298.916748,0.0
2019-02-13,23,0,79,87.5,87.5,0.0,-26793.354599,0.0
2019-02-13,23,0,80,141.5,141.5,0.0,-43328.682009,0.0
2019-02-13,23,0,81,185.0,185.0,0.0,-56648.806867,0.0
2019-02-13,23,0,82,130.5,130.5,0.0,-39960.374574,0.0
2019-02-13,23,0,83,291.0,291.0,0.0,-89107.042154,0.0
2019-02-13,23,0,84,0.0,0.0,0.0,-0.0,0.0
2019-02-13,23,0,86,0.0,0.0,0.0,0.0,0.0
2019-02-13,23,0,87,0.0,0.0,0.0,0.0,0.0
2019-02-13,23,0,88,170.6,170.6,0.0,-52239.386225,0.0
2019-02-13,23,0,89,164.0,164.0,0.0,-50218.401764,0.0
2019-02-13,23,0,90,220.2,220.2,0.0,-67427.390661,0.0
2019-02-13,23,0,91,785.5,785.5,0.0,-240527.771862,0.0
2019-02-13,23,0,92,282.5,282.5,0.0,-86504.259136,0.0
2019-02-13,23,0,95,120.0,120.0,0.0,2333.493576,0.0
2019-02-13,23,0,96,29.88,29.88,0.0,175.911845,0.0
2019-02-13,23,0,97,183.75,183.75,0.0,1081.787198,0.0
2019-02-13,23,0,99,3.59,3.59,0.0,20.982169,0.0
2019-02-13,23,0,101,0.0,0.0,0.0,0.0,0.0
2019-02-13,23,0,102,24.15,24.15,0.0,-10244.723328,0.0
2019-02-13,23,0,103,21.0,21.0,0.0,-8908.455068,0.0
2019-02-13,23,0,104,3.9,3.9,0.0,-1654.42737,0.0
2019-02-13,23,0,106,0.0,0.0,0.0,0.0,0.0
2019-02-13,23,0,109,200.0,200.0,0.0,1171.502726,0.0
2019-02-13,23,0,110,338.6,338.6,0.0,-338600.0,0.0
2019-02-13,23,0,111,0.0,0.0,0.0,0.0,0.0
2019-02-13,23,0,113,150.0,150.0,0.0,-41601.855464,0.0
2019-02-13,23,0,115,150.0,150.0,0.0,-41601.855464,0.0
2019-02-13,23,0,116,0.0,0.0,0.0,-0.0,0.0
2019-02-13,23,0,117,10.0,10.0,0.0,-2773.457031,0.0
2019-02-13,23,0,119,200.0,200.0,0.0,18200.774902,0.0
2019-02-13,23,0,120,117.6,117.6,0.0,10702.055643,0.0
2019-02-13,23,0,123,0.0,0.0,0.0,0.0,0.0
2019-02-13,23,0,125,174.2,174.2,0.0,1025.44392,0.0
2019-02-13,23,0,126,0.0,0.0,0.0,0.0,0.0
2019-02-13,23,0,127,0.0,0.0,0.0,0.0,0.0
2019-02-13,23,0,128,249.5,249.5,0.0,1468.704122,0.0
2019-02-13,23,0,131,30.0,30.0,0.0,-11590.742789,0.0
2019-02-13,23,0,132,44.1,44.1,0.0,-17038.391899,0.0
2019-02-13,23,0,133,139.8,139.8,0.0,815.528228,0.0
2019-02-13,23,0,134,0.0,0.0,0.0,0.0,0.0
2019-02-13,23,0,135,187.33,187.33,0.0,1092.796159,0.0
2019-02-13,23,0,136,22.19,22.19,0.0,129.455729,0.0
2019-02-13,23,0,139,149.8,149.8,0.0,879.187753,0.0
2019-02-13,23,0,140,250.6,250.6,0.0,-250600.0,0.0
2019-02-13,23,0,141,230.0,230.0,0.0,-130168.70495,0.0
2019-02-13,23,0,142,0.0,0.0,0.0,-0.0,0.0
2019-02-13,23,0,143,28.24,28.24,0.0,166.246787,0.0
2019-02-13,23,0,145,30.0,30.0,0.0,176.280255,0.0
2019-02-13,23,0,146,268.0,268.0,0.0,-268000.0,0.0
2019-02-13,23,0,152,0.0,0.0,0.0,0.0,0.0
2019-02-13,23,0,153,0.0,0.0,0.0,0.0,0.0
2019-02-13,23,0,154,0.0,0.0,0.0,0.0,0.0
2019-02-13,23,0,157,250.0,250.0,0.0,-141487.722771,0.0
2019-02-13,23,0,158,0.0,0.0,0.0,-0.0,0.0
2019-02-13,23,0,159,0.0,0.0,0.0,0.0,0.0
2019-02-13,23,0,160,0.0,0.0,0.0,0.0,0.0
2019-02-13,23,0,161,0.0,0.0,0.0,-0.0,0.0
2019-02-13,23,0,162,48.75,48.75,0.0,986.700841,0.0
2019-02-13,23,0,163,185.4,185.4,0.0,-185400.0,0.0
2019-02-13,23,0,164,0.0,0.0,0.0,0.0,0.0
2019-02-13,23,0,167,0.0,0.0,0.0,0.0,0.0
2019-02-13,23,0,168,0.0,0.0,0.0,0.0,0.0
2019-02-13,23,0,169,0.0,0.0,0.0,0.0,0.0
2019-02-13,23,0,170,0.0,0.0,0.0,0.0,0.0
2019-02-13,23,0,172,0.0,0.0,0.0,0.0,0.0
2019-02-13,23,0,173,0.0,0.0,0.0,0.0,0.0
2019-02-13,23,0,188,0.0,0.0,0.0,0.0,0.0
2019-02-13,23,0,190,0.0,0.0,0.0,0.0,0.0
2019-02-13,23,0,191,0.0,0.0,0.0,0.0,0.0
2019-02-13,23,0,192,332.6,332.6,0.0,10785.405497,0.0
2019-02-13,23,0,194,176.5,176.5,0.0,-25576.76663,0.0
2019-02-13,23,0,196,0.0,0.0,0.0,0.0,0.0
2019-02-13,23,0,198,0.0,0.0,0.0,0.0,0.0
2019-02-13,23,0,199,95.85,95.85,0.0,-3556.818943,0.0
2019-02-13,23,0,200,0.0,0.0,0.0,-0.0,0.0
2019-02-13,23,0,204,857.0,857.0,0.0,5021.025394,0.0
2019-02-13,23,0,205,1058.0,1058.0,0.0,6197.249418,0.0
2019-02-13,23,0,206,539.94,539.94,0.0,3178.776488,0.0
2019-02-13,23,0,210,0.0,0.0,0.0,0.0,0.0
2019-02-13,23,0,214,0.0,0.0,0.0,0.0,0.0
2019-02-13,23,0,217,0.0,0.0,0.0,0.0,0.0
2019-02-13,23,0,218,0.0,0.0,0.0,0.0,0.0
2019-02-13,23,0,219,0.0,0.0,0.0,0.0,0.0
2019-02-13,23,0,221,0.0,0.0,0.0,0.0,0.0
2019-02-13,23,0,225,0.0,0.0,0.0,0.0,0.0
2019-02-13,23,0,233,0.0,0.0,0.0,0.0,0.0
2019-02-13,23,0,236,54.36,54.36,0.0,317.391621,0.0
2019-02-13,23,0,237,44.67,44.67,0.0,261.078971,0.0
2019-02-13,23,0,238,0.0,0.0,0.0,0.0,0.0
2019-02-13,23,0,240,0.0,0.0,0.0,0.0,0.0
2019-02-13,23,0,245,260.0,260.0,0.0,1516.369092,0.0
2019-02-13,23,0,247,79.25,79.25,0.0,462.200964,0.0
2019-02-13,23,0,248,4.48,4.48,0.0,26.183877,0.0
2019-02-13,23,0,249,500.0,500.0,0.0,2916.094407,0.0
2019-02-13,23,0,251,162.79,162.79,0.0,949.808575,0.0
2019-02-13,23,0,252,105.05,105.05,0.0,612.856073,0.0
2019-02-13,23,0,254,0.0,0.0,0.0,0.0,0.0
2019-02-13,23,0,255,0.0,0.0,0.0,0.0,0.0
2019-02-13,23,0,258,0.0,0.0,0.0,0.0,0.0
2019-02-13,23,0,260,0.0,0.0,0.0,0.0,0.0
2019-02-13,23,0,265,0.0,0.0,0.0,0.0,0.0
2019-02-13,23,0,266,97.0,97.0,0.0,569.300481,0.0
2019-02-13,23,0,267,119.2,119.2,0.0,699.593993,0.0
2019-02-13,23,0,270,579.0,579.0,0.0,-579000.0,0.0
2019-02-13,23,0,272,501.3,501.3,0.0,-139033.400959,0.0
2019-02-13,23,0,273,0.0,0.0,0.0,-0.0,0.0
2019-02-13,23,0,274,746.4,746.4,0.0,-746400.0,0.0
2019-02-13,23,0,275,1039.0,1039.0,0.0,-1039000.0,0.0
2019-02-13,23,0,276,0.0,0.0,0.0,-0.0,0.0
2019-02-13,23,0,277,0.0,0.0,0.0,-0.0,0.0
2019-02-13,23,0,278,0.0,0.0,0.0,-0.0,0.0
2019-02-13,23,0,279,264.6,264.6,0.0,-76447.642485,0.0
2019-02-13,23,0,281,9.35,9.35,0.0,55.042757,0.0
2019-02-13,23,0,282,0.0,0.0,0.0,0.0,0.0
2019-02-14,0,0,9,0.0,0.0,0.0,0.0,0.0
2019-02-14,0,0,17,0.0,0.0,0.0,0.0,0.0
2019-02-14,0,0,19,643.3,643.3,0.0,3627.500612,0.0
2019-02-14,0,0,20,780.2,780.2,0.0,4399.465222,0.0
2019-02-14,0,0,21,0.0,0.0,0.0,0.0,0.0
2019-02-14,0,0,22,0.0,0.0,0.0,0.0,0.0
2019-02-14,0,0,23,108.8,108.8,0.0,669.756837,0.0
2019-02-14,0,0,24,192.5,192.5,0.0,1185.001757,0.0
2019-02-14,0,0,29,0.0,0.0,0.0,0.0,0.0
2019-02-14,0,0,30,0.0,0.0,0.0,0.0,0.0
2019-02-14,0,0,31,19.68,19.68,0.0,121.211709,0.0
2019-02-14,0,0,32,0.0,0.0,0.0,0.0,0.0
2019-02-14,0,0,33,0.0,0.0,0.0,0.0,0.0
2019-02-14,0,0,34,0.0,0.0,0.0,0.0,0.0
2019-02-14,0,0,35,0.0,0.0,0.0,0.0,0.0
2019-02-14,0,0,36,0.0,0.0,0.0,0.0,0.0
2019-02-14,0,0,37,0.0,0.0,0.0,0.0,0.0
2019-02-14,0,0,38,0.0,0.0,0.0,0.0,0.0
2019-02-14,0,0,39,0.0,0.0,0.0,0.0,0.0
2019-02-14,0,0,40,0.0,0.0,0.0,0.0,0.0
2019-02-14,0,0,41,116.0,116.0,0.0,694.271383,0.0
2019-02-14,0,0,42,0.0,0.0,0.0,0.0,0.0
2019-02-14,0,0,43,0.0,0.0,0.0,0.0,0.0
2019-02-14,0,0,46,0.0,0.0,0.0,0.0,0.0
2019-02-14,0,0,52,20.86,20.86,0.0,128.479484,0.0
2019-02-14,0,0,53,33.14,33.14,0.0,204.11362,0.0
2019-02-14,0,0,55,446.56,446.56,0.0,2748.957843,0.0
2019-02-14,0,0,56,0.0,0.0,0.0,0.0,0.0
2019-02-14,0,0,57,0.0,0.0,0.0,0.0,0.0
2019-02-14,0,0,58,0.0,0.0,0.0,0.0,0.0
2019-02-14,0,0,59,0.0,0.0,0.0,0.0,0.0
2019-02-14,0,0,63,170.0,170.0,0.0,15461.848851,0.0
2019-02-14,0,0,64,200.0,200.0,0.0,18190.410413,0.0
2019-02-14,0,0,65,11.67,11.67,0.0,65.848654,0.0
2019-02-14,0,0,67,0.0,0.0,0.0,-0.0,0.0
2019-02-14,0,0,68,10.2,10.2,0.0,-4328.461366,0.0
2019-02-14,0,0,69,0.0,0.0,0.0,0.0,0.0
2019-02-14,0,0,74,15.85,15.85,0.0,91.083381,0.0
2019-02-14,0,0,77,200.0,200.0,0.0,-61281.129672,0.0
2019-02-14,0,0,78,151.2,151.2,0.0,-46328.534032,0.0
2019-02-14,0,0,79,87.5,87.5,0.0,-26810.494232,0.0
2019-02-14,0,0,80,141.5,141.5,0.0,-43356.399243,0.0
2019-02-14,0,0,81,185.0,185.0,0.0,-56685.044947,0.0
2019-02-14,0,0,82,130.5,130.5,0.0,-39985.937111,0.0
2019-02-14,0,0,83,291.0,291.0,0.0,-89164.043673,0.0
2019-02-14,0,0,84,0.0,0.0,0.0,-0.0,0.0
2019-02-14,0,0,86,0.0,0.0,0.0,0.0,0.0
2019-02-14,0,0,87,0.0,0.0,0.0,0.0,0.0
2019-02-14,0,0,88,170.6,170.6,0.0,-52272.803611,0.0
2019-02-14,0,0,89,164.0,164.0,0.0,-50250.526331,0.0
2019-02-14,0,0,90,220.2,220.2,0.0,-67470.523769,0.0
2019-02-14,0,0,91,785.5,785.5,0.0,-240681.636788,0.0
2019-02-14,0,0,92,282.5,282.5,0.0,-86559.595662,0.0
2019-02-14,0,0,95,67.44,67.44,0.0,1311.42339,0.0
2019-02-14,0,0,96,29.88,29.88,0.0,184.137224,0.0
2019-02-14,0,0,97,183.75,183.75,0.0,1132.369975,0.0
2019-02-14,0,0,99,3.06,3.06,0.0,17.584552,0.0
2019-02-14,0,0,101,0.0,0.0,0.0,0.0,0.0
2019-02-14,0,0,102,24.15,24.15,0.0,-10248.268823,0.0
2019-02-14,0,0,103,21.0,21.0,0.0,-8911.538107,0.0
2019-02-14,0,0,104,3.9,3.9,0.0,-1654.999934,0.0
2019-02-14,0,0,106,0.0,0.0,0.0,0.0,0.0
2019-02-14,0,0,109,200.0,200.0,0.0,1174.469772,0.0
2019-02-14,0,0,110,338.6,338.6,0.0,-338600.0,0.0
2019-02-14,0,0,111,0.0,0.0,0.0,0.0,0.0
2019-02-14,0,0,113,150.0,150.0,0.0,-41622.990257,0.0
2019-02-14,0,0,115,150.0,150.0,0.0,-41622.990257,0.0
2019-02-14,0,0,116,0.0,0.0,0.0,-0.0,0.0
2019-02-14,0,0,117,10.0,10.0,0.0,-2774.866017,0.0
2019-02-14,0,0,119,200.0,200.0,0.0,18190.410413,0.0
2019-02-14,0,0,120,117.6,117.6,0.0,10695.961323,0.0
2019-02-14,0,0,123,0.0,0.0,0.0,0.0,0.0
2019-02-14,0,0,125,174.2,174.2,0.0,1072.349642,0.0
2019-02-14,0,0,126,0.0,0.0,0.0,0.0,0.0
2019-02-14,0,0,127,0.0,0.0,0.0,0.0,0.0
2019-02-14,0,0,128,249.5,249.5,0.0,1535.885394,0.0
2019-02-14,0,0,131,30.0,30.0,0.0,-11595.436685,0.0
2019-02-14,0,0,132,44.1,44.1,0.0,-17045.291927,0.0
2019-02-14,0,0,133,120.99,120.99,0.0,682.208038,0.0
2019-02-14,0,0,134,0.0,0.0,0.0,0.0,0.0
2019-02-14,0,0,135,162.12,162.12,0.0,914.121556,0.0
2019-02-14,0,0,136,18.16,18.16,0.0,102.472509,0.0
2019-02-14,0,0,139,149.8,149.8,0.0,896.5677,0.0
2019-02-14,0,0,140,250.6,250.6,0.0,-250600.0,0.0
2019-02-14,0,0,141,230.0,230.0,0.0,-130194.159413,0.0
2019-02-14,0,0,142,0.0,0.0,0.0,-0.0,0.0
2019-02-14,0,0,143,74.11,74.11,0.0,456.45324,0.0
2019-02-14,0,0,145,30.0,30.0,0.0,181.580467,0.0
2019-02-14,0,0,146,268.0,268.0,0.0,-268000.0,0.0
2019-02-14,0,0,152,0.0,0.0,0.0,0.0,0.0
2019-02-14,0,0,153,0.0,0.0,0.0,0.0,0.0
2019-02-14,0,0,154,0.0,0.0,0.0,0.0,0.0
2019-02-14,0,0,157,250.0,250.0,0.0,-141515.390667,0.0
2019-02-14,0,0,158,0.0,0.0,0.0,-0.0,0.0
2019-02-14,0,0,159,0.0,0.0,0.0,0.0,0.0
2019-02-14,0,0,160,0.0,0.0,0.0,0.0,0.0
2019-02-14,0,0,161,0.0,0.0,0.0,-0.0,0.0
2019-02-14,0,0,162,48.75,48.75,0.0,986.654268,0.0
2019-02-14,0,0,163,185.4,185.4,0.0,-185400.0,0.0
2019-02-14,0,0,164,0.0,0.0,0.0,0.0,0.0
2019-02-14,0,0,167,0.0,0.0,0.0,0.0,0.0
2019-02-14,0,0,168,0.0,0.0,0.0,0.0,0.0
2019-02-14,0,0,169,0.0,0.0,0.0,0.0,0.0
2019-02-14,0,0,170,0.0,0.0,0.0,0.0,0.0
2019-02-14,0,0,172,0.0,0.0,0.0,0.0,0.0
2019-02-14,0,0,173,0.0,0.0,0.0,0.0,0.0
2019-02-14,0,0,188,0.0,0.0,0.0,0.0,0.0
2019-02-14,0,0,190,0.0,0.0,0.0,0.0,0.0
2019-02-14,0,0,191,0.0,0.0,0.0,0.0,0.0
2019-02-14,0,0,192,332.6,332.6,0.0,10785.405497,0.0
2019-02-14,0,0,194,176.5,176.5,0.0,-25597.32888,0.0
2019-02-14,0,0,196,0.0,0.0,0.0,0.0,0.0
2019-02-14,0,0,198,0.0,0.0,0.0,0.0,0.0
2019-02-14,0,0,199,39.0,39.0,0.0,-1466.136359,0.0
2019-02-14,0,0,200,0.0,0.0,0.0,-0.0,0.0
2019-02-14,0,0,204,857.0,857.0,0.0,5043.681574,0.0
2019-02-14,0,0,205,1058.0,1058.0,0.0,6212.945095,0.0
2019-02-14,0,0,206,539.94,539.94,0.0,3327.411398,0.0
2019-02-14,0,0,210,0.0,0.0,0.0,0.0,0.0
2019-02-14,0,0,214,0.0,0.0,0.0,0.0,0.0
2019-02-14,0,0,217,0.0,0.0,0.0,0.0,0.0
2019-02-14,0,0,218,0.0,0.0,0.0,0.0,0.0
2019-02-14,0,0,219,0.0,0.0,0.0,0.0,0.0
2019-02-14,0,0,221,0.0,0.0,0.0,0.0,0.0
2019-02-14,0,0,225,0.0,0.0,0.0,0.0,0.0
2019-02-14,0,0,233,0.0,0.0,0.0,0.0,0.0
2019-02-14,0,0,236,40.74,40.74,0.0,231.765286,0.0
2019-02-14,0,0,237,38.03,38.03,0.0,218.542648,0.0
2019-02-14,0,0,238,0.0,0.0,0.0,0.0,0.0
2019-02-14,0,0,240,0.0,0.0,0.0,0.0,0.0
2019-02-14,0,0,245,134.58,134.58,0.0,757.069103,0.0
2019-02-14,0,0,247,56.56,56.56,0.0,318.173788,0.0
2019-02-14,0,0,248,3.82,3.82,0.0,21.951957,0.0
2019-02-14,0,0,249,252.13,252.13,0.0,1418.337293,0.0
2019-02-14,0,0,251,127.59,127.59,0.0,720.701533,0.0
2019-02-14,0,0,252,75.29,75.29,0.0,424.828203,0.0
2019-02-14,0,0,254,0.0,0.0,0.0,0.0,0.0
2019-02-14,0,0,255,0.0,0.0,0.0,0.0,0.0
2019-02-14,0,0,258,0.0,0.0,0.0,0.0,0.0
2019-02-14,0,0,260,0.0,0.0,0.0,0.0,0.0
2019-02-14,0,0,265,0.0,0.0,0.0,0.0,0.0
2019-02-14,0,0,266,97.0,97.0,0.0,580.554519,0.0
2019-02-14,0,0,267,119.2,119.2,0.0,713.423697,0.0
2019-02-14,0,0,270,579.0,579.0,0.0,-579000.0,0.0
2019-02-14,0,0,272,501.3,501.3,0.0,-139104.033439,0.0
2019-02-14,0,0,273,0.0,0.0,0.0,-0.0,0.0
2019-02-14,0,0,274,746.4,746.4,0.0,-746400.0,0.0
2019-02-14,0,0,275,1039.0,1039.0,0.0,-1039000.0,0.0
2019-02-14,0,0,276,0.0,0.0,0.0,-0.0,0.0
2019-02-14,0,0,277,0.0,0.0,0.0,-0.0,0.0
2019-02-14,0,0,278,0.0,0.0,0.0,-0.0,0.0
2019-02-14,0,0,279,264.6,264.6,0.0,-76490.756978,0.0
2019-02-14,0,0,281,8.83,8.83,0.0,54.385132,0.0
2019-02-14,0,0,282,0.0,0.0,0.0,0.0,0.0
2019-02-14,1,0,9,0.0,0.0,0.0,0.0,0.0
2019-02-14,1,0,17,0.0,0.0,0.0,0.0,0.0
2019-02-14,1,0,19,580.62,580.62,0.0,3274.054726,0.0
2019-02-14,1,0,20,704.18,704.18,0.0,3970.796488,0.0
2019-02-14,1,0,21,0.0,0.0,0.0,0.0,0.0
2019-02-14,1,0,22,0.0,0.0,0.0,0.0,0.0
2019-02-14,1,0,23,108.8,108.8,0.0,669.756837,0.0
2019-02-14,1,0,24,192.5,192.5,0.0,1185.001757,0.0
2019-02-14,1,0,29,0.0,0.0,0.0,0.0,0.0
2019-02-14,1,0,30,0.0,0.0,0.0,0.0,0.0
2019-02-14,1,0,31,42.97,42.97,0.0,264.657883,0.0
2019-02-14,1,0,32,0.0,0.0,0.0,0.0,0.0
2019-02-14,1,0,33,0.0,0.0,0.0,0.0,0.0
2019-02-14,1,0,34,0.0,0.0,0.0,0.0,0.0
2019-02-14,1,0,35,0.0,0.0,0.0,0.0,0.0
2019-02-14,1,0,36,0.0,0.0,0.0,0.0,0.0
2019-02-14,1,0,37,0.0,0.0,0.0,0.0,0.0
2019-02-14,1,0,38,0.0,0.0,0.0,0.0,0.0
2019-02-14,1,0,39,0.0,0.0,0.0,0.0,0.0
2019-02-14,1,0,40,0.0,0.0,0.0,0.0,0.0
2019-02-14,1,0,41,116.0,116.0,0.0,694.271383,0.0
2019-02-14,1,0,42,0.0,0.0,0.0,0.0,0.0
2019-02-14,1,0,43,0.0,0.0,0.0,0.0,0.0
2019-02-14,1,0,46,0.0,0.0,0.0,0.0,0.0
2019-02-14,1,0,52,45.75,45.75,0.0,281.780269,0.0
2019-02-14,1,0,53,74.78,74.78,0.0,460.579858,0.0
2019-02-14,1,0,55,330.99,330.99,0.0,2037.525879,0.0
2019-02-14,1,0,56,0.0,0.0,0.0,0.0,0.0
2019-02-14,1,0,57,0.0,0.0,0.0,0.0,0.0
2019-02-14,1,0,58,0.0,0.0,0.0,0.0,0.0
2019-02-14,1,0,59,0.0,0.0,0.0,0.0,0.0
2019-02-14,1,0,63,170.0,170.0,0.0,14903.40593,0.0
2019-02-14,1,0,64,200.0,200.0,0.0,17533.418741,0.0
2019-02-14,1,0,65,8.35,8.35,0.0,47.115361,0.0
2019-02-14,1,0,67,0.0,0.0,0.0,-0.0,0.0
2019-02-14,1,0,68,10.2,10.2,0.0,-4345.205849,0.0
2019-02-14,1,0,69,0.0,0.0,0.0,0.0,0.0
2019-02-14,1,0,74,13.54,13.54,0.0,77.808768,0.0
2019-02-14,1,0,77,200.0,200.0,0.0,-61676.740892,0.0
2019-02-14,1,0,78,151.2,151.2,0.0,-46627.616115,0.0
2019-02-14,1,0,79,87.5,87.5,0.0,-26983.57414,0.0
2019-02-14,1,0,80,141.5,141.5,0.0,-43636.294181,0.0
2019-02-14,1,0,81,185.0,185.0,0.0,-57050.985325,0.0
2019-02-14,1,0,82,130.5,130.5,0.0,-40244.073432,0.0
2019-02-14,1,0,83,291.0,291.0,0.0,-89739.657998,0.0
2019-02-14,1,0,84,0.0,0.0,0.0,-0.0,0.0
2019-02-14,1,0,86,0.0,0.0,0.0,0.0,0.0
2019-02-14,1,0,87,0.0,0.0,0.0,0.0,0.0
2019-02-14,1,0,88,170.6,170.6,0.0,-52610.259981,0.0
2019-02-14,1,0,89,164.0,164.0,0.0,-50574.927532,0.0
2019-02-14,1,0,90,220.2,220.2,0.0,-67906.091723,0.0
2019-02-14,1,0,91,785.5,785.5,0.0,-242235.399855,0.0
2019-02-14,1,0,92,282.5,282.5,0.0,-87118.396511,0.0
2019-02-14,1,0,95,88.63,88.63,0.0,1460.18081,0.0
2019-02-14,1,0,96,29.88,29.88,0.0,184.137224,0.0
2019-02-14,1,0,97,183.75,183.75,0.0,1132.369975,0.0
2019-02-14,1,0,99,2.61,2.61,0.0,14.998588,0.0
2019-02-14,1,0,101,0.0,0.0,0.0,0.0,0.0
2019-02-14,1,0,102,24.15,24.15,0.0,-10287.913848,0.0
2019-02-14,1,0,103,21.0,21.0,0.0,-8946.012042,0.0
2019-02-14,1,0,104,3.9,3.9,0.0,-1661.402236,0.0
2019-02-14,1,0,106,0.0,0.0,0.0,0.0,0.0
2019-02-14,1,0,109,200.0,200.0,0.0,1174.469772,0.0
2019-02-14,1,0,110,338.6,338.6,0.0,-338600.0,0.0
2019-02-14,1,0,111,0.0,0.0,0.0,0.0,0.0
2019-02-14,1,0,113,84.36,84.36,0.0,-23582.579115,0.0
2019-02-14,1,0,115,84.36,84.36,0.0,-23582.579115,0.0
2019-02-14,1,0,116,0.0,0.0,0.0,-0.0,0.0
2019-02-14,1,0,117,5.76,5.76,0.0,-1610.190324,0.0
2019-02-14,1,0,119,200.0,200.0,0.0,17533.418741,0.0
2019-02-14,1,0,120,117.6,117.6,0.0,10309.65022,0.0
2019-02-14,1,0,123,0.0,0.0,0.0,0.0,0.0
2019-02-14,1,0,125,174.2,174.2,0.0,1072.349642,0.0
2019-02-14,1,0,126,0.0,0.0,0.0,0.0,0.0
2019-02-14,1,0,127,0.0,0.0,0.0,0.0,0.0
2019-02-14,1,0,128,249.5,249.5,0.0,1535.885394,0.0
2019-02-14,1,0,131,30.0,30.0,0.0,-11647.922909,0.0
2019-02-14,1,0,132,44.1,44.1,0.0,-17122.446677,0.0
2019-02-14,1,0,133,102.51,102.51,0.0,578.007653,0.0
2019-02-14,1,0,134,0.0,0.0,0.0,0.0,0.0
2019-02-14,1,0,135,137.36,137.36,0.0,774.511084,0.0
2019-02-14,1,0,136,15.28,15.28,0.0,86.221362,0.0
2019-02-14,1,0,139,149.8,149.8,0.0,896.5677,0.0
2019-02-14,1,0,140,250.6,250.6,0.0,-250600.0,0.0
2019-02-14,1,0,141,230.0,230.0,0.0,-130478.7862,0.0
2019-02-14,1,0,142,0.0,0.0,0.0,-0.0,0.0
2019-02-14,1,0,143,103.85,103.85,0.0,639.625813,0.0
2019-02-14,1,0,145,30.0,30.0,0.0,181.580467,0.0
2019-02-14,1,0,146,268.0,268.0,0.0,-268000.0,0.0
2019-02-14,1,0,152,0.0,0.0,0.0,0.0,0.0
2019-02-14,1,0,153,0.0,0.0,0.0,0.0,0.0
2019-02-14,1,0,154,0.0,0.0,0.0,0.0,0.0
2019-02-14,1,0,157,250.0,250.0,0.0,-141824.767609,0.0
2019-02-14,1,0,158,0.0,0.0,0.0,-0.0,0.0
2019-02-14,1,0,159,0.0,0.0,0.0,0.0,0.0
2019-02-14,1,0,160,0.0,0.0,0.0,0.0,0.0
2019-02-14,1,0,161,0.0,0.0,0.0,-0.0,0.0
2019-02-14,1,0,162,48.75,48.75,0.0,841.531325,0.0
2019-02-14,1,0,163,185.4,185.4,0.0,-185400.0,0.0
2019-02-14,1,0,164,0.0,0.0,0.0,0.0,0.0
2019-02-14,1,0,167,0.0,0.0,0.0,0.0,0.0
2019-02-14,1,0,168,0.0,0.0,0.0,0.0,0.0
2019-02-14,1,0,169,0.0,0.0,0.0,0.0,0.0
2019-02-14,1,0,170,0.0,0.0,0.0,0.0,0.0
2019-02-14,1,0,172,0.0,0.0,0.0,-0.0,0.0
2019-02-14,1,0,173,0.0,0.0,0.0,-0.0,0.0
2019-02-14,1,0,188,0.0,0.0,0.0,0.0,0.0
2019-02-14,1,0,190,0.0,0.0,0.0,0.0,0.0
2019-02-14,1,0,191,0.0,0.0,0.0,0.0,0.0
2019-02-14,1,0,192,332.6,332.6,0.0,10785.405497,0.0
2019-02-14,1,0,194,176.5,176.5,0.0,-26027.616918,0.0
2019-02-14,1,0,196,0.0,0.0,0.0,0.0,0.0
2019-02-14,1,0,198,0.0,0.0,0.0,0.0,0.0
2019-02-14,1,0,199,95.96,95.96,0.0,-3674.03313,0.0
2019-02-14,1,0,200,0.0,0.0,0.0,-0.0,0.0
2019-02-14,1,0,204,857.0,857.0,0.0,5043.681574,0.0
2019-02-14,1,0,205,1058.0,1058.0,0.0,6212.945095,0.0
2019-02-14,1,0,206,539.94,539.94,0.0,3327.411398,0.0
2019-02-14,1,0,210,0.0,0.0,0.0,0.0,0.0
2019-02-14,1,0,214,0.0,0.0,0.0,0.0,0.0
2019-02-14,1,0,217,0.0,0.0,0.0,0.0,0.0
2019-02-14,1,0,218,0.0,0.0,0.0,0.0,0.0
2019-02-14,1,0,219,0.0,0.0,0.0,0.0,0.0
2019-02-14,1,0,221,0.0,0.0,0.0,0.0,0.0
2019-02-14,1,0,225,0.0,0.0,0.0,0.0,0.0
2019-02-14,1,0,233,0.0,0.0,0.0,0.0,0.0
2019-02-14,1,0,236,29.82,29.82,0.0,169.642632,0.0
2019-02-14,1,0,237,32.48,32.48,0.0,186.649098,0.0
2019-02-14,1,0,238,0.0,0.0,0.0,0.0,0.0
2019-02-14,1,0,240,0.0,0.0,0.0,0.0,0.0
2019-02-14,1,0,245,49.57,49.57,0.0,278.852099,0.0
2019-02-14,1,0,247,39.77,39.77,0.0,223.722977,0.0
2019-02-14,1,0,248,3.26,3.26,0.0,18.733869,0.0
2019-02-14,1,0,249,95.34,95.34,0.0,536.327599,0.0
2019-02-14,1,0,251,100.29,100.29,0.0,566.495468,0.0
2019-02-14,1,0,252,53.83,53.83,0.0,303.738905,0.0
2019-02-14,1,0,254,0.0,0.0,0.0,0.0,0.0
2019-02-14,1,0,255,0.0,0.0,0.0,0.0,0.0
2019-02-14,1,0,258,0.0,0.0,0.0,0.0,0.0
2019-02-14,1,0,260,0.0,0.0,0.0,0.0,0.0
2019-02-14,1,0,265,0.0,0.0,0.0,0.0,0.0
2019-02-14,1,0,266,97.0,97.0,0.0,580.554519,0.0
2019-02-14,1,0,267,119.2,119.2,0.0,713.423697,0.0
2019-02-14,1,0,270,579.0,579.0,0.0,-579000.0,0.0
2019-02-14,1,0,272,281.35,281.35,0.0,-78650.529091,0.0
2019-02-14,1,0,273,0.0,0.0,0.0,-0.0,0.0
2019-02-14,1,0,274,746.4,746.4,0.0,-746400.0,0.0
2019-02-14,1,0,275,1039.0,1039.0,0.0,-1039000.0,0.0
2019-02-14,1,0,276,0.0,0.0,0.0,-0.0,0.0
2019-02-14,1,0,277,0.0,0.0,0.0,-0.0,0.0
2019-02-14,1,0,278,0.0,0.0,0.0,-0.0,0.0
2019-02-14,1,0,279,264.6,264.6,0.0,-77027.192399,0.0
2019-02-14,1,0,281,17.74,17.74,0.0,109.262994,0.0
2019-02-14,1,0,282,0.0,0.0,0.0,0.0,0.0
2019-02-14,2,0,9,0.0,0.0,0.0,0.0,0.0
2019-02-14,2,0,17,0.0,0.0,0.0,0.0,0.0
2019-02-14,2,0,19,492.16,492.16,0.0,3299.911618,0.0
2019-02-14,2,0,20,596.89,596.89,0.0,4002.121761,0.0
2019-02-14,2,0,21,0.0,0.0,0.0,0.0,0.0
2019-02-14,2,0,22,0.0,0.0,0.0,0.0,0.0
2019-02-14,2,0,23,108.8,108.8,0.0,1187.755683,0.0
2019-02-14,2,0,24,192.5,192.5,0.0,2101.497876,0.0
2019-02-14,2,0,29,0.0,0.0,0.0,0.0,0.0
2019-02-14,2,0,30,0.0,0.0,0.0,0.0,0.0
2019-02-14,2,0,31,18.51,18.51,0.0,202.565699,0.0
2019-02-14,2,0,32,0.0,0.0,0.0,0.0,0.0
2019-02-14,2,0,33,0.0,0.0,0.0,0.0,0.0
2019-02-14,2,0,34,0.0,0.0,0.0,0.0,0.0
2019-02-14,2,0,35,0.0,0.0,0.0,0.0,0.0
2019-02-14,2,0,36,0.0,0.0,0.0,0.0,0.0
2019-02-14,2,0,37,0.0,0.0,0.0,0.0,0.0
2019-02-14,2,0,38,0.0,0.0,0.0,0.0,0.0
2019-02-14,2,0,39,0.0,0.0,0.0,0.0,0.0
2019-02-14,2,0,40,0.0,0.0,0.0,0.0,0.0
2019-02-14,2,0,41,116.0,116.0,0.0,1104.975119,0.0
2019-02-14,2,0,42,0.0,0.0,0.0,0.0,0.0
2019-02-14,2,0,43,0.0,0.0,0.0,0.0,0.0
2019-02-14,2,0,46,0.0,0.0,0.0,0.0,0.0
2019-02-14,2,0,52,19.62,19.62,0.0,214.713075,0.0
2019-02-14,2,0,53,31.18,31.18,0.0,341.220881,0.0
2019-02-14,2,0,55,355.43,355.43,0.0,3880.183845,0.0
2019-02-14,2,0,56,0.0,0.0,0.0,0.0,0.0
2019-02-14,2,0,57,0.0,0.0,0.0,0.0,0.0
2019-02-14,2,0,58,0.0,0.0,0.0,0.0,0.0
2019-02-14,2,0,59,0.0,0.0,0.0,0.0,0.0
2019-02-14,2,0,63,170.0,170.0,0.0,14321.401915,0.0
2019-02-14,2,0,64,200.0,200.0,0.0,16848.708135,0.0
2019-02-14,2,0,65,7.66,7.66,0.0,51.588639,0.0
2019-02-14,2,0,67,0.0,0.0,0.0,-0.0,0.0
2019-02-14,2,0,68,10.2,10.2,0.0,-4370.978632,0.0
2019-02-14,2,0,69,0.0,0.0,0.0,0.0,0.0
2019-02-14,2,0,74,11.03,11.03,0.0,83.633546,0.0
2019-02-14,2,0,77,200.0,200.0,0.0,-62315.893567,0.0
2019-02-14,2,0,78,151.2,151.2,0.0,-47110.815536,0.0
2019-02-14,2,0,79,87.5,87.5,0.0,-27263.203435,0.0
2019-02-14,2,0,80,141.5,141.5,0.0,-44088.494698,0.0
2019-02-14,2,0,81,185.0,185.0,0.0,-57642.201549,0.0
2019-02-14,2,0,82,130.5,130.5,0.0,-40661.120552,0.0
2019-02-14,2,0,83,291.0,291.0,0.0,-90669.625139,0.0
2019-02-14,2,0,84,0.0,0.0,0.0,-0.0,0.0
2019-02-14,2,0,86,0.0,0.0,0.0,0.0,0.0
2019-02-14,2,0,87,0.0,0.0,0.0,0.0,0.0
2019-02-14,2,0,88,170.6,170.6,0.0,-53155.457212,0.0
2019-02-14,2,0,89,164.0,164.0,0.0,-51099.032725,0.0
2019-02-14,2,0,90,220.2,220.2,0.0,-68609.798817,0.0
2019-02-14,2,0,91,785.5,785.5,0.0,-244745.671983,0.0
2019-02-14,2,0,92,282.5,282.5,0.0,-88021.199663,0.0
2019-02-14,2,0,95,36.0,36.0,0.0,484.785925,0.0
2019-02-14,2,0,96,29.88,29.88,0.0,327.828303,0.0
2019-02-14,2,0,97,183.75,183.75,0.0,2016.012406,0.0
2019-02-14,2,0,99,2.13,2.13,0.0,16.150449,0.0
2019-02-14,2,0,101,0.0,0.0,0.0,0.0,0.0
2019-02-14,2,0,102,24.15,24.15,0.0,-10348.934703,0.0
2019-02-14,2,0,103,21.0,21.0,0.0,-8999.073655,0.0
2019-02-14,2,0,104,3.9,3.9,0.0,-1671.256536,0.0
2019-02-14,2,0,106,0.0,0.0,0.0,0.0,0.0
2019-02-14,2,0,109,195.26,195.26,0.0,1680.607687,0.0
2019-02-14,2,0,110,338.6,338.6,0.0,-338600.0,0.0
2019-02-14,2,0,111,0.0,0.0,0.0,0.0,0.0
2019-02-14,2,0,113,92.76,92.76,0.0,-26192.903579,0.0
2019-02-14,2,0,115,92.76,92.76,0.0,-26192.903579,0.0
2019-02-14,2,0,116,0.0,0.0,0.0,-0.0,0.0
2019-02-14,2,0,117,4.96,4.96,0.0,-1400.56923,0.0
2019-02-14,2,0,119,200.0,200.0,0.0,16848.708135,0.0
2019-02-14,2,0,120,117.6,117.6,0.0,9907.040383,0.0
2019-02-14,2,0,123,0.0,0.0,0.0,0.0,0.0
2019-02-14,2,0,125,174.2,174.2,0.0,1901.719117,0.0
2019-02-14,2,0,126,0.0,0.0,0.0,0.0,0.0
2019-02-14,2,0,127,0.0,0.0,0.0,0.0,0.0
2019-02-14,2,0,128,249.5,249.5,0.0,2723.759585,0.0
2019-02-14,2,0,131,30.0,30.0,0.0,-11728.708688,0.0
2019-02-14,2,0,132,44.1,44.1,0.0,-17241.201772,0.0
2019-02-14,2,0,133,83.41,83.41,0.0,559.025866,0.0
2019-02-14,2,0,134,0.0,0.0,0.0,0.0,0.0
2019-02-14,2,0,135,111.76,111.76,0.0,749.03166,0.0
2019-02-14,2,0,136,14.85,14.85,0.0,100.036254,0.0
2019-02-14,2,0,139,149.8,149.8,0.0,1426.942007,0.0
2019-02-14,2,0,140,250.6,250.6,0.0,-250600.0,0.0
2019-02-14,2,0,141,230.0,230.0,0.0,-130916.878234,0.0
2019-02-14,2,0,142,0.0,0.0,0.0,-0.0,0.0
2019-02-14,2,0,143,53.68,53.68,0.0,587.451471,0.0
2019-02-14,2,0,145,30.0,30.0,0.0,302.288638,0.0
2019-02-14,2,0,146,268.0,268.0,0.0,-268000.0,0.0
2019-02-14,2,0,152,0.0,0.0,0.0,0.0,0.0
2019-02-14,2,0,153,0.0,0.0,0.0,0.0,0.0
2019-02-14,2,0,154,0.0,0.0,0.0,0.0,0.0
2019-02-14,2,0,157,250.0,250.0,0.0,-142300.954602,0.0
2019-02-14,2,0,158,0.0,0.0,0.0,-0.0,0.0
2019-02-14,2,0,159,0.0,0.0,0.0,0.0,0.0
2019-02-14,2,0,160,0.0,0.0,0.0,0.0,0.0
2019-02-14,2,0,161,0.0,0.0,0.0,-0.0,0.0
2019-02-14,2,0,162,48.75,48.75,0.0,694.578412,0.0
2019-02-14,2,0,163,185.4,185.4,0.0,-185400.0,0.0
2019-02-14,2,0,164,0.0,0.0,0.0,0.0,0.0
2019-02-14,2,0,167,0.0,0.0,0.0,0.0,0.0
2019-02-14,2,0,168,0.0,0.0,0.0,0.0,0.0
2019-02-14,2,0,169,0.0,0.0,0.0,0.0,0.0
2019-02-14,2,0,170,0.0,0.0,0.0,0.0,0.0
2019-02-14,2,0,172,0.0,0.0,0.0,-0.0,0.0
2019-02-14,2,0,173,0.0,0.0,0.0,-0.0,0.0
2019-02-14,2,0,188,0.0,0.0,0.0,-0.0,0.0
2019-02-14,2,0,190,0.0,0.0,0.0,0.0,0.0
2019-02-14,2,0,191,0.0,0.0,0.0,0.0,0.0
2019-02-14,2,0,192,332.6,332.6,0.0,10785.405497,0.0
2019-02-14,2,0,194,176.5,176.5,0.0,-26547.196934,0.0
2019-02-14,2,0,196,0.0,0.0,0.0,0.0,0.0
2019-02-14,2,0,198,0.0,0.0,0.0,0.0,0.0
2019-02-14,2,0,199,39.0,39.0,0.0,-1593.240045,0.0
2019-02-14,2,0,200,0.0,0.0,0.0,-0.0,0.0
2019-02-14,2,0,204,857.0,857.0,0.0,7466.483055,0.0
2019-02-14,2,0,205,958.56,958.56,0.0,8250.349813,0.0
2019-02-14,2,0,206,539.94,539.94,0.0,5923.949597,0.0
2019-02-14,2,0,210,0.0,0.0,0.0,0.0,0.0
2019-02-14,2,0,214,0.0,0.0,0.0,0.0,0.0
2019-02-14,2,0,217,0.0,0.0,0.0,0.0,0.0
2019-02-14,2,0,218,0.0,0.0,0.0,0.0,0.0
2019-02-14,2,0,219,0.0,0.0,0.0,0.0,0.0
2019-02-14,2,0,221,0.0,0.0,0.0,0.0,0.0
2019-02-14,2,0,225,0.0,0.0,0.0,0.0,0.0
2019-02-14,2,0,233,0.0,0.0,0.0,0.0,0.0
2019-02-14,2,0,236,19.82,19.82,0.0,140.965364,0.0
2019-02-14,2,0,237,26.47,26.47,0.0,200.705346,0.0
2019-02-14,2,0,238,0.0,0.0,0.0,0.0,0.0
2019-02-14,2,0,240,0.0,0.0,0.0,0.0,0.0
2019-02-14,2,0,245,37.0,37.0,0.0,244.021708,0.0
2019-02-14,2,0,247,28.06,28.06,0.0,185.060787,0.0
2019-02-14,2,0,248,2.66,2.66,0.0,20.169105,0.0
2019-02-14,2,0,249,71.14,71.14,0.0,469.181197,0.0
2019-02-14,2,0,251,81.8,81.8,0.0,554.916622,0.0
2019-02-14,2,0,252,49.4,49.4,0.0,332.699578,0.0
2019-02-14,2,0,254,0.0,0.0,0.0,0.0,0.0
2019-02-14,2,0,255,0.0,0.0,0.0,0.0,0.0
2019-02-14,2,0,258,0.0,0.0,0.0,0.0,0.0
2019-02-14,2,0,260,0.0,0.0,0.0,0.0,0.0
2019-02-14,2,0,265,0.0,0.0,0.0,0.0,0.0
2019-02-14,2,0,266,97.0,97.0,0.0,923.987815,0.0
2019-02-14,2,0,267,119.2,119.2,0.0,1135.457191,0.0
2019-02-14,2,0,270,579.0,579.0,0.0,-579000.0,0.0
2019-02-14,2,0,272,400.13,400.13,0.0,-112985.839898,0.0
2019-02-14,2,0,273,0.0,0.0,0.0,-0.0,0.0
2019-02-14,2,0,274,746.39,746.39,0.0,-746390.0,0.0
2019-02-14,2,0,275,1038.99,1038.99,0.0,-1038990.0,0.0
2019-02-14,2,0,276,0.0,0.0,0.0,-0.0,0.0
2019-02-14,2,0,277,0.0,0.0,0.0,-0.0,0.0
2019-02-14,2,0,278,0.0,0.0,0.0,-0.0,0.0
2019-02-14,2,0,279,264.6,264.6,0.0,-77814.161123,0.0
2019-02-14,2,0,281,8.31,8.31,0.0,90.941165,0.0
2019-02-14,2,0,282,0.0,0.0,0.0,0.0,0.0
2019-02-14,3,0,9,0.0,0.0,0.0,0.0,0.0
2019-02-14,3,0,17,0.0,0.0,0.0,0.0,0.0
2019-02-14,3,0,19,411.51,411.51,0.0,2862.104799,0.0
2019-02-14,3,0,20,499.09,499.09,0.0,3471.234925,0.0
2019-02-14,3,0,21,0.0,0.0,0.0,0.0,0.0
2019-02-14,3,0,22,0.0,0.0,0.0,0.0,0.0
2019-02-14,3,0,23,108.8,108.8,0.0,1232.709865,0.0
2019-02-14,3,0,24,192.5,192.5,0.0,2181.035377,0.0
2019-02-14,3,0,29,0.0,0.0,0.0,0.0,0.0
2019-02-14,3,0,30,0.0,0.0,0.0,0.0,0.0
2019-02-14,3,0,31,18.0,18.0,0.0,204.440352,0.0
2019-02-14,3,0,32,0.0,0.0,0.0,0.0,0.0
2019-02-14,3,0,33,0.0,0.0,0.0,0.0,0.0
2019-02-14,3,0,34,0.0,0.0,0.0,0.0,0.0
2019-02-14,3,0,35,0.0,0.0,0.0,0.0,0.0
2019-02-14,3,0,36,0.0,0.0,0.0,0.0,0.0
2019-02-14,3,0,37,0.0,0.0,0.0,0.0,0.0
2019-02-14,3,0,38,0.0,0.0,0.0,0.0,0.0
2019-02-14,3,0,39,0.0,0.0,0.0,0.0,0.0
2019-02-14,3,0,40,0.0,0.0,0.0,0.0,0.0
2019-02-14,3,0,41,116.0,116.0,0.0,1146.658362,0.0
2019-02-14,3,0,42,0.0,0.0,0.0,0.0,0.0
2019-02-14,3,0,43,0.0,0.0,0.0,0.0,0.0
2019-02-14,3,0,46,0.0,0.0,0.0,0.0,0.0
2019-02-14,3,0,52,19.08,19.08,0.0,216.706773,0.0
2019-02-14,3,0,53,30.3,30.3,0.0,344.14126,0.0
2019-02-14,3,0,55,322.24,322.24,0.0,3650.996571,0.0
2019-02-14,3,0,56,0.0,0.0,0.0,0.0,0.0
2019-02-14,3,0,57,0.0,0.0,0.0,0.0,0.0
2019-02-14,3,0,58,0.0,0.0,0.0,0.0,0.0
2019-02-14,3,0,59,0.0,0.0,0.0,0.0,0.0
2019-02-14,3,0,63,170.0,170.0,0.0,15909.960318,0.0
2019-02-14,3,0,64,200.0,200.0,0.0,18717.600374,0.0
2019-02-14,3,0,65,7.05,7.05,0.0,49.252258,0.0
2019-02-14,3,0,67,0.0,0.0,0.0,-0.0,0.0
2019-02-14,3,0,68,10.2,10.2,0.0,-4324.583604,0.0
2019-02-14,3,0,69,0.0,0.0,0.0,0.0,0.0
2019-02-14,3,0,74,9.64,9.64,0.0,75.833056,0.0
2019-02-14,3,0,77,200.0,200.0,0.0,-61221.0817,0.0
2019-02-14,3,0,78,151.2,151.2,0.0,-46283.137765,0.0
2019-02-14,3,0,79,87.5,87.5,0.0,-26784.223244,0.0
2019-02-14,3,0,80,141.5,141.5,0.0,-43313.915302,0.0
2019-02-14,3,0,81,185.0,185.0,0.0,-56629.500572,0.0
2019-02-14,3,0,82,130.5,130.5,0.0,-39946.755809,0.0
2019-02-14,3,0,83,291.0,291.0,0.0,-89076.673873,0.0
2019-02-14,3,0,84,0.0,0.0,0.0,-0.0,0.0
2019-02-14,3,0,86,0.0,0.0,0.0,0.0,0.0
2019-02-14,3,0,87,0.0,0.0,0.0,0.0,0.0
2019-02-14,3,0,88,170.6,170.6,0.0,-52221.58269,0.0
2019-02-14,3,0,89,164.0,164.0,0.0,-50201.286994,0.0
2019-02-14,3,0,90,220.2,220.2,0.0,-67404.410951,0.0
2019-02-14,3,0,91,785.5,785.5,0.0,-240445.798375,0.0
2019-02-14,3,0,92,282.5,282.5,0.0,-86474.777901,0.0
2019-02-14,3,0,95,36.0,36.0,0.0,807.470518,0.0
2019-02-14,3,0,96,29.88,29.88,0.0,340.237344,0.0
2019-02-14,3,0,97,183.75,183.75,0.0,2092.323027,0.0
2019-02-14,3,0,99,1.86,1.86,0.0,14.631689,0.0
2019-02-14,3,0,101,0.0,0.0,0.0,0.0,0.0
2019-02-14,3,0,102,24.15,24.15,0.0,-10239.08765,0.0
2019-02-14,3,0,103,21.0,21.0,0.0,-8903.554478,0.0
2019-02-14,3,0,104,3.9,3.9,0.0,-1653.51726,0.0
2019-02-14,3,0,106,0.0,0.0,0.0,0.0,0.0
2019-02-14,3,0,109,200.0,200.0,0.0,1786.162093,0.0
2019-02-14,3,0,110,338.6,338.6,0.0,-338600.0,0.0
2019-02-14,3,0,111,0.0,0.0,0.0,0.0,0.0
2019-02-14,3,0,113,78.82,78.82,0.0,-21805.466687,0.0
2019-02-14,3,0,115,78.82,78.82,0.0,-21805.466687,0.0
2019-02-14,3,0,116,0.0,0.0,0.0,-0.0,0.0
2019-02-14,3,0,117,4.05,4.05,0.0,-1120.428065,0.0
2019-02-14,3,0,119,200.0,200.0,0.0,18717.600374,0.0
2019-02-14,3,0,120,117.6,117.6,0.0,11005.94902,0.0
2019-02-14,3,0,123,0.0,0.0,0.0,0.0,0.0
2019-02-14,3,0,125,174.2,174.2,0.0,1973.695391,0.0
2019-02-14,3,0,126,0.0,0.0,0.0,0.0,0.0
2019-02-14,3,0,127,0.0,0.0,0.0,0.0,0.0
2019-02-14,3,0,128,249.5,249.5,0.0,2826.84845,0.0
2019-02-14,3,0,131,30.0,30.0,0.0,-11583.281689,0.0
2019-02-14,3,0,132,44.1,44.1,0.0,-17027.424083,0.0
2019-02-14,3,0,133,37.69,37.69,0.0,262.028674,0.0
2019-02-14,3,0,134,0.0,0.0,0.0,0.0,0.0
2019-02-14,3,0,135,50.44,50.44,0.0,350.669311,0.0
2019-02-14,3,0,136,14.48,14.48,0.0,101.183896,0.0
2019-02-14,3,0,139,149.8,149.8,0.0,1480.770885,0.0
2019-02-14,3,0,140,250.6,250.6,0.0,-250600.0,0.0
2019-02-14,3,0,141,230.0,230.0,0.0,-130128.24426,0.0
2019-02-14,3,0,142,0.0,0.0,0.0,-0.0,0.0
2019-02-14,3,0,143,25.98,25.98,0.0,295.075575,0.0
2019-02-14,3,0,145,30.0,30.0,0.0,313.708118,0.0
2019-02-14,3,0,146,268.0,268.0,0.0,-268000.0,0.0
2019-02-14,3,0,152,0.0,0.0,0.0,0.0,0.0
2019-02-14,3,0,153,0.0,0.0,0.0,0.0,0.0
2019-02-14,3,0,154,0.0,0.0,0.0,0.0,0.0
2019-02-14,3,0,157,250.0,250.0,0.0,-141443.743761,0.0
2019-02-14,3,0,158,0.0,0.0,0.0,-0.0,0.0
2019-02-14,3,0,159,0.0,0.0,0.0,0.0,0.0
2019-02-14,3,0,160,0.0,0.0,0.0,0.0,0.0
2019-02-14,3,0,161,0.0,0.0,0.0,-0.0,0.0
2019-02-14,3,0,162,48.75,48.75,0.0,1131.675148,0.0
2019-02-14,3,0,163,185.4,185.4,0.0,-185400.0,0.0
2019-02-14,3,0,164,0.0,0.0,0.0,0.0,0.0
2019-02-14,3,0,167,0.0,0.0,0.0,0.0,0.0
2019-02-14,3,0,168,0.0,0.0,0.0,0.0,0.0
2019-02-14,3,0,169,0.0,0.0,0.0,0.0,0.0
2019-02-14,3,0,170,0.0,0.0,0.0,0.0,0.0
2019-02-14,3,0,172,0.0,0.0,0.0,0.0,0.0
2019-02-14,3,0,173,0.0,0.0,0.0,0.0,0.0
2019-02-14,3,0,188,0.0,0.0,0.0,0.0,0.0
2019-02-14,3,0,190,0.0,0.0,0.0,0.0,0.0
2019-02-14,3,0,191,0.0,0.0,0.0,0.0,0.0
2019-02-14,3,0,192,332.6,332.6,0.0,10785.405497,0.0
2019-02-14,3,0,194,176.5,176.5,0.0,-25348.673855,0.0
2019-02-14,3,0,196,0.0,0.0,0.0,0.0,0.0
2019-02-14,3,0,198,0.0,0.0,0.0,0.0,0.0
2019-02-14,3,0,199,39.0,39.0,0.0,-1515.166696,0.0
2019-02-14,3,0,200,0.0,0.0,0.0,-0.0,0.0
2019-02-14,3,0,204,857.0,857.0,0.0,7747.460629,0.0
2019-02-14,3,0,205,1058.0,1058.0,0.0,9448.797469,0.0
2019-02-14,3,0,206,539.94,539.94,0.0,6148.184463,0.0
2019-02-14,3,0,210,0.0,0.0,0.0,0.0,0.0
2019-02-14,3,0,214,0.0,0.0,0.0,0.0,0.0
2019-02-14,3,0,217,0.0,0.0,0.0,0.0,0.0
2019-02-14,3,0,218,0.0,0.0,0.0,0.0,0.0
2019-02-14,3,0,219,0.0,0.0,0.0,0.0,0.0
2019-02-14,3,0,221,0.0,0.0,0.0,0.0,0.0
2019-02-14,3,0,225,0.0,0.0,0.0,0.0,0.0
2019-02-14,3,0,233,0.0,0.0,0.0,0.0,0.0
2019-02-14,3,0,236,13.01,13.01,0.0,95.990567,0.0
2019-02-14,3,0,237,23.13,23.13,0.0,181.952134,0.0
2019-02-14,3,0,238,0.0,0.0,0.0,0.0,0.0
2019-02-14,3,0,240,0.0,0.0,0.0,0.0,0.0
2019-02-14,3,0,245,26.84,26.84,0.0,183.61523,0.0
2019-02-14,3,0,247,19.61,19.61,0.0,134.154048,0.0
2019-02-14,3,0,248,2.32,2.32,0.0,18.250279,0.0
2019-02-14,3,0,249,51.62,51.62,0.0,353.137786,0.0
2019-02-14,3,0,251,66.61,66.61,0.0,468.737584,0.0
2019-02-14,3,0,252,45.45,45.45,0.0,317.519874,0.0
2019-02-14,3,0,254,0.0,0.0,0.0,0.0,0.0
2019-02-14,3,0,255,0.0,0.0,0.0,0.0,0.0
2019-02-14,3,0,258,0.0,0.0,0.0,0.0,0.0
2019-02-14,3,0,260,0.0,0.0,0.0,0.0,0.0
2019-02-14,3,0,265,0.0,0.0,0.0,0.0,0.0
2019-02-14,3,0,266,97.0,97.0,0.0,958.84363,0.0
2019-02-14,3,0,267,119.2,119.2,0.0,1178.290317,0.0
2019-02-14,3,0,270,579.0,579.0,0.0,-579000.0,0.0
2019-02-14,3,0,272,321.97,321.97,0.0,-89072.64792,0.0
2019-02-14,3,0,273,0.0,0.0,0.0,-0.0,0.0
2019-02-14,3,0,274,746.4,746.4,0.0,-746400.0,0.0
2019-02-14,3,0,275,1039.0,1039.0,0.0,-1039000.0,0.0
2019-02-14,3,0,276,0.0,0.0,0.0,-0.0,0.0
2019-02-14,3,0,277,0.0,0.0,0.0,-0.0,0.0
2019-02-14,3,0,278,0.0,0.0,0.0,-0.0,0.0
2019-02-14,3,0,279,264.6,264.6,0.0,-76326.117134,0.0
2019-02-14,3,0,281,8.08,8.08,0.0,91.771003,0.0
2019-02-14,3,0,282,0.0,0.0,0.0,0.0,0.0
2019-02-14,4,0,9,0.0,0.0,0.0,0.0,0.0
2019-02-14,4,0,17,0.0,0.0,0.0,0.0,0.0
2019-02-14,4,0,19,341.68,341.68,0.0,3626.637919,0.0
2019-02-14,4,0,20,414.4,414.4,0.0,4398.497874,0.0
2019-02-14,4,0,21,0.0,0.0,0.0,0.0,0.0
2019-02-14,4,0,22,0.0,0.0,0.0,0.0,0.0
2019-02-14,4,0,23,98.16,98.16,0.0,1114.421392,0.0
2019-02-14,4,0,24,162.22,162.22,0.0,1841.701693,0.0
2019-02-14,4,0,29,0.0,0.0,0.0,0.0,0.0
2019-02-14,4,0,30,0.0,0.0,0.0,0.0,0.0
2019-02-14,4,0,31,17.5,17.5,0.0,198.761454,0.0
2019-02-14,4,0,32,0.0,0.0,0.0,0.0,0.0
2019-02-14,4,0,33,0.0,0.0,0.0,0.0,0.0
2019-02-14,4,0,34,0.0,0.0,0.0,0.0,0.0
2019-02-14,4,0,35,0.0,0.0,0.0,0.0,0.0
2019-02-14,4,0,36,0.0,0.0,0.0,0.0,0.0
2019-02-14,4,0,37,0.0,0.0,0.0,0.0,0.0
2019-02-14,4,0,38,0.0,0.0,0.0,0.0,0.0
2019-02-14,4,0,39,0.0,0.0,0.0,0.0,0.0
2019-02-14,4,0,40,0.0,0.0,0.0,0.0,0.0
2019-02-14,4,0,41,113.23,113.23,0.0,1257.87462,0.0
2019-02-14,4,0,42,0.0,0.0,0.0,0.0,0.0
2019-02-14,4,0,43,0.0,0.0,0.0,0.0,0.0
2019-02-14,4,0,46,0.0,0.0,0.0,0.0,0.0
2019-02-14,4,0,52,18.54,18.54,0.0,210.573563,0.0
2019-02-14,4,0,53,29.46,29.46,0.0,334.60071,0.0
2019-02-14,4,0,55,290.74,290.74,0.0,3300.80354,0.0
2019-02-14,4,0,56,0.0,0.0,0.0,0.0,0.0
2019-02-14,4,0,57,0.0,0.0,0.0,0.0,0.0
2019-02-14,4,0,58,0.0,0.0,0.0,0.0,0.0
2019-02-14,4,0,59,0.0,0.0,0.0,0.0,0.0
2019-02-14,4,0,63,170.0,170.0,0.0,16508.467653,0.0
2019-02-14,4,0,64,200.0,200.0,0.0,19421.726651,0.0
2019-02-14,4,0,65,6.55,6.55,0.0,69.556895,0.0
2019-02-14,4,0,67,0.0,0.0,0.0,-0.0,0.0
2019-02-14,4,0,68,10.2,10.2,0.0,-4296.492076,0.0
2019-02-14,4,0,69,0.0,0.0,0.0,0.0,0.0
2019-02-14,4,0,74,9.22,9.22,0.0,99.281669,0.0
2019-02-14,4,0,77,200.0,200.0,0.0,-60527.628371,0.0
2019-02-14,4,0,78,151.2,151.2,0.0,-45758.887048,0.0
2019-02-14,4,0,79,87.5,87.5,0.0,-26480.837412,0.0
2019-02-14,4,0,80,141.5,141.5,0.0,-42823.297072,0.0
2019-02-14,4,0,81,185.0,185.0,0.0,-55988.056243,0.0
2019-02-14,4,0,82,130.5,130.5,0.0,-39494.277512,0.0
2019-02-14,4,0,83,291.0,291.0,0.0,-88067.69928,0.0
2019-02-14,4,0,84,0.0,0.0,0.0,-0.0,0.0
2019-02-14,4,0,86,0.0,0.0,0.0,0.0,0.0
2019-02-14,4,0,87,0.0,0.0,0.0,0.0,0.0
2019-02-14,4,0,88,170.6,170.6,0.0,-51630.067,0.0
2019-02-14,4,0,89,164.0,164.0,0.0,-49632.655264,0.0
2019-02-14,4,0,90,220.2,220.2,0.0,-66640.918836,0.0
2019-02-14,4,0,91,785.5,785.5,0.0,-237722.260427,0.0
2019-02-14,4,0,92,282.5,282.5,0.0,-85495.275074,0.0
2019-02-14,4,0,95,84.17,84.17,0.0,2139.070577,0.0
2019-02-14,4,0,96,29.88,29.88,0.0,339.517323,0.0
2019-02-14,4,0,97,183.75,183.75,0.0,2087.895184,0.0
2019-02-14,4,0,99,1.78,1.78,0.0,19.167177,0.0
2019-02-14,4,0,101,0.0,0.0,0.0,0.0,0.0
2019-02-14,4,0,102,24.15,24.15,0.0,-10172.576827,0.0
2019-02-14,4,0,103,21.0,21.0,0.0,-8845.71898,0.0
2019-02-14,4,0,104,3.9,3.9,0.0,-1642.776382,0.0
2019-02-14,4,0,106,0.0,0.0,0.0,0.0,0.0
2019-02-14,4,0,109,200.0,200.0,0.0,2189.57026,0.0
2019-02-14,4,0,110,338.6,338.6,0.0,-338600.0,0.0
2019-02-14,4,0,111,0.0,0.0,0.0,0.0,0.0
2019-02-14,4,0,113,45.0,45.0,0.0,-12308.948212,0.0
2019-02-14,4,0,115,45.0,45.0,0.0,-12308.948212,0.0
2019-02-14,4,0,116,0.0,0.0,0.0,-0.0,0.0
2019-02-14,4,0,117,3.0,3.0,0.0,-820.596547,0.0
2019-02-14,4,0,119,200.0,200.0,0.0,19421.726651,0.0
2019-02-14,4,0,120,117.6,117.6,0.0,11419.975271,0.0
2019-02-14,4,0,123,0.0,0.0,0.0,0.0,0.0
2019-02-14,4,0,125,148.85,148.85,0.0,1689.910597,0.0
2019-02-14,4,0,126,0.0,0.0,0.0,0.0,0.0
2019-02-14,4,0,127,0.0,0.0,0.0,0.0,0.0
2019-02-14,4,0,128,202.15,202.15,0.0,2295.031422,0.0
2019-02-14,4,0,131,30.0,30.0,0.0,-11495.227717,0.0
2019-02-14,4,0,132,44.1,44.1,0.0,-16897.984744,0.0
2019-02-14,4,0,133,41.83,41.83,0.0,443.968659,0.0
2019-02-14,4,0,134,0.0,0.0,0.0,0.0,0.0
2019-02-14,4,0,135,57.71,57.71,0.0,612.513299,0.0
2019-02-14,4,0,136,14.13,14.13,0.0,150.055808,0.0
2019-02-14,4,0,139,146.23,146.23,0.0,1624.472364,0.0
2019-02-14,4,0,140,250.6,250.6,0.0,-250600.0,0.0
2019-02-14,4,0,141,230.0,230.0,0.0,-129650.737647,0.0
2019-02-14,4,0,142,0.0,0.0,0.0,-0.0,0.0
2019-02-14,4,0,143,23.86,23.86,0.0,270.997045,0.0
2019-02-14,4,0,145,30.0,30.0,0.0,336.168951,0.0
2019-02-14,4,0,146,268.0,268.0,0.0,-268000.0,0.0
2019-02-14,4,0,152,0.0,0.0,0.0,0.0,0.0
2019-02-14,4,0,153,0.0,0.0,0.0,0.0,0.0
2019-02-14,4,0,154,0.0,0.0,0.0,0.0,0.0
2019-02-14,4,0,157,250.0,250.0,0.0,-140924.714834,0.0
2019-02-14,4,0,158,0.0,0.0,0.0,-0.0,0.0
2019-02-14,4,0,159,0.0,0.0,0.0,0.0,0.0
2019-02-14,4,0,160,0.0,0.0,0.0,0.0,0.0
2019-02-14,4,0,161,0.0,0.0,0.0,-0.0,0.0
2019-02-14,4,0,162,48.75,48.75,0.0,1277.524637,0.0
2019-02-14,4,0,163,185.4,185.4,0.0,-185400.0,0.0
2019-02-14,4,0,164,0.0,0.0,0.0,0.0,0.0
2019-02-14,4,0,167,0.0,0.0,0.0,0.0,0.0
2019-02-14,4,0,168,0.0,0.0,0.0,0.0,0.0
2019-02-14,4,0,169,0.0,0.0,0.0,0.0,0.0
2019-02-14,4,0,170,0.0,0.0,0.0,0.0,0.0
2019-02-14,4,0,172,0.0,0.0,0.0,0.0,0.0
2019-02-14,4,0,173,0.0,0.0,0.0,0.0,0.0
2019-02-14,4,0,188,0.0,0.0,0.0,0.0,0.0
2019-02-14,4,0,190,0.0,0.0,0.0,0.0,0.0
2019-02-14,4,0,191,0.0,0.0,0.0,0.0,0.0
2019-02-14,4,0,192,332.6,332.6,0.0,10785.405497,0.0
2019-02-14,4,0,194,176.5,176.5,0.0,-24767.229379,0.0
2019-02-14,4,0,196,0.0,0.0,0.0,0.0,0.0
2019-02-14,4,0,198,0.0,0.0,0.0,0.0,0.0
2019-02-14,4,0,199,39.0,39.0,0.0,-1280.957491,0.0
2019-02-14,4,0,200,0.0,0.0,0.0,-0.0,0.0
2019-02-14,4,0,204,857.0,857.0,0.0,9398.145044,0.0
2019-02-14,4,0,205,1058.0,1058.0,0.0,11582.826675,0.0
2019-02-14,4,0,206,539.94,539.94,0.0,6135.173473,0.0
2019-02-14,4,0,210,0.0,0.0,0.0,0.0,0.0
2019-02-14,4,0,214,0.0,0.0,0.0,0.0,0.0
2019-02-14,4,0,217,0.0,0.0,0.0,0.0,0.0
2019-02-14,4,0,218,0.0,0.0,0.0,0.0,0.0
2019-02-14,4,0,219,0.0,0.0,0.0,0.0,0.0
2019-02-14,4,0,221,0.0,0.0,0.0,0.0,0.0
2019-02-14,4,0,225,0.0,0.0,0.0,0.0,0.0
2019-02-14,4,0,233,0.0,0.0,0.0,0.0,0.0
2019-02-14,4,0,236,8.81,8.81,0.0,94.140135,0.0
2019-02-14,4,0,237,22.13,22.13,0.0,238.297542,0.0
2019-02-14,4,0,238,0.0,0.0,0.0,0.0,0.0
2019-02-14,4,0,240,0.0,0.0,0.0,0.0,0.0
2019-02-14,4,0,245,18.96,18.96,0.0,200.878845,0.0
2019-02-14,4,0,247,13.85,13.85,0.0,146.73903,0.0
2019-02-14,4,0,248,2.22,2.22,0.0,23.905131,0.0
2019-02-14,4,0,249,36.46,36.46,0.0,386.289171,0.0
2019-02-14,4,0,251,54.48,54.48,0.0,579.011944,0.0
2019-02-14,4,0,252,42.25,42.25,0.0,448.668524,0.0
2019-02-14,4,0,254,0.0,0.0,0.0,0.0,0.0
2019-02-14,4,0,255,0.0,0.0,0.0,0.0,0.0
2019-02-14,4,0,258,0.0,0.0,0.0,0.0,0.0
2019-02-14,4,0,260,0.0,0.0,0.0,0.0,0.0
2019-02-14,4,0,265,0.0,0.0,0.0,0.0,0.0
2019-02-14,4,0,266,94.69,94.69,0.0,1051.913343,0.0
2019-02-14,4,0,267,116.36,116.36,0.0,1292.645861,0.0
2019-02-14,4,0,270,579.0,579.0,0.0,-579000.0,0.0
2019-02-14,4,0,272,150.39,150.39,0.0,-41136.504925,0.0
2019-02-14,4,0,273,0.0,0.0,0.0,-0.0,0.0
2019-02-14,4,0,274,746.4,746.4,0.0,-746400.0,0.0
2019-02-14,4,0,275,1039.0,1039.0,0.0,-1039000.0,0.0
2019-02-14,4,0,276,0.0,0.0,0.0,-0.0,0.0
2019-02-14,4,0,277,0.0,0.0,0.0,-0.0,0.0
2019-02-14,4,0,278,0.0,0.0,0.0,-0.0,0.0
2019-02-14,4,0,279,264.6,264.6,0.0,-75464.245803,0.0
2019-02-14,4,0,281,7.85,7.85,0.0,89.158709,0.0
2019-02-14,4,0,282,0.0,0.0,0.0,0.0,0.0
2019-02-14,5,0,9,0.0,0.0,0.0,0.0,0.0
2019-02-14,5,0,17,0.0,0.0,0.0,0.0,0.0
2019-02-14,5,0,19,310.44,310.44,0.0,3390.361953,0.0
2019-02-14,5,0,20,376.51,376.51,0.0,4111.922365,0.0
2019-02-14,5,0,21,0.0,0.0,0.0,0.0,0.0
2019-02-14,5,0,22,0.0,0.0,0.0,0.0,0.0
2019-02-14,5,0,23,108.8,108.8,0.0,1348.848295,0.0
2019-02-14,5,0,24,192.5,192.5,0.0,2386.519271,0.0
2019-02-14,5,0,29,0.0,0.0,0.0,0.0,0.0
2019-02-14,5,0,30,0.0,0.0,0.0,0.0,0.0
2019-02-14,5,0,31,14.56,14.56,0.0,180.643954,0.0
2019-02-14,5,0,32,0.0,0.0,0.0,0.0,0.0
2019-02-14,5,0,33,0.0,0.0,0.0,0.0,0.0
2019-02-14,5,0,34,0.0,0.0,0.0,0.0,0.0
2019-02-14,5,0,35,0.0,0.0,0.0,0.0,0.0
2019-02-14,5,0,36,0.0,0.0,0.0,0.0,0.0
2019-02-14,5,0,37,0.0,0.0,0.0,0.0,0.0
2019-02-14,5,0,38,0.0,0.0,0.0,0.0,0.0
2019-02-14,5,0,39,0.0,0.0,0.0,0.0,0.0
2019-02-14,5,0,40,0.0,0.0,0.0,0.0,0.0
2019-02-14,5,0,41,89.41,89.41,0.0,1064.859994,0.0
2019-02-14,5,0,42,0.0,0.0,0.0,0.0,0.0
2019-02-14,5,0,43,0.0,0.0,0.0,0.0,0.0
2019-02-14,5,0,46,0.0,0.0,0.0,0.0,0.0
2019-02-14,5,0,52,15.44,15.44,0.0,191.561995,0.0
2019-02-14,5,0,53,24.52,24.52,0.0,304.216328,0.0
2019-02-14,5,0,55,219.13,219.13,0.0,2716.664768,0.0
2019-02-14,5,0,56,0.0,0.0,0.0,0.0,0.0
2019-02-14,5,0,57,0.0,0.0,0.0,0.0,0.0
2019-02-14,5,0,58,0.0,0.0,0.0,0.0,0.0
2019-02-14,5,0,59,0.0,0.0,0.0,0.0,0.0
2019-02-14,5,0,63,170.0,170.0,0.0,16536.473187,0.0
2019-02-14,5,0,64,200.0,200.0,0.0,19454.674338,0.0
2019-02-14,5,0,65,6.86,6.86,0.0,74.990874,0.0
2019-02-14,5,0,67,0.0,0.0,0.0,-0.0,0.0
2019-02-14,5,0,68,10.2,10.2,0.0,-4297.358847,0.0
2019-02-14,5,0,69,0.0,0.0,0.0,0.0,0.0
2019-02-14,5,0,74,5.91,5.91,0.0,66.361615,0.0
2019-02-14,5,0,77,200.0,200.0,0.0,-60554.14091,0.0
2019-02-14,5,0,78,151.2,151.2,0.0,-45778.930528,0.0
2019-02-14,5,0,79,87.5,87.5,0.0,-26492.436648,0.0
2019-02-14,5,0,80,141.5,141.5,0.0,-42842.054694,0.0
2019-02-14,5,0,81,185.0,185.0,0.0,-56012.580342,0.0
2019-02-14,5,0,82,130.5,130.5,0.0,-39511.576944,0.0
2019-02-14,5,0,83,291.0,291.0,0.0,-88106.275025,0.0
2019-02-14,5,0,84,0.0,0.0,0.0,-0.0,0.0
2019-02-14,5,0,86,0.0,0.0,0.0,0.0,0.0
2019-02-14,5,0,87,0.0,0.0,0.0,0.0,0.0
2019-02-14,5,0,88,170.6,170.6,0.0,-51652.682196,0.0
2019-02-14,5,0,89,164.0,164.0,0.0,-49654.395546,0.0
2019-02-14,5,0,90,220.2,220.2,0.0,-66670.109142,0.0
2019-02-14,5,0,91,785.5,785.5,0.0,-237826.388425,0.0
2019-02-14,5,0,92,282.5,282.5,0.0,-85532.724036,0.0
2019-02-14,5,0,95,36.0,36.0,0.0,922.448856,0.0
2019-02-14,5,0,96,29.88,29.88,0.0,371.009484,0.0
2019-02-14,5,0,97,183.75,183.75,0.0,2281.559328,0.0
2019-02-14,5,0,99,1.14,1.14,0.0,12.800718,0.0
2019-02-14,5,0,101,0.0,0.0,0.0,0.0,0.0
2019-02-14,5,0,102,24.15,24.15,0.0,-10174.629034,0.0
2019-02-14,5,0,103,21.0,21.0,0.0,-8847.503508,0.0
2019-02-14,5,0,104,3.9,3.9,0.0,-1643.107794,0.0
2019-02-14,5,0,106,0.0,0.0,0.0,0.0,0.0
2019-02-14,5,0,109,200.0,200.0,0.0,2317.571922,0.0
2019-02-14,5,0,110,338.6,338.6,0.0,-338600.0,0.0
2019-02-14,5,0,111,0.0,0.0,0.0,0.0,0.0
2019-02-14,5,0,113,106.15,106.15,0.0,-29039.447118,0.0
2019-02-14,5,0,115,106.15,106.15,0.0,-29039.447118,0.0
2019-02-14,5,0,116,0.0,0.0,0.0,-0.0,0.0
2019-02-14,5,0,117,5.11,5.11,0.0,-1397.942297,0.0
2019-02-14,5,0,119,200.0,200.0,0.0,19454.674338,0.0
2019-02-14,5,0,120,117.6,117.6,0.0,11439.348511,0.0
2019-02-14,5,0,123,0.0,0.0,0.0,0.0,0.0
2019-02-14,5,0,125,174.2,174.2,0.0,2159.644972,0.0
2019-02-14,5,0,126,0.0,0.0,0.0,0.0,0.0
2019-02-14,5,0,127,0.0,0.0,0.0,0.0,0.0
2019-02-14,5,0,128,249.5,249.5,0.0,3093.176925,0.0
2019-02-14,5,0,131,30.0,30.0,0.0,-11497.944643,0.0
2019-02-14,5,0,132,44.1,44.1,0.0,-16901.978625,0.0
2019-02-14,5,0,133,17.28,17.28,0.0,188.700445,0.0
2019-02-14,5,0,134,0.0,0.0,0.0,0.0,0.0
2019-02-14,5,0,135,24.62,24.62,0.0,268.854453,0.0
2019-02-14,5,0,136,15.56,15.56,0.0,170.104856,0.0
2019-02-14,5,0,139,115.46,115.46,0.0,1375.111676,0.0
2019-02-14,5,0,140,250.6,250.6,0.0,-250600.0,0.0
2019-02-14,5,0,141,230.0,230.0,0.0,-129665.471227,0.0
2019-02-14,5,0,142,0.0,0.0,0.0,-0.0,0.0
2019-02-14,5,0,143,42.79,42.79,0.0,530.889751,0.0
2019-02-14,5,0,145,30.0,30.0,0.0,363.085884,0.0
2019-02-14,5,0,146,268.0,268.0,0.0,-268000.0,0.0
2019-02-14,5,0,152,0.0,0.0,0.0,0.0,0.0
2019-02-14,5,0,153,0.0,0.0,0.0,0.0,0.0
2019-02-14,5,0,154,0.0,0.0,0.0,0.0,0.0
2019-02-14,5,0,157,250.0,250.0,0.0,-140940.729594,0.0
2019-02-14,5,0,158,0.0,0.0,0.0,-0.0,0.0
2019-02-14,5,0,159,0.0,0.0,0.0,0.0,0.0
2019-02-14,5,0,160,0.0,0.0,0.0,0.0,0.0
2019-02-14,5,0,161,0.0,0.0,0.0,-0.0,0.0
2019-02-14,5,0,162,48.75,48.75,0.0,1287.7156,0.0
2019-02-14,5,0,163,185.4,185.4,0.0,-185400.0,0.0
2019-02-14,5,0,164,0.0,0.0,0.0,0.0,0.0
2019-02-14,5,0,167,0.0,0.0,0.0,0.0,0.0
2019-02-14,5,0,168,0.0,0.0,0.0,0.0,0.0
2019-02-14,5,0,169,0.0,0.0,0.0,0.0,0.0
2019-02-14,5,0,170,0.0,0.0,0.0,0.0,0.0
2019-02-14,5,0,172,0.0,0.0,0.0,0.0,0.0
2019-02-14,5,0,173,0.0,0.0,0.0,0.0,0.0
2019-02-14,5,0,188,0.0,0.0,0.0,0.0,0.0
2019-02-14,5,0,190,0.0,0.0,0.0,0.0,0.0
2019-02-14,5,0,191,0.0,0.0,0.0,0.0,0.0
2019-02-14,5,0,192,332.6,332.6,0.0,10785.405497,0.0
2019-02-14,5,0,194,176.5,176.5,0.0,-24761.023201,0.0
2019-02-14,5,0,196,0.0,0.0,0.0,0.0,0.0
2019-02-14,5,0,198,0.0,0.0,0.0,0.0,0.0
2019-02-14,5,0,199,39.0,39.0,0.0,-1291.380586,0.0
2019-02-14,5,0,200,0.0,0.0,0.0,-0.0,0.0
2019-02-14,5,0,204,857.0,857.0,0.0,9962.434387,0.0
2019-02-14,5,0,205,1058.0,1058.0,0.0,12259.955466,0.0
2019-02-14,5,0,206,539.94,539.94,0.0,6704.24568,0.0
2019-02-14,5,0,210,0.0,0.0,0.0,0.0,0.0
2019-02-14,5,0,214,0.0,0.0,0.0,0.0,0.0
2019-02-14,5,0,217,0.0,0.0,0.0,0.0,0.0
2019-02-14,5,0,218,0.0,0.0,0.0,0.0,0.0
2019-02-14,5,0,219,0.0,0.0,0.0,0.0,0.0
2019-02-14,5,0,221,0.0,0.0,0.0,0.0,0.0
2019-02-14,5,0,225,0.0,0.0,0.0,0.0,0.0
2019-02-14,5,0,233,0.0,0.0,0.0,0.0,0.0
2019-02-14,5,0,236,5.53,5.53,0.0,61.1835,0.0
2019-02-14,5,0,237,14.17,14.17,0.0,159.110675,0.0
2019-02-14,5,0,238,0.0,0.0,0.0,0.0,0.0
2019-02-14,5,0,240,0.0,0.0,0.0,0.0,0.0
2019-02-14,5,0,245,17.28,17.28,0.0,188.052574,0.0
2019-02-14,5,0,247,10.8,10.8,0.0,117.532859,0.0
2019-02-14,5,0,248,1.42,1.42,0.0,15.944754,0.0
2019-02-14,5,0,249,33.23,33.23,0.0,361.631195,0.0
2019-02-14,5,0,251,54.93,54.93,0.0,601.417255,0.0
2019-02-14,5,0,252,44.22,44.22,0.0,483.395982,0.0
2019-02-14,5,0,254,0.0,0.0,0.0,0.0,0.0
2019-02-14,5,0,255,0.0,0.0,0.0,0.0,0.0
2019-02-14,5,0,258,0.0,0.0,0.0,0.0,0.0
2019-02-14,5,0,260,0.0,0.0,0.0,0.0,0.0
2019-02-14,5,0,265,0.0,0.0,0.0,0.0,0.0
2019-02-14,5,0,266,74.76,74.76,0.0,890.380642,0.0
2019-02-14,5,0,267,91.88,91.88,0.0,1094.277332,0.0
2019-02-14,5,0,270,579.0,579.0,0.0,-579000.0,0.0
2019-02-14,5,0,272,364.92,364.92,0.0,-99831.135586,0.0
2019-02-14,5,0,273,0.0,0.0,0.0,-0.0,0.0
2019-02-14,5,0,274,746.4,746.4,0.0,-746400.0,0.0
2019-02-14,5,0,275,1039.0,1039.0,0.0,-1039000.0,0.0
2019-02-14,5,0,276,0.0,0.0,0.0,-0.0,0.0
2019-02-14,5,0,277,0.0,0.0,0.0,-0.0,0.0
2019-02-14,5,0,278,0.0,0.0,0.0,-0.0,0.0
2019-02-14,5,0,279,264.6,264.6,0.0,-75484.290597,0.0
2019-02-14,5,0,281,6.54,6.54,0.0,81.140897,0.0
2019-02-14,5,0,282,0.0,0.0,0.0,0.0,0.0
2019-02-14,6,0,9,0.0,0.0,0.0,0.0,0.0
2019-02-14,6,0,17,0.0,0.0,0.0,0.0,0.0
2019-02-14,6,0,19,285.11,285.11,0.0,2789.873624,0.0
2019-02-14,6,0,20,345.78,345.78,0.0,3383.544954,0.0
2019-02-14,6,0,21,0.0,0.0,0.0,0.0,0.0
2019-02-14,6,0,22,0.0,0.0,0.0,0.0,0.0
2019-02-14,6,0,23,108.8,108.8,0.0,1348.069519,0.0
2019-02-14,6,0,24,192.5,192.5,0.0,2385.141383,0.0
2019-02-14,6,0,29,0.0,0.0,0.0,0.0,0.0
2019-02-14,6,0,30,0.0,0.0,0.0,0.0,0.0
2019-02-14,6,0,31,13.38,13.38,0.0,166.003853,0.0
2019-02-14,6,0,32,0.0,0.0,0.0,0.0,0.0
2019-02-14,6,0,33,0.0,0.0,0.0,0.0,0.0
2019-02-14,6,0,34,0.0,0.0,0.0,0.0,0.0
2019-02-14,6,0,35,0.0,0.0,0.0,0.0,0.0
2019-02-14,6,0,36,0.0,0.0,0.0,0.0,0.0
2019-02-14,6,0,37,0.0,0.0,0.0,0.0,0.0
2019-02-14,6,0,38,0.0,0.0,0.0,0.0,0.0
2019-02-14,6,0,39,0.0,0.0,0.0,0.0,0.0
2019-02-14,6,0,40,0.0,0.0,0.0,0.0,0.0
2019-02-14,6,0,41,71.44,71.44,0.0,823.693575,0.0
2019-02-14,6,0,42,0.0,0.0,0.0,0.0,0.0
2019-02-14,6,0,43,0.0,0.0,0.0,0.0,0.0
2019-02-14,6,0,46,0.0,0.0,0.0,0.0,0.0
2019-02-14,6,0,52,14.18,14.18,0.0,175.929345,0.0
2019-02-14,6,0,53,22.52,22.52,0.0,279.402599,0.0
2019-02-14,6,0,55,95.45,95.45,0.0,1182.658416,0.0
2019-02-14,6,0,56,0.0,0.0,0.0,0.0,0.0
2019-02-14,6,0,57,0.0,0.0,0.0,0.0,0.0
2019-02-14,6,0,58,0.0,0.0,0.0,0.0,0.0
2019-02-14,6,0,59,0.0,0.0,0.0,0.0,0.0
2019-02-14,6,0,63,170.0,170.0,0.0,17926.890327,0.0
2019-02-14,6,0,64,200.0,200.0,0.0,21090.459209,0.0
2019-02-14,6,0,65,7.62,7.62,0.0,74.704326,0.0
2019-02-14,6,0,67,0.0,0.0,0.0,-0.0,0.0
2019-02-14,6,0,68,10.2,10.2,0.0,-4259.750032,0.0
2019-02-14,6,0,69,0.0,0.0,0.0,0.0,0.0
2019-02-14,6,0,74,3.86,3.86,0.0,39.865842,0.0
2019-02-14,6,0,77,200.0,200.0,0.0,-59674.817818,0.0
2019-02-14,6,0,78,151.2,151.2,0.0,-45114.162271,0.0
2019-02-14,6,0,79,87.5,87.5,0.0,-26107.732796,0.0
2019-02-14,6,0,80,141.5,141.5,0.0,-42219.933606,0.0
2019-02-14,6,0,81,185.0,185.0,0.0,-55199.206482,0.0
2019-02-14,6,0,82,130.5,130.5,0.0,-38937.818626,0.0
2019-02-14,6,0,83,291.0,291.0,0.0,-86826.859926,0.0
2019-02-14,6,0,84,0.0,0.0,0.0,-0.0,0.0
2019-02-14,6,0,86,0.0,0.0,0.0,0.0,0.0
2019-02-14,6,0,87,0.0,0.0,0.0,0.0,0.0
2019-02-14,6,0,88,170.6,170.6,0.0,-50902.619599,0.0
2019-02-14,6,0,89,164.0,164.0,0.0,-48933.350611,0.0
2019-02-14,6,0,90,220.2,220.2,0.0,-65701.974418,0.0
2019-02-14,6,0,91,785.5,785.5,0.0,-234372.846981,0.0
2019-02-14,6,0,92,282.5,282.5,0.0,-84290.680168,0.0
2019-02-14,6,0,95,36.0,36.0,0.0,1209.036954,0.0
2019-02-14,6,0,96,29.88,29.88,0.0,371.233007,0.0
2019-02-14,6,0,97,183.75,183.75,0.0,2282.933901,0.0
2019-02-14,6,0,99,0.75,0.75,0.0,7.745954,0.0
2019-02-14,6,0,101,0.0,0.0,0.0,0.0,0.0
2019-02-14,6,0,102,24.15,24.15,0.0,-10085.584636,0.0
2019-02-14,6,0,103,21.0,21.0,0.0,-8770.073596,0.0
2019-02-14,6,0,104,3.9,3.9,0.0,-1628.727954,0.0
2019-02-14,6,0,106,0.0,0.0,0.0,0.0,0.0
2019-02-14,6,0,109,200.0,200.0,0.0,2192.33848,0.0
2019-02-14,6,0,110,338.6,338.6,0.0,-338600.0,0.0
2019-02-14,6,0,111,0.0,0.0,0.0,0.0,0.0
2019-02-14,6,0,113,137.43,137.43,0.0,-36946.247592,0.0
2019-02-14,6,0,115,137.43,137.43,0.0,-36946.247592,0.0
2019-02-14,6,0,116,0.0,0.0,0.0,-0.0,0.0
2019-02-14,6,0,117,5.45,5.45,0.0,-1465.160805,0.0
2019-02-14,6,0,119,200.0,200.0,0.0,21090.459209,0.0
2019-02-14,6,0,120,117.6,117.6,0.0,12401.190015,0.0
2019-02-14,6,0,123,0.0,0.0,0.0,0.0,0.0
2019-02-14,6,0,125,174.2,174.2,0.0,2158.398072,0.0
2019-02-14,6,0,126,0.0,0.0,0.0,0.0,0.0
2019-02-14,6,0,127,0.0,0.0,0.0,0.0,0.0
2019-02-14,6,0,128,249.5,249.5,0.0,3091.391039,0.0
2019-02-14,6,0,131,30.0,30.0,0.0,-11380.058371,0.0
2019-02-14,6,0,132,44.1,44.1,0.0,-16728.685805,0.0
2019-02-14,6,0,133,13.41,13.41,0.0,131.196922,0.0
2019-02-14,6,0,134,0.0,0.0,0.0,0.0,0.0
2019-02-14,6,0,135,17.97,17.97,0.0,175.809745,0.0
2019-02-14,6,0,136,17.7,17.7,0.0,173.543737,0.0
2019-02-14,6,0,139,92.25,92.25,0.0,1063.630071,0.0
2019-02-14,6,0,140,250.6,250.6,0.0,-250600.0,0.0
2019-02-14,6,0,141,230.0,230.0,0.0,-129026.187463,0.0
2019-02-14,6,0,142,0.0,0.0,0.0,-0.0,0.0
2019-02-14,6,0,143,80.06,80.06,0.0,993.293608,0.0
2019-02-14,6,0,145,30.0,30.0,0.0,356.113176,0.0
2019-02-14,6,0,146,268.0,268.0,0.0,-268000.0,0.0
2019-02-14,6,0,152,0.0,0.0,0.0,0.0,0.0
2019-02-14,6,0,153,0.0,0.0,0.0,0.0,0.0
2019-02-14,6,0,154,0.0,0.0,0.0,0.0,0.0
2019-02-14,6,0,157,250.0,250.0,0.0,-140245.855938,0.0
2019-02-14,6,0,158,0.0,0.0,0.0,-0.0,0.0
2019-02-14,6,0,159,0.0,0.0,0.0,0.0,0.0
2019-02-14,6,0,160,0.0,0.0,0.0,0.0,0.0
2019-02-14,6,0,161,0.0,0.0,0.0,-0.0,0.0
2019-02-14,6,0,162,48.75,48.75,0.0,1675.817598,0.0
2019-02-14,6,0,163,185.4,185.4,0.0,-185400.0,0.0
2019-02-14,6,0,164,0.0,0.0,0.0,0.0,0.0
2019-02-14,6,0,167,0.0,0.0,0.0,0.0,0.0
2019-02-14,6,0,168,0.0,0.0,0.0,0.0,0.0
2019-02-14,6,0,169,0.0,0.0,0.0,0.0,0.0
2019-02-14,6,0,170,0.0,0.0,0.0,0.0,0.0
2019-02-14,6,0,172,0.0,0.0,0.0,0.0,0.0
2019-02-14,6,0,173,0.0,0.0,0.0,0.0,0.0
2019-02-14,6,0,188,0.0,0.0,0.0,0.0,0.0
2019-02-14,6,0,190,0.0,0.0,0.0,0.0,0.0
2019-02-14,6,0,191,0.0,0.0,0.0,0.0,0.0
2019-02-14,6,0,192,332.6,332.6,0.0,10785.405497,0.0
2019-02-14,6,0,194,176.5,176.5,0.0,-23750.982617,0.0
2019-02-14,6,0,196,0.0,0.0,0.0,0.0,0.0
2019-02-14,6,0,198,0.0,0.0,0.0,0.0,0.0
2019-02-14,6,0,199,39.0,39.0,0.0,-1289.212245,0.0
2019-02-14,6,0,200,0.0,0.0,0.0,-0.0,0.0
2019-02-14,6,0,204,857.0,857.0,0.0,9449.998329,0.0
2019-02-14,6,0,205,1058.0,1058.0,0.0,11597.470557,0.0
2019-02-14,6,0,206,539.94,539.94,0.0,6708.284792,0.0
2019-02-14,6,0,210,0.0,0.0,0.0,0.0,0.0
2019-02-14,6,0,214,0.0,0.0,0.0,0.0,0.0
2019-02-14,6,0,217,0.0,0.0,0.0,0.0,0.0
2019-02-14,6,0,218,0.0,0.0,0.0,0.0,0.0
2019-02-14,6,0,219,0.0,0.0,0.0,0.0,0.0
2019-02-14,6,0,221,0.0,0.0,0.0,0.0,0.0
2019-02-14,6,0,225,0.0,0.0,0.0,0.0,0.0
2019-02-14,6,0,233,0.0,0.0,0.0,0.0,0.0
2019-02-14,6,0,236,3.99,3.99,0.0,40.048365,0.0
2019-02-14,6,0,237,9.27,9.27,0.0,95.739988,0.0
2019-02-14,6,0,238,0.0,0.0,0.0,0.0,0.0
2019-02-14,6,0,240,0.0,0.0,0.0,0.0,0.0
2019-02-14,6,0,245,16.43,16.43,0.0,159.65617,0.0
2019-02-14,6,0,247,9.58,9.58,0.0,93.092277,0.0
2019-02-14,6,0,248,0.93,0.93,0.0,9.604983,0.0
2019-02-14,6,0,249,31.6,31.6,0.0,307.068471,0.0
2019-02-14,6,0,251,58.65,58.65,0.0,576.765965,0.0
2019-02-14,6,0,252,49.14,49.14,0.0,481.754668,0.0
2019-02-14,6,0,254,0.0,0.0,0.0,0.0,0.0
2019-02-14,6,0,255,0.0,0.0,0.0,0.0,0.0
2019-02-14,6,0,258,0.0,0.0,0.0,0.0,0.0
2019-02-14,6,0,260,0.0,0.0,0.0,0.0,0.0
2019-02-14,6,0,265,0.0,0.0,0.0,0.0,0.0
2019-02-14,6,0,266,59.74,59.74,0.0,688.794151,0.0
2019-02-14,6,0,267,73.41,73.41,0.0,846.40741,0.0
2019-02-14,6,0,270,579.0,579.0,0.0,-579000.0,0.0
2019-02-14,6,0,272,484.95,484.95,0.0,-130372.427924,0.0
2019-02-14,6,0,273,0.0,0.0,0.0,-0.0,0.0
2019-02-14,6,0,274,746.4,746.4,0.0,-746400.0,0.0
2019-02-14,6,0,275,1039.0,1039.0,0.0,-1039000.0,0.0
2019-02-14,6,0,276,0.0,0.0,0.0,-0.0,0.0
2019-02-14,6,0,277,0.0,0.0,0.0,-0.0,0.0
2019-02-14,6,0,278,0.0,0.0,0.0,-0.0,0.0
2019-02-14,6,0,279,264.6,264.6,0.0,-74267.611207,0.0
2019-02-14,6,0,281,6.02,6.02,0.0,74.689327,0.0
2019-02-14,6,0,282,0.0,0.0,0.0,0.0,0.0
2019-02-14,7,0,9,0.0,0.0,0.0,0.0,0.0
2019-02-14,7,0,17,0.0,0.0,0.0,0.0,0.0
2019-02-14,7,0,19,268.19,268.19,0.0,2763.052933,0.0
2019-02-14,7,0,20,325.26,325.26,0.0,3351.022025,0.0
2019-02-14,7,0,21,0.0,0.0,0.0,0.0,0.0
2019-02-14,7,0,22,0.0,0.0,0.0,0.0,0.0
2019-02-14,7,0,23,108.8,108.8,0.0,1348.291306,0.0
2019-02-14,7,0,24,192.5,192.5,0.0,2385.53379,0.0
2019-02-14,7,0,29,0.0,0.0,0.0,0.0,0.0
2019-02-14,7,0,30,0.0,0.0,0.0,0.0,0.0
2019-02-14,7,0,31,33.75,33.75,0.0,418.731692,0.0
2019-02-14,7,0,32,0.0,0.0,0.0,0.0,0.0
2019-02-14,7,0,33,0.0,0.0,0.0,0.0,0.0
2019-02-14,7,0,34,0.0,0.0,0.0,0.0,0.0
2019-02-14,7,0,35,0.0,0.0,0.0,0.0,0.0
2019-02-14,7,0,36,0.0,0.0,0.0,0.0,0.0
2019-02-14,7,0,37,0.0,0.0,0.0,0.0,0.0
2019-02-14,7,0,38,0.0,0.0,0.0,0.0,0.0
2019-02-14,7,0,39,0.0,0.0,0.0,0.0,0.0
2019-02-14,7,0,40,0.0,0.0,0.0,0.0,0.0
2019-02-14,7,0,41,43.34,43.34,0.0,505.04698,0.0
2019-02-14,7,0,42,0.0,0.0,0.0,0.0,0.0
2019-02-14,7,0,43,0.0,0.0,0.0,0.0,0.0
2019-02-14,7,0,46,0.0,0.0,0.0,0.0,0.0
2019-02-14,7,0,52,35.78,35.78,0.0,443.917628,0.0
2019-02-14,7,0,53,56.85,56.85,0.0,705.330272,0.0
2019-02-14,7,0,55,107.3,107.3,0.0,1329.702731,0.0
2019-02-14,7,0,56,0.0,0.0,0.0,0.0,0.0
2019-02-14,7,0,57,0.0,0.0,0.0,0.0,0.0
2019-02-14,7,0,58,0.0,0.0,0.0,0.0,0.0
2019-02-14,7,0,59,0.0,0.0,0.0,0.0,0.0
2019-02-14,7,0,63,170.0,170.0,0.0,18461.662265,0.0
2019-02-14,7,0,64,200.0,200.0,0.0,21719.602665,0.0
2019-02-14,7,0,65,8.95,8.95,0.0,92.317672,0.0
2019-02-14,7,0,67,0.0,0.0,0.0,-0.0,0.0
2019-02-14,7,0,68,10.2,10.2,0.0,-4243.635493,0.0
2019-02-14,7,0,69,0.0,0.0,0.0,0.0,0.0
2019-02-14,7,0,74,2.88,2.88,0.0,30.739198,0.0
2019-02-14,7,0,77,200.0,200.0,0.0,-59291.504489,0.0
2019-02-14,7,0,78,151.2,151.2,0.0,-44824.377394,0.0
2019-02-14,7,0,79,87.5,87.5,0.0,-25940.033214,0.0
2019-02-14,7,0,80,141.5,141.5,0.0,-41948.739426,0.0
2019-02-14,7,0,81,185.0,185.0,0.0,-54844.641653,0.0
2019-02-14,7,0,82,130.5,130.5,0.0,-38687.706679,0.0
2019-02-14,7,0,83,291.0,291.0,0.0,-86269.139032,0.0
2019-02-14,7,0,84,0.0,0.0,0.0,0.0,0.0
2019-02-14,7,0,86,0.0,0.0,0.0,0.0,0.0
2019-02-14,7,0,87,0.0,0.0,0.0,0.0,0.0
2019-02-14,7,0,88,170.6,170.6,0.0,-50575.65333,0.0
2019-02-14,7,0,89,164.0,164.0,0.0,-48619.033681,0.0
2019-02-14,7,0,90,220.2,220.2,0.0,-65279.946443,0.0
2019-02-14,7,0,91,785.5,785.5,0.0,-232867.383882,0.0
2019-02-14,7,0,92,282.5,282.5,0.0,-83749.250091,0.0
2019-02-14,7,0,95,36.0,36.0,0.0,1317.513337,0.0
2019-02-14,7,0,96,29.88,29.88,0.0,371.16935,0.0
2019-02-14,7,0,97,183.75,183.75,0.0,2282.542438,0.0
2019-02-14,7,0,99,0.56,0.56,0.0,5.977066,0.0
2019-02-14,7,0,101,0.0,0.0,0.0,0.0,0.0
2019-02-14,7,0,102,24.15,24.15,0.0,-10047.431094,0.0
2019-02-14,7,0,103,21.0,21.0,0.0,-8736.896604,0.0
2019-02-14,7,0,104,3.9,3.9,0.0,-1622.566512,0.0
2019-02-14,7,0,106,0.0,0.0,0.0,0.0,0.0
2019-02-14,7,0,109,200.0,200.0,0.0,2225.636124,0.0
2019-02-14,7,0,110,338.6,338.6,0.0,-338600.0,0.0
2019-02-14,7,0,111,0.0,0.0,0.0,0.0,0.0
2019-02-14,7,0,113,75.93,75.93,0.0,-20264.468315,0.0
2019-02-14,7,0,115,75.93,75.93,0.0,-20264.468315,0.0
2019-02-14,7,0,116,0.0,0.0,0.0,-0.0,0.0
2019-02-14,7,0,117,3.11,3.11,0.0,-830.007855,0.0
2019-02-14,7,0,119,200.0,200.0,0.0,21719.602665,0.0
2019-02-14,7,0,120,117.6,117.6,0.0,12771.126367,0.0
2019-02-14,7,0,123,0.0,0.0,0.0,0.0,0.0
2019-02-14,7,0,125,174.2,174.2,0.0,2158.753175,0.0
2019-02-14,7,0,126,0.0,0.0,0.0,0.0,0.0
2019-02-14,7,0,127,0.0,0.0,0.0,0.0,0.0
2019-02-14,7,0,128,249.5,249.5,0.0,3091.89964,0.0
2019-02-14,7,0,131,30.0,30.0,0.0,-11329.546729,0.0
2019-02-14,7,0,132,44.1,44.1,0.0,-16654.433691,0.0
2019-02-14,7,0,133,12.84,12.84,0.0,132.270525,0.0
2019-02-14,7,0,134,0.0,0.0,0.0,0.0,0.0
2019-02-14,7,0,135,17.21,17.21,0.0,177.28783,0.0
2019-02-14,7,0,136,20.56,20.56,0.0,212.086577,0.0
2019-02-14,7,0,139,55.98,55.98,0.0,652.342638,0.0
2019-02-14,7,0,140,250.6,250.6,0.0,-250600.0,0.0
2019-02-14,7,0,141,230.0,230.0,0.0,-128752.26861,0.0
2019-02-14,7,0,142,0.0,0.0,0.0,-0.0,0.0
2019-02-14,7,0,143,68.49,68.49,0.0,849.74618,0.0
2019-02-14,7,0,145,30.0,30.0,0.0,357.975555,0.0
2019-02-14,7,0,146,268.0,268.0,0.0,-268000.0,0.0
2019-02-14,7,0,152,0.0,0.0,0.0,0.0,0.0
2019-02-14,7,0,153,0.0,0.0,0.0,0.0,0.0
2019-02-14,7,0,154,0.0,0.0,0.0,0.0,0.0
2019-02-14,7,0,157,250.0,250.0,0.0,-139948.118054,0.0
2019-02-14,7,0,158,0.0,0.0,0.0,-0.0,0.0
2019-02-14,7,0,159,0.0,0.0,0.0,0.0,0.0
2019-02-14,7,0,160,0.0,0.0,0.0,0.0,0.0
2019-02-14,7,0,161,0.0,0.0,0.0,-0.0,0.0
2019-02-14,7,0,162,48.75,48.75,0.0,1822.758374,0.0
2019-02-14,7,0,163,185.4,185.4,0.0,-185400.0,0.0
2019-02-14,7,0,164,0.0,0.0,0.0,0.0,0.0
2019-02-14,7,0,167,0.0,0.0,0.0,0.0,0.0
2019-02-14,7,0,168,0.0,0.0,0.0,0.0,0.0
2019-02-14,7,0,169,0.0,0.0,0.0,0.0,0.0
2019-02-14,7,0,170,0.0,0.0,0.0,0.0,0.0
2019-02-14,7,0,172,0.0,0.0,0.0,0.0,0.0
2019-02-14,7,0,173,0.0,0.0,0.0,0.0,0.0
2019-02-14,7,0,188,0.0,0.0,0.0,0.0,0.0
2019-02-14,7,0,190,0.0,0.0,0.0,0.0,0.0
2019-02-14,7,0,191,0.0,0.0,0.0,0.0,0.0
2019-02-14,7,0,192,332.6,332.6,0.0,10785.405497,0.0
2019-02-14,7,0,194,176.5,176.5,0.0,-23349.085371,0.0
2019-02-14,7,0,196,0.0,0.0,0.0,0.0,0.0
2019-02-14,7,0,198,0.0,0.0,0.0,0.0,0.0
2019-02-14,7,0,199,39.0,39.0,0.0,-1281.151697,0.0
2019-02-14,7,0,200,0.0,0.0,0.0,-0.0,0.0
2019-02-14,7,0,204,857.0,857.0,0.0,9579.957813,0.0
2019-02-14,7,0,205,1058.0,1058.0,0.0,11773.615098,0.0
2019-02-14,7,0,206,539.94,539.94,0.0,6707.134498,0.0
2019-02-14,7,0,210,0.0,0.0,0.0,0.0,0.0
2019-02-14,7,0,214,0.0,0.0,0.0,0.0,0.0
2019-02-14,7,0,217,0.0,0.0,0.0,0.0,0.0
2019-02-14,7,0,218,0.0,0.0,0.0,0.0,0.0
2019-02-14,7,0,219,0.0,0.0,0.0,0.0,0.0
2019-02-14,7,0,221,0.0,0.0,0.0,0.0,0.0
2019-02-14,7,0,225,0.0,0.0,0.0,0.0,0.0
2019-02-14,7,0,233,0.0,0.0,0.0,0.0,0.0
2019-02-14,7,0,236,3.86,3.86,0.0,40.40535,0.0
2019-02-14,7,0,237,6.91,6.91,0.0,73.752729,0.0
2019-02-14,7,0,238,0.0,0.0,0.0,0.0,0.0
2019-02-14,7,0,240,0.0,0.0,0.0,0.0,0.0
2019-02-14,7,0,245,16.5,16.5,0.0,169.250834,0.0
2019-02-14,7,0,247,9.84,9.84,0.0,100.935043,0.0
2019-02-14,7,0,248,0.69,0.69,0.0,7.3646,0.0
2019-02-14,7,0,249,31.73,31.73,0.0,325.474482,0.0
2019-02-14,7,0,251,66.9,66.9,0.0,691.40489,0.0
2019-02-14,7,0,252,57.74,57.74,0.0,595.577918,0.0
2019-02-14,7,0,254,0.0,0.0,0.0,0.0,0.0
2019-02-14,7,0,255,0.0,0.0,0.0,0.0,0.0
2019-02-14,7,0,258,0.0,0.0,0.0,0.0,0.0
2019-02-14,7,0,260,0.0,0.0,0.0,0.0,0.0
2019-02-14,7,0,265,0.0,0.0,0.0,0.0,0.0
2019-02-14,7,0,266,36.24,36.24,0.0,422.309704,0.0
2019-02-14,7,0,267,44.54,44.54,0.0,519.030745,0.0
2019-02-14,7,0,270,579.0,579.0,0.0,-579000.0,0.0
2019-02-14,7,0,272,270.16,270.16,0.0,-72101.26116,0.0
2019-02-14,7,0,273,0.0,0.0,0.0,-0.0,0.0
2019-02-14,7,0,274,746.4,746.4,0.0,-746400.0,0.0
2019-02-14,7,0,275,1039.0,1039.0,0.0,-1039000.0,0.0
2019-02-14,7,0,276,0.0,0.0,0.0,-0.0,0.0
2019-02-14,7,0,277,0.0,0.0,0.0,-0.0,0.0
2019-02-14,7,0,278,0.0,0.0,0.0,-0.0,0.0
2019-02-14,7,0,279,264.6,264.6,0.0,-73754.666359,0.0
2019-02-14,7,0,281,15.13,15.13,0.0,187.715867,0.0
2019-02-14,7,0,282,0.0,0.0,0.0,0.0,0.0
2019-02-14,8,0,9,0.0,0.0,0.0,0.0,0.0
2019-02-14,8,0,17,0.0,0.0,0.0,0.0,0.0
2019-02-14,8,0,19,279.69,279.69,0.0,2428.632958,0.0
2019-02-14,8,0,20,348.09,348.09,0.0,3022.570869,0.0
2019-02-14,8,0,21,0.0,0.0,0.0,0.0,0.0
2019-02-14,8,0,22,0.0,0.0,0.0,0.0,0.0
2019-02-14,8,0,23,108.8,108.8,0.0,1233.894708,0.0
2019-02-14,8,0,24,192.5,192.5,0.0,2183.131722,0.0
2019-02-14,8,0,29,0.0,0.0,0.0,0.0,0.0
2019-02-14,8,0,30,0.0,0.0,0.0,0.0,0.0
2019-02-14,8,0,31,17.5,17.5,0.0,198.761454,0.0
2019-02-14,8,0,32,0.0,0.0,0.0,0.0,0.0
2019-02-14,8,0,33,0.0,0.0,0.0,0.0,0.0
2019-02-14,8,0,34,0.0,0.0,0.0,0.0,0.0
2019-02-14,8,0,35,0.0,0.0,0.0,0.0,0.0
2019-02-14,8,0,36,0.0,0.0,0.0,0.0,0.0
2019-02-14,8,0,37,0.0,0.0,0.0,0.0,0.0
2019-02-14,8,0,38,0.0,0.0,0.0,0.0,0.0
2019-02-14,8,0,39,0.0,0.0,0.0,0.0,0.0
2019-02-14,8,0,40,0.0,0.0,0.0,0.0,0.0
2019-02-14,8,0,41,18.21,18.21,0.0,190.533176,0.0
2019-02-14,8,0,42,0.0,0.0,0.0,0.0,0.0
2019-02-14,8,0,43,0.0,0.0,0.0,0.0,0.0
2019-02-14,8,0,46,0.0,0.0,0.0,0.0,0.0
2019-02-14,8,0,52,18.55,18.55,0.0,210.687141,0.0
2019-02-14,8,0,53,29.47,29.47,0.0,334.714288,0.0
2019-02-14,8,0,55,139.69,139.69,0.0,1584.216469,0.0
2019-02-14,8,0,56,0.0,0.0,0.0,0.0,0.0
2019-02-14,8,0,57,0.0,0.0,0.0,0.0,0.0
2019-02-14,8,0,58,0.0,0.0,0.0,0.0,0.0
2019-02-14,8,0,59,0.0,0.0,0.0,0.0,0.0
2019-02-14,8,0,63,96.01,96.01,0.0,10690.38146,0.0
2019-02-14,8,0,64,112.86,112.86,0.0,12566.570686,0.0
2019-02-14,8,0,65,10.13,10.13,0.0,88.152669,0.0
2019-02-14,8,0,67,0.0,0.0,0.0,-0.0,0.0
2019-02-14,8,0,68,10.2,10.2,0.0,-4230.88893,0.0
2019-02-14,8,0,69,0.0,0.0,0.0,0.0,0.0
2019-02-14,8,0,74,1.28,1.28,0.0,11.823276,0.0
2019-02-14,8,0,77,147.17,147.17,0.0,-43410.267598,0.0
2019-02-14,8,0,78,111.12,111.12,0.0,-32776.713566,0.0
2019-02-14,8,0,79,64.1,64.1,0.0,-18907.373466,0.0
2019-02-14,8,0,80,103.96,103.96,0.0,-30664.751101,0.0
2019-02-14,8,0,81,136.09,136.09,0.0,-40142.03518,0.0
2019-02-14,8,0,82,95.84,95.84,0.0,-28269.620484,0.0
2019-02-14,8,0,83,214.4,214.4,0.0,-63240.887226,0.0
2019-02-14,8,0,84,0.0,0.0,0.0,0.0,0.0
2019-02-14,8,0,86,0.0,0.0,0.0,0.0,0.0
2019-02-14,8,0,87,0.0,0.0,0.0,0.0,0.0
2019-02-14,8,0,88,123.33,123.33,0.0,-36378.258496,0.0
2019-02-14,8,0,89,119.02,119.02,0.0,-35106.951482,0.0
2019-02-14,8,0,90,155.3,155.3,0.0,-45808.347883,0.0
2019-02-14,8,0,91,486.84,486.84,0.0,-143601.64896,0.0
2019-02-14,8,0,92,194.81,194.81,0.0,-57462.487129,0.0
2019-02-14,8,0,95,36.0,36.0,0.0,1413.607964,0.0
2019-02-14,8,0,96,29.88,29.88,0.0,339.897273,0.0
2019-02-14,8,0,97,183.75,183.75,0.0,2090.231726,0.0
2019-02-14,8,0,99,0.25,0.25,0.0,2.309234,0.0
2019-02-14,8,0,101,0.0,0.0,0.0,0.0,0.0
2019-02-14,8,0,102,24.15,24.15,0.0,-10017.25173,0.0
2019-02-14,8,0,103,21.0,21.0,0.0,-8710.653679,0.0
2019-02-14,8,0,104,3.9,3.9,0.0,-1617.692826,0.0
2019-02-14,8,0,106,0.0,0.0,0.0,0.0,0.0
2019-02-14,8,0,109,200.0,200.0,0.0,1976.694561,0.0
2019-02-14,8,0,110,338.6,338.6,0.0,-338600.0,0.0
2019-02-14,8,0,111,0.0,0.0,0.0,0.0,0.0
2019-02-14,8,0,113,141.55,141.55,0.0,-37550.484693,0.0
2019-02-14,8,0,115,141.55,141.55,0.0,-37550.484693,0.0
2019-02-14,8,0,116,0.0,0.0,0.0,-0.0,0.0
2019-02-14,8,0,117,7.33,7.33,0.0,-1944.507614,0.0
2019-02-14,8,0,119,112.86,112.86,0.0,12566.570686,0.0
2019-02-14,8,0,120,66.59,66.59,0.0,7414.566206,0.0
2019-02-14,8,0,123,0.0,0.0,0.0,0.0,0.0
2019-02-14,8,0,125,174.2,174.2,0.0,1975.592447,0.0
2019-02-14,8,0,126,0.0,0.0,0.0,0.0,0.0
2019-02-14,8,0,127,0.0,0.0,0.0,0.0,0.0
2019-02-14,8,0,128,249.5,249.5,0.0,2829.56553,0.0
2019-02-14,8,0,131,30.0,30.0,0.0,-11289.592135,0.0
2019-02-14,8,0,132,44.1,44.1,0.0,-16595.700439,0.0
2019-02-14,8,0,133,15.41,15.41,0.0,133.782348,0.0
2019-02-14,8,0,134,0.0,0.0,0.0,0.0,0.0
2019-02-14,8,0,135,20.65,20.65,0.0,179.273556,0.0
2019-02-14,8,0,136,21.84,21.84,0.0,190.077301,0.0
2019-02-14,8,0,139,23.52,23.52,0.0,246.092273,0.0
2019-02-14,8,0,140,250.6,250.6,0.0,-250600.0,0.0
2019-02-14,8,0,141,230.0,230.0,0.0,-128535.599422,0.0
2019-02-14,8,0,142,0.0,0.0,0.0,-0.0,0.0
2019-02-14,8,0,143,31.2,31.2,0.0,354.363277,0.0
2019-02-14,8,0,145,30.0,30.0,0.0,324.316525,0.0
2019-02-14,8,0,146,268.0,268.0,0.0,-268000.0,0.0
2019-02-14,8,0,152,0.0,0.0,0.0,0.0,0.0
2019-02-14,8,0,153,0.0,0.0,0.0,0.0,0.0
2019-02-14,8,0,154,0.0,0.0,0.0,0.0,0.0
2019-02-14,8,0,157,250.0,250.0,0.0,-139712.608068,0.0
2019-02-14,8,0,158,0.0,0.0,0.0,-0.0,0.0
2019-02-14,8,0,159,0.0,0.0,0.0,0.0,0.0
2019-02-14,8,0,160,0.0,0.0,0.0,0.0,0.0
2019-02-14,8,0,161,0.0,0.0,0.0,-0.0,0.0
2019-02-14,8,0,162,48.75,48.75,0.0,1952.896363,0.0
2019-02-14,8,0,163,185.4,185.4,0.0,-185400.0,0.0
2019-02-14,8,0,164,0.0,0.0,0.0,0.0,0.0
2019-02-14,8,0,167,0.0,0.0,0.0,0.0,0.0
2019-02-14,8,0,168,0.0,0.0,0.0,0.0,0.0
2019-02-14,8,0,169,0.0,0.0,0.0,0.0,0.0
2019-02-14,8,0,170,0.0,0.0,0.0,0.0,0.0
2019-02-14,8,0,172,0.0,0.0,0.0,0.0,0.0
2019-02-14,8,0,173,0.0,0.0,0.0,0.0,0.0
2019-02-14,8,0,188,0.0,0.0,0.0,0.0,0.0
2019-02-14,8,0,190,0.0,0.0,0.0,0.0,0.0
2019-02-14,8,0,191,0.0,0.0,0.0,0.0,0.0
2019-02-14,8,0,192,332.6,332.6,0.0,10785.405497,0.0
2019-02-14,8,0,194,176.5,176.5,0.0,-23007.300482,0.0
2019-02-14,8,0,196,0.0,0.0,0.0,0.0,0.0
2019-02-14,8,0,198,0.0,0.0,0.0,0.0,0.0
2019-02-14,8,0,199,39.0,39.0,0.0,-1274.565392,0.0
2019-02-14,8,0,200,0.0,0.0,0.0,-0.0,0.0
2019-02-14,8,0,204,856.99,856.99,0.0,8526.990799,0.0
2019-02-14,8,0,205,1058.0,1058.0,0.0,10456.714227,0.0
2019-02-14,8,0,206,539.94,539.94,0.0,6142.039282,0.0
2019-02-14,8,0,210,0.0,0.0,0.0,0.0,0.0
2019-02-14,8,0,214,0.0,0.0,0.0,0.0,0.0
2019-02-14,8,0,217,0.0,0.0,0.0,0.0,0.0
2019-02-14,8,0,218,0.0,0.0,0.0,0.0,0.0
2019-02-14,8,0,219,0.0,0.0,0.0,0.0,0.0
2019-02-14,8,0,221,0.0,0.0,0.0,0.0,0.0
2019-02-14,8,0,225,0.0,0.0,0.0,0.0,0.0
2019-02-14,8,0,233,0.0,0.0,0.0,0.0,0.0
2019-02-14,8,0,236,0.0,0.0,0.0,0.0,0.0
2019-02-14,8,0,237,3.07,3.07,0.0,28.357389,0.0
2019-02-14,8,0,238,0.0,0.0,0.0,0.0,0.0
2019-02-14,8,0,240,0.0,0.0,0.0,0.0,0.0
2019-02-14,8,0,245,21.5,21.5,0.0,185.201782,0.0
2019-02-14,8,0,247,14.31,14.31,0.0,123.26686,0.0
2019-02-14,8,0,248,0.31,0.31,0.0,2.86345,0.0
2019-02-14,8,0,249,41.34,41.34,0.0,356.104263,0.0
2019-02-14,8,0,251,67.23,67.23,0.0,587.123963,0.0
2019-02-14,8,0,252,65.33,65.33,0.0,568.510744,0.0
2019-02-14,8,0,254,0.0,0.0,0.0,0.0,0.0
2019-02-14,8,0,255,0.0,0.0,0.0,0.0,0.0
2019-02-14,8,0,258,0.0,0.0,0.0,0.0,0.0
2019-02-14,8,0,260,0.0,0.0,0.0,0.0,0.0
2019-02-14,8,0,265,0.0,0.0,0.0,0.0,0.0
2019-02-14,8,0,266,15.23,15.23,0.0,159.353117,0.0
2019-02-14,8,0,267,18.72,18.72,0.0,195.86936,0.0
2019-02-14,8,0,270,579.0,579.0,0.0,-579000.0,0.0
2019-02-14,8,0,272,490.05,490.05,0.0,-130000.812602,0.0
2019-02-14,8,0,273,0.0,0.0,0.0,-0.0,0.0
2019-02-14,8,0,274,746.4,746.4,0.0,-746400.0,0.0
2019-02-14,8,0,275,1039.0,1039.0,0.0,-1039000.0,0.0
2019-02-14,8,0,276,0.0,0.0,0.0,-0.0,0.0
2019-02-14,8,0,277,0.0,0.0,0.0,-0.0,0.0
2019-02-14,8,0,278,0.0,0.0,0.0,-0.0,0.0
2019-02-14,8,0,279,264.6,264.6,0.0,-73342.450679,0.0
2019-02-14,8,0,281,7.85,7.85,0.0,89.158709,0.0
2019-02-14,8,0,282,0.0,0.0,0.0,0.0,0.0
2019-02-14,9,0,9,0.41,0.41,0.0,2.530605,0.0
2019-02-14,9,0,17,11.49,11.49,0.0,94.610498,0.0
2019-02-14,9,0,19,243.15,243.15,0.0,2002.135991,0.0
2019-02-14,9,0,20,301.93,301.93,0.0,2486.139913,0.0
2019-02-14,9,0,21,9.47,9.47,0.0,58.450804,0.0
2019-02-14,9,0,22,33.66,33.66,0.0,207.7565,0.0
2019-02-14,9,0,23,108.8,108.8,0.0,671.536161,0.0
2019-02-14,9,0,24,192.5,192.5,0.0,1188.149918,0.0
2019-02-14,9,0,29,2.16,2.16,0.0,19.389282,0.0
2019-02-14,9,0,30,69.69,69.69,0.0,429.229879,0.0
2019-02-14,9,0,31,29.7,29.7,0.0,182.926207,0.0
2019-02-14,9,0,32,1.14,1.14,0.0,38.681772,0.0
2019-02-14,9,0,33,0.62,0.62,0.0,5.3302,0.0
2019-02-14,9,0,34,0.99,0.99,0.0,8.511126,0.0
2019-02-14,9,0,35,0.99,0.99,0.0,8.511126,0.0
2019-02-14,9,0,36,2.11,2.11,0.0,16.212517,0.0
2019-02-14,9,0,37,1.02,1.02,0.0,7.831636,0.0
2019-02-14,9,0,38,1.31,1.31,0.0,10.058277,0.0
2019-02-14,9,0,39,0.87,0.87,0.0,6.679925,0.0
2019-02-14,9,0,40,0.87,0.87,0.0,6.679925,0.0
2019-02-14,9,0,41,18.9,18.9,0.0,129.527077,0.0
2019-02-14,9,0,42,13.3,13.3,0.0,108.46799,0.0
2019-02-14,9,0,43,6.5,6.5,0.0,50.594816,0.0
2019-02-14,9,0,46,5.56,5.56,0.0,41.919875,0.0
2019-02-14,9,0,52,31.51,31.51,0.0,194.074236,0.0
2019-02-14,9,0,53,50.32,50.32,0.0,309.9275,0.0
2019-02-14,9,0,55,182.75,182.75,0.0,1127.970896,0.0
2019-02-14,9,0,56,20.56,20.56,0.0,126.631745,0.0
2019-02-14,9,0,57,19.55,19.55,0.0,120.411022,0.0
2019-02-14,9,0,58,37.6,37.6,0.0,231.583347,0.0
2019-02-14,9,0,59,36.98,36.98,0.0,227.764685,0.0
2019-02-14,9,0,63,51.0,51.0,0.0,5579.87914,0.0
2019-02-14,9,0,64,60.0,60.0,0.0,6564.563694,0.0
2019-02-14,9,0,65,11.41,11.41,0.0,93.785016,0.0
2019-02-14,9,0,67,40.06,40.06,0.0,-22382.302309,0.0
2019-02-14,9,0,68,19.12,19.12,0.0,-7927.521314,0.0
2019-02-14,9,0,69,0.62,0.62,0.0,5.3302,0.0
2019-02-14,9,0,74,0.0,0.0,0.0,0.0,0.0
2019-02-14,9,0,77,60.0,60.0,0.0,-17673.864319,0.0
2019-02-14,9,0,78,45.36,45.36,0.0,-13361.441425,0.0
2019-02-14,9,0,79,26.25,26.25,0.0,-7732.31564,0.0
2019-02-14,9,0,80,42.45,42.45,0.0,-12504.259006,0.0
2019-02-14,9,0,81,55.5,55.5,0.0,-16348.324495,0.0
2019-02-14,9,0,82,39.15,39.15,0.0,-11532.196468,0.0
2019-02-14,9,0,83,87.3,87.3,0.0,-25715.472585,0.0
2019-02-14,9,0,84,0.0,0.0,0.0,0.0,0.0
2019-02-14,9,0,86,3.13,3.13,0.0,26.908913,0.0
2019-02-14,9,0,87,15.96,15.96,0.0,137.209664,0.0
2019-02-14,9,0,88,155.83,155.83,0.0,-45901.971281,0.0
2019-02-14,9,0,89,148.85,148.85,0.0,-43845.911732,0.0
2019-02-14,9,0,90,208.93,208.93,0.0,-61543.341204,0.0
2019-02-14,9,0,91,785.09,785.09,0.0,-231259.568974,0.0
2019-02-14,9,0,92,276.23,276.23,0.0,-81367.525682,0.0
2019-02-14,9,0,95,36.0,36.0,0.0,1333.370199,0.0
2019-02-14,9,0,96,29.88,29.88,0.0,183.626526,0.0
2019-02-14,9,0,97,183.75,183.75,0.0,1129.229389,0.0
2019-02-14,9,0,99,0.0,0.0,0.0,0.0,0.0
2019-02-14,9,0,101,1.4,1.4,0.0,8.622784,0.0
2019-02-14,9,0,102,45.2,45.2,0.0,-18740.793065,0.0
2019-02-14,9,0,103,39.31,39.31,0.0,-16298.685296,0.0
2019-02-14,9,0,104,7.33,7.33,0.0,-3039.159583,0.0
2019-02-14,9,0,106,33.13,33.13,0.0,204.48523,0.0
2019-02-14,9,0,109,186.24,186.24,0.0,1360.110398,0.0
2019-02-14,9,0,110,338.6,338.6,0.0,-338600.0,0.0
2019-02-14,9,0,111,3.16,3.16,0.0,21.656379,0.0
2019-02-14,9,0,113,84.3,84.3,0.0,-22381.967658,0.0
2019-02-14,9,0,115,84.3,84.3,0.0,-22381.967658,0.0
2019-02-14,9,0,116,19.17,19.17,0.0,-19170.0,0.0
2019-02-14,9,0,117,5.73,5.73,0.0,-1521.336592,0.0
2019-02-14,9,0,119,60.0,60.0,0.0,6564.563694,0.0
2019-02-14,9,0,120,35.28,35.28,0.0,3859.963452,0.0
2019-02-14,9,0,123,0.55,0.55,0.0,3.394714,0.0
2019-02-14,9,0,125,174.2,174.2,0.0,1075.198523,0.0
2019-02-14,9,0,126,24.85,24.85,0.0,153.379353,0.0
2019-02-14,9,0,127,31.89,31.89,0.0,196.831693,0.0
2019-02-14,9,0,128,249.5,249.5,0.0,1539.965738,0.0
2019-02-14,9,0,131,30.0,30.0,0.0,-11284.038014,0.0
2019-02-14,9,0,132,44.1,44.1,0.0,-16587.535881,0.0
2019-02-14,9,0,133,18.25,18.25,0.0,150.298547,0.0
2019-02-14,9,0,134,0.0,0.0,0.0,0.0,0.0
2019-02-14,9,0,135,24.45,24.45,0.0,201.358876,0.0
2019-02-14,9,0,136,23.24,23.24,0.0,191.003596,0.0
2019-02-14,9,0,139,24.41,24.41,0.0,167.288674,0.0
2019-02-14,9,0,140,250.6,250.6,0.0,-250600.0,0.0
2019-02-14,9,0,141,230.0,230.0,0.0,-128505.480058,0.0
2019-02-14,9,0,142,52.84,52.84,0.0,-29522.737245,0.0
2019-02-14,9,0,143,68.96,68.96,0.0,424.733713,0.0
2019-02-14,9,0,145,30.0,30.0,0.0,197.511517,0.0
2019-02-14,9,0,146,268.0,268.0,0.0,-268000.0,0.0
2019-02-14,9,0,152,1.56,1.56,0.0,12.201747,0.0
2019-02-14,9,0,153,1.96,1.96,0.0,15.293967,0.0
2019-02-14,9,0,154,13.02,13.02,0.0,89.229764,0.0
2019-02-14,9,0,157,250.0,250.0,0.0,-139679.869628,0.0
2019-02-14,9,0,158,27.0,27.0,0.0,-15085.42592,0.0
2019-02-14,9,0,159,0.0,0.0,0.0,0.0,0.0
2019-02-14,9,0,160,0.52,0.52,0.0,4.216812,0.0
2019-02-14,9,0,161,8.67,8.67,0.0,-3594.749466,0.0
2019-02-14,9,0,162,48.75,48.75,0.0,1844.525191,0.0
2019-02-14,9,0,163,185.4,185.4,0.0,-185400.0,0.0
2019-02-14,9,0,164,2.3,2.3,0.0,14.166003,0.0
2019-02-14,9,0,167,1.33,1.33,0.0,46.419852,0.0
2019-02-14,9,0,168,0.67,0.67,0.0,23.384437,0.0
2019-02-14,9,0,169,0.0,0.0,0.0,0.0,0.0
2019-02-14,9,0,170,1.46,1.46,0.0,50.957131,0.0
2019-02-14,9,0,172,1.76,1.76,0.0,26.371003,0.0
2019-02-14,9,0,173,2.69,2.69,0.0,40.305681,0.0
2019-02-14,9,0,188,2.3,2.3,0.0,48.19106,0.0
2019-02-14,9,0,190,1.69,1.69,0.0,54.802572,0.0
2019-02-14,9,0,191,4.36,4.36,0.0,141.384149,0.0
2019-02-14,9,0,192,332.6,332.6,0.0,10785.405497,0.0
2019-02-14,9,0,194,130.37,130.37,0.0,-17095.128508,0.0
2019-02-14,9,0,196,1.08,1.08,0.0,282.204753,0.0
2019-02-14,9,0,198,2.38,2.38,0.0,20.616623,0.0
2019-02-14,9,0,199,39.0,39.0,0.0,-1171.661424,0.0
2019-02-14,9,0,200,4.25,4.25,0.0,-127.681053,0.0
2019-02-14,9,0,204,480.72,480.72,0.0,3485.910628,0.0
2019-02-14,9,0,205,1048.92,1048.92,0.0,7660.260946,0.0
2019-02-14,9,0,206,539.94,539.94,0.0,3318.182946,0.0
2019-02-14,9,0,210,0.67,0.67,0.0,6.063712,0.0
2019-02-14,9,0,214,3.6,3.6,0.0,31.722225,0.0
2019-02-14,9,0,217,2.49,2.49,0.0,22.209432,0.0
2019-02-14,9,0,218,3.43,3.43,0.0,30.593715,0.0
2019-02-14,9,0,219,2.34,2.34,0.0,20.871514,0.0
2019-02-14,9,0,221,1.92,1.92,0.0,16.91852,0.0
2019-02-14,9,0,225,1.94,1.94,0.0,17.400622,0.0
2019-02-14,9,0,233,1.77,1.77,0.0,15.216861,0.0
2019-02-14,9,0,236,0.0,0.0,0.0,0.0,0.0
2019-02-14,9,0,237,0.0,0.0,0.0,0.0,0.0
2019-02-14,9,0,238,17.31,17.31,0.0,141.171497,0.0
2019-02-14,9,0,240,2.39,2.39,0.0,18.363941,0.0
2019-02-14,9,0,245,27.54,27.54,0.0,228.24879,0.0
2019-02-14,9,0,247,20.0,20.0,0.0,165.758018,0.0
2019-02-14,9,0,248,0.0,0.0,0.0,0.0,0.0
2019-02-14,9,0,249,52.96,52.96,0.0,438.927231,0.0
2019-02-14,9,0,251,67.14,67.14,0.0,550.249327,0.0
2019-02-14,9,0,252,73.6,73.6,0.0,604.958562,0.0
2019-02-14,9,0,254,3.71,3.71,0.0,29.180935,0.0
2019-02-14,9,0,255,1.7,1.7,0.0,13.371318,0.0
2019-02-14,9,0,258,2.94,2.94,0.0,22.637512,0.0
2019-02-14,9,0,260,1.27,1.27,0.0,10.298752,0.0
2019-02-14,9,0,265,13.48,13.48,0.0,92.382275,0.0
2019-02-14,9,0,266,15.8,15.8,0.0,108.281895,0.0
2019-02-14,9,0,267,19.42,19.42,0.0,133.090784,0.0
2019-02-14,9,0,270,579.0,579.0,0.0,-579000.0,0.0
2019-02-14,9,0,272,281.31,281.31,0.0,-74688.865029,0.0
2019-02-14,9,0,273,4.58,4.58,0.0,-4580.0,0.0
2019-02-14,9,0,274,746.4,746.4,0.0,-746400.0,0.0
2019-02-14,9,0,275,1039.0,1039.0,0.0,-1039000.0,0.0
2019-02-14,9,0,276,1.04,1.04,0.0,-937.530229,0.0
2019-02-14,9,0,277,1.33,1.33,0.0,-368.61568,0.0
2019-02-14,9,0,278,2.12,2.12,0.0,-587.567851,0.0
2019-02-14,9,0,279,264.6,264.6,0.0,-73335.119487,0.0
2019-02-14,9,0,281,13.23,13.23,0.0,81.485311,0.0
2019-02-14,9,0,282,38.23,38.23,0.0,235.4636,0.0
2019-02-14,10,0,9,1.51,1.51,0.0,-11.845017,0.0
2019-02-14,10,0,17,27.79,27.79,0.0,117.390032,0.0
2019-02-14,10,0,19,196.99,196.99,0.0,832.121714,0.0
2019-02-14,10,0,20,244.09,244.09,0.0,1031.08071,0.0
2019-02-14,10,0,21,34.46,34.46,0.0,-270.317403,0.0
2019-02-14,10,0,22,122.47,122.47,0.0,-960.70146,0.0
2019-02-14,10,0,23,108.8,108.8,0.0,-853.468759,0.0
2019-02-14,10,0,24,192.5,192.5,0.0,-1510.04353,0.0
2019-02-14,10,0,29,4.83,4.83,0.0,24.542788,0.0
2019-02-14,10,0,30,269.14,269.14,0.0,-2132.677581,0.0
2019-02-14,10,0,31,81.15,81.15,0.0,-643.036285,0.0
2019-02-14,10,0,32,3.02,3.02,0.0,88.287204,0.0
2019-02-14,10,0,33,1.43,1.43,0.0,8.844651,0.0
2019-02-14,10,0,34,2.29,2.29,0.0,14.163812,0.0
2019-02-14,10,0,35,2.29,2.29,0.0,14.163812,0.0
2019-02-14,10,0,36,5.58,5.58,0.0,8.064732,0.0
2019-02-14,10,0,37,2.65,2.65,0.0,3.833667,0.0
2019-02-14,10,0,38,3.4,3.4,0.0,4.918667,0.0
2019-02-14,10,0,39,2.27,2.27,0.0,3.283933,0.0
2019-02-14,10,0,40,2.27,2.27,0.0,3.283933,0.0
2019-02-14,10,0,41,19.68,19.68,0.0,-73.471616,0.0
2019-02-14,10,0,42,35.44,35.44,0.0,134.64119,0.0
2019-02-14,10,0,43,17.14,17.14,0.0,37.739276,0.0
2019-02-14,10,0,46,15.17,15.17,0.0,9.571965,0.0
2019-02-14,10,0,52,86.08,86.08,0.0,-682.101829,0.0
2019-02-14,10,0,53,137.25,137.25,0.0,-1087.575232,0.0
2019-02-14,10,0,55,186.9,186.9,0.0,-1466.114991,0.0
2019-02-14,10,0,56,79.39,79.39,0.0,-629.089965,0.0
2019-02-14,10,0,57,75.51,75.51,0.0,-598.344669,0.0
2019-02-14,10,0,58,145.22,145.22,0.0,-1150.729874,0.0
2019-02-14,10,0,59,142.8,142.8,0.0,-1131.553684,0.0
2019-02-14,10,0,63,51.0,51.0,0.0,5276.480308,0.0
2019-02-14,10,0,64,60.0,60.0,0.0,6207.623891,0.0
2019-02-14,10,0,65,12.79,12.79,0.0,53.017415,0.0
2019-02-14,10,0,67,153.36,153.36,0.0,-86077.528276,0.0
2019-02-14,10,0,68,34.0,34.0,0.0,-14212.433606,0.0
2019-02-14,10,0,69,1.43,1.43,0.0,8.844651,0.0
2019-02-14,10,0,74,0.0,0.0,0.0,0.0,0.0
2019-02-14,10,0,77,60.0,60.0,0.0,-17893.387056,0.0
2019-02-14,10,0,78,45.36,45.36,0.0,-13527.400614,0.0
2019-02-14,10,0,79,26.25,26.25,0.0,-7828.356837,0.0
2019-02-14,10,0,80,42.45,42.45,0.0,-12659.571342,0.0
2019-02-14,10,0,81,55.5,55.5,0.0,-16551.383027,0.0
2019-02-14,10,0,82,39.15,39.15,0.0,-11675.435054,0.0
2019-02-14,10,0,83,87.3,87.3,0.0,-26034.878167,0.0
2019-02-14,10,0,84,0.0,0.0,0.0,0.0,0.0
2019-02-14,10,0,86,7.26,7.26,0.0,44.903615,0.0
2019-02-14,10,0,87,37.08,37.08,0.0,229.342431,0.0
2019-02-14,10,0,88,103.48,103.48,0.0,-30860.12821,0.0
2019-02-14,10,0,89,99.0,99.0,0.0,-29524.088643,0.0
2019-02-14,10,0,90,137.47,137.47,0.0,-40996.731977,0.0
2019-02-14,10,0,91,509.29,509.29,0.0,-151882.051564,0.0
2019-02-14,10,0,92,180.45,180.45,0.0,-53814.361571,0.0
2019-02-14,10,0,95,88.65,88.65,0.0,2871.424777,0.0
2019-02-14,10,0,96,29.88,29.88,0.0,-239.25817,0.0
2019-02-14,10,0,97,183.75,183.75,0.0,-1471.341657,0.0
2019-02-14,10,0,99,0.0,0.0,0.0,0.0,0.0
2019-02-14,10,0,101,5.42,5.42,0.0,-42.948326,0.0
2019-02-14,10,0,102,80.5,80.5,0.0,-33650.026627,0.0
2019-02-14,10,0,103,70.0,70.0,0.0,-29260.892719,0.0
2019-02-14,10,0,104,13.0,13.0,0.0,-5434.165791,0.0
2019-02-14,10,0,106,120.56,120.56,0.0,-945.718691,0.0
2019-02-14,10,0,109,171.07,171.07,0.0,-158.233973,0.0
2019-02-14,10,0,110,336.49,336.49,0.0,-336490.0,0.0
2019-02-14,10,0,111,9.58,9.58,0.0,-35.765146,0.0
2019-02-14,10,0,113,150.0,150.0,0.0,-40611.80852,0.0
2019-02-14,10,0,115,150.0,150.0,0.0,-40611.80852,0.0
2019-02-14,10,0,116,64.69,64.69,0.0,-64690.0,0.0
2019-02-14,10,0,117,10.0,10.0,0.0,-2707.453901,0.0
2019-02-14,10,0,119,60.0,60.0,0.0,6207.623891,0.0
2019-02-14,10,0,120,35.28,35.28,0.0,3650.082848,0.0
2019-02-14,10,0,123,2.01,2.01,0.0,-15.767208,0.0
2019-02-14,10,0,125,174.2,174.2,0.0,-1366.49134,0.0
2019-02-14,10,0,126,90.42,90.42,0.0,-709.289018,0.0
2019-02-14,10,0,127,116.04,116.04,0.0,-910.262084,0.0
2019-02-14,10,0,128,249.5,249.5,0.0,-1957.173302,0.0
2019-02-14,10,0,131,40.31,40.31,0.0,-15307.768169,0.0
2019-02-14,10,0,132,65.03,65.03,0.0,-24695.216176,0.0
2019-02-14,10,0,133,21.48,21.48,0.0,90.895232,0.0
2019-02-14,10,0,134,0.0,0.0,0.0,0.0,0.0
2019-02-14,10,0,135,28.78,28.78,0.0,121.78607,0.0
2019-02-14,10,0,136,24.85,24.85,0.0,102.901101,0.0
2019-02-14,10,0,139,25.41,25.41,0.0,-94.863504,0.0
2019-02-14,10,0,140,249.04,249.04,0.0,-249040.0,0.0
2019-02-14,10,0,141,230.0,230.0,0.0,-129093.841311,0.0
2019-02-14,10,0,142,202.24,202.24,0.0,-113512.775942,0.0
2019-02-14,10,0,143,149.52,149.52,0.0,-1184.803269,0.0
2019-02-14,10,0,145,56.19,56.19,0.0,-299.313569,0.0
2019-02-14,10,0,146,268.0,268.0,0.0,-268000.0,0.0
2019-02-14,10,0,152,4.08,4.08,0.0,8.21328,0.0
2019-02-14,10,0,153,5.08,5.08,0.0,9.722026,0.0
2019-02-14,10,0,154,39.5,39.5,0.0,-147.465896,0.0
2019-02-14,10,0,157,250.0,250.0,0.0,-140319.392729,0.0
2019-02-14,10,0,158,130.08,130.08,0.0,-73010.986425,0.0
2019-02-14,10,0,159,0.0,0.0,0.0,0.0,0.0
2019-02-14,10,0,160,1.35,1.35,0.0,6.002345,0.0
2019-02-14,10,0,161,31.17,31.17,0.0,-13029.457515,0.0
2019-02-14,10,0,162,91.77,91.77,0.0,3043.788122,0.0
2019-02-14,10,0,163,104.02,104.02,0.0,-104020.0,0.0
2019-02-14,10,0,164,10.0,10.0,0.0,-79.240454,0.0
2019-02-14,10,0,167,3.47,3.47,0.0,105.080065,0.0
2019-02-14,10,0,168,1.74,1.74,0.0,52.691445,0.0
2019-02-14,10,0,169,0.0,0.0,0.0,0.0,0.0
2019-02-14,10,0,170,3.8,3.8,0.0,115.07327,0.0
2019-02-14,10,0,172,4.57,4.57,0.0,56.977785,0.0
2019-02-14,10,0,173,6.96,6.96,0.0,86.775795,0.0
2019-02-14,10,0,188,6.17,6.17,0.0,102.989586,0.0
2019-02-14,10,0,190,5.3,5.3,0.0,171.866053,0.0
2019-02-14,10,0,191,13.68,13.68,0.0,443.608981,0.0
2019-02-14,10,0,192,332.6,332.6,0.0,10785.405497,0.0
2019-02-14,10,0,194,52.95,52.95,0.0,-7331.884149,0.0
2019-02-14,10,0,196,3.44,3.44,0.0,873.976818,0.0
2019-02-14,10,0,198,5.95,5.95,0.0,50.640508,0.0
2019-02-14,10,0,199,39.0,39.0,0.0,-3029.49863,0.0
2019-02-14,10,0,200,11.01,11.01,0.0,-855.250767,0.0
2019-02-14,10,0,204,257.1,257.1,0.0,-314.116755,0.0
2019-02-14,10,0,205,1010.31,1010.31,0.0,-934.502634,0.0
2019-02-14,10,0,206,539.94,539.94,0.0,-4323.46239,0.0
2019-02-14,10,0,210,1.49,1.49,0.0,6.302424,0.0
2019-02-14,10,0,214,8.23,8.23,0.0,60.438275,0.0
2019-02-14,10,0,217,5.6,5.6,0.0,38.072827,0.0
2019-02-14,10,0,218,7.72,7.72,0.0,52.486112,0.0
2019-02-14,10,0,219,5.26,5.26,0.0,35.761263,0.0
2019-02-14,10,0,221,4.39,4.39,0.0,32.238642,0.0
2019-02-14,10,0,225,4.33,4.33,0.0,22.358194,0.0
2019-02-14,10,0,233,4.11,4.11,0.0,25.420642,0.0
2019-02-14,10,0,236,0.0,0.0,0.0,0.0,0.0
2019-02-14,10,0,237,0.0,0.0,0.0,0.0,0.0
2019-02-14,10,0,238,46.12,46.12,0.0,175.215905,0.0
2019-02-14,10,0,240,6.32,6.32,0.0,9.134248,0.0
2019-02-14,10,0,245,34.53,34.53,0.0,155.886929,0.0
2019-02-14,10,0,247,26.98,26.98,0.0,121.802182,0.0
2019-02-14,10,0,248,0.0,0.0,0.0,0.0,0.0
2019-02-14,10,0,249,66.4,66.4,0.0,299.765191,0.0
2019-02-14,10,0,251,67.87,67.87,0.0,272.537912,0.0
2019-02-14,10,0,252,82.52,82.52,0.0,342.063887,0.0
2019-02-14,10,0,254,9.21,9.21,0.0,25.465772,0.0
2019-02-14,10,0,255,4.22,4.22,0.0,11.668356,0.0
2019-02-14,10,0,258,7.81,7.81,0.0,12.242008,0.0
2019-02-14,10,0,260,3.28,3.28,0.0,14.583475,0.0
2019-02-14,10,0,265,40.9,40.9,0.0,-152.692535,0.0
2019-02-14,10,0,266,16.45,16.45,0.0,-61.413012,0.0
2019-02-14,10,0,267,20.22,20.22,0.0,-75.487605,0.0
2019-02-14,10,0,270,324.69,324.69,0.0,-324690.0,0.0
2019-02-14,10,0,272,501.3,501.3,0.0,-135724.664073,0.0
2019-02-14,10,0,273,15.47,15.47,0.0,-15470.0,0.0
2019-02-14,10,0,274,418.54,418.54,0.0,-418540.0,0.0
2019-02-14,10,0,275,582.57,582.57,0.0,-582570.0,0.0
2019-02-14,10,0,276,3.48,3.48,0.0,-3139.108047,0.0
2019-02-14,10,0,277,4.27,4.27,0.0,-1203.122265,0.0
2019-02-14,10,0,278,6.82,6.82,0.0,-1921.614484,0.0
2019-02-14,10,0,279,264.6,264.6,0.0,-74554.133781,0.0
2019-02-14,10,0,281,36.17,36.17,0.0,-286.612722,0.0
2019-02-14,10,0,282,147.64,147.64,0.0,-1169.906064,0.0
2019-02-14,11,0,9,2.34,2.34,0.0,-405.496256,0.0
2019-02-14,11,0,17,43.1,43.1,0.0,-1283.37008,0.0
2019-02-14,11,0,19,151.44,151.44,0.0,-4509.363455,0.0
2019-02-14,11,0,20,183.66,183.66,0.0,-5468.764475,0.0
2019-02-14,11,0,21,53.55,53.55,0.0,-9279.625851,0.0
2019-02-14,11,0,22,190.31,190.31,0.0,-32978.629236,0.0
2019-02-14,11,0,23,61.07,61.07,0.0,-10582.759117,0.0
2019-02-14,11,0,24,108.0,108.0,0.0,-18715.211799,0.0
2019-02-14,11,0,29,7.26,7.26,0.0,34.594588,0.0
2019-02-14,11,0,30,424.21,424.21,0.0,-73891.385503,0.0
2019-02-14,11,0,31,119.91,119.91,0.0,-20886.626991,0.0
2019-02-14,11,0,32,4.73,4.73,0.0,177.229026,0.0
2019-02-14,11,0,33,2.25,2.25,0.0,-8.609929,0.0
2019-02-14,11,0,34,3.59,3.59,0.0,-13.73762,0.0
2019-02-14,11,0,35,3.59,3.59,0.0,-13.73762,0.0
2019-02-14,11,0,36,8.68,8.68,0.0,-607.269829,0.0
2019-02-14,11,0,37,4.19,4.19,0.0,-295.370875,0.0
2019-02-14,11,0,38,5.39,5.39,0.0,-379.963966,0.0
2019-02-14,11,0,39,3.59,3.59,0.0,-253.07433,0.0
2019-02-14,11,0,40,3.59,3.59,0.0,-253.07433,0.0
2019-02-14,11,0,41,20.97,20.97,0.0,-2650.865012,0.0
2019-02-14,11,0,42,55.72,55.72,0.0,-1972.577359,0.0
2019-02-14,11,0,43,27.01,27.01,0.0,-1720.791443,0.0
2019-02-14,11,0,46,23.81,23.81,0.0,-1907.544426,0.0
2019-02-14,11,0,52,127.48,127.48,0.0,-22205.213983,0.0
2019-02-14,11,0,53,207.62,207.62,0.0,-36164.46915,0.0
2019-02-14,11,0,55,460.54,460.54,0.0,-79806.515205,0.0
2019-02-14,11,0,56,125.13,125.13,0.0,-21795.877202,0.0
2019-02-14,11,0,57,119.02,119.02,0.0,-20731.601571,0.0
2019-02-14,11,0,58,228.89,228.89,0.0,-39869.402484,0.0
2019-02-14,11,0,59,225.08,225.08,0.0,-39205.754341,0.0
2019-02-14,11,0,63,51.0,51.0,0.0,5780.076435,0.0
2019-02-14,11,0,64,60.0,60.0,0.0,6800.089924,0.0
2019-02-14,11,0,65,25.98,25.98,0.0,-800.742201,0.0
2019-02-14,11,0,67,241.05,241.05,0.0,-130246.567546,0.0
2019-02-14,11,0,68,33.99,33.99,0.0,-13263.743275,0.0
2019-02-14,11,0,69,2.25,2.25,0.0,-8.609929,0.0
2019-02-14,11,0,74,3.84,3.84,0.0,-231.809295,0.0
2019-02-14,11,0,77,60.0,60.0,0.0,-15568.243603,0.0
2019-02-14,11,0,78,45.36,45.36,0.0,-11769.592164,0.0
2019-02-14,11,0,79,26.25,26.25,0.0,-6811.106576,0.0
2019-02-14,11,0,80,42.45,42.45,0.0,-11014.532349,0.0
2019-02-14,11,0,81,55.5,55.5,0.0,-14400.625333,0.0
2019-02-14,11,0,82,39.15,39.15,0.0,-10158.278951,0.0
2019-02-14,11,0,83,87.3,87.3,0.0,-22651.794443,0.0
2019-02-14,11,0,84,0.0,0.0,0.0,-0.0,0.0
2019-02-14,11,0,86,11.38,11.38,0.0,-43.547107,0.0
2019-02-14,11,0,87,58.08,58.08,0.0,-222.250964,0.0
2019-02-14,11,0,88,51.18,51.18,0.0,-13279.711794,0.0
2019-02-14,11,0,89,49.2,49.2,0.0,-12765.959755,0.0
2019-02-14,11,0,90,66.06,66.06,0.0,-17140.636207,0.0
2019-02-14,11,0,91,235.65,235.65,0.0,-61144.276752,0.0
2019-02-14,11,0,92,84.75,84.75,0.0,-21990.14409,0.0
2019-02-14,11,0,95,96.29,96.29,0.0,2447.084542,0.0
2019-02-14,11,0,96,31.88,31.88,0.0,-5582.926906,0.0
2019-02-14,11,0,97,234.28,234.28,0.0,-41027.858076,0.0
2019-02-14,11,0,99,0.82,0.82,0.0,-49.500943,0.0
2019-02-14,11,0,101,8.55,8.55,0.0,-1489.28914,0.0
2019-02-14,11,0,102,80.49,80.49,0.0,-31409.199653,0.0
2019-02-14,11,0,103,69.99,69.99,0.0,-27311.838535,0.0
2019-02-14,11,0,104,12.99,12.99,0.0,-5069.02104,0.0
2019-02-14,11,0,106,187.35,187.35,0.0,-32465.693802,0.0
2019-02-14,11,0,109,83.48,83.48,0.0,-8002.021733,0.0
2019-02-14,11,0,110,223.17,223.17,0.0,-223170.0,0.0
2019-02-14,11,0,111,14.77,14.77,0.0,-1867.109024,0.0
2019-02-14,11,0,113,84.2,84.2,0.0,-20873.735574,0.0
2019-02-14,11,0,115,84.2,84.2,0.0,-20873.735574,0.0
2019-02-14,11,0,116,98.64,98.64,0.0,-98640.0,0.0
2019-02-14,11,0,117,5.66,5.66,0.0,-1403.151346,0.0
2019-02-14,11,0,119,60.0,60.0,0.0,6800.089924,0.0
2019-02-14,11,0,120,35.28,35.28,0.0,3998.452875,0.0
2019-02-14,11,0,123,3.12,3.12,0.0,-540.661674,0.0
2019-02-14,11,0,125,97.74,97.74,0.0,-16937.266678,0.0
2019-02-14,11,0,126,140.51,140.51,0.0,-24348.837129,0.0
2019-02-14,11,0,127,180.32,180.32,0.0,-31247.472145,0.0
2019-02-14,11,0,128,139.96,139.96,0.0,-24253.52818,0.0
2019-02-14,11,0,131,30.0,30.0,0.0,-10504.091631,0.0
2019-02-14,11,0,132,44.1,44.1,0.0,-15441.014697,0.0
2019-02-14,11,0,133,35.41,35.41,0.0,-1050.902258,0.0
2019-02-14,11,0,134,0.0,0.0,0.0,-0.0,0.0
2019-02-14,11,0,135,47.44,47.44,0.0,-1407.930051,0.0
2019-02-14,11,0,136,38.03,38.03,0.0,-1174.322654,0.0
2019-02-14,11,0,139,27.09,27.09,0.0,-3424.50802,0.0
2019-02-14,11,0,140,165.17,165.17,0.0,-165170.0,0.0
2019-02-14,11,0,141,230.0,230.0,0.0,-124275.920081,0.0
2019-02-14,11,0,142,317.89,317.89,0.0,-171765.531454,0.0
2019-02-14,11,0,143,232.17,232.17,0.0,-40440.732119,0.0
2019-02-14,11,0,145,100.0,100.0,0.0,-14510.783717,0.0
2019-02-14,11,0,146,268.0,268.0,0.0,-268000.0,0.0
2019-02-14,11,0,152,6.55,6.55,0.0,-388.722145,0.0
2019-02-14,11,0,153,8.23,8.23,0.0,-499.403317,0.0
2019-02-14,11,0,154,60.95,60.95,0.0,-7704.827014,0.0
2019-02-14,11,0,157,250.0,250.0,0.0,-135082.521827,0.0
2019-02-14,11,0,158,215.06,215.06,0.0,-116203.388576,0.0
2019-02-14,11,0,159,0.0,0.0,0.0,-0.0,0.0
2019-02-14,11,0,160,2.13,2.13,0.0,-90.508101,0.0
2019-02-14,11,0,161,48.12,48.12,0.0,-18777.620665,0.0
2019-02-14,11,0,162,162.5,162.5,0.0,4268.643493,0.0
2019-02-14,11,0,163,160.49,160.49,0.0,-160490.0,0.0
2019-02-14,11,0,164,16.22,16.22,0.0,-2825.294719,0.0
2019-02-14,11,0,167,5.29,5.29,0.0,119.787699,0.0
2019-02-14,11,0,168,2.64,2.64,0.0,59.780629,0.0
2019-02-14,11,0,169,0.0,0.0,0.0,0.0,0.0
2019-02-14,11,0,170,5.79,5.79,0.0,131.109788,0.0
2019-02-14,11,0,172,7.01,7.01,0.0,50.987246,0.0
2019-02-14,11,0,173,10.68,10.68,0.0,77.680996,0.0
2019-02-14,11,0,188,9.56,9.56,0.0,187.416859,0.0
2019-02-14,11,0,190,8.07,8.07,0.0,261.690386,0.0
2019-02-14,11,0,191,20.84,20.84,0.0,675.79029,0.0
2019-02-14,11,0,192,332.6,332.6,0.0,10785.405497,0.0
2019-02-14,11,0,194,52.95,52.95,0.0,-6639.141755,0.0
2019-02-14,11,0,196,5.28,5.28,0.0,1428.207607,0.0
2019-02-14,11,0,198,9.43,9.43,0.0,-70.533156,0.0
2019-02-14,11,0,199,56.82,56.82,0.0,-7708.218305,0.0
2019-02-14,11,0,200,17.24,17.24,0.0,-2338.78359,0.0
2019-02-14,11,0,204,257.1,257.1,0.0,-25572.528627,0.0
2019-02-14,11,0,205,545.8,545.8,0.0,-52317.961929,0.0
2019-02-14,11,0,206,895.48,895.48,0.0,-156819.303185,0.0
2019-02-14,11,0,210,2.2,2.2,0.0,14.855644,0.0
2019-02-14,11,0,214,12.74,12.74,0.0,146.81512,0.0
2019-02-14,11,0,217,8.6,8.6,0.0,102.242691,0.0
2019-02-14,11,0,218,11.87,11.87,0.0,141.118691,0.0
2019-02-14,11,0,219,8.08,8.08,0.0,96.060575,0.0
2019-02-14,11,0,221,6.8,6.8,0.0,78.362859,0.0
2019-02-14,11,0,225,6.6,6.6,0.0,30.182847,0.0
2019-02-14,11,0,233,6.44,6.44,0.0,-24.64353,0.0
2019-02-14,11,0,236,17.34,17.34,0.0,-763.87483,0.0
2019-02-14,11,0,237,8.57,8.57,0.0,-517.345223,0.0
2019-02-14,11,0,238,72.52,72.52,0.0,-2567.324301,0.0
2019-02-14,11,0,240,9.83,9.83,0.0,-687.726085,0.0
2019-02-14,11,0,245,65.77,65.77,0.0,-1705.685662,0.0
2019-02-14,11,0,247,75.8,75.8,0.0,-1965.804671,0.0
2019-02-14,11,0,248,1.02,1.02,0.0,-61.574344,0.0
2019-02-14,11,0,249,126.48,126.48,0.0,-3280.144785,0.0
2019-02-14,11,0,251,157.29,157.29,0.0,-5117.755319,0.0
2019-02-14,11,0,252,167.57,167.57,0.0,-5164.756377,0.0
2019-02-14,11,0,254,14.88,14.88,0.0,-868.772291,0.0
2019-02-14,11,0,255,6.82,6.82,0.0,-398.1873,0.0
2019-02-14,11,0,258,12.08,12.08,0.0,-832.941675,0.0
2019-02-14,11,0,260,5.18,5.18,0.0,-220.108903,0.0
2019-02-14,11,0,265,63.1,63.1,0.0,-7976.613365,0.0
2019-02-14,11,0,266,17.54,17.54,0.0,-2217.270973,0.0
2019-02-14,11,0,267,21.55,21.55,0.0,-2724.184121,0.0
2019-02-14,11,0,270,542.91,542.91,0.0,-542910.0,0.0
2019-02-14,11,0,272,281.17,281.17,0.0,-69703.898234,0.0
2019-02-14,11,0,273,23.59,23.59,0.0,-23590.0,0.0
2019-02-14,11,0,274,708.99,708.99,0.0,-708990.0,0.0
2019-02-14,11,0,275,1000.33,1000.33,0.0,-1000330.0,0.0
2019-02-14,11,0,276,5.32,5.32,0.0,-4773.983988,0.0
2019-02-14,11,0,277,6.59,6.59,0.0,-1664.257342,0.0
2019-02-14,11,0,278,10.54,10.54,0.0,-2661.801576,0.0
2019-02-14,11,0,279,264.6,264.6,0.0,-66822.836517,0.0
2019-02-14,11,0,281,52.29,52.29,0.0,-9108.178845,0.0
2019-02-14,11,0,282,232.71,232.71,0.0,-40534.792486,0.0
2019-02-14,12,0,9,3.17,3.17,0.0,-1603.935305,0.0
2019-02-14,12,0,17,54.85,54.85,0.0,-1930.719691,0.0
2019-02-14,12,0,19,192.99,192.99,0.0,-6793.246913,0.0
2019-02-14,12,0,20,234.06,234.06,0.0,-8238.910682,0.0
2019-02-14,12,0,21,72.54,72.54,0.0,-36703.30191,0.0
2019-02-14,12,0,22,257.81,257.81,0.0,-130444.971951,0.0
2019-02-14,12,0,23,46.17,46.17,0.0,-23360.786451,0.0
2019-02-14,12,0,24,77.3,77.3,0.0,-39111.734734,0.0
2019-02-14,12,0,29,9.16,9.16,0.0,43.133474,0.0
2019-02-14,12,0,30,576.56,576.56,0.0,-576560.0,0.0
2019-02-14,12,0,31,125.0,125.0,0.0,-125000.0,0.0
2019-02-14,12,0,32,6.21,6.21,0.0,211.193147,0.0
2019-02-14,12,0,33,3.0,3.0,0.0,-16.243038,0.0
2019-02-14,12,0,34,4.8,4.8,0.0,-25.988861,0.0
2019-02-14,12,0,35,4.8,4.8,0.0,-25.988861,0.0
2019-02-14,12,0,36,11.91,11.91,0.0,-963.174291,0.0
2019-02-14,12,0,37,5.71,5.71,0.0,-464.706899,0.0
2019-02-14,12,0,38,7.34,7.34,0.0,-597.364035,0.0
2019-02-14,12,0,39,4.89,4.89,0.0,-397.971407,0.0
2019-02-14,12,0,40,4.89,4.89,0.0,-397.971407,0.0
2019-02-14,12,0,41,22.88,22.88,0.0,-3443.19638,0.0
2019-02-14,12,0,42,72.58,72.58,0.0,-3023.427227,0.0
2019-02-14,12,0,43,37.41,37.41,0.0,-2755.472214,0.0
2019-02-14,12,0,46,31.62,31.62,0.0,-2907.59466,0.0
2019-02-14,12,0,52,132.5,132.5,0.0,-132500.0,0.0
2019-02-14,12,0,53,210.5,210.5,0.0,-210500.0,0.0
2019-02-14,12,0,55,623.0,623.0,0.0,-315221.354972,0.0
2019-02-14,12,0,56,170.07,170.07,0.0,-170070.0,0.0
2019-02-14,12,0,57,161.77,161.77,0.0,-161770.0,0.0
2019-02-14,12,0,58,311.1,311.1,0.0,-311100.0,0.0
2019-02-14,12,0,59,305.91,305.91,0.0,-305910.0,0.0
2019-02-14,12,0,63,51.0,51.0,0.0,5677.422869,0.0
2019-02-14,12,0,64,60.0,60.0,0.0,6679.321022,0.0
2019-02-14,12,0,65,41.4,41.4,0.0,-1506.93366,0.0
2019-02-14,12,0,67,327.37,327.37,0.0,-176322.674826,0.0
2019-02-14,12,0,68,34.0,34.0,0.0,-13189.778253,0.0
2019-02-14,12,0,69,3.0,3.0,0.0,-16.243038,0.0
2019-02-14,12,0,74,39.68,39.68,0.0,-2800.038741,0.0
2019-02-14,12,0,77,60.0,60.0,0.0,-15354.132124,0.0
2019-02-14,12,0,78,45.36,45.36,0.0,-11607.723885,0.0
2019-02-14,12,0,79,26.25,26.25,0.0,-6717.432804,0.0
2019-02-14,12,0,80,42.45,42.45,0.0,-10863.048477,0.0
2019-02-14,12,0,81,55.5,55.5,0.0,-14202.572214,0.0
2019-02-14,12,0,82,39.15,39.15,0.0,-10018.571211,0.0
2019-02-14,12,0,83,87.3,87.3,0.0,-22340.26224,0.0
2019-02-14,12,0,84,0.0,0.0,0.0,-0.0,0.0
2019-02-14,12,0,86,15.21,15.21,0.0,-82.352203,0.0
2019-02-14,12,0,87,77.65,77.65,0.0,-420.423967,0.0
2019-02-14,12,0,88,51.18,51.18,0.0,-13097.074701,0.0
2019-02-14,12,0,89,49.2,49.2,0.0,-12590.388341,0.0
2019-02-14,12,0,90,66.06,66.06,0.0,-16904.899468,0.0
2019-02-14,12,0,91,235.65,235.65,0.0,-60303.353916,0.0
2019-02-14,12,0,92,84.75,84.75,0.0,-21687.711625,0.0
2019-02-14,12,0,95,120.0,120.0,0.0,3049.643213,0.0
2019-02-14,12,0,96,29.88,29.88,0.0,-4773.571235,0.0
2019-02-14,12,0,97,183.76,183.76,0.0,-29357.143579,0.0
2019-02-14,12,0,99,7.66,7.66,0.0,-540.531672,0.0
2019-02-14,12,0,101,11.61,11.61,0.0,-11610.0,0.0
2019-02-14,12,0,102,80.5,80.5,0.0,-31228.739686,0.0
2019-02-14,12,0,103,70.0,70.0,0.0,-27155.425814,0.0
2019-02-14,12,0,104,13.0,13.0,0.0,-5043.150508,0.0
2019-02-14,12,0,106,253.79,253.79,0.0,-128410.959355,0.0
2019-02-14,12,0,109,60.0,60.0,0.0,-6575.090778,0.0
2019-02-14,12,0,110,154.26,154.26,0.0,-154260.0,0.0
2019-02-14,12,0,111,20.21,20.21,0.0,-3041.38981,0.0
2019-02-14,12,0,113,45.0,45.0,0.0,-11109.601664,0.0
2019-02-14,12,0,115,45.0,45.0,0.0,-11109.601664,0.0
2019-02-14,12,0,116,128.78,128.78,0.0,-128780.0,0.0
2019-02-14,12,0,117,3.0,3.0,0.0,-740.640111,0.0
2019-02-14,12,0,119,60.0,60.0,0.0,6679.321022,0.0
2019-02-14,12,0,120,35.28,35.28,0.0,3927.440761,0.0
2019-02-14,12,0,123,4.23,4.23,0.0,-2140.266985,0.0
2019-02-14,12,0,125,70.73,70.73,0.0,-35787.490268,0.0
2019-02-14,12,0,126,190.34,190.34,0.0,-96306.954583,0.0
2019-02-14,12,0,127,244.27,244.27,0.0,-123594.093706,0.0
2019-02-14,12,0,128,96.96,96.96,0.0,-49059.169467,0.0
2019-02-14,12,0,131,30.0,30.0,0.0,-10430.868246,0.0
2019-02-14,12,0,132,44.1,44.1,0.0,-15333.376321,0.0
2019-02-14,12,0,133,41.94,41.94,0.0,-1471.548592,0.0
2019-02-14,12,0,134,0.0,0.0,0.0,-0.0,0.0
2019-02-14,12,0,135,56.2,56.2,0.0,-1971.889148,0.0
2019-02-14,12,0,136,45.9,45.9,0.0,-1673.752988,0.0
2019-02-14,12,0,139,29.55,29.55,0.0,-4446.96036,0.0
2019-02-14,12,0,140,114.17,114.17,0.0,-114170.0,0.0
2019-02-14,12,0,141,230.0,230.0,0.0,-123878.838043,0.0
2019-02-14,12,0,142,431.73,431.73,0.0,-232531.351079,0.0
2019-02-14,12,0,143,238.5,238.5,0.0,-238500.0,0.0
2019-02-14,12,0,145,56.25,56.25,0.0,-9227.163911,0.0
2019-02-14,12,0,146,268.0,268.0,0.0,-268000.0,0.0
2019-02-14,12,0,152,9.0,9.0,0.0,-620.869952,0.0
2019-02-14,12,0,153,11.27,11.27,0.0,-794.60831,0.0
2019-02-14,12,0,154,83.35,83.35,0.0,-12543.287513,0.0
2019-02-14,12,0,157,250.0,250.0,0.0,-134650.910916,0.0
2019-02-14,12,0,158,301.58,301.58,0.0,-162432.086856,0.0
2019-02-14,12,0,159,0.0,0.0,0.0,-0.0,0.0
2019-02-14,12,0,160,2.92,2.92,0.0,-145.024768,0.0
2019-02-14,12,0,161,65.45,65.45,0.0,-25390.323136,0.0
2019-02-14,12,0,162,162.5,162.5,0.0,4270.726754,0.0
2019-02-14,12,0,163,185.4,185.4,0.0,-185400.0,0.0
2019-02-14,12,0,164,22.91,22.91,0.0,-22910.0,0.0
2019-02-14,12,0,167,6.86,6.86,0.0,156.111493,0.0
2019-02-14,12,0,168,3.43,3.43,0.0,78.055746,0.0
2019-02-14,12,0,169,0.0,0.0,0.0,0.0,0.0
2019-02-14,12,0,170,7.5,7.5,0.0,170.67583,0.0
2019-02-14,12,0,172,9.17,9.17,0.0,34.958959,0.0
2019-02-14,12,0,173,13.97,13.97,0.0,53.258087,0.0
2019-02-14,12,0,188,12.54,12.54,0.0,210.036441,0.0
2019-02-14,12,0,190,10.61,10.61,0.0,344.056381,0.0
2019-02-14,12,0,191,27.41,27.41,0.0,888.839341,0.0
2019-02-14,12,0,192,332.6,332.6,0.0,10785.405497,0.0
2019-02-14,12,0,194,52.95,52.95,0.0,-6688.145334,0.0
2019-02-14,12,0,196,6.98,6.98,0.0,1876.835557,0.0
2019-02-14,12,0,198,12.34,12.34,0.0,-125.689762,0.0
2019-02-14,12,0,199,113.69,113.69,0.0,-16763.881218,0.0
2019-02-14,12,0,200,22.58,22.58,0.0,-3329.47874,0.0
2019-02-14,12,0,204,257.1,257.1,0.0,-29190.196329,0.0
2019-02-14,12,0,205,317.4,317.4,0.0,-34782.230217,0.0
2019-02-14,12,0,206,539.95,539.95,0.0,-86261.371764,0.0
2019-02-14,12,0,210,2.73,2.73,0.0,17.865209,0.0
2019-02-14,12,0,214,16.15,16.15,0.0,196.966812,0.0
2019-02-14,12,0,217,10.68,10.68,0.0,136.635329,0.0
2019-02-14,12,0,218,14.74,14.74,0.0,188.577224,0.0
2019-02-14,12,0,219,10.04,10.04,0.0,128.447444,0.0
2019-02-14,12,0,221,8.61,8.61,0.0,105.008313,0.0
2019-02-14,12,0,225,8.07,8.07,0.0,36.570574,0.0
2019-02-14,12,0,233,8.61,8.61,0.0,-46.617519,0.0
2019-02-14,12,0,236,72.15,72.15,0.0,-3719.139539,0.0
2019-02-14,12,0,237,95.18,95.18,0.0,-6716.423572,0.0
2019-02-14,12,0,238,94.46,94.46,0.0,-3934.870982,0.0
2019-02-14,12,0,240,13.5,13.5,0.0,-1091.759271,0.0
2019-02-14,12,0,245,78.0,78.0,0.0,-2401.585779,0.0
2019-02-14,12,0,247,165.01,165.01,0.0,-5080.585505,0.0
2019-02-14,12,0,248,9.55,9.55,0.0,-673.900453,0.0
2019-02-14,12,0,249,150.0,150.0,0.0,-4618.43419,0.0
2019-02-14,12,0,251,306.93,306.93,0.0,-11776.452625,0.0
2019-02-14,12,0,252,267.06,267.06,0.0,-9720.814085,0.0
2019-02-14,12,0,254,19.93,19.93,0.0,-1347.987243,0.0
2019-02-14,12,0,255,9.13,9.13,0.0,-617.517488,0.0
2019-02-14,12,0,258,16.68,16.68,0.0,-1329.492276,0.0
2019-02-14,12,0,260,7.1,7.1,0.0,-352.628716,0.0
2019-02-14,12,0,265,86.3,86.3,0.0,-12987.231103,0.0
2019-02-14,12,0,266,19.13,19.13,0.0,-2878.861309,0.0
2019-02-14,12,0,267,23.51,23.51,0.0,-3538.004672,0.0
2019-02-14,12,0,270,579.0,579.0,0.0,-579000.0,0.0
2019-02-14,12,0,272,150.39,150.39,0.0,-37128.28876,0.0
2019-02-14,12,0,273,30.8,30.8,0.0,-30800.0,0.0
2019-02-14,12,0,274,746.4,746.4,0.0,-746400.0,0.0
2019-02-14,12,0,275,1039.0,1039.0,0.0,-1039000.0,0.0
2019-02-14,12,0,276,7.04,7.04,0.0,-6314.738727,0.0
2019-02-14,12,0,277,8.57,8.57,0.0,-2146.760734,0.0
2019-02-14,12,0,278,13.72,13.72,0.0,-3436.821153,0.0
2019-02-14,12,0,279,264.6,264.6,0.0,-66281.550798,0.0
2019-02-14,12,0,281,56.1,56.1,0.0,-56100.0,0.0
2019-02-14,12,0,282,316.28,316.28,0.0,-316280.0,0.0
2019-02-14,13,0,9,3.7,3.7,0.0,-1878.061645,0.0
2019-02-14,13,0,17,60.97,60.97,0.0,-2178.354538,0.0
2019-02-14,13,0,19,192.99,192.99,0.0,-6895.204894,0.0
2019-02-14,13,0,20,234.06,234.06,0.0,-8362.566234,0.0
2019-02-14,13,0,21,84.53,84.53,0.0,-42906.094833,0.0
2019-02-14,13,0,22,300.42,300.42,0.0,-152488.453918,0.0
2019-02-14,13,0,23,90.35,90.35,0.0,-45860.235043,0.0
2019-02-14,13,0,24,157.79,157.79,0.0,-80091.715411,0.0
2019-02-14,13,0,29,10.12,10.12,0.0,49.207212,0.0
2019-02-14,13,0,30,702.76,702.76,0.0,-702760.0,0.0
2019-02-14,13,0,31,125.0,125.0,0.0,-125000.0,0.0
2019-02-14,13,0,32,6.97,6.97,0.0,172.025635,0.0
2019-02-14,13,0,33,3.6,3.6,0.0,-20.197968,0.0
2019-02-14,13,0,34,5.77,5.77,0.0,-32.372855,0.0
2019-02-14,13,0,35,5.77,5.77,0.0,-32.372855,0.0
2019-02-14,13,0,36,14.27,14.27,0.0,-1168.164146,0.0
2019-02-14,13,0,37,6.82,6.82,0.0,-561.788669,0.0
2019-02-14,13,0,38,8.77,8.77,0.0,-722.417393,0.0
2019-02-14,13,0,39,5.85,5.85,0.0,-481.886175,0.0
2019-02-14,13,0,40,5.85,5.85,0.0,-481.886175,0.0
2019-02-14,13,0,41,25.6,25.6,0.0,-3900.834166,0.0
2019-02-14,13,0,42,84.43,84.43,0.0,-3567.739497,0.0
2019-02-14,13,0,43,42.72,42.72,0.0,-3182.961218,0.0
2019-02-14,13,0,46,35.76,35.76,0.0,-3328.769331,0.0
2019-02-14,13,0,52,132.5,132.5,0.0,-132500.0,0.0
2019-02-14,13,0,53,210.5,210.5,0.0,-210500.0,0.0
2019-02-14,13,0,55,623.0,623.0,0.0,-316224.97434,0.0
2019-02-14,13,0,56,207.29,207.29,0.0,-207290.0,0.0
2019-02-14,13,0,57,197.18,197.18,0.0,-197180.0,0.0
2019-02-14,13,0,58,379.19,379.19,0.0,-379190.0,0.0
2019-02-14,13,0,59,372.87,372.87,0.0,-372870.0,0.0
2019-02-14,13,0,63,51.0,51.0,0.0,5309.119756,0.0
2019-02-14,13,0,64,60.0,60.0,0.0,6246.023243,0.0
2019-02-14,13,0,65,41.4,41.4,0.0,-1529.359207,0.0
2019-02-14,13,0,67,386.52,386.52,0.0,-209195.395082,0.0
2019-02-14,13,0,68,34.0,34.0,0.0,-13308.137804,0.0
2019-02-14,13,0,69,3.6,3.6,0.0,-20.197968,0.0
2019-02-14,13,0,74,129.66,129.66,0.0,-9269.700236,0.0
2019-02-14,13,0,77,60.0,60.0,0.0,-15600.39078,0.0
2019-02-14,13,0,78,45.36,45.36,0.0,-11793.89543,0.0
2019-02-14,13,0,79,26.25,26.25,0.0,-6825.170966,0.0
2019-02-14,13,0,80,42.45,42.45,0.0,-11037.276477,0.0
2019-02-14,13,0,81,55.5,55.5,0.0,-14430.361472,0.0
2019-02-14,13,0,82,39.15,39.15,0.0,-10179.254984,0.0
2019-02-14,13,0,83,87.3,87.3,0.0,-22698.568586,0.0
2019-02-14,13,0,84,0.0,0.0,0.0,-0.0,0.0
2019-02-14,13,0,86,18.26,18.26,0.0,-102.448584,0.0
2019-02-14,13,0,87,93.24,93.24,0.0,-523.127381,0.0
2019-02-14,13,0,88,51.18,51.18,0.0,-13307.133336,0.0
2019-02-14,13,0,89,49.2,49.2,0.0,-12792.32044,0.0
2019-02-14,13,0,90,66.06,66.06,0.0,-17176.030249,0.0
2019-02-14,13,0,91,235.65,235.65,0.0,-61270.53479,0.0
2019-02-14,13,0,92,84.75,84.75,0.0,-22035.551977,0.0
2019-02-14,13,0,95,120.0,120.0,0.0,3049.643213,0.0
2019-02-14,13,0,96,29.88,29.88,0.0,-4856.862623,0.0
2019-02-14,13,0,97,183.75,183.75,0.0,-29867.754586,0.0
2019-02-14,13,0,99,25.03,25.03,0.0,-1789.453933,0.0
2019-02-14,13,0,101,14.16,14.16,0.0,-14160.0,0.0
2019-02-14,13,0,102,80.5,80.5,0.0,-31508.97333,0.0
2019-02-14,13,0,103,70.0,70.0,0.0,-27399.107244,0.0
2019-02-14,13,0,104,13.0,13.0,0.0,-5088.405631,0.0
2019-02-14,13,0,106,295.74,295.74,0.0,-150112.959729,0.0
2019-02-14,13,0,109,60.0,60.0,0.0,-6659.765422,0.0
2019-02-14,13,0,110,120.72,120.72,0.0,-120720.0,0.0
2019-02-14,13,0,111,23.51,23.51,0.0,-3582.367627,0.0
2019-02-14,13,0,113,45.0,45.0,0.0,-11315.49168,0.0
2019-02-14,13,0,115,45.0,45.0,0.0,-11315.49168,0.0
2019-02-14,13,0,116,145.09,145.09,0.0,-145090.0,0.0
2019-02-14,13,0,117,3.0,3.0,0.0,-754.366112,0.0
2019-02-14,13,0,119,60.0,60.0,0.0,6246.023243,0.0
2019-02-14,13,0,120,35.28,35.28,0.0,3672.661667,0.0
2019-02-14,13,0,123,4.93,4.93,0.0,-2502.390246,0.0
2019-02-14,13,0,125,143.27,143.27,0.0,-72721.592414,0.0
2019-02-14,13,0,126,221.8,221.8,0.0,-112582.181876,0.0
2019-02-14,13,0,127,284.65,284.65,0.0,-144483.850635,0.0
2019-02-14,13,0,128,202.25,202.25,0.0,-102658.910209,0.0
2019-02-14,13,0,131,30.0,30.0,0.0,-10542.169013,0.0
2019-02-14,13,0,132,44.1,44.1,0.0,-15496.988449,0.0
2019-02-14,13,0,133,41.94,41.94,0.0,-1493.652949,0.0
2019-02-14,13,0,134,0.0,0.0,0.0,-0.0,0.0
2019-02-14,13,0,135,56.2,56.2,0.0,-2001.509197,0.0
2019-02-14,13,0,136,45.9,45.9,0.0,-1698.649792,0.0
2019-02-14,13,0,139,33.06,33.06,0.0,-5037.561623,0.0
2019-02-14,13,0,140,89.35,89.35,0.0,-89350.0,0.0
2019-02-14,13,0,141,230.0,230.0,0.0,-124482.409368,0.0
2019-02-14,13,0,142,509.72,509.72,0.0,-275874.668274,0.0
2019-02-14,13,0,143,238.5,238.5,0.0,-238500.0,0.0
2019-02-14,13,0,145,100.0,100.0,0.0,-16622.840053,0.0
2019-02-14,13,0,146,268.0,268.0,0.0,-268000.0,0.0
2019-02-14,13,0,152,10.68,10.68,0.0,-746.403355,0.0
2019-02-14,13,0,153,13.28,13.28,0.0,-948.533262,0.0
2019-02-14,13,0,154,96.96,96.96,0.0,-14774.409405,0.0
2019-02-14,13,0,157,250.0,250.0,0.0,-135306.966704,0.0
2019-02-14,13,0,158,369.09,369.09,0.0,-199761.793363,0.0
2019-02-14,13,0,159,0.0,0.0,0.0,-0.0,0.0
2019-02-14,13,0,160,3.39,3.39,0.0,-169.877588,0.0
2019-02-14,13,0,161,73.91,73.91,0.0,-28929.543091,0.0
2019-02-14,13,0,162,162.5,162.5,0.0,4272.000068,0.0
2019-02-14,13,0,163,104.55,104.55,0.0,-104550.0,0.0
2019-02-14,13,0,164,28.06,28.06,0.0,-28060.0,0.0
2019-02-14,13,0,167,7.77,7.77,0.0,179.508816,0.0
2019-02-14,13,0,168,3.88,3.88,0.0,89.638894,0.0
2019-02-14,13,0,169,0.0,0.0,0.0,0.0,0.0
2019-02-14,13,0,170,8.5,8.5,0.0,196.373865,0.0
2019-02-14,13,0,172,10.35,10.35,0.0,34.459941,0.0
2019-02-14,13,0,173,15.77,15.77,0.0,52.50563,0.0
2019-02-14,13,0,188,14.1,14.1,0.0,136.610467,0.0
2019-02-14,13,0,190,12.13,12.13,0.0,393.346268,0.0
2019-02-14,13,0,191,31.34,31.34,0.0,1016.27964,0.0
2019-02-14,13,0,192,332.6,332.6,0.0,10785.405497,0.0
2019-02-14,13,0,194,52.95,52.95,0.0,-6987.454367,0.0
2019-02-14,13,0,196,7.85,7.85,0.0,2046.011504,0.0
2019-02-14,13,0,198,14.4,14.4,0.0,-142.347474,0.0
2019-02-14,13,0,199,73.53,73.53,0.0,-11235.42316,0.0
2019-02-14,13,0,200,25.56,25.56,0.0,-3905.581613,0.0
2019-02-14,13,0,204,257.1,257.1,0.0,-29566.352712,0.0
2019-02-14,13,0,205,317.4,317.4,0.0,-35230.159082,0.0
2019-02-14,13,0,206,539.94,539.94,0.0,-87764.872987,0.0
2019-02-14,13,0,210,2.91,2.91,0.0,20.975743,0.0
2019-02-14,13,0,214,17.99,17.99,0.0,219.407613,0.0
2019-02-14,13,0,217,11.75,11.75,0.0,150.706248,0.0
2019-02-14,13,0,218,16.21,16.21,0.0,207.910493,0.0
2019-02-14,13,0,219,11.04,11.04,0.0,141.599743,0.0
2019-02-14,13,0,221,9.59,9.59,0.0,116.960478,0.0
2019-02-14,13,0,225,9.07,9.07,0.0,42.047006,0.0
2019-02-14,13,0,233,10.33,10.33,0.0,-57.956948,0.0
2019-02-14,13,0,236,319.85,319.85,0.0,-16714.481098,0.0
2019-02-14,13,0,237,311.04,311.04,0.0,-22236.985665,0.0
2019-02-14,13,0,238,109.9,109.9,0.0,-4644.019551,0.0
2019-02-14,13,0,240,16.18,16.18,0.0,-1324.519684,0.0
2019-02-14,13,0,245,78.0,78.0,0.0,-2438.958019,0.0
2019-02-14,13,0,247,171.72,171.72,0.0,-5369.459885,0.0
2019-02-14,13,0,248,31.22,31.22,0.0,-2231.991681,0.0
2019-02-14,13,0,249,150.0,150.0,0.0,-4690.303883,0.0
2019-02-14,13,0,251,326.4,326.4,0.0,-12707.458622,0.0
2019-02-14,13,0,252,267.06,267.06,0.0,-9865.475115,0.0
2019-02-14,13,0,254,23.25,23.25,0.0,-1589.966698,0.0
2019-02-14,13,0,255,10.66,10.66,0.0,-728.991183,0.0
2019-02-14,13,0,258,19.92,19.92,0.0,-1607.022174,0.0
2019-02-14,13,0,260,8.22,8.22,0.0,-411.915568,0.0
2019-02-14,13,0,265,100.39,100.39,0.0,-15297.060233,0.0
2019-02-14,13,0,266,21.41,21.41,0.0,-3262.377324,0.0
2019-02-14,13,0,267,26.31,26.31,0.0,-4009.021364,0.0
2019-02-14,13,0,270,325.32,325.32,0.0,-325320.0,0.0
2019-02-14,13,0,272,150.39,150.39,0.0,-37816.373195,0.0
2019-02-14,13,0,273,34.69,34.69,0.0,-34690.0,0.0
2019-02-14,13,0,274,419.18,419.18,0.0,-419180.0,0.0
2019-02-14,13,0,275,583.24,583.24,0.0,-583240.0,0.0
2019-02-14,13,0,276,7.72,7.72,0.0,-6929.208489,0.0
2019-02-14,13,0,277,9.73,9.73,0.0,-2480.018028,0.0
2019-02-14,13,0,278,15.57,15.57,0.0,-3968.538612,0.0
2019-02-14,13,0,279,378.16,378.16,0.0,-96386.805481,0.0
2019-02-14,13,0,281,56.1,56.1,0.0,-56100.0,0.0
2019-02-14,13,0,282,385.51,385.51,0.0,-385510.0,0.0
2019-02-14,14,0,9,3.87,3.87,0.0,-2169.41781,0.0
2019-02-14,14,0,17,63.22,63.22,0.0,-649.505344,0.0
2019-02-14,14,0,19,192.99,192.99,0.0,-1982.72756,0.0
2019-02-14,14,0,20,234.06,234.06,0.0,-2404.669738,0.0
2019-02-14,14,0,21,88.49,88.49,0.0,-49605.111633,0.0
2019-02-14,14,0,22,314.47,314.47,0.0,-176283.415698,0.0
2019-02-14,14,0,23,42.61,42.61,0.0,-23886.018835,0.0
2019-02-14,14,0,24,73.27,73.27,0.0,-41073.189392,0.0
2019-02-14,14,0,29,10.05,10.05,0.0,48.06988,0.0
2019-02-14,14,0,30,752.45,752.45,0.0,-752450.0,0.0
2019-02-14,14,0,31,125.0,125.0,0.0,-125000.0,0.0
2019-02-14,14,0,32,6.97,6.97,0.0,167.749145,0.0
2019-02-14,14,0,33,3.69,3.69,0.0,14.81986,0.0
2019-02-14,14,0,34,5.9,5.9,0.0,23.695711,0.0
2019-02-14,14,0,35,5.9,5.9,0.0,23.695711,0.0
2019-02-14,14,0,36,14.69,14.69,0.0,-211.32162,0.0
2019-02-14,14,0,37,7.01,7.01,0.0,-78.088669,0.0
2019-02-14,14,0,38,9.02,9.02,0.0,-100.479286,0.0
2019-02-14,14,0,39,6.01,6.01,0.0,-66.949059,0.0
2019-02-14,14,0,40,6.01,6.01,0.0,-66.949059,0.0
2019-02-14,14,0,41,23.39,23.39,0.0,-4536.400601,0.0
2019-02-14,14,0,42,88.95,88.95,0.0,-1189.376533,0.0
2019-02-14,14,0,43,43.23,43.23,0.0,-140.773125,0.0
2019-02-14,14,0,46,36.64,36.64,0.0,549.03247,0.0
2019-02-14,14,0,52,132.5,132.5,0.0,-132500.0,0.0
2019-02-14,14,0,53,210.5,210.5,0.0,-210500.0,0.0
2019-02-14,14,0,55,623.0,623.0,0.0,-349237.027315,0.0
2019-02-14,14,0,56,221.94,221.94,0.0,-221940.0,0.0
2019-02-14,14,0,57,211.12,211.12,0.0,-211120.0,0.0
2019-02-14,14,0,58,406.0,406.0,0.0,-406000.0,0.0
2019-02-14,14,0,59,399.23,399.23,0.0,-399230.0,0.0
2019-02-14,14,0,63,51.0,51.0,0.0,5190.534305,0.0
2019-02-14,14,0,64,60.0,60.0,0.0,6106.510947,0.0
2019-02-14,14,0,65,41.4,41.4,0.0,-449.154447,0.0
2019-02-14,14,0,67,400.66,400.66,0.0,-221746.399994,0.0
2019-02-14,14,0,68,19.16,19.16,0.0,-7810.24458,0.0
2019-02-14,14,0,69,3.69,3.69,0.0,14.81986,0.0
2019-02-14,14,0,74,101.6,101.6,0.0,-3523.997229,0.0
2019-02-14,14,0,77,60.0,60.0,0.0,-17040.187139,0.0
2019-02-14,14,0,78,45.36,45.36,0.0,-12882.381477,0.0
2019-02-14,14,0,79,26.25,26.25,0.0,-7455.081873,0.0
2019-02-14,14,0,80,42.45,42.45,0.0,-12055.932401,0.0
2019-02-14,14,0,81,55.5,55.5,0.0,-15762.173104,0.0
2019-02-14,14,0,82,39.15,39.15,0.0,-11118.722108,0.0
2019-02-14,14,0,83,87.3,87.3,0.0,-24793.472287,0.0
2019-02-14,14,0,84,0.0,0.0,0.0,-0.0,0.0
2019-02-14,14,0,86,18.69,18.69,0.0,75.063192,0.0
2019-02-14,14,0,87,95.41,95.41,0.0,383.187754,0.0
2019-02-14,14,0,88,51.18,51.18,0.0,-14535.27963,0.0
2019-02-14,14,0,89,49.2,49.2,0.0,-13972.953454,0.0
2019-02-14,14,0,90,66.06,66.06,0.0,-18761.24604,0.0
2019-02-14,14,0,91,235.65,235.65,0.0,-66925.334989,0.0
2019-02-14,14,0,92,84.75,84.75,0.0,-24069.264334,0.0
2019-02-14,14,0,95,120.0,120.0,0.0,3049.643213,0.0
2019-02-14,14,0,96,31.39,31.39,0.0,-7895.312223,0.0
2019-02-14,14,0,97,210.51,210.51,0.0,-52948.141961,0.0
2019-02-14,14,0,99,19.61,19.61,0.0,-680.173087,0.0
2019-02-14,14,0,101,15.16,15.16,0.0,-15160.0,0.0
2019-02-14,14,0,102,45.25,45.25,0.0,-18445.384513,0.0
2019-02-14,14,0,103,39.36,39.36,0.0,-16044.42728,0.0
2019-02-14,14,0,104,7.37,7.37,0.0,-3004.253787,0.0
2019-02-14,14,0,106,309.57,309.57,0.0,-173536.607618,0.0
2019-02-14,14,0,109,60.0,60.0,0.0,-710.971966,0.0
2019-02-14,14,0,110,55.89,55.89,0.0,-55890.0,0.0
2019-02-14,14,0,111,25.07,25.07,0.0,-4862.230143,0.0
2019-02-14,14,0,113,45.0,45.0,0.0,-11773.357828,0.0
2019-02-14,14,0,115,45.0,45.0,0.0,-11773.357828,0.0
2019-02-14,14,0,116,147.17,147.17,0.0,-147170.0,0.0
2019-02-14,14,0,117,3.0,3.0,0.0,-784.890522,0.0
2019-02-14,14,0,119,60.0,60.0,0.0,6106.510947,0.0
2019-02-14,14,0,120,35.28,35.28,0.0,3590.628437,0.0
2019-02-14,14,0,123,5.16,5.16,0.0,-2892.55708,0.0
2019-02-14,14,0,125,66.79,66.79,0.0,-37440.67585,0.0
2019-02-14,14,0,126,232.18,232.18,0.0,-130153.857146,0.0
2019-02-14,14,0,127,297.96,297.96,0.0,-167028.354188,0.0
2019-02-14,14,0,128,92.7,92.7,0.0,-51965.124289,0.0
2019-02-14,14,0,131,30.0,30.0,0.0,-11060.66332,0.0
2019-02-14,14,0,132,44.1,44.1,0.0,-16259.175081,0.0
2019-02-14,14,0,133,41.94,41.94,0.0,-428.606661,0.0
2019-02-14,14,0,134,0.0,0.0,0.0,-0.0,0.0
2019-02-14,14,0,135,56.2,56.2,0.0,-574.337013,0.0
2019-02-14,14,0,136,45.9,45.9,0.0,-499.425508,0.0
2019-02-14,14,0,139,30.2,30.2,0.0,-5857.173926,0.0
2019-02-14,14,0,140,41.36,41.36,0.0,-41360.0,0.0
2019-02-14,14,0,141,230.0,230.0,0.0,-127294.144658,0.0
2019-02-14,14,0,142,528.37,528.37,0.0,-292427.857447,0.0
2019-02-14,14,0,143,238.5,238.5,0.0,-238500.0,0.0
2019-02-14,14,0,145,56.12,56.12,0.0,-16169.728234,0.0
2019-02-14,14,0,146,268.0,268.0,0.0,-268000.0,0.0
2019-02-14,14,0,152,11.22,11.22,0.0,-245.844597,0.0
2019-02-14,14,0,153,14.01,14.01,0.0,-313.015889,0.0
2019-02-14,14,0,154,103.43,103.43,0.0,-20059.850967,0.0
2019-02-14,14,0,157,250.0,250.0,0.0,-138363.200715,0.0
2019-02-14,14,0,158,393.56,393.56,0.0,-217816.885093,0.0
2019-02-14,14,0,159,0.0,0.0,0.0,-0.0,0.0
2019-02-14,14,0,160,3.43,3.43,0.0,3.440087,0.0
2019-02-14,14,0,161,76.51,76.51,0.0,-31187.986057,0.0
2019-02-14,14,0,162,162.5,162.5,0.0,4267.804241,0.0
2019-02-14,14,0,163,130.61,130.61,0.0,-130610.0,0.0
2019-02-14,14,0,164,30.06,30.06,0.0,-30060.0,0.0
2019-02-14,14,0,167,7.92,7.92,0.0,183.515694,0.0
2019-02-14,14,0,168,3.96,3.96,0.0,91.757847,0.0
2019-02-14,14,0,169,0.0,0.0,0.0,0.0,0.0
2019-02-14,14,0,170,8.66,8.66,0.0,200.662362,0.0
2019-02-14,14,0,172,10.5,10.5,0.0,34.95936,0.0
2019-02-14,14,0,173,16.01,16.01,0.0,53.304701,0.0
2019-02-14,14,0,188,14.11,14.11,0.0,136.707354,0.0
2019-02-14,14,0,190,12.19,12.19,0.0,395.291921,0.0
2019-02-14,14,0,191,31.49,31.49,0.0,1021.143774,0.0
2019-02-14,14,0,192,259.93,259.93,0.0,8428.894922,0.0
2019-02-14,14,0,194,52.95,52.95,0.0,-7000.71521,0.0
2019-02-14,14,0,196,7.91,7.91,0.0,2020.720005,0.0
2019-02-14,14,0,198,14.91,14.91,0.0,115.2281,0.0
2019-02-14,14,0,199,130.0,130.0,0.0,-3878.07006,0.0
2019-02-14,14,0,200,25.94,25.94,0.0,-773.824133,0.0
2019-02-14,14,0,204,257.1,257.1,0.0,9383.869016,0.0
2019-02-14,14,0,205,317.4,317.4,0.0,-3761.041698,0.0
2019-02-14,14,0,206,745.19,745.19,0.0,-187432.549084,0.0
2019-02-14,14,0,210,2.9,2.9,0.0,19.775892,0.0
2019-02-14,14,0,214,18.04,18.04,0.0,220.017417,0.0
2019-02-14,14,0,217,11.94,11.94,0.0,127.099278,0.0
2019-02-14,14,0,218,16.47,16.47,0.0,175.320361,0.0
2019-02-14,14,0,219,11.22,11.22,0.0,119.435,0.0
2019-02-14,14,0,221,9.62,9.62,0.0,117.326361,0.0
2019-02-14,14,0,225,9.15,9.15,0.0,41.96584,0.0
2019-02-14,14,0,233,10.57,10.57,0.0,42.451468,0.0
2019-02-14,14,0,236,143.53,143.53,0.0,-2435.606765,0.0
2019-02-14,14,0,237,243.73,243.73,0.0,-8453.777997,0.0
2019-02-14,14,0,238,115.77,115.77,0.0,-1547.994617,0.0
2019-02-14,14,0,240,16.65,16.65,0.0,-239.517016,0.0
2019-02-14,14,0,245,78.0,78.0,0.0,-636.30715,0.0
2019-02-14,14,0,247,171.72,171.72,0.0,-1400.854664,0.0
2019-02-14,14,0,248,24.47,24.47,0.0,-848.742246,0.0
2019-02-14,14,0,249,150.0,150.0,0.0,-1223.667596,0.0
2019-02-14,14,0,251,326.4,326.4,0.0,-3849.518326,0.0
2019-02-14,14,0,252,267.06,267.06,0.0,-2897.371657,0.0
2019-02-14,14,0,254,23.53,23.53,0.0,-51.473343,0.0
2019-02-14,14,0,255,10.78,10.78,0.0,-23.581922,0.0
2019-02-14,14,0,258,20.44,20.44,0.0,-257.298253,0.0
2019-02-14,14,0,260,8.32,8.32,0.0,8.344467,0.0
2019-02-14,14,0,265,107.09,107.09,0.0,-20769.693899,0.0
2019-02-14,14,0,266,19.56,19.56,0.0,-3793.586821,0.0
2019-02-14,14,0,267,24.03,24.03,0.0,-4660.526141,0.0
2019-02-14,14,0,270,454.05,454.05,0.0,-454050.0,0.0
2019-02-14,14,0,272,150.39,150.39,0.0,-39346.561862,0.0
2019-02-14,14,0,273,35.19,35.19,0.0,-35190.0,0.0
2019-02-14,14,0,274,605.65,605.65,0.0,-605650.0,0.0
2019-02-14,14,0,275,880.86,880.86,0.0,-880860.0,0.0
2019-02-14,14,0,276,7.9,7.9,0.0,-7112.33395,0.0
2019-02-14,14,0,277,9.97,9.97,0.0,-2697.880491,0.0
2019-02-14,14,0,278,15.95,15.95,0.0,-4316.067586,0.0
2019-02-14,14,0,279,264.6,264.6,0.0,-71600.719958,0.0
2019-02-14,14,0,281,56.1,56.1,0.0,-56100.0,0.0
2019-02-14,14,0,282,412.76,412.76,0.0,-412760.0,0.0
2019-02-14,15,0,9,3.71,3.71,0.0,-1467.665287,0.0
2019-02-14,15,0,17,60.69,60.69,0.0,305.805152,0.0
2019-02-14,15,0,19,192.99,192.99,0.0,972.439219,0.0
2019-02-14,15,0,20,234.06,234.06,0.0,1179.382992,0.0
2019-02-14,15,0,21,84.86,84.86,0.0,-33570.370951,0.0
2019-02-14,15,0,22,301.6,301.6,0.0,-119312.089075,0.0
2019-02-14,15,0,23,32.64,32.64,0.0,-12912.289746,0.0
2019-02-14,15,0,24,57.75,57.75,0.0,-22845.733236,0.0
2019-02-14,15,0,29,9.55,9.55,0.0,48.144324,0.0
2019-02-14,15,0,30,723.69,723.69,0.0,-723690.0,0.0
2019-02-14,15,0,31,125.0,125.0,0.0,-125000.0,0.0
2019-02-14,15,0,32,6.68,6.68,0.0,155.498076,0.0
2019-02-14,15,0,33,3.61,3.61,0.0,35.167137,0.0
2019-02-14,15,0,34,5.77,5.77,0.0,56.208969,0.0
2019-02-14,15,0,35,5.77,5.77,0.0,56.208969,0.0
2019-02-14,15,0,36,14.32,14.32,0.0,-25.610989,0.0
2019-02-14,15,0,37,6.82,6.82,0.0,-12.153837,0.0
2019-02-14,15,0,38,8.77,8.77,0.0,-15.628908,0.0
2019-02-14,15,0,39,5.85,5.85,0.0,-10.425212,0.0
2019-02-14,15,0,40,5.85,5.85,0.0,-10.425212,0.0
2019-02-14,15,0,41,36.11,36.11,0.0,-634.524248,0.0
2019-02-14,15,0,42,85.83,85.83,0.0,344.985772,0.0
2019-02-14,15,0,43,42.21,42.21,0.0,-30.400079,0.0
2019-02-14,15,0,46,35.36,35.36,0.0,-102.908885,0.0
2019-02-14,15,0,52,132.5,132.5,0.0,-132500.0,0.0
2019-02-14,15,0,53,210.5,210.5,0.0,-210500.0,0.0
2019-02-14,15,0,55,623.0,623.0,0.0,-246457.000973,0.0
2019-02-14,15,0,56,213.46,213.46,0.0,-213460.0,0.0
2019-02-14,15,0,57,203.05,203.05,0.0,-203050.0,0.0
2019-02-14,15,0,58,390.48,390.48,0.0,-390480.0,0.0
2019-02-14,15,0,59,383.97,383.97,0.0,-383970.0,0.0
2019-02-14,15,0,63,51.0,51.0,0.0,5064.618045,0.0
2019-02-14,15,0,64,60.0,60.0,0.0,5958.374171,0.0
2019-02-14,15,0,65,40.66,40.66,0.0,197.178262,0.0
2019-02-14,15,0,67,386.51,386.51,0.0,-216107.4761,0.0
2019-02-14,15,0,68,34.0,34.0,0.0,-14115.355287,0.0
2019-02-14,15,0,69,3.61,3.61,0.0,35.167137,0.0
2019-02-14,15,0,74,81.25,81.25,0.0,-65.049585,0.0
2019-02-14,15,0,77,60.0,60.0,0.0,-17660.155501,0.0
2019-02-14,15,0,78,45.36,45.36,0.0,-13351.077559,0.0
2019-02-14,15,0,79,26.25,26.25,0.0,-7726.318032,0.0
2019-02-14,15,0,80,42.45,42.45,0.0,-12494.560017,0.0
2019-02-14,15,0,81,55.5,55.5,0.0,-16335.643838,0.0
2019-02-14,15,0,82,39.15,39.15,0.0,-11523.251464,0.0
2019-02-14,15,0,83,87.3,87.3,0.0,-25695.526254,0.0
2019-02-14,15,0,84,0.0,0.0,0.0,-0.0,0.0
2019-02-14,15,0,86,18.28,18.28,0.0,178.076249,0.0
2019-02-14,15,0,87,93.35,93.35,0.0,909.377342,0.0
2019-02-14,15,0,88,51.18,51.18,0.0,-15064.112642,0.0
2019-02-14,15,0,89,49.2,49.2,0.0,-14481.327511,0.0
2019-02-14,15,0,90,66.06,66.06,0.0,-19443.831206,0.0
2019-02-14,15,0,91,235.65,235.65,0.0,-69360.26073,0.0
2019-02-14,15,0,92,84.75,84.75,0.0,-24944.969645,0.0
2019-02-14,15,0,95,120.0,120.0,0.0,3049.643213,0.0
2019-02-14,15,0,96,29.88,29.88,0.0,926.314026,0.0
2019-02-14,15,0,97,183.75,183.75,0.0,5696.459249,0.0
2019-02-14,15,0,99,15.68,15.68,0.0,-12.553569,0.0
2019-02-14,15,0,101,14.58,14.58,0.0,-14580.0,0.0
2019-02-14,15,0,102,80.5,80.5,0.0,-33420.17943,0.0
2019-02-14,15,0,103,70.0,70.0,0.0,-29061.025592,0.0
2019-02-14,15,0,104,13.0,13.0,0.0,-5397.04761,0.0
2019-02-14,15,0,106,296.9,296.9,0.0,-117452.782647,0.0
2019-02-14,15,0,109,60.0,60.0,0.0,-305.029733,0.0
2019-02-14,15,0,110,24.29,24.29,0.0,-24290.0,0.0
2019-02-14,15,0,111,24.04,24.04,0.0,-422.430433,0.0
2019-02-14,15,0,113,45.0,45.0,0.0,-12068.209081,0.0
2019-02-14,15,0,115,45.0,45.0,0.0,-12068.209081,0.0
2019-02-14,15,0,116,140.51,140.51,0.0,-140510.0,0.0
2019-02-14,15,0,117,3.0,3.0,0.0,-804.547272,0.0
2019-02-14,15,0,119,60.0,60.0,0.0,5958.374171,0.0
2019-02-14,15,0,120,35.28,35.28,0.0,3503.524012,0.0
2019-02-14,15,0,123,4.95,4.95,0.0,-1958.205706,0.0
2019-02-14,15,0,125,52.26,52.26,0.0,-20673.90509,0.0
2019-02-14,15,0,126,222.68,222.68,0.0,-88091.564971,0.0
2019-02-14,15,0,127,285.77,285.77,0.0,-113049.786787,0.0
2019-02-14,15,0,128,74.85,74.85,0.0,-29610.443857,0.0
2019-02-14,15,0,131,73.62,73.62,0.0,-27733.2559,0.0
2019-02-14,15,0,132,108.35,108.35,0.0,-40816.330844,0.0
2019-02-14,15,0,133,41.94,41.94,0.0,212.075791,0.0
2019-02-14,15,0,134,0.0,0.0,0.0,0.0,0.0
2019-02-14,15,0,135,56.2,56.2,0.0,284.183582,0.0
2019-02-14,15,0,136,45.9,45.9,0.0,222.112165,0.0
2019-02-14,15,0,139,46.95,46.95,0.0,-825.004527,0.0
2019-02-14,15,0,140,17.98,17.98,0.0,-17980.0,0.0
2019-02-14,15,0,141,230.0,230.0,0.0,-128598.793053,0.0
2019-02-14,15,0,142,509.7,509.7,0.0,-284986.107909,0.0
2019-02-14,15,0,143,238.5,238.5,0.0,-238500.0,0.0
2019-02-14,15,0,145,30.0,30.0,0.0,-335.824443,0.0
2019-02-14,15,0,146,268.0,268.0,0.0,-268000.0,0.0
2019-02-14,15,0,152,10.84,10.84,0.0,-1.501627,0.0
2019-02-14,15,0,153,13.55,13.55,0.0,-4.991957,0.0
2019-02-14,15,0,154,99.18,99.18,0.0,-1742.789115,0.0
2019-02-14,15,0,157,250.0,250.0,0.0,-139781.296797,0.0
2019-02-14,15,0,158,377.03,377.03,0.0,-210806.969325,0.0
2019-02-14,15,0,159,0.0,0.0,0.0,0.0,0.0
2019-02-14,15,0,160,3.27,3.27,0.0,7.936659,0.0
2019-02-14,15,0,161,73.01,73.01,0.0,-30310.649692,0.0
2019-02-14,15,0,162,162.5,162.5,0.0,4262.559307,0.0
2019-02-14,15,0,163,142.89,142.89,0.0,-142890.0,0.0
2019-02-14,15,0,164,28.4,28.4,0.0,-28400.0,0.0
2019-02-14,15,0,167,7.45,7.45,0.0,173.111063,0.0
2019-02-14,15,0,168,3.73,3.73,0.0,86.671713,0.0
2019-02-14,15,0,169,0.0,0.0,0.0,0.0,0.0
2019-02-14,15,0,170,8.15,8.15,0.0,189.376532,0.0
2019-02-14,15,0,172,10.0,10.0,0.0,33.294629,0.0
2019-02-14,15,0,173,15.24,15.24,0.0,50.741014,0.0
2019-02-14,15,0,188,13.57,13.57,0.0,131.475464,0.0
2019-02-14,15,0,190,11.43,11.43,0.0,370.646978,0.0
2019-02-14,15,0,191,29.54,29.54,0.0,957.910037,0.0
2019-02-14,15,0,192,175.64,175.64,0.0,5695.576132,0.0
2019-02-14,15,0,194,52.95,52.95,0.0,-7233.893298,0.0
2019-02-14,15,0,196,7.48,7.48,0.0,1878.228405,0.0
2019-02-14,15,0,198,14.38,14.38,0.0,105.650723,0.0
2019-02-14,15,0,199,130.0,130.0,0.0,-4044.060211,0.0
2019-02-14,15,0,200,24.96,24.96,0.0,-776.45956,0.0
2019-02-14,15,0,204,257.1,257.1,0.0,-1412.369825,0.0
2019-02-14,15,0,205,317.4,317.4,0.0,-1613.607285,0.0
2019-02-14,15,0,206,539.94,539.94,0.0,16738.754867,0.0
2019-02-14,15,0,210,2.79,2.79,0.0,16.814171,0.0
2019-02-14,15,0,214,17.61,17.61,0.0,220.350804,0.0
2019-02-14,15,0,217,11.5,11.5,0.0,113.143853,0.0
2019-02-14,15,0,218,15.87,15.87,0.0,156.138518,0.0
2019-02-14,15,0,219,10.81,10.81,0.0,106.355222,0.0
2019-02-14,15,0,221,9.39,9.39,0.0,117.495403,0.0
2019-02-14,15,0,225,8.6,8.6,0.0,42.536783,0.0
2019-02-14,15,0,233,10.35,10.35,0.0,100.825447,0.0
2019-02-14,15,0,236,122.72,122.72,0.0,306.451741,0.0
2019-02-14,15,0,237,194.91,194.91,0.0,-156.04695,0.0
2019-02-14,15,0,238,111.71,111.71,0.0,449.008045,0.0
2019-02-14,15,0,240,16.23,16.23,0.0,-29.02698,0.0
2019-02-14,15,0,245,78.0,78.0,0.0,447.342379,0.0
2019-02-14,15,0,247,171.72,171.72,0.0,984.841452,0.0
2019-02-14,15,0,248,19.56,19.56,0.0,-15.659937,0.0
2019-02-14,15,0,249,150.0,150.0,0.0,860.273805,0.0
2019-02-14,15,0,251,243.41,243.41,0.0,1104.724585,0.0
2019-02-14,15,0,252,262.26,262.26,0.0,1271.814336,0.0
2019-02-14,15,0,254,23.33,23.33,0.0,1.62294,0.0
2019-02-14,15,0,255,10.69,10.69,0.0,0.743644,0.0
2019-02-14,15,0,258,19.8,19.8,0.0,-31.995674,0.0
2019-02-14,15,0,260,7.93,7.93,0.0,19.247004,0.0
2019-02-14,15,0,265,102.69,102.69,0.0,-1804.46677,0.0
2019-02-14,15,0,266,30.02,30.02,0.0,-527.510882,0.0
2019-02-14,15,0,267,37.13,37.13,0.0,-652.447669,0.0
2019-02-14,15,0,270,466.38,466.38,0.0,-466380.0,0.0
2019-02-14,15,0,272,150.39,150.39,0.0,-40331.954748,0.0
2019-02-14,15,0,273,33.6,33.6,0.0,-33600.0,0.0
2019-02-14,15,0,274,614.3,614.3,0.0,-614300.0,0.0
2019-02-14,15,0,275,881.73,881.73,0.0,-881730.0,0.0
2019-02-14,15,0,276,7.58,7.58,0.0,-6833.839659,0.0
2019-02-14,15,0,277,9.47,9.47,0.0,-2638.98392,0.0
2019-02-14,15,0,278,15.16,15.16,0.0,-4224.603615,0.0
2019-02-14,15,0,279,264.6,264.6,0.0,-73735.495812,0.0
2019-02-14,15,0,281,56.1,56.1,0.0,-56100.0,0.0
2019-02-14,15,0,282,396.99,396.99,0.0,-396990.0,0.0
2019-02-14,16,0,9,3.17,3.17,0.0,-1247.390495,0.0
2019-02-14,16,0,17,47.84,47.84,0.0,266.189963,0.0
2019-02-14,16,0,19,332.0,332.0,0.0,1847.304926,0.0
2019-02-14,16,0,20,419.03,419.03,0.0,2331.554769,0.0
2019-02-14,16,0,21,72.53,72.53,0.0,-28540.451936,0.0
2019-02-14,16,0,22,257.78,257.78,0.0,-101436.063697,0.0
2019-02-14,16,0,23,32.64,32.64,0.0,-12843.793619,0.0
2019-02-14,16,0,24,57.75,57.75,0.0,-22724.542938,0.0
2019-02-14,16,0,29,7.75,7.75,0.0,40.865416,0.0
2019-02-14,16,0,30,621.94,621.94,0.0,-621940.0,0.0
2019-02-14,16,0,31,125.0,125.0,0.0,-125000.0,0.0
2019-02-14,16,0,32,5.4,5.4,0.0,125.310254,0.0
2019-02-14,16,0,33,3.04,3.04,0.0,29.60321,0.0
2019-02-14,16,0,34,4.86,4.86,0.0,47.326185,0.0
2019-02-14,16,0,35,4.86,4.86,0.0,47.326185,0.0
2019-02-14,16,0,36,12.23,12.23,0.0,-5.304195,0.0
2019-02-14,16,0,37,5.84,5.84,0.0,-2.421995,0.0
2019-02-14,16,0,38,7.51,7.51,0.0,-3.114586,0.0
2019-02-14,16,0,39,5.0,5.0,0.0,-2.073626,0.0
2019-02-14,16,0,40,5.0,5.0,0.0,-2.073626,0.0
2019-02-14,16,0,41,45.87,45.87,0.0,-693.370791,0.0
2019-02-14,16,0,42,74.39,74.39,0.0,346.616772,0.0
2019-02-14,16,0,43,36.07,36.07,0.0,18.621679,0.0
2019-02-14,16,0,46,29.88,29.88,0.0,-40.265923,0.0
2019-02-14,16,0,52,132.5,132.5,0.0,-132500.0,0.0
2019-02-14,16,0,53,210.5,210.5,0.0,-210500.0,0.0
2019-02-14,16,0,55,623.0,623.0,0.0,-245149.614723,0.0
2019-02-14,16,0,56,183.45,183.45,0.0,-183450.0,0.0
2019-02-14,16,0,57,174.5,174.5,0.0,-174500.0,0.0
2019-02-14,16,0,58,335.58,335.58,0.0,-335580.0,0.0
2019-02-14,16,0,59,329.99,329.99,0.0,-329990.0,0.0
2019-02-14,16,0,63,51.0,51.0,0.0,5053.045998,0.0
2019-02-14,16,0,64,60.0,60.0,0.0,5944.759998,0.0
2019-02-14,16,0,65,28.14,28.14,0.0,151.846516,0.0
2019-02-14,16,0,67,318.1,318.1,0.0,-178023.09236,0.0
2019-02-14,16,0,68,34.0,34.0,0.0,-14138.802781,0.0
2019-02-14,16,0,69,3.04,3.04,0.0,29.60321,0.0
2019-02-14,16,0,74,41.99,41.99,0.0,14.533837,0.0
2019-02-14,16,0,77,60.0,60.0,0.0,-17716.953381,0.0
2019-02-14,16,0,78,45.36,45.36,0.0,-13394.016756,0.0
2019-02-14,16,0,79,26.25,26.25,0.0,-7751.167104,0.0
2019-02-14,16,0,80,42.45,42.45,0.0,-12534.744517,0.0
2019-02-14,16,0,81,55.5,55.5,0.0,-16388.181877,0.0
2019-02-14,16,0,82,39.15,39.15,0.0,-11560.312081,0.0
2019-02-14,16,0,83,87.3,87.3,0.0,-25778.167169,0.0
2019-02-14,16,0,84,0.0,0.0,0.0,-0.0,0.0
2019-02-14,16,0,86,15.39,15.39,0.0,149.866251,0.0
2019-02-14,16,0,87,78.57,78.57,0.0,765.106651,0.0
2019-02-14,16,0,88,51.18,51.18,0.0,-15112.561234,0.0
2019-02-14,16,0,89,49.2,49.2,0.0,-14527.901772,0.0
2019-02-14,16,0,90,66.06,66.06,0.0,-19506.365672,0.0
2019-02-14,16,0,91,235.65,235.65,0.0,-69583.334404,0.0
2019-02-14,16,0,92,84.75,84.75,0.0,-25025.196651,0.0
2019-02-14,16,0,95,120.0,120.0,0.0,3049.643213,0.0
2019-02-14,16,0,96,29.88,29.88,0.0,1034.793326,0.0
2019-02-14,16,0,97,183.75,183.75,0.0,6363.563378,0.0
2019-02-14,16,0,99,9.21,9.21,0.0,3.187822,0.0
2019-02-14,16,0,101,12.53,12.53,0.0,-12530.0,0.0
2019-02-14,16,0,102,80.5,80.5,0.0,-33475.69482,0.0
2019-02-14,16,0,103,70.0,70.0,0.0,-29109.299844,0.0
2019-02-14,16,0,104,13.0,13.0,0.0,-5406.012828,0.0
2019-02-14,16,0,106,253.76,253.76,0.0,-99854.199409,0.0
2019-02-14,16,0,109,60.0,60.0,0.0,-192.596792,0.0
2019-02-14,16,0,110,13.56,13.56,0.0,-13560.0,0.0
2019-02-14,16,0,111,20.65,20.65,0.0,-312.145342,0.0
2019-02-14,16,0,113,45.0,45.0,0.0,-12095.269053,0.0
2019-02-14,16,0,115,45.0,45.0,0.0,-12095.269053,0.0
2019-02-14,16,0,116,114.45,114.45,0.0,-114450.0,0.0
2019-02-14,16,0,117,3.0,3.0,0.0,-806.35127,0.0
2019-02-14,16,0,119,60.0,60.0,0.0,5944.759998,0.0
2019-02-14,16,0,120,35.28,35.28,0.0,3495.518879,0.0
2019-02-14,16,0,123,4.23,4.23,0.0,-1664.498989,0.0
2019-02-14,16,0,125,52.26,52.26,0.0,-20564.235739,0.0
2019-02-14,16,0,126,190.32,190.32,0.0,-74890.649557,0.0
2019-02-14,16,0,127,244.25,244.25,0.0,-96112.027923,0.0
2019-02-14,16,0,128,74.85,74.85,0.0,-29453.368639,0.0
2019-02-14,16,0,131,30.0,30.0,0.0,-11323.294394,0.0
2019-02-14,16,0,132,44.1,44.1,0.0,-16645.242759,0.0
2019-02-14,16,0,133,50.5,50.5,0.0,281.790277,0.0
2019-02-14,16,0,134,0.0,0.0,0.0,0.0,0.0
2019-02-14,16,0,135,64.2,64.2,0.0,358.236352,0.0
2019-02-14,16,0,136,37.56,37.56,0.0,202.331327,0.0
2019-02-14,16,0,139,59.73,59.73,0.0,-902.878512,0.0
2019-02-14,16,0,140,10.04,10.04,0.0,-10040.0,0.0
2019-02-14,16,0,141,230.0,230.0,0.0,-128718.362913,0.0
2019-02-14,16,0,142,419.49,419.49,0.0,-234765.504602,0.0
2019-02-14,16,0,143,238.5,238.5,0.0,-238500.0,0.0
2019-02-14,16,0,145,30.0,30.0,0.0,-249.863529,0.0
2019-02-14,16,0,146,268.0,268.0,0.0,-268000.0,0.0
2019-02-14,16,0,152,9.29,9.29,0.0,9.207453,0.0
2019-02-14,16,0,153,11.5,11.5,0.0,9.067966,0.0
2019-02-14,16,0,154,85.16,85.16,0.0,-1287.278321,0.0
2019-02-14,16,0,157,250.0,250.0,0.0,-139911.264036,0.0
2019-02-14,16,0,158,300.63,300.63,0.0,-168246.093229,0.0
2019-02-14,16,0,159,0.0,0.0,0.0,0.0,0.0
2019-02-14,16,0,160,2.79,2.79,0.0,9.06693,0.0
2019-02-14,16,0,161,60.42,60.42,0.0,-25125.484237,0.0
2019-02-14,16,0,162,162.5,162.5,0.0,4262.077128,0.0
2019-02-14,16,0,163,146.36,146.36,0.0,-146360.0,0.0
2019-02-14,16,0,164,23.97,23.97,0.0,-23970.0,0.0
2019-02-14,16,0,167,6.24,6.24,0.0,145.032425,0.0
2019-02-14,16,0,168,3.12,3.12,0.0,72.516213,0.0
2019-02-14,16,0,169,0.0,0.0,0.0,0.0,0.0
2019-02-14,16,0,170,6.83,6.83,0.0,158.745427,0.0
2019-02-14,16,0,172,8.09,8.09,0.0,26.935355,0.0
2019-02-14,16,0,173,12.32,12.32,0.0,41.018983,0.0
2019-02-14,16,0,188,10.88,10.88,0.0,105.412899,0.0
2019-02-14,16,0,190,9.18,9.18,0.0,297.684974,0.0
2019-02-14,16,0,191,23.71,23.71,0.0,768.857379,0.0
2019-02-14,16,0,192,114.36,114.36,0.0,3708.415432,0.0
2019-02-14,16,0,194,52.95,52.95,0.0,-7255.366126,0.0
2019-02-14,16,0,196,6.3,6.3,0.0,1579.405091,0.0
2019-02-14,16,0,198,11.87,11.87,0.0,89.000204,0.0
2019-02-14,16,0,199,130.0,130.0,0.0,-4062.68912,0.0
2019-02-14,16,0,200,20.0,20.0,0.0,-625.029095,0.0
2019-02-14,16,0,204,257.1,257.1,0.0,-911.658013,0.0
2019-02-14,16,0,205,317.4,317.4,0.0,-1018.837031,0.0
2019-02-14,16,0,206,539.94,539.94,0.0,18699.006314,0.0
2019-02-14,16,0,210,2.27,2.27,0.0,13.985894,0.0
2019-02-14,16,0,214,13.99,13.99,0.0,170.623263,0.0
2019-02-14,16,0,217,9.33,9.33,0.0,90.469453,0.0
2019-02-14,16,0,218,12.87,12.87,0.0,124.795483,0.0
2019-02-14,16,0,219,8.77,8.77,0.0,85.039346,0.0
2019-02-14,16,0,221,7.46,7.46,0.0,90.982812,0.0
2019-02-14,16,0,225,7.0,7.0,0.0,36.310245,0.0
2019-02-14,16,0,233,8.71,8.71,0.0,84.817092,0.0
2019-02-14,16,0,236,83.76,83.76,0.0,277.575426,0.0
2019-02-14,16,0,237,96.03,96.03,0.0,33.238494,0.0
2019-02-14,16,0,238,96.82,96.82,0.0,451.128322,0.0
2019-02-14,16,0,240,13.86,13.86,0.0,-6.011132,0.0
2019-02-14,16,0,245,78.0,78.0,0.0,482.210451,0.0
2019-02-14,16,0,247,141.07,141.07,0.0,872.120876,0.0
2019-02-14,16,0,248,11.31,11.31,0.0,3.914687,0.0
2019-02-14,16,0,249,150.0,150.0,0.0,927.327791,0.0
2019-02-14,16,0,251,150.38,150.38,0.0,769.972548,0.0
2019-02-14,16,0,252,181.51,181.51,0.0,979.447803,0.0
2019-02-14,16,0,254,19.78,19.78,0.0,23.779608,0.0
2019-02-14,16,0,255,9.07,9.07,0.0,10.903996,0.0
2019-02-14,16,0,258,16.92,16.92,0.0,-4.742269,0.0
2019-02-14,16,0,260,6.78,6.78,0.0,22.033614,0.0
2019-02-14,16,0,265,88.18,88.18,0.0,-1332.928632,0.0
2019-02-14,16,0,266,38.08,38.08,0.0,-575.617173,0.0
2019-02-14,16,0,267,47.18,47.18,0.0,-713.172747,0.0
2019-02-14,16,0,270,395.58,395.58,0.0,-395580.0,0.0
2019-02-14,16,0,272,150.39,150.39,0.0,-40422.389175,0.0
2019-02-14,16,0,273,27.37,27.37,0.0,-27370.0,0.0
2019-02-14,16,0,274,493.67,493.67,0.0,-493670.0,0.0
2019-02-14,16,0,275,661.83,661.83,0.0,-661830.0,0.0
2019-02-14,16,0,276,6.37,6.37,0.0,-5743.68909,0.0
2019-02-14,16,0,277,7.95,7.95,0.0,-2221.290047,0.0
2019-02-14,16,0,278,12.72,12.72,0.0,-3554.064076,0.0
2019-02-14,16,0,279,604.22,604.22,0.0,-168823.631751,0.0
2019-02-14,16,0,281,56.1,56.1,0.0,-56100.0,0.0
2019-02-14,16,0,282,341.17,341.17,0.0,-341170.0,0.0
2019-02-14,17,0,9,2.34,2.34,0.0,-49.649624,0.0
2019-02-14,17,0,17,35.57,35.57,0.0,168.58665,0.0
2019-02-14,17,0,19,284.63,284.63,0.0,1349.024974,0.0
2019-02-14,17,0,20,342.76,342.76,0.0,1624.536416,0.0
2019-02-14,17,0,21,53.61,53.61,0.0,-1137.48561,0.0
2019-02-14,17,0,22,190.54,190.54,0.0,-4042.837308,0.0
2019-02-14,17,0,23,47.2,47.2,0.0,-1001.479589,0.0
2019-02-14,17,0,24,83.96,83.96,0.0,-1781.445473,0.0
2019-02-14,17,0,29,5.54,5.54,0.0,27.318623,0.0
2019-02-14,17,0,30,456.18,456.18,0.0,-9751.641893,0.0
2019-02-14,17,0,31,125.0,125.0,0.0,-2672.092675,0.0
2019-02-14,17,0,32,3.73,3.73,0.0,124.856683,0.0
2019-02-14,17,0,33,2.23,2.23,0.0,21.415843,0.0
2019-02-14,17,0,34,3.56,3.56,0.0,34.188521,0.0
2019-02-14,17,0,35,3.56,3.56,0.0,34.188521,0.0
2019-02-14,17,0,36,8.85,8.85,0.0,-26.469431,0.0
2019-02-14,17,0,37,4.26,4.26,0.0,-13.302585,0.0
2019-02-14,17,0,38,5.47,5.47,0.0,-17.081019,0.0
2019-02-14,17,0,39,3.65,3.65,0.0,-11.397755,0.0
2019-02-14,17,0,40,3.65,3.65,0.0,-11.397755,0.0
2019-02-14,17,0,41,17.21,17.21,0.0,-221.478143,0.0
2019-02-14,17,0,42,54.41,54.41,0.0,200.514004,0.0
2019-02-14,17,0,43,26.15,26.15,0.0,-53.28153,0.0
2019-02-14,17,0,46,21.71,21.71,0.0,-105.461855,0.0
2019-02-14,17,0,52,132.5,132.5,0.0,-2832.418236,0.0
2019-02-14,17,0,53,210.5,210.5,0.0,-4499.804065,0.0
2019-02-14,17,0,55,623.0,623.0,0.0,-13218.681868,0.0
2019-02-14,17,0,56,134.56,134.56,0.0,-2876.454323,0.0
2019-02-14,17,0,57,127.99,127.99,0.0,-2736.009132,0.0
2019-02-14,17,0,58,246.14,246.14,0.0,-5261.671129,0.0
2019-02-14,17,0,59,242.04,242.04,0.0,-5174.026489,0.0
2019-02-14,17,0,63,70.36,70.36,0.0,7558.899876,0.0
2019-02-14,17,0,64,82.76,82.76,0.0,8891.053918,0.0
2019-02-14,17,0,65,23.21,23.21,0.0,105.459723,0.0
2019-02-14,17,0,67,233.88,233.88,0.0,-129962.563458,0.0
2019-02-14,17,0,68,19.11,19.11,0.0,-7846.336769,0.0
2019-02-14,17,0,69,2.23,2.23,0.0,21.415843,0.0
2019-02-14,17,0,74,27.04,27.04,0.0,-26.09146,0.0
2019-02-14,17,0,77,60.0,60.0,0.0,-17326.004644,0.0
2019-02-14,17,0,78,45.36,45.36,0.0,-13098.459511,0.0
2019-02-14,17,0,79,26.25,26.25,0.0,-7580.127032,0.0
2019-02-14,17,0,80,42.45,42.45,0.0,-12258.148286,0.0
2019-02-14,17,0,81,55.5,55.5,0.0,-16026.554296,0.0
2019-02-14,17,0,82,39.15,39.15,0.0,-11305.21803,0.0
2019-02-14,17,0,83,87.3,87.3,0.0,-25209.336757,0.0
2019-02-14,17,0,84,0.0,0.0,0.0,-0.0,0.0
2019-02-14,17,0,86,11.29,11.29,0.0,108.423709,0.0
2019-02-14,17,0,87,57.62,57.62,0.0,553.354659,0.0
2019-02-14,17,0,88,51.18,51.18,0.0,-14779.081961,0.0
2019-02-14,17,0,89,49.2,49.2,0.0,-14207.323808,0.0
2019-02-14,17,0,90,66.06,66.06,0.0,-19075.931113,0.0
2019-02-14,17,0,91,235.65,235.65,0.0,-68047.88324,0.0
2019-02-14,17,0,92,84.75,84.75,0.0,-24472.98156,0.0
2019-02-14,17,0,95,120.0,120.0,0.0,3049.643213,0.0
2019-02-14,17,0,96,26.56,26.56,0.0,-572.178453,0.0
2019-02-14,17,0,97,163.31,163.31,0.0,-3518.165029,0.0
2019-02-14,17,0,99,5.5,5.5,0.0,-5.307065,0.0
2019-02-14,17,0,101,9.19,9.19,0.0,-196.452253,0.0
2019-02-14,17,0,102,45.19,45.19,0.0,-18554.47193,0.0
2019-02-14,17,0,103,39.3,39.3,0.0,-16136.108582,0.0
2019-02-14,17,0,104,7.33,7.33,0.0,-3009.610074,0.0
2019-02-14,17,0,106,187.57,187.57,0.0,-3979.820478,0.0
2019-02-14,17,0,109,54.94,54.94,0.0,-413.477968,0.0
2019-02-14,17,0,110,7.39,7.39,0.0,-7390.0,0.0
2019-02-14,17,0,111,15.79,15.79,0.0,-203.203944,0.0
2019-02-14,17,0,113,45.0,45.0,0.0,-11816.628141,0.0
2019-02-14,17,0,115,45.0,45.0,0.0,-11816.628141,0.0
2019-02-14,17,0,116,83.98,83.98,0.0,-83980.0,0.0
2019-02-14,17,0,117,3.0,3.0,0.0,-787.775209,0.0
2019-02-14,17,0,119,82.76,82.76,0.0,8891.053918,0.0
2019-02-14,17,0,120,48.71,48.71,0.0,5233.001889,0.0
2019-02-14,17,0,123,3.13,3.13,0.0,-66.411676,0.0
2019-02-14,17,0,125,75.89,75.89,0.0,-1610.217924,0.0
2019-02-14,17,0,126,140.68,140.68,0.0,-2984.918403,0.0
2019-02-14,17,0,127,180.54,180.54,0.0,-3830.659429,0.0
2019-02-14,17,0,128,109.23,109.23,0.0,-2317.618973,0.0
2019-02-14,17,0,131,30.0,30.0,0.0,-11155.147764,0.0
2019-02-14,17,0,132,44.1,44.1,0.0,-16398.067213,0.0
2019-02-14,17,0,133,111.85,111.85,0.0,532.185276,0.0
2019-02-14,17,0,134,0.0,0.0,0.0,0.0,0.0
2019-02-14,17,0,135,146.43,146.43,0.0,696.717836,0.0
2019-02-14,17,0,136,32.37,32.37,0.0,146.732148,0.0
2019-02-14,17,0,139,22.23,22.23,0.0,-286.081297,0.0
2019-02-14,17,0,140,5.47,5.47,0.0,-5470.0,0.0
2019-02-14,17,0,141,230.0,230.0,0.0,-127806.522983,0.0
2019-02-14,17,0,142,308.43,308.43,0.0,-171388.54732,0.0
2019-02-14,17,0,143,238.5,238.5,0.0,-5098.352824,0.0
2019-02-14,17,0,145,24.12,24.12,0.0,-391.570405,0.0
2019-02-14,17,0,146,179.65,179.65,0.0,-179650.0,0.0
2019-02-14,17,0,152,6.81,6.81,0.0,-5.590448,0.0
2019-02-14,17,0,153,8.4,8.4,0.0,-9.005809,0.0
2019-02-14,17,0,154,65.14,65.14,0.0,-838.296702,0.0
2019-02-14,17,0,157,250.0,250.0,0.0,-138920.133677,0.0
2019-02-14,17,0,158,225.82,225.82,0.0,-125483.778348,0.0
2019-02-14,17,0,159,0.0,0.0,0.0,0.0,0.0
2019-02-14,17,0,160,2.04,2.04,0.0,2.94992,0.0
2019-02-14,17,0,161,43.99,43.99,0.0,-18061.766324,0.0
2019-02-14,17,0,162,124.74,124.74,0.0,3271.721188,0.0
2019-02-14,17,0,163,149.99,149.99,0.0,-149990.0,0.0
2019-02-14,17,0,164,17.76,17.76,0.0,-379.650927,0.0
2019-02-14,17,0,167,4.35,4.35,0.0,99.42432,0.0
2019-02-14,17,0,168,2.18,2.18,0.0,49.826441,0.0
2019-02-14,17,0,169,0.0,0.0,0.0,0.0,0.0
2019-02-14,17,0,170,4.76,4.76,0.0,108.795348,0.0
2019-02-14,17,0,172,5.65,5.65,0.0,45.961875,0.0
2019-02-14,17,0,173,8.6,8.6,0.0,69.959669,0.0
2019-02-14,17,0,188,7.47,7.47,0.0,129.80271,0.0
2019-02-14,17,0,190,6.56,6.56,0.0,212.724775,0.0
2019-02-14,17,0,191,16.94,16.94,0.0,549.322818,0.0
2019-02-14,17,0,192,34.49,34.49,0.0,1118.426445,0.0
2019-02-14,17,0,194,52.95,52.95,0.0,-6892.46928,0.0
2019-02-14,17,0,196,4.62,4.62,0.0,1203.607941,0.0
2019-02-14,17,0,198,8.52,8.52,0.0,58.929269,0.0
2019-02-14,17,0,199,130.0,130.0,0.0,-3673.640055,0.0
2019-02-14,17,0,200,14.28,14.28,0.0,-403.535231,0.0
2019-02-14,17,0,204,225.1,225.1,0.0,-1842.239016,0.0
2019-02-14,17,0,205,290.65,290.65,0.0,-2187.429404,0.0
2019-02-14,17,0,206,479.87,479.87,0.0,-10337.77388,0.0
2019-02-14,17,0,210,1.63,1.63,0.0,9.75574,0.0
2019-02-14,17,0,214,9.96,9.96,0.0,124.318934,0.0
2019-02-14,17,0,217,6.58,6.58,0.0,64.400745,0.0
2019-02-14,17,0,218,9.09,9.09,0.0,88.966987,0.0
2019-02-14,17,0,219,6.19,6.19,0.0,60.58368,0.0
2019-02-14,17,0,221,5.31,5.31,0.0,66.278468,0.0
2019-02-14,17,0,225,5.04,5.04,0.0,24.340053,0.0
2019-02-14,17,0,233,6.39,6.39,0.0,61.366475,0.0
2019-02-14,17,0,236,70.46,70.46,0.0,145.091245,0.0
2019-02-14,17,0,237,66.82,66.82,0.0,-64.476011,0.0
2019-02-14,17,0,238,70.82,70.82,0.0,260.988821,0.0
2019-02-14,17,0,240,10.02,10.02,0.0,-29.96878,0.0
2019-02-14,17,0,245,78.0,78.0,0.0,425.863614,0.0
2019-02-14,17,0,247,124.0,124.0,0.0,677.013951,0.0
2019-02-14,17,0,248,6.8,6.8,0.0,-6.561462,0.0
2019-02-14,17,0,249,150.0,150.0,0.0,818.968489,0.0
2019-02-14,17,0,251,121.4,121.4,0.0,512.569987,0.0
2019-02-14,17,0,252,149.75,149.75,0.0,680.421953,0.0
2019-02-14,17,0,254,14.19,14.19,0.0,-16.508398,0.0
2019-02-14,17,0,255,6.5,6.5,0.0,-7.561986,0.0
2019-02-14,17,0,258,12.29,12.29,0.0,-34.865753,0.0
2019-02-14,17,0,260,4.96,4.96,0.0,7.172356,0.0
2019-02-14,17,0,265,67.44,67.44,0.0,-867.895756,0.0
2019-02-14,17,0,266,14.39,14.39,0.0,-185.187128,0.0
2019-02-14,17,0,267,17.69,17.69,0.0,-227.655337,0.0
2019-02-14,17,0,270,468.41,468.41,0.0,-468410.0,0.0
2019-02-14,17,0,272,150.39,150.39,0.0,-39491.171247,0.0
2019-02-14,17,0,273,20.08,20.08,0.0,-20080.0,0.0
2019-02-14,17,0,274,603.83,603.83,0.0,-603830.0,0.0
2019-02-14,17,0,275,840.54,840.54,0.0,-840540.0,0.0
2019-02-14,17,0,276,4.63,4.63,0.0,-4170.670859,0.0
2019-02-14,17,0,277,5.9,5.9,0.0,-1611.205745,0.0
2019-02-14,17,0,278,9.44,9.44,0.0,-2577.929191,0.0
2019-02-14,17,0,279,264.6,264.6,0.0,-72258.481358,0.0
2019-02-14,17,0,281,56.1,56.1,0.0,-1199.235193,0.0
2019-02-14,17,0,282,250.24,250.24,0.0,-5349.315768,0.0
2019-02-14,18,0,9,1.48,1.48,0.0,9.671939,0.0
2019-02-14,18,0,17,21.05,21.05,0.0,175.234532,0.0
2019-02-14,18,0,19,332.94,332.94,0.0,2771.619246,0.0
2019-02-14,18,0,20,405.43,405.43,0.0,3375.075362,0.0
2019-02-14,18,0,21,33.81,33.81,0.0,220.951536,0.0
2019-02-14,18,0,22,120.16,120.16,0.0,785.256923,0.0
2019-02-14,18,0,23,76.39,76.39,0.0,499.215849,0.0
2019-02-14,18,0,24,135.55,135.55,0.0,885.832024,0.0
2019-02-14,18,0,29,3.03,3.03,0.0,27.176013,0.0
2019-02-14,18,0,30,289.87,289.87,0.0,1891.038146,0.0
2019-02-14,18,0,31,88.98,88.98,0.0,580.482886,0.0
2019-02-14,18,0,32,2.1,2.1,0.0,27.458759,0.0
2019-02-14,18,0,33,1.31,1.31,0.0,11.317977,0.0
2019-02-14,18,0,34,2.09,2.09,0.0,18.056925,0.0
2019-02-14,18,0,35,2.09,2.09,0.0,18.056925,0.0
2019-02-14,18,0,36,5.27,5.27,0.0,41.353136,0.0
2019-02-14,18,0,37,2.54,2.54,0.0,19.918805,0.0
2019-02-14,18,0,38,3.26,3.26,0.0,25.565081,0.0
2019-02-14,18,0,39,2.18,2.18,0.0,17.095668,0.0
2019-02-14,18,0,40,2.18,2.18,0.0,17.095668,0.0
2019-02-14,18,0,41,15.31,15.31,0.0,109.102229,0.0
2019-02-14,18,0,42,33.58,33.58,0.0,277.249938,0.0
2019-02-14,18,0,43,15.44,15.44,0.0,122.498258,0.0
2019-02-14,18,0,46,12.89,12.89,0.0,99.534249,0.0
2019-02-14,18,0,52,94.33,94.33,0.0,615.384926,0.0
2019-02-14,18,0,53,149.89,149.89,0.0,977.844233,0.0
2019-02-14,18,0,55,460.54,460.54,0.0,3009.672299,0.0
2019-02-14,18,0,56,85.5,85.5,0.0,557.780252,0.0
2019-02-14,18,0,57,81.33,81.33,0.0,530.576232,0.0
2019-02-14,18,0,58,156.4,156.4,0.0,1020.313817,0.0
2019-02-14,18,0,59,153.8,153.8,0.0,1003.352078,0.0
2019-02-14,18,0,63,74.78,74.78,0.0,1118.358244,0.0
2019-02-14,18,0,64,87.98,87.98,0.0,1315.768365,0.0
2019-02-14,18,0,65,19.19,19.19,0.0,159.507223,0.0
2019-02-14,18,0,67,147.44,147.44,0.0,-177.282375,0.0
2019-02-14,18,0,68,6.1,6.1,0.0,14.54592,0.0
2019-02-14,18,0,69,1.31,1.31,0.0,11.317977,0.0
2019-02-14,18,0,74,14.14,14.14,0.0,112.439577,0.0
2019-02-14,18,0,77,44.43,44.43,0.0,241.882998,0.0
2019-02-14,18,0,78,33.59,33.59,0.0,182.868555,0.0
2019-02-14,18,0,79,19.44,19.44,0.0,105.834019,0.0
2019-02-14,18,0,80,31.44,31.44,0.0,171.163661,0.0
2019-02-14,18,0,81,41.1,41.1,0.0,223.754023,0.0
2019-02-14,18,0,82,28.99,28.99,0.0,157.825526,0.0
2019-02-14,18,0,83,64.65,64.65,0.0,351.963444,0.0
2019-02-14,18,0,84,0.0,0.0,0.0,0.0,0.0
2019-02-14,18,0,86,6.63,6.63,0.0,57.281058,0.0
2019-02-14,18,0,87,33.83,33.83,0.0,292.280268,0.0
2019-02-14,18,0,88,39.26,39.26,0.0,213.736811,0.0
2019-02-14,18,0,89,37.74,37.74,0.0,205.461723,0.0
2019-02-14,18,0,90,50.67,50.67,0.0,275.854412,0.0
2019-02-14,18,0,91,180.77,180.77,0.0,984.13661,0.0
2019-02-14,18,0,92,65.01,65.01,0.0,353.923333,0.0
2019-02-14,18,0,95,101.92,101.92,0.0,1340.36647,0.0
2019-02-14,18,0,96,14.55,14.55,0.0,94.74793,0.0
2019-02-14,18,0,97,89.47,89.47,0.0,582.618371,0.0
2019-02-14,18,0,99,2.73,2.73,0.0,21.708631,0.0
2019-02-14,18,0,101,5.84,5.84,0.0,38.098674,0.0
2019-02-14,18,0,102,14.44,14.44,0.0,34.433292,0.0
2019-02-14,18,0,103,12.56,12.56,0.0,29.950287,0.0
2019-02-14,18,0,104,2.33,2.33,0.0,5.556064,0.0
2019-02-14,18,0,106,118.29,118.29,0.0,773.036297,0.0
2019-02-14,18,0,109,37.29,37.29,0.0,280.290938,0.0
2019-02-14,18,0,110,14.37,14.37,0.0,-175.125444,0.0
2019-02-14,18,0,111,9.83,9.83,0.0,70.050615,0.0
2019-02-14,18,0,113,28.9,28.9,0.0,171.491103,0.0
2019-02-14,18,0,115,28.9,28.9,0.0,171.491103,0.0
2019-02-14,18,0,116,50.88,50.88,0.0,-620.068379,0.0
2019-02-14,18,0,117,1.93,1.93,0.0,11.45252,0.0
2019-02-14,18,0,119,87.98,87.98,0.0,1315.768365,0.0
2019-02-14,18,0,120,51.73,51.73,0.0,773.638298,0.0
2019-02-14,18,0,123,1.97,1.97,0.0,12.874136,0.0
2019-02-14,18,0,125,122.59,122.59,0.0,801.137202,0.0
2019-02-14,18,0,126,88.72,88.72,0.0,579.793561,0.0
2019-02-14,18,0,127,113.86,113.86,0.0,744.08583,0.0
2019-02-14,18,0,128,176.03,176.03,0.0,1150.372638,0.0
2019-02-14,18,0,131,20.59,20.59,0.0,68.823084,0.0
2019-02-14,18,0,132,30.26,30.26,0.0,101.145533,0.0
2019-02-14,18,0,133,139.8,139.8,0.0,1163.957447,0.0
2019-02-14,18,0,134,0.0,0.0,0.0,0.0,0.0
2019-02-14,18,0,135,187.33,187.33,0.0,1559.686327,0.0
2019-02-14,18,0,136,27.85,27.85,0.0,231.469724,0.0
2019-02-14,18,0,139,19.78,19.78,0.0,140.956374,0.0
2019-02-14,18,0,140,10.64,10.64,0.0,-129.668387,0.0
2019-02-14,18,0,141,230.0,230.0,0.0,-276.55281,0.0
2019-02-14,18,0,142,194.44,194.44,0.0,-233.795341,0.0
2019-02-14,18,0,143,176.17,176.17,0.0,1149.288268,0.0
2019-02-14,18,0,145,15.95,15.95,0.0,109.931343,0.0
2019-02-14,18,0,146,72.44,72.44,0.0,-882.817479,0.0
2019-02-14,18,0,152,4.11,4.11,0.0,32.74291,0.0
2019-02-14,18,0,153,5.05,5.05,0.0,40.150084,0.0
2019-02-14,18,0,154,40.56,40.56,0.0,289.038956,0.0
2019-02-14,18,0,157,250.0,250.0,0.0,-300.600881,0.0
2019-02-14,18,0,158,143.66,143.66,0.0,-172.73729,0.0
2019-02-14,18,0,159,0.0,0.0,0.0,0.0,0.0
2019-02-14,18,0,160,1.2,1.2,0.0,9.859528,0.0
2019-02-14,18,0,161,27.3,27.3,0.0,65.098952,0.0
2019-02-14,18,0,162,70.17,70.17,0.0,924.222367,0.0
2019-02-14,18,0,163,90.56,90.56,0.0,-1103.643718,0.0
2019-02-14,18,0,164,11.14,11.14,0.0,72.674526,0.0
2019-02-14,18,0,167,2.42,2.42,0.0,31.697416,0.0
2019-02-14,18,0,168,1.21,1.21,0.0,15.848708,0.0
2019-02-14,18,0,169,0.0,0.0,0.0,0.0,0.0
2019-02-14,18,0,170,2.64,2.64,0.0,34.578999,0.0
2019-02-14,18,0,172,3.15,3.15,0.0,39.596781,0.0
2019-02-14,18,0,173,4.8,4.8,0.0,60.337951,0.0
2019-02-14,18,0,188,4.22,4.22,0.0,53.798362,0.0
2019-02-14,18,0,190,3.86,3.86,0.0,57.727505,0.0
2019-02-14,18,0,191,9.97,9.97,0.0,149.104462,0.0
2019-02-14,18,0,192,0.0,0.0,0.0,0.0,0.0
2019-02-14,18,0,194,72.6,72.6,0.0,657.824618,0.0
2019-02-14,18,0,196,2.77,2.77,0.0,51.843533,0.0
2019-02-14,18,0,198,4.9,4.9,0.0,42.612334,0.0
2019-02-14,18,0,199,130.0,130.0,0.0,1266.225034,0.0
2019-02-14,18,0,200,8.15,8.15,0.0,79.382569,0.0
2019-02-14,18,0,204,159.69,159.69,0.0,1193.166432,0.0
2019-02-14,18,0,205,197.26,197.26,0.0,1482.708246,0.0
2019-02-14,18,0,206,262.9,262.9,0.0,1711.974626,0.0
2019-02-14,18,0,210,0.89,0.89,0.0,8.039397,0.0
2019-02-14,18,0,214,5.63,5.63,0.0,49.690145,0.0
2019-02-14,18,0,217,3.66,3.66,0.0,32.645189,0.0
2019-02-14,18,0,218,5.06,5.06,0.0,45.13242,0.0
2019-02-14,18,0,219,3.44,3.44,0.0,30.68291,0.0
2019-02-14,18,0,221,3.0,3.0,0.0,26.477875,0.0
2019-02-14,18,0,225,2.77,2.77,0.0,24.826944,0.0
2019-02-14,18,0,233,3.75,3.75,0.0,32.398788,0.0
2019-02-14,18,0,236,59.93,59.93,0.0,488.526304,0.0
2019-02-14,18,0,237,33.91,33.91,0.0,269.648236,0.0
2019-02-14,18,0,238,43.71,43.71,0.0,360.887278,0.0
2019-02-14,18,0,240,5.98,5.98,0.0,46.924431,0.0
2019-02-14,18,0,245,78.0,78.0,0.0,652.963201,0.0
2019-02-14,18,0,247,110.98,110.98,0.0,929.049436,0.0
2019-02-14,18,0,248,3.4,3.4,0.0,27.036391,0.0
2019-02-14,18,0,249,150.0,150.0,0.0,1255.698463,0.0
2019-02-14,18,0,251,97.65,97.65,0.0,809.63297,0.0
2019-02-14,18,0,252,123.76,123.76,0.0,1028.692751,0.0
2019-02-14,18,0,254,8.32,8.32,0.0,66.599116,0.0
2019-02-14,18,0,255,3.81,3.81,0.0,30.497912,0.0
2019-02-14,18,0,258,7.32,7.32,0.0,57.542043,0.0
2019-02-14,18,0,260,2.9,2.9,0.0,23.827194,0.0
2019-02-14,18,0,265,41.99,41.99,0.0,299.229432,0.0
2019-02-14,18,0,266,12.81,12.81,0.0,91.286712,0.0
2019-02-14,18,0,267,15.74,15.74,0.0,112.166498,0.0
2019-02-14,18,0,270,282.81,282.81,0.0,-3446.571111,0.0
2019-02-14,18,0,272,96.58,96.58,0.0,573.100716,0.0
2019-02-14,18,0,273,12.17,12.17,0.0,-148.314311,0.0
2019-02-14,18,0,274,364.57,364.57,0.0,-4442.970298,0.0
2019-02-14,18,0,275,507.49,507.49,0.0,-6184.718975,0.0
2019-02-14,18,0,276,2.82,2.82,0.0,-27.450661,0.0
2019-02-14,18,0,277,3.6,3.6,0.0,20.65527,0.0
2019-02-14,18,0,278,5.75,5.75,0.0,32.991056,0.0
2019-02-14,18,0,279,177.17,177.17,0.0,1016.526145,0.0
2019-02-14,18,0,281,39.9,39.9,0.0,260.297451,0.0
2019-02-14,18,0,282,159.01,159.01,0.0,1037.340793,0.0
2019-02-14,19,0,9,0.24,0.24,0.0,2.567177,0.0
2019-02-14,19,0,17,1.82,1.82,0.0,9.84058,0.0
2019-02-14,19,0,19,615.51,615.51,0.0,3328.008407,0.0
2019-02-14,19,0,20,748.14,748.14,0.0,4045.127146,0.0
2019-02-14,19,0,21,5.48,5.48,0.0,58.617208,0.0
2019-02-14,19,0,22,19.49,19.49,0.0,208.476167,0.0
2019-02-14,19,0,23,36.89,36.89,0.0,394.5965,0.0
2019-02-14,19,0,24,65.26,65.26,0.0,698.058216,0.0
2019-02-14,19,0,29,0.06,0.06,0.0,0.632617,0.0
2019-02-14,19,0,30,52.84,52.84,0.0,565.184026,0.0
2019-02-14,19,0,31,20.45,20.45,0.0,218.736059,0.0
2019-02-14,19,0,32,0.08,0.08,0.0,0.850994,0.0
2019-02-14,19,0,33,0.1,0.1,0.0,1.048734,0.0
2019-02-14,19,0,34,0.15,0.15,0.0,1.5731,0.0
2019-02-14,19,0,35,0.15,0.15,0.0,1.5731,0.0
2019-02-14,19,0,36,0.5,0.5,0.0,5.364403,0.0
2019-02-14,19,0,37,0.24,0.24,0.0,2.573267,0.0
2019-02-14,19,0,38,0.3,0.3,0.0,3.216583,0.0
2019-02-14,19,0,39,0.2,0.2,0.0,2.144389,0.0
2019-02-14,19,0,40,0.2,0.2,0.0,2.144389,0.0
2019-02-14,19,0,41,13.82,13.82,0.0,148.258076,0.0
2019-02-14,19,0,42,4.54,4.54,0.0,42.140932,0.0
2019-02-14,19,0,43,1.32,1.32,0.0,14.129671,0.0
2019-02-14,19,0,46,1.12,1.12,0.0,11.997733,0.0
2019-02-14,19,0,52,21.67,21.67,0.0,231.785349,0.0
2019-02-14,19,0,53,34.43,34.43,0.0,368.268093,0.0
2019-02-14,19,0,55,109.76,109.76,0.0,1174.05562,0.0
2019-02-14,19,0,56,15.59,15.59,0.0,166.752819,0.0
2019-02-14,19,0,57,14.83,14.83,0.0,158.623753,0.0
2019-02-14,19,0,58,28.51,28.51,0.0,304.946945,0.0
2019-02-14,19,0,59,28.03,28.03,0.0,299.812798,0.0
2019-02-14,19,0,63,40.6,40.6,0.0,431.965144,0.0
2019-02-14,19,0,64,47.76,47.76,0.0,508.144219,0.0
2019-02-14,19,0,65,15.8,15.8,0.0,124.30732,0.0
2019-02-14,19,0,67,28.35,28.35,0.0,301.933348,0.0
2019-02-14,19,0,68,3.6,3.6,0.0,38.348962,0.0
2019-02-14,19,0,69,0.1,0.1,0.0,1.048734,0.0
2019-02-14,19,0,74,11.66,11.66,0.0,126.078598,0.0
2019-02-14,19,0,77,22.16,22.16,0.0,236.160018,0.0
2019-02-14,19,0,78,16.75,16.75,0.0,178.505429,0.0
2019-02-14,19,0,79,9.69,9.69,0.0,103.266723,0.0
2019-02-14,19,0,80,15.68,15.68,0.0,167.102395,0.0
2019-02-14,19,0,81,20.5,20.5,0.0,218.469331,0.0
2019-02-14,19,0,82,14.46,14.46,0.0,154.100806,0.0
2019-02-14,19,0,83,32.24,32.24,0.0,343.582987,0.0
2019-02-14,19,0,84,0.0,0.0,0.0,0.0,0.0
2019-02-14,19,0,86,0.49,0.49,0.0,5.138795,0.0
2019-02-14,19,0,87,2.49,2.49,0.0,26.113466,0.0
2019-02-14,19,0,88,21.88,21.88,0.0,233.176047,0.0
2019-02-14,19,0,89,21.04,21.04,0.0,224.224133,0.0
2019-02-14,19,0,90,28.25,28.25,0.0,301.061395,0.0
2019-02-14,19,0,91,100.76,100.76,0.0,1073.803403,0.0
2019-02-14,19,0,92,36.24,36.24,0.0,386.211149,0.0
2019-02-14,19,0,95,50.63,50.63,0.0,538.567481,0.0
2019-02-14,19,0,96,7.1,7.1,0.0,75.939394,0.0
2019-02-14,19,0,97,43.65,43.65,0.0,466.866835,0.0
2019-02-14,19,0,99,2.25,2.25,0.0,24.329061,0.0
2019-02-14,19,0,101,1.06,1.06,0.0,11.337908,0.0
2019-02-14,19,0,102,10.31,10.31,0.0,109.827166,0.0
2019-02-14,19,0,103,8.65,8.65,0.0,92.144033,0.0
2019-02-14,19,0,104,1.23,1.23,0.0,13.102562,0.0
2019-02-14,19,0,106,19.19,19.19,0.0,205.267195,0.0
2019-02-14,19,0,109,24.68,24.68,0.0,264.731156,0.0
2019-02-14,19,0,110,41.43,41.43,0.0,440.948383,0.0
2019-02-14,19,0,111,1.41,1.41,0.0,15.126186,0.0
2019-02-14,19,0,113,16.24,16.24,0.0,172.936531,0.0
2019-02-14,19,0,115,16.24,16.24,0.0,172.936531,0.0
2019-02-14,19,0,116,6.85,6.85,0.0,72.90602,0.0
2019-02-14,19,0,117,1.08,1.08,0.0,11.500705,0.0
2019-02-14,19,0,119,47.76,47.76,0.0,508.144219,0.0
2019-02-14,19,0,120,28.09,28.09,0.0,298.864554,0.0
2019-02-14,19,0,123,0.32,0.32,0.0,3.422903,0.0
2019-02-14,19,0,125,59.06,59.06,0.0,631.739476,0.0
2019-02-14,19,0,126,14.39,14.39,0.0,153.923655,0.0
2019-02-14,19,0,127,18.47,18.47,0.0,197.565664,0.0
2019-02-14,19,0,128,84.59,84.59,0.0,904.822931,0.0
2019-02-14,19,0,131,9.39,9.39,0.0,100.032601,0.0
2019-02-14,19,0,132,13.81,13.81,0.0,147.119299,0.0
2019-02-14,19,0,133,135.62,135.62,0.0,1380.97783,0.0
2019-02-14,19,0,134,0.0,0.0,0.0,0.0,0.0
2019-02-14,19,0,135,183.78,183.78,0.0,1871.376683,0.0
2019-02-14,19,0,136,24.08,24.08,0.0,192.703476,0.0
2019-02-14,19,0,139,17.84,17.84,0.0,191.383797,0.0
2019-02-14,19,0,140,30.66,30.66,0.0,326.320961,0.0
2019-02-14,19,0,141,143.72,143.72,0.0,1530.647647,0.0
2019-02-14,19,0,142,37.38,37.38,0.0,398.104711,0.0
2019-02-14,19,0,143,58.45,58.45,0.0,625.18937,0.0
2019-02-14,19,0,145,10.27,10.27,0.0,109.968529,0.0
2019-02-14,19,0,146,20.15,20.15,0.0,214.460775,0.0
2019-02-14,19,0,152,0.4,0.4,0.0,4.311803,0.0
2019-02-14,19,0,153,0.48,0.48,0.0,5.172877,0.0
2019-02-14,19,0,154,5.82,5.82,0.0,62.435746,0.0
2019-02-14,19,0,157,250.0,250.0,0.0,2662.551572,0.0
2019-02-14,19,0,158,36.49,36.49,0.0,388.626027,0.0
2019-02-14,19,0,159,0.0,0.0,0.0,0.0,0.0
2019-02-14,19,0,160,0.08,0.08,0.0,0.853204,0.0
2019-02-14,19,0,161,4.16,4.16,0.0,44.314356,0.0
2019-02-14,19,0,162,37.46,37.46,0.0,398.475389,0.0
2019-02-14,19,0,163,50.06,50.06,0.0,532.799326,0.0
2019-02-14,19,0,164,2.47,2.47,0.0,26.419465,0.0
2019-02-14,19,0,167,0.07,0.07,0.0,0.744609,0.0
2019-02-14,19,0,168,0.04,0.04,0.0,0.425491,0.0
2019-02-14,19,0,169,0.0,0.0,0.0,0.0,0.0
2019-02-14,19,0,170,0.08,0.08,0.0,0.850982,0.0
2019-02-14,19,0,172,0.1,0.1,0.0,1.063341,0.0
2019-02-14,19,0,173,0.15,0.15,0.0,1.595012,0.0
2019-02-14,19,0,188,0.19,0.19,0.0,2.020963,0.0
2019-02-14,19,0,190,0.36,0.36,0.0,3.830233,0.0
2019-02-14,19,0,191,0.94,0.94,0.0,10.001163,0.0
2019-02-14,19,0,192,0.0,0.0,0.0,0.0,0.0
2019-02-14,19,0,194,71.91,71.91,0.0,765.324697,0.0
2019-02-14,19,0,196,0.32,0.32,0.0,3.40528,0.0
2019-02-14,19,0,198,0.28,0.28,0.0,2.968581,0.0
2019-02-14,19,0,199,130.0,130.0,0.0,1378.894262,0.0
2019-02-14,19,0,200,0.39,0.39,0.0,4.136683,0.0
2019-02-14,19,0,204,111.84,111.84,0.0,1199.110085,0.0
2019-02-14,19,0,205,130.55,130.55,0.0,1400.350582,0.0
2019-02-14,19,0,206,128.27,128.27,0.0,1371.936059,0.0
2019-02-14,19,0,210,0.02,0.02,0.0,0.210976,0.0
2019-02-14,19,0,214,0.32,0.32,0.0,3.367289,0.0
2019-02-14,19,0,217,0.16,0.16,0.0,1.686281,0.0
2019-02-14,19,0,218,0.22,0.22,0.0,2.318636,0.0
2019-02-14,19,0,219,0.15,0.15,0.0,1.580888,0.0
2019-02-14,19,0,221,0.17,0.17,0.0,1.788872,0.0
2019-02-14,19,0,225,0.09,0.09,0.0,0.948881,0.0
2019-02-14,19,0,233,0.28,0.28,0.0,2.936454,0.0
2019-02-14,19,0,236,51.5,51.5,0.0,556.72783,0.0
2019-02-14,19,0,237,27.96,27.96,0.0,302.329126,0.0
2019-02-14,19,0,238,5.91,5.91,0.0,54.857469,0.0
2019-02-14,19,0,240,0.56,0.56,0.0,6.008131,0.0
2019-02-14,19,0,245,78.0,78.0,0.0,751.280088,0.0
2019-02-14,19,0,247,100.67,100.67,0.0,969.632903,0.0
2019-02-14,19,0,248,2.81,2.81,0.0,30.384293,0.0
2019-02-14,19,0,249,150.0,150.0,0.0,1444.7694,0.0
2019-02-14,19,0,251,78.32,78.32,0.0,682.775346,0.0
2019-02-14,19,0,252,101.93,101.93,0.0,801.939564,0.0
2019-02-14,19,0,254,0.58,0.58,0.0,6.202779,0.0
2019-02-14,19,0,255,0.27,0.27,0.0,2.887501,0.0
2019-02-14,19,0,258,0.67,0.67,0.0,7.185647,0.0
2019-02-14,19,0,260,0.2,0.2,0.0,2.133009,0.0
2019-02-14,19,0,265,6.03,6.03,0.0,64.688582,0.0
2019-02-14,19,0,266,11.55,11.55,0.0,123.90599,0.0
2019-02-14,19,0,267,14.2,14.2,0.0,152.334637,0.0
2019-02-14,19,0,270,156.33,156.33,0.0,1663.853748,0.0
2019-02-14,19,0,272,54.27,54.27,0.0,577.910439,0.0
2019-02-14,19,0,273,1.64,1.64,0.0,17.454872,0.0
2019-02-14,19,0,274,201.53,201.53,0.0,2144.92705,0.0
2019-02-14,19,0,275,280.53,280.53,0.0,2985.741008,0.0
2019-02-14,19,0,276,0.38,0.38,0.0,4.045015,0.0
2019-02-14,19,0,277,0.44,0.44,0.0,4.686926,0.0
2019-02-14,19,0,278,0.71,0.71,0.0,7.562994,0.0
2019-02-14,19,0,279,99.08,99.08,0.0,1055.410509,0.0
2019-02-14,19,0,281,9.18,9.18,0.0,98.190563,0.0
2019-02-14,19,0,282,28.99,28.99,0.0,310.081092,0.0
2019-02-14,20,0,9,0.0,0.0,0.0,0.0,0.0
2019-02-14,20,0,17,0.0,0.0,0.0,0.0,0.0
2019-02-14,20,0,19,587.72,587.72,0.0,3177.750322,0.0
2019-02-14,20,0,20,712.8,712.8,0.0,3854.046876,0.0
2019-02-14,20,0,21,0.0,0.0,0.0,0.0,0.0
2019-02-14,20,0,22,0.0,0.0,0.0,0.0,0.0
2019-02-14,20,0,23,40.25,40.25,0.0,419.242574,0.0
2019-02-14,20,0,24,71.22,71.22,0.0,741.824996,0.0
2019-02-14,20,0,29,0.0,0.0,0.0,0.0,0.0
2019-02-14,20,0,30,0.0,0.0,0.0,0.0,0.0
2019-02-14,20,0,31,18.09,18.09,0.0,188.42578,0.0
2019-02-14,20,0,32,0.0,0.0,0.0,0.0,0.0
2019-02-14,20,0,33,0.0,0.0,0.0,0.0,0.0
2019-02-14,20,0,34,0.0,0.0,0.0,0.0,0.0
2019-02-14,20,0,35,0.0,0.0,0.0,0.0,0.0
2019-02-14,20,0,36,0.0,0.0,0.0,0.0,0.0
2019-02-14,20,0,37,0.0,0.0,0.0,0.0,0.0
2019-02-14,20,0,38,0.0,0.0,0.0,0.0,0.0
2019-02-14,20,0,39,0.0,0.0,0.0,0.0,0.0
2019-02-14,20,0,40,0.0,0.0,0.0,0.0,0.0
2019-02-14,20,0,41,23.54,23.54,0.0,245.099393,0.0
2019-02-14,20,0,42,0.0,0.0,0.0,0.0,0.0
2019-02-14,20,0,43,0.0,0.0,0.0,0.0,0.0
2019-02-14,20,0,46,0.0,0.0,0.0,0.0,0.0
2019-02-14,20,0,52,19.18,19.18,0.0,199.77924,0.0
2019-02-14,20,0,53,30.47,30.47,0.0,317.376092,0.0
2019-02-14,20,0,55,102.3,102.3,0.0,1065.553174,0.0
2019-02-14,20,0,56,0.0,0.0,0.0,0.0,0.0
2019-02-14,20,0,57,0.0,0.0,0.0,0.0,0.0
2019-02-14,20,0,58,0.0,0.0,0.0,0.0,0.0
2019-02-14,20,0,59,0.0,0.0,0.0,0.0,0.0
2019-02-14,20,0,63,15.4,15.4,0.0,160.5163,0.0
2019-02-14,20,0,64,18.12,18.12,0.0,188.867231,0.0
2019-02-14,20,0,65,13.38,13.38,0.0,105.475663,0.0
2019-02-14,20,0,67,0.0,0.0,0.0,0.0,0.0
2019-02-14,20,0,68,2.85,2.85,0.0,29.701296,0.0
2019-02-14,20,0,69,0.0,0.0,0.0,0.0,0.0
2019-02-14,20,0,74,10.07,10.07,0.0,104.741443,0.0
2019-02-14,20,0,77,31.55,31.55,0.0,328.780507,0.0
2019-02-14,20,0,78,23.95,23.95,0.0,249.581399,0.0
2019-02-14,20,0,79,13.94,13.94,0.0,145.267837,0.0
2019-02-14,20,0,80,22.43,22.43,0.0,233.741578,0.0
2019-02-14,20,0,81,29.22,29.22,0.0,304.499728,0.0
2019-02-14,20,0,82,20.71,20.71,0.0,215.817569,0.0
2019-02-14,20,0,83,45.55,45.55,0.0,474.6736,0.0
2019-02-14,20,0,84,0.0,0.0,0.0,0.0,0.0
2019-02-14,20,0,86,0.0,0.0,0.0,0.0,0.0
2019-02-14,20,0,87,0.0,0.0,0.0,0.0,0.0
2019-02-14,20,0,88,41.03,41.03,0.0,427.570973,0.0
2019-02-14,20,0,89,39.45,39.45,0.0,411.105895,0.0
2019-02-14,20,0,90,52.93,52.93,0.0,551.580103,0.0
2019-02-14,20,0,91,188.44,188.44,0.0,1963.721038,0.0
2019-02-14,20,0,92,67.86,67.86,0.0,707.164666,0.0
2019-02-14,20,0,95,45.77,45.77,0.0,477.079707,0.0
2019-02-14,20,0,96,9.43,9.43,0.0,98.223591,0.0
2019-02-14,20,0,97,68.12,68.12,0.0,709.543058,0.0
2019-02-14,20,0,99,1.94,1.94,0.0,20.17859,0.0
2019-02-14,20,0,101,0.0,0.0,0.0,0.0,0.0
2019-02-14,20,0,102,6.74,6.74,0.0,70.240961,0.0
2019-02-14,20,0,103,5.86,5.86,0.0,61.070034,0.0
2019-02-14,20,0,104,1.09,1.09,0.0,11.359443,0.0
2019-02-14,20,0,106,0.0,0.0,0.0,0.0,0.0
2019-02-14,20,0,109,28.04,28.04,0.0,291.957958,0.0
2019-02-14,20,0,110,94.19,94.19,0.0,981.711641,0.0
2019-02-14,20,0,111,0.0,0.0,0.0,0.0,0.0
2019-02-14,20,0,113,15.45,15.45,0.0,161.019456,0.0
2019-02-14,20,0,115,15.45,15.45,0.0,161.019456,0.0
2019-02-14,20,0,116,0.0,0.0,0.0,0.0,0.0
2019-02-14,20,0,117,1.03,1.03,0.0,10.73463,0.0
2019-02-14,20,0,119,18.12,18.12,0.0,188.867231,0.0
2019-02-14,20,0,120,10.65,10.65,0.0,111.006402,0.0
2019-02-14,20,0,123,0.0,0.0,0.0,0.0,0.0
2019-02-14,20,0,125,64.45,64.45,0.0,671.308916,0.0
2019-02-14,20,0,126,0.0,0.0,0.0,0.0,0.0
2019-02-14,20,0,127,0.0,0.0,0.0,0.0,0.0
2019-02-14,20,0,128,92.31,92.31,0.0,961.497689,0.0
2019-02-14,20,0,131,9.53,9.53,0.0,99.316236,0.0
2019-02-14,20,0,132,14.01,14.01,0.0,146.004246,0.0
2019-02-14,20,0,133,92.88,92.88,0.0,997.849044,0.0
2019-02-14,20,0,134,0.0,0.0,0.0,0.0,0.0
2019-02-14,20,0,135,123.77,123.77,0.0,1329.713353,0.0
2019-02-14,20,0,136,21.16,21.16,0.0,169.682479,0.0
2019-02-14,20,0,139,31.51,31.51,0.0,328.083342,0.0
2019-02-14,20,0,140,69.71,69.71,0.0,726.564588,0.0
2019-02-14,20,0,141,115.56,115.56,0.0,1204.342585,0.0
2019-02-14,20,0,142,0.0,0.0,0.0,0.0,0.0
2019-02-14,20,0,143,46.51,46.51,0.0,484.449033,0.0
2019-02-14,20,0,145,11.77,11.77,0.0,122.579367,0.0
2019-02-14,20,0,146,0.0,0.0,0.0,0.0,0.0
2019-02-14,20,0,152,0.0,0.0,0.0,0.0,0.0
2019-02-14,20,0,153,0.0,0.0,0.0,0.0,0.0
2019-02-14,20,0,154,0.0,0.0,0.0,0.0,0.0
2019-02-14,20,0,157,195.69,195.69,0.0,2039.440987,0.0
2019-02-14,20,0,158,0.0,0.0,0.0,0.0,0.0
2019-02-14,20,0,159,0.0,0.0,0.0,0.0,0.0
2019-02-14,20,0,160,0.0,0.0,0.0,0.0,0.0
2019-02-14,20,0,161,0.0,0.0,0.0,0.0,0.0
2019-02-14,20,0,162,35.12,35.12,0.0,366.070171,0.0
2019-02-14,20,0,163,18.8,18.8,0.0,195.946267,0.0
2019-02-14,20,0,164,0.0,0.0,0.0,0.0,0.0
2019-02-14,20,0,167,0.0,0.0,0.0,0.0,0.0
2019-02-14,20,0,168,0.0,0.0,0.0,0.0,0.0
2019-02-14,20,0,169,0.0,0.0,0.0,0.0,0.0
2019-02-14,20,0,170,0.0,0.0,0.0,0.0,0.0
2019-02-14,20,0,172,0.0,0.0,0.0,0.0,0.0
2019-02-14,20,0,173,0.0,0.0,0.0,0.0,0.0
2019-02-14,20,0,188,0.0,0.0,0.0,0.0,0.0
2019-02-14,20,0,190,0.0,0.0,0.0,0.0,0.0
2019-02-14,20,0,191,0.0,0.0,0.0,0.0,0.0
2019-02-14,20,0,192,0.0,0.0,0.0,0.0,0.0
2019-02-14,20,0,194,64.61,64.61,0.0,673.412213,0.0
2019-02-14,20,0,196,0.0,0.0,0.0,0.0,0.0
2019-02-14,20,0,198,0.0,0.0,0.0,0.0,0.0
2019-02-14,20,0,199,121.55,121.55,0.0,1267.431355,0.0
2019-02-14,20,0,200,0.0,0.0,0.0,0.0,0.0
2019-02-14,20,0,204,225.88,225.88,0.0,2352.045564,0.0
2019-02-14,20,0,205,148.34,148.34,0.0,1544.545063,0.0
2019-02-14,20,0,206,258.05,258.05,0.0,2687.868262,0.0
2019-02-14,20,0,210,0.0,0.0,0.0,0.0,0.0
2019-02-14,20,0,214,0.0,0.0,0.0,0.0,0.0
2019-02-14,20,0,217,0.0,0.0,0.0,0.0,0.0
2019-02-14,20,0,218,0.0,0.0,0.0,0.0,0.0
2019-02-14,20,0,219,0.0,0.0,0.0,0.0,0.0
2019-02-14,20,0,221,0.0,0.0,0.0,0.0,0.0
2019-02-14,20,0,225,0.0,0.0,0.0,0.0,0.0
2019-02-14,20,0,233,0.0,0.0,0.0,0.0,0.0
2019-02-14,20,0,236,43.81,43.81,0.0,455.697174,0.0
2019-02-14,20,0,237,24.15,24.15,0.0,251.192239,0.0
2019-02-14,20,0,238,0.0,0.0,0.0,0.0,0.0
2019-02-14,20,0,240,0.0,0.0,0.0,0.0,0.0
2019-02-14,20,0,245,109.79,109.79,0.0,1087.851746,0.0
2019-02-14,20,0,247,75.96,75.96,0.0,752.647951,0.0
2019-02-14,20,0,248,2.42,2.42,0.0,25.171231,0.0
2019-02-14,20,0,249,211.06,211.06,0.0,2091.283263,0.0
2019-02-14,20,0,251,71.39,71.39,0.0,619.564004,0.0
2019-02-14,20,0,252,86.29,86.29,0.0,680.231311,0.0
2019-02-14,20,0,254,0.0,0.0,0.0,0.0,0.0
2019-02-14,20,0,255,0.0,0.0,0.0,0.0,0.0
2019-02-14,20,0,258,0.0,0.0,0.0,0.0,0.0
2019-02-14,20,0,260,0.0,0.0,0.0,0.0,0.0
2019-02-14,20,0,265,0.0,0.0,0.0,0.0,0.0
2019-02-14,20,0,266,19.2,19.2,0.0,199.911145,0.0
2019-02-14,20,0,267,24.28,24.28,0.0,252.804302,0.0
2019-02-14,20,0,270,58.72,58.72,0.0,612.019403,0.0
2019-02-14,20,0,272,51.64,51.64,0.0,538.190598,0.0
2019-02-14,20,0,273,0.0,0.0,0.0,0.0,0.0
2019-02-14,20,0,274,75.69,75.69,0.0,788.892177,0.0
2019-02-14,20,0,275,105.37,105.37,0.0,1098.237134,0.0
2019-02-14,20,0,276,0.0,0.0,0.0,0.0,0.0
2019-02-14,20,0,277,0.0,0.0,0.0,0.0,0.0
2019-02-14,20,0,278,0.0,0.0,0.0,0.0,0.0
2019-02-14,20,0,279,237.6,237.6,0.0,2476.161688,0.0
2019-02-14,20,0,281,8.12,8.12,0.0,84.578072,0.0
2019-02-14,20,0,282,0.0,0.0,0.0,0.0,0.0
2019-02-14,21,0,9,0.0,0.0,0.0,0.0,0.0
2019-02-14,21,0,17,0.0,0.0,0.0,0.0,0.0
2019-02-14,21,0,19,499.87,499.87,0.0,2865.281081,0.0
2019-02-14,21,0,20,606.25,606.25,0.0,3475.056826,0.0
2019-02-14,21,0,21,0.0,0.0,0.0,0.0,0.0
2019-02-14,21,0,22,0.0,0.0,0.0,0.0,0.0
2019-02-14,21,0,23,46.94,46.94,0.0,417.223426,0.0
2019-02-14,21,0,24,83.04,83.04,0.0,738.09615,0.0
2019-02-14,21,0,29,0.0,0.0,0.0,0.0,0.0
2019-02-14,21,0,30,0.0,0.0,0.0,0.0,0.0
2019-02-14,21,0,31,16.82,16.82,0.0,149.469045,0.0
2019-02-14,21,0,32,0.0,0.0,0.0,0.0,0.0
2019-02-14,21,0,33,0.0,0.0,0.0,0.0,0.0
2019-02-14,21,0,34,0.0,0.0,0.0,0.0,0.0
2019-02-14,21,0,35,0.0,0.0,0.0,0.0,0.0
2019-02-14,21,0,36,0.0,0.0,0.0,0.0,0.0
2019-02-14,21,0,37,0.0,0.0,0.0,0.0,0.0
2019-02-14,21,0,38,0.0,0.0,0.0,0.0,0.0
2019-02-14,21,0,39,0.0,0.0,0.0,0.0,0.0
2019-02-14,21,0,40,0.0,0.0,0.0,0.0,0.0
2019-02-14,21,0,41,42.46,42.46,0.0,381.91148,0.0
2019-02-14,21,0,42,0.0,0.0,0.0,0.0,0.0
2019-02-14,21,0,43,0.0,0.0,0.0,0.0,0.0
2019-02-14,21,0,46,0.0,0.0,0.0,0.0,0.0
2019-02-14,21,0,52,17.83,17.83,0.0,158.444297,0.0
2019-02-14,21,0,53,28.33,28.33,0.0,251.75137,0.0
2019-02-14,21,0,55,99.07,99.07,0.0,880.577861,0.0
2019-02-14,21,0,56,0.0,0.0,0.0,0.0,0.0
2019-02-14,21,0,57,0.0,0.0,0.0,0.0,0.0
2019-02-14,21,0,58,0.0,0.0,0.0,0.0,0.0
2019-02-14,21,0,59,0.0,0.0,0.0,0.0,0.0
2019-02-14,21,0,63,20.35,20.35,0.0,220.455925,0.0
2019-02-14,21,0,64,23.94,23.94,0.0,259.347167,0.0
2019-02-14,21,0,65,11.23,11.23,0.0,83.697603,0.0
2019-02-14,21,0,67,0.0,0.0,0.0,0.0,0.0
2019-02-14,21,0,68,3.09,3.09,0.0,27.620214,0.0
2019-02-14,21,0,69,0.0,0.0,0.0,0.0,0.0
2019-02-14,21,0,74,8.66,8.66,0.0,79.146285,0.0
2019-02-14,21,0,77,71.47,71.47,0.0,621.138481,0.0
2019-02-14,21,0,78,54.14,54.14,0.0,470.525218,0.0
2019-02-14,21,0,79,31.4,31.4,0.0,272.894197,0.0
2019-02-14,21,0,80,50.68,50.68,0.0,440.454711,0.0
2019-02-14,21,0,81,66.15,66.15,0.0,574.902903,0.0
2019-02-14,21,0,82,46.76,46.76,0.0,406.386391,0.0
2019-02-14,21,0,83,103.61,103.61,0.0,900.463943,0.0
2019-02-14,21,0,84,0.0,0.0,0.0,0.0,0.0
2019-02-14,21,0,86,0.0,0.0,0.0,0.0,0.0
2019-02-14,21,0,87,0.0,0.0,0.0,0.0,0.0
2019-02-14,21,0,88,79.96,79.96,0.0,694.924205,0.0
2019-02-14,21,0,89,76.87,76.87,0.0,668.06933,0.0
2019-02-14,21,0,90,103.21,103.21,0.0,896.987583,0.0
2019-02-14,21,0,91,368.17,368.17,0.0,3199.72792,0.0
2019-02-14,21,0,92,132.41,132.41,0.0,1150.761805,0.0
2019-02-14,21,0,95,42.02,42.02,0.0,454.275904,0.0
2019-02-14,21,0,96,11.65,11.65,0.0,103.501421,0.0
2019-02-14,21,0,97,71.67,71.67,0.0,636.733634,0.0
2019-02-14,21,0,99,1.67,1.67,0.0,15.262621,0.0
2019-02-14,21,0,101,0.0,0.0,0.0,0.0,0.0
2019-02-14,21,0,102,7.31,7.31,0.0,65.341025,0.0
2019-02-14,21,0,103,6.36,6.36,0.0,56.849373,0.0
2019-02-14,21,0,104,1.18,1.18,0.0,10.547525,0.0
2019-02-14,21,0,106,0.0,0.0,0.0,0.0,0.0
2019-02-14,21,0,109,44.45,44.45,0.0,403.012121,0.0
2019-02-14,21,0,110,178.64,178.64,0.0,1824.237605,0.0
2019-02-14,21,0,111,0.0,0.0,0.0,0.0,0.0
2019-02-14,21,0,113,32.03,32.03,0.0,274.930902,0.0
2019-02-14,21,0,115,32.03,32.03,0.0,274.930902,0.0
2019-02-14,21,0,116,0.0,0.0,0.0,0.0,0.0
2019-02-14,21,0,117,2.15,2.15,0.0,18.454619,0.0
2019-02-14,21,0,119,23.94,23.94,0.0,259.347167,0.0
2019-02-14,21,0,120,14.08,14.08,0.0,152.531667,0.0
2019-02-14,21,0,123,0.0,0.0,0.0,0.0,0.0
2019-02-14,21,0,125,75.15,75.15,0.0,667.966349,0.0
2019-02-14,21,0,126,0.0,0.0,0.0,0.0,0.0
2019-02-14,21,0,127,0.0,0.0,0.0,0.0,0.0
2019-02-14,21,0,128,107.63,107.63,0.0,956.662917,0.0
2019-02-14,21,0,131,10.63,10.63,0.0,94.127319,0.0
2019-02-14,21,0,132,15.63,15.63,0.0,138.401693,0.0
2019-02-14,21,0,133,66.15,66.15,0.0,624.871427,0.0
2019-02-14,21,0,134,0.0,0.0,0.0,0.0,0.0
2019-02-14,21,0,135,86.01,86.01,0.0,812.474549,0.0
2019-02-14,21,0,136,18.51,18.51,0.0,139.704508,0.0
2019-02-14,21,0,139,55.93,55.93,0.0,503.068984,0.0
2019-02-14,21,0,140,132.21,132.21,0.0,1350.103301,0.0
2019-02-14,21,0,141,100.71,100.71,0.0,931.769409,0.0
2019-02-14,21,0,142,0.0,0.0,0.0,0.0,0.0
2019-02-14,21,0,143,37.16,37.16,0.0,330.218175,0.0
2019-02-14,21,0,145,14.07,14.07,0.0,125.972462,0.0
2019-02-14,21,0,146,9.0,9.0,0.0,91.906283,0.0
2019-02-14,21,0,152,0.0,0.0,0.0,0.0,0.0
2019-02-14,21,0,153,0.0,0.0,0.0,0.0,0.0
2019-02-14,21,0,154,0.0,0.0,0.0,0.0,0.0
2019-02-14,21,0,157,136.67,136.67,0.0,1264.471504,0.0
2019-02-14,21,0,158,0.0,0.0,0.0,0.0,0.0
2019-02-14,21,0,159,0.0,0.0,0.0,0.0,0.0
2019-02-14,21,0,160,0.0,0.0,0.0,0.0,0.0
2019-02-14,21,0,161,0.0,0.0,0.0,0.0,0.0
2019-02-14,21,0,162,35.51,35.51,0.0,383.935416,0.0
2019-02-14,21,0,163,11.88,11.88,0.0,121.316294,0.0
2019-02-14,21,0,164,0.0,0.0,0.0,0.0,0.0
2019-02-14,21,0,167,0.0,0.0,0.0,0.0,0.0
2019-02-14,21,0,168,0.0,0.0,0.0,0.0,0.0
2019-02-14,21,0,169,0.0,0.0,0.0,0.0,0.0
2019-02-14,21,0,170,0.0,0.0,0.0,0.0,0.0
2019-02-14,21,0,172,0.0,0.0,0.0,0.0,0.0
2019-02-14,21,0,173,0.0,0.0,0.0,0.0,0.0
2019-02-14,21,0,188,0.0,0.0,0.0,0.0,0.0
2019-02-14,21,0,190,0.0,0.0,0.0,0.0,0.0
2019-02-14,21,0,191,0.0,0.0,0.0,0.0,0.0
2019-02-14,21,0,192,37.62,37.62,0.0,407.545548,0.0
2019-02-14,21,0,194,70.56,70.56,0.0,582.125721,0.0
2019-02-14,21,0,196,0.0,0.0,0.0,0.0,0.0
2019-02-14,21,0,198,0.0,0.0,0.0,0.0,0.0
2019-02-14,21,0,199,105.47,105.47,0.0,967.299007,0.0
2019-02-14,21,0,200,0.0,0.0,0.0,0.0,0.0
2019-02-14,21,0,204,455.21,455.21,0.0,4123.666454,0.0
2019-02-14,21,0,205,206.27,206.27,0.0,1870.175707,0.0
2019-02-14,21,0,206,210.59,210.59,0.0,1870.932552,0.0
2019-02-14,21,0,210,0.0,0.0,0.0,0.0,0.0
2019-02-14,21,0,214,0.0,0.0,0.0,0.0,0.0
2019-02-14,21,0,217,0.0,0.0,0.0,0.0,0.0
2019-02-14,21,0,218,0.0,0.0,0.0,0.0,0.0
2019-02-14,21,0,219,0.0,0.0,0.0,0.0,0.0
2019-02-14,21,0,221,0.0,0.0,0.0,0.0,0.0
2019-02-14,21,0,225,0.0,0.0,0.0,0.0,0.0
2019-02-14,21,0,233,0.0,0.0,0.0,0.0,0.0
2019-02-14,21,0,236,36.8,36.8,0.0,337.688846,0.0
2019-02-14,21,0,237,20.77,20.77,0.0,189.823133,0.0
2019-02-14,21,0,238,0.0,0.0,0.0,0.0,0.0
2019-02-14,21,0,240,0.0,0.0,0.0,0.0,0.0
2019-02-14,21,0,245,143.8,143.8,0.0,1276.018486,0.0
2019-02-14,21,0,247,55.92,55.92,0.0,496.209692,0.0
2019-02-14,21,0,248,2.09,2.09,0.0,19.101124,0.0
2019-02-14,21,0,249,276.54,276.54,0.0,2453.895356,0.0
2019-02-14,21,0,251,65.09,65.09,0.0,520.904632,0.0
2019-02-14,21,0,252,72.47,72.47,0.0,540.121572,0.0
2019-02-14,21,0,254,0.0,0.0,0.0,0.0,0.0
2019-02-14,21,0,255,0.0,0.0,0.0,0.0,0.0
2019-02-14,21,0,258,0.0,0.0,0.0,0.0,0.0
2019-02-14,21,0,260,0.0,0.0,0.0,0.0,0.0
2019-02-14,21,0,265,0.0,0.0,0.0,0.0,0.0
2019-02-14,21,0,266,35.03,35.03,0.0,315.081468,0.0
2019-02-14,21,0,267,43.73,43.73,0.0,393.334644,0.0
2019-02-14,21,0,270,37.1,37.1,0.0,378.858123,0.0
2019-02-14,21,0,272,106.97,106.97,0.0,918.18166,0.0
2019-02-14,21,0,273,0.0,0.0,0.0,0.0,0.0
2019-02-14,21,0,274,47.82,47.82,0.0,488.328718,0.0
2019-02-14,21,0,275,66.57,66.57,0.0,679.800142,0.0
2019-02-14,21,0,276,0.0,0.0,0.0,0.0,0.0
2019-02-14,21,0,277,0.0,0.0,0.0,0.0,0.0
2019-02-14,21,0,278,0.0,0.0,0.0,0.0,0.0
2019-02-14,21,0,279,257.54,257.54,0.0,2221.690371,0.0
2019-02-14,21,0,281,7.55,7.55,0.0,67.092229,0.0
2019-02-14,21,0,282,0.0,0.0,0.0,0.0,0.0
2019-02-14,22,0,9,0.0,0.0,0.0,0.0,0.0
2019-02-14,22,0,17,0.0,0.0,0.0,0.0,0.0
2019-02-14,22,0,19,430.3,430.3,0.0,3783.742157,0.0
2019-02-14,22,0,20,521.87,521.87,0.0,4588.941481,0.0
2019-02-14,22,0,21,0.0,0.0,0.0,0.0,0.0
2019-02-14,22,0,22,0.0,0.0,0.0,0.0,0.0
2019-02-14,22,0,23,57.56,57.56,0.0,504.326636,0.0
2019-02-14,22,0,24,101.84,101.84,0.0,892.297161,0.0
2019-02-14,22,0,29,0.0,0.0,0.0,0.0,0.0
2019-02-14,22,0,30,0.0,0.0,0.0,0.0,0.0
2019-02-14,22,0,31,16.64,16.64,0.0,145.792283,0.0
2019-02-14,22,0,32,0.0,0.0,0.0,0.0,0.0
2019-02-14,22,0,33,0.0,0.0,0.0,0.0,0.0
2019-02-14,22,0,34,0.0,0.0,0.0,0.0,0.0
2019-02-14,22,0,35,0.0,0.0,0.0,0.0,0.0
2019-02-14,22,0,36,0.0,0.0,0.0,0.0,0.0
2019-02-14,22,0,37,0.0,0.0,0.0,0.0,0.0
2019-02-14,22,0,38,0.0,0.0,0.0,0.0,0.0
2019-02-14,22,0,39,0.0,0.0,0.0,0.0,0.0
2019-02-14,22,0,40,0.0,0.0,0.0,0.0,0.0
2019-02-14,22,0,41,43.55,43.55,0.0,382.027714,0.0
2019-02-14,22,0,42,0.0,0.0,0.0,0.0,0.0
2019-02-14,22,0,43,0.0,0.0,0.0,0.0,0.0
2019-02-14,22,0,46,0.0,0.0,0.0,0.0,0.0
2019-02-14,22,0,52,17.63,17.63,0.0,154.466223,0.0
2019-02-14,22,0,53,28.02,28.02,0.0,245.498785,0.0
2019-02-14,22,0,55,190.74,190.74,0.0,1671.217209,0.0
2019-02-14,22,0,56,0.0,0.0,0.0,0.0,0.0
2019-02-14,22,0,57,0.0,0.0,0.0,0.0,0.0
2019-02-14,22,0,58,0.0,0.0,0.0,0.0,0.0
2019-02-14,22,0,59,0.0,0.0,0.0,0.0,0.0
2019-02-14,22,0,63,61.54,61.54,0.0,550.606579,0.0
2019-02-14,22,0,64,72.4,72.4,0.0,647.772446,0.0
2019-02-14,22,0,65,9.36,9.36,0.0,82.302875,0.0
2019-02-14,22,0,67,0.0,0.0,0.0,0.0,0.0
2019-02-14,22,0,68,3.65,3.65,0.0,31.996551,0.0
2019-02-14,22,0,69,0.0,0.0,0.0,0.0,0.0
2019-02-14,22,0,74,7.42,7.42,0.0,65.197325,0.0
2019-02-14,22,0,77,99.5,99.5,0.0,869.883351,0.0
2019-02-14,22,0,78,75.22,75.22,0.0,657.614328,0.0
2019-02-14,22,0,79,43.53,43.53,0.0,380.563038,0.0
2019-02-14,22,0,80,70.4,70.4,0.0,615.475255,0.0
2019-02-14,22,0,81,92.04,92.04,0.0,804.663956,0.0
2019-02-14,22,0,82,64.93,64.93,0.0,567.653527,0.0
2019-02-14,22,0,83,144.78,144.78,0.0,1265.745845,0.0
2019-02-14,22,0,84,0.0,0.0,0.0,0.0,0.0
2019-02-14,22,0,86,0.0,0.0,0.0,0.0,0.0
2019-02-14,22,0,87,0.0,0.0,0.0,0.0,0.0
2019-02-14,22,0,88,94.71,94.71,0.0,828.006554,0.0
2019-02-14,22,0,89,91.05,91.05,0.0,796.008835,0.0
2019-02-14,22,0,90,122.25,122.25,0.0,1068.776278,0.0
2019-02-14,22,0,91,436.08,436.08,0.0,3812.449564,0.0
2019-02-14,22,0,92,156.83,156.83,0.0,1371.093527,0.0
2019-02-14,22,0,95,39.21,39.21,0.0,350.732918,0.0
2019-02-14,22,0,96,15.66,15.66,0.0,137.202689,0.0
2019-02-14,22,0,97,96.31,96.31,0.0,843.805297,0.0
2019-02-14,22,0,99,1.43,1.43,0.0,12.564983,0.0
2019-02-14,22,0,101,0.0,0.0,0.0,0.0,0.0
2019-02-14,22,0,102,8.63,8.63,0.0,75.652119,0.0
2019-02-14,22,0,103,7.51,7.51,0.0,65.833999,0.0
2019-02-14,22,0,104,1.39,1.39,0.0,12.184988,0.0
2019-02-14,22,0,106,0.0,0.0,0.0,0.0,0.0
2019-02-14,22,0,109,103.38,103.38,0.0,907.576717,0.0
2019-02-14,22,0,110,303.13,303.13,0.0,2694.152306,0.0
2019-02-14,22,0,111,0.0,0.0,0.0,0.0,0.0
2019-02-14,22,0,113,71.6,71.6,0.0,625.226799,0.0
2019-02-14,22,0,115,71.6,71.6,0.0,625.226799,0.0
2019-02-14,22,0,116,0.0,0.0,0.0,0.0,0.0
2019-02-14,22,0,117,4.77,4.77,0.0,41.652679,0.0
2019-02-14,22,0,119,72.4,72.4,0.0,647.772446,0.0
2019-02-14,22,0,120,42.57,42.57,0.0,380.879462,0.0
2019-02-14,22,0,123,0.0,0.0,0.0,0.0,0.0
2019-02-14,22,0,125,92.16,92.16,0.0,807.48337,0.0
2019-02-14,22,0,126,0.0,0.0,0.0,0.0,0.0
2019-02-14,22,0,127,0.0,0.0,0.0,0.0,0.0
2019-02-14,22,0,128,132.0,132.0,0.0,1156.551701,0.0
2019-02-14,22,0,131,12.75,12.75,0.0,111.666845,0.0
2019-02-14,22,0,132,18.74,18.74,0.0,164.128367,0.0
2019-02-14,22,0,133,83.05,83.05,0.0,730.28245,0.0
2019-02-14,22,0,134,0.0,0.0,0.0,0.0,0.0
2019-02-14,22,0,135,111.28,111.28,0.0,978.516929,0.0
2019-02-14,22,0,136,16.17,16.17,0.0,142.183294,0.0
2019-02-14,22,0,139,56.24,56.24,0.0,493.346467,0.0
2019-02-14,22,0,140,224.35,224.35,0.0,1993.973114,0.0
2019-02-14,22,0,141,97.87,97.87,0.0,860.875483,0.0
2019-02-14,22,0,142,0.0,0.0,0.0,0.0,0.0
2019-02-14,22,0,143,30.33,30.33,0.0,265.737978,0.0
2019-02-14,22,0,145,42.26,42.26,0.0,370.537535,0.0
2019-02-14,22,0,146,74.92,74.92,0.0,665.872368,0.0
2019-02-14,22,0,152,0.0,0.0,0.0,0.0,0.0
2019-02-14,22,0,153,0.0,0.0,0.0,0.0,0.0
2019-02-14,22,0,154,0.0,0.0,0.0,0.0,0.0
2019-02-14,22,0,157,100.88,100.88,0.0,887.35178,0.0
2019-02-14,22,0,158,0.0,0.0,0.0,0.0,0.0
2019-02-14,22,0,159,0.0,0.0,0.0,0.0,0.0
2019-02-14,22,0,160,0.0,0.0,0.0,0.0,0.0
2019-02-14,22,0,161,0.0,0.0,0.0,0.0,0.0
2019-02-14,22,0,162,22.87,22.87,0.0,204.574233,0.0
2019-02-14,22,0,163,22.39,22.39,0.0,198.997361,0.0
2019-02-14,22,0,164,0.0,0.0,0.0,0.0,0.0
2019-02-14,22,0,167,0.0,0.0,0.0,0.0,0.0
2019-02-14,22,0,168,0.0,0.0,0.0,0.0,0.0
2019-02-14,22,0,169,0.0,0.0,0.0,0.0,0.0
2019-02-14,22,0,170,0.0,0.0,0.0,0.0,0.0
2019-02-14,22,0,172,0.0,0.0,0.0,0.0,0.0
2019-02-14,22,0,173,0.0,0.0,0.0,0.0,0.0
2019-02-14,22,0,188,0.0,0.0,0.0,0.0,0.0
2019-02-14,22,0,190,0.0,0.0,0.0,0.0,0.0
2019-02-14,22,0,191,0.0,0.0,0.0,0.0,0.0
2019-02-14,22,0,192,129.75,129.75,0.0,1160.890537,0.0
2019-02-14,22,0,194,90.32,90.32,0.0,785.811095,0.0
2019-02-14,22,0,196,0.0,0.0,0.0,0.0,0.0
2019-02-14,22,0,198,0.0,0.0,0.0,0.0,0.0
2019-02-14,22,0,199,90.94,90.94,0.0,799.184248,0.0
2019-02-14,22,0,200,0.0,0.0,0.0,0.0,0.0
2019-02-14,22,0,204,516.76,516.76,0.0,4536.247339,0.0
2019-02-14,22,0,205,514.33,514.33,0.0,4515.321463,0.0
2019-02-14,22,0,206,283.0,283.0,0.0,2479.461105,0.0
2019-02-14,22,0,210,0.0,0.0,0.0,0.0,0.0
2019-02-14,22,0,214,0.0,0.0,0.0,0.0,0.0
2019-02-14,22,0,217,0.0,0.0,0.0,0.0,0.0
2019-02-14,22,0,218,0.0,0.0,0.0,0.0,0.0
2019-02-14,22,0,219,0.0,0.0,0.0,0.0,0.0
2019-02-14,22,0,221,0.0,0.0,0.0,0.0,0.0
2019-02-14,22,0,225,0.0,0.0,0.0,0.0,0.0
2019-02-14,22,0,233,0.0,0.0,0.0,0.0,0.0
2019-02-14,22,0,236,30.62,30.62,0.0,269.156483,0.0
2019-02-14,22,0,237,17.8,17.8,0.0,156.403285,0.0
2019-02-14,22,0,238,0.0,0.0,0.0,0.0,0.0
2019-02-14,22,0,240,0.0,0.0,0.0,0.0,0.0
2019-02-14,22,0,245,103.77,103.77,0.0,912.562385,0.0
2019-02-14,22,0,247,40.06,40.06,0.0,352.291117,0.0
2019-02-14,22,0,248,1.79,1.79,0.0,15.728196,0.0
2019-02-14,22,0,249,199.56,199.56,0.0,1754.947958,0.0
2019-02-14,22,0,251,123.63,123.63,0.0,1087.038475,0.0
2019-02-14,22,0,252,60.39,60.39,0.0,531.011818,0.0
2019-02-14,22,0,254,0.0,0.0,0.0,0.0,0.0
2019-02-14,22,0,255,0.0,0.0,0.0,0.0,0.0
2019-02-14,22,0,258,0.0,0.0,0.0,0.0,0.0
2019-02-14,22,0,260,0.0,0.0,0.0,0.0,0.0
2019-02-14,22,0,265,0.0,0.0,0.0,0.0,0.0
2019-02-14,22,0,266,36.42,36.42,0.0,319.482189,0.0
2019-02-14,22,0,267,44.75,44.75,0.0,392.55431,0.0
2019-02-14,22,0,270,69.94,69.94,0.0,621.61123,0.0
2019-02-14,22,0,272,239.3,239.3,0.0,2089.619735,0.0
2019-02-14,22,0,273,0.0,0.0,0.0,0.0,0.0
2019-02-14,22,0,274,90.15,90.15,0.0,801.233235,0.0
2019-02-14,22,0,275,125.5,125.5,0.0,1115.416206,0.0
2019-02-14,22,0,276,0.0,0.0,0.0,0.0,0.0
2019-02-14,22,0,277,0.0,0.0,0.0,0.0,0.0
2019-02-14,22,0,278,0.0,0.0,0.0,0.0,0.0
2019-02-14,22,0,279,125.51,125.51,0.0,1096.500378,0.0
2019-02-14,22,0,281,7.47,7.47,0.0,65.44882,0.0
2019-02-14,22,0,282,0.0,0.0,0.0,0.0,0.0
2019-02-14,23,0,9,0.0,0.0,0.0,0.0,0.0
2019-02-14,23,0,17,0.0,0.0,0.0,0.0,0.0
2019-02-14,23,0,19,398.02,398.02,0.0,3202.355085,0.0
2019-02-14,23,0,20,482.73,482.73,0.0,3883.907518,0.0
2019-02-14,23,0,21,0.0,0.0,0.0,0.0,0.0
2019-02-14,23,0,22,0.0,0.0,0.0,0.0,0.0
2019-02-14,23,0,23,65.65,65.65,0.0,521.367238,0.0
2019-02-14,23,0,24,116.16,116.16,0.0,922.498375,0.0
2019-02-14,23,0,29,0.0,0.0,0.0,0.0,0.0
2019-02-14,23,0,30,0.0,0.0,0.0,0.0,0.0
2019-02-14,23,0,31,16.85,16.85,0.0,133.805144,0.0
2019-02-14,23,0,32,0.0,0.0,0.0,0.0,0.0
2019-02-14,23,0,33,0.0,0.0,0.0,0.0,0.0
2019-02-14,23,0,34,0.0,0.0,0.0,0.0,0.0
2019-02-14,23,0,35,0.0,0.0,0.0,0.0,0.0
2019-02-14,23,0,36,0.0,0.0,0.0,0.0,0.0
2019-02-14,23,0,37,0.0,0.0,0.0,0.0,0.0
2019-02-14,23,0,38,0.0,0.0,0.0,0.0,0.0
2019-02-14,23,0,39,0.0,0.0,0.0,0.0,0.0
2019-02-14,23,0,40,0.0,0.0,0.0,0.0,0.0
2019-02-14,23,0,41,45.42,45.42,0.0,362.270001,0.0
2019-02-14,23,0,42,0.0,0.0,0.0,0.0,0.0
2019-02-14,23,0,43,0.0,0.0,0.0,0.0,0.0
2019-02-14,23,0,46,0.0,0.0,0.0,0.0,0.0
2019-02-14,23,0,52,17.86,17.86,0.0,141.825512,0.0
2019-02-14,23,0,53,28.37,28.37,0.0,225.284982,0.0
2019-02-14,23,0,55,372.53,372.53,0.0,2958.491045,0.0
2019-02-14,23,0,56,0.0,0.0,0.0,0.0,0.0
2019-02-14,23,0,57,0.0,0.0,0.0,0.0,0.0
2019-02-14,23,0,58,0.0,0.0,0.0,0.0,0.0
2019-02-14,23,0,59,0.0,0.0,0.0,0.0,0.0
2019-02-14,23,0,63,34.35,34.35,0.0,293.830744,0.0
2019-02-14,23,0,64,40.41,40.41,0.0,345.668133,0.0
2019-02-14,23,0,65,8.75,8.75,0.0,70.393542,0.0
2019-02-14,23,0,67,0.0,0.0,0.0,0.0,0.0
2019-02-14,23,0,68,3.88,3.88,0.0,30.870172,0.0
2019-02-14,23,0,69,0.0,0.0,0.0,0.0,0.0
2019-02-14,23,0,74,7.71,7.71,0.0,61.865264,0.0
2019-02-14,23,0,77,112.02,112.02,0.0,882.511483,0.0
2019-02-14,23,0,78,84.69,84.69,0.0,667.20137,0.0
2019-02-14,23,0,79,49.01,49.01,0.0,386.108621,0.0
2019-02-14,23,0,80,79.25,79.25,0.0,624.34418,0.0
2019-02-14,23,0,81,103.62,103.62,0.0,816.334939,0.0
2019-02-14,23,0,82,73.09,73.09,0.0,575.814714,0.0
2019-02-14,23,0,83,162.99,162.99,0.0,1284.061298,0.0
2019-02-14,23,0,84,0.0,0.0,0.0,0.0,0.0
2019-02-14,23,0,86,0.0,0.0,0.0,0.0,0.0
2019-02-14,23,0,87,0.0,0.0,0.0,0.0,0.0
2019-02-14,23,0,88,105.28,105.28,0.0,829.412684,0.0
2019-02-14,23,0,89,101.2,101.2,0.0,797.269791,0.0
2019-02-14,23,0,90,135.89,135.89,0.0,1070.563162,0.0
2019-02-14,23,0,91,484.73,484.73,0.0,3818.780494,0.0
2019-02-14,23,0,92,174.33,174.33,0.0,1373.399632,0.0
2019-02-14,23,0,95,32.51,32.51,0.0,277.860774,0.0
2019-02-14,23,0,96,15.71,15.71,0.0,124.741614,0.0
2019-02-14,23,0,97,96.62,96.62,0.0,767.188717,0.0
2019-02-14,23,0,99,1.49,1.49,0.0,11.955803,0.0
2019-02-14,23,0,101,0.0,0.0,0.0,0.0,0.0
2019-02-14,23,0,102,9.19,9.19,0.0,73.117752,0.0
2019-02-14,23,0,103,7.99,7.99,0.0,63.570276,0.0
2019-02-14,23,0,104,1.48,1.48,0.0,11.77522,0.0
2019-02-14,23,0,106,0.0,0.0,0.0,0.0,0.0
2019-02-14,23,0,109,136.88,136.88,0.0,1094.862764,0.0
2019-02-14,23,0,110,295.58,295.58,0.0,2470.440787,0.0
2019-02-14,23,0,111,0.0,0.0,0.0,0.0,0.0
2019-02-14,23,0,113,72.14,72.14,0.0,565.869019,0.0
2019-02-14,23,0,115,72.14,72.14,0.0,565.869019,0.0
2019-02-14,23,0,116,0.0,0.0,0.0,0.0,0.0
2019-02-14,23,0,117,4.81,4.81,0.0,37.729831,0.0
2019-02-14,23,0,119,40.41,40.41,0.0,345.668133,0.0
2019-02-14,23,0,120,23.76,23.76,0.0,203.243624,0.0
2019-02-14,23,0,123,0.0,0.0,0.0,0.0,0.0
2019-02-14,23,0,125,105.11,105.11,0.0,834.743494,0.0
2019-02-14,23,0,126,0.0,0.0,0.0,0.0,0.0
2019-02-14,23,0,127,0.0,0.0,0.0,0.0,0.0
2019-02-14,23,0,128,150.55,150.55,0.0,1195.610627,0.0
2019-02-14,23,0,131,13.47,13.47,0.0,106.814675,0.0
2019-02-14,23,0,132,19.81,19.81,0.0,157.089734,0.0
2019-02-14,23,0,133,79.33,79.33,0.0,638.272006,0.0
2019-02-14,23,0,134,0.0,0.0,0.0,0.0,0.0
2019-02-14,23,0,135,106.3,106.3,0.0,855.266787,0.0
2019-02-14,23,0,136,13.78,13.78,0.0,110.859214,0.0
2019-02-14,23,0,139,58.66,58.66,0.0,467.872265,0.0
2019-02-14,23,0,140,218.76,218.76,0.0,1828.383607,0.0
2019-02-14,23,0,141,116.23,116.23,0.0,936.246309,0.0
2019-02-14,23,0,142,0.0,0.0,0.0,0.0,0.0
2019-02-14,23,0,143,32.57,32.57,0.0,258.637006,0.0
2019-02-14,23,0,145,18.51,18.51,0.0,147.383893,0.0
2019-02-14,23,0,146,69.16,69.16,0.0,578.035337,0.0
2019-02-14,23,0,152,0.0,0.0,0.0,0.0,0.0
2019-02-14,23,0,153,0.0,0.0,0.0,0.0,0.0
2019-02-14,23,0,154,0.0,0.0,0.0,0.0,0.0
2019-02-14,23,0,157,109.34,109.34,0.0,880.746549,0.0
2019-02-14,23,0,158,0.0,0.0,0.0,0.0,0.0
2019-02-14,23,0,159,0.0,0.0,0.0,0.0,0.0
2019-02-14,23,0,160,0.0,0.0,0.0,0.0,0.0
2019-02-14,23,0,161,0.0,0.0,0.0,0.0,0.0
2019-02-14,23,0,162,8.32,8.32,0.0,71.113354,0.0
2019-02-14,23,0,163,13.24,13.24,0.0,110.659165,0.0
2019-02-14,23,0,164,0.0,0.0,0.0,0.0,0.0
2019-02-14,23,0,167,0.0,0.0,0.0,0.0,0.0
2019-02-14,23,0,168,0.0,0.0,0.0,0.0,0.0
2019-02-14,23,0,169,0.0,0.0,0.0,0.0,0.0
2019-02-14,23,0,170,0.0,0.0,0.0,0.0,0.0
2019-02-14,23,0,172,0.0,0.0,0.0,0.0,0.0
2019-02-14,23,0,173,0.0,0.0,0.0,0.0,0.0
2019-02-14,23,0,188,0.0,0.0,0.0,0.0,0.0
2019-02-14,23,0,190,0.0,0.0,0.0,0.0,0.0
2019-02-14,23,0,191,0.0,0.0,0.0,0.0,0.0
2019-02-14,23,0,192,110.94,110.94,0.0,948.983485,0.0
2019-02-14,23,0,194,109.07,109.07,0.0,844.048792,0.0
2019-02-14,23,0,196,0.0,0.0,0.0,0.0,0.0
2019-02-14,23,0,198,0.0,0.0,0.0,0.0,0.0
2019-02-14,23,0,199,73.16,73.16,0.0,587.361196,0.0
2019-02-14,23,0,200,0.0,0.0,0.0,0.0,0.0
2019-02-14,23,0,204,588.66,588.66,0.0,4706.985479,0.0
2019-02-14,23,0,205,724.11,724.11,0.0,5791.9424,0.0
2019-02-14,23,0,206,283.92,283.92,0.0,2254.400957,0.0
2019-02-14,23,0,210,0.0,0.0,0.0,0.0,0.0
2019-02-14,23,0,214,0.0,0.0,0.0,0.0,0.0
2019-02-14,23,0,217,0.0,0.0,0.0,0.0,0.0
2019-02-14,23,0,218,0.0,0.0,0.0,0.0,0.0
2019-02-14,23,0,219,0.0,0.0,0.0,0.0,0.0
2019-02-14,23,0,221,0.0,0.0,0.0,0.0,0.0
2019-02-14,23,0,225,0.0,0.0,0.0,0.0,0.0
2019-02-14,23,0,233,0.0,0.0,0.0,0.0,0.0
2019-02-14,23,0,236,30.46,30.46,0.0,244.765814,0.0
2019-02-14,23,0,237,18.49,18.49,0.0,148.364298,0.0
2019-02-14,23,0,238,0.0,0.0,0.0,0.0,0.0
2019-02-14,23,0,240,0.0,0.0,0.0,0.0,0.0
2019-02-14,23,0,245,102.55,102.55,0.0,825.366195,0.0
2019-02-14,23,0,247,38.44,38.44,0.0,309.381536,0.0
2019-02-14,23,0,248,1.86,1.86,0.0,14.924694,0.0
2019-02-14,23,0,249,197.21,197.21,0.0,1587.2303,0.0
2019-02-14,23,0,251,56.24,56.24,0.0,452.381337,0.0
2019-02-14,23,0,252,56.47,56.47,0.0,454.299807,0.0
2019-02-14,23,0,254,0.0,0.0,0.0,0.0,0.0
2019-02-14,23,0,255,0.0,0.0,0.0,0.0,0.0
2019-02-14,23,0,258,0.0,0.0,0.0,0.0,0.0
2019-02-14,23,0,260,0.0,0.0,0.0,0.0,0.0
2019-02-14,23,0,265,0.0,0.0,0.0,0.0,0.0
2019-02-14,23,0,266,37.98,37.98,0.0,302.928548,0.0
2019-02-14,23,0,267,46.68,46.68,0.0,372.319763,0.0
2019-02-14,23,0,270,41.35,41.35,0.0,345.600942,0.0
2019-02-14,23,0,272,241.09,241.09,0.0,1891.119515,0.0
2019-02-14,23,0,273,0.0,0.0,0.0,0.0,0.0
2019-02-14,23,0,274,53.3,53.3,0.0,445.478361,0.0
2019-02-14,23,0,275,74.2,74.2,0.0,620.159369,0.0
2019-02-14,23,0,276,0.0,0.0,0.0,0.0,0.0
2019-02-14,23,0,277,0.0,0.0,0.0,0.0,0.0
2019-02-14,23,0,278,0.0,0.0,0.0,0.0,0.0
2019-02-14,23,0,279,128.27,128.27,0.0,1007.909621,0.0
2019-02-14,23,0,281,7.56,7.56,0.0,60.033643,0.0
2019-02-14,23,0,282,0.0,0.0,0.0,0.0,0.0
2019-02-15,0,0,9,0.0,0.0,0.0,0.0,0.0
2019-02-15,0,0,17,0.0,0.0,0.0,0.0,0.0
2019-02-15,0,0,19,373.61,373.61,0.0,5180.620757,0.0
2019-02-15,0,0,20,453.12,453.12,0.0,6283.137168,0.0
2019-02-15,0,0,21,0.0,0.0,0.0,0.0,0.0
2019-02-15,0,0,22,0.0,0.0,0.0,0.0,0.0
2019-02-15,0,0,23,74.66,74.66,0.0,923.077372,0.0
2019-02-15,0,0,24,132.1,132.1,0.0,1633.251015,0.0
2019-02-15,0,0,29,0.0,0.0,0.0,0.0,0.0
2019-02-15,0,0,30,0.0,0.0,0.0,0.0,0.0
2019-02-15,0,0,31,17.15,17.15,0.0,211.874844,0.0
2019-02-15,0,0,32,0.0,0.0,0.0,0.0,0.0
2019-02-15,0,0,33,0.0,0.0,0.0,0.0,0.0
2019-02-15,0,0,34,0.0,0.0,0.0,0.0,0.0
2019-02-15,0,0,35,0.0,0.0,0.0,0.0,0.0
2019-02-15,0,0,36,0.0,0.0,0.0,0.0,0.0
2019-02-15,0,0,37,0.0,0.0,0.0,0.0,0.0
2019-02-15,0,0,38,0.0,0.0,0.0,0.0,0.0
2019-02-15,0,0,39,0.0,0.0,0.0,0.0,0.0
2019-02-15,0,0,40,0.0,0.0,0.0,0.0,0.0
2019-02-15,0,0,41,48.33,48.33,0.0,621.527638,0.0
2019-02-15,0,0,42,0.0,0.0,0.0,0.0,0.0
2019-02-15,0,0,43,0.0,0.0,0.0,0.0,0.0
2019-02-15,0,0,46,0.0,0.0,0.0,0.0,0.0
2019-02-15,0,0,52,18.18,18.18,0.0,224.599689,0.0
2019-02-15,0,0,53,28.88,28.88,0.0,356.789826,0.0
2019-02-15,0,0,55,414.46,414.46,0.0,5124.278696,0.0
2019-02-15,0,0,56,0.0,0.0,0.0,0.0,0.0
2019-02-15,0,0,57,0.0,0.0,0.0,0.0,0.0
2019-02-15,0,0,58,0.0,0.0,0.0,0.0,0.0
2019-02-15,0,0,59,0.0,0.0,0.0,0.0,0.0
2019-02-15,0,0,63,16.91,16.91,0.0,358.558528,0.0
2019-02-15,0,0,64,19.89,19.89,0.0,421.746252,0.0
2019-02-15,0,0,65,8.39,8.39,0.0,116.249631,0.0
2019-02-15,0,0,67,0.0,0.0,0.0,0.0,0.0
2019-02-15,0,0,68,4.14,4.14,0.0,52.059126,0.0
2019-02-15,0,0,69,0.0,0.0,0.0,0.0,0.0
2019-02-15,0,0,74,8.48,8.48,0.0,114.932505,0.0
2019-02-15,0,0,77,125.98,125.98,0.0,1442.183374,0.0
2019-02-15,0,0,78,95.24,95.24,0.0,1090.280557,0.0
2019-02-15,0,0,79,55.12,55.12,0.0,630.998155,0.0
2019-02-15,0,0,80,89.13,89.13,0.0,1020.335007,0.0
2019-02-15,0,0,81,116.53,116.53,0.0,1334.00245,0.0
2019-02-15,0,0,82,82.2,82.2,0.0,941.002329,0.0
2019-02-15,0,0,83,183.3,183.3,0.0,2098.366507,0.0
2019-02-15,0,0,84,0.0,0.0,0.0,0.0,0.0
2019-02-15,0,0,86,0.0,0.0,0.0,0.0,0.0
2019-02-15,0,0,87,0.0,0.0,0.0,0.0,0.0
2019-02-15,0,0,88,116.03,116.03,0.0,1328.278591,0.0
2019-02-15,0,0,89,111.54,111.54,0.0,1276.878343,0.0
2019-02-15,0,0,90,149.77,149.77,0.0,1714.524559,0.0
2019-02-15,0,0,91,534.25,534.25,0.0,6115.942751,0.0
2019-02-15,0,0,92,192.14,192.14,0.0,2199.564324,0.0
2019-02-15,0,0,95,15.1,15.1,0.0,318.633535,0.0
2019-02-15,0,0,96,15.78,15.78,0.0,194.792417,0.0
2019-02-15,0,0,97,97.05,97.05,0.0,1198.0104,0.0
2019-02-15,0,0,99,1.64,1.64,0.0,22.227513,0.0
2019-02-15,0,0,101,0.0,0.0,0.0,0.0,0.0
2019-02-15,0,0,102,9.8,9.8,0.0,123.231749,0.0
2019-02-15,0,0,103,8.52,8.52,0.0,107.136173,0.0
2019-02-15,0,0,104,1.58,1.58,0.0,19.867976,0.0
2019-02-15,0,0,106,0.0,0.0,0.0,0.0,0.0
2019-02-15,0,0,109,155.23,155.23,0.0,2047.143204,0.0
2019-02-15,0,0,110,290.45,290.45,0.0,5336.572636,0.0
2019-02-15,0,0,111,0.0,0.0,0.0,0.0,0.0
2019-02-15,0,0,113,73.38,73.38,0.0,803.891386,0.0
2019-02-15,0,0,115,73.38,73.38,0.0,803.891386,0.0
2019-02-15,0,0,116,0.0,0.0,0.0,0.0,0.0
2019-02-15,0,0,117,4.89,4.89,0.0,53.570849,0.0
2019-02-15,0,0,119,19.89,19.89,0.0,421.746252,0.0
2019-02-15,0,0,120,11.7,11.7,0.0,248.08603,0.0
2019-02-15,0,0,123,0.0,0.0,0.0,0.0,0.0
2019-02-15,0,0,125,119.55,119.55,0.0,1478.085987,0.0
2019-02-15,0,0,126,0.0,0.0,0.0,0.0,0.0
2019-02-15,0,0,127,0.0,0.0,0.0,0.0,0.0
2019-02-15,0,0,128,171.22,171.22,0.0,2116.920808,0.0
2019-02-15,0,0,131,14.12,14.12,0.0,172.17134,0.0
2019-02-15,0,0,132,20.76,20.76,0.0,253.135766,0.0
2019-02-15,0,0,133,76.56,76.56,0.0,1061.68739,0.0
2019-02-15,0,0,134,0.0,0.0,0.0,0.0,0.0
2019-02-15,0,0,135,102.59,102.59,0.0,1422.655556,0.0
2019-02-15,0,0,136,12.07,12.07,0.0,167.231685,0.0
2019-02-15,0,0,139,62.42,62.42,0.0,802.726157,0.0
2019-02-15,0,0,140,214.96,214.96,0.0,3949.559834,0.0
2019-02-15,0,0,141,137.44,137.44,0.0,1924.452482,0.0
2019-02-15,0,0,142,0.0,0.0,0.0,0.0,0.0
2019-02-15,0,0,143,89.37,89.37,0.0,1104.096493,0.0
2019-02-15,0,0,145,19.9,19.9,0.0,252.006305,0.0
2019-02-15,0,0,146,63.47,63.47,0.0,1166.163764,0.0
2019-02-15,0,0,152,0.0,0.0,0.0,0.0,0.0
2019-02-15,0,0,153,0.0,0.0,0.0,0.0,0.0
2019-02-15,0,0,154,0.0,0.0,0.0,0.0,0.0
2019-02-15,0,0,157,117.96,117.96,0.0,1651.691027,0.0
2019-02-15,0,0,158,0.0,0.0,0.0,0.0,0.0
2019-02-15,0,0,159,0.0,0.0,0.0,0.0,0.0
2019-02-15,0,0,160,0.0,0.0,0.0,0.0,0.0
2019-02-15,0,0,161,0.0,0.0,0.0,0.0,0.0
2019-02-15,0,0,162,5.72,5.72,0.0,120.729457,0.0
2019-02-15,0,0,163,7.37,7.37,0.0,135.41243,0.0
2019-02-15,0,0,164,0.0,0.0,0.0,0.0,0.0
2019-02-15,0,0,167,0.0,0.0,0.0,0.0,0.0
2019-02-15,0,0,168,0.0,0.0,0.0,0.0,0.0
2019-02-15,0,0,169,0.0,0.0,0.0,0.0,0.0
2019-02-15,0,0,170,0.0,0.0,0.0,0.0,0.0
2019-02-15,0,0,172,0.0,0.0,0.0,0.0,0.0
2019-02-15,0,0,173,0.0,0.0,0.0,0.0,0.0
2019-02-15,0,0,188,0.0,0.0,0.0,0.0,0.0
2019-02-15,0,0,190,0.0,0.0,0.0,0.0,0.0
2019-02-15,0,0,191,0.0,0.0,0.0,0.0,0.0
2019-02-15,0,0,192,97.76,97.76,0.0,2072.896609,0.0
2019-02-15,0,0,194,134.61,134.61,0.0,1269.790149,0.0
2019-02-15,0,0,196,0.0,0.0,0.0,0.0,0.0
2019-02-15,0,0,198,0.0,0.0,0.0,0.0,0.0
2019-02-15,0,0,199,32.52,32.52,0.0,442.829312,0.0
2019-02-15,0,0,200,0.0,0.0,0.0,0.0,0.0
2019-02-15,0,0,204,671.0,671.0,0.0,8823.805128,0.0
2019-02-15,0,0,205,821.16,821.16,0.0,10829.299191,0.0
2019-02-15,0,0,206,285.19,285.19,0.0,3520.459412,0.0
2019-02-15,0,0,210,0.0,0.0,0.0,0.0,0.0
2019-02-15,0,0,214,0.0,0.0,0.0,0.0,0.0
2019-02-15,0,0,217,0.0,0.0,0.0,0.0,0.0
2019-02-15,0,0,218,0.0,0.0,0.0,0.0,0.0
2019-02-15,0,0,219,0.0,0.0,0.0,0.0,0.0
2019-02-15,0,0,221,0.0,0.0,0.0,0.0,0.0
2019-02-15,0,0,225,0.0,0.0,0.0,0.0,0.0
2019-02-15,0,0,233,0.0,0.0,0.0,0.0,0.0
2019-02-15,0,0,236,30.37,30.37,0.0,416.708926,0.0
2019-02-15,0,0,237,20.35,20.35,0.0,275.810905,0.0
2019-02-15,0,0,238,0.0,0.0,0.0,0.0,0.0
2019-02-15,0,0,240,0.0,0.0,0.0,0.0,0.0
2019-02-15,0,0,245,65.2,65.2,0.0,906.641876,0.0
2019-02-15,0,0,247,37.86,37.86,0.0,526.464132,0.0
2019-02-15,0,0,248,2.04,2.04,0.0,27.648857,0.0
2019-02-15,0,0,249,122.14,122.14,0.0,1698.423906,0.0
2019-02-15,0,0,251,53.32,53.32,0.0,737.855544,0.0
2019-02-15,0,0,252,54.11,54.11,0.0,749.733911,0.0
2019-02-15,0,0,254,0.0,0.0,0.0,0.0,0.0
2019-02-15,0,0,255,0.0,0.0,0.0,0.0,0.0
2019-02-15,0,0,258,0.0,0.0,0.0,0.0,0.0
2019-02-15,0,0,260,0.0,0.0,0.0,0.0,0.0
2019-02-15,0,0,265,0.0,0.0,0.0,0.0,0.0
2019-02-15,0,0,266,40.42,40.42,0.0,519.80441,0.0
2019-02-15,0,0,267,49.67,49.67,0.0,638.760145,0.0
2019-02-15,0,0,270,23.01,23.01,0.0,422.773408,0.0
2019-02-15,0,0,272,245.25,245.25,0.0,2686.758821,0.0
2019-02-15,0,0,273,0.0,0.0,0.0,0.0,0.0
2019-02-15,0,0,274,29.66,29.66,0.0,544.956944,0.0
2019-02-15,0,0,275,41.28,41.28,0.0,758.456596,0.0
2019-02-15,0,0,276,0.0,0.0,0.0,0.0,0.0
2019-02-15,0,0,277,0.0,0.0,0.0,0.0,0.0
2019-02-15,0,0,278,0.0,0.0,0.0,0.0,0.0
2019-02-15,0,0,279,131.47,131.47,0.0,1466.238666,0.0
2019-02-15,0,0,281,7.7,7.7,0.0,95.127481,0.0
2019-02-15,0,0,282,0.0,0.0,0.0,0.0,0.0
2019-02-15,1,0,9,0.0,0.0,0.0,0.0,0.0
2019-02-15,1,0,17,0.0,0.0,0.0,0.0,0.0
2019-02-15,1,0,19,357.08,357.08,0.0,2778.472436,0.0
2019-02-15,1,0,20,433.07,433.07,0.0,3369.75764,0.0
2019-02-15,1,0,21,0.0,0.0,0.0,0.0,0.0
2019-02-15,1,0,22,0.0,0.0,0.0,0.0,0.0
2019-02-15,1,0,23,83.84,83.84,0.0,505.007064,0.0
2019-02-15,1,0,24,148.35,148.35,0.0,893.580605,0.0
2019-02-15,1,0,29,0.0,0.0,0.0,0.0,0.0
2019-02-15,1,0,30,0.0,0.0,0.0,0.0,0.0
2019-02-15,1,0,31,39.31,39.31,0.0,236.344148,0.0
2019-02-15,1,0,32,0.0,0.0,0.0,0.0,0.0
2019-02-15,1,0,33,0.0,0.0,0.0,0.0,0.0
2019-02-15,1,0,34,0.0,0.0,0.0,0.0,0.0
2019-02-15,1,0,35,0.0,0.0,0.0,0.0,0.0
2019-02-15,1,0,36,0.0,0.0,0.0,0.0,0.0
2019-02-15,1,0,37,0.0,0.0,0.0,0.0,0.0
2019-02-15,1,0,38,0.0,0.0,0.0,0.0,0.0
2019-02-15,1,0,39,0.0,0.0,0.0,0.0,0.0
2019-02-15,1,0,40,0.0,0.0,0.0,0.0,0.0
2019-02-15,1,0,41,51.78,51.78,0.0,341.956127,0.0
2019-02-15,1,0,42,0.0,0.0,0.0,0.0,0.0
2019-02-15,1,0,43,0.0,0.0,0.0,0.0,0.0
2019-02-15,1,0,46,0.0,0.0,0.0,0.0,0.0
2019-02-15,1,0,52,41.85,41.85,0.0,251.615431,0.0
2019-02-15,1,0,53,68.41,68.41,0.0,411.302549,0.0
2019-02-15,1,0,55,387.8,387.8,0.0,2335.898609,0.0
2019-02-15,1,0,56,0.0,0.0,0.0,0.0,0.0
2019-02-15,1,0,57,0.0,0.0,0.0,0.0,0.0
2019-02-15,1,0,58,0.0,0.0,0.0,0.0,0.0
2019-02-15,1,0,59,0.0,0.0,0.0,0.0,0.0
2019-02-15,1,0,63,6.82,6.82,0.0,111.601022,0.0
2019-02-15,1,0,64,8.02,8.02,0.0,131.237566,0.0
2019-02-15,1,0,65,8.21,8.21,0.0,63.780493,0.0
2019-02-15,1,0,67,0.0,0.0,0.0,0.0,0.0
2019-02-15,1,0,68,4.4,4.4,0.0,27.588771,0.0
2019-02-15,1,0,69,0.0,0.0,0.0,0.0,0.0
2019-02-15,1,0,74,9.85,9.85,0.0,73.037238,0.0
2019-02-15,1,0,77,140.84,140.84,0.0,697.437678,0.0
2019-02-15,1,0,78,106.48,106.48,0.0,527.287446,0.0
2019-02-15,1,0,79,61.62,61.62,0.0,305.141364,0.0
2019-02-15,1,0,80,99.65,99.65,0.0,493.465384,0.0
2019-02-15,1,0,81,130.28,130.28,0.0,645.144708,0.0
2019-02-15,1,0,82,91.9,91.9,0.0,455.087494,0.0
2019-02-15,1,0,83,204.93,204.93,0.0,1014.810447,0.0
2019-02-15,1,0,84,0.0,0.0,0.0,0.0,0.0
2019-02-15,1,0,86,0.0,0.0,0.0,0.0,0.0
2019-02-15,1,0,87,0.0,0.0,0.0,0.0,0.0
2019-02-15,1,0,88,128.06,128.06,0.0,634.1513,0.0
2019-02-15,1,0,89,123.11,123.11,0.0,609.63897,0.0
2019-02-15,1,0,90,165.3,165.3,0.0,818.56325,0.0
2019-02-15,1,0,91,589.65,589.65,0.0,2919.938419,0.0
2019-02-15,1,0,92,212.06,212.06,0.0,1050.118106,0.0
2019-02-15,1,0,95,16.41,16.41,0.0,266.564663,0.0
2019-02-15,1,0,96,15.9,15.9,0.0,95.410614,0.0
2019-02-15,1,0,97,97.77,97.77,0.0,586.685266,0.0
2019-02-15,1,0,99,1.9,1.9,0.0,14.088401,0.0
2019-02-15,1,0,101,0.0,0.0,0.0,0.0,0.0
2019-02-15,1,0,102,10.41,10.41,0.0,65.272525,0.0
2019-02-15,1,0,103,9.05,9.05,0.0,56.745087,0.0
2019-02-15,1,0,104,1.68,1.68,0.0,10.533895,0.0
2019-02-15,1,0,106,0.0,0.0,0.0,0.0,0.0
2019-02-15,1,0,109,175.15,175.15,0.0,1223.836145,0.0
2019-02-15,1,0,110,290.75,290.75,0.0,3795.159442,0.0
2019-02-15,1,0,111,0.0,0.0,0.0,0.0,0.0
2019-02-15,1,0,113,42.52,42.52,0.0,186.062084,0.0
2019-02-15,1,0,115,42.52,42.52,0.0,186.062084,0.0
2019-02-15,1,0,116,0.0,0.0,0.0,0.0,0.0
2019-02-15,1,0,117,2.91,2.91,0.0,12.733788,0.0
2019-02-15,1,0,119,8.02,8.02,0.0,131.237566,0.0
2019-02-15,1,0,120,4.72,4.72,0.0,77.237071,0.0
2019-02-15,1,0,123,0.0,0.0,0.0,0.0,0.0
2019-02-15,1,0,125,134.24,134.24,0.0,808.589554,0.0
2019-02-15,1,0,126,0.0,0.0,0.0,0.0,0.0
2019-02-15,1,0,127,0.0,0.0,0.0,0.0,0.0
2019-02-15,1,0,128,192.27,192.27,0.0,1158.131061,0.0
2019-02-15,1,0,131,14.89,14.89,0.0,86.723109,0.0
2019-02-15,1,0,132,21.88,21.88,0.0,127.434629,0.0
2019-02-15,1,0,133,74.77,74.77,0.0,581.880026,0.0
2019-02-15,1,0,134,0.0,0.0,0.0,0.0,0.0
2019-02-15,1,0,135,100.19,100.19,0.0,779.705227,0.0
2019-02-15,1,0,136,10.92,10.92,0.0,84.826026,0.0
2019-02-15,1,0,139,66.86,66.86,0.0,441.54474,0.0
2019-02-15,1,0,140,215.18,215.18,0.0,2808.744312,0.0
2019-02-15,1,0,141,160.48,160.48,0.0,1274.190058,0.0
2019-02-15,1,0,142,0.0,0.0,0.0,0.0,0.0
2019-02-15,1,0,143,127.82,127.82,0.0,768.494252,0.0
2019-02-15,1,0,145,21.42,21.42,0.0,136.536167,0.0
2019-02-15,1,0,146,58.54,58.54,0.0,764.122558,0.0
2019-02-15,1,0,152,0.0,0.0,0.0,0.0,0.0
2019-02-15,1,0,153,0.0,0.0,0.0,0.0,0.0
2019-02-15,1,0,154,0.0,0.0,0.0,0.0,0.0
2019-02-15,1,0,157,127.1,127.1,0.0,1009.157255,0.0
2019-02-15,1,0,158,0.0,0.0,0.0,0.0,0.0
2019-02-15,1,0,159,0.0,0.0,0.0,0.0,0.0
2019-02-15,1,0,160,0.0,0.0,0.0,0.0,0.0
2019-02-15,1,0,161,0.0,0.0,0.0,0.0,0.0
2019-02-15,1,0,162,3.73,3.73,0.0,60.612032,0.0
2019-02-15,1,0,163,3.92,3.92,0.0,51.167756,0.0
2019-02-15,1,0,164,0.0,0.0,0.0,0.0,0.0
2019-02-15,1,0,167,0.0,0.0,0.0,0.0,0.0
2019-02-15,1,0,168,0.0,0.0,0.0,0.0,0.0
2019-02-15,1,0,169,0.0,0.0,0.0,0.0,0.0
2019-02-15,1,0,170,0.0,0.0,0.0,0.0,0.0
2019-02-15,1,0,172,0.0,0.0,0.0,0.0,0.0
2019-02-15,1,0,173,0.0,0.0,0.0,0.0,0.0
2019-02-15,1,0,188,0.0,0.0,0.0,0.0,0.0
2019-02-15,1,0,190,0.0,0.0,0.0,0.0,0.0
2019-02-15,1,0,191,0.0,0.0,0.0,0.0,0.0
2019-02-15,1,0,192,88.86,88.86,0.0,1454.086049,0.0
2019-02-15,1,0,194,167.54,167.54,0.0,434.850563,0.0
2019-02-15,1,0,196,0.0,0.0,0.0,0.0,0.0
2019-02-15,1,0,198,0.0,0.0,0.0,0.0,0.0
2019-02-15,1,0,199,87.02,87.02,0.0,651.740348,0.0
2019-02-15,1,0,200,0.0,0.0,0.0,0.0,0.0
2019-02-15,1,0,204,762.02,762.02,0.0,5291.016198,0.0
2019-02-15,1,0,205,926.53,926.53,0.0,6473.99888,0.0
2019-02-15,1,0,206,287.29,287.29,0.0,1723.931779,0.0
2019-02-15,1,0,210,0.0,0.0,0.0,0.0,0.0
2019-02-15,1,0,214,0.0,0.0,0.0,0.0,0.0
2019-02-15,1,0,217,0.0,0.0,0.0,0.0,0.0
2019-02-15,1,0,218,0.0,0.0,0.0,0.0,0.0
2019-02-15,1,0,219,0.0,0.0,0.0,0.0,0.0
2019-02-15,1,0,221,0.0,0.0,0.0,0.0,0.0
2019-02-15,1,0,225,0.0,0.0,0.0,0.0,0.0
2019-02-15,1,0,233,0.0,0.0,0.0,0.0,0.0
2019-02-15,1,0,236,30.28,30.28,0.0,230.464627,0.0
2019-02-15,1,0,237,23.62,23.62,0.0,175.141073,0.0
2019-02-15,1,0,238,0.0,0.0,0.0,0.0,0.0
2019-02-15,1,0,240,0.0,0.0,0.0,0.0,0.0
2019-02-15,1,0,245,31.44,31.44,0.0,246.077787,0.0
2019-02-15,1,0,247,38.01,38.01,0.0,297.500531,0.0
2019-02-15,1,0,248,2.37,2.37,0.0,17.573427,0.0
2019-02-15,1,0,249,60.47,60.47,0.0,473.292742,0.0
2019-02-15,1,0,251,51.21,51.21,0.0,396.784402,0.0
2019-02-15,1,0,252,52.94,52.94,0.0,411.271534,0.0
2019-02-15,1,0,254,0.0,0.0,0.0,0.0,0.0
2019-02-15,1,0,255,0.0,0.0,0.0,0.0,0.0
2019-02-15,1,0,258,0.0,0.0,0.0,0.0,0.0
2019-02-15,1,0,260,0.0,0.0,0.0,0.0,0.0
2019-02-15,1,0,265,0.0,0.0,0.0,0.0,0.0
2019-02-15,1,0,266,43.3,43.3,0.0,285.954042,0.0
2019-02-15,1,0,267,53.21,53.21,0.0,351.399874,0.0
2019-02-15,1,0,270,12.25,12.25,0.0,159.899237,0.0
2019-02-15,1,0,272,141.81,141.81,0.0,620.542432,0.0
2019-02-15,1,0,273,0.0,0.0,0.0,0.0,0.0
2019-02-15,1,0,274,15.79,15.79,0.0,206.106853,0.0
2019-02-15,1,0,275,21.98,21.98,0.0,286.904917,0.0
2019-02-15,1,0,276,0.0,0.0,0.0,0.0,0.0
2019-02-15,1,0,277,0.0,0.0,0.0,0.0,0.0
2019-02-15,1,0,278,0.0,0.0,0.0,0.0,0.0
2019-02-15,1,0,279,135.81,135.81,0.0,625.655676,0.0
2019-02-15,1,0,281,16.23,16.23,0.0,97.579891,0.0
2019-02-15,1,0,282,0.0,0.0,0.0,0.0,0.0
2019-02-15,2,0,9,0.0,0.0,0.0,0.0,0.0
2019-02-15,2,0,17,0.0,0.0,0.0,0.0,0.0
2019-02-15,2,0,19,258.14,258.14,0.0,2319.664188,0.0
2019-02-15,2,0,20,313.07,313.07,0.0,2813.269029,0.0
2019-02-15,2,0,21,0.0,0.0,0.0,0.0,0.0
2019-02-15,2,0,22,0.0,0.0,0.0,0.0,0.0
2019-02-15,2,0,23,75.94,75.94,0.0,570.427149,0.0
2019-02-15,2,0,24,134.37,134.37,0.0,1009.327048,0.0
2019-02-15,2,0,29,0.0,0.0,0.0,0.0,0.0
2019-02-15,2,0,30,0.0,0.0,0.0,0.0,0.0
2019-02-15,2,0,31,16.28,16.28,0.0,122.135815,0.0
2019-02-15,2,0,32,0.0,0.0,0.0,0.0,0.0
2019-02-15,2,0,33,0.0,0.0,0.0,0.0,0.0
2019-02-15,2,0,34,0.0,0.0,0.0,0.0,0.0
2019-02-15,2,0,35,0.0,0.0,0.0,0.0,0.0
2019-02-15,2,0,36,0.0,0.0,0.0,0.0,0.0
2019-02-15,2,0,37,0.0,0.0,0.0,0.0,0.0
2019-02-15,2,0,38,0.0,0.0,0.0,0.0,0.0
2019-02-15,2,0,39,0.0,0.0,0.0,0.0,0.0
2019-02-15,2,0,40,0.0,0.0,0.0,0.0,0.0
2019-02-15,2,0,41,46.57,46.57,0.0,372.494549,0.0
2019-02-15,2,0,42,0.0,0.0,0.0,0.0,0.0
2019-02-15,2,0,43,0.0,0.0,0.0,0.0,0.0
2019-02-15,2,0,46,0.0,0.0,0.0,0.0,0.0
2019-02-15,2,0,52,17.26,17.26,0.0,129.487971,0.0
2019-02-15,2,0,53,27.42,27.42,0.0,205.710322,0.0
2019-02-15,2,0,55,395.99,395.99,0.0,2974.498903,0.0
2019-02-15,2,0,56,0.0,0.0,0.0,0.0,0.0
2019-02-15,2,0,57,0.0,0.0,0.0,0.0,0.0
2019-02-15,2,0,58,0.0,0.0,0.0,0.0,0.0
2019-02-15,2,0,59,0.0,0.0,0.0,0.0,0.0
2019-02-15,2,0,63,5.8,5.8,0.0,93.880576,0.0
2019-02-15,2,0,64,6.82,6.82,0.0,110.390608,0.0
2019-02-15,2,0,65,7.31,7.31,0.0,65.611779,0.0
2019-02-15,2,0,67,0.0,0.0,0.0,0.0,0.0
2019-02-15,2,0,68,4.25,4.25,0.0,32.803729,0.0
2019-02-15,2,0,69,0.0,0.0,0.0,0.0,0.0
2019-02-15,2,0,74,6.67,6.67,0.0,57.888282,0.0
2019-02-15,2,0,77,131.59,131.59,0.0,870.16024,0.0
2019-02-15,2,0,78,99.49,99.49,0.0,657.893778,0.0
2019-02-15,2,0,79,57.57,57.57,0.0,380.690972,0.0
2019-02-15,2,0,80,93.1,93.1,0.0,615.638866,0.0
2019-02-15,2,0,81,121.73,121.73,0.0,804.959389,0.0
2019-02-15,2,0,82,85.87,85.87,0.0,567.829317,0.0
2019-02-15,2,0,83,191.47,191.47,0.0,1266.126462,0.0
2019-02-15,2,0,84,0.0,0.0,0.0,0.0,0.0
2019-02-15,2,0,86,0.0,0.0,0.0,0.0,0.0
2019-02-15,2,0,87,0.0,0.0,0.0,0.0,0.0
2019-02-15,2,0,88,117.9,117.9,0.0,779.632892,0.0
2019-02-15,2,0,89,113.34,113.34,0.0,749.479152,0.0
2019-02-15,2,0,90,152.18,152.18,0.0,1006.314958,0.0
2019-02-15,2,0,91,542.85,542.85,0.0,3589.683762,0.0
2019-02-15,2,0,92,195.23,195.23,0.0,1290.990073,0.0
2019-02-15,2,0,95,4.06,4.06,0.0,65.308536,0.0
2019-02-15,2,0,96,15.03,15.03,0.0,112.611187,0.0
2019-02-15,2,0,97,92.41,92.41,0.0,692.375236,0.0
2019-02-15,2,0,99,1.29,1.29,0.0,11.195785,0.0
2019-02-15,2,0,101,0.0,0.0,0.0,0.0,0.0
2019-02-15,2,0,102,10.06,10.06,0.0,77.648356,0.0
2019-02-15,2,0,103,8.75,8.75,0.0,67.537089,0.0
2019-02-15,2,0,104,1.62,1.62,0.0,12.50401,0.0
2019-02-15,2,0,106,0.0,0.0,0.0,0.0,0.0
2019-02-15,2,0,109,138.26,138.26,0.0,1150.34929,0.0
2019-02-15,2,0,110,300.52,300.52,0.0,4029.613822,0.0
2019-02-15,2,0,111,0.0,0.0,0.0,0.0,0.0
2019-02-15,2,0,113,44.22,44.22,0.0,271.039693,0.0
2019-02-15,2,0,115,44.22,44.22,0.0,271.039693,0.0
2019-02-15,2,0,116,0.0,0.0,0.0,0.0,0.0
2019-02-15,2,0,117,2.36,2.36,0.0,14.465257,0.0
2019-02-15,2,0,119,6.82,6.82,0.0,110.390608,0.0
2019-02-15,2,0,120,4.01,4.01,0.0,64.907088,0.0
2019-02-15,2,0,123,0.0,0.0,0.0,0.0,0.0
2019-02-15,2,0,125,121.59,121.59,0.0,913.329432,0.0
2019-02-15,2,0,126,0.0,0.0,0.0,0.0,0.0
2019-02-15,2,0,127,0.0,0.0,0.0,0.0,0.0
2019-02-15,2,0,128,174.15,174.15,0.0,1308.136528,0.0
2019-02-15,2,0,131,14.48,14.48,0.0,106.347318,0.0
2019-02-15,2,0,132,21.29,21.29,0.0,156.362873,0.0
2019-02-15,2,0,133,51.94,51.94,0.0,466.787633,0.0
2019-02-15,2,0,134,0.0,0.0,0.0,0.0,0.0
2019-02-15,2,0,135,69.6,69.6,0.0,625.499023,0.0
2019-02-15,2,0,136,10.06,10.06,0.0,90.288961,0.0
2019-02-15,2,0,139,60.13,60.13,0.0,480.955491,0.0
2019-02-15,2,0,140,222.42,222.42,0.0,2982.386218,0.0
2019-02-15,2,0,141,167.4,167.4,0.0,1526.566034,0.0
2019-02-15,2,0,142,0.0,0.0,0.0,0.0,0.0
2019-02-15,2,0,143,58.69,58.69,0.0,440.304114,0.0
2019-02-15,2,0,145,18.68,18.68,0.0,145.812806,0.0
2019-02-15,2,0,146,94.39,94.39,0.0,1265.657023,0.0
2019-02-15,2,0,152,0.0,0.0,0.0,0.0,0.0
2019-02-15,2,0,153,0.0,0.0,0.0,0.0,0.0
2019-02-15,2,0,154,0.0,0.0,0.0,0.0,0.0
2019-02-15,2,0,157,119.16,119.16,0.0,1086.652381,0.0
2019-02-15,2,0,158,0.0,0.0,0.0,0.0,0.0
2019-02-15,2,0,159,0.0,0.0,0.0,0.0,0.0
2019-02-15,2,0,160,0.0,0.0,0.0,0.0,0.0
2019-02-15,2,0,161,0.0,0.0,0.0,0.0,0.0
2019-02-15,2,0,162,2.94,2.94,0.0,47.306784,0.0
2019-02-15,2,0,163,0.0,0.0,0.0,0.0,0.0
2019-02-15,2,0,164,0.0,0.0,0.0,0.0,0.0
2019-02-15,2,0,167,0.0,0.0,0.0,0.0,0.0
2019-02-15,2,0,168,0.0,0.0,0.0,0.0,0.0
2019-02-15,2,0,169,0.0,0.0,0.0,0.0,0.0
2019-02-15,2,0,170,0.0,0.0,0.0,0.0,0.0
2019-02-15,2,0,172,0.0,0.0,0.0,0.0,0.0
2019-02-15,2,0,173,0.0,0.0,0.0,0.0,0.0
2019-02-15,2,0,188,0.0,0.0,0.0,0.0,0.0
2019-02-15,2,0,190,0.0,0.0,0.0,0.0,0.0
2019-02-15,2,0,191,0.0,0.0,0.0,0.0,0.0
2019-02-15,2,0,192,90.65,90.65,0.0,1467.288651,0.0
2019-02-15,2,0,194,133.46,133.46,0.0,618.68722,0.0
2019-02-15,2,0,196,0.0,0.0,0.0,0.0,0.0
2019-02-15,2,0,198,0.0,0.0,0.0,0.0,0.0
2019-02-15,2,0,199,32.69,32.69,0.0,285.759157,0.0
2019-02-15,2,0,200,0.0,0.0,0.0,0.0,0.0
2019-02-15,2,0,204,614.04,614.04,0.0,5086.287696,0.0
2019-02-15,2,0,205,678.74,678.74,0.0,5647.244879,0.0
2019-02-15,2,0,206,271.55,271.55,0.0,2034.56872,0.0
2019-02-15,2,0,210,0.0,0.0,0.0,0.0,0.0
2019-02-15,2,0,214,0.0,0.0,0.0,0.0,0.0
2019-02-15,2,0,217,0.0,0.0,0.0,0.0,0.0
2019-02-15,2,0,218,0.0,0.0,0.0,0.0,0.0
2019-02-15,2,0,219,0.0,0.0,0.0,0.0,0.0
2019-02-15,2,0,221,0.0,0.0,0.0,0.0,0.0
2019-02-15,2,0,225,0.0,0.0,0.0,0.0,0.0
2019-02-15,2,0,233,0.0,0.0,0.0,0.0,0.0
2019-02-15,2,0,236,16.68,16.68,0.0,147.509145,0.0
2019-02-15,2,0,237,16.01,16.01,0.0,138.949234,0.0
2019-02-15,2,0,238,0.0,0.0,0.0,0.0,0.0
2019-02-15,2,0,240,0.0,0.0,0.0,0.0,0.0
2019-02-15,2,0,245,23.73,23.73,0.0,214.151406,0.0
2019-02-15,2,0,247,31.44,31.44,0.0,283.730308,0.0
2019-02-15,2,0,248,1.61,1.61,0.0,13.973033,0.0
2019-02-15,2,0,249,45.64,45.64,0.0,411.878221,0.0
2019-02-15,2,0,251,47.17,47.17,0.0,422.570609,0.0
2019-02-15,2,0,252,47.15,47.15,0.0,423.20046,0.0
2019-02-15,2,0,254,0.0,0.0,0.0,0.0,0.0
2019-02-15,2,0,255,0.0,0.0,0.0,0.0,0.0
2019-02-15,2,0,258,0.0,0.0,0.0,0.0,0.0
2019-02-15,2,0,260,0.0,0.0,0.0,0.0,0.0
2019-02-15,2,0,265,0.0,0.0,0.0,0.0,0.0
2019-02-15,2,0,266,38.94,38.94,0.0,311.465272,0.0
2019-02-15,2,0,267,47.85,47.85,0.0,382.73275,0.0
2019-02-15,2,0,270,0.0,0.0,0.0,0.0,0.0
2019-02-15,2,0,272,190.74,190.74,0.0,1169.111511,0.0
2019-02-15,2,0,273,0.0,0.0,0.0,0.0,0.0
2019-02-15,2,0,274,0.0,0.0,0.0,0.0,0.0
2019-02-15,2,0,275,0.0,0.0,0.0,0.0,0.0
2019-02-15,2,0,276,0.0,0.0,0.0,0.0,0.0
2019-02-15,2,0,277,0.0,0.0,0.0,0.0,0.0
2019-02-15,2,0,278,0.0,0.0,0.0,0.0,0.0
2019-02-15,2,0,279,129.17,129.17,0.0,816.756829,0.0
2019-02-15,2,0,281,7.31,7.31,0.0,54.841082,0.0
2019-02-15,2,0,282,0.0,0.0,0.0,0.0,0.0
2019-02-15,3,0,9,0.0,0.0,0.0,0.0,0.0
2019-02-15,3,0,17,0.0,0.0,0.0,0.0,0.0
2019-02-15,3,0,19,180.33,180.33,0.0,1773.314601,0.0
2019-02-15,3,0,20,218.7,218.7,0.0,2150.63441,0.0
2019-02-15,3,0,21,0.0,0.0,0.0,0.0,0.0
2019-02-15,3,0,22,0.0,0.0,0.0,0.0,0.0
2019-02-15,3,0,23,69.06,69.06,0.0,600.705857,0.0
2019-02-15,3,0,24,122.18,122.18,0.0,1062.760522,0.0
2019-02-15,3,0,29,0.0,0.0,0.0,0.0,0.0
2019-02-15,3,0,30,0.0,0.0,0.0,0.0,0.0
2019-02-15,3,0,31,15.2,15.2,0.0,132.104996,0.0
2019-02-15,3,0,32,0.0,0.0,0.0,0.0,0.0
2019-02-15,3,0,33,0.0,0.0,0.0,0.0,0.0
2019-02-15,3,0,34,0.0,0.0,0.0,0.0,0.0
2019-02-15,3,0,35,0.0,0.0,0.0,0.0,0.0
2019-02-15,3,0,36,0.0,0.0,0.0,0.0,0.0
2019-02-15,3,0,37,0.0,0.0,0.0,0.0,0.0
2019-02-15,3,0,38,0.0,0.0,0.0,0.0,0.0
2019-02-15,3,0,39,0.0,0.0,0.0,0.0,0.0
2019-02-15,3,0,40,0.0,0.0,0.0,0.0,0.0
2019-02-15,3,0,41,41.52,41.52,0.0,376.725451,0.0
2019-02-15,3,0,42,0.0,0.0,0.0,0.0,0.0
2019-02-15,3,0,43,0.0,0.0,0.0,0.0,0.0
2019-02-15,3,0,46,0.0,0.0,0.0,0.0,0.0
2019-02-15,3,0,52,16.11,16.11,0.0,140.013913,0.0
2019-02-15,3,0,53,25.6,25.6,0.0,222.492624,0.0
2019-02-15,3,0,55,336.36,336.36,0.0,2925.766322,0.0
2019-02-15,3,0,56,0.0,0.0,0.0,0.0,0.0
2019-02-15,3,0,57,0.0,0.0,0.0,0.0,0.0
2019-02-15,3,0,58,0.0,0.0,0.0,0.0,0.0
2019-02-15,3,0,59,0.0,0.0,0.0,0.0,0.0
2019-02-15,3,0,63,11.89,11.89,0.0,182.844452,0.0
2019-02-15,3,0,64,13.99,13.99,0.0,215.138258,0.0
2019-02-15,3,0,65,6.56,6.56,0.0,64.456409,0.0
2019-02-15,3,0,67,0.0,0.0,0.0,0.0,0.0
2019-02-15,3,0,68,4.16,4.16,0.0,36.847995,0.0
2019-02-15,3,0,69,0.0,0.0,0.0,0.0,0.0
2019-02-15,3,0,74,5.17,5.17,0.0,49.617503,0.0
2019-02-15,3,0,77,124.83,124.83,0.0,999.409155,0.0
2019-02-15,3,0,78,94.37,94.37,0.0,755.541472,0.0
2019-02-15,3,0,79,54.61,54.61,0.0,437.216486,0.0
2019-02-15,3,0,80,88.32,88.32,0.0,707.104194,0.0
2019-02-15,3,0,81,115.47,115.47,0.0,924.471482,0.0
2019-02-15,3,0,82,81.45,81.45,0.0,652.101864,0.0
2019-02-15,3,0,83,181.63,181.63,0.0,1454.159134,0.0
2019-02-15,3,0,84,0.0,0.0,0.0,0.0,0.0
2019-02-15,3,0,86,0.0,0.0,0.0,0.0,0.0
2019-02-15,3,0,87,0.0,0.0,0.0,0.0,0.0
2019-02-15,3,0,88,109.82,109.82,0.0,879.236669,0.0
2019-02-15,3,0,89,105.57,105.57,0.0,845.210482,0.0
2019-02-15,3,0,90,141.75,141.75,0.0,1134.873409,0.0
2019-02-15,3,0,91,505.65,505.65,0.0,4048.315621,0.0
2019-02-15,3,0,92,181.86,181.86,0.0,1456.000552,0.0
2019-02-15,3,0,95,3.74,3.74,0.0,57.224421,0.0
2019-02-15,3,0,96,14.44,14.44,0.0,125.391087,0.0
2019-02-15,3,0,97,88.8,88.8,0.0,771.103086,0.0
2019-02-15,3,0,99,1.0,1.0,0.0,9.597196,0.0
2019-02-15,3,0,101,0.0,0.0,0.0,0.0,0.0
2019-02-15,3,0,102,9.85,9.85,0.0,87.248257,0.0
2019-02-15,3,0,103,8.57,8.57,0.0,75.910412,0.0
2019-02-15,3,0,104,1.59,1.59,0.0,14.083729,0.0
2019-02-15,3,0,106,0.0,0.0,0.0,0.0,0.0
2019-02-15,3,0,109,112.97,112.97,0.0,1052.991229,0.0
2019-02-15,3,0,110,310.01,310.01,0.0,4104.311332,0.0
2019-02-15,3,0,111,0.0,0.0,0.0,0.0,0.0
2019-02-15,3,0,113,35.98,35.98,0.0,274.671371,0.0
2019-02-15,3,0,115,35.98,35.98,0.0,274.671371,0.0
2019-02-15,3,0,116,0.0,0.0,0.0,0.0,0.0
2019-02-15,3,0,117,1.85,1.85,0.0,14.122903,0.0
2019-02-15,3,0,119,13.99,13.99,0.0,215.138258,0.0
2019-02-15,3,0,120,8.23,8.23,0.0,126.560962,0.0
2019-02-15,3,0,123,0.0,0.0,0.0,0.0,0.0
2019-02-15,3,0,125,110.57,110.57,0.0,961.773047,0.0
2019-02-15,3,0,126,0.0,0.0,0.0,0.0,0.0
2019-02-15,3,0,127,0.0,0.0,0.0,0.0,0.0
2019-02-15,3,0,128,158.36,158.36,0.0,1377.465676,0.0
2019-02-15,3,0,131,14.16,14.16,0.0,121.345983,0.0
2019-02-15,3,0,132,20.82,20.82,0.0,178.419729,0.0
2019-02-15,3,0,133,19.43,19.43,0.0,191.083897,0.0
2019-02-15,3,0,134,0.0,0.0,0.0,0.0,0.0
2019-02-15,3,0,135,26.0,26.0,0.0,255.696414,0.0
2019-02-15,3,0,136,9.36,9.36,0.0,91.964155,0.0
2019-02-15,3,0,139,53.62,53.62,0.0,486.512974,0.0
2019-02-15,3,0,140,229.44,229.44,0.0,3037.621987,0.0
2019-02-15,3,0,141,175.28,175.28,0.0,1741.632216,0.0
2019-02-15,3,0,142,0.0,0.0,0.0,0.0,0.0
2019-02-15,3,0,143,24.82,24.82,0.0,215.713552,0.0
2019-02-15,3,0,145,16.16,16.16,0.0,144.226603,0.0
2019-02-15,3,0,146,147.72,147.72,0.0,1955.707461,0.0
2019-02-15,3,0,152,0.0,0.0,0.0,0.0,0.0
2019-02-15,3,0,153,0.0,0.0,0.0,0.0,0.0
2019-02-15,3,0,154,0.0,0.0,0.0,0.0,0.0
2019-02-15,3,0,157,112.46,112.46,0.0,1117.434727,0.0
2019-02-15,3,0,158,0.0,0.0,0.0,0.0,0.0
2019-02-15,3,0,159,0.0,0.0,0.0,0.0,0.0
2019-02-15,3,0,160,0.0,0.0,0.0,0.0,0.0
2019-02-15,3,0,161,0.0,0.0,0.0,0.0,0.0
2019-02-15,3,0,162,3.93,3.93,0.0,60.146361,0.0
2019-02-15,3,0,163,7.23,7.23,0.0,95.720044,0.0
2019-02-15,3,0,164,0.0,0.0,0.0,0.0,0.0
2019-02-15,3,0,167,0.0,0.0,0.0,0.0,0.0
2019-02-15,3,0,168,0.0,0.0,0.0,0.0,0.0
2019-02-15,3,0,169,0.0,0.0,0.0,0.0,0.0
2019-02-15,3,0,170,0.0,0.0,0.0,0.0,0.0
2019-02-15,3,0,172,0.0,0.0,0.0,0.0,0.0
2019-02-15,3,0,173,0.0,0.0,0.0,0.0,0.0
2019-02-15,3,0,188,0.0,0.0,0.0,0.0,0.0
2019-02-15,3,0,190,0.0,0.0,0.0,0.0,0.0
2019-02-15,3,0,191,0.0,0.0,0.0,0.0,0.0
2019-02-15,3,0,192,92.98,92.98,0.0,1429.846692,0.0
2019-02-15,3,0,194,104.83,104.83,0.0,679.70842,0.0
2019-02-15,3,0,196,0.0,0.0,0.0,0.0,0.0
2019-02-15,3,0,198,0.0,0.0,0.0,0.0,0.0
2019-02-15,3,0,199,30.68,30.68,0.0,295.920426,0.0
2019-02-15,3,0,200,0.0,0.0,0.0,0.0,0.0
2019-02-15,3,0,204,486.62,486.62,0.0,4521.959645,0.0
2019-02-15,3,0,205,597.63,597.63,0.0,5570.497903,0.0
2019-02-15,3,0,206,260.94,260.94,0.0,2265.896837,0.0
2019-02-15,3,0,210,0.0,0.0,0.0,0.0,0.0
2019-02-15,3,0,214,0.0,0.0,0.0,0.0,0.0
2019-02-15,3,0,217,0.0,0.0,0.0,0.0,0.0
2019-02-15,3,0,218,0.0,0.0,0.0,0.0,0.0
2019-02-15,3,0,219,0.0,0.0,0.0,0.0,0.0
2019-02-15,3,0,221,0.0,0.0,0.0,0.0,0.0
2019-02-15,3,0,225,0.0,0.0,0.0,0.0,0.0
2019-02-15,3,0,233,0.0,0.0,0.0,0.0,0.0
2019-02-15,3,0,236,8.83,8.83,0.0,85.862196,0.0
2019-02-15,3,0,237,12.41,12.41,0.0,119.101202,0.0
2019-02-15,3,0,238,0.0,0.0,0.0,0.0,0.0
2019-02-15,3,0,240,0.0,0.0,0.0,0.0,0.0
2019-02-15,3,0,245,17.42,17.42,0.0,171.818885,0.0
2019-02-15,3,0,247,25.88,25.88,0.0,255.262499,0.0
2019-02-15,3,0,248,1.25,1.25,0.0,11.996495,0.0
2019-02-15,3,0,249,33.5,33.5,0.0,330.420932,0.0
2019-02-15,3,0,251,44.25,44.25,0.0,434.201346,0.0
2019-02-15,3,0,252,42.31,42.31,0.0,415.724184,0.0
2019-02-15,3,0,254,0.0,0.0,0.0,0.0,0.0
2019-02-15,3,0,255,0.0,0.0,0.0,0.0,0.0
2019-02-15,3,0,258,0.0,0.0,0.0,0.0,0.0
2019-02-15,3,0,260,0.0,0.0,0.0,0.0,0.0
2019-02-15,3,0,265,0.0,0.0,0.0,0.0,0.0
2019-02-15,3,0,266,34.72,34.72,0.0,315.026678,0.0
2019-02-15,3,0,267,42.67,42.67,0.0,387.159802,0.0
2019-02-15,3,0,270,22.59,22.59,0.0,299.075491,0.0
2019-02-15,3,0,272,146.97,146.97,0.0,1121.969187,0.0
2019-02-15,3,0,273,0.0,0.0,0.0,0.0,0.0
2019-02-15,3,0,274,29.12,29.12,0.0,385.528035,0.0
2019-02-15,3,0,275,40.53,40.53,0.0,536.588298,0.0
2019-02-15,3,0,276,0.0,0.0,0.0,0.0,0.0
2019-02-15,3,0,277,0.0,0.0,0.0,0.0,0.0
2019-02-15,3,0,278,0.0,0.0,0.0,0.0,0.0
2019-02-15,3,0,279,124.16,124.16,0.0,966.362912,0.0
2019-02-15,3,0,281,6.82,6.82,0.0,59.273426,0.0
2019-02-15,3,0,282,0.0,0.0,0.0,0.0,0.0
2019-02-15,4,0,9,0.0,0.0,0.0,0.0,0.0
2019-02-15,4,0,17,0.0,0.0,0.0,0.0,0.0
2019-02-15,4,0,19,119.01,119.01,0.0,1158.781862,0.0
2019-02-15,4,0,20,144.34,144.34,0.0,1405.416132,0.0
2019-02-15,4,0,21,0.0,0.0,0.0,0.0,0.0
2019-02-15,4,0,22,0.0,0.0,0.0,0.0,0.0
2019-02-15,4,0,23,57.11,57.11,0.0,458.445124,0.0
2019-02-15,4,0,24,94.37,94.37,0.0,757.54625,0.0
2019-02-15,4,0,29,0.0,0.0,0.0,0.0,0.0
2019-02-15,4,0,30,0.0,0.0,0.0,0.0,0.0
2019-02-15,4,0,31,14.14,14.14,0.0,113.35423,0.0
2019-02-15,4,0,32,0.0,0.0,0.0,0.0,0.0
2019-02-15,4,0,33,0.0,0.0,0.0,0.0,0.0
2019-02-15,4,0,34,0.0,0.0,0.0,0.0,0.0
2019-02-15,4,0,35,0.0,0.0,0.0,0.0,0.0
2019-02-15,4,0,36,0.0,0.0,0.0,0.0,0.0
2019-02-15,4,0,37,0.0,0.0,0.0,0.0,0.0
2019-02-15,4,0,38,0.0,0.0,0.0,0.0,0.0
2019-02-15,4,0,39,0.0,0.0,0.0,0.0,0.0
2019-02-15,4,0,40,0.0,0.0,0.0,0.0,0.0
2019-02-15,4,0,41,36.88,36.88,0.0,316.874616,0.0
2019-02-15,4,0,42,0.0,0.0,0.0,0.0,0.0
2019-02-15,4,0,43,0.0,0.0,0.0,0.0,0.0
2019-02-15,4,0,46,0.0,0.0,0.0,0.0,0.0
2019-02-15,4,0,52,14.99,14.99,0.0,120.16831,0.0
2019-02-15,4,0,53,23.81,23.81,0.0,190.874414,0.0
2019-02-15,4,0,55,284.24,284.24,0.0,2281.709719,0.0
2019-02-15,4,0,56,0.0,0.0,0.0,0.0,0.0
2019-02-15,4,0,57,0.0,0.0,0.0,0.0,0.0
2019-02-15,4,0,58,0.0,0.0,0.0,0.0,0.0
2019-02-15,4,0,59,0.0,0.0,0.0,0.0,0.0
2019-02-15,4,0,63,29.59,29.59,0.0,503.938756,0.0
2019-02-15,4,0,64,34.81,34.81,0.0,592.83907,0.0
2019-02-15,4,0,65,5.94,5.94,0.0,57.764888,0.0
2019-02-15,4,0,67,0.0,0.0,0.0,0.0,0.0
2019-02-15,4,0,68,4.11,4.11,0.0,24.938021,0.0
2019-02-15,4,0,69,0.0,0.0,0.0,0.0,0.0
2019-02-15,4,0,74,4.91,4.91,0.0,46.05943,0.0
2019-02-15,4,0,77,120.5,120.5,0.0,841.729505,0.0
2019-02-15,4,0,78,91.09,91.09,0.0,636.291623,0.0
2019-02-15,4,0,79,52.72,52.72,0.0,368.26539,0.0
2019-02-15,4,0,80,85.25,85.25,0.0,595.49743,0.0
2019-02-15,4,0,81,111.46,111.46,0.0,778.582328,0.0
2019-02-15,4,0,82,78.62,78.62,0.0,549.184844,0.0
2019-02-15,4,0,83,175.32,175.32,0.0,1224.664039,0.0
2019-02-15,4,0,84,0.0,0.0,0.0,0.0,0.0
2019-02-15,4,0,86,0.0,0.0,0.0,0.0,0.0
2019-02-15,4,0,87,0.0,0.0,0.0,0.0,0.0
2019-02-15,4,0,88,103.62,103.62,0.0,723.817521,0.0
2019-02-15,4,0,89,99.61,99.61,0.0,695.806439,0.0
2019-02-15,4,0,90,133.74,133.74,0.0,934.21497,0.0
2019-02-15,4,0,91,477.08,477.08,0.0,3332.550307,0.0
2019-02-15,4,0,92,171.58,171.58,0.0,1198.538991,0.0
2019-02-15,4,0,95,13.13,13.13,0.0,211.04602,0.0
2019-02-15,4,0,96,14.06,14.06,0.0,112.553616,0.0
2019-02-15,4,0,97,86.46,86.46,0.0,692.132691,0.0
2019-02-15,4,0,99,0.95,0.95,0.0,8.911702,0.0
2019-02-15,4,0,101,0.0,0.0,0.0,0.0,0.0
2019-02-15,4,0,102,9.72,9.72,0.0,58.977509,0.0
2019-02-15,4,0,103,8.45,8.45,0.0,51.2716,0.0
2019-02-15,4,0,104,1.57,1.57,0.0,9.526203,0.0
2019-02-15,4,0,106,0.0,0.0,0.0,0.0,0.0
2019-02-15,4,0,109,88.13,88.13,0.0,790.074448,0.0
2019-02-15,4,0,110,320.31,320.31,0.0,618.614712,0.0
2019-02-15,4,0,111,0.0,0.0,0.0,0.0,0.0
2019-02-15,4,0,113,20.03,20.03,0.0,139.467055,0.0
2019-02-15,4,0,115,20.03,20.03,0.0,139.467055,0.0
2019-02-15,4,0,116,0.0,0.0,0.0,0.0,0.0
2019-02-15,4,0,117,1.34,1.34,0.0,9.330297,0.0
2019-02-15,4,0,119,34.81,34.81,0.0,592.83907,0.0
2019-02-15,4,0,120,20.47,20.47,0.0,348.618666,0.0
2019-02-15,4,0,123,0.0,0.0,0.0,0.0,0.0
2019-02-15,4,0,125,86.6,86.6,0.0,695.17331,0.0
2019-02-15,4,0,126,0.0,0.0,0.0,0.0,0.0
2019-02-15,4,0,127,0.0,0.0,0.0,0.0,0.0
2019-02-15,4,0,128,117.6,117.6,0.0,944.022878,0.0
2019-02-15,4,0,131,14.18,14.18,0.0,89.895257,0.0
2019-02-15,4,0,132,20.84,20.84,0.0,132.116866,0.0
2019-02-15,4,0,133,17.08,17.08,0.0,166.3248,0.0
2019-02-15,4,0,134,0.0,0.0,0.0,0.0,0.0
2019-02-15,4,0,135,23.57,23.57,0.0,229.524329,0.0
2019-02-15,4,0,136,8.77,8.77,0.0,85.280037,0.0
2019-02-15,4,0,139,47.63,47.63,0.0,409.239098,0.0
2019-02-15,4,0,140,237.06,237.06,0.0,457.833984,0.0
2019-02-15,4,0,141,185.3,185.3,0.0,935.657916,0.0
2019-02-15,4,0,142,0.0,0.0,0.0,0.0,0.0
2019-02-15,4,0,143,19.5,19.5,0.0,156.323019,0.0
2019-02-15,4,0,145,13.93,13.93,0.0,116.574085,0.0
2019-02-15,4,0,146,225.07,225.07,0.0,434.677697,0.0
2019-02-15,4,0,152,0.0,0.0,0.0,0.0,0.0
2019-02-15,4,0,153,0.0,0.0,0.0,0.0,0.0
2019-02-15,4,0,154,0.0,0.0,0.0,0.0,0.0
2019-02-15,4,0,157,107.71,107.71,0.0,543.873255,0.0
2019-02-15,4,0,158,0.0,0.0,0.0,0.0,0.0
2019-02-15,4,0,159,0.0,0.0,0.0,0.0,0.0
2019-02-15,4,0,160,0.0,0.0,0.0,0.0,0.0
2019-02-15,4,0,161,0.0,0.0,0.0,0.0,0.0
2019-02-15,4,0,162,7.16,7.16,0.0,115.177826,0.0
2019-02-15,4,0,163,33.12,33.12,0.0,63.964657,0.0
2019-02-15,4,0,164,0.0,0.0,0.0,0.0,0.0
2019-02-15,4,0,167,0.0,0.0,0.0,0.0,0.0
2019-02-15,4,0,168,0.0,0.0,0.0,0.0,0.0
2019-02-15,4,0,169,0.0,0.0,0.0,0.0,0.0
2019-02-15,4,0,170,0.0,0.0,0.0,0.0,0.0
2019-02-15,4,0,172,0.0,0.0,0.0,0.0,0.0
2019-02-15,4,0,173,0.0,0.0,0.0,0.0,0.0
2019-02-15,4,0,188,0.0,0.0,0.0,0.0,0.0
2019-02-15,4,0,190,0.0,0.0,0.0,0.0,0.0
2019-02-15,4,0,191,0.0,0.0,0.0,0.0,0.0
2019-02-15,4,0,192,96.29,96.29,0.0,1639.887219,0.0
2019-02-15,4,0,194,80.64,80.64,0.0,620.922566,0.0
2019-02-15,4,0,196,0.0,0.0,0.0,0.0,0.0
2019-02-15,4,0,198,0.0,0.0,0.0,0.0,0.0
2019-02-15,4,0,199,29.23,29.23,0.0,301.332791,0.0
2019-02-15,4,0,200,0.0,0.0,0.0,0.0,0.0
2019-02-15,4,0,204,377.06,377.06,0.0,3364.177798,0.0
2019-02-15,4,0,205,466.21,466.21,0.0,4179.514447,0.0
2019-02-15,4,0,206,254.05,254.05,0.0,2033.730166,0.0
2019-02-15,4,0,210,0.0,0.0,0.0,0.0,0.0
2019-02-15,4,0,214,0.0,0.0,0.0,0.0,0.0
2019-02-15,4,0,217,0.0,0.0,0.0,0.0,0.0
2019-02-15,4,0,218,0.0,0.0,0.0,0.0,0.0
2019-02-15,4,0,219,0.0,0.0,0.0,0.0,0.0
2019-02-15,4,0,221,0.0,0.0,0.0,0.0,0.0
2019-02-15,4,0,225,0.0,0.0,0.0,0.0,0.0
2019-02-15,4,0,233,0.0,0.0,0.0,0.0,0.0
2019-02-15,4,0,236,5.1,5.1,0.0,48.814802,0.0
2019-02-15,4,0,237,11.78,11.78,0.0,110.505109,0.0
2019-02-15,4,0,238,0.0,0.0,0.0,0.0,0.0
2019-02-15,4,0,240,0.0,0.0,0.0,0.0,0.0
2019-02-15,4,0,245,12.36,12.36,0.0,120.898077,0.0
2019-02-15,4,0,247,21.06,21.06,0.0,205.996238,0.0
2019-02-15,4,0,248,1.18,1.18,0.0,11.069272,0.0
2019-02-15,4,0,249,23.77,23.77,0.0,232.503826,0.0
2019-02-15,4,0,251,42.41,42.41,0.0,411.582119,0.0
2019-02-15,4,0,252,38.34,38.34,0.0,372.846098,0.0
2019-02-15,4,0,254,0.0,0.0,0.0,0.0,0.0
2019-02-15,4,0,255,0.0,0.0,0.0,0.0,0.0
2019-02-15,4,0,258,0.0,0.0,0.0,0.0,0.0
2019-02-15,4,0,260,0.0,0.0,0.0,0.0,0.0
2019-02-15,4,0,265,0.0,0.0,0.0,0.0,0.0
2019-02-15,4,0,266,30.84,30.84,0.0,264.978664,0.0
2019-02-15,4,0,267,37.9,37.9,0.0,325.638501,0.0
2019-02-15,4,0,270,103.45,103.45,0.0,199.792988,0.0
2019-02-15,4,0,272,66.95,66.95,0.0,466.166717,0.0
2019-02-15,4,0,273,0.0,0.0,0.0,0.0,0.0
2019-02-15,4,0,274,133.36,133.36,0.0,257.558172,0.0
2019-02-15,4,0,275,185.63,185.63,0.0,358.507224,0.0
2019-02-15,4,0,276,0.0,0.0,0.0,0.0,0.0
2019-02-15,4,0,277,0.0,0.0,0.0,0.0,0.0
2019-02-15,4,0,278,0.0,0.0,0.0,0.0,0.0
2019-02-15,4,0,279,119.76,119.76,0.0,834.953354,0.0
2019-02-15,4,0,281,6.35,6.35,0.0,50.905188,0.0
2019-02-15,4,0,282,0.0,0.0,0.0,0.0,0.0
2019-02-15,5,0,9,0.0,0.0,0.0,0.0,0.0
2019-02-15,5,0,17,0.0,0.0,0.0,0.0,0.0
2019-02-15,5,0,19,124.57,124.57,0.0,1223.361462,0.0
2019-02-15,5,0,20,151.08,151.08,0.0,1483.707551,0.0
2019-02-15,5,0,21,0.0,0.0,0.0,0.0,0.0
2019-02-15,5,0,22,0.0,0.0,0.0,0.0,0.0
2019-02-15,5,0,23,75.22,75.22,0.0,599.896106,0.0
2019-02-15,5,0,24,133.09,133.09,0.0,1061.422132,0.0
2019-02-15,5,0,29,0.0,0.0,0.0,0.0,0.0
2019-02-15,5,0,30,0.0,0.0,0.0,0.0,0.0
2019-02-15,5,0,31,13.56,13.56,0.0,107.98888,0.0
2019-02-15,5,0,32,0.0,0.0,0.0,0.0,0.0
2019-02-15,5,0,33,0.0,0.0,0.0,0.0,0.0
2019-02-15,5,0,34,0.0,0.0,0.0,0.0,0.0
2019-02-15,5,0,35,0.0,0.0,0.0,0.0,0.0
2019-02-15,5,0,36,0.0,0.0,0.0,0.0,0.0
2019-02-15,5,0,37,0.0,0.0,0.0,0.0,0.0
2019-02-15,5,0,38,0.0,0.0,0.0,0.0,0.0
2019-02-15,5,0,39,0.0,0.0,0.0,0.0,0.0
2019-02-15,5,0,40,0.0,0.0,0.0,0.0,0.0
2019-02-15,5,0,41,24.74,24.74,0.0,212.127564,0.0
2019-02-15,5,0,42,0.0,0.0,0.0,0.0,0.0
2019-02-15,5,0,43,0.0,0.0,0.0,0.0,0.0
2019-02-15,5,0,46,0.0,0.0,0.0,0.0,0.0
2019-02-15,5,0,52,14.38,14.38,0.0,114.519181,0.0
2019-02-15,5,0,53,22.84,22.84,0.0,181.892775,0.0
2019-02-15,5,0,55,239.23,239.23,0.0,1907.912065,0.0
2019-02-15,5,0,56,0.0,0.0,0.0,0.0,0.0
2019-02-15,5,0,57,0.0,0.0,0.0,0.0,0.0
2019-02-15,5,0,58,0.0,0.0,0.0,0.0,0.0
2019-02-15,5,0,59,0.0,0.0,0.0,0.0,0.0
2019-02-15,5,0,63,14.79,14.79,0.0,252.179051,0.0
2019-02-15,5,0,64,17.39,17.39,0.0,296.51073,0.0
2019-02-15,5,0,65,6.2,6.2,0.0,60.803652,0.0
2019-02-15,5,0,67,0.0,0.0,0.0,0.0,0.0
2019-02-15,5,0,68,2.45,2.45,0.0,14.764059,0.0
2019-02-15,5,0,69,0.0,0.0,0.0,0.0,0.0
2019-02-15,5,0,74,1.37,1.37,0.0,12.908646,0.0
2019-02-15,5,0,77,106.82,106.82,0.0,734.523761,0.0
2019-02-15,5,0,78,80.76,80.76,0.0,555.328019,0.0
2019-02-15,5,0,79,46.74,46.74,0.0,321.397122,0.0
2019-02-15,5,0,80,75.58,75.58,0.0,519.708911,0.0
2019-02-15,5,0,81,98.81,98.81,0.0,679.444794,0.0
2019-02-15,5,0,82,69.7,69.7,0.0,479.27641,0.0
2019-02-15,5,0,83,155.43,155.43,0.0,1068.779519,0.0
2019-02-15,5,0,84,0.0,0.0,0.0,0.0,0.0
2019-02-15,5,0,86,0.0,0.0,0.0,0.0,0.0
2019-02-15,5,0,87,0.0,0.0,0.0,0.0,0.0
2019-02-15,5,0,88,88.15,88.15,0.0,606.143696,0.0
2019-02-15,5,0,89,84.74,84.74,0.0,582.695596,0.0
2019-02-15,5,0,90,113.77,113.77,0.0,782.313877,0.0
2019-02-15,5,0,91,405.86,405.86,0.0,2790.805222,0.0
2019-02-15,5,0,92,145.96,145.96,0.0,1003.661189,0.0
2019-02-15,5,0,95,4.67,4.67,0.0,75.243781,0.0
2019-02-15,5,0,96,12.72,12.72,0.0,101.147237,0.0
2019-02-15,5,0,97,78.24,78.24,0.0,622.150932,0.0
2019-02-15,5,0,99,0.27,0.27,0.0,2.54404,0.0
2019-02-15,5,0,101,0.0,0.0,0.0,0.0,0.0
2019-02-15,5,0,102,5.8,5.8,0.0,34.951649,0.0
2019-02-15,5,0,103,5.04,5.04,0.0,30.371778,0.0
2019-02-15,5,0,104,0.94,0.94,0.0,5.664578,0.0
2019-02-15,5,0,106,0.0,0.0,0.0,0.0,0.0
2019-02-15,5,0,109,95.53,95.53,0.0,856.132515,0.0
2019-02-15,5,0,110,243.56,243.56,0.0,545.070561,0.0
2019-02-15,5,0,111,0.0,0.0,0.0,0.0,0.0
2019-02-15,5,0,113,34.18,34.18,0.0,233.240994,0.0
2019-02-15,5,0,115,34.18,34.18,0.0,233.240994,0.0
2019-02-15,5,0,116,0.0,0.0,0.0,0.0,0.0
2019-02-15,5,0,117,1.64,1.64,0.0,11.1912,0.0
2019-02-15,5,0,119,17.39,17.39,0.0,296.51073,0.0
2019-02-15,5,0,120,10.23,10.23,0.0,174.428106,0.0
2019-02-15,5,0,123,0.0,0.0,0.0,0.0,0.0
2019-02-15,5,0,125,120.43,120.43,0.0,960.455837,0.0
2019-02-15,5,0,126,0.0,0.0,0.0,0.0,0.0
2019-02-15,5,0,127,0.0,0.0,0.0,0.0,0.0
2019-02-15,5,0,128,172.49,172.49,0.0,1375.645831,0.0
2019-02-15,5,0,131,12.09,12.09,0.0,75.867111,0.0
2019-02-15,5,0,132,17.76,17.76,0.0,111.447468,0.0
2019-02-15,5,0,133,7.77,7.77,0.0,76.316624,0.0
2019-02-15,5,0,134,0.0,0.0,0.0,0.0,0.0
2019-02-15,5,0,135,11.07,11.07,0.0,108.72909,0.0
2019-02-15,5,0,136,9.58,9.58,0.0,93.944279,0.0
2019-02-15,5,0,139,31.94,31.94,0.0,273.862344,0.0
2019-02-15,5,0,140,180.26,180.26,0.0,403.409506,0.0
2019-02-15,5,0,141,199.91,199.91,0.0,1018.265766,0.0
2019-02-15,5,0,142,0.0,0.0,0.0,0.0,0.0
2019-02-15,5,0,143,46.22,46.22,0.0,368.085992,0.0
2019-02-15,5,0,145,12.79,12.79,0.0,106.596168,0.0
2019-02-15,5,0,146,237.55,237.55,0.0,531.620593,0.0
2019-02-15,5,0,152,0.0,0.0,0.0,0.0,0.0
2019-02-15,5,0,153,0.0,0.0,0.0,0.0,0.0
2019-02-15,5,0,154,0.0,0.0,0.0,0.0,0.0
2019-02-15,5,0,157,206.11,206.11,0.0,1049.846216,0.0
2019-02-15,5,0,158,0.0,0.0,0.0,0.0,0.0
2019-02-15,5,0,159,0.0,0.0,0.0,0.0,0.0
2019-02-15,5,0,160,0.0,0.0,0.0,0.0,0.0
2019-02-15,5,0,161,0.0,0.0,0.0,0.0,0.0
2019-02-15,5,0,162,5.65,5.65,0.0,91.105067,0.0
2019-02-15,5,0,163,27.16,27.16,0.0,60.782216,0.0
2019-02-15,5,0,164,0.0,0.0,0.0,0.0,0.0
2019-02-15,5,0,167,0.0,0.0,0.0,0.0,0.0
2019-02-15,5,0,168,0.0,0.0,0.0,0.0,0.0
2019-02-15,5,0,169,0.0,0.0,0.0,0.0,0.0
2019-02-15,5,0,170,0.0,0.0,0.0,0.0,0.0
2019-02-15,5,0,172,0.0,0.0,0.0,0.0,0.0
2019-02-15,5,0,173,0.0,0.0,0.0,0.0,0.0
2019-02-15,5,0,188,0.0,0.0,0.0,0.0,0.0
2019-02-15,5,0,190,0.0,0.0,0.0,0.0,0.0
2019-02-15,5,0,191,0.0,0.0,0.0,0.0,0.0
2019-02-15,5,0,192,80.46,80.46,0.0,1371.894961,0.0
2019-02-15,5,0,194,66.86,66.86,0.0,499.388783,0.0
2019-02-15,5,0,196,0.0,0.0,0.0,0.0,0.0
2019-02-15,5,0,198,0.0,0.0,0.0,0.0,0.0
2019-02-15,5,0,199,24.03,24.03,0.0,243.814414,0.0
2019-02-15,5,0,200,0.0,0.0,0.0,0.0,0.0
2019-02-15,5,0,204,393.53,393.53,0.0,3508.459685,0.0
2019-02-15,5,0,205,505.34,505.34,0.0,4528.818224,0.0
2019-02-15,5,0,206,229.9,229.9,0.0,1828.124989,0.0
2019-02-15,5,0,210,0.0,0.0,0.0,0.0,0.0
2019-02-15,5,0,214,0.0,0.0,0.0,0.0,0.0
2019-02-15,5,0,217,0.0,0.0,0.0,0.0,0.0
2019-02-15,5,0,218,0.0,0.0,0.0,0.0,0.0
2019-02-15,5,0,219,0.0,0.0,0.0,0.0,0.0
2019-02-15,5,0,221,0.0,0.0,0.0,0.0,0.0
2019-02-15,5,0,225,0.0,0.0,0.0,0.0,0.0
2019-02-15,5,0,233,0.0,0.0,0.0,0.0,0.0
2019-02-15,5,0,236,0.0,0.0,0.0,0.0,0.0
2019-02-15,5,0,237,3.29,3.29,0.0,30.999595,0.0
2019-02-15,5,0,238,0.0,0.0,0.0,0.0,0.0
2019-02-15,5,0,240,0.0,0.0,0.0,0.0,0.0
2019-02-15,5,0,245,10.82,10.82,0.0,106.802183,0.0
2019-02-15,5,0,247,17.35,17.35,0.0,171.258584,0.0
2019-02-15,5,0,248,0.33,0.33,0.0,3.109382,0.0
2019-02-15,5,0,249,20.81,20.81,0.0,205.411592,0.0
2019-02-15,5,0,251,43.44,43.44,0.0,425.045437,0.0
2019-02-15,5,0,252,39.97,39.97,0.0,391.987414,0.0
2019-02-15,5,0,254,0.0,0.0,0.0,0.0,0.0
2019-02-15,5,0,255,0.0,0.0,0.0,0.0,0.0
2019-02-15,5,0,258,0.0,0.0,0.0,0.0,0.0
2019-02-15,5,0,260,0.0,0.0,0.0,0.0,0.0
2019-02-15,5,0,265,0.0,0.0,0.0,0.0,0.0
2019-02-15,5,0,266,20.69,20.69,0.0,177.40175,0.0
2019-02-15,5,0,267,25.42,25.42,0.0,217.958071,0.0
2019-02-15,5,0,270,84.82,84.82,0.0,189.821338,0.0
2019-02-15,5,0,272,117.48,117.48,0.0,801.672088,0.0
2019-02-15,5,0,273,0.0,0.0,0.0,0.0,0.0
2019-02-15,5,0,274,109.34,109.34,0.0,244.695414,0.0
2019-02-15,5,0,275,152.2,152.2,0.0,340.613152,0.0
2019-02-15,5,0,276,0.0,0.0,0.0,0.0,0.0
2019-02-15,5,0,277,0.0,0.0,0.0,0.0,0.0
2019-02-15,5,0,278,0.0,0.0,0.0,0.0,0.0
2019-02-15,5,0,279,83.51,83.51,0.0,571.617586,0.0
2019-02-15,5,0,281,6.09,6.09,0.0,48.499431,0.0
2019-02-15,5,0,282,0.0,0.0,0.0,0.0,0.0
2019-02-15,6,0,9,0.0,0.0,0.0,0.0,0.0
2019-02-15,6,0,17,0.0,0.0,0.0,0.0,0.0
2019-02-15,6,0,19,130.48,130.48,0.0,2071.046469,0.0
2019-02-15,6,0,20,158.24,158.24,0.0,2511.667637,0.0
2019-02-15,6,0,21,0.0,0.0,0.0,0.0,0.0
2019-02-15,6,0,22,0.0,0.0,0.0,0.0,0.0
2019-02-15,6,0,23,92.15,92.15,0.0,944.765227,0.0
2019-02-15,6,0,24,163.03,163.03,0.0,1671.46039,0.0
2019-02-15,6,0,29,0.0,0.0,0.0,0.0,0.0
2019-02-15,6,0,30,0.0,0.0,0.0,0.0,0.0
2019-02-15,6,0,31,13.35,13.35,0.0,136.49925,0.0
2019-02-15,6,0,32,0.0,0.0,0.0,0.0,0.0
2019-02-15,6,0,33,0.0,0.0,0.0,0.0,0.0
2019-02-15,6,0,34,0.0,0.0,0.0,0.0,0.0
2019-02-15,6,0,35,0.0,0.0,0.0,0.0,0.0
2019-02-15,6,0,36,0.0,0.0,0.0,0.0,0.0
2019-02-15,6,0,37,0.0,0.0,0.0,0.0,0.0
2019-02-15,6,0,38,0.0,0.0,0.0,0.0,0.0
2019-02-15,6,0,39,0.0,0.0,0.0,0.0,0.0
2019-02-15,6,0,40,0.0,0.0,0.0,0.0,0.0
2019-02-15,6,0,41,22.51,22.51,0.0,265.546624,0.0
2019-02-15,6,0,42,0.0,0.0,0.0,0.0,0.0
2019-02-15,6,0,43,0.0,0.0,0.0,0.0,0.0
2019-02-15,6,0,46,0.0,0.0,0.0,0.0,0.0
2019-02-15,6,0,52,14.15,14.15,0.0,144.678981,0.0
2019-02-15,6,0,53,22.46,22.46,0.0,229.64593,0.0
2019-02-15,6,0,55,113.11,113.11,0.0,1159.657025,0.0
2019-02-15,6,0,56,0.0,0.0,0.0,0.0,0.0
2019-02-15,6,0,57,0.0,0.0,0.0,0.0,0.0
2019-02-15,6,0,58,0.0,0.0,0.0,0.0,0.0
2019-02-15,6,0,59,0.0,0.0,0.0,0.0,0.0
2019-02-15,6,0,63,9.76,9.76,0.0,191.991033,0.0
2019-02-15,6,0,64,11.48,11.48,0.0,225.825519,0.0
2019-02-15,6,0,65,6.43,6.43,0.0,101.698388,0.0
2019-02-15,6,0,67,0.0,0.0,0.0,0.0,0.0
2019-02-15,6,0,68,1.85,1.85,0.0,12.09972,0.0
2019-02-15,6,0,69,0.0,0.0,0.0,0.0,0.0
2019-02-15,6,0,74,0.0,0.0,0.0,0.0,0.0
2019-02-15,6,0,77,104.52,104.52,0.0,794.366306,0.0
2019-02-15,6,0,78,79.01,79.01,0.0,600.486815,0.0
2019-02-15,6,0,79,45.73,45.73,0.0,347.554259,0.0
2019-02-15,6,0,80,73.95,73.95,0.0,562.030122,0.0
2019-02-15,6,0,81,96.68,96.68,0.0,734.781233,0.0
2019-02-15,6,0,82,68.2,68.2,0.0,518.329335,0.0
2019-02-15,6,0,83,152.07,152.07,0.0,1155.752815,0.0
2019-02-15,6,0,84,0.0,0.0,0.0,0.0,0.0
2019-02-15,6,0,86,0.0,0.0,0.0,0.0,0.0
2019-02-15,6,0,87,0.0,0.0,0.0,0.0,0.0
2019-02-15,6,0,88,84.49,84.49,0.0,642.135565,0.0
2019-02-15,6,0,89,81.23,81.23,0.0,617.359118,0.0
2019-02-15,6,0,90,109.06,109.06,0.0,828.870928,0.0
2019-02-15,6,0,91,389.04,389.04,0.0,2956.75725,0.0
2019-02-15,6,0,92,139.92,139.92,0.0,1063.411152,0.0
2019-02-15,6,0,95,4.01,4.01,0.0,74.153254,0.0
2019-02-15,6,0,96,12.23,12.23,0.0,124.692194,0.0
2019-02-15,6,0,97,75.23,75.23,0.0,767.015027,0.0
2019-02-15,6,0,99,0.0,0.0,0.0,0.0,0.0
2019-02-15,6,0,101,0.0,0.0,0.0,0.0,0.0
2019-02-15,6,0,102,4.37,4.37,0.0,28.581501,0.0
2019-02-15,6,0,103,3.8,3.8,0.0,24.853479,0.0
2019-02-15,6,0,104,0.71,0.71,0.0,4.643676,0.0
2019-02-15,6,0,106,0.0,0.0,0.0,0.0,0.0
2019-02-15,6,0,109,111.71,111.71,0.0,1405.526043,0.0
2019-02-15,6,0,110,198.39,198.39,0.0,443.983202,0.0
2019-02-15,6,0,111,0.0,0.0,0.0,0.0,0.0
2019-02-15,6,0,113,40.05,40.05,0.0,289.610859,0.0
2019-02-15,6,0,115,40.05,40.05,0.0,289.610859,0.0
2019-02-15,6,0,116,0.0,0.0,0.0,0.0,0.0
2019-02-15,6,0,117,1.59,1.59,0.0,11.49766,0.0
2019-02-15,6,0,119,11.48,11.48,0.0,225.825519,0.0
2019-02-15,6,0,120,6.75,6.75,0.0,132.780684,0.0
2019-02-15,6,0,123,0.0,0.0,0.0,0.0,0.0
2019-02-15,6,0,125,147.53,147.53,0.0,1512.547086,0.0
2019-02-15,6,0,126,0.0,0.0,0.0,0.0,0.0
2019-02-15,6,0,127,0.0,0.0,0.0,0.0,0.0
2019-02-15,6,0,128,211.31,211.31,0.0,2166.449703,0.0
2019-02-15,6,0,131,11.12,11.12,0.0,75.874496,0.0
2019-02-15,6,0,132,16.34,16.34,0.0,111.49184,0.0
2019-02-15,6,0,133,6.52,6.52,0.0,103.523409,0.0
2019-02-15,6,0,134,0.0,0.0,0.0,0.0,0.0
2019-02-15,6,0,135,8.74,8.74,0.0,138.772177,0.0
2019-02-15,6,0,136,10.5,10.5,0.0,166.038017,0.0
2019-02-15,6,0,139,29.06,29.06,0.0,342.815855,0.0
2019-02-15,6,0,140,146.83,146.83,0.0,328.595461,0.0
2019-02-15,6,0,141,223.0,223.0,0.0,1222.324387,0.0
2019-02-15,6,0,142,0.0,0.0,0.0,0.0,0.0
2019-02-15,6,0,143,102.89,102.89,0.0,1052.01557,0.0
2019-02-15,6,0,145,12.8,12.8,0.0,142.098335,0.0
2019-02-15,6,0,146,268.0,268.0,0.0,599.765603,0.0
2019-02-15,6,0,152,0.0,0.0,0.0,0.0,0.0
2019-02-15,6,0,153,0.0,0.0,0.0,0.0,0.0
2019-02-15,6,0,154,0.0,0.0,0.0,0.0,0.0
2019-02-15,6,0,157,250.0,250.0,0.0,1370.31882,0.0
2019-02-15,6,0,158,0.0,0.0,0.0,0.0,0.0
2019-02-15,6,0,159,0.0,0.0,0.0,0.0,0.0
2019-02-15,6,0,160,0.0,0.0,0.0,0.0,0.0
2019-02-15,6,0,161,0.0,0.0,0.0,0.0,0.0
2019-02-15,6,0,162,4.56,4.56,0.0,84.398657,0.0
2019-02-15,6,0,163,28.15,28.15,0.0,62.997768,0.0
2019-02-15,6,0,164,0.0,0.0,0.0,0.0,0.0
2019-02-15,6,0,167,0.0,0.0,0.0,0.0,0.0
2019-02-15,6,0,168,0.0,0.0,0.0,0.0,0.0
2019-02-15,6,0,169,0.0,0.0,0.0,0.0,0.0
2019-02-15,6,0,170,0.0,0.0,0.0,0.0,0.0
2019-02-15,6,0,172,0.0,0.0,0.0,0.0,0.0
2019-02-15,6,0,173,0.0,0.0,0.0,0.0,0.0
2019-02-15,6,0,188,0.0,0.0,0.0,0.0,0.0
2019-02-15,6,0,190,0.0,0.0,0.0,0.0,0.0
2019-02-15,6,0,191,0.0,0.0,0.0,0.0,0.0
2019-02-15,6,0,192,69.55,69.55,0.0,1368.132825,0.0
2019-02-15,6,0,194,61.22,61.22,0.0,469.88805,0.0
2019-02-15,6,0,196,0.0,0.0,0.0,0.0,0.0
2019-02-15,6,0,198,0.0,0.0,0.0,0.0,0.0
2019-02-15,6,0,199,19.51,19.51,0.0,194.024028,0.0
2019-02-15,6,0,200,0.0,0.0,0.0,0.0,0.0
2019-02-15,6,0,204,449.58,449.58,0.0,5587.789366,0.0
2019-02-15,6,0,205,590.97,590.97,0.0,7435.535993,0.0
2019-02-15,6,0,206,221.07,221.07,0.0,2253.941406,0.0
2019-02-15,6,0,210,0.0,0.0,0.0,0.0,0.0
2019-02-15,6,0,214,0.0,0.0,0.0,0.0,0.0
2019-02-15,6,0,217,0.0,0.0,0.0,0.0,0.0
2019-02-15,6,0,218,0.0,0.0,0.0,0.0,0.0
2019-02-15,6,0,219,0.0,0.0,0.0,0.0,0.0
2019-02-15,6,0,221,0.0,0.0,0.0,0.0,0.0
2019-02-15,6,0,225,0.0,0.0,0.0,0.0,0.0
2019-02-15,6,0,233,0.0,0.0,0.0,0.0,0.0
2019-02-15,6,0,236,0.0,0.0,0.0,0.0,0.0
2019-02-15,6,0,237,0.0,0.0,0.0,0.0,0.0
2019-02-15,6,0,238,0.0,0.0,0.0,0.0,0.0
2019-02-15,6,0,240,0.0,0.0,0.0,0.0,0.0
2019-02-15,6,0,245,9.46,9.46,0.0,152.112076,0.0
2019-02-15,6,0,247,14.27,14.27,0.0,229.454474,0.0
2019-02-15,6,0,248,0.0,0.0,0.0,0.0,0.0
2019-02-15,6,0,249,18.19,18.19,0.0,292.486116,0.0
2019-02-15,6,0,251,44.3,44.3,0.0,696.565322,0.0
2019-02-15,6,0,252,41.51,41.51,0.0,656.531892,0.0
2019-02-15,6,0,254,0.0,0.0,0.0,0.0,0.0
2019-02-15,6,0,255,0.0,0.0,0.0,0.0,0.0
2019-02-15,6,0,258,0.0,0.0,0.0,0.0,0.0
2019-02-15,6,0,260,0.0,0.0,0.0,0.0,0.0
2019-02-15,6,0,265,0.0,0.0,0.0,0.0,0.0
2019-02-15,6,0,266,18.82,18.82,0.0,222.016325,0.0
2019-02-15,6,0,267,23.13,23.13,0.0,272.860658,0.0
2019-02-15,6,0,270,87.92,87.92,0.0,196.758925,0.0
2019-02-15,6,0,272,141.33,141.33,0.0,1021.990079,0.0
2019-02-15,6,0,273,0.0,0.0,0.0,0.0,0.0
2019-02-15,6,0,274,113.33,113.33,0.0,253.624761,0.0
2019-02-15,6,0,275,157.76,157.76,0.0,353.056051,0.0
2019-02-15,6,0,276,0.0,0.0,0.0,0.0,0.0
2019-02-15,6,0,277,0.0,0.0,0.0,0.0,0.0
2019-02-15,6,0,278,0.0,0.0,0.0,0.0,0.0
2019-02-15,6,0,279,72.87,72.87,0.0,537.717362,0.0
2019-02-15,6,0,281,6.0,6.0,0.0,61.347978,0.0
2019-02-15,6,0,282,0.0,0.0,0.0,0.0,0.0
2019-02-15,7,0,9,0.0,0.0,0.0,0.0,0.0
2019-02-15,7,0,17,0.0,0.0,0.0,0.0,0.0
2019-02-15,7,0,19,137.11,137.11,0.0,2177.514442,0.0
2019-02-15,7,0,20,166.29,166.29,0.0,2640.937032,0.0
2019-02-15,7,0,21,0.0,0.0,0.0,0.0,0.0
2019-02-15,7,0,22,0.0,0.0,0.0,0.0,0.0
2019-02-15,7,0,23,108.8,108.8,0.0,991.631624,0.0
2019-02-15,7,0,24,192.5,192.5,0.0,1754.49529,0.0
2019-02-15,7,0,29,0.0,0.0,0.0,0.0,0.0
2019-02-15,7,0,30,0.0,0.0,0.0,0.0,0.0
2019-02-15,7,0,31,32.93,32.93,0.0,298.990857,0.0
2019-02-15,7,0,32,0.0,0.0,0.0,0.0,0.0
2019-02-15,7,0,33,0.0,0.0,0.0,0.0,0.0
2019-02-15,7,0,34,0.0,0.0,0.0,0.0,0.0
2019-02-15,7,0,35,0.0,0.0,0.0,0.0,0.0
2019-02-15,7,0,36,0.0,0.0,0.0,0.0,0.0
2019-02-15,7,0,37,0.0,0.0,0.0,0.0,0.0
2019-02-15,7,0,38,0.0,0.0,0.0,0.0,0.0
2019-02-15,7,0,39,0.0,0.0,0.0,0.0,0.0
2019-02-15,7,0,40,0.0,0.0,0.0,0.0,0.0
2019-02-15,7,0,41,21.87,21.87,0.0,241.033287,0.0
2019-02-15,7,0,42,0.0,0.0,0.0,0.0,0.0
2019-02-15,7,0,43,0.0,0.0,0.0,0.0,0.0
2019-02-15,7,0,46,0.0,0.0,0.0,0.0,0.0
2019-02-15,7,0,52,34.91,34.91,0.0,316.968443,0.0
2019-02-15,7,0,53,55.47,55.47,0.0,503.644788,0.0
2019-02-15,7,0,55,132.44,132.44,0.0,1207.092759,0.0
2019-02-15,7,0,56,0.0,0.0,0.0,0.0,0.0
2019-02-15,7,0,57,0.0,0.0,0.0,0.0,0.0
2019-02-15,7,0,58,0.0,0.0,0.0,0.0,0.0
2019-02-15,7,0,59,0.0,0.0,0.0,0.0,0.0
2019-02-15,7,0,63,11.94,11.94,0.0,284.980812,0.0
2019-02-15,7,0,64,14.05,14.05,0.0,335.341743,0.0
2019-02-15,7,0,65,6.72,6.72,0.0,106.285095,0.0
2019-02-15,7,0,67,0.0,0.0,0.0,0.0,0.0
2019-02-15,7,0,68,2.06,2.06,0.0,10.224896,0.0
2019-02-15,7,0,69,0.0,0.0,0.0,0.0,0.0
2019-02-15,7,0,74,0.0,0.0,0.0,0.0,0.0
2019-02-15,7,0,77,112.67,112.67,0.0,653.842069,0.0
2019-02-15,7,0,78,85.18,85.18,0.0,494.313193,0.0
2019-02-15,7,0,79,49.29,49.29,0.0,286.03777,0.0
2019-02-15,7,0,80,79.72,79.72,0.0,462.627938,0.0
2019-02-15,7,0,81,104.22,104.22,0.0,604.805365,0.0
2019-02-15,7,0,82,73.52,73.52,0.0,426.648344,0.0
2019-02-15,7,0,83,163.94,163.94,0.0,951.370097,0.0
2019-02-15,7,0,84,0.0,0.0,0.0,0.0,0.0
2019-02-15,7,0,86,0.0,0.0,0.0,0.0,0.0
2019-02-15,7,0,87,0.0,0.0,0.0,0.0,0.0
2019-02-15,7,0,88,92.84,92.84,0.0,538.765401,0.0
2019-02-15,7,0,89,89.25,89.25,0.0,517.932055,0.0
2019-02-15,7,0,90,119.84,119.84,0.0,695.450728,0.0
2019-02-15,7,0,91,427.48,427.48,0.0,2480.734958,0.0
2019-02-15,7,0,92,153.74,153.74,0.0,892.177862,0.0
2019-02-15,7,0,95,3.57,3.57,0.0,80.07416,0.0
2019-02-15,7,0,96,12.51,12.51,0.0,113.132341,0.0
2019-02-15,7,0,97,76.9,76.9,0.0,695.433812,0.0
2019-02-15,7,0,99,0.0,0.0,0.0,0.0,0.0
2019-02-15,7,0,101,0.0,0.0,0.0,0.0,0.0
2019-02-15,7,0,102,4.88,4.88,0.0,24.222083,0.0
2019-02-15,7,0,103,4.25,4.25,0.0,21.095052,0.0
2019-02-15,7,0,104,0.79,0.79,0.0,3.921198,0.0
2019-02-15,7,0,106,0.0,0.0,0.0,0.0,0.0
2019-02-15,7,0,109,137.5,137.5,0.0,1654.587649,0.0
2019-02-15,7,0,110,182.2,182.2,0.0,355.453981,0.0
2019-02-15,7,0,111,0.0,0.0,0.0,0.0,0.0
2019-02-15,7,0,113,26.06,26.06,0.0,136.148189,0.0
2019-02-15,7,0,115,26.06,26.06,0.0,136.148189,0.0
2019-02-15,7,0,116,0.0,0.0,0.0,0.0,0.0
2019-02-15,7,0,117,1.07,1.07,0.0,5.590121,0.0
2019-02-15,7,0,119,14.05,14.05,0.0,335.341743,0.0
2019-02-15,7,0,120,8.26,8.26,0.0,197.14753,0.0
2019-02-15,7,0,123,0.0,0.0,0.0,0.0,0.0
2019-02-15,7,0,125,174.2,174.2,0.0,1587.704309,0.0
2019-02-15,7,0,126,0.0,0.0,0.0,0.0,0.0
2019-02-15,7,0,127,0.0,0.0,0.0,0.0,0.0
2019-02-15,7,0,128,249.5,249.5,0.0,2274.008181,0.0
2019-02-15,7,0,131,11.21,11.21,0.0,57.861556,0.0
2019-02-15,7,0,132,16.48,16.48,0.0,85.063198,0.0
2019-02-15,7,0,133,6.55,6.55,0.0,104.064204,0.0
2019-02-15,7,0,134,0.0,0.0,0.0,0.0,0.0
2019-02-15,7,0,135,8.77,8.77,0.0,139.33482,0.0
2019-02-15,7,0,136,11.45,11.45,0.0,181.054851,0.0
2019-02-15,7,0,139,28.24,28.24,0.0,311.238227,0.0
2019-02-15,7,0,140,134.85,134.85,0.0,263.078866,0.0
2019-02-15,7,0,141,230.0,230.0,0.0,971.045056,0.0
2019-02-15,7,0,142,0.0,0.0,0.0,0.0,0.0
2019-02-15,7,0,143,95.72,95.72,0.0,869.098234,0.0
2019-02-15,7,0,145,13.84,13.84,0.0,140.861744,0.0
2019-02-15,7,0,146,268.0,268.0,0.0,522.841202,0.0
2019-02-15,7,0,152,0.0,0.0,0.0,0.0,0.0
2019-02-15,7,0,153,0.0,0.0,0.0,0.0,0.0
2019-02-15,7,0,154,0.0,0.0,0.0,0.0,0.0
2019-02-15,7,0,157,250.0,250.0,0.0,1055.483756,0.0
2019-02-15,7,0,158,0.0,0.0,0.0,0.0,0.0
2019-02-15,7,0,159,0.0,0.0,0.0,0.0,0.0
2019-02-15,7,0,160,0.0,0.0,0.0,0.0,0.0
2019-02-15,7,0,161,0.0,0.0,0.0,0.0,0.0
2019-02-15,7,0,162,3.84,3.84,0.0,86.211781,0.0
2019-02-15,7,0,163,36.33,36.33,0.0,70.876197,0.0
2019-02-15,7,0,164,0.0,0.0,0.0,0.0,0.0
2019-02-15,7,0,167,0.0,0.0,0.0,0.0,0.0
2019-02-15,7,0,168,0.0,0.0,0.0,0.0,0.0
2019-02-15,7,0,169,0.0,0.0,0.0,0.0,0.0
2019-02-15,7,0,170,0.0,0.0,0.0,0.0,0.0
2019-02-15,7,0,172,0.0,0.0,0.0,0.0,0.0
2019-02-15,7,0,173,0.0,0.0,0.0,0.0,0.0
2019-02-15,7,0,188,0.0,0.0,0.0,0.0,0.0
2019-02-15,7,0,190,0.0,0.0,0.0,0.0,0.0
2019-02-15,7,0,191,0.0,0.0,0.0,0.0,0.0
2019-02-15,7,0,192,63.59,63.59,0.0,1517.749567,0.0
2019-02-15,7,0,194,62.84,62.84,0.0,329.058883,0.0
2019-02-15,7,0,196,0.0,0.0,0.0,0.0,0.0
2019-02-15,7,0,198,0.0,0.0,0.0,0.0,0.0
2019-02-15,7,0,199,15.66,15.66,0.0,151.008718,0.0
2019-02-15,7,0,200,0.0,0.0,0.0,0.0,0.0
2019-02-15,7,0,204,550.09,550.09,0.0,6519.125098,0.0
2019-02-15,7,0,205,727.38,727.38,0.0,8752.828828,0.0
2019-02-15,7,0,206,225.97,225.97,0.0,2043.526379,0.0
2019-02-15,7,0,210,0.0,0.0,0.0,0.0,0.0
2019-02-15,7,0,214,0.0,0.0,0.0,0.0,0.0
2019-02-15,7,0,217,0.0,0.0,0.0,0.0,0.0
2019-02-15,7,0,218,0.0,0.0,0.0,0.0,0.0
2019-02-15,7,0,219,0.0,0.0,0.0,0.0,0.0
2019-02-15,7,0,221,0.0,0.0,0.0,0.0,0.0
2019-02-15,7,0,225,0.0,0.0,0.0,0.0,0.0
2019-02-15,7,0,233,0.0,0.0,0.0,0.0,0.0
2019-02-15,7,0,236,0.0,0.0,0.0,0.0,0.0
2019-02-15,7,0,237,0.0,0.0,0.0,0.0,0.0
2019-02-15,7,0,238,0.0,0.0,0.0,0.0,0.0
2019-02-15,7,0,240,0.0,0.0,0.0,0.0,0.0
2019-02-15,7,0,245,8.27,8.27,0.0,133.325367,0.0
2019-02-15,7,0,247,11.46,11.46,0.0,184.753169,0.0
2019-02-15,7,0,248,0.0,0.0,0.0,0.0,0.0
2019-02-15,7,0,249,15.9,15.9,0.0,256.332931,0.0
2019-02-15,7,0,251,45.42,45.42,0.0,713.505305,0.0
2019-02-15,7,0,252,43.34,43.34,0.0,685.475601,0.0
2019-02-15,7,0,254,0.0,0.0,0.0,0.0,0.0
2019-02-15,7,0,255,0.0,0.0,0.0,0.0,0.0
2019-02-15,7,0,258,0.0,0.0,0.0,0.0,0.0
2019-02-15,7,0,260,0.0,0.0,0.0,0.0,0.0
2019-02-15,7,0,265,0.0,0.0,0.0,0.0,0.0
2019-02-15,7,0,266,18.28,18.28,0.0,201.467238,0.0
2019-02-15,7,0,267,22.47,22.47,0.0,247.645997,0.0
2019-02-15,7,0,270,113.44,113.44,0.0,221.310097,0.0
2019-02-15,7,0,272,92.73,92.73,0.0,484.459767,0.0
2019-02-15,7,0,273,0.0,0.0,0.0,0.0,0.0
2019-02-15,7,0,274,146.24,146.24,0.0,285.299617,0.0
2019-02-15,7,0,275,203.57,203.57,0.0,397.144714,0.0
2019-02-15,7,0,276,0.0,0.0,0.0,0.0,0.0
2019-02-15,7,0,277,0.0,0.0,0.0,0.0,0.0
2019-02-15,7,0,278,0.0,0.0,0.0,0.0,0.0
2019-02-15,7,0,279,84.81,84.81,0.0,462.760829,0.0
2019-02-15,7,0,281,14.77,14.77,0.0,134.105526,0.0
2019-02-15,7,0,282,0.0,0.0,0.0,0.0,0.0
2019-02-15,8,0,9,0.0,0.0,0.0,0.0,0.0
2019-02-15,8,0,17,0.0,0.0,0.0,0.0,0.0
2019-02-15,8,0,19,84.25,84.25,0.0,1250.895391,0.0
2019-02-15,8,0,20,104.85,104.85,0.0,1556.752305,0.0
2019-02-15,8,0,21,0.0,0.0,0.0,0.0,0.0
2019-02-15,8,0,22,0.0,0.0,0.0,0.0,0.0
2019-02-15,8,0,23,108.8,108.8,0.0,894.263752,0.0
2019-02-15,8,0,24,192.5,192.5,0.0,1582.222172,0.0
2019-02-15,8,0,29,0.0,0.0,0.0,0.0,0.0
2019-02-15,8,0,30,0.0,0.0,0.0,0.0,0.0
2019-02-15,8,0,31,20.46,20.46,0.0,167.461144,0.0
2019-02-15,8,0,32,0.0,0.0,0.0,0.0,0.0
2019-02-15,8,0,33,0.0,0.0,0.0,0.0,0.0
2019-02-15,8,0,34,0.0,0.0,0.0,0.0,0.0
2019-02-15,8,0,35,0.0,0.0,0.0,0.0,0.0
2019-02-15,8,0,36,0.0,0.0,0.0,0.0,0.0
2019-02-15,8,0,37,0.0,0.0,0.0,0.0,0.0
2019-02-15,8,0,38,0.0,0.0,0.0,0.0,0.0
2019-02-15,8,0,39,0.0,0.0,0.0,0.0,0.0
2019-02-15,8,0,40,0.0,0.0,0.0,0.0,0.0
2019-02-15,8,0,41,8.72,8.72,0.0,88.156973,0.0
2019-02-15,8,0,42,0.0,0.0,0.0,0.0,0.0
2019-02-15,8,0,43,0.0,0.0,0.0,0.0,0.0
2019-02-15,8,0,46,0.0,0.0,0.0,0.0,0.0
2019-02-15,8,0,52,21.69,21.69,0.0,177.528456,0.0
2019-02-15,8,0,53,34.46,34.46,0.0,282.048437,0.0
2019-02-15,8,0,55,178.09,178.09,0.0,1463.781541,0.0
2019-02-15,8,0,56,0.0,0.0,0.0,0.0,0.0
2019-02-15,8,0,57,0.0,0.0,0.0,0.0,0.0
2019-02-15,8,0,58,0.0,0.0,0.0,0.0,0.0
2019-02-15,8,0,59,0.0,0.0,0.0,0.0,0.0
2019-02-15,8,0,63,2.1,2.1,0.0,53.991913,0.0
2019-02-15,8,0,64,2.47,2.47,0.0,63.504774,0.0
2019-02-15,8,0,65,4.96,4.96,0.0,73.332026,0.0
2019-02-15,8,0,67,0.0,0.0,0.0,0.0,0.0
2019-02-15,8,0,68,3.12,3.12,0.0,22.58486,0.0
2019-02-15,8,0,69,0.0,0.0,0.0,0.0,0.0
2019-02-15,8,0,74,0.0,0.0,0.0,0.0,0.0
2019-02-15,8,0,77,133.26,133.26,0.0,655.642737,0.0
2019-02-15,8,0,78,100.62,100.62,0.0,495.053071,0.0
2019-02-15,8,0,79,58.04,58.04,0.0,285.55834,0.0
2019-02-15,8,0,80,94.14,94.14,0.0,463.171299,0.0
2019-02-15,8,0,81,123.23,123.23,0.0,606.294871,0.0
2019-02-15,8,0,82,86.78,86.78,0.0,426.959903,0.0
2019-02-15,8,0,83,194.13,194.13,0.0,955.124753,0.0
2019-02-15,8,0,84,0.0,0.0,0.0,0.0,0.0
2019-02-15,8,0,86,0.0,0.0,0.0,0.0,0.0
2019-02-15,8,0,87,0.0,0.0,0.0,0.0,0.0
2019-02-15,8,0,88,100.42,100.42,0.0,494.069065,0.0
2019-02-15,8,0,89,96.91,96.91,0.0,476.799772,0.0
2019-02-15,8,0,90,126.45,126.45,0.0,622.137356,0.0
2019-02-15,8,0,91,396.4,396.4,0.0,1950.298521,0.0
2019-02-15,8,0,92,158.62,158.62,0.0,780.41461,0.0
2019-02-15,8,0,95,4.05,4.05,0.0,102.925458,0.0
2019-02-15,8,0,96,17.25,17.25,0.0,140.565422,0.0
2019-02-15,8,0,97,106.09,106.09,0.0,864.49772,0.0
2019-02-15,8,0,99,0.0,0.0,0.0,0.0,0.0
2019-02-15,8,0,101,0.0,0.0,0.0,0.0,0.0
2019-02-15,8,0,102,7.39,7.39,0.0,53.494269,0.0
2019-02-15,8,0,103,6.42,6.42,0.0,46.472694,0.0
2019-02-15,8,0,104,1.19,1.19,0.0,8.614097,0.0
2019-02-15,8,0,106,0.0,0.0,0.0,0.0,0.0
2019-02-15,8,0,109,163.28,163.28,0.0,1817.824681,0.0
2019-02-15,8,0,110,168.69,168.69,0.0,3311.875025,0.0
2019-02-15,8,0,111,0.0,0.0,0.0,0.0,0.0
2019-02-15,8,0,113,62.72,62.72,0.0,224.018305,0.0
2019-02-15,8,0,115,62.72,62.72,0.0,224.018305,0.0
2019-02-15,8,0,116,0.0,0.0,0.0,0.0,0.0
2019-02-15,8,0,117,3.25,3.25,0.0,11.608091,0.0
2019-02-15,8,0,119,2.47,2.47,0.0,63.504774,0.0
2019-02-15,8,0,120,1.46,1.46,0.0,37.537235,0.0
2019-02-15,8,0,123,0.0,0.0,0.0,0.0,0.0
2019-02-15,8,0,125,174.2,174.2,0.0,1431.808324,0.0
2019-02-15,8,0,126,0.0,0.0,0.0,0.0,0.0
2019-02-15,8,0,127,0.0,0.0,0.0,0.0,0.0
2019-02-15,8,0,128,249.5,249.5,0.0,2050.724322,0.0
2019-02-15,8,0,131,20.55,20.55,0.0,132.011284,0.0
2019-02-15,8,0,132,30.21,30.21,0.0,194.066223,0.0
2019-02-15,8,0,133,3.01,3.01,0.0,44.708536,0.0
2019-02-15,8,0,134,0.0,0.0,0.0,0.0,0.0
2019-02-15,8,0,135,4.03,4.03,0.0,59.858937,0.0
2019-02-15,8,0,136,10.38,10.38,0.0,153.429255,0.0
2019-02-15,8,0,139,11.26,11.26,0.0,113.835724,0.0
2019-02-15,8,0,140,124.85,124.85,0.0,2451.168397,0.0
2019-02-15,8,0,141,230.0,230.0,0.0,2366.64169,0.0
2019-02-15,8,0,142,0.0,0.0,0.0,0.0,0.0
2019-02-15,8,0,143,46.87,46.87,0.0,383.621888,0.0
2019-02-15,8,0,145,17.73,17.73,0.0,164.550585,0.0
2019-02-15,8,0,146,268.0,268.0,0.0,5261.618986,0.0
2019-02-15,8,0,152,0.0,0.0,0.0,0.0,0.0
2019-02-15,8,0,153,0.0,0.0,0.0,0.0,0.0
2019-02-15,8,0,154,0.0,0.0,0.0,0.0,0.0
2019-02-15,8,0,157,250.0,250.0,0.0,2572.436619,0.0
2019-02-15,8,0,158,0.0,0.0,0.0,0.0,0.0
2019-02-15,8,0,159,0.0,0.0,0.0,0.0,0.0
2019-02-15,8,0,160,0.0,0.0,0.0,0.0,0.0
2019-02-15,8,0,161,0.0,0.0,0.0,0.0,0.0
2019-02-15,8,0,162,2.7,2.7,0.0,68.649787,0.0
2019-02-15,8,0,163,11.4,11.4,0.0,223.815136,0.0
2019-02-15,8,0,164,0.0,0.0,0.0,0.0,0.0
2019-02-15,8,0,167,0.0,0.0,0.0,0.0,0.0
2019-02-15,8,0,168,0.0,0.0,0.0,0.0,0.0
2019-02-15,8,0,169,0.0,0.0,0.0,0.0,0.0
2019-02-15,8,0,170,0.0,0.0,0.0,0.0,0.0
2019-02-15,8,0,172,0.0,0.0,0.0,0.0,0.0
2019-02-15,8,0,173,0.0,0.0,0.0,0.0,0.0
2019-02-15,8,0,188,0.0,0.0,0.0,0.0,0.0
2019-02-15,8,0,190,0.0,0.0,0.0,0.0,0.0
2019-02-15,8,0,191,0.0,0.0,0.0,0.0,0.0
2019-02-15,8,0,192,52.82,52.82,0.0,1358.025168,0.0
2019-02-15,8,0,194,87.44,87.44,0.0,3.73316,0.0
2019-02-15,8,0,196,0.0,0.0,0.0,0.0,0.0
2019-02-15,8,0,198,0.0,0.0,0.0,0.0,0.0
2019-02-15,8,0,199,19.15,19.15,0.0,153.736663,0.0
2019-02-15,8,0,200,0.0,0.0,0.0,0.0,0.0
2019-02-15,8,0,204,642.78,642.78,0.0,7041.964965,0.0
2019-02-15,8,0,205,863.76,863.76,0.0,9616.390534,0.0
2019-02-15,8,0,206,311.75,311.75,0.0,2540.363505,0.0
2019-02-15,8,0,210,0.0,0.0,0.0,0.0,0.0
2019-02-15,8,0,214,0.0,0.0,0.0,0.0,0.0
2019-02-15,8,0,217,0.0,0.0,0.0,0.0,0.0
2019-02-15,8,0,218,0.0,0.0,0.0,0.0,0.0
2019-02-15,8,0,219,0.0,0.0,0.0,0.0,0.0
2019-02-15,8,0,221,0.0,0.0,0.0,0.0,0.0
2019-02-15,8,0,225,0.0,0.0,0.0,0.0,0.0
2019-02-15,8,0,233,0.0,0.0,0.0,0.0,0.0
2019-02-15,8,0,236,0.0,0.0,0.0,0.0,0.0
2019-02-15,8,0,237,0.0,0.0,0.0,0.0,0.0
2019-02-15,8,0,238,0.0,0.0,0.0,0.0,0.0
2019-02-15,8,0,240,0.0,0.0,0.0,0.0,0.0
2019-02-15,8,0,245,4.41,4.41,0.0,66.494586,0.0
2019-02-15,8,0,247,5.96,5.96,0.0,89.865699,0.0
2019-02-15,8,0,248,0.0,0.0,0.0,0.0,0.0
2019-02-15,8,0,249,8.49,8.49,0.0,128.013387,0.0
2019-02-15,8,0,251,28.7,28.7,0.0,421.364033,0.0
2019-02-15,8,0,252,31.97,31.97,0.0,472.666308,0.0
2019-02-15,8,0,254,0.0,0.0,0.0,0.0,0.0
2019-02-15,8,0,255,0.0,0.0,0.0,0.0,0.0
2019-02-15,8,0,258,0.0,0.0,0.0,0.0,0.0
2019-02-15,8,0,260,0.0,0.0,0.0,0.0,0.0
2019-02-15,8,0,265,0.0,0.0,0.0,0.0,0.0
2019-02-15,8,0,266,7.29,7.29,0.0,73.700038,0.0
2019-02-15,8,0,267,8.96,8.96,0.0,90.583311,0.0
2019-02-15,8,0,270,35.61,35.61,0.0,699.127806,0.0
2019-02-15,8,0,272,217.12,217.12,0.0,775.491937,0.0
2019-02-15,8,0,273,0.0,0.0,0.0,0.0,0.0
2019-02-15,8,0,274,45.9,45.9,0.0,901.150416,0.0
2019-02-15,8,0,275,63.89,63.89,0.0,1254.346407,0.0
2019-02-15,8,0,276,0.0,0.0,0.0,0.0,0.0
2019-02-15,8,0,277,0.0,0.0,0.0,0.0,0.0
2019-02-15,8,0,278,0.0,0.0,0.0,0.0,0.0
2019-02-15,8,0,279,110.03,110.03,0.0,452.473959,0.0
2019-02-15,8,0,281,9.18,9.18,0.0,75.136525,0.0
2019-02-15,8,0,282,0.0,0.0,0.0,0.0,0.0
2019-02-15,9,0,9,0.41,0.41,0.0,3.017553,0.0
2019-02-15,9,0,17,11.49,11.49,0.0,158.714221,0.0
2019-02-15,9,0,19,40.42,40.42,0.0,558.331489,0.0
2019-02-15,9,0,20,50.19,50.19,0.0,693.286923,0.0
2019-02-15,9,0,21,9.45,9.45,0.0,69.550925,0.0
2019-02-15,9,0,22,33.6,33.6,0.0,247.292179,0.0
2019-02-15,9,0,23,108.8,108.8,0.0,800.755628,0.0
2019-02-15,9,0,24,192.5,192.5,0.0,1416.778111,0.0
2019-02-15,9,0,29,2.12,2.12,0.0,13.36784,0.0
2019-02-15,9,0,30,68.48,68.48,0.0,501.671187,0.0
2019-02-15,9,0,31,39.67,39.67,0.0,290.614719,0.0
2019-02-15,9,0,32,0.67,0.67,0.0,17.111017,0.0
2019-02-15,9,0,33,0.59,0.59,0.0,9.03067,0.0
2019-02-15,9,0,34,0.94,0.94,0.0,14.387847,0.0
2019-02-15,9,0,35,0.94,0.94,0.0,14.387847,0.0
2019-02-15,9,0,36,2.02,2.02,0.0,22.465756,0.0
2019-02-15,9,0,37,0.97,0.97,0.0,10.69887,0.0
2019-02-15,9,0,38,1.25,1.25,0.0,13.787203,0.0
2019-02-15,9,0,39,0.83,0.83,0.0,9.154703,0.0
2019-02-15,9,0,40,0.83,0.83,0.0,9.154703,0.0
2019-02-15,9,0,41,8.92,8.92,0.0,82.232059,0.0
2019-02-15,9,0,42,13.22,13.22,0.0,178.33283,0.0
2019-02-15,9,0,43,6.25,6.25,0.0,69.143311,0.0
2019-02-15,9,0,46,5.32,5.32,0.0,56.428578,0.0
2019-02-15,9,0,52,42.09,42.09,0.0,308.34317,0.0
2019-02-15,9,0,53,67.22,67.22,0.0,492.440672,0.0
2019-02-15,9,0,55,186.9,186.9,0.0,1375.562747,0.0
2019-02-15,9,0,56,20.2,20.2,0.0,147.981279,0.0
2019-02-15,9,0,57,19.21,19.21,0.0,140.728731,0.0
2019-02-15,9,0,58,36.95,36.95,0.0,270.688527,0.0
2019-02-15,9,0,59,36.34,36.34,0.0,266.219786,0.0
2019-02-15,9,0,63,0.0,0.0,0.0,0.0,0.0
2019-02-15,9,0,64,0.0,0.0,0.0,0.0,0.0
2019-02-15,9,0,65,3.58,3.58,0.0,49.236209,0.0
2019-02-15,9,0,67,39.67,39.67,0.0,384.513226,0.0
2019-02-15,9,0,68,11.01,11.01,0.0,71.814335,0.0
2019-02-15,9,0,69,0.59,0.59,0.0,9.03067,0.0
2019-02-15,9,0,74,0.0,0.0,0.0,0.0,0.0
2019-02-15,9,0,77,60.0,60.0,0.0,246.118154,0.0
2019-02-15,9,0,78,45.36,45.36,0.0,186.065324,0.0
2019-02-15,9,0,79,26.25,26.25,0.0,107.676692,0.0
2019-02-15,9,0,80,42.45,42.45,0.0,174.128594,0.0
2019-02-15,9,0,81,55.5,55.5,0.0,227.659292,0.0
2019-02-15,9,0,82,39.15,39.15,0.0,160.592095,0.0
2019-02-15,9,0,83,87.3,87.3,0.0,358.101914,0.0
2019-02-15,9,0,84,0.0,0.0,0.0,0.0,0.0
2019-02-15,9,0,86,2.98,2.98,0.0,45.612537,0.0
2019-02-15,9,0,87,15.2,15.2,0.0,232.654553,0.0
2019-02-15,9,0,88,155.83,155.83,0.0,639.209865,0.0
2019-02-15,9,0,89,148.85,148.85,0.0,610.57812,0.0
2019-02-15,9,0,90,208.93,208.93,0.0,857.024431,0.0
2019-02-15,9,0,91,785.09,785.09,0.0,3220.415023,0.0
2019-02-15,9,0,92,276.23,276.23,0.0,1133.086961,0.0
2019-02-15,9,0,95,5.99,5.99,0.0,152.228024,0.0
2019-02-15,9,0,96,23.14,23.14,0.0,168.694962,0.0
2019-02-15,9,0,97,142.3,142.3,0.0,1037.393825,0.0
2019-02-15,9,0,99,0.0,0.0,0.0,0.0,0.0
2019-02-15,9,0,101,1.38,1.38,0.0,10.109612,0.0
2019-02-15,9,0,102,26.04,26.04,0.0,169.849707,0.0
2019-02-15,9,0,103,22.65,22.65,0.0,147.737937,0.0
2019-02-15,9,0,104,4.23,4.23,0.0,27.590793,0.0
2019-02-15,9,0,106,33.07,33.07,0.0,243.39144,0.0
2019-02-15,9,0,109,179.1,179.1,0.0,1834.208042,0.0
2019-02-15,9,0,110,157.04,157.04,0.0,3046.702195,0.0
2019-02-15,9,0,111,3.04,3.04,0.0,28.025276,0.0
2019-02-15,9,0,113,52.2,52.2,0.0,142.950862,0.0
2019-02-15,9,0,115,52.2,52.2,0.0,142.950862,0.0
2019-02-15,9,0,116,13.67,13.67,0.0,265.208985,0.0
2019-02-15,9,0,117,3.54,3.54,0.0,9.694369,0.0
2019-02-15,9,0,119,0.0,0.0,0.0,0.0,0.0
2019-02-15,9,0,120,0.0,0.0,0.0,0.0,0.0
2019-02-15,9,0,123,0.55,0.55,0.0,4.047937,0.0
2019-02-15,9,0,125,174.2,174.2,0.0,1282.092191,0.0
2019-02-15,9,0,126,24.8,24.8,0.0,182.52518,0.0
2019-02-15,9,0,127,31.83,31.83,0.0,234.265181,0.0
2019-02-15,9,0,128,249.5,249.5,0.0,1836.291629,0.0
2019-02-15,9,0,131,30.0,30.0,0.0,170.279904,0.0
2019-02-15,9,0,132,44.1,44.1,0.0,250.311458,0.0
2019-02-15,9,0,133,1.05,1.05,0.0,14.509858,0.0
2019-02-15,9,0,134,0.0,0.0,0.0,0.0,0.0
2019-02-15,9,0,135,1.41,1.41,0.0,19.484666,0.0
2019-02-15,9,0,136,9.44,9.44,0.0,129.798402,0.0
2019-02-15,9,0,139,11.52,11.52,0.0,106.201045,0.0
2019-02-15,9,0,140,116.23,116.23,0.0,2254.9554,0.0
2019-02-15,9,0,141,230.0,230.0,0.0,2229.343128,0.0
2019-02-15,9,0,142,52.32,52.32,0.0,507.127098,0.0
2019-02-15,9,0,143,109.13,109.13,0.0,799.465196,0.0
2019-02-15,9,0,145,22.36,22.36,0.0,188.037333,0.0
2019-02-15,9,0,146,237.79,237.79,0.0,4613.317084,0.0
2019-02-15,9,0,152,1.49,1.49,0.0,17.995633,0.0
2019-02-15,9,0,153,1.87,1.87,0.0,22.437409,0.0
2019-02-15,9,0,154,12.54,12.54,0.0,115.604263,0.0
2019-02-15,9,0,157,250.0,250.0,0.0,2423.199052,0.0
2019-02-15,9,0,158,24.73,24.73,0.0,239.70285,0.0
2019-02-15,9,0,159,0.0,0.0,0.0,0.0,0.0
2019-02-15,9,0,160,0.5,0.5,0.0,5.669618,0.0
2019-02-15,9,0,161,8.59,8.59,0.0,56.029531,0.0
2019-02-15,9,0,162,2.55,2.55,0.0,64.836638,0.0
2019-02-15,9,0,163,0.0,0.0,0.0,0.0,0.0
2019-02-15,9,0,164,2.3,2.3,0.0,16.849354,0.0
2019-02-15,9,0,167,0.73,0.73,0.0,18.555708,0.0
2019-02-15,9,0,168,0.36,0.36,0.0,9.15076,0.0
2019-02-15,9,0,169,0.0,0.0,0.0,0.0,0.0
2019-02-15,9,0,170,0.8,0.8,0.0,20.335023,0.0
2019-02-15,9,0,172,1.11,1.11,0.0,26.40181,0.0
2019-02-15,9,0,173,1.69,1.69,0.0,40.197351,0.0
2019-02-15,9,0,188,1.45,1.45,0.0,35.929721,0.0
2019-02-15,9,0,190,0.96,0.96,0.0,24.683648,0.0
2019-02-15,9,0,191,2.48,2.48,0.0,63.766091,0.0
2019-02-15,9,0,192,42.83,42.83,0.0,1101.250671,0.0
2019-02-15,9,0,194,87.28,87.28,0.0,-77.968464,0.0
2019-02-15,9,0,196,0.82,0.82,0.0,19.145728,0.0
2019-02-15,9,0,198,2.3,2.3,0.0,25.904998,0.0
2019-02-15,9,0,199,23.24,23.24,0.0,174.889117,0.0
2019-02-15,9,0,200,4.13,4.13,0.0,31.079692,0.0
2019-02-15,9,0,204,418.92,418.92,0.0,4218.096289,0.0
2019-02-15,9,0,205,1008.7,1008.7,0.0,10330.349818,0.0
2019-02-15,9,0,206,418.15,418.15,0.0,3048.392326,0.0
2019-02-15,9,0,210,0.64,0.64,0.0,4.393501,0.0
2019-02-15,9,0,214,3.46,3.46,0.0,56.022262,0.0
2019-02-15,9,0,217,2.39,2.39,0.0,28.977897,0.0
2019-02-15,9,0,218,3.3,3.3,0.0,40.011322,0.0
2019-02-15,9,0,219,2.25,2.25,0.0,27.280447,0.0
2019-02-15,9,0,221,1.85,1.85,0.0,29.954099,0.0
2019-02-15,9,0,225,1.89,1.89,0.0,11.815477,0.0
2019-02-15,9,0,233,1.68,1.68,0.0,25.714451,0.0
2019-02-15,9,0,236,0.0,0.0,0.0,0.0,0.0
2019-02-15,9,0,237,0.0,0.0,0.0,0.0,0.0
2019-02-15,9,0,238,17.2,17.2,0.0,232.021533,0.0
2019-02-15,9,0,240,2.29,2.29,0.0,25.468605,0.0
2019-02-15,9,0,245,2.11,2.11,0.0,29.612407,0.0
2019-02-15,9,0,247,0.0,0.0,0.0,0.0,0.0
2019-02-15,9,0,248,0.0,0.0,0.0,0.0,0.0
2019-02-15,9,0,249,4.05,4.05,0.0,56.83898,0.0
2019-02-15,9,0,251,17.38,17.38,0.0,237.313973,0.0
2019-02-15,9,0,252,23.1,23.1,0.0,317.697327,0.0
2019-02-15,9,0,254,3.55,3.55,0.0,39.51954,0.0
2019-02-15,9,0,255,1.63,1.63,0.0,18.145592,0.0
2019-02-15,9,0,258,2.81,2.81,0.0,31.225214,0.0
2019-02-15,9,0,260,1.22,1.22,0.0,13.833868,0.0
2019-02-15,9,0,265,12.98,12.98,0.0,119.660553,0.0
2019-02-15,9,0,266,7.46,7.46,0.0,68.772552,0.0
2019-02-15,9,0,267,9.17,9.17,0.0,84.53677,0.0
2019-02-15,9,0,270,0.0,0.0,0.0,0.0,0.0
2019-02-15,9,0,272,174.18,174.18,0.0,476.995809,0.0
2019-02-15,9,0,273,3.27,3.27,0.0,63.440628,0.0
2019-02-15,9,0,274,0.0,0.0,0.0,0.0,0.0
2019-02-15,9,0,275,0.0,0.0,0.0,0.0,0.0
2019-02-15,9,0,276,0.85,0.85,0.0,14.648229,0.0
2019-02-15,9,0,277,1.29,1.29,0.0,4.237844,0.0
2019-02-15,9,0,278,2.06,2.06,0.0,6.767409,0.0
2019-02-15,9,0,279,165.56,165.56,0.0,543.88946,0.0
2019-02-15,9,0,281,17.67,17.67,0.0,129.44699,0.0
2019-02-15,9,0,282,37.57,37.57,0.0,275.230527,0.0
2019-02-15,10,0,9,1.46,1.46,0.0,5.771511,0.0
2019-02-15,10,0,17,28.58,28.58,0.0,247.58345,0.0
2019-02-15,10,0,19,16.34,16.34,0.0,141.55051,0.0
2019-02-15,10,0,20,20.24,20.24,0.0,175.335515,0.0
2019-02-15,10,0,21,33.44,33.44,0.0,132.191313,0.0
2019-02-15,10,0,22,118.85,118.85,0.0,469.824688,0.0
2019-02-15,10,0,23,108.8,108.8,0.0,430.096138,0.0
2019-02-15,10,0,24,192.5,192.5,0.0,760.969729,0.0
2019-02-15,10,0,29,4.86,4.86,0.0,41.713065,0.0
2019-02-15,10,0,30,256.38,256.38,0.0,1006.152755,0.0
2019-02-15,10,0,31,103.87,103.87,0.0,407.633539,0.0
2019-02-15,10,0,32,1.83,1.83,0.0,46.618262,0.0
2019-02-15,10,0,33,1.42,1.42,0.0,13.569946,0.0
2019-02-15,10,0,34,2.28,2.28,0.0,21.788363,0.0
2019-02-15,10,0,35,2.28,2.28,0.0,21.788363,0.0
2019-02-15,10,0,36,5.44,5.44,0.0,39.33375,0.0
2019-02-15,10,0,37,2.6,2.6,0.0,18.731115,0.0
2019-02-15,10,0,38,3.35,3.35,0.0,24.134321,0.0
2019-02-15,10,0,39,2.23,2.23,0.0,16.065533,0.0
2019-02-15,10,0,40,2.23,2.23,0.0,16.065533,0.0
2019-02-15,10,0,41,9.54,9.54,0.0,52.083703,0.0
2019-02-15,10,0,42,35.59,35.59,0.0,301.416949,0.0
2019-02-15,10,0,43,16.65,16.65,0.0,123.07721,0.0
2019-02-15,10,0,46,14.53,14.53,0.0,100.108608,0.0
2019-02-15,10,0,52,110.17,110.17,0.0,432.357629,0.0
2019-02-15,10,0,53,175.67,175.67,0.0,689.409683,0.0
2019-02-15,10,0,55,186.9,186.9,0.0,738.832428,0.0
2019-02-15,10,0,56,75.62,75.62,0.0,296.767577,0.0
2019-02-15,10,0,57,71.93,71.93,0.0,282.286324,0.0
2019-02-15,10,0,58,138.33,138.33,0.0,542.87039,0.0
2019-02-15,10,0,59,136.03,136.03,0.0,533.844135,0.0
2019-02-15,10,0,63,0.0,0.0,0.0,0.0,0.0
2019-02-15,10,0,64,0.0,0.0,0.0,0.0,0.0
2019-02-15,10,0,65,2.52,2.52,0.0,21.739648,0.0
2019-02-15,10,0,67,150.23,150.23,0.0,312.396297,0.0
2019-02-15,10,0,68,34.0,34.0,0.0,51.03731,0.0
2019-02-15,10,0,69,1.42,1.42,0.0,13.569946,0.0
2019-02-15,10,0,74,0.0,0.0,0.0,0.0,0.0
2019-02-15,10,0,77,60.0,60.0,0.0,72.245011,0.0
2019-02-15,10,0,78,45.36,45.36,0.0,54.617229,0.0
2019-02-15,10,0,79,26.25,26.25,0.0,31.607193,0.0
2019-02-15,10,0,80,42.45,42.45,0.0,51.113346,0.0
2019-02-15,10,0,81,55.5,55.5,0.0,66.826636,0.0
2019-02-15,10,0,82,39.15,39.15,0.0,47.13987,0.0
2019-02-15,10,0,83,87.3,87.3,0.0,105.116492,0.0
2019-02-15,10,0,84,0.0,0.0,0.0,0.0,0.0
2019-02-15,10,0,86,7.21,7.21,0.0,68.900921,0.0
2019-02-15,10,0,87,36.81,36.81,0.0,351.767394,0.0
2019-02-15,10,0,88,103.48,103.48,0.0,124.598563,0.0
2019-02-15,10,0,89,99.0,99.0,0.0,119.204269,0.0
2019-02-15,10,0,90,137.47,137.47,0.0,165.525362,0.0
2019-02-15,10,0,91,509.29,509.29,0.0,613.227698,0.0
2019-02-15,10,0,92,180.45,180.45,0.0,217.276872,0.0
2019-02-15,10,0,95,24.52,24.52,0.0,623.143763,0.0
2019-02-15,10,0,96,29.88,29.88,0.0,116.368764,0.0
2019-02-15,10,0,97,183.75,183.75,0.0,715.621166,0.0
2019-02-15,10,0,99,0.0,0.0,0.0,0.0,0.0
2019-02-15,10,0,101,5.16,5.16,0.0,20.250208,0.0
2019-02-15,10,0,102,80.5,80.5,0.0,120.838337,0.0
2019-02-15,10,0,103,70.0,70.0,0.0,105.076815,0.0
2019-02-15,10,0,104,13.0,13.0,0.0,19.514266,0.0
2019-02-15,10,0,106,117.0,117.0,0.0,462.511472,0.0
2019-02-15,10,0,109,171.07,171.07,0.0,1097.783405,0.0
2019-02-15,10,0,110,145.25,145.25,0.0,559.294404,0.0
2019-02-15,10,0,111,9.23,9.23,0.0,50.391256,0.0
2019-02-15,10,0,113,133.77,133.77,0.0,64.264388,0.0
2019-02-15,10,0,115,133.77,133.77,0.0,64.264388,0.0
2019-02-15,10,0,116,60.44,60.44,0.0,232.728081,0.0
2019-02-15,10,0,117,8.92,8.92,0.0,4.285253,0.0
2019-02-15,10,0,119,0.0,0.0,0.0,0.0,0.0
2019-02-15,10,0,120,0.0,0.0,0.0,0.0,0.0
2019-02-15,10,0,123,1.95,1.95,0.0,7.708525,0.0
2019-02-15,10,0,125,174.2,174.2,0.0,688.628192,0.0
2019-02-15,10,0,126,87.75,87.75,0.0,346.883604,0.0
2019-02-15,10,0,127,112.61,112.61,0.0,445.157409,0.0
2019-02-15,10,0,128,249.5,249.5,0.0,986.295831,0.0
2019-02-15,10,0,131,40.31,40.31,0.0,54.282907,0.0
2019-02-15,10,0,132,65.03,65.03,0.0,87.571755,0.0
2019-02-15,10,0,133,0.0,0.0,0.0,0.0,0.0
2019-02-15,10,0,134,0.0,0.0,0.0,0.0,0.0
2019-02-15,10,0,135,0.0,0.0,0.0,0.0,0.0
2019-02-15,10,0,136,8.57,8.57,0.0,73.915131,0.0
2019-02-15,10,0,139,12.32,12.32,0.0,67.261134,0.0
2019-02-15,10,0,140,107.5,107.5,0.0,413.935618,0.0
2019-02-15,10,0,141,230.0,230.0,0.0,478.274302,0.0
2019-02-15,10,0,142,198.11,198.11,0.0,411.96053,0.0
2019-02-15,10,0,143,238.5,238.5,0.0,935.983431,0.0
2019-02-15,10,0,145,52.0,52.0,0.0,252.19967,0.0
2019-02-15,10,0,146,184.94,184.94,0.0,712.123285,0.0
2019-02-15,10,0,152,4.05,4.05,0.0,30.943123,0.0
2019-02-15,10,0,153,5.04,5.04,0.0,38.274062,0.0
2019-02-15,10,0,154,38.08,38.08,0.0,207.898051,0.0
2019-02-15,10,0,157,250.0,250.0,0.0,519.863371,0.0
2019-02-15,10,0,158,131.49,131.49,0.0,273.427339,0.0
2019-02-15,10,0,159,0.0,0.0,0.0,0.0,0.0
2019-02-15,10,0,160,1.31,1.31,0.0,10.481715,0.0
2019-02-15,10,0,161,29.84,29.84,0.0,44.792745,0.0
2019-02-15,10,0,162,6.29,6.29,0.0,159.996611,0.0
2019-02-15,10,0,163,0.0,0.0,0.0,0.0,0.0
2019-02-15,10,0,164,9.65,9.65,0.0,37.871028,0.0
2019-02-15,10,0,167,1.93,1.93,0.0,48.993887,0.0
2019-02-15,10,0,168,0.97,0.97,0.0,24.623871,0.0
2019-02-15,10,0,169,0.0,0.0,0.0,0.0,0.0
2019-02-15,10,0,170,2.12,2.12,0.0,53.817119,0.0
2019-02-15,10,0,172,3.1,3.1,0.0,73.418125,0.0
2019-02-15,10,0,173,4.72,4.72,0.0,111.785016,0.0
2019-02-15,10,0,188,4.09,4.09,0.0,100.651985,0.0
2019-02-15,10,0,190,4.77,4.77,0.0,127.733416,0.0
2019-02-15,10,0,191,12.31,12.31,0.0,329.64326,0.0
2019-02-15,10,0,192,34.66,34.66,0.0,928.142598,0.0
2019-02-15,10,0,194,46.61,46.61,0.0,-29.144745,0.0
2019-02-15,10,0,196,3.0,3.0,0.0,81.096929,0.0
2019-02-15,10,0,198,5.8,5.8,0.0,51.84282,0.0
2019-02-15,10,0,199,27.88,27.88,0.0,223.81777,0.0
2019-02-15,10,0,200,10.19,10.19,0.0,81.804271,0.0
2019-02-15,10,0,204,257.1,257.1,0.0,1619.066215,0.0
2019-02-15,10,0,205,1010.31,1010.31,0.0,6483.319996,0.0
2019-02-15,10,0,206,539.94,539.94,0.0,2102.816285,0.0
2019-02-15,10,0,210,1.48,1.48,0.0,13.039965,0.0
2019-02-15,10,0,214,7.77,7.77,0.0,78.361171,0.0
2019-02-15,10,0,217,5.35,5.35,0.0,51.016432,0.0
2019-02-15,10,0,218,7.38,7.38,0.0,70.374069,0.0
2019-02-15,10,0,219,5.03,5.03,0.0,47.964982,0.0
2019-02-15,10,0,221,4.15,4.15,0.0,41.853135,0.0
2019-02-15,10,0,225,4.34,4.34,0.0,37.154439,0.0
2019-02-15,10,0,233,4.08,4.08,0.0,38.989703,0.0
2019-02-15,10,0,236,0.0,0.0,0.0,0.0,0.0
2019-02-15,10,0,237,0.0,0.0,0.0,0.0,0.0
2019-02-15,10,0,238,46.32,46.32,0.0,392.290899,0.0
2019-02-15,10,0,240,6.16,6.16,0.0,44.539687,0.0
2019-02-15,10,0,245,0.0,0.0,0.0,0.0,0.0
2019-02-15,10,0,247,0.0,0.0,0.0,0.0,0.0
2019-02-15,10,0,248,0.0,0.0,0.0,0.0,0.0
2019-02-15,10,0,249,0.0,0.0,0.0,0.0,0.0
2019-02-15,10,0,251,10.3,10.3,0.0,88.248089,0.0
2019-02-15,10,0,252,16.24,16.24,0.0,140.099955,0.0
2019-02-15,10,0,254,9.07,9.07,0.0,68.432386,0.0
2019-02-15,10,0,255,4.16,4.16,0.0,31.38685,0.0
2019-02-15,10,0,258,7.58,7.58,0.0,55.004735,0.0
2019-02-15,10,0,260,3.19,3.19,0.0,25.524177,0.0
2019-02-15,10,0,265,39.42,39.42,0.0,215.213792,0.0
2019-02-15,10,0,266,7.98,7.98,0.0,43.566871,0.0
2019-02-15,10,0,267,9.8,9.8,0.0,53.503175,0.0
2019-02-15,10,0,270,0.0,0.0,0.0,0.0,0.0
2019-02-15,10,0,272,447.06,447.06,0.0,214.771902,0.0
2019-02-15,10,0,273,14.45,14.45,0.0,55.640648,0.0
2019-02-15,10,0,274,0.0,0.0,0.0,0.0,0.0
2019-02-15,10,0,275,0.0,0.0,0.0,0.0,0.0
2019-02-15,10,0,276,3.22,3.22,0.0,11.125462,0.0
2019-02-15,10,0,277,4.02,4.02,0.0,3.097579,0.0
2019-02-15,10,0,278,6.44,6.44,0.0,4.962291,0.0
2019-02-15,10,0,279,261.23,261.23,0.0,201.288722,0.0
2019-02-15,10,0,281,46.3,46.3,0.0,181.702444,0.0
2019-02-15,10,0,282,140.64,140.64,0.0,551.93589,0.0
2019-02-15,11,0,9,2.28,2.28,0.0,-219.134533,0.0
2019-02-15,11,0,17,44.13,44.13,0.0,546.829097,0.0
2019-02-15,11,0,19,28.95,28.95,0.0,358.728809,0.0
2019-02-15,11,0,20,35.11,35.11,0.0,435.059361,0.0
2019-02-15,11,0,21,52.14,52.14,0.0,-5011.260773,0.0
2019-02-15,11,0,22,185.29,185.29,0.0,-17808.525291,0.0
2019-02-15,11,0,23,61.07,61.07,0.0,-5869.537695,0.0
2019-02-15,11,0,24,108.0,108.0,0.0,-10380.056837,0.0
2019-02-15,11,0,29,7.29,7.29,0.0,43.431982,0.0
2019-02-15,11,0,30,405.16,405.16,0.0,-103600.68623,0.0
2019-02-15,11,0,31,119.91,119.91,0.0,-30661.364118,0.0
2019-02-15,11,0,32,2.86,2.86,0.0,64.122076,0.0
2019-02-15,11,0,33,2.22,2.22,0.0,31.950969,0.0
2019-02-15,11,0,34,3.55,3.55,0.0,51.092765,0.0
2019-02-15,11,0,35,3.55,3.55,0.0,51.092765,0.0
2019-02-15,11,0,36,8.42,8.42,0.0,76.64038,0.0
2019-02-15,11,0,37,4.1,4.1,0.0,37.056413,0.0
2019-02-15,11,0,38,5.27,5.27,0.0,47.631048,0.0
2019-02-15,11,0,39,3.51,3.51,0.0,31.723905,0.0
2019-02-15,11,0,40,3.51,3.51,0.0,31.723905,0.0
2019-02-15,11,0,41,11.05,11.05,0.0,48.439751,0.0
2019-02-15,11,0,42,55.45,55.45,0.0,663.047565,0.0
2019-02-15,11,0,43,26.12,26.12,0.0,240.95041,0.0
2019-02-15,11,0,46,22.71,22.71,0.0,194.525817,0.0
2019-02-15,11,0,52,127.48,127.48,0.0,-32597.036925,0.0
2019-02-15,11,0,53,207.62,207.62,0.0,-53089.086966,0.0
2019-02-15,11,0,55,460.54,460.54,0.0,-44263.25348,0.0
2019-02-15,11,0,56,119.51,119.51,0.0,-30559.08286,0.0
2019-02-15,11,0,57,113.68,113.68,0.0,-29068.333524,0.0
2019-02-15,11,0,58,218.61,218.61,0.0,-55899.26453,0.0
2019-02-15,11,0,59,214.97,214.97,0.0,-54968.505082,0.0
2019-02-15,11,0,63,1.06,1.06,0.0,25.474645,0.0
2019-02-15,11,0,64,1.25,1.25,0.0,30.040855,0.0
2019-02-15,11,0,65,5.54,5.54,0.0,68.201552,0.0
2019-02-15,11,0,67,236.95,236.95,0.0,1884.670844,0.0
2019-02-15,11,0,68,33.99,33.99,0.0,333.549344,0.0
2019-02-15,11,0,69,2.22,2.22,0.0,31.950969,0.0
2019-02-15,11,0,74,0.0,0.0,0.0,0.0,0.0
2019-02-15,11,0,77,60.0,60.0,0.0,701.446183,0.0
2019-02-15,11,0,78,45.36,45.36,0.0,530.293315,0.0
2019-02-15,11,0,79,26.25,26.25,0.0,306.882705,0.0
2019-02-15,11,0,80,42.45,42.45,0.0,496.273175,0.0
2019-02-15,11,0,81,55.5,55.5,0.0,648.83772,0.0
2019-02-15,11,0,82,39.15,39.15,0.0,457.693635,0.0
2019-02-15,11,0,83,87.3,87.3,0.0,1020.604197,0.0
2019-02-15,11,0,84,0.0,0.0,0.0,0.0,0.0
2019-02-15,11,0,86,11.25,11.25,0.0,161.913693,0.0
2019-02-15,11,0,87,57.42,57.42,0.0,826.40749,0.0
2019-02-15,11,0,88,51.18,51.18,0.0,598.333594,0.0
2019-02-15,11,0,89,49.2,49.2,0.0,575.18587,0.0
2019-02-15,11,0,90,66.06,66.06,0.0,772.292248,0.0
2019-02-15,11,0,91,235.65,235.65,0.0,2754.929885,0.0
2019-02-15,11,0,92,84.75,84.75,0.0,990.792734,0.0
2019-02-15,11,0,95,19.5,19.5,0.0,437.379864,0.0
2019-02-15,11,0,96,31.88,31.88,0.0,525.959961,0.0
2019-02-15,11,0,97,234.28,234.28,0.0,3865.178787,0.0
2019-02-15,11,0,99,0.0,0.0,0.0,0.0,0.0
2019-02-15,11,0,101,8.16,8.16,0.0,-2086.537663,0.0
2019-02-15,11,0,102,80.49,80.49,0.0,789.861332,0.0
2019-02-15,11,0,103,69.99,69.99,0.0,686.823141,0.0
2019-02-15,11,0,104,12.99,12.99,0.0,127.472962,0.0
2019-02-15,11,0,106,182.4,182.4,0.0,-17530.762659,0.0
2019-02-15,11,0,109,83.48,83.48,0.0,665.591832,0.0
2019-02-15,11,0,110,116.99,116.99,0.0,264.415264,0.0
2019-02-15,11,0,111,14.13,14.13,0.0,61.94151,0.0
2019-02-15,11,0,113,84.2,84.2,0.0,925.074187,0.0
2019-02-15,11,0,115,84.2,84.2,0.0,925.074187,0.0
2019-02-15,11,0,116,92.19,92.19,0.0,208.363477,0.0
2019-02-15,11,0,117,5.66,5.66,0.0,62.184322,0.0
2019-02-15,11,0,119,1.25,1.25,0.0,30.040855,0.0
2019-02-15,11,0,120,0.73,0.73,0.0,17.543859,0.0
2019-02-15,11,0,123,3.04,3.04,0.0,-292.179378,0.0
2019-02-15,11,0,125,97.74,97.74,0.0,-9393.951438,0.0
2019-02-15,11,0,126,136.8,136.8,0.0,-13148.071994,0.0
2019-02-15,11,0,127,175.56,175.56,0.0,-16873.359059,0.0
2019-02-15,11,0,128,139.96,139.96,0.0,-13451.784768,0.0
2019-02-15,11,0,131,30.0,30.0,0.0,309.291567,0.0
2019-02-15,11,0,132,44.1,44.1,0.0,454.658603,0.0
2019-02-15,11,0,133,2.52,2.52,0.0,31.245265,0.0
2019-02-15,11,0,134,0.0,0.0,0.0,0.0,0.0
2019-02-15,11,0,135,3.38,3.38,0.0,41.908331,0.0
2019-02-15,11,0,136,12.48,12.48,0.0,153.58295,0.0
2019-02-15,11,0,139,14.28,14.28,0.0,62.599063,0.0
2019-02-15,11,0,140,86.59,86.59,0.0,195.706622,0.0
2019-02-15,11,0,141,230.0,230.0,0.0,1829.391408,0.0
2019-02-15,11,0,142,312.48,312.48,0.0,2485.427074,0.0
2019-02-15,11,0,143,238.5,238.5,0.0,-60985.200084,0.0
2019-02-15,11,0,145,100.0,100.0,0.0,573.849117,0.0
2019-02-15,11,0,146,63.41,63.41,0.0,143.316282,0.0
2019-02-15,11,0,152,6.47,6.47,0.0,65.547256,0.0
2019-02-15,11,0,153,8.12,8.12,0.0,81.4386,0.0
2019-02-15,11,0,154,58.3,58.3,0.0,255.569004,0.0
2019-02-15,11,0,157,250.0,250.0,0.0,1988.468921,0.0
2019-02-15,11,0,158,216.66,216.66,0.0,1723.286706,0.0
2019-02-15,11,0,159,0.0,0.0,0.0,0.0,0.0
2019-02-15,11,0,160,2.07,2.07,0.0,20.500741,0.0
2019-02-15,11,0,161,46.16,46.16,0.0,452.975514,0.0
2019-02-15,11,0,162,3.71,3.71,0.0,83.294533,0.0
2019-02-15,11,0,163,3.36,3.36,0.0,7.594113,0.0
2019-02-15,11,0,164,15.63,15.63,0.0,-3996.640156,0.0
2019-02-15,11,0,167,2.95,2.95,0.0,66.045805,0.0
2019-02-15,11,0,168,1.47,1.47,0.0,32.91096,0.0
2019-02-15,11,0,169,0.0,0.0,0.0,0.0,0.0
2019-02-15,11,0,170,3.22,3.22,0.0,72.090675,0.0
2019-02-15,11,0,172,4.74,4.74,0.0,100.443307,0.0
2019-02-15,11,0,173,7.22,7.22,0.0,152.995924,0.0
2019-02-15,11,0,188,6.33,6.33,0.0,138.516923,0.0
2019-02-15,11,0,190,7.3,7.3,0.0,175.438593,0.0
2019-02-15,11,0,191,18.85,18.85,0.0,453.016092,0.0
2019-02-15,11,0,192,37.56,37.56,0.0,902.667608,0.0
2019-02-15,11,0,194,52.95,52.95,0.0,620.236889,0.0
2019-02-15,11,0,196,4.6,4.6,0.0,120.725151,0.0
2019-02-15,11,0,198,9.17,9.17,0.0,96.435813,0.0
2019-02-15,11,0,199,44.14,44.14,0.0,529.44942,0.0
2019-02-15,11,0,200,15.9,15.9,0.0,190.716941,0.0
2019-02-15,11,0,204,255.32,255.32,0.0,1988.498933,0.0
2019-02-15,11,0,205,545.8,545.8,0.0,4351.701268,0.0
2019-02-15,11,0,206,895.48,895.48,0.0,14773.733567,0.0
2019-02-15,11,0,210,2.18,2.18,0.0,14.418968,0.0
2019-02-15,11,0,214,12.02,12.02,0.0,187.209701,0.0
2019-02-15,11,0,217,8.21,8.21,0.0,95.854845,0.0
2019-02-15,11,0,218,11.34,11.34,0.0,132.398775,0.0
2019-02-15,11,0,219,7.72,7.72,0.0,90.13391,0.0
2019-02-15,11,0,221,6.41,6.41,0.0,99.834791,0.0
2019-02-15,11,0,225,6.6,6.6,0.0,38.902722,0.0
2019-02-15,11,0,233,6.36,6.36,0.0,91.535208,0.0
2019-02-15,11,0,236,0.0,0.0,0.0,0.0,0.0
2019-02-15,11,0,237,0.0,0.0,0.0,0.0,0.0
2019-02-15,11,0,238,72.18,72.18,0.0,863.097804,0.0
2019-02-15,11,0,240,9.54,9.54,0.0,86.834825,0.0
2019-02-15,11,0,245,5.81,5.81,0.0,73.715054,0.0
2019-02-15,11,0,247,7.26,7.26,0.0,92.112099,0.0
2019-02-15,11,0,248,0.0,0.0,0.0,0.0,0.0
2019-02-15,11,0,249,11.17,11.17,0.0,141.720681,0.0
2019-02-15,11,0,251,28.09,28.09,0.0,342.092958,0.0
2019-02-15,11,0,252,35.75,35.75,0.0,440.109293,0.0
2019-02-15,11,0,254,14.61,14.61,0.0,137.262861,0.0
2019-02-15,11,0,255,6.7,6.7,0.0,62.947376,0.0
2019-02-15,11,0,258,11.67,11.67,0.0,106.453485,0.0
2019-02-15,11,0,260,5.02,5.02,0.0,49.716772,0.0
2019-02-15,11,0,265,60.36,60.36,0.0,264.599401,0.0
2019-02-15,11,0,266,9.24,9.24,0.0,40.505276,0.0
2019-02-15,11,0,267,11.36,11.36,0.0,49.798694,0.0
2019-02-15,11,0,270,11.36,11.36,0.0,25.675335,0.0
2019-02-15,11,0,272,281.17,281.17,0.0,3089.11056,0.0
2019-02-15,11,0,273,22.05,22.05,0.0,49.836367,0.0
2019-02-15,11,0,274,14.84,14.84,0.0,33.540666,0.0
2019-02-15,11,0,275,20.93,20.93,0.0,47.304996,0.0
2019-02-15,11,0,276,4.93,4.93,0.0,17.410003,0.0
2019-02-15,11,0,277,6.2,6.2,0.0,69.867369,0.0
2019-02-15,11,0,278,9.92,9.92,0.0,111.787791,0.0
2019-02-15,11,0,279,264.6,264.6,0.0,2981.759026,0.0
2019-02-15,11,0,281,52.29,52.29,0.0,-13370.717452,0.0
2019-02-15,11,0,282,222.26,222.26,0.0,-56832.581009,0.0
2019-02-15,12,0,9,3.11,3.11,0.0,-1212.742364,0.0
2019-02-15,12,0,17,55.99,55.99,0.0,1403.5051,0.0
2019-02-15,12,0,19,67.27,67.27,0.0,1686.26162,0.0
2019-02-15,12,0,20,81.59,81.59,0.0,2045.222024,0.0
2019-02-15,12,0,21,71.05,71.05,0.0,-27705.898707,0.0
2019-02-15,12,0,22,252.51,252.51,0.0,-98466.10109,0.0
2019-02-15,12,0,23,46.17,46.17,0.0,-18003.959793,0.0
2019-02-15,12,0,24,77.3,77.3,0.0,-30143.081915,0.0
2019-02-15,12,0,29,9.19,9.19,0.0,43.70869,0.0
2019-02-15,12,0,30,553.73,553.73,0.0,-553730.0,0.0
2019-02-15,12,0,31,125.0,125.0,0.0,-125000.0,0.0
2019-02-15,12,0,32,3.75,3.75,0.0,102.78277,0.0
2019-02-15,12,0,33,2.96,2.96,0.0,87.424499,0.0
2019-02-15,12,0,34,4.74,4.74,0.0,139.99734,0.0
2019-02-15,12,0,35,4.74,4.74,0.0,139.99734,0.0
2019-02-15,12,0,36,11.52,11.52,0.0,72.677099,0.0
2019-02-15,12,0,37,5.57,5.57,0.0,35.654863,0.0
2019-02-15,12,0,38,7.16,7.16,0.0,45.832823,0.0
2019-02-15,12,0,39,4.77,4.77,0.0,30.533878,0.0
2019-02-15,12,0,40,4.77,4.77,0.0,30.533878,0.0
2019-02-15,12,0,41,13.43,13.43,0.0,-110.872317,0.0
2019-02-15,12,0,42,71.67,71.67,0.0,1727.140234,0.0
2019-02-15,12,0,43,36.04,36.04,0.0,274.607105,0.0
2019-02-15,12,0,46,30.1,30.1,0.0,164.500332,0.0
2019-02-15,12,0,52,132.5,132.5,0.0,-132500.0,0.0
2019-02-15,12,0,53,210.5,210.5,0.0,-210500.0,0.0
2019-02-15,12,0,55,623.0,623.0,0.0,-242938.422158,0.0
2019-02-15,12,0,56,163.33,163.33,0.0,-163330.0,0.0
2019-02-15,12,0,57,155.36,155.36,0.0,-155360.0,0.0
2019-02-15,12,0,58,298.78,298.78,0.0,-298780.0,0.0
2019-02-15,12,0,59,293.8,293.8,0.0,-293800.0,0.0
2019-02-15,12,0,63,2.97,2.97,0.0,89.865337,0.0
2019-02-15,12,0,64,3.49,3.49,0.0,105.599335,0.0
2019-02-15,12,0,65,10.36,10.36,0.0,257.830835,0.0
2019-02-15,12,0,67,323.9,323.9,0.0,4077.422518,0.0
2019-02-15,12,0,68,34.0,34.0,0.0,543.001884,0.0
2019-02-15,12,0,69,2.96,2.96,0.0,87.424499,0.0
2019-02-15,12,0,74,0.0,0.0,0.0,0.0,0.0
2019-02-15,12,0,77,60.0,60.0,0.0,1627.791271,0.0
2019-02-15,12,0,78,45.36,45.36,0.0,1230.610201,0.0
2019-02-15,12,0,79,26.25,26.25,0.0,712.158681,0.0
2019-02-15,12,0,80,42.45,42.45,0.0,1151.662325,0.0
2019-02-15,12,0,81,55.5,55.5,0.0,1505.706926,0.0
2019-02-15,12,0,82,39.15,39.15,0.0,1062.133805,0.0
2019-02-15,12,0,83,87.3,87.3,0.0,2368.4363,0.0
2019-02-15,12,0,84,0.0,0.0,0.0,0.0,0.0
2019-02-15,12,0,86,15.0,15.0,0.0,443.029557,0.0
2019-02-15,12,0,87,76.58,76.58,0.0,2261.813567,0.0
2019-02-15,12,0,88,51.18,51.18,0.0,1388.505955,0.0
2019-02-15,12,0,89,49.2,49.2,0.0,1334.788843,0.0
2019-02-15,12,0,90,66.06,66.06,0.0,1792.19819,0.0
2019-02-15,12,0,91,235.65,235.65,0.0,6393.150219,0.0
2019-02-15,12,0,92,84.75,84.75,0.0,2299.255171,0.0
2019-02-15,12,0,95,27.42,27.42,0.0,752.22678,0.0
2019-02-15,12,0,96,29.88,29.88,0.0,1214.649128,0.0
2019-02-15,12,0,97,183.76,183.76,0.0,7470.010836,0.0
2019-02-15,12,0,99,0.0,0.0,0.0,0.0,0.0
2019-02-15,12,0,101,11.15,11.15,0.0,-11150.0,0.0
2019-02-15,12,0,102,80.5,80.5,0.0,1285.636813,0.0
2019-02-15,12,0,103,70.0,70.0,0.0,1117.945055,0.0
2019-02-15,12,0,104,13.0,13.0,0.0,207.618367,0.0
2019-02-15,12,0,106,248.58,248.58,0.0,-96933.600289,0.0
2019-02-15,12,0,109,60.0,60.0,0.0,194.801125,0.0
2019-02-15,12,0,110,98.14,98.14,0.0,218.988918,0.0
2019-02-15,12,0,111,19.22,19.22,0.0,-158.672072,0.0
2019-02-15,12,0,113,45.0,45.0,0.0,1114.799051,0.0
2019-02-15,12,0,115,45.0,45.0,0.0,1114.799051,0.0
2019-02-15,12,0,116,120.7,120.7,0.0,269.329147,0.0
2019-02-15,12,0,117,3.0,3.0,0.0,74.319937,0.0
2019-02-15,12,0,119,3.49,3.49,0.0,105.599335,0.0
2019-02-15,12,0,120,2.05,2.05,0.0,62.028263,0.0
2019-02-15,12,0,123,4.14,4.14,0.0,-1614.390157,0.0
2019-02-15,12,0,125,70.73,70.73,0.0,-27581.114927,0.0
2019-02-15,12,0,126,186.43,186.43,0.0,-72698.25047,0.0
2019-02-15,12,0,127,239.25,239.25,0.0,-93295.373196,0.0
2019-02-15,12,0,128,96.96,96.96,0.0,-37809.485413,0.0
2019-02-15,12,0,131,30.0,30.0,0.0,728.703965,0.0
2019-02-15,12,0,132,44.1,44.1,0.0,1071.194829,0.0
2019-02-15,12,0,133,9.65,9.65,0.0,242.06078,0.0
2019-02-15,12,0,134,0.0,0.0,0.0,0.0,0.0
2019-02-15,12,0,135,12.94,12.94,0.0,324.587201,0.0
2019-02-15,12,0,136,17.57,17.57,0.0,437.093616,0.0
2019-02-15,12,0,139,17.35,17.35,0.0,-143.234155,0.0
2019-02-15,12,0,140,72.64,72.64,0.0,162.088395,0.0
2019-02-15,12,0,141,230.0,230.0,0.0,2895.360232,0.0
2019-02-15,12,0,142,427.15,427.15,0.0,5377.187492,0.0
2019-02-15,12,0,143,238.5,238.5,0.0,-238500.0,0.0
2019-02-15,12,0,145,56.25,56.25,0.0,-126.391831,0.0
2019-02-15,12,0,146,58.71,58.71,0.0,131.005089,0.0
2019-02-15,12,0,152,8.87,8.87,0.0,208.644159,0.0
2019-02-15,12,0,153,11.09,11.09,0.0,260.886667,0.0
2019-02-15,12,0,154,79.27,79.27,0.0,-654.419104,0.0
2019-02-15,12,0,157,250.0,250.0,0.0,3147.130687,0.0
2019-02-15,12,0,158,303.93,303.93,0.0,3826.029719,0.0
2019-02-15,12,0,159,0.0,0.0,0.0,0.0,0.0
2019-02-15,12,0,160,2.82,2.82,0.0,31.205735,0.0
2019-02-15,12,0,161,63.07,63.07,0.0,1007.268494,0.0
2019-02-15,12,0,162,5.13,5.13,0.0,140.92653,0.0
2019-02-15,12,0,163,21.35,21.35,0.0,47.640243,0.0
2019-02-15,12,0,164,22.07,22.07,0.0,-22070.0,0.0
2019-02-15,12,0,167,3.82,3.82,0.0,104.51471,0.0
2019-02-15,12,0,168,1.91,1.91,0.0,52.257355,0.0
2019-02-15,12,0,169,0.0,0.0,0.0,0.0,0.0
2019-02-15,12,0,170,4.18,4.18,0.0,114.364263,0.0
2019-02-15,12,0,172,6.2,6.2,0.0,154.924004,0.0
2019-02-15,12,0,173,9.45,9.45,0.0,236.134167,0.0
2019-02-15,12,0,188,8.3,8.3,0.0,221.748369,0.0
2019-02-15,12,0,190,9.67,9.67,0.0,292.591854,0.0
2019-02-15,12,0,191,24.99,24.99,0.0,756.139651,0.0
2019-02-15,12,0,192,40.69,40.69,0.0,1231.18537,0.0
2019-02-15,12,0,194,52.95,52.95,0.0,1381.673482,0.0
2019-02-15,12,0,196,6.1,6.1,0.0,212.687719,0.0
2019-02-15,12,0,198,11.98,11.98,0.0,183.327932,0.0
2019-02-15,12,0,199,100.37,100.37,0.0,2300.658256,0.0
2019-02-15,12,0,200,20.78,20.78,0.0,476.314422,0.0
2019-02-15,12,0,204,256.35,256.35,0.0,749.598206,0.0
2019-02-15,12,0,205,317.4,317.4,0.0,1030.497949,0.0
2019-02-15,12,0,206,539.95,539.95,0.0,21949.457721,0.0
2019-02-15,12,0,210,2.71,2.71,0.0,17.625687,0.0
2019-02-15,12,0,214,15.25,15.25,0.0,487.539763,0.0
2019-02-15,12,0,217,10.21,10.21,0.0,211.687865,0.0
2019-02-15,12,0,218,14.09,14.09,0.0,292.133401,0.0
2019-02-15,12,0,219,9.59,9.59,0.0,198.833166,0.0
2019-02-15,12,0,221,8.13,8.13,0.0,259.914641,0.0
2019-02-15,12,0,225,8.06,8.06,0.0,36.973808,0.0
2019-02-15,12,0,233,8.49,8.49,0.0,250.754729,0.0
2019-02-15,12,0,236,4.86,4.86,0.0,114.205255,0.0
2019-02-15,12,0,237,0.0,0.0,0.0,0.0,0.0
2019-02-15,12,0,238,93.29,93.29,0.0,2248.150027,0.0
2019-02-15,12,0,240,13.05,13.05,0.0,82.329526,0.0
2019-02-15,12,0,245,19.09,19.09,0.0,491.160691,0.0
2019-02-15,12,0,247,23.25,23.25,0.0,598.192041,0.0
2019-02-15,12,0,248,0.0,0.0,0.0,0.0,0.0
2019-02-15,12,0,249,36.71,36.71,0.0,944.500208,0.0
2019-02-15,12,0,251,62.48,62.48,0.0,1536.492273,0.0
2019-02-15,12,0,252,66.81,66.81,0.0,1662.710242,0.0
2019-02-15,12,0,254,19.54,19.54,0.0,165.78364,0.0
2019-02-15,12,0,255,8.96,8.96,0.0,76.01952,0.0
2019-02-15,12,0,258,16.06,16.06,0.0,104.718749,0.0
2019-02-15,12,0,260,6.86,6.86,0.0,75.911822,0.0
2019-02-15,12,0,265,82.07,82.07,0.0,-677.534702,0.0
2019-02-15,12,0,266,11.23,11.23,0.0,-92.710061,0.0
2019-02-15,12,0,267,13.8,13.8,0.0,-113.926878,0.0
2019-02-15,12,0,270,66.67,66.67,0.0,148.766978,0.0
2019-02-15,12,0,272,150.39,150.39,0.0,3725.658428,0.0
2019-02-15,12,0,273,28.86,28.86,0.0,64.398005,0.0
2019-02-15,12,0,274,85.94,85.94,0.0,191.765923,0.0
2019-02-15,12,0,275,119.63,119.63,0.0,266.941556,0.0
2019-02-15,12,0,276,6.53,6.53,0.0,29.671808,0.0
2019-02-15,12,0,277,8.07,8.07,0.0,207.544971,0.0
2019-02-15,12,0,278,12.91,12.91,0.0,332.020517,0.0
2019-02-15,12,0,279,264.6,264.6,0.0,6805.006104,0.0
2019-02-15,12,0,281,56.1,56.1,0.0,-56100.0,0.0
2019-02-15,12,0,282,303.76,303.76,0.0,-303760.0,0.0
2019-02-15,13,0,9,3.7,3.7,0.0,-1460.456275,0.0
2019-02-15,13,0,17,61.26,61.26,0.0,1423.571192,0.0
2019-02-15,13,0,19,130.59,130.59,0.0,3034.674534,0.0
2019-02-15,13,0,20,158.37,158.37,0.0,3680.231303,0.0
2019-02-15,13,0,21,84.59,84.59,0.0,-33389.188192,0.0
2019-02-15,13,0,22,300.64,300.64,0.0,-118667.99312,0.0
2019-02-15,13,0,23,90.35,90.35,0.0,-35662.763366,0.0
2019-02-15,13,0,24,157.79,157.79,0.0,-62282.539364,0.0
2019-02-15,13,0,29,9.62,9.62,0.0,48.497214,0.0
2019-02-15,13,0,30,664.2,664.2,0.0,-664200.0,0.0
2019-02-15,13,0,31,125.0,125.0,0.0,-125000.0,0.0
2019-02-15,13,0,32,6.57,6.57,0.0,206.94512,0.0
2019-02-15,13,0,33,3.57,3.57,0.0,97.880099,0.0
2019-02-15,13,0,34,5.72,5.72,0.0,156.827497,0.0
2019-02-15,13,0,35,5.72,5.72,0.0,156.827497,0.0
2019-02-15,13,0,36,13.75,13.75,0.0,0.816009,0.0
2019-02-15,13,0,37,6.62,6.62,0.0,1.769636,0.0
2019-02-15,13,0,38,8.51,8.51,0.0,2.274864,0.0
2019-02-15,13,0,39,5.67,5.67,0.0,1.515685,0.0
2019-02-15,13,0,40,5.67,5.67,0.0,1.515685,0.0
2019-02-15,13,0,41,16.6,16.6,0.0,-251.678595,0.0
2019-02-15,13,0,42,81.86,81.86,0.0,1828.120313,0.0
2019-02-15,13,0,43,41.05,41.05,0.0,79.925464,0.0
2019-02-15,13,0,46,34.22,34.22,0.0,-23.424834,0.0
2019-02-15,13,0,52,132.5,132.5,0.0,-132500.0,0.0
2019-02-15,13,0,53,210.5,210.5,0.0,-210500.0,0.0
2019-02-15,13,0,55,623.0,623.0,0.0,-245909.259292,0.0
2019-02-15,13,0,56,195.91,195.91,0.0,-195910.0,0.0
2019-02-15,13,0,57,186.36,186.36,0.0,-186360.0,0.0
2019-02-15,13,0,58,358.38,358.38,0.0,-358380.0,0.0
2019-02-15,13,0,59,352.41,352.41,0.0,-352410.0,0.0
2019-02-15,13,0,63,6.39,6.39,0.0,246.407881,0.0
2019-02-15,13,0,64,7.52,7.52,0.0,289.982357,0.0
2019-02-15,13,0,65,17.39,17.39,0.0,401.185591,0.0
2019-02-15,13,0,67,396.02,396.02,0.0,-4115.567067,0.0
2019-02-15,13,0,68,34.0,34.0,0.0,70.382712,0.0
2019-02-15,13,0,69,3.57,3.57,0.0,97.880099,0.0
2019-02-15,13,0,74,15.06,15.06,0.0,152.008706,0.0
2019-02-15,13,0,77,60.0,60.0,0.0,807.487713,0.0
2019-02-15,13,0,78,45.36,45.36,0.0,610.460711,0.0
2019-02-15,13,0,79,26.25,26.25,0.0,353.275875,0.0
2019-02-15,13,0,80,42.45,42.45,0.0,571.297557,0.0
2019-02-15,13,0,81,55.5,55.5,0.0,746.926135,0.0
2019-02-15,13,0,82,39.15,39.15,0.0,526.885733,0.0
2019-02-15,13,0,83,87.3,87.3,0.0,1174.894623,0.0
2019-02-15,13,0,84,0.0,0.0,0.0,0.0,0.0
2019-02-15,13,0,86,18.11,18.11,0.0,496.529017,0.0
2019-02-15,13,0,87,92.43,92.43,0.0,2534.189787,0.0
2019-02-15,13,0,88,51.18,51.18,0.0,688.787019,0.0
2019-02-15,13,0,89,49.2,49.2,0.0,662.139925,0.0
2019-02-15,13,0,90,66.06,66.06,0.0,889.043972,0.0
2019-02-15,13,0,91,235.65,235.65,0.0,3171.407994,0.0
2019-02-15,13,0,92,84.75,84.75,0.0,1140.576395,0.0
2019-02-15,13,0,95,43.8,43.8,0.0,1388.115619,0.0
2019-02-15,13,0,96,29.88,29.88,0.0,970.393246,0.0
2019-02-15,13,0,97,183.75,183.75,0.0,5967.528745,0.0
2019-02-15,13,0,99,2.91,2.91,0.0,29.3722,0.0
2019-02-15,13,0,101,13.38,13.38,0.0,-13380.0,0.0
2019-02-15,13,0,102,80.5,80.5,0.0,166.64142,0.0
2019-02-15,13,0,103,70.0,70.0,0.0,144.905583,0.0
2019-02-15,13,0,104,13.0,13.0,0.0,26.911037,0.0
2019-02-15,13,0,106,295.95,295.95,0.0,-116816.766112,0.0
2019-02-15,13,0,109,60.0,60.0,0.0,-208.980429,0.0
2019-02-15,13,0,110,86.66,86.66,0.0,-4207.876488,0.0
2019-02-15,13,0,111,22.47,22.47,0.0,-340.675785,0.0
2019-02-15,13,0,113,45.0,45.0,0.0,570.158087,0.0
2019-02-15,13,0,115,45.0,45.0,0.0,570.158087,0.0
2019-02-15,13,0,116,143.11,143.11,0.0,-6948.871501,0.0
2019-02-15,13,0,117,3.0,3.0,0.0,38.010539,0.0
2019-02-15,13,0,119,7.52,7.52,0.0,289.982357,0.0
2019-02-15,13,0,120,4.42,4.42,0.0,170.441758,0.0
2019-02-15,13,0,123,4.93,4.93,0.0,-1945.959307,0.0
2019-02-15,13,0,125,143.27,143.27,0.0,-56551.235279,0.0
2019-02-15,13,0,126,221.96,221.96,0.0,-87611.587789,0.0
2019-02-15,13,0,127,284.85,284.85,0.0,-112435.397286,0.0
2019-02-15,13,0,128,202.25,202.25,0.0,-79831.69774,0.0
2019-02-15,13,0,131,30.0,30.0,0.0,161.952096,0.0
2019-02-15,13,0,132,44.1,44.1,0.0,238.069582,0.0
2019-02-15,13,0,133,24.4,24.4,0.0,567.398563,0.0
2019-02-15,13,0,134,0.0,0.0,0.0,0.0,0.0
2019-02-15,13,0,135,32.7,32.7,0.0,760.407091,0.0
2019-02-15,13,0,136,23.98,23.98,0.0,552.994706,0.0
2019-02-15,13,0,139,21.44,21.44,0.0,-325.059583,0.0
2019-02-15,13,0,140,64.14,64.14,0.0,-3114.391853,0.0
2019-02-15,13,0,141,230.0,230.0,0.0,-2390.233891,0.0
2019-02-15,13,0,142,522.25,522.25,0.0,-5427.38978,0.0
2019-02-15,13,0,143,238.5,238.5,0.0,-238500.0,0.0
2019-02-15,13,0,145,100.0,100.0,0.0,-962.329209,0.0
2019-02-15,13,0,146,165.95,165.95,0.0,-8057.894106,0.0
2019-02-15,13,0,152,10.42,10.42,0.0,245.103961,0.0
2019-02-15,13,0,153,12.94,12.94,0.0,305.866932,0.0
2019-02-15,13,0,154,92.7,92.7,0.0,-1405.458177,0.0
2019-02-15,13,0,157,250.0,250.0,0.0,-2598.080316,0.0
2019-02-15,13,0,158,380.02,380.02,0.0,-3949.289926,0.0
2019-02-15,13,0,159,0.0,0.0,0.0,0.0,0.0
2019-02-15,13,0,160,3.26,3.26,0.0,21.330649,0.0
2019-02-15,13,0,161,74.34,74.34,0.0,153.889729,0.0
2019-02-15,13,0,162,17.41,17.41,0.0,553.196282,0.0
2019-02-15,13,0,163,35.93,35.93,0.0,-1744.622689,0.0
2019-02-15,13,0,164,26.25,26.25,0.0,-26250.0,0.0
2019-02-15,13,0,167,7.37,7.37,0.0,232.152023,0.0
2019-02-15,13,0,168,3.68,3.68,0.0,115.918513,0.0
2019-02-15,13,0,169,0.0,0.0,0.0,0.0,0.0
2019-02-15,13,0,170,8.06,8.06,0.0,253.886744,0.0
2019-02-15,13,0,172,9.71,9.71,0.0,271.250672,0.0
2019-02-15,13,0,173,14.8,14.8,0.0,413.440776,0.0
2019-02-15,13,0,188,13.21,13.21,0.0,397.248496,0.0
2019-02-15,13,0,190,12.13,12.13,0.0,393.346268,0.0
2019-02-15,13,0,191,31.32,31.32,0.0,1015.631089,0.0
2019-02-15,13,0,192,44.28,44.28,0.0,1435.892229,0.0
2019-02-15,13,0,194,52.95,52.95,0.0,1123.149186,0.0
2019-02-15,13,0,196,7.57,7.57,0.0,390.576344,0.0
2019-02-15,13,0,198,13.9,13.9,0.0,178.295227,0.0
2019-02-15,13,0,199,73.53,73.53,0.0,1633.851871,0.0
2019-02-15,13,0,200,24.32,24.32,0.0,540.395451,0.0
2019-02-15,13,0,204,257.1,257.1,0.0,-973.987441,0.0
2019-02-15,13,0,205,317.4,317.4,0.0,-1105.50647,0.0
2019-02-15,13,0,206,539.94,539.94,0.0,17535.27875,0.0
2019-02-15,13,0,210,2.98,2.98,0.0,20.050917,0.0
2019-02-15,13,0,214,18.14,18.14,0.0,536.812108,0.0
2019-02-15,13,0,217,11.71,11.71,0.0,227.510195,0.0
2019-02-15,13,0,218,16.15,16.15,0.0,313.773667,0.0
2019-02-15,13,0,219,11.0,11.0,0.0,213.715811,0.0
2019-02-15,13,0,221,9.68,9.68,0.0,286.457619,0.0
2019-02-15,13,0,225,8.84,8.84,0.0,43.124631,0.0
2019-02-15,13,0,233,10.24,10.24,0.0,280.754121,0.0
2019-02-15,13,0,236,28.47,28.47,0.0,632.189382,0.0
2019-02-15,13,0,237,36.12,36.12,0.0,364.57865,0.0
2019-02-15,13,0,238,106.55,106.55,0.0,2379.504267,0.0
2019-02-15,13,0,240,15.58,15.58,0.0,0.924612,0.0
2019-02-15,13,0,245,45.28,45.28,0.0,1080.245431,0.0
2019-02-15,13,0,247,55.64,55.64,0.0,1327.404058,0.0
2019-02-15,13,0,248,3.63,3.63,0.0,36.639549,0.0
2019-02-15,13,0,249,87.08,87.08,0.0,2077.468465,0.0
2019-02-15,13,0,251,119.4,119.4,0.0,2721.556923,0.0
2019-02-15,13,0,252,112.16,112.16,0.0,2587.520176,0.0
2019-02-15,13,0,254,22.68,22.68,0.0,70.316066,0.0
2019-02-15,13,0,255,10.39,10.39,0.0,32.212695,0.0
2019-02-15,13,0,258,19.12,19.12,0.0,6.963924,0.0
2019-02-15,13,0,260,7.91,7.91,0.0,51.756269,0.0
2019-02-15,13,0,265,95.97,95.97,0.0,-1455.035828,0.0
2019-02-15,13,0,266,13.88,13.88,0.0,-210.439692,0.0
2019-02-15,13,0,267,17.06,17.06,0.0,-258.652821,0.0
2019-02-15,13,0,270,111.8,111.8,0.0,-5428.578253,0.0
2019-02-15,13,0,272,150.39,150.39,0.0,1905.468328,0.0
2019-02-15,13,0,273,34.22,34.22,0.0,-1661.591662,0.0
2019-02-15,13,0,274,144.06,144.06,0.0,-6994.999849,0.0
2019-02-15,13,0,275,200.44,200.44,0.0,-9732.595931,0.0
2019-02-15,13,0,276,7.51,7.51,0.0,-300.66268,0.0
2019-02-15,13,0,277,9.39,9.39,0.0,121.939302,0.0
2019-02-15,13,0,278,15.03,15.03,0.0,195.180799,0.0
2019-02-15,13,0,279,378.16,378.16,0.0,4910.816437,0.0
2019-02-15,13,0,281,56.1,56.1,0.0,-56100.0,0.0
2019-02-15,13,0,282,364.35,364.35,0.0,-364350.0,0.0
2019-02-15,14,0,9,3.9,3.9,0.0,-1536.781171,0.0
2019-02-15,14,0,17,63.35,63.35,0.0,597.790964,0.0
2019-02-15,14,0,19,162.53,162.53,0.0,1533.685326,0.0
2019-02-15,14,0,20,197.11,197.11,0.0,1859.993321,0.0
2019-02-15,14,0,21,89.07,89.07,0.0,-35097.717668,0.0
2019-02-15,14,0,22,316.57,316.57,0.0,-124743.285981,0.0
2019-02-15,14,0,23,42.61,42.61,0.0,-16790.31941,0.0
2019-02-15,14,0,24,73.27,73.27,0.0,-28871.783693,0.0
2019-02-15,14,0,29,9.55,9.55,0.0,49.087223,0.0
2019-02-15,14,0,30,715.35,715.35,0.0,-715350.0,0.0
2019-02-15,14,0,31,125.0,125.0,0.0,-125000.0,0.0
2019-02-15,14,0,32,6.57,6.57,0.0,166.424625,0.0
2019-02-15,14,0,33,3.65,3.65,0.0,53.584696,0.0
2019-02-15,14,0,34,5.84,5.84,0.0,85.735514,0.0
2019-02-15,14,0,35,5.84,5.84,0.0,85.735514,0.0
2019-02-15,14,0,36,14.11,14.11,0.0,21.712808,0.0
2019-02-15,14,0,37,6.78,6.78,0.0,10.148426,0.0
2019-02-15,14,0,38,8.71,8.71,0.0,13.037284,0.0
2019-02-15,14,0,39,5.81,5.81,0.0,8.696512,0.0
2019-02-15,14,0,40,5.81,5.81,0.0,8.696512,0.0
2019-02-15,14,0,41,34.14,34.14,0.0,-498.886631,0.0
2019-02-15,14,0,42,85.93,85.93,0.0,713.17738,0.0
2019-02-15,14,0,43,41.43,41.43,0.0,102.788157,0.0
2019-02-15,14,0,46,34.98,34.98,0.0,8.723889,0.0
2019-02-15,14,0,52,132.5,132.5,0.0,-132500.0,0.0
2019-02-15,14,0,53,210.5,210.5,0.0,-210500.0,0.0
2019-02-15,14,0,55,623.0,623.0,0.0,-245490.940917,0.0
2019-02-15,14,0,56,211.0,211.0,0.0,-211000.0,0.0
2019-02-15,14,0,57,200.71,200.71,0.0,-200710.0,0.0
2019-02-15,14,0,58,385.98,385.98,0.0,-385980.0,0.0
2019-02-15,14,0,59,379.55,379.55,0.0,-379550.0,0.0
2019-02-15,14,0,63,10.78,10.78,0.0,321.33389,0.0
2019-02-15,14,0,64,12.68,12.68,0.0,377.969733,0.0
2019-02-15,14,0,65,18.57,18.57,0.0,171.310964,0.0
2019-02-15,14,0,67,412.79,412.79,0.0,1725.32327,0.0
2019-02-15,14,0,68,19.16,19.16,0.0,223.088065,0.0
2019-02-15,14,0,69,3.65,3.65,0.0,53.584696,0.0
2019-02-15,14,0,74,34.09,34.09,0.0,101.996031,0.0
2019-02-15,14,0,77,60.0,60.0,0.0,1132.156698,0.0
2019-02-15,14,0,78,45.36,45.36,0.0,855.910464,0.0
2019-02-15,14,0,79,26.25,26.25,0.0,495.318556,0.0
2019-02-15,14,0,80,42.45,42.45,0.0,801.000864,0.0
2019-02-15,14,0,81,55.5,55.5,0.0,1047.244946,0.0
2019-02-15,14,0,82,39.15,39.15,0.0,738.732246,0.0
2019-02-15,14,0,83,87.3,87.3,0.0,1647.287996,0.0
2019-02-15,14,0,84,0.0,0.0,0.0,0.0,0.0
2019-02-15,14,0,86,18.48,18.48,0.0,271.300051,0.0
2019-02-15,14,0,87,94.35,94.35,0.0,1385.127696,0.0
2019-02-15,14,0,88,51.18,51.18,0.0,965.729664,0.0
2019-02-15,14,0,89,49.2,49.2,0.0,928.368493,0.0
2019-02-15,14,0,90,66.06,66.06,0.0,1246.504525,0.0
2019-02-15,14,0,91,235.65,235.65,0.0,4446.545433,0.0
2019-02-15,14,0,92,84.75,84.75,0.0,1599.171336,0.0
2019-02-15,14,0,95,22.95,22.95,0.0,583.244265,0.0
2019-02-15,14,0,96,31.39,31.39,0.0,1055.503058,0.0
2019-02-15,14,0,97,210.51,210.51,0.0,7078.494706,0.0
2019-02-15,14,0,99,6.58,6.58,0.0,19.687119,0.0
2019-02-15,14,0,101,14.41,14.41,0.0,-14410.0,0.0
2019-02-15,14,0,102,45.25,45.25,0.0,526.86508,0.0
2019-02-15,14,0,103,39.36,39.36,0.0,458.285293,0.0
2019-02-15,14,0,104,7.37,7.37,0.0,85.812058,0.0
2019-02-15,14,0,106,311.63,311.63,0.0,-122796.696497,0.0
2019-02-15,14,0,109,60.0,60.0,0.0,-115.202439,0.0
2019-02-15,14,0,110,147.48,147.48,0.0,-2754.447759,0.0
2019-02-15,14,0,111,24.05,24.05,0.0,-351.441812,0.0
2019-02-15,14,0,113,45.0,45.0,0.0,767.950279,0.0
2019-02-15,14,0,115,45.0,45.0,0.0,767.950279,0.0
2019-02-15,14,0,116,145.53,145.53,0.0,-2718.028087,0.0
2019-02-15,14,0,117,3.0,3.0,0.0,51.196685,0.0
2019-02-15,14,0,119,12.68,12.68,0.0,377.969733,0.0
2019-02-15,14,0,120,7.46,7.46,0.0,222.370206,0.0
2019-02-15,14,0,123,5.19,5.19,0.0,-2045.101097,0.0
2019-02-15,14,0,125,66.79,66.79,0.0,-26318.362671,0.0
2019-02-15,14,0,126,233.72,233.72,0.0,-92096.537257,0.0
2019-02-15,14,0,127,299.95,299.95,0.0,-118194.233913,0.0
2019-02-15,14,0,128,92.7,92.7,0.0,-36528.106297,0.0
2019-02-15,14,0,131,30.0,30.0,0.0,409.103057,0.0
2019-02-15,14,0,132,44.1,44.1,0.0,601.381494,0.0
2019-02-15,14,0,133,33.15,33.15,0.0,313.473606,0.0
2019-02-15,14,0,134,0.0,0.0,0.0,0.0,0.0
2019-02-15,14,0,135,44.42,44.42,0.0,420.045176,0.0
2019-02-15,14,0,136,25.33,25.33,0.0,233.379299,0.0
2019-02-15,14,0,139,44.09,44.09,0.0,-644.285635,0.0
2019-02-15,14,0,140,109.15,109.15,0.0,-2038.567757,0.0
2019-02-15,14,0,141,230.0,230.0,0.0,961.32259,0.0
2019-02-15,14,0,142,544.37,544.37,0.0,2275.283385,0.0
2019-02-15,14,0,143,238.5,238.5,0.0,-238500.0,0.0
2019-02-15,14,0,145,56.12,56.12,0.0,-473.49732,0.0
2019-02-15,14,0,146,36.27,36.27,0.0,-677.405887,0.0
2019-02-15,14,0,152,10.91,10.91,0.0,39.507137,0.0
2019-02-15,14,0,153,13.6,13.6,0.0,45.724744,0.0
2019-02-15,14,0,154,99.21,99.21,0.0,-1449.752275,0.0
2019-02-15,14,0,157,250.0,250.0,0.0,1044.915859,0.0
2019-02-15,14,0,158,407.04,407.04,0.0,1701.290205,0.0
2019-02-15,14,0,159,0.0,0.0,0.0,0.0,0.0
2019-02-15,14,0,160,3.28,3.28,0.0,18.009509,0.0
2019-02-15,14,0,161,77.42,77.42,0.0,901.434132,0.0
2019-02-15,14,0,162,16.93,16.93,0.0,431.193514,0.0
2019-02-15,14,0,163,37.46,37.46,0.0,-699.631225,0.0
2019-02-15,14,0,164,28.21,28.21,0.0,-28210.0,0.0
2019-02-15,14,0,167,7.52,7.52,0.0,190.215865,0.0
2019-02-15,14,0,168,3.76,3.76,0.0,95.107933,0.0
2019-02-15,14,0,169,0.0,0.0,0.0,0.0,0.0
2019-02-15,14,0,170,8.22,8.22,0.0,207.922129,0.0
2019-02-15,14,0,172,9.86,9.86,0.0,220.208316,0.0
2019-02-15,14,0,173,15.02,15.02,0.0,335.449179,0.0
2019-02-15,14,0,188,13.24,13.24,0.0,322.248878,0.0
2019-02-15,14,0,190,12.25,12.25,0.0,365.152147,0.0
2019-02-15,14,0,191,31.64,31.64,0.0,943.135832,0.0
2019-02-15,14,0,192,110.71,110.71,0.0,3300.081162,0.0
2019-02-15,14,0,194,52.95,52.95,0.0,1108.687715,0.0
2019-02-15,14,0,196,7.65,7.65,0.0,287.517173,0.0
2019-02-15,14,0,198,14.37,14.37,0.0,141.641556,0.0
2019-02-15,14,0,199,89.6,89.6,0.0,1748.59359,0.0
2019-02-15,14,0,200,24.63,24.63,0.0,480.668082,0.0
2019-02-15,14,0,204,257.1,257.1,0.0,-612.59217,0.0
2019-02-15,14,0,205,317.4,317.4,0.0,-609.4209,0.0
2019-02-15,14,0,206,745.19,745.19,0.0,25057.353428,0.0
2019-02-15,14,0,210,2.97,2.97,0.0,19.294767,0.0
2019-02-15,14,0,214,18.17,18.17,0.0,322.946055,0.0
2019-02-15,14,0,217,11.88,11.88,0.0,153.606451,0.0
2019-02-15,14,0,218,16.39,16.39,0.0,211.920011,0.0
2019-02-15,14,0,219,11.17,11.17,0.0,144.426268,0.0
2019-02-15,14,0,221,9.69,9.69,0.0,172.226047,0.0
2019-02-15,14,0,225,8.91,8.91,0.0,44.63036,0.0
2019-02-15,14,0,233,10.46,10.46,0.0,153.560527,0.0
2019-02-15,14,0,236,28.02,28.02,0.0,184.69468,0.0
2019-02-15,14,0,237,81.77,81.77,0.0,244.652844,0.0
2019-02-15,14,0,238,111.84,111.84,0.0,928.21783,0.0
2019-02-15,14,0,240,15.99,15.99,0.0,24.605797,0.0
2019-02-15,14,0,245,57.96,57.96,0.0,591.938236,0.0
2019-02-15,14,0,247,68.13,68.13,0.0,695.803175,0.0
2019-02-15,14,0,248,8.21,8.21,0.0,24.564019,0.0
2019-02-15,14,0,249,111.46,111.46,0.0,1138.327049,0.0
2019-02-15,14,0,251,114.65,114.65,0.0,1017.912156,0.0
2019-02-15,14,0,252,119.76,119.76,0.0,1104.803502,0.0
2019-02-15,14,0,254,22.87,22.87,0.0,74.012974,0.0
2019-02-15,14,0,255,10.48,10.48,0.0,33.915871,0.0
2019-02-15,14,0,258,19.57,19.57,0.0,33.092761,0.0
2019-02-15,14,0,260,7.98,7.98,0.0,43.815817,0.0
2019-02-15,14,0,265,102.72,102.72,0.0,-1501.043783,0.0
2019-02-15,14,0,266,28.55,28.55,0.0,-417.200156,0.0
2019-02-15,14,0,267,35.08,35.08,0.0,-512.622818,0.0
2019-02-15,14,0,270,130.24,130.24,0.0,-2432.460511,0.0
2019-02-15,14,0,272,150.39,150.39,0.0,2566.489831,0.0
2019-02-15,14,0,273,34.8,34.8,0.0,-649.951058,0.0
2019-02-15,14,0,274,173.72,173.72,0.0,-3244.525798,0.0
2019-02-15,14,0,275,252.66,252.66,0.0,-4718.868801,0.0
2019-02-15,14,0,276,7.73,7.73,0.0,-104.922373,0.0
2019-02-15,14,0,277,9.67,9.67,0.0,172.016737,0.0
2019-02-15,14,0,278,15.47,15.47,0.0,275.191202,0.0
2019-02-15,14,0,279,264.6,264.6,0.0,4706.890237,0.0
2019-02-15,14,0,281,56.1,56.1,0.0,-56100.0,0.0
2019-02-15,14,0,282,392.41,392.41,0.0,-392410.0,0.0
2019-02-15,15,0,9,3.76,3.76,0.0,-1514.846081,0.0
2019-02-15,15,0,17,60.67,60.67,0.0,1000.882771,0.0
2019-02-15,15,0,19,192.99,192.99,0.0,3183.787144,0.0
2019-02-15,15,0,20,234.06,234.06,0.0,3861.325556,0.0
2019-02-15,15,0,21,85.98,85.98,0.0,-34640.017567,0.0
2019-02-15,15,0,22,305.55,305.55,0.0,-123101.388318,0.0
2019-02-15,15,0,23,32.64,32.64,0.0,-13150.153214,0.0
2019-02-15,15,0,24,57.75,57.75,0.0,-23266.585421,0.0
2019-02-15,15,0,29,9.06,9.06,0.0,41.313087,0.0
2019-02-15,15,0,30,692.36,692.36,0.0,-692360.0,0.0
2019-02-15,15,0,31,125.0,125.0,0.0,-125000.0,0.0
2019-02-15,15,0,32,6.31,6.31,0.0,139.518542,0.0
2019-02-15,15,0,33,3.56,3.56,0.0,93.653168,0.0
2019-02-15,15,0,34,5.7,5.7,0.0,149.950297,0.0
2019-02-15,15,0,35,5.7,5.7,0.0,149.950297,0.0
2019-02-15,15,0,36,13.72,13.72,0.0,9.933198,0.0
2019-02-15,15,0,37,6.57,6.57,0.0,3.008124,0.0
2019-02-15,15,0,38,8.45,8.45,0.0,3.868896,0.0
2019-02-15,15,0,39,5.63,5.63,0.0,2.577738,0.0
2019-02-15,15,0,40,5.63,5.63,0.0,2.577738,0.0
2019-02-15,15,0,41,58.96,58.96,0.0,-1323.446396,0.0
2019-02-15,15,0,42,82.63,82.63,0.0,1187.452345,0.0
2019-02-15,15,0,43,40.34,40.34,0.0,76.101331,0.0
2019-02-15,15,0,46,33.69,33.69,0.0,-74.671212,0.0
2019-02-15,15,0,52,132.5,132.5,0.0,-132500.0,0.0
2019-02-15,15,0,53,210.5,210.5,0.0,-210500.0,0.0
2019-02-15,15,0,55,623.0,623.0,0.0,-250997.103328,0.0
2019-02-15,15,0,56,204.22,204.22,0.0,-204220.0,0.0
2019-02-15,15,0,57,194.26,194.26,0.0,-194260.0,0.0
2019-02-15,15,0,58,373.57,373.57,0.0,-373570.0,0.0
2019-02-15,15,0,59,367.35,367.35,0.0,-367350.0,0.0
2019-02-15,15,0,63,20.93,20.93,0.0,720.411034,0.0
2019-02-15,15,0,64,24.63,24.63,0.0,847.765111,0.0
2019-02-15,15,0,65,19.77,19.77,0.0,318.33948,0.0
2019-02-15,15,0,67,400.59,400.59,0.0,-19644.267291,0.0
2019-02-15,15,0,68,34.0,34.0,0.0,-937.297976,0.0
2019-02-15,15,0,69,3.56,3.56,0.0,93.653168,0.0
2019-02-15,15,0,74,64.9,64.9,0.0,311.071735,0.0
2019-02-15,15,0,77,60.0,60.0,0.0,-474.092519,0.0
2019-02-15,15,0,78,45.36,45.36,0.0,-358.413944,0.0
2019-02-15,15,0,79,26.25,26.25,0.0,-207.415477,0.0
2019-02-15,15,0,80,42.45,42.45,0.0,-335.420457,0.0
2019-02-15,15,0,81,55.5,55.5,0.0,-438.53558,0.0
2019-02-15,15,0,82,39.15,39.15,0.0,-309.345368,0.0
2019-02-15,15,0,83,87.3,87.3,0.0,-689.804615,0.0
2019-02-15,15,0,84,0.0,0.0,0.0,0.0,0.0
2019-02-15,15,0,86,18.04,18.04,0.0,474.579535,0.0
2019-02-15,15,0,87,92.1,92.1,0.0,2422.881109,0.0
2019-02-15,15,0,88,51.18,51.18,0.0,-404.400918,0.0
2019-02-15,15,0,89,49.2,49.2,0.0,-388.755865,0.0
2019-02-15,15,0,90,66.06,66.06,0.0,-521.975863,0.0
2019-02-15,15,0,91,235.65,235.65,0.0,-1861.998367,0.0
2019-02-15,15,0,92,84.75,84.75,0.0,-669.655683,0.0
2019-02-15,15,0,95,21.21,21.21,0.0,475.734714,0.0
2019-02-15,15,0,96,29.88,29.88,0.0,544.112616,0.0
2019-02-15,15,0,97,183.75,183.75,0.0,3346.07407,0.0
2019-02-15,15,0,99,12.53,12.53,0.0,60.057455,0.0
2019-02-15,15,0,101,13.95,13.95,0.0,-13950.0,0.0
2019-02-15,15,0,102,80.5,80.5,0.0,-2219.190795,0.0
2019-02-15,15,0,103,70.0,70.0,0.0,-1929.731126,0.0
2019-02-15,15,0,104,13.0,13.0,0.0,-358.378638,0.0
2019-02-15,15,0,106,300.79,300.79,0.0,-121183.65764,0.0
2019-02-15,15,0,109,60.0,60.0,0.0,-361.727984,0.0
2019-02-15,15,0,110,291.75,291.75,0.0,-33489.573509,0.0
2019-02-15,15,0,111,23.15,23.15,0.0,-519.636772,0.0
2019-02-15,15,0,113,45.0,45.0,0.0,-423.490538,0.0
2019-02-15,15,0,115,45.0,45.0,0.0,-423.490538,0.0
2019-02-15,15,0,116,139.35,139.35,0.0,-15995.791152,0.0
2019-02-15,15,0,117,3.0,3.0,0.0,-28.232703,0.0
2019-02-15,15,0,119,24.63,24.63,0.0,847.765111,0.0
2019-02-15,15,0,120,14.48,14.48,0.0,498.401901,0.0
2019-02-15,15,0,123,5.01,5.01,0.0,-2018.451826,0.0
2019-02-15,15,0,125,52.26,52.26,0.0,-21054.748989,0.0
2019-02-15,15,0,126,225.59,225.59,0.0,-90886.736019,0.0
2019-02-15,15,0,127,289.51,289.51,0.0,-116639.119397,0.0
2019-02-15,15,0,128,74.85,74.85,0.0,-30155.912013,0.0
2019-02-15,15,0,131,73.62,73.62,0.0,-1607.375771,0.0
2019-02-15,15,0,132,108.35,108.35,0.0,-2365.650161,0.0
2019-02-15,15,0,133,41.94,41.94,0.0,693.451789,0.0
2019-02-15,15,0,134,0.0,0.0,0.0,0.0,0.0
2019-02-15,15,0,135,56.2,56.2,0.0,929.232011,0.0
2019-02-15,15,0,136,26.62,26.62,0.0,428.061934,0.0
2019-02-15,15,0,139,76.67,76.67,0.0,-1720.974139,0.0
2019-02-15,15,0,140,215.93,215.93,0.0,-24786.301998,0.0
2019-02-15,15,0,141,230.0,230.0,0.0,-11278.817437,0.0
2019-02-15,15,0,142,528.27,528.27,0.0,-25905.482118,0.0
2019-02-15,15,0,143,238.5,238.5,0.0,-238500.0,0.0
2019-02-15,15,0,145,30.0,30.0,0.0,-574.329176,0.0
2019-02-15,15,0,146,18.83,18.83,0.0,-2161.469303,0.0
2019-02-15,15,0,152,10.49,10.49,0.0,56.693607,0.0
2019-02-15,15,0,153,13.11,13.11,0.0,64.316031,0.0
2019-02-15,15,0,154,95.49,95.49,0.0,-2143.41751,0.0
2019-02-15,15,0,157,250.0,250.0,0.0,-12259.58417,0.0
2019-02-15,15,0,158,391.92,391.92,0.0,-19219.104912,0.0
2019-02-15,15,0,159,0.0,0.0,0.0,0.0,0.0
2019-02-15,15,0,160,3.12,3.12,0.0,20.753817,0.0
2019-02-15,15,0,161,74.37,74.37,0.0,-2050.201483,0.0
2019-02-15,15,0,162,34.72,34.72,0.0,783.803315,0.0
2019-02-15,15,0,163,56.19,56.19,0.0,-6449.97133,0.0
2019-02-15,15,0,164,26.74,26.74,0.0,-26740.0,0.0
2019-02-15,15,0,167,7.08,7.08,0.0,156.436635,0.0
2019-02-15,15,0,168,3.54,3.54,0.0,78.218318,0.0
2019-02-15,15,0,169,0.0,0.0,0.0,0.0,0.0
2019-02-15,15,0,170,7.75,7.75,0.0,171.240667,0.0
2019-02-15,15,0,172,9.39,9.39,0.0,146.112661,0.0
2019-02-15,15,0,173,14.31,14.31,0.0,222.670094,0.0
2019-02-15,15,0,188,12.76,12.76,0.0,249.891283,0.0
2019-02-15,15,0,190,11.56,11.56,0.0,374.86256,0.0
2019-02-15,15,0,191,29.86,29.86,0.0,968.286856,0.0
2019-02-15,15,0,192,227.28,227.28,0.0,7370.135182,0.0
2019-02-15,15,0,194,52.95,52.95,0.0,273.369131,0.0
2019-02-15,15,0,196,7.25,7.25,0.0,412.6054,0.0
2019-02-15,15,0,198,13.83,13.83,0.0,177.012791,0.0
2019-02-15,15,0,199,58.72,58.72,0.0,622.450764,0.0
2019-02-15,15,0,200,23.67,23.67,0.0,250.909564,0.0
2019-02-15,15,0,204,257.1,257.1,0.0,-1814.007432,0.0
2019-02-15,15,0,205,317.4,317.4,0.0,-1913.541037,0.0
2019-02-15,15,0,206,539.94,539.94,0.0,9832.267937,0.0
2019-02-15,15,0,210,2.85,2.85,0.0,12.38082,0.0
2019-02-15,15,0,214,17.7,17.7,0.0,568.259035,0.0
2019-02-15,15,0,217,11.43,11.43,0.0,249.267381,0.0
2019-02-15,15,0,218,15.77,15.77,0.0,343.914838,0.0
2019-02-15,15,0,219,10.74,10.74,0.0,234.219744,0.0
2019-02-15,15,0,221,9.44,9.44,0.0,303.071485,0.0
2019-02-15,15,0,225,8.36,8.36,0.0,38.29535,0.0
2019-02-15,15,0,233,10.21,10.21,0.0,268.59518,0.0
2019-02-15,15,0,236,54.85,54.85,0.0,610.034121,0.0
2019-02-15,15,0,237,155.68,155.68,0.0,746.188718,0.0
2019-02-15,15,0,238,107.55,107.55,0.0,1545.570613,0.0
2019-02-15,15,0,240,15.55,15.55,0.0,11.258107,0.0
2019-02-15,15,0,245,72.58,72.58,0.0,1302.791992,0.0
2019-02-15,15,0,247,82.73,82.73,0.0,1484.981834,0.0
2019-02-15,15,0,248,15.63,15.63,0.0,74.916044,0.0
2019-02-15,15,0,249,139.58,139.58,0.0,2505.424446,0.0
2019-02-15,15,0,251,112.42,112.42,0.0,1737.294137,0.0
2019-02-15,15,0,252,127.53,127.53,0.0,2053.507025,0.0
2019-02-15,15,0,254,22.61,22.61,0.0,69.690741,0.0
2019-02-15,15,0,255,10.36,10.36,0.0,31.932599,0.0
2019-02-15,15,0,258,18.91,18.91,0.0,17.241153,0.0
2019-02-15,15,0,260,7.58,7.58,0.0,50.421132,0.0
2019-02-15,15,0,265,98.86,98.86,0.0,-2219.062258,0.0
2019-02-15,15,0,266,49.03,49.03,0.0,-1100.552524,0.0
2019-02-15,15,0,267,60.63,60.63,0.0,-1360.932073,0.0
2019-02-15,15,0,270,183.4,183.4,0.0,-21052.2289,0.0
2019-02-15,15,0,272,150.39,150.39,0.0,-1415.305377,0.0
2019-02-15,15,0,273,33.32,33.32,0.0,-3824.75609,0.0
2019-02-15,15,0,274,241.56,241.56,0.0,-27728.333768,0.0
2019-02-15,15,0,275,346.73,346.73,0.0,-39800.650636,0.0
2019-02-15,15,0,276,7.45,7.45,0.0,-745.804247,0.0
2019-02-15,15,0,277,9.24,9.24,0.0,-81.365357,0.0
2019-02-15,15,0,278,14.78,14.78,0.0,-130.149347,0.0
2019-02-15,15,0,279,264.6,264.6,0.0,-2330.007937,0.0
2019-02-15,15,0,281,56.1,56.1,0.0,-56100.0,0.0
2019-02-15,15,0,282,379.8,379.8,0.0,-379800.0,0.0
2019-02-15,16,0,9,3.18,3.18,0.0,-1255.579242,0.0
2019-02-15,16,0,17,49.88,49.88,0.0,321.85531,0.0
2019-02-15,16,0,19,332.0,332.0,0.0,2142.260687,0.0
2019-02-15,16,0,20,419.03,419.03,0.0,2703.829806,0.0
2019-02-15,16,0,21,72.75,72.75,0.0,-28724.336438,0.0
2019-02-15,16,0,22,258.54,258.54,0.0,-102080.961411,0.0
2019-02-15,16,0,23,32.64,32.64,0.0,-12887.454864,0.0
2019-02-15,16,0,24,57.75,57.75,0.0,-22801.792843,0.0
2019-02-15,16,0,29,7.65,7.65,0.0,38.565872,0.0
2019-02-15,16,0,30,623.91,623.91,0.0,-623910.0,0.0
2019-02-15,16,0,31,125.0,125.0,0.0,-125000.0,0.0
2019-02-15,16,0,32,5.31,5.31,0.0,183.126905,0.0
2019-02-15,16,0,33,2.98,2.98,0.0,33.512648,0.0
2019-02-15,16,0,34,4.77,4.77,0.0,53.642728,0.0
2019-02-15,16,0,35,4.77,4.77,0.0,53.642728,0.0
2019-02-15,16,0,36,11.67,11.67,0.0,-6.785224,0.0
2019-02-15,16,0,37,5.58,5.58,0.0,-3.278851,0.0
2019-02-15,16,0,38,7.18,7.18,0.0,-4.219023,0.0
2019-02-15,16,0,39,4.78,4.78,0.0,-2.808764,0.0
2019-02-15,16,0,40,4.78,4.78,0.0,-2.808764,0.0
2019-02-15,16,0,41,82.36,82.36,0.0,-1344.99554,0.0
2019-02-15,16,0,42,70.7,70.7,0.0,382.740186,0.0
2019-02-15,16,0,43,34.51,34.51,0.0,14.994315,0.0
2019-02-15,16,0,46,28.79,28.79,0.0,-49.676759,0.0
2019-02-15,16,0,52,132.5,132.5,0.0,-132500.0,0.0
2019-02-15,16,0,53,210.5,210.5,0.0,-210500.0,0.0
2019-02-15,16,0,55,623.0,623.0,0.0,-245982.977331,0.0
2019-02-15,16,0,56,184.03,184.03,0.0,-184030.0,0.0
2019-02-15,16,0,57,175.05,175.05,0.0,-175050.0,0.0
2019-02-15,16,0,58,336.64,336.64,0.0,-336640.0,0.0
2019-02-15,16,0,59,331.03,331.03,0.0,-331030.0,0.0
2019-02-15,16,0,63,39.25,39.25,0.0,4244.573914,0.0
2019-02-15,16,0,64,46.18,46.18,0.0,4993.998048,0.0
2019-02-15,16,0,65,21.2,21.2,0.0,132.703173,0.0
2019-02-15,16,0,67,339.22,339.22,0.0,-188483.943752,0.0
2019-02-15,16,0,68,34.0,34.0,0.0,-13958.129756,0.0
2019-02-15,16,0,69,2.98,2.98,0.0,33.512648,0.0
2019-02-15,16,0,74,68.47,68.47,0.0,35.334162,0.0
2019-02-15,16,0,77,60.0,60.0,0.0,-17325.844202,0.0
2019-02-15,16,0,78,45.36,45.36,0.0,-13098.338217,0.0
2019-02-15,16,0,79,26.25,26.25,0.0,-7580.056838,0.0
2019-02-15,16,0,80,42.45,42.45,0.0,-12258.034773,0.0
2019-02-15,16,0,81,55.5,55.5,0.0,-16026.405887,0.0
2019-02-15,16,0,82,39.15,39.15,0.0,-11305.113342,0.0
2019-02-15,16,0,83,87.3,87.3,0.0,-25209.103314,0.0
2019-02-15,16,0,84,0.0,0.0,0.0,-0.0,0.0
2019-02-15,16,0,86,15.11,15.11,0.0,169.924869,0.0
2019-02-15,16,0,87,77.16,77.16,0.0,867.730174,0.0
2019-02-15,16,0,88,51.18,51.18,0.0,-14778.945104,0.0
2019-02-15,16,0,89,49.2,49.2,0.0,-14207.192246,0.0
2019-02-15,16,0,90,66.06,66.06,0.0,-19075.754466,0.0
2019-02-15,16,0,91,235.65,235.65,0.0,-68047.253103,0.0
2019-02-15,16,0,92,84.75,84.75,0.0,-24472.754935,0.0
2019-02-15,16,0,95,37.41,37.41,0.0,950.726272,0.0
2019-02-15,16,0,96,29.88,29.88,0.0,965.110247,0.0
2019-02-15,16,0,97,183.75,183.75,0.0,5935.040422,0.0
2019-02-15,16,0,99,15.01,15.01,0.0,7.745958,0.0
2019-02-15,16,0,101,12.57,12.57,0.0,-12570.0,0.0
2019-02-15,16,0,102,80.5,80.5,0.0,-33047.924863,0.0
2019-02-15,16,0,103,70.0,70.0,0.0,-28737.325968,0.0
2019-02-15,16,0,104,13.0,13.0,0.0,-5336.931965,0.0
2019-02-15,16,0,106,254.51,254.51,0.0,-100489.771365,0.0
2019-02-15,16,0,109,60.0,60.0,0.0,-231.44686,0.0
2019-02-15,16,0,110,338.6,338.6,0.0,-338600.0,0.0
2019-02-15,16,0,111,19.68,19.68,0.0,-321.387958,0.0
2019-02-15,16,0,113,45.0,45.0,0.0,-11807.024967,0.0
2019-02-15,16,0,115,45.0,45.0,0.0,-11807.024967,0.0
2019-02-15,16,0,116,116.78,116.78,0.0,-116780.0,0.0
2019-02-15,16,0,117,3.0,3.0,0.0,-787.134998,0.0
2019-02-15,16,0,119,46.18,46.18,0.0,4993.998048,0.0
2019-02-15,16,0,120,27.15,27.15,0.0,2936.055587,0.0
2019-02-15,16,0,123,4.24,4.24,0.0,-1674.105656,0.0
2019-02-15,16,0,125,52.26,52.26,0.0,-20634.141887,0.0
2019-02-15,16,0,126,190.88,190.88,0.0,-75366.341433,0.0
2019-02-15,16,0,127,244.97,244.97,0.0,-96723.033639,0.0
2019-02-15,16,0,128,74.85,74.85,0.0,-29553.492541,0.0
2019-02-15,16,0,131,30.0,30.0,0.0,-11153.396433,0.0
2019-02-15,16,0,132,44.1,44.1,0.0,-16395.492757,0.0
2019-02-15,16,0,133,50.5,50.5,0.0,326.774228,0.0
2019-02-15,16,0,134,0.0,0.0,0.0,0.0,0.0
2019-02-15,16,0,135,64.2,64.2,0.0,415.423871,0.0
2019-02-15,16,0,136,28.07,28.07,0.0,175.409088,0.0
2019-02-15,16,0,139,107.25,107.25,0.0,-1751.466387,0.0
2019-02-15,16,0,140,250.6,250.6,0.0,-250600.0,0.0
2019-02-15,16,0,141,230.0,230.0,0.0,-127797.025715,0.0
2019-02-15,16,0,142,447.35,447.35,0.0,-248565.215016,0.0
2019-02-15,16,0,143,238.5,238.5,0.0,-238500.0,0.0
2019-02-15,16,0,145,30.0,30.0,0.0,-298.758192,0.0
2019-02-15,16,0,146,79.99,79.99,0.0,-79990.0,0.0
2019-02-15,16,0,152,8.9,8.9,0.0,10.380072,0.0
2019-02-15,16,0,153,11.0,11.0,0.0,10.245211,0.0
2019-02-15,16,0,154,81.18,81.18,0.0,-1325.725327,0.0
2019-02-15,16,0,157,250.0,250.0,0.0,-138909.81056,0.0
2019-02-15,16,0,158,339.54,339.54,0.0,-188661.74831,0.0
2019-02-15,16,0,159,0.0,0.0,0.0,0.0,0.0
2019-02-15,16,0,160,2.68,2.68,0.0,9.34718,0.0
2019-02-15,16,0,161,62.79,62.79,0.0,-25777.381393,0.0
2019-02-15,16,0,162,81.8,81.8,0.0,2145.324498,0.0
2019-02-15,16,0,163,103.98,103.98,0.0,-103980.0,0.0
2019-02-15,16,0,164,23.76,23.76,0.0,-23760.0,0.0
2019-02-15,16,0,167,6.14,6.14,0.0,140.117711,0.0
2019-02-15,16,0,168,3.07,3.07,0.0,70.058856,0.0
2019-02-15,16,0,169,0.0,0.0,0.0,0.0,0.0
2019-02-15,16,0,170,6.72,6.72,0.0,153.353586,0.0
2019-02-15,16,0,172,7.86,7.86,0.0,70.557633,0.0
2019-02-15,16,0,173,11.98,11.98,0.0,107.542042,0.0
2019-02-15,16,0,188,10.66,10.66,0.0,193.75422,0.0
2019-02-15,16,0,190,9.72,9.72,0.0,315.195855,0.0
2019-02-15,16,0,191,25.11,25.11,0.0,814.255959,0.0
2019-02-15,16,0,192,332.6,332.6,0.0,10785.405497,0.0
2019-02-15,16,0,194,52.95,52.95,0.0,-6870.227428,0.0
2019-02-15,16,0,196,6.31,6.31,0.0,1648.54989,0.0
2019-02-15,16,0,198,11.42,11.42,0.0,93.163735,0.0
2019-02-15,16,0,199,39.07,39.07,0.0,-1100.384564,0.0
2019-02-15,16,0,200,19.25,19.25,0.0,-542.165417,0.0
2019-02-15,16,0,204,257.1,257.1,0.0,-1098.612689,0.0
2019-02-15,16,0,205,317.4,317.4,0.0,-1224.35389,0.0
2019-02-15,16,0,206,539.94,539.94,0.0,17439.813471,0.0
2019-02-15,16,0,210,2.41,2.41,0.0,14.717708,0.0
2019-02-15,16,0,214,14.18,14.18,0.0,199.526155,0.0
2019-02-15,16,0,217,9.31,9.31,0.0,99.961494,0.0
2019-02-15,16,0,218,12.85,12.85,0.0,137.970483,0.0
2019-02-15,16,0,219,8.75,8.75,0.0,93.948773,0.0
2019-02-15,16,0,221,7.56,7.56,0.0,106.376427,0.0
2019-02-15,16,0,225,6.88,6.88,0.0,33.976042,0.0
2019-02-15,16,0,233,8.55,8.55,0.0,96.15206,0.0
2019-02-15,16,0,236,77.37,77.37,0.0,298.625126,0.0
2019-02-15,16,0,237,156.6,156.6,0.0,80.813929,0.0
2019-02-15,16,0,238,92.02,92.02,0.0,498.157736,0.0
2019-02-15,16,0,240,13.23,13.23,0.0,-7.692247,0.0
2019-02-15,16,0,245,78.0,78.0,0.0,558.66271,0.0
2019-02-15,16,0,247,99.64,99.64,0.0,713.6558,0.0
2019-02-15,16,0,248,18.44,18.44,0.0,9.516021,0.0
2019-02-15,16,0,249,150.0,150.0,0.0,1074.351365,0.0
2019-02-15,16,0,251,112.54,112.54,0.0,668.790921,0.0
2019-02-15,16,0,252,136.74,136.74,0.0,855.935465,0.0
2019-02-15,16,0,254,18.98,18.98,0.0,22.788592,0.0
2019-02-15,16,0,255,8.7,8.7,0.0,10.445772,0.0
2019-02-15,16,0,258,16.16,16.16,0.0,-6.744307,0.0
2019-02-15,16,0,260,6.5,6.5,0.0,22.670399,0.0
2019-02-15,16,0,265,84.05,84.05,0.0,-1372.594404,0.0
2019-02-15,16,0,266,68.38,68.38,0.0,-1116.692508,0.0
2019-02-15,16,0,267,84.71,84.71,0.0,-1383.372659,0.0
2019-02-15,16,0,270,281.02,281.02,0.0,-281020.0,0.0
2019-02-15,16,0,272,150.39,150.39,0.0,-39459.07744,0.0
2019-02-15,16,0,273,27.93,27.93,0.0,-27930.0,0.0
2019-02-15,16,0,274,350.71,350.71,0.0,-350710.0,0.0
2019-02-15,16,0,275,470.17,470.17,0.0,-470170.0,0.0
2019-02-15,16,0,276,6.42,6.42,0.0,-5783.030856,0.0
2019-02-15,16,0,277,7.98,7.98,0.0,-2178.195268,0.0
2019-02-15,16,0,278,12.76,12.76,0.0,-3482.928775,0.0
2019-02-15,16,0,279,604.22,604.22,0.0,-164925.958023,0.0
2019-02-15,16,0,281,56.1,56.1,0.0,-56100.0,0.0
2019-02-15,16,0,282,342.25,342.25,0.0,-342250.0,0.0
2019-02-15,17,0,9,2.35,2.35,0.0,4.673856,0.0
2019-02-15,17,0,17,37.2,37.2,0.0,365.939945,0.0
2019-02-15,17,0,19,284.63,284.63,0.0,2799.93243,0.0
2019-02-15,17,0,20,342.76,342.76,0.0,3371.762779,0.0
2019-02-15,17,0,21,53.82,53.82,0.0,107.041249,0.0
2019-02-15,17,0,22,191.26,191.26,0.0,380.39222,0.0
2019-02-15,17,0,23,47.2,47.2,0.0,93.874897,0.0
2019-02-15,17,0,24,83.96,83.96,0.0,166.98594,0.0
2019-02-15,17,0,29,5.49,5.49,0.0,54.320807,0.0
2019-02-15,17,0,30,458.34,458.34,0.0,889.652895,0.0
2019-02-15,17,0,31,125.0,125.0,0.0,242.629079,0.0
2019-02-15,17,0,32,3.68,3.68,0.0,77.232676,0.0
2019-02-15,17,0,33,2.19,2.19,0.0,24.788724,0.0
2019-02-15,17,0,34,3.51,3.51,0.0,39.729872,0.0
2019-02-15,17,0,35,3.51,3.51,0.0,39.729872,0.0
2019-02-15,17,0,36,8.48,8.48,0.0,63.337275,0.0
2019-02-15,17,0,37,4.09,4.09,0.0,30.37566,0.0
2019-02-15,17,0,38,5.25,5.25,0.0,38.990762,0.0
2019-02-15,17,0,39,3.5,3.5,0.0,25.993841,0.0
2019-02-15,17,0,40,3.5,3.5,0.0,25.993841,0.0
2019-02-15,17,0,41,34.8,34.8,0.0,156.754129,0.0
2019-02-15,17,0,42,51.92,51.92,0.0,494.063402,0.0
2019-02-15,17,0,43,25.11,25.11,0.0,194.488147,0.0
2019-02-15,17,0,46,20.99,20.99,0.0,144.88448,0.0
2019-02-15,17,0,52,132.5,132.5,0.0,257.186823,0.0
2019-02-15,17,0,53,210.5,210.5,0.0,408.587368,0.0
2019-02-15,17,0,55,623.0,623.0,0.0,1239.069086,0.0
2019-02-15,17,0,56,135.2,135.2,0.0,262.427611,0.0
2019-02-15,17,0,57,128.6,128.6,0.0,249.616796,0.0
2019-02-15,17,0,58,247.31,247.31,0.0,480.036779,0.0
2019-02-15,17,0,59,243.19,243.19,0.0,472.039725,0.0
2019-02-15,17,0,63,84.69,84.69,0.0,2302.646573,0.0
2019-02-15,17,0,64,99.61,99.61,0.0,2708.308243,0.0
2019-02-15,17,0,65,13.27,13.27,0.0,129.746387,0.0
2019-02-15,17,0,67,249.71,249.71,0.0,-6043.449336,0.0
2019-02-15,17,0,68,19.11,19.11,0.0,-240.500096,0.0
2019-02-15,17,0,69,2.19,2.19,0.0,24.788724,0.0
2019-02-15,17,0,74,36.77,36.77,0.0,297.870701,0.0
2019-02-15,17,0,77,60.0,60.0,0.0,-156.307623,0.0
2019-02-15,17,0,78,45.36,45.36,0.0,-118.168563,0.0
2019-02-15,17,0,79,26.25,26.25,0.0,-68.384585,0.0
2019-02-15,17,0,80,42.45,42.45,0.0,-110.587643,0.0
2019-02-15,17,0,81,55.5,55.5,0.0,-144.584551,0.0
2019-02-15,17,0,82,39.15,39.15,0.0,-101.990724,0.0
2019-02-15,17,0,83,87.3,87.3,0.0,-227.427591,0.0
2019-02-15,17,0,84,0.0,0.0,0.0,0.0,0.0
2019-02-15,17,0,86,11.11,11.11,0.0,125.754666,0.0
2019-02-15,17,0,87,56.73,56.73,0.0,642.129812,0.0
2019-02-15,17,0,88,51.18,51.18,0.0,-133.330402,0.0
2019-02-15,17,0,89,49.2,49.2,0.0,-128.172251,0.0
2019-02-15,17,0,90,66.06,66.06,0.0,-172.094692,0.0
2019-02-15,17,0,91,235.65,235.65,0.0,-613.898188,0.0
2019-02-15,17,0,92,84.75,84.75,0.0,-220.784517,0.0
2019-02-15,17,0,95,41.96,41.96,0.0,890.358932,0.0
2019-02-15,17,0,96,29.88,29.88,0.0,56.504057,0.0
2019-02-15,17,0,97,183.75,183.75,0.0,347.47726,0.0
2019-02-15,17,0,99,7.48,7.48,0.0,60.594856,0.0
2019-02-15,17,0,101,9.23,9.23,0.0,17.915731,0.0
2019-02-15,17,0,102,45.19,45.19,0.0,-568.717915,0.0
2019-02-15,17,0,103,39.3,39.3,0.0,-494.592035,0.0
2019-02-15,17,0,104,7.33,7.33,0.0,-92.248336,0.0
2019-02-15,17,0,106,188.28,188.28,0.0,374.465373,0.0
2019-02-15,17,0,109,60.0,60.0,0.0,366.46238,0.0
2019-02-15,17,0,110,338.6,338.6,0.0,-20240.257395,0.0
2019-02-15,17,0,111,15.1,15.1,0.0,68.016878,0.0
2019-02-15,17,0,113,45.0,45.0,0.0,-56.367948,0.0
2019-02-15,17,0,115,45.0,45.0,0.0,-56.367948,0.0
2019-02-15,17,0,116,86.35,86.35,0.0,-5161.68407,0.0
2019-02-15,17,0,117,3.0,3.0,0.0,-3.757863,0.0
2019-02-15,17,0,119,99.61,99.61,0.0,2708.308243,0.0
2019-02-15,17,0,120,58.62,58.62,0.0,1593.826214,0.0
2019-02-15,17,0,123,3.14,3.14,0.0,6.245067,0.0
2019-02-15,17,0,125,75.89,75.89,0.0,150.935719,0.0
2019-02-15,17,0,126,141.21,141.21,0.0,280.84903,0.0
2019-02-15,17,0,127,181.21,181.21,0.0,360.404027,0.0
2019-02-15,17,0,128,109.23,109.23,0.0,217.244809,0.0
2019-02-15,17,0,131,30.0,30.0,0.0,-284.476228,0.0
2019-02-15,17,0,132,44.1,44.1,0.0,-418.180055,0.0
2019-02-15,17,0,133,111.85,111.85,0.0,1100.907945,0.0
2019-02-15,17,0,134,0.0,0.0,0.0,0.0,0.0
2019-02-15,17,0,135,146.43,146.43,0.0,1441.269114,0.0
2019-02-15,17,0,136,21.01,21.01,0.0,205.354804,0.0
2019-02-15,17,0,139,44.94,44.94,0.0,202.429039,0.0
2019-02-15,17,0,140,250.6,250.6,0.0,-14979.942419,0.0
2019-02-15,17,0,141,230.0,230.0,0.0,-5566.430448,0.0
2019-02-15,17,0,142,329.31,329.31,0.0,-7969.918308,0.0
2019-02-15,17,0,143,238.5,238.5,0.0,462.936282,0.0
2019-02-15,17,0,145,30.0,30.0,0.0,104.642363,0.0
2019-02-15,17,0,146,75.95,75.95,0.0,-4540.010482,0.0
2019-02-15,17,0,152,6.55,6.55,0.0,53.328521,0.0
2019-02-15,17,0,153,8.07,8.07,0.0,65.085733,0.0
2019-02-15,17,0,154,62.28,62.28,0.0,280.535838,0.0
2019-02-15,17,0,157,250.0,250.0,0.0,-6050.467878,0.0
2019-02-15,17,0,158,255.45,255.45,0.0,-6182.368078,0.0
2019-02-15,17,0,159,0.0,0.0,0.0,0.0,0.0
2019-02-15,17,0,160,1.96,1.96,0.0,17.19926,0.0
2019-02-15,17,0,161,45.8,45.8,0.0,-576.394789,0.0
2019-02-15,17,0,162,91.33,91.33,0.0,1944.113407,0.0
2019-02-15,17,0,163,75.7,75.7,0.0,-4525.066405,0.0
2019-02-15,17,0,164,17.61,17.61,0.0,34.181585,0.0
2019-02-15,17,0,167,4.3,4.3,0.0,90.495542,0.0
2019-02-15,17,0,168,2.15,2.15,0.0,45.247771,0.0
2019-02-15,17,0,169,0.0,0.0,0.0,0.0,0.0
2019-02-15,17,0,170,4.71,4.71,0.0,99.124187,0.0
2019-02-15,17,0,172,5.52,5.52,0.0,104.894659,0.0
2019-02-15,17,0,173,8.41,8.41,0.0,159.812333,0.0
2019-02-15,17,0,188,7.35,7.35,0.0,146.044572,0.0
2019-02-15,17,0,190,6.99,6.99,0.0,190.051949,0.0
2019-02-15,17,0,191,18.07,18.07,0.0,491.307398,0.0
2019-02-15,17,0,192,332.6,332.6,0.0,9043.101312,0.0
2019-02-15,17,0,194,52.95,52.95,0.0,458.354474,0.0
2019-02-15,17,0,196,4.67,4.67,0.0,183.942853,0.0
2019-02-15,17,0,198,8.23,8.23,0.0,85.35945,0.0
2019-02-15,17,0,199,8.56,8.56,0.0,111.051908,0.0
2019-02-15,17,0,200,13.77,13.77,0.0,178.64308,0.0
2019-02-15,17,0,204,257.1,257.1,0.0,1519.045345,0.0
2019-02-15,17,0,205,317.4,317.4,0.0,1938.585993,0.0
2019-02-15,17,0,206,539.94,539.94,0.0,1021.044201,0.0
2019-02-15,17,0,210,1.74,1.74,0.0,17.866019,0.0
2019-02-15,17,0,214,10.12,10.12,0.0,123.424405,0.0
2019-02-15,17,0,217,6.59,6.59,0.0,74.902419,0.0
2019-02-15,17,0,218,9.09,9.09,0.0,103.3176,0.0
2019-02-15,17,0,219,6.19,6.19,0.0,70.35599,0.0
2019-02-15,17,0,221,5.4,5.4,0.0,65.858872,0.0
2019-02-15,17,0,225,4.97,4.97,0.0,48.996482,0.0
2019-02-15,17,0,233,6.29,6.29,0.0,71.196836,0.0
2019-02-15,17,0,236,55.14,55.14,0.0,497.370722,0.0
2019-02-15,17,0,237,90.86,90.86,0.0,736.049276,0.0
2019-02-15,17,0,238,67.58,67.58,0.0,643.081755,0.0
2019-02-15,17,0,240,9.61,9.61,0.0,71.777266,0.0
2019-02-15,17,0,245,63.43,63.43,0.0,637.885836,0.0
2019-02-15,17,0,247,65.11,65.11,0.0,654.78081,0.0
2019-02-15,17,0,248,9.24,9.24,0.0,74.852469,0.0
2019-02-15,17,0,249,121.98,121.98,0.0,1226.695796,0.0
2019-02-15,17,0,251,66.59,66.59,0.0,644.554433,0.0
2019-02-15,17,0,252,85.59,85.59,0.0,836.849532,0.0
2019-02-15,17,0,254,13.66,13.66,0.0,109.332328,0.0
2019-02-15,17,0,255,6.26,6.26,0.0,50.10398,0.0
2019-02-15,17,0,258,11.78,11.78,0.0,88.510958,0.0
2019-02-15,17,0,260,4.77,4.77,0.0,41.857382,0.0
2019-02-15,17,0,265,64.48,64.48,0.0,290.445582,0.0
2019-02-15,17,0,266,29.1,29.1,0.0,131.078884,0.0
2019-02-15,17,0,267,35.76,35.76,0.0,161.078381,0.0
2019-02-15,17,0,270,236.42,236.42,0.0,-14132.314392,0.0
2019-02-15,17,0,272,150.39,150.39,0.0,-188.381682,0.0
2019-02-15,17,0,273,20.65,20.65,0.0,-1234.38073,0.0
2019-02-15,17,0,274,304.77,304.77,0.0,-18218.024945,0.0
2019-02-15,17,0,275,424.25,424.25,0.0,-25360.09805,0.0
2019-02-15,17,0,276,4.69,4.69,0.0,-243.098112,0.0
2019-02-15,17,0,277,5.93,5.93,0.0,-10.643535,0.0
2019-02-15,17,0,278,9.48,9.48,0.0,-17.015297,0.0
2019-02-15,17,0,279,264.6,264.6,0.0,-474.920627,0.0
2019-02-15,17,0,281,56.1,56.1,0.0,108.89193,0.0
2019-02-15,17,0,282,251.43,251.43,0.0,488.033834,0.0
2019-02-15,18,0,9,1.49,1.49,0.0,-21.966236,0.0
2019-02-15,18,0,17,22.14,22.14,0.0,239.378935,0.0
2019-02-15,18,0,19,280.28,280.28,0.0,3030.403247,0.0
2019-02-15,18,0,20,341.3,341.3,0.0,3690.154945,0.0
2019-02-15,18,0,21,34.05,34.05,0.0,-501.980102,0.0
2019-02-15,18,0,22,121.03,121.03,0.0,-1784.277584,0.0
2019-02-15,18,0,23,94.93,94.93,0.0,-1399.499885,0.0
2019-02-15,18,0,24,168.46,168.46,0.0,-2483.511541,0.0
2019-02-15,18,0,29,3.02,3.02,0.0,17.386778,0.0
2019-02-15,18,0,30,292.36,292.36,0.0,-4354.576654,0.0
2019-02-15,18,0,31,92.34,92.34,0.0,-1375.364647,0.0
2019-02-15,18,0,32,2.09,2.09,0.0,45.63603,0.0
2019-02-15,18,0,33,1.29,1.29,0.0,20.417895,0.0
2019-02-15,18,0,34,2.07,2.07,0.0,32.763599,0.0
2019-02-15,18,0,35,2.07,2.07,0.0,32.763599,0.0
2019-02-15,18,0,36,5.09,5.09,0.0,13.157216,0.0
2019-02-15,18,0,37,2.45,2.45,0.0,5.899121,0.0
2019-02-15,18,0,38,3.15,3.15,0.0,7.584584,0.0
2019-02-15,18,0,39,2.1,2.1,0.0,5.056389,0.0
2019-02-15,18,0,40,2.1,2.1,0.0,5.056389,0.0
2019-02-15,18,0,41,34.8,34.8,0.0,-233.0535,0.0
2019-02-15,18,0,42,32.23,32.23,0.0,313.430748,0.0
2019-02-15,18,0,43,14.93,14.93,0.0,49.067929,0.0
2019-02-15,18,0,46,12.55,12.55,0.0,8.865872,0.0
2019-02-15,18,0,52,97.89,97.89,0.0,-1458.029514,0.0
2019-02-15,18,0,53,155.55,155.55,0.0,-2316.850453,0.0
2019-02-15,18,0,55,460.54,460.54,0.0,-6789.483587,0.0
2019-02-15,18,0,56,86.23,86.23,0.0,-1284.358821,0.0
2019-02-15,18,0,57,82.03,82.03,0.0,-1221.801625,0.0
2019-02-15,18,0,58,157.75,157.75,0.0,-2349.618509,0.0
2019-02-15,18,0,59,155.12,155.12,0.0,-2310.445788,0.0
2019-02-15,18,0,63,170.0,170.0,0.0,6261.969271,0.0
2019-02-15,18,0,64,200.0,200.0,0.0,7367.022672,0.0
2019-02-15,18,0,65,7.88,7.88,0.0,83.607496,0.0
2019-02-15,18,0,67,158.04,158.04,0.0,-12688.645738,0.0
2019-02-15,18,0,68,4.8,4.8,0.0,-254.500497,0.0
2019-02-15,18,0,69,1.29,1.29,0.0,20.417895,0.0
2019-02-15,18,0,74,15.3,15.3,0.0,75.997535,0.0
2019-02-15,18,0,77,44.82,44.82,0.0,-1315.037025,0.0
2019-02-15,18,0,78,33.88,33.88,0.0,-994.052977,0.0
2019-02-15,18,0,79,19.61,19.61,0.0,-575.365374,0.0
2019-02-15,18,0,80,31.71,31.71,0.0,-930.384294,0.0
2019-02-15,18,0,81,41.45,41.45,0.0,-1216.159855,0.0
2019-02-15,18,0,82,29.24,29.24,0.0,-857.91349,0.0
2019-02-15,18,0,83,65.21,65.21,0.0,-1913.287916,0.0
2019-02-15,18,0,84,0.0,0.0,0.0,0.0,0.0
2019-02-15,18,0,86,6.56,6.56,0.0,103.830538,0.0
2019-02-15,18,0,87,33.49,33.49,0.0,530.073887,0.0
2019-02-15,18,0,88,36.87,36.87,0.0,-1081.780792,0.0
2019-02-15,18,0,89,35.45,35.45,0.0,-1040.117415,0.0
2019-02-15,18,0,90,47.59,47.59,0.0,-1396.309952,0.0
2019-02-15,18,0,91,169.78,169.78,0.0,-4981.414238,0.0
2019-02-15,18,0,92,61.06,61.06,0.0,-1791.525229,0.0
2019-02-15,18,0,95,65.76,65.76,0.0,1468.535935,0.0
2019-02-15,18,0,96,29.88,29.88,0.0,-449.800414,0.0
2019-02-15,18,0,97,183.75,183.75,0.0,-2766.091906,0.0
2019-02-15,18,0,99,2.95,2.95,0.0,14.65312,0.0
2019-02-15,18,0,101,5.89,5.89,0.0,-87.729021,0.0
2019-02-15,18,0,102,11.36,11.36,0.0,-602.317842,0.0
2019-02-15,18,0,103,9.87,9.87,0.0,-523.316646,0.0
2019-02-15,18,0,104,1.83,1.83,0.0,-97.028314,0.0
2019-02-15,18,0,106,119.14,119.14,0.0,-1756.414371,0.0
2019-02-15,18,0,109,57.27,57.27,0.0,-96.319136,0.0
2019-02-15,18,0,110,338.6,338.6,0.0,-55458.151051,0.0
2019-02-15,18,0,111,9.45,9.45,0.0,-63.28608,0.0
2019-02-15,18,0,113,22.53,22.53,0.0,-608.461198,0.0
2019-02-15,18,0,115,22.53,22.53,0.0,-608.461198,0.0
2019-02-15,18,0,116,52.88,52.88,0.0,-8661.036703,0.0
2019-02-15,18,0,117,1.5,1.5,0.0,-40.510066,0.0
2019-02-15,18,0,119,200.0,200.0,0.0,7367.022672,0.0
2019-02-15,18,0,120,117.6,117.6,0.0,4331.809331,0.0
2019-02-15,18,0,123,1.99,1.99,0.0,-29.337457,0.0
2019-02-15,18,0,125,152.35,152.35,0.0,-2246.010823,0.0
2019-02-15,18,0,126,89.35,89.35,0.0,-1317.237066,0.0
2019-02-15,18,0,127,114.67,114.67,0.0,-1690.515662,0.0
2019-02-15,18,0,128,218.77,218.77,0.0,-3225.203727,0.0
2019-02-15,18,0,131,18.8,18.8,0.0,-859.890606,0.0
2019-02-15,18,0,132,27.63,27.63,0.0,-1263.764757,0.0
2019-02-15,18,0,133,108.84,108.84,0.0,1178.855311,0.0
2019-02-15,18,0,134,0.0,0.0,0.0,0.0,0.0
2019-02-15,18,0,135,145.83,145.83,0.0,1579.497152,0.0
2019-02-15,18,0,136,15.54,15.54,0.0,164.70847,0.0
2019-02-15,18,0,139,44.94,44.94,0.0,-300.960469,0.0
2019-02-15,18,0,140,250.6,250.6,0.0,-41044.928096,0.0
2019-02-15,18,0,141,199.02,199.02,0.0,-15978.829883,0.0
2019-02-15,18,0,142,208.42,208.42,0.0,-16733.532933,0.0
2019-02-15,18,0,143,176.17,176.17,0.0,-2623.976499,0.0
2019-02-15,18,0,145,26.41,26.41,0.0,-263.781445,0.0
2019-02-15,18,0,146,113.86,113.86,0.0,-18648.745064,0.0
2019-02-15,18,0,152,3.97,3.97,0.0,20.067833,0.0
2019-02-15,18,0,153,4.88,4.88,0.0,23.396257,0.0
2019-02-15,18,0,154,38.99,38.99,0.0,-261.113678,0.0
2019-02-15,18,0,157,156.95,156.95,0.0,-12601.132299,0.0
2019-02-15,18,0,158,163.22,163.22,0.0,-13104.535291,0.0
2019-02-15,18,0,159,0.0,0.0,0.0,0.0,0.0
2019-02-15,18,0,160,1.16,1.16,0.0,7.242508,0.0
2019-02-15,18,0,161,28.55,28.55,0.0,-1513.747746,0.0
2019-02-15,18,0,162,122.84,122.84,0.0,2763.914022,0.0
2019-02-15,18,0,163,121.06,121.06,0.0,-19828.00876,0.0
2019-02-15,18,0,164,11.07,11.07,0.0,-164.882896,0.0
2019-02-15,18,0,167,2.41,2.41,0.0,52.818582,0.0
2019-02-15,18,0,168,1.21,1.21,0.0,26.518873,0.0
2019-02-15,18,0,169,0.0,0.0,0.0,0.0,0.0
2019-02-15,18,0,170,2.64,2.64,0.0,57.859359,0.0
2019-02-15,18,0,172,3.11,3.11,0.0,49.254076,0.0
2019-02-15,18,0,173,4.74,4.74,0.0,75.068913,0.0
2019-02-15,18,0,188,4.19,4.19,0.0,79.574578,0.0
2019-02-15,18,0,190,4.16,4.16,0.0,134.898638,0.0
2019-02-15,18,0,191,10.75,10.75,0.0,348.596239,0.0
2019-02-15,18,0,192,332.6,332.6,0.0,10785.405497,0.0
2019-02-15,18,0,194,36.92,36.92,0.0,-167.366429,0.0
2019-02-15,18,0,196,2.82,2.82,0.0,184.848656,0.0
2019-02-15,18,0,198,4.77,4.77,0.0,49.982428,0.0
2019-02-15,18,0,199,0.0,0.0,0.0,0.0,0.0
2019-02-15,18,0,200,7.9,7.9,0.0,113.057994,0.0
2019-02-15,18,0,204,222.9,222.9,0.0,-520.843127,0.0
2019-02-15,18,0,205,302.95,302.95,0.0,-509.51427,0.0
2019-02-15,18,0,206,539.94,539.94,0.0,-8128.019937,0.0
2019-02-15,18,0,210,0.96,0.96,0.0,6.861924,0.0
2019-02-15,18,0,214,5.76,5.76,0.0,108.272649,0.0
2019-02-15,18,0,217,3.69,3.69,0.0,50.725112,0.0
2019-02-15,18,0,218,5.09,5.09,0.0,69.970411,0.0
2019-02-15,18,0,219,3.47,3.47,0.0,47.70085,0.0
2019-02-15,18,0,221,3.07,3.07,0.0,57.707818,0.0
2019-02-15,18,0,225,2.75,2.75,0.0,15.463014,0.0
2019-02-15,18,0,233,3.71,3.71,0.0,58.721234,0.0
2019-02-15,18,0,236,37.86,37.86,0.0,304.478155,0.0
2019-02-15,18,0,237,36.71,36.71,0.0,182.344413,0.0
2019-02-15,18,0,238,41.96,41.96,0.0,408.053186,0.0
2019-02-15,18,0,240,5.77,5.77,0.0,14.914958,0.0
2019-02-15,18,0,245,44.43,44.43,0.0,513.37771,0.0
2019-02-15,18,0,247,42.36,42.36,0.0,489.45937,0.0
2019-02-15,18,0,248,3.69,3.69,0.0,18.328817,0.0
2019-02-15,18,0,249,85.43,85.43,0.0,987.122615,0.0
2019-02-15,18,0,251,36.06,36.06,0.0,370.642338,0.0
2019-02-15,18,0,252,50.83,50.83,0.0,539.310787,0.0
2019-02-15,18,0,254,8.06,8.06,0.0,32.47012,0.0
2019-02-15,18,0,255,3.7,3.7,0.0,14.905638,0.0
2019-02-15,18,0,258,7.07,7.07,0.0,19.076498,0.0
2019-02-15,18,0,260,2.81,2.81,0.0,17.544352,0.0
2019-02-15,18,0,265,40.37,40.37,0.0,-270.355454,0.0
2019-02-15,18,0,266,29.1,29.1,0.0,-194.880944,0.0
2019-02-15,18,0,267,35.76,35.76,0.0,-239.482563,0.0
2019-02-15,18,0,270,378.08,378.08,0.0,-61924.446986,0.0
2019-02-15,18,0,272,75.28,75.28,0.0,-2033.065201,0.0
2019-02-15,18,0,273,12.64,12.64,0.0,-2070.262934,0.0
2019-02-15,18,0,274,487.39,487.39,0.0,-79827.962909,0.0
2019-02-15,18,0,275,678.45,678.45,0.0,-111121.035383,0.0
2019-02-15,18,0,276,2.87,2.87,0.0,-416.560541,0.0
2019-02-15,18,0,277,3.63,3.63,0.0,-101.430648,0.0
2019-02-15,18,0,278,5.81,5.81,0.0,-162.344921,0.0
2019-02-15,18,0,279,132.86,132.86,0.0,-3712.417594,0.0
2019-02-15,18,0,281,41.41,41.41,0.0,-616.784168,0.0
2019-02-15,18,0,282,160.37,160.37,0.0,-2388.642284,0.0
2019-02-15,19,0,9,0.24,0.24,0.0,2.979898,0.0
2019-02-15,19,0,17,1.83,1.83,0.0,27.109471,0.0
2019-02-15,19,0,19,418.52,418.52,0.0,6199.921179,0.0
2019-02-15,19,0,20,508.7,508.7,0.0,7535.840351,0.0
2019-02-15,19,0,21,5.48,5.48,0.0,68.041012,0.0
2019-02-15,19,0,22,19.46,19.46,0.0,241.620091,0.0
2019-02-15,19,0,23,72.82,72.82,0.0,904.150823,0.0
2019-02-15,19,0,24,128.83,128.83,0.0,1599.5846,0.0
2019-02-15,19,0,29,0.06,0.06,0.0,0.438405,0.0
2019-02-15,19,0,30,54.4,54.4,0.0,674.933453,0.0
2019-02-15,19,0,31,37.5,37.5,0.0,465.257435,0.0
2019-02-15,19,0,32,0.09,0.09,0.0,4.484119,0.0
2019-02-15,19,0,33,0.1,0.1,0.0,1.553997,0.0
2019-02-15,19,0,34,0.16,0.16,0.0,2.486395,0.0
2019-02-15,19,0,35,0.16,0.16,0.0,2.486395,0.0
2019-02-15,19,0,36,0.47,0.47,0.0,6.274051,0.0
2019-02-15,19,0,37,0.22,0.22,0.0,2.92142,0.0
2019-02-15,19,0,38,0.28,0.28,0.0,3.718172,0.0
2019-02-15,19,0,39,0.19,0.19,0.0,2.523045,0.0
2019-02-15,19,0,40,0.19,0.19,0.0,2.523045,0.0
2019-02-15,19,0,41,31.21,31.21,0.0,404.983569,0.0
2019-02-15,19,0,42,5.18,5.18,0.0,75.920854,0.0
2019-02-15,19,0,43,1.33,1.33,0.0,17.487646,0.0
2019-02-15,19,0,46,1.1,1.1,0.0,14.439904,0.0
2019-02-15,19,0,52,39.75,39.75,0.0,493.172882,0.0
2019-02-15,19,0,53,63.15,63.15,0.0,783.493521,0.0
2019-02-15,19,0,55,186.9,186.9,0.0,2320.595838,0.0
2019-02-15,19,0,56,16.05,16.05,0.0,199.130182,0.0
2019-02-15,19,0,57,15.26,15.26,0.0,189.328759,0.0
2019-02-15,19,0,58,29.35,29.35,0.0,364.141486,0.0
2019-02-15,19,0,59,28.86,28.86,0.0,358.062122,0.0
2019-02-15,19,0,63,170.0,170.0,0.0,20214.381321,0.0
2019-02-15,19,0,64,200.0,200.0,0.0,23781.625084,0.0
2019-02-15,19,0,65,4.47,4.47,0.0,66.087532,0.0
2019-02-15,19,0,67,26.09,26.09,0.0,-14476.501971,0.0
2019-02-15,19,0,68,1.2,1.2,0.0,-491.411911,0.0
2019-02-15,19,0,69,0.1,0.1,0.0,1.553997,0.0
2019-02-15,19,0,74,9.48,9.48,0.0,132.798197,0.0
2019-02-15,19,0,77,10.84,10.84,0.0,-3126.611534,0.0
2019-02-15,19,0,78,8.2,8.2,0.0,-2365.148946,0.0
2019-02-15,19,0,79,4.74,4.74,0.0,-1367.171464,0.0
2019-02-15,19,0,80,7.67,7.67,0.0,-2212.279563,0.0
2019-02-15,19,0,81,10.03,10.03,0.0,-2892.980967,0.0
2019-02-15,19,0,82,7.08,7.08,0.0,-2042.104212,0.0
2019-02-15,19,0,83,15.78,15.78,0.0,-4551.469558,0.0
2019-02-15,19,0,84,0.0,0.0,0.0,0.0,0.0
2019-02-15,19,0,86,0.52,0.52,0.0,8.080785,0.0
2019-02-15,19,0,87,2.65,2.65,0.0,41.180925,0.0
2019-02-15,19,0,88,10.69,10.69,0.0,-3083.346614,0.0
2019-02-15,19,0,89,10.27,10.27,0.0,-2962.204839,0.0
2019-02-15,19,0,90,13.79,13.79,0.0,-3977.488289,0.0
2019-02-15,19,0,91,49.2,49.2,0.0,-14190.893678,0.0
2019-02-15,19,0,92,17.7,17.7,0.0,-5105.26053,0.0
2019-02-15,19,0,95,116.45,116.45,0.0,2959.424602,0.0
2019-02-15,19,0,96,15.87,15.87,0.0,196.741403,0.0
2019-02-15,19,0,97,97.6,97.6,0.0,1209.953431,0.0
2019-02-15,19,0,99,1.83,1.83,0.0,25.635095,0.0
2019-02-15,19,0,101,1.1,1.1,0.0,13.647551,0.0
2019-02-15,19,0,102,3.42,3.42,0.0,-1400.523946,0.0
2019-02-15,19,0,103,2.87,2.87,0.0,-1175.293487,0.0
2019-02-15,19,0,104,0.41,0.41,0.0,-167.89907,0.0
2019-02-15,19,0,106,19.16,19.16,0.0,237.895218,0.0
2019-02-15,19,0,109,28.59,28.59,0.0,376.563396,0.0
2019-02-15,19,0,110,338.6,338.6,0.0,-338600.0,0.0
2019-02-15,19,0,111,1.53,1.53,0.0,19.853408,0.0
2019-02-15,19,0,113,7.92,7.92,0.0,-2051.551149,0.0
2019-02-15,19,0,115,7.92,7.92,0.0,-2051.551149,0.0
2019-02-15,19,0,116,5.65,5.65,0.0,-5650.0,0.0
2019-02-15,19,0,117,0.53,0.53,0.0,-137.288145,0.0
2019-02-15,19,0,119,200.0,200.0,0.0,23781.625084,0.0
2019-02-15,19,0,120,117.6,117.6,0.0,13983.595549,0.0
2019-02-15,19,0,123,0.32,0.32,0.0,3.973198,0.0
2019-02-15,19,0,125,116.59,116.59,0.0,1447.609784,0.0
2019-02-15,19,0,126,14.37,14.37,0.0,178.421414,0.0
2019-02-15,19,0,127,18.44,18.44,0.0,228.955523,0.0
2019-02-15,19,0,128,166.98,166.98,0.0,2073.264275,0.0
2019-02-15,19,0,131,3.99,3.99,0.0,-1479.050322,0.0
2019-02-15,19,0,132,5.86,5.86,0.0,-2172.23932,0.0
2019-02-15,19,0,133,78.3,78.3,0.0,1160.145494,0.0
2019-02-15,19,0,134,0.0,0.0,0.0,0.0,0.0
2019-02-15,19,0,135,106.1,106.1,0.0,1572.049002,0.0
2019-02-15,19,0,136,11.4,11.4,0.0,168.527087,0.0
2019-02-15,19,0,139,40.3,40.3,0.0,522.936169,0.0
2019-02-15,19,0,140,250.6,250.6,0.0,-250600.0,0.0
2019-02-15,19,0,141,56.46,56.46,0.0,-31327.8383,0.0
2019-02-15,19,0,142,34.41,34.41,0.0,-19093.002407,0.0
2019-02-15,19,0,143,71.55,71.55,0.0,887.711187,0.0
2019-02-15,19,0,145,10.31,10.31,0.0,130.853412,0.0
2019-02-15,19,0,146,209.88,209.88,0.0,-209880.0,0.0
2019-02-15,19,0,152,0.4,0.4,0.0,5.582292,0.0
2019-02-15,19,0,153,0.48,0.48,0.0,6.679869,0.0
2019-02-15,19,0,154,6.33,6.33,0.0,82.138609,0.0
2019-02-15,19,0,157,81.07,81.07,0.0,-44983.135866,0.0
2019-02-15,19,0,158,34.54,34.54,0.0,-19165.135227,0.0
2019-02-15,19,0,159,0.0,0.0,0.0,0.0,0.0
2019-02-15,19,0,160,0.09,0.09,0.0,1.160558,0.0
2019-02-15,19,0,161,4.07,4.07,0.0,-1666.705398,0.0
2019-02-15,19,0,162,162.5,162.5,0.0,4257.257688,0.0
2019-02-15,19,0,163,185.4,185.4,0.0,-185400.0,0.0
2019-02-15,19,0,164,2.45,2.45,0.0,30.396819,0.0
2019-02-15,19,0,167,0.08,0.08,0.0,1.782392,0.0
2019-02-15,19,0,168,0.04,0.04,0.0,0.891196,0.0
2019-02-15,19,0,169,0.0,0.0,0.0,0.0,0.0
2019-02-15,19,0,170,0.09,0.09,0.0,2.005191,0.0
2019-02-15,19,0,172,0.1,0.1,0.0,2.170201,0.0
2019-02-15,19,0,173,0.16,0.16,0.0,3.472322,0.0
2019-02-15,19,0,188,0.2,0.2,0.0,6.053139,0.0
2019-02-15,19,0,190,0.35,0.35,0.0,11.349645,0.0
2019-02-15,19,0,191,0.91,0.91,0.0,29.509077,0.0
2019-02-15,19,0,192,332.6,332.6,0.0,10785.405497,0.0
2019-02-15,19,0,194,47.24,47.24,0.0,-5829.734438,0.0
2019-02-15,19,0,196,0.28,0.28,0.0,76.296848,0.0
2019-02-15,19,0,198,0.27,0.27,0.0,3.239828,0.0
2019-02-15,19,0,199,0.0,0.0,0.0,-0.0,0.0
2019-02-15,19,0,200,0.39,0.39,0.0,-11.077592,0.0
2019-02-15,19,0,204,111.67,111.67,0.0,1463.091561,0.0
2019-02-15,19,0,205,151.25,151.25,0.0,1992.137591,0.0
2019-02-15,19,0,206,286.8,286.8,0.0,3555.477909,0.0
2019-02-15,19,0,210,0.02,0.02,0.0,0.153442,0.0
2019-02-15,19,0,214,0.26,0.26,0.0,4.152533,0.0
2019-02-15,19,0,217,0.12,0.12,0.0,1.481634,0.0
2019-02-15,19,0,218,0.17,0.17,0.0,2.098982,0.0
2019-02-15,19,0,219,0.11,0.11,0.0,1.358165,0.0
2019-02-15,19,0,221,0.14,0.14,0.0,2.235979,0.0
2019-02-15,19,0,225,0.06,0.06,0.0,0.436289,0.0
2019-02-15,19,0,233,0.29,0.29,0.0,4.506592,0.0
2019-02-15,19,0,236,24.59,24.59,0.0,354.261879,0.0
2019-02-15,19,0,237,22.74,22.74,0.0,318.547575,0.0
2019-02-15,19,0,238,6.74,6.74,0.0,98.78505,0.0
2019-02-15,19,0,240,0.54,0.54,0.0,7.208484,0.0
2019-02-15,19,0,245,31.03,31.03,0.0,463.01188,0.0
2019-02-15,19,0,247,28.91,28.91,0.0,431.378454,0.0
2019-02-15,19,0,248,2.28,2.28,0.0,31.938807,0.0
2019-02-15,19,0,249,59.68,59.68,0.0,890.510763,0.0
2019-02-15,19,0,251,17.15,17.15,0.0,252.734105,0.0
2019-02-15,19,0,252,28.83,28.83,0.0,426.242404,0.0
2019-02-15,19,0,254,0.58,0.58,0.0,7.589293,0.0
2019-02-15,19,0,255,0.27,0.27,0.0,3.532947,0.0
2019-02-15,19,0,258,0.66,0.66,0.0,8.789003,0.0
2019-02-15,19,0,260,0.21,0.21,0.0,2.707968,0.0
2019-02-15,19,0,265,6.55,6.55,0.0,84.993348,0.0
2019-02-15,19,0,266,26.09,26.09,0.0,338.546021,0.0
2019-02-15,19,0,267,32.07,32.07,0.0,416.143001,0.0
2019-02-15,19,0,270,579.0,579.0,0.0,-579000.0,0.0
2019-02-15,19,0,272,26.47,26.47,0.0,-6856.636228,0.0
2019-02-15,19,0,273,1.35,1.35,0.0,-1350.0,0.0
2019-02-15,19,0,274,746.4,746.4,0.0,-746400.0,0.0
2019-02-15,19,0,275,1039.0,1039.0,0.0,-1039000.0,0.0
2019-02-15,19,0,276,0.32,0.32,0.0,-288.195643,0.0
2019-02-15,19,0,277,0.41,0.41,0.0,-111.036444,0.0
2019-02-15,19,0,278,0.66,0.66,0.0,-178.741592,0.0
2019-02-15,19,0,279,46.27,46.27,0.0,-12530.868888,0.0
2019-02-15,19,0,281,16.83,16.83,0.0,208.807537,0.0
2019-02-15,19,0,282,29.84,29.84,0.0,370.22085,0.0
2019-02-15,20,0,9,0.0,0.0,0.0,0.0,0.0
2019-02-15,20,0,17,0.0,0.0,0.0,0.0,0.0
2019-02-15,20,0,19,421.84,421.84,0.0,5806.87885,0.0
2019-02-15,20,0,20,511.61,511.61,0.0,7042.616368,0.0
2019-02-15,20,0,21,0.0,0.0,0.0,0.0,0.0
2019-02-15,20,0,22,0.0,0.0,0.0,0.0,0.0
2019-02-15,20,0,23,58.27,58.27,0.0,783.908434,0.0
2019-02-15,20,0,24,103.09,103.09,0.0,1386.873527,0.0
2019-02-15,20,0,29,0.0,0.0,0.0,0.0,0.0
2019-02-15,20,0,30,0.0,0.0,0.0,0.0,0.0
2019-02-15,20,0,31,37.5,37.5,0.0,504.597469,0.0
2019-02-15,20,0,32,0.0,0.0,0.0,0.0,0.0
2019-02-15,20,0,33,0.0,0.0,0.0,0.0,0.0
2019-02-15,20,0,34,0.0,0.0,0.0,0.0,0.0
2019-02-15,20,0,35,0.0,0.0,0.0,0.0,0.0
2019-02-15,20,0,36,0.0,0.0,0.0,0.0,0.0
2019-02-15,20,0,37,0.0,0.0,0.0,0.0,0.0
2019-02-15,20,0,38,0.0,0.0,0.0,0.0,0.0
2019-02-15,20,0,39,0.0,0.0,0.0,0.0,0.0
2019-02-15,20,0,40,0.0,0.0,0.0,0.0,0.0
2019-02-15,20,0,41,43.14,43.14,0.0,576.433873,0.0
2019-02-15,20,0,42,0.0,0.0,0.0,0.0,0.0
2019-02-15,20,0,43,0.0,0.0,0.0,0.0,0.0
2019-02-15,20,0,46,0.0,0.0,0.0,0.0,0.0
2019-02-15,20,0,52,39.75,39.75,0.0,534.873317,0.0
2019-02-15,20,0,53,63.15,63.15,0.0,849.742138,0.0
2019-02-15,20,0,55,186.9,186.9,0.0,2514.372512,0.0
2019-02-15,20,0,56,0.0,0.0,0.0,0.0,0.0
2019-02-15,20,0,57,0.0,0.0,0.0,0.0,0.0
2019-02-15,20,0,58,0.0,0.0,0.0,0.0,0.0
2019-02-15,20,0,59,0.0,0.0,0.0,0.0,0.0
2019-02-15,20,0,63,170.0,170.0,0.0,20221.412664,0.0
2019-02-15,20,0,64,200.0,200.0,0.0,23789.897251,0.0
2019-02-15,20,0,65,5.92,5.92,0.0,81.418536,0.0
2019-02-15,20,0,67,0.0,0.0,0.0,-0.0,0.0
2019-02-15,20,0,68,0.42,0.42,0.0,-172.178394,0.0
2019-02-15,20,0,69,0.0,0.0,0.0,0.0,0.0
2019-02-15,20,0,74,5.45,5.45,0.0,73.270528,0.0
2019-02-15,20,0,77,10.25,10.25,0.0,-2962.663511,0.0
2019-02-15,20,0,78,7.78,7.78,0.0,-2248.733865,0.0
2019-02-15,20,0,79,4.53,4.53,0.0,-1309.352752,0.0
2019-02-15,20,0,80,7.29,7.29,0.0,-2107.104097,0.0
2019-02-15,20,0,81,9.49,9.49,0.0,-2742.992851,0.0
2019-02-15,20,0,82,6.73,6.73,0.0,-1945.241505,0.0
2019-02-15,20,0,83,14.79,14.79,0.0,-4274.906666,0.0
2019-02-15,20,0,84,0.0,0.0,0.0,0.0,0.0
2019-02-15,20,0,86,0.0,0.0,0.0,0.0,0.0
2019-02-15,20,0,87,0.0,0.0,0.0,0.0,0.0
2019-02-15,20,0,88,11.61,11.61,0.0,-3355.758377,0.0
2019-02-15,20,0,89,11.17,11.17,0.0,-3228.580626,0.0
2019-02-15,20,0,90,14.98,14.98,0.0,-4329.824331,0.0
2019-02-15,20,0,91,53.33,53.33,0.0,-15414.521467,0.0
2019-02-15,20,0,92,19.21,19.21,0.0,-5552.46498,0.0
2019-02-15,20,0,95,120.0,120.0,0.0,3049.643213,0.0
2019-02-15,20,0,96,13.97,13.97,0.0,188.02166,0.0
2019-02-15,20,0,97,100.87,100.87,0.0,1357.605213,0.0
2019-02-15,20,0,99,1.05,1.05,0.0,14.11634,0.0
2019-02-15,20,0,101,0.0,0.0,0.0,0.0,0.0
2019-02-15,20,0,102,1.0,1.0,0.0,-409.948556,0.0
2019-02-15,20,0,103,0.87,0.87,0.0,-356.655244,0.0
2019-02-15,20,0,104,0.16,0.16,0.0,-65.591769,0.0
2019-02-15,20,0,106,0.0,0.0,0.0,0.0,0.0
2019-02-15,20,0,109,26.61,26.61,0.0,350.07086,0.0
2019-02-15,20,0,110,338.6,338.6,0.0,-338600.0,0.0
2019-02-15,20,0,111,0.0,0.0,0.0,0.0,0.0
2019-02-15,20,0,113,5.59,5.59,0.0,-1450.069755,0.0
2019-02-15,20,0,115,5.59,5.59,0.0,-1450.069755,0.0
2019-02-15,20,0,116,0.0,0.0,0.0,-0.0,0.0
2019-02-15,20,0,117,0.37,0.37,0.0,-95.979572,0.0
2019-02-15,20,0,119,200.0,200.0,0.0,23789.897251,0.0
2019-02-15,20,0,120,117.6,117.6,0.0,13988.459584,0.0
2019-02-15,20,0,123,0.0,0.0,0.0,0.0,0.0
2019-02-15,20,0,125,93.29,93.29,0.0,1255.03377,0.0
2019-02-15,20,0,126,0.0,0.0,0.0,0.0,0.0
2019-02-15,20,0,127,0.0,0.0,0.0,0.0,0.0
2019-02-15,20,0,128,133.62,133.62,0.0,1797.59473,0.0
2019-02-15,20,0,131,2.42,2.42,0.0,-898.199386,0.0
2019-02-15,20,0,132,3.56,3.56,0.0,-1321.318106,0.0
2019-02-15,20,0,133,54.96,54.96,0.0,756.621677,0.0
2019-02-15,20,0,134,0.0,0.0,0.0,0.0,0.0
2019-02-15,20,0,135,73.23,73.23,0.0,1008.140564,0.0
2019-02-15,20,0,136,13.01,13.01,0.0,178.919333,0.0
2019-02-15,20,0,139,57.74,57.74,0.0,771.518123,0.0
2019-02-15,20,0,140,250.6,250.6,0.0,-250600.0,0.0
2019-02-15,20,0,141,51.81,51.81,0.0,-28764.834086,0.0
2019-02-15,20,0,142,0.0,0.0,0.0,-0.0,0.0
2019-02-15,20,0,143,71.55,71.55,0.0,962.771971,0.0
2019-02-15,20,0,145,8.34,8.34,0.0,111.302098,0.0
2019-02-15,20,0,146,233.5,233.5,0.0,-233500.0,0.0
2019-02-15,20,0,152,0.0,0.0,0.0,0.0,0.0
2019-02-15,20,0,153,0.0,0.0,0.0,0.0,0.0
2019-02-15,20,0,154,0.0,0.0,0.0,0.0,0.0
2019-02-15,20,0,157,55.22,55.22,0.0,-30658.060958,0.0
2019-02-15,20,0,158,0.0,0.0,0.0,-0.0,0.0
2019-02-15,20,0,159,0.0,0.0,0.0,0.0,0.0
2019-02-15,20,0,160,0.0,0.0,0.0,0.0,0.0
2019-02-15,20,0,161,0.0,0.0,0.0,-0.0,0.0
2019-02-15,20,0,162,162.5,162.5,0.0,4256.801246,0.0
2019-02-15,20,0,163,185.4,185.4,0.0,-185400.0,0.0
2019-02-15,20,0,164,0.0,0.0,0.0,0.0,0.0
2019-02-15,20,0,167,0.0,0.0,0.0,0.0,0.0
2019-02-15,20,0,168,0.0,0.0,0.0,0.0,0.0
2019-02-15,20,0,169,0.0,0.0,0.0,0.0,0.0
2019-02-15,20,0,170,0.0,0.0,0.0,0.0,0.0
2019-02-15,20,0,172,0.0,0.0,0.0,0.0,0.0
2019-02-15,20,0,173,0.0,0.0,0.0,0.0,0.0
2019-02-15,20,0,188,0.0,0.0,0.0,0.0,0.0
2019-02-15,20,0,190,0.0,0.0,0.0,0.0,0.0
2019-02-15,20,0,191,0.0,0.0,0.0,0.0,0.0
2019-02-15,20,0,192,332.6,332.6,0.0,10785.405497,0.0
2019-02-15,20,0,194,65.24,65.24,0.0,-8065.980558,0.0
2019-02-15,20,0,196,0.0,0.0,0.0,0.0,0.0
2019-02-15,20,0,198,0.0,0.0,0.0,0.0,0.0
2019-02-15,20,0,199,8.72,8.72,0.0,-259.247237,0.0
2019-02-15,20,0,200,0.0,0.0,0.0,-0.0,0.0
2019-02-15,20,0,204,191.6,191.6,0.0,2517.62938,0.0
2019-02-15,20,0,205,140.78,140.78,0.0,1852.047189,0.0
2019-02-15,20,0,206,382.11,382.11,0.0,5142.802893,0.0
2019-02-15,20,0,210,0.0,0.0,0.0,0.0,0.0
2019-02-15,20,0,214,0.0,0.0,0.0,0.0,0.0
2019-02-15,20,0,217,0.0,0.0,0.0,0.0,0.0
2019-02-15,20,0,218,0.0,0.0,0.0,0.0,0.0
2019-02-15,20,0,219,0.0,0.0,0.0,0.0,0.0
2019-02-15,20,0,221,0.0,0.0,0.0,0.0,0.0
2019-02-15,20,0,225,0.0,0.0,0.0,0.0,0.0
2019-02-15,20,0,233,0.0,0.0,0.0,0.0,0.0
2019-02-15,20,0,236,16.16,16.16,0.0,219.59184,0.0
2019-02-15,20,0,237,13.07,13.07,0.0,175.714826,0.0
2019-02-15,20,0,238,0.0,0.0,0.0,0.0,0.0
2019-02-15,20,0,240,0.0,0.0,0.0,0.0,0.0
2019-02-15,20,0,245,56.3,56.3,0.0,777.583588,0.0
2019-02-15,20,0,247,32.29,32.29,0.0,445.97112,0.0
2019-02-15,20,0,248,1.31,1.31,0.0,17.611815,0.0
2019-02-15,20,0,249,108.23,108.23,0.0,1494.81122,0.0
2019-02-15,20,0,251,29.25,29.25,0.0,401.680491,0.0
2019-02-15,20,0,252,38.17,38.17,0.0,524.957013,0.0
2019-02-15,20,0,254,0.0,0.0,0.0,0.0,0.0
2019-02-15,20,0,255,0.0,0.0,0.0,0.0,0.0
2019-02-15,20,0,258,0.0,0.0,0.0,0.0,0.0
2019-02-15,20,0,260,0.0,0.0,0.0,0.0,0.0
2019-02-15,20,0,265,0.0,0.0,0.0,0.0,0.0
2019-02-15,20,0,266,35.19,35.19,0.0,470.20649,0.0
2019-02-15,20,0,267,44.5,44.5,0.0,594.606104,0.0
2019-02-15,20,0,270,579.0,579.0,0.0,-579000.0,0.0
2019-02-15,20,0,272,18.68,18.68,0.0,-4845.671381,0.0
2019-02-15,20,0,273,0.0,0.0,0.0,-0.0,0.0
2019-02-15,20,0,274,746.4,746.4,0.0,-746400.0,0.0
2019-02-15,20,0,275,1039.0,1039.0,0.0,-1039000.0,0.0
2019-02-15,20,0,276,0.0,0.0,0.0,-0.0,0.0
2019-02-15,20,0,277,0.0,0.0,0.0,-0.0,0.0
2019-02-15,20,0,278,0.0,0.0,0.0,-0.0,0.0
2019-02-15,20,0,279,81.04,81.04,0.0,-21985.004269,0.0
2019-02-15,20,0,281,16.83,16.83,0.0,226.463344,0.0
2019-02-15,20,0,282,0.0,0.0,0.0,0.0,0.0
2019-02-15,21,0,9,0.0,0.0,0.0,0.0,0.0
2019-02-15,21,0,17,0.0,0.0,0.0,0.0,0.0
2019-02-15,21,0,19,408.25,408.25,0.0,3635.604853,0.0
2019-02-15,21,0,20,495.13,495.13,0.0,4409.300749,0.0
2019-02-15,21,0,21,0.0,0.0,0.0,0.0,0.0
2019-02-15,21,0,22,0.0,0.0,0.0,0.0,0.0
2019-02-15,21,0,23,48.38,48.38,0.0,649.61069,0.0
2019-02-15,21,0,24,85.59,85.59,0.0,1149.23892,0.0
2019-02-15,21,0,29,0.0,0.0,0.0,0.0,0.0
2019-02-15,21,0,30,0.0,0.0,0.0,0.0,0.0
2019-02-15,21,0,31,27.48,27.48,0.0,369.769025,0.0
2019-02-15,21,0,32,0.0,0.0,0.0,0.0,0.0
2019-02-15,21,0,33,0.0,0.0,0.0,0.0,0.0
2019-02-15,21,0,34,0.0,0.0,0.0,0.0,0.0
2019-02-15,21,0,35,0.0,0.0,0.0,0.0,0.0
2019-02-15,21,0,36,0.0,0.0,0.0,0.0,0.0
2019-02-15,21,0,37,0.0,0.0,0.0,0.0,0.0
2019-02-15,21,0,38,0.0,0.0,0.0,0.0,0.0
2019-02-15,21,0,39,0.0,0.0,0.0,0.0,0.0
2019-02-15,21,0,40,0.0,0.0,0.0,0.0,0.0
2019-02-15,21,0,41,63.12,63.12,0.0,753.251138,0.0
2019-02-15,21,0,42,0.0,0.0,0.0,0.0,0.0
2019-02-15,21,0,43,0.0,0.0,0.0,0.0,0.0
2019-02-15,21,0,46,0.0,0.0,0.0,0.0,0.0
2019-02-15,21,0,52,29.13,29.13,0.0,391.971314,0.0
2019-02-15,21,0,53,46.28,46.28,0.0,622.740557,0.0
2019-02-15,21,0,55,139.91,139.91,0.0,1878.607516,0.0
2019-02-15,21,0,56,0.0,0.0,0.0,0.0,0.0
2019-02-15,21,0,57,0.0,0.0,0.0,0.0,0.0
2019-02-15,21,0,58,0.0,0.0,0.0,0.0,0.0
2019-02-15,21,0,59,0.0,0.0,0.0,0.0,0.0
2019-02-15,21,0,63,170.0,170.0,0.0,19480.300756,0.0
2019-02-15,21,0,64,200.0,200.0,0.0,22918.000889,0.0
2019-02-15,21,0,65,7.75,7.75,0.0,69.264765,0.0
2019-02-15,21,0,67,0.0,0.0,0.0,-0.0,0.0
2019-02-15,21,0,68,0.27,0.27,0.0,-111.548349,0.0
2019-02-15,21,0,69,0.0,0.0,0.0,0.0,0.0
2019-02-15,21,0,74,2.96,2.96,0.0,29.148102,0.0
2019-02-15,21,0,77,13.22,13.22,0.0,-3874.17041,0.0
2019-02-15,21,0,78,10.01,10.01,0.0,-2933.467913,0.0
2019-02-15,21,0,79,5.81,5.81,0.0,-1702.642215,0.0
2019-02-15,21,0,80,9.37,9.37,0.0,-2745.913521,0.0
2019-02-15,21,0,81,12.23,12.23,0.0,-3584.04721,0.0
2019-02-15,21,0,82,8.65,8.65,0.0,-2534.91483,0.0
2019-02-15,21,0,83,19.16,19.16,0.0,-5614.909611,0.0
2019-02-15,21,0,84,0.0,0.0,0.0,0.0,0.0
2019-02-15,21,0,86,0.0,0.0,0.0,0.0,0.0
2019-02-15,21,0,87,0.0,0.0,0.0,0.0,0.0
2019-02-15,21,0,88,13.31,13.31,0.0,-3900.545246,0.0
2019-02-15,21,0,89,12.79,12.79,0.0,-3748.157303,0.0
2019-02-15,21,0,90,17.18,17.18,0.0,-5034.663211,0.0
2019-02-15,21,0,91,61.28,61.28,0.0,-17958.333035,0.0
2019-02-15,21,0,92,22.04,22.04,0.0,-6458.904375,0.0
2019-02-15,21,0,95,120.0,120.0,0.0,3049.643213,0.0
2019-02-15,21,0,96,10.96,10.96,0.0,147.805478,0.0
2019-02-15,21,0,97,67.4,67.4,0.0,908.949749,0.0
2019-02-15,21,0,99,0.57,0.57,0.0,5.612979,0.0
2019-02-15,21,0,101,0.0,0.0,0.0,0.0,0.0
2019-02-15,21,0,102,0.64,0.64,0.0,-264.410901,0.0
2019-02-15,21,0,103,0.56,0.56,0.0,-231.359538,0.0
2019-02-15,21,0,104,0.1,0.1,0.0,-41.314203,0.0
2019-02-15,21,0,106,0.0,0.0,0.0,0.0,0.0
2019-02-15,21,0,109,34.64,34.64,0.0,379.218008,0.0
2019-02-15,21,0,110,338.6,338.6,0.0,-338600.0,0.0
2019-02-15,21,0,111,0.0,0.0,0.0,0.0,0.0
2019-02-15,21,0,113,12.95,12.95,0.0,-3406.295136,0.0
2019-02-15,21,0,115,12.95,12.95,0.0,-3406.295136,0.0
2019-02-15,21,0,116,0.0,0.0,0.0,-0.0,0.0
2019-02-15,21,0,117,0.87,0.87,0.0,-228.839905,0.0
2019-02-15,21,0,119,200.0,200.0,0.0,22918.000889,0.0
2019-02-15,21,0,120,117.6,117.6,0.0,13475.784523,0.0
2019-02-15,21,0,123,0.0,0.0,0.0,0.0,0.0
2019-02-15,21,0,125,77.46,77.46,0.0,1040.075321,0.0
2019-02-15,21,0,126,0.0,0.0,0.0,0.0,0.0
2019-02-15,21,0,127,0.0,0.0,0.0,0.0,0.0
2019-02-15,21,0,128,110.94,110.94,0.0,1489.619883,0.0
2019-02-15,21,0,131,1.34,1.34,0.0,-501.910663,0.0
2019-02-15,21,0,132,1.97,1.97,0.0,-737.883586,0.0
2019-02-15,21,0,133,44.1,44.1,0.0,392.59231,0.0
2019-02-15,21,0,134,0.0,0.0,0.0,0.0,0.0
2019-02-15,21,0,135,57.34,57.34,0.0,510.459026,0.0
2019-02-15,21,0,136,14.79,14.79,0.0,132.210005,0.0
2019-02-15,21,0,139,83.14,83.14,0.0,992.162541,0.0
2019-02-15,21,0,140,250.6,250.6,0.0,-250600.0,0.0
2019-02-15,21,0,141,55.45,55.45,0.0,-30919.244408,0.0
2019-02-15,21,0,142,0.0,0.0,0.0,-0.0,0.0
2019-02-15,21,0,143,54.87,54.87,0.0,738.327017,0.0
2019-02-15,21,0,145,6.69,6.69,0.0,83.790944,0.0
2019-02-15,21,0,146,259.07,259.07,0.0,-259070.0,0.0
2019-02-15,21,0,152,0.0,0.0,0.0,0.0,0.0
2019-02-15,21,0,153,0.0,0.0,0.0,0.0,0.0
2019-02-15,21,0,154,0.0,0.0,0.0,0.0,0.0
2019-02-15,21,0,157,40.36,40.36,0.0,-22504.972124,0.0
2019-02-15,21,0,158,0.0,0.0,0.0,-0.0,0.0
2019-02-15,21,0,159,0.0,0.0,0.0,0.0,0.0
2019-02-15,21,0,160,0.0,0.0,0.0,0.0,0.0
2019-02-15,21,0,161,0.0,0.0,0.0,-0.0,0.0
2019-02-15,21,0,162,162.5,162.5,0.0,4256.201709,0.0
2019-02-15,21,0,163,185.4,185.4,0.0,-185400.0,0.0
2019-02-15,21,0,164,0.0,0.0,0.0,0.0,0.0
2019-02-15,21,0,167,0.0,0.0,0.0,0.0,0.0
2019-02-15,21,0,168,0.0,0.0,0.0,0.0,0.0
2019-02-15,21,0,169,0.0,0.0,0.0,0.0,0.0
2019-02-15,21,0,170,0.0,0.0,0.0,0.0,0.0
2019-02-15,21,0,172,0.0,0.0,0.0,0.0,0.0
2019-02-15,21,0,173,0.0,0.0,0.0,0.0,0.0
2019-02-15,21,0,188,0.0,0.0,0.0,0.0,0.0
2019-02-15,21,0,190,0.0,0.0,0.0,0.0,0.0
2019-02-15,21,0,191,0.0,0.0,0.0,0.0,0.0
2019-02-15,21,0,192,332.6,332.6,0.0,10785.405497,0.0
2019-02-15,21,0,194,97.75,97.75,0.0,-12462.459559,0.0
2019-02-15,21,0,196,0.0,0.0,0.0,0.0,0.0
2019-02-15,21,0,198,0.0,0.0,0.0,0.0,0.0
2019-02-15,21,0,199,25.45,25.45,0.0,-838.949912,0.0
2019-02-15,21,0,200,0.0,0.0,0.0,-0.0,0.0
2019-02-15,21,0,204,335.74,335.74,0.0,3713.444916,0.0
2019-02-15,21,0,205,160.75,160.75,0.0,1759.794885,0.0
2019-02-15,21,0,206,198.06,198.06,0.0,2671.017616,0.0
2019-02-15,21,0,210,0.0,0.0,0.0,0.0,0.0
2019-02-15,21,0,214,0.0,0.0,0.0,0.0,0.0
2019-02-15,21,0,217,0.0,0.0,0.0,0.0,0.0
2019-02-15,21,0,218,0.0,0.0,0.0,0.0,0.0
2019-02-15,21,0,219,0.0,0.0,0.0,0.0,0.0
2019-02-15,21,0,221,0.0,0.0,0.0,0.0,0.0
2019-02-15,21,0,225,0.0,0.0,0.0,0.0,0.0
2019-02-15,21,0,233,0.0,0.0,0.0,0.0,0.0
2019-02-15,21,0,236,12.71,12.71,0.0,118.744963,0.0
2019-02-15,21,0,237,7.1,7.1,0.0,69.916055,0.0
2019-02-15,21,0,238,0.0,0.0,0.0,0.0,0.0
2019-02-15,21,0,240,0.0,0.0,0.0,0.0,0.0
2019-02-15,21,0,245,97.27,97.27,0.0,854.758588,0.0
2019-02-15,21,0,247,36.21,36.21,0.0,318.194803,0.0
2019-02-15,21,0,248,0.71,0.71,0.0,6.991606,0.0
2019-02-15,21,0,249,187.06,187.06,0.0,1643.786795,0.0
2019-02-15,21,0,251,49.84,49.84,0.0,448.062043,0.0
2019-02-15,21,0,252,49.98,49.98,0.0,446.690701,0.0
2019-02-15,21,0,254,0.0,0.0,0.0,0.0,0.0
2019-02-15,21,0,255,0.0,0.0,0.0,0.0,0.0
2019-02-15,21,0,258,0.0,0.0,0.0,0.0,0.0
2019-02-15,21,0,260,0.0,0.0,0.0,0.0,0.0
2019-02-15,21,0,265,0.0,0.0,0.0,0.0,0.0
2019-02-15,21,0,266,52.07,52.07,0.0,621.384454,0.0
2019-02-15,21,0,267,65.0,65.0,0.0,775.686374,0.0
2019-02-15,21,0,270,579.0,579.0,0.0,-579000.0,0.0
2019-02-15,21,0,272,43.24,43.24,0.0,-11373.606308,0.0
2019-02-15,21,0,273,0.0,0.0,0.0,-0.0,0.0
2019-02-15,21,0,274,746.4,746.4,0.0,-746400.0,0.0
2019-02-15,21,0,275,1039.0,1039.0,0.0,-1039000.0,0.0
2019-02-15,21,0,276,0.0,0.0,0.0,-0.0,0.0
2019-02-15,21,0,277,0.0,0.0,0.0,-0.0,0.0
2019-02-15,21,0,278,0.0,0.0,0.0,-0.0,0.0
2019-02-15,21,0,279,121.42,121.42,0.0,-33398.953376,0.0
2019-02-15,21,0,281,12.33,12.33,0.0,165.911648,0.0
2019-02-15,21,0,282,0.0,0.0,0.0,0.0,0.0
2019-02-15,22,0,9,0.0,0.0,0.0,0.0,0.0
2019-02-15,22,0,17,0.0,0.0,0.0,0.0,0.0
2019-02-15,22,0,19,395.33,395.33,0.0,3298.591305,0.0
2019-02-15,22,0,20,479.45,479.45,0.0,4000.479602,0.0
2019-02-15,22,0,21,0.0,0.0,0.0,0.0,0.0
2019-02-15,22,0,22,0.0,0.0,0.0,0.0,0.0
2019-02-15,22,0,23,42.27,42.27,0.0,552.043254,0.0
2019-02-15,22,0,24,74.79,74.79,0.0,976.752188,0.0
2019-02-15,22,0,29,0.0,0.0,0.0,0.0,0.0
2019-02-15,22,0,30,0.0,0.0,0.0,0.0,0.0
2019-02-15,22,0,31,14.04,14.04,0.0,183.78131,0.0
2019-02-15,22,0,32,0.0,0.0,0.0,0.0,0.0
2019-02-15,22,0,33,0.0,0.0,0.0,0.0,0.0
2019-02-15,22,0,34,0.0,0.0,0.0,0.0,0.0
2019-02-15,22,0,35,0.0,0.0,0.0,0.0,0.0
2019-02-15,22,0,36,0.0,0.0,0.0,0.0,0.0
2019-02-15,22,0,37,0.0,0.0,0.0,0.0,0.0
2019-02-15,22,0,38,0.0,0.0,0.0,0.0,0.0
2019-02-15,22,0,39,0.0,0.0,0.0,0.0,0.0
2019-02-15,22,0,40,0.0,0.0,0.0,0.0,0.0
2019-02-15,22,0,41,51.78,51.78,0.0,595.583442,0.0
2019-02-15,22,0,42,0.0,0.0,0.0,0.0,0.0
2019-02-15,22,0,43,0.0,0.0,0.0,0.0,0.0
2019-02-15,22,0,46,0.0,0.0,0.0,0.0,0.0
2019-02-15,22,0,52,14.88,14.88,0.0,194.776773,0.0
2019-02-15,22,0,53,23.64,23.64,0.0,309.443744,0.0
2019-02-15,22,0,55,161.65,161.65,0.0,2111.137734,0.0
2019-02-15,22,0,56,0.0,0.0,0.0,0.0,0.0
2019-02-15,22,0,57,0.0,0.0,0.0,0.0,0.0
2019-02-15,22,0,58,0.0,0.0,0.0,0.0,0.0
2019-02-15,22,0,59,0.0,0.0,0.0,0.0,0.0
2019-02-15,22,0,63,170.0,170.0,0.0,18813.53028,0.0
2019-02-15,22,0,64,200.0,200.0,0.0,22133.565035,0.0
2019-02-15,22,0,65,9.94,9.94,0.0,83.270546,0.0
2019-02-15,22,0,67,0.0,0.0,0.0,-0.0,0.0
2019-02-15,22,0,68,0.41,0.41,0.0,-170.249722,0.0
2019-02-15,22,0,69,0.0,0.0,0.0,0.0,0.0
2019-02-15,22,0,74,1.57,1.57,0.0,14.642328,0.0
2019-02-15,22,0,77,9.06,9.06,0.0,-2678.077101,0.0
2019-02-15,22,0,78,6.85,6.85,0.0,-2024.815468,0.0
2019-02-15,22,0,79,3.96,3.96,0.0,-1170.550256,0.0
2019-02-15,22,0,80,6.41,6.41,0.0,-1894.754328,0.0
2019-02-15,22,0,81,8.38,8.38,0.0,-2477.073521,0.0
2019-02-15,22,0,82,5.91,5.91,0.0,-1746.957579,0.0
2019-02-15,22,0,83,13.18,13.18,0.0,-3895.922316,0.0
2019-02-15,22,0,84,0.0,0.0,0.0,0.0,0.0
2019-02-15,22,0,86,0.0,0.0,0.0,0.0,0.0
2019-02-15,22,0,87,0.0,0.0,0.0,0.0,0.0
2019-02-15,22,0,88,11.24,11.24,0.0,-3322.470928,0.0
2019-02-15,22,0,89,10.81,10.81,0.0,-3195.365724,0.0
2019-02-15,22,0,90,14.51,14.51,0.0,-4289.06167,0.0
2019-02-15,22,0,91,51.76,51.76,0.0,-15299.919506,0.0
2019-02-15,22,0,92,18.62,18.62,0.0,-5503.950951,0.0
2019-02-15,22,0,95,120.0,120.0,0.0,3049.643213,0.0
2019-02-15,22,0,96,9.27,9.27,0.0,121.632525,0.0
2019-02-15,22,0,97,56.99,56.99,0.0,747.771046,0.0
2019-02-15,22,0,99,0.3,0.3,0.0,2.797897,0.0
2019-02-15,22,0,101,0.0,0.0,0.0,0.0,0.0
2019-02-15,22,0,102,0.96,0.96,0.0,-398.633495,0.0
2019-02-15,22,0,103,0.83,0.83,0.0,-344.651876,0.0
2019-02-15,22,0,104,0.16,0.16,0.0,-66.438916,0.0
2019-02-15,22,0,106,0.0,0.0,0.0,0.0,0.0
2019-02-15,22,0,109,66.96,66.96,0.0,701.31351,0.0
2019-02-15,22,0,110,338.6,338.6,0.0,-338600.0,0.0
2019-02-15,22,0,111,0.0,0.0,0.0,0.0,0.0
2019-02-15,22,0,113,42.22,42.22,0.0,-11215.884718,0.0
2019-02-15,22,0,115,42.22,42.22,0.0,-11215.884718,0.0
2019-02-15,22,0,116,0.0,0.0,0.0,-0.0,0.0
2019-02-15,22,0,117,2.81,2.81,0.0,-746.485932,0.0
2019-02-15,22,0,119,200.0,200.0,0.0,22133.565035,0.0
2019-02-15,22,0,120,117.6,117.6,0.0,13014.536241,0.0
2019-02-15,22,0,123,0.0,0.0,0.0,0.0,0.0
2019-02-15,22,0,125,67.68,67.68,0.0,883.896083,0.0
2019-02-15,22,0,126,0.0,0.0,0.0,0.0,0.0
2019-02-15,22,0,127,0.0,0.0,0.0,0.0,0.0
2019-02-15,22,0,128,96.93,96.93,0.0,1265.899045,0.0
2019-02-15,22,0,131,0.65,0.65,0.0,-244.919692,0.0
2019-02-15,22,0,132,0.95,0.95,0.0,-357.95955,0.0
2019-02-15,22,0,133,61.42,61.42,0.0,512.288499,0.0
2019-02-15,22,0,134,0.0,0.0,0.0,0.0,0.0
2019-02-15,22,0,135,82.3,82.3,0.0,686.443235,0.0
2019-02-15,22,0,136,16.74,16.74,0.0,140.26703,0.0
2019-02-15,22,0,139,66.87,66.87,0.0,769.151502,0.0
2019-02-15,22,0,140,250.6,250.6,0.0,-250600.0,0.0
2019-02-15,22,0,141,67.71,67.71,0.0,-37862.74152,0.0
2019-02-15,22,0,142,0.0,0.0,0.0,-0.0,0.0
2019-02-15,22,0,143,28.47,28.47,0.0,372.667657,0.0
2019-02-15,22,0,145,12.95,12.95,0.0,156.937645,0.0
2019-02-15,22,0,146,268.0,268.0,0.0,-268000.0,0.0
2019-02-15,22,0,152,0.0,0.0,0.0,0.0,0.0
2019-02-15,22,0,153,0.0,0.0,0.0,0.0,0.0
2019-02-15,22,0,154,0.0,0.0,0.0,0.0,0.0
2019-02-15,22,0,157,33.89,33.89,0.0,-18950.942403,0.0
2019-02-15,22,0,158,0.0,0.0,0.0,-0.0,0.0
2019-02-15,22,0,159,0.0,0.0,0.0,0.0,0.0
2019-02-15,22,0,160,0.0,0.0,0.0,0.0,0.0
2019-02-15,22,0,161,0.0,0.0,0.0,-0.0,0.0
2019-02-15,22,0,162,96.21,96.21,0.0,2520.036777,0.0
2019-02-15,22,0,163,185.4,185.4,0.0,-185400.0,0.0
2019-02-15,22,0,164,0.0,0.0,0.0,0.0,0.0
2019-02-15,22,0,167,0.0,0.0,0.0,0.0,0.0
2019-02-15,22,0,168,0.0,0.0,0.0,0.0,0.0
2019-02-15,22,0,169,0.0,0.0,0.0,0.0,0.0
2019-02-15,22,0,170,0.0,0.0,0.0,0.0,0.0
2019-02-15,22,0,172,0.0,0.0,0.0,0.0,0.0
2019-02-15,22,0,173,0.0,0.0,0.0,0.0,0.0
2019-02-15,22,0,188,0.0,0.0,0.0,0.0,0.0
2019-02-15,22,0,190,0.0,0.0,0.0,0.0,0.0
2019-02-15,22,0,191,0.0,0.0,0.0,0.0,0.0
2019-02-15,22,0,192,332.6,332.6,0.0,10785.405497,0.0
2019-02-15,22,0,194,149.53,149.53,0.0,-19524.296848,0.0
2019-02-15,22,0,196,0.0,0.0,0.0,0.0,0.0
2019-02-15,22,0,198,0.0,0.0,0.0,0.0,0.0
2019-02-15,22,0,199,56.48,56.48,0.0,-1941.395273,0.0
2019-02-15,22,0,200,0.0,0.0,0.0,-0.0,0.0
2019-02-15,22,0,204,339.86,339.86,0.0,3599.64382,0.0
2019-02-15,22,0,205,333.12,333.12,0.0,3488.971869,0.0
2019-02-15,22,0,206,167.47,167.47,0.0,2197.389316,0.0
2019-02-15,22,0,210,0.0,0.0,0.0,0.0,0.0
2019-02-15,22,0,214,0.0,0.0,0.0,0.0,0.0
2019-02-15,22,0,217,0.0,0.0,0.0,0.0,0.0
2019-02-15,22,0,218,0.0,0.0,0.0,0.0,0.0
2019-02-15,22,0,219,0.0,0.0,0.0,0.0,0.0
2019-02-15,22,0,221,0.0,0.0,0.0,0.0,0.0
2019-02-15,22,0,225,0.0,0.0,0.0,0.0,0.0
2019-02-15,22,0,233,0.0,0.0,0.0,0.0,0.0
2019-02-15,22,0,236,13.31,13.31,0.0,117.127562,0.0
2019-02-15,22,0,237,3.76,3.76,0.0,35.066978,0.0
2019-02-15,22,0,238,0.0,0.0,0.0,0.0,0.0
2019-02-15,22,0,240,0.0,0.0,0.0,0.0,0.0
2019-02-15,22,0,245,94.39,94.39,0.0,775.978165,0.0
2019-02-15,22,0,247,40.41,40.41,0.0,332.209743,0.0
2019-02-15,22,0,248,0.38,0.38,0.0,3.544003,0.0
2019-02-15,22,0,249,181.53,181.53,0.0,1492.354236,0.0
2019-02-15,22,0,251,169.45,169.45,0.0,1428.835838,0.0
2019-02-15,22,0,252,64.15,64.15,0.0,537.404983,0.0
2019-02-15,22,0,254,0.0,0.0,0.0,0.0,0.0
2019-02-15,22,0,255,0.0,0.0,0.0,0.0,0.0
2019-02-15,22,0,258,0.0,0.0,0.0,0.0,0.0
2019-02-15,22,0,260,0.0,0.0,0.0,0.0,0.0
2019-02-15,22,0,265,0.0,0.0,0.0,0.0,0.0
2019-02-15,22,0,266,43.3,43.3,0.0,498.044864,0.0
2019-02-15,22,0,267,53.21,53.21,0.0,612.031575,0.0
2019-02-15,22,0,270,579.0,579.0,0.0,-579000.0,0.0
2019-02-15,22,0,272,141.1,141.1,0.0,-37483.688624,0.0
2019-02-15,22,0,273,0.0,0.0,0.0,-0.0,0.0
2019-02-15,22,0,274,746.4,746.4,0.0,-746400.0,0.0
2019-02-15,22,0,275,1039.0,1039.0,0.0,-1039000.0,0.0
2019-02-15,22,0,276,0.0,0.0,0.0,-0.0,0.0
2019-02-15,22,0,277,0.0,0.0,0.0,-0.0,0.0
2019-02-15,22,0,278,0.0,0.0,0.0,-0.0,0.0
2019-02-15,22,0,279,105.79,105.79,0.0,-29373.317407,0.0
2019-02-15,22,0,281,6.3,6.3,0.0,82.465972,0.0
2019-02-15,22,0,282,0.0,0.0,0.0,0.0,0.0
2019-02-15,23,0,9,0.0,0.0,0.0,0.0,0.0
2019-02-15,23,0,17,0.0,0.0,0.0,0.0,0.0
2019-02-15,23,0,19,304.79,304.79,0.0,2462.377857,0.0
2019-02-15,23,0,20,369.65,369.65,0.0,2986.377423,0.0
2019-02-15,23,0,21,0.0,0.0,0.0,0.0,0.0
2019-02-15,23,0,22,0.0,0.0,0.0,0.0,0.0
2019-02-15,23,0,23,43.32,43.32,0.0,536.283945,0.0
2019-02-15,23,0,24,76.65,76.65,0.0,948.895762,0.0
2019-02-15,23,0,29,0.0,0.0,0.0,0.0,0.0
2019-02-15,23,0,30,0.0,0.0,0.0,0.0,0.0
2019-02-15,23,0,31,14.43,14.43,0.0,179.031061,0.0
2019-02-15,23,0,32,0.0,0.0,0.0,0.0,0.0
2019-02-15,23,0,33,0.0,0.0,0.0,0.0,0.0
2019-02-15,23,0,34,0.0,0.0,0.0,0.0,0.0
2019-02-15,23,0,35,0.0,0.0,0.0,0.0,0.0
2019-02-15,23,0,36,0.0,0.0,0.0,0.0,0.0
2019-02-15,23,0,37,0.0,0.0,0.0,0.0,0.0
2019-02-15,23,0,38,0.0,0.0,0.0,0.0,0.0
2019-02-15,23,0,39,0.0,0.0,0.0,0.0,0.0
2019-02-15,23,0,40,0.0,0.0,0.0,0.0,0.0
2019-02-15,23,0,41,36.74,36.74,0.0,402.635679,0.0
2019-02-15,23,0,42,0.0,0.0,0.0,0.0,0.0
2019-02-15,23,0,43,0.0,0.0,0.0,0.0,0.0
2019-02-15,23,0,46,0.0,0.0,0.0,0.0,0.0
2019-02-15,23,0,52,15.3,15.3,0.0,189.825034,0.0
2019-02-15,23,0,53,24.3,24.3,0.0,301.486818,0.0
2019-02-15,23,0,55,291.2,291.2,0.0,3604.937323,0.0
2019-02-15,23,0,56,0.0,0.0,0.0,0.0,0.0
2019-02-15,23,0,57,0.0,0.0,0.0,0.0,0.0
2019-02-15,23,0,58,0.0,0.0,0.0,0.0,0.0
2019-02-15,23,0,59,0.0,0.0,0.0,0.0,0.0
2019-02-15,23,0,63,170.0,170.0,0.0,19480.170353,0.0
2019-02-15,23,0,64,200.0,200.0,0.0,22917.847474,0.0
2019-02-15,23,0,65,8.43,8.43,0.0,68.362359,0.0
2019-02-15,23,0,67,0.0,0.0,0.0,-0.0,0.0
2019-02-15,23,0,68,0.73,0.73,0.0,-301.57962,0.0
2019-02-15,23,0,69,0.0,0.0,0.0,0.0,0.0
2019-02-15,23,0,74,0.0,0.0,0.0,0.0,0.0
2019-02-15,23,0,77,0.0,0.0,0.0,-0.0,0.0
2019-02-15,23,0,78,0.0,0.0,0.0,-0.0,0.0
2019-02-15,23,0,79,0.0,0.0,0.0,-0.0,0.0
2019-02-15,23,0,80,0.0,0.0,0.0,-0.0,0.0
2019-02-15,23,0,81,0.0,0.0,0.0,-0.0,0.0
2019-02-15,23,0,82,0.0,0.0,0.0,-0.0,0.0
2019-02-15,23,0,83,0.0,0.0,0.0,-0.0,0.0
2019-02-15,23,0,84,0.0,0.0,0.0,0.0,0.0
2019-02-15,23,0,86,0.0,0.0,0.0,0.0,0.0
2019-02-15,23,0,87,0.0,0.0,0.0,0.0,0.0
2019-02-15,23,0,88,7.82,7.82,0.0,-2291.427912,0.0
2019-02-15,23,0,89,7.52,7.52,0.0,-2203.521471,0.0
2019-02-15,23,0,90,10.09,10.09,0.0,-2956.586654,0.0
2019-02-15,23,0,91,36.01,36.01,0.0,-10551.703213,0.0
2019-02-15,23,0,92,12.95,12.95,0.0,-3794.628065,0.0
2019-02-15,23,0,95,120.0,120.0,0.0,3049.643213,0.0
2019-02-15,23,0,96,8.9,8.9,0.0,110.67477,0.0
2019-02-15,23,0,97,54.75,54.75,0.0,680.836364,0.0
2019-02-15,23,0,99,0.0,0.0,0.0,0.0,0.0
2019-02-15,23,0,101,0.0,0.0,0.0,0.0,0.0
2019-02-15,23,0,102,1.72,1.72,0.0,-710.571161,0.0
2019-02-15,23,0,103,1.5,1.5,0.0,-619.684152,0.0
2019-02-15,23,0,104,0.28,0.28,0.0,-115.674375,0.0
2019-02-15,23,0,106,0.0,0.0,0.0,0.0,0.0
2019-02-15,23,0,109,61.14,61.14,0.0,612.688646,0.0
2019-02-15,23,0,110,238.15,238.15,0.0,-238150.0,0.0
2019-02-15,23,0,111,0.0,0.0,0.0,0.0,0.0
2019-02-15,23,0,113,36.7,36.7,0.0,-9653.233057,0.0
2019-02-15,23,0,115,36.7,36.7,0.0,-9653.233057,0.0
2019-02-15,23,0,116,0.0,0.0,0.0,-0.0,0.0
2019-02-15,23,0,117,2.45,2.45,0.0,-644.42564,0.0
2019-02-15,23,0,119,200.0,200.0,0.0,22917.847474,0.0
2019-02-15,23,0,120,117.6,117.6,0.0,13475.694314,0.0
2019-02-15,23,0,123,0.0,0.0,0.0,0.0,0.0
2019-02-15,23,0,125,69.36,69.36,0.0,858.648533,0.0
2019-02-15,23,0,126,0.0,0.0,0.0,0.0,0.0
2019-02-15,23,0,127,0.0,0.0,0.0,0.0,0.0
2019-02-15,23,0,128,99.34,99.34,0.0,1229.788714,0.0
2019-02-15,23,0,131,0.0,0.0,0.0,-0.0,0.0
2019-02-15,23,0,132,0.0,0.0,0.0,-0.0,0.0
2019-02-15,23,0,133,48.99,48.99,0.0,395.646217,0.0
2019-02-15,23,0,134,0.0,0.0,0.0,0.0,0.0
2019-02-15,23,0,135,65.64,65.64,0.0,530.112629,0.0
2019-02-15,23,0,136,14.03,14.03,0.0,113.798554,0.0
2019-02-15,23,0,139,47.45,47.45,0.0,520.007157,0.0
2019-02-15,23,0,140,176.25,176.25,0.0,-176250.0,0.0
2019-02-15,23,0,141,48.85,48.85,0.0,-27238.336381,0.0
2019-02-15,23,0,142,0.0,0.0,0.0,-0.0,0.0
2019-02-15,23,0,143,28.25,28.25,0.0,350.493935,0.0
2019-02-15,23,0,145,3.85,3.85,0.0,44.356994,0.0
2019-02-15,23,0,146,178.67,178.67,0.0,-178670.0,0.0
2019-02-15,23,0,152,0.0,0.0,0.0,0.0,0.0
2019-02-15,23,0,153,0.0,0.0,0.0,0.0,0.0
2019-02-15,23,0,154,0.0,0.0,0.0,0.0,0.0
2019-02-15,23,0,157,23.88,23.88,0.0,-13315.280917,0.0
2019-02-15,23,0,158,0.0,0.0,0.0,-0.0,0.0
2019-02-15,23,0,159,0.0,0.0,0.0,0.0,0.0
2019-02-15,23,0,160,0.0,0.0,0.0,0.0,0.0
2019-02-15,23,0,161,0.0,0.0,0.0,-0.0,0.0
2019-02-15,23,0,162,48.75,48.75,0.0,1276.856701,0.0
2019-02-15,23,0,163,185.4,185.4,0.0,-185400.0,0.0
2019-02-15,23,0,164,0.0,0.0,0.0,0.0,0.0
2019-02-15,23,0,167,0.0,0.0,0.0,0.0,0.0
2019-02-15,23,0,168,0.0,0.0,0.0,0.0,0.0
2019-02-15,23,0,169,0.0,0.0,0.0,0.0,0.0
2019-02-15,23,0,170,0.0,0.0,0.0,0.0,0.0
2019-02-15,23,0,172,0.0,0.0,0.0,0.0,0.0
2019-02-15,23,0,173,0.0,0.0,0.0,0.0,0.0
2019-02-15,23,0,188,0.0,0.0,0.0,0.0,0.0
2019-02-15,23,0,190,0.0,0.0,0.0,0.0,0.0
2019-02-15,23,0,191,0.0,0.0,0.0,0.0,0.0
2019-02-15,23,0,192,332.6,332.6,0.0,10785.405497,0.0
2019-02-15,23,0,194,113.07,113.07,0.0,-14417.895012,0.0
2019-02-15,23,0,196,0.0,0.0,0.0,0.0,0.0
2019-02-15,23,0,198,0.0,0.0,0.0,0.0,0.0
2019-02-15,23,0,199,42.84,42.84,0.0,-1431.385537,0.0
2019-02-15,23,0,200,0.0,0.0,0.0,-0.0,0.0
2019-02-15,23,0,204,228.3,228.3,0.0,2312.363986,0.0
2019-02-15,23,0,205,323.44,323.44,0.0,3241.217137,0.0
2019-02-15,23,0,206,160.87,160.87,0.0,2000.477551,0.0
2019-02-15,23,0,210,0.0,0.0,0.0,0.0,0.0
2019-02-15,23,0,214,0.0,0.0,0.0,0.0,0.0
2019-02-15,23,0,217,0.0,0.0,0.0,0.0,0.0
2019-02-15,23,0,218,0.0,0.0,0.0,0.0,0.0
2019-02-15,23,0,219,0.0,0.0,0.0,0.0,0.0
2019-02-15,23,0,221,0.0,0.0,0.0,0.0,0.0
2019-02-15,23,0,225,0.0,0.0,0.0,0.0,0.0
2019-02-15,23,0,233,0.0,0.0,0.0,0.0,0.0
2019-02-15,23,0,236,13.09,13.09,0.0,111.19741,0.0
2019-02-15,23,0,237,0.0,0.0,0.0,0.0,0.0
2019-02-15,23,0,238,0.0,0.0,0.0,0.0,0.0
2019-02-15,23,0,240,0.0,0.0,0.0,0.0,0.0
2019-02-15,23,0,245,70.39,70.39,0.0,560.786144,0.0
2019-02-15,23,0,247,31.21,31.21,0.0,248.645199,0.0
2019-02-15,23,0,248,0.0,0.0,0.0,0.0,0.0
2019-02-15,23,0,249,135.36,135.36,0.0,1078.391994,0.0
2019-02-15,23,0,251,68.33,68.33,0.0,557.535838,0.0
2019-02-15,23,0,252,54.35,54.35,0.0,440.746643,0.0
2019-02-15,23,0,254,0.0,0.0,0.0,0.0,0.0
2019-02-15,23,0,255,0.0,0.0,0.0,0.0,0.0
2019-02-15,23,0,258,0.0,0.0,0.0,0.0,0.0
2019-02-15,23,0,260,0.0,0.0,0.0,0.0,0.0
2019-02-15,23,0,265,0.0,0.0,0.0,0.0,0.0
2019-02-15,23,0,266,30.72,30.72,0.0,336.662168,0.0
2019-02-15,23,0,267,37.75,37.75,0.0,413.704324,0.0
2019-02-15,23,0,270,579.0,579.0,0.0,-579000.0,0.0
2019-02-15,23,0,272,122.65,122.65,0.0,-32260.736632,0.0
2019-02-15,23,0,273,0.0,0.0,0.0,-0.0,0.0
2019-02-15,23,0,274,746.4,746.4,0.0,-746400.0,0.0
2019-02-15,23,0,275,1039.0,1039.0,0.0,-1039000.0,0.0
2019-02-15,23,0,276,0.0,0.0,0.0,-0.0,0.0
2019-02-15,23,0,277,0.0,0.0,0.0,-0.0,0.0
2019-02-15,23,0,278,0.0,0.0,0.0,-0.0,0.0
2019-02-15,23,0,279,93.08,93.08,0.0,-25602.081095,0.0
2019-02-15,23,0,281,6.48,6.48,0.0,80.396485,0.0
2019-02-15,23,0,282,0.0,0.0,0.0,0.0,0.0
2019-02-16,0,0,9,0.0,0.0,0.0,0.0,0.0
2019-02-16,0,0,17,0.0,0.0,0.0,0.0,0.0
2019-02-16,0,0,19,235.01,235.01,0.0,3517.978266,0.0
2019-02-16,0,0,20,285.02,285.02,0.0,4266.602124,0.0
2019-02-16,0,0,21,0.0,0.0,0.0,0.0,0.0
2019-02-16,0,0,22,0.0,0.0,0.0,0.0,0.0
2019-02-16,0,0,23,44.88,44.88,0.0,-337.800478,0.0
2019-02-16,0,0,24,79.41,79.41,0.0,-597.699107,0.0
2019-02-16,0,0,29,0.0,0.0,0.0,0.0,0.0
2019-02-16,0,0,30,0.0,0.0,0.0,0.0,0.0
2019-02-16,0,0,31,14.96,14.96,0.0,-114.553795,0.0
2019-02-16,0,0,32,0.0,0.0,0.0,0.0,0.0
2019-02-16,0,0,33,0.0,0.0,0.0,0.0,0.0
2019-02-16,0,0,34,0.0,0.0,0.0,0.0,0.0
2019-02-16,0,0,35,0.0,0.0,0.0,0.0,0.0
2019-02-16,0,0,36,0.0,0.0,0.0,0.0,0.0
2019-02-16,0,0,37,0.0,0.0,0.0,0.0,0.0
2019-02-16,0,0,38,0.0,0.0,0.0,0.0,0.0
2019-02-16,0,0,39,0.0,0.0,0.0,0.0,0.0
2019-02-16,0,0,40,0.0,0.0,0.0,0.0,0.0
2019-02-16,0,0,41,25.19,25.19,0.0,-14.53184,0.0
2019-02-16,0,0,42,0.0,0.0,0.0,0.0,0.0
2019-02-16,0,0,43,0.0,0.0,0.0,0.0,0.0
2019-02-16,0,0,46,0.0,0.0,0.0,0.0,0.0
2019-02-16,0,0,52,15.86,15.86,0.0,-121.4454,0.0
2019-02-16,0,0,53,25.19,25.19,0.0,-192.888375,0.0
2019-02-16,0,0,55,300.72,300.72,0.0,-2263.443842,0.0
2019-02-16,0,0,56,0.0,0.0,0.0,0.0,0.0
2019-02-16,0,0,57,0.0,0.0,0.0,0.0,0.0
2019-02-16,0,0,58,0.0,0.0,0.0,0.0,0.0
2019-02-16,0,0,59,0.0,0.0,0.0,0.0,0.0
2019-02-16,0,0,63,170.0,170.0,0.0,11909.556353,0.0
2019-02-16,0,0,64,200.0,200.0,0.0,14011.242768,0.0
2019-02-16,0,0,65,7.37,7.37,0.0,108.963112,0.0
2019-02-16,0,0,67,0.0,0.0,0.0,-0.0,0.0
2019-02-16,0,0,68,1.2,1.2,0.0,-59.483479,0.0
2019-02-16,0,0,69,0.0,0.0,0.0,0.0,0.0
2019-02-16,0,0,74,0.0,0.0,0.0,0.0,0.0
2019-02-16,0,0,77,0.0,0.0,0.0,0.0,0.0
2019-02-16,0,0,78,0.0,0.0,0.0,0.0,0.0
2019-02-16,0,0,79,0.0,0.0,0.0,0.0,0.0
2019-02-16,0,0,80,0.0,0.0,0.0,0.0,0.0
2019-02-16,0,0,81,0.0,0.0,0.0,0.0,0.0
2019-02-16,0,0,82,0.0,0.0,0.0,0.0,0.0
2019-02-16,0,0,83,0.0,0.0,0.0,0.0,0.0
2019-02-16,0,0,84,0.0,0.0,0.0,0.0,0.0
2019-02-16,0,0,86,0.0,0.0,0.0,0.0,0.0
2019-02-16,0,0,87,0.0,0.0,0.0,0.0,0.0
2019-02-16,0,0,88,5.77,5.77,0.0,-115.679099,0.0
2019-02-16,0,0,89,5.55,5.55,0.0,-111.268458,0.0
2019-02-16,0,0,90,7.45,7.45,0.0,-149.360362,0.0
2019-02-16,0,0,91,26.57,26.57,0.0,-532.685212,0.0
2019-02-16,0,0,92,9.56,9.56,0.0,-191.662425,0.0
2019-02-16,0,0,95,67.44,67.44,0.0,3552.259758,0.0
2019-02-16,0,0,96,9.08,9.08,0.0,-70.767879,0.0
2019-02-16,0,0,97,55.81,55.81,0.0,-434.973052,0.0
2019-02-16,0,0,99,0.0,0.0,0.0,0.0,0.0
2019-02-16,0,0,101,0.0,0.0,0.0,0.0,0.0
2019-02-16,0,0,102,2.85,2.85,0.0,-141.273263,0.0
2019-02-16,0,0,103,2.47,2.47,0.0,-122.436828,0.0
2019-02-16,0,0,104,0.46,0.46,0.0,-22.802,0.0
2019-02-16,0,0,106,0.0,0.0,0.0,0.0,0.0
2019-02-16,0,0,109,54.78,54.78,0.0,199.972762,0.0
2019-02-16,0,0,110,106.5,106.5,0.0,-20183.24357,0.0
2019-02-16,0,0,111,0.0,0.0,0.0,0.0,0.0
2019-02-16,0,0,113,31.87,31.87,0.0,-503.37437,0.0
2019-02-16,0,0,115,31.87,31.87,0.0,-503.37437,0.0
2019-02-16,0,0,116,0.0,0.0,0.0,-0.0,0.0
2019-02-16,0,0,117,2.12,2.12,0.0,-33.484583,0.0
2019-02-16,0,0,119,200.0,200.0,0.0,14011.242768,0.0
2019-02-16,0,0,120,117.6,117.6,0.0,8238.610748,0.0
2019-02-16,0,0,123,0.0,0.0,0.0,0.0,0.0
2019-02-16,0,0,125,71.86,71.86,0.0,-540.872155,0.0
2019-02-16,0,0,126,0.0,0.0,0.0,0.0,0.0
2019-02-16,0,0,127,0.0,0.0,0.0,0.0,0.0
2019-02-16,0,0,128,102.92,102.92,0.0,-774.652967,0.0
2019-02-16,0,0,131,0.0,0.0,0.0,-0.0,0.0
2019-02-16,0,0,132,0.0,0.0,0.0,-0.0,0.0
2019-02-16,0,0,133,38.98,38.98,0.0,584.18914,0.0
2019-02-16,0,0,134,0.0,0.0,0.0,0.0,0.0
2019-02-16,0,0,135,52.23,52.23,0.0,782.765489,0.0
2019-02-16,0,0,136,12.26,12.26,0.0,181.135831,0.0
2019-02-16,0,0,139,32.52,32.52,0.0,-18.760438,0.0
2019-02-16,0,0,140,78.82,78.82,0.0,-14937.495382,0.0
2019-02-16,0,0,141,34.55,34.55,0.0,-2902.855617,0.0
2019-02-16,0,0,142,0.0,0.0,0.0,-0.0,0.0
2019-02-16,0,0,143,71.53,71.53,0.0,-547.729474,0.0
2019-02-16,0,0,145,3.49,3.49,0.0,-12.065948,0.0
2019-02-16,0,0,146,104.99,104.99,0.0,-19897.077394,0.0
2019-02-16,0,0,152,0.0,0.0,0.0,0.0,0.0
2019-02-16,0,0,153,0.0,0.0,0.0,0.0,0.0
2019-02-16,0,0,154,0.0,0.0,0.0,0.0,0.0
2019-02-16,0,0,157,19.88,19.88,0.0,-1670.297241,0.0
2019-02-16,0,0,158,0.0,0.0,0.0,-0.0,0.0
2019-02-16,0,0,159,0.0,0.0,0.0,0.0,0.0
2019-02-16,0,0,160,0.0,0.0,0.0,0.0,0.0
2019-02-16,0,0,161,0.0,0.0,0.0,-0.0,0.0
2019-02-16,0,0,162,48.75,48.75,0.0,2577.243549,0.0
2019-02-16,0,0,163,185.4,185.4,0.0,-35135.900075,0.0
2019-02-16,0,0,164,0.0,0.0,0.0,0.0,0.0
2019-02-16,0,0,167,0.0,0.0,0.0,0.0,0.0
2019-02-16,0,0,168,0.0,0.0,0.0,0.0,0.0
2019-02-16,0,0,169,0.0,0.0,0.0,0.0,0.0
2019-02-16,0,0,170,0.0,0.0,0.0,0.0,0.0
2019-02-16,0,0,172,0.0,0.0,0.0,0.0,0.0
2019-02-16,0,0,173,0.0,0.0,0.0,0.0,0.0
2019-02-16,0,0,188,0.0,0.0,0.0,0.0,0.0
2019-02-16,0,0,190,0.0,0.0,0.0,0.0,0.0
2019-02-16,0,0,191,0.0,0.0,0.0,0.0,0.0
2019-02-16,0,0,192,240.14,240.14,0.0,16823.299192,0.0
2019-02-16,0,0,194,82.69,82.69,0.0,1142.517814,0.0
2019-02-16,0,0,196,0.0,0.0,0.0,0.0,0.0
2019-02-16,0,0,198,0.0,0.0,0.0,0.0,0.0
2019-02-16,0,0,199,17.95,17.95,0.0,330.727057,0.0
2019-02-16,0,0,200,0.0,0.0,0.0,0.0,0.0
2019-02-16,0,0,204,163.49,163.49,0.0,501.7025,0.0
2019-02-16,0,0,205,289.8,289.8,0.0,1057.906287,0.0
2019-02-16,0,0,206,163.99,163.99,0.0,-1278.108417,0.0
2019-02-16,0,0,210,0.0,0.0,0.0,0.0,0.0
2019-02-16,0,0,214,0.0,0.0,0.0,0.0,0.0
2019-02-16,0,0,217,0.0,0.0,0.0,0.0,0.0
2019-02-16,0,0,218,0.0,0.0,0.0,0.0,0.0
2019-02-16,0,0,219,0.0,0.0,0.0,0.0,0.0
2019-02-16,0,0,221,0.0,0.0,0.0,0.0,0.0
2019-02-16,0,0,225,0.0,0.0,0.0,0.0,0.0
2019-02-16,0,0,233,0.0,0.0,0.0,0.0,0.0
2019-02-16,0,0,236,13.01,13.01,0.0,161.725286,0.0
2019-02-16,0,0,237,0.0,0.0,0.0,0.0,0.0
2019-02-16,0,0,238,0.0,0.0,0.0,0.0,0.0
2019-02-16,0,0,240,0.0,0.0,0.0,0.0,0.0
2019-02-16,0,0,245,32.69,32.69,0.0,511.567412,0.0
2019-02-16,0,0,247,24.29,24.29,0.0,380.115401,0.0
2019-02-16,0,0,248,0.0,0.0,0.0,0.0,0.0
2019-02-16,0,0,249,61.23,61.23,0.0,958.191271,0.0
2019-02-16,0,0,251,57.53,57.53,0.0,833.10752,0.0
2019-02-16,0,0,252,47.55,47.55,0.0,703.011665,0.0
2019-02-16,0,0,254,0.0,0.0,0.0,0.0,0.0
2019-02-16,0,0,255,0.0,0.0,0.0,0.0,0.0
2019-02-16,0,0,258,0.0,0.0,0.0,0.0,0.0
2019-02-16,0,0,260,0.0,0.0,0.0,0.0,0.0
2019-02-16,0,0,265,0.0,0.0,0.0,0.0,0.0
2019-02-16,0,0,266,21.06,21.06,0.0,-12.149287,0.0
2019-02-16,0,0,267,25.88,25.88,0.0,-14.929893,0.0
2019-02-16,0,0,270,579.0,579.0,0.0,-109728.619974,0.0
2019-02-16,0,0,272,106.51,106.51,0.0,-1682.284409,0.0
2019-02-16,0,0,273,0.0,0.0,0.0,-0.0,0.0
2019-02-16,0,0,274,746.4,746.4,0.0,-141453.267614,0.0
2019-02-16,0,0,275,1039.0,1039.0,0.0,-196905.071076,0.0
2019-02-16,0,0,276,0.0,0.0,0.0,-0.0,0.0
2019-02-16,0,0,277,0.0,0.0,0.0,0.0,0.0
2019-02-16,0,0,278,0.0,0.0,0.0,0.0,0.0
2019-02-16,0,0,279,81.79,81.79,0.0,-1431.326157,0.0
2019-02-16,0,0,281,6.71,6.71,0.0,-51.380746,0.0
2019-02-16,0,0,282,0.0,0.0,0.0,0.0,0.0
2019-02-16,1,0,9,0.0,0.0,0.0,0.0,0.0
2019-02-16,1,0,17,0.0,0.0,0.0,0.0,0.0
2019-02-16,1,0,19,182.48,182.48,0.0,1735.314795,0.0
2019-02-16,1,0,20,221.31,221.31,0.0,2104.573198,0.0
2019-02-16,1,0,21,0.0,0.0,0.0,0.0,0.0
2019-02-16,1,0,22,0.0,0.0,0.0,0.0,0.0
2019-02-16,1,0,23,46.76,46.76,0.0,280.839043,0.0
2019-02-16,1,0,24,82.73,82.73,0.0,496.873695,0.0
2019-02-16,1,0,29,0.0,0.0,0.0,0.0,0.0
2019-02-16,1,0,30,0.0,0.0,0.0,0.0,0.0
2019-02-16,1,0,31,35.0,35.0,0.0,209.452857,0.0
2019-02-16,1,0,32,0.0,0.0,0.0,0.0,0.0
2019-02-16,1,0,33,0.0,0.0,0.0,0.0,0.0
2019-02-16,1,0,34,0.0,0.0,0.0,0.0,0.0
2019-02-16,1,0,35,0.0,0.0,0.0,0.0,0.0
2019-02-16,1,0,36,0.0,0.0,0.0,0.0,0.0
2019-02-16,1,0,37,0.0,0.0,0.0,0.0,0.0
2019-02-16,1,0,38,0.0,0.0,0.0,0.0,0.0
2019-02-16,1,0,39,0.0,0.0,0.0,0.0,0.0
2019-02-16,1,0,40,0.0,0.0,0.0,0.0,0.0
2019-02-16,1,0,41,16.96,16.96,0.0,121.071062,0.0
2019-02-16,1,0,42,0.0,0.0,0.0,0.0,0.0
2019-02-16,1,0,43,0.0,0.0,0.0,0.0,0.0
2019-02-16,1,0,46,0.0,0.0,0.0,0.0,0.0
2019-02-16,1,0,52,37.27,37.27,0.0,223.03737,0.0
2019-02-16,1,0,53,60.92,60.92,0.0,364.567658,0.0
2019-02-16,1,0,55,262.43,262.43,0.0,1576.146063,0.0
2019-02-16,1,0,56,0.0,0.0,0.0,0.0,0.0
2019-02-16,1,0,57,0.0,0.0,0.0,0.0,0.0
2019-02-16,1,0,58,0.0,0.0,0.0,0.0,0.0
2019-02-16,1,0,59,0.0,0.0,0.0,0.0,0.0
2019-02-16,1,0,63,145.79,145.79,0.0,3067.941066,0.0
2019-02-16,1,0,64,171.52,171.52,0.0,3609.391945,0.0
2019-02-16,1,0,65,6.75,6.75,0.0,64.013526,0.0
2019-02-16,1,0,67,0.0,0.0,0.0,-0.0,0.0
2019-02-16,1,0,68,1.86,1.86,0.0,-2.977922,0.0
2019-02-16,1,0,69,0.0,0.0,0.0,0.0,0.0
2019-02-16,1,0,74,1.44,1.44,0.0,12.596065,0.0
2019-02-16,1,0,77,0.0,0.0,0.0,0.0,0.0
2019-02-16,1,0,78,0.0,0.0,0.0,0.0,0.0
2019-02-16,1,0,79,0.0,0.0,0.0,0.0,0.0
2019-02-16,1,0,80,0.0,0.0,0.0,0.0,0.0
2019-02-16,1,0,81,0.0,0.0,0.0,0.0,0.0
2019-02-16,1,0,82,0.0,0.0,0.0,0.0,0.0
2019-02-16,1,0,83,0.0,0.0,0.0,0.0,0.0
2019-02-16,1,0,84,0.0,0.0,0.0,0.0,0.0
2019-02-16,1,0,86,0.0,0.0,0.0,0.0,0.0
2019-02-16,1,0,87,0.0,0.0,0.0,0.0,0.0
2019-02-16,1,0,88,4.88,4.88,0.0,19.184056,0.0
2019-02-16,1,0,89,4.69,4.69,0.0,18.437136,0.0
2019-02-16,1,0,90,6.3,6.3,0.0,24.766302,0.0
2019-02-16,1,0,91,22.48,22.48,0.0,88.372454,0.0
2019-02-16,1,0,92,8.08,8.08,0.0,31.763765,0.0
2019-02-16,1,0,95,88.63,88.63,0.0,1576.073758,0.0
2019-02-16,1,0,96,9.91,9.91,0.0,59.081368,0.0
2019-02-16,1,0,97,60.91,60.91,0.0,363.13281,0.0
2019-02-16,1,0,99,0.28,0.28,0.0,2.449235,0.0
2019-02-16,1,0,101,0.0,0.0,0.0,0.0,0.0
2019-02-16,1,0,102,4.4,4.4,0.0,-7.044547,0.0
2019-02-16,1,0,103,3.82,3.82,0.0,-6.115948,0.0
2019-02-16,1,0,104,0.71,0.71,0.0,-1.136734,0.0
2019-02-16,1,0,106,0.0,0.0,0.0,0.0,0.0
2019-02-16,1,0,109,57.4,57.4,0.0,451.62293,0.0
2019-02-16,1,0,110,36.0,36.0,0.0,-1004.947083,0.0
2019-02-16,1,0,111,0.0,0.0,0.0,0.0,0.0
2019-02-16,1,0,113,15.69,15.69,0.0,75.196349,0.0
2019-02-16,1,0,115,15.69,15.69,0.0,75.196349,0.0
2019-02-16,1,0,116,0.0,0.0,0.0,-0.0,0.0
2019-02-16,1,0,117,1.07,1.07,0.0,5.128113,0.0
2019-02-16,1,0,119,171.52,171.52,0.0,3609.391945,0.0
2019-02-16,1,0,120,100.86,100.86,0.0,2122.453776,0.0
2019-02-16,1,0,123,0.0,0.0,0.0,0.0,0.0
2019-02-16,1,0,125,74.86,74.86,0.0,449.606731,0.0
2019-02-16,1,0,126,0.0,0.0,0.0,0.0,0.0
2019-02-16,1,0,127,0.0,0.0,0.0,0.0,0.0
2019-02-16,1,0,128,107.22,107.22,0.0,643.95984,0.0
2019-02-16,1,0,131,0.0,0.0,0.0,0.0,0.0
2019-02-16,1,0,132,0.0,0.0,0.0,0.0,0.0
2019-02-16,1,0,133,31.06,31.06,0.0,295.445152,0.0
2019-02-16,1,0,134,0.0,0.0,0.0,0.0,0.0
2019-02-16,1,0,135,41.62,41.62,0.0,395.892699,0.0
2019-02-16,1,0,136,11.37,11.37,0.0,107.810918,0.0
2019-02-16,1,0,139,21.9,21.9,0.0,156.335864,0.0
2019-02-16,1,0,140,26.65,26.65,0.0,-743.939994,0.0
2019-02-16,1,0,141,23.85,23.85,0.0,-192.675949,0.0
2019-02-16,1,0,142,0.0,0.0,0.0,-0.0,0.0
2019-02-16,1,0,143,94.49,94.49,0.0,565.462869,0.0
2019-02-16,1,0,145,4.02,4.02,0.0,26.868404,0.0
2019-02-16,1,0,146,58.28,58.28,0.0,-1626.897667,0.0
2019-02-16,1,0,152,0.0,0.0,0.0,0.0,0.0
2019-02-16,1,0,153,0.0,0.0,0.0,0.0,0.0
2019-02-16,1,0,154,0.0,0.0,0.0,0.0,0.0
2019-02-16,1,0,157,21.03,21.03,0.0,-169.894139,0.0
2019-02-16,1,0,158,0.0,0.0,0.0,-0.0,0.0
2019-02-16,1,0,159,0.0,0.0,0.0,0.0,0.0
2019-02-16,1,0,160,0.0,0.0,0.0,0.0,0.0
2019-02-16,1,0,161,0.0,0.0,0.0,-0.0,0.0
2019-02-16,1,0,162,41.9,41.9,0.0,746.610015,0.0
2019-02-16,1,0,163,172.38,172.38,0.0,-4812.021617,0.0
2019-02-16,1,0,164,0.0,0.0,0.0,0.0,0.0
2019-02-16,1,0,167,0.0,0.0,0.0,0.0,0.0
2019-02-16,1,0,168,0.0,0.0,0.0,0.0,0.0
2019-02-16,1,0,169,0.0,0.0,0.0,0.0,0.0
2019-02-16,1,0,170,0.0,0.0,0.0,0.0,0.0
2019-02-16,1,0,172,0.0,0.0,0.0,0.0,0.0
2019-02-16,1,0,173,0.0,0.0,0.0,0.0,0.0
2019-02-16,1,0,188,0.0,0.0,0.0,0.0,0.0
2019-02-16,1,0,190,0.0,0.0,0.0,0.0,0.0
2019-02-16,1,0,191,0.0,0.0,0.0,0.0,0.0
2019-02-16,1,0,192,116.86,116.86,0.0,2459.150785,0.0
2019-02-16,1,0,194,58.28,58.28,0.0,607.164546,0.0
2019-02-16,1,0,196,0.0,0.0,0.0,0.0,0.0
2019-02-16,1,0,198,0.0,0.0,0.0,0.0,0.0
2019-02-16,1,0,199,45.44,45.44,0.0,524.677378,0.0
2019-02-16,1,0,200,0.0,0.0,0.0,0.0,0.0
2019-02-16,1,0,204,136.75,136.75,0.0,1063.832677,0.0
2019-02-16,1,0,205,303.66,303.66,0.0,2389.19545,0.0
2019-02-16,1,0,206,178.99,178.99,0.0,1067.101326,0.0
2019-02-16,1,0,210,0.0,0.0,0.0,0.0,0.0
2019-02-16,1,0,214,0.0,0.0,0.0,0.0,0.0
2019-02-16,1,0,217,0.0,0.0,0.0,0.0,0.0
2019-02-16,1,0,218,0.0,0.0,0.0,0.0,0.0
2019-02-16,1,0,219,0.0,0.0,0.0,0.0,0.0
2019-02-16,1,0,221,0.0,0.0,0.0,0.0,0.0
2019-02-16,1,0,225,0.0,0.0,0.0,0.0,0.0
2019-02-16,1,0,233,0.0,0.0,0.0,0.0,0.0
2019-02-16,1,0,236,13.13,13.13,0.0,120.168307,0.0
2019-02-16,1,0,237,3.45,3.45,0.0,30.178073,0.0
2019-02-16,1,0,238,0.0,0.0,0.0,0.0,0.0
2019-02-16,1,0,240,0.0,0.0,0.0,0.0,0.0
2019-02-16,1,0,245,11.41,11.41,0.0,109.601124,0.0
2019-02-16,1,0,247,19.75,19.75,0.0,189.712726,0.0
2019-02-16,1,0,248,0.35,0.35,0.0,3.061544,0.0
2019-02-16,1,0,249,21.94,21.94,0.0,210.749225,0.0
2019-02-16,1,0,251,49.25,49.25,0.0,464.948697,0.0
2019-02-16,1,0,252,43.55,43.55,0.0,413.005789,0.0
2019-02-16,1,0,254,0.0,0.0,0.0,0.0,0.0
2019-02-16,1,0,255,0.0,0.0,0.0,0.0,0.0
2019-02-16,1,0,258,0.0,0.0,0.0,0.0,0.0
2019-02-16,1,0,260,0.0,0.0,0.0,0.0,0.0
2019-02-16,1,0,265,0.0,0.0,0.0,0.0,0.0
2019-02-16,1,0,266,14.18,14.18,0.0,101.225687,0.0
2019-02-16,1,0,267,17.42,17.42,0.0,124.354829,0.0
2019-02-16,1,0,270,538.35,538.35,0.0,-15028.146174,0.0
2019-02-16,1,0,272,52.34,52.34,0.0,250.846203,0.0
2019-02-16,1,0,273,0.0,0.0,0.0,-0.0,0.0
2019-02-16,1,0,274,693.99,693.99,0.0,-19372.867397,0.0
2019-02-16,1,0,275,966.05,966.05,0.0,-26967.475827,0.0
2019-02-16,1,0,276,0.0,0.0,0.0,-0.0,0.0
2019-02-16,1,0,277,0.0,0.0,0.0,0.0,0.0
2019-02-16,1,0,278,0.0,0.0,0.0,0.0,0.0
2019-02-16,1,0,279,71.28,71.28,0.0,317.000107,0.0
2019-02-16,1,0,281,14.45,14.45,0.0,86.474108,0.0
2019-02-16,1,0,282,0.0,0.0,0.0,0.0,0.0
2019-02-16,2,0,9,0.0,0.0,0.0,0.0,0.0
2019-02-16,2,0,17,0.0,0.0,0.0,0.0,0.0
2019-02-16,2,0,19,190.57,190.57,0.0,1783.082777,0.0
2019-02-16,2,0,20,231.13,231.13,0.0,2162.585518,0.0
2019-02-16,2,0,21,0.0,0.0,0.0,0.0,0.0
2019-02-16,2,0,22,0.0,0.0,0.0,0.0,0.0
2019-02-16,2,0,23,16.52,16.52,0.0,97.613209,0.0
2019-02-16,2,0,24,29.22,29.22,0.0,172.654841,0.0
2019-02-16,2,0,29,0.0,0.0,0.0,0.0,0.0
2019-02-16,2,0,30,0.0,0.0,0.0,0.0,0.0
2019-02-16,2,0,31,14.52,14.52,0.0,85.478164,0.0
2019-02-16,2,0,32,0.0,0.0,0.0,0.0,0.0
2019-02-16,2,0,33,0.0,0.0,0.0,0.0,0.0
2019-02-16,2,0,34,0.0,0.0,0.0,0.0,0.0
2019-02-16,2,0,35,0.0,0.0,0.0,0.0,0.0
2019-02-16,2,0,36,0.0,0.0,0.0,0.0,0.0
2019-02-16,2,0,37,0.0,0.0,0.0,0.0,0.0
2019-02-16,2,0,38,0.0,0.0,0.0,0.0,0.0
2019-02-16,2,0,39,0.0,0.0,0.0,0.0,0.0
2019-02-16,2,0,40,0.0,0.0,0.0,0.0,0.0
2019-02-16,2,0,41,4.23,4.23,0.0,29.811422,0.0
2019-02-16,2,0,42,0.0,0.0,0.0,0.0,0.0
2019-02-16,2,0,43,0.0,0.0,0.0,0.0,0.0
2019-02-16,2,0,46,0.0,0.0,0.0,0.0,0.0
2019-02-16,2,0,52,15.39,15.39,0.0,90.599789,0.0
2019-02-16,2,0,53,24.46,24.46,0.0,143.994207,0.0
2019-02-16,2,0,55,290.25,290.25,0.0,1715.026271,0.0
2019-02-16,2,0,56,0.0,0.0,0.0,0.0,0.0
2019-02-16,2,0,57,0.0,0.0,0.0,0.0,0.0
2019-02-16,2,0,58,0.0,0.0,0.0,0.0,0.0
2019-02-16,2,0,59,0.0,0.0,0.0,0.0,0.0
2019-02-16,2,0,63,155.23,155.23,0.0,3435.400678,0.0
2019-02-16,2,0,64,182.62,182.62,0.0,4041.569747,0.0
2019-02-16,2,0,65,6.53,6.53,0.0,60.938874,0.0
2019-02-16,2,0,67,0.0,0.0,0.0,-0.0,0.0
2019-02-16,2,0,68,3.49,3.49,0.0,-7.285461,0.0
2019-02-16,2,0,69,0.0,0.0,0.0,0.0,0.0
2019-02-16,2,0,74,1.89,1.89,0.0,16.32647,0.0
2019-02-16,2,0,77,9.96,9.96,0.0,37.917424,0.0
2019-02-16,2,0,78,7.53,7.53,0.0,28.666486,0.0
2019-02-16,2,0,79,4.36,4.36,0.0,16.59839,0.0
2019-02-16,2,0,80,7.05,7.05,0.0,26.83914,0.0
2019-02-16,2,0,81,9.22,9.22,0.0,35.100266,0.0
2019-02-16,2,0,82,6.5,6.5,0.0,24.745307,0.0
2019-02-16,2,0,83,14.5,14.5,0.0,55.201068,0.0
2019-02-16,2,0,84,0.0,0.0,0.0,0.0,0.0
2019-02-16,2,0,86,0.0,0.0,0.0,0.0,0.0
2019-02-16,2,0,87,0.0,0.0,0.0,0.0,0.0
2019-02-16,2,0,88,15.86,15.86,0.0,60.378548,0.0
2019-02-16,2,0,89,15.25,15.25,0.0,58.056296,0.0
2019-02-16,2,0,90,20.48,20.48,0.0,77.96675,0.0
2019-02-16,2,0,91,73.04,73.04,0.0,278.061106,0.0
2019-02-16,2,0,92,26.27,26.27,0.0,100.009108,0.0
2019-02-16,2,0,95,36.0,36.0,0.0,671.586914,0.0
2019-02-16,2,0,96,2.33,2.33,0.0,13.663297,0.0
2019-02-16,2,0,97,14.3,14.3,0.0,83.856284,0.0
2019-02-16,2,0,99,0.36,0.36,0.0,3.109804,0.0
2019-02-16,2,0,101,0.0,0.0,0.0,0.0,0.0
2019-02-16,2,0,102,8.26,8.26,0.0,-17.242953,0.0
2019-02-16,2,0,103,7.19,7.19,0.0,-15.009302,0.0
2019-02-16,2,0,104,1.33,1.33,0.0,-2.776408,0.0
2019-02-16,2,0,106,0.0,0.0,0.0,0.0,0.0
2019-02-16,2,0,109,17.93,17.93,0.0,139.846523,0.0
2019-02-16,2,0,110,47.72,47.72,0.0,-1439.265649,0.0
2019-02-16,2,0,111,0.0,0.0,0.0,0.0,0.0
2019-02-16,2,0,113,25.85,25.85,0.0,122.803847,0.0
2019-02-16,2,0,115,25.85,25.85,0.0,122.803847,0.0
2019-02-16,2,0,116,0.0,0.0,0.0,-0.0,0.0
2019-02-16,2,0,117,1.38,1.38,0.0,6.555873,0.0
2019-02-16,2,0,119,182.62,182.62,0.0,4041.569747,0.0
2019-02-16,2,0,120,107.38,107.38,0.0,2376.430618,0.0
2019-02-16,2,0,123,0.0,0.0,0.0,0.0,0.0
2019-02-16,2,0,125,26.45,26.45,0.0,156.287493,0.0
2019-02-16,2,0,126,0.0,0.0,0.0,0.0,0.0
2019-02-16,2,0,127,0.0,0.0,0.0,0.0,0.0
2019-02-16,2,0,128,37.88,37.88,0.0,223.824962,0.0
2019-02-16,2,0,131,3.02,3.02,0.0,-0.730575,0.0
2019-02-16,2,0,132,4.44,4.44,0.0,-1.074091,0.0
2019-02-16,2,0,133,33.26,33.26,0.0,311.276307,0.0
2019-02-16,2,0,134,0.0,0.0,0.0,0.0,0.0
2019-02-16,2,0,135,44.56,44.56,0.0,417.031637,0.0
2019-02-16,2,0,136,10.08,10.08,0.0,94.054449,0.0
2019-02-16,2,0,139,5.46,5.46,0.0,38.479992,0.0
2019-02-16,2,0,140,35.32,35.32,0.0,-1065.273737,0.0
2019-02-16,2,0,141,0.0,0.0,0.0,-0.0,0.0
2019-02-16,2,0,142,0.0,0.0,0.0,-0.0,0.0
2019-02-16,2,0,143,50.72,50.72,0.0,298.584881,0.0
2019-02-16,2,0,145,0.0,0.0,0.0,0.0,0.0
2019-02-16,2,0,146,58.35,58.35,0.0,-1759.873232,0.0
2019-02-16,2,0,152,0.0,0.0,0.0,0.0,0.0
2019-02-16,2,0,153,0.0,0.0,0.0,0.0,0.0
2019-02-16,2,0,154,0.0,0.0,0.0,0.0,0.0
2019-02-16,2,0,157,19.41,19.41,0.0,-174.653879,0.0
2019-02-16,2,0,158,0.0,0.0,0.0,-0.0,0.0
2019-02-16,2,0,159,0.0,0.0,0.0,0.0,0.0
2019-02-16,2,0,160,0.0,0.0,0.0,0.0,0.0
2019-02-16,2,0,161,0.0,0.0,0.0,-0.0,0.0
2019-02-16,2,0,162,41.12,41.12,0.0,768.688067,0.0
2019-02-16,2,0,163,178.49,178.49,0.0,-5383.37229,0.0
2019-02-16,2,0,164,0.0,0.0,0.0,0.0,0.0
2019-02-16,2,0,167,0.0,0.0,0.0,0.0,0.0
2019-02-16,2,0,168,0.0,0.0,0.0,0.0,0.0
2019-02-16,2,0,169,0.0,0.0,0.0,0.0,0.0
2019-02-16,2,0,170,0.0,0.0,0.0,0.0,0.0
2019-02-16,2,0,172,0.0,0.0,0.0,0.0,0.0
2019-02-16,2,0,173,0.0,0.0,0.0,0.0,0.0
2019-02-16,2,0,188,0.0,0.0,0.0,0.0,0.0
2019-02-16,2,0,190,0.0,0.0,0.0,0.0,0.0
2019-02-16,2,0,191,0.0,0.0,0.0,0.0,0.0
2019-02-16,2,0,192,141.86,141.86,0.0,3139.50873,0.0
2019-02-16,2,0,194,78.11,78.11,0.0,841.639193,0.0
2019-02-16,2,0,196,0.0,0.0,0.0,0.0,0.0
2019-02-16,2,0,198,0.0,0.0,0.0,0.0,0.0
2019-02-16,2,0,199,20.96,20.96,0.0,253.273865,0.0
2019-02-16,2,0,200,0.0,0.0,0.0,0.0,0.0
2019-02-16,2,0,204,24.5,24.5,0.0,188.97749,0.0
2019-02-16,2,0,205,88.04,88.04,0.0,686.675287,0.0
2019-02-16,2,0,206,42.03,42.03,0.0,246.467107,0.0
2019-02-16,2,0,210,0.0,0.0,0.0,0.0,0.0
2019-02-16,2,0,214,0.0,0.0,0.0,0.0,0.0
2019-02-16,2,0,217,0.0,0.0,0.0,0.0,0.0
2019-02-16,2,0,218,0.0,0.0,0.0,0.0,0.0
2019-02-16,2,0,219,0.0,0.0,0.0,0.0,0.0
2019-02-16,2,0,221,0.0,0.0,0.0,0.0,0.0
2019-02-16,2,0,225,0.0,0.0,0.0,0.0,0.0
2019-02-16,2,0,233,0.0,0.0,0.0,0.0,0.0
2019-02-16,2,0,236,13.57,13.57,0.0,122.444163,0.0
2019-02-16,2,0,237,4.52,4.52,0.0,39.045315,0.0
2019-02-16,2,0,238,0.0,0.0,0.0,0.0,0.0
2019-02-16,2,0,240,0.0,0.0,0.0,0.0,0.0
2019-02-16,2,0,245,13.14,13.14,0.0,124.126176,0.0
2019-02-16,2,0,247,22.38,22.38,0.0,211.41125,0.0
2019-02-16,2,0,248,0.45,0.45,0.0,3.887255,0.0
2019-02-16,2,0,249,25.26,25.26,0.0,238.616988,0.0
2019-02-16,2,0,251,49.1,49.1,0.0,456.23815,0.0
2019-02-16,2,0,252,42.14,42.14,0.0,393.256379,0.0
2019-02-16,2,0,254,0.0,0.0,0.0,0.0,0.0
2019-02-16,2,0,255,0.0,0.0,0.0,0.0,0.0
2019-02-16,2,0,258,0.0,0.0,0.0,0.0,0.0
2019-02-16,2,0,260,0.0,0.0,0.0,0.0,0.0
2019-02-16,2,0,265,0.0,0.0,0.0,0.0,0.0
2019-02-16,2,0,266,3.54,3.54,0.0,24.948566,0.0
2019-02-16,2,0,267,4.35,4.35,0.0,30.657136,0.0
2019-02-16,2,0,270,557.42,557.42,0.0,-16812.142875,0.0
2019-02-16,2,0,272,111.5,111.5,0.0,529.695508,0.0
2019-02-16,2,0,273,0.0,0.0,0.0,-0.0,0.0
2019-02-16,2,0,274,718.58,718.58,0.0,-21672.831306,0.0
2019-02-16,2,0,275,1000.28,1000.28,0.0,-30169.083052,0.0
2019-02-16,2,0,276,0.0,0.0,0.0,-0.0,0.0
2019-02-16,2,0,277,0.0,0.0,0.0,0.0,0.0
2019-02-16,2,0,278,0.0,0.0,0.0,0.0,0.0
2019-02-16,2,0,279,109.21,109.21,0.0,477.499209,0.0
2019-02-16,2,0,281,6.52,6.52,0.0,38.382757,0.0
2019-02-16,2,0,282,0.0,0.0,0.0,0.0,0.0
2019-02-16,3,0,9,0.0,0.0,0.0,0.0,0.0
2019-02-16,3,0,17,0.0,0.0,0.0,0.0,0.0
2019-02-16,3,0,19,198.3,198.3,0.0,1971.475841,0.0
2019-02-16,3,0,20,240.5,240.5,0.0,2391.023398,0.0
2019-02-16,3,0,21,0.0,0.0,0.0,0.0,0.0
2019-02-16,3,0,22,0.0,0.0,0.0,0.0,0.0
2019-02-16,3,0,23,3.46,3.46,0.0,20.446224,0.0
2019-02-16,3,0,24,6.11,6.11,0.0,36.105905,0.0
2019-02-16,3,0,29,0.0,0.0,0.0,0.0,0.0
2019-02-16,3,0,30,0.0,0.0,0.0,0.0,0.0
2019-02-16,3,0,31,13.56,13.56,0.0,79.826715,0.0
2019-02-16,3,0,32,0.0,0.0,0.0,0.0,0.0
2019-02-16,3,0,33,0.0,0.0,0.0,0.0,0.0
2019-02-16,3,0,34,0.0,0.0,0.0,0.0,0.0
2019-02-16,3,0,35,0.0,0.0,0.0,0.0,0.0
2019-02-16,3,0,36,0.0,0.0,0.0,0.0,0.0
2019-02-16,3,0,37,0.0,0.0,0.0,0.0,0.0
2019-02-16,3,0,38,0.0,0.0,0.0,0.0,0.0
2019-02-16,3,0,39,0.0,0.0,0.0,0.0,0.0
2019-02-16,3,0,40,0.0,0.0,0.0,0.0,0.0
2019-02-16,3,0,41,0.0,0.0,0.0,0.0,0.0
2019-02-16,3,0,42,0.0,0.0,0.0,0.0,0.0
2019-02-16,3,0,43,0.0,0.0,0.0,0.0,0.0
2019-02-16,3,0,46,0.0,0.0,0.0,0.0,0.0
2019-02-16,3,0,52,14.37,14.37,0.0,84.595125,0.0
2019-02-16,3,0,53,22.83,22.83,0.0,134.398518,0.0
2019-02-16,3,0,55,271.18,271.18,0.0,1602.487612,0.0
2019-02-16,3,0,56,0.0,0.0,0.0,0.0,0.0
2019-02-16,3,0,57,0.0,0.0,0.0,0.0,0.0
2019-02-16,3,0,58,0.0,0.0,0.0,0.0,0.0
2019-02-16,3,0,59,0.0,0.0,0.0,0.0,0.0
2019-02-16,3,0,63,164.98,164.98,0.0,5660.444299,0.0
2019-02-16,3,0,64,194.09,194.09,0.0,6659.204958,0.0
2019-02-16,3,0,65,6.36,6.36,0.0,63.006055,0.0
2019-02-16,3,0,67,0.0,0.0,0.0,-0.0,0.0
2019-02-16,3,0,68,5.86,5.86,0.0,-256.275473,0.0
2019-02-16,3,0,69,0.0,0.0,0.0,0.0,0.0
2019-02-16,3,0,74,3.23,3.23,0.0,28.858316,0.0
2019-02-16,3,0,77,39.7,39.7,0.0,-1016.976333,0.0
2019-02-16,3,0,78,30.02,30.02,0.0,-769.0083,0.0
2019-02-16,3,0,79,17.37,17.37,0.0,-444.959166,0.0
2019-02-16,3,0,80,28.09,28.09,0.0,-719.568393,0.0
2019-02-16,3,0,81,36.73,36.73,0.0,-940.895232,0.0
2019-02-16,3,0,82,25.91,25.91,0.0,-663.724352,0.0
2019-02-16,3,0,83,57.77,57.77,0.0,-1479.867072,0.0
2019-02-16,3,0,84,0.0,0.0,0.0,0.0,0.0
2019-02-16,3,0,86,0.0,0.0,0.0,0.0,0.0
2019-02-16,3,0,87,0.0,0.0,0.0,0.0,0.0
2019-02-16,3,0,88,38.17,38.17,0.0,-977.783039,0.0
2019-02-16,3,0,89,36.7,36.7,0.0,-940.126736,0.0
2019-02-16,3,0,90,49.27,49.27,0.0,-1262.126547,0.0
2019-02-16,3,0,91,175.77,175.77,0.0,-4502.617886,0.0
2019-02-16,3,0,92,63.21,63.21,0.0,-1619.221008,0.0
2019-02-16,3,0,95,36.0,36.0,0.0,848.654217,0.0
2019-02-16,3,0,96,0.0,0.0,0.0,0.0,0.0
2019-02-16,3,0,97,0.0,0.0,0.0,0.0,0.0
2019-02-16,3,0,99,0.62,0.62,0.0,5.539367,0.0
2019-02-16,3,0,101,0.0,0.0,0.0,0.0,0.0
2019-02-16,3,0,102,13.87,13.87,0.0,-606.57693,0.0
2019-02-16,3,0,103,12.06,12.06,0.0,-527.420171,0.0
2019-02-16,3,0,104,2.24,2.24,0.0,-97.961956,0.0
2019-02-16,3,0,106,0.0,0.0,0.0,0.0,0.0
2019-02-16,3,0,109,4.23,4.23,0.0,33.056227,0.0
2019-02-16,3,0,110,61.37,61.37,0.0,-8065.742525,0.0
2019-02-16,3,0,111,0.0,0.0,0.0,0.0,0.0
2019-02-16,3,0,113,31.58,31.58,0.0,-685.095067,0.0
2019-02-16,3,0,115,31.58,31.58,0.0,-685.095067,0.0
2019-02-16,3,0,116,0.0,0.0,0.0,-0.0,0.0
2019-02-16,3,0,117,1.62,1.62,0.0,-35.144205,0.0
2019-02-16,3,0,119,194.09,194.09,0.0,6659.204958,0.0
2019-02-16,3,0,120,114.13,114.13,0.0,3915.78681,0.0
2019-02-16,3,0,123,0.0,0.0,0.0,0.0,0.0
2019-02-16,3,0,125,5.53,5.53,0.0,32.678503,0.0
2019-02-16,3,0,126,0.0,0.0,0.0,0.0,0.0
2019-02-16,3,0,127,0.0,0.0,0.0,0.0,0.0
2019-02-16,3,0,128,7.92,7.92,0.0,46.801762,0.0
2019-02-16,3,0,131,9.67,9.67,0.0,-367.147398,0.0
2019-02-16,3,0,132,14.22,14.22,0.0,-539.90031,0.0
2019-02-16,3,0,133,20.08,20.08,0.0,199.699786,0.0
2019-02-16,3,0,134,0.0,0.0,0.0,0.0,0.0
2019-02-16,3,0,135,26.87,26.87,0.0,267.227752,0.0
2019-02-16,3,0,136,9.06,9.06,0.0,89.736365,0.0
2019-02-16,3,0,139,0.0,0.0,0.0,0.0,0.0
2019-02-16,3,0,140,45.42,45.42,0.0,-5969.464323,0.0
2019-02-16,3,0,141,4.73,4.73,0.0,-308.965801,0.0
2019-02-16,3,0,142,0.0,0.0,0.0,-0.0,0.0
2019-02-16,3,0,143,25.6,25.6,0.0,150.705303,0.0
2019-02-16,3,0,145,0.0,0.0,0.0,0.0,0.0
2019-02-16,3,0,146,58.83,58.83,0.0,-7731.91515,0.0
2019-02-16,3,0,152,0.0,0.0,0.0,0.0,0.0
2019-02-16,3,0,153,0.0,0.0,0.0,0.0,0.0
2019-02-16,3,0,154,0.0,0.0,0.0,0.0,0.0
2019-02-16,3,0,157,22.98,22.98,0.0,-1501.064295,0.0
2019-02-16,3,0,158,0.0,0.0,0.0,-0.0,0.0
2019-02-16,3,0,159,0.0,0.0,0.0,0.0,0.0
2019-02-16,3,0,160,0.0,0.0,0.0,0.0,0.0
2019-02-16,3,0,161,0.0,0.0,0.0,-0.0,0.0
2019-02-16,3,0,162,40.85,40.85,0.0,967.795219,0.0
2019-02-16,3,0,163,185.22,185.22,0.0,-24343.112768,0.0
2019-02-16,3,0,164,0.0,0.0,0.0,0.0,0.0
2019-02-16,3,0,167,0.0,0.0,0.0,0.0,0.0
2019-02-16,3,0,168,0.0,0.0,0.0,0.0,0.0
2019-02-16,3,0,169,0.0,0.0,0.0,0.0,0.0
2019-02-16,3,0,170,0.0,0.0,0.0,0.0,0.0
2019-02-16,3,0,172,0.0,0.0,0.0,0.0,0.0
2019-02-16,3,0,173,0.0,0.0,0.0,0.0,0.0
2019-02-16,3,0,188,0.0,0.0,0.0,0.0,0.0
2019-02-16,3,0,190,0.0,0.0,0.0,0.0,0.0
2019-02-16,3,0,191,0.0,0.0,0.0,0.0,0.0
2019-02-16,3,0,192,169.78,169.78,0.0,5825.131732,0.0
2019-02-16,3,0,194,101.6,101.6,0.0,-199.680182,0.0
2019-02-16,3,0,196,0.0,0.0,0.0,0.0,0.0
2019-02-16,3,0,198,0.0,0.0,0.0,0.0,0.0
2019-02-16,3,0,199,23.83,23.83,0.0,149.367147,0.0
2019-02-16,3,0,200,0.0,0.0,0.0,0.0,0.0
2019-02-16,3,0,204,0.0,0.0,0.0,0.0,0.0
2019-02-16,3,0,205,22.39,22.39,0.0,174.971375,0.0
2019-02-16,3,0,206,0.0,0.0,0.0,0.0,0.0
2019-02-16,3,0,210,0.0,0.0,0.0,0.0,0.0
2019-02-16,3,0,214,0.0,0.0,0.0,0.0,0.0
2019-02-16,3,0,217,0.0,0.0,0.0,0.0,0.0
2019-02-16,3,0,218,0.0,0.0,0.0,0.0,0.0
2019-02-16,3,0,219,0.0,0.0,0.0,0.0,0.0
2019-02-16,3,0,221,0.0,0.0,0.0,0.0,0.0
2019-02-16,3,0,225,0.0,0.0,0.0,0.0,0.0
2019-02-16,3,0,233,0.0,0.0,0.0,0.0,0.0
2019-02-16,3,0,236,14.59,14.59,0.0,137.964294,0.0
2019-02-16,3,0,237,7.75,7.75,0.0,69.242091,0.0
2019-02-16,3,0,238,0.0,0.0,0.0,0.0,0.0
2019-02-16,3,0,240,0.0,0.0,0.0,0.0,0.0
2019-02-16,3,0,245,15.1,15.1,0.0,152.081066,0.0
2019-02-16,3,0,247,25.45,25.45,0.0,256.322061,0.0
2019-02-16,3,0,248,0.78,0.78,0.0,6.968881,0.0
2019-02-16,3,0,249,29.03,29.03,0.0,292.378367,0.0
2019-02-16,3,0,251,48.78,48.78,0.0,480.4196,0.0
2019-02-16,3,0,252,41.04,41.04,0.0,406.567373,0.0
2019-02-16,3,0,254,0.0,0.0,0.0,0.0,0.0
2019-02-16,3,0,255,0.0,0.0,0.0,0.0,0.0
2019-02-16,3,0,258,0.0,0.0,0.0,0.0,0.0
2019-02-16,3,0,260,0.0,0.0,0.0,0.0,0.0
2019-02-16,3,0,265,0.0,0.0,0.0,0.0,0.0
2019-02-16,3,0,266,0.0,0.0,0.0,0.0,0.0
2019-02-16,3,0,267,0.0,0.0,0.0,0.0,0.0
2019-02-16,3,0,270,578.43,578.43,0.0,-76021.95615,0.0
2019-02-16,3,0,272,128.99,128.99,0.0,-2798.303126,0.0
2019-02-16,3,0,273,0.0,0.0,0.0,-0.0,0.0
2019-02-16,3,0,274,745.67,745.67,0.0,-98001.991671,0.0
2019-02-16,3,0,275,1037.98,1037.98,0.0,-136419.739717,0.0
2019-02-16,3,0,276,0.0,0.0,0.0,-0.0,0.0
2019-02-16,3,0,277,0.0,0.0,0.0,-0.0,0.0
2019-02-16,3,0,278,0.0,0.0,0.0,-0.0,0.0
2019-02-16,3,0,279,158.62,158.62,0.0,-3690.544753,0.0
2019-02-16,3,0,281,6.09,6.09,0.0,35.851379,0.0
2019-02-16,3,0,282,0.0,0.0,0.0,0.0,0.0
2019-02-16,4,0,9,0.0,0.0,0.0,0.0,0.0
2019-02-16,4,0,17,0.0,0.0,0.0,0.0,0.0
2019-02-16,4,0,19,206.44,206.44,0.0,3005.300374,0.0
2019-02-16,4,0,20,250.37,250.37,0.0,3644.822004,0.0
2019-02-16,4,0,21,0.0,0.0,0.0,0.0,0.0
2019-02-16,4,0,22,0.0,0.0,0.0,0.0,0.0
2019-02-16,4,0,23,0.0,0.0,0.0,0.0,0.0
2019-02-16,4,0,24,0.0,0.0,0.0,0.0,0.0
2019-02-16,4,0,29,0.0,0.0,0.0,0.0,0.0
2019-02-16,4,0,30,0.0,0.0,0.0,0.0,0.0
2019-02-16,4,0,31,12.61,12.61,0.0,589.898243,0.0
2019-02-16,4,0,32,0.0,0.0,0.0,0.0,0.0
2019-02-16,4,0,33,0.0,0.0,0.0,0.0,0.0
2019-02-16,4,0,34,0.0,0.0,0.0,0.0,0.0
2019-02-16,4,0,35,0.0,0.0,0.0,0.0,0.0
2019-02-16,4,0,36,0.0,0.0,0.0,0.0,0.0
2019-02-16,4,0,37,0.0,0.0,0.0,0.0,0.0
2019-02-16,4,0,38,0.0,0.0,0.0,0.0,0.0
2019-02-16,4,0,39,0.0,0.0,0.0,0.0,0.0
2019-02-16,4,0,40,0.0,0.0,0.0,0.0,0.0
2019-02-16,4,0,41,0.0,0.0,0.0,0.0,0.0
2019-02-16,4,0,42,0.0,0.0,0.0,0.0,0.0
2019-02-16,4,0,43,0.0,0.0,0.0,0.0,0.0
2019-02-16,4,0,46,0.0,0.0,0.0,0.0,0.0
2019-02-16,4,0,52,13.37,13.37,0.0,625.45119,0.0
2019-02-16,4,0,53,21.24,21.24,0.0,993.611315,0.0
2019-02-16,4,0,55,251.46,251.46,0.0,11712.288571,0.0
2019-02-16,4,0,56,0.0,0.0,0.0,0.0,0.0
2019-02-16,4,0,57,0.0,0.0,0.0,0.0,0.0
2019-02-16,4,0,58,0.0,0.0,0.0,0.0,0.0
2019-02-16,4,0,59,0.0,0.0,0.0,0.0,0.0
2019-02-16,4,0,63,170.0,170.0,0.0,18554.410728,0.0
2019-02-16,4,0,64,200.0,200.0,0.0,21828.718503,0.0
2019-02-16,4,0,65,6.28,6.28,0.0,92.847808,0.0
2019-02-16,4,0,67,0.0,0.0,0.0,-0.0,0.0
2019-02-16,4,0,68,9.11,9.11,0.0,-3847.323519,0.0
2019-02-16,4,0,69,0.0,0.0,0.0,0.0,0.0
2019-02-16,4,0,74,5.78,5.78,0.0,122.697423,0.0
2019-02-16,4,0,77,104.17,104.17,0.0,-31796.453241,0.0
2019-02-16,4,0,78,78.75,78.75,0.0,-24037.349455,0.0
2019-02-16,4,0,79,45.58,45.58,0.0,-13912.665246,0.0
2019-02-16,4,0,80,73.7,73.7,0.0,-22495.906728,0.0
2019-02-16,4,0,81,96.36,96.36,0.0,-29412.558647,0.0
2019-02-16,4,0,82,67.97,67.97,0.0,-20746.903396,0.0
2019-02-16,4,0,83,151.57,151.57,0.0,-46264.648341,0.0
2019-02-16,4,0,84,0.0,0.0,0.0,0.0,0.0
2019-02-16,4,0,86,0.0,0.0,0.0,0.0,0.0
2019-02-16,4,0,87,0.0,0.0,0.0,0.0,0.0
2019-02-16,4,0,88,76.06,76.06,0.0,-23216.264121,0.0
2019-02-16,4,0,89,73.12,73.12,0.0,-22318.869741,0.0
2019-02-16,4,0,90,98.17,98.17,0.0,-29965.036139,0.0
2019-02-16,4,0,91,350.2,350.2,0.0,-106893.71148,0.0
2019-02-16,4,0,92,125.95,125.95,0.0,-38444.497318,0.0
2019-02-16,4,0,95,84.17,84.17,0.0,2139.070577,0.0
2019-02-16,4,0,96,0.0,0.0,0.0,0.0,0.0
2019-02-16,4,0,97,0.0,0.0,0.0,0.0,0.0
2019-02-16,4,0,99,1.12,1.12,0.0,23.775279,0.0
2019-02-16,4,0,101,0.0,0.0,0.0,0.0,0.0
2019-02-16,4,0,102,21.57,21.57,0.0,-9109.414743,0.0
2019-02-16,4,0,103,18.76,18.76,0.0,-7922.699146,0.0
2019-02-16,4,0,104,3.48,3.48,0.0,-1469.669138,0.0
2019-02-16,4,0,106,0.0,0.0,0.0,0.0,0.0
2019-02-16,4,0,109,0.0,0.0,0.0,0.0,0.0
2019-02-16,4,0,110,77.38,77.38,0.0,-77380.0,0.0
2019-02-16,4,0,111,0.0,0.0,0.0,0.0,0.0
2019-02-16,4,0,113,24.92,24.92,0.0,-6777.787237,0.0
2019-02-16,4,0,115,24.92,24.92,0.0,-6777.787237,0.0
2019-02-16,4,0,116,0.0,0.0,0.0,-0.0,0.0
2019-02-16,4,0,117,1.66,1.66,0.0,-451.48984,0.0
2019-02-16,4,0,119,200.0,200.0,0.0,21828.718503,0.0
2019-02-16,4,0,120,117.6,117.6,0.0,12835.28648,0.0
2019-02-16,4,0,123,0.0,0.0,0.0,0.0,0.0
2019-02-16,4,0,125,0.0,0.0,0.0,0.0,0.0
2019-02-16,4,0,126,0.0,0.0,0.0,0.0,0.0
2019-02-16,4,0,127,0.0,0.0,0.0,0.0,0.0
2019-02-16,4,0,128,0.0,0.0,0.0,0.0,0.0
2019-02-16,4,0,131,22.65,22.65,0.0,-8705.305188,0.0
2019-02-16,4,0,132,33.3,33.3,0.0,-12798.528157,0.0
2019-02-16,4,0,133,30.4,30.4,0.0,441.905385,0.0
2019-02-16,4,0,134,0.0,0.0,0.0,0.0,0.0
2019-02-16,4,0,135,41.94,41.94,0.0,609.654994,0.0
2019-02-16,4,0,136,8.29,8.29,0.0,122.668302,0.0
2019-02-16,4,0,139,0.0,0.0,0.0,0.0,0.0
2019-02-16,4,0,140,57.27,57.27,0.0,-57270.0,0.0
2019-02-16,4,0,141,38.88,38.88,0.0,-21948.675948,0.0
2019-02-16,4,0,142,0.0,0.0,0.0,-0.0,0.0
2019-02-16,4,0,143,24.53,24.53,0.0,1147.518152,0.0
2019-02-16,4,0,145,3.23,3.23,0.0,129.803812,0.0
2019-02-16,4,0,146,58.91,58.91,0.0,-58910.0,0.0
2019-02-16,4,0,152,0.0,0.0,0.0,0.0,0.0
2019-02-16,4,0,153,0.0,0.0,0.0,0.0,0.0
2019-02-16,4,0,154,0.0,0.0,0.0,0.0,0.0
2019-02-16,4,0,157,32.58,32.58,0.0,-18392.177531,0.0
2019-02-16,4,0,158,0.0,0.0,0.0,-0.0,0.0
2019-02-16,4,0,159,0.0,0.0,0.0,0.0,0.0
2019-02-16,4,0,160,0.0,0.0,0.0,0.0,0.0
2019-02-16,4,0,161,0.0,0.0,0.0,-0.0,0.0
2019-02-16,4,0,162,41.01,41.01,0.0,1072.693794,0.0
2019-02-16,4,0,163,185.4,185.4,0.0,-185400.0,0.0
2019-02-16,4,0,164,0.0,0.0,0.0,0.0,0.0
2019-02-16,4,0,167,0.0,0.0,0.0,0.0,0.0
2019-02-16,4,0,168,0.0,0.0,0.0,0.0,0.0
2019-02-16,4,0,169,0.0,0.0,0.0,0.0,0.0
2019-02-16,4,0,170,0.0,0.0,0.0,0.0,0.0
2019-02-16,4,0,172,0.0,0.0,0.0,0.0,0.0
2019-02-16,4,0,173,0.0,0.0,0.0,0.0,0.0
2019-02-16,4,0,188,0.0,0.0,0.0,0.0,0.0
2019-02-16,4,0,190,0.0,0.0,0.0,0.0,0.0
2019-02-16,4,0,191,0.0,0.0,0.0,0.0,0.0
2019-02-16,4,0,192,202.02,202.02,0.0,6551.015089,0.0
2019-02-16,4,0,194,130.03,130.03,0.0,-17567.555239,0.0
2019-02-16,4,0,196,0.0,0.0,0.0,0.0,0.0
2019-02-16,4,0,198,0.0,0.0,0.0,0.0,0.0
2019-02-16,4,0,199,27.22,27.22,0.0,-1350.575399,0.0
2019-02-16,4,0,200,0.0,0.0,0.0,-0.0,0.0
2019-02-16,4,0,204,0.0,0.0,0.0,0.0,0.0
2019-02-16,4,0,205,0.0,0.0,0.0,0.0,0.0
2019-02-16,4,0,206,0.0,0.0,0.0,0.0,0.0
2019-02-16,4,0,210,0.0,0.0,0.0,0.0,0.0
2019-02-16,4,0,214,0.0,0.0,0.0,0.0,0.0
2019-02-16,4,0,217,0.0,0.0,0.0,0.0,0.0
2019-02-16,4,0,218,0.0,0.0,0.0,0.0,0.0
2019-02-16,4,0,219,0.0,0.0,0.0,0.0,0.0
2019-02-16,4,0,221,0.0,0.0,0.0,0.0,0.0
2019-02-16,4,0,225,0.0,0.0,0.0,0.0,0.0
2019-02-16,4,0,233,0.0,0.0,0.0,0.0,0.0
2019-02-16,4,0,236,16.02,16.02,0.0,282.820978,0.0
2019-02-16,4,0,237,13.87,13.87,0.0,294.431359,0.0
2019-02-16,4,0,238,0.0,0.0,0.0,0.0,0.0
2019-02-16,4,0,240,0.0,0.0,0.0,0.0,0.0
2019-02-16,4,0,245,17.22,17.22,0.0,236.313794,0.0
2019-02-16,4,0,247,28.67,28.67,0.0,393.444628,0.0
2019-02-16,4,0,248,1.39,1.39,0.0,29.50682,0.0
2019-02-16,4,0,249,33.12,33.12,0.0,454.512943,0.0
2019-02-16,4,0,251,49.07,49.07,0.0,743.767772,0.0
2019-02-16,4,0,252,40.48,40.48,0.0,598.483958,0.0
2019-02-16,4,0,254,0.0,0.0,0.0,0.0,0.0
2019-02-16,4,0,255,0.0,0.0,0.0,0.0,0.0
2019-02-16,4,0,258,0.0,0.0,0.0,0.0,0.0
2019-02-16,4,0,260,0.0,0.0,0.0,0.0,0.0
2019-02-16,4,0,265,0.0,0.0,0.0,0.0,0.0
2019-02-16,4,0,266,0.0,0.0,0.0,0.0,0.0
2019-02-16,4,0,267,0.0,0.0,0.0,0.0,0.0
2019-02-16,4,0,270,579.0,579.0,0.0,-579000.0,0.0
2019-02-16,4,0,272,83.29,83.29,0.0,-22653.366732,0.0
2019-02-16,4,0,273,0.0,0.0,0.0,-0.0,0.0
2019-02-16,4,0,274,746.4,746.4,0.0,-746400.0,0.0
2019-02-16,4,0,275,1039.0,1039.0,0.0,-1039000.0,0.0
2019-02-16,4,0,276,0.0,0.0,0.0,-0.0,0.0
2019-02-16,4,0,277,0.0,0.0,0.0,-0.0,0.0
2019-02-16,4,0,278,0.0,0.0,0.0,-0.0,0.0
2019-02-16,4,0,279,222.12,222.12,0.0,-63373.954073,0.0
2019-02-16,4,0,281,5.66,5.66,0.0,264.775896,0.0
2019-02-16,4,0,282,0.0,0.0,0.0,0.0,0.0
2019-02-16,5,0,9,0.0,0.0,0.0,0.0,0.0
2019-02-16,5,0,17,0.0,0.0,0.0,0.0,0.0
2019-02-16,5,0,19,157.49,157.49,0.0,1485.611321,0.0
2019-02-16,5,0,20,191.01,191.01,0.0,1801.807216,0.0
2019-02-16,5,0,21,0.0,0.0,0.0,0.0,0.0
2019-02-16,5,0,22,0.0,0.0,0.0,0.0,0.0
2019-02-16,5,0,23,0.0,0.0,0.0,0.0,0.0
2019-02-16,5,0,24,0.0,0.0,0.0,0.0,0.0
2019-02-16,5,0,29,0.0,0.0,0.0,0.0,0.0
2019-02-16,5,0,30,0.0,0.0,0.0,0.0,0.0
2019-02-16,5,0,31,12.87,12.87,0.0,94.234644,0.0
2019-02-16,5,0,32,0.0,0.0,0.0,0.0,0.0
2019-02-16,5,0,33,0.0,0.0,0.0,0.0,0.0
2019-02-16,5,0,34,0.0,0.0,0.0,0.0,0.0
2019-02-16,5,0,35,0.0,0.0,0.0,0.0,0.0
2019-02-16,5,0,36,0.0,0.0,0.0,0.0,0.0
2019-02-16,5,0,37,0.0,0.0,0.0,0.0,0.0
2019-02-16,5,0,38,0.0,0.0,0.0,0.0,0.0
2019-02-16,5,0,39,0.0,0.0,0.0,0.0,0.0
2019-02-16,5,0,40,0.0,0.0,0.0,0.0,0.0
2019-02-16,5,0,41,0.0,0.0,0.0,0.0,0.0
2019-02-16,5,0,42,0.0,0.0,0.0,0.0,0.0
2019-02-16,5,0,43,0.0,0.0,0.0,0.0,0.0
2019-02-16,5,0,46,0.0,0.0,0.0,0.0,0.0
2019-02-16,5,0,52,13.64,13.64,0.0,99.872614,0.0
2019-02-16,5,0,53,21.67,21.67,0.0,158.668589,0.0
2019-02-16,5,0,55,183.18,183.18,0.0,1343.687901,0.0
2019-02-16,5,0,56,0.0,0.0,0.0,0.0,0.0
2019-02-16,5,0,57,0.0,0.0,0.0,0.0,0.0
2019-02-16,5,0,58,0.0,0.0,0.0,0.0,0.0
2019-02-16,5,0,59,0.0,0.0,0.0,0.0,0.0
2019-02-16,5,0,63,132.13,132.13,0.0,2273.338518,0.0
2019-02-16,5,0,64,155.44,155.44,0.0,2674.394454,0.0
2019-02-16,5,0,65,5.91,5.91,0.0,55.661468,0.0
2019-02-16,5,0,67,0.0,0.0,0.0,-0.0,0.0
2019-02-16,5,0,68,7.57,7.57,0.0,18.699461,0.0
2019-02-16,5,0,69,0.0,0.0,0.0,0.0,0.0
2019-02-16,5,0,74,2.49,2.49,0.0,22.400197,0.0
2019-02-16,5,0,77,87.67,87.67,0.0,530.977556,0.0
2019-02-16,5,0,78,66.28,66.28,0.0,401.427996,0.0
2019-02-16,5,0,79,38.35,38.35,0.0,232.268612,0.0
2019-02-16,5,0,80,62.03,62.03,0.0,375.687667,0.0
2019-02-16,5,0,81,81.09,81.09,0.0,491.12547,0.0
2019-02-16,5,0,82,57.2,57.2,0.0,346.434541,0.0
2019-02-16,5,0,83,127.56,127.56,0.0,772.573252,0.0
2019-02-16,5,0,84,0.0,0.0,0.0,0.0,0.0
2019-02-16,5,0,86,0.0,0.0,0.0,0.0,0.0
2019-02-16,5,0,87,0.0,0.0,0.0,0.0,0.0
2019-02-16,5,0,88,65.27,65.27,0.0,395.310882,0.0
2019-02-16,5,0,89,62.74,62.74,0.0,379.987816,0.0
2019-02-16,5,0,90,84.24,84.24,0.0,510.203596,0.0
2019-02-16,5,0,91,300.52,300.52,0.0,1820.113779,0.0
2019-02-16,5,0,92,108.08,108.08,0.0,654.591698,0.0
2019-02-16,5,0,95,29.55,29.55,0.0,445.925347,0.0
2019-02-16,5,0,96,0.0,0.0,0.0,0.0,0.0
2019-02-16,5,0,97,0.0,0.0,0.0,0.0,0.0
2019-02-16,5,0,99,0.48,0.48,0.0,4.31811,0.0
2019-02-16,5,0,101,0.0,0.0,0.0,0.0,0.0
2019-02-16,5,0,102,17.93,17.93,0.0,44.290796,0.0
2019-02-16,5,0,103,15.59,15.59,0.0,38.510514,0.0
2019-02-16,5,0,104,2.9,2.9,0.0,7.163598,0.0
2019-02-16,5,0,106,0.0,0.0,0.0,0.0,0.0
2019-02-16,5,0,109,0.0,0.0,0.0,0.0,0.0
2019-02-16,5,0,110,48.58,48.58,0.0,-709.758677,0.0
2019-02-16,5,0,111,0.0,0.0,0.0,0.0,0.0
2019-02-16,5,0,113,50.77,50.77,0.0,336.64028,0.0
2019-02-16,5,0,115,50.77,50.77,0.0,336.64028,0.0
2019-02-16,5,0,116,0.0,0.0,0.0,-0.0,0.0
2019-02-16,5,0,117,2.44,2.44,0.0,16.178891,0.0
2019-02-16,5,0,119,155.44,155.44,0.0,2674.394454,0.0
2019-02-16,5,0,120,91.4,91.4,0.0,1572.565962,0.0
2019-02-16,5,0,123,0.0,0.0,0.0,0.0,0.0
2019-02-16,5,0,125,0.0,0.0,0.0,0.0,0.0
2019-02-16,5,0,126,0.0,0.0,0.0,0.0,0.0
2019-02-16,5,0,127,0.0,0.0,0.0,0.0,0.0
2019-02-16,5,0,128,0.0,0.0,0.0,0.0,0.0
2019-02-16,5,0,131,19.77,19.77,0.0,71.035937,0.0
2019-02-16,5,0,132,29.07,29.07,0.0,104.451932,0.0
2019-02-16,5,0,133,11.48,11.48,0.0,108.307515,0.0
2019-02-16,5,0,134,0.0,0.0,0.0,0.0,0.0
2019-02-16,5,0,135,16.36,16.36,0.0,154.347643,0.0
2019-02-16,5,0,136,7.38,7.38,0.0,69.500175,0.0
2019-02-16,5,0,139,0.0,0.0,0.0,0.0,0.0
2019-02-16,5,0,140,35.95,35.95,0.0,-525.233109,0.0
2019-02-16,5,0,141,45.46,45.46,0.0,-78.844249,0.0
2019-02-16,5,0,142,0.0,0.0,0.0,-0.0,0.0
2019-02-16,5,0,143,47.48,47.48,0.0,347.650421,0.0
2019-02-16,5,0,145,4.16,4.16,0.0,32.256589,0.0
2019-02-16,5,0,146,58.76,58.76,0.0,-858.489499,0.0
2019-02-16,5,0,152,0.0,0.0,0.0,0.0,0.0
2019-02-16,5,0,153,0.0,0.0,0.0,0.0,0.0
2019-02-16,5,0,154,0.0,0.0,0.0,0.0,0.0
2019-02-16,5,0,157,36.43,36.43,0.0,-63.18293,0.0
2019-02-16,5,0,158,0.0,0.0,0.0,-0.0,0.0
2019-02-16,5,0,159,0.0,0.0,0.0,0.0,0.0
2019-02-16,5,0,160,0.0,0.0,0.0,0.0,0.0
2019-02-16,5,0,161,0.0,0.0,0.0,0.0,0.0
2019-02-16,5,0,162,30.83,30.83,0.0,465.964977,0.0
2019-02-16,5,0,163,143.16,143.16,0.0,-2091.581971,0.0
2019-02-16,5,0,164,0.0,0.0,0.0,0.0,0.0
2019-02-16,5,0,167,0.0,0.0,0.0,0.0,0.0
2019-02-16,5,0,168,0.0,0.0,0.0,0.0,0.0
2019-02-16,5,0,169,0.0,0.0,0.0,0.0,0.0
2019-02-16,5,0,170,0.0,0.0,0.0,0.0,0.0
2019-02-16,5,0,172,0.0,0.0,0.0,0.0,0.0
2019-02-16,5,0,173,0.0,0.0,0.0,0.0,0.0
2019-02-16,5,0,188,0.0,0.0,0.0,0.0,0.0
2019-02-16,5,0,190,0.0,0.0,0.0,0.0,0.0
2019-02-16,5,0,191,0.0,0.0,0.0,0.0,0.0
2019-02-16,5,0,192,124.99,124.99,0.0,2150.492556,0.0
2019-02-16,5,0,194,113.52,113.52,0.0,1168.81133,0.0
2019-02-16,5,0,196,0.0,0.0,0.0,0.0,0.0
2019-02-16,5,0,198,0.0,0.0,0.0,0.0,0.0
2019-02-16,5,0,199,28.26,28.26,0.0,313.467839,0.0
2019-02-16,5,0,200,0.0,0.0,0.0,0.0,0.0
2019-02-16,5,0,204,18.71,18.71,0.0,157.786791,0.0
2019-02-16,5,0,205,0.0,0.0,0.0,0.0,0.0
2019-02-16,5,0,206,0.0,0.0,0.0,0.0,0.0
2019-02-16,5,0,210,0.0,0.0,0.0,0.0,0.0
2019-02-16,5,0,214,0.0,0.0,0.0,0.0,0.0
2019-02-16,5,0,217,0.0,0.0,0.0,0.0,0.0
2019-02-16,5,0,218,0.0,0.0,0.0,0.0,0.0
2019-02-16,5,0,219,0.0,0.0,0.0,0.0,0.0
2019-02-16,5,0,221,0.0,0.0,0.0,0.0,0.0
2019-02-16,5,0,225,0.0,0.0,0.0,0.0,0.0
2019-02-16,5,0,233,0.0,0.0,0.0,0.0,0.0
2019-02-16,5,0,236,9.0,9.0,0.0,83.071696,0.0
2019-02-16,5,0,237,5.98,5.98,0.0,53.796457,0.0
2019-02-16,5,0,238,0.0,0.0,0.0,0.0,0.0
2019-02-16,5,0,240,0.0,0.0,0.0,0.0,0.0
2019-02-16,5,0,245,14.74,14.74,0.0,139.849061,0.0
2019-02-16,5,0,247,25.01,25.01,0.0,237.287993,0.0
2019-02-16,5,0,248,0.6,0.6,0.0,5.397638,0.0
2019-02-16,5,0,249,28.35,28.35,0.0,268.976994,0.0
2019-02-16,5,0,251,47.72,47.72,0.0,448.270885,0.0
2019-02-16,5,0,252,38.11,38.11,0.0,358.926995,0.0
2019-02-16,5,0,254,0.0,0.0,0.0,0.0,0.0
2019-02-16,5,0,255,0.0,0.0,0.0,0.0,0.0
2019-02-16,5,0,258,0.0,0.0,0.0,0.0,0.0
2019-02-16,5,0,260,0.0,0.0,0.0,0.0,0.0
2019-02-16,5,0,265,0.0,0.0,0.0,0.0,0.0
2019-02-16,5,0,266,0.0,0.0,0.0,0.0,0.0
2019-02-16,5,0,267,0.0,0.0,0.0,0.0,0.0
2019-02-16,5,0,270,447.09,447.09,0.0,-6532.029781,0.0
2019-02-16,5,0,272,174.53,174.53,0.0,1157.254838,0.0
2019-02-16,5,0,273,0.0,0.0,0.0,-0.0,0.0
2019-02-16,5,0,274,576.35,576.35,0.0,-8420.531357,0.0
2019-02-16,5,0,275,802.29,802.29,0.0,-11721.537438,0.0
2019-02-16,5,0,276,0.0,0.0,0.0,-0.0,0.0
2019-02-16,5,0,277,0.0,0.0,0.0,0.0,0.0
2019-02-16,5,0,278,0.0,0.0,0.0,0.0,0.0
2019-02-16,5,0,279,182.37,182.37,0.0,1167.260814,0.0
2019-02-16,5,0,281,5.78,5.78,0.0,42.321386,0.0
2019-02-16,5,0,282,0.0,0.0,0.0,0.0,0.0
2019-02-16,6,0,9,0.0,0.0,0.0,0.0,0.0
2019-02-16,6,0,17,0.0,0.0,0.0,0.0,0.0
2019-02-16,6,0,19,116.93,116.93,0.0,1613.225332,0.0
2019-02-16,6,0,20,141.81,141.81,0.0,1956.482377,0.0
2019-02-16,6,0,21,0.0,0.0,0.0,0.0,0.0
2019-02-16,6,0,22,0.0,0.0,0.0,0.0,0.0
2019-02-16,6,0,23,2.69,2.69,0.0,24.54107,0.0
2019-02-16,6,0,24,4.75,4.75,0.0,43.334604,0.0
2019-02-16,6,0,29,0.0,0.0,0.0,0.0,0.0
2019-02-16,6,0,30,0.0,0.0,0.0,0.0,0.0
2019-02-16,6,0,31,13.19,13.19,0.0,120.006799,0.0
2019-02-16,6,0,32,0.0,0.0,0.0,0.0,0.0
2019-02-16,6,0,33,0.0,0.0,0.0,0.0,0.0
2019-02-16,6,0,34,0.0,0.0,0.0,0.0,0.0
2019-02-16,6,0,35,0.0,0.0,0.0,0.0,0.0
2019-02-16,6,0,36,0.0,0.0,0.0,0.0,0.0
2019-02-16,6,0,37,0.0,0.0,0.0,0.0,0.0
2019-02-16,6,0,38,0.0,0.0,0.0,0.0,0.0
2019-02-16,6,0,39,0.0,0.0,0.0,0.0,0.0
2019-02-16,6,0,40,0.0,0.0,0.0,0.0,0.0
2019-02-16,6,0,41,2.27,2.27,0.0,23.772286,0.0
2019-02-16,6,0,42,0.0,0.0,0.0,0.0,0.0
2019-02-16,6,0,43,0.0,0.0,0.0,0.0,0.0
2019-02-16,6,0,46,0.0,0.0,0.0,0.0,0.0
2019-02-16,6,0,52,13.98,13.98,0.0,127.19447,0.0
2019-02-16,6,0,53,22.2,22.2,0.0,201.982634,0.0
2019-02-16,6,0,55,73.86,73.86,0.0,673.83028,0.0
2019-02-16,6,0,56,0.0,0.0,0.0,0.0,0.0
2019-02-16,6,0,57,0.0,0.0,0.0,0.0,0.0
2019-02-16,6,0,58,0.0,0.0,0.0,0.0,0.0
2019-02-16,6,0,59,0.0,0.0,0.0,0.0,0.0
2019-02-16,6,0,63,96.54,96.54,0.0,1928.648027,0.0
2019-02-16,6,0,64,113.57,113.57,0.0,2268.868412,0.0
2019-02-16,6,0,65,5.59,5.59,0.0,76.880003,0.0
2019-02-16,6,0,67,0.0,0.0,0.0,-0.0,0.0
2019-02-16,6,0,68,6.21,6.21,0.0,18.563126,0.0
2019-02-16,6,0,69,0.0,0.0,0.0,0.0,0.0
2019-02-16,6,0,74,0.0,0.0,0.0,0.0,0.0
2019-02-16,6,0,77,72.94,72.94,0.0,492.791633,0.0
2019-02-16,6,0,78,55.14,55.14,0.0,372.532638,0.0
2019-02-16,6,0,79,31.91,31.91,0.0,215.587894,0.0
2019-02-16,6,0,80,51.6,51.6,0.0,348.615962,0.0
2019-02-16,6,0,81,67.47,67.47,0.0,455.835639,0.0
2019-02-16,6,0,82,47.59,47.59,0.0,321.523907,0.0
2019-02-16,6,0,83,106.12,106.12,0.0,716.959804,0.0
2019-02-16,6,0,84,0.0,0.0,0.0,0.0,0.0
2019-02-16,6,0,86,0.0,0.0,0.0,0.0,0.0
2019-02-16,6,0,87,0.0,0.0,0.0,0.0,0.0
2019-02-16,6,0,88,56.03,56.03,0.0,378.545588,0.0
2019-02-16,6,0,89,53.86,53.86,0.0,363.884801,0.0
2019-02-16,6,0,90,72.32,72.32,0.0,488.602837,0.0
2019-02-16,6,0,91,257.98,257.98,0.0,1742.944687,0.0
2019-02-16,6,0,92,92.78,92.78,0.0,626.833119,0.0
2019-02-16,6,0,95,21.94,21.94,0.0,387.021809,0.0
2019-02-16,6,0,96,2.19,2.19,0.0,19.86865,0.0
2019-02-16,6,0,97,13.45,13.45,0.0,122.024355,0.0
2019-02-16,6,0,99,0.0,0.0,0.0,0.0,0.0
2019-02-16,6,0,101,0.0,0.0,0.0,0.0,0.0
2019-02-16,6,0,102,14.71,14.71,0.0,43.971592,0.0
2019-02-16,6,0,103,12.79,12.79,0.0,38.232268,0.0
2019-02-16,6,0,104,2.38,2.38,0.0,7.11437,0.0
2019-02-16,6,0,106,0.0,0.0,0.0,0.0,0.0
2019-02-16,6,0,109,7.91,7.91,0.0,88.727453,0.0
2019-02-16,6,0,110,28.34,28.34,0.0,-414.211422,0.0
2019-02-16,6,0,111,0.0,0.0,0.0,0.0,0.0
2019-02-16,6,0,113,56.5,56.5,0.0,402.09775,0.0
2019-02-16,6,0,115,56.5,56.5,0.0,402.09775,0.0
2019-02-16,6,0,116,0.0,0.0,0.0,-0.0,0.0
2019-02-16,6,0,117,2.24,2.24,0.0,15.941575,0.0
2019-02-16,6,0,119,113.57,113.57,0.0,2268.868412,0.0
2019-02-16,6,0,120,66.78,66.78,0.0,1334.111407,0.0
2019-02-16,6,0,123,0.0,0.0,0.0,0.0,0.0
2019-02-16,6,0,125,4.3,4.3,0.0,39.22922,0.0
2019-02-16,6,0,126,0.0,0.0,0.0,0.0,0.0
2019-02-16,6,0,127,0.0,0.0,0.0,0.0,0.0
2019-02-16,6,0,128,6.16,6.16,0.0,56.198139,0.0
2019-02-16,6,0,131,17.14,17.14,0.0,71.073393,0.0
2019-02-16,6,0,132,25.2,25.2,0.0,104.495304,0.0
2019-02-16,6,0,133,7.93,7.93,0.0,109.438691,0.0
2019-02-16,6,0,134,0.0,0.0,0.0,0.0,0.0
2019-02-16,6,0,135,10.63,10.63,0.0,146.700288,0.0
2019-02-16,6,0,136,6.59,6.59,0.0,90.617442,0.0
2019-02-16,6,0,139,2.94,2.94,0.0,30.788776,0.0
2019-02-16,6,0,140,20.98,20.98,0.0,-306.639225,0.0
2019-02-16,6,0,141,54.03,54.03,0.0,-72.643659,0.0
2019-02-16,6,0,142,0.0,0.0,0.0,-0.0,0.0
2019-02-16,6,0,143,86.85,86.85,0.0,790.188819,0.0
2019-02-16,6,0,145,5.6,5.6,0.0,55.361054,0.0
2019-02-16,6,0,146,62.83,62.83,0.0,-918.309937,0.0
2019-02-16,6,0,152,0.0,0.0,0.0,0.0,0.0
2019-02-16,6,0,153,0.0,0.0,0.0,0.0,0.0
2019-02-16,6,0,154,0.0,0.0,0.0,0.0,0.0
2019-02-16,6,0,157,44.92,44.92,0.0,-60.395209,0.0
2019-02-16,6,0,158,0.0,0.0,0.0,-0.0,0.0
2019-02-16,6,0,159,0.0,0.0,0.0,0.0,0.0
2019-02-16,6,0,160,0.0,0.0,0.0,0.0,0.0
2019-02-16,6,0,161,0.0,0.0,0.0,0.0,0.0
2019-02-16,6,0,162,22.68,22.68,0.0,400.684584,0.0
2019-02-16,6,0,163,103.13,103.13,0.0,-1507.326179,0.0
2019-02-16,6,0,164,0.0,0.0,0.0,0.0,0.0
2019-02-16,6,0,167,0.0,0.0,0.0,0.0,0.0
2019-02-16,6,0,168,0.0,0.0,0.0,0.0,0.0
2019-02-16,6,0,169,0.0,0.0,0.0,0.0,0.0
2019-02-16,6,0,170,0.0,0.0,0.0,0.0,0.0
2019-02-16,6,0,172,0.0,0.0,0.0,0.0,0.0
2019-02-16,6,0,173,0.0,0.0,0.0,0.0,0.0
2019-02-16,6,0,188,0.0,0.0,0.0,0.0,0.0
2019-02-16,6,0,190,0.0,0.0,0.0,0.0,0.0
2019-02-16,6,0,191,0.0,0.0,0.0,0.0,0.0
2019-02-16,6,0,192,70.37,70.37,0.0,1405.831383,0.0
2019-02-16,6,0,194,99.02,99.02,0.0,1057.446252,0.0
2019-02-16,6,0,196,0.0,0.0,0.0,0.0,0.0
2019-02-16,6,0,198,0.0,0.0,0.0,0.0,0.0
2019-02-16,6,0,199,30.0,30.0,0.0,343.788623,0.0
2019-02-16,6,0,200,0.0,0.0,0.0,0.0,0.0
2019-02-16,6,0,204,38.97,38.97,0.0,432.274315,0.0
2019-02-16,6,0,205,41.82,41.82,0.0,469.100136,0.0
2019-02-16,6,0,206,39.53,39.53,0.0,358.633661,0.0
2019-02-16,6,0,210,0.0,0.0,0.0,0.0,0.0
2019-02-16,6,0,214,0.0,0.0,0.0,0.0,0.0
2019-02-16,6,0,217,0.0,0.0,0.0,0.0,0.0
2019-02-16,6,0,218,0.0,0.0,0.0,0.0,0.0
2019-02-16,6,0,219,0.0,0.0,0.0,0.0,0.0
2019-02-16,6,0,221,0.0,0.0,0.0,0.0,0.0
2019-02-16,6,0,225,0.0,0.0,0.0,0.0,0.0
2019-02-16,6,0,233,0.0,0.0,0.0,0.0,0.0
2019-02-16,6,0,236,4.42,4.42,0.0,58.33413,0.0
2019-02-16,6,0,237,0.0,0.0,0.0,0.0,0.0
2019-02-16,6,0,238,0.0,0.0,0.0,0.0,0.0
2019-02-16,6,0,240,0.0,0.0,0.0,0.0,0.0
2019-02-16,6,0,245,12.66,12.66,0.0,176.683008,0.0
2019-02-16,6,0,247,22.25,22.25,0.0,310.521084,0.0
2019-02-16,6,0,248,0.0,0.0,0.0,0.0,0.0
2019-02-16,6,0,249,24.35,24.35,0.0,339.828692,0.0
2019-02-16,6,0,251,46.56,46.56,0.0,637.030113,0.0
2019-02-16,6,0,252,36.03,36.03,0.0,495.525312,0.0
2019-02-16,6,0,254,0.0,0.0,0.0,0.0,0.0
2019-02-16,6,0,255,0.0,0.0,0.0,0.0,0.0
2019-02-16,6,0,258,0.0,0.0,0.0,0.0,0.0
2019-02-16,6,0,260,0.0,0.0,0.0,0.0,0.0
2019-02-16,6,0,265,0.0,0.0,0.0,0.0,0.0
2019-02-16,6,0,266,1.9,1.9,0.0,19.897508,0.0
2019-02-16,6,0,267,2.34,2.34,0.0,24.505352,0.0
2019-02-16,6,0,270,322.06,322.06,0.0,-4707.160568,0.0
2019-02-16,6,0,272,199.36,199.36,0.0,1418.800132,0.0
2019-02-16,6,0,273,0.0,0.0,0.0,-0.0,0.0
2019-02-16,6,0,274,415.17,415.17,0.0,-6068.036555,0.0
2019-02-16,6,0,275,577.93,577.93,0.0,-8446.902151,0.0
2019-02-16,6,0,276,0.0,0.0,0.0,-0.0,0.0
2019-02-16,6,0,277,0.0,0.0,0.0,0.0,0.0
2019-02-16,6,0,278,0.0,0.0,0.0,0.0,0.0
2019-02-16,6,0,279,148.3,148.3,0.0,1033.974815,0.0
2019-02-16,6,0,281,5.93,5.93,0.0,53.953019,0.0
2019-02-16,6,0,282,0.0,0.0,0.0,0.0,0.0
2019-02-16,7,0,9,0.0,0.0,0.0,0.0,0.0
2019-02-16,7,0,17,0.0,0.0,0.0,0.0,0.0
2019-02-16,7,0,19,84.75,84.75,0.0,1679.10579,0.0
2019-02-16,7,0,20,102.79,102.79,0.0,2036.522527,0.0
2019-02-16,7,0,21,0.0,0.0,0.0,0.0,0.0
2019-02-16,7,0,22,0.0,0.0,0.0,0.0,0.0
2019-02-16,7,0,23,7.78,7.78,0.0,135.503619,0.0
2019-02-16,7,0,24,13.77,13.77,0.0,239.830956,0.0
2019-02-16,7,0,29,0.0,0.0,0.0,0.0,0.0
2019-02-16,7,0,30,0.0,0.0,0.0,0.0,0.0
2019-02-16,7,0,31,33.1,33.1,0.0,576.16723,0.0
2019-02-16,7,0,32,0.0,0.0,0.0,0.0,0.0
2019-02-16,7,0,33,0.0,0.0,0.0,0.0,0.0
2019-02-16,7,0,34,0.0,0.0,0.0,0.0,0.0
2019-02-16,7,0,35,0.0,0.0,0.0,0.0,0.0
2019-02-16,7,0,36,0.0,0.0,0.0,0.0,0.0
2019-02-16,7,0,37,0.0,0.0,0.0,0.0,0.0
2019-02-16,7,0,38,0.0,0.0,0.0,0.0,0.0
2019-02-16,7,0,39,0.0,0.0,0.0,0.0,0.0
2019-02-16,7,0,40,0.0,0.0,0.0,0.0,0.0
2019-02-16,7,0,41,2.14,2.14,0.0,38.527416,0.0
2019-02-16,7,0,42,0.0,0.0,0.0,0.0,0.0
2019-02-16,7,0,43,0.0,0.0,0.0,0.0,0.0
2019-02-16,7,0,46,0.0,0.0,0.0,0.0,0.0
2019-02-16,7,0,52,35.09,35.09,0.0,610.806891,0.0
2019-02-16,7,0,53,55.76,55.76,0.0,970.606789,0.0
2019-02-16,7,0,55,73.47,73.47,0.0,1279.62094,0.0
2019-02-16,7,0,56,0.0,0.0,0.0,0.0,0.0
2019-02-16,7,0,57,0.0,0.0,0.0,0.0,0.0
2019-02-16,7,0,58,0.0,0.0,0.0,0.0,0.0
2019-02-16,7,0,59,0.0,0.0,0.0,0.0,0.0
2019-02-16,7,0,63,68.18,68.18,0.0,1515.496064,0.0
2019-02-16,7,0,64,80.21,80.21,0.0,1782.89732,0.0
2019-02-16,7,0,65,5.29,5.29,0.0,104.660972,0.0
2019-02-16,7,0,67,0.0,0.0,0.0,0.0,0.0
2019-02-16,7,0,68,5.05,5.05,0.0,86.366902,0.0
2019-02-16,7,0,69,0.0,0.0,0.0,0.0,0.0
2019-02-16,7,0,74,0.0,0.0,0.0,0.0,0.0
2019-02-16,7,0,77,59.96,59.96,0.0,987.197244,0.0
2019-02-16,7,0,78,45.33,45.33,0.0,746.325068,0.0
2019-02-16,7,0,79,26.23,26.23,0.0,431.857634,0.0
2019-02-16,7,0,80,42.42,42.42,0.0,698.414061,0.0
2019-02-16,7,0,81,55.46,55.46,0.0,913.108058,0.0
2019-02-16,7,0,82,39.12,39.12,0.0,644.081991,0.0
2019-02-16,7,0,83,87.24,87.24,0.0,1436.342355,0.0
2019-02-16,7,0,84,0.0,0.0,0.0,0.0,0.0
2019-02-16,7,0,86,0.0,0.0,0.0,0.0,0.0
2019-02-16,7,0,87,0.0,0.0,0.0,0.0,0.0
2019-02-16,7,0,88,47.46,47.46,0.0,781.393949,0.0
2019-02-16,7,0,89,45.62,45.62,0.0,751.099704,0.0
2019-02-16,7,0,90,61.26,61.26,0.0,1008.600787,0.0
2019-02-16,7,0,91,218.51,218.51,0.0,3597.606235,0.0
2019-02-16,7,0,92,78.59,78.59,0.0,1293.926475,0.0
2019-02-16,7,0,95,15.74,15.74,0.0,349.406357,0.0
2019-02-16,7,0,96,5.75,5.75,0.0,100.029064,0.0
2019-02-16,7,0,97,35.33,35.33,0.0,614.613359,0.0
2019-02-16,7,0,99,0.0,0.0,0.0,0.0,0.0
2019-02-16,7,0,101,0.0,0.0,0.0,0.0,0.0
2019-02-16,7,0,102,11.95,11.95,0.0,204.373165,0.0
2019-02-16,7,0,103,10.39,10.39,0.0,177.693488,0.0
2019-02-16,7,0,104,1.93,1.93,0.0,33.007549,0.0
2019-02-16,7,0,106,0.0,0.0,0.0,0.0,0.0
2019-02-16,7,0,109,24.46,24.46,0.0,446.071919,0.0
2019-02-16,7,0,110,15.3,15.3,0.0,314.074259,0.0
2019-02-16,7,0,111,0.0,0.0,0.0,0.0,0.0
2019-02-16,7,0,113,26.47,26.47,0.0,425.708359,0.0
2019-02-16,7,0,115,26.47,26.47,0.0,425.708359,0.0
2019-02-16,7,0,116,0.0,0.0,0.0,0.0,0.0
2019-02-16,7,0,117,1.09,1.09,0.0,17.530114,0.0
2019-02-16,7,0,119,80.21,80.21,0.0,1782.89732,0.0
2019-02-16,7,0,120,47.17,47.17,0.0,1048.48855,0.0
2019-02-16,7,0,123,0.0,0.0,0.0,0.0,0.0
2019-02-16,7,0,125,12.46,12.46,0.0,217.014794,0.0
2019-02-16,7,0,126,0.0,0.0,0.0,0.0,0.0
2019-02-16,7,0,127,0.0,0.0,0.0,0.0,0.0
2019-02-16,7,0,128,17.85,17.85,0.0,310.89198,0.0
2019-02-16,7,0,131,14.84,14.84,0.0,250.45709,0.0
2019-02-16,7,0,132,21.82,21.82,0.0,368.259684,0.0
2019-02-16,7,0,133,6.5,6.5,0.0,128.797984,0.0
2019-02-16,7,0,134,0.0,0.0,0.0,0.0,0.0
2019-02-16,7,0,135,8.7,8.7,0.0,172.391148,0.0
2019-02-16,7,0,136,5.83,5.83,0.0,115.335811,0.0
2019-02-16,7,0,139,2.76,2.76,0.0,49.689564,0.0
2019-02-16,7,0,140,11.32,11.32,0.0,232.373896,0.0
2019-02-16,7,0,141,64.61,64.61,0.0,1159.462842,0.0
2019-02-16,7,0,142,0.0,0.0,0.0,0.0,0.0
2019-02-16,7,0,143,66.18,66.18,0.0,1151.986322,0.0
2019-02-16,7,0,145,7.73,7.73,0.0,136.945432,0.0
2019-02-16,7,0,146,72.81,72.81,0.0,1494.623973,0.0
2019-02-16,7,0,152,0.0,0.0,0.0,0.0,0.0
2019-02-16,7,0,153,0.0,0.0,0.0,0.0,0.0
2019-02-16,7,0,154,0.0,0.0,0.0,0.0,0.0
2019-02-16,7,0,157,58.03,58.03,0.0,1041.381035,0.0
2019-02-16,7,0,158,0.0,0.0,0.0,0.0,0.0
2019-02-16,7,0,159,0.0,0.0,0.0,0.0,0.0
2019-02-16,7,0,160,0.0,0.0,0.0,0.0,0.0
2019-02-16,7,0,161,0.0,0.0,0.0,0.0,0.0
2019-02-16,7,0,162,16.35,16.35,0.0,362.986026,0.0
2019-02-16,7,0,163,71.4,71.4,0.0,1465.679875,0.0
2019-02-16,7,0,164,0.0,0.0,0.0,0.0,0.0
2019-02-16,7,0,167,0.0,0.0,0.0,0.0,0.0
2019-02-16,7,0,168,0.0,0.0,0.0,0.0,0.0
2019-02-16,7,0,169,0.0,0.0,0.0,0.0,0.0
2019-02-16,7,0,170,0.0,0.0,0.0,0.0,0.0
2019-02-16,7,0,172,0.0,0.0,0.0,0.0,0.0
2019-02-16,7,0,173,0.0,0.0,0.0,0.0,0.0
2019-02-16,7,0,188,0.0,0.0,0.0,0.0,0.0
2019-02-16,7,0,190,0.0,0.0,0.0,0.0,0.0
2019-02-16,7,0,191,0.0,0.0,0.0,0.0,0.0
2019-02-16,7,0,192,34.46,34.46,0.0,765.972343,0.0
2019-02-16,7,0,194,86.34,86.34,0.0,1303.647487,0.0
2019-02-16,7,0,196,0.0,0.0,0.0,0.0,0.0
2019-02-16,7,0,198,0.0,0.0,0.0,0.0,0.0
2019-02-16,7,0,199,32.67,32.67,0.0,513.861017,0.0
2019-02-16,7,0,200,0.0,0.0,0.0,0.0,0.0
2019-02-16,7,0,204,81.06,81.06,0.0,1472.755184,0.0
2019-02-16,7,0,205,129.41,129.41,0.0,2360.023185,0.0
2019-02-16,7,0,206,103.82,103.82,0.0,1806.089979,0.0
2019-02-16,7,0,210,0.0,0.0,0.0,0.0,0.0
2019-02-16,7,0,214,0.0,0.0,0.0,0.0,0.0
2019-02-16,7,0,217,0.0,0.0,0.0,0.0,0.0
2019-02-16,7,0,218,0.0,0.0,0.0,0.0,0.0
2019-02-16,7,0,219,0.0,0.0,0.0,0.0,0.0
2019-02-16,7,0,221,0.0,0.0,0.0,0.0,0.0
2019-02-16,7,0,225,0.0,0.0,0.0,0.0,0.0
2019-02-16,7,0,233,0.0,0.0,0.0,0.0,0.0
2019-02-16,7,0,236,0.0,0.0,0.0,0.0,0.0
2019-02-16,7,0,237,0.0,0.0,0.0,0.0,0.0
2019-02-16,7,0,238,0.0,0.0,0.0,0.0,0.0
2019-02-16,7,0,240,0.0,0.0,0.0,0.0,0.0
2019-02-16,7,0,245,10.9,10.9,0.0,217.069078,0.0
2019-02-16,7,0,247,19.87,19.87,0.0,395.702989,0.0
2019-02-16,7,0,248,0.0,0.0,0.0,0.0,0.0
2019-02-16,7,0,249,20.95,20.95,0.0,417.21075,0.0
2019-02-16,7,0,251,45.43,45.43,0.0,896.746446,0.0
2019-02-16,7,0,252,34.15,34.15,0.0,675.646916,0.0
2019-02-16,7,0,254,0.0,0.0,0.0,0.0,0.0
2019-02-16,7,0,255,0.0,0.0,0.0,0.0,0.0
2019-02-16,7,0,258,0.0,0.0,0.0,0.0,0.0
2019-02-16,7,0,260,0.0,0.0,0.0,0.0,0.0
2019-02-16,7,0,265,0.0,0.0,0.0,0.0,0.0
2019-02-16,7,0,266,1.79,1.79,0.0,32.226203,0.0
2019-02-16,7,0,267,2.2,2.2,0.0,39.607624,0.0
2019-02-16,7,0,270,222.98,222.98,0.0,4577.273088,0.0
2019-02-16,7,0,272,94.18,94.18,0.0,1514.666159,0.0
2019-02-16,7,0,273,0.0,0.0,0.0,0.0,0.0
2019-02-16,7,0,274,287.45,287.45,0.0,5900.695798,0.0
2019-02-16,7,0,275,400.13,400.13,0.0,8213.76034,0.0
2019-02-16,7,0,276,0.0,0.0,0.0,0.0,0.0
2019-02-16,7,0,277,0.0,0.0,0.0,0.0,0.0
2019-02-16,7,0,278,0.0,0.0,0.0,0.0,0.0
2019-02-16,7,0,279,118.78,118.78,0.0,1928.471567,0.0
2019-02-16,7,0,281,14.84,14.84,0.0,258.317876,0.0
2019-02-16,7,0,282,0.0,0.0,0.0,0.0,0.0
2019-02-16,8,0,9,0.0,0.0,0.0,0.0,0.0
2019-02-16,8,0,17,0.0,0.0,0.0,0.0,0.0
2019-02-16,8,0,19,75.17,75.17,0.0,1032.703516,0.0
2019-02-16,8,0,20,93.55,93.55,0.0,1285.212371,0.0
2019-02-16,8,0,21,0.0,0.0,0.0,0.0,0.0
2019-02-16,8,0,22,0.0,0.0,0.0,0.0,0.0
2019-02-16,8,0,23,10.61,10.61,0.0,176.721727,0.0
2019-02-16,8,0,24,18.78,18.78,0.0,312.802453,0.0
2019-02-16,8,0,29,0.0,0.0,0.0,0.0,0.0
2019-02-16,8,0,30,0.0,0.0,0.0,0.0,0.0
2019-02-16,8,0,31,8.9,8.9,0.0,148.428925,0.0
2019-02-16,8,0,32,0.0,0.0,0.0,0.0,0.0
2019-02-16,8,0,33,0.0,0.0,0.0,0.0,0.0
2019-02-16,8,0,34,0.0,0.0,0.0,0.0,0.0
2019-02-16,8,0,35,0.0,0.0,0.0,0.0,0.0
2019-02-16,8,0,36,0.0,0.0,0.0,0.0,0.0
2019-02-16,8,0,37,0.0,0.0,0.0,0.0,0.0
2019-02-16,8,0,38,0.0,0.0,0.0,0.0,0.0
2019-02-16,8,0,39,0.0,0.0,0.0,0.0,0.0
2019-02-16,8,0,40,0.0,0.0,0.0,0.0,0.0
2019-02-16,8,0,41,0.99,0.99,0.0,15.426729,0.0
2019-02-16,8,0,42,0.0,0.0,0.0,0.0,0.0
2019-02-16,8,0,43,0.0,0.0,0.0,0.0,0.0
2019-02-16,8,0,46,0.0,0.0,0.0,0.0,0.0
2019-02-16,8,0,52,9.43,9.43,0.0,157.26795,0.0
2019-02-16,8,0,53,14.99,14.99,0.0,249.994335,0.0
2019-02-16,8,0,55,47.78,47.78,0.0,795.830735,0.0
2019-02-16,8,0,56,0.0,0.0,0.0,0.0,0.0
2019-02-16,8,0,57,0.0,0.0,0.0,0.0,0.0
2019-02-16,8,0,58,0.0,0.0,0.0,0.0,0.0
2019-02-16,8,0,59,0.0,0.0,0.0,0.0,0.0
2019-02-16,8,0,63,25.08,25.08,0.0,509.282822,0.0
2019-02-16,8,0,64,29.48,29.48,0.0,598.630686,0.0
2019-02-16,8,0,65,5.07,5.07,0.0,69.728374,0.0
2019-02-16,8,0,67,0.0,0.0,0.0,0.0,0.0
2019-02-16,8,0,68,3.33,3.33,0.0,63.318452,0.0
2019-02-16,8,0,69,0.0,0.0,0.0,0.0,0.0
2019-02-16,8,0,74,0.0,0.0,0.0,0.0,0.0
2019-02-16,8,0,77,33.15,33.15,0.0,620.144499,0.0
2019-02-16,8,0,78,25.03,25.03,0.0,468.241834,0.0
2019-02-16,8,0,79,14.44,14.44,0.0,270.132325,0.0
2019-02-16,8,0,80,23.41,23.41,0.0,437.93613,0.0
2019-02-16,8,0,81,30.65,30.65,0.0,573.376437,0.0
2019-02-16,8,0,82,21.58,21.58,0.0,403.701909,0.0
2019-02-16,8,0,83,48.29,48.29,0.0,903.371881,0.0
2019-02-16,8,0,84,0.0,0.0,0.0,0.0,0.0
2019-02-16,8,0,86,0.0,0.0,0.0,0.0,0.0
2019-02-16,8,0,87,0.0,0.0,0.0,0.0,0.0
2019-02-16,8,0,88,24.5,24.5,0.0,458.327005,0.0
2019-02-16,8,0,89,23.64,23.64,0.0,442.238792,0.0
2019-02-16,8,0,90,30.85,30.85,0.0,577.117882,0.0
2019-02-16,8,0,91,96.71,96.71,0.0,1809.175702,0.0
2019-02-16,8,0,92,38.7,38.7,0.0,723.969596,0.0
2019-02-16,8,0,95,15.32,15.32,0.0,317.32782,0.0
2019-02-16,8,0,96,4.91,4.91,0.0,81.995162,0.0
2019-02-16,8,0,97,30.22,30.22,0.0,504.662686,0.0
2019-02-16,8,0,99,0.0,0.0,0.0,0.0,0.0
2019-02-16,8,0,101,0.0,0.0,0.0,0.0,0.0
2019-02-16,8,0,102,7.88,7.88,0.0,149.834655,0.0
2019-02-16,8,0,103,6.85,6.85,0.0,130.249668,0.0
2019-02-16,8,0,104,1.27,1.27,0.0,24.148479,0.0
2019-02-16,8,0,106,0.0,0.0,0.0,0.0,0.0
2019-02-16,8,0,109,41.58,41.58,0.0,615.013468,0.0
2019-02-16,8,0,110,7.06,7.06,0.0,140.087073,0.0
2019-02-16,8,0,111,0.0,0.0,0.0,0.0,0.0
2019-02-16,8,0,113,32.23,32.23,0.0,616.169091,0.0
2019-02-16,8,0,115,32.23,32.23,0.0,616.169091,0.0
2019-02-16,8,0,116,0.0,0.0,0.0,0.0,0.0
2019-02-16,8,0,117,1.67,1.67,0.0,31.92685,0.0
2019-02-16,8,0,119,29.48,29.48,0.0,598.630686,0.0
2019-02-16,8,0,120,17.39,17.39,0.0,353.127124,0.0
2019-02-16,8,0,123,0.0,0.0,0.0,0.0,0.0
2019-02-16,8,0,125,16.99,16.99,0.0,282.987949,0.0
2019-02-16,8,0,126,0.0,0.0,0.0,0.0,0.0
2019-02-16,8,0,127,0.0,0.0,0.0,0.0,0.0
2019-02-16,8,0,128,24.34,24.34,0.0,405.410634,0.0
2019-02-16,8,0,131,10.48,10.48,0.0,198.702134,0.0
2019-02-16,8,0,132,15.41,15.41,0.0,292.175561,0.0
2019-02-16,8,0,133,5.64,5.64,0.0,77.475762,0.0
2019-02-16,8,0,134,0.0,0.0,0.0,0.0,0.0
2019-02-16,8,0,135,7.56,7.56,0.0,103.85049,0.0
2019-02-16,8,0,136,6.07,6.07,0.0,83.486468,0.0
2019-02-16,8,0,139,1.28,1.28,0.0,19.945669,0.0
2019-02-16,8,0,140,5.23,5.23,0.0,103.775551,0.0
2019-02-16,8,0,141,62.92,62.92,0.0,1209.217214,0.0
2019-02-16,8,0,142,0.0,0.0,0.0,0.0,0.0
2019-02-16,8,0,143,19.23,19.23,0.0,320.706541,0.0
2019-02-16,8,0,145,8.27,8.27,0.0,132.13695,0.0
2019-02-16,8,0,146,104.83,104.83,0.0,2080.07477,0.0
2019-02-16,8,0,152,0.0,0.0,0.0,0.0,0.0
2019-02-16,8,0,153,0.0,0.0,0.0,0.0,0.0
2019-02-16,8,0,154,0.0,0.0,0.0,0.0,0.0
2019-02-16,8,0,157,82.13,82.13,0.0,1578.401299,0.0
2019-02-16,8,0,158,0.0,0.0,0.0,0.0,0.0
2019-02-16,8,0,159,0.0,0.0,0.0,0.0,0.0
2019-02-16,8,0,160,0.0,0.0,0.0,0.0,0.0
2019-02-16,8,0,161,0.0,0.0,0.0,0.0,0.0
2019-02-16,8,0,162,15.26,15.26,0.0,315.973348,0.0
2019-02-16,8,0,163,44.83,44.83,0.0,889.533072,0.0
2019-02-16,8,0,164,0.0,0.0,0.0,0.0,0.0
2019-02-16,8,0,167,0.0,0.0,0.0,0.0,0.0
2019-02-16,8,0,168,0.0,0.0,0.0,0.0,0.0
2019-02-16,8,0,169,0.0,0.0,0.0,0.0,0.0
2019-02-16,8,0,170,0.0,0.0,0.0,0.0,0.0
2019-02-16,8,0,172,0.0,0.0,0.0,0.0,0.0
2019-02-16,8,0,173,0.0,0.0,0.0,0.0,0.0
2019-02-16,8,0,188,0.0,0.0,0.0,0.0,0.0
2019-02-16,8,0,190,0.0,0.0,0.0,0.0,0.0
2019-02-16,8,0,191,0.0,0.0,0.0,0.0,0.0
2019-02-16,8,0,192,24.13,24.13,0.0,489.991806,0.0
2019-02-16,8,0,194,53.28,53.28,0.0,1030.93234,0.0
2019-02-16,8,0,196,0.0,0.0,0.0,0.0,0.0
2019-02-16,8,0,198,0.0,0.0,0.0,0.0,0.0
2019-02-16,8,0,199,27.63,27.63,0.0,365.460449,0.0
2019-02-16,8,0,200,0.0,0.0,0.0,0.0,0.0
2019-02-16,8,0,204,155.82,155.82,0.0,2315.433101,0.0
2019-02-16,8,0,205,219.94,219.94,0.0,3253.15205,0.0
2019-02-16,8,0,206,88.79,88.79,0.0,1482.759759,0.0
2019-02-16,8,0,210,0.0,0.0,0.0,0.0,0.0
2019-02-16,8,0,214,0.0,0.0,0.0,0.0,0.0
2019-02-16,8,0,217,0.0,0.0,0.0,0.0,0.0
2019-02-16,8,0,218,0.0,0.0,0.0,0.0,0.0
2019-02-16,8,0,219,0.0,0.0,0.0,0.0,0.0
2019-02-16,8,0,221,0.0,0.0,0.0,0.0,0.0
2019-02-16,8,0,225,0.0,0.0,0.0,0.0,0.0
2019-02-16,8,0,233,0.0,0.0,0.0,0.0,0.0
2019-02-16,8,0,236,0.0,0.0,0.0,0.0,0.0
2019-02-16,8,0,237,0.0,0.0,0.0,0.0,0.0
2019-02-16,8,0,238,0.0,0.0,0.0,0.0,0.0
2019-02-16,8,0,240,0.0,0.0,0.0,0.0,0.0
2019-02-16,8,0,245,11.08,11.08,0.0,151.612982,0.0
2019-02-16,8,0,247,18.91,18.91,0.0,258.754648,0.0
2019-02-16,8,0,248,0.0,0.0,0.0,0.0,0.0
2019-02-16,8,0,249,21.3,21.3,0.0,291.45817,0.0
2019-02-16,8,0,251,37.32,37.32,0.0,514.179262,0.0
2019-02-16,8,0,252,32.69,32.69,0.0,449.589854,0.0
2019-02-16,8,0,254,0.0,0.0,0.0,0.0,0.0
2019-02-16,8,0,255,0.0,0.0,0.0,0.0,0.0
2019-02-16,8,0,258,0.0,0.0,0.0,0.0,0.0
2019-02-16,8,0,260,0.0,0.0,0.0,0.0,0.0
2019-02-16,8,0,265,0.0,0.0,0.0,0.0,0.0
2019-02-16,8,0,266,0.83,0.83,0.0,12.93352,0.0
2019-02-16,8,0,267,1.02,1.02,0.0,15.894205,0.0
2019-02-16,8,0,270,140.0,140.0,0.0,2777.930628,0.0
2019-02-16,8,0,272,111.56,111.56,0.0,2132.790065,0.0
2019-02-16,8,0,273,0.0,0.0,0.0,0.0,0.0
2019-02-16,8,0,274,180.48,180.48,0.0,3581.149427,0.0
2019-02-16,8,0,275,251.23,251.23,0.0,4984.996512,0.0
2019-02-16,8,0,276,0.0,0.0,0.0,0.0,0.0
2019-02-16,8,0,277,0.0,0.0,0.0,0.0,0.0
2019-02-16,8,0,278,0.0,0.0,0.0,0.0,0.0
2019-02-16,8,0,279,77.61,77.61,0.0,1470.960824,0.0
2019-02-16,8,0,281,3.99,3.99,0.0,66.542855,0.0
2019-02-16,8,0,282,0.0,0.0,0.0,0.0,0.0
2019-02-16,9,0,9,0.44,0.44,0.0,5.460994,0.0
2019-02-16,9,0,17,11.41,11.41,0.0,157.132483,0.0
2019-02-16,9,0,19,62.4,62.4,0.0,859.339782,0.0
2019-02-16,9,0,20,77.49,77.49,0.0,1067.151278,0.0
2019-02-16,9,0,21,10.17,10.17,0.0,126.223424,0.0
2019-02-16,9,0,22,36.16,36.16,0.0,448.794395,0.0
2019-02-16,9,0,23,14.16,14.16,0.0,175.744708,0.0
2019-02-16,9,0,24,25.05,25.05,0.0,310.904303,0.0
2019-02-16,9,0,29,1.53,1.53,0.0,12.939821,0.0
2019-02-16,9,0,30,74.43,74.43,0.0,923.442958,0.0
2019-02-16,9,0,31,7.47,7.47,0.0,92.679281,0.0
2019-02-16,9,0,32,1.21,1.21,0.0,24.745285,0.0
2019-02-16,9,0,33,0.57,0.57,0.0,8.10935,0.0
2019-02-16,9,0,34,0.91,0.91,0.0,12.946506,0.0
2019-02-16,9,0,35,0.91,0.91,0.0,12.946506,0.0
2019-02-16,9,0,36,2.02,2.02,0.0,25.900925,0.0
2019-02-16,9,0,37,0.97,0.97,0.0,12.390319,0.0
2019-02-16,9,0,38,1.25,1.25,0.0,15.966906,0.0
2019-02-16,9,0,39,0.83,0.83,0.0,10.602026,0.0
2019-02-16,9,0,40,0.83,0.83,0.0,10.602026,0.0
2019-02-16,9,0,41,1.79,1.79,0.0,22.725203,0.0
2019-02-16,9,0,42,13.19,13.19,0.0,180.343486,0.0
2019-02-16,9,0,43,6.31,6.31,0.0,79.904152,0.0
2019-02-16,9,0,46,5.49,5.49,0.0,69.660436,0.0
2019-02-16,9,0,52,7.93,7.93,0.0,98.386439,0.0
2019-02-16,9,0,53,12.67,12.67,0.0,157.194979,0.0
2019-02-16,9,0,55,31.9,31.9,0.0,395.922046,0.0
2019-02-16,9,0,56,21.95,21.95,0.0,272.330686,0.0
2019-02-16,9,0,57,20.88,20.88,0.0,259.05534,0.0
2019-02-16,9,0,58,40.16,40.16,0.0,498.259696,0.0
2019-02-16,9,0,59,39.49,39.49,0.0,489.947097,0.0
2019-02-16,9,0,63,8.86,8.86,0.0,180.379324,0.0
2019-02-16,9,0,64,10.43,10.43,0.0,212.342703,0.0
2019-02-16,9,0,65,5.03,5.03,0.0,69.178249,0.0
2019-02-16,9,0,67,44.37,44.37,0.0,629.628232,0.0
2019-02-16,9,0,68,3.92,3.92,0.0,50.862046,0.0
2019-02-16,9,0,69,0.57,0.57,0.0,8.10935,0.0
2019-02-16,9,0,74,1.83,1.83,0.0,24.285083,0.0
2019-02-16,9,0,77,10.69,10.69,0.0,128.187127,0.0
2019-02-16,9,0,78,8.08,8.08,0.0,96.889802,0.0
2019-02-16,9,0,79,4.68,4.68,0.0,56.119341,0.0
2019-02-16,9,0,80,7.56,7.56,0.0,90.65432,0.0
2019-02-16,9,0,81,9.89,9.89,0.0,118.594077,0.0
2019-02-16,9,0,82,6.97,6.97,0.0,83.579446,0.0
2019-02-16,9,0,83,15.55,15.55,0.0,186.464904,0.0
2019-02-16,9,0,84,0.0,0.0,0.0,0.0,0.0
2019-02-16,9,0,86,2.87,2.87,0.0,40.831288,0.0
2019-02-16,9,0,87,14.66,14.66,0.0,208.566786,0.0
2019-02-16,9,0,88,23.87,23.87,0.0,286.232621,0.0
2019-02-16,9,0,89,22.8,22.8,0.0,273.401917,0.0
2019-02-16,9,0,90,32.01,32.01,0.0,383.841902,0.0
2019-02-16,9,0,91,120.28,120.28,0.0,1442.315025,0.0
2019-02-16,9,0,92,42.32,42.32,0.0,507.47233,0.0
2019-02-16,9,0,95,15.62,15.62,0.0,318.89872,0.0
2019-02-16,9,0,96,4.36,4.36,0.0,54.073497,0.0
2019-02-16,9,0,97,26.82,26.82,0.0,332.62642,0.0
2019-02-16,9,0,99,0.35,0.35,0.0,4.644688,0.0
2019-02-16,9,0,101,1.5,1.5,0.0,18.610297,0.0
2019-02-16,9,0,102,9.26,9.26,0.0,120.148609,0.0
2019-02-16,9,0,103,8.06,8.06,0.0,104.578595,0.0
2019-02-16,9,0,104,1.5,1.5,0.0,19.462518,0.0
2019-02-16,9,0,106,35.6,35.6,0.0,441.844039,0.0
2019-02-16,9,0,109,60.88,60.88,0.0,776.78574,0.0
2019-02-16,9,0,110,10.75,10.75,0.0,192.557463,0.0
2019-02-16,9,0,111,2.98,2.98,0.0,37.83302,0.0
2019-02-16,9,0,113,12.58,12.58,0.0,146.573795,0.0
2019-02-16,9,0,115,12.58,12.58,0.0,146.573795,0.0
2019-02-16,9,0,116,21.52,21.52,0.0,385.473172,0.0
2019-02-16,9,0,117,0.85,0.85,0.0,9.903635,0.0
2019-02-16,9,0,119,10.43,10.43,0.0,212.342703,0.0
2019-02-16,9,0,120,6.13,6.13,0.0,124.79969,0.0
2019-02-16,9,0,123,0.59,0.59,0.0,7.322696,0.0
2019-02-16,9,0,125,22.67,22.67,0.0,281.365291,0.0
2019-02-16,9,0,126,26.7,26.7,0.0,331.383029,0.0
2019-02-16,9,0,127,34.26,34.26,0.0,425.212831,0.0
2019-02-16,9,0,128,32.47,32.47,0.0,402.996515,0.0
2019-02-16,9,0,131,7.3,7.3,0.0,92.348051,0.0
2019-02-16,9,0,132,10.74,10.74,0.0,135.865488,0.0
2019-02-16,9,0,133,5.96,5.96,0.0,82.088265,0.0
2019-02-16,9,0,134,0.0,0.0,0.0,0.0,0.0
2019-02-16,9,0,135,7.99,7.99,0.0,110.047858,0.0
2019-02-16,9,0,136,6.41,6.41,0.0,88.151116,0.0
2019-02-16,9,0,139,2.31,2.31,0.0,29.326939,0.0
2019-02-16,9,0,140,7.96,7.96,0.0,142.582084,0.0
2019-02-16,9,0,141,62.57,62.57,0.0,887.893588,0.0
2019-02-16,9,0,142,58.51,58.51,0.0,830.280547,0.0
2019-02-16,9,0,143,26.36,26.36,0.0,327.04496,0.0
2019-02-16,9,0,145,8.99,8.99,0.0,112.722272,0.0
2019-02-16,9,0,146,174.77,174.77,0.0,3130.536534,0.0
2019-02-16,9,0,152,1.47,1.47,0.0,19.448657,0.0
2019-02-16,9,0,153,1.85,1.85,0.0,24.430218,0.0
2019-02-16,9,0,154,12.3,12.3,0.0,156.156426,0.0
2019-02-16,9,0,157,114.76,114.76,0.0,1628.490781,0.0
2019-02-16,9,0,158,29.26,29.26,0.0,415.211226,0.0
2019-02-16,9,0,159,0.0,0.0,0.0,0.0,0.0
2019-02-16,9,0,160,0.51,0.51,0.0,6.338623,0.0
2019-02-16,9,0,161,9.68,9.68,0.0,125.598114,0.0
2019-02-16,9,0,162,15.03,15.03,0.0,306.875797,0.0
2019-02-16,9,0,163,26.85,26.85,0.0,480.945848,0.0
2019-02-16,9,0,164,2.49,2.49,0.0,30.893094,0.0
2019-02-16,9,0,167,1.42,1.42,0.0,28.997787,0.0
2019-02-16,9,0,168,0.71,0.71,0.0,14.498893,0.0
2019-02-16,9,0,169,0.0,0.0,0.0,0.0,0.0
2019-02-16,9,0,170,1.55,1.55,0.0,31.652514,0.0
2019-02-16,9,0,172,1.85,1.85,0.0,37.308639,0.0
2019-02-16,9,0,173,2.82,2.82,0.0,56.870466,0.0
2019-02-16,9,0,188,2.44,2.44,0.0,49.388165,0.0
2019-02-16,9,0,190,1.9,1.9,0.0,38.681796,0.0
2019-02-16,9,0,191,4.9,4.9,0.0,99.758317,0.0
2019-02-16,9,0,192,17.34,17.34,0.0,353.022289,0.0
2019-02-16,9,0,194,25.32,25.32,0.0,264.073569,0.0
2019-02-16,9,0,196,1.19,1.19,0.0,23.090072,0.0
2019-02-16,9,0,198,2.33,2.33,0.0,27.260747,0.0
2019-02-16,9,0,199,23.63,23.63,0.0,254.791772,0.0
2019-02-16,9,0,200,4.38,4.38,0.0,47.22759,0.0
2019-02-16,9,0,204,150.36,150.36,0.0,1912.381741,0.0
2019-02-16,9,0,205,342.85,342.85,0.0,4374.523507,0.0
2019-02-16,9,0,206,78.82,78.82,0.0,977.539689,0.0
2019-02-16,9,0,210,0.47,0.47,0.0,4.100868,0.0
2019-02-16,9,0,214,2.44,2.44,0.0,35.374275,0.0
2019-02-16,9,0,217,1.58,1.58,0.0,18.899737,0.0
2019-02-16,9,0,218,2.18,2.18,0.0,26.076852,0.0
2019-02-16,9,0,219,1.48,1.48,0.0,17.703551,0.0
2019-02-16,9,0,221,1.3,1.3,0.0,18.84695,0.0
2019-02-16,9,0,225,1.32,1.32,0.0,11.129622,0.0
2019-02-16,9,0,233,1.62,1.62,0.0,23.047626,0.0
2019-02-16,9,0,236,4.99,4.99,0.0,67.441645,0.0
2019-02-16,9,0,237,4.38,4.38,0.0,58.124954,0.0
2019-02-16,9,0,238,17.17,17.17,0.0,234.761004,0.0
2019-02-16,9,0,240,2.29,2.29,0.0,29.36293,0.0
2019-02-16,9,0,245,12.94,12.94,0.0,179.075518,0.0
2019-02-16,9,0,247,20.63,20.63,0.0,285.496749,0.0
2019-02-16,9,0,248,0.44,0.44,0.0,5.839036,0.0
2019-02-16,9,0,249,24.89,24.89,0.0,344.450513,0.0
2019-02-16,9,0,251,32.27,32.27,0.0,442.84186,0.0
2019-02-16,9,0,252,32.42,32.42,0.0,445.876509,0.0
2019-02-16,9,0,254,3.56,3.56,0.0,44.871211,0.0
2019-02-16,9,0,255,1.63,1.63,0.0,20.544964,0.0
2019-02-16,9,0,258,2.84,2.84,0.0,36.342166,0.0
2019-02-16,9,0,260,1.24,1.24,0.0,15.411553,0.0
2019-02-16,9,0,265,12.73,12.73,0.0,161.615553,0.0
2019-02-16,9,0,266,1.49,1.49,0.0,18.91651,0.0
2019-02-16,9,0,267,1.84,1.84,0.0,23.359986,0.0
2019-02-16,9,0,270,83.84,83.84,0.0,1501.769085,0.0
2019-02-16,9,0,272,41.97,41.97,0.0,489.006532,0.0
2019-02-16,9,0,273,5.15,5.15,0.0,92.248459,0.0
2019-02-16,9,0,274,108.08,108.08,0.0,1935.963773,0.0
2019-02-16,9,0,275,150.44,150.44,0.0,2694.729737,0.0
2019-02-16,9,0,276,1.15,1.15,0.0,19.643491,0.0
2019-02-16,9,0,277,1.44,1.44,0.0,16.974198,0.0
2019-02-16,9,0,278,2.3,2.3,0.0,27.111566,0.0
2019-02-16,9,0,279,48.99,48.99,0.0,577.476354,0.0
2019-02-16,9,0,281,3.33,3.33,0.0,41.31486,0.0
2019-02-16,9,0,282,40.83,40.83,0.0,506.572296,0.0
2019-02-16,10,0,9,1.59,1.59,0.0,16.383828,0.0
2019-02-16,10,0,17,28.48,28.48,0.0,308.280728,0.0
2019-02-16,10,0,19,53.7,53.7,0.0,581.273704,0.0
2019-02-16,10,0,20,66.54,66.54,0.0,720.259819,0.0
2019-02-16,10,0,21,36.27,36.27,0.0,373.736766,0.0
2019-02-16,10,0,22,128.9,128.9,0.0,1328.223577,0.0
2019-02-16,10,0,23,18.5,18.5,0.0,190.629451,0.0
2019-02-16,10,0,24,32.72,32.72,0.0,337.15652,0.0
2019-02-16,10,0,29,4.66,4.66,0.0,51.314703,0.0
2019-02-16,10,0,30,265.7,265.7,0.0,2736.974634,0.0
2019-02-16,10,0,31,9.8,9.8,0.0,100.949761,0.0
2019-02-16,10,0,32,3.13,3.13,0.0,56.975792,0.0
2019-02-16,10,0,33,1.45,1.45,0.0,15.828232,0.0
2019-02-16,10,0,34,2.31,2.31,0.0,25.216011,0.0
2019-02-16,10,0,35,2.31,2.31,0.0,25.216011,0.0
2019-02-16,10,0,36,5.43,5.43,0.0,58.022745,0.0
2019-02-16,10,0,37,2.57,2.57,0.0,27.458342,0.0
2019-02-16,10,0,38,3.31,3.31,0.0,35.364636,0.0
2019-02-16,10,0,39,2.2,2.2,0.0,23.505196,0.0
2019-02-16,10,0,40,2.2,2.2,0.0,23.505196,0.0
2019-02-16,10,0,41,3.61,3.61,0.0,37.818757,0.0
2019-02-16,10,0,42,35.12,35.12,0.0,379.458155,0.0
2019-02-16,10,0,43,16.73,16.73,0.0,179.192619,0.0
2019-02-16,10,0,46,14.73,14.73,0.0,156.863207,0.0
2019-02-16,10,0,52,10.4,10.4,0.0,107.130358,0.0
2019-02-16,10,0,53,16.58,16.58,0.0,170.790514,0.0
2019-02-16,10,0,55,23.85,23.85,0.0,245.757427,0.0
2019-02-16,10,0,56,78.37,78.37,0.0,807.289056,0.0
2019-02-16,10,0,57,74.55,74.55,0.0,767.939251,0.0
2019-02-16,10,0,58,143.37,143.37,0.0,1476.853795,0.0
2019-02-16,10,0,59,140.98,140.98,0.0,1452.234415,0.0
2019-02-16,10,0,63,6.32,6.32,0.0,114.776704,0.0
2019-02-16,10,0,64,7.43,7.43,0.0,134.935271,0.0
2019-02-16,10,0,65,5.15,5.15,0.0,55.727002,0.0
2019-02-16,10,0,67,169.8,169.8,0.0,2062.362387,0.0
2019-02-16,10,0,68,4.19,4.19,0.0,45.906793,0.0
2019-02-16,10,0,69,1.45,1.45,0.0,15.828232,0.0
2019-02-16,10,0,74,6.32,6.32,0.0,67.725775,0.0
2019-02-16,10,0,77,9.18,9.18,0.0,91.682424,0.0
2019-02-16,10,0,78,6.94,6.94,0.0,69.311113,0.0
2019-02-16,10,0,79,4.02,4.02,0.0,40.148512,0.0
2019-02-16,10,0,80,6.5,6.5,0.0,64.916749,0.0
2019-02-16,10,0,81,8.5,8.5,0.0,84.891133,0.0
2019-02-16,10,0,82,5.99,5.99,0.0,59.823281,0.0
2019-02-16,10,0,83,13.36,13.36,0.0,133.428887,0.0
2019-02-16,10,0,84,0.0,0.0,0.0,0.0,0.0
2019-02-16,10,0,86,7.32,7.32,0.0,79.90528,0.0
2019-02-16,10,0,87,37.38,37.38,0.0,408.040898,0.0
2019-02-16,10,0,88,14.2,14.2,0.0,141.818128,0.0
2019-02-16,10,0,89,13.58,13.58,0.0,135.626069,0.0
2019-02-16,10,0,90,18.86,18.86,0.0,188.358444,0.0
2019-02-16,10,0,91,69.88,69.88,0.0,697.904986,0.0
2019-02-16,10,0,92,24.76,24.76,0.0,247.282877,0.0
2019-02-16,10,0,95,41.27,41.27,0.0,749.680595,0.0
2019-02-16,10,0,96,4.01,4.01,0.0,41.29317,0.0
2019-02-16,10,0,97,24.69,24.69,0.0,254.246475,0.0
2019-02-16,10,0,99,1.3,1.3,0.0,13.930935,0.0
2019-02-16,10,0,101,5.35,5.35,0.0,55.110329,0.0
2019-02-16,10,0,102,9.92,9.92,0.0,108.686251,0.0
2019-02-16,10,0,103,8.62,8.62,0.0,94.443093,0.0
2019-02-16,10,0,104,1.6,1.6,0.0,17.53004,0.0
2019-02-16,10,0,106,126.89,126.89,0.0,1307.511945,0.0
2019-02-16,10,0,109,82.79,82.79,0.0,876.709626,0.0
2019-02-16,10,0,110,30.23,30.23,0.0,477.290458,0.0
2019-02-16,10,0,111,9.01,9.01,0.0,94.389752,0.0
2019-02-16,10,0,113,15.61,15.61,0.0,151.028481,0.0
2019-02-16,10,0,115,15.61,15.61,0.0,151.028481,0.0
2019-02-16,10,0,116,68.98,68.98,0.0,1089.100093,0.0
2019-02-16,10,0,117,1.04,1.04,0.0,10.062115,0.0
2019-02-16,10,0,119,7.43,7.43,0.0,134.935271,0.0
2019-02-16,10,0,120,4.37,4.37,0.0,79.363006,0.0
2019-02-16,10,0,123,2.11,2.11,0.0,21.742062,0.0
2019-02-16,10,0,125,29.61,29.61,0.0,305.110164,0.0
2019-02-16,10,0,126,95.17,95.17,0.0,980.659719,0.0
2019-02-16,10,0,127,122.13,122.13,0.0,1258.463503,0.0
2019-02-16,10,0,128,42.41,42.41,0.0,437.005135,0.0
2019-02-16,10,0,131,6.8,6.8,0.0,72.342352,0.0
2019-02-16,10,0,132,10.97,10.97,0.0,116.705235,0.0
2019-02-16,10,0,133,7.51,7.51,0.0,81.294331,0.0
2019-02-16,10,0,134,0.0,0.0,0.0,0.0,0.0
2019-02-16,10,0,135,10.06,10.06,0.0,108.8976,0.0
2019-02-16,10,0,136,6.87,6.87,0.0,74.337348,0.0
2019-02-16,10,0,139,4.66,4.66,0.0,48.818673,0.0
2019-02-16,10,0,140,22.37,22.37,0.0,353.191781,0.0
2019-02-16,10,0,141,62.38,62.38,0.0,757.657042,0.0
2019-02-16,10,0,142,223.92,223.92,0.0,2719.694851,0.0
2019-02-16,10,0,143,36.47,36.47,0.0,375.677324,0.0
2019-02-16,10,0,145,18.6,18.6,0.0,193.590777,0.0
2019-02-16,10,0,146,268.0,268.0,0.0,4231.354375,0.0
2019-02-16,10,0,152,3.96,3.96,0.0,42.452766,0.0
2019-02-16,10,0,153,4.94,4.94,0.0,52.935588,0.0
2019-02-16,10,0,154,37.18,37.18,0.0,389.501772,0.0
2019-02-16,10,0,157,157.3,157.3,0.0,1910.539479,0.0
2019-02-16,10,0,158,144.65,144.65,0.0,1756.894695,0.0
2019-02-16,10,0,159,0.0,0.0,0.0,0.0,0.0
2019-02-16,10,0,160,1.3,1.3,0.0,14.03084,0.0
2019-02-16,10,0,161,33.35,33.35,0.0,365.39178,0.0
2019-02-16,10,0,162,29.5,29.5,0.0,535.947654,0.0
2019-02-16,10,0,163,8.7,8.7,0.0,137.361131,0.0
2019-02-16,10,0,164,10.05,10.05,0.0,103.52501,0.0
2019-02-16,10,0,167,3.58,3.58,0.0,65.045705,0.0
2019-02-16,10,0,168,1.79,1.79,0.0,32.522852,0.0
2019-02-16,10,0,169,0.0,0.0,0.0,0.0,0.0
2019-02-16,10,0,170,3.92,3.92,0.0,71.22323,0.0
2019-02-16,10,0,172,4.7,4.7,0.0,83.687849,0.0
2019-02-16,10,0,173,7.16,7.16,0.0,127.490425,0.0
2019-02-16,10,0,188,6.38,6.38,0.0,114.682582,0.0
2019-02-16,10,0,190,5.7,5.7,0.0,103.516964,0.0
2019-02-16,10,0,191,14.72,14.72,0.0,267.32802,0.0
2019-02-16,10,0,192,13.18,13.18,0.0,239.360279,0.0
2019-02-16,10,0,194,7.85,7.85,0.0,66.713063,0.0
2019-02-16,10,0,196,3.65,3.65,0.0,62.94611,0.0
2019-02-16,10,0,198,5.1,5.1,0.0,55.75579,0.0
2019-02-16,10,0,199,20.51,20.51,0.0,215.620632,0.0
2019-02-16,10,0,200,10.64,10.64,0.0,111.857802,0.0
2019-02-16,10,0,204,127.24,127.24,0.0,1345.760475,0.0
2019-02-16,10,0,205,488.95,488.95,0.0,5177.765089,0.0
2019-02-16,10,0,206,72.54,72.54,0.0,746.984175,0.0
2019-02-16,10,0,210,1.46,1.46,0.0,16.104319,0.0
2019-02-16,10,0,214,7.43,7.43,0.0,81.508343,0.0
2019-02-16,10,0,217,5.1,5.1,0.0,56.086445,0.0
2019-02-16,10,0,218,7.03,7.03,0.0,77.311315,0.0
2019-02-16,10,0,219,4.79,4.79,0.0,52.677269,0.0
2019-02-16,10,0,221,3.96,3.96,0.0,43.441862,0.0
2019-02-16,10,0,225,4.18,4.18,0.0,46.021554,0.0
2019-02-16,10,0,233,4.14,4.14,0.0,45.192331,0.0
2019-02-16,10,0,236,9.33,9.33,0.0,100.522911,0.0
2019-02-16,10,0,237,14.76,14.76,0.0,158.16969,0.0
2019-02-16,10,0,238,45.72,45.72,0.0,493.987097,0.0
2019-02-16,10,0,240,6.16,6.16,0.0,65.823224,0.0
2019-02-16,10,0,245,16.8,16.8,0.0,182.078753,0.0
2019-02-16,10,0,247,25.36,25.36,0.0,274.852212,0.0
2019-02-16,10,0,248,1.61,1.61,0.0,17.252927,0.0
2019-02-16,10,0,249,32.31,32.31,0.0,350.176458,0.0
2019-02-16,10,0,251,29.59,29.59,0.0,320.007683,0.0
2019-02-16,10,0,252,33.22,33.22,0.0,359.466213,0.0
2019-02-16,10,0,254,8.94,8.94,0.0,95.939227,0.0
2019-02-16,10,0,255,4.1,4.1,0.0,43.998974,0.0
2019-02-16,10,0,258,7.63,7.63,0.0,81.562177,0.0
2019-02-16,10,0,260,3.15,3.15,0.0,33.997804,0.0
2019-02-16,10,0,265,38.5,38.5,0.0,403.330237,0.0
2019-02-16,10,0,266,3.02,3.02,0.0,31.637852,0.0
2019-02-16,10,0,267,3.71,3.71,0.0,38.866368,0.0
2019-02-16,10,0,270,27.17,27.17,0.0,428.977233,0.0
2019-02-16,10,0,272,52.16,52.16,0.0,504.653785,0.0
2019-02-16,10,0,273,16.49,16.49,0.0,260.354603,0.0
2019-02-16,10,0,274,35.02,35.02,0.0,552.918023,0.0
2019-02-16,10,0,275,48.74,48.74,0.0,769.538105,0.0
2019-02-16,10,0,276,3.67,3.67,0.0,54.959258,0.0
2019-02-16,10,0,277,4.47,4.47,0.0,43.807025,0.0
2019-02-16,10,0,278,7.15,7.15,0.0,70.07164,0.0
2019-02-16,10,0,279,30.68,30.68,0.0,300.671035,0.0
2019-02-16,10,0,281,4.37,4.37,0.0,45.015352,0.0
2019-02-16,10,0,282,145.76,145.76,0.0,1501.473175,0.0
2019-02-16,11,0,9,2.44,2.44,0.0,34.270374,0.0
2019-02-16,11,0,17,43.83,43.83,0.0,604.520885,0.0
2019-02-16,11,0,19,32.65,32.65,0.0,450.321855,0.0
2019-02-16,11,0,20,39.6,39.6,0.0,546.179034,0.0
2019-02-16,11,0,21,55.85,55.85,0.0,784.426392,0.0
2019-02-16,11,0,22,198.49,198.49,0.0,2787.838758,0.0
2019-02-16,11,0,23,4.93,4.93,0.0,69.24301,0.0
2019-02-16,11,0,24,8.72,8.72,0.0,122.474452,0.0
2019-02-16,11,0,29,6.97,6.97,0.0,95.498564,0.0
2019-02-16,11,0,30,417.87,417.87,0.0,5869.752473,0.0
2019-02-16,11,0,31,64.05,64.05,0.0,899.700016,0.0
2019-02-16,11,0,32,4.88,4.88,0.0,86.110775,0.0
2019-02-16,11,0,33,2.25,2.25,0.0,30.932768,0.0
2019-02-16,11,0,34,3.6,3.6,0.0,49.492428,0.0
2019-02-16,11,0,35,3.6,3.6,0.0,49.492428,0.0
2019-02-16,11,0,36,8.44,8.44,0.0,116.977574,0.0
2019-02-16,11,0,37,4.07,4.07,0.0,56.412588,0.0
2019-02-16,11,0,38,5.23,5.23,0.0,72.490869,0.0
2019-02-16,11,0,39,3.49,3.49,0.0,48.373448,0.0
2019-02-16,11,0,40,3.49,3.49,0.0,48.373448,0.0
2019-02-16,11,0,41,1.13,1.13,0.0,15.776746,0.0
2019-02-16,11,0,42,54.57,54.57,0.0,753.177681,0.0
2019-02-16,11,0,43,26.34,26.34,0.0,364.746325,0.0
2019-02-16,11,0,46,23.14,23.14,0.0,321.12704,0.0
2019-02-16,11,0,52,68.09,68.09,0.0,956.449245,0.0
2019-02-16,11,0,53,110.9,110.9,0.0,1557.794408,0.0
2019-02-16,11,0,55,287.63,287.63,0.0,4039.831034,0.0
2019-02-16,11,0,56,123.26,123.26,0.0,1731.413334,0.0
2019-02-16,11,0,57,117.24,117.24,0.0,1646.851365,0.0
2019-02-16,11,0,58,225.47,225.47,0.0,3167.140714,0.0
2019-02-16,11,0,59,221.71,221.71,0.0,3114.3246,0.0
2019-02-16,11,0,63,2.8,2.8,0.0,51.088889,0.0
2019-02-16,11,0,64,3.29,3.29,0.0,60.029445,0.0
2019-02-16,11,0,65,6.71,6.71,0.0,92.559027,0.0
2019-02-16,11,0,67,264.3,264.3,0.0,3127.100057,0.0
2019-02-16,11,0,68,1.8,1.8,0.0,23.632777,0.0
2019-02-16,11,0,69,2.25,2.25,0.0,30.932768,0.0
2019-02-16,11,0,74,5.95,5.95,0.0,82.378165,0.0
2019-02-16,11,0,77,5.76,5.76,0.0,81.788356,0.0
2019-02-16,11,0,78,4.36,4.36,0.0,61.909242,0.0
2019-02-16,11,0,79,2.52,2.52,0.0,35.782406,0.0
2019-02-16,11,0,80,4.08,4.08,0.0,57.933419,0.0
2019-02-16,11,0,81,5.33,5.33,0.0,75.682628,0.0
2019-02-16,11,0,82,3.76,3.76,0.0,53.389621,0.0
2019-02-16,11,0,83,8.39,8.39,0.0,119.132693,0.0
2019-02-16,11,0,84,0.0,0.0,0.0,0.0,0.0
2019-02-16,11,0,86,11.4,11.4,0.0,156.726023,0.0
2019-02-16,11,0,87,58.2,58.2,0.0,800.12759,0.0
2019-02-16,11,0,88,4.94,4.94,0.0,70.144875,0.0
2019-02-16,11,0,89,4.75,4.75,0.0,67.446995,0.0
2019-02-16,11,0,90,6.37,6.37,0.0,90.44997,0.0
2019-02-16,11,0,91,22.73,22.73,0.0,322.751621,0.0
2019-02-16,11,0,92,8.18,8.18,0.0,116.150825,0.0
2019-02-16,11,0,95,25.49,25.49,0.0,450.701016,0.0
2019-02-16,11,0,96,2.16,2.16,0.0,30.344791,0.0
2019-02-16,11,0,97,15.88,15.88,0.0,223.090407,0.0
2019-02-16,11,0,99,1.28,1.28,0.0,17.721689,0.0
2019-02-16,11,0,101,8.42,8.42,0.0,118.274382,0.0
2019-02-16,11,0,102,4.27,4.27,0.0,56.0622,0.0
2019-02-16,11,0,103,3.71,3.71,0.0,48.70978,0.0
2019-02-16,11,0,104,0.69,0.69,0.0,9.059231,0.0
2019-02-16,11,0,106,195.4,195.4,0.0,2744.438981,0.0
2019-02-16,11,0,109,31.11,31.11,0.0,432.633653,0.0
2019-02-16,11,0,110,103.55,103.55,0.0,813.664001,0.0
2019-02-16,11,0,111,13.84,13.84,0.0,193.230233,0.0
2019-02-16,11,0,113,5.17,5.17,0.0,74.952289,0.0
2019-02-16,11,0,115,5.17,5.17,0.0,74.952289,0.0
2019-02-16,11,0,116,105.31,105.31,0.0,827.493539,0.0
2019-02-16,11,0,117,0.35,0.35,0.0,5.074139,0.0
2019-02-16,11,0,119,3.29,3.29,0.0,60.029445,0.0
2019-02-16,11,0,120,1.94,1.94,0.0,35.397302,0.0
2019-02-16,11,0,123,3.26,3.26,0.0,45.787467,0.0
2019-02-16,11,0,125,7.89,7.89,0.0,110.816907,0.0
2019-02-16,11,0,126,146.55,146.55,0.0,2058.329236,0.0
2019-02-16,11,0,127,188.07,188.07,0.0,2641.487406,0.0
2019-02-16,11,0,128,11.3,11.3,0.0,158.711159,0.0
2019-02-16,11,0,131,2.07,2.07,0.0,27.8951,0.0
2019-02-16,11,0,132,3.04,3.04,0.0,40.966717,0.0
2019-02-16,11,0,133,8.07,8.07,0.0,111.303304,0.0
2019-02-16,11,0,134,0.0,0.0,0.0,0.0,0.0
2019-02-16,11,0,135,10.81,10.81,0.0,149.094017,0.0
2019-02-16,11,0,136,8.73,8.73,0.0,120.424154,0.0
2019-02-16,11,0,139,1.45,1.45,0.0,20.244497,0.0
2019-02-16,11,0,140,76.64,76.64,0.0,602.213511,0.0
2019-02-16,11,0,141,42.96,42.96,0.0,508.286865,0.0
2019-02-16,11,0,142,348.55,348.55,0.0,4123.914963,0.0
2019-02-16,11,0,143,154.36,154.36,0.0,2168.270016,0.0
2019-02-16,11,0,145,21.5,21.5,0.0,300.887688,0.0
2019-02-16,11,0,146,268.0,268.0,0.0,2105.861442,0.0
2019-02-16,11,0,152,6.34,6.34,0.0,87.764517,0.0
2019-02-16,11,0,153,7.97,7.97,0.0,110.346746,0.0
2019-02-16,11,0,154,57.08,57.08,0.0,796.935093,0.0
2019-02-16,11,0,157,241.16,241.16,0.0,2853.316117,0.0
2019-02-16,11,0,158,234.61,234.61,0.0,2775.818934,0.0
2019-02-16,11,0,159,0.0,0.0,0.0,0.0,0.0
2019-02-16,11,0,160,2.05,2.05,0.0,28.305817,0.0
2019-02-16,11,0,161,51.15,51.15,0.0,671.564758,0.0
2019-02-16,11,0,162,28.83,28.83,0.0,509.914544,0.0
2019-02-16,11,0,163,4.96,4.96,0.0,38.974152,0.0
2019-02-16,11,0,164,16.21,16.21,0.0,227.699255,0.0
2019-02-16,11,0,167,5.43,5.43,0.0,95.91364,0.0
2019-02-16,11,0,168,2.71,2.71,0.0,47.868502,0.0
2019-02-16,11,0,169,0.0,0.0,0.0,0.0,0.0
2019-02-16,11,0,170,5.94,5.94,0.0,104.922104,0.0
2019-02-16,11,0,172,7.18,7.18,0.0,127.086243,0.0
2019-02-16,11,0,173,10.94,10.94,0.0,193.638371,0.0
2019-02-16,11,0,188,9.86,9.86,0.0,173.207881,0.0
2019-02-16,11,0,190,8.67,8.67,0.0,158.193096,0.0
2019-02-16,11,0,191,22.4,22.4,0.0,408.711114,0.0
2019-02-16,11,0,192,9.29,9.29,0.0,169.505636,0.0
2019-02-16,11,0,194,4.04,4.04,0.0,63.596414,0.0
2019-02-16,11,0,196,5.6,5.6,0.0,109.700572,0.0
2019-02-16,11,0,198,8.11,8.11,0.0,111.430456,0.0
2019-02-16,11,0,199,20.31,20.31,0.0,287.931663,0.0
2019-02-16,11,0,200,16.65,16.65,0.0,236.044421,0.0
2019-02-16,11,0,204,97.2,97.2,0.0,1352.33396,0.0
2019-02-16,11,0,205,203.43,203.43,0.0,2829.015238,0.0
2019-02-16,11,0,206,60.68,60.68,0.0,852.463849,0.0
2019-02-16,11,0,210,2.15,2.15,0.0,29.438495,0.0
2019-02-16,11,0,214,11.45,11.45,0.0,157.112075,0.0
2019-02-16,11,0,217,7.79,7.79,0.0,106.788202,0.0
2019-02-16,11,0,218,10.75,10.75,0.0,147.364976,0.0
2019-02-16,11,0,219,7.32,7.32,0.0,100.345268,0.0
2019-02-16,11,0,221,6.11,6.11,0.0,83.838845,0.0
2019-02-16,11,0,225,6.32,6.32,0.0,86.598195,0.0
2019-02-16,11,0,233,6.45,6.45,0.0,88.673934,0.0
2019-02-16,11,0,236,11.0,11.0,0.0,151.985359,0.0
2019-02-16,11,0,237,13.27,13.27,0.0,183.724076,0.0
2019-02-16,11,0,238,71.03,71.03,0.0,980.359367,0.0
2019-02-16,11,0,240,9.56,9.56,0.0,132.500665,0.0
2019-02-16,11,0,245,19.88,19.88,0.0,274.061906,0.0
2019-02-16,11,0,247,30.28,30.28,0.0,417.434332,0.0
2019-02-16,11,0,248,1.58,1.58,0.0,21.87521,0.0
2019-02-16,11,0,249,38.22,38.22,0.0,526.893664,0.0
2019-02-16,11,0,251,43.01,43.01,0.0,593.414733,0.0
2019-02-16,11,0,252,43.25,43.25,0.0,596.598797,0.0
2019-02-16,11,0,254,14.46,14.46,0.0,200.091798,0.0
2019-02-16,11,0,255,6.63,6.63,0.0,91.743335,0.0
2019-02-16,11,0,258,11.79,11.79,0.0,163.38486,0.0
2019-02-16,11,0,260,4.98,4.98,0.0,68.762425,0.0
2019-02-16,11,0,265,59.1,59.1,0.0,825.137772,0.0
2019-02-16,11,0,266,0.94,0.94,0.0,13.124019,0.0
2019-02-16,11,0,267,1.16,1.16,0.0,16.195598,0.0
2019-02-16,11,0,270,16.78,16.78,0.0,131.852071,0.0
2019-02-16,11,0,272,17.26,17.26,0.0,250.227564,0.0
2019-02-16,11,0,273,25.18,25.18,0.0,197.856683,0.0
2019-02-16,11,0,274,21.92,21.92,0.0,172.240608,0.0
2019-02-16,11,0,275,30.92,30.92,0.0,242.959835,0.0
2019-02-16,11,0,276,5.62,5.62,0.0,49.146836,0.0
2019-02-16,11,0,277,6.87,6.87,0.0,98.77685,0.0
2019-02-16,11,0,278,10.99,10.99,0.0,158.014205,0.0
2019-02-16,11,0,279,13.73,13.73,0.0,197.409921,0.0
2019-02-16,11,0,281,27.93,27.93,0.0,392.328204,0.0
2019-02-16,11,0,282,229.23,229.23,0.0,3219.956827,0.0
2019-02-16,12,0,9,3.3,3.3,0.0,-1276.366745,0.0
2019-02-16,12,0,17,55.51,55.51,0.0,825.630552,0.0
2019-02-16,12,0,19,36.43,36.43,0.0,541.843289,0.0
2019-02-16,12,0,20,44.19,44.19,0.0,657.262008,0.0
2019-02-16,12,0,21,75.35,75.35,0.0,-29143.70734,0.0
2019-02-16,12,0,22,267.79,267.79,0.0,-103575.227453,0.0
2019-02-16,12,0,23,21.11,21.11,0.0,-8164.879389,0.0
2019-02-16,12,0,24,35.35,35.35,0.0,-13672.595282,0.0
2019-02-16,12,0,29,8.75,8.75,0.0,30.78003,0.0
2019-02-16,12,0,30,569.78,569.78,0.0,-569780.0,0.0
2019-02-16,12,0,31,125.0,125.0,0.0,-125000.0,0.0
2019-02-16,12,0,32,6.4,6.4,0.0,207.100589,0.0
2019-02-16,12,0,33,3.0,3.0,0.0,57.523251,0.0
2019-02-16,12,0,34,4.8,4.8,0.0,92.037202,0.0
2019-02-16,12,0,35,4.8,4.8,0.0,92.037202,0.0
2019-02-16,12,0,36,11.6,11.6,0.0,95.134728,0.0
2019-02-16,12,0,37,5.55,5.55,0.0,45.181936,0.0
2019-02-16,12,0,38,7.14,7.14,0.0,58.12595,0.0
2019-02-16,12,0,39,4.76,4.76,0.0,38.750633,0.0
2019-02-16,12,0,40,4.76,4.76,0.0,38.750633,0.0
2019-02-16,12,0,41,0.0,0.0,0.0,-0.0,0.0
2019-02-16,12,0,42,70.43,70.43,0.0,981.883522,0.0
2019-02-16,12,0,43,36.57,36.57,0.0,316.300293,0.0
2019-02-16,12,0,46,30.88,30.88,0.0,226.468561,0.0
2019-02-16,12,0,52,132.5,132.5,0.0,-132500.0,0.0
2019-02-16,12,0,53,210.5,210.5,0.0,-210500.0,0.0
2019-02-16,12,0,55,623.0,623.0,0.0,-240962.570311,0.0
2019-02-16,12,0,56,168.06,168.06,0.0,-168060.0,0.0
2019-02-16,12,0,57,159.87,159.87,0.0,-159870.0,0.0
2019-02-16,12,0,58,307.43,307.43,0.0,-307430.0,0.0
2019-02-16,12,0,59,302.31,302.31,0.0,-302310.0,0.0
2019-02-16,12,0,63,2.43,2.43,0.0,78.798964,0.0
2019-02-16,12,0,64,2.86,2.86,0.0,92.742813,0.0
2019-02-16,12,0,65,8.56,8.56,0.0,125.835119,0.0
2019-02-16,12,0,67,357.42,357.42,0.0,4500.204273,0.0
2019-02-16,12,0,68,2.69,2.69,0.0,42.918637,0.0
2019-02-16,12,0,69,3.0,3.0,0.0,57.523251,0.0
2019-02-16,12,0,74,6.95,6.95,0.0,66.535781,0.0
2019-02-16,12,0,77,9.08,9.08,0.0,245.220542,0.0
2019-02-16,12,0,78,6.86,6.86,0.0,185.26574,0.0
2019-02-16,12,0,79,3.97,3.97,0.0,107.21647,0.0
2019-02-16,12,0,80,6.42,6.42,0.0,173.382806,0.0
2019-02-16,12,0,81,8.4,8.4,0.0,226.856008,0.0
2019-02-16,12,0,82,5.92,5.92,0.0,159.879472,0.0
2019-02-16,12,0,83,13.21,13.21,0.0,356.758079,0.0
2019-02-16,12,0,84,0.0,0.0,0.0,0.0,0.0
2019-02-16,12,0,86,15.2,15.2,0.0,291.451138,0.0
2019-02-16,12,0,87,77.58,77.58,0.0,1487.55127,0.0
2019-02-16,12,0,88,7.91,7.91,0.0,213.622741,0.0
2019-02-16,12,0,89,7.6,7.6,0.0,205.250674,0.0
2019-02-16,12,0,90,10.21,10.21,0.0,275.738076,0.0
2019-02-16,12,0,91,36.41,36.41,0.0,983.312767,0.0
2019-02-16,12,0,92,13.1,13.1,0.0,353.787345,0.0
2019-02-16,12,0,95,21.62,21.62,0.0,484.930906,0.0
2019-02-16,12,0,96,2.7,2.7,0.0,124.605603,0.0
2019-02-16,12,0,97,16.57,16.57,0.0,764.709199,0.0
2019-02-16,12,0,99,1.34,1.34,0.0,12.828482,0.0
2019-02-16,12,0,101,11.48,11.48,0.0,-11480.0,0.0
2019-02-16,12,0,102,6.37,6.37,0.0,101.632608,0.0
2019-02-16,12,0,103,5.54,5.54,0.0,88.390055,0.0
2019-02-16,12,0,104,1.03,1.03,0.0,16.43353,0.0
2019-02-16,12,0,106,263.62,263.62,0.0,-101962.364021,0.0
2019-02-16,12,0,109,18.17,18.17,0.0,110.625433,0.0
2019-02-16,12,0,110,251.38,251.38,0.0,575.386794,0.0
2019-02-16,12,0,111,18.9,18.9,0.0,-96.574635,0.0
2019-02-16,12,0,113,4.66,4.66,0.0,117.902081,0.0
2019-02-16,12,0,115,4.66,4.66,0.0,117.902081,0.0
2019-02-16,12,0,116,138.34,138.34,0.0,316.648139,0.0
2019-02-16,12,0,117,0.31,0.31,0.0,7.843271,0.0
2019-02-16,12,0,119,2.86,2.86,0.0,92.742813,0.0
2019-02-16,12,0,120,1.68,1.68,0.0,54.478296,0.0
2019-02-16,12,0,123,4.39,4.39,0.0,-1697.954548,0.0
2019-02-16,12,0,125,32.34,32.34,0.0,-12508.394099,0.0
2019-02-16,12,0,126,197.71,197.71,0.0,-76469.839127,0.0
2019-02-16,12,0,127,253.73,253.73,0.0,-98137.131565,0.0
2019-02-16,12,0,128,44.34,44.34,0.0,-17149.727717,0.0
2019-02-16,12,0,131,3.07,3.07,0.0,74.835576,0.0
2019-02-16,12,0,132,4.52,4.52,0.0,110.18137,0.0
2019-02-16,12,0,133,8.63,8.63,0.0,128.499514,0.0
2019-02-16,12,0,134,0.0,0.0,0.0,0.0,0.0
2019-02-16,12,0,135,11.57,11.57,0.0,172.27571,0.0
2019-02-16,12,0,136,10.95,10.95,0.0,160.864885,0.0
2019-02-16,12,0,139,0.0,0.0,0.0,-0.0,0.0
2019-02-16,12,0,140,186.05,186.05,0.0,425.852149,0.0
2019-02-16,12,0,141,101.12,101.12,0.0,1273.181848,0.0
2019-02-16,12,0,142,471.35,471.35,0.0,5934.674288,0.0
2019-02-16,12,0,143,238.5,238.5,0.0,-238500.0,0.0
2019-02-16,12,0,145,8.64,8.64,0.0,17.567786,0.0
2019-02-16,12,0,146,268.0,268.0,0.0,613.428518,0.0
2019-02-16,12,0,152,8.71,8.71,0.0,88.092305,0.0
2019-02-16,12,0,153,10.93,10.93,0.0,108.229653,0.0
2019-02-16,12,0,154,77.98,77.98,0.0,-398.459791,0.0
2019-02-16,12,0,157,250.0,250.0,0.0,3147.700375,0.0
2019-02-16,12,0,158,325.06,325.06,0.0,4092.765936,0.0
2019-02-16,12,0,159,0.0,0.0,0.0,0.0,0.0
2019-02-16,12,0,160,2.82,2.82,0.0,28.984808,0.0
2019-02-16,12,0,161,69.47,69.47,0.0,1108.385763,0.0
2019-02-16,12,0,162,17.55,17.55,0.0,394.079133,0.0
2019-02-16,12,0,163,9.45,9.45,0.0,21.630222,0.0
2019-02-16,12,0,164,22.87,22.87,0.0,-22870.0,0.0
2019-02-16,12,0,167,7.03,7.03,0.0,154.69515,0.0
2019-02-16,12,0,168,3.52,3.52,0.0,77.4576,0.0
2019-02-16,12,0,169,0.0,0.0,0.0,0.0,0.0
2019-02-16,12,0,170,7.69,7.69,0.0,169.21845,0.0
2019-02-16,12,0,172,9.38,9.38,0.0,256.821259,0.0
2019-02-16,12,0,173,14.3,14.3,0.0,391.529211,0.0
2019-02-16,12,0,188,12.94,12.94,0.0,380.955973,0.0
2019-02-16,12,0,190,11.45,11.45,0.0,371.295529,0.0
2019-02-16,12,0,191,29.57,29.57,0.0,958.882864,0.0
2019-02-16,12,0,192,16.91,16.91,0.0,548.349991,0.0
2019-02-16,12,0,194,4.69,4.69,0.0,127.70708,0.0
2019-02-16,12,0,196,7.45,7.45,0.0,276.708944,0.0
2019-02-16,12,0,198,10.67,10.67,0.0,128.30027,0.0
2019-02-16,12,0,199,26.52,26.52,0.0,496.050105,0.0
2019-02-16,12,0,200,21.85,21.85,0.0,408.698899,0.0
2019-02-16,12,0,204,78.35,78.35,0.0,453.053129,0.0
2019-02-16,12,0,205,96.1,96.1,0.0,585.091034,0.0
2019-02-16,12,0,206,48.7,48.7,0.0,2247.51587,0.0
2019-02-16,12,0,210,2.66,2.66,0.0,12.854854,0.0
2019-02-16,12,0,214,14.49,14.49,0.0,314.581809,0.0
2019-02-16,12,0,217,9.65,9.65,0.0,138.880671,0.0
2019-02-16,12,0,218,13.32,13.32,0.0,191.698502,0.0
2019-02-16,12,0,219,9.07,9.07,0.0,130.533439,0.0
2019-02-16,12,0,221,7.73,7.73,0.0,167.820385,0.0
2019-02-16,12,0,225,7.7,7.7,0.0,26.108625,0.0
2019-02-16,12,0,233,8.6,8.6,0.0,164.899986,0.0
2019-02-16,12,0,236,13.63,13.63,0.0,170.959801,0.0
2019-02-16,12,0,237,16.68,16.68,0.0,159.685875,0.0
2019-02-16,12,0,238,91.67,91.67,0.0,1277.996059,0.0
2019-02-16,12,0,240,13.15,13.15,0.0,107.846696,0.0
2019-02-16,12,0,245,23.38,23.38,0.0,362.632838,0.0
2019-02-16,12,0,247,35.84,35.84,0.0,555.892255,0.0
2019-02-16,12,0,248,1.67,1.67,0.0,15.987734,0.0
2019-02-16,12,0,249,44.96,44.96,0.0,697.346981,0.0
2019-02-16,12,0,251,63.02,63.02,0.0,908.498125,0.0
2019-02-16,12,0,252,55.24,55.24,0.0,812.048131,0.0
2019-02-16,12,0,254,19.47,19.47,0.0,176.358863,0.0
2019-02-16,12,0,255,8.93,8.93,0.0,80.887758,0.0
2019-02-16,12,0,258,16.3,16.3,0.0,134.85984,0.0
2019-02-16,12,0,260,6.86,6.86,0.0,70.509143,0.0
2019-02-16,12,0,265,80.74,80.74,0.0,-412.562753,0.0
2019-02-16,12,0,266,0.0,0.0,0.0,-0.0,0.0
2019-02-16,12,0,267,0.0,0.0,0.0,-0.0,0.0
2019-02-16,12,0,270,29.52,29.52,0.0,67.568693,0.0
2019-02-16,12,0,272,15.57,15.57,0.0,393.934635,0.0
2019-02-16,12,0,273,33.08,33.08,0.0,75.717222,0.0
2019-02-16,12,0,274,38.06,38.06,0.0,87.116005,0.0
2019-02-16,12,0,275,52.98,52.98,0.0,121.266578,0.0
2019-02-16,12,0,276,7.47,7.47,0.0,34.280628,0.0
2019-02-16,12,0,277,8.95,8.95,0.0,232.563559,0.0
2019-02-16,12,0,278,14.33,14.33,0.0,372.361542,0.0
2019-02-16,12,0,279,19.51,19.51,0.0,506.962574,0.0
2019-02-16,12,0,281,56.1,56.1,0.0,-56100.0,0.0
2019-02-16,12,0,282,312.56,312.56,0.0,-312560.0,0.0
2019-02-16,13,0,9,3.88,3.88,0.0,-1519.173375,0.0
2019-02-16,13,0,17,60.56,60.56,0.0,1587.638587,0.0
2019-02-16,13,0,19,41.16,41.16,0.0,1079.048947,0.0
2019-02-16,13,0,20,49.92,49.92,0.0,1308.700764,0.0
2019-02-16,13,0,21,88.68,88.68,0.0,-34721.725487,0.0
2019-02-16,13,0,22,315.17,315.17,0.0,-123401.51355,0.0
2019-02-16,13,0,23,90.35,90.35,0.0,-35375.596501,0.0
2019-02-16,13,0,24,157.79,157.79,0.0,-61781.022379,0.0
2019-02-16,13,0,29,9.53,9.53,0.0,43.521964,0.0
2019-02-16,13,0,30,689.93,689.93,0.0,-689930.0,0.0
2019-02-16,13,0,31,125.0,125.0,0.0,-125000.0,0.0
2019-02-16,13,0,32,7.31,7.31,0.0,220.675398,0.0
2019-02-16,13,0,33,3.53,3.53,0.0,111.558747,0.0
2019-02-16,13,0,34,5.65,5.65,0.0,178.557202,0.0
2019-02-16,13,0,35,5.65,5.65,0.0,178.557202,0.0
2019-02-16,13,0,36,13.99,13.99,0.0,85.483425,0.0
2019-02-16,13,0,37,6.67,6.67,0.0,40.994365,0.0
2019-02-16,13,0,38,8.58,8.58,0.0,52.733381,0.0
2019-02-16,13,0,39,5.72,5.72,0.0,35.155587,0.0
2019-02-16,13,0,40,5.72,5.72,0.0,35.155587,0.0
2019-02-16,13,0,41,1.04,1.04,0.0,-10.061282,0.0
2019-02-16,13,0,42,80.72,80.72,0.0,2021.893118,0.0
2019-02-16,13,0,43,42.24,42.24,0.0,312.239121,0.0
2019-02-16,13,0,46,35.91,35.91,0.0,177.439777,0.0
2019-02-16,13,0,52,132.5,132.5,0.0,-132500.0,0.0
2019-02-16,13,0,53,210.5,210.5,0.0,-210500.0,0.0
2019-02-16,13,0,55,623.0,623.0,0.0,-243929.126953,0.0
2019-02-16,13,0,56,203.5,203.5,0.0,-203500.0,0.0
2019-02-16,13,0,57,193.58,193.58,0.0,-193580.0,0.0
2019-02-16,13,0,58,372.26,372.26,0.0,-372260.0,0.0
2019-02-16,13,0,59,366.06,366.06,0.0,-366060.0,0.0
2019-02-16,13,0,63,4.92,4.92,0.0,159.543581,0.0
2019-02-16,13,0,64,5.79,5.79,0.0,187.755556,0.0
2019-02-16,13,0,65,10.75,10.75,0.0,279.489689,0.0
2019-02-16,13,0,67,426.12,426.12,0.0,3440.596884,0.0
2019-02-16,13,0,68,7.92,7.92,0.0,121.005087,0.0
2019-02-16,13,0,69,3.53,3.53,0.0,111.558747,0.0
2019-02-16,13,0,74,6.53,6.53,0.0,93.086701,0.0
2019-02-16,13,0,77,21.94,21.94,0.0,490.175866,0.0
2019-02-16,13,0,78,16.59,16.59,0.0,370.648023,0.0
2019-02-16,13,0,79,9.6,9.6,0.0,214.479869,0.0
2019-02-16,13,0,80,15.52,15.52,0.0,346.742454,0.0
2019-02-16,13,0,81,20.29,20.29,0.0,453.312139,0.0
2019-02-16,13,0,82,14.31,14.31,0.0,319.709054,0.0
2019-02-16,13,0,83,31.92,31.92,0.0,713.145563,0.0
2019-02-16,13,0,84,0.0,0.0,0.0,0.0,0.0
2019-02-16,13,0,86,17.89,17.89,0.0,565.378468,0.0
2019-02-16,13,0,87,91.32,91.32,0.0,2885.990033,0.0
2019-02-16,13,0,88,18.13,18.13,0.0,405.054168,0.0
2019-02-16,13,0,89,17.43,17.43,0.0,389.415011,0.0
2019-02-16,13,0,90,23.4,23.4,0.0,522.79468,0.0
2019-02-16,13,0,91,83.47,83.47,0.0,1864.857774,0.0
2019-02-16,13,0,92,30.02,30.02,0.0,670.696422,0.0
2019-02-16,13,0,95,21.82,21.82,0.0,489.416853,0.0
2019-02-16,13,0,96,6.68,6.68,0.0,253.025202,0.0
2019-02-16,13,0,97,41.09,41.09,0.0,1556.408015,0.0
2019-02-16,13,0,99,1.26,1.26,0.0,17.961599,0.0
2019-02-16,13,0,101,13.9,13.9,0.0,-13900.0,0.0
2019-02-16,13,0,102,18.76,18.76,0.0,286.623161,0.0
2019-02-16,13,0,103,16.31,16.31,0.0,249.191032,0.0
2019-02-16,13,0,104,3.03,3.03,0.0,46.293613,0.0
2019-02-16,13,0,106,310.26,310.26,0.0,-121479.05446,0.0
2019-02-16,13,0,109,16.22,16.22,0.0,40.263443,0.0
2019-02-16,13,0,110,338.6,338.6,0.0,-4736.077385,0.0
2019-02-16,13,0,111,22.44,22.44,0.0,-217.091515,0.0
2019-02-16,13,0,113,12.02,12.02,0.0,244.118706,0.0
2019-02-16,13,0,115,12.02,12.02,0.0,244.118706,0.0
2019-02-16,13,0,116,161.39,161.39,0.0,-2257.399673,0.0
2019-02-16,13,0,117,0.8,0.8,0.0,16.247501,0.0
2019-02-16,13,0,119,5.79,5.79,0.0,187.755556,0.0
2019-02-16,13,0,120,3.4,3.4,0.0,110.253694,0.0
2019-02-16,13,0,123,5.17,5.17,0.0,-2024.259368,0.0
2019-02-16,13,0,125,143.27,143.27,0.0,-56095.868408,0.0
2019-02-16,13,0,126,232.69,232.69,0.0,-91107.333147,0.0
2019-02-16,13,0,127,298.62,298.62,0.0,-116921.534335,0.0
2019-02-16,13,0,128,202.25,202.25,0.0,-79188.869865,0.0
2019-02-16,13,0,131,9.33,9.33,0.0,160.498706,0.0
2019-02-16,13,0,132,13.71,13.71,0.0,235.845365,0.0
2019-02-16,13,0,133,9.2,9.2,0.0,241.374861,0.0
2019-02-16,13,0,134,0.0,0.0,0.0,0.0,0.0
2019-02-16,13,0,135,12.32,12.32,0.0,323.232423,0.0
2019-02-16,13,0,136,13.55,13.55,0.0,352.125643,0.0
2019-02-16,13,0,139,1.35,1.35,0.0,-13.060318,0.0
2019-02-16,13,0,140,250.6,250.6,0.0,-3505.200806,0.0
2019-02-16,13,0,141,230.0,230.0,0.0,1857.076137,0.0
2019-02-16,13,0,142,561.95,561.95,0.0,4537.321456,0.0
2019-02-16,13,0,143,238.5,238.5,0.0,-238500.0,0.0
2019-02-16,13,0,145,13.28,13.28,0.0,-55.558679,0.0
2019-02-16,13,0,146,268.0,268.0,0.0,-3748.578675,0.0
2019-02-16,13,0,152,10.32,10.32,0.0,242.751715,0.0
2019-02-16,13,0,153,12.88,12.88,0.0,302.301447,0.0
2019-02-16,13,0,154,92.58,92.58,0.0,-895.647614,0.0
2019-02-16,13,0,157,250.0,250.0,0.0,2018.561018,0.0
2019-02-16,13,0,158,402.61,402.61,0.0,3250.771406,0.0
2019-02-16,13,0,159,0.0,0.0,0.0,0.0,0.0
2019-02-16,13,0,160,3.36,3.36,0.0,37.061752,0.0
2019-02-16,13,0,161,81.51,81.51,0.0,1245.344024,0.0
2019-02-16,13,0,162,14.93,14.93,0.0,335.567524,0.0
2019-02-16,13,0,163,17.77,17.77,0.0,-248.553146,0.0
2019-02-16,13,0,164,27.35,27.35,0.0,-27350.0,0.0
2019-02-16,13,0,167,7.91,7.91,0.0,174.316707,0.0
2019-02-16,13,0,168,3.96,3.96,0.0,87.268541,0.0
2019-02-16,13,0,169,0.0,0.0,0.0,0.0,0.0
2019-02-16,13,0,170,8.66,8.66,0.0,190.844839,0.0
2019-02-16,13,0,172,10.0,10.0,0.0,248.935055,0.0
2019-02-16,13,0,173,15.24,15.24,0.0,379.377024,0.0
2019-02-16,13,0,188,14.8,14.8,0.0,405.808503,0.0
2019-02-16,13,0,190,13.24,13.24,0.0,429.340856,0.0
2019-02-16,13,0,191,34.2,34.2,0.0,1109.022453,0.0
2019-02-16,13,0,192,42.11,42.11,0.0,1365.52443,0.0
2019-02-16,13,0,194,10.41,10.41,0.0,247.505343,0.0
2019-02-16,13,0,196,8.59,8.59,0.0,343.451921,0.0
2019-02-16,13,0,198,13.78,13.78,0.0,210.883493,0.0
2019-02-16,13,0,199,10.63,10.63,0.0,162.779952,0.0
2019-02-16,13,0,200,21.2,21.2,0.0,324.641109,0.0
2019-02-16,13,0,204,69.2,69.2,0.0,141.903475,0.0
2019-02-16,13,0,205,85.83,85.83,0.0,213.058653,0.0
2019-02-16,13,0,206,120.74,120.74,0.0,4573.392645,0.0
2019-02-16,13,0,210,2.38,2.38,0.0,12.360119,0.0
2019-02-16,13,0,214,17.85,17.85,0.0,617.379619,0.0
2019-02-16,13,0,217,11.44,11.44,0.0,256.944176,0.0
2019-02-16,13,0,218,15.79,15.79,0.0,354.645851,0.0
2019-02-16,13,0,219,10.75,10.75,0.0,241.446669,0.0
2019-02-16,13,0,221,9.52,9.52,0.0,329.26913,0.0
2019-02-16,13,0,225,8.68,8.68,0.0,39.114994,0.0
2019-02-16,13,0,233,10.12,10.12,0.0,319.822811,0.0
2019-02-16,13,0,236,35.13,35.13,0.0,847.225247,0.0
2019-02-16,13,0,237,15.67,15.67,0.0,223.379573,0.0
2019-02-16,13,0,238,105.06,105.06,0.0,2631.567034,0.0
2019-02-16,13,0,240,15.86,15.86,0.0,96.90973,0.0
2019-02-16,13,0,245,27.6,27.6,0.0,745.576446,0.0
2019-02-16,13,0,247,42.46,42.46,0.0,1146.999127,0.0
2019-02-16,13,0,248,1.57,1.57,0.0,22.380723,0.0
2019-02-16,13,0,249,53.07,53.07,0.0,1433.613841,0.0
2019-02-16,13,0,251,90.39,90.39,0.0,2317.861203,0.0
2019-02-16,13,0,252,69.34,69.34,0.0,1802.773489,0.0
2019-02-16,13,0,254,22.9,22.9,0.0,190.184331,0.0
2019-02-16,13,0,255,10.49,10.49,0.0,87.119373,0.0
2019-02-16,13,0,258,19.6,19.6,0.0,123.819642,0.0
2019-02-16,13,0,260,8.16,8.16,0.0,90.007112,0.0
2019-02-16,13,0,265,95.86,95.86,0.0,-927.379351,0.0
2019-02-16,13,0,266,0.87,0.87,0.0,-8.41665,0.0
2019-02-16,13,0,267,1.07,1.07,0.0,-10.351512,0.0
2019-02-16,13,0,270,55.3,55.3,0.0,-773.494033,0.0
2019-02-16,13,0,272,40.17,40.17,0.0,815.827657,0.0
2019-02-16,13,0,273,38.59,38.59,0.0,-539.767355,0.0
2019-02-16,13,0,274,71.25,71.25,0.0,-996.590413,0.0
2019-02-16,13,0,275,99.14,99.14,0.0,-1386.694365,0.0
2019-02-16,13,0,276,8.48,8.48,0.0,-76.84043,0.0
2019-02-16,13,0,277,10.38,10.38,0.0,219.268666,0.0
2019-02-16,13,0,278,16.61,16.61,0.0,350.872115,0.0
2019-02-16,13,0,279,77.97,77.97,0.0,1647.049896,0.0
2019-02-16,13,0,281,56.1,56.1,0.0,-56100.0,0.0
2019-02-16,13,0,282,378.47,378.47,0.0,-378470.0,0.0
2019-02-16,14,0,9,4.07,4.07,0.0,-1579.336077,0.0
2019-02-16,14,0,17,62.74,62.74,0.0,798.848325,0.0
2019-02-16,14,0,19,56.3,56.3,0.0,716.849867,0.0
2019-02-16,14,0,20,68.28,68.28,0.0,869.38737,0.0
2019-02-16,14,0,21,93.07,93.07,0.0,-36115.186399,0.0
2019-02-16,14,0,22,330.76,330.76,0.0,-128349.189355,0.0
2019-02-16,14,0,23,42.61,42.61,0.0,-16534.523396,0.0
2019-02-16,14,0,24,73.27,73.27,0.0,-28431.92981,0.0
2019-02-16,14,0,29,9.45,9.45,0.0,44.812979,0.0
2019-02-16,14,0,30,741.99,741.99,0.0,-741990.0,0.0
2019-02-16,14,0,31,125.0,125.0,0.0,-125000.0,0.0
2019-02-16,14,0,32,7.32,7.32,0.0,776.379224,0.0
2019-02-16,14,0,33,3.61,3.61,0.0,60.917684,0.0
2019-02-16,14,0,34,5.77,5.77,0.0,97.367046,0.0
2019-02-16,14,0,35,5.77,5.77,0.0,97.367046,0.0
2019-02-16,14,0,36,14.42,14.42,0.0,93.31934,0.0
2019-02-16,14,0,37,6.86,6.86,0.0,44.185214,0.0
2019-02-16,14,0,38,8.82,8.82,0.0,56.809561,0.0
2019-02-16,14,0,39,5.88,5.88,0.0,37.87304,0.0
2019-02-16,14,0,40,5.88,5.88,0.0,37.87304,0.0
2019-02-16,14,0,41,3.35,3.35,0.0,-23.687056,0.0
2019-02-16,14,0,42,84.97,84.97,0.0,1005.605835,0.0
2019-02-16,14,0,43,42.76,42.76,0.0,302.072704,0.0
2019-02-16,14,0,46,36.81,36.81,0.0,207.401324,0.0
2019-02-16,14,0,52,132.5,132.5,0.0,-132500.0,0.0
2019-02-16,14,0,53,210.5,210.5,0.0,-210500.0,0.0
2019-02-16,14,0,55,623.0,623.0,0.0,-241750.952257,0.0
2019-02-16,14,0,56,218.86,218.86,0.0,-218860.0,0.0
2019-02-16,14,0,57,208.19,208.19,0.0,-208190.0,0.0
2019-02-16,14,0,58,400.36,400.36,0.0,-400360.0,0.0
2019-02-16,14,0,59,393.68,393.68,0.0,-393680.0,0.0
2019-02-16,14,0,63,7.17,7.17,0.0,1172.692479,0.0
2019-02-16,14,0,64,8.44,8.44,0.0,1380.407883,0.0
2019-02-16,14,0,65,15.79,15.79,0.0,198.415467,0.0
2019-02-16,14,0,67,440.06,440.06,0.0,-235326.448087,0.0
2019-02-16,14,0,68,6.22,6.22,0.0,-2381.238401,0.0
2019-02-16,14,0,69,3.61,3.61,0.0,60.917684,0.0
2019-02-16,14,0,74,6.89,6.89,0.0,52.33647,0.0
2019-02-16,14,0,77,32.03,32.03,0.0,-8187.146362,0.0
2019-02-16,14,0,78,24.21,24.21,0.0,-6188.286401,0.0
2019-02-16,14,0,79,14.01,14.01,0.0,-3581.077756,0.0
2019-02-16,14,0,80,22.66,22.66,0.0,-5792.09293,0.0
2019-02-16,14,0,81,29.63,29.63,0.0,-7573.685504,0.0
2019-02-16,14,0,82,20.9,20.9,0.0,-5342.221635,0.0
2019-02-16,14,0,83,46.6,46.6,0.0,-11911.364985,0.0
2019-02-16,14,0,84,0.0,0.0,0.0,0.0,0.0
2019-02-16,14,0,86,18.28,18.28,0.0,308.469603,0.0
2019-02-16,14,0,87,93.31,93.31,0.0,1574.578702,0.0
2019-02-16,14,0,88,22.36,22.36,0.0,-5715.410323,0.0
2019-02-16,14,0,89,21.49,21.49,0.0,-5493.030762,0.0
2019-02-16,14,0,90,28.86,28.86,0.0,-7376.866813,0.0
2019-02-16,14,0,91,102.95,102.95,0.0,-26314.914704,0.0
2019-02-16,14,0,92,37.03,37.03,0.0,-9465.189815,0.0
2019-02-16,14,0,95,21.76,21.76,0.0,488.071069,0.0
2019-02-16,14,0,96,14.58,14.58,0.0,641.296296,0.0
2019-02-16,14,0,97,97.75,97.75,0.0,4299.500198,0.0
2019-02-16,14,0,99,1.33,1.33,0.0,10.102686,0.0
2019-02-16,14,0,101,14.95,14.95,0.0,-14950.0,0.0
2019-02-16,14,0,102,14.69,14.69,0.0,-5623.857253,0.0
2019-02-16,14,0,103,12.78,12.78,0.0,-4892.64096,0.0
2019-02-16,14,0,104,2.39,2.39,0.0,-914.977456,0.0
2019-02-16,14,0,106,325.6,325.6,0.0,-126346.886123,0.0
2019-02-16,14,0,109,12.0,12.0,0.0,50.970993,0.0
2019-02-16,14,0,110,338.6,338.6,0.0,-338600.0,0.0
2019-02-16,14,0,111,24.09,24.09,0.0,-170.334682,0.0
2019-02-16,14,0,113,15.25,15.25,0.0,-3463.535897,0.0
2019-02-16,14,0,115,15.25,15.25,0.0,-3463.535897,0.0
2019-02-16,14,0,116,163.14,163.14,0.0,-163140.0,0.0
2019-02-16,14,0,117,1.02,1.02,0.0,-231.65945,0.0
2019-02-16,14,0,119,8.44,8.44,0.0,1380.407883,0.0
2019-02-16,14,0,120,4.96,4.96,0.0,811.234964,0.0
2019-02-16,14,0,123,5.43,5.43,0.0,-2107.074913,0.0
2019-02-16,14,0,125,66.79,66.79,0.0,-25917.409472,0.0
2019-02-16,14,0,126,244.2,244.2,0.0,-94760.164592,0.0
2019-02-16,14,0,127,313.39,313.39,0.0,-121608.877894,0.0
2019-02-16,14,0,128,92.7,92.7,0.0,-35971.610392,0.0
2019-02-16,14,0,131,16.56,16.56,0.0,-5667.850313,0.0
2019-02-16,14,0,132,24.35,24.35,0.0,-8334.067339,0.0
2019-02-16,14,0,133,13.58,13.58,0.0,173.123183,0.0
2019-02-16,14,0,134,0.0,0.0,0.0,0.0,0.0
2019-02-16,14,0,135,18.2,18.2,0.0,232.020761,0.0
2019-02-16,14,0,136,17.31,17.31,0.0,217.357133,0.0
2019-02-16,14,0,139,4.33,4.33,0.0,-30.616404,0.0
2019-02-16,14,0,140,250.6,250.6,0.0,-250600.0,0.0
2019-02-16,14,0,141,230.0,230.0,0.0,-122994.780394,0.0
2019-02-16,14,0,142,580.33,580.33,0.0,-310337.22133,0.0
2019-02-16,14,0,143,238.5,238.5,0.0,-238500.0,0.0
2019-02-16,14,0,145,5.43,5.43,0.0,0.270136,0.0
2019-02-16,14,0,146,268.0,268.0,0.0,-268000.0,0.0
2019-02-16,14,0,152,10.86,10.86,0.0,88.712387,0.0
2019-02-16,14,0,153,13.59,13.59,0.0,108.257897,0.0
2019-02-16,14,0,154,99.39,99.39,0.0,-702.763141,0.0
2019-02-16,14,0,157,250.0,250.0,0.0,-133689.978689,0.0
2019-02-16,14,0,158,431.26,431.26,0.0,-230620.560837,0.0
2019-02-16,14,0,159,0.0,0.0,0.0,0.0,0.0
2019-02-16,14,0,160,3.4,3.4,0.0,30.526172,0.0
2019-02-16,14,0,161,83.65,83.65,0.0,-32024.210975,0.0
2019-02-16,14,0,162,15.72,15.72,0.0,364.886407,0.0
2019-02-16,14,0,163,34.89,34.89,0.0,-34890.0,0.0
2019-02-16,14,0,164,29.36,29.36,0.0,-29360.0,0.0
2019-02-16,14,0,167,8.08,8.08,0.0,138.068327,0.0
2019-02-16,14,0,168,4.04,4.04,0.0,69.034164,0.0
2019-02-16,14,0,169,0.0,0.0,0.0,0.0,0.0
2019-02-16,14,0,170,8.84,8.84,0.0,151.054952,0.0
2019-02-16,14,0,172,10.17,10.17,0.0,578.753377,0.0
2019-02-16,14,0,173,15.5,15.5,0.0,882.072502,0.0
2019-02-16,14,0,188,14.84,14.84,0.0,1066.579744,0.0
2019-02-16,14,0,190,13.31,13.31,0.0,2176.922858,0.0
2019-02-16,14,0,191,34.39,34.39,0.0,5624.671457,0.0
2019-02-16,14,0,192,64.34,64.34,0.0,10523.156776,0.0
2019-02-16,14,0,194,14.04,14.04,0.0,-1227.772686,0.0
2019-02-16,14,0,196,8.64,8.64,0.0,2805.277715,0.0
2019-02-16,14,0,198,14.27,14.27,0.0,163.073643,0.0
2019-02-16,14,0,199,14.32,14.32,0.0,-237.095625,0.0
2019-02-16,14,0,200,21.56,21.56,0.0,-356.967994,0.0
2019-02-16,14,0,204,60.86,60.86,0.0,240.259772,0.0
2019-02-16,14,0,205,63.49,63.49,0.0,269.679029,0.0
2019-02-16,14,0,206,346.04,346.04,0.0,15220.450626,0.0
2019-02-16,14,0,210,2.38,2.38,0.0,13.907999,0.0
2019-02-16,14,0,214,17.87,17.87,0.0,345.172105,0.0
2019-02-16,14,0,217,11.6,11.6,0.0,157.076034,0.0
2019-02-16,14,0,218,16.01,16.01,0.0,216.792009,0.0
2019-02-16,14,0,219,10.91,10.91,0.0,147.732718,0.0
2019-02-16,14,0,221,9.53,9.53,0.0,184.078912,0.0
2019-02-16,14,0,225,8.74,8.74,0.0,40.516289,0.0
2019-02-16,14,0,233,10.34,10.34,0.0,174.484447,0.0
2019-02-16,14,0,236,21.96,21.96,0.0,230.428606,0.0
2019-02-16,14,0,237,16.52,16.52,0.0,125.485991,0.0
2019-02-16,14,0,238,110.6,110.6,0.0,1308.932627,0.0
2019-02-16,14,0,240,16.34,16.34,0.0,105.744661,0.0
2019-02-16,14,0,245,39.51,39.51,0.0,527.300436,0.0
2019-02-16,14,0,247,65.23,65.23,0.0,870.55954,0.0
2019-02-16,14,0,248,1.66,1.66,0.0,12.609367,0.0
2019-02-16,14,0,249,75.98,75.98,0.0,1014.029033,0.0
2019-02-16,14,0,251,142.81,142.81,0.0,1755.429057,0.0
2019-02-16,14,0,252,101.87,101.87,0.0,1280.087629,0.0
2019-02-16,14,0,254,23.17,23.17,0.0,174.809391,0.0
2019-02-16,14,0,255,10.62,10.62,0.0,80.124115,0.0
2019-02-16,14,0,258,20.12,20.12,0.0,132.133518,0.0
2019-02-16,14,0,260,8.26,8.26,0.0,74.160642,0.0
2019-02-16,14,0,265,102.9,102.9,0.0,-727.58152,0.0
2019-02-16,14,0,266,2.8,2.8,0.0,-19.798137,0.0
2019-02-16,14,0,267,3.44,3.44,0.0,-24.323425,0.0
2019-02-16,14,0,270,121.27,121.27,0.0,-121270.0,0.0
2019-02-16,14,0,272,50.98,50.98,0.0,-11578.430165,0.0
2019-02-16,14,0,273,39.01,39.01,0.0,-39010.0,0.0
2019-02-16,14,0,274,161.76,161.76,0.0,-161760.0,0.0
2019-02-16,14,0,275,235.27,235.27,0.0,-235270.0,0.0
2019-02-16,14,0,276,8.64,8.64,0.0,-7742.491568,0.0
2019-02-16,14,0,277,10.57,10.57,0.0,-2521.366143,0.0
2019-02-16,14,0,278,16.91,16.91,0.0,-4033.70875,0.0
2019-02-16,14,0,279,71.5,71.5,0.0,-17055.598794,0.0
2019-02-16,14,0,281,56.1,56.1,0.0,-56100.0,0.0
2019-02-16,14,0,282,407.03,407.03,0.0,-407030.0,0.0
2019-02-16,15,0,9,3.92,3.92,0.0,-1544.259549,0.0
2019-02-16,15,0,17,60.21,60.21,0.0,363.838359,0.0
2019-02-16,15,0,19,75.47,75.47,0.0,456.051835,0.0
2019-02-16,15,0,20,91.54,91.54,0.0,553.159997,0.0
2019-02-16,15,0,21,89.57,89.57,0.0,-35285.542805,0.0
2019-02-16,15,0,22,318.31,318.31,0.0,-125396.239035,0.0
2019-02-16,15,0,23,32.64,32.64,0.0,-12858.324407,0.0
2019-02-16,15,0,24,57.75,57.75,0.0,-22750.252283,0.0
2019-02-16,15,0,29,8.97,8.97,0.0,43.994006,0.0
2019-02-16,15,0,30,717.38,717.38,0.0,-717380.0,0.0
2019-02-16,15,0,31,125.0,125.0,0.0,-125000.0,0.0
2019-02-16,15,0,32,7.04,7.04,0.0,387.563679,0.0
2019-02-16,15,0,33,3.53,3.53,0.0,36.982831,0.0
2019-02-16,15,0,34,5.64,5.64,0.0,59.088715,0.0
2019-02-16,15,0,35,5.64,5.64,0.0,59.088715,0.0
2019-02-16,15,0,36,14.07,14.07,0.0,-5.736709,0.0
2019-02-16,15,0,37,6.68,6.68,0.0,-2.686303,0.0
2019-02-16,15,0,38,8.59,8.59,0.0,-3.454393,0.0
2019-02-16,15,0,39,5.73,5.73,0.0,-2.304269,0.0
2019-02-16,15,0,40,5.73,5.73,0.0,-2.304269,0.0
2019-02-16,15,0,41,16.56,16.56,0.0,-256.293951,0.0
2019-02-16,15,0,42,81.97,81.97,0.0,416.547664,0.0
2019-02-16,15,0,43,41.79,41.79,0.0,23.0047,0.0
2019-02-16,15,0,46,35.55,35.55,0.0,-50.300097,0.0
2019-02-16,15,0,52,132.5,132.5,0.0,-132500.0,0.0
2019-02-16,15,0,53,210.5,210.5,0.0,-210500.0,0.0
2019-02-16,15,0,55,623.0,623.0,0.0,-245426.964025,0.0
2019-02-16,15,0,56,211.6,211.6,0.0,-211600.0,0.0
2019-02-16,15,0,57,201.28,201.28,0.0,-201280.0,0.0
2019-02-16,15,0,58,387.07,387.07,0.0,-387070.0,0.0
2019-02-16,15,0,59,380.62,380.62,0.0,-380620.0,0.0
2019-02-16,15,0,63,10.9,10.9,0.0,1346.048675,0.0
2019-02-16,15,0,64,12.82,12.82,0.0,1583.150827,0.0
2019-02-16,15,0,65,22.33,22.33,0.0,130.949469,0.0
2019-02-16,15,0,67,423.2,423.2,0.0,-232703.088843,0.0
2019-02-16,15,0,68,18.4,18.4,0.0,-7412.883425,0.0
2019-02-16,15,0,69,3.53,3.53,0.0,36.982831,0.0
2019-02-16,15,0,74,9.22,9.22,0.0,4.845944,0.0
2019-02-16,15,0,77,60.0,60.0,0.0,-16776.454223,0.0
2019-02-16,15,0,78,45.36,45.36,0.0,-12682.999393,0.0
2019-02-16,15,0,79,26.25,26.25,0.0,-7339.698723,0.0
2019-02-16,15,0,80,42.45,42.45,0.0,-11869.341363,0.0
2019-02-16,15,0,81,55.5,55.5,0.0,-15518.220156,0.0
2019-02-16,15,0,82,39.15,39.15,0.0,-10946.636381,0.0
2019-02-16,15,0,83,87.3,87.3,0.0,-24409.740894,0.0
2019-02-16,15,0,84,0.0,0.0,0.0,0.0,0.0
2019-02-16,15,0,86,17.86,17.86,0.0,187.114266,0.0
2019-02-16,15,0,87,91.2,91.2,0.0,955.477101,0.0
2019-02-16,15,0,88,34.17,34.17,0.0,-9554.19068,0.0
2019-02-16,15,0,89,32.85,32.85,0.0,-9185.108687,0.0
2019-02-16,15,0,90,44.1,44.1,0.0,-12330.693854,0.0
2019-02-16,15,0,91,157.33,157.33,0.0,-43990.659048,0.0
2019-02-16,15,0,92,56.58,56.58,0.0,-15820.196332,0.0
2019-02-16,15,0,95,21.8,21.8,0.0,488.968258,0.0
2019-02-16,15,0,96,29.88,29.88,0.0,1011.540823,0.0
2019-02-16,15,0,97,183.75,183.75,0.0,6220.569818,0.0
2019-02-16,15,0,99,1.78,1.78,0.0,0.935551,0.0
2019-02-16,15,0,101,14.45,14.45,0.0,-14450.0,0.0
2019-02-16,15,0,102,43.57,43.57,0.0,-17553.224502,0.0
2019-02-16,15,0,103,37.89,37.89,0.0,-15264.899619,0.0
2019-02-16,15,0,104,7.04,7.04,0.0,-2836.233658,0.0
2019-02-16,15,0,106,313.35,313.35,0.0,-123442.277973,0.0
2019-02-16,15,0,109,13.37,13.37,0.0,-44.993679,0.0
2019-02-16,15,0,110,338.6,338.6,0.0,-338600.0,0.0
2019-02-16,15,0,111,23.27,23.27,0.0,-360.142527,0.0
2019-02-16,15,0,113,20.2,20.2,0.0,-5102.529004,0.0
2019-02-16,15,0,115,20.2,20.2,0.0,-5102.529004,0.0
2019-02-16,15,0,116,155.32,155.32,0.0,-155320.0,0.0
2019-02-16,15,0,117,1.35,1.35,0.0,-341.010602,0.0
2019-02-16,15,0,119,12.82,12.82,0.0,1583.150827,0.0
2019-02-16,15,0,120,7.54,7.54,0.0,931.119909,0.0
2019-02-16,15,0,123,5.22,5.22,0.0,-2056.38644,0.0
2019-02-16,15,0,125,52.26,52.26,0.0,-20587.501027,0.0
2019-02-16,15,0,126,235.01,235.01,0.0,-92580.723621,0.0
2019-02-16,15,0,127,301.6,301.6,0.0,-118813.438764,0.0
2019-02-16,15,0,128,74.85,74.85,0.0,-29486.690622,0.0
2019-02-16,15,0,131,73.62,73.62,0.0,-26769.499564,0.0
2019-02-16,15,0,132,108.35,108.35,0.0,-39397.925533,0.0
2019-02-16,15,0,133,19.39,19.39,0.0,117.496494,0.0
2019-02-16,15,0,134,0.0,0.0,0.0,0.0,0.0
2019-02-16,15,0,135,25.98,25.98,0.0,157.429546,0.0
2019-02-16,15,0,136,21.78,21.78,0.0,127.510638,0.0
2019-02-16,15,0,139,21.54,21.54,0.0,-333.367857,0.0
2019-02-16,15,0,140,250.6,250.6,0.0,-250600.0,0.0
2019-02-16,15,0,141,230.0,230.0,0.0,-126469.070024,0.0
2019-02-16,15,0,142,558.1,558.1,0.0,-306879.94774,0.0
2019-02-16,15,0,143,238.5,238.5,0.0,-238500.0,0.0
2019-02-16,15,0,145,5.31,5.31,0.0,-46.991051,0.0
2019-02-16,15,0,146,268.0,268.0,0.0,-268000.0,0.0
2019-02-16,15,0,152,10.51,10.51,0.0,12.282846,0.0
2019-02-16,15,0,153,13.18,13.18,0.0,12.552772,0.0
2019-02-16,15,0,154,95.98,95.98,0.0,-1485.452503,0.0
2019-02-16,15,0,157,0.0,0.0,0.0,-0.0,0.0
2019-02-16,15,0,158,415.42,415.42,0.0,-228425.135083,0.0
2019-02-16,15,0,159,0.0,0.0,0.0,0.0,0.0
2019-02-16,15,0,160,3.25,3.25,0.0,10.96639,0.0
2019-02-16,15,0,161,79.18,79.18,0.0,-31899.571175,0.0
2019-02-16,15,0,162,17.36,17.36,0.0,403.304781,0.0
2019-02-16,15,0,163,58.06,58.06,0.0,-58060.0,0.0
2019-02-16,15,0,164,27.8,27.8,0.0,-27800.0,0.0
2019-02-16,15,0,167,7.64,7.64,0.0,144.946934,0.0
2019-02-16,15,0,168,3.82,3.82,0.0,72.473467,0.0
2019-02-16,15,0,169,0.0,0.0,0.0,0.0,0.0
2019-02-16,15,0,170,8.35,8.35,0.0,158.417134,0.0
2019-02-16,15,0,172,9.71,9.71,0.0,213.988133,0.0
2019-02-16,15,0,173,14.8,14.8,0.0,326.161109,0.0
2019-02-16,15,0,188,14.33,14.33,0.0,474.421692,0.0
2019-02-16,15,0,190,12.51,12.51,0.0,405.66874,0.0
2019-02-16,15,0,191,32.31,32.31,0.0,1047.73437,0.0
2019-02-16,15,0,192,99.28,99.28,0.0,3219.407871,0.0
2019-02-16,15,0,194,19.26,19.26,0.0,-2272.454103,0.0
2019-02-16,15,0,196,8.16,8.16,0.0,2275.551979,0.0
2019-02-16,15,0,198,13.77,13.77,0.0,106.059816,0.0
2019-02-16,15,0,199,13.36,13.36,0.0,-337.451692,0.0
2019-02-16,15,0,200,20.81,20.81,0.0,-525.626475,0.0
2019-02-16,15,0,204,71.14,71.14,0.0,-265.566743,0.0
2019-02-16,15,0,205,70.71,70.71,0.0,-237.958341,0.0
2019-02-16,15,0,206,539.94,539.94,0.0,18278.827034,0.0
2019-02-16,15,0,210,2.29,2.29,0.0,13.479996,0.0
2019-02-16,15,0,214,17.42,17.42,0.0,228.011909,0.0
2019-02-16,15,0,217,11.17,11.17,0.0,112.556495,0.0
2019-02-16,15,0,218,15.41,15.41,0.0,155.28161,0.0
2019-02-16,15,0,219,10.5,10.5,0.0,105.80512,0.0
2019-02-16,15,0,221,9.29,9.29,0.0,121.597626,0.0
2019-02-16,15,0,225,8.21,8.21,0.0,39.488027,0.0
2019-02-16,15,0,233,10.11,10.11,0.0,105.919666,0.0
2019-02-16,15,0,236,32.63,32.63,0.0,119.04399,0.0
2019-02-16,15,0,237,22.13,22.13,0.0,11.631318,0.0
2019-02-16,15,0,238,106.7,106.7,0.0,542.218321,0.0
2019-02-16,15,0,240,15.95,15.95,0.0,-6.503234,0.0
2019-02-16,15,0,245,55.75,55.75,0.0,373.489379,0.0
2019-02-16,15,0,247,96.68,96.68,0.0,647.694227,0.0
2019-02-16,15,0,248,2.22,2.22,0.0,1.166811,0.0
2019-02-16,15,0,249,107.21,107.21,0.0,718.238499,0.0
2019-02-16,15,0,251,213.22,213.22,0.0,1187.881418,0.0
2019-02-16,15,0,252,144.02,144.02,0.0,844.574227,0.0
2019-02-16,15,0,254,22.99,22.99,0.0,28.946075,0.0
2019-02-16,15,0,255,10.54,10.54,0.0,13.270623,0.0
2019-02-16,15,0,258,19.51,19.51,0.0,-4.935398,0.0
2019-02-16,15,0,260,7.89,7.89,0.0,26.623021,0.0
2019-02-16,15,0,265,99.37,99.37,0.0,-1537.918475,0.0
2019-02-16,15,0,266,13.77,13.77,0.0,-213.113992,0.0
2019-02-16,15,0,267,17.03,17.03,0.0,-263.567995,0.0
2019-02-16,15,0,270,189.51,189.51,0.0,-189510.0,0.0
2019-02-16,15,0,272,67.51,67.51,0.0,-17053.056091,0.0
2019-02-16,15,0,273,37.14,37.14,0.0,-37140.0,0.0
2019-02-16,15,0,274,249.61,249.61,0.0,-249610.0,0.0
2019-02-16,15,0,275,358.28,358.28,0.0,-358280.0,0.0
2019-02-16,15,0,276,8.26,8.26,0.0,-7429.824343,0.0
2019-02-16,15,0,277,9.99,9.99,0.0,-2631.646098,0.0
2019-02-16,15,0,278,15.98,15.98,0.0,-4209.580045,0.0
2019-02-16,15,0,279,98.24,98.24,0.0,-25879.170437,0.0
2019-02-16,15,0,281,56.1,56.1,0.0,-56100.0,0.0
2019-02-16,15,0,282,393.52,393.52,0.0,-393520.0,0.0
2019-02-16,16,0,9,3.35,3.35,0.0,1769.54966,0.0
2019-02-16,16,0,17,49.87,49.87,0.0,219.095911,0.0
2019-02-16,16,0,19,170.77,170.77,0.0,750.250828,0.0
2019-02-16,16,0,20,215.53,215.53,0.0,946.896767,0.0
2019-02-16,16,0,21,76.64,76.64,0.0,40483.070434,0.0
2019-02-16,16,0,22,272.37,272.37,0.0,143872.310726,0.0
2019-02-16,16,0,23,32.64,32.64,0.0,17241.224151,0.0
2019-02-16,16,0,24,57.75,57.75,0.0,30504.923246,0.0
2019-02-16,16,0,29,7.53,7.53,0.0,48.318987,0.0
2019-02-16,16,0,30,657.27,657.27,0.0,-657270.0,0.0
2019-02-16,16,0,31,125.0,125.0,0.0,-125000.0,0.0
2019-02-16,16,0,32,5.73,5.73,0.0,295.469658,0.0
2019-02-16,16,0,33,2.97,2.97,0.0,23.067,0.0
2019-02-16,16,0,34,4.76,4.76,0.0,36.969334,0.0
2019-02-16,16,0,35,4.76,4.76,0.0,36.969334,0.0
2019-02-16,16,0,36,12.09,12.09,0.0,-22.07997,0.0
2019-02-16,16,0,37,5.73,5.73,0.0,-12.025056,0.0
2019-02-16,16,0,38,7.37,7.37,0.0,-15.466782,0.0
2019-02-16,16,0,39,4.91,4.91,0.0,-10.304193,0.0
2019-02-16,16,0,40,4.91,4.91,0.0,-10.304193,0.0
2019-02-16,16,0,41,53.69,53.69,0.0,2.801552,0.0
2019-02-16,16,0,42,70.88,70.88,0.0,259.571216,0.0
2019-02-16,16,0,43,36.17,36.17,0.0,-46.764954,0.0
2019-02-16,16,0,46,30.79,30.79,0.0,-126.892943,0.0
2019-02-16,16,0,52,132.5,132.5,0.0,-132500.0,0.0
2019-02-16,16,0,53,210.5,210.5,0.0,-210500.0,0.0
2019-02-16,16,0,55,0.0,0.0,0.0,0.0,0.0
2019-02-16,16,0,56,193.87,193.87,0.0,-193870.0,0.0
2019-02-16,16,0,57,184.41,184.41,0.0,-184410.0,0.0
2019-02-16,16,0,58,354.64,354.64,0.0,-354640.0,0.0
2019-02-16,16,0,59,348.73,348.73,0.0,-348730.0,0.0
2019-02-16,16,0,63,16.39,16.39,0.0,1996.733159,0.0
2019-02-16,16,0,64,19.29,19.29,0.0,2350.029447,0.0
2019-02-16,16,0,65,30.39,30.39,0.0,129.385676,0.0
2019-02-16,16,0,67,356.42,356.42,0.0,-196405.802549,0.0
2019-02-16,16,0,68,31.68,31.68,0.0,-12812.895493,0.0
2019-02-16,16,0,69,2.97,2.97,0.0,23.067,0.0
2019-02-16,16,0,74,8.86,8.86,0.0,7.916853,0.0
2019-02-16,16,0,77,60.0,60.0,0.0,-16896.999876,0.0
2019-02-16,16,0,78,45.36,45.36,0.0,-12774.131906,0.0
2019-02-16,16,0,79,26.25,26.25,0.0,-7392.437446,0.0
2019-02-16,16,0,80,42.45,42.45,0.0,-11954.627412,0.0
2019-02-16,16,0,81,55.5,55.5,0.0,-15629.724885,0.0
2019-02-16,16,0,82,39.15,39.15,0.0,-11025.292419,0.0
2019-02-16,16,0,83,87.3,87.3,0.0,-24585.134819,0.0
2019-02-16,16,0,84,0.0,0.0,0.0,0.0,0.0
2019-02-16,16,0,86,15.06,15.06,0.0,116.966002,0.0
2019-02-16,16,0,87,76.89,76.89,0.0,597.17901,0.0
2019-02-16,16,0,88,51.18,51.18,0.0,-14413.140894,0.0
2019-02-16,16,0,89,49.2,49.2,0.0,-13855.539898,0.0
2019-02-16,16,0,90,66.06,66.06,0.0,-18603.596863,0.0
2019-02-16,16,0,91,235.65,235.65,0.0,-66362.967011,0.0
2019-02-16,16,0,92,84.75,84.75,0.0,-23867.012324,0.0
2019-02-16,16,0,95,21.92,21.92,0.0,598.402457,0.0
2019-02-16,16,0,96,29.88,29.88,0.0,-2640.638136,0.0
2019-02-16,16,0,97,183.75,183.75,0.0,-16238.864042,0.0
2019-02-16,16,0,99,1.94,1.94,0.0,1.733487,0.0
2019-02-16,16,0,101,13.24,13.24,0.0,-13240.0,0.0
2019-02-16,16,0,102,75.0,75.0,0.0,-30333.559406,0.0
2019-02-16,16,0,103,65.22,65.22,0.0,-26378.063259,0.0
2019-02-16,16,0,104,12.11,12.11,0.0,-4897.858725,0.0
2019-02-16,16,0,106,268.13,268.13,0.0,141632.641903,0.0
2019-02-16,16,0,109,21.01,21.01,0.0,-140.060726,0.0
2019-02-16,16,0,110,338.6,338.6,0.0,-338600.0,0.0
2019-02-16,16,0,111,20.11,20.11,0.0,1.049343,0.0
2019-02-16,16,0,113,27.25,27.25,0.0,-6930.120436,0.0
2019-02-16,16,0,115,27.25,27.25,0.0,-6930.120436,0.0
2019-02-16,16,0,116,129.13,129.13,0.0,-129130.0,0.0
2019-02-16,16,0,117,1.82,1.82,0.0,-462.85575,0.0
2019-02-16,16,0,119,19.29,19.29,0.0,2350.029447,0.0
2019-02-16,16,0,120,11.34,11.34,0.0,1381.510313,0.0
2019-02-16,16,0,123,4.47,4.47,0.0,2361.160293,0.0
2019-02-16,16,0,125,52.26,52.26,0.0,27604.974698,0.0
2019-02-16,16,0,126,201.09,201.09,0.0,106220.519749,0.0
2019-02-16,16,0,127,258.07,258.07,0.0,136318.710685,0.0
2019-02-16,16,0,128,74.85,74.85,0.0,39537.549869,0.0
2019-02-16,16,0,131,30.0,30.0,0.0,-10958.82044,0.0
2019-02-16,16,0,132,44.1,44.1,0.0,-16109.466046,0.0
2019-02-16,16,0,133,32.3,32.3,0.0,142.318271,0.0
2019-02-16,16,0,134,0.0,0.0,0.0,0.0,0.0
2019-02-16,16,0,135,41.07,41.07,0.0,180.960105,0.0
2019-02-16,16,0,136,26.87,26.87,0.0,114.198879,0.0
2019-02-16,16,0,139,69.92,69.92,0.0,3.648436,0.0
2019-02-16,16,0,140,250.6,250.6,0.0,-250600.0,0.0
2019-02-16,16,0,141,230.0,230.0,0.0,-126741.862371,0.0
2019-02-16,16,0,142,470.03,470.03,0.0,-259010.772045,0.0
2019-02-16,16,0,143,238.5,238.5,0.0,-238500.0,0.0
2019-02-16,16,0,145,12.97,12.97,0.0,-210.639955,0.0
2019-02-16,16,0,146,268.0,268.0,0.0,-268000.0,0.0
2019-02-16,16,0,152,8.99,8.99,0.0,2.306953,0.0
2019-02-16,16,0,153,11.17,11.17,0.0,0.715785,0.0
2019-02-16,16,0,154,82.97,82.97,0.0,4.329387,0.0
2019-02-16,16,0,157,0.0,0.0,0.0,-0.0,0.0
2019-02-16,16,0,158,363.85,363.85,0.0,-200500.115755,0.0
2019-02-16,16,0,159,0.0,0.0,0.0,0.0,0.0
2019-02-16,16,0,160,2.82,2.82,0.0,4.598767,0.0
2019-02-16,16,0,161,66.13,66.13,0.0,-26746.110447,0.0
2019-02-16,16,0,162,20.01,20.01,0.0,562.338771,0.0
2019-02-16,16,0,163,86.61,86.61,0.0,-86610.0,0.0
2019-02-16,16,0,164,24.55,24.55,0.0,-24550.0,0.0
2019-02-16,16,0,167,6.57,6.57,0.0,158.640526,0.0
2019-02-16,16,0,168,3.28,3.28,0.0,79.199532,0.0
2019-02-16,16,0,169,0.0,0.0,0.0,0.0,0.0
2019-02-16,16,0,170,7.18,7.18,0.0,173.369708,0.0
2019-02-16,16,0,172,8.46,8.46,0.0,183.589842,0.0
2019-02-16,16,0,173,12.9,12.9,0.0,279.941958,0.0
2019-02-16,16,0,188,11.57,11.57,0.0,366.484633,0.0
2019-02-16,16,0,190,10.45,10.45,0.0,338.867972,0.0
2019-02-16,16,0,191,27.0,27.0,0.0,875.544042,0.0
2019-02-16,16,0,192,150.91,150.91,0.0,4893.642645,0.0
2019-02-16,16,0,194,26.51,26.51,0.0,-3173.748394,0.0
2019-02-16,16,0,196,7.0,7.0,0.0,1936.753104,0.0
2019-02-16,16,0,198,12.04,12.04,0.0,76.768692,0.0
2019-02-16,16,0,199,15.54,15.54,0.0,-402.910624,0.0
2019-02-16,16,0,200,20.98,20.98,0.0,-543.95527,0.0
2019-02-16,16,0,204,103.83,103.83,0.0,-774.273457,0.0
2019-02-16,16,0,205,111.15,111.15,0.0,-740.968574,0.0
2019-02-16,16,0,206,539.94,539.94,0.0,-47717.073474,0.0
2019-02-16,16,0,210,2.38,2.38,0.0,16.934857,0.0
2019-02-16,16,0,214,14.07,14.07,0.0,137.595698,0.0
2019-02-16,16,0,217,9.23,9.23,0.0,80.410681,0.0
2019-02-16,16,0,218,12.74,12.74,0.0,110.98939,0.0
2019-02-16,16,0,219,8.68,8.68,0.0,75.619145,0.0
2019-02-16,16,0,221,7.5,7.5,0.0,73.345255,0.0
2019-02-16,16,0,225,6.8,6.8,0.0,43.175893,0.0
2019-02-16,16,0,233,8.52,8.52,0.0,66.172001,0.0
2019-02-16,16,0,236,39.02,39.02,0.0,96.147424,0.0
2019-02-16,16,0,237,20.27,20.27,0.0,18.112259,0.0
2019-02-16,16,0,238,92.25,92.25,0.0,337.830766,0.0
2019-02-16,16,0,240,13.7,13.7,0.0,-25.020313,0.0
2019-02-16,16,0,245,77.43,77.43,0.0,378.852404,0.0
2019-02-16,16,0,247,137.94,137.94,0.0,674.917998,0.0
2019-02-16,16,0,248,2.39,2.39,0.0,2.135585,0.0
2019-02-16,16,0,249,148.9,148.9,0.0,728.543496,0.0
2019-02-16,16,0,251,302.75,302.75,0.0,1221.442936,0.0
2019-02-16,16,0,252,196.06,196.06,0.0,834.727069,0.0
2019-02-16,16,0,254,19.51,19.51,0.0,-10.911236,0.0
2019-02-16,16,0,255,8.94,8.94,0.0,-4.999818,0.0
2019-02-16,16,0,258,16.83,16.83,0.0,-29.286811,0.0
2019-02-16,16,0,260,6.85,6.85,0.0,11.170764,0.0
2019-02-16,16,0,265,85.9,85.9,0.0,4.482275,0.0
2019-02-16,16,0,266,44.58,44.58,0.0,2.326191,0.0
2019-02-16,16,0,267,55.23,55.23,0.0,2.88191,0.0
2019-02-16,16,0,270,234.09,234.09,0.0,-234090.0,0.0
2019-02-16,16,0,272,91.06,91.06,0.0,-23158.046492,0.0
2019-02-16,16,0,273,30.88,30.88,0.0,-30880.0,0.0
2019-02-16,16,0,274,292.14,292.14,0.0,-292140.0,0.0
2019-02-16,16,0,275,391.66,391.66,0.0,-391660.0,0.0
2019-02-16,16,0,276,7.04,7.04,0.0,-6334.305425,0.0
2019-02-16,16,0,277,8.57,8.57,0.0,-2273.290922,0.0
2019-02-16,16,0,278,13.71,13.71,0.0,-3636.734952,0.0
2019-02-16,16,0,279,310.76,310.76,0.0,-82432.658909,0.0
2019-02-16,16,0,281,56.1,56.1,0.0,-56100.0,0.0
2019-02-16,16,0,282,360.55,360.55,0.0,-360550.0,0.0
2019-02-16,17,0,9,2.48,2.48,0.0,-141.835366,0.0
2019-02-16,17,0,17,37.35,37.35,0.0,-146.718703,0.0
2019-02-16,17,0,19,139.67,139.67,0.0,-548.653315,0.0
2019-02-16,17,0,20,168.2,168.2,0.0,-660.725192,0.0
2019-02-16,17,0,21,56.79,56.79,0.0,-3247.915497,0.0
2019-02-16,17,0,22,201.81,201.81,0.0,-11541.852906,0.0
2019-02-16,17,0,23,47.2,47.2,0.0,-2699.447288,0.0
2019-02-16,17,0,24,83.96,83.96,0.0,-4801.813438,0.0
2019-02-16,17,0,29,5.41,5.41,0.0,26.305436,0.0
2019-02-16,17,0,30,483.68,483.68,0.0,-27822.346809,0.0
2019-02-16,17,0,31,125.0,125.0,0.0,-7190.277355,0.0
2019-02-16,17,0,32,3.95,3.95,0.0,489.220904,0.0
2019-02-16,17,0,33,2.19,2.19,0.0,12.755082,0.0
2019-02-16,17,0,34,3.5,3.5,0.0,20.384835,0.0
2019-02-16,17,0,35,3.5,3.5,0.0,20.384835,0.0
2019-02-16,17,0,36,8.76,8.76,0.0,-167.945571,0.0
2019-02-16,17,0,37,4.19,4.19,0.0,-81.263844,0.0
2019-02-16,17,0,38,5.39,5.39,0.0,-104.537498,0.0
2019-02-16,17,0,39,3.59,3.59,0.0,-69.627016,0.0
2019-02-16,17,0,40,3.59,3.59,0.0,-69.627016,0.0
2019-02-16,17,0,41,18.42,18.42,0.0,-734.707632,0.0
2019-02-16,17,0,42,52.18,52.18,0.0,-315.282042,0.0
2019-02-16,17,0,43,26.25,26.25,0.0,-445.666585,0.0
2019-02-16,17,0,46,22.35,22.35,0.0,-513.197337,0.0
2019-02-16,17,0,52,132.5,132.5,0.0,-7621.693996,0.0
2019-02-16,17,0,53,210.5,210.5,0.0,-12108.427066,0.0
2019-02-16,17,0,55,623.0,623.0,0.0,-35630.416533,0.0
2019-02-16,17,0,56,142.67,142.67,0.0,-8206.694962,0.0
2019-02-16,17,0,57,135.71,135.71,0.0,-7806.340319,0.0
2019-02-16,17,0,58,260.98,260.98,0.0,-15012.148673,0.0
2019-02-16,17,0,59,256.63,256.63,0.0,-14761.927021,0.0
2019-02-16,17,0,63,35.26,35.26,0.0,6222.959438,0.0
2019-02-16,17,0,64,41.48,41.48,0.0,7320.713485,0.0
2019-02-16,17,0,65,24.72,24.72,0.0,-106.812907,0.0
2019-02-16,17,0,67,262.9,262.9,0.0,-72307.760775,0.0
2019-02-16,17,0,68,19.11,19.11,0.0,-3337.641759,0.0
2019-02-16,17,0,69,2.19,2.19,0.0,12.755082,0.0
2019-02-16,17,0,74,4.07,4.07,0.0,-62.693516,0.0
2019-02-16,17,0,77,60.0,60.0,0.0,-5336.853262,0.0
2019-02-16,17,0,78,45.36,45.36,0.0,-4034.661066,0.0
2019-02-16,17,0,79,26.25,26.25,0.0,-2334.873302,0.0
2019-02-16,17,0,80,42.45,42.45,0.0,-3775.823683,0.0
2019-02-16,17,0,81,55.5,55.5,0.0,-4936.589267,0.0
2019-02-16,17,0,82,39.15,39.15,0.0,-3482.296753,0.0
2019-02-16,17,0,83,87.3,87.3,0.0,-7765.121496,0.0
2019-02-16,17,0,84,0.0,0.0,0.0,0.0,0.0
2019-02-16,17,0,86,11.1,11.1,0.0,64.649047,0.0
2019-02-16,17,0,87,56.65,56.65,0.0,329.943109,0.0
2019-02-16,17,0,88,51.18,51.18,0.0,-4552.335832,0.0
2019-02-16,17,0,89,49.2,49.2,0.0,-4376.219675,0.0
2019-02-16,17,0,90,66.06,66.06,0.0,-5875.875441,0.0
2019-02-16,17,0,91,235.65,235.65,0.0,-20960.491186,0.0
2019-02-16,17,0,92,84.75,84.75,0.0,-7538.305232,0.0
2019-02-16,17,0,95,23.46,23.46,0.0,2955.100566,0.0
2019-02-16,17,0,96,29.88,29.88,0.0,-1729.085819,0.0
2019-02-16,17,0,97,183.75,183.75,0.0,-10633.183376,0.0
2019-02-16,17,0,99,0.83,0.83,0.0,-12.785164,0.0
2019-02-16,17,0,101,9.74,9.74,0.0,-560.266412,0.0
2019-02-16,17,0,102,45.19,45.19,0.0,-7892.623291,0.0
2019-02-16,17,0,103,39.3,39.3,0.0,-6863.910054,0.0
2019-02-16,17,0,104,7.33,7.33,0.0,-1280.215285,0.0
2019-02-16,17,0,106,198.67,198.67,0.0,-11362.271032,0.0
2019-02-16,17,0,109,15.38,15.38,0.0,-441.042963,0.0
2019-02-16,17,0,110,338.6,338.6,0.0,-197217.332373,0.0
2019-02-16,17,0,111,15.45,15.45,0.0,-616.245001,0.0
2019-02-16,17,0,113,23.9,23.9,0.0,-1804.678352,0.0
2019-02-16,17,0,115,23.9,23.9,0.0,-1804.678352,0.0
2019-02-16,17,0,116,94.18,94.18,0.0,-54855.074905,0.0
2019-02-16,17,0,117,1.59,1.59,0.0,-120.060192,0.0
2019-02-16,17,0,119,41.48,41.48,0.0,7320.713485,0.0
2019-02-16,17,0,120,24.41,24.41,0.0,4308.066928,0.0
2019-02-16,17,0,123,3.31,3.31,0.0,-189.30446,0.0
2019-02-16,17,0,125,75.89,75.89,0.0,-4340.276582,0.0
2019-02-16,17,0,126,149.0,149.0,0.0,-8521.560294,0.0
2019-02-16,17,0,127,191.22,191.22,0.0,-10936.193017,0.0
2019-02-16,17,0,128,109.23,109.23,0.0,-6247.047188,0.0
2019-02-16,17,0,131,30.0,30.0,0.0,-4435.335115,0.0
2019-02-16,17,0,132,44.1,44.1,0.0,-6519.94262,0.0
2019-02-16,17,0,133,62.52,62.52,0.0,-243.278661,0.0
2019-02-16,17,0,134,0.0,0.0,0.0,0.0,0.0
2019-02-16,17,0,135,81.85,81.85,0.0,-318.495816,0.0
2019-02-16,17,0,136,26.79,26.79,0.0,-116.33474,0.0
2019-02-16,17,0,139,23.78,23.78,0.0,-948.498778,0.0
2019-02-16,17,0,140,250.6,250.6,0.0,-145961.794131,0.0
2019-02-16,17,0,141,230.0,230.0,0.0,-63258.976715,0.0
2019-02-16,17,0,142,346.7,346.7,0.0,-95356.031422,0.0
2019-02-16,17,0,143,238.5,238.5,0.0,-13719.049193,0.0
2019-02-16,17,0,145,10.78,10.78,0.0,-504.648875,0.0
2019-02-16,17,0,146,0.0,0.0,0.0,-0.0,0.0
2019-02-16,17,0,152,6.62,6.62,0.0,-99.657898,0.0
2019-02-16,17,0,153,8.19,8.19,0.0,-127.405446,0.0
2019-02-16,17,0,154,63.73,63.73,0.0,-2541.960772,0.0
2019-02-16,17,0,157,0.0,0.0,0.0,-0.0,0.0
2019-02-16,17,0,158,275.04,275.04,0.0,-75646.73459,0.0
2019-02-16,17,0,159,0.0,0.0,0.0,0.0,0.0
2019-02-16,17,0,160,2.06,2.06,0.0,-19.272027,0.0
2019-02-16,17,0,161,48.21,48.21,0.0,-8420.078974,0.0
2019-02-16,17,0,162,33.9,33.9,0.0,4289.18472,0.0
2019-02-16,17,0,163,92.6,92.6,0.0,-53934.805014,0.0
2019-02-16,17,0,164,18.23,18.23,0.0,-1048.630049,0.0
2019-02-16,17,0,167,4.57,4.57,0.0,568.865165,0.0
2019-02-16,17,0,168,2.29,2.29,0.0,285.054973,0.0
2019-02-16,17,0,169,0.0,0.0,0.0,0.0,0.0
2019-02-16,17,0,170,5.0,5.0,0.0,622.390771,0.0
2019-02-16,17,0,172,5.91,5.91,0.0,647.729098,0.0
2019-02-16,17,0,173,9.0,9.0,0.0,986.389489,0.0
2019-02-16,17,0,188,7.92,7.92,0.0,908.25988,0.0
2019-02-16,17,0,190,7.45,7.45,0.0,241.585301,0.0
2019-02-16,17,0,191,19.25,19.25,0.0,624.230475,0.0
2019-02-16,17,0,192,120.49,120.49,0.0,3907.196357,0.0
2019-02-16,17,0,194,28.84,28.84,0.0,338.884292,0.0
2019-02-16,17,0,196,5.11,5.11,0.0,1439.602475,0.0
2019-02-16,17,0,198,8.65,8.65,0.0,26.165979,0.0
2019-02-16,17,0,199,13.73,13.73,0.0,406.578182,0.0
2019-02-16,17,0,200,14.97,14.97,0.0,443.297552,0.0
2019-02-16,17,0,204,83.2,83.2,0.0,-2497.649576,0.0
2019-02-16,17,0,205,81.34,81.34,0.0,-2332.538014,0.0
2019-02-16,17,0,206,539.94,539.94,0.0,-31245.066841,0.0
2019-02-16,17,0,210,1.71,1.71,0.0,12.167481,0.0
2019-02-16,17,0,214,10.06,10.06,0.0,116.635801,0.0
2019-02-16,17,0,217,6.54,6.54,0.0,63.596629,0.0
2019-02-16,17,0,218,9.03,9.03,0.0,87.810024,0.0
2019-02-16,17,0,219,6.15,6.15,0.0,59.804169,0.0
2019-02-16,17,0,221,5.36,5.36,0.0,62.143926,0.0
2019-02-16,17,0,225,4.92,4.92,0.0,22.852331,0.0
2019-02-16,17,0,233,6.28,6.28,0.0,36.576218,0.0
2019-02-16,17,0,236,27.84,27.84,0.0,-258.819305,0.0
2019-02-16,17,0,237,10.06,10.06,0.0,-154.962352,0.0
2019-02-16,17,0,238,67.92,67.92,0.0,-410.386284,0.0
2019-02-16,17,0,240,9.93,9.93,0.0,-190.376658,0.0
2019-02-16,17,0,245,64.02,64.02,0.0,-159.034816,0.0
2019-02-16,17,0,247,114.03,114.03,0.0,-283.266792,0.0
2019-02-16,17,0,248,1.02,1.02,0.0,-15.711889,0.0
2019-02-16,17,0,249,123.12,123.12,0.0,-305.847649,0.0
2019-02-16,17,0,251,223.34,223.34,0.0,-1109.029779,0.0
2019-02-16,17,0,252,159.47,159.47,0.0,-689.055591,0.0
2019-02-16,17,0,254,14.02,14.02,0.0,-211.211847,0.0
2019-02-16,17,0,255,6.43,6.43,0.0,-96.868201,0.0
2019-02-16,17,0,258,12.24,12.24,0.0,-230.326258,0.0
2019-02-16,17,0,260,5.01,5.01,0.0,-46.870317,0.0
2019-02-16,17,0,265,65.99,65.99,0.0,-2632.104053,0.0
2019-02-16,17,0,266,15.4,15.4,0.0,-614.250681,0.0
2019-02-16,17,0,267,18.92,18.92,0.0,-754.650836,0.0
2019-02-16,17,0,270,289.18,289.18,0.0,-168432.688056,0.0
2019-02-16,17,0,272,79.87,79.87,0.0,-6030.948117,0.0
2019-02-16,17,0,273,22.52,22.52,0.0,-13116.758196,0.0
2019-02-16,17,0,274,372.78,372.78,0.0,-217125.449386,0.0
2019-02-16,17,0,275,518.92,518.92,0.0,-302244.589826,0.0
2019-02-16,17,0,276,5.09,5.09,0.0,-2615.298367,0.0
2019-02-16,17,0,277,6.33,6.33,0.0,-512.078425,0.0
2019-02-16,17,0,278,10.13,10.13,0.0,-819.487274,0.0
2019-02-16,17,0,279,129.26,129.26,0.0,-10456.754686,0.0
2019-02-16,17,0,281,56.1,56.1,0.0,-3226.996477,0.0
2019-02-16,17,0,282,265.33,265.33,0.0,-15262.370325,0.0
2019-02-16,18,0,9,1.58,1.58,0.0,0.95693,0.0
2019-02-16,18,0,17,22.38,22.38,0.0,199.508392,0.0
2019-02-16,18,0,19,155.84,155.84,0.0,1389.248787,0.0
2019-02-16,18,0,20,189.77,189.77,0.0,1691.720625,0.0
2019-02-16,18,0,21,36.08,36.08,0.0,21.851917,0.0
2019-02-16,18,0,22,128.22,128.22,0.0,77.656673,0.0
2019-02-16,18,0,23,94.93,94.93,0.0,57.494525,0.0
2019-02-16,18,0,24,168.46,168.46,0.0,102.028101,0.0
2019-02-16,18,0,29,2.99,2.99,0.0,22.260638,0.0
2019-02-16,18,0,30,309.7,309.7,0.0,172.213724,0.0
2019-02-16,18,0,31,92.34,92.34,0.0,51.34716,0.0
2019-02-16,18,0,32,2.24,2.24,0.0,56.274549,0.0
2019-02-16,18,0,33,1.3,1.3,0.0,13.700855,0.0
2019-02-16,18,0,34,2.08,2.08,0.0,21.921368,0.0
2019-02-16,18,0,35,2.08,2.08,0.0,21.921368,0.0
2019-02-16,18,0,36,5.27,5.27,0.0,32.972862,0.0
2019-02-16,18,0,37,2.52,2.52,0.0,15.625111,0.0
2019-02-16,18,0,38,3.24,3.24,0.0,20.089428,0.0
2019-02-16,18,0,39,2.16,2.16,0.0,13.392952,0.0
2019-02-16,18,0,40,2.16,2.16,0.0,13.392952,0.0
2019-02-16,18,0,41,14.93,14.93,0.0,48.170698,0.0
2019-02-16,18,0,42,32.55,32.55,0.0,278.707482,0.0
2019-02-16,18,0,43,15.62,15.62,0.0,101.396073,0.0
2019-02-16,18,0,46,13.34,13.34,0.0,75.331807,0.0
2019-02-16,18,0,52,97.89,97.89,0.0,54.433327,0.0
2019-02-16,18,0,53,155.55,155.55,0.0,86.496109,0.0
2019-02-16,18,0,55,460.54,460.54,0.0,278.926878,0.0
2019-02-16,18,0,56,91.35,91.35,0.0,50.796654,0.0
2019-02-16,18,0,57,86.89,86.89,0.0,48.316598,0.0
2019-02-16,18,0,58,167.1,167.1,0.0,92.918674,0.0
2019-02-16,18,0,59,164.32,164.32,0.0,91.37281,0.0
2019-02-16,18,0,63,71.6,71.6,0.0,2321.81309,0.0
2019-02-16,18,0,64,84.24,84.24,0.0,2731.697412,0.0
2019-02-16,18,0,65,20.42,20.42,0.0,180.70004,0.0
2019-02-16,18,0,67,167.14,167.14,0.0,-5009.859459,0.0
2019-02-16,18,0,68,10.2,10.2,0.0,-163.791155,0.0
2019-02-16,18,0,69,1.3,1.3,0.0,13.700855,0.0
2019-02-16,18,0,74,1.34,1.34,0.0,9.407479,0.0
2019-02-16,18,0,77,60.0,60.0,0.0,-249.166807,0.0
2019-02-16,18,0,78,45.36,45.36,0.0,-188.370106,0.0
2019-02-16,18,0,79,26.25,26.25,0.0,-109.010478,0.0
2019-02-16,18,0,80,42.45,42.45,0.0,-176.285516,0.0
2019-02-16,18,0,81,55.5,55.5,0.0,-230.479297,0.0
2019-02-16,18,0,82,39.15,39.15,0.0,-162.581342,0.0
2019-02-16,18,0,83,87.3,87.3,0.0,-362.537705,0.0
2019-02-16,18,0,84,0.0,0.0,0.0,0.0,0.0
2019-02-16,18,0,86,6.58,6.58,0.0,69.347405,0.0
2019-02-16,18,0,87,33.6,33.6,0.0,354.114406,0.0
2019-02-16,18,0,88,51.18,51.18,0.0,-212.539287,0.0
2019-02-16,18,0,89,49.2,49.2,0.0,-204.316782,0.0
2019-02-16,18,0,90,66.06,66.06,0.0,-274.332655,0.0
2019-02-16,18,0,91,235.65,235.65,0.0,-978.602636,0.0
2019-02-16,18,0,92,84.75,84.75,0.0,-351.948115,0.0
2019-02-16,18,0,95,31.2,31.2,0.0,792.907235,0.0
2019-02-16,18,0,96,29.88,29.88,0.0,15.066826,0.0
2019-02-16,18,0,97,183.75,183.75,0.0,92.654931,0.0
2019-02-16,18,0,99,0.26,0.26,0.0,1.825332,0.0
2019-02-16,18,0,101,6.24,6.24,0.0,3.469854,0.0
2019-02-16,18,0,102,24.15,24.15,0.0,-387.799646,0.0
2019-02-16,18,0,103,21.0,21.0,0.0,-337.217083,0.0
2019-02-16,18,0,104,3.9,3.9,0.0,-62.62603,0.0
2019-02-16,18,0,106,126.23,126.23,0.0,76.451426,0.0
2019-02-16,18,0,109,10.91,10.91,0.0,53.065028,0.0
2019-02-16,18,0,110,338.6,338.6,0.0,-24578.796169,0.0
2019-02-16,18,0,111,9.71,9.71,0.0,31.328699,0.0
2019-02-16,18,0,113,21.75,21.75,0.0,-51.512585,0.0
2019-02-16,18,0,115,21.75,21.75,0.0,-51.512585,0.0
2019-02-16,18,0,116,57.07,57.07,0.0,-4142.681327,0.0
2019-02-16,18,0,117,1.45,1.45,0.0,-3.434172,0.0
2019-02-16,18,0,119,84.24,84.24,0.0,2731.697412,0.0
2019-02-16,18,0,120,49.53,49.53,0.0,1606.136904,0.0
2019-02-16,18,0,123,2.1,2.1,0.0,1.271869,0.0
2019-02-16,18,0,125,152.35,152.35,0.0,92.271051,0.0
2019-02-16,18,0,126,94.67,94.67,0.0,57.337055,0.0
2019-02-16,18,0,127,121.49,121.49,0.0,73.580637,0.0
2019-02-16,18,0,128,218.77,218.77,0.0,132.498443,0.0
2019-02-16,18,0,131,30.0,30.0,0.0,-370.242047,0.0
2019-02-16,18,0,132,44.1,44.1,0.0,-544.255809,0.0
2019-02-16,18,0,133,67.94,67.94,0.0,606.075562,0.0
2019-02-16,18,0,134,0.0,0.0,0.0,0.0,0.0
2019-02-16,18,0,135,91.03,91.03,0.0,812.055614,0.0
2019-02-16,18,0,136,26.92,26.92,0.0,238.122968,0.0
2019-02-16,18,0,139,19.28,19.28,0.0,62.205697,0.0
2019-02-16,18,0,140,250.6,250.6,0.0,-18190.922386,0.0
2019-02-16,18,0,141,230.0,230.0,0.0,-6894.027017,0.0
2019-02-16,18,0,142,220.42,220.42,0.0,-6606.875805,0.0
2019-02-16,18,0,143,176.17,176.17,0.0,97.962195,0.0
2019-02-16,18,0,145,9.13,9.13,0.0,19.682221,0.0
2019-02-16,18,0,146,0.0,0.0,0.0,-0.0,0.0
2019-02-16,18,0,152,4.02,4.02,0.0,28.343124,0.0
2019-02-16,18,0,153,4.97,4.97,0.0,34.621907,0.0
2019-02-16,18,0,154,40.04,40.04,0.0,129.18652,0.0
2019-02-16,18,0,157,0.0,0.0,0.0,-0.0,0.0
2019-02-16,18,0,158,177.04,177.04,0.0,-5306.602361,0.0
2019-02-16,18,0,159,0.0,0.0,0.0,0.0,0.0
2019-02-16,18,0,160,1.22,1.22,0.0,9.108546,0.0
2019-02-16,18,0,161,30.12,30.12,0.0,-483.665645,0.0
2019-02-16,18,0,162,58.39,58.39,0.0,1488.461881,0.0
2019-02-16,18,0,163,77.58,77.58,0.0,-5631.491455,0.0
2019-02-16,18,0,164,11.5,11.5,0.0,6.394762,0.0
2019-02-16,18,0,167,2.56,2.56,0.0,64.531696,0.0
2019-02-16,18,0,168,1.28,1.28,0.0,32.265848,0.0
2019-02-16,18,0,169,0.0,0.0,0.0,0.0,0.0
2019-02-16,18,0,170,2.8,2.8,0.0,70.581543,0.0
2019-02-16,18,0,172,3.32,3.32,0.0,76.734056,0.0
2019-02-16,18,0,173,5.07,5.07,0.0,117.181225,0.0
2019-02-16,18,0,188,4.5,4.5,0.0,107.305091,0.0
2019-02-16,18,0,190,4.41,4.41,0.0,143.005527,0.0
2019-02-16,18,0,191,11.39,11.39,0.0,369.349876,0.0
2019-02-16,18,0,192,96.16,96.16,0.0,3118.233892,0.0
2019-02-16,18,0,194,58.79,58.79,0.0,567.617294,0.0
2019-02-16,18,0,196,3.06,3.06,0.0,143.856828,0.0
2019-02-16,18,0,198,5.01,5.01,0.0,44.463706,0.0
2019-02-16,18,0,199,12.52,12.52,0.0,147.702793,0.0
2019-02-16,18,0,200,8.6,8.6,0.0,101.45719,0.0
2019-02-16,18,0,204,65.26,65.26,0.0,303.535258,0.0
2019-02-16,18,0,205,57.72,57.72,0.0,280.743668,0.0
2019-02-16,18,0,206,539.94,539.94,0.0,272.261787,0.0
2019-02-16,18,0,210,0.95,0.95,0.0,7.496806,0.0
2019-02-16,18,0,214,5.75,5.75,0.0,66.129969,0.0
2019-02-16,18,0,217,3.68,3.68,0.0,36.566693,0.0
2019-02-16,18,0,218,5.08,5.08,0.0,50.477935,0.0
2019-02-16,18,0,219,3.46,3.46,0.0,34.380641,0.0
2019-02-16,18,0,221,3.07,3.07,0.0,35.307653,0.0
2019-02-16,18,0,225,2.74,2.74,0.0,20.281273,0.0
2019-02-16,18,0,233,3.72,3.72,0.0,39.205524,0.0
2019-02-16,18,0,236,19.76,19.76,0.0,158.428281,0.0
2019-02-16,18,0,237,3.22,3.22,0.0,22.606031,0.0
2019-02-16,18,0,238,42.37,42.37,0.0,362.790661,0.0
2019-02-16,18,0,240,5.97,5.97,0.0,37.352559,0.0
2019-02-16,18,0,245,52.68,52.68,0.0,482.292404,0.0
2019-02-16,18,0,247,96.28,96.28,0.0,881.456201,0.0
2019-02-16,18,0,248,0.32,0.32,0.0,2.246562,0.0
2019-02-16,18,0,249,101.31,101.31,0.0,927.50652,0.0
2019-02-16,18,0,251,161.97,161.97,0.0,1415.904401,0.0
2019-02-16,18,0,252,131.71,131.71,0.0,1165.524109,0.0
2019-02-16,18,0,254,8.29,8.29,0.0,55.841328,0.0
2019-02-16,18,0,255,3.8,3.8,0.0,25.596749,0.0
2019-02-16,18,0,258,7.35,7.35,0.0,46.265447,0.0
2019-02-16,18,0,260,2.96,2.96,0.0,22.099424,0.0
2019-02-16,18,0,265,41.45,41.45,0.0,133.735795,0.0
2019-02-16,18,0,266,12.48,12.48,0.0,40.265928,0.0
2019-02-16,18,0,267,15.34,15.34,0.0,49.493537,0.0
2019-02-16,18,0,270,242.29,242.29,0.0,-17587.70385,0.0
2019-02-16,18,0,272,72.69,72.69,0.0,-172.158613,0.0
2019-02-16,18,0,273,13.65,13.65,0.0,-990.846331,0.0
2019-02-16,18,0,274,312.34,312.34,0.0,-22672.59656,0.0
2019-02-16,18,0,275,434.78,434.78,0.0,-31560.451855,0.0
2019-02-16,18,0,276,3.1,3.1,0.0,-195.530471,0.0
2019-02-16,18,0,277,3.87,3.87,0.0,-11.934243,0.0
2019-02-16,18,0,278,6.19,6.19,0.0,-19.088621,0.0
2019-02-16,18,0,279,135.84,135.84,0.0,-418.901168,0.0
2019-02-16,18,0,281,41.41,41.41,0.0,23.026704,0.0
2019-02-16,18,0,282,169.89,169.89,0.0,94.470099,0.0
2019-02-16,19,0,9,0.28,0.28,0.0,1.772837,0.0
2019-02-16,19,0,17,1.87,1.87,0.0,18.83405,0.0
2019-02-16,19,0,19,274.16,274.16,0.0,2761.253059,0.0
2019-02-16,19,0,20,333.24,333.24,0.0,3356.288187,0.0
2019-02-16,19,0,21,6.35,6.35,0.0,40.205416,0.0
2019-02-16,19,0,22,22.58,22.58,0.0,142.966661,0.0
2019-02-16,19,0,23,108.8,108.8,0.0,688.873902,0.0
2019-02-16,19,0,24,192.5,192.5,0.0,1218.825609,0.0
2019-02-16,19,0,29,0.08,0.08,0.0,0.913459,0.0
2019-02-16,19,0,30,63.2,63.2,0.0,398.655724,0.0
2019-02-16,19,0,31,37.5,37.5,0.0,236.54414,0.0
2019-02-16,19,0,32,0.13,0.13,0.0,3.293118,0.0
2019-02-16,19,0,33,0.12,0.12,0.0,1.287601,0.0
2019-02-16,19,0,34,0.2,0.2,0.0,2.146001,0.0
2019-02-16,19,0,35,0.2,0.2,0.0,2.146001,0.0
2019-02-16,19,0,36,0.53,0.53,0.0,4.808765,0.0
2019-02-16,19,0,37,0.25,0.25,0.0,2.265754,0.0
2019-02-16,19,0,38,0.32,0.32,0.0,2.900165,0.0
2019-02-16,19,0,39,0.22,0.22,0.0,1.993863,0.0
2019-02-16,19,0,40,0.22,0.22,0.0,1.993863,0.0
2019-02-16,19,0,41,12.14,12.14,0.0,91.862772,0.0
2019-02-16,19,0,42,4.53,4.53,0.0,44.978295,0.0
2019-02-16,19,0,43,1.55,1.55,0.0,14.344972,0.0
2019-02-16,19,0,46,1.43,1.43,0.0,12.600791,0.0
2019-02-16,19,0,52,39.75,39.75,0.0,250.736789,0.0
2019-02-16,19,0,53,63.15,63.15,0.0,398.340332,0.0
2019-02-16,19,0,55,186.9,186.9,0.0,1183.368864,0.0
2019-02-16,19,0,56,18.64,18.64,0.0,117.578207,0.0
2019-02-16,19,0,57,17.73,17.73,0.0,111.838069,0.0
2019-02-16,19,0,58,34.1,34.1,0.0,215.097471,0.0
2019-02-16,19,0,59,33.53,33.53,0.0,211.502001,0.0
2019-02-16,19,0,63,81.84,81.84,0.0,2325.241627,0.0
2019-02-16,19,0,64,96.28,96.28,0.0,2735.511533,0.0
2019-02-16,19,0,65,17.26,17.26,0.0,173.379741,0.0
2019-02-16,19,0,67,30.27,30.27,0.0,-139.785142,0.0
2019-02-16,19,0,68,12.55,12.55,0.0,0.368693,0.0
2019-02-16,19,0,69,0.12,0.12,0.0,1.287601,0.0
2019-02-16,19,0,74,0.0,0.0,0.0,0.0,0.0
2019-02-16,19,0,77,60.0,60.0,0.0,243.091768,0.0
2019-02-16,19,0,78,45.36,45.36,0.0,183.777376,0.0
2019-02-16,19,0,79,26.25,26.25,0.0,106.352648,0.0
2019-02-16,19,0,80,42.45,42.45,0.0,171.987426,0.0
2019-02-16,19,0,81,55.5,55.5,0.0,224.859885,0.0
2019-02-16,19,0,82,39.15,39.15,0.0,158.617378,0.0
2019-02-16,19,0,83,87.3,87.3,0.0,353.698522,0.0
2019-02-16,19,0,84,0.0,0.0,0.0,0.0,0.0
2019-02-16,19,0,86,0.62,0.62,0.0,6.652604,0.0
2019-02-16,19,0,87,3.17,3.17,0.0,34.01412,0.0
2019-02-16,19,0,88,51.18,51.18,0.0,207.357278,0.0
2019-02-16,19,0,89,49.2,49.2,0.0,199.33525,0.0
2019-02-16,19,0,90,66.06,66.06,0.0,267.644036,0.0
2019-02-16,19,0,91,235.65,235.65,0.0,954.742918,0.0
2019-02-16,19,0,92,84.75,84.75,0.0,343.367122,0.0
2019-02-16,19,0,95,46.63,46.63,0.0,1185.040525,0.0
2019-02-16,19,0,96,29.88,29.88,0.0,187.73772,0.0
2019-02-16,19,0,97,183.75,183.75,0.0,1154.511583,0.0
2019-02-16,19,0,99,0.0,0.0,0.0,0.0,0.0
2019-02-16,19,0,101,1.27,1.27,0.0,8.010962,0.0
2019-02-16,19,0,102,35.91,35.91,0.0,1.054961,0.0
2019-02-16,19,0,103,30.13,30.13,0.0,0.885157,0.0
2019-02-16,19,0,104,4.3,4.3,0.0,0.126325,0.0
2019-02-16,19,0,106,22.23,22.23,0.0,140.750614,0.0
2019-02-16,19,0,109,7.42,7.42,0.0,62.199443,0.0
2019-02-16,19,0,110,338.6,338.6,0.0,-6382.446946,0.0
2019-02-16,19,0,111,1.63,1.63,0.0,12.334128,0.0
2019-02-16,19,0,113,20.55,20.55,0.0,92.374721,0.0
2019-02-16,19,0,115,20.55,20.55,0.0,92.374721,0.0
2019-02-16,19,0,116,6.41,6.41,0.0,-120.825413,0.0
2019-02-16,19,0,117,1.37,1.37,0.0,6.158315,0.0
2019-02-16,19,0,119,96.28,96.28,0.0,2735.511533,0.0
2019-02-16,19,0,120,56.62,56.62,0.0,1608.689894,0.0
2019-02-16,19,0,123,0.37,0.37,0.0,2.342678,0.0
2019-02-16,19,0,125,174.2,174.2,0.0,1102.958031,0.0
2019-02-16,19,0,126,16.67,16.67,0.0,105.547132,0.0
2019-02-16,19,0,127,21.4,21.4,0.0,135.495418,0.0
2019-02-16,19,0,128,249.5,249.5,0.0,1579.72462,0.0
2019-02-16,19,0,131,30.0,30.0,0.0,38.116028,0.0
2019-02-16,19,0,132,44.1,44.1,0.0,56.030561,0.0
2019-02-16,19,0,133,56.97,56.97,0.0,573.926156,0.0
2019-02-16,19,0,134,0.0,0.0,0.0,0.0,0.0
2019-02-16,19,0,135,77.21,77.21,0.0,777.827602,0.0
2019-02-16,19,0,136,27.27,27.27,0.0,273.89227,0.0
2019-02-16,19,0,139,15.68,15.68,0.0,118.649775,0.0
2019-02-16,19,0,140,250.6,250.6,0.0,-4723.689322,0.0
2019-02-16,19,0,141,230.0,230.0,0.0,-1062.126946,0.0
2019-02-16,19,0,142,39.91,39.91,0.0,-184.302115,0.0
2019-02-16,19,0,143,71.55,71.55,0.0,451.32622,0.0
2019-02-16,19,0,145,7.89,7.89,0.0,55.845332,0.0
2019-02-16,19,0,146,0.0,0.0,0.0,-0.0,0.0
2019-02-16,19,0,152,0.46,0.46,0.0,4.288769,0.0
2019-02-16,19,0,153,0.54,0.54,0.0,5.016435,0.0
2019-02-16,19,0,154,6.72,6.72,0.0,50.849904,0.0
2019-02-16,19,0,157,0.0,0.0,0.0,-0.0,0.0
2019-02-16,19,0,158,34.04,34.04,0.0,-157.194788,0.0
2019-02-16,19,0,159,0.0,0.0,0.0,0.0,0.0
2019-02-16,19,0,160,0.1,0.1,0.0,0.984512,0.0
2019-02-16,19,0,161,4.72,4.72,0.0,0.138664,0.0
2019-02-16,19,0,162,96.39,96.39,0.0,2453.112515,0.0
2019-02-16,19,0,163,64.94,64.94,0.0,-1224.087728,0.0
2019-02-16,19,0,164,3.46,3.46,0.0,21.825139,0.0
2019-02-16,19,0,167,0.11,0.11,0.0,2.786289,0.0
2019-02-16,19,0,168,0.06,0.06,0.0,1.519794,0.0
2019-02-16,19,0,169,0.0,0.0,0.0,0.0,0.0
2019-02-16,19,0,170,0.12,0.12,0.0,3.039589,0.0
2019-02-16,19,0,172,0.15,0.15,0.0,3.601604,0.0
2019-02-16,19,0,173,0.23,0.23,0.0,5.52246,0.0
2019-02-16,19,0,188,0.3,0.3,0.0,7.36085,0.0
2019-02-16,19,0,190,0.4,0.4,0.0,11.364817,0.0
2019-02-16,19,0,191,1.02,1.02,0.0,28.980284,0.0
2019-02-16,19,0,192,77.72,77.72,0.0,2208.184008,0.0
2019-02-16,19,0,194,114.15,114.15,0.0,955.237569,0.0
2019-02-16,19,0,196,0.33,0.33,0.0,11.103118,0.0
2019-02-16,19,0,198,0.3,0.3,0.0,3.254563,0.0
2019-02-16,19,0,199,11.97,11.97,0.0,144.923248,0.0
2019-02-16,19,0,200,0.68,0.68,0.0,8.2329,0.0
2019-02-16,19,0,204,50.35,50.35,0.0,417.358601,0.0
2019-02-16,19,0,205,39.24,39.24,0.0,328.936139,0.0
2019-02-16,19,0,206,539.94,539.94,0.0,3392.473384,0.0
2019-02-16,19,0,210,0.04,0.04,0.0,0.462084,0.0
2019-02-16,19,0,214,0.6,0.6,0.0,6.671594,0.0
2019-02-16,19,0,217,0.32,0.32,0.0,3.620709,0.0
2019-02-16,19,0,218,0.44,0.44,0.0,4.978475,0.0
2019-02-16,19,0,219,0.3,0.3,0.0,3.394415,0.0
2019-02-16,19,0,221,0.32,0.32,0.0,3.558183,0.0
2019-02-16,19,0,225,0.13,0.13,0.0,1.48269,0.0
2019-02-16,19,0,233,0.35,0.35,0.0,3.755502,0.0
2019-02-16,19,0,236,14.41,14.41,0.0,139.920934,0.0
2019-02-16,19,0,237,0.0,0.0,0.0,0.0,0.0
2019-02-16,19,0,238,5.9,5.9,0.0,58.581003,0.0
2019-02-16,19,0,240,0.61,0.61,0.0,5.534617,0.0
2019-02-16,19,0,245,43.31,43.31,0.0,440.42649,0.0
2019-02-16,19,0,247,84.41,84.41,0.0,858.379127,0.0
2019-02-16,19,0,248,0.0,0.0,0.0,0.0,0.0
2019-02-16,19,0,249,83.3,83.3,0.0,847.091355,0.0
2019-02-16,19,0,251,116.83,116.83,0.0,1168.493207,0.0
2019-02-16,19,0,252,111.35,111.35,0.0,1118.530369,0.0
2019-02-16,19,0,254,0.66,0.66,0.0,6.205946,0.0
2019-02-16,19,0,255,0.3,0.3,0.0,2.820884,0.0
2019-02-16,19,0,258,0.73,0.73,0.0,6.644814,0.0
2019-02-16,19,0,260,0.25,0.25,0.0,2.46128,0.0
2019-02-16,19,0,265,6.96,6.96,0.0,52.665972,0.0
2019-02-16,19,0,266,10.15,10.15,0.0,76.804542,0.0
2019-02-16,19,0,267,12.47,12.47,0.0,94.359866,0.0
2019-02-16,19,0,270,202.81,202.81,0.0,-3822.870836,0.0
2019-02-16,19,0,272,68.67,68.67,0.0,308.679906,0.0
2019-02-16,19,0,273,1.53,1.53,0.0,-28.839763,0.0
2019-02-16,19,0,274,261.44,261.44,0.0,-4928.018102,0.0
2019-02-16,19,0,275,363.93,363.93,0.0,-6859.905248,0.0
2019-02-16,19,0,276,0.37,0.37,0.0,-5.798606,0.0
2019-02-16,19,0,277,0.48,0.48,0.0,2.072293,0.0
2019-02-16,19,0,278,0.77,0.77,0.0,3.324304,0.0
2019-02-16,19,0,279,156.08,156.08,0.0,673.840677,0.0
2019-02-16,19,0,281,16.83,16.83,0.0,106.16101,0.0
2019-02-16,19,0,282,34.67,34.67,0.0,218.692942,0.0
2019-02-16,20,0,9,0.0,0.0,0.0,0.0,0.0
2019-02-16,20,0,17,0.0,0.0,0.0,0.0,0.0
2019-02-16,20,0,19,178.6,178.6,0.0,2036.668234,0.0
2019-02-16,20,0,20,216.61,216.61,0.0,2470.115937,0.0
2019-02-16,20,0,21,0.0,0.0,0.0,0.0,0.0
2019-02-16,20,0,22,0.0,0.0,0.0,0.0,0.0
2019-02-16,20,0,23,108.8,108.8,0.0,573.430575,0.0
2019-02-16,20,0,24,192.5,192.5,0.0,1014.571559,0.0
2019-02-16,20,0,29,0.0,0.0,0.0,0.0,0.0
2019-02-16,20,0,30,0.0,0.0,0.0,0.0,0.0
2019-02-16,20,0,31,37.5,37.5,0.0,196.336383,0.0
2019-02-16,20,0,32,0.0,0.0,0.0,0.0,0.0
2019-02-16,20,0,33,0.0,0.0,0.0,0.0,0.0
2019-02-16,20,0,34,0.0,0.0,0.0,0.0,0.0
2019-02-16,20,0,35,0.0,0.0,0.0,0.0,0.0
2019-02-16,20,0,36,0.0,0.0,0.0,0.0,0.0
2019-02-16,20,0,37,0.0,0.0,0.0,0.0,0.0
2019-02-16,20,0,38,0.0,0.0,0.0,0.0,0.0
2019-02-16,20,0,39,0.0,0.0,0.0,0.0,0.0
2019-02-16,20,0,40,0.0,0.0,0.0,0.0,0.0
2019-02-16,20,0,41,11.3,11.3,0.0,80.634794,0.0
2019-02-16,20,0,42,0.0,0.0,0.0,0.0,0.0
2019-02-16,20,0,43,0.0,0.0,0.0,0.0,0.0
2019-02-16,20,0,46,0.0,0.0,0.0,0.0,0.0
2019-02-16,20,0,52,39.75,39.75,0.0,208.116566,0.0
2019-02-16,20,0,53,63.15,63.15,0.0,330.630469,0.0
2019-02-16,20,0,55,186.9,186.9,0.0,985.05675,0.0
2019-02-16,20,0,56,0.0,0.0,0.0,0.0,0.0
2019-02-16,20,0,57,0.0,0.0,0.0,0.0,0.0
2019-02-16,20,0,58,0.0,0.0,0.0,0.0,0.0
2019-02-16,20,0,59,0.0,0.0,0.0,0.0,0.0
2019-02-16,20,0,63,95.58,95.58,0.0,2849.081,0.0
2019-02-16,20,0,64,112.44,112.44,0.0,3351.649588,0.0
2019-02-16,20,0,65,11.56,11.56,0.0,131.224347,0.0
2019-02-16,20,0,67,0.0,0.0,0.0,0.0,0.0
2019-02-16,20,0,68,10.2,10.2,0.0,52.076148,0.0
2019-02-16,20,0,69,0.0,0.0,0.0,0.0,0.0
2019-02-16,20,0,74,2.24,2.24,0.0,22.207926,0.0
2019-02-16,20,0,77,84.7,84.7,0.0,163.442624,0.0
2019-02-16,20,0,78,64.3,64.3,0.0,124.077458,0.0
2019-02-16,20,0,79,37.43,37.43,0.0,72.22736,0.0
2019-02-16,20,0,80,60.23,60.23,0.0,116.223722,0.0
2019-02-16,20,0,81,78.45,78.45,0.0,151.382218,0.0
2019-02-16,20,0,82,55.6,55.6,0.0,107.289373,0.0
2019-02-16,20,0,83,122.29,122.29,0.0,235.97873,0.0
2019-02-16,20,0,84,0.0,0.0,0.0,0.0,0.0
2019-02-16,20,0,86,0.0,0.0,0.0,0.0,0.0
2019-02-16,20,0,87,0.0,0.0,0.0,0.0,0.0
2019-02-16,20,0,88,95.98,95.98,0.0,185.209245,0.0
2019-02-16,20,0,89,92.28,92.28,0.0,178.069484,0.0
2019-02-16,20,0,90,123.8,123.8,0.0,238.892524,0.0
2019-02-16,20,0,91,440.78,440.78,0.0,850.55773,0.0
2019-02-16,20,0,92,158.74,158.74,0.0,306.315019,0.0
2019-02-16,20,0,95,44.43,44.43,0.0,1309.512621,0.0
2019-02-16,20,0,96,31.77,31.77,0.0,165.178578,0.0
2019-02-16,20,0,97,229.39,229.39,0.0,1192.644446,0.0
2019-02-16,20,0,99,0.43,0.43,0.0,4.263129,0.0
2019-02-16,20,0,101,0.0,0.0,0.0,0.0,0.0
2019-02-16,20,0,102,24.15,24.15,0.0,123.29794,0.0
2019-02-16,20,0,103,21.0,21.0,0.0,107.2156,0.0
2019-02-16,20,0,104,3.9,3.9,0.0,19.911469,0.0
2019-02-16,20,0,106,0.0,0.0,0.0,0.0,0.0
2019-02-16,20,0,109,11.87,11.87,0.0,97.88961,0.0
2019-02-16,20,0,110,233.19,233.19,0.0,5059.194391,0.0
2019-02-16,20,0,111,0.0,0.0,0.0,0.0,0.0
2019-02-16,20,0,113,26.48,26.48,0.0,9.582394,0.0
2019-02-16,20,0,115,26.48,26.48,0.0,9.582394,0.0
2019-02-16,20,0,116,0.0,0.0,0.0,0.0,0.0
2019-02-16,20,0,117,1.77,1.77,0.0,0.640515,0.0
2019-02-16,20,0,119,112.44,112.44,0.0,3351.649588,0.0
2019-02-16,20,0,120,66.12,66.12,0.0,1970.927346,0.0
2019-02-16,20,0,123,0.0,0.0,0.0,0.0,0.0
2019-02-16,20,0,125,174.2,174.2,0.0,918.12138,0.0
2019-02-16,20,0,126,0.0,0.0,0.0,0.0,0.0
2019-02-16,20,0,127,0.0,0.0,0.0,0.0,0.0
2019-02-16,20,0,128,249.5,249.5,0.0,1314.990151,0.0
2019-02-16,20,0,131,30.0,30.0,0.0,120.444657,0.0
2019-02-16,20,0,132,44.1,44.1,0.0,177.053646,0.0
2019-02-16,20,0,133,29.73,29.73,0.0,339.172035,0.0
2019-02-16,20,0,134,0.0,0.0,0.0,0.0,0.0
2019-02-16,20,0,135,39.62,39.62,0.0,452.001212,0.0
2019-02-16,20,0,136,16.43,16.43,0.0,186.459736,0.0
2019-02-16,20,0,139,15.13,15.13,0.0,107.964994,0.0
2019-02-16,20,0,140,172.59,172.59,0.0,3744.4417,0.0
2019-02-16,20,0,141,230.0,230.0,0.0,2113.562173,0.0
2019-02-16,20,0,142,0.0,0.0,0.0,0.0,0.0
2019-02-16,20,0,143,71.55,71.55,0.0,374.609819,0.0
2019-02-16,20,0,145,10.4,10.4,0.0,66.084296,0.0
2019-02-16,20,0,146,0.0,0.0,0.0,0.0,0.0
2019-02-16,20,0,152,0.0,0.0,0.0,0.0,0.0
2019-02-16,20,0,153,0.0,0.0,0.0,0.0,0.0
2019-02-16,20,0,154,0.0,0.0,0.0,0.0,0.0
2019-02-16,20,0,157,0.0,0.0,0.0,0.0,0.0
2019-02-16,20,0,158,0.0,0.0,0.0,0.0,0.0
2019-02-16,20,0,159,0.0,0.0,0.0,0.0,0.0
2019-02-16,20,0,160,0.0,0.0,0.0,0.0,0.0
2019-02-16,20,0,161,0.0,0.0,0.0,0.0,0.0
2019-02-16,20,0,162,72.92,72.92,0.0,2150.315092,0.0
2019-02-16,20,0,163,59.87,59.87,0.0,1298.914911,0.0
2019-02-16,20,0,164,0.0,0.0,0.0,0.0,0.0
2019-02-16,20,0,167,0.0,0.0,0.0,0.0,0.0
2019-02-16,20,0,168,0.0,0.0,0.0,0.0,0.0
2019-02-16,20,0,169,0.0,0.0,0.0,0.0,0.0
2019-02-16,20,0,170,0.0,0.0,0.0,0.0,0.0
2019-02-16,20,0,172,0.0,0.0,0.0,0.0,0.0
2019-02-16,20,0,173,0.0,0.0,0.0,0.0,0.0
2019-02-16,20,0,188,0.0,0.0,0.0,0.0,0.0
2019-02-16,20,0,190,0.0,0.0,0.0,0.0,0.0
2019-02-16,20,0,191,0.0,0.0,0.0,0.0,0.0
2019-02-16,20,0,192,71.67,71.67,0.0,2136.363625,0.0
2019-02-16,20,0,194,118.74,118.74,0.0,-491.675487,0.0
2019-02-16,20,0,196,0.0,0.0,0.0,0.0,0.0
2019-02-16,20,0,198,0.0,0.0,0.0,0.0,0.0
2019-02-16,20,0,199,11.29,11.29,0.0,82.592385,0.0
2019-02-16,20,0,200,0.0,0.0,0.0,0.0,0.0
2019-02-16,20,0,204,133.47,133.47,0.0,1079.375906,0.0
2019-02-16,20,0,205,62.78,62.78,0.0,517.734601,0.0
2019-02-16,20,0,206,868.95,868.95,0.0,4517.844683,0.0
2019-02-16,20,0,210,0.0,0.0,0.0,0.0,0.0
2019-02-16,20,0,214,0.0,0.0,0.0,0.0,0.0
2019-02-16,20,0,217,0.0,0.0,0.0,0.0,0.0
2019-02-16,20,0,218,0.0,0.0,0.0,0.0,0.0
2019-02-16,20,0,219,0.0,0.0,0.0,0.0,0.0
2019-02-16,20,0,221,0.0,0.0,0.0,0.0,0.0
2019-02-16,20,0,225,0.0,0.0,0.0,0.0,0.0
2019-02-16,20,0,233,0.0,0.0,0.0,0.0,0.0
2019-02-16,20,0,236,19.68,19.68,0.0,210.364182,0.0
2019-02-16,20,0,237,5.36,5.36,0.0,53.140395,0.0
2019-02-16,20,0,238,0.0,0.0,0.0,0.0,0.0
2019-02-16,20,0,240,0.0,0.0,0.0,0.0,0.0
2019-02-16,20,0,245,55.81,55.81,0.0,647.08799,0.0
2019-02-16,20,0,247,55.63,55.63,0.0,645.000983,0.0
2019-02-16,20,0,248,0.54,0.54,0.0,5.353697,0.0
2019-02-16,20,0,249,107.28,107.28,0.0,1243.855932,0.0
2019-02-16,20,0,251,93.2,93.2,0.0,1050.021574,0.0
2019-02-16,20,0,252,74.57,74.57,0.0,846.487849,0.0
2019-02-16,20,0,254,0.0,0.0,0.0,0.0,0.0
2019-02-16,20,0,255,0.0,0.0,0.0,0.0,0.0
2019-02-16,20,0,258,0.0,0.0,0.0,0.0,0.0
2019-02-16,20,0,260,0.0,0.0,0.0,0.0,0.0
2019-02-16,20,0,265,0.0,0.0,0.0,0.0,0.0
2019-02-16,20,0,266,9.22,9.22,0.0,65.792283,0.0
2019-02-16,20,0,267,11.66,11.66,0.0,83.20369,0.0
2019-02-16,20,0,270,186.96,186.96,0.0,4056.207313,0.0
2019-02-16,20,0,272,88.5,88.5,0.0,32.025752,0.0
2019-02-16,20,0,273,0.0,0.0,0.0,0.0,0.0
2019-02-16,20,0,274,241.02,241.02,0.0,5229.070853,0.0
2019-02-16,20,0,275,335.5,335.5,0.0,7278.870099,0.0
2019-02-16,20,0,276,0.0,0.0,0.0,0.0,0.0
2019-02-16,20,0,277,0.0,0.0,0.0,0.0,0.0
2019-02-16,20,0,278,0.0,0.0,0.0,0.0,0.0
2019-02-16,20,0,279,540.14,540.14,0.0,534.968725,0.0
2019-02-16,20,0,281,16.83,16.83,0.0,88.115769,0.0
2019-02-16,20,0,282,0.0,0.0,0.0,0.0,0.0
2019-02-16,21,0,9,0.0,0.0,0.0,0.0,0.0
2019-02-16,21,0,17,0.0,0.0,0.0,0.0,0.0
2019-02-16,21,0,19,104.06,104.06,0.0,1095.714609,0.0
2019-02-16,21,0,20,126.21,126.21,0.0,1328.946193,0.0
2019-02-16,21,0,21,0.0,0.0,0.0,0.0,0.0
2019-02-16,21,0,22,0.0,0.0,0.0,0.0,0.0
2019-02-16,21,0,23,108.8,108.8,0.0,296.140052,0.0
2019-02-16,21,0,24,192.5,192.5,0.0,523.96103,0.0
2019-02-16,21,0,29,0.0,0.0,0.0,0.0,0.0
2019-02-16,21,0,30,0.0,0.0,0.0,0.0,0.0
2019-02-16,21,0,31,37.5,37.5,0.0,100.335243,0.0
2019-02-16,21,0,32,0.0,0.0,0.0,0.0,0.0
2019-02-16,21,0,33,0.0,0.0,0.0,0.0,0.0
2019-02-16,21,0,34,0.0,0.0,0.0,0.0,0.0
2019-02-16,21,0,35,0.0,0.0,0.0,0.0,0.0
2019-02-16,21,0,36,0.0,0.0,0.0,0.0,0.0
2019-02-16,21,0,37,0.0,0.0,0.0,0.0,0.0
2019-02-16,21,0,38,0.0,0.0,0.0,0.0,0.0
2019-02-16,21,0,39,0.0,0.0,0.0,0.0,0.0
2019-02-16,21,0,40,0.0,0.0,0.0,0.0,0.0
2019-02-16,21,0,41,12.39,12.39,0.0,64.076219,0.0
2019-02-16,21,0,42,0.0,0.0,0.0,0.0,0.0
2019-02-16,21,0,43,0.0,0.0,0.0,0.0,0.0
2019-02-16,21,0,46,0.0,0.0,0.0,0.0,0.0
2019-02-16,21,0,52,39.75,39.75,0.0,106.355358,0.0
2019-02-16,21,0,53,63.15,63.15,0.0,168.96455,0.0
2019-02-16,21,0,55,186.9,186.9,0.0,508.718527,0.0
2019-02-16,21,0,56,0.0,0.0,0.0,0.0,0.0
2019-02-16,21,0,57,0.0,0.0,0.0,0.0,0.0
2019-02-16,21,0,58,0.0,0.0,0.0,0.0,0.0
2019-02-16,21,0,59,0.0,0.0,0.0,0.0,0.0
2019-02-16,21,0,63,111.13,111.13,0.0,3540.776732,0.0
2019-02-16,21,0,64,130.74,130.74,0.0,4165.582201,0.0
2019-02-16,21,0,65,7.45,7.45,0.0,77.982794,0.0
2019-02-16,21,0,67,0.0,0.0,0.0,-0.0,0.0
2019-02-16,21,0,68,10.2,10.2,0.0,-129.164627,0.0
2019-02-16,21,0,69,0.0,0.0,0.0,0.0,0.0
2019-02-16,21,0,74,8.06,8.06,0.0,70.385503,0.0
2019-02-16,21,0,77,172.48,172.48,0.0,-296.210839,0.0
2019-02-16,21,0,78,130.65,130.65,0.0,-224.373528,0.0
2019-02-16,21,0,79,75.79,75.79,0.0,-130.158972,0.0
2019-02-16,21,0,80,122.31,122.31,0.0,-210.050717,0.0
2019-02-16,21,0,81,159.64,159.64,0.0,-274.159893,0.0
2019-02-16,21,0,82,112.85,112.85,0.0,-193.80446,0.0
2019-02-16,21,0,83,250.05,250.05,0.0,-429.426718,0.0
2019-02-16,21,0,84,0.0,0.0,0.0,0.0,0.0
2019-02-16,21,0,86,0.0,0.0,0.0,0.0,0.0
2019-02-16,21,0,87,0.0,0.0,0.0,0.0,0.0
2019-02-16,21,0,88,170.6,170.6,0.0,-292.982196,0.0
2019-02-16,21,0,89,164.0,164.0,0.0,-281.647598,0.0
2019-02-16,21,0,90,220.2,220.2,0.0,-378.163421,0.0
2019-02-16,21,0,91,785.5,785.5,0.0,-1348.988951,0.0
2019-02-16,21,0,92,282.5,282.5,0.0,-485.155161,0.0
2019-02-16,21,0,95,42.52,42.52,0.0,1080.590245,0.0
2019-02-16,21,0,96,29.88,29.88,0.0,78.502255,0.0
2019-02-16,21,0,97,183.75,183.75,0.0,482.757343,0.0
2019-02-16,21,0,99,1.56,1.56,0.0,13.623,0.0
2019-02-16,21,0,101,0.0,0.0,0.0,0.0,0.0
2019-02-16,21,0,102,24.15,24.15,0.0,-305.816248,0.0
2019-02-16,21,0,103,21.0,21.0,0.0,-265.927173,0.0
2019-02-16,21,0,104,3.9,3.9,0.0,-49.386475,0.0
2019-02-16,21,0,106,0.0,0.0,0.0,0.0,0.0
2019-02-16,21,0,109,25.38,25.38,0.0,169.842121,0.0
2019-02-16,21,0,110,150.67,150.67,0.0,-9736.034798,0.0
2019-02-16,21,0,111,0.0,0.0,0.0,0.0,0.0
2019-02-16,21,0,113,69.99,69.99,0.0,-6.437564,0.0
2019-02-16,21,0,115,69.99,69.99,0.0,-6.437564,0.0
2019-02-16,21,0,116,0.0,0.0,0.0,-0.0,0.0
2019-02-16,21,0,117,4.71,4.71,0.0,-0.433218,0.0
2019-02-16,21,0,119,130.74,130.74,0.0,4165.582201,0.0
2019-02-16,21,0,120,76.88,76.88,0.0,2449.517819,0.0
2019-02-16,21,0,123,0.0,0.0,0.0,0.0,0.0
2019-02-16,21,0,125,174.2,174.2,0.0,474.150708,0.0
2019-02-16,21,0,126,0.0,0.0,0.0,0.0,0.0
2019-02-16,21,0,127,0.0,0.0,0.0,0.0,0.0
2019-02-16,21,0,128,249.5,249.5,0.0,679.107932,0.0
2019-02-16,21,0,131,30.0,30.0,0.0,-277.425405,0.0
2019-02-16,21,0,132,44.1,44.1,0.0,-407.815346,0.0
2019-02-16,21,0,133,16.93,16.93,0.0,178.365988,0.0
2019-02-16,21,0,134,0.0,0.0,0.0,0.0,0.0
2019-02-16,21,0,135,22.02,22.02,0.0,231.991675,0.0
2019-02-16,21,0,136,9.25,9.25,0.0,96.792713,0.0
2019-02-16,21,0,139,16.33,16.33,0.0,84.452353,0.0
2019-02-16,21,0,140,111.51,111.51,0.0,-7205.58333,0.0
2019-02-16,21,0,141,230.0,230.0,0.0,-5854.123855,0.0
2019-02-16,21,0,142,0.0,0.0,0.0,-0.0,0.0
2019-02-16,21,0,143,71.55,71.55,0.0,191.439644,0.0
2019-02-16,21,0,145,13.42,13.42,0.0,55.923289,0.0
2019-02-16,21,0,146,268.0,268.0,0.0,-17317.696461,0.0
2019-02-16,21,0,152,0.0,0.0,0.0,0.0,0.0
2019-02-16,21,0,153,0.0,0.0,0.0,0.0,0.0
2019-02-16,21,0,154,0.0,0.0,0.0,0.0,0.0
2019-02-16,21,0,157,250.0,250.0,0.0,-6363.178103,0.0
2019-02-16,21,0,158,0.0,0.0,0.0,-0.0,0.0
2019-02-16,21,0,159,0.0,0.0,0.0,0.0,0.0
2019-02-16,21,0,160,0.0,0.0,0.0,0.0,0.0
2019-02-16,21,0,161,0.0,0.0,0.0,-0.0,0.0
2019-02-16,21,0,162,53.69,53.69,0.0,1368.313866,0.0
2019-02-16,21,0,163,64.47,64.47,0.0,-4165.939891,0.0
2019-02-16,21,0,164,0.0,0.0,0.0,0.0,0.0
2019-02-16,21,0,167,0.0,0.0,0.0,0.0,0.0
2019-02-16,21,0,168,0.0,0.0,0.0,0.0,0.0
2019-02-16,21,0,169,0.0,0.0,0.0,0.0,0.0
2019-02-16,21,0,170,0.0,0.0,0.0,0.0,0.0
2019-02-16,21,0,172,0.0,0.0,0.0,0.0,0.0
2019-02-16,21,0,173,0.0,0.0,0.0,0.0,0.0
2019-02-16,21,0,188,0.0,0.0,0.0,0.0,0.0
2019-02-16,21,0,190,0.0,0.0,0.0,0.0,0.0
2019-02-16,21,0,191,0.0,0.0,0.0,0.0,0.0
2019-02-16,21,0,192,79.81,79.81,0.0,2542.872231,0.0
2019-02-16,21,0,194,131.54,131.54,0.0,1439.639586,0.0
2019-02-16,21,0,196,0.0,0.0,0.0,0.0,0.0
2019-02-16,21,0,198,0.0,0.0,0.0,0.0,0.0
2019-02-16,21,0,199,14.57,14.57,0.0,187.247104,0.0
2019-02-16,21,0,200,0.0,0.0,0.0,0.0,0.0
2019-02-16,21,0,204,347.23,347.23,0.0,2254.063804,0.0
2019-02-16,21,0,205,117.78,117.78,0.0,788.179865,0.0
2019-02-16,21,0,206,539.94,539.94,0.0,1418.557822,0.0
2019-02-16,21,0,210,0.0,0.0,0.0,0.0,0.0
2019-02-16,21,0,214,0.0,0.0,0.0,0.0,0.0
2019-02-16,21,0,217,0.0,0.0,0.0,0.0,0.0
2019-02-16,21,0,218,0.0,0.0,0.0,0.0,0.0
2019-02-16,21,0,219,0.0,0.0,0.0,0.0,0.0
2019-02-16,21,0,221,0.0,0.0,0.0,0.0,0.0
2019-02-16,21,0,225,0.0,0.0,0.0,0.0,0.0
2019-02-16,21,0,233,0.0,0.0,0.0,0.0,0.0
2019-02-16,21,0,236,26.35,26.35,0.0,254.988579,0.0
2019-02-16,21,0,237,19.35,19.35,0.0,168.977602,0.0
2019-02-16,21,0,238,0.0,0.0,0.0,0.0,0.0
2019-02-16,21,0,240,0.0,0.0,0.0,0.0,0.0
2019-02-16,21,0,245,65.02,65.02,0.0,699.498094,0.0
2019-02-16,21,0,247,34.7,34.7,0.0,373.309503,0.0
2019-02-16,21,0,248,1.94,1.94,0.0,16.941424,0.0
2019-02-16,21,0,249,125.04,125.04,0.0,1345.205194,0.0
2019-02-16,21,0,251,74.41,74.41,0.0,771.292659,0.0
2019-02-16,21,0,252,48.04,48.04,0.0,502.858181,0.0
2019-02-16,21,0,254,0.0,0.0,0.0,0.0,0.0
2019-02-16,21,0,255,0.0,0.0,0.0,0.0,0.0
2019-02-16,21,0,258,0.0,0.0,0.0,0.0,0.0
2019-02-16,21,0,260,0.0,0.0,0.0,0.0,0.0
2019-02-16,21,0,265,0.0,0.0,0.0,0.0,0.0
2019-02-16,21,0,266,10.22,10.22,0.0,52.85383,0.0
2019-02-16,21,0,267,12.76,12.76,0.0,65.989713,0.0
2019-02-16,21,0,270,201.35,201.35,0.0,-13010.88874,0.0
2019-02-16,21,0,272,233.76,233.76,0.0,-21.500858,0.0
2019-02-16,21,0,273,0.0,0.0,0.0,-0.0,0.0
2019-02-16,21,0,274,259.56,259.56,0.0,-16772.318259,0.0
2019-02-16,21,0,275,361.31,361.31,0.0,-23347.22727,0.0
2019-02-16,21,0,276,0.0,0.0,0.0,-0.0,0.0
2019-02-16,21,0,277,0.0,0.0,0.0,-0.0,0.0
2019-02-16,21,0,278,0.0,0.0,0.0,-0.0,0.0
2019-02-16,21,0,279,651.69,651.69,0.0,-484.610658,0.0
2019-02-16,21,0,281,16.83,16.83,0.0,45.030457,0.0
2019-02-16,21,0,282,0.0,0.0,0.0,0.0,0.0
2019-02-16,22,0,9,0.0,0.0,0.0,0.0,0.0
2019-02-16,22,0,17,0.0,0.0,0.0,0.0,0.0
2019-02-16,22,0,19,57.44,57.44,0.0,547.431639,0.0
2019-02-16,22,0,20,69.66,69.66,0.0,663.894289,0.0
2019-02-16,22,0,21,0.0,0.0,0.0,0.0,0.0
2019-02-16,22,0,22,0.0,0.0,0.0,0.0,0.0
2019-02-16,22,0,23,108.8,108.8,0.0,648.758016,0.0
2019-02-16,22,0,24,192.5,192.5,0.0,1147.848511,0.0
2019-02-16,22,0,29,0.0,0.0,0.0,0.0,0.0
2019-02-16,22,0,30,0.0,0.0,0.0,0.0,0.0
2019-02-16,22,0,31,19.41,19.41,0.0,115.312631,0.0
2019-02-16,22,0,32,0.0,0.0,0.0,0.0,0.0
2019-02-16,22,0,33,0.0,0.0,0.0,0.0,0.0
2019-02-16,22,0,34,0.0,0.0,0.0,0.0,0.0
2019-02-16,22,0,35,0.0,0.0,0.0,0.0,0.0
2019-02-16,22,0,36,0.0,0.0,0.0,0.0,0.0
2019-02-16,22,0,37,0.0,0.0,0.0,0.0,0.0
2019-02-16,22,0,38,0.0,0.0,0.0,0.0,0.0
2019-02-16,22,0,39,0.0,0.0,0.0,0.0,0.0
2019-02-16,22,0,40,0.0,0.0,0.0,0.0,0.0
2019-02-16,22,0,41,11.1,11.1,0.0,78.97513,0.0
2019-02-16,22,0,42,0.0,0.0,0.0,0.0,0.0
2019-02-16,22,0,43,0.0,0.0,0.0,0.0,0.0
2019-02-16,22,0,46,0.0,0.0,0.0,0.0,0.0
2019-02-16,22,0,52,20.58,20.58,0.0,122.26347,0.0
2019-02-16,22,0,53,32.69,32.69,0.0,194.20762,0.0
2019-02-16,22,0,55,356.65,356.65,0.0,2126.650241,0.0
2019-02-16,22,0,56,0.0,0.0,0.0,0.0,0.0
2019-02-16,22,0,57,0.0,0.0,0.0,0.0,0.0
2019-02-16,22,0,58,0.0,0.0,0.0,0.0,0.0
2019-02-16,22,0,59,0.0,0.0,0.0,0.0,0.0
2019-02-16,22,0,63,129.47,129.47,0.0,4198.39582,0.0
2019-02-16,22,0,64,152.31,152.31,0.0,4939.041225,0.0
2019-02-16,22,0,65,4.65,4.65,0.0,44.19275,0.0
2019-02-16,22,0,67,0.0,0.0,0.0,-0.0,0.0
2019-02-16,22,0,68,10.2,10.2,0.0,-309.347254,0.0
2019-02-16,22,0,69,0.0,0.0,0.0,0.0,0.0
2019-02-16,22,0,74,21.12,21.12,0.0,184.852434,0.0
2019-02-16,22,0,77,200.0,200.0,0.0,-3137.436428,0.0
2019-02-16,22,0,78,151.2,151.2,0.0,-2371.90194,0.0
2019-02-16,22,0,79,87.5,87.5,0.0,-1372.628437,0.0
2019-02-16,22,0,80,141.5,141.5,0.0,-2219.736273,0.0
2019-02-16,22,0,81,185.0,185.0,0.0,-2902.128696,0.0
2019-02-16,22,0,82,130.5,130.5,0.0,-2047.177269,0.0
2019-02-16,22,0,83,291.0,291.0,0.0,-4564.970003,0.0
2019-02-16,22,0,84,0.0,0.0,0.0,0.0,0.0
2019-02-16,22,0,86,0.0,0.0,0.0,0.0,0.0
2019-02-16,22,0,87,0.0,0.0,0.0,0.0,0.0
2019-02-16,22,0,88,170.6,170.6,0.0,-2676.233273,0.0
2019-02-16,22,0,89,164.0,164.0,0.0,-2572.697871,0.0
2019-02-16,22,0,90,220.2,220.2,0.0,-3454.317508,0.0
2019-02-16,22,0,91,785.5,785.5,0.0,-12322.281572,0.0
2019-02-16,22,0,92,282.5,282.5,0.0,-4431.628955,0.0
2019-02-16,22,0,95,40.35,40.35,0.0,958.542735,0.0
2019-02-16,22,0,96,21.42,21.42,0.0,126.762181,0.0
2019-02-16,22,0,97,131.7,131.7,0.0,779.392121,0.0
2019-02-16,22,0,99,4.08,4.08,0.0,35.710129,0.0
2019-02-16,22,0,101,0.0,0.0,0.0,0.0,0.0
2019-02-16,22,0,102,24.15,24.15,0.0,-732.425116,0.0
2019-02-16,22,0,103,21.0,21.0,0.0,-636.891405,0.0
2019-02-16,22,0,104,3.9,3.9,0.0,-118.279832,0.0
2019-02-16,22,0,106,0.0,0.0,0.0,0.0,0.0
2019-02-16,22,0,109,75.93,75.93,0.0,596.483972,0.0
2019-02-16,22,0,110,90.94,90.94,0.0,-9191.863335,0.0
2019-02-16,22,0,111,0.0,0.0,0.0,0.0,0.0
2019-02-16,22,0,113,149.99,149.99,0.0,-1890.84019,0.0
2019-02-16,22,0,115,149.99,149.99,0.0,-1890.84019,0.0
2019-02-16,22,0,116,0.0,0.0,0.0,-0.0,0.0
2019-02-16,22,0,117,10.0,10.0,0.0,-126.064417,0.0
2019-02-16,22,0,119,152.31,152.31,0.0,4939.041225,0.0
2019-02-16,22,0,120,89.56,89.56,0.0,2904.212015,0.0
2019-02-16,22,0,123,0.0,0.0,0.0,0.0,0.0
2019-02-16,22,0,125,174.2,174.2,0.0,1038.728367,0.0
2019-02-16,22,0,126,0.0,0.0,0.0,0.0,0.0
2019-02-16,22,0,127,0.0,0.0,0.0,0.0,0.0
2019-02-16,22,0,128,249.5,249.5,0.0,1487.730927,0.0
2019-02-16,22,0,131,30.0,30.0,0.0,-770.309235,0.0
2019-02-16,22,0,132,44.1,44.1,0.0,-1132.354575,0.0
2019-02-16,22,0,133,15.47,15.47,0.0,147.475642,0.0
2019-02-16,22,0,134,0.0,0.0,0.0,0.0,0.0
2019-02-16,22,0,135,20.72,20.72,0.0,197.523937,0.0
2019-02-16,22,0,136,4.95,4.95,0.0,47.036646,0.0
2019-02-16,22,0,139,14.33,14.33,0.0,101.956181,0.0
2019-02-16,22,0,140,67.31,67.31,0.0,-6803.434364,0.0
2019-02-16,22,0,141,230.0,230.0,0.0,-10981.080211,0.0
2019-02-16,22,0,142,0.0,0.0,0.0,-0.0,0.0
2019-02-16,22,0,143,57.27,57.27,0.0,340.23464,0.0
2019-02-16,22,0,145,41.59,41.59,0.0,276.648006,0.0
2019-02-16,22,0,146,268.0,268.0,0.0,-27088.403053,0.0
2019-02-16,22,0,152,0.0,0.0,0.0,0.0,0.0
2019-02-16,22,0,153,0.0,0.0,0.0,0.0,0.0
2019-02-16,22,0,154,0.0,0.0,0.0,0.0,0.0
2019-02-16,22,0,157,250.0,250.0,0.0,-11935.956752,0.0
2019-02-16,22,0,158,0.0,0.0,0.0,-0.0,0.0
2019-02-16,22,0,159,0.0,0.0,0.0,0.0,0.0
2019-02-16,22,0,160,0.0,0.0,0.0,0.0,0.0
2019-02-16,22,0,161,0.0,0.0,0.0,-0.0,0.0
2019-02-16,22,0,162,22.61,22.61,0.0,539.269079,0.0
2019-02-16,22,0,163,79.71,79.71,0.0,-8056.778386,0.0
2019-02-16,22,0,164,0.0,0.0,0.0,0.0,0.0
2019-02-16,22,0,167,0.0,0.0,0.0,0.0,0.0
2019-02-16,22,0,168,0.0,0.0,0.0,0.0,0.0
2019-02-16,22,0,169,0.0,0.0,0.0,0.0,0.0
2019-02-16,22,0,170,0.0,0.0,0.0,0.0,0.0
2019-02-16,22,0,172,0.0,0.0,0.0,0.0,0.0
2019-02-16,22,0,173,0.0,0.0,0.0,0.0,0.0
2019-02-16,22,0,188,0.0,0.0,0.0,0.0,0.0
2019-02-16,22,0,190,0.0,0.0,0.0,0.0,0.0
2019-02-16,22,0,191,0.0,0.0,0.0,0.0,0.0
2019-02-16,22,0,192,104.21,104.21,0.0,3379.275727,0.0
2019-02-16,22,0,194,152.38,152.38,0.0,492.40245,0.0
2019-02-16,22,0,196,0.0,0.0,0.0,0.0,0.0
2019-02-16,22,0,198,0.0,0.0,0.0,0.0,0.0
2019-02-16,22,0,199,22.74,22.74,0.0,216.423692,0.0
2019-02-16,22,0,200,0.0,0.0,0.0,0.0,0.0
2019-02-16,22,0,204,495.46,495.46,0.0,3847.465177,0.0
2019-02-16,22,0,205,377.75,377.75,0.0,2967.494012,0.0
2019-02-16,22,0,206,387.0,387.0,0.0,2290.241084,0.0
2019-02-16,22,0,210,0.0,0.0,0.0,0.0,0.0
2019-02-16,22,0,214,0.0,0.0,0.0,0.0,0.0
2019-02-16,22,0,217,0.0,0.0,0.0,0.0,0.0
2019-02-16,22,0,218,0.0,0.0,0.0,0.0,0.0
2019-02-16,22,0,219,0.0,0.0,0.0,0.0,0.0
2019-02-16,22,0,221,0.0,0.0,0.0,0.0,0.0
2019-02-16,22,0,225,0.0,0.0,0.0,0.0,0.0
2019-02-16,22,0,233,0.0,0.0,0.0,0.0,0.0
2019-02-16,22,0,236,34.36,34.36,0.0,314.928255,0.0
2019-02-16,22,0,237,50.66,50.66,0.0,443.400773,0.0
2019-02-16,22,0,238,0.0,0.0,0.0,0.0,0.0
2019-02-16,22,0,240,0.0,0.0,0.0,0.0,0.0
2019-02-16,22,0,245,39.8,39.8,0.0,383.218167,0.0
2019-02-16,22,0,247,19.99,19.99,0.0,192.475657,0.0
2019-02-16,22,0,248,5.09,5.09,0.0,44.550137,0.0
2019-02-16,22,0,249,76.55,76.55,0.0,737.069112,0.0
2019-02-16,22,0,251,126.01,126.01,0.0,1192.056718,0.0
2019-02-16,22,0,252,30.0,30.0,0.0,285.114519,0.0
2019-02-16,22,0,254,0.0,0.0,0.0,0.0,0.0
2019-02-16,22,0,255,0.0,0.0,0.0,0.0,0.0
2019-02-16,22,0,258,0.0,0.0,0.0,0.0,0.0
2019-02-16,22,0,260,0.0,0.0,0.0,0.0,0.0
2019-02-16,22,0,265,0.0,0.0,0.0,0.0,0.0
2019-02-16,22,0,266,9.28,9.28,0.0,66.026055,0.0
2019-02-16,22,0,267,11.4,11.4,0.0,81.109593,0.0
2019-02-16,22,0,270,248.93,248.93,0.0,-25160.881239,0.0
2019-02-16,22,0,272,501.3,501.3,0.0,-6319.609222,0.0
2019-02-16,22,0,273,0.0,0.0,0.0,-0.0,0.0
2019-02-16,22,0,274,320.91,320.91,0.0,-32436.341134,0.0
2019-02-16,22,0,275,446.71,446.71,0.0,-45151.718388,0.0
2019-02-16,22,0,276,0.0,0.0,0.0,-0.0,0.0
2019-02-16,22,0,277,0.0,0.0,0.0,-0.0,0.0
2019-02-16,22,0,278,0.0,0.0,0.0,-0.0,0.0
2019-02-16,22,0,279,264.61,264.61,0.0,-3662.615259,0.0
2019-02-16,22,0,281,8.71,8.71,0.0,51.745132,0.0
2019-02-16,22,0,282,0.0,0.0,0.0,0.0,0.0
2019-02-16,23,0,9,0.0,0.0,0.0,0.0,0.0
2019-02-16,23,0,17,0.0,0.0,0.0,0.0,0.0
2019-02-16,23,0,19,67.07,67.07,0.0,1048.580685,0.0
2019-02-16,23,0,20,81.34,81.34,0.0,1271.679632,0.0
2019-02-16,23,0,21,0.0,0.0,0.0,0.0,0.0
2019-02-16,23,0,22,0.0,0.0,0.0,0.0,0.0
2019-02-16,23,0,23,108.8,108.8,0.0,1157.895096,0.0
2019-02-16,23,0,24,192.5,192.5,0.0,2048.665496,0.0
2019-02-16,23,0,29,0.0,0.0,0.0,0.0,0.0
2019-02-16,23,0,30,0.0,0.0,0.0,0.0,0.0
2019-02-16,23,0,31,18.78,18.78,0.0,199.344446,0.0
2019-02-16,23,0,32,0.0,0.0,0.0,0.0,0.0
2019-02-16,23,0,33,0.0,0.0,0.0,0.0,0.0
2019-02-16,23,0,34,0.0,0.0,0.0,0.0,0.0
2019-02-16,23,0,35,0.0,0.0,0.0,0.0,0.0
2019-02-16,23,0,36,0.0,0.0,0.0,0.0,0.0
2019-02-16,23,0,37,0.0,0.0,0.0,0.0,0.0
2019-02-16,23,0,38,0.0,0.0,0.0,0.0,0.0
2019-02-16,23,0,39,0.0,0.0,0.0,0.0,0.0
2019-02-16,23,0,40,0.0,0.0,0.0,0.0,0.0
2019-02-16,23,0,41,13.38,13.38,0.0,162.347255,0.0
2019-02-16,23,0,42,0.0,0.0,0.0,0.0,0.0
2019-02-16,23,0,43,0.0,0.0,0.0,0.0,0.0
2019-02-16,23,0,46,0.0,0.0,0.0,0.0,0.0
2019-02-16,23,0,52,19.91,19.91,0.0,211.33908,0.0
2019-02-16,23,0,53,31.62,31.62,0.0,335.637454,0.0
2019-02-16,23,0,55,623.0,623.0,0.0,6630.226516,0.0
2019-02-16,23,0,56,0.0,0.0,0.0,0.0,0.0
2019-02-16,23,0,57,0.0,0.0,0.0,0.0,0.0
2019-02-16,23,0,58,0.0,0.0,0.0,0.0,0.0
2019-02-16,23,0,59,0.0,0.0,0.0,0.0,0.0
2019-02-16,23,0,63,87.19,87.19,0.0,2705.514411,0.0
2019-02-16,23,0,64,102.58,102.58,0.0,3183.067649,0.0
2019-02-16,23,0,65,4.48,4.48,0.0,69.845132,0.0
2019-02-16,23,0,67,0.0,0.0,0.0,0.0,0.0
2019-02-16,23,0,68,10.2,10.2,0.0,72.665713,0.0
2019-02-16,23,0,69,0.0,0.0,0.0,0.0,0.0
2019-02-16,23,0,74,19.28,19.28,0.0,277.368509,0.0
2019-02-16,23,0,77,200.0,200.0,0.0,986.41136,0.0
2019-02-16,23,0,78,151.2,151.2,0.0,745.726988,0.0
2019-02-16,23,0,79,87.5,87.5,0.0,431.55497,0.0
2019-02-16,23,0,80,141.5,141.5,0.0,697.886037,0.0
2019-02-16,23,0,81,185.0,185.0,0.0,912.430508,0.0
2019-02-16,23,0,82,130.5,130.5,0.0,643.633413,0.0
2019-02-16,23,0,83,291.0,291.0,0.0,1435.228529,0.0
2019-02-16,23,0,84,0.0,0.0,0.0,0.0,0.0
2019-02-16,23,0,86,0.0,0.0,0.0,0.0,0.0
2019-02-16,23,0,87,0.0,0.0,0.0,0.0,0.0
2019-02-16,23,0,88,170.6,170.6,0.0,841.40889,0.0
2019-02-16,23,0,89,164.0,164.0,0.0,808.857315,0.0
2019-02-16,23,0,90,220.2,220.2,0.0,1086.038908,0.0
2019-02-16,23,0,91,785.5,785.5,0.0,3874.130618,0.0
2019-02-16,23,0,92,282.5,282.5,0.0,1393.306047,0.0
2019-02-16,23,0,95,34.16,34.16,0.0,1038.931768,0.0
2019-02-16,23,0,96,18.47,18.47,0.0,195.51923,0.0
2019-02-16,23,0,97,113.57,113.57,0.0,1202.226259,0.0
2019-02-16,23,0,99,3.72,3.72,0.0,53.51716,0.0
2019-02-16,23,0,101,0.0,0.0,0.0,0.0,0.0
2019-02-16,23,0,102,24.15,24.15,0.0,172.046762,0.0
2019-02-16,23,0,103,21.0,21.0,0.0,149.60588,0.0
2019-02-16,23,0,104,3.9,3.9,0.0,27.783949,0.0
2019-02-16,23,0,106,0.0,0.0,0.0,0.0,0.0
2019-02-16,23,0,109,81.1,81.1,0.0,1054.26955,0.0
2019-02-16,23,0,110,28.71,28.71,0.0,536.539905,0.0
2019-02-16,23,0,111,0.0,0.0,0.0,0.0,0.0
2019-02-16,23,0,113,150.0,150.0,0.0,565.19519,0.0
2019-02-16,23,0,115,150.0,150.0,0.0,565.19519,0.0
2019-02-16,23,0,116,0.0,0.0,0.0,0.0,0.0
2019-02-16,23,0,117,10.0,10.0,0.0,37.679679,0.0
2019-02-16,23,0,119,102.58,102.58,0.0,3183.067649,0.0
2019-02-16,23,0,120,60.31,60.31,0.0,1871.425326,0.0
2019-02-16,23,0,123,0.0,0.0,0.0,0.0,0.0
2019-02-16,23,0,125,174.2,174.2,0.0,1853.909244,0.0
2019-02-16,23,0,126,0.0,0.0,0.0,0.0,0.0
2019-02-16,23,0,127,0.0,0.0,0.0,0.0,0.0
2019-02-16,23,0,128,249.5,249.5,0.0,2655.283332,0.0
2019-02-16,23,0,131,30.0,30.0,0.0,190.914772,0.0
2019-02-16,23,0,132,44.1,44.1,0.0,280.644714,0.0
2019-02-16,23,0,133,14.19,14.19,0.0,221.90663,0.0
2019-02-16,23,0,134,0.0,0.0,0.0,0.0,0.0
2019-02-16,23,0,135,19.01,19.01,0.0,297.282949,0.0
2019-02-16,23,0,136,5.25,5.25,0.0,81.837171,0.0
2019-02-16,23,0,139,17.27,17.27,0.0,209.546868,0.0
2019-02-16,23,0,140,21.25,21.25,0.0,397.125495,0.0
2019-02-16,23,0,141,230.0,230.0,0.0,2293.279807,0.0
2019-02-16,23,0,142,0.0,0.0,0.0,0.0,0.0
2019-02-16,23,0,143,53.8,53.8,0.0,571.071948,0.0
2019-02-16,23,0,145,14.43,14.43,0.0,165.957493,0.0
2019-02-16,23,0,146,268.0,268.0,0.0,5008.453308,0.0
2019-02-16,23,0,152,0.0,0.0,0.0,0.0,0.0
2019-02-16,23,0,153,0.0,0.0,0.0,0.0,0.0
2019-02-16,23,0,154,0.0,0.0,0.0,0.0,0.0
2019-02-16,23,0,157,250.0,250.0,0.0,2492.695443,0.0
2019-02-16,23,0,158,0.0,0.0,0.0,0.0,0.0
2019-02-16,23,0,159,0.0,0.0,0.0,0.0,0.0
2019-02-16,23,0,160,0.0,0.0,0.0,0.0,0.0
2019-02-16,23,0,161,0.0,0.0,0.0,0.0,0.0
2019-02-16,23,0,162,10.69,10.69,0.0,325.298709,0.0
2019-02-16,23,0,163,57.92,57.92,0.0,1082.423939,0.0
2019-02-16,23,0,164,0.0,0.0,0.0,0.0,0.0
2019-02-16,23,0,167,0.0,0.0,0.0,0.0,0.0
2019-02-16,23,0,168,0.0,0.0,0.0,0.0,0.0
2019-02-16,23,0,169,0.0,0.0,0.0,0.0,0.0
2019-02-16,23,0,170,0.0,0.0,0.0,0.0,0.0
2019-02-16,23,0,172,0.0,0.0,0.0,0.0,0.0
2019-02-16,23,0,173,0.0,0.0,0.0,0.0,0.0
2019-02-16,23,0,188,0.0,0.0,0.0,0.0,0.0
2019-02-16,23,0,190,0.0,0.0,0.0,0.0,0.0
2019-02-16,23,0,191,0.0,0.0,0.0,0.0,0.0
2019-02-16,23,0,192,58.3,58.3,0.0,1809.054825,0.0
2019-02-16,23,0,194,91.7,91.7,0.0,51.618201,0.0
2019-02-16,23,0,196,0.0,0.0,0.0,0.0,0.0
2019-02-16,23,0,198,0.0,0.0,0.0,0.0,0.0
2019-02-16,23,0,199,16.22,16.22,0.0,178.070007,0.0
2019-02-16,23,0,200,0.0,0.0,0.0,0.0,0.0
2019-02-16,23,0,204,415.52,415.52,0.0,5347.118829,0.0
2019-02-16,23,0,205,429.03,429.03,0.0,5577.228916,0.0
2019-02-16,23,0,206,333.72,333.72,0.0,3532.684222,0.0
2019-02-16,23,0,210,0.0,0.0,0.0,0.0,0.0
2019-02-16,23,0,214,0.0,0.0,0.0,0.0,0.0
2019-02-16,23,0,217,0.0,0.0,0.0,0.0,0.0
2019-02-16,23,0,218,0.0,0.0,0.0,0.0,0.0
2019-02-16,23,0,219,0.0,0.0,0.0,0.0,0.0
2019-02-16,23,0,221,0.0,0.0,0.0,0.0,0.0
2019-02-16,23,0,225,0.0,0.0,0.0,0.0,0.0
2019-02-16,23,0,233,0.0,0.0,0.0,0.0,0.0
2019-02-16,23,0,236,29.85,29.85,0.0,448.715518,0.0
2019-02-16,23,0,237,46.25,46.25,0.0,665.367923,0.0
2019-02-16,23,0,238,0.0,0.0,0.0,0.0,0.0
2019-02-16,23,0,240,0.0,0.0,0.0,0.0,0.0
2019-02-16,23,0,245,35.39,35.39,0.0,558.977771,0.0
2019-02-16,23,0,247,18.24,18.24,0.0,288.097048,0.0
2019-02-16,23,0,248,4.64,4.64,0.0,66.752587,0.0
2019-02-16,23,0,249,68.06,68.06,0.0,1074.993701,0.0
2019-02-16,23,0,251,56.2,56.2,0.0,872.150673,0.0
2019-02-16,23,0,252,28.87,28.87,0.0,450.09575,0.0
2019-02-16,23,0,254,0.0,0.0,0.0,0.0,0.0
2019-02-16,23,0,255,0.0,0.0,0.0,0.0,0.0
2019-02-16,23,0,258,0.0,0.0,0.0,0.0,0.0
2019-02-16,23,0,260,0.0,0.0,0.0,0.0,0.0
2019-02-16,23,0,265,0.0,0.0,0.0,0.0,0.0
2019-02-16,23,0,266,11.19,11.19,0.0,135.774722,0.0
2019-02-16,23,0,267,13.75,13.75,0.0,166.836678,0.0
2019-02-16,23,0,270,180.9,180.9,0.0,3380.705983,0.0
2019-02-16,23,0,272,501.3,501.3,0.0,1888.882324,0.0
2019-02-16,23,0,273,0.0,0.0,0.0,0.0,0.0
2019-02-16,23,0,274,233.2,233.2,0.0,4358.101908,0.0
2019-02-16,23,0,275,324.61,324.61,0.0,6066.395628,0.0
2019-02-16,23,0,276,0.0,0.0,0.0,0.0,0.0
2019-02-16,23,0,277,0.0,0.0,0.0,0.0,0.0
2019-02-16,23,0,278,0.0,0.0,0.0,0.0,0.0
2019-02-16,23,0,279,264.6,264.6,0.0,1120.493668,0.0
2019-02-16,23,0,281,8.43,8.43,0.0,89.482092,0.0
2019-02-16,23,0,282,0.0,0.0,0.0,0.0,0.0
2019-02-17,0,0,9,0.0,0.0,0.0,0.0,0.0
2019-02-17,0,0,17,0.0,0.0,0.0,0.0,0.0
2019-02-17,0,0,19,77.87,77.87,0.0,832.814178,0.0
2019-02-17,0,0,20,94.44,94.44,0.0,1010.029164,0.0
2019-02-17,0,0,21,0.0,0.0,0.0,0.0,0.0
2019-02-17,0,0,22,0.0,0.0,0.0,0.0,0.0
2019-02-17,0,0,23,108.8,108.8,0.0,643.367875,0.0
2019-02-17,0,0,24,192.5,192.5,0.0,1138.311728,0.0
2019-02-17,0,0,29,0.0,0.0,0.0,0.0,0.0
2019-02-17,0,0,30,0.0,0.0,0.0,0.0,0.0
2019-02-17,0,0,31,18.43,18.43,0.0,108.496044,0.0
2019-02-17,0,0,32,0.0,0.0,0.0,0.0,0.0
2019-02-17,0,0,33,0.0,0.0,0.0,0.0,0.0
2019-02-17,0,0,34,0.0,0.0,0.0,0.0,0.0
2019-02-17,0,0,35,0.0,0.0,0.0,0.0,0.0
2019-02-17,0,0,36,0.0,0.0,0.0,0.0,0.0
2019-02-17,0,0,37,0.0,0.0,0.0,0.0,0.0
2019-02-17,0,0,38,0.0,0.0,0.0,0.0,0.0
2019-02-17,0,0,39,0.0,0.0,0.0,0.0,0.0
2019-02-17,0,0,40,0.0,0.0,0.0,0.0,0.0
2019-02-17,0,0,41,16.69,16.69,0.0,122.433087,0.0
2019-02-17,0,0,42,0.0,0.0,0.0,0.0,0.0
2019-02-17,0,0,43,0.0,0.0,0.0,0.0,0.0
2019-02-17,0,0,46,0.0,0.0,0.0,0.0,0.0
2019-02-17,0,0,52,19.54,19.54,0.0,115.030532,0.0
2019-02-17,0,0,53,31.04,31.04,0.0,182.73018,0.0
2019-02-17,0,0,55,622.97,622.97,0.0,3683.813283,0.0
2019-02-17,0,0,56,0.0,0.0,0.0,0.0,0.0
2019-02-17,0,0,57,0.0,0.0,0.0,0.0,0.0
2019-02-17,0,0,58,0.0,0.0,0.0,0.0,0.0
2019-02-17,0,0,59,0.0,0.0,0.0,0.0,0.0
2019-02-17,0,0,63,57.85,57.85,0.0,1313.642161,0.0
2019-02-17,0,0,64,68.06,68.06,0.0,1545.488081,0.0
2019-02-17,0,0,65,4.31,4.31,0.0,45.913395,0.0
2019-02-17,0,0,67,0.0,0.0,0.0,0.0,0.0
2019-02-17,0,0,68,10.2,10.2,0.0,56.028343,0.0
2019-02-17,0,0,69,0.0,0.0,0.0,0.0,0.0
2019-02-17,0,0,74,17.53,17.53,0.0,166.390362,0.0
2019-02-17,0,0,77,200.0,200.0,0.0,677.543111,0.0
2019-02-17,0,0,78,151.2,151.2,0.0,512.222592,0.0
2019-02-17,0,0,79,87.5,87.5,0.0,296.425111,0.0
2019-02-17,0,0,80,141.5,141.5,0.0,479.361751,0.0
2019-02-17,0,0,81,185.0,185.0,0.0,626.727378,0.0
2019-02-17,0,0,82,130.5,130.5,0.0,442.09688,0.0
2019-02-17,0,0,83,291.0,291.0,0.0,985.825226,0.0
2019-02-17,0,0,84,0.0,0.0,0.0,0.0,0.0
2019-02-17,0,0,86,0.0,0.0,0.0,0.0,0.0
2019-02-17,0,0,87,0.0,0.0,0.0,0.0,0.0
2019-02-17,0,0,88,170.6,170.6,0.0,577.944274,0.0
2019-02-17,0,0,89,164.0,164.0,0.0,555.585351,0.0
2019-02-17,0,0,90,220.2,220.2,0.0,745.974965,0.0
2019-02-17,0,0,91,785.5,785.5,0.0,2661.050568,0.0
2019-02-17,0,0,92,282.5,282.5,0.0,957.029644,0.0
2019-02-17,0,0,95,16.27,16.27,0.0,364.931815,0.0
2019-02-17,0,0,96,17.46,17.46,0.0,102.304326,0.0
2019-02-17,0,0,97,107.39,107.39,0.0,629.236061,0.0
2019-02-17,0,0,99,3.38,3.38,0.0,32.082112,0.0
2019-02-17,0,0,101,0.0,0.0,0.0,0.0,0.0
2019-02-17,0,0,102,24.15,24.15,0.0,132.655343,0.0
2019-02-17,0,0,103,21.0,21.0,0.0,115.352472,0.0
2019-02-17,0,0,104,3.9,3.9,0.0,21.422602,0.0
2019-02-17,0,0,106,0.0,0.0,0.0,0.0,0.0
2019-02-17,0,0,109,75.67,75.67,0.0,617.228792,0.0
2019-02-17,0,0,110,37.18,37.18,0.0,616.90263,0.0
2019-02-17,0,0,111,0.0,0.0,0.0,0.0,0.0
2019-02-17,0,0,113,140.96,140.96,0.0,320.655931,0.0
2019-02-17,0,0,115,140.96,140.96,0.0,320.655931,0.0
2019-02-17,0,0,116,0.0,0.0,0.0,0.0,0.0
2019-02-17,0,0,117,9.4,9.4,0.0,21.383128,0.0
2019-02-17,0,0,119,68.06,68.06,0.0,1545.488081,0.0
2019-02-17,0,0,120,40.02,40.02,0.0,908.763341,0.0
2019-02-17,0,0,123,0.0,0.0,0.0,0.0,0.0
2019-02-17,0,0,125,174.2,174.2,0.0,1030.098197,0.0
2019-02-17,0,0,126,0.0,0.0,0.0,0.0,0.0
2019-02-17,0,0,127,0.0,0.0,0.0,0.0,0.0
2019-02-17,0,0,128,249.5,249.5,0.0,1475.370265,0.0
2019-02-17,0,0,131,30.0,30.0,0.0,142.89809,0.0
2019-02-17,0,0,132,44.1,44.1,0.0,210.060193,0.0
2019-02-17,0,0,133,13.46,13.46,0.0,144.007231,0.0
2019-02-17,0,0,134,0.0,0.0,0.0,0.0,0.0
2019-02-17,0,0,135,18.04,18.04,0.0,193.008206,0.0
2019-02-17,0,0,136,5.54,5.54,0.0,59.003465,0.0
2019-02-17,0,0,139,21.56,21.56,0.0,158.15802,0.0
2019-02-17,0,0,140,27.52,27.52,0.0,456.620774,0.0
2019-02-17,0,0,141,230.0,230.0,0.0,1891.806327,0.0
2019-02-17,0,0,142,0.0,0.0,0.0,0.0,0.0
2019-02-17,0,0,143,129.12,129.12,0.0,760.119871,0.0
2019-02-17,0,0,145,13.57,13.57,0.0,91.331374,0.0
2019-02-17,0,0,146,268.0,268.0,0.0,4446.743003,0.0
2019-02-17,0,0,152,0.0,0.0,0.0,0.0,0.0
2019-02-17,0,0,153,0.0,0.0,0.0,0.0,0.0
2019-02-17,0,0,154,0.0,0.0,0.0,0.0,0.0
2019-02-17,0,0,157,250.0,250.0,0.0,2056.311225,0.0
2019-02-17,0,0,158,0.0,0.0,0.0,0.0,0.0
2019-02-17,0,0,159,0.0,0.0,0.0,0.0,0.0
2019-02-17,0,0,160,0.0,0.0,0.0,0.0,0.0
2019-02-17,0,0,161,0.0,0.0,0.0,0.0,0.0
2019-02-17,0,0,162,10.14,10.14,0.0,227.548888,0.0
2019-02-17,0,0,163,60.23,60.23,0.0,999.355713,0.0
2019-02-17,0,0,164,0.0,0.0,0.0,0.0,0.0
2019-02-17,0,0,167,0.0,0.0,0.0,0.0,0.0
2019-02-17,0,0,168,0.0,0.0,0.0,0.0,0.0
2019-02-17,0,0,169,0.0,0.0,0.0,0.0,0.0
2019-02-17,0,0,170,0.0,0.0,0.0,0.0,0.0
2019-02-17,0,0,172,0.0,0.0,0.0,0.0,0.0
2019-02-17,0,0,173,0.0,0.0,0.0,0.0,0.0
2019-02-17,0,0,188,0.0,0.0,0.0,0.0,0.0
2019-02-17,0,0,190,0.0,0.0,0.0,0.0,0.0
2019-02-17,0,0,191,0.0,0.0,0.0,0.0,0.0
2019-02-17,0,0,192,35.06,35.06,0.0,796.133002,0.0
2019-02-17,0,0,194,62.49,62.49,0.0,-49.826214,0.0
2019-02-17,0,0,196,0.0,0.0,0.0,0.0,0.0
2019-02-17,0,0,198,0.0,0.0,0.0,0.0,0.0
2019-02-17,0,0,199,6.4,6.4,0.0,44.361575,0.0
2019-02-17,0,0,200,0.0,0.0,0.0,0.0,0.0
2019-02-17,0,0,204,353.67,353.67,0.0,2840.324889,0.0
2019-02-17,0,0,205,400.29,400.29,0.0,3265.105238,0.0
2019-02-17,0,0,206,315.55,315.55,0.0,1848.919257,0.0
2019-02-17,0,0,210,0.0,0.0,0.0,0.0,0.0
2019-02-17,0,0,214,0.0,0.0,0.0,0.0,0.0
2019-02-17,0,0,217,0.0,0.0,0.0,0.0,0.0
2019-02-17,0,0,218,0.0,0.0,0.0,0.0,0.0
2019-02-17,0,0,219,0.0,0.0,0.0,0.0,0.0
2019-02-17,0,0,221,0.0,0.0,0.0,0.0,0.0
2019-02-17,0,0,225,0.0,0.0,0.0,0.0,0.0
2019-02-17,0,0,233,0.0,0.0,0.0,0.0,0.0
2019-02-17,0,0,236,26.05,26.05,0.0,263.468459,0.0
2019-02-17,0,0,237,42.06,42.06,0.0,399.222968,0.0
2019-02-17,0,0,238,0.0,0.0,0.0,0.0,0.0
2019-02-17,0,0,240,0.0,0.0,0.0,0.0,0.0
2019-02-17,0,0,245,20.41,20.41,0.0,221.448509,0.0
2019-02-17,0,0,247,16.85,16.85,0.0,182.822507,0.0
2019-02-17,0,0,248,4.22,4.22,0.0,40.055181,0.0
2019-02-17,0,0,249,38.24,38.24,0.0,414.904017,0.0
2019-02-17,0,0,251,52.07,52.07,0.0,551.084102,0.0
2019-02-17,0,0,252,27.81,27.81,0.0,296.253254,0.0
2019-02-17,0,0,254,0.0,0.0,0.0,0.0,0.0
2019-02-17,0,0,255,0.0,0.0,0.0,0.0,0.0
2019-02-17,0,0,258,0.0,0.0,0.0,0.0,0.0
2019-02-17,0,0,260,0.0,0.0,0.0,0.0,0.0
2019-02-17,0,0,265,0.0,0.0,0.0,0.0,0.0
2019-02-17,0,0,266,13.96,13.96,0.0,102.406585,0.0
2019-02-17,0,0,267,17.15,17.15,0.0,125.807516,0.0
2019-02-17,0,0,270,188.09,188.09,0.0,3120.850342,0.0
2019-02-17,0,0,272,471.09,471.09,0.0,1071.635943,0.0
2019-02-17,0,0,273,0.0,0.0,0.0,0.0,0.0
2019-02-17,0,0,274,242.47,242.47,0.0,4023.140955,0.0
2019-02-17,0,0,275,337.52,337.52,0.0,5600.241412,0.0
2019-02-17,0,0,276,0.0,0.0,0.0,0.0,0.0
2019-02-17,0,0,277,0.0,0.0,0.0,0.0,0.0
2019-02-17,0,0,278,0.0,0.0,0.0,0.0,0.0
2019-02-17,0,0,279,264.6,264.6,0.0,719.972982,0.0
2019-02-17,0,0,281,8.27,8.27,0.0,48.684877,0.0
2019-02-17,0,0,282,0.0,0.0,0.0,0.0,0.0
2019-02-17,1,0,9,0.0,0.0,0.0,0.0,0.0
2019-02-17,1,0,17,0.0,0.0,0.0,0.0,0.0
2019-02-17,1,0,19,90.38,90.38,0.0,757.083428,0.0
2019-02-17,1,0,20,109.62,109.62,0.0,918.250557,0.0
2019-02-17,1,0,21,0.0,0.0,0.0,0.0,0.0
2019-02-17,1,0,22,0.0,0.0,0.0,0.0,0.0
2019-02-17,1,0,23,108.8,108.8,0.0,612.531184,0.0
2019-02-17,1,0,24,192.5,192.5,0.0,1083.752325,0.0
2019-02-17,1,0,29,0.0,0.0,0.0,0.0,0.0
2019-02-17,1,0,30,0.0,0.0,0.0,0.0,0.0
2019-02-17,1,0,31,41.1,41.1,0.0,230.765002,0.0
2019-02-17,1,0,32,0.0,0.0,0.0,0.0,0.0
2019-02-17,1,0,33,0.0,0.0,0.0,0.0,0.0
2019-02-17,1,0,34,0.0,0.0,0.0,0.0,0.0
2019-02-17,1,0,35,0.0,0.0,0.0,0.0,0.0
2019-02-17,1,0,36,0.0,0.0,0.0,0.0,0.0
2019-02-17,1,0,37,0.0,0.0,0.0,0.0,0.0
2019-02-17,1,0,38,0.0,0.0,0.0,0.0,0.0
2019-02-17,1,0,39,0.0,0.0,0.0,0.0,0.0
2019-02-17,1,0,40,0.0,0.0,0.0,0.0,0.0
2019-02-17,1,0,41,21.21,21.21,0.0,136.746388,0.0
2019-02-17,1,0,42,0.0,0.0,0.0,0.0,0.0
2019-02-17,1,0,43,0.0,0.0,0.0,0.0,0.0
2019-02-17,1,0,46,0.0,0.0,0.0,0.0,0.0
2019-02-17,1,0,52,43.76,43.76,0.0,245.700157,0.0
2019-02-17,1,0,53,71.53,71.53,0.0,401.620938,0.0
2019-02-17,1,0,55,493.98,493.98,0.0,2781.049212,0.0
2019-02-17,1,0,56,0.0,0.0,0.0,0.0,0.0
2019-02-17,1,0,57,0.0,0.0,0.0,0.0,0.0
2019-02-17,1,0,58,0.0,0.0,0.0,0.0,0.0
2019-02-17,1,0,59,0.0,0.0,0.0,0.0,0.0
2019-02-17,1,0,63,38.91,38.91,0.0,1331.464063,0.0
2019-02-17,1,0,64,45.77,45.77,0.0,1566.206892,0.0
2019-02-17,1,0,65,4.17,4.17,0.0,34.82976,0.0
2019-02-17,1,0,67,0.0,0.0,0.0,-0.0,0.0
2019-02-17,1,0,68,8.99,8.99,0.0,-468.839424,0.0
2019-02-17,1,0,69,0.0,0.0,0.0,0.0,0.0
2019-02-17,1,0,74,15.9,15.9,0.0,122.205436,0.0
2019-02-17,1,0,77,200.0,200.0,0.0,-6455.26354,0.0
2019-02-17,1,0,78,151.2,151.2,0.0,-4880.179236,0.0
2019-02-17,1,0,79,87.5,87.5,0.0,-2824.177799,0.0
2019-02-17,1,0,80,141.5,141.5,0.0,-4567.098955,0.0
2019-02-17,1,0,81,185.0,185.0,0.0,-5971.118775,0.0
2019-02-17,1,0,82,130.5,130.5,0.0,-4212.05946,0.0
2019-02-17,1,0,83,291.0,291.0,0.0,-9392.408451,0.0
2019-02-17,1,0,84,0.0,0.0,0.0,0.0,0.0
2019-02-17,1,0,86,0.0,0.0,0.0,0.0,0.0
2019-02-17,1,0,87,0.0,0.0,0.0,0.0,0.0
2019-02-17,1,0,88,170.6,170.6,0.0,-5506.3398,0.0
2019-02-17,1,0,89,164.0,164.0,0.0,-5293.316103,0.0
2019-02-17,1,0,90,220.2,220.2,0.0,-7107.245158,0.0
2019-02-17,1,0,91,785.5,785.5,0.0,-25353.047555,0.0
2019-02-17,1,0,92,282.5,282.5,0.0,-9118.059751,0.0
2019-02-17,1,0,95,18.24,18.24,0.0,409.118396,0.0
2019-02-17,1,0,96,18.3,18.3,0.0,102.459403,0.0
2019-02-17,1,0,97,112.56,112.56,0.0,630.209311,0.0
2019-02-17,1,0,99,3.07,3.07,0.0,23.595641,0.0
2019-02-17,1,0,101,0.0,0.0,0.0,0.0,0.0
2019-02-17,1,0,102,21.29,21.29,0.0,-1110.29937,0.0
2019-02-17,1,0,103,18.52,18.52,0.0,-965.840504,0.0
2019-02-17,1,0,104,3.44,3.44,0.0,-179.40018,0.0
2019-02-17,1,0,106,0.0,0.0,0.0,0.0,0.0
2019-02-17,1,0,109,73.0,73.0,0.0,505.112852,0.0
2019-02-17,1,0,110,129.61,129.61,0.0,-19266.901302,0.0
2019-02-17,1,0,111,0.0,0.0,0.0,0.0,0.0
2019-02-17,1,0,113,80.61,80.61,0.0,-2237.719854,0.0
2019-02-17,1,0,115,80.61,80.61,0.0,-2237.719854,0.0
2019-02-17,1,0,116,0.0,0.0,0.0,-0.0,0.0
2019-02-17,1,0,117,5.51,5.51,0.0,-152.95666,0.0
2019-02-17,1,0,119,45.77,45.77,0.0,1566.206892,0.0
2019-02-17,1,0,120,26.92,26.92,0.0,921.177399,0.0
2019-02-17,1,0,123,0.0,0.0,0.0,0.0,0.0
2019-02-17,1,0,125,174.2,174.2,0.0,980.72548,0.0
2019-02-17,1,0,126,0.0,0.0,0.0,0.0,0.0
2019-02-17,1,0,127,0.0,0.0,0.0,0.0,0.0
2019-02-17,1,0,128,249.5,249.5,0.0,1404.65561,0.0
2019-02-17,1,0,131,30.0,30.0,0.0,-1374.207,0.0
2019-02-17,1,0,132,44.1,44.1,0.0,-2020.084289,0.0
2019-02-17,1,0,133,13.33,13.33,0.0,111.691415,0.0
2019-02-17,1,0,134,0.0,0.0,0.0,0.0,0.0
2019-02-17,1,0,135,17.86,17.86,0.0,149.648062,0.0
2019-02-17,1,0,136,5.85,5.85,0.0,48.854118,0.0
2019-02-17,1,0,139,27.39,27.39,0.0,176.590456,0.0
2019-02-17,1,0,140,95.93,95.93,0.0,-14260.271907,0.0
2019-02-17,1,0,141,230.0,230.0,0.0,-17458.503803,0.0
2019-02-17,1,0,142,0.0,0.0,0.0,-0.0,0.0
2019-02-17,1,0,143,162.34,162.34,0.0,911.493682,0.0
2019-02-17,1,0,145,14.28,14.28,0.0,87.100815,0.0
2019-02-17,1,0,146,268.0,268.0,0.0,-39838.974994,0.0
2019-02-17,1,0,152,0.0,0.0,0.0,0.0,0.0
2019-02-17,1,0,153,0.0,0.0,0.0,0.0,0.0
2019-02-17,1,0,154,0.0,0.0,0.0,0.0,0.0
2019-02-17,1,0,157,250.0,250.0,0.0,-18976.634569,0.0
2019-02-17,1,0,158,0.0,0.0,0.0,-0.0,0.0
2019-02-17,1,0,159,0.0,0.0,0.0,0.0,0.0
2019-02-17,1,0,160,0.0,0.0,0.0,0.0,0.0
2019-02-17,1,0,161,0.0,0.0,0.0,-0.0,0.0
2019-02-17,1,0,162,9.77,9.77,0.0,220.398382,0.0
2019-02-17,1,0,163,88.67,88.67,0.0,-13181.051913,0.0
2019-02-17,1,0,164,0.0,0.0,0.0,0.0,0.0
2019-02-17,1,0,167,0.0,0.0,0.0,0.0,0.0
2019-02-17,1,0,168,0.0,0.0,0.0,0.0,0.0
2019-02-17,1,0,169,0.0,0.0,0.0,0.0,0.0
2019-02-17,1,0,170,0.0,0.0,0.0,0.0,0.0
2019-02-17,1,0,172,0.0,0.0,0.0,0.0,0.0
2019-02-17,1,0,173,0.0,0.0,0.0,0.0,0.0
2019-02-17,1,0,188,0.0,0.0,0.0,0.0,0.0
2019-02-17,1,0,190,0.0,0.0,0.0,0.0,0.0
2019-02-17,1,0,191,0.0,0.0,0.0,0.0,0.0
2019-02-17,1,0,192,27.62,27.62,0.0,945.130748,0.0
2019-02-17,1,0,194,57.45,57.45,0.0,-336.85425,0.0
2019-02-17,1,0,196,0.0,0.0,0.0,0.0,0.0
2019-02-17,1,0,198,0.0,0.0,0.0,0.0,0.0
2019-02-17,1,0,199,15.24,15.24,0.0,61.681041,0.0
2019-02-17,1,0,200,0.0,0.0,0.0,0.0,0.0
2019-02-17,1,0,204,306.48,306.48,0.0,2098.49105,0.0
2019-02-17,1,0,205,386.15,386.15,0.0,2671.908598,0.0
2019-02-17,1,0,206,330.75,330.75,0.0,1851.827733,0.0
2019-02-17,1,0,210,0.0,0.0,0.0,0.0,0.0
2019-02-17,1,0,214,0.0,0.0,0.0,0.0,0.0
2019-02-17,1,0,217,0.0,0.0,0.0,0.0,0.0
2019-02-17,1,0,218,0.0,0.0,0.0,0.0,0.0
2019-02-17,1,0,219,0.0,0.0,0.0,0.0,0.0
2019-02-17,1,0,221,0.0,0.0,0.0,0.0,0.0
2019-02-17,1,0,225,0.0,0.0,0.0,0.0,0.0
2019-02-17,1,0,233,0.0,0.0,0.0,0.0,0.0
2019-02-17,1,0,236,22.63,22.63,0.0,182.016282,0.0
2019-02-17,1,0,237,38.14,38.14,0.0,293.13933,0.0
2019-02-17,1,0,238,0.0,0.0,0.0,0.0,0.0
2019-02-17,1,0,240,0.0,0.0,0.0,0.0,0.0
2019-02-17,1,0,245,9.06,9.06,0.0,76.699201,0.0
2019-02-17,1,0,247,15.85,15.85,0.0,134.181272,0.0
2019-02-17,1,0,248,3.83,3.83,0.0,29.436907,0.0
2019-02-17,1,0,249,17.42,17.42,0.0,147.472414,0.0
2019-02-17,1,0,251,48.22,48.22,0.0,400.838992,0.0
2019-02-17,1,0,252,26.89,26.89,0.0,224.59766,0.0
2019-02-17,1,0,254,0.0,0.0,0.0,0.0,0.0
2019-02-17,1,0,255,0.0,0.0,0.0,0.0,0.0
2019-02-17,1,0,258,0.0,0.0,0.0,0.0,0.0
2019-02-17,1,0,260,0.0,0.0,0.0,0.0,0.0
2019-02-17,1,0,265,0.0,0.0,0.0,0.0,0.0
2019-02-17,1,0,266,17.74,17.74,0.0,114.374395,0.0
2019-02-17,1,0,267,21.8,21.8,0.0,140.550271,0.0
2019-02-17,1,0,270,276.93,276.93,0.0,-41166.445317,0.0
2019-02-17,1,0,272,268.86,268.86,0.0,-7463.507753,0.0
2019-02-17,1,0,273,0.0,0.0,0.0,-0.0,0.0
2019-02-17,1,0,274,356.99,356.99,0.0,-53067.595832,0.0
2019-02-17,1,0,275,496.94,496.94,0.0,-73871.568035,0.0
2019-02-17,1,0,276,0.0,0.0,0.0,-0.0,0.0
2019-02-17,1,0,277,0.0,0.0,0.0,-0.0,0.0
2019-02-17,1,0,278,0.0,0.0,0.0,-0.0,0.0
2019-02-17,1,0,279,248.47,248.47,0.0,-7347.397662,0.0
2019-02-17,1,0,281,16.97,16.97,0.0,95.281802,0.0
2019-02-17,1,0,282,0.0,0.0,0.0,0.0,0.0
2019-02-17,2,0,9,0.0,0.0,0.0,0.0,0.0
2019-02-17,2,0,17,0.0,0.0,0.0,0.0,0.0
2019-02-17,2,0,19,74.81,74.81,0.0,748.027434,0.0
2019-02-17,2,0,20,90.73,90.73,0.0,907.211992,0.0
2019-02-17,2,0,21,0.0,0.0,0.0,0.0,0.0
2019-02-17,2,0,22,0.0,0.0,0.0,0.0,0.0
2019-02-17,2,0,23,108.8,108.8,0.0,670.631516,0.0
2019-02-17,2,0,24,192.5,192.5,0.0,1186.549327,0.0
2019-02-17,2,0,29,0.0,0.0,0.0,0.0,0.0
2019-02-17,2,0,30,0.0,0.0,0.0,0.0,0.0
2019-02-17,2,0,31,16.91,16.91,0.0,103.873767,0.0
2019-02-17,2,0,32,0.0,0.0,0.0,0.0,0.0
2019-02-17,2,0,33,0.0,0.0,0.0,0.0,0.0
2019-02-17,2,0,34,0.0,0.0,0.0,0.0,0.0
2019-02-17,2,0,35,0.0,0.0,0.0,0.0,0.0
2019-02-17,2,0,36,0.0,0.0,0.0,0.0,0.0
2019-02-17,2,0,37,0.0,0.0,0.0,0.0,0.0
2019-02-17,2,0,38,0.0,0.0,0.0,0.0,0.0
2019-02-17,2,0,39,0.0,0.0,0.0,0.0,0.0
2019-02-17,2,0,40,0.0,0.0,0.0,0.0,0.0
2019-02-17,2,0,41,13.68,13.68,0.0,99.923967,0.0
2019-02-17,2,0,42,0.0,0.0,0.0,0.0,0.0
2019-02-17,2,0,43,0.0,0.0,0.0,0.0,0.0
2019-02-17,2,0,46,0.0,0.0,0.0,0.0,0.0
2019-02-17,2,0,52,17.92,17.92,0.0,110.077936,0.0
2019-02-17,2,0,53,28.47,28.47,0.0,174.883864,0.0
2019-02-17,2,0,55,483.87,483.87,0.0,2982.522715,0.0
2019-02-17,2,0,56,0.0,0.0,0.0,0.0,0.0
2019-02-17,2,0,57,0.0,0.0,0.0,0.0,0.0
2019-02-17,2,0,58,0.0,0.0,0.0,0.0,0.0
2019-02-17,2,0,59,0.0,0.0,0.0,0.0,0.0
2019-02-17,2,0,63,4.15,4.15,0.0,81.512861,0.0
2019-02-17,2,0,64,4.88,4.88,0.0,95.851268,0.0
2019-02-17,2,0,65,4.44,4.44,0.0,44.245436,0.0
2019-02-17,2,0,67,0.0,0.0,0.0,0.0,0.0
2019-02-17,2,0,68,5.64,5.64,0.0,33.246936,0.0
2019-02-17,2,0,69,0.0,0.0,0.0,0.0,0.0
2019-02-17,2,0,74,13.32,13.32,0.0,120.326644,0.0
2019-02-17,2,0,77,200.0,200.0,0.0,827.823969,0.0
2019-02-17,2,0,78,151.2,151.2,0.0,625.83492,0.0
2019-02-17,2,0,79,87.5,87.5,0.0,362.172986,0.0
2019-02-17,2,0,80,141.5,141.5,0.0,585.685458,0.0
2019-02-17,2,0,81,185.0,185.0,0.0,765.737171,0.0
2019-02-17,2,0,82,130.5,130.5,0.0,540.15514,0.0
2019-02-17,2,0,83,291.0,291.0,0.0,1204.483874,0.0
2019-02-17,2,0,84,0.0,0.0,0.0,0.0,0.0
2019-02-17,2,0,86,0.0,0.0,0.0,0.0,0.0
2019-02-17,2,0,87,0.0,0.0,0.0,0.0,0.0
2019-02-17,2,0,88,149.22,149.22,0.0,617.639463,0.0
2019-02-17,2,0,89,143.45,143.45,0.0,593.756741,0.0
2019-02-17,2,0,90,192.6,192.6,0.0,797.194482,0.0
2019-02-17,2,0,91,687.06,687.06,0.0,2843.823679,0.0
2019-02-17,2,0,92,247.1,247.1,0.0,1022.776513,0.0
2019-02-17,2,0,95,2.23,2.23,0.0,43.364089,0.0
2019-02-17,2,0,96,15.87,15.87,0.0,97.134517,0.0
2019-02-17,2,0,97,97.57,97.57,0.0,597.1906,0.0
2019-02-17,2,0,99,2.57,2.57,0.0,23.216177,0.0
2019-02-17,2,0,101,0.0,0.0,0.0,0.0,0.0
2019-02-17,2,0,102,13.36,13.36,0.0,78.755153,0.0
2019-02-17,2,0,103,11.62,11.62,0.0,68.498119,0.0
2019-02-17,2,0,104,2.16,2.16,0.0,12.732869,0.0
2019-02-17,2,0,106,0.0,0.0,0.0,0.0,0.0
2019-02-17,2,0,109,64.13,64.13,0.0,510.633144,0.0
2019-02-17,2,0,110,54.67,54.67,0.0,826.867578,0.0
2019-02-17,2,0,111,0.0,0.0,0.0,0.0,0.0
2019-02-17,2,0,113,59.9,59.9,0.0,193.493815,0.0
2019-02-17,2,0,115,59.9,59.9,0.0,193.493815,0.0
2019-02-17,2,0,116,0.0,0.0,0.0,0.0,0.0
2019-02-17,2,0,117,3.2,3.2,0.0,10.336898,0.0
2019-02-17,2,0,119,4.88,4.88,0.0,95.851268,0.0
2019-02-17,2,0,120,2.87,2.87,0.0,56.371545,0.0
2019-02-17,2,0,123,0.0,0.0,0.0,0.0,0.0
2019-02-17,2,0,125,174.2,174.2,0.0,1073.750092,0.0
2019-02-17,2,0,126,0.0,0.0,0.0,0.0,0.0
2019-02-17,2,0,127,0.0,0.0,0.0,0.0,0.0
2019-02-17,2,0,128,249.5,249.5,0.0,1537.891205,0.0
2019-02-17,2,0,131,24.58,24.58,0.0,129.980213,0.0
2019-02-17,2,0,132,36.13,36.13,0.0,191.057165,0.0
2019-02-17,2,0,133,9.59,9.59,0.0,95.921274,0.0
2019-02-17,2,0,134,0.0,0.0,0.0,0.0,0.0
2019-02-17,2,0,135,12.84,12.84,0.0,128.428484,0.0
2019-02-17,2,0,136,7.0,7.0,0.0,69.743313,0.0
2019-02-17,2,0,139,17.66,17.66,0.0,128.995414,0.0
2019-02-17,2,0,140,40.46,40.46,0.0,611.945532,0.0
2019-02-17,2,0,141,139.05,139.05,0.0,1135.609317,0.0
2019-02-17,2,0,142,0.0,0.0,0.0,0.0,0.0
2019-02-17,2,0,143,80.48,80.48,0.0,494.367874,0.0
2019-02-17,2,0,145,11.18,11.18,0.0,76.235551,0.0
2019-02-17,2,0,146,204.2,204.2,0.0,3088.464596,0.0
2019-02-17,2,0,152,0.0,0.0,0.0,0.0,0.0
2019-02-17,2,0,153,0.0,0.0,0.0,0.0,0.0
2019-02-17,2,0,154,0.0,0.0,0.0,0.0,0.0
2019-02-17,2,0,157,250.0,250.0,0.0,2041.728366,0.0
2019-02-17,2,0,158,0.0,0.0,0.0,0.0,0.0
2019-02-17,2,0,159,0.0,0.0,0.0,0.0,0.0
2019-02-17,2,0,160,0.0,0.0,0.0,0.0,0.0
2019-02-17,2,0,161,0.0,0.0,0.0,0.0,0.0
2019-02-17,2,0,162,1.55,1.55,0.0,30.154244,0.0
2019-02-17,2,0,163,24.35,24.35,0.0,368.286547,0.0
2019-02-17,2,0,164,0.0,0.0,0.0,0.0,0.0
2019-02-17,2,0,167,0.0,0.0,0.0,0.0,0.0
2019-02-17,2,0,168,0.0,0.0,0.0,0.0,0.0
2019-02-17,2,0,169,0.0,0.0,0.0,0.0,0.0
2019-02-17,2,0,170,0.0,0.0,0.0,0.0,0.0
2019-02-17,2,0,172,0.0,0.0,0.0,0.0,0.0
2019-02-17,2,0,173,0.0,0.0,0.0,0.0,0.0
2019-02-17,2,0,188,0.0,0.0,0.0,0.0,0.0
2019-02-17,2,0,190,0.0,0.0,0.0,0.0,0.0
2019-02-17,2,0,191,0.0,0.0,0.0,0.0,0.0
2019-02-17,2,0,192,27.35,27.35,0.0,537.199217,0.0
2019-02-17,2,0,194,38.83,38.83,0.0,26.83516,0.0
2019-02-17,2,0,196,0.0,0.0,0.0,0.0,0.0
2019-02-17,2,0,198,0.0,0.0,0.0,0.0,0.0
2019-02-17,2,0,199,2.89,2.89,0.0,20.074577,0.0
2019-02-17,2,0,200,0.0,0.0,0.0,0.0,0.0
2019-02-17,2,0,204,264.78,264.78,0.0,2081.57292,0.0
2019-02-17,2,0,205,314.82,314.82,0.0,2506.744526,0.0
2019-02-17,2,0,206,286.72,286.72,0.0,1754.909181,0.0
2019-02-17,2,0,210,0.0,0.0,0.0,0.0,0.0
2019-02-17,2,0,214,0.0,0.0,0.0,0.0,0.0
2019-02-17,2,0,217,0.0,0.0,0.0,0.0,0.0
2019-02-17,2,0,218,0.0,0.0,0.0,0.0,0.0
2019-02-17,2,0,219,0.0,0.0,0.0,0.0,0.0
2019-02-17,2,0,221,0.0,0.0,0.0,0.0,0.0
2019-02-17,2,0,225,0.0,0.0,0.0,0.0,0.0
2019-02-17,2,0,233,0.0,0.0,0.0,0.0,0.0
2019-02-17,2,0,236,19.69,19.69,0.0,187.700419,0.0
2019-02-17,2,0,237,31.95,31.95,0.0,288.621343,0.0
2019-02-17,2,0,238,0.0,0.0,0.0,0.0,0.0
2019-02-17,2,0,240,0.0,0.0,0.0,0.0,0.0
2019-02-17,2,0,245,6.38,6.38,0.0,64.587776,0.0
2019-02-17,2,0,247,13.0,13.0,0.0,131.605187,0.0
2019-02-17,2,0,248,3.21,3.21,0.0,28.997637,0.0
2019-02-17,2,0,249,12.27,12.27,0.0,124.215049,0.0
2019-02-17,2,0,251,41.32,41.32,0.0,409.465739,0.0
2019-02-17,2,0,252,28.61,28.61,0.0,285.104037,0.0
2019-02-17,2,0,254,0.0,0.0,0.0,0.0,0.0
2019-02-17,2,0,255,0.0,0.0,0.0,0.0,0.0
2019-02-17,2,0,258,0.0,0.0,0.0,0.0,0.0
2019-02-17,2,0,260,0.0,0.0,0.0,0.0,0.0
2019-02-17,2,0,265,0.0,0.0,0.0,0.0,0.0
2019-02-17,2,0,266,11.44,11.44,0.0,83.562148,0.0
2019-02-17,2,0,267,14.06,14.06,0.0,102.699633,0.0
2019-02-17,2,0,270,76.06,76.06,0.0,1150.385001,0.0
2019-02-17,2,0,272,258.41,258.41,0.0,834.736842,0.0
2019-02-17,2,0,273,0.0,0.0,0.0,0.0,0.0
2019-02-17,2,0,274,98.05,98.05,0.0,1482.977246,0.0
2019-02-17,2,0,275,136.49,136.49,0.0,2064.370875,0.0
2019-02-17,2,0,276,0.0,0.0,0.0,0.0,0.0
2019-02-17,2,0,277,0.0,0.0,0.0,0.0,0.0
2019-02-17,2,0,278,0.0,0.0,0.0,0.0,0.0
2019-02-17,2,0,279,159.85,159.85,0.0,574.604642,0.0
2019-02-17,2,0,281,7.59,7.59,0.0,46.623412,0.0
2019-02-17,2,0,282,0.0,0.0,0.0,0.0,0.0
2019-02-17,3,0,9,0.0,0.0,0.0,0.0,0.0
2019-02-17,3,0,17,0.0,0.0,0.0,0.0,0.0
2019-02-17,3,0,19,65.25,65.25,0.0,624.940055,0.0
2019-02-17,3,0,20,79.13,79.13,0.0,757.877495,0.0
2019-02-17,3,0,21,0.0,0.0,0.0,0.0,0.0
2019-02-17,3,0,22,0.0,0.0,0.0,0.0,0.0
2019-02-17,3,0,23,79.75,79.75,0.0,564.11158,0.0
2019-02-17,3,0,24,141.1,141.1,0.0,998.070771,0.0
2019-02-17,3,0,29,0.0,0.0,0.0,0.0,0.0
2019-02-17,3,0,30,0.0,0.0,0.0,0.0,0.0
2019-02-17,3,0,31,15.63,15.63,0.0,110.335892,0.0
2019-02-17,3,0,32,0.0,0.0,0.0,0.0,0.0
2019-02-17,3,0,33,0.0,0.0,0.0,0.0,0.0
2019-02-17,3,0,34,0.0,0.0,0.0,0.0,0.0
2019-02-17,3,0,35,0.0,0.0,0.0,0.0,0.0
2019-02-17,3,0,36,0.0,0.0,0.0,0.0,0.0
2019-02-17,3,0,37,0.0,0.0,0.0,0.0,0.0
2019-02-17,3,0,38,0.0,0.0,0.0,0.0,0.0
2019-02-17,3,0,39,0.0,0.0,0.0,0.0,0.0
2019-02-17,3,0,40,0.0,0.0,0.0,0.0,0.0
2019-02-17,3,0,41,8.28,8.28,0.0,64.88331,0.0
2019-02-17,3,0,42,0.0,0.0,0.0,0.0,0.0
2019-02-17,3,0,43,0.0,0.0,0.0,0.0,0.0
2019-02-17,3,0,46,0.0,0.0,0.0,0.0,0.0
2019-02-17,3,0,52,16.57,16.57,0.0,116.971576,0.0
2019-02-17,3,0,53,26.33,26.33,0.0,185.86974,0.0
2019-02-17,3,0,55,391.73,391.73,0.0,2770.901935,0.0
2019-02-17,3,0,56,0.0,0.0,0.0,0.0,0.0
2019-02-17,3,0,57,0.0,0.0,0.0,0.0,0.0
2019-02-17,3,0,58,0.0,0.0,0.0,0.0,0.0
2019-02-17,3,0,59,0.0,0.0,0.0,0.0,0.0
2019-02-17,3,0,63,0.0,0.0,0.0,0.0,0.0
2019-02-17,3,0,64,0.0,0.0,0.0,0.0,0.0
2019-02-17,3,0,65,4.69,4.69,0.0,44.819875,0.0
2019-02-17,3,0,67,0.0,0.0,0.0,0.0,0.0
2019-02-17,3,0,68,3.95,3.95,0.0,27.700328,0.0
2019-02-17,3,0,69,0.0,0.0,0.0,0.0,0.0
2019-02-17,3,0,74,11.02,11.02,0.0,98.859523,0.0
2019-02-17,3,0,77,138.73,138.73,0.0,791.713131,0.0
2019-02-17,3,0,78,104.88,104.88,0.0,598.535812,0.0
2019-02-17,3,0,79,60.7,60.7,0.0,346.406596,0.0
2019-02-17,3,0,80,98.15,98.15,0.0,560.128623,0.0
2019-02-17,3,0,81,128.33,128.33,0.0,732.361754,0.0
2019-02-17,3,0,82,90.52,90.52,0.0,516.585257,0.0
2019-02-17,3,0,83,201.86,201.86,0.0,1151.987405,0.0
2019-02-17,3,0,84,0.0,0.0,0.0,0.0,0.0
2019-02-17,3,0,86,0.0,0.0,0.0,0.0,0.0
2019-02-17,3,0,87,0.0,0.0,0.0,0.0,0.0
2019-02-17,3,0,88,101.14,101.14,0.0,577.192144,0.0
2019-02-17,3,0,89,97.23,97.23,0.0,554.878309,0.0
2019-02-17,3,0,90,130.55,130.55,0.0,745.03099,0.0
2019-02-17,3,0,91,465.69,465.69,0.0,2657.629122,0.0
2019-02-17,3,0,92,167.48,167.48,0.0,955.785448,0.0
2019-02-17,3,0,95,0.82,0.82,0.0,13.964221,0.0
2019-02-17,3,0,96,14.24,14.24,0.0,100.311311,0.0
2019-02-17,3,0,97,87.57,87.57,0.0,616.872299,0.0
2019-02-17,3,0,99,2.13,2.13,0.0,19.108057,0.0
2019-02-17,3,0,101,0.0,0.0,0.0,0.0,0.0
2019-02-17,3,0,102,9.34,9.34,0.0,65.499003,0.0
2019-02-17,3,0,103,8.12,8.12,0.0,56.943459,0.0
2019-02-17,3,0,104,1.51,1.51,0.0,10.589239,0.0
2019-02-17,3,0,106,0.0,0.0,0.0,0.0,0.0
2019-02-17,3,0,109,64.37,64.37,0.0,533.706289,0.0
2019-02-17,3,0,110,58.7,58.7,0.0,811.945507,0.0
2019-02-17,3,0,111,0.0,0.0,0.0,0.0,0.0
2019-02-17,3,0,113,37.21,37.21,0.0,188.426919,0.0
2019-02-17,3,0,115,37.21,37.21,0.0,188.426919,0.0
2019-02-17,3,0,116,0.0,0.0,0.0,0.0,0.0
2019-02-17,3,0,117,1.91,1.91,0.0,9.672008,0.0
2019-02-17,3,0,119,0.0,0.0,0.0,0.0,0.0
2019-02-17,3,0,120,0.0,0.0,0.0,0.0,0.0
2019-02-17,3,0,123,0.0,0.0,0.0,0.0,0.0
2019-02-17,3,0,125,127.69,127.69,0.0,903.215143,0.0
2019-02-17,3,0,126,0.0,0.0,0.0,0.0,0.0
2019-02-17,3,0,127,0.0,0.0,0.0,0.0,0.0
2019-02-17,3,0,128,182.88,182.88,0.0,1293.601577,0.0
2019-02-17,3,0,131,16.97,16.97,0.0,111.398111,0.0
2019-02-17,3,0,132,24.95,24.95,0.0,163.782138,0.0
2019-02-17,3,0,133,3.87,3.87,0.0,37.073121,0.0
2019-02-17,3,0,134,0.0,0.0,0.0,0.0,0.0
2019-02-17,3,0,135,5.18,5.18,0.0,49.622421,0.0
2019-02-17,3,0,136,8.28,8.28,0.0,79.118013,0.0
2019-02-17,3,0,139,10.69,10.69,0.0,83.768428,0.0
2019-02-17,3,0,140,43.45,43.45,0.0,601.005661,0.0
2019-02-17,3,0,141,82.84,82.84,0.0,719.99831,0.0
2019-02-17,3,0,142,0.0,0.0,0.0,0.0,0.0
2019-02-17,3,0,143,36.83,36.83,0.0,259.99174,0.0
2019-02-17,3,0,145,8.58,8.58,0.0,64.495036,0.0
2019-02-17,3,0,146,73.81,73.81,0.0,1020.948857,0.0
2019-02-17,3,0,152,0.0,0.0,0.0,0.0,0.0
2019-02-17,3,0,153,0.0,0.0,0.0,0.0,0.0
2019-02-17,3,0,154,0.0,0.0,0.0,0.0,0.0
2019-02-17,3,0,157,202.97,202.97,0.0,1764.100157,0.0
2019-02-17,3,0,158,0.0,0.0,0.0,0.0,0.0
2019-02-17,3,0,159,0.0,0.0,0.0,0.0,0.0
2019-02-17,3,0,160,0.0,0.0,0.0,0.0,0.0
2019-02-17,3,0,161,0.0,0.0,0.0,0.0,0.0
2019-02-17,3,0,162,0.0,0.0,0.0,0.0,0.0
2019-02-17,3,0,163,18.86,18.86,0.0,260.873803,0.0
2019-02-17,3,0,164,0.0,0.0,0.0,0.0,0.0
2019-02-17,3,0,167,0.0,0.0,0.0,0.0,0.0
2019-02-17,3,0,168,0.0,0.0,0.0,0.0,0.0
2019-02-17,3,0,169,0.0,0.0,0.0,0.0,0.0
2019-02-17,3,0,170,0.0,0.0,0.0,0.0,0.0
2019-02-17,3,0,172,0.0,0.0,0.0,0.0,0.0
2019-02-17,3,0,173,0.0,0.0,0.0,0.0,0.0
2019-02-17,3,0,188,0.0,0.0,0.0,0.0,0.0
2019-02-17,3,0,190,0.0,0.0,0.0,0.0,0.0
2019-02-17,3,0,191,0.0,0.0,0.0,0.0,0.0
2019-02-17,3,0,192,35.82,35.82,0.0,614.912711,0.0
2019-02-17,3,0,194,26.43,26.43,0.0,84.957109,0.0
2019-02-17,3,0,196,0.0,0.0,0.0,0.0,0.0
2019-02-17,3,0,198,0.0,0.0,0.0,0.0,0.0
2019-02-17,3,0,199,1.48,1.48,0.0,11.733852,0.0
2019-02-17,3,0,200,0.0,0.0,0.0,0.0,0.0
2019-02-17,3,0,204,250.19,250.19,0.0,2058.070636,0.0
2019-02-17,3,0,205,340.53,340.53,0.0,2823.41157,0.0
2019-02-17,3,0,206,257.31,257.31,0.0,1812.577494,0.0
2019-02-17,3,0,210,0.0,0.0,0.0,0.0,0.0
2019-02-17,3,0,214,0.0,0.0,0.0,0.0,0.0
2019-02-17,3,0,217,0.0,0.0,0.0,0.0,0.0
2019-02-17,3,0,218,0.0,0.0,0.0,0.0,0.0
2019-02-17,3,0,219,0.0,0.0,0.0,0.0,0.0
2019-02-17,3,0,221,0.0,0.0,0.0,0.0,0.0
2019-02-17,3,0,225,0.0,0.0,0.0,0.0,0.0
2019-02-17,3,0,233,0.0,0.0,0.0,0.0,0.0
2019-02-17,3,0,236,17.95,17.95,0.0,166.697406,0.0
2019-02-17,3,0,237,26.44,26.44,0.0,237.191089,0.0
2019-02-17,3,0,238,0.0,0.0,0.0,0.0,0.0
2019-02-17,3,0,240,0.0,0.0,0.0,0.0,0.0
2019-02-17,3,0,245,4.3,4.3,0.0,41.518202,0.0
2019-02-17,3,0,247,10.69,10.69,0.0,103.216181,0.0
2019-02-17,3,0,248,2.65,2.65,0.0,23.772934,0.0
2019-02-17,3,0,249,8.26,8.26,0.0,79.753569,0.0
2019-02-17,3,0,251,35.55,35.55,0.0,338.498345,0.0
2019-02-17,3,0,252,30.27,30.27,0.0,289.274545,0.0
2019-02-17,3,0,254,0.0,0.0,0.0,0.0,0.0
2019-02-17,3,0,255,0.0,0.0,0.0,0.0,0.0
2019-02-17,3,0,258,0.0,0.0,0.0,0.0,0.0
2019-02-17,3,0,260,0.0,0.0,0.0,0.0,0.0
2019-02-17,3,0,265,0.0,0.0,0.0,0.0,0.0
2019-02-17,3,0,266,6.93,6.93,0.0,54.30451,0.0
2019-02-17,3,0,267,8.51,8.51,0.0,66.685625,0.0
2019-02-17,3,0,270,58.91,58.91,0.0,814.850253,0.0
2019-02-17,3,0,272,152.02,152.02,0.0,769.810812,0.0
2019-02-17,3,0,273,0.0,0.0,0.0,0.0,0.0
2019-02-17,3,0,274,75.94,75.94,0.0,1050.411274,0.0
2019-02-17,3,0,275,105.71,105.71,0.0,1462.193519,0.0
2019-02-17,3,0,276,0.0,0.0,0.0,0.0,0.0
2019-02-17,3,0,277,0.0,0.0,0.0,0.0,0.0
2019-02-17,3,0,278,0.0,0.0,0.0,0.0,0.0
2019-02-17,3,0,279,113.6,113.6,0.0,604.540741,0.0
2019-02-17,3,0,281,7.02,7.02,0.0,49.555852,0.0
2019-02-17,3,0,282,0.0,0.0,0.0,0.0,0.0
2019-02-17,4,0,9,0.0,0.0,0.0,0.0,0.0
2019-02-17,4,0,17,0.0,0.0,0.0,0.0,0.0
2019-02-17,4,0,19,60.73,60.73,0.0,621.733671,0.0
2019-02-17,4,0,20,73.66,73.66,0.0,754.106738,0.0
2019-02-17,4,0,21,0.0,0.0,0.0,0.0,0.0
2019-02-17,4,0,22,0.0,0.0,0.0,0.0,0.0
2019-02-17,4,0,23,45.98,45.98,0.0,342.346154,0.0
2019-02-17,4,0,24,75.98,75.98,0.0,565.712501,0.0
2019-02-17,4,0,29,0.0,0.0,0.0,0.0,0.0
2019-02-17,4,0,30,0.0,0.0,0.0,0.0,0.0
2019-02-17,4,0,31,14.42,14.42,0.0,107.137467,0.0
2019-02-17,4,0,32,0.0,0.0,0.0,0.0,0.0
2019-02-17,4,0,33,0.0,0.0,0.0,0.0,0.0
2019-02-17,4,0,34,0.0,0.0,0.0,0.0,0.0
2019-02-17,4,0,35,0.0,0.0,0.0,0.0,0.0
2019-02-17,4,0,36,0.0,0.0,0.0,0.0,0.0
2019-02-17,4,0,37,0.0,0.0,0.0,0.0,0.0
2019-02-17,4,0,38,0.0,0.0,0.0,0.0,0.0
2019-02-17,4,0,39,0.0,0.0,0.0,0.0,0.0
2019-02-17,4,0,40,0.0,0.0,0.0,0.0,0.0
2019-02-17,4,0,41,4.53,4.53,0.0,37.555308,0.0
2019-02-17,4,0,42,0.0,0.0,0.0,0.0,0.0
2019-02-17,4,0,43,0.0,0.0,0.0,0.0,0.0
2019-02-17,4,0,46,0.0,0.0,0.0,0.0,0.0
2019-02-17,4,0,52,15.29,15.29,0.0,113.601378,0.0
2019-02-17,4,0,53,24.28,24.28,0.0,180.395125,0.0
2019-02-17,4,0,55,314.06,314.06,0.0,2338.347829,0.0
2019-02-17,4,0,56,0.0,0.0,0.0,0.0,0.0
2019-02-17,4,0,57,0.0,0.0,0.0,0.0,0.0
2019-02-17,4,0,58,0.0,0.0,0.0,0.0,0.0
2019-02-17,4,0,59,0.0,0.0,0.0,0.0,0.0
2019-02-17,4,0,63,7.88,7.88,0.0,136.220153,0.0
2019-02-17,4,0,64,9.28,9.28,0.0,160.421703,0.0
2019-02-17,4,0,65,4.98,4.98,0.0,50.864702,0.0
2019-02-17,4,0,67,0.0,0.0,0.0,0.0,0.0
2019-02-17,4,0,68,3.47,3.47,0.0,18.135157,0.0
2019-02-17,4,0,69,0.0,0.0,0.0,0.0,0.0
2019-02-17,4,0,74,9.02,9.02,0.0,86.175847,0.0
2019-02-17,4,0,77,92.39,92.39,0.0,548.380784,0.0
2019-02-17,4,0,78,69.85,69.85,0.0,414.594629,0.0
2019-02-17,4,0,79,40.42,40.42,0.0,239.912883,0.0
2019-02-17,4,0,80,65.37,65.37,0.0,388.003592,0.0
2019-02-17,4,0,81,85.47,85.47,0.0,507.307129,0.0
2019-02-17,4,0,82,60.29,60.29,0.0,357.851255,0.0
2019-02-17,4,0,83,134.43,134.43,0.0,797.909177,0.0
2019-02-17,4,0,84,0.0,0.0,0.0,0.0,0.0
2019-02-17,4,0,86,0.0,0.0,0.0,0.0,0.0
2019-02-17,4,0,87,0.0,0.0,0.0,0.0,0.0
2019-02-17,4,0,88,73.12,73.12,0.0,434.003712,0.0
2019-02-17,4,0,89,70.29,70.29,0.0,417.206249,0.0
2019-02-17,4,0,90,94.38,94.38,0.0,560.192428,0.0
2019-02-17,4,0,91,336.66,336.66,0.0,1998.245209,0.0
2019-02-17,4,0,92,121.08,121.08,0.0,718.670261,0.0
2019-02-17,4,0,95,3.49,3.49,0.0,56.984777,0.0
2019-02-17,4,0,96,13.41,13.41,0.0,99.412483,0.0
2019-02-17,4,0,97,82.44,82.44,0.0,611.153254,0.0
2019-02-17,4,0,99,1.74,1.74,0.0,16.623722,0.0
2019-02-17,4,0,101,0.0,0.0,0.0,0.0,0.0
2019-02-17,4,0,102,8.21,8.21,0.0,42.907676,0.0
2019-02-17,4,0,103,7.14,7.14,0.0,37.315567,0.0
2019-02-17,4,0,104,1.33,1.33,0.0,6.950939,0.0
2019-02-17,4,0,106,0.0,0.0,0.0,0.0,0.0
2019-02-17,4,0,109,69.21,69.21,0.0,608.351145,0.0
2019-02-17,4,0,110,145.09,145.09,0.0,327.925555,0.0
2019-02-17,4,0,111,0.0,0.0,0.0,0.0,0.0
2019-02-17,4,0,113,18.44,18.44,0.0,106.054545,0.0
2019-02-17,4,0,115,18.44,18.44,0.0,106.054545,0.0
2019-02-17,4,0,116,0.0,0.0,0.0,0.0,0.0
2019-02-17,4,0,117,1.23,1.23,0.0,7.074137,0.0
2019-02-17,4,0,119,9.28,9.28,0.0,160.421703,0.0
2019-02-17,4,0,120,5.45,5.45,0.0,94.213177,0.0
2019-02-17,4,0,123,0.0,0.0,0.0,0.0,0.0
2019-02-17,4,0,125,69.72,69.72,0.0,519.10339,0.0
2019-02-17,4,0,126,0.0,0.0,0.0,0.0,0.0
2019-02-17,4,0,127,0.0,0.0,0.0,0.0,0.0
2019-02-17,4,0,128,94.68,94.68,0.0,704.94419,0.0
2019-02-17,4,0,131,12.36,12.36,0.0,67.006916,0.0
2019-02-17,4,0,132,18.17,18.17,0.0,98.504504,0.0
2019-02-17,4,0,133,3.95,3.95,0.0,40.447679,0.0
2019-02-17,4,0,134,0.0,0.0,0.0,0.0,0.0
2019-02-17,4,0,135,5.46,5.46,0.0,55.909957,0.0
2019-02-17,4,0,136,9.73,9.73,0.0,99.367479,0.0
2019-02-17,4,0,139,5.85,5.85,0.0,48.498576,0.0
2019-02-17,4,0,140,107.38,107.38,0.0,242.695196,0.0
2019-02-17,4,0,141,58.62,58.62,0.0,263.562322,0.0
2019-02-17,4,0,142,0.0,0.0,0.0,0.0,0.0
2019-02-17,4,0,143,31.63,31.63,0.0,235.004028,0.0
2019-02-17,4,0,145,6.47,6.47,0.0,51.340058,0.0
2019-02-17,4,0,146,45.24,45.24,0.0,102.249308,0.0
2019-02-17,4,0,152,0.0,0.0,0.0,0.0,0.0
2019-02-17,4,0,153,0.0,0.0,0.0,0.0,0.0
2019-02-17,4,0,154,0.0,0.0,0.0,0.0,0.0
2019-02-17,4,0,157,135.19,135.19,0.0,607.829927,0.0
2019-02-17,4,0,158,0.0,0.0,0.0,0.0,0.0
2019-02-17,4,0,159,0.0,0.0,0.0,0.0,0.0
2019-02-17,4,0,160,0.0,0.0,0.0,0.0,0.0
2019-02-17,4,0,161,0.0,0.0,0.0,0.0,0.0
2019-02-17,4,0,162,2.66,2.66,0.0,43.468403,0.0
2019-02-17,4,0,163,64.06,64.06,0.0,144.785382,0.0
2019-02-17,4,0,164,0.0,0.0,0.0,0.0,0.0
2019-02-17,4,0,167,0.0,0.0,0.0,0.0,0.0
2019-02-17,4,0,168,0.0,0.0,0.0,0.0,0.0
2019-02-17,4,0,169,0.0,0.0,0.0,0.0,0.0
2019-02-17,4,0,170,0.0,0.0,0.0,0.0,0.0
2019-02-17,4,0,172,0.0,0.0,0.0,0.0,0.0
2019-02-17,4,0,173,0.0,0.0,0.0,0.0,0.0
2019-02-17,4,0,188,0.0,0.0,0.0,0.0,0.0
2019-02-17,4,0,190,0.0,0.0,0.0,0.0,0.0
2019-02-17,4,0,191,0.0,0.0,0.0,0.0,0.0
2019-02-17,4,0,192,54.66,54.66,0.0,944.89766,0.0
2019-02-17,4,0,194,19.34,19.34,0.0,118.418748,0.0
2019-02-17,4,0,196,0.0,0.0,0.0,0.0,0.0
2019-02-17,4,0,198,0.0,0.0,0.0,0.0,0.0
2019-02-17,4,0,199,1.28,1.28,0.0,11.667943,0.0
2019-02-17,4,0,200,0.0,0.0,0.0,0.0,0.0
2019-02-17,4,0,204,261.57,261.57,0.0,2280.109566,0.0
2019-02-17,4,0,205,366.12,366.12,0.0,3218.169648,0.0
2019-02-17,4,0,206,242.26,242.26,0.0,1795.948415,0.0
2019-02-17,4,0,210,0.0,0.0,0.0,0.0,0.0
2019-02-17,4,0,214,0.0,0.0,0.0,0.0,0.0
2019-02-17,4,0,217,0.0,0.0,0.0,0.0,0.0
2019-02-17,4,0,218,0.0,0.0,0.0,0.0,0.0
2019-02-17,4,0,219,0.0,0.0,0.0,0.0,0.0
2019-02-17,4,0,221,0.0,0.0,0.0,0.0,0.0
2019-02-17,4,0,225,0.0,0.0,0.0,0.0,0.0
2019-02-17,4,0,233,0.0,0.0,0.0,0.0,0.0
2019-02-17,4,0,236,17.25,17.25,0.0,170.933073,0.0
2019-02-17,4,0,237,21.63,21.63,0.0,206.650062,0.0
2019-02-17,4,0,238,0.0,0.0,0.0,0.0,0.0
2019-02-17,4,0,240,0.0,0.0,0.0,0.0,0.0
2019-02-17,4,0,245,2.75,2.75,0.0,28.395017,0.0
2019-02-17,4,0,247,8.86,8.86,0.0,91.483583,0.0
2019-02-17,4,0,248,2.17,2.17,0.0,20.731883,0.0
2019-02-17,4,0,249,5.28,5.28,0.0,54.518433,0.0
2019-02-17,4,0,251,30.73,30.73,0.0,312.665418,0.0
2019-02-17,4,0,252,32.12,32.12,0.0,328.067116,0.0
2019-02-17,4,0,254,0.0,0.0,0.0,0.0,0.0
2019-02-17,4,0,255,0.0,0.0,0.0,0.0,0.0
2019-02-17,4,0,258,0.0,0.0,0.0,0.0,0.0
2019-02-17,4,0,260,0.0,0.0,0.0,0.0,0.0
2019-02-17,4,0,265,0.0,0.0,0.0,0.0,0.0
2019-02-17,4,0,266,3.79,3.79,0.0,31.420445,0.0
2019-02-17,4,0,267,4.65,4.65,0.0,38.55015,0.0
2019-02-17,4,0,270,200.05,200.05,0.0,452.143547,0.0
2019-02-17,4,0,272,61.61,61.61,0.0,354.339509,0.0
2019-02-17,4,0,273,0.0,0.0,0.0,0.0,0.0
2019-02-17,4,0,274,257.89,257.89,0.0,582.870779,0.0
2019-02-17,4,0,275,358.99,358.99,0.0,811.372216,0.0
2019-02-17,4,0,276,0.0,0.0,0.0,0.0,0.0
2019-02-17,4,0,277,0.0,0.0,0.0,0.0,0.0
2019-02-17,4,0,278,0.0,0.0,0.0,0.0,0.0
2019-02-17,4,0,279,99.52,99.52,0.0,579.720632,0.0
2019-02-17,4,0,281,6.47,6.47,0.0,48.070694,0.0
2019-02-17,4,0,282,0.0,0.0,0.0,0.0,0.0
2019-02-17,5,0,9,0.0,0.0,0.0,0.0,0.0
2019-02-17,5,0,17,0.0,0.0,0.0,0.0,0.0
2019-02-17,5,0,19,53.01,53.01,0.0,540.730616,0.0
2019-02-17,5,0,20,64.29,64.29,0.0,655.792705,0.0
2019-02-17,5,0,21,0.0,0.0,0.0,0.0,0.0
2019-02-17,5,0,22,0.0,0.0,0.0,0.0,0.0
2019-02-17,5,0,23,46.12,46.12,0.0,338.66351,0.0
2019-02-17,5,0,24,81.59,81.59,0.0,599.123065,0.0
2019-02-17,5,0,29,0.0,0.0,0.0,0.0,0.0
2019-02-17,5,0,30,0.0,0.0,0.0,0.0,0.0
2019-02-17,5,0,31,15.01,15.01,0.0,109.990345,0.0
2019-02-17,5,0,32,0.0,0.0,0.0,0.0,0.0
2019-02-17,5,0,33,0.0,0.0,0.0,0.0,0.0
2019-02-17,5,0,34,0.0,0.0,0.0,0.0,0.0
2019-02-17,5,0,35,0.0,0.0,0.0,0.0,0.0
2019-02-17,5,0,36,0.0,0.0,0.0,0.0,0.0
2019-02-17,5,0,37,0.0,0.0,0.0,0.0,0.0
2019-02-17,5,0,38,0.0,0.0,0.0,0.0,0.0
2019-02-17,5,0,39,0.0,0.0,0.0,0.0,0.0
2019-02-17,5,0,40,0.0,0.0,0.0,0.0,0.0
2019-02-17,5,0,41,0.0,0.0,0.0,0.0,0.0
2019-02-17,5,0,42,0.0,0.0,0.0,0.0,0.0
2019-02-17,5,0,43,0.0,0.0,0.0,0.0,0.0
2019-02-17,5,0,46,0.0,0.0,0.0,0.0,0.0
2019-02-17,5,0,52,15.91,15.91,0.0,116.585369,0.0
2019-02-17,5,0,53,25.27,25.27,0.0,185.173619,0.0
2019-02-17,5,0,55,226.38,226.38,0.0,1662.329692,0.0
2019-02-17,5,0,56,0.0,0.0,0.0,0.0,0.0
2019-02-17,5,0,57,0.0,0.0,0.0,0.0,0.0
2019-02-17,5,0,58,0.0,0.0,0.0,0.0,0.0
2019-02-17,5,0,59,0.0,0.0,0.0,0.0,0.0
2019-02-17,5,0,63,16.2,16.2,0.0,259.867106,0.0
2019-02-17,5,0,64,19.06,19.06,0.0,305.744879,0.0
2019-02-17,5,0,65,3.03,3.03,0.0,30.828251,0.0
2019-02-17,5,0,67,0.0,0.0,0.0,0.0,0.0
2019-02-17,5,0,68,2.27,2.27,0.0,15.942692,0.0
2019-02-17,5,0,69,0.0,0.0,0.0,0.0,0.0
2019-02-17,5,0,74,4.29,4.29,0.0,40.568544,0.0
2019-02-17,5,0,77,58.18,58.18,0.0,342.146216,0.0
2019-02-17,5,0,78,43.98,43.98,0.0,258.638546,0.0
2019-02-17,5,0,79,25.45,25.45,0.0,149.666916,0.0
2019-02-17,5,0,80,41.16,41.16,0.0,242.054628,0.0
2019-02-17,5,0,81,53.81,53.81,0.0,316.447025,0.0
2019-02-17,5,0,82,37.96,37.96,0.0,223.235998,0.0
2019-02-17,5,0,83,84.65,84.65,0.0,497.811571,0.0
2019-02-17,5,0,84,0.0,0.0,0.0,0.0,0.0
2019-02-17,5,0,86,0.0,0.0,0.0,0.0,0.0
2019-02-17,5,0,87,0.0,0.0,0.0,0.0,0.0
2019-02-17,5,0,88,55.88,55.88,0.0,328.620326,0.0
2019-02-17,5,0,89,53.72,53.72,0.0,315.917751,0.0
2019-02-17,5,0,90,72.13,72.13,0.0,424.183681,0.0
2019-02-17,5,0,91,257.29,257.29,0.0,1513.076657,0.0
2019-02-17,5,0,92,92.53,92.53,0.0,544.152447,0.0
2019-02-17,5,0,95,3.51,3.51,0.0,55.826256,0.0
2019-02-17,5,0,96,11.66,11.66,0.0,85.255881,0.0
2019-02-17,5,0,97,71.68,71.68,0.0,524.111623,0.0
2019-02-17,5,0,99,0.83,0.83,0.0,7.848926,0.0
2019-02-17,5,0,101,0.0,0.0,0.0,0.0,0.0
2019-02-17,5,0,102,5.38,5.38,0.0,37.784882,0.0
2019-02-17,5,0,103,4.68,4.68,0.0,32.868634,0.0
2019-02-17,5,0,104,0.87,0.87,0.0,6.110195,0.0
2019-02-17,5,0,106,0.0,0.0,0.0,0.0,0.0
2019-02-17,5,0,109,57.45,57.45,0.0,496.258716,0.0
2019-02-17,5,0,110,118.41,118.41,0.0,1548.349544,0.0
2019-02-17,5,0,111,0.0,0.0,0.0,0.0,0.0
2019-02-17,5,0,113,33.99,33.99,0.0,178.62368,0.0
2019-02-17,5,0,115,33.99,33.99,0.0,178.62368,0.0
2019-02-17,5,0,116,0.0,0.0,0.0,0.0,0.0
2019-02-17,5,0,117,1.64,1.64,0.0,8.618501,0.0
2019-02-17,5,0,119,19.06,19.06,0.0,305.744879,0.0
2019-02-17,5,0,120,11.21,11.21,0.0,179.821621,0.0
2019-02-17,5,0,123,0.0,0.0,0.0,0.0,0.0
2019-02-17,5,0,125,73.84,73.84,0.0,542.214084,0.0
2019-02-17,5,0,126,0.0,0.0,0.0,0.0,0.0
2019-02-17,5,0,127,0.0,0.0,0.0,0.0,0.0
2019-02-17,5,0,128,105.75,105.75,0.0,776.532224,0.0
2019-02-17,5,0,131,6.69,6.69,0.0,44.323072,0.0
2019-02-17,5,0,132,9.83,9.83,0.0,65.126426,0.0
2019-02-17,5,0,133,2.16,2.16,0.0,22.038498,0.0
2019-02-17,5,0,134,0.0,0.0,0.0,0.0,0.0
2019-02-17,5,0,135,3.08,3.08,0.0,31.425265,0.0
2019-02-17,5,0,136,5.09,5.09,0.0,51.780071,0.0
2019-02-17,5,0,139,0.0,0.0,0.0,0.0,0.0
2019-02-17,5,0,140,87.63,87.63,0.0,1145.864966,0.0
2019-02-17,5,0,141,49.79,49.79,0.0,423.874142,0.0
2019-02-17,5,0,142,0.0,0.0,0.0,0.0,0.0
2019-02-17,5,0,143,56.85,56.85,0.0,416.585685,0.0
2019-02-17,5,0,145,8.8,8.8,0.0,68.770356,0.0
2019-02-17,5,0,146,22.81,22.81,0.0,298.267487,0.0
2019-02-17,5,0,152,0.0,0.0,0.0,0.0,0.0
2019-02-17,5,0,153,0.0,0.0,0.0,0.0,0.0
2019-02-17,5,0,154,0.0,0.0,0.0,0.0,0.0
2019-02-17,5,0,157,101.22,101.22,0.0,861.709995,0.0
2019-02-17,5,0,158,0.0,0.0,0.0,0.0,0.0
2019-02-17,5,0,159,0.0,0.0,0.0,0.0,0.0
2019-02-17,5,0,160,0.0,0.0,0.0,0.0,0.0
2019-02-17,5,0,161,0.0,0.0,0.0,0.0,0.0
2019-02-17,5,0,162,4.46,4.46,0.0,70.961661,0.0
2019-02-17,5,0,163,57.79,57.79,0.0,755.671989,0.0
2019-02-17,5,0,164,0.0,0.0,0.0,0.0,0.0
2019-02-17,5,0,167,0.0,0.0,0.0,0.0,0.0
2019-02-17,5,0,168,0.0,0.0,0.0,0.0,0.0
2019-02-17,5,0,169,0.0,0.0,0.0,0.0,0.0
2019-02-17,5,0,170,0.0,0.0,0.0,0.0,0.0
2019-02-17,5,0,172,0.0,0.0,0.0,0.0,0.0
2019-02-17,5,0,173,0.0,0.0,0.0,0.0,0.0
2019-02-17,5,0,188,0.0,0.0,0.0,0.0,0.0
2019-02-17,5,0,190,0.0,0.0,0.0,0.0,0.0
2019-02-17,5,0,191,0.0,0.0,0.0,0.0,0.0
2019-02-17,5,0,192,57.06,57.06,0.0,915.309696,0.0
2019-02-17,5,0,194,20.25,20.25,0.0,72.137451,0.0
2019-02-17,5,0,196,0.0,0.0,0.0,0.0,0.0
2019-02-17,5,0,198,0.0,0.0,0.0,0.0,0.0
2019-02-17,5,0,199,1.34,1.34,0.0,10.141815,0.0
2019-02-17,5,0,200,0.0,0.0,0.0,0.0,0.0
2019-02-17,5,0,204,194.22,194.22,0.0,1662.93804,0.0
2019-02-17,5,0,205,303.94,303.94,0.0,2625.463433,0.0
2019-02-17,5,0,206,210.64,210.64,0.0,1540.162839,0.0
2019-02-17,5,0,210,0.0,0.0,0.0,0.0,0.0
2019-02-17,5,0,214,0.0,0.0,0.0,0.0,0.0
2019-02-17,5,0,217,0.0,0.0,0.0,0.0,0.0
2019-02-17,5,0,218,0.0,0.0,0.0,0.0,0.0
2019-02-17,5,0,219,0.0,0.0,0.0,0.0,0.0
2019-02-17,5,0,221,0.0,0.0,0.0,0.0,0.0
2019-02-17,5,0,225,0.0,0.0,0.0,0.0,0.0
2019-02-17,5,0,233,0.0,0.0,0.0,0.0,0.0
2019-02-17,5,0,236,9.29,9.29,0.0,91.404719,0.0
2019-02-17,5,0,237,10.29,10.29,0.0,97.307767,0.0
2019-02-17,5,0,238,0.0,0.0,0.0,0.0,0.0
2019-02-17,5,0,240,0.0,0.0,0.0,0.0,0.0
2019-02-17,5,0,245,4.59,4.59,0.0,47.262694,0.0
2019-02-17,5,0,247,10.9,10.9,0.0,112.236027,0.0
2019-02-17,5,0,248,1.03,1.03,0.0,9.740233,0.0
2019-02-17,5,0,249,8.83,8.83,0.0,90.921479,0.0
2019-02-17,5,0,251,18.75,18.75,0.0,189.962343,0.0
2019-02-17,5,0,252,19.54,19.54,0.0,198.806609,0.0
2019-02-17,5,0,254,0.0,0.0,0.0,0.0,0.0
2019-02-17,5,0,255,0.0,0.0,0.0,0.0,0.0
2019-02-17,5,0,258,0.0,0.0,0.0,0.0,0.0
2019-02-17,5,0,260,0.0,0.0,0.0,0.0,0.0
2019-02-17,5,0,265,0.0,0.0,0.0,0.0,0.0
2019-02-17,5,0,266,0.0,0.0,0.0,0.0,0.0
2019-02-17,5,0,267,0.0,0.0,0.0,0.0,0.0
2019-02-17,5,0,270,180.48,180.48,0.0,2359.98755,0.0
2019-02-17,5,0,272,116.85,116.85,0.0,614.068169,0.0
2019-02-17,5,0,273,0.0,0.0,0.0,0.0,0.0
2019-02-17,5,0,274,232.66,232.66,0.0,3042.302213,0.0
2019-02-17,5,0,275,323.86,323.86,0.0,4234.849113,0.0
2019-02-17,5,0,276,0.0,0.0,0.0,0.0,0.0
2019-02-17,5,0,277,0.0,0.0,0.0,0.0,0.0
2019-02-17,5,0,278,0.0,0.0,0.0,0.0,0.0
2019-02-17,5,0,279,71.87,71.87,0.0,395.717075,0.0
2019-02-17,5,0,281,6.74,6.74,0.0,49.389402,0.0
2019-02-17,5,0,282,0.0,0.0,0.0,0.0,0.0
2019-02-17,6,0,9,0.0,0.0,0.0,0.0,0.0
2019-02-17,6,0,17,0.0,0.0,0.0,0.0,0.0
2019-02-17,6,0,19,47.43,47.43,0.0,653.83993,0.0
2019-02-17,6,0,20,57.52,57.52,0.0,792.934277,0.0
2019-02-17,6,0,21,0.0,0.0,0.0,0.0,0.0
2019-02-17,6,0,22,0.0,0.0,0.0,0.0,0.0
2019-02-17,6,0,23,41.48,41.48,0.0,443.741807,0.0
2019-02-17,6,0,24,73.38,73.38,0.0,784.999368,0.0
2019-02-17,6,0,29,0.0,0.0,0.0,0.0,0.0
2019-02-17,6,0,30,0.0,0.0,0.0,0.0,0.0
2019-02-17,6,0,31,15.69,15.69,0.0,167.61746,0.0
2019-02-17,6,0,32,0.0,0.0,0.0,0.0,0.0
2019-02-17,6,0,33,0.0,0.0,0.0,0.0,0.0
2019-02-17,6,0,34,0.0,0.0,0.0,0.0,0.0
2019-02-17,6,0,35,0.0,0.0,0.0,0.0,0.0
2019-02-17,6,0,36,0.0,0.0,0.0,0.0,0.0
2019-02-17,6,0,37,0.0,0.0,0.0,0.0,0.0
2019-02-17,6,0,38,0.0,0.0,0.0,0.0,0.0
2019-02-17,6,0,39,0.0,0.0,0.0,0.0,0.0
2019-02-17,6,0,40,0.0,0.0,0.0,0.0,0.0
2019-02-17,6,0,41,0.0,0.0,0.0,0.0,0.0
2019-02-17,6,0,42,0.0,0.0,0.0,0.0,0.0
2019-02-17,6,0,43,0.0,0.0,0.0,0.0,0.0
2019-02-17,6,0,46,0.0,0.0,0.0,0.0,0.0
2019-02-17,6,0,52,16.63,16.63,0.0,177.659551,0.0
2019-02-17,6,0,53,26.4,26.4,0.0,282.033202,0.0
2019-02-17,6,0,55,90.76,90.76,0.0,970.925902,0.0
2019-02-17,6,0,56,0.0,0.0,0.0,0.0,0.0
2019-02-17,6,0,57,0.0,0.0,0.0,0.0,0.0
2019-02-17,6,0,58,0.0,0.0,0.0,0.0,0.0
2019-02-17,6,0,59,0.0,0.0,0.0,0.0,0.0
2019-02-17,6,0,63,29.21,29.21,0.0,488.906846,0.0
2019-02-17,6,0,64,34.36,34.36,0.0,575.105759,0.0
2019-02-17,6,0,65,2.37,2.37,0.0,32.594921,0.0
2019-02-17,6,0,67,0.0,0.0,0.0,0.0,0.0
2019-02-17,6,0,68,1.81,1.81,0.0,18.311964,0.0
2019-02-17,6,0,69,0.0,0.0,0.0,0.0,0.0
2019-02-17,6,0,74,2.39,2.39,0.0,30.790971,0.0
2019-02-17,6,0,77,42.61,42.61,0.0,396.368585,0.0
2019-02-17,6,0,78,32.21,32.21,0.0,299.625255,0.0
2019-02-17,6,0,79,18.64,18.64,0.0,173.393814,0.0
2019-02-17,6,0,80,30.14,30.14,0.0,280.369612,0.0
2019-02-17,6,0,81,39.41,39.41,0.0,366.601407,0.0
2019-02-17,6,0,82,27.8,27.8,0.0,258.602362,0.0
2019-02-17,6,0,83,61.99,61.99,0.0,576.646059,0.0
2019-02-17,6,0,84,0.0,0.0,0.0,0.0,0.0
2019-02-17,6,0,86,0.0,0.0,0.0,0.0,0.0
2019-02-17,6,0,87,0.0,0.0,0.0,0.0,0.0
2019-02-17,6,0,88,49.57,49.57,0.0,461.112198,0.0
2019-02-17,6,0,89,47.66,47.66,0.0,443.344914,0.0
2019-02-17,6,0,90,63.99,63.99,0.0,595.250546,0.0
2019-02-17,6,0,91,228.25,228.25,0.0,2123.237023,0.0
2019-02-17,6,0,92,82.09,82.09,0.0,763.621149,0.0
2019-02-17,6,0,95,8.98,8.98,0.0,149.476971,0.0
2019-02-17,6,0,96,10.21,10.21,0.0,108.917847,0.0
2019-02-17,6,0,97,62.79,62.79,0.0,669.828755,0.0
2019-02-17,6,0,99,0.46,0.46,0.0,5.926296,0.0
2019-02-17,6,0,101,0.0,0.0,0.0,0.0,0.0
2019-02-17,6,0,102,4.27,4.27,0.0,43.200048,0.0
2019-02-17,6,0,103,3.72,3.72,0.0,37.635639,0.0
2019-02-17,6,0,104,0.69,0.69,0.0,6.980804,0.0
2019-02-17,6,0,106,0.0,0.0,0.0,0.0,0.0
2019-02-17,6,0,109,63.33,63.33,0.0,754.735513,0.0
2019-02-17,6,0,110,95.5,95.5,0.0,1389.528151,0.0
2019-02-17,6,0,111,0.0,0.0,0.0,0.0,0.0
2019-02-17,6,0,113,37.98,37.98,0.0,333.181239,0.0
2019-02-17,6,0,115,37.98,37.98,0.0,333.181239,0.0
2019-02-17,6,0,116,0.0,0.0,0.0,0.0,0.0
2019-02-17,6,0,117,1.51,1.51,0.0,13.246542,0.0
2019-02-17,6,0,119,34.36,34.36,0.0,575.105759,0.0
2019-02-17,6,0,120,20.21,20.21,0.0,338.267968,0.0
2019-02-17,6,0,123,0.0,0.0,0.0,0.0,0.0
2019-02-17,6,0,125,66.41,66.41,0.0,710.436196,0.0
2019-02-17,6,0,126,0.0,0.0,0.0,0.0,0.0
2019-02-17,6,0,127,0.0,0.0,0.0,0.0,0.0
2019-02-17,6,0,128,95.11,95.11,0.0,1017.461024,0.0
2019-02-17,6,0,131,4.24,4.24,0.0,41.660854,0.0
2019-02-17,6,0,132,6.23,6.23,0.0,61.213944,0.0
2019-02-17,6,0,133,2.18,2.18,0.0,30.05872,0.0
2019-02-17,6,0,134,0.0,0.0,0.0,0.0,0.0
2019-02-17,6,0,135,2.93,2.93,0.0,40.400022,0.0
2019-02-17,6,0,136,2.44,2.44,0.0,33.553322,0.0
2019-02-17,6,0,139,0.0,0.0,0.0,0.0,0.0
2019-02-17,6,0,140,70.68,70.68,0.0,1028.396332,0.0
2019-02-17,6,0,141,45.21,45.21,0.0,506.728955,0.0
2019-02-17,6,0,142,0.0,0.0,0.0,0.0,0.0
2019-02-17,6,0,143,97.85,97.85,0.0,1045.338972,0.0
2019-02-17,6,0,145,11.64,11.64,0.0,129.697587,0.0
2019-02-17,6,0,146,16.11,16.11,0.0,234.401032,0.0
2019-02-17,6,0,152,0.0,0.0,0.0,0.0,0.0
2019-02-17,6,0,153,0.0,0.0,0.0,0.0,0.0
2019-02-17,6,0,154,0.0,0.0,0.0,0.0,0.0
2019-02-17,6,0,157,73.34,73.34,0.0,822.0195,0.0
2019-02-17,6,0,158,0.0,0.0,0.0,0.0,0.0
2019-02-17,6,0,159,0.0,0.0,0.0,0.0,0.0
2019-02-17,6,0,160,0.0,0.0,0.0,0.0,0.0
2019-02-17,6,0,161,0.0,0.0,0.0,0.0,0.0
2019-02-17,6,0,162,7.28,7.28,0.0,121.209259,0.0
2019-02-17,6,0,163,51.92,51.92,0.0,755.437713,0.0
2019-02-17,6,0,164,0.0,0.0,0.0,0.0,0.0
2019-02-17,6,0,167,0.0,0.0,0.0,0.0,0.0
2019-02-17,6,0,168,0.0,0.0,0.0,0.0,0.0
2019-02-17,6,0,169,0.0,0.0,0.0,0.0,0.0
2019-02-17,6,0,170,0.0,0.0,0.0,0.0,0.0
2019-02-17,6,0,172,0.0,0.0,0.0,0.0,0.0
2019-02-17,6,0,173,0.0,0.0,0.0,0.0,0.0
2019-02-17,6,0,188,0.0,0.0,0.0,0.0,0.0
2019-02-17,6,0,190,0.0,0.0,0.0,0.0,0.0
2019-02-17,6,0,191,0.0,0.0,0.0,0.0,0.0
2019-02-17,6,0,192,63.33,63.33,0.0,1059.995568,0.0
2019-02-17,6,0,194,33.28,33.28,0.0,248.470606,0.0
2019-02-17,6,0,196,0.0,0.0,0.0,0.0,0.0
2019-02-17,6,0,198,0.0,0.0,0.0,0.0,0.0
2019-02-17,6,0,199,2.46,2.46,0.0,23.181213,0.0
2019-02-17,6,0,200,0.0,0.0,0.0,0.0,0.0
2019-02-17,6,0,204,225.44,225.44,0.0,2667.506902,0.0
2019-02-17,6,0,205,335.01,335.01,0.0,3992.482933,0.0
2019-02-17,6,0,206,184.5,184.5,0.0,1968.202027,0.0
2019-02-17,6,0,210,0.0,0.0,0.0,0.0,0.0
2019-02-17,6,0,214,0.0,0.0,0.0,0.0,0.0
2019-02-17,6,0,217,0.0,0.0,0.0,0.0,0.0
2019-02-17,6,0,218,0.0,0.0,0.0,0.0,0.0
2019-02-17,6,0,219,0.0,0.0,0.0,0.0,0.0
2019-02-17,6,0,221,0.0,0.0,0.0,0.0,0.0
2019-02-17,6,0,225,0.0,0.0,0.0,0.0,0.0
2019-02-17,6,0,233,0.0,0.0,0.0,0.0,0.0
2019-02-17,6,0,236,4.38,4.38,0.0,58.422811,0.0
2019-02-17,6,0,237,5.73,5.73,0.0,73.821031,0.0
2019-02-17,6,0,238,0.0,0.0,0.0,0.0,0.0
2019-02-17,6,0,240,0.0,0.0,0.0,0.0,0.0
2019-02-17,6,0,245,7.4,7.4,0.0,102.8889,0.0
2019-02-17,6,0,247,13.41,13.41,0.0,186.451371,0.0
2019-02-17,6,0,248,0.58,0.58,0.0,7.472286,0.0
2019-02-17,6,0,249,14.23,14.23,0.0,197.852574,0.0
2019-02-17,6,0,251,17.08,17.08,0.0,233.999517,0.0
2019-02-17,6,0,252,15.26,15.26,0.0,209.87278,0.0
2019-02-17,6,0,254,0.0,0.0,0.0,0.0,0.0
2019-02-17,6,0,255,0.0,0.0,0.0,0.0,0.0
2019-02-17,6,0,258,0.0,0.0,0.0,0.0,0.0
2019-02-17,6,0,260,0.0,0.0,0.0,0.0,0.0
2019-02-17,6,0,265,0.0,0.0,0.0,0.0,0.0
2019-02-17,6,0,266,0.0,0.0,0.0,0.0,0.0
2019-02-17,6,0,267,0.0,0.0,0.0,0.0,0.0
2019-02-17,6,0,270,162.14,162.14,0.0,2359.142351,0.0
2019-02-17,6,0,272,134.01,134.01,0.0,1175.608685,0.0
2019-02-17,6,0,273,0.0,0.0,0.0,0.0,0.0
2019-02-17,6,0,274,209.02,209.02,0.0,3041.247898,0.0
2019-02-17,6,0,275,290.95,290.95,0.0,4233.332101,0.0
2019-02-17,6,0,276,0.0,0.0,0.0,0.0,0.0
2019-02-17,6,0,277,0.0,0.0,0.0,0.0,0.0
2019-02-17,6,0,278,0.0,0.0,0.0,0.0,0.0
2019-02-17,6,0,279,62.13,62.13,0.0,558.232413,0.0
2019-02-17,6,0,281,7.05,7.05,0.0,75.315685,0.0
2019-02-17,6,0,282,0.0,0.0,0.0,0.0,0.0
2019-02-17,7,0,9,0.0,0.0,0.0,0.0,0.0
2019-02-17,7,0,17,0.0,0.0,0.0,0.0,0.0
2019-02-17,7,0,19,43.45,43.45,0.0,599.080014,0.0
2019-02-17,7,0,20,52.7,52.7,0.0,726.617187,0.0
2019-02-17,7,0,21,0.0,0.0,0.0,0.0,0.0
2019-02-17,7,0,22,0.0,0.0,0.0,0.0,0.0
2019-02-17,7,0,23,37.16,37.16,0.0,388.239977,0.0
2019-02-17,7,0,24,65.74,65.74,0.0,686.837892,0.0
2019-02-17,7,0,29,0.0,0.0,0.0,0.0,0.0
2019-02-17,7,0,30,0.0,0.0,0.0,0.0,0.0
2019-02-17,7,0,31,40.42,40.42,0.0,421.655256,0.0
2019-02-17,7,0,32,0.0,0.0,0.0,0.0,0.0
2019-02-17,7,0,33,0.0,0.0,0.0,0.0,0.0
2019-02-17,7,0,34,0.0,0.0,0.0,0.0,0.0
2019-02-17,7,0,35,0.0,0.0,0.0,0.0,0.0
2019-02-17,7,0,36,0.0,0.0,0.0,0.0,0.0
2019-02-17,7,0,37,0.0,0.0,0.0,0.0,0.0
2019-02-17,7,0,38,0.0,0.0,0.0,0.0,0.0
2019-02-17,7,0,39,0.0,0.0,0.0,0.0,0.0
2019-02-17,7,0,40,0.0,0.0,0.0,0.0,0.0
2019-02-17,7,0,41,8.83,8.83,0.0,100.153988,0.0
2019-02-17,7,0,42,0.0,0.0,0.0,0.0,0.0
2019-02-17,7,0,43,0.0,0.0,0.0,0.0,0.0
2019-02-17,7,0,46,0.0,0.0,0.0,0.0,0.0
2019-02-17,7,0,52,42.84,42.84,0.0,446.900326,0.0
2019-02-17,7,0,53,68.09,68.09,0.0,710.304463,0.0
2019-02-17,7,0,55,90.31,90.31,0.0,943.540159,0.0
2019-02-17,7,0,56,0.0,0.0,0.0,0.0,0.0
2019-02-17,7,0,57,0.0,0.0,0.0,0.0,0.0
2019-02-17,7,0,58,0.0,0.0,0.0,0.0,0.0
2019-02-17,7,0,59,0.0,0.0,0.0,0.0,0.0
2019-02-17,7,0,63,48.42,48.42,0.0,806.074997,0.0
2019-02-17,7,0,64,56.96,56.96,0.0,948.245185,0.0
2019-02-17,7,0,65,2.76,2.76,0.0,37.958642,0.0
2019-02-17,7,0,67,0.0,0.0,0.0,0.0,0.0
2019-02-17,7,0,68,1.95,1.95,0.0,19.053021,0.0
2019-02-17,7,0,69,0.0,0.0,0.0,0.0,0.0
2019-02-17,7,0,74,2.31,2.31,0.0,29.607097,0.0
2019-02-17,7,0,77,41.51,41.51,0.0,370.6384,0.0
2019-02-17,7,0,78,31.38,31.38,0.0,280.188701,0.0
2019-02-17,7,0,79,18.16,18.16,0.0,162.148719,0.0
2019-02-17,7,0,80,29.37,29.37,0.0,262.241624,0.0
2019-02-17,7,0,81,38.39,38.39,0.0,342.78025,0.0
2019-02-17,7,0,82,27.08,27.08,0.0,241.794456,0.0
2019-02-17,7,0,83,60.39,60.39,0.0,539.215923,0.0
2019-02-17,7,0,84,0.0,0.0,0.0,0.0,0.0
2019-02-17,7,0,86,0.0,0.0,0.0,0.0,0.0
2019-02-17,7,0,87,0.0,0.0,0.0,0.0,0.0
2019-02-17,7,0,88,52.95,52.95,0.0,472.78495,0.0
2019-02-17,7,0,89,50.9,50.9,0.0,454.480717,0.0
2019-02-17,7,0,90,68.35,68.35,0.0,610.289921,0.0
2019-02-17,7,0,91,243.81,243.81,0.0,2176.953704,0.0
2019-02-17,7,0,92,87.69,87.69,0.0,782.974736,0.0
2019-02-17,7,0,95,19.91,19.91,0.0,329.330215,0.0
2019-02-17,7,0,96,9.01,9.01,0.0,93.840792,0.0
2019-02-17,7,0,97,55.39,55.39,0.0,576.896941,0.0
2019-02-17,7,0,99,0.44,0.44,0.0,5.639447,0.0
2019-02-17,7,0,101,0.0,0.0,0.0,0.0,0.0
2019-02-17,7,0,102,4.62,4.62,0.0,45.141004,0.0
2019-02-17,7,0,103,4.02,4.02,0.0,39.278536,0.0
2019-02-17,7,0,104,0.75,0.75,0.0,7.328085,0.0
2019-02-17,7,0,106,0.0,0.0,0.0,0.0,0.0
2019-02-17,7,0,109,88.65,88.65,0.0,1043.974565,0.0
2019-02-17,7,0,110,75.22,75.22,0.0,1081.360045,0.0
2019-02-17,7,0,111,0.0,0.0,0.0,0.0,0.0
2019-02-17,7,0,113,20.6,20.6,0.0,172.285287,0.0
2019-02-17,7,0,115,20.6,20.6,0.0,172.285287,0.0
2019-02-17,7,0,116,0.0,0.0,0.0,0.0,0.0
2019-02-17,7,0,117,0.84,0.84,0.0,7.025225,0.0
2019-02-17,7,0,119,56.96,56.96,0.0,948.245185,0.0
2019-02-17,7,0,120,33.49,33.49,0.0,557.526883,0.0
2019-02-17,7,0,123,0.0,0.0,0.0,0.0,0.0
2019-02-17,7,0,125,59.49,59.49,0.0,621.539188,0.0
2019-02-17,7,0,126,0.0,0.0,0.0,0.0,0.0
2019-02-17,7,0,127,0.0,0.0,0.0,0.0,0.0
2019-02-17,7,0,128,85.21,85.21,0.0,890.256416,0.0
2019-02-17,7,0,131,4.08,4.08,0.0,38.629526,0.0
2019-02-17,7,0,132,5.99,5.99,0.0,56.713447,0.0
2019-02-17,7,0,133,2.65,2.65,0.0,36.546333,0.0
2019-02-17,7,0,134,0.0,0.0,0.0,0.0,0.0
2019-02-17,7,0,135,3.55,3.55,0.0,48.958295,0.0
2019-02-17,7,0,136,1.16,1.16,0.0,15.951424,0.0
2019-02-17,7,0,139,11.4,11.4,0.0,129.304129,0.0
2019-02-17,7,0,140,55.67,55.67,0.0,800.30994,0.0
2019-02-17,7,0,141,44.55,44.55,0.0,485.791673,0.0
2019-02-17,7,0,142,0.0,0.0,0.0,0.0,0.0
2019-02-17,7,0,143,72.19,72.19,0.0,753.075036,0.0
2019-02-17,7,0,145,15.01,15.01,0.0,164.090956,0.0
2019-02-17,7,0,146,21.09,21.09,0.0,303.18909,0.0
2019-02-17,7,0,152,0.0,0.0,0.0,0.0,0.0
2019-02-17,7,0,153,0.0,0.0,0.0,0.0,0.0
2019-02-17,7,0,154,0.0,0.0,0.0,0.0,0.0
2019-02-17,7,0,157,51.19,51.19,0.0,558.196987,0.0
2019-02-17,7,0,158,0.0,0.0,0.0,0.0,0.0
2019-02-17,7,0,159,0.0,0.0,0.0,0.0,0.0
2019-02-17,7,0,160,0.0,0.0,0.0,0.0,0.0
2019-02-17,7,0,161,0.0,0.0,0.0,0.0,0.0
2019-02-17,7,0,162,11.36,11.36,0.0,187.955663,0.0
2019-02-17,7,0,163,47.22,47.22,0.0,678.833041,0.0
2019-02-17,7,0,164,0.0,0.0,0.0,0.0,0.0
2019-02-17,7,0,167,0.0,0.0,0.0,0.0,0.0
2019-02-17,7,0,168,0.0,0.0,0.0,0.0,0.0
2019-02-17,7,0,169,0.0,0.0,0.0,0.0,0.0
2019-02-17,7,0,170,0.0,0.0,0.0,0.0,0.0
2019-02-17,7,0,172,0.0,0.0,0.0,0.0,0.0
2019-02-17,7,0,173,0.0,0.0,0.0,0.0,0.0
2019-02-17,7,0,188,0.0,0.0,0.0,0.0,0.0
2019-02-17,7,0,190,0.0,0.0,0.0,0.0,0.0
2019-02-17,7,0,191,0.0,0.0,0.0,0.0,0.0
2019-02-17,7,0,192,74.05,74.05,0.0,1232.752035,0.0
2019-02-17,7,0,194,63.93,63.93,0.0,446.991364,0.0
2019-02-17,7,0,196,0.0,0.0,0.0,0.0,0.0
2019-02-17,7,0,198,0.0,0.0,0.0,0.0,0.0
2019-02-17,7,0,199,5.13,5.13,0.0,47.040643,0.0
2019-02-17,7,0,200,0.0,0.0,0.0,0.0,0.0
2019-02-17,7,0,204,367.28,367.28,0.0,4291.484925,0.0
2019-02-17,7,0,205,468.96,468.96,0.0,5522.643116,0.0
2019-02-17,7,0,206,162.77,162.77,0.0,1695.279205,0.0
2019-02-17,7,0,210,0.0,0.0,0.0,0.0,0.0
2019-02-17,7,0,214,0.0,0.0,0.0,0.0,0.0
2019-02-17,7,0,217,0.0,0.0,0.0,0.0,0.0
2019-02-17,7,0,218,0.0,0.0,0.0,0.0,0.0
2019-02-17,7,0,219,0.0,0.0,0.0,0.0,0.0
2019-02-17,7,0,221,0.0,0.0,0.0,0.0,0.0
2019-02-17,7,0,225,0.0,0.0,0.0,0.0,0.0
2019-02-17,7,0,233,0.0,0.0,0.0,0.0,0.0
2019-02-17,7,0,236,0.0,0.0,0.0,0.0,0.0
2019-02-17,7,0,237,5.53,5.53,0.0,70.877596,0.0
2019-02-17,7,0,238,0.0,0.0,0.0,0.0,0.0
2019-02-17,7,0,240,0.0,0.0,0.0,0.0,0.0
2019-02-17,7,0,245,11.37,11.37,0.0,158.216951,0.0
2019-02-17,7,0,247,16.31,16.31,0.0,226.958528,0.0
2019-02-17,7,0,248,0.56,0.56,0.0,7.177478,0.0
2019-02-17,7,0,249,21.86,21.86,0.0,304.188438,0.0
2019-02-17,7,0,251,24.62,24.62,0.0,337.200603,0.0
2019-02-17,7,0,252,17.81,17.81,0.0,244.943264,0.0
2019-02-17,7,0,254,0.0,0.0,0.0,0.0,0.0
2019-02-17,7,0,255,0.0,0.0,0.0,0.0,0.0
2019-02-17,7,0,258,0.0,0.0,0.0,0.0,0.0
2019-02-17,7,0,260,0.0,0.0,0.0,0.0,0.0
2019-02-17,7,0,265,0.0,0.0,0.0,0.0,0.0
2019-02-17,7,0,266,7.38,7.38,0.0,83.70741,0.0
2019-02-17,7,0,267,9.07,9.07,0.0,102.87618,0.0
2019-02-17,7,0,270,147.48,147.48,0.0,2120.167235,0.0
2019-02-17,7,0,272,73.3,73.3,0.0,613.034541,0.0
2019-02-17,7,0,273,0.0,0.0,0.0,0.0,0.0
2019-02-17,7,0,274,190.12,190.12,0.0,2733.158358,0.0
2019-02-17,7,0,275,264.64,264.64,0.0,3804.455228,0.0
2019-02-17,7,0,276,0.0,0.0,0.0,0.0,0.0
2019-02-17,7,0,277,0.0,0.0,0.0,0.0,0.0
2019-02-17,7,0,278,0.0,0.0,0.0,0.0,0.0
2019-02-17,7,0,279,67.52,67.52,0.0,580.003138,0.0
2019-02-17,7,0,281,18.12,18.12,0.0,189.025068,0.0
2019-02-17,7,0,282,0.0,0.0,0.0,0.0,0.0
2019-02-17,8,0,9,0.0,0.0,0.0,0.0,0.0
2019-02-17,8,0,17,0.0,0.0,0.0,0.0,0.0
2019-02-17,8,0,19,30.87,30.87,0.0,457.014091,0.0
2019-02-17,8,0,20,38.42,38.42,0.0,568.787865,0.0
2019-02-17,8,0,21,0.0,0.0,0.0,0.0,0.0
2019-02-17,8,0,22,0.0,0.0,0.0,0.0,0.0
2019-02-17,8,0,23,8.72,8.72,0.0,117.367525,0.0
2019-02-17,8,0,24,15.43,15.43,0.0,207.681297,0.0
2019-02-17,8,0,29,0.0,0.0,0.0,0.0,0.0
2019-02-17,8,0,30,0.0,0.0,0.0,0.0,0.0
2019-02-17,8,0,31,12.14,12.14,0.0,163.355021,0.0
2019-02-17,8,0,32,0.0,0.0,0.0,0.0,0.0
2019-02-17,8,0,33,0.0,0.0,0.0,0.0,0.0
2019-02-17,8,0,34,0.0,0.0,0.0,0.0,0.0
2019-02-17,8,0,35,0.0,0.0,0.0,0.0,0.0
2019-02-17,8,0,36,0.0,0.0,0.0,0.0,0.0
2019-02-17,8,0,37,0.0,0.0,0.0,0.0,0.0
2019-02-17,8,0,38,0.0,0.0,0.0,0.0,0.0
2019-02-17,8,0,39,0.0,0.0,0.0,0.0,0.0
2019-02-17,8,0,40,0.0,0.0,0.0,0.0,0.0
2019-02-17,8,0,41,12.88,12.88,0.0,176.575645,0.0
2019-02-17,8,0,42,0.0,0.0,0.0,0.0,0.0
2019-02-17,8,0,43,0.0,0.0,0.0,0.0,0.0
2019-02-17,8,0,46,0.0,0.0,0.0,0.0,0.0
2019-02-17,8,0,52,12.87,12.87,0.0,173.177851,0.0
2019-02-17,8,0,53,20.45,20.45,0.0,275.17382,0.0
2019-02-17,8,0,55,46.05,46.05,0.0,619.813593,0.0
2019-02-17,8,0,56,0.0,0.0,0.0,0.0,0.0
2019-02-17,8,0,57,0.0,0.0,0.0,0.0,0.0
2019-02-17,8,0,58,0.0,0.0,0.0,0.0,0.0
2019-02-17,8,0,59,0.0,0.0,0.0,0.0,0.0
2019-02-17,8,0,63,34.61,34.61,0.0,583.263308,0.0
2019-02-17,8,0,64,40.68,40.68,0.0,685.557682,0.0
2019-02-17,8,0,65,2.39,2.39,0.0,35.335392,0.0
2019-02-17,8,0,67,0.0,0.0,0.0,0.0,0.0
2019-02-17,8,0,68,1.69,1.69,0.0,22.899922,0.0
2019-02-17,8,0,69,0.0,0.0,0.0,0.0,0.0
2019-02-17,8,0,74,3.13,3.13,0.0,44.657985,0.0
2019-02-17,8,0,77,29.26,29.26,0.0,383.953248,0.0
2019-02-17,8,0,78,22.1,22.1,0.0,289.998865,0.0
2019-02-17,8,0,79,12.75,12.75,0.0,167.307037,0.0
2019-02-17,8,0,80,20.67,20.67,0.0,271.234232,0.0
2019-02-17,8,0,81,27.06,27.06,0.0,355.084583,0.0
2019-02-17,8,0,82,19.06,19.06,0.0,250.107618,0.0
2019-02-17,8,0,83,42.63,42.63,0.0,559.396,0.0
2019-02-17,8,0,84,0.0,0.0,0.0,0.0,0.0
2019-02-17,8,0,86,0.0,0.0,0.0,0.0,0.0
2019-02-17,8,0,87,0.0,0.0,0.0,0.0,0.0
2019-02-17,8,0,88,38.57,38.57,0.0,506.12019,0.0
2019-02-17,8,0,89,37.22,37.22,0.0,488.405327,0.0
2019-02-17,8,0,90,48.56,48.56,0.0,637.210175,0.0
2019-02-17,8,0,91,152.24,152.24,0.0,1997.711635,0.0
2019-02-17,8,0,92,60.92,60.92,0.0,799.399585,0.0
2019-02-17,8,0,95,21.38,21.38,0.0,361.252817,0.0
2019-02-17,8,0,96,3.31,3.31,0.0,44.526524,0.0
2019-02-17,8,0,97,20.38,20.38,0.0,274.154247,0.0
2019-02-17,8,0,99,0.6,0.6,0.0,8.560636,0.0
2019-02-17,8,0,101,0.0,0.0,0.0,0.0,0.0
2019-02-17,8,0,102,4.0,4.0,0.0,54.200999,0.0
2019-02-17,8,0,103,3.48,3.48,0.0,47.154869,0.0
2019-02-17,8,0,104,0.65,0.65,0.0,8.807662,0.0
2019-02-17,8,0,106,0.0,0.0,0.0,0.0,0.0
2019-02-17,8,0,109,84.28,84.28,0.0,1156.985134,0.0
2019-02-17,8,0,110,70.39,70.39,0.0,1108.619239,0.0
2019-02-17,8,0,111,0.0,0.0,0.0,0.0,0.0
2019-02-17,8,0,113,42.1,42.1,0.0,544.671737,0.0
2019-02-17,8,0,115,42.1,42.1,0.0,544.671737,0.0
2019-02-17,8,0,116,0.0,0.0,0.0,0.0,0.0
2019-02-17,8,0,117,2.18,2.18,0.0,28.203905,0.0
2019-02-17,8,0,119,40.68,40.68,0.0,685.557682,0.0
2019-02-17,8,0,120,24.0,24.0,0.0,404.45881,0.0
2019-02-17,8,0,123,0.0,0.0,0.0,0.0,0.0
2019-02-17,8,0,125,13.96,13.96,0.0,187.895717,0.0
2019-02-17,8,0,126,0.0,0.0,0.0,0.0,0.0
2019-02-17,8,0,127,0.0,0.0,0.0,0.0,0.0
2019-02-17,8,0,128,20.0,20.0,0.0,269.191571,0.0
2019-02-17,8,0,131,3.67,3.67,0.0,49.198748,0.0
2019-02-17,8,0,132,5.4,5.4,0.0,72.390528,0.0
2019-02-17,8,0,133,1.53,1.53,0.0,22.653697,0.0
2019-02-17,8,0,134,0.0,0.0,0.0,0.0,0.0
2019-02-17,8,0,135,2.05,2.05,0.0,30.352993,0.0
2019-02-17,8,0,136,1.09,1.09,0.0,16.11412,0.0
2019-02-17,8,0,139,16.63,16.63,0.0,227.98548,0.0
2019-02-17,8,0,140,52.1,52.1,0.0,820.557783,0.0
2019-02-17,8,0,141,27.64,27.64,0.0,389.493751,0.0
2019-02-17,8,0,142,0.0,0.0,0.0,0.0,0.0
2019-02-17,8,0,143,19.56,19.56,0.0,263.19804,0.0
2019-02-17,8,0,145,6.17,6.17,0.0,83.652801,0.0
2019-02-17,8,0,146,7.44,7.44,0.0,117.177541,0.0
2019-02-17,8,0,152,0.0,0.0,0.0,0.0,0.0
2019-02-17,8,0,153,0.0,0.0,0.0,0.0,0.0
2019-02-17,8,0,154,0.0,0.0,0.0,0.0,0.0
2019-02-17,8,0,157,25.44,25.44,0.0,358.492078,0.0
2019-02-17,8,0,158,0.0,0.0,0.0,0.0,0.0
2019-02-17,8,0,159,0.0,0.0,0.0,0.0,0.0
2019-02-17,8,0,160,0.0,0.0,0.0,0.0,0.0
2019-02-17,8,0,161,0.0,0.0,0.0,0.0,0.0
2019-02-17,8,0,162,15.6,15.6,0.0,263.594368,0.0
2019-02-17,8,0,163,59.35,59.35,0.0,934.742888,0.0
2019-02-17,8,0,164,0.0,0.0,0.0,0.0,0.0
2019-02-17,8,0,167,0.0,0.0,0.0,0.0,0.0
2019-02-17,8,0,168,0.0,0.0,0.0,0.0,0.0
2019-02-17,8,0,169,0.0,0.0,0.0,0.0,0.0
2019-02-17,8,0,170,0.0,0.0,0.0,0.0,0.0
2019-02-17,8,0,172,0.0,0.0,0.0,0.0,0.0
2019-02-17,8,0,173,0.0,0.0,0.0,0.0,0.0
2019-02-17,8,0,188,0.0,0.0,0.0,0.0,0.0
2019-02-17,8,0,190,0.0,0.0,0.0,0.0,0.0
2019-02-17,8,0,191,0.0,0.0,0.0,0.0,0.0
2019-02-17,8,0,192,85.84,85.84,0.0,1446.614343,0.0
2019-02-17,8,0,194,86.95,86.95,0.0,1074.908424,0.0
2019-02-17,8,0,196,0.0,0.0,0.0,0.0,0.0
2019-02-17,8,0,198,0.0,0.0,0.0,0.0,0.0
2019-02-17,8,0,199,8.11,8.11,0.0,94.389926,0.0
2019-02-17,8,0,200,0.0,0.0,0.0,0.0,0.0
2019-02-17,8,0,204,379.2,379.2,0.0,5189.908021,0.0
2019-02-17,8,0,205,445.86,445.86,0.0,6120.70944,0.0
2019-02-17,8,0,206,59.9,59.9,0.0,805.782109,0.0
2019-02-17,8,0,210,0.0,0.0,0.0,0.0,0.0
2019-02-17,8,0,214,0.0,0.0,0.0,0.0,0.0
2019-02-17,8,0,217,0.0,0.0,0.0,0.0,0.0
2019-02-17,8,0,218,0.0,0.0,0.0,0.0,0.0
2019-02-17,8,0,219,0.0,0.0,0.0,0.0,0.0
2019-02-17,8,0,221,0.0,0.0,0.0,0.0,0.0
2019-02-17,8,0,225,0.0,0.0,0.0,0.0,0.0
2019-02-17,8,0,233,0.0,0.0,0.0,0.0,0.0
2019-02-17,8,0,236,0.0,0.0,0.0,0.0,0.0
2019-02-17,8,0,237,7.5,7.5,0.0,107.007952,0.0
2019-02-17,8,0,238,0.0,0.0,0.0,0.0,0.0
2019-02-17,8,0,240,0.0,0.0,0.0,0.0,0.0
2019-02-17,8,0,245,7.61,7.61,0.0,113.215865,0.0
2019-02-17,8,0,247,10.31,10.31,0.0,153.384437,0.0
2019-02-17,8,0,248,0.75,0.75,0.0,10.700795,0.0
2019-02-17,8,0,249,14.64,14.64,0.0,217.802925,0.0
2019-02-17,8,0,251,19.48,19.48,0.0,287.37266,0.0
2019-02-17,8,0,252,15.43,15.43,0.0,228.127655,0.0
2019-02-17,8,0,254,0.0,0.0,0.0,0.0,0.0
2019-02-17,8,0,255,0.0,0.0,0.0,0.0,0.0
2019-02-17,8,0,258,0.0,0.0,0.0,0.0,0.0
2019-02-17,8,0,260,0.0,0.0,0.0,0.0,0.0
2019-02-17,8,0,265,0.0,0.0,0.0,0.0,0.0
2019-02-17,8,0,266,10.77,10.77,0.0,147.649045,0.0
2019-02-17,8,0,267,13.23,13.23,0.0,181.373897,0.0
2019-02-17,8,0,270,185.35,185.35,0.0,2919.201251,0.0
2019-02-17,8,0,272,145.74,145.74,0.0,1885.521591,0.0
2019-02-17,8,0,273,0.0,0.0,0.0,0.0,0.0
2019-02-17,8,0,274,238.94,238.94,0.0,3763.226042,0.0
2019-02-17,8,0,275,332.6,332.6,0.0,5238.340092,0.0
2019-02-17,8,0,276,0.0,0.0,0.0,0.0,0.0
2019-02-17,8,0,277,0.0,0.0,0.0,0.0,0.0
2019-02-17,8,0,278,0.0,0.0,0.0,0.0,0.0
2019-02-17,8,0,279,66.35,66.35,0.0,863.316998,0.0
2019-02-17,8,0,281,5.45,5.45,0.0,73.334832,0.0
2019-02-17,8,0,282,0.0,0.0,0.0,0.0,0.0
2019-02-17,9,0,9,0.48,0.48,0.0,4.036152,0.0
2019-02-17,9,0,17,10.19,10.19,0.0,102.280416,0.0
2019-02-17,9,0,19,44.63,44.63,0.0,447.966138,0.0
2019-02-17,9,0,20,55.42,55.42,0.0,556.268953,0.0
2019-02-17,9,0,21,10.98,10.98,0.0,92.326982,0.0
2019-02-17,9,0,22,39.03,39.03,0.0,328.189628,0.0
2019-02-17,9,0,23,0.0,0.0,0.0,0.0,0.0
2019-02-17,9,0,24,0.0,0.0,0.0,0.0,0.0
2019-02-17,9,0,29,1.37,1.37,0.0,13.164928,0.0
2019-02-17,9,0,30,81.17,81.17,0.0,681.749126,0.0
2019-02-17,9,0,31,11.31,11.31,0.0,94.99301,0.0
2019-02-17,9,0,32,1.19,1.19,0.0,20.946185,0.0
2019-02-17,9,0,33,0.47,0.47,0.0,4.869598,0.0
2019-02-17,9,0,34,0.75,0.75,0.0,7.770634,0.0
2019-02-17,9,0,35,0.75,0.75,0.0,7.770634,0.0
2019-02-17,9,0,36,2.11,2.11,0.0,20.05042,0.0
2019-02-17,9,0,37,1.0,1.0,0.0,9.49048,0.0
2019-02-17,9,0,38,1.28,1.28,0.0,12.147815,0.0
2019-02-17,9,0,39,0.86,0.86,0.0,8.161813,0.0
2019-02-17,9,0,40,0.86,0.86,0.0,8.161813,0.0
2019-02-17,9,0,41,34.8,34.8,0.0,310.363368,0.0
2019-02-17,9,0,42,13.3,13.3,0.0,132.563837,0.0
2019-02-17,9,0,43,6.62,6.62,0.0,63.176528,0.0
2019-02-17,9,0,46,5.93,5.93,0.0,55.636215,0.0
2019-02-17,9,0,52,12.0,12.0,0.0,100.788339,0.0
2019-02-17,9,0,53,19.17,19.17,0.0,161.009372,0.0
2019-02-17,9,0,55,19.8,19.8,0.0,166.49128,0.0
2019-02-17,9,0,56,23.94,23.94,0.0,201.072737,0.0
2019-02-17,9,0,57,22.77,22.77,0.0,191.245874,0.0
2019-02-17,9,0,58,43.79,43.79,0.0,367.793448,0.0
2019-02-17,9,0,59,43.07,43.07,0.0,361.746148,0.0
2019-02-17,9,0,63,22.82,22.82,0.0,424.023181,0.0
2019-02-17,9,0,64,26.84,26.84,0.0,498.71964,0.0
2019-02-17,9,0,65,2.18,2.18,0.0,21.852986,0.0
2019-02-17,9,0,67,48.13,48.13,0.0,264.768486,0.0
2019-02-17,9,0,68,3.16,3.16,0.0,20.69858,0.0
2019-02-17,9,0,69,0.47,0.47,0.0,4.869598,0.0
2019-02-17,9,0,74,6.24,6.24,0.0,60.284314,0.0
2019-02-17,9,0,77,14.69,14.69,0.0,109.962589,0.0
2019-02-17,9,0,78,11.11,11.11,0.0,83.164354,0.0
2019-02-17,9,0,79,6.43,6.43,0.0,48.132025,0.0
2019-02-17,9,0,80,10.4,10.4,0.0,77.849621,0.0
2019-02-17,9,0,81,13.59,13.59,0.0,101.728495,0.0
2019-02-17,9,0,82,9.59,9.59,0.0,71.786333,0.0
2019-02-17,9,0,83,21.38,21.38,0.0,160.040855,0.0
2019-02-17,9,0,84,0.0,0.0,0.0,0.0,0.0
2019-02-17,9,0,86,2.36,2.36,0.0,24.451596,0.0
2019-02-17,9,0,87,12.05,12.05,0.0,124.848193,0.0
2019-02-17,9,0,88,60.65,60.65,0.0,453.998028,0.0
2019-02-17,9,0,89,57.93,57.93,0.0,433.637358,0.0
2019-02-17,9,0,90,81.31,81.31,0.0,608.649294,0.0
2019-02-17,9,0,91,305.55,305.55,0.0,2287.206883,0.0
2019-02-17,9,0,92,107.5,107.5,0.0,804.695598,0.0
2019-02-17,9,0,95,22.97,22.97,0.0,404.600055,0.0
2019-02-17,9,0,96,2.18,2.18,0.0,18.287959,0.0
2019-02-17,9,0,97,13.43,13.43,0.0,112.663896,0.0
2019-02-17,9,0,99,1.2,1.2,0.0,11.593137,0.0
2019-02-17,9,0,101,1.64,1.64,0.0,13.774406,0.0
2019-02-17,9,0,102,7.47,7.47,0.0,48.92987,0.0
2019-02-17,9,0,103,6.5,6.5,0.0,42.576192,0.0
2019-02-17,9,0,104,1.21,1.21,0.0,7.925722,0.0
2019-02-17,9,0,106,38.42,38.42,0.0,323.060352,0.0
2019-02-17,9,0,109,111.35,111.35,0.0,1028.203302,0.0
2019-02-17,9,0,110,74.15,74.15,0.0,169.69367,0.0
2019-02-17,9,0,111,3.38,3.38,0.0,30.144488,0.0
2019-02-17,9,0,113,30.77,30.77,0.0,230.64143,0.0
2019-02-17,9,0,115,30.77,30.77,0.0,230.64143,0.0
2019-02-17,9,0,116,22.2,22.2,0.0,50.805118,0.0
2019-02-17,9,0,117,2.09,2.09,0.0,15.665927,0.0
2019-02-17,9,0,119,26.84,26.84,0.0,498.71964,0.0
2019-02-17,9,0,120,15.78,15.78,0.0,293.211472,0.0
2019-02-17,9,0,123,0.64,0.64,0.0,5.381536,0.0
2019-02-17,9,0,125,0.0,0.0,0.0,0.0,0.0
2019-02-17,9,0,126,28.82,28.82,0.0,242.337307,0.0
2019-02-17,9,0,127,36.98,36.98,0.0,310.951895,0.0
2019-02-17,9,0,128,0.0,0.0,0.0,0.0,0.0
2019-02-17,9,0,131,4.39,4.39,0.0,29.985273,0.0
2019-02-17,9,0,132,6.45,6.45,0.0,44.055811,0.0
2019-02-17,9,0,133,2.46,2.46,0.0,24.694857,0.0
2019-02-17,9,0,134,0.0,0.0,0.0,0.0,0.0
2019-02-17,9,0,135,3.3,3.3,0.0,33.127247,0.0
2019-02-17,9,0,136,1.6,1.6,0.0,16.037744,0.0
2019-02-17,9,0,139,44.94,44.94,0.0,400.796832,0.0
2019-02-17,9,0,140,54.88,54.88,0.0,125.593913,0.0
2019-02-17,9,0,141,19.03,19.03,0.0,104.686148,0.0
2019-02-17,9,0,142,63.47,63.47,0.0,349.155533,0.0
2019-02-17,9,0,143,23.05,23.05,0.0,193.597602,0.0
2019-02-17,9,0,145,6.09,6.09,0.0,53.038479,0.0
2019-02-17,9,0,146,0.0,0.0,0.0,0.0,0.0
2019-02-17,9,0,152,1.48,1.48,0.0,14.305124,0.0
2019-02-17,9,0,153,1.88,1.88,0.0,18.139734,0.0
2019-02-17,9,0,154,13.93,13.93,0.0,124.234532,0.0
2019-02-17,9,0,157,10.12,10.12,0.0,55.671246,0.0
2019-02-17,9,0,158,31.57,31.57,0.0,173.670083,0.0
2019-02-17,9,0,159,0.0,0.0,0.0,0.0,0.0
2019-02-17,9,0,160,0.53,0.53,0.0,5.153593,0.0
2019-02-17,9,0,161,10.27,10.27,0.0,67.270384,0.0
2019-02-17,9,0,162,20.88,20.88,0.0,368.049158,0.0
2019-02-17,9,0,163,73.83,73.83,0.0,168.961344,0.0
2019-02-17,9,0,164,2.79,2.79,0.0,23.433289,0.0
2019-02-17,9,0,167,1.49,1.49,0.0,26.20712,0.0
2019-02-17,9,0,168,0.74,0.74,0.0,13.015617,0.0
2019-02-17,9,0,169,0.0,0.0,0.0,0.0,0.0
2019-02-17,9,0,170,1.63,1.63,0.0,28.669534,0.0
2019-02-17,9,0,172,1.94,1.94,0.0,33.043866,0.0
2019-02-17,9,0,173,2.96,2.96,0.0,50.417445,0.0
2019-02-17,9,0,188,2.51,2.51,0.0,43.315577,0.0
2019-02-17,9,0,190,1.99,1.99,0.0,36.976605,0.0
2019-02-17,9,0,191,5.13,5.13,0.0,95.3216,0.0
2019-02-17,9,0,192,98.71,98.71,0.0,1834.151104,0.0
2019-02-17,9,0,194,92.29,92.29,0.0,764.713577,0.0
2019-02-17,9,0,196,1.21,1.21,0.0,24.108487,0.0
2019-02-17,9,0,198,2.39,2.39,0.0,23.83841,0.0
2019-02-17,9,0,199,19.76,19.76,0.0,197.024033,0.0
2019-02-17,9,0,200,4.61,4.61,0.0,45.965627,0.0
2019-02-17,9,0,204,320.54,320.54,0.0,2946.443778,0.0
2019-02-17,9,0,205,627.14,627.14,0.0,5790.99613,0.0
2019-02-17,9,0,206,39.45,39.45,0.0,330.944951,0.0
2019-02-17,9,0,210,0.4,0.4,0.0,3.880639,0.0
2019-02-17,9,0,214,2.19,2.19,0.0,23.109754,0.0
2019-02-17,9,0,217,1.51,1.51,0.0,15.376536,0.0
2019-02-17,9,0,218,2.09,2.09,0.0,21.282756,0.0
2019-02-17,9,0,219,1.42,1.42,0.0,14.460054,0.0
2019-02-17,9,0,221,1.17,1.17,0.0,12.346307,0.0
2019-02-17,9,0,225,1.22,1.22,0.0,11.712655,0.0
2019-02-17,9,0,233,1.34,1.34,0.0,13.883534,0.0
2019-02-17,9,0,236,0.0,0.0,0.0,0.0,0.0
2019-02-17,9,0,237,14.97,14.97,0.0,144.624388,0.0
2019-02-17,9,0,238,17.31,17.31,0.0,172.532333,0.0
2019-02-17,9,0,240,2.39,2.39,0.0,22.711139,0.0
2019-02-17,9,0,245,5.27,5.27,0.0,53.149192,0.0
2019-02-17,9,0,247,6.46,6.46,0.0,65.150623,0.0
2019-02-17,9,0,248,1.5,1.5,0.0,14.491422,0.0
2019-02-17,9,0,249,10.14,10.14,0.0,102.26429,0.0
2019-02-17,9,0,251,16.66,16.66,0.0,166.648606,0.0
2019-02-17,9,0,252,14.06,14.06,0.0,140.941734,0.0
2019-02-17,9,0,254,3.54,3.54,0.0,33.94354,0.0
2019-02-17,9,0,255,1.62,1.62,0.0,15.533484,0.0
2019-02-17,9,0,258,2.98,2.98,0.0,28.337249,0.0
2019-02-17,9,0,260,1.29,1.29,0.0,12.543651,0.0
2019-02-17,9,0,265,14.42,14.42,0.0,128.604591,0.0
2019-02-17,9,0,266,29.1,29.1,0.0,259.527989,0.0
2019-02-17,9,0,267,35.76,35.76,0.0,318.925116,0.0
2019-02-17,9,0,270,230.57,230.57,0.0,527.663783,0.0
2019-02-17,9,0,272,102.67,102.67,0.0,769.579318,0.0
2019-02-17,9,0,273,5.31,5.31,0.0,12.152035,0.0
2019-02-17,9,0,274,297.24,297.24,0.0,680.239332,0.0
2019-02-17,9,0,275,413.76,413.76,0.0,946.897545,0.0
2019-02-17,9,0,276,1.21,1.21,0.0,3.637046,0.0
2019-02-17,9,0,277,1.52,1.52,0.0,11.387236,0.0
2019-02-17,9,0,278,2.43,2.43,0.0,18.204594,0.0
2019-02-17,9,0,279,71.59,71.59,0.0,536.323813,0.0
2019-02-17,9,0,281,5.04,5.04,0.0,42.331103,0.0
2019-02-17,9,0,282,44.52,44.52,0.0,373.924739,0.0
2019-02-17,10,0,9,1.61,1.61,0.0,11.694207,0.0
2019-02-17,10,0,17,26.3,26.3,0.0,246.281163,0.0
2019-02-17,10,0,19,79.84,79.84,0.0,747.645932,0.0
2019-02-17,10,0,20,98.93,98.93,0.0,926.410472,0.0
2019-02-17,10,0,21,36.79,36.79,0.0,267.223536,0.0
2019-02-17,10,0,22,130.76,130.76,0.0,949.773025,0.0
2019-02-17,10,0,23,6.2,6.2,0.0,45.033594,0.0
2019-02-17,10,0,24,10.98,10.98,0.0,79.753042,0.0
2019-02-17,10,0,29,2.33,2.33,0.0,20.275375,0.0
2019-02-17,10,0,30,286.61,286.61,0.0,2078.251596,0.0
2019-02-17,10,0,31,16.25,16.25,0.0,117.831159,0.0
2019-02-17,10,0,32,2.81,2.81,0.0,47.00984,0.0
2019-02-17,10,0,33,1.4,1.4,0.0,13.699858,0.0
2019-02-17,10,0,34,2.24,2.24,0.0,21.919773,0.0
2019-02-17,10,0,35,2.24,2.24,0.0,21.919773,0.0
2019-02-17,10,0,36,5.5,5.5,0.0,47.649966,0.0
2019-02-17,10,0,37,2.59,2.59,0.0,22.396251,0.0
2019-02-17,10,0,38,3.32,3.32,0.0,28.708708,0.0
2019-02-17,10,0,39,2.22,2.22,0.0,19.196786,0.0
2019-02-17,10,0,40,2.22,2.22,0.0,19.196786,0.0
2019-02-17,10,0,41,34.8,34.8,0.0,275.548227,0.0
2019-02-17,10,0,42,35.32,35.32,0.0,327.521566,0.0
2019-02-17,10,0,43,16.94,16.94,0.0,147.580656,0.0
2019-02-17,10,0,46,15.28,15.28,0.0,129.996147,0.0
2019-02-17,10,0,52,17.23,17.23,0.0,124.937284,0.0
2019-02-17,10,0,53,27.48,27.48,0.0,199.261554,0.0
2019-02-17,10,0,55,6.59,6.59,0.0,47.866352,0.0
2019-02-17,10,0,56,84.54,84.54,0.0,613.012072,0.0
2019-02-17,10,0,57,80.41,80.41,0.0,583.06483,0.0
2019-02-17,10,0,58,154.64,154.64,0.0,1121.317563,0.0
2019-02-17,10,0,59,152.07,152.07,0.0,1102.682112,0.0
2019-02-17,10,0,63,27.82,27.82,0.0,467.16116,0.0
2019-02-17,10,0,64,32.73,32.73,0.0,549.611242,0.0
2019-02-17,10,0,65,2.12,2.12,0.0,19.816357,0.0
2019-02-17,10,0,67,173.58,173.58,0.0,1540.574996,0.0
2019-02-17,10,0,68,6.48,6.48,0.0,47.348158,0.0
2019-02-17,10,0,69,1.4,1.4,0.0,13.699858,0.0
2019-02-17,10,0,74,20.94,20.94,0.0,185.837614,0.0
2019-02-17,10,0,77,21.28,21.28,0.0,129.390309,0.0
2019-02-17,10,0,78,16.09,16.09,0.0,97.83318,0.0
2019-02-17,10,0,79,9.31,9.31,0.0,56.60826,0.0
2019-02-17,10,0,80,15.06,15.06,0.0,91.570397,0.0
2019-02-17,10,0,81,19.69,19.69,0.0,119.722518,0.0
2019-02-17,10,0,82,13.89,13.89,0.0,84.456362,0.0
2019-02-17,10,0,83,30.97,30.97,0.0,188.30911,0.0
2019-02-17,10,0,84,0.0,0.0,0.0,0.0,0.0
2019-02-17,10,0,86,7.09,7.09,0.0,69.379994,0.0
2019-02-17,10,0,87,36.21,36.21,0.0,354.337038,0.0
2019-02-17,10,0,88,57.46,57.46,0.0,349.378156,0.0
2019-02-17,10,0,89,54.97,54.97,0.0,334.23803,0.0
2019-02-17,10,0,90,76.33,76.33,0.0,464.114769,0.0
2019-02-17,10,0,91,282.77,282.77,0.0,1719.346695,0.0
2019-02-17,10,0,92,100.19,100.19,0.0,609.192437,0.0
2019-02-17,10,0,95,60.7,60.7,0.0,1011.840435,0.0
2019-02-17,10,0,96,4.49,4.49,0.0,32.499775,0.0
2019-02-17,10,0,97,27.62,27.62,0.0,199.920666,0.0
2019-02-17,10,0,99,4.3,4.3,0.0,38.161497,0.0
2019-02-17,10,0,101,5.77,5.77,0.0,41.839125,0.0
2019-02-17,10,0,102,15.35,15.35,0.0,112.159602,0.0
2019-02-17,10,0,103,13.35,13.35,0.0,97.545973,0.0
2019-02-17,10,0,104,2.48,2.48,0.0,18.1209,0.0
2019-02-17,10,0,106,128.73,128.73,0.0,935.028155,0.0
2019-02-17,10,0,109,171.07,171.07,0.0,1423.417178,0.0
2019-02-17,10,0,110,86.62,86.62,0.0,1184.832655,0.0
2019-02-17,10,0,111,9.87,9.87,0.0,78.151178,0.0
2019-02-17,10,0,113,71.79,71.79,0.0,394.864274,0.0
2019-02-17,10,0,115,71.79,71.79,0.0,394.864274,0.0
2019-02-17,10,0,116,69.25,69.25,0.0,947.236912,0.0
2019-02-17,10,0,117,4.79,4.79,0.0,26.346286,0.0
2019-02-17,10,0,119,32.73,32.73,0.0,549.611242,0.0
2019-02-17,10,0,120,19.24,19.24,0.0,323.083419,0.0
2019-02-17,10,0,123,2.15,2.15,0.0,15.616488,0.0
2019-02-17,10,0,125,9.93,9.93,0.0,72.126385,0.0
2019-02-17,10,0,126,96.54,96.54,0.0,701.21664,0.0
2019-02-17,10,0,127,123.9,123.9,0.0,899.945532,0.0
2019-02-17,10,0,128,14.23,14.23,0.0,103.359362,0.0
2019-02-17,10,0,131,8.66,8.66,0.0,59.649384,0.0
2019-02-17,10,0,132,13.98,13.98,0.0,96.293116,0.0
2019-02-17,10,0,133,6.26,6.26,0.0,58.630541,0.0
2019-02-17,10,0,134,0.0,0.0,0.0,0.0,0.0
2019-02-17,10,0,135,8.39,8.39,0.0,78.57991,0.0
2019-02-17,10,0,136,2.85,2.85,0.0,26.637259,0.0
2019-02-17,10,0,139,44.94,44.94,0.0,355.83728,0.0
2019-02-17,10,0,140,64.11,64.11,0.0,876.929364,0.0
2019-02-17,10,0,141,16.71,16.71,0.0,148.306304,0.0
2019-02-17,10,0,142,228.9,228.9,0.0,2031.556727,0.0
2019-02-17,10,0,143,23.72,23.72,0.0,171.997236,0.0
2019-02-17,10,0,145,27.6,27.6,0.0,211.094865,0.0
2019-02-17,10,0,146,0.0,0.0,0.0,0.0,0.0
2019-02-17,10,0,152,4.01,4.01,0.0,35.608178,0.0
2019-02-17,10,0,153,4.99,4.99,0.0,44.200932,0.0
2019-02-17,10,0,154,40.73,40.73,0.0,322.502279,0.0
2019-02-17,10,0,157,0.0,0.0,0.0,0.0,0.0
2019-02-17,10,0,158,152.96,152.96,0.0,1357.56626,0.0
2019-02-17,10,0,159,0.0,0.0,0.0,0.0,0.0
2019-02-17,10,0,160,1.33,1.33,0.0,11.885437,0.0
2019-02-17,10,0,161,33.23,33.23,0.0,242.805444,0.0
2019-02-17,10,0,162,51.36,51.36,0.0,856.438688,0.0
2019-02-17,10,0,163,51.01,51.01,0.0,697.740865,0.0
2019-02-17,10,0,164,10.86,10.86,0.0,78.74747,0.0
2019-02-17,10,0,167,3.21,3.21,0.0,53.518645,0.0
2019-02-17,10,0,168,1.61,1.61,0.0,26.842685,0.0
2019-02-17,10,0,169,0.0,0.0,0.0,0.0,0.0
2019-02-17,10,0,170,3.52,3.52,0.0,58.687112,0.0
2019-02-17,10,0,172,4.18,4.18,0.0,66.528647,0.0
2019-02-17,10,0,173,6.37,6.37,0.0,101.384566,0.0
2019-02-17,10,0,188,5.75,5.75,0.0,94.111129,0.0
2019-02-17,10,0,190,5.61,5.61,0.0,94.204677,0.0
2019-02-17,10,0,191,14.48,14.48,0.0,243.152178,0.0
2019-02-17,10,0,192,113.69,113.69,0.0,1909.114028,0.0
2019-02-17,10,0,194,52.95,52.95,0.0,200.760438,0.0
2019-02-17,10,0,196,3.54,3.54,0.0,55.295194,0.0
2019-02-17,10,0,198,5.84,5.84,0.0,53.956827,0.0
2019-02-17,10,0,199,39.0,39.0,0.0,322.251891,0.0
2019-02-17,10,0,200,11.14,11.14,0.0,92.048361,0.0
2019-02-17,10,0,204,257.1,257.1,0.0,2125.333743,0.0
2019-02-17,10,0,205,1010.31,1010.31,0.0,8406.457062,0.0
2019-02-17,10,0,206,81.17,81.17,0.0,587.529344,0.0
2019-02-17,10,0,210,0.75,0.75,0.0,6.618333,0.0
2019-02-17,10,0,214,6.81,6.81,0.0,68.338991,0.0
2019-02-17,10,0,217,4.25,4.25,0.0,40.414494,0.0
2019-02-17,10,0,218,5.86,5.86,0.0,55.724455,0.0
2019-02-17,10,0,219,3.99,3.99,0.0,37.942077,0.0
2019-02-17,10,0,221,3.63,3.63,0.0,36.427392,0.0
2019-02-17,10,0,225,2.4,2.4,0.0,20.856099,0.0
2019-02-17,10,0,233,4.01,4.01,0.0,39.240307,0.0
2019-02-17,10,0,236,10.44,10.44,0.0,95.332081,0.0
2019-02-17,10,0,237,48.93,48.93,0.0,434.242332,0.0
2019-02-17,10,0,238,45.97,45.97,0.0,426.278777,0.0
2019-02-17,10,0,240,6.23,6.23,0.0,53.974416,0.0
2019-02-17,10,0,245,4.03,4.03,0.0,37.989549,0.0
2019-02-17,10,0,247,4.22,4.22,0.0,39.78062,0.0
2019-02-17,10,0,248,5.34,5.34,0.0,47.391254,0.0
2019-02-17,10,0,249,7.75,7.75,0.0,73.056825,0.0
2019-02-17,10,0,251,15.61,15.61,0.0,145.477156,0.0
2019-02-17,10,0,252,13.67,13.67,0.0,127.77811,0.0
2019-02-17,10,0,254,8.91,8.91,0.0,78.125438,0.0
2019-02-17,10,0,255,4.08,4.08,0.0,35.774611,0.0
2019-02-17,10,0,258,7.73,7.73,0.0,67.030203,0.0
2019-02-17,10,0,260,3.23,3.23,0.0,28.864634,0.0
2019-02-17,10,0,265,42.17,42.17,0.0,333.904274,0.0
2019-02-17,10,0,266,29.1,29.1,0.0,230.415328,0.0
2019-02-17,10,0,267,35.76,35.76,0.0,283.149558,0.0
2019-02-17,10,0,270,159.21,159.21,0.0,2177.755795,0.0
2019-02-17,10,0,272,239.93,239.93,0.0,1319.679417,0.0
2019-02-17,10,0,273,16.56,16.56,0.0,226.516148,0.0
2019-02-17,10,0,274,205.23,205.23,0.0,2807.240888,0.0
2019-02-17,10,0,275,285.67,285.67,0.0,3907.540343,0.0
2019-02-17,10,0,276,3.6,3.6,0.0,45.381802,0.0
2019-02-17,10,0,277,4.29,4.29,0.0,24.593889,0.0
2019-02-17,10,0,278,6.87,6.87,0.0,39.384619,0.0
2019-02-17,10,0,279,83.65,83.65,0.0,479.552167,0.0
2019-02-17,10,0,281,7.24,7.24,0.0,52.498313,0.0
2019-02-17,10,0,282,157.22,157.22,0.0,1140.025526,0.0
2019-02-17,11,0,9,2.5,2.5,0.0,-0.220602,0.0
2019-02-17,11,0,17,40.33,40.33,0.0,300.119352,0.0
2019-02-17,11,0,19,55.19,55.19,0.0,410.701389,0.0
2019-02-17,11,0,20,66.94,66.94,0.0,498.14008,0.0
2019-02-17,11,0,21,57.24,57.24,0.0,-5.050903,0.0
2019-02-17,11,0,22,203.41,203.41,0.0,-17.94906,0.0
2019-02-17,11,0,23,5.74,5.74,0.0,-0.506502,0.0
2019-02-17,11,0,24,10.15,10.15,0.0,-0.895644,0.0
2019-02-17,11,0,29,3.5,3.5,0.0,21.74607,0.0
2019-02-17,11,0,30,450.21,450.21,0.0,-59.989931,0.0
2019-02-17,11,0,31,23.97,23.97,0.0,-3.193973,0.0
2019-02-17,11,0,32,4.39,4.39,0.0,97.744733,0.0
2019-02-17,11,0,33,2.18,2.18,0.0,19.423899,0.0
2019-02-17,11,0,34,3.49,3.49,0.0,31.096059,0.0
2019-02-17,11,0,35,3.49,3.49,0.0,31.096059,0.0
2019-02-17,11,0,36,8.56,8.56,0.0,43.16909,0.0
2019-02-17,11,0,37,4.09,4.09,0.0,20.42099,0.0
2019-02-17,11,0,38,5.26,5.26,0.0,26.262691,0.0
2019-02-17,11,0,39,3.51,3.51,0.0,17.525104,0.0
2019-02-17,11,0,40,3.51,3.51,0.0,17.525104,0.0
2019-02-17,11,0,41,34.8,34.8,0.0,79.680423,0.0
2019-02-17,11,0,42,55.09,55.09,0.0,392.421559,0.0
2019-02-17,11,0,43,26.74,26.74,0.0,140.645379,0.0
2019-02-17,11,0,46,24.05,24.05,0.0,108.015877,0.0
2019-02-17,11,0,52,25.49,25.49,0.0,-3.396511,0.0
2019-02-17,11,0,53,41.51,41.51,0.0,-5.531157,0.0
2019-02-17,11,0,55,19.89,19.89,0.0,-1.755109,0.0
2019-02-17,11,0,56,132.8,132.8,0.0,-17.695437,0.0
2019-02-17,11,0,57,126.32,126.32,0.0,-16.831985,0.0
2019-02-17,11,0,58,242.92,242.92,0.0,-32.368793,0.0
2019-02-17,11,0,59,238.87,238.87,0.0,-31.829135,0.0
2019-02-17,11,0,63,47.73,47.73,0.0,1380.269917,0.0
2019-02-17,11,0,64,56.15,56.15,0.0,1623.761907,0.0
2019-02-17,11,0,65,4.27,4.27,0.0,31.523108,0.0
2019-02-17,11,0,67,272.35,272.35,0.0,-7605.203972,0.0
2019-02-17,11,0,68,10.41,10.41,0.0,-158.749836,0.0
2019-02-17,11,0,69,2.18,2.18,0.0,19.423899,0.0
2019-02-17,11,0,74,71.86,71.86,0.0,411.678356,0.0
2019-02-17,11,0,77,28.54,28.54,0.0,-125.792824,0.0
2019-02-17,11,0,78,21.58,21.58,0.0,-95.115948,0.0
2019-02-17,11,0,79,12.49,12.49,0.0,-55.050889,0.0
2019-02-17,11,0,80,20.19,20.19,0.0,-88.989388,0.0
2019-02-17,11,0,81,26.4,26.4,0.0,-116.360566,0.0
2019-02-17,11,0,82,18.62,18.62,0.0,-82.06946,0.0
2019-02-17,11,0,83,41.53,41.53,0.0,-183.047512,0.0
2019-02-17,11,0,84,0.0,0.0,0.0,0.0,0.0
2019-02-17,11,0,86,11.04,11.04,0.0,98.366901,0.0
2019-02-17,11,0,87,56.37,56.37,0.0,502.259261,0.0
2019-02-17,11,0,88,37.6,37.6,0.0,-165.725655,0.0
2019-02-17,11,0,89,36.14,36.14,0.0,-159.290563,0.0
2019-02-17,11,0,90,48.53,48.53,0.0,-213.900693,0.0
2019-02-17,11,0,91,173.11,173.11,0.0,-762.999153,0.0
2019-02-17,11,0,92,62.26,62.26,0.0,-274.417002,0.0
2019-02-17,11,0,95,96.29,96.29,0.0,2169.464466,0.0
2019-02-17,11,0,96,8.35,8.35,0.0,-1.505393,0.0
2019-02-17,11,0,97,61.36,61.36,0.0,-11.062382,0.0
2019-02-17,11,0,99,15.42,15.42,0.0,88.339553,0.0
2019-02-17,11,0,101,9.07,9.07,0.0,-1.208566,0.0
2019-02-17,11,0,102,24.65,24.65,0.0,-375.906193,0.0
2019-02-17,11,0,103,21.43,21.43,0.0,-326.802017,0.0
2019-02-17,11,0,104,3.98,3.98,0.0,-60.693982,0.0
2019-02-17,11,0,106,200.24,200.24,0.0,-17.669336,0.0
2019-02-17,11,0,109,83.48,83.48,0.0,315.35644,0.0
2019-02-17,11,0,110,143.95,143.95,0.0,-9606.95406,0.0
2019-02-17,11,0,111,15.16,15.16,0.0,34.711357,0.0
2019-02-17,11,0,113,60.03,60.03,0.0,-166.834345,0.0
2019-02-17,11,0,115,60.03,60.03,0.0,-166.834345,0.0
2019-02-17,11,0,116,105.5,105.5,0.0,-7040.872895,0.0
2019-02-17,11,0,117,4.04,4.04,0.0,-11.227899,0.0
2019-02-17,11,0,119,56.15,56.15,0.0,1623.761907,0.0
2019-02-17,11,0,120,33.02,33.02,0.0,954.881891,0.0
2019-02-17,11,0,123,3.34,3.34,0.0,-0.294724,0.0
2019-02-17,11,0,125,9.18,9.18,0.0,-0.81005,0.0
2019-02-17,11,0,126,150.18,150.18,0.0,-13.252002,0.0
2019-02-17,11,0,127,192.73,192.73,0.0,-17.006648,0.0
2019-02-17,11,0,128,13.15,13.15,0.0,-1.160366,0.0
2019-02-17,11,0,131,9.07,9.07,0.0,-107.613193,0.0
2019-02-17,11,0,132,13.34,13.34,0.0,-158.275634,0.0
2019-02-17,11,0,133,8.26,8.26,0.0,61.513555,0.0
2019-02-17,11,0,134,0.0,0.0,0.0,0.0,0.0
2019-02-17,11,0,135,11.07,11.07,0.0,82.440079,0.0
2019-02-17,11,0,136,6.36,6.36,0.0,46.931806,0.0
2019-02-17,11,0,139,44.94,44.94,0.0,102.89765,0.0
2019-02-17,11,0,140,106.54,106.54,0.0,-7110.280552,0.0
2019-02-17,11,0,141,30.65,30.65,0.0,-855.882143,0.0
2019-02-17,11,0,142,359.17,359.17,0.0,-10029.59835,0.0
2019-02-17,11,0,143,36.52,36.52,0.0,-4.866245,0.0
2019-02-17,11,0,145,69.85,69.85,0.0,92.134692,0.0
2019-02-17,11,0,146,6.08,6.08,0.0,-405.767841,0.0
2019-02-17,11,0,152,6.43,6.43,0.0,37.017469,0.0
2019-02-17,11,0,153,8.07,8.07,0.0,45.843829,0.0
2019-02-17,11,0,154,62.55,62.55,0.0,143.218691,0.0
2019-02-17,11,0,157,0.0,0.0,0.0,-0.0,0.0
2019-02-17,11,0,158,249.52,249.52,0.0,-6967.690454,0.0
2019-02-17,11,0,159,0.0,0.0,0.0,0.0,0.0
2019-02-17,11,0,160,2.11,2.11,0.0,12.978082,0.0
2019-02-17,11,0,161,51.27,51.27,0.0,-781.854382,0.0
2019-02-17,11,0,162,156.33,156.33,0.0,3533.30645,0.0
2019-02-17,11,0,163,120.23,120.23,0.0,-8023.925575,0.0
2019-02-17,11,0,164,17.43,17.43,0.0,-2.322526,0.0
2019-02-17,11,0,167,4.89,4.89,0.0,109.256826,0.0
2019-02-17,11,0,168,2.44,2.44,0.0,54.516698,0.0
2019-02-17,11,0,169,0.0,0.0,0.0,0.0,0.0
2019-02-17,11,0,170,5.34,5.34,0.0,119.311135,0.0
2019-02-17,11,0,172,6.39,6.39,0.0,130.586695,0.0
2019-02-17,11,0,173,9.74,9.74,0.0,199.047638,0.0
2019-02-17,11,0,188,8.89,8.89,0.0,187.600843,0.0
2019-02-17,11,0,190,8.5,8.5,0.0,245.805453,0.0
2019-02-17,11,0,191,21.95,21.95,0.0,634.756436,0.0
2019-02-17,11,0,192,188.73,188.73,0.0,5457.748614,0.0
2019-02-17,11,0,194,52.95,52.95,0.0,432.845577,0.0
2019-02-17,11,0,196,5.42,5.42,0.0,228.734073,0.0
2019-02-17,11,0,198,9.28,9.28,0.0,69.104482,0.0
2019-02-17,11,0,199,56.82,56.82,0.0,576.126679,0.0
2019-02-17,11,0,200,17.42,17.42,0.0,176.630179,0.0
2019-02-17,11,0,204,257.1,257.1,0.0,921.695505,0.0
2019-02-17,11,0,205,545.8,545.8,0.0,2061.829721,0.0
2019-02-17,11,0,206,234.53,234.53,0.0,-42.282604,0.0
2019-02-17,11,0,210,1.11,1.11,0.0,7.341768,0.0
2019-02-17,11,0,214,10.54,10.54,0.0,103.074532,0.0
2019-02-17,11,0,217,6.53,6.53,0.0,54.904687,0.0
2019-02-17,11,0,218,9.01,9.01,0.0,75.756697,0.0
2019-02-17,11,0,219,6.14,6.14,0.0,51.62554,0.0
2019-02-17,11,0,221,5.62,5.62,0.0,54.960044,0.0
2019-02-17,11,0,225,3.65,3.65,0.0,22.53668,0.0
2019-02-17,11,0,233,6.25,6.25,0.0,55.687784,0.0
2019-02-17,11,0,236,55.7,55.7,0.0,369.341187,0.0
2019-02-17,11,0,237,160.2,160.2,0.0,917.768893,0.0
2019-02-17,11,0,238,71.71,71.71,0.0,510.810492,0.0
2019-02-17,11,0,240,9.7,9.7,0.0,48.918244,0.0
2019-02-17,11,0,245,7.54,7.54,0.0,57.749074,0.0
2019-02-17,11,0,247,14.35,14.35,0.0,109.907056,0.0
2019-02-17,11,0,248,19.07,19.07,0.0,109.250017,0.0
2019-02-17,11,0,249,14.51,14.51,0.0,111.132501,0.0
2019-02-17,11,0,251,35.27,35.27,0.0,256.955337,0.0
2019-02-17,11,0,252,27.56,27.56,0.0,203.460622,0.0
2019-02-17,11,0,254,14.41,14.41,0.0,79.014699,0.0
2019-02-17,11,0,255,6.6,6.6,0.0,36.189938,0.0
2019-02-17,11,0,258,11.98,11.98,0.0,60.835683,0.0
2019-02-17,11,0,260,5.11,5.11,0.0,31.430331,0.0
2019-02-17,11,0,265,64.76,64.76,0.0,148.278856,0.0
2019-02-17,11,0,266,29.1,29.1,0.0,66.629319,0.0
2019-02-17,11,0,267,35.76,35.76,0.0,81.878504,0.0
2019-02-17,11,0,270,406.71,406.71,0.0,-27143.065548,0.0
2019-02-17,11,0,272,200.46,200.46,0.0,-557.114988,0.0
2019-02-17,11,0,273,25.23,25.23,0.0,-1683.803063,0.0
2019-02-17,11,0,274,531.12,531.12,0.0,-35445.956513,0.0
2019-02-17,11,0,275,749.38,749.38,0.0,-50012.22114,0.0
2019-02-17,11,0,276,5.51,5.51,0.0,-319.975836,0.0
2019-02-17,11,0,277,6.62,6.62,0.0,-22.720108,0.0
2019-02-17,11,0,278,10.6,10.6,0.0,-36.379629,0.0
2019-02-17,11,0,279,135.33,135.33,0.0,-464.458031,0.0
2019-02-17,11,0,281,10.45,10.45,0.0,-1.39245,0.0
2019-02-17,11,0,282,246.97,246.97,0.0,-32.90845,0.0
2019-02-17,12,0,9,3.42,3.42,0.0,-2.388983,0.0
2019-02-17,12,0,17,50.97,50.97,0.0,459.798259,0.0
2019-02-17,12,0,19,67.72,67.72,0.0,610.899316,0.0
2019-02-17,12,0,20,82.13,82.13,0.0,740.891329,0.0
2019-02-17,12,0,21,78.23,78.23,0.0,-54.646251,0.0
2019-02-17,12,0,22,278.03,278.03,0.0,-194.21318,0.0
2019-02-17,12,0,23,7.32,7.32,0.0,-5.113263,0.0
2019-02-17,12,0,24,12.26,12.26,0.0,-8.564017,0.0
2019-02-17,12,0,29,4.42,4.42,0.0,24.130949,0.0
2019-02-17,12,0,30,614.8,614.8,0.0,-464.33018,0.0
2019-02-17,12,0,31,36.85,36.85,0.0,-27.831111,0.0
2019-02-17,12,0,32,5.78,5.78,0.0,292.191063,0.0
2019-02-17,12,0,33,2.91,2.91,0.0,31.975666,0.0
2019-02-17,12,0,34,4.65,4.65,0.0,51.095137,0.0
2019-02-17,12,0,35,4.65,4.65,0.0,51.095137,0.0
2019-02-17,12,0,36,11.82,11.82,0.0,67.732573,0.0
2019-02-17,12,0,37,5.6,5.6,0.0,31.643171,0.0
2019-02-17,12,0,38,7.21,7.21,0.0,40.740582,0.0
2019-02-17,12,0,39,4.8,4.8,0.0,27.122718,0.0
2019-02-17,12,0,40,4.8,4.8,0.0,27.122718,0.0
2019-02-17,12,0,41,34.8,34.8,0.0,80.599324,0.0
2019-02-17,12,0,42,71.5,71.5,0.0,614.508846,0.0
2019-02-17,12,0,43,37.27,37.27,0.0,221.202781,0.0
2019-02-17,12,0,46,32.22,32.22,0.0,161.268941,0.0
2019-02-17,12,0,52,39.06,39.06,0.0,-29.500223,0.0
2019-02-17,12,0,53,62.05,62.05,0.0,-46.863513,0.0
2019-02-17,12,0,55,36.68,36.68,0.0,-25.622197,0.0
2019-02-17,12,0,56,181.34,181.34,0.0,-136.957767,0.0
2019-02-17,12,0,57,172.5,172.5,0.0,-130.281321,0.0
2019-02-17,12,0,58,331.73,331.73,0.0,-250.540421,0.0
2019-02-17,12,0,59,326.2,326.2,0.0,-246.363866,0.0
2019-02-17,12,0,63,51.0,51.0,0.0,6040.253858,0.0
2019-02-17,12,0,64,60.0,60.0,0.0,7106.18101,0.0
2019-02-17,12,0,65,8.24,8.24,0.0,73.679973,0.0
2019-02-17,12,0,67,372.44,372.44,0.0,-206225.754245,0.0
2019-02-17,12,0,68,16.88,16.88,0.0,-6886.721338,0.0
2019-02-17,12,0,69,2.91,2.91,0.0,31.975666,0.0
2019-02-17,12,0,74,217.6,217.6,0.0,1466.175149,0.0
2019-02-17,12,0,77,40.19,40.19,0.0,-11505.796417,0.0
2019-02-17,12,0,78,30.38,30.38,0.0,-8697.340013,0.0
2019-02-17,12,0,79,17.58,17.58,0.0,-5032.891291,0.0
2019-02-17,12,0,80,28.43,28.43,0.0,-8139.084153,0.0
2019-02-17,12,0,81,37.17,37.17,0.0,-10641.215546,0.0
2019-02-17,12,0,82,26.22,26.22,0.0,-7506.394179,0.0
2019-02-17,12,0,83,58.47,58.47,0.0,-16739.087247,0.0
2019-02-17,12,0,84,0.0,0.0,0.0,0.0,0.0
2019-02-17,12,0,86,14.73,14.73,0.0,161.856207,0.0
2019-02-17,12,0,87,75.22,75.22,0.0,826.532511,0.0
2019-02-17,12,0,88,50.33,50.33,0.0,-14408.726888,0.0
2019-02-17,12,0,89,48.39,48.39,0.0,-13853.333879,0.0
2019-02-17,12,0,90,64.97,64.97,0.0,-18599.940114,0.0
2019-02-17,12,0,91,231.76,231.76,0.0,-66349.42467,0.0
2019-02-17,12,0,92,83.35,83.35,0.0,-23861.859451,0.0
2019-02-17,12,0,95,120.0,120.0,0.0,2333.493576,0.0
2019-02-17,12,0,96,12.64,12.64,0.0,-10.295696,0.0
2019-02-17,12,0,97,77.74,77.74,0.0,-63.321788,0.0
2019-02-17,12,0,99,42.0,42.0,0.0,282.993365,0.0
2019-02-17,12,0,101,12.38,12.38,0.0,-9.350045,0.0
2019-02-17,12,0,102,39.96,39.96,0.0,-16302.925632,0.0
2019-02-17,12,0,103,34.75,34.75,0.0,-14177.343987,0.0
2019-02-17,12,0,104,6.45,6.45,0.0,-2631.478236,0.0
2019-02-17,12,0,106,273.7,273.7,0.0,-191.188531,0.0
2019-02-17,12,0,109,60.0,60.0,0.0,249.560344,0.0
2019-02-17,12,0,110,276.56,276.56,0.0,-276560.0,0.0
2019-02-17,12,0,111,20.76,20.76,0.0,48.081666,0.0
2019-02-17,12,0,113,45.0,45.0,0.0,-11601.611509,0.0
2019-02-17,12,0,115,45.0,45.0,0.0,-11601.611509,0.0
2019-02-17,12,0,116,138.64,138.64,0.0,-138640.0,0.0
2019-02-17,12,0,117,3.0,3.0,0.0,-773.440767,0.0
2019-02-17,12,0,119,60.0,60.0,0.0,7106.18101,0.0
2019-02-17,12,0,120,35.28,35.28,0.0,4178.434434,0.0
2019-02-17,12,0,123,4.56,4.56,0.0,-3.185311,0.0
2019-02-17,12,0,125,11.22,11.22,0.0,-7.837542,0.0
2019-02-17,12,0,126,205.27,205.27,0.0,-143.387906,0.0
2019-02-17,12,0,127,263.44,263.44,0.0,-184.021581,0.0
2019-02-17,12,0,128,15.38,15.38,0.0,-10.74344,0.0
2019-02-17,12,0,131,13.71,13.71,0.0,-5059.812485,0.0
2019-02-17,12,0,132,20.15,20.15,0.0,-7436.558832,0.0
2019-02-17,12,0,133,10.73,10.73,0.0,96.874966,0.0
2019-02-17,12,0,134,0.0,0.0,0.0,0.0,0.0
2019-02-17,12,0,135,14.38,14.38,0.0,129.828705,0.0
2019-02-17,12,0,136,12.59,12.59,0.0,112.52181,0.0
2019-02-17,12,0,139,44.94,44.94,0.0,104.0843,0.0
2019-02-17,12,0,140,204.68,204.68,0.0,-204680.0,0.0
2019-02-17,12,0,141,53.6,53.6,0.0,-29679.144097,0.0
2019-02-17,12,0,142,491.15,491.15,0.0,-271957.306405,0.0
2019-02-17,12,0,143,58.82,58.82,0.0,-44.424042,0.0
2019-02-17,12,0,145,53.75,53.75,0.0,57.517463,0.0
2019-02-17,12,0,146,18.72,18.72,0.0,-18720.0,0.0
2019-02-17,12,0,152,8.87,8.87,0.0,59.935844,0.0
2019-02-17,12,0,153,11.1,11.1,0.0,73.865739,0.0
2019-02-17,12,0,154,85.65,85.65,0.0,198.371613,0.0
2019-02-17,12,0,157,0.0,0.0,0.0,-0.0,0.0
2019-02-17,12,0,158,349.08,349.08,0.0,-193290.963086,0.0
2019-02-17,12,0,159,0.0,0.0,0.0,0.0,0.0
2019-02-17,12,0,160,2.91,2.91,0.0,20.184024,0.0
2019-02-17,12,0,161,70.25,70.25,0.0,-28660.673815,0.0
2019-02-17,12,0,162,162.5,162.5,0.0,3288.184727,0.0
2019-02-17,12,0,163,185.4,185.4,0.0,-185400.0,0.0
2019-02-17,12,0,164,24.55,24.55,0.0,-18.541487,0.0
2019-02-17,12,0,167,6.35,6.35,0.0,102.008631,0.0
2019-02-17,12,0,168,3.18,3.18,0.0,51.084637,0.0
2019-02-17,12,0,169,0.0,0.0,0.0,0.0,0.0
2019-02-17,12,0,170,6.95,6.95,0.0,111.647242,0.0
2019-02-17,12,0,172,8.39,8.39,0.0,161.128378,0.0
2019-02-17,12,0,173,12.78,12.78,0.0,245.437505,0.0
2019-02-17,12,0,188,11.7,11.7,0.0,342.027254,0.0
2019-02-17,12,0,190,11.2,11.2,0.0,363.18864,0.0
2019-02-17,12,0,191,28.94,28.94,0.0,938.453503,0.0
2019-02-17,12,0,192,294.37,294.37,0.0,9545.699989,0.0
2019-02-17,12,0,194,52.95,52.95,0.0,-6500.721944,0.0
2019-02-17,12,0,196,7.2,7.2,0.0,1962.144673,0.0
2019-02-17,12,0,198,12.25,12.25,0.0,101.0074,0.0
2019-02-17,12,0,199,113.69,113.69,0.0,-3021.192408,0.0
2019-02-17,12,0,200,22.9,22.9,0.0,-608.543462,0.0
2019-02-17,12,0,204,257.1,257.1,0.0,1004.866049,0.0
2019-02-17,12,0,205,317.4,317.4,0.0,1320.174217,0.0
2019-02-17,12,0,206,228.44,228.44,0.0,-186.071898,0.0
2019-02-17,12,0,210,1.39,1.39,0.0,8.399958,0.0
2019-02-17,12,0,214,13.4,13.4,0.0,162.853113,0.0
2019-02-17,12,0,217,8.14,8.14,0.0,77.314244,0.0
2019-02-17,12,0,218,11.23,11.23,0.0,106.663262,0.0
2019-02-17,12,0,219,7.65,7.65,0.0,72.660192,0.0
2019-02-17,12,0,221,7.14,7.14,0.0,86.773972,0.0
2019-02-17,12,0,225,4.46,4.46,0.0,24.097943,0.0
2019-02-17,12,0,233,8.34,8.34,0.0,91.6416,0.0
2019-02-17,12,0,236,159.03,159.03,0.0,1261.60766,0.0
2019-02-17,12,0,237,522.0,522.0,0.0,3517.203253,0.0
2019-02-17,12,0,238,93.06,93.06,0.0,799.806898,0.0
2019-02-17,12,0,240,13.39,13.39,0.0,76.729201,0.0
2019-02-17,12,0,245,13.73,13.73,0.0,127.857234,0.0
2019-02-17,12,0,247,38.41,38.41,0.0,357.683638,0.0
2019-02-17,12,0,248,52.4,52.4,0.0,353.067913,0.0
2019-02-17,12,0,249,26.4,26.4,0.0,245.843479,0.0
2019-02-17,12,0,251,73.07,73.07,0.0,643.870001,0.0
2019-02-17,12,0,252,53.14,53.14,0.0,475.164289,0.0
2019-02-17,12,0,254,19.45,19.45,0.0,120.323851,0.0
2019-02-17,12,0,255,8.91,8.91,0.0,55.120078,0.0
2019-02-17,12,0,258,16.64,16.64,0.0,95.903211,0.0
2019-02-17,12,0,260,7.06,7.06,0.0,48.968799,0.0
2019-02-17,12,0,265,88.68,88.68,0.0,205.389313,0.0
2019-02-17,12,0,266,29.1,29.1,0.0,67.397711,0.0
2019-02-17,12,0,267,35.76,35.76,0.0,82.822754,0.0
2019-02-17,12,0,270,579.0,579.0,0.0,-579000.0,0.0
2019-02-17,12,0,272,150.39,150.39,0.0,-38772.585664,0.0
2019-02-17,12,0,273,33.15,33.15,0.0,-33150.0,0.0
2019-02-17,12,0,274,746.4,746.4,0.0,-746400.0,0.0
2019-02-17,12,0,275,1039.0,1039.0,0.0,-1039000.0,0.0
2019-02-17,12,0,276,7.33,7.33,0.0,-6599.595285,0.0
2019-02-17,12,0,277,8.68,8.68,0.0,-2336.901295,0.0
2019-02-17,12,0,278,13.89,13.89,0.0,-3739.580529,0.0
2019-02-17,12,0,279,209.52,209.52,0.0,-56408.704993,0.0
2019-02-17,12,0,281,16.54,16.54,0.0,-12.491902,0.0
2019-02-17,12,0,282,337.25,337.25,0.0,-254.709423,0.0
2019-02-17,13,0,9,4.15,4.15,0.0,-1654.248211,0.0
2019-02-17,13,0,17,58.9,58.9,0.0,717.812466,0.0
2019-02-17,13,0,19,81.93,81.93,0.0,998.478359,0.0
2019-02-17,13,0,20,99.37,99.37,0.0,1211.019096,0.0
2019-02-17,13,0,21,94.88,94.88,0.0,-37820.498852,0.0
2019-02-17,13,0,22,337.19,337.19,0.0,-134408.663658,0.0
2019-02-17,13,0,23,23.4,23.4,0.0,-9327.568224,0.0
2019-02-17,13,0,24,40.86,40.86,0.0,-16287.36913,0.0
2019-02-17,13,0,29,3.87,3.87,0.0,12.697958,0.0
2019-02-17,13,0,30,746.25,746.25,0.0,-746250.0,0.0
2019-02-17,13,0,31,57.52,57.52,0.0,-57520.0,0.0
2019-02-17,13,0,32,6.86,6.86,0.0,278.207589,0.0
2019-02-17,13,0,33,3.46,3.46,0.0,67.601638,0.0
2019-02-17,13,0,34,5.54,5.54,0.0,108.240774,0.0
2019-02-17,13,0,35,5.54,5.54,0.0,108.240774,0.0
2019-02-17,13,0,36,14.11,14.11,0.0,10.095045,0.0
2019-02-17,13,0,37,6.69,6.69,0.0,3.878175,0.0
2019-02-17,13,0,38,8.61,8.61,0.0,4.991194,0.0
2019-02-17,13,0,39,5.74,5.74,0.0,3.327463,0.0
2019-02-17,13,0,40,5.74,5.74,0.0,3.327463,0.0
2019-02-17,13,0,41,34.8,34.8,0.0,-657.183124,0.0
2019-02-17,13,0,42,82.34,82.34,0.0,872.269869,0.0
2019-02-17,13,0,43,42.43,42.43,0.0,77.475861,0.0
2019-02-17,13,0,46,35.84,35.84,0.0,-48.291471,0.0
2019-02-17,13,0,52,60.97,60.97,0.0,-60970.0,0.0
2019-02-17,13,0,53,96.87,96.87,0.0,-96870.0,0.0
2019-02-17,13,0,55,52.92,52.92,0.0,-21094.654292,0.0
2019-02-17,13,0,56,220.12,220.12,0.0,-220120.0,0.0
2019-02-17,13,0,57,209.38,209.38,0.0,-209380.0,0.0
2019-02-17,13,0,58,402.65,402.65,0.0,-402650.0,0.0
2019-02-17,13,0,59,395.94,395.94,0.0,-395940.0,0.0
2019-02-17,13,0,63,51.0,51.0,0.0,5734.771526,0.0
2019-02-17,13,0,64,60.0,60.0,0.0,6746.790031,0.0
2019-02-17,13,0,65,14.7,14.7,0.0,174.797191,0.0
2019-02-17,13,0,67,444.11,444.11,0.0,-245058.250114,0.0
2019-02-17,13,0,68,26.59,26.59,0.0,-10780.526197,0.0
2019-02-17,13,0,69,3.46,3.46,0.0,67.601638,0.0
2019-02-17,13,0,74,217.6,217.6,0.0,719.591308,0.0
2019-02-17,13,0,77,57.06,57.06,0.0,-16101.941937,0.0
2019-02-17,13,0,78,43.14,43.14,0.0,-12173.813095,0.0
2019-02-17,13,0,79,24.97,24.97,0.0,-7046.363305,0.0
2019-02-17,13,0,80,40.37,40.37,0.0,-11392.13803,0.0
2019-02-17,13,0,81,52.78,52.78,0.0,-14894.155195,0.0
2019-02-17,13,0,82,37.23,37.23,0.0,-10506.051495,0.0
2019-02-17,13,0,83,83.03,83.03,0.0,-23430.498406,0.0
2019-02-17,13,0,84,0.0,0.0,0.0,-0.0,0.0
2019-02-17,13,0,86,17.54,17.54,0.0,342.697323,0.0
2019-02-17,13,0,87,89.55,89.55,0.0,1749.631999,0.0
2019-02-17,13,0,88,51.18,51.18,0.0,-14442.646133,0.0
2019-02-17,13,0,89,49.2,49.2,0.0,-13883.903668,0.0
2019-02-17,13,0,90,66.06,66.06,0.0,-18641.680413,0.0
2019-02-17,13,0,91,235.65,235.65,0.0,-66498.819094,0.0
2019-02-17,13,0,92,84.75,84.75,0.0,-23915.870648,0.0
2019-02-17,13,0,95,120.0,120.0,0.0,2333.493576,0.0
2019-02-17,13,0,96,19.14,19.14,0.0,491.31277,0.0
2019-02-17,13,0,97,117.72,117.72,0.0,3021.80456,0.0
2019-02-17,13,0,99,42.0,42.0,0.0,138.891705,0.0
2019-02-17,13,0,101,15.03,15.03,0.0,-15030.0,0.0
2019-02-17,13,0,102,62.96,62.96,0.0,-25526.210205,0.0
2019-02-17,13,0,103,54.75,54.75,0.0,-22197.585907,0.0
2019-02-17,13,0,104,10.17,10.17,0.0,-4123.277601,0.0
2019-02-17,13,0,106,331.94,331.94,0.0,-132315.940018,0.0
2019-02-17,13,0,109,60.0,60.0,0.0,-261.688303,0.0
2019-02-17,13,0,110,338.6,338.6,0.0,-338600.0,0.0
2019-02-17,13,0,111,23.77,23.77,0.0,-448.886289,0.0
2019-02-17,13,0,113,45.0,45.0,0.0,-11563.128922,0.0
2019-02-17,13,0,115,45.0,45.0,0.0,-11563.128922,0.0
2019-02-17,13,0,116,162.72,162.72,0.0,-162720.0,0.0
2019-02-17,13,0,117,3.0,3.0,0.0,-770.875261,0.0
2019-02-17,13,0,119,60.0,60.0,0.0,6746.790031,0.0
2019-02-17,13,0,120,35.28,35.28,0.0,3967.112538,0.0
2019-02-17,13,0,123,5.53,5.53,0.0,-2204.335568,0.0
2019-02-17,13,0,125,37.1,37.1,0.0,-14788.58039,0.0
2019-02-17,13,0,126,248.95,248.95,0.0,-99234.961943,0.0
2019-02-17,13,0,127,319.49,319.49,0.0,-127353.195386,0.0
2019-02-17,13,0,128,52.37,52.37,0.0,-20875.416578,0.0
2019-02-17,13,0,131,21.1,21.1,0.0,-7729.918799,0.0
2019-02-17,13,0,132,31.01,31.01,0.0,-11360.416207,0.0
2019-02-17,13,0,133,13.79,13.79,0.0,168.442877,0.0
2019-02-17,13,0,134,0.0,0.0,0.0,0.0,0.0
2019-02-17,13,0,135,18.48,18.48,0.0,225.730556,0.0
2019-02-17,13,0,136,22.39,22.39,0.0,265.874877,0.0
2019-02-17,13,0,139,44.94,44.94,0.0,-848.67269,0.0
2019-02-17,13,0,140,250.6,250.6,0.0,-250600.0,0.0
2019-02-17,13,0,141,89.0,89.0,0.0,-49109.869762,0.0
2019-02-17,13,0,142,585.67,585.67,0.0,-323170.53285,0.0
2019-02-17,13,0,143,94.46,94.46,0.0,-94460.0,0.0
2019-02-17,13,0,145,100.0,100.0,0.0,-1408.512214,0.0
2019-02-17,13,0,146,44.45,44.45,0.0,-44450.0,0.0
2019-02-17,13,0,152,10.46,10.46,0.0,41.232916,0.0
2019-02-17,13,0,153,13.04,13.04,0.0,46.587781,0.0
2019-02-17,13,0,154,98.05,98.05,0.0,-1851.632337,0.0
2019-02-17,13,0,157,0.0,0.0,0.0,-0.0,0.0
2019-02-17,13,0,158,433.69,433.69,0.0,-239308.532778,0.0
2019-02-17,13,0,159,0.0,0.0,0.0,0.0,0.0
2019-02-17,13,0,160,3.36,3.36,0.0,19.476899,0.0
2019-02-17,13,0,161,83.86,83.86,0.0,-33999.809209,0.0
2019-02-17,13,0,162,162.5,162.5,0.0,3294.287043,0.0
2019-02-17,13,0,163,104.55,104.55,0.0,-104550.0,0.0
2019-02-17,13,0,164,29.04,29.04,0.0,-29040.0,0.0
2019-02-17,13,0,167,7.55,7.55,0.0,123.808859,0.0
2019-02-17,13,0,168,3.77,3.77,0.0,61.822437,0.0
2019-02-17,13,0,169,0.0,0.0,0.0,0.0,0.0
2019-02-17,13,0,170,8.26,8.26,0.0,135.451811,0.0
2019-02-17,13,0,172,10.26,10.26,0.0,126.72037,0.0
2019-02-17,13,0,173,15.64,15.64,0.0,193.168283,0.0
2019-02-17,13,0,188,13.99,13.99,0.0,294.155655,0.0
2019-02-17,13,0,190,13.45,13.45,0.0,436.150643,0.0
2019-02-17,13,0,191,34.74,34.74,0.0,1126.533334,0.0
2019-02-17,13,0,192,332.6,332.6,0.0,10785.405497,0.0
2019-02-17,13,0,194,52.95,52.95,0.0,-6590.644522,0.0
2019-02-17,13,0,196,8.67,8.67,0.0,2316.00071,0.0
2019-02-17,13,0,198,14.4,14.4,0.0,162.988543,0.0
2019-02-17,13,0,199,73.53,73.53,0.0,-1217.755784,0.0
2019-02-17,13,0,200,25.58,25.58,0.0,-423.639235,0.0
2019-02-17,13,0,204,257.1,257.1,0.0,-1308.716545,0.0
2019-02-17,13,0,205,317.4,317.4,0.0,-1384.331125,0.0
2019-02-17,13,0,206,345.93,345.93,0.0,8879.823746,0.0
2019-02-17,13,0,210,1.85,1.85,0.0,9.870977,0.0
2019-02-17,13,0,214,17.07,17.07,0.0,407.611171,0.0
2019-02-17,13,0,217,10.1,10.1,0.0,160.014741,0.0
2019-02-17,13,0,218,13.93,13.93,0.0,220.693598,0.0
2019-02-17,13,0,219,9.49,9.49,0.0,150.350484,0.0
2019-02-17,13,0,221,9.1,9.1,0.0,217.297109,0.0
2019-02-17,13,0,225,4.47,4.47,0.0,13.779728,0.0
2019-02-17,13,0,233,9.92,9.92,0.0,193.817414,0.0
2019-02-17,13,0,236,319.85,319.85,0.0,2615.048439,0.0
2019-02-17,13,0,237,522.0,522.0,0.0,1726.225473,0.0
2019-02-17,13,0,238,107.17,107.17,0.0,1135.306799,0.0
2019-02-17,13,0,240,15.99,15.99,0.0,11.440097,0.0
2019-02-17,13,0,245,23.55,23.55,0.0,312.637098,0.0
2019-02-17,13,0,247,83.23,83.23,0.0,1104.916588,0.0
2019-02-17,13,0,248,52.4,52.4,0.0,173.283936,0.0
2019-02-17,13,0,249,45.3,45.3,0.0,601.378366,0.0
2019-02-17,13,0,251,136.4,136.4,0.0,1555.638829,0.0
2019-02-17,13,0,252,94.83,94.83,0.0,1127.620244,0.0
2019-02-17,13,0,254,22.94,22.94,0.0,64.745053,0.0
2019-02-17,13,0,255,10.51,10.51,0.0,29.663056,0.0
2019-02-17,13,0,258,19.79,19.79,0.0,17.708302,0.0
2019-02-17,13,0,260,8.16,8.16,0.0,47.301039,0.0
2019-02-17,13,0,265,101.51,101.51,0.0,-1916.972958,0.0
2019-02-17,13,0,266,29.1,29.1,0.0,-549.541061,0.0
2019-02-17,13,0,267,35.76,35.76,0.0,-675.312314,0.0
2019-02-17,13,0,270,325.32,325.32,0.0,-325320.0,0.0
2019-02-17,13,0,272,150.39,150.39,0.0,-38643.976858,0.0
2019-02-17,13,0,273,38.91,38.91,0.0,-38910.0,0.0
2019-02-17,13,0,274,419.18,419.18,0.0,-419180.0,0.0
2019-02-17,13,0,275,583.24,583.24,0.0,-583240.0,0.0
2019-02-17,13,0,276,8.58,8.58,0.0,-7721.361409,0.0
2019-02-17,13,0,277,10.47,10.47,0.0,-2796.279819,0.0
2019-02-17,13,0,278,16.75,16.75,0.0,-4473.51356,0.0
2019-02-17,13,0,279,378.16,378.16,0.0,-100997.247025,0.0
2019-02-17,13,0,281,25.82,25.82,0.0,-25820.0,0.0
2019-02-17,13,0,282,409.36,409.36,0.0,-409360.0,0.0
2019-02-17,14,0,9,4.37,4.37,0.0,-1733.003579,0.0
2019-02-17,14,0,17,61.29,61.29,0.0,658.26998,0.0
2019-02-17,14,0,19,186.32,186.32,0.0,2001.123555,0.0
2019-02-17,14,0,20,225.98,225.98,0.0,2427.081907,0.0
2019-02-17,14,0,21,99.91,99.91,0.0,-39621.141313,0.0
2019-02-17,14,0,22,355.07,355.07,0.0,-140809.515025,0.0
2019-02-17,14,0,23,2.17,2.17,0.0,-860.553264,0.0
2019-02-17,14,0,24,3.73,3.73,0.0,-1479.199851,0.0
2019-02-17,14,0,29,3.87,3.87,0.0,13.49671,0.0
2019-02-17,14,0,30,802.36,802.36,0.0,-802360.0,0.0
2019-02-17,14,0,31,41.06,41.06,0.0,-41060.0,0.0
2019-02-17,14,0,32,6.91,6.91,0.0,316.354419,0.0
2019-02-17,14,0,33,3.58,3.58,0.0,61.315323,0.0
2019-02-17,14,0,34,5.72,5.72,0.0,97.967499,0.0
2019-02-17,14,0,35,5.72,5.72,0.0,97.967499,0.0
2019-02-17,14,0,36,14.65,14.65,0.0,12.891423,0.0
2019-02-17,14,0,37,6.95,6.95,0.0,5.442947,0.0
2019-02-17,14,0,38,8.93,8.93,0.0,6.9936,0.0
2019-02-17,14,0,39,5.95,5.95,0.0,4.659789,0.0
2019-02-17,14,0,40,5.95,5.95,0.0,4.659789,0.0
2019-02-17,14,0,41,34.8,34.8,0.0,-593.511705,0.0
2019-02-17,14,0,42,87.09,87.09,0.0,814.795534,0.0
2019-02-17,14,0,43,43.3,43.3,0.0,81.685366,0.0
2019-02-17,14,0,46,37.03,37.03,0.0,-30.531941,0.0
2019-02-17,14,0,52,43.52,43.52,0.0,-43520.0,0.0
2019-02-17,14,0,53,69.14,69.14,0.0,-69140.0,0.0
2019-02-17,14,0,55,32.73,32.73,0.0,-12979.681265,0.0
2019-02-17,14,0,56,236.67,236.67,0.0,-236670.0,0.0
2019-02-17,14,0,57,225.12,225.12,0.0,-225120.0,0.0
2019-02-17,14,0,58,432.93,432.93,0.0,-432930.0,0.0
2019-02-17,14,0,59,425.71,425.71,0.0,-425710.0,0.0
2019-02-17,14,0,63,51.0,51.0,0.0,5924.308494,0.0
2019-02-17,14,0,64,60.0,60.0,0.0,6969.774699,0.0
2019-02-17,14,0,65,23.65,23.65,0.0,247.924612,0.0
2019-02-17,14,0,67,462.82,462.82,0.0,-255065.243175,0.0
2019-02-17,14,0,68,9.6,9.6,0.0,-3883.453748,0.0
2019-02-17,14,0,69,3.58,3.58,0.0,61.315323,0.0
2019-02-17,14,0,74,217.6,217.6,0.0,648.13688,0.0
2019-02-17,14,0,77,32.14,32.14,0.0,-9040.277876,0.0
2019-02-17,14,0,78,24.3,24.3,0.0,-6835.057635,0.0
2019-02-17,14,0,79,14.06,14.06,0.0,-3954.769973,0.0
2019-02-17,14,0,80,22.74,22.74,0.0,-6396.263812,0.0
2019-02-17,14,0,81,29.73,29.73,0.0,-8362.397675,0.0
2019-02-17,14,0,82,20.97,20.97,0.0,-5898.401589,0.0
2019-02-17,14,0,83,46.76,46.76,0.0,-13152.563581,0.0
2019-02-17,14,0,84,0.0,0.0,0.0,-0.0,0.0
2019-02-17,14,0,86,18.12,18.12,0.0,310.344595,0.0
2019-02-17,14,0,87,92.5,92.5,0.0,1584.264628,0.0
2019-02-17,14,0,88,42.55,42.55,0.0,-11968.382814,0.0
2019-02-17,14,0,89,40.91,40.91,0.0,-11507.086743,0.0
2019-02-17,14,0,90,54.92,54.92,0.0,-15447.792812,0.0
2019-02-17,14,0,91,195.92,195.92,0.0,-55108.003781,0.0
2019-02-17,14,0,92,70.46,70.46,0.0,-19818.854361,0.0
2019-02-17,14,0,95,120.0,120.0,0.0,2333.493576,0.0
2019-02-17,14,0,96,8.84,8.84,0.0,258.458743,0.0
2019-02-17,14,0,97,59.25,59.25,0.0,1732.316801,0.0
2019-02-17,14,0,99,42.0,42.0,0.0,125.099949,0.0
2019-02-17,14,0,101,16.16,16.16,0.0,-16160.0,0.0
2019-02-17,14,0,102,22.66,22.66,0.0,-9166.56895,0.0
2019-02-17,14,0,103,19.71,19.71,0.0,-7973.215975,0.0
2019-02-17,14,0,104,3.69,3.69,0.0,-1492.702534,0.0
2019-02-17,14,0,106,349.54,349.54,0.0,-138616.49219,0.0
2019-02-17,14,0,109,60.0,60.0,0.0,-205.038259,0.0
2019-02-17,14,0,110,338.6,338.6,0.0,-338600.0,0.0
2019-02-17,14,0,111,25.55,25.55,0.0,-435.753565,0.0
2019-02-17,14,0,113,43.81,43.81,0.0,-11189.345432,0.0
2019-02-17,14,0,115,43.81,43.81,0.0,-11189.345432,0.0
2019-02-17,14,0,116,166.19,166.19,0.0,-166190.0,0.0
2019-02-17,14,0,117,2.92,2.92,0.0,-745.786091,0.0
2019-02-17,14,0,119,60.0,60.0,0.0,6969.774699,0.0
2019-02-17,14,0,120,35.28,35.28,0.0,4098.227523,0.0
2019-02-17,14,0,123,5.83,5.83,0.0,-2311.993333,0.0
2019-02-17,14,0,125,3.4,3.4,0.0,-1348.332304,0.0
2019-02-17,14,0,126,262.15,262.15,0.0,-103960.386301,0.0
2019-02-17,14,0,127,336.43,336.43,0.0,-133417.481454,0.0
2019-02-17,14,0,128,4.72,4.72,0.0,-1871.802492,0.0
2019-02-17,14,0,131,11.49,11.49,0.0,-4198.195287,0.0
2019-02-17,14,0,132,16.89,16.89,0.0,-6171.237458,0.0
2019-02-17,14,0,133,38.3,38.3,0.0,412.279633,0.0
2019-02-17,14,0,134,0.0,0.0,0.0,0.0,0.0
2019-02-17,14,0,135,51.32,51.32,0.0,552.433179,0.0
2019-02-17,14,0,136,31.22,31.22,0.0,326.840668,0.0
2019-02-17,14,0,139,44.94,44.94,0.0,-766.448737,0.0
2019-02-17,14,0,140,250.6,250.6,0.0,-250600.0,0.0
2019-02-17,14,0,141,20.6,20.6,0.0,-11352.888832,0.0
2019-02-17,14,0,142,610.34,610.34,0.0,-336365.153882,0.0
2019-02-17,14,0,143,81.95,81.95,0.0,-81950.0,0.0
2019-02-17,14,0,145,46.79,46.79,0.0,-543.192813,0.0
2019-02-17,14,0,146,35.08,35.08,0.0,-35080.0,0.0
2019-02-17,14,0,152,11.1,11.1,0.0,40.016411,0.0
2019-02-17,14,0,153,13.89,13.89,0.0,45.643866,0.0
2019-02-17,14,0,154,105.38,105.38,0.0,-1797.248951,0.0
2019-02-17,14,0,157,0.0,0.0,0.0,-0.0,0.0
2019-02-17,14,0,158,464.47,464.47,0.0,-255974.576504,0.0
2019-02-17,14,0,159,0.0,0.0,0.0,0.0,0.0
2019-02-17,14,0,160,3.43,3.43,0.0,18.373273,0.0
2019-02-17,14,0,161,87.41,87.41,0.0,-35359.655425,0.0
2019-02-17,14,0,162,162.5,162.5,0.0,3292.631212,0.0
2019-02-17,14,0,163,130.61,130.61,0.0,-130610.0,0.0
2019-02-17,14,0,164,31.11,31.11,0.0,-31110.0,0.0
2019-02-17,14,0,167,7.75,7.75,0.0,125.636008,0.0
2019-02-17,14,0,168,3.87,3.87,0.0,62.736948,0.0
2019-02-17,14,0,169,0.0,0.0,0.0,0.0,0.0
2019-02-17,14,0,170,8.48,8.48,0.0,137.470109,0.0
2019-02-17,14,0,172,10.49,10.49,0.0,139.471796,0.0
2019-02-17,14,0,173,15.99,15.99,0.0,212.598095,0.0
2019-02-17,14,0,188,14.1,14.1,0.0,353.909646,0.0
2019-02-17,14,0,190,13.59,13.59,0.0,440.690501,0.0
2019-02-17,14,0,191,35.11,35.11,0.0,1138.53153,0.0
2019-02-17,14,0,192,332.6,332.6,0.0,10785.405497,0.0
2019-02-17,14,0,194,52.95,52.95,0.0,-6468.158367,0.0
2019-02-17,14,0,196,8.8,8.8,0.0,2385.857142,0.0
2019-02-17,14,0,198,15.02,15.02,0.0,153.430412,0.0
2019-02-17,14,0,199,130.0,130.0,0.0,-2333.052216,0.0
2019-02-17,14,0,200,26.16,26.16,0.0,-469.481892,0.0
2019-02-17,14,0,204,257.1,257.1,0.0,-1034.07045,0.0
2019-02-17,14,0,205,317.4,317.4,0.0,-1084.652388,0.0
2019-02-17,14,0,206,209.75,209.75,0.0,6132.547664,0.0
2019-02-17,14,0,210,1.85,1.85,0.0,9.727639,0.0
2019-02-17,14,0,214,17.23,17.23,0.0,360.054444,0.0
2019-02-17,14,0,217,10.32,10.32,0.0,145.749977,0.0
2019-02-17,14,0,218,14.25,14.25,0.0,201.253602,0.0
2019-02-17,14,0,219,9.7,9.7,0.0,136.99368,0.0
2019-02-17,14,0,221,9.19,9.19,0.0,192.042968,0.0
2019-02-17,14,0,225,4.55,4.55,0.0,15.090184,0.0
2019-02-17,14,0,233,10.25,10.25,0.0,175.553648,0.0
2019-02-17,14,0,236,159.05,159.05,0.0,1155.079076,0.0
2019-02-17,14,0,237,522.0,522.0,0.0,1554.813655,0.0
2019-02-17,14,0,238,113.35,113.35,0.0,1060.478514,0.0
2019-02-17,14,0,240,16.6,16.6,0.0,14.607346,0.0
2019-02-17,14,0,245,68.53,68.53,0.0,800.840193,0.0
2019-02-17,14,0,247,169.1,169.1,0.0,1976.099177,0.0
2019-02-17,14,0,248,52.4,52.4,0.0,156.07708,0.0
2019-02-17,14,0,249,131.79,131.79,0.0,1540.095273,0.0
2019-02-17,14,0,251,174.47,174.47,0.0,1755.311666,0.0
2019-02-17,14,0,252,152.55,152.55,0.0,1599.192367,0.0
2019-02-17,14,0,254,23.42,23.42,0.0,64.575484,0.0
2019-02-17,14,0,255,10.73,10.73,0.0,29.585608,0.0
2019-02-17,14,0,258,20.48,20.48,0.0,21.350904,0.0
2019-02-17,14,0,260,8.32,8.32,0.0,44.567239,0.0
2019-02-17,14,0,265,109.11,109.11,0.0,-1860.863855,0.0
2019-02-17,14,0,266,29.1,29.1,0.0,-496.298581,0.0
2019-02-17,14,0,267,35.76,35.76,0.0,-609.884442,0.0
2019-02-17,14,0,270,454.05,454.05,0.0,-454050.0,0.0
2019-02-17,14,0,272,146.43,146.43,0.0,-37399.129231,0.0
2019-02-17,14,0,273,39.74,39.74,0.0,-39740.0,0.0
2019-02-17,14,0,274,605.65,605.65,0.0,-605650.0,0.0
2019-02-17,14,0,275,880.86,880.86,0.0,-880860.0,0.0
2019-02-17,14,0,276,8.85,8.85,0.0,-7962.987383,0.0
2019-02-17,14,0,277,10.8,10.8,0.0,-2870.409489,0.0
2019-02-17,14,0,278,17.29,17.29,0.0,-4595.312969,0.0
2019-02-17,14,0,279,217.8,217.8,0.0,-57886.591366,0.0
2019-02-17,14,0,281,18.43,18.43,0.0,-18430.0,0.0
2019-02-17,14,0,282,440.14,440.14,0.0,-440140.0,0.0
2019-02-17,15,0,9,4.22,4.22,0.0,-1653.992315,0.0
2019-02-17,15,0,17,59.1,59.1,0.0,427.270774,0.0
2019-02-17,15,0,19,192.99,192.99,0.0,1395.245121,0.0
2019-02-17,15,0,20,234.06,234.06,0.0,1692.165775,0.0
2019-02-17,15,0,21,96.51,96.51,0.0,-37826.25552,0.0
2019-02-17,15,0,22,343.0,343.0,0.0,-134435.868235,0.0
2019-02-17,15,0,23,0.0,0.0,0.0,-0.0,0.0
2019-02-17,15,0,24,0.0,0.0,0.0,-0.0,0.0
2019-02-17,15,0,29,3.7,3.7,0.0,16.41005,0.0
2019-02-17,15,0,30,775.89,775.89,0.0,-775890.0,0.0
2019-02-17,15,0,31,35.14,35.14,0.0,-35140.0,0.0
2019-02-17,15,0,32,6.68,6.68,0.0,312.94137,0.0
2019-02-17,15,0,33,3.53,3.53,0.0,40.116762,0.0
2019-02-17,15,0,34,5.65,5.65,0.0,64.209548,0.0
2019-02-17,15,0,35,5.65,5.65,0.0,64.209548,0.0
2019-02-17,15,0,36,14.42,14.42,0.0,16.680947,0.0
2019-02-17,15,0,37,6.83,6.83,0.0,7.887545,0.0
2019-02-17,15,0,38,8.78,8.78,0.0,10.13948,0.0
2019-02-17,15,0,39,5.85,5.85,0.0,6.755804,0.0
2019-02-17,15,0,40,5.85,5.85,0.0,6.755804,0.0
2019-02-17,15,0,41,36.26,36.26,0.0,-470.387972,0.0
2019-02-17,15,0,42,84.43,84.43,0.0,534.722463,0.0
2019-02-17,15,0,43,42.67,42.67,0.0,83.079647,0.0
2019-02-17,15,0,46,36.06,36.06,0.0,10.272015,0.0
2019-02-17,15,0,52,37.25,37.25,0.0,-37250.0,0.0
2019-02-17,15,0,53,59.18,59.18,0.0,-59180.0,0.0
2019-02-17,15,0,55,51.69,51.69,0.0,-20259.446149,0.0
2019-02-17,15,0,56,228.86,228.86,0.0,-228860.0,0.0
2019-02-17,15,0,57,217.69,217.69,0.0,-217690.0,0.0
2019-02-17,15,0,58,418.64,418.64,0.0,-418640.0,0.0
2019-02-17,15,0,59,411.67,411.67,0.0,-411670.0,0.0
2019-02-17,15,0,63,51.0,51.0,0.0,5890.409143,0.0
2019-02-17,15,0,64,60.0,60.0,0.0,6929.89311,0.0
2019-02-17,15,0,65,41.4,41.4,0.0,292.413387,0.0
2019-02-17,15,0,67,449.41,449.41,0.0,-248535.993964,0.0
2019-02-17,15,0,68,12.56,12.56,0.0,-5112.77837,0.0
2019-02-17,15,0,69,3.53,3.53,0.0,40.116762,0.0
2019-02-17,15,0,74,217.6,217.6,0.0,451.885825,0.0
2019-02-17,15,0,77,19.9,19.9,0.0,-5666.613434,0.0
2019-02-17,15,0,78,15.04,15.04,0.0,-4282.706837,0.0
2019-02-17,15,0,79,8.7,8.7,0.0,-2477.363662,0.0
2019-02-17,15,0,80,14.08,14.08,0.0,-4009.342571,0.0
2019-02-17,15,0,81,18.4,18.4,0.0,-5239.481768,0.0
2019-02-17,15,0,82,12.98,12.98,0.0,-3696.112682,0.0
2019-02-17,15,0,83,28.95,28.95,0.0,-8243.641152,0.0
2019-02-17,15,0,84,0.0,0.0,0.0,0.0,0.0
2019-02-17,15,0,86,17.91,17.91,0.0,203.538585,0.0
2019-02-17,15,0,87,91.42,91.42,0.0,1038.944582,0.0
2019-02-17,15,0,88,29.18,29.18,0.0,-8309.134674,0.0
2019-02-17,15,0,89,28.05,28.05,0.0,-7987.362152,0.0
2019-02-17,15,0,90,37.66,37.66,0.0,-10723.852358,0.0
2019-02-17,15,0,91,134.35,134.35,0.0,-38256.759542,0.0
2019-02-17,15,0,92,48.32,48.32,0.0,-13759.334731,0.0
2019-02-17,15,0,95,120.0,120.0,0.0,1977.002113,0.0
2019-02-17,15,0,96,3.51,3.51,0.0,130.958833,0.0
2019-02-17,15,0,97,21.6,21.6,0.0,805.900513,0.0
2019-02-17,15,0,99,42.0,42.0,0.0,87.22061,0.0
2019-02-17,15,0,101,15.63,15.63,0.0,-15630.0,0.0
2019-02-17,15,0,102,29.75,29.75,0.0,-12110.283161,0.0
2019-02-17,15,0,103,25.87,25.87,0.0,-10530.857996,0.0
2019-02-17,15,0,104,4.8,4.8,0.0,-1953.928039,0.0
2019-02-17,15,0,106,337.65,337.65,0.0,-132338.982243,0.0
2019-02-17,15,0,109,60.0,60.0,0.0,-81.50188,0.0
2019-02-17,15,0,110,254.53,254.53,0.0,-254530.0,0.0
2019-02-17,15,0,111,24.71,24.71,0.0,-320.553965,0.0
2019-02-17,15,0,113,32.75,32.75,0.0,-8438.101237,0.0
2019-02-17,15,0,115,32.75,32.75,0.0,-8438.101237,0.0
2019-02-17,15,0,116,159.96,159.96,0.0,-159960.0,0.0
2019-02-17,15,0,117,2.18,2.18,0.0,-561.681243,0.0
2019-02-17,15,0,119,60.0,60.0,0.0,6929.89311,0.0
2019-02-17,15,0,120,35.28,35.28,0.0,4074.777148,0.0
2019-02-17,15,0,123,5.63,5.63,0.0,-2206.629557,0.0
2019-02-17,15,0,125,0.0,0.0,0.0,-0.0,0.0
2019-02-17,15,0,126,253.24,253.24,0.0,-99255.216536,0.0
2019-02-17,15,0,127,324.99,324.99,0.0,-127377.005299,0.0
2019-02-17,15,0,128,0.0,0.0,0.0,-0.0,0.0
2019-02-17,15,0,131,17.22,17.22,0.0,-6338.461623,0.0
2019-02-17,15,0,132,25.34,25.34,0.0,-9327.329706,0.0
2019-02-17,15,0,133,41.94,41.94,0.0,303.868328,0.0
2019-02-17,15,0,134,0.0,0.0,0.0,0.0,0.0
2019-02-17,15,0,135,56.2,56.2,0.0,407.186457,0.0
2019-02-17,15,0,136,45.9,45.9,0.0,323.777904,0.0
2019-02-17,15,0,139,47.16,47.16,0.0,-611.789761,0.0
2019-02-17,15,0,140,188.38,188.38,0.0,-188380.0,0.0
2019-02-17,15,0,141,0.0,0.0,0.0,-0.0,0.0
2019-02-17,15,0,142,592.66,592.66,0.0,-327757.153118,0.0
2019-02-17,15,0,143,86.39,86.39,0.0,-86390.0,0.0
2019-02-17,15,0,145,17.67,17.67,0.0,-106.666138,0.0
2019-02-17,15,0,146,32.75,32.75,0.0,-32750.0,0.0
2019-02-17,15,0,152,10.82,10.82,0.0,29.094358,0.0
2019-02-17,15,0,153,13.58,13.58,0.0,33.781164,0.0
2019-02-17,15,0,154,101.92,101.92,0.0,-1322.171596,0.0
2019-02-17,15,0,157,0.0,0.0,0.0,-0.0,0.0
2019-02-17,15,0,158,447.53,447.53,0.0,-247496.302661,0.0
2019-02-17,15,0,159,0.0,0.0,0.0,0.0,0.0
2019-02-17,15,0,160,3.3,3.3,0.0,14.216414,0.0
2019-02-17,15,0,161,84.1,84.1,0.0,-34234.447523,0.0
2019-02-17,15,0,162,162.5,162.5,0.0,2807.436213,0.0
2019-02-17,15,0,163,126.21,126.21,0.0,-126210.0,0.0
2019-02-17,15,0,164,29.41,29.41,0.0,-29410.0,0.0
2019-02-17,15,0,167,7.36,7.36,0.0,96.495309,0.0
2019-02-17,15,0,168,3.68,3.68,0.0,48.247655,0.0
2019-02-17,15,0,169,0.0,0.0,0.0,0.0,0.0
2019-02-17,15,0,170,8.05,8.05,0.0,105.541745,0.0
2019-02-17,15,0,172,10.08,10.08,0.0,144.083677,0.0
2019-02-17,15,0,173,15.36,15.36,0.0,219.556079,0.0
2019-02-17,15,0,188,13.7,13.7,0.0,348.778932,0.0
2019-02-17,15,0,190,12.84,12.84,0.0,416.369833,0.0
2019-02-17,15,0,191,33.17,33.17,0.0,1075.62207,0.0
2019-02-17,15,0,192,259.42,259.42,0.0,8412.356868,0.0
2019-02-17,15,0,194,52.95,52.95,0.0,-6550.93793,0.0
2019-02-17,15,0,196,8.39,8.39,0.0,2263.968713,0.0
2019-02-17,15,0,198,14.6,14.6,0.0,113.144309,0.0
2019-02-17,15,0,199,130.0,130.0,0.0,-2966.219729,0.0
2019-02-17,15,0,200,25.4,25.4,0.0,-579.553701,0.0
2019-02-17,15,0,204,257.1,257.1,0.0,-430.797249,0.0
2019-02-17,15,0,205,317.4,317.4,0.0,-431.144944,0.0
2019-02-17,15,0,206,63.46,63.46,0.0,2367.705858,0.0
2019-02-17,15,0,210,1.79,1.79,0.0,9.895637,0.0
2019-02-17,15,0,214,16.94,16.94,0.0,233.779461,0.0
2019-02-17,15,0,217,10.01,10.01,0.0,102.391375,0.0
2019-02-17,15,0,218,13.81,13.81,0.0,141.261228,0.0
2019-02-17,15,0,219,9.41,9.41,0.0,96.25403,0.0
2019-02-17,15,0,221,9.03,9.03,0.0,124.617977,0.0
2019-02-17,15,0,225,4.3,4.3,0.0,18.617197,0.0
2019-02-17,15,0,233,10.13,10.13,0.0,115.122606,0.0
2019-02-17,15,0,236,179.56,179.56,0.0,897.40007,0.0
2019-02-17,15,0,237,522.0,522.0,0.0,1084.027576,0.0
2019-02-17,15,0,238,109.9,109.9,0.0,696.0322,0.0
2019-02-17,15,0,240,16.35,16.35,0.0,18.913556,0.0
2019-02-17,15,0,245,78.0,78.0,0.0,611.667285,0.0
2019-02-17,15,0,247,171.72,171.72,0.0,1346.609053,0.0
2019-02-17,15,0,248,52.4,52.4,0.0,108.818094,0.0
2019-02-17,15,0,249,150.0,150.0,0.0,1176.28324,0.0
2019-02-17,15,0,251,277.37,277.37,0.0,1883.276335,0.0
2019-02-17,15,0,252,267.06,267.06,0.0,1886.278238,0.0
2019-02-17,15,0,254,23.46,23.46,0.0,59.576198,0.0
2019-02-17,15,0,255,10.75,10.75,0.0,27.299409,0.0
2019-02-17,15,0,258,20.03,20.03,0.0,25.726968,0.0
2019-02-17,15,0,260,8.0,8.0,0.0,34.464033,0.0
2019-02-17,15,0,265,105.52,105.52,0.0,-1368.873105,0.0
2019-02-17,15,0,266,30.16,30.16,0.0,-391.25486,0.0
2019-02-17,15,0,267,37.29,37.29,0.0,-483.749792,0.0
2019-02-17,15,0,270,411.96,411.96,0.0,-411960.0,0.0
2019-02-17,15,0,272,109.46,109.46,0.0,-28202.582027,0.0
2019-02-17,15,0,273,38.25,38.25,0.0,-38250.0,0.0
2019-02-17,15,0,274,542.62,542.62,0.0,-542620.0,0.0
2019-02-17,15,0,275,778.84,778.84,0.0,-778840.0,0.0
2019-02-17,15,0,276,8.57,8.57,0.0,-7714.717671,0.0
2019-02-17,15,0,277,10.35,10.35,0.0,-2779.15897,0.0
2019-02-17,15,0,278,16.57,16.57,0.0,-4449.33953,0.0
2019-02-17,15,0,279,170.38,170.38,0.0,-45750.058485,0.0
2019-02-17,15,0,281,15.77,15.77,0.0,-15770.0,0.0
2019-02-17,15,0,282,425.62,425.62,0.0,-425620.0,0.0
2019-02-17,16,0,9,3.59,3.59,0.0,-1394.881626,0.0
2019-02-17,16,0,17,48.95,48.95,0.0,699.127294,0.0
2019-02-17,16,0,19,332.0,332.0,0.0,4741.78267,0.0
2019-02-17,16,0,20,419.03,419.03,0.0,5984.786724,0.0
2019-02-17,16,0,21,82.05,82.05,0.0,-31880.233252,0.0
2019-02-17,16,0,22,291.61,291.61,0.0,-113304.019727,0.0
2019-02-17,16,0,23,0.0,0.0,0.0,-0.0,0.0
2019-02-17,16,0,24,0.0,0.0,0.0,-0.0,0.0
2019-02-17,16,0,29,6.18,6.18,0.0,27.286454,0.0
2019-02-17,16,0,30,679.28,679.28,0.0,-679280.0,0.0
2019-02-17,16,0,31,38.43,38.43,0.0,-38430.0,0.0
2019-02-17,16,0,32,5.83,5.83,0.0,153.808155,0.0
2019-02-17,16,0,33,3.18,3.18,0.0,60.316675,0.0
2019-02-17,16,0,34,5.08,5.08,0.0,96.35494,0.0
2019-02-17,16,0,35,5.08,5.08,0.0,96.35494,0.0
2019-02-17,16,0,36,13.04,13.04,0.0,91.897734,0.0
2019-02-17,16,0,37,6.2,6.2,0.0,43.302053,0.0
2019-02-17,16,0,38,7.97,7.97,0.0,55.664091,0.0
2019-02-17,16,0,39,5.31,5.31,0.0,37.086113,0.0
2019-02-17,16,0,40,5.31,5.31,0.0,37.086113,0.0
2019-02-17,16,0,41,22.23,22.23,0.0,-160.085794,0.0
2019-02-17,16,0,42,73.54,73.54,0.0,975.649862,0.0
2019-02-17,16,0,43,38.8,38.8,0.0,295.844686,0.0
2019-02-17,16,0,46,32.44,32.44,0.0,195.334083,0.0
2019-02-17,16,0,52,40.73,40.73,0.0,-40730.0,0.0
2019-02-17,16,0,53,64.71,64.71,0.0,-64710.0,0.0
2019-02-17,16,0,55,125.36,125.36,0.0,-48708.178433,0.0
2019-02-17,16,0,56,200.36,200.36,0.0,-200360.0,0.0
2019-02-17,16,0,57,190.59,190.59,0.0,-190590.0,0.0
2019-02-17,16,0,58,366.52,366.52,0.0,-366520.0,0.0
2019-02-17,16,0,59,360.41,360.41,0.0,-360410.0,0.0
2019-02-17,16,0,63,49.19,49.19,0.0,1219.758189,0.0
2019-02-17,16,0,64,57.87,57.87,0.0,1434.995047,0.0
2019-02-17,16,0,65,41.4,41.4,0.0,583.48445,0.0
2019-02-17,16,0,67,381.36,381.36,0.0,10979.9798,0.0
2019-02-17,16,0,68,12.17,12.17,0.0,360.100244,0.0
2019-02-17,16,0,69,3.18,3.18,0.0,60.316675,0.0
2019-02-17,16,0,74,134.72,134.72,0.0,1148.557212,0.0
2019-02-17,16,0,77,16.53,16.53,0.0,513.703244,0.0
2019-02-17,16,0,78,12.5,12.5,0.0,388.462828,0.0
2019-02-17,16,0,79,7.23,7.23,0.0,224.6869,0.0
2019-02-17,16,0,80,11.7,11.7,0.0,363.601207,0.0
2019-02-17,16,0,81,15.29,15.29,0.0,475.167731,0.0
2019-02-17,16,0,82,10.79,10.79,0.0,335.321113,0.0
2019-02-17,16,0,83,24.06,24.06,0.0,747.713251,0.0
2019-02-17,16,0,84,0.0,0.0,0.0,0.0,0.0
2019-02-17,16,0,86,16.1,16.1,0.0,305.376876,0.0
2019-02-17,16,0,87,82.2,82.2,0.0,1559.129143,0.0
2019-02-17,16,0,88,24.35,24.35,0.0,756.725589,0.0
2019-02-17,16,0,89,23.4,23.4,0.0,727.202414,0.0
2019-02-17,16,0,90,31.42,31.42,0.0,976.440164,0.0
2019-02-17,16,0,91,112.1,112.1,0.0,3483.734641,0.0
2019-02-17,16,0,92,40.32,40.32,0.0,1253.025698,0.0
2019-02-17,16,0,95,120.0,120.0,0.0,1977.002113,0.0
2019-02-17,16,0,96,2.16,2.16,0.0,93.077007,0.0
2019-02-17,16,0,97,13.3,13.3,0.0,573.113055,0.0
2019-02-17,16,0,99,29.54,29.54,0.0,251.843676,0.0
2019-02-17,16,0,101,13.68,13.68,0.0,-13680.0,0.0
2019-02-17,16,0,102,28.82,28.82,0.0,852.759987,0.0
2019-02-17,16,0,103,25.06,25.06,0.0,741.504693,0.0
2019-02-17,16,0,104,4.65,4.65,0.0,137.589658,0.0
2019-02-17,16,0,106,287.06,287.06,0.0,-111536.133544,0.0
2019-02-17,16,0,109,60.0,60.0,0.0,269.602586,0.0
2019-02-17,16,0,110,173.36,173.36,0.0,4567.921202,0.0
2019-02-17,16,0,111,21.34,21.34,0.0,-153.676601,0.0
2019-02-17,16,0,113,29.01,29.01,0.0,827.76115,0.0
2019-02-17,16,0,115,29.01,29.01,0.0,827.76115,0.0
2019-02-17,16,0,116,134.91,134.91,0.0,3554.789164,0.0
2019-02-17,16,0,117,1.93,1.93,0.0,55.069942,0.0
2019-02-17,16,0,119,57.87,57.87,0.0,1434.995047,0.0
2019-02-17,16,0,120,34.03,34.03,0.0,843.837592,0.0
2019-02-17,16,0,123,4.78,4.78,0.0,-1857.251858,0.0
2019-02-17,16,0,125,0.0,0.0,0.0,-0.0,0.0
2019-02-17,16,0,126,215.3,215.3,0.0,-83654.04289,0.0
2019-02-17,16,0,127,276.3,276.3,0.0,-107355.374132,0.0
2019-02-17,16,0,128,0.0,0.0,0.0,-0.0,0.0
2019-02-17,16,0,131,6.12,6.12,0.0,182.389283,0.0
2019-02-17,16,0,132,9.0,9.0,0.0,268.219534,0.0
2019-02-17,16,0,133,50.5,50.5,0.0,722.16271,0.0
2019-02-17,16,0,134,0.0,0.0,0.0,0.0,0.0
2019-02-17,16,0,135,64.2,64.2,0.0,918.076158,0.0
2019-02-17,16,0,136,45.9,45.9,0.0,646.431307,0.0
2019-02-17,16,0,139,28.95,28.95,0.0,-208.4788,0.0
2019-02-17,16,0,140,128.31,128.31,0.0,3380.883534,0.0
2019-02-17,16,0,141,0.0,0.0,0.0,0.0,0.0
2019-02-17,16,0,142,502.92,502.92,0.0,14479.891549,0.0
2019-02-17,16,0,143,107.5,107.5,0.0,-107500.0,0.0
2019-02-17,16,0,145,14.72,14.72,0.0,-5.700979,0.0
2019-02-17,16,0,146,37.54,37.54,0.0,989.154141,0.0
2019-02-17,16,0,152,9.73,9.73,0.0,88.42229,0.0
2019-02-17,16,0,153,12.09,12.09,0.0,107.07091,0.0
2019-02-17,16,0,154,88.05,88.05,0.0,-634.078008,0.0
2019-02-17,16,0,157,8.61,8.61,0.0,247.89602,0.0
2019-02-17,16,0,158,385.65,385.65,0.0,11103.495935,0.0
2019-02-17,16,0,159,0.0,0.0,0.0,0.0,0.0
2019-02-17,16,0,160,3.01,3.01,0.0,29.056356,0.0
2019-02-17,16,0,161,71.42,71.42,0.0,2113.258787,0.0
2019-02-17,16,0,162,162.5,162.5,0.0,2678.79479,0.0
2019-02-17,16,0,163,110.27,110.27,0.0,2905.54148,0.0
2019-02-17,16,0,164,26.03,26.03,0.0,-26030.0,0.0
2019-02-17,16,0,167,6.71,6.71,0.0,108.06441,0.0
2019-02-17,16,0,168,3.35,3.35,0.0,53.95168,0.0
2019-02-17,16,0,169,0.0,0.0,0.0,0.0,0.0
2019-02-17,16,0,170,7.33,7.33,0.0,118.049497,0.0
2019-02-17,16,0,172,8.72,8.72,0.0,185.274293,0.0
2019-02-17,16,0,173,13.29,13.29,0.0,282.373321,0.0
2019-02-17,16,0,188,11.77,11.77,0.0,279.052334,0.0
2019-02-17,16,0,190,10.74,10.74,0.0,266.318417,0.0
2019-02-17,16,0,191,27.75,27.75,0.0,688.113229,0.0
2019-02-17,16,0,192,211.28,211.28,0.0,5239.083353,0.0
2019-02-17,16,0,194,52.95,52.95,0.0,1416.640341,0.0
2019-02-17,16,0,196,7.3,7.3,0.0,187.679939,0.0
2019-02-17,16,0,198,12.9,12.9,0.0,156.166185,0.0
2019-02-17,16,0,199,130.0,130.0,0.0,2742.166323,0.0
2019-02-17,16,0,200,21.9,21.9,0.0,461.949557,0.0
2019-02-17,16,0,204,257.1,257.1,0.0,1061.866823,0.0
2019-02-17,16,0,205,317.4,317.4,0.0,1426.197679,0.0
2019-02-17,16,0,206,39.07,39.07,0.0,1683.573464,0.0
2019-02-17,16,0,210,2.54,2.54,0.0,14.779355,0.0
2019-02-17,16,0,214,15.2,15.2,0.0,330.303023,0.0
2019-02-17,16,0,217,9.8,9.8,0.0,145.251593,0.0
2019-02-17,16,0,218,13.52,13.52,0.0,200.387912,0.0
2019-02-17,16,0,219,9.21,9.21,0.0,136.506854,0.0
2019-02-17,16,0,221,8.1,8.1,0.0,176.016742,0.0
2019-02-17,16,0,225,5.97,5.97,0.0,25.55015,0.0
2019-02-17,16,0,233,9.11,9.11,0.0,172.793996,0.0
2019-02-17,16,0,236,159.03,159.03,0.0,1867.190202,0.0
2019-02-17,16,0,237,308.11,308.11,0.0,2626.79604,0.0
2019-02-17,16,0,238,95.72,95.72,0.0,1269.910318,0.0
2019-02-17,16,0,240,14.78,14.78,0.0,104.160161,0.0
2019-02-17,16,0,245,78.0,78.0,0.0,1168.143728,0.0
2019-02-17,16,0,247,171.72,171.72,0.0,2571.713347,0.0
2019-02-17,16,0,248,36.28,36.28,0.0,309.305639,0.0
2019-02-17,16,0,249,150.0,150.0,0.0,2246.430247,0.0
2019-02-17,16,0,251,326.4,326.4,0.0,4499.128375,0.0
2019-02-17,16,0,252,267.06,267.06,0.0,3763.897516,0.0
2019-02-17,16,0,254,21.18,21.18,0.0,172.275226,0.0
2019-02-17,16,0,255,9.71,9.71,0.0,78.979813,0.0
2019-02-17,16,0,258,18.12,18.12,0.0,129.388428,0.0
2019-02-17,16,0,260,7.32,7.32,0.0,70.66197,0.0
2019-02-17,16,0,265,91.16,91.16,0.0,-656.474176,0.0
2019-02-17,16,0,266,18.46,18.46,0.0,-132.936741,0.0
2019-02-17,16,0,267,22.86,22.86,0.0,-164.622638,0.0
2019-02-17,16,0,270,298.02,298.02,0.0,7852.629653,0.0
2019-02-17,16,0,272,96.96,96.96,0.0,2766.622581,0.0
2019-02-17,16,0,273,32.26,32.26,0.0,850.029638,0.0
2019-02-17,16,0,274,371.92,371.92,0.0,9799.845717,0.0
2019-02-17,16,0,275,498.61,498.61,0.0,13138.043324,0.0
2019-02-17,16,0,276,7.42,7.42,0.0,199.55832,0.0
2019-02-17,16,0,277,9.16,9.16,0.0,270.708501,0.0
2019-02-17,16,0,278,14.65,14.65,0.0,432.956282,0.0
2019-02-17,16,0,279,364.39,364.39,0.0,10768.937853,0.0
2019-02-17,16,0,281,17.25,17.25,0.0,-17250.0,0.0
2019-02-17,16,0,282,372.62,372.62,0.0,-372620.0,0.0
2019-02-17,17,0,9,2.66,2.66,0.0,9.743235,0.0
2019-02-17,17,0,17,36.76,36.76,0.0,323.850697,0.0
2019-02-17,17,0,19,284.63,284.63,0.0,2507.552336,0.0
2019-02-17,17,0,20,342.76,342.76,0.0,3019.669883,0.0
2019-02-17,17,0,21,60.79,60.79,0.0,222.665889,0.0
2019-02-17,17,0,22,216.04,216.04,0.0,791.326513,0.0
2019-02-17,17,0,23,1.41,1.41,0.0,5.164647,0.0
2019-02-17,17,0,24,2.51,2.51,0.0,9.193805,0.0
2019-02-17,17,0,29,4.43,4.43,0.0,30.13444,0.0
2019-02-17,17,0,30,498.83,498.83,0.0,1812.208583,0.0
2019-02-17,17,0,31,27.84,27.84,0.0,101.140443,0.0
2019-02-17,17,0,32,4.04,4.04,0.0,70.340786,0.0
2019-02-17,17,0,33,2.35,2.35,0.0,23.161698,0.0
2019-02-17,17,0,34,3.76,3.76,0.0,37.058717,0.0
2019-02-17,17,0,35,3.76,3.76,0.0,37.058717,0.0
2019-02-17,17,0,36,9.5,9.5,0.0,67.025642,0.0
2019-02-17,17,0,37,4.56,4.56,0.0,31.975487,0.0
2019-02-17,17,0,38,5.86,5.86,0.0,41.091306,0.0
2019-02-17,17,0,39,3.91,3.91,0.0,27.417578,0.0
2019-02-17,17,0,40,3.91,3.91,0.0,27.417578,0.0
2019-02-17,17,0,41,6.41,6.41,0.0,33.6903,0.0
2019-02-17,17,0,42,54.22,54.22,0.0,465.375276,0.0
2019-02-17,17,0,43,28.31,28.31,0.0,202.676562,0.0
2019-02-17,17,0,46,23.68,23.68,0.0,157.959022,0.0
2019-02-17,17,0,52,29.51,29.51,0.0,107.207416,0.0
2019-02-17,17,0,53,46.89,46.89,0.0,170.347534,0.0
2019-02-17,17,0,55,107.53,107.53,0.0,393.86845,0.0
2019-02-17,17,0,56,147.14,147.14,0.0,534.547583,0.0
2019-02-17,17,0,57,139.96,139.96,0.0,508.463231,0.0
2019-02-17,17,0,58,269.15,269.15,0.0,977.799932,0.0
2019-02-17,17,0,59,264.67,264.67,0.0,961.524459,0.0
2019-02-17,17,0,63,63.67,63.67,0.0,1374.402777,0.0
2019-02-17,17,0,64,74.89,74.89,0.0,1616.601602,0.0
2019-02-17,17,0,65,41.4,41.4,0.0,362.984461,0.0
2019-02-17,17,0,67,281.2,281.2,0.0,-3927.015522,0.0
2019-02-17,17,0,68,8.99,8.99,0.0,-54.104249,0.0
2019-02-17,17,0,69,2.35,2.35,0.0,23.161698,0.0
2019-02-17,17,0,74,104.24,104.24,0.0,791.852713,0.0
2019-02-17,17,0,77,23.25,23.25,0.0,18.383875,0.0
2019-02-17,17,0,78,17.58,17.58,0.0,13.900582,0.0
2019-02-17,17,0,79,10.17,10.17,0.0,8.041463,0.0
2019-02-17,17,0,80,16.45,16.45,0.0,13.007086,0.0
2019-02-17,17,0,81,21.51,21.51,0.0,17.008049,0.0
2019-02-17,17,0,82,15.17,15.17,0.0,11.994984,0.0
2019-02-17,17,0,83,33.84,33.84,0.0,26.757434,0.0
2019-02-17,17,0,84,0.0,0.0,0.0,0.0,0.0
2019-02-17,17,0,86,11.91,11.91,0.0,117.385458,0.0
2019-02-17,17,0,87,60.79,60.79,0.0,599.148782,0.0
2019-02-17,17,0,88,25.81,25.81,0.0,20.408078,0.0
2019-02-17,17,0,89,24.82,24.82,0.0,19.625281,0.0
2019-02-17,17,0,90,33.32,33.32,0.0,26.346267,0.0
2019-02-17,17,0,91,118.86,118.86,0.0,93.983113,0.0
2019-02-17,17,0,92,42.75,42.75,0.0,33.802609,0.0
2019-02-17,17,0,95,120.0,120.0,0.0,2109.208884,0.0
2019-02-17,17,0,96,5.57,5.57,0.0,20.060997,0.0
2019-02-17,17,0,97,34.27,34.27,0.0,123.427354,0.0
2019-02-17,17,0,99,21.2,21.2,0.0,161.044489,0.0
2019-02-17,17,0,101,10.05,10.05,0.0,36.510828,0.0
2019-02-17,17,0,102,21.25,21.25,0.0,-127.888241,0.0
2019-02-17,17,0,103,18.48,18.48,0.0,-111.217633,0.0
2019-02-17,17,0,104,3.45,3.45,0.0,-20.763032,0.0
2019-02-17,17,0,106,212.67,212.67,0.0,778.98264,0.0
2019-02-17,17,0,109,59.17,59.17,0.0,368.466172,0.0
2019-02-17,17,0,110,97.51,97.51,0.0,-3734.754371,0.0
2019-02-17,17,0,111,16.4,16.4,0.0,86.196711,0.0
2019-02-17,17,0,113,26.56,26.56,0.0,47.15958,0.0
2019-02-17,17,0,115,26.56,26.56,0.0,47.15958,0.0
2019-02-17,17,0,116,99.21,99.21,0.0,-3799.866487,0.0
2019-02-17,17,0,117,1.77,1.77,0.0,3.142788,0.0
2019-02-17,17,0,119,74.89,74.89,0.0,1616.601602,0.0
2019-02-17,17,0,120,44.08,44.08,0.0,951.52622,0.0
2019-02-17,17,0,123,3.54,3.54,0.0,12.966561,0.0
2019-02-17,17,0,125,2.27,2.27,0.0,8.314716,0.0
2019-02-17,17,0,126,159.5,159.5,0.0,584.227823,0.0
2019-02-17,17,0,127,204.7,204.7,0.0,749.789563,0.0
2019-02-17,17,0,128,3.27,3.27,0.0,11.977586,0.0
2019-02-17,17,0,131,10.12,10.12,0.0,-39.426394,0.0
2019-02-17,17,0,132,14.88,14.88,0.0,-57.970825,0.0
2019-02-17,17,0,133,111.85,111.85,0.0,985.827504,0.0
2019-02-17,17,0,134,0.0,0.0,0.0,0.0,0.0
2019-02-17,17,0,135,146.43,146.43,0.0,1290.609937,0.0
2019-02-17,17,0,136,45.9,45.9,0.0,402.333144,0.0
2019-02-17,17,0,139,8.28,8.28,0.0,43.518827,0.0
2019-02-17,17,0,140,72.17,72.17,0.0,-2764.20083,0.0
2019-02-17,17,0,141,9.49,9.49,0.0,-132.529791,0.0
2019-02-17,17,0,142,370.83,370.83,0.0,-5178.716807,0.0
2019-02-17,17,0,143,96.82,96.82,0.0,351.73914,0.0
2019-02-17,17,0,145,16.8,16.8,0.0,77.221335,0.0
2019-02-17,17,0,146,51.72,51.72,0.0,-1980.940376,0.0
2019-02-17,17,0,152,7.19,7.19,0.0,54.683963,0.0
2019-02-17,17,0,153,8.91,8.91,0.0,67.27927,0.0
2019-02-17,17,0,154,67.64,67.64,0.0,355.508876,0.0
2019-02-17,17,0,157,23.42,23.42,0.0,-327.065091,0.0
2019-02-17,17,0,158,290.33,290.33,0.0,-4054.51784,0.0
2019-02-17,17,0,159,0.0,0.0,0.0,0.0,0.0
2019-02-17,17,0,160,2.22,2.22,0.0,17.04975,0.0
2019-02-17,17,0,161,52.2,52.2,0.0,-314.153703,0.0
2019-02-17,17,0,162,135.91,135.91,0.0,2394.924577,0.0
2019-02-17,17,0,163,115.77,115.77,0.0,-4434.135099,0.0
2019-02-17,17,0,164,19.3,19.3,0.0,70.115321,0.0
2019-02-17,17,0,167,4.7,4.7,0.0,82.057559,0.0
2019-02-17,17,0,168,2.35,2.35,0.0,41.028779,0.0
2019-02-17,17,0,169,0.0,0.0,0.0,0.0,0.0
2019-02-17,17,0,170,5.14,5.14,0.0,89.739543,0.0
2019-02-17,17,0,172,6.12,6.12,0.0,99.441481,0.0
2019-02-17,17,0,173,9.32,9.32,0.0,151.437027,0.0
2019-02-17,17,0,188,8.1,8.1,0.0,135.104616,0.0
2019-02-17,17,0,190,7.71,7.71,0.0,166.430743,0.0
2019-02-17,17,0,191,19.93,19.93,0.0,430.215916,0.0
2019-02-17,17,0,192,136.73,136.73,0.0,2951.501362,0.0
2019-02-17,17,0,194,42.27,42.27,0.0,363.938643,0.0
2019-02-17,17,0,196,5.37,5.37,0.0,160.63427,0.0
2019-02-17,17,0,198,9.33,9.33,0.0,77.916034,0.0
2019-02-17,17,0,199,130.0,130.0,0.0,1259.465954,0.0
2019-02-17,17,0,200,15.72,15.72,0.0,152.298498,0.0
2019-02-17,17,0,204,252.8,252.8,0.0,1540.628861,0.0
2019-02-17,17,0,205,312.99,312.99,0.0,1949.065866,0.0
2019-02-17,17,0,206,100.7,100.7,0.0,362.682654,0.0
2019-02-17,17,0,210,1.83,1.83,0.0,13.02134,0.0
2019-02-17,17,0,214,10.89,10.89,0.0,114.079492,0.0
2019-02-17,17,0,217,6.95,6.95,0.0,62.655195,0.0
2019-02-17,17,0,218,9.59,9.59,0.0,86.455155,0.0
2019-02-17,17,0,219,6.53,6.53,0.0,58.868838,0.0
2019-02-17,17,0,221,5.81,5.81,0.0,60.863347,0.0
2019-02-17,17,0,225,4.31,4.31,0.0,29.187824,0.0
2019-02-17,17,0,233,6.74,6.74,0.0,66.429722,0.0
2019-02-17,17,0,236,159.03,159.03,0.0,1309.017952,0.0
2019-02-17,17,0,237,257.58,257.58,0.0,1956.69054,0.0
2019-02-17,17,0,238,70.58,70.58,0.0,605.79467,0.0
2019-02-17,17,0,240,10.77,10.77,0.0,75.985912,0.0
2019-02-17,17,0,245,78.0,78.0,0.0,699.252553,0.0
2019-02-17,17,0,247,171.72,171.72,0.0,1539.431389,0.0
2019-02-17,17,0,248,26.21,26.21,0.0,199.102644,0.0
2019-02-17,17,0,249,150.0,150.0,0.0,1344.716447,0.0
2019-02-17,17,0,251,326.4,326.4,0.0,2839.215436,0.0
2019-02-17,17,0,252,267.06,267.06,0.0,2341.512808,0.0
2019-02-17,17,0,254,15.29,15.29,0.0,111.462476,0.0
2019-02-17,17,0,255,7.01,7.01,0.0,51.102156,0.0
2019-02-17,17,0,258,13.25,13.25,0.0,93.705381,0.0
2019-02-17,17,0,260,5.38,5.38,0.0,41.318764,0.0
2019-02-17,17,0,265,70.03,70.03,0.0,368.070469,0.0
2019-02-17,17,0,266,5.36,5.36,0.0,28.171608,0.0
2019-02-17,17,0,267,6.59,6.59,0.0,34.636361,0.0
2019-02-17,17,0,270,361.54,361.54,0.0,-13847.432009,0.0
2019-02-17,17,0,272,88.76,88.76,0.0,157.601067,0.0
2019-02-17,17,0,273,23.72,23.72,0.0,-908.505524,0.0
2019-02-17,17,0,274,466.07,466.07,0.0,-17851.061118,0.0
2019-02-17,17,0,275,648.78,648.78,0.0,-24849.081537,0.0
2019-02-17,17,0,276,5.41,5.41,0.0,-177.813287,0.0
2019-02-17,17,0,277,6.81,6.81,0.0,9.402781,0.0
2019-02-17,17,0,278,10.89,10.89,0.0,15.036165,0.0
2019-02-17,17,0,279,153.9,153.9,0.0,212.494562,0.0
2019-02-17,17,0,281,12.5,12.5,0.0,45.411477,0.0
2019-02-17,17,0,282,273.64,273.64,0.0,994.111735,0.0
2019-02-17,18,0,9,1.69,1.69,0.0,10.139562,0.0
2019-02-17,18,0,17,22.14,22.14,0.0,195.6278,0.0
2019-02-17,18,0,19,332.94,332.94,0.0,2941.8392,0.0
2019-02-17,18,0,20,405.43,405.43,0.0,3582.356782,0.0
2019-02-17,18,0,21,38.71,38.71,0.0,232.249968,0.0
2019-02-17,18,0,22,137.58,137.58,0.0,825.444346,0.0
2019-02-17,18,0,23,9.65,9.65,0.0,57.897499,0.0
2019-02-17,18,0,24,17.12,17.12,0.0,102.715563,0.0
2019-02-17,18,0,29,2.45,2.45,0.0,22.224279,0.0
2019-02-17,18,0,30,319.42,319.42,0.0,1910.866982,0.0
2019-02-17,18,0,31,14.37,14.37,0.0,85.965683,0.0
2019-02-17,18,0,32,2.31,2.31,0.0,35.423175,0.0
2019-02-17,18,0,33,1.4,1.4,0.0,13.10919,0.0
2019-02-17,18,0,34,2.25,2.25,0.0,21.068341,0.0
2019-02-17,18,0,35,2.25,2.25,0.0,21.068341,0.0
2019-02-17,18,0,36,5.75,5.75,0.0,46.007439,0.0
2019-02-17,18,0,37,2.76,2.76,0.0,22.045954,0.0
2019-02-17,18,0,38,3.55,3.55,0.0,28.356209,0.0
2019-02-17,18,0,39,2.37,2.37,0.0,18.930765,0.0
2019-02-17,18,0,40,2.37,2.37,0.0,18.930765,0.0
2019-02-17,18,0,41,6.36,6.36,0.0,43.977893,0.0
2019-02-17,18,0,42,33.95,33.95,0.0,296.096401,0.0
2019-02-17,18,0,43,16.98,16.98,0.0,137.69606,0.0
2019-02-17,18,0,46,14.25,14.25,0.0,111.121107,0.0
2019-02-17,18,0,52,15.23,15.23,0.0,91.110463,0.0
2019-02-17,18,0,53,24.2,24.2,0.0,144.771714,0.0
2019-02-17,18,0,55,69.1,69.1,0.0,414.582093,0.0
2019-02-17,18,0,56,94.22,94.22,0.0,563.652517,0.0
2019-02-17,18,0,57,89.62,89.62,0.0,536.133927,0.0
2019-02-17,18,0,58,172.35,172.35,0.0,1031.049792,0.0
2019-02-17,18,0,59,169.48,169.48,0.0,1013.880584,0.0
2019-02-17,18,0,63,79.43,79.43,0.0,1434.756404,0.0
2019-02-17,18,0,64,93.45,93.45,0.0,1688.001837,0.0
2019-02-17,18,0,65,41.4,41.4,0.0,364.92828,0.0
2019-02-17,18,0,67,179.17,179.17,0.0,-953.41198,0.0
2019-02-17,18,0,68,6.66,6.66,0.0,-0.791656,0.0
2019-02-17,18,0,69,1.4,1.4,0.0,13.10919,0.0
2019-02-17,18,0,74,65.28,65.28,0.0,536.364327,0.0
2019-02-17,18,0,77,34.82,34.82,0.0,150.589671,0.0
2019-02-17,18,0,78,26.33,26.33,0.0,113.872086,0.0
2019-02-17,18,0,79,15.24,15.24,0.0,65.910011,0.0
2019-02-17,18,0,80,24.64,24.64,0.0,106.563168,0.0
2019-02-17,18,0,81,32.21,32.21,0.0,139.301933,0.0
2019-02-17,18,0,82,22.72,22.72,0.0,98.259544,0.0
2019-02-17,18,0,83,50.67,50.67,0.0,219.137813,0.0
2019-02-17,18,0,84,0.0,0.0,0.0,0.0,0.0
2019-02-17,18,0,86,7.11,7.11,0.0,66.575957,0.0
2019-02-17,18,0,87,36.3,36.3,0.0,339.902566,0.0
2019-02-17,18,0,88,30.18,30.18,0.0,130.522581,0.0
2019-02-17,18,0,89,29.01,29.01,0.0,125.462561,0.0
2019-02-17,18,0,90,38.95,38.95,0.0,168.451111,0.0
2019-02-17,18,0,91,138.94,138.94,0.0,600.888251,0.0
2019-02-17,18,0,92,49.97,49.97,0.0,216.11045,0.0
2019-02-17,18,0,95,87.81,87.81,0.0,1356.132713,0.0
2019-02-17,18,0,96,12.07,12.07,0.0,71.986412,0.0
2019-02-17,18,0,97,74.25,74.25,0.0,442.832731,0.0
2019-02-17,18,0,99,12.6,12.6,0.0,103.526203,0.0
2019-02-17,18,0,101,6.43,6.43,0.0,38.466203,0.0
2019-02-17,18,0,102,15.76,15.76,0.0,-1.873349,0.0
2019-02-17,18,0,103,13.7,13.7,0.0,-1.628482,0.0
2019-02-17,18,0,104,2.54,2.54,0.0,-0.301923,0.0
2019-02-17,18,0,106,135.44,135.44,0.0,812.604901,0.0
2019-02-17,18,0,109,54.86,54.86,0.0,411.590319,0.0
2019-02-17,18,0,110,61.89,61.89,0.0,-1315.328496,0.0
2019-02-17,18,0,111,10.33,10.33,0.0,71.429502,0.0
2019-02-17,18,0,113,26.68,26.68,0.0,133.794551,0.0
2019-02-17,18,0,115,26.68,26.68,0.0,133.794551,0.0
2019-02-17,18,0,116,60.8,60.8,0.0,-1292.163073,0.0
2019-02-17,18,0,117,1.78,1.78,0.0,8.926323,0.0
2019-02-17,18,0,119,93.45,93.45,0.0,1688.001837,0.0
2019-02-17,18,0,120,54.95,54.95,0.0,992.570369,0.0
2019-02-17,18,0,123,2.26,2.26,0.0,13.559414,0.0
2019-02-17,18,0,125,15.48,15.48,0.0,92.875988,0.0
2019-02-17,18,0,126,101.58,101.58,0.0,609.453676,0.0
2019-02-17,18,0,127,130.36,130.36,0.0,782.126217,0.0
2019-02-17,18,0,128,22.23,22.23,0.0,133.374239,0.0
2019-02-17,18,0,131,16.92,16.92,0.0,21.49744,0.0
2019-02-17,18,0,132,24.87,24.87,0.0,31.598187,0.0
2019-02-17,18,0,133,139.8,139.8,0.0,1235.54488,0.0
2019-02-17,18,0,134,0.0,0.0,0.0,0.0,0.0
2019-02-17,18,0,135,187.33,187.33,0.0,1655.612463,0.0
2019-02-17,18,0,136,45.9,45.9,0.0,404.540848,0.0
2019-02-17,18,0,139,8.22,8.22,0.0,56.839352,0.0
2019-02-17,18,0,140,45.8,45.8,0.0,-973.372841,0.0
2019-02-17,18,0,141,35.1,35.1,0.0,-186.776584,0.0
2019-02-17,18,0,142,236.28,236.28,0.0,-1257.309721,0.0
2019-02-17,18,0,143,64.08,64.08,0.0,383.345928,0.0
2019-02-17,18,0,145,20.45,20.45,0.0,133.880483,0.0
2019-02-17,18,0,146,87.01,87.01,0.0,-1849.195871,0.0
2019-02-17,18,0,152,4.41,4.41,0.0,36.30743,0.0
2019-02-17,18,0,153,5.45,5.45,0.0,44.72131,0.0
2019-02-17,18,0,154,42.6,42.6,0.0,294.568906,0.0
2019-02-17,18,0,157,51.18,51.18,0.0,-272.342608,0.0
2019-02-17,18,0,158,186.63,186.63,0.0,-993.108656,0.0
2019-02-17,18,0,159,0.0,0.0,0.0,0.0,0.0
2019-02-17,18,0,160,1.32,1.32,0.0,11.216843,0.0
2019-02-17,18,0,161,32.79,32.79,0.0,-3.897659,0.0
2019-02-17,18,0,162,86.69,86.69,0.0,1341.358654,0.0
2019-02-17,18,0,163,104.16,104.16,0.0,-2213.679369,0.0
2019-02-17,18,0,164,12.19,12.19,0.0,72.924264,0.0
2019-02-17,18,0,167,2.65,2.65,0.0,40.722456,0.0
2019-02-17,18,0,168,1.33,1.33,0.0,20.438063,0.0
2019-02-17,18,0,169,0.0,0.0,0.0,0.0,0.0
2019-02-17,18,0,170,2.9,2.9,0.0,44.564197,0.0
2019-02-17,18,0,172,3.47,3.47,0.0,50.638397,0.0
2019-02-17,18,0,173,5.29,5.29,0.0,77.198017,0.0
2019-02-17,18,0,188,4.64,4.64,0.0,68.945,0.0
2019-02-17,18,0,190,4.61,4.61,0.0,83.271145,0.0
2019-02-17,18,0,191,11.92,11.92,0.0,215.312808,0.0
2019-02-17,18,0,192,93.01,93.01,0.0,1680.054049,0.0
2019-02-17,18,0,194,64.22,64.22,0.0,612.080907,0.0
2019-02-17,18,0,196,3.25,3.25,0.0,76.428896,0.0
2019-02-17,18,0,198,5.45,5.45,0.0,49.671423,0.0
2019-02-17,18,0,199,130.0,130.0,0.0,1355.811881,0.0
2019-02-17,18,0,200,9.12,9.12,0.0,95.115418,0.0
2019-02-17,18,0,204,215.54,215.54,0.0,1601.626828,0.0
2019-02-17,18,0,205,290.19,290.19,0.0,2177.167236,0.0
2019-02-17,18,0,206,218.17,218.17,0.0,1301.182718,0.0
2019-02-17,18,0,210,1.02,1.02,0.0,9.382864,0.0
2019-02-17,18,0,214,6.26,6.26,0.0,60.571734,0.0
2019-02-17,18,0,217,3.93,3.93,0.0,37.225377,0.0
2019-02-17,18,0,218,5.43,5.43,0.0,51.433536,0.0
2019-02-17,18,0,219,3.7,3.7,0.0,35.046793,0.0
2019-02-17,18,0,221,3.34,3.34,0.0,32.317826,0.0
2019-02-17,18,0,225,2.41,2.41,0.0,21.8317,0.0
2019-02-17,18,0,233,4.02,4.02,0.0,37.642102,0.0
2019-02-17,18,0,236,159.03,159.03,0.0,1358.943755,0.0
2019-02-17,18,0,237,156.6,156.6,0.0,1286.682808,0.0
2019-02-17,18,0,238,44.18,44.18,0.0,385.317791,0.0
2019-02-17,18,0,240,6.52,6.52,0.0,52.168435,0.0
2019-02-17,18,0,245,78.0,78.0,0.0,695.299111,0.0
2019-02-17,18,0,247,171.72,171.72,0.0,1530.727735,0.0
2019-02-17,18,0,248,15.72,15.72,0.0,129.161263,0.0
2019-02-17,18,0,249,150.0,150.0,0.0,1337.113675,0.0
2019-02-17,18,0,251,326.4,326.4,0.0,2865.727272,0.0
2019-02-17,18,0,252,267.06,267.06,0.0,2354.051844,0.0
2019-02-17,18,0,254,9.11,9.11,0.0,74.763464,0.0
2019-02-17,18,0,255,4.18,4.18,0.0,34.304202,0.0
2019-02-17,18,0,258,8.02,8.02,0.0,64.310287,0.0
2019-02-17,18,0,260,3.2,3.2,0.0,27.192347,0.0
2019-02-17,18,0,265,44.1,44.1,0.0,304.94105,0.0
2019-02-17,18,0,266,5.32,5.32,0.0,36.786539,0.0
2019-02-17,18,0,267,6.54,6.54,0.0,45.22255,0.0
2019-02-17,18,0,270,325.28,325.28,0.0,-6913.07244,0.0
2019-02-17,18,0,272,89.16,89.16,0.0,447.118521,0.0
2019-02-17,18,0,273,14.54,14.54,0.0,-309.013998,0.0
2019-02-17,18,0,274,419.33,419.33,0.0,-8911.887193,0.0
2019-02-17,18,0,275,583.71,583.71,0.0,-12405.403079,0.0
2019-02-17,18,0,276,3.33,3.33,0.0,-58.926129,0.0
2019-02-17,18,0,277,4.2,4.2,0.0,19.900282,0.0
2019-02-17,18,0,278,6.71,6.71,0.0,31.79307,0.0
2019-02-17,18,0,279,161.56,161.56,0.0,765.497515,0.0
2019-02-17,18,0,281,6.44,6.44,0.0,38.526026,0.0
2019-02-17,18,0,282,175.22,175.22,0.0,1048.218999,0.0
2019-02-17,19,0,9,0.33,0.33,0.0,2.601637,0.0
2019-02-17,19,0,17,2.19,2.19,0.0,-0.774588,0.0
2019-02-17,19,0,19,615.51,615.51,0.0,-217.701637,0.0
2019-02-17,19,0,20,748.14,748.14,0.0,-264.611952,0.0
2019-02-17,19,0,21,7.65,7.65,0.0,60.31067,0.0
2019-02-17,19,0,22,27.19,27.19,0.0,214.3591,0.0
2019-02-17,19,0,23,27.0,27.0,0.0,212.861188,0.0
2019-02-17,19,0,24,47.77,47.77,0.0,376.606628,0.0
2019-02-17,19,0,29,0.08,0.08,0.0,0.676645,0.0
2019-02-17,19,0,30,82.08,82.08,0.0,645.475629,0.0
2019-02-17,19,0,31,3.86,3.86,0.0,30.35497,0.0
2019-02-17,19,0,32,0.26,0.26,0.0,3.995562,0.0
2019-02-17,19,0,33,0.15,0.15,0.0,1.854324,0.0
2019-02-17,19,0,34,0.24,0.24,0.0,2.966918,0.0
2019-02-17,19,0,35,0.24,0.24,0.0,2.966918,0.0
2019-02-17,19,0,36,1.1,1.1,0.0,11.103801,0.0
2019-02-17,19,0,37,0.53,0.53,0.0,5.328272,0.0
2019-02-17,19,0,38,0.68,0.68,0.0,6.836274,0.0
2019-02-17,19,0,39,0.45,0.45,0.0,4.524005,0.0
2019-02-17,19,0,40,0.45,0.45,0.0,4.524005,0.0
2019-02-17,19,0,41,9.17,9.17,0.0,82.054441,0.0
2019-02-17,19,0,42,5.17,5.17,0.0,42.842482,0.0
2019-02-17,19,0,43,3.11,3.11,0.0,31.445605,0.0
2019-02-17,19,0,46,2.59,2.59,0.0,25.428174,0.0
2019-02-17,19,0,52,4.1,4.1,0.0,32.242326,0.0
2019-02-17,19,0,53,6.51,6.51,0.0,51.194522,0.0
2019-02-17,19,0,55,24.88,24.88,0.0,196.147643,0.0
2019-02-17,19,0,56,24.21,24.21,0.0,190.387,0.0
2019-02-17,19,0,57,23.03,23.03,0.0,181.107502,0.0
2019-02-17,19,0,58,44.29,44.29,0.0,348.295755,0.0
2019-02-17,19,0,59,43.55,43.55,0.0,342.476409,0.0
2019-02-17,19,0,63,58.98,58.98,0.0,1047.938986,0.0
2019-02-17,19,0,64,69.39,69.39,0.0,1232.90075,0.0
2019-02-17,19,0,65,41.4,41.4,0.0,226.688245,0.0
2019-02-17,19,0,67,33.62,33.62,0.0,-83.618785,0.0
2019-02-17,19,0,68,11.65,11.65,0.0,24.116429,0.0
2019-02-17,19,0,69,0.15,0.15,0.0,1.854324,0.0
2019-02-17,19,0,74,65.28,65.28,0.0,688.955838,0.0
2019-02-17,19,0,77,52.81,52.81,0.0,316.39667,0.0
2019-02-17,19,0,78,39.92,39.92,0.0,239.169761,0.0
2019-02-17,19,0,79,23.1,23.1,0.0,138.397331,0.0
2019-02-17,19,0,80,37.36,37.36,0.0,223.832221,0.0
2019-02-17,19,0,81,48.85,48.85,0.0,292.671413,0.0
2019-02-17,19,0,82,34.46,34.46,0.0,206.457664,0.0
2019-02-17,19,0,83,76.83,76.83,0.0,460.305929,0.0
2019-02-17,19,0,84,0.0,0.0,0.0,0.0,0.0
2019-02-17,19,0,86,0.77,0.77,0.0,9.518863,0.0
2019-02-17,19,0,87,3.93,3.93,0.0,48.583286,0.0
2019-02-17,19,0,88,37.91,37.91,0.0,227.127395,0.0
2019-02-17,19,0,89,36.44,36.44,0.0,218.320292,0.0
2019-02-17,19,0,90,48.93,48.93,0.0,293.150711,0.0
2019-02-17,19,0,91,174.55,174.55,0.0,1045.76858,0.0
2019-02-17,19,0,92,62.78,62.78,0.0,376.129198,0.0
2019-02-17,19,0,95,55.02,55.02,0.0,850.696959,0.0
2019-02-17,19,0,96,22.83,22.83,0.0,179.063099,0.0
2019-02-17,19,0,97,140.38,140.38,0.0,1101.045899,0.0
2019-02-17,19,0,99,12.6,12.6,0.0,132.978608,0.0
2019-02-17,19,0,101,1.65,1.65,0.0,12.97557,0.0
2019-02-17,19,0,102,33.33,33.33,0.0,68.995758,0.0
2019-02-17,19,0,103,27.97,27.97,0.0,57.900131,0.0
2019-02-17,19,0,104,3.99,3.99,0.0,8.259618,0.0
2019-02-17,19,0,106,26.77,26.77,0.0,211.047926,0.0
2019-02-17,19,0,109,52.57,52.57,0.0,502.87504,0.0
2019-02-17,19,0,110,55.16,55.16,0.0,-906.992216,0.0
2019-02-17,19,0,111,2.01,2.01,0.0,17.985761,0.0
2019-02-17,19,0,113,29.31,29.31,0.0,190.571639,0.0
2019-02-17,19,0,115,29.31,29.31,0.0,190.571639,0.0
2019-02-17,19,0,116,8.41,8.41,0.0,-138.285071,0.0
2019-02-17,19,0,117,1.95,1.95,0.0,12.678768,0.0
2019-02-17,19,0,119,69.39,69.39,0.0,1232.90075,0.0
2019-02-17,19,0,120,40.8,40.8,0.0,724.922188,0.0
2019-02-17,19,0,123,0.45,0.45,0.0,3.547686,0.0
2019-02-17,19,0,125,43.23,43.23,0.0,340.814414,0.0
2019-02-17,19,0,126,20.08,20.08,0.0,158.305654,0.0
2019-02-17,19,0,127,25.76,25.76,0.0,203.085341,0.0
2019-02-17,19,0,128,61.92,61.92,0.0,488.161658,0.0
2019-02-17,19,0,131,27.4,27.4,0.0,90.068782,0.0
2019-02-17,19,0,132,40.28,40.28,0.0,132.407684,0.0
2019-02-17,19,0,133,135.62,135.62,0.0,1665.597378,0.0
2019-02-17,19,0,134,0.0,0.0,0.0,0.0,0.0
2019-02-17,19,0,135,183.78,183.78,0.0,2257.06744,0.0
2019-02-17,19,0,136,45.9,45.9,0.0,266.016929,0.0
2019-02-17,19,0,139,11.84,11.84,0.0,105.945974,0.0
2019-02-17,19,0,140,40.82,40.82,0.0,-671.200548,0.0
2019-02-17,19,0,141,87.2,87.2,0.0,-216.88156,0.0
2019-02-17,19,0,142,44.34,44.34,0.0,-110.281289,0.0
2019-02-17,19,0,143,23.27,23.27,0.0,182.994857,0.0
2019-02-17,19,0,145,25.99,25.99,0.0,220.818388,0.0
2019-02-17,19,0,146,151.59,151.59,0.0,-2492.5843,0.0
2019-02-17,19,0,152,0.8,0.8,0.0,8.44457,0.0
2019-02-17,19,0,153,1.02,1.02,0.0,10.72487,0.0
2019-02-17,19,0,154,8.3,8.3,0.0,74.269559,0.0
2019-02-17,19,0,157,96.38,96.38,0.0,-239.713816,0.0
2019-02-17,19,0,158,23.95,23.95,0.0,-59.567814,0.0
2019-02-17,19,0,159,0.0,0.0,0.0,0.0,0.0
2019-02-17,19,0,160,0.22,0.22,0.0,2.279716,0.0
2019-02-17,19,0,161,5.35,5.35,0.0,11.074927,0.0
2019-02-17,19,0,162,51.52,51.52,0.0,797.908904,0.0
2019-02-17,19,0,163,103.45,103.45,0.0,-1701.021478,0.0
2019-02-17,19,0,164,3.73,3.73,0.0,29.332652,0.0
2019-02-17,19,0,167,0.25,0.25,0.0,3.848508,0.0
2019-02-17,19,0,168,0.13,0.13,0.0,2.001224,0.0
2019-02-17,19,0,169,0.0,0.0,0.0,0.0,0.0
2019-02-17,19,0,170,0.28,0.28,0.0,4.310329,0.0
2019-02-17,19,0,172,0.35,0.35,0.0,5.13716,0.0
2019-02-17,19,0,173,0.54,0.54,0.0,7.925903,0.0
2019-02-17,19,0,188,0.55,0.55,0.0,8.219457,0.0
2019-02-17,19,0,190,0.5,0.5,0.0,8.88385,0.0
2019-02-17,19,0,191,1.28,1.28,0.0,22.742657,0.0
2019-02-17,19,0,192,71.94,71.94,0.0,1278.208387,0.0
2019-02-17,19,0,194,100.02,100.02,0.0,1037.2729,0.0
2019-02-17,19,0,196,0.43,0.43,0.0,9.692265,0.0
2019-02-17,19,0,198,0.74,0.74,0.0,7.802781,0.0
2019-02-17,19,0,199,93.83,93.83,0.0,1009.519428,0.0
2019-02-17,19,0,200,1.12,1.12,0.0,12.050109,0.0
2019-02-17,19,0,204,189.42,189.42,0.0,1794.165986,0.0
2019-02-17,19,0,205,278.09,278.09,0.0,2660.158264,0.0
2019-02-17,19,0,206,412.51,412.51,0.0,3235.449806,0.0
2019-02-17,19,0,210,0.05,0.05,0.0,0.43664,0.0
2019-02-17,19,0,214,0.48,0.48,0.0,6.155405,0.0
2019-02-17,19,0,217,0.25,0.25,0.0,2.759929,0.0
2019-02-17,19,0,218,0.34,0.34,0.0,3.753503,0.0
2019-02-17,19,0,219,0.23,0.23,0.0,2.539134,0.0
2019-02-17,19,0,221,0.26,0.26,0.0,3.334177,0.0
2019-02-17,19,0,225,0.09,0.09,0.0,0.758838,0.0
2019-02-17,19,0,233,0.44,0.44,0.0,5.43935,0.0
2019-02-17,19,0,236,159.03,159.03,0.0,1753.675916,0.0
2019-02-17,19,0,237,156.6,156.6,0.0,1652.734134,0.0
2019-02-17,19,0,238,6.73,6.73,0.0,55.769807,0.0
2019-02-17,19,0,240,1.25,1.25,0.0,12.617956,0.0
2019-02-17,19,0,245,78.0,78.0,0.0,812.752568,0.0
2019-02-17,19,0,247,171.72,171.72,0.0,1789.306039,0.0
2019-02-17,19,0,248,15.72,15.72,0.0,165.906645,0.0
2019-02-17,19,0,249,150.0,150.0,0.0,1562.985709,0.0
2019-02-17,19,0,251,326.4,326.4,0.0,2384.650071,0.0
2019-02-17,19,0,252,267.06,267.06,0.0,1462.303449,0.0
2019-02-17,19,0,254,1.52,1.52,0.0,15.464734,0.0
2019-02-17,19,0,255,0.69,0.69,0.0,7.020175,0.0
2019-02-17,19,0,258,1.51,1.51,0.0,15.246579,0.0
2019-02-17,19,0,260,0.54,0.54,0.0,5.595667,0.0
2019-02-17,19,0,265,8.59,8.59,0.0,76.86452,0.0
2019-02-17,19,0,266,7.67,7.67,0.0,68.632231,0.0
2019-02-17,19,0,267,9.42,9.42,0.0,84.291476,0.0
2019-02-17,19,0,270,323.08,323.08,0.0,-5312.382977,0.0
2019-02-17,19,0,272,97.95,97.95,0.0,636.864281,0.0
2019-02-17,19,0,273,2.01,2.01,0.0,-33.050296,0.0
2019-02-17,19,0,274,416.48,416.48,0.0,-6848.152972,0.0
2019-02-17,19,0,275,579.75,579.75,0.0,-9532.790736,0.0
2019-02-17,19,0,276,0.49,0.49,0.0,-6.530184,0.0
2019-02-17,19,0,277,0.66,0.66,0.0,4.15614,0.0
2019-02-17,19,0,278,1.06,1.06,0.0,6.675013,0.0
2019-02-17,19,0,279,182.77,182.77,0.0,1150.935984,0.0
2019-02-17,19,0,281,1.73,1.73,0.0,13.604689,0.0
2019-02-17,19,0,282,45.03,45.03,0.0,354.115102,0.0
2019-02-17,20,0,9,0.0,0.0,0.0,0.0,0.0
2019-02-17,20,0,17,0.0,0.0,0.0,0.0,0.0
2019-02-17,20,0,19,643.3,643.3,0.0,28.537647,0.0
2019-02-17,20,0,20,780.2,780.2,0.0,34.610714,0.0
2019-02-17,20,0,21,0.0,0.0,0.0,0.0,0.0
2019-02-17,20,0,22,0.0,0.0,0.0,0.0,0.0
2019-02-17,20,0,23,51.66,51.66,0.0,340.271184,0.0
2019-02-17,20,0,24,91.41,91.41,0.0,602.09425,0.0
2019-02-17,20,0,29,0.0,0.0,0.0,0.0,0.0
2019-02-17,20,0,30,0.0,0.0,0.0,0.0,0.0
2019-02-17,20,0,31,0.0,0.0,0.0,0.0,0.0
2019-02-17,20,0,32,0.0,0.0,0.0,0.0,0.0
2019-02-17,20,0,33,0.0,0.0,0.0,0.0,0.0
2019-02-17,20,0,34,0.0,0.0,0.0,0.0,0.0
2019-02-17,20,0,35,0.0,0.0,0.0,0.0,0.0
2019-02-17,20,0,36,0.0,0.0,0.0,0.0,0.0
2019-02-17,20,0,37,0.0,0.0,0.0,0.0,0.0
2019-02-17,20,0,38,0.0,0.0,0.0,0.0,0.0
2019-02-17,20,0,39,0.0,0.0,0.0,0.0,0.0
2019-02-17,20,0,40,0.0,0.0,0.0,0.0,0.0
2019-02-17,20,0,41,23.83,23.83,0.0,178.989986,0.0
2019-02-17,20,0,42,0.0,0.0,0.0,0.0,0.0
2019-02-17,20,0,43,0.0,0.0,0.0,0.0,0.0
2019-02-17,20,0,46,0.0,0.0,0.0,0.0,0.0
2019-02-17,20,0,52,0.0,0.0,0.0,0.0,0.0
2019-02-17,20,0,53,0.0,0.0,0.0,0.0,0.0
2019-02-17,20,0,55,7.13,7.13,0.0,46.963483,0.0
2019-02-17,20,0,56,0.0,0.0,0.0,0.0,0.0
2019-02-17,20,0,57,0.0,0.0,0.0,0.0,0.0
2019-02-17,20,0,58,0.0,0.0,0.0,0.0,0.0
2019-02-17,20,0,59,0.0,0.0,0.0,0.0,0.0
2019-02-17,20,0,63,51.72,51.72,0.0,953.001625,0.0
2019-02-17,20,0,64,60.84,60.84,0.0,1121.048316,0.0
2019-02-17,20,0,65,41.4,41.4,0.0,195.40998,0.0
2019-02-17,20,0,67,0.0,0.0,0.0,-0.0,0.0
2019-02-17,20,0,68,9.55,9.55,0.0,19.769262,0.0
2019-02-17,20,0,69,0.0,0.0,0.0,0.0,0.0
2019-02-17,20,0,74,65.28,65.28,0.0,577.278613,0.0
2019-02-17,20,0,77,80.59,80.59,0.0,395.395408,0.0
2019-02-17,20,0,78,61.18,61.18,0.0,300.164922,0.0
2019-02-17,20,0,79,35.61,35.61,0.0,174.711881,0.0
2019-02-17,20,0,80,57.31,57.31,0.0,281.1777,0.0
2019-02-17,20,0,81,74.64,74.64,0.0,366.203167,0.0
2019-02-17,20,0,82,52.9,52.9,0.0,259.541098,0.0
2019-02-17,20,0,83,116.35,116.35,0.0,570.843228,0.0
2019-02-17,20,0,84,0.0,0.0,0.0,0.0,0.0
2019-02-17,20,0,86,0.0,0.0,0.0,0.0,0.0
2019-02-17,20,0,87,0.0,0.0,0.0,0.0,0.0
2019-02-17,20,0,88,67.42,67.42,0.0,330.779978,0.0
2019-02-17,20,0,89,64.82,64.82,0.0,318.023704,0.0
2019-02-17,20,0,90,86.96,86.96,0.0,426.648277,0.0
2019-02-17,20,0,91,309.62,309.62,0.0,1519.075893,0.0
2019-02-17,20,0,92,111.5,111.5,0.0,547.047872,0.0
2019-02-17,20,0,95,52.21,52.21,0.0,860.160669,0.0
2019-02-17,20,0,96,27.42,27.42,0.0,179.626658,0.0
2019-02-17,20,0,97,198.0,198.0,0.0,1297.085279,0.0
2019-02-17,20,0,99,12.6,12.6,0.0,111.423262,0.0
2019-02-17,20,0,101,0.0,0.0,0.0,0.0,0.0
2019-02-17,20,0,102,22.6,22.6,0.0,46.783802,0.0
2019-02-17,20,0,103,19.65,19.65,0.0,40.677067,0.0
2019-02-17,20,0,104,3.65,3.65,0.0,7.555791,0.0
2019-02-17,20,0,106,0.0,0.0,0.0,0.0,0.0
2019-02-17,20,0,109,42.05,42.05,0.0,340.239206,0.0
2019-02-17,20,0,110,61.55,61.55,0.0,-690.491212,0.0
2019-02-17,20,0,111,0.0,0.0,0.0,0.0,0.0
2019-02-17,20,0,113,23.56,23.56,0.0,122.555308,0.0
2019-02-17,20,0,115,23.56,23.56,0.0,122.555308,0.0
2019-02-17,20,0,116,0.0,0.0,0.0,-0.0,0.0
2019-02-17,20,0,117,1.57,1.57,0.0,8.166886,0.0
2019-02-17,20,0,119,60.84,60.84,0.0,1121.048316,0.0
2019-02-17,20,0,120,35.78,35.78,0.0,659.288441,0.0
2019-02-17,20,0,123,0.0,0.0,0.0,0.0,0.0
2019-02-17,20,0,125,82.72,82.72,0.0,544.855447,0.0
2019-02-17,20,0,126,0.0,0.0,0.0,0.0,0.0
2019-02-17,20,0,127,0.0,0.0,0.0,0.0,0.0
2019-02-17,20,0,128,118.47,118.47,0.0,780.331537,0.0
2019-02-17,20,0,131,30.0,30.0,0.0,88.311109,0.0
2019-02-17,20,0,132,44.1,44.1,0.0,129.81733,0.0
2019-02-17,20,0,133,103.8,103.8,0.0,1056.058617,0.0
2019-02-17,20,0,134,0.0,0.0,0.0,0.0,0.0
2019-02-17,20,0,135,138.32,138.32,0.0,1407.264239,0.0
2019-02-17,20,0,136,45.9,45.9,0.0,228.432071,0.0
2019-02-17,20,0,139,31.89,31.89,0.0,239.529612,0.0
2019-02-17,20,0,140,45.56,45.56,0.0,-511.109336,0.0
2019-02-17,20,0,141,170.15,170.15,0.0,-204.362396,0.0
2019-02-17,20,0,142,0.0,0.0,0.0,-0.0,0.0
2019-02-17,20,0,143,3.51,3.51,0.0,23.058013,0.0
2019-02-17,20,0,145,20.5,20.5,0.0,146.255135,0.0
2019-02-17,20,0,146,225.54,225.54,0.0,-2530.193143,0.0
2019-02-17,20,0,152,0.0,0.0,0.0,0.0,0.0
2019-02-17,20,0,153,0.0,0.0,0.0,0.0,0.0
2019-02-17,20,0,154,0.0,0.0,0.0,0.0,0.0
2019-02-17,20,0,157,117.23,117.23,0.0,-140.801667,0.0
2019-02-17,20,0,158,0.0,0.0,0.0,-0.0,0.0
2019-02-17,20,0,159,0.0,0.0,0.0,0.0,0.0
2019-02-17,20,0,160,0.0,0.0,0.0,0.0,0.0
2019-02-17,20,0,161,0.0,0.0,0.0,0.0,0.0
2019-02-17,20,0,162,44.9,44.9,0.0,740.767021,0.0
2019-02-17,20,0,163,83.56,83.56,0.0,-937.407728,0.0
2019-02-17,20,0,164,0.0,0.0,0.0,0.0,0.0
2019-02-17,20,0,167,0.0,0.0,0.0,0.0,0.0
2019-02-17,20,0,168,0.0,0.0,0.0,0.0,0.0
2019-02-17,20,0,169,0.0,0.0,0.0,0.0,0.0
2019-02-17,20,0,170,0.0,0.0,0.0,0.0,0.0
2019-02-17,20,0,172,0.0,0.0,0.0,0.0,0.0
2019-02-17,20,0,173,0.0,0.0,0.0,0.0,0.0
2019-02-17,20,0,188,0.0,0.0,0.0,0.0,0.0
2019-02-17,20,0,190,0.0,0.0,0.0,0.0,0.0
2019-02-17,20,0,191,0.0,0.0,0.0,0.0,0.0
2019-02-17,20,0,192,66.51,66.51,0.0,1225.524712,0.0
2019-02-17,20,0,194,78.19,78.19,0.0,618.680325,0.0
2019-02-17,20,0,196,0.0,0.0,0.0,0.0,0.0
2019-02-17,20,0,198,0.0,0.0,0.0,0.0,0.0
2019-02-17,20,0,199,76.62,76.62,0.0,765.079771,0.0
2019-02-17,20,0,200,0.0,0.0,0.0,0.0,0.0
2019-02-17,20,0,204,280.68,280.68,0.0,2250.06511,0.0
2019-02-17,20,0,205,222.44,222.44,0.0,1799.828987,0.0
2019-02-17,20,0,206,750.06,750.06,0.0,4913.594872,0.0
2019-02-17,20,0,210,0.0,0.0,0.0,0.0,0.0
2019-02-17,20,0,214,0.0,0.0,0.0,0.0,0.0
2019-02-17,20,0,217,0.0,0.0,0.0,0.0,0.0
2019-02-17,20,0,218,0.0,0.0,0.0,0.0,0.0
2019-02-17,20,0,219,0.0,0.0,0.0,0.0,0.0
2019-02-17,20,0,221,0.0,0.0,0.0,0.0,0.0
2019-02-17,20,0,225,0.0,0.0,0.0,0.0,0.0
2019-02-17,20,0,233,0.0,0.0,0.0,0.0,0.0
2019-02-17,20,0,236,159.03,159.03,0.0,1463.24415,0.0
2019-02-17,20,0,237,156.6,156.6,0.0,1384.831966,0.0
2019-02-17,20,0,238,0.0,0.0,0.0,0.0,0.0
2019-02-17,20,0,240,0.0,0.0,0.0,0.0,0.0
2019-02-17,20,0,245,145.89,145.89,0.0,1265.392676,0.0
2019-02-17,20,0,247,171.72,171.72,0.0,1489.431971,0.0
2019-02-17,20,0,248,15.72,15.72,0.0,139.013784,0.0
2019-02-17,20,0,249,280.44,280.44,0.0,2432.426636,0.0
2019-02-17,20,0,251,326.4,326.4,0.0,2020.791234,0.0
2019-02-17,20,0,252,267.06,267.06,0.0,1260.535972,0.0
2019-02-17,20,0,254,0.0,0.0,0.0,0.0,0.0
2019-02-17,20,0,255,0.0,0.0,0.0,0.0,0.0
2019-02-17,20,0,258,0.0,0.0,0.0,0.0,0.0
2019-02-17,20,0,260,0.0,0.0,0.0,0.0,0.0
2019-02-17,20,0,265,0.0,0.0,0.0,0.0,0.0
2019-02-17,20,0,266,19.43,19.43,0.0,145.941059,0.0
2019-02-17,20,0,267,24.58,24.58,0.0,184.623326,0.0
2019-02-17,20,0,270,260.95,260.95,0.0,-2927.435935,0.0
2019-02-17,20,0,272,78.73,78.73,0.0,409.540722,0.0
2019-02-17,20,0,273,0.0,0.0,0.0,-0.0,0.0
2019-02-17,20,0,274,336.39,336.39,0.0,-3773.750428,0.0
2019-02-17,20,0,275,468.26,468.26,0.0,-5253.118034,0.0
2019-02-17,20,0,276,0.0,0.0,0.0,-0.0,0.0
2019-02-17,20,0,277,0.0,0.0,0.0,0.0,0.0
2019-02-17,20,0,278,0.0,0.0,0.0,0.0,0.0
2019-02-17,20,0,279,360.67,360.67,0.0,1833.406691,0.0
2019-02-17,20,0,281,0.0,0.0,0.0,0.0,0.0
2019-02-17,20,0,282,0.0,0.0,0.0,0.0,0.0
2019-02-17,21,0,9,0.0,0.0,0.0,0.0,0.0
2019-02-17,21,0,17,0.0,0.0,0.0,-0.0,0.0
2019-02-17,21,0,19,643.3,643.3,0.0,-380.678895,0.0
2019-02-17,21,0,20,780.2,780.2,0.0,-461.690773,0.0
2019-02-17,21,0,21,0.0,0.0,0.0,0.0,0.0
2019-02-17,21,0,22,0.0,0.0,0.0,0.0,0.0
2019-02-17,21,0,23,90.71,90.71,0.0,505.760019,0.0
2019-02-17,21,0,24,160.49,160.49,0.0,894.823343,0.0
2019-02-17,21,0,29,0.0,0.0,0.0,0.0,0.0
2019-02-17,21,0,30,0.0,0.0,0.0,0.0,0.0
2019-02-17,21,0,31,0.98,0.98,0.0,5.443264,0.0
2019-02-17,21,0,32,0.0,0.0,0.0,0.0,0.0
2019-02-17,21,0,33,0.0,0.0,0.0,0.0,0.0
2019-02-17,21,0,34,0.0,0.0,0.0,0.0,0.0
2019-02-17,21,0,35,0.0,0.0,0.0,0.0,0.0
2019-02-17,21,0,36,0.0,0.0,0.0,0.0,0.0
2019-02-17,21,0,37,0.0,0.0,0.0,0.0,0.0
2019-02-17,21,0,38,0.0,0.0,0.0,0.0,0.0
2019-02-17,21,0,39,0.0,0.0,0.0,0.0,0.0
2019-02-17,21,0,40,0.0,0.0,0.0,0.0,0.0
2019-02-17,21,0,41,64.26,64.26,0.0,430.145337,0.0
2019-02-17,21,0,42,0.0,0.0,0.0,0.0,0.0
2019-02-17,21,0,43,0.0,0.0,0.0,0.0,0.0
2019-02-17,21,0,46,0.0,0.0,0.0,0.0,0.0
2019-02-17,21,0,52,1.04,1.04,0.0,5.776525,0.0
2019-02-17,21,0,53,1.65,1.65,0.0,9.164679,0.0
2019-02-17,21,0,55,11.33,11.33,0.0,63.171216,0.0
2019-02-17,21,0,56,0.0,0.0,0.0,0.0,0.0
2019-02-17,21,0,57,0.0,0.0,0.0,0.0,0.0
2019-02-17,21,0,58,0.0,0.0,0.0,0.0,0.0
2019-02-17,21,0,59,0.0,0.0,0.0,0.0,0.0
2019-02-17,21,0,63,45.41,45.41,0.0,926.273255,0.0
2019-02-17,21,0,64,53.43,53.43,0.0,1089.865229,0.0
2019-02-17,21,0,65,41.4,41.4,0.0,173.372658,0.0
2019-02-17,21,0,67,0.0,0.0,0.0,-0.0,0.0
2019-02-17,21,0,68,9.62,9.62,0.0,3.617351,0.0
2019-02-17,21,0,69,0.0,0.0,0.0,0.0,0.0
2019-02-17,21,0,74,65.28,65.28,0.0,541.736329,0.0
2019-02-17,21,0,77,172.48,172.48,0.0,610.317683,0.0
2019-02-17,21,0,78,130.65,130.65,0.0,462.302907,0.0
2019-02-17,21,0,79,75.79,75.79,0.0,268.181686,0.0
2019-02-17,21,0,80,122.31,122.31,0.0,432.791952,0.0
2019-02-17,21,0,81,159.64,159.64,0.0,564.883551,0.0
2019-02-17,21,0,82,112.85,112.85,0.0,399.317895,0.0
2019-02-17,21,0,83,250.05,250.05,0.0,884.79787,0.0
2019-02-17,21,0,84,0.0,0.0,0.0,0.0,0.0
2019-02-17,21,0,86,0.0,0.0,0.0,0.0,0.0
2019-02-17,21,0,87,0.0,0.0,0.0,0.0,0.0
2019-02-17,21,0,88,115.59,115.59,0.0,409.013341,0.0
2019-02-17,21,0,89,111.12,111.12,0.0,393.196318,0.0
2019-02-17,21,0,90,149.2,149.2,0.0,527.941781,0.0
2019-02-17,21,0,91,532.24,532.24,0.0,1883.32261,0.0
2019-02-17,21,0,92,191.42,191.42,0.0,677.336566,0.0
2019-02-17,21,0,95,49.51,49.51,0.0,897.103926,0.0
2019-02-17,21,0,96,29.09,29.09,0.0,160.930929,0.0
2019-02-17,21,0,97,178.88,178.88,0.0,989.595209,0.0
2019-02-17,21,0,99,12.6,12.6,0.0,104.563078,0.0
2019-02-17,21,0,101,0.0,0.0,0.0,0.0,0.0
2019-02-17,21,0,102,22.77,22.77,0.0,8.562067,0.0
2019-02-17,21,0,103,19.8,19.8,0.0,7.445275,0.0
2019-02-17,21,0,104,3.68,3.68,0.0,1.383768,0.0
2019-02-17,21,0,106,0.0,0.0,0.0,0.0,0.0
2019-02-17,21,0,109,46.22,46.22,0.0,342.054756,0.0
2019-02-17,21,0,110,72.78,72.78,0.0,-1047.136689,0.0
2019-02-17,21,0,111,0.0,0.0,0.0,0.0,0.0
2019-02-17,21,0,113,35.69,35.69,0.0,136.671181,0.0
2019-02-17,21,0,115,35.69,35.69,0.0,136.671181,0.0
2019-02-17,21,0,116,0.0,0.0,0.0,-0.0,0.0
2019-02-17,21,0,117,2.4,2.4,0.0,9.190553,0.0
2019-02-17,21,0,119,53.43,53.43,0.0,1089.865229,0.0
2019-02-17,21,0,120,31.42,31.42,0.0,640.905212,0.0
2019-02-17,21,0,123,0.0,0.0,0.0,0.0,0.0
2019-02-17,21,0,125,145.24,145.24,0.0,809.79589,0.0
2019-02-17,21,0,126,0.0,0.0,0.0,0.0,0.0
2019-02-17,21,0,127,0.0,0.0,0.0,0.0,0.0
2019-02-17,21,0,128,208.02,208.02,0.0,1159.830219,0.0
2019-02-17,21,0,131,30.0,30.0,0.0,40.399087,0.0
2019-02-17,21,0,132,44.1,44.1,0.0,59.386658,0.0
2019-02-17,21,0,133,91.59,91.59,0.0,894.95447,0.0
2019-02-17,21,0,134,0.0,0.0,0.0,0.0,0.0
2019-02-17,21,0,135,119.08,119.08,0.0,1163.567839,0.0
2019-02-17,21,0,136,45.9,45.9,0.0,204.260992,0.0
2019-02-17,21,0,139,84.65,84.65,0.0,566.632474,0.0
2019-02-17,21,0,140,53.86,53.86,0.0,-774.921435,0.0
2019-02-17,21,0,141,230.0,230.0,0.0,-749.405749,0.0
2019-02-17,21,0,142,0.0,0.0,0.0,-0.0,0.0
2019-02-17,21,0,143,0.0,0.0,0.0,0.0,0.0
2019-02-17,21,0,145,15.96,15.96,0.0,99.587958,0.0
2019-02-17,21,0,146,268.0,268.0,0.0,-3855.903169,0.0
2019-02-17,21,0,152,0.0,0.0,0.0,0.0,0.0
2019-02-17,21,0,153,0.0,0.0,0.0,0.0,0.0
2019-02-17,21,0,154,0.0,0.0,0.0,0.0,0.0
2019-02-17,21,0,157,188.94,188.94,0.0,-615.620532,0.0
2019-02-17,21,0,158,0.0,0.0,0.0,-0.0,0.0
2019-02-17,21,0,159,0.0,0.0,0.0,0.0,0.0
2019-02-17,21,0,160,0.0,0.0,0.0,0.0,0.0
2019-02-17,21,0,161,0.0,0.0,0.0,0.0,0.0
2019-02-17,21,0,162,39.46,39.46,0.0,716.084493,0.0
2019-02-17,21,0,163,67.33,67.33,0.0,-968.723733,0.0
2019-02-17,21,0,164,0.0,0.0,0.0,0.0,0.0
2019-02-17,21,0,167,0.0,0.0,0.0,0.0,0.0
2019-02-17,21,0,168,0.0,0.0,0.0,0.0,0.0
2019-02-17,21,0,169,0.0,0.0,0.0,0.0,0.0
2019-02-17,21,0,170,0.0,0.0,0.0,0.0,0.0
2019-02-17,21,0,172,0.0,0.0,0.0,0.0,0.0
2019-02-17,21,0,173,0.0,0.0,0.0,0.0,0.0
2019-02-17,21,0,188,0.0,0.0,0.0,0.0,0.0
2019-02-17,21,0,190,0.0,0.0,0.0,0.0,0.0
2019-02-17,21,0,191,0.0,0.0,0.0,0.0,0.0
2019-02-17,21,0,192,63.03,63.03,0.0,1285.686045,0.0
2019-02-17,21,0,194,60.49,60.49,0.0,411.697971,0.0
2019-02-17,21,0,196,0.0,0.0,0.0,0.0,0.0
2019-02-17,21,0,198,0.0,0.0,0.0,0.0,0.0
2019-02-17,21,0,199,61.65,61.65,0.0,599.428371,0.0
2019-02-17,21,0,200,0.0,0.0,0.0,0.0,0.0
2019-02-17,21,0,204,412.78,412.78,0.0,3017.773033,0.0
2019-02-17,21,0,205,214.52,214.52,0.0,1587.572184,0.0
2019-02-17,21,0,206,525.63,525.63,0.0,2907.876395,0.0
2019-02-17,21,0,210,0.0,0.0,0.0,0.0,0.0
2019-02-17,21,0,214,0.0,0.0,0.0,0.0,0.0
2019-02-17,21,0,217,0.0,0.0,0.0,0.0,0.0
2019-02-17,21,0,218,0.0,0.0,0.0,0.0,0.0
2019-02-17,21,0,219,0.0,0.0,0.0,0.0,0.0
2019-02-17,21,0,221,0.0,0.0,0.0,0.0,0.0
2019-02-17,21,0,225,0.0,0.0,0.0,0.0,0.0
2019-02-17,21,0,233,0.0,0.0,0.0,0.0,0.0
2019-02-17,21,0,236,159.03,159.03,0.0,1387.387756,0.0
2019-02-17,21,0,237,156.6,156.6,0.0,1299.569685,0.0
2019-02-17,21,0,238,0.0,0.0,0.0,0.0,0.0
2019-02-17,21,0,240,0.0,0.0,0.0,0.0,0.0
2019-02-17,21,0,245,260.0,260.0,0.0,2144.988545,0.0
2019-02-17,21,0,247,171.72,171.72,0.0,1416.682434,0.0
2019-02-17,21,0,248,15.72,15.72,0.0,130.454888,0.0
2019-02-17,21,0,249,500.0,500.0,0.0,4124.97797,0.0
2019-02-17,21,0,251,326.4,326.4,0.0,1856.072611,0.0
2019-02-17,21,0,252,267.06,267.06,0.0,1118.379275,0.0
2019-02-17,21,0,254,0.0,0.0,0.0,0.0,0.0
2019-02-17,21,0,255,0.0,0.0,0.0,0.0,0.0
2019-02-17,21,0,258,0.0,0.0,0.0,0.0,0.0
2019-02-17,21,0,260,0.0,0.0,0.0,0.0,0.0
2019-02-17,21,0,265,0.0,0.0,0.0,0.0,0.0
2019-02-17,21,0,266,53.01,53.01,0.0,354.839781,0.0
2019-02-17,21,0,267,66.18,66.18,0.0,442.997485,0.0
2019-02-17,21,0,270,210.27,210.27,0.0,-3025.301341,0.0
2019-02-17,21,0,272,119.21,119.21,0.0,456.502424,0.0
2019-02-17,21,0,273,0.0,0.0,0.0,-0.0,0.0
2019-02-17,21,0,274,271.07,271.07,0.0,-3900.073403,0.0
2019-02-17,21,0,275,377.33,377.33,0.0,-5428.910234,0.0
2019-02-17,21,0,276,0.0,0.0,0.0,-0.0,0.0
2019-02-17,21,0,277,0.0,0.0,0.0,0.0,0.0
2019-02-17,21,0,278,0.0,0.0,0.0,0.0,0.0
2019-02-17,21,0,279,287.31,287.31,0.0,1066.714581,0.0
2019-02-17,21,0,281,0.44,0.44,0.0,2.443914,0.0
2019-02-17,21,0,282,0.0,0.0,0.0,0.0,0.0
2019-02-17,22,0,9,0.0,0.0,0.0,0.0,0.0
2019-02-17,22,0,17,0.0,0.0,0.0,-0.0,0.0
2019-02-17,22,0,19,643.3,643.3,0.0,-2259.297338,0.0
2019-02-17,22,0,20,780.2,780.2,0.0,-2740.09604,0.0
2019-02-17,22,0,21,0.0,0.0,0.0,0.0,0.0
2019-02-17,22,0,22,0.0,0.0,0.0,0.0,0.0
2019-02-17,22,0,23,108.8,108.8,0.0,642.096396,0.0
2019-02-17,22,0,24,192.5,192.5,0.0,1136.062098,0.0
2019-02-17,22,0,29,0.0,0.0,0.0,0.0,0.0
2019-02-17,22,0,30,0.0,0.0,0.0,0.0,0.0
2019-02-17,22,0,31,10.2,10.2,0.0,60.046644,0.0
2019-02-17,22,0,32,0.0,0.0,0.0,0.0,0.0
2019-02-17,22,0,33,0.0,0.0,0.0,0.0,0.0
2019-02-17,22,0,34,0.0,0.0,0.0,0.0,0.0
2019-02-17,22,0,35,0.0,0.0,0.0,0.0,0.0
2019-02-17,22,0,36,0.0,0.0,0.0,0.0,0.0
2019-02-17,22,0,37,0.0,0.0,0.0,0.0,0.0
2019-02-17,22,0,38,0.0,0.0,0.0,0.0,0.0
2019-02-17,22,0,39,0.0,0.0,0.0,0.0,0.0
2019-02-17,22,0,40,0.0,0.0,0.0,0.0,0.0
2019-02-17,22,0,41,95.82,95.82,0.0,638.589727,0.0
2019-02-17,22,0,42,0.0,0.0,0.0,0.0,0.0
2019-02-17,22,0,43,0.0,0.0,0.0,0.0,0.0
2019-02-17,22,0,46,0.0,0.0,0.0,0.0,0.0
2019-02-17,22,0,52,10.82,10.82,0.0,63.696538,0.0
2019-02-17,22,0,53,17.18,17.18,0.0,101.137387,0.0
2019-02-17,22,0,55,84.8,84.8,0.0,500.457485,0.0
2019-02-17,22,0,56,0.0,0.0,0.0,0.0,0.0
2019-02-17,22,0,57,0.0,0.0,0.0,0.0,0.0
2019-02-17,22,0,58,0.0,0.0,0.0,0.0,0.0
2019-02-17,22,0,59,0.0,0.0,0.0,0.0,0.0
2019-02-17,22,0,63,40.1,40.1,0.0,746.363862,0.0
2019-02-17,22,0,64,47.18,47.18,0.0,878.140823,0.0
2019-02-17,22,0,65,41.4,41.4,0.0,94.408817,0.0
2019-02-17,22,0,67,0.0,0.0,0.0,0.0,0.0
2019-02-17,22,0,68,9.7,9.7,0.0,39.144848,0.0
2019-02-17,22,0,69,0.0,0.0,0.0,0.0,0.0
2019-02-17,22,0,74,65.28,65.28,0.0,503.816929,0.0
2019-02-17,22,0,77,200.0,200.0,0.0,897.673515,0.0
2019-02-17,22,0,78,151.2,151.2,0.0,678.641178,0.0
2019-02-17,22,0,79,87.5,87.5,0.0,392.732163,0.0
2019-02-17,22,0,80,141.5,141.5,0.0,635.104012,0.0
2019-02-17,22,0,81,185.0,185.0,0.0,830.348002,0.0
2019-02-17,22,0,82,130.5,130.5,0.0,585.731969,0.0
2019-02-17,22,0,83,291.0,291.0,0.0,1306.114965,0.0
2019-02-17,22,0,84,0.0,0.0,0.0,0.0,0.0
2019-02-17,22,0,86,0.0,0.0,0.0,0.0,0.0
2019-02-17,22,0,87,0.0,0.0,0.0,0.0,0.0
2019-02-17,22,0,88,113.34,113.34,0.0,508.711581,0.0
2019-02-17,22,0,89,108.96,108.96,0.0,489.052531,0.0
2019-02-17,22,0,90,146.3,146.3,0.0,656.648176,0.0
2019-02-17,22,0,91,521.88,521.88,0.0,2342.389271,0.0
2019-02-17,22,0,92,187.69,187.69,0.0,842.42171,0.0
2019-02-17,22,0,95,47.25,47.25,0.0,832.093606,0.0
2019-02-17,22,0,96,29.88,29.88,0.0,175.442444,0.0
2019-02-17,22,0,97,183.75,183.75,0.0,1078.900574,0.0
2019-02-17,22,0,99,12.6,12.6,0.0,97.244076,0.0
2019-02-17,22,0,101,0.0,0.0,0.0,0.0,0.0
2019-02-17,22,0,102,22.98,22.98,0.0,92.73697,0.0
2019-02-17,22,0,103,19.98,19.98,0.0,80.630316,0.0
2019-02-17,22,0,104,3.71,3.71,0.0,14.971895,0.0
2019-02-17,22,0,106,0.0,0.0,0.0,0.0,0.0
2019-02-17,22,0,109,73.18,73.18,0.0,525.039395,0.0
2019-02-17,22,0,110,90.24,90.24,0.0,206.551453,0.0
2019-02-17,22,0,111,0.0,0.0,0.0,0.0,0.0
2019-02-17,22,0,113,52.17,52.17,0.0,222.473216,0.0
2019-02-17,22,0,115,52.17,52.17,0.0,222.473216,0.0
2019-02-17,22,0,116,0.0,0.0,0.0,0.0,0.0
2019-02-17,22,0,117,3.48,3.48,0.0,14.840077,0.0
2019-02-17,22,0,119,47.18,47.18,0.0,878.140823,0.0
2019-02-17,22,0,120,27.74,27.74,0.0,516.312557,0.0
2019-02-17,22,0,123,0.0,0.0,0.0,0.0,0.0
2019-02-17,22,0,125,174.2,174.2,0.0,1028.062428,0.0
2019-02-17,22,0,126,0.0,0.0,0.0,0.0,0.0
2019-02-17,22,0,127,0.0,0.0,0.0,0.0,0.0
2019-02-17,22,0,128,249.5,249.5,0.0,1472.454511,0.0
2019-02-17,22,0,131,30.0,30.0,0.0,124.511422,0.0
2019-02-17,22,0,132,44.1,44.1,0.0,183.03179,0.0
2019-02-17,22,0,133,139.8,139.8,0.0,1259.428926,0.0
2019-02-17,22,0,134,0.0,0.0,0.0,0.0,0.0
2019-02-17,22,0,135,187.33,187.33,0.0,1687.616743,0.0
2019-02-17,22,0,136,45.9,45.9,0.0,119.26656,0.0
2019-02-17,22,0,139,123.74,123.74,0.0,824.661792,0.0
2019-02-17,22,0,140,66.79,66.79,0.0,152.876458,0.0
2019-02-17,22,0,141,230.0,230.0,0.0,829.285741,0.0
2019-02-17,22,0,142,0.0,0.0,0.0,0.0,0.0
2019-02-17,22,0,143,2.15,2.15,0.0,12.656891,0.0
2019-02-17,22,0,145,30.22,30.22,0.0,192.344496,0.0
2019-02-17,22,0,146,268.0,268.0,0.0,613.428518,0.0
2019-02-17,22,0,152,0.0,0.0,0.0,0.0,0.0
2019-02-17,22,0,153,0.0,0.0,0.0,0.0,0.0
2019-02-17,22,0,154,0.0,0.0,0.0,0.0,0.0
2019-02-17,22,0,157,250.0,250.0,0.0,901.397544,0.0
2019-02-17,22,0,158,0.0,0.0,0.0,0.0,0.0
2019-02-17,22,0,159,0.0,0.0,0.0,0.0,0.0
2019-02-17,22,0,160,0.0,0.0,0.0,0.0,0.0
2019-02-17,22,0,161,0.0,0.0,0.0,0.0,0.0
2019-02-17,22,0,162,20.71,20.71,0.0,365.019131,0.0
2019-02-17,22,0,163,54.16,54.16,0.0,123.967495,0.0
2019-02-17,22,0,164,0.0,0.0,0.0,0.0,0.0
2019-02-17,22,0,167,0.0,0.0,0.0,0.0,0.0
2019-02-17,22,0,168,0.0,0.0,0.0,0.0,0.0
2019-02-17,22,0,169,0.0,0.0,0.0,0.0,0.0
2019-02-17,22,0,170,0.0,0.0,0.0,0.0,0.0
2019-02-17,22,0,172,0.0,0.0,0.0,0.0,0.0
2019-02-17,22,0,173,0.0,0.0,0.0,0.0,0.0
2019-02-17,22,0,188,0.0,0.0,0.0,0.0,0.0
2019-02-17,22,0,190,0.0,0.0,0.0,0.0,0.0
2019-02-17,22,0,191,0.0,0.0,0.0,0.0,0.0
2019-02-17,22,0,192,62.02,62.02,0.0,1154.35129,0.0
2019-02-17,22,0,194,46.45,46.45,0.0,203.240182,0.0
2019-02-17,22,0,196,0.0,0.0,0.0,0.0,0.0
2019-02-17,22,0,198,0.0,0.0,0.0,0.0,0.0
2019-02-17,22,0,199,48.81,48.81,0.0,426.423788,0.0
2019-02-17,22,0,200,0.0,0.0,0.0,0.0,0.0
2019-02-17,22,0,204,336.57,336.57,0.0,2395.578136,0.0
2019-02-17,22,0,205,364.09,364.09,0.0,2612.210895,0.0
2019-02-17,22,0,206,539.94,539.94,0.0,3170.29429,0.0
2019-02-17,22,0,210,0.0,0.0,0.0,0.0,0.0
2019-02-17,22,0,214,0.0,0.0,0.0,0.0,0.0
2019-02-17,22,0,217,0.0,0.0,0.0,0.0,0.0
2019-02-17,22,0,218,0.0,0.0,0.0,0.0,0.0
2019-02-17,22,0,219,0.0,0.0,0.0,0.0,0.0
2019-02-17,22,0,221,0.0,0.0,0.0,0.0,0.0
2019-02-17,22,0,225,0.0,0.0,0.0,0.0,0.0
2019-02-17,22,0,233,0.0,0.0,0.0,0.0,0.0
2019-02-17,22,0,236,145.21,145.21,0.0,1158.695658,0.0
2019-02-17,22,0,237,156.6,156.6,0.0,1208.604948,0.0
2019-02-17,22,0,238,0.0,0.0,0.0,0.0,0.0
2019-02-17,22,0,240,0.0,0.0,0.0,0.0,0.0
2019-02-17,22,0,245,260.0,260.0,0.0,1848.443469,0.0
2019-02-17,22,0,247,171.72,171.72,0.0,1220.825817,0.0
2019-02-17,22,0,248,15.72,15.72,0.0,121.323562,0.0
2019-02-17,22,0,249,500.0,500.0,0.0,3554.698978,0.0
2019-02-17,22,0,251,678.68,678.68,0.0,2795.767669,0.0
2019-02-17,22,0,252,267.06,267.06,0.0,609.005281,0.0
2019-02-17,22,0,254,0.0,0.0,0.0,0.0,0.0
2019-02-17,22,0,255,0.0,0.0,0.0,0.0,0.0
2019-02-17,22,0,258,0.0,0.0,0.0,0.0,0.0
2019-02-17,22,0,260,0.0,0.0,0.0,0.0,0.0
2019-02-17,22,0,265,0.0,0.0,0.0,0.0,0.0
2019-02-17,22,0,266,80.12,80.12,0.0,533.957514,0.0
2019-02-17,22,0,267,98.46,98.46,0.0,656.183934,0.0
2019-02-17,22,0,270,169.15,169.15,0.0,387.169529,0.0
2019-02-17,22,0,272,174.37,174.37,0.0,743.581651,0.0
2019-02-17,22,0,273,0.0,0.0,0.0,0.0,0.0
2019-02-17,22,0,274,218.06,218.06,0.0,499.120234,0.0
2019-02-17,22,0,275,303.54,303.54,0.0,694.776464,0.0
2019-02-17,22,0,276,0.0,0.0,0.0,0.0,0.0
2019-02-17,22,0,277,0.0,0.0,0.0,0.0,0.0
2019-02-17,22,0,278,0.0,0.0,0.0,0.0,0.0
2019-02-17,22,0,279,92.11,92.11,0.0,401.064083,0.0
2019-02-17,22,0,281,4.58,4.58,0.0,26.962121,0.0
2019-02-17,22,0,282,0.0,0.0,0.0,0.0,0.0
2019-02-17,23,0,9,0.0,0.0,0.0,0.0,0.0
2019-02-17,23,0,17,0.0,0.0,0.0,0.0,0.0
2019-02-17,23,0,19,643.3,643.3,0.0,647.68711,0.0
2019-02-17,23,0,20,780.2,780.2,0.0,785.520726,0.0
2019-02-17,23,0,21,0.0,0.0,0.0,0.0,0.0
2019-02-17,23,0,22,0.0,0.0,0.0,0.0,0.0
2019-02-17,23,0,23,108.8,108.8,0.0,667.069789,0.0
2019-02-17,23,0,24,192.5,192.5,0.0,1180.247559,0.0
2019-02-17,23,0,29,0.0,0.0,0.0,0.0,0.0
2019-02-17,23,0,30,0.0,0.0,0.0,0.0,0.0
2019-02-17,23,0,31,16.54,16.54,0.0,101.209948,0.0
2019-02-17,23,0,32,0.0,0.0,0.0,0.0,0.0
2019-02-17,23,0,33,0.0,0.0,0.0,0.0,0.0
2019-02-17,23,0,34,0.0,0.0,0.0,0.0,0.0
2019-02-17,23,0,35,0.0,0.0,0.0,0.0,0.0
2019-02-17,23,0,36,0.0,0.0,0.0,0.0,0.0
2019-02-17,23,0,37,0.0,0.0,0.0,0.0,0.0
2019-02-17,23,0,38,0.0,0.0,0.0,0.0,0.0
2019-02-17,23,0,39,0.0,0.0,0.0,0.0,0.0
2019-02-17,23,0,40,0.0,0.0,0.0,0.0,0.0
2019-02-17,23,0,41,113.16,113.16,0.0,764.675069,0.0
2019-02-17,23,0,42,0.0,0.0,0.0,0.0,0.0
2019-02-17,23,0,43,0.0,0.0,0.0,0.0,0.0
2019-02-17,23,0,46,0.0,0.0,0.0,0.0,0.0
2019-02-17,23,0,52,17.53,17.53,0.0,107.267859,0.0
2019-02-17,23,0,53,27.85,27.85,0.0,170.416992,0.0
2019-02-17,23,0,55,294.21,294.21,0.0,1803.847451,0.0
2019-02-17,23,0,56,0.0,0.0,0.0,0.0,0.0
2019-02-17,23,0,57,0.0,0.0,0.0,0.0,0.0
2019-02-17,23,0,58,0.0,0.0,0.0,0.0,0.0
2019-02-17,23,0,59,0.0,0.0,0.0,0.0,0.0
2019-02-17,23,0,63,77.94,77.94,0.0,1284.093211,0.0
2019-02-17,23,0,64,91.69,91.69,0.0,1510.630055,0.0
2019-02-17,23,0,65,41.4,41.4,0.0,185.141624,0.0
2019-02-17,23,0,67,0.0,0.0,0.0,0.0,0.0
2019-02-17,23,0,68,8.39,8.39,0.0,37.65365,0.0
2019-02-17,23,0,69,0.0,0.0,0.0,0.0,0.0
2019-02-17,23,0,74,65.28,65.28,0.0,497.758228,0.0
2019-02-17,23,0,77,200.0,200.0,0.0,994.407945,0.0
2019-02-17,23,0,78,151.2,151.2,0.0,751.772407,0.0
2019-02-17,23,0,79,87.5,87.5,0.0,435.053476,0.0
2019-02-17,23,0,80,141.5,141.5,0.0,703.543621,0.0
2019-02-17,23,0,81,185.0,185.0,0.0,919.82735,0.0
2019-02-17,23,0,82,130.5,130.5,0.0,648.851184,0.0
2019-02-17,23,0,83,291.0,291.0,0.0,1446.863561,0.0
2019-02-17,23,0,84,0.0,0.0,0.0,0.0,0.0
2019-02-17,23,0,86,0.0,0.0,0.0,0.0,0.0
2019-02-17,23,0,87,0.0,0.0,0.0,0.0,0.0
2019-02-17,23,0,88,116.27,116.27,0.0,578.099059,0.0
2019-02-17,23,0,89,111.77,111.77,0.0,555.72488,0.0
2019-02-17,23,0,90,150.08,150.08,0.0,746.203722,0.0
2019-02-17,23,0,91,535.35,535.35,0.0,2661.781468,0.0
2019-02-17,23,0,92,192.54,192.54,0.0,957.316529,0.0
2019-02-17,23,0,95,87.42,87.42,0.0,1364.790684,0.0
2019-02-17,23,0,96,29.12,29.12,0.0,177.821406,0.0
2019-02-17,23,0,97,179.05,179.05,0.0,1093.369597,0.0
2019-02-17,23,0,99,12.6,12.6,0.0,96.074658,0.0
2019-02-17,23,0,101,0.0,0.0,0.0,0.0,0.0
2019-02-17,23,0,102,19.86,19.86,0.0,89.130094,0.0
2019-02-17,23,0,103,17.27,17.27,0.0,77.506381,0.0
2019-02-17,23,0,104,3.21,3.21,0.0,14.406224,0.0
2019-02-17,23,0,106,0.0,0.0,0.0,0.0,0.0
2019-02-17,23,0,109,113.2,113.2,0.0,812.196641,0.0
2019-02-17,23,0,110,121.08,121.08,0.0,303.343363,0.0
2019-02-17,23,0,111,0.0,0.0,0.0,0.0,0.0
2019-02-17,23,0,113,54.2,54.2,0.0,261.022132,0.0
2019-02-17,23,0,115,54.2,54.2,0.0,261.022132,0.0
2019-02-17,23,0,116,0.0,0.0,0.0,0.0,0.0
2019-02-17,23,0,117,3.61,3.61,0.0,17.385422,0.0
2019-02-17,23,0,119,91.69,91.69,0.0,1510.630055,0.0
2019-02-17,23,0,120,53.92,53.92,0.0,888.353938,0.0
2019-02-17,23,0,123,0.0,0.0,0.0,0.0,0.0
2019-02-17,23,0,125,174.2,174.2,0.0,1068.047401,0.0
2019-02-17,23,0,126,0.0,0.0,0.0,0.0,0.0
2019-02-17,23,0,127,0.0,0.0,0.0,0.0,0.0
2019-02-17,23,0,128,249.5,249.5,0.0,1529.723459,0.0
2019-02-17,23,0,131,30.0,30.0,0.0,138.547882,0.0
2019-02-17,23,0,132,44.1,44.1,0.0,203.665387,0.0
2019-02-17,23,0,133,139.8,139.8,0.0,1189.044443,0.0
2019-02-17,23,0,134,0.0,0.0,0.0,0.0,0.0
2019-02-17,23,0,135,187.33,187.33,0.0,1593.302542,0.0
2019-02-17,23,0,136,45.9,45.9,0.0,213.997385,0.0
2019-02-17,23,0,139,146.13,146.13,0.0,987.468786,0.0
2019-02-17,23,0,140,89.61,89.61,0.0,224.501146,0.0
2019-02-17,23,0,141,230.0,230.0,0.0,919.970566,0.0
2019-02-17,23,0,142,0.0,0.0,0.0,0.0,0.0
2019-02-17,23,0,143,8.1,8.1,0.0,49.564727,0.0
2019-02-17,23,0,145,12.28,12.28,0.0,79.954284,0.0
2019-02-17,23,0,146,268.0,268.0,0.0,671.424027,0.0
2019-02-17,23,0,152,0.0,0.0,0.0,0.0,0.0
2019-02-17,23,0,153,0.0,0.0,0.0,0.0,0.0
2019-02-17,23,0,154,0.0,0.0,0.0,0.0,0.0
2019-02-17,23,0,157,250.0,250.0,0.0,999.968006,0.0
2019-02-17,23,0,158,0.0,0.0,0.0,0.0,0.0
2019-02-17,23,0,159,0.0,0.0,0.0,0.0,0.0
2019-02-17,23,0,160,0.0,0.0,0.0,0.0,0.0
2019-02-17,23,0,161,0.0,0.0,0.0,0.0,0.0
2019-02-17,23,0,162,20.67,20.67,0.0,322.955705,0.0
2019-02-17,23,0,163,69.3,69.3,0.0,173.618228,0.0
2019-02-17,23,0,164,0.0,0.0,0.0,0.0,0.0
2019-02-17,23,0,167,0.0,0.0,0.0,0.0,0.0
2019-02-17,23,0,168,0.0,0.0,0.0,0.0,0.0
2019-02-17,23,0,169,0.0,0.0,0.0,0.0,0.0
2019-02-17,23,0,170,0.0,0.0,0.0,0.0,0.0
2019-02-17,23,0,172,0.0,0.0,0.0,0.0,0.0
2019-02-17,23,0,173,0.0,0.0,0.0,0.0,0.0
2019-02-17,23,0,188,0.0,0.0,0.0,0.0,0.0
2019-02-17,23,0,190,0.0,0.0,0.0,0.0,0.0
2019-02-17,23,0,191,0.0,0.0,0.0,0.0,0.0
2019-02-17,23,0,192,82.08,82.08,0.0,1352.301395,0.0
2019-02-17,23,0,194,78.25,78.25,0.0,393.872566,0.0
2019-02-17,23,0,196,0.0,0.0,0.0,0.0,0.0
2019-02-17,23,0,198,0.0,0.0,0.0,0.0,0.0
2019-02-17,23,0,199,50.29,50.29,0.0,426.926463,0.0
2019-02-17,23,0,200,0.0,0.0,0.0,0.0,0.0
2019-02-17,23,0,204,435.69,435.69,0.0,3105.560253,0.0
2019-02-17,23,0,205,598.83,598.83,0.0,4296.534583,0.0
2019-02-17,23,0,206,526.14,526.14,0.0,3212.876178,0.0
2019-02-17,23,0,210,0.0,0.0,0.0,0.0,0.0
2019-02-17,23,0,214,0.0,0.0,0.0,0.0,0.0
2019-02-17,23,0,217,0.0,0.0,0.0,0.0,0.0
2019-02-17,23,0,218,0.0,0.0,0.0,0.0,0.0
2019-02-17,23,0,219,0.0,0.0,0.0,0.0,0.0
2019-02-17,23,0,221,0.0,0.0,0.0,0.0,0.0
2019-02-17,23,0,225,0.0,0.0,0.0,0.0,0.0
2019-02-17,23,0,233,0.0,0.0,0.0,0.0,0.0
2019-02-17,23,0,236,131.61,131.61,0.0,1031.682489,0.0
2019-02-17,23,0,237,156.6,156.6,0.0,1194.07075,0.0
2019-02-17,23,0,238,0.0,0.0,0.0,0.0,0.0
2019-02-17,23,0,240,0.0,0.0,0.0,0.0,0.0
2019-02-17,23,0,245,260.0,260.0,0.0,1919.032536,0.0
2019-02-17,23,0,247,171.72,171.72,0.0,1267.447181,0.0
2019-02-17,23,0,248,15.72,15.72,0.0,119.864573,0.0
2019-02-17,23,0,249,500.0,500.0,0.0,3690.447185,0.0
2019-02-17,23,0,251,326.4,326.4,0.0,1817.183535,0.0
2019-02-17,23,0,252,267.06,267.06,0.0,1194.297633,0.0
2019-02-17,23,0,254,0.0,0.0,0.0,0.0,0.0
2019-02-17,23,0,255,0.0,0.0,0.0,0.0,0.0
2019-02-17,23,0,258,0.0,0.0,0.0,0.0,0.0
2019-02-17,23,0,260,0.0,0.0,0.0,0.0,0.0
2019-02-17,23,0,265,0.0,0.0,0.0,0.0,0.0
2019-02-17,23,0,266,94.62,94.62,0.0,639.391614,0.0
2019-02-17,23,0,267,116.28,116.28,0.0,785.758369,0.0
2019-02-17,23,0,270,216.43,216.43,0.0,542.225008,0.0
2019-02-17,23,0,272,181.13,181.13,0.0,872.305145,0.0
2019-02-17,23,0,273,0.0,0.0,0.0,0.0,0.0
2019-02-17,23,0,274,279.0,279.0,0.0,698.982476,0.0
2019-02-17,23,0,275,388.37,388.37,0.0,972.988617,0.0
2019-02-17,23,0,276,0.0,0.0,0.0,0.0,0.0
2019-02-17,23,0,277,0.0,0.0,0.0,0.0,0.0
2019-02-17,23,0,278,0.0,0.0,0.0,0.0,0.0
2019-02-17,23,0,279,96.85,96.85,0.0,472.482999,0.0
2019-02-17,23,0,281,7.42,7.42,0.0,45.403737,0.0
2019-02-17,23,0,282,0.0,0.0,0.0,0.0,0.0
2019-02-18,0,0,9,0.0,0.0,0.0,-0.0,0.0
2019-02-18,0,0,17,0.0,0.0,0.0,0.0,0.0
2019-02-18,0,0,19,643.3,643.3,0.0,1569.241758,0.0
2019-02-18,0,0,20,780.2,780.2,0.0,1903.190455,0.0
2019-02-18,0,0,21,0.0,0.0,0.0,-0.0,0.0
2019-02-18,0,0,22,0.0,0.0,0.0,-0.0,0.0
2019-02-18,0,0,23,108.8,108.8,0.0,-142.562102,0.0
2019-02-18,0,0,24,192.5,192.5,0.0,-252.235337,0.0
2019-02-18,0,0,29,0.0,0.0,0.0,0.0,0.0
2019-02-18,0,0,30,0.0,0.0,0.0,-0.0,0.0
2019-02-18,0,0,31,25.05,25.05,0.0,-33.78481,0.0
2019-02-18,0,0,32,0.0,0.0,0.0,0.0,0.0
2019-02-18,0,0,33,0.0,0.0,0.0,0.0,0.0
2019-02-18,0,0,34,0.0,0.0,0.0,0.0,0.0
2019-02-18,0,0,35,0.0,0.0,0.0,0.0,0.0
2019-02-18,0,0,36,0.0,0.0,0.0,0.0,0.0
2019-02-18,0,0,37,0.0,0.0,0.0,0.0,0.0
2019-02-18,0,0,38,0.0,0.0,0.0,0.0,0.0
2019-02-18,0,0,39,0.0,0.0,0.0,0.0,0.0
2019-02-18,0,0,40,0.0,0.0,0.0,0.0,0.0
2019-02-18,0,0,41,116.0,116.0,0.0,79.848904,0.0
2019-02-18,0,0,42,0.0,0.0,0.0,0.0,0.0
2019-02-18,0,0,43,0.0,0.0,0.0,0.0,0.0
2019-02-18,0,0,46,0.0,0.0,0.0,0.0,0.0
2019-02-18,0,0,52,26.55,26.55,0.0,-35.807852,0.0
2019-02-18,0,0,53,42.18,42.18,0.0,-56.887955,0.0
2019-02-18,0,0,55,517.42,517.42,0.0,-677.982381,0.0
2019-02-18,0,0,56,0.0,0.0,0.0,-0.0,0.0
2019-02-18,0,0,57,0.0,0.0,0.0,-0.0,0.0
2019-02-18,0,0,58,0.0,0.0,0.0,-0.0,0.0
2019-02-18,0,0,59,0.0,0.0,0.0,-0.0,0.0
2019-02-18,0,0,63,133.74,133.74,0.0,3636.272909,0.0
2019-02-18,0,0,64,157.34,157.34,0.0,4277.936141,0.0
2019-02-18,0,0,65,41.4,41.4,0.0,146.421313,0.0
2019-02-18,0,0,67,0.0,0.0,0.0,-0.0,0.0
2019-02-18,0,0,68,7.23,7.23,0.0,-111.010525,0.0
2019-02-18,0,0,69,0.0,0.0,0.0,0.0,0.0
2019-02-18,0,0,74,65.28,65.28,0.0,227.024683,0.0
2019-02-18,0,0,77,191.96,191.96,0.0,-959.818838,0.0
2019-02-18,0,0,78,145.12,145.12,0.0,-725.614241,0.0
2019-02-18,0,0,79,83.98,83.98,0.0,-419.908241,0.0
2019-02-18,0,0,80,135.81,135.81,0.0,-679.063328,0.0
2019-02-18,0,0,81,177.56,177.56,0.0,-887.817425,0.0
2019-02-18,0,0,82,125.25,125.25,0.0,-626.262291,0.0
2019-02-18,0,0,83,279.3,279.3,0.0,-1396.527409,0.0
2019-02-18,0,0,84,0.0,0.0,0.0,0.0,0.0
2019-02-18,0,0,86,0.0,0.0,0.0,0.0,0.0
2019-02-18,0,0,87,0.0,0.0,0.0,0.0,0.0
2019-02-18,0,0,88,119.26,119.26,0.0,-596.311703,0.0
2019-02-18,0,0,89,114.64,114.64,0.0,-573.21125,0.0
2019-02-18,0,0,90,153.93,153.93,0.0,-769.665106,0.0
2019-02-18,0,0,91,549.1,549.1,0.0,-2745.553885,0.0
2019-02-18,0,0,92,197.48,197.48,0.0,-987.419379,0.0
2019-02-18,0,0,95,67.44,67.44,0.0,1421.874793,0.0
2019-02-18,0,0,96,25.88,25.88,0.0,-35.942338,0.0
2019-02-18,0,0,97,159.18,159.18,0.0,-221.070379,0.0
2019-02-18,0,0,99,12.6,12.6,0.0,43.819102,0.0
2019-02-18,0,0,101,0.0,0.0,0.0,-0.0,0.0
2019-02-18,0,0,102,17.12,17.12,0.0,-262.863096,0.0
2019-02-18,0,0,103,14.88,14.88,0.0,-228.469794,0.0
2019-02-18,0,0,104,2.76,2.76,0.0,-42.377462,0.0
2019-02-18,0,0,106,0.0,0.0,0.0,-0.0,0.0
2019-02-18,0,0,109,149.08,149.08,0.0,299.55144,0.0
2019-02-18,0,0,110,182.95,182.95,0.0,-11830.841964,0.0
2019-02-18,0,0,111,0.0,0.0,0.0,0.0,0.0
2019-02-18,0,0,113,56.66,56.66,0.0,-189.35638,0.0
2019-02-18,0,0,115,56.66,56.66,0.0,-189.35638,0.0
2019-02-18,0,0,116,0.0,0.0,0.0,-0.0,0.0
2019-02-18,0,0,117,3.78,3.78,0.0,-12.632671,0.0
2019-02-18,0,0,119,157.34,157.34,0.0,4277.936141,0.0
2019-02-18,0,0,120,92.52,92.52,0.0,2515.537382,0.0
2019-02-18,0,0,123,0.0,0.0,0.0,-0.0,0.0
2019-02-18,0,0,125,174.2,174.2,0.0,-228.256601,0.0
2019-02-18,0,0,126,0.0,0.0,0.0,-0.0,0.0
2019-02-18,0,0,127,0.0,0.0,0.0,-0.0,0.0
2019-02-18,0,0,128,249.5,249.5,0.0,-326.923204,0.0
2019-02-18,0,0,131,28.64,28.64,0.0,-346.892561,0.0
2019-02-18,0,0,132,42.1,42.1,0.0,-509.922374,0.0
2019-02-18,0,0,133,139.8,139.8,0.0,685.15135,0.0
2019-02-18,0,0,134,0.0,0.0,0.0,0.0,0.0
2019-02-18,0,0,135,187.33,187.33,0.0,918.093007,0.0
2019-02-18,0,0,136,45.9,45.9,0.0,165.101881,0.0
2019-02-18,0,0,139,149.8,149.8,0.0,103.115223,0.0
2019-02-18,0,0,140,135.4,135.4,0.0,-8755.922393,0.0
2019-02-18,0,0,141,230.0,230.0,0.0,-6323.450477,0.0
2019-02-18,0,0,142,0.0,0.0,0.0,-0.0,0.0
2019-02-18,0,0,143,52.07,52.07,0.0,-70.226549,0.0
2019-02-18,0,0,145,12.3,12.3,0.0,-1.25786,0.0
2019-02-18,0,0,146,268.0,268.0,0.0,-17330.776968,0.0
2019-02-18,0,0,152,0.0,0.0,0.0,0.0,0.0
2019-02-18,0,0,153,0.0,0.0,0.0,0.0,0.0
2019-02-18,0,0,154,0.0,0.0,0.0,0.0,0.0
2019-02-18,0,0,157,250.0,250.0,0.0,-6873.315735,0.0
2019-02-18,0,0,158,0.0,0.0,0.0,-0.0,0.0
2019-02-18,0,0,159,0.0,0.0,0.0,0.0,0.0
2019-02-18,0,0,160,0.0,0.0,0.0,0.0,0.0
2019-02-18,0,0,161,0.0,0.0,0.0,-0.0,0.0
2019-02-18,0,0,162,38.91,38.91,0.0,822.998145,0.0
2019-02-18,0,0,163,90.19,90.19,0.0,-5832.323786,0.0
2019-02-18,0,0,164,0.0,0.0,0.0,-0.0,0.0
2019-02-18,0,0,167,0.0,0.0,0.0,0.0,0.0
2019-02-18,0,0,168,0.0,0.0,0.0,0.0,0.0
2019-02-18,0,0,169,0.0,0.0,0.0,0.0,0.0
2019-02-18,0,0,170,0.0,0.0,0.0,0.0,0.0
2019-02-18,0,0,172,0.0,0.0,0.0,0.0,0.0
2019-02-18,0,0,173,0.0,0.0,0.0,0.0,0.0
2019-02-18,0,0,188,0.0,0.0,0.0,0.0,0.0
2019-02-18,0,0,190,0.0,0.0,0.0,0.0,0.0
2019-02-18,0,0,191,0.0,0.0,0.0,0.0,0.0
2019-02-18,0,0,192,111.5,111.5,0.0,3031.58688,0.0
2019-02-18,0,0,194,121.86,121.86,0.0,882.377645,0.0
2019-02-18,0,0,196,0.0,0.0,0.0,0.0,0.0
2019-02-18,0,0,198,0.0,0.0,0.0,0.0,0.0
2019-02-18,0,0,199,30.06,30.06,0.0,286.824628,0.0
2019-02-18,0,0,200,0.0,0.0,0.0,0.0,0.0
2019-02-18,0,0,204,572.47,572.47,0.0,1063.745879,0.0
2019-02-18,0,0,205,788.66,788.66,0.0,1584.680969,0.0
2019-02-18,0,0,206,467.74,467.74,0.0,-649.600822,0.0
2019-02-18,0,0,210,0.0,0.0,0.0,0.0,0.0
2019-02-18,0,0,214,0.0,0.0,0.0,0.0,0.0
2019-02-18,0,0,217,0.0,0.0,0.0,0.0,0.0
2019-02-18,0,0,218,0.0,0.0,0.0,0.0,0.0
2019-02-18,0,0,219,0.0,0.0,0.0,0.0,0.0
2019-02-18,0,0,221,0.0,0.0,0.0,0.0,0.0
2019-02-18,0,0,225,0.0,0.0,0.0,0.0,0.0
2019-02-18,0,0,233,0.0,0.0,0.0,0.0,0.0
2019-02-18,0,0,236,119.58,119.58,0.0,496.713408,0.0
2019-02-18,0,0,237,156.6,156.6,0.0,544.608845,0.0
2019-02-18,0,0,238,0.0,0.0,0.0,0.0,0.0
2019-02-18,0,0,240,0.0,0.0,0.0,0.0,0.0
2019-02-18,0,0,245,164.49,164.49,0.0,768.208002,0.0
2019-02-18,0,0,247,171.72,171.72,0.0,801.973847,0.0
2019-02-18,0,0,248,15.72,15.72,0.0,54.669547,0.0
2019-02-18,0,0,249,308.16,308.16,0.0,1439.181578,0.0
2019-02-18,0,0,251,326.4,326.4,0.0,1250.963251,0.0
2019-02-18,0,0,252,267.06,267.06,0.0,944.523569,0.0
2019-02-18,0,0,254,0.0,0.0,0.0,0.0,0.0
2019-02-18,0,0,255,0.0,0.0,0.0,0.0,0.0
2019-02-18,0,0,258,0.0,0.0,0.0,0.0,0.0
2019-02-18,0,0,260,0.0,0.0,0.0,0.0,0.0
2019-02-18,0,0,265,0.0,0.0,0.0,0.0,0.0
2019-02-18,0,0,266,97.0,97.0,0.0,66.770204,0.0
2019-02-18,0,0,267,119.2,119.2,0.0,82.051633,0.0
2019-02-18,0,0,270,281.67,281.67,0.0,-18214.775927,0.0
2019-02-18,0,0,272,189.36,189.36,0.0,-632.836643,0.0
2019-02-18,0,0,273,0.0,0.0,0.0,-0.0,0.0
2019-02-18,0,0,274,363.1,363.1,0.0,-23480.616108,0.0
2019-02-18,0,0,275,505.45,505.45,0.0,-32685.974695,0.0
2019-02-18,0,0,276,0.0,0.0,0.0,-0.0,0.0
2019-02-18,0,0,277,0.0,0.0,0.0,-0.0,0.0
2019-02-18,0,0,278,0.0,0.0,0.0,-0.0,0.0
2019-02-18,0,0,279,103.26,103.26,0.0,-413.736399,0.0
2019-02-18,0,0,281,11.24,11.24,0.0,-15.159332,0.0
2019-02-18,0,0,282,0.0,0.0,0.0,-0.0,0.0
2019-02-18,1,0,9,0.0,0.0,0.0,-0.0,0.0
2019-02-18,1,0,17,0.0,0.0,0.0,0.0,0.0
2019-02-18,1,0,19,643.3,643.3,0.0,1725.349766,0.0
2019-02-18,1,0,20,780.2,780.2,0.0,2092.519645,0.0
2019-02-18,1,0,21,0.0,0.0,0.0,-0.0,0.0
2019-02-18,1,0,22,0.0,0.0,0.0,-0.0,0.0
2019-02-18,1,0,23,108.8,108.8,0.0,-112.562955,0.0
2019-02-18,1,0,24,192.5,192.5,0.0,-199.157801,0.0
2019-02-18,1,0,29,0.0,0.0,0.0,0.0,0.0
2019-02-18,1,0,30,0.0,0.0,0.0,-0.0,0.0
2019-02-18,1,0,31,80.74,80.74,0.0,-85.917193,0.0
2019-02-18,1,0,32,0.0,0.0,0.0,0.0,0.0
2019-02-18,1,0,33,0.0,0.0,0.0,0.0,0.0
2019-02-18,1,0,34,0.0,0.0,0.0,0.0,0.0
2019-02-18,1,0,35,0.0,0.0,0.0,0.0,0.0
2019-02-18,1,0,36,0.0,0.0,0.0,0.0,0.0
2019-02-18,1,0,37,0.0,0.0,0.0,0.0,0.0
2019-02-18,1,0,38,0.0,0.0,0.0,0.0,0.0
2019-02-18,1,0,39,0.0,0.0,0.0,0.0,0.0
2019-02-18,1,0,40,0.0,0.0,0.0,0.0,0.0
2019-02-18,1,0,41,116.0,116.0,0.0,58.421465,0.0
2019-02-18,1,0,42,0.0,0.0,0.0,0.0,0.0
2019-02-18,1,0,43,0.0,0.0,0.0,0.0,0.0
2019-02-18,1,0,46,0.0,0.0,0.0,0.0,0.0
2019-02-18,1,0,52,85.96,85.96,0.0,-91.471909,0.0
2019-02-18,1,0,53,140.5,140.5,0.0,-149.509112,0.0
2019-02-18,1,0,55,524.08,524.08,0.0,-542.20582,0.0
2019-02-18,1,0,56,0.0,0.0,0.0,-0.0,0.0
2019-02-18,1,0,57,0.0,0.0,0.0,-0.0,0.0
2019-02-18,1,0,58,0.0,0.0,0.0,-0.0,0.0
2019-02-18,1,0,59,0.0,0.0,0.0,-0.0,0.0
2019-02-18,1,0,63,170.0,170.0,0.0,18321.700211,0.0
2019-02-18,1,0,64,200.0,200.0,0.0,21554.941425,0.0
2019-02-18,1,0,65,41.4,41.4,0.0,128.959028,0.0
2019-02-18,1,0,67,0.0,0.0,0.0,-0.0,0.0
2019-02-18,1,0,68,6.28,6.28,0.0,-2604.241953,0.0
2019-02-18,1,0,69,0.0,0.0,0.0,0.0,0.0
2019-02-18,1,0,74,65.28,65.28,0.0,173.073732,0.0
2019-02-18,1,0,77,177.12,177.12,0.0,-52169.140245,0.0
2019-02-18,1,0,78,133.9,133.9,0.0,-39439.068873,0.0
2019-02-18,1,0,79,77.49,77.49,0.0,-22823.998857,0.0
2019-02-18,1,0,80,125.31,125.31,0.0,-36908.959824,0.0
2019-02-18,1,0,81,163.84,163.84,0.0,-48257.632891,0.0
2019-02-18,1,0,82,115.57,115.57,0.0,-34040.128377,0.0
2019-02-18,1,0,83,257.71,257.71,0.0,-75906.216873,0.0
2019-02-18,1,0,84,0.0,0.0,0.0,-0.0,0.0
2019-02-18,1,0,86,0.0,0.0,0.0,0.0,0.0
2019-02-18,1,0,87,0.0,0.0,0.0,0.0,0.0
2019-02-18,1,0,88,123.02,123.02,0.0,-36234.460439,0.0
2019-02-18,1,0,89,118.26,118.26,0.0,-34832.444249,0.0
2019-02-18,1,0,90,158.78,158.78,0.0,-46767.254336,0.0
2019-02-18,1,0,91,566.4,566.4,0.0,-166828.144956,0.0
2019-02-18,1,0,92,203.7,203.7,0.0,-59998.045776,0.0
2019-02-18,1,0,95,88.63,88.63,0.0,2252.41565,0.0
2019-02-18,1,0,96,22.94,22.94,0.0,-25.119062,0.0
2019-02-18,1,0,97,141.08,141.08,0.0,-154.481135,0.0
2019-02-18,1,0,99,12.6,12.6,0.0,33.405775,0.0
2019-02-18,1,0,101,0.0,0.0,0.0,-0.0,0.0
2019-02-18,1,0,102,14.86,14.86,0.0,-6162.266787,0.0
2019-02-18,1,0,103,12.93,12.93,0.0,-5361.918543,0.0
2019-02-18,1,0,104,2.4,2.4,0.0,-995.251702,0.0
2019-02-18,1,0,106,0.0,0.0,0.0,-0.0,0.0
2019-02-18,1,0,109,194.86,194.86,0.0,296.154767,0.0
2019-02-18,1,0,110,285.84,285.84,0.0,-285840.0,0.0
2019-02-18,1,0,111,0.0,0.0,0.0,0.0,0.0
2019-02-18,1,0,113,33.61,33.61,0.0,-8934.64111,0.0
2019-02-18,1,0,115,33.61,33.61,0.0,-8934.64111,0.0
2019-02-18,1,0,116,0.0,0.0,0.0,-0.0,0.0
2019-02-18,1,0,117,2.3,2.3,0.0,-611.415488,0.0
2019-02-18,1,0,119,200.0,200.0,0.0,21554.941425,0.0
2019-02-18,1,0,120,117.6,117.6,0.0,12674.305558,0.0
2019-02-18,1,0,123,0.0,0.0,0.0,-0.0,0.0
2019-02-18,1,0,125,174.2,174.2,0.0,-180.224878,0.0
2019-02-18,1,0,126,0.0,0.0,0.0,-0.0,0.0
2019-02-18,1,0,127,0.0,0.0,0.0,-0.0,0.0
2019-02-18,1,0,128,249.5,249.5,0.0,-258.129202,0.0
2019-02-18,1,0,131,25.56,25.56,0.0,-9615.877073,0.0
2019-02-18,1,0,132,37.56,37.56,0.0,-14130.373351,0.0
2019-02-18,1,0,133,139.8,139.8,0.0,515.76692,0.0
2019-02-18,1,0,134,0.0,0.0,0.0,0.0,0.0
2019-02-18,1,0,135,187.32,187.32,0.0,691.083401,0.0
2019-02-18,1,0,136,45.9,45.9,0.0,144.067199,0.0
2019-02-18,1,0,139,149.8,149.8,0.0,75.444271,0.0
2019-02-18,1,0,140,211.55,211.55,0.0,-211550.0,0.0
2019-02-18,1,0,141,230.0,230.0,0.0,-128517.42495,0.0
2019-02-18,1,0,142,0.0,0.0,0.0,-0.0,0.0
2019-02-18,1,0,143,139.04,139.04,0.0,-147.955494,0.0
2019-02-18,1,0,145,12.3,12.3,0.0,-1.291561,0.0
2019-02-18,1,0,146,268.0,268.0,0.0,-268000.0,0.0
2019-02-18,1,0,152,0.0,0.0,0.0,0.0,0.0
2019-02-18,1,0,153,0.0,0.0,0.0,0.0,0.0
2019-02-18,1,0,154,0.0,0.0,0.0,0.0,0.0
2019-02-18,1,0,157,250.0,250.0,0.0,-139692.853206,0.0
2019-02-18,1,0,158,0.0,0.0,0.0,-0.0,0.0
2019-02-18,1,0,159,0.0,0.0,0.0,0.0,0.0
2019-02-18,1,0,160,0.0,0.0,0.0,0.0,0.0
2019-02-18,1,0,161,0.0,0.0,0.0,-0.0,0.0
2019-02-18,1,0,162,48.75,48.75,0.0,1277.526949,0.0
2019-02-18,1,0,163,118.41,118.41,0.0,-118410.0,0.0
2019-02-18,1,0,164,0.0,0.0,0.0,-0.0,0.0
2019-02-18,1,0,167,0.0,0.0,0.0,0.0,0.0
2019-02-18,1,0,168,0.0,0.0,0.0,0.0,0.0
2019-02-18,1,0,169,0.0,0.0,0.0,0.0,0.0
2019-02-18,1,0,170,0.0,0.0,0.0,0.0,0.0
2019-02-18,1,0,172,0.0,0.0,0.0,0.0,0.0
2019-02-18,1,0,173,0.0,0.0,0.0,0.0,0.0
2019-02-18,1,0,188,0.0,0.0,0.0,0.0,0.0
2019-02-18,1,0,190,0.0,0.0,0.0,0.0,0.0
2019-02-18,1,0,191,0.0,0.0,0.0,0.0,0.0
2019-02-18,1,0,192,151.3,151.3,0.0,4906.289392,0.0
2019-02-18,1,0,194,176.5,176.5,0.0,-23262.364655,0.0
2019-02-18,1,0,196,0.0,0.0,0.0,0.0,0.0
2019-02-18,1,0,198,0.0,0.0,0.0,0.0,0.0
2019-02-18,1,0,199,95.96,95.96,0.0,-3049.512576,0.0
2019-02-18,1,0,200,0.0,0.0,0.0,-0.0,0.0
2019-02-18,1,0,204,749.15,749.15,0.0,1051.387754,0.0
2019-02-18,1,0,205,1030.83,1030.83,0.0,1566.690027,0.0
2019-02-18,1,0,206,414.57,414.57,0.0,-453.949846,0.0
2019-02-18,1,0,210,0.0,0.0,0.0,0.0,0.0
2019-02-18,1,0,214,0.0,0.0,0.0,0.0,0.0
2019-02-18,1,0,217,0.0,0.0,0.0,0.0,0.0
2019-02-18,1,0,218,0.0,0.0,0.0,0.0,0.0
2019-02-18,1,0,219,0.0,0.0,0.0,0.0,0.0
2019-02-18,1,0,221,0.0,0.0,0.0,0.0,0.0
2019-02-18,1,0,225,0.0,0.0,0.0,0.0,0.0
2019-02-18,1,0,233,0.0,0.0,0.0,0.0,0.0
2019-02-18,1,0,236,108.68,108.68,0.0,344.659675,0.0
2019-02-18,1,0,237,156.6,156.6,0.0,415.186066,0.0
2019-02-18,1,0,238,0.0,0.0,0.0,0.0,0.0
2019-02-18,1,0,240,0.0,0.0,0.0,0.0,0.0
2019-02-18,1,0,245,78.0,78.0,0.0,284.741234,0.0
2019-02-18,1,0,247,141.38,141.38,0.0,516.11174,0.0
2019-02-18,1,0,248,15.72,15.72,0.0,41.677682,0.0
2019-02-18,1,0,249,150.01,150.01,0.0,547.615802,0.0
2019-02-18,1,0,251,326.4,326.4,0.0,1047.882836,0.0
2019-02-18,1,0,252,267.06,267.06,0.0,831.879179,0.0
2019-02-18,1,0,254,0.0,0.0,0.0,0.0,0.0
2019-02-18,1,0,255,0.0,0.0,0.0,0.0,0.0
2019-02-18,1,0,258,0.0,0.0,0.0,0.0,0.0
2019-02-18,1,0,260,0.0,0.0,0.0,0.0,0.0
2019-02-18,1,0,265,0.0,0.0,0.0,0.0,0.0
2019-02-18,1,0,266,97.0,97.0,0.0,48.852432,0.0
2019-02-18,1,0,267,119.2,119.2,0.0,60.033091,0.0
2019-02-18,1,0,270,369.79,369.79,0.0,-369790.0,0.0
2019-02-18,1,0,272,112.09,112.09,0.0,-29797.200893,0.0
2019-02-18,1,0,273,0.0,0.0,0.0,-0.0,0.0
2019-02-18,1,0,274,476.7,476.7,0.0,-476700.0,0.0
2019-02-18,1,0,275,663.57,663.57,0.0,-663570.0,0.0
2019-02-18,1,0,276,0.0,0.0,0.0,-0.0,0.0
2019-02-18,1,0,277,0.0,0.0,0.0,-0.0,0.0
2019-02-18,1,0,278,0.0,0.0,0.0,-0.0,0.0
2019-02-18,1,0,279,111.45,111.45,0.0,-30909.819388,0.0
2019-02-18,1,0,281,33.33,33.33,0.0,-35.467179,0.0
2019-02-18,1,0,282,0.0,0.0,0.0,-0.0,0.0
2019-02-18,2,0,9,0.0,0.0,0.0,0.0,0.0
2019-02-18,2,0,17,0.0,0.0,0.0,0.0,0.0
2019-02-18,2,0,19,643.3,643.3,0.0,1274.864875,0.0
2019-02-18,2,0,20,780.2,780.2,0.0,1546.167535,0.0
2019-02-18,2,0,21,0.0,0.0,0.0,0.0,0.0
2019-02-18,2,0,22,0.0,0.0,0.0,0.0,0.0
2019-02-18,2,0,23,108.8,108.8,0.0,610.671983,0.0
2019-02-18,2,0,24,192.5,192.5,0.0,1080.462838,0.0
2019-02-18,2,0,29,0.0,0.0,0.0,0.0,0.0
2019-02-18,2,0,30,0.0,0.0,0.0,0.0,0.0
2019-02-18,2,0,31,37.5,37.5,0.0,210.552009,0.0
2019-02-18,2,0,32,0.0,0.0,0.0,0.0,0.0
2019-02-18,2,0,33,0.0,0.0,0.0,0.0,0.0
2019-02-18,2,0,34,0.0,0.0,0.0,0.0,0.0
2019-02-18,2,0,35,0.0,0.0,0.0,0.0,0.0
2019-02-18,2,0,36,0.0,0.0,0.0,0.0,0.0
2019-02-18,2,0,37,0.0,0.0,0.0,0.0,0.0
2019-02-18,2,0,38,0.0,0.0,0.0,0.0,0.0
2019-02-18,2,0,39,0.0,0.0,0.0,0.0,0.0
2019-02-18,2,0,40,0.0,0.0,0.0,0.0,0.0
2019-02-18,2,0,41,116.0,116.0,0.0,639.360367,0.0
2019-02-18,2,0,42,0.0,0.0,0.0,0.0,0.0
2019-02-18,2,0,43,0.0,0.0,0.0,0.0,0.0
2019-02-18,2,0,46,0.0,0.0,0.0,0.0,0.0
2019-02-18,2,0,52,39.75,39.75,0.0,223.185129,0.0
2019-02-18,2,0,53,63.15,63.15,0.0,354.569583,0.0
2019-02-18,2,0,55,623.0,623.0,0.0,3496.770639,0.0
2019-02-18,2,0,56,0.0,0.0,0.0,0.0,0.0
2019-02-18,2,0,57,0.0,0.0,0.0,0.0,0.0
2019-02-18,2,0,58,0.0,0.0,0.0,0.0,0.0
2019-02-18,2,0,59,0.0,0.0,0.0,0.0,0.0
2019-02-18,2,0,63,170.0,170.0,0.0,16593.623927,0.0
2019-02-18,2,0,64,200.0,200.0,0.0,19521.910503,0.0
2019-02-18,2,0,65,35.85,35.85,0.0,130.188808,0.0
2019-02-18,2,0,67,0.0,0.0,0.0,-0.0,0.0
2019-02-18,2,0,68,6.81,6.81,0.0,-2866.996193,0.0
2019-02-18,2,0,69,0.0,0.0,0.0,0.0,0.0
2019-02-18,2,0,74,65.28,65.28,0.0,350.363165,0.0
2019-02-18,2,0,77,193.12,193.12,0.0,-58389.274655,0.0
2019-02-18,2,0,78,146.0,146.0,0.0,-44142.678644,0.0
2019-02-18,2,0,79,84.49,84.49,0.0,-25545.307662,0.0
2019-02-18,2,0,80,136.64,136.64,0.0,-41312.709657,0.0
2019-02-18,2,0,81,178.64,178.64,0.0,-54011.288444,0.0
2019-02-18,2,0,82,126.01,126.01,0.0,-38098.759835,0.0
2019-02-18,2,0,83,281.0,281.0,0.0,-84959.539033,0.0
2019-02-18,2,0,84,0.0,0.0,0.0,0.0,0.0
2019-02-18,2,0,86,0.0,0.0,0.0,0.0,0.0
2019-02-18,2,0,87,0.0,0.0,0.0,0.0,0.0
2019-02-18,2,0,88,138.62,138.62,0.0,-41911.356942,0.0
2019-02-18,2,0,89,133.26,133.26,0.0,-40290.776411,0.0
2019-02-18,2,0,90,178.92,178.92,0.0,-54095.945636,0.0
2019-02-18,2,0,91,638.26,638.26,0.0,-192976.06898,0.0
2019-02-18,2,0,92,229.55,229.55,0.0,-69403.780018,0.0
2019-02-18,2,0,95,36.0,36.0,0.0,914.892964,0.0
2019-02-18,2,0,96,24.14,24.14,0.0,135.587944,0.0
2019-02-18,2,0,97,148.44,148.44,0.0,833.747902,0.0
2019-02-18,2,0,99,12.6,12.6,0.0,67.625243,0.0
2019-02-18,2,0,101,0.0,0.0,0.0,0.0,0.0
2019-02-18,2,0,102,16.13,16.13,0.0,-6790.697296,0.0
2019-02-18,2,0,103,14.03,14.03,0.0,-5906.601554,0.0
2019-02-18,2,0,104,2.61,2.61,0.0,-1098.804708,0.0
2019-02-18,2,0,106,0.0,0.0,0.0,0.0,0.0
2019-02-18,2,0,109,195.26,195.26,0.0,1063.546502,0.0
2019-02-18,2,0,110,331.78,331.78,0.0,-331780.0,0.0
2019-02-18,2,0,111,0.0,0.0,0.0,0.0,0.0
2019-02-18,2,0,113,42.9,42.9,0.0,-11724.068422,0.0
2019-02-18,2,0,115,42.9,42.9,0.0,-11724.068422,0.0
2019-02-18,2,0,116,0.0,0.0,0.0,-0.0,0.0
2019-02-18,2,0,117,2.29,2.29,0.0,-625.830226,0.0
2019-02-18,2,0,119,200.0,200.0,0.0,19521.910503,0.0
2019-02-18,2,0,120,117.6,117.6,0.0,11478.883376,0.0
2019-02-18,2,0,123,0.0,0.0,0.0,0.0,0.0
2019-02-18,2,0,125,174.2,174.2,0.0,977.748708,0.0
2019-02-18,2,0,126,0.0,0.0,0.0,0.0,0.0
2019-02-18,2,0,127,0.0,0.0,0.0,0.0,0.0
2019-02-18,2,0,128,249.5,249.5,0.0,1400.392094,0.0
2019-02-18,2,0,131,27.64,27.64,0.0,-10584.257334,0.0
2019-02-18,2,0,132,40.63,40.63,0.0,-15558.551935,0.0
2019-02-18,2,0,133,139.8,139.8,0.0,773.431147,0.0
2019-02-18,2,0,134,0.0,0.0,0.0,0.0,0.0
2019-02-18,2,0,135,187.33,187.33,0.0,1036.386672,0.0
2019-02-18,2,0,136,45.9,45.9,0.0,170.842268,0.0
2019-02-18,2,0,139,149.8,149.8,0.0,825.65675,0.0
2019-02-18,2,0,140,245.55,245.55,0.0,-245550.0,0.0
2019-02-18,2,0,141,230.0,230.0,0.0,-129611.424851,0.0
2019-02-18,2,0,142,0.0,0.0,0.0,-0.0,0.0
2019-02-18,2,0,143,113.17,113.17,0.0,635.417889,0.0
2019-02-18,2,0,145,14.18,14.18,0.0,78.732642,0.0
2019-02-18,2,0,146,268.0,268.0,0.0,-268000.0,0.0
2019-02-18,2,0,152,0.0,0.0,0.0,0.0,0.0
2019-02-18,2,0,153,0.0,0.0,0.0,0.0,0.0
2019-02-18,2,0,154,0.0,0.0,0.0,0.0,0.0
2019-02-18,2,0,157,250.0,250.0,0.0,-140881.983533,0.0
2019-02-18,2,0,158,0.0,0.0,0.0,-0.0,0.0
2019-02-18,2,0,159,0.0,0.0,0.0,0.0,0.0
2019-02-18,2,0,160,0.0,0.0,0.0,0.0,0.0
2019-02-18,2,0,161,0.0,0.0,0.0,-0.0,0.0
2019-02-18,2,0,162,48.75,48.75,0.0,1278.141953,0.0
2019-02-18,2,0,163,109.39,109.39,0.0,-109390.0,0.0
2019-02-18,2,0,164,0.0,0.0,0.0,0.0,0.0
2019-02-18,2,0,167,0.0,0.0,0.0,0.0,0.0
2019-02-18,2,0,168,0.0,0.0,0.0,0.0,0.0
2019-02-18,2,0,169,0.0,0.0,0.0,0.0,0.0
2019-02-18,2,0,170,0.0,0.0,0.0,0.0,0.0
2019-02-18,2,0,172,0.0,0.0,0.0,0.0,0.0
2019-02-18,2,0,173,0.0,0.0,0.0,0.0,0.0
2019-02-18,2,0,188,0.0,0.0,0.0,0.0,0.0
2019-02-18,2,0,190,0.0,0.0,0.0,0.0,0.0
2019-02-18,2,0,191,0.0,0.0,0.0,0.0,0.0
2019-02-18,2,0,192,138.22,138.22,0.0,4482.136945,0.0
2019-02-18,2,0,194,175.18,175.18,0.0,-24539.708307,0.0
2019-02-18,2,0,196,0.0,0.0,0.0,0.0,0.0
2019-02-18,2,0,198,0.0,0.0,0.0,0.0,0.0
2019-02-18,2,0,199,38.45,38.45,0.0,-1394.353204,0.0
2019-02-18,2,0,200,0.0,0.0,0.0,-0.0,0.0
2019-02-18,2,0,204,769.11,769.11,0.0,4195.252682,0.0
2019-02-18,2,0,205,958.56,958.56,0.0,5221.105884,0.0
2019-02-18,2,0,206,436.19,436.19,0.0,2449.96293,0.0
2019-02-18,2,0,210,0.0,0.0,0.0,0.0,0.0
2019-02-18,2,0,214,0.0,0.0,0.0,0.0,0.0
2019-02-18,2,0,217,0.0,0.0,0.0,0.0,0.0
2019-02-18,2,0,218,0.0,0.0,0.0,0.0,0.0
2019-02-18,2,0,219,0.0,0.0,0.0,0.0,0.0
2019-02-18,2,0,221,0.0,0.0,0.0,0.0,0.0
2019-02-18,2,0,225,0.0,0.0,0.0,0.0,0.0
2019-02-18,2,0,233,0.0,0.0,0.0,0.0,0.0
2019-02-18,2,0,236,129.86,129.86,0.0,692.67822,0.0
2019-02-18,2,0,237,156.6,156.6,0.0,840.485166,0.0
2019-02-18,2,0,238,0.0,0.0,0.0,0.0,0.0
2019-02-18,2,0,240,0.0,0.0,0.0,0.0,0.0
2019-02-18,2,0,245,78.01,78.01,0.0,387.653491,0.0
2019-02-18,2,0,247,150.65,150.65,0.0,748.621952,0.0
2019-02-18,2,0,248,15.72,15.72,0.0,84.370542,0.0
2019-02-18,2,0,249,150.01,150.01,0.0,745.441613,0.0
2019-02-18,2,0,251,242.11,242.11,0.0,1008.21169,0.0
2019-02-18,2,0,252,231.24,231.24,0.0,839.745048,0.0
2019-02-18,2,0,254,0.0,0.0,0.0,0.0,0.0
2019-02-18,2,0,255,0.0,0.0,0.0,0.0,0.0
2019-02-18,2,0,258,0.0,0.0,0.0,0.0,0.0
2019-02-18,2,0,260,0.0,0.0,0.0,0.0,0.0
2019-02-18,2,0,265,0.0,0.0,0.0,0.0,0.0
2019-02-18,2,0,266,97.0,97.0,0.0,534.637548,0.0
2019-02-18,2,0,267,119.2,119.2,0.0,656.997894,0.0
2019-02-18,2,0,270,341.63,341.63,0.0,-341630.0,0.0
2019-02-18,2,0,272,185.07,185.07,0.0,-50577.4672,0.0
2019-02-18,2,0,273,0.0,0.0,0.0,-0.0,0.0
2019-02-18,2,0,274,440.4,440.4,0.0,-440400.0,0.0
2019-02-18,2,0,275,613.04,613.04,0.0,-613040.0,0.0
2019-02-18,2,0,276,0.0,0.0,0.0,-0.0,0.0
2019-02-18,2,0,277,0.0,0.0,0.0,-0.0,0.0
2019-02-18,2,0,278,0.0,0.0,0.0,-0.0,0.0
2019-02-18,2,0,279,130.62,130.62,0.0,-37218.660651,0.0
2019-02-18,2,0,281,16.83,16.83,0.0,94.495741,0.0
2019-02-18,2,0,282,0.0,0.0,0.0,0.0,0.0
2019-02-18,3,0,9,0.0,0.0,0.0,0.0,0.0
2019-02-18,3,0,17,0.0,0.0,0.0,0.0,0.0
2019-02-18,3,0,19,643.3,643.3,0.0,1130.672775,0.0
2019-02-18,3,0,20,780.2,780.2,0.0,1371.290065,0.0
2019-02-18,3,0,21,0.0,0.0,0.0,0.0,0.0
2019-02-18,3,0,22,0.0,0.0,0.0,0.0,0.0
2019-02-18,3,0,23,108.8,108.8,0.0,610.671288,0.0
2019-02-18,3,0,24,192.5,192.5,0.0,1080.461608,0.0
2019-02-18,3,0,29,0.0,0.0,0.0,0.0,0.0
2019-02-18,3,0,30,0.0,0.0,0.0,0.0,0.0
2019-02-18,3,0,31,37.5,37.5,0.0,210.552009,0.0
2019-02-18,3,0,32,0.0,0.0,0.0,0.0,0.0
2019-02-18,3,0,33,0.0,0.0,0.0,0.0,0.0
2019-02-18,3,0,34,0.0,0.0,0.0,0.0,0.0
2019-02-18,3,0,35,0.0,0.0,0.0,0.0,0.0
2019-02-18,3,0,36,0.0,0.0,0.0,0.0,0.0
2019-02-18,3,0,37,0.0,0.0,0.0,0.0,0.0
2019-02-18,3,0,38,0.0,0.0,0.0,0.0,0.0
2019-02-18,3,0,39,0.0,0.0,0.0,0.0,0.0
2019-02-18,3,0,40,0.0,0.0,0.0,0.0,0.0
2019-02-18,3,0,41,101.68,101.68,0.0,560.392935,0.0
2019-02-18,3,0,42,0.0,0.0,0.0,0.0,0.0
2019-02-18,3,0,43,0.0,0.0,0.0,0.0,0.0
2019-02-18,3,0,46,0.0,0.0,0.0,0.0,0.0
2019-02-18,3,0,52,39.75,39.75,0.0,223.185129,0.0
2019-02-18,3,0,53,63.15,63.15,0.0,354.569583,0.0
2019-02-18,3,0,55,623.0,623.0,0.0,3496.766657,0.0
2019-02-18,3,0,56,0.0,0.0,0.0,0.0,0.0
2019-02-18,3,0,57,0.0,0.0,0.0,0.0,0.0
2019-02-18,3,0,58,0.0,0.0,0.0,0.0,0.0
2019-02-18,3,0,59,0.0,0.0,0.0,0.0,0.0
2019-02-18,3,0,63,159.86,159.86,0.0,15628.179225,0.0
2019-02-18,3,0,64,188.07,188.07,0.0,18386.035699,0.0
2019-02-18,3,0,65,26.51,26.51,0.0,93.257876,0.0
2019-02-18,3,0,67,0.0,0.0,0.0,-0.0,0.0
2019-02-18,3,0,68,7.39,7.39,0.0,-3110.384934,0.0
2019-02-18,3,0,69,0.0,0.0,0.0,0.0,0.0
2019-02-18,3,0,74,65.28,65.28,0.0,350.287765,0.0
2019-02-18,3,0,77,200.0,200.0,0.0,-60443.666184,0.0
2019-02-18,3,0,78,151.2,151.2,0.0,-45695.411635,0.0
2019-02-18,3,0,79,87.5,87.5,0.0,-26444.103956,0.0
2019-02-18,3,0,80,141.5,141.5,0.0,-42763.893825,0.0
2019-02-18,3,0,81,185.0,185.0,0.0,-55910.391221,0.0
2019-02-18,3,0,82,130.5,130.5,0.0,-39439.492185,0.0
2019-02-18,3,0,83,291.0,291.0,0.0,-87945.534298,0.0
2019-02-18,3,0,84,0.0,0.0,0.0,0.0,0.0
2019-02-18,3,0,86,0.0,0.0,0.0,0.0,0.0
2019-02-18,3,0,87,0.0,0.0,0.0,0.0,0.0
2019-02-18,3,0,88,156.22,156.22,0.0,-47212.547657,0.0
2019-02-18,3,0,89,150.17,150.17,0.0,-45384.126755,0.0
2019-02-18,3,0,90,201.63,201.63,0.0,-60936.282064,0.0
2019-02-18,3,0,91,719.27,719.27,0.0,-217376.578882,0.0
2019-02-18,3,0,92,258.68,258.68,0.0,-78177.837843,0.0
2019-02-18,3,0,95,36.0,36.0,0.0,914.892964,0.0
2019-02-18,3,0,96,25.43,25.43,0.0,142.833699,0.0
2019-02-18,3,0,97,156.39,156.39,0.0,878.401977,0.0
2019-02-18,3,0,99,12.6,12.6,0.0,67.61069,0.0
2019-02-18,3,0,101,0.0,0.0,0.0,0.0,0.0
2019-02-18,3,0,102,17.49,17.49,0.0,-7361.38464,0.0
2019-02-18,3,0,103,15.21,15.21,0.0,-6401.753023,0.0
2019-02-18,3,0,104,2.82,2.82,0.0,-1186.912789,0.0
2019-02-18,3,0,106,0.0,0.0,0.0,0.0,0.0
2019-02-18,3,0,109,200.0,200.0,0.0,1089.260828,0.0
2019-02-18,3,0,110,338.6,338.6,0.0,-338600.0,0.0
2019-02-18,3,0,111,0.0,0.0,0.0,0.0,0.0
2019-02-18,3,0,113,41.97,41.97,0.0,-11464.274806,0.0
2019-02-18,3,0,115,41.97,41.97,0.0,-11464.274806,0.0
2019-02-18,3,0,116,0.0,0.0,0.0,-0.0,0.0
2019-02-18,3,0,117,2.16,2.16,0.0,-590.012713,0.0
2019-02-18,3,0,119,188.07,188.07,0.0,18386.035699,0.0
2019-02-18,3,0,120,110.59,110.59,0.0,10811.462157,0.0
2019-02-18,3,0,123,0.0,0.0,0.0,0.0,0.0
2019-02-18,3,0,125,174.2,174.2,0.0,977.747595,0.0
2019-02-18,3,0,126,0.0,0.0,0.0,0.0,0.0
2019-02-18,3,0,127,0.0,0.0,0.0,0.0,0.0
2019-02-18,3,0,128,249.5,249.5,0.0,1400.390499,0.0
2019-02-18,3,0,131,30.0,30.0,0.0,-11484.560057,0.0
2019-02-18,3,0,132,44.1,44.1,0.0,-16882.303284,0.0
2019-02-18,3,0,133,78.86,78.86,0.0,437.388329,0.0
2019-02-18,3,0,134,0.0,0.0,0.0,0.0,0.0
2019-02-18,3,0,135,105.53,105.53,0.0,585.310555,0.0
2019-02-18,3,0,136,45.2,45.2,0.0,163.374062,0.0
2019-02-18,3,0,139,131.3,131.3,0.0,723.638793,0.0
2019-02-18,3,0,140,250.6,250.6,0.0,-250600.0,0.0
2019-02-18,3,0,141,230.0,230.0,0.0,-129592.888147,0.0
2019-02-18,3,0,142,0.0,0.0,0.0,-0.0,0.0
2019-02-18,3,0,143,71.55,71.55,0.0,401.733233,0.0
2019-02-18,3,0,145,16.31,16.31,0.0,90.55603,0.0
2019-02-18,3,0,146,268.0,268.0,0.0,-268000.0,0.0
2019-02-18,3,0,152,0.0,0.0,0.0,0.0,0.0
2019-02-18,3,0,153,0.0,0.0,0.0,0.0,0.0
2019-02-18,3,0,154,0.0,0.0,0.0,0.0,0.0
2019-02-18,3,0,157,250.0,250.0,0.0,-140861.834943,0.0
2019-02-18,3,0,158,0.0,0.0,0.0,-0.0,0.0
2019-02-18,3,0,159,0.0,0.0,0.0,0.0,0.0
2019-02-18,3,0,160,0.0,0.0,0.0,0.0,0.0
2019-02-18,3,0,161,0.0,0.0,0.0,-0.0,0.0
2019-02-18,3,0,162,48.75,48.75,0.0,1278.407887,0.0
2019-02-18,3,0,163,101.29,101.29,0.0,-101290.0,0.0
2019-02-18,3,0,164,0.0,0.0,0.0,0.0,0.0
2019-02-18,3,0,167,0.0,0.0,0.0,0.0,0.0
2019-02-18,3,0,168,0.0,0.0,0.0,0.0,0.0
2019-02-18,3,0,169,0.0,0.0,0.0,0.0,0.0
2019-02-18,3,0,170,0.0,0.0,0.0,0.0,0.0
2019-02-18,3,0,172,0.0,0.0,0.0,0.0,0.0
2019-02-18,3,0,173,0.0,0.0,0.0,0.0,0.0
2019-02-18,3,0,188,0.0,0.0,0.0,0.0,0.0
2019-02-18,3,0,190,0.0,0.0,0.0,0.0,0.0
2019-02-18,3,0,191,0.0,0.0,0.0,0.0,0.0
2019-02-18,3,0,192,127.21,127.21,0.0,4125.109541,0.0
2019-02-18,3,0,194,171.29,171.29,0.0,-23967.553148,0.0
2019-02-18,3,0,196,0.0,0.0,0.0,0.0,0.0
2019-02-18,3,0,198,0.0,0.0,0.0,0.0,0.0
2019-02-18,3,0,199,33.15,33.15,0.0,-1200.668719,0.0
2019-02-18,3,0,200,0.0,0.0,0.0,-0.0,0.0
2019-02-18,3,0,204,791.64,791.64,0.0,4317.770736,0.0
2019-02-18,3,0,205,1058.0,1058.0,0.0,5762.189782,0.0
2019-02-18,3,0,206,459.53,459.53,0.0,2581.060556,0.0
2019-02-18,3,0,210,0.0,0.0,0.0,0.0,0.0
2019-02-18,3,0,214,0.0,0.0,0.0,0.0,0.0
2019-02-18,3,0,217,0.0,0.0,0.0,0.0,0.0
2019-02-18,3,0,218,0.0,0.0,0.0,0.0,0.0
2019-02-18,3,0,219,0.0,0.0,0.0,0.0,0.0
2019-02-18,3,0,221,0.0,0.0,0.0,0.0,0.0
2019-02-18,3,0,225,0.0,0.0,0.0,0.0,0.0
2019-02-18,3,0,233,0.0,0.0,0.0,0.0,0.0
2019-02-18,3,0,236,159.03,159.03,0.0,848.079697,0.0
2019-02-18,3,0,237,156.6,156.6,0.0,840.304288,0.0
2019-02-18,3,0,238,0.0,0.0,0.0,0.0,0.0
2019-02-18,3,0,240,0.0,0.0,0.0,0.0,0.0
2019-02-18,3,0,245,78.0,78.0,0.0,385.786875,0.0
2019-02-18,3,0,247,167.62,167.62,0.0,829.046103,0.0
2019-02-18,3,0,248,15.72,15.72,0.0,84.352384,0.0
2019-02-18,3,0,249,150.0,150.0,0.0,741.897837,0.0
2019-02-18,3,0,251,165.19,165.19,0.0,674.98707,0.0
2019-02-18,3,0,252,171.03,171.03,0.0,601.655771,0.0
2019-02-18,3,0,254,0.0,0.0,0.0,0.0,0.0
2019-02-18,3,0,255,0.0,0.0,0.0,0.0,0.0
2019-02-18,3,0,258,0.0,0.0,0.0,0.0,0.0
2019-02-18,3,0,260,0.0,0.0,0.0,0.0,0.0
2019-02-18,3,0,265,0.0,0.0,0.0,0.0,0.0
2019-02-18,3,0,266,85.02,85.02,0.0,468.57403,0.0
2019-02-18,3,0,267,104.48,104.48,0.0,575.824684,0.0
2019-02-18,3,0,270,316.33,316.33,0.0,-316330.0,0.0
2019-02-18,3,0,272,171.43,171.43,0.0,-46826.796043,0.0
2019-02-18,3,0,273,0.0,0.0,0.0,-0.0,0.0
2019-02-18,3,0,274,407.79,407.79,0.0,-407790.0,0.0
2019-02-18,3,0,275,567.65,567.65,0.0,-567650.0,0.0
2019-02-18,3,0,276,0.0,0.0,0.0,-0.0,0.0
2019-02-18,3,0,277,0.0,0.0,0.0,-0.0,0.0
2019-02-18,3,0,278,0.0,0.0,0.0,-0.0,0.0
2019-02-18,3,0,279,152.18,152.18,0.0,-43341.834855,0.0
2019-02-18,3,0,281,16.83,16.83,0.0,94.495741,0.0
2019-02-18,3,0,282,0.0,0.0,0.0,0.0,0.0
2019-02-18,4,0,9,0.0,0.0,0.0,0.0,0.0
2019-02-18,4,0,17,0.0,0.0,0.0,0.0,0.0
2019-02-18,4,0,19,643.3,643.3,0.0,1298.403976,0.0
2019-02-18,4,0,20,780.2,780.2,0.0,1574.715968,0.0
2019-02-18,4,0,21,0.0,0.0,0.0,0.0,0.0
2019-02-18,4,0,22,0.0,0.0,0.0,0.0,0.0
2019-02-18,4,0,23,98.16,98.16,0.0,551.048082,0.0
2019-02-18,4,0,24,162.22,162.22,0.0,910.666461,0.0
2019-02-18,4,0,29,0.0,0.0,0.0,0.0,0.0
2019-02-18,4,0,30,0.0,0.0,0.0,0.0,0.0
2019-02-18,4,0,31,37.5,37.5,0.0,210.552009,0.0
2019-02-18,4,0,32,0.0,0.0,0.0,0.0,0.0
2019-02-18,4,0,33,0.0,0.0,0.0,0.0,0.0
2019-02-18,4,0,34,0.0,0.0,0.0,0.0,0.0
2019-02-18,4,0,35,0.0,0.0,0.0,0.0,0.0
2019-02-18,4,0,36,0.0,0.0,0.0,0.0,0.0
2019-02-18,4,0,37,0.0,0.0,0.0,0.0,0.0
2019-02-18,4,0,38,0.0,0.0,0.0,0.0,0.0
2019-02-18,4,0,39,0.0,0.0,0.0,0.0,0.0
2019-02-18,4,0,40,0.0,0.0,0.0,0.0,0.0
2019-02-18,4,0,41,89.42,89.42,0.0,497.509814,0.0
2019-02-18,4,0,42,0.0,0.0,0.0,0.0,0.0
2019-02-18,4,0,43,0.0,0.0,0.0,0.0,0.0
2019-02-18,4,0,46,0.0,0.0,0.0,0.0,0.0
2019-02-18,4,0,52,39.75,39.75,0.0,223.185129,0.0
2019-02-18,4,0,53,63.15,63.15,0.0,354.569583,0.0
2019-02-18,4,0,55,623.0,623.0,0.0,3497.381365,0.0
2019-02-18,4,0,56,0.0,0.0,0.0,0.0,0.0
2019-02-18,4,0,57,0.0,0.0,0.0,0.0,0.0
2019-02-18,4,0,58,0.0,0.0,0.0,0.0,0.0
2019-02-18,4,0,59,0.0,0.0,0.0,0.0,0.0
2019-02-18,4,0,63,137.19,137.19,0.0,14664.004757,0.0
2019-02-18,4,0,64,161.4,161.4,0.0,17251.770302,0.0
2019-02-18,4,0,65,19.26,19.26,0.0,71.760747,0.0
2019-02-18,4,0,67,0.0,0.0,0.0,-0.0,0.0
2019-02-18,4,0,68,8.05,8.05,0.0,-3350.597563,0.0
2019-02-18,4,0,69,0.0,0.0,0.0,0.0,0.0
2019-02-18,4,0,74,65.28,65.28,0.0,358.404093,0.0
2019-02-18,4,0,77,200.0,200.0,0.0,-59317.514639,0.0
2019-02-18,4,0,78,151.2,151.2,0.0,-44844.041067,0.0
2019-02-18,4,0,79,87.5,87.5,0.0,-25951.412655,0.0
2019-02-18,4,0,80,141.5,141.5,0.0,-41967.141607,0.0
2019-02-18,4,0,81,185.0,185.0,0.0,-54868.701041,0.0
2019-02-18,4,0,82,130.5,130.5,0.0,-38704.678302,0.0
2019-02-18,4,0,83,291.0,291.0,0.0,-86306.9838,0.0
2019-02-18,4,0,84,0.0,0.0,0.0,0.0,0.0
2019-02-18,4,0,86,0.0,0.0,0.0,0.0,0.0
2019-02-18,4,0,87,0.0,0.0,0.0,0.0,0.0
2019-02-18,4,0,88,170.6,170.6,0.0,-50597.839987,0.0
2019-02-18,4,0,89,164.0,164.0,0.0,-48640.362004,0.0
2019-02-18,4,0,90,220.2,220.2,0.0,-65308.583618,0.0
2019-02-18,4,0,91,785.5,785.5,0.0,-232969.538746,0.0
2019-02-18,4,0,92,282.5,282.5,0.0,-83785.989428,0.0
2019-02-18,4,0,95,84.17,84.17,0.0,2139.070577,0.0
2019-02-18,4,0,96,26.97,26.97,0.0,151.455668,0.0
2019-02-18,4,0,97,165.87,165.87,0.0,931.477629,0.0
2019-02-18,4,0,99,12.6,12.6,0.0,69.177261,0.0
2019-02-18,4,0,101,0.0,0.0,0.0,0.0,0.0
2019-02-18,4,0,102,19.06,19.06,0.0,-7933.216094,0.0
2019-02-18,4,0,103,16.57,16.57,0.0,-6896.820077,0.0
2019-02-18,4,0,104,3.08,3.08,0.0,-1281.967763,0.0
2019-02-18,4,0,106,0.0,0.0,0.0,0.0,0.0
2019-02-18,4,0,109,200.0,200.0,0.0,1106.520054,0.0
2019-02-18,4,0,110,338.6,338.6,0.0,-338600.0,0.0
2019-02-18,4,0,111,0.0,0.0,0.0,0.0,0.0
2019-02-18,4,0,113,27.48,27.48,0.0,-7345.685586,0.0
2019-02-18,4,0,115,27.48,27.48,0.0,-7345.685586,0.0
2019-02-18,4,0,116,0.0,0.0,0.0,-0.0,0.0
2019-02-18,4,0,117,1.83,1.83,0.0,-489.177752,0.0
2019-02-18,4,0,119,161.4,161.4,0.0,17251.770302,0.0
2019-02-18,4,0,120,94.9,94.9,0.0,10143.698895,0.0
2019-02-18,4,0,123,0.0,0.0,0.0,0.0,0.0
2019-02-18,4,0,125,148.85,148.85,0.0,835.610299,0.0
2019-02-18,4,0,126,0.0,0.0,0.0,0.0,0.0
2019-02-18,4,0,127,0.0,0.0,0.0,0.0,0.0
2019-02-18,4,0,128,202.15,202.15,0.0,1134.824467,0.0
2019-02-18,4,0,131,30.0,30.0,0.0,-11335.321064,0.0
2019-02-18,4,0,132,44.1,44.1,0.0,-16662.921964,0.0
2019-02-18,4,0,133,111.41,111.41,0.0,634.599746,0.0
2019-02-18,4,0,134,0.0,0.0,0.0,0.0,0.0
2019-02-18,4,0,135,153.69,153.69,0.0,875.429808,0.0
2019-02-18,4,0,136,36.53,36.53,0.0,139.531315,0.0
2019-02-18,4,0,139,115.48,115.48,0.0,642.500931,0.0
2019-02-18,4,0,140,250.6,250.6,0.0,-250600.0,0.0
2019-02-18,4,0,141,230.0,230.0,0.0,-128783.582168,0.0
2019-02-18,4,0,142,0.0,0.0,0.0,-0.0,0.0
2019-02-18,4,0,143,71.55,71.55,0.0,401.733233,0.0
2019-02-18,4,0,145,18.65,18.65,0.0,104.145536,0.0
2019-02-18,4,0,146,268.0,268.0,0.0,-268000.0,0.0
2019-02-18,4,0,152,0.0,0.0,0.0,0.0,0.0
2019-02-18,4,0,153,0.0,0.0,0.0,0.0,0.0
2019-02-18,4,0,154,0.0,0.0,0.0,0.0,0.0
2019-02-18,4,0,157,250.0,250.0,0.0,-139982.15453,0.0
2019-02-18,4,0,158,0.0,0.0,0.0,-0.0,0.0
2019-02-18,4,0,159,0.0,0.0,0.0,0.0,0.0
2019-02-18,4,0,160,0.0,0.0,0.0,0.0,0.0
2019-02-18,4,0,161,0.0,0.0,0.0,-0.0,0.0
2019-02-18,4,0,162,48.75,48.75,0.0,1277.24685,0.0
2019-02-18,4,0,163,94.31,94.31,0.0,-94310.0,0.0
2019-02-18,4,0,164,0.0,0.0,0.0,0.0,0.0
2019-02-18,4,0,167,0.0,0.0,0.0,0.0,0.0
2019-02-18,4,0,168,0.0,0.0,0.0,0.0,0.0
2019-02-18,4,0,169,0.0,0.0,0.0,0.0,0.0
2019-02-18,4,0,170,0.0,0.0,0.0,0.0,0.0
2019-02-18,4,0,172,0.0,0.0,0.0,0.0,0.0
2019-02-18,4,0,173,0.0,0.0,0.0,0.0,0.0
2019-02-18,4,0,188,0.0,0.0,0.0,0.0,0.0
2019-02-18,4,0,190,0.0,0.0,0.0,0.0,0.0
2019-02-18,4,0,191,0.0,0.0,0.0,0.0,0.0
2019-02-18,4,0,192,117.66,117.66,0.0,12576.476417,0.0
2019-02-18,4,0,194,167.89,167.89,0.0,-22333.733475,0.0
2019-02-18,4,0,196,0.0,0.0,0.0,0.0,0.0
2019-02-18,4,0,198,0.0,0.0,0.0,0.0,0.0
2019-02-18,4,0,199,28.56,28.56,0.0,-972.169004,0.0
2019-02-18,4,0,200,0.0,0.0,0.0,-0.0,0.0
2019-02-18,4,0,204,817.49,817.49,0.0,4526.120768,0.0
2019-02-18,4,0,205,1058.0,1058.0,0.0,5853.491088,0.0
2019-02-18,4,0,206,487.41,487.41,0.0,2737.152657,0.0
2019-02-18,4,0,210,0.0,0.0,0.0,0.0,0.0
2019-02-18,4,0,214,0.0,0.0,0.0,0.0,0.0
2019-02-18,4,0,217,0.0,0.0,0.0,0.0,0.0
2019-02-18,4,0,218,0.0,0.0,0.0,0.0,0.0
2019-02-18,4,0,219,0.0,0.0,0.0,0.0,0.0
2019-02-18,4,0,221,0.0,0.0,0.0,0.0,0.0
2019-02-18,4,0,225,0.0,0.0,0.0,0.0,0.0
2019-02-18,4,0,233,0.0,0.0,0.0,0.0,0.0
2019-02-18,4,0,236,159.03,159.03,0.0,870.609465,0.0
2019-02-18,4,0,237,156.6,156.6,0.0,859.774525,0.0
2019-02-18,4,0,238,0.0,0.0,0.0,0.0,0.0
2019-02-18,4,0,240,0.0,0.0,0.0,0.0,0.0
2019-02-18,4,0,245,78.0,78.0,0.0,399.126669,0.0
2019-02-18,4,0,247,171.72,171.72,0.0,878.692712,0.0
2019-02-18,4,0,248,15.72,15.72,0.0,86.306868,0.0
2019-02-18,4,0,249,150.0,150.0,0.0,767.551286,0.0
2019-02-18,4,0,251,109.66,109.66,0.0,468.884816,0.0
2019-02-18,4,0,252,124.25,124.25,0.0,462.942512,0.0
2019-02-18,4,0,254,0.0,0.0,0.0,0.0,0.0
2019-02-18,4,0,255,0.0,0.0,0.0,0.0,0.0
2019-02-18,4,0,258,0.0,0.0,0.0,0.0,0.0
2019-02-18,4,0,260,0.0,0.0,0.0,0.0,0.0
2019-02-18,4,0,265,0.0,0.0,0.0,0.0,0.0
2019-02-18,4,0,266,74.77,74.77,0.0,416.000993,0.0
2019-02-18,4,0,267,91.89,91.89,0.0,511.252256,0.0
2019-02-18,4,0,270,294.54,294.54,0.0,-294540.0,0.0
2019-02-18,4,0,272,91.83,91.83,0.0,-24547.099976,0.0
2019-02-18,4,0,273,0.0,0.0,0.0,-0.0,0.0
2019-02-18,4,0,274,379.7,379.7,0.0,-379700.0,0.0
2019-02-18,4,0,275,528.54,528.54,0.0,-528540.0,0.0
2019-02-18,4,0,276,0.0,0.0,0.0,-0.0,0.0
2019-02-18,4,0,277,0.0,0.0,0.0,-0.0,0.0
2019-02-18,4,0,278,0.0,0.0,0.0,-0.0,0.0
2019-02-18,4,0,279,176.34,176.34,0.0,-49207.324232,0.0
2019-02-18,4,0,281,16.83,16.83,0.0,94.495741,0.0
2019-02-18,4,0,282,0.0,0.0,0.0,0.0,0.0
2019-02-18,5,0,9,0.0,0.0,0.0,0.0,0.0
2019-02-18,5,0,17,0.0,0.0,0.0,0.0,0.0
2019-02-18,5,0,19,643.3,643.3,0.0,727.962947,0.0
2019-02-18,5,0,20,780.2,780.2,0.0,882.87998,0.0
2019-02-18,5,0,21,0.0,0.0,0.0,0.0,0.0
2019-02-18,5,0,22,0.0,0.0,0.0,0.0,0.0
2019-02-18,5,0,23,108.8,108.8,0.0,670.444225,0.0
2019-02-18,5,0,24,192.5,192.5,0.0,1186.217954,0.0
2019-02-18,5,0,29,0.0,0.0,0.0,0.0,0.0
2019-02-18,5,0,30,0.0,0.0,0.0,0.0,0.0
2019-02-18,5,0,31,37.5,37.5,0.0,230.967434,0.0
2019-02-18,5,0,32,0.0,0.0,0.0,0.0,0.0
2019-02-18,5,0,33,0.0,0.0,0.0,0.0,0.0
2019-02-18,5,0,34,0.0,0.0,0.0,0.0,0.0
2019-02-18,5,0,35,0.0,0.0,0.0,0.0,0.0
2019-02-18,5,0,36,0.0,0.0,0.0,0.0,0.0
2019-02-18,5,0,37,0.0,0.0,0.0,0.0,0.0
2019-02-18,5,0,38,0.0,0.0,0.0,0.0,0.0
2019-02-18,5,0,39,0.0,0.0,0.0,0.0,0.0
2019-02-18,5,0,40,0.0,0.0,0.0,0.0,0.0
2019-02-18,5,0,41,75.8,75.8,0.0,479.001501,0.0
2019-02-18,5,0,42,0.0,0.0,0.0,0.0,0.0
2019-02-18,5,0,43,0.0,0.0,0.0,0.0,0.0
2019-02-18,5,0,46,0.0,0.0,0.0,0.0,0.0
2019-02-18,5,0,52,39.75,39.75,0.0,244.82548,0.0
2019-02-18,5,0,53,63.15,63.15,0.0,388.949158,0.0
2019-02-18,5,0,55,460.36,460.36,0.0,2836.817128,0.0
2019-02-18,5,0,56,0.0,0.0,0.0,0.0,0.0
2019-02-18,5,0,57,0.0,0.0,0.0,0.0,0.0
2019-02-18,5,0,58,0.0,0.0,0.0,0.0,0.0
2019-02-18,5,0,59,0.0,0.0,0.0,0.0,0.0
2019-02-18,5,0,63,146.36,146.36,0.0,16704.231108,0.0
2019-02-18,5,0,64,172.18,172.18,0.0,19651.096694,0.0
2019-02-18,5,0,65,25.6,25.6,0.0,98.727795,0.0
2019-02-18,5,0,67,0.0,0.0,0.0,-0.0,0.0
2019-02-18,5,0,68,8.12,8.12,0.0,-3351.55322,0.0
2019-02-18,5,0,69,0.0,0.0,0.0,0.0,0.0
2019-02-18,5,0,74,63.15,63.15,0.0,412.55779,0.0
2019-02-18,5,0,77,200.0,200.0,0.0,-58476.032788,0.0
2019-02-18,5,0,78,151.2,151.2,0.0,-44207.880788,0.0
2019-02-18,5,0,79,87.5,87.5,0.0,-25583.264345,0.0
2019-02-18,5,0,80,141.5,141.5,0.0,-41371.793198,0.0
2019-02-18,5,0,81,185.0,185.0,0.0,-54090.330329,0.0
2019-02-18,5,0,82,130.5,130.5,0.0,-38155.611394,0.0
2019-02-18,5,0,83,291.0,291.0,0.0,-85082.627707,0.0
2019-02-18,5,0,84,0.0,0.0,0.0,0.0,0.0
2019-02-18,5,0,86,0.0,0.0,0.0,0.0,0.0
2019-02-18,5,0,87,0.0,0.0,0.0,0.0,0.0
2019-02-18,5,0,88,168.15,168.15,0.0,-49163.724567,0.0
2019-02-18,5,0,89,161.64,161.64,0.0,-47260.329699,0.0
2019-02-18,5,0,90,217.03,217.03,0.0,-63455.26698,0.0
2019-02-18,5,0,91,774.21,774.21,0.0,-226363.646724,0.0
2019-02-18,5,0,92,278.44,278.44,0.0,-81410.332847,0.0
2019-02-18,5,0,95,36.0,36.0,0.0,1502.387626,0.0
2019-02-18,5,0,96,23.88,23.88,0.0,147.004202,0.0
2019-02-18,5,0,97,146.87,146.87,0.0,904.12509,0.0
2019-02-18,5,0,99,12.19,12.19,0.0,79.637046,0.0
2019-02-18,5,0,101,0.0,0.0,0.0,0.0,0.0
2019-02-18,5,0,102,19.22,19.22,0.0,-7933.109962,0.0
2019-02-18,5,0,103,16.71,16.71,0.0,-6897.100284,0.0
2019-02-18,5,0,104,3.1,3.1,0.0,-1279.533865,0.0
2019-02-18,5,0,106,0.0,0.0,0.0,0.0,0.0
2019-02-18,5,0,109,200.0,200.0,0.0,1285.209819,0.0
2019-02-18,5,0,110,338.6,338.6,0.0,-338600.0,0.0
2019-02-18,5,0,111,0.0,0.0,0.0,0.0,0.0
2019-02-18,5,0,113,62.69,62.69,0.0,-16488.30901,0.0
2019-02-18,5,0,115,62.69,62.69,0.0,-16488.30901,0.0
2019-02-18,5,0,116,0.0,0.0,0.0,-0.0,0.0
2019-02-18,5,0,117,3.02,3.02,0.0,-794.300418,0.0
2019-02-18,5,0,119,172.18,172.18,0.0,19651.096694,0.0
2019-02-18,5,0,120,101.24,101.24,0.0,11554.634855,0.0
2019-02-18,5,0,123,0.0,0.0,0.0,0.0,0.0
2019-02-18,5,0,125,174.2,174.2,0.0,1073.450221,0.0
2019-02-18,5,0,126,0.0,0.0,0.0,0.0,0.0
2019-02-18,5,0,127,0.0,0.0,0.0,0.0,0.0
2019-02-18,5,0,128,249.5,249.5,0.0,1537.461711,0.0
2019-02-18,5,0,131,30.0,30.0,0.0,-11224.363139,0.0
2019-02-18,5,0,132,44.1,44.1,0.0,-16499.813815,0.0
2019-02-18,5,0,133,50.43,50.43,0.0,353.61799,0.0
2019-02-18,5,0,134,0.0,0.0,0.0,0.0,0.0
2019-02-18,5,0,135,71.85,71.85,0.0,503.816232,0.0
2019-02-18,5,0,136,45.9,45.9,0.0,183.88222,0.0
2019-02-18,5,0,139,97.89,97.89,0.0,618.594419,0.0
2019-02-18,5,0,140,250.6,250.6,0.0,-250600.0,0.0
2019-02-18,5,0,141,230.0,230.0,0.0,-128181.870042,0.0
2019-02-18,5,0,142,0.0,0.0,0.0,-0.0,0.0
2019-02-18,5,0,143,135.05,135.05,0.0,831.790718,0.0
2019-02-18,5,0,145,16.67,16.67,0.0,104.323581,0.0
2019-02-18,5,0,146,268.0,268.0,0.0,-268000.0,0.0
2019-02-18,5,0,152,0.0,0.0,0.0,0.0,0.0
2019-02-18,5,0,153,0.0,0.0,0.0,0.0,0.0
2019-02-18,5,0,154,0.0,0.0,0.0,0.0,0.0
2019-02-18,5,0,157,250.0,250.0,0.0,-139328.119611,0.0
2019-02-18,5,0,158,0.0,0.0,0.0,-0.0,0.0
2019-02-18,5,0,159,0.0,0.0,0.0,0.0,0.0
2019-02-18,5,0,160,0.0,0.0,0.0,0.0,0.0
2019-02-18,5,0,161,0.0,0.0,0.0,-0.0,0.0
2019-02-18,5,0,162,45.12,45.12,0.0,1918.943827,0.0
2019-02-18,5,0,163,108.34,108.34,0.0,-108340.0,0.0
2019-02-18,5,0,164,0.0,0.0,0.0,0.0,0.0
2019-02-18,5,0,167,0.0,0.0,0.0,0.0,0.0
2019-02-18,5,0,168,0.0,0.0,0.0,0.0,0.0
2019-02-18,5,0,169,0.0,0.0,0.0,0.0,0.0
2019-02-18,5,0,170,0.0,0.0,0.0,0.0,0.0
2019-02-18,5,0,172,0.0,0.0,0.0,0.0,0.0
2019-02-18,5,0,173,0.0,0.0,0.0,0.0,0.0
2019-02-18,5,0,188,0.0,0.0,0.0,0.0,0.0
2019-02-18,5,0,190,0.0,0.0,0.0,0.0,0.0
2019-02-18,5,0,191,0.0,0.0,0.0,0.0,0.0
2019-02-18,5,0,192,148.13,148.13,0.0,16906.243195,0.0
2019-02-18,5,0,194,171.83,171.83,0.0,-21995.916971,0.0
2019-02-18,5,0,196,0.0,0.0,0.0,0.0,0.0
2019-02-18,5,0,198,0.0,0.0,0.0,0.0,0.0
2019-02-18,5,0,199,30.96,30.96,0.0,-970.211124,0.0
2019-02-18,5,0,200,0.0,0.0,0.0,-0.0,0.0
2019-02-18,5,0,204,797.4,797.4,0.0,5114.926197,0.0
2019-02-18,5,0,205,1058.0,1058.0,0.0,6798.759942,0.0
2019-02-18,5,0,206,431.58,431.58,0.0,2656.786997,0.0
2019-02-18,5,0,210,0.0,0.0,0.0,0.0,0.0
2019-02-18,5,0,214,0.0,0.0,0.0,0.0,0.0
2019-02-18,5,0,217,0.0,0.0,0.0,0.0,0.0
2019-02-18,5,0,218,0.0,0.0,0.0,0.0,0.0
2019-02-18,5,0,219,0.0,0.0,0.0,0.0,0.0
2019-02-18,5,0,221,0.0,0.0,0.0,0.0,0.0
2019-02-18,5,0,225,0.0,0.0,0.0,0.0,0.0
2019-02-18,5,0,233,0.0,0.0,0.0,0.0,0.0
2019-02-18,5,0,236,159.03,159.03,0.0,1047.673708,0.0
2019-02-18,5,0,237,151.49,151.49,0.0,989.681388,0.0
2019-02-18,5,0,238,0.0,0.0,0.0,0.0,0.0
2019-02-18,5,0,240,0.0,0.0,0.0,0.0,0.0
2019-02-18,5,0,245,78.0,78.0,0.0,476.148687,0.0
2019-02-18,5,0,247,171.72,171.72,0.0,1048.259648,0.0
2019-02-18,5,0,248,15.21,15.21,0.0,99.366651,0.0
2019-02-18,5,0,249,150.0,150.0,0.0,915.670552,0.0
2019-02-18,5,0,251,130.34,130.34,0.0,616.169382,0.0
2019-02-18,5,0,252,165.16,165.16,0.0,636.948538,0.0
2019-02-18,5,0,254,0.0,0.0,0.0,0.0,0.0
2019-02-18,5,0,255,0.0,0.0,0.0,0.0,0.0
2019-02-18,5,0,258,0.0,0.0,0.0,0.0,0.0
2019-02-18,5,0,260,0.0,0.0,0.0,0.0,0.0
2019-02-18,5,0,265,0.0,0.0,0.0,0.0,0.0
2019-02-18,5,0,266,63.38,63.38,0.0,400.516031,0.0
2019-02-18,5,0,267,77.89,77.89,0.0,492.208799,0.0
2019-02-18,5,0,270,338.34,338.34,0.0,-338340.0,0.0
2019-02-18,5,0,272,215.52,215.52,0.0,-56684.644407,0.0
2019-02-18,5,0,273,0.0,0.0,0.0,-0.0,0.0
2019-02-18,5,0,274,436.16,436.16,0.0,-436160.0,0.0
2019-02-18,5,0,275,607.15,607.15,0.0,-607150.0,0.0
2019-02-18,5,0,276,0.0,0.0,0.0,-0.0,0.0
2019-02-18,5,0,277,0.0,0.0,0.0,-0.0,0.0
2019-02-18,5,0,278,0.0,0.0,0.0,-0.0,0.0
2019-02-18,5,0,279,185.89,185.89,0.0,-51080.15537,0.0
2019-02-18,5,0,281,16.83,16.83,0.0,103.658184,0.0
2019-02-18,5,0,282,0.0,0.0,0.0,0.0,0.0
2019-02-18,6,0,9,0.0,0.0,0.0,0.0,0.0
2019-02-18,6,0,17,0.0,0.0,0.0,0.0,0.0
2019-02-18,6,0,19,643.3,643.3,0.0,541.376843,0.0
2019-02-18,6,0,20,780.2,780.2,0.0,656.586683,0.0
2019-02-18,6,0,21,0.0,0.0,0.0,0.0,0.0
2019-02-18,6,0,22,0.0,0.0,0.0,0.0,0.0
2019-02-18,6,0,23,108.8,108.8,0.0,1233.122379,0.0
2019-02-18,6,0,24,192.5,192.5,0.0,2181.765238,0.0
2019-02-18,6,0,29,0.0,0.0,0.0,0.0,0.0
2019-02-18,6,0,30,0.0,0.0,0.0,0.0,0.0
2019-02-18,6,0,31,37.57,37.57,0.0,426.712447,0.0
2019-02-18,6,0,32,0.0,0.0,0.0,0.0,0.0
2019-02-18,6,0,33,0.0,0.0,0.0,0.0,0.0
2019-02-18,6,0,34,0.0,0.0,0.0,0.0,0.0
2019-02-18,6,0,35,0.0,0.0,0.0,0.0,0.0
2019-02-18,6,0,36,0.0,0.0,0.0,0.0,0.0
2019-02-18,6,0,37,0.0,0.0,0.0,0.0,0.0
2019-02-18,6,0,38,0.0,0.0,0.0,0.0,0.0
2019-02-18,6,0,39,0.0,0.0,0.0,0.0,0.0
2019-02-18,6,0,40,0.0,0.0,0.0,0.0,0.0
2019-02-18,6,0,41,63.8,63.8,0.0,643.40919,0.0
2019-02-18,6,0,42,0.0,0.0,0.0,0.0,0.0
2019-02-18,6,0,43,0.0,0.0,0.0,0.0,0.0
2019-02-18,6,0,46,0.0,0.0,0.0,0.0,0.0
2019-02-18,6,0,52,39.83,39.83,0.0,452.381069,0.0
2019-02-18,6,0,53,63.23,63.23,0.0,718.153527,0.0
2019-02-18,6,0,55,186.9,186.9,0.0,2118.295704,0.0
2019-02-18,6,0,56,0.0,0.0,0.0,0.0,0.0
2019-02-18,6,0,57,0.0,0.0,0.0,0.0,0.0
2019-02-18,6,0,58,0.0,0.0,0.0,0.0,0.0
2019-02-18,6,0,59,0.0,0.0,0.0,0.0,0.0
2019-02-18,6,0,63,158.2,158.2,0.0,19328.18116,0.0
2019-02-18,6,0,64,186.12,186.12,0.0,22739.324131,0.0
2019-02-18,6,0,65,35.03,35.03,0.0,146.899554,0.0
2019-02-18,6,0,67,0.0,0.0,0.0,-0.0,0.0
2019-02-18,6,0,68,8.4,8.4,0.0,-3443.151139,0.0
2019-02-18,6,0,69,0.0,0.0,0.0,0.0,0.0
2019-02-18,6,0,74,48.29,48.29,0.0,402.403965,0.0
2019-02-18,6,0,77,200.0,200.0,0.0,-57823.099787,0.0
2019-02-18,6,0,78,151.2,151.2,0.0,-43714.263439,0.0
2019-02-18,6,0,79,87.5,87.5,0.0,-25297.606157,0.0
2019-02-18,6,0,80,141.5,141.5,0.0,-40909.843099,0.0
2019-02-18,6,0,81,185.0,185.0,0.0,-53486.367303,0.0
2019-02-18,6,0,82,130.5,130.5,0.0,-37729.572611,0.0
2019-02-18,6,0,83,291.0,291.0,0.0,-84132.610189,0.0
2019-02-18,6,0,84,0.0,0.0,0.0,0.0,0.0
2019-02-18,6,0,86,0.0,0.0,0.0,0.0,0.0
2019-02-18,6,0,87,0.0,0.0,0.0,0.0,0.0
2019-02-18,6,0,88,167.91,167.91,0.0,-48545.383426,0.0
2019-02-18,6,0,89,161.41,161.41,0.0,-46666.132683,0.0
2019-02-18,6,0,90,216.72,216.72,0.0,-62657.110929,0.0
2019-02-18,6,0,91,773.1,773.1,0.0,-223515.192225,0.0
2019-02-18,6,0,92,278.04,278.04,0.0,-80385.673323,0.0
2019-02-18,6,0,95,36.0,36.0,0.0,1810.494865,0.0
2019-02-18,6,0,96,21.68,21.68,0.0,246.779744,0.0
2019-02-18,6,0,97,133.31,133.31,0.0,1517.445002,0.0
2019-02-18,6,0,99,9.32,9.32,0.0,77.664215,0.0
2019-02-18,6,0,101,0.0,0.0,0.0,0.0,0.0
2019-02-18,6,0,102,19.89,19.89,0.0,-8152.890019,0.0
2019-02-18,6,0,103,17.3,17.3,0.0,-7091.251751,0.0
2019-02-18,6,0,104,3.21,3.21,0.0,-1315.775614,0.0
2019-02-18,6,0,106,0.0,0.0,0.0,0.0,0.0
2019-02-18,6,0,109,200.0,200.0,0.0,1852.74439,0.0
2019-02-18,6,0,110,338.6,338.6,0.0,-338600.0,0.0
2019-02-18,6,0,111,0.0,0.0,0.0,0.0,0.0
2019-02-18,6,0,113,82.25,82.25,0.0,-21305.527079,0.0
2019-02-18,6,0,115,82.25,82.25,0.0,-21305.527079,0.0
2019-02-18,6,0,116,0.0,0.0,0.0,-0.0,0.0
2019-02-18,6,0,117,3.26,3.26,0.0,-844.45007,0.0
2019-02-18,6,0,119,186.12,186.12,0.0,22739.324131,0.0
2019-02-18,6,0,120,109.44,109.44,0.0,13370.898522,0.0
2019-02-18,6,0,123,0.0,0.0,0.0,0.0,0.0
2019-02-18,6,0,125,174.2,174.2,0.0,1974.355867,0.0
2019-02-18,6,0,126,0.0,0.0,0.0,0.0,0.0
2019-02-18,6,0,127,0.0,0.0,0.0,0.0,0.0
2019-02-18,6,0,128,249.5,249.5,0.0,2827.794425,0.0
2019-02-18,6,0,131,30.0,30.0,0.0,-11133.116953,0.0
2019-02-18,6,0,132,44.1,44.1,0.0,-16365.68192,0.0
2019-02-18,6,0,133,41.94,41.94,0.0,335.751487,0.0
2019-02-18,6,0,134,0.0,0.0,0.0,0.0,0.0
2019-02-18,6,0,135,56.2,56.2,0.0,449.910195,0.0
2019-02-18,6,0,136,45.9,45.9,0.0,200.929647,0.0
2019-02-18,6,0,139,82.39,82.39,0.0,830.885316,0.0
2019-02-18,6,0,140,250.6,250.6,0.0,-250600.0,0.0
2019-02-18,6,0,141,230.0,230.0,0.0,-127687.052413,0.0
2019-02-18,6,0,142,0.0,0.0,0.0,-0.0,0.0
2019-02-18,6,0,143,238.49,238.49,0.0,2708.721091,0.0
2019-02-18,6,0,145,15.23,15.23,0.0,161.140333,0.0
2019-02-18,6,0,146,268.0,268.0,0.0,-268000.0,0.0
2019-02-18,6,0,152,0.0,0.0,0.0,0.0,0.0
2019-02-18,6,0,153,0.0,0.0,0.0,0.0,0.0
2019-02-18,6,0,154,0.0,0.0,0.0,0.0,0.0
2019-02-18,6,0,157,250.0,250.0,0.0,-138790.274362,0.0
2019-02-18,6,0,158,0.0,0.0,0.0,-0.0,0.0
2019-02-18,6,0,159,0.0,0.0,0.0,0.0,0.0
2019-02-18,6,0,160,0.0,0.0,0.0,0.0,0.0
2019-02-18,6,0,161,0.0,0.0,0.0,-0.0,0.0
2019-02-18,6,0,162,41.68,41.68,0.0,2128.593744,0.0
2019-02-18,6,0,163,126.91,126.91,0.0,-126910.0,0.0
2019-02-18,6,0,164,0.0,0.0,0.0,0.0,0.0
2019-02-18,6,0,167,0.0,0.0,0.0,0.0,0.0
2019-02-18,6,0,168,0.0,0.0,0.0,0.0,0.0
2019-02-18,6,0,169,0.0,0.0,0.0,0.0,0.0
2019-02-18,6,0,170,0.0,0.0,0.0,0.0,0.0
2019-02-18,6,0,172,0.0,0.0,0.0,0.0,0.0
2019-02-18,6,0,173,0.0,0.0,0.0,0.0,0.0
2019-02-18,6,0,188,0.0,0.0,0.0,0.0,0.0
2019-02-18,6,0,190,0.0,0.0,0.0,0.0,0.0
2019-02-18,6,0,191,0.0,0.0,0.0,0.0,0.0
2019-02-18,6,0,192,185.19,185.19,0.0,22625.700815,0.0
2019-02-18,6,0,194,176.5,176.5,0.0,-21681.285346,0.0
2019-02-18,6,0,196,0.0,0.0,0.0,0.0,0.0
2019-02-18,6,0,198,0.0,0.0,0.0,0.0,0.0
2019-02-18,6,0,199,33.95,33.95,0.0,-1088.928853,0.0
2019-02-18,6,0,200,0.0,0.0,0.0,-0.0,0.0
2019-02-18,6,0,204,783.22,783.22,0.0,7329.928784,0.0
2019-02-18,6,0,205,1058.0,1058.0,0.0,9801.017826,0.0
2019-02-18,6,0,206,391.72,391.72,0.0,4458.881975,0.0
2019-02-18,6,0,210,0.0,0.0,0.0,0.0,0.0
2019-02-18,6,0,214,0.0,0.0,0.0,0.0,0.0
2019-02-18,6,0,217,0.0,0.0,0.0,0.0,0.0
2019-02-18,6,0,218,0.0,0.0,0.0,0.0,0.0
2019-02-18,6,0,219,0.0,0.0,0.0,0.0,0.0
2019-02-18,6,0,221,0.0,0.0,0.0,0.0,0.0
2019-02-18,6,0,225,0.0,0.0,0.0,0.0,0.0
2019-02-18,6,0,233,0.0,0.0,0.0,0.0,0.0
2019-02-18,6,0,236,159.03,159.03,0.0,1258.443624,0.0
2019-02-18,6,0,237,115.84,115.84,0.0,965.302864,0.0
2019-02-18,6,0,238,0.0,0.0,0.0,0.0,0.0
2019-02-18,6,0,240,0.0,0.0,0.0,0.0,0.0
2019-02-18,6,0,245,78.0,78.0,0.0,529.513397,0.0
2019-02-18,6,0,247,171.72,171.72,0.0,1165.744109,0.0
2019-02-18,6,0,248,11.63,11.63,0.0,96.913608,0.0
2019-02-18,6,0,249,150.0,150.0,0.0,1018.294994,0.0
2019-02-18,6,0,251,181.09,181.09,0.0,960.798336,0.0
2019-02-18,6,0,252,225.98,225.98,0.0,947.655184,0.0
2019-02-18,6,0,254,0.0,0.0,0.0,0.0,0.0
2019-02-18,6,0,255,0.0,0.0,0.0,0.0,0.0
2019-02-18,6,0,258,0.0,0.0,0.0,0.0,0.0
2019-02-18,6,0,260,0.0,0.0,0.0,0.0,0.0
2019-02-18,6,0,265,0.0,0.0,0.0,0.0,0.0
2019-02-18,6,0,266,53.35,53.35,0.0,538.023202,0.0
2019-02-18,6,0,267,65.56,65.56,0.0,661.158409,0.0
2019-02-18,6,0,270,396.33,396.33,0.0,-396330.0,0.0
2019-02-18,6,0,272,290.22,290.22,0.0,-75176.778952,0.0
2019-02-18,6,0,273,0.0,0.0,0.0,-0.0,0.0
2019-02-18,6,0,274,510.91,510.91,0.0,-510910.0,0.0
2019-02-18,6,0,275,711.2,711.2,0.0,-711200.0,0.0
2019-02-18,6,0,276,0.0,0.0,0.0,-0.0,0.0
2019-02-18,6,0,277,0.0,0.0,0.0,-0.0,0.0
2019-02-18,6,0,278,0.0,0.0,0.0,-0.0,0.0
2019-02-18,6,0,279,202.9,202.9,0.0,-55004.976031,0.0
2019-02-18,6,0,281,16.89,16.89,0.0,191.833197,0.0
2019-02-18,6,0,282,0.0,0.0,0.0,0.0,0.0
2019-02-18,7,0,9,0.0,0.0,0.0,0.0,0.0
2019-02-18,7,0,17,0.0,0.0,0.0,0.0,0.0
2019-02-18,7,0,19,643.3,643.3,0.0,359.886571,0.0
2019-02-18,7,0,20,780.2,780.2,0.0,436.473656,0.0
2019-02-18,7,0,21,0.0,0.0,0.0,0.0,0.0
2019-02-18,7,0,22,0.0,0.0,0.0,0.0,0.0
2019-02-18,7,0,23,108.8,108.8,0.0,886.334722,0.0
2019-02-18,7,0,24,192.5,192.5,0.0,1568.193327,0.0
2019-02-18,7,0,29,0.0,0.0,0.0,0.0,0.0
2019-02-18,7,0,30,0.0,0.0,0.0,0.0,0.0
2019-02-18,7,0,31,92.33,92.33,0.0,752.060201,0.0
2019-02-18,7,0,32,0.0,0.0,0.0,0.0,0.0
2019-02-18,7,0,33,0.0,0.0,0.0,0.0,0.0
2019-02-18,7,0,34,0.0,0.0,0.0,0.0,0.0
2019-02-18,7,0,35,0.0,0.0,0.0,0.0,0.0
2019-02-18,7,0,36,0.0,0.0,0.0,0.0,0.0
2019-02-18,7,0,37,0.0,0.0,0.0,0.0,0.0
2019-02-18,7,0,38,0.0,0.0,0.0,0.0,0.0
2019-02-18,7,0,39,0.0,0.0,0.0,0.0,0.0
2019-02-18,7,0,40,0.0,0.0,0.0,0.0,0.0
2019-02-18,7,0,41,39.38,39.38,0.0,323.013826,0.0
2019-02-18,7,0,42,0.0,0.0,0.0,0.0,0.0
2019-02-18,7,0,43,0.0,0.0,0.0,0.0,0.0
2019-02-18,7,0,46,0.0,0.0,0.0,0.0,0.0
2019-02-18,7,0,52,97.87,97.87,0.0,797.185442,0.0
2019-02-18,7,0,53,155.54,155.54,0.0,1266.927798,0.0
2019-02-18,7,0,55,186.9,186.9,0.0,1522.573158,0.0
2019-02-18,7,0,56,0.0,0.0,0.0,0.0,0.0
2019-02-18,7,0,57,0.0,0.0,0.0,0.0,0.0
2019-02-18,7,0,58,0.0,0.0,0.0,0.0,0.0
2019-02-18,7,0,59,0.0,0.0,0.0,0.0,0.0
2019-02-18,7,0,63,170.0,170.0,0.0,19744.735591,0.0
2019-02-18,7,0,64,200.0,200.0,0.0,23229.100696,0.0
2019-02-18,7,0,65,41.4,41.4,0.0,182.227725,0.0
2019-02-18,7,0,67,0.0,0.0,0.0,-0.0,0.0
2019-02-18,7,0,68,8.97,8.97,0.0,-3693.577959,0.0
2019-02-18,7,0,69,0.0,0.0,0.0,0.0,0.0
2019-02-18,7,0,74,36.24,36.24,0.0,299.800398,0.0
2019-02-18,7,0,77,200.0,200.0,0.0,-58241.693439,0.0
2019-02-18,7,0,78,151.2,151.2,0.0,-44030.72024,0.0
2019-02-18,7,0,79,87.5,87.5,0.0,-25480.74088,0.0
2019-02-18,7,0,80,141.5,141.5,0.0,-41205.998108,0.0
2019-02-18,7,0,81,185.0,185.0,0.0,-53873.566431,0.0
2019-02-18,7,0,82,130.5,130.5,0.0,-38002.704969,0.0
2019-02-18,7,0,83,291.0,291.0,0.0,-84741.663954,0.0
2019-02-18,7,0,84,0.0,0.0,0.0,0.0,0.0
2019-02-18,7,0,86,0.0,0.0,0.0,0.0,0.0
2019-02-18,7,0,87,0.0,0.0,0.0,0.0,0.0
2019-02-18,7,0,88,170.6,170.6,0.0,-49680.164504,0.0
2019-02-18,7,0,89,164.0,164.0,0.0,-47758.18862,0.0
2019-02-18,7,0,90,220.2,220.2,0.0,-64124.104476,0.0
2019-02-18,7,0,91,785.5,785.5,0.0,-228744.250982,0.0
2019-02-18,7,0,92,282.5,282.5,0.0,-82266.391983,0.0
2019-02-18,7,0,95,36.0,36.0,0.0,1571.205154,0.0
2019-02-18,7,0,96,20.2,20.2,0.0,164.512677,0.0
2019-02-18,7,0,97,124.21,124.21,0.0,1011.59008,0.0
2019-02-18,7,0,99,6.99,6.99,0.0,57.825739,0.0
2019-02-18,7,0,101,0.0,0.0,0.0,0.0,0.0
2019-02-18,7,0,102,21.23,21.23,0.0,-8741.879607,0.0
2019-02-18,7,0,103,18.46,18.46,0.0,-7601.27638,0.0
2019-02-18,7,0,104,3.43,3.43,0.0,-1412.371505,0.0
2019-02-18,7,0,106,0.0,0.0,0.0,0.0,0.0
2019-02-18,7,0,109,200.0,200.0,0.0,1648.748841,0.0
2019-02-18,7,0,110,297.69,297.69,0.0,-297690.0,0.0
2019-02-18,7,0,111,0.0,0.0,0.0,0.0,0.0
2019-02-18,7,0,113,47.93,47.93,0.0,-12545.751238,0.0
2019-02-18,7,0,115,47.93,47.93,0.0,-12545.751238,0.0
2019-02-18,7,0,116,0.0,0.0,0.0,-0.0,0.0
2019-02-18,7,0,117,1.97,1.97,0.0,-515.650531,0.0
2019-02-18,7,0,119,200.0,200.0,0.0,23229.100696,0.0
2019-02-18,7,0,120,117.6,117.6,0.0,13658.711209,0.0
2019-02-18,7,0,123,0.0,0.0,0.0,0.0,0.0
2019-02-18,7,0,125,174.2,174.2,0.0,1419.11313,0.0
2019-02-18,7,0,126,0.0,0.0,0.0,0.0,0.0
2019-02-18,7,0,127,0.0,0.0,0.0,0.0,0.0
2019-02-18,7,0,128,249.5,249.5,0.0,2032.541481,0.0
2019-02-18,7,0,131,30.0,30.0,0.0,-11192.94264,0.0
2019-02-18,7,0,132,44.1,44.1,0.0,-16453.62568,0.0
2019-02-18,7,0,133,41.94,41.94,0.0,370.872504,0.0
2019-02-18,7,0,134,0.0,0.0,0.0,0.0,0.0
2019-02-18,7,0,135,56.2,56.2,0.0,496.972692,0.0
2019-02-18,7,0,136,45.9,45.9,0.0,211.716723,0.0
2019-02-18,7,0,139,50.86,50.86,0.0,417.178344,0.0
2019-02-18,7,0,140,220.33,220.33,0.0,-220330.0,0.0
2019-02-18,7,0,141,230.0,230.0,0.0,-128011.480268,0.0
2019-02-18,7,0,142,0.0,0.0,0.0,-0.0,0.0
2019-02-18,7,0,143,153.55,153.55,0.0,1250.718551,0.0
2019-02-18,7,0,145,14.34,14.34,0.0,117.327165,0.0
2019-02-18,7,0,146,268.0,268.0,0.0,-268000.0,0.0
2019-02-18,7,0,152,0.0,0.0,0.0,0.0,0.0
2019-02-18,7,0,153,0.0,0.0,0.0,0.0,0.0
2019-02-18,7,0,154,0.0,0.0,0.0,0.0,0.0
2019-02-18,7,0,157,250.0,250.0,0.0,-139142.913335,0.0
2019-02-18,7,0,158,0.0,0.0,0.0,-0.0,0.0
2019-02-18,7,0,159,0.0,0.0,0.0,0.0,0.0
2019-02-18,7,0,160,0.0,0.0,0.0,0.0,0.0
2019-02-18,7,0,161,0.0,0.0,0.0,-0.0,0.0
2019-02-18,7,0,162,38.7,38.7,0.0,1719.918383,0.0
2019-02-18,7,0,163,149.74,149.74,0.0,-149740.0,0.0
2019-02-18,7,0,164,0.0,0.0,0.0,0.0,0.0
2019-02-18,7,0,167,0.0,0.0,0.0,0.0,0.0
2019-02-18,7,0,168,0.0,0.0,0.0,0.0,0.0
2019-02-18,7,0,169,0.0,0.0,0.0,0.0,0.0
2019-02-18,7,0,170,0.0,0.0,0.0,0.0,0.0
2019-02-18,7,0,172,0.0,0.0,0.0,0.0,0.0
2019-02-18,7,0,173,0.0,0.0,0.0,0.0,0.0
2019-02-18,7,0,188,0.0,0.0,0.0,0.0,0.0
2019-02-18,7,0,190,0.0,0.0,0.0,0.0,0.0
2019-02-18,7,0,191,0.0,0.0,0.0,0.0,0.0
2019-02-18,7,0,192,230.25,230.25,0.0,7466.445026,0.0
2019-02-18,7,0,194,176.5,176.5,0.0,-22324.378828,0.0
2019-02-18,7,0,196,0.0,0.0,0.0,0.0,0.0
2019-02-18,7,0,198,0.0,0.0,0.0,0.0,0.0
2019-02-18,7,0,199,37.64,37.64,0.0,-1125.331341,0.0
2019-02-18,7,0,200,0.0,0.0,0.0,-0.0,0.0
2019-02-18,7,0,204,774.67,774.67,0.0,6383.27749,0.0
2019-02-18,7,0,205,1058.0,1058.0,0.0,8721.881369,0.0
2019-02-18,7,0,206,364.98,364.98,0.0,2972.467171,0.0
2019-02-18,7,0,210,0.0,0.0,0.0,0.0,0.0
2019-02-18,7,0,214,0.0,0.0,0.0,0.0,0.0
2019-02-18,7,0,217,0.0,0.0,0.0,0.0,0.0
2019-02-18,7,0,218,0.0,0.0,0.0,0.0,0.0
2019-02-18,7,0,219,0.0,0.0,0.0,0.0,0.0
2019-02-18,7,0,221,0.0,0.0,0.0,0.0,0.0
2019-02-18,7,0,225,0.0,0.0,0.0,0.0,0.0
2019-02-18,7,0,233,0.0,0.0,0.0,0.0,0.0
2019-02-18,7,0,236,138.18,138.18,0.0,1146.085405,0.0
2019-02-18,7,0,237,86.93,86.93,0.0,719.140415,0.0
2019-02-18,7,0,238,0.0,0.0,0.0,0.0,0.0
2019-02-18,7,0,240,0.0,0.0,0.0,0.0,0.0
2019-02-18,7,0,245,78.0,78.0,0.0,589.032587,0.0
2019-02-18,7,0,247,171.72,171.72,0.0,1296.777896,0.0
2019-02-18,7,0,248,8.73,8.73,0.0,72.220129,0.0
2019-02-18,7,0,249,150.0,150.0,0.0,1132.754975,0.0
2019-02-18,7,0,251,271.11,271.11,0.0,1527.494919,0.0
2019-02-18,7,0,252,267.06,267.06,0.0,1175.500874,0.0
2019-02-18,7,0,254,0.0,0.0,0.0,0.0,0.0
2019-02-18,7,0,255,0.0,0.0,0.0,0.0,0.0
2019-02-18,7,0,258,0.0,0.0,0.0,0.0,0.0
2019-02-18,7,0,260,0.0,0.0,0.0,0.0,0.0
2019-02-18,7,0,265,0.0,0.0,0.0,0.0,0.0
2019-02-18,7,0,266,32.93,32.93,0.0,270.107803,0.0
2019-02-18,7,0,267,40.47,40.47,0.0,331.954534,0.0
2019-02-18,7,0,270,467.63,467.63,0.0,-467630.0,0.0
2019-02-18,7,0,272,170.52,170.52,0.0,-44633.872337,0.0
2019-02-18,7,0,273,0.0,0.0,0.0,-0.0,0.0
2019-02-18,7,0,274,602.84,602.84,0.0,-602840.0,0.0
2019-02-18,7,0,275,839.16,839.16,0.0,-839160.0,0.0
2019-02-18,7,0,276,0.0,0.0,0.0,-0.0,0.0
2019-02-18,7,0,277,0.0,0.0,0.0,-0.0,0.0
2019-02-18,7,0,278,0.0,0.0,0.0,-0.0,0.0
2019-02-18,7,0,279,226.46,226.46,0.0,-61950.691217,0.0
2019-02-18,7,0,281,41.4,41.4,0.0,337.217506,0.0
2019-02-18,7,0,282,0.0,0.0,0.0,0.0,0.0
2019-02-18,8,0,9,0.0,0.0,0.0,0.0,0.0
2019-02-18,8,0,17,0.0,0.0,0.0,0.0,0.0
2019-02-18,8,0,19,605.38,605.38,0.0,521.471268,0.0
2019-02-18,8,0,20,753.44,753.44,0.0,649.009403,0.0
2019-02-18,8,0,21,0.0,0.0,0.0,0.0,0.0
2019-02-18,8,0,22,0.0,0.0,0.0,0.0,0.0
2019-02-18,8,0,23,108.8,108.8,0.0,755.063306,0.0
2019-02-18,8,0,24,192.5,192.5,0.0,1335.934618,0.0
2019-02-18,8,0,29,0.0,0.0,0.0,0.0,0.0
2019-02-18,8,0,30,0.0,0.0,0.0,0.0,0.0
2019-02-18,8,0,31,37.5,37.5,0.0,259.902063,0.0
2019-02-18,8,0,32,0.0,0.0,0.0,0.0,0.0
2019-02-18,8,0,33,0.0,0.0,0.0,0.0,0.0
2019-02-18,8,0,34,0.0,0.0,0.0,0.0,0.0
2019-02-18,8,0,35,0.0,0.0,0.0,0.0,0.0
2019-02-18,8,0,36,0.0,0.0,0.0,0.0,0.0
2019-02-18,8,0,37,0.0,0.0,0.0,0.0,0.0
2019-02-18,8,0,38,0.0,0.0,0.0,0.0,0.0
2019-02-18,8,0,39,0.0,0.0,0.0,0.0,0.0
2019-02-18,8,0,40,0.0,0.0,0.0,0.0,0.0
2019-02-18,8,0,41,19.93,19.93,0.0,147.828316,0.0
2019-02-18,8,0,42,0.0,0.0,0.0,0.0,0.0
2019-02-18,8,0,43,0.0,0.0,0.0,0.0,0.0
2019-02-18,8,0,46,0.0,0.0,0.0,0.0,0.0
2019-02-18,8,0,52,39.75,39.75,0.0,275.496187,0.0
2019-02-18,8,0,53,63.15,63.15,0.0,437.675074,0.0
2019-02-18,8,0,55,186.9,186.9,0.0,1297.071066,0.0
2019-02-18,8,0,56,0.0,0.0,0.0,0.0,0.0
2019-02-18,8,0,57,0.0,0.0,0.0,0.0,0.0
2019-02-18,8,0,58,0.0,0.0,0.0,0.0,0.0
2019-02-18,8,0,59,0.0,0.0,0.0,0.0,0.0
2019-02-18,8,0,63,96.01,96.01,0.0,11184.696373,0.0
2019-02-18,8,0,64,112.86,112.86,0.0,13147.639128,0.0
2019-02-18,8,0,65,41.4,41.4,0.0,189.582528,0.0
2019-02-18,8,0,67,0.0,0.0,0.0,-0.0,0.0
2019-02-18,8,0,68,10.2,10.2,0.0,-4195.13368,0.0
2019-02-18,8,0,69,0.0,0.0,0.0,0.0,0.0
2019-02-18,8,0,74,47.32,47.32,0.0,382.176811,0.0
2019-02-18,8,0,77,147.17,147.17,0.0,-42763.905621,0.0
2019-02-18,8,0,78,111.12,111.12,0.0,-32288.681067,0.0
2019-02-18,8,0,79,64.1,64.1,0.0,-18625.850039,0.0
2019-02-18,8,0,80,103.96,103.96,0.0,-30208.1649,0.0
2019-02-18,8,0,81,136.09,136.09,0.0,-39544.33591,0.0
2019-02-18,8,0,82,95.84,95.84,0.0,-27848.696845,0.0
2019-02-18,8,0,83,214.4,214.4,0.0,-62299.255046,0.0
2019-02-18,8,0,84,0.0,0.0,0.0,0.0,0.0
2019-02-18,8,0,86,0.0,0.0,0.0,0.0,0.0
2019-02-18,8,0,87,0.0,0.0,0.0,0.0,0.0
2019-02-18,8,0,88,123.33,123.33,0.0,-35836.600396,0.0
2019-02-18,8,0,89,119.02,119.02,0.0,-34584.222647,0.0
2019-02-18,8,0,90,155.3,155.3,0.0,-45126.279424,0.0
2019-02-18,8,0,91,486.84,486.84,0.0,-141463.476336,0.0
2019-02-18,8,0,92,194.81,194.81,0.0,-56606.893076,0.0
2019-02-18,8,0,95,36.0,36.0,0.0,1579.471757,0.0
2019-02-18,8,0,96,29.88,29.88,0.0,206.80272,0.0
2019-02-18,8,0,97,183.75,183.75,0.0,1271.753675,0.0
2019-02-18,8,0,99,9.13,9.13,0.0,73.737834,0.0
2019-02-18,8,0,101,0.0,0.0,0.0,0.0,0.0
2019-02-18,8,0,102,24.15,24.15,0.0,-9932.595918,0.0
2019-02-18,8,0,103,21.0,21.0,0.0,-8637.039929,0.0
2019-02-18,8,0,104,3.9,3.9,0.0,-1604.021701,0.0
2019-02-18,8,0,106,0.0,0.0,0.0,0.0,0.0
2019-02-18,8,0,109,200.0,200.0,0.0,1547.355781,0.0
2019-02-18,8,0,110,331.83,331.83,0.0,-331830.0,0.0
2019-02-18,8,0,111,0.0,0.0,0.0,0.0,0.0
2019-02-18,8,0,113,138.35,138.35,0.0,-36146.03936,0.0
2019-02-18,8,0,115,138.35,138.35,0.0,-36146.03936,0.0
2019-02-18,8,0,116,0.0,0.0,0.0,-0.0,0.0
2019-02-18,8,0,117,7.16,7.16,0.0,-1870.658777,0.0
2019-02-18,8,0,119,112.86,112.86,0.0,13147.639128,0.0
2019-02-18,8,0,120,66.59,66.59,0.0,7757.409973,0.0
2019-02-18,8,0,123,0.0,0.0,0.0,0.0,0.0
2019-02-18,8,0,125,174.2,174.2,0.0,1208.934081,0.0
2019-02-18,8,0,126,0.0,0.0,0.0,0.0,0.0
2019-02-18,8,0,127,0.0,0.0,0.0,0.0,0.0
2019-02-18,8,0,128,249.5,249.5,0.0,1731.510064,0.0
2019-02-18,8,0,131,30.0,30.0,0.0,-11177.515931,0.0
2019-02-18,8,0,132,44.1,44.1,0.0,-16430.948419,0.0
2019-02-18,8,0,133,41.94,41.94,0.0,373.153804,0.0
2019-02-18,8,0,134,0.0,0.0,0.0,0.0,0.0
2019-02-18,8,0,135,56.2,56.2,0.0,500.029656,0.0
2019-02-18,8,0,136,45.9,45.9,0.0,219.557737,0.0
2019-02-18,8,0,139,25.74,25.74,0.0,190.923275,0.0
2019-02-18,8,0,140,245.59,245.59,0.0,-245590.0,0.0
2019-02-18,8,0,141,230.0,230.0,0.0,-127927.822995,0.0
2019-02-18,8,0,142,0.0,0.0,0.0,-0.0,0.0
2019-02-18,8,0,143,71.55,71.55,0.0,495.893136,0.0
2019-02-18,8,0,145,23.33,23.33,0.0,168.672576,0.0
2019-02-18,8,0,146,268.0,268.0,0.0,-268000.0,0.0
2019-02-18,8,0,152,0.0,0.0,0.0,0.0,0.0
2019-02-18,8,0,153,0.0,0.0,0.0,0.0,0.0
2019-02-18,8,0,154,0.0,0.0,0.0,0.0,0.0
2019-02-18,8,0,157,250.0,250.0,0.0,-139051.981516,0.0
2019-02-18,8,0,158,0.0,0.0,0.0,-0.0,0.0
2019-02-18,8,0,159,0.0,0.0,0.0,0.0,0.0
2019-02-18,8,0,160,0.0,0.0,0.0,0.0,0.0
2019-02-18,8,0,161,0.0,0.0,0.0,-0.0,0.0
2019-02-18,8,0,162,48.75,48.75,0.0,2177.85179,0.0
2019-02-18,8,0,163,185.4,185.4,0.0,-185400.0,0.0
2019-02-18,8,0,164,0.0,0.0,0.0,0.0,0.0
2019-02-18,8,0,167,0.0,0.0,0.0,0.0,0.0
2019-02-18,8,0,168,0.0,0.0,0.0,0.0,0.0
2019-02-18,8,0,169,0.0,0.0,0.0,0.0,0.0
2019-02-18,8,0,170,0.0,0.0,0.0,0.0,0.0
2019-02-18,8,0,172,0.0,0.0,0.0,0.0,0.0
2019-02-18,8,0,173,0.0,0.0,0.0,0.0,0.0
2019-02-18,8,0,188,0.0,0.0,0.0,0.0,0.0
2019-02-18,8,0,190,0.0,0.0,0.0,0.0,0.0
2019-02-18,8,0,191,0.0,0.0,0.0,0.0,0.0
2019-02-18,8,0,192,294.64,294.64,0.0,9554.455429,0.0
2019-02-18,8,0,194,176.5,176.5,0.0,-22247.18067,0.0
2019-02-18,8,0,196,0.0,0.0,0.0,0.0,0.0
2019-02-18,8,0,198,0.0,0.0,0.0,0.0,0.0
2019-02-18,8,0,199,39.0,39.0,0.0,-1125.717516,0.0
2019-02-18,8,0,200,0.0,0.0,0.0,-0.0,0.0
2019-02-18,8,0,204,856.99,856.99,0.0,6599.774922,0.0
2019-02-18,8,0,205,1058.0,1058.0,0.0,8185.512082,0.0
2019-02-18,8,0,206,539.94,539.94,0.0,3736.983289,0.0
2019-02-18,8,0,210,0.0,0.0,0.0,0.0,0.0
2019-02-18,8,0,214,0.0,0.0,0.0,0.0,0.0
2019-02-18,8,0,217,0.0,0.0,0.0,0.0,0.0
2019-02-18,8,0,218,0.0,0.0,0.0,0.0,0.0
2019-02-18,8,0,219,0.0,0.0,0.0,0.0,0.0
2019-02-18,8,0,221,0.0,0.0,0.0,0.0,0.0
2019-02-18,8,0,225,0.0,0.0,0.0,0.0,0.0
2019-02-18,8,0,233,0.0,0.0,0.0,0.0,0.0
2019-02-18,8,0,236,159.03,159.03,0.0,1310.449613,0.0
2019-02-18,8,0,237,113.52,113.52,0.0,916.836677,0.0
2019-02-18,8,0,238,0.0,0.0,0.0,0.0,0.0
2019-02-18,8,0,240,0.0,0.0,0.0,0.0,0.0
2019-02-18,8,0,245,78.0,78.0,0.0,598.833155,0.0
2019-02-18,8,0,247,171.72,171.72,0.0,1318.354223,0.0
2019-02-18,8,0,248,11.4,11.4,0.0,92.071337,0.0
2019-02-18,8,0,249,150.0,150.0,0.0,1151.602221,0.0
2019-02-18,8,0,251,297.14,297.14,0.0,1711.528494,0.0
2019-02-18,8,0,252,267.06,267.06,0.0,1222.944685,0.0
2019-02-18,8,0,254,0.0,0.0,0.0,0.0,0.0
2019-02-18,8,0,255,0.0,0.0,0.0,0.0,0.0
2019-02-18,8,0,258,0.0,0.0,0.0,0.0,0.0
2019-02-18,8,0,260,0.0,0.0,0.0,0.0,0.0
2019-02-18,8,0,265,0.0,0.0,0.0,0.0,0.0
2019-02-18,8,0,266,16.67,16.67,0.0,123.647669,0.0
2019-02-18,8,0,267,20.48,20.48,0.0,151.907874,0.0
2019-02-18,8,0,270,579.0,579.0,0.0,-579000.0,0.0
2019-02-18,8,0,272,478.97,478.97,0.0,-125138.189176,0.0
2019-02-18,8,0,273,0.0,0.0,0.0,-0.0,0.0
2019-02-18,8,0,274,746.4,746.4,0.0,-746400.0,0.0
2019-02-18,8,0,275,1039.0,1039.0,0.0,-1039000.0,0.0
2019-02-18,8,0,276,0.0,0.0,0.0,-0.0,0.0
2019-02-18,8,0,277,0.0,0.0,0.0,-0.0,0.0
2019-02-18,8,0,278,0.0,0.0,0.0,-0.0,0.0
2019-02-18,8,0,279,264.6,264.6,0.0,-72240.012581,0.0
2019-02-18,8,0,281,16.83,16.83,0.0,116.644046,0.0
2019-02-18,8,0,282,0.0,0.0,0.0,0.0,0.0
2019-02-18,9,0,9,0.53,0.53,0.0,2.985303,0.0
2019-02-18,9,0,17,10.04,10.04,0.0,87.104296,0.0
2019-02-18,9,0,19,475.02,475.02,0.0,4121.143691,0.0
2019-02-18,9,0,20,589.85,589.85,0.0,5117.377387,0.0
2019-02-18,9,0,21,12.16,12.16,0.0,68.492993,0.0
2019-02-18,9,0,22,43.22,43.22,0.0,243.443021,0.0
2019-02-18,9,0,23,108.8,108.8,0.0,612.832039,0.0
2019-02-18,9,0,24,192.5,192.5,0.0,1084.284627,0.0
2019-02-18,9,0,29,2.38,2.38,0.0,18.570249,0.0
2019-02-18,9,0,30,90.76,90.76,0.0,509.592008,0.0
2019-02-18,9,0,31,49.31,49.31,0.0,276.861855,0.0
2019-02-18,9,0,32,1.42,1.42,0.0,62.830128,0.0
2019-02-18,9,0,33,0.66,0.66,0.0,6.12669,0.0
2019-02-18,9,0,34,1.05,1.05,0.0,9.747006,0.0
2019-02-18,9,0,35,1.05,1.05,0.0,9.747006,0.0
2019-02-18,9,0,36,2.35,2.35,0.0,18.022867,0.0
2019-02-18,9,0,37,1.12,1.12,0.0,8.563701,0.0
2019-02-18,9,0,38,1.44,1.44,0.0,11.010473,0.0
2019-02-18,9,0,39,0.96,0.96,0.0,7.340315,0.0
2019-02-18,9,0,40,0.96,0.96,0.0,7.340315,0.0
2019-02-18,9,0,41,24.45,24.45,0.0,160.959277,0.0
2019-02-18,9,0,42,9.76,9.76,0.0,83.390619,0.0
2019-02-18,9,0,43,7.41,7.41,0.0,57.372583,0.0
2019-02-18,9,0,46,6.5,6.5,0.0,48.385055,0.0
2019-02-18,9,0,52,52.32,52.32,0.0,293.762163,0.0
2019-02-18,9,0,53,83.57,83.57,0.0,469.22217,0.0
2019-02-18,9,0,55,186.9,186.9,0.0,1052.741802,0.0
2019-02-18,9,0,56,26.77,26.77,0.0,150.306061,0.0
2019-02-18,9,0,57,25.46,25.46,0.0,142.950777,0.0
2019-02-18,9,0,58,48.97,48.97,0.0,274.95285,0.0
2019-02-18,9,0,59,48.15,48.15,0.0,270.348779,0.0
2019-02-18,9,0,63,51.0,51.0,0.0,6132.812247,0.0
2019-02-18,9,0,64,60.0,60.0,0.0,7215.073231,0.0
2019-02-18,9,0,65,41.4,41.4,0.0,358.162964,0.0
2019-02-18,9,0,67,52.99,52.99,0.0,-29388.950116,0.0
2019-02-18,9,0,68,19.12,19.12,0.0,-7823.369555,0.0
2019-02-18,9,0,69,0.66,0.66,0.0,6.12669,0.0
2019-02-18,9,0,74,60.64,60.64,0.0,483.287807,0.0
2019-02-18,9,0,77,60.0,60.0,0.0,-17278.182023,0.0
2019-02-18,9,0,78,45.36,45.36,0.0,-13062.305609,0.0
2019-02-18,9,0,79,26.25,26.25,0.0,-7559.204635,0.0
2019-02-18,9,0,80,42.45,42.45,0.0,-12224.313781,0.0
2019-02-18,9,0,81,55.5,55.5,0.0,-15982.318371,0.0
2019-02-18,9,0,82,39.15,39.15,0.0,-11274.01377,0.0
2019-02-18,9,0,83,87.3,87.3,0.0,-25139.754844,0.0
2019-02-18,9,0,84,0.0,0.0,0.0,0.0,0.0
2019-02-18,9,0,86,3.33,3.33,0.0,30.911934,0.0
2019-02-18,9,0,87,17.0,17.0,0.0,157.808673,0.0
2019-02-18,9,0,88,155.83,155.83,0.0,-44874.318411,0.0
2019-02-18,9,0,89,148.85,148.85,0.0,-42864.289902,0.0
2019-02-18,9,0,90,208.93,208.93,0.0,-60165.509501,0.0
2019-02-18,9,0,91,785.09,785.09,0.0,-226082.132075,0.0
2019-02-18,9,0,92,276.23,276.23,0.0,-79545.870337,0.0
2019-02-18,9,0,95,36.0,36.0,0.0,1706.337432,0.0
2019-02-18,9,0,96,29.88,29.88,0.0,167.208019,0.0
2019-02-18,9,0,97,183.75,183.75,0.0,1028.262163,0.0
2019-02-18,9,0,99,11.7,11.7,0.0,93.246493,0.0
2019-02-18,9,0,101,1.83,1.83,0.0,10.274938,0.0
2019-02-18,9,0,102,45.2,45.2,0.0,-18494.576563,0.0
2019-02-18,9,0,103,39.31,39.31,0.0,-16084.553201,0.0
2019-02-18,9,0,104,7.33,7.33,0.0,-2999.231111,0.0
2019-02-18,9,0,106,42.54,42.54,0.0,239.612821,0.0
2019-02-18,9,0,109,186.24,186.24,0.0,1335.301295,0.0
2019-02-18,9,0,110,338.6,338.6,0.0,-338600.0,0.0
2019-02-18,9,0,111,3.6,3.6,0.0,23.699525,0.0
2019-02-18,9,0,113,84.3,84.3,0.0,-21811.616307,0.0
2019-02-18,9,0,115,84.3,84.3,0.0,-21811.616307,0.0
2019-02-18,9,0,116,24.46,24.46,0.0,-24460.0,0.0
2019-02-18,9,0,117,5.73,5.73,0.0,-1482.568938,0.0
2019-02-18,9,0,119,60.0,60.0,0.0,7215.073231,0.0
2019-02-18,9,0,120,35.28,35.28,0.0,4242.46306,0.0
2019-02-18,9,0,123,0.71,0.71,0.0,3.99918,0.0
2019-02-18,9,0,125,174.2,174.2,0.0,981.207179,0.0
2019-02-18,9,0,126,31.91,31.91,0.0,179.737779,0.0
2019-02-18,9,0,127,40.95,40.95,0.0,230.656912,0.0
2019-02-18,9,0,128,249.5,249.5,0.0,1405.34553,0.0
2019-02-18,9,0,131,30.0,30.0,0.0,-11109.876381,0.0
2019-02-18,9,0,132,44.1,44.1,0.0,-16331.51828,0.0
2019-02-18,9,0,133,41.94,41.94,0.0,363.956578,0.0
2019-02-18,9,0,134,0.0,0.0,0.0,0.0,0.0
2019-02-18,9,0,135,56.2,56.2,0.0,487.705286,0.0
2019-02-18,9,0,136,45.9,45.9,0.0,397.032118,0.0
2019-02-18,9,0,139,31.58,31.58,0.0,207.897503,0.0
2019-02-18,9,0,140,250.6,250.6,0.0,-250600.0,0.0
2019-02-18,9,0,141,230.0,230.0,0.0,-127561.021451,0.0
2019-02-18,9,0,142,69.88,69.88,0.0,-38756.365996,0.0
2019-02-18,9,0,143,133.82,133.82,0.0,751.361861,0.0
2019-02-18,9,0,145,30.0,30.0,0.0,185.767533,0.0
2019-02-18,9,0,146,268.0,268.0,0.0,-268000.0,0.0
2019-02-18,9,0,152,1.71,1.71,0.0,13.642189,0.0
2019-02-18,9,0,153,2.14,2.14,0.0,17.005054,0.0
2019-02-18,9,0,154,14.83,14.83,0.0,97.628878,0.0
2019-02-18,9,0,157,250.0,250.0,0.0,-138653.284186,0.0
2019-02-18,9,0,158,33.29,33.29,0.0,-18463.071322,0.0
2019-02-18,9,0,159,0.0,0.0,0.0,0.0,0.0
2019-02-18,9,0,160,0.6,0.6,0.0,4.844546,0.0
2019-02-18,9,0,161,11.27,11.27,0.0,-4611.368979,0.0
2019-02-18,9,0,162,48.75,48.75,0.0,2349.765325,0.0
2019-02-18,9,0,163,185.4,185.4,0.0,-185400.0,0.0
2019-02-18,9,0,164,3.11,3.11,0.0,17.46178,0.0
2019-02-18,9,0,167,1.66,1.66,0.0,75.107829,0.0
2019-02-18,9,0,168,0.83,0.83,0.0,37.553914,0.0
2019-02-18,9,0,169,0.0,0.0,0.0,0.0,0.0
2019-02-18,9,0,170,1.81,1.81,0.0,81.894681,0.0
2019-02-18,9,0,172,2.17,2.17,0.0,55.545175,0.0
2019-02-18,9,0,173,3.31,3.31,0.0,84.725589,0.0
2019-02-18,9,0,188,2.88,2.88,0.0,89.937429,0.0
2019-02-18,9,0,190,2.14,2.14,0.0,69.394972,0.0
2019-02-18,9,0,191,5.54,5.54,0.0,179.648666,0.0
2019-02-18,9,0,192,332.6,332.6,0.0,10785.405497,0.0
2019-02-18,9,0,194,130.37,130.37,0.0,-16062.150368,0.0
2019-02-18,9,0,196,1.36,1.36,0.0,371.940825,0.0
2019-02-18,9,0,198,2.72,2.72,0.0,23.198049,0.0
2019-02-18,9,0,199,39.0,39.0,0.0,-1095.982373,0.0
2019-02-18,9,0,200,5.07,5.07,0.0,-142.477709,0.0
2019-02-18,9,0,204,480.72,480.72,0.0,3409.030446,0.0
2019-02-18,9,0,205,1048.92,1048.92,0.0,7520.533903,0.0
2019-02-18,9,0,206,539.94,539.94,0.0,3021.495905,0.0
2019-02-18,9,0,210,0.74,0.74,0.0,5.903187,0.0
2019-02-18,9,0,214,3.85,3.85,0.0,37.123106,0.0
2019-02-18,9,0,217,2.67,2.67,0.0,23.814933,0.0
2019-02-18,9,0,218,3.68,3.68,0.0,32.823578,0.0
2019-02-18,9,0,219,2.51,2.51,0.0,22.387821,0.0
2019-02-18,9,0,221,2.05,2.05,0.0,19.766849,0.0
2019-02-18,9,0,225,2.11,2.11,0.0,16.427951,0.0
2019-02-18,9,0,233,1.88,1.88,0.0,17.451783,0.0
2019-02-18,9,0,236,159.03,159.03,0.0,1326.343489,0.0
2019-02-18,9,0,237,145.47,145.47,0.0,1159.364731,0.0
2019-02-18,9,0,238,12.71,12.71,0.0,108.595775,0.0
2019-02-18,9,0,240,2.67,2.67,0.0,20.477044,0.0
2019-02-18,9,0,245,78.0,78.0,0.0,683.718895,0.0
2019-02-18,9,0,247,171.72,171.72,0.0,1505.233443,0.0
2019-02-18,9,0,248,14.6,14.6,0.0,116.358872,0.0
2019-02-18,9,0,249,150.0,150.0,0.0,1314.844028,0.0
2019-02-18,9,0,251,325.38,325.38,0.0,2801.892989,0.0
2019-02-18,9,0,252,267.06,267.06,0.0,2310.410654,0.0
2019-02-18,9,0,254,4.06,4.06,0.0,31.772799,0.0
2019-02-18,9,0,255,1.86,1.86,0.0,14.556012,0.0
2019-02-18,9,0,258,3.31,3.31,0.0,25.424577,0.0
2019-02-18,9,0,260,1.46,1.46,0.0,11.788395,0.0
2019-02-18,9,0,265,15.36,15.36,0.0,101.117975,0.0
2019-02-18,9,0,266,20.45,20.45,0.0,134.626471,0.0
2019-02-18,9,0,267,25.13,25.13,0.0,165.435854,0.0
2019-02-18,9,0,270,579.0,579.0,0.0,-579000.0,0.0
2019-02-18,9,0,272,281.31,281.31,0.0,-72785.596482,0.0
2019-02-18,9,0,273,5.85,5.85,0.0,-5850.0,0.0
2019-02-18,9,0,274,746.4,746.4,0.0,-746400.0,0.0
2019-02-18,9,0,275,1039.0,1039.0,0.0,-1039000.0,0.0
2019-02-18,9,0,276,1.31,1.31,0.0,-1179.726414,0.0
2019-02-18,9,0,277,1.67,1.67,0.0,-451.663993,0.0
2019-02-18,9,0,278,2.67,2.67,0.0,-722.121474,0.0
2019-02-18,9,0,279,264.6,264.6,0.0,-71563.049493,0.0
2019-02-18,9,0,281,21.97,21.97,0.0,123.355403,0.0
2019-02-18,9,0,282,49.78,49.78,0.0,279.500773,0.0
2019-02-18,10,0,9,1.66,1.66,0.0,-27.68531,0.0
2019-02-18,10,0,17,13.68,13.68,0.0,57.113476,0.0
2019-02-18,10,0,19,349.46,349.46,0.0,1458.982104,0.0
2019-02-18,10,0,20,433.01,433.01,0.0,1807.800151,0.0
2019-02-18,10,0,21,37.95,37.95,0.0,-632.926223,0.0
2019-02-18,10,0,22,134.87,134.87,0.0,-2249.348083,0.0
2019-02-18,10,0,23,108.8,108.8,0.0,-1814.555286,0.0
2019-02-18,10,0,24,192.5,192.5,0.0,-3210.495336,0.0
2019-02-18,10,0,29,4.45,4.45,0.0,24.294109,0.0
2019-02-18,10,0,30,293.13,293.13,0.0,-4926.716903,0.0
2019-02-18,10,0,31,103.87,103.87,0.0,-1745.77179,0.0
2019-02-18,10,0,32,3.15,3.15,0.0,133.707941,0.0
2019-02-18,10,0,33,1.45,1.45,0.0,11.592158,0.0
2019-02-18,10,0,34,2.33,2.33,0.0,18.627399,0.0
2019-02-18,10,0,35,2.33,2.33,0.0,18.627399,0.0
2019-02-18,10,0,36,5.52,5.52,0.0,-9.919877,0.0
2019-02-18,10,0,37,2.65,2.65,0.0,-4.994289,0.0
2019-02-18,10,0,38,3.41,3.41,0.0,-6.426613,0.0
2019-02-18,10,0,39,2.27,2.27,0.0,-4.278127,0.0
2019-02-18,10,0,40,2.27,2.27,0.0,-4.278127,0.0
2019-02-18,10,0,41,29.51,29.51,0.0,-292.26603,0.0
2019-02-18,10,0,42,21.54,21.54,0.0,72.094375,0.0
2019-02-18,10,0,43,16.8,16.8,0.0,-15.786179,0.0
2019-02-18,10,0,46,14.64,14.64,0.0,-48.0359,0.0
2019-02-18,10,0,52,110.17,110.17,0.0,-1851.65763,0.0
2019-02-18,10,0,53,175.67,175.67,0.0,-2952.534228,0.0
2019-02-18,10,0,55,186.9,186.9,0.0,-3117.099108,0.0
2019-02-18,10,0,56,86.46,86.46,0.0,-1453.157109,0.0
2019-02-18,10,0,57,82.24,82.24,0.0,-1382.230403,0.0
2019-02-18,10,0,58,158.16,158.16,0.0,-2658.23882,0.0
2019-02-18,10,0,59,155.53,155.53,0.0,-2614.035684,0.0
2019-02-18,10,0,63,51.0,51.0,0.0,6075.701701,0.0
2019-02-18,10,0,64,60.0,60.0,0.0,7147.884355,0.0
2019-02-18,10,0,65,41.4,41.4,0.0,166.475934,0.0
2019-02-18,10,0,67,175.76,175.76,0.0,-97128.182375,0.0
2019-02-18,10,0,68,34.0,34.0,0.0,-13821.874528,0.0
2019-02-18,10,0,69,1.45,1.45,0.0,11.592158,0.0
2019-02-18,10,0,74,106.28,106.28,0.0,-33.935151,0.0
2019-02-18,10,0,77,60.0,60.0,0.0,-17043.733322,0.0
2019-02-18,10,0,78,45.36,45.36,0.0,-12885.062391,0.0
2019-02-18,10,0,79,26.25,26.25,0.0,-7456.633328,0.0
2019-02-18,10,0,80,42.45,42.45,0.0,-12058.441325,0.0
2019-02-18,10,0,81,55.5,55.5,0.0,-15765.453323,0.0
2019-02-18,10,0,82,39.15,39.15,0.0,-11121.035993,0.0
2019-02-18,10,0,83,87.3,87.3,0.0,-24798.631984,0.0
2019-02-18,10,0,84,0.0,0.0,0.0,0.0,0.0
2019-02-18,10,0,86,7.36,7.36,0.0,58.840195,0.0
2019-02-18,10,0,87,37.59,37.59,0.0,300.516703,0.0
2019-02-18,10,0,88,103.48,103.48,0.0,-29394.758736,0.0
2019-02-18,10,0,89,99.0,99.0,0.0,-28122.159981,0.0
2019-02-18,10,0,90,137.47,137.47,0.0,-39050.033663,0.0
2019-02-18,10,0,91,509.29,509.29,0.0,-144670.049059,0.0
2019-02-18,10,0,92,180.45,180.45,0.0,-51259.027966,0.0
2019-02-18,10,0,95,88.65,88.65,0.0,4039.210669,0.0
2019-02-18,10,0,96,29.88,29.88,0.0,-506.241587,0.0
2019-02-18,10,0,97,183.75,183.75,0.0,-3113.182449,0.0
2019-02-18,10,0,99,21.85,21.85,0.0,-6.976694,0.0
2019-02-18,10,0,101,5.9,5.9,0.0,-99.16293,0.0
2019-02-18,10,0,102,80.5,80.5,0.0,-32725.320573,0.0
2019-02-18,10,0,103,70.0,70.0,0.0,-28456.800498,0.0
2019-02-18,10,0,104,13.0,13.0,0.0,-5284.834378,0.0
2019-02-18,10,0,106,132.77,132.77,0.0,-2214.324498,0.0
2019-02-18,10,0,109,171.07,171.07,0.0,-943.763542,0.0
2019-02-18,10,0,110,338.6,338.6,0.0,-338600.0,0.0
2019-02-18,10,0,111,9.31,9.31,0.0,-92.205922,0.0
2019-02-18,10,0,113,150.0,150.0,0.0,-38558.79391,0.0
2019-02-18,10,0,115,150.0,150.0,0.0,-38558.79391,0.0
2019-02-18,10,0,116,70.56,70.56,0.0,-70560.0,0.0
2019-02-18,10,0,117,10.0,10.0,0.0,-2570.586261,0.0
2019-02-18,10,0,119,60.0,60.0,0.0,7147.884355,0.0
2019-02-18,10,0,120,35.28,35.28,0.0,4202.956001,0.0
2019-02-18,10,0,123,2.21,2.21,0.0,-36.858154,0.0
2019-02-18,10,0,125,174.2,174.2,0.0,-2905.289806,0.0
2019-02-18,10,0,126,99.57,99.57,0.0,-1660.618289,0.0
2019-02-18,10,0,127,127.79,127.79,0.0,-2131.268566,0.0
2019-02-18,10,0,128,249.5,249.5,0.0,-4161.135514,0.0
2019-02-18,10,0,131,40.31,40.31,0.0,-14814.284108,0.0
2019-02-18,10,0,132,65.03,65.03,0.0,-23899.10433,0.0
2019-02-18,10,0,133,41.94,41.94,0.0,175.705631,0.0
2019-02-18,10,0,134,0.0,0.0,0.0,0.0,0.0
2019-02-18,10,0,135,56.2,56.2,0.0,235.447221,0.0
2019-02-18,10,0,136,45.9,45.9,0.0,184.183586,0.0
2019-02-18,10,0,139,38.1,38.1,0.0,-377.341097,0.0
2019-02-18,10,0,140,250.6,250.6,0.0,-250600.0,0.0
2019-02-18,10,0,141,230.0,230.0,0.0,-127102.195871,0.0
2019-02-18,10,0,142,231.78,231.78,0.0,-128085.856343,0.0
2019-02-18,10,0,143,238.5,238.5,0.0,-4008.535399,0.0
2019-02-18,10,0,145,56.19,56.19,0.0,-708.880736,0.0
2019-02-18,10,0,146,268.0,268.0,0.0,-268000.0,0.0
2019-02-18,10,0,152,4.13,4.13,0.0,-0.754674,0.0
2019-02-18,10,0,153,5.15,5.15,0.0,-1.953983,0.0
2019-02-18,10,0,154,38.39,38.39,0.0,-380.213247,0.0
2019-02-18,10,0,157,250.0,250.0,0.0,-138154.560729,0.0
2019-02-18,10,0,158,155.31,155.31,0.0,-85827.139307,0.0
2019-02-18,10,0,159,0.0,0.0,0.0,0.0,0.0
2019-02-18,10,0,160,1.32,1.32,0.0,2.694677,0.0
2019-02-18,10,0,161,34.38,34.38,0.0,-13976.354302,0.0
2019-02-18,10,0,162,91.77,91.77,0.0,4256.0973,0.0
2019-02-18,10,0,163,104.02,104.02,0.0,-104020.0,0.0
2019-02-18,10,0,164,10.8,10.8,0.0,-181.518584,0.0
2019-02-18,10,0,167,3.62,3.62,0.0,157.095388,0.0
2019-02-18,10,0,168,1.81,1.81,0.0,78.547694,0.0
2019-02-18,10,0,169,0.0,0.0,0.0,0.0,0.0
2019-02-18,10,0,170,3.96,3.96,0.0,171.850203,0.0
2019-02-18,10,0,172,4.69,4.69,0.0,105.386774,0.0
2019-02-18,10,0,173,7.14,7.14,0.0,160.439566,0.0
2019-02-18,10,0,188,6.39,6.39,0.0,186.413296,0.0
2019-02-18,10,0,190,5.83,5.83,0.0,189.052658,0.0
2019-02-18,10,0,191,15.05,15.05,0.0,488.034735,0.0
2019-02-18,10,0,192,332.6,332.6,0.0,10785.405497,0.0
2019-02-18,10,0,194,52.95,52.95,0.0,-6519.143011,0.0
2019-02-18,10,0,196,3.73,3.73,0.0,1018.15754,0.0
2019-02-18,10,0,198,5.81,5.81,0.0,39.977089,0.0
2019-02-18,10,0,199,39.0,39.0,0.0,-1348.408596,0.0
2019-02-18,10,0,200,10.87,10.87,0.0,-375.825678,0.0
2019-02-18,10,0,204,257.1,257.1,0.0,-1553.611928,0.0
2019-02-18,10,0,205,1010.31,1010.31,0.0,-5573.705175,0.0
2019-02-18,10,0,206,539.94,539.94,0.0,-9147.92779,0.0
2019-02-18,10,0,210,1.6,1.6,0.0,9.668183,0.0
2019-02-18,10,0,214,8.7,8.7,0.0,89.213136,0.0
2019-02-18,10,0,217,5.64,5.64,0.0,48.834348,0.0
2019-02-18,10,0,218,7.78,7.78,0.0,67.363693,0.0
2019-02-18,10,0,219,5.3,5.3,0.0,45.890434,0.0
2019-02-18,10,0,221,4.64,4.64,0.0,47.580339,0.0
2019-02-18,10,0,225,3.53,3.53,0.0,19.07267,0.0
2019-02-18,10,0,233,4.17,4.17,0.0,33.337448,0.0
2019-02-18,10,0,236,159.03,159.03,0.0,329.561001,0.0
2019-02-18,10,0,237,248.36,248.36,0.0,-79.301223,0.0
2019-02-18,10,0,238,28.04,28.04,0.0,93.849874,0.0
2019-02-18,10,0,240,6.26,6.26,0.0,-11.249715,0.0
2019-02-18,10,0,245,78.0,78.0,0.0,369.762396,0.0
2019-02-18,10,0,247,171.72,171.72,0.0,814.046137,0.0
2019-02-18,10,0,248,27.11,27.11,0.0,-8.656209,0.0
2019-02-18,10,0,249,150.0,150.0,0.0,711.081531,0.0
2019-02-18,10,0,251,326.4,326.4,0.0,1230.083262,0.0
2019-02-18,10,0,252,267.06,267.06,0.0,1073.890407,0.0
2019-02-18,10,0,254,9.34,9.34,0.0,-1.789507,0.0
2019-02-18,10,0,255,4.28,4.28,0.0,-0.820031,0.0
2019-02-18,10,0,258,7.68,7.68,0.0,-12.738032,0.0
2019-02-18,10,0,260,3.2,3.2,0.0,6.532551,0.0
2019-02-18,10,0,265,39.75,39.75,0.0,-393.68264,0.0
2019-02-18,10,0,266,24.67,24.67,0.0,-244.330836,0.0
2019-02-18,10,0,267,30.32,30.32,0.0,-300.288243,0.0
2019-02-18,10,0,270,324.69,324.69,0.0,-324690.0,0.0
2019-02-18,10,0,272,501.3,501.3,0.0,-128863.489248,0.0
2019-02-18,10,0,273,16.87,16.87,0.0,-16870.0,0.0
2019-02-18,10,0,274,418.54,418.54,0.0,-418540.0,0.0
2019-02-18,10,0,275,582.57,582.57,0.0,-582570.0,0.0
2019-02-18,10,0,276,3.73,3.73,0.0,-3357.406932,0.0
2019-02-18,10,0,277,4.51,4.51,0.0,-1208.160464,0.0
2019-02-18,10,0,278,7.21,7.21,0.0,-1931.449433,0.0
2019-02-18,10,0,279,264.6,264.6,0.0,-70882.318997,0.0
2019-02-18,10,0,281,46.3,46.3,0.0,-778.176893,0.0
2019-02-18,10,0,282,160.8,160.8,0.0,-2702.61003,0.0
2019-02-18,11,0,9,2.57,2.57,0.0,-114.091698,0.0
2019-02-18,11,0,17,21.14,21.14,0.0,-19.583044,0.0
2019-02-18,11,0,19,192.99,192.99,0.0,-178.776328,0.0
2019-02-18,11,0,20,234.06,234.06,0.0,-216.821532,0.0
2019-02-18,11,0,21,58.79,58.79,0.0,-2609.903085,0.0
2019-02-18,11,0,22,208.93,208.93,0.0,-9275.166723,0.0
2019-02-18,11,0,23,61.07,61.07,0.0,-2711.120623,0.0
2019-02-18,11,0,24,108.0,108.0,0.0,-4794.514938,0.0
2019-02-18,11,0,29,6.64,6.64,0.0,29.862568,0.0
2019-02-18,11,0,30,459.2,459.2,0.0,-20510.033993,0.0
2019-02-18,11,0,31,119.91,119.91,0.0,-5355.745157,0.0
2019-02-18,11,0,32,4.89,4.89,0.0,258.999893,0.0
2019-02-18,11,0,33,2.26,2.26,0.0,15.739457,0.0
2019-02-18,11,0,34,3.62,3.62,0.0,25.210988,0.0
2019-02-18,11,0,35,3.62,3.62,0.0,25.210988,0.0
2019-02-18,11,0,36,8.53,8.53,0.0,-112.440166,0.0
2019-02-18,11,0,37,4.17,4.17,0.0,-55.666997,0.0
2019-02-18,11,0,38,5.36,5.36,0.0,-71.552783,0.0
2019-02-18,11,0,39,3.57,3.57,0.0,-47.657357,0.0
2019-02-18,11,0,40,3.57,3.57,0.0,-47.657357,0.0
2019-02-18,11,0,41,24.64,24.64,0.0,-744.600435,0.0
2019-02-18,11,0,42,33.86,33.86,0.0,-89.281366,0.0
2019-02-18,11,0,43,26.31,26.31,0.0,-297.834719,0.0
2019-02-18,11,0,46,22.87,22.87,0.0,-371.923544,0.0
2019-02-18,11,0,52,127.48,127.48,0.0,-5693.856998,0.0
2019-02-18,11,0,53,207.62,207.62,0.0,-9273.286711,0.0
2019-02-18,11,0,55,460.54,460.54,0.0,-20445.054719,0.0
2019-02-18,11,0,56,135.45,135.45,0.0,-6049.834722,0.0
2019-02-18,11,0,57,128.84,128.84,0.0,-5754.601001,0.0
2019-02-18,11,0,58,247.77,247.77,0.0,-11066.574744,0.0
2019-02-18,11,0,59,243.64,243.64,0.0,-10882.109499,0.0
2019-02-18,11,0,63,51.0,51.0,0.0,6261.18031,0.0
2019-02-18,11,0,64,60.0,60.0,0.0,7366.094482,0.0
2019-02-18,11,0,65,41.4,41.4,0.0,-51.505037,0.0
2019-02-18,11,0,67,274.85,274.85,0.0,-150422.798627,0.0
2019-02-18,11,0,68,33.99,33.99,0.0,-13577.585123,0.0
2019-02-18,11,0,69,2.26,2.26,0.0,15.739457,0.0
2019-02-18,11,0,74,144.48,144.48,0.0,-1476.99109,0.0
2019-02-18,11,0,77,60.0,60.0,0.0,-16477.952347,0.0
2019-02-18,11,0,78,45.36,45.36,0.0,-12457.331974,0.0
2019-02-18,11,0,79,26.25,26.25,0.0,-7209.104152,0.0
2019-02-18,11,0,80,42.45,42.45,0.0,-11658.151285,0.0
2019-02-18,11,0,81,55.5,55.5,0.0,-15242.105921,0.0
2019-02-18,11,0,82,39.15,39.15,0.0,-10751.863906,0.0
2019-02-18,11,0,83,87.3,87.3,0.0,-23975.420665,0.0
2019-02-18,11,0,84,0.0,0.0,0.0,0.0,0.0
2019-02-18,11,0,86,11.47,11.47,0.0,79.881224,0.0
2019-02-18,11,0,87,58.56,58.56,0.0,407.832997,0.0
2019-02-18,11,0,88,51.18,51.18,0.0,-14055.693352,0.0
2019-02-18,11,0,89,49.2,49.2,0.0,-13511.920924,0.0
2019-02-18,11,0,90,66.06,66.06,0.0,-18142.225534,0.0
2019-02-18,11,0,91,235.65,235.65,0.0,-64717.157842,0.0
2019-02-18,11,0,92,84.75,84.75,0.0,-23275.10769,0.0
2019-02-18,11,0,95,96.29,96.29,0.0,2159.759339,0.0
2019-02-18,11,0,96,31.88,31.88,0.0,-1432.941714,0.0
2019-02-18,11,0,97,234.28,234.28,0.0,-10530.413572,0.0
2019-02-18,11,0,99,31.0,31.0,0.0,-316.907003,0.0
2019-02-18,11,0,101,9.25,9.25,0.0,-413.148551,0.0
2019-02-18,11,0,102,80.49,80.49,0.0,-32152.392661,0.0
2019-02-18,11,0,103,69.99,69.99,0.0,-27958.081282,0.0
2019-02-18,11,0,104,12.99,12.99,0.0,-5188.962364,0.0
2019-02-18,11,0,106,205.67,205.67,0.0,-9130.443401,0.0
2019-02-18,11,0,109,83.48,83.48,0.0,-1752.86956,0.0
2019-02-18,11,0,110,338.6,338.6,0.0,-338600.0,0.0
2019-02-18,11,0,111,14.22,14.22,0.0,-429.716647,0.0
2019-02-18,11,0,113,84.2,84.2,0.0,-21073.211166,0.0
2019-02-18,11,0,115,84.2,84.2,0.0,-21073.211166,0.0
2019-02-18,11,0,116,107.4,107.4,0.0,-107400.0,0.0
2019-02-18,11,0,117,5.66,5.66,0.0,-1416.560276,0.0
2019-02-18,11,0,119,60.0,60.0,0.0,7366.094482,0.0
2019-02-18,11,0,120,35.28,35.28,0.0,4331.263555,0.0
2019-02-18,11,0,123,3.43,3.43,0.0,-152.270243,0.0
2019-02-18,11,0,125,97.74,97.74,0.0,-4339.036019,0.0
2019-02-18,11,0,126,154.25,154.25,0.0,-6847.721567,0.0
2019-02-18,11,0,127,197.96,197.96,0.0,-8788.168307,0.0
2019-02-18,11,0,128,139.96,139.96,0.0,-6213.336211,0.0
2019-02-18,11,0,131,30.0,30.0,0.0,-10799.303255,0.0
2019-02-18,11,0,132,44.1,44.1,0.0,-15874.975785,0.0
2019-02-18,11,0,133,41.94,41.94,0.0,-37.595643,0.0
2019-02-18,11,0,134,0.0,0.0,0.0,-0.0,0.0
2019-02-18,11,0,135,56.2,56.2,0.0,-50.37852,0.0
2019-02-18,11,0,136,45.9,45.9,0.0,-57.90404,0.0
2019-02-18,11,0,139,31.82,31.82,0.0,-961.574101,0.0
2019-02-18,11,0,140,250.6,250.6,0.0,-250600.0,0.0
2019-02-18,11,0,141,230.0,230.0,0.0,-125876.818935,0.0
2019-02-18,11,0,142,362.46,362.46,0.0,-198370.920831,0.0
2019-02-18,11,0,143,238.5,238.5,0.0,-10652.532899,0.0
2019-02-18,11,0,145,100.0,100.0,0.0,-3587.874595,0.0
2019-02-18,11,0,146,268.0,268.0,0.0,-268000.0,0.0
2019-02-18,11,0,152,6.59,6.59,0.0,-65.380663,0.0
2019-02-18,11,0,153,8.28,8.28,0.0,-85.507774,0.0
2019-02-18,11,0,154,58.67,58.67,0.0,-1772.958909,0.0
2019-02-18,11,0,157,250.0,250.0,0.0,-136822.629277,0.0
2019-02-18,11,0,158,253.28,253.28,0.0,-138617.742173,0.0
2019-02-18,11,0,159,0.0,0.0,0.0,-0.0,0.0
2019-02-18,11,0,160,2.07,2.07,0.0,-10.26345,0.0
2019-02-18,11,0,161,52.82,52.82,0.0,-21099.38353,0.0
2019-02-18,11,0,162,162.5,162.5,0.0,3777.781815,0.0
2019-02-18,11,0,163,160.49,160.49,0.0,-160490.0,0.0
2019-02-18,11,0,164,17.24,17.24,0.0,-770.019569,0.0
2019-02-18,11,0,167,5.48,5.48,0.0,104.283903,0.0
2019-02-18,11,0,168,2.74,2.74,0.0,52.141952,0.0
2019-02-18,11,0,169,0.0,0.0,0.0,0.0,0.0
2019-02-18,11,0,170,5.99,5.99,0.0,113.989157,0.0
2019-02-18,11,0,172,7.14,7.14,0.0,136.435545,0.0
2019-02-18,11,0,173,10.87,10.87,0.0,207.710697,0.0
2019-02-18,11,0,188,9.85,9.85,0.0,307.52096,0.0
2019-02-18,11,0,190,8.83,8.83,0.0,286.335329,0.0
2019-02-18,11,0,191,22.81,22.81,0.0,739.672578,0.0
2019-02-18,11,0,192,332.6,332.6,0.0,10785.405497,0.0
2019-02-18,11,0,194,52.95,52.95,0.0,-6222.170267,0.0
2019-02-18,11,0,196,5.7,5.7,0.0,1589.664073,0.0
2019-02-18,11,0,198,9.17,9.17,0.0,50.341205,0.0
2019-02-18,11,0,199,56.82,56.82,0.0,-1870.488047,0.0
2019-02-18,11,0,200,16.92,16.92,0.0,-556.998552,0.0
2019-02-18,11,0,204,257.1,257.1,0.0,-5679.788904,0.0
2019-02-18,11,0,205,545.8,545.8,0.0,-11460.424126,0.0
2019-02-18,11,0,206,895.48,895.48,0.0,-40250.020254,0.0
2019-02-18,11,0,210,2.34,2.34,0.0,13.476483,0.0
2019-02-18,11,0,214,13.41,13.41,0.0,155.988792,0.0
2019-02-18,11,0,217,8.62,8.62,0.0,81.873315,0.0
2019-02-18,11,0,218,11.9,11.9,0.0,113.026966,0.0
2019-02-18,11,0,219,8.1,8.1,0.0,76.934321,0.0
2019-02-18,11,0,221,7.15,7.15,0.0,83.170758,0.0
2019-02-18,11,0,225,5.35,5.35,0.0,23.409023,0.0
2019-02-18,11,0,233,6.49,6.49,0.0,45.198705,0.0
2019-02-18,11,0,236,159.03,159.03,0.0,-837.800852,0.0
2019-02-18,11,0,237,322.11,322.11,0.0,-3292.868217,0.0
2019-02-18,11,0,238,44.07,44.07,0.0,-116.202888,0.0
2019-02-18,11,0,240,9.67,9.67,0.0,-127.46734,0.0
2019-02-18,11,0,245,78.0,78.0,0.0,18.879631,0.0
2019-02-18,11,0,247,171.72,171.72,0.0,41.564233,0.0
2019-02-18,11,0,248,38.35,38.35,0.0,-392.044631,0.0
2019-02-18,11,0,249,150.0,150.0,0.0,36.306982,0.0
2019-02-18,11,0,251,326.4,326.4,0.0,-576.339993,0.0
2019-02-18,11,0,252,267.06,267.06,0.0,-332.244814,0.0
2019-02-18,11,0,254,15.04,15.04,0.0,-146.245249,0.0
2019-02-18,11,0,255,6.89,6.89,0.0,-66.99666,0.0
2019-02-18,11,0,258,11.8,11.8,0.0,-151.996747,0.0
2019-02-18,11,0,260,5.03,5.03,0.0,-24.939688,0.0
2019-02-18,11,0,265,60.75,60.75,0.0,-1835.81479,0.0
2019-02-18,11,0,266,20.6,20.6,0.0,-622.514974,0.0
2019-02-18,11,0,267,25.32,25.32,0.0,-765.149473,0.0
2019-02-18,11,0,270,542.91,542.91,0.0,-542910.0,0.0
2019-02-18,11,0,272,281.17,281.17,0.0,-70370.009307,0.0
2019-02-18,11,0,273,25.68,25.68,0.0,-25680.0,0.0
2019-02-18,11,0,274,708.99,708.99,0.0,-708990.0,0.0
2019-02-18,11,0,275,1000.33,1000.33,0.0,-1000330.0,0.0
2019-02-18,11,0,276,5.7,5.7,0.0,-5123.841311,0.0
2019-02-18,11,0,277,6.92,6.92,0.0,-1799.481852,0.0
2019-02-18,11,0,278,11.08,11.08,0.0,-2881.25129,0.0
2019-02-18,11,0,279,264.6,264.6,0.0,-68806.777192,0.0
2019-02-18,11,0,281,52.29,52.29,0.0,-2335.51759,0.0
2019-02-18,11,0,282,251.9,251.9,0.0,-11251.039989,0.0
2019-02-18,12,0,9,3.51,3.51,0.0,-1406.579311,0.0
2019-02-18,12,0,17,26.97,26.97,0.0,107.945119,0.0
2019-02-18,12,0,19,192.99,192.99,0.0,772.425973,0.0
2019-02-18,12,0,20,234.06,234.06,0.0,936.805136,0.0
2019-02-18,12,0,21,80.23,80.23,0.0,-32150.956719,0.0
2019-02-18,12,0,22,285.13,285.13,0.0,-114261.526726,0.0
2019-02-18,12,0,23,46.17,46.17,0.0,-18501.927854,0.0
2019-02-18,12,0,24,77.3,77.3,0.0,-30976.803619,0.0
2019-02-18,12,0,29,8.37,8.37,0.0,30.133285,0.0
2019-02-18,12,0,30,627.01,627.01,0.0,-627010.0,0.0
2019-02-18,12,0,31,125.0,125.0,0.0,-125000.0,0.0
2019-02-18,12,0,32,6.43,6.43,0.0,326.952482,0.0
2019-02-18,12,0,33,3.03,3.03,0.0,30.583136,0.0
2019-02-18,12,0,34,4.85,4.85,0.0,48.953204,0.0
2019-02-18,12,0,35,4.85,4.85,0.0,48.953204,0.0
2019-02-18,12,0,36,11.7,11.7,0.0,-59.143919,0.0
2019-02-18,12,0,37,5.68,5.68,0.0,-28.913164,0.0
2019-02-18,12,0,38,7.31,7.31,0.0,-37.210428,0.0
2019-02-18,12,0,39,4.87,4.87,0.0,-24.789984,0.0
2019-02-18,12,0,40,4.87,4.87,0.0,-24.789984,0.0
2019-02-18,12,0,41,21.98,21.98,0.0,-517.408165,0.0
2019-02-18,12,0,42,44.35,44.35,0.0,118.950816,0.0
2019-02-18,12,0,43,36.44,36.44,0.0,-136.13999,0.0
2019-02-18,12,0,46,30.48,30.48,0.0,-204.589055,0.0
2019-02-18,12,0,52,132.5,132.5,0.0,-132500.0,0.0
2019-02-18,12,0,53,210.5,210.5,0.0,-210500.0,0.0
2019-02-18,12,0,55,623.0,623.0,0.0,-249657.809246,0.0
2019-02-18,12,0,56,184.94,184.94,0.0,-184940.0,0.0
2019-02-18,12,0,57,175.92,175.92,0.0,-175920.0,0.0
2019-02-18,12,0,58,338.31,338.31,0.0,-338310.0,0.0
2019-02-18,12,0,59,332.67,332.67,0.0,-332670.0,0.0
2019-02-18,12,0,63,51.0,51.0,0.0,6139.117437,0.0
2019-02-18,12,0,64,60.0,60.0,0.0,7222.491102,0.0
2019-02-18,12,0,65,41.4,41.4,0.0,155.545965,0.0
2019-02-18,12,0,67,375.62,375.62,0.0,-206629.552562,0.0
2019-02-18,12,0,68,34.0,34.0,0.0,-13708.413913,0.0
2019-02-18,12,0,69,3.03,3.03,0.0,30.583136,0.0
2019-02-18,12,0,74,217.6,217.6,0.0,-752.828704,0.0
2019-02-18,12,0,77,60.0,60.0,0.0,-16777.615296,0.0
2019-02-18,12,0,78,45.36,45.36,0.0,-12683.877164,0.0
2019-02-18,12,0,79,26.25,26.25,0.0,-7340.206692,0.0
2019-02-18,12,0,80,42.45,42.45,0.0,-11870.162822,0.0
2019-02-18,12,0,81,55.5,55.5,0.0,-15519.294149,0.0
2019-02-18,12,0,82,39.15,39.15,0.0,-10947.393981,0.0
2019-02-18,12,0,83,87.3,87.3,0.0,-24411.430256,0.0
2019-02-18,12,0,84,0.0,0.0,0.0,0.0,0.0
2019-02-18,12,0,86,15.35,15.35,0.0,154.934367,0.0
2019-02-18,12,0,87,78.36,78.36,0.0,790.922282,0.0
2019-02-18,12,0,88,51.18,51.18,0.0,-14311.305848,0.0
2019-02-18,12,0,89,49.2,49.2,0.0,-13757.644543,0.0
2019-02-18,12,0,90,66.06,66.06,0.0,-18472.154441,0.0
2019-02-18,12,0,91,235.65,235.65,0.0,-65894.084076,0.0
2019-02-18,12,0,92,84.75,84.75,0.0,-23698.381606,0.0
2019-02-18,12,0,95,120.0,120.0,0.0,2691.568394,0.0
2019-02-18,12,0,96,29.88,29.88,0.0,660.676234,0.0
2019-02-18,12,0,97,183.76,183.76,0.0,4063.114618,0.0
2019-02-18,12,0,99,42.0,42.0,0.0,-145.307011,0.0
2019-02-18,12,0,101,12.63,12.63,0.0,-12630.0,0.0
2019-02-18,12,0,102,80.5,80.5,0.0,-32456.685883,0.0
2019-02-18,12,0,103,70.0,70.0,0.0,-28223.205116,0.0
2019-02-18,12,0,104,13.0,13.0,0.0,-5241.452379,0.0
2019-02-18,12,0,106,280.69,280.69,0.0,-112482.264008,0.0
2019-02-18,12,0,109,60.0,60.0,0.0,-577.492609,0.0
2019-02-18,12,0,110,338.6,338.6,0.0,-338600.0,0.0
2019-02-18,12,0,111,19.42,19.42,0.0,-457.145886,0.0
2019-02-18,12,0,113,45.0,45.0,0.0,-11421.753977,0.0
2019-02-18,12,0,115,45.0,45.0,0.0,-11421.753977,0.0
2019-02-18,12,0,116,141.36,141.36,0.0,-141360.0,0.0
2019-02-18,12,0,117,3.0,3.0,0.0,-761.450265,0.0
2019-02-18,12,0,119,60.0,60.0,0.0,7222.491102,0.0
2019-02-18,12,0,120,35.28,35.28,0.0,4246.824768,0.0
2019-02-18,12,0,123,4.68,4.68,0.0,-1875.439081,0.0
2019-02-18,12,0,125,70.73,70.73,0.0,-28343.975679,0.0
2019-02-18,12,0,126,210.52,210.52,0.0,-84362.699843,0.0
2019-02-18,12,0,127,270.16,270.16,0.0,-108262.526077,0.0
2019-02-18,12,0,128,96.96,96.96,0.0,-38855.250697,0.0
2019-02-18,12,0,131,30.0,30.0,0.0,-10918.573264,0.0
2019-02-18,12,0,132,44.1,44.1,0.0,-16050.302698,0.0
2019-02-18,12,0,133,41.94,41.94,0.0,168.830403,0.0
2019-02-18,12,0,134,0.0,0.0,0.0,0.0,0.0
2019-02-18,12,0,135,56.2,56.2,0.0,226.23435,0.0
2019-02-18,12,0,136,45.9,45.9,0.0,171.83511,0.0
2019-02-18,12,0,139,28.39,28.39,0.0,-668.299263,0.0
2019-02-18,12,0,140,250.6,250.6,0.0,-250600.0,0.0
2019-02-18,12,0,141,230.0,230.0,0.0,-126523.606542,0.0
2019-02-18,12,0,142,495.35,495.35,0.0,-272493.341307,0.0
2019-02-18,12,0,143,238.5,238.5,0.0,-238500.0,0.0
2019-02-18,12,0,145,56.25,56.25,0.0,-1023.32232,0.0
2019-02-18,12,0,146,268.0,268.0,0.0,-268000.0,0.0
2019-02-18,12,0,152,9.07,9.07,0.0,-25.081516,0.0
2019-02-18,12,0,153,11.35,11.35,0.0,-34.811893,0.0
2019-02-18,12,0,154,80.1,80.1,0.0,-1885.550228,0.0
2019-02-18,12,0,157,250.0,250.0,0.0,-137525.659285,0.0
2019-02-18,12,0,158,355.56,355.56,0.0,-195594.493661,0.0
2019-02-18,12,0,159,0.0,0.0,0.0,-0.0,0.0
2019-02-18,12,0,160,2.84,2.84,0.0,1.028524,0.0
2019-02-18,12,0,161,72.25,72.25,0.0,-29130.379566,0.0
2019-02-18,12,0,162,162.5,162.5,0.0,3775.893976,0.0
2019-02-18,12,0,163,185.4,185.4,0.0,-185400.0,0.0
2019-02-18,12,0,164,24.22,24.22,0.0,-24220.0,0.0
2019-02-18,12,0,167,7.1,7.1,0.0,135.773311,0.0
2019-02-18,12,0,168,3.55,3.55,0.0,67.886655,0.0
2019-02-18,12,0,169,0.0,0.0,0.0,0.0,0.0
2019-02-18,12,0,170,7.77,7.77,0.0,148.585722,0.0
2019-02-18,12,0,172,9.33,9.33,0.0,176.659871,0.0
2019-02-18,12,0,173,14.22,14.22,0.0,269.250092,0.0
2019-02-18,12,0,188,12.94,12.94,0.0,386.378855,0.0
2019-02-18,12,0,190,11.66,11.66,0.0,378.105316,0.0
2019-02-18,12,0,191,30.12,30.12,0.0,976.71802,0.0
2019-02-18,12,0,192,332.6,332.6,0.0,10785.405497,0.0
2019-02-18,12,0,194,52.95,52.95,0.0,-6374.06752,0.0
2019-02-18,12,0,196,7.59,7.59,0.0,2091.257499,0.0
2019-02-18,12,0,198,12.02,12.02,0.0,81.090752,0.0
2019-02-18,12,0,199,113.69,113.69,0.0,-3899.216771,0.0
2019-02-18,12,0,200,22.19,22.19,0.0,-761.048642,0.0
2019-02-18,12,0,204,257.1,257.1,0.0,-2628.227834,0.0
2019-02-18,12,0,205,317.4,317.4,0.0,-3054.935903,0.0
2019-02-18,12,0,206,539.95,539.95,0.0,11938.826394,0.0
2019-02-18,12,0,210,2.91,2.91,0.0,13.694719,0.0
2019-02-18,12,0,214,17.02,17.02,0.0,232.942334,0.0
2019-02-18,12,0,217,10.72,10.72,0.0,108.021989,0.0
2019-02-18,12,0,218,14.79,14.79,0.0,149.034069,0.0
2019-02-18,12,0,219,10.07,10.07,0.0,101.472149,0.0
2019-02-18,12,0,221,9.08,9.08,0.0,124.272409,0.0
2019-02-18,12,0,225,6.54,6.54,0.0,22.846509,0.0
2019-02-18,12,0,233,8.68,8.68,0.0,87.611095,0.0
2019-02-18,12,0,236,159.03,159.03,0.0,110.511035,0.0
2019-02-18,12,0,237,522.0,522.0,0.0,-1805.958563,0.0
2019-02-18,12,0,238,57.72,57.72,0.0,154.810397,0.0
2019-02-18,12,0,240,13.26,13.26,0.0,-67.029775,0.0
2019-02-18,12,0,245,78.0,78.0,0.0,382.537584,0.0
2019-02-18,12,0,247,171.72,171.72,0.0,842.171205,0.0
2019-02-18,12,0,248,52.4,52.4,0.0,-181.287794,0.0
2019-02-18,12,0,249,150.0,150.0,0.0,735.649201,0.0
2019-02-18,12,0,251,326.4,326.4,0.0,1094.896906,0.0
2019-02-18,12,0,252,267.06,267.06,0.0,1003.384187,0.0
2019-02-18,12,0,254,20.22,20.22,0.0,-54.748288,0.0
2019-02-18,12,0,255,9.27,9.27,0.0,-25.099735,0.0
2019-02-18,12,0,258,16.28,16.28,0.0,-78.827783,0.0
2019-02-18,12,0,260,6.9,6.9,0.0,2.498879,0.0
2019-02-18,12,0,265,82.94,82.94,0.0,-1952.403695,0.0
2019-02-18,12,0,266,18.38,18.38,0.0,-432.664335,0.0
2019-02-18,12,0,267,22.59,22.59,0.0,-531.767536,0.0
2019-02-18,12,0,270,579.0,579.0,0.0,-579000.0,0.0
2019-02-18,12,0,272,150.39,150.39,0.0,-38171.501792,0.0
2019-02-18,12,0,273,33.8,33.8,0.0,-33800.0,0.0
2019-02-18,12,0,274,746.4,746.4,0.0,-746400.0,0.0
2019-02-18,12,0,275,1039.0,1039.0,0.0,-1039000.0,0.0
2019-02-18,12,0,276,7.59,7.59,0.0,-6827.564883,0.0
2019-02-18,12,0,277,9.05,9.05,0.0,-2390.688429,0.0
2019-02-18,12,0,278,14.48,14.48,0.0,-3825.101487,0.0
2019-02-18,12,0,279,264.6,264.6,0.0,-69897.918058,0.0
2019-02-18,12,0,281,56.1,56.1,0.0,-56100.0,0.0
2019-02-18,12,0,282,343.95,343.95,0.0,-343950.0,0.0
2019-02-18,13,0,9,4.01,4.01,0.0,-2217.166168,0.0
2019-02-18,13,0,17,22.73,22.73,0.0,-238.848521,0.0
2019-02-18,13,0,19,192.99,192.99,0.0,-2027.953189,0.0
2019-02-18,13,0,20,234.06,234.06,0.0,-2459.519786,0.0
2019-02-18,13,0,21,91.81,91.81,0.0,-50762.59996,0.0
2019-02-18,13,0,22,326.29,326.29,0.0,-180408.765286,0.0
2019-02-18,13,0,23,90.35,90.35,0.0,-49955.352428,0.0
2019-02-18,13,0,24,157.79,157.79,0.0,-87243.553509,0.0
2019-02-18,13,0,29,6.18,6.18,0.0,21.552886,0.0
2019-02-18,13,0,30,719.01,719.01,0.0,-719010.0,0.0
2019-02-18,13,0,31,125.0,125.0,0.0,-125000.0,0.0
2019-02-18,13,0,32,6.95,6.95,0.0,350.862581,0.0
2019-02-18,13,0,33,2.33,2.33,0.0,9.000904,0.0
2019-02-18,13,0,34,3.72,3.72,0.0,14.370542,0.0
2019-02-18,13,0,35,3.72,3.72,0.0,14.370542,0.0
2019-02-18,13,0,36,13.95,13.95,0.0,-221.783455,0.0
2019-02-18,13,0,37,6.61,6.61,0.0,-85.138455,0.0
2019-02-18,13,0,38,8.49,8.49,0.0,-109.353325,0.0
2019-02-18,13,0,39,5.66,5.66,0.0,-72.902217,0.0
2019-02-18,13,0,40,5.66,5.66,0.0,-72.902217,0.0
2019-02-18,13,0,41,21.51,21.51,0.0,-4005.319029,0.0
2019-02-18,13,0,42,45.97,45.97,0.0,-626.259862,0.0
2019-02-18,13,0,43,41.91,41.91,0.0,-220.121326,0.0
2019-02-18,13,0,46,33.31,33.31,0.0,372.275618,0.0
2019-02-18,13,0,52,132.5,132.5,0.0,-132500.0,0.0
2019-02-18,13,0,53,210.5,210.5,0.0,-210500.0,0.0
2019-02-18,13,0,55,623.0,623.0,0.0,-344462.474404,0.0
2019-02-18,13,0,56,212.08,212.08,0.0,-212080.0,0.0
2019-02-18,13,0,57,201.74,201.74,0.0,-201740.0,0.0
2019-02-18,13,0,58,387.95,387.95,0.0,-387950.0,0.0
2019-02-18,13,0,59,381.49,381.49,0.0,-381490.0,0.0
2019-02-18,13,0,63,51.0,51.0,0.0,6191.587162,0.0
2019-02-18,13,0,64,60.0,60.0,0.0,7284.22019,0.0
2019-02-18,13,0,65,41.4,41.4,0.0,-458.99151,0.0
2019-02-18,13,0,67,433.37,433.37,0.0,-236635.785457,0.0
2019-02-18,13,0,68,34.0,34.0,0.0,-13525.014678,0.0
2019-02-18,13,0,69,2.33,2.33,0.0,9.000904,0.0
2019-02-18,13,0,74,217.46,217.46,0.0,-7510.002859,0.0
2019-02-18,13,0,77,60.0,60.0,0.0,-16324.215579,0.0
2019-02-18,13,0,78,45.36,45.36,0.0,-12341.106978,0.0
2019-02-18,13,0,79,26.25,26.25,0.0,-7141.844316,0.0
2019-02-18,13,0,80,42.45,42.45,0.0,-11549.382522,0.0
2019-02-18,13,0,81,55.5,55.5,0.0,-15099.899411,0.0
2019-02-18,13,0,82,39.15,39.15,0.0,-10651.550666,0.0
2019-02-18,13,0,83,87.3,87.3,0.0,-23751.733668,0.0
2019-02-18,13,0,84,0.0,0.0,0.0,0.0,0.0
2019-02-18,13,0,86,11.78,11.78,0.0,45.506716,0.0
2019-02-18,13,0,87,60.15,60.15,0.0,232.362389,0.0
2019-02-18,13,0,88,51.18,51.18,0.0,-13924.555889,0.0
2019-02-18,13,0,89,49.2,49.2,0.0,-13385.856775,0.0
2019-02-18,13,0,90,66.06,66.06,0.0,-17972.961353,0.0
2019-02-18,13,0,91,235.65,235.65,0.0,-64113.356688,0.0
2019-02-18,13,0,92,84.75,84.75,0.0,-23057.954506,0.0
2019-02-18,13,0,95,120.0,120.0,0.0,2691.568394,0.0
2019-02-18,13,0,96,29.88,29.88,0.0,-7124.838471,0.0
2019-02-18,13,0,97,183.75,183.75,0.0,-43814.895213,0.0
2019-02-18,13,0,99,41.97,41.97,0.0,-1449.43815,0.0
2019-02-18,13,0,101,14.48,14.48,0.0,-14480.0,0.0
2019-02-18,13,0,102,80.5,80.5,0.0,-32022.461223,0.0
2019-02-18,13,0,103,70.0,70.0,0.0,-27845.618455,0.0
2019-02-18,13,0,104,13.0,13.0,0.0,-5171.329142,0.0
2019-02-18,13,0,106,321.2,321.2,0.0,-177594.457109,0.0
2019-02-18,13,0,109,60.0,60.0,0.0,-868.731998,0.0
2019-02-18,13,0,110,338.6,338.6,0.0,-338600.0,0.0
2019-02-18,13,0,111,21.88,21.88,0.0,-4074.21573,0.0
2019-02-18,13,0,113,45.0,45.0,0.0,-11225.763811,0.0
2019-02-18,13,0,115,45.0,45.0,0.0,-11225.763811,0.0
2019-02-18,13,0,116,158.3,158.3,0.0,-158300.0,0.0
2019-02-18,13,0,117,3.0,3.0,0.0,-748.384254,0.0
2019-02-18,13,0,119,60.0,60.0,0.0,7284.22019,0.0
2019-02-18,13,0,120,35.28,35.28,0.0,4283.121472,0.0
2019-02-18,13,0,123,5.35,5.35,0.0,-2958.064588,0.0
2019-02-18,13,0,125,143.27,143.27,0.0,-79215.310928,0.0
2019-02-18,13,0,126,240.9,240.9,0.0,-133195.842831,0.0
2019-02-18,13,0,127,309.15,309.15,0.0,-170931.900421,0.0
2019-02-18,13,0,128,202.25,202.25,0.0,-111825.899596,0.0
2019-02-18,13,0,131,30.0,30.0,0.0,-10746.11168,0.0
2019-02-18,13,0,132,44.1,44.1,0.0,-15796.78417,0.0
2019-02-18,13,0,133,41.94,41.94,0.0,-438.422042,0.0
2019-02-18,13,0,134,0.0,0.0,0.0,-0.0,0.0
2019-02-18,13,0,135,56.2,56.2,0.0,-587.489718,0.0
2019-02-18,13,0,136,45.9,45.9,0.0,-510.340053,0.0
2019-02-18,13,0,139,27.78,27.78,0.0,-5172.838802,0.0
2019-02-18,13,0,140,250.6,250.6,0.0,-250600.0,0.0
2019-02-18,13,0,141,230.0,230.0,0.0,-125588.367111,0.0
2019-02-18,13,0,142,571.51,571.51,0.0,-312065.250817,0.0
2019-02-18,13,0,143,238.5,238.5,0.0,-238500.0,0.0
2019-02-18,13,0,145,100.0,100.0,0.0,-27432.864375,0.0
2019-02-18,13,0,146,268.0,268.0,0.0,-268000.0,0.0
2019-02-18,13,0,152,9.45,9.45,0.0,-212.935303,0.0
2019-02-18,13,0,153,12.12,12.12,0.0,-278.606064,0.0
2019-02-18,13,0,154,90.25,90.25,0.0,-16805.20885,0.0
2019-02-18,13,0,157,250.0,250.0,0.0,-136509.094686,0.0
2019-02-18,13,0,158,435.74,435.74,0.0,-237929.891674,0.0
2019-02-18,13,0,159,0.0,0.0,0.0,-0.0,0.0
2019-02-18,13,0,160,3.29,3.29,0.0,-1.51373,0.0
2019-02-18,13,0,161,81.55,81.55,0.0,-32440.1455,0.0
2019-02-18,13,0,162,162.5,162.5,0.0,3779.664048,0.0
2019-02-18,13,0,163,104.55,104.55,0.0,-104550.0,0.0
2019-02-18,13,0,164,27.58,27.58,0.0,-27580.0,0.0
2019-02-18,13,0,167,7.74,7.74,0.0,147.916334,0.0
2019-02-18,13,0,168,3.87,3.87,0.0,73.958167,0.0
2019-02-18,13,0,169,0.0,0.0,0.0,0.0,0.0
2019-02-18,13,0,170,8.46,8.46,0.0,161.675993,0.0
2019-02-18,13,0,172,10.1,10.1,0.0,189.98914,0.0
2019-02-18,13,0,173,15.39,15.39,0.0,289.498303,0.0
2019-02-18,13,0,188,14.0,14.0,0.0,408.348237,0.0
2019-02-18,13,0,190,13.0,13.0,0.0,421.558243,0.0
2019-02-18,13,0,191,33.59,33.59,0.0,1089.241644,0.0
2019-02-18,13,0,192,332.6,332.6,0.0,10785.405497,0.0
2019-02-18,13,0,194,52.95,52.95,0.0,-6249.272044,0.0
2019-02-18,13,0,196,8.37,8.37,0.0,2325.527717,0.0
2019-02-18,13,0,198,14.12,14.12,0.0,101.079785,0.0
2019-02-18,13,0,199,73.53,73.53,0.0,-2933.705236,0.0
2019-02-18,13,0,200,23.9,23.9,0.0,-953.563921,0.0
2019-02-18,13,0,204,257.1,257.1,0.0,7855.086595,0.0
2019-02-18,13,0,205,317.4,317.4,0.0,-4595.59227,0.0
2019-02-18,13,0,206,539.94,539.94,0.0,-128747.83413,0.0
2019-02-18,13,0,210,2.99,2.99,0.0,16.231296,0.0
2019-02-18,13,0,214,16.57,16.57,0.0,200.633965,0.0
2019-02-18,13,0,217,10.05,10.05,0.0,101.270615,0.0
2019-02-18,13,0,218,13.87,13.87,0.0,139.763525,0.0
2019-02-18,13,0,219,9.45,9.45,0.0,95.224608,0.0
2019-02-18,13,0,221,8.83,8.83,0.0,106.915987,0.0
2019-02-18,13,0,225,5.29,5.29,0.0,17.457388,0.0
2019-02-18,13,0,233,6.67,6.67,0.0,25.766536,0.0
2019-02-18,13,0,236,319.85,319.85,0.0,-5540.530692,0.0
2019-02-18,13,0,237,521.66,521.66,0.0,-18015.580298,0.0
2019-02-18,13,0,238,59.84,59.84,0.0,-815.214056,0.0
2019-02-18,13,0,240,15.81,15.81,0.0,-251.354582,0.0
2019-02-18,13,0,245,78.0,78.0,0.0,-653.648344,0.0
2019-02-18,13,0,247,171.72,171.72,0.0,-1439.03197,0.0
2019-02-18,13,0,248,52.36,52.36,0.0,-1808.257839,0.0
2019-02-18,13,0,249,150.0,150.0,0.0,-1257.016046,0.0
2019-02-18,13,0,251,326.4,326.4,0.0,-3928.825812,0.0
2019-02-18,13,0,252,267.06,267.06,0.0,-2960.827841,0.0
2019-02-18,13,0,254,23.19,23.19,0.0,-93.913041,0.0
2019-02-18,13,0,255,10.63,10.63,0.0,-43.048539,0.0
2019-02-18,13,0,258,19.5,19.5,0.0,-276.490591,0.0
2019-02-18,13,0,260,8.0,8.0,0.0,-3.680802,0.0
2019-02-18,13,0,265,93.44,93.44,0.0,-17399.210138,0.0
2019-02-18,13,0,266,17.99,17.99,0.0,-3349.869332,0.0
2019-02-18,13,0,267,22.11,22.11,0.0,-4117.043409,0.0
2019-02-18,13,0,270,325.32,325.32,0.0,-325320.0,0.0
2019-02-18,13,0,272,150.39,150.39,0.0,-37516.502655,0.0
2019-02-18,13,0,273,37.85,37.85,0.0,-37850.0,0.0
2019-02-18,13,0,274,419.18,419.18,0.0,-419180.0,0.0
2019-02-18,13,0,275,583.24,583.24,0.0,-583240.0,0.0
2019-02-18,13,0,276,8.31,8.31,0.0,-7467.694292,0.0
2019-02-18,13,0,277,10.15,10.15,0.0,-2624.035525,0.0
2019-02-18,13,0,278,16.24,16.24,0.0,-4198.45684,0.0
2019-02-18,13,0,279,378.16,378.16,0.0,-97764.066415,0.0
2019-02-18,13,0,281,56.1,56.1,0.0,-56100.0,0.0
2019-02-18,13,0,282,394.42,394.42,0.0,-394420.0,0.0
2019-02-18,14,0,9,4.21,4.21,0.0,-2330.79251,0.0
2019-02-18,14,0,17,23.58,23.58,0.0,-241.162644,0.0
2019-02-18,14,0,19,192.99,192.99,0.0,-1973.790441,0.0
2019-02-18,14,0,20,234.06,234.06,0.0,-2393.830719,0.0
2019-02-18,14,0,21,96.34,96.34,0.0,-53336.947833,0.0
2019-02-18,14,0,22,342.38,342.38,0.0,-189552.669703,0.0
2019-02-18,14,0,23,42.61,42.61,0.0,-23590.277633,0.0
2019-02-18,14,0,24,73.27,73.27,0.0,-40564.647786,0.0
2019-02-18,14,0,29,6.13,6.13,0.0,20.789683,0.0
2019-02-18,14,0,30,770.49,770.49,0.0,-770490.0,0.0
2019-02-18,14,0,31,125.0,125.0,0.0,-125000.0,0.0
2019-02-18,14,0,32,6.97,6.97,0.0,333.238033,0.0
2019-02-18,14,0,33,2.39,2.39,0.0,9.618146,0.0
2019-02-18,14,0,34,3.82,3.82,0.0,15.372936,0.0
2019-02-18,14,0,35,3.82,3.82,0.0,15.372936,0.0
2019-02-18,14,0,36,14.38,14.38,0.0,-219.621387,0.0
2019-02-18,14,0,37,6.8,6.8,0.0,-83.089839,0.0
2019-02-18,14,0,38,8.74,8.74,0.0,-106.794881,0.0
2019-02-18,14,0,39,5.83,5.83,0.0,-71.237318,0.0
2019-02-18,14,0,40,5.83,5.83,0.0,-71.237318,0.0
2019-02-18,14,0,41,26.84,26.84,0.0,-5014.790841,0.0
2019-02-18,14,0,42,48.61,48.61,0.0,-647.324964,0.0
2019-02-18,14,0,43,42.46,42.46,0.0,-195.966667,0.0
2019-02-18,14,0,46,34.21,34.21,0.0,419.358131,0.0
2019-02-18,14,0,52,132.5,132.5,0.0,-132500.0,0.0
2019-02-18,14,0,53,210.5,210.5,0.0,-210500.0,0.0
2019-02-18,14,0,55,623.0,623.0,0.0,-344913.000832,0.0
2019-02-18,14,0,56,227.27,227.27,0.0,-227270.0,0.0
2019-02-18,14,0,57,216.18,216.18,0.0,-216180.0,0.0
2019-02-18,14,0,58,415.73,415.73,0.0,-415730.0,0.0
2019-02-18,14,0,59,408.81,408.81,0.0,-408810.0,0.0
2019-02-18,14,0,63,51.0,51.0,0.0,6103.553698,0.0
2019-02-18,14,0,64,60.0,60.0,0.0,7180.65141,0.0
2019-02-18,14,0,65,41.4,41.4,0.0,-447.173582,0.0
2019-02-18,14,0,67,450.42,450.42,0.0,-246066.120979,0.0
2019-02-18,14,0,68,19.16,19.16,0.0,-7628.538465,0.0
2019-02-18,14,0,69,2.39,2.39,0.0,9.618146,0.0
2019-02-18,14,0,74,217.6,217.6,0.0,-7440.286735,0.0
2019-02-18,14,0,77,60.0,60.0,0.0,-16352.898445,0.0
2019-02-18,14,0,78,45.36,45.36,0.0,-12362.791224,0.0
2019-02-18,14,0,79,26.25,26.25,0.0,-7154.393069,0.0
2019-02-18,14,0,80,42.45,42.45,0.0,-11569.67565,0.0
2019-02-18,14,0,81,55.5,55.5,0.0,-15126.431061,0.0
2019-02-18,14,0,82,39.15,39.15,0.0,-10670.266235,0.0
2019-02-18,14,0,83,87.3,87.3,0.0,-23793.467237,0.0
2019-02-18,14,0,84,0.0,0.0,0.0,-0.0,0.0
2019-02-18,14,0,86,12.09,12.09,0.0,48.654135,0.0
2019-02-18,14,0,87,61.71,61.71,0.0,248.34133,0.0
2019-02-18,14,0,88,51.18,51.18,0.0,-13949.022373,0.0
2019-02-18,14,0,89,49.2,49.2,0.0,-13409.376725,0.0
2019-02-18,14,0,90,66.06,66.06,0.0,-18004.541187,0.0
2019-02-18,14,0,91,235.65,235.65,0.0,-64226.008641,0.0
2019-02-18,14,0,92,84.75,84.75,0.0,-23098.469053,0.0
2019-02-18,14,0,95,120.0,120.0,0.0,2691.568394,0.0
2019-02-18,14,0,96,31.39,31.39,0.0,-7523.121548,0.0
2019-02-18,14,0,97,210.51,210.51,0.0,-50452.128607,0.0
2019-02-18,14,0,99,42.0,42.0,0.0,-1436.084756,0.0
2019-02-18,14,0,101,15.52,15.52,0.0,-15520.0,0.0
2019-02-18,14,0,102,45.25,45.25,0.0,-18016.250811,0.0
2019-02-18,14,0,103,39.36,39.36,0.0,-15671.152086,0.0
2019-02-18,14,0,104,7.37,7.37,0.0,-2934.359524,0.0
2019-02-18,14,0,106,337.04,337.04,0.0,-186596.272553,0.0
2019-02-18,14,0,109,60.0,60.0,0.0,-808.669255,0.0
2019-02-18,14,0,110,338.6,338.6,0.0,-338600.0,0.0
2019-02-18,14,0,111,23.41,23.41,0.0,-4373.928971,0.0
2019-02-18,14,0,113,45.0,45.0,0.0,-11240.578937,0.0
2019-02-18,14,0,115,45.0,45.0,0.0,-11240.578937,0.0
2019-02-18,14,0,116,161.37,161.37,0.0,-161370.0,0.0
2019-02-18,14,0,117,3.0,3.0,0.0,-749.371929,0.0
2019-02-18,14,0,119,60.0,60.0,0.0,7180.65141,0.0
2019-02-18,14,0,120,35.28,35.28,0.0,4222.223029,0.0
2019-02-18,14,0,123,5.62,5.62,0.0,-3111.414229,0.0
2019-02-18,14,0,125,66.79,66.79,0.0,-36977.109672,0.0
2019-02-18,14,0,126,252.78,252.78,0.0,-139947.204415,0.0
2019-02-18,14,0,127,324.4,324.4,0.0,-179598.3587,0.0
2019-02-18,14,0,128,92.7,92.7,0.0,-51321.725806,0.0
2019-02-18,14,0,131,30.0,30.0,0.0,-10757.450328,0.0
2019-02-18,14,0,132,44.1,44.1,0.0,-15813.451983,0.0
2019-02-18,14,0,133,41.94,41.94,0.0,-426.670551,0.0
2019-02-18,14,0,134,0.0,0.0,0.0,-0.0,0.0
2019-02-18,14,0,135,56.2,56.2,0.0,-571.742608,0.0
2019-02-18,14,0,136,45.9,45.9,0.0,-497.225455,0.0
2019-02-18,14,0,139,34.66,34.66,0.0,-6475.881168,0.0
2019-02-18,14,0,140,250.6,250.6,0.0,-250600.0,0.0
2019-02-18,14,0,141,230.0,230.0,0.0,-125649.855302,0.0
2019-02-18,14,0,142,593.99,593.99,0.0,-324498.945873,0.0
2019-02-18,14,0,143,238.5,238.5,0.0,-238500.0,0.0
2019-02-18,14,0,145,56.12,56.12,0.0,-15484.502256,0.0
2019-02-18,14,0,146,268.0,268.0,0.0,-268000.0,0.0
2019-02-18,14,0,152,9.96,9.96,0.0,-219.795242,0.0
2019-02-18,14,0,153,12.8,12.8,0.0,-288.165915,0.0
2019-02-18,14,0,154,96.58,96.58,0.0,-18045.02606,0.0
2019-02-18,14,0,157,250.0,250.0,0.0,-136575.929676,0.0
2019-02-18,14,0,158,465.68,465.68,0.0,-254402.715726,0.0
2019-02-18,14,0,159,0.0,0.0,0.0,-0.0,0.0
2019-02-18,14,0,160,3.34,3.34,0.0,-0.383099,0.0
2019-02-18,14,0,161,84.71,84.71,0.0,-33727.217816,0.0
2019-02-18,14,0,162,162.5,162.5,0.0,3780.820602,0.0
2019-02-18,14,0,163,130.61,130.61,0.0,-130610.0,0.0
2019-02-18,14,0,164,29.55,29.55,0.0,-29550.0,0.0
2019-02-18,14,0,167,7.92,7.92,0.0,152.074393,0.0
2019-02-18,14,0,168,3.96,3.96,0.0,76.037197,0.0
2019-02-18,14,0,169,0.0,0.0,0.0,0.0,0.0
2019-02-18,14,0,170,8.66,8.66,0.0,166.283364,0.0
2019-02-18,14,0,172,10.29,10.29,0.0,142.431098,0.0
2019-02-18,14,0,173,15.67,15.67,0.0,216.899446,0.0
2019-02-18,14,0,188,14.07,14.07,0.0,379.472013,0.0
2019-02-18,14,0,190,13.14,13.14,0.0,426.098101,0.0
2019-02-18,14,0,191,33.94,33.94,0.0,1100.591289,0.0
2019-02-18,14,0,192,332.6,332.6,0.0,10785.405497,0.0
2019-02-18,14,0,194,52.95,52.95,0.0,-6262.793054,0.0
2019-02-18,14,0,196,8.48,8.48,0.0,2341.49588,0.0
2019-02-18,14,0,198,14.63,14.63,0.0,101.793709,0.0
2019-02-18,14,0,199,130.0,130.0,0.0,-3350.89732,0.0
2019-02-18,14,0,200,24.32,24.32,0.0,-626.87556,0.0
2019-02-18,14,0,204,257.1,257.1,0.0,8268.380459,0.0
2019-02-18,14,0,205,317.4,317.4,0.0,-4277.86036,0.0
2019-02-18,14,0,206,745.19,745.19,0.0,-178596.844411,0.0
2019-02-18,14,0,210,2.98,2.98,0.0,16.347995,0.0
2019-02-18,14,0,214,16.6,16.6,0.0,202.455051,0.0
2019-02-18,14,0,217,10.21,10.21,0.0,102.555631,0.0
2019-02-18,14,0,218,14.09,14.09,0.0,141.52878,0.0
2019-02-18,14,0,219,9.6,9.6,0.0,96.428409,0.0
2019-02-18,14,0,221,8.86,8.86,0.0,108.057335,0.0
2019-02-18,14,0,225,5.33,5.33,0.0,16.998431,0.0
2019-02-18,14,0,233,6.84,6.84,0.0,27.526409,0.0
2019-02-18,14,0,236,159.05,159.05,0.0,-2698.095446,0.0
2019-02-18,14,0,237,522.0,522.0,0.0,-17848.481965,0.0
2019-02-18,14,0,238,63.27,63.27,0.0,-842.547839,0.0
2019-02-18,14,0,240,16.3,16.3,0.0,-248.944965,0.0
2019-02-18,14,0,245,78.0,78.0,0.0,-633.13629,0.0
2019-02-18,14,0,247,171.72,171.72,0.0,-1393.873894,0.0
2019-02-18,14,0,248,52.4,52.4,0.0,-1791.686695,0.0
2019-02-18,14,0,249,150.0,150.0,0.0,-1217.569789,0.0
2019-02-18,14,0,251,293.57,293.57,0.0,-3447.537782,0.0
2019-02-18,14,0,252,267.06,267.06,0.0,-2884.59364,0.0
2019-02-18,14,0,254,23.47,23.47,0.0,-81.815441,0.0
2019-02-18,14,0,255,10.76,10.76,0.0,-37.508911,0.0
2019-02-18,14,0,258,20.03,20.03,0.0,-271.435434,0.0
2019-02-18,14,0,260,8.1,8.1,0.0,-0.929073,0.0
2019-02-18,14,0,265,100.0,100.0,0.0,-18684.019528,0.0
2019-02-18,14,0,266,22.44,22.44,0.0,-4192.693982,0.0
2019-02-18,14,0,267,27.58,27.58,0.0,-5153.052586,0.0
2019-02-18,14,0,270,454.05,454.05,0.0,-454050.0,0.0
2019-02-18,14,0,272,150.39,150.39,0.0,-37566.014806,0.0
2019-02-18,14,0,273,38.59,38.59,0.0,-38590.0,0.0
2019-02-18,14,0,274,605.65,605.65,0.0,-605650.0,0.0
2019-02-18,14,0,275,880.86,880.86,0.0,-880860.0,0.0
2019-02-18,14,0,276,8.54,8.54,0.0,-7674.891143,0.0
2019-02-18,14,0,277,10.43,10.43,0.0,-2700.478839,0.0
2019-02-18,14,0,278,16.69,16.69,0.0,-4321.283972,0.0
2019-02-18,14,0,279,264.6,264.6,0.0,-68508.79203,0.0
2019-02-18,14,0,281,56.1,56.1,0.0,-56100.0,0.0
2019-02-18,14,0,282,422.66,422.66,0.0,-422660.0,0.0
2019-02-18,15,0,9,4.06,4.06,0.0,-1622.228038,0.0
2019-02-18,15,0,17,22.67,22.67,0.0,86.433562,0.0
2019-02-18,15,0,19,192.99,192.99,0.0,735.810016,0.0
2019-02-18,15,0,20,234.06,234.06,0.0,892.396976,0.0
2019-02-18,15,0,21,92.77,92.77,0.0,-37067.511094,0.0
2019-02-18,15,0,22,329.69,329.69,0.0,-131732.108791,0.0
2019-02-18,15,0,23,32.64,32.64,0.0,-13041.754469,0.0
2019-02-18,15,0,24,57.75,57.75,0.0,-23074.795361,0.0
2019-02-18,15,0,29,5.82,5.82,0.0,20.473117,0.0
2019-02-18,15,0,30,742.75,742.75,0.0,-742750.0,0.0
2019-02-18,15,0,31,125.0,125.0,0.0,-125000.0,0.0
2019-02-18,15,0,32,6.72,6.72,0.0,328.646033,0.0
2019-02-18,15,0,33,2.34,2.34,0.0,22.249873,0.0
2019-02-18,15,0,34,3.74,3.74,0.0,35.561762,0.0
2019-02-18,15,0,35,3.74,3.74,0.0,35.561762,0.0
2019-02-18,15,0,36,14.06,14.06,0.0,-64.855633,0.0
2019-02-18,15,0,37,6.63,6.63,0.0,-30.741322,0.0
2019-02-18,15,0,38,8.52,8.52,0.0,-39.504686,0.0
2019-02-18,15,0,39,5.68,5.68,0.0,-26.336457,0.0
2019-02-18,15,0,40,5.68,5.68,0.0,-26.336457,0.0
2019-02-18,15,0,41,56.75,56.75,0.0,-1266.454634,0.0
2019-02-18,15,0,42,47.13,47.13,0.0,121.502705,0.0
2019-02-18,15,0,43,41.56,41.56,0.0,-139.977426,0.0
2019-02-18,15,0,46,33.13,33.13,0.0,-202.67012,0.0
2019-02-18,15,0,52,132.5,132.5,0.0,-132500.0,0.0
2019-02-18,15,0,53,210.5,210.5,0.0,-210500.0,0.0
2019-02-18,15,0,55,623.0,623.0,0.0,-248928.095413,0.0
2019-02-18,15,0,56,219.08,219.08,0.0,-219080.0,0.0
2019-02-18,15,0,57,208.4,208.4,0.0,-208400.0,0.0
2019-02-18,15,0,58,400.76,400.76,0.0,-400760.0,0.0
2019-02-18,15,0,59,394.08,394.08,0.0,-394080.0,0.0
2019-02-18,15,0,63,51.0,51.0,0.0,6069.920951,0.0
2019-02-18,15,0,64,60.0,60.0,0.0,7141.083472,0.0
2019-02-18,15,0,65,41.4,41.4,0.0,148.350001,0.0
2019-02-18,15,0,67,436.35,436.35,0.0,-240252.46552,0.0
2019-02-18,15,0,68,34.0,34.0,0.0,-13730.65567,0.0
2019-02-18,15,0,69,2.34,2.34,0.0,22.249873,0.0
2019-02-18,15,0,74,217.6,217.6,0.0,-693.472597,0.0
2019-02-18,15,0,77,60.0,60.0,0.0,-16829.861335,0.0
2019-02-18,15,0,78,45.36,45.36,0.0,-12723.375169,0.0
2019-02-18,15,0,79,26.25,26.25,0.0,-7363.064334,0.0
2019-02-18,15,0,80,42.45,42.45,0.0,-11907.126894,0.0
2019-02-18,15,0,81,55.5,55.5,0.0,-15567.621735,0.0
2019-02-18,15,0,82,39.15,39.15,0.0,-10981.484521,0.0
2019-02-18,15,0,83,87.3,87.3,0.0,-24487.448242,0.0
2019-02-18,15,0,84,0.0,0.0,0.0,0.0,0.0
2019-02-18,15,0,86,11.85,11.85,0.0,112.675637,0.0
2019-02-18,15,0,87,60.51,60.51,0.0,575.358885,0.0
2019-02-18,15,0,88,51.18,51.18,0.0,-14355.871718,0.0
2019-02-18,15,0,89,49.2,49.2,0.0,-13800.486294,0.0
2019-02-18,15,0,90,66.06,66.06,0.0,-18529.677329,0.0
2019-02-18,15,0,91,235.65,235.65,0.0,-66099.280392,0.0
2019-02-18,15,0,92,84.75,84.75,0.0,-23772.179135,0.0
2019-02-18,15,0,95,120.0,120.0,0.0,2691.568394,0.0
2019-02-18,15,0,96,29.88,29.88,0.0,721.453323,0.0
2019-02-18,15,0,97,183.75,183.75,0.0,4436.648194,0.0
2019-02-18,15,0,99,42.0,42.0,0.0,-133.850409,0.0
2019-02-18,15,0,101,14.96,14.96,0.0,-14960.0,0.0
2019-02-18,15,0,102,80.5,80.5,0.0,-32509.346512,0.0
2019-02-18,15,0,103,70.0,70.0,0.0,-28268.996967,0.0
2019-02-18,15,0,104,13.0,13.0,0.0,-5249.95658,0.0
2019-02-18,15,0,106,324.55,324.55,0.0,-129678.352113,0.0
2019-02-18,15,0,109,60.0,60.0,0.0,-528.967234,0.0
2019-02-18,15,0,110,338.6,338.6,0.0,-338600.0,0.0
2019-02-18,15,0,111,22.56,22.56,0.0,-503.45756,0.0
2019-02-18,15,0,113,45.0,45.0,0.0,-11450.216832,0.0
2019-02-18,15,0,115,45.0,45.0,0.0,-11450.216832,0.0
2019-02-18,15,0,116,155.11,155.11,0.0,-155110.0,0.0
2019-02-18,15,0,117,3.0,3.0,0.0,-763.347789,0.0
2019-02-18,15,0,119,60.0,60.0,0.0,7141.083472,0.0
2019-02-18,15,0,120,35.28,35.28,0.0,4198.957081,0.0
2019-02-18,15,0,123,5.41,5.41,0.0,-2161.638838,0.0
2019-02-18,15,0,125,52.26,52.26,0.0,-20881.191439,0.0
2019-02-18,15,0,126,243.41,243.41,0.0,-97257.765176,0.0
2019-02-18,15,0,127,312.38,312.38,0.0,-124815.663636,0.0
2019-02-18,15,0,128,74.85,74.85,0.0,-29907.33217,0.0
2019-02-18,15,0,131,73.62,73.62,0.0,-26845.504915,0.0
2019-02-18,15,0,132,108.35,108.35,0.0,-39509.786166,0.0
2019-02-18,15,0,133,41.94,41.94,0.0,160.810251,0.0
2019-02-18,15,0,134,0.0,0.0,0.0,0.0,0.0
2019-02-18,15,0,135,56.2,56.2,0.0,215.48727,0.0
2019-02-18,15,0,136,45.9,45.9,0.0,163.897078,0.0
2019-02-18,15,0,139,73.79,73.79,0.0,-1646.72577,0.0
2019-02-18,15,0,140,250.6,250.6,0.0,-250600.0,0.0
2019-02-18,15,0,141,230.0,230.0,0.0,-126637.027775,0.0
2019-02-18,15,0,142,575.43,575.43,0.0,-316829.32562,0.0
2019-02-18,15,0,143,238.5,238.5,0.0,-238500.0,0.0
2019-02-18,15,0,145,30.0,30.0,0.0,-500.349816,0.0
2019-02-18,15,0,146,268.0,268.0,0.0,-268000.0,0.0
2019-02-18,15,0,152,9.64,9.64,0.0,-24.125193,0.0
2019-02-18,15,0,153,12.42,12.42,0.0,-34.576798,0.0
2019-02-18,15,0,154,93.04,93.04,0.0,-2076.316109,0.0
2019-02-18,15,0,157,250.0,250.0,0.0,-137648.943234,0.0
2019-02-18,15,0,158,447.96,447.96,0.0,-246644.882444,0.0
2019-02-18,15,0,159,0.0,0.0,0.0,-0.0,0.0
2019-02-18,15,0,160,3.19,3.19,0.0,1.445082,0.0
2019-02-18,15,0,161,81.24,81.24,0.0,-32808.190194,0.0
2019-02-18,15,0,162,162.5,162.5,0.0,3776.548709,0.0
2019-02-18,15,0,163,142.89,142.89,0.0,-142890.0,0.0
2019-02-18,15,0,164,27.96,27.96,0.0,-27960.0,0.0
2019-02-18,15,0,167,7.5,7.5,0.0,143.939227,0.0
2019-02-18,15,0,168,3.75,3.75,0.0,71.969614,0.0
2019-02-18,15,0,169,0.0,0.0,0.0,0.0,0.0
2019-02-18,15,0,170,8.2,8.2,0.0,157.373555,0.0
2019-02-18,15,0,172,9.85,9.85,0.0,169.664603,0.0
2019-02-18,15,0,173,15.0,15.0,0.0,258.372492,0.0
2019-02-18,15,0,188,13.63,13.63,0.0,385.956745,0.0
2019-02-18,15,0,190,12.41,12.41,0.0,402.425984,0.0
2019-02-18,15,0,191,32.06,32.06,0.0,1039.627481,0.0
2019-02-18,15,0,192,332.6,332.6,0.0,10785.405497,0.0
2019-02-18,15,0,194,52.95,52.95,0.0,-6402.135048,0.0
2019-02-18,15,0,196,8.07,8.07,0.0,2211.652156,0.0
2019-02-18,15,0,198,14.14,14.14,0.0,90.582721,0.0
2019-02-18,15,0,199,130.0,130.0,0.0,-3428.04737,0.0
2019-02-18,15,0,200,23.51,23.51,0.0,-619.949182,0.0
2019-02-18,15,0,204,257.1,257.1,0.0,-2406.49603,0.0
2019-02-18,15,0,205,317.4,317.4,0.0,-2798.23667,0.0
2019-02-18,15,0,206,539.94,539.94,0.0,13036.86436,0.0
2019-02-18,15,0,210,2.86,2.86,0.0,13.541332,0.0
2019-02-18,15,0,214,16.21,16.21,0.0,208.582542,0.0
2019-02-18,15,0,217,9.83,9.83,0.0,93.365972,0.0
2019-02-18,15,0,218,13.57,13.57,0.0,128.888733,0.0
2019-02-18,15,0,219,9.24,9.24,0.0,87.762114,0.0
2019-02-18,15,0,221,8.64,8.64,0.0,111.175395,0.0
2019-02-18,15,0,225,5.0,5.0,0.0,17.000935,0.0
2019-02-18,15,0,233,6.71,6.71,0.0,63.801985,0.0
2019-02-18,15,0,236,179.56,179.56,0.0,129.84493,0.0
2019-02-18,15,0,237,522.0,522.0,0.0,-1663.569373,0.0
2019-02-18,15,0,238,61.34,61.34,0.0,158.136557,0.0
2019-02-18,15,0,240,15.93,15.93,0.0,-73.481525,0.0
2019-02-18,15,0,245,78.0,78.0,0.0,363.173987,0.0
2019-02-18,15,0,247,171.72,171.72,0.0,799.5415,0.0
2019-02-18,15,0,248,52.4,52.4,0.0,-166.99432,0.0
2019-02-18,15,0,249,150.0,150.0,0.0,698.411513,0.0
2019-02-18,15,0,251,305.75,305.75,0.0,980.471947,0.0
2019-02-18,15,0,252,267.06,267.06,0.0,956.965008,0.0
2019-02-18,15,0,254,23.3,23.3,0.0,-56.135179,0.0
2019-02-18,15,0,255,10.68,10.68,0.0,-25.730632,0.0
2019-02-18,15,0,258,19.46,19.46,0.0,-85.85261,0.0
2019-02-18,15,0,260,7.74,7.74,0.0,3.506248,0.0
2019-02-18,15,0,265,96.33,96.33,0.0,-2149.737003,0.0
2019-02-18,15,0,266,47.19,47.19,0.0,-1053.11003,0.0
2019-02-18,15,0,267,58.36,58.36,0.0,-1302.384008,0.0
2019-02-18,15,0,270,466.38,466.38,0.0,-466380.0,0.0
2019-02-18,15,0,272,150.39,150.39,0.0,-38266.624653,0.0
2019-02-18,15,0,273,37.09,37.09,0.0,-37090.0,0.0
2019-02-18,15,0,274,614.3,614.3,0.0,-614300.0,0.0
2019-02-18,15,0,275,881.73,881.73,0.0,-881730.0,0.0
2019-02-18,15,0,276,8.25,8.25,0.0,-7422.174558,0.0
2019-02-18,15,0,277,9.96,9.96,0.0,-2638.329273,0.0
2019-02-18,15,0,278,15.94,15.94,0.0,-4222.386406,0.0
2019-02-18,15,0,279,264.6,264.6,0.0,-70090.554778,0.0
2019-02-18,15,0,281,56.1,56.1,0.0,-56100.0,0.0
2019-02-18,15,0,282,407.44,407.44,0.0,-407440.0,0.0
2019-02-18,16,0,9,3.36,3.36,0.0,-1337.094686,0.0
2019-02-18,16,0,17,16.45,16.45,0.0,100.489673,0.0
2019-02-18,16,0,19,332.0,332.0,0.0,2028.11985,0.0
2019-02-18,16,0,20,419.03,419.03,0.0,2559.768256,0.0
2019-02-18,16,0,21,76.84,76.84,0.0,-30578.082038,0.0
2019-02-18,16,0,22,273.07,273.07,0.0,-108666.799351,0.0
2019-02-18,16,0,23,32.64,32.64,0.0,-12988.919804,0.0
2019-02-18,16,0,24,57.75,57.75,0.0,-22981.31491,0.0
2019-02-18,16,0,29,4.71,4.71,0.0,15.454104,0.0
2019-02-18,16,0,30,635.94,635.94,0.0,-635940.0,0.0
2019-02-18,16,0,31,125.0,125.0,0.0,-125000.0,0.0
2019-02-18,16,0,32,5.69,5.69,0.0,277.843976,0.0
2019-02-18,16,0,33,1.32,1.32,0.0,15.624003,0.0
2019-02-18,16,0,34,2.1,2.1,0.0,24.856368,0.0
2019-02-18,16,0,35,2.1,2.1,0.0,24.856368,0.0
2019-02-18,16,0,36,10.79,10.79,0.0,-26.659625,0.0
2019-02-18,16,0,37,4.69,4.69,0.0,-11.782236,0.0
2019-02-18,16,0,38,6.04,6.04,0.0,-15.173711,0.0
2019-02-18,16,0,39,4.02,4.02,0.0,-10.099059,0.0
2019-02-18,16,0,40,4.02,4.02,0.0,-10.099059,0.0
2019-02-18,16,0,41,82.36,82.36,0.0,-1637.509344,0.0
2019-02-18,16,0,42,36.9,36.9,0.0,179.601823,0.0
2019-02-18,16,0,43,35.24,35.24,0.0,-47.06653,0.0
2019-02-18,16,0,46,29.44,29.44,0.0,-116.774366,0.0
2019-02-18,16,0,52,132.5,132.5,0.0,-132500.0,0.0
2019-02-18,16,0,53,210.5,210.5,0.0,-210500.0,0.0
2019-02-18,16,0,55,623.0,623.0,0.0,-247919.639637,0.0
2019-02-18,16,0,56,187.58,187.58,0.0,-187580.0,0.0
2019-02-18,16,0,57,178.43,178.43,0.0,-178430.0,0.0
2019-02-18,16,0,58,343.13,343.13,0.0,-343130.0,0.0
2019-02-18,16,0,59,337.42,337.42,0.0,-337420.0,0.0
2019-02-18,16,0,63,47.07,47.07,0.0,5598.094022,0.0
2019-02-18,16,0,64,55.38,55.38,0.0,6586.412724,0.0
2019-02-18,16,0,65,41.4,41.4,0.0,243.356007,0.0
2019-02-18,16,0,67,362.61,362.61,0.0,-199694.175269,0.0
2019-02-18,16,0,68,34.0,34.0,0.0,-13735.959636,0.0
2019-02-18,16,0,69,1.32,1.32,0.0,15.624003,0.0
2019-02-18,16,0,74,134.72,134.72,0.0,-123.05169,0.0
2019-02-18,16,0,77,60.0,60.0,0.0,-16842.64367,0.0
2019-02-18,16,0,78,45.36,45.36,0.0,-12733.038615,0.0
2019-02-18,16,0,79,26.25,26.25,0.0,-7368.656606,0.0
2019-02-18,16,0,80,42.45,42.45,0.0,-11916.170397,0.0
2019-02-18,16,0,81,55.5,55.5,0.0,-15579.445395,0.0
2019-02-18,16,0,82,39.15,39.15,0.0,-10989.824995,0.0
2019-02-18,16,0,83,87.3,87.3,0.0,-24506.04654,0.0
2019-02-18,16,0,84,0.0,0.0,0.0,0.0,0.0
2019-02-18,16,0,86,6.66,6.66,0.0,78.830197,0.0
2019-02-18,16,0,87,34.02,34.02,0.0,402.673168,0.0
2019-02-18,16,0,88,51.18,51.18,0.0,-14366.775051,0.0
2019-02-18,16,0,89,49.2,49.2,0.0,-13810.96781,0.0
2019-02-18,16,0,90,66.06,66.06,0.0,-18543.750681,0.0
2019-02-18,16,0,91,235.65,235.65,0.0,-66149.483015,0.0
2019-02-18,16,0,92,84.75,84.75,0.0,-23790.234184,0.0
2019-02-18,16,0,95,120.0,120.0,0.0,2691.568394,0.0
2019-02-18,16,0,96,29.88,29.88,0.0,804.306926,0.0
2019-02-18,16,0,97,183.75,183.75,0.0,4946.164578,0.0
2019-02-18,16,0,99,29.54,29.54,0.0,-26.981494,0.0
2019-02-18,16,0,101,12.81,12.81,0.0,-12810.0,0.0
2019-02-18,16,0,102,80.5,80.5,0.0,-32521.904433,0.0
2019-02-18,16,0,103,70.0,70.0,0.0,-28279.916898,0.0
2019-02-18,16,0,104,13.0,13.0,0.0,-5251.984567,0.0
2019-02-18,16,0,106,268.81,268.81,0.0,-106971.554303,0.0
2019-02-18,16,0,109,60.0,60.0,0.0,-391.901372,0.0
2019-02-18,16,0,110,338.6,338.6,0.0,-338600.0,0.0
2019-02-18,16,0,111,19.82,19.82,0.0,-394.067936,0.0
2019-02-18,16,0,113,45.0,45.0,0.0,-11456.450506,0.0
2019-02-18,16,0,115,45.0,45.0,0.0,-11456.450506,0.0
2019-02-18,16,0,116,127.94,127.94,0.0,-127940.0,0.0
2019-02-18,16,0,117,3.0,3.0,0.0,-763.763367,0.0
2019-02-18,16,0,119,55.38,55.38,0.0,6586.412724,0.0
2019-02-18,16,0,120,32.56,32.56,0.0,3872.401558,0.0
2019-02-18,16,0,123,4.48,4.48,0.0,-1782.792914,0.0
2019-02-18,16,0,125,52.26,52.26,0.0,-20796.597701,0.0
2019-02-18,16,0,126,201.61,201.61,0.0,-80229.660589,0.0
2019-02-18,16,0,127,258.73,258.73,0.0,-102960.270246,0.0
2019-02-18,16,0,128,74.85,74.85,0.0,-29786.171793,0.0
2019-02-18,16,0,131,30.0,30.0,0.0,-10944.476202,0.0
2019-02-18,16,0,132,44.1,44.1,0.0,-16088.380017,0.0
2019-02-18,16,0,133,50.5,50.5,0.0,309.591443,0.0
2019-02-18,16,0,134,0.0,0.0,0.0,0.0,0.0
2019-02-18,16,0,135,64.2,64.2,0.0,393.579616,0.0
2019-02-18,16,0,136,45.9,45.9,0.0,269.2266,0.0
2019-02-18,16,0,139,107.25,107.25,0.0,-2132.380733,0.0
2019-02-18,16,0,140,250.6,250.6,0.0,-250600.0,0.0
2019-02-18,16,0,141,230.0,230.0,0.0,-126664.07521,0.0
2019-02-18,16,0,142,478.19,478.19,0.0,-263345.626629,0.0
2019-02-18,16,0,143,238.5,238.5,0.0,-238500.0,0.0
2019-02-18,16,0,145,30.0,30.0,0.0,-424.994481,0.0
2019-02-18,16,0,146,268.0,268.0,0.0,-268000.0,0.0
2019-02-18,16,0,152,6.34,6.34,0.0,-1.596557,0.0
2019-02-18,16,0,153,8.03,8.03,0.0,-4.299259,0.0
2019-02-18,16,0,154,81.78,81.78,0.0,-1625.977588,0.0
2019-02-18,16,0,157,250.0,250.0,0.0,-137678.34262,0.0
2019-02-18,16,0,158,396.12,396.12,0.0,-218148.580314,0.0
2019-02-18,16,0,159,0.0,0.0,0.0,0.0,0.0
2019-02-18,16,0,160,2.82,2.82,0.0,6.332384,0.0
2019-02-18,16,0,161,67.65,67.65,0.0,-27330.519688,0.0
2019-02-18,16,0,162,161.03,161.03,0.0,3742.316471,0.0
2019-02-18,16,0,163,146.36,146.36,0.0,-146360.0,0.0
2019-02-18,16,0,164,23.48,23.48,0.0,-23480.0,0.0
2019-02-18,16,0,167,6.57,6.57,0.0,126.112875,0.0
2019-02-18,16,0,168,3.29,3.29,0.0,63.152414,0.0
2019-02-18,16,0,169,0.0,0.0,0.0,0.0,0.0
2019-02-18,16,0,170,7.19,7.19,0.0,138.013937,0.0
2019-02-18,16,0,172,8.39,8.39,0.0,144.464344,0.0
2019-02-18,16,0,173,12.78,12.78,0.0,220.054149,0.0
2019-02-18,16,0,188,11.43,11.43,0.0,323.108395,0.0
2019-02-18,16,0,190,10.32,10.32,0.0,334.652389,0.0
2019-02-18,16,0,191,26.66,26.66,0.0,864.518673,0.0
2019-02-18,16,0,192,330.37,330.37,0.0,10713.092045,0.0
2019-02-18,16,0,194,52.95,52.95,0.0,-6407.302402,0.0
2019-02-18,16,0,196,6.99,6.99,0.0,1914.797569,0.0
2019-02-18,16,0,198,12.25,12.25,0.0,93.751153,0.0
2019-02-18,16,0,199,130.0,130.0,0.0,-3403.061232,0.0
2019-02-18,16,0,200,20.03,20.03,0.0,-524.333204,0.0
2019-02-18,16,0,204,257.1,257.1,0.0,-1817.590757,0.0
2019-02-18,16,0,205,317.4,317.4,0.0,-2073.158256,0.0
2019-02-18,16,0,206,539.94,539.94,0.0,14534.052256,0.0
2019-02-18,16,0,210,2.31,2.31,0.0,10.575795,0.0
2019-02-18,16,0,214,9.87,9.87,0.0,150.169308,0.0
2019-02-18,16,0,217,7.14,7.14,0.0,76.709799,0.0
2019-02-18,16,0,218,9.85,9.85,0.0,105.825143,0.0
2019-02-18,16,0,219,6.71,6.71,0.0,72.090022,0.0
2019-02-18,16,0,221,5.26,5.26,0.0,80.029439,0.0
2019-02-18,16,0,225,3.99,3.99,0.0,12.591871,0.0
2019-02-18,16,0,233,3.77,3.77,0.0,44.623099,0.0
2019-02-18,16,0,236,159.03,159.03,0.0,477.006375,0.0
2019-02-18,16,0,237,308.11,308.11,0.0,-281.424111,0.0
2019-02-18,16,0,238,48.02,48.02,0.0,233.725733,0.0
2019-02-18,16,0,240,12.23,12.23,0.0,-30.217536,0.0
2019-02-18,16,0,245,78.0,78.0,0.0,542.637425,0.0
2019-02-18,16,0,247,171.72,171.72,0.0,1194.637163,0.0
2019-02-18,16,0,248,36.28,36.28,0.0,-33.137732,0.0
2019-02-18,16,0,249,150.0,150.0,0.0,1043.53351,0.0
2019-02-18,16,0,251,326.4,326.4,0.0,1795.039327,0.0
2019-02-18,16,0,252,267.06,267.06,0.0,1569.822588,0.0
2019-02-18,16,0,254,17.78,17.78,0.0,-7.769296,0.0
2019-02-18,16,0,255,8.15,8.15,0.0,-3.561292,0.0
2019-02-18,16,0,258,15.66,15.66,0.0,-35.821186,0.0
2019-02-18,16,0,260,6.85,6.85,0.0,15.381854,0.0
2019-02-18,16,0,265,84.67,84.67,0.0,-1683.437545,0.0
2019-02-18,16,0,266,68.38,68.38,0.0,-1359.554261,0.0
2019-02-18,16,0,267,84.71,84.71,0.0,-1684.232838,0.0
2019-02-18,16,0,270,395.58,395.58,0.0,-395580.0,0.0
2019-02-18,16,0,272,150.39,150.39,0.0,-38287.45759,0.0
2019-02-18,16,0,273,30.59,30.59,0.0,-30590.0,0.0
2019-02-18,16,0,274,493.67,493.67,0.0,-493670.0,0.0
2019-02-18,16,0,275,661.83,661.83,0.0,-661830.0,0.0
2019-02-18,16,0,276,7.04,7.04,0.0,-6333.773806,0.0
2019-02-18,16,0,277,8.57,8.57,0.0,-2271.571885,0.0
2019-02-18,16,0,278,13.72,13.72,0.0,-3636.635503,0.0
2019-02-18,16,0,279,604.22,604.22,0.0,-160155.095037,0.0
2019-02-18,16,0,281,56.1,56.1,0.0,-56100.0,0.0
2019-02-18,16,0,282,348.85,348.85,0.0,-348850.0,0.0
2019-02-18,17,0,9,2.49,2.49,0.0,-33.797775,0.0
2019-02-18,17,0,17,12.27,12.27,0.0,84.272658,0.0
2019-02-18,17,0,19,284.63,284.63,0.0,1954.892153,0.0
2019-02-18,17,0,20,342.76,342.76,0.0,2354.139881,0.0
2019-02-18,17,0,21,56.99,56.99,0.0,-773.548267,0.0
2019-02-18,17,0,22,202.53,202.53,0.0,-2749.021418,0.0
2019-02-18,17,0,23,47.2,47.2,0.0,-640.664647,0.0
2019-02-18,17,0,24,83.96,83.96,0.0,-1139.622961,0.0
2019-02-18,17,0,29,3.38,3.38,0.0,15.803022,0.0
2019-02-18,17,0,30,468.11,468.11,0.0,-6411.655349,0.0
2019-02-18,17,0,31,125.0,125.0,0.0,-1712.112364,0.0
2019-02-18,17,0,32,3.94,3.94,0.0,200.546866,0.0
2019-02-18,17,0,33,0.97,0.97,0.0,10.462724,0.0
2019-02-18,17,0,34,1.55,1.55,0.0,16.718786,0.0
2019-02-18,17,0,35,1.55,1.55,0.0,16.718786,0.0
2019-02-18,17,0,36,7.84,7.84,0.0,4.252229,0.0
2019-02-18,17,0,37,3.44,3.44,0.0,1.44588,0.0
2019-02-18,17,0,38,4.42,4.42,0.0,1.857787,0.0
2019-02-18,17,0,39,2.95,2.95,0.0,1.239926,0.0
2019-02-18,17,0,40,2.95,2.95,0.0,1.239926,0.0
2019-02-18,17,0,41,34.8,34.8,0.0,-245.889536,0.0
2019-02-18,17,0,42,27.17,27.17,0.0,163.53283,0.0
2019-02-18,17,0,43,25.64,25.64,0.0,30.811517,0.0
2019-02-18,17,0,46,21.44,21.44,0.0,-20.227624,0.0
2019-02-18,17,0,52,132.5,132.5,0.0,-1814.839106,0.0
2019-02-18,17,0,53,210.5,210.5,0.0,-2883.197221,0.0
2019-02-18,17,0,55,623.0,623.0,0.0,-8456.230402,0.0
2019-02-18,17,0,56,138.07,138.07,0.0,-1891.130833,0.0
2019-02-18,17,0,57,131.34,131.34,0.0,-1798.950703,0.0
2019-02-18,17,0,58,252.57,252.57,0.0,-3459.425758,0.0
2019-02-18,17,0,59,248.37,248.37,0.0,-3401.898782,0.0
2019-02-18,17,0,63,95.49,95.49,0.0,11461.901714,0.0
2019-02-18,17,0,64,112.31,112.31,0.0,13480.848063,0.0
2019-02-18,17,0,65,41.4,41.4,0.0,277.811278,0.0
2019-02-18,17,0,67,267.81,267.81,0.0,-147718.351319,0.0
2019-02-18,17,0,68,19.11,19.11,0.0,-7742.359386,0.0
2019-02-18,17,0,69,0.97,0.97,0.0,10.462724,0.0
2019-02-18,17,0,74,104.24,104.24,0.0,238.44846,0.0
2019-02-18,17,0,77,60.0,60.0,0.0,-16946.370597,0.0
2019-02-18,17,0,78,45.36,45.36,0.0,-12811.456171,0.0
2019-02-18,17,0,79,26.25,26.25,0.0,-7414.037136,0.0
2019-02-18,17,0,80,42.45,42.45,0.0,-11989.557198,0.0
2019-02-18,17,0,81,55.5,55.5,0.0,-15675.392802,0.0
2019-02-18,17,0,82,39.15,39.15,0.0,-11057.506815,0.0
2019-02-18,17,0,83,87.3,87.3,0.0,-24656.969219,0.0
2019-02-18,17,0,84,0.0,0.0,0.0,0.0,0.0
2019-02-18,17,0,86,4.9,4.9,0.0,52.852937,0.0
2019-02-18,17,0,87,25.03,25.03,0.0,269.981431,0.0
2019-02-18,17,0,88,51.18,51.18,0.0,-14455.254119,0.0
2019-02-18,17,0,89,49.2,49.2,0.0,-13896.02389,0.0
2019-02-18,17,0,90,66.06,66.06,0.0,-18657.954028,0.0
2019-02-18,17,0,91,235.65,235.65,0.0,-66556.87052,0.0
2019-02-18,17,0,92,84.75,84.75,0.0,-23936.748469,0.0
2019-02-18,17,0,95,105.74,105.74,0.0,2371.72035,0.0
2019-02-18,17,0,96,29.88,29.88,0.0,-413.119796,0.0
2019-02-18,17,0,97,183.75,183.75,0.0,-2540.520835,0.0
2019-02-18,17,0,99,21.2,21.2,0.0,48.49489,0.0
2019-02-18,17,0,101,9.43,9.43,0.0,-129.161757,0.0
2019-02-18,17,0,102,45.19,45.19,0.0,-18308.593441,0.0
2019-02-18,17,0,103,39.3,39.3,0.0,-15922.277544,0.0
2019-02-18,17,0,104,7.33,7.33,0.0,-2969.727593,0.0
2019-02-18,17,0,106,199.37,199.37,0.0,-2706.129463,0.0
2019-02-18,17,0,109,60.0,60.0,0.0,-177.158098,0.0
2019-02-18,17,0,110,338.6,338.6,0.0,-338600.0,0.0
2019-02-18,17,0,111,15.23,15.23,0.0,-107.612001,0.0
2019-02-18,17,0,113,45.0,45.0,0.0,-11485.808425,0.0
2019-02-18,17,0,115,45.0,45.0,0.0,-11485.808425,0.0
2019-02-18,17,0,116,94.13,94.13,0.0,-94130.0,0.0
2019-02-18,17,0,117,3.0,3.0,0.0,-765.720562,0.0
2019-02-18,17,0,119,112.31,112.31,0.0,13480.848063,0.0
2019-02-18,17,0,120,66.1,66.1,0.0,7934.147066,0.0
2019-02-18,17,0,123,3.32,3.32,0.0,-45.0637,0.0
2019-02-18,17,0,125,75.89,75.89,0.0,-1030.085594,0.0
2019-02-18,17,0,126,149.53,149.53,0.0,-2029.63103,0.0
2019-02-18,17,0,127,191.89,191.89,0.0,-2604.600404,0.0
2019-02-18,17,0,128,109.23,109.23,0.0,-1482.622868,0.0
2019-02-18,17,0,131,30.0,30.0,0.0,-10981.186738,0.0
2019-02-18,17,0,132,44.1,44.1,0.0,-16142.344505,0.0
2019-02-18,17,0,133,111.85,111.85,0.0,769.869326,0.0
2019-02-18,17,0,134,0.0,0.0,0.0,0.0,0.0
2019-02-18,17,0,135,146.43,146.43,0.0,1007.885252,0.0
2019-02-18,17,0,136,45.9,45.9,0.0,307.610604,0.0
2019-02-18,17,0,139,44.94,44.94,0.0,-317.53666,0.0
2019-02-18,17,0,140,250.6,250.6,0.0,-250600.0,0.0
2019-02-18,17,0,141,230.0,230.0,0.0,-126863.152247,0.0
2019-02-18,17,0,142,353.18,353.18,0.0,-194806.643959,0.0
2019-02-18,17,0,143,238.5,238.5,0.0,-3266.71039,0.0
2019-02-18,17,0,145,30.0,30.0,0.0,-291.221686,0.0
2019-02-18,17,0,146,268.0,268.0,0.0,-268000.0,0.0
2019-02-18,17,0,152,4.67,4.67,0.0,11.114754,0.0
2019-02-18,17,0,153,5.89,5.89,0.0,12.823088,0.0
2019-02-18,17,0,154,62.83,62.83,0.0,-443.943666,0.0
2019-02-18,17,0,157,250.0,250.0,0.0,-137894.730703,0.0
2019-02-18,17,0,158,299.36,299.36,0.0,-165120.666333,0.0
2019-02-18,17,0,159,0.0,0.0,0.0,0.0,0.0
2019-02-18,17,0,160,2.07,2.07,0.0,7.788703,0.0
2019-02-18,17,0,161,49.44,49.44,0.0,-20030.468239,0.0
2019-02-18,17,0,162,144.78,144.78,0.0,3363.157716,0.0
2019-02-18,17,0,163,185.4,185.4,0.0,-185400.0,0.0
2019-02-18,17,0,164,17.48,17.48,0.0,-239.421793,0.0
2019-02-18,17,0,167,4.61,4.61,0.0,88.182207,0.0
2019-02-18,17,0,168,2.3,2.3,0.0,43.995461,0.0
2019-02-18,17,0,169,0.0,0.0,0.0,0.0,0.0
2019-02-18,17,0,170,5.04,5.04,0.0,96.407446,0.0
2019-02-18,17,0,172,5.89,5.89,0.0,117.100178,0.0
2019-02-18,17,0,173,8.97,8.97,0.0,178.334227,0.0
2019-02-18,17,0,188,7.87,7.87,0.0,236.127959,0.0
2019-02-18,17,0,190,7.42,7.42,0.0,240.612474,0.0
2019-02-18,17,0,191,19.16,19.16,0.0,621.311994,0.0
2019-02-18,17,0,192,332.6,332.6,0.0,10785.405497,0.0
2019-02-18,17,0,194,52.95,52.95,0.0,-6399.810572,0.0
2019-02-18,17,0,196,5.14,5.14,0.0,1412.33477,0.0
2019-02-18,17,0,198,8.83,8.83,0.0,67.342906,0.0
2019-02-18,17,0,199,130.0,130.0,0.0,-3425.233634,0.0
2019-02-18,17,0,200,14.37,14.37,0.0,-378.620056,0.0
2019-02-18,17,0,204,257.1,257.1,0.0,-893.055135,0.0
2019-02-18,17,0,205,317.4,317.4,0.0,-937.166338,0.0
2019-02-18,17,0,206,539.94,539.94,0.0,-7465.190857,0.0
2019-02-18,17,0,210,1.67,1.67,0.0,9.345885,0.0
2019-02-18,17,0,214,7.06,7.06,0.0,92.524425,0.0
2019-02-18,17,0,217,5.06,5.06,0.0,50.246792,0.0
2019-02-18,17,0,218,6.98,6.98,0.0,69.312768,0.0
2019-02-18,17,0,219,4.76,4.76,0.0,47.267733,0.0
2019-02-18,17,0,221,3.76,3.76,0.0,49.276464,0.0
2019-02-18,17,0,225,2.89,2.89,0.0,13.255035,0.0
2019-02-18,17,0,233,2.77,2.77,0.0,29.878089,0.0
2019-02-18,17,0,236,159.03,159.03,0.0,748.519961,0.0
2019-02-18,17,0,237,257.58,257.58,0.0,589.212916,0.0
2019-02-18,17,0,238,35.36,35.36,0.0,212.827415,0.0
2019-02-18,17,0,240,8.88,8.88,0.0,4.8163,0.0
2019-02-18,17,0,245,78.0,78.0,0.0,580.971594,0.0
2019-02-18,17,0,247,171.72,171.72,0.0,1279.031309,0.0
2019-02-18,17,0,248,26.21,26.21,0.0,59.955239,0.0
2019-02-18,17,0,249,150.0,150.0,0.0,1117.253065,0.0
2019-02-18,17,0,251,326.4,326.4,0.0,2105.732148,0.0
2019-02-18,17,0,252,267.06,267.06,0.0,1792.084054,0.0
2019-02-18,17,0,254,12.8,12.8,0.0,23.607464,0.0
2019-02-18,17,0,255,5.87,5.87,0.0,10.826235,0.0
2019-02-18,17,0,258,11.42,11.42,0.0,7.410003,0.0
2019-02-18,17,0,260,5.02,5.02,0.0,18.888546,0.0
2019-02-18,17,0,265,65.05,65.05,0.0,-459.629722,0.0
2019-02-18,17,0,266,29.1,29.1,0.0,-205.614526,0.0
2019-02-18,17,0,267,35.76,35.76,0.0,-252.672696,0.0
2019-02-18,17,0,270,578.99,578.99,0.0,-578990.0,0.0
2019-02-18,17,0,272,150.39,150.39,0.0,-38385.571757,0.0
2019-02-18,17,0,273,22.51,22.51,0.0,-22510.0,0.0
2019-02-18,17,0,274,746.39,746.39,0.0,-746390.0,0.0
2019-02-18,17,0,275,1038.99,1038.99,0.0,-1038990.0,0.0
2019-02-18,17,0,276,5.13,5.13,0.0,-4616.369209,0.0
2019-02-18,17,0,277,6.37,6.37,0.0,-1695.342597,0.0
2019-02-18,17,0,278,10.19,10.19,0.0,-2712.015865,0.0
2019-02-18,17,0,279,264.6,264.6,0.0,-70421.923247,0.0
2019-02-18,17,0,281,56.1,56.1,0.0,-768.396029,0.0
2019-02-18,17,0,282,256.78,256.78,0.0,-3517.089702,0.0
2019-02-18,18,0,9,1.59,1.59,0.0,-12.919211,0.0
2019-02-18,18,0,17,7.36,7.36,0.0,53.345415,0.0
2019-02-18,18,0,19,332.94,332.94,0.0,2413.155208,0.0
2019-02-18,18,0,20,405.43,405.43,0.0,2938.564053,0.0
2019-02-18,18,0,21,36.42,36.42,0.0,-295.923061,0.0
2019-02-18,18,0,22,129.42,129.42,0.0,-1051.57503,0.0
2019-02-18,18,0,23,94.93,94.93,0.0,-771.333778,0.0
2019-02-18,18,0,24,168.46,168.46,0.0,-1368.78635,0.0
2019-02-18,18,0,29,1.88,1.88,0.0,10.367007,0.0
2019-02-18,18,0,30,301.06,301.06,0.0,-2474.099086,0.0
2019-02-18,18,0,31,92.34,92.34,0.0,-758.846441,0.0
2019-02-18,18,0,32,2.26,2.26,0.0,119.073369,0.0
2019-02-18,18,0,33,0.58,0.58,0.0,5.919145,0.0
2019-02-18,18,0,34,0.92,0.92,0.0,9.388989,0.0
2019-02-18,18,0,35,0.92,0.92,0.0,9.388989,0.0
2019-02-18,18,0,36,4.74,4.74,0.0,11.667503,0.0
2019-02-18,18,0,37,2.08,2.08,0.0,4.924321,0.0
2019-02-18,18,0,38,2.67,2.67,0.0,6.321124,0.0
2019-02-18,18,0,39,1.78,1.78,0.0,4.214083,0.0
2019-02-18,18,0,40,1.78,1.78,0.0,4.214083,0.0
2019-02-18,18,0,41,34.8,34.8,0.0,-112.730138,0.0
2019-02-18,18,0,42,17.02,17.02,0.0,112.450401,0.0
2019-02-18,18,0,43,15.39,15.39,0.0,45.341326,0.0
2019-02-18,18,0,46,12.92,12.92,0.0,17.340559,0.0
2019-02-18,18,0,52,97.89,97.89,0.0,-804.45612,0.0
2019-02-18,18,0,53,155.55,155.55,0.0,-1278.303703,0.0
2019-02-18,18,0,55,460.54,460.54,0.0,-3742.021049,0.0
2019-02-18,18,0,56,88.8,88.8,0.0,-729.754862,0.0
2019-02-18,18,0,57,84.47,84.47,0.0,-694.171095,0.0
2019-02-18,18,0,58,162.44,162.44,0.0,-1334.925449,0.0
2019-02-18,18,0,59,159.74,159.74,0.0,-1312.736956,0.0
2019-02-18,18,0,63,170.0,170.0,0.0,20704.482249,0.0
2019-02-18,18,0,64,200.0,200.0,0.0,24358.21441,0.0
2019-02-18,18,0,65,41.4,41.4,0.0,295.137842,0.0
2019-02-18,18,0,67,171.33,171.33,0.0,-94520.791884,0.0
2019-02-18,18,0,68,10.2,10.2,0.0,-4133.982277,0.0
2019-02-18,18,0,69,0.58,0.58,0.0,5.919145,0.0
2019-02-18,18,0,74,65.28,65.28,0.0,247.557897,0.0
2019-02-18,18,0,77,60.0,60.0,0.0,-16968.79872,0.0
2019-02-18,18,0,78,45.36,45.36,0.0,-12828.411833,0.0
2019-02-18,18,0,79,26.25,26.25,0.0,-7423.84944,0.0
2019-02-18,18,0,80,42.45,42.45,0.0,-12005.425095,0.0
2019-02-18,18,0,81,55.5,55.5,0.0,-15696.138816,0.0
2019-02-18,18,0,82,39.15,39.15,0.0,-11072.141165,0.0
2019-02-18,18,0,83,87.3,87.3,0.0,-24689.602138,0.0
2019-02-18,18,0,84,0.0,0.0,0.0,0.0,0.0
2019-02-18,18,0,86,2.92,2.92,0.0,29.799835,0.0
2019-02-18,18,0,87,14.92,14.92,0.0,152.264913,0.0
2019-02-18,18,0,88,51.18,51.18,0.0,-14474.385308,0.0
2019-02-18,18,0,89,49.2,49.2,0.0,-13914.414951,0.0
2019-02-18,18,0,90,66.06,66.06,0.0,-18682.647391,0.0
2019-02-18,18,0,91,235.65,235.65,0.0,-66644.956974,0.0
2019-02-18,18,0,92,84.75,84.75,0.0,-23968.428192,0.0
2019-02-18,18,0,95,79.86,79.86,0.0,2029.537559,0.0
2019-02-18,18,0,96,29.88,29.88,0.0,-248.446511,0.0
2019-02-18,18,0,97,183.75,183.75,0.0,-1527.846267,0.0
2019-02-18,18,0,99,12.6,12.6,0.0,47.782315,0.0
2019-02-18,18,0,101,6.06,6.06,0.0,-49.800839,0.0
2019-02-18,18,0,102,24.15,24.15,0.0,-9787.810978,0.0
2019-02-18,18,0,103,21.0,21.0,0.0,-8511.139981,0.0
2019-02-18,18,0,104,3.9,3.9,0.0,-1580.640282,0.0
2019-02-18,18,0,106,127.41,127.41,0.0,-1035.243197,0.0
2019-02-18,18,0,109,60.0,60.0,0.0,-9.456594,0.0
2019-02-18,18,0,110,338.6,338.6,0.0,-338600.0,0.0
2019-02-18,18,0,111,9.62,9.62,0.0,-31.162757,0.0
2019-02-18,18,0,113,45.0,45.0,0.0,-11473.600349,0.0
2019-02-18,18,0,115,45.0,45.0,0.0,-11473.600349,0.0
2019-02-18,18,0,116,57.9,57.9,0.0,-57900.0,0.0
2019-02-18,18,0,117,3.0,3.0,0.0,-764.90669,0.0
2019-02-18,18,0,119,200.0,200.0,0.0,24358.21441,0.0
2019-02-18,18,0,120,117.6,117.6,0.0,14322.630073,0.0
2019-02-18,18,0,123,2.12,2.12,0.0,-17.225615,0.0
2019-02-18,18,0,125,152.35,152.35,0.0,-1237.887929,0.0
2019-02-18,18,0,126,95.55,95.55,0.0,-776.371458,0.0
2019-02-18,18,0,127,122.63,122.63,0.0,-996.404311,0.0
2019-02-18,18,0,128,218.77,218.77,0.0,-1777.56969,0.0
2019-02-18,18,0,131,30.0,30.0,0.0,-10985.83451,0.0
2019-02-18,18,0,132,44.1,44.1,0.0,-16149.17673,0.0
2019-02-18,18,0,133,139.8,139.8,0.0,1014.841458,0.0
2019-02-18,18,0,134,0.0,0.0,0.0,0.0,0.0
2019-02-18,18,0,135,187.33,187.33,0.0,1359.873035,0.0
2019-02-18,18,0,136,45.9,45.9,0.0,326.91797,0.0
2019-02-18,18,0,139,44.94,44.94,0.0,-145.577368,0.0
2019-02-18,18,0,140,250.6,250.6,0.0,-250600.0,0.0
2019-02-18,18,0,141,230.0,230.0,0.0,-126888.356583,0.0
2019-02-18,18,0,142,225.95,225.95,0.0,-124654.01813,0.0
2019-02-18,18,0,143,176.17,176.17,0.0,-1447.758042,0.0
2019-02-18,18,0,145,30.0,30.0,0.0,-156.749376,0.0
2019-02-18,18,0,146,268.0,268.0,0.0,-268000.0,0.0
2019-02-18,18,0,152,2.85,2.85,0.0,10.998971,0.0
2019-02-18,18,0,153,3.59,3.59,0.0,13.304685,0.0
2019-02-18,18,0,154,39.67,39.67,0.0,-128.505878,0.0
2019-02-18,18,0,157,250.0,250.0,0.0,-137922.126721,0.0
2019-02-18,18,0,158,193.68,193.68,0.0,-106851.030013,0.0
2019-02-18,18,0,159,0.0,0.0,0.0,0.0,0.0
2019-02-18,18,0,160,1.23,1.23,0.0,5.965295,0.0
2019-02-18,18,0,161,31.13,31.13,0.0,-12616.751791,0.0
2019-02-18,18,0,162,129.72,129.72,0.0,3399.283944,0.0
2019-02-18,18,0,163,185.4,185.4,0.0,-185400.0,0.0
2019-02-18,18,0,164,11.1,11.1,0.0,-91.219358,0.0
2019-02-18,18,0,167,2.61,2.61,0.0,57.827241,0.0
2019-02-18,18,0,168,1.31,1.31,0.0,29.024401,0.0
2019-02-18,18,0,169,0.0,0.0,0.0,0.0,0.0
2019-02-18,18,0,170,2.86,2.86,0.0,63.366249,0.0
2019-02-18,18,0,172,3.36,3.36,0.0,81.504788,0.0
2019-02-18,18,0,173,5.12,5.12,0.0,124.197772,0.0
2019-02-18,18,0,188,4.53,4.53,0.0,145.615562,0.0
2019-02-18,18,0,190,4.45,4.45,0.0,144.302629,0.0
2019-02-18,18,0,191,11.51,11.51,0.0,373.241182,0.0
2019-02-18,18,0,192,332.6,332.6,0.0,10785.405497,0.0
2019-02-18,18,0,194,98.98,98.98,0.0,-11879.444472,0.0
2019-02-18,18,0,196,3.12,3.12,0.0,862.568552,0.0
2019-02-18,18,0,198,5.18,5.18,0.0,39.89324,0.0
2019-02-18,18,0,199,128.71,128.71,0.0,-3272.292783,0.0
2019-02-18,18,0,200,8.36,8.36,0.0,-212.542675,0.0
2019-02-18,18,0,204,257.1,257.1,0.0,-141.331218,0.0
2019-02-18,18,0,205,317.4,317.4,0.0,-50.025383,0.0
2019-02-18,18,0,206,539.94,539.94,0.0,-4489.498305,0.0
2019-02-18,18,0,210,0.93,0.93,0.0,5.809477,0.0
2019-02-18,18,0,214,4.06,4.06,0.0,48.541223,0.0
2019-02-18,18,0,217,2.87,2.87,0.0,27.322034,0.0
2019-02-18,18,0,218,3.96,3.96,0.0,37.698695,0.0
2019-02-18,18,0,219,2.7,2.7,0.0,25.703656,0.0
2019-02-18,18,0,221,2.17,2.17,0.0,25.944447,0.0
2019-02-18,18,0,225,1.62,1.62,0.0,8.818691,0.0
2019-02-18,18,0,233,1.65,1.65,0.0,16.838948,0.0
2019-02-18,18,0,236,159.03,159.03,0.0,893.163667,0.0
2019-02-18,18,0,237,156.6,156.6,0.0,593.86591,0.0
2019-02-18,18,0,238,22.15,22.15,0.0,146.344089,0.0
2019-02-18,18,0,240,5.38,5.38,0.0,13.242862,0.0
2019-02-18,18,0,245,78.0,78.0,0.0,599.502414,0.0
2019-02-18,18,0,247,171.72,171.72,0.0,1319.827621,0.0
2019-02-18,18,0,248,15.72,15.72,0.0,59.614126,0.0
2019-02-18,18,0,249,150.0,150.0,0.0,1152.889257,0.0
2019-02-18,18,0,251,314.59,314.59,0.0,2181.183269,0.0
2019-02-18,18,0,252,267.06,267.06,0.0,1903.852951,0.0
2019-02-18,18,0,254,7.62,7.62,0.0,26.089777,0.0
2019-02-18,18,0,255,3.49,3.49,0.0,11.949255,0.0
2019-02-18,18,0,258,6.91,6.91,0.0,17.549842,0.0
2019-02-18,18,0,260,2.99,2.99,0.0,14.501001,0.0
2019-02-18,18,0,265,41.07,41.07,0.0,-133.040999,0.0
2019-02-18,18,0,266,29.1,29.1,0.0,-94.265719,0.0
2019-02-18,18,0,267,35.76,35.76,0.0,-115.839935,0.0
2019-02-18,18,0,270,579.0,579.0,0.0,-579000.0,0.0
2019-02-18,18,0,272,150.39,150.39,0.0,-38344.772366,0.0
2019-02-18,18,0,273,13.85,13.85,0.0,-13850.0,0.0
2019-02-18,18,0,274,746.4,746.4,0.0,-746400.0,0.0
2019-02-18,18,0,275,1039.0,1039.0,0.0,-1039000.0,0.0
2019-02-18,18,0,276,3.17,3.17,0.0,-2852.687776,0.0
2019-02-18,18,0,277,3.94,3.94,0.0,-1048.560758,0.0
2019-02-18,18,0,278,6.3,6.3,0.0,-1676.632684,0.0
2019-02-18,18,0,279,264.6,264.6,0.0,-70418.572739,0.0
2019-02-18,18,0,281,41.41,41.41,0.0,-340.30573,0.0
2019-02-18,18,0,282,165.15,165.15,0.0,-1357.196121,0.0
2019-02-18,19,0,9,0.46,0.46,0.0,3.438833,0.0
2019-02-18,19,0,17,1.26,1.26,0.0,12.788693,0.0
2019-02-18,19,0,19,615.51,615.51,0.0,6247.27641,0.0
2019-02-18,19,0,20,748.14,748.14,0.0,7593.438568,0.0
2019-02-18,19,0,21,10.45,10.45,0.0,78.121304,0.0
2019-02-18,19,0,22,37.13,37.13,0.0,277.57359,0.0
2019-02-18,19,0,23,108.8,108.8,0.0,813.358647,0.0
2019-02-18,19,0,24,192.5,192.5,0.0,1439.07665,0.0
2019-02-18,19,0,29,0.07,0.07,0.0,0.501338,0.0
2019-02-18,19,0,30,97.14,97.14,0.0,724.811617,0.0
2019-02-18,19,0,31,37.5,37.5,0.0,279.806832,0.0
2019-02-18,19,0,32,0.25,0.25,0.0,12.628378,0.0
2019-02-18,19,0,33,0.09,0.09,0.0,0.968753,0.0
2019-02-18,19,0,34,0.15,0.15,0.0,1.614588,0.0
2019-02-18,19,0,35,0.15,0.15,0.0,1.614588,0.0
2019-02-18,19,0,36,0.78,0.78,0.0,7.056342,0.0
2019-02-18,19,0,37,0.35,0.35,0.0,3.153306,0.0
2019-02-18,19,0,38,0.45,0.45,0.0,4.05425,0.0
2019-02-18,19,0,39,0.3,0.3,0.0,2.702834,0.0
2019-02-18,19,0,40,0.3,0.3,0.0,2.702834,0.0
2019-02-18,19,0,41,34.8,34.8,0.0,287.079766,0.0
2019-02-18,19,0,42,4.38,4.38,0.0,43.872829,0.0
2019-02-18,19,0,43,2.31,2.31,0.0,20.852179,0.0
2019-02-18,19,0,46,2.18,2.18,0.0,19.258301,0.0
2019-02-18,19,0,52,39.75,39.75,0.0,296.595241,0.0
2019-02-18,19,0,53,63.15,63.15,0.0,471.194704,0.0
2019-02-18,19,0,55,186.9,186.9,0.0,1397.212602,0.0
2019-02-18,19,0,56,28.65,28.65,0.0,213.772419,0.0
2019-02-18,19,0,57,27.25,27.25,0.0,203.326298,0.0
2019-02-18,19,0,58,52.41,52.41,0.0,391.058028,0.0
2019-02-18,19,0,59,51.54,51.54,0.0,384.566509,0.0
2019-02-18,19,0,63,170.0,170.0,0.0,20182.453912,0.0
2019-02-18,19,0,64,200.0,200.0,0.0,23744.063426,0.0
2019-02-18,19,0,65,41.4,41.4,0.0,419.176074,0.0
2019-02-18,19,0,67,49.59,49.59,0.0,-27510.938308,0.0
2019-02-18,19,0,68,12.55,12.55,0.0,-5137.685109,0.0
2019-02-18,19,0,69,0.09,0.09,0.0,0.968753,0.0
2019-02-18,19,0,74,65.28,65.28,0.0,616.778347,0.0
2019-02-18,19,0,77,60.0,60.0,0.0,-17294.476199,0.0
2019-02-18,19,0,78,45.36,45.36,0.0,-13074.624006,0.0
2019-02-18,19,0,79,26.25,26.25,0.0,-7566.333337,0.0
2019-02-18,19,0,80,42.45,42.45,0.0,-12235.841911,0.0
2019-02-18,19,0,81,55.5,55.5,0.0,-15997.390484,0.0
2019-02-18,19,0,82,39.15,39.15,0.0,-11284.64572,0.0
2019-02-18,19,0,83,87.3,87.3,0.0,-25163.46287,0.0
2019-02-18,19,0,84,0.0,0.0,0.0,0.0,0.0
2019-02-18,19,0,86,0.48,0.48,0.0,5.16668,0.0
2019-02-18,19,0,87,2.44,2.44,0.0,26.263957,0.0
2019-02-18,19,0,88,51.18,51.18,0.0,-14752.188198,0.0
2019-02-18,19,0,89,49.2,49.2,0.0,-14181.470483,0.0
2019-02-18,19,0,90,66.06,66.06,0.0,-19041.218295,0.0
2019-02-18,19,0,91,235.65,235.65,0.0,-67924.055272,0.0
2019-02-18,19,0,92,84.75,84.75,0.0,-24428.447631,0.0
2019-02-18,19,0,95,58.78,58.78,0.0,1318.419918,0.0
2019-02-18,19,0,96,29.88,29.88,0.0,222.506423,0.0
2019-02-18,19,0,97,183.75,183.75,0.0,1368.325141,0.0
2019-02-18,19,0,99,12.6,12.6,0.0,119.047291,0.0
2019-02-18,19,0,101,1.96,1.96,0.0,14.62457,0.0
2019-02-18,19,0,102,35.91,35.91,0.0,-14700.738824,0.0
2019-02-18,19,0,103,30.13,30.13,0.0,-12334.538033,0.0
2019-02-18,19,0,104,4.3,4.3,0.0,-1760.322388,0.0
2019-02-18,19,0,106,36.55,36.55,0.0,273.23767,0.0
2019-02-18,19,0,109,60.0,60.0,0.0,520.673365,0.0
2019-02-18,19,0,110,338.6,338.6,0.0,-338600.0,0.0
2019-02-18,19,0,111,2.18,2.18,0.0,17.983732,0.0
2019-02-18,19,0,113,45.0,45.0,0.0,-11652.310779,0.0
2019-02-18,19,0,115,45.0,45.0,0.0,-11652.310779,0.0
2019-02-18,19,0,116,12.39,12.39,0.0,-12390.0,0.0
2019-02-18,19,0,117,3.0,3.0,0.0,-776.820719,0.0
2019-02-18,19,0,119,200.0,200.0,0.0,23744.063426,0.0
2019-02-18,19,0,120,117.6,117.6,0.0,13961.509295,0.0
2019-02-18,19,0,123,0.61,0.61,0.0,4.560191,0.0
2019-02-18,19,0,125,174.2,174.2,0.0,1302.270922,0.0
2019-02-18,19,0,126,27.41,27.41,0.0,204.909564,0.0
2019-02-18,19,0,127,35.18,35.18,0.0,262.99593,0.0
2019-02-18,19,0,128,249.5,249.5,0.0,1865.192853,0.0
2019-02-18,19,0,131,30.0,30.0,0.0,-11116.438746,0.0
2019-02-18,19,0,132,44.1,44.1,0.0,-16341.164956,0.0
2019-02-18,19,0,133,135.62,135.62,0.0,1376.825919,0.0
2019-02-18,19,0,134,0.0,0.0,0.0,0.0,0.0
2019-02-18,19,0,135,183.78,183.78,0.0,1865.750386,0.0
2019-02-18,19,0,136,45.9,45.9,0.0,464.676375,0.0
2019-02-18,19,0,139,44.94,44.94,0.0,370.72887,0.0
2019-02-18,19,0,140,250.6,250.6,0.0,-250600.0,0.0
2019-02-18,19,0,141,230.0,230.0,0.0,-127596.608406,0.0
2019-02-18,19,0,142,65.4,65.4,0.0,-36281.818216,0.0
2019-02-18,19,0,143,71.55,71.55,0.0,533.871435,0.0
2019-02-18,19,0,145,30.0,30.0,0.0,237.409329,0.0
2019-02-18,19,0,146,268.0,268.0,0.0,-268000.0,0.0
2019-02-18,19,0,152,0.52,0.52,0.0,4.906791,0.0
2019-02-18,19,0,153,0.65,0.65,0.0,6.112383,0.0
2019-02-18,19,0,154,9.01,9.01,0.0,74.327261,0.0
2019-02-18,19,0,157,250.0,250.0,0.0,-138691.965659,0.0
2019-02-18,19,0,158,57.25,57.25,0.0,-31760.460136,0.0
2019-02-18,19,0,159,0.0,0.0,0.0,0.0,0.0
2019-02-18,19,0,160,0.17,0.17,0.0,1.55562,0.0
2019-02-18,19,0,161,8.16,8.16,0.0,-3340.518764,0.0
2019-02-18,19,0,162,115.24,115.24,0.0,2675.069612,0.0
2019-02-18,19,0,163,185.4,185.4,0.0,-185400.0,0.0
2019-02-18,19,0,164,3.89,3.89,0.0,29.025295,0.0
2019-02-18,19,0,167,0.28,0.28,0.0,5.365992,0.0
2019-02-18,19,0,168,0.14,0.14,0.0,2.682996,0.0
2019-02-18,19,0,169,0.0,0.0,0.0,0.0,0.0
2019-02-18,19,0,170,0.3,0.3,0.0,5.749277,0.0
2019-02-18,19,0,172,0.36,0.36,0.0,7.577372,0.0
2019-02-18,19,0,173,0.55,0.55,0.0,11.57654,0.0
2019-02-18,19,0,188,0.54,0.54,0.0,16.236959,0.0
2019-02-18,19,0,190,0.75,0.75,0.0,24.320668,0.0
2019-02-18,19,0,191,1.93,1.93,0.0,62.585185,0.0
2019-02-18,19,0,192,332.6,332.6,0.0,10785.405497,0.0
2019-02-18,19,0,194,176.5,176.5,0.0,-21776.471298,0.0
2019-02-18,19,0,196,0.62,0.62,0.0,168.881345,0.0
2019-02-18,19,0,198,0.57,0.57,0.0,5.210807,0.0
2019-02-18,19,0,199,114.86,114.86,0.0,-3290.34265,0.0
2019-02-18,19,0,200,0.99,0.99,0.0,-28.360084,0.0
2019-02-18,19,0,204,257.1,257.1,0.0,2212.767767,0.0
2019-02-18,19,0,205,317.4,317.4,0.0,2754.362102,0.0
2019-02-18,19,0,206,539.94,539.94,0.0,4020.753613,0.0
2019-02-18,19,0,210,0.04,0.04,0.0,0.295584,0.0
2019-02-18,19,0,214,0.34,0.34,0.0,3.783531,0.0
2019-02-18,19,0,217,0.19,0.19,0.0,1.804632,0.0
2019-02-18,19,0,218,0.27,0.27,0.0,2.564477,0.0
2019-02-18,19,0,219,0.18,0.18,0.0,1.709652,0.0
2019-02-18,19,0,221,0.18,0.18,0.0,2.003046,0.0
2019-02-18,19,0,225,0.08,0.08,0.0,0.571199,0.0
2019-02-18,19,0,233,0.27,0.27,0.0,2.906258,0.0
2019-02-18,19,0,236,159.03,159.03,0.0,1559.833504,0.0
2019-02-18,19,0,237,156.6,156.6,0.0,1479.587762,0.0
2019-02-18,19,0,238,5.7,5.7,0.0,57.094777,0.0
2019-02-18,19,0,240,0.88,0.88,0.0,7.961002,0.0
2019-02-18,19,0,245,78.0,78.0,0.0,798.774322,0.0
2019-02-18,19,0,247,171.72,171.72,0.0,1758.532392,0.0
2019-02-18,19,0,248,15.72,15.72,0.0,148.525668,0.0
2019-02-18,19,0,249,150.0,150.0,0.0,1536.104465,0.0
2019-02-18,19,0,251,291.95,291.95,0.0,2944.147299,0.0
2019-02-18,19,0,252,267.06,267.06,0.0,2703.989425,0.0
2019-02-18,19,0,254,0.97,0.97,0.0,8.78624,0.0
2019-02-18,19,0,255,0.45,0.45,0.0,4.076091,0.0
2019-02-18,19,0,258,1.1,1.1,0.0,9.947756,0.0
2019-02-18,19,0,260,0.41,0.41,0.0,3.751788,0.0
2019-02-18,19,0,265,9.33,9.33,0.0,76.967075,0.0
2019-02-18,19,0,266,29.1,29.1,0.0,240.05808,0.0
2019-02-18,19,0,267,35.76,35.76,0.0,294.999208,0.0
2019-02-18,19,0,270,579.0,579.0,0.0,-579000.0,0.0
2019-02-18,19,0,272,150.39,150.39,0.0,-38942.022623,0.0
2019-02-18,19,0,273,2.96,2.96,0.0,-2960.0,0.0
2019-02-18,19,0,274,746.4,746.4,0.0,-746400.0,0.0
2019-02-18,19,0,275,1039.0,1039.0,0.0,-1039000.0,0.0
2019-02-18,19,0,276,0.69,0.69,0.0,-621.406453,0.0
2019-02-18,19,0,277,0.89,0.89,0.0,-240.911871,0.0
2019-02-18,19,0,278,1.42,1.42,0.0,-384.376244,0.0
2019-02-18,19,0,279,264.6,264.6,0.0,-71623.911307,0.0
2019-02-18,19,0,281,16.83,16.83,0.0,125.577306,0.0
2019-02-18,19,0,282,53.29,53.29,0.0,397.624161,0.0
2019-02-18,20,0,9,0.0,0.0,0.0,0.0,0.0
2019-02-18,20,0,17,0.0,0.0,0.0,0.0,0.0
2019-02-18,20,0,19,643.3,643.3,0.0,631.075907,0.0
2019-02-18,20,0,20,780.2,780.2,0.0,765.374511,0.0
2019-02-18,20,0,21,0.0,0.0,0.0,0.0,0.0
2019-02-18,20,0,22,0.0,0.0,0.0,0.0,0.0
2019-02-18,20,0,23,108.8,108.8,0.0,1233.61192,0.0
2019-02-18,20,0,24,192.5,192.5,0.0,2182.631385,0.0
2019-02-18,20,0,29,0.0,0.0,0.0,0.0,0.0
2019-02-18,20,0,30,0.0,0.0,0.0,0.0,0.0
2019-02-18,20,0,31,37.5,37.5,0.0,425.917401,0.0
2019-02-18,20,0,32,0.0,0.0,0.0,0.0,0.0
2019-02-18,20,0,33,0.0,0.0,0.0,0.0,0.0
2019-02-18,20,0,34,0.0,0.0,0.0,0.0,0.0
2019-02-18,20,0,35,0.0,0.0,0.0,0.0,0.0
2019-02-18,20,0,36,0.0,0.0,0.0,0.0,0.0
2019-02-18,20,0,37,0.0,0.0,0.0,0.0,0.0
2019-02-18,20,0,38,0.0,0.0,0.0,0.0,0.0
2019-02-18,20,0,39,0.0,0.0,0.0,0.0,0.0
2019-02-18,20,0,40,0.0,0.0,0.0,0.0,0.0
2019-02-18,20,0,41,60.5,60.5,0.0,624.572904,0.0
2019-02-18,20,0,42,0.0,0.0,0.0,0.0,0.0
2019-02-18,20,0,43,0.0,0.0,0.0,0.0,0.0
2019-02-18,20,0,46,0.0,0.0,0.0,0.0,0.0
2019-02-18,20,0,52,39.75,39.75,0.0,451.472445,0.0
2019-02-18,20,0,53,63.15,63.15,0.0,717.244903,0.0
2019-02-18,20,0,55,186.9,186.9,0.0,2119.136653,0.0
2019-02-18,20,0,56,0.0,0.0,0.0,0.0,0.0
2019-02-18,20,0,57,0.0,0.0,0.0,0.0,0.0
2019-02-18,20,0,58,0.0,0.0,0.0,0.0,0.0
2019-02-18,20,0,59,0.0,0.0,0.0,0.0,0.0
2019-02-18,20,0,63,170.0,170.0,0.0,20500.534645,0.0
2019-02-18,20,0,64,200.0,200.0,0.0,24118.276053,0.0
2019-02-18,20,0,65,41.2,41.2,0.0,190.033584,0.0
2019-02-18,20,0,67,0.0,0.0,0.0,-0.0,0.0
2019-02-18,20,0,68,10.2,10.2,0.0,-4179.694591,0.0
2019-02-18,20,0,69,0.0,0.0,0.0,0.0,0.0
2019-02-18,20,0,74,65.28,65.28,0.0,580.886862,0.0
2019-02-18,20,0,77,84.7,84.7,0.0,-24472.869902,0.0
2019-02-18,20,0,78,64.3,64.3,0.0,-18578.577742,0.0
2019-02-18,20,0,79,37.43,37.43,0.0,-10814.870371,0.0
2019-02-18,20,0,80,60.23,60.23,0.0,-17402.608668,0.0
2019-02-18,20,0,81,78.45,78.45,0.0,-22667.020588,0.0
2019-02-18,20,0,82,55.6,55.6,0.0,-16064.835497,0.0
2019-02-18,20,0,83,122.29,122.29,0.0,-35333.970016,0.0
2019-02-18,20,0,84,0.0,0.0,0.0,0.0,0.0
2019-02-18,20,0,86,0.0,0.0,0.0,0.0,0.0
2019-02-18,20,0,87,0.0,0.0,0.0,0.0,0.0
2019-02-18,20,0,88,95.98,95.98,0.0,-27732.066744,0.0
2019-02-18,20,0,89,92.28,92.28,0.0,-26663.00395,0.0
2019-02-18,20,0,90,123.8,123.8,0.0,-35770.26321,0.0
2019-02-18,20,0,91,440.78,440.78,0.0,-127357.161694,0.0
2019-02-18,20,0,92,158.74,158.74,0.0,-45865.683214,0.0
2019-02-18,20,0,95,66.47,66.47,0.0,1689.248203,0.0
2019-02-18,20,0,96,31.77,31.77,0.0,361.483099,0.0
2019-02-18,20,0,97,229.39,229.39,0.0,2610.028582,0.0
2019-02-18,20,0,99,12.6,12.6,0.0,112.119707,0.0
2019-02-18,20,0,101,0.0,0.0,0.0,0.0,0.0
2019-02-18,20,0,102,24.15,24.15,0.0,-9896.041605,0.0
2019-02-18,20,0,103,21.0,21.0,0.0,-8605.25357,0.0
2019-02-18,20,0,104,3.9,3.9,0.0,-1598.11852,0.0
2019-02-18,20,0,106,0.0,0.0,0.0,0.0,0.0
2019-02-18,20,0,109,60.0,60.0,0.0,579.446337,0.0
2019-02-18,20,0,110,338.6,338.6,0.0,-338600.0,0.0
2019-02-18,20,0,111,0.0,0.0,0.0,0.0,0.0
2019-02-18,20,0,113,45.0,45.0,0.0,-11652.445784,0.0
2019-02-18,20,0,115,45.0,45.0,0.0,-11652.445784,0.0
2019-02-18,20,0,116,0.0,0.0,0.0,-0.0,0.0
2019-02-18,20,0,117,3.0,3.0,0.0,-776.829719,0.0
2019-02-18,20,0,119,200.0,200.0,0.0,24118.276053,0.0
2019-02-18,20,0,120,117.6,117.6,0.0,14181.546319,0.0
2019-02-18,20,0,123,0.0,0.0,0.0,0.0,0.0
2019-02-18,20,0,125,174.2,174.2,0.0,1975.139674,0.0
2019-02-18,20,0,126,0.0,0.0,0.0,0.0,0.0
2019-02-18,20,0,127,0.0,0.0,0.0,0.0,0.0
2019-02-18,20,0,128,249.5,249.5,0.0,2828.917041,0.0
2019-02-18,20,0,131,30.0,30.0,0.0,-11129.121515,0.0
2019-02-18,20,0,132,44.1,44.1,0.0,-16359.808627,0.0
2019-02-18,20,0,133,103.8,103.8,0.0,909.146123,0.0
2019-02-18,20,0,134,0.0,0.0,0.0,0.0,0.0
2019-02-18,20,0,135,138.32,138.32,0.0,1211.49414,0.0
2019-02-18,20,0,136,45.9,45.9,0.0,220.862808,0.0
2019-02-18,20,0,139,80.98,80.98,0.0,835.998575,0.0
2019-02-18,20,0,140,250.6,250.6,0.0,-250600.0,0.0
2019-02-18,20,0,141,230.0,230.0,0.0,-127665.385613,0.0
2019-02-18,20,0,142,0.0,0.0,0.0,-0.0,0.0
2019-02-18,20,0,143,71.55,71.55,0.0,812.650401,0.0
2019-02-18,20,0,145,30.0,30.0,0.0,321.79777,0.0
2019-02-18,20,0,146,268.0,268.0,0.0,-268000.0,0.0
2019-02-18,20,0,152,0.0,0.0,0.0,0.0,0.0
2019-02-18,20,0,153,0.0,0.0,0.0,0.0,0.0
2019-02-18,20,0,154,0.0,0.0,0.0,0.0,0.0
2019-02-18,20,0,157,250.0,250.0,0.0,-138766.723493,0.0
2019-02-18,20,0,158,0.0,0.0,0.0,-0.0,0.0
2019-02-18,20,0,159,0.0,0.0,0.0,0.0,0.0
2019-02-18,20,0,160,0.0,0.0,0.0,0.0,0.0
2019-02-18,20,0,161,0.0,0.0,0.0,-0.0,0.0
2019-02-18,20,0,162,105.59,105.59,0.0,2764.192183,0.0
2019-02-18,20,0,163,185.4,185.4,0.0,-185400.0,0.0
2019-02-18,20,0,164,0.0,0.0,0.0,0.0,0.0
2019-02-18,20,0,167,0.0,0.0,0.0,0.0,0.0
2019-02-18,20,0,168,0.0,0.0,0.0,0.0,0.0
2019-02-18,20,0,169,0.0,0.0,0.0,0.0,0.0
2019-02-18,20,0,170,0.0,0.0,0.0,0.0,0.0
2019-02-18,20,0,172,0.0,0.0,0.0,0.0,0.0
2019-02-18,20,0,173,0.0,0.0,0.0,0.0,0.0
2019-02-18,20,0,188,0.0,0.0,0.0,0.0,0.0
2019-02-18,20,0,190,0.0,0.0,0.0,0.0,0.0
2019-02-18,20,0,191,0.0,0.0,0.0,0.0,0.0
2019-02-18,20,0,192,320.82,320.82,0.0,10403.408875,0.0
2019-02-18,20,0,194,176.5,176.5,0.0,-21675.936408,0.0
2019-02-18,20,0,196,0.0,0.0,0.0,0.0,0.0
2019-02-18,20,0,198,0.0,0.0,0.0,0.0,0.0
2019-02-18,20,0,199,88.46,88.46,0.0,-2748.849667,0.0
2019-02-18,20,0,200,0.0,0.0,0.0,-0.0,0.0
2019-02-18,20,0,204,465.33,465.33,0.0,4529.862065,0.0
2019-02-18,20,0,205,317.4,317.4,0.0,3065.271121,0.0
2019-02-18,20,0,206,868.95,868.95,0.0,9887.023566,0.0
2019-02-18,20,0,210,0.0,0.0,0.0,0.0,0.0
2019-02-18,20,0,214,0.0,0.0,0.0,0.0,0.0
2019-02-18,20,0,217,0.0,0.0,0.0,0.0,0.0
2019-02-18,20,0,218,0.0,0.0,0.0,0.0,0.0
2019-02-18,20,0,219,0.0,0.0,0.0,0.0,0.0
2019-02-18,20,0,221,0.0,0.0,0.0,0.0,0.0
2019-02-18,20,0,225,0.0,0.0,0.0,0.0,0.0
2019-02-18,20,0,233,0.0,0.0,0.0,0.0,0.0
2019-02-18,20,0,236,159.03,159.03,0.0,1360.963577,0.0
2019-02-18,20,0,237,156.6,156.6,0.0,1393.487785,0.0
2019-02-18,20,0,238,0.0,0.0,0.0,0.0,0.0
2019-02-18,20,0,240,0.0,0.0,0.0,0.0,0.0
2019-02-18,20,0,245,145.89,145.89,0.0,1088.901014,0.0
2019-02-18,20,0,247,171.72,171.72,0.0,1281.692248,0.0
2019-02-18,20,0,248,15.72,15.72,0.0,139.882682,0.0
2019-02-18,20,0,249,280.44,280.44,0.0,2093.161973,0.0
2019-02-18,20,0,251,183.74,183.74,0.0,1067.108719,0.0
2019-02-18,20,0,252,265.78,265.78,0.0,1225.901113,0.0
2019-02-18,20,0,254,0.0,0.0,0.0,0.0,0.0
2019-02-18,20,0,255,0.0,0.0,0.0,0.0,0.0
2019-02-18,20,0,258,0.0,0.0,0.0,0.0,0.0
2019-02-18,20,0,260,0.0,0.0,0.0,0.0,0.0
2019-02-18,20,0,265,0.0,0.0,0.0,0.0,0.0
2019-02-18,20,0,266,49.35,49.35,0.0,509.465667,0.0
2019-02-18,20,0,267,62.41,62.41,0.0,644.290826,0.0
2019-02-18,20,0,270,579.0,579.0,0.0,-579000.0,0.0
2019-02-18,20,0,272,150.39,150.39,0.0,-38942.473809,0.0
2019-02-18,20,0,273,0.0,0.0,0.0,-0.0,0.0
2019-02-18,20,0,274,746.4,746.4,0.0,-746400.0,0.0
2019-02-18,20,0,275,1039.0,1039.0,0.0,-1039000.0,0.0
2019-02-18,20,0,276,0.0,0.0,0.0,-0.0,0.0
2019-02-18,20,0,277,0.0,0.0,0.0,-0.0,0.0
2019-02-18,20,0,278,0.0,0.0,0.0,-0.0,0.0
2019-02-18,20,0,279,651.99,651.99,0.0,-176668.281103,0.0
2019-02-18,20,0,281,16.83,16.83,0.0,191.151729,0.0
2019-02-18,20,0,282,0.0,0.0,0.0,0.0,0.0
2019-02-18,21,0,9,0.0,0.0,0.0,0.0,0.0
2019-02-18,21,0,17,0.0,0.0,0.0,0.0,0.0
2019-02-18,21,0,19,643.3,643.3,0.0,907.047346,0.0
2019-02-18,21,0,20,780.2,780.2,0.0,1100.075143,0.0
2019-02-18,21,0,21,0.0,0.0,0.0,0.0,0.0
2019-02-18,21,0,22,0.0,0.0,0.0,0.0,0.0
2019-02-18,21,0,23,108.8,108.8,0.0,1375.862073,0.0
2019-02-18,21,0,24,192.5,192.5,0.0,2434.31479,0.0
2019-02-18,21,0,29,0.0,0.0,0.0,0.0,0.0
2019-02-18,21,0,30,0.0,0.0,0.0,0.0,0.0
2019-02-18,21,0,31,37.5,37.5,0.0,475.521757,0.0
2019-02-18,21,0,32,0.0,0.0,0.0,0.0,0.0
2019-02-18,21,0,33,0.0,0.0,0.0,0.0,0.0
2019-02-18,21,0,34,0.0,0.0,0.0,0.0,0.0
2019-02-18,21,0,35,0.0,0.0,0.0,0.0,0.0
2019-02-18,21,0,36,0.0,0.0,0.0,0.0,0.0
2019-02-18,21,0,37,0.0,0.0,0.0,0.0,0.0
2019-02-18,21,0,38,0.0,0.0,0.0,0.0,0.0
2019-02-18,21,0,39,0.0,0.0,0.0,0.0,0.0
2019-02-18,21,0,40,0.0,0.0,0.0,0.0,0.0
2019-02-18,21,0,41,111.37,111.37,0.0,1206.412303,0.0
2019-02-18,21,0,42,0.0,0.0,0.0,0.0,0.0
2019-02-18,21,0,43,0.0,0.0,0.0,0.0,0.0
2019-02-18,21,0,46,0.0,0.0,0.0,0.0,0.0
2019-02-18,21,0,52,39.75,39.75,0.0,504.053063,0.0
2019-02-18,21,0,53,63.15,63.15,0.0,800.778639,0.0
2019-02-18,21,0,55,186.9,186.9,0.0,2363.49836,0.0
2019-02-18,21,0,56,0.0,0.0,0.0,0.0,0.0
2019-02-18,21,0,57,0.0,0.0,0.0,0.0,0.0
2019-02-18,21,0,58,0.0,0.0,0.0,0.0,0.0
2019-02-18,21,0,59,0.0,0.0,0.0,0.0,0.0
2019-02-18,21,0,63,167.29,167.29,0.0,18650.954227,0.0
2019-02-18,21,0,64,196.81,196.81,0.0,21942.102346,0.0
2019-02-18,21,0,65,30.7,30.7,0.0,131.888166,0.0
2019-02-18,21,0,67,0.0,0.0,0.0,-0.0,0.0
2019-02-18,21,0,68,10.2,10.2,0.0,-4233.494317,0.0
2019-02-18,21,0,69,0.0,0.0,0.0,0.0,0.0
2019-02-18,21,0,74,65.28,65.28,0.0,541.40646,0.0
2019-02-18,21,0,77,172.48,172.48,0.0,-50948.919775,0.0
2019-02-18,21,0,78,130.65,130.65,0.0,-38592.743324,0.0
2019-02-18,21,0,79,75.79,75.79,0.0,-22387.631202,0.0
2019-02-18,21,0,80,122.31,122.31,0.0,-36129.188182,0.0
2019-02-18,21,0,81,159.64,159.64,0.0,-47156.108261,0.0
2019-02-18,21,0,82,112.85,112.85,0.0,-33334.795899,0.0
2019-02-18,21,0,83,250.05,250.05,0.0,-73862.345719,0.0
2019-02-18,21,0,84,0.0,0.0,0.0,0.0,0.0
2019-02-18,21,0,86,0.0,0.0,0.0,0.0,0.0
2019-02-18,21,0,87,0.0,0.0,0.0,0.0,0.0
2019-02-18,21,0,88,170.6,170.6,0.0,-50393.586002,0.0
2019-02-18,21,0,89,164.0,164.0,0.0,-48444.00999,0.0
2019-02-18,21,0,90,220.2,220.2,0.0,-65044.945121,0.0
2019-02-18,21,0,91,785.5,785.5,0.0,-232029.084433,0.0
2019-02-18,21,0,92,282.5,282.5,0.0,-83447.761111,0.0
2019-02-18,21,0,95,75.67,75.67,0.0,1923.054183,0.0
2019-02-18,21,0,96,29.88,29.88,0.0,379.982113,0.0
2019-02-18,21,0,97,183.75,183.75,0.0,2336.737394,0.0
2019-02-18,21,0,99,12.6,12.6,0.0,104.499409,0.0
2019-02-18,21,0,101,0.0,0.0,0.0,0.0,0.0
2019-02-18,21,0,102,24.15,24.15,0.0,-10023.420368,0.0
2019-02-18,21,0,103,21.0,21.0,0.0,-8716.017711,0.0
2019-02-18,21,0,104,3.9,3.9,0.0,-1618.689003,0.0
2019-02-18,21,0,106,0.0,0.0,0.0,0.0,0.0
2019-02-18,21,0,109,83.6,83.6,0.0,805.761904,0.0
2019-02-18,21,0,110,331.39,331.39,0.0,-331390.0,0.0
2019-02-18,21,0,111,0.0,0.0,0.0,0.0,0.0
2019-02-18,21,0,113,84.18,84.18,0.0,-22336.069218,0.0
2019-02-18,21,0,115,84.18,84.18,0.0,-22336.069218,0.0
2019-02-18,21,0,116,0.0,0.0,0.0,-0.0,0.0
2019-02-18,21,0,117,5.66,5.66,0.0,-1501.807457,0.0
2019-02-18,21,0,119,196.81,196.81,0.0,21942.102346,0.0
2019-02-18,21,0,120,115.73,115.73,0.0,12902.593895,0.0
2019-02-18,21,0,123,0.0,0.0,0.0,0.0,0.0
2019-02-18,21,0,125,174.2,174.2,0.0,2202.896813,0.0
2019-02-18,21,0,126,0.0,0.0,0.0,0.0,0.0
2019-02-18,21,0,127,0.0,0.0,0.0,0.0,0.0
2019-02-18,21,0,128,249.5,249.5,0.0,3155.124884,0.0
2019-02-18,21,0,131,30.0,30.0,0.0,-11297.758822,0.0
2019-02-18,21,0,132,44.1,44.1,0.0,-16607.705468,0.0
2019-02-18,21,0,133,91.59,91.59,0.0,690.819741,0.0
2019-02-18,21,0,134,0.0,0.0,0.0,0.0,0.0
2019-02-18,21,0,135,119.08,119.08,0.0,898.163717,0.0
2019-02-18,21,0,136,45.9,45.9,0.0,204.46014,0.0
2019-02-18,21,0,139,146.7,146.7,0.0,1589.123506,0.0
2019-02-18,21,0,140,245.26,245.26,0.0,-245260.0,0.0
2019-02-18,21,0,141,230.0,230.0,0.0,-128579.886428,0.0
2019-02-18,21,0,142,0.0,0.0,0.0,-0.0,0.0
2019-02-18,21,0,143,71.55,71.55,0.0,907.295513,0.0
2019-02-18,21,0,145,30.0,30.0,0.0,346.538607,0.0
2019-02-18,21,0,146,268.0,268.0,0.0,-268000.0,0.0
2019-02-18,21,0,152,0.0,0.0,0.0,0.0,0.0
2019-02-18,21,0,153,0.0,0.0,0.0,0.0,0.0
2019-02-18,21,0,154,0.0,0.0,0.0,0.0,0.0
2019-02-18,21,0,157,230.49,230.49,0.0,-128853.81749,0.0
2019-02-18,21,0,158,0.0,0.0,0.0,-0.0,0.0
2019-02-18,21,0,159,0.0,0.0,0.0,0.0,0.0
2019-02-18,21,0,160,0.0,0.0,0.0,0.0,0.0
2019-02-18,21,0,161,0.0,0.0,0.0,-0.0,0.0
2019-02-18,21,0,162,98.13,98.13,0.0,2570.128932,0.0
2019-02-18,21,0,163,185.4,185.4,0.0,-185400.0,0.0
2019-02-18,21,0,164,0.0,0.0,0.0,0.0,0.0
2019-02-18,21,0,167,0.0,0.0,0.0,0.0,0.0
2019-02-18,21,0,168,0.0,0.0,0.0,0.0,0.0
2019-02-18,21,0,169,0.0,0.0,0.0,0.0,0.0
2019-02-18,21,0,170,0.0,0.0,0.0,0.0,0.0
2019-02-18,21,0,172,0.0,0.0,0.0,0.0,0.0
2019-02-18,21,0,173,0.0,0.0,0.0,0.0,0.0
2019-02-18,21,0,188,0.0,0.0,0.0,0.0,0.0
2019-02-18,21,0,190,0.0,0.0,0.0,0.0,0.0
2019-02-18,21,0,191,0.0,0.0,0.0,0.0,0.0
2019-02-18,21,0,192,256.1,256.1,0.0,8304.697378,0.0
2019-02-18,21,0,194,176.5,176.5,0.0,-22965.030828,0.0
2019-02-18,21,0,196,0.0,0.0,0.0,0.0,0.0
2019-02-18,21,0,198,0.0,0.0,0.0,0.0,0.0
2019-02-18,21,0,199,67.42,67.42,0.0,-2399.098198,0.0
2019-02-18,21,0,200,0.0,0.0,0.0,-0.0,0.0
2019-02-18,21,0,204,841.64,841.64,0.0,8227.826066,0.0
2019-02-18,21,0,205,387.97,387.97,0.0,3739.371361,0.0
2019-02-18,21,0,206,539.94,539.94,0.0,6866.383612,0.0
2019-02-18,21,0,210,0.0,0.0,0.0,0.0,0.0
2019-02-18,21,0,214,0.0,0.0,0.0,0.0,0.0
2019-02-18,21,0,217,0.0,0.0,0.0,0.0,0.0
2019-02-18,21,0,218,0.0,0.0,0.0,0.0,0.0
2019-02-18,21,0,219,0.0,0.0,0.0,0.0,0.0
2019-02-18,21,0,221,0.0,0.0,0.0,0.0,0.0
2019-02-18,21,0,225,0.0,0.0,0.0,0.0,0.0
2019-02-18,21,0,233,0.0,0.0,0.0,0.0,0.0
2019-02-18,21,0,236,152.33,152.33,0.0,1170.32059,0.0
2019-02-18,21,0,237,156.6,156.6,0.0,1298.778364,0.0
2019-02-18,21,0,238,0.0,0.0,0.0,0.0,0.0
2019-02-18,21,0,240,0.0,0.0,0.0,0.0,0.0
2019-02-18,21,0,245,260.0,260.0,0.0,1675.282337,0.0
2019-02-18,21,0,247,171.72,171.72,0.0,1106.459549,0.0
2019-02-18,21,0,248,15.72,15.72,0.0,130.375453,0.0
2019-02-18,21,0,249,500.0,500.0,0.0,3221.696801,0.0
2019-02-18,21,0,251,106.19,106.19,0.0,560.094887,0.0
2019-02-18,21,0,252,198.01,198.01,0.0,850.657194,0.0
2019-02-18,21,0,254,0.0,0.0,0.0,0.0,0.0
2019-02-18,21,0,255,0.0,0.0,0.0,0.0,0.0
2019-02-18,21,0,258,0.0,0.0,0.0,0.0,0.0
2019-02-18,21,0,260,0.0,0.0,0.0,0.0,0.0
2019-02-18,21,0,265,0.0,0.0,0.0,0.0,0.0
2019-02-18,21,0,266,91.87,91.87,0.0,995.179117,0.0
2019-02-18,21,0,267,114.69,114.69,0.0,1242.376107,0.0
2019-02-18,21,0,270,579.0,579.0,0.0,-579000.0,0.0
2019-02-18,21,0,272,281.15,281.15,0.0,-74599.499412,0.0
2019-02-18,21,0,273,0.0,0.0,0.0,-0.0,0.0
2019-02-18,21,0,274,746.4,746.4,0.0,-746400.0,0.0
2019-02-18,21,0,275,1039.0,1039.0,0.0,-1039000.0,0.0
2019-02-18,21,0,276,0.0,0.0,0.0,-0.0,0.0
2019-02-18,21,0,277,0.0,0.0,0.0,-0.0,0.0
2019-02-18,21,0,278,0.0,0.0,0.0,-0.0,0.0
2019-02-18,21,0,279,651.69,651.69,0.0,-180769.59036,0.0
2019-02-18,21,0,281,16.83,16.83,0.0,213.414165,0.0
2019-02-18,21,0,282,0.0,0.0,0.0,0.0,0.0
2019-02-18,22,0,9,0.0,0.0,0.0,0.0,0.0
2019-02-18,22,0,17,0.0,0.0,0.0,0.0,0.0
2019-02-18,22,0,19,643.3,643.3,0.0,1040.91351,0.0
2019-02-18,22,0,20,780.2,780.2,0.0,1262.429225,0.0
2019-02-18,22,0,21,0.0,0.0,0.0,0.0,0.0
2019-02-18,22,0,22,0.0,0.0,0.0,0.0,0.0
2019-02-18,22,0,23,108.8,108.8,0.0,1077.22262,0.0
2019-02-18,22,0,24,192.5,192.5,0.0,1905.931566,0.0
2019-02-18,22,0,29,0.0,0.0,0.0,0.0,0.0
2019-02-18,22,0,30,0.0,0.0,0.0,0.0,0.0
2019-02-18,22,0,31,37.5,37.5,0.0,372.11286,0.0
2019-02-18,22,0,32,0.0,0.0,0.0,0.0,0.0
2019-02-18,22,0,33,0.0,0.0,0.0,0.0,0.0
2019-02-18,22,0,34,0.0,0.0,0.0,0.0,0.0
2019-02-18,22,0,35,0.0,0.0,0.0,0.0,0.0
2019-02-18,22,0,36,0.0,0.0,0.0,0.0,0.0
2019-02-18,22,0,37,0.0,0.0,0.0,0.0,0.0
2019-02-18,22,0,38,0.0,0.0,0.0,0.0,0.0
2019-02-18,22,0,39,0.0,0.0,0.0,0.0,0.0
2019-02-18,22,0,40,0.0,0.0,0.0,0.0,0.0
2019-02-18,22,0,41,116.0,116.0,0.0,1015.059876,0.0
2019-02-18,22,0,42,0.0,0.0,0.0,0.0,0.0
2019-02-18,22,0,43,0.0,0.0,0.0,0.0,0.0
2019-02-18,22,0,46,0.0,0.0,0.0,0.0,0.0
2019-02-18,22,0,52,39.75,39.75,0.0,394.439631,0.0
2019-02-18,22,0,53,63.15,63.15,0.0,626.638056,0.0
2019-02-18,22,0,55,356.65,356.65,0.0,3531.171393,0.0
2019-02-18,22,0,56,0.0,0.0,0.0,0.0,0.0
2019-02-18,22,0,57,0.0,0.0,0.0,0.0,0.0
2019-02-18,22,0,58,0.0,0.0,0.0,0.0,0.0
2019-02-18,22,0,59,0.0,0.0,0.0,0.0,0.0
2019-02-18,22,0,63,157.47,157.47,0.0,17663.383613,0.0
2019-02-18,22,0,64,185.26,185.26,0.0,20780.583275,0.0
2019-02-18,22,0,65,22.3,22.3,0.0,89.671399,0.0
2019-02-18,22,0,67,0.0,0.0,0.0,-0.0,0.0
2019-02-18,22,0,68,10.2,10.2,0.0,-4224.406065,0.0
2019-02-18,22,0,69,0.0,0.0,0.0,0.0,0.0
2019-02-18,22,0,74,65.28,65.28,0.0,466.00606,0.0
2019-02-18,22,0,77,200.0,200.0,0.0,-58846.922096,0.0
2019-02-18,22,0,78,151.2,151.2,0.0,-44488.273104,0.0
2019-02-18,22,0,79,87.5,87.5,0.0,-25745.528417,0.0
2019-02-18,22,0,80,141.5,141.5,0.0,-41634.197383,0.0
2019-02-18,22,0,81,185.0,185.0,0.0,-54433.402939,0.0
2019-02-18,22,0,82,130.5,130.5,0.0,-38397.616667,0.0
2019-02-18,22,0,83,291.0,291.0,0.0,-85622.271649,0.0
2019-02-18,22,0,84,0.0,0.0,0.0,0.0,0.0
2019-02-18,22,0,86,0.0,0.0,0.0,0.0,0.0
2019-02-18,22,0,87,0.0,0.0,0.0,0.0,0.0
2019-02-18,22,0,88,170.6,170.6,0.0,-50196.424548,0.0
2019-02-18,22,0,89,164.0,164.0,0.0,-48254.476118,0.0
2019-02-18,22,0,90,220.2,220.2,0.0,-64790.461227,0.0
2019-02-18,22,0,91,785.5,785.5,0.0,-231121.286531,0.0
2019-02-18,22,0,92,282.5,282.5,0.0,-83121.27746,0.0
2019-02-18,22,0,95,86.99,86.99,0.0,1951.162788,0.0
2019-02-18,22,0,96,29.88,29.88,0.0,297.188606,0.0
2019-02-18,22,0,97,183.75,183.75,0.0,1827.590572,0.0
2019-02-18,22,0,99,12.6,12.6,0.0,89.946023,0.0
2019-02-18,22,0,101,0.0,0.0,0.0,0.0,0.0
2019-02-18,22,0,102,24.15,24.15,0.0,-10001.902594,0.0
2019-02-18,22,0,103,21.0,21.0,0.0,-8697.306603,0.0
2019-02-18,22,0,104,3.9,3.9,0.0,-1615.214084,0.0
2019-02-18,22,0,106,0.0,0.0,0.0,0.0,0.0
2019-02-18,22,0,109,171.41,171.41,0.0,1370.1713,0.0
2019-02-18,22,0,110,266.61,266.61,0.0,-266610.0,0.0
2019-02-18,22,0,111,0.0,0.0,0.0,0.0,0.0
2019-02-18,22,0,113,133.61,133.61,0.0,-35327.316939,0.0
2019-02-18,22,0,115,133.61,133.61,0.0,-35327.316939,0.0
2019-02-18,22,0,116,0.0,0.0,0.0,-0.0,0.0
2019-02-18,22,0,117,8.91,8.91,0.0,-2355.859546,0.0
2019-02-18,22,0,119,185.26,185.26,0.0,20780.583275,0.0
2019-02-18,22,0,120,108.93,108.93,0.0,12218.659916,0.0
2019-02-18,22,0,123,0.0,0.0,0.0,0.0,0.0
2019-02-18,22,0,125,174.2,174.2,0.0,1724.744306,0.0
2019-02-18,22,0,126,0.0,0.0,0.0,0.0,0.0
2019-02-18,22,0,127,0.0,0.0,0.0,0.0,0.0
2019-02-18,22,0,128,249.5,249.5,0.0,2470.285329,0.0
2019-02-18,22,0,131,30.0,30.0,0.0,-11269.271346,0.0
2019-02-18,22,0,132,44.1,44.1,0.0,-16565.828879,0.0
2019-02-18,22,0,133,139.8,139.8,0.0,942.485752,0.0
2019-02-18,22,0,134,0.0,0.0,0.0,0.0,0.0
2019-02-18,22,0,135,187.33,187.33,0.0,1262.917425,0.0
2019-02-18,22,0,136,39.77,39.77,0.0,165.167269,0.0
2019-02-18,22,0,139,149.8,149.8,0.0,1310.827322,0.0
2019-02-18,22,0,140,197.32,197.32,0.0,-197320.0,0.0
2019-02-18,22,0,141,230.0,230.0,0.0,-128425.402107,0.0
2019-02-18,22,0,142,0.0,0.0,0.0,-0.0,0.0
2019-02-18,22,0,143,71.55,71.55,0.0,709.991336,0.0
2019-02-18,22,0,145,73.71,73.71,0.0,678.631671,0.0
2019-02-18,22,0,146,206.2,206.2,0.0,-206200.0,0.0
2019-02-18,22,0,152,0.0,0.0,0.0,0.0,0.0
2019-02-18,22,0,153,0.0,0.0,0.0,0.0,0.0
2019-02-18,22,0,154,0.0,0.0,0.0,0.0,0.0
2019-02-18,22,0,157,142.41,142.41,0.0,-79517.658757,0.0
2019-02-18,22,0,158,0.0,0.0,0.0,-0.0,0.0
2019-02-18,22,0,159,0.0,0.0,0.0,0.0,0.0
2019-02-18,22,0,160,0.0,0.0,0.0,0.0,0.0
2019-02-18,22,0,161,0.0,0.0,0.0,-0.0,0.0
2019-02-18,22,0,162,54.78,54.78,0.0,1271.289443,0.0
2019-02-18,22,0,163,185.4,185.4,0.0,-185400.0,0.0
2019-02-18,22,0,164,0.0,0.0,0.0,0.0,0.0
2019-02-18,22,0,167,0.0,0.0,0.0,0.0,0.0
2019-02-18,22,0,168,0.0,0.0,0.0,0.0,0.0
2019-02-18,22,0,169,0.0,0.0,0.0,0.0,0.0
2019-02-18,22,0,170,0.0,0.0,0.0,0.0,0.0
2019-02-18,22,0,172,0.0,0.0,0.0,0.0,0.0
2019-02-18,22,0,173,0.0,0.0,0.0,0.0,0.0
2019-02-18,22,0,188,0.0,0.0,0.0,0.0,0.0
2019-02-18,22,0,190,0.0,0.0,0.0,0.0,0.0
2019-02-18,22,0,191,0.0,0.0,0.0,0.0,0.0
2019-02-18,22,0,192,204.0,204.0,0.0,6615.221652,0.0
2019-02-18,22,0,194,171.27,171.27,0.0,-22133.103536,0.0
2019-02-18,22,0,196,0.0,0.0,0.0,0.0,0.0
2019-02-18,22,0,198,0.0,0.0,0.0,0.0,0.0
2019-02-18,22,0,199,51.16,51.16,0.0,-1765.691174,0.0
2019-02-18,22,0,200,0.0,0.0,0.0,-0.0,0.0
2019-02-18,22,0,204,857.0,857.0,0.0,6925.358006,0.0
2019-02-18,22,0,205,852.76,852.76,0.0,6816.564248,0.0
2019-02-18,22,0,206,539.94,539.94,0.0,5370.281652,0.0
2019-02-18,22,0,210,0.0,0.0,0.0,0.0,0.0
2019-02-18,22,0,214,0.0,0.0,0.0,0.0,0.0
2019-02-18,22,0,217,0.0,0.0,0.0,0.0,0.0
2019-02-18,22,0,218,0.0,0.0,0.0,0.0,0.0
2019-02-18,22,0,219,0.0,0.0,0.0,0.0,0.0
2019-02-18,22,0,221,0.0,0.0,0.0,0.0,0.0
2019-02-18,22,0,225,0.0,0.0,0.0,0.0,0.0
2019-02-18,22,0,233,0.0,0.0,0.0,0.0,0.0
2019-02-18,22,0,236,134.36,134.36,0.0,907.123838,0.0
2019-02-18,22,0,237,156.6,156.6,0.0,1117.900567,0.0
2019-02-18,22,0,238,0.0,0.0,0.0,0.0,0.0
2019-02-18,22,0,240,0.0,0.0,0.0,0.0,0.0
2019-02-18,22,0,245,260.0,260.0,0.0,1521.394845,0.0
2019-02-18,22,0,247,171.72,171.72,0.0,1004.82278,0.0
2019-02-18,22,0,248,15.72,15.72,0.0,112.218371,0.0
2019-02-18,22,0,249,500.0,500.0,0.0,2925.759318,0.0
2019-02-18,22,0,251,113.55,113.55,0.0,547.951404,0.0
2019-02-18,22,0,252,143.86,143.86,0.0,578.481052,0.0
2019-02-18,22,0,254,0.0,0.0,0.0,0.0,0.0
2019-02-18,22,0,255,0.0,0.0,0.0,0.0,0.0
2019-02-18,22,0,258,0.0,0.0,0.0,0.0,0.0
2019-02-18,22,0,260,0.0,0.0,0.0,0.0,0.0
2019-02-18,22,0,265,0.0,0.0,0.0,0.0,0.0
2019-02-18,22,0,266,97.0,97.0,0.0,848.800069,0.0
2019-02-18,22,0,267,119.2,119.2,0.0,1043.061528,0.0
2019-02-18,22,0,270,579.0,579.0,0.0,-579000.0,0.0
2019-02-18,22,0,272,446.56,446.56,0.0,-118073.247904,0.0
2019-02-18,22,0,273,0.0,0.0,0.0,-0.0,0.0
2019-02-18,22,0,274,746.4,746.4,0.0,-746400.0,0.0
2019-02-18,22,0,275,1039.0,1039.0,0.0,-1039000.0,0.0
2019-02-18,22,0,276,0.0,0.0,0.0,-0.0,0.0
2019-02-18,22,0,277,0.0,0.0,0.0,-0.0,0.0
2019-02-18,22,0,278,0.0,0.0,0.0,-0.0,0.0
2019-02-18,22,0,279,262.26,262.26,0.0,-72479.461705,0.0
2019-02-18,22,0,281,16.83,16.83,0.0,167.004251,0.0
2019-02-18,22,0,282,0.0,0.0,0.0,0.0,0.0
2019-02-18,23,0,9,0.0,0.0,0.0,0.0,0.0
2019-02-18,23,0,17,0.0,0.0,0.0,0.0,0.0
2019-02-18,23,0,19,643.3,643.3,0.0,5214.973752,0.0
2019-02-18,23,0,20,780.2,780.2,0.0,6324.766861,0.0
2019-02-18,23,0,21,0.0,0.0,0.0,0.0,0.0
2019-02-18,23,0,22,0.0,0.0,0.0,0.0,0.0
2019-02-18,23,0,23,108.8,108.8,0.0,642.019351,0.0
2019-02-18,23,0,24,192.5,192.5,0.0,1135.925783,0.0
2019-02-18,23,0,29,0.0,0.0,0.0,0.0,0.0
2019-02-18,23,0,30,0.0,0.0,0.0,0.0,0.0
2019-02-18,23,0,31,37.5,37.5,0.0,220.759721,0.0
2019-02-18,23,0,32,0.0,0.0,0.0,0.0,0.0
2019-02-18,23,0,33,0.0,0.0,0.0,0.0,0.0
2019-02-18,23,0,34,0.0,0.0,0.0,0.0,0.0
2019-02-18,23,0,35,0.0,0.0,0.0,0.0,0.0
2019-02-18,23,0,36,0.0,0.0,0.0,0.0,0.0
2019-02-18,23,0,37,0.0,0.0,0.0,0.0,0.0
2019-02-18,23,0,38,0.0,0.0,0.0,0.0,0.0
2019-02-18,23,0,39,0.0,0.0,0.0,0.0,0.0
2019-02-18,23,0,40,0.0,0.0,0.0,0.0,0.0
2019-02-18,23,0,41,116.0,116.0,0.0,769.018014,0.0
2019-02-18,23,0,42,0.0,0.0,0.0,0.0,0.0
2019-02-18,23,0,43,0.0,0.0,0.0,0.0,0.0
2019-02-18,23,0,46,0.0,0.0,0.0,0.0,0.0
2019-02-18,23,0,52,39.75,39.75,0.0,234.005304,0.0
2019-02-18,23,0,53,63.15,63.15,0.0,371.75937,0.0
2019-02-18,23,0,55,623.0,623.0,0.0,3676.268896,0.0
2019-02-18,23,0,56,0.0,0.0,0.0,0.0,0.0
2019-02-18,23,0,57,0.0,0.0,0.0,0.0,0.0
2019-02-18,23,0,58,0.0,0.0,0.0,0.0,0.0
2019-02-18,23,0,59,0.0,0.0,0.0,0.0,0.0
2019-02-18,23,0,63,130.56,130.56,0.0,14483.903427,0.0
2019-02-18,23,0,64,153.6,153.6,0.0,17039.886385,0.0
2019-02-18,23,0,65,18.27,18.27,0.0,147.82191,0.0
2019-02-18,23,0,67,0.0,0.0,0.0,-0.0,0.0
2019-02-18,23,0,68,10.2,10.2,0.0,-4216.30237,0.0
2019-02-18,23,0,69,0.0,0.0,0.0,0.0,0.0
2019-02-18,23,0,74,65.28,65.28,0.0,499.203697,0.0
2019-02-18,23,0,77,200.0,200.0,0.0,-58608.941377,0.0
2019-02-18,23,0,78,151.2,151.2,0.0,-44308.359681,0.0
2019-02-18,23,0,79,87.5,87.5,0.0,-25641.411852,0.0
2019-02-18,23,0,80,141.5,141.5,0.0,-41465.826024,0.0
2019-02-18,23,0,81,185.0,185.0,0.0,-54213.270773,0.0
2019-02-18,23,0,82,130.5,130.5,0.0,-38242.334248,0.0
2019-02-18,23,0,83,291.0,291.0,0.0,-85276.009703,0.0
2019-02-18,23,0,84,0.0,0.0,0.0,0.0,0.0
2019-02-18,23,0,86,0.0,0.0,0.0,0.0,0.0
2019-02-18,23,0,87,0.0,0.0,0.0,0.0,0.0
2019-02-18,23,0,88,170.6,170.6,0.0,-49993.426994,0.0
2019-02-18,23,0,89,164.0,164.0,0.0,-48059.331929,0.0
2019-02-18,23,0,90,220.2,220.2,0.0,-64528.444456,0.0
2019-02-18,23,0,91,785.5,785.5,0.0,-230186.617257,0.0
2019-02-18,23,0,92,282.5,282.5,0.0,-82785.129694,0.0
2019-02-18,23,0,95,85.25,85.25,0.0,1912.135046,0.0
2019-02-18,23,0,96,29.88,29.88,0.0,175.464558,0.0
2019-02-18,23,0,97,183.75,183.75,0.0,1079.036561,0.0
2019-02-18,23,0,99,12.6,12.6,0.0,96.353655,0.0
2019-02-18,23,0,101,0.0,0.0,0.0,0.0,0.0
2019-02-18,23,0,102,24.15,24.15,0.0,-9982.715905,0.0
2019-02-18,23,0,103,21.0,21.0,0.0,-8680.622526,0.0
2019-02-18,23,0,104,3.9,3.9,0.0,-1612.115612,0.0
2019-02-18,23,0,106,0.0,0.0,0.0,0.0,0.0
2019-02-18,23,0,109,200.0,200.0,0.0,1422.105465,0.0
2019-02-18,23,0,110,248.19,248.19,0.0,-248190.0,0.0
2019-02-18,23,0,111,0.0,0.0,0.0,0.0,0.0
2019-02-18,23,0,113,122.05,122.05,0.0,-32213.928131,0.0
2019-02-18,23,0,115,122.05,122.05,0.0,-32213.928131,0.0
2019-02-18,23,0,116,0.0,0.0,0.0,-0.0,0.0
2019-02-18,23,0,117,8.14,8.14,0.0,-2148.47501,0.0
2019-02-18,23,0,119,153.6,153.6,0.0,17039.886385,0.0
2019-02-18,23,0,120,90.31,90.31,0.0,10018.698824,0.0
2019-02-18,23,0,123,0.0,0.0,0.0,0.0,0.0
2019-02-18,23,0,125,174.2,174.2,0.0,1027.939072,0.0
2019-02-18,23,0,126,0.0,0.0,0.0,0.0,0.0
2019-02-18,23,0,127,0.0,0.0,0.0,0.0,0.0
2019-02-18,23,0,128,249.5,249.5,0.0,1472.277833,0.0
2019-02-18,23,0,131,30.0,30.0,0.0,-11243.870004,0.0
2019-02-18,23,0,132,44.1,44.1,0.0,-16528.488906,0.0
2019-02-18,23,0,133,139.8,139.8,0.0,1133.508146,0.0
2019-02-18,23,0,134,0.0,0.0,0.0,0.0,0.0
2019-02-18,23,0,135,187.33,187.33,0.0,1518.884699,0.0
2019-02-18,23,0,136,32.14,32.14,0.0,260.015996,0.0
2019-02-18,23,0,139,149.8,149.8,0.0,993.093952,0.0
2019-02-18,23,0,140,183.69,183.69,0.0,-183690.0,0.0
2019-02-18,23,0,141,230.0,230.0,0.0,-128287.653537,0.0
2019-02-18,23,0,142,0.0,0.0,0.0,-0.0,0.0
2019-02-18,23,0,143,71.55,71.55,0.0,421.209547,0.0
2019-02-18,23,0,145,30.0,30.0,0.0,190.233236,0.0
2019-02-18,23,0,146,220.49,220.49,0.0,-220490.0,0.0
2019-02-18,23,0,152,0.0,0.0,0.0,0.0,0.0
2019-02-18,23,0,153,0.0,0.0,0.0,0.0,0.0
2019-02-18,23,0,154,0.0,0.0,0.0,0.0,0.0
2019-02-18,23,0,157,136.65,136.65,0.0,-76219.599373,0.0
2019-02-18,23,0,158,0.0,0.0,0.0,-0.0,0.0
2019-02-18,23,0,159,0.0,0.0,0.0,0.0,0.0
2019-02-18,23,0,160,0.0,0.0,0.0,0.0,0.0
2019-02-18,23,0,161,0.0,0.0,0.0,-0.0,0.0
2019-02-18,23,0,162,23.7,23.7,0.0,550.264022,0.0
2019-02-18,23,0,163,170.84,170.84,0.0,-170840.0,0.0
2019-02-18,23,0,164,0.0,0.0,0.0,0.0,0.0
2019-02-18,23,0,167,0.0,0.0,0.0,0.0,0.0
2019-02-18,23,0,168,0.0,0.0,0.0,0.0,0.0
2019-02-18,23,0,169,0.0,0.0,0.0,0.0,0.0
2019-02-18,23,0,170,0.0,0.0,0.0,0.0,0.0
2019-02-18,23,0,172,0.0,0.0,0.0,0.0,0.0
2019-02-18,23,0,173,0.0,0.0,0.0,0.0,0.0
2019-02-18,23,0,188,0.0,0.0,0.0,0.0,0.0
2019-02-18,23,0,190,0.0,0.0,0.0,0.0,0.0
2019-02-18,23,0,191,0.0,0.0,0.0,0.0,0.0
2019-02-18,23,0,192,174.59,174.59,0.0,5661.527197,0.0
2019-02-18,23,0,194,144.67,144.67,0.0,-18704.890339,0.0
2019-02-18,23,0,196,0.0,0.0,0.0,0.0,0.0
2019-02-18,23,0,198,0.0,0.0,0.0,0.0,0.0
2019-02-18,23,0,199,31.49,31.49,0.0,-929.424598,0.0
2019-02-18,23,0,200,0.0,0.0,0.0,-0.0,0.0
2019-02-18,23,0,204,857.0,857.0,0.0,6046.453407,0.0
2019-02-18,23,0,205,1058.0,1058.0,0.0,7522.937909,0.0
2019-02-18,23,0,206,539.94,539.94,0.0,3170.693882,0.0
2019-02-18,23,0,210,0.0,0.0,0.0,0.0,0.0
2019-02-18,23,0,214,0.0,0.0,0.0,0.0,0.0
2019-02-18,23,0,217,0.0,0.0,0.0,0.0,0.0
2019-02-18,23,0,218,0.0,0.0,0.0,0.0,0.0
2019-02-18,23,0,219,0.0,0.0,0.0,0.0,0.0
2019-02-18,23,0,221,0.0,0.0,0.0,0.0,0.0
2019-02-18,23,0,225,0.0,0.0,0.0,0.0,0.0
2019-02-18,23,0,233,0.0,0.0,0.0,0.0,0.0
2019-02-18,23,0,236,142.46,142.46,0.0,1124.478344,0.0
2019-02-18,23,0,237,156.6,156.6,0.0,1197.538281,0.0
2019-02-18,23,0,238,0.0,0.0,0.0,0.0,0.0
2019-02-18,23,0,240,0.0,0.0,0.0,0.0,0.0
2019-02-18,23,0,245,260.0,260.0,0.0,2122.661804,0.0
2019-02-18,23,0,247,148.74,148.74,0.0,1214.325833,0.0
2019-02-18,23,0,248,15.72,15.72,0.0,120.212655,0.0
2019-02-18,23,0,249,500.0,500.0,0.0,4082.04193,0.0
2019-02-18,23,0,251,53.68,53.68,0.0,432.945151,0.0
2019-02-18,23,0,252,117.86,117.86,0.0,953.601003,0.0
2019-02-18,23,0,254,0.0,0.0,0.0,0.0,0.0
2019-02-18,23,0,255,0.0,0.0,0.0,0.0,0.0
2019-02-18,23,0,258,0.0,0.0,0.0,0.0,0.0
2019-02-18,23,0,260,0.0,0.0,0.0,0.0,0.0
2019-02-18,23,0,265,0.0,0.0,0.0,0.0,0.0
2019-02-18,23,0,266,97.0,97.0,0.0,643.058167,0.0
2019-02-18,23,0,267,119.2,119.2,0.0,790.232304,0.0
2019-02-18,23,0,270,533.52,533.52,0.0,-533520.0,0.0
2019-02-18,23,0,272,407.91,407.91,0.0,-107663.936287,0.0
2019-02-18,23,0,273,0.0,0.0,0.0,-0.0,0.0
2019-02-18,23,0,274,687.77,687.77,0.0,-687770.0,0.0
2019-02-18,23,0,275,957.39,957.39,0.0,-957390.0,0.0
2019-02-18,23,0,276,0.0,0.0,0.0,-0.0,0.0
2019-02-18,23,0,277,0.0,0.0,0.0,-0.0,0.0
2019-02-18,23,0,278,0.0,0.0,0.0,-0.0,0.0
2019-02-18,23,0,279,246.99,246.99,0.0,-68072.616931,0.0
2019-02-18,23,0,281,16.83,16.83,0.0,99.076963,0.0
2019-02-18,23,0,282,0.0,0.0,0.0,0.0,0.0
2019-02-19,0,0,9,0.0,0.0,0.0,0.0,0.0
2019-02-19,0,0,17,0.0,0.0,0.0,0.0,0.0
2019-02-19,0,0,19,643.3,643.3,0.0,5849.34758,0.0
2019-02-19,0,0,20,780.2,780.2,0.0,7094.141119,0.0
2019-02-19,0,0,21,0.0,0.0,0.0,0.0,0.0
2019-02-19,0,0,22,0.0,0.0,0.0,0.0,0.0
2019-02-19,0,0,23,108.8,108.8,0.0,672.124794,0.0
2019-02-19,0,0,24,192.5,192.5,0.0,1189.191387,0.0
2019-02-19,0,0,29,0.0,0.0,0.0,0.0,0.0
2019-02-19,0,0,30,0.0,0.0,0.0,0.0,0.0
2019-02-19,0,0,31,37.5,37.5,0.0,230.967434,0.0
2019-02-19,0,0,32,0.0,0.0,0.0,0.0,0.0
2019-02-19,0,0,33,0.0,0.0,0.0,0.0,0.0
2019-02-19,0,0,34,0.0,0.0,0.0,0.0,0.0
2019-02-19,0,0,35,0.0,0.0,0.0,0.0,0.0
2019-02-19,0,0,36,0.0,0.0,0.0,0.0,0.0
2019-02-19,0,0,37,0.0,0.0,0.0,0.0,0.0
2019-02-19,0,0,38,0.0,0.0,0.0,0.0,0.0
2019-02-19,0,0,39,0.0,0.0,0.0,0.0,0.0
2019-02-19,0,0,40,0.0,0.0,0.0,0.0,0.0
2019-02-19,0,0,41,116.0,116.0,0.0,828.297578,0.0
2019-02-19,0,0,42,0.0,0.0,0.0,0.0,0.0
2019-02-19,0,0,43,0.0,0.0,0.0,0.0,0.0
2019-02-19,0,0,46,0.0,0.0,0.0,0.0,0.0
2019-02-19,0,0,52,39.75,39.75,0.0,244.82548,0.0
2019-02-19,0,0,53,63.15,63.15,0.0,388.949158,0.0
2019-02-19,0,0,55,622.97,622.97,0.0,3848.470433,0.0
2019-02-19,0,0,56,0.0,0.0,0.0,0.0,0.0
2019-02-19,0,0,57,0.0,0.0,0.0,0.0,0.0
2019-02-19,0,0,58,0.0,0.0,0.0,0.0,0.0
2019-02-19,0,0,59,0.0,0.0,0.0,0.0,0.0
2019-02-19,0,0,63,106.85,106.85,0.0,11862.204561,0.0
2019-02-19,0,0,64,125.71,125.71,0.0,13955.991907,0.0
2019-02-19,0,0,65,14.81,14.81,0.0,134.357212,0.0
2019-02-19,0,0,67,0.0,0.0,0.0,-0.0,0.0
2019-02-19,0,0,68,10.2,10.2,0.0,-4213.796013,0.0
2019-02-19,0,0,69,0.0,0.0,0.0,0.0,0.0
2019-02-19,0,0,74,65.28,65.28,0.0,553.930543,0.0
2019-02-19,0,0,77,200.0,200.0,0.0,-58543.920135,0.0
2019-02-19,0,0,78,151.2,151.2,0.0,-44259.203622,0.0
2019-02-19,0,0,79,87.5,87.5,0.0,-25612.965059,0.0
2019-02-19,0,0,80,141.5,141.5,0.0,-41419.823496,0.0
2019-02-19,0,0,81,185.0,185.0,0.0,-54153.126125,0.0
2019-02-19,0,0,82,130.5,130.5,0.0,-38199.907888,0.0
2019-02-19,0,0,83,291.0,291.0,0.0,-85181.403797,0.0
2019-02-19,0,0,84,0.0,0.0,0.0,0.0,0.0
2019-02-19,0,0,86,0.0,0.0,0.0,0.0,0.0
2019-02-19,0,0,87,0.0,0.0,0.0,0.0,0.0
2019-02-19,0,0,88,170.6,170.6,0.0,-49937.963875,0.0
2019-02-19,0,0,89,164.0,164.0,0.0,-48006.014511,0.0
2019-02-19,0,0,90,220.2,220.2,0.0,-64456.856069,0.0
2019-02-19,0,0,91,785.5,785.5,0.0,-229931.246332,0.0
2019-02-19,0,0,92,282.5,282.5,0.0,-82693.287191,0.0
2019-02-19,0,0,95,49.91,49.91,0.0,1119.468154,0.0
2019-02-19,0,0,96,29.88,29.88,0.0,183.457578,0.0
2019-02-19,0,0,97,183.75,183.75,0.0,1128.190426,0.0
2019-02-19,0,0,99,12.6,12.6,0.0,106.916741,0.0
2019-02-19,0,0,101,0.0,0.0,0.0,0.0,0.0
2019-02-19,0,0,102,24.15,24.15,0.0,-9976.781736,0.0
2019-02-19,0,0,103,21.0,21.0,0.0,-8675.462379,0.0
2019-02-19,0,0,104,3.9,3.9,0.0,-1611.157299,0.0
2019-02-19,0,0,106,0.0,0.0,0.0,0.0,0.0
2019-02-19,0,0,109,200.0,200.0,0.0,1555.256643,0.0
2019-02-19,0,0,110,230.07,230.07,0.0,-230070.0,0.0
2019-02-19,0,0,111,0.0,0.0,0.0,0.0,0.0
2019-02-19,0,0,113,111.73,111.73,0.0,-29463.013762,0.0
2019-02-19,0,0,115,111.73,111.73,0.0,-29463.013762,0.0
2019-02-19,0,0,116,0.0,0.0,0.0,-0.0,0.0
2019-02-19,0,0,117,7.45,7.45,0.0,-1964.552515,0.0
2019-02-19,0,0,119,125.71,125.71,0.0,13955.991907,0.0
2019-02-19,0,0,120,73.92,73.92,0.0,8206.403005,0.0
2019-02-19,0,0,123,0.0,0.0,0.0,0.0,0.0
2019-02-19,0,0,125,174.2,174.2,0.0,1076.140985,0.0
2019-02-19,0,0,126,0.0,0.0,0.0,0.0,0.0
2019-02-19,0,0,127,0.0,0.0,0.0,0.0,0.0
2019-02-19,0,0,128,249.5,249.5,0.0,1541.31559,0.0
2019-02-19,0,0,131,30.0,30.0,0.0,-11236.013731,0.0
2019-02-19,0,0,132,44.1,44.1,0.0,-16516.940184,0.0
2019-02-19,0,0,133,139.8,139.8,0.0,1271.434563,0.0
2019-02-19,0,0,134,0.0,0.0,0.0,0.0,0.0
2019-02-19,0,0,135,187.33,187.33,0.0,1703.704125,0.0
2019-02-19,0,0,136,25.93,25.93,0.0,235.20911,0.0
2019-02-19,0,0,139,149.8,149.8,0.0,1069.646355,0.0
2019-02-19,0,0,140,170.28,170.28,0.0,-170280.0,0.0
2019-02-19,0,0,141,230.0,230.0,0.0,-128245.049864,0.0
2019-02-19,0,0,142,0.0,0.0,0.0,-0.0,0.0
2019-02-19,0,0,143,181.61,181.61,0.0,1118.559883,0.0
2019-02-19,0,0,145,30.0,30.0,0.0,202.781799,0.0
2019-02-19,0,0,146,235.7,235.7,0.0,-235700.0,0.0
2019-02-19,0,0,152,0.0,0.0,0.0,0.0,0.0
2019-02-19,0,0,153,0.0,0.0,0.0,0.0,0.0
2019-02-19,0,0,154,0.0,0.0,0.0,0.0,0.0
2019-02-19,0,0,157,131.58,131.58,0.0,-73367.320266,0.0
2019-02-19,0,0,158,0.0,0.0,0.0,-0.0,0.0
2019-02-19,0,0,159,0.0,0.0,0.0,0.0,0.0
2019-02-19,0,0,160,0.0,0.0,0.0,0.0,0.0
2019-02-19,0,0,161,0.0,0.0,0.0,-0.0,0.0
2019-02-19,0,0,162,20.5,20.5,0.0,475.974735,0.0
2019-02-19,0,0,163,150.43,150.43,0.0,-150430.0,0.0
2019-02-19,0,0,164,0.0,0.0,0.0,0.0,0.0
2019-02-19,0,0,167,0.0,0.0,0.0,0.0,0.0
2019-02-19,0,0,168,0.0,0.0,0.0,0.0,0.0
2019-02-19,0,0,169,0.0,0.0,0.0,0.0,0.0
2019-02-19,0,0,170,0.0,0.0,0.0,0.0,0.0
2019-02-19,0,0,172,0.0,0.0,0.0,0.0,0.0
2019-02-19,0,0,173,0.0,0.0,0.0,0.0,0.0
2019-02-19,0,0,188,0.0,0.0,0.0,0.0,0.0
2019-02-19,0,0,190,0.0,0.0,0.0,0.0,0.0
2019-02-19,0,0,191,0.0,0.0,0.0,0.0,0.0
2019-02-19,0,0,192,148.22,148.22,0.0,4806.412516,0.0
2019-02-19,0,0,194,120.85,120.85,0.0,-15599.780732,0.0
2019-02-19,0,0,196,0.0,0.0,0.0,0.0,0.0
2019-02-19,0,0,198,0.0,0.0,0.0,0.0,0.0
2019-02-19,0,0,199,10.9,10.9,0.0,-308.161871,0.0
2019-02-19,0,0,200,0.0,0.0,0.0,-0.0,0.0
2019-02-19,0,0,204,857.0,857.0,0.0,6601.803106,0.0
2019-02-19,0,0,205,1058.0,1058.0,0.0,8227.307639,0.0
2019-02-19,0,0,206,539.94,539.94,0.0,3315.130005,0.0
2019-02-19,0,0,210,0.0,0.0,0.0,0.0,0.0
2019-02-19,0,0,214,0.0,0.0,0.0,0.0,0.0
2019-02-19,0,0,217,0.0,0.0,0.0,0.0,0.0
2019-02-19,0,0,218,0.0,0.0,0.0,0.0,0.0
2019-02-19,0,0,219,0.0,0.0,0.0,0.0,0.0
2019-02-19,0,0,221,0.0,0.0,0.0,0.0,0.0
2019-02-19,0,0,225,0.0,0.0,0.0,0.0,0.0
2019-02-19,0,0,233,0.0,0.0,0.0,0.0,0.0
2019-02-19,0,0,236,152.66,152.66,0.0,1345.058296,0.0
2019-02-19,0,0,237,156.6,156.6,0.0,1328.822352,0.0
2019-02-19,0,0,238,0.0,0.0,0.0,0.0,0.0
2019-02-19,0,0,240,0.0,0.0,0.0,0.0,0.0
2019-02-19,0,0,245,164.49,164.49,0.0,1508.159128,0.0
2019-02-19,0,0,247,114.08,114.08,0.0,1045.965064,0.0
2019-02-19,0,0,248,15.72,15.72,0.0,133.391362,0.0
2019-02-19,0,0,249,308.16,308.16,0.0,2825.425964,0.0
2019-02-19,0,0,251,52.5,52.5,0.0,474.502256,0.0
2019-02-19,0,0,252,95.53,95.53,0.0,866.653912,0.0
2019-02-19,0,0,254,0.0,0.0,0.0,0.0,0.0
2019-02-19,0,0,255,0.0,0.0,0.0,0.0,0.0
2019-02-19,0,0,258,0.0,0.0,0.0,0.0,0.0
2019-02-19,0,0,260,0.0,0.0,0.0,0.0,0.0
2019-02-19,0,0,265,0.0,0.0,0.0,0.0,0.0
2019-02-19,0,0,266,97.0,97.0,0.0,692.628147,0.0
2019-02-19,0,0,267,119.2,119.2,0.0,851.147166,0.0
2019-02-19,0,0,270,469.78,469.78,0.0,-469780.0,0.0
2019-02-19,0,0,272,373.42,373.42,0.0,-98470.228221,0.0
2019-02-19,0,0,273,0.0,0.0,0.0,-0.0,0.0
2019-02-19,0,0,274,605.6,605.6,0.0,-605600.0,0.0
2019-02-19,0,0,275,843.0,843.0,0.0,-843000.0,0.0
2019-02-19,0,0,276,0.0,0.0,0.0,-0.0,0.0
2019-02-19,0,0,277,0.0,0.0,0.0,-0.0,0.0
2019-02-19,0,0,278,0.0,0.0,0.0,-0.0,0.0
2019-02-19,0,0,279,232.6,232.6,0.0,-64042.554021,0.0
2019-02-19,0,0,281,16.83,16.83,0.0,103.658184,0.0
2019-02-19,0,0,282,0.0,0.0,0.0,0.0,0.0
2019-02-19,1,0,9,0.0,0.0,0.0,0.0,0.0
2019-02-19,1,0,17,0.0,0.0,0.0,0.0,0.0
2019-02-19,1,0,19,643.3,643.3,0.0,5746.854068,0.0
2019-02-19,1,0,20,780.2,780.2,0.0,6969.83607,0.0
2019-02-19,1,0,21,0.0,0.0,0.0,0.0,0.0
2019-02-19,1,0,22,0.0,0.0,0.0,0.0,0.0
2019-02-19,1,0,23,108.8,108.8,0.0,613.156858,0.0
2019-02-19,1,0,24,192.5,192.5,0.0,1084.859331,0.0
2019-02-19,1,0,29,0.0,0.0,0.0,0.0,0.0
2019-02-19,1,0,30,0.0,0.0,0.0,0.0,0.0
2019-02-19,1,0,31,84.11,84.11,0.0,472.254119,0.0
2019-02-19,1,0,32,0.0,0.0,0.0,0.0,0.0
2019-02-19,1,0,33,0.0,0.0,0.0,0.0,0.0
2019-02-19,1,0,34,0.0,0.0,0.0,0.0,0.0
2019-02-19,1,0,35,0.0,0.0,0.0,0.0,0.0
2019-02-19,1,0,36,0.0,0.0,0.0,0.0,0.0
2019-02-19,1,0,37,0.0,0.0,0.0,0.0,0.0
2019-02-19,1,0,38,0.0,0.0,0.0,0.0,0.0
2019-02-19,1,0,39,0.0,0.0,0.0,0.0,0.0
2019-02-19,1,0,40,0.0,0.0,0.0,0.0,0.0
2019-02-19,1,0,41,116.0,116.0,0.0,780.089203,0.0
2019-02-19,1,0,42,0.0,0.0,0.0,0.0,0.0
2019-02-19,1,0,43,0.0,0.0,0.0,0.0,0.0
2019-02-19,1,0,46,0.0,0.0,0.0,0.0,0.0
2019-02-19,1,0,52,89.55,89.55,0.0,502.798197,0.0
2019-02-19,1,0,53,146.38,146.38,0.0,821.882748,0.0
2019-02-19,1,0,55,524.08,524.08,0.0,2953.522485,0.0
2019-02-19,1,0,56,0.0,0.0,0.0,0.0,0.0
2019-02-19,1,0,57,0.0,0.0,0.0,0.0,0.0
2019-02-19,1,0,58,0.0,0.0,0.0,0.0,0.0
2019-02-19,1,0,59,0.0,0.0,0.0,0.0,0.0
2019-02-19,1,0,63,86.76,86.76,0.0,9633.613313,0.0
2019-02-19,1,0,64,102.07,102.07,0.0,11333.597405,0.0
2019-02-19,1,0,65,11.95,11.95,0.0,106.474781,0.0
2019-02-19,1,0,67,0.0,0.0,0.0,-0.0,0.0
2019-02-19,1,0,68,10.2,10.2,0.0,-4212.820688,0.0
2019-02-19,1,0,69,0.0,0.0,0.0,0.0,0.0
2019-02-19,1,0,74,65.28,65.28,0.0,538.326065,0.0
2019-02-19,1,0,77,200.0,200.0,0.0,-58517.745491,0.0
2019-02-19,1,0,78,151.2,151.2,0.0,-44239.415591,0.0
2019-02-19,1,0,79,87.5,87.5,0.0,-25601.513652,0.0
2019-02-19,1,0,80,141.5,141.5,0.0,-41401.304935,0.0
2019-02-19,1,0,81,185.0,185.0,0.0,-54128.914579,0.0
2019-02-19,1,0,82,130.5,130.5,0.0,-38182.828933,0.0
2019-02-19,1,0,83,291.0,291.0,0.0,-85143.319689,0.0
2019-02-19,1,0,84,0.0,0.0,0.0,0.0,0.0
2019-02-19,1,0,86,0.0,0.0,0.0,0.0,0.0
2019-02-19,1,0,87,0.0,0.0,0.0,0.0,0.0
2019-02-19,1,0,88,169.9,169.9,0.0,-49710.824795,0.0
2019-02-19,1,0,89,163.32,163.32,0.0,-47785.590968,0.0
2019-02-19,1,0,90,219.29,219.29,0.0,-64161.782044,0.0
2019-02-19,1,0,91,782.26,782.26,0.0,-228880.457939,0.0
2019-02-19,1,0,92,281.33,281.33,0.0,-82313.986695,0.0
2019-02-19,1,0,95,72.38,72.38,0.0,1623.464336,0.0
2019-02-19,1,0,96,29.88,29.88,0.0,167.11479,0.0
2019-02-19,1,0,97,183.75,183.75,0.0,1027.688842,0.0
2019-02-19,1,0,99,12.6,12.6,0.0,103.904847,0.0
2019-02-19,1,0,101,0.0,0.0,0.0,0.0,0.0
2019-02-19,1,0,102,24.15,24.15,0.0,-9974.472512,0.0
2019-02-19,1,0,103,21.0,21.0,0.0,-8673.454358,0.0
2019-02-19,1,0,104,3.9,3.9,0.0,-1610.784381,0.0
2019-02-19,1,0,106,0.0,0.0,0.0,0.0,0.0
2019-02-19,1,0,109,200.0,200.0,0.0,1488.83046,0.0
2019-02-19,1,0,110,215.24,215.24,0.0,-215240.0,0.0
2019-02-19,1,0,111,0.0,0.0,0.0,0.0,0.0
2019-02-19,1,0,113,57.36,57.36,0.0,-15120.903494,0.0
2019-02-19,1,0,115,57.36,57.36,0.0,-15120.903494,0.0
2019-02-19,1,0,116,0.0,0.0,0.0,-0.0,0.0
2019-02-19,1,0,117,3.92,3.92,0.0,-1033.367184,0.0
2019-02-19,1,0,119,102.07,102.07,0.0,11333.597405,0.0
2019-02-19,1,0,120,60.02,60.02,0.0,6664.470621,0.0
2019-02-19,1,0,123,0.0,0.0,0.0,0.0,0.0
2019-02-19,1,0,125,174.2,174.2,0.0,981.727249,0.0
2019-02-19,1,0,126,0.0,0.0,0.0,0.0,0.0
2019-02-19,1,0,127,0.0,0.0,0.0,0.0,0.0
2019-02-19,1,0,128,249.5,249.5,0.0,1406.090406,0.0
2019-02-19,1,0,131,30.0,30.0,0.0,-11232.956539,0.0
2019-02-19,1,0,132,44.1,44.1,0.0,-16512.446112,0.0
2019-02-19,1,0,133,139.8,139.8,0.0,1249.196707,0.0
2019-02-19,1,0,134,0.0,0.0,0.0,0.0,0.0
2019-02-19,1,0,135,187.32,187.32,0.0,1673.81636,0.0
2019-02-19,1,0,136,21.04,21.04,0.0,187.439897,0.0
2019-02-19,1,0,139,149.8,149.8,0.0,1007.391057,0.0
2019-02-19,1,0,140,159.3,159.3,0.0,-159300.0,0.0
2019-02-19,1,0,141,230.0,230.0,0.0,-128228.471065,0.0
2019-02-19,1,0,142,0.0,0.0,0.0,-0.0,0.0
2019-02-19,1,0,143,238.49,238.49,0.0,1339.054628,0.0
2019-02-19,1,0,145,30.0,30.0,0.0,188.813316,0.0
2019-02-19,1,0,146,251.64,251.64,0.0,-251640.0,0.0
2019-02-19,1,0,152,0.0,0.0,0.0,0.0,0.0
2019-02-19,1,0,153,0.0,0.0,0.0,0.0,0.0
2019-02-19,1,0,154,0.0,0.0,0.0,0.0,0.0
2019-02-19,1,0,157,127.73,127.73,0.0,-71211.402648,0.0
2019-02-19,1,0,158,0.0,0.0,0.0,-0.0,0.0
2019-02-19,1,0,159,0.0,0.0,0.0,0.0,0.0
2019-02-19,1,0,160,0.0,0.0,0.0,0.0,0.0
2019-02-19,1,0,161,0.0,0.0,0.0,-0.0,0.0
2019-02-19,1,0,162,18.11,18.11,0.0,420.491609,0.0
2019-02-19,1,0,163,131.7,131.7,0.0,-131700.0,0.0
2019-02-19,1,0,164,0.0,0.0,0.0,0.0,0.0
2019-02-19,1,0,167,0.0,0.0,0.0,0.0,0.0
2019-02-19,1,0,168,0.0,0.0,0.0,0.0,0.0
2019-02-19,1,0,169,0.0,0.0,0.0,0.0,0.0
2019-02-19,1,0,170,0.0,0.0,0.0,0.0,0.0
2019-02-19,1,0,172,0.0,0.0,0.0,0.0,0.0
2019-02-19,1,0,173,0.0,0.0,0.0,0.0,0.0
2019-02-19,1,0,188,0.0,0.0,0.0,0.0,0.0
2019-02-19,1,0,190,0.0,0.0,0.0,0.0,0.0
2019-02-19,1,0,191,0.0,0.0,0.0,0.0,0.0
2019-02-19,1,0,192,125.92,125.92,0.0,4083.277992,0.0
2019-02-19,1,0,194,100.48,100.48,0.0,-12964.488739,0.0
2019-02-19,1,0,196,0.0,0.0,0.0,0.0,0.0
2019-02-19,1,0,198,0.0,0.0,0.0,0.0,0.0
2019-02-19,1,0,199,23.42,23.42,0.0,-658.365721,0.0
2019-02-19,1,0,200,0.0,0.0,0.0,-0.0,0.0
2019-02-19,1,0,204,857.0,857.0,0.0,6308.966386,0.0
2019-02-19,1,0,205,1058.0,1058.0,0.0,7875.913135,0.0
2019-02-19,1,0,206,539.94,539.94,0.0,3019.811229,0.0
2019-02-19,1,0,210,0.0,0.0,0.0,0.0,0.0
2019-02-19,1,0,214,0.0,0.0,0.0,0.0,0.0
2019-02-19,1,0,217,0.0,0.0,0.0,0.0,0.0
2019-02-19,1,0,218,0.0,0.0,0.0,0.0,0.0
2019-02-19,1,0,219,0.0,0.0,0.0,0.0,0.0
2019-02-19,1,0,221,0.0,0.0,0.0,0.0,0.0
2019-02-19,1,0,225,0.0,0.0,0.0,0.0,0.0
2019-02-19,1,0,233,0.0,0.0,0.0,0.0,0.0
2019-02-19,1,0,236,159.03,159.03,0.0,1369.960716,0.0
2019-02-19,1,0,237,156.6,156.6,0.0,1291.388813,0.0
2019-02-19,1,0,238,0.0,0.0,0.0,0.0,0.0
2019-02-19,1,0,240,0.0,0.0,0.0,0.0,0.0
2019-02-19,1,0,245,78.0,78.0,0.0,703.509042,0.0
2019-02-19,1,0,247,85.71,85.71,0.0,773.048205,0.0
2019-02-19,1,0,248,15.72,15.72,0.0,129.633666,0.0
2019-02-19,1,0,249,150.01,150.01,0.0,1352.992197,0.0
2019-02-19,1,0,251,51.64,51.64,0.0,458.131934,0.0
2019-02-19,1,0,252,77.06,77.06,0.0,686.606409,0.0
2019-02-19,1,0,254,0.0,0.0,0.0,0.0,0.0
2019-02-19,1,0,255,0.0,0.0,0.0,0.0,0.0
2019-02-19,1,0,258,0.0,0.0,0.0,0.0,0.0
2019-02-19,1,0,260,0.0,0.0,0.0,0.0,0.0
2019-02-19,1,0,265,0.0,0.0,0.0,0.0,0.0
2019-02-19,1,0,266,97.0,97.0,0.0,652.315971,0.0
2019-02-19,1,0,267,119.2,119.2,0.0,801.608905,0.0
2019-02-19,1,0,270,411.31,411.31,0.0,-411310.0,0.0
2019-02-19,1,0,272,191.32,191.32,0.0,-50434.645338,0.0
2019-02-19,1,0,273,0.0,0.0,0.0,-0.0,0.0
2019-02-19,1,0,274,530.22,530.22,0.0,-530220.0,0.0
2019-02-19,1,0,275,738.08,738.08,0.0,-738080.0,0.0
2019-02-19,1,0,276,0.0,0.0,0.0,-0.0,0.0
2019-02-19,1,0,277,0.0,0.0,0.0,-0.0,0.0
2019-02-19,1,0,278,0.0,0.0,0.0,-0.0,0.0
2019-02-19,1,0,279,218.75,218.75,0.0,-60206.668013,0.0
2019-02-19,1,0,281,34.73,34.73,0.0,194.999234,0.0
2019-02-19,1,0,282,0.0,0.0,0.0,0.0,0.0
2019-02-19,2,0,9,0.0,0.0,0.0,0.0,0.0
2019-02-19,2,0,17,0.0,0.0,0.0,0.0,0.0
2019-02-19,2,0,19,643.3,643.3,0.0,5746.854068,0.0
2019-02-19,2,0,20,780.2,780.2,0.0,6969.83607,0.0
2019-02-19,2,0,21,0.0,0.0,0.0,0.0,0.0
2019-02-19,2,0,22,0.0,0.0,0.0,0.0,0.0
2019-02-19,2,0,23,108.8,108.8,0.0,613.156858,0.0
2019-02-19,2,0,24,192.5,192.5,0.0,1084.859331,0.0
2019-02-19,2,0,29,0.0,0.0,0.0,0.0,0.0
2019-02-19,2,0,30,0.0,0.0,0.0,0.0,0.0
2019-02-19,2,0,31,37.5,37.5,0.0,210.552009,0.0
2019-02-19,2,0,32,0.0,0.0,0.0,0.0,0.0
2019-02-19,2,0,33,0.0,0.0,0.0,0.0,0.0
2019-02-19,2,0,34,0.0,0.0,0.0,0.0,0.0
2019-02-19,2,0,35,0.0,0.0,0.0,0.0,0.0
2019-02-19,2,0,36,0.0,0.0,0.0,0.0,0.0
2019-02-19,2,0,37,0.0,0.0,0.0,0.0,0.0
2019-02-19,2,0,38,0.0,0.0,0.0,0.0,0.0
2019-02-19,2,0,39,0.0,0.0,0.0,0.0,0.0
2019-02-19,2,0,40,0.0,0.0,0.0,0.0,0.0
2019-02-19,2,0,41,116.0,116.0,0.0,780.089203,0.0
2019-02-19,2,0,42,0.0,0.0,0.0,0.0,0.0
2019-02-19,2,0,43,0.0,0.0,0.0,0.0,0.0
2019-02-19,2,0,46,0.0,0.0,0.0,0.0,0.0
2019-02-19,2,0,52,39.75,39.75,0.0,223.185129,0.0
2019-02-19,2,0,53,63.15,63.15,0.0,354.569583,0.0
2019-02-19,2,0,55,623.0,623.0,0.0,3510.99929,0.0
2019-02-19,2,0,56,0.0,0.0,0.0,0.0,0.0
2019-02-19,2,0,57,0.0,0.0,0.0,0.0,0.0
2019-02-19,2,0,58,0.0,0.0,0.0,0.0,0.0
2019-02-19,2,0,59,0.0,0.0,0.0,0.0,0.0
2019-02-19,2,0,63,75.98,75.98,0.0,8436.629086,0.0
2019-02-19,2,0,64,89.39,89.39,0.0,9925.641932,0.0
2019-02-19,2,0,65,8.32,8.32,0.0,74.131395,0.0
2019-02-19,2,0,67,0.0,0.0,0.0,-0.0,0.0
2019-02-19,2,0,68,10.2,10.2,0.0,-4212.820688,0.0
2019-02-19,2,0,69,0.0,0.0,0.0,0.0,0.0
2019-02-19,2,0,74,65.28,65.28,0.0,538.326065,0.0
2019-02-19,2,0,77,200.0,200.0,0.0,-58517.745491,0.0
2019-02-19,2,0,78,151.2,151.2,0.0,-44239.415591,0.0
2019-02-19,2,0,79,87.5,87.5,0.0,-25601.513652,0.0
2019-02-19,2,0,80,141.5,141.5,0.0,-41401.304935,0.0
2019-02-19,2,0,81,185.0,185.0,0.0,-54128.914579,0.0
2019-02-19,2,0,82,130.5,130.5,0.0,-38182.828933,0.0
2019-02-19,2,0,83,291.0,291.0,0.0,-85143.319689,0.0
2019-02-19,2,0,84,0.0,0.0,0.0,0.0,0.0
2019-02-19,2,0,86,0.0,0.0,0.0,0.0,0.0
2019-02-19,2,0,87,0.0,0.0,0.0,0.0,0.0
2019-02-19,2,0,88,170.6,170.6,0.0,-49915.636904,0.0
2019-02-19,2,0,89,164.0,164.0,0.0,-47984.551303,0.0
2019-02-19,2,0,90,220.2,220.2,0.0,-64428.037786,0.0
2019-02-19,2,0,91,785.5,785.5,0.0,-229828.445416,0.0
2019-02-19,2,0,92,282.5,282.5,0.0,-82656.315506,0.0
2019-02-19,2,0,95,36.0,36.0,0.0,807.470518,0.0
2019-02-19,2,0,96,29.88,29.88,0.0,167.11479,0.0
2019-02-19,2,0,97,183.75,183.75,0.0,1027.688842,0.0
2019-02-19,2,0,99,12.6,12.6,0.0,103.904847,0.0
2019-02-19,2,0,101,0.0,0.0,0.0,0.0,0.0
2019-02-19,2,0,102,24.15,24.15,0.0,-9974.472512,0.0
2019-02-19,2,0,103,21.0,21.0,0.0,-8673.454358,0.0
2019-02-19,2,0,104,3.9,3.9,0.0,-1610.784381,0.0
2019-02-19,2,0,106,0.0,0.0,0.0,0.0,0.0
2019-02-19,2,0,109,195.26,195.26,0.0,1453.545178,0.0
2019-02-19,2,0,110,188.26,188.26,0.0,-188260.0,0.0
2019-02-19,2,0,111,0.0,0.0,0.0,0.0,0.0
2019-02-19,2,0,113,66.65,66.65,0.0,-17569.878276,0.0
2019-02-19,2,0,115,66.65,66.65,0.0,-17569.878276,0.0
2019-02-19,2,0,116,0.0,0.0,0.0,-0.0,0.0
2019-02-19,2,0,117,3.56,3.56,0.0,-938.466116,0.0
2019-02-19,2,0,119,89.39,89.39,0.0,9925.641932,0.0
2019-02-19,2,0,120,52.56,52.56,0.0,5836.130887,0.0
2019-02-19,2,0,123,0.0,0.0,0.0,0.0,0.0
2019-02-19,2,0,125,174.2,174.2,0.0,981.727249,0.0
2019-02-19,2,0,126,0.0,0.0,0.0,0.0,0.0
2019-02-19,2,0,127,0.0,0.0,0.0,0.0,0.0
2019-02-19,2,0,128,249.5,249.5,0.0,1406.090406,0.0
2019-02-19,2,0,131,30.0,30.0,0.0,-11232.956539,0.0
2019-02-19,2,0,132,44.1,44.1,0.0,-16512.446112,0.0
2019-02-19,2,0,133,139.8,139.8,0.0,1249.196707,0.0
2019-02-19,2,0,134,0.0,0.0,0.0,0.0,0.0
2019-02-19,2,0,135,187.33,187.33,0.0,1673.905716,0.0
2019-02-19,2,0,136,17.35,17.35,0.0,154.566645,0.0
2019-02-19,2,0,139,149.8,149.8,0.0,1007.391057,0.0
2019-02-19,2,0,140,139.33,139.33,0.0,-139330.0,0.0
2019-02-19,2,0,141,230.0,230.0,0.0,-128228.471065,0.0
2019-02-19,2,0,142,0.0,0.0,0.0,-0.0,0.0
2019-02-19,2,0,143,135.14,135.14,0.0,758.773292,0.0
2019-02-19,2,0,145,30.0,30.0,0.0,188.813316,0.0
2019-02-19,2,0,146,243.86,243.86,0.0,-243860.0,0.0
2019-02-19,2,0,152,0.0,0.0,0.0,0.0,0.0
2019-02-19,2,0,153,0.0,0.0,0.0,0.0,0.0
2019-02-19,2,0,154,0.0,0.0,0.0,0.0,0.0
2019-02-19,2,0,157,167.52,167.52,0.0,-93394.928143,0.0
2019-02-19,2,0,158,0.0,0.0,0.0,-0.0,0.0
2019-02-19,2,0,159,0.0,0.0,0.0,0.0,0.0
2019-02-19,2,0,160,0.0,0.0,0.0,0.0,0.0
2019-02-19,2,0,161,0.0,0.0,0.0,-0.0,0.0
2019-02-19,2,0,162,21.73,21.73,0.0,504.543493,0.0
2019-02-19,2,0,163,134.36,134.36,0.0,-134360.0,0.0
2019-02-19,2,0,164,0.0,0.0,0.0,0.0,0.0
2019-02-19,2,0,167,0.0,0.0,0.0,0.0,0.0
2019-02-19,2,0,168,0.0,0.0,0.0,0.0,0.0
2019-02-19,2,0,169,0.0,0.0,0.0,0.0,0.0
2019-02-19,2,0,170,0.0,0.0,0.0,0.0,0.0
2019-02-19,2,0,172,0.0,0.0,0.0,0.0,0.0
2019-02-19,2,0,173,0.0,0.0,0.0,0.0,0.0
2019-02-19,2,0,188,0.0,0.0,0.0,0.0,0.0
2019-02-19,2,0,190,0.0,0.0,0.0,0.0,0.0
2019-02-19,2,0,191,0.0,0.0,0.0,0.0,0.0
2019-02-19,2,0,192,110.24,110.24,0.0,12240.773762,0.0
2019-02-19,2,0,194,105.68,105.68,0.0,-13635.421675,0.0
2019-02-19,2,0,196,0.0,0.0,0.0,0.0,0.0
2019-02-19,2,0,198,0.0,0.0,0.0,0.0,0.0
2019-02-19,2,0,199,11.1,11.1,0.0,-312.034992,0.0
2019-02-19,2,0,200,0.0,0.0,0.0,-0.0,0.0
2019-02-19,2,0,204,857.0,857.0,0.0,6308.966386,0.0
2019-02-19,2,0,205,958.56,958.56,0.0,7135.66663,0.0
2019-02-19,2,0,206,539.94,539.94,0.0,3019.811229,0.0
2019-02-19,2,0,210,0.0,0.0,0.0,0.0,0.0
2019-02-19,2,0,214,0.0,0.0,0.0,0.0,0.0
2019-02-19,2,0,217,0.0,0.0,0.0,0.0,0.0
2019-02-19,2,0,218,0.0,0.0,0.0,0.0,0.0
2019-02-19,2,0,219,0.0,0.0,0.0,0.0,0.0
2019-02-19,2,0,221,0.0,0.0,0.0,0.0,0.0
2019-02-19,2,0,225,0.0,0.0,0.0,0.0,0.0
2019-02-19,2,0,233,0.0,0.0,0.0,0.0,0.0
2019-02-19,2,0,236,159.03,159.03,0.0,1369.960716,0.0
2019-02-19,2,0,237,156.6,156.6,0.0,1291.388813,0.0
2019-02-19,2,0,238,0.0,0.0,0.0,0.0,0.0
2019-02-19,2,0,240,0.0,0.0,0.0,0.0,0.0
2019-02-19,2,0,245,78.01,78.01,0.0,703.599235,0.0
2019-02-19,2,0,247,89.47,89.47,0.0,806.960948,0.0
2019-02-19,2,0,248,15.72,15.72,0.0,129.633666,0.0
2019-02-19,2,0,249,150.01,150.01,0.0,1352.992197,0.0
2019-02-19,2,0,251,31.57,31.57,0.0,280.077946,0.0
2019-02-19,2,0,252,53.69,53.69,0.0,478.37916,0.0
2019-02-19,2,0,254,0.0,0.0,0.0,0.0,0.0
2019-02-19,2,0,255,0.0,0.0,0.0,0.0,0.0
2019-02-19,2,0,258,0.0,0.0,0.0,0.0,0.0
2019-02-19,2,0,260,0.0,0.0,0.0,0.0,0.0
2019-02-19,2,0,265,0.0,0.0,0.0,0.0,0.0
2019-02-19,2,0,266,97.0,97.0,0.0,652.315971,0.0
2019-02-19,2,0,267,119.2,119.2,0.0,801.608905,0.0
2019-02-19,2,0,270,419.6,419.6,0.0,-419600.0,0.0
2019-02-19,2,0,272,287.5,287.5,0.0,-75789.047327,0.0
2019-02-19,2,0,273,0.0,0.0,0.0,-0.0,0.0
2019-02-19,2,0,274,540.92,540.92,0.0,-540920.0,0.0
2019-02-19,2,0,275,752.97,752.97,0.0,-752970.0,0.0
2019-02-19,2,0,276,0.0,0.0,0.0,-0.0,0.0
2019-02-19,2,0,277,0.0,0.0,0.0,-0.0,0.0
2019-02-19,2,0,278,0.0,0.0,0.0,-0.0,0.0
2019-02-19,2,0,279,227.56,227.56,0.0,-62631.448563,0.0
2019-02-19,2,0,281,16.83,16.83,0.0,94.495741,0.0
2019-02-19,2,0,282,0.0,0.0,0.0,0.0,0.0
2019-02-19,3,0,9,0.0,0.0,0.0,0.0,0.0
2019-02-19,3,0,17,0.0,0.0,0.0,0.0,0.0
2019-02-19,3,0,19,643.3,643.3,0.0,5463.838304,0.0
2019-02-19,3,0,20,780.2,780.2,0.0,6626.592018,0.0
2019-02-19,3,0,21,0.0,0.0,0.0,0.0,0.0
2019-02-19,3,0,22,0.0,0.0,0.0,0.0,0.0
2019-02-19,3,0,23,108.8,108.8,0.0,642.284581,0.0
2019-02-19,3,0,24,192.5,192.5,0.0,1136.395055,0.0
2019-02-19,3,0,29,0.0,0.0,0.0,0.0,0.0
2019-02-19,3,0,30,0.0,0.0,0.0,0.0,0.0
2019-02-19,3,0,31,37.5,37.5,0.0,220.759721,0.0
2019-02-19,3,0,32,0.0,0.0,0.0,0.0,0.0
2019-02-19,3,0,33,0.0,0.0,0.0,0.0,0.0
2019-02-19,3,0,34,0.0,0.0,0.0,0.0,0.0
2019-02-19,3,0,35,0.0,0.0,0.0,0.0,0.0
2019-02-19,3,0,36,0.0,0.0,0.0,0.0,0.0
2019-02-19,3,0,37,0.0,0.0,0.0,0.0,0.0
2019-02-19,3,0,38,0.0,0.0,0.0,0.0,0.0
2019-02-19,3,0,39,0.0,0.0,0.0,0.0,0.0
2019-02-19,3,0,40,0.0,0.0,0.0,0.0,0.0
2019-02-19,3,0,41,116.0,116.0,0.0,784.030015,0.0
2019-02-19,3,0,42,0.0,0.0,0.0,0.0,0.0
2019-02-19,3,0,43,0.0,0.0,0.0,0.0,0.0
2019-02-19,3,0,46,0.0,0.0,0.0,0.0,0.0
2019-02-19,3,0,52,39.75,39.75,0.0,234.005304,0.0
2019-02-19,3,0,53,63.15,63.15,0.0,371.75937,0.0
2019-02-19,3,0,55,623.0,623.0,0.0,3677.787631,0.0
2019-02-19,3,0,56,0.0,0.0,0.0,0.0,0.0
2019-02-19,3,0,57,0.0,0.0,0.0,0.0,0.0
2019-02-19,3,0,58,0.0,0.0,0.0,0.0,0.0
2019-02-19,3,0,59,0.0,0.0,0.0,0.0,0.0
2019-02-19,3,0,63,67.13,67.13,0.0,7450.613185,0.0
2019-02-19,3,0,64,78.98,78.98,0.0,8765.818999,0.0
2019-02-19,3,0,65,5.6,5.6,0.0,47.460534,0.0
2019-02-19,3,0,67,0.0,0.0,0.0,-0.0,0.0
2019-02-19,3,0,68,10.2,10.2,0.0,-4214.991971,0.0
2019-02-19,3,0,69,0.0,0.0,0.0,0.0,0.0
2019-02-19,3,0,74,63.96,63.96,0.0,508.73085,0.0
2019-02-19,3,0,77,200.0,200.0,0.0,-58574.835749,0.0
2019-02-19,3,0,78,151.2,151.2,0.0,-44282.575826,0.0
2019-02-19,3,0,79,87.5,87.5,0.0,-25626.49064,0.0
2019-02-19,3,0,80,141.5,141.5,0.0,-41441.696292,0.0
2019-02-19,3,0,81,185.0,185.0,0.0,-54181.723068,0.0
2019-02-19,3,0,82,130.5,130.5,0.0,-38220.080326,0.0
2019-02-19,3,0,83,291.0,291.0,0.0,-85226.386015,0.0
2019-02-19,3,0,84,0.0,0.0,0.0,0.0,0.0
2019-02-19,3,0,86,0.0,0.0,0.0,0.0,0.0
2019-02-19,3,0,87,0.0,0.0,0.0,0.0,0.0
2019-02-19,3,0,88,170.6,170.6,0.0,-49964.334894,0.0
2019-02-19,3,0,89,164.0,164.0,0.0,-48031.365314,0.0
2019-02-19,3,0,90,220.2,220.2,0.0,-64490.894159,0.0
2019-02-19,3,0,91,785.5,785.5,0.0,-230052.667403,0.0
2019-02-19,3,0,92,282.5,282.5,0.0,-82736.955495,0.0
2019-02-19,3,0,95,36.0,36.0,0.0,807.470518,0.0
2019-02-19,3,0,96,29.88,29.88,0.0,175.388432,0.0
2019-02-19,3,0,97,183.75,183.75,0.0,1078.568418,0.0
2019-02-19,3,0,99,12.35,12.35,0.0,98.23055,0.0
2019-02-19,3,0,101,0.0,0.0,0.0,0.0,0.0
2019-02-19,3,0,102,24.15,24.15,0.0,-9979.613343,0.0
2019-02-19,3,0,103,21.0,21.0,0.0,-8677.924646,0.0
2019-02-19,3,0,104,3.9,3.9,0.0,-1611.614577,0.0
2019-02-19,3,0,106,0.0,0.0,0.0,0.0,0.0
2019-02-19,3,0,109,200.0,200.0,0.0,1464.756626,0.0
2019-02-19,3,0,110,162.55,162.55,0.0,-162550.0,0.0
2019-02-19,3,0,111,0.0,0.0,0.0,0.0,0.0
2019-02-19,3,0,113,60.24,60.24,0.0,-15892.222067,0.0
2019-02-19,3,0,115,60.24,60.24,0.0,-15892.222067,0.0
2019-02-19,3,0,116,0.0,0.0,0.0,-0.0,0.0
2019-02-19,3,0,117,3.09,3.09,0.0,-815.188682,0.0
2019-02-19,3,0,119,78.98,78.98,0.0,8765.818999,0.0
2019-02-19,3,0,120,46.44,46.44,0.0,5154.274934,0.0
2019-02-19,3,0,123,0.0,0.0,0.0,0.0,0.0
2019-02-19,3,0,125,174.2,174.2,0.0,1028.363732,0.0
2019-02-19,3,0,126,0.0,0.0,0.0,0.0,0.0
2019-02-19,3,0,127,0.0,0.0,0.0,0.0,0.0
2019-02-19,3,0,128,249.5,249.5,0.0,1472.886058,0.0
2019-02-19,3,0,131,30.0,30.0,0.0,-11239.762508,0.0
2019-02-19,3,0,132,44.1,44.1,0.0,-16522.450887,0.0
2019-02-19,3,0,133,78.86,78.86,0.0,669.930096,0.0
2019-02-19,3,0,134,0.0,0.0,0.0,0.0,0.0
2019-02-19,3,0,135,105.53,105.53,0.0,896.496614,0.0
2019-02-19,3,0,136,14.25,14.25,0.0,120.755749,0.0
2019-02-19,3,0,139,149.8,149.8,0.0,1012.48014,0.0
2019-02-19,3,0,140,120.31,120.31,0.0,-120310.0,0.0
2019-02-19,3,0,141,230.0,230.0,0.0,-128265.379058,0.0
2019-02-19,3,0,142,0.0,0.0,0.0,-0.0,0.0
2019-02-19,3,0,143,71.55,71.55,0.0,421.209547,0.0
2019-02-19,3,0,145,30.0,30.0,0.0,192.607954,0.0
2019-02-19,3,0,146,237.7,237.7,0.0,-237700.0,0.0
2019-02-19,3,0,152,0.0,0.0,0.0,0.0,0.0
2019-02-19,3,0,153,0.0,0.0,0.0,0.0,0.0
2019-02-19,3,0,154,0.0,0.0,0.0,0.0,0.0
2019-02-19,3,0,157,216.55,216.55,0.0,-120764.642761,0.0
2019-02-19,3,0,158,0.0,0.0,0.0,-0.0,0.0
2019-02-19,3,0,159,0.0,0.0,0.0,0.0,0.0
2019-02-19,3,0,160,0.0,0.0,0.0,0.0,0.0
2019-02-19,3,0,161,0.0,0.0,0.0,-0.0,0.0
2019-02-19,3,0,162,27.57,27.57,0.0,640.107206,0.0
2019-02-19,3,0,163,136.76,136.76,0.0,-136760.0,0.0
2019-02-19,3,0,164,0.0,0.0,0.0,0.0,0.0
2019-02-19,3,0,167,0.0,0.0,0.0,0.0,0.0
2019-02-19,3,0,168,0.0,0.0,0.0,0.0,0.0
2019-02-19,3,0,169,0.0,0.0,0.0,0.0,0.0
2019-02-19,3,0,170,0.0,0.0,0.0,0.0,0.0
2019-02-19,3,0,172,0.0,0.0,0.0,0.0,0.0
2019-02-19,3,0,173,0.0,0.0,0.0,0.0,0.0
2019-02-19,3,0,188,0.0,0.0,0.0,0.0,0.0
2019-02-19,3,0,190,0.0,0.0,0.0,0.0,0.0
2019-02-19,3,0,191,0.0,0.0,0.0,0.0,0.0
2019-02-19,3,0,192,96.46,96.46,0.0,10705.886308,0.0
2019-02-19,3,0,194,112.07,112.07,0.0,-14477.968437,0.0
2019-02-19,3,0,196,0.0,0.0,0.0,0.0,0.0
2019-02-19,3,0,198,0.0,0.0,0.0,0.0,0.0
2019-02-19,3,0,199,13.05,13.05,0.0,-377.781297,0.0
2019-02-19,3,0,200,0.0,0.0,0.0,-0.0,0.0
2019-02-19,3,0,204,857.0,857.0,0.0,6220.975426,0.0
2019-02-19,3,0,205,1058.0,1058.0,0.0,7748.562554,0.0
2019-02-19,3,0,206,539.94,539.94,0.0,3169.318268,0.0
2019-02-19,3,0,210,0.0,0.0,0.0,0.0,0.0
2019-02-19,3,0,214,0.0,0.0,0.0,0.0,0.0
2019-02-19,3,0,217,0.0,0.0,0.0,0.0,0.0
2019-02-19,3,0,218,0.0,0.0,0.0,0.0,0.0
2019-02-19,3,0,219,0.0,0.0,0.0,0.0,0.0
2019-02-19,3,0,221,0.0,0.0,0.0,0.0,0.0
2019-02-19,3,0,225,0.0,0.0,0.0,0.0,0.0
2019-02-19,3,0,233,0.0,0.0,0.0,0.0,0.0
2019-02-19,3,0,236,159.03,159.03,0.0,1310.879828,0.0
2019-02-19,3,0,237,153.43,153.43,0.0,1220.365453,0.0
2019-02-19,3,0,238,0.0,0.0,0.0,0.0,0.0
2019-02-19,3,0,240,0.0,0.0,0.0,0.0,0.0
2019-02-19,3,0,245,78.0,78.0,0.0,667.754813,0.0
2019-02-19,3,0,247,93.52,93.52,0.0,800.620899,0.0
2019-02-19,3,0,248,15.4,15.4,0.0,122.489917,0.0
2019-02-19,3,0,249,150.0,150.0,0.0,1284.143871,0.0
2019-02-19,3,0,251,18.46,18.46,0.0,155.893876,0.0
2019-02-19,3,0,252,36.14,36.14,0.0,306.289948,0.0
2019-02-19,3,0,254,0.0,0.0,0.0,0.0,0.0
2019-02-19,3,0,255,0.0,0.0,0.0,0.0,0.0
2019-02-19,3,0,258,0.0,0.0,0.0,0.0,0.0
2019-02-19,3,0,260,0.0,0.0,0.0,0.0,0.0
2019-02-19,3,0,265,0.0,0.0,0.0,0.0,0.0
2019-02-19,3,0,266,97.0,97.0,0.0,655.611305,0.0
2019-02-19,3,0,267,119.2,119.2,0.0,805.658429,0.0
2019-02-19,3,0,270,427.11,427.11,0.0,-427110.0,0.0
2019-02-19,3,0,272,246.08,246.08,0.0,-64919.621619,0.0
2019-02-19,3,0,273,0.0,0.0,0.0,-0.0,0.0
2019-02-19,3,0,274,550.59,550.59,0.0,-550590.0,0.0
2019-02-19,3,0,275,766.43,766.43,0.0,-766430.0,0.0
2019-02-19,3,0,276,0.0,0.0,0.0,-0.0,0.0
2019-02-19,3,0,277,0.0,0.0,0.0,-0.0,0.0
2019-02-19,3,0,278,0.0,0.0,0.0,-0.0,0.0
2019-02-19,3,0,279,236.54,236.54,0.0,-65158.575787,0.0
2019-02-19,3,0,281,16.83,16.83,0.0,99.076963,0.0
2019-02-19,3,0,282,0.0,0.0,0.0,0.0,0.0
2019-02-19,4,0,9,0.0,0.0,0.0,0.0,0.0
2019-02-19,4,0,17,0.0,0.0,0.0,0.0,0.0
2019-02-19,4,0,19,643.3,643.3,0.0,5849.34758,0.0
2019-02-19,4,0,20,780.2,780.2,0.0,7094.141119,0.0
2019-02-19,4,0,21,0.0,0.0,0.0,0.0,0.0
2019-02-19,4,0,22,0.0,0.0,0.0,0.0,0.0
2019-02-19,4,0,23,98.16,98.16,0.0,606.394943,0.0
2019-02-19,4,0,24,162.22,162.22,0.0,1002.133126,0.0
2019-02-19,4,0,29,0.0,0.0,0.0,0.0,0.0
2019-02-19,4,0,30,0.0,0.0,0.0,0.0,0.0
2019-02-19,4,0,31,37.5,37.5,0.0,230.967434,0.0
2019-02-19,4,0,32,0.0,0.0,0.0,0.0,0.0
2019-02-19,4,0,33,0.0,0.0,0.0,0.0,0.0
2019-02-19,4,0,34,0.0,0.0,0.0,0.0,0.0
2019-02-19,4,0,35,0.0,0.0,0.0,0.0,0.0
2019-02-19,4,0,36,0.0,0.0,0.0,0.0,0.0
2019-02-19,4,0,37,0.0,0.0,0.0,0.0,0.0
2019-02-19,4,0,38,0.0,0.0,0.0,0.0,0.0
2019-02-19,4,0,39,0.0,0.0,0.0,0.0,0.0
2019-02-19,4,0,40,0.0,0.0,0.0,0.0,0.0
2019-02-19,4,0,41,116.0,116.0,0.0,828.297578,0.0
2019-02-19,4,0,42,0.0,0.0,0.0,0.0,0.0
2019-02-19,4,0,43,0.0,0.0,0.0,0.0,0.0
2019-02-19,4,0,46,0.0,0.0,0.0,0.0,0.0
2019-02-19,4,0,52,39.75,39.75,0.0,244.82548,0.0
2019-02-19,4,0,53,63.15,63.15,0.0,388.949158,0.0
2019-02-19,4,0,55,623.0,623.0,0.0,3848.655762,0.0
2019-02-19,4,0,56,0.0,0.0,0.0,0.0,0.0
2019-02-19,4,0,57,0.0,0.0,0.0,0.0,0.0
2019-02-19,4,0,58,0.0,0.0,0.0,0.0,0.0
2019-02-19,4,0,59,0.0,0.0,0.0,0.0,0.0
2019-02-19,4,0,63,58.87,58.87,0.0,6723.94815,0.0
2019-02-19,4,0,64,69.26,69.26,0.0,7910.661608,0.0
2019-02-19,4,0,65,3.67,3.67,0.0,33.294461,0.0
2019-02-19,4,0,67,0.0,0.0,0.0,-0.0,0.0
2019-02-19,4,0,68,10.2,10.2,0.0,-4196.887605,0.0
2019-02-19,4,0,69,0.0,0.0,0.0,0.0,0.0
2019-02-19,4,0,74,60.32,60.32,0.0,511.842684,0.0
2019-02-19,4,0,77,200.0,200.0,0.0,-58144.43596,0.0
2019-02-19,4,0,78,151.2,151.2,0.0,-43957.193586,0.0
2019-02-19,4,0,79,87.5,87.5,0.0,-25438.190733,0.0
2019-02-19,4,0,80,141.5,141.5,0.0,-41137.188442,0.0
2019-02-19,4,0,81,185.0,185.0,0.0,-53783.603263,0.0
2019-02-19,4,0,82,130.5,130.5,0.0,-37939.244464,0.0
2019-02-19,4,0,83,291.0,291.0,0.0,-84600.154322,0.0
2019-02-19,4,0,84,0.0,0.0,0.0,0.0,0.0
2019-02-19,4,0,86,0.0,0.0,0.0,0.0,0.0
2019-02-19,4,0,87,0.0,0.0,0.0,0.0,0.0
2019-02-19,4,0,88,170.6,170.6,0.0,-49597.203874,0.0
2019-02-19,4,0,89,164.0,164.0,0.0,-47678.437487,0.0
2019-02-19,4,0,90,220.2,220.2,0.0,-64017.023992,0.0
2019-02-19,4,0,91,785.5,785.5,0.0,-228362.272234,0.0
2019-02-19,4,0,92,282.5,282.5,0.0,-82129.015794,0.0
2019-02-19,4,0,95,84.17,84.17,0.0,1887.910931,0.0
2019-02-19,4,0,96,29.88,29.88,0.0,183.457578,0.0
2019-02-19,4,0,97,183.75,183.75,0.0,1128.190426,0.0
2019-02-19,4,0,99,11.64,11.64,0.0,98.770704,0.0
2019-02-19,4,0,101,0.0,0.0,0.0,0.0,0.0
2019-02-19,4,0,102,24.15,24.15,0.0,-9936.748593,0.0
2019-02-19,4,0,103,21.0,21.0,0.0,-8640.650951,0.0
2019-02-19,4,0,104,3.9,3.9,0.0,-1604.692319,0.0
2019-02-19,4,0,106,0.0,0.0,0.0,0.0,0.0
2019-02-19,4,0,109,200.0,200.0,0.0,1555.256643,0.0
2019-02-19,4,0,110,140.85,140.85,0.0,-140850.0,0.0
2019-02-19,4,0,111,0.0,0.0,0.0,0.0,0.0
2019-02-19,4,0,113,36.51,36.51,0.0,-9551.666773,0.0
2019-02-19,4,0,115,36.51,36.51,0.0,-9551.666773,0.0
2019-02-19,4,0,116,0.0,0.0,0.0,-0.0,0.0
2019-02-19,4,0,117,2.43,2.43,0.0,-635.731314,0.0
2019-02-19,4,0,119,69.26,69.26,0.0,7910.661608,0.0
2019-02-19,4,0,120,40.73,40.73,0.0,4652.053816,0.0
2019-02-19,4,0,123,0.0,0.0,0.0,0.0,0.0
2019-02-19,4,0,125,148.85,148.85,0.0,919.538379,0.0
2019-02-19,4,0,126,0.0,0.0,0.0,0.0,0.0
2019-02-19,4,0,127,0.0,0.0,0.0,0.0,0.0
2019-02-19,4,0,128,202.15,202.15,0.0,1248.805397,0.0
2019-02-19,4,0,131,30.0,30.0,0.0,-11183.013677,0.0
2019-02-19,4,0,132,44.1,44.1,0.0,-16439.030105,0.0
2019-02-19,4,0,133,111.41,111.41,0.0,1013.236943,0.0
2019-02-19,4,0,134,0.0,0.0,0.0,0.0,0.0
2019-02-19,4,0,135,153.69,153.69,0.0,1397.759499,0.0
2019-02-19,4,0,136,11.82,11.82,0.0,107.218345,0.0
2019-02-19,4,0,139,149.8,149.8,0.0,1069.646355,0.0
2019-02-19,4,0,140,104.24,104.24,0.0,-104240.0,0.0
2019-02-19,4,0,141,230.0,230.0,0.0,-127957.636638,0.0
2019-02-19,4,0,142,0.0,0.0,0.0,-0.0,0.0
2019-02-19,4,0,143,71.55,71.55,0.0,440.685863,0.0
2019-02-19,4,0,145,30.0,30.0,0.0,202.781799,0.0
2019-02-19,4,0,146,230.16,230.16,0.0,-230160.0,0.0
2019-02-19,4,0,152,0.0,0.0,0.0,0.0,0.0
2019-02-19,4,0,153,0.0,0.0,0.0,0.0,0.0
2019-02-19,4,0,154,0.0,0.0,0.0,0.0,0.0
2019-02-19,4,0,157,250.0,250.0,0.0,-139084.38765,0.0
2019-02-19,4,0,158,0.0,0.0,0.0,-0.0,0.0
2019-02-19,4,0,159,0.0,0.0,0.0,0.0,0.0
2019-02-19,4,0,160,0.0,0.0,0.0,0.0,0.0
2019-02-19,4,0,161,0.0,0.0,0.0,-0.0,0.0
2019-02-19,4,0,162,36.2,36.2,0.0,840.453554,0.0
2019-02-19,4,0,163,139.9,139.9,0.0,-139900.0,0.0
2019-02-19,4,0,164,0.0,0.0,0.0,0.0,0.0
2019-02-19,4,0,167,0.0,0.0,0.0,0.0,0.0
2019-02-19,4,0,168,0.0,0.0,0.0,0.0,0.0
2019-02-19,4,0,169,0.0,0.0,0.0,0.0,0.0
2019-02-19,4,0,170,0.0,0.0,0.0,0.0,0.0
2019-02-19,4,0,172,0.0,0.0,0.0,0.0,0.0
2019-02-19,4,0,173,0.0,0.0,0.0,0.0,0.0
2019-02-19,4,0,188,0.0,0.0,0.0,0.0,0.0
2019-02-19,4,0,190,0.0,0.0,0.0,0.0,0.0
2019-02-19,4,0,191,0.0,0.0,0.0,0.0,0.0
2019-02-19,4,0,192,83.9,83.9,0.0,9582.796837,0.0
2019-02-19,4,0,194,119.84,119.84,0.0,-15174.38886,0.0
2019-02-19,4,0,196,0.0,0.0,0.0,0.0,0.0
2019-02-19,4,0,198,0.0,0.0,0.0,0.0,0.0
2019-02-19,4,0,199,15.34,15.34,0.0,-422.939858,0.0
2019-02-19,4,0,200,0.0,0.0,0.0,-0.0,0.0
2019-02-19,4,0,204,857.0,857.0,0.0,6601.803106,0.0
2019-02-19,4,0,205,1058.0,1058.0,0.0,8227.307639,0.0
2019-02-19,4,0,206,539.94,539.94,0.0,3315.130005,0.0
2019-02-19,4,0,210,0.0,0.0,0.0,0.0,0.0
2019-02-19,4,0,214,0.0,0.0,0.0,0.0,0.0
2019-02-19,4,0,217,0.0,0.0,0.0,0.0,0.0
2019-02-19,4,0,218,0.0,0.0,0.0,0.0,0.0
2019-02-19,4,0,219,0.0,0.0,0.0,0.0,0.0
2019-02-19,4,0,221,0.0,0.0,0.0,0.0,0.0
2019-02-19,4,0,225,0.0,0.0,0.0,0.0,0.0
2019-02-19,4,0,233,0.0,0.0,0.0,0.0,0.0
2019-02-19,4,0,236,159.03,159.03,0.0,1401.183158,0.0
2019-02-19,4,0,237,144.7,144.7,0.0,1227.84543,0.0
2019-02-19,4,0,238,0.0,0.0,0.0,0.0,0.0
2019-02-19,4,0,240,0.0,0.0,0.0,0.0,0.0
2019-02-19,4,0,245,78.0,78.0,0.0,715.158441,0.0
2019-02-19,4,0,247,98.13,98.13,0.0,899.724331,0.0
2019-02-19,4,0,248,14.53,14.53,0.0,123.29367,0.0
2019-02-19,4,0,249,150.0,150.0,0.0,1375.304695,0.0
2019-02-19,4,0,251,10.8,10.8,0.0,97.611893,0.0
2019-02-19,4,0,252,23.68,23.68,0.0,214.826386,0.0
2019-02-19,4,0,254,0.0,0.0,0.0,0.0,0.0
2019-02-19,4,0,255,0.0,0.0,0.0,0.0,0.0
2019-02-19,4,0,258,0.0,0.0,0.0,0.0,0.0
2019-02-19,4,0,260,0.0,0.0,0.0,0.0,0.0
2019-02-19,4,0,265,0.0,0.0,0.0,0.0,0.0
2019-02-19,4,0,266,97.0,97.0,0.0,692.628147,0.0
2019-02-19,4,0,267,119.2,119.2,0.0,851.147166,0.0
2019-02-19,4,0,270,436.92,436.92,0.0,-436920.0,0.0
2019-02-19,4,0,272,122.03,122.03,0.0,-31925.223124,0.0
2019-02-19,4,0,273,0.0,0.0,0.0,-0.0,0.0
2019-02-19,4,0,274,563.24,563.24,0.0,-563240.0,0.0
2019-02-19,4,0,275,784.03,784.03,0.0,-784030.0,0.0
2019-02-19,4,0,276,0.0,0.0,0.0,-0.0,0.0
2019-02-19,4,0,277,0.0,0.0,0.0,-0.0,0.0
2019-02-19,4,0,278,0.0,0.0,0.0,-0.0,0.0
2019-02-19,4,0,279,246.82,246.82,0.0,-67452.507342,0.0
2019-02-19,4,0,281,16.83,16.83,0.0,103.658184,0.0
2019-02-19,4,0,282,0.0,0.0,0.0,0.0,0.0
2019-02-19,5,0,9,0.0,0.0,0.0,0.0,0.0
2019-02-19,5,0,17,0.0,0.0,0.0,0.0,0.0
2019-02-19,5,0,19,643.3,643.3,0.0,630.092991,0.0
2019-02-19,5,0,20,780.2,780.2,0.0,764.182421,0.0
2019-02-19,5,0,21,0.0,0.0,0.0,0.0,0.0
2019-02-19,5,0,22,0.0,0.0,0.0,0.0,0.0
2019-02-19,5,0,23,108.8,108.8,0.0,1231.292189,0.0
2019-02-19,5,0,24,192.5,192.5,0.0,2178.527081,0.0
2019-02-19,5,0,29,0.0,0.0,0.0,0.0,0.0
2019-02-19,5,0,30,0.0,0.0,0.0,0.0,0.0
2019-02-19,5,0,31,37.5,37.5,0.0,425.111792,0.0
2019-02-19,5,0,32,0.0,0.0,0.0,0.0,0.0
2019-02-19,5,0,33,0.0,0.0,0.0,0.0,0.0
2019-02-19,5,0,34,0.0,0.0,0.0,0.0,0.0
2019-02-19,5,0,35,0.0,0.0,0.0,0.0,0.0
2019-02-19,5,0,36,0.0,0.0,0.0,0.0,0.0
2019-02-19,5,0,37,0.0,0.0,0.0,0.0,0.0
2019-02-19,5,0,38,0.0,0.0,0.0,0.0,0.0
2019-02-19,5,0,39,0.0,0.0,0.0,0.0,0.0
2019-02-19,5,0,40,0.0,0.0,0.0,0.0,0.0
2019-02-19,5,0,41,101.7,101.7,0.0,1048.590687,0.0
2019-02-19,5,0,42,0.0,0.0,0.0,0.0,0.0
2019-02-19,5,0,43,0.0,0.0,0.0,0.0,0.0
2019-02-19,5,0,46,0.0,0.0,0.0,0.0,0.0
2019-02-19,5,0,52,39.75,39.75,0.0,450.6185,0.0
2019-02-19,5,0,53,63.15,63.15,0.0,715.888258,0.0
2019-02-19,5,0,55,460.36,460.36,0.0,5209.905076,0.0
2019-02-19,5,0,56,0.0,0.0,0.0,0.0,0.0
2019-02-19,5,0,57,0.0,0.0,0.0,0.0,0.0
2019-02-19,5,0,58,0.0,0.0,0.0,0.0,0.0
2019-02-19,5,0,59,0.0,0.0,0.0,0.0,0.0
2019-02-19,5,0,63,68.33,68.33,0.0,7685.222409,0.0
2019-02-19,5,0,64,80.39,80.39,0.0,9041.636609,0.0
2019-02-19,5,0,65,2.23,2.23,0.0,10.288312,0.0
2019-02-19,5,0,67,0.0,0.0,0.0,-0.0,0.0
2019-02-19,5,0,68,10.2,10.2,0.0,-4220.971053,0.0
2019-02-19,5,0,69,0.0,0.0,0.0,0.0,0.0
2019-02-19,5,0,74,47.14,47.14,0.0,419.416987,0.0
2019-02-19,5,0,77,200.0,200.0,0.0,-58762.18186,0.0
2019-02-19,5,0,78,151.2,151.2,0.0,-44424.209486,0.0
2019-02-19,5,0,79,87.5,87.5,0.0,-25708.454564,0.0
2019-02-19,5,0,80,141.5,141.5,0.0,-41574.243666,0.0
2019-02-19,5,0,81,185.0,185.0,0.0,-54355.01822,0.0
2019-02-19,5,0,82,130.5,130.5,0.0,-38342.323664,0.0
2019-02-19,5,0,83,291.0,291.0,0.0,-85498.974606,0.0
2019-02-19,5,0,84,0.0,0.0,0.0,0.0,0.0
2019-02-19,5,0,86,0.0,0.0,0.0,0.0,0.0
2019-02-19,5,0,87,0.0,0.0,0.0,0.0,0.0
2019-02-19,5,0,88,170.6,170.6,0.0,-50124.141127,0.0
2019-02-19,5,0,89,164.0,164.0,0.0,-48184.989125,0.0
2019-02-19,5,0,90,220.2,220.2,0.0,-64697.162228,0.0
2019-02-19,5,0,91,785.5,785.5,0.0,-230788.469255,0.0
2019-02-19,5,0,92,282.5,282.5,0.0,-83001.581877,0.0
2019-02-19,5,0,95,36.0,36.0,0.0,807.470518,0.0
2019-02-19,5,0,96,29.88,29.88,0.0,339.331476,0.0
2019-02-19,5,0,97,183.75,183.75,0.0,2086.7523,0.0
2019-02-19,5,0,99,9.1,9.1,0.0,80.965095,0.0
2019-02-19,5,0,101,0.0,0.0,0.0,0.0,0.0
2019-02-19,5,0,102,24.15,24.15,0.0,-9993.769698,0.0
2019-02-19,5,0,103,21.0,21.0,0.0,-8690.23452,0.0
2019-02-19,5,0,104,3.9,3.9,0.0,-1613.900697,0.0
2019-02-19,5,0,106,0.0,0.0,0.0,0.0,0.0
2019-02-19,5,0,109,200.0,200.0,0.0,1930.022871,0.0
2019-02-19,5,0,110,134.73,134.73,0.0,-134730.0,0.0
2019-02-19,5,0,111,0.0,0.0,0.0,0.0,0.0
2019-02-19,5,0,113,79.31,79.31,0.0,-20939.782959,0.0
2019-02-19,5,0,115,79.31,79.31,0.0,-20939.782959,0.0
2019-02-19,5,0,116,0.0,0.0,0.0,-0.0,0.0
2019-02-19,5,0,117,3.82,3.82,0.0,-1008.573583,0.0
2019-02-19,5,0,119,80.39,80.39,0.0,9041.636609,0.0
2019-02-19,5,0,120,47.27,47.27,0.0,5316.558807,0.0
2019-02-19,5,0,123,0.0,0.0,0.0,0.0,0.0
2019-02-19,5,0,125,174.2,174.2,0.0,1971.425546,0.0
2019-02-19,5,0,126,0.0,0.0,0.0,0.0,0.0
2019-02-19,5,0,127,0.0,0.0,0.0,0.0,0.0
2019-02-19,5,0,128,249.5,249.5,0.0,2823.597438,0.0
2019-02-19,5,0,131,30.0,30.0,0.0,-11258.504169,0.0
2019-02-19,5,0,132,44.1,44.1,0.0,-16550.001129,0.0
2019-02-19,5,0,133,50.43,50.43,0.0,441.929894,0.0
2019-02-19,5,0,134,0.0,0.0,0.0,0.0,0.0
2019-02-19,5,0,135,71.85,71.85,0.0,629.638368,0.0
2019-02-19,5,0,136,7.68,7.68,0.0,36.964598,0.0
2019-02-19,5,0,139,131.33,131.33,0.0,1354.094542,0.0
2019-02-19,5,0,140,99.71,99.71,0.0,-99710.0,0.0
2019-02-19,5,0,141,230.0,230.0,0.0,-128367.012939,0.0
2019-02-19,5,0,142,0.0,0.0,0.0,-0.0,0.0
2019-02-19,5,0,143,135.05,135.05,0.0,1530.969268,0.0
2019-02-19,5,0,145,30.0,30.0,0.0,321.310942,0.0
2019-02-19,5,0,146,159.1,159.1,0.0,-159100.0,0.0
2019-02-19,5,0,152,0.0,0.0,0.0,0.0,0.0
2019-02-19,5,0,153,0.0,0.0,0.0,0.0,0.0
2019-02-19,5,0,154,0.0,0.0,0.0,0.0,0.0
2019-02-19,5,0,157,187.38,187.38,0.0,-104580.047324,0.0
2019-02-19,5,0,158,0.0,0.0,0.0,-0.0,0.0
2019-02-19,5,0,159,0.0,0.0,0.0,0.0,0.0
2019-02-19,5,0,160,0.0,0.0,0.0,0.0,0.0
2019-02-19,5,0,161,0.0,0.0,0.0,-0.0,0.0
2019-02-19,5,0,162,36.35,36.35,0.0,843.632735,0.0
2019-02-19,5,0,163,141.64,141.64,0.0,-141640.0,0.0
2019-02-19,5,0,164,0.0,0.0,0.0,0.0,0.0
2019-02-19,5,0,167,0.0,0.0,0.0,0.0,0.0
2019-02-19,5,0,168,0.0,0.0,0.0,0.0,0.0
2019-02-19,5,0,169,0.0,0.0,0.0,0.0,0.0
2019-02-19,5,0,170,0.0,0.0,0.0,0.0,0.0
2019-02-19,5,0,172,0.0,0.0,0.0,0.0,0.0
2019-02-19,5,0,173,0.0,0.0,0.0,0.0,0.0
2019-02-19,5,0,188,0.0,0.0,0.0,0.0,0.0
2019-02-19,5,0,190,0.0,0.0,0.0,0.0,0.0
2019-02-19,5,0,191,0.0,0.0,0.0,0.0,0.0
2019-02-19,5,0,192,95.34,95.34,0.0,10723.095339,0.0
2019-02-19,5,0,194,110.95,110.95,0.0,-14293.135833,0.0
2019-02-19,5,0,196,0.0,0.0,0.0,0.0,0.0
2019-02-19,5,0,198,0.0,0.0,0.0,0.0,0.0
2019-02-19,5,0,199,18.65,18.65,0.0,-611.092503,0.0
2019-02-19,5,0,200,0.0,0.0,0.0,-0.0,0.0
2019-02-19,5,0,204,857.0,857.0,0.0,8335.840214,0.0
2019-02-19,5,0,205,1058.0,1058.0,0.0,10209.82099,0.0
2019-02-19,5,0,206,539.94,539.94,0.0,6131.815166,0.0
2019-02-19,5,0,210,0.0,0.0,0.0,0.0,0.0
2019-02-19,5,0,214,0.0,0.0,0.0,0.0,0.0
2019-02-19,5,0,217,0.0,0.0,0.0,0.0,0.0
2019-02-19,5,0,218,0.0,0.0,0.0,0.0,0.0
2019-02-19,5,0,219,0.0,0.0,0.0,0.0,0.0
2019-02-19,5,0,221,0.0,0.0,0.0,0.0,0.0
2019-02-19,5,0,225,0.0,0.0,0.0,0.0,0.0
2019-02-19,5,0,233,0.0,0.0,0.0,0.0,0.0
2019-02-19,5,0,236,128.22,128.22,0.0,1097.515527,0.0
2019-02-19,5,0,237,113.09,113.09,0.0,1006.191495,0.0
2019-02-19,5,0,238,0.0,0.0,0.0,0.0,0.0
2019-02-19,5,0,240,0.0,0.0,0.0,0.0,0.0
2019-02-19,5,0,245,78.0,78.0,0.0,582.515121,0.0
2019-02-19,5,0,247,72.75,72.75,0.0,543.307372,0.0
2019-02-19,5,0,248,11.35,11.35,0.0,100.983937,0.0
2019-02-19,5,0,249,150.0,150.0,0.0,1120.221386,0.0
2019-02-19,5,0,251,0.0,0.0,0.0,0.0,0.0
2019-02-19,5,0,252,14.37,14.37,0.0,66.297326,0.0
2019-02-19,5,0,254,0.0,0.0,0.0,0.0,0.0
2019-02-19,5,0,255,0.0,0.0,0.0,0.0,0.0
2019-02-19,5,0,258,0.0,0.0,0.0,0.0,0.0
2019-02-19,5,0,260,0.0,0.0,0.0,0.0,0.0
2019-02-19,5,0,265,0.0,0.0,0.0,0.0,0.0
2019-02-19,5,0,266,85.04,85.04,0.0,876.815654,0.0
2019-02-19,5,0,267,104.5,104.5,0.0,1077.46044,0.0
2019-02-19,5,0,270,442.34,442.34,0.0,-442340.0,0.0
2019-02-19,5,0,272,272.64,272.64,0.0,-71983.639214,0.0
2019-02-19,5,0,273,0.0,0.0,0.0,-0.0,0.0
2019-02-19,5,0,274,570.22,570.22,0.0,-570220.0,0.0
2019-02-19,5,0,275,793.76,793.76,0.0,-793760.0,0.0
2019-02-19,5,0,276,0.0,0.0,0.0,-0.0,0.0
2019-02-19,5,0,277,0.0,0.0,0.0,-0.0,0.0
2019-02-19,5,0,278,0.0,0.0,0.0,-0.0,0.0
2019-02-19,5,0,279,240.49,240.49,0.0,-66367.147788,0.0
2019-02-19,5,0,281,16.83,16.83,0.0,190.790172,0.0
2019-02-19,5,0,282,0.0,0.0,0.0,0.0,0.0
2019-02-19,6,0,9,0.0,0.0,0.0,0.0,0.0
2019-02-19,6,0,17,0.0,0.0,0.0,0.0,0.0
2019-02-19,6,0,19,643.3,643.3,0.0,7291.339911,0.0
2019-02-19,6,0,20,780.2,780.2,0.0,8843.00233,0.0
2019-02-19,6,0,21,0.0,0.0,0.0,0.0,0.0
2019-02-19,6,0,22,0.0,0.0,0.0,0.0,0.0
2019-02-19,6,0,23,108.8,108.8,0.0,1348.845334,0.0
2019-02-19,6,0,24,192.5,192.5,0.0,2386.514033,0.0
2019-02-19,6,0,29,0.0,0.0,0.0,0.0,0.0
2019-02-19,6,0,30,0.0,0.0,0.0,0.0,0.0
2019-02-19,6,0,31,37.57,37.57,0.0,466.125916,0.0
2019-02-19,6,0,32,0.0,0.0,0.0,0.0,0.0
2019-02-19,6,0,33,0.0,0.0,0.0,0.0,0.0
2019-02-19,6,0,34,0.0,0.0,0.0,0.0,0.0
2019-02-19,6,0,35,0.0,0.0,0.0,0.0,0.0
2019-02-19,6,0,36,0.0,0.0,0.0,0.0,0.0
2019-02-19,6,0,37,0.0,0.0,0.0,0.0,0.0
2019-02-19,6,0,38,0.0,0.0,0.0,0.0,0.0
2019-02-19,6,0,39,0.0,0.0,0.0,0.0,0.0
2019-02-19,6,0,40,0.0,0.0,0.0,0.0,0.0
2019-02-19,6,0,41,66.26,66.26,0.0,791.19944,0.0
2019-02-19,6,0,42,0.0,0.0,0.0,0.0,0.0
2019-02-19,6,0,43,0.0,0.0,0.0,0.0,0.0
2019-02-19,6,0,46,0.0,0.0,0.0,0.0,0.0
2019-02-19,6,0,52,39.83,39.83,0.0,494.165431,0.0
2019-02-19,6,0,53,63.23,63.23,0.0,784.48607,0.0
2019-02-19,6,0,55,186.9,186.9,0.0,2317.088171,0.0
2019-02-19,6,0,56,0.0,0.0,0.0,0.0,0.0
2019-02-19,6,0,57,0.0,0.0,0.0,0.0,0.0
2019-02-19,6,0,58,0.0,0.0,0.0,0.0,0.0
2019-02-19,6,0,59,0.0,0.0,0.0,0.0,0.0
2019-02-19,6,0,63,81.48,81.48,0.0,9822.501466,0.0
2019-02-19,6,0,64,95.86,95.86,0.0,11556.025902,0.0
2019-02-19,6,0,65,1.23,1.23,0.0,13.943587,0.0
2019-02-19,6,0,67,0.0,0.0,0.0,-0.0,0.0
2019-02-19,6,0,68,10.2,10.2,0.0,-4176.038096,0.0
2019-02-19,6,0,69,0.0,0.0,0.0,0.0,0.0
2019-02-19,6,0,74,36.02,36.02,0.0,411.227585,0.0
2019-02-19,6,0,77,200.0,200.0,0.0,-57687.904961,0.0
2019-02-19,6,0,78,151.2,151.2,0.0,-43612.05615,0.0
2019-02-19,6,0,79,87.5,87.5,0.0,-25238.45842,0.0
2019-02-19,6,0,80,141.5,141.5,0.0,-40814.19276,0.0
2019-02-19,6,0,81,185.0,185.0,0.0,-53361.312088,0.0
2019-02-19,6,0,82,130.5,130.5,0.0,-37641.357987,0.0
2019-02-19,6,0,83,291.0,291.0,0.0,-83935.901718,0.0
2019-02-19,6,0,84,0.0,0.0,0.0,0.0,0.0
2019-02-19,6,0,86,0.0,0.0,0.0,0.0,0.0
2019-02-19,6,0,87,0.0,0.0,0.0,0.0,0.0
2019-02-19,6,0,88,158.82,158.82,0.0,-45809.965329,0.0
2019-02-19,6,0,89,152.68,152.68,0.0,-44038.946647,0.0
2019-02-19,6,0,90,205.0,205.0,0.0,-59130.102585,0.0
2019-02-19,6,0,91,731.27,731.27,0.0,-210927.171302,0.0
2019-02-19,6,0,92,263.0,263.0,0.0,-75859.595023,0.0
2019-02-19,6,0,95,36.0,36.0,0.0,914.892964,0.0
2019-02-19,6,0,96,29.88,29.88,0.0,371.010334,0.0
2019-02-19,6,0,97,183.75,183.75,0.0,2281.564553,0.0
2019-02-19,6,0,99,6.95,6.95,0.0,79.345689,0.0
2019-02-19,6,0,101,0.0,0.0,0.0,0.0,0.0
2019-02-19,6,0,102,24.15,24.15,0.0,-9887.384315,0.0
2019-02-19,6,0,103,21.0,21.0,0.0,-8597.725492,0.0
2019-02-19,6,0,104,3.9,3.9,0.0,-1596.720448,0.0
2019-02-19,6,0,106,0.0,0.0,0.0,0.0,0.0
2019-02-19,6,0,109,200.0,200.0,0.0,2311.997738,0.0
2019-02-19,6,0,110,130.66,130.66,0.0,-130660.0,0.0
2019-02-19,6,0,111,0.0,0.0,0.0,0.0,0.0
2019-02-19,6,0,113,102.26,102.26,0.0,-26448.574182,0.0
2019-02-19,6,0,115,102.26,102.26,0.0,-26448.574182,0.0
2019-02-19,6,0,116,0.0,0.0,0.0,-0.0,0.0
2019-02-19,6,0,117,4.06,4.06,0.0,-1050.080297,0.0
2019-02-19,6,0,119,95.86,95.86,0.0,11556.025902,0.0
2019-02-19,6,0,120,56.37,56.37,0.0,6795.464011,0.0
2019-02-19,6,0,123,0.0,0.0,0.0,0.0,0.0
2019-02-19,6,0,125,174.2,174.2,0.0,2159.640232,0.0
2019-02-19,6,0,126,0.0,0.0,0.0,0.0,0.0
2019-02-19,6,0,127,0.0,0.0,0.0,0.0,0.0
2019-02-19,6,0,128,249.5,249.5,0.0,3093.170137,0.0
2019-02-19,6,0,131,30.0,30.0,0.0,-11117.660091,0.0
2019-02-19,6,0,132,44.1,44.1,0.0,-16342.960334,0.0
2019-02-19,6,0,133,41.94,41.94,0.0,475.351747,0.0
2019-02-19,6,0,134,0.0,0.0,0.0,0.0,0.0
2019-02-19,6,0,135,56.2,56.2,0.0,636.975875,0.0
2019-02-19,6,0,136,4.65,4.65,0.0,52.714066,0.0
2019-02-19,6,0,139,85.57,85.57,0.0,1021.77688,0.0
2019-02-19,6,0,140,96.7,96.7,0.0,-96700.0,0.0
2019-02-19,6,0,141,230.0,230.0,0.0,-127603.231622,0.0
2019-02-19,6,0,142,0.0,0.0,0.0,-0.0,0.0
2019-02-19,6,0,143,238.49,238.49,0.0,2958.913221,0.0
2019-02-19,6,0,145,24.85,24.85,0.0,300.514122,0.0
2019-02-19,6,0,146,104.69,104.69,0.0,-104690.0,0.0
2019-02-19,6,0,152,0.0,0.0,0.0,0.0,0.0
2019-02-19,6,0,153,0.0,0.0,0.0,0.0,0.0
2019-02-19,6,0,154,0.0,0.0,0.0,0.0,0.0
2019-02-19,6,0,157,120.05,120.05,0.0,-66603.33894,0.0
2019-02-19,6,0,158,0.0,0.0,0.0,-0.0,0.0
2019-02-19,6,0,159,0.0,0.0,0.0,0.0,0.0
2019-02-19,6,0,160,0.0,0.0,0.0,0.0,0.0
2019-02-19,6,0,161,0.0,0.0,0.0,-0.0,0.0
2019-02-19,6,0,162,37.17,37.17,0.0,973.177487,0.0
2019-02-19,6,0,163,147.76,147.76,0.0,-147760.0,0.0
2019-02-19,6,0,164,0.0,0.0,0.0,0.0,0.0
2019-02-19,6,0,167,0.0,0.0,0.0,0.0,0.0
2019-02-19,6,0,168,0.0,0.0,0.0,0.0,0.0
2019-02-19,6,0,169,0.0,0.0,0.0,0.0,0.0
2019-02-19,6,0,170,0.0,0.0,0.0,0.0,0.0
2019-02-19,6,0,172,0.0,0.0,0.0,0.0,0.0
2019-02-19,6,0,173,0.0,0.0,0.0,0.0,0.0
2019-02-19,6,0,188,0.0,0.0,0.0,0.0,0.0
2019-02-19,6,0,190,0.0,0.0,0.0,0.0,0.0
2019-02-19,6,0,191,0.0,0.0,0.0,0.0,0.0
2019-02-19,6,0,192,109.92,109.92,0.0,13250.973995,0.0
2019-02-19,6,0,194,111.98,111.98,0.0,-13731.211993,0.0
2019-02-19,6,0,196,0.0,0.0,0.0,0.0,0.0
2019-02-19,6,0,198,0.0,0.0,0.0,0.0,0.0
2019-02-19,6,0,199,22.82,22.82,0.0,-684.717683,0.0
2019-02-19,6,0,200,0.0,0.0,0.0,-0.0,0.0
2019-02-19,6,0,204,808.49,808.49,0.0,9364.221697,0.0
2019-02-19,6,0,205,1058.0,1058.0,0.0,12230.468034,0.0
2019-02-19,6,0,206,539.94,539.94,0.0,6704.261034,0.0
2019-02-19,6,0,210,0.0,0.0,0.0,0.0,0.0
2019-02-19,6,0,214,0.0,0.0,0.0,0.0,0.0
2019-02-19,6,0,217,0.0,0.0,0.0,0.0,0.0
2019-02-19,6,0,218,0.0,0.0,0.0,0.0,0.0
2019-02-19,6,0,219,0.0,0.0,0.0,0.0,0.0
2019-02-19,6,0,221,0.0,0.0,0.0,0.0,0.0
2019-02-19,6,0,225,0.0,0.0,0.0,0.0,0.0
2019-02-19,6,0,233,0.0,0.0,0.0,0.0,0.0
2019-02-19,6,0,236,95.38,95.38,0.0,1083.273648,0.0
2019-02-19,6,0,237,86.41,86.41,0.0,986.51237,0.0
2019-02-19,6,0,238,0.0,0.0,0.0,0.0,0.0
2019-02-19,6,0,240,0.0,0.0,0.0,0.0,0.0
2019-02-19,6,0,245,59.05,59.05,0.0,668.860459,0.0
2019-02-19,6,0,247,52.77,52.77,0.0,597.726781,0.0
2019-02-19,6,0,248,8.67,8.67,0.0,98.98232,0.0
2019-02-19,6,0,249,113.55,113.55,0.0,1286.182983,0.0
2019-02-19,6,0,251,0.0,0.0,0.0,0.0,0.0
2019-02-19,6,0,252,7.94,7.94,0.0,90.009824,0.0
2019-02-19,6,0,254,0.0,0.0,0.0,0.0,0.0
2019-02-19,6,0,255,0.0,0.0,0.0,0.0,0.0
2019-02-19,6,0,258,0.0,0.0,0.0,0.0,0.0
2019-02-19,6,0,260,0.0,0.0,0.0,0.0,0.0
2019-02-19,6,0,265,0.0,0.0,0.0,0.0,0.0
2019-02-19,6,0,266,55.41,55.41,0.0,661.641427,0.0
2019-02-19,6,0,267,68.09,68.09,0.0,813.05116,0.0
2019-02-19,6,0,270,461.44,461.44,0.0,-461440.0,0.0
2019-02-19,6,0,272,360.85,360.85,0.0,-93330.412612,0.0
2019-02-19,6,0,273,0.0,0.0,0.0,-0.0,0.0
2019-02-19,6,0,274,594.85,594.85,0.0,-594850.0,0.0
2019-02-19,6,0,275,828.04,828.04,0.0,-828040.0,0.0
2019-02-19,6,0,276,0.0,0.0,0.0,-0.0,0.0
2019-02-19,6,0,277,0.0,0.0,0.0,-0.0,0.0
2019-02-19,6,0,278,0.0,0.0,0.0,-0.0,0.0
2019-02-19,6,0,279,244.31,244.31,0.0,-66107.205329,0.0
2019-02-19,6,0,281,16.89,16.89,0.0,209.551949,0.0
2019-02-19,6,0,282,0.0,0.0,0.0,0.0,0.0
2019-02-19,7,0,9,0.0,0.0,0.0,0.0,0.0
2019-02-19,7,0,17,0.0,0.0,0.0,0.0,0.0
2019-02-19,7,0,19,643.3,643.3,0.0,9240.51292,0.0
2019-02-19,7,0,20,780.2,780.2,0.0,11206.976807,0.0
2019-02-19,7,0,21,0.0,0.0,0.0,0.0,0.0
2019-02-19,7,0,22,0.0,0.0,0.0,0.0,0.0
2019-02-19,7,0,23,108.8,108.8,0.0,1782.852537,0.0
2019-02-19,7,0,24,192.5,192.5,0.0,3154.403616,0.0
2019-02-19,7,0,29,0.0,0.0,0.0,0.0,0.0
2019-02-19,7,0,30,0.0,0.0,0.0,0.0,0.0
2019-02-19,7,0,31,92.33,92.33,0.0,1514.247037,0.0
2019-02-19,7,0,32,0.0,0.0,0.0,0.0,0.0
2019-02-19,7,0,33,0.0,0.0,0.0,0.0,0.0
2019-02-19,7,0,34,0.0,0.0,0.0,0.0,0.0
2019-02-19,7,0,35,0.0,0.0,0.0,0.0,0.0
2019-02-19,7,0,36,0.0,0.0,0.0,0.0,0.0
2019-02-19,7,0,37,0.0,0.0,0.0,0.0,0.0
2019-02-19,7,0,38,0.0,0.0,0.0,0.0,0.0
2019-02-19,7,0,39,0.0,0.0,0.0,0.0,0.0
2019-02-19,7,0,40,0.0,0.0,0.0,0.0,0.0
2019-02-19,7,0,41,29.84,29.84,0.0,467.801341,0.0
2019-02-19,7,0,42,0.0,0.0,0.0,0.0,0.0
2019-02-19,7,0,43,0.0,0.0,0.0,0.0,0.0
2019-02-19,7,0,46,0.0,0.0,0.0,0.0,0.0
2019-02-19,7,0,52,97.87,97.87,0.0,1605.105139,0.0
2019-02-19,7,0,53,155.54,155.54,0.0,2550.915024,0.0
2019-02-19,7,0,55,186.9,186.9,0.0,3062.639147,0.0
2019-02-19,7,0,56,0.0,0.0,0.0,0.0,0.0
2019-02-19,7,0,57,0.0,0.0,0.0,0.0,0.0
2019-02-19,7,0,58,0.0,0.0,0.0,0.0,0.0
2019-02-19,7,0,59,0.0,0.0,0.0,0.0,0.0
2019-02-19,7,0,63,98.97,98.97,0.0,13141.402264,0.0
2019-02-19,7,0,64,116.44,116.44,0.0,15461.098106,0.0
2019-02-19,7,0,65,0.0,0.0,0.0,0.0,0.0
2019-02-19,7,0,67,0.0,0.0,0.0,-0.0,0.0
2019-02-19,7,0,68,10.2,10.2,0.0,-4113.341582,0.0
2019-02-19,7,0,69,0.0,0.0,0.0,0.0,0.0
2019-02-19,7,0,74,26.7,26.7,0.0,393.309706,0.0
2019-02-19,7,0,77,200.0,200.0,0.0,-56212.333606,0.0
2019-02-19,7,0,78,151.2,151.2,0.0,-42496.524206,0.0
2019-02-19,7,0,79,87.5,87.5,0.0,-24592.895953,0.0
2019-02-19,7,0,80,141.5,141.5,0.0,-39770.226027,0.0
2019-02-19,7,0,81,185.0,185.0,0.0,-51996.408586,0.0
2019-02-19,7,0,82,130.5,130.5,0.0,-36678.547678,0.0
2019-02-19,7,0,83,291.0,291.0,0.0,-81788.945397,0.0
2019-02-19,7,0,84,0.0,0.0,0.0,0.0,0.0
2019-02-19,7,0,86,0.0,0.0,0.0,0.0,0.0
2019-02-19,7,0,87,0.0,0.0,0.0,0.0,0.0
2019-02-19,7,0,88,158.13,158.13,0.0,-44444.281566,0.0
2019-02-19,7,0,89,152.02,152.02,0.0,-42726.994774,0.0
2019-02-19,7,0,90,204.11,204.11,0.0,-57367.497062,0.0
2019-02-19,7,0,91,728.11,728.11,0.0,-204643.811111,0.0
2019-02-19,7,0,92,261.86,261.86,0.0,-73598.808391,0.0
2019-02-19,7,0,95,36.0,36.0,0.0,1094.892964,0.0
2019-02-19,7,0,96,29.74,29.74,0.0,488.178295,0.0
2019-02-19,7,0,97,182.89,182.89,0.0,3002.115949,0.0
2019-02-19,7,0,99,5.15,5.15,0.0,75.863108,0.0
2019-02-19,7,0,101,0.0,0.0,0.0,0.0,0.0
2019-02-19,7,0,102,24.15,24.15,0.0,-9738.941097,0.0
2019-02-19,7,0,103,21.0,21.0,0.0,-8468.644433,0.0
2019-02-19,7,0,104,3.9,3.9,0.0,-1572.748252,0.0
2019-02-19,7,0,106,0.0,0.0,0.0,0.0,0.0
2019-02-19,7,0,109,164.32,164.32,0.0,2493.924043,0.0
2019-02-19,7,0,110,128.5,128.5,0.0,-128500.0,0.0
2019-02-19,7,0,111,0.0,0.0,0.0,0.0,0.0
2019-02-19,7,0,113,60.18,60.18,0.0,-15096.793185,0.0
2019-02-19,7,0,115,60.18,60.18,0.0,-15096.793185,0.0
2019-02-19,7,0,116,0.0,0.0,0.0,-0.0,0.0
2019-02-19,7,0,117,2.47,2.47,0.0,-619.625775,0.0
2019-02-19,7,0,119,116.44,116.44,0.0,15461.098106,0.0
2019-02-19,7,0,120,68.46,68.46,0.0,9090.233394,0.0
2019-02-19,7,0,123,0.0,0.0,0.0,0.0,0.0
2019-02-19,7,0,125,174.2,174.2,0.0,2854.530441,0.0
2019-02-19,7,0,126,0.0,0.0,0.0,0.0,0.0
2019-02-19,7,0,127,0.0,0.0,0.0,0.0,0.0
2019-02-19,7,0,128,249.5,249.5,0.0,4088.434817,0.0
2019-02-19,7,0,131,30.0,30.0,0.0,-10921.135459,0.0
2019-02-19,7,0,132,44.1,44.1,0.0,-16054.069125,0.0
2019-02-19,7,0,133,41.94,41.94,0.0,602.388075,0.0
2019-02-19,7,0,134,0.0,0.0,0.0,0.0,0.0
2019-02-19,7,0,135,56.2,56.2,0.0,807.205766,0.0
2019-02-19,7,0,136,2.54,2.54,0.0,36.517692,0.0
2019-02-19,7,0,139,38.54,38.54,0.0,604.191142,0.0
2019-02-19,7,0,140,95.11,95.11,0.0,-95110.0,0.0
2019-02-19,7,0,141,230.0,230.0,0.0,-126537.501033,0.0
2019-02-19,7,0,142,0.0,0.0,0.0,-0.0,0.0
2019-02-19,7,0,143,176.28,176.28,0.0,2891.058894,0.0
2019-02-19,7,0,145,21.23,21.23,0.0,338.546481,0.0
2019-02-19,7,0,146,64.83,64.83,0.0,-64830.0,0.0
2019-02-19,7,0,152,0.0,0.0,0.0,0.0,0.0
2019-02-19,7,0,153,0.0,0.0,0.0,0.0,0.0
2019-02-19,7,0,154,0.0,0.0,0.0,0.0,0.0
2019-02-19,7,0,157,71.71,71.71,0.0,-39452.19217,0.0
2019-02-19,7,0,158,0.0,0.0,0.0,-0.0,0.0
2019-02-19,7,0,159,0.0,0.0,0.0,0.0,0.0
2019-02-19,7,0,160,0.0,0.0,0.0,0.0,0.0
2019-02-19,7,0,161,0.0,0.0,0.0,-0.0,0.0
2019-02-19,7,0,162,38.76,38.76,0.0,1208.054988,0.0
2019-02-19,7,0,163,157.5,157.5,0.0,-157500.0,0.0
2019-02-19,7,0,164,0.0,0.0,0.0,0.0,0.0
2019-02-19,7,0,167,0.0,0.0,0.0,0.0,0.0
2019-02-19,7,0,168,0.0,0.0,0.0,0.0,0.0
2019-02-19,7,0,169,0.0,0.0,0.0,0.0,0.0
2019-02-19,7,0,170,0.0,0.0,0.0,0.0,0.0
2019-02-19,7,0,172,0.0,0.0,0.0,0.0,0.0
2019-02-19,7,0,173,0.0,0.0,0.0,0.0,0.0
2019-02-19,7,0,188,0.0,0.0,0.0,0.0,0.0
2019-02-19,7,0,190,0.0,0.0,0.0,0.0,0.0
2019-02-19,7,0,191,0.0,0.0,0.0,0.0,0.0
2019-02-19,7,0,192,127.5,127.5,0.0,16929.663419,0.0
2019-02-19,7,0,194,123.97,123.97,0.0,-14050.863603,0.0
2019-02-19,7,0,196,0.0,0.0,0.0,0.0,0.0
2019-02-19,7,0,198,0.0,0.0,0.0,0.0,0.0
2019-02-19,7,0,199,28.1,28.1,0.0,-683.674361,0.0
2019-02-19,7,0,200,0.0,0.0,0.0,-0.0,0.0
2019-02-19,7,0,204,660.35,660.35,0.0,10054.586967,0.0
2019-02-19,7,0,205,869.24,869.24,0.0,13192.663921,0.0
2019-02-19,7,0,206,537.4,537.4,0.0,8821.352238,0.0
2019-02-19,7,0,210,0.0,0.0,0.0,0.0,0.0
2019-02-19,7,0,214,0.0,0.0,0.0,0.0,0.0
2019-02-19,7,0,217,0.0,0.0,0.0,0.0,0.0
2019-02-19,7,0,218,0.0,0.0,0.0,0.0,0.0
2019-02-19,7,0,219,0.0,0.0,0.0,0.0,0.0
2019-02-19,7,0,221,0.0,0.0,0.0,0.0,0.0
2019-02-19,7,0,225,0.0,0.0,0.0,0.0,0.0
2019-02-19,7,0,233,0.0,0.0,0.0,0.0,0.0
2019-02-19,7,0,236,68.8,68.8,0.0,999.555616,0.0
2019-02-19,7,0,237,64.06,64.06,0.0,943.64868,0.0
2019-02-19,7,0,238,0.0,0.0,0.0,0.0,0.0
2019-02-19,7,0,240,0.0,0.0,0.0,0.0,0.0
2019-02-19,7,0,245,41.49,41.49,0.0,594.119678,0.0
2019-02-19,7,0,247,37.41,37.41,0.0,535.695762,0.0
2019-02-19,7,0,248,6.43,6.43,0.0,94.718405,0.0
2019-02-19,7,0,249,79.78,79.78,0.0,1142.416676,0.0
2019-02-19,7,0,251,0.0,0.0,0.0,0.0,0.0
2019-02-19,7,0,252,0.0,0.0,0.0,0.0,0.0
2019-02-19,7,0,254,0.0,0.0,0.0,0.0,0.0
2019-02-19,7,0,255,0.0,0.0,0.0,0.0,0.0
2019-02-19,7,0,258,0.0,0.0,0.0,0.0,0.0
2019-02-19,7,0,260,0.0,0.0,0.0,0.0,0.0
2019-02-19,7,0,265,0.0,0.0,0.0,0.0,0.0
2019-02-19,7,0,266,24.95,24.95,0.0,391.140866,0.0
2019-02-19,7,0,267,30.66,30.66,0.0,480.656472,0.0
2019-02-19,7,0,270,491.87,491.87,0.0,-491870.0,0.0
2019-02-19,7,0,272,214.11,214.11,0.0,-53711.771166,0.0
2019-02-19,7,0,273,0.0,0.0,0.0,-0.0,0.0
2019-02-19,7,0,274,634.08,634.08,0.0,-634080.0,0.0
2019-02-19,7,0,275,882.65,882.65,0.0,-882650.0,0.0
2019-02-19,7,0,276,0.0,0.0,0.0,-0.0,0.0
2019-02-19,7,0,277,0.0,0.0,0.0,-0.0,0.0
2019-02-19,7,0,278,0.0,0.0,0.0,-0.0,0.0
2019-02-19,7,0,279,258.36,258.36,0.0,-67940.598038,0.0
2019-02-19,7,0,281,41.4,41.4,0.0,678.97571,0.0
2019-02-19,7,0,282,0.0,0.0,0.0,0.0,0.0
2019-02-19,8,0,9,0.0,0.0,0.0,0.0,0.0
2019-02-19,8,0,17,0.0,0.0,0.0,0.0,0.0
2019-02-19,8,0,19,605.38,605.38,0.0,-176.991505,0.0
2019-02-19,8,0,20,753.44,753.44,0.0,-220.278965,0.0
2019-02-19,8,0,21,0.0,0.0,0.0,0.0,0.0
2019-02-19,8,0,22,0.0,0.0,0.0,0.0,0.0
2019-02-19,8,0,23,108.8,108.8,0.0,-4547.568157,0.0
2019-02-19,8,0,24,192.5,192.5,0.0,-8046.019028,0.0
2019-02-19,8,0,29,0.0,0.0,0.0,0.0,0.0
2019-02-19,8,0,30,0.0,0.0,0.0,0.0,0.0
2019-02-19,8,0,31,37.5,37.5,0.0,-1583.035592,0.0
2019-02-19,8,0,32,0.0,0.0,0.0,0.0,0.0
2019-02-19,8,0,33,0.0,0.0,0.0,0.0,0.0
2019-02-19,8,0,34,0.0,0.0,0.0,0.0,0.0
2019-02-19,8,0,35,0.0,0.0,0.0,0.0,0.0
2019-02-19,8,0,36,0.0,0.0,0.0,0.0,0.0
2019-02-19,8,0,37,0.0,0.0,0.0,0.0,0.0
2019-02-19,8,0,38,0.0,0.0,0.0,0.0,0.0
2019-02-19,8,0,39,0.0,0.0,0.0,0.0,0.0
2019-02-19,8,0,40,0.0,0.0,0.0,0.0,0.0
2019-02-19,8,0,41,14.56,14.56,0.0,-286.585661,0.0
2019-02-19,8,0,42,0.0,0.0,0.0,0.0,0.0
2019-02-19,8,0,43,0.0,0.0,0.0,0.0,0.0
2019-02-19,8,0,46,0.0,0.0,0.0,0.0,0.0
2019-02-19,8,0,52,39.75,39.75,0.0,-1678.017727,0.0
2019-02-19,8,0,53,63.15,63.15,0.0,-2665.831937,0.0
2019-02-19,8,0,55,186.9,186.9,0.0,-7811.95302,0.0
2019-02-19,8,0,56,0.0,0.0,0.0,0.0,0.0
2019-02-19,8,0,57,0.0,0.0,0.0,0.0,0.0
2019-02-19,8,0,58,0.0,0.0,0.0,0.0,0.0
2019-02-19,8,0,59,0.0,0.0,0.0,0.0,0.0
2019-02-19,8,0,63,44.22,44.22,0.0,9457.603967,0.0
2019-02-19,8,0,64,51.97,51.97,0.0,11115.144237,0.0
2019-02-19,8,0,65,1.38,1.38,0.0,18.979321,0.0
2019-02-19,8,0,67,0.0,0.0,0.0,-0.0,0.0
2019-02-19,8,0,68,10.07,10.07,0.0,-1796.162985,0.0
2019-02-19,8,0,69,0.0,0.0,0.0,0.0,0.0
2019-02-19,8,0,74,30.38,30.38,0.0,383.412582,0.0
2019-02-19,8,0,77,143.14,143.14,0.0,-11705.242715,0.0
2019-02-19,8,0,78,108.08,108.08,0.0,-8838.218755,0.0
2019-02-19,8,0,79,62.34,62.34,0.0,-5097.840093,0.0
2019-02-19,8,0,80,101.11,101.11,0.0,-8268.248504,0.0
2019-02-19,8,0,81,132.36,132.36,0.0,-10823.710533,0.0
2019-02-19,8,0,82,93.21,93.21,0.0,-7622.227703,0.0
2019-02-19,8,0,83,208.52,208.52,0.0,-17051.678154,0.0
2019-02-19,8,0,84,0.0,0.0,0.0,0.0,0.0
2019-02-19,8,0,86,0.0,0.0,0.0,0.0,0.0
2019-02-19,8,0,87,0.0,0.0,0.0,0.0,0.0
2019-02-19,8,0,88,104.18,104.18,0.0,-8519.297094,0.0
2019-02-19,8,0,89,100.55,100.55,0.0,-8222.454625,0.0
2019-02-19,8,0,90,131.19,131.19,0.0,-10728.034035,0.0
2019-02-19,8,0,91,411.26,411.26,0.0,-33630.69805,0.0
2019-02-19,8,0,92,164.56,164.56,0.0,-13456.858608,0.0
2019-02-19,8,0,95,36.0,36.0,0.0,5651.492888,0.0
2019-02-19,8,0,96,27.33,27.33,0.0,-1165.620663,0.0
2019-02-19,8,0,97,168.08,168.08,0.0,-7168.588404,0.0
2019-02-19,8,0,99,5.86,5.86,0.0,73.956476,0.0
2019-02-19,8,0,101,0.0,0.0,0.0,0.0,0.0
2019-02-19,8,0,102,23.83,23.83,0.0,-4250.502872,0.0
2019-02-19,8,0,103,20.72,20.72,0.0,-3695.779249,0.0
2019-02-19,8,0,104,3.85,3.85,0.0,-686.715739,0.0
2019-02-19,8,0,106,0.0,0.0,0.0,0.0,0.0
2019-02-19,8,0,109,147.88,147.88,0.0,-898.07881,0.0
2019-02-19,8,0,110,121.57,121.57,0.0,-77390.150101,0.0
2019-02-19,8,0,111,0.0,0.0,0.0,0.0,0.0
2019-02-19,8,0,113,99.31,99.31,0.0,-6715.480886,0.0
2019-02-19,8,0,115,99.31,99.31,0.0,-6715.480886,0.0
2019-02-19,8,0,116,0.0,0.0,0.0,-0.0,0.0
2019-02-19,8,0,117,5.14,5.14,0.0,-347.573978,0.0
2019-02-19,8,0,119,51.97,51.97,0.0,11115.144237,0.0
2019-02-19,8,0,120,30.66,30.66,0.0,6557.443185,0.0
2019-02-19,8,0,123,0.0,0.0,0.0,0.0,0.0
2019-02-19,8,0,125,174.2,174.2,0.0,-7281.124751,0.0
2019-02-19,8,0,126,0.0,0.0,0.0,0.0,0.0
2019-02-19,8,0,127,0.0,0.0,0.0,0.0,0.0
2019-02-19,8,0,128,249.5,249.5,0.0,-10428.47661,0.0
2019-02-19,8,0,131,30.0,30.0,0.0,-4447.28531,0.0
2019-02-19,8,0,132,44.1,44.1,0.0,-6537.509406,0.0
2019-02-19,8,0,133,41.94,41.94,0.0,1311.461384,0.0
2019-02-19,8,0,134,0.0,0.0,0.0,0.0,0.0
2019-02-19,8,0,135,56.2,56.2,0.0,1757.370762,0.0
2019-02-19,8,0,136,3.53,3.53,0.0,51.270428,0.0
2019-02-19,8,0,139,18.8,18.8,0.0,-370.041925,0.0
2019-02-19,8,0,140,89.97,89.97,0.0,-57273.931106,0.0
2019-02-19,8,0,141,230.0,230.0,0.0,-66968.124505,0.0
2019-02-19,8,0,142,0.0,0.0,0.0,-0.0,0.0
2019-02-19,8,0,143,71.55,71.55,0.0,-3020.431909,0.0
2019-02-19,8,0,145,20.0,20.0,0.0,-575.83474,0.0
2019-02-19,8,0,146,52.52,52.52,0.0,-33433.665241,0.0
2019-02-19,8,0,152,0.0,0.0,0.0,0.0,0.0
2019-02-19,8,0,153,0.0,0.0,0.0,0.0,0.0
2019-02-19,8,0,154,0.0,0.0,0.0,0.0,0.0
2019-02-19,8,0,157,55.15,55.15,0.0,-16057.791593,0.0
2019-02-19,8,0,158,0.0,0.0,0.0,-0.0,0.0
2019-02-19,8,0,159,0.0,0.0,0.0,0.0,0.0
2019-02-19,8,0,160,0.0,0.0,0.0,0.0,0.0
2019-02-19,8,0,161,0.0,0.0,0.0,-0.0,0.0
2019-02-19,8,0,162,36.68,36.68,0.0,5781.476318,0.0
2019-02-19,8,0,163,135.52,135.52,0.0,-86270.569562,0.0
2019-02-19,8,0,164,0.0,0.0,0.0,0.0,0.0
2019-02-19,8,0,167,0.0,0.0,0.0,0.0,0.0
2019-02-19,8,0,168,0.0,0.0,0.0,0.0,0.0
2019-02-19,8,0,169,0.0,0.0,0.0,0.0,0.0
2019-02-19,8,0,170,0.0,0.0,0.0,0.0,0.0
2019-02-19,8,0,172,0.0,0.0,0.0,0.0,0.0
2019-02-19,8,0,173,0.0,0.0,0.0,0.0,0.0
2019-02-19,8,0,188,0.0,0.0,0.0,0.0,0.0
2019-02-19,8,0,190,0.0,0.0,0.0,0.0,0.0
2019-02-19,8,0,191,0.0,0.0,0.0,0.0,0.0
2019-02-19,8,0,192,113.57,113.57,0.0,24289.915933,0.0
2019-02-19,8,0,194,105.96,105.96,0.0,3130.692896,0.0
2019-02-19,8,0,196,0.0,0.0,0.0,0.0,0.0
2019-02-19,8,0,198,0.0,0.0,0.0,0.0,0.0
2019-02-19,8,0,199,27.96,27.96,0.0,1274.756365,0.0
2019-02-19,8,0,200,0.0,0.0,0.0,0.0,0.0
2019-02-19,8,0,204,584.92,584.92,0.0,-4621.116223,0.0
2019-02-19,8,0,205,782.29,782.29,0.0,-4750.866054,0.0
2019-02-19,8,0,206,493.9,493.9,0.0,-21064.765663,0.0
2019-02-19,8,0,210,0.0,0.0,0.0,0.0,0.0
2019-02-19,8,0,214,0.0,0.0,0.0,0.0,0.0
2019-02-19,8,0,217,0.0,0.0,0.0,0.0,0.0
2019-02-19,8,0,218,0.0,0.0,0.0,0.0,0.0
2019-02-19,8,0,219,0.0,0.0,0.0,0.0,0.0
2019-02-19,8,0,221,0.0,0.0,0.0,0.0,0.0
2019-02-19,8,0,225,0.0,0.0,0.0,0.0,0.0
2019-02-19,8,0,233,0.0,0.0,0.0,0.0,0.0
2019-02-19,8,0,236,85.18,85.18,0.0,1815.33049,0.0
2019-02-19,8,0,237,72.88,72.88,0.0,919.786338,0.0
2019-02-19,8,0,238,0.0,0.0,0.0,0.0,0.0
2019-02-19,8,0,240,0.0,0.0,0.0,0.0,0.0
2019-02-19,8,0,245,46.3,46.3,0.0,1314.856648,0.0
2019-02-19,8,0,247,51.3,51.3,0.0,1456.849807,0.0
2019-02-19,8,0,248,7.32,7.32,0.0,92.382492,0.0
2019-02-19,8,0,249,89.04,89.04,0.0,2528.614168,0.0
2019-02-19,8,0,251,0.0,0.0,0.0,0.0,0.0
2019-02-19,8,0,252,8.88,8.88,0.0,122.127804,0.0
2019-02-19,8,0,254,0.0,0.0,0.0,0.0,0.0
2019-02-19,8,0,255,0.0,0.0,0.0,0.0,0.0
2019-02-19,8,0,258,0.0,0.0,0.0,0.0,0.0
2019-02-19,8,0,260,0.0,0.0,0.0,0.0,0.0
2019-02-19,8,0,265,0.0,0.0,0.0,0.0,0.0
2019-02-19,8,0,266,12.18,12.18,0.0,-239.739928,0.0
2019-02-19,8,0,267,14.96,14.96,0.0,-294.458893,0.0
2019-02-19,8,0,270,423.23,423.23,0.0,-269423.650795,0.0
2019-02-19,8,0,272,343.83,343.83,0.0,-23250.264759,0.0
2019-02-19,8,0,273,0.0,0.0,0.0,-0.0,0.0
2019-02-19,8,0,274,545.59,545.59,0.0,-347316.706371,0.0
2019-02-19,8,0,275,759.47,759.47,0.0,-483470.406326,0.0
2019-02-19,8,0,276,0.0,0.0,0.0,-0.0,0.0
2019-02-19,8,0,277,0.0,0.0,0.0,0.0,0.0
2019-02-19,8,0,278,0.0,0.0,0.0,0.0,0.0
2019-02-19,8,0,279,228.36,228.36,0.0,-16737.810237,0.0
2019-02-19,8,0,281,16.83,16.83,0.0,-710.466374,0.0
2019-02-19,8,0,282,0.0,0.0,0.0,0.0,0.0
2019-02-19,9,0,9,0.36,0.36,0.0,-4.89413,0.0
2019-02-19,9,0,17,5.38,5.38,0.0,60.091542,0.0
2019-02-19,9,0,19,475.02,475.02,0.0,5305.70342,0.0
2019-02-19,9,0,20,589.85,589.85,0.0,6588.289256,0.0
2019-02-19,9,0,21,8.17,8.17,0.0,-111.069557,0.0
2019-02-19,9,0,22,29.05,29.05,0.0,-394.929084,0.0
2019-02-19,9,0,23,108.8,108.8,0.0,-1479.11478,0.0
2019-02-19,9,0,24,192.5,192.5,0.0,-2616.999955,0.0
2019-02-19,9,0,29,1.08,1.08,0.0,9.235093,0.0
2019-02-19,9,0,30,69.62,69.62,0.0,-958.012505,0.0
2019-02-19,9,0,31,49.31,49.31,0.0,-678.534855,0.0
2019-02-19,9,0,32,0.4,0.4,0.0,-30.354832,0.0
2019-02-19,9,0,33,0.32,0.32,0.0,4.823022,0.0
2019-02-19,9,0,34,0.52,0.52,0.0,7.83741,0.0
2019-02-19,9,0,35,0.52,0.52,0.0,7.83741,0.0
2019-02-19,9,0,36,0.97,0.97,0.0,5.622048,0.0
2019-02-19,9,0,37,0.46,0.46,0.0,2.679039,0.0
2019-02-19,9,0,38,0.59,0.59,0.0,3.436159,0.0
2019-02-19,9,0,39,0.39,0.39,0.0,2.271359,0.0
2019-02-19,9,0,40,0.39,0.39,0.0,2.271359,0.0
2019-02-19,9,0,41,17.38,17.38,0.0,-88.056511,0.0
2019-02-19,9,0,42,7.37,7.37,0.0,76.084225,0.0
2019-02-19,9,0,43,2.93,2.93,0.0,21.900556,0.0
2019-02-19,9,0,46,2.36,2.36,0.0,9.786022,0.0
2019-02-19,9,0,52,52.32,52.32,0.0,-719.954241,0.0
2019-02-19,9,0,53,83.57,83.57,0.0,-1149.972782,0.0
2019-02-19,9,0,55,186.9,186.9,0.0,-2540.869048,0.0
2019-02-19,9,0,56,20.53,20.53,0.0,-282.50498,0.0
2019-02-19,9,0,57,19.53,19.53,0.0,-268.744387,0.0
2019-02-19,9,0,58,37.56,37.56,0.0,-516.847884,0.0
2019-02-19,9,0,59,36.94,36.94,0.0,-508.316316,0.0
2019-02-19,9,0,63,18.33,18.33,0.0,1089.780012,0.0
2019-02-19,9,0,64,21.57,21.57,0.0,1282.408885,0.0
2019-02-19,9,0,65,2.66,2.66,0.0,29.292693,0.0
2019-02-19,9,0,67,36.07,36.07,0.0,-2956.540708,0.0
2019-02-19,9,0,68,16.92,16.92,0.0,-912.854605,0.0
2019-02-19,9,0,69,0.32,0.32,0.0,4.823022,0.0
2019-02-19,9,0,74,34.69,34.69,0.0,224.453663,0.0
2019-02-19,9,0,77,53.44,53.44,0.0,-1579.45335,0.0
2019-02-19,9,0,78,40.4,40.4,0.0,-1194.047817,0.0
2019-02-19,9,0,79,23.38,23.38,0.0,-691.01084,0.0
2019-02-19,9,0,80,37.81,37.81,0.0,-1117.498712,0.0
2019-02-19,9,0,81,49.43,49.43,0.0,-1460.935237,0.0
2019-02-19,9,0,82,34.87,34.87,0.0,-1030.605133,0.0
2019-02-19,9,0,83,77.76,77.76,0.0,-2298.246491,0.0
2019-02-19,9,0,84,0.0,0.0,0.0,0.0,0.0
2019-02-19,9,0,86,1.64,1.64,0.0,24.717986,0.0
2019-02-19,9,0,87,8.36,8.36,0.0,126.001439,0.0
2019-02-19,9,0,88,120.31,120.31,0.0,-3555.838931,0.0
2019-02-19,9,0,89,114.92,114.92,0.0,-3396.534037,0.0
2019-02-19,9,0,90,161.31,161.31,0.0,-4767.620131,0.0
2019-02-19,9,0,91,606.15,606.15,0.0,-17915.150596,0.0
2019-02-19,9,0,92,213.27,213.27,0.0,-6303.331135,0.0
2019-02-19,9,0,95,36.0,36.0,0.0,14688.422404,0.0
2019-02-19,9,0,96,25.11,25.11,0.0,-349.879185,0.0
2019-02-19,9,0,97,154.41,154.41,0.0,-2151.527078,0.0
2019-02-19,9,0,99,6.7,6.7,0.0,43.350808,0.0
2019-02-19,9,0,101,1.4,1.4,0.0,-19.264831,0.0
2019-02-19,9,0,102,40.0,40.0,0.0,-2158.048711,0.0
2019-02-19,9,0,103,34.78,34.78,0.0,-1876.423354,0.0
2019-02-19,9,0,104,6.49,6.49,0.0,-350.143403,0.0
2019-02-19,9,0,106,28.59,28.59,0.0,-388.675474,0.0
2019-02-19,9,0,109,124.44,124.44,0.0,102.879213,0.0
2019-02-19,9,0,110,113.94,113.94,0.0,-19114.485801,0.0
2019-02-19,9,0,111,1.95,1.95,0.0,-9.879758,0.0
2019-02-19,9,0,113,52.01,52.01,0.0,-1423.5197,0.0
2019-02-19,9,0,115,52.01,52.01,0.0,-1423.5197,0.0
2019-02-19,9,0,116,12.3,12.3,0.0,-2063.438436,0.0
2019-02-19,9,0,117,3.53,3.53,0.0,-96.616507,0.0
2019-02-19,9,0,119,21.57,21.57,0.0,1282.408885,0.0
2019-02-19,9,0,120,12.68,12.68,0.0,753.868552,0.0
2019-02-19,9,0,123,0.48,0.48,0.0,-6.525506,0.0
2019-02-19,9,0,125,174.2,174.2,0.0,-2368.215025,0.0
2019-02-19,9,0,126,21.44,21.44,0.0,-291.472618,0.0
2019-02-19,9,0,127,27.52,27.52,0.0,-374.129033,0.0
2019-02-19,9,0,128,249.5,249.5,0.0,-3391.903838,0.0
2019-02-19,9,0,131,30.0,30.0,0.0,-1394.073953,0.0
2019-02-19,9,0,132,44.1,44.1,0.0,-2049.28871,0.0
2019-02-19,9,0,133,41.94,41.94,0.0,469.066889,0.0
2019-02-19,9,0,134,0.0,0.0,0.0,0.0,0.0
2019-02-19,9,0,135,56.2,56.2,0.0,628.554105,0.0
2019-02-19,9,0,136,4.88,4.88,0.0,53.697879,0.0
2019-02-19,9,0,139,22.45,22.45,0.0,-113.743882,0.0
2019-02-19,9,0,140,84.33,84.33,0.0,-14147.135226,0.0
2019-02-19,9,0,141,219.59,219.59,0.0,-17999.078851,0.0
2019-02-19,9,0,142,47.56,47.56,0.0,-3898.338677,0.0
2019-02-19,9,0,143,133.82,133.82,0.0,-1841.442595,0.0
2019-02-19,9,0,145,18.88,18.88,0.0,-157.61031,0.0
2019-02-19,9,0,146,42.01,42.01,0.0,-7047.564933,0.0
2019-02-19,9,0,152,0.68,0.68,0.0,4.612525,0.0
2019-02-19,9,0,153,0.84,0.84,0.0,5.532644,0.0
2019-02-19,9,0,154,8.04,8.04,0.0,-40.735003,0.0
2019-02-19,9,0,157,41.36,41.36,0.0,-3390.144821,0.0
2019-02-19,9,0,158,24.0,24.0,0.0,-1967.202024,0.0
2019-02-19,9,0,159,0.0,0.0,0.0,0.0,0.0
2019-02-19,9,0,160,0.22,0.22,0.0,2.712989,0.0
2019-02-19,9,0,161,6.34,6.34,0.0,-342.050721,0.0
2019-02-19,9,0,162,34.82,34.82,0.0,14222.678787,0.0
2019-02-19,9,0,163,116.14,116.14,0.0,-19483.556091,0.0
2019-02-19,9,0,164,3.14,3.14,0.0,-43.208263,0.0
2019-02-19,9,0,167,0.46,0.46,0.0,195.419059,0.0
2019-02-19,9,0,168,0.23,0.23,0.0,97.70953,0.0
2019-02-19,9,0,169,0.0,0.0,0.0,0.0,0.0
2019-02-19,9,0,170,0.5,0.5,0.0,212.412021,0.0
2019-02-19,9,0,172,0.51,0.51,0.0,44.105596,0.0
2019-02-19,9,0,173,0.78,0.78,0.0,67.455618,0.0
2019-02-19,9,0,188,0.8,0.8,0.0,29.090364,0.0
2019-02-19,9,0,190,1.37,1.37,0.0,81.451097,0.0
2019-02-19,9,0,191,3.53,3.53,0.0,209.870346,0.0
2019-02-19,9,0,192,100.61,100.61,0.0,5981.602129,0.0
2019-02-19,9,0,194,66.22,66.22,0.0,-296.494125,0.0
2019-02-19,9,0,196,0.67,0.67,0.0,54.527797,0.0
2019-02-19,9,0,198,1.19,1.19,0.0,10.286004,0.0
2019-02-19,9,0,199,28.45,28.45,0.0,472.116411,0.0
2019-02-19,9,0,200,1.38,1.38,0.0,22.90055,0.0
2019-02-19,9,0,204,291.76,291.76,0.0,64.59797,0.0
2019-02-19,9,0,205,700.87,700.87,0.0,579.435502,0.0
2019-02-19,9,0,206,453.71,453.71,0.0,-6321.930903,0.0
2019-02-19,9,0,210,0.36,0.36,0.0,3.523757,0.0
2019-02-19,9,0,214,1.59,1.59,0.0,27.629255,0.0
2019-02-19,9,0,217,1.1,1.1,0.0,15.369977,0.0
2019-02-19,9,0,218,1.52,1.52,0.0,21.238514,0.0
2019-02-19,9,0,219,1.03,1.03,0.0,14.391888,0.0
2019-02-19,9,0,221,0.85,0.85,0.0,14.770356,0.0
2019-02-19,9,0,225,1.0,1.0,0.0,8.431532,0.0
2019-02-19,9,0,233,0.93,0.93,0.0,14.016906,0.0
2019-02-19,9,0,236,106.03,106.03,0.0,958.268718,0.0
2019-02-19,9,0,237,83.22,83.22,0.0,538.455862,0.0
2019-02-19,9,0,238,9.59,9.59,0.0,99.002404,0.0
2019-02-19,9,0,240,1.1,1.1,0.0,6.375518,0.0
2019-02-19,9,0,245,53.28,53.28,0.0,625.895391,0.0
2019-02-19,9,0,247,70.73,70.73,0.0,830.88553,0.0
2019-02-19,9,0,248,8.35,8.35,0.0,54.026754,0.0
2019-02-19,9,0,249,102.47,102.47,0.0,1203.744384,0.0
2019-02-19,9,0,251,9.13,9.13,0.0,98.186675,0.0
2019-02-19,9,0,252,17.17,17.17,0.0,189.081027,0.0
2019-02-19,9,0,254,1.74,1.74,0.0,15.126567,0.0
2019-02-19,9,0,255,0.8,0.8,0.0,6.954744,0.0
2019-02-19,9,0,258,1.36,1.36,0.0,8.25118,0.0
2019-02-19,9,0,260,0.54,0.54,0.0,6.659154,0.0
2019-02-19,9,0,265,8.33,8.33,0.0,-42.2043,0.0
2019-02-19,9,0,266,14.54,14.54,0.0,-73.66753,0.0
2019-02-19,9,0,267,17.86,17.86,0.0,-90.488451,0.0
2019-02-19,9,0,270,362.71,362.71,0.0,-60847.94756,0.0
2019-02-19,9,0,272,173.55,173.55,0.0,-4750.083522,0.0
2019-02-19,9,0,273,2.94,2.94,0.0,-493.212114,0.0
2019-02-19,9,0,274,467.58,467.58,0.0,-78440.857215,0.0
2019-02-19,9,0,275,650.88,650.88,0.0,-109191.122682,0.0
2019-02-19,9,0,276,0.63,0.63,0.0,-93.620252,0.0
2019-02-19,9,0,277,0.73,0.73,0.0,-20.619819,0.0
2019-02-19,9,0,278,1.16,1.16,0.0,-32.765739,0.0
2019-02-19,9,0,279,200.28,200.28,0.0,-5657.174386,0.0
2019-02-19,9,0,281,21.97,21.97,0.0,-302.320235,0.0
2019-02-19,9,0,282,38.19,38.19,0.0,-525.517058,0.0
2019-02-19,10,0,9,1.03,1.03,0.0,-1.682997,0.0
2019-02-19,10,0,17,10.39,10.39,0.0,100.705864,0.0
2019-02-19,10,0,19,349.46,349.46,0.0,3387.167602,0.0
2019-02-19,10,0,20,433.01,433.01,0.0,4196.982326,0.0
2019-02-19,10,0,21,23.57,23.57,0.0,-38.512849,0.0
2019-02-19,10,0,22,83.75,83.75,0.0,-136.845613,0.0
2019-02-19,10,0,23,108.8,108.8,0.0,-177.776749,0.0
2019-02-19,10,0,24,192.5,192.5,0.0,-314.540663,0.0
2019-02-19,10,0,29,2.42,2.42,0.0,23.242301,0.0
2019-02-19,10,0,30,218.44,218.44,0.0,-373.236464,0.0
2019-02-19,10,0,31,103.87,103.87,0.0,-177.47698,0.0
2019-02-19,10,0,32,0.75,0.75,0.0,-35.620841,0.0
2019-02-19,10,0,33,0.67,0.67,0.0,7.730462,0.0
2019-02-19,10,0,34,1.06,1.06,0.0,12.230283,0.0
2019-02-19,10,0,35,1.06,1.06,0.0,12.230283,0.0
2019-02-19,10,0,36,2.6,2.6,0.0,18.383837,0.0
2019-02-19,10,0,37,1.18,1.18,0.0,8.343701,0.0
2019-02-19,10,0,38,1.52,1.52,0.0,10.747819,0.0
2019-02-19,10,0,39,1.01,1.01,0.0,7.141643,0.0
2019-02-19,10,0,40,1.01,1.01,0.0,7.141643,0.0
2019-02-19,10,0,41,20.58,20.58,0.0,45.696583,0.0
2019-02-19,10,0,42,17.57,17.57,0.0,163.270141,0.0
2019-02-19,10,0,43,8.07,8.07,0.0,62.747554,0.0
2019-02-19,10,0,46,5.08,5.08,0.0,32.032193,0.0
2019-02-19,10,0,52,110.17,110.17,0.0,-188.241445,0.0
2019-02-19,10,0,53,175.67,175.67,0.0,-300.157708,0.0
2019-02-19,10,0,55,186.9,186.9,0.0,-305.39039,0.0
2019-02-19,10,0,56,64.43,64.43,0.0,-110.088012,0.0
2019-02-19,10,0,57,61.29,61.29,0.0,-104.722866,0.0
2019-02-19,10,0,58,117.86,117.86,0.0,-201.380927,0.0
2019-02-19,10,0,59,115.9,115.9,0.0,-198.031982,0.0
2019-02-19,10,0,63,14.07,14.07,0.0,456.255729,0.0
2019-02-19,10,0,64,16.55,16.55,0.0,536.67607,0.0
2019-02-19,10,0,65,4.58,4.58,0.0,44.051662,0.0
2019-02-19,10,0,67,101.72,101.72,0.0,43.93858,0.0
2019-02-19,10,0,68,27.16,27.16,0.0,-132.530239,0.0
2019-02-19,10,0,69,0.67,0.67,0.0,7.730462,0.0
2019-02-19,10,0,74,64.54,64.54,0.0,482.910797,0.0
2019-02-19,10,0,77,49.28,49.28,0.0,-434.62418,0.0
2019-02-19,10,0,78,37.25,37.25,0.0,-328.525785,0.0
2019-02-19,10,0,79,21.56,21.56,0.0,-190.148079,0.0
2019-02-19,10,0,80,34.86,34.86,0.0,-307.447218,0.0
2019-02-19,10,0,81,45.58,45.58,0.0,-401.992088,0.0
2019-02-19,10,0,82,32.15,32.15,0.0,-283.546416,0.0
2019-02-19,10,0,83,71.7,71.7,0.0,-632.357015,0.0
2019-02-19,10,0,84,0.0,0.0,0.0,0.0,0.0
2019-02-19,10,0,86,3.37,3.37,0.0,38.883069,0.0
2019-02-19,10,0,87,17.21,17.21,0.0,198.569027,0.0
2019-02-19,10,0,88,72.84,72.84,0.0,-642.411227,0.0
2019-02-19,10,0,89,69.69,69.69,0.0,-614.629851,0.0
2019-02-19,10,0,90,96.77,96.77,0.0,-853.461483,0.0
2019-02-19,10,0,91,358.5,358.5,0.0,-3161.785073,0.0
2019-02-19,10,0,92,127.02,127.02,0.0,-1120.250879,0.0
2019-02-19,10,0,95,88.65,88.65,0.0,24202.829266,0.0
2019-02-19,10,0,96,23.3,23.3,0.0,-41.629653,0.0
2019-02-19,10,0,97,143.26,143.26,0.0,-255.959832,0.0
2019-02-19,10,0,99,13.27,13.27,0.0,99.29077,0.0
2019-02-19,10,0,101,4.4,4.4,0.0,-7.518039,0.0
2019-02-19,10,0,102,64.31,64.31,0.0,-313.807794,0.0
2019-02-19,10,0,103,55.92,55.92,0.0,-272.867856,0.0
2019-02-19,10,0,104,10.39,10.39,0.0,-50.69916,0.0
2019-02-19,10,0,106,82.44,82.44,0.0,-134.705103,0.0
2019-02-19,10,0,109,103.68,103.68,0.0,502.912197,0.0
2019-02-19,10,0,110,107.33,107.33,0.0,1792.160312,0.0
2019-02-19,10,0,111,4.98,4.98,0.0,11.057774,0.0
2019-02-19,10,0,113,81.39,81.39,0.0,-934.74444,0.0
2019-02-19,10,0,115,81.39,81.39,0.0,-934.74444,0.0
2019-02-19,10,0,116,22.17,22.17,0.0,370.187218,0.0
2019-02-19,10,0,117,5.43,5.43,0.0,-62.362235,0.0
2019-02-19,10,0,119,16.55,16.55,0.0,536.67607,0.0
2019-02-19,10,0,120,9.73,9.73,0.0,315.520131,0.0
2019-02-19,10,0,123,1.37,1.37,0.0,-2.238549,0.0
2019-02-19,10,0,125,174.2,174.2,0.0,-284.638876,0.0
2019-02-19,10,0,126,61.83,61.83,0.0,-101.028827,0.0
2019-02-19,10,0,127,79.35,79.35,0.0,-129.656112,0.0
2019-02-19,10,0,128,249.5,249.5,0.0,-407.677379,0.0
2019-02-19,10,0,131,38.04,38.04,0.0,-239.58228,0.0
2019-02-19,10,0,132,61.38,61.38,0.0,-386.581502,0.0
2019-02-19,10,0,133,41.94,41.94,0.0,406.800261,0.0
2019-02-19,10,0,134,0.0,0.0,0.0,0.0,0.0
2019-02-19,10,0,135,56.2,56.2,0.0,545.11623,0.0
2019-02-19,10,0,136,6.66,6.66,0.0,64.030488,0.0
2019-02-19,10,0,139,26.57,26.57,0.0,58.996997,0.0
2019-02-19,10,0,140,79.43,79.43,0.0,1326.295477,0.0
2019-02-19,10,0,141,199.71,199.71,0.0,86.265964,0.0
2019-02-19,10,0,142,134.14,134.14,0.0,57.942599,0.0
2019-02-19,10,0,143,238.5,238.5,0.0,-407.511888,0.0
2019-02-19,10,0,145,33.33,33.33,0.0,24.177653,0.0
2019-02-19,10,0,146,33.87,33.87,0.0,565.549891,0.0
2019-02-19,10,0,152,1.72,1.72,0.0,13.091006,0.0
2019-02-19,10,0,153,2.14,2.14,0.0,16.087626,0.0
2019-02-19,10,0,154,20.53,20.53,0.0,45.585561,0.0
2019-02-19,10,0,157,30.16,30.16,0.0,13.027798,0.0
2019-02-19,10,0,158,86.7,86.7,0.0,37.450599,0.0
2019-02-19,10,0,159,0.0,0.0,0.0,0.0,0.0
2019-02-19,10,0,160,0.54,0.54,0.0,5.330435,0.0
2019-02-19,10,0,161,17.17,17.17,0.0,-83.782924,0.0
2019-02-19,10,0,162,62.99,62.99,0.0,17210.399797,0.0
2019-02-19,10,0,163,55.42,55.42,0.0,925.384557,0.0
2019-02-19,10,0,164,11.74,11.74,0.0,-20.059495,0.0
2019-02-19,10,0,167,0.84,0.84,0.0,238.949855,0.0
2019-02-19,10,0,168,0.42,0.42,0.0,119.474927,0.0
2019-02-19,10,0,169,0.0,0.0,0.0,0.0,0.0
2019-02-19,10,0,170,0.92,0.92,0.0,261.706984,0.0
2019-02-19,10,0,172,1.09,1.09,0.0,66.052953,0.0
2019-02-19,10,0,173,1.66,1.66,0.0,100.594405,0.0
2019-02-19,10,0,188,1.55,1.55,0.0,42.874371,0.0
2019-02-19,10,0,190,1.95,1.95,0.0,63.233736,0.0
2019-02-19,10,0,191,5.04,5.04,0.0,163.434888,0.0
2019-02-19,10,0,192,88.8,88.8,0.0,2879.567072,0.0
2019-02-19,10,0,194,22.61,22.61,0.0,-405.288613,0.0
2019-02-19,10,0,196,1.13,1.13,0.0,26.395156,0.0
2019-02-19,10,0,198,2.18,2.18,0.0,20.347955,0.0
2019-02-19,10,0,199,29.43,29.43,0.0,205.730916,0.0
2019-02-19,10,0,200,3.23,3.23,0.0,22.57937,0.0
2019-02-19,10,0,204,139.29,139.29,0.0,636.821243,0.0
2019-02-19,10,0,205,612.28,612.28,0.0,2969.937112,0.0
2019-02-19,10,0,206,420.96,420.96,0.0,-752.120975,0.0
2019-02-19,10,0,210,0.82,0.82,0.0,8.312362,0.0
2019-02-19,10,0,214,4.38,4.38,0.0,55.312397,0.0
2019-02-19,10,0,217,2.71,2.71,0.0,31.20381,0.0
2019-02-19,10,0,218,3.74,3.74,0.0,43.063561,0.0
2019-02-19,10,0,219,2.55,2.55,0.0,29.361519,0.0
2019-02-19,10,0,221,2.34,2.34,0.0,29.550459,0.0
2019-02-19,10,0,225,2.08,2.08,0.0,19.869836,0.0
2019-02-19,10,0,233,1.91,1.91,0.0,22.037585,0.0
2019-02-19,10,0,236,132.57,132.57,0.0,1151.063911,0.0
2019-02-19,10,0,237,150.8,150.8,0.0,1128.338211,0.0
2019-02-19,10,0,238,22.87,22.87,0.0,212.520668,0.0
2019-02-19,10,0,240,2.95,2.95,0.0,20.858584,0.0
2019-02-19,10,0,245,62.5,62.5,0.0,622.864549,0.0
2019-02-19,10,0,247,96.37,96.37,0.0,960.407306,0.0
2019-02-19,10,0,248,16.46,16.46,0.0,123.159463,0.0
2019-02-19,10,0,249,120.2,120.2,0.0,1197.893101,0.0
2019-02-19,10,0,251,18.32,18.32,0.0,173.971545,0.0
2019-02-19,10,0,252,29.53,29.53,0.0,284.027417,0.0
2019-02-19,10,0,254,3.33,3.33,0.0,27.643368,0.0
2019-02-19,10,0,255,1.53,1.53,0.0,12.701007,0.0
2019-02-19,10,0,258,3.7,3.7,0.0,26.582731,0.0
2019-02-19,10,0,260,1.32,1.32,0.0,13.029953,0.0
2019-02-19,10,0,265,21.25,21.25,0.0,47.184275,0.0
2019-02-19,10,0,266,17.21,17.21,0.0,38.213712,0.0
2019-02-19,10,0,267,21.14,21.14,0.0,46.940027,0.0
2019-02-19,10,0,270,173.01,173.01,0.0,2888.862905,0.0
2019-02-19,10,0,272,272.01,272.01,0.0,-3123.968979,0.0
2019-02-19,10,0,273,5.3,5.3,0.0,88.497621,0.0
2019-02-19,10,0,274,223.02,223.02,0.0,3723.913098,0.0
2019-02-19,10,0,275,310.42,310.42,0.0,5183.28896,0.0
2019-02-19,10,0,276,1.19,1.19,0.0,15.548391,0.0
2019-02-19,10,0,277,1.61,1.61,0.0,-16.770093,0.0
2019-02-19,10,0,278,2.58,2.58,0.0,-26.873813,0.0
2019-02-19,10,0,279,175.89,175.89,0.0,-1832.106581,0.0
2019-02-19,10,0,281,46.3,46.3,0.0,-79.110274,0.0
2019-02-19,10,0,282,119.83,119.83,0.0,-204.746958,0.0
2019-02-19,11,0,9,1.59,1.59,0.0,-0.37805,0.0
2019-02-19,11,0,17,16.02,16.02,0.0,175.979,0.0
2019-02-19,11,0,19,192.99,192.99,0.0,2119.986717,0.0
2019-02-19,11,0,20,234.06,234.06,0.0,2571.138873,0.0
2019-02-19,11,0,21,36.45,36.45,0.0,-8.666628,0.0
2019-02-19,11,0,22,129.55,129.55,0.0,-30.802791,0.0
2019-02-19,11,0,23,56.5,56.5,0.0,-13.433869,0.0
2019-02-19,11,0,24,99.93,99.93,0.0,-23.760115,0.0
2019-02-19,11,0,29,3.62,3.62,0.0,28.408661,0.0
2019-02-19,11,0,30,341.94,341.94,0.0,-103.929139,0.0
2019-02-19,11,0,31,119.91,119.91,0.0,-36.445409,0.0
2019-02-19,11,0,32,1.16,1.16,0.0,-38.632406,0.0
2019-02-19,11,0,33,1.04,1.04,0.0,13.749883,0.0
2019-02-19,11,0,34,1.66,1.66,0.0,21.946929,0.0
2019-02-19,11,0,35,1.66,1.66,0.0,21.946929,0.0
2019-02-19,11,0,36,4.03,4.03,0.0,29.34433,0.0
2019-02-19,11,0,37,1.86,1.86,0.0,13.385947,0.0
2019-02-19,11,0,38,2.39,2.39,0.0,17.200222,0.0
2019-02-19,11,0,39,1.59,1.59,0.0,11.442825,0.0
2019-02-19,11,0,40,1.59,1.59,0.0,11.442825,0.0
2019-02-19,11,0,41,21.98,21.98,0.0,71.87727,0.0
2019-02-19,11,0,42,27.53,27.53,0.0,289.071921,0.0
2019-02-19,11,0,43,12.7,12.7,0.0,95.946837,0.0
2019-02-19,11,0,46,7.98,7.98,0.0,51.47545,0.0
2019-02-19,11,0,52,127.48,127.48,0.0,-38.746232,0.0
2019-02-19,11,0,53,207.62,207.62,0.0,-63.103959,0.0
2019-02-19,11,0,55,460.54,460.54,0.0,-109.501483,0.0
2019-02-19,11,0,56,100.86,100.86,0.0,-30.655358,0.0
2019-02-19,11,0,57,95.94,95.94,0.0,-29.159974,0.0
2019-02-19,11,0,58,184.5,184.5,0.0,-56.076874,0.0
2019-02-19,11,0,59,181.42,181.42,0.0,-55.140739,0.0
2019-02-19,11,0,63,14.2,14.2,0.0,417.969113,0.0
2019-02-19,11,0,64,16.7,16.7,0.0,491.555225,0.0
2019-02-19,11,0,65,3.11,3.11,0.0,33.88319,0.0
2019-02-19,11,0,67,158.76,158.76,0.0,-580.46486,0.0
2019-02-19,11,0,68,21.27,21.27,0.0,-116.713878,0.0
2019-02-19,11,0,69,1.04,1.04,0.0,13.749883,0.0
2019-02-19,11,0,74,86.93,86.93,0.0,728.86514,0.0
2019-02-19,11,0,77,39.44,39.44,0.0,-259.737642,0.0
2019-02-19,11,0,78,29.82,29.82,0.0,-196.383785,0.0
2019-02-19,11,0,79,17.26,17.26,0.0,-113.668147,0.0
2019-02-19,11,0,80,27.9,27.9,0.0,-183.739357,0.0
2019-02-19,11,0,81,36.48,36.48,0.0,-240.244148,0.0
2019-02-19,11,0,82,25.73,25.73,0.0,-169.448518,0.0
2019-02-19,11,0,83,57.38,57.38,0.0,-377.884024,0.0
2019-02-19,11,0,84,0.0,0.0,0.0,0.0,0.0
2019-02-19,11,0,86,5.27,5.27,0.0,69.674889,0.0
2019-02-19,11,0,87,26.92,26.92,0.0,355.910441,0.0
2019-02-19,11,0,88,29.15,29.15,0.0,-191.971407,0.0
2019-02-19,11,0,89,28.02,28.02,0.0,-184.529633,0.0
2019-02-19,11,0,90,37.63,37.63,0.0,-247.817634,0.0
2019-02-19,11,0,91,134.22,134.22,0.0,-883.924603,0.0
2019-02-19,11,0,92,48.27,48.27,0.0,-317.888844,0.0
2019-02-19,11,0,95,96.29,96.29,0.0,20600.354857,0.0
2019-02-19,11,0,96,21.96,21.96,0.0,-8.193189,0.0
2019-02-19,11,0,97,161.39,161.39,0.0,-60.213973,0.0
2019-02-19,11,0,99,18.65,18.65,0.0,156.371044,0.0
2019-02-19,11,0,101,6.89,6.89,0.0,-2.094144,0.0
2019-02-19,11,0,102,50.35,50.35,0.0,-276.283205,0.0
2019-02-19,11,0,103,43.79,43.79,0.0,-240.286823,0.0
2019-02-19,11,0,104,8.13,8.13,0.0,-44.61137,0.0
2019-02-19,11,0,106,127.53,127.53,0.0,-30.3225,0.0
2019-02-19,11,0,109,51.83,51.83,0.0,281.782174,0.0
2019-02-19,11,0,110,97.14,97.14,0.0,189.510427,0.0
2019-02-19,11,0,111,7.61,7.61,0.0,24.885624,0.0
2019-02-19,11,0,113,37.74,37.74,0.0,-315.414531,0.0
2019-02-19,11,0,115,37.74,37.74,0.0,-315.414531,0.0
2019-02-19,11,0,116,33.73,33.73,0.0,65.803857,0.0
2019-02-19,11,0,117,2.54,2.54,0.0,-21.228217,0.0
2019-02-19,11,0,119,16.7,16.7,0.0,491.555225,0.0
2019-02-19,11,0,120,9.82,9.82,0.0,289.046246,0.0
2019-02-19,11,0,123,2.13,2.13,0.0,-0.506445,0.0
2019-02-19,11,0,125,90.43,90.43,0.0,-21.501323,0.0
2019-02-19,11,0,126,95.65,95.65,0.0,-22.742469,0.0
2019-02-19,11,0,127,122.75,122.75,0.0,-29.185971,0.0
2019-02-19,11,0,128,129.5,129.5,0.0,-30.790902,0.0
2019-02-19,11,0,131,22.38,22.38,0.0,-133.748705,0.0
2019-02-19,11,0,132,32.9,32.9,0.0,-196.618963,0.0
2019-02-19,11,0,133,41.13,41.13,0.0,452.160163,0.0
2019-02-19,11,0,134,0.0,0.0,0.0,0.0,0.0
2019-02-19,11,0,135,55.11,55.11,0.0,605.848446,0.0
2019-02-19,11,0,136,5.1,5.1,0.0,55.538865,0.0
2019-02-19,11,0,139,28.38,28.38,0.0,92.806047,0.0
2019-02-19,11,0,140,71.89,71.89,0.0,140.250201,0.0
2019-02-19,11,0,141,146.73,146.73,0.0,-536.480278,0.0
2019-02-19,11,0,142,209.36,209.36,0.0,-765.470667,0.0
2019-02-19,11,0,143,238.5,238.5,0.0,-72.489617,0.0
2019-02-19,11,0,145,56.3,56.3,0.0,102.917911,0.0
2019-02-19,11,0,146,33.43,33.43,0.0,65.218587,0.0
2019-02-19,11,0,152,2.74,2.74,0.0,23.057381,0.0
2019-02-19,11,0,153,3.45,3.45,0.0,28.630629,0.0
2019-02-19,11,0,154,31.39,31.39,0.0,102.649113,0.0
2019-02-19,11,0,157,18.06,18.06,0.0,-66.031717,0.0
2019-02-19,11,0,158,140.47,140.47,0.0,-513.592208,0.0
2019-02-19,11,0,159,0.0,0.0,0.0,0.0,0.0
2019-02-19,11,0,160,0.86,0.86,0.0,7.554444,0.0
2019-02-19,11,0,161,26.37,26.37,0.0,-144.69887,0.0
2019-02-19,11,0,162,84.81,84.81,0.0,18158.925626,0.0
2019-02-19,11,0,163,70.81,70.81,0.0,138.143229,0.0
2019-02-19,11,0,164,18.64,18.64,0.0,-5.665436,0.0
2019-02-19,11,0,167,1.28,1.28,0.0,285.106063,0.0
2019-02-19,11,0,168,0.64,0.64,0.0,142.553031,0.0
2019-02-19,11,0,169,0.0,0.0,0.0,0.0,0.0
2019-02-19,11,0,170,1.4,1.4,0.0,311.834756,0.0
2019-02-19,11,0,172,1.66,1.66,0.0,82.716404,0.0
2019-02-19,11,0,173,2.53,2.53,0.0,126.067773,0.0
2019-02-19,11,0,188,2.39,2.39,0.0,58.564978,0.0
2019-02-19,11,0,190,2.95,2.95,0.0,86.831612,0.0
2019-02-19,11,0,191,7.63,7.63,0.0,224.584812,0.0
2019-02-19,11,0,192,78.26,78.26,0.0,2303.539634,0.0
2019-02-19,11,0,194,19.72,19.72,0.0,-224.289735,0.0
2019-02-19,11,0,196,1.73,1.73,0.0,42.83575,0.0
2019-02-19,11,0,198,3.46,3.46,0.0,36.245001,0.0
2019-02-19,11,0,199,32.59,32.59,0.0,243.577009,0.0
2019-02-19,11,0,200,5.05,5.05,0.0,37.743599,0.0
2019-02-19,11,0,204,143.69,143.69,0.0,739.725687,0.0
2019-02-19,11,0,205,338.87,338.87,0.0,1842.321536,0.0
2019-02-19,11,0,206,616.89,616.89,0.0,-230.159229,0.0
2019-02-19,11,0,210,1.21,1.21,0.0,10.271749,0.0
2019-02-19,11,0,214,6.77,6.77,0.0,98.470137,0.0
2019-02-19,11,0,217,4.15,4.15,0.0,49.451573,0.0
2019-02-19,11,0,218,5.73,5.73,0.0,68.278918,0.0
2019-02-19,11,0,219,3.9,3.9,0.0,46.472562,0.0
2019-02-19,11,0,221,3.61,3.61,0.0,52.50771,0.0
2019-02-19,11,0,225,3.14,3.14,0.0,24.447283,0.0
2019-02-19,11,0,233,2.98,2.98,0.0,39.398704,0.0
2019-02-19,11,0,236,118.25,118.25,0.0,1152.856725,0.0
2019-02-19,11,0,237,193.8,193.8,0.0,1624.917337,0.0
2019-02-19,11,0,238,35.83,35.83,0.0,376.224008,0.0
2019-02-19,11,0,240,4.57,4.57,0.0,33.276324,0.0
2019-02-19,11,0,245,54.9,54.9,0.0,621.251632,0.0
2019-02-19,11,0,247,83.95,83.95,0.0,949.983143,0.0
2019-02-19,11,0,248,23.07,23.07,0.0,193.430562,0.0
2019-02-19,11,0,249,105.58,105.58,0.0,1194.749496,0.0
2019-02-19,11,0,251,11.92,11.92,0.0,128.105268,0.0
2019-02-19,11,0,252,20.03,20.03,0.0,218.225179,0.0
2019-02-19,11,0,254,5.39,5.39,0.0,42.383516,0.0
2019-02-19,11,0,255,2.47,2.47,0.0,19.422502,0.0
2019-02-19,11,0,258,5.71,5.71,0.0,41.829332,0.0
2019-02-19,11,0,260,2.09,2.09,0.0,18.359056,0.0
2019-02-19,11,0,265,32.5,32.5,0.0,106.278948,0.0
2019-02-19,11,0,266,18.38,18.38,0.0,60.104833,0.0
2019-02-19,11,0,267,22.58,22.58,0.0,73.839343,0.0
2019-02-19,11,0,270,239.55,239.55,0.0,467.338096,0.0
2019-02-19,11,0,272,126.04,126.04,0.0,-1053.387587,0.0
2019-02-19,11,0,273,8.07,8.07,0.0,15.743763,0.0
2019-02-19,11,0,274,312.84,312.84,0.0,610.319558,0.0
2019-02-19,11,0,275,441.39,441.39,0.0,861.107754,0.0
2019-02-19,11,0,276,1.82,1.82,0.0,1.272078,0.0
2019-02-19,11,0,277,2.47,2.47,0.0,-18.888515,0.0
2019-02-19,11,0,278,3.96,3.96,0.0,-30.282802,0.0
2019-02-19,11,0,279,142.58,142.58,0.0,-1090.333802,0.0
2019-02-19,11,0,281,52.29,52.29,0.0,-15.893007,0.0
2019-02-19,11,0,282,187.57,187.57,0.0,-57.009969,0.0
2019-02-19,12,0,9,2.18,2.18,0.0,58.213547,0.0
2019-02-19,12,0,17,20.44,20.44,0.0,833.875477,0.0
2019-02-19,12,0,19,192.99,192.99,0.0,7873.269486,0.0
2019-02-19,12,0,20,234.06,234.06,0.0,9548.771728,0.0
2019-02-19,12,0,21,49.8,49.8,0.0,1329.832401,0.0
2019-02-19,12,0,22,176.99,176.99,0.0,4726.245716,0.0
2019-02-19,12,0,23,38.4,38.4,0.0,1025.412936,0.0
2019-02-19,12,0,24,64.28,64.28,0.0,1716.498529,0.0
2019-02-19,12,0,29,4.56,4.56,0.0,46.367215,0.0
2019-02-19,12,0,30,467.76,467.76,0.0,12460.632837,0.0
2019-02-19,12,0,31,125.0,125.0,0.0,3329.868105,0.0
2019-02-19,12,0,32,1.53,1.53,0.0,48.025689,0.0
2019-02-19,12,0,33,1.4,1.4,0.0,62.402973,0.0
2019-02-19,12,0,34,2.24,2.24,0.0,99.844757,0.0
2019-02-19,12,0,35,2.24,2.24,0.0,99.844757,0.0
2019-02-19,12,0,36,5.56,5.56,0.0,186.349077,0.0
2019-02-19,12,0,37,2.55,2.55,0.0,84.67934,0.0
2019-02-19,12,0,38,3.27,3.27,0.0,108.588801,0.0
2019-02-19,12,0,39,2.18,2.18,0.0,72.392534,0.0
2019-02-19,12,0,40,2.18,2.18,0.0,72.392534,0.0
2019-02-19,12,0,41,23.65,23.65,0.0,718.210866,0.0
2019-02-19,12,0,42,36.0,36.0,0.0,1439.18895,0.0
2019-02-19,12,0,43,17.71,17.71,0.0,581.754072,0.0
2019-02-19,12,0,46,10.7,10.7,0.0,345.605034,0.0
2019-02-19,12,0,52,132.5,132.5,0.0,3529.660191,0.0
2019-02-19,12,0,53,210.5,210.5,0.0,5607.497888,0.0
2019-02-19,12,0,55,623.0,623.0,0.0,16636.256743,0.0
2019-02-19,12,0,56,137.97,137.97,0.0,3675.375219,0.0
2019-02-19,12,0,57,131.24,131.24,0.0,3496.09512,0.0
2019-02-19,12,0,58,252.39,252.39,0.0,6723.403287,0.0
2019-02-19,12,0,59,248.18,248.18,0.0,6611.25333,0.0
2019-02-19,12,0,63,14.5,14.5,0.0,504.720909,0.0
2019-02-19,12,0,64,17.06,17.06,0.0,593.830256,0.0
2019-02-19,12,0,65,2.41,2.41,0.0,97.952418,0.0
2019-02-19,12,0,67,217.16,217.16,0.0,1856.31588,0.0
2019-02-19,12,0,68,17.52,17.52,0.0,260.740116,0.0
2019-02-19,12,0,69,1.4,1.4,0.0,62.402973,0.0
2019-02-19,12,0,74,130.7,130.7,0.0,4777.672739,0.0
2019-02-19,12,0,77,33.46,33.46,0.0,688.196397,0.0
2019-02-19,12,0,78,25.29,25.29,0.0,520.158006,0.0
2019-02-19,12,0,79,14.64,14.64,0.0,301.111634,0.0
2019-02-19,12,0,80,23.67,23.67,0.0,486.838276,0.0
2019-02-19,12,0,81,30.95,30.95,0.0,636.571384,0.0
2019-02-19,12,0,82,21.83,21.83,0.0,448.993645,0.0
2019-02-19,12,0,83,48.68,48.68,0.0,1001.237317,0.0
2019-02-19,12,0,84,0.0,0.0,0.0,0.0,0.0
2019-02-19,12,0,86,7.09,7.09,0.0,316.026486,0.0
2019-02-19,12,0,87,36.18,36.18,0.0,1612.671121,0.0
2019-02-19,12,0,88,24.29,24.29,0.0,499.590272,0.0
2019-02-19,12,0,89,23.35,23.35,0.0,480.256601,0.0
2019-02-19,12,0,90,31.35,31.35,0.0,644.798478,0.0
2019-02-19,12,0,91,111.83,111.83,0.0,2300.089753,0.0
2019-02-19,12,0,92,40.22,40.22,0.0,827.234283,0.0
2019-02-19,12,0,95,98.82,98.82,0.0,3113.47787,0.0
2019-02-19,12,0,96,19.48,19.48,0.0,517.613174,0.0
2019-02-19,12,0,97,119.77,119.77,0.0,3182.470734,0.0
2019-02-19,12,0,99,25.23,25.23,0.0,922.269956,0.0
2019-02-19,12,0,101,9.42,9.42,0.0,250.93886,0.0
2019-02-19,12,0,102,41.47,41.47,0.0,617.174236,0.0
2019-02-19,12,0,103,36.06,36.06,0.0,536.660308,0.0
2019-02-19,12,0,104,6.7,6.7,0.0,99.712259,0.0
2019-02-19,12,0,106,174.23,174.23,0.0,4652.544161,0.0
2019-02-19,12,0,109,38.29,38.29,0.0,1226.948141,0.0
2019-02-19,12,0,110,100.87,100.87,0.0,-1094.381658,0.0
2019-02-19,12,0,111,10.42,10.42,0.0,316.437938,0.0
2019-02-19,12,0,113,17.13,17.13,0.0,351.254348,0.0
2019-02-19,12,0,115,17.13,17.13,0.0,351.254348,0.0
2019-02-19,12,0,116,44.49,44.49,0.0,-482.690988,0.0
2019-02-19,12,0,117,1.14,1.14,0.0,23.375946,0.0
2019-02-19,12,0,119,17.06,17.06,0.0,593.830256,0.0
2019-02-19,12,0,120,10.03,10.03,0.0,349.127636,0.0
2019-02-19,12,0,123,2.9,2.9,0.0,77.440039,0.0
2019-02-19,12,0,125,58.82,58.82,0.0,1570.697627,0.0
2019-02-19,12,0,126,130.67,130.67,0.0,3489.341362,0.0
2019-02-19,12,0,127,167.69,167.69,0.0,4477.903521,0.0
2019-02-19,12,0,128,80.63,80.63,0.0,2153.10013,0.0
2019-02-19,12,0,131,18.68,18.68,0.0,309.604513,0.0
2019-02-19,12,0,132,27.46,27.46,0.0,455.125264,0.0
2019-02-19,12,0,133,38.63,38.63,0.0,1576.512948,0.0
2019-02-19,12,0,134,0.0,0.0,0.0,0.0,0.0
2019-02-19,12,0,135,51.76,51.76,0.0,2112.355945,0.0
2019-02-19,12,0,136,4.62,4.62,0.0,187.737429,0.0
2019-02-19,12,0,139,30.54,30.54,0.0,927.44862,0.0
2019-02-19,12,0,140,74.65,74.65,0.0,-809.909694,0.0
2019-02-19,12,0,141,118.18,118.18,0.0,1010.220164,0.0
2019-02-19,12,0,142,286.38,286.38,0.0,2448.018704,0.0
2019-02-19,12,0,143,238.5,238.5,0.0,6353.388344,0.0
2019-02-19,12,0,145,30.82,30.82,0.0,883.016007,0.0
2019-02-19,12,0,146,35.78,35.78,0.0,-388.192483,0.0
2019-02-19,12,0,152,3.79,3.79,0.0,137.813476,0.0
2019-02-19,12,0,153,4.75,4.75,0.0,171.758852,0.0
2019-02-19,12,0,154,42.98,42.98,0.0,1305.230572,0.0
2019-02-19,12,0,157,10.47,10.47,0.0,89.499112,0.0
2019-02-19,12,0,158,196.58,196.58,0.0,1680.394989,0.0
2019-02-19,12,0,159,0.0,0.0,0.0,0.0,0.0
2019-02-19,12,0,160,1.19,1.19,0.0,38.529526,0.0
2019-02-19,12,0,161,36.13,36.13,0.0,537.702078,0.0
2019-02-19,12,0,162,64.83,64.83,0.0,2045.036738,0.0
2019-02-19,12,0,163,70.02,70.02,0.0,-759.676849,0.0
2019-02-19,12,0,164,26.1,26.1,0.0,695.27646,0.0
2019-02-19,12,0,167,1.66,1.66,0.0,52.143221,0.0
2019-02-19,12,0,168,0.83,0.83,0.0,26.07161,0.0
2019-02-19,12,0,169,0.0,0.0,0.0,0.0,0.0
2019-02-19,12,0,170,1.82,1.82,0.0,57.169073,0.0
2019-02-19,12,0,172,2.18,2.18,0.0,65.612493,0.0
2019-02-19,12,0,173,3.32,3.32,0.0,99.923614,0.0
2019-02-19,12,0,188,3.16,3.16,0.0,97.170127,0.0
2019-02-19,12,0,190,3.9,3.9,0.0,135.75252,0.0
2019-02-19,12,0,191,10.08,10.08,0.0,350.868053,0.0
2019-02-19,12,0,192,77.89,77.89,0.0,2711.221491,0.0
2019-02-19,12,0,194,17.06,17.06,0.0,429.26128,0.0
2019-02-19,12,0,196,2.31,2.31,0.0,95.640932,0.0
2019-02-19,12,0,198,4.58,4.58,0.0,135.542841,0.0
2019-02-19,12,0,199,48.4,48.4,0.0,1084.978841,0.0
2019-02-19,12,0,200,6.65,6.65,0.0,149.072506,0.0
2019-02-19,12,0,204,148.87,148.87,0.0,4711.970623,0.0
2019-02-19,12,0,205,202.54,202.54,0.0,6490.103852,0.0
2019-02-19,12,0,206,351.92,351.92,0.0,9351.048682,0.0
2019-02-19,12,0,210,1.51,1.51,0.0,17.915917,0.0
2019-02-19,12,0,214,8.61,8.61,0.0,403.082487,0.0
2019-02-19,12,0,217,5.17,5.17,0.0,163.159728,0.0
2019-02-19,12,0,218,7.13,7.13,0.0,225.015254,0.0
2019-02-19,12,0,219,4.86,4.86,0.0,153.376456,0.0
2019-02-19,12,0,221,4.59,4.59,0.0,214.883695,0.0
2019-02-19,12,0,225,3.84,3.84,0.0,38.41691,0.0
2019-02-19,12,0,233,4.01,4.01,0.0,178.739945,0.0
2019-02-19,12,0,236,104.98,104.98,0.0,4061.222999,0.0
2019-02-19,12,0,237,313.54,313.54,0.0,11461.296945,0.0
2019-02-19,12,0,238,46.86,46.86,0.0,1873.344284,0.0
2019-02-19,12,0,240,6.3,6.3,0.0,211.150932,0.0
2019-02-19,12,0,245,48.67,48.67,0.0,2012.775572,0.0
2019-02-19,12,0,247,73.15,73.15,0.0,3025.159915,0.0
2019-02-19,12,0,248,31.47,31.47,0.0,1150.370016,0.0
2019-02-19,12,0,249,93.61,93.61,0.0,3871.294869,0.0
2019-02-19,12,0,251,8.88,8.88,0.0,358.702586,0.0
2019-02-19,12,0,252,15.56,15.56,0.0,632.423083,0.0
2019-02-19,12,0,254,7.3,7.3,0.0,238.933926,0.0
2019-02-19,12,0,255,3.34,3.34,0.0,109.320454,0.0
2019-02-19,12,0,258,7.92,7.92,0.0,264.593546,0.0
2019-02-19,12,0,260,2.89,2.89,0.0,93.571706,0.0
2019-02-19,12,0,265,44.5,44.5,0.0,1351.390425,0.0
2019-02-19,12,0,266,19.78,19.78,0.0,600.685452,0.0
2019-02-19,12,0,267,24.3,24.3,0.0,737.950277,0.0
2019-02-19,12,0,270,218.66,218.66,0.0,-2372.335614,0.0
2019-02-19,12,0,272,57.25,57.25,0.0,1173.92361,0.0
2019-02-19,12,0,273,10.64,10.64,0.0,-115.437899,0.0
2019-02-19,12,0,274,281.88,281.88,0.0,-3058.236362,0.0
2019-02-19,12,0,275,392.39,392.39,0.0,-4257.206493,0.0
2019-02-19,12,0,276,2.44,2.44,0.0,-15.904792,0.0
2019-02-19,12,0,277,3.24,3.24,0.0,66.518109,0.0
2019-02-19,12,0,278,5.19,5.19,0.0,106.552156,0.0
2019-02-19,12,0,279,117.8,117.8,0.0,2418.467058,0.0
2019-02-19,12,0,281,56.1,56.1,0.0,1494.444805,0.0
2019-02-19,12,0,282,256.59,256.59,0.0,6835.286856,0.0
2019-02-19,13,0,9,2.85,2.85,0.0,-1105.927285,0.0
2019-02-19,13,0,17,28.47,28.47,0.0,439.049279,0.0
2019-02-19,13,0,19,192.99,192.99,0.0,2976.189686,0.0
2019-02-19,13,0,20,234.06,234.06,0.0,3609.549499,0.0
2019-02-19,13,0,21,65.28,65.28,0.0,-25331.555493,0.0
2019-02-19,13,0,22,232.01,232.01,0.0,-90030.241881,0.0
2019-02-19,13,0,23,75.07,75.07,0.0,-29130.512728,0.0
2019-02-19,13,0,24,131.1,131.1,0.0,-50872.655104,0.0
2019-02-19,13,0,29,4.41,4.41,0.0,15.136015,0.0
2019-02-19,13,0,30,616.75,616.75,0.0,-616750.0,0.0
2019-02-19,13,0,31,125.0,125.0,0.0,-125000.0,0.0
2019-02-19,13,0,32,1.79,1.79,0.0,51.052477,0.0
2019-02-19,13,0,33,1.42,1.42,0.0,28.720882,0.0
2019-02-19,13,0,34,2.27,2.27,0.0,45.912959,0.0
2019-02-19,13,0,35,2.27,2.27,0.0,45.912959,0.0
2019-02-19,13,0,36,6.49,6.49,0.0,51.474902,0.0
2019-02-19,13,0,37,2.91,2.91,0.0,22.85669,0.0
2019-02-19,13,0,38,3.75,3.75,0.0,29.454498,0.0
2019-02-19,13,0,39,2.5,2.5,0.0,19.636332,0.0
2019-02-19,13,0,40,2.5,2.5,0.0,19.636332,0.0
2019-02-19,13,0,41,25.61,25.61,0.0,-162.179858,0.0
2019-02-19,13,0,42,61.9,61.9,0.0,890.123447,0.0
2019-02-19,13,0,43,19.75,19.75,0.0,167.087608,0.0
2019-02-19,13,0,46,16.43,16.43,0.0,112.909249,0.0
2019-02-19,13,0,52,132.5,132.5,0.0,-132500.0,0.0
2019-02-19,13,0,53,210.5,210.5,0.0,-210500.0,0.0
2019-02-19,13,0,55,623.0,623.0,0.0,-241751.824024,0.0
2019-02-19,13,0,56,181.92,181.92,0.0,-181920.0,0.0
2019-02-19,13,0,57,173.04,173.04,0.0,-173040.0,0.0
2019-02-19,13,0,58,332.78,332.78,0.0,-332780.0,0.0
2019-02-19,13,0,59,327.23,327.23,0.0,-327230.0,0.0
2019-02-19,13,0,63,15.01,15.01,0.0,447.423162,0.0
2019-02-19,13,0,64,17.66,17.66,0.0,526.415259,0.0
2019-02-19,13,0,65,2.36,2.36,0.0,35.938103,0.0
2019-02-19,13,0,67,275.89,275.89,0.0,7585.56893,0.0
2019-02-19,13,0,68,15.45,15.45,0.0,454.53796,0.0
2019-02-19,13,0,69,1.42,1.42,0.0,28.720882,0.0
2019-02-19,13,0,74,131.15,131.15,0.0,1250.357165,0.0
2019-02-19,13,0,77,30.82,30.82,0.0,981.675441,0.0
2019-02-19,13,0,78,23.3,23.3,0.0,742.149181,0.0
2019-02-19,13,0,79,13.48,13.48,0.0,429.363561,0.0
2019-02-19,13,0,80,21.8,21.8,0.0,694.371337,0.0
2019-02-19,13,0,81,28.51,28.51,0.0,908.097561,0.0
2019-02-19,13,0,82,20.11,20.11,0.0,640.541633,0.0
2019-02-19,13,0,83,44.84,44.84,0.0,1428.239025,0.0
2019-02-19,13,0,84,0.0,0.0,0.0,0.0,0.0
2019-02-19,13,0,86,7.19,7.19,0.0,145.424746,0.0
2019-02-19,13,0,87,36.7,36.7,0.0,742.293209,0.0
2019-02-19,13,0,88,21.45,21.45,0.0,683.223173,0.0
2019-02-19,13,0,89,20.62,20.62,0.0,656.7861,0.0
2019-02-19,13,0,90,27.69,27.69,0.0,881.979006,0.0
2019-02-19,13,0,91,98.76,98.76,0.0,3145.693268,0.0
2019-02-19,13,0,92,35.52,35.52,0.0,1131.379353,0.0
2019-02-19,13,0,95,73.67,73.67,0.0,2100.782303,0.0
2019-02-19,13,0,96,19.95,19.95,0.0,876.703621,0.0
2019-02-19,13,0,97,122.66,122.66,0.0,5390.299058,0.0
2019-02-19,13,0,99,25.31,25.31,0.0,241.300342,0.0
2019-02-19,13,0,101,12.42,12.42,0.0,-12420.0,0.0
2019-02-19,13,0,102,36.58,36.58,0.0,1076.181137,0.0
2019-02-19,13,0,103,31.8,31.8,0.0,935.553859,0.0
2019-02-19,13,0,104,5.91,5.91,0.0,173.871802,0.0
2019-02-19,13,0,106,228.4,228.4,0.0,-88629.400653,0.0
2019-02-19,13,0,109,39.88,39.88,0.0,214.24452,0.0
2019-02-19,13,0,110,121.14,121.14,0.0,2616.606079,0.0
2019-02-19,13,0,111,14.87,14.87,0.0,-94.166907,0.0
2019-02-19,13,0,113,15.06,15.06,0.0,444.575476,0.0
2019-02-19,13,0,115,15.06,15.06,0.0,444.575476,0.0
2019-02-19,13,0,116,46.96,46.96,0.0,1014.329053,0.0
2019-02-19,13,0,117,1.0,1.0,0.0,29.520284,0.0
2019-02-19,13,0,119,17.66,17.66,0.0,526.415259,0.0
2019-02-19,13,0,120,10.38,10.38,0.0,309.410554,0.0
2019-02-19,13,0,123,3.81,3.81,0.0,-1478.45016,0.0
2019-02-19,13,0,125,119.03,119.03,0.0,-46188.956041,0.0
2019-02-19,13,0,126,171.3,171.3,0.0,-66472.05049,0.0
2019-02-19,13,0,127,219.83,219.83,0.0,-85303.857906,0.0
2019-02-19,13,0,128,168.04,168.04,0.0,-65207.024894,0.0
2019-02-19,13,0,131,16.92,16.92,0.0,506.484104,0.0
2019-02-19,13,0,132,24.87,24.87,0.0,744.459791,0.0
2019-02-19,13,0,133,36.6,36.6,0.0,565.092947,0.0
2019-02-19,13,0,134,0.0,0.0,0.0,0.0,0.0
2019-02-19,13,0,135,49.05,49.05,0.0,757.317187,0.0
2019-02-19,13,0,136,5.12,5.12,0.0,77.913032,0.0
2019-02-19,13,0,139,33.08,33.08,0.0,-209.484955,0.0
2019-02-19,13,0,140,89.66,89.66,0.0,1936.642736,0.0
2019-02-19,13,0,141,108.99,108.99,0.0,2996.669534,0.0
2019-02-19,13,0,142,363.83,363.83,0.0,10003.470745,0.0
2019-02-19,13,0,143,223.3,223.3,0.0,-223300.0,0.0
2019-02-19,13,0,145,54.71,54.71,0.0,24.768182,0.0
2019-02-19,13,0,146,41.53,41.53,0.0,897.041856,0.0
2019-02-19,13,0,152,4.87,4.87,0.0,49.110198,0.0
2019-02-19,13,0,153,6.01,6.01,0.0,59.175918,0.0
2019-02-19,13,0,154,61.32,61.32,0.0,-388.319754,0.0
2019-02-19,13,0,157,6.07,6.07,0.0,166.894064,0.0
2019-02-19,13,0,158,311.58,311.58,0.0,8566.862036,0.0
2019-02-19,13,0,159,0.0,0.0,0.0,0.0,0.0
2019-02-19,13,0,160,1.55,1.55,0.0,16.136621,0.0
2019-02-19,13,0,161,45.4,45.4,0.0,1335.664944,0.0
2019-02-19,13,0,162,50.41,50.41,0.0,1438.417554,0.0
2019-02-19,13,0,163,35.34,35.34,0.0,763.338772,0.0
2019-02-19,13,0,164,31.27,31.27,0.0,-31270.0,0.0
2019-02-19,13,0,167,1.88,1.88,0.0,53.550015,0.0
2019-02-19,13,0,168,0.94,0.94,0.0,26.775008,0.0
2019-02-19,13,0,169,0.0,0.0,0.0,0.0,0.0
2019-02-19,13,0,170,2.06,2.06,0.0,58.677144,0.0
2019-02-19,13,0,172,2.51,2.51,0.0,68.100325,0.0
2019-02-19,13,0,173,3.83,3.83,0.0,103.914042,0.0
2019-02-19,13,0,188,3.75,3.75,0.0,105.649494,0.0
2019-02-19,13,0,190,2.94,2.94,0.0,87.636515,0.0
2019-02-19,13,0,191,7.59,7.59,0.0,226.24529,0.0
2019-02-19,13,0,192,87.73,87.73,0.0,2615.085542,0.0
2019-02-19,13,0,194,14.69,14.69,0.0,422.745553,0.0
2019-02-19,13,0,196,2.38,2.38,0.0,75.437784,0.0
2019-02-19,13,0,198,6.39,6.39,0.0,80.744954,0.0
2019-02-19,13,0,199,22.77,22.77,0.0,412.328267,0.0
2019-02-19,13,0,200,9.12,9.12,0.0,165.148608,0.0
2019-02-19,13,0,204,155.49,155.49,0.0,777.320235,0.0
2019-02-19,13,0,205,210.98,210.98,0.0,1133.433022,0.0
2019-02-19,13,0,206,360.42,360.42,0.0,15838.672644,0.0
2019-02-19,13,0,210,1.52,1.52,0.0,7.34031,0.0
2019-02-19,13,0,214,8.09,8.09,0.0,186.555127,0.0
2019-02-19,13,0,217,6.76,6.76,0.0,102.688638,0.0
2019-02-19,13,0,218,9.33,9.33,0.0,141.728549,0.0
2019-02-19,13,0,219,6.35,6.35,0.0,96.460481,0.0
2019-02-19,13,0,221,4.32,4.32,0.0,99.619054,0.0
2019-02-19,13,0,225,4.7,4.7,0.0,15.497289,0.0
2019-02-19,13,0,233,4.07,4.07,0.0,82.31971,0.0
2019-02-19,13,0,236,186.88,186.88,0.0,2394.460793,0.0
2019-02-19,13,0,237,314.61,314.61,0.0,2999.427127,0.0
2019-02-19,13,0,238,80.57,80.57,0.0,1158.598484,0.0
2019-02-19,13,0,240,7.36,7.36,0.0,58.375236,0.0
2019-02-19,13,0,245,43.69,43.69,0.0,704.845756,0.0
2019-02-19,13,0,247,63.99,63.99,0.0,1032.343326,0.0
2019-02-19,13,0,248,31.58,31.58,0.0,301.077234,0.0
2019-02-19,13,0,249,84.01,84.01,0.0,1355.323689,0.0
2019-02-19,13,0,251,8.58,8.58,0.0,127.931045,0.0
2019-02-19,13,0,252,15.21,15.21,0.0,231.618026,0.0
2019-02-19,13,0,254,9.95,9.95,0.0,89.048565,0.0
2019-02-19,13,0,255,4.56,4.56,0.0,40.810197,0.0
2019-02-19,13,0,258,9.5,9.5,0.0,76.159691,0.0
2019-02-19,13,0,260,3.76,3.76,0.0,39.14432,0.0
2019-02-19,13,0,265,63.49,63.49,0.0,-402.061663,0.0
2019-02-19,13,0,266,21.42,21.42,0.0,-135.645941,0.0
2019-02-19,13,0,267,26.32,26.32,0.0,-166.676059,0.0
2019-02-19,13,0,270,109.95,109.95,0.0,2374.903735,0.0
2019-02-19,13,0,272,50.32,50.32,0.0,1485.460689,0.0
2019-02-19,13,0,273,11.23,11.23,0.0,242.566339,0.0
2019-02-19,13,0,274,141.68,141.68,0.0,3060.267041,0.0
2019-02-19,13,0,275,197.13,197.13,0.0,4257.978838,0.0
2019-02-19,13,0,276,2.79,2.79,0.0,63.935898,0.0
2019-02-19,13,0,277,4.39,4.39,0.0,133.697735,0.0
2019-02-19,13,0,278,7.02,7.02,0.0,213.794556,0.0
2019-02-19,13,0,279,144.3,144.3,0.0,4394.665869,0.0
2019-02-19,13,0,281,56.1,56.1,0.0,-56100.0,0.0
2019-02-19,13,0,282,338.32,338.32,0.0,-338320.0,0.0
2019-02-19,14,0,9,3.0,3.0,0.0,-1159.164477,0.0
2019-02-19,14,0,17,29.53,29.53,0.0,483.582191,0.0
2019-02-19,14,0,19,153.33,153.33,0.0,2510.926425,0.0
2019-02-19,14,0,20,185.96,185.96,0.0,3045.274101,0.0
2019-02-19,14,0,21,68.54,68.54,0.0,-26483.044422,0.0
2019-02-19,14,0,22,243.58,243.58,0.0,-94116.427782,0.0
2019-02-19,14,0,23,24.33,24.33,0.0,-9400.82391,0.0
2019-02-19,14,0,24,41.84,41.84,0.0,-16166.480575,0.0
2019-02-19,14,0,29,4.36,4.36,0.0,15.833885,0.0
2019-02-19,14,0,30,661.3,661.3,0.0,-661300.0,0.0
2019-02-19,14,0,31,97.97,97.97,0.0,-97970.0,0.0
2019-02-19,14,0,32,1.8,1.8,0.0,54.367163,0.0
2019-02-19,14,0,33,1.45,1.45,0.0,30.302611,0.0
2019-02-19,14,0,34,2.33,2.33,0.0,48.693161,0.0
2019-02-19,14,0,35,2.33,2.33,0.0,48.693161,0.0
2019-02-19,14,0,36,6.71,6.71,0.0,62.315766,0.0
2019-02-19,14,0,37,3.01,3.01,0.0,27.72272,0.0
2019-02-19,14,0,38,3.86,3.86,0.0,35.551395,0.0
2019-02-19,14,0,39,2.58,2.58,0.0,23.762331,0.0
2019-02-19,14,0,40,2.58,2.58,0.0,23.762331,0.0
2019-02-19,14,0,41,24.21,24.21,0.0,-102.831944,0.0
2019-02-19,14,0,42,65.2,65.2,0.0,1003.797534,0.0
2019-02-19,14,0,43,20.05,20.05,0.0,194.619927,0.0
2019-02-19,14,0,46,16.89,16.89,0.0,140.978336,0.0
2019-02-19,14,0,52,103.85,103.85,0.0,-103850.0,0.0
2019-02-19,14,0,53,164.99,164.99,0.0,-164990.0,0.0
2019-02-19,14,0,55,426.39,426.39,0.0,-164752.047139,0.0
2019-02-19,14,0,56,195.06,195.06,0.0,-195060.0,0.0
2019-02-19,14,0,57,185.54,185.54,0.0,-185540.0,0.0
2019-02-19,14,0,58,356.81,356.81,0.0,-356810.0,0.0
2019-02-19,14,0,59,350.87,350.87,0.0,-350870.0,0.0
2019-02-19,14,0,63,8.75,8.75,0.0,269.55619,0.0
2019-02-19,14,0,64,10.29,10.29,0.0,316.99808,0.0
2019-02-19,14,0,65,0.0,0.0,0.0,0.0,0.0
2019-02-19,14,0,67,286.86,286.86,0.0,9709.14937,0.0
2019-02-19,14,0,68,6.79,6.79,0.0,234.232686,0.0
2019-02-19,14,0,69,1.45,1.45,0.0,30.302611,0.0
2019-02-19,14,0,74,126.59,126.59,0.0,1370.399416,0.0
2019-02-19,14,0,77,25.01,25.01,0.0,895.188892,0.0
2019-02-19,14,0,78,18.91,18.91,0.0,676.850138,0.0
2019-02-19,14,0,79,10.94,10.94,0.0,391.578028,0.0
2019-02-19,14,0,80,17.69,17.69,0.0,633.182387,0.0
2019-02-19,14,0,81,23.13,23.13,0.0,827.897604,0.0
2019-02-19,14,0,82,16.32,16.32,0.0,584.14565,0.0
2019-02-19,14,0,83,36.39,36.39,0.0,1302.515945,0.0
2019-02-19,14,0,84,0.0,0.0,0.0,0.0,0.0
2019-02-19,14,0,86,7.37,7.37,0.0,154.020856,0.0
2019-02-19,14,0,87,37.62,37.62,0.0,786.196011,0.0
2019-02-19,14,0,88,18.12,18.12,0.0,648.573479,0.0
2019-02-19,14,0,89,17.42,17.42,0.0,623.518213,0.0
2019-02-19,14,0,90,23.38,23.38,0.0,836.845913,0.0
2019-02-19,14,0,91,83.41,83.41,0.0,2985.514013,0.0
2019-02-19,14,0,92,30.0,30.0,0.0,1073.797151,0.0
2019-02-19,14,0,95,54.82,54.82,0.0,1654.197832,0.0
2019-02-19,14,0,96,17.36,17.36,0.0,812.508644,0.0
2019-02-19,14,0,97,116.4,116.4,0.0,5447.92662,0.0
2019-02-19,14,0,99,24.43,24.43,0.0,264.466844,0.0
2019-02-19,14,0,101,13.32,13.32,0.0,-13320.0,0.0
2019-02-19,14,0,102,16.04,16.04,0.0,553.327287,0.0
2019-02-19,14,0,103,13.95,13.95,0.0,481.229156,0.0
2019-02-19,14,0,104,2.61,2.61,0.0,90.036423,0.0
2019-02-19,14,0,106,239.78,239.78,0.0,-92648.152778,0.0
2019-02-19,14,0,109,28.77,28.77,0.0,203.479363,0.0
2019-02-19,14,0,110,83.31,83.31,0.0,2653.800313,0.0
2019-02-19,14,0,111,15.91,15.91,0.0,-67.577705,0.0
2019-02-19,14,0,113,12.59,12.59,0.0,421.085211,0.0
2019-02-19,14,0,115,12.59,12.59,0.0,421.085211,0.0
2019-02-19,14,0,116,48.07,48.07,0.0,1531.246922,0.0
2019-02-19,14,0,117,0.84,0.84,0.0,28.094645,0.0
2019-02-19,14,0,119,10.29,10.29,0.0,316.99808,0.0
2019-02-19,14,0,120,6.05,6.05,0.0,186.378852,0.0
2019-02-19,14,0,123,4.0,4.0,0.0,-1545.552636,0.0
2019-02-19,14,0,125,38.14,38.14,0.0,-14736.844386,0.0
2019-02-19,14,0,126,179.84,179.84,0.0,-69488.046524,0.0
2019-02-19,14,0,127,230.79,230.79,0.0,-89174.523228,0.0
2019-02-19,14,0,128,52.93,52.93,0.0,-20451.525259,0.0
2019-02-19,14,0,131,13.16,13.16,0.0,456.262719,0.0
2019-02-19,14,0,132,19.34,19.34,0.0,670.52591,0.0
2019-02-19,14,0,133,25.9,25.9,0.0,424.581804,0.0
2019-02-19,14,0,134,0.0,0.0,0.0,0.0,0.0
2019-02-19,14,0,135,34.71,34.71,0.0,569.00519,0.0
2019-02-19,14,0,136,0.0,0.0,0.0,0.0,0.0
2019-02-19,14,0,139,31.27,31.27,0.0,-132.819285,0.0
2019-02-19,14,0,140,61.66,61.66,0.0,1964.14989,0.0
2019-02-19,14,0,141,74.93,74.93,0.0,2536.103194,0.0
2019-02-19,14,0,142,378.3,378.3,0.0,12804.054962,0.0
2019-02-19,14,0,143,123.99,123.99,0.0,-123990.0,0.0
2019-02-19,14,0,145,28.54,28.54,0.0,79.743241,0.0
2019-02-19,14,0,146,42.33,42.33,0.0,1348.40196,0.0
2019-02-19,14,0,152,5.14,5.14,0.0,58.376729,0.0
2019-02-19,14,0,153,6.37,6.37,0.0,70.92147,0.0
2019-02-19,14,0,154,65.64,65.64,0.0,-278.805817,0.0
2019-02-19,14,0,157,9.74,9.74,0.0,329.662954,0.0
2019-02-19,14,0,158,332.15,332.15,0.0,11242.048257,0.0
2019-02-19,14,0,159,0.0,0.0,0.0,0.0,0.0
2019-02-19,14,0,160,1.57,1.57,0.0,17.792156,0.0
2019-02-19,14,0,161,47.22,47.22,0.0,1628.934819,0.0
2019-02-19,14,0,162,35.62,35.62,0.0,1075.216663,0.0
2019-02-19,14,0,163,29.26,29.26,0.0,932.063344,0.0
2019-02-19,14,0,164,33.4,33.4,0.0,-33400.0,0.0
2019-02-19,14,0,167,1.93,1.93,0.0,58.212826,0.0
2019-02-19,14,0,168,0.97,0.97,0.0,29.257223,0.0
2019-02-19,14,0,169,0.0,0.0,0.0,0.0,0.0
2019-02-19,14,0,170,2.11,2.11,0.0,63.642001,0.0
2019-02-19,14,0,172,2.57,2.57,0.0,74.69049,0.0
2019-02-19,14,0,173,3.91,3.91,0.0,113.634169,0.0
2019-02-19,14,0,188,3.78,3.78,0.0,113.335788,0.0
2019-02-19,14,0,190,2.98,2.98,0.0,91.803137,0.0
2019-02-19,14,0,191,7.7,7.7,0.0,237.209448,0.0
2019-02-19,14,0,192,51.52,51.52,0.0,1587.146849,0.0
2019-02-19,14,0,194,9.48,9.48,0.0,300.896674,0.0
2019-02-19,14,0,196,2.42,2.42,0.0,75.90622,0.0
2019-02-19,14,0,198,6.63,6.63,0.0,85.98744,0.0
2019-02-19,14,0,199,18.46,18.46,0.0,396.94897,0.0
2019-02-19,14,0,200,9.31,9.31,0.0,200.194741,0.0
2019-02-19,14,0,204,110.76,110.76,0.0,746.8471,0.0
2019-02-19,14,0,205,152.22,152.22,0.0,1076.594668,0.0
2019-02-19,14,0,206,412.07,412.07,0.0,19286.315484,0.0
2019-02-19,14,0,210,1.51,1.51,0.0,7.645801,0.0
2019-02-19,14,0,214,8.12,8.12,0.0,191.352919,0.0
2019-02-19,14,0,217,6.85,6.85,0.0,106.325566,0.0
2019-02-19,14,0,218,9.45,9.45,0.0,146.682715,0.0
2019-02-19,14,0,219,6.44,6.44,0.0,99.961554,0.0
2019-02-19,14,0,221,4.33,4.33,0.0,102.03918,0.0
2019-02-19,14,0,225,4.73,4.73,0.0,16.523545,0.0
2019-02-19,14,0,233,4.17,4.17,0.0,87.146129,0.0
2019-02-19,14,0,236,90.23,90.23,0.0,1256.164377,0.0
2019-02-19,14,0,237,303.69,303.69,0.0,3287.594585,0.0
2019-02-19,14,0,238,84.86,84.86,0.0,1306.476361,0.0
2019-02-19,14,0,240,7.6,7.6,0.0,70.581196,0.0
2019-02-19,14,0,245,31.03,31.03,0.0,528.925099,0.0
2019-02-19,14,0,247,50.33,50.33,0.0,857.905261,0.0
2019-02-19,14,0,248,30.49,30.49,0.0,330.069343,0.0
2019-02-19,14,0,249,59.68,59.68,0.0,1017.28166,0.0
2019-02-19,14,0,251,0.0,0.0,0.0,0.0,0.0
2019-02-19,14,0,252,0.0,0.0,0.0,0.0,0.0
2019-02-19,14,0,254,10.11,10.11,0.0,102.259757,0.0
2019-02-19,14,0,255,4.64,4.64,0.0,46.932272,0.0
2019-02-19,14,0,258,9.79,9.79,0.0,91.583387,0.0
2019-02-19,14,0,260,3.81,3.81,0.0,43.177142,0.0
2019-02-19,14,0,265,67.96,67.96,0.0,-288.660014,0.0
2019-02-19,14,0,266,20.25,20.25,0.0,-86.011849,0.0
2019-02-19,14,0,267,24.88,24.88,0.0,-105.677768,0.0
2019-02-19,14,0,270,101.72,101.72,0.0,3240.242082,0.0
2019-02-19,14,0,272,42.08,42.08,0.0,1407.407918,0.0
2019-02-19,14,0,273,11.49,11.49,0.0,366.00847,0.0
2019-02-19,14,0,274,135.68,135.68,0.0,4322.021684,0.0
2019-02-19,14,0,275,197.34,197.34,0.0,6286.171574,0.0
2019-02-19,14,0,276,2.88,2.88,0.0,93.021824,0.0
2019-02-19,14,0,277,4.52,4.52,0.0,155.429462,0.0
2019-02-19,14,0,278,7.23,7.23,0.0,248.618365,0.0
2019-02-19,14,0,279,82.2,82.2,0.0,2826.615439,0.0
2019-02-19,14,0,281,43.97,43.97,0.0,-43970.0,0.0
2019-02-19,14,0,282,362.76,362.76,0.0,-362760.0,0.0
2019-02-19,15,0,9,2.89,2.89,0.0,64.787491,0.0
2019-02-19,15,0,17,28.39,28.39,0.0,952.669255,0.0
2019-02-19,15,0,19,104.67,104.67,0.0,3512.359666,0.0
2019-02-19,15,0,20,126.94,126.94,0.0,4259.663094,0.0
2019-02-19,15,0,21,66.06,66.06,0.0,1480.920997,0.0
2019-02-19,15,0,22,234.78,234.78,0.0,5263.255097,0.0
2019-02-19,15,0,23,12.79,12.79,0.0,286.723881,0.0
2019-02-19,15,0,24,22.63,22.63,0.0,507.315201,0.0
2019-02-19,15,0,29,4.13,4.13,0.0,22.706921,0.0
2019-02-19,15,0,30,638.09,638.09,0.0,14273.757073,0.0
2019-02-19,15,0,31,56.79,56.79,0.0,1270.364156,0.0
2019-02-19,15,0,32,1.74,1.74,0.0,36.664697,0.0
2019-02-19,15,0,33,1.43,1.43,0.0,52.455081,0.0
2019-02-19,15,0,34,2.29,2.29,0.0,84.001494,0.0
2019-02-19,15,0,35,2.29,2.29,0.0,84.001494,0.0
2019-02-19,15,0,36,6.58,6.58,0.0,180.442911,0.0
2019-02-19,15,0,37,2.94,2.94,0.0,79.821003,0.0
2019-02-19,15,0,38,3.78,3.78,0.0,102.627004,0.0
2019-02-19,15,0,39,2.52,2.52,0.0,68.418002,0.0
2019-02-19,15,0,40,2.52,2.52,0.0,68.418002,0.0
2019-02-19,15,0,41,39.92,39.92,0.0,1006.290268,0.0
2019-02-19,15,0,42,63.01,63.01,0.0,2071.708166,0.0
2019-02-19,15,0,43,19.66,19.66,0.0,525.902448,0.0
2019-02-19,15,0,46,16.37,16.37,0.0,432.765101,0.0
2019-02-19,15,0,52,60.19,60.19,0.0,1346.420471,0.0
2019-02-19,15,0,53,95.63,95.63,0.0,2139.195707,0.0
2019-02-19,15,0,55,259.68,259.68,0.0,5821.458742,0.0
2019-02-19,15,0,56,188.21,188.21,0.0,4210.164426,0.0
2019-02-19,15,0,57,179.03,179.03,0.0,4004.812376,0.0
2019-02-19,15,0,58,344.29,344.29,0.0,7701.596675,0.0
2019-02-19,15,0,59,338.56,338.56,0.0,7573.419415,0.0
2019-02-19,15,0,63,4.64,4.64,0.0,104.614384,0.0
2019-02-19,15,0,64,5.46,5.46,0.0,123.10227,0.0
2019-02-19,15,0,65,0.0,0.0,0.0,0.0,0.0
2019-02-19,15,0,67,278.13,278.13,0.0,3527.211804,0.0
2019-02-19,15,0,68,9.42,9.42,0.0,144.361162,0.0
2019-02-19,15,0,69,1.43,1.43,0.0,52.455081,0.0
2019-02-19,15,0,74,121.69,121.69,0.0,3658.371238,0.0
2019-02-19,15,0,77,20.94,20.94,0.0,373.424732,0.0
2019-02-19,15,0,78,15.83,15.83,0.0,282.297685,0.0
2019-02-19,15,0,79,9.16,9.16,0.0,163.351029,0.0
2019-02-19,15,0,80,14.81,14.81,0.0,264.107941,0.0
2019-02-19,15,0,81,19.37,19.37,0.0,345.426794,0.0
2019-02-19,15,0,82,13.66,13.66,0.0,243.599897,0.0
2019-02-19,15,0,83,30.47,30.47,0.0,543.374002,0.0
2019-02-19,15,0,84,0.0,0.0,0.0,0.0,0.0
2019-02-19,15,0,86,7.24,7.24,0.0,265.576774,0.0
2019-02-19,15,0,87,36.95,36.95,0.0,1355.395278,0.0
2019-02-19,15,0,88,16.09,16.09,0.0,286.934286,0.0
2019-02-19,15,0,89,15.46,15.46,0.0,275.699444,0.0
2019-02-19,15,0,90,20.76,20.76,0.0,370.214778,0.0
2019-02-19,15,0,91,74.07,74.07,0.0,1320.896367,0.0
2019-02-19,15,0,92,26.64,26.64,0.0,475.073298,0.0
2019-02-19,15,0,95,39.76,39.76,0.0,839.443903,0.0
2019-02-19,15,0,96,14.36,14.36,0.0,320.501025,0.0
2019-02-19,15,0,97,88.33,88.33,0.0,1971.438411,0.0
2019-02-19,15,0,99,23.49,23.49,0.0,706.18079,0.0
2019-02-19,15,0,101,12.85,12.85,0.0,287.448132,0.0
2019-02-19,15,0,102,22.31,22.31,0.0,341.89995,0.0
2019-02-19,15,0,103,19.4,19.4,0.0,297.304304,0.0
2019-02-19,15,0,104,3.6,3.6,0.0,55.169871,0.0
2019-02-19,15,0,106,231.12,231.12,0.0,5181.205886,0.0
2019-02-19,15,0,109,20.8,20.8,0.0,548.723274,0.0
2019-02-19,15,0,110,56.31,56.31,0.0,258.345972,0.0
2019-02-19,15,0,111,15.34,15.34,0.0,386.685689,0.0
2019-02-19,15,0,113,11.31,11.31,0.0,196.351819,0.0
2019-02-19,15,0,115,11.31,11.31,0.0,196.351819,0.0
2019-02-19,15,0,116,46.4,46.4,0.0,212.87965,0.0
2019-02-19,15,0,117,0.75,0.75,0.0,13.020678,0.0
2019-02-19,15,0,119,5.46,5.46,0.0,123.10227,0.0
2019-02-19,15,0,120,3.21,3.21,0.0,72.373313,0.0
2019-02-19,15,0,123,3.85,3.85,0.0,86.308596,0.0
2019-02-19,15,0,125,20.47,20.47,0.0,458.892716,0.0
2019-02-19,15,0,126,173.34,173.34,0.0,3885.904415,0.0
2019-02-19,15,0,127,222.45,222.45,0.0,4986.843412,0.0
2019-02-19,15,0,128,29.33,29.33,0.0,657.514575,0.0
2019-02-19,15,0,131,25.11,25.11,0.0,402.534643,0.0
2019-02-19,15,0,132,36.96,36.96,0.0,592.500216,0.0
2019-02-19,15,0,133,18.06,18.06,0.0,606.244664,0.0
2019-02-19,15,0,134,0.0,0.0,0.0,0.0,0.0
2019-02-19,15,0,135,24.2,24.2,0.0,812.354422,0.0
2019-02-19,15,0,136,0.0,0.0,0.0,0.0,0.0
2019-02-19,15,0,139,51.92,51.92,0.0,1308.782332,0.0
2019-02-19,15,0,140,41.67,41.67,0.0,191.178772,0.0
2019-02-19,15,0,141,51.65,51.65,0.0,655.019198,0.0
2019-02-19,15,0,142,366.79,366.79,0.0,4651.58745,0.0
2019-02-19,15,0,143,63.01,63.01,0.0,1409.502473,0.0
2019-02-19,15,0,145,15.04,15.04,0.0,358.908441,0.0
2019-02-19,15,0,146,45.26,45.26,0.0,207.649417,0.0
2019-02-19,15,0,152,5.0,5.0,0.0,149.389725,0.0
2019-02-19,15,0,153,6.2,6.2,0.0,184.199719,0.0
2019-02-19,15,0,154,63.28,63.28,0.0,1595.141487,0.0
2019-02-19,15,0,157,15.62,15.62,0.0,198.090995,0.0
2019-02-19,15,0,158,318.81,318.81,0.0,4043.110758,0.0
2019-02-19,15,0,159,0.0,0.0,0.0,0.0,0.0
2019-02-19,15,0,160,1.5,1.5,0.0,39.130151,0.0
2019-02-19,15,0,161,45.37,45.37,0.0,695.293623,0.0
2019-02-19,15,0,162,24.32,24.32,0.0,513.880168,0.0
2019-02-19,15,0,163,20.75,20.75,0.0,95.199412,0.0
2019-02-19,15,0,164,31.5,31.5,0.0,704.639389,0.0
2019-02-19,15,0,167,1.83,1.83,0.0,38.562722,0.0
2019-02-19,15,0,168,0.92,0.92,0.0,19.386724,0.0
2019-02-19,15,0,169,0.0,0.0,0.0,0.0,0.0
2019-02-19,15,0,170,2.0,2.0,0.0,42.145052,0.0
2019-02-19,15,0,172,2.46,2.46,0.0,50.037259,0.0
2019-02-19,15,0,173,3.75,3.75,0.0,76.276309,0.0
2019-02-19,15,0,188,3.67,3.67,0.0,76.245376,0.0
2019-02-19,15,0,190,2.83,2.83,0.0,63.805755,0.0
2019-02-19,15,0,191,7.31,7.31,0.0,164.812746,0.0
2019-02-19,15,0,192,26.8,26.8,0.0,604.23825,0.0
2019-02-19,15,0,194,6.65,6.65,0.0,125.603579,0.0
2019-02-19,15,0,196,2.31,2.31,0.0,58.386563,0.0
2019-02-19,15,0,198,6.42,6.42,0.0,148.808923,0.0
2019-02-19,15,0,199,6.54,6.54,0.0,103.627803,0.0
2019-02-19,15,0,200,9.04,9.04,0.0,143.240877,0.0
2019-02-19,15,0,204,78.55,78.55,0.0,2047.550177,0.0
2019-02-19,15,0,205,110.03,110.03,0.0,2902.693358,0.0
2019-02-19,15,0,206,259.55,259.55,0.0,5792.899802,0.0
2019-02-19,15,0,210,1.45,1.45,0.0,10.103006,0.0
2019-02-19,15,0,214,7.94,7.94,0.0,305.988274,0.0
2019-02-19,15,0,217,6.6,6.6,0.0,163.376642,0.0
2019-02-19,15,0,218,9.1,9.1,0.0,225.261733,0.0
2019-02-19,15,0,219,6.2,6.2,0.0,153.475027,0.0
2019-02-19,15,0,221,4.24,4.24,0.0,163.39928,0.0
2019-02-19,15,0,225,4.43,4.43,0.0,23.727635,0.0
2019-02-19,15,0,233,4.1,4.1,0.0,150.395687,0.0
2019-02-19,15,0,236,99.04,99.04,0.0,3150.235098,0.0
2019-02-19,15,0,237,291.93,291.93,0.0,8776.303028,0.0
2019-02-19,15,0,238,82.01,82.01,0.0,2696.409883,0.0
2019-02-19,15,0,240,7.45,7.45,0.0,204.300864,0.0
2019-02-19,15,0,245,27.31,27.31,0.0,929.066767,0.0
2019-02-19,15,0,247,49.97,49.97,0.0,1699.943843,0.0
2019-02-19,15,0,248,29.3,29.3,0.0,880.847048,0.0
2019-02-19,15,0,249,52.53,52.53,0.0,1787.033221,0.0
2019-02-19,15,0,251,10.38,10.38,0.0,344.865512,0.0
2019-02-19,15,0,252,0.0,0.0,0.0,0.0,0.0
2019-02-19,15,0,254,10.09,10.09,0.0,268.227255,0.0
2019-02-19,15,0,255,4.62,4.62,0.0,122.815651,0.0
2019-02-19,15,0,258,9.53,9.53,0.0,260.304606,0.0
2019-02-19,15,0,260,3.65,3.65,0.0,95.216701,0.0
2019-02-19,15,0,265,65.52,65.52,0.0,1651.606672,0.0
2019-02-19,15,0,266,33.2,33.2,0.0,836.894712,0.0
2019-02-19,15,0,267,41.06,41.06,0.0,1035.027014,0.0
2019-02-19,15,0,270,67.74,67.74,0.0,310.785937,0.0
2019-02-19,15,0,272,37.81,37.81,0.0,656.415762,0.0
2019-02-19,15,0,273,11.1,11.1,0.0,50.925951,0.0
2019-02-19,15,0,274,89.22,89.22,0.0,409.334534,0.0
2019-02-19,15,0,275,128.07,128.07,0.0,587.575362,0.0
2019-02-19,15,0,276,2.79,2.79,0.0,17.842423,0.0
2019-02-19,15,0,277,4.33,4.33,0.0,75.992398,0.0
2019-02-19,15,0,278,6.92,6.92,0.0,121.447435,0.0
2019-02-19,15,0,279,69.01,69.01,0.0,1211.139813,0.0
2019-02-19,15,0,281,25.49,25.49,0.0,570.198668,0.0
2019-02-19,15,0,282,350.03,350.03,0.0,7829.997631,0.0
2019-02-19,16,0,9,2.77,2.77,0.0,16.301856,0.0
2019-02-19,16,0,17,32.5,32.5,0.0,341.714451,0.0
2019-02-19,16,0,19,121.55,121.55,0.0,1278.012045,0.0
2019-02-19,16,0,20,153.41,153.41,0.0,1612.99735,0.0
2019-02-19,16,0,21,63.36,63.36,0.0,372.882895,0.0
2019-02-19,16,0,22,225.19,225.19,0.0,1325.276186,0.0
2019-02-19,16,0,23,9.0,9.0,0.0,52.96632,0.0
2019-02-19,16,0,24,15.92,15.92,0.0,93.691536,0.0
2019-02-19,16,0,29,5.53,5.53,0.0,45.70895,0.0
2019-02-19,16,0,30,551.0,551.0,0.0,3093.710848,0.0
2019-02-19,16,0,31,32.93,32.93,0.0,184.892737,0.0
2019-02-19,16,0,32,1.76,1.76,0.0,44.950682,0.0
2019-02-19,16,0,33,1.55,1.55,0.0,17.805819,0.0
2019-02-19,16,0,34,2.49,2.49,0.0,28.604186,0.0
2019-02-19,16,0,35,2.49,2.49,0.0,28.604186,0.0
2019-02-19,16,0,36,6.17,6.17,0.0,54.705468,0.0
2019-02-19,16,0,37,2.84,2.84,0.0,25.05928,0.0
2019-02-19,16,0,38,3.66,3.66,0.0,32.294706,0.0
2019-02-19,16,0,39,2.44,2.44,0.0,21.529804,0.0
2019-02-19,16,0,40,2.44,2.44,0.0,21.529804,0.0
2019-02-19,16,0,41,55.29,55.29,0.0,400.754232,0.0
2019-02-19,16,0,42,67.53,67.53,0.0,695.782258,0.0
2019-02-19,16,0,43,18.16,18.16,0.0,162.458919,0.0
2019-02-19,16,0,46,17.31,17.31,0.0,147.326232,0.0
2019-02-19,16,0,52,34.91,34.91,0.0,196.009883,0.0
2019-02-19,16,0,53,55.46,55.46,0.0,311.392384,0.0
2019-02-19,16,0,55,166.25,166.25,0.0,978.40564,0.0
2019-02-19,16,0,56,162.53,162.53,0.0,912.560479,0.0
2019-02-19,16,0,57,154.6,154.6,0.0,868.035748,0.0
2019-02-19,16,0,58,297.3,297.3,0.0,1669.256325,0.0
2019-02-19,16,0,59,292.35,292.35,0.0,1641.46346,0.0
2019-02-19,16,0,63,2.29,2.29,0.0,58.803512,0.0
2019-02-19,16,0,64,2.69,2.69,0.0,69.074868,0.0
2019-02-19,16,0,65,4.1,4.1,0.0,42.947901,0.0
2019-02-19,16,0,67,278.01,278.01,0.0,2515.016498,0.0
2019-02-19,16,0,68,7.46,7.46,0.0,42.909317,0.0
2019-02-19,16,0,69,1.55,1.55,0.0,17.805819,0.0
2019-02-19,16,0,74,72.04,72.04,0.0,676.289517,0.0
2019-02-19,16,0,77,18.32,18.32,0.0,58.325949,0.0
2019-02-19,16,0,78,13.85,13.85,0.0,44.094672,0.0
2019-02-19,16,0,79,8.02,8.02,0.0,25.533521,0.0
2019-02-19,16,0,80,12.96,12.96,0.0,41.261152,0.0
2019-02-19,16,0,81,16.95,16.95,0.0,53.964238,0.0
2019-02-19,16,0,82,11.96,11.96,0.0,38.077421,0.0
2019-02-19,16,0,83,26.66,26.66,0.0,84.878264,0.0
2019-02-19,16,0,84,0.0,0.0,0.0,0.0,0.0
2019-02-19,16,0,86,7.87,7.87,0.0,90.407609,0.0
2019-02-19,16,0,87,40.19,40.19,0.0,461.687648,0.0
2019-02-19,16,0,88,15.39,15.39,0.0,48.997618,0.0
2019-02-19,16,0,89,14.79,14.79,0.0,47.087379,0.0
2019-02-19,16,0,90,19.86,19.86,0.0,63.228894,0.0
2019-02-19,16,0,91,70.86,70.86,0.0,225.599167,0.0
2019-02-19,16,0,92,25.48,25.48,0.0,81.121462,0.0
2019-02-19,16,0,95,28.12,28.12,0.0,714.63306,0.0
2019-02-19,16,0,96,13.32,13.32,0.0,76.343402,0.0
2019-02-19,16,0,97,81.93,81.93,0.0,469.580701,0.0
2019-02-19,16,0,99,15.8,15.8,0.0,148.325574,0.0
2019-02-19,16,0,101,11.1,11.1,0.0,62.323395,0.0
2019-02-19,16,0,102,17.67,17.67,0.0,101.636412,0.0
2019-02-19,16,0,103,15.36,15.36,0.0,88.349479,0.0
2019-02-19,16,0,104,2.85,2.85,0.0,16.39297,0.0
2019-02-19,16,0,106,221.68,221.68,0.0,1304.619321,0.0
2019-02-19,16,0,109,15.45,15.45,0.0,125.460333,0.0
2019-02-19,16,0,110,38.46,38.46,0.0,735.952867,0.0
2019-02-19,16,0,111,15.74,15.74,0.0,114.087025,0.0
2019-02-19,16,0,113,11.07,11.07,0.0,21.466856,0.0
2019-02-19,16,0,115,11.07,11.07,0.0,21.466856,0.0
2019-02-19,16,0,116,55.09,55.09,0.0,1054.176896,0.0
2019-02-19,16,0,117,0.74,0.74,0.0,1.435002,0.0
2019-02-19,16,0,119,2.69,2.69,0.0,69.074868,0.0
2019-02-19,16,0,120,1.58,1.58,0.0,40.571855,0.0
2019-02-19,16,0,123,3.69,3.69,0.0,21.716191,0.0
2019-02-19,16,0,125,14.4,14.4,0.0,84.746113,0.0
2019-02-19,16,0,126,166.26,166.26,0.0,978.464491,0.0
2019-02-19,16,0,127,213.37,213.37,0.0,1255.713752,0.0
2019-02-19,16,0,128,20.63,20.63,0.0,121.410577,0.0
2019-02-19,16,0,131,8.17,8.17,0.0,39.804559,0.0
2019-02-19,16,0,132,12.01,12.01,0.0,58.513189,0.0
2019-02-19,16,0,133,15.07,15.07,0.0,158.506009,0.0
2019-02-19,16,0,134,0.0,0.0,0.0,0.0,0.0
2019-02-19,16,0,135,19.16,19.16,0.0,201.524561,0.0
2019-02-19,16,0,136,1.09,1.09,0.0,11.415511,0.0
2019-02-19,16,0,139,72.0,72.0,0.0,521.872033,0.0
2019-02-19,16,0,140,28.46,28.46,0.0,544.597467,0.0
2019-02-19,16,0,141,37.17,37.17,0.0,336.258276,0.0
2019-02-19,16,0,142,366.62,366.62,0.0,3316.626554,0.0
2019-02-19,16,0,143,29.85,29.85,0.0,167.599399,0.0
2019-02-19,16,0,145,15.73,15.73,0.0,104.499682,0.0
2019-02-19,16,0,146,49.88,49.88,0.0,954.480733,0.0
2019-02-19,16,0,152,4.88,4.88,0.0,45.834877,0.0
2019-02-19,16,0,153,5.73,5.73,0.0,53.526936,0.0
2019-02-19,16,0,154,64.94,64.94,0.0,470.69958,0.0
2019-02-19,16,0,157,24.13,24.13,0.0,218.291961,0.0
2019-02-19,16,0,158,302.52,302.52,0.0,2736.746127,0.0
2019-02-19,16,0,159,0.0,0.0,0.0,0.0,0.0
2019-02-19,16,0,160,1.38,1.38,0.0,12.961403,0.0
2019-02-19,16,0,161,49.42,49.42,0.0,284.259846,0.0
2019-02-19,16,0,162,16.26,16.26,0.0,413.422737,0.0
2019-02-19,16,0,163,13.93,13.93,0.0,266.558072,0.0
2019-02-19,16,0,164,26.61,26.61,0.0,149.407705,0.0
2019-02-19,16,0,167,1.8,1.8,0.0,45.755572,0.0
2019-02-19,16,0,168,0.9,0.9,0.0,22.877786,0.0
2019-02-19,16,0,169,0.0,0.0,0.0,0.0,0.0
2019-02-19,16,0,170,1.96,1.96,0.0,49.822734,0.0
2019-02-19,16,0,172,2.58,2.58,0.0,61.446468,0.0
2019-02-19,16,0,173,3.92,3.92,0.0,93.360526,0.0
2019-02-19,16,0,188,3.73,3.73,0.0,92.412103,0.0
2019-02-19,16,0,190,3.59,3.59,0.0,92.185418,0.0
2019-02-19,16,0,191,9.26,9.26,0.0,237.781886,0.0
2019-02-19,16,0,192,11.67,11.67,0.0,299.666805,0.0
2019-02-19,16,0,194,5.71,5.71,0.0,-9.560369,0.0
2019-02-19,16,0,196,2.95,2.95,0.0,68.490209,0.0
2019-02-19,16,0,198,6.08,6.08,0.0,60.386056,0.0
2019-02-19,16,0,199,0.0,0.0,0.0,0.0,0.0
2019-02-19,16,0,200,9.28,9.28,0.0,70.837158,0.0
2019-02-19,16,0,204,56.66,56.66,0.0,453.170481,0.0
2019-02-19,16,0,205,81.73,81.73,0.0,663.681103,0.0
2019-02-19,16,0,206,240.75,240.75,0.0,1379.85541,0.0
2019-02-19,16,0,210,1.61,1.61,0.0,13.791561,0.0
2019-02-19,16,0,214,10.66,10.66,0.0,128.603821,0.0
2019-02-19,16,0,217,7.11,7.11,0.0,74.958539,0.0
2019-02-19,16,0,218,9.81,9.81,0.0,103.423807,0.0
2019-02-19,16,0,219,6.69,6.69,0.0,70.530608,0.0
2019-02-19,16,0,221,5.68,5.68,0.0,68.524362,0.0
2019-02-19,16,0,225,3.97,3.97,0.0,32.699332,0.0
2019-02-19,16,0,233,4.45,4.45,0.0,51.119931,0.0
2019-02-19,16,0,236,85.07,85.07,0.0,848.625368,0.0
2019-02-19,16,0,237,164.75,164.75,0.0,1546.622681,0.0
2019-02-19,16,0,238,87.9,87.9,0.0,905.660603,0.0
2019-02-19,16,0,240,6.99,6.99,0.0,61.975887,0.0
2019-02-19,16,0,245,31.6,31.6,0.0,336.805906,0.0
2019-02-19,16,0,247,62.79,62.79,0.0,669.241861,0.0
2019-02-19,16,0,248,19.4,19.4,0.0,182.121275,0.0
2019-02-19,16,0,249,60.76,60.76,0.0,647.60528,0.0
2019-02-19,16,0,251,66.11,66.11,0.0,688.254652,0.0
2019-02-19,16,0,252,26.45,26.45,0.0,277.066338,0.0
2019-02-19,16,0,254,11.82,11.82,0.0,107.065319,0.0
2019-02-19,16,0,255,5.42,5.42,0.0,49.094249,0.0
2019-02-19,16,0,258,8.63,8.63,0.0,76.627688,0.0
2019-02-19,16,0,260,3.35,3.35,0.0,31.464276,0.0
2019-02-19,16,0,265,67.23,67.23,0.0,487.29801,0.0
2019-02-19,16,0,266,45.91,45.91,0.0,332.765903,0.0
2019-02-19,16,0,267,56.87,56.87,0.0,412.206423,0.0
2019-02-19,16,0,270,37.64,37.64,0.0,720.261724,0.0
2019-02-19,16,0,272,36.98,36.98,0.0,71.711323,0.0
2019-02-19,16,0,273,13.17,13.17,0.0,252.015061,0.0
2019-02-19,16,0,274,46.97,46.97,0.0,898.796312,0.0
2019-02-19,16,0,275,62.97,62.97,0.0,1204.964951,0.0
2019-02-19,16,0,276,3.51,3.51,0.0,59.258872,0.0
2019-02-19,16,0,277,5.34,5.34,0.0,13.019709,0.0
2019-02-19,16,0,278,8.55,8.55,0.0,20.846163,0.0
2019-02-19,16,0,279,138.37,138.37,0.0,337.366504,0.0
2019-02-19,16,0,281,14.78,14.78,0.0,82.985565,0.0
2019-02-19,16,0,282,302.26,302.26,0.0,1697.105337,0.0
2019-02-19,17,0,9,2.05,2.05,0.0,22.334159,0.0
2019-02-19,17,0,17,24.25,24.25,0.0,359.477788,0.0
2019-02-19,17,0,19,93.94,93.94,0.0,1392.550243,0.0
2019-02-19,17,0,20,113.12,113.12,0.0,1676.871231,0.0
2019-02-19,17,0,21,46.86,46.86,0.0,510.526197,0.0
2019-02-19,17,0,22,166.55,166.55,0.0,1814.514259,0.0
2019-02-19,17,0,23,7.82,7.82,0.0,85.196647,0.0
2019-02-19,17,0,24,13.91,13.91,0.0,151.545442,0.0
2019-02-19,17,0,29,3.96,3.96,0.0,33.719931,0.0
2019-02-19,17,0,30,405.31,405.31,0.0,4407.815827,0.0
2019-02-19,17,0,31,23.33,23.33,0.0,253.717755,0.0
2019-02-19,17,0,32,1.22,1.22,0.0,31.108597,0.0
2019-02-19,17,0,33,1.14,1.14,0.0,18.007364,0.0
2019-02-19,17,0,34,1.83,1.83,0.0,28.906559,0.0
2019-02-19,17,0,35,1.83,1.83,0.0,28.906559,0.0
2019-02-19,17,0,36,4.48,4.48,0.0,58.302031,0.0
2019-02-19,17,0,37,2.08,2.08,0.0,26.925057,0.0
2019-02-19,17,0,38,2.67,2.67,0.0,34.562453,0.0
2019-02-19,17,0,39,1.78,1.78,0.0,23.041635,0.0
2019-02-19,17,0,40,1.78,1.78,0.0,23.041635,0.0
2019-02-19,17,0,41,20.25,20.25,0.0,242.561442,0.0
2019-02-19,17,0,42,49.59,49.59,0.0,724.664001,0.0
2019-02-19,17,0,43,13.2,13.2,0.0,170.442344,0.0
2019-02-19,17,0,46,12.6,12.6,0.0,159.883305,0.0
2019-02-19,17,0,52,24.73,24.73,0.0,268.942995,0.0
2019-02-19,17,0,53,39.29,39.29,0.0,427.285495,0.0
2019-02-19,17,0,55,114.62,114.62,0.0,1248.751872,0.0
2019-02-19,17,0,56,119.55,119.55,0.0,1300.126772,0.0
2019-02-19,17,0,57,113.72,113.72,0.0,1236.724522,0.0
2019-02-19,17,0,58,218.69,218.69,0.0,2378.291291,0.0
2019-02-19,17,0,59,215.05,215.05,0.0,2338.705666,0.0
2019-02-19,17,0,63,5.48,5.48,0.0,139.81142,0.0
2019-02-19,17,0,64,6.45,6.45,0.0,164.559061,0.0
2019-02-19,17,0,65,1.16,1.16,0.0,17.150232,0.0
2019-02-19,17,0,67,204.7,204.7,0.0,2726.620427,0.0
2019-02-19,17,0,68,2.0,2.0,0.0,21.822261,0.0
2019-02-19,17,0,69,1.14,1.14,0.0,18.007364,0.0
2019-02-19,17,0,74,57.67,57.67,0.0,791.394064,0.0
2019-02-19,17,0,77,7.36,7.36,0.0,66.465563,0.0
2019-02-19,17,0,78,5.56,5.56,0.0,50.210398,0.0
2019-02-19,17,0,79,3.22,3.22,0.0,29.078684,0.0
2019-02-19,17,0,80,5.21,5.21,0.0,47.049672,0.0
2019-02-19,17,0,81,6.81,6.81,0.0,61.498707,0.0
2019-02-19,17,0,82,4.8,4.8,0.0,43.347106,0.0
2019-02-19,17,0,83,10.71,10.71,0.0,96.718231,0.0
2019-02-19,17,0,84,0.0,0.0,0.0,0.0,0.0
2019-02-19,17,0,86,5.78,5.78,0.0,91.300496,0.0
2019-02-19,17,0,87,29.53,29.53,0.0,466.45392,0.0
2019-02-19,17,0,88,6.71,6.71,0.0,60.595642,0.0
2019-02-19,17,0,89,6.45,6.45,0.0,58.247674,0.0
2019-02-19,17,0,90,8.67,8.67,0.0,78.295711,0.0
2019-02-19,17,0,91,30.92,30.92,0.0,279.227609,0.0
2019-02-19,17,0,92,11.12,11.12,0.0,100.420796,0.0
2019-02-19,17,0,95,39.34,39.34,0.0,999.7747,0.0
2019-02-19,17,0,96,7.71,7.71,0.0,83.690124,0.0
2019-02-19,17,0,97,47.43,47.43,0.0,514.840804,0.0
2019-02-19,17,0,99,11.73,11.73,0.0,160.968482,0.0
2019-02-19,17,0,101,8.16,8.16,0.0,88.741401,0.0
2019-02-19,17,0,102,4.72,4.72,0.0,51.500536,0.0
2019-02-19,17,0,103,4.11,4.11,0.0,44.844747,0.0
2019-02-19,17,0,104,0.77,0.77,0.0,8.401571,0.0
2019-02-19,17,0,106,163.95,163.95,0.0,1786.188008,0.0
2019-02-19,17,0,109,13.18,13.18,0.0,165.181933,0.0
2019-02-19,17,0,110,40.73,40.73,0.0,842.990855,0.0
2019-02-19,17,0,111,12.09,12.09,0.0,144.818165,0.0
2019-02-19,17,0,113,5.51,5.51,0.0,44.792947,0.0
2019-02-19,17,0,115,5.51,5.51,0.0,44.792947,0.0
2019-02-19,17,0,116,40.49,40.49,0.0,838.023563,0.0
2019-02-19,17,0,117,0.37,0.37,0.0,3.007875,0.0
2019-02-19,17,0,119,6.45,6.45,0.0,164.559061,0.0
2019-02-19,17,0,120,3.8,3.8,0.0,96.949525,0.0
2019-02-19,17,0,123,2.73,2.73,0.0,29.742563,0.0
2019-02-19,17,0,125,12.57,12.57,0.0,136.946528,0.0
2019-02-19,17,0,126,122.96,122.96,0.0,1339.613769,0.0
2019-02-19,17,0,127,157.8,157.8,0.0,1719.18553,0.0
2019-02-19,17,0,128,18.1,18.1,0.0,197.194285,0.0
2019-02-19,17,0,131,3.29,3.29,0.0,33.780977,0.0
2019-02-19,17,0,132,4.84,4.84,0.0,49.696028,0.0
2019-02-19,17,0,133,25.33,25.33,0.0,375.580935,0.0
2019-02-19,17,0,134,0.0,0.0,0.0,0.0,0.0
2019-02-19,17,0,135,33.16,33.16,0.0,491.680371,0.0
2019-02-19,17,0,136,0.0,0.0,0.0,0.0,0.0
2019-02-19,17,0,139,26.16,26.16,0.0,313.353449,0.0
2019-02-19,17,0,140,30.14,30.14,0.0,623.809093,0.0
2019-02-19,17,0,141,17.86,17.86,0.0,237.896633,0.0
2019-02-19,17,0,142,269.95,269.95,0.0,3595.755664,0.0
2019-02-19,17,0,143,15.86,15.86,0.0,172.480223,0.0
2019-02-19,17,0,145,9.6,9.6,0.0,110.32011,0.0
2019-02-19,17,0,146,47.12,47.12,0.0,975.245006,0.0
2019-02-19,17,0,152,3.59,3.59,0.0,49.141753,0.0
2019-02-19,17,0,153,4.2,4.2,0.0,57.274298,0.0
2019-02-19,17,0,154,49.87,49.87,0.0,597.359957,0.0
2019-02-19,17,0,157,22.79,22.79,0.0,303.564629,0.0
2019-02-19,17,0,158,228.05,228.05,0.0,3037.644301,0.0
2019-02-19,17,0,159,0.0,0.0,0.0,0.0,0.0
2019-02-19,17,0,160,1.01,1.01,0.0,13.078831,0.0
2019-02-19,17,0,161,36.05,36.05,0.0,393.346257,0.0
2019-02-19,17,0,162,27.3,27.3,0.0,693.985618,0.0
2019-02-19,17,0,163,11.05,11.05,0.0,228.702405,0.0
2019-02-19,17,0,164,19.79,19.79,0.0,215.219647,0.0
2019-02-19,17,0,167,1.26,1.26,0.0,32.028907,0.0
2019-02-19,17,0,168,0.63,0.63,0.0,16.014453,0.0
2019-02-19,17,0,169,0.0,0.0,0.0,0.0,0.0
2019-02-19,17,0,170,1.38,1.38,0.0,35.079279,0.0
2019-02-19,17,0,172,1.81,1.81,0.0,44.263372,0.0
2019-02-19,17,0,173,2.76,2.76,0.0,67.495528,0.0
2019-02-19,17,0,188,2.57,2.57,0.0,64.204184,0.0
2019-02-19,17,0,190,2.57,2.57,0.0,65.568494,0.0
2019-02-19,17,0,191,6.65,6.65,0.0,169.661668,0.0
2019-02-19,17,0,192,14.84,14.84,0.0,378.613406,0.0
2019-02-19,17,0,194,4.48,4.48,0.0,24.619346,0.0
2019-02-19,17,0,196,2.16,2.16,0.0,51.149455,0.0
2019-02-19,17,0,198,4.38,4.38,0.0,55.115549,0.0
2019-02-19,17,0,199,3.99,3.99,0.0,38.897339,0.0
2019-02-19,17,0,200,6.65,6.65,0.0,64.828898,0.0
2019-02-19,17,0,204,49.57,49.57,0.0,615.954715,0.0
2019-02-19,17,0,205,69.74,69.74,0.0,874.03551,0.0
2019-02-19,17,0,206,139.38,139.38,0.0,1512.935089,0.0
2019-02-19,17,0,210,1.16,1.16,0.0,10.339853,0.0
2019-02-19,17,0,214,7.6,7.6,0.0,124.431781,0.0
2019-02-19,17,0,217,5.03,5.03,0.0,65.984348,0.0
2019-02-19,17,0,218,6.95,6.95,0.0,91.171217,0.0
2019-02-19,17,0,219,4.73,4.73,0.0,62.0489,0.0
2019-02-19,17,0,221,4.05,4.05,0.0,66.309041,0.0
2019-02-19,17,0,225,2.86,2.86,0.0,24.243209,0.0
2019-02-19,17,0,233,3.27,3.27,0.0,51.652703,0.0
2019-02-19,17,0,236,66.06,66.06,0.0,943.475859,0.0
2019-02-19,17,0,237,142.51,142.51,0.0,1955.636693,0.0
2019-02-19,17,0,238,64.54,64.54,0.0,943.129959,0.0
2019-02-19,17,0,240,5.08,5.08,0.0,66.110338,0.0
2019-02-19,17,0,245,15.43,15.43,0.0,230.952669,0.0
2019-02-19,17,0,247,30.85,30.85,0.0,461.755661,0.0
2019-02-19,17,0,248,14.5,14.5,0.0,198.980647,0.0
2019-02-19,17,0,249,29.68,29.68,0.0,444.243372,0.0
2019-02-19,17,0,251,29.94,29.94,0.0,440.729242,0.0
2019-02-19,17,0,252,7.48,7.48,0.0,110.589427,0.0
2019-02-19,17,0,254,8.49,8.49,0.0,109.704325,0.0
2019-02-19,17,0,255,3.89,3.89,0.0,50.264997,0.0
2019-02-19,17,0,258,6.29,6.29,0.0,81.753932,0.0
2019-02-19,17,0,260,2.46,2.46,0.0,31.85537,0.0
2019-02-19,17,0,265,51.63,51.63,0.0,618.441841,0.0
2019-02-19,17,0,266,16.94,16.94,0.0,202.913128,0.0
2019-02-19,17,0,267,20.81,20.81,0.0,249.269314,0.0
2019-02-19,17,0,270,34.52,34.52,0.0,714.462173,0.0
2019-02-19,17,0,272,18.42,18.42,0.0,149.743391,0.0
2019-02-19,17,0,273,9.68,9.68,0.0,200.347446,0.0
2019-02-19,17,0,274,44.5,44.5,0.0,921.018734,0.0
2019-02-19,17,0,275,61.94,61.94,0.0,1281.97529,0.0
2019-02-19,17,0,276,2.56,2.56,0.0,48.767817,0.0
2019-02-19,17,0,277,3.96,3.96,0.0,33.623249,0.0
2019-02-19,17,0,278,6.34,6.34,0.0,53.831161,0.0
2019-02-19,17,0,279,32.73,32.73,0.0,277.901246,0.0
2019-02-19,17,0,281,10.47,10.47,0.0,113.863047,0.0
2019-02-19,17,0,282,222.34,222.34,0.0,2417.985668,0.0
2019-02-19,18,0,9,1.31,1.31,0.0,37.521638,0.0
2019-02-19,18,0,17,14.59,14.59,0.0,407.641679,0.0
2019-02-19,18,0,19,103.61,103.61,0.0,2894.842655,0.0
2019-02-19,18,0,20,126.17,126.17,0.0,3525.164538,0.0
2019-02-19,18,0,21,29.93,29.93,0.0,857.269176,0.0
2019-02-19,18,0,22,106.38,106.38,0.0,3046.986134,0.0
2019-02-19,18,0,23,9.75,9.75,0.0,279.264099,0.0
2019-02-19,18,0,24,17.3,17.3,0.0,495.514759,0.0
2019-02-19,18,0,29,2.21,2.21,0.0,18.819946,0.0
2019-02-19,18,0,30,261.04,261.04,0.0,3512.536623,0.0
2019-02-19,18,0,31,11.72,11.72,0.0,157.703529,0.0
2019-02-19,18,0,32,0.7,0.7,0.0,19.132768,0.0
2019-02-19,18,0,33,0.68,0.68,0.0,20.080653,0.0
2019-02-19,18,0,34,1.09,1.09,0.0,32.188105,0.0
2019-02-19,18,0,35,1.09,1.09,0.0,32.188105,0.0
2019-02-19,18,0,36,2.72,2.72,0.0,66.914595,0.0
2019-02-19,18,0,37,1.26,1.26,0.0,30.777453,0.0
2019-02-19,18,0,38,1.62,1.62,0.0,39.571012,0.0
2019-02-19,18,0,39,1.08,1.08,0.0,26.380674,0.0
2019-02-19,18,0,40,1.08,1.08,0.0,26.380674,0.0
2019-02-19,18,0,41,18.09,18.09,0.0,439.587166,0.0
2019-02-19,18,0,42,31.04,31.04,0.0,856.549405,0.0
2019-02-19,18,0,43,7.93,7.93,0.0,190.533877,0.0
2019-02-19,18,0,46,7.61,7.61,0.0,183.607571,0.0
2019-02-19,18,0,52,12.42,12.42,0.0,167.122682,0.0
2019-02-19,18,0,53,19.74,19.74,0.0,265.620108,0.0
2019-02-19,18,0,55,58.5,58.5,0.0,1675.584591,0.0
2019-02-19,18,0,56,77.0,77.0,0.0,1036.106803,0.0
2019-02-19,18,0,57,73.24,73.24,0.0,985.512497,0.0
2019-02-19,18,0,58,140.85,140.85,0.0,1895.268094,0.0
2019-02-19,18,0,59,138.5,138.5,0.0,1863.646653,0.0
2019-02-19,18,0,63,12.31,12.31,0.0,334.698067,0.0
2019-02-19,18,0,64,14.48,14.48,0.0,393.698458,0.0
2019-02-19,18,0,65,0.0,0.0,0.0,0.0,0.0
2019-02-19,18,0,67,130.88,130.88,0.0,2962.786441,0.0
2019-02-19,18,0,68,0.4,0.4,0.0,8.70217,0.0
2019-02-19,18,0,69,0.68,0.68,0.0,20.080653,0.0
2019-02-19,18,0,74,40.63,40.63,0.0,1064.392995,0.0
2019-02-19,18,0,77,2.1,2.1,0.0,44.34261,0.0
2019-02-19,18,0,78,1.59,1.59,0.0,33.57369,0.0
2019-02-19,18,0,79,0.92,0.92,0.0,19.426286,0.0
2019-02-19,18,0,80,1.49,1.49,0.0,31.462137,0.0
2019-02-19,18,0,81,1.95,1.95,0.0,41.17528,0.0
2019-02-19,18,0,82,1.37,1.37,0.0,28.928274,0.0
2019-02-19,18,0,83,3.06,3.06,0.0,64.613517,0.0
2019-02-19,18,0,84,0.0,0.0,0.0,0.0,0.0
2019-02-19,18,0,86,3.45,3.45,0.0,101.879783,0.0
2019-02-19,18,0,87,17.63,17.63,0.0,520.620457,0.0
2019-02-19,18,0,88,2.15,2.15,0.0,45.398386,0.0
2019-02-19,18,0,89,2.07,2.07,0.0,43.709144,0.0
2019-02-19,18,0,90,2.78,2.78,0.0,58.701169,0.0
2019-02-19,18,0,91,9.91,9.91,0.0,209.254886,0.0
2019-02-19,18,0,92,3.56,3.56,0.0,75.171281,0.0
2019-02-19,18,0,95,53.09,53.09,0.0,1450.089492,0.0
2019-02-19,18,0,96,4.29,4.29,0.0,96.492185,0.0
2019-02-19,18,0,97,26.37,26.37,0.0,593.12329,0.0
2019-02-19,18,0,99,7.84,7.84,0.0,205.386194,0.0
2019-02-19,18,0,101,5.26,5.26,0.0,70.778205,0.0
2019-02-19,18,0,102,0.94,0.94,0.0,20.450099,0.0
2019-02-19,18,0,103,0.81,0.81,0.0,17.621894,0.0
2019-02-19,18,0,104,0.15,0.15,0.0,3.263314,0.0
2019-02-19,18,0,106,104.72,104.72,0.0,2999.439631,0.0
2019-02-19,18,0,109,11.41,11.41,0.0,278.278337,0.0
2019-02-19,18,0,110,43.22,43.22,0.0,1095.125612,0.0
2019-02-19,18,0,111,7.65,7.65,0.0,185.89507,0.0
2019-02-19,18,0,113,2.35,2.35,0.0,48.47082,0.0
2019-02-19,18,0,115,2.35,2.35,0.0,48.47082,0.0
2019-02-19,18,0,116,24.94,24.94,0.0,631.939675,0.0
2019-02-19,18,0,117,0.16,0.16,0.0,3.300141,0.0
2019-02-19,18,0,119,14.48,14.48,0.0,393.698458,0.0
2019-02-19,18,0,120,8.52,8.52,0.0,231.651302,0.0
2019-02-19,18,0,123,1.75,1.75,0.0,50.124325,0.0
2019-02-19,18,0,125,15.64,15.64,0.0,447.968257,0.0
2019-02-19,18,0,126,78.54,78.54,0.0,2249.579723,0.0
2019-02-19,18,0,127,100.8,100.8,0.0,2887.161142,0.0
2019-02-19,18,0,128,22.46,22.46,0.0,643.309913,0.0
2019-02-19,18,0,131,0.94,0.94,0.0,20.228677,0.0
2019-02-19,18,0,132,1.38,1.38,0.0,29.697419,0.0
2019-02-19,18,0,133,25.11,25.11,0.0,701.719891,0.0
2019-02-19,18,0,134,0.0,0.0,0.0,0.0,0.0
2019-02-19,18,0,135,33.64,33.64,0.0,940.097855,0.0
2019-02-19,18,0,136,0.0,0.0,0.0,0.0,0.0
2019-02-19,18,0,139,23.36,23.36,0.0,567.648215,0.0
2019-02-19,18,0,140,31.98,31.98,0.0,810.322006,0.0
2019-02-19,18,0,141,14.91,14.91,0.0,337.524036,0.0
2019-02-19,18,0,142,172.6,172.6,0.0,3907.219894,0.0
2019-02-19,18,0,143,5.22,5.22,0.0,70.239968,0.0
2019-02-19,18,0,145,5.38,5.38,0.0,127.096439,0.0
2019-02-19,18,0,146,46.79,46.79,0.0,1185.583697,0.0
2019-02-19,18,0,152,2.2,2.2,0.0,57.301201,0.0
2019-02-19,18,0,153,2.57,2.57,0.0,66.714437,0.0
2019-02-19,18,0,154,31.54,31.54,0.0,766.42229,0.0
2019-02-19,18,0,157,27.82,27.82,0.0,629.773218,0.0
2019-02-19,18,0,158,147.54,147.54,0.0,3339.925974,0.0
2019-02-19,18,0,159,0.0,0.0,0.0,0.0,0.0
2019-02-19,18,0,160,0.6,0.6,0.0,13.905045,0.0
2019-02-19,18,0,161,22.71,22.71,0.0,494.065689,0.0
2019-02-19,18,0,162,42.25,42.25,0.0,1153.987296,0.0
2019-02-19,18,0,163,6.63,6.63,0.0,167.993587,0.0
2019-02-19,18,0,164,12.58,12.58,0.0,169.275631,0.0
2019-02-19,18,0,167,0.72,0.72,0.0,19.669553,0.0
2019-02-19,18,0,168,0.36,0.36,0.0,9.834777,0.0
2019-02-19,18,0,169,0.0,0.0,0.0,0.0,0.0
2019-02-19,18,0,170,0.79,0.79,0.0,21.581871,0.0
2019-02-19,18,0,172,1.04,1.04,0.0,28.419414,0.0
2019-02-19,18,0,173,1.58,1.58,0.0,43.175648,0.0
2019-02-19,18,0,188,1.48,1.48,0.0,40.273309,0.0
2019-02-19,18,0,190,1.55,1.55,0.0,42.143136,0.0
2019-02-19,18,0,191,4.0,4.0,0.0,108.75648,0.0
2019-02-19,18,0,192,18.65,18.65,0.0,507.077088,0.0
2019-02-19,18,0,194,6.59,6.59,0.0,128.587437,0.0
2019-02-19,18,0,196,1.32,1.32,0.0,34.914293,0.0
2019-02-19,18,0,198,2.57,2.57,0.0,52.825688,0.0
2019-02-19,18,0,199,9.01,9.01,0.0,133.782766,0.0
2019-02-19,18,0,200,3.87,3.87,0.0,57.462742,0.0
2019-02-19,18,0,204,44.12,44.12,0.0,1069.702455,0.0
2019-02-19,18,0,205,60.33,60.33,0.0,1471.387562,0.0
2019-02-19,18,0,206,77.5,77.5,0.0,1743.157185,0.0
2019-02-19,18,0,210,0.65,0.65,0.0,6.102544,0.0
2019-02-19,18,0,214,4.37,4.37,0.0,133.180349,0.0
2019-02-19,18,0,217,2.86,2.86,0.0,60.816416,0.0
2019-02-19,18,0,218,3.95,3.95,0.0,83.9947,0.0
2019-02-19,18,0,219,2.69,2.69,0.0,57.201454,0.0
2019-02-19,18,0,221,2.33,2.33,0.0,71.009202,0.0
2019-02-19,18,0,225,1.61,1.61,0.0,13.574766,0.0
2019-02-19,18,0,233,1.95,1.95,0.0,57.584225,0.0
2019-02-19,18,0,236,53.08,53.08,0.0,1435.514064,0.0
2019-02-19,18,0,237,97.47,97.47,0.0,2553.442904,0.0
2019-02-19,18,0,238,40.4,40.4,0.0,1114.838788,0.0
2019-02-19,18,0,240,3.08,3.08,0.0,75.770938,0.0
2019-02-19,18,0,245,7.58,7.58,0.0,213.568923,0.0
2019-02-19,18,0,247,12.35,12.35,0.0,347.965198,0.0
2019-02-19,18,0,248,9.78,9.78,0.0,256.208799,0.0
2019-02-19,18,0,249,14.57,14.57,0.0,410.514407,0.0
2019-02-19,18,0,251,13.96,13.96,0.0,387.677549,0.0
2019-02-19,18,0,252,0.0,0.0,0.0,0.0,0.0
2019-02-19,18,0,254,5.06,5.06,0.0,120.494791,0.0
2019-02-19,18,0,255,2.32,2.32,0.0,55.246624,0.0
2019-02-19,18,0,258,3.81,3.81,0.0,93.376436,0.0
2019-02-19,18,0,260,1.47,1.47,0.0,34.06736,0.0
2019-02-19,18,0,265,32.66,32.66,0.0,793.6383,0.0
2019-02-19,18,0,266,15.12,15.12,0.0,367.416139,0.0
2019-02-19,18,0,267,18.59,18.59,0.0,451.737171,0.0
2019-02-19,18,0,270,20.71,20.71,0.0,524.758247,0.0
2019-02-19,18,0,272,7.86,7.86,0.0,162.119425,0.0
2019-02-19,18,0,273,5.96,5.96,0.0,151.016859,0.0
2019-02-19,18,0,274,26.7,26.7,0.0,676.535258,0.0
2019-02-19,18,0,275,37.17,37.17,0.0,941.828297,0.0
2019-02-19,18,0,276,1.58,1.58,0.0,39.08182,0.0
2019-02-19,18,0,277,2.45,2.45,0.0,51.014362,0.0
2019-02-19,18,0,278,3.92,3.92,0.0,81.622979,0.0
2019-02-19,18,0,279,15.88,15.88,0.0,330.656354,0.0
2019-02-19,18,0,281,5.26,5.26,0.0,70.778205,0.0
2019-02-19,18,0,282,143.2,143.2,0.0,1926.889536,0.0
2019-02-19,19,0,9,0.36,0.36,0.0,9.440471,0.0
2019-02-19,19,0,17,2.16,2.16,0.0,61.010163,0.0
2019-02-19,19,0,19,190.16,190.16,0.0,5371.154023,0.0
2019-02-19,19,0,20,231.13,231.13,0.0,6528.369948,0.0
2019-02-19,19,0,21,8.32,8.32,0.0,218.179782,0.0
2019-02-19,19,0,22,29.58,29.58,0.0,775.69206,0.0
2019-02-19,19,0,23,8.17,8.17,0.0,214.246252,0.0
2019-02-19,19,0,24,14.45,14.45,0.0,378.930029,0.0
2019-02-19,19,0,29,0.12,0.12,0.0,1.079317,0.0
2019-02-19,19,0,30,79.13,79.13,0.0,2075.173976,0.0
2019-02-19,19,0,31,3.09,3.09,0.0,81.034849,0.0
2019-02-19,19,0,32,0.1,0.1,0.0,2.748384,0.0
2019-02-19,19,0,33,0.12,0.12,0.0,3.520826,0.0
2019-02-19,19,0,34,0.18,0.18,0.0,5.281239,0.0
2019-02-19,19,0,35,0.18,0.18,0.0,5.281239,0.0
2019-02-19,19,0,36,0.63,0.63,0.0,16.191779,0.0
2019-02-19,19,0,37,0.3,0.3,0.0,7.662527,0.0
2019-02-19,19,0,38,0.38,0.38,0.0,9.705868,0.0
2019-02-19,19,0,39,0.25,0.25,0.0,6.385439,0.0
2019-02-19,19,0,40,0.25,0.25,0.0,6.385439,0.0
2019-02-19,19,0,41,16.75,16.75,0.0,440.981176,0.0
2019-02-19,19,0,42,6.39,6.39,0.0,178.972004,0.0
2019-02-19,19,0,43,1.69,1.69,0.0,42.299457,0.0
2019-02-19,19,0,46,1.42,1.42,0.0,36.107759,0.0
2019-02-19,19,0,52,3.28,3.28,0.0,86.017574,0.0
2019-02-19,19,0,53,5.21,5.21,0.0,136.631574,0.0
2019-02-19,19,0,55,17.14,17.14,0.0,449.471329,0.0
2019-02-19,19,0,56,23.34,23.34,0.0,612.08847,0.0
2019-02-19,19,0,57,22.2,22.2,0.0,582.192118,0.0
2019-02-19,19,0,58,42.7,42.7,0.0,1119.801956,0.0
2019-02-19,19,0,59,41.99,41.99,0.0,1101.182298,0.0
2019-02-19,19,0,63,15.29,15.29,0.0,415.721645,0.0
2019-02-19,19,0,64,17.99,17.99,0.0,489.132269,0.0
2019-02-19,19,0,65,0.0,0.0,0.0,0.0,0.0
2019-02-19,19,0,67,39.36,39.36,0.0,1046.308839,0.0
2019-02-19,19,0,68,0.0,0.0,0.0,0.0,0.0
2019-02-19,19,0,69,0.12,0.12,0.0,3.520826,0.0
2019-02-19,19,0,74,49.09,49.09,0.0,1329.361835,0.0
2019-02-19,19,0,77,0.0,0.0,0.0,0.0,0.0
2019-02-19,19,0,78,0.0,0.0,0.0,0.0,0.0
2019-02-19,19,0,79,0.0,0.0,0.0,0.0,0.0
2019-02-19,19,0,80,0.0,0.0,0.0,0.0,0.0
2019-02-19,19,0,81,0.0,0.0,0.0,0.0,0.0
2019-02-19,19,0,82,0.0,0.0,0.0,0.0,0.0
2019-02-19,19,0,83,0.0,0.0,0.0,0.0,0.0
2019-02-19,19,0,84,0.0,0.0,0.0,0.0,0.0
2019-02-19,19,0,86,0.58,0.58,0.0,17.017325,0.0
2019-02-19,19,0,87,2.97,2.97,0.0,87.14044,0.0
2019-02-19,19,0,88,0.0,0.0,0.0,0.0,0.0
2019-02-19,19,0,89,0.0,0.0,0.0,0.0,0.0
2019-02-19,19,0,90,0.0,0.0,0.0,0.0,0.0
2019-02-19,19,0,91,0.0,0.0,0.0,0.0,0.0
2019-02-19,19,0,92,0.0,0.0,0.0,0.0,0.0
2019-02-19,19,0,95,69.89,69.89,0.0,1922.338617,0.0
2019-02-19,19,0,96,2.5,2.5,0.0,65.565673,0.0
2019-02-19,19,0,97,15.37,15.37,0.0,403.097758,0.0
2019-02-19,19,0,99,9.48,9.48,0.0,256.719295,0.0
2019-02-19,19,0,101,1.59,1.59,0.0,41.697544,0.0
2019-02-19,19,0,102,0.0,0.0,0.0,0.0,0.0
2019-02-19,19,0,103,0.0,0.0,0.0,0.0,0.0
2019-02-19,19,0,104,0.0,0.0,0.0,0.0,0.0
2019-02-19,19,0,106,29.12,29.12,0.0,763.629236,0.0
2019-02-19,19,0,109,10.02,10.02,0.0,260.233459,0.0
2019-02-19,19,0,110,45.94,45.94,0.0,1235.179375,0.0
2019-02-19,19,0,111,1.97,1.97,0.0,51.864652,0.0
2019-02-19,19,0,113,0.0,0.0,0.0,0.0,0.0
2019-02-19,19,0,115,0.0,0.0,0.0,0.0,0.0
2019-02-19,19,0,116,7.09,7.09,0.0,190.627379,0.0
2019-02-19,19,0,117,0.0,0.0,0.0,0.0,0.0
2019-02-19,19,0,119,17.99,17.99,0.0,489.132269,0.0
2019-02-19,19,0,120,10.58,10.58,0.0,287.66089,0.0
2019-02-19,19,0,123,0.49,0.49,0.0,12.84953,0.0
2019-02-19,19,0,125,13.08,13.08,0.0,343.003791,0.0
2019-02-19,19,0,126,21.84,21.84,0.0,572.721927,0.0
2019-02-19,19,0,127,28.02,28.02,0.0,734.783351,0.0
2019-02-19,19,0,128,18.73,18.73,0.0,491.166744,0.0
2019-02-19,19,0,131,0.0,0.0,0.0,0.0,0.0
2019-02-19,19,0,132,0.0,0.0,0.0,0.0,0.0
2019-02-19,19,0,133,21.05,21.05,0.0,594.654066,0.0
2019-02-19,19,0,134,0.0,0.0,0.0,0.0,0.0
2019-02-19,19,0,135,28.52,28.52,0.0,805.678573,0.0
2019-02-19,19,0,136,0.0,0.0,0.0,0.0,0.0
2019-02-19,19,0,139,21.63,21.63,0.0,569.45808,0.0
2019-02-19,19,0,140,34.0,34.0,0.0,914.15104,0.0
2019-02-19,19,0,141,25.66,25.66,0.0,682.121057,0.0
2019-02-19,19,0,142,51.91,51.91,0.0,1379.926114,0.0
2019-02-19,19,0,143,0.0,0.0,0.0,0.0,0.0
2019-02-19,19,0,145,2.7,2.7,0.0,70.561879,0.0
2019-02-19,19,0,146,48.87,48.87,0.0,1313.957685,0.0
2019-02-19,19,0,152,0.57,0.57,0.0,15.345006,0.0
2019-02-19,19,0,153,0.62,0.62,0.0,16.653054,0.0
2019-02-19,19,0,154,8.12,8.12,0.0,213.777143,0.0
2019-02-19,19,0,157,40.37,40.37,0.0,1073.15772,0.0
2019-02-19,19,0,158,34.49,34.49,0.0,916.849387,0.0
2019-02-19,19,0,159,0.0,0.0,0.0,0.0,0.0
2019-02-19,19,0,160,0.12,0.12,0.0,2.857505,0.0
2019-02-19,19,0,161,6.51,6.51,0.0,172.40994,0.0
2019-02-19,19,0,162,62.16,62.16,0.0,1709.36269,0.0
2019-02-19,19,0,163,3.9,3.9,0.0,104.858502,0.0
2019-02-19,19,0,164,3.23,3.23,0.0,84.706331,0.0
2019-02-19,19,0,167,0.1,0.1,0.0,2.751101,0.0
2019-02-19,19,0,168,0.05,0.05,0.0,1.375551,0.0
2019-02-19,19,0,169,0.0,0.0,0.0,0.0,0.0
2019-02-19,19,0,170,0.1,0.1,0.0,2.751101,0.0
2019-02-19,19,0,172,0.12,0.12,0.0,3.38106,0.0
2019-02-19,19,0,173,0.18,0.18,0.0,5.071589,0.0
2019-02-19,19,0,188,0.23,0.23,0.0,6.349778,0.0
2019-02-19,19,0,190,0.34,0.34,0.0,9.244301,0.0
2019-02-19,19,0,191,0.87,0.87,0.0,23.654534,0.0
2019-02-19,19,0,192,23.26,23.26,0.0,632.418931,0.0
2019-02-19,19,0,194,9.32,9.32,0.0,245.567885,0.0
2019-02-19,19,0,196,0.34,0.34,0.0,9.181035,0.0
2019-02-19,19,0,198,0.48,0.48,0.0,9.89508,0.0
2019-02-19,19,0,199,16.98,16.98,0.0,307.433289,0.0
2019-02-19,19,0,200,0.46,0.46,0.0,8.328581,0.0
2019-02-19,19,0,204,40.58,40.58,0.0,1050.952628,0.0
2019-02-19,19,0,205,52.99,52.99,0.0,1376.224652,0.0
2019-02-19,19,0,206,45.16,45.16,0.0,1184.378319,0.0
2019-02-19,19,0,210,0.04,0.04,0.0,0.391905,0.0
2019-02-19,19,0,214,0.51,0.51,0.0,15.296096,0.0
2019-02-19,19,0,217,0.29,0.29,0.0,6.127859,0.0
2019-02-19,19,0,218,0.4,0.4,0.0,8.45222,0.0
2019-02-19,19,0,219,0.27,0.27,0.0,5.705248,0.0
2019-02-19,19,0,221,0.27,0.27,0.0,8.097933,0.0
2019-02-19,19,0,225,0.17,0.17,0.0,1.515845,0.0
2019-02-19,19,0,233,0.33,0.33,0.0,9.682271,0.0
2019-02-19,19,0,236,44.64,44.64,0.0,1233.129702,0.0
2019-02-19,19,0,237,117.77,117.77,0.0,3189.222719,0.0
2019-02-19,19,0,238,8.32,8.32,0.0,233.027712,0.0
2019-02-19,19,0,240,0.71,0.71,0.0,18.247878,0.0
2019-02-19,19,0,245,5.08,5.08,0.0,144.31036,0.0
2019-02-19,19,0,247,3.81,3.81,0.0,108.23277,0.0
2019-02-19,19,0,248,11.82,11.82,0.0,320.086716,0.0
2019-02-19,19,0,249,9.77,9.77,0.0,277.541776,0.0
2019-02-19,19,0,251,10.75,10.75,0.0,302.386608,0.0
2019-02-19,19,0,252,0.0,0.0,0.0,0.0,0.0
2019-02-19,19,0,254,0.87,0.87,0.0,21.509833,0.0
2019-02-19,19,0,255,0.4,0.4,0.0,9.889578,0.0
2019-02-19,19,0,258,0.85,0.85,0.0,21.753801,0.0
2019-02-19,19,0,260,0.29,0.29,0.0,6.905638,0.0
2019-02-19,19,0,265,8.41,8.41,0.0,221.412041,0.0
2019-02-19,19,0,266,14.01,14.01,0.0,368.844554,0.0
2019-02-19,19,0,267,17.21,17.21,0.0,453.091704,0.0
2019-02-19,19,0,270,12.19,12.19,0.0,327.750034,0.0
2019-02-19,19,0,272,0.0,0.0,0.0,0.0,0.0
2019-02-19,19,0,273,1.69,1.69,0.0,45.438684,0.0
2019-02-19,19,0,274,15.71,15.71,0.0,422.391554,0.0
2019-02-19,19,0,275,21.87,21.87,0.0,588.014213,0.0
2019-02-19,19,0,276,0.42,0.42,0.0,11.26397,0.0
2019-02-19,19,0,277,0.61,0.61,0.0,16.104031,0.0
2019-02-19,19,0,278,0.98,0.98,0.0,25.87205,0.0
2019-02-19,19,0,279,7.35,7.35,0.0,194.040377,0.0
2019-02-19,19,0,281,1.39,1.39,0.0,36.45257,0.0
2019-02-19,19,0,282,43.41,43.41,0.0,1138.421614,0.0
2019-02-19,20,0,9,0.0,0.0,0.0,0.0,0.0
2019-02-19,20,0,17,0.0,0.0,0.0,0.0,0.0
2019-02-19,20,0,19,147.0,147.0,0.0,4507.941877,0.0
2019-02-19,20,0,20,178.28,178.28,0.0,5467.182843,0.0
2019-02-19,20,0,21,0.0,0.0,0.0,0.0,0.0
2019-02-19,20,0,22,0.0,0.0,0.0,0.0,0.0
2019-02-19,20,0,23,0.0,0.0,0.0,0.0,0.0
2019-02-19,20,0,24,0.0,0.0,0.0,0.0,0.0
2019-02-19,20,0,29,0.0,0.0,0.0,0.0,0.0
2019-02-19,20,0,30,0.0,0.0,0.0,0.0,0.0
2019-02-19,20,0,31,0.0,0.0,0.0,0.0,0.0
2019-02-19,20,0,32,0.0,0.0,0.0,0.0,0.0
2019-02-19,20,0,33,0.0,0.0,0.0,0.0,0.0
2019-02-19,20,0,34,0.0,0.0,0.0,0.0,0.0
2019-02-19,20,0,35,0.0,0.0,0.0,0.0,0.0
2019-02-19,20,0,36,0.0,0.0,0.0,0.0,0.0
2019-02-19,20,0,37,0.0,0.0,0.0,0.0,0.0
2019-02-19,20,0,38,0.0,0.0,0.0,0.0,0.0
2019-02-19,20,0,39,0.0,0.0,0.0,0.0,0.0
2019-02-19,20,0,40,0.0,0.0,0.0,0.0,0.0
2019-02-19,20,0,41,12.97,12.97,0.0,368.945889,0.0
2019-02-19,20,0,42,0.0,0.0,0.0,0.0,0.0
2019-02-19,20,0,43,0.0,0.0,0.0,0.0,0.0
2019-02-19,20,0,46,0.0,0.0,0.0,0.0,0.0
2019-02-19,20,0,52,0.0,0.0,0.0,0.0,0.0
2019-02-19,20,0,53,0.0,0.0,0.0,0.0,0.0
2019-02-19,20,0,55,0.0,0.0,0.0,0.0,0.0
2019-02-19,20,0,56,0.0,0.0,0.0,0.0,0.0
2019-02-19,20,0,57,0.0,0.0,0.0,0.0,0.0
2019-02-19,20,0,58,0.0,0.0,0.0,0.0,0.0
2019-02-19,20,0,59,0.0,0.0,0.0,0.0,0.0
2019-02-19,20,0,63,5.46,5.46,0.0,160.58019,0.0
2019-02-19,20,0,64,6.42,6.42,0.0,188.814069,0.0
2019-02-19,20,0,65,0.0,0.0,0.0,0.0,0.0
2019-02-19,20,0,67,0.0,0.0,0.0,0.0,0.0
2019-02-19,20,0,68,0.0,0.0,0.0,0.0,0.0
2019-02-19,20,0,69,0.0,0.0,0.0,0.0,0.0
2019-02-19,20,0,74,23.31,23.31,0.0,683.479045,0.0
2019-02-19,20,0,77,0.0,0.0,0.0,0.0,0.0
2019-02-19,20,0,78,0.0,0.0,0.0,0.0,0.0
2019-02-19,20,0,79,0.0,0.0,0.0,0.0,0.0
2019-02-19,20,0,80,0.0,0.0,0.0,0.0,0.0
2019-02-19,20,0,81,0.0,0.0,0.0,0.0,0.0
2019-02-19,20,0,82,0.0,0.0,0.0,0.0,0.0
2019-02-19,20,0,83,0.0,0.0,0.0,0.0,0.0
2019-02-19,20,0,84,0.0,0.0,0.0,0.0,0.0
2019-02-19,20,0,86,0.0,0.0,0.0,0.0,0.0
2019-02-19,20,0,87,0.0,0.0,0.0,0.0,0.0
2019-02-19,20,0,88,0.0,0.0,0.0,0.0,0.0
2019-02-19,20,0,89,0.0,0.0,0.0,0.0,0.0
2019-02-19,20,0,90,0.0,0.0,0.0,0.0,0.0
2019-02-19,20,0,91,0.0,0.0,0.0,0.0,0.0
2019-02-19,20,0,92,0.0,0.0,0.0,0.0,0.0
2019-02-19,20,0,95,26.89,26.89,0.0,800.555738,0.0
2019-02-19,20,0,96,1.19,1.19,0.0,33.704763,0.0
2019-02-19,20,0,97,8.56,8.56,0.0,242.447705,0.0
2019-02-19,20,0,99,4.5,4.5,0.0,131.945762,0.0
2019-02-19,20,0,101,0.0,0.0,0.0,0.0,0.0
2019-02-19,20,0,102,0.0,0.0,0.0,0.0,0.0
2019-02-19,20,0,103,0.0,0.0,0.0,0.0,0.0
2019-02-19,20,0,104,0.0,0.0,0.0,0.0,0.0
2019-02-19,20,0,106,0.0,0.0,0.0,0.0,0.0
2019-02-19,20,0,109,4.77,4.77,0.0,133.754707,0.0
2019-02-19,20,0,110,19.72,19.72,0.0,573.166191,0.0
2019-02-19,20,0,111,0.0,0.0,0.0,0.0,0.0
2019-02-19,20,0,113,0.0,0.0,0.0,0.0,0.0
2019-02-19,20,0,115,0.0,0.0,0.0,0.0,0.0
2019-02-19,20,0,116,0.0,0.0,0.0,0.0,0.0
2019-02-19,20,0,117,0.0,0.0,0.0,0.0,0.0
2019-02-19,20,0,119,6.42,6.42,0.0,188.814069,0.0
2019-02-19,20,0,120,3.77,3.77,0.0,110.876798,0.0
2019-02-19,20,0,123,0.0,0.0,0.0,0.0,0.0
2019-02-19,20,0,125,0.0,0.0,0.0,0.0,0.0
2019-02-19,20,0,126,0.0,0.0,0.0,0.0,0.0
2019-02-19,20,0,127,0.0,0.0,0.0,0.0,0.0
2019-02-19,20,0,128,0.0,0.0,0.0,0.0,0.0
2019-02-19,20,0,131,0.0,0.0,0.0,0.0,0.0
2019-02-19,20,0,132,0.0,0.0,0.0,0.0,0.0
2019-02-19,20,0,133,11.77,11.77,0.0,360.998415,0.0
2019-02-19,20,0,134,0.0,0.0,0.0,0.0,0.0
2019-02-19,20,0,135,15.68,15.68,0.0,480.922273,0.0
2019-02-19,20,0,136,0.0,0.0,0.0,0.0,0.0
2019-02-19,20,0,139,17.36,17.36,0.0,493.824258,0.0
2019-02-19,20,0,140,14.6,14.6,0.0,424.352251,0.0
2019-02-19,20,0,141,11.01,11.01,0.0,316.200857,0.0
2019-02-19,20,0,142,0.0,0.0,0.0,0.0,0.0
2019-02-19,20,0,143,0.0,0.0,0.0,0.0,0.0
2019-02-19,20,0,145,1.63,1.63,0.0,46.000661,0.0
2019-02-19,20,0,146,26.54,26.54,0.0,771.391009,0.0
2019-02-19,20,0,152,0.0,0.0,0.0,0.0,0.0
2019-02-19,20,0,153,0.0,0.0,0.0,0.0,0.0
2019-02-19,20,0,154,0.0,0.0,0.0,0.0,0.0
2019-02-19,20,0,157,35.29,35.29,0.0,1013.50847,0.0
2019-02-19,20,0,158,0.0,0.0,0.0,0.0,0.0
2019-02-19,20,0,159,0.0,0.0,0.0,0.0,0.0
2019-02-19,20,0,160,0.0,0.0,0.0,0.0,0.0
2019-02-19,20,0,161,0.0,0.0,0.0,0.0,0.0
2019-02-19,20,0,162,19.32,19.32,0.0,575.057317,0.0
2019-02-19,20,0,163,0.0,0.0,0.0,0.0,0.0
2019-02-19,20,0,164,0.0,0.0,0.0,0.0,0.0
2019-02-19,20,0,167,0.0,0.0,0.0,0.0,0.0
2019-02-19,20,0,168,0.0,0.0,0.0,0.0,0.0
2019-02-19,20,0,169,0.0,0.0,0.0,0.0,0.0
2019-02-19,20,0,170,0.0,0.0,0.0,0.0,0.0
2019-02-19,20,0,172,0.0,0.0,0.0,0.0,0.0
2019-02-19,20,0,173,0.0,0.0,0.0,0.0,0.0
2019-02-19,20,0,188,0.0,0.0,0.0,0.0,0.0
2019-02-19,20,0,190,0.0,0.0,0.0,0.0,0.0
2019-02-19,20,0,191,0.0,0.0,0.0,0.0,0.0
2019-02-19,20,0,192,0.0,0.0,0.0,0.0,0.0
2019-02-19,20,0,194,5.49,5.49,0.0,156.184592,0.0
2019-02-19,20,0,196,0.0,0.0,0.0,0.0,0.0
2019-02-19,20,0,198,0.0,0.0,0.0,0.0,0.0
2019-02-19,20,0,199,13.23,13.23,0.0,251.420081,0.0
2019-02-19,20,0,200,0.0,0.0,0.0,0.0,0.0
2019-02-19,20,0,204,29.53,29.53,0.0,825.546796,0.0
2019-02-19,20,0,205,25.21,25.21,0.0,706.909049,0.0
2019-02-19,20,0,206,32.44,32.44,0.0,918.808826,0.0
2019-02-19,20,0,210,0.0,0.0,0.0,0.0,0.0
2019-02-19,20,0,214,0.0,0.0,0.0,0.0,0.0
2019-02-19,20,0,217,0.0,0.0,0.0,0.0,0.0
2019-02-19,20,0,218,0.0,0.0,0.0,0.0,0.0
2019-02-19,20,0,219,0.0,0.0,0.0,0.0,0.0
2019-02-19,20,0,221,0.0,0.0,0.0,0.0,0.0
2019-02-19,20,0,225,0.0,0.0,0.0,0.0,0.0
2019-02-19,20,0,233,0.0,0.0,0.0,0.0,0.0
2019-02-19,20,0,236,31.41,31.41,0.0,940.703089,0.0
2019-02-19,20,0,237,55.91,55.91,0.0,1639.352784,0.0
2019-02-19,20,0,238,0.0,0.0,0.0,0.0,0.0
2019-02-19,20,0,240,0.0,0.0,0.0,0.0,0.0
2019-02-19,20,0,245,7.06,7.06,0.0,217.824362,0.0
2019-02-19,20,0,247,5.5,5.5,0.0,169.6932,0.0
2019-02-19,20,0,248,5.61,5.61,0.0,164.492383,0.0
2019-02-19,20,0,249,13.58,13.58,0.0,418.987938,0.0
2019-02-19,20,0,251,7.75,7.75,0.0,236.622224,0.0
2019-02-19,20,0,252,0.0,0.0,0.0,0.0,0.0
2019-02-19,20,0,254,0.0,0.0,0.0,0.0,0.0
2019-02-19,20,0,255,0.0,0.0,0.0,0.0,0.0
2019-02-19,20,0,258,0.0,0.0,0.0,0.0,0.0
2019-02-19,20,0,260,0.0,0.0,0.0,0.0,0.0
2019-02-19,20,0,265,0.0,0.0,0.0,0.0,0.0
2019-02-19,20,0,266,10.58,10.58,0.0,300.959715,0.0
2019-02-19,20,0,267,13.38,13.38,0.0,380.608789,0.0
2019-02-19,20,0,270,0.0,0.0,0.0,0.0,0.0
2019-02-19,20,0,272,0.0,0.0,0.0,0.0,0.0
2019-02-19,20,0,273,0.0,0.0,0.0,0.0,0.0
2019-02-19,20,0,274,0.0,0.0,0.0,0.0,0.0
2019-02-19,20,0,275,0.0,0.0,0.0,0.0,0.0
2019-02-19,20,0,276,0.0,0.0,0.0,0.0,0.0
2019-02-19,20,0,277,0.0,0.0,0.0,0.0,0.0
2019-02-19,20,0,278,0.0,0.0,0.0,0.0,0.0
2019-02-19,20,0,279,17.22,17.22,0.0,490.95018,0.0
2019-02-19,20,0,281,0.0,0.0,0.0,0.0,0.0
2019-02-19,20,0,282,0.0,0.0,0.0,0.0,0.0
2019-02-19,21,0,9,0.0,0.0,0.0,0.0,0.0
2019-02-19,21,0,17,0.0,0.0,0.0,0.0,0.0
2019-02-19,21,0,19,116.81,116.81,0.0,2633.311503,0.0
2019-02-19,21,0,20,141.67,141.67,0.0,3193.744035,0.0
2019-02-19,21,0,21,0.0,0.0,0.0,0.0,0.0
2019-02-19,21,0,22,0.0,0.0,0.0,0.0,0.0
2019-02-19,21,0,23,0.0,0.0,0.0,0.0,0.0
2019-02-19,21,0,24,0.0,0.0,0.0,0.0,0.0
2019-02-19,21,0,29,0.0,0.0,0.0,0.0,0.0
2019-02-19,21,0,30,0.0,0.0,0.0,0.0,0.0
2019-02-19,21,0,31,0.0,0.0,0.0,0.0,0.0
2019-02-19,21,0,32,0.0,0.0,0.0,0.0,0.0
2019-02-19,21,0,33,0.0,0.0,0.0,0.0,0.0
2019-02-19,21,0,34,0.0,0.0,0.0,0.0,0.0
2019-02-19,21,0,35,0.0,0.0,0.0,0.0,0.0
2019-02-19,21,0,36,0.0,0.0,0.0,0.0,0.0
2019-02-19,21,0,37,0.0,0.0,0.0,0.0,0.0
2019-02-19,21,0,38,0.0,0.0,0.0,0.0,0.0
2019-02-19,21,0,39,0.0,0.0,0.0,0.0,0.0
2019-02-19,21,0,40,0.0,0.0,0.0,0.0,0.0
2019-02-19,21,0,41,8.37,8.37,0.0,228.790865,0.0
2019-02-19,21,0,42,0.0,0.0,0.0,0.0,0.0
2019-02-19,21,0,43,0.0,0.0,0.0,0.0,0.0
2019-02-19,21,0,46,0.0,0.0,0.0,0.0,0.0
2019-02-19,21,0,52,0.0,0.0,0.0,0.0,0.0
2019-02-19,21,0,53,0.0,0.0,0.0,0.0,0.0
2019-02-19,21,0,55,0.0,0.0,0.0,0.0,0.0
2019-02-19,21,0,56,0.0,0.0,0.0,0.0,0.0
2019-02-19,21,0,57,0.0,0.0,0.0,0.0,0.0
2019-02-19,21,0,58,0.0,0.0,0.0,0.0,0.0
2019-02-19,21,0,59,0.0,0.0,0.0,0.0,0.0
2019-02-19,21,0,63,0.0,0.0,0.0,0.0,0.0
2019-02-19,21,0,64,0.0,0.0,0.0,0.0,0.0
2019-02-19,21,0,65,1.21,1.21,0.0,27.429262,0.0
2019-02-19,21,0,67,0.0,0.0,0.0,0.0,0.0
2019-02-19,21,0,68,0.2,0.2,0.0,5.058205,0.0
2019-02-19,21,0,69,0.0,0.0,0.0,0.0,0.0
2019-02-19,21,0,74,11.99,11.99,0.0,309.543195,0.0
2019-02-19,21,0,77,0.0,0.0,0.0,0.0,0.0
2019-02-19,21,0,78,0.0,0.0,0.0,0.0,0.0
2019-02-19,21,0,79,0.0,0.0,0.0,0.0,0.0
2019-02-19,21,0,80,0.0,0.0,0.0,0.0,0.0
2019-02-19,21,0,81,0.0,0.0,0.0,0.0,0.0
2019-02-19,21,0,82,0.0,0.0,0.0,0.0,0.0
2019-02-19,21,0,83,0.0,0.0,0.0,0.0,0.0
2019-02-19,21,0,84,0.0,0.0,0.0,0.0,0.0
2019-02-19,21,0,86,0.0,0.0,0.0,0.0,0.0
2019-02-19,21,0,87,0.0,0.0,0.0,0.0,0.0
2019-02-19,21,0,88,3.47,3.47,0.0,88.21172,0.0
2019-02-19,21,0,89,3.33,3.33,0.0,84.652746,0.0
2019-02-19,21,0,90,4.48,4.48,0.0,113.887178,0.0
2019-02-19,21,0,91,15.97,15.97,0.0,405.977284,0.0
2019-02-19,21,0,92,5.74,5.74,0.0,145.917947,0.0
2019-02-19,21,0,95,6.67,6.67,0.0,169.509335,0.0
2019-02-19,21,0,96,1.29,1.29,0.0,34.861356,0.0
2019-02-19,21,0,97,7.95,7.95,0.0,214.843239,0.0
2019-02-19,21,0,99,2.31,2.31,0.0,59.636762,0.0
2019-02-19,21,0,101,0.0,0.0,0.0,0.0,0.0
2019-02-19,21,0,102,0.48,0.48,0.0,12.139691,0.0
2019-02-19,21,0,103,0.42,0.42,0.0,10.62223,0.0
2019-02-19,21,0,104,0.08,0.08,0.0,2.023282,0.0
2019-02-19,21,0,106,0.0,0.0,0.0,0.0,0.0
2019-02-19,21,0,109,4.26,4.26,0.0,122.894749,0.0
2019-02-19,21,0,110,0.0,0.0,0.0,0.0,0.0
2019-02-19,21,0,111,0.0,0.0,0.0,0.0,0.0
2019-02-19,21,0,113,0.0,0.0,0.0,0.0,0.0
2019-02-19,21,0,115,0.0,0.0,0.0,0.0,0.0
2019-02-19,21,0,116,0.0,0.0,0.0,0.0,0.0
2019-02-19,21,0,117,0.0,0.0,0.0,0.0,0.0
2019-02-19,21,0,119,0.0,0.0,0.0,0.0,0.0
2019-02-19,21,0,120,0.0,0.0,0.0,0.0,0.0
2019-02-19,21,0,123,0.0,0.0,0.0,0.0,0.0
2019-02-19,21,0,125,0.0,0.0,0.0,0.0,0.0
2019-02-19,21,0,126,0.0,0.0,0.0,0.0,0.0
2019-02-19,21,0,127,0.0,0.0,0.0,0.0,0.0
2019-02-19,21,0,128,0.0,0.0,0.0,0.0,0.0
2019-02-19,21,0,131,0.0,0.0,0.0,0.0,0.0
2019-02-19,21,0,132,0.0,0.0,0.0,0.0,0.0
2019-02-19,21,0,133,8.79,8.79,0.0,198.054021,0.0
2019-02-19,21,0,134,0.0,0.0,0.0,0.0,0.0
2019-02-19,21,0,135,11.43,11.43,0.0,257.537823,0.0
2019-02-19,21,0,136,1.19,1.19,0.0,26.98407,0.0
2019-02-19,21,0,139,11.03,11.03,0.0,301.500984,0.0
2019-02-19,21,0,140,0.0,0.0,0.0,0.0,0.0
2019-02-19,21,0,141,0.0,0.0,0.0,0.0,0.0
2019-02-19,21,0,142,0.0,0.0,0.0,0.0,0.0
2019-02-19,21,0,143,0.0,0.0,0.0,0.0,0.0
2019-02-19,21,0,145,1.39,1.39,0.0,38.505274,0.0
2019-02-19,21,0,146,14.76,14.76,0.0,371.833993,0.0
2019-02-19,21,0,152,0.0,0.0,0.0,0.0,0.0
2019-02-19,21,0,153,0.0,0.0,0.0,0.0,0.0
2019-02-19,21,0,154,0.0,0.0,0.0,0.0,0.0
2019-02-19,21,0,157,32.38,32.38,0.0,818.134065,0.0
2019-02-19,21,0,158,0.0,0.0,0.0,0.0,0.0
2019-02-19,21,0,159,0.0,0.0,0.0,0.0,0.0
2019-02-19,21,0,160,0.0,0.0,0.0,0.0,0.0
2019-02-19,21,0,161,0.0,0.0,0.0,0.0,0.0
2019-02-19,21,0,162,0.0,0.0,0.0,0.0,0.0
2019-02-19,21,0,163,0.0,0.0,0.0,0.0,0.0
2019-02-19,21,0,164,0.0,0.0,0.0,0.0,0.0
2019-02-19,21,0,167,0.0,0.0,0.0,0.0,0.0
2019-02-19,21,0,168,0.0,0.0,0.0,0.0,0.0
2019-02-19,21,0,169,0.0,0.0,0.0,0.0,0.0
2019-02-19,21,0,170,0.0,0.0,0.0,0.0,0.0
2019-02-19,21,0,172,0.0,0.0,0.0,0.0,0.0
2019-02-19,21,0,173,0.0,0.0,0.0,0.0,0.0
2019-02-19,21,0,188,0.0,0.0,0.0,0.0,0.0
2019-02-19,21,0,190,0.0,0.0,0.0,0.0,0.0
2019-02-19,21,0,191,0.0,0.0,0.0,0.0,0.0
2019-02-19,21,0,192,0.0,0.0,0.0,0.0,0.0
2019-02-19,21,0,194,0.0,0.0,0.0,0.0,0.0
2019-02-19,21,0,196,0.0,0.0,0.0,0.0,0.0
2019-02-19,21,0,198,0.0,0.0,0.0,0.0,0.0
2019-02-19,21,0,199,15.44,15.44,0.0,257.310286,0.0
2019-02-19,21,0,200,0.0,0.0,0.0,0.0,0.0
2019-02-19,21,0,204,34.03,34.03,0.0,987.962124,0.0
2019-02-19,21,0,205,19.77,19.77,0.0,570.335492,0.0
2019-02-19,21,0,206,23.35,23.35,0.0,631.017564,0.0
2019-02-19,21,0,210,0.0,0.0,0.0,0.0,0.0
2019-02-19,21,0,214,0.0,0.0,0.0,0.0,0.0
2019-02-19,21,0,217,0.0,0.0,0.0,0.0,0.0
2019-02-19,21,0,218,0.0,0.0,0.0,0.0,0.0
2019-02-19,21,0,219,0.0,0.0,0.0,0.0,0.0
2019-02-19,21,0,221,0.0,0.0,0.0,0.0,0.0
2019-02-19,21,0,225,0.0,0.0,0.0,0.0,0.0
2019-02-19,21,0,233,0.0,0.0,0.0,0.0,0.0
2019-02-19,21,0,236,28.11,28.11,0.0,683.514931,0.0
2019-02-19,21,0,237,28.77,28.77,0.0,742.748768,0.0
2019-02-19,21,0,238,0.0,0.0,0.0,0.0,0.0
2019-02-19,21,0,240,0.0,0.0,0.0,0.0,0.0
2019-02-19,21,0,245,16.27,16.27,0.0,359.288818,0.0
2019-02-19,21,0,247,8.46,8.46,0.0,186.821352,0.0
2019-02-19,21,0,248,2.89,2.89,0.0,74.610495,0.0
2019-02-19,21,0,249,31.28,31.28,0.0,690.75318,0.0
2019-02-19,21,0,251,29.0,29.0,0.0,663.3599,0.0
2019-02-19,21,0,252,7.81,7.81,0.0,177.043421,0.0
2019-02-19,21,0,254,0.0,0.0,0.0,0.0,0.0
2019-02-19,21,0,255,0.0,0.0,0.0,0.0,0.0
2019-02-19,21,0,258,0.0,0.0,0.0,0.0,0.0
2019-02-19,21,0,260,0.0,0.0,0.0,0.0,0.0
2019-02-19,21,0,265,0.0,0.0,0.0,0.0,0.0
2019-02-19,21,0,266,6.91,6.91,0.0,188.882303,0.0
2019-02-19,21,0,267,8.62,8.62,0.0,235.624522,0.0
2019-02-19,21,0,270,0.0,0.0,0.0,0.0,0.0
2019-02-19,21,0,272,0.0,0.0,0.0,0.0,0.0
2019-02-19,21,0,273,0.0,0.0,0.0,0.0,0.0
2019-02-19,21,0,274,0.0,0.0,0.0,0.0,0.0
2019-02-19,21,0,275,0.0,0.0,0.0,0.0,0.0
2019-02-19,21,0,276,0.0,0.0,0.0,0.0,0.0
2019-02-19,21,0,277,0.0,0.0,0.0,0.0,0.0
2019-02-19,21,0,278,0.0,0.0,0.0,0.0,0.0
2019-02-19,21,0,279,16.55,16.55,0.0,417.191252,0.0
2019-02-19,21,0,281,0.0,0.0,0.0,0.0,0.0
2019-02-19,21,0,282,0.0,0.0,0.0,0.0,0.0
2019-02-19,22,0,9,0.0,0.0,0.0,0.0,0.0
2019-02-19,22,0,17,0.0,0.0,0.0,0.0,0.0
2019-02-19,22,0,19,103.85,103.85,0.0,1943.860914,0.0
2019-02-19,22,0,20,125.96,125.96,0.0,2357.715173,0.0
2019-02-19,22,0,21,0.0,0.0,0.0,0.0,0.0
2019-02-19,22,0,22,0.0,0.0,0.0,0.0,0.0
2019-02-19,22,0,23,5.81,5.81,0.0,129.506214,0.0
2019-02-19,22,0,24,10.28,10.28,0.0,229.143526,0.0
2019-02-19,22,0,29,0.0,0.0,0.0,0.0,0.0
2019-02-19,22,0,30,0.0,0.0,0.0,0.0,0.0
2019-02-19,22,0,31,1.04,1.04,0.0,23.200522,0.0
2019-02-19,22,0,32,0.0,0.0,0.0,0.0,0.0
2019-02-19,22,0,33,0.0,0.0,0.0,0.0,0.0
2019-02-19,22,0,34,0.0,0.0,0.0,0.0,0.0
2019-02-19,22,0,35,0.0,0.0,0.0,0.0,0.0
2019-02-19,22,0,36,0.0,0.0,0.0,0.0,0.0
2019-02-19,22,0,37,0.0,0.0,0.0,0.0,0.0
2019-02-19,22,0,38,0.0,0.0,0.0,0.0,0.0
2019-02-19,22,0,39,0.0,0.0,0.0,0.0,0.0
2019-02-19,22,0,40,0.0,0.0,0.0,0.0,0.0
2019-02-19,22,0,41,0.0,0.0,0.0,0.0,0.0
2019-02-19,22,0,42,0.0,0.0,0.0,0.0,0.0
2019-02-19,22,0,43,0.0,0.0,0.0,0.0,0.0
2019-02-19,22,0,46,0.0,0.0,0.0,0.0,0.0
2019-02-19,22,0,52,1.1,1.1,0.0,24.539013,0.0
2019-02-19,22,0,53,1.74,1.74,0.0,38.816257,0.0
2019-02-19,22,0,55,0.0,0.0,0.0,0.0,0.0
2019-02-19,22,0,56,0.0,0.0,0.0,0.0,0.0
2019-02-19,22,0,57,0.0,0.0,0.0,0.0,0.0
2019-02-19,22,0,58,0.0,0.0,0.0,0.0,0.0
2019-02-19,22,0,59,0.0,0.0,0.0,0.0,0.0
2019-02-19,22,0,63,0.0,0.0,0.0,0.0,0.0
2019-02-19,22,0,64,0.0,0.0,0.0,0.0,0.0
2019-02-19,22,0,65,4.35,4.35,0.0,81.57612,0.0
2019-02-19,22,0,67,0.0,0.0,0.0,0.0,0.0
2019-02-19,22,0,68,0.29,0.29,0.0,7.033041,0.0
2019-02-19,22,0,69,0.0,0.0,0.0,0.0,0.0
2019-02-19,22,0,74,10.18,10.18,0.0,200.631193,0.0
2019-02-19,22,0,77,8.68,8.68,0.0,208.36308,0.0
2019-02-19,22,0,78,6.56,6.56,0.0,157.472558,0.0
2019-02-19,22,0,79,3.8,3.8,0.0,91.21886,0.0
2019-02-19,22,0,80,6.14,6.14,0.0,147.390474,0.0
2019-02-19,22,0,81,8.03,8.03,0.0,192.759854,0.0
2019-02-19,22,0,82,5.66,5.66,0.0,135.868091,0.0
2019-02-19,22,0,83,12.62,12.62,0.0,302.942635,0.0
2019-02-19,22,0,84,0.0,0.0,0.0,0.0,0.0
2019-02-19,22,0,86,0.0,0.0,0.0,0.0,0.0
2019-02-19,22,0,87,0.0,0.0,0.0,0.0,0.0
2019-02-19,22,0,88,7.65,7.65,0.0,183.637968,0.0
2019-02-19,22,0,89,7.36,7.36,0.0,176.676529,0.0
2019-02-19,22,0,90,9.88,9.88,0.0,237.169036,0.0
2019-02-19,22,0,91,35.23,35.23,0.0,845.694851,0.0
2019-02-19,22,0,92,12.67,12.67,0.0,304.142883,0.0
2019-02-19,22,0,95,0.0,0.0,0.0,0.0,0.0
2019-02-19,22,0,96,3.2,3.2,0.0,71.44631,0.0
2019-02-19,22,0,97,19.67,19.67,0.0,439.171535,0.0
2019-02-19,22,0,99,1.96,1.96,0.0,38.628403,0.0
2019-02-19,22,0,101,0.0,0.0,0.0,0.0,0.0
2019-02-19,22,0,102,0.69,0.69,0.0,16.733788,0.0
2019-02-19,22,0,103,0.6,0.6,0.0,14.55112,0.0
2019-02-19,22,0,104,0.11,0.11,0.0,2.667705,0.0
2019-02-19,22,0,106,0.0,0.0,0.0,0.0,0.0
2019-02-19,22,0,109,11.13,11.13,0.0,231.298229,0.0
2019-02-19,22,0,110,0.0,0.0,0.0,0.0,0.0
2019-02-19,22,0,111,0.0,0.0,0.0,0.0,0.0
2019-02-19,22,0,113,0.0,0.0,0.0,0.0,0.0
2019-02-19,22,0,115,0.0,0.0,0.0,0.0,0.0
2019-02-19,22,0,116,0.0,0.0,0.0,0.0,0.0
2019-02-19,22,0,117,0.0,0.0,0.0,0.0,0.0
2019-02-19,22,0,119,0.0,0.0,0.0,0.0,0.0
2019-02-19,22,0,120,0.0,0.0,0.0,0.0,0.0
2019-02-19,22,0,123,0.0,0.0,0.0,0.0,0.0
2019-02-19,22,0,125,9.3,9.3,0.0,207.299104,0.0
2019-02-19,22,0,126,0.0,0.0,0.0,0.0,0.0
2019-02-19,22,0,127,0.0,0.0,0.0,0.0,0.0
2019-02-19,22,0,128,13.32,13.32,0.0,296.905813,0.0
2019-02-19,22,0,131,1.08,1.08,0.0,26.146342,0.0
2019-02-19,22,0,132,1.58,1.58,0.0,38.25113,0.0
2019-02-19,22,0,133,13.87,13.87,0.0,259.572257,0.0
2019-02-19,22,0,134,0.0,0.0,0.0,0.0,0.0
2019-02-19,22,0,135,18.58,18.58,0.0,347.71828,0.0
2019-02-19,22,0,136,3.38,3.38,0.0,63.392108,0.0
2019-02-19,22,0,139,0.0,0.0,0.0,0.0,0.0
2019-02-19,22,0,140,0.0,0.0,0.0,0.0,0.0
2019-02-19,22,0,141,0.0,0.0,0.0,0.0,0.0
2019-02-19,22,0,142,0.0,0.0,0.0,0.0,0.0
2019-02-19,22,0,143,3.37,3.37,0.0,75.178613,0.0
2019-02-19,22,0,145,4.52,4.52,0.0,98.26679,0.0
2019-02-19,22,0,146,10.57,10.57,0.0,263.141686,0.0
2019-02-19,22,0,152,0.0,0.0,0.0,0.0,0.0
2019-02-19,22,0,153,0.0,0.0,0.0,0.0,0.0
2019-02-19,22,0,154,0.0,0.0,0.0,0.0,0.0
2019-02-19,22,0,157,31.74,31.74,0.0,774.780364,0.0
2019-02-19,22,0,158,0.0,0.0,0.0,0.0,0.0
2019-02-19,22,0,159,0.0,0.0,0.0,0.0,0.0
2019-02-19,22,0,160,0.0,0.0,0.0,0.0,0.0
2019-02-19,22,0,161,0.0,0.0,0.0,0.0,0.0
2019-02-19,22,0,162,0.0,0.0,0.0,0.0,0.0
2019-02-19,22,0,163,0.0,0.0,0.0,0.0,0.0
2019-02-19,22,0,164,0.0,0.0,0.0,0.0,0.0
2019-02-19,22,0,167,0.0,0.0,0.0,0.0,0.0
2019-02-19,22,0,168,0.0,0.0,0.0,0.0,0.0
2019-02-19,22,0,169,0.0,0.0,0.0,0.0,0.0
2019-02-19,22,0,170,0.0,0.0,0.0,0.0,0.0
2019-02-19,22,0,172,0.0,0.0,0.0,0.0,0.0
2019-02-19,22,0,173,0.0,0.0,0.0,0.0,0.0
2019-02-19,22,0,188,0.0,0.0,0.0,0.0,0.0
2019-02-19,22,0,190,0.0,0.0,0.0,0.0,0.0
2019-02-19,22,0,191,0.0,0.0,0.0,0.0,0.0
2019-02-19,22,0,192,8.29,8.29,0.0,209.27774,0.0
2019-02-19,22,0,194,0.0,0.0,0.0,0.0,0.0
2019-02-19,22,0,196,0.0,0.0,0.0,0.0,0.0
2019-02-19,22,0,198,0.0,0.0,0.0,0.0,0.0
2019-02-19,22,0,199,24.43,24.43,0.0,502.29584,0.0
2019-02-19,22,0,200,0.0,0.0,0.0,0.0,0.0
2019-02-19,22,0,204,59.89,59.89,0.0,1250.401579,0.0
2019-02-19,22,0,205,55.38,55.38,0.0,1150.880138,0.0
2019-02-19,22,0,206,57.81,57.81,0.0,1290.72224,0.0
2019-02-19,22,0,210,0.0,0.0,0.0,0.0,0.0
2019-02-19,22,0,214,0.0,0.0,0.0,0.0,0.0
2019-02-19,22,0,217,0.0,0.0,0.0,0.0,0.0
2019-02-19,22,0,218,0.0,0.0,0.0,0.0,0.0
2019-02-19,22,0,219,0.0,0.0,0.0,0.0,0.0
2019-02-19,22,0,221,0.0,0.0,0.0,0.0,0.0
2019-02-19,22,0,225,0.0,0.0,0.0,0.0,0.0
2019-02-19,22,0,233,0.0,0.0,0.0,0.0,0.0
2019-02-19,22,0,236,33.9,33.9,0.0,651.029355,0.0
2019-02-19,22,0,237,24.41,24.41,0.0,481.081278,0.0
2019-02-19,22,0,238,0.0,0.0,0.0,0.0,0.0
2019-02-19,22,0,240,0.0,0.0,0.0,0.0,0.0
2019-02-19,22,0,245,29.81,29.81,0.0,554.127963,0.0
2019-02-19,22,0,247,13.13,13.13,0.0,244.06911,0.0
2019-02-19,22,0,248,2.45,2.45,0.0,48.285503,0.0
2019-02-19,22,0,249,57.33,57.33,0.0,1065.687894,0.0
2019-02-19,22,0,251,204.9,204.9,0.0,3854.346025,0.0
2019-02-19,22,0,252,28.03,28.03,0.0,525.650264,0.0
2019-02-19,22,0,254,0.0,0.0,0.0,0.0,0.0
2019-02-19,22,0,255,0.0,0.0,0.0,0.0,0.0
2019-02-19,22,0,258,0.0,0.0,0.0,0.0,0.0
2019-02-19,22,0,260,0.0,0.0,0.0,0.0,0.0
2019-02-19,22,0,265,0.0,0.0,0.0,0.0,0.0
2019-02-19,22,0,266,0.0,0.0,0.0,0.0,0.0
2019-02-19,22,0,267,0.0,0.0,0.0,0.0,0.0
2019-02-19,22,0,270,0.0,0.0,0.0,0.0,0.0
2019-02-19,22,0,272,0.0,0.0,0.0,0.0,0.0
2019-02-19,22,0,273,0.0,0.0,0.0,0.0,0.0
2019-02-19,22,0,274,0.0,0.0,0.0,0.0,0.0
2019-02-19,22,0,275,0.0,0.0,0.0,0.0,0.0
2019-02-19,22,0,276,0.0,0.0,0.0,0.0,0.0
2019-02-19,22,0,277,0.0,0.0,0.0,0.0,0.0
2019-02-19,22,0,278,0.0,0.0,0.0,0.0,0.0
2019-02-19,22,0,279,6.51,6.51,0.0,157.62042,0.0
2019-02-19,22,0,281,0.46,0.46,0.0,10.261769,0.0
2019-02-19,22,0,282,0.0,0.0,0.0,0.0,0.0
2019-02-19,23,0,9,0.0,0.0,0.0,0.0,0.0
2019-02-19,23,0,17,0.0,0.0,0.0,0.0,0.0
2019-02-19,23,0,19,209.05,209.05,0.0,3942.284931,0.0
2019-02-19,23,0,20,253.54,253.54,0.0,4781.281614,0.0
2019-02-19,23,0,21,0.0,0.0,0.0,0.0,0.0
2019-02-19,23,0,22,0.0,0.0,0.0,0.0,0.0
2019-02-19,23,0,23,3.15,3.15,0.0,87.339764,0.0
2019-02-19,23,0,24,5.57,5.57,0.0,154.438884,0.0
2019-02-19,23,0,29,0.0,0.0,0.0,0.0,0.0
2019-02-19,23,0,30,0.0,0.0,0.0,0.0,0.0
2019-02-19,23,0,31,0.0,0.0,0.0,0.0,0.0
2019-02-19,23,0,32,0.0,0.0,0.0,0.0,0.0
2019-02-19,23,0,33,0.0,0.0,0.0,0.0,0.0
2019-02-19,23,0,34,0.0,0.0,0.0,0.0,0.0
2019-02-19,23,0,35,0.0,0.0,0.0,0.0,0.0
2019-02-19,23,0,36,0.0,0.0,0.0,0.0,0.0
2019-02-19,23,0,37,0.0,0.0,0.0,0.0,0.0
2019-02-19,23,0,38,0.0,0.0,0.0,0.0,0.0
2019-02-19,23,0,39,0.0,0.0,0.0,0.0,0.0
2019-02-19,23,0,40,0.0,0.0,0.0,0.0,0.0
2019-02-19,23,0,41,0.0,0.0,0.0,0.0,0.0
2019-02-19,23,0,42,0.0,0.0,0.0,0.0,0.0
2019-02-19,23,0,43,0.0,0.0,0.0,0.0,0.0
2019-02-19,23,0,46,0.0,0.0,0.0,0.0,0.0
2019-02-19,23,0,52,0.0,0.0,0.0,0.0,0.0
2019-02-19,23,0,53,0.0,0.0,0.0,0.0,0.0
2019-02-19,23,0,55,0.0,0.0,0.0,0.0,0.0
2019-02-19,23,0,56,0.0,0.0,0.0,0.0,0.0
2019-02-19,23,0,57,0.0,0.0,0.0,0.0,0.0
2019-02-19,23,0,58,0.0,0.0,0.0,0.0,0.0
2019-02-19,23,0,59,0.0,0.0,0.0,0.0,0.0
2019-02-19,23,0,63,0.0,0.0,0.0,0.0,0.0
2019-02-19,23,0,64,0.0,0.0,0.0,0.0,0.0
2019-02-19,23,0,65,4.59,4.59,0.0,95.546516,0.0
2019-02-19,23,0,67,0.0,0.0,0.0,0.0,0.0
2019-02-19,23,0,68,0.0,0.0,0.0,0.0,0.0
2019-02-19,23,0,69,0.0,0.0,0.0,0.0,0.0
2019-02-19,23,0,74,6.66,6.66,0.0,189.363661,0.0
2019-02-19,23,0,77,0.0,0.0,0.0,0.0,0.0
2019-02-19,23,0,78,0.0,0.0,0.0,0.0,0.0
2019-02-19,23,0,79,0.0,0.0,0.0,0.0,0.0
2019-02-19,23,0,80,0.0,0.0,0.0,0.0,0.0
2019-02-19,23,0,81,0.0,0.0,0.0,0.0,0.0
2019-02-19,23,0,82,0.0,0.0,0.0,0.0,0.0
2019-02-19,23,0,83,0.0,0.0,0.0,0.0,0.0
2019-02-19,23,0,84,0.0,0.0,0.0,0.0,0.0
2019-02-19,23,0,86,0.0,0.0,0.0,0.0,0.0
2019-02-19,23,0,87,0.0,0.0,0.0,0.0,0.0
2019-02-19,23,0,88,0.0,0.0,0.0,0.0,0.0
2019-02-19,23,0,89,0.0,0.0,0.0,0.0,0.0
2019-02-19,23,0,90,0.0,0.0,0.0,0.0,0.0
2019-02-19,23,0,91,0.0,0.0,0.0,0.0,0.0
2019-02-19,23,0,92,0.0,0.0,0.0,0.0,0.0
2019-02-19,23,0,95,0.0,0.0,0.0,0.0,0.0
2019-02-19,23,0,96,1.28,1.28,0.0,35.437488,0.0
2019-02-19,23,0,97,7.86,7.86,0.0,217.608322,0.0
2019-02-19,23,0,99,1.29,1.29,0.0,36.678547,0.0
2019-02-19,23,0,101,0.0,0.0,0.0,0.0,0.0
2019-02-19,23,0,102,0.0,0.0,0.0,0.0,0.0
2019-02-19,23,0,103,0.0,0.0,0.0,0.0,0.0
2019-02-19,23,0,104,0.0,0.0,0.0,0.0,0.0
2019-02-19,23,0,106,0.0,0.0,0.0,0.0,0.0
2019-02-19,23,0,109,0.0,0.0,0.0,0.0,0.0
2019-02-19,23,0,110,0.0,0.0,0.0,0.0,0.0
2019-02-19,23,0,111,0.0,0.0,0.0,0.0,0.0
2019-02-19,23,0,113,0.0,0.0,0.0,0.0,0.0
2019-02-19,23,0,115,0.0,0.0,0.0,0.0,0.0
2019-02-19,23,0,116,0.0,0.0,0.0,0.0,0.0
2019-02-19,23,0,117,0.0,0.0,0.0,0.0,0.0
2019-02-19,23,0,119,0.0,0.0,0.0,0.0,0.0
2019-02-19,23,0,120,0.0,0.0,0.0,0.0,0.0
2019-02-19,23,0,123,0.0,0.0,0.0,0.0,0.0
2019-02-19,23,0,125,5.04,5.04,0.0,139.743622,0.0
2019-02-19,23,0,126,0.0,0.0,0.0,0.0,0.0
2019-02-19,23,0,127,0.0,0.0,0.0,0.0,0.0
2019-02-19,23,0,128,7.22,7.22,0.0,200.188284,0.0
2019-02-19,23,0,131,0.0,0.0,0.0,0.0,0.0
2019-02-19,23,0,132,0.0,0.0,0.0,0.0,0.0
2019-02-19,23,0,133,30.4,30.4,0.0,567.677724,0.0
2019-02-19,23,0,134,0.0,0.0,0.0,0.0,0.0
2019-02-19,23,0,135,40.74,40.74,0.0,760.762845,0.0
2019-02-19,23,0,136,4.08,4.08,0.0,85.368828,0.0
2019-02-19,23,0,139,0.0,0.0,0.0,0.0,0.0
2019-02-19,23,0,140,0.0,0.0,0.0,0.0,0.0
2019-02-19,23,0,141,0.0,0.0,0.0,0.0,0.0
2019-02-19,23,0,142,0.0,0.0,0.0,0.0,0.0
2019-02-19,23,0,143,2.18,2.18,0.0,60.400561,0.0
2019-02-19,23,0,145,0.79,0.79,0.0,22.477231,0.0
2019-02-19,23,0,146,43.15,43.15,0.0,1087.877597,0.0
2019-02-19,23,0,152,0.0,0.0,0.0,0.0,0.0
2019-02-19,23,0,153,0.0,0.0,0.0,0.0,0.0
2019-02-19,23,0,154,0.0,0.0,0.0,0.0,0.0
2019-02-19,23,0,157,58.92,58.92,0.0,1498.899964,0.0
2019-02-19,23,0,158,0.0,0.0,0.0,0.0,0.0
2019-02-19,23,0,159,0.0,0.0,0.0,0.0,0.0
2019-02-19,23,0,160,0.0,0.0,0.0,0.0,0.0
2019-02-19,23,0,161,0.0,0.0,0.0,0.0,0.0
2019-02-19,23,0,162,0.0,0.0,0.0,0.0,0.0
2019-02-19,23,0,163,0.0,0.0,0.0,0.0,0.0
2019-02-19,23,0,164,0.0,0.0,0.0,0.0,0.0
2019-02-19,23,0,167,0.0,0.0,0.0,0.0,0.0
2019-02-19,23,0,168,0.0,0.0,0.0,0.0,0.0
2019-02-19,23,0,169,0.0,0.0,0.0,0.0,0.0
2019-02-19,23,0,170,0.0,0.0,0.0,0.0,0.0
2019-02-19,23,0,172,0.0,0.0,0.0,0.0,0.0
2019-02-19,23,0,173,0.0,0.0,0.0,0.0,0.0
2019-02-19,23,0,188,0.0,0.0,0.0,0.0,0.0
2019-02-19,23,0,190,0.0,0.0,0.0,0.0,0.0
2019-02-19,23,0,191,0.0,0.0,0.0,0.0,0.0
2019-02-19,23,0,192,0.0,0.0,0.0,0.0,0.0
2019-02-19,23,0,194,0.0,0.0,0.0,0.0,0.0
2019-02-19,23,0,196,0.0,0.0,0.0,0.0,0.0
2019-02-19,23,0,198,0.0,0.0,0.0,0.0,0.0
2019-02-19,23,0,199,2.58,2.58,0.0,49.402388,0.0
2019-02-19,23,0,200,0.0,0.0,0.0,0.0,0.0
2019-02-19,23,0,204,0.0,0.0,0.0,0.0,0.0
2019-02-19,23,0,205,0.0,0.0,0.0,0.0,0.0
2019-02-19,23,0,206,23.11,23.11,0.0,639.812765,0.0
2019-02-19,23,0,210,0.0,0.0,0.0,0.0,0.0
2019-02-19,23,0,214,0.0,0.0,0.0,0.0,0.0
2019-02-19,23,0,217,0.0,0.0,0.0,0.0,0.0
2019-02-19,23,0,218,0.0,0.0,0.0,0.0,0.0
2019-02-19,23,0,219,0.0,0.0,0.0,0.0,0.0
2019-02-19,23,0,221,0.0,0.0,0.0,0.0,0.0
2019-02-19,23,0,225,0.0,0.0,0.0,0.0,0.0
2019-02-19,23,0,233,0.0,0.0,0.0,0.0,0.0
2019-02-19,23,0,236,22.15,22.15,0.0,606.505814,0.0
2019-02-19,23,0,237,15.99,15.99,0.0,454.643384,0.0
2019-02-19,23,0,238,0.0,0.0,0.0,0.0,0.0
2019-02-19,23,0,240,0.0,0.0,0.0,0.0,0.0
2019-02-19,23,0,245,52.86,52.86,0.0,1054.807191,0.0
2019-02-19,23,0,247,26.9,26.9,0.0,536.78232,0.0
2019-02-19,23,0,248,1.6,1.6,0.0,45.492771,0.0
2019-02-19,23,0,249,101.65,101.65,0.0,2028.398618,0.0
2019-02-19,23,0,251,64.15,64.15,0.0,1413.688759,0.0
2019-02-19,23,0,252,29.59,29.59,0.0,615.952377,0.0
2019-02-19,23,0,254,0.0,0.0,0.0,0.0,0.0
2019-02-19,23,0,255,0.0,0.0,0.0,0.0,0.0
2019-02-19,23,0,258,0.0,0.0,0.0,0.0,0.0
2019-02-19,23,0,260,0.0,0.0,0.0,0.0,0.0
2019-02-19,23,0,265,0.0,0.0,0.0,0.0,0.0
2019-02-19,23,0,266,0.0,0.0,0.0,0.0,0.0
2019-02-19,23,0,267,0.0,0.0,0.0,0.0,0.0
2019-02-19,23,0,270,0.0,0.0,0.0,0.0,0.0
2019-02-19,23,0,272,0.0,0.0,0.0,0.0,0.0
2019-02-19,23,0,273,0.0,0.0,0.0,0.0,0.0
2019-02-19,23,0,274,0.0,0.0,0.0,0.0,0.0
2019-02-19,23,0,275,0.0,0.0,0.0,0.0,0.0
2019-02-19,23,0,276,0.0,0.0,0.0,0.0,0.0
2019-02-19,23,0,277,0.0,0.0,0.0,0.0,0.0
2019-02-19,23,0,278,0.0,0.0,0.0,0.0,0.0
2019-02-19,23,0,279,0.0,0.0,0.0,0.0,0.0
2019-02-19,23,0,281,0.0,0.0,0.0,0.0,0.0
2019-02-19,23,0,282,0.0,0.0,0.0,0.0,0.0
2019-02-20,0,0,9,0.0,0.0,0.0,0.0,0.0
2019-02-20,0,0,17,0.0,0.0,0.0,0.0,0.0
2019-02-20,0,0,19,474.83,474.83,0.0,2644.557251,0.0
2019-02-20,0,0,20,575.88,575.88,0.0,3207.353431,0.0
2019-02-20,0,0,21,0.0,0.0,0.0,0.0,0.0
2019-02-20,0,0,22,0.0,0.0,0.0,0.0,0.0
2019-02-20,0,0,23,2.8,2.8,0.0,45.171182,0.0
2019-02-20,0,0,24,4.96,4.96,0.0,80.017522,0.0
2019-02-20,0,0,29,0.0,0.0,0.0,0.0,0.0
2019-02-20,0,0,30,0.0,0.0,0.0,0.0,0.0
2019-02-20,0,0,31,0.0,0.0,0.0,0.0,0.0
2019-02-20,0,0,32,0.0,0.0,0.0,0.0,0.0
2019-02-20,0,0,33,0.0,0.0,0.0,0.0,0.0
2019-02-20,0,0,34,0.0,0.0,0.0,0.0,0.0
2019-02-20,0,0,35,0.0,0.0,0.0,0.0,0.0
2019-02-20,0,0,36,0.0,0.0,0.0,0.0,0.0
2019-02-20,0,0,37,0.0,0.0,0.0,0.0,0.0
2019-02-20,0,0,38,0.0,0.0,0.0,0.0,0.0
2019-02-20,0,0,39,0.0,0.0,0.0,0.0,0.0
2019-02-20,0,0,40,0.0,0.0,0.0,0.0,0.0
2019-02-20,0,0,41,0.0,0.0,0.0,0.0,0.0
2019-02-20,0,0,42,0.0,0.0,0.0,0.0,0.0
2019-02-20,0,0,43,0.0,0.0,0.0,0.0,0.0
2019-02-20,0,0,46,0.0,0.0,0.0,0.0,0.0
2019-02-20,0,0,52,0.0,0.0,0.0,0.0,0.0
2019-02-20,0,0,53,0.0,0.0,0.0,0.0,0.0
2019-02-20,0,0,55,0.0,0.0,0.0,0.0,0.0
2019-02-20,0,0,56,0.0,0.0,0.0,0.0,0.0
2019-02-20,0,0,57,0.0,0.0,0.0,0.0,0.0
2019-02-20,0,0,58,0.0,0.0,0.0,0.0,0.0
2019-02-20,0,0,59,0.0,0.0,0.0,0.0,0.0
2019-02-20,0,0,63,0.0,0.0,0.0,0.0,0.0
2019-02-20,0,0,64,0.0,0.0,0.0,0.0,0.0
2019-02-20,0,0,65,7.09,7.09,0.0,58.59114,0.0
2019-02-20,0,0,67,0.0,0.0,0.0,0.0,0.0
2019-02-20,0,0,68,0.0,0.0,0.0,0.0,0.0
2019-02-20,0,0,69,0.0,0.0,0.0,0.0,0.0
2019-02-20,0,0,74,6.21,6.21,0.0,102.334349,0.0
2019-02-20,0,0,77,0.0,0.0,0.0,0.0,0.0
2019-02-20,0,0,78,0.0,0.0,0.0,0.0,0.0
2019-02-20,0,0,79,0.0,0.0,0.0,0.0,0.0
2019-02-20,0,0,80,0.0,0.0,0.0,0.0,0.0
2019-02-20,0,0,81,0.0,0.0,0.0,0.0,0.0
2019-02-20,0,0,82,0.0,0.0,0.0,0.0,0.0
2019-02-20,0,0,83,0.0,0.0,0.0,0.0,0.0
2019-02-20,0,0,84,0.0,0.0,0.0,0.0,0.0
2019-02-20,0,0,86,0.0,0.0,0.0,0.0,0.0
2019-02-20,0,0,87,0.0,0.0,0.0,0.0,0.0
2019-02-20,0,0,88,0.0,0.0,0.0,0.0,0.0
2019-02-20,0,0,89,0.0,0.0,0.0,0.0,0.0
2019-02-20,0,0,90,0.0,0.0,0.0,0.0,0.0
2019-02-20,0,0,91,0.0,0.0,0.0,0.0,0.0
2019-02-20,0,0,92,0.0,0.0,0.0,0.0,0.0
2019-02-20,0,0,95,2.0,2.0,0.0,33.732628,0.0
2019-02-20,0,0,96,0.61,0.61,0.0,9.843748,0.0
2019-02-20,0,0,97,3.73,3.73,0.0,60.192097,0.0
2019-02-20,0,0,99,1.2,1.2,0.0,19.774754,0.0
2019-02-20,0,0,101,0.0,0.0,0.0,0.0,0.0
2019-02-20,0,0,102,0.0,0.0,0.0,0.0,0.0
2019-02-20,0,0,103,0.0,0.0,0.0,0.0,0.0
2019-02-20,0,0,104,0.0,0.0,0.0,0.0,0.0
2019-02-20,0,0,106,0.0,0.0,0.0,0.0,0.0
2019-02-20,0,0,109,0.0,0.0,0.0,0.0,0.0
2019-02-20,0,0,110,20.11,20.11,0.0,334.144819,0.0
2019-02-20,0,0,111,0.0,0.0,0.0,0.0,0.0
2019-02-20,0,0,113,0.0,0.0,0.0,0.0,0.0
2019-02-20,0,0,115,0.0,0.0,0.0,0.0,0.0
2019-02-20,0,0,116,0.0,0.0,0.0,0.0,0.0
2019-02-20,0,0,117,0.0,0.0,0.0,0.0,0.0
2019-02-20,0,0,119,0.0,0.0,0.0,0.0,0.0
2019-02-20,0,0,120,0.0,0.0,0.0,0.0,0.0
2019-02-20,0,0,123,0.0,0.0,0.0,0.0,0.0
2019-02-20,0,0,125,4.49,4.49,0.0,72.435217,0.0
2019-02-20,0,0,126,0.0,0.0,0.0,0.0,0.0
2019-02-20,0,0,127,0.0,0.0,0.0,0.0,0.0
2019-02-20,0,0,128,6.43,6.43,0.0,103.732393,0.0
2019-02-20,0,0,131,0.0,0.0,0.0,0.0,0.0
2019-02-20,0,0,132,0.0,0.0,0.0,0.0,0.0
2019-02-20,0,0,133,70.7,70.7,0.0,375.814749,0.0
2019-02-20,0,0,134,0.0,0.0,0.0,0.0,0.0
2019-02-20,0,0,135,94.74,94.74,0.0,503.602395,0.0
2019-02-20,0,0,136,6.04,6.04,0.0,50.807462,0.0
2019-02-20,0,0,139,0.0,0.0,0.0,0.0,0.0
2019-02-20,0,0,140,14.89,14.89,0.0,247.410062,0.0
2019-02-20,0,0,141,12.25,12.25,0.0,201.807901,0.0
2019-02-20,0,0,142,0.0,0.0,0.0,0.0,0.0
2019-02-20,0,0,143,5.59,5.59,0.0,90.193957,0.0
2019-02-20,0,0,145,0.82,0.82,0.0,13.150176,0.0
2019-02-20,0,0,146,113.81,113.81,0.0,1891.050315,0.0
2019-02-20,0,0,152,0.0,0.0,0.0,0.0,0.0
2019-02-20,0,0,153,0.0,0.0,0.0,0.0,0.0
2019-02-20,0,0,154,0.0,0.0,0.0,0.0,0.0
2019-02-20,0,0,157,98.5,98.5,0.0,1622.700265,0.0
2019-02-20,0,0,158,0.0,0.0,0.0,0.0,0.0
2019-02-20,0,0,159,0.0,0.0,0.0,0.0,0.0
2019-02-20,0,0,160,0.0,0.0,0.0,0.0,0.0
2019-02-20,0,0,161,0.0,0.0,0.0,0.0,0.0
2019-02-20,0,0,162,0.0,0.0,0.0,0.0,0.0
2019-02-20,0,0,163,0.0,0.0,0.0,0.0,0.0
2019-02-20,0,0,164,0.0,0.0,0.0,0.0,0.0
2019-02-20,0,0,167,0.0,0.0,0.0,0.0,0.0
2019-02-20,0,0,168,0.0,0.0,0.0,0.0,0.0
2019-02-20,0,0,169,0.0,0.0,0.0,0.0,0.0
2019-02-20,0,0,170,0.0,0.0,0.0,0.0,0.0
2019-02-20,0,0,172,0.0,0.0,0.0,0.0,0.0
2019-02-20,0,0,173,0.0,0.0,0.0,0.0,0.0
2019-02-20,0,0,188,0.0,0.0,0.0,0.0,0.0
2019-02-20,0,0,190,0.0,0.0,0.0,0.0,0.0
2019-02-20,0,0,191,0.0,0.0,0.0,0.0,0.0
2019-02-20,0,0,192,0.0,0.0,0.0,0.0,0.0
2019-02-20,0,0,194,0.0,0.0,0.0,0.0,0.0
2019-02-20,0,0,196,0.0,0.0,0.0,0.0,0.0
2019-02-20,0,0,198,0.0,0.0,0.0,0.0,0.0
2019-02-20,0,0,199,0.0,0.0,0.0,0.0,0.0
2019-02-20,0,0,200,0.0,0.0,0.0,0.0,0.0
2019-02-20,0,0,204,0.0,0.0,0.0,0.0,0.0
2019-02-20,0,0,205,0.0,0.0,0.0,0.0,0.0
2019-02-20,0,0,206,10.95,10.95,0.0,176.70334,0.0
2019-02-20,0,0,210,0.0,0.0,0.0,0.0,0.0
2019-02-20,0,0,214,0.0,0.0,0.0,0.0,0.0
2019-02-20,0,0,217,0.0,0.0,0.0,0.0,0.0
2019-02-20,0,0,218,0.0,0.0,0.0,0.0,0.0
2019-02-20,0,0,219,0.0,0.0,0.0,0.0,0.0
2019-02-20,0,0,221,0.0,0.0,0.0,0.0,0.0
2019-02-20,0,0,225,0.0,0.0,0.0,0.0,0.0
2019-02-20,0,0,233,0.0,0.0,0.0,0.0,0.0
2019-02-20,0,0,236,18.83,18.83,0.0,305.403489,0.0
2019-02-20,0,0,237,14.89,14.89,0.0,245.371733,0.0
2019-02-20,0,0,238,0.0,0.0,0.0,0.0,0.0
2019-02-20,0,0,240,0.0,0.0,0.0,0.0,0.0
2019-02-20,0,0,245,83.72,83.72,0.0,631.385667,0.0
2019-02-20,0,0,247,60.72,60.72,0.0,457.928066,0.0
2019-02-20,0,0,248,1.5,1.5,0.0,24.718442,0.0
2019-02-20,0,0,249,156.83,156.83,0.0,1182.754588,0.0
2019-02-20,0,0,251,64.04,64.04,0.0,629.687944,0.0
2019-02-20,0,0,252,45.73,45.73,0.0,377.908723,0.0
2019-02-20,0,0,254,0.0,0.0,0.0,0.0,0.0
2019-02-20,0,0,255,0.0,0.0,0.0,0.0,0.0
2019-02-20,0,0,258,0.0,0.0,0.0,0.0,0.0
2019-02-20,0,0,260,0.0,0.0,0.0,0.0,0.0
2019-02-20,0,0,265,0.0,0.0,0.0,0.0,0.0
2019-02-20,0,0,266,0.0,0.0,0.0,0.0,0.0
2019-02-20,0,0,267,0.0,0.0,0.0,0.0,0.0
2019-02-20,0,0,270,0.0,0.0,0.0,0.0,0.0
2019-02-20,0,0,272,0.0,0.0,0.0,0.0,0.0
2019-02-20,0,0,273,0.0,0.0,0.0,0.0,0.0
2019-02-20,0,0,274,0.0,0.0,0.0,0.0,0.0
2019-02-20,0,0,275,0.0,0.0,0.0,0.0,0.0
2019-02-20,0,0,276,0.0,0.0,0.0,0.0,0.0
2019-02-20,0,0,277,0.0,0.0,0.0,0.0,0.0
2019-02-20,0,0,278,0.0,0.0,0.0,0.0,0.0
2019-02-20,0,0,279,0.0,0.0,0.0,0.0,0.0
2019-02-20,0,0,281,0.0,0.0,0.0,0.0,0.0
2019-02-20,0,0,282,0.0,0.0,0.0,0.0,0.0
2019-02-20,1,0,9,0.0,0.0,0.0,0.0,0.0
2019-02-20,1,0,17,0.0,0.0,0.0,0.0,0.0
2019-02-20,1,0,19,643.3,643.3,0.0,255.810957,0.0
2019-02-20,1,0,20,780.2,780.2,0.0,310.24982,0.0
2019-02-20,1,0,21,0.0,0.0,0.0,0.0,0.0
2019-02-20,1,0,22,0.0,0.0,0.0,0.0,0.0
2019-02-20,1,0,23,4.61,4.61,0.0,67.222861,0.0
2019-02-20,1,0,24,8.16,8.16,0.0,118.988839,0.0
2019-02-20,1,0,29,0.0,0.0,0.0,0.0,0.0
2019-02-20,1,0,30,0.0,0.0,0.0,0.0,0.0
2019-02-20,1,0,31,0.0,0.0,0.0,0.0,0.0
2019-02-20,1,0,32,0.0,0.0,0.0,0.0,0.0
2019-02-20,1,0,33,0.0,0.0,0.0,0.0,0.0
2019-02-20,1,0,34,0.0,0.0,0.0,0.0,0.0
2019-02-20,1,0,35,0.0,0.0,0.0,0.0,0.0
2019-02-20,1,0,36,0.0,0.0,0.0,0.0,0.0
2019-02-20,1,0,37,0.0,0.0,0.0,0.0,0.0
2019-02-20,1,0,38,0.0,0.0,0.0,0.0,0.0
2019-02-20,1,0,39,0.0,0.0,0.0,0.0,0.0
2019-02-20,1,0,40,0.0,0.0,0.0,0.0,0.0
2019-02-20,1,0,41,0.0,0.0,0.0,0.0,0.0
2019-02-20,1,0,42,0.0,0.0,0.0,0.0,0.0
2019-02-20,1,0,43,0.0,0.0,0.0,0.0,0.0
2019-02-20,1,0,46,0.0,0.0,0.0,0.0,0.0
2019-02-20,1,0,52,0.0,0.0,0.0,0.0,0.0
2019-02-20,1,0,53,0.0,0.0,0.0,0.0,0.0
2019-02-20,1,0,55,0.0,0.0,0.0,0.0,0.0
2019-02-20,1,0,56,0.0,0.0,0.0,0.0,0.0
2019-02-20,1,0,57,0.0,0.0,0.0,0.0,0.0
2019-02-20,1,0,58,0.0,0.0,0.0,0.0,0.0
2019-02-20,1,0,59,0.0,0.0,0.0,0.0,0.0
2019-02-20,1,0,63,7.33,7.33,0.0,102.508321,0.0
2019-02-20,1,0,64,8.62,8.62,0.0,120.548667,0.0
2019-02-20,1,0,65,12.8,12.8,0.0,58.950751,0.0
2019-02-20,1,0,67,0.0,0.0,0.0,0.0,0.0
2019-02-20,1,0,68,0.0,0.0,0.0,0.0,0.0
2019-02-20,1,0,69,0.0,0.0,0.0,0.0,0.0
2019-02-20,1,0,74,8.52,8.52,0.0,142.486499,0.0
2019-02-20,1,0,77,0.0,0.0,0.0,0.0,0.0
2019-02-20,1,0,78,0.0,0.0,0.0,0.0,0.0
2019-02-20,1,0,79,0.0,0.0,0.0,0.0,0.0
2019-02-20,1,0,80,0.0,0.0,0.0,0.0,0.0
2019-02-20,1,0,81,0.0,0.0,0.0,0.0,0.0
2019-02-20,1,0,82,0.0,0.0,0.0,0.0,0.0
2019-02-20,1,0,83,0.0,0.0,0.0,0.0,0.0
2019-02-20,1,0,84,0.0,0.0,0.0,0.0,0.0
2019-02-20,1,0,86,0.0,0.0,0.0,0.0,0.0
2019-02-20,1,0,87,0.0,0.0,0.0,0.0,0.0
2019-02-20,1,0,88,0.0,0.0,0.0,0.0,0.0
2019-02-20,1,0,89,0.0,0.0,0.0,0.0,0.0
2019-02-20,1,0,90,0.0,0.0,0.0,0.0,0.0
2019-02-20,1,0,91,0.0,0.0,0.0,0.0,0.0
2019-02-20,1,0,92,0.0,0.0,0.0,0.0,0.0
2019-02-20,1,0,95,5.0,5.0,0.0,70.012002,0.0
2019-02-20,1,0,96,0.7,0.7,0.0,10.199434,0.0
2019-02-20,1,0,97,4.32,4.32,0.0,62.945081,0.0
2019-02-20,1,0,99,1.65,1.65,0.0,27.594216,0.0
2019-02-20,1,0,101,0.0,0.0,0.0,0.0,0.0
2019-02-20,1,0,102,0.0,0.0,0.0,0.0,0.0
2019-02-20,1,0,103,0.0,0.0,0.0,0.0,0.0
2019-02-20,1,0,104,0.0,0.0,0.0,0.0,0.0
2019-02-20,1,0,106,0.0,0.0,0.0,0.0,0.0
2019-02-20,1,0,109,0.0,0.0,0.0,0.0,0.0
2019-02-20,1,0,110,48.18,48.18,0.0,673.945872,0.0
2019-02-20,1,0,111,0.0,0.0,0.0,0.0,0.0
2019-02-20,1,0,113,1.79,1.79,0.0,25.042186,0.0
2019-02-20,1,0,115,1.79,1.79,0.0,25.042186,0.0
2019-02-20,1,0,116,0.0,0.0,0.0,0.0,0.0
2019-02-20,1,0,117,0.12,0.12,0.0,1.678806,0.0
2019-02-20,1,0,119,8.62,8.62,0.0,120.548667,0.0
2019-02-20,1,0,120,5.07,5.07,0.0,70.902754,0.0
2019-02-20,1,0,123,0.0,0.0,0.0,0.0,0.0
2019-02-20,1,0,125,7.38,7.38,0.0,107.614906,0.0
2019-02-20,1,0,126,0.0,0.0,0.0,0.0,0.0
2019-02-20,1,0,127,0.0,0.0,0.0,0.0,0.0
2019-02-20,1,0,128,10.57,10.57,0.0,154.131376,0.0
2019-02-20,1,0,131,0.0,0.0,0.0,0.0,0.0
2019-02-20,1,0,132,0.0,0.0,0.0,0.0,0.0
2019-02-20,1,0,133,139.8,139.8,0.0,0.168947,0.0
2019-02-20,1,0,134,0.0,0.0,0.0,0.0,0.0
2019-02-20,1,0,135,187.32,187.32,0.0,0.226374,0.0
2019-02-20,1,0,136,9.7,9.7,0.0,46.914352,0.0
2019-02-20,1,0,139,0.0,0.0,0.0,0.0,0.0
2019-02-20,1,0,140,35.66,35.66,0.0,498.815064,0.0
2019-02-20,1,0,141,29.45,29.45,0.0,413.30365,0.0
2019-02-20,1,0,142,0.0,0.0,0.0,0.0,0.0
2019-02-20,1,0,143,11.35,11.35,0.0,165.442346,0.0
2019-02-20,1,0,145,1.93,1.93,0.0,28.369971,0.0
2019-02-20,1,0,146,235.9,235.9,0.0,3299.788941,0.0
2019-02-20,1,0,152,0.0,0.0,0.0,0.0,0.0
2019-02-20,1,0,153,0.0,0.0,0.0,0.0,0.0
2019-02-20,1,0,154,0.0,0.0,0.0,0.0,0.0
2019-02-20,1,0,157,152.85,152.85,0.0,2145.109097,0.0
2019-02-20,1,0,158,0.0,0.0,0.0,0.0,0.0
2019-02-20,1,0,159,0.0,0.0,0.0,0.0,0.0
2019-02-20,1,0,160,0.0,0.0,0.0,0.0,0.0
2019-02-20,1,0,161,0.0,0.0,0.0,0.0,0.0
2019-02-20,1,0,162,2.73,2.73,0.0,38.225556,0.0
2019-02-20,1,0,163,0.0,0.0,0.0,0.0,0.0
2019-02-20,1,0,164,0.0,0.0,0.0,0.0,0.0
2019-02-20,1,0,167,0.0,0.0,0.0,0.0,0.0
2019-02-20,1,0,168,0.0,0.0,0.0,0.0,0.0
2019-02-20,1,0,169,0.0,0.0,0.0,0.0,0.0
2019-02-20,1,0,170,0.0,0.0,0.0,0.0,0.0
2019-02-20,1,0,172,0.0,0.0,0.0,0.0,0.0
2019-02-20,1,0,173,0.0,0.0,0.0,0.0,0.0
2019-02-20,1,0,188,0.0,0.0,0.0,0.0,0.0
2019-02-20,1,0,190,0.0,0.0,0.0,0.0,0.0
2019-02-20,1,0,191,0.0,0.0,0.0,0.0,0.0
2019-02-20,1,0,192,0.0,0.0,0.0,0.0,0.0
2019-02-20,1,0,194,0.0,0.0,0.0,0.0,0.0
2019-02-20,1,0,196,0.0,0.0,0.0,0.0,0.0
2019-02-20,1,0,198,0.0,0.0,0.0,0.0,0.0
2019-02-20,1,0,199,2.89,2.89,0.0,35.346545,0.0
2019-02-20,1,0,200,0.0,0.0,0.0,0.0,0.0
2019-02-20,1,0,204,0.0,0.0,0.0,0.0,0.0
2019-02-20,1,0,205,0.0,0.0,0.0,0.0,0.0
2019-02-20,1,0,206,12.69,12.69,0.0,184.901176,0.0
2019-02-20,1,0,210,0.0,0.0,0.0,0.0,0.0
2019-02-20,1,0,214,0.0,0.0,0.0,0.0,0.0
2019-02-20,1,0,217,0.0,0.0,0.0,0.0,0.0
2019-02-20,1,0,218,0.0,0.0,0.0,0.0,0.0
2019-02-20,1,0,219,0.0,0.0,0.0,0.0,0.0
2019-02-20,1,0,221,0.0,0.0,0.0,0.0,0.0
2019-02-20,1,0,225,0.0,0.0,0.0,0.0,0.0
2019-02-20,1,0,233,0.0,0.0,0.0,0.0,0.0
2019-02-20,1,0,236,23.02,23.02,0.0,385.036263,0.0
2019-02-20,1,0,237,20.45,20.45,0.0,342.001045,0.0
2019-02-20,1,0,238,0.0,0.0,0.0,0.0,0.0
2019-02-20,1,0,240,0.0,0.0,0.0,0.0,0.0
2019-02-20,1,0,245,78.0,78.0,0.0,281.678093,0.0
2019-02-20,1,0,247,123.5,123.5,0.0,445.990315,0.0
2019-02-20,1,0,248,2.05,2.05,0.0,34.283723,0.0
2019-02-20,1,0,249,150.01,150.01,0.0,541.724754,0.0
2019-02-20,1,0,251,98.52,98.52,0.0,691.945892,0.0
2019-02-20,1,0,252,82.56,82.56,0.0,380.232341,0.0
2019-02-20,1,0,254,0.0,0.0,0.0,0.0,0.0
2019-02-20,1,0,255,0.0,0.0,0.0,0.0,0.0
2019-02-20,1,0,258,0.0,0.0,0.0,0.0,0.0
2019-02-20,1,0,260,0.0,0.0,0.0,0.0,0.0
2019-02-20,1,0,265,0.0,0.0,0.0,0.0,0.0
2019-02-20,1,0,266,0.0,0.0,0.0,0.0,0.0
2019-02-20,1,0,267,0.0,0.0,0.0,0.0,0.0
2019-02-20,1,0,270,0.0,0.0,0.0,0.0,0.0
2019-02-20,1,0,272,5.97,5.97,0.0,83.520586,0.0
2019-02-20,1,0,273,0.0,0.0,0.0,0.0,0.0
2019-02-20,1,0,274,0.0,0.0,0.0,0.0,0.0
2019-02-20,1,0,275,0.0,0.0,0.0,0.0,0.0
2019-02-20,1,0,276,0.0,0.0,0.0,0.0,0.0
2019-02-20,1,0,277,0.0,0.0,0.0,0.0,0.0
2019-02-20,1,0,278,0.0,0.0,0.0,0.0,0.0
2019-02-20,1,0,279,0.0,0.0,0.0,0.0,0.0
2019-02-20,1,0,281,0.0,0.0,0.0,0.0,0.0
2019-02-20,1,0,282,0.0,0.0,0.0,0.0,0.0
2019-02-20,2,0,9,0.0,0.0,0.0,0.0,0.0
2019-02-20,2,0,17,0.0,0.0,0.0,0.0,0.0
2019-02-20,2,0,19,643.3,643.3,0.0,473.688206,0.0
2019-02-20,2,0,20,780.2,780.2,0.0,574.493298,0.0
2019-02-20,2,0,21,0.0,0.0,0.0,0.0,0.0
2019-02-20,2,0,22,0.0,0.0,0.0,0.0,0.0
2019-02-20,2,0,23,2.58,2.58,0.0,36.687122,0.0
2019-02-20,2,0,24,4.56,4.56,0.0,64.842355,0.0
2019-02-20,2,0,29,0.0,0.0,0.0,0.0,0.0
2019-02-20,2,0,30,0.0,0.0,0.0,0.0,0.0
2019-02-20,2,0,31,0.0,0.0,0.0,0.0,0.0
2019-02-20,2,0,32,0.0,0.0,0.0,0.0,0.0
2019-02-20,2,0,33,0.0,0.0,0.0,0.0,0.0
2019-02-20,2,0,34,0.0,0.0,0.0,0.0,0.0
2019-02-20,2,0,35,0.0,0.0,0.0,0.0,0.0
2019-02-20,2,0,36,0.0,0.0,0.0,0.0,0.0
2019-02-20,2,0,37,0.0,0.0,0.0,0.0,0.0
2019-02-20,2,0,38,0.0,0.0,0.0,0.0,0.0
2019-02-20,2,0,39,0.0,0.0,0.0,0.0,0.0
2019-02-20,2,0,40,0.0,0.0,0.0,0.0,0.0
2019-02-20,2,0,41,0.0,0.0,0.0,0.0,0.0
2019-02-20,2,0,42,0.0,0.0,0.0,0.0,0.0
2019-02-20,2,0,43,0.0,0.0,0.0,0.0,0.0
2019-02-20,2,0,46,0.0,0.0,0.0,0.0,0.0
2019-02-20,2,0,52,0.0,0.0,0.0,0.0,0.0
2019-02-20,2,0,53,0.0,0.0,0.0,0.0,0.0
2019-02-20,2,0,55,0.0,0.0,0.0,0.0,0.0
2019-02-20,2,0,56,0.0,0.0,0.0,0.0,0.0
2019-02-20,2,0,57,0.0,0.0,0.0,0.0,0.0
2019-02-20,2,0,58,0.0,0.0,0.0,0.0,0.0
2019-02-20,2,0,59,0.0,0.0,0.0,0.0,0.0
2019-02-20,2,0,63,0.0,0.0,0.0,0.0,0.0
2019-02-20,2,0,64,0.0,0.0,0.0,0.0,0.0
2019-02-20,2,0,65,9.88,9.88,0.0,46.15472,0.0
2019-02-20,2,0,67,0.0,0.0,0.0,0.0,0.0
2019-02-20,2,0,68,0.0,0.0,0.0,0.0,0.0
2019-02-20,2,0,69,0.0,0.0,0.0,0.0,0.0
2019-02-20,2,0,74,3.58,3.58,0.0,56.633526,0.0
2019-02-20,2,0,77,0.0,0.0,0.0,0.0,0.0
2019-02-20,2,0,78,0.0,0.0,0.0,0.0,0.0
2019-02-20,2,0,79,0.0,0.0,0.0,0.0,0.0
2019-02-20,2,0,80,0.0,0.0,0.0,0.0,0.0
2019-02-20,2,0,81,0.0,0.0,0.0,0.0,0.0
2019-02-20,2,0,82,0.0,0.0,0.0,0.0,0.0
2019-02-20,2,0,83,0.0,0.0,0.0,0.0,0.0
2019-02-20,2,0,84,0.0,0.0,0.0,0.0,0.0
2019-02-20,2,0,86,0.0,0.0,0.0,0.0,0.0
2019-02-20,2,0,87,0.0,0.0,0.0,0.0,0.0
2019-02-20,2,0,88,0.0,0.0,0.0,0.0,0.0
2019-02-20,2,0,89,0.0,0.0,0.0,0.0,0.0
2019-02-20,2,0,90,0.0,0.0,0.0,0.0,0.0
2019-02-20,2,0,91,0.0,0.0,0.0,0.0,0.0
2019-02-20,2,0,92,0.0,0.0,0.0,0.0,0.0
2019-02-20,2,0,95,0.0,0.0,0.0,0.0,0.0
2019-02-20,2,0,96,0.0,0.0,0.0,0.0,0.0
2019-02-20,2,0,97,0.0,0.0,0.0,0.0,0.0
2019-02-20,2,0,99,0.69,0.69,0.0,10.9154,0.0
2019-02-20,2,0,101,0.0,0.0,0.0,0.0,0.0
2019-02-20,2,0,102,0.0,0.0,0.0,0.0,0.0
2019-02-20,2,0,103,0.0,0.0,0.0,0.0,0.0
2019-02-20,2,0,104,0.0,0.0,0.0,0.0,0.0
2019-02-20,2,0,106,0.0,0.0,0.0,0.0,0.0
2019-02-20,2,0,109,0.0,0.0,0.0,0.0,0.0
2019-02-20,2,0,110,59.89,59.89,0.0,841.513652,0.0
2019-02-20,2,0,111,0.0,0.0,0.0,0.0,0.0
2019-02-20,2,0,113,0.0,0.0,0.0,0.0,0.0
2019-02-20,2,0,115,0.0,0.0,0.0,0.0,0.0
2019-02-20,2,0,116,0.0,0.0,0.0,0.0,0.0
2019-02-20,2,0,117,0.0,0.0,0.0,0.0,0.0
2019-02-20,2,0,119,0.0,0.0,0.0,0.0,0.0
2019-02-20,2,0,120,0.0,0.0,0.0,0.0,0.0
2019-02-20,2,0,123,0.0,0.0,0.0,0.0,0.0
2019-02-20,2,0,125,4.13,4.13,0.0,58.727835,0.0
2019-02-20,2,0,126,0.0,0.0,0.0,0.0,0.0
2019-02-20,2,0,127,0.0,0.0,0.0,0.0,0.0
2019-02-20,2,0,128,5.91,5.91,0.0,84.039105,0.0
2019-02-20,2,0,131,0.0,0.0,0.0,0.0,0.0
2019-02-20,2,0,132,0.0,0.0,0.0,0.0,0.0
2019-02-20,2,0,133,84.63,84.63,0.0,57.116823,0.0
2019-02-20,2,0,134,0.0,0.0,0.0,0.0,0.0
2019-02-20,2,0,135,113.4,113.4,0.0,76.533708,0.0
2019-02-20,2,0,136,12.15,12.15,0.0,59.383907,0.0
2019-02-20,2,0,139,0.0,0.0,0.0,0.0,0.0
2019-02-20,2,0,140,44.33,44.33,0.0,622.880284,0.0
2019-02-20,2,0,141,27.37,27.37,0.0,384.180972,0.0
2019-02-20,2,0,142,0.0,0.0,0.0,0.0,0.0
2019-02-20,2,0,143,19.16,19.16,0.0,272.407571,0.0
2019-02-20,2,0,145,0.0,0.0,0.0,0.0,0.0
2019-02-20,2,0,146,268.0,268.0,0.0,3765.664697,0.0
2019-02-20,2,0,152,0.0,0.0,0.0,0.0,0.0
2019-02-20,2,0,153,0.0,0.0,0.0,0.0,0.0
2019-02-20,2,0,154,0.0,0.0,0.0,0.0,0.0
2019-02-20,2,0,157,199.15,199.15,0.0,2795.383289,0.0
2019-02-20,2,0,158,0.0,0.0,0.0,0.0,0.0
2019-02-20,2,0,159,0.0,0.0,0.0,0.0,0.0
2019-02-20,2,0,160,0.0,0.0,0.0,0.0,0.0
2019-02-20,2,0,161,0.0,0.0,0.0,0.0,0.0
2019-02-20,2,0,162,0.0,0.0,0.0,0.0,0.0
2019-02-20,2,0,163,0.0,0.0,0.0,0.0,0.0
2019-02-20,2,0,164,0.0,0.0,0.0,0.0,0.0
2019-02-20,2,0,167,0.0,0.0,0.0,0.0,0.0
2019-02-20,2,0,168,0.0,0.0,0.0,0.0,0.0
2019-02-20,2,0,169,0.0,0.0,0.0,0.0,0.0
2019-02-20,2,0,170,0.0,0.0,0.0,0.0,0.0
2019-02-20,2,0,172,0.0,0.0,0.0,0.0,0.0
2019-02-20,2,0,173,0.0,0.0,0.0,0.0,0.0
2019-02-20,2,0,188,0.0,0.0,0.0,0.0,0.0
2019-02-20,2,0,190,0.0,0.0,0.0,0.0,0.0
2019-02-20,2,0,191,0.0,0.0,0.0,0.0,0.0
2019-02-20,2,0,192,0.0,0.0,0.0,0.0,0.0
2019-02-20,2,0,194,0.0,0.0,0.0,0.0,0.0
2019-02-20,2,0,196,0.0,0.0,0.0,0.0,0.0
2019-02-20,2,0,198,0.0,0.0,0.0,0.0,0.0
2019-02-20,2,0,199,0.0,0.0,0.0,0.0,0.0
2019-02-20,2,0,200,0.0,0.0,0.0,0.0,0.0
2019-02-20,2,0,204,0.0,0.0,0.0,0.0,0.0
2019-02-20,2,0,205,0.0,0.0,0.0,0.0,0.0
2019-02-20,2,0,206,0.0,0.0,0.0,0.0,0.0
2019-02-20,2,0,210,0.0,0.0,0.0,0.0,0.0
2019-02-20,2,0,214,0.0,0.0,0.0,0.0,0.0
2019-02-20,2,0,217,0.0,0.0,0.0,0.0,0.0
2019-02-20,2,0,218,0.0,0.0,0.0,0.0,0.0
2019-02-20,2,0,219,0.0,0.0,0.0,0.0,0.0
2019-02-20,2,0,221,0.0,0.0,0.0,0.0,0.0
2019-02-20,2,0,225,0.0,0.0,0.0,0.0,0.0
2019-02-20,2,0,233,0.0,0.0,0.0,0.0,0.0
2019-02-20,2,0,236,10.56,10.56,0.0,166.608315,0.0
2019-02-20,2,0,237,8.59,8.59,0.0,135.888823,0.0
2019-02-20,2,0,238,0.0,0.0,0.0,0.0,0.0
2019-02-20,2,0,240,0.0,0.0,0.0,0.0,0.0
2019-02-20,2,0,245,52.18,52.18,0.0,202.166764,0.0
2019-02-20,2,0,247,70.1,70.1,0.0,271.596209,0.0
2019-02-20,2,0,248,0.86,0.86,0.0,13.604702,0.0
2019-02-20,2,0,249,100.35,100.35,0.0,388.797141,0.0
2019-02-20,2,0,251,63.51,63.51,0.0,438.271595,0.0
2019-02-20,2,0,252,63.73,63.73,0.0,297.716631,0.0
2019-02-20,2,0,254,0.0,0.0,0.0,0.0,0.0
2019-02-20,2,0,255,0.0,0.0,0.0,0.0,0.0
2019-02-20,2,0,258,0.0,0.0,0.0,0.0,0.0
2019-02-20,2,0,260,0.0,0.0,0.0,0.0,0.0
2019-02-20,2,0,265,0.0,0.0,0.0,0.0,0.0
2019-02-20,2,0,266,0.0,0.0,0.0,0.0,0.0
2019-02-20,2,0,267,0.0,0.0,0.0,0.0,0.0
2019-02-20,2,0,270,0.0,0.0,0.0,0.0,0.0
2019-02-20,2,0,272,0.0,0.0,0.0,0.0,0.0
2019-02-20,2,0,273,0.0,0.0,0.0,0.0,0.0
2019-02-20,2,0,274,0.0,0.0,0.0,0.0,0.0
2019-02-20,2,0,275,0.0,0.0,0.0,0.0,0.0
2019-02-20,2,0,276,0.0,0.0,0.0,0.0,0.0
2019-02-20,2,0,277,0.0,0.0,0.0,0.0,0.0
2019-02-20,2,0,278,0.0,0.0,0.0,0.0,0.0
2019-02-20,2,0,279,0.0,0.0,0.0,0.0,0.0
2019-02-20,2,0,281,0.0,0.0,0.0,0.0,0.0
2019-02-20,2,0,282,0.0,0.0,0.0,0.0,0.0
2019-02-20,3,0,9,0.0,0.0,0.0,0.0,0.0
2019-02-20,3,0,17,0.0,0.0,0.0,0.0,0.0
2019-02-20,3,0,19,621.69,621.69,0.0,3361.423123,0.0
2019-02-20,3,0,20,754.0,754.0,0.0,4076.81165,0.0
2019-02-20,3,0,21,0.0,0.0,0.0,0.0,0.0
2019-02-20,3,0,22,0.0,0.0,0.0,0.0,0.0
2019-02-20,3,0,23,6.11,6.11,0.0,82.018056,0.0
2019-02-20,3,0,24,10.81,10.81,0.0,145.108869,0.0
2019-02-20,3,0,29,0.0,0.0,0.0,0.0,0.0
2019-02-20,3,0,30,0.0,0.0,0.0,0.0,0.0
2019-02-20,3,0,31,2.51,2.51,0.0,33.712912,0.0
2019-02-20,3,0,32,0.0,0.0,0.0,0.0,0.0
2019-02-20,3,0,33,0.0,0.0,0.0,0.0,0.0
2019-02-20,3,0,34,0.0,0.0,0.0,0.0,0.0
2019-02-20,3,0,35,0.0,0.0,0.0,0.0,0.0
2019-02-20,3,0,36,0.0,0.0,0.0,0.0,0.0
2019-02-20,3,0,37,0.0,0.0,0.0,0.0,0.0
2019-02-20,3,0,38,0.0,0.0,0.0,0.0,0.0
2019-02-20,3,0,39,0.0,0.0,0.0,0.0,0.0
2019-02-20,3,0,40,0.0,0.0,0.0,0.0,0.0
2019-02-20,3,0,41,0.0,0.0,0.0,0.0,0.0
2019-02-20,3,0,42,0.0,0.0,0.0,0.0,0.0
2019-02-20,3,0,43,0.0,0.0,0.0,0.0,0.0
2019-02-20,3,0,46,0.0,0.0,0.0,0.0,0.0
2019-02-20,3,0,52,2.66,2.66,0.0,35.727628,0.0
2019-02-20,3,0,53,4.23,4.23,0.0,56.814987,0.0
2019-02-20,3,0,55,59.36,59.36,0.0,796.823538,0.0
2019-02-20,3,0,56,0.0,0.0,0.0,0.0,0.0
2019-02-20,3,0,57,0.0,0.0,0.0,0.0,0.0
2019-02-20,3,0,58,0.0,0.0,0.0,0.0,0.0
2019-02-20,3,0,59,0.0,0.0,0.0,0.0,0.0
2019-02-20,3,0,63,0.0,0.0,0.0,0.0,0.0
2019-02-20,3,0,64,0.0,0.0,0.0,0.0,0.0
2019-02-20,3,0,65,8.14,8.14,0.0,65.803369,0.0
2019-02-20,3,0,67,0.0,0.0,0.0,0.0,0.0
2019-02-20,3,0,68,0.0,0.0,0.0,0.0,0.0
2019-02-20,3,0,69,0.0,0.0,0.0,0.0,0.0
2019-02-20,3,0,74,0.0,0.0,0.0,0.0,0.0
2019-02-20,3,0,77,0.0,0.0,0.0,0.0,0.0
2019-02-20,3,0,78,0.0,0.0,0.0,0.0,0.0
2019-02-20,3,0,79,0.0,0.0,0.0,0.0,0.0
2019-02-20,3,0,80,0.0,0.0,0.0,0.0,0.0
2019-02-20,3,0,81,0.0,0.0,0.0,0.0,0.0
2019-02-20,3,0,82,0.0,0.0,0.0,0.0,0.0
2019-02-20,3,0,83,0.0,0.0,0.0,0.0,0.0
2019-02-20,3,0,84,0.0,0.0,0.0,0.0,0.0
2019-02-20,3,0,86,0.0,0.0,0.0,0.0,0.0
2019-02-20,3,0,87,0.0,0.0,0.0,0.0,0.0
2019-02-20,3,0,88,0.0,0.0,0.0,0.0,0.0
2019-02-20,3,0,89,0.0,0.0,0.0,0.0,0.0
2019-02-20,3,0,90,0.0,0.0,0.0,0.0,0.0
2019-02-20,3,0,91,0.0,0.0,0.0,0.0,0.0
2019-02-20,3,0,92,0.0,0.0,0.0,0.0,0.0
2019-02-20,3,0,95,0.0,0.0,0.0,0.0,0.0
2019-02-20,3,0,96,0.0,0.0,0.0,0.0,0.0
2019-02-20,3,0,97,0.0,0.0,0.0,0.0,0.0
2019-02-20,3,0,99,0.0,0.0,0.0,0.0,0.0
2019-02-20,3,0,101,0.0,0.0,0.0,0.0,0.0
2019-02-20,3,0,102,0.0,0.0,0.0,0.0,0.0
2019-02-20,3,0,103,0.0,0.0,0.0,0.0,0.0
2019-02-20,3,0,104,0.0,0.0,0.0,0.0,0.0
2019-02-20,3,0,106,0.0,0.0,0.0,0.0,0.0
2019-02-20,3,0,109,0.0,0.0,0.0,0.0,0.0
2019-02-20,3,0,110,73.62,73.62,0.0,1075.236566,0.0
2019-02-20,3,0,111,0.0,0.0,0.0,0.0,0.0
2019-02-20,3,0,113,0.0,0.0,0.0,0.0,0.0
2019-02-20,3,0,115,0.0,0.0,0.0,0.0,0.0
2019-02-20,3,0,116,0.0,0.0,0.0,0.0,0.0
2019-02-20,3,0,117,0.0,0.0,0.0,0.0,0.0
2019-02-20,3,0,119,0.0,0.0,0.0,0.0,0.0
2019-02-20,3,0,120,0.0,0.0,0.0,0.0,0.0
2019-02-20,3,0,123,0.0,0.0,0.0,0.0,0.0
2019-02-20,3,0,125,9.79,9.79,0.0,131.41682,0.0
2019-02-20,3,0,126,0.0,0.0,0.0,0.0,0.0
2019-02-20,3,0,127,0.0,0.0,0.0,0.0,0.0
2019-02-20,3,0,128,14.02,14.02,0.0,188.198551,0.0
2019-02-20,3,0,131,0.0,0.0,0.0,0.0,0.0
2019-02-20,3,0,132,0.0,0.0,0.0,0.0,0.0
2019-02-20,3,0,133,25.42,25.42,0.0,222.25426,0.0
2019-02-20,3,0,134,0.0,0.0,0.0,0.0,0.0
2019-02-20,3,0,135,34.01,34.01,0.0,297.359063,0.0
2019-02-20,3,0,136,16.75,16.75,0.0,137.867843,0.0
2019-02-20,3,0,139,0.0,0.0,0.0,0.0,0.0
2019-02-20,3,0,140,54.48,54.48,0.0,795.692585,0.0
2019-02-20,3,0,141,39.98,39.98,0.0,574.97788,0.0
2019-02-20,3,0,142,0.0,0.0,0.0,0.0,0.0
2019-02-20,3,0,143,22.58,22.58,0.0,303.281895,0.0
2019-02-20,3,0,145,0.0,0.0,0.0,0.0,0.0
2019-02-20,3,0,146,268.0,268.0,0.0,3914.199941,0.0
2019-02-20,3,0,152,0.0,0.0,0.0,0.0,0.0
2019-02-20,3,0,153,0.0,0.0,0.0,0.0,0.0
2019-02-20,3,0,154,0.0,0.0,0.0,0.0,0.0
2019-02-20,3,0,157,250.0,250.0,0.0,3595.409454,0.0
2019-02-20,3,0,158,0.0,0.0,0.0,0.0,0.0
2019-02-20,3,0,159,0.0,0.0,0.0,0.0,0.0
2019-02-20,3,0,160,0.0,0.0,0.0,0.0,0.0
2019-02-20,3,0,161,0.0,0.0,0.0,0.0,0.0
2019-02-20,3,0,162,0.0,0.0,0.0,0.0,0.0
2019-02-20,3,0,163,0.0,0.0,0.0,0.0,0.0
2019-02-20,3,0,164,0.0,0.0,0.0,0.0,0.0
2019-02-20,3,0,167,0.0,0.0,0.0,0.0,0.0
2019-02-20,3,0,168,0.0,0.0,0.0,0.0,0.0
2019-02-20,3,0,169,0.0,0.0,0.0,0.0,0.0
2019-02-20,3,0,170,0.0,0.0,0.0,0.0,0.0
2019-02-20,3,0,172,0.0,0.0,0.0,0.0,0.0
2019-02-20,3,0,173,0.0,0.0,0.0,0.0,0.0
2019-02-20,3,0,188,0.0,0.0,0.0,0.0,0.0
2019-02-20,3,0,190,0.0,0.0,0.0,0.0,0.0
2019-02-20,3,0,191,0.0,0.0,0.0,0.0,0.0
2019-02-20,3,0,192,0.0,0.0,0.0,0.0,0.0
2019-02-20,3,0,194,0.0,0.0,0.0,0.0,0.0
2019-02-20,3,0,196,0.0,0.0,0.0,0.0,0.0
2019-02-20,3,0,198,0.0,0.0,0.0,0.0,0.0
2019-02-20,3,0,199,1.34,1.34,0.0,16.733969,0.0
2019-02-20,3,0,200,0.0,0.0,0.0,0.0,0.0
2019-02-20,3,0,204,0.0,0.0,0.0,0.0,0.0
2019-02-20,3,0,205,0.0,0.0,0.0,0.0,0.0
2019-02-20,3,0,206,0.0,0.0,0.0,0.0,0.0
2019-02-20,3,0,210,0.0,0.0,0.0,0.0,0.0
2019-02-20,3,0,214,0.0,0.0,0.0,0.0,0.0
2019-02-20,3,0,217,0.0,0.0,0.0,0.0,0.0
2019-02-20,3,0,218,0.0,0.0,0.0,0.0,0.0
2019-02-20,3,0,219,0.0,0.0,0.0,0.0,0.0
2019-02-20,3,0,221,0.0,0.0,0.0,0.0,0.0
2019-02-20,3,0,225,0.0,0.0,0.0,0.0,0.0
2019-02-20,3,0,233,0.0,0.0,0.0,0.0,0.0
2019-02-20,3,0,236,4.09,4.09,0.0,52.599764,0.0
2019-02-20,3,0,237,0.0,0.0,0.0,0.0,0.0
2019-02-20,3,0,238,0.0,0.0,0.0,0.0,0.0
2019-02-20,3,0,240,0.0,0.0,0.0,0.0,0.0
2019-02-20,3,0,245,28.25,28.25,0.0,257.490129,0.0
2019-02-20,3,0,247,37.81,37.81,0.0,344.626612,0.0
2019-02-20,3,0,248,0.0,0.0,0.0,0.0,0.0
2019-02-20,3,0,249,54.34,54.34,0.0,495.292518,0.0
2019-02-20,3,0,251,39.76,39.76,0.0,366.686253,0.0
2019-02-20,3,0,252,52.49,52.49,0.0,424.326636,0.0
2019-02-20,3,0,254,0.0,0.0,0.0,0.0,0.0
2019-02-20,3,0,255,0.0,0.0,0.0,0.0,0.0
2019-02-20,3,0,258,0.0,0.0,0.0,0.0,0.0
2019-02-20,3,0,260,0.0,0.0,0.0,0.0,0.0
2019-02-20,3,0,265,0.0,0.0,0.0,0.0,0.0
2019-02-20,3,0,266,0.0,0.0,0.0,0.0,0.0
2019-02-20,3,0,267,0.0,0.0,0.0,0.0,0.0
2019-02-20,3,0,270,0.0,0.0,0.0,0.0,0.0
2019-02-20,3,0,272,0.0,0.0,0.0,0.0,0.0
2019-02-20,3,0,273,0.0,0.0,0.0,0.0,0.0
2019-02-20,3,0,274,0.0,0.0,0.0,0.0,0.0
2019-02-20,3,0,275,0.0,0.0,0.0,0.0,0.0
2019-02-20,3,0,276,0.0,0.0,0.0,0.0,0.0
2019-02-20,3,0,277,0.0,0.0,0.0,0.0,0.0
2019-02-20,3,0,278,0.0,0.0,0.0,0.0,0.0
2019-02-20,3,0,279,0.0,0.0,0.0,0.0,0.0
2019-02-20,3,0,281,1.13,1.13,0.0,15.177526,0.0
2019-02-20,3,0,282,0.0,0.0,0.0,0.0,0.0
2019-02-20,4,0,9,0.0,0.0,0.0,0.0,0.0
2019-02-20,4,0,17,0.0,0.0,0.0,0.0,0.0
2019-02-20,4,0,19,499.15,499.15,0.0,4544.213333,0.0
2019-02-20,4,0,20,605.37,605.37,0.0,5511.229941,0.0
2019-02-20,4,0,21,0.0,0.0,0.0,0.0,0.0
2019-02-20,4,0,22,0.0,0.0,0.0,0.0,0.0
2019-02-20,4,0,23,17.41,17.41,0.0,234.158368,0.0
2019-02-20,4,0,24,28.77,28.77,0.0,386.946366,0.0
2019-02-20,4,0,29,0.0,0.0,0.0,0.0,0.0
2019-02-20,4,0,30,0.0,0.0,0.0,0.0,0.0
2019-02-20,4,0,31,10.66,10.66,0.0,143.440241,0.0
2019-02-20,4,0,32,0.0,0.0,0.0,0.0,0.0
2019-02-20,4,0,33,0.0,0.0,0.0,0.0,0.0
2019-02-20,4,0,34,0.0,0.0,0.0,0.0,0.0
2019-02-20,4,0,35,0.0,0.0,0.0,0.0,0.0
2019-02-20,4,0,36,0.0,0.0,0.0,0.0,0.0
2019-02-20,4,0,37,0.0,0.0,0.0,0.0,0.0
2019-02-20,4,0,38,0.0,0.0,0.0,0.0,0.0
2019-02-20,4,0,39,0.0,0.0,0.0,0.0,0.0
2019-02-20,4,0,40,0.0,0.0,0.0,0.0,0.0
2019-02-20,4,0,41,4.61,4.61,0.0,60.857052,0.0
2019-02-20,4,0,42,0.0,0.0,0.0,0.0,0.0
2019-02-20,4,0,43,0.0,0.0,0.0,0.0,0.0
2019-02-20,4,0,46,0.0,0.0,0.0,0.0,0.0
2019-02-20,4,0,52,11.3,11.3,0.0,152.052037,0.0
2019-02-20,4,0,53,17.95,17.95,0.0,241.533989,0.0
2019-02-20,4,0,55,255.79,255.79,0.0,3440.285401,0.0
2019-02-20,4,0,56,0.0,0.0,0.0,0.0,0.0
2019-02-20,4,0,57,0.0,0.0,0.0,0.0,0.0
2019-02-20,4,0,58,0.0,0.0,0.0,0.0,0.0
2019-02-20,4,0,59,0.0,0.0,0.0,0.0,0.0
2019-02-20,4,0,63,0.0,0.0,0.0,0.0,0.0
2019-02-20,4,0,64,0.0,0.0,0.0,0.0,0.0
2019-02-20,4,0,65,7.39,7.39,0.0,74.942546,0.0
2019-02-20,4,0,67,0.0,0.0,0.0,0.0,0.0
2019-02-20,4,0,68,0.39,0.39,0.0,5.537276,0.0
2019-02-20,4,0,69,0.0,0.0,0.0,0.0,0.0
2019-02-20,4,0,74,0.0,0.0,0.0,0.0,0.0
2019-02-20,4,0,77,4.31,4.31,0.0,60.645996,0.0
2019-02-20,4,0,78,3.26,3.26,0.0,45.871449,0.0
2019-02-20,4,0,79,1.89,1.89,0.0,26.594184,0.0
2019-02-20,4,0,80,3.05,3.05,0.0,42.91654,0.0
2019-02-20,4,0,81,3.99,3.99,0.0,56.143277,0.0
2019-02-20,4,0,82,2.81,2.81,0.0,39.539501,0.0
2019-02-20,4,0,83,6.27,6.27,0.0,88.225149,0.0
2019-02-20,4,0,84,0.0,0.0,0.0,0.0,0.0
2019-02-20,4,0,86,0.0,0.0,0.0,0.0,0.0
2019-02-20,4,0,87,0.0,0.0,0.0,0.0,0.0
2019-02-20,4,0,88,3.45,3.45,0.0,48.544939,0.0
2019-02-20,4,0,89,3.32,3.32,0.0,46.715709,0.0
2019-02-20,4,0,90,4.45,4.45,0.0,62.615935,0.0
2019-02-20,4,0,91,15.88,15.88,0.0,223.447428,0.0
2019-02-20,4,0,92,5.71,5.71,0.0,80.345391,0.0
2019-02-20,4,0,95,6.55,6.55,0.0,98.000499,0.0
2019-02-20,4,0,96,0.0,0.0,0.0,0.0,0.0
2019-02-20,4,0,97,0.0,0.0,0.0,0.0,0.0
2019-02-20,4,0,99,0.0,0.0,0.0,0.0,0.0
2019-02-20,4,0,101,0.0,0.0,0.0,0.0,0.0
2019-02-20,4,0,102,0.93,0.93,0.0,13.204274,0.0
2019-02-20,4,0,103,0.81,0.81,0.0,11.500497,0.0
2019-02-20,4,0,104,0.15,0.15,0.0,2.129722,0.0
2019-02-20,4,0,106,0.0,0.0,0.0,0.0,0.0
2019-02-20,4,0,109,5.62,5.62,0.0,72.172879,0.0
2019-02-20,4,0,110,89.35,89.35,0.0,1305.844933,0.0
2019-02-20,4,0,111,0.0,0.0,0.0,0.0,0.0
2019-02-20,4,0,113,0.0,0.0,0.0,0.0,0.0
2019-02-20,4,0,115,0.0,0.0,0.0,0.0,0.0
2019-02-20,4,0,116,0.0,0.0,0.0,0.0,0.0
2019-02-20,4,0,117,0.0,0.0,0.0,0.0,0.0
2019-02-20,4,0,119,0.0,0.0,0.0,0.0,0.0
2019-02-20,4,0,120,0.0,0.0,0.0,0.0,0.0
2019-02-20,4,0,123,0.0,0.0,0.0,0.0,0.0
2019-02-20,4,0,125,26.4,26.4,0.0,355.070701,0.0
2019-02-20,4,0,126,0.0,0.0,0.0,0.0,0.0
2019-02-20,4,0,127,0.0,0.0,0.0,0.0,0.0
2019-02-20,4,0,128,35.85,35.85,0.0,482.169872,0.0
2019-02-20,4,0,131,1.11,1.11,0.0,15.729524,0.0
2019-02-20,4,0,132,1.63,1.63,0.0,23.098311,0.0
2019-02-20,4,0,133,18.24,18.24,0.0,164.272831,0.0
2019-02-20,4,0,134,0.0,0.0,0.0,0.0,0.0
2019-02-20,4,0,135,25.16,25.16,0.0,226.595638,0.0
2019-02-20,4,0,136,23.88,23.88,0.0,243.52857,0.0
2019-02-20,4,0,139,5.95,5.95,0.0,78.546521,0.0
2019-02-20,4,0,140,66.13,66.13,0.0,966.486015,0.0
2019-02-20,4,0,141,72.12,72.12,0.0,1031.369711,0.0
2019-02-20,4,0,142,0.0,0.0,0.0,0.0,0.0
2019-02-20,4,0,143,42.51,42.51,0.0,572.011691,0.0
2019-02-20,4,0,145,0.0,0.0,0.0,0.0,0.0
2019-02-20,4,0,146,268.0,268.0,0.0,3916.804052,0.0
2019-02-20,4,0,152,0.0,0.0,0.0,0.0,0.0
2019-02-20,4,0,153,0.0,0.0,0.0,0.0,0.0
2019-02-20,4,0,154,0.0,0.0,0.0,0.0,0.0
2019-02-20,4,0,157,250.0,250.0,0.0,3575.186185,0.0
2019-02-20,4,0,158,0.0,0.0,0.0,0.0,0.0
2019-02-20,4,0,159,0.0,0.0,0.0,0.0,0.0
2019-02-20,4,0,160,0.0,0.0,0.0,0.0,0.0
2019-02-20,4,0,161,0.0,0.0,0.0,0.0,0.0
2019-02-20,4,0,162,2.11,2.11,0.0,31.565069,0.0
2019-02-20,4,0,163,7.73,7.73,0.0,112.97349,0.0
2019-02-20,4,0,164,0.0,0.0,0.0,0.0,0.0
2019-02-20,4,0,167,0.0,0.0,0.0,0.0,0.0
2019-02-20,4,0,168,0.0,0.0,0.0,0.0,0.0
2019-02-20,4,0,169,0.0,0.0,0.0,0.0,0.0
2019-02-20,4,0,170,0.0,0.0,0.0,0.0,0.0
2019-02-20,4,0,172,0.0,0.0,0.0,0.0,0.0
2019-02-20,4,0,173,0.0,0.0,0.0,0.0,0.0
2019-02-20,4,0,188,0.0,0.0,0.0,0.0,0.0
2019-02-20,4,0,190,0.0,0.0,0.0,0.0,0.0
2019-02-20,4,0,191,0.0,0.0,0.0,0.0,0.0
2019-02-20,4,0,192,12.29,12.29,0.0,182.347227,0.0
2019-02-20,4,0,194,0.0,0.0,0.0,0.0,0.0
2019-02-20,4,0,196,0.0,0.0,0.0,0.0,0.0
2019-02-20,4,0,198,0.0,0.0,0.0,0.0,0.0
2019-02-20,4,0,199,9.44,9.44,0.0,117.243204,0.0
2019-02-20,4,0,200,0.0,0.0,0.0,0.0,0.0
2019-02-20,4,0,204,29.14,29.14,0.0,374.01539,0.0
2019-02-20,4,0,205,29.71,29.71,0.0,381.540255,0.0
2019-02-20,4,0,206,0.0,0.0,0.0,0.0,0.0
2019-02-20,4,0,210,0.0,0.0,0.0,0.0,0.0
2019-02-20,4,0,214,0.0,0.0,0.0,0.0,0.0
2019-02-20,4,0,217,0.0,0.0,0.0,0.0,0.0
2019-02-20,4,0,218,0.0,0.0,0.0,0.0,0.0
2019-02-20,4,0,219,0.0,0.0,0.0,0.0,0.0
2019-02-20,4,0,221,0.0,0.0,0.0,0.0,0.0
2019-02-20,4,0,225,0.0,0.0,0.0,0.0,0.0
2019-02-20,4,0,233,0.0,0.0,0.0,0.0,0.0
2019-02-20,4,0,236,0.0,0.0,0.0,0.0,0.0
2019-02-20,4,0,237,0.0,0.0,0.0,0.0,0.0
2019-02-20,4,0,238,0.0,0.0,0.0,0.0,0.0
2019-02-20,4,0,240,0.0,0.0,0.0,0.0,0.0
2019-02-20,4,0,245,15.76,15.76,0.0,155.865818,0.0
2019-02-20,4,0,247,21.02,21.02,0.0,207.887023,0.0
2019-02-20,4,0,248,0.0,0.0,0.0,0.0,0.0
2019-02-20,4,0,249,30.3,30.3,0.0,299.66588,0.0
2019-02-20,4,0,251,24.99,24.99,0.0,268.354971,0.0
2019-02-20,4,0,252,47.69,47.69,0.0,483.627876,0.0
2019-02-20,4,0,254,0.0,0.0,0.0,0.0,0.0
2019-02-20,4,0,255,0.0,0.0,0.0,0.0,0.0
2019-02-20,4,0,258,0.0,0.0,0.0,0.0,0.0
2019-02-20,4,0,260,0.0,0.0,0.0,0.0,0.0
2019-02-20,4,0,265,0.0,0.0,0.0,0.0,0.0
2019-02-20,4,0,266,3.85,3.85,0.0,50.824219,0.0
2019-02-20,4,0,267,4.73,4.73,0.0,62.441184,0.0
2019-02-20,4,0,270,24.15,24.15,0.0,352.950813,0.0
2019-02-20,4,0,272,0.0,0.0,0.0,0.0,0.0
2019-02-20,4,0,273,0.0,0.0,0.0,0.0,0.0
2019-02-20,4,0,274,31.13,31.13,0.0,454.963098,0.0
2019-02-20,4,0,275,43.33,43.33,0.0,633.265371,0.0
2019-02-20,4,0,276,0.0,0.0,0.0,0.0,0.0
2019-02-20,4,0,277,0.0,0.0,0.0,0.0,0.0
2019-02-20,4,0,278,0.0,0.0,0.0,0.0,0.0
2019-02-20,4,0,279,5.24,5.24,0.0,74.096649,0.0
2019-02-20,4,0,281,4.78,4.78,0.0,64.319357,0.0
2019-02-20,4,0,282,0.0,0.0,0.0,0.0,0.0
2019-02-20,5,0,9,0.0,0.0,0.0,0.0,0.0
2019-02-20,5,0,17,0.0,0.0,0.0,0.0,0.0
2019-02-20,5,0,19,486.85,486.85,0.0,5294.516194,0.0
2019-02-20,5,0,20,590.45,590.45,0.0,6421.170969,0.0
2019-02-20,5,0,21,0.0,0.0,0.0,0.0,0.0
2019-02-20,5,0,22,0.0,0.0,0.0,0.0,0.0
2019-02-20,5,0,23,24.76,24.76,0.0,313.775072,0.0
2019-02-20,5,0,24,43.81,43.81,0.0,555.189253,0.0
2019-02-20,5,0,29,0.0,0.0,0.0,0.0,0.0
2019-02-20,5,0,30,0.0,0.0,0.0,0.0,0.0
2019-02-20,5,0,31,10.42,10.42,0.0,132.18681,0.0
2019-02-20,5,0,32,0.0,0.0,0.0,0.0,0.0
2019-02-20,5,0,33,0.0,0.0,0.0,0.0,0.0
2019-02-20,5,0,34,0.0,0.0,0.0,0.0,0.0
2019-02-20,5,0,35,0.0,0.0,0.0,0.0,0.0
2019-02-20,5,0,36,0.0,0.0,0.0,0.0,0.0
2019-02-20,5,0,37,0.0,0.0,0.0,0.0,0.0
2019-02-20,5,0,38,0.0,0.0,0.0,0.0,0.0
2019-02-20,5,0,39,0.0,0.0,0.0,0.0,0.0
2019-02-20,5,0,40,0.0,0.0,0.0,0.0,0.0
2019-02-20,5,0,41,5.3,5.3,0.0,63.635052,0.0
2019-02-20,5,0,42,0.0,0.0,0.0,0.0,0.0
2019-02-20,5,0,43,0.0,0.0,0.0,0.0,0.0
2019-02-20,5,0,46,0.0,0.0,0.0,0.0,0.0
2019-02-20,5,0,52,11.04,11.04,0.0,140.052052,0.0
2019-02-20,5,0,53,17.54,17.54,0.0,222.510235,0.0
2019-02-20,5,0,55,180.15,180.15,0.0,2282.979773,0.0
2019-02-20,5,0,56,0.0,0.0,0.0,0.0,0.0
2019-02-20,5,0,57,0.0,0.0,0.0,0.0,0.0
2019-02-20,5,0,58,0.0,0.0,0.0,0.0,0.0
2019-02-20,5,0,59,0.0,0.0,0.0,0.0,0.0
2019-02-20,5,0,63,4.2,4.2,0.0,61.81192,0.0
2019-02-20,5,0,64,4.94,4.94,0.0,72.702592,0.0
2019-02-20,5,0,65,6.7,6.7,0.0,72.922631,0.0
2019-02-20,5,0,67,0.0,0.0,0.0,0.0,0.0
2019-02-20,5,0,68,0.75,0.75,0.0,10.586793,0.0
2019-02-20,5,0,69,0.0,0.0,0.0,0.0,0.0
2019-02-20,5,0,74,0.0,0.0,0.0,0.0,0.0
2019-02-20,5,0,77,9.2,9.2,0.0,128.319525,0.0
2019-02-20,5,0,78,6.95,6.95,0.0,96.937033,0.0
2019-02-20,5,0,79,4.02,4.02,0.0,56.070053,0.0
2019-02-20,5,0,80,6.51,6.51,0.0,90.800012,0.0
2019-02-20,5,0,81,8.51,8.51,0.0,118.695561,0.0
2019-02-20,5,0,82,6.0,6.0,0.0,83.686647,0.0
2019-02-20,5,0,83,13.38,13.38,0.0,186.621223,0.0
2019-02-20,5,0,84,0.0,0.0,0.0,0.0,0.0
2019-02-20,5,0,86,0.0,0.0,0.0,0.0,0.0
2019-02-20,5,0,87,0.0,0.0,0.0,0.0,0.0
2019-02-20,5,0,88,3.92,3.92,0.0,54.675276,0.0
2019-02-20,5,0,89,3.77,3.77,0.0,52.58311,0.0
2019-02-20,5,0,90,5.06,5.06,0.0,70.575739,0.0
2019-02-20,5,0,91,18.03,18.03,0.0,251.478374,0.0
2019-02-20,5,0,92,6.49,6.49,0.0,90.521056,0.0
2019-02-20,5,0,95,2.61,2.61,0.0,38.823817,0.0
2019-02-20,5,0,96,0.0,0.0,0.0,0.0,0.0
2019-02-20,5,0,97,0.0,0.0,0.0,0.0,0.0
2019-02-20,5,0,99,0.0,0.0,0.0,0.0,0.0
2019-02-20,5,0,101,0.0,0.0,0.0,0.0,0.0
2019-02-20,5,0,102,1.77,1.77,0.0,24.984831,0.0
2019-02-20,5,0,103,1.54,1.54,0.0,21.738214,0.0
2019-02-20,5,0,104,0.29,0.29,0.0,4.09356,0.0
2019-02-20,5,0,106,0.0,0.0,0.0,0.0,0.0
2019-02-20,5,0,109,7.33,7.33,0.0,84.386327,0.0
2019-02-20,5,0,110,160.7,160.7,0.0,2332.977933,0.0
2019-02-20,5,0,111,0.0,0.0,0.0,0.0,0.0
2019-02-20,5,0,113,0.0,0.0,0.0,0.0,0.0
2019-02-20,5,0,115,0.0,0.0,0.0,0.0,0.0
2019-02-20,5,0,116,0.0,0.0,0.0,0.0,0.0
2019-02-20,5,0,117,0.0,0.0,0.0,0.0,0.0
2019-02-20,5,0,119,4.94,4.94,0.0,72.702592,0.0
2019-02-20,5,0,120,2.9,2.9,0.0,42.679659,0.0
2019-02-20,5,0,123,0.0,0.0,0.0,0.0,0.0
2019-02-20,5,0,125,39.64,39.64,0.0,502.344259,0.0
2019-02-20,5,0,126,0.0,0.0,0.0,0.0,0.0
2019-02-20,5,0,127,0.0,0.0,0.0,0.0,0.0
2019-02-20,5,0,128,56.78,56.78,0.0,719.553658,0.0
2019-02-20,5,0,131,2.45,2.45,0.0,34.518793,0.0
2019-02-20,5,0,132,3.61,3.61,0.0,50.862384,0.0
2019-02-20,5,0,133,10.54,10.54,0.0,114.614119,0.0
2019-02-20,5,0,134,0.0,0.0,0.0,0.0,0.0
2019-02-20,5,0,135,15.02,15.02,0.0,163.330557,0.0
2019-02-20,5,0,136,21.29,21.29,0.0,231.730259,0.0
2019-02-20,5,0,139,6.84,6.84,0.0,82.125237,0.0
2019-02-20,5,0,140,118.93,118.93,0.0,1726.577882,0.0
2019-02-20,5,0,141,83.58,83.58,0.0,1188.060513,0.0
2019-02-20,5,0,142,0.0,0.0,0.0,0.0,0.0
2019-02-20,5,0,143,60.71,60.71,0.0,770.159427,0.0
2019-02-20,5,0,145,0.0,0.0,0.0,0.0,0.0
2019-02-20,5,0,146,268.0,268.0,0.0,3890.716155,0.0
2019-02-20,5,0,152,0.0,0.0,0.0,0.0,0.0
2019-02-20,5,0,153,0.0,0.0,0.0,0.0,0.0
2019-02-20,5,0,154,0.0,0.0,0.0,0.0,0.0
2019-02-20,5,0,157,250.0,250.0,0.0,3553.662696,0.0
2019-02-20,5,0,158,0.0,0.0,0.0,0.0,0.0
2019-02-20,5,0,159,0.0,0.0,0.0,0.0,0.0
2019-02-20,5,0,160,0.0,0.0,0.0,0.0,0.0
2019-02-20,5,0,161,0.0,0.0,0.0,0.0,0.0
2019-02-20,5,0,162,2.77,2.77,0.0,41.196067,0.0
2019-02-20,5,0,163,17.32,17.32,0.0,251.44479,0.0
2019-02-20,5,0,164,0.0,0.0,0.0,0.0,0.0
2019-02-20,5,0,167,0.0,0.0,0.0,0.0,0.0
2019-02-20,5,0,168,0.0,0.0,0.0,0.0,0.0
2019-02-20,5,0,169,0.0,0.0,0.0,0.0,0.0
2019-02-20,5,0,170,0.0,0.0,0.0,0.0,0.0
2019-02-20,5,0,172,0.0,0.0,0.0,0.0,0.0
2019-02-20,5,0,173,0.0,0.0,0.0,0.0,0.0
2019-02-20,5,0,188,0.0,0.0,0.0,0.0,0.0
2019-02-20,5,0,190,0.0,0.0,0.0,0.0,0.0
2019-02-20,5,0,191,0.0,0.0,0.0,0.0,0.0
2019-02-20,5,0,192,23.61,23.61,0.0,347.471294,0.0
2019-02-20,5,0,194,0.0,0.0,0.0,0.0,0.0
2019-02-20,5,0,196,0.0,0.0,0.0,0.0,0.0
2019-02-20,5,0,198,0.0,0.0,0.0,0.0,0.0
2019-02-20,5,0,199,8.11,8.11,0.0,106.855049,0.0
2019-02-20,5,0,200,0.0,0.0,0.0,0.0,0.0
2019-02-20,5,0,204,42.74,42.74,0.0,493.84024,0.0
2019-02-20,5,0,205,38.77,38.77,0.0,446.338047,0.0
2019-02-20,5,0,206,0.0,0.0,0.0,0.0,0.0
2019-02-20,5,0,210,0.0,0.0,0.0,0.0,0.0
2019-02-20,5,0,214,0.0,0.0,0.0,0.0,0.0
2019-02-20,5,0,217,0.0,0.0,0.0,0.0,0.0
2019-02-20,5,0,218,0.0,0.0,0.0,0.0,0.0
2019-02-20,5,0,219,0.0,0.0,0.0,0.0,0.0
2019-02-20,5,0,221,0.0,0.0,0.0,0.0,0.0
2019-02-20,5,0,225,0.0,0.0,0.0,0.0,0.0
2019-02-20,5,0,233,0.0,0.0,0.0,0.0,0.0
2019-02-20,5,0,236,0.0,0.0,0.0,0.0,0.0
2019-02-20,5,0,237,0.0,0.0,0.0,0.0,0.0
2019-02-20,5,0,238,0.0,0.0,0.0,0.0,0.0
2019-02-20,5,0,240,0.0,0.0,0.0,0.0,0.0
2019-02-20,5,0,245,17.92,17.92,0.0,194.292451,0.0
2019-02-20,5,0,247,20.99,20.99,0.0,227.578044,0.0
2019-02-20,5,0,248,0.0,0.0,0.0,0.0,0.0
2019-02-20,5,0,249,34.45,34.45,0.0,373.514227,0.0
2019-02-20,5,0,251,18.36,18.36,0.0,200.098924,0.0
2019-02-20,5,0,252,43.24,43.24,0.0,470.62307,0.0
2019-02-20,5,0,254,0.0,0.0,0.0,0.0,0.0
2019-02-20,5,0,255,0.0,0.0,0.0,0.0,0.0
2019-02-20,5,0,258,0.0,0.0,0.0,0.0,0.0
2019-02-20,5,0,260,0.0,0.0,0.0,0.0,0.0
2019-02-20,5,0,265,0.0,0.0,0.0,0.0,0.0
2019-02-20,5,0,266,4.43,4.43,0.0,53.189298,0.0
2019-02-20,5,0,267,5.44,5.44,0.0,65.315978,0.0
2019-02-20,5,0,270,54.09,54.09,0.0,785.256854,0.0
2019-02-20,5,0,272,0.0,0.0,0.0,0.0,0.0
2019-02-20,5,0,273,0.0,0.0,0.0,0.0,0.0
2019-02-20,5,0,274,69.73,69.73,0.0,1012.31208,0.0
2019-02-20,5,0,275,97.07,97.07,0.0,1409.223198,0.0
2019-02-20,5,0,276,0.0,0.0,0.0,0.0,0.0
2019-02-20,5,0,277,0.0,0.0,0.0,0.0,0.0
2019-02-20,5,0,278,0.0,0.0,0.0,0.0,0.0
2019-02-20,5,0,279,8.03,8.03,0.0,113.255944,0.0
2019-02-20,5,0,281,4.68,4.68,0.0,59.369892,0.0
2019-02-20,5,0,282,0.0,0.0,0.0,0.0,0.0
2019-02-20,6,0,9,0.0,0.0,0.0,0.0,0.0
2019-02-20,6,0,17,0.0,0.0,0.0,0.0,0.0
2019-02-20,6,0,19,477.18,477.18,0.0,7024.45494,0.0
2019-02-20,6,0,20,578.73,578.73,0.0,8519.348689,0.0
2019-02-20,6,0,21,0.0,0.0,0.0,0.0,0.0
2019-02-20,6,0,22,0.0,0.0,0.0,0.0,0.0
2019-02-20,6,0,23,31.32,31.32,0.0,505.271936,0.0
2019-02-20,6,0,24,55.41,55.41,0.0,893.905426,0.0
2019-02-20,6,0,29,0.0,0.0,0.0,0.0,0.0
2019-02-20,6,0,30,0.0,0.0,0.0,0.0,0.0
2019-02-20,6,0,31,10.79,10.79,0.0,173.890118,0.0
2019-02-20,6,0,32,0.0,0.0,0.0,0.0,0.0
2019-02-20,6,0,33,0.0,0.0,0.0,0.0,0.0
2019-02-20,6,0,34,0.0,0.0,0.0,0.0,0.0
2019-02-20,6,0,35,0.0,0.0,0.0,0.0,0.0
2019-02-20,6,0,36,0.0,0.0,0.0,0.0,0.0
2019-02-20,6,0,37,0.0,0.0,0.0,0.0,0.0
2019-02-20,6,0,38,0.0,0.0,0.0,0.0,0.0
2019-02-20,6,0,39,0.0,0.0,0.0,0.0,0.0
2019-02-20,6,0,40,0.0,0.0,0.0,0.0,0.0
2019-02-20,6,0,41,9.67,9.67,0.0,161.377532,0.0
2019-02-20,6,0,42,0.0,0.0,0.0,0.0,0.0
2019-02-20,6,0,43,0.0,0.0,0.0,0.0,0.0
2019-02-20,6,0,46,0.0,0.0,0.0,0.0,0.0
2019-02-20,6,0,52,11.44,11.44,0.0,184.365426,0.0
2019-02-20,6,0,53,18.16,18.16,0.0,292.663998,0.0
2019-02-20,6,0,55,71.32,71.32,0.0,1150.574535,0.0
2019-02-20,6,0,56,0.0,0.0,0.0,0.0,0.0
2019-02-20,6,0,57,0.0,0.0,0.0,0.0,0.0
2019-02-20,6,0,58,0.0,0.0,0.0,0.0,0.0
2019-02-20,6,0,59,0.0,0.0,0.0,0.0,0.0
2019-02-20,6,0,63,12.75,12.75,0.0,226.366495,0.0
2019-02-20,6,0,64,15.0,15.0,0.0,266.313524,0.0
2019-02-20,6,0,65,7.49,7.49,0.0,110.737274,0.0
2019-02-20,6,0,67,0.0,0.0,0.0,0.0,0.0
2019-02-20,6,0,68,1.41,1.41,0.0,18.51617,0.0
2019-02-20,6,0,69,0.0,0.0,0.0,0.0,0.0
2019-02-20,6,0,74,1.52,1.52,0.0,24.872166,0.0
2019-02-20,6,0,77,21.91,21.91,0.0,316.775738,0.0
2019-02-20,6,0,78,16.57,16.57,0.0,239.569785,0.0
2019-02-20,6,0,79,9.59,9.59,0.0,138.652639,0.0
2019-02-20,6,0,80,15.5,15.5,0.0,224.099678,0.0
2019-02-20,6,0,81,20.27,20.27,0.0,293.064547,0.0
2019-02-20,6,0,82,14.3,14.3,0.0,206.750025,0.0
2019-02-20,6,0,83,31.89,31.89,0.0,461.067015,0.0
2019-02-20,6,0,84,0.0,0.0,0.0,0.0,0.0
2019-02-20,6,0,86,0.0,0.0,0.0,0.0,0.0
2019-02-20,6,0,87,0.0,0.0,0.0,0.0,0.0
2019-02-20,6,0,88,10.47,10.47,0.0,151.375718,0.0
2019-02-20,6,0,89,10.07,10.07,0.0,145.5925,0.0
2019-02-20,6,0,90,13.52,13.52,0.0,195.472751,0.0
2019-02-20,6,0,91,48.22,48.22,0.0,697.166869,0.0
2019-02-20,6,0,92,17.34,17.34,0.0,250.702478,0.0
2019-02-20,6,0,95,2.43,2.43,0.0,41.395997,0.0
2019-02-20,6,0,96,1.28,1.28,0.0,20.605951,0.0
2019-02-20,6,0,97,7.9,7.9,0.0,127.177355,0.0
2019-02-20,6,0,99,0.29,0.29,0.0,4.745347,0.0
2019-02-20,6,0,101,0.0,0.0,0.0,0.0,0.0
2019-02-20,6,0,102,3.33,3.33,0.0,43.729677,0.0
2019-02-20,6,0,103,2.89,2.89,0.0,37.951582,0.0
2019-02-20,6,0,104,0.54,0.54,0.0,7.091299,0.0
2019-02-20,6,0,106,0.0,0.0,0.0,0.0,0.0
2019-02-20,6,0,109,14.25,14.25,0.0,253.997381,0.0
2019-02-20,6,0,110,262.66,262.66,0.0,1893.991981,0.0
2019-02-20,6,0,111,0.0,0.0,0.0,0.0,0.0
2019-02-20,6,0,113,6.42,6.42,0.0,92.354076,0.0
2019-02-20,6,0,115,6.42,6.42,0.0,92.354076,0.0
2019-02-20,6,0,116,0.0,0.0,0.0,0.0,0.0
2019-02-20,6,0,117,0.25,0.25,0.0,3.596343,0.0
2019-02-20,6,0,119,15.0,15.0,0.0,266.313524,0.0
2019-02-20,6,0,120,8.82,8.82,0.0,156.592352,0.0
2019-02-20,6,0,123,0.0,0.0,0.0,0.0,0.0
2019-02-20,6,0,125,50.15,50.15,0.0,809.048134,0.0
2019-02-20,6,0,126,0.0,0.0,0.0,0.0,0.0
2019-02-20,6,0,127,0.0,0.0,0.0,0.0,0.0
2019-02-20,6,0,128,71.82,71.82,0.0,1158.640818,0.0
2019-02-20,6,0,131,4.9,4.9,0.0,66.254441,0.0
2019-02-20,6,0,132,7.21,7.21,0.0,97.488678,0.0
2019-02-20,6,0,133,11.58,11.58,0.0,170.396732,0.0
2019-02-20,6,0,134,0.0,0.0,0.0,0.0,0.0
2019-02-20,6,0,135,15.52,15.52,0.0,228.372822,0.0
2019-02-20,6,0,136,19.67,19.67,0.0,290.88373,0.0
2019-02-20,6,0,139,12.48,12.48,0.0,208.272141,0.0
2019-02-20,6,0,140,194.4,194.4,0.0,1401.781927,0.0
2019-02-20,6,0,141,96.97,96.97,0.0,1132.070267,0.0
2019-02-20,6,0,142,0.0,0.0,0.0,0.0,0.0
2019-02-20,6,0,143,83.88,83.88,0.0,1351.798246,0.0
2019-02-20,6,0,145,0.0,0.0,0.0,0.0,0.0
2019-02-20,6,0,146,268.0,268.0,0.0,1932.497719,0.0
2019-02-20,6,0,152,0.0,0.0,0.0,0.0,0.0
2019-02-20,6,0,153,0.0,0.0,0.0,0.0,0.0
2019-02-20,6,0,154,0.0,0.0,0.0,0.0,0.0
2019-02-20,6,0,157,250.0,250.0,0.0,2918.609537,0.0
2019-02-20,6,0,158,0.0,0.0,0.0,0.0,0.0
2019-02-20,6,0,159,0.0,0.0,0.0,0.0,0.0
2019-02-20,6,0,160,0.0,0.0,0.0,0.0,0.0
2019-02-20,6,0,161,0.0,0.0,0.0,0.0,0.0
2019-02-20,6,0,162,3.55,3.55,0.0,60.503948,0.0
2019-02-20,6,0,163,39.32,39.32,0.0,283.529143,0.0
2019-02-20,6,0,164,0.0,0.0,0.0,0.0,0.0
2019-02-20,6,0,167,0.0,0.0,0.0,0.0,0.0
2019-02-20,6,0,168,0.0,0.0,0.0,0.0,0.0
2019-02-20,6,0,169,0.0,0.0,0.0,0.0,0.0
2019-02-20,6,0,170,0.0,0.0,0.0,0.0,0.0
2019-02-20,6,0,172,0.0,0.0,0.0,0.0,0.0
2019-02-20,6,0,173,0.0,0.0,0.0,0.0,0.0
2019-02-20,6,0,188,0.0,0.0,0.0,0.0,0.0
2019-02-20,6,0,190,0.0,0.0,0.0,0.0,0.0
2019-02-20,6,0,191,0.0,0.0,0.0,0.0,0.0
2019-02-20,6,0,192,41.31,41.31,0.0,733.427445,0.0
2019-02-20,6,0,194,0.0,0.0,0.0,0.0,0.0
2019-02-20,6,0,196,0.0,0.0,0.0,0.0,0.0
2019-02-20,6,0,198,0.0,0.0,0.0,0.0,0.0
2019-02-20,6,0,199,6.95,6.95,0.0,90.268923,0.0
2019-02-20,6,0,200,0.0,0.0,0.0,0.0,0.0
2019-02-20,6,0,204,73.09,73.09,0.0,1308.350892,0.0
2019-02-20,6,0,205,75.38,75.38,0.0,1343.601582,0.0
2019-02-20,6,0,206,23.22,23.22,0.0,373.804835,0.0
2019-02-20,6,0,210,0.0,0.0,0.0,0.0,0.0
2019-02-20,6,0,214,0.0,0.0,0.0,0.0,0.0
2019-02-20,6,0,217,0.0,0.0,0.0,0.0,0.0
2019-02-20,6,0,218,0.0,0.0,0.0,0.0,0.0
2019-02-20,6,0,219,0.0,0.0,0.0,0.0,0.0
2019-02-20,6,0,221,0.0,0.0,0.0,0.0,0.0
2019-02-20,6,0,225,0.0,0.0,0.0,0.0,0.0
2019-02-20,6,0,233,0.0,0.0,0.0,0.0,0.0
2019-02-20,6,0,236,7.03,7.03,0.0,109.873819,0.0
2019-02-20,6,0,237,3.64,3.64,0.0,59.562291,0.0
2019-02-20,6,0,238,0.0,0.0,0.0,0.0,0.0
2019-02-20,6,0,240,0.0,0.0,0.0,0.0,0.0
2019-02-20,6,0,245,21.51,21.51,0.0,311.587914,0.0
2019-02-20,6,0,247,23.76,23.76,0.0,344.180792,0.0
2019-02-20,6,0,248,0.37,0.37,0.0,6.054409,0.0
2019-02-20,6,0,249,41.37,41.37,0.0,599.274384,0.0
2019-02-20,6,0,251,30.95,30.95,0.0,460.833865,0.0
2019-02-20,6,0,252,48.29,48.29,0.0,713.95233,0.0
2019-02-20,6,0,254,0.0,0.0,0.0,0.0,0.0
2019-02-20,6,0,255,0.0,0.0,0.0,0.0,0.0
2019-02-20,6,0,258,0.0,0.0,0.0,0.0,0.0
2019-02-20,6,0,260,0.0,0.0,0.0,0.0,0.0
2019-02-20,6,0,265,0.0,0.0,0.0,0.0,0.0
2019-02-20,6,0,266,8.08,8.08,0.0,134.84286,0.0
2019-02-20,6,0,267,9.93,9.93,0.0,165.716535,0.0
2019-02-20,6,0,270,122.78,122.78,0.0,885.343544,0.0
2019-02-20,6,0,272,22.66,22.66,0.0,325.972487,0.0
2019-02-20,6,0,273,0.0,0.0,0.0,0.0,0.0
2019-02-20,6,0,274,158.28,158.28,0.0,1141.327384,0.0
2019-02-20,6,0,275,220.33,220.33,0.0,1588.758292,0.0
2019-02-20,6,0,276,0.0,0.0,0.0,0.0,0.0
2019-02-20,6,0,277,0.0,0.0,0.0,0.0,0.0
2019-02-20,6,0,278,0.0,0.0,0.0,0.0,0.0
2019-02-20,6,0,279,18.21,18.21,0.0,262.488157,0.0
2019-02-20,6,0,281,4.85,4.85,0.0,78.161916,0.0
2019-02-20,6,0,282,0.0,0.0,0.0,0.0,0.0
2019-02-20,7,0,9,0.0,0.0,0.0,0.0,0.0
2019-02-20,7,0,17,0.0,0.0,0.0,0.0,0.0
2019-02-20,7,0,19,468.86,468.86,0.0,6344.316395,0.0
2019-02-20,7,0,20,568.64,568.64,0.0,7694.476123,0.0
2019-02-20,7,0,21,0.0,0.0,0.0,0.0,0.0
2019-02-20,7,0,22,0.0,0.0,0.0,0.0,0.0
2019-02-20,7,0,23,38.97,38.97,0.0,443.875946,0.0
2019-02-20,7,0,24,68.96,68.96,0.0,785.46793,0.0
2019-02-20,7,0,29,0.0,0.0,0.0,0.0,0.0
2019-02-20,7,0,30,0.0,0.0,0.0,0.0,0.0
2019-02-20,7,0,31,29.2,29.2,0.0,331.647683,0.0
2019-02-20,7,0,32,0.0,0.0,0.0,0.0,0.0
2019-02-20,7,0,33,0.0,0.0,0.0,0.0,0.0
2019-02-20,7,0,34,0.0,0.0,0.0,0.0,0.0
2019-02-20,7,0,35,0.0,0.0,0.0,0.0,0.0
2019-02-20,7,0,36,0.0,0.0,0.0,0.0,0.0
2019-02-20,7,0,37,0.0,0.0,0.0,0.0,0.0
2019-02-20,7,0,38,0.0,0.0,0.0,0.0,0.0
2019-02-20,7,0,39,0.0,0.0,0.0,0.0,0.0
2019-02-20,7,0,40,0.0,0.0,0.0,0.0,0.0
2019-02-20,7,0,41,14.47,14.47,0.0,185.899598,0.0
2019-02-20,7,0,42,0.0,0.0,0.0,0.0,0.0
2019-02-20,7,0,43,0.0,0.0,0.0,0.0,0.0
2019-02-20,7,0,46,0.0,0.0,0.0,0.0,0.0
2019-02-20,7,0,52,30.96,30.96,0.0,351.637406,0.0
2019-02-20,7,0,53,49.2,49.2,0.0,558.80363,0.0
2019-02-20,7,0,55,70.55,70.55,0.0,803.578342,0.0
2019-02-20,7,0,56,0.0,0.0,0.0,0.0,0.0
2019-02-20,7,0,57,0.0,0.0,0.0,0.0,0.0
2019-02-20,7,0,58,0.0,0.0,0.0,0.0,0.0
2019-02-20,7,0,59,0.0,0.0,0.0,0.0,0.0
2019-02-20,7,0,63,30.13,30.13,0.0,634.755112,0.0
2019-02-20,7,0,64,35.45,35.45,0.0,746.832682,0.0
2019-02-20,7,0,65,9.86,9.86,0.0,133.659536,0.0
2019-02-20,7,0,67,0.0,0.0,0.0,-0.0,0.0
2019-02-20,7,0,68,2.48,2.48,0.0,9.123941,0.0
2019-02-20,7,0,69,0.0,0.0,0.0,0.0,0.0
2019-02-20,7,0,74,7.66,7.66,0.0,107.809651,0.0
2019-02-20,7,0,77,47.0,47.0,0.0,386.592563,0.0
2019-02-20,7,0,78,35.54,35.54,0.0,292.329781,0.0
2019-02-20,7,0,79,20.56,20.56,0.0,169.113683,0.0
2019-02-20,7,0,80,33.26,33.26,0.0,273.575929,0.0
2019-02-20,7,0,81,43.48,43.48,0.0,357.639248,0.0
2019-02-20,7,0,82,30.67,30.67,0.0,252.272211,0.0
2019-02-20,7,0,83,68.39,68.39,0.0,562.533306,0.0
2019-02-20,7,0,84,0.0,0.0,0.0,0.0,0.0
2019-02-20,7,0,86,0.0,0.0,0.0,0.0,0.0
2019-02-20,7,0,87,0.0,0.0,0.0,0.0,0.0
2019-02-20,7,0,88,27.88,27.88,0.0,229.323418,0.0
2019-02-20,7,0,89,26.8,26.8,0.0,220.440015,0.0
2019-02-20,7,0,90,35.99,35.99,0.0,296.031199,0.0
2019-02-20,7,0,91,128.37,128.37,0.0,1055.89122,0.0
2019-02-20,7,0,92,46.17,46.17,0.0,379.765503,0.0
2019-02-20,7,0,95,2.26,2.26,0.0,41.596209,0.0
2019-02-20,7,0,96,4.29,4.29,0.0,48.579691,0.0
2019-02-20,7,0,97,26.38,26.38,0.0,298.725468,0.0
2019-02-20,7,0,99,1.48,1.48,0.0,20.830063,0.0
2019-02-20,7,0,101,0.0,0.0,0.0,0.0,0.0
2019-02-20,7,0,102,5.88,5.88,0.0,21.63257,0.0
2019-02-20,7,0,103,5.11,5.11,0.0,18.799733,0.0
2019-02-20,7,0,104,0.95,0.95,0.0,3.495058,0.0
2019-02-20,7,0,106,0.0,0.0,0.0,0.0,0.0
2019-02-20,7,0,109,29.24,29.24,0.0,420.274311,0.0
2019-02-20,7,0,110,338.6,338.6,0.0,-5914.532601,0.0
2019-02-20,7,0,111,0.0,0.0,0.0,0.0,0.0
2019-02-20,7,0,113,9.4,9.4,0.0,80.721077,0.0
2019-02-20,7,0,115,9.4,9.4,0.0,80.721077,0.0
2019-02-20,7,0,116,0.0,0.0,0.0,-0.0,0.0
2019-02-20,7,0,117,0.39,0.39,0.0,3.349066,0.0
2019-02-20,7,0,119,35.45,35.45,0.0,746.832682,0.0
2019-02-20,7,0,120,20.84,20.84,0.0,439.040708,0.0
2019-02-20,7,0,123,0.0,0.0,0.0,0.0,0.0
2019-02-20,7,0,125,62.4,62.4,0.0,710.748243,0.0
2019-02-20,7,0,126,0.0,0.0,0.0,0.0,0.0
2019-02-20,7,0,127,0.0,0.0,0.0,0.0,0.0
2019-02-20,7,0,128,89.38,89.38,0.0,1018.055736,0.0
2019-02-20,7,0,131,8.82,8.82,0.0,44.710801,0.0
2019-02-20,7,0,132,12.97,12.97,0.0,65.748196,0.0
2019-02-20,7,0,133,15.51,15.51,0.0,209.835883,0.0
2019-02-20,7,0,134,0.0,0.0,0.0,0.0,0.0
2019-02-20,7,0,135,20.78,20.78,0.0,281.134085,0.0
2019-02-20,7,0,136,18.83,18.83,0.0,255.279658,0.0
2019-02-20,7,0,139,18.69,18.69,0.0,240.114961,0.0
2019-02-20,7,0,140,250.6,250.6,0.0,-4377.382959,0.0
2019-02-20,7,0,141,111.86,111.86,0.0,-170.759447,0.0
2019-02-20,7,0,142,0.0,0.0,0.0,-0.0,0.0
2019-02-20,7,0,143,51.35,51.35,0.0,583.222894,0.0
2019-02-20,7,0,145,1.98,1.98,0.0,24.696112,0.0
2019-02-20,7,0,146,268.0,268.0,0.0,-4681.319365,0.0
2019-02-20,7,0,152,0.0,0.0,0.0,0.0,0.0
2019-02-20,7,0,153,0.0,0.0,0.0,0.0,0.0
2019-02-20,7,0,154,0.0,0.0,0.0,0.0,0.0
2019-02-20,7,0,157,250.0,250.0,0.0,-381.636526,0.0
2019-02-20,7,0,158,0.0,0.0,0.0,-0.0,0.0
2019-02-20,7,0,159,0.0,0.0,0.0,0.0,0.0
2019-02-20,7,0,160,0.0,0.0,0.0,0.0,0.0
2019-02-20,7,0,161,0.0,0.0,0.0,0.0,0.0
2019-02-20,7,0,162,4.5,4.5,0.0,82.959638,0.0
2019-02-20,7,0,163,79.49,79.49,0.0,-1388.500285,0.0
2019-02-20,7,0,164,0.0,0.0,0.0,0.0,0.0
2019-02-20,7,0,167,0.0,0.0,0.0,0.0,0.0
2019-02-20,7,0,168,0.0,0.0,0.0,0.0,0.0
2019-02-20,7,0,169,0.0,0.0,0.0,0.0,0.0
2019-02-20,7,0,170,0.0,0.0,0.0,0.0,0.0
2019-02-20,7,0,172,0.0,0.0,0.0,0.0,0.0
2019-02-20,7,0,173,0.0,0.0,0.0,0.0,0.0
2019-02-20,7,0,188,0.0,0.0,0.0,0.0,0.0
2019-02-20,7,0,190,0.0,0.0,0.0,0.0,0.0
2019-02-20,7,0,191,0.0,0.0,0.0,0.0,0.0
2019-02-20,7,0,192,67.67,67.67,0.0,1425.618267,0.0
2019-02-20,7,0,194,16.6,16.6,0.0,212.477869,0.0
2019-02-20,7,0,196,0.0,0.0,0.0,0.0,0.0
2019-02-20,7,0,198,0.0,0.0,0.0,0.0,0.0
2019-02-20,7,0,199,5.96,5.96,0.0,73.319842,0.0
2019-02-20,7,0,200,0.0,0.0,0.0,0.0,0.0
2019-02-20,7,0,204,126.99,126.99,0.0,1822.268113,0.0
2019-02-20,7,0,205,154.7,154.7,0.0,2223.544317,0.0
2019-02-20,7,0,206,77.51,77.51,0.0,877.718386,0.0
2019-02-20,7,0,210,0.0,0.0,0.0,0.0,0.0
2019-02-20,7,0,214,0.0,0.0,0.0,0.0,0.0
2019-02-20,7,0,217,0.0,0.0,0.0,0.0,0.0
2019-02-20,7,0,218,0.0,0.0,0.0,0.0,0.0
2019-02-20,7,0,219,0.0,0.0,0.0,0.0,0.0
2019-02-20,7,0,221,0.0,0.0,0.0,0.0,0.0
2019-02-20,7,0,225,0.0,0.0,0.0,0.0,0.0
2019-02-20,7,0,233,0.0,0.0,0.0,0.0,0.0
2019-02-20,7,0,236,23.89,23.89,0.0,331.845079,0.0
2019-02-20,7,0,237,18.38,18.38,0.0,258.686864,0.0
2019-02-20,7,0,238,0.0,0.0,0.0,0.0,0.0
2019-02-20,7,0,240,0.0,0.0,0.0,0.0,0.0
2019-02-20,7,0,245,26.98,26.98,0.0,362.658672,0.0
2019-02-20,7,0,247,30.09,30.09,0.0,404.462544,0.0
2019-02-20,7,0,248,1.85,1.85,0.0,26.037579,0.0
2019-02-20,7,0,249,51.88,51.88,0.0,697.358484,0.0
2019-02-20,7,0,251,71.47,71.47,0.0,971.687637,0.0
2019-02-20,7,0,252,63.63,63.63,0.0,862.551346,0.0
2019-02-20,7,0,254,0.0,0.0,0.0,0.0,0.0
2019-02-20,7,0,255,0.0,0.0,0.0,0.0,0.0
2019-02-20,7,0,258,0.0,0.0,0.0,0.0,0.0
2019-02-20,7,0,260,0.0,0.0,0.0,0.0,0.0
2019-02-20,7,0,265,0.0,0.0,0.0,0.0,0.0
2019-02-20,7,0,266,12.1,12.1,0.0,155.451633,0.0
2019-02-20,7,0,267,14.87,14.87,0.0,191.038495,0.0
2019-02-20,7,0,270,248.23,248.23,0.0,-4335.984724,0.0
2019-02-20,7,0,272,33.44,33.44,0.0,287.160937,0.0
2019-02-20,7,0,273,0.0,0.0,0.0,-0.0,0.0
2019-02-20,7,0,274,320.0,320.0,0.0,-5589.635063,0.0
2019-02-20,7,0,275,445.45,445.45,0.0,-7780.946684,0.0
2019-02-20,7,0,276,0.0,0.0,0.0,-0.0,0.0
2019-02-20,7,0,277,0.0,0.0,0.0,0.0,0.0
2019-02-20,7,0,278,0.0,0.0,0.0,0.0,0.0
2019-02-20,7,0,279,40.6,40.6,0.0,342.754417,0.0
2019-02-20,7,0,281,13.1,13.1,0.0,148.787145,0.0
2019-02-20,7,0,282,0.0,0.0,0.0,0.0,0.0
2019-02-20,8,0,9,0.0,0.0,0.0,0.0,0.0
2019-02-20,8,0,17,0.0,0.0,0.0,0.0,0.0
2019-02-20,8,0,19,605.38,605.38,0.0,3470.06994,0.0
2019-02-20,8,0,20,753.44,753.44,0.0,4318.757632,0.0
2019-02-20,8,0,21,0.0,0.0,0.0,0.0,0.0
2019-02-20,8,0,22,0.0,0.0,0.0,0.0,0.0
2019-02-20,8,0,23,53.94,53.94,0.0,258.752413,0.0
2019-02-20,8,0,24,95.43,95.43,0.0,457.781661,0.0
2019-02-20,8,0,29,0.0,0.0,0.0,0.0,0.0
2019-02-20,8,0,30,0.0,0.0,0.0,0.0,0.0
2019-02-20,8,0,31,13.55,13.55,0.0,64.568377,0.0
2019-02-20,8,0,32,0.0,0.0,0.0,0.0,0.0
2019-02-20,8,0,33,0.0,0.0,0.0,0.0,0.0
2019-02-20,8,0,34,0.0,0.0,0.0,0.0,0.0
2019-02-20,8,0,35,0.0,0.0,0.0,0.0,0.0
2019-02-20,8,0,36,0.0,0.0,0.0,0.0,0.0
2019-02-20,8,0,37,0.0,0.0,0.0,0.0,0.0
2019-02-20,8,0,38,0.0,0.0,0.0,0.0,0.0
2019-02-20,8,0,39,0.0,0.0,0.0,0.0,0.0
2019-02-20,8,0,40,0.0,0.0,0.0,0.0,0.0
2019-02-20,8,0,41,6.04,6.04,0.0,38.884766,0.0
2019-02-20,8,0,42,0.0,0.0,0.0,0.0,0.0
2019-02-20,8,0,43,0.0,0.0,0.0,0.0,0.0
2019-02-20,8,0,46,0.0,0.0,0.0,0.0,0.0
2019-02-20,8,0,52,14.36,14.36,0.0,68.428184,0.0
2019-02-20,8,0,53,22.82,22.82,0.0,108.741724,0.0
2019-02-20,8,0,55,91.47,91.47,0.0,438.785377,0.0
2019-02-20,8,0,56,0.0,0.0,0.0,0.0,0.0
2019-02-20,8,0,57,0.0,0.0,0.0,0.0,0.0
2019-02-20,8,0,58,0.0,0.0,0.0,0.0,0.0
2019-02-20,8,0,59,0.0,0.0,0.0,0.0,0.0
2019-02-20,8,0,63,31.61,31.61,0.0,859.448083,0.0
2019-02-20,8,0,64,37.16,37.16,0.0,1010.347699,0.0
2019-02-20,8,0,65,14.69,14.69,0.0,111.870751,0.0
2019-02-20,8,0,67,0.0,0.0,0.0,-0.0,0.0
2019-02-20,8,0,68,3.74,3.74,0.0,-58.932977,0.0
2019-02-20,8,0,69,0.0,0.0,0.0,0.0,0.0
2019-02-20,8,0,74,5.55,5.55,0.0,48.094338,0.0
2019-02-20,8,0,77,56.2,56.2,0.0,-305.183464,0.0
2019-02-20,8,0,78,42.44,42.44,0.0,-230.462388,0.0
2019-02-20,8,0,79,24.48,24.48,0.0,-132.934007,0.0
2019-02-20,8,0,80,39.7,39.7,0.0,-215.583337,0.0
2019-02-20,8,0,81,51.97,51.97,0.0,-282.21325,0.0
2019-02-20,8,0,82,36.6,36.6,0.0,-198.749374,0.0
2019-02-20,8,0,83,81.87,81.87,0.0,-444.579541,0.0
2019-02-20,8,0,84,0.0,0.0,0.0,0.0,0.0
2019-02-20,8,0,86,0.0,0.0,0.0,0.0,0.0
2019-02-20,8,0,87,0.0,0.0,0.0,0.0,0.0
2019-02-20,8,0,88,39.89,39.89,0.0,-216.615096,0.0
2019-02-20,8,0,89,38.5,38.5,0.0,-209.066964,0.0
2019-02-20,8,0,90,50.23,50.23,0.0,-272.764509,0.0
2019-02-20,8,0,91,157.47,157.47,0.0,-855.111035,0.0
2019-02-20,8,0,92,63.01,63.01,0.0,-342.163881,0.0
2019-02-20,8,0,95,2.9,2.9,0.0,61.16627,0.0
2019-02-20,8,0,96,6.72,6.72,0.0,31.798436,0.0
2019-02-20,8,0,97,41.33,41.33,0.0,195.569843,0.0
2019-02-20,8,0,99,1.07,1.07,0.0,9.272242,0.0
2019-02-20,8,0,101,0.0,0.0,0.0,0.0,0.0
2019-02-20,8,0,102,8.85,8.85,0.0,-139.453702,0.0
2019-02-20,8,0,103,7.69,7.69,0.0,-121.175025,0.0
2019-02-20,8,0,104,1.43,1.43,0.0,-22.533197,0.0
2019-02-20,8,0,106,0.0,0.0,0.0,0.0,0.0
2019-02-20,8,0,109,32.61,32.61,0.0,246.707691,0.0
2019-02-20,8,0,110,338.6,338.6,0.0,-22057.638834,0.0
2019-02-20,8,0,111,0.0,0.0,0.0,0.0,0.0
2019-02-20,8,0,113,37.31,37.31,0.0,-135.469822,0.0
2019-02-20,8,0,115,37.31,37.31,0.0,-135.469822,0.0
2019-02-20,8,0,116,0.0,0.0,0.0,-0.0,0.0
2019-02-20,8,0,117,1.93,1.93,0.0,-7.007686,0.0
2019-02-20,8,0,119,37.16,37.16,0.0,1010.347699,0.0
2019-02-20,8,0,120,21.92,21.92,0.0,595.98551,0.0
2019-02-20,8,0,123,0.0,0.0,0.0,0.0,0.0
2019-02-20,8,0,125,86.36,86.36,0.0,414.272495,0.0
2019-02-20,8,0,126,0.0,0.0,0.0,0.0,0.0
2019-02-20,8,0,127,0.0,0.0,0.0,0.0,0.0
2019-02-20,8,0,128,123.69,123.69,0.0,593.34605,0.0
2019-02-20,8,0,131,13.04,13.04,0.0,-163.139306,0.0
2019-02-20,8,0,132,19.17,19.17,0.0,-239.829792,0.0
2019-02-20,8,0,133,24.33,24.33,0.0,239.919314,0.0
2019-02-20,8,0,134,0.0,0.0,0.0,0.0,0.0
2019-02-20,8,0,135,32.6,32.6,0.0,321.470186,0.0
2019-02-20,8,0,136,26.69,26.69,0.0,206.015563,0.0
2019-02-20,8,0,139,7.8,7.8,0.0,50.215427,0.0
2019-02-20,8,0,140,250.6,250.6,0.0,-16324.997908,0.0
2019-02-20,8,0,141,139.37,139.37,0.0,-3890.460581,0.0
2019-02-20,8,0,142,0.0,0.0,0.0,-0.0,0.0
2019-02-20,8,0,143,20.48,20.48,0.0,97.59117,0.0
2019-02-20,8,0,145,3.97,3.97,0.0,23.042816,0.0
2019-02-20,8,0,146,268.0,268.0,0.0,-17458.497364,0.0
2019-02-20,8,0,152,0.0,0.0,0.0,0.0,0.0
2019-02-20,8,0,153,0.0,0.0,0.0,0.0,0.0
2019-02-20,8,0,154,0.0,0.0,0.0,0.0,0.0
2019-02-20,8,0,157,250.0,250.0,0.0,-6978.654986,0.0
2019-02-20,8,0,158,0.0,0.0,0.0,-0.0,0.0
2019-02-20,8,0,159,0.0,0.0,0.0,0.0,0.0
2019-02-20,8,0,160,0.0,0.0,0.0,0.0,0.0
2019-02-20,8,0,161,0.0,0.0,0.0,-0.0,0.0
2019-02-20,8,0,162,4.69,4.69,0.0,99.237075,0.0
2019-02-20,8,0,163,117.81,117.81,0.0,-7674.573039,0.0
2019-02-20,8,0,164,0.0,0.0,0.0,0.0,0.0
2019-02-20,8,0,167,0.0,0.0,0.0,0.0,0.0
2019-02-20,8,0,168,0.0,0.0,0.0,0.0,0.0
2019-02-20,8,0,169,0.0,0.0,0.0,0.0,0.0
2019-02-20,8,0,170,0.0,0.0,0.0,0.0,0.0
2019-02-20,8,0,172,0.0,0.0,0.0,0.0,0.0
2019-02-20,8,0,173,0.0,0.0,0.0,0.0,0.0
2019-02-20,8,0,188,0.0,0.0,0.0,0.0,0.0
2019-02-20,8,0,190,0.0,0.0,0.0,0.0,0.0
2019-02-20,8,0,191,0.0,0.0,0.0,0.0,0.0
2019-02-20,8,0,192,142.16,142.16,0.0,3865.205299,0.0
2019-02-20,8,0,194,43.86,43.86,0.0,311.282522,0.0
2019-02-20,8,0,196,0.0,0.0,0.0,0.0,0.0
2019-02-20,8,0,198,0.0,0.0,0.0,0.0,0.0
2019-02-20,8,0,199,3.62,3.62,0.0,36.170045,0.0
2019-02-20,8,0,200,0.0,0.0,0.0,0.0,0.0
2019-02-20,8,0,204,135.81,135.81,0.0,1011.496357,0.0
2019-02-20,8,0,205,172.54,172.54,0.0,1305.3341,0.0
2019-02-20,8,0,206,121.45,121.45,0.0,574.690476,0.0
2019-02-20,8,0,210,0.0,0.0,0.0,0.0,0.0
2019-02-20,8,0,214,0.0,0.0,0.0,0.0,0.0
2019-02-20,8,0,217,0.0,0.0,0.0,0.0,0.0
2019-02-20,8,0,218,0.0,0.0,0.0,0.0,0.0
2019-02-20,8,0,219,0.0,0.0,0.0,0.0,0.0
2019-02-20,8,0,221,0.0,0.0,0.0,0.0,0.0
2019-02-20,8,0,225,0.0,0.0,0.0,0.0,0.0
2019-02-20,8,0,233,0.0,0.0,0.0,0.0,0.0
2019-02-20,8,0,236,14.51,14.51,0.0,133.072019,0.0
2019-02-20,8,0,237,13.31,13.31,0.0,115.339755,0.0
2019-02-20,8,0,238,0.0,0.0,0.0,0.0,0.0
2019-02-20,8,0,240,0.0,0.0,0.0,0.0,0.0
2019-02-20,8,0,245,40.62,40.62,0.0,378.864577,0.0
2019-02-20,8,0,247,43.58,43.58,0.0,406.472631,0.0
2019-02-20,8,0,248,1.34,1.34,0.0,11.611966,0.0
2019-02-20,8,0,249,78.11,78.11,0.0,728.535503,0.0
2019-02-20,8,0,251,87.92,87.92,0.0,719.131029,0.0
2019-02-20,8,0,252,94.78,94.78,0.0,721.790997,0.0
2019-02-20,8,0,254,0.0,0.0,0.0,0.0,0.0
2019-02-20,8,0,255,0.0,0.0,0.0,0.0,0.0
2019-02-20,8,0,258,0.0,0.0,0.0,0.0,0.0
2019-02-20,8,0,260,0.0,0.0,0.0,0.0,0.0
2019-02-20,8,0,265,0.0,0.0,0.0,0.0,0.0
2019-02-20,8,0,266,5.05,5.05,0.0,32.51127,0.0
2019-02-20,8,0,267,6.2,6.2,0.0,39.914826,0.0
2019-02-20,8,0,270,367.92,367.92,0.0,-23967.65056,0.0
2019-02-20,8,0,272,129.18,129.18,0.0,-469.042927,0.0
2019-02-20,8,0,273,0.0,0.0,0.0,-0.0,0.0
2019-02-20,8,0,274,474.29,474.29,0.0,-30896.980279,0.0
2019-02-20,8,0,275,660.23,660.23,0.0,-43009.78998,0.0
2019-02-20,8,0,276,0.0,0.0,0.0,-0.0,0.0
2019-02-20,8,0,277,0.0,0.0,0.0,-0.0,0.0
2019-02-20,8,0,278,0.0,0.0,0.0,-0.0,0.0
2019-02-20,8,0,279,80.56,80.56,0.0,-350.62354,0.0
2019-02-20,8,0,281,6.08,6.08,0.0,28.972379,0.0
2019-02-20,8,0,282,0.0,0.0,0.0,0.0,0.0
2019-02-20,9,0,9,0.57,0.57,0.0,8.157447,0.0
2019-02-20,9,0,17,4.9,4.9,0.0,38.779409,0.0
2019-02-20,9,0,19,475.02,475.02,0.0,3759.386686,0.0
2019-02-20,9,0,20,589.85,589.85,0.0,4668.170259,0.0
2019-02-20,9,0,21,13.04,13.04,0.0,186.619488,0.0
2019-02-20,9,0,22,46.33,46.33,0.0,663.043013,0.0
2019-02-20,9,0,23,76.14,76.14,0.0,1089.663177,0.0
2019-02-20,9,0,24,134.71,134.71,0.0,1927.87663,0.0
2019-02-20,9,0,29,0.83,0.83,0.0,4.657144,0.0
2019-02-20,9,0,30,95.86,95.86,0.0,1375.770999,0.0
2019-02-20,9,0,31,20.25,20.25,0.0,290.625524,0.0
2019-02-20,9,0,32,1.42,1.42,0.0,78.790596,0.0
2019-02-20,9,0,33,0.44,0.44,0.0,2.986792,0.0
2019-02-20,9,0,34,0.71,0.71,0.0,4.819597,0.0
2019-02-20,9,0,35,0.71,0.71,0.0,4.819597,0.0
2019-02-20,9,0,36,2.53,2.53,0.0,24.343869,0.0
2019-02-20,9,0,37,1.21,1.21,0.0,11.663679,0.0
2019-02-20,9,0,38,1.55,1.55,0.0,14.941076,0.0
2019-02-20,9,0,39,1.03,1.03,0.0,9.928586,0.0
2019-02-20,9,0,40,1.03,1.03,0.0,9.928586,0.0
2019-02-20,9,0,41,6.39,6.39,0.0,77.947069,0.0
2019-02-20,9,0,42,8.68,8.68,0.0,70.813545,0.0
2019-02-20,9,0,43,7.82,7.82,0.0,72.814662,0.0
2019-02-20,9,0,46,6.81,6.81,0.0,68.571146,0.0
2019-02-20,9,0,52,21.49,21.49,0.0,308.421852,0.0
2019-02-20,9,0,53,34.33,34.33,0.0,492.699962,0.0
2019-02-20,9,0,55,116.56,116.56,0.0,1668.126345,0.0
2019-02-20,9,0,56,28.28,28.28,0.0,405.871102,0.0
2019-02-20,9,0,57,26.9,26.9,0.0,386.065511,0.0
2019-02-20,9,0,58,51.72,51.72,0.0,742.279116,0.0
2019-02-20,9,0,59,50.86,50.86,0.0,729.936501,0.0
2019-02-20,9,0,63,28.08,28.08,0.0,3431.51507,0.0
2019-02-20,9,0,64,33.03,33.03,0.0,4036.429586,0.0
2019-02-20,9,0,65,23.42,23.42,0.0,186.411616,0.0
2019-02-20,9,0,67,57.39,57.39,0.0,-31855.483443,0.0
2019-02-20,9,0,68,10.47,10.47,0.0,-4290.380612,0.0
2019-02-20,9,0,69,0.44,0.44,0.0,2.986792,0.0
2019-02-20,9,0,74,4.92,4.92,0.0,45.494252,0.0
2019-02-20,9,0,77,38.3,38.3,0.0,-11071.670528,0.0
2019-02-20,9,0,78,28.95,28.95,0.0,-8368.795347,0.0
2019-02-20,9,0,79,16.75,16.75,0.0,-4842.049121,0.0
2019-02-20,9,0,80,27.1,27.1,0.0,-7834.001862,0.0
2019-02-20,9,0,81,35.42,35.42,0.0,-10239.127157,0.0
2019-02-20,9,0,82,24.99,24.99,0.0,-7224.048212,0.0
2019-02-20,9,0,83,55.72,55.72,0.0,-16107.401615,0.0
2019-02-20,9,0,84,0.0,0.0,0.0,0.0,0.0
2019-02-20,9,0,86,2.23,2.23,0.0,15.137607,0.0
2019-02-20,9,0,87,11.4,11.4,0.0,77.385077,0.0
2019-02-20,9,0,88,97.63,97.63,0.0,-28222.642133,0.0
2019-02-20,9,0,89,93.25,93.25,0.0,-26956.482422,0.0
2019-02-20,9,0,90,130.9,130.9,0.0,-37840.252537,0.0
2019-02-20,9,0,91,491.86,491.86,0.0,-142185.68841,0.0
2019-02-20,9,0,92,173.06,173.06,0.0,-50027.762445,0.0
2019-02-20,9,0,95,4.3,4.3,0.0,109.278882,0.0
2019-02-20,9,0,96,10.72,10.72,0.0,154.306623,0.0
2019-02-20,9,0,97,65.93,65.93,0.0,949.01452,0.0
2019-02-20,9,0,99,0.95,0.95,0.0,8.784459,0.0
2019-02-20,9,0,101,1.93,1.93,0.0,27.699124,0.0
2019-02-20,9,0,102,24.76,24.76,0.0,-10146.11499,0.0
2019-02-20,9,0,103,21.54,21.54,0.0,-8826.628307,0.0
2019-02-20,9,0,104,4.02,4.02,0.0,-1647.309461,0.0
2019-02-20,9,0,106,45.61,45.61,0.0,652.738869,0.0
2019-02-20,9,0,109,41.66,41.66,0.0,450.055727,0.0
2019-02-20,9,0,110,291.92,291.92,0.0,-291920.0,0.0
2019-02-20,9,0,111,3.97,3.97,0.0,48.427209,0.0
2019-02-20,9,0,113,43.56,43.56,0.0,-11266.255784,0.0
2019-02-20,9,0,115,43.56,43.56,0.0,-11266.255784,0.0
2019-02-20,9,0,116,25.96,25.96,0.0,-25960.0,0.0
2019-02-20,9,0,117,2.96,2.96,0.0,-765.567427,0.0
2019-02-20,9,0,119,33.03,33.03,0.0,4036.429586,0.0
2019-02-20,9,0,120,19.42,19.42,0.0,2373.22018,0.0
2019-02-20,9,0,123,0.76,0.76,0.0,10.876596,0.0
2019-02-20,9,0,125,121.91,121.91,0.0,1744.691856,0.0
2019-02-20,9,0,126,34.21,34.21,0.0,489.58993,0.0
2019-02-20,9,0,127,43.9,43.9,0.0,628.266528,0.0
2019-02-20,9,0,128,174.6,174.6,0.0,2498.754803,0.0
2019-02-20,9,0,131,19.39,19.39,0.0,-7193.215062,0.0
2019-02-20,9,0,132,28.51,28.51,0.0,-10576.511677,0.0
2019-02-20,9,0,133,38.67,38.67,0.0,305.875574,0.0
2019-02-20,9,0,134,0.0,0.0,0.0,0.0,0.0
2019-02-20,9,0,135,51.81,51.81,0.0,409.811572,0.0
2019-02-20,9,0,136,37.03,37.03,0.0,294.832655,0.0
2019-02-20,9,0,139,8.26,8.26,0.0,100.75787,0.0
2019-02-20,9,0,140,216.06,216.06,0.0,-216060.0,0.0
2019-02-20,9,0,141,171.76,171.76,0.0,-95338.871513,0.0
2019-02-20,9,0,142,75.68,75.68,0.0,-42007.718887,0.0
2019-02-20,9,0,143,38.93,38.93,0.0,558.7186,0.0
2019-02-20,9,0,145,7.23,7.23,0.0,94.240256,0.0
2019-02-20,9,0,146,268.0,268.0,0.0,-268000.0,0.0
2019-02-20,9,0,152,1.83,1.83,0.0,16.825054,0.0
2019-02-20,9,0,153,2.29,2.29,0.0,21.186367,0.0
2019-02-20,9,0,154,16.38,16.38,0.0,199.80798,0.0
2019-02-20,9,0,157,250.0,250.0,0.0,-138767.57032,0.0
2019-02-20,9,0,158,39.08,39.08,0.0,-21692.146592,0.0
2019-02-20,9,0,159,0.0,0.0,0.0,0.0,0.0
2019-02-20,9,0,160,0.62,0.62,0.0,5.147043,0.0
2019-02-20,9,0,161,12.05,12.05,0.0,-4937.830599,0.0
2019-02-20,9,0,162,5.58,5.58,0.0,146.014774,0.0
2019-02-20,9,0,163,168.48,168.48,0.0,-168480.0,0.0
2019-02-20,9,0,164,3.29,3.29,0.0,47.217678,0.0
2019-02-20,9,0,167,1.64,1.64,0.0,36.211685,0.0
2019-02-20,9,0,168,0.82,0.82,0.0,18.105842,0.0
2019-02-20,9,0,169,0.0,0.0,0.0,0.0,0.0
2019-02-20,9,0,170,1.8,1.8,0.0,39.744532,0.0
2019-02-20,9,0,172,2.19,2.19,0.0,70.152333,0.0
2019-02-20,9,0,173,3.34,3.34,0.0,106.990316,0.0
2019-02-20,9,0,188,2.89,2.89,0.0,100.451994,0.0
2019-02-20,9,0,190,2.23,2.23,0.0,72.313452,0.0
2019-02-20,9,0,191,5.75,5.75,0.0,186.458453,0.0
2019-02-20,9,0,192,257.08,257.08,0.0,8336.476384,0.0
2019-02-20,9,0,194,67.86,67.86,0.0,-8284.875638,0.0
2019-02-20,9,0,196,1.42,1.42,0.0,391.487618,0.0
2019-02-20,9,0,198,2.77,2.77,0.0,18.241608,0.0
2019-02-20,9,0,199,2.19,2.19,0.0,-73.143415,0.0
2019-02-20,9,0,200,5.19,5.19,0.0,-173.339874,0.0
2019-02-20,9,0,204,96.58,96.58,0.0,1058.809852,0.0
2019-02-20,9,0,205,234.6,234.6,0.0,2534.399269,0.0
2019-02-20,9,0,206,193.74,193.74,0.0,2788.746747,0.0
2019-02-20,9,0,210,0.27,0.27,0.0,1.453157,0.0
2019-02-20,9,0,214,1.73,1.73,0.0,10.591534,0.0
2019-02-20,9,0,217,1.06,1.06,0.0,6.135356,0.0
2019-02-20,9,0,218,1.46,1.46,0.0,8.450585,0.0
2019-02-20,9,0,219,1.0,1.0,0.0,5.788072,0.0
2019-02-20,9,0,221,0.92,0.92,0.0,5.632492,0.0
2019-02-20,9,0,225,0.79,0.79,0.0,4.450171,0.0
2019-02-20,9,0,233,1.26,1.26,0.0,8.553087,0.0
2019-02-20,9,0,236,14.09,14.09,0.0,120.227348,0.0
2019-02-20,9,0,237,11.8,11.8,0.0,109.11223,0.0
2019-02-20,9,0,238,11.29,11.29,0.0,92.106557,0.0
2019-02-20,9,0,240,2.87,2.87,0.0,27.615377,0.0
2019-02-20,9,0,245,63.09,63.09,0.0,488.785703,0.0
2019-02-20,9,0,247,70.66,70.66,0.0,547.433789,0.0
2019-02-20,9,0,248,1.18,1.18,0.0,10.911223,0.0
2019-02-20,9,0,249,121.33,121.33,0.0,939.996343,0.0
2019-02-20,9,0,251,145.88,145.88,0.0,1171.992132,0.0
2019-02-20,9,0,252,151.06,151.06,0.0,1202.36288,0.0
2019-02-20,9,0,254,4.22,4.22,0.0,38.224674,0.0
2019-02-20,9,0,255,1.93,1.93,0.0,17.481901,0.0
2019-02-20,9,0,258,3.55,3.55,0.0,33.980226,0.0
2019-02-20,9,0,260,1.51,1.51,0.0,12.535541,0.0
2019-02-20,9,0,265,16.96,16.96,0.0,206.882988,0.0
2019-02-20,9,0,266,5.35,5.35,0.0,65.260848,0.0
2019-02-20,9,0,267,6.57,6.57,0.0,80.142761,0.0
2019-02-20,9,0,270,526.16,526.16,0.0,-526160.0,0.0
2019-02-20,9,0,272,145.37,145.37,0.0,-37598.154345,0.0
2019-02-20,9,0,273,6.21,6.21,0.0,-6210.0,0.0
2019-02-20,9,0,274,678.29,678.29,0.0,-678290.0,0.0
2019-02-20,9,0,275,944.19,944.19,0.0,-944190.0,0.0
2019-02-20,9,0,276,1.4,1.4,0.0,-1260.91922,0.0
2019-02-20,9,0,277,1.74,1.74,0.0,-471.264206,0.0
2019-02-20,9,0,278,2.79,2.79,0.0,-755.647778,0.0
2019-02-20,9,0,279,149.71,149.71,0.0,-40547.680591,0.0
2019-02-20,9,0,281,9.02,9.02,0.0,129.453937,0.0
2019-02-20,9,0,282,52.59,52.59,0.0,754.76525,0.0
2019-02-20,10,0,9,1.77,1.77,0.0,10.919186,0.0
2019-02-20,10,0,17,13.61,13.61,0.0,105.207692,0.0
2019-02-20,10,0,19,349.46,349.46,0.0,2701.387215,0.0
2019-02-20,10,0,20,433.01,433.01,0.0,3347.243399,0.0
2019-02-20,10,0,21,40.55,40.55,0.0,250.154228,0.0
2019-02-20,10,0,22,144.13,144.13,0.0,889.142511,0.0
2019-02-20,10,0,23,107.25,107.25,0.0,661.628629,0.0
2019-02-20,10,0,24,189.76,189.76,0.0,1170.635419,0.0
2019-02-20,10,0,29,2.64,2.64,0.0,21.891488,0.0
2019-02-20,10,0,30,310.27,310.27,0.0,1910.99375,0.0
2019-02-20,10,0,31,48.3,48.3,0.0,297.486055,0.0
2019-02-20,10,0,32,3.37,3.37,0.0,148.972704,0.0
2019-02-20,10,0,33,1.53,1.53,0.0,12.247592,0.0
2019-02-20,10,0,34,2.45,2.45,0.0,19.612157,0.0
2019-02-20,10,0,35,2.45,2.45,0.0,19.612157,0.0
2019-02-20,10,0,36,6.3,6.3,0.0,46.074291,0.0
2019-02-20,10,0,37,2.99,2.99,0.0,21.854366,0.0
2019-02-20,10,0,38,3.85,3.85,0.0,28.140237,0.0
2019-02-20,10,0,39,2.57,2.57,0.0,18.784522,0.0
2019-02-20,10,0,40,2.57,2.57,0.0,18.784522,0.0
2019-02-20,10,0,41,6.96,6.96,0.0,46.52543,0.0
2019-02-20,10,0,42,32.0,32.0,0.0,245.459573,0.0
2019-02-20,10,0,43,19.27,19.27,0.0,142.390135,0.0
2019-02-20,10,0,46,16.89,16.89,0.0,121.680119,0.0
2019-02-20,10,0,52,51.23,51.23,0.0,315.53231,0.0
2019-02-20,10,0,53,81.69,81.69,0.0,503.139457,0.0
2019-02-20,10,0,55,145.44,145.44,0.0,897.223942,0.0
2019-02-20,10,0,56,91.52,91.52,0.0,563.683721,0.0
2019-02-20,10,0,57,87.06,87.06,0.0,536.213994,0.0
2019-02-20,10,0,58,167.41,167.41,0.0,1031.100215,0.0
2019-02-20,10,0,59,164.62,164.62,0.0,1013.916238,0.0
2019-02-20,10,0,63,43.62,43.62,0.0,4959.868789,0.0
2019-02-20,10,0,64,51.32,51.32,0.0,5835.407296,0.0
2019-02-20,10,0,65,37.32,37.32,0.0,288.077223,0.0
2019-02-20,10,0,67,189.86,189.86,0.0,-105718.358091,0.0
2019-02-20,10,0,68,27.33,27.33,0.0,-11262.778978,0.0
2019-02-20,10,0,69,1.53,1.53,0.0,12.247592,0.0
2019-02-20,10,0,74,9.02,9.02,0.0,66.792765,0.0
2019-02-20,10,0,77,60.0,60.0,0.0,-17493.183054,0.0
2019-02-20,10,0,78,45.36,45.36,0.0,-13224.846389,0.0
2019-02-20,10,0,79,26.25,26.25,0.0,-7653.267586,0.0
2019-02-20,10,0,80,42.45,42.45,0.0,-12376.427011,0.0
2019-02-20,10,0,81,55.5,55.5,0.0,-16181.194325,0.0
2019-02-20,10,0,82,39.15,39.15,0.0,-11414.301943,0.0
2019-02-20,10,0,83,87.3,87.3,0.0,-25452.581343,0.0
2019-02-20,10,0,84,0.0,0.0,0.0,0.0,0.0
2019-02-20,10,0,86,7.75,7.75,0.0,62.038457,0.0
2019-02-20,10,0,87,39.54,39.54,0.0,316.516206,0.0
2019-02-20,10,0,88,103.48,103.48,0.0,-30169.909707,0.0
2019-02-20,10,0,89,99.0,99.0,0.0,-28863.752039,0.0
2019-02-20,10,0,90,137.47,137.47,0.0,-40079.797907,0.0
2019-02-20,10,0,91,509.29,509.29,0.0,-148485.053292,0.0
2019-02-20,10,0,92,180.45,180.45,0.0,-52610.748035,0.0
2019-02-20,10,0,95,16.49,16.49,0.0,369.866357,0.0
2019-02-20,10,0,96,16.61,16.61,0.0,102.131321,0.0
2019-02-20,10,0,97,102.13,102.13,0.0,627.975427,0.0
2019-02-20,10,0,99,1.85,1.85,0.0,13.699181,0.0
2019-02-20,10,0,101,6.25,6.25,0.0,38.494572,0.0
2019-02-20,10,0,102,64.71,64.71,0.0,-26667.194572,0.0
2019-02-20,10,0,103,56.27,56.27,0.0,-23189.04402,0.0
2019-02-20,10,0,104,10.45,10.45,0.0,-4306.477875,0.0
2019-02-20,10,0,106,141.88,141.88,0.0,875.26219,0.0
2019-02-20,10,0,109,57.52,57.52,0.0,404.088078,0.0
2019-02-20,10,0,110,250.99,250.99,0.0,-250990.0,0.0
2019-02-20,10,0,111,10.66,10.66,0.0,71.258776,0.0
2019-02-20,10,0,113,138.02,138.02,0.0,-36202.510099,0.0
2019-02-20,10,0,115,138.02,138.02,0.0,-36202.510099,0.0
2019-02-20,10,0,116,76.13,76.13,0.0,-76130.0,0.0
2019-02-20,10,0,117,9.2,9.2,0.0,-2413.150941,0.0
2019-02-20,10,0,119,51.32,51.32,0.0,5835.407296,0.0
2019-02-20,10,0,120,30.17,30.17,0.0,3430.519059,0.0
2019-02-20,10,0,123,2.36,2.36,0.0,14.558914,0.0
2019-02-20,10,0,125,171.72,171.72,0.0,1059.34609,0.0
2019-02-20,10,0,126,106.41,106.41,0.0,656.446643,0.0
2019-02-20,10,0,127,136.56,136.56,0.0,842.442943,0.0
2019-02-20,10,0,128,245.94,245.94,0.0,1517.211609,0.0
2019-02-20,10,0,131,38.04,38.04,0.0,-14206.152504,0.0
2019-02-20,10,0,132,61.38,61.38,0.0,-22922.545759,0.0
2019-02-20,10,0,133,41.94,41.94,0.0,324.247292,0.0
2019-02-20,10,0,134,0.0,0.0,0.0,0.0,0.0
2019-02-20,10,0,135,56.2,56.2,0.0,434.494463,0.0
2019-02-20,10,0,136,45.9,45.9,0.0,354.279314,0.0
2019-02-20,10,0,139,8.99,8.99,0.0,60.095347,0.0
2019-02-20,10,0,140,185.76,185.76,0.0,-185760.0,0.0
2019-02-20,10,0,141,210.86,210.86,0.0,-117411.63482,0.0
2019-02-20,10,0,142,250.37,250.37,0.0,-139411.699753,0.0
2019-02-20,10,0,143,73.24,73.24,0.0,451.094796,0.0
2019-02-20,10,0,145,22.58,22.58,0.0,146.331803,0.0
2019-02-20,10,0,146,268.0,268.0,0.0,-268000.0,0.0
2019-02-20,10,0,152,4.61,4.61,0.0,34.196258,0.0
2019-02-20,10,0,153,5.76,5.76,0.0,42.645713,0.0
2019-02-20,10,0,154,43.98,43.98,0.0,293.992586,0.0
2019-02-20,10,0,157,250.0,250.0,0.0,-139205.675354,0.0
2019-02-20,10,0,158,163.49,163.49,0.0,-91034.943454,0.0
2019-02-20,10,0,159,0.0,0.0,0.0,0.0,0.0
2019-02-20,10,0,160,1.51,1.51,0.0,11.529766,0.0
2019-02-20,10,0,161,37.01,37.01,0.0,-15251.93743,0.0
2019-02-20,10,0,162,13.71,13.71,0.0,318.271111,0.0
2019-02-20,10,0,163,104.02,104.02,0.0,-104020.0,0.0
2019-02-20,10,0,164,11.63,11.63,0.0,71.6307,0.0
2019-02-20,10,0,167,3.85,3.85,0.0,74.684265,0.0
2019-02-20,10,0,168,1.93,1.93,0.0,37.439125,0.0
2019-02-20,10,0,169,0.0,0.0,0.0,0.0,0.0
2019-02-20,10,0,170,4.21,4.21,0.0,81.667729,0.0
2019-02-20,10,0,172,5.03,5.03,0.0,84.697821,0.0
2019-02-20,10,0,173,7.67,7.67,0.0,129.151547,0.0
2019-02-20,10,0,188,6.87,6.87,0.0,173.775724,0.0
2019-02-20,10,0,190,6.18,6.18,0.0,200.402303,0.0
2019-02-20,10,0,191,15.97,15.97,0.0,517.868087,0.0
2019-02-20,10,0,192,332.6,332.6,0.0,10785.405497,0.0
2019-02-20,10,0,194,49.69,49.69,0.0,-6324.61939,0.0
2019-02-20,10,0,196,3.98,3.98,0.0,1061.080179,0.0
2019-02-20,10,0,198,6.67,6.67,0.0,53.723115,0.0
2019-02-20,10,0,199,1.43,1.43,0.0,-42.393594,0.0
2019-02-20,10,0,200,12.14,12.14,0.0,-359.900859,0.0
2019-02-20,10,0,204,73.04,73.04,0.0,510.267439,0.0
2019-02-20,10,0,205,339.71,339.71,0.0,2386.522268,0.0
2019-02-20,10,0,206,300.1,300.1,0.0,1845.250423,0.0
2019-02-20,10,0,210,1.21,1.21,0.0,10.101205,0.0
2019-02-20,10,0,214,8.32,8.32,0.0,67.953306,0.0
2019-02-20,10,0,217,4.96,4.96,0.0,40.915152,0.0
2019-02-20,10,0,218,6.85,6.85,0.0,56.505804,0.0
2019-02-20,10,0,219,4.67,4.67,0.0,38.522935,0.0
2019-02-20,10,0,221,4.44,4.44,0.0,36.263543,0.0
2019-02-20,10,0,225,2.67,2.67,0.0,22.125848,0.0
2019-02-20,10,0,233,4.38,4.38,0.0,35.061735,0.0
2019-02-20,10,0,236,22.29,22.29,0.0,168.940416,0.0
2019-02-20,10,0,237,21.08,21.08,0.0,156.096617,0.0
2019-02-20,10,0,238,41.65,41.65,0.0,319.480976,0.0
2019-02-20,10,0,240,7.14,7.14,0.0,52.21753,0.0
2019-02-20,10,0,245,78.0,78.0,0.0,606.127395,0.0
2019-02-20,10,0,247,116.6,116.6,0.0,906.082747,0.0
2019-02-20,10,0,248,2.3,2.3,0.0,17.031415,0.0
2019-02-20,10,0,249,150.0,150.0,0.0,1165.629606,0.0
2019-02-20,10,0,251,261.34,261.34,0.0,2012.564845,0.0
2019-02-20,10,0,252,240.75,240.75,0.0,1858.375974,0.0
2019-02-20,10,0,254,10.37,10.37,0.0,77.267305,0.0
2019-02-20,10,0,255,4.75,4.75,0.0,35.392449,0.0
2019-02-20,10,0,258,8.81,8.81,0.0,64.538777,0.0
2019-02-20,10,0,260,3.67,3.67,0.0,28.022677,0.0
2019-02-20,10,0,265,45.53,45.53,0.0,304.353853,0.0
2019-02-20,10,0,266,5.82,5.82,0.0,38.904885,0.0
2019-02-20,10,0,267,7.15,7.15,0.0,47.79552,0.0
2019-02-20,10,0,270,324.69,324.69,0.0,-324690.0,0.0
2019-02-20,10,0,272,461.29,461.29,0.0,-120995.912794,0.0
2019-02-20,10,0,273,18.21,18.21,0.0,-18210.0,0.0
2019-02-20,10,0,274,418.54,418.54,0.0,-418540.0,0.0
2019-02-20,10,0,275,582.57,582.57,0.0,-582570.0,0.0
2019-02-20,10,0,276,4.03,4.03,0.0,-3631.222891,0.0
2019-02-20,10,0,277,4.88,4.88,0.0,-1337.25386,0.0
2019-02-20,10,0,278,7.81,7.81,0.0,-2140.154231,0.0
2019-02-20,10,0,279,256.13,256.13,0.0,-70186.645722,0.0
2019-02-20,10,0,281,21.53,21.53,0.0,132.606103,0.0
2019-02-20,10,0,282,170.2,170.2,0.0,1048.284192,0.0
2019-02-20,11,0,9,2.71,2.71,0.0,-21.111285,0.0
2019-02-20,11,0,17,20.89,20.89,0.0,143.209664,0.0
2019-02-20,11,0,19,192.99,192.99,0.0,1323.02695,0.0
2019-02-20,11,0,20,234.06,234.06,0.0,1604.578931,0.0
2019-02-20,11,0,21,61.91,61.91,0.0,-482.287688,0.0
2019-02-20,11,0,22,220.03,220.03,0.0,-1714.064934,0.0
2019-02-20,11,0,23,61.07,61.07,0.0,-475.743969,0.0
2019-02-20,11,0,24,108.0,108.0,0.0,-841.335331,0.0
2019-02-20,11,0,29,3.94,3.94,0.0,19.937698,0.0
2019-02-20,11,0,30,479.96,479.96,0.0,-3781.756784,0.0
2019-02-20,11,0,31,85.85,85.85,0.0,-676.439328,0.0
2019-02-20,11,0,32,5.18,5.18,0.0,235.459377,0.0
2019-02-20,11,0,33,2.36,2.36,0.0,22.718105,0.0
2019-02-20,11,0,34,3.78,3.78,0.0,36.387473,0.0
2019-02-20,11,0,35,3.78,3.78,0.0,36.387473,0.0
2019-02-20,11,0,36,9.62,9.62,0.0,23.296239,0.0
2019-02-20,11,0,37,4.66,4.66,0.0,10.91258,0.0
2019-02-20,11,0,38,5.99,5.99,0.0,14.027114,0.0
2019-02-20,11,0,39,3.99,3.99,0.0,9.343604,0.0
2019-02-20,11,0,40,3.99,3.99,0.0,9.343604,0.0
2019-02-20,11,0,41,6.58,6.58,0.0,-20.398043,0.0
2019-02-20,11,0,42,49.86,49.86,0.0,311.863504,0.0
2019-02-20,11,0,43,29.83,29.83,0.0,87.456728,0.0
2019-02-20,11,0,46,26.06,26.06,0.0,35.535119,0.0
2019-02-20,11,0,52,91.27,91.27,0.0,-719.145224,0.0
2019-02-20,11,0,53,148.65,148.65,0.0,-1171.260409,0.0
2019-02-20,11,0,55,460.54,460.54,0.0,-3587.671975,0.0
2019-02-20,11,0,56,141.57,141.57,0.0,-1115.474848,0.0
2019-02-20,11,0,57,134.67,134.67,0.0,-1061.107563,0.0
2019-02-20,11,0,58,258.97,258.97,0.0,-2040.506614,0.0
2019-02-20,11,0,59,254.66,254.66,0.0,-2006.546759,0.0
2019-02-20,11,0,63,32.8,32.8,0.0,3777.403018,0.0
2019-02-20,11,0,64,38.58,38.58,0.0,4443.055135,0.0
2019-02-20,11,0,65,33.08,33.08,0.0,223.086301,0.0
2019-02-20,11,0,67,292.06,292.06,0.0,-161989.873337,0.0
2019-02-20,11,0,68,25.94,25.94,0.0,-10615.04936,0.0
2019-02-20,11,0,69,2.36,2.36,0.0,22.718105,0.0
2019-02-20,11,0,74,6.97,6.97,0.0,25.162231,0.0
2019-02-20,11,0,77,60.0,60.0,0.0,-17253.766126,0.0
2019-02-20,11,0,78,45.36,45.36,0.0,-13043.847191,0.0
2019-02-20,11,0,79,26.25,26.25,0.0,-7548.52268,0.0
2019-02-20,11,0,80,42.45,42.45,0.0,-12207.039534,0.0
2019-02-20,11,0,81,55.5,55.5,0.0,-15959.733667,0.0
2019-02-20,11,0,82,39.15,39.15,0.0,-11258.082397,0.0
2019-02-20,11,0,83,87.3,87.3,0.0,-25104.229714,0.0
2019-02-20,11,0,84,0.0,0.0,0.0,0.0,0.0
2019-02-20,11,0,86,11.98,11.98,0.0,115.323261,0.0
2019-02-20,11,0,87,61.14,61.14,0.0,588.552935,0.0
2019-02-20,11,0,88,48.37,48.37,0.0,-13909.411125,0.0
2019-02-20,11,0,89,46.5,46.5,0.0,-13371.668748,0.0
2019-02-20,11,0,90,62.43,62.43,0.0,-17952.543654,0.0
2019-02-20,11,0,91,222.71,222.71,0.0,-64043.104233,0.0
2019-02-20,11,0,92,80.1,80.1,0.0,-23033.777779,0.0
2019-02-20,11,0,95,17.78,17.78,0.0,398.800717,0.0
2019-02-20,11,0,96,20.85,20.85,0.0,-166.226893,0.0
2019-02-20,11,0,97,153.23,153.23,0.0,-1221.628141,0.0
2019-02-20,11,0,99,1.49,1.49,0.0,5.379013,0.0
2019-02-20,11,0,101,9.67,9.67,0.0,-76.192991,0.0
2019-02-20,11,0,102,61.41,61.41,0.0,-25129.922174,0.0
2019-02-20,11,0,103,53.4,53.4,0.0,-21852.106238,0.0
2019-02-20,11,0,104,9.91,9.91,0.0,-4055.325334,0.0
2019-02-20,11,0,106,216.6,216.6,0.0,-1687.344747,0.0
2019-02-20,11,0,109,21.3,21.3,0.0,-2.427708,0.0
2019-02-20,11,0,110,180.59,180.59,0.0,-180590.0,0.0
2019-02-20,11,0,111,16.12,16.12,0.0,-49.972105,0.0
2019-02-20,11,0,113,59.0,59.0,0.0,-15330.652795,0.0
2019-02-20,11,0,115,59.0,59.0,0.0,-15330.652795,0.0
2019-02-20,11,0,116,113.7,113.7,0.0,-113700.0,0.0
2019-02-20,11,0,117,3.97,3.97,0.0,-1031.571044,0.0
2019-02-20,11,0,119,38.58,38.58,0.0,4443.055135,0.0
2019-02-20,11,0,120,22.69,22.69,0.0,2613.087636,0.0
2019-02-20,11,0,123,3.61,3.61,0.0,-28.122412,0.0
2019-02-20,11,0,125,97.74,97.74,0.0,-761.408474,0.0
2019-02-20,11,0,126,162.45,162.45,0.0,-1265.50856,0.0
2019-02-20,11,0,127,208.48,208.48,0.0,-1624.088794,0.0
2019-02-20,11,0,128,139.96,139.96,0.0,-1090.308268,0.0
2019-02-20,11,0,131,29.21,29.21,0.0,-10818.668131,0.0
2019-02-20,11,0,132,42.94,42.94,0.0,-15903.923641,0.0
2019-02-20,11,0,133,41.94,41.94,0.0,287.95707,0.0
2019-02-20,11,0,134,0.0,0.0,0.0,0.0,0.0
2019-02-20,11,0,135,56.2,56.2,0.0,385.86522,0.0
2019-02-20,11,0,136,45.9,45.9,0.0,309.261209,0.0
2019-02-20,11,0,139,8.49,8.49,0.0,-26.319055,0.0
2019-02-20,11,0,140,133.66,133.66,0.0,-133660.0,0.0
2019-02-20,11,0,141,230.0,230.0,0.0,-127568.550529,0.0
2019-02-20,11,0,142,385.15,385.15,0.0,-213621.85755,0.0
2019-02-20,11,0,143,127.93,127.93,0.0,-1008.00097,0.0
2019-02-20,11,0,145,40.46,40.46,0.0,-202.142015,0.0
2019-02-20,11,0,146,268.0,268.0,0.0,-268000.0,0.0
2019-02-20,11,0,152,7.29,7.29,0.0,26.863674,0.0
2019-02-20,11,0,153,9.18,9.18,0.0,32.512999,0.0
2019-02-20,11,0,154,66.5,66.5,0.0,-206.150434,0.0
2019-02-20,11,0,157,250.0,250.0,0.0,-138661.467967,0.0
2019-02-20,11,0,158,261.97,261.97,0.0,-145300.579053,0.0
2019-02-20,11,0,159,0.0,0.0,0.0,0.0,0.0
2019-02-20,11,0,160,2.35,2.35,0.0,11.378862,0.0
2019-02-20,11,0,161,55.94,55.94,0.0,-22891.513539,0.0
2019-02-20,11,0,162,25.9,25.9,0.0,601.444975,0.0
2019-02-20,11,0,163,148.94,148.94,0.0,-148940.0,0.0
2019-02-20,11,0,164,18.39,18.39,0.0,-144.900632,0.0
2019-02-20,11,0,167,5.77,5.77,0.0,111.603948,0.0
2019-02-20,11,0,168,2.88,2.88,0.0,55.705264,0.0
2019-02-20,11,0,169,0.0,0.0,0.0,0.0,0.0
2019-02-20,11,0,170,6.31,6.31,0.0,122.048685,0.0
2019-02-20,11,0,172,7.59,7.59,0.0,128.583802,0.0
2019-02-20,11,0,173,11.57,11.57,0.0,196.009827,0.0
2019-02-20,11,0,188,10.47,10.47,0.0,273.176495,0.0
2019-02-20,11,0,190,9.22,9.22,0.0,298.982077,0.0
2019-02-20,11,0,191,23.82,23.82,0.0,772.424411,0.0
2019-02-20,11,0,192,330.93,330.93,0.0,10731.251477,0.0
2019-02-20,11,0,194,33.83,33.83,0.0,-4253.280912,0.0
2019-02-20,11,0,196,5.98,5.98,0.0,1607.025745,0.0
2019-02-20,11,0,198,10.43,10.43,0.0,81.292116,0.0
2019-02-20,11,0,199,0.0,0.0,0.0,-0.0,0.0
2019-02-20,11,0,200,18.71,18.71,0.0,-673.474446,0.0
2019-02-20,11,0,204,53.95,53.95,0.0,-26.225037,0.0
2019-02-20,11,0,205,139.28,139.28,0.0,-15.8747,0.0
2019-02-20,11,0,206,585.68,585.68,0.0,-4669.341316,0.0
2019-02-20,11,0,210,1.76,1.76,0.0,9.703267,0.0
2019-02-20,11,0,214,12.74,12.74,0.0,143.531273,0.0
2019-02-20,11,0,217,7.54,7.54,0.0,67.484051,0.0
2019-02-20,11,0,218,10.41,10.41,0.0,93.170951,0.0
2019-02-20,11,0,219,7.09,7.09,0.0,63.456488,0.0
2019-02-20,11,0,221,6.79,6.79,0.0,76.497437,0.0
2019-02-20,11,0,225,4.02,4.02,0.0,20.166702,0.0
2019-02-20,11,0,233,6.78,6.78,0.0,65.26642,0.0
2019-02-20,11,0,236,18.24,18.24,0.0,97.178687,0.0
2019-02-20,11,0,237,15.53,15.53,0.0,56.064483,0.0
2019-02-20,11,0,238,64.9,64.9,0.0,405.935447,0.0
2019-02-20,11,0,240,10.9,10.9,0.0,26.395947,0.0
2019-02-20,11,0,245,77.25,77.25,0.0,561.276157,0.0
2019-02-20,11,0,247,99.84,99.84,0.0,725.408563,0.0
2019-02-20,11,0,248,1.85,1.85,0.0,6.678641,0.0
2019-02-20,11,0,249,148.56,148.56,0.0,1079.393991,0.0
2019-02-20,11,0,251,211.17,211.17,0.0,1385.413466,0.0
2019-02-20,11,0,252,213.37,213.37,0.0,1438.933614,0.0
2019-02-20,11,0,254,16.55,16.55,0.0,56.455072,0.0
2019-02-20,11,0,255,7.59,7.59,0.0,25.890876,0.0
2019-02-20,11,0,258,13.38,13.38,0.0,33.504143,0.0
2019-02-20,11,0,260,5.7,5.7,0.0,27.599792,0.0
2019-02-20,11,0,265,68.85,68.85,0.0,-213.435449,0.0
2019-02-20,11,0,266,5.5,5.5,0.0,-17.050036,0.0
2019-02-20,11,0,267,6.76,6.76,0.0,-20.956044,0.0
2019-02-20,11,0,270,503.86,503.86,0.0,-503860.0,0.0
2019-02-20,11,0,272,197.04,197.04,0.0,-51199.183503,0.0
2019-02-20,11,0,273,27.19,27.19,0.0,-27190.0,0.0
2019-02-20,11,0,274,658.0,658.0,0.0,-658000.0,0.0
2019-02-20,11,0,275,928.39,928.39,0.0,-928390.0,0.0
2019-02-20,11,0,276,6.05,6.05,0.0,-5448.399034,0.0
2019-02-20,11,0,277,7.38,7.38,0.0,-1999.651203,0.0
2019-02-20,11,0,278,11.8,11.8,0.0,-3197.274282,0.0
2019-02-20,11,0,279,200.78,200.78,0.0,-54402.434772,0.0
2019-02-20,11,0,281,37.43,37.43,0.0,-294.922819,0.0
2019-02-20,11,0,282,263.29,263.29,0.0,-2074.545261,0.0
2019-02-20,12,0,9,3.66,3.66,0.0,-1411.179168,0.0
2019-02-20,12,0,17,26.52,26.52,0.0,224.559981,0.0
2019-02-20,12,0,19,192.99,192.99,0.0,1634.156514,0.0
2019-02-20,12,0,20,234.06,234.06,0.0,1981.919652,0.0
2019-02-20,12,0,21,83.67,83.67,0.0,-32260.48114,0.0
2019-02-20,12,0,22,297.37,297.37,0.0,-114656.379546,0.0
2019-02-20,12,0,23,46.17,46.17,0.0,-17801.678191,0.0
2019-02-20,12,0,24,77.3,77.3,0.0,-29804.412479,0.0
2019-02-20,12,0,29,4.95,4.95,0.0,24.068745,0.0
2019-02-20,12,0,30,650.4,650.4,0.0,-650400.0,0.0
2019-02-20,12,0,31,125.0,125.0,0.0,-125000.0,0.0
2019-02-20,12,0,32,6.76,6.76,0.0,279.803059,0.0
2019-02-20,12,0,33,3.15,3.15,0.0,34.074171,0.0
2019-02-20,12,0,34,5.04,5.04,0.0,54.518674,0.0
2019-02-20,12,0,35,5.04,5.04,0.0,54.518674,0.0
2019-02-20,12,0,36,13.09,13.09,0.0,69.673848,0.0
2019-02-20,12,0,37,6.31,6.31,0.0,33.973142,0.0
2019-02-20,12,0,38,8.11,8.11,0.0,43.664371,0.0
2019-02-20,12,0,39,5.41,5.41,0.0,29.127528,0.0
2019-02-20,12,0,40,5.41,5.41,0.0,29.127528,0.0
2019-02-20,12,0,41,6.3,6.3,0.0,-34.925159,0.0
2019-02-20,12,0,42,64.95,64.95,0.0,516.888618,0.0
2019-02-20,12,0,43,40.99,40.99,0.0,240.068381,0.0
2019-02-20,12,0,46,34.41,34.41,0.0,176.452504,0.0
2019-02-20,12,0,52,132.5,132.5,0.0,-132500.0,0.0
2019-02-20,12,0,53,210.5,210.5,0.0,-210500.0,0.0
2019-02-20,12,0,55,623.0,623.0,0.0,-240208.912994,0.0
2019-02-20,12,0,56,191.84,191.84,0.0,-191840.0,0.0
2019-02-20,12,0,57,182.49,182.49,0.0,-182490.0,0.0
2019-02-20,12,0,58,350.93,350.93,0.0,-350930.0,0.0
2019-02-20,12,0,59,345.09,345.09,0.0,-345090.0,0.0
2019-02-20,12,0,63,25.96,25.96,0.0,2896.580696,0.0
2019-02-20,12,0,64,30.54,30.54,0.0,3407.610727,0.0
2019-02-20,12,0,65,29.77,29.77,0.0,249.262997,0.0
2019-02-20,12,0,67,394.73,394.73,0.0,-219768.917703,0.0
2019-02-20,12,0,68,25.53,25.53,0.0,-10518.787701,0.0
2019-02-20,12,0,69,3.15,3.15,0.0,34.074171,0.0
2019-02-20,12,0,74,13.01,13.01,0.0,70.15819,0.0
2019-02-20,12,0,77,60.0,60.0,0.0,-17464.092336,0.0
2019-02-20,12,0,78,45.36,45.36,0.0,-13202.853806,0.0
2019-02-20,12,0,79,26.25,26.25,0.0,-7640.540397,0.0
2019-02-20,12,0,80,42.45,42.45,0.0,-12355.845328,0.0
2019-02-20,12,0,81,55.5,55.5,0.0,-16154.285411,0.0
2019-02-20,12,0,82,39.15,39.15,0.0,-11395.320249,0.0
2019-02-20,12,0,83,87.3,87.3,0.0,-25410.254349,0.0
2019-02-20,12,0,84,0.0,0.0,0.0,0.0,0.0
2019-02-20,12,0,86,15.95,15.95,0.0,172.534296,0.0
2019-02-20,12,0,87,81.45,81.45,0.0,881.060717,0.0
2019-02-20,12,0,88,41.76,41.76,0.0,-12155.008266,0.0
2019-02-20,12,0,89,40.15,40.15,0.0,-11686.388455,0.0
2019-02-20,12,0,90,53.9,53.9,0.0,-15688.576282,0.0
2019-02-20,12,0,91,192.28,192.28,0.0,-55966.594573,0.0
2019-02-20,12,0,92,69.15,69.15,0.0,-20127.366417,0.0
2019-02-20,12,0,95,23.55,23.55,0.0,528.220297,0.0
2019-02-20,12,0,96,24.3,24.3,0.0,1174.568392,0.0
2019-02-20,12,0,97,149.4,149.4,0.0,7221.420487,0.0
2019-02-20,12,0,99,2.51,2.51,0.0,13.535515,0.0
2019-02-20,12,0,101,13.1,13.1,0.0,-13100.0,0.0
2019-02-20,12,0,102,60.44,60.44,0.0,-24902.292544,0.0
2019-02-20,12,0,103,52.56,52.56,0.0,-21655.600531,0.0
2019-02-20,12,0,104,9.76,9.76,0.0,-4021.283508,0.0
2019-02-20,12,0,106,292.73,292.73,0.0,-112867.343661,0.0
2019-02-20,12,0,109,12.06,12.06,0.0,52.453946,0.0
2019-02-20,12,0,110,145.46,145.46,0.0,-145460.0,0.0
2019-02-20,12,0,111,21.86,21.86,0.0,-121.184759,0.0
2019-02-20,12,0,113,24.47,24.47,0.0,-6437.085343,0.0
2019-02-20,12,0,115,24.47,24.47,0.0,-6437.085343,0.0
2019-02-20,12,0,116,147.51,147.51,0.0,-147510.0,0.0
2019-02-20,12,0,117,1.63,1.63,0.0,-428.788276,0.0
2019-02-20,12,0,119,30.54,30.54,0.0,3407.610727,0.0
2019-02-20,12,0,120,17.96,17.96,0.0,2003.951822,0.0
2019-02-20,12,0,123,4.88,4.88,0.0,-1881.572224,0.0
2019-02-20,12,0,125,70.73,70.73,0.0,-27271.230202,0.0
2019-02-20,12,0,126,219.55,219.55,0.0,-84651.471666,0.0
2019-02-20,12,0,127,281.76,281.76,0.0,-108637.661838,0.0
2019-02-20,12,0,128,96.96,96.96,0.0,-37384.680905,0.0
2019-02-20,12,0,131,30.0,30.0,0.0,-11200.828119,0.0
2019-02-20,12,0,132,44.1,44.1,0.0,-16465.217336,0.0
2019-02-20,12,0,133,34.97,34.97,0.0,296.422673,0.0
2019-02-20,12,0,134,0.0,0.0,0.0,0.0,0.0
2019-02-20,12,0,135,46.86,46.86,0.0,397.208077,0.0
2019-02-20,12,0,136,44.93,44.93,0.0,375.963694,0.0
2019-02-20,12,0,139,8.14,8.14,0.0,-45.125523,0.0
2019-02-20,12,0,140,107.65,107.65,0.0,-107650.0,0.0
2019-02-20,12,0,141,230.0,230.0,0.0,-128054.242322,0.0
2019-02-20,12,0,142,520.55,520.55,0.0,-289820.155829,0.0
2019-02-20,12,0,143,212.73,212.73,0.0,-212730.0,0.0
2019-02-20,12,0,145,24.48,24.48,0.0,65.393598,0.0
2019-02-20,12,0,146,268.0,268.0,0.0,-268000.0,0.0
2019-02-20,12,0,152,9.97,9.97,0.0,59.595825,0.0
2019-02-20,12,0,153,12.51,12.51,0.0,73.420876,0.0
2019-02-20,12,0,154,90.18,90.18,0.0,-499.928709,0.0
2019-02-20,12,0,157,250.0,250.0,0.0,-139189.393828,0.0
2019-02-20,12,0,158,363.87,363.87,0.0,-202587.378929,0.0
2019-02-20,12,0,159,0.0,0.0,0.0,0.0,0.0
2019-02-20,12,0,160,3.2,3.2,0.0,22.86356,0.0
2019-02-20,12,0,161,75.63,75.63,0.0,-31160.82702,0.0
2019-02-20,12,0,162,29.37,29.37,0.0,681.867634,0.0
2019-02-20,12,0,163,128.66,128.66,0.0,-128660.0,0.0
2019-02-20,12,0,164,25.71,25.71,0.0,-25710.0,0.0
2019-02-20,12,0,167,7.44,7.44,0.0,145.079305,0.0
2019-02-20,12,0,168,3.72,3.72,0.0,72.539652,0.0
2019-02-20,12,0,169,0.0,0.0,0.0,0.0,0.0
2019-02-20,12,0,170,8.13,8.13,0.0,158.53424,0.0
2019-02-20,12,0,172,9.87,9.87,0.0,147.116578,0.0
2019-02-20,12,0,173,15.04,15.04,0.0,224.177643,0.0
2019-02-20,12,0,188,13.66,13.66,0.0,316.121612,0.0
2019-02-20,12,0,190,12.04,12.04,0.0,390.427788,0.0
2019-02-20,12,0,191,31.12,31.12,0.0,1009.145578,0.0
2019-02-20,12,0,192,267.83,267.83,0.0,8685.072623,0.0
2019-02-20,12,0,194,22.32,22.32,0.0,-2883.512402,0.0
2019-02-20,12,0,196,7.86,7.86,0.0,2077.678855,0.0
2019-02-20,12,0,198,13.6,13.6,0.0,122.879808,0.0
2019-02-20,12,0,199,2.67,2.67,0.0,-113.103311,0.0
2019-02-20,12,0,200,24.39,24.39,0.0,-1033.179686,0.0
2019-02-20,12,0,204,39.58,39.58,0.0,168.940802,0.0
2019-02-20,12,0,205,63.82,63.82,0.0,277.579671,0.0
2019-02-20,12,0,206,438.99,438.99,0.0,21219.085538,0.0
2019-02-20,12,0,210,2.18,2.18,0.0,11.161319,0.0
2019-02-20,12,0,214,16.11,16.11,0.0,196.478968,0.0
2019-02-20,12,0,217,9.34,9.34,0.0,87.559859,0.0
2019-02-20,12,0,218,12.89,12.89,0.0,120.840105,0.0
2019-02-20,12,0,219,8.78,8.78,0.0,82.310017,0.0
2019-02-20,12,0,221,8.59,8.59,0.0,104.764391,0.0
2019-02-20,12,0,225,4.9,4.9,0.0,23.703776,0.0
2019-02-20,12,0,233,9.03,9.03,0.0,97.679291,0.0
2019-02-20,12,0,236,18.71,18.71,0.0,135.122903,0.0
2019-02-20,12,0,237,31.21,31.21,0.0,168.304158,0.0
2019-02-20,12,0,238,84.54,84.54,0.0,672.79082,0.0
2019-02-20,12,0,240,14.84,14.84,0.0,78.988534,0.0
2019-02-20,12,0,245,63.02,63.02,0.0,555.551915,0.0
2019-02-20,12,0,247,90.14,90.14,0.0,794.627889,0.0
2019-02-20,12,0,248,3.13,3.13,0.0,16.87895,0.0
2019-02-20,12,0,249,121.18,121.18,0.0,1068.260568,0.0
2019-02-20,12,0,251,169.41,169.41,0.0,1392.147448,0.0
2019-02-20,12,0,252,192.05,192.05,0.0,1608.026826,0.0
2019-02-20,12,0,254,22.14,22.14,0.0,136.824906,0.0
2019-02-20,12,0,255,10.15,10.15,0.0,62.726865,0.0
2019-02-20,12,0,258,18.3,18.3,0.0,98.983516,0.0
2019-02-20,12,0,260,7.77,7.77,0.0,55.515583,0.0
2019-02-20,12,0,265,93.36,93.36,0.0,-517.557599,0.0
2019-02-20,12,0,266,5.27,5.27,0.0,-29.215173,0.0
2019-02-20,12,0,267,6.48,6.48,0.0,-35.923021,0.0
2019-02-20,12,0,270,401.8,401.8,0.0,-401800.0,0.0
2019-02-20,12,0,272,81.76,81.76,0.0,-21507.809466,0.0
2019-02-20,12,0,273,35.27,35.27,0.0,-35270.0,0.0
2019-02-20,12,0,274,517.97,517.97,0.0,-517970.0,0.0
2019-02-20,12,0,275,721.02,721.02,0.0,-721020.0,0.0
2019-02-20,12,0,276,7.95,7.95,0.0,-7163.214915,0.0
2019-02-20,12,0,277,9.54,9.54,0.0,-2616.718171,0.0
2019-02-20,12,0,278,15.26,15.26,0.0,-4185.651918,0.0
2019-02-20,12,0,279,158.82,158.82,0.0,-43562.59748,0.0
2019-02-20,12,0,281,56.1,56.1,0.0,-56100.0,0.0
2019-02-20,12,0,282,356.78,356.78,0.0,-356780.0,0.0
2019-02-20,13,0,9,3.87,3.87,0.0,-1519.123242,0.0
2019-02-20,13,0,17,67.34,67.34,0.0,432.941429,0.0
2019-02-20,13,0,19,192.99,192.99,0.0,1240.768733,0.0
2019-02-20,13,0,20,234.06,234.06,0.0,1504.815429,0.0
2019-02-20,13,0,21,88.61,88.61,0.0,-34782.819235,0.0
2019-02-20,13,0,22,314.9,314.9,0.0,-123610.312346,0.0
2019-02-20,13,0,23,90.35,90.35,0.0,-35465.835886,0.0
2019-02-20,13,0,24,157.79,157.79,0.0,-61938.619197,0.0
2019-02-20,13,0,29,11.25,11.25,0.0,54.373128,0.0
2019-02-20,13,0,30,703.11,703.11,0.0,-703110.0,0.0
2019-02-20,13,0,31,125.0,125.0,0.0,-125000.0,0.0
2019-02-20,13,0,32,7.71,7.71,0.0,150.086456,0.0
2019-02-20,13,0,33,4.06,4.06,0.0,42.629852,0.0
2019-02-20,13,0,34,6.5,6.5,0.0,68.249763,0.0
2019-02-20,13,0,35,6.5,6.5,0.0,68.249763,0.0
2019-02-20,13,0,36,15.56,15.56,0.0,8.796259,0.0
2019-02-20,13,0,37,7.5,7.5,0.0,4.36759,0.0
2019-02-20,13,0,38,9.64,9.64,0.0,5.61381,0.0
2019-02-20,13,0,39,6.43,6.43,0.0,3.744481,0.0
2019-02-20,13,0,40,6.43,6.43,0.0,3.744481,0.0
2019-02-20,13,0,41,6.18,6.18,0.0,-85.341136,0.0
2019-02-20,13,0,42,69.29,69.29,0.0,384.336727,0.0
2019-02-20,13,0,43,46.5,46.5,0.0,67.961796,0.0
2019-02-20,13,0,46,38.29,38.29,0.0,-11.577587,0.0
2019-02-20,13,0,52,132.5,132.5,0.0,-132500.0,0.0
2019-02-20,13,0,53,210.5,210.5,0.0,-210500.0,0.0
2019-02-20,13,0,55,623.0,623.0,0.0,-244551.364217,0.0
2019-02-20,13,0,56,207.39,207.39,0.0,-207390.0,0.0
2019-02-20,13,0,57,197.28,197.28,0.0,-197280.0,0.0
2019-02-20,13,0,58,379.38,379.38,0.0,-379380.0,0.0
2019-02-20,13,0,59,373.05,373.05,0.0,-373050.0,0.0
2019-02-20,13,0,63,22.42,22.42,0.0,456.483666,0.0
2019-02-20,13,0,64,26.38,26.38,0.0,537.111467,0.0
2019-02-20,13,0,65,27.32,27.32,0.0,171.167175,0.0
2019-02-20,13,0,67,456.9,456.9,0.0,9794.363377,0.0
2019-02-20,13,0,68,26.03,26.03,0.0,588.551933,0.0
2019-02-20,13,0,69,4.06,4.06,0.0,42.629852,0.0
2019-02-20,13,0,74,27.96,27.96,0.0,37.351361,0.0
2019-02-20,13,0,77,60.0,60.0,0.0,1464.157998,0.0
2019-02-20,13,0,78,45.36,45.36,0.0,1106.903447,0.0
2019-02-20,13,0,79,26.25,26.25,0.0,640.569124,0.0
2019-02-20,13,0,80,42.45,42.45,0.0,1035.891784,0.0
2019-02-20,13,0,81,55.5,55.5,0.0,1354.346148,0.0
2019-02-20,13,0,82,39.15,39.15,0.0,955.363094,0.0
2019-02-20,13,0,83,87.3,87.3,0.0,2130.349888,0.0
2019-02-20,13,0,84,0.0,0.0,0.0,0.0,0.0
2019-02-20,13,0,86,20.58,20.58,0.0,216.089251,0.0
2019-02-20,13,0,87,105.06,105.06,0.0,1103.126177,0.0
2019-02-20,13,0,88,37.36,37.36,0.0,911.68238,0.0
2019-02-20,13,0,89,35.92,35.92,0.0,876.542588,0.0
2019-02-20,13,0,90,48.23,48.23,0.0,1176.939004,0.0
2019-02-20,13,0,91,172.03,172.03,0.0,4197.985008,0.0
2019-02-20,13,0,92,61.87,61.87,0.0,1509.790923,0.0
2019-02-20,13,0,95,26.77,26.77,0.0,520.563525,0.0
2019-02-20,13,0,96,29.88,29.88,0.0,1084.151321,0.0
2019-02-20,13,0,97,183.75,183.75,0.0,6667.095223,0.0
2019-02-20,13,0,99,5.4,5.4,0.0,7.213782,0.0
2019-02-20,13,0,101,14.16,14.16,0.0,-14160.0,0.0
2019-02-20,13,0,102,61.64,61.64,0.0,1393.712682,0.0
2019-02-20,13,0,103,53.6,53.6,0.0,1211.924072,0.0
2019-02-20,13,0,104,9.95,9.95,0.0,224.974711,0.0
2019-02-20,13,0,106,310.0,310.0,0.0,-121686.87465,0.0
2019-02-20,13,0,109,10.16,10.16,0.0,-20.970201,0.0
2019-02-20,13,0,110,139.71,139.71,0.0,2492.636227,0.0
2019-02-20,13,0,111,24.95,24.95,0.0,-344.540669,0.0
2019-02-20,13,0,113,19.98,19.98,0.0,438.879002,0.0
2019-02-20,13,0,115,19.98,19.98,0.0,438.879002,0.0
2019-02-20,13,0,116,163.06,163.06,0.0,2909.235295,0.0
2019-02-20,13,0,117,1.33,1.33,0.0,29.214668,0.0
2019-02-20,13,0,119,26.38,26.38,0.0,537.111467,0.0
2019-02-20,13,0,120,15.51,15.51,0.0,315.792224,0.0
2019-02-20,13,0,123,5.17,5.17,0.0,-2029.423039,0.0
2019-02-20,13,0,125,143.27,143.27,0.0,-56238.963004,0.0
2019-02-20,13,0,126,232.5,232.5,0.0,-91265.155988,0.0
2019-02-20,13,0,127,298.37,298.37,0.0,-117121.654159,0.0
2019-02-20,13,0,128,202.25,202.25,0.0,-79390.872252,0.0
2019-02-20,13,0,131,30.0,30.0,0.0,687.721614,0.0
2019-02-20,13,0,132,44.1,44.1,0.0,1010.950772,0.0
2019-02-20,13,0,133,27.32,27.32,0.0,176.067294,0.0
2019-02-20,13,0,134,0.0,0.0,0.0,0.0,0.0
2019-02-20,13,0,135,36.61,36.61,0.0,235.937908,0.0
2019-02-20,13,0,136,44.18,44.18,0.0,276.402064,0.0
2019-02-20,13,0,139,7.98,7.98,0.0,-110.197777,0.0
2019-02-20,13,0,140,103.4,103.4,0.0,1844.811294,0.0
2019-02-20,13,0,141,230.0,230.0,0.0,4930.408353,0.0
2019-02-20,13,0,142,602.54,602.54,0.0,12916.383693,0.0
2019-02-20,13,0,143,238.5,238.5,0.0,-238500.0,0.0
2019-02-20,13,0,145,49.86,49.86,0.0,-344.727994,0.0
2019-02-20,13,0,146,268.0,268.0,0.0,4781.522502,0.0
2019-02-20,13,0,152,11.79,11.79,0.0,23.24238,0.0
2019-02-20,13,0,153,14.67,14.67,0.0,26.023472,0.0
2019-02-20,13,0,154,102.93,102.93,0.0,-1421.385615,0.0
2019-02-20,13,0,157,250.0,250.0,0.0,5359.139515,0.0
2019-02-20,13,0,158,445.89,445.89,0.0,9558.346873,0.0
2019-02-20,13,0,159,0.0,0.0,0.0,0.0,0.0
2019-02-20,13,0,160,3.69,3.69,0.0,14.925038,0.0
2019-02-20,13,0,161,83.05,83.05,0.0,1877.803995,0.0
2019-02-20,13,0,162,35.26,35.26,0.0,686.154188,0.0
2019-02-20,13,0,163,57.18,57.18,0.0,1020.177077,0.0
2019-02-20,13,0,164,28.93,28.93,0.0,-28930.0,0.0
2019-02-20,13,0,167,8.58,8.58,0.0,166.664954,0.0
2019-02-20,13,0,168,4.29,4.29,0.0,83.332477,0.0
2019-02-20,13,0,169,0.0,0.0,0.0,0.0,0.0
2019-02-20,13,0,170,9.39,9.39,0.0,182.399058,0.0
2019-02-20,13,0,172,11.46,11.46,0.0,208.363617,0.0
2019-02-20,13,0,173,17.46,17.46,0.0,317.454517,0.0
2019-02-20,13,0,188,15.58,15.58,0.0,298.934465,0.0
2019-02-20,13,0,190,13.42,13.42,0.0,273.238662,0.0
2019-02-20,13,0,191,34.68,34.68,0.0,706.104082,0.0
2019-02-20,13,0,192,229.6,229.6,0.0,4674.783659,0.0
2019-02-20,13,0,194,14.57,14.57,0.0,299.650778,0.0
2019-02-20,13,0,196,8.56,8.56,0.0,183.707754,0.0
2019-02-20,13,0,198,15.88,15.88,0.0,127.161349,0.0
2019-02-20,13,0,199,5.51,5.51,0.0,53.688656,0.0
2019-02-20,13,0,200,28.13,28.13,0.0,274.094716,0.0
2019-02-20,13,0,204,29.37,29.37,0.0,-69.983626,0.0
2019-02-20,13,0,205,53.74,53.74,0.0,-110.919155,0.0
2019-02-20,13,0,206,539.94,539.94,0.0,19590.919156,0.0
2019-02-20,13,0,210,3.37,3.37,0.0,18.944495,0.0
2019-02-20,13,0,214,20.46,20.46,0.0,263.880308,0.0
2019-02-20,13,0,217,13.15,13.15,0.0,130.413524,0.0
2019-02-20,13,0,218,18.15,18.15,0.0,180.000415,0.0
2019-02-20,13,0,219,12.37,12.37,0.0,122.677969,0.0
2019-02-20,13,0,221,10.91,10.91,0.0,140.710369,0.0
2019-02-20,13,0,225,9.91,9.91,0.0,47.142208,0.0
2019-02-20,13,0,233,11.64,11.64,0.0,122.219576,0.0
2019-02-20,13,0,236,47.87,47.87,0.0,202.732727,0.0
2019-02-20,13,0,237,67.06,67.06,0.0,89.584486,0.0
2019-02-20,13,0,238,90.19,90.19,0.0,500.264532,0.0
2019-02-20,13,0,240,17.63,17.63,0.0,9.966456,0.0
2019-02-20,13,0,245,53.63,53.63,0.0,377.123825,0.0
2019-02-20,13,0,247,87.12,87.12,0.0,612.624047,0.0
2019-02-20,13,0,248,6.73,6.73,0.0,8.99051,0.0
2019-02-20,13,0,249,103.14,103.14,0.0,725.275989,0.0
2019-02-20,13,0,251,136.37,136.37,0.0,817.694424,0.0
2019-02-20,13,0,252,176.21,176.21,0.0,1104.003219,0.0
2019-02-20,13,0,254,25.98,25.98,0.0,54.811456,0.0
2019-02-20,13,0,255,11.91,11.91,0.0,25.127192,0.0
2019-02-20,13,0,258,21.66,21.66,0.0,15.379922,0.0
2019-02-20,13,0,260,8.97,8.97,0.0,36.28119,0.0
2019-02-20,13,0,265,106.56,106.56,0.0,-1471.513175,0.0
2019-02-20,13,0,266,5.17,5.17,0.0,-71.393798,0.0
2019-02-20,13,0,267,6.35,6.35,0.0,-87.688707,0.0
2019-02-20,13,0,270,177.92,177.92,0.0,3174.360013,0.0
2019-02-20,13,0,272,66.77,66.77,0.0,1466.664212,0.0
2019-02-20,13,0,273,38.99,38.99,0.0,695.640158,0.0
2019-02-20,13,0,274,229.26,229.26,0.0,4090.342719,0.0
2019-02-20,13,0,275,318.99,318.99,0.0,5691.260682,0.0
2019-02-20,13,0,276,8.47,8.47,0.0,157.916391,0.0
2019-02-20,13,0,277,10.57,10.57,0.0,242.505769,0.0
2019-02-20,13,0,278,16.92,16.92,0.0,388.192773,0.0
2019-02-20,13,0,279,184.27,184.27,0.0,4227.676261,0.0
2019-02-20,13,0,281,56.1,56.1,0.0,-56100.0,0.0
2019-02-20,13,0,282,385.7,385.7,0.0,-385700.0,0.0
2019-02-20,14,0,9,4.07,4.07,0.0,-1625.034724,0.0
2019-02-20,14,0,17,69.3,69.3,0.0,270.711273,0.0
2019-02-20,14,0,19,154.47,154.47,0.0,603.4166,0.0
2019-02-20,14,0,20,187.34,187.34,0.0,731.818902,0.0
2019-02-20,14,0,21,93.02,93.02,0.0,-37140.228506,0.0
2019-02-20,14,0,22,330.58,330.58,0.0,-131991.149638,0.0
2019-02-20,14,0,23,42.61,42.61,0.0,-17012.955672,0.0
2019-02-20,14,0,24,73.27,73.27,0.0,-29254.617745,0.0
2019-02-20,14,0,29,11.08,11.08,0.0,48.909962,0.0
2019-02-20,14,0,30,754.06,754.06,0.0,-754060.0,0.0
2019-02-20,14,0,31,125.0,125.0,0.0,-125000.0,0.0
2019-02-20,14,0,32,7.71,7.71,0.0,322.710002,0.0
2019-02-20,14,0,33,4.14,4.14,0.0,39.202407,0.0
2019-02-20,14,0,34,6.62,6.62,0.0,62.685975,0.0
2019-02-20,14,0,35,6.62,6.62,0.0,62.685975,0.0
2019-02-20,14,0,36,16.0,16.0,0.0,-67.810229,0.0
2019-02-20,14,0,37,7.7,7.7,0.0,-32.703552,0.0
2019-02-20,14,0,38,9.89,9.89,0.0,-42.004952,0.0
2019-02-20,14,0,39,6.6,6.6,0.0,-28.031616,0.0
2019-02-20,14,0,40,6.6,6.6,0.0,-28.031616,0.0
2019-02-20,14,0,41,2.08,2.08,0.0,-45.593745,0.0
2019-02-20,14,0,42,73.21,73.21,0.0,197.706882,0.0
2019-02-20,14,0,43,46.97,46.97,0.0,-138.236761,0.0
2019-02-20,14,0,46,39.19,39.19,0.0,-223.542189,0.0
2019-02-20,14,0,52,132.5,132.5,0.0,-132500.0,0.0
2019-02-20,14,0,53,210.5,210.5,0.0,-210500.0,0.0
2019-02-20,14,0,55,623.0,623.0,0.0,-248746.101472,0.0
2019-02-20,14,0,56,222.42,222.42,0.0,-222420.0,0.0
2019-02-20,14,0,57,211.57,211.57,0.0,-211570.0,0.0
2019-02-20,14,0,58,406.86,406.86,0.0,-406860.0,0.0
2019-02-20,14,0,59,400.08,400.08,0.0,-400080.0,0.0
2019-02-20,14,0,63,23.66,23.66,0.0,2622.572501,0.0
2019-02-20,14,0,64,27.84,27.84,0.0,3085.901032,0.0
2019-02-20,14,0,65,19.19,19.19,0.0,70.66471,0.0
2019-02-20,14,0,67,474.71,474.71,0.0,-263889.343634,0.0
2019-02-20,14,0,68,11.75,11.75,0.0,-4827.765976,0.0
2019-02-20,14,0,69,4.14,4.14,0.0,39.202407,0.0
2019-02-20,14,0,74,24.94,24.94,0.0,-73.513784,0.0
2019-02-20,14,0,77,46.01,46.01,0.0,-13295.818744,0.0
2019-02-20,14,0,78,34.79,34.79,0.0,-10053.499981,0.0
2019-02-20,14,0,79,20.13,20.13,0.0,-5817.101311,0.0
2019-02-20,14,0,80,32.56,32.56,0.0,-9409.081902,0.0
2019-02-20,14,0,81,42.56,42.56,0.0,-12298.849071,0.0
2019-02-20,14,0,82,30.02,30.02,0.0,-8675.081041,0.0
2019-02-20,14,0,83,66.95,66.95,0.0,-19346.991196,0.0
2019-02-20,14,0,84,0.0,0.0,0.0,0.0,0.0
2019-02-20,14,0,86,20.97,20.97,0.0,198.568714,0.0
2019-02-20,14,0,87,107.04,107.04,0.0,1013.581077,0.0
2019-02-20,14,0,88,28.74,28.74,0.0,-8305.190844,0.0
2019-02-20,14,0,89,27.63,27.63,0.0,-7984.426688,0.0
2019-02-20,14,0,90,37.09,37.09,0.0,-10718.14643,0.0
2019-02-20,14,0,91,132.33,132.33,0.0,-38240.288947,0.0
2019-02-20,14,0,92,47.59,47.59,0.0,-13752.401957,0.0
2019-02-20,14,0,95,29.87,29.87,0.0,580.845443,0.0
2019-02-20,14,0,96,23.94,23.94,0.0,590.0421,0.0
2019-02-20,14,0,97,160.54,160.54,0.0,3956.781903,0.0
2019-02-20,14,0,99,4.81,4.81,0.0,-14.178079,0.0
2019-02-20,14,0,101,15.19,15.19,0.0,-15190.0,0.0
2019-02-20,14,0,102,27.74,27.74,0.0,-11397.636441,0.0
2019-02-20,14,0,103,24.13,24.13,0.0,-9914.382384,0.0
2019-02-20,14,0,104,4.52,4.52,0.0,-1857.149125,0.0
2019-02-20,14,0,106,325.43,325.43,0.0,-129934.901769,0.0
2019-02-20,14,0,109,7.08,7.08,0.0,-59.671171,0.0
2019-02-20,14,0,110,139.69,139.69,0.0,-139690.0,0.0
2019-02-20,14,0,111,26.72,26.72,0.0,-585.704261,0.0
2019-02-20,14,0,113,16.82,16.82,0.0,-4427.982956,0.0
2019-02-20,14,0,115,16.82,16.82,0.0,-4427.982956,0.0
2019-02-20,14,0,116,166.01,166.01,0.0,-166010.0,0.0
2019-02-20,14,0,117,1.12,1.12,0.0,-294.847854,0.0
2019-02-20,14,0,119,27.84,27.84,0.0,3085.901032,0.0
2019-02-20,14,0,120,16.37,16.37,0.0,1814.518675,0.0
2019-02-20,14,0,123,5.42,5.42,0.0,-2164.051156,0.0
2019-02-20,14,0,125,66.79,66.79,0.0,-26667.338872,0.0
2019-02-20,14,0,126,244.07,244.07,0.0,-97450.178148,0.0
2019-02-20,14,0,127,313.23,313.23,0.0,-125063.790312,0.0
2019-02-20,14,0,128,92.7,92.7,0.0,-37012.461648,0.0
2019-02-20,14,0,131,25.49,25.49,0.0,-9485.91836,0.0
2019-02-20,14,0,132,37.46,37.46,0.0,-13940.466919,0.0
2019-02-20,14,0,133,23.23,23.23,0.0,91.235161,0.0
2019-02-20,14,0,134,0.0,0.0,0.0,0.0,0.0
2019-02-20,14,0,135,31.12,31.12,0.0,122.222911,0.0
2019-02-20,14,0,136,31.5,31.5,0.0,115.60735,0.0
2019-02-20,14,0,139,2.69,2.69,0.0,-58.964987,0.0
2019-02-20,14,0,140,103.38,103.38,0.0,-103380.0,0.0
2019-02-20,14,0,141,230.0,230.0,0.0,-127856.057458,0.0
2019-02-20,14,0,142,626.03,626.03,0.0,-348007.511524,0.0
2019-02-20,14,0,143,238.5,238.5,0.0,-238500.0,0.0
2019-02-20,14,0,145,20.72,20.72,0.0,-336.366841,0.0
2019-02-20,14,0,146,268.0,268.0,0.0,-268000.0,0.0
2019-02-20,14,0,152,12.38,12.38,0.0,-27.861441,0.0
2019-02-20,14,0,153,15.45,15.45,0.0,-39.004813,0.0
2019-02-20,14,0,154,110.2,110.2,0.0,-2415.591674,0.0
2019-02-20,14,0,157,250.0,250.0,0.0,-138973.975498,0.0
2019-02-20,14,0,158,476.15,476.15,0.0,-264689.833733,0.0
2019-02-20,14,0,159,0.0,0.0,0.0,-0.0,0.0
2019-02-20,14,0,160,3.73,3.73,0.0,3.56199,0.0
2019-02-20,14,0,161,86.24,86.24,0.0,-35433.747898,0.0
2019-02-20,14,0,162,33.11,33.11,0.0,669.584289,0.0
2019-02-20,14,0,163,68.1,68.1,0.0,-68100.0,0.0
2019-02-20,14,0,164,30.92,30.92,0.0,-30920.0,0.0
2019-02-20,14,0,167,8.75,8.75,0.0,143.477786,0.0
2019-02-20,14,0,168,4.38,4.38,0.0,71.82088,0.0
2019-02-20,14,0,169,0.0,0.0,0.0,0.0,0.0
2019-02-20,14,0,170,9.58,9.58,0.0,157.087679,0.0
2019-02-20,14,0,172,11.64,11.64,0.0,176.293787,0.0
2019-02-20,14,0,173,17.73,17.73,0.0,268.529969,0.0
2019-02-20,14,0,188,15.6,15.6,0.0,357.894808,0.0
2019-02-20,14,0,190,13.53,13.53,0.0,438.744848,0.0
2019-02-20,14,0,191,34.96,34.96,0.0,1133.667397,0.0
2019-02-20,14,0,192,239.57,239.57,0.0,7768.669859,0.0
2019-02-20,14,0,194,13.81,13.81,0.0,-1813.416234,0.0
2019-02-20,14,0,196,8.66,8.66,0.0,2282.589206,0.0
2019-02-20,14,0,198,16.41,16.41,0.0,117.163794,0.0
2019-02-20,14,0,199,7.55,7.55,0.0,-603.174333,0.0
2019-02-20,14,0,200,28.52,28.52,0.0,-2278.481056,0.0
2019-02-20,14,0,204,22.02,22.02,0.0,-197.310706,0.0
2019-02-20,14,0,205,37.47,37.47,0.0,-315.802088,0.0
2019-02-20,14,0,206,568.3,568.3,0.0,14006.722035,0.0
2019-02-20,14,0,210,3.34,3.34,0.0,12.703927,0.0
2019-02-20,14,0,214,20.4,20.4,0.0,260.082339,0.0
2019-02-20,14,0,217,13.28,13.28,0.0,133.818285,0.0
2019-02-20,14,0,218,18.33,18.33,0.0,184.70551,0.0
2019-02-20,14,0,219,12.49,12.49,0.0,125.85771,0.0
2019-02-20,14,0,221,10.88,10.88,0.0,138.710581,0.0
2019-02-20,14,0,225,9.92,9.92,0.0,44.374464,0.0
2019-02-20,14,0,233,11.86,11.86,0.0,112.30448,0.0
2019-02-20,14,0,236,27.14,27.14,0.0,24.200718,0.0
2019-02-20,14,0,237,59.82,59.82,0.0,-176.326967,0.0
2019-02-20,14,0,238,95.29,95.29,0.0,257.33491,0.0
2019-02-20,14,0,240,18.13,18.13,0.0,-76.837466,0.0
2019-02-20,14,0,245,44.38,44.38,0.0,209.920363,0.0
2019-02-20,14,0,247,79.61,79.61,0.0,376.560615,0.0
2019-02-20,14,0,248,6.01,6.01,0.0,-17.71523,0.0
2019-02-20,14,0,249,85.35,85.35,0.0,403.711198,0.0
2019-02-20,14,0,251,96.34,96.34,0.0,319.329261,0.0
2019-02-20,14,0,252,123.79,123.79,0.0,455.840772,0.0
2019-02-20,14,0,254,26.2,26.2,0.0,-51.481142,0.0
2019-02-20,14,0,255,12.01,12.01,0.0,-23.598798,0.0
2019-02-20,14,0,258,22.2,22.2,0.0,-89.443304,0.0
2019-02-20,14,0,260,9.05,9.05,0.0,8.642363,0.0
2019-02-20,14,0,265,114.1,114.1,0.0,-2501.079945,0.0
2019-02-20,14,0,266,1.74,1.74,0.0,-38.140921,0.0
2019-02-20,14,0,267,2.14,2.14,0.0,-46.908949,0.0
2019-02-20,14,0,270,236.73,236.73,0.0,-236730.0,0.0
2019-02-20,14,0,272,56.21,56.21,0.0,-14797.676692,0.0
2019-02-20,14,0,273,39.7,39.7,0.0,-39700.0,0.0
2019-02-20,14,0,274,315.77,315.77,0.0,-315770.0,0.0
2019-02-20,14,0,275,459.25,459.25,0.0,-459250.0,0.0
2019-02-20,14,0,276,8.7,8.7,0.0,-7837.316083,0.0
2019-02-20,14,0,277,10.87,10.87,0.0,-2973.68913,0.0
2019-02-20,14,0,278,17.39,17.39,0.0,-4757.355472,0.0
2019-02-20,14,0,279,110.93,110.93,0.0,-30346.948963,0.0
2019-02-20,14,0,281,56.1,56.1,0.0,-56100.0,0.0
2019-02-20,14,0,282,413.65,413.65,0.0,-413650.0,0.0
2019-02-20,15,0,9,3.92,3.92,0.0,-1498.626914,0.0
2019-02-20,15,0,17,66.14,66.14,0.0,599.987833,0.0
2019-02-20,15,0,19,129.25,129.25,0.0,1172.489075,0.0
2019-02-20,15,0,20,156.75,156.75,0.0,1421.954836,0.0
2019-02-20,15,0,21,89.67,89.67,0.0,-34281.090666,0.0
2019-02-20,15,0,22,318.7,318.7,0.0,-121839.897349,0.0
2019-02-20,15,0,23,32.64,32.64,0.0,-12478.362879,0.0
2019-02-20,15,0,24,57.75,57.75,0.0,-22077.985792,0.0
2019-02-20,15,0,29,10.46,10.46,0.0,42.690361,0.0
2019-02-20,15,0,30,728.01,728.01,0.0,-728010.0,0.0
2019-02-20,15,0,31,125.0,125.0,0.0,-125000.0,0.0
2019-02-20,15,0,32,7.41,7.41,0.0,274.99719,0.0
2019-02-20,15,0,33,4.04,4.04,0.0,42.901521,0.0
2019-02-20,15,0,34,6.46,6.46,0.0,68.599956,0.0
2019-02-20,15,0,35,6.46,6.46,0.0,68.599956,0.0
2019-02-20,15,0,36,15.6,15.6,0.0,110.980252,0.0
2019-02-20,15,0,37,7.48,7.48,0.0,53.731091,0.0
2019-02-20,15,0,38,9.62,9.62,0.0,69.103355,0.0
2019-02-20,15,0,39,6.41,6.41,0.0,46.044959,0.0
2019-02-20,15,0,40,6.41,6.41,0.0,46.044959,0.0
2019-02-20,15,0,41,1.24,1.24,0.0,-2.277722,0.0
2019-02-20,15,0,42,70.95,70.95,0.0,619.818759,0.0
2019-02-20,15,0,43,45.87,45.87,0.0,339.07217,0.0
2019-02-20,15,0,46,37.85,37.85,0.0,274.315618,0.0
2019-02-20,15,0,52,132.5,132.5,0.0,-132500.0,0.0
2019-02-20,15,0,53,210.5,210.5,0.0,-210500.0,0.0
2019-02-20,15,0,55,623.0,623.0,0.0,-238174.634605,0.0
2019-02-20,15,0,56,214.74,214.74,0.0,-214740.0,0.0
2019-02-20,15,0,57,204.26,204.26,0.0,-204260.0,0.0
2019-02-20,15,0,58,392.81,392.81,0.0,-392810.0,0.0
2019-02-20,15,0,59,386.26,386.26,0.0,-386260.0,0.0
2019-02-20,15,0,63,25.13,25.13,0.0,2667.300906,0.0
2019-02-20,15,0,64,29.57,29.57,0.0,3138.562984,0.0
2019-02-20,15,0,65,13.99,13.99,0.0,126.038165,0.0
2019-02-20,15,0,67,460.1,460.1,0.0,-257994.721002,0.0
2019-02-20,15,0,68,16.65,16.65,0.0,-6947.954827,0.0
2019-02-20,15,0,69,4.04,4.04,0.0,42.901521,0.0
2019-02-20,15,0,74,25.46,25.46,0.0,176.912194,0.0
2019-02-20,15,0,77,33.28,33.28,0.0,-9904.926444,0.0
2019-02-20,15,0,78,25.16,25.16,0.0,-7488.219631,0.0
2019-02-20,15,0,79,14.56,14.56,0.0,-4333.405319,0.0
2019-02-20,15,0,80,23.55,23.55,0.0,-7009.045005,0.0
2019-02-20,15,0,81,30.78,30.78,0.0,-9160.866465,0.0
2019-02-20,15,0,82,21.71,21.71,0.0,-6461.41686,0.0
2019-02-20,15,0,83,48.42,48.42,0.0,-14410.953679,0.0
2019-02-20,15,0,84,0.0,0.0,0.0,0.0,0.0
2019-02-20,15,0,86,20.46,20.46,0.0,217.268592,0.0
2019-02-20,15,0,87,104.45,104.45,0.0,1109.174214,0.0
2019-02-20,15,0,88,22.46,22.46,0.0,-6684.634854,0.0
2019-02-20,15,0,89,21.59,21.59,0.0,-6425.701981,0.0
2019-02-20,15,0,90,28.99,28.99,0.0,-8628.11952,0.0
2019-02-20,15,0,91,103.42,103.42,0.0,-30780.273223,0.0
2019-02-20,15,0,92,37.19,37.19,0.0,-11068.636252,0.0
2019-02-20,15,0,95,33.83,33.83,0.0,657.850731,0.0
2019-02-20,15,0,96,16.65,16.65,0.0,898.967394,0.0
2019-02-20,15,0,97,102.37,102.37,0.0,5527.16469,0.0
2019-02-20,15,0,99,4.91,4.91,0.0,34.117788,0.0
2019-02-20,15,0,101,14.66,14.66,0.0,-14660.0,0.0
2019-02-20,15,0,102,39.42,39.42,0.0,-16449.75251,0.0
2019-02-20,15,0,103,34.28,34.28,0.0,-14304.858347,0.0
2019-02-20,15,0,104,6.37,6.37,0.0,-2658.166501,0.0
2019-02-20,15,0,106,313.73,313.73,0.0,-119939.852511,0.0
2019-02-20,15,0,109,6.01,6.01,0.0,42.309233,0.0
2019-02-20,15,0,110,143.6,143.6,0.0,-143600.0,0.0
2019-02-20,15,0,111,25.76,25.76,0.0,-47.317846,0.0
2019-02-20,15,0,113,14.61,14.61,0.0,-3933.536842,0.0
2019-02-20,15,0,115,14.61,14.61,0.0,-3933.536842,0.0
2019-02-20,15,0,116,159.46,159.46,0.0,-159460.0,0.0
2019-02-20,15,0,117,0.97,0.97,0.0,-261.158846,0.0
2019-02-20,15,0,119,29.57,29.57,0.0,3138.562984,0.0
2019-02-20,15,0,120,17.38,17.38,0.0,1844.715071,0.0
2019-02-20,15,0,123,5.23,5.23,0.0,-1999.443562,0.0
2019-02-20,15,0,125,52.26,52.26,0.0,-19979.143506,0.0
2019-02-20,15,0,126,235.3,235.3,0.0,-89955.84514,0.0
2019-02-20,15,0,127,301.96,301.96,0.0,-115440.14874,0.0
2019-02-20,15,0,128,74.85,74.85,0.0,-28615.363403,0.0
2019-02-20,15,0,131,45.04,45.04,0.0,-17069.518154,0.0
2019-02-20,15,0,132,66.28,66.28,0.0,-25119.175471,0.0
2019-02-20,15,0,133,21.77,21.77,0.0,197.613992,0.0
2019-02-20,15,0,134,0.0,0.0,0.0,0.0,0.0
2019-02-20,15,0,135,29.17,29.17,0.0,264.78641,0.0
2019-02-20,15,0,136,22.34,22.34,0.0,201.18823,0.0
2019-02-20,15,0,139,1.61,1.61,0.0,-2.957365,0.0
2019-02-20,15,0,140,106.28,106.28,0.0,-106280.0,0.0
2019-02-20,15,0,141,230.0,230.0,0.0,-128969.323692,0.0
2019-02-20,15,0,142,606.76,606.76,0.0,-340232.290622,0.0
2019-02-20,15,0,143,238.5,238.5,0.0,-238500.0,0.0
2019-02-20,15,0,145,8.45,8.45,0.0,59.563671,0.0
2019-02-20,15,0,146,268.0,268.0,0.0,-268000.0,0.0
2019-02-20,15,0,152,11.97,11.97,0.0,89.668151,0.0
2019-02-20,15,0,153,14.95,14.95,0.0,110.981095,0.0
2019-02-20,15,0,154,106.27,106.27,0.0,-195.204485,0.0
2019-02-20,15,0,157,250.0,250.0,0.0,-140184.047491,0.0
2019-02-20,15,0,158,458.09,458.09,0.0,-256867.64126,0.0
2019-02-20,15,0,159,0.0,0.0,0.0,0.0,0.0
2019-02-20,15,0,160,3.55,3.55,0.0,27.971807,0.0
2019-02-20,15,0,161,82.76,82.76,0.0,-34535.29979,0.0
2019-02-20,15,0,162,33.85,33.85,0.0,684.064216,0.0
2019-02-20,15,0,163,70.68,70.68,0.0,-70680.0,0.0
2019-02-20,15,0,164,29.19,29.19,0.0,-29190.0,0.0
2019-02-20,15,0,167,8.27,8.27,0.0,137.226927,0.0
2019-02-20,15,0,168,4.13,4.13,0.0,68.530497,0.0
2019-02-20,15,0,169,0.0,0.0,0.0,0.0,0.0
2019-02-20,15,0,170,9.04,9.04,0.0,150.003799,0.0
2019-02-20,15,0,172,11.11,11.11,0.0,149.988867,0.0
2019-02-20,15,0,173,16.93,16.93,0.0,228.560892,0.0
2019-02-20,15,0,188,15.06,15.06,0.0,296.03493,0.0
2019-02-20,15,0,190,12.77,12.77,0.0,414.099904,0.0
2019-02-20,15,0,191,32.99,32.99,0.0,1069.785109,0.0
2019-02-20,15,0,192,262.78,262.78,0.0,8521.313459,0.0
2019-02-20,15,0,194,13.34,13.34,0.0,-1813.941848,0.0
2019-02-20,15,0,196,8.24,8.24,0.0,2120.068386,0.0
2019-02-20,15,0,198,15.82,15.82,0.0,132.371026,0.0
2019-02-20,15,0,199,6.06,6.06,0.0,-438.545934,0.0
2019-02-20,15,0,200,27.48,27.48,0.0,-1988.653839,0.0
2019-02-20,15,0,204,20.2,20.2,0.0,142.953562,0.0
2019-02-20,15,0,205,31.8,31.8,0.0,223.865825,0.0
2019-02-20,15,0,206,300.79,300.79,0.0,16240.264406,0.0
2019-02-20,15,0,210,3.2,3.2,0.0,6.017546,0.0
2019-02-20,15,0,214,19.83,19.83,0.0,228.519924,0.0
2019-02-20,15,0,217,12.74,12.74,0.0,113.740605,0.0
2019-02-20,15,0,218,17.58,17.58,0.0,156.951321,0.0
2019-02-20,15,0,219,11.98,11.98,0.0,106.955451,0.0
2019-02-20,15,0,221,10.58,10.58,0.0,121.923389,0.0
2019-02-20,15,0,225,9.26,9.26,0.0,39.760918,0.0
2019-02-20,15,0,233,11.58,11.58,0.0,122.9702,0.0
2019-02-20,15,0,236,38.87,38.87,0.0,321.299506,0.0
2019-02-20,15,0,237,61.08,61.08,0.0,424.422498,0.0
2019-02-20,15,0,238,92.35,92.35,0.0,806.769026,0.0
2019-02-20,15,0,240,17.68,17.68,0.0,125.777619,0.0
2019-02-20,15,0,245,42.84,42.84,0.0,398.440051,0.0
2019-02-20,15,0,247,87.01,87.01,0.0,809.249973,0.0
2019-02-20,15,0,248,6.13,6.13,0.0,42.59512,0.0
2019-02-20,15,0,249,82.38,82.38,0.0,766.187942,0.0
2019-02-20,15,0,251,74.06,74.06,0.0,659.640606,0.0
2019-02-20,15,0,252,90.24,90.24,0.0,812.986707,0.0
2019-02-20,15,0,254,25.95,25.95,0.0,194.996603,0.0
2019-02-20,15,0,255,11.89,11.89,0.0,89.345264,0.0
2019-02-20,15,0,258,21.52,21.52,0.0,154.06174,0.0
2019-02-20,15,0,260,8.63,8.63,0.0,67.999069,0.0
2019-02-20,15,0,265,110.03,110.03,0.0,-202.111127,0.0
2019-02-20,15,0,266,1.03,1.03,0.0,-1.891979,0.0
2019-02-20,15,0,267,1.28,1.28,0.0,-2.351197,0.0
2019-02-20,15,0,270,230.7,230.7,0.0,-230700.0,0.0
2019-02-20,15,0,272,48.82,48.82,0.0,-13144.097783,0.0
2019-02-20,15,0,273,38.13,38.13,0.0,-38130.0,0.0
2019-02-20,15,0,274,303.87,303.87,0.0,-303870.0,0.0
2019-02-20,15,0,275,436.16,436.16,0.0,-436160.0,0.0
2019-02-20,15,0,276,8.4,8.4,0.0,-7576.141971,0.0
2019-02-20,15,0,277,10.39,10.39,0.0,-2915.612273,0.0
2019-02-20,15,0,278,16.62,16.62,0.0,-4663.857168,0.0
2019-02-20,15,0,279,97.6,97.6,0.0,-27388.234634,0.0
2019-02-20,15,0,281,56.1,56.1,0.0,-56100.0,0.0
2019-02-20,15,0,282,399.36,399.36,0.0,-399360.0,0.0
2019-02-20,16,0,9,3.31,3.31,0.0,-1275.975537,0.0
2019-02-20,16,0,17,35.8,35.8,0.0,387.734695,0.0
2019-02-20,16,0,19,203.11,203.11,0.0,2199.798715,0.0
2019-02-20,16,0,20,256.35,256.35,0.0,2776.418692,0.0
2019-02-20,16,0,21,75.59,75.59,0.0,-29139.27216,0.0
2019-02-20,16,0,22,268.63,268.63,0.0,-103554.473876,0.0
2019-02-20,16,0,23,26.22,26.22,0.0,-10107.576611,0.0
2019-02-20,16,0,24,46.39,46.39,0.0,-17882.932074,0.0
2019-02-20,16,0,29,8.47,8.47,0.0,40.370785,0.0
2019-02-20,16,0,30,644.84,644.84,0.0,-644840.0,0.0
2019-02-20,16,0,31,108.03,108.03,0.0,-108030.0,0.0
2019-02-20,16,0,32,6.08,6.08,0.0,116.588767,0.0
2019-02-20,16,0,33,3.37,3.37,0.0,46.260902,0.0
2019-02-20,16,0,34,5.4,5.4,0.0,74.127261,0.0
2019-02-20,16,0,35,5.4,5.4,0.0,74.127261,0.0
2019-02-20,16,0,36,13.58,13.58,0.0,90.637476,0.0
2019-02-20,16,0,37,6.49,6.49,0.0,43.469729,0.0
2019-02-20,16,0,38,8.35,8.35,0.0,55.927926,0.0
2019-02-20,16,0,39,5.57,5.57,0.0,37.307611,0.0
2019-02-20,16,0,40,5.57,5.57,0.0,37.307611,0.0
2019-02-20,16,0,41,2.09,2.09,0.0,-10.033763,0.0
2019-02-20,16,0,42,55.21,55.21,0.0,563.289781,0.0
2019-02-20,16,0,43,40.21,40.21,0.0,287.870878,0.0
2019-02-20,16,0,46,33.59,33.59,0.0,211.47049,0.0
2019-02-20,16,0,52,114.51,114.51,0.0,-114510.0,0.0
2019-02-20,16,0,53,181.93,181.93,0.0,-181930.0,0.0
2019-02-20,16,0,55,623.0,623.0,0.0,-240160.954565,0.0
2019-02-20,16,0,56,190.21,190.21,0.0,-190210.0,0.0
2019-02-20,16,0,57,180.93,180.93,0.0,-180930.0,0.0
2019-02-20,16,0,58,347.94,347.94,0.0,-347940.0,0.0
2019-02-20,16,0,59,342.14,342.14,0.0,-342140.0,0.0
2019-02-20,16,0,63,26.96,26.96,0.0,733.018675,0.0
2019-02-20,16,0,64,31.72,31.72,0.0,862.438886,0.0
2019-02-20,16,0,65,11.11,11.11,0.0,119.03185,0.0
2019-02-20,16,0,67,362.67,362.67,0.0,-16724.457577,0.0
2019-02-20,16,0,68,13.44,13.44,0.0,-396.435377,0.0
2019-02-20,16,0,69,3.37,3.37,0.0,46.260902,0.0
2019-02-20,16,0,74,18.24,18.24,0.0,130.141213,0.0
2019-02-20,16,0,77,24.38,24.38,0.0,-369.213025,0.0
2019-02-20,16,0,78,18.43,18.43,0.0,-279.105662,0.0
2019-02-20,16,0,79,10.66,10.66,0.0,-161.436048,0.0
2019-02-20,16,0,80,17.25,17.25,0.0,-261.235631,0.0
2019-02-20,16,0,81,22.55,22.55,0.0,-341.499332,0.0
2019-02-20,16,0,82,15.91,15.91,0.0,-240.942544,0.0
2019-02-20,16,0,83,35.47,35.47,0.0,-537.161033,0.0
2019-02-20,16,0,84,0.0,0.0,0.0,0.0,0.0
2019-02-20,16,0,86,17.08,17.08,0.0,234.461781,0.0
2019-02-20,16,0,87,87.22,87.22,0.0,1197.292539,0.0
2019-02-20,16,0,88,18.24,18.24,0.0,-276.228284,0.0
2019-02-20,16,0,89,17.53,17.53,0.0,-265.475977,0.0
2019-02-20,16,0,90,23.54,23.54,0.0,-356.491985,0.0
2019-02-20,16,0,91,83.97,83.97,0.0,-1271.649618,0.0
2019-02-20,16,0,92,30.2,30.2,0.0,-457.351655,0.0
2019-02-20,16,0,95,38.61,38.61,0.0,636.10043,0.0
2019-02-20,16,0,96,12.43,12.43,0.0,602.063787,0.0
2019-02-20,16,0,97,76.45,76.45,0.0,3702.958692,0.0
2019-02-20,16,0,99,4.0,4.0,0.0,28.53974,0.0
2019-02-20,16,0,101,12.99,12.99,0.0,-12990.0,0.0
2019-02-20,16,0,102,31.81,31.81,0.0,-938.289384,0.0
2019-02-20,16,0,103,27.66,27.66,0.0,-815.878163,0.0
2019-02-20,16,0,104,5.14,5.14,0.0,-151.612934,0.0
2019-02-20,16,0,106,264.44,264.44,0.0,-101939.266172,0.0
2019-02-20,16,0,109,6.76,6.76,0.0,36.632107,0.0
2019-02-20,16,0,110,153.54,153.54,0.0,-14894.117417,0.0
2019-02-20,16,0,111,22.73,22.73,0.0,-109.12317,0.0
2019-02-20,16,0,113,13.31,13.31,0.0,-179.14269,0.0
2019-02-20,16,0,115,13.31,13.31,0.0,-179.14269,0.0
2019-02-20,16,0,116,131.83,131.83,0.0,-12788.143148,0.0
2019-02-20,16,0,117,0.89,0.89,0.0,-11.978737,0.0
2019-02-20,16,0,119,31.72,31.72,0.0,862.438886,0.0
2019-02-20,16,0,120,18.65,18.65,0.0,507.077088,0.0
2019-02-20,16,0,123,4.41,4.41,0.0,-1700.015746,0.0
2019-02-20,16,0,125,41.98,41.98,0.0,-16182.916328,0.0
2019-02-20,16,0,126,198.33,198.33,0.0,-76454.449629,0.0
2019-02-20,16,0,127,254.52,254.52,0.0,-98115.194472,0.0
2019-02-20,16,0,128,60.12,60.12,0.0,-23175.724861,0.0
2019-02-20,16,0,131,13.03,13.03,0.0,-326.512118,0.0
2019-02-20,16,0,132,19.16,19.16,0.0,-480.120659,0.0
2019-02-20,16,0,133,27.3,27.3,0.0,295.974789,0.0
2019-02-20,16,0,134,0.0,0.0,0.0,0.0,0.0
2019-02-20,16,0,135,34.71,34.71,0.0,376.310803,0.0
2019-02-20,16,0,136,16.15,16.15,0.0,172.926683,0.0
2019-02-20,16,0,139,2.72,2.72,0.0,-13.058294,0.0
2019-02-20,16,0,140,113.64,113.64,0.0,-11023.625786,0.0
2019-02-20,16,0,141,174.9,174.9,0.0,-8065.479996,0.0
2019-02-20,16,0,142,478.27,478.27,0.0,-22055.329433,0.0
2019-02-20,16,0,143,213.32,213.32,0.0,-213320.0,0.0
2019-02-20,16,0,145,6.87,6.87,0.0,21.546235,0.0
2019-02-20,16,0,146,250.87,250.87,0.0,-24335.59487,0.0
2019-02-20,16,0,152,10.28,10.28,0.0,79.179432,0.0
2019-02-20,16,0,153,12.75,12.75,0.0,96.449251,0.0
2019-02-20,16,0,154,93.76,93.76,0.0,-450.127077,0.0
2019-02-20,16,0,157,250.0,250.0,0.0,-11528.70211,0.0
2019-02-20,16,0,158,399.01,399.01,0.0,-18400.269716,0.0
2019-02-20,16,0,159,0.0,0.0,0.0,0.0,0.0
2019-02-20,16,0,160,3.12,3.12,0.0,26.476174,0.0
2019-02-20,16,0,161,66.1,66.1,0.0,-1949.730535,0.0
2019-02-20,16,0,162,37.98,37.98,0.0,629.240001,0.0
2019-02-20,16,0,163,68.76,68.76,0.0,-6670.050238,0.0
2019-02-20,16,0,164,24.53,24.53,0.0,-24530.0,0.0
2019-02-20,16,0,167,7.01,7.01,0.0,113.001317,0.0
2019-02-20,16,0,168,3.51,3.51,0.0,56.581258,0.0
2019-02-20,16,0,169,0.0,0.0,0.0,0.0,0.0
2019-02-20,16,0,170,7.67,7.67,0.0,123.640527,0.0
2019-02-20,16,0,172,9.13,9.13,0.0,141.813407,0.0
2019-02-20,16,0,173,13.91,13.91,0.0,216.059638,0.0
2019-02-20,16,0,188,12.29,12.29,0.0,207.680545,0.0
2019-02-20,16,0,190,10.6,10.6,0.0,288.204672,0.0
2019-02-20,16,0,191,27.38,27.38,0.0,744.438106,0.0
2019-02-20,16,0,192,303.1,303.1,0.0,8241.022272,0.0
2019-02-20,16,0,194,12.94,12.94,0.0,6.244263,0.0
2019-02-20,16,0,196,7.16,7.16,0.0,319.546277,0.0
2019-02-20,16,0,198,13.39,13.39,0.0,136.710791,0.0
2019-02-20,16,0,199,5.16,5.16,0.0,5.165042,0.0
2019-02-20,16,0,200,22.57,22.57,0.0,22.592053,0.0
2019-02-20,16,0,204,23.28,23.28,0.0,122.851306,0.0
2019-02-20,16,0,205,35.77,35.77,0.0,193.83587,0.0
2019-02-20,16,0,206,224.64,224.64,0.0,10880.740884,0.0
2019-02-20,16,0,210,2.74,2.74,0.0,14.723384,0.0
2019-02-20,16,0,214,16.09,16.09,0.0,248.279148,0.0
2019-02-20,16,0,217,10.51,10.51,0.0,117.907803,0.0
2019-02-20,16,0,218,14.51,14.51,0.0,162.782324,0.0
2019-02-20,16,0,219,9.88,9.88,0.0,110.840066,0.0
2019-02-20,16,0,221,8.58,8.58,0.0,132.394972,0.0
2019-02-20,16,0,225,7.62,7.62,0.0,35.872598,0.0
2019-02-20,16,0,233,9.67,9.67,0.0,132.742706,0.0
2019-02-20,16,0,236,46.34,46.34,0.0,430.048012,0.0
2019-02-20,16,0,237,41.72,41.72,0.0,297.669485,0.0
2019-02-20,16,0,238,71.86,71.86,0.0,733.164348,0.0
2019-02-20,16,0,240,15.39,15.39,0.0,102.718024,0.0
2019-02-20,16,0,245,48.78,48.78,0.0,549.23833,0.0
2019-02-20,16,0,247,110.0,110.0,0.0,1238.544819,0.0
2019-02-20,16,0,248,4.91,4.91,0.0,35.03253,0.0
2019-02-20,16,0,249,93.81,93.81,0.0,1056.253541,0.0
2019-02-20,16,0,251,65.61,65.61,0.0,690.376896,0.0
2019-02-20,16,0,252,71.65,71.65,0.0,767.653649,0.0
2019-02-20,16,0,254,22.23,22.23,0.0,166.549806,0.0
2019-02-20,16,0,255,10.19,10.19,0.0,76.344693,0.0
2019-02-20,16,0,258,18.81,18.81,0.0,127.017212,0.0
2019-02-20,16,0,260,7.59,7.59,0.0,64.408384,0.0
2019-02-20,16,0,265,97.08,97.08,0.0,-466.065877,0.0
2019-02-20,16,0,266,1.74,1.74,0.0,-8.353468,0.0
2019-02-20,16,0,267,2.15,2.15,0.0,-10.321813,0.0
2019-02-20,16,0,270,185.84,185.84,0.0,-18027.372546,0.0
2019-02-20,16,0,272,44.48,44.48,0.0,-598.667682,0.0
2019-02-20,16,0,273,31.53,31.53,0.0,-3058.561431,0.0
2019-02-20,16,0,274,231.92,231.92,0.0,-22497.353857,0.0
2019-02-20,16,0,275,310.92,310.92,0.0,-30160.733276,0.0
2019-02-20,16,0,276,7.04,7.04,0.0,-602.920674,0.0
2019-02-20,16,0,277,9.05,9.05,0.0,-127.919348,0.0
2019-02-20,16,0,278,14.48,14.48,0.0,-204.670957,0.0
2019-02-20,16,0,279,200.48,200.48,0.0,-2833.731598,0.0
2019-02-20,16,0,281,48.48,48.48,0.0,-48480.0,0.0
2019-02-20,16,0,282,353.74,353.74,0.0,-353740.0,0.0
2019-02-20,17,0,9,2.46,2.46,0.0,-182.181912,0.0
2019-02-20,17,0,17,26.78,26.78,0.0,248.718678,0.0
2019-02-20,17,0,19,143.46,143.46,0.0,1332.381687,0.0
2019-02-20,17,0,20,172.75,172.75,0.0,1604.411937,0.0
2019-02-20,17,0,21,56.16,56.16,0.0,-4159.079757,0.0
2019-02-20,17,0,22,199.59,199.59,0.0,-14781.173945,0.0
2019-02-20,17,0,23,28.05,28.05,0.0,-2077.318148,0.0
2019-02-20,17,0,24,49.9,49.9,0.0,-3695.478631,0.0
2019-02-20,17,0,29,6.1,6.1,0.0,39.754793,0.0
2019-02-20,17,0,30,475.44,475.44,0.0,-94832.447153,0.0
2019-02-20,17,0,31,61.24,61.24,0.0,-12215.083004,0.0
2019-02-20,17,0,32,4.24,4.24,0.0,60.023284,0.0
2019-02-20,17,0,33,2.49,2.49,0.0,25.929736,0.0
2019-02-20,17,0,34,3.99,3.99,0.0,41.550058,0.0
2019-02-20,17,0,35,3.99,3.99,0.0,41.550058,0.0
2019-02-20,17,0,36,9.91,9.91,0.0,74.415905,0.0
2019-02-20,17,0,37,4.78,4.78,0.0,35.785932,0.0
2019-02-20,17,0,38,6.15,6.15,0.0,46.04257,0.0
2019-02-20,17,0,39,4.1,4.1,0.0,30.695046,0.0
2019-02-20,17,0,40,4.1,4.1,0.0,30.695046,0.0
2019-02-20,17,0,41,0.89,0.89,0.0,3.884222,0.0
2019-02-20,17,0,42,40.7,40.7,0.0,368.065818,0.0
2019-02-20,17,0,43,29.41,29.41,0.0,224.247222,0.0
2019-02-20,17,0,46,24.58,24.58,0.0,177.987796,0.0
2019-02-20,17,0,52,64.91,64.91,0.0,-12947.11035,0.0
2019-02-20,17,0,53,103.12,103.12,0.0,-20568.572166,0.0
2019-02-20,17,0,55,473.72,473.72,0.0,-35082.607954,0.0
2019-02-20,17,0,56,140.24,140.24,0.0,-27972.619865,0.0
2019-02-20,17,0,57,133.4,133.4,0.0,-26608.296421,0.0
2019-02-20,17,0,58,256.53,256.53,0.0,-51168.113049,0.0
2019-02-20,17,0,59,252.26,252.26,0.0,-50316.408209,0.0
2019-02-20,17,0,63,18.52,18.52,0.0,281.42324,0.0
2019-02-20,17,0,64,21.78,21.78,0.0,330.961024,0.0
2019-02-20,17,0,65,10.44,10.44,0.0,96.487895,0.0
2019-02-20,17,0,67,268.38,268.38,0.0,2144.231669,0.0
2019-02-20,17,0,68,5.5,5.5,0.0,54.272474,0.0
2019-02-20,17,0,69,2.49,2.49,0.0,25.929736,0.0
2019-02-20,17,0,74,17.13,17.13,0.0,135.630464,0.0
2019-02-20,17,0,77,15.73,15.73,0.0,182.870545,0.0
2019-02-20,17,0,78,11.89,11.89,0.0,138.228276,0.0
2019-02-20,17,0,79,6.88,6.88,0.0,79.984066,0.0
2019-02-20,17,0,80,11.13,11.13,0.0,129.392827,0.0
2019-02-20,17,0,81,14.55,14.55,0.0,169.152348,0.0
2019-02-20,17,0,82,10.26,10.26,0.0,119.278563,0.0
2019-02-20,17,0,83,22.88,22.88,0.0,265.99352,0.0
2019-02-20,17,0,84,0.0,0.0,0.0,0.0,0.0
2019-02-20,17,0,86,12.62,12.62,0.0,131.418981,0.0
2019-02-20,17,0,87,64.44,64.44,0.0,671.049062,0.0
2019-02-20,17,0,88,9.71,9.71,0.0,112.884488,0.0
2019-02-20,17,0,89,9.34,9.34,0.0,108.583019,0.0
2019-02-20,17,0,90,12.54,12.54,0.0,145.78491,0.0
2019-02-20,17,0,91,44.73,44.73,0.0,520.012682,0.0
2019-02-20,17,0,92,16.09,16.09,0.0,187.055758,0.0
2019-02-20,17,0,95,14.55,14.55,0.0,206.421571,0.0
2019-02-20,17,0,96,8.74,8.74,0.0,126.357021,0.0
2019-02-20,17,0,97,53.76,53.76,0.0,777.225796,0.0
2019-02-20,17,0,99,3.48,3.48,0.0,27.553649,0.0
2019-02-20,17,0,101,9.58,9.58,0.0,-1910.850672,0.0
2019-02-20,17,0,102,13.0,13.0,0.0,128.280394,0.0
2019-02-20,17,0,103,11.31,11.31,0.0,111.603943,0.0
2019-02-20,17,0,104,2.11,2.11,0.0,20.820895,0.0
2019-02-20,17,0,106,196.48,196.48,0.0,-14550.854536,0.0
2019-02-20,17,0,109,2.28,2.28,0.0,15.692049,0.0
2019-02-20,17,0,110,89.93,89.93,0.0,201.257167,0.0
2019-02-20,17,0,111,17.49,17.49,0.0,76.331513,0.0
2019-02-20,17,0,113,6.89,6.89,0.0,78.340901,0.0
2019-02-20,17,0,115,6.89,6.89,0.0,78.340901,0.0
2019-02-20,17,0,116,97.4,97.4,0.0,217.974514,0.0
2019-02-20,17,0,117,0.46,0.46,0.0,5.230307,0.0
2019-02-20,17,0,119,21.78,21.78,0.0,330.961024,0.0
2019-02-20,17,0,120,12.82,12.82,0.0,194.808096,0.0
2019-02-20,17,0,123,3.27,3.27,0.0,-242.16864,0.0
2019-02-20,17,0,125,45.1,45.1,0.0,-3340.001728,0.0
2019-02-20,17,0,126,147.36,147.36,0.0,-10913.140902,0.0
2019-02-20,17,0,127,189.11,189.11,0.0,-14005.049375,0.0
2019-02-20,17,0,128,64.92,64.92,0.0,-4807.825104,0.0
2019-02-20,17,0,131,9.72,9.72,0.0,100.789872,0.0
2019-02-20,17,0,132,14.29,14.29,0.0,148.177703,0.0
2019-02-20,17,0,133,48.47,48.47,0.0,450.371155,0.0
2019-02-20,17,0,134,0.0,0.0,0.0,0.0,0.0
2019-02-20,17,0,135,63.45,63.45,0.0,589.561579,0.0
2019-02-20,17,0,136,15.31,15.31,0.0,141.458985,0.0
2019-02-20,17,0,139,1.15,1.15,0.0,5.018939,0.0
2019-02-20,17,0,140,66.56,66.56,0.0,148.956711,0.0
2019-02-20,17,0,141,134.89,134.89,0.0,1077.70851,0.0
2019-02-20,17,0,142,353.93,353.93,0.0,2827.736473,0.0
2019-02-20,17,0,143,124.3,124.3,0.0,-24793.187744,0.0
2019-02-20,17,0,145,2.58,2.58,0.0,14.628098,0.0
2019-02-20,17,0,146,188.93,188.93,0.0,422.812371,0.0
2019-02-20,17,0,152,7.61,7.61,0.0,61.110552,0.0
2019-02-20,17,0,153,9.4,9.4,0.0,74.956621,0.0
2019-02-20,17,0,154,72.16,72.16,0.0,314.9275,0.0
2019-02-20,17,0,157,250.0,250.0,0.0,1997.383998,0.0
2019-02-20,17,0,158,302.07,302.07,0.0,2413.399137,0.0
2019-02-20,17,0,159,0.0,0.0,0.0,0.0,0.0
2019-02-20,17,0,160,2.3,2.3,0.0,18.583807,0.0
2019-02-20,17,0,161,48.42,48.42,0.0,477.795128,0.0
2019-02-20,17,0,162,9.84,9.84,0.0,139.718322,0.0
2019-02-20,17,0,163,43.0,43.0,0.0,96.231048,0.0
2019-02-20,17,0,164,18.26,18.26,0.0,-3642.185102,0.0
2019-02-20,17,0,167,4.94,4.94,0.0,69.943286,0.0
2019-02-20,17,0,168,2.47,2.47,0.0,34.971643,0.0
2019-02-20,17,0,169,0.0,0.0,0.0,0.0,0.0
2019-02-20,17,0,170,5.41,5.41,0.0,76.597809,0.0
2019-02-20,17,0,172,6.44,6.44,0.0,88.043256,0.0
2019-02-20,17,0,173,9.81,9.81,0.0,134.115581,0.0
2019-02-20,17,0,188,8.51,8.51,0.0,118.724384,0.0
2019-02-20,17,0,190,7.65,7.65,0.0,116.246641,0.0
2019-02-20,17,0,191,19.76,19.76,0.0,300.265832,0.0
2019-02-20,17,0,192,89.86,89.86,0.0,1365.480146,0.0
2019-02-20,17,0,194,5.38,5.38,0.0,67.411527,0.0
2019-02-20,17,0,196,5.29,5.29,0.0,90.66615,0.0
2019-02-20,17,0,198,9.7,9.7,0.0,83.354445,0.0
2019-02-20,17,0,199,3.69,3.69,0.0,39.516044,0.0
2019-02-20,17,0,200,16.28,16.28,0.0,174.341787,0.0
2019-02-20,17,0,204,7.59,7.59,0.0,51.525512,0.0
2019-02-20,17,0,205,12.06,12.06,0.0,83.002678,0.0
2019-02-20,17,0,206,157.97,157.97,0.0,2283.823642,0.0
2019-02-20,17,0,210,1.99,1.99,0.0,13.661043,0.0
2019-02-20,17,0,214,11.55,11.55,0.0,127.952539,0.0
2019-02-20,17,0,217,7.48,7.48,0.0,69.168376,0.0
2019-02-20,17,0,218,10.33,10.33,0.0,95.522637,0.0
2019-02-20,17,0,219,7.04,7.04,0.0,65.099648,0.0
2019-02-20,17,0,221,6.16,6.16,0.0,68.241354,0.0
2019-02-20,17,0,225,5.53,5.53,0.0,35.85433,0.0
2019-02-20,17,0,233,7.14,7.14,0.0,74.352736,0.0
2019-02-20,17,0,236,39.28,39.28,0.0,340.734391,0.0
2019-02-20,17,0,237,42.33,42.33,0.0,335.156891,0.0
2019-02-20,17,0,238,52.97,52.97,0.0,479.028167,0.0
2019-02-20,17,0,240,11.23,11.23,0.0,84.328014,0.0
2019-02-20,17,0,245,40.96,40.96,0.0,387.244791,0.0
2019-02-20,17,0,247,88.53,88.53,0.0,836.981967,0.0
2019-02-20,17,0,248,4.31,4.31,0.0,34.125353,0.0
2019-02-20,17,0,249,78.76,78.76,0.0,744.614252,0.0
2019-02-20,17,0,251,60.51,60.51,0.0,554.736904,0.0
2019-02-20,17,0,252,67.33,67.33,0.0,622.272987,0.0
2019-02-20,17,0,254,16.09,16.09,0.0,124.521346,0.0
2019-02-20,17,0,255,7.37,7.37,0.0,57.036813,0.0
2019-02-20,17,0,258,13.78,13.78,0.0,103.733882,0.0
2019-02-20,17,0,260,5.59,5.59,0.0,45.166731,0.0
2019-02-20,17,0,265,74.71,74.71,0.0,326.056452,0.0
2019-02-20,17,0,266,0.74,0.74,0.0,3.229578,0.0
2019-02-20,17,0,267,0.91,0.91,0.0,3.971508,0.0
2019-02-20,17,0,270,134.29,134.29,0.0,300.531802,0.0
2019-02-20,17,0,272,23.02,23.02,0.0,261.742747,0.0
2019-02-20,17,0,273,23.29,23.29,0.0,52.121421,0.0
2019-02-20,17,0,274,173.12,173.12,0.0,387.430676,0.0
2019-02-20,17,0,275,240.98,240.98,0.0,539.296698,0.0
2019-02-20,17,0,276,5.15,5.15,0.0,18.139038,0.0
2019-02-20,17,0,277,6.75,6.75,0.0,77.440115,0.0
2019-02-20,17,0,278,10.81,10.81,0.0,124.018911,0.0
2019-02-20,17,0,279,46.86,46.86,0.0,537.60649,0.0
2019-02-20,17,0,281,27.48,27.48,0.0,-5481.229278,0.0
2019-02-20,17,0,282,260.81,260.81,0.0,-52021.812515,0.0
2019-02-20,18,0,9,1.58,1.58,0.0,13.166234,0.0
2019-02-20,18,0,17,16.19,16.19,0.0,149.204084,0.0
2019-02-20,18,0,19,141.34,141.34,0.0,1302.563634,0.0
2019-02-20,18,0,20,172.11,172.11,0.0,1586.134336,0.0
2019-02-20,18,0,21,36.11,36.11,0.0,300.906772,0.0
2019-02-20,18,0,22,128.35,128.35,0.0,1069.548165,0.0
2019-02-20,18,0,23,45.51,45.51,0.0,379.23753,0.0
2019-02-20,18,0,24,80.75,80.75,0.0,672.894541,0.0
2019-02-20,18,0,29,3.44,3.44,0.0,32.795703,0.0
2019-02-20,18,0,30,307.49,307.49,0.0,2560.61109,0.0
2019-02-20,18,0,31,26.22,26.22,0.0,218.346037,0.0
2019-02-20,18,0,32,2.47,2.47,0.0,33.339804,0.0
2019-02-20,18,0,33,1.5,1.5,0.0,14.056796,0.0
2019-02-20,18,0,34,2.4,2.4,0.0,22.490873,0.0
2019-02-20,18,0,35,2.4,2.4,0.0,22.490873,0.0
2019-02-20,18,0,36,6.06,6.06,0.0,54.419634,0.0
2019-02-20,18,0,37,2.92,2.92,0.0,26.215022,0.0
2019-02-20,18,0,38,3.76,3.76,0.0,33.75633,0.0
2019-02-20,18,0,39,2.5,2.5,0.0,22.444369,0.0
2019-02-20,18,0,40,2.5,2.5,0.0,22.444369,0.0
2019-02-20,18,0,41,1.92,1.92,0.0,16.55931,0.0
2019-02-20,18,0,42,25.62,25.62,0.0,235.246339,0.0
2019-02-20,18,0,43,17.83,17.83,0.0,160.880412,0.0
2019-02-20,18,0,46,14.97,14.97,0.0,133.50906,0.0
2019-02-20,18,0,52,27.79,27.79,0.0,231.420151,0.0
2019-02-20,18,0,53,44.17,44.17,0.0,367.823968,0.0
2019-02-20,18,0,55,244.74,244.74,0.0,2039.43294,0.0
2019-02-20,18,0,56,90.7,90.7,0.0,755.300744,0.0
2019-02-20,18,0,57,86.27,86.27,0.0,718.41009,0.0
2019-02-20,18,0,58,165.91,165.91,0.0,1381.609112,0.0
2019-02-20,18,0,59,163.15,163.15,0.0,1358.625319,0.0
2019-02-20,18,0,63,12.02,12.02,0.0,162.58755,0.0
2019-02-20,18,0,64,14.15,14.15,0.0,191.398822,0.0
2019-02-20,18,0,65,10.01,10.01,0.0,92.187704,0.0
2019-02-20,18,0,67,172.84,172.84,0.0,1606.644865,0.0
2019-02-20,18,0,68,2.37,2.37,0.0,20.043017,0.0
2019-02-20,18,0,69,1.5,1.5,0.0,14.056796,0.0
2019-02-20,18,0,74,13.82,13.82,0.0,124.821188,0.0
2019-02-20,18,0,77,11.04,11.04,0.0,86.055889,0.0
2019-02-20,18,0,78,8.34,8.34,0.0,65.009612,0.0
2019-02-20,18,0,79,4.83,4.83,0.0,37.649451,0.0
2019-02-20,18,0,80,7.81,7.81,0.0,60.878305,0.0
2019-02-20,18,0,81,10.21,10.21,0.0,79.586107,0.0
2019-02-20,18,0,82,7.2,7.2,0.0,56.123406,0.0
2019-02-20,18,0,83,16.06,16.06,0.0,125.186374,0.0
2019-02-20,18,0,84,0.0,0.0,0.0,0.0,0.0
2019-02-20,18,0,86,7.59,7.59,0.0,71.127385,0.0
2019-02-20,18,0,87,38.75,38.75,0.0,363.133885,0.0
2019-02-20,18,0,88,5.28,5.28,0.0,41.157164,0.0
2019-02-20,18,0,89,5.08,5.08,0.0,39.598181,0.0
2019-02-20,18,0,90,6.82,6.82,0.0,53.161337,0.0
2019-02-20,18,0,91,24.33,24.33,0.0,189.650342,0.0
2019-02-20,18,0,92,8.75,8.75,0.0,68.205528,0.0
2019-02-20,18,0,95,7.62,7.62,0.0,102.613021,0.0
2019-02-20,18,0,96,7.08,7.08,0.0,58.917005,0.0
2019-02-20,18,0,97,43.57,43.57,0.0,362.572587,0.0
2019-02-20,18,0,99,2.67,2.67,0.0,24.115237,0.0
2019-02-20,18,0,101,6.19,6.19,0.0,51.546986,0.0
2019-02-20,18,0,102,5.61,5.61,0.0,47.443598,0.0
2019-02-20,18,0,103,4.88,4.88,0.0,41.270011,0.0
2019-02-20,18,0,104,0.91,0.91,0.0,7.695842,0.0
2019-02-20,18,0,106,126.35,126.35,0.0,1052.882046,0.0
2019-02-20,18,0,109,1.42,1.42,0.0,12.520382,0.0
2019-02-20,18,0,110,50.35,50.35,0.0,597.332136,0.0
2019-02-20,18,0,111,11.11,11.11,0.0,95.819755,0.0
2019-02-20,18,0,113,3.8,3.8,0.0,28.521159,0.0
2019-02-20,18,0,115,3.8,3.8,0.0,28.521159,0.0
2019-02-20,18,0,116,60.49,60.49,0.0,717.629015,0.0
2019-02-20,18,0,117,0.25,0.25,0.0,1.876392,0.0
2019-02-20,18,0,119,14.15,14.15,0.0,191.398822,0.0
2019-02-20,18,0,120,8.32,8.32,0.0,112.539802,0.0
2019-02-20,18,0,123,2.11,2.11,0.0,17.582755,0.0
2019-02-20,18,0,125,73.03,73.03,0.0,608.563323,0.0
2019-02-20,18,0,126,94.76,94.76,0.0,789.640702,0.0
2019-02-20,18,0,127,121.61,121.61,0.0,1013.383345,0.0
2019-02-20,18,0,128,104.87,104.87,0.0,873.887932,0.0
2019-02-20,18,0,131,8.0,8.0,0.0,65.864058,0.0
2019-02-20,18,0,132,11.76,11.76,0.0,96.820165,0.0
2019-02-20,18,0,133,49.96,49.96,0.0,460.451688,0.0
2019-02-20,18,0,134,0.0,0.0,0.0,0.0,0.0
2019-02-20,18,0,135,66.95,66.95,0.0,617.038441,0.0
2019-02-20,18,0,136,14.97,14.97,0.0,137.861983,0.0
2019-02-20,18,0,139,2.49,2.49,0.0,21.475355,0.0
2019-02-20,18,0,140,37.26,37.26,0.0,442.037644,0.0
2019-02-20,18,0,141,118.17,118.17,0.0,1098.456513,0.0
2019-02-20,18,0,142,227.94,227.94,0.0,2118.830308,0.0
2019-02-20,18,0,143,53.62,53.62,0.0,446.518477,0.0
2019-02-20,18,0,145,1.06,1.06,0.0,9.019788,0.0
2019-02-20,18,0,146,147.37,147.37,0.0,1748.338368,0.0
2019-02-20,18,0,152,4.7,4.7,0.0,42.484274,0.0
2019-02-20,18,0,153,5.79,5.79,0.0,52.290933,0.0
2019-02-20,18,0,154,45.83,45.83,0.0,395.267269,0.0
2019-02-20,18,0,157,201.83,201.83,0.0,1876.123195,0.0
2019-02-20,18,0,158,196.74,196.74,0.0,1828.808787,0.0
2019-02-20,18,0,159,0.0,0.0,0.0,0.0,0.0
2019-02-20,18,0,160,1.38,1.38,0.0,12.644033,0.0
2019-02-20,18,0,161,30.71,30.71,0.0,259.71353,0.0
2019-02-20,18,0,162,4.14,4.14,0.0,55.762517,0.0
2019-02-20,18,0,163,21.95,21.95,0.0,260.405966,0.0
2019-02-20,18,0,164,11.63,11.63,0.0,96.848375,0.0
2019-02-20,18,0,167,2.84,2.84,0.0,38.248964,0.0
2019-02-20,18,0,168,1.42,1.42,0.0,19.124482,0.0
2019-02-20,18,0,169,0.0,0.0,0.0,0.0,0.0
2019-02-20,18,0,170,3.11,3.11,0.0,41.88531,0.0
2019-02-20,18,0,172,3.72,3.72,0.0,48.63836,0.0
2019-02-20,18,0,173,5.67,5.67,0.0,74.134274,0.0
2019-02-20,18,0,188,4.96,4.96,0.0,66.003524,0.0
2019-02-20,18,0,190,4.64,4.64,0.0,62.762582,0.0
2019-02-20,18,0,191,11.99,11.99,0.0,162.181758,0.0
2019-02-20,18,0,192,17.88,17.88,0.0,241.852363,0.0
2019-02-20,18,0,194,5.43,5.43,0.0,35.899845,0.0
2019-02-20,18,0,196,3.24,3.24,0.0,41.793172,0.0
2019-02-20,18,0,198,5.74,5.74,0.0,53.951262,0.0
2019-02-20,18,0,199,6.23,6.23,0.0,56.502303,0.0
2019-02-20,18,0,200,9.58,9.58,0.0,86.884761,0.0
2019-02-20,18,0,204,5.84,5.84,0.0,51.363363,0.0
2019-02-20,18,0,205,7.53,7.53,0.0,66.393296,0.0
2019-02-20,18,0,206,128.03,128.03,0.0,1065.415844,0.0
2019-02-20,18,0,210,1.12,1.12,0.0,10.713056,0.0
2019-02-20,18,0,214,6.72,6.72,0.0,63.591931,0.0
2019-02-20,18,0,217,4.29,4.29,0.0,40.794478,0.0
2019-02-20,18,0,218,5.92,5.92,0.0,56.294478,0.0
2019-02-20,18,0,219,4.03,4.03,0.0,38.322085,0.0
2019-02-20,18,0,221,3.58,3.58,0.0,33.877844,0.0
2019-02-20,18,0,225,3.13,3.13,0.0,29.830726,0.0
2019-02-20,18,0,233,4.29,4.29,0.0,40.202435,0.0
2019-02-20,18,0,236,34.74,34.74,0.0,317.191781,0.0
2019-02-20,18,0,237,33.15,33.15,0.0,299.408278,0.0
2019-02-20,18,0,238,33.35,33.35,0.0,306.224254,0.0
2019-02-20,18,0,240,6.87,6.87,0.0,61.693545,0.0
2019-02-20,18,0,245,35.17,35.17,0.0,324.92947,0.0
2019-02-20,18,0,247,72.51,72.51,0.0,669.90719,0.0
2019-02-20,18,0,248,3.33,3.33,0.0,30.076307,0.0
2019-02-20,18,0,249,67.63,67.63,0.0,624.821725,0.0
2019-02-20,18,0,251,57.09,57.09,0.0,525.187378,0.0
2019-02-20,18,0,252,64.54,64.54,0.0,594.385054,0.0
2019-02-20,18,0,254,9.68,9.68,0.0,87.681242,0.0
2019-02-20,18,0,255,4.44,4.44,0.0,40.217429,0.0
2019-02-20,18,0,258,8.42,8.42,0.0,75.671072,0.0
2019-02-20,18,0,260,3.36,3.36,0.0,30.785472,0.0
2019-02-20,18,0,265,47.45,47.45,0.0,409.239187,0.0
2019-02-20,18,0,266,1.61,1.61,0.0,13.885671,0.0
2019-02-20,18,0,267,1.98,1.98,0.0,17.076788,0.0
2019-02-20,18,0,270,68.56,68.56,0.0,813.368247,0.0
2019-02-20,18,0,272,12.69,12.69,0.0,95.245661,0.0
2019-02-20,18,0,273,14.46,14.46,0.0,171.54762,0.0
2019-02-20,18,0,274,88.38,88.38,0.0,1048.50475,0.0
2019-02-20,18,0,275,123.03,123.03,0.0,1459.578404,0.0
2019-02-20,18,0,276,3.21,3.21,0.0,36.241572,0.0
2019-02-20,18,0,277,4.21,4.21,0.0,32.086822,0.0
2019-02-20,18,0,278,6.74,6.74,0.0,51.369402,0.0
2019-02-20,18,0,279,25.28,25.28,0.0,192.673365,0.0
2019-02-20,18,0,281,11.76,11.76,0.0,97.930945,0.0
2019-02-20,18,0,282,168.68,168.68,0.0,1404.67618,0.0
2019-02-20,19,0,9,0.46,0.46,0.0,5.484648,0.0
2019-02-20,19,0,17,2.16,2.16,0.0,23.154093,0.0
2019-02-20,19,0,19,227.85,227.85,0.0,2442.435216,0.0
2019-02-20,19,0,20,276.95,276.95,0.0,2968.76205,0.0
2019-02-20,19,0,21,10.61,10.61,0.0,126.504597,0.0
2019-02-20,19,0,22,37.71,37.71,0.0,449.621898,0.0
2019-02-20,19,0,23,48.59,48.59,0.0,579.345745,0.0
2019-02-20,19,0,24,85.97,85.97,0.0,1025.033004,0.0
2019-02-20,19,0,29,0.13,0.13,0.0,1.074532,0.0
2019-02-20,19,0,30,98.12,98.12,0.0,1170.813493,0.0
2019-02-20,19,0,31,7.48,7.48,0.0,89.25484,0.0
2019-02-20,19,0,32,0.21,0.21,0.0,2.846264,0.0
2019-02-20,19,0,33,0.17,0.17,0.0,1.80124,0.0
2019-02-20,19,0,34,0.28,0.28,0.0,2.966747,0.0
2019-02-20,19,0,35,0.28,0.28,0.0,2.966747,0.0
2019-02-20,19,0,36,1.29,1.29,0.0,13.935075,0.0
2019-02-20,19,0,37,0.61,0.61,0.0,6.580266,0.0
2019-02-20,19,0,38,0.79,0.79,0.0,8.521984,0.0
2019-02-20,19,0,39,0.53,0.53,0.0,5.71728,0.0
2019-02-20,19,0,40,0.53,0.53,0.0,5.71728,0.0
2019-02-20,19,0,41,4.63,4.63,0.0,53.052646,0.0
2019-02-20,19,0,42,6.03,6.03,0.0,64.800538,0.0
2019-02-20,19,0,43,3.61,3.61,0.0,38.45476,0.0
2019-02-20,19,0,46,3.01,3.01,0.0,32.72115,0.0
2019-02-20,19,0,52,7.93,7.93,0.0,94.62445,0.0
2019-02-20,19,0,53,12.6,12.6,0.0,150.349063,0.0
2019-02-20,19,0,55,78.82,78.82,0.0,939.782498,0.0
2019-02-20,19,0,56,28.94,28.94,0.0,345.325545,0.0
2019-02-20,19,0,57,27.53,27.53,0.0,328.500769,0.0
2019-02-20,19,0,58,52.94,52.94,0.0,631.704712,0.0
2019-02-20,19,0,59,52.06,52.06,0.0,621.204142,0.0
2019-02-20,19,0,63,11.02,11.02,0.0,147.961031,0.0
2019-02-20,19,0,64,12.96,12.96,0.0,174.008617,0.0
2019-02-20,19,0,65,9.89,9.89,0.0,106.065097,0.0
2019-02-20,19,0,67,50.94,50.94,0.0,663.521057,0.0
2019-02-20,19,0,68,2.8,2.8,0.0,36.254929,0.0
2019-02-20,19,0,69,0.17,0.17,0.0,1.80124,0.0
2019-02-20,19,0,74,18.17,18.17,0.0,197.720495,0.0
2019-02-20,19,0,77,9.27,9.27,0.0,118.872588,0.0
2019-02-20,19,0,78,7.01,7.01,0.0,89.891785,0.0
2019-02-20,19,0,79,4.05,4.05,0.0,51.934626,0.0
2019-02-20,19,0,80,6.56,6.56,0.0,84.121271,0.0
2019-02-20,19,0,81,8.57,8.57,0.0,109.896233,0.0
2019-02-20,19,0,82,6.05,6.05,0.0,77.581355,0.0
2019-02-20,19,0,83,13.48,13.48,0.0,172.858953,0.0
2019-02-20,19,0,84,0.0,0.0,0.0,0.0,0.0
2019-02-20,19,0,86,0.88,0.88,0.0,9.324063,0.0
2019-02-20,19,0,87,4.49,4.49,0.0,47.573915,0.0
2019-02-20,19,0,88,3.6,3.6,0.0,46.164112,0.0
2019-02-20,19,0,89,3.46,3.46,0.0,44.368841,0.0
2019-02-20,19,0,90,4.65,4.65,0.0,59.628645,0.0
2019-02-20,19,0,91,16.58,16.58,0.0,212.611383,0.0
2019-02-20,19,0,92,5.96,5.96,0.0,76.427252,0.0
2019-02-20,19,0,95,11.74,11.74,0.0,159.214423,0.0
2019-02-20,19,0,96,7.12,7.12,0.0,85.028486,0.0
2019-02-20,19,0,97,43.77,43.77,0.0,522.71023,0.0
2019-02-20,19,0,99,3.51,3.51,0.0,38.194768,0.0
2019-02-20,19,0,101,1.98,1.98,0.0,23.626281,0.0
2019-02-20,19,0,102,8.01,8.01,0.0,103.714994,0.0
2019-02-20,19,0,103,6.72,6.72,0.0,87.01183,0.0
2019-02-20,19,0,104,0.96,0.96,0.0,12.430261,0.0
2019-02-20,19,0,106,37.12,37.12,0.0,442.587241,0.0
2019-02-20,19,0,109,3.18,3.18,0.0,35.301627,0.0
2019-02-20,19,0,110,29.39,29.39,0.0,389.782446,0.0
2019-02-20,19,0,111,2.49,2.49,0.0,28.531553,0.0
2019-02-20,19,0,113,2.95,2.95,0.0,38.367892,0.0
2019-02-20,19,0,115,2.95,2.95,0.0,38.367892,0.0
2019-02-20,19,0,116,11.11,11.11,0.0,147.345457,0.0
2019-02-20,19,0,117,0.2,0.2,0.0,2.601213,0.0
2019-02-20,19,0,119,12.96,12.96,0.0,174.008617,0.0
2019-02-20,19,0,120,7.62,7.62,0.0,102.310622,0.0
2019-02-20,19,0,123,0.62,0.62,0.0,7.392352,0.0
2019-02-20,19,0,125,77.8,77.8,0.0,927.620888,0.0
2019-02-20,19,0,126,27.84,27.84,0.0,331.940431,0.0
2019-02-20,19,0,127,35.73,35.73,0.0,426.014066,0.0
2019-02-20,19,0,128,111.43,111.43,0.0,1328.596343,0.0
2019-02-20,19,0,131,7.66,7.66,0.0,99.024885,0.0
2019-02-20,19,0,132,11.26,11.26,0.0,145.563995,0.0
2019-02-20,19,0,133,41.58,41.58,0.0,445.696734,0.0
2019-02-20,19,0,134,0.0,0.0,0.0,0.0,0.0
2019-02-20,19,0,135,56.34,56.34,0.0,603.909428,0.0
2019-02-20,19,0,136,15.07,15.07,0.0,161.622027,0.0
2019-02-20,19,0,139,5.98,5.98,0.0,68.521561,0.0
2019-02-20,19,0,140,21.75,21.75,0.0,288.457577,0.0
2019-02-20,19,0,141,120.25,120.25,0.0,1566.321301,0.0
2019-02-20,19,0,142,67.18,67.18,0.0,875.055842,0.0
2019-02-20,19,0,143,14.44,14.44,0.0,172.304799,0.0
2019-02-20,19,0,145,1.13,1.13,0.0,13.135432,0.0
2019-02-20,19,0,146,123.07,123.07,0.0,1632.205702,0.0
2019-02-20,19,0,152,0.99,0.99,0.0,10.742357,0.0
2019-02-20,19,0,153,1.24,1.24,0.0,13.462174,0.0
2019-02-20,19,0,154,10.26,10.26,0.0,117.563748,0.0
2019-02-20,19,0,157,156.06,156.06,0.0,2032.765923,0.0
2019-02-20,19,0,158,43.12,43.12,0.0,561.661326,0.0
2019-02-20,19,0,159,0.0,0.0,0.0,0.0,0.0
2019-02-20,19,0,160,0.26,0.26,0.0,2.672696,0.0
2019-02-20,19,0,161,8.59,8.59,0.0,111.224943,0.0
2019-02-20,19,0,162,12.09,12.09,0.0,163.931884,0.0
2019-02-20,19,0,163,15.91,15.91,0.0,211.00506,0.0
2019-02-20,19,0,164,4.13,4.13,0.0,49.281082,0.0
2019-02-20,19,0,167,0.23,0.23,0.0,3.119788,0.0
2019-02-20,19,0,168,0.11,0.11,0.0,1.492073,0.0
2019-02-20,19,0,169,0.0,0.0,0.0,0.0,0.0
2019-02-20,19,0,170,0.25,0.25,0.0,3.391074,0.0
2019-02-20,19,0,172,0.33,0.33,0.0,4.564186,0.0
2019-02-20,19,0,173,0.5,0.5,0.0,6.915434,0.0
2019-02-20,19,0,188,0.47,0.47,0.0,6.3941,0.0
2019-02-20,19,0,190,0.65,0.65,0.0,8.727284,0.0
2019-02-20,19,0,191,1.69,1.69,0.0,22.690939,0.0
2019-02-20,19,0,192,12.91,12.91,0.0,173.337288,0.0
2019-02-20,19,0,194,12.59,12.59,0.0,165.167569,0.0
2019-02-20,19,0,196,0.55,0.55,0.0,7.332765,0.0
2019-02-20,19,0,198,0.92,0.92,0.0,8.750771,0.0
2019-02-20,19,0,199,14.39,14.39,0.0,167.27304,0.0
2019-02-20,19,0,200,1.42,1.42,0.0,16.506443,0.0
2019-02-20,19,0,204,15.77,15.77,0.0,175.497339,0.0
2019-02-20,19,0,205,16.85,16.85,0.0,187.05422,0.0
2019-02-20,19,0,206,128.61,128.61,0.0,1535.886743,0.0
2019-02-20,19,0,210,0.05,0.05,0.0,0.418004,0.0
2019-02-20,19,0,214,0.49,0.49,0.0,5.156162,0.0
2019-02-20,19,0,217,0.27,0.27,0.0,2.574566,0.0
2019-02-20,19,0,218,0.38,0.38,0.0,3.623463,0.0
2019-02-20,19,0,219,0.26,0.26,0.0,2.479212,0.0
2019-02-20,19,0,221,0.26,0.26,0.0,2.735923,0.0
2019-02-20,19,0,225,0.15,0.15,0.0,1.238477,0.0
2019-02-20,19,0,233,0.5,0.5,0.0,5.297763,0.0
2019-02-20,19,0,236,32.26,32.26,0.0,347.930712,0.0
2019-02-20,19,0,237,43.58,43.58,0.0,474.2245,0.0
2019-02-20,19,0,238,7.85,7.85,0.0,84.358909,0.0
2019-02-20,19,0,240,1.46,1.46,0.0,15.771481,0.0
2019-02-20,19,0,245,30.97,30.97,0.0,331.414067,0.0
2019-02-20,19,0,247,62.06,62.06,0.0,664.112269,0.0
2019-02-20,19,0,248,4.37,4.37,0.0,47.55303,0.0
2019-02-20,19,0,249,59.56,59.56,0.0,637.359438,0.0
2019-02-20,19,0,251,54.91,54.91,0.0,589.331137,0.0
2019-02-20,19,0,252,63.79,63.79,0.0,684.114512,0.0
2019-02-20,19,0,254,1.74,1.74,0.0,18.372256,0.0
2019-02-20,19,0,255,0.8,0.8,0.0,8.447014,0.0
2019-02-20,19,0,258,1.77,1.77,0.0,19.077312,0.0
2019-02-20,19,0,260,0.62,0.62,0.0,6.373353,0.0
2019-02-20,19,0,265,10.63,10.63,0.0,121.803376,0.0
2019-02-20,19,0,266,3.87,3.87,0.0,44.344221,0.0
2019-02-20,19,0,267,4.76,4.76,0.0,54.542246,0.0
2019-02-20,19,0,270,49.7,49.7,0.0,659.142142,0.0
2019-02-20,19,0,272,9.84,9.84,0.0,127.979681,0.0
2019-02-20,19,0,273,2.66,2.66,0.0,35.27803,0.0
2019-02-20,19,0,274,64.07,64.07,0.0,849.723079,0.0
2019-02-20,19,0,275,89.19,89.19,0.0,1182.875002,0.0
2019-02-20,19,0,276,0.64,0.64,0.0,8.454098,0.0
2019-02-20,19,0,277,0.77,0.77,0.0,9.958269,0.0
2019-02-20,19,0,278,1.23,1.23,0.0,15.907365,0.0
2019-02-20,19,0,279,17.19,17.19,0.0,222.315132,0.0
2019-02-20,19,0,281,3.36,3.36,0.0,40.093083,0.0
2019-02-20,19,0,282,53.83,53.83,0.0,642.324606,0.0
2019-02-20,20,0,9,0.0,0.0,0.0,0.0,0.0
2019-02-20,20,0,17,0.0,0.0,0.0,0.0,0.0
2019-02-20,20,0,19,224.05,224.05,0.0,2537.977764,0.0
2019-02-20,20,0,20,271.73,271.73,0.0,3078.0839,0.0
2019-02-20,20,0,21,0.0,0.0,0.0,0.0,0.0
2019-02-20,20,0,22,0.0,0.0,0.0,0.0,0.0
2019-02-20,20,0,23,40.58,40.58,0.0,494.80705,0.0
2019-02-20,20,0,24,71.79,71.79,0.0,875.3622,0.0
2019-02-20,20,0,29,0.0,0.0,0.0,0.0,0.0
2019-02-20,20,0,30,0.0,0.0,0.0,0.0,0.0
2019-02-20,20,0,31,4.65,4.65,0.0,56.734799,0.0
2019-02-20,20,0,32,0.0,0.0,0.0,0.0,0.0
2019-02-20,20,0,33,0.0,0.0,0.0,0.0,0.0
2019-02-20,20,0,34,0.0,0.0,0.0,0.0,0.0
2019-02-20,20,0,35,0.0,0.0,0.0,0.0,0.0
2019-02-20,20,0,36,0.0,0.0,0.0,0.0,0.0
2019-02-20,20,0,37,0.0,0.0,0.0,0.0,0.0
2019-02-20,20,0,38,0.0,0.0,0.0,0.0,0.0
2019-02-20,20,0,39,0.0,0.0,0.0,0.0,0.0
2019-02-20,20,0,40,0.0,0.0,0.0,0.0,0.0
2019-02-20,20,0,41,12.33,12.33,0.0,145.752692,0.0
2019-02-20,20,0,42,0.0,0.0,0.0,0.0,0.0
2019-02-20,20,0,43,0.0,0.0,0.0,0.0,0.0
2019-02-20,20,0,46,0.0,0.0,0.0,0.0,0.0
2019-02-20,20,0,52,4.93,4.93,0.0,60.151088,0.0
2019-02-20,20,0,53,7.83,7.83,0.0,95.534081,0.0
2019-02-20,20,0,55,60.08,60.08,0.0,732.57781,0.0
2019-02-20,20,0,56,0.0,0.0,0.0,0.0,0.0
2019-02-20,20,0,57,0.0,0.0,0.0,0.0,0.0
2019-02-20,20,0,58,0.0,0.0,0.0,0.0,0.0
2019-02-20,20,0,59,0.0,0.0,0.0,0.0,0.0
2019-02-20,20,0,63,19.71,19.71,0.0,265.21803,0.0
2019-02-20,20,0,64,23.18,23.18,0.0,311.910398,0.0
2019-02-20,20,0,65,6.56,6.56,0.0,74.320239,0.0
2019-02-20,20,0,67,0.0,0.0,0.0,0.0,0.0
2019-02-20,20,0,68,2.38,2.38,0.0,31.036971,0.0
2019-02-20,20,0,69,0.0,0.0,0.0,0.0,0.0
2019-02-20,20,0,74,18.03,18.03,0.0,205.433921,0.0
2019-02-20,20,0,77,16.8,16.8,0.0,217.316629,0.0
2019-02-20,20,0,78,12.75,12.75,0.0,164.927799,0.0
2019-02-20,20,0,79,7.42,7.42,0.0,95.981511,0.0
2019-02-20,20,0,80,11.95,11.95,0.0,154.579388,0.0
2019-02-20,20,0,81,15.56,15.56,0.0,201.276592,0.0
2019-02-20,20,0,82,11.03,11.03,0.0,142.678715,0.0
2019-02-20,20,0,83,24.25,24.25,0.0,313.686206,0.0
2019-02-20,20,0,84,0.0,0.0,0.0,0.0,0.0
2019-02-20,20,0,86,0.0,0.0,0.0,0.0,0.0
2019-02-20,20,0,87,0.0,0.0,0.0,0.0,0.0
2019-02-20,20,0,88,13.23,13.23,0.0,171.136845,0.0
2019-02-20,20,0,89,12.72,12.72,0.0,164.539733,0.0
2019-02-20,20,0,90,17.07,17.07,0.0,220.809218,0.0
2019-02-20,20,0,91,60.77,60.77,0.0,786.091164,0.0
2019-02-20,20,0,92,21.89,21.89,0.0,283.158393,0.0
2019-02-20,20,0,95,13.8,13.8,0.0,187.385724,0.0
2019-02-20,20,0,96,7.67,7.67,0.0,93.643316,0.0
2019-02-20,20,0,97,55.35,55.35,0.0,675.770215,0.0
2019-02-20,20,0,99,3.48,3.48,0.0,39.65114,0.0
2019-02-20,20,0,101,0.0,0.0,0.0,0.0,0.0
2019-02-20,20,0,102,5.63,5.63,0.0,73.41939,0.0
2019-02-20,20,0,103,4.89,4.89,0.0,63.76924,0.0
2019-02-20,20,0,104,0.91,0.91,0.0,11.867077,0.0
2019-02-20,20,0,106,0.0,0.0,0.0,0.0,0.0
2019-02-20,20,0,109,7.88,7.88,0.0,90.699275,0.0
2019-02-20,20,0,110,32.98,32.98,0.0,439.000887,0.0
2019-02-20,20,0,111,0.0,0.0,0.0,0.0,0.0
2019-02-20,20,0,113,5.85,5.85,0.0,76.550613,0.0
2019-02-20,20,0,115,5.85,5.85,0.0,76.550613,0.0
2019-02-20,20,0,116,0.0,0.0,0.0,0.0,0.0
2019-02-20,20,0,117,0.39,0.39,0.0,5.103374,0.0
2019-02-20,20,0,119,23.18,23.18,0.0,311.910398,0.0
2019-02-20,20,0,120,13.63,13.63,0.0,183.405467,0.0
2019-02-20,20,0,123,0.0,0.0,0.0,0.0,0.0
2019-02-20,20,0,125,64.97,64.97,0.0,792.203401,0.0
2019-02-20,20,0,126,0.0,0.0,0.0,0.0,0.0
2019-02-20,20,0,127,0.0,0.0,0.0,0.0,0.0
2019-02-20,20,0,128,93.05,93.05,0.0,1134.593296,0.0
2019-02-20,20,0,131,7.64,7.64,0.0,99.495481,0.0
2019-02-20,20,0,132,11.23,11.23,0.0,146.247938,0.0
2019-02-20,20,0,133,26.6,26.6,0.0,301.313653,0.0
2019-02-20,20,0,134,0.0,0.0,0.0,0.0,0.0
2019-02-20,20,0,135,35.45,35.45,0.0,401.562744,0.0
2019-02-20,20,0,136,10.63,10.63,0.0,120.431429,0.0
2019-02-20,20,0,139,16.5,16.5,0.0,195.046181,0.0
2019-02-20,20,0,140,24.41,24.41,0.0,324.92455,0.0
2019-02-20,20,0,141,105.42,105.42,0.0,1381.771821,0.0
2019-02-20,20,0,142,0.0,0.0,0.0,0.0,0.0
2019-02-20,20,0,143,8.95,8.95,0.0,109.199237,0.0
2019-02-20,20,0,145,3.15,3.15,0.0,37.62691,0.0
2019-02-20,20,0,146,79.89,79.89,0.0,1063.42574,0.0
2019-02-20,20,0,152,0.0,0.0,0.0,0.0,0.0
2019-02-20,20,0,153,0.0,0.0,0.0,0.0,0.0
2019-02-20,20,0,154,0.0,0.0,0.0,0.0,0.0
2019-02-20,20,0,157,116.91,116.91,0.0,1532.374726,0.0
2019-02-20,20,0,158,0.0,0.0,0.0,0.0,0.0
2019-02-20,20,0,159,0.0,0.0,0.0,0.0,0.0
2019-02-20,20,0,160,0.0,0.0,0.0,0.0,0.0
2019-02-20,20,0,161,0.0,0.0,0.0,0.0,0.0
2019-02-20,20,0,162,19.42,19.42,0.0,263.655249,0.0
2019-02-20,20,0,163,24.45,24.45,0.0,325.456995,0.0
2019-02-20,20,0,164,0.0,0.0,0.0,0.0,0.0
2019-02-20,20,0,167,0.0,0.0,0.0,0.0,0.0
2019-02-20,20,0,168,0.0,0.0,0.0,0.0,0.0
2019-02-20,20,0,169,0.0,0.0,0.0,0.0,0.0
2019-02-20,20,0,170,0.0,0.0,0.0,0.0,0.0
2019-02-20,20,0,172,0.0,0.0,0.0,0.0,0.0
2019-02-20,20,0,173,0.0,0.0,0.0,0.0,0.0
2019-02-20,20,0,188,0.0,0.0,0.0,0.0,0.0
2019-02-20,20,0,190,0.0,0.0,0.0,0.0,0.0
2019-02-20,20,0,191,0.0,0.0,0.0,0.0,0.0
2019-02-20,20,0,192,26.72,26.72,0.0,359.544687,0.0
2019-02-20,20,0,194,26.27,26.27,0.0,346.134578,0.0
2019-02-20,20,0,196,0.0,0.0,0.0,0.0,0.0
2019-02-20,20,0,198,0.0,0.0,0.0,0.0,0.0
2019-02-20,20,0,199,18.22,18.22,0.0,211.973722,0.0
2019-02-20,20,0,200,0.0,0.0,0.0,0.0,0.0
2019-02-20,20,0,204,67.58,67.58,0.0,779.079156,0.0
2019-02-20,20,0,205,41.66,41.66,0.0,479.509112,0.0
2019-02-20,20,0,206,209.68,209.68,0.0,2559.990942,0.0
2019-02-20,20,0,210,0.0,0.0,0.0,0.0,0.0
2019-02-20,20,0,214,0.0,0.0,0.0,0.0,0.0
2019-02-20,20,0,217,0.0,0.0,0.0,0.0,0.0
2019-02-20,20,0,218,0.0,0.0,0.0,0.0,0.0
2019-02-20,20,0,219,0.0,0.0,0.0,0.0,0.0
2019-02-20,20,0,221,0.0,0.0,0.0,0.0,0.0
2019-02-20,20,0,225,0.0,0.0,0.0,0.0,0.0
2019-02-20,20,0,233,0.0,0.0,0.0,0.0,0.0
2019-02-20,20,0,236,26.39,26.39,0.0,299.424807,0.0
2019-02-20,20,0,237,43.25,43.25,0.0,492.790743,0.0
2019-02-20,20,0,238,0.0,0.0,0.0,0.0,0.0
2019-02-20,20,0,240,0.0,0.0,0.0,0.0,0.0
2019-02-20,20,0,245,42.7,42.7,0.0,483.44668,0.0
2019-02-20,20,0,247,39.53,39.53,0.0,447.556141,0.0
2019-02-20,20,0,248,4.34,4.34,0.0,49.449984,0.0
2019-02-20,20,0,249,82.09,82.09,0.0,929.41775,0.0
2019-02-20,20,0,251,37.19,37.19,0.0,421.433034,0.0
2019-02-20,20,0,252,42.3,42.3,0.0,479.22959,0.0
2019-02-20,20,0,254,0.0,0.0,0.0,0.0,0.0
2019-02-20,20,0,255,0.0,0.0,0.0,0.0,0.0
2019-02-20,20,0,258,0.0,0.0,0.0,0.0,0.0
2019-02-20,20,0,260,0.0,0.0,0.0,0.0,0.0
2019-02-20,20,0,265,0.0,0.0,0.0,0.0,0.0
2019-02-20,20,0,266,10.06,10.06,0.0,118.919065,0.0
2019-02-20,20,0,267,12.72,12.72,0.0,150.362874,0.0
2019-02-20,20,0,270,76.35,76.35,0.0,1016.304359,0.0
2019-02-20,20,0,272,19.55,19.55,0.0,255.822987,0.0
2019-02-20,20,0,273,0.0,0.0,0.0,0.0,0.0
2019-02-20,20,0,274,98.43,98.43,0.0,1310.213989,0.0
2019-02-20,20,0,275,137.01,137.01,0.0,1823.757174,0.0
2019-02-20,20,0,276,0.0,0.0,0.0,0.0,0.0
2019-02-20,20,0,277,0.0,0.0,0.0,0.0,0.0
2019-02-20,20,0,278,0.0,0.0,0.0,0.0,0.0
2019-02-20,20,0,279,79.73,79.73,0.0,1038.516167,0.0
2019-02-20,20,0,281,2.09,2.09,0.0,25.500157,0.0
2019-02-20,20,0,282,0.0,0.0,0.0,0.0,0.0
2019-02-20,21,0,9,0.0,0.0,0.0,0.0,0.0
2019-02-20,21,0,17,0.0,0.0,0.0,0.0,0.0
2019-02-20,21,0,19,210.59,210.59,0.0,2155.389294,0.0
2019-02-20,21,0,20,255.41,255.41,0.0,2614.122131,0.0
2019-02-20,21,0,21,0.0,0.0,0.0,0.0,0.0
2019-02-20,21,0,22,0.0,0.0,0.0,0.0,0.0
2019-02-20,21,0,23,34.98,34.98,0.0,337.852844,0.0
2019-02-20,21,0,24,61.89,61.89,0.0,597.761936,0.0
2019-02-20,21,0,29,0.0,0.0,0.0,0.0,0.0
2019-02-20,21,0,30,0.0,0.0,0.0,0.0,0.0
2019-02-20,21,0,31,4.24,4.24,0.0,40.94278,0.0
2019-02-20,21,0,32,0.0,0.0,0.0,0.0,0.0
2019-02-20,21,0,33,0.0,0.0,0.0,0.0,0.0
2019-02-20,21,0,34,0.0,0.0,0.0,0.0,0.0
2019-02-20,21,0,35,0.0,0.0,0.0,0.0,0.0
2019-02-20,21,0,36,0.0,0.0,0.0,0.0,0.0
2019-02-20,21,0,37,0.0,0.0,0.0,0.0,0.0
2019-02-20,21,0,38,0.0,0.0,0.0,0.0,0.0
2019-02-20,21,0,39,0.0,0.0,0.0,0.0,0.0
2019-02-20,21,0,40,0.0,0.0,0.0,0.0,0.0
2019-02-20,21,0,41,32.99,32.99,0.0,322.924206,0.0
2019-02-20,21,0,42,0.0,0.0,0.0,0.0,0.0
2019-02-20,21,0,43,0.0,0.0,0.0,0.0,0.0
2019-02-20,21,0,46,0.0,0.0,0.0,0.0,0.0
2019-02-20,21,0,52,4.5,4.5,0.0,43.453423,0.0
2019-02-20,21,0,53,7.15,7.15,0.0,69.04266,0.0
2019-02-20,21,0,55,49.7,49.7,0.0,480.025339,0.0
2019-02-20,21,0,56,0.0,0.0,0.0,0.0,0.0
2019-02-20,21,0,57,0.0,0.0,0.0,0.0,0.0
2019-02-20,21,0,58,0.0,0.0,0.0,0.0,0.0
2019-02-20,21,0,59,0.0,0.0,0.0,0.0,0.0
2019-02-20,21,0,63,37.97,37.97,0.0,447.788147,0.0
2019-02-20,21,0,64,44.68,44.68,0.0,526.920579,0.0
2019-02-20,21,0,65,4.11,4.11,0.0,42.035988,0.0
2019-02-20,21,0,67,0.0,0.0,0.0,0.0,0.0
2019-02-20,21,0,68,2.6,2.6,0.0,25.291844,0.0
2019-02-20,21,0,69,0.0,0.0,0.0,0.0,0.0
2019-02-20,21,0,74,18.02,18.02,0.0,180.836068,0.0
2019-02-20,21,0,77,44.28,44.28,0.0,418.740362,0.0
2019-02-20,21,0,78,33.54,33.54,0.0,317.175965,0.0
2019-02-20,21,0,79,19.46,19.46,0.0,184.026365,0.0
2019-02-20,21,0,80,31.4,31.4,0.0,296.938739,0.0
2019-02-20,21,0,81,40.99,40.99,0.0,387.627991,0.0
2019-02-20,21,0,82,28.97,28.97,0.0,273.959085,0.0
2019-02-20,21,0,83,64.2,64.2,0.0,607.116785,0.0
2019-02-20,21,0,84,0.0,0.0,0.0,0.0,0.0
2019-02-20,21,0,86,0.0,0.0,0.0,0.0,0.0
2019-02-20,21,0,87,0.0,0.0,0.0,0.0,0.0
2019-02-20,21,0,88,41.25,41.25,0.0,390.086719,0.0
2019-02-20,21,0,89,39.66,39.66,0.0,375.050649,0.0
2019-02-20,21,0,90,53.24,53.24,0.0,503.471925,0.0
2019-02-20,21,0,91,189.93,189.93,0.0,1796.101105,0.0
2019-02-20,21,0,92,68.31,68.31,0.0,645.983607,0.0
2019-02-20,21,0,95,16.24,16.24,0.0,191.140271,0.0
2019-02-20,21,0,96,7.58,7.58,0.0,73.177912,0.0
2019-02-20,21,0,97,46.63,46.63,0.0,450.169664,0.0
2019-02-20,21,0,99,3.48,3.48,0.0,34.922837,0.0
2019-02-20,21,0,101,0.0,0.0,0.0,0.0,0.0
2019-02-20,21,0,102,6.16,6.16,0.0,59.922216,0.0
2019-02-20,21,0,103,5.36,5.36,0.0,52.14011,0.0
2019-02-20,21,0,104,1.0,1.0,0.0,9.727632,0.0
2019-02-20,21,0,106,0.0,0.0,0.0,0.0,0.0
2019-02-20,21,0,109,22.12,22.12,0.0,217.418795,0.0
2019-02-20,21,0,110,65.21,65.21,0.0,724.869642,0.0
2019-02-20,21,0,111,0.0,0.0,0.0,0.0,0.0
2019-02-20,21,0,113,19.81,19.81,0.0,185.077029,0.0
2019-02-20,21,0,115,19.81,19.81,0.0,185.077029,0.0
2019-02-20,21,0,116,0.0,0.0,0.0,0.0,0.0
2019-02-20,21,0,117,1.33,1.33,0.0,12.425666,0.0
2019-02-20,21,0,119,44.68,44.68,0.0,526.920579,0.0
2019-02-20,21,0,120,26.27,26.27,0.0,309.807601,0.0
2019-02-20,21,0,123,0.0,0.0,0.0,0.0,0.0
2019-02-20,21,0,125,56.0,56.0,0.0,540.873621,0.0
2019-02-20,21,0,126,0.0,0.0,0.0,0.0,0.0
2019-02-20,21,0,127,0.0,0.0,0.0,0.0,0.0
2019-02-20,21,0,128,80.21,80.21,0.0,774.704878,0.0
2019-02-20,21,0,131,7.87,7.87,0.0,75.838167,0.0
2019-02-20,21,0,132,11.57,11.57,0.0,111.492705,0.0
2019-02-20,21,0,133,19.47,19.47,0.0,199.288843,0.0
2019-02-20,21,0,134,0.0,0.0,0.0,0.0,0.0
2019-02-20,21,0,135,25.32,25.32,0.0,259.167618,0.0
2019-02-20,21,0,136,7.17,7.17,0.0,73.329993,0.0
2019-02-20,21,0,139,43.45,43.45,0.0,425.312421,0.0
2019-02-20,21,0,140,48.26,48.26,0.0,536.454669,0.0
2019-02-20,21,0,141,93.04,93.04,0.0,936.855301,0.0
2019-02-20,21,0,142,0.0,0.0,0.0,0.0,0.0
2019-02-20,21,0,143,7.81,7.81,0.0,75.415829,0.0
2019-02-20,21,0,145,6.8,6.8,0.0,66.101321,0.0
2019-02-20,21,0,146,64.45,64.45,0.0,716.421537,0.0
2019-02-20,21,0,152,0.0,0.0,0.0,0.0,0.0
2019-02-20,21,0,153,0.0,0.0,0.0,0.0,0.0
2019-02-20,21,0,154,0.0,0.0,0.0,0.0,0.0
2019-02-20,21,0,157,89.74,89.74,0.0,903.626341,0.0
2019-02-20,21,0,158,0.0,0.0,0.0,0.0,0.0
2019-02-20,21,0,159,0.0,0.0,0.0,0.0,0.0
2019-02-20,21,0,160,0.0,0.0,0.0,0.0,0.0
2019-02-20,21,0,161,0.0,0.0,0.0,0.0,0.0
2019-02-20,21,0,162,29.63,29.63,0.0,348.771655,0.0
2019-02-20,21,0,163,40.73,40.73,0.0,452.751733,0.0
2019-02-20,21,0,164,0.0,0.0,0.0,0.0,0.0
2019-02-20,21,0,167,0.0,0.0,0.0,0.0,0.0
2019-02-20,21,0,168,0.0,0.0,0.0,0.0,0.0
2019-02-20,21,0,169,0.0,0.0,0.0,0.0,0.0
2019-02-20,21,0,170,0.0,0.0,0.0,0.0,0.0
2019-02-20,21,0,172,0.0,0.0,0.0,0.0,0.0
2019-02-20,21,0,173,0.0,0.0,0.0,0.0,0.0
2019-02-20,21,0,188,0.0,0.0,0.0,0.0,0.0
2019-02-20,21,0,190,0.0,0.0,0.0,0.0,0.0
2019-02-20,21,0,191,0.0,0.0,0.0,0.0,0.0
2019-02-20,21,0,192,60.69,60.69,0.0,715.729856,0.0
2019-02-20,21,0,194,47.93,47.93,0.0,430.498649,0.0
2019-02-20,21,0,196,0.0,0.0,0.0,0.0,0.0
2019-02-20,21,0,198,0.0,0.0,0.0,0.0,0.0
2019-02-20,21,0,199,23.7,23.7,0.0,236.907107,0.0
2019-02-20,21,0,200,0.0,0.0,0.0,0.0,0.0
2019-02-20,21,0,204,241.31,241.31,0.0,2367.789183,0.0
2019-02-20,21,0,205,102.66,102.66,0.0,1009.051242,0.0
2019-02-20,21,0,206,137.01,137.01,0.0,1322.705247,0.0
2019-02-20,21,0,210,0.0,0.0,0.0,0.0,0.0
2019-02-20,21,0,214,0.0,0.0,0.0,0.0,0.0
2019-02-20,21,0,217,0.0,0.0,0.0,0.0,0.0
2019-02-20,21,0,218,0.0,0.0,0.0,0.0,0.0
2019-02-20,21,0,219,0.0,0.0,0.0,0.0,0.0
2019-02-20,21,0,221,0.0,0.0,0.0,0.0,0.0
2019-02-20,21,0,225,0.0,0.0,0.0,0.0,0.0
2019-02-20,21,0,233,0.0,0.0,0.0,0.0,0.0
2019-02-20,21,0,236,21.52,21.52,0.0,218.076669,0.0
2019-02-20,21,0,237,43.23,43.23,0.0,433.825928,0.0
2019-02-20,21,0,238,0.0,0.0,0.0,0.0,0.0
2019-02-20,21,0,240,0.0,0.0,0.0,0.0,0.0
2019-02-20,21,0,245,55.14,55.14,0.0,565.831948,0.0
2019-02-20,21,0,247,23.51,23.51,0.0,241.253339,0.0
2019-02-20,21,0,248,4.34,4.34,0.0,43.553193,0.0
2019-02-20,21,0,249,106.04,106.04,0.0,1088.154149,0.0
2019-02-20,21,0,251,24.01,24.01,0.0,245.281356,0.0
2019-02-20,21,0,252,26.53,26.53,0.0,271.341788,0.0
2019-02-20,21,0,254,0.0,0.0,0.0,0.0,0.0
2019-02-20,21,0,255,0.0,0.0,0.0,0.0,0.0
2019-02-20,21,0,258,0.0,0.0,0.0,0.0,0.0
2019-02-20,21,0,260,0.0,0.0,0.0,0.0,0.0
2019-02-20,21,0,265,0.0,0.0,0.0,0.0,0.0
2019-02-20,21,0,266,27.21,27.21,0.0,266.346397,0.0
2019-02-20,21,0,267,33.97,33.97,0.0,332.516983,0.0
2019-02-20,21,0,270,127.21,127.21,0.0,1414.057157,0.0
2019-02-20,21,0,272,66.17,66.17,0.0,618.200254,0.0
2019-02-20,21,0,273,0.0,0.0,0.0,0.0,0.0
2019-02-20,21,0,274,163.99,163.99,0.0,1822.900976,0.0
2019-02-20,21,0,275,228.27,228.27,0.0,2537.432806,0.0
2019-02-20,21,0,276,0.0,0.0,0.0,0.0,0.0
2019-02-20,21,0,277,0.0,0.0,0.0,0.0,0.0
2019-02-20,21,0,278,0.0,0.0,0.0,0.0,0.0
2019-02-20,21,0,279,140.26,140.26,0.0,1316.806788,0.0
2019-02-20,21,0,281,1.9,1.9,0.0,18.347001,0.0
2019-02-20,21,0,282,0.0,0.0,0.0,0.0,0.0
2019-02-20,22,0,9,0.0,0.0,0.0,0.0,0.0
2019-02-20,22,0,17,0.0,0.0,0.0,0.0,0.0
2019-02-20,22,0,19,198.99,198.99,0.0,2069.137489,0.0
2019-02-20,22,0,20,241.34,241.34,0.0,2509.501189,0.0
2019-02-20,22,0,21,0.0,0.0,0.0,0.0,0.0
2019-02-20,22,0,22,0.0,0.0,0.0,0.0,0.0
2019-02-20,22,0,23,31.52,31.52,0.0,268.651366,0.0
2019-02-20,22,0,24,55.77,55.77,0.0,475.339045,0.0
2019-02-20,22,0,29,0.0,0.0,0.0,0.0,0.0
2019-02-20,22,0,30,0.0,0.0,0.0,0.0,0.0
2019-02-20,22,0,31,6.1,6.1,0.0,51.93563,0.0
2019-02-20,22,0,32,0.0,0.0,0.0,0.0,0.0
2019-02-20,22,0,33,0.0,0.0,0.0,0.0,0.0
2019-02-20,22,0,34,0.0,0.0,0.0,0.0,0.0
2019-02-20,22,0,35,0.0,0.0,0.0,0.0,0.0
2019-02-20,22,0,36,0.0,0.0,0.0,0.0,0.0
2019-02-20,22,0,37,0.0,0.0,0.0,0.0,0.0
2019-02-20,22,0,38,0.0,0.0,0.0,0.0,0.0
2019-02-20,22,0,39,0.0,0.0,0.0,0.0,0.0
2019-02-20,22,0,40,0.0,0.0,0.0,0.0,0.0
2019-02-20,22,0,41,47.74,47.74,0.0,431.282173,0.0
2019-02-20,22,0,42,0.0,0.0,0.0,0.0,0.0
2019-02-20,22,0,43,0.0,0.0,0.0,0.0,0.0
2019-02-20,22,0,46,0.0,0.0,0.0,0.0,0.0
2019-02-20,22,0,52,6.46,6.46,0.0,55.000683,0.0
2019-02-20,22,0,53,10.27,10.27,0.0,87.439167,0.0
2019-02-20,22,0,55,88.89,88.89,0.0,757.627536,0.0
2019-02-20,22,0,56,0.0,0.0,0.0,0.0,0.0
2019-02-20,22,0,57,0.0,0.0,0.0,0.0,0.0
2019-02-20,22,0,58,0.0,0.0,0.0,0.0,0.0
2019-02-20,22,0,59,0.0,0.0,0.0,0.0,0.0
2019-02-20,22,0,63,69.82,69.82,0.0,772.817608,0.0
2019-02-20,22,0,64,82.14,82.14,0.0,909.184163,0.0
2019-02-20,22,0,65,2.36,2.36,0.0,24.494876,0.0
2019-02-20,22,0,67,0.0,0.0,0.0,0.0,0.0
2019-02-20,22,0,68,2.95,2.95,0.0,19.706899,0.0
2019-02-20,22,0,69,0.0,0.0,0.0,0.0,0.0
2019-02-20,22,0,74,17.91,17.91,0.0,176.671816,0.0
2019-02-20,22,0,77,66.75,66.75,0.0,510.596196,0.0
2019-02-20,22,0,78,50.46,50.46,0.0,385.987776,0.0
2019-02-20,22,0,79,29.2,29.2,0.0,223.361931,0.0
2019-02-20,22,0,80,47.23,47.23,0.0,361.280275,0.0
2019-02-20,22,0,81,61.75,61.75,0.0,472.34929,0.0
2019-02-20,22,0,82,43.56,43.56,0.0,333.207046,0.0
2019-02-20,22,0,83,97.13,97.13,0.0,742.984397,0.0
2019-02-20,22,0,84,0.0,0.0,0.0,0.0,0.0
2019-02-20,22,0,86,0.0,0.0,0.0,0.0,0.0
2019-02-20,22,0,87,0.0,0.0,0.0,0.0,0.0
2019-02-20,22,0,88,67.0,67.0,0.0,512.508541,0.0
2019-02-20,22,0,89,64.41,64.41,0.0,492.696644,0.0
2019-02-20,22,0,90,86.49,86.49,0.0,661.594981,0.0
2019-02-20,22,0,91,308.51,308.51,0.0,2359.910597,0.0
2019-02-20,22,0,92,110.95,110.95,0.0,848.698845,0.0
2019-02-20,22,0,95,19.16,19.16,0.0,200.366348,0.0
2019-02-20,22,0,96,8.22,8.22,0.0,69.906651,0.0
2019-02-20,22,0,97,50.57,50.57,0.0,430.070478,0.0
2019-02-20,22,0,99,3.46,3.46,0.0,34.130904,0.0
2019-02-20,22,0,101,0.0,0.0,0.0,0.0,0.0
2019-02-20,22,0,102,6.99,6.99,0.0,46.69533,0.0
2019-02-20,22,0,103,6.08,6.08,0.0,40.616253,0.0
2019-02-20,22,0,104,1.13,1.13,0.0,7.548744,0.0
2019-02-20,22,0,106,0.0,0.0,0.0,0.0,0.0
2019-02-20,22,0,109,80.29,80.29,0.0,745.862239,0.0
2019-02-20,22,0,110,142.72,142.72,0.0,319.397563,0.0
2019-02-20,22,0,111,0.0,0.0,0.0,0.0,0.0
2019-02-20,22,0,113,58.9,58.9,0.0,452.319398,0.0
2019-02-20,22,0,115,58.9,58.9,0.0,452.319398,0.0
2019-02-20,22,0,116,0.0,0.0,0.0,0.0,0.0
2019-02-20,22,0,117,3.93,3.93,0.0,30.180225,0.0
2019-02-20,22,0,119,82.14,82.14,0.0,909.184163,0.0
2019-02-20,22,0,120,48.3,48.3,0.0,534.618884,0.0
2019-02-20,22,0,123,0.0,0.0,0.0,0.0,0.0
2019-02-20,22,0,125,50.47,50.47,0.0,430.166068,0.0
2019-02-20,22,0,126,0.0,0.0,0.0,0.0,0.0
2019-02-20,22,0,127,0.0,0.0,0.0,0.0,0.0
2019-02-20,22,0,128,72.29,72.29,0.0,616.142362,0.0
2019-02-20,22,0,131,8.36,8.36,0.0,58.288929,0.0
2019-02-20,22,0,132,12.29,12.29,0.0,85.690304,0.0
2019-02-20,22,0,133,24.46,24.46,0.0,254.383749,0.0
2019-02-20,22,0,134,0.0,0.0,0.0,0.0,0.0
2019-02-20,22,0,135,32.77,32.77,0.0,340.807664,0.0
2019-02-20,22,0,136,4.56,4.56,0.0,47.324322,0.0
2019-02-20,22,0,139,61.65,61.65,0.0,556.944825,0.0
2019-02-20,22,0,140,105.63,105.63,0.0,236.392689,0.0
2019-02-20,22,0,141,83.61,83.61,0.0,467.10804,0.0
2019-02-20,22,0,142,0.0,0.0,0.0,0.0,0.0
2019-02-20,22,0,143,10.44,10.44,0.0,88.886553,0.0
2019-02-20,22,0,145,30.85,30.85,0.0,271.55834,0.0
2019-02-20,22,0,146,72.85,72.85,0.0,163.033299,0.0
2019-02-20,22,0,152,0.0,0.0,0.0,0.0,0.0
2019-02-20,22,0,153,0.0,0.0,0.0,0.0,0.0
2019-02-20,22,0,154,0.0,0.0,0.0,0.0,0.0
2019-02-20,22,0,157,71.34,71.34,0.0,398.558636,0.0
2019-02-20,22,0,158,0.0,0.0,0.0,0.0,0.0
2019-02-20,22,0,159,0.0,0.0,0.0,0.0,0.0
2019-02-20,22,0,160,0.0,0.0,0.0,0.0,0.0
2019-02-20,22,0,161,0.0,0.0,0.0,0.0,0.0
2019-02-20,22,0,162,25.8,25.8,0.0,269.989235,0.0
2019-02-20,22,0,163,67.32,67.32,0.0,150.657539,0.0
2019-02-20,22,0,164,0.0,0.0,0.0,0.0,0.0
2019-02-20,22,0,167,0.0,0.0,0.0,0.0,0.0
2019-02-20,22,0,168,0.0,0.0,0.0,0.0,0.0
2019-02-20,22,0,169,0.0,0.0,0.0,0.0,0.0
2019-02-20,22,0,170,0.0,0.0,0.0,0.0,0.0
2019-02-20,22,0,172,0.0,0.0,0.0,0.0,0.0
2019-02-20,22,0,173,0.0,0.0,0.0,0.0,0.0
2019-02-20,22,0,188,0.0,0.0,0.0,0.0,0.0
2019-02-20,22,0,190,0.0,0.0,0.0,0.0,0.0
2019-02-20,22,0,191,0.0,0.0,0.0,0.0,0.0
2019-02-20,22,0,192,125.53,125.53,0.0,1389.455662,0.0
2019-02-20,22,0,194,79.1,79.1,0.0,674.050268,0.0
2019-02-20,22,0,196,0.0,0.0,0.0,0.0,0.0
2019-02-20,22,0,198,0.0,0.0,0.0,0.0,0.0
2019-02-20,22,0,199,31.13,31.13,0.0,266.448788,0.0
2019-02-20,22,0,200,0.0,0.0,0.0,0.0,0.0
2019-02-20,22,0,204,428.03,428.03,0.0,3954.302678,0.0
2019-02-20,22,0,205,399.44,399.44,0.0,3710.639093,0.0
2019-02-20,22,0,206,148.59,148.59,0.0,1263.677522,0.0
2019-02-20,22,0,210,0.0,0.0,0.0,0.0,0.0
2019-02-20,22,0,214,0.0,0.0,0.0,0.0,0.0
2019-02-20,22,0,217,0.0,0.0,0.0,0.0,0.0
2019-02-20,22,0,218,0.0,0.0,0.0,0.0,0.0
2019-02-20,22,0,219,0.0,0.0,0.0,0.0,0.0
2019-02-20,22,0,221,0.0,0.0,0.0,0.0,0.0
2019-02-20,22,0,225,0.0,0.0,0.0,0.0,0.0
2019-02-20,22,0,233,0.0,0.0,0.0,0.0,0.0
2019-02-20,22,0,236,17.2,17.2,0.0,174.320265,0.0
2019-02-20,22,0,237,42.97,42.97,0.0,423.874257,0.0
2019-02-20,22,0,238,0.0,0.0,0.0,0.0,0.0
2019-02-20,22,0,240,0.0,0.0,0.0,0.0,0.0
2019-02-20,22,0,245,38.72,38.72,0.0,405.325516,0.0
2019-02-20,22,0,247,12.6,12.6,0.0,131.898283,0.0
2019-02-20,22,0,248,4.31,4.31,0.0,42.515663,0.0
2019-02-20,22,0,249,74.46,74.46,0.0,779.456042,0.0
2019-02-20,22,0,251,29.81,29.81,0.0,308.472898,0.0
2019-02-20,22,0,252,15.2,15.2,0.0,157.763605,0.0
2019-02-20,22,0,254,0.0,0.0,0.0,0.0,0.0
2019-02-20,22,0,255,0.0,0.0,0.0,0.0,0.0
2019-02-20,22,0,258,0.0,0.0,0.0,0.0,0.0
2019-02-20,22,0,260,0.0,0.0,0.0,0.0,0.0
2019-02-20,22,0,265,0.0,0.0,0.0,0.0,0.0
2019-02-20,22,0,266,39.92,39.92,0.0,360.636455,0.0
2019-02-20,22,0,267,49.06,49.06,0.0,443.207026,0.0
2019-02-20,22,0,270,210.23,210.23,0.0,470.480309,0.0
2019-02-20,22,0,272,196.87,196.87,0.0,1511.852628,0.0
2019-02-20,22,0,273,0.0,0.0,0.0,0.0,0.0
2019-02-20,22,0,274,271.01,271.01,0.0,606.501777,0.0
2019-02-20,22,0,275,377.25,377.25,0.0,844.259604,0.0
2019-02-20,22,0,276,0.0,0.0,0.0,0.0,0.0
2019-02-20,22,0,277,0.0,0.0,0.0,0.0,0.0
2019-02-20,22,0,278,0.0,0.0,0.0,0.0,0.0
2019-02-20,22,0,279,93.09,93.09,0.0,713.757598,0.0
2019-02-20,22,0,281,2.74,2.74,0.0,23.328463,0.0
2019-02-20,22,0,282,0.0,0.0,0.0,0.0,0.0
2019-02-20,23,0,9,0.0,0.0,0.0,0.0,0.0
2019-02-20,23,0,17,0.0,0.0,0.0,0.0,0.0
2019-02-20,23,0,19,193.85,193.85,0.0,1862.48388,0.0
2019-02-20,23,0,20,235.11,235.11,0.0,2258.904231,0.0
2019-02-20,23,0,21,0.0,0.0,0.0,0.0,0.0
2019-02-20,23,0,22,0.0,0.0,0.0,0.0,0.0
2019-02-20,23,0,23,36.27,36.27,0.0,291.065456,0.0
2019-02-20,23,0,24,64.17,64.17,0.0,514.961961,0.0
2019-02-20,23,0,29,0.0,0.0,0.0,0.0,0.0
2019-02-20,23,0,30,0.0,0.0,0.0,0.0,0.0
2019-02-20,23,0,31,8.04,8.04,0.0,64.45744,0.0
2019-02-20,23,0,32,0.0,0.0,0.0,0.0,0.0
2019-02-20,23,0,33,0.0,0.0,0.0,0.0,0.0
2019-02-20,23,0,34,0.0,0.0,0.0,0.0,0.0
2019-02-20,23,0,35,0.0,0.0,0.0,0.0,0.0
2019-02-20,23,0,36,0.0,0.0,0.0,0.0,0.0
2019-02-20,23,0,37,0.0,0.0,0.0,0.0,0.0
2019-02-20,23,0,38,0.0,0.0,0.0,0.0,0.0
2019-02-20,23,0,39,0.0,0.0,0.0,0.0,0.0
2019-02-20,23,0,40,0.0,0.0,0.0,0.0,0.0
2019-02-20,23,0,41,49.86,49.86,0.0,421.886904,0.0
2019-02-20,23,0,42,0.0,0.0,0.0,0.0,0.0
2019-02-20,23,0,43,0.0,0.0,0.0,0.0,0.0
2019-02-20,23,0,46,0.0,0.0,0.0,0.0,0.0
2019-02-20,23,0,52,8.52,8.52,0.0,68.305646,0.0
2019-02-20,23,0,53,13.54,13.54,0.0,108.55146,0.0
2019-02-20,23,0,55,173.68,173.68,0.0,1393.775805,0.0
2019-02-20,23,0,56,0.0,0.0,0.0,0.0,0.0
2019-02-20,23,0,57,0.0,0.0,0.0,0.0,0.0
2019-02-20,23,0,58,0.0,0.0,0.0,0.0,0.0
2019-02-20,23,0,59,0.0,0.0,0.0,0.0,0.0
2019-02-20,23,0,63,67.96,67.96,0.0,713.150221,0.0
2019-02-20,23,0,64,79.95,79.95,0.0,838.969397,0.0
2019-02-20,23,0,65,1.34,1.34,0.0,12.853396,0.0
2019-02-20,23,0,67,0.0,0.0,0.0,0.0,0.0
2019-02-20,23,0,68,3.05,3.05,0.0,19.459341,0.0
2019-02-20,23,0,69,0.0,0.0,0.0,0.0,0.0
2019-02-20,23,0,74,15.23,15.23,0.0,139.570475,0.0
2019-02-20,23,0,77,75.83,75.83,0.0,551.604328,0.0
2019-02-20,23,0,78,57.33,57.33,0.0,417.031203,0.0
2019-02-20,23,0,79,33.18,33.18,0.0,241.358718,0.0
2019-02-20,23,0,80,53.65,53.65,0.0,390.262062,0.0
2019-02-20,23,0,81,70.14,70.14,0.0,510.213999,0.0
2019-02-20,23,0,82,49.48,49.48,0.0,359.928553,0.0
2019-02-20,23,0,83,110.33,110.33,0.0,802.56502,0.0
2019-02-20,23,0,84,0.0,0.0,0.0,0.0,0.0
2019-02-20,23,0,86,0.0,0.0,0.0,0.0,0.0
2019-02-20,23,0,87,0.0,0.0,0.0,0.0,0.0
2019-02-20,23,0,88,75.99,75.99,0.0,552.768204,0.0
2019-02-20,23,0,89,73.05,73.05,0.0,531.381988,0.0
2019-02-20,23,0,90,98.09,98.09,0.0,713.528531,0.0
2019-02-20,23,0,91,349.89,349.89,0.0,2545.177875,0.0
2019-02-20,23,0,92,125.84,125.84,0.0,915.388219,0.0
2019-02-20,23,0,95,19.11,19.11,0.0,189.725879,0.0
2019-02-20,23,0,96,8.74,8.74,0.0,69.997523,0.0
2019-02-20,23,0,97,53.77,53.77,0.0,430.636932,0.0
2019-02-20,23,0,99,2.94,2.94,0.0,26.942692,0.0
2019-02-20,23,0,101,0.0,0.0,0.0,0.0,0.0
2019-02-20,23,0,102,7.23,7.23,0.0,46.128208,0.0
2019-02-20,23,0,103,6.29,6.29,0.0,40.130903,0.0
2019-02-20,23,0,104,1.17,1.17,0.0,7.464731,0.0
2019-02-20,23,0,106,0.0,0.0,0.0,0.0,0.0
2019-02-20,23,0,109,94.75,94.75,0.0,822.871792,0.0
2019-02-20,23,0,110,138.92,138.92,0.0,314.407229,0.0
2019-02-20,23,0,111,0.0,0.0,0.0,0.0,0.0
2019-02-20,23,0,113,62.24,62.24,0.0,455.291715,0.0
2019-02-20,23,0,115,62.24,62.24,0.0,455.291715,0.0
2019-02-20,23,0,116,0.0,0.0,0.0,0.0,0.0
2019-02-20,23,0,117,4.15,4.15,0.0,30.357658,0.0
2019-02-20,23,0,119,79.95,79.95,0.0,838.969397,0.0
2019-02-20,23,0,120,47.01,47.01,0.0,493.307709,0.0
2019-02-20,23,0,123,0.0,0.0,0.0,0.0,0.0
2019-02-20,23,0,125,58.07,58.07,0.0,466.009679,0.0
2019-02-20,23,0,126,0.0,0.0,0.0,0.0,0.0
2019-02-20,23,0,127,0.0,0.0,0.0,0.0,0.0
2019-02-20,23,0,128,83.17,83.17,0.0,667.436284,0.0
2019-02-20,23,0,131,8.72,8.72,0.0,57.994701,0.0
2019-02-20,23,0,132,12.82,12.82,0.0,85.262851,0.0
2019-02-20,23,0,133,27.06,27.06,0.0,260.028938,0.0
2019-02-20,23,0,134,0.0,0.0,0.0,0.0,0.0
2019-02-20,23,0,135,36.26,36.26,0.0,348.434933,0.0
2019-02-20,23,0,136,2.46,2.46,0.0,23.594403,0.0
2019-02-20,23,0,139,64.39,64.39,0.0,544.831483,0.0
2019-02-20,23,0,140,102.82,102.82,0.0,232.704803,0.0
2019-02-20,23,0,141,88.22,88.22,0.0,473.448407,0.0
2019-02-20,23,0,142,0.0,0.0,0.0,0.0,0.0
2019-02-20,23,0,143,12.55,12.55,0.0,100.614537,0.0
2019-02-20,23,0,145,12.56,12.56,0.0,103.813197,0.0
2019-02-20,23,0,146,79.27,79.27,0.0,179.405852,0.0
2019-02-20,23,0,152,0.0,0.0,0.0,0.0,0.0
2019-02-20,23,0,153,0.0,0.0,0.0,0.0,0.0
2019-02-20,23,0,154,0.0,0.0,0.0,0.0,0.0
2019-02-20,23,0,157,54.05,54.05,0.0,290.068991,0.0
2019-02-20,23,0,158,0.0,0.0,0.0,0.0,0.0
2019-02-20,23,0,159,0.0,0.0,0.0,0.0,0.0
2019-02-20,23,0,160,0.0,0.0,0.0,0.0,0.0
2019-02-20,23,0,161,0.0,0.0,0.0,0.0,0.0
2019-02-20,23,0,162,12.79,12.79,0.0,127.064931,0.0
2019-02-20,23,0,163,66.8,66.8,0.0,151.183436,0.0
2019-02-20,23,0,164,0.0,0.0,0.0,0.0,0.0
2019-02-20,23,0,167,0.0,0.0,0.0,0.0,0.0
2019-02-20,23,0,168,0.0,0.0,0.0,0.0,0.0
2019-02-20,23,0,169,0.0,0.0,0.0,0.0,0.0
2019-02-20,23,0,170,0.0,0.0,0.0,0.0,0.0
2019-02-20,23,0,172,0.0,0.0,0.0,0.0,0.0
2019-02-20,23,0,173,0.0,0.0,0.0,0.0,0.0
2019-02-20,23,0,188,0.0,0.0,0.0,0.0,0.0
2019-02-20,23,0,190,0.0,0.0,0.0,0.0,0.0
2019-02-20,23,0,191,0.0,0.0,0.0,0.0,0.0
2019-02-20,23,0,192,111.54,111.54,0.0,1170.464622,0.0
2019-02-20,23,0,194,104.93,104.93,0.0,850.729659,0.0
2019-02-20,23,0,196,0.0,0.0,0.0,0.0,0.0
2019-02-20,23,0,198,0.0,0.0,0.0,0.0,0.0
2019-02-20,23,0,199,22.14,22.14,0.0,181.632069,0.0
2019-02-20,23,0,200,0.0,0.0,0.0,0.0,0.0
2019-02-20,23,0,204,431.78,431.78,0.0,3731.281937,0.0
2019-02-20,23,0,205,501.22,501.22,0.0,4352.926645,0.0
2019-02-20,23,0,206,158.0,158.0,0.0,1265.401438,0.0
2019-02-20,23,0,210,0.0,0.0,0.0,0.0,0.0
2019-02-20,23,0,214,0.0,0.0,0.0,0.0,0.0
2019-02-20,23,0,217,0.0,0.0,0.0,0.0,0.0
2019-02-20,23,0,218,0.0,0.0,0.0,0.0,0.0
2019-02-20,23,0,219,0.0,0.0,0.0,0.0,0.0
2019-02-20,23,0,221,0.0,0.0,0.0,0.0,0.0
2019-02-20,23,0,225,0.0,0.0,0.0,0.0,0.0
2019-02-20,23,0,233,0.0,0.0,0.0,0.0,0.0
2019-02-20,23,0,236,13.57,13.57,0.0,127.416244,0.0
2019-02-20,23,0,237,36.54,36.54,0.0,334.859171,0.0
2019-02-20,23,0,238,0.0,0.0,0.0,0.0,0.0
2019-02-20,23,0,240,0.0,0.0,0.0,0.0,0.0
2019-02-20,23,0,245,38.19,38.19,0.0,369.139484,0.0
2019-02-20,23,0,247,11.02,11.02,0.0,106.517861,0.0
2019-02-20,23,0,248,3.67,3.67,0.0,33.632544,0.0
2019-02-20,23,0,249,73.45,73.45,0.0,709.957976,0.0
2019-02-20,23,0,251,8.09,8.09,0.0,77.390463,0.0
2019-02-20,23,0,252,8.62,8.62,0.0,82.683789,0.0
2019-02-20,23,0,254,0.0,0.0,0.0,0.0,0.0
2019-02-20,23,0,255,0.0,0.0,0.0,0.0,0.0
2019-02-20,23,0,258,0.0,0.0,0.0,0.0,0.0
2019-02-20,23,0,260,0.0,0.0,0.0,0.0,0.0
2019-02-20,23,0,265,0.0,0.0,0.0,0.0,0.0
2019-02-20,23,0,266,41.7,41.7,0.0,352.841634,0.0
2019-02-20,23,0,267,51.24,51.24,0.0,433.563677,0.0
2019-02-20,23,0,270,208.61,208.61,0.0,472.131385,0.0
2019-02-20,23,0,272,208.02,208.02,0.0,1521.686739,0.0
2019-02-20,23,0,273,0.0,0.0,0.0,0.0,0.0
2019-02-20,23,0,274,268.92,268.92,0.0,608.62649,0.0
2019-02-20,23,0,275,374.34,374.34,0.0,847.215678,0.0
2019-02-20,23,0,276,0.0,0.0,0.0,0.0,0.0
2019-02-20,23,0,277,0.0,0.0,0.0,0.0,0.0
2019-02-20,23,0,278,0.0,0.0,0.0,0.0,0.0
2019-02-20,23,0,279,96.76,96.76,0.0,706.223247,0.0
2019-02-20,23,0,281,3.61,3.61,0.0,28.941711,0.0
2019-02-20,23,0,282,0.0,0.0,0.0,0.0,0.0
2019-02-21,0,0,9,0.0,0.0,0.0,0.0,0.0
2019-02-21,0,0,17,0.0,0.0,0.0,0.0,0.0
2019-02-21,0,0,19,190.42,190.42,0.0,1841.517926,0.0
2019-02-21,0,0,20,230.94,230.94,0.0,2233.379633,0.0
2019-02-21,0,0,21,0.0,0.0,0.0,0.0,0.0
2019-02-21,0,0,22,0.0,0.0,0.0,0.0,0.0
2019-02-21,0,0,23,41.59,41.59,0.0,375.318893,0.0
2019-02-21,0,0,24,73.58,73.58,0.0,664.004908,0.0
2019-02-21,0,0,29,0.0,0.0,0.0,0.0,0.0
2019-02-21,0,0,30,0.0,0.0,0.0,0.0,0.0
2019-02-21,0,0,31,10.36,10.36,0.0,93.448836,0.0
2019-02-21,0,0,32,0.0,0.0,0.0,0.0,0.0
2019-02-21,0,0,33,0.0,0.0,0.0,0.0,0.0
2019-02-21,0,0,34,0.0,0.0,0.0,0.0,0.0
2019-02-21,0,0,35,0.0,0.0,0.0,0.0,0.0
2019-02-21,0,0,36,0.0,0.0,0.0,0.0,0.0
2019-02-21,0,0,37,0.0,0.0,0.0,0.0,0.0
2019-02-21,0,0,38,0.0,0.0,0.0,0.0,0.0
2019-02-21,0,0,39,0.0,0.0,0.0,0.0,0.0
2019-02-21,0,0,40,0.0,0.0,0.0,0.0,0.0
2019-02-21,0,0,41,53.05,53.05,0.0,490.066488,0.0
2019-02-21,0,0,42,0.0,0.0,0.0,0.0,0.0
2019-02-21,0,0,43,0.0,0.0,0.0,0.0,0.0
2019-02-21,0,0,46,0.0,0.0,0.0,0.0,0.0
2019-02-21,0,0,52,10.98,10.98,0.0,99.041334,0.0
2019-02-21,0,0,53,17.44,17.44,0.0,157.311554,0.0
2019-02-21,0,0,55,195.46,195.46,0.0,1763.88148,0.0
2019-02-21,0,0,56,0.0,0.0,0.0,0.0,0.0
2019-02-21,0,0,57,0.0,0.0,0.0,0.0,0.0
2019-02-21,0,0,58,0.0,0.0,0.0,0.0,0.0
2019-02-21,0,0,59,0.0,0.0,0.0,0.0,0.0
2019-02-21,0,0,63,66.74,66.74,0.0,805.312758,0.0
2019-02-21,0,0,64,78.52,78.52,0.0,947.455166,0.0
2019-02-21,0,0,65,0.0,0.0,0.0,0.0,0.0
2019-02-21,0,0,67,0.0,0.0,0.0,0.0,0.0
2019-02-21,0,0,68,3.14,3.14,0.0,23.627583,0.0
2019-02-21,0,0,69,0.0,0.0,0.0,0.0,0.0
2019-02-21,0,0,74,13.33,13.33,0.0,127.116636,0.0
2019-02-21,0,0,77,85.81,85.81,0.0,740.549181,0.0
2019-02-21,0,0,78,64.87,64.87,0.0,559.834814,0.0
2019-02-21,0,0,79,37.54,37.54,0.0,323.974085,0.0
2019-02-21,0,0,80,60.71,60.71,0.0,523.933583,0.0
2019-02-21,0,0,81,79.37,79.37,0.0,684.971314,0.0
2019-02-21,0,0,82,55.99,55.99,0.0,483.199495,0.0
2019-02-21,0,0,83,124.85,124.85,0.0,1077.468421,0.0
2019-02-21,0,0,84,0.0,0.0,0.0,0.0,0.0
2019-02-21,0,0,86,0.0,0.0,0.0,0.0,0.0
2019-02-21,0,0,87,0.0,0.0,0.0,0.0,0.0
2019-02-21,0,0,88,85.59,85.59,0.0,738.650558,0.0
2019-02-21,0,0,89,82.28,82.28,0.0,710.084916,0.0
2019-02-21,0,0,90,110.48,110.48,0.0,953.453834,0.0
2019-02-21,0,0,91,394.09,394.09,0.0,3401.037486,0.0
2019-02-21,0,0,92,141.73,141.73,0.0,1223.144568,0.0
2019-02-21,0,0,95,11.78,11.78,0.0,134.463903,0.0
2019-02-21,0,0,96,9.25,9.25,0.0,83.396824,0.0
2019-02-21,0,0,97,56.9,56.9,0.0,513.003164,0.0
2019-02-21,0,0,99,2.57,2.57,0.0,24.507859,0.0
2019-02-21,0,0,101,0.0,0.0,0.0,0.0,0.0
2019-02-21,0,0,102,7.42,7.42,0.0,55.833333,0.0
2019-02-21,0,0,103,6.45,6.45,0.0,48.534366,0.0
2019-02-21,0,0,104,1.2,1.2,0.0,9.02965,0.0
2019-02-21,0,0,106,0.0,0.0,0.0,0.0,0.0
2019-02-21,0,0,109,96.31,96.31,0.0,903.275963,0.0
2019-02-21,0,0,110,136.55,136.55,0.0,308.623851,0.0
2019-02-21,0,0,111,0.0,0.0,0.0,0.0,0.0
2019-02-21,0,0,113,65.62,65.62,0.0,577.919841,0.0
2019-02-21,0,0,115,65.62,65.62,0.0,577.919841,0.0
2019-02-21,0,0,116,0.0,0.0,0.0,0.0,0.0
2019-02-21,0,0,117,4.37,4.37,0.0,38.48689,0.0
2019-02-21,0,0,119,78.52,78.52,0.0,947.455166,0.0
2019-02-21,0,0,120,46.17,46.17,0.0,557.106533,0.0
2019-02-21,0,0,123,0.0,0.0,0.0,0.0,0.0
2019-02-21,0,0,125,66.59,66.59,0.0,600.925344,0.0
2019-02-21,0,0,126,0.0,0.0,0.0,0.0,0.0
2019-02-21,0,0,127,0.0,0.0,0.0,0.0,0.0
2019-02-21,0,0,128,95.37,95.37,0.0,860.643491,0.0
2019-02-21,0,0,131,9.11,9.11,0.0,71.703133,0.0
2019-02-21,0,0,132,13.39,13.39,0.0,105.390225,0.0
2019-02-21,0,0,133,29.99,29.99,0.0,290.0409,0.0
2019-02-21,0,0,134,0.0,0.0,0.0,0.0,0.0
2019-02-21,0,0,135,40.18,40.18,0.0,388.590976,0.0
2019-02-21,0,0,136,1.14,1.14,0.0,11.019226,0.0
2019-02-21,0,0,139,68.51,68.51,0.0,632.883224,0.0
2019-02-21,0,0,140,101.07,101.07,0.0,228.433633,0.0
2019-02-21,0,0,141,93.05,93.05,0.0,579.58606,0.0
2019-02-21,0,0,142,0.0,0.0,0.0,0.0,0.0
2019-02-21,0,0,143,38.65,38.65,0.0,348.629103,0.0
2019-02-21,0,0,145,12.54,12.54,0.0,114.782316,0.0
2019-02-21,0,0,146,85.94,85.94,0.0,194.237523,0.0
2019-02-21,0,0,152,0.0,0.0,0.0,0.0,0.0
2019-02-21,0,0,153,0.0,0.0,0.0,0.0,0.0
2019-02-21,0,0,154,0.0,0.0,0.0,0.0,0.0
2019-02-21,0,0,157,40.05,40.05,0.0,249.461813,0.0
2019-02-21,0,0,158,0.0,0.0,0.0,0.0,0.0
2019-02-21,0,0,159,0.0,0.0,0.0,0.0,0.0
2019-02-21,0,0,160,0.0,0.0,0.0,0.0,0.0
2019-02-21,0,0,161,0.0,0.0,0.0,0.0,0.0
2019-02-21,0,0,162,12.8,12.8,0.0,146.199404,0.0
2019-02-21,0,0,163,66.54,66.54,0.0,150.39056,0.0
2019-02-21,0,0,164,0.0,0.0,0.0,0.0,0.0
2019-02-21,0,0,167,0.0,0.0,0.0,0.0,0.0
2019-02-21,0,0,168,0.0,0.0,0.0,0.0,0.0
2019-02-21,0,0,169,0.0,0.0,0.0,0.0,0.0
2019-02-21,0,0,170,0.0,0.0,0.0,0.0,0.0
2019-02-21,0,0,172,0.0,0.0,0.0,0.0,0.0
2019-02-21,0,0,173,0.0,0.0,0.0,0.0,0.0
2019-02-21,0,0,188,0.0,0.0,0.0,0.0,0.0
2019-02-21,0,0,190,0.0,0.0,0.0,0.0,0.0
2019-02-21,0,0,191,0.0,0.0,0.0,0.0,0.0
2019-02-21,0,0,192,98.52,98.52,0.0,1188.783532,0.0
2019-02-21,0,0,194,136.12,136.12,0.0,1352.601116,0.0
2019-02-21,0,0,196,0.0,0.0,0.0,0.0,0.0
2019-02-21,0,0,198,0.0,0.0,0.0,0.0,0.0
2019-02-21,0,0,199,8.69,8.69,0.0,88.483627,0.0
2019-02-21,0,0,200,0.0,0.0,0.0,0.0,0.0
2019-02-21,0,0,204,439.5,439.5,0.0,4114.893757,0.0
2019-02-21,0,0,205,509.5,509.5,0.0,4778.518357,0.0
2019-02-21,0,0,206,167.2,167.2,0.0,1507.453936,0.0
2019-02-21,0,0,210,0.0,0.0,0.0,0.0,0.0
2019-02-21,0,0,214,0.0,0.0,0.0,0.0,0.0
2019-02-21,0,0,217,0.0,0.0,0.0,0.0,0.0
2019-02-21,0,0,218,0.0,0.0,0.0,0.0,0.0
2019-02-21,0,0,219,0.0,0.0,0.0,0.0,0.0
2019-02-21,0,0,221,0.0,0.0,0.0,0.0,0.0
2019-02-21,0,0,225,0.0,0.0,0.0,0.0,0.0
2019-02-21,0,0,233,0.0,0.0,0.0,0.0,0.0
2019-02-21,0,0,236,11.64,11.64,0.0,111.840551,0.0
2019-02-21,0,0,237,31.97,31.97,0.0,304.870132,0.0
2019-02-21,0,0,238,0.0,0.0,0.0,0.0,0.0
2019-02-21,0,0,240,0.0,0.0,0.0,0.0,0.0
2019-02-21,0,0,245,23.81,23.81,0.0,230.663506,0.0
2019-02-21,0,0,247,9.49,9.49,0.0,91.936021,0.0
2019-02-21,0,0,248,3.21,3.21,0.0,30.610983,0.0
2019-02-21,0,0,249,44.6,44.6,0.0,432.070237,0.0
2019-02-21,0,0,251,0.0,0.0,0.0,0.0,0.0
2019-02-21,0,0,252,0.0,0.0,0.0,0.0,0.0
2019-02-21,0,0,254,0.0,0.0,0.0,0.0,0.0
2019-02-21,0,0,255,0.0,0.0,0.0,0.0,0.0
2019-02-21,0,0,258,0.0,0.0,0.0,0.0,0.0
2019-02-21,0,0,260,0.0,0.0,0.0,0.0,0.0
2019-02-21,0,0,265,0.0,0.0,0.0,0.0,0.0
2019-02-21,0,0,266,44.36,44.36,0.0,409.789809,0.0
2019-02-21,0,0,267,54.52,54.52,0.0,503.646087,0.0
2019-02-21,0,0,270,207.8,207.8,0.0,469.65973,0.0
2019-02-21,0,0,272,219.32,219.32,0.0,1931.566285,0.0
2019-02-21,0,0,273,0.0,0.0,0.0,0.0,0.0
2019-02-21,0,0,274,267.88,267.88,0.0,605.449704,0.0
2019-02-21,0,0,275,372.89,372.89,0.0,842.788339,0.0
2019-02-21,0,0,276,0.0,0.0,0.0,0.0,0.0
2019-02-21,0,0,277,0.0,0.0,0.0,0.0,0.0
2019-02-21,0,0,278,0.0,0.0,0.0,0.0,0.0
2019-02-21,0,0,279,100.84,100.84,0.0,880.950384,0.0
2019-02-21,0,0,281,4.65,4.65,0.0,41.943734,0.0
2019-02-21,0,0,282,0.0,0.0,0.0,0.0,0.0
2019-02-21,1,0,9,0.0,0.0,0.0,0.0,0.0
2019-02-21,1,0,17,0.0,0.0,0.0,0.0,0.0
2019-02-21,1,0,19,186.97,186.97,0.0,1808.15359,0.0
2019-02-21,1,0,20,226.76,226.76,0.0,2192.955597,0.0
2019-02-21,1,0,21,0.0,0.0,0.0,0.0,0.0
2019-02-21,1,0,22,0.0,0.0,0.0,0.0,0.0
2019-02-21,1,0,23,47.37,47.37,0.0,427.479104,0.0
2019-02-21,1,0,24,83.81,83.81,0.0,756.323068,0.0
2019-02-21,1,0,29,0.0,0.0,0.0,0.0,0.0
2019-02-21,1,0,30,0.0,0.0,0.0,0.0,0.0
2019-02-21,1,0,31,29.31,29.31,0.0,264.380828,0.0
2019-02-21,1,0,32,0.0,0.0,0.0,0.0,0.0
2019-02-21,1,0,33,0.0,0.0,0.0,0.0,0.0
2019-02-21,1,0,34,0.0,0.0,0.0,0.0,0.0
2019-02-21,1,0,35,0.0,0.0,0.0,0.0,0.0
2019-02-21,1,0,36,0.0,0.0,0.0,0.0,0.0
2019-02-21,1,0,37,0.0,0.0,0.0,0.0,0.0
2019-02-21,1,0,38,0.0,0.0,0.0,0.0,0.0
2019-02-21,1,0,39,0.0,0.0,0.0,0.0,0.0
2019-02-21,1,0,40,0.0,0.0,0.0,0.0,0.0
2019-02-21,1,0,41,57.26,57.26,0.0,528.957721,0.0
2019-02-21,1,0,42,0.0,0.0,0.0,0.0,0.0
2019-02-21,1,0,43,0.0,0.0,0.0,0.0,0.0
2019-02-21,1,0,46,0.0,0.0,0.0,0.0,0.0
2019-02-21,1,0,52,31.2,31.2,0.0,281.428926,0.0
2019-02-21,1,0,53,51.0,51.0,0.0,460.028053,0.0
2019-02-21,1,0,55,188.17,188.17,0.0,1698.094639,0.0
2019-02-21,1,0,56,0.0,0.0,0.0,0.0,0.0
2019-02-21,1,0,57,0.0,0.0,0.0,0.0,0.0
2019-02-21,1,0,58,0.0,0.0,0.0,0.0,0.0
2019-02-21,1,0,59,0.0,0.0,0.0,0.0,0.0
2019-02-21,1,0,63,65.61,65.61,0.0,791.677705,0.0
2019-02-21,1,0,64,77.19,77.19,0.0,931.406829,0.0
2019-02-21,1,0,65,0.0,0.0,0.0,0.0,0.0
2019-02-21,1,0,67,0.0,0.0,0.0,0.0,0.0
2019-02-21,1,0,68,3.22,3.22,0.0,24.22956,0.0
2019-02-21,1,0,69,0.0,0.0,0.0,0.0,0.0
2019-02-21,1,0,74,12.35,12.35,0.0,117.771227,0.0
2019-02-21,1,0,77,96.48,96.48,0.0,832.632385,0.0
2019-02-21,1,0,78,72.94,72.94,0.0,629.479749,0.0
2019-02-21,1,0,79,42.21,42.21,0.0,364.276669,0.0
2019-02-21,1,0,80,68.26,68.26,0.0,589.090865,0.0
2019-02-21,1,0,81,89.24,89.24,0.0,770.150436,0.0
2019-02-21,1,0,82,62.95,62.95,0.0,543.265015,0.0
2019-02-21,1,0,83,140.37,140.37,0.0,1211.407628,0.0
2019-02-21,1,0,84,0.0,0.0,0.0,0.0,0.0
2019-02-21,1,0,86,0.0,0.0,0.0,0.0,0.0
2019-02-21,1,0,87,0.0,0.0,0.0,0.0,0.0
2019-02-21,1,0,88,95.65,95.65,0.0,825.469399,0.0
2019-02-21,1,0,89,91.95,91.95,0.0,793.538016,0.0
2019-02-21,1,0,90,123.46,123.46,0.0,1065.472577,0.0
2019-02-21,1,0,91,440.4,440.4,0.0,3800.697579,0.0
2019-02-21,1,0,92,158.39,158.39,0.0,1366.922093,0.0
2019-02-21,1,0,95,18.38,18.38,0.0,209.800216,0.0
2019-02-21,1,0,96,9.76,9.76,0.0,87.994919,0.0
2019-02-21,1,0,97,60.03,60.03,0.0,541.222846,0.0
2019-02-21,1,0,99,2.38,2.38,0.0,22.695994,0.0
2019-02-21,1,0,101,0.0,0.0,0.0,0.0,0.0
2019-02-21,1,0,102,7.63,7.63,0.0,57.413522,0.0
2019-02-21,1,0,103,6.64,6.64,0.0,49.964061,0.0
2019-02-21,1,0,104,1.23,1.23,0.0,9.255391,0.0
2019-02-21,1,0,106,0.0,0.0,0.0,0.0,0.0
2019-02-21,1,0,109,99.23,99.23,0.0,930.662172,0.0
2019-02-21,1,0,110,132.9,132.9,0.0,300.374293,0.0
2019-02-21,1,0,111,0.0,0.0,0.0,0.0,0.0
2019-02-21,1,0,113,38.8,38.8,0.0,341.714262,0.0
2019-02-21,1,0,115,38.8,38.8,0.0,341.714262,0.0
2019-02-21,1,0,116,0.0,0.0,0.0,0.0,0.0
2019-02-21,1,0,117,2.65,2.65,0.0,23.338732,0.0
2019-02-21,1,0,119,77.19,77.19,0.0,931.406829,0.0
2019-02-21,1,0,120,45.39,45.39,0.0,547.694727,0.0
2019-02-21,1,0,123,0.0,0.0,0.0,0.0,0.0
2019-02-21,1,0,125,75.84,75.84,0.0,684.399731,0.0
2019-02-21,1,0,126,0.0,0.0,0.0,0.0,0.0
2019-02-21,1,0,127,0.0,0.0,0.0,0.0,0.0
2019-02-21,1,0,128,108.62,108.62,0.0,980.214911,0.0
2019-02-21,1,0,131,9.54,9.54,0.0,75.087584,0.0
2019-02-21,1,0,132,14.02,14.02,0.0,110.348839,0.0
2019-02-21,1,0,133,33.0,33.0,0.0,319.151374,0.0
2019-02-21,1,0,134,0.0,0.0,0.0,0.0,0.0
2019-02-21,1,0,135,44.22,44.22,0.0,427.662841,0.0
2019-02-21,1,0,136,0.0,0.0,0.0,0.0,0.0
2019-02-21,1,0,139,73.95,73.95,0.0,683.136979,0.0
2019-02-21,1,0,140,98.36,98.36,0.0,222.308619,0.0
2019-02-21,1,0,141,98.27,98.27,0.0,612.100184,0.0
2019-02-21,1,0,142,0.0,0.0,0.0,0.0,0.0
2019-02-21,1,0,143,61.65,61.65,0.0,556.092734,0.0
2019-02-21,1,0,145,12.58,12.58,0.0,115.148447,0.0
2019-02-21,1,0,146,93.68,93.68,0.0,211.731105,0.0
2019-02-21,1,0,152,0.0,0.0,0.0,0.0,0.0
2019-02-21,1,0,153,0.0,0.0,0.0,0.0,0.0
2019-02-21,1,0,154,0.0,0.0,0.0,0.0,0.0
2019-02-21,1,0,157,29.0,29.0,0.0,180.634022,0.0
2019-02-21,1,0,158,0.0,0.0,0.0,0.0,0.0
2019-02-21,1,0,159,0.0,0.0,0.0,0.0,0.0
2019-02-21,1,0,160,0.0,0.0,0.0,0.0,0.0
2019-02-21,1,0,161,0.0,0.0,0.0,0.0,0.0
2019-02-21,1,0,162,12.98,12.98,0.0,148.255333,0.0
2019-02-21,1,0,163,66.49,66.49,0.0,150.277553,0.0
2019-02-21,1,0,164,0.0,0.0,0.0,0.0,0.0
2019-02-21,1,0,167,0.0,0.0,0.0,0.0,0.0
2019-02-21,1,0,168,0.0,0.0,0.0,0.0,0.0
2019-02-21,1,0,169,0.0,0.0,0.0,0.0,0.0
2019-02-21,1,0,170,0.0,0.0,0.0,0.0,0.0
2019-02-21,1,0,172,0.0,0.0,0.0,0.0,0.0
2019-02-21,1,0,173,0.0,0.0,0.0,0.0,0.0
2019-02-21,1,0,188,0.0,0.0,0.0,0.0,0.0
2019-02-21,1,0,190,0.0,0.0,0.0,0.0,0.0
2019-02-21,1,0,191,0.0,0.0,0.0,0.0,0.0
2019-02-21,1,0,192,86.32,86.32,0.0,1041.573229,0.0
2019-02-21,1,0,194,173.4,173.4,0.0,1723.046088,0.0
2019-02-21,1,0,196,0.0,0.0,0.0,0.0,0.0
2019-02-21,1,0,198,0.0,0.0,0.0,0.0,0.0
2019-02-21,1,0,199,20.6,20.6,0.0,209.754052,0.0
2019-02-21,1,0,200,0.0,0.0,0.0,0.0,0.0
2019-02-21,1,0,204,450.35,450.35,0.0,4216.478734,0.0
2019-02-21,1,0,205,524.94,524.94,0.0,4923.327628,0.0
2019-02-21,1,0,206,176.39,176.39,0.0,1590.309807,0.0
2019-02-21,1,0,210,0.0,0.0,0.0,0.0,0.0
2019-02-21,1,0,214,0.0,0.0,0.0,0.0,0.0
2019-02-21,1,0,217,0.0,0.0,0.0,0.0,0.0
2019-02-21,1,0,218,0.0,0.0,0.0,0.0,0.0
2019-02-21,1,0,219,0.0,0.0,0.0,0.0,0.0
2019-02-21,1,0,221,0.0,0.0,0.0,0.0,0.0
2019-02-21,1,0,225,0.0,0.0,0.0,0.0,0.0
2019-02-21,1,0,233,0.0,0.0,0.0,0.0,0.0
2019-02-21,1,0,236,11.12,11.12,0.0,106.844237,0.0
2019-02-21,1,0,237,29.64,29.64,0.0,282.650945,0.0
2019-02-21,1,0,238,0.0,0.0,0.0,0.0,0.0
2019-02-21,1,0,240,0.0,0.0,0.0,0.0,0.0
2019-02-21,1,0,245,11.12,11.12,0.0,107.726929,0.0
2019-02-21,1,0,247,8.16,8.16,0.0,79.051416,0.0
2019-02-21,1,0,248,2.97,2.97,0.0,28.322311,0.0
2019-02-21,1,0,249,21.38,21.38,0.0,207.122459,0.0
2019-02-21,1,0,251,0.0,0.0,0.0,0.0,0.0
2019-02-21,1,0,252,0.0,0.0,0.0,0.0,0.0
2019-02-21,1,0,254,0.0,0.0,0.0,0.0,0.0
2019-02-21,1,0,255,0.0,0.0,0.0,0.0,0.0
2019-02-21,1,0,258,0.0,0.0,0.0,0.0,0.0
2019-02-21,1,0,260,0.0,0.0,0.0,0.0,0.0
2019-02-21,1,0,265,0.0,0.0,0.0,0.0,0.0
2019-02-21,1,0,266,47.88,47.88,0.0,442.306945,0.0
2019-02-21,1,0,267,58.84,58.84,0.0,543.55348,0.0
2019-02-21,1,0,270,207.66,207.66,0.0,469.343309,0.0
2019-02-21,1,0,272,129.41,129.41,0.0,1139.722747,0.0
2019-02-21,1,0,273,0.0,0.0,0.0,0.0,0.0
2019-02-21,1,0,274,267.7,267.7,0.0,605.042877,0.0
2019-02-21,1,0,275,372.64,372.64,0.0,842.2233,0.0
2019-02-21,1,0,276,0.0,0.0,0.0,0.0,0.0
2019-02-21,1,0,277,0.0,0.0,0.0,0.0,0.0
2019-02-21,1,0,278,0.0,0.0,0.0,0.0,0.0
2019-02-21,1,0,279,104.68,104.68,0.0,914.497087,0.0
2019-02-21,1,0,281,12.1,12.1,0.0,109.143911,0.0
2019-02-21,1,0,282,0.0,0.0,0.0,0.0,0.0
2019-02-21,2,0,9,0.0,0.0,0.0,0.0,0.0
2019-02-21,2,0,17,0.0,0.0,0.0,0.0,0.0
2019-02-21,2,0,19,137.98,137.98,0.0,1358.029082,0.0
2019-02-21,2,0,20,167.34,167.34,0.0,1646.996569,0.0
2019-02-21,2,0,21,0.0,0.0,0.0,0.0,0.0
2019-02-21,2,0,22,0.0,0.0,0.0,0.0,0.0
2019-02-21,2,0,23,52.15,52.15,0.0,476.481651,0.0
2019-02-21,2,0,24,92.27,92.27,0.0,843.048168,0.0
2019-02-21,2,0,29,0.0,0.0,0.0,0.0,0.0
2019-02-21,2,0,30,0.0,0.0,0.0,0.0,0.0
2019-02-21,2,0,31,14.31,14.31,0.0,130.682912,0.0
2019-02-21,2,0,32,0.0,0.0,0.0,0.0,0.0
2019-02-21,2,0,33,0.0,0.0,0.0,0.0,0.0
2019-02-21,2,0,34,0.0,0.0,0.0,0.0,0.0
2019-02-21,2,0,35,0.0,0.0,0.0,0.0,0.0
2019-02-21,2,0,36,0.0,0.0,0.0,0.0,0.0
2019-02-21,2,0,37,0.0,0.0,0.0,0.0,0.0
2019-02-21,2,0,38,0.0,0.0,0.0,0.0,0.0
2019-02-21,2,0,39,0.0,0.0,0.0,0.0,0.0
2019-02-21,2,0,40,0.0,0.0,0.0,0.0,0.0
2019-02-21,2,0,41,51.71,51.71,0.0,484.510927,0.0
2019-02-21,2,0,42,0.0,0.0,0.0,0.0,0.0
2019-02-21,2,0,43,0.0,0.0,0.0,0.0,0.0
2019-02-21,2,0,46,0.0,0.0,0.0,0.0,0.0
2019-02-21,2,0,52,15.17,15.17,0.0,138.536672,0.0
2019-02-21,2,0,53,24.1,24.1,0.0,220.087923,0.0
2019-02-21,2,0,55,254.19,254.19,0.0,2322.471158,0.0
2019-02-21,2,0,56,0.0,0.0,0.0,0.0,0.0
2019-02-21,2,0,57,0.0,0.0,0.0,0.0,0.0
2019-02-21,2,0,58,0.0,0.0,0.0,0.0,0.0
2019-02-21,2,0,59,0.0,0.0,0.0,0.0,0.0
2019-02-21,2,0,63,61.66,61.66,0.0,770.458121,0.0
2019-02-21,2,0,64,72.54,72.54,0.0,906.406618,0.0
2019-02-21,2,0,65,0.0,0.0,0.0,0.0,0.0
2019-02-21,2,0,67,0.0,0.0,0.0,0.0,0.0
2019-02-21,2,0,68,3.09,3.09,0.0,23.429894,0.0
2019-02-21,2,0,69,0.0,0.0,0.0,0.0,0.0
2019-02-21,2,0,74,10.49,10.49,0.0,101.703243,0.0
2019-02-21,2,0,77,99.27,99.27,0.0,864.313281,0.0
2019-02-21,2,0,78,75.05,75.05,0.0,653.437209,0.0
2019-02-21,2,0,79,43.43,43.43,0.0,378.131619,0.0
2019-02-21,2,0,80,70.23,70.23,0.0,611.470955,0.0
2019-02-21,2,0,81,91.83,91.83,0.0,799.535495,0.0
2019-02-21,2,0,82,64.77,64.77,0.0,563.932419,0.0
2019-02-21,2,0,83,144.44,144.44,0.0,1257.594543,0.0
2019-02-21,2,0,84,0.0,0.0,0.0,0.0,0.0
2019-02-21,2,0,86,0.0,0.0,0.0,0.0,0.0
2019-02-21,2,0,87,0.0,0.0,0.0,0.0,0.0
2019-02-21,2,0,88,96.71,96.71,0.0,842.02415,0.0
2019-02-21,2,0,89,92.97,92.97,0.0,809.461123,0.0
2019-02-21,2,0,90,124.83,124.83,0.0,1086.856319,0.0
2019-02-21,2,0,91,445.3,445.3,0.0,3877.089795,0.0
2019-02-21,2,0,92,160.15,160.15,0.0,1394.376669,0.0
2019-02-21,2,0,95,7.96,7.96,0.0,94.050253,0.0
2019-02-21,2,0,96,9.78,9.78,0.0,89.267963,0.0
2019-02-21,2,0,97,60.16,60.16,0.0,549.116629,0.0
2019-02-21,2,0,99,2.02,2.02,0.0,19.584418,0.0
2019-02-21,2,0,101,0.0,0.0,0.0,0.0,0.0
2019-02-21,2,0,102,7.32,7.32,0.0,55.503827,0.0
2019-02-21,2,0,103,6.37,6.37,0.0,48.300461,0.0
2019-02-21,2,0,104,1.18,1.18,0.0,8.947338,0.0
2019-02-21,2,0,106,0.0,0.0,0.0,0.0,0.0
2019-02-21,2,0,109,82.91,82.91,0.0,789.604556,0.0
2019-02-21,2,0,110,144.62,144.62,0.0,323.649633,0.0
2019-02-21,2,0,111,0.0,0.0,0.0,0.0,0.0
2019-02-21,2,0,113,39.96,39.96,0.0,354.83488,0.0
2019-02-21,2,0,115,39.96,39.96,0.0,354.83488,0.0
2019-02-21,2,0,116,0.0,0.0,0.0,0.0,0.0
2019-02-21,2,0,117,2.14,2.14,0.0,19.002669,0.0
2019-02-21,2,0,119,72.54,72.54,0.0,906.406618,0.0
2019-02-21,2,0,120,42.65,42.65,0.0,532.923108,0.0
2019-02-21,2,0,123,0.0,0.0,0.0,0.0,0.0
2019-02-21,2,0,125,83.5,83.5,0.0,762.918847,0.0
2019-02-21,2,0,126,0.0,0.0,0.0,0.0,0.0
2019-02-21,2,0,127,0.0,0.0,0.0,0.0,0.0
2019-02-21,2,0,128,119.59,119.59,0.0,1092.66425,0.0
2019-02-21,2,0,131,9.04,9.04,0.0,71.722073,0.0
2019-02-21,2,0,132,13.28,13.28,0.0,105.361629,0.0
2019-02-21,2,0,133,24.85,24.85,0.0,244.590795,0.0
2019-02-21,2,0,134,0.0,0.0,0.0,0.0,0.0
2019-02-21,2,0,135,33.3,33.3,0.0,327.761508,0.0
2019-02-21,2,0,136,0.0,0.0,0.0,0.0,0.0
2019-02-21,2,0,139,66.78,66.78,0.0,625.713396,0.0
2019-02-21,2,0,140,107.03,107.03,0.0,239.525793,0.0
2019-02-21,2,0,141,103.39,103.39,0.0,647.929352,0.0
2019-02-21,2,0,142,0.0,0.0,0.0,0.0,0.0
2019-02-21,2,0,143,36.92,36.92,0.0,337.16374,0.0
2019-02-21,2,0,145,10.87,10.87,0.0,100.846905,0.0
2019-02-21,2,0,146,106.01,106.01,0.0,237.243103,0.0
2019-02-21,2,0,152,0.0,0.0,0.0,0.0,0.0
2019-02-21,2,0,153,0.0,0.0,0.0,0.0,0.0
2019-02-21,2,0,154,0.0,0.0,0.0,0.0,0.0
2019-02-21,2,0,157,33.34,33.34,0.0,208.936692,0.0
2019-02-21,2,0,158,0.0,0.0,0.0,0.0,0.0
2019-02-21,2,0,159,0.0,0.0,0.0,0.0,0.0
2019-02-21,2,0,160,0.0,0.0,0.0,0.0,0.0
2019-02-21,2,0,161,0.0,0.0,0.0,0.0,0.0
2019-02-21,2,0,162,11.31,11.31,0.0,133.718031,0.0
2019-02-21,2,0,163,63.62,63.62,0.0,142.377193,0.0
2019-02-21,2,0,164,0.0,0.0,0.0,0.0,0.0
2019-02-21,2,0,167,0.0,0.0,0.0,0.0,0.0
2019-02-21,2,0,168,0.0,0.0,0.0,0.0,0.0
2019-02-21,2,0,169,0.0,0.0,0.0,0.0,0.0
2019-02-21,2,0,170,0.0,0.0,0.0,0.0,0.0
2019-02-21,2,0,172,0.0,0.0,0.0,0.0,0.0
2019-02-21,2,0,173,0.0,0.0,0.0,0.0,0.0
2019-02-21,2,0,188,0.0,0.0,0.0,0.0,0.0
2019-02-21,2,0,190,0.0,0.0,0.0,0.0,0.0
2019-02-21,2,0,191,0.0,0.0,0.0,0.0,0.0
2019-02-21,2,0,192,82.79,82.79,0.0,1034.483098,0.0
2019-02-21,2,0,194,145.22,145.22,0.0,1455.181047,0.0
2019-02-21,2,0,196,0.0,0.0,0.0,0.0,0.0
2019-02-21,2,0,198,0.0,0.0,0.0,0.0,0.0
2019-02-21,2,0,199,7.11,7.11,0.0,73.719046,0.0
2019-02-21,2,0,200,0.0,0.0,0.0,0.0,0.0
2019-02-21,2,0,204,383.78,383.78,0.0,3648.210282,0.0
2019-02-21,2,0,205,407.04,407.04,0.0,3876.500283,0.0
2019-02-21,2,0,206,176.77,176.77,0.0,1613.486479,0.0
2019-02-21,2,0,210,0.0,0.0,0.0,0.0,0.0
2019-02-21,2,0,214,0.0,0.0,0.0,0.0,0.0
2019-02-21,2,0,217,0.0,0.0,0.0,0.0,0.0
2019-02-21,2,0,218,0.0,0.0,0.0,0.0,0.0
2019-02-21,2,0,219,0.0,0.0,0.0,0.0,0.0
2019-02-21,2,0,221,0.0,0.0,0.0,0.0,0.0
2019-02-21,2,0,225,0.0,0.0,0.0,0.0,0.0
2019-02-21,2,0,233,0.0,0.0,0.0,0.0,0.0
2019-02-21,2,0,236,11.1,11.1,0.0,108.491328,0.0
2019-02-21,2,0,237,25.16,25.16,0.0,243.932658,0.0
2019-02-21,2,0,238,0.0,0.0,0.0,0.0,0.0
2019-02-21,2,0,240,0.0,0.0,0.0,0.0,0.0
2019-02-21,2,0,245,8.44,8.44,0.0,83.223493,0.0
2019-02-21,2,0,247,7.0,7.0,0.0,69.024224,0.0
2019-02-21,2,0,248,2.53,2.53,0.0,24.528999,0.0
2019-02-21,2,0,249,16.23,16.23,0.0,160.037594,0.0
2019-02-21,2,0,251,0.0,0.0,0.0,0.0,0.0
2019-02-21,2,0,252,0.0,0.0,0.0,0.0,0.0
2019-02-21,2,0,254,0.0,0.0,0.0,0.0,0.0
2019-02-21,2,0,255,0.0,0.0,0.0,0.0,0.0
2019-02-21,2,0,258,0.0,0.0,0.0,0.0,0.0
2019-02-21,2,0,260,0.0,0.0,0.0,0.0,0.0
2019-02-21,2,0,265,0.0,0.0,0.0,0.0,0.0
2019-02-21,2,0,266,43.24,43.24,0.0,405.148956,0.0
2019-02-21,2,0,267,53.14,53.14,0.0,497.909702,0.0
2019-02-21,2,0,270,198.67,198.67,0.0,444.609822,0.0
2019-02-21,2,0,272,172.39,172.39,0.0,1530.780405,0.0
2019-02-21,2,0,273,0.0,0.0,0.0,0.0,0.0
2019-02-21,2,0,274,256.12,256.12,0.0,573.178979,0.0
2019-02-21,2,0,275,356.52,356.52,0.0,797.867287,0.0
2019-02-21,2,0,276,0.0,0.0,0.0,0.0,0.0
2019-02-21,2,0,277,0.0,0.0,0.0,0.0,0.0
2019-02-21,2,0,278,0.0,0.0,0.0,0.0,0.0
2019-02-21,2,0,279,100.41,100.41,0.0,884.649168,0.0
2019-02-21,2,0,281,6.42,6.42,0.0,58.629231,0.0
2019-02-21,2,0,282,0.0,0.0,0.0,0.0,0.0
2019-02-21,3,0,9,0.0,0.0,0.0,0.0,0.0
2019-02-21,3,0,17,0.0,0.0,0.0,0.0,0.0
2019-02-21,3,0,19,98.69,98.69,0.0,952.469968,0.0
2019-02-21,3,0,20,119.7,119.7,0.0,1155.240199,0.0
2019-02-21,3,0,21,0.0,0.0,0.0,0.0,0.0
2019-02-21,3,0,22,0.0,0.0,0.0,0.0,0.0
2019-02-21,3,0,23,57.45,57.45,0.0,496.839029,0.0
2019-02-21,3,0,24,101.64,101.64,0.0,879.002939,0.0
2019-02-21,3,0,29,0.0,0.0,0.0,0.0,0.0
2019-02-21,3,0,30,0.0,0.0,0.0,0.0,0.0
2019-02-21,3,0,31,15.62,15.62,0.0,134.992769,0.0
2019-02-21,3,0,32,0.0,0.0,0.0,0.0,0.0
2019-02-21,3,0,33,0.0,0.0,0.0,0.0,0.0
2019-02-21,3,0,34,0.0,0.0,0.0,0.0,0.0
2019-02-21,3,0,35,0.0,0.0,0.0,0.0,0.0
2019-02-21,3,0,36,0.0,0.0,0.0,0.0,0.0
2019-02-21,3,0,37,0.0,0.0,0.0,0.0,0.0
2019-02-21,3,0,38,0.0,0.0,0.0,0.0,0.0
2019-02-21,3,0,39,0.0,0.0,0.0,0.0,0.0
2019-02-21,3,0,40,0.0,0.0,0.0,0.0,0.0
2019-02-21,3,0,41,46.46,46.46,0.0,416.327703,0.0
2019-02-21,3,0,42,0.0,0.0,0.0,0.0,0.0
2019-02-21,3,0,43,0.0,0.0,0.0,0.0,0.0
2019-02-21,3,0,46,0.0,0.0,0.0,0.0,0.0
2019-02-21,3,0,52,16.56,16.56,0.0,143.116534,0.0
2019-02-21,3,0,53,26.3,26.3,0.0,227.292563,0.0
2019-02-21,3,0,55,287.08,287.08,0.0,2482.724949,0.0
2019-02-21,3,0,56,0.0,0.0,0.0,0.0,0.0
2019-02-21,3,0,57,0.0,0.0,0.0,0.0,0.0
2019-02-21,3,0,58,0.0,0.0,0.0,0.0,0.0
2019-02-21,3,0,59,0.0,0.0,0.0,0.0,0.0
2019-02-21,3,0,63,58.45,58.45,0.0,727.473766,0.0
2019-02-21,3,0,64,68.77,68.77,0.0,855.917381,0.0
2019-02-21,3,0,65,0.0,0.0,0.0,0.0,0.0
2019-02-21,3,0,67,0.0,0.0,0.0,0.0,0.0
2019-02-21,3,0,68,2.99,2.99,0.0,21.100516,0.0
2019-02-21,3,0,69,0.0,0.0,0.0,0.0,0.0
2019-02-21,3,0,74,8.94,8.94,0.0,84.195344,0.0
2019-02-21,3,0,77,102.61,102.61,0.0,829.358954,0.0
2019-02-21,3,0,78,77.57,77.57,0.0,626.969828,0.0
2019-02-21,3,0,79,44.89,44.89,0.0,362.829388,0.0
2019-02-21,3,0,80,72.59,72.59,0.0,586.718317,0.0
2019-02-21,3,0,81,94.91,94.91,0.0,767.122682,0.0
2019-02-21,3,0,82,66.95,66.95,0.0,541.132268,0.0
2019-02-21,3,0,83,149.29,149.29,0.0,1206.656255,0.0
2019-02-21,3,0,84,0.0,0.0,0.0,0.0,0.0
2019-02-21,3,0,86,0.0,0.0,0.0,0.0,0.0
2019-02-21,3,0,87,0.0,0.0,0.0,0.0,0.0
2019-02-21,3,0,88,97.82,97.82,0.0,790.643143,0.0
2019-02-21,3,0,89,94.04,94.04,0.0,760.090791,0.0
2019-02-21,3,0,90,126.26,126.26,0.0,1020.513221,0.0
2019-02-21,3,0,91,450.4,450.4,0.0,3640.417826,0.0
2019-02-21,3,0,92,161.98,161.98,0.0,1309.224865,0.0
2019-02-21,3,0,95,9.29,9.29,0.0,109.348701,0.0
2019-02-21,3,0,96,9.85,9.85,0.0,85.065986,0.0
2019-02-21,3,0,97,60.59,60.59,0.0,523.263767,0.0
2019-02-21,3,0,99,1.73,1.73,0.0,16.292835,0.0
2019-02-21,3,0,101,0.0,0.0,0.0,0.0,0.0
2019-02-21,3,0,102,7.09,7.09,0.0,50.034334,0.0
2019-02-21,3,0,103,6.16,6.16,0.0,43.471298,0.0
2019-02-21,3,0,104,1.14,1.14,0.0,8.045013,0.0
2019-02-21,3,0,106,0.0,0.0,0.0,0.0,0.0
2019-02-21,3,0,109,73.55,73.55,0.0,673.249407,0.0
2019-02-21,3,0,110,156.97,156.97,0.0,351.288085,0.0
2019-02-21,3,0,111,0.0,0.0,0.0,0.0,0.0
2019-02-21,3,0,113,31.71,31.71,0.0,260.006014,0.0
2019-02-21,3,0,115,31.71,31.71,0.0,260.006014,0.0
2019-02-21,3,0,116,0.0,0.0,0.0,0.0,0.0
2019-02-21,3,0,117,1.63,1.63,0.0,13.365178,0.0
2019-02-21,3,0,119,68.77,68.77,0.0,855.917381,0.0
2019-02-21,3,0,120,40.44,40.44,0.0,503.319745,0.0
2019-02-21,3,0,123,0.0,0.0,0.0,0.0,0.0
2019-02-21,3,0,125,91.98,91.98,0.0,795.461338,0.0
2019-02-21,3,0,126,0.0,0.0,0.0,0.0,0.0
2019-02-21,3,0,127,0.0,0.0,0.0,0.0,0.0
2019-02-21,3,0,128,131.74,131.74,0.0,1139.313727,0.0
2019-02-21,3,0,131,8.66,8.66,0.0,63.85755,0.0
2019-02-21,3,0,132,12.73,12.73,0.0,93.869124,0.0
2019-02-21,3,0,133,10.25,10.25,0.0,98.931883,0.0
2019-02-21,3,0,134,0.0,0.0,0.0,0.0,0.0
2019-02-21,3,0,135,13.72,13.72,0.0,132.423945,0.0
2019-02-21,3,0,136,0.0,0.0,0.0,0.0,0.0
2019-02-21,3,0,139,59.99,59.99,0.0,537.569929,0.0
2019-02-21,3,0,140,116.18,116.18,0.0,260.002865,0.0
2019-02-21,3,0,141,109.29,109.29,0.0,641.612772,0.0
2019-02-21,3,0,142,0.0,0.0,0.0,0.0,0.0
2019-02-21,3,0,143,20.45,20.45,0.0,176.735092,0.0
2019-02-21,3,0,145,9.35,9.35,0.0,82.58112,0.0
2019-02-21,3,0,146,119.26,119.26,0.0,266.895693,0.0
2019-02-21,3,0,152,0.0,0.0,0.0,0.0,0.0
2019-02-21,3,0,153,0.0,0.0,0.0,0.0,0.0
2019-02-21,3,0,154,0.0,0.0,0.0,0.0,0.0
2019-02-21,3,0,157,38.76,38.76,0.0,227.549739,0.0
2019-02-21,3,0,158,0.0,0.0,0.0,0.0,0.0
2019-02-21,3,0,159,0.0,0.0,0.0,0.0,0.0
2019-02-21,3,0,160,0.0,0.0,0.0,0.0,0.0
2019-02-21,3,0,161,0.0,0.0,0.0,0.0,0.0
2019-02-21,3,0,162,10.71,10.71,0.0,126.147372,0.0
2019-02-21,3,0,163,61.58,61.58,0.0,137.811813,0.0
2019-02-21,3,0,164,0.0,0.0,0.0,0.0,0.0
2019-02-21,3,0,167,0.0,0.0,0.0,0.0,0.0
2019-02-21,3,0,168,0.0,0.0,0.0,0.0,0.0
2019-02-21,3,0,169,0.0,0.0,0.0,0.0,0.0
2019-02-21,3,0,170,0.0,0.0,0.0,0.0,0.0
2019-02-21,3,0,172,0.0,0.0,0.0,0.0,0.0
2019-02-21,3,0,173,0.0,0.0,0.0,0.0,0.0
2019-02-21,3,0,188,0.0,0.0,0.0,0.0,0.0
2019-02-21,3,0,190,0.0,0.0,0.0,0.0,0.0
2019-02-21,3,0,191,0.0,0.0,0.0,0.0,0.0
2019-02-21,3,0,192,79.91,79.91,0.0,994.566787,0.0
2019-02-21,3,0,194,120.64,120.64,0.0,1108.869406,0.0
2019-02-21,3,0,196,0.0,0.0,0.0,0.0,0.0
2019-02-21,3,0,198,0.0,0.0,0.0,0.0,0.0
2019-02-21,3,0,199,8.12,8.12,0.0,79.242138,0.0
2019-02-21,3,0,200,0.0,0.0,0.0,0.0,0.0
2019-02-21,3,0,204,332.67,332.67,0.0,3036.54876,0.0
2019-02-21,3,0,205,389.08,389.08,0.0,3561.493941,0.0
2019-02-21,3,0,206,178.04,178.04,0.0,1537.578495,0.0
2019-02-21,3,0,210,0.0,0.0,0.0,0.0,0.0
2019-02-21,3,0,214,0.0,0.0,0.0,0.0,0.0
2019-02-21,3,0,217,0.0,0.0,0.0,0.0,0.0
2019-02-21,3,0,218,0.0,0.0,0.0,0.0,0.0
2019-02-21,3,0,219,0.0,0.0,0.0,0.0,0.0
2019-02-21,3,0,221,0.0,0.0,0.0,0.0,0.0
2019-02-21,3,0,225,0.0,0.0,0.0,0.0,0.0
2019-02-21,3,0,233,0.0,0.0,0.0,0.0,0.0
2019-02-21,3,0,236,11.21,11.21,0.0,106.945441,0.0
2019-02-21,3,0,237,21.46,21.46,0.0,202.106496,0.0
2019-02-21,3,0,238,0.0,0.0,0.0,0.0,0.0
2019-02-21,3,0,240,0.0,0.0,0.0,0.0,0.0
2019-02-21,3,0,245,6.36,6.36,0.0,61.570226,0.0
2019-02-21,3,0,247,6.24,6.24,0.0,60.408524,0.0
2019-02-21,3,0,248,2.15,2.15,0.0,20.248321,0.0
2019-02-21,3,0,249,12.24,12.24,0.0,118.493643,0.0
2019-02-21,3,0,251,0.0,0.0,0.0,0.0,0.0
2019-02-21,3,0,252,0.0,0.0,0.0,0.0,0.0
2019-02-21,3,0,254,0.0,0.0,0.0,0.0,0.0
2019-02-21,3,0,255,0.0,0.0,0.0,0.0,0.0
2019-02-21,3,0,258,0.0,0.0,0.0,0.0,0.0
2019-02-21,3,0,260,0.0,0.0,0.0,0.0,0.0
2019-02-21,3,0,265,0.0,0.0,0.0,0.0,0.0
2019-02-21,3,0,266,38.85,38.85,0.0,348.134552,0.0
2019-02-21,3,0,267,47.74,47.74,0.0,427.797773,0.0
2019-02-21,3,0,270,192.33,192.33,0.0,430.421338,0.0
2019-02-21,3,0,272,129.53,129.53,0.0,1062.080702,0.0
2019-02-21,3,0,273,0.0,0.0,0.0,0.0,0.0
2019-02-21,3,0,274,247.93,247.93,0.0,554.850321,0.0
2019-02-21,3,0,275,345.12,345.12,0.0,772.354869,0.0
2019-02-21,3,0,276,0.0,0.0,0.0,0.0,0.0
2019-02-21,3,0,277,0.0,0.0,0.0,0.0,0.0
2019-02-21,3,0,278,0.0,0.0,0.0,0.0,0.0
2019-02-21,3,0,279,96.5,96.5,0.0,786.730107,0.0
2019-02-21,3,0,281,7.01,7.01,0.0,60.582543,0.0
2019-02-21,3,0,282,0.0,0.0,0.0,0.0,0.0
2019-02-21,4,0,9,0.0,0.0,0.0,0.0,0.0
2019-02-21,4,0,17,0.0,0.0,0.0,0.0,0.0
2019-02-21,4,0,19,68.57,68.57,0.0,686.141552,0.0
2019-02-21,4,0,20,83.16,83.16,0.0,832.135503,0.0
2019-02-21,4,0,21,0.0,0.0,0.0,0.0,0.0
2019-02-21,4,0,22,0.0,0.0,0.0,0.0,0.0
2019-02-21,4,0,23,57.04,57.04,0.0,449.133705,0.0
2019-02-21,4,0,24,94.26,94.26,0.0,742.204472,0.0
2019-02-21,4,0,29,0.0,0.0,0.0,0.0,0.0
2019-02-21,4,0,30,0.0,0.0,0.0,0.0,0.0
2019-02-21,4,0,31,17.0,17.0,0.0,133.655882,0.0
2019-02-21,4,0,32,0.0,0.0,0.0,0.0,0.0
2019-02-21,4,0,33,0.0,0.0,0.0,0.0,0.0
2019-02-21,4,0,34,0.0,0.0,0.0,0.0,0.0
2019-02-21,4,0,35,0.0,0.0,0.0,0.0,0.0
2019-02-21,4,0,36,0.0,0.0,0.0,0.0,0.0
2019-02-21,4,0,37,0.0,0.0,0.0,0.0,0.0
2019-02-21,4,0,38,0.0,0.0,0.0,0.0,0.0
2019-02-21,4,0,39,0.0,0.0,0.0,0.0,0.0
2019-02-21,4,0,40,0.0,0.0,0.0,0.0,0.0
2019-02-21,4,0,41,41.66,41.66,0.0,354.685512,0.0
2019-02-21,4,0,42,0.0,0.0,0.0,0.0,0.0
2019-02-21,4,0,43,0.0,0.0,0.0,0.0,0.0
2019-02-21,4,0,46,0.0,0.0,0.0,0.0,0.0
2019-02-21,4,0,52,18.02,18.02,0.0,141.675235,0.0
2019-02-21,4,0,53,28.63,28.63,0.0,225.09223,0.0
2019-02-21,4,0,55,322.41,322.41,0.0,2538.660554,0.0
2019-02-21,4,0,56,0.0,0.0,0.0,0.0,0.0
2019-02-21,4,0,57,0.0,0.0,0.0,0.0,0.0
2019-02-21,4,0,58,0.0,0.0,0.0,0.0,0.0
2019-02-21,4,0,59,0.0,0.0,0.0,0.0,0.0
2019-02-21,4,0,63,55.65,55.65,0.0,828.461773,0.0
2019-02-21,4,0,64,65.47,65.47,0.0,974.652152,0.0
2019-02-21,4,0,65,0.0,0.0,0.0,0.0,0.0
2019-02-21,4,0,67,0.0,0.0,0.0,0.0,0.0
2019-02-21,4,0,68,2.92,2.92,0.0,17.245287,0.0
2019-02-21,4,0,69,0.0,0.0,0.0,0.0,0.0
2019-02-21,4,0,74,7.49,7.49,0.0,70.983239,0.0
2019-02-21,4,0,77,106.81,106.81,0.0,719.274637,0.0
2019-02-21,4,0,78,80.75,80.75,0.0,543.782669,0.0
2019-02-21,4,0,79,46.73,46.73,0.0,314.686862,0.0
2019-02-21,4,0,80,75.57,75.57,0.0,508.899769,0.0
2019-02-21,4,0,81,98.8,98.8,0.0,665.33409,0.0
2019-02-21,4,0,82,69.69,69.69,0.0,469.302963,0.0
2019-02-21,4,0,83,155.41,155.41,0.0,1046.554361,0.0
2019-02-21,4,0,84,0.0,0.0,0.0,0.0,0.0
2019-02-21,4,0,86,0.0,0.0,0.0,0.0,0.0
2019-02-21,4,0,87,0.0,0.0,0.0,0.0,0.0
2019-02-21,4,0,88,99.16,99.16,0.0,667.758384,0.0
2019-02-21,4,0,89,95.32,95.32,0.0,641.899245,0.0
2019-02-21,4,0,90,127.99,127.99,0.0,861.903949,0.0
2019-02-21,4,0,91,456.56,456.56,0.0,3074.543845,0.0
2019-02-21,4,0,92,164.2,164.2,0.0,1105.747546,0.0
2019-02-21,4,0,95,27.12,27.12,0.0,381.479237,0.0
2019-02-21,4,0,96,9.96,9.96,0.0,78.182729,0.0
2019-02-21,4,0,97,61.27,61.27,0.0,480.949377,0.0
2019-02-21,4,0,99,1.45,1.45,0.0,13.741749,0.0
2019-02-21,4,0,101,0.0,0.0,0.0,0.0,0.0
2019-02-21,4,0,102,6.91,6.91,0.0,40.809909,0.0
2019-02-21,4,0,103,6.01,6.01,0.0,35.494581,0.0
2019-02-21,4,0,104,1.12,1.12,0.0,6.614631,0.0
2019-02-21,4,0,106,0.0,0.0,0.0,0.0,0.0
2019-02-21,4,0,109,64.71,64.71,0.0,575.124503,0.0
2019-02-21,4,0,110,170.11,170.11,0.0,380.694503,0.0
2019-02-21,4,0,111,0.0,0.0,0.0,0.0,0.0
2019-02-21,4,0,113,16.91,16.91,0.0,112.734754,0.0
2019-02-21,4,0,115,16.91,16.91,0.0,112.734754,0.0
2019-02-21,4,0,116,0.0,0.0,0.0,0.0,0.0
2019-02-21,4,0,117,1.13,1.13,0.0,7.533428,0.0
2019-02-21,4,0,119,65.47,65.47,0.0,974.652152,0.0
2019-02-21,4,0,120,38.49,38.49,0.0,573.000784,0.0
2019-02-21,4,0,123,0.0,0.0,0.0,0.0,0.0
2019-02-21,4,0,125,86.49,86.49,0.0,681.02339,0.0
2019-02-21,4,0,126,0.0,0.0,0.0,0.0,0.0
2019-02-21,4,0,127,0.0,0.0,0.0,0.0,0.0
2019-02-21,4,0,128,117.46,117.46,0.0,924.881575,0.0
2019-02-21,4,0,131,8.32,8.32,0.0,51.143582,0.0
2019-02-21,4,0,132,12.23,12.23,0.0,75.178607,0.0
2019-02-21,4,0,133,10.18,10.18,0.0,101.883314,0.0
2019-02-21,4,0,134,0.0,0.0,0.0,0.0,0.0
2019-02-21,4,0,135,14.05,14.05,0.0,140.614987,0.0
2019-02-21,4,0,136,0.0,0.0,0.0,0.0,0.0
2019-02-21,4,0,139,53.79,53.79,0.0,457.958082,0.0
2019-02-21,4,0,140,125.9,125.9,0.0,281.755558,0.0
2019-02-21,4,0,141,115.77,115.77,0.0,579.196185,0.0
2019-02-21,4,0,142,0.0,0.0,0.0,0.0,0.0
2019-02-21,4,0,143,21.59,21.59,0.0,169.74297,0.0
2019-02-21,4,0,145,7.96,7.96,0.0,65.615656,0.0
2019-02-21,4,0,146,133.75,133.75,0.0,299.323319,0.0
2019-02-21,4,0,152,0.0,0.0,0.0,0.0,0.0
2019-02-21,4,0,153,0.0,0.0,0.0,0.0,0.0
2019-02-21,4,0,154,0.0,0.0,0.0,0.0,0.0
2019-02-21,4,0,157,45.31,45.31,0.0,226.68549,0.0
2019-02-21,4,0,158,0.0,0.0,0.0,0.0,0.0
2019-02-21,4,0,159,0.0,0.0,0.0,0.0,0.0
2019-02-21,4,0,160,0.0,0.0,0.0,0.0,0.0
2019-02-21,4,0,161,0.0,0.0,0.0,0.0,0.0
2019-02-21,4,0,162,11.19,11.19,0.0,157.52421,0.0
2019-02-21,4,0,163,59.84,59.84,0.0,133.917812,0.0
2019-02-21,4,0,164,0.0,0.0,0.0,0.0,0.0
2019-02-21,4,0,167,0.0,0.0,0.0,0.0,0.0
2019-02-21,4,0,168,0.0,0.0,0.0,0.0,0.0
2019-02-21,4,0,169,0.0,0.0,0.0,0.0,0.0
2019-02-21,4,0,170,0.0,0.0,0.0,0.0,0.0
2019-02-21,4,0,172,0.0,0.0,0.0,0.0,0.0
2019-02-21,4,0,173,0.0,0.0,0.0,0.0,0.0
2019-02-21,4,0,188,0.0,0.0,0.0,0.0,0.0
2019-02-21,4,0,190,0.0,0.0,0.0,0.0,0.0
2019-02-21,4,0,191,0.0,0.0,0.0,0.0,0.0
2019-02-21,4,0,192,77.78,77.78,0.0,1157.911172,0.0
2019-02-21,4,0,194,99.2,99.2,0.0,721.776135,0.0
2019-02-21,4,0,196,0.0,0.0,0.0,0.0,0.0
2019-02-21,4,0,198,0.0,0.0,0.0,0.0,0.0
2019-02-21,4,0,199,11.67,11.67,0.0,106.650599,0.0
2019-02-21,4,0,200,0.0,0.0,0.0,0.0,0.0
2019-02-21,4,0,204,293.36,293.36,0.0,2590.902045,0.0
2019-02-21,4,0,205,342.32,342.32,0.0,3042.445058,0.0
2019-02-21,4,0,206,180.03,180.03,0.0,1413.176373,0.0
2019-02-21,4,0,210,0.0,0.0,0.0,0.0,0.0
2019-02-21,4,0,214,0.0,0.0,0.0,0.0,0.0
2019-02-21,4,0,217,0.0,0.0,0.0,0.0,0.0
2019-02-21,4,0,218,0.0,0.0,0.0,0.0,0.0
2019-02-21,4,0,219,0.0,0.0,0.0,0.0,0.0
2019-02-21,4,0,221,0.0,0.0,0.0,0.0,0.0
2019-02-21,4,0,225,0.0,0.0,0.0,0.0,0.0
2019-02-21,4,0,233,0.0,0.0,0.0,0.0,0.0
2019-02-21,4,0,236,11.37,11.37,0.0,110.874198,0.0
2019-02-21,4,0,237,17.96,17.96,0.0,170.208141,0.0
2019-02-21,4,0,238,0.0,0.0,0.0,0.0,0.0
2019-02-21,4,0,240,0.0,0.0,0.0,0.0,0.0
2019-02-21,4,0,245,4.68,4.68,0.0,47.14883,0.0
2019-02-21,4,0,247,5.74,5.74,0.0,57.827838,0.0
2019-02-21,4,0,248,1.8,1.8,0.0,17.058722,0.0
2019-02-21,4,0,249,9.0,9.0,0.0,90.670827,0.0
2019-02-21,4,0,251,0.0,0.0,0.0,0.0,0.0
2019-02-21,4,0,252,0.0,0.0,0.0,0.0,0.0
2019-02-21,4,0,254,0.0,0.0,0.0,0.0,0.0
2019-02-21,4,0,255,0.0,0.0,0.0,0.0,0.0
2019-02-21,4,0,258,0.0,0.0,0.0,0.0,0.0
2019-02-21,4,0,260,0.0,0.0,0.0,0.0,0.0
2019-02-21,4,0,265,0.0,0.0,0.0,0.0,0.0
2019-02-21,4,0,266,34.83,34.83,0.0,296.536159,0.0
2019-02-21,4,0,267,42.8,42.8,0.0,364.391261,0.0
2019-02-21,4,0,270,186.88,186.88,0.0,418.224612,0.0
2019-02-21,4,0,272,56.51,56.51,0.0,376.738081,0.0
2019-02-21,4,0,273,0.0,0.0,0.0,0.0,0.0
2019-02-21,4,0,274,240.91,240.91,0.0,539.140043,0.0
2019-02-21,4,0,275,335.35,335.35,0.0,750.49028,0.0
2019-02-21,4,0,276,0.0,0.0,0.0,0.0,0.0
2019-02-21,4,0,277,0.0,0.0,0.0,0.0,0.0
2019-02-21,4,0,278,0.0,0.0,0.0,0.0,0.0
2019-02-21,4,0,279,92.56,92.56,0.0,619.575577,0.0
2019-02-21,4,0,281,7.63,7.63,0.0,59.987905,0.0
2019-02-21,4,0,282,0.0,0.0,0.0,0.0,0.0
2019-02-21,5,0,9,0.0,0.0,0.0,0.0,0.0
2019-02-21,5,0,17,0.0,0.0,0.0,0.0,0.0
2019-02-21,5,0,19,58.53,58.53,0.0,599.261675,0.0
2019-02-21,5,0,20,70.99,70.99,0.0,726.833869,0.0
2019-02-21,5,0,21,0.0,0.0,0.0,0.0,0.0
2019-02-21,5,0,22,0.0,0.0,0.0,0.0,0.0
2019-02-21,5,0,23,51.08,51.08,0.0,372.535739,0.0
2019-02-21,5,0,24,90.37,90.37,0.0,659.084862,0.0
2019-02-21,5,0,29,0.0,0.0,0.0,0.0,0.0
2019-02-21,5,0,30,0.0,0.0,0.0,0.0,0.0
2019-02-21,5,0,31,14.73,14.73,0.0,107.189249,0.0
2019-02-21,5,0,32,0.0,0.0,0.0,0.0,0.0
2019-02-21,5,0,33,0.0,0.0,0.0,0.0,0.0
2019-02-21,5,0,34,0.0,0.0,0.0,0.0,0.0
2019-02-21,5,0,35,0.0,0.0,0.0,0.0,0.0
2019-02-21,5,0,36,0.0,0.0,0.0,0.0,0.0
2019-02-21,5,0,37,0.0,0.0,0.0,0.0,0.0
2019-02-21,5,0,38,0.0,0.0,0.0,0.0,0.0
2019-02-21,5,0,39,0.0,0.0,0.0,0.0,0.0
2019-02-21,5,0,40,0.0,0.0,0.0,0.0,0.0
2019-02-21,5,0,41,49.74,49.74,0.0,406.337015,0.0
2019-02-21,5,0,42,0.0,0.0,0.0,0.0,0.0
2019-02-21,5,0,43,0.0,0.0,0.0,0.0,0.0
2019-02-21,5,0,46,0.0,0.0,0.0,0.0,0.0
2019-02-21,5,0,52,15.61,15.61,0.0,113.592952,0.0
2019-02-21,5,0,53,24.8,24.8,0.0,180.467982,0.0
2019-02-21,5,0,55,211.92,211.92,0.0,1545.571139,0.0
2019-02-21,5,0,56,0.0,0.0,0.0,0.0,0.0
2019-02-21,5,0,57,0.0,0.0,0.0,0.0,0.0
2019-02-21,5,0,58,0.0,0.0,0.0,0.0,0.0
2019-02-21,5,0,59,0.0,0.0,0.0,0.0,0.0
2019-02-21,5,0,63,59.37,59.37,0.0,990.504063,0.0
2019-02-21,5,0,64,69.85,69.85,0.0,1165.347967,0.0
2019-02-21,5,0,65,0.0,0.0,0.0,0.0,0.0
2019-02-21,5,0,67,0.0,0.0,0.0,0.0,0.0
2019-02-21,5,0,68,2.53,2.53,0.0,12.800973,0.0
2019-02-21,5,0,69,0.0,0.0,0.0,0.0,0.0
2019-02-21,5,0,74,6.21,6.21,0.0,58.977866,0.0
2019-02-21,5,0,77,89.54,89.54,0.0,513.762657,0.0
2019-02-21,5,0,78,67.69,67.69,0.0,388.391716,0.0
2019-02-21,5,0,79,39.17,39.17,0.0,224.749646,0.0
2019-02-21,5,0,80,63.35,63.35,0.0,363.489662,0.0
2019-02-21,5,0,81,82.83,82.83,0.0,475.262016,0.0
2019-02-21,5,0,82,58.43,58.43,0.0,335.259684,0.0
2019-02-21,5,0,83,130.28,130.28,0.0,747.52065,0.0
2019-02-21,5,0,84,0.0,0.0,0.0,0.0,0.0
2019-02-21,5,0,86,0.0,0.0,0.0,0.0,0.0
2019-02-21,5,0,87,0.0,0.0,0.0,0.0,0.0
2019-02-21,5,0,88,88.47,88.47,0.0,507.623211,0.0
2019-02-21,5,0,89,85.05,85.05,0.0,487.999933,0.0
2019-02-21,5,0,90,114.19,114.19,0.0,655.19944,0.0
2019-02-21,5,0,91,407.35,407.35,0.0,2337.293036,0.0
2019-02-21,5,0,92,146.5,146.5,0.0,840.587774,0.0
2019-02-21,5,0,95,9.71,9.71,0.0,153.01098,0.0
2019-02-21,5,0,96,7.84,7.84,0.0,56.918045,0.0
2019-02-21,5,0,97,48.21,48.21,0.0,350.002419,0.0
2019-02-21,5,0,99,1.2,1.2,0.0,11.396689,0.0
2019-02-21,5,0,101,0.0,0.0,0.0,0.0,0.0
2019-02-21,5,0,102,5.99,5.99,0.0,30.307443,0.0
2019-02-21,5,0,103,5.21,5.21,0.0,26.360898,0.0
2019-02-21,5,0,104,0.97,0.97,0.0,4.907883,0.0
2019-02-21,5,0,106,0.0,0.0,0.0,0.0,0.0
2019-02-21,5,0,109,64.84,64.84,0.0,562.476394,0.0
2019-02-21,5,0,110,145.81,145.81,0.0,329.552865,0.0
2019-02-21,5,0,111,0.0,0.0,0.0,0.0,0.0
2019-02-21,5,0,113,40.13,40.13,0.0,222.131431,0.0
2019-02-21,5,0,115,40.13,40.13,0.0,222.131431,0.0
2019-02-21,5,0,116,0.0,0.0,0.0,0.0,0.0
2019-02-21,5,0,117,1.93,1.93,0.0,10.683121,0.0
2019-02-21,5,0,119,69.85,69.85,0.0,1165.347967,0.0
2019-02-21,5,0,120,41.07,41.07,0.0,685.194574,0.0
2019-02-21,5,0,123,0.0,0.0,0.0,0.0,0.0
2019-02-21,5,0,125,81.78,81.78,0.0,596.436428,0.0
2019-02-21,5,0,126,0.0,0.0,0.0,0.0,0.0
2019-02-21,5,0,127,0.0,0.0,0.0,0.0,0.0
2019-02-21,5,0,128,117.13,117.13,0.0,854.250413,0.0
2019-02-21,5,0,131,7.24,7.24,0.0,37.96455,0.0
2019-02-21,5,0,132,10.65,10.65,0.0,55.845643,0.0
2019-02-21,5,0,133,3.21,3.21,0.0,32.873567,0.0
2019-02-21,5,0,134,0.0,0.0,0.0,0.0,0.0
2019-02-21,5,0,135,4.57,4.57,0.0,46.801309,0.0
2019-02-21,5,0,136,0.0,0.0,0.0,0.0,0.0
2019-02-21,5,0,139,64.23,64.23,0.0,524.709016,0.0
2019-02-21,5,0,140,107.92,107.92,0.0,243.915679,0.0
2019-02-21,5,0,141,99.22,99.22,0.0,433.643951,0.0
2019-02-21,5,0,142,0.0,0.0,0.0,0.0,0.0
2019-02-21,5,0,143,37.75,37.75,0.0,274.704287,0.0
2019-02-21,5,0,145,6.78,6.78,0.0,52.859394,0.0
2019-02-21,5,0,146,154.44,154.44,0.0,349.057982,0.0
2019-02-21,5,0,152,0.0,0.0,0.0,0.0,0.0
2019-02-21,5,0,153,0.0,0.0,0.0,0.0,0.0
2019-02-21,5,0,154,0.0,0.0,0.0,0.0,0.0
2019-02-21,5,0,157,40.81,40.81,0.0,178.361315,0.0
2019-02-21,5,0,158,0.0,0.0,0.0,0.0,0.0
2019-02-21,5,0,159,0.0,0.0,0.0,0.0,0.0
2019-02-21,5,0,160,0.0,0.0,0.0,0.0,0.0
2019-02-21,5,0,161,0.0,0.0,0.0,0.0,0.0
2019-02-21,5,0,162,8.48,8.48,0.0,133.739424,0.0
2019-02-21,5,0,163,61.77,61.77,0.0,139.609632,0.0
2019-02-21,5,0,164,0.0,0.0,0.0,0.0,0.0
2019-02-21,5,0,167,0.0,0.0,0.0,0.0,0.0
2019-02-21,5,0,168,0.0,0.0,0.0,0.0,0.0
2019-02-21,5,0,169,0.0,0.0,0.0,0.0,0.0
2019-02-21,5,0,170,0.0,0.0,0.0,0.0,0.0
2019-02-21,5,0,172,0.0,0.0,0.0,0.0,0.0
2019-02-21,5,0,173,0.0,0.0,0.0,0.0,0.0
2019-02-21,5,0,188,0.0,0.0,0.0,0.0,0.0
2019-02-21,5,0,190,0.0,0.0,0.0,0.0,0.0
2019-02-21,5,0,191,0.0,0.0,0.0,0.0,0.0
2019-02-21,5,0,192,70.04,70.04,0.0,1168.517847,0.0
2019-02-21,5,0,194,110.21,110.21,0.0,645.756437,0.0
2019-02-21,5,0,196,0.0,0.0,0.0,0.0,0.0
2019-02-21,5,0,198,0.0,0.0,0.0,0.0,0.0
2019-02-21,5,0,199,5.99,5.99,0.0,52.027585,0.0
2019-02-21,5,0,200,0.0,0.0,0.0,0.0,0.0
2019-02-21,5,0,204,309.28,309.28,0.0,2658.977044,0.0
2019-02-21,5,0,205,342.99,342.99,0.0,2975.382149,0.0
2019-02-21,5,0,206,141.67,141.67,0.0,1028.51779,0.0
2019-02-21,5,0,210,0.0,0.0,0.0,0.0,0.0
2019-02-21,5,0,214,0.0,0.0,0.0,0.0,0.0
2019-02-21,5,0,217,0.0,0.0,0.0,0.0,0.0
2019-02-21,5,0,218,0.0,0.0,0.0,0.0,0.0
2019-02-21,5,0,219,0.0,0.0,0.0,0.0,0.0
2019-02-21,5,0,221,0.0,0.0,0.0,0.0,0.0
2019-02-21,5,0,225,0.0,0.0,0.0,0.0,0.0
2019-02-21,5,0,233,0.0,0.0,0.0,0.0,0.0
2019-02-21,5,0,236,9.21,9.21,0.0,91.000092,0.0
2019-02-21,5,0,237,14.89,14.89,0.0,141.413917,0.0
2019-02-21,5,0,238,0.0,0.0,0.0,0.0,0.0
2019-02-21,5,0,240,0.0,0.0,0.0,0.0,0.0
2019-02-21,5,0,245,2.62,2.62,0.0,27.075298,0.0
2019-02-21,5,0,247,0.0,0.0,0.0,0.0,0.0
2019-02-21,5,0,248,1.49,1.49,0.0,14.150889,0.0
2019-02-21,5,0,249,5.03,5.03,0.0,51.980439,0.0
2019-02-21,5,0,251,0.0,0.0,0.0,0.0,0.0
2019-02-21,5,0,252,0.0,0.0,0.0,0.0,0.0
2019-02-21,5,0,254,0.0,0.0,0.0,0.0,0.0
2019-02-21,5,0,255,0.0,0.0,0.0,0.0,0.0
2019-02-21,5,0,258,0.0,0.0,0.0,0.0,0.0
2019-02-21,5,0,260,0.0,0.0,0.0,0.0,0.0
2019-02-21,5,0,265,0.0,0.0,0.0,0.0,0.0
2019-02-21,5,0,266,41.59,41.59,0.0,339.75787,0.0
2019-02-21,5,0,267,51.11,51.11,0.0,417.528847,0.0
2019-02-21,5,0,270,192.92,192.92,0.0,436.028658,0.0
2019-02-21,5,0,272,137.94,137.94,0.0,763.53874,0.0
2019-02-21,5,0,273,0.0,0.0,0.0,0.0,0.0
2019-02-21,5,0,274,248.69,248.69,0.0,562.077374,0.0
2019-02-21,5,0,275,346.18,346.18,0.0,782.41966,0.0
2019-02-21,5,0,276,0.0,0.0,0.0,0.0,0.0
2019-02-21,5,0,277,0.0,0.0,0.0,0.0,0.0
2019-02-21,5,0,278,0.0,0.0,0.0,0.0,0.0
2019-02-21,5,0,279,88.32,88.32,0.0,496.047811,0.0
2019-02-21,5,0,281,6.61,6.61,0.0,48.100539,0.0
2019-02-21,5,0,282,0.0,0.0,0.0,0.0,0.0
2019-02-21,6,0,9,0.0,0.0,0.0,0.0,0.0
2019-02-21,6,0,17,0.0,0.0,0.0,0.0,0.0
2019-02-21,6,0,19,49.59,49.59,0.0,494.773844,0.0
2019-02-21,6,0,20,60.14,60.14,0.0,600.03426,0.0
2019-02-21,6,0,21,0.0,0.0,0.0,0.0,0.0
2019-02-21,6,0,22,0.0,0.0,0.0,0.0,0.0
2019-02-21,6,0,23,40.61,40.61,0.0,292.127922,0.0
2019-02-21,6,0,24,71.86,71.86,0.0,516.92471,0.0
2019-02-21,6,0,29,0.0,0.0,0.0,0.0,0.0
2019-02-21,6,0,30,0.0,0.0,0.0,0.0,0.0
2019-02-21,6,0,31,12.74,12.74,0.0,91.444319,0.0
2019-02-21,6,0,32,0.0,0.0,0.0,0.0,0.0
2019-02-21,6,0,33,0.0,0.0,0.0,0.0,0.0
2019-02-21,6,0,34,0.0,0.0,0.0,0.0,0.0
2019-02-21,6,0,35,0.0,0.0,0.0,0.0,0.0
2019-02-21,6,0,36,0.0,0.0,0.0,0.0,0.0
2019-02-21,6,0,37,0.0,0.0,0.0,0.0,0.0
2019-02-21,6,0,38,0.0,0.0,0.0,0.0,0.0
2019-02-21,6,0,39,0.0,0.0,0.0,0.0,0.0
2019-02-21,6,0,40,0.0,0.0,0.0,0.0,0.0
2019-02-21,6,0,41,58.91,58.91,0.0,473.503339,0.0
2019-02-21,6,0,42,0.0,0.0,0.0,0.0,0.0
2019-02-21,6,0,43,0.0,0.0,0.0,0.0,0.0
2019-02-21,6,0,46,0.0,0.0,0.0,0.0,0.0
2019-02-21,6,0,52,13.51,13.51,0.0,96.971173,0.0
2019-02-21,6,0,53,21.45,21.45,0.0,153.962373,0.0
2019-02-21,6,0,55,75.67,75.67,0.0,544.331934,0.0
2019-02-21,6,0,56,0.0,0.0,0.0,0.0,0.0
2019-02-21,6,0,57,0.0,0.0,0.0,0.0,0.0
2019-02-21,6,0,58,0.0,0.0,0.0,0.0,0.0
2019-02-21,6,0,59,0.0,0.0,0.0,0.0,0.0
2019-02-21,6,0,63,63.12,63.12,0.0,1135.329876,0.0
2019-02-21,6,0,64,74.25,74.25,0.0,1335.523499,0.0
2019-02-21,6,0,65,0.0,0.0,0.0,0.0,0.0
2019-02-21,6,0,67,0.0,0.0,0.0,0.0,0.0
2019-02-21,6,0,68,2.2,2.2,0.0,11.038085,0.0
2019-02-21,6,0,69,0.0,0.0,0.0,0.0,0.0
2019-02-21,6,0,74,5.01,5.01,0.0,46.583497,0.0
2019-02-21,6,0,77,75.94,75.94,0.0,431.575325,0.0
2019-02-21,6,0,78,57.41,57.41,0.0,326.267309,0.0
2019-02-21,6,0,79,33.23,33.23,0.0,188.849724,0.0
2019-02-21,6,0,80,53.73,53.73,0.0,305.353466,0.0
2019-02-21,6,0,81,70.25,70.25,0.0,399.238433,0.0
2019-02-21,6,0,82,49.55,49.55,0.0,281.598069,0.0
2019-02-21,6,0,83,110.5,110.5,0.0,627.983585,0.0
2019-02-21,6,0,84,0.0,0.0,0.0,0.0,0.0
2019-02-21,6,0,86,0.0,0.0,0.0,0.0,0.0
2019-02-21,6,0,87,0.0,0.0,0.0,0.0,0.0
2019-02-21,6,0,88,81.36,81.36,0.0,462.377778,0.0
2019-02-21,6,0,89,78.21,78.21,0.0,444.475984,0.0
2019-02-21,6,0,90,105.02,105.02,0.0,596.840146,0.0
2019-02-21,6,0,91,374.62,374.62,0.0,2129.006431,0.0
2019-02-21,6,0,92,134.73,134.73,0.0,765.685325,0.0
2019-02-21,6,0,95,8.44,8.44,0.0,143.528584,0.0
2019-02-21,6,0,96,6.23,6.23,0.0,44.614637,0.0
2019-02-21,6,0,97,38.32,38.32,0.0,274.419402,0.0
2019-02-21,6,0,99,0.97,0.97,0.0,9.01916,0.0
2019-02-21,6,0,101,0.0,0.0,0.0,0.0,0.0
2019-02-21,6,0,102,5.21,5.21,0.0,26.140192,0.0
2019-02-21,6,0,103,4.53,4.53,0.0,22.72842,0.0
2019-02-21,6,0,104,0.84,0.84,0.0,4.214542,0.0
2019-02-21,6,0,106,0.0,0.0,0.0,0.0,0.0
2019-02-21,6,0,109,69.53,69.53,0.0,593.688027,0.0
2019-02-21,6,0,110,123.75,123.75,0.0,280.074104,0.0
2019-02-21,6,0,111,0.0,0.0,0.0,0.0,0.0
2019-02-21,6,0,113,53.81,53.81,0.0,295.322116,0.0
2019-02-21,6,0,115,53.81,53.81,0.0,295.322116,0.0
2019-02-21,6,0,116,0.0,0.0,0.0,0.0,0.0
2019-02-21,6,0,117,2.13,2.13,0.0,11.689948,0.0
2019-02-21,6,0,119,74.25,74.25,0.0,1335.523499,0.0
2019-02-21,6,0,120,43.66,43.66,0.0,785.305804,0.0
2019-02-21,6,0,123,0.0,0.0,0.0,0.0,0.0
2019-02-21,6,0,125,65.03,65.03,0.0,467.793124,0.0
2019-02-21,6,0,126,0.0,0.0,0.0,0.0,0.0
2019-02-21,6,0,127,0.0,0.0,0.0,0.0,0.0
2019-02-21,6,0,128,93.13,93.13,0.0,669.930396,0.0
2019-02-21,6,0,131,6.32,6.32,0.0,32.85372,0.0
2019-02-21,6,0,132,9.29,9.29,0.0,48.292889,0.0
2019-02-21,6,0,133,1.78,1.78,0.0,17.763552,0.0
2019-02-21,6,0,134,0.0,0.0,0.0,0.0,0.0
2019-02-21,6,0,135,2.38,2.38,0.0,23.751266,0.0
2019-02-21,6,0,136,0.0,0.0,0.0,0.0,0.0
2019-02-21,6,0,139,76.07,76.07,0.0,611.430979,0.0
2019-02-21,6,0,140,91.59,91.59,0.0,207.288786,0.0
2019-02-21,6,0,141,85.32,85.32,0.0,370.233515,0.0
2019-02-21,6,0,142,0.0,0.0,0.0,0.0,0.0
2019-02-21,6,0,143,61.7,61.7,0.0,442.866128,0.0
2019-02-21,6,0,145,6.34,6.34,0.0,48.712083,0.0
2019-02-21,6,0,146,178.53,178.53,0.0,404.053574,0.0
2019-02-21,6,0,152,0.0,0.0,0.0,0.0,0.0
2019-02-21,6,0,153,0.0,0.0,0.0,0.0,0.0
2019-02-21,6,0,154,0.0,0.0,0.0,0.0,0.0
2019-02-21,6,0,157,36.63,36.63,0.0,158.950465,0.0
2019-02-21,6,0,158,0.0,0.0,0.0,0.0,0.0
2019-02-21,6,0,159,0.0,0.0,0.0,0.0,0.0
2019-02-21,6,0,160,0.0,0.0,0.0,0.0,0.0
2019-02-21,6,0,161,0.0,0.0,0.0,0.0,0.0
2019-02-21,6,0,162,6.53,6.53,0.0,111.138413,0.0
2019-02-21,6,0,163,63.72,63.72,0.0,144.212702,0.0
2019-02-21,6,0,164,0.0,0.0,0.0,0.0,0.0
2019-02-21,6,0,167,0.0,0.0,0.0,0.0,0.0
2019-02-21,6,0,168,0.0,0.0,0.0,0.0,0.0
2019-02-21,6,0,169,0.0,0.0,0.0,0.0,0.0
2019-02-21,6,0,170,0.0,0.0,0.0,0.0,0.0
2019-02-21,6,0,172,0.0,0.0,0.0,0.0,0.0
2019-02-21,6,0,173,0.0,0.0,0.0,0.0,0.0
2019-02-21,6,0,188,0.0,0.0,0.0,0.0,0.0
2019-02-21,6,0,190,0.0,0.0,0.0,0.0,0.0
2019-02-21,6,0,191,0.0,0.0,0.0,0.0,0.0
2019-02-21,6,0,192,62.79,62.79,0.0,1129.394216,0.0
2019-02-21,6,0,194,125.37,125.37,0.0,728.533424,0.0
2019-02-21,6,0,196,0.0,0.0,0.0,0.0,0.0
2019-02-21,6,0,198,0.0,0.0,0.0,0.0,0.0
2019-02-21,6,0,199,2.82,2.82,0.0,25.060309,0.0
2019-02-21,6,0,200,0.0,0.0,0.0,0.0,0.0
2019-02-21,6,0,204,341.96,341.96,0.0,2895.022172,0.0
2019-02-21,6,0,205,367.8,367.8,0.0,3140.492684,0.0
2019-02-21,6,0,206,112.61,112.61,0.0,806.429251,0.0
2019-02-21,6,0,210,0.0,0.0,0.0,0.0,0.0
2019-02-21,6,0,214,0.0,0.0,0.0,0.0,0.0
2019-02-21,6,0,217,0.0,0.0,0.0,0.0,0.0
2019-02-21,6,0,218,0.0,0.0,0.0,0.0,0.0
2019-02-21,6,0,219,0.0,0.0,0.0,0.0,0.0
2019-02-21,6,0,221,0.0,0.0,0.0,0.0,0.0
2019-02-21,6,0,225,0.0,0.0,0.0,0.0,0.0
2019-02-21,6,0,233,0.0,0.0,0.0,0.0,0.0
2019-02-21,6,0,236,7.4,7.4,0.0,71.419185,0.0
2019-02-21,6,0,237,12.02,12.02,0.0,111.763202,0.0
2019-02-21,6,0,238,0.0,0.0,0.0,0.0,0.0
2019-02-21,6,0,240,0.0,0.0,0.0,0.0,0.0
2019-02-21,6,0,245,0.0,0.0,0.0,0.0,0.0
2019-02-21,6,0,247,0.0,0.0,0.0,0.0,0.0
2019-02-21,6,0,248,1.21,1.21,0.0,11.250705,0.0
2019-02-21,6,0,249,0.0,0.0,0.0,0.0,0.0
2019-02-21,6,0,251,0.0,0.0,0.0,0.0,0.0
2019-02-21,6,0,252,0.0,0.0,0.0,0.0,0.0
2019-02-21,6,0,254,0.0,0.0,0.0,0.0,0.0
2019-02-21,6,0,255,0.0,0.0,0.0,0.0,0.0
2019-02-21,6,0,258,0.0,0.0,0.0,0.0,0.0
2019-02-21,6,0,260,0.0,0.0,0.0,0.0,0.0
2019-02-21,6,0,265,0.0,0.0,0.0,0.0,0.0
2019-02-21,6,0,266,49.26,49.26,0.0,395.939136,0.0
2019-02-21,6,0,267,60.53,60.53,0.0,486.52448,0.0
2019-02-21,6,0,270,198.98,198.98,0.0,450.336527,0.0
2019-02-21,6,0,272,189.9,189.9,0.0,1042.2165,0.0
2019-02-21,6,0,273,0.0,0.0,0.0,0.0,0.0
2019-02-21,6,0,274,256.51,256.51,0.0,580.539867,0.0
2019-02-21,6,0,275,357.07,357.07,0.0,808.129781,0.0
2019-02-21,6,0,276,0.0,0.0,0.0,0.0,0.0
2019-02-21,6,0,277,0.0,0.0,0.0,0.0,0.0
2019-02-21,6,0,278,0.0,0.0,0.0,0.0,0.0
2019-02-21,6,0,279,87.0,87.0,0.0,484.27379,0.0
2019-02-21,6,0,281,5.73,5.73,0.0,41.12841,0.0
2019-02-21,6,0,282,0.0,0.0,0.0,0.0,0.0
2019-02-21,7,0,9,0.0,0.0,0.0,0.0,0.0
2019-02-21,7,0,17,0.0,0.0,0.0,0.0,0.0
2019-02-21,7,0,19,41.48,41.48,0.0,455.262022,0.0
2019-02-21,7,0,20,50.31,50.31,0.0,552.175321,0.0
2019-02-21,7,0,21,0.0,0.0,0.0,0.0,0.0
2019-02-21,7,0,22,0.0,0.0,0.0,0.0,0.0
2019-02-21,7,0,23,31.78,31.78,0.0,335.540936,0.0
2019-02-21,7,0,24,56.22,56.22,0.0,593.584375,0.0
2019-02-21,7,0,29,0.0,0.0,0.0,0.0,0.0
2019-02-21,7,0,30,0.0,0.0,0.0,0.0,0.0
2019-02-21,7,0,31,26.98,26.98,0.0,284.846259,0.0
2019-02-21,7,0,32,0.0,0.0,0.0,0.0,0.0
2019-02-21,7,0,33,0.0,0.0,0.0,0.0,0.0
2019-02-21,7,0,34,0.0,0.0,0.0,0.0,0.0
2019-02-21,7,0,35,0.0,0.0,0.0,0.0,0.0
2019-02-21,7,0,36,0.0,0.0,0.0,0.0,0.0
2019-02-21,7,0,37,0.0,0.0,0.0,0.0,0.0
2019-02-21,7,0,38,0.0,0.0,0.0,0.0,0.0
2019-02-21,7,0,39,0.0,0.0,0.0,0.0,0.0
2019-02-21,7,0,40,0.0,0.0,0.0,0.0,0.0
2019-02-21,7,0,41,51.1,51.1,0.0,542.322537,0.0
2019-02-21,7,0,42,0.0,0.0,0.0,0.0,0.0
2019-02-21,7,0,43,0.0,0.0,0.0,0.0,0.0
2019-02-21,7,0,46,0.0,0.0,0.0,0.0,0.0
2019-02-21,7,0,52,28.6,28.6,0.0,301.949703,0.0
2019-02-21,7,0,53,45.45,45.45,0.0,479.846644,0.0
2019-02-21,7,0,55,66.69,66.69,0.0,704.12917,0.0
2019-02-21,7,0,56,0.0,0.0,0.0,0.0,0.0
2019-02-21,7,0,57,0.0,0.0,0.0,0.0,0.0
2019-02-21,7,0,58,0.0,0.0,0.0,0.0,0.0
2019-02-21,7,0,59,0.0,0.0,0.0,0.0,0.0
2019-02-21,7,0,63,66.88,66.88,0.0,1397.461497,0.0
2019-02-21,7,0,64,78.68,78.68,0.0,1644.023184,0.0
2019-02-21,7,0,65,0.0,0.0,0.0,0.0,0.0
2019-02-21,7,0,67,0.0,0.0,0.0,0.0,0.0
2019-02-21,7,0,68,1.94,1.94,0.0,17.66296,0.0
2019-02-21,7,0,69,0.0,0.0,0.0,0.0,0.0
2019-02-21,7,0,74,4.05,4.05,0.0,43.654743,0.0
2019-02-21,7,0,77,65.33,65.33,0.0,686.615507,0.0
2019-02-21,7,0,78,49.39,49.39,0.0,519.086788,0.0
2019-02-21,7,0,79,28.58,28.58,0.0,300.374578,0.0
2019-02-21,7,0,80,46.22,46.22,0.0,485.770224,0.0
2019-02-21,7,0,81,60.43,60.43,0.0,635.116716,0.0
2019-02-21,7,0,82,42.63,42.63,0.0,448.039477,0.0
2019-02-21,7,0,83,95.05,95.05,0.0,998.971436,0.0
2019-02-21,7,0,84,0.0,0.0,0.0,0.0,0.0
2019-02-21,7,0,86,0.0,0.0,0.0,0.0,0.0
2019-02-21,7,0,87,0.0,0.0,0.0,0.0,0.0
2019-02-21,7,0,88,77.82,77.82,0.0,817.884873,0.0
2019-02-21,7,0,89,74.81,74.81,0.0,786.249901,0.0
2019-02-21,7,0,90,100.44,100.44,0.0,1055.620106,0.0
2019-02-21,7,0,91,358.3,358.3,0.0,3765.717681,0.0
2019-02-21,7,0,92,128.86,128.86,0.0,1354.31309,0.0
2019-02-21,7,0,95,7.65,7.65,0.0,152.114893,0.0
2019-02-21,7,0,96,5.07,5.07,0.0,53.524479,0.0
2019-02-21,7,0,97,31.16,31.16,0.0,328.959125,0.0
2019-02-21,7,0,99,0.78,0.78,0.0,8.40758,0.0
2019-02-21,7,0,101,0.0,0.0,0.0,0.0,0.0
2019-02-21,7,0,102,4.59,4.59,0.0,41.7902,0.0
2019-02-21,7,0,103,4.0,4.0,0.0,36.418475,0.0
2019-02-21,7,0,104,0.74,0.74,0.0,6.737418,0.0
2019-02-21,7,0,106,0.0,0.0,0.0,0.0,0.0
2019-02-21,7,0,109,79.11,79.11,0.0,837.506619,0.0
2019-02-21,7,0,110,105.73,105.73,0.0,239.290788,0.0
2019-02-21,7,0,111,0.0,0.0,0.0,0.0,0.0
2019-02-21,7,0,113,31.77,31.77,0.0,344.457112,0.0
2019-02-21,7,0,115,31.77,31.77,0.0,344.457112,0.0
2019-02-21,7,0,116,0.0,0.0,0.0,0.0,0.0
2019-02-21,7,0,117,1.3,1.3,0.0,14.094877,0.0
2019-02-21,7,0,119,78.68,78.68,0.0,1644.023184,0.0
2019-02-21,7,0,120,46.26,46.26,0.0,966.605395,0.0
2019-02-21,7,0,123,0.0,0.0,0.0,0.0,0.0
2019-02-21,7,0,125,50.88,50.88,0.0,537.203361,0.0
2019-02-21,7,0,126,0.0,0.0,0.0,0.0,0.0
2019-02-21,7,0,127,0.0,0.0,0.0,0.0,0.0
2019-02-21,7,0,128,72.87,72.87,0.0,769.379107,0.0
2019-02-21,7,0,131,5.51,5.51,0.0,52.644705,0.0
2019-02-21,7,0,132,8.1,8.1,0.0,77.390582,0.0
2019-02-21,7,0,133,1.13,1.13,0.0,12.40305,0.0
2019-02-21,7,0,134,0.0,0.0,0.0,0.0,0.0
2019-02-21,7,0,135,1.51,1.51,0.0,16.573987,0.0
2019-02-21,7,0,136,0.0,0.0,0.0,0.0,0.0
2019-02-21,7,0,139,66.0,66.0,0.0,700.455723,0.0
2019-02-21,7,0,140,78.25,78.25,0.0,177.097363,0.0
2019-02-21,7,0,141,73.54,73.54,0.0,545.704154,0.0
2019-02-21,7,0,142,0.0,0.0,0.0,0.0,0.0
2019-02-21,7,0,143,42.14,42.14,0.0,444.900717,0.0
2019-02-21,7,0,145,6.62,6.62,0.0,69.966095,0.0
2019-02-21,7,0,146,203.87,203.87,0.0,461.403698,0.0
2019-02-21,7,0,152,0.0,0.0,0.0,0.0,0.0
2019-02-21,7,0,153,0.0,0.0,0.0,0.0,0.0
2019-02-21,7,0,154,0.0,0.0,0.0,0.0,0.0
2019-02-21,7,0,157,32.91,32.91,0.0,244.208916,0.0
2019-02-21,7,0,158,0.0,0.0,0.0,0.0,0.0
2019-02-21,7,0,159,0.0,0.0,0.0,0.0,0.0
2019-02-21,7,0,160,0.0,0.0,0.0,0.0,0.0
2019-02-21,7,0,161,0.0,0.0,0.0,0.0,0.0
2019-02-21,7,0,162,5.08,5.08,0.0,101.070021,0.0
2019-02-21,7,0,163,65.54,65.54,0.0,148.331772,0.0
2019-02-21,7,0,164,0.0,0.0,0.0,0.0,0.0
2019-02-21,7,0,167,0.0,0.0,0.0,0.0,0.0
2019-02-21,7,0,168,0.0,0.0,0.0,0.0,0.0
2019-02-21,7,0,169,0.0,0.0,0.0,0.0,0.0
2019-02-21,7,0,170,0.0,0.0,0.0,0.0,0.0
2019-02-21,7,0,172,0.0,0.0,0.0,0.0,0.0
2019-02-21,7,0,173,0.0,0.0,0.0,0.0,0.0
2019-02-21,7,0,188,0.0,0.0,0.0,0.0,0.0
2019-02-21,7,0,190,0.0,0.0,0.0,0.0,0.0
2019-02-21,7,0,191,0.0,0.0,0.0,0.0,0.0
2019-02-21,7,0,192,56.36,56.36,0.0,1177.645484,0.0
2019-02-21,7,0,194,145.4,145.4,0.0,1803.802268,0.0
2019-02-21,7,0,196,0.0,0.0,0.0,0.0,0.0
2019-02-21,7,0,198,0.0,0.0,0.0,0.0,0.0
2019-02-21,7,0,199,1.35,1.35,0.0,15.901791,0.0
2019-02-21,7,0,200,0.0,0.0,0.0,0.0,0.0
2019-02-21,7,0,204,392.97,392.97,0.0,4154.814568,0.0
2019-02-21,7,0,205,418.5,418.5,0.0,4430.495764,0.0
2019-02-21,7,0,206,91.56,91.56,0.0,966.607749,0.0
2019-02-21,7,0,210,0.0,0.0,0.0,0.0,0.0
2019-02-21,7,0,214,0.0,0.0,0.0,0.0,0.0
2019-02-21,7,0,217,0.0,0.0,0.0,0.0,0.0
2019-02-21,7,0,218,0.0,0.0,0.0,0.0,0.0
2019-02-21,7,0,219,0.0,0.0,0.0,0.0,0.0
2019-02-21,7,0,221,0.0,0.0,0.0,0.0,0.0
2019-02-21,7,0,225,0.0,0.0,0.0,0.0,0.0
2019-02-21,7,0,233,0.0,0.0,0.0,0.0,0.0
2019-02-21,7,0,236,5.81,5.81,0.0,63.168441,0.0
2019-02-21,7,0,237,9.71,9.71,0.0,104.663594,0.0
2019-02-21,7,0,238,0.0,0.0,0.0,0.0,0.0
2019-02-21,7,0,240,0.0,0.0,0.0,0.0,0.0
2019-02-21,7,0,245,0.0,0.0,0.0,0.0,0.0
2019-02-21,7,0,247,0.0,0.0,0.0,0.0,0.0
2019-02-21,7,0,248,0.97,0.97,0.0,10.45558,0.0
2019-02-21,7,0,249,0.0,0.0,0.0,0.0,0.0
2019-02-21,7,0,251,0.0,0.0,0.0,0.0,0.0
2019-02-21,7,0,252,0.0,0.0,0.0,0.0,0.0
2019-02-21,7,0,254,0.0,0.0,0.0,0.0,0.0
2019-02-21,7,0,255,0.0,0.0,0.0,0.0,0.0
2019-02-21,7,0,258,0.0,0.0,0.0,0.0,0.0
2019-02-21,7,0,260,0.0,0.0,0.0,0.0,0.0
2019-02-21,7,0,265,0.0,0.0,0.0,0.0,0.0
2019-02-21,7,0,266,42.73,42.73,0.0,453.492016,0.0
2019-02-21,7,0,267,52.51,52.51,0.0,557.286819,0.0
2019-02-21,7,0,270,204.69,204.69,0.0,463.259543,0.0
2019-02-21,7,0,272,113.04,113.04,0.0,1225.603774,0.0
2019-02-21,7,0,273,0.0,0.0,0.0,0.0,0.0
2019-02-21,7,0,274,263.86,263.86,0.0,597.174571,0.0
2019-02-21,7,0,275,367.3,367.3,0.0,831.282574,0.0
2019-02-21,7,0,276,0.0,0.0,0.0,0.0,0.0
2019-02-21,7,0,277,0.0,0.0,0.0,0.0,0.0
2019-02-21,7,0,278,0.0,0.0,0.0,0.0,0.0
2019-02-21,7,0,279,88.82,88.82,0.0,951.173948,0.0
2019-02-21,7,0,281,12.1,12.1,0.0,127.747951,0.0
2019-02-21,7,0,282,0.0,0.0,0.0,0.0,0.0
2019-02-21,8,0,9,0.0,0.0,0.0,0.0,0.0
2019-02-21,8,0,17,0.0,0.0,0.0,0.0,0.0
2019-02-21,8,0,19,81.59,81.59,0.0,798.399577,0.0
2019-02-21,8,0,20,101.54,101.54,0.0,993.620457,0.0
2019-02-21,8,0,21,0.0,0.0,0.0,0.0,0.0
2019-02-21,8,0,22,0.0,0.0,0.0,0.0,0.0
2019-02-21,8,0,23,64.57,64.57,0.0,399.059549,0.0
2019-02-21,8,0,24,114.25,114.25,0.0,706.094989,0.0
2019-02-21,8,0,29,0.02,0.02,0.0,0.171918,0.0
2019-02-21,8,0,30,0.0,0.0,0.0,0.0,0.0
2019-02-21,8,0,31,13.15,13.15,0.0,80.99258,0.0
2019-02-21,8,0,32,0.0,0.0,0.0,0.0,0.0
2019-02-21,8,0,33,0.0,0.0,0.0,0.0,0.0
2019-02-21,8,0,34,0.0,0.0,0.0,0.0,0.0
2019-02-21,8,0,35,0.0,0.0,0.0,0.0,0.0
2019-02-21,8,0,36,0.0,0.0,0.0,0.0,0.0
2019-02-21,8,0,37,0.0,0.0,0.0,0.0,0.0
2019-02-21,8,0,38,0.0,0.0,0.0,0.0,0.0
2019-02-21,8,0,39,0.0,0.0,0.0,0.0,0.0
2019-02-21,8,0,40,0.0,0.0,0.0,0.0,0.0
2019-02-21,8,0,41,24.46,24.46,0.0,178.609692,0.0
2019-02-21,8,0,42,0.0,0.0,0.0,0.0,0.0
2019-02-21,8,0,43,0.0,0.0,0.0,0.0,0.0
2019-02-21,8,0,46,0.0,0.0,0.0,0.0,0.0
2019-02-21,8,0,52,13.94,13.94,0.0,85.858294,0.0
2019-02-21,8,0,53,22.15,22.15,0.0,136.424764,0.0
2019-02-21,8,0,55,100.47,100.47,0.0,620.930972,0.0
2019-02-21,8,0,56,0.0,0.0,0.0,0.0,0.0
2019-02-21,8,0,57,0.0,0.0,0.0,0.0,0.0
2019-02-21,8,0,58,0.0,0.0,0.0,0.0,0.0
2019-02-21,8,0,59,0.0,0.0,0.0,0.0,0.0
2019-02-21,8,0,63,40.34,40.34,0.0,793.83513,0.0
2019-02-21,8,0,64,47.42,47.42,0.0,933.159689,0.0
2019-02-21,8,0,65,0.0,0.0,0.0,0.0,0.0
2019-02-21,8,0,67,0.0,0.0,0.0,-0.0,0.0
2019-02-21,8,0,68,3.93,3.93,0.0,1.988064,0.0
2019-02-21,8,0,69,0.0,0.0,0.0,0.0,0.0
2019-02-21,8,0,74,5.37,5.37,0.0,48.026466,0.0
2019-02-21,8,0,77,98.04,98.04,0.0,407.213288,0.0
2019-02-21,8,0,78,74.03,74.03,0.0,307.486737,0.0
2019-02-21,8,0,79,42.7,42.7,0.0,177.356257,0.0
2019-02-21,8,0,80,69.25,69.25,0.0,287.632805,0.0
2019-02-21,8,0,81,90.66,90.66,0.0,376.560146,0.0
2019-02-21,8,0,82,63.84,63.84,0.0,265.162141,0.0
2019-02-21,8,0,83,142.82,142.82,0.0,593.208913,0.0
2019-02-21,8,0,84,0.0,0.0,0.0,0.0,0.0
2019-02-21,8,0,86,0.0,0.0,0.0,0.0,0.0
2019-02-21,8,0,87,0.0,0.0,0.0,0.0,0.0
2019-02-21,8,0,88,100.61,100.61,0.0,417.887892,0.0
2019-02-21,8,0,89,97.1,97.1,0.0,403.308959,0.0
2019-02-21,8,0,90,126.69,126.69,0.0,526.212276,0.0
2019-02-21,8,0,91,397.17,397.17,0.0,1649.6624,0.0
2019-02-21,8,0,92,158.92,158.92,0.0,660.080944,0.0
2019-02-21,8,0,95,6.94,6.94,0.0,119.890374,0.0
2019-02-21,8,0,96,11.13,11.13,0.0,68.305341,0.0
2019-02-21,8,0,97,68.46,68.46,0.0,420.142283,0.0
2019-02-21,8,0,99,1.04,1.04,0.0,9.301215,0.0
2019-02-21,8,0,101,0.0,0.0,0.0,0.0,0.0
2019-02-21,8,0,102,9.3,9.3,0.0,4.70458,0.0
2019-02-21,8,0,103,8.09,8.09,0.0,4.092479,0.0
2019-02-21,8,0,104,1.5,1.5,0.0,0.758803,0.0
2019-02-21,8,0,106,0.0,0.0,0.0,0.0,0.0
2019-02-21,8,0,109,92.43,92.43,0.0,738.606578,0.0
2019-02-21,8,0,110,149.69,149.69,0.0,-2489.164879,0.0
2019-02-21,8,0,111,0.0,0.0,0.0,0.0,0.0
2019-02-21,8,0,113,95.78,95.78,0.0,437.290741,0.0
2019-02-21,8,0,115,95.78,95.78,0.0,437.290741,0.0
2019-02-21,8,0,116,0.0,0.0,0.0,-0.0,0.0
2019-02-21,8,0,117,4.96,4.96,0.0,22.64525,0.0
2019-02-21,8,0,119,47.42,47.42,0.0,933.159689,0.0
2019-02-21,8,0,120,27.98,27.98,0.0,550.607509,0.0
2019-02-21,8,0,123,0.0,0.0,0.0,0.0,0.0
2019-02-21,8,0,125,103.39,103.39,0.0,638.977339,0.0
2019-02-21,8,0,126,0.0,0.0,0.0,0.0,0.0
2019-02-21,8,0,127,0.0,0.0,0.0,0.0,0.0
2019-02-21,8,0,128,148.08,148.08,0.0,915.173269,0.0
2019-02-21,8,0,131,12.51,12.51,0.0,20.420751,0.0
2019-02-21,8,0,132,18.39,18.39,0.0,30.018994,0.0
2019-02-21,8,0,133,2.54,2.54,0.0,24.862175,0.0
2019-02-21,8,0,134,0.0,0.0,0.0,0.0,0.0
2019-02-21,8,0,135,3.41,3.41,0.0,33.37796,0.0
2019-02-21,8,0,136,0.0,0.0,0.0,0.0,0.0
2019-02-21,8,0,139,31.59,31.59,0.0,230.673759,0.0
2019-02-21,8,0,140,110.79,110.79,0.0,-1842.30461,0.0
2019-02-21,8,0,141,125.47,125.47,0.0,-465.755241,0.0
2019-02-21,8,0,142,0.0,0.0,0.0,-0.0,0.0
2019-02-21,8,0,143,18.2,18.2,0.0,112.096194,0.0
2019-02-21,8,0,145,10.47,10.47,0.0,71.609388,0.0
2019-02-21,8,0,146,211.71,211.71,0.0,-3520.482976,0.0
2019-02-21,8,0,152,0.0,0.0,0.0,0.0,0.0
2019-02-21,8,0,153,0.0,0.0,0.0,0.0,0.0
2019-02-21,8,0,154,0.0,0.0,0.0,0.0,0.0
2019-02-21,8,0,157,32.1,32.1,0.0,-119.157912,0.0
2019-02-21,8,0,158,0.0,0.0,0.0,-0.0,0.0
2019-02-21,8,0,159,0.0,0.0,0.0,0.0,0.0
2019-02-21,8,0,160,0.0,0.0,0.0,0.0,0.0
2019-02-21,8,0,161,0.0,0.0,0.0,0.0,0.0
2019-02-21,8,0,162,4.71,4.71,0.0,81.498692,0.0
2019-02-21,8,0,163,82.2,82.2,0.0,-1366.887254,0.0
2019-02-21,8,0,164,0.0,0.0,0.0,0.0,0.0
2019-02-21,8,0,167,0.0,0.0,0.0,0.0,0.0
2019-02-21,8,0,168,0.0,0.0,0.0,0.0,0.0
2019-02-21,8,0,169,0.0,0.0,0.0,0.0,0.0
2019-02-21,8,0,170,0.0,0.0,0.0,0.0,0.0
2019-02-21,8,0,172,0.0,0.0,0.0,0.0,0.0
2019-02-21,8,0,173,0.0,0.0,0.0,0.0,0.0
2019-02-21,8,0,188,0.0,0.0,0.0,0.0,0.0
2019-02-21,8,0,190,0.0,0.0,0.0,0.0,0.0
2019-02-21,8,0,191,0.0,0.0,0.0,0.0,0.0
2019-02-21,8,0,192,54.26,54.26,0.0,1067.761382,0.0
2019-02-21,8,0,194,168.03,168.03,0.0,1359.307702,0.0
2019-02-21,8,0,196,0.0,0.0,0.0,0.0,0.0
2019-02-21,8,0,198,0.0,0.0,0.0,0.0,0.0
2019-02-21,8,0,199,1.03,1.03,0.0,10.40303,0.0
2019-02-21,8,0,200,0.0,0.0,0.0,0.0,0.0
2019-02-21,8,0,204,434.4,434.4,0.0,3430.922439,0.0
2019-02-21,8,0,205,488.95,488.95,0.0,3907.191238,0.0
2019-02-21,8,0,206,201.16,201.16,0.0,1234.528509,0.0
2019-02-21,8,0,210,0.0,0.0,0.0,0.0,0.0
2019-02-21,8,0,214,0.0,0.0,0.0,0.0,0.0
2019-02-21,8,0,217,0.0,0.0,0.0,0.0,0.0
2019-02-21,8,0,218,0.0,0.0,0.0,0.0,0.0
2019-02-21,8,0,219,0.0,0.0,0.0,0.0,0.0
2019-02-21,8,0,221,0.0,0.0,0.0,0.0,0.0
2019-02-21,8,0,225,0.0,0.0,0.0,0.0,0.0
2019-02-21,8,0,233,0.0,0.0,0.0,0.0,0.0
2019-02-21,8,0,236,8.43,8.43,0.0,79.113505,0.0
2019-02-21,8,0,237,12.88,12.88,0.0,115.19197,0.0
2019-02-21,8,0,238,0.0,0.0,0.0,0.0,0.0
2019-02-21,8,0,240,0.0,0.0,0.0,0.0,0.0
2019-02-21,8,0,245,2.57,2.57,0.0,25.424626,0.0
2019-02-21,8,0,247,3.75,3.75,0.0,37.09819,0.0
2019-02-21,8,0,248,1.29,1.29,0.0,11.537084,0.0
2019-02-21,8,0,249,4.93,4.93,0.0,48.771753,0.0
2019-02-21,8,0,251,0.0,0.0,0.0,0.0,0.0
2019-02-21,8,0,252,0.0,0.0,0.0,0.0,0.0
2019-02-21,8,0,254,0.0,0.0,0.0,0.0,0.0
2019-02-21,8,0,255,0.0,0.0,0.0,0.0,0.0
2019-02-21,8,0,258,0.0,0.0,0.0,0.0,0.0
2019-02-21,8,0,260,0.0,0.0,0.0,0.0,0.0
2019-02-21,8,0,265,0.0,0.0,0.0,0.0,0.0
2019-02-21,8,0,266,20.45,20.45,0.0,149.328217,0.0
2019-02-21,8,0,267,25.13,25.13,0.0,183.502107,0.0
2019-02-21,8,0,270,256.7,256.7,0.0,-4268.61263,0.0
2019-02-21,8,0,272,331.57,331.57,0.0,1513.807589,0.0
2019-02-21,8,0,273,0.0,0.0,0.0,-0.0,0.0
2019-02-21,8,0,274,330.92,330.92,0.0,-5502.80207,0.0
2019-02-21,8,0,275,460.64,460.64,0.0,-7659.88984,0.0
2019-02-21,8,0,276,0.0,0.0,0.0,-0.0,0.0
2019-02-21,8,0,277,0.0,0.0,0.0,0.0,0.0
2019-02-21,8,0,278,0.0,0.0,0.0,0.0,0.0
2019-02-21,8,0,279,140.87,140.87,0.0,619.882128,0.0
2019-02-21,8,0,281,5.9,5.9,0.0,36.338876,0.0
2019-02-21,8,0,282,0.0,0.0,0.0,0.0,0.0
2019-02-21,9,0,9,0.53,0.53,0.0,1.571796,0.0
2019-02-21,9,0,17,6.47,6.47,0.0,60.045488,0.0
2019-02-21,9,0,19,122.07,122.07,0.0,1132.882947,0.0
2019-02-21,9,0,20,151.58,151.58,0.0,1406.753479,0.0
2019-02-21,9,0,21,12.17,12.17,0.0,36.092006,0.0
2019-02-21,9,0,22,43.24,43.24,0.0,128.234866,0.0
2019-02-21,9,0,23,108.8,108.8,0.0,322.663122,0.0
2019-02-21,9,0,24,192.5,192.5,0.0,570.888337,0.0
2019-02-21,9,0,29,1.23,1.23,0.0,9.618144,0.0
2019-02-21,9,0,30,91.43,91.43,0.0,267.725991,0.0
2019-02-21,9,0,31,20.68,20.68,0.0,60.555326,0.0
2019-02-21,9,0,32,1.27,1.27,0.0,30.527666,0.0
2019-02-21,9,0,33,0.32,0.32,0.0,3.368888,0.0
2019-02-21,9,0,34,0.5,0.5,0.0,5.263888,0.0
2019-02-21,9,0,35,0.5,0.5,0.0,5.263888,0.0
2019-02-21,9,0,36,1.15,1.15,0.0,8.310663,0.0
2019-02-21,9,0,37,0.54,0.54,0.0,3.877898,0.0
2019-02-21,9,0,38,0.7,0.7,0.0,5.026905,0.0
2019-02-21,9,0,39,0.46,0.46,0.0,3.303395,0.0
2019-02-21,9,0,40,0.46,0.46,0.0,3.303395,0.0
2019-02-21,9,0,41,28.53,28.53,0.0,141.165243,0.0
2019-02-21,9,0,42,10.46,10.46,0.0,94.247288,0.0
2019-02-21,9,0,43,3.37,3.37,0.0,24.911123,0.0
2019-02-21,9,0,46,3.16,3.16,0.0,21.365037,0.0
2019-02-21,9,0,52,21.94,21.94,0.0,64.244867,0.0
2019-02-21,9,0,53,35.04,35.04,0.0,102.604383,0.0
2019-02-21,9,0,55,144.79,144.79,0.0,429.396999,0.0
2019-02-21,9,0,56,26.97,26.97,0.0,78.97375,0.0
2019-02-21,9,0,57,25.65,25.65,0.0,75.108516,0.0
2019-02-21,9,0,58,49.33,49.33,0.0,144.448465,0.0
2019-02-21,9,0,59,48.51,48.51,0.0,142.047335,0.0
2019-02-21,9,0,63,22.92,22.92,0.0,683.20712,0.0
2019-02-21,9,0,64,26.96,26.96,0.0,803.632808,0.0
2019-02-21,9,0,65,1.57,1.57,0.0,14.491699,0.0
2019-02-21,9,0,67,52.11,52.11,0.0,-1583.944034,0.0
2019-02-21,9,0,68,13.02,13.02,0.0,-221.912322,0.0
2019-02-21,9,0,69,0.32,0.32,0.0,3.368888,0.0
2019-02-21,9,0,74,7.01,7.01,0.0,54.877639,0.0
2019-02-21,9,0,77,60.0,60.0,0.0,-341.187445,0.0
2019-02-21,9,0,78,45.36,45.36,0.0,-257.937708,0.0
2019-02-21,9,0,79,26.25,26.25,0.0,-149.269507,0.0
2019-02-21,9,0,80,42.45,42.45,0.0,-241.390117,0.0
2019-02-21,9,0,81,55.5,55.5,0.0,-315.598387,0.0
2019-02-21,9,0,82,39.15,39.15,0.0,-222.624808,0.0
2019-02-21,9,0,83,87.3,87.3,0.0,-496.427732,0.0
2019-02-21,9,0,84,0.0,0.0,0.0,0.0,0.0
2019-02-21,9,0,86,1.6,1.6,0.0,16.844442,0.0
2019-02-21,9,0,87,8.15,8.15,0.0,85.801375,0.0
2019-02-21,9,0,88,155.83,155.83,0.0,-886.120659,0.0
2019-02-21,9,0,89,148.85,148.85,0.0,-846.429186,0.0
2019-02-21,9,0,90,208.93,208.93,0.0,-1188.071548,0.0
2019-02-21,9,0,91,785.09,785.09,0.0,-4464.380852,0.0
2019-02-21,9,0,92,276.23,276.23,0.0,-1570.770132,0.0
2019-02-21,9,0,95,6.27,6.27,0.0,121.925039,0.0
2019-02-21,9,0,96,20.78,20.78,0.0,60.034918,0.0
2019-02-21,9,0,97,127.81,127.81,0.0,369.252301,0.0
2019-02-21,9,0,99,1.35,1.35,0.0,10.568447,0.0
2019-02-21,9,0,101,1.84,1.84,0.0,5.387901,0.0
2019-02-21,9,0,102,30.79,30.79,0.0,-524.78344,0.0
2019-02-21,9,0,103,26.77,26.77,0.0,-456.266732,0.0
2019-02-21,9,0,104,4.99,4.99,0.0,-85.049346,0.0
2019-02-21,9,0,106,42.57,42.57,0.0,126.247878,0.0
2019-02-21,9,0,109,100.66,100.66,0.0,621.975691,0.0
2019-02-21,9,0,110,203.54,203.54,0.0,-14509.320752,0.0
2019-02-21,9,0,111,2.97,2.97,0.0,14.695435,0.0
2019-02-21,9,0,113,84.3,84.3,0.0,-316.96419,0.0
2019-02-21,9,0,115,84.3,84.3,0.0,-316.96419,0.0
2019-02-21,9,0,116,24.71,24.71,0.0,-1761.448933,0.0
2019-02-21,9,0,117,5.73,5.73,0.0,-21.544541,0.0
2019-02-21,9,0,119,26.96,26.96,0.0,803.632808,0.0
2019-02-21,9,0,120,15.85,15.85,0.0,472.462166,0.0
2019-02-21,9,0,123,0.71,0.71,0.0,2.105614,0.0
2019-02-21,9,0,125,174.2,174.2,0.0,516.616874,0.0
2019-02-21,9,0,126,31.93,31.93,0.0,94.693323,0.0
2019-02-21,9,0,127,40.97,40.97,0.0,121.502832,0.0
2019-02-21,9,0,128,249.5,249.5,0.0,739.930598,0.0
2019-02-21,9,0,131,23.85,23.85,0.0,-321.450164,0.0
2019-02-21,9,0,132,35.06,35.06,0.0,-472.53848,0.0
2019-02-21,9,0,133,5.62,5.62,0.0,52.183568,0.0
2019-02-21,9,0,134,0.0,0.0,0.0,0.0,0.0
2019-02-21,9,0,135,7.54,7.54,0.0,70.011406,0.0
2019-02-21,9,0,136,2.79,2.79,0.0,25.745072,0.0
2019-02-21,9,0,139,36.85,36.85,0.0,182.332254,0.0
2019-02-21,9,0,140,150.64,150.64,0.0,-10738.351568,0.0
2019-02-21,9,0,141,202.25,202.25,0.0,-6147.623888,0.0
2019-02-21,9,0,142,68.71,68.71,0.0,-2088.520333,0.0
2019-02-21,9,0,143,36.32,36.32,0.0,106.352488,0.0
2019-02-21,9,0,145,16.07,16.07,0.0,66.456481,0.0
2019-02-21,9,0,146,220.06,220.06,0.0,-15686.946668,0.0
2019-02-21,9,0,152,0.88,0.88,0.0,6.906525,0.0
2019-02-21,9,0,153,1.09,1.09,0.0,8.484002,0.0
2019-02-21,9,0,154,12.26,12.26,0.0,60.661966,0.0
2019-02-21,9,0,157,31.64,31.64,0.0,-961.734585,0.0
2019-02-21,9,0,158,39.57,39.57,0.0,-1202.776155,0.0
2019-02-21,9,0,159,0.0,0.0,0.0,0.0,0.0
2019-02-21,9,0,160,0.25,0.25,0.0,2.02669,0.0
2019-02-21,9,0,161,11.22,11.22,0.0,-191.233199,0.0
2019-02-21,9,0,162,4.34,4.34,0.0,84.704237,0.0
2019-02-21,9,0,163,103.47,103.47,0.0,-7375.844641,0.0
2019-02-21,9,0,164,3.1,3.1,0.0,9.077443,0.0
2019-02-21,9,0,167,1.46,1.46,0.0,27.848999,0.0
2019-02-21,9,0,168,0.73,0.73,0.0,13.924499,0.0
2019-02-21,9,0,169,0.0,0.0,0.0,0.0,0.0
2019-02-21,9,0,170,1.59,1.59,0.0,30.328704,0.0
2019-02-21,9,0,172,1.38,1.38,0.0,28.313388,0.0
2019-02-21,9,0,173,2.1,2.1,0.0,43.08559,0.0
2019-02-21,9,0,188,2.5,2.5,0.0,54.168783,0.0
2019-02-21,9,0,190,2.1,2.1,0.0,62.597511,0.0
2019-02-21,9,0,191,5.43,5.43,0.0,161.859278,0.0
2019-02-21,9,0,192,52.6,52.6,0.0,1567.918608,0.0
2019-02-21,9,0,194,130.37,130.37,0.0,1039.872034,0.0
2019-02-21,9,0,196,1.33,1.33,0.0,58.369496,0.0
2019-02-21,9,0,198,1.1,1.1,0.0,10.025773,0.0
2019-02-21,9,0,199,0.78,0.78,0.0,8.357216,0.0
2019-02-21,9,0,200,1.74,1.74,0.0,18.64302,0.0
2019-02-21,9,0,204,269.29,269.29,0.0,1620.297105,0.0
2019-02-21,9,0,205,566.93,566.93,0.0,3503.046679,0.0
2019-02-21,9,0,206,375.55,375.55,0.0,1084.991014,0.0
2019-02-21,9,0,210,0.4,0.4,0.0,3.26814,0.0
2019-02-21,9,0,214,2.13,2.13,0.0,23.996987,0.0
2019-02-21,9,0,217,1.63,1.63,0.0,16.174795,0.0
2019-02-21,9,0,218,2.25,2.25,0.0,22.327171,0.0
2019-02-21,9,0,219,1.53,1.53,0.0,15.182476,0.0
2019-02-21,9,0,221,1.14,1.14,0.0,12.843458,0.0
2019-02-21,9,0,225,1.12,1.12,0.0,8.72005,0.0
2019-02-21,9,0,233,0.9,0.9,0.0,9.474998,0.0
2019-02-21,9,0,236,12.73,12.73,0.0,109.372203,0.0
2019-02-21,9,0,237,16.81,16.81,0.0,131.596734,0.0
2019-02-21,9,0,238,13.62,13.62,0.0,122.7197,0.0
2019-02-21,9,0,240,1.31,1.31,0.0,9.466929,0.0
2019-02-21,9,0,245,8.39,8.39,0.0,79.413641,0.0
2019-02-21,9,0,247,13.49,13.49,0.0,127.686534,0.0
2019-02-21,9,0,248,1.69,1.69,0.0,13.23013,0.0
2019-02-21,9,0,249,16.14,16.14,0.0,152.769508,0.0
2019-02-21,9,0,251,0.0,0.0,0.0,0.0,0.0
2019-02-21,9,0,252,10.13,10.13,0.0,93.503762,0.0
2019-02-21,9,0,254,1.65,1.65,0.0,12.492772,0.0
2019-02-21,9,0,255,0.76,0.76,0.0,5.754246,0.0
2019-02-21,9,0,258,1.6,1.6,0.0,11.605393,0.0
2019-02-21,9,0,260,0.61,0.61,0.0,4.945123,0.0
2019-02-21,9,0,265,12.7,12.7,0.0,62.839067,0.0
2019-02-21,9,0,266,23.86,23.86,0.0,118.058279,0.0
2019-02-21,9,0,267,29.32,29.32,0.0,145.07413,0.0
2019-02-21,9,0,270,323.12,323.12,0.0,-23033.564515,0.0
2019-02-21,9,0,272,281.31,281.31,0.0,-1057.712886,0.0
2019-02-21,9,0,273,5.91,5.91,0.0,-421.293533,0.0
2019-02-21,9,0,274,416.54,416.54,0.0,-29692.996296,0.0
2019-02-21,9,0,275,579.83,579.83,0.0,-41333.101365,0.0
2019-02-21,9,0,276,1.3,1.3,0.0,-80.801862,0.0
2019-02-21,9,0,277,1.61,1.61,0.0,-7.297036,0.0
2019-02-21,9,0,278,2.57,2.57,0.0,-11.648064,0.0
2019-02-21,9,0,279,213.49,213.49,0.0,-967.605165,0.0
2019-02-21,9,0,281,9.21,9.21,0.0,26.968789,0.0
2019-02-21,9,0,282,50.16,50.16,0.0,146.878877,0.0
2019-02-21,10,0,9,1.35,1.35,0.0,0.923898,0.0
2019-02-21,10,0,17,13.53,13.53,0.0,103.926936,0.0
2019-02-21,10,0,19,156.12,156.12,0.0,1199.192406,0.0
2019-02-21,10,0,20,193.44,193.44,0.0,1485.855618,0.0
2019-02-21,10,0,21,30.91,30.91,0.0,21.153842,0.0
2019-02-21,10,0,22,109.86,109.86,0.0,75.184765,0.0
2019-02-21,10,0,23,108.8,108.8,0.0,74.459334,0.0
2019-02-21,10,0,24,192.5,192.5,0.0,131.741009,0.0
2019-02-21,10,0,29,2.68,2.68,0.0,20.951239,0.0
2019-02-21,10,0,30,292.5,292.5,0.0,187.68471,0.0
2019-02-21,10,0,31,51.26,51.26,0.0,32.891344,0.0
2019-02-21,10,0,32,1.45,1.45,0.0,34.124721,0.0
2019-02-21,10,0,33,0.61,0.61,0.0,5.489586,0.0
2019-02-21,10,0,34,0.98,0.98,0.0,8.819336,0.0
2019-02-21,10,0,35,0.98,0.98,0.0,8.819336,0.0
2019-02-21,10,0,36,2.68,2.68,0.0,14.95019,0.0
2019-02-21,10,0,37,1.14,1.14,0.0,6.317249,0.0
2019-02-21,10,0,38,1.47,1.47,0.0,8.145926,0.0
2019-02-21,10,0,39,0.98,0.98,0.0,5.430618,0.0
2019-02-21,10,0,40,0.98,0.98,0.0,5.430618,0.0
2019-02-21,10,0,41,32.99,32.99,0.0,96.640961,0.0
2019-02-21,10,0,42,24.16,24.16,0.0,178.675385,0.0
2019-02-21,10,0,43,8.4,8.4,0.0,48.956014,0.0
2019-02-21,10,0,46,8.29,8.29,0.0,42.063142,0.0
2019-02-21,10,0,52,54.37,54.37,0.0,34.886898,0.0
2019-02-21,10,0,53,86.69,86.69,0.0,55.625256,0.0
2019-02-21,10,0,55,186.9,186.9,0.0,127.908543,0.0
2019-02-21,10,0,56,86.28,86.28,0.0,55.362177,0.0
2019-02-21,10,0,57,82.07,82.07,0.0,52.660801,0.0
2019-02-21,10,0,58,157.82,157.82,0.0,101.266328,0.0
2019-02-21,10,0,59,155.19,155.19,0.0,99.57877,0.0
2019-02-21,10,0,63,24.61,24.61,0.0,733.583212,0.0
2019-02-21,10,0,64,28.95,28.95,0.0,862.951401,0.0
2019-02-21,10,0,65,4.85,4.85,0.0,36.996511,0.0
2019-02-21,10,0,67,151.94,151.94,0.0,-4072.630186,0.0
2019-02-21,10,0,68,34.0,34.0,0.0,-482.540882,0.0
2019-02-21,10,0,69,0.61,0.61,0.0,5.489586,0.0
2019-02-21,10,0,74,14.99,14.99,0.0,91.986135,0.0
2019-02-21,10,0,77,60.0,60.0,0.0,-205.028517,0.0
2019-02-21,10,0,78,45.36,45.36,0.0,-155.001559,0.0
2019-02-21,10,0,79,26.25,26.25,0.0,-89.699976,0.0
2019-02-21,10,0,80,42.45,42.45,0.0,-145.057676,0.0
2019-02-21,10,0,81,55.5,55.5,0.0,-189.651378,0.0
2019-02-21,10,0,82,39.15,39.15,0.0,-133.781107,0.0
2019-02-21,10,0,83,87.3,87.3,0.0,-298.316492,0.0
2019-02-21,10,0,84,0.0,0.0,0.0,0.0,0.0
2019-02-21,10,0,86,3.1,3.1,0.0,27.897898,0.0
2019-02-21,10,0,87,15.81,15.81,0.0,142.279282,0.0
2019-02-21,10,0,88,103.48,103.48,0.0,-353.605849,0.0
2019-02-21,10,0,89,99.0,99.0,0.0,-338.297053,0.0
2019-02-21,10,0,90,137.47,137.47,0.0,-469.754503,0.0
2019-02-21,10,0,91,509.29,509.29,0.0,-1740.316222,0.0
2019-02-21,10,0,92,180.45,180.45,0.0,-616.623264,0.0
2019-02-21,10,0,95,13.99,13.99,0.0,313.792015,0.0
2019-02-21,10,0,96,29.88,29.88,0.0,17.838932,0.0
2019-02-21,10,0,97,183.75,183.75,0.0,109.702269,0.0
2019-02-21,10,0,99,3.08,3.08,0.0,18.90042,0.0
2019-02-21,10,0,101,5.89,5.89,0.0,3.77936,0.0
2019-02-21,10,0,102,80.5,80.5,0.0,-1142.4865,0.0
2019-02-21,10,0,103,70.0,70.0,0.0,-993.466522,0.0
2019-02-21,10,0,104,13.0,13.0,0.0,-184.500925,0.0
2019-02-21,10,0,106,108.15,108.15,0.0,74.014494,0.0
2019-02-21,10,0,109,107.91,107.91,0.0,470.713708,0.0
2019-02-21,10,0,110,269.73,269.73,0.0,-17647.249175,0.0
2019-02-21,10,0,111,6.78,6.78,0.0,19.861343,0.0
2019-02-21,10,0,113,150.0,150.0,0.0,-263.026707,0.0
2019-02-21,10,0,115,150.0,150.0,0.0,-263.026707,0.0
2019-02-21,10,0,116,55.95,55.95,0.0,-3660.562753,0.0
2019-02-21,10,0,117,10.0,10.0,0.0,-17.535114,0.0
2019-02-21,10,0,119,28.95,28.95,0.0,862.951401,0.0
2019-02-21,10,0,120,17.02,17.02,0.0,507.337922,0.0
2019-02-21,10,0,123,1.8,1.8,0.0,1.231864,0.0
2019-02-21,10,0,125,174.2,174.2,0.0,119.217058,0.0
2019-02-21,10,0,126,81.11,81.11,0.0,55.50916,0.0
2019-02-21,10,0,127,104.1,104.1,0.0,71.2428,0.0
2019-02-21,10,0,128,249.5,249.5,0.0,170.750035,0.0
2019-02-21,10,0,131,40.31,40.31,0.0,-436.32148,0.0
2019-02-21,10,0,132,65.03,65.03,0.0,-703.894465,0.0
2019-02-21,10,0,133,11.17,11.17,0.0,85.855108,0.0
2019-02-21,10,0,134,0.0,0.0,0.0,0.0,0.0
2019-02-21,10,0,135,14.97,14.97,0.0,115.062754,0.0
2019-02-21,10,0,136,6.46,6.46,0.0,49.259005,0.0
2019-02-21,10,0,139,42.6,42.6,0.0,124.792511,0.0
2019-02-21,10,0,140,199.63,199.63,0.0,-13060.914073,0.0
2019-02-21,10,0,141,230.0,230.0,0.0,-6164.966058,0.0
2019-02-21,10,0,142,200.38,200.38,0.0,-5371.025646,0.0
2019-02-21,10,0,143,68.83,68.83,0.0,44.16526,0.0
2019-02-21,10,0,145,44.71,44.71,0.0,90.448603,0.0
2019-02-21,10,0,146,228.72,228.72,0.0,-14964.145002,0.0
2019-02-21,10,0,152,1.6,1.6,0.0,9.877837,0.0
2019-02-21,10,0,153,2.04,2.04,0.0,12.455275,0.0
2019-02-21,10,0,154,27.99,27.99,0.0,81.993953,0.0
2019-02-21,10,0,157,30.99,30.99,0.0,-830.662166,0.0
2019-02-21,10,0,158,159.22,159.22,0.0,-4267.764764,0.0
2019-02-21,10,0,159,0.0,0.0,0.0,0.0,0.0
2019-02-21,10,0,160,0.59,0.59,0.0,3.983986,0.0
2019-02-21,10,0,161,27.75,27.75,0.0,-393.838514,0.0
2019-02-21,10,0,162,7.55,7.55,0.0,169.871223,0.0
2019-02-21,10,0,163,72.47,72.47,0.0,-4741.393793,0.0
2019-02-21,10,0,164,11.75,11.75,0.0,7.539471,0.0
2019-02-21,10,0,167,1.47,1.47,0.0,32.625623,0.0
2019-02-21,10,0,168,0.74,0.74,0.0,16.423783,0.0
2019-02-21,10,0,169,0.0,0.0,0.0,0.0,0.0
2019-02-21,10,0,170,1.61,1.61,0.0,35.732826,0.0
2019-02-21,10,0,172,1.69,1.69,0.0,35.928821,0.0
2019-02-21,10,0,173,2.58,2.58,0.0,54.849916,0.0
2019-02-21,10,0,188,3.09,3.09,0.0,68.148516,0.0
2019-02-21,10,0,190,5.25,5.25,0.0,156.493777,0.0
2019-02-21,10,0,191,13.57,13.57,0.0,404.499154,0.0
2019-02-21,10,0,192,50.57,50.57,0.0,1507.407681,0.0
2019-02-21,10,0,194,52.95,52.95,0.0,486.419038,0.0
2019-02-21,10,0,196,3.33,3.33,0.0,143.353494,0.0
2019-02-21,10,0,198,1.92,1.92,0.0,15.727873,0.0
2019-02-21,10,0,199,0.0,0.0,0.0,0.0,0.0
2019-02-21,10,0,200,3.94,3.94,0.0,44.369157,0.0
2019-02-21,10,0,204,159.42,159.42,0.0,667.091259,0.0
2019-02-21,10,0,205,637.3,637.3,0.0,2779.96336,0.0
2019-02-21,10,0,206,539.94,539.94,0.0,322.354519,0.0
2019-02-21,10,0,210,0.72,0.72,0.0,5.866278,0.0
2019-02-21,10,0,214,4.29,4.29,0.0,41.953486,0.0
2019-02-21,10,0,217,3.15,3.15,0.0,28.594344,0.0
2019-02-21,10,0,218,4.35,4.35,0.0,39.487428,0.0
2019-02-21,10,0,219,2.96,2.96,0.0,26.869606,0.0
2019-02-21,10,0,221,2.29,2.29,0.0,22.394751,0.0
2019-02-21,10,0,225,2.44,2.44,0.0,18.997252,0.0
2019-02-21,10,0,233,1.75,1.75,0.0,15.748814,0.0
2019-02-21,10,0,236,19.13,19.13,0.0,133.042981,0.0
2019-02-21,10,0,237,35.02,35.02,0.0,214.900229,0.0
2019-02-21,10,0,238,31.45,31.45,0.0,232.588611,0.0
2019-02-21,10,0,240,3.04,3.04,0.0,16.958425,0.0
2019-02-21,10,0,245,20.04,20.04,0.0,157.842984,0.0
2019-02-21,10,0,247,33.06,33.06,0.0,260.393666,0.0
2019-02-21,10,0,248,3.82,3.82,0.0,23.44143,0.0
2019-02-21,10,0,249,38.53,38.53,0.0,303.477554,0.0
2019-02-21,10,0,251,17.14,17.14,0.0,129.252834,0.0
2019-02-21,10,0,252,31.28,31.28,0.0,238.608428,0.0
2019-02-21,10,0,254,3.11,3.11,0.0,18.846809,0.0
2019-02-21,10,0,255,1.42,1.42,0.0,8.605295,0.0
2019-02-21,10,0,258,3.96,3.96,0.0,22.25026,0.0
2019-02-21,10,0,260,1.43,1.43,0.0,9.656101,0.0
2019-02-21,10,0,265,28.98,28.98,0.0,84.89406,0.0
2019-02-21,10,0,266,27.58,27.58,0.0,80.792898,0.0
2019-02-21,10,0,267,33.9,33.9,0.0,99.306717,0.0
2019-02-21,10,0,270,226.21,226.21,0.0,-14799.926727,0.0
2019-02-21,10,0,272,501.3,501.3,0.0,-879.035254,0.0
2019-02-21,10,0,273,13.38,13.38,0.0,-875.394632,0.0
2019-02-21,10,0,274,291.59,291.59,0.0,-19077.452961,0.0
2019-02-21,10,0,275,405.87,405.87,0.0,-26554.291413,0.0
2019-02-21,10,0,276,3.21,3.21,0.0,-182.335263,0.0
2019-02-21,10,0,277,4.04,4.04,0.0,-9.77877,0.0
2019-02-21,10,0,278,6.47,6.47,0.0,-15.660556,0.0
2019-02-21,10,0,279,264.6,264.6,0.0,-640.461051,0.0
2019-02-21,10,0,281,22.85,22.85,0.0,14.661865,0.0
2019-02-21,10,0,282,160.46,160.46,0.0,102.960303,0.0
2019-02-21,11,0,9,2.06,2.06,0.0,5.998646,0.0
2019-02-21,11,0,17,20.73,20.73,0.0,190.984187,0.0
2019-02-21,11,0,19,90.47,90.47,0.0,833.494426,0.0
2019-02-21,11,0,20,109.73,109.73,0.0,1010.935595,0.0
2019-02-21,11,0,21,47.2,47.2,0.0,137.444712,0.0
2019-02-21,11,0,22,167.73,167.73,0.0,488.423762,0.0
2019-02-21,11,0,23,61.07,61.07,0.0,177.833656,0.0
2019-02-21,11,0,24,108.0,108.0,0.0,314.492138,0.0
2019-02-21,11,0,29,3.98,3.98,0.0,21.199154,0.0
2019-02-21,11,0,30,451.07,451.07,0.0,1297.035999,0.0
2019-02-21,11,0,31,71.62,71.62,0.0,205.940804,0.0
2019-02-21,11,0,32,2.23,2.23,0.0,121.466096,0.0
2019-02-21,11,0,33,0.95,0.95,0.0,9.977329,0.0
2019-02-21,11,0,34,1.52,1.52,0.0,15.963727,0.0
2019-02-21,11,0,35,1.52,1.52,0.0,15.963727,0.0
2019-02-21,11,0,36,4.11,4.11,0.0,28.939337,0.0
2019-02-21,11,0,37,1.78,1.78,0.0,12.436025,0.0
2019-02-21,11,0,38,2.29,2.29,0.0,15.999156,0.0
2019-02-21,11,0,39,1.53,1.53,0.0,10.689392,0.0
2019-02-21,11,0,40,1.53,1.53,0.0,10.689392,0.0
2019-02-21,11,0,41,34.8,34.8,0.0,168.969579,0.0
2019-02-21,11,0,42,37.57,37.57,0.0,335.628422,0.0
2019-02-21,11,0,43,13.04,13.04,0.0,93.355788,0.0
2019-02-21,11,0,46,12.84,12.84,0.0,84.340869,0.0
2019-02-21,11,0,52,76.14,76.14,0.0,218.937905,0.0
2019-02-21,11,0,53,124.0,124.0,0.0,356.55766,0.0
2019-02-21,11,0,55,460.54,460.54,0.0,1341.07601,0.0
2019-02-21,11,0,56,133.05,133.05,0.0,382.580619,0.0
2019-02-21,11,0,57,126.56,126.56,0.0,363.918851,0.0
2019-02-21,11,0,58,243.38,243.38,0.0,699.830673,0.0
2019-02-21,11,0,59,239.33,239.33,0.0,688.185039,0.0
2019-02-21,11,0,63,43.17,43.17,0.0,5258.237646,0.0
2019-02-21,11,0,64,50.79,50.79,0.0,6186.376883,0.0
2019-02-21,11,0,65,4.46,4.46,0.0,40.858117,0.0
2019-02-21,11,0,67,233.38,233.38,0.0,-129132.471164,0.0
2019-02-21,11,0,68,33.99,33.99,0.0,-13849.190194,0.0
2019-02-21,11,0,69,0.95,0.95,0.0,9.977329,0.0
2019-02-21,11,0,74,23.17,23.17,0.0,178.840137,0.0
2019-02-21,11,0,77,60.0,60.0,0.0,-17146.442027,0.0
2019-02-21,11,0,78,45.36,45.36,0.0,-12962.710173,0.0
2019-02-21,11,0,79,26.25,26.25,0.0,-7501.568387,0.0
2019-02-21,11,0,80,42.45,42.45,0.0,-12131.107734,0.0
2019-02-21,11,0,81,55.5,55.5,0.0,-15860.458875,0.0
2019-02-21,11,0,82,39.15,39.15,0.0,-11188.053423,0.0
2019-02-21,11,0,83,87.3,87.3,0.0,-24948.07315,0.0
2019-02-21,11,0,84,0.0,0.0,0.0,0.0,0.0
2019-02-21,11,0,86,4.81,4.81,0.0,50.516794,0.0
2019-02-21,11,0,87,24.54,24.54,0.0,257.730172,0.0
2019-02-21,11,0,88,51.18,51.18,0.0,-14625.915049,0.0
2019-02-21,11,0,89,49.2,49.2,0.0,-14060.082462,0.0
2019-02-21,11,0,90,66.06,66.06,0.0,-18878.232672,0.0
2019-02-21,11,0,91,235.65,235.65,0.0,-67342.651062,0.0
2019-02-21,11,0,92,84.75,84.75,0.0,-24219.349363,0.0
2019-02-21,11,0,95,32.77,32.77,0.0,735.022469,0.0
2019-02-21,11,0,96,31.88,31.88,0.0,90.453752,0.0
2019-02-21,11,0,97,234.28,234.28,0.0,664.727262,0.0
2019-02-21,11,0,99,4.97,4.97,0.0,38.361479,0.0
2019-02-21,11,0,101,9.09,9.09,0.0,26.137977,0.0
2019-02-21,11,0,102,80.49,80.49,0.0,-32795.566894,0.0
2019-02-21,11,0,103,69.99,69.99,0.0,-28517.352801,0.0
2019-02-21,11,0,104,12.99,12.99,0.0,-5292.762007,0.0
2019-02-21,11,0,106,165.12,165.12,0.0,480.823535,0.0
2019-02-21,11,0,109,65.23,65.23,0.0,393.669943,0.0
2019-02-21,11,0,110,338.6,338.6,0.0,-338600.0,0.0
2019-02-21,11,0,111,10.29,10.29,0.0,49.962556,0.0
2019-02-21,11,0,113,84.2,84.2,0.0,-21626.625782,0.0
2019-02-21,11,0,115,84.2,84.2,0.0,-21626.625782,0.0
2019-02-21,11,0,116,83.76,83.76,0.0,-83760.0,0.0
2019-02-21,11,0,117,5.66,5.66,0.0,-1453.761306,0.0
2019-02-21,11,0,119,50.79,50.79,0.0,6186.376883,0.0
2019-02-21,11,0,120,29.87,29.87,0.0,3638.257088,0.0
2019-02-21,11,0,123,2.75,2.75,0.0,8.007902,0.0
2019-02-21,11,0,125,97.74,97.74,0.0,284.615385,0.0
2019-02-21,11,0,126,123.84,123.84,0.0,360.617651,0.0
2019-02-21,11,0,127,158.93,158.93,0.0,462.798476,0.0
2019-02-21,11,0,128,139.96,139.96,0.0,407.558515,0.0
2019-02-21,11,0,131,30.0,30.0,0.0,-11054.785355,0.0
2019-02-21,11,0,132,44.1,44.1,0.0,-16250.534471,0.0
2019-02-21,11,0,133,12.36,12.36,0.0,113.932369,0.0
2019-02-21,11,0,134,0.0,0.0,0.0,0.0,0.0
2019-02-21,11,0,135,16.56,16.56,0.0,152.647252,0.0
2019-02-21,11,0,136,6.18,6.18,0.0,56.597442,0.0
2019-02-21,11,0,139,44.94,44.94,0.0,218.203818,0.0
2019-02-21,11,0,140,250.6,250.6,0.0,-250600.0,0.0
2019-02-21,11,0,141,230.0,230.0,0.0,-127262.269122,0.0
2019-02-21,11,0,142,307.76,307.76,0.0,-170287.98237,0.0
2019-02-21,11,0,143,81.32,81.32,0.0,233.832814,0.0
2019-02-21,11,0,145,100.0,100.0,0.0,404.906659,0.0
2019-02-21,11,0,146,268.0,268.0,0.0,-268000.0,0.0
2019-02-21,11,0,152,2.54,2.54,0.0,19.628316,0.0
2019-02-21,11,0,153,3.26,3.26,0.0,24.97278,0.0
2019-02-21,11,0,154,42.46,42.46,0.0,206.162308,0.0
2019-02-21,11,0,157,44.6,44.6,0.0,-24677.813925,0.0
2019-02-21,11,0,158,253.26,253.26,0.0,-140132.35773,0.0
2019-02-21,11,0,159,0.0,0.0,0.0,0.0,0.0
2019-02-21,11,0,160,0.92,0.92,0.0,7.156307,0.0
2019-02-21,11,0,161,42.01,42.01,0.0,-17116.930864,0.0
2019-02-21,11,0,162,45.94,45.94,0.0,1066.30101,0.0
2019-02-21,11,0,163,160.49,160.49,0.0,-160490.0,0.0
2019-02-21,11,0,164,18.46,18.46,0.0,53.081084,0.0
2019-02-21,11,0,167,2.21,2.21,0.0,42.030074,0.0
2019-02-21,11,0,168,1.11,1.11,0.0,21.110128,0.0
2019-02-21,11,0,169,0.0,0.0,0.0,0.0,0.0
2019-02-21,11,0,170,2.42,2.42,0.0,46.023882,0.0
2019-02-21,11,0,172,2.56,2.56,0.0,61.10159,0.0
2019-02-21,11,0,173,3.9,3.9,0.0,93.084453,0.0
2019-02-21,11,0,188,4.72,4.72,0.0,156.186513,0.0
2019-02-21,11,0,190,7.82,7.82,0.0,253.583497,0.0
2019-02-21,11,0,191,20.19,20.19,0.0,654.712378,0.0
2019-02-21,11,0,192,114.47,114.47,0.0,3711.982463,0.0
2019-02-21,11,0,194,52.95,52.95,0.0,-6422.003331,0.0
2019-02-21,11,0,196,5.0,5.0,0.0,1379.729982,0.0
2019-02-21,11,0,198,3.01,3.01,0.0,25.752507,0.0
2019-02-21,11,0,199,6.44,6.44,0.0,-223.656218,0.0
2019-02-21,11,0,200,6.08,6.08,0.0,-211.153696,0.0
2019-02-21,11,0,204,199.57,199.57,0.0,1171.881972,0.0
2019-02-21,11,0,205,426.5,426.5,0.0,2573.972568,0.0
2019-02-21,11,0,206,895.48,895.48,0.0,2540.763056,0.0
2019-02-21,11,0,210,1.05,1.05,0.0,5.826843,0.0
2019-02-21,11,0,214,6.59,6.59,0.0,74.244199,0.0
2019-02-21,11,0,217,4.8,4.8,0.0,42.699334,0.0
2019-02-21,11,0,218,6.62,6.62,0.0,58.889498,0.0
2019-02-21,11,0,219,4.51,4.51,0.0,40.119583,0.0
2019-02-21,11,0,221,3.51,3.51,0.0,39.54433,0.0
2019-02-21,11,0,225,3.67,3.67,0.0,19.468944,0.0
2019-02-21,11,0,233,2.72,2.72,0.0,28.566669,0.0
2019-02-21,11,0,236,21.84,21.84,0.0,185.630074,0.0
2019-02-21,11,0,237,51.66,51.66,0.0,398.743265,0.0
2019-02-21,11,0,238,48.91,48.91,0.0,436.933355,0.0
2019-02-21,11,0,240,4.66,4.66,0.0,32.811997,0.0
2019-02-21,11,0,245,20.41,20.41,0.0,191.933165,0.0
2019-02-21,11,0,247,30.71,30.71,0.0,288.793117,0.0
2019-02-21,11,0,248,6.15,6.15,0.0,47.469436,0.0
2019-02-21,11,0,249,39.24,39.24,0.0,369.008202,0.0
2019-02-21,11,0,251,15.59,15.59,0.0,141.491118,0.0
2019-02-21,11,0,252,28.78,28.78,0.0,263.653945,0.0
2019-02-21,11,0,254,4.98,4.98,0.0,36.426796,0.0
2019-02-21,11,0,255,2.28,2.28,0.0,16.677328,0.0
2019-02-21,11,0,258,6.04,6.04,0.0,42.64395,0.0
2019-02-21,11,0,260,2.23,2.23,0.0,17.346266,0.0
2019-02-21,11,0,265,43.96,43.96,0.0,213.445479,0.0
2019-02-21,11,0,266,29.1,29.1,0.0,141.293527,0.0
2019-02-21,11,0,267,35.76,35.76,0.0,173.630808,0.0
2019-02-21,11,0,270,542.91,542.91,0.0,-542910.0,0.0
2019-02-21,11,0,272,281.17,281.17,0.0,-72218.032912,0.0
2019-02-21,11,0,273,20.03,20.03,0.0,-20030.0,0.0
2019-02-21,11,0,274,708.99,708.99,0.0,-708990.0,0.0
2019-02-21,11,0,275,1000.33,1000.33,0.0,-1000330.0,0.0
2019-02-21,11,0,276,4.83,4.83,0.0,-4348.277499,0.0
2019-02-21,11,0,277,6.12,6.12,0.0,-1642.883925,0.0
2019-02-21,11,0,278,9.79,9.79,0.0,-2628.07739,0.0
2019-02-21,11,0,279,264.6,264.6,0.0,-71030.569703,0.0
2019-02-21,11,0,281,31.23,31.23,0.0,89.800772,0.0
2019-02-21,11,0,282,247.44,247.44,0.0,711.505061,0.0
2019-02-21,12,0,9,2.8,2.8,0.0,-1073.555999,0.0
2019-02-21,12,0,17,26.3,26.3,0.0,243.52223,0.0
2019-02-21,12,0,19,95.01,95.01,0.0,879.73563,0.0
2019-02-21,12,0,20,115.23,115.23,0.0,1066.960706,0.0
2019-02-21,12,0,21,63.95,63.95,0.0,-24519.25218,0.0
2019-02-21,12,0,22,227.28,227.28,0.0,-87142.07405,0.0
2019-02-21,12,0,23,46.17,46.17,0.0,-17702.17159,0.0
2019-02-21,12,0,24,77.3,77.3,0.0,-29637.813816,0.0
2019-02-21,12,0,29,5.01,5.01,0.0,26.555772,0.0
2019-02-21,12,0,30,610.97,610.97,0.0,-610970.0,0.0
2019-02-21,12,0,31,96.45,96.45,0.0,-96450.0,0.0
2019-02-21,12,0,32,2.92,2.92,0.0,154.047287,0.0
2019-02-21,12,0,33,1.27,1.27,0.0,14.111678,0.0
2019-02-21,12,0,34,2.03,2.03,0.0,22.556462,0.0
2019-02-21,12,0,35,2.03,2.03,0.0,22.556462,0.0
2019-02-21,12,0,36,5.63,5.63,0.0,38.81982,0.0
2019-02-21,12,0,37,2.43,2.43,0.0,16.933413,0.0
2019-02-21,12,0,38,3.12,3.12,0.0,21.741666,0.0
2019-02-21,12,0,39,2.08,2.08,0.0,14.494444,0.0
2019-02-21,12,0,40,2.08,2.08,0.0,14.494444,0.0
2019-02-21,12,0,41,34.8,34.8,0.0,-102.300077,0.0
2019-02-21,12,0,42,48.92,48.92,0.0,433.329329,0.0
2019-02-21,12,0,43,18.01,18.01,0.0,131.809799,0.0
2019-02-21,12,0,46,17.06,17.06,0.0,117.647103,0.0
2019-02-21,12,0,52,102.23,102.23,0.0,-102230.0,0.0
2019-02-21,12,0,53,162.41,162.41,0.0,-162410.0,0.0
2019-02-21,12,0,55,623.0,623.0,0.0,-238866.209666,0.0
2019-02-21,12,0,56,180.21,180.21,0.0,-180210.0,0.0
2019-02-21,12,0,57,171.42,171.42,0.0,-171420.0,0.0
2019-02-21,12,0,58,329.66,329.66,0.0,-329660.0,0.0
2019-02-21,12,0,59,324.17,324.17,0.0,-324170.0,0.0
2019-02-21,12,0,63,51.0,51.0,0.0,6139.545125,0.0
2019-02-21,12,0,64,60.0,60.0,0.0,7222.994264,0.0
2019-02-21,12,0,65,4.3,4.3,0.0,39.494727,0.0
2019-02-21,12,0,67,315.77,315.77,0.0,-174854.167138,0.0
2019-02-21,12,0,68,34.0,34.0,0.0,-13872.424143,0.0
2019-02-21,12,0,69,1.27,1.27,0.0,14.111678,0.0
2019-02-21,12,0,74,39.86,39.86,0.0,269.794563,0.0
2019-02-21,12,0,77,60.0,60.0,0.0,-17181.111824,0.0
2019-02-21,12,0,78,45.36,45.36,0.0,-12988.920539,0.0
2019-02-21,12,0,79,26.25,26.25,0.0,-7516.736423,0.0
2019-02-21,12,0,80,42.45,42.45,0.0,-12155.636616,0.0
2019-02-21,12,0,81,55.5,55.5,0.0,-15892.528438,0.0
2019-02-21,12,0,82,39.15,39.15,0.0,-11210.675465,0.0
2019-02-21,12,0,83,87.3,87.3,0.0,-24998.517704,0.0
2019-02-21,12,0,84,0.0,0.0,0.0,0.0,0.0
2019-02-21,12,0,86,6.43,6.43,0.0,71.447316,0.0
2019-02-21,12,0,87,32.83,32.83,0.0,364.792439,0.0
2019-02-21,12,0,88,51.18,51.18,0.0,-14655.488386,0.0
2019-02-21,12,0,89,49.2,49.2,0.0,-14088.511696,0.0
2019-02-21,12,0,90,66.06,66.06,0.0,-18916.404119,0.0
2019-02-21,12,0,91,235.65,235.65,0.0,-67478.81669,0.0
2019-02-21,12,0,92,84.75,84.75,0.0,-24268.320452,0.0
2019-02-21,12,0,95,76.51,76.51,0.0,1716.099148,0.0
2019-02-21,12,0,96,29.88,29.88,0.0,1555.563811,0.0
2019-02-21,12,0,97,183.76,183.76,0.0,9566.613318,0.0
2019-02-21,12,0,99,7.69,7.69,0.0,52.05018,0.0
2019-02-21,12,0,101,12.31,12.31,0.0,-12310.0,0.0
2019-02-21,12,0,102,80.5,80.5,0.0,-32845.004221,0.0
2019-02-21,12,0,103,70.0,70.0,0.0,-28560.873235,0.0
2019-02-21,12,0,104,13.0,13.0,0.0,-5304.162172,0.0
2019-02-21,12,0,106,223.74,223.74,0.0,-85784.792537,0.0
2019-02-21,12,0,109,58.73,58.73,0.0,376.425193,0.0
2019-02-21,12,0,110,338.6,338.6,0.0,-338600.0,0.0
2019-02-21,12,0,111,14.04,14.04,0.0,-41.27279,0.0
2019-02-21,12,0,113,45.0,45.0,0.0,-11600.398387,0.0
2019-02-21,12,0,115,45.0,45.0,0.0,-11600.398387,0.0
2019-02-21,12,0,116,109.21,109.21,0.0,-109210.0,0.0
2019-02-21,12,0,117,3.0,3.0,0.0,-773.359892,0.0
2019-02-21,12,0,119,60.0,60.0,0.0,7222.994264,0.0
2019-02-21,12,0,120,35.28,35.28,0.0,4247.120627,0.0
2019-02-21,12,0,123,3.73,3.73,0.0,-1430.129955,0.0
2019-02-21,12,0,125,70.73,70.73,0.0,-27118.791348,0.0
2019-02-21,12,0,126,167.8,167.8,0.0,-64336.677339,0.0
2019-02-21,12,0,127,215.35,215.35,0.0,-82567.95867,0.0
2019-02-21,12,0,128,96.96,96.96,0.0,-37175.710577,0.0
2019-02-21,12,0,131,30.0,30.0,0.0,-11072.802173,0.0
2019-02-21,12,0,132,44.1,44.1,0.0,-16277.019194,0.0
2019-02-21,12,0,133,13.67,13.67,0.0,126.672057,0.0
2019-02-21,12,0,134,0.0,0.0,0.0,0.0,0.0
2019-02-21,12,0,135,18.31,18.31,0.0,169.668278,0.0
2019-02-21,12,0,136,6.04,6.04,0.0,55.451584,0.0
2019-02-21,12,0,139,44.94,44.94,0.0,-132.108202,0.0
2019-02-21,12,0,140,250.6,250.6,0.0,-250600.0,0.0
2019-02-21,12,0,141,230.0,230.0,0.0,-127359.972264,0.0
2019-02-21,12,0,142,416.42,416.42,0.0,-230587.998479,0.0
2019-02-21,12,0,143,97.15,97.15,0.0,-97150.0,0.0
2019-02-21,12,0,145,56.25,56.25,0.0,318.529984,0.0
2019-02-21,12,0,146,268.0,268.0,0.0,-268000.0,0.0
2019-02-21,12,0,152,3.5,3.5,0.0,25.681791,0.0
2019-02-21,12,0,153,4.47,4.47,0.0,32.428869,0.0
2019-02-21,12,0,154,57.9,57.9,0.0,-170.206162,0.0
2019-02-21,12,0,157,61.88,61.88,0.0,-34265.369929,0.0
2019-02-21,12,0,158,350.42,350.42,0.0,-194041.223829,0.0
2019-02-21,12,0,159,0.0,0.0,0.0,0.0,0.0
2019-02-21,12,0,160,1.26,1.26,0.0,10.35607,0.0
2019-02-21,12,0,161,57.01,57.01,0.0,-23260.791188,0.0
2019-02-21,12,0,162,111.78,111.78,0.0,2594.399295,0.0
2019-02-21,12,0,163,185.4,185.4,0.0,-185400.0,0.0
2019-02-21,12,0,164,25.72,25.72,0.0,-25720.0,0.0
2019-02-21,12,0,167,2.86,2.86,0.0,54.575997,0.0
2019-02-21,12,0,168,1.43,1.43,0.0,27.287998,0.0
2019-02-21,12,0,169,0.0,0.0,0.0,0.0,0.0
2019-02-21,12,0,170,3.13,3.13,0.0,59.728276,0.0
2019-02-21,12,0,172,3.34,3.34,0.0,76.451082,0.0
2019-02-21,12,0,173,5.08,5.08,0.0,116.278891,0.0
2019-02-21,12,0,188,6.17,6.17,0.0,196.331491,0.0
2019-02-21,12,0,190,10.21,10.21,0.0,331.085358,0.0
2019-02-21,12,0,191,26.36,26.36,0.0,854.790406,0.0
2019-02-21,12,0,192,225.26,225.26,0.0,7304.631516,0.0
2019-02-21,12,0,194,52.95,52.95,0.0,-6494.966408,0.0
2019-02-21,12,0,196,6.59,6.59,0.0,1807.659993,0.0
2019-02-21,12,0,198,3.94,3.94,0.0,37.354728,0.0
2019-02-21,12,0,199,43.15,43.15,0.0,-1765.178878,0.0
2019-02-21,12,0,200,7.96,7.96,0.0,-325.627436,0.0
2019-02-21,12,0,204,251.5,251.5,0.0,1608.999673,0.0
2019-02-21,12,0,205,310.69,310.69,0.0,1991.342469,0.0
2019-02-21,12,0,206,539.95,539.95,0.0,28109.995978,0.0
2019-02-21,12,0,210,1.31,1.31,0.0,7.143944,0.0
2019-02-21,12,0,214,8.36,8.36,0.0,101.959291,0.0
2019-02-21,12,0,217,5.96,5.96,0.0,56.670561,0.0
2019-02-21,12,0,218,8.23,8.23,0.0,78.254818,0.0
2019-02-21,12,0,219,5.6,5.6,0.0,53.247507,0.0
2019-02-21,12,0,221,4.46,4.46,0.0,54.39455,0.0
2019-02-21,12,0,225,4.48,4.48,0.0,23.680353,0.0
2019-02-21,12,0,233,3.64,3.64,0.0,40.44607,0.0
2019-02-21,12,0,236,25.44,25.44,0.0,210.842424,0.0
2019-02-21,12,0,237,95.61,95.61,0.0,647.141449,0.0
2019-02-21,12,0,238,63.67,63.67,0.0,563.983614,0.0
2019-02-21,12,0,240,6.38,6.38,0.0,43.991199,0.0
2019-02-21,12,0,245,21.05,21.05,0.0,200.683413,0.0
2019-02-21,12,0,247,29.28,29.28,0.0,279.145383,0.0
2019-02-21,12,0,248,9.6,9.6,0.0,64.978119,0.0
2019-02-21,12,0,249,40.48,40.48,0.0,385.922306,0.0
2019-02-21,12,0,251,15.12,15.12,0.0,137.023061,0.0
2019-02-21,12,0,252,27.73,27.73,0.0,254.695063,0.0
2019-02-21,12,0,254,6.69,6.69,0.0,50.473665,0.0
2019-02-21,12,0,255,3.07,3.07,0.0,23.162056,0.0
2019-02-21,12,0,258,8.31,8.31,0.0,57.867313,0.0
2019-02-21,12,0,260,3.06,3.06,0.0,25.150456,0.0
2019-02-21,12,0,265,59.94,59.94,0.0,-176.203063,0.0
2019-02-21,12,0,266,29.1,29.1,0.0,-85.54403,0.0
2019-02-21,12,0,267,35.76,35.76,0.0,-105.122148,0.0
2019-02-21,12,0,270,579.0,579.0,0.0,-579000.0,0.0
2019-02-21,12,0,272,150.39,150.39,0.0,-38768.531411,0.0
2019-02-21,12,0,273,26.12,26.12,0.0,-26120.0,0.0
2019-02-21,12,0,274,746.4,746.4,0.0,-746400.0,0.0
2019-02-21,12,0,275,1039.0,1039.0,0.0,-1039000.0,0.0
2019-02-21,12,0,276,6.38,6.38,0.0,-5744.292593,0.0
2019-02-21,12,0,277,7.93,7.93,0.0,-2135.064427,0.0
2019-02-21,12,0,278,12.69,12.69,0.0,-3416.641561,0.0
2019-02-21,12,0,279,264.6,264.6,0.0,-71240.611268,0.0
2019-02-21,12,0,281,43.28,43.28,0.0,-43280.0,0.0
2019-02-21,12,0,282,335.15,335.15,0.0,-335150.0,0.0
2019-02-21,13,0,9,4.1,4.1,0.0,-2283.769235,0.0
2019-02-21,13,0,17,31.74,31.74,0.0,-282.787565,0.0
2019-02-21,13,0,19,99.07,99.07,0.0,-882.664273,0.0
2019-02-21,13,0,20,120.16,120.16,0.0,-1070.565651,0.0
2019-02-21,13,0,21,93.73,93.73,0.0,-52209.192788,0.0
2019-02-21,13,0,22,333.12,333.12,0.0,-185553.46529,0.0
2019-02-21,13,0,23,90.35,90.35,0.0,-50326.475711,0.0
2019-02-21,13,0,24,157.79,157.79,0.0,-87891.694549,0.0
2019-02-21,13,0,29,4.84,4.84,0.0,23.491033,0.0
2019-02-21,13,0,30,776.72,776.72,0.0,-776720.0,0.0
2019-02-21,13,0,31,125.0,125.0,0.0,-125000.0,0.0
2019-02-21,13,0,32,3.41,3.41,0.0,166.304758,0.0
2019-02-21,13,0,33,1.74,1.74,0.0,7.871079,0.0
2019-02-21,13,0,34,2.78,2.78,0.0,12.575632,0.0
2019-02-21,13,0,35,2.78,2.78,0.0,12.575632,0.0
2019-02-21,13,0,36,7.18,7.18,0.0,-83.863078,0.0
2019-02-21,13,0,37,3.39,3.39,0.0,-28.519523,0.0
2019-02-21,13,0,38,4.36,4.36,0.0,-36.679977,0.0
2019-02-21,13,0,39,2.9,2.9,0.0,-24.397232,0.0
2019-02-21,13,0,40,2.9,2.9,0.0,-24.397232,0.0
2019-02-21,13,0,41,34.8,34.8,0.0,-6599.507632,0.0
2019-02-21,13,0,42,66.73,66.73,0.0,-788.837243,0.0
2019-02-21,13,0,43,19.55,19.55,0.0,-15.104913,0.0
2019-02-21,13,0,46,17.79,17.79,0.0,322.265237,0.0
2019-02-21,13,0,52,132.5,132.5,0.0,-132500.0,0.0
2019-02-21,13,0,53,210.5,210.5,0.0,-210500.0,0.0
2019-02-21,13,0,55,623.0,623.0,0.0,-347021.5204,0.0
2019-02-21,13,0,56,229.11,229.11,0.0,-229110.0,0.0
2019-02-21,13,0,57,217.93,217.93,0.0,-217930.0,0.0
2019-02-21,13,0,58,419.1,419.1,0.0,-419100.0,0.0
2019-02-21,13,0,59,412.11,412.11,0.0,-412110.0,0.0
2019-02-21,13,0,63,51.0,51.0,0.0,6115.454251,0.0
2019-02-21,13,0,64,60.0,60.0,0.0,7194.65206,0.0
2019-02-21,13,0,65,4.29,4.29,0.0,-40.54225,0.0
2019-02-21,13,0,67,448.04,448.04,0.0,-245359.479341,0.0
2019-02-21,13,0,68,34.0,34.0,0.0,-13596.824271,0.0
2019-02-21,13,0,69,1.74,1.74,0.0,7.871079,0.0
2019-02-21,13,0,74,45.5,45.5,0.0,-1470.796863,0.0
2019-02-21,13,0,77,60.0,60.0,0.0,-16493.758702,0.0
2019-02-21,13,0,78,45.36,45.36,0.0,-12469.281579,0.0
2019-02-21,13,0,79,26.25,26.25,0.0,-7216.019432,0.0
2019-02-21,13,0,80,42.45,42.45,0.0,-11669.334282,0.0
2019-02-21,13,0,81,55.5,55.5,0.0,-15256.726799,0.0
2019-02-21,13,0,82,39.15,39.15,0.0,-10762.177553,0.0
2019-02-21,13,0,83,87.3,87.3,0.0,-23998.418911,0.0
2019-02-21,13,0,84,0.0,0.0,0.0,0.0,0.0
2019-02-21,13,0,86,8.8,8.8,0.0,39.807757,0.0
2019-02-21,13,0,87,44.9,44.9,0.0,203.110034,0.0
2019-02-21,13,0,88,51.18,51.18,0.0,-14069.176173,0.0
2019-02-21,13,0,89,49.2,49.2,0.0,-13524.882135,0.0
2019-02-21,13,0,90,66.06,66.06,0.0,-18159.628331,0.0
2019-02-21,13,0,91,235.65,235.65,0.0,-64779.237301,0.0
2019-02-21,13,0,92,84.75,84.75,0.0,-23297.434166,0.0
2019-02-21,13,0,95,120.0,120.0,0.0,2691.568394,0.0
2019-02-21,13,0,96,29.88,29.88,0.0,-7331.63263,0.0
2019-02-21,13,0,97,183.75,183.75,0.0,-45086.596246,0.0
2019-02-21,13,0,99,8.78,8.78,0.0,-283.815307,0.0
2019-02-21,13,0,101,15.65,15.65,0.0,-15650.0,0.0
2019-02-21,13,0,102,80.5,80.5,0.0,-32192.480994,0.0
2019-02-21,13,0,103,70.0,70.0,0.0,-27993.461734,0.0
2019-02-21,13,0,104,13.0,13.0,0.0,-5198.785751,0.0
2019-02-21,13,0,106,327.93,327.93,0.0,-182662.547648,0.0
2019-02-21,13,0,109,60.0,60.0,0.0,-491.791697,0.0
2019-02-21,13,0,110,338.6,338.6,0.0,-338600.0,0.0
2019-02-21,13,0,111,20.57,20.57,0.0,-3900.915862,0.0
2019-02-21,13,0,113,45.0,45.0,0.0,-11316.182241,0.0
2019-02-21,13,0,115,45.0,45.0,0.0,-11316.182241,0.0
2019-02-21,13,0,116,140.92,140.92,0.0,-140920.0,0.0
2019-02-21,13,0,117,3.0,3.0,0.0,-754.412149,0.0
2019-02-21,13,0,119,60.0,60.0,0.0,7194.65206,0.0
2019-02-21,13,0,120,35.28,35.28,0.0,4230.455411,0.0
2019-02-21,13,0,123,5.47,5.47,0.0,-3046.88237,0.0
2019-02-21,13,0,125,143.27,143.27,0.0,-79803.809354,0.0
2019-02-21,13,0,126,245.95,245.95,0.0,-136998.303278,0.0
2019-02-21,13,0,127,315.63,315.63,0.0,-175811.239942,0.0
2019-02-21,13,0,128,202.25,202.25,0.0,-112656.665331,0.0
2019-02-21,13,0,131,30.0,30.0,0.0,-10813.638658,0.0
2019-02-21,13,0,132,44.1,44.1,0.0,-15896.048827,0.0
2019-02-21,13,0,133,15.03,15.03,0.0,-133.143848,0.0
2019-02-21,13,0,134,0.0,0.0,0.0,-0.0,0.0
2019-02-21,13,0,135,20.14,20.14,0.0,-178.410984,0.0
2019-02-21,13,0,136,6.07,6.07,0.0,-57.544223,0.0
2019-02-21,13,0,139,44.94,44.94,0.0,-8522.467615,0.0
2019-02-21,13,0,140,250.6,250.6,0.0,-250600.0,0.0
2019-02-21,13,0,141,230.0,230.0,0.0,-125954.558183,0.0
2019-02-21,13,0,142,590.86,590.86,0.0,-323571.783688,0.0
2019-02-21,13,0,143,117.5,117.5,0.0,-117500.0,0.0
2019-02-21,13,0,145,100.0,100.0,0.0,-28333.834451,0.0
2019-02-21,13,0,146,268.0,268.0,0.0,-268000.0,0.0
2019-02-21,13,0,152,6.19,6.19,0.0,-121.087324,0.0
2019-02-21,13,0,153,7.26,7.26,0.0,-144.823739,0.0
2019-02-21,13,0,154,84.85,84.85,0.0,-16091.040879,0.0
2019-02-21,13,0,157,83.11,83.11,0.0,-45513.405785,0.0
2019-02-21,13,0,158,335.92,335.92,0.0,-183959.370369,0.0
2019-02-21,13,0,159,0.0,0.0,0.0,-0.0,0.0
2019-02-21,13,0,160,1.43,1.43,0.0,3.849528,0.0
2019-02-21,13,0,161,81.8,81.8,0.0,-32712.359569,0.0
2019-02-21,13,0,162,162.5,162.5,0.0,3780.069396,0.0
2019-02-21,13,0,163,104.55,104.55,0.0,-104550.0,0.0
2019-02-21,13,0,164,30.96,30.96,0.0,-30960.0,0.0
2019-02-21,13,0,167,3.62,3.62,0.0,69.444251,0.0
2019-02-21,13,0,168,1.81,1.81,0.0,34.722126,0.0
2019-02-21,13,0,169,0.0,0.0,0.0,0.0,0.0
2019-02-21,13,0,170,3.96,3.96,0.0,75.966639,0.0
2019-02-21,13,0,172,4.84,4.84,0.0,136.203317,0.0
2019-02-21,13,0,173,7.37,7.37,0.0,207.400505,0.0
2019-02-21,13,0,188,7.15,7.15,0.0,200.304193,0.0
2019-02-21,13,0,190,11.27,11.27,0.0,365.458569,0.0
2019-02-21,13,0,191,29.12,29.12,0.0,944.290463,0.0
2019-02-21,13,0,192,332.6,332.6,0.0,10785.405497,0.0
2019-02-21,13,0,194,52.95,52.95,0.0,-6335.822565,0.0
2019-02-21,13,0,196,6.55,6.55,0.0,1806.635196,0.0
2019-02-21,13,0,198,4.96,4.96,0.0,39.989356,0.0
2019-02-21,13,0,199,66.27,66.27,0.0,-2676.157388,0.0
2019-02-21,13,0,200,11.14,11.14,0.0,-449.862582,0.0
2019-02-21,13,0,204,257.1,257.1,0.0,10384.816472,0.0
2019-02-21,13,0,205,317.4,317.4,0.0,-2601.578075,0.0
2019-02-21,13,0,206,539.94,539.94,0.0,-132484.662732,0.0
2019-02-21,13,0,210,1.35,1.35,0.0,7.69099,0.0
2019-02-21,13,0,214,8.26,8.26,0.0,100.739682,0.0
2019-02-21,13,0,217,5.41,5.41,0.0,58.116228,0.0
2019-02-21,13,0,218,7.47,7.47,0.0,80.245512,0.0
2019-02-21,13,0,219,5.09,5.09,0.0,54.678669,0.0
2019-02-21,13,0,221,4.41,4.41,0.0,53.784746,0.0
2019-02-21,13,0,225,4.22,4.22,0.0,20.138088,0.0
2019-02-21,13,0,233,4.98,4.98,0.0,22.527572,0.0
2019-02-21,13,0,236,60.17,60.17,0.0,-910.460532,0.0
2019-02-21,13,0,237,109.15,109.15,0.0,-3528.296211,0.0
2019-02-21,13,0,238,86.85,86.85,0.0,-1026.682371,0.0
2019-02-21,13,0,240,8.14,8.14,0.0,-95.075968,0.0
2019-02-21,13,0,245,21.98,21.98,0.0,-152.111007,0.0
2019-02-21,13,0,247,28.62,28.62,0.0,-198.062649,0.0
2019-02-21,13,0,248,10.96,10.96,0.0,-354.284255,0.0
2019-02-21,13,0,249,42.27,42.27,0.0,-292.526491,0.0
2019-02-21,13,0,251,15.54,15.54,0.0,-160.660089,0.0
2019-02-21,13,0,252,27.7,27.7,0.0,-261.7763,0.0
2019-02-21,13,0,254,8.54,8.54,0.0,0.826355,0.0
2019-02-21,13,0,255,3.91,3.91,0.0,0.378343,0.0
2019-02-21,13,0,258,9.75,9.75,0.0,-96.704886,0.0
2019-02-21,13,0,260,3.47,3.47,0.0,9.341162,0.0
2019-02-21,13,0,265,87.85,87.85,0.0,-16659.963951,0.0
2019-02-21,13,0,266,29.1,29.1,0.0,-5518.553796,0.0
2019-02-21,13,0,267,35.76,35.76,0.0,-6781.563015,0.0
2019-02-21,13,0,270,325.32,325.32,0.0,-325320.0,0.0
2019-02-21,13,0,272,150.39,150.39,0.0,-37818.68105,0.0
2019-02-21,13,0,273,33.7,33.7,0.0,-33700.0,0.0
2019-02-21,13,0,274,419.18,419.18,0.0,-419180.0,0.0
2019-02-21,13,0,275,583.24,583.24,0.0,-583240.0,0.0
2019-02-21,13,0,276,7.37,7.37,0.0,-6625.593119,0.0
2019-02-21,13,0,277,8.34,8.34,0.0,-2175.591432,0.0
2019-02-21,13,0,278,13.34,13.34,0.0,-3479.902842,0.0
2019-02-21,13,0,279,378.16,378.16,0.0,-98647.680558,0.0
2019-02-21,13,0,281,56.1,56.1,0.0,-56100.0,0.0
2019-02-21,13,0,282,426.08,426.08,0.0,-426080.0,0.0
2019-02-21,14,0,9,4.29,4.29,0.0,-2333.89623,0.0
2019-02-21,14,0,17,32.86,32.86,0.0,-117.810453,0.0
2019-02-21,14,0,19,105.07,105.07,0.0,-376.699462,0.0
2019-02-21,14,0,20,127.43,127.43,0.0,-456.865066,0.0
2019-02-21,14,0,21,98.21,98.21,0.0,-53429.358682,0.0
2019-02-21,14,0,22,349.02,349.02,0.0,-189877.963214,0.0
2019-02-21,14,0,23,42.61,42.61,0.0,-23181.193091,0.0
2019-02-21,14,0,24,73.27,73.27,0.0,-39861.206706,0.0
2019-02-21,14,0,29,4.8,4.8,0.0,23.339389,0.0
2019-02-21,14,0,30,830.73,830.73,0.0,-830730.0,0.0
2019-02-21,14,0,31,92.68,92.68,0.0,-92680.0,0.0
2019-02-21,14,0,32,3.43,3.43,0.0,169.914447,0.0
2019-02-21,14,0,33,1.77,1.77,0.0,27.392904,0.0
2019-02-21,14,0,34,2.84,2.84,0.0,43.952457,0.0
2019-02-21,14,0,35,2.84,2.84,0.0,43.952457,0.0
2019-02-21,14,0,36,7.4,7.4,0.0,-145.449916,0.0
2019-02-21,14,0,37,3.48,3.48,0.0,-60.464094,0.0
2019-02-21,14,0,38,4.48,4.48,0.0,-77.838834,0.0
2019-02-21,14,0,39,2.99,2.99,0.0,-51.950472,0.0
2019-02-21,14,0,40,2.99,2.99,0.0,-51.950472,0.0
2019-02-21,14,0,41,34.8,34.8,0.0,-6124.834684,0.0
2019-02-21,14,0,42,70.26,70.26,0.0,-542.201756,0.0
2019-02-21,14,0,43,19.84,19.84,0.0,-196.616435,0.0
2019-02-21,14,0,46,18.31,18.31,0.0,11.668085,0.0
2019-02-21,14,0,52,98.24,98.24,0.0,-98240.0,0.0
2019-02-21,14,0,53,156.08,156.08,0.0,-156080.0,0.0
2019-02-21,14,0,55,623.0,623.0,0.0,-338931.783514,0.0
2019-02-21,14,0,56,245.03,245.03,0.0,-245030.0,0.0
2019-02-21,14,0,57,233.08,233.08,0.0,-233080.0,0.0
2019-02-21,14,0,58,448.23,448.23,0.0,-448230.0,0.0
2019-02-21,14,0,59,440.76,440.76,0.0,-440760.0,0.0
2019-02-21,14,0,63,51.0,51.0,0.0,6071.355649,0.0
2019-02-21,14,0,64,60.0,60.0,0.0,7142.771352,0.0
2019-02-21,14,0,65,6.09,6.09,0.0,-26.508338,0.0
2019-02-21,14,0,67,464.76,464.76,0.0,-253706.96596,0.0
2019-02-21,14,0,68,19.16,19.16,0.0,-7617.975499,0.0
2019-02-21,14,0,69,1.77,1.77,0.0,27.392904,0.0
2019-02-21,14,0,74,71.01,71.01,0.0,-2267.911874,0.0
2019-02-21,14,0,77,60.0,60.0,0.0,-16253.860499,0.0
2019-02-21,14,0,78,45.36,45.36,0.0,-12287.918537,0.0
2019-02-21,14,0,79,26.25,26.25,0.0,-7111.063968,0.0
2019-02-21,14,0,80,42.45,42.45,0.0,-11499.606303,0.0
2019-02-21,14,0,81,55.5,55.5,0.0,-15034.820961,0.0
2019-02-21,14,0,82,39.15,39.15,0.0,-10605.643975,0.0
2019-02-21,14,0,83,87.3,87.3,0.0,-23649.367026,0.0
2019-02-21,14,0,84,0.0,0.0,0.0,0.0,0.0
2019-02-21,14,0,86,8.98,8.98,0.0,138.976431,0.0
2019-02-21,14,0,87,45.87,45.87,0.0,709.894084,0.0
2019-02-21,14,0,88,51.18,51.18,0.0,-13864.543005,0.0
2019-02-21,14,0,89,49.2,49.2,0.0,-13328.165609,0.0
2019-02-21,14,0,90,66.06,66.06,0.0,-17895.500409,0.0
2019-02-21,14,0,91,235.65,235.65,0.0,-63837.037108,0.0
2019-02-21,14,0,92,84.75,84.75,0.0,-22958.577954,0.0
2019-02-21,14,0,95,120.0,120.0,0.0,2333.493576,0.0
2019-02-21,14,0,96,31.39,31.39,0.0,-7019.809163,0.0
2019-02-21,14,0,97,210.51,210.51,0.0,-47076.776904,0.0
2019-02-21,14,0,99,13.71,13.71,0.0,-437.868917,0.0
2019-02-21,14,0,101,16.73,16.73,0.0,-16730.0,0.0
2019-02-21,14,0,102,45.25,45.25,0.0,-17991.304349,0.0
2019-02-21,14,0,103,39.36,39.36,0.0,-15649.452799,0.0
2019-02-21,14,0,104,7.37,7.37,0.0,-2930.296421,0.0
2019-02-21,14,0,106,343.58,343.58,0.0,-186918.430465,0.0
2019-02-21,14,0,109,60.0,60.0,0.0,-1436.808174,0.0
2019-02-21,14,0,110,338.6,338.6,0.0,-338600.0,0.0
2019-02-21,14,0,111,21.99,21.99,0.0,-3870.261917,0.0
2019-02-21,14,0,113,45.0,45.0,0.0,-11310.828231,0.0
2019-02-21,14,0,115,45.0,45.0,0.0,-11310.828231,0.0
2019-02-21,14,0,116,143.65,143.65,0.0,-143650.0,0.0
2019-02-21,14,0,117,3.0,3.0,0.0,-754.055215,0.0
2019-02-21,14,0,119,60.0,60.0,0.0,7142.771352,0.0
2019-02-21,14,0,120,35.28,35.28,0.0,4199.949555,0.0
2019-02-21,14,0,123,5.73,5.73,0.0,-3117.301958,0.0
2019-02-21,14,0,125,66.79,66.79,0.0,-36335.880932,0.0
2019-02-21,14,0,126,257.69,257.69,0.0,-140191.543008,0.0
2019-02-21,14,0,127,330.7,330.7,0.0,-179911.301458,0.0
2019-02-21,14,0,128,92.7,92.7,0.0,-50431.743711,0.0
2019-02-21,14,0,131,30.0,30.0,0.0,-10739.823907,0.0
2019-02-21,14,0,132,44.1,44.1,0.0,-15787.541143,0.0
2019-02-21,14,0,133,17.19,17.19,0.0,-60.386918,0.0
2019-02-21,14,0,134,0.0,0.0,0.0,-0.0,0.0
2019-02-21,14,0,135,23.03,23.03,0.0,-80.902311,0.0
2019-02-21,14,0,136,6.03,6.03,0.0,-26.501255,0.0
2019-02-21,14,0,139,44.94,44.94,0.0,-7909.48479,0.0
2019-02-21,14,0,140,250.6,250.6,0.0,-250600.0,0.0
2019-02-21,14,0,141,230.0,230.0,0.0,-125554.269237,0.0
2019-02-21,14,0,142,612.9,612.9,0.0,-334574.833111,0.0
2019-02-21,14,0,143,75.33,75.33,0.0,-75330.0,0.0
2019-02-21,14,0,145,56.12,56.12,0.0,-14216.015915,0.0
2019-02-21,14,0,146,268.0,268.0,0.0,-268000.0,0.0
2019-02-21,14,0,152,6.5,6.5,0.0,-141.00871,0.0
2019-02-21,14,0,153,7.66,7.66,0.0,-171.871198,0.0
2019-02-21,14,0,154,90.7,90.7,0.0,-15963.290397,0.0
2019-02-21,14,0,157,119.6,119.6,0.0,-65288.220003,0.0
2019-02-21,14,0,158,357.96,357.96,0.0,-195406.113983,0.0
2019-02-21,14,0,159,0.0,0.0,0.0,-0.0,0.0
2019-02-21,14,0,160,1.45,1.45,0.0,-3.28177,0.0
2019-02-21,14,0,161,84.82,84.82,0.0,-33724.252704,0.0
2019-02-21,14,0,162,162.5,162.5,0.0,3291.573536,0.0
2019-02-21,14,0,163,130.61,130.61,0.0,-130610.0,0.0
2019-02-21,14,0,164,33.11,33.11,0.0,-33110.0,0.0
2019-02-21,14,0,167,3.71,3.71,0.0,59.611572,0.0
2019-02-21,14,0,168,1.86,1.86,0.0,29.886125,0.0
2019-02-21,14,0,169,0.0,0.0,0.0,0.0,0.0
2019-02-21,14,0,170,4.06,4.06,0.0,65.235305,0.0
2019-02-21,14,0,172,4.94,4.94,0.0,83.364883,0.0
2019-02-21,14,0,173,7.52,7.52,0.0,126.903627,0.0
2019-02-21,14,0,188,7.2,7.2,0.0,202.112319,0.0
2019-02-21,14,0,190,11.39,11.39,0.0,369.349876,0.0
2019-02-21,14,0,191,29.44,29.44,0.0,954.667282,0.0
2019-02-21,14,0,192,332.6,332.6,0.0,10785.405497,0.0
2019-02-21,14,0,194,52.95,52.95,0.0,-6498.772756,0.0
2019-02-21,14,0,196,6.65,6.65,0.0,1828.691265,0.0
2019-02-21,14,0,198,5.16,5.16,0.0,46.199329,0.0
2019-02-21,14,0,199,126.96,126.96,0.0,-12595.353535,0.0
2019-02-21,14,0,200,11.39,11.39,0.0,-1129.970674,0.0
2019-02-21,14,0,204,257.1,257.1,0.0,3362.2086,0.0
2019-02-21,14,0,205,317.4,317.4,0.0,-7600.715241,0.0
2019-02-21,14,0,206,745.19,745.19,0.0,-166648.346306,0.0
2019-02-21,14,0,210,1.35,1.35,0.0,3.790921,0.0
2019-02-21,14,0,214,8.3,8.3,0.0,220.277388,0.0
2019-02-21,14,0,217,5.5,5.5,0.0,111.300888,0.0
2019-02-21,14,0,218,7.59,7.59,0.0,153.595226,0.0
2019-02-21,14,0,219,5.17,5.17,0.0,104.622835,0.0
2019-02-21,14,0,221,4.43,4.43,0.0,117.569738,0.0
2019-02-21,14,0,225,4.26,4.26,0.0,21.558842,0.0
2019-02-21,14,0,233,5.08,5.08,0.0,78.619183,0.0
2019-02-21,14,0,236,48.24,48.24,0.0,-635.090418,0.0
2019-02-21,14,0,237,170.34,170.34,0.0,-5440.305713,0.0
2019-02-21,14,0,238,91.45,91.45,0.0,-705.726595,0.0
2019-02-21,14,0,240,8.39,8.39,0.0,-164.908756,0.0
2019-02-21,14,0,245,28.28,28.28,0.0,-21.570571,0.0
2019-02-21,14,0,247,42.82,42.82,0.0,-32.660957,0.0
2019-02-21,14,0,248,17.1,17.1,0.0,-546.138474,0.0
2019-02-21,14,0,249,54.38,54.38,0.0,-41.478347,0.0
2019-02-21,14,0,251,43.68,43.68,0.0,-245.173211,0.0
2019-02-21,14,0,252,39.32,39.32,0.0,-171.150714,0.0
2019-02-21,14,0,254,8.65,8.65,0.0,-69.124282,0.0
2019-02-21,14,0,255,3.97,3.97,0.0,-31.725248,0.0
2019-02-21,14,0,258,10.03,10.03,0.0,-181.356943,0.0
2019-02-21,14,0,260,3.52,3.52,0.0,-7.966781,0.0
2019-02-21,14,0,265,93.9,93.9,0.0,-16526.493586,0.0
2019-02-21,14,0,266,29.1,29.1,0.0,-5121.629003,0.0
2019-02-21,14,0,267,35.76,35.76,0.0,-6293.795641,0.0
2019-02-21,14,0,270,454.05,454.05,0.0,-454050.0,0.0
2019-02-21,14,0,272,150.39,150.39,0.0,-37800.787948,0.0
2019-02-21,14,0,273,34.35,34.35,0.0,-34350.0,0.0
2019-02-21,14,0,274,605.65,605.65,0.0,-605650.0,0.0
2019-02-21,14,0,275,880.86,880.86,0.0,-880860.0,0.0
2019-02-21,14,0,276,7.59,7.59,0.0,-6820.422608,0.0
2019-02-21,14,0,277,8.59,8.59,0.0,-2226.42509,0.0
2019-02-21,14,0,278,13.75,13.75,0.0,-3563.835273,0.0
2019-02-21,14,0,279,264.6,264.6,0.0,-68581.15005,0.0
2019-02-21,14,0,281,41.6,41.6,0.0,-41600.0,0.0
2019-02-21,14,0,282,455.7,455.7,0.0,-455700.0,0.0
2019-02-21,15,0,9,4.13,4.13,0.0,-2035.859222,0.0
2019-02-21,15,0,17,31.57,31.57,0.0,470.914029,0.0
2019-02-21,15,0,19,119.97,119.97,0.0,1789.532976,0.0
2019-02-21,15,0,20,145.5,145.5,0.0,2170.351322,0.0
2019-02-21,15,0,21,94.53,94.53,0.0,-46598.007813,0.0
2019-02-21,15,0,22,335.94,335.94,0.0,-165599.648202,0.0
2019-02-21,15,0,23,32.64,32.64,0.0,-16089.696128,0.0
2019-02-21,15,0,24,57.75,57.75,0.0,-28467.523021,0.0
2019-02-21,15,0,29,4.56,4.56,0.0,23.804149,0.0
2019-02-21,15,0,30,800.17,800.17,0.0,-800170.0,0.0
2019-02-21,15,0,31,65.0,65.0,0.0,-65000.0,0.0
2019-02-21,15,0,32,3.32,3.32,0.0,148.156753,0.0
2019-02-21,15,0,33,1.74,1.74,0.0,92.342572,0.0
2019-02-21,15,0,34,2.78,2.78,0.0,147.535834,0.0
2019-02-21,15,0,35,2.78,2.78,0.0,147.535834,0.0
2019-02-21,15,0,36,7.24,7.24,0.0,-342.620886,0.0
2019-02-21,15,0,37,3.4,3.4,0.0,-165.208477,0.0
2019-02-21,15,0,38,4.37,4.37,0.0,-212.341483,0.0
2019-02-21,15,0,39,2.91,2.91,0.0,-141.39902,0.0
2019-02-21,15,0,40,2.91,2.91,0.0,-141.39902,0.0
2019-02-21,15,0,41,58.96,58.96,0.0,-7219.083804,0.0
2019-02-21,15,0,42,67.89,67.89,0.0,451.201511,0.0
2019-02-21,15,0,43,19.47,19.47,0.0,-819.363526,0.0
2019-02-21,15,0,46,17.79,17.79,0.0,-1085.262373,0.0
2019-02-21,15,0,52,68.9,68.9,0.0,-68900.0,0.0
2019-02-21,15,0,53,109.47,109.47,0.0,-109470.0,0.0
2019-02-21,15,0,55,623.0,623.0,0.0,-307104.187742,0.0
2019-02-21,15,0,56,236.02,236.02,0.0,-236020.0,0.0
2019-02-21,15,0,57,224.51,224.51,0.0,-224510.0,0.0
2019-02-21,15,0,58,431.75,431.75,0.0,-431750.0,0.0
2019-02-21,15,0,59,424.55,424.55,0.0,-424550.0,0.0
2019-02-21,15,0,63,51.0,51.0,0.0,6093.093016,0.0
2019-02-21,15,0,64,60.0,60.0,0.0,7168.344725,0.0
2019-02-21,15,0,65,15.62,15.62,0.0,208.998274,0.0
2019-02-21,15,0,67,449.9,449.9,0.0,-239553.232966,0.0
2019-02-21,15,0,68,34.0,34.0,0.0,-12912.631098,0.0
2019-02-21,15,0,69,1.74,1.74,0.0,92.342572,0.0
2019-02-21,15,0,74,108.58,108.58,0.0,-3234.191798,0.0
2019-02-21,15,0,77,60.0,60.0,0.0,-14718.312952,0.0
2019-02-21,15,0,78,45.36,45.36,0.0,-11127.044591,0.0
2019-02-21,15,0,79,26.25,26.25,0.0,-6439.261916,0.0
2019-02-21,15,0,80,42.45,42.45,0.0,-10413.206413,0.0
2019-02-21,15,0,81,55.5,55.5,0.0,-13614.43948,0.0
2019-02-21,15,0,82,39.15,39.15,0.0,-9603.699201,0.0
2019-02-21,15,0,83,87.3,87.3,0.0,-21415.145345,0.0
2019-02-21,15,0,84,0.0,0.0,0.0,-0.0,0.0
2019-02-21,15,0,86,8.8,8.8,0.0,467.019905,0.0
2019-02-21,15,0,87,44.93,44.93,0.0,2384.455039,0.0
2019-02-21,15,0,88,51.18,51.18,0.0,-12554.720948,0.0
2019-02-21,15,0,89,49.2,49.2,0.0,-12069.01662,0.0
2019-02-21,15,0,90,66.06,66.06,0.0,-16204.86256,0.0
2019-02-21,15,0,91,235.65,235.65,0.0,-57806.174118,0.0
2019-02-21,15,0,92,84.75,84.75,0.0,-20789.617044,0.0
2019-02-21,15,0,95,119.35,119.35,0.0,2320.853819,0.0
2019-02-21,15,0,96,29.88,29.88,0.0,-4119.234374,0.0
2019-02-21,15,0,97,183.75,183.75,0.0,-25331.637091,0.0
2019-02-21,15,0,99,20.96,20.96,0.0,-624.319949,0.0
2019-02-21,15,0,101,16.12,16.12,0.0,-16120.0,0.0
2019-02-21,15,0,102,80.5,80.5,0.0,-30572.55304,0.0
2019-02-21,15,0,103,70.0,70.0,0.0,-26584.82873,0.0
2019-02-21,15,0,104,13.0,13.0,0.0,-4937.182478,0.0
2019-02-21,15,0,106,330.7,330.7,0.0,-163016.621005,0.0
2019-02-21,15,0,109,60.0,60.0,0.0,-4712.850299,0.0
2019-02-21,15,0,110,338.6,338.6,0.0,-338600.0,0.0
2019-02-21,15,0,111,21.18,21.18,0.0,-2593.286889,0.0
2019-02-21,15,0,113,45.0,45.0,0.0,-10728.893053,0.0
2019-02-21,15,0,115,45.0,45.0,0.0,-10728.893053,0.0
2019-02-21,15,0,116,138.21,138.21,0.0,-138210.0,0.0
2019-02-21,15,0,117,3.0,3.0,0.0,-715.259537,0.0
2019-02-21,15,0,119,60.0,60.0,0.0,7168.344725,0.0
2019-02-21,15,0,120,35.28,35.28,0.0,4214.986698,0.0
2019-02-21,15,0,123,5.51,5.51,0.0,-2716.12211,0.0
2019-02-21,15,0,125,52.26,52.26,0.0,-25761.259794,0.0
2019-02-21,15,0,126,248.03,248.03,0.0,-122264.930474,0.0
2019-02-21,15,0,127,318.3,318.3,0.0,-156904.113897,0.0
2019-02-21,15,0,128,74.85,74.85,0.0,-36896.8675,0.0
2019-02-21,15,0,131,73.62,73.62,0.0,-24957.792827,0.0
2019-02-21,15,0,132,108.35,108.35,0.0,-36731.551926,0.0
2019-02-21,15,0,133,23.25,23.25,0.0,350.174059,0.0
2019-02-21,15,0,134,0.0,0.0,0.0,0.0,0.0
2019-02-21,15,0,135,31.15,31.15,0.0,469.157933,0.0
2019-02-21,15,0,136,10.38,10.38,0.0,138.010711,0.0
2019-02-21,15,0,139,76.67,76.67,0.0,-9387.502633,0.0
2019-02-21,15,0,140,250.6,250.6,0.0,-250600.0,0.0
2019-02-21,15,0,141,230.0,230.0,0.0,-122465.533635,0.0
2019-02-21,15,0,142,593.31,593.31,0.0,-315913.155482,0.0
2019-02-21,15,0,143,50.8,50.8,0.0,-50800.0,0.0
2019-02-21,15,0,145,30.0,30.0,0.0,-4178.115795,0.0
2019-02-21,15,0,146,268.0,268.0,0.0,-268000.0,0.0
2019-02-21,15,0,152,6.28,6.28,0.0,-180.416618,0.0
2019-02-21,15,0,153,7.42,7.42,0.0,-227.80177,0.0
2019-02-21,15,0,154,87.36,87.36,0.0,-10696.390114,0.0
2019-02-21,15,0,157,165.83,165.83,0.0,-88297.649751,0.0
2019-02-21,15,0,158,343.8,343.8,0.0,-183059.349842,0.0
2019-02-21,15,0,159,0.0,0.0,0.0,-0.0,0.0
2019-02-21,15,0,160,1.39,1.39,0.0,-28.176546,0.0
2019-02-21,15,0,161,81.31,81.31,0.0,-30880.177487,0.0
2019-02-21,15,0,162,162.5,162.5,0.0,3304.145812,0.0
2019-02-21,15,0,163,142.89,142.89,0.0,-142890.0,0.0
2019-02-21,15,0,164,31.31,31.31,0.0,-31310.0,0.0
2019-02-21,15,0,167,3.52,3.52,0.0,56.902898,0.0
2019-02-21,15,0,168,1.76,1.76,0.0,28.451449,0.0
2019-02-21,15,0,169,0.0,0.0,0.0,0.0,0.0
2019-02-21,15,0,170,3.85,3.85,0.0,62.237544,0.0
2019-02-21,15,0,172,4.74,4.74,0.0,86.372212,0.0
2019-02-21,15,0,173,7.23,7.23,0.0,131.744956,0.0
2019-02-21,15,0,188,7.0,7.0,0.0,161.412738,0.0
2019-02-21,15,0,190,10.79,10.79,0.0,349.893341,0.0
2019-02-21,15,0,191,27.87,27.87,0.0,903.756017,0.0
2019-02-21,15,0,192,332.6,332.6,0.0,10785.405497,0.0
2019-02-21,15,0,194,52.95,52.95,0.0,-6266.654947,0.0
2019-02-21,15,0,196,6.35,6.35,0.0,1773.764887,0.0
2019-02-21,15,0,198,5.01,5.01,0.0,52.787162,0.0
2019-02-21,15,0,199,130.0,130.0,0.0,-19136.168575,0.0
2019-02-21,15,0,200,11.06,11.06,0.0,-1628.046342,0.0
2019-02-21,15,0,204,257.1,257.1,0.0,-21421.637965,0.0
2019-02-21,15,0,205,317.4,317.4,0.0,-24930.978082,0.0
2019-02-21,15,0,206,539.94,539.94,0.0,-74435.723162,0.0
2019-02-21,15,0,210,1.3,1.3,0.0,-1.60359,0.0
2019-02-21,15,0,214,8.12,8.12,0.0,614.279323,0.0
2019-02-21,15,0,217,5.32,5.32,0.0,276.617289,0.0
2019-02-21,15,0,218,7.34,7.34,0.0,381.648665,0.0
2019-02-21,15,0,219,5.0,5.0,0.0,259.978655,0.0
2019-02-21,15,0,221,4.33,4.33,0.0,327.565205,0.0
2019-02-21,15,0,225,4.01,4.01,0.0,23.432296,0.0
2019-02-21,15,0,233,4.98,4.98,0.0,264.29081,0.0
2019-02-21,15,0,236,87.62,87.62,0.0,-535.873215,0.0
2019-02-21,15,0,237,260.46,260.46,0.0,-7758.12853,0.0
2019-02-21,15,0,238,88.37,88.37,0.0,587.31297,0.0
2019-02-21,15,0,240,8.21,8.21,0.0,-388.524513,0.0
2019-02-21,15,0,245,48.28,48.28,0.0,992.928904,0.0
2019-02-21,15,0,247,85.93,85.93,0.0,1767.240695,0.0
2019-02-21,15,0,248,26.15,26.15,0.0,-778.910624,0.0
2019-02-21,15,0,249,92.84,92.84,0.0,1909.352102,0.0
2019-02-21,15,0,251,171.38,171.38,0.0,1860.804275,0.0
2019-02-21,15,0,252,100.74,100.74,0.0,1347.918443,0.0
2019-02-21,15,0,254,8.61,8.61,0.0,-315.210892,0.0
2019-02-21,15,0,255,3.95,3.95,0.0,-144.608946,0.0
2019-02-21,15,0,258,9.76,9.76,0.0,-453.615848,0.0
2019-02-21,15,0,260,3.37,3.37,0.0,-68.31292,0.0
2019-02-21,15,0,265,90.45,90.45,0.0,-11074.730835,0.0
2019-02-21,15,0,266,49.03,49.03,0.0,-6003.250999,0.0
2019-02-21,15,0,267,60.63,60.63,0.0,-7423.55921,0.0
2019-02-21,15,0,270,466.38,466.38,0.0,-466380.0,0.0
2019-02-21,15,0,272,150.39,150.39,0.0,-35855.960583,0.0
2019-02-21,15,0,273,33.05,33.05,0.0,-33050.0,0.0
2019-02-21,15,0,274,614.3,614.3,0.0,-614300.0,0.0
2019-02-21,15,0,275,881.73,881.73,0.0,-881730.0,0.0
2019-02-21,15,0,276,7.34,7.34,0.0,-6573.762194,0.0
2019-02-21,15,0,277,8.23,8.23,0.0,-1984.913883,0.0
2019-02-21,15,0,278,13.17,13.17,0.0,-3176.344573,0.0
2019-02-21,15,0,279,264.6,264.6,0.0,-63816.307821,0.0
2019-02-21,15,0,281,29.17,29.17,0.0,-29170.0,0.0
2019-02-21,15,0,282,438.94,438.94,0.0,-438940.0,0.0
2019-02-21,16,0,9,3.57,3.57,0.0,-1398.810833,0.0
2019-02-21,16,0,17,29.1,29.1,0.0,167.28316,0.0
2019-02-21,16,0,19,250.77,250.77,0.0,1441.566943,0.0
2019-02-21,16,0,20,316.5,316.5,0.0,1819.419937,0.0
2019-02-21,16,0,21,81.68,81.68,0.0,-32004.164934,0.0
2019-02-21,16,0,22,290.27,290.27,0.0,-113734.683589,0.0
2019-02-21,16,0,23,32.64,32.64,0.0,-12789.127613,0.0
2019-02-21,16,0,24,57.75,57.75,0.0,-22627.822294,0.0
2019-02-21,16,0,29,4.59,4.59,0.0,23.558196,0.0
2019-02-21,16,0,30,695.61,695.61,0.0,-695610.0,0.0
2019-02-21,16,0,31,44.38,44.38,0.0,-44380.0,0.0
2019-02-21,16,0,32,3.78,3.78,0.0,176.570614,0.0
2019-02-21,16,0,33,1.83,1.83,0.0,17.173528,0.0
2019-02-21,16,0,34,2.92,2.92,0.0,27.402569,0.0
2019-02-21,16,0,35,2.92,2.92,0.0,27.402569,0.0
2019-02-21,16,0,36,9.74,9.74,0.0,6.592054,0.0
2019-02-21,16,0,37,4.36,4.36,0.0,3.147668,0.0
2019-02-21,16,0,38,5.61,5.61,0.0,4.050095,0.0
2019-02-21,16,0,39,3.74,3.74,0.0,2.700063,0.0
2019-02-21,16,0,40,3.74,3.74,0.0,2.700063,0.0
2019-02-21,16,0,41,82.36,82.36,0.0,-1085.238382,0.0
2019-02-21,16,0,42,60.65,60.65,0.0,300.850141,0.0
2019-02-21,16,0,43,27.35,27.35,0.0,43.714959,0.0
2019-02-21,16,0,46,24.2,24.2,0.0,-1.002699,0.0
2019-02-21,16,0,52,47.05,47.05,0.0,-47050.0,0.0
2019-02-21,16,0,53,74.74,74.74,0.0,-74740.0,0.0
2019-02-21,16,0,55,477.04,477.04,0.0,-186915.607741,0.0
2019-02-21,16,0,56,205.18,205.18,0.0,-205180.0,0.0
2019-02-21,16,0,57,195.17,195.17,0.0,-195170.0,0.0
2019-02-21,16,0,58,375.33,375.33,0.0,-375330.0,0.0
2019-02-21,16,0,59,369.08,369.08,0.0,-369080.0,0.0
2019-02-21,16,0,63,51.0,51.0,0.0,5843.771326,0.0
2019-02-21,16,0,64,60.0,60.0,0.0,6875.02509,0.0
2019-02-21,16,0,65,38.29,38.29,0.0,214.506606,0.0
2019-02-21,16,0,67,380.01,380.01,0.0,-211050.767119,0.0
2019-02-21,16,0,68,34.0,34.0,0.0,-13946.533762,0.0
2019-02-21,16,0,69,1.83,1.83,0.0,17.173528,0.0
2019-02-21,16,0,74,98.9,98.9,0.0,113.750653,0.0
2019-02-21,16,0,77,60.0,60.0,0.0,-17313.666519,0.0
2019-02-21,16,0,78,45.36,45.36,0.0,-13089.131888,0.0
2019-02-21,16,0,79,26.25,26.25,0.0,-7574.729102,0.0
2019-02-21,16,0,80,42.45,42.45,0.0,-12249.419062,0.0
2019-02-21,16,0,81,55.5,55.5,0.0,-16015.14153,0.0
2019-02-21,16,0,82,39.15,39.15,0.0,-11297.167404,0.0
2019-02-21,16,0,83,87.3,87.3,0.0,-25191.384785,0.0
2019-02-21,16,0,84,0.0,0.0,0.0,0.0,0.0
2019-02-21,16,0,86,9.25,9.25,0.0,86.806085,0.0
2019-02-21,16,0,87,47.23,47.23,0.0,443.227177,0.0
2019-02-21,16,0,88,51.18,51.18,0.0,-14768.557541,0.0
2019-02-21,16,0,89,49.2,49.2,0.0,-14197.206546,0.0
2019-02-21,16,0,90,66.06,66.06,0.0,-19062.346838,0.0
2019-02-21,16,0,91,235.65,235.65,0.0,-67999.425254,0.0
2019-02-21,16,0,92,84.75,84.75,0.0,-24455.553958,0.0
2019-02-21,16,0,95,114.51,114.51,0.0,2226.736245,0.0
2019-02-21,16,0,96,29.88,29.88,0.0,1121.374943,0.0
2019-02-21,16,0,97,183.75,183.75,0.0,6896.005548,0.0
2019-02-21,16,0,99,21.69,21.69,0.0,24.946933,0.0
2019-02-21,16,0,101,14.01,14.01,0.0,-14010.0,0.0
2019-02-21,16,0,102,80.5,80.5,0.0,-33020.469643,0.0
2019-02-21,16,0,103,70.0,70.0,0.0,-28713.451863,0.0
2019-02-21,16,0,104,13.0,13.0,0.0,-5332.498203,0.0
2019-02-21,16,0,106,285.75,285.75,0.0,-111963.640181,0.0
2019-02-21,16,0,109,60.0,60.0,0.0,-102.386433,0.0
2019-02-21,16,0,110,338.6,338.6,0.0,-338600.0,0.0
2019-02-21,16,0,111,19.05,19.05,0.0,-251.017377,0.0
2019-02-21,16,0,113,45.0,45.0,0.0,-11766.383,0.0
2019-02-21,16,0,115,45.0,45.0,0.0,-11766.383,0.0
2019-02-21,16,0,116,131.45,131.45,0.0,-131450.0,0.0
2019-02-21,16,0,117,3.0,3.0,0.0,-784.425533,0.0
2019-02-21,16,0,119,60.0,60.0,0.0,6875.02509,0.0
2019-02-21,16,0,120,35.28,35.28,0.0,4042.514753,0.0
2019-02-21,16,0,123,4.76,4.76,0.0,-1865.08111,0.0
2019-02-21,16,0,125,52.26,52.26,0.0,-20476.709837,0.0
2019-02-21,16,0,126,214.31,214.31,0.0,-83971.750577,0.0
2019-02-21,16,0,127,275.03,275.03,0.0,-107763.289446,0.0
2019-02-21,16,0,128,74.85,74.85,0.0,-29328.008635,0.0
2019-02-21,16,0,131,30.0,30.0,0.0,-11142.492007,0.0
2019-02-21,16,0,132,44.1,44.1,0.0,-16379.46325,0.0
2019-02-21,16,0,133,41.08,41.08,0.0,236.717575,0.0
2019-02-21,16,0,134,0.0,0.0,0.0,0.0,0.0
2019-02-21,16,0,135,52.23,52.23,0.0,300.967842,0.0
2019-02-21,16,0,136,21.15,21.15,0.0,118.315639,0.0
2019-02-21,16,0,139,107.25,107.25,0.0,-1413.208068,0.0
2019-02-21,16,0,140,250.6,250.6,0.0,-250600.0,0.0
2019-02-21,16,0,141,230.0,230.0,0.0,-127737.892259,0.0
2019-02-21,16,0,142,501.14,501.14,0.0,-278324.205769,0.0
2019-02-21,16,0,143,39.87,39.87,0.0,-39870.0,0.0
2019-02-21,16,0,145,30.0,30.0,0.0,-181.177921,0.0
2019-02-21,16,0,146,268.0,268.0,0.0,-268000.0,0.0
2019-02-21,16,0,152,7.04,7.04,0.0,12.652459,0.0
2019-02-21,16,0,153,8.63,8.63,0.0,14.005227,0.0
2019-02-21,16,0,154,78.56,78.56,0.0,-1035.166674,0.0
2019-02-21,16,0,157,222.58,222.58,0.0,-123616.956779,0.0
2019-02-21,16,0,158,321.72,321.72,0.0,-178677.542164,0.0
2019-02-21,16,0,159,0.0,0.0,0.0,0.0,0.0
2019-02-21,16,0,160,1.97,1.97,0.0,8.114268,0.0
2019-02-21,16,0,161,70.62,70.62,0.0,-28967.771008,0.0
2019-02-21,16,0,162,162.5,162.5,0.0,3285.825492,0.0
2019-02-21,16,0,163,146.36,146.36,0.0,-146360.0,0.0
2019-02-21,16,0,164,26.68,26.68,0.0,-26680.0,0.0
2019-02-21,16,0,167,4.22,4.22,0.0,68.45073,0.0
2019-02-21,16,0,168,2.11,2.11,0.0,34.225365,0.0
2019-02-21,16,0,169,0.0,0.0,0.0,0.0,0.0
2019-02-21,16,0,170,4.61,4.61,0.0,74.776745,0.0
2019-02-21,16,0,172,5.01,5.01,0.0,92.424376,0.0
2019-02-21,16,0,173,7.64,7.64,0.0,140.942562,0.0
2019-02-21,16,0,188,7.52,7.52,0.0,200.346256,0.0
2019-02-21,16,0,190,10.35,10.35,0.0,335.625216,0.0
2019-02-21,16,0,191,26.73,26.73,0.0,866.788602,0.0
2019-02-21,16,0,192,332.6,332.6,0.0,10785.405497,0.0
2019-02-21,16,0,194,52.95,52.95,0.0,-6784.504761,0.0
2019-02-21,16,0,196,6.68,6.68,0.0,1788.162799,0.0
2019-02-21,16,0,198,6.9,6.9,0.0,56.191732,0.0
2019-02-21,16,0,199,130.0,130.0,0.0,-8558.500844,0.0
2019-02-21,16,0,200,10.76,10.76,0.0,-708.380531,0.0
2019-02-21,16,0,204,257.1,257.1,0.0,-507.900292,0.0
2019-02-21,16,0,205,317.4,317.4,0.0,-541.624232,0.0
2019-02-21,16,0,206,539.94,539.94,0.0,20263.560467,0.0
2019-02-21,16,0,210,1.37,1.37,0.0,6.616883,0.0
2019-02-21,16,0,214,7.98,7.98,0.0,91.961119,0.0
2019-02-21,16,0,217,5.22,5.22,0.0,48.882209,0.0
2019-02-21,16,0,218,7.2,7.2,0.0,67.423737,0.0
2019-02-21,16,0,219,4.91,4.91,0.0,45.979243,0.0
2019-02-21,16,0,221,4.26,4.26,0.0,49.092026,0.0
2019-02-21,16,0,225,3.55,3.55,0.0,18.324154,0.0
2019-02-21,16,0,233,5.23,5.23,0.0,49.08063,0.0
2019-02-21,16,0,236,121.36,121.36,0.0,460.735803,0.0
2019-02-21,16,0,237,226.18,226.18,0.0,260.142798,0.0
2019-02-21,16,0,238,78.94,78.94,0.0,391.576424,0.0
2019-02-21,16,0,240,11.04,11.04,0.0,7.471897,0.0
2019-02-21,16,0,245,78.0,78.0,0.0,490.380982,0.0
2019-02-21,16,0,247,171.72,171.72,0.0,1079.592593,0.0
2019-02-21,16,0,248,26.64,26.64,0.0,30.640216,0.0
2019-02-21,16,0,249,150.0,150.0,0.0,943.040351,0.0
2019-02-21,16,0,251,326.4,326.4,0.0,1750.086621,0.0
2019-02-21,16,0,252,247.0,247.0,0.0,1383.732874,0.0
2019-02-21,16,0,254,11.7,11.7,0.0,26.100969,0.0
2019-02-21,16,0,255,5.36,5.36,0.0,11.957367,0.0
2019-02-21,16,0,258,13.7,13.7,0.0,11.311271,0.0
2019-02-21,16,0,260,4.77,4.77,0.0,19.647237,0.0
2019-02-21,16,0,265,81.34,81.34,0.0,-1071.798082,0.0
2019-02-21,16,0,266,68.38,68.38,0.0,-901.027205,0.0
2019-02-21,16,0,267,84.71,84.71,0.0,-1116.20378,0.0
2019-02-21,16,0,270,395.58,395.58,0.0,-395580.0,0.0
2019-02-21,16,0,272,150.39,150.39,0.0,-39323.251985,0.0
2019-02-21,16,0,273,31.43,31.43,0.0,-31430.0,0.0
2019-02-21,16,0,274,493.67,493.67,0.0,-493670.0,0.0
2019-02-21,16,0,275,661.83,661.83,0.0,-661830.0,0.0
2019-02-21,16,0,276,7.09,7.09,0.0,-6386.148878,0.0
2019-02-21,16,0,277,8.45,8.45,0.0,-2301.225381,0.0
2019-02-21,16,0,278,13.52,13.52,0.0,-3681.960609,0.0
2019-02-21,16,0,279,604.22,604.22,0.0,-164549.869757,0.0
2019-02-21,16,0,281,19.92,19.92,0.0,-19920.0,0.0
2019-02-21,16,0,282,381.59,381.59,0.0,-381590.0,0.0
2019-02-21,17,0,9,2.66,2.66,0.0,-28.099108,0.0
2019-02-21,17,0,17,21.78,21.78,0.0,136.292852,0.0
2019-02-21,17,0,19,217.2,217.2,0.0,1359.1739,0.0
2019-02-21,17,0,20,261.55,261.55,0.0,1636.703193,0.0
2019-02-21,17,0,21,60.88,60.88,0.0,-643.110401,0.0
2019-02-21,17,0,22,216.35,216.35,0.0,-2285.42929,0.0
2019-02-21,17,0,23,47.2,47.2,0.0,-498.600705,0.0
2019-02-21,17,0,24,83.96,83.96,0.0,-886.917695,0.0
2019-02-21,17,0,29,3.31,3.31,0.0,15.884353,0.0
2019-02-21,17,0,30,513.96,513.96,0.0,-5482.250352,0.0
2019-02-21,17,0,31,36.58,36.58,0.0,-390.187403,0.0
2019-02-21,17,0,32,2.63,2.63,0.0,134.446768,0.0
2019-02-21,17,0,33,1.35,1.35,0.0,12.695708,0.0
2019-02-21,17,0,34,2.16,2.16,0.0,20.313132,0.0
2019-02-21,17,0,35,2.16,2.16,0.0,20.313132,0.0
2019-02-21,17,0,36,7.1,7.1,0.0,8.967082,0.0
2019-02-21,17,0,37,3.21,3.21,0.0,3.783681,0.0
2019-02-21,17,0,38,4.12,4.12,0.0,4.856313,0.0
2019-02-21,17,0,39,2.75,2.75,0.0,3.241471,0.0
2019-02-21,17,0,40,2.75,2.75,0.0,3.241471,0.0
2019-02-21,17,0,41,34.8,34.8,0.0,-179.191434,0.0
2019-02-21,17,0,42,44.75,44.75,0.0,249.510394,0.0
2019-02-21,17,0,43,19.98,19.98,0.0,37.692231,0.0
2019-02-21,17,0,46,17.69,17.69,0.0,0.958068,0.0
2019-02-21,17,0,52,38.77,38.77,0.0,-413.547448,0.0
2019-02-21,17,0,53,61.6,61.6,0.0,-657.067907,0.0
2019-02-21,17,0,55,383.64,383.64,0.0,-4052.609628,0.0
2019-02-21,17,0,56,151.6,151.6,0.0,-1617.06972,0.0
2019-02-21,17,0,57,144.21,144.21,0.0,-1538.242905,0.0
2019-02-21,17,0,58,277.32,277.32,0.0,-2958.085585,0.0
2019-02-21,17,0,59,272.7,272.7,0.0,-2908.805492,0.0
2019-02-21,17,0,63,95.49,95.49,0.0,11425.520199,0.0
2019-02-21,17,0,64,112.31,112.31,0.0,13438.058159,0.0
2019-02-21,17,0,65,30.57,30.57,0.0,187.424876,0.0
2019-02-21,17,0,67,282.15,282.15,0.0,-155941.687187,0.0
2019-02-21,17,0,68,19.11,19.11,0.0,-7770.543905,0.0
2019-02-21,17,0,69,1.35,1.35,0.0,12.695708,0.0
2019-02-21,17,0,74,76.73,76.73,0.0,196.928903,0.0
2019-02-21,17,0,77,60.0,60.0,0.0,-17060.860051,0.0
2019-02-21,17,0,78,45.36,45.36,0.0,-12898.010199,0.0
2019-02-21,17,0,79,26.25,26.25,0.0,-7464.126272,0.0
2019-02-21,17,0,80,42.45,42.45,0.0,-12070.558486,0.0
2019-02-21,17,0,81,55.5,55.5,0.0,-15781.295547,0.0
2019-02-21,17,0,82,39.15,39.15,0.0,-11132.211183,0.0
2019-02-21,17,0,83,87.3,87.3,0.0,-24823.551374,0.0
2019-02-21,17,0,84,0.0,0.0,0.0,0.0,0.0
2019-02-21,17,0,86,6.83,6.83,0.0,64.230876,0.0
2019-02-21,17,0,87,34.85,34.85,0.0,327.737338,0.0
2019-02-21,17,0,88,51.18,51.18,0.0,-14552.913623,0.0
2019-02-21,17,0,89,49.2,49.2,0.0,-13989.905242,0.0
2019-02-21,17,0,90,66.06,66.06,0.0,-18784.006916,0.0
2019-02-21,17,0,91,235.65,235.65,0.0,-67006.52785,0.0
2019-02-21,17,0,92,84.75,84.75,0.0,-24098.464822,0.0
2019-02-21,17,0,95,107.65,107.65,0.0,2414.561147,0.0
2019-02-21,17,0,96,29.88,29.88,0.0,-321.940553,0.0
2019-02-21,17,0,97,183.75,183.75,0.0,-1979.805108,0.0
2019-02-21,17,0,99,15.61,15.61,0.0,40.063341,0.0
2019-02-21,17,0,101,10.35,10.35,0.0,-110.400208,0.0
2019-02-21,17,0,102,45.19,45.19,0.0,-18375.242234,0.0
2019-02-21,17,0,103,39.3,39.3,0.0,-15980.239429,0.0
2019-02-21,17,0,104,7.33,7.33,0.0,-2980.538295,0.0
2019-02-21,17,0,106,212.98,212.98,0.0,-2249.830045,0.0
2019-02-21,17,0,109,60.0,60.0,0.0,-100.842458,0.0
2019-02-21,17,0,110,338.6,338.6,0.0,-338600.0,0.0
2019-02-21,17,0,111,14.68,14.68,0.0,-75.58995,0.0
2019-02-21,17,0,113,45.0,45.0,0.0,-11555.635899,0.0
2019-02-21,17,0,115,45.0,45.0,0.0,-11555.635899,0.0
2019-02-21,17,0,116,97.51,97.51,0.0,-97510.0,0.0
2019-02-21,17,0,117,3.0,3.0,0.0,-770.375727,0.0
2019-02-21,17,0,119,112.31,112.31,0.0,13438.058159,0.0
2019-02-21,17,0,120,66.1,66.1,0.0,7908.963087,0.0
2019-02-21,17,0,123,3.55,3.55,0.0,-37.500689,0.0
2019-02-21,17,0,125,75.89,75.89,0.0,-801.66965,0.0
2019-02-21,17,0,126,159.74,159.74,0.0,-1687.425352,0.0
2019-02-21,17,0,127,204.99,204.99,0.0,-2165.427087,0.0
2019-02-21,17,0,128,109.23,109.23,0.0,-1153.859216,0.0
2019-02-21,17,0,131,30.0,30.0,0.0,-11028.3413,0.0
2019-02-21,17,0,132,44.1,44.1,0.0,-16211.661711,0.0
2019-02-21,17,0,133,83.16,83.16,0.0,521.383577,0.0
2019-02-21,17,0,134,0.0,0.0,0.0,0.0,0.0
2019-02-21,17,0,135,108.87,108.87,0.0,682.576119,0.0
2019-02-21,17,0,136,20.21,20.21,0.0,123.767074,0.0
2019-02-21,17,0,139,44.94,44.94,0.0,-231.404111,0.0
2019-02-21,17,0,140,250.6,250.6,0.0,-250600.0,0.0
2019-02-21,17,0,141,230.0,230.0,0.0,-127118.866039,0.0
2019-02-21,17,0,142,372.08,372.08,0.0,-205645.163808,0.0
2019-02-21,17,0,143,33.94,33.94,0.0,-362.02735,0.0
2019-02-21,17,0,145,30.0,30.0,0.0,-219.912455,0.0
2019-02-21,17,0,146,268.0,268.0,0.0,-268000.0,0.0
2019-02-21,17,0,152,5.19,5.19,0.0,13.811323,0.0
2019-02-21,17,0,153,6.35,6.35,0.0,15.866572,0.0
2019-02-21,17,0,154,60.55,60.55,0.0,-311.782797,0.0
2019-02-21,17,0,157,214.21,214.21,0.0,-118391.87954,0.0
2019-02-21,17,0,158,243.67,243.67,0.0,-134674.148208,0.0
2019-02-21,17,0,159,0.0,0.0,0.0,0.0,0.0
2019-02-21,17,0,160,1.45,1.45,0.0,6.025296,0.0
2019-02-21,17,0,161,51.93,51.93,0.0,-21115.873627,0.0
2019-02-21,17,0,162,162.5,162.5,0.0,3773.25893,0.0
2019-02-21,17,0,163,185.4,185.4,0.0,-185400.0,0.0
2019-02-21,17,0,164,19.92,19.92,0.0,-212.480401,0.0
2019-02-21,17,0,167,2.97,2.97,0.0,56.82157,0.0
2019-02-21,17,0,168,1.48,1.48,0.0,28.315126,0.0
2019-02-21,17,0,169,0.0,0.0,0.0,0.0,0.0
2019-02-21,17,0,170,3.25,3.25,0.0,62.178485,0.0
2019-02-21,17,0,172,3.53,3.53,0.0,73.363613,0.0
2019-02-21,17,0,173,5.38,5.38,0.0,111.811965,0.0
2019-02-21,17,0,188,5.2,5.2,0.0,158.013952,0.0
2019-02-21,17,0,190,7.5,7.5,0.0,243.206678,0.0
2019-02-21,17,0,191,19.36,19.36,0.0,627.797506,0.0
2019-02-21,17,0,192,332.6,332.6,0.0,10785.405497,0.0
2019-02-21,17,0,194,52.95,52.95,0.0,-6478.674754,0.0
2019-02-21,17,0,196,4.95,4.95,0.0,1355.907228,0.0
2019-02-21,17,0,198,4.99,4.99,0.0,38.563931,0.0
2019-02-21,17,0,199,130.0,130.0,0.0,-4955.854853,0.0
2019-02-21,17,0,200,7.75,7.75,0.0,-295.445193,0.0
2019-02-21,17,0,204,257.1,257.1,0.0,-541.712842,0.0
2019-02-21,17,0,205,317.4,317.4,0.0,-533.456601,0.0
2019-02-21,17,0,206,539.94,539.94,0.0,-5817.5563,0.0
2019-02-21,17,0,210,0.99,0.99,0.0,5.17849,0.0
2019-02-21,17,0,214,5.73,5.73,0.0,64.555274,0.0
2019-02-21,17,0,217,3.71,3.71,0.0,33.000468,0.0
2019-02-21,17,0,218,5.12,5.12,0.0,45.542425,0.0
2019-02-21,17,0,219,3.49,3.49,0.0,31.043567,0.0
2019-02-21,17,0,221,3.05,3.05,0.0,34.361883,0.0
2019-02-21,17,0,225,2.58,2.58,0.0,12.273546,0.0
2019-02-21,17,0,233,3.86,3.86,0.0,36.300319,0.0
2019-02-21,17,0,236,110.06,110.06,0.0,497.899649,0.0
2019-02-21,17,0,237,189.62,189.62,0.0,486.663086,0.0
2019-02-21,17,0,238,58.24,58.24,0.0,324.725929,0.0
2019-02-21,17,0,240,8.05,8.05,0.0,10.166903,0.0
2019-02-21,17,0,245,74.6,74.6,0.0,501.582031,0.0
2019-02-21,17,0,247,148.7,148.7,0.0,999.802252,0.0
2019-02-21,17,0,248,19.29,19.29,0.0,49.508126,0.0
2019-02-21,17,0,249,143.46,143.46,0.0,964.570485,0.0
2019-02-21,17,0,251,326.4,326.4,0.0,1933.262768,0.0
2019-02-21,17,0,252,197.23,197.23,0.0,1209.21846,0.0
2019-02-21,17,0,254,8.46,8.46,0.0,20.776407,0.0
2019-02-21,17,0,255,3.88,3.88,0.0,9.528659,0.0
2019-02-21,17,0,258,10.02,10.02,0.0,13.664016,0.0
2019-02-21,17,0,260,3.52,3.52,0.0,14.626926,0.0
2019-02-21,17,0,265,62.69,62.69,0.0,-322.802041,0.0
2019-02-21,17,0,266,29.1,29.1,0.0,-149.841113,0.0
2019-02-21,17,0,267,35.76,35.76,0.0,-184.134646,0.0
2019-02-21,17,0,270,578.99,578.99,0.0,-578990.0,0.0
2019-02-21,17,0,272,150.39,150.39,0.0,-38618.935173,0.0
2019-02-21,17,0,273,23.32,23.32,0.0,-23320.0,0.0
2019-02-21,17,0,274,746.39,746.39,0.0,-746390.0,0.0
2019-02-21,17,0,275,1038.99,1038.99,0.0,-1038990.0,0.0
2019-02-21,17,0,276,5.21,5.21,0.0,-4689.652709,0.0
2019-02-21,17,0,277,6.32,6.32,0.0,-1692.745369,0.0
2019-02-21,17,0,278,10.11,10.11,0.0,-2707.856912,0.0
2019-02-21,17,0,279,264.6,264.6,0.0,-70870.320372,0.0
2019-02-21,17,0,281,16.42,16.42,0.0,-175.146997,0.0
2019-02-21,17,0,282,281.94,281.94,0.0,-3007.365679,0.0
2019-02-21,18,0,9,1.72,1.72,0.0,-3.5467,0.0
2019-02-21,18,0,17,13.21,13.21,0.0,107.695532,0.0
2019-02-21,18,0,19,259.09,259.09,0.0,2112.25098,0.0
2019-02-21,18,0,20,315.5,315.5,0.0,2572.137806,0.0
2019-02-21,18,0,21,39.36,39.36,0.0,-81.161686,0.0
2019-02-21,18,0,22,139.87,139.87,0.0,-288.416794,0.0
2019-02-21,18,0,23,94.93,94.93,0.0,-195.748954,0.0
2019-02-21,18,0,24,168.46,168.46,0.0,-347.370366,0.0
2019-02-21,18,0,29,1.87,1.87,0.0,12.294124,0.0
2019-02-21,18,0,30,333.76,333.76,0.0,-708.623152,0.0
2019-02-21,18,0,31,22.64,22.64,0.0,-48.068157,0.0
2019-02-21,18,0,32,1.53,1.53,0.0,81.839308,0.0
2019-02-21,18,0,33,0.81,0.81,0.0,8.214539,0.0
2019-02-21,18,0,34,1.3,1.3,0.0,13.183829,0.0
2019-02-21,18,0,35,1.3,1.3,0.0,13.183829,0.0
2019-02-21,18,0,36,4.35,4.35,0.0,21.348136,0.0
2019-02-21,18,0,37,1.96,1.96,0.0,9.486737,0.0
2019-02-21,18,0,38,2.52,2.52,0.0,12.197233,0.0
2019-02-21,18,0,39,1.68,1.68,0.0,8.131489,0.0
2019-02-21,18,0,40,1.68,1.68,0.0,8.131489,0.0
2019-02-21,18,0,41,34.8,34.8,0.0,40.582701,0.0
2019-02-21,18,0,42,28.25,28.25,0.0,218.131457,0.0
2019-02-21,18,0,43,12.13,12.13,0.0,63.134397,0.0
2019-02-21,18,0,46,10.79,10.79,0.0,44.882366,0.0
2019-02-21,18,0,52,24.0,24.0,0.0,-50.955644,0.0
2019-02-21,18,0,53,38.14,38.14,0.0,-80.97701,0.0
2019-02-21,18,0,55,234.33,234.33,0.0,-483.196592,0.0
2019-02-21,18,0,56,98.45,98.45,0.0,-209.024297,0.0
2019-02-21,18,0,57,93.65,93.65,0.0,-198.833168,0.0
2019-02-21,18,0,58,180.09,180.09,0.0,-382.358411,0.0
2019-02-21,18,0,59,177.09,177.09,0.0,-375.988956,0.0
2019-02-21,18,0,63,170.0,170.0,0.0,20671.331912,0.0
2019-02-21,18,0,64,200.0,200.0,0.0,24319.214014,0.0
2019-02-21,18,0,65,24.0,24.0,0.0,193.739823,0.0
2019-02-21,18,0,67,182.72,182.72,0.0,-100935.135639,0.0
2019-02-21,18,0,68,10.2,10.2,0.0,-4143.654352,0.0
2019-02-21,18,0,69,0.81,0.81,0.0,8.214539,0.0
2019-02-21,18,0,74,48.75,48.75,0.0,284.33156,0.0
2019-02-21,18,0,77,60.0,60.0,0.0,-17049.555419,0.0
2019-02-21,18,0,78,45.36,45.36,0.0,-12889.463897,0.0
2019-02-21,18,0,79,26.25,26.25,0.0,-7459.180496,0.0
2019-02-21,18,0,80,42.45,42.45,0.0,-12062.560459,0.0
2019-02-21,18,0,81,55.5,55.5,0.0,-15770.838763,0.0
2019-02-21,18,0,82,39.15,39.15,0.0,-11124.834911,0.0
2019-02-21,18,0,83,87.3,87.3,0.0,-24807.103135,0.0
2019-02-21,18,0,84,0.0,0.0,0.0,0.0,0.0
2019-02-21,18,0,86,4.11,4.11,0.0,41.681182,0.0
2019-02-21,18,0,87,20.98,20.98,0.0,212.766714,0.0
2019-02-21,18,0,88,51.18,51.18,0.0,-14543.270773,0.0
2019-02-21,18,0,89,49.2,49.2,0.0,-13980.635444,0.0
2019-02-21,18,0,90,66.06,66.06,0.0,-18771.560517,0.0
2019-02-21,18,0,91,235.65,235.65,0.0,-66962.12891,0.0
2019-02-21,18,0,92,84.75,84.75,0.0,-24082.49703,0.0
2019-02-21,18,0,95,102.37,102.37,0.0,2296.132137,0.0
2019-02-21,18,0,96,29.88,29.88,0.0,-65.348314,0.0
2019-02-21,18,0,97,183.75,183.75,0.0,-401.865884,0.0
2019-02-21,18,0,99,9.41,9.41,0.0,54.883282,0.0
2019-02-21,18,0,101,6.72,6.72,0.0,-14.26758,0.0
2019-02-21,18,0,102,24.15,24.15,0.0,-9810.711039,0.0
2019-02-21,18,0,103,21.0,21.0,0.0,-8531.053077,0.0
2019-02-21,18,0,104,3.9,3.9,0.0,-1584.338429,0.0
2019-02-21,18,0,106,137.69,137.69,0.0,-283.921558,0.0
2019-02-21,18,0,109,57.61,57.61,0.0,183.667807,0.0
2019-02-21,18,0,110,338.6,338.6,0.0,-338600.0,0.0
2019-02-21,18,0,111,9.36,9.36,0.0,10.915347,0.0
2019-02-21,18,0,113,45.0,45.0,0.0,-11506.251189,0.0
2019-02-21,18,0,115,45.0,45.0,0.0,-11506.251189,0.0
2019-02-21,18,0,116,60.97,60.97,0.0,-60970.0,0.0
2019-02-21,18,0,117,3.0,3.0,0.0,-767.083413,0.0
2019-02-21,18,0,119,200.0,200.0,0.0,24319.214014,0.0
2019-02-21,18,0,120,117.6,117.6,0.0,14299.69784,0.0
2019-02-21,18,0,123,2.29,2.29,0.0,-4.722059,0.0
2019-02-21,18,0,125,152.35,152.35,0.0,-314.150987,0.0
2019-02-21,18,0,126,103.27,103.27,0.0,-212.946324,0.0
2019-02-21,18,0,127,132.53,132.53,0.0,-273.281459,0.0
2019-02-21,18,0,128,218.77,218.77,0.0,-451.111332,0.0
2019-02-21,18,0,131,30.0,30.0,0.0,-11016.152002,0.0
2019-02-21,18,0,132,44.1,44.1,0.0,-16193.743442,0.0
2019-02-21,18,0,133,95.15,95.15,0.0,776.435546,0.0
2019-02-21,18,0,134,0.0,0.0,0.0,0.0,0.0
2019-02-21,18,0,135,127.5,127.5,0.0,1040.415471,0.0
2019-02-21,18,0,136,19.33,19.33,0.0,155.9563,0.0
2019-02-21,18,0,139,44.94,44.94,0.0,52.407661,0.0
2019-02-21,18,0,140,250.6,250.6,0.0,-250600.0,0.0
2019-02-21,18,0,141,230.0,230.0,0.0,-127052.764869,0.0
2019-02-21,18,0,142,240.96,240.96,0.0,-133107.105317,0.0
2019-02-21,18,0,143,21.53,21.53,0.0,-45.711459,0.0
2019-02-21,18,0,145,30.0,30.0,0.0,-4.525521,0.0
2019-02-21,18,0,146,268.0,268.0,0.0,-268000.0,0.0
2019-02-21,18,0,152,3.21,3.21,0.0,18.846945,0.0
2019-02-21,18,0,153,3.92,3.92,0.0,22.610993,0.0
2019-02-21,18,0,154,38.59,38.59,0.0,45.002484,0.0
2019-02-21,18,0,157,211.83,211.83,0.0,-117015.596445,0.0
2019-02-21,18,0,158,159.17,159.17,0.0,-87926.037323,0.0
2019-02-21,18,0,159,0.0,0.0,0.0,0.0,0.0
2019-02-21,18,0,160,0.87,0.87,0.0,5.585558,0.0
2019-02-21,18,0,161,33.14,33.14,0.0,-13462.814237,0.0
2019-02-21,18,0,162,158.7,158.7,0.0,3685.195192,0.0
2019-02-21,18,0,163,185.4,185.4,0.0,-185400.0,0.0
2019-02-21,18,0,164,12.75,12.75,0.0,-27.070186,0.0
2019-02-21,18,0,167,1.71,1.71,0.0,32.56442,0.0
2019-02-21,18,0,168,0.86,0.86,0.0,16.377428,0.0
2019-02-21,18,0,169,0.0,0.0,0.0,0.0,0.0
2019-02-21,18,0,170,1.87,1.87,0.0,35.611383,0.0
2019-02-21,18,0,172,2.05,2.05,0.0,45.342495,0.0
2019-02-21,18,0,173,3.12,3.12,0.0,69.009065,0.0
2019-02-21,18,0,188,3.04,3.04,0.0,97.720254,0.0
2019-02-21,18,0,190,4.58,4.58,0.0,148.518212,0.0
2019-02-21,18,0,191,11.83,11.83,0.0,383.618001,0.0
2019-02-21,18,0,192,332.6,332.6,0.0,10785.405497,0.0
2019-02-21,18,0,194,98.98,98.98,0.0,-11911.16887,0.0
2019-02-21,18,0,196,3.05,3.05,0.0,842.162049,0.0
2019-02-21,18,0,198,2.96,2.96,0.0,24.255131,0.0
2019-02-21,18,0,199,128.66,128.66,0.0,-3214.566484,0.0
2019-02-21,18,0,200,4.57,4.57,0.0,-114.181322,0.0
2019-02-21,18,0,204,257.1,257.1,0.0,752.497888,0.0
2019-02-21,18,0,205,304.74,304.74,0.0,971.548818,0.0
2019-02-21,18,0,206,539.94,539.94,0.0,-1180.862398,0.0
2019-02-21,18,0,210,0.56,0.56,0.0,3.984672,0.0
2019-02-21,18,0,214,3.34,3.34,0.0,37.804697,0.0
2019-02-21,18,0,217,2.13,2.13,0.0,20.230877,0.0
2019-02-21,18,0,218,2.94,2.94,0.0,27.924309,0.0
2019-02-21,18,0,219,2.0,2.0,0.0,18.996129,0.0
2019-02-21,18,0,221,1.78,1.78,0.0,20.147413,0.0
2019-02-21,18,0,225,1.46,1.46,0.0,9.522329,0.0
2019-02-21,18,0,233,2.33,2.33,0.0,23.629478,0.0
2019-02-21,18,0,236,100.88,100.88,0.0,711.676263,0.0
2019-02-21,18,0,237,116.94,116.94,0.0,682.045798,0.0
2019-02-21,18,0,238,36.77,36.77,0.0,283.918361,0.0
2019-02-21,18,0,240,4.93,4.93,0.0,24.194554,0.0
2019-02-21,18,0,245,62.82,62.82,0.0,530.644761,0.0
2019-02-21,18,0,247,127.29,127.29,0.0,1075.227184,0.0
2019-02-21,18,0,248,11.74,11.74,0.0,68.472872,0.0
2019-02-21,18,0,249,120.81,120.81,0.0,1020.490188,0.0
2019-02-21,18,0,251,256.21,256.21,0.0,2034.565823,0.0
2019-02-21,18,0,252,154.85,154.85,0.0,1250.025484,0.0
2019-02-21,18,0,254,5.1,5.1,0.0,28.099945,0.0
2019-02-21,18,0,255,2.34,2.34,0.0,12.892916,0.0
2019-02-21,18,0,258,6.13,6.13,0.0,30.377933,0.0
2019-02-21,18,0,260,2.12,2.12,0.0,13.610785,0.0
2019-02-21,18,0,265,39.96,39.96,0.0,46.600136,0.0
2019-02-21,18,0,266,29.1,29.1,0.0,33.935535,0.0
2019-02-21,18,0,267,35.76,35.76,0.0,41.702224,0.0
2019-02-21,18,0,270,579.0,579.0,0.0,-579000.0,0.0
2019-02-21,18,0,272,150.39,150.39,0.0,-38453.891475,0.0
2019-02-21,18,0,273,14.58,14.58,0.0,-14580.0,0.0
2019-02-21,18,0,274,746.4,746.4,0.0,-746400.0,0.0
2019-02-21,18,0,275,1039.0,1039.0,0.0,-1039000.0,0.0
2019-02-21,18,0,276,3.26,3.26,0.0,-2934.19922,0.0
2019-02-21,18,0,277,3.96,3.96,0.0,-1057.741593,0.0
2019-02-21,18,0,278,6.34,6.34,0.0,-1693.454975,0.0
2019-02-21,18,0,279,264.6,264.6,0.0,-70676.370106,0.0
2019-02-21,18,0,281,10.15,10.15,0.0,-21.549991,0.0
2019-02-21,18,0,282,183.09,183.09,0.0,-388.727867,0.0
2019-02-21,19,0,9,0.33,0.33,0.0,3.743446,0.0
2019-02-21,19,0,17,2.33,2.33,0.0,13.355682,0.0
2019-02-21,19,0,19,495.44,495.44,0.0,2839.888088,0.0
2019-02-21,19,0,20,602.2,602.2,0.0,3451.842013,0.0
2019-02-21,19,0,21,7.64,7.64,0.0,86.666447,0.0
2019-02-21,19,0,22,27.13,27.13,0.0,307.756636,0.0
2019-02-21,19,0,23,108.8,108.8,0.0,1234.2028,0.0
2019-02-21,19,0,24,192.5,192.5,0.0,2183.676829,0.0
2019-02-21,19,0,29,0.13,0.13,0.0,1.01147,0.0
2019-02-21,19,0,30,73.65,73.65,0.0,836.501775,0.0
2019-02-21,19,0,31,7.98,7.98,0.0,90.635223,0.0
2019-02-21,19,0,32,0.22,0.22,0.0,12.058069,0.0
2019-02-21,19,0,33,0.18,0.18,0.0,1.598589,0.0
2019-02-21,19,0,34,0.29,0.29,0.0,2.575504,0.0
2019-02-21,19,0,35,0.29,0.29,0.0,2.575504,0.0
2019-02-21,19,0,36,0.95,0.95,0.0,9.226656,0.0
2019-02-21,19,0,37,0.4,0.4,0.0,3.8854,0.0
2019-02-21,19,0,38,0.52,0.52,0.0,5.051019,0.0
2019-02-21,19,0,39,0.35,0.35,0.0,3.399725,0.0
2019-02-21,19,0,40,0.35,0.35,0.0,3.399725,0.0
2019-02-21,19,0,41,34.8,34.8,0.0,369.52226,0.0
2019-02-21,19,0,42,6.39,6.39,0.0,53.646977,0.0
2019-02-21,19,0,43,2.82,2.82,0.0,27.030298,0.0
2019-02-21,19,0,46,2.62,2.62,0.0,25.828549,0.0
2019-02-21,19,0,52,8.46,8.46,0.0,96.086966,0.0
2019-02-21,19,0,53,13.44,13.44,0.0,152.648796,0.0
2019-02-21,19,0,55,81.69,81.69,0.0,926.67304,0.0
2019-02-21,19,0,56,21.72,21.72,0.0,246.691358,0.0
2019-02-21,19,0,57,20.66,20.66,0.0,234.652093,0.0
2019-02-21,19,0,58,39.74,39.74,0.0,451.358867,0.0
2019-02-21,19,0,59,39.08,39.08,0.0,443.862721,0.0
2019-02-21,19,0,63,170.0,170.0,0.0,20704.782327,0.0
2019-02-21,19,0,64,200.0,200.0,0.0,24358.567444,0.0
2019-02-21,19,0,65,18.45,18.45,0.0,137.766093,0.0
2019-02-21,19,0,67,35.78,35.78,0.0,-19833.451511,0.0
2019-02-21,19,0,68,12.55,12.55,0.0,-5130.174054,0.0
2019-02-21,19,0,69,0.18,0.18,0.0,1.598589,0.0
2019-02-21,19,0,74,50.51,50.51,0.0,486.006376,0.0
2019-02-21,19,0,77,60.0,60.0,0.0,-17262.109482,0.0
2019-02-21,19,0,78,45.36,45.36,0.0,-13050.154768,0.0
2019-02-21,19,0,79,26.25,26.25,0.0,-7552.172898,0.0
2019-02-21,19,0,80,42.45,42.45,0.0,-12212.942458,0.0
2019-02-21,19,0,81,55.5,55.5,0.0,-15967.451271,0.0
2019-02-21,19,0,82,39.15,39.15,0.0,-11263.526437,0.0
2019-02-21,19,0,83,87.3,87.3,0.0,-25116.369296,0.0
2019-02-21,19,0,84,0.0,0.0,0.0,0.0,0.0
2019-02-21,19,0,86,0.91,0.91,0.0,8.081755,0.0
2019-02-21,19,0,87,4.62,4.62,0.0,41.030451,0.0
2019-02-21,19,0,88,51.18,51.18,0.0,-14724.579388,0.0
2019-02-21,19,0,89,49.2,49.2,0.0,-14154.929775,0.0
2019-02-21,19,0,90,66.06,66.06,0.0,-19005.58254,0.0
2019-02-21,19,0,91,235.65,235.65,0.0,-67796.93499,0.0
2019-02-21,19,0,92,84.75,84.75,0.0,-24382.729643,0.0
2019-02-21,19,0,95,98.33,98.33,0.0,2205.516001,0.0
2019-02-21,19,0,96,27.17,27.17,0.0,308.989502,0.0
2019-02-21,19,0,97,167.1,167.1,0.0,1900.336616,0.0
2019-02-21,19,0,99,9.75,9.75,0.0,93.814337,0.0
2019-02-21,19,0,101,1.48,1.48,0.0,16.80954,0.0
2019-02-21,19,0,102,35.91,35.91,0.0,-14679.247035,0.0
2019-02-21,19,0,103,30.13,30.13,0.0,-12316.505519,0.0
2019-02-21,19,0,104,4.3,4.3,0.0,-1757.748879,0.0
2019-02-21,19,0,106,26.71,26.71,0.0,302.99225,0.0
2019-02-21,19,0,109,49.1,49.1,0.0,497.249399,0.0
2019-02-21,19,0,110,338.6,338.6,0.0,-338600.0,0.0
2019-02-21,19,0,111,2.61,2.61,0.0,27.714169,0.0
2019-02-21,19,0,113,45.0,45.0,0.0,-11599.832278,0.0
2019-02-21,19,0,115,45.0,45.0,0.0,-11599.832278,0.0
2019-02-21,19,0,116,9.03,9.03,0.0,-9030.0,0.0
2019-02-21,19,0,117,3.0,3.0,0.0,-773.322152,0.0
2019-02-21,19,0,119,200.0,200.0,0.0,24358.567444,0.0
2019-02-21,19,0,120,117.6,117.6,0.0,14322.837657,0.0
2019-02-21,19,0,123,0.45,0.45,0.0,5.104699,0.0
2019-02-21,19,0,125,174.2,174.2,0.0,1976.085733,0.0
2019-02-21,19,0,126,20.03,20.03,0.0,227.215828,0.0
2019-02-21,19,0,127,25.71,25.71,0.0,291.648474,0.0
2019-02-21,19,0,128,249.5,249.5,0.0,2830.272045,0.0
2019-02-21,19,0,131,30.0,30.0,0.0,-11097.303637,0.0
2019-02-21,19,0,132,44.1,44.1,0.0,-16313.036347,0.0
2019-02-21,19,0,133,84.6,84.6,0.0,798.571145,0.0
2019-02-21,19,0,134,0.0,0.0,0.0,0.0,0.0
2019-02-21,19,0,135,114.64,114.64,0.0,1082.129977,0.0
2019-02-21,19,0,136,18.52,18.52,0.0,140.052719,0.0
2019-02-21,19,0,139,44.94,44.94,0.0,477.193401,0.0
2019-02-21,19,0,140,250.6,250.6,0.0,-250600.0,0.0
2019-02-21,19,0,141,230.0,230.0,0.0,-127492.840902,0.0
2019-02-21,19,0,142,47.19,47.19,0.0,-26158.205053,0.0
2019-02-21,19,0,143,7.65,7.65,0.0,86.88715,0.0
2019-02-21,19,0,145,27.94,27.94,0.0,304.577526,0.0
2019-02-21,19,0,146,268.0,268.0,0.0,-268000.0,0.0
2019-02-21,19,0,152,0.6,0.6,0.0,5.760876,0.0
2019-02-21,19,0,153,0.75,0.75,0.0,7.214598,0.0
2019-02-21,19,0,154,10.75,10.75,0.0,114.148399,0.0
2019-02-21,19,0,157,214.52,214.52,0.0,-118912.018393,0.0
2019-02-21,19,0,158,38.9,38.9,0.0,-21562.919613,0.0
2019-02-21,19,0,159,0.0,0.0,0.0,0.0,0.0
2019-02-21,19,0,160,0.19,0.19,0.0,1.748211,0.0
2019-02-21,19,0,161,5.94,5.94,0.0,-2428.146126,0.0
2019-02-21,19,0,162,152.93,152.93,0.0,3548.910498,0.0
2019-02-21,19,0,163,185.4,185.4,0.0,-185400.0,0.0
2019-02-21,19,0,164,3.38,3.38,0.0,38.389355,0.0
2019-02-21,19,0,167,0.23,0.23,0.0,4.372665,0.0
2019-02-21,19,0,168,0.11,0.11,0.0,2.091275,0.0
2019-02-21,19,0,169,0.0,0.0,0.0,0.0,0.0
2019-02-21,19,0,170,0.25,0.25,0.0,4.752897,0.0
2019-02-21,19,0,172,0.31,0.31,0.0,7.603456,0.0
2019-02-21,19,0,173,0.48,0.48,0.0,11.773093,0.0
2019-02-21,19,0,188,0.48,0.48,0.0,16.049815,0.0
2019-02-21,19,0,190,0.54,0.54,0.0,17.510881,0.0
2019-02-21,19,0,191,1.41,1.41,0.0,45.722856,0.0
2019-02-21,19,0,192,332.6,332.6,0.0,10785.405497,0.0
2019-02-21,19,0,194,176.5,176.5,0.0,-21448.073418,0.0
2019-02-21,19,0,196,0.49,0.49,0.0,135.072208,0.0
2019-02-21,19,0,198,0.6,0.6,0.0,5.106106,0.0
2019-02-21,19,0,199,120.21,120.21,0.0,-3590.854384,0.0
2019-02-21,19,0,200,0.94,0.94,0.0,-28.079221,0.0
2019-02-21,19,0,204,219.99,219.99,0.0,2239.549438,0.0
2019-02-21,19,0,205,259.72,259.72,0.0,2630.256904,0.0
2019-02-21,19,0,206,491.01,491.01,0.0,5583.987325,0.0
2019-02-21,19,0,210,0.06,0.06,0.0,0.46359,0.0
2019-02-21,19,0,214,0.52,0.52,0.0,4.508873,0.0
2019-02-21,19,0,217,0.3,0.3,0.0,2.476216,0.0
2019-02-21,19,0,218,0.41,0.41,0.0,3.384162,0.0
2019-02-21,19,0,219,0.28,0.28,0.0,2.311135,0.0
2019-02-21,19,0,221,0.28,0.28,0.0,2.427855,0.0
2019-02-21,19,0,225,0.14,0.14,0.0,1.090006,0.0
2019-02-21,19,0,233,0.51,0.51,0.0,4.529335,0.0
2019-02-21,19,0,236,94.14,94.14,0.0,884.448265,0.0
2019-02-21,19,0,237,121.18,121.18,0.0,1165.991936,0.0
2019-02-21,19,0,238,8.32,8.32,0.0,69.850211,0.0
2019-02-21,19,0,240,1.08,1.08,0.0,10.489251,0.0
2019-02-21,19,0,245,52.56,52.56,0.0,462.978582,0.0
2019-02-21,19,0,247,108.95,108.95,0.0,959.693998,0.0
2019-02-21,19,0,248,12.16,12.16,0.0,117.003317,0.0
2019-02-21,19,0,249,101.07,101.07,0.0,890.282445,0.0
2019-02-21,19,0,251,176.52,176.52,0.0,1419.750114,0.0
2019-02-21,19,0,252,119.04,119.04,0.0,888.871313,0.0
2019-02-21,19,0,254,0.86,0.86,0.0,8.160392,0.0
2019-02-21,19,0,255,0.4,0.4,0.0,3.795531,0.0
2019-02-21,19,0,258,1.4,1.4,0.0,13.568448,0.0
2019-02-21,19,0,260,0.46,0.46,0.0,4.232511,0.0
2019-02-21,19,0,265,11.13,11.13,0.0,118.183412,0.0
2019-02-21,19,0,266,29.1,29.1,0.0,308.997062,0.0
2019-02-21,19,0,267,35.76,35.76,0.0,379.715977,0.0
2019-02-21,19,0,270,579.0,579.0,0.0,-579000.0,0.0
2019-02-21,19,0,272,150.39,150.39,0.0,-38766.639474,0.0
2019-02-21,19,0,273,2.16,2.16,0.0,-2160.0,0.0
2019-02-21,19,0,274,746.4,746.4,0.0,-746400.0,0.0
2019-02-21,19,0,275,1039.0,1039.0,0.0,-1039000.0,0.0
2019-02-21,19,0,276,0.52,0.52,0.0,-468.25393,0.0
2019-02-21,19,0,277,0.68,0.68,0.0,-183.445353,0.0
2019-02-21,19,0,278,1.09,1.09,0.0,-294.05211,0.0
2019-02-21,19,0,279,264.6,264.6,0.0,-71381.824196,0.0
2019-02-21,19,0,281,3.58,3.58,0.0,40.660915,0.0
2019-02-21,19,0,282,40.4,40.4,0.0,458.855013,0.0
2019-02-21,20,0,9,0.0,0.0,0.0,0.0,0.0
2019-02-21,20,0,17,0.0,0.0,0.0,0.0,0.0
2019-02-21,20,0,19,418.19,418.19,0.0,3648.89708,0.0
2019-02-21,20,0,20,507.18,507.18,0.0,4425.375119,0.0
2019-02-21,20,0,21,0.0,0.0,0.0,0.0,0.0
2019-02-21,20,0,22,0.0,0.0,0.0,0.0,0.0
2019-02-21,20,0,23,93.55,93.55,0.0,1256.013841,0.0
2019-02-21,20,0,24,165.51,165.51,0.0,2222.157678,0.0
2019-02-21,20,0,29,0.0,0.0,0.0,0.0,0.0
2019-02-21,20,0,30,0.0,0.0,0.0,0.0,0.0
2019-02-21,20,0,31,10.72,10.72,0.0,144.247597,0.0
2019-02-21,20,0,32,0.0,0.0,0.0,0.0,0.0
2019-02-21,20,0,33,0.0,0.0,0.0,0.0,0.0
2019-02-21,20,0,34,0.0,0.0,0.0,0.0,0.0
2019-02-21,20,0,35,0.0,0.0,0.0,0.0,0.0
2019-02-21,20,0,36,0.0,0.0,0.0,0.0,0.0
2019-02-21,20,0,37,0.0,0.0,0.0,0.0,0.0
2019-02-21,20,0,38,0.0,0.0,0.0,0.0,0.0
2019-02-21,20,0,39,0.0,0.0,0.0,0.0,0.0
2019-02-21,20,0,40,0.0,0.0,0.0,0.0,0.0
2019-02-21,20,0,41,60.5,60.5,0.0,718.344303,0.0
2019-02-21,20,0,42,0.0,0.0,0.0,0.0,0.0
2019-02-21,20,0,43,0.0,0.0,0.0,0.0,0.0
2019-02-21,20,0,46,0.0,0.0,0.0,0.0,0.0
2019-02-21,20,0,52,11.37,11.37,0.0,152.993953,0.0
2019-02-21,20,0,53,18.06,18.06,0.0,243.014141,0.0
2019-02-21,20,0,55,83.68,83.68,0.0,1123.498003,0.0
2019-02-21,20,0,56,0.0,0.0,0.0,0.0,0.0
2019-02-21,20,0,57,0.0,0.0,0.0,0.0,0.0
2019-02-21,20,0,58,0.0,0.0,0.0,0.0,0.0
2019-02-21,20,0,59,0.0,0.0,0.0,0.0,0.0
2019-02-21,20,0,63,170.0,170.0,0.0,20204.258931,0.0
2019-02-21,20,0,64,200.0,200.0,0.0,23769.716389,0.0
2019-02-21,20,0,65,17.85,17.85,0.0,156.344029,0.0
2019-02-21,20,0,67,0.0,0.0,0.0,-0.0,0.0
2019-02-21,20,0,68,8.34,8.34,0.0,-3426.887912,0.0
2019-02-21,20,0,69,0.0,0.0,0.0,0.0,0.0
2019-02-21,20,0,74,39.79,39.79,0.0,386.149308,0.0
2019-02-21,20,0,77,84.7,84.7,0.0,-24593.230564,0.0
2019-02-21,20,0,78,64.3,64.3,0.0,-18669.949531,0.0
2019-02-21,20,0,79,37.43,37.43,0.0,-10868.059268,0.0
2019-02-21,20,0,80,60.23,60.23,0.0,-17488.196894,0.0
2019-02-21,20,0,81,78.45,78.45,0.0,-22778.499856,0.0
2019-02-21,20,0,82,55.6,55.6,0.0,-16143.844385,0.0
2019-02-21,20,0,83,122.29,122.29,0.0,-35507.746939,0.0
2019-02-21,20,0,84,0.0,0.0,0.0,0.0,0.0
2019-02-21,20,0,86,0.0,0.0,0.0,0.0,0.0
2019-02-21,20,0,87,0.0,0.0,0.0,0.0,0.0
2019-02-21,20,0,88,95.98,95.98,0.0,-27868.456547,0.0
2019-02-21,20,0,89,92.28,92.28,0.0,-26794.135968,0.0
2019-02-21,20,0,90,123.8,123.8,0.0,-35946.185878,0.0
2019-02-21,20,0,91,440.78,440.78,0.0,-127983.520286,0.0
2019-02-21,20,0,92,158.74,158.74,0.0,-46091.256432,0.0
2019-02-21,20,0,95,95.6,95.6,0.0,2144.28282,0.0
2019-02-21,20,0,96,22.84,22.84,0.0,308.045044,0.0
2019-02-21,20,0,97,164.9,164.9,0.0,2224.020482,0.0
2019-02-21,20,0,99,7.68,7.68,0.0,74.53196,0.0
2019-02-21,20,0,101,0.0,0.0,0.0,0.0,0.0
2019-02-21,20,0,102,19.75,19.75,0.0,-8115.232166,0.0
2019-02-21,20,0,103,17.17,17.17,0.0,-7055.115761,0.0
2019-02-21,20,0,104,3.19,3.19,0.0,-1310.764081,0.0
2019-02-21,20,0,106,0.0,0.0,0.0,0.0,0.0
2019-02-21,20,0,109,41.26,41.26,0.0,447.598336,0.0
2019-02-21,20,0,110,338.6,338.6,0.0,-338600.0,0.0
2019-02-21,20,0,111,0.0,0.0,0.0,0.0,0.0
2019-02-21,20,0,113,45.0,45.0,0.0,-11709.047543,0.0
2019-02-21,20,0,115,45.0,45.0,0.0,-11709.047543,0.0
2019-02-21,20,0,116,0.0,0.0,0.0,-0.0,0.0
2019-02-21,20,0,117,3.0,3.0,0.0,-780.60317,0.0
2019-02-21,20,0,119,200.0,200.0,0.0,23769.716389,0.0
2019-02-21,20,0,120,117.6,117.6,0.0,13976.593237,0.0
2019-02-21,20,0,123,0.0,0.0,0.0,0.0,0.0
2019-02-21,20,0,125,149.78,149.78,0.0,2010.964758,0.0
2019-02-21,20,0,126,0.0,0.0,0.0,0.0,0.0
2019-02-21,20,0,127,0.0,0.0,0.0,0.0,0.0
2019-02-21,20,0,128,214.52,214.52,0.0,2880.171985,0.0
2019-02-21,20,0,131,23.28,23.28,0.0,-8664.081616,0.0
2019-02-21,20,0,132,34.23,34.23,0.0,-12739.32619,0.0
2019-02-21,20,0,133,46.65,46.65,0.0,406.89594,0.0
2019-02-21,20,0,134,0.0,0.0,0.0,0.0,0.0
2019-02-21,20,0,135,62.16,62.16,0.0,542.179027,0.0
2019-02-21,20,0,136,18.03,18.03,0.0,157.953584,0.0
2019-02-21,20,0,139,80.98,80.98,0.0,961.512755,0.0
2019-02-21,20,0,140,250.6,250.6,0.0,-250600.0,0.0
2019-02-21,20,0,141,230.0,230.0,0.0,-127860.241353,0.0
2019-02-21,20,0,142,0.0,0.0,0.0,-0.0,0.0
2019-02-21,20,0,143,10.29,10.29,0.0,138.461546,0.0
2019-02-21,20,0,145,21.14,21.14,0.0,263.996254,0.0
2019-02-21,20,0,146,268.0,268.0,0.0,-268000.0,0.0
2019-02-21,20,0,152,0.0,0.0,0.0,0.0,0.0
2019-02-21,20,0,153,0.0,0.0,0.0,0.0,0.0
2019-02-21,20,0,154,0.0,0.0,0.0,0.0,0.0
2019-02-21,20,0,157,205.82,205.82,0.0,-114418.238588,0.0
2019-02-21,20,0,158,0.0,0.0,0.0,-0.0,0.0
2019-02-21,20,0,159,0.0,0.0,0.0,0.0,0.0
2019-02-21,20,0,160,0.0,0.0,0.0,0.0,0.0
2019-02-21,20,0,161,0.0,0.0,0.0,-0.0,0.0
2019-02-21,20,0,162,115.99,115.99,0.0,2691.400334,0.0
2019-02-21,20,0,163,185.4,185.4,0.0,-185400.0,0.0
2019-02-21,20,0,164,0.0,0.0,0.0,0.0,0.0
2019-02-21,20,0,167,0.0,0.0,0.0,0.0,0.0
2019-02-21,20,0,168,0.0,0.0,0.0,0.0,0.0
2019-02-21,20,0,169,0.0,0.0,0.0,0.0,0.0
2019-02-21,20,0,170,0.0,0.0,0.0,0.0,0.0
2019-02-21,20,0,172,0.0,0.0,0.0,0.0,0.0
2019-02-21,20,0,173,0.0,0.0,0.0,0.0,0.0
2019-02-21,20,0,188,0.0,0.0,0.0,0.0,0.0
2019-02-21,20,0,190,0.0,0.0,0.0,0.0,0.0
2019-02-21,20,0,191,0.0,0.0,0.0,0.0,0.0
2019-02-21,20,0,192,269.37,269.37,0.0,8735.011061,0.0
2019-02-21,20,0,194,176.5,176.5,0.0,-21907.411314,0.0
2019-02-21,20,0,196,0.0,0.0,0.0,0.0,0.0
2019-02-21,20,0,198,0.0,0.0,0.0,0.0,0.0
2019-02-21,20,0,199,84.91,84.91,0.0,-2738.690975,0.0
2019-02-21,20,0,200,0.0,0.0,0.0,-0.0,0.0
2019-02-21,20,0,204,334.91,334.91,0.0,3672.550995,0.0
2019-02-21,20,0,205,218.27,218.27,0.0,2367.845098,0.0
2019-02-21,20,0,206,624.64,624.64,0.0,8424.5734,0.0
2019-02-21,20,0,210,0.0,0.0,0.0,0.0,0.0
2019-02-21,20,0,214,0.0,0.0,0.0,0.0,0.0
2019-02-21,20,0,217,0.0,0.0,0.0,0.0,0.0
2019-02-21,20,0,218,0.0,0.0,0.0,0.0,0.0
2019-02-21,20,0,219,0.0,0.0,0.0,0.0,0.0
2019-02-21,20,0,221,0.0,0.0,0.0,0.0,0.0
2019-02-21,20,0,225,0.0,0.0,0.0,0.0,0.0
2019-02-21,20,0,233,0.0,0.0,0.0,0.0,0.0
2019-02-21,20,0,236,63.95,63.95,0.0,587.063594,0.0
2019-02-21,20,0,237,95.46,95.46,0.0,926.408972,0.0
2019-02-21,20,0,238,0.0,0.0,0.0,0.0,0.0
2019-02-21,20,0,240,0.0,0.0,0.0,0.0,0.0
2019-02-21,20,0,245,82.15,82.15,0.0,706.731403,0.0
2019-02-21,20,0,247,85.63,85.63,0.0,736.669629,0.0
2019-02-21,20,0,248,9.58,9.58,0.0,92.970856,0.0
2019-02-21,20,0,249,157.91,157.91,0.0,1358.490029,0.0
2019-02-21,20,0,251,169.23,169.23,0.0,1491.50338,0.0
2019-02-21,20,0,252,115.12,115.12,0.0,1008.309503,0.0
2019-02-21,20,0,254,0.0,0.0,0.0,0.0,0.0
2019-02-21,20,0,255,0.0,0.0,0.0,0.0,0.0
2019-02-21,20,0,258,0.0,0.0,0.0,0.0,0.0
2019-02-21,20,0,260,0.0,0.0,0.0,0.0,0.0
2019-02-21,20,0,265,0.0,0.0,0.0,0.0,0.0
2019-02-21,20,0,266,49.35,49.35,0.0,585.955229,0.0
2019-02-21,20,0,267,62.41,62.41,0.0,741.022611,0.0
2019-02-21,20,0,270,579.0,579.0,0.0,-579000.0,0.0
2019-02-21,20,0,272,150.39,150.39,0.0,-39131.63689,0.0
2019-02-21,20,0,273,0.0,0.0,0.0,-0.0,0.0
2019-02-21,20,0,274,746.4,746.4,0.0,-746400.0,0.0
2019-02-21,20,0,275,1039.0,1039.0,0.0,-1039000.0,0.0
2019-02-21,20,0,276,0.0,0.0,0.0,-0.0,0.0
2019-02-21,20,0,277,0.0,0.0,0.0,-0.0,0.0
2019-02-21,20,0,278,0.0,0.0,0.0,-0.0,0.0
2019-02-21,20,0,279,600.48,600.48,0.0,-163505.315405,0.0
2019-02-21,20,0,281,4.81,4.81,0.0,64.723035,0.0
2019-02-21,20,0,282,0.0,0.0,0.0,0.0,0.0
2019-02-21,21,0,9,0.0,0.0,0.0,0.0,0.0
2019-02-21,21,0,17,0.0,0.0,0.0,0.0,0.0
2019-02-21,21,0,19,333.12,333.12,0.0,3805.489063,0.0
2019-02-21,21,0,20,404.01,404.01,0.0,4615.320714,0.0
2019-02-21,21,0,21,0.0,0.0,0.0,0.0,0.0
2019-02-21,21,0,22,0.0,0.0,0.0,0.0,0.0
2019-02-21,21,0,23,76.16,76.16,0.0,2182.334743,0.0
2019-02-21,21,0,24,134.76,134.76,0.0,3861.494616,0.0
2019-02-21,21,0,29,0.0,0.0,0.0,0.0,0.0
2019-02-21,21,0,30,0.0,0.0,0.0,0.0,0.0
2019-02-21,21,0,31,14.91,14.91,0.0,428.869362,0.0
2019-02-21,21,0,32,0.0,0.0,0.0,0.0,0.0
2019-02-21,21,0,33,0.0,0.0,0.0,0.0,0.0
2019-02-21,21,0,34,0.0,0.0,0.0,0.0,0.0
2019-02-21,21,0,35,0.0,0.0,0.0,0.0,0.0
2019-02-21,21,0,36,0.0,0.0,0.0,0.0,0.0
2019-02-21,21,0,37,0.0,0.0,0.0,0.0,0.0
2019-02-21,21,0,38,0.0,0.0,0.0,0.0,0.0
2019-02-21,21,0,39,0.0,0.0,0.0,0.0,0.0
2019-02-21,21,0,40,0.0,0.0,0.0,0.0,0.0
2019-02-21,21,0,41,111.37,111.37,0.0,2557.405437,0.0
2019-02-21,21,0,42,0.0,0.0,0.0,0.0,0.0
2019-02-21,21,0,43,0.0,0.0,0.0,0.0,0.0
2019-02-21,21,0,46,0.0,0.0,0.0,0.0,0.0
2019-02-21,21,0,52,15.8,15.8,0.0,454.46921,0.0
2019-02-21,21,0,53,25.11,25.11,0.0,722.260878,0.0
2019-02-21,21,0,55,87.32,87.32,0.0,2502.120139,0.0
2019-02-21,21,0,56,0.0,0.0,0.0,0.0,0.0
2019-02-21,21,0,57,0.0,0.0,0.0,0.0,0.0
2019-02-21,21,0,58,0.0,0.0,0.0,0.0,0.0
2019-02-21,21,0,59,0.0,0.0,0.0,0.0,0.0
2019-02-21,21,0,63,146.39,146.39,0.0,15991.764316,0.0
2019-02-21,21,0,64,172.22,172.22,0.0,18813.454816,0.0
2019-02-21,21,0,65,18.24,18.24,0.0,210.597277,0.0
2019-02-21,21,0,67,0.0,0.0,0.0,-0.0,0.0
2019-02-21,21,0,68,5.04,5.04,0.0,-2110.58324,0.0
2019-02-21,21,0,69,0.0,0.0,0.0,0.0,0.0
2019-02-21,21,0,74,30.92,30.92,0.0,464.209765,0.0
2019-02-21,21,0,77,138.01,138.01,0.0,-41451.428864,0.0
2019-02-21,21,0,78,104.54,104.54,0.0,-31398.683961,0.0
2019-02-21,21,0,79,60.64,60.64,0.0,-18213.279083,0.0
2019-02-21,21,0,80,97.87,97.87,0.0,-29395.343402,0.0
2019-02-21,21,0,81,127.74,127.74,0.0,-38366.825035,0.0
2019-02-21,21,0,82,90.3,90.3,0.0,-27121.687026,0.0
2019-02-21,21,0,83,200.08,200.08,0.0,-60094.209746,0.0
2019-02-21,21,0,84,0.0,0.0,0.0,0.0,0.0
2019-02-21,21,0,86,0.0,0.0,0.0,0.0,0.0
2019-02-21,21,0,87,0.0,0.0,0.0,0.0,0.0
2019-02-21,21,0,88,158.87,158.87,0.0,-47716.748812,0.0
2019-02-21,21,0,89,152.73,152.73,0.0,-45872.594235,0.0
2019-02-21,21,0,90,205.06,205.06,0.0,-61589.95727,0.0
2019-02-21,21,0,91,731.51,731.51,0.0,-219709.69298,0.0
2019-02-21,21,0,92,263.08,263.08,0.0,-79016.316973,0.0
2019-02-21,21,0,95,93.45,93.45,0.0,2096.058887,0.0
2019-02-21,21,0,96,16.81,16.81,0.0,485.440367,0.0
2019-02-21,21,0,97,103.39,103.39,0.0,2985.70372,0.0
2019-02-21,21,0,99,5.97,5.97,0.0,89.629117,0.0
2019-02-21,21,0,101,0.0,0.0,0.0,0.0,0.0
2019-02-21,21,0,102,11.94,11.94,0.0,-5000.0722,0.0
2019-02-21,21,0,103,10.38,10.38,0.0,-4346.796435,0.0
2019-02-21,21,0,104,1.93,1.93,0.0,-808.219376,0.0
2019-02-21,21,0,106,0.0,0.0,0.0,0.0,0.0
2019-02-21,21,0,109,53.29,53.29,0.0,1023.438992,0.0
2019-02-21,21,0,110,257.95,257.95,0.0,-257950.0,0.0
2019-02-21,21,0,111,0.0,0.0,0.0,0.0,0.0
2019-02-21,21,0,113,68.13,68.13,0.0,-18320.545575,0.0
2019-02-21,21,0,115,68.13,68.13,0.0,-18320.545575,0.0
2019-02-21,21,0,116,0.0,0.0,0.0,-0.0,0.0
2019-02-21,21,0,117,4.58,4.58,0.0,-1231.588122,0.0
2019-02-21,21,0,119,172.22,172.22,0.0,18813.454816,0.0
2019-02-21,21,0,120,101.27,101.27,0.0,11062.818309,0.0
2019-02-21,21,0,123,0.0,0.0,0.0,0.0,0.0
2019-02-21,21,0,125,121.95,121.95,0.0,3494.429122,0.0
2019-02-21,21,0,126,0.0,0.0,0.0,0.0,0.0
2019-02-21,21,0,127,0.0,0.0,0.0,0.0,0.0
2019-02-21,21,0,128,174.66,174.66,0.0,5004.813369,0.0
2019-02-21,21,0,131,14.7,14.7,0.0,-5594.15042,0.0
2019-02-21,21,0,132,21.6,21.6,0.0,-8219.976128,0.0
2019-02-21,21,0,133,28.66,28.66,0.0,327.075726,0.0
2019-02-21,21,0,134,0.0,0.0,0.0,0.0,0.0
2019-02-21,21,0,135,37.26,37.26,0.0,425.221269,0.0
2019-02-21,21,0,136,18.49,18.49,0.0,213.607717,0.0
2019-02-21,21,0,139,146.7,146.7,0.0,3368.693343,0.0
2019-02-21,21,0,140,190.91,190.91,0.0,-190910.0,0.0
2019-02-21,21,0,141,215.17,215.17,0.0,-120892.357289,0.0
2019-02-21,21,0,142,0.0,0.0,0.0,-0.0,0.0
2019-02-21,21,0,143,17.4,17.4,0.0,500.491409,0.0
2019-02-21,21,0,145,15.97,15.97,0.0,402.696312,0.0
2019-02-21,21,0,146,268.0,268.0,0.0,-268000.0,0.0
2019-02-21,21,0,152,0.0,0.0,0.0,0.0,0.0
2019-02-21,21,0,153,0.0,0.0,0.0,0.0,0.0
2019-02-21,21,0,154,0.0,0.0,0.0,0.0,0.0
2019-02-21,21,0,157,207.63,207.63,0.0,-116656.04008,0.0
2019-02-21,21,0,158,0.0,0.0,0.0,-0.0,0.0
2019-02-21,21,0,159,0.0,0.0,0.0,0.0,0.0
2019-02-21,21,0,160,0.0,0.0,0.0,0.0,0.0
2019-02-21,21,0,161,0.0,0.0,0.0,-0.0,0.0
2019-02-21,21,0,162,86.66,86.66,0.0,2009.70987,0.0
2019-02-21,21,0,163,154.84,154.84,0.0,-154840.0,0.0
2019-02-21,21,0,164,0.0,0.0,0.0,0.0,0.0
2019-02-21,21,0,167,0.0,0.0,0.0,0.0,0.0
2019-02-21,21,0,168,0.0,0.0,0.0,0.0,0.0
2019-02-21,21,0,169,0.0,0.0,0.0,0.0,0.0
2019-02-21,21,0,170,0.0,0.0,0.0,0.0,0.0
2019-02-21,21,0,172,0.0,0.0,0.0,0.0,0.0
2019-02-21,21,0,173,0.0,0.0,0.0,0.0,0.0
2019-02-21,21,0,188,0.0,0.0,0.0,0.0,0.0
2019-02-21,21,0,190,0.0,0.0,0.0,0.0,0.0
2019-02-21,21,0,191,0.0,0.0,0.0,0.0,0.0
2019-02-21,21,0,192,165.58,165.58,0.0,5369.354908,0.0
2019-02-21,21,0,194,176.5,176.5,0.0,-23485.937189,0.0
2019-02-21,21,0,196,0.0,0.0,0.0,0.0,0.0
2019-02-21,21,0,198,0.0,0.0,0.0,0.0,0.0
2019-02-21,21,0,199,58.3,58.3,0.0,-2408.548511,0.0
2019-02-21,21,0,200,0.0,0.0,0.0,-0.0,0.0
2019-02-21,21,0,204,553.58,553.58,0.0,10870.076341,0.0
2019-02-21,21,0,205,247.32,247.32,0.0,4749.801681,0.0
2019-02-21,21,0,206,303.79,303.79,0.0,8772.86907,0.0
2019-02-21,21,0,210,0.0,0.0,0.0,0.0,0.0
2019-02-21,21,0,214,0.0,0.0,0.0,0.0,0.0
2019-02-21,21,0,217,0.0,0.0,0.0,0.0,0.0
2019-02-21,21,0,218,0.0,0.0,0.0,0.0,0.0
2019-02-21,21,0,219,0.0,0.0,0.0,0.0,0.0
2019-02-21,21,0,221,0.0,0.0,0.0,0.0,0.0
2019-02-21,21,0,225,0.0,0.0,0.0,0.0,0.0
2019-02-21,21,0,233,0.0,0.0,0.0,0.0,0.0
2019-02-21,21,0,236,41.77,41.77,0.0,546.774323,0.0
2019-02-21,21,0,237,74.17,74.17,0.0,1113.532932,0.0
2019-02-21,21,0,238,0.0,0.0,0.0,0.0,0.0
2019-02-21,21,0,240,0.0,0.0,0.0,0.0,0.0
2019-02-21,21,0,245,120.97,120.97,0.0,1327.608151,0.0
2019-02-21,21,0,247,66.06,66.06,0.0,724.987968,0.0
2019-02-21,21,0,248,7.45,7.45,0.0,111.84873,0.0
2019-02-21,21,0,249,232.63,232.63,0.0,2553.041946,0.0
2019-02-21,21,0,251,178.91,178.91,0.0,2101.550606,0.0
2019-02-21,21,0,252,117.66,117.66,0.0,1358.490987,0.0
2019-02-21,21,0,254,0.0,0.0,0.0,0.0,0.0
2019-02-21,21,0,255,0.0,0.0,0.0,0.0,0.0
2019-02-21,21,0,258,0.0,0.0,0.0,0.0,0.0
2019-02-21,21,0,260,0.0,0.0,0.0,0.0,0.0
2019-02-21,21,0,265,0.0,0.0,0.0,0.0,0.0
2019-02-21,21,0,266,91.87,91.87,0.0,2109.624113,0.0
2019-02-21,21,0,267,114.69,114.69,0.0,2633.643078,0.0
2019-02-21,21,0,270,483.57,483.57,0.0,-483570.0,0.0
2019-02-21,21,0,272,227.55,227.55,0.0,-61189.492818,0.0
2019-02-21,21,0,273,0.0,0.0,0.0,-0.0,0.0
2019-02-21,21,0,274,623.38,623.38,0.0,-623380.0,0.0
2019-02-21,21,0,275,867.76,867.76,0.0,-867760.0,0.0
2019-02-21,21,0,276,0.0,0.0,0.0,-0.0,0.0
2019-02-21,21,0,277,0.0,0.0,0.0,-0.0,0.0
2019-02-21,21,0,278,0.0,0.0,0.0,-0.0,0.0
2019-02-21,21,0,279,398.27,398.27,0.0,-112118.020632,0.0
2019-02-21,21,0,281,6.69,6.69,0.0,192.430317,0.0
2019-02-21,21,0,282,0.0,0.0,0.0,0.0,0.0
2019-02-21,22,0,9,0.0,0.0,0.0,0.0,0.0
2019-02-21,22,0,17,0.0,0.0,0.0,0.0,0.0
2019-02-21,22,0,19,261.04,261.04,0.0,2373.061327,0.0
2019-02-21,22,0,20,316.6,316.6,0.0,2878.145939,0.0
2019-02-21,22,0,21,0.0,0.0,0.0,0.0,0.0
2019-02-21,22,0,22,0.0,0.0,0.0,0.0,0.0
2019-02-21,22,0,23,60.91,60.91,0.0,456.578834,0.0
2019-02-21,22,0,24,107.77,107.77,0.0,807.839451,0.0
2019-02-21,22,0,29,0.0,0.0,0.0,0.0,0.0
2019-02-21,22,0,30,0.0,0.0,0.0,0.0,0.0
2019-02-21,22,0,31,20.84,20.84,0.0,156.008568,0.0
2019-02-21,22,0,32,0.0,0.0,0.0,0.0,0.0
2019-02-21,22,0,33,0.0,0.0,0.0,0.0,0.0
2019-02-21,22,0,34,0.0,0.0,0.0,0.0,0.0
2019-02-21,22,0,35,0.0,0.0,0.0,0.0,0.0
2019-02-21,22,0,36,0.0,0.0,0.0,0.0,0.0
2019-02-21,22,0,37,0.0,0.0,0.0,0.0,0.0
2019-02-21,22,0,38,0.0,0.0,0.0,0.0,0.0
2019-02-21,22,0,39,0.0,0.0,0.0,0.0,0.0
2019-02-21,22,0,40,0.0,0.0,0.0,0.0,0.0
2019-02-21,22,0,41,116.0,116.0,0.0,929.848892,0.0
2019-02-21,22,0,42,0.0,0.0,0.0,0.0,0.0
2019-02-21,22,0,43,0.0,0.0,0.0,0.0,0.0
2019-02-21,22,0,46,0.0,0.0,0.0,0.0,0.0
2019-02-21,22,0,52,22.09,22.09,0.0,165.366088,0.0
2019-02-21,22,0,53,35.09,35.09,0.0,262.684293,0.0
2019-02-21,22,0,55,176.3,176.3,0.0,1321.53749,0.0
2019-02-21,22,0,56,0.0,0.0,0.0,0.0,0.0
2019-02-21,22,0,57,0.0,0.0,0.0,0.0,0.0
2019-02-21,22,0,58,0.0,0.0,0.0,0.0,0.0
2019-02-21,22,0,59,0.0,0.0,0.0,0.0,0.0
2019-02-21,22,0,63,112.8,112.8,0.0,1646.855971,0.0
2019-02-21,22,0,64,132.7,132.7,0.0,1937.391731,0.0
2019-02-21,22,0,65,19.72,19.72,0.0,179.040509,0.0
2019-02-21,22,0,67,0.0,0.0,0.0,0.0,0.0
2019-02-21,22,0,68,2.79,2.79,0.0,10.994069,0.0
2019-02-21,22,0,69,0.0,0.0,0.0,0.0,0.0
2019-02-21,22,0,74,23.33,23.33,0.0,204.127868,0.0
2019-02-21,22,0,77,125.19,125.19,0.0,818.817835,0.0
2019-02-21,22,0,78,94.64,94.64,0.0,619.002475,0.0
2019-02-21,22,0,79,54.77,54.77,0.0,358.228715,0.0
2019-02-21,22,0,80,88.57,88.57,0.0,579.301027,0.0
2019-02-21,22,0,81,115.8,115.8,0.0,757.401592,0.0
2019-02-21,22,0,82,81.68,81.68,0.0,534.236287,0.0
2019-02-21,22,0,83,182.14,182.14,0.0,1191.305059,0.0
2019-02-21,22,0,84,0.0,0.0,0.0,0.0,0.0
2019-02-21,22,0,86,0.0,0.0,0.0,0.0,0.0
2019-02-21,22,0,87,0.0,0.0,0.0,0.0,0.0
2019-02-21,22,0,88,137.06,137.06,0.0,896.454768,0.0
2019-02-21,22,0,89,131.76,131.76,0.0,861.789583,0.0
2019-02-21,22,0,90,176.91,176.91,0.0,1157.097716,0.0
2019-02-21,22,0,91,631.08,631.08,0.0,4127.642456,0.0
2019-02-21,22,0,92,226.96,226.96,0.0,1484.454795,0.0
2019-02-21,22,0,95,92.71,92.71,0.0,1211.435401,0.0
2019-02-21,22,0,96,13.09,13.09,0.0,97.855926,0.0
2019-02-21,22,0,97,80.48,80.48,0.0,601.638265,0.0
2019-02-21,22,0,99,4.5,4.5,0.0,39.373142,0.0
2019-02-21,22,0,101,0.0,0.0,0.0,0.0,0.0
2019-02-21,22,0,102,6.61,6.61,0.0,26.046881,0.0
2019-02-21,22,0,103,5.75,5.75,0.0,22.658028,0.0
2019-02-21,22,0,104,1.07,1.07,0.0,4.216364,0.0
2019-02-21,22,0,106,0.0,0.0,0.0,0.0,0.0
2019-02-21,22,0,109,114.24,114.24,0.0,954.37947,0.0
2019-02-21,22,0,110,109.76,109.76,0.0,-925.64325,0.0
2019-02-21,22,0,111,0.0,0.0,0.0,0.0,0.0
2019-02-21,22,0,113,86.44,86.44,0.0,600.772383,0.0
2019-02-21,22,0,115,86.44,86.44,0.0,600.772383,0.0
2019-02-21,22,0,116,0.0,0.0,0.0,-0.0,0.0
2019-02-21,22,0,117,5.76,5.76,0.0,40.032958,0.0
2019-02-21,22,0,119,132.7,132.7,0.0,1937.391731,0.0
2019-02-21,22,0,120,78.03,78.03,0.0,1139.221377,0.0
2019-02-21,22,0,123,0.0,0.0,0.0,0.0,0.0
2019-02-21,22,0,125,97.53,97.53,0.0,731.080836,0.0
2019-02-21,22,0,126,0.0,0.0,0.0,0.0,0.0
2019-02-21,22,0,127,0.0,0.0,0.0,0.0,0.0
2019-02-21,22,0,128,139.68,139.68,0.0,1047.035488,0.0
2019-02-21,22,0,131,8.58,8.58,0.0,40.789512,0.0
2019-02-21,22,0,132,12.61,12.61,0.0,59.948223,0.0
2019-02-21,22,0,133,28.91,28.91,0.0,262.846671,0.0
2019-02-21,22,0,134,0.0,0.0,0.0,0.0,0.0
2019-02-21,22,0,135,38.74,38.74,0.0,352.219995,0.0
2019-02-21,22,0,136,19.89,19.89,0.0,180.571227,0.0
2019-02-21,22,0,139,149.8,149.8,0.0,1200.787621,0.0
2019-02-21,22,0,140,81.24,81.24,0.0,-685.124431,0.0
2019-02-21,22,0,141,159.02,159.02,0.0,142.245884,0.0
2019-02-21,22,0,142,0.0,0.0,0.0,0.0,0.0
2019-02-21,22,0,143,30.87,30.87,0.0,231.093306,0.0
2019-02-21,22,0,145,30.18,30.18,0.0,235.654414,0.0
2019-02-21,22,0,146,268.0,268.0,0.0,-2260.134757,0.0
2019-02-21,22,0,152,0.0,0.0,0.0,0.0,0.0
2019-02-21,22,0,153,0.0,0.0,0.0,0.0,0.0
2019-02-21,22,0,154,0.0,0.0,0.0,0.0,0.0
2019-02-21,22,0,157,220.39,220.39,0.0,197.142311,0.0
2019-02-21,22,0,158,0.0,0.0,0.0,0.0,0.0
2019-02-21,22,0,159,0.0,0.0,0.0,0.0,0.0
2019-02-21,22,0,160,0.0,0.0,0.0,0.0,0.0
2019-02-21,22,0,161,0.0,0.0,0.0,0.0,0.0
2019-02-21,22,0,162,37.97,37.97,0.0,496.797909,0.0
2019-02-21,22,0,163,89.21,89.21,0.0,-752.33814,0.0
2019-02-21,22,0,164,0.0,0.0,0.0,0.0,0.0
2019-02-21,22,0,167,0.0,0.0,0.0,0.0,0.0
2019-02-21,22,0,168,0.0,0.0,0.0,0.0,0.0
2019-02-21,22,0,169,0.0,0.0,0.0,0.0,0.0
2019-02-21,22,0,170,0.0,0.0,0.0,0.0,0.0
2019-02-21,22,0,172,0.0,0.0,0.0,0.0,0.0
2019-02-21,22,0,173,0.0,0.0,0.0,0.0,0.0
2019-02-21,22,0,188,0.0,0.0,0.0,0.0,0.0
2019-02-21,22,0,190,0.0,0.0,0.0,0.0,0.0
2019-02-21,22,0,191,0.0,0.0,0.0,0.0,0.0
2019-02-21,22,0,192,93.42,93.42,0.0,1363.912099,0.0
2019-02-21,22,0,194,159.22,159.22,0.0,1528.451182,0.0
2019-02-21,22,0,196,0.0,0.0,0.0,0.0,0.0
2019-02-21,22,0,198,0.0,0.0,0.0,0.0,0.0
2019-02-21,22,0,199,39.1,39.1,0.0,396.83811,0.0
2019-02-21,22,0,200,0.0,0.0,0.0,0.0,0.0
2019-02-21,22,0,204,571.69,571.69,0.0,4753.035887,0.0
2019-02-21,22,0,205,568.34,568.34,0.0,4748.004448,0.0
2019-02-21,22,0,206,236.49,236.49,0.0,1767.910454,0.0
2019-02-21,22,0,210,0.0,0.0,0.0,0.0,0.0
2019-02-21,22,0,214,0.0,0.0,0.0,0.0,0.0
2019-02-21,22,0,217,0.0,0.0,0.0,0.0,0.0
2019-02-21,22,0,218,0.0,0.0,0.0,0.0,0.0
2019-02-21,22,0,219,0.0,0.0,0.0,0.0,0.0
2019-02-21,22,0,221,0.0,0.0,0.0,0.0,0.0
2019-02-21,22,0,225,0.0,0.0,0.0,0.0,0.0
2019-02-21,22,0,233,0.0,0.0,0.0,0.0,0.0
2019-02-21,22,0,236,25.97,25.97,0.0,231.949091,0.0
2019-02-21,22,0,237,55.98,55.98,0.0,489.801888,0.0
2019-02-21,22,0,238,0.0,0.0,0.0,0.0,0.0
2019-02-21,22,0,240,0.0,0.0,0.0,0.0,0.0
2019-02-21,22,0,245,98.71,98.71,0.0,901.585753,0.0
2019-02-21,22,0,247,50.15,50.15,0.0,458.054154,0.0
2019-02-21,22,0,248,5.62,5.62,0.0,49.17268,0.0
2019-02-21,22,0,249,189.83,189.83,0.0,1733.84686,0.0
2019-02-21,22,0,251,425.32,425.32,0.0,3853.393033,0.0
2019-02-21,22,0,252,127.18,127.18,0.0,1154.684175,0.0
2019-02-21,22,0,254,0.0,0.0,0.0,0.0,0.0
2019-02-21,22,0,255,0.0,0.0,0.0,0.0,0.0
2019-02-21,22,0,258,0.0,0.0,0.0,0.0,0.0
2019-02-21,22,0,260,0.0,0.0,0.0,0.0,0.0
2019-02-21,22,0,265,0.0,0.0,0.0,0.0,0.0
2019-02-21,22,0,266,97.0,97.0,0.0,777.546056,0.0
2019-02-21,22,0,267,119.2,119.2,0.0,955.499896,0.0
2019-02-21,22,0,270,278.59,278.59,0.0,-2349.443813,0.0
2019-02-21,22,0,272,288.89,288.89,0.0,2007.833568,0.0
2019-02-21,22,0,273,0.0,0.0,0.0,-0.0,0.0
2019-02-21,22,0,274,359.13,359.13,0.0,-3028.664907,0.0
2019-02-21,22,0,275,499.92,499.92,0.0,-4215.994655,0.0
2019-02-21,22,0,276,0.0,0.0,0.0,-0.0,0.0
2019-02-21,22,0,277,0.0,0.0,0.0,0.0,0.0
2019-02-21,22,0,278,0.0,0.0,0.0,0.0,0.0
2019-02-21,22,0,279,103.16,103.16,0.0,700.040149,0.0
2019-02-21,22,0,281,9.35,9.35,0.0,69.994247,0.0
2019-02-21,22,0,282,0.0,0.0,0.0,0.0,0.0
2019-02-21,23,0,9,0.0,0.0,0.0,0.0,0.0
2019-02-21,23,0,17,0.0,0.0,0.0,0.0,0.0
2019-02-21,23,0,19,208.23,208.23,0.0,1858.231428,0.0
2019-02-21,23,0,20,252.54,252.54,0.0,2253.651082,0.0
2019-02-21,23,0,21,0.0,0.0,0.0,0.0,0.0
2019-02-21,23,0,22,0.0,0.0,0.0,0.0,0.0
2019-02-21,23,0,23,59.04,59.04,0.0,252.023052,0.0
2019-02-21,23,0,24,104.46,104.46,0.0,445.906641,0.0
2019-02-21,23,0,29,0.0,0.0,0.0,0.0,0.0
2019-02-21,23,0,30,0.0,0.0,0.0,0.0,0.0
2019-02-21,23,0,31,21.27,21.27,0.0,90.222901,0.0
2019-02-21,23,0,32,0.0,0.0,0.0,0.0,0.0
2019-02-21,23,0,33,0.0,0.0,0.0,0.0,0.0
2019-02-21,23,0,34,0.0,0.0,0.0,0.0,0.0
2019-02-21,23,0,35,0.0,0.0,0.0,0.0,0.0
2019-02-21,23,0,36,0.0,0.0,0.0,0.0,0.0
2019-02-21,23,0,37,0.0,0.0,0.0,0.0,0.0
2019-02-21,23,0,38,0.0,0.0,0.0,0.0,0.0
2019-02-21,23,0,39,0.0,0.0,0.0,0.0,0.0
2019-02-21,23,0,40,0.0,0.0,0.0,0.0,0.0
2019-02-21,23,0,41,116.0,116.0,0.0,661.38508,0.0
2019-02-21,23,0,42,0.0,0.0,0.0,0.0,0.0
2019-02-21,23,0,43,0.0,0.0,0.0,0.0,0.0
2019-02-21,23,0,46,0.0,0.0,0.0,0.0,0.0
2019-02-21,23,0,52,22.54,22.54,0.0,95.609976,0.0
2019-02-21,23,0,53,35.82,35.82,0.0,151.940965,0.0
2019-02-21,23,0,55,350.6,350.6,0.0,1496.600308,0.0
2019-02-21,23,0,56,0.0,0.0,0.0,0.0,0.0
2019-02-21,23,0,57,0.0,0.0,0.0,0.0,0.0
2019-02-21,23,0,58,0.0,0.0,0.0,0.0,0.0
2019-02-21,23,0,59,0.0,0.0,0.0,0.0,0.0
2019-02-21,23,0,63,98.13,98.13,0.0,1964.007432,0.0
2019-02-21,23,0,64,115.45,115.45,0.0,2310.655845,0.0
2019-02-21,23,0,65,18.24,18.24,0.0,162.07003,0.0
2019-02-21,23,0,67,0.0,0.0,0.0,-0.0,0.0
2019-02-21,23,0,68,2.67,2.67,0.0,-11.536242,0.0
2019-02-21,23,0,69,0.0,0.0,0.0,0.0,0.0
2019-02-21,23,0,74,31.06,31.06,0.0,242.764837,0.0
2019-02-21,23,0,77,129.1,129.1,0.0,218.250964,0.0
2019-02-21,23,0,78,97.6,97.6,0.0,164.998405,0.0
2019-02-21,23,0,79,56.48,56.48,0.0,95.482683,0.0
2019-02-21,23,0,80,91.34,91.34,0.0,154.415515,0.0
2019-02-21,23,0,81,119.42,119.42,0.0,201.886368,0.0
2019-02-21,23,0,82,84.24,84.24,0.0,142.412558,0.0
2019-02-21,23,0,83,187.84,187.84,0.0,317.554307,0.0
2019-02-21,23,0,84,0.0,0.0,0.0,0.0,0.0
2019-02-21,23,0,86,0.0,0.0,0.0,0.0,0.0
2019-02-21,23,0,87,0.0,0.0,0.0,0.0,0.0
2019-02-21,23,0,88,147.09,147.09,0.0,248.664092,0.0
2019-02-21,23,0,89,141.4,141.4,0.0,239.04482,0.0
2019-02-21,23,0,90,189.85,189.85,0.0,320.952327,0.0
2019-02-21,23,0,91,677.25,677.25,0.0,1144.930017,0.0
2019-02-21,23,0,92,243.57,243.57,0.0,411.769072,0.0
2019-02-21,23,0,95,88.54,88.54,0.0,1458.698059,0.0
2019-02-21,23,0,96,12.52,12.52,0.0,52.755358,0.0
2019-02-21,23,0,97,76.96,76.96,0.0,324.285329,0.0
2019-02-21,23,0,99,5.99,5.99,0.0,46.817816,0.0
2019-02-21,23,0,101,0.0,0.0,0.0,0.0,0.0
2019-02-21,23,0,102,6.32,6.32,0.0,-27.30676,0.0
2019-02-21,23,0,103,5.5,5.5,0.0,-23.763794,0.0
2019-02-21,23,0,104,1.02,1.02,0.0,-4.407104,0.0
2019-02-21,23,0,106,0.0,0.0,0.0,0.0,0.0
2019-02-21,23,0,109,138.98,138.98,0.0,912.954109,0.0
2019-02-21,23,0,110,111.42,111.42,0.0,-3655.41725,0.0
2019-02-21,23,0,111,0.0,0.0,0.0,0.0,0.0
2019-02-21,23,0,113,101.23,101.23,0.0,258.136586,0.0
2019-02-21,23,0,115,101.23,101.23,0.0,258.136586,0.0
2019-02-21,23,0,116,0.0,0.0,0.0,-0.0,0.0
2019-02-21,23,0,117,6.75,6.75,0.0,17.212506,0.0
2019-02-21,23,0,119,115.45,115.45,0.0,2310.655845,0.0
2019-02-21,23,0,120,67.88,67.88,0.0,1358.573571,0.0
2019-02-21,23,0,123,0.0,0.0,0.0,0.0,0.0
2019-02-21,23,0,125,94.53,94.53,0.0,403.518617,0.0
2019-02-21,23,0,126,0.0,0.0,0.0,0.0,0.0
2019-02-21,23,0,127,0.0,0.0,0.0,0.0,0.0
2019-02-21,23,0,128,135.39,135.39,0.0,577.93701,0.0
2019-02-21,23,0,131,8.19,8.19,0.0,-20.04811,0.0
2019-02-21,23,0,132,12.03,12.03,0.0,-29.447956,0.0
2019-02-21,23,0,133,29.25,29.25,0.0,261.131311,0.0
2019-02-21,23,0,134,0.0,0.0,0.0,0.0,0.0
2019-02-21,23,0,135,39.19,39.19,0.0,349.871319,0.0
2019-02-21,23,0,136,16.77,16.77,0.0,148.973003,0.0
2019-02-21,23,0,139,149.8,149.8,0.0,854.099008,0.0
2019-02-21,23,0,140,82.46,82.46,0.0,-2705.310594,0.0
2019-02-21,23,0,141,148.46,148.46,0.0,-1682.520089,0.0
2019-02-21,23,0,142,0.0,0.0,0.0,-0.0,0.0
2019-02-21,23,0,143,34.77,34.77,0.0,147.487084,0.0
2019-02-21,23,0,145,13.73,13.73,0.0,70.10816,0.0
2019-02-21,23,0,146,268.0,268.0,0.0,-8792.423469,0.0
2019-02-21,23,0,152,0.0,0.0,0.0,0.0,0.0
2019-02-21,23,0,153,0.0,0.0,0.0,0.0,0.0
2019-02-21,23,0,154,0.0,0.0,0.0,0.0,0.0
2019-02-21,23,0,157,241.06,241.06,0.0,-2731.970179,0.0
2019-02-21,23,0,158,0.0,0.0,0.0,-0.0,0.0
2019-02-21,23,0,159,0.0,0.0,0.0,0.0,0.0
2019-02-21,23,0,160,0.0,0.0,0.0,0.0,0.0
2019-02-21,23,0,161,0.0,0.0,0.0,-0.0,0.0
2019-02-21,23,0,162,17.48,17.48,0.0,288.672656,0.0
2019-02-21,23,0,163,97.26,97.26,0.0,-3190.862338,0.0
2019-02-21,23,0,164,0.0,0.0,0.0,0.0,0.0
2019-02-21,23,0,167,0.0,0.0,0.0,0.0,0.0
2019-02-21,23,0,168,0.0,0.0,0.0,0.0,0.0
2019-02-21,23,0,169,0.0,0.0,0.0,0.0,0.0
2019-02-21,23,0,170,0.0,0.0,0.0,0.0,0.0
2019-02-21,23,0,172,0.0,0.0,0.0,0.0,0.0
2019-02-21,23,0,173,0.0,0.0,0.0,0.0,0.0
2019-02-21,23,0,188,0.0,0.0,0.0,0.0,0.0
2019-02-21,23,0,190,0.0,0.0,0.0,0.0,0.0
2019-02-21,23,0,191,0.0,0.0,0.0,0.0,0.0
2019-02-21,23,0,192,115.41,115.41,0.0,2309.855271,0.0
2019-02-21,23,0,194,145.7,145.7,0.0,1248.890122,0.0
2019-02-21,23,0,196,0.0,0.0,0.0,0.0,0.0
2019-02-21,23,0,198,0.0,0.0,0.0,0.0,0.0
2019-02-21,23,0,199,17.99,17.99,0.0,170.585701,0.0
2019-02-21,23,0,200,0.0,0.0,0.0,0.0,0.0
2019-02-21,23,0,204,609.75,609.75,0.0,3931.889123,0.0
2019-02-21,23,0,205,735.21,735.21,0.0,4829.565335,0.0
2019-02-21,23,0,206,226.16,226.16,0.0,952.967387,0.0
2019-02-21,23,0,210,0.0,0.0,0.0,0.0,0.0
2019-02-21,23,0,214,0.0,0.0,0.0,0.0,0.0
2019-02-21,23,0,217,0.0,0.0,0.0,0.0,0.0
2019-02-21,23,0,218,0.0,0.0,0.0,0.0,0.0
2019-02-21,23,0,219,0.0,0.0,0.0,0.0,0.0
2019-02-21,23,0,221,0.0,0.0,0.0,0.0,0.0
2019-02-21,23,0,225,0.0,0.0,0.0,0.0,0.0
2019-02-21,23,0,233,0.0,0.0,0.0,0.0,0.0
2019-02-21,23,0,236,30.01,30.01,0.0,251.923006,0.0
2019-02-21,23,0,237,74.5,74.5,0.0,582.291704,0.0
2019-02-21,23,0,238,0.0,0.0,0.0,0.0,0.0
2019-02-21,23,0,240,0.0,0.0,0.0,0.0,0.0
2019-02-21,23,0,245,93.77,93.77,0.0,850.079642,0.0
2019-02-21,23,0,247,47.06,47.06,0.0,426.626298,0.0
2019-02-21,23,0,248,7.48,7.48,0.0,58.46365,0.0
2019-02-21,23,0,249,180.32,180.32,0.0,1634.705781,0.0
2019-02-21,23,0,251,199.94,199.94,0.0,1763.906021,0.0
2019-02-21,23,0,252,117.65,117.65,0.0,1045.369462,0.0
2019-02-21,23,0,254,0.0,0.0,0.0,0.0,0.0
2019-02-21,23,0,255,0.0,0.0,0.0,0.0,0.0
2019-02-21,23,0,258,0.0,0.0,0.0,0.0,0.0
2019-02-21,23,0,260,0.0,0.0,0.0,0.0,0.0
2019-02-21,23,0,265,0.0,0.0,0.0,0.0,0.0
2019-02-21,23,0,266,97.0,97.0,0.0,553.054765,0.0
2019-02-21,23,0,267,119.2,119.2,0.0,679.630185,0.0
2019-02-21,23,0,270,303.76,303.76,0.0,-9965.621466,0.0
2019-02-21,23,0,272,338.33,338.33,0.0,862.741788,0.0
2019-02-21,23,0,273,0.0,0.0,0.0,-0.0,0.0
2019-02-21,23,0,274,391.58,391.58,0.0,-12846.78053,0.0
2019-02-21,23,0,275,545.08,545.08,0.0,-17882.739495,0.0
2019-02-21,23,0,276,0.0,0.0,0.0,-0.0,0.0
2019-02-21,23,0,277,0.0,0.0,0.0,0.0,0.0
2019-02-21,23,0,278,0.0,0.0,0.0,0.0,0.0
2019-02-21,23,0,279,110.52,110.52,0.0,243.744799,0.0
2019-02-21,23,0,281,9.55,9.55,0.0,40.509107,0.0
2019-02-21,23,0,282,0.0,0.0,0.0,0.0,0.0
2019-02-22,0,0,9,0.0,0.0,0.0,0.0,0.0
2019-02-22,0,0,17,0.0,0.0,0.0,0.0,0.0
2019-02-22,0,0,19,165.3,165.3,0.0,1344.41255,0.0
2019-02-22,0,0,20,200.47,200.47,0.0,1630.456043,0.0
2019-02-22,0,0,21,0.0,0.0,0.0,0.0,0.0
2019-02-22,0,0,22,0.0,0.0,0.0,0.0,0.0
2019-02-22,0,0,23,58.78,58.78,0.0,666.416917,0.0
2019-02-22,0,0,24,104.01,104.01,0.0,1179.211017,0.0
2019-02-22,0,0,29,0.0,0.0,0.0,0.0,0.0
2019-02-22,0,0,30,0.0,0.0,0.0,0.0,0.0
2019-02-22,0,0,31,22.19,22.19,0.0,252.029523,0.0
2019-02-22,0,0,32,0.0,0.0,0.0,0.0,0.0
2019-02-22,0,0,33,0.0,0.0,0.0,0.0,0.0
2019-02-22,0,0,34,0.0,0.0,0.0,0.0,0.0
2019-02-22,0,0,35,0.0,0.0,0.0,0.0,0.0
2019-02-22,0,0,36,0.0,0.0,0.0,0.0,0.0
2019-02-22,0,0,37,0.0,0.0,0.0,0.0,0.0
2019-02-22,0,0,38,0.0,0.0,0.0,0.0,0.0
2019-02-22,0,0,39,0.0,0.0,0.0,0.0,0.0
2019-02-22,0,0,40,0.0,0.0,0.0,0.0,0.0
2019-02-22,0,0,41,116.0,116.0,0.0,1192.372317,0.0
2019-02-22,0,0,42,0.0,0.0,0.0,0.0,0.0
2019-02-22,0,0,43,0.0,0.0,0.0,0.0,0.0
2019-02-22,0,0,46,0.0,0.0,0.0,0.0,0.0
2019-02-22,0,0,52,23.52,23.52,0.0,267.135394,0.0
2019-02-22,0,0,53,37.37,37.37,0.0,424.440887,0.0
2019-02-22,0,0,55,413.69,413.69,0.0,4690.200996,0.0
2019-02-22,0,0,56,0.0,0.0,0.0,0.0,0.0
2019-02-22,0,0,57,0.0,0.0,0.0,0.0,0.0
2019-02-22,0,0,58,0.0,0.0,0.0,0.0,0.0
2019-02-22,0,0,59,0.0,0.0,0.0,0.0,0.0
2019-02-22,0,0,63,85.16,85.16,0.0,3283.612884,0.0
2019-02-22,0,0,64,100.19,100.19,0.0,3863.142025,0.0
2019-02-22,0,0,65,16.88,16.88,0.0,137.671222,0.0
2019-02-22,0,0,67,0.0,0.0,0.0,-0.0,0.0
2019-02-22,0,0,68,2.59,2.59,0.0,-227.76181,0.0
2019-02-22,0,0,69,0.0,0.0,0.0,0.0,0.0
2019-02-22,0,0,74,41.75,41.75,0.0,367.428369,0.0
2019-02-22,0,0,77,133.0,133.0,0.0,-7919.041332,0.0
2019-02-22,0,0,78,100.55,100.55,0.0,-5986.914331,0.0
2019-02-22,0,0,79,58.19,58.19,0.0,-3464.729437,0.0
2019-02-22,0,0,80,94.1,94.1,0.0,-5602.870597,0.0
2019-02-22,0,0,81,123.02,123.02,0.0,-7324.815524,0.0
2019-02-22,0,0,82,86.78,86.78,0.0,-5167.025615,0.0
2019-02-22,0,0,83,193.51,193.51,0.0,-11521.90743,0.0
2019-02-22,0,0,84,0.0,0.0,0.0,0.0,0.0
2019-02-22,0,0,86,0.0,0.0,0.0,0.0,0.0
2019-02-22,0,0,87,0.0,0.0,0.0,0.0,0.0
2019-02-22,0,0,88,158.62,158.62,0.0,-9444.498768,0.0
2019-02-22,0,0,89,152.48,152.48,0.0,-9078.91295,0.0
2019-02-22,0,0,90,204.74,204.74,0.0,-12190.560319,0.0
2019-02-22,0,0,91,730.33,730.33,0.0,-43485.063581,0.0
2019-02-22,0,0,92,262.66,262.66,0.0,-15639.213507,0.0
2019-02-22,0,0,95,47.46,47.46,0.0,781.904336,0.0
2019-02-22,0,0,96,12.02,12.02,0.0,136.775986,0.0
2019-02-22,0,0,97,73.93,73.93,0.0,841.251967,0.0
2019-02-22,0,0,99,8.06,8.06,0.0,70.933477,0.0
2019-02-22,0,0,101,0.0,0.0,0.0,0.0,0.0
2019-02-22,0,0,102,6.13,6.13,0.0,-539.065596,0.0
2019-02-22,0,0,103,5.33,5.33,0.0,-468.714458,0.0
2019-02-22,0,0,104,0.99,0.99,0.0,-87.059533,0.0
2019-02-22,0,0,106,0.0,0.0,0.0,0.0,0.0
2019-02-22,0,0,109,154.37,154.37,0.0,1478.896811,0.0
2019-02-22,0,0,110,115.1,115.1,0.0,-26143.739758,0.0
2019-02-22,0,0,111,0.0,0.0,0.0,0.0,0.0
2019-02-22,0,0,113,121.48,121.48,0.0,-6333.328494,0.0
2019-02-22,0,0,115,121.48,121.48,0.0,-6333.328494,0.0
2019-02-22,0,0,116,0.0,0.0,0.0,-0.0,0.0
2019-02-22,0,0,117,8.1,8.1,0.0,-422.291413,0.0
2019-02-22,0,0,119,100.19,100.19,0.0,3863.142025,0.0
2019-02-22,0,0,120,58.91,58.91,0.0,2271.461191,0.0
2019-02-22,0,0,123,0.0,0.0,0.0,0.0,0.0
2019-02-22,0,0,125,94.12,94.12,0.0,1067.083366,0.0
2019-02-22,0,0,126,0.0,0.0,0.0,0.0,0.0
2019-02-22,0,0,127,0.0,0.0,0.0,0.0,0.0
2019-02-22,0,0,128,134.8,134.8,0.0,1528.291944,0.0
2019-02-22,0,0,131,7.77,7.77,0.0,-612.178571,0.0
2019-02-22,0,0,132,11.42,11.42,0.0,-899.752803,0.0
2019-02-22,0,0,133,29.77,29.77,0.0,242.060691,0.0
2019-02-22,0,0,134,0.0,0.0,0.0,0.0,0.0
2019-02-22,0,0,135,39.89,39.89,0.0,324.34669,0.0
2019-02-22,0,0,136,14.11,14.11,0.0,115.097032,0.0
2019-02-22,0,0,139,149.8,149.8,0.0,1539.80494,0.0
2019-02-22,0,0,140,85.19,85.19,0.0,-19350.00165,0.0
2019-02-22,0,0,141,138.52,138.52,0.0,-16927.86149,0.0
2019-02-22,0,0,142,0.0,0.0,0.0,-0.0,0.0
2019-02-22,0,0,143,100.14,100.14,0.0,1137.369827,0.0
2019-02-22,0,0,145,15.6,15.6,0.0,166.888548,0.0
2019-02-22,0,0,146,268.0,268.0,0.0,-60873.347133,0.0
2019-02-22,0,0,152,0.0,0.0,0.0,0.0,0.0
2019-02-22,0,0,153,0.0,0.0,0.0,0.0,0.0
2019-02-22,0,0,154,0.0,0.0,0.0,0.0,0.0
2019-02-22,0,0,157,250.0,250.0,0.0,-30551.294922,0.0
2019-02-22,0,0,158,0.0,0.0,0.0,-0.0,0.0
2019-02-22,0,0,159,0.0,0.0,0.0,0.0,0.0
2019-02-22,0,0,160,0.0,0.0,0.0,0.0,0.0
2019-02-22,0,0,161,0.0,0.0,0.0,-0.0,0.0
2019-02-22,0,0,162,15.87,15.87,0.0,264.30371,0.0
2019-02-22,0,0,163,106.09,106.09,0.0,-24097.214169,0.0
2019-02-22,0,0,164,0.0,0.0,0.0,0.0,0.0
2019-02-22,0,0,167,0.0,0.0,0.0,0.0,0.0
2019-02-22,0,0,168,0.0,0.0,0.0,0.0,0.0
2019-02-22,0,0,169,0.0,0.0,0.0,0.0,0.0
2019-02-22,0,0,170,0.0,0.0,0.0,0.0,0.0
2019-02-22,0,0,172,0.0,0.0,0.0,0.0,0.0
2019-02-22,0,0,173,0.0,0.0,0.0,0.0,0.0
2019-02-22,0,0,188,0.0,0.0,0.0,0.0,0.0
2019-02-22,0,0,190,0.0,0.0,0.0,0.0,0.0
2019-02-22,0,0,191,0.0,0.0,0.0,0.0,0.0
2019-02-22,0,0,192,142.04,142.04,0.0,5476.801011,0.0
2019-02-22,0,0,194,134.01,134.01,0.0,-2642.361469,0.0
2019-02-22,0,0,196,0.0,0.0,0.0,0.0,0.0
2019-02-22,0,0,198,0.0,0.0,0.0,0.0,0.0
2019-02-22,0,0,199,4.22,4.22,0.0,-8.242645,0.0
2019-02-22,0,0,200,0.0,0.0,0.0,-0.0,0.0
2019-02-22,0,0,204,678.06,678.06,0.0,6550.287636,0.0
2019-02-22,0,0,205,816.63,816.63,0.0,7823.485798,0.0
2019-02-22,0,0,206,217.24,217.24,0.0,2471.981298,0.0
2019-02-22,0,0,210,0.0,0.0,0.0,0.0,0.0
2019-02-22,0,0,214,0.0,0.0,0.0,0.0,0.0
2019-02-22,0,0,217,0.0,0.0,0.0,0.0,0.0
2019-02-22,0,0,218,0.0,0.0,0.0,0.0,0.0
2019-02-22,0,0,219,0.0,0.0,0.0,0.0,0.0
2019-02-22,0,0,221,0.0,0.0,0.0,0.0,0.0
2019-02-22,0,0,225,0.0,0.0,0.0,0.0,0.0
2019-02-22,0,0,233,0.0,0.0,0.0,0.0,0.0
2019-02-22,0,0,236,35.19,35.19,0.0,297.110808,0.0
2019-02-22,0,0,237,100.16,100.16,0.0,881.476059,0.0
2019-02-22,0,0,238,0.0,0.0,0.0,0.0,0.0
2019-02-22,0,0,240,0.0,0.0,0.0,0.0,0.0
2019-02-22,0,0,245,55.99,55.99,0.0,450.700068,0.0
2019-02-22,0,0,247,44.36,44.36,0.0,357.082604,0.0
2019-02-22,0,0,248,10.05,10.05,0.0,88.446829,0.0
2019-02-22,0,0,249,104.9,104.9,0.0,844.408593,0.0
2019-02-22,0,0,251,195.6,195.6,0.0,1602.583167,0.0
2019-02-22,0,0,252,108.88,108.88,0.0,888.012006,0.0
2019-02-22,0,0,254,0.0,0.0,0.0,0.0,0.0
2019-02-22,0,0,255,0.0,0.0,0.0,0.0,0.0
2019-02-22,0,0,258,0.0,0.0,0.0,0.0,0.0
2019-02-22,0,0,260,0.0,0.0,0.0,0.0,0.0
2019-02-22,0,0,265,0.0,0.0,0.0,0.0,0.0
2019-02-22,0,0,266,97.0,97.0,0.0,997.069955,0.0
2019-02-22,0,0,267,119.2,119.2,0.0,1225.265346,0.0
2019-02-22,0,0,270,331.32,331.32,0.0,-75255.81109,0.0
2019-02-22,0,0,272,405.99,405.99,0.0,-21166.184024,0.0
2019-02-22,0,0,273,0.0,0.0,0.0,-0.0,0.0
2019-02-22,0,0,274,427.11,427.11,0.0,-97013.489903,0.0
2019-02-22,0,0,275,594.54,594.54,0.0,-135043.432107,0.0
2019-02-22,0,0,276,0.0,0.0,0.0,-0.0,0.0
2019-02-22,0,0,277,0.0,0.0,0.0,-0.0,0.0
2019-02-22,0,0,278,0.0,0.0,0.0,-0.0,0.0
2019-02-22,0,0,279,121.82,121.82,0.0,-6712.805436,0.0
2019-02-22,0,0,281,9.96,9.96,0.0,113.123662,0.0
2019-02-22,0,0,282,0.0,0.0,0.0,0.0,0.0
2019-02-22,1,0,9,0.0,0.0,0.0,0.0,0.0
2019-02-22,1,0,17,0.0,0.0,0.0,0.0,0.0
2019-02-22,1,0,19,129.68,129.68,0.0,883.266383,0.0
2019-02-22,1,0,20,157.28,157.28,0.0,1071.253367,0.0
2019-02-22,1,0,21,0.0,0.0,0.0,0.0,0.0
2019-02-22,1,0,22,0.0,0.0,0.0,0.0,0.0
2019-02-22,1,0,23,59.9,59.9,0.0,678.615873,0.0
2019-02-22,1,0,24,105.99,105.99,0.0,1200.776233,0.0
2019-02-22,1,0,29,0.0,0.0,0.0,0.0,0.0
2019-02-22,1,0,30,0.0,0.0,0.0,0.0,0.0
2019-02-22,1,0,31,52.93,52.93,0.0,601.168214,0.0
2019-02-22,1,0,32,0.0,0.0,0.0,0.0,0.0
2019-02-22,1,0,33,0.0,0.0,0.0,0.0,0.0
2019-02-22,1,0,34,0.0,0.0,0.0,0.0,0.0
2019-02-22,1,0,35,0.0,0.0,0.0,0.0,0.0
2019-02-22,1,0,36,0.0,0.0,0.0,0.0,0.0
2019-02-22,1,0,37,0.0,0.0,0.0,0.0,0.0
2019-02-22,1,0,38,0.0,0.0,0.0,0.0,0.0
2019-02-22,1,0,39,0.0,0.0,0.0,0.0,0.0
2019-02-22,1,0,40,0.0,0.0,0.0,0.0,0.0
2019-02-22,1,0,41,116.0,116.0,0.0,1141.070208,0.0
2019-02-22,1,0,42,0.0,0.0,0.0,0.0,0.0
2019-02-22,1,0,43,0.0,0.0,0.0,0.0,0.0
2019-02-22,1,0,46,0.0,0.0,0.0,0.0,0.0
2019-02-22,1,0,52,56.35,56.35,0.0,640.011881,0.0
2019-02-22,1,0,53,92.11,92.11,0.0,1046.166714,0.0
2019-02-22,1,0,55,418.13,418.13,0.0,4737.056008,0.0
2019-02-22,1,0,56,0.0,0.0,0.0,0.0,0.0
2019-02-22,1,0,57,0.0,0.0,0.0,0.0,0.0
2019-02-22,1,0,58,0.0,0.0,0.0,0.0,0.0
2019-02-22,1,0,59,0.0,0.0,0.0,0.0,0.0
2019-02-22,1,0,63,73.06,73.06,0.0,3087.736141,0.0
2019-02-22,1,0,64,85.95,85.95,0.0,3632.506452,0.0
2019-02-22,1,0,65,15.51,15.51,0.0,106.137171,0.0
2019-02-22,1,0,67,0.0,0.0,0.0,-0.0,0.0
2019-02-22,1,0,68,2.54,2.54,0.0,-281.905177,0.0
2019-02-22,1,0,69,0.0,0.0,0.0,0.0,0.0
2019-02-22,1,0,74,55.53,55.53,0.0,430.485428,0.0
2019-02-22,1,0,77,137.35,137.35,0.0,-10539.227717,0.0
2019-02-22,1,0,78,103.84,103.84,0.0,-7967.917045,0.0
2019-02-22,1,0,79,60.09,60.09,0.0,-4610.864168,0.0
2019-02-22,1,0,80,97.18,97.18,0.0,-7456.877681,0.0
2019-02-22,1,0,81,127.05,127.05,0.0,-9748.881554,0.0
2019-02-22,1,0,82,89.62,89.62,0.0,-6876.778944,0.0
2019-02-22,1,0,83,199.85,199.85,0.0,-15335.017541,0.0
2019-02-22,1,0,84,0.0,0.0,0.0,0.0,0.0
2019-02-22,1,0,86,0.0,0.0,0.0,0.0,0.0
2019-02-22,1,0,87,0.0,0.0,0.0,0.0,0.0
2019-02-22,1,0,88,170.6,170.6,0.0,-13090.587903,0.0
2019-02-22,1,0,89,164.0,164.0,0.0,-12584.152498,0.0
2019-02-22,1,0,90,220.2,220.2,0.0,-16896.526707,0.0
2019-02-22,1,0,91,785.5,785.5,0.0,-60273.486506,0.0
2019-02-22,1,0,92,282.5,282.5,0.0,-21676.970004,0.0
2019-02-22,1,0,95,59.44,59.44,0.0,1300.526107,0.0
2019-02-22,1,0,96,11.52,11.52,0.0,131.186769,0.0
2019-02-22,1,0,97,70.85,70.85,0.0,806.821404,0.0
2019-02-22,1,0,99,10.72,10.72,0.0,83.104696,0.0
2019-02-22,1,0,101,0.0,0.0,0.0,0.0,0.0
2019-02-22,1,0,102,6.03,6.03,0.0,-669.247329,0.0
2019-02-22,1,0,103,5.24,5.24,0.0,-581.56816,0.0
2019-02-22,1,0,104,0.97,0.97,0.0,-107.656701,0.0
2019-02-22,1,0,106,0.0,0.0,0.0,0.0,0.0
2019-02-22,1,0,109,179.9,179.9,0.0,1592.371698,0.0
2019-02-22,1,0,110,119.53,119.53,0.0,-33351.79889,0.0
2019-02-22,1,0,111,0.0,0.0,0.0,0.0,0.0
2019-02-22,1,0,113,82.7,82.7,0.0,-5599.1139,0.0
2019-02-22,1,0,115,82.7,82.7,0.0,-5599.1139,0.0
2019-02-22,1,0,116,0.0,0.0,0.0,-0.0,0.0
2019-02-22,1,0,117,5.65,5.65,0.0,-382.527129,0.0
2019-02-22,1,0,119,85.95,85.95,0.0,3632.506452,0.0
2019-02-22,1,0,120,50.54,50.54,0.0,2135.972962,0.0
2019-02-22,1,0,123,0.0,0.0,0.0,0.0,0.0
2019-02-22,1,0,125,95.91,95.91,0.0,1086.578437,0.0
2019-02-22,1,0,126,0.0,0.0,0.0,0.0,0.0
2019-02-22,1,0,127,0.0,0.0,0.0,0.0,0.0
2019-02-22,1,0,128,137.37,137.37,0.0,1556.284849,0.0
2019-02-22,1,0,131,7.38,7.38,0.0,-737.549409,0.0
2019-02-22,1,0,132,10.85,10.85,0.0,-1084.337546,0.0
2019-02-22,1,0,133,30.53,30.53,0.0,207.851466,0.0
2019-02-22,1,0,134,0.0,0.0,0.0,0.0,0.0
2019-02-22,1,0,135,40.9,40.9,0.0,278.451522,0.0
2019-02-22,1,0,136,11.69,11.69,0.0,80.01691,0.0
2019-02-22,1,0,139,149.8,149.8,0.0,1473.554459,0.0
2019-02-22,1,0,140,88.46,88.46,0.0,-24682.50757,0.0
2019-02-22,1,0,141,129.26,129.26,0.0,-19692.941415,0.0
2019-02-22,1,0,142,0.0,0.0,0.0,-0.0,0.0
2019-02-22,1,0,143,150.46,150.46,0.0,1708.89419,0.0
2019-02-22,1,0,145,18.05,18.05,0.0,188.215857,0.0
2019-02-22,1,0,146,268.0,268.0,0.0,-74778.566908,0.0
2019-02-22,1,0,152,0.0,0.0,0.0,0.0,0.0
2019-02-22,1,0,153,0.0,0.0,0.0,0.0,0.0
2019-02-22,1,0,154,0.0,0.0,0.0,0.0,0.0
2019-02-22,1,0,157,250.0,250.0,0.0,-38087.848939,0.0
2019-02-22,1,0,158,0.0,0.0,0.0,-0.0,0.0
2019-02-22,1,0,159,0.0,0.0,0.0,0.0,0.0
2019-02-22,1,0,160,0.0,0.0,0.0,0.0,0.0
2019-02-22,1,0,161,0.0,0.0,0.0,-0.0,0.0
2019-02-22,1,0,162,14.37,14.37,0.0,317.588791,0.0
2019-02-22,1,0,163,115.5,115.5,0.0,-32227.330141,0.0
2019-02-22,1,0,164,0.0,0.0,0.0,0.0,0.0
2019-02-22,1,0,167,0.0,0.0,0.0,0.0,0.0
2019-02-22,1,0,168,0.0,0.0,0.0,0.0,0.0
2019-02-22,1,0,169,0.0,0.0,0.0,0.0,0.0
2019-02-22,1,0,170,0.0,0.0,0.0,0.0,0.0
2019-02-22,1,0,172,0.0,0.0,0.0,0.0,0.0
2019-02-22,1,0,173,0.0,0.0,0.0,0.0,0.0
2019-02-22,1,0,188,0.0,0.0,0.0,0.0,0.0
2019-02-22,1,0,190,0.0,0.0,0.0,0.0,0.0
2019-02-22,1,0,191,0.0,0.0,0.0,0.0,0.0
2019-02-22,1,0,192,171.7,171.7,0.0,5567.811557,0.0
2019-02-22,1,0,194,123.83,123.83,0.0,-3527.864463,0.0
2019-02-22,1,0,196,0.0,0.0,0.0,0.0,0.0
2019-02-22,1,0,198,0.0,0.0,0.0,0.0,0.0
2019-02-22,1,0,199,5.44,5.44,0.0,-34.168616,0.0
2019-02-22,1,0,200,0.0,0.0,0.0,-0.0,0.0
2019-02-22,1,0,204,774.09,774.09,0.0,6939.256685,0.0
2019-02-22,1,0,205,951.65,951.65,0.0,8423.460403,0.0
2019-02-22,1,0,206,208.19,208.19,0.0,2370.813665,0.0
2019-02-22,1,0,210,0.0,0.0,0.0,0.0,0.0
2019-02-22,1,0,214,0.0,0.0,0.0,0.0,0.0
2019-02-22,1,0,217,0.0,0.0,0.0,0.0,0.0
2019-02-22,1,0,218,0.0,0.0,0.0,0.0,0.0
2019-02-22,1,0,219,0.0,0.0,0.0,0.0,0.0
2019-02-22,1,0,221,0.0,0.0,0.0,0.0,0.0
2019-02-22,1,0,225,0.0,0.0,0.0,0.0,0.0
2019-02-22,1,0,233,0.0,0.0,0.0,0.0,0.0
2019-02-22,1,0,236,42.02,42.02,0.0,304.562945,0.0
2019-02-22,1,0,237,133.2,133.2,0.0,1032.60686,0.0
2019-02-22,1,0,238,0.0,0.0,0.0,0.0,0.0
2019-02-22,1,0,240,0.0,0.0,0.0,0.0,0.0
2019-02-22,1,0,245,25.11,25.11,0.0,168.070491,0.0
2019-02-22,1,0,247,41.83,41.83,0.0,279.983617,0.0
2019-02-22,1,0,248,13.37,13.37,0.0,103.648301,0.0
2019-02-22,1,0,249,48.3,48.3,0.0,323.289713,0.0
2019-02-22,1,0,251,191.75,191.75,0.0,1322.254138,0.0
2019-02-22,1,0,252,100.03,100.03,0.0,684.519745,0.0
2019-02-22,1,0,254,0.0,0.0,0.0,0.0,0.0
2019-02-22,1,0,255,0.0,0.0,0.0,0.0,0.0
2019-02-22,1,0,258,0.0,0.0,0.0,0.0,0.0
2019-02-22,1,0,260,0.0,0.0,0.0,0.0,0.0
2019-02-22,1,0,265,0.0,0.0,0.0,0.0,0.0
2019-02-22,1,0,266,97.0,97.0,0.0,954.170778,0.0
2019-02-22,1,0,267,119.2,119.2,0.0,1172.548007,0.0
2019-02-22,1,0,270,360.7,360.7,0.0,-100644.138373,0.0
2019-02-22,1,0,272,275.83,275.83,0.0,-18674.771306,0.0
2019-02-22,1,0,273,0.0,0.0,0.0,-0.0,0.0
2019-02-22,1,0,274,464.98,464.98,0.0,-129740.813586,0.0
2019-02-22,1,0,275,647.26,647.26,0.0,-180601.400064,0.0
2019-02-22,1,0,276,0.0,0.0,0.0,-0.0,0.0
2019-02-22,1,0,277,0.0,0.0,0.0,-0.0,0.0
2019-02-22,1,0,278,0.0,0.0,0.0,-0.0,0.0
2019-02-22,1,0,279,138.14,138.14,0.0,-9852.652653,0.0
2019-02-22,1,0,281,21.85,21.85,0.0,248.167872,0.0
2019-02-22,1,0,282,0.0,0.0,0.0,0.0,0.0
2019-02-22,2,0,9,0.0,0.0,0.0,0.0,0.0
2019-02-22,2,0,17,0.0,0.0,0.0,0.0,0.0
2019-02-22,2,0,19,168.56,168.56,0.0,1333.466496,0.0
2019-02-22,2,0,20,204.43,204.43,0.0,1617.231584,0.0
2019-02-22,2,0,21,0.0,0.0,0.0,0.0,0.0
2019-02-22,2,0,22,0.0,0.0,0.0,0.0,0.0
2019-02-22,2,0,23,48.81,48.81,0.0,406.438951,0.0
2019-02-22,2,0,24,86.36,86.36,0.0,719.116325,0.0
2019-02-22,2,0,29,0.0,0.0,0.0,0.0,0.0
2019-02-22,2,0,30,0.0,0.0,0.0,0.0,0.0
2019-02-22,2,0,31,19.99,19.99,0.0,166.508682,0.0
2019-02-22,2,0,32,0.0,0.0,0.0,0.0,0.0
2019-02-22,2,0,33,0.0,0.0,0.0,0.0,0.0
2019-02-22,2,0,34,0.0,0.0,0.0,0.0,0.0
2019-02-22,2,0,35,0.0,0.0,0.0,0.0,0.0
2019-02-22,2,0,36,0.0,0.0,0.0,0.0,0.0
2019-02-22,2,0,37,0.0,0.0,0.0,0.0,0.0
2019-02-22,2,0,38,0.0,0.0,0.0,0.0,0.0
2019-02-22,2,0,39,0.0,0.0,0.0,0.0,0.0
2019-02-22,2,0,40,0.0,0.0,0.0,0.0,0.0
2019-02-22,2,0,41,116.0,116.0,0.0,949.987006,0.0
2019-02-22,2,0,42,0.0,0.0,0.0,0.0,0.0
2019-02-22,2,0,43,0.0,0.0,0.0,0.0,0.0
2019-02-22,2,0,46,0.0,0.0,0.0,0.0,0.0
2019-02-22,2,0,52,21.19,21.19,0.0,176.504201,0.0
2019-02-22,2,0,53,33.66,33.66,0.0,280.3743,0.0
2019-02-22,2,0,55,370.32,370.32,0.0,3083.64008,0.0
2019-02-22,2,0,56,0.0,0.0,0.0,0.0,0.0
2019-02-22,2,0,57,0.0,0.0,0.0,0.0,0.0
2019-02-22,2,0,58,0.0,0.0,0.0,0.0,0.0
2019-02-22,2,0,59,0.0,0.0,0.0,0.0,0.0
2019-02-22,2,0,63,69.0,69.0,0.0,2237.501441,0.0
2019-02-22,2,0,64,81.18,81.18,0.0,2632.469087,0.0
2019-02-22,2,0,65,11.61,11.61,0.0,91.88014,0.0
2019-02-22,2,0,67,0.0,0.0,0.0,-0.0,0.0
2019-02-22,2,0,68,2.22,2.22,0.0,-126.559899,0.0
2019-02-22,2,0,69,0.0,0.0,0.0,0.0,0.0
2019-02-22,2,0,74,50.57,50.57,0.0,404.438475,0.0
2019-02-22,2,0,77,113.2,113.2,0.0,-4161.422626,0.0
2019-02-22,2,0,78,85.58,85.58,0.0,-3146.064914,0.0
2019-02-22,2,0,79,49.52,49.52,0.0,-1820.43859,0.0
2019-02-22,2,0,80,80.09,80.09,0.0,-2944.243269,0.0
2019-02-22,2,0,81,104.71,104.71,0.0,-3849.315929,0.0
2019-02-22,2,0,82,73.86,73.86,0.0,-2715.217978,0.0
2019-02-22,2,0,83,164.7,164.7,0.0,-6054.64935,0.0
2019-02-22,2,0,84,0.0,0.0,0.0,0.0,0.0
2019-02-22,2,0,86,0.0,0.0,0.0,0.0,0.0
2019-02-22,2,0,87,0.0,0.0,0.0,0.0,0.0
2019-02-22,2,0,88,142.62,142.62,0.0,-5242.951368,0.0
2019-02-22,2,0,89,137.1,137.1,0.0,-5040.026873,0.0
2019-02-22,2,0,90,184.08,184.08,0.0,-6767.090786,0.0
2019-02-22,2,0,91,656.66,656.66,0.0,-24139.927397,0.0
2019-02-22,2,0,92,236.16,236.16,0.0,-8681.639287,0.0
2019-02-22,2,0,95,16.86,16.86,0.0,343.875668,0.0
2019-02-22,2,0,96,9.37,9.37,0.0,78.074177,0.0
2019-02-22,2,0,97,57.61,57.61,0.0,480.027037,0.0
2019-02-22,2,0,99,9.76,9.76,0.0,78.056546,0.0
2019-02-22,2,0,101,0.0,0.0,0.0,0.0,0.0
2019-02-22,2,0,102,5.26,5.26,0.0,-299.867148,0.0
2019-02-22,2,0,103,4.58,4.58,0.0,-261.101052,0.0
2019-02-22,2,0,104,0.85,0.85,0.0,-48.457619,0.0
2019-02-22,2,0,106,0.0,0.0,0.0,0.0,0.0
2019-02-22,2,0,109,186.03,186.03,0.0,1506.621,0.0
2019-02-22,2,0,110,123.8,123.8,0.0,-19298.685133,0.0
2019-02-22,2,0,111,0.0,0.0,0.0,0.0,0.0
2019-02-22,2,0,113,73.3,73.3,0.0,-2327.299225,0.0
2019-02-22,2,0,115,73.3,73.3,0.0,-2327.299225,0.0
2019-02-22,2,0,116,0.0,0.0,0.0,-0.0,0.0
2019-02-22,2,0,117,3.92,3.92,0.0,-124.461296,0.0
2019-02-22,2,0,119,81.18,81.18,0.0,2632.469087,0.0
2019-02-22,2,0,120,47.74,47.74,0.0,1548.091577,0.0
2019-02-22,2,0,123,0.0,0.0,0.0,0.0,0.0
2019-02-22,2,0,125,78.15,78.15,0.0,650.751977,0.0
2019-02-22,2,0,126,0.0,0.0,0.0,0.0,0.0
2019-02-22,2,0,127,0.0,0.0,0.0,0.0,0.0
2019-02-22,2,0,128,111.94,111.94,0.0,932.119979,0.0
2019-02-22,2,0,131,6.42,6.42,0.0,-324.264478,0.0
2019-02-22,2,0,132,9.44,9.44,0.0,-476.800105,0.0
2019-02-22,2,0,133,37.48,37.48,0.0,296.491274,0.0
2019-02-22,2,0,134,0.0,0.0,0.0,0.0,0.0
2019-02-22,2,0,135,50.22,50.22,0.0,397.272993,0.0
2019-02-22,2,0,136,8.98,8.98,0.0,71.068091,0.0
2019-02-22,2,0,139,149.8,149.8,0.0,1226.793564,0.0
2019-02-22,2,0,140,91.62,91.62,0.0,-14282.274086,0.0
2019-02-22,2,0,141,110.67,110.67,0.0,-9002.895317,0.0
2019-02-22,2,0,142,0.0,0.0,0.0,-0.0,0.0
2019-02-22,2,0,143,63.35,63.35,0.0,527.680092,0.0
2019-02-22,2,0,145,14.65,14.65,0.0,120.77361,0.0
2019-02-22,2,0,146,268.0,268.0,0.0,-41777.444392,0.0
2019-02-22,2,0,152,0.0,0.0,0.0,0.0,0.0
2019-02-22,2,0,153,0.0,0.0,0.0,0.0,0.0
2019-02-22,2,0,154,0.0,0.0,0.0,0.0,0.0
2019-02-22,2,0,157,250.0,250.0,0.0,-20337.253359,0.0
2019-02-22,2,0,158,0.0,0.0,0.0,-0.0,0.0
2019-02-22,2,0,159,0.0,0.0,0.0,0.0,0.0
2019-02-22,2,0,160,0.0,0.0,0.0,0.0,0.0
2019-02-22,2,0,161,0.0,0.0,0.0,-0.0,0.0
2019-02-22,2,0,162,10.74,10.74,0.0,220.45958,0.0
2019-02-22,2,0,163,121.74,121.74,0.0,-18977.560001,0.0
2019-02-22,2,0,164,0.0,0.0,0.0,0.0,0.0
2019-02-22,2,0,167,0.0,0.0,0.0,0.0,0.0
2019-02-22,2,0,168,0.0,0.0,0.0,0.0,0.0
2019-02-22,2,0,169,0.0,0.0,0.0,0.0,0.0
2019-02-22,2,0,170,0.0,0.0,0.0,0.0,0.0
2019-02-22,2,0,172,0.0,0.0,0.0,0.0,0.0
2019-02-22,2,0,173,0.0,0.0,0.0,0.0,0.0
2019-02-22,2,0,188,0.0,0.0,0.0,0.0,0.0
2019-02-22,2,0,190,0.0,0.0,0.0,0.0,0.0
2019-02-22,2,0,191,0.0,0.0,0.0,0.0,0.0
2019-02-22,2,0,192,168.02,168.02,0.0,5448.478147,0.0
2019-02-22,2,0,194,134.04,134.04,0.0,-1200.592798,0.0
2019-02-22,2,0,196,0.0,0.0,0.0,0.0,0.0
2019-02-22,2,0,198,0.0,0.0,0.0,0.0,0.0
2019-02-22,2,0,199,1.47,1.47,0.0,4.159379,0.0
2019-02-22,2,0,200,0.0,0.0,0.0,0.0,0.0
2019-02-22,2,0,204,829.09,829.09,0.0,6723.264898,0.0
2019-02-22,2,0,205,913.24,913.24,0.0,7396.154181,0.0
2019-02-22,2,0,206,169.29,169.29,0.0,1410.584571,0.0
2019-02-22,2,0,210,0.0,0.0,0.0,0.0,0.0
2019-02-22,2,0,214,0.0,0.0,0.0,0.0,0.0
2019-02-22,2,0,217,0.0,0.0,0.0,0.0,0.0
2019-02-22,2,0,218,0.0,0.0,0.0,0.0,0.0
2019-02-22,2,0,219,0.0,0.0,0.0,0.0,0.0
2019-02-22,2,0,221,0.0,0.0,0.0,0.0,0.0
2019-02-22,2,0,225,0.0,0.0,0.0,0.0,0.0
2019-02-22,2,0,233,0.0,0.0,0.0,0.0,0.0
2019-02-22,2,0,236,58.18,58.18,0.0,462.59871,0.0
2019-02-22,2,0,237,121.31,121.31,0.0,970.188479,0.0
2019-02-22,2,0,238,0.0,0.0,0.0,0.0,0.0
2019-02-22,2,0,240,0.0,0.0,0.0,0.0,0.0
2019-02-22,2,0,245,31.05,31.05,0.0,245.297725,0.0
2019-02-22,2,0,247,49.41,49.41,0.0,390.343336,0.0
2019-02-22,2,0,248,12.18,12.18,0.0,97.41073,0.0
2019-02-22,2,0,249,59.7,59.7,0.0,471.635239,0.0
2019-02-22,2,0,251,140.41,140.41,0.0,1111.867564,0.0
2019-02-22,2,0,252,74.9,74.9,0.0,592.749571,0.0
2019-02-22,2,0,254,0.0,0.0,0.0,0.0,0.0
2019-02-22,2,0,255,0.0,0.0,0.0,0.0,0.0
2019-02-22,2,0,258,0.0,0.0,0.0,0.0,0.0
2019-02-22,2,0,260,0.0,0.0,0.0,0.0,0.0
2019-02-22,2,0,265,0.0,0.0,0.0,0.0,0.0
2019-02-22,2,0,266,97.0,97.0,0.0,794.385686,0.0
2019-02-22,2,0,267,119.2,119.2,0.0,976.193544,0.0
2019-02-22,2,0,270,380.2,380.2,0.0,-59267.852081,0.0
2019-02-22,2,0,272,316.22,316.22,0.0,-10040.089507,0.0
2019-02-22,2,0,273,0.0,0.0,0.0,-0.0,0.0
2019-02-22,2,0,274,490.12,490.12,0.0,-76402.839721,0.0
2019-02-22,2,0,275,682.26,682.26,0.0,-106354.773174,0.0
2019-02-22,2,0,276,0.0,0.0,0.0,-0.0,0.0
2019-02-22,2,0,277,0.0,0.0,0.0,-0.0,0.0
2019-02-22,2,0,278,0.0,0.0,0.0,-0.0,0.0
2019-02-22,2,0,279,117.51,117.51,0.0,-3967.074494,0.0
2019-02-22,2,0,281,8.97,8.97,0.0,74.716502,0.0
2019-02-22,2,0,282,0.0,0.0,0.0,0.0,0.0
2019-02-22,3,0,9,0.0,0.0,0.0,0.0,0.0
2019-02-22,3,0,17,0.0,0.0,0.0,0.0,0.0
2019-02-22,3,0,19,214.39,214.39,0.0,1823.890892,0.0
2019-02-22,3,0,20,260.02,260.02,0.0,2212.081299,0.0
2019-02-22,3,0,21,0.0,0.0,0.0,0.0,0.0
2019-02-22,3,0,22,0.0,0.0,0.0,0.0,0.0
2019-02-22,3,0,23,44.76,44.76,0.0,296.392151,0.0
2019-02-22,3,0,24,79.2,79.2,0.0,524.447238,0.0
2019-02-22,3,0,29,0.0,0.0,0.0,0.0,0.0
2019-02-22,3,0,30,0.0,0.0,0.0,0.0,0.0
2019-02-22,3,0,31,17.09,17.09,0.0,112.962361,0.0
2019-02-22,3,0,32,0.0,0.0,0.0,0.0,0.0
2019-02-22,3,0,33,0.0,0.0,0.0,0.0,0.0
2019-02-22,3,0,34,0.0,0.0,0.0,0.0,0.0
2019-02-22,3,0,35,0.0,0.0,0.0,0.0,0.0
2019-02-22,3,0,36,0.0,0.0,0.0,0.0,0.0
2019-02-22,3,0,37,0.0,0.0,0.0,0.0,0.0
2019-02-22,3,0,38,0.0,0.0,0.0,0.0,0.0
2019-02-22,3,0,39,0.0,0.0,0.0,0.0,0.0
2019-02-22,3,0,40,0.0,0.0,0.0,0.0,0.0
2019-02-22,3,0,41,116.0,116.0,0.0,840.375462,0.0
2019-02-22,3,0,42,0.0,0.0,0.0,0.0,0.0
2019-02-22,3,0,43,0.0,0.0,0.0,0.0,0.0
2019-02-22,3,0,46,0.0,0.0,0.0,0.0,0.0
2019-02-22,3,0,52,18.12,18.12,0.0,119.770508,0.0
2019-02-22,3,0,53,28.79,28.79,0.0,190.297623,0.0
2019-02-22,3,0,55,270.79,270.79,0.0,1793.11954,0.0
2019-02-22,3,0,56,0.0,0.0,0.0,0.0,0.0
2019-02-22,3,0,57,0.0,0.0,0.0,0.0,0.0
2019-02-22,3,0,58,0.0,0.0,0.0,0.0,0.0
2019-02-22,3,0,59,0.0,0.0,0.0,0.0,0.0
2019-02-22,3,0,63,66.56,66.56,0.0,2158.378202,0.0
2019-02-22,3,0,64,78.3,78.3,0.0,2539.077722,0.0
2019-02-22,3,0,65,8.64,8.64,0.0,73.388045,0.0
2019-02-22,3,0,67,0.0,0.0,0.0,-0.0,0.0
2019-02-22,3,0,68,2.03,2.03,0.0,-91.888239,0.0
2019-02-22,3,0,69,0.0,0.0,0.0,0.0,0.0
2019-02-22,3,0,74,46.13,46.13,0.0,374.32466,0.0
2019-02-22,3,0,77,96.45,96.45,0.0,-2642.176899,0.0
2019-02-22,3,0,78,72.91,72.91,0.0,-1997.315891,0.0
2019-02-22,3,0,79,42.19,42.19,0.0,-1155.764058,0.0
2019-02-22,3,0,80,68.23,68.23,0.0,-1869.110729,0.0
2019-02-22,3,0,81,89.21,89.21,0.0,-2443.842417,0.0
2019-02-22,3,0,82,62.93,62.93,0.0,-1723.921122,0.0
2019-02-22,3,0,83,140.33,140.33,0.0,-3844.237265,0.0
2019-02-22,3,0,84,0.0,0.0,0.0,0.0,0.0
2019-02-22,3,0,86,0.0,0.0,0.0,0.0,0.0
2019-02-22,3,0,87,0.0,0.0,0.0,0.0,0.0
2019-02-22,3,0,88,121.67,121.67,0.0,-3333.060272,0.0
2019-02-22,3,0,89,116.96,116.96,0.0,-3204.033282,0.0
2019-02-22,3,0,90,157.04,157.04,0.0,-4301.99544,0.0
2019-02-22,3,0,91,560.21,560.21,0.0,-15346.541424,0.0
2019-02-22,3,0,92,201.48,201.48,0.0,-5519.396594,0.0
2019-02-22,3,0,95,11.33,11.33,0.0,246.977654,0.0
2019-02-22,3,0,96,8.18,8.18,0.0,53.966365,0.0
2019-02-22,3,0,97,50.32,50.32,0.0,331.978909,0.0
2019-02-22,3,0,99,8.9,8.9,0.0,72.219585,0.0
2019-02-22,3,0,101,0.0,0.0,0.0,0.0,0.0
2019-02-22,3,0,102,4.8,4.8,0.0,-217.272684,0.0
2019-02-22,3,0,103,4.17,4.17,0.0,-188.755645,0.0
2019-02-22,3,0,104,0.77,0.77,0.0,-34.85416,0.0
2019-02-22,3,0,106,0.0,0.0,0.0,0.0,0.0
2019-02-22,3,0,109,200.0,200.0,0.0,1531.170908,0.0
2019-02-22,3,0,110,129.2,129.2,0.0,-17065.684263,0.0
2019-02-22,3,0,111,0.0,0.0,0.0,0.0,0.0
2019-02-22,3,0,113,50.18,50.18,0.0,-1169.010081,0.0
2019-02-22,3,0,115,50.18,50.18,0.0,-1169.010081,0.0
2019-02-22,3,0,116,0.0,0.0,0.0,-0.0,0.0
2019-02-22,3,0,117,2.58,2.58,0.0,-60.104544,0.0
2019-02-22,3,0,119,78.3,78.3,0.0,2539.077722,0.0
2019-02-22,3,0,120,46.04,46.04,0.0,1492.96473,0.0
2019-02-22,3,0,123,0.0,0.0,0.0,0.0,0.0
2019-02-22,3,0,125,71.67,71.67,0.0,474.58502,0.0
2019-02-22,3,0,126,0.0,0.0,0.0,0.0,0.0
2019-02-22,3,0,127,0.0,0.0,0.0,0.0,0.0
2019-02-22,3,0,128,102.65,102.65,0.0,679.728649,0.0
2019-02-22,3,0,131,5.98,5.98,0.0,-236.551972,0.0
2019-02-22,3,0,132,8.79,8.79,0.0,-347.707665,0.0
2019-02-22,3,0,133,25.88,25.88,0.0,220.202818,0.0
2019-02-22,3,0,134,0.0,0.0,0.0,0.0,0.0
2019-02-22,3,0,135,34.63,34.63,0.0,294.653153,0.0
2019-02-22,3,0,136,6.83,6.83,0.0,58.008918,0.0
2019-02-22,3,0,139,149.8,149.8,0.0,1085.243484,0.0
2019-02-22,3,0,140,95.63,95.63,0.0,-12631.512276,0.0
2019-02-22,3,0,141,101.65,101.65,0.0,-6773.724017,0.0
2019-02-22,3,0,142,0.0,0.0,0.0,-0.0,0.0
2019-02-22,3,0,143,24.14,24.14,0.0,159.561814,0.0
2019-02-22,3,0,145,11.77,11.77,0.0,82.367774,0.0
2019-02-22,3,0,146,268.0,268.0,0.0,-35399.406986,0.0
2019-02-22,3,0,152,0.0,0.0,0.0,0.0,0.0
2019-02-22,3,0,153,0.0,0.0,0.0,0.0,0.0
2019-02-22,3,0,154,0.0,0.0,0.0,0.0,0.0
2019-02-22,3,0,157,221.17,221.17,0.0,-14738.264052,0.0
2019-02-22,3,0,158,0.0,0.0,0.0,-0.0,0.0
2019-02-22,3,0,159,0.0,0.0,0.0,0.0,0.0
2019-02-22,3,0,160,0.0,0.0,0.0,0.0,0.0
2019-02-22,3,0,161,0.0,0.0,0.0,-0.0,0.0
2019-02-22,3,0,162,8.28,8.28,0.0,181.456164,0.0
2019-02-22,3,0,163,131.98,131.98,0.0,-17432.887067,0.0
2019-02-22,3,0,164,0.0,0.0,0.0,0.0,0.0
2019-02-22,3,0,167,0.0,0.0,0.0,0.0,0.0
2019-02-22,3,0,168,0.0,0.0,0.0,0.0,0.0
2019-02-22,3,0,169,0.0,0.0,0.0,0.0,0.0
2019-02-22,3,0,170,0.0,0.0,0.0,0.0,0.0
2019-02-22,3,0,172,0.0,0.0,0.0,0.0,0.0
2019-02-22,3,0,173,0.0,0.0,0.0,0.0,0.0
2019-02-22,3,0,188,0.0,0.0,0.0,0.0,0.0
2019-02-22,3,0,190,0.0,0.0,0.0,0.0,0.0
2019-02-22,3,0,191,0.0,0.0,0.0,0.0,0.0
2019-02-22,3,0,192,168.98,168.98,0.0,5479.608602,0.0
2019-02-22,3,0,194,150.93,150.93,0.0,-537.925833,0.0
2019-02-22,3,0,196,0.0,0.0,0.0,0.0,0.0
2019-02-22,3,0,198,0.0,0.0,0.0,0.0,0.0
2019-02-22,3,0,199,1.29,1.29,0.0,8.181312,0.0
2019-02-22,3,0,200,0.0,0.0,0.0,0.0,0.0
2019-02-22,3,0,204,857.0,857.0,0.0,6520.659568,0.0
2019-02-22,3,0,205,1058.0,1058.0,0.0,8099.894101,0.0
2019-02-22,3,0,206,147.86,147.86,0.0,975.484927,0.0
2019-02-22,3,0,210,0.0,0.0,0.0,0.0,0.0
2019-02-22,3,0,214,0.0,0.0,0.0,0.0,0.0
2019-02-22,3,0,217,0.0,0.0,0.0,0.0,0.0
2019-02-22,3,0,218,0.0,0.0,0.0,0.0,0.0
2019-02-22,3,0,219,0.0,0.0,0.0,0.0,0.0
2019-02-22,3,0,221,0.0,0.0,0.0,0.0,0.0
2019-02-22,3,0,225,0.0,0.0,0.0,0.0,0.0
2019-02-22,3,0,233,0.0,0.0,0.0,0.0,0.0
2019-02-22,3,0,236,79.48,79.48,0.0,661.671433,0.0
2019-02-22,3,0,237,110.66,110.66,0.0,897.957226,0.0
2019-02-22,3,0,238,0.0,0.0,0.0,0.0,0.0
2019-02-22,3,0,240,0.0,0.0,0.0,0.0,0.0
2019-02-22,3,0,245,37.92,37.92,0.0,324.462241,0.0
2019-02-22,3,0,247,58.92,58.92,0.0,504.148609,0.0
2019-02-22,3,0,248,11.11,11.11,0.0,90.152763,0.0
2019-02-22,3,0,249,72.92,72.92,0.0,623.939521,0.0
2019-02-22,3,0,251,104.61,104.61,0.0,886.260657,0.0
2019-02-22,3,0,252,55.75,55.75,0.0,473.539756,0.0
2019-02-22,3,0,254,0.0,0.0,0.0,0.0,0.0
2019-02-22,3,0,255,0.0,0.0,0.0,0.0,0.0
2019-02-22,3,0,258,0.0,0.0,0.0,0.0,0.0
2019-02-22,3,0,260,0.0,0.0,0.0,0.0,0.0
2019-02-22,3,0,265,0.0,0.0,0.0,0.0,0.0
2019-02-22,3,0,266,97.0,97.0,0.0,702.727757,0.0
2019-02-22,3,0,267,119.2,119.2,0.0,863.558233,0.0
2019-02-22,3,0,270,412.19,412.19,0.0,-54445.080469,0.0
2019-02-22,3,0,272,204.97,204.97,0.0,-4775.049748,0.0
2019-02-22,3,0,273,0.0,0.0,0.0,-0.0,0.0
2019-02-22,3,0,274,531.36,531.36,0.0,-70185.928717,0.0
2019-02-22,3,0,275,739.66,739.66,0.0,-97699.721535,0.0
2019-02-22,3,0,276,0.0,0.0,0.0,-0.0,0.0
2019-02-22,3,0,277,0.0,0.0,0.0,-0.0,0.0
2019-02-22,3,0,278,0.0,0.0,0.0,-0.0,0.0
2019-02-22,3,0,279,103.0,103.0,0.0,-2568.743916,0.0
2019-02-22,3,0,281,7.67,7.67,0.0,50.697561,0.0
2019-02-22,3,0,282,0.0,0.0,0.0,0.0,0.0
2019-02-22,4,0,9,0.0,0.0,0.0,0.0,0.0
2019-02-22,4,0,17,0.0,0.0,0.0,0.0,0.0
2019-02-22,4,0,19,268.6,268.6,0.0,1765.451035,0.0
2019-02-22,4,0,20,325.76,325.76,0.0,2141.151636,0.0
2019-02-22,4,0,21,0.0,0.0,0.0,0.0,0.0
2019-02-22,4,0,22,0.0,0.0,0.0,0.0,0.0
2019-02-22,4,0,23,42.83,42.83,0.0,520.499371,0.0
2019-02-22,4,0,24,70.78,70.78,0.0,860.166834,0.0
2019-02-22,4,0,29,0.0,0.0,0.0,0.0,0.0
2019-02-22,4,0,30,0.0,0.0,0.0,0.0,0.0
2019-02-22,4,0,31,14.99,14.99,0.0,182.69912,0.0
2019-02-22,4,0,32,0.0,0.0,0.0,0.0,0.0
2019-02-22,4,0,33,0.0,0.0,0.0,0.0,0.0
2019-02-22,4,0,34,0.0,0.0,0.0,0.0,0.0
2019-02-22,4,0,35,0.0,0.0,0.0,0.0,0.0
2019-02-22,4,0,36,0.0,0.0,0.0,0.0,0.0
2019-02-22,4,0,37,0.0,0.0,0.0,0.0,0.0
2019-02-22,4,0,38,0.0,0.0,0.0,0.0,0.0
2019-02-22,4,0,39,0.0,0.0,0.0,0.0,0.0
2019-02-22,4,0,40,0.0,0.0,0.0,0.0,0.0
2019-02-22,4,0,41,116.0,116.0,0.0,1195.914169,0.0
2019-02-22,4,0,42,0.0,0.0,0.0,0.0,0.0
2019-02-22,4,0,43,0.0,0.0,0.0,0.0,0.0
2019-02-22,4,0,46,0.0,0.0,0.0,0.0,0.0
2019-02-22,4,0,52,15.89,15.89,0.0,193.66838,0.0
2019-02-22,4,0,53,25.25,25.25,0.0,307.748685,0.0
2019-02-22,4,0,55,194.88,194.88,0.0,2368.314672,0.0
2019-02-22,4,0,56,0.0,0.0,0.0,0.0,0.0
2019-02-22,4,0,57,0.0,0.0,0.0,0.0,0.0
2019-02-22,4,0,58,0.0,0.0,0.0,0.0,0.0
2019-02-22,4,0,59,0.0,0.0,0.0,0.0,0.0
2019-02-22,4,0,63,65.47,65.47,0.0,7894.296977,0.0
2019-02-22,4,0,64,77.02,77.02,0.0,9286.982636,0.0
2019-02-22,4,0,65,6.57,6.57,0.0,43.443052,0.0
2019-02-22,4,0,67,0.0,0.0,0.0,-0.0,0.0
2019-02-22,4,0,68,1.93,1.93,0.0,-792.045889,0.0
2019-02-22,4,0,69,0.0,0.0,0.0,0.0,0.0
2019-02-22,4,0,74,42.18,42.18,0.0,326.269692,0.0
2019-02-22,4,0,77,86.44,86.44,0.0,-25048.30018,0.0
2019-02-22,4,0,78,65.35,65.35,0.0,-18936.909033,0.0
2019-02-22,4,0,79,37.82,37.82,0.0,-10959.355771,0.0
2019-02-22,4,0,80,61.16,61.16,0.0,-17722.744552,0.0
2019-02-22,4,0,81,79.96,79.96,0.0,-23170.546997,0.0
2019-02-22,4,0,82,56.4,56.4,0.0,-16343.407337,0.0
2019-02-22,4,0,83,125.77,125.77,0.0,-36445.218807,0.0
2019-02-22,4,0,84,0.0,0.0,0.0,0.0,0.0
2019-02-22,4,0,86,0.0,0.0,0.0,0.0,0.0
2019-02-22,4,0,87,0.0,0.0,0.0,0.0,0.0
2019-02-22,4,0,88,108.25,108.25,0.0,-31368.330571,0.0
2019-02-22,4,0,89,104.06,104.06,0.0,-30154.16609,0.0
2019-02-22,4,0,90,139.72,139.72,0.0,-40487.604133,0.0
2019-02-22,4,0,91,498.42,498.42,0.0,-144430.515687,0.0
2019-02-22,4,0,92,179.25,179.25,0.0,-51942.478104,0.0
2019-02-22,4,0,95,17.33,17.33,0.0,440.419307,0.0
2019-02-22,4,0,96,7.91,7.91,0.0,96.700124,0.0
2019-02-22,4,0,97,48.62,48.62,0.0,594.381796,0.0
2019-02-22,4,0,99,8.14,8.14,0.0,62.964327,0.0
2019-02-22,4,0,101,0.0,0.0,0.0,0.0,0.0
2019-02-22,4,0,102,4.56,4.56,0.0,-1871.362308,0.0
2019-02-22,4,0,103,3.97,3.97,0.0,-1629.23429,0.0
2019-02-22,4,0,104,0.74,0.74,0.0,-303.685989,0.0
2019-02-22,4,0,106,0.0,0.0,0.0,0.0,0.0
2019-02-22,4,0,109,200.0,200.0,0.0,1818.524983,0.0
2019-02-22,4,0,110,135.89,135.89,0.0,-135890.0,0.0
2019-02-22,4,0,111,0.0,0.0,0.0,0.0,0.0
2019-02-22,4,0,113,23.49,23.49,0.0,-6095.117028,0.0
2019-02-22,4,0,115,23.49,23.49,0.0,-6095.117028,0.0
2019-02-22,4,0,116,0.0,0.0,0.0,-0.0,0.0
2019-02-22,4,0,117,1.57,1.57,0.0,-407.379044,0.0
2019-02-22,4,0,119,77.02,77.02,0.0,9286.982636,0.0
2019-02-22,4,0,120,45.29,45.29,0.0,5461.015887,0.0
2019-02-22,4,0,123,0.0,0.0,0.0,0.0,0.0
2019-02-22,4,0,125,64.95,64.95,0.0,789.316697,0.0
2019-02-22,4,0,126,0.0,0.0,0.0,0.0,0.0
2019-02-22,4,0,127,0.0,0.0,0.0,0.0,0.0
2019-02-22,4,0,128,88.21,88.21,0.0,1071.988081,0.0
2019-02-22,4,0,131,6.04,6.04,0.0,-2244.605793,0.0
2019-02-22,4,0,132,8.89,8.89,0.0,-3303.732699,0.0
2019-02-22,4,0,133,44.23,44.23,0.0,290.549641,0.0
2019-02-22,4,0,134,0.0,0.0,0.0,0.0,0.0
2019-02-22,4,0,135,61.02,61.02,0.0,400.844203,0.0
2019-02-22,4,0,136,5.22,5.22,0.0,34.52773,0.0
2019-02-22,4,0,139,149.8,149.8,0.0,1544.378815,0.0
2019-02-22,4,0,140,100.57,100.57,0.0,-100570.0,0.0
2019-02-22,4,0,141,101.23,101.23,0.0,-56236.161349,0.0
2019-02-22,4,0,142,0.0,0.0,0.0,-0.0,0.0
2019-02-22,4,0,143,16.79,16.79,0.0,204.63764,0.0
2019-02-22,4,0,145,9.43,9.43,0.0,104.098586,0.0
2019-02-22,4,0,146,268.0,268.0,0.0,-268000.0,0.0
2019-02-22,4,0,152,0.0,0.0,0.0,0.0,0.0
2019-02-22,4,0,153,0.0,0.0,0.0,0.0,0.0
2019-02-22,4,0,154,0.0,0.0,0.0,0.0,0.0
2019-02-22,4,0,157,191.18,191.18,0.0,-106205.959959,0.0
2019-02-22,4,0,158,0.0,0.0,0.0,-0.0,0.0
2019-02-22,4,0,159,0.0,0.0,0.0,0.0,0.0
2019-02-22,4,0,160,0.0,0.0,0.0,0.0,0.0
2019-02-22,4,0,161,0.0,0.0,0.0,-0.0,0.0
2019-02-22,4,0,162,6.79,6.79,0.0,177.808658,0.0
2019-02-22,4,0,163,146.79,146.79,0.0,-146790.0,0.0
2019-02-22,4,0,164,0.0,0.0,0.0,0.0,0.0
2019-02-22,4,0,167,0.0,0.0,0.0,0.0,0.0
2019-02-22,4,0,168,0.0,0.0,0.0,0.0,0.0
2019-02-22,4,0,169,0.0,0.0,0.0,0.0,0.0
2019-02-22,4,0,170,0.0,0.0,0.0,0.0,0.0
2019-02-22,4,0,172,0.0,0.0,0.0,0.0,0.0
2019-02-22,4,0,173,0.0,0.0,0.0,0.0,0.0
2019-02-22,4,0,188,0.0,0.0,0.0,0.0,0.0
2019-02-22,4,0,190,0.0,0.0,0.0,0.0,0.0
2019-02-22,4,0,191,0.0,0.0,0.0,0.0,0.0
2019-02-22,4,0,192,172.69,172.69,0.0,5599.914839,0.0
2019-02-22,4,0,194,176.08,176.08,0.0,-21687.687841,0.0
2019-02-22,4,0,196,0.0,0.0,0.0,0.0,0.0
2019-02-22,4,0,198,0.0,0.0,0.0,0.0,0.0
2019-02-22,4,0,199,1.61,1.61,0.0,-54.926078,0.0
2019-02-22,4,0,200,0.0,0.0,0.0,-0.0,0.0
2019-02-22,4,0,204,857.0,857.0,0.0,7911.958457,0.0
2019-02-22,4,0,205,1058.0,1058.0,0.0,9619.997158,0.0
2019-02-22,4,0,206,142.87,142.87,0.0,1746.592497,0.0
2019-02-22,4,0,210,0.0,0.0,0.0,0.0,0.0
2019-02-22,4,0,214,0.0,0.0,0.0,0.0,0.0
2019-02-22,4,0,217,0.0,0.0,0.0,0.0,0.0
2019-02-22,4,0,218,0.0,0.0,0.0,0.0,0.0
2019-02-22,4,0,219,0.0,0.0,0.0,0.0,0.0
2019-02-22,4,0,221,0.0,0.0,0.0,0.0,0.0
2019-02-22,4,0,225,0.0,0.0,0.0,0.0,0.0
2019-02-22,4,0,233,0.0,0.0,0.0,0.0,0.0
2019-02-22,4,0,236,106.59,106.59,0.0,758.111089,0.0
2019-02-22,4,0,237,101.18,101.18,0.0,782.645032,0.0
2019-02-22,4,0,238,0.0,0.0,0.0,0.0,0.0
2019-02-22,4,0,240,0.0,0.0,0.0,0.0,0.0
2019-02-22,4,0,245,45.73,45.73,0.0,293.923136,0.0
2019-02-22,4,0,247,70.39,70.39,0.0,452.421814,0.0
2019-02-22,4,0,248,10.16,10.16,0.0,78.589381,0.0
2019-02-22,4,0,249,87.93,87.93,0.0,565.157695,0.0
2019-02-22,4,0,251,80.91,80.91,0.0,540.257739,0.0
2019-02-22,4,0,252,42.35,42.35,0.0,280.032456,0.0
2019-02-22,4,0,254,0.0,0.0,0.0,0.0,0.0
2019-02-22,4,0,255,0.0,0.0,0.0,0.0,0.0
2019-02-22,4,0,258,0.0,0.0,0.0,0.0,0.0
2019-02-22,4,0,260,0.0,0.0,0.0,0.0,0.0
2019-02-22,4,0,265,0.0,0.0,0.0,0.0,0.0
2019-02-22,4,0,266,97.0,97.0,0.0,1000.031676,0.0
2019-02-22,4,0,267,119.2,119.2,0.0,1228.904905,0.0
2019-02-22,4,0,270,458.41,458.41,0.0,-458410.0,0.0
2019-02-22,4,0,272,78.5,78.5,0.0,-20368.952179,0.0
2019-02-22,4,0,273,0.0,0.0,0.0,-0.0,0.0
2019-02-22,4,0,274,590.95,590.95,0.0,-590950.0,0.0
2019-02-22,4,0,275,822.61,822.61,0.0,-822610.0,0.0
2019-02-22,4,0,276,0.0,0.0,0.0,-0.0,0.0
2019-02-22,4,0,277,0.0,0.0,0.0,-0.0,0.0
2019-02-22,4,0,278,0.0,0.0,0.0,-0.0,0.0
2019-02-22,4,0,279,92.96,92.96,0.0,-25250.232823,0.0
2019-02-22,4,0,281,6.73,6.73,0.0,82.025689,0.0
2019-02-22,4,0,282,0.0,0.0,0.0,0.0,0.0
2019-02-22,5,0,9,0.0,0.0,0.0,0.0,0.0
2019-02-22,5,0,17,0.0,0.0,0.0,0.0,0.0
2019-02-22,5,0,19,207.9,207.9,0.0,2279.684879,0.0
2019-02-22,5,0,20,252.14,252.14,0.0,2764.78954,0.0
2019-02-22,5,0,21,0.0,0.0,0.0,0.0,0.0
2019-02-22,5,0,22,0.0,0.0,0.0,0.0,0.0
2019-02-22,5,0,23,43.55,43.55,0.0,469.615767,0.0
2019-02-22,5,0,24,77.06,77.06,0.0,830.966499,0.0
2019-02-22,5,0,29,0.0,0.0,0.0,0.0,0.0
2019-02-22,5,0,30,0.0,0.0,0.0,0.0,0.0
2019-02-22,5,0,31,12.54,12.54,0.0,135.208994,0.0
2019-02-22,5,0,32,0.0,0.0,0.0,0.0,0.0
2019-02-22,5,0,33,0.0,0.0,0.0,0.0,0.0
2019-02-22,5,0,34,0.0,0.0,0.0,0.0,0.0
2019-02-22,5,0,35,0.0,0.0,0.0,0.0,0.0
2019-02-22,5,0,36,0.0,0.0,0.0,0.0,0.0
2019-02-22,5,0,37,0.0,0.0,0.0,0.0,0.0
2019-02-22,5,0,38,0.0,0.0,0.0,0.0,0.0
2019-02-22,5,0,39,0.0,0.0,0.0,0.0,0.0
2019-02-22,5,0,40,0.0,0.0,0.0,0.0,0.0
2019-02-22,5,0,41,116.0,116.0,0.0,1257.841501,0.0
2019-02-22,5,0,42,0.0,0.0,0.0,0.0,0.0
2019-02-22,5,0,43,0.0,0.0,0.0,0.0,0.0
2019-02-22,5,0,46,0.0,0.0,0.0,0.0,0.0
2019-02-22,5,0,52,13.29,13.29,0.0,143.295656,0.0
2019-02-22,5,0,53,21.12,21.12,0.0,227.720411,0.0
2019-02-22,5,0,55,130.99,130.99,0.0,1412.513648,0.0
2019-02-22,5,0,56,0.0,0.0,0.0,0.0,0.0
2019-02-22,5,0,57,0.0,0.0,0.0,0.0,0.0
2019-02-22,5,0,58,0.0,0.0,0.0,0.0,0.0
2019-02-22,5,0,59,0.0,0.0,0.0,0.0,0.0
2019-02-22,5,0,63,85.19,85.19,0.0,1009.812865,0.0
2019-02-22,5,0,64,100.23,100.23,0.0,1188.091836,0.0
2019-02-22,5,0,65,3.6,3.6,0.0,39.470421,0.0
2019-02-22,5,0,67,0.0,0.0,0.0,0.0,0.0
2019-02-22,5,0,68,1.19,1.19,0.0,12.862599,0.0
2019-02-22,5,0,69,0.0,0.0,0.0,0.0,0.0
2019-02-22,5,0,74,23.22,23.22,0.0,253.734161,0.0
2019-02-22,5,0,77,74.46,74.46,0.0,794.671813,0.0
2019-02-22,5,0,78,56.29,56.29,0.0,600.753107,0.0
2019-02-22,5,0,79,32.58,32.58,0.0,347.70894,0.0
2019-02-22,5,0,80,52.68,52.68,0.0,562.225505,0.0
2019-02-22,5,0,81,68.87,68.87,0.0,735.012729,0.0
2019-02-22,5,0,82,48.58,48.58,0.0,518.468395,0.0
2019-02-22,5,0,83,108.34,108.34,0.0,1156.254959,0.0
2019-02-22,5,0,84,0.0,0.0,0.0,0.0,0.0
2019-02-22,5,0,86,0.0,0.0,0.0,0.0,0.0
2019-02-22,5,0,87,0.0,0.0,0.0,0.0,0.0
2019-02-22,5,0,88,76.13,76.13,0.0,812.494831,0.0
2019-02-22,5,0,89,73.18,73.18,0.0,781.011057,0.0
2019-02-22,5,0,90,98.26,98.26,0.0,1048.676503,0.0
2019-02-22,5,0,91,350.53,350.53,0.0,3741.019484,0.0
2019-02-22,5,0,92,126.06,126.06,0.0,1345.371056,0.0
2019-02-22,5,0,95,12.15,12.15,0.0,143.871313,0.0
2019-02-22,5,0,96,5.89,5.89,0.0,63.500153,0.0
2019-02-22,5,0,97,36.2,36.2,0.0,390.272588,0.0
2019-02-22,5,0,99,4.48,4.48,0.0,48.954739,0.0
2019-02-22,5,0,101,0.0,0.0,0.0,0.0,0.0
2019-02-22,5,0,102,2.81,2.81,0.0,30.373027,0.0
2019-02-22,5,0,103,2.44,2.44,0.0,26.373732,0.0
2019-02-22,5,0,104,0.45,0.45,0.0,4.864008,0.0
2019-02-22,5,0,106,0.0,0.0,0.0,0.0,0.0
2019-02-22,5,0,109,162.8,162.8,0.0,1771.775071,0.0
2019-02-22,5,0,110,106.53,106.53,0.0,1226.26351,0.0
2019-02-22,5,0,111,0.0,0.0,0.0,0.0,0.0
2019-02-22,5,0,113,32.73,32.73,0.0,347.358082,0.0
2019-02-22,5,0,115,32.73,32.73,0.0,347.358082,0.0
2019-02-22,5,0,116,0.0,0.0,0.0,0.0,0.0
2019-02-22,5,0,117,1.58,1.58,0.0,16.768279,0.0
2019-02-22,5,0,119,100.23,100.23,0.0,1188.091836,0.0
2019-02-22,5,0,120,58.93,58.93,0.0,698.535886,0.0
2019-02-22,5,0,123,0.0,0.0,0.0,0.0,0.0
2019-02-22,5,0,125,69.73,69.73,0.0,751.924396,0.0
2019-02-22,5,0,126,0.0,0.0,0.0,0.0,0.0
2019-02-22,5,0,127,0.0,0.0,0.0,0.0,0.0
2019-02-22,5,0,128,99.88,99.88,0.0,1077.043004,0.0
2019-02-22,5,0,131,5.26,5.26,0.0,56.612068,0.0
2019-02-22,5,0,132,7.73,7.73,0.0,83.196062,0.0
2019-02-22,5,0,133,16.3,16.3,0.0,178.736292,0.0
2019-02-22,5,0,134,0.0,0.0,0.0,0.0,0.0
2019-02-22,5,0,135,23.22,23.22,0.0,254.616976,0.0
2019-02-22,5,0,136,3.3,3.3,0.0,36.180986,0.0
2019-02-22,5,0,139,149.8,149.8,0.0,1624.35049,0.0
2019-02-22,5,0,140,78.84,78.84,0.0,907.524783,0.0
2019-02-22,5,0,141,77.22,77.22,0.0,848.009151,0.0
2019-02-22,5,0,142,0.0,0.0,0.0,0.0,0.0
2019-02-22,5,0,143,26.14,26.14,0.0,281.847137,0.0
2019-02-22,5,0,145,7.02,7.02,0.0,75.954135,0.0
2019-02-22,5,0,146,268.0,268.0,0.0,3084.939647,0.0
2019-02-22,5,0,152,0.0,0.0,0.0,0.0,0.0
2019-02-22,5,0,153,0.0,0.0,0.0,0.0,0.0
2019-02-22,5,0,154,0.0,0.0,0.0,0.0,0.0
2019-02-22,5,0,157,153.03,153.03,0.0,1680.534063,0.0
2019-02-22,5,0,158,0.0,0.0,0.0,0.0,0.0
2019-02-22,5,0,159,0.0,0.0,0.0,0.0,0.0
2019-02-22,5,0,160,0.0,0.0,0.0,0.0,0.0
2019-02-22,5,0,161,0.0,0.0,0.0,0.0,0.0
2019-02-22,5,0,162,13.53,13.53,0.0,160.220425,0.0
2019-02-22,5,0,163,76.93,76.93,0.0,885.538832,0.0
2019-02-22,5,0,164,0.0,0.0,0.0,0.0,0.0
2019-02-22,5,0,167,0.0,0.0,0.0,0.0,0.0
2019-02-22,5,0,168,0.0,0.0,0.0,0.0,0.0
2019-02-22,5,0,169,0.0,0.0,0.0,0.0,0.0
2019-02-22,5,0,170,0.0,0.0,0.0,0.0,0.0
2019-02-22,5,0,172,0.0,0.0,0.0,0.0,0.0
2019-02-22,5,0,173,0.0,0.0,0.0,0.0,0.0
2019-02-22,5,0,188,0.0,0.0,0.0,0.0,0.0
2019-02-22,5,0,190,0.0,0.0,0.0,0.0,0.0
2019-02-22,5,0,191,0.0,0.0,0.0,0.0,0.0
2019-02-22,5,0,192,116.36,116.36,0.0,1379.29129,0.0
2019-02-22,5,0,194,148.73,148.73,0.0,1551.039132,0.0
2019-02-22,5,0,196,0.0,0.0,0.0,0.0,0.0
2019-02-22,5,0,198,0.0,0.0,0.0,0.0,0.0
2019-02-22,5,0,199,3.75,3.75,0.0,41.006694,0.0
2019-02-22,5,0,200,0.0,0.0,0.0,0.0,0.0
2019-02-22,5,0,204,741.83,741.83,0.0,8070.06442,0.0
2019-02-22,5,0,205,861.22,861.22,0.0,9372.777192,0.0
2019-02-22,5,0,206,106.38,106.38,0.0,1146.88392,0.0
2019-02-22,5,0,210,0.0,0.0,0.0,0.0,0.0
2019-02-22,5,0,214,0.0,0.0,0.0,0.0,0.0
2019-02-22,5,0,217,0.0,0.0,0.0,0.0,0.0
2019-02-22,5,0,218,0.0,0.0,0.0,0.0,0.0
2019-02-22,5,0,219,0.0,0.0,0.0,0.0,0.0
2019-02-22,5,0,221,0.0,0.0,0.0,0.0,0.0
2019-02-22,5,0,225,0.0,0.0,0.0,0.0,0.0
2019-02-22,5,0,233,0.0,0.0,0.0,0.0,0.0
2019-02-22,5,0,236,50.26,50.26,0.0,550.231492,0.0
2019-02-22,5,0,237,55.71,55.71,0.0,608.765294,0.0
2019-02-22,5,0,238,0.0,0.0,0.0,0.0,0.0
2019-02-22,5,0,240,0.0,0.0,0.0,0.0,0.0
2019-02-22,5,0,245,27.9,27.9,0.0,306.064026,0.0
2019-02-22,5,0,247,33.81,33.81,0.0,370.896943,0.0
2019-02-22,5,0,248,5.59,5.59,0.0,61.08415,0.0
2019-02-22,5,0,249,53.65,53.65,0.0,588.542473,0.0
2019-02-22,5,0,251,44.35,44.35,0.0,486.159769,0.0
2019-02-22,5,0,252,23.24,23.24,0.0,254.803495,0.0
2019-02-22,5,0,254,0.0,0.0,0.0,0.0,0.0
2019-02-22,5,0,255,0.0,0.0,0.0,0.0,0.0
2019-02-22,5,0,258,0.0,0.0,0.0,0.0,0.0
2019-02-22,5,0,260,0.0,0.0,0.0,0.0,0.0
2019-02-22,5,0,265,0.0,0.0,0.0,0.0,0.0
2019-02-22,5,0,266,97.0,97.0,0.0,1051.815738,0.0
2019-02-22,5,0,267,119.2,119.2,0.0,1292.540577,0.0
2019-02-22,5,0,270,240.24,240.24,0.0,2765.395152,0.0
2019-02-22,5,0,272,112.52,112.52,0.0,1194.156167,0.0
2019-02-22,5,0,273,0.0,0.0,0.0,0.0,0.0
2019-02-22,5,0,274,309.7,309.7,0.0,3564.947047,0.0
2019-02-22,5,0,275,431.11,431.11,0.0,4962.493773,0.0
2019-02-22,5,0,276,0.0,0.0,0.0,0.0,0.0
2019-02-22,5,0,277,0.0,0.0,0.0,0.0,0.0
2019-02-22,5,0,278,0.0,0.0,0.0,0.0,0.0
2019-02-22,5,0,279,46.03,46.03,0.0,489.609228,0.0
2019-02-22,5,0,281,5.63,5.63,0.0,60.703878,0.0
2019-02-22,5,0,282,0.0,0.0,0.0,0.0,0.0
2019-02-22,6,0,9,0.0,0.0,0.0,0.0,0.0
2019-02-22,6,0,17,0.0,0.0,0.0,0.0,0.0
2019-02-22,6,0,19,160.67,160.67,0.0,2379.961868,0.0
2019-02-22,6,0,20,194.87,194.87,0.0,2886.557348,0.0
2019-02-22,6,0,21,0.0,0.0,0.0,0.0,0.0
2019-02-22,6,0,22,0.0,0.0,0.0,0.0,0.0
2019-02-22,6,0,23,40.2,40.2,0.0,494.012867,0.0
2019-02-22,6,0,24,71.13,71.13,0.0,874.107842,0.0
2019-02-22,6,0,29,0.0,0.0,0.0,0.0,0.0
2019-02-22,6,0,30,0.0,0.0,0.0,0.0,0.0
2019-02-22,6,0,31,10.67,10.67,0.0,131.003157,0.0
2019-02-22,6,0,32,0.0,0.0,0.0,0.0,0.0
2019-02-22,6,0,33,0.0,0.0,0.0,0.0,0.0
2019-02-22,6,0,34,0.0,0.0,0.0,0.0,0.0
2019-02-22,6,0,35,0.0,0.0,0.0,0.0,0.0
2019-02-22,6,0,36,0.0,0.0,0.0,0.0,0.0
2019-02-22,6,0,37,0.0,0.0,0.0,0.0,0.0
2019-02-22,6,0,38,0.0,0.0,0.0,0.0,0.0
2019-02-22,6,0,39,0.0,0.0,0.0,0.0,0.0
2019-02-22,6,0,40,0.0,0.0,0.0,0.0,0.0
2019-02-22,6,0,41,97.5,97.5,0.0,1260.658072,0.0
2019-02-22,6,0,42,0.0,0.0,0.0,0.0,0.0
2019-02-22,6,0,43,0.0,0.0,0.0,0.0,0.0
2019-02-22,6,0,46,0.0,0.0,0.0,0.0,0.0
2019-02-22,6,0,52,11.31,11.31,0.0,138.860891,0.0
2019-02-22,6,0,53,17.96,17.96,0.0,220.507658,0.0
2019-02-22,6,0,55,48.71,48.71,0.0,598.591213,0.0
2019-02-22,6,0,56,0.0,0.0,0.0,0.0,0.0
2019-02-22,6,0,57,0.0,0.0,0.0,0.0,0.0
2019-02-22,6,0,58,0.0,0.0,0.0,0.0,0.0
2019-02-22,6,0,59,0.0,0.0,0.0,0.0,0.0
2019-02-22,6,0,63,110.29,110.29,0.0,2022.001423,0.0
2019-02-22,6,0,64,129.76,129.76,0.0,2378.954616,0.0
2019-02-22,6,0,65,1.88,1.88,0.0,27.795204,0.0
2019-02-22,6,0,67,0.0,0.0,0.0,0.0,0.0
2019-02-22,6,0,68,0.79,0.79,0.0,9.497259,0.0
2019-02-22,6,0,69,0.0,0.0,0.0,0.0,0.0
2019-02-22,6,0,74,11.31,11.31,0.0,158.710846,0.0
2019-02-22,6,0,77,69.33,69.33,0.0,778.450799,0.0
2019-02-22,6,0,78,52.41,52.41,0.0,588.46973,0.0
2019-02-22,6,0,79,30.33,30.33,0.0,340.551172,0.0
2019-02-22,6,0,80,49.05,49.05,0.0,550.742993,0.0
2019-02-22,6,0,81,64.13,64.13,0.0,720.064182,0.0
2019-02-22,6,0,82,45.23,45.23,0.0,507.851286,0.0
2019-02-22,6,0,83,100.87,100.87,0.0,1132.588088,0.0
2019-02-22,6,0,84,0.0,0.0,0.0,0.0,0.0
2019-02-22,6,0,86,0.0,0.0,0.0,0.0,0.0
2019-02-22,6,0,87,0.0,0.0,0.0,0.0,0.0
2019-02-22,6,0,88,56.07,56.07,0.0,629.564926,0.0
2019-02-22,6,0,89,53.9,53.9,0.0,605.199742,0.0
2019-02-22,6,0,90,72.37,72.37,0.0,812.584514,0.0
2019-02-22,6,0,91,258.16,258.16,0.0,2898.67097,0.0
2019-02-22,6,0,92,92.85,92.85,0.0,1042.537959,0.0
2019-02-22,6,0,95,18.64,18.64,0.0,341.175143,0.0
2019-02-22,6,0,96,4.26,4.26,0.0,52.25332,0.0
2019-02-22,6,0,97,26.19,26.19,0.0,321.247522,0.0
2019-02-22,6,0,99,2.18,2.18,0.0,30.59148,0.0
2019-02-22,6,0,101,0.0,0.0,0.0,0.0,0.0
2019-02-22,6,0,102,1.86,1.86,0.0,22.360636,0.0
2019-02-22,6,0,103,1.62,1.62,0.0,19.475392,0.0
2019-02-22,6,0,104,0.3,0.3,0.0,3.606554,0.0
2019-02-22,6,0,106,0.0,0.0,0.0,0.0,0.0
2019-02-22,6,0,109,121.47,121.47,0.0,1604.389414,0.0
2019-02-22,6,0,110,81.79,81.79,0.0,1328.402795,0.0
2019-02-22,6,0,111,0.0,0.0,0.0,0.0,0.0
2019-02-22,6,0,113,26.17,26.17,0.0,282.190482,0.0
2019-02-22,6,0,115,26.17,26.17,0.0,282.190482,0.0
2019-02-22,6,0,116,0.0,0.0,0.0,0.0,0.0
2019-02-22,6,0,117,1.04,1.04,0.0,11.214295,0.0
2019-02-22,6,0,119,129.76,129.76,0.0,2378.954616,0.0
2019-02-22,6,0,120,76.3,76.3,0.0,1398.845848,0.0
2019-02-22,6,0,123,0.0,0.0,0.0,0.0,0.0
2019-02-22,6,0,125,64.37,64.37,0.0,791.035031,0.0
2019-02-22,6,0,126,0.0,0.0,0.0,0.0,0.0
2019-02-22,6,0,127,0.0,0.0,0.0,0.0,0.0
2019-02-22,6,0,128,92.19,92.19,0.0,1132.911598,0.0
2019-02-22,6,0,131,5.12,5.12,0.0,60.13146,0.0
2019-02-22,6,0,132,7.52,7.52,0.0,88.318082,0.0
2019-02-22,6,0,133,11.16,11.16,0.0,165.339598,0.0
2019-02-22,6,0,134,0.0,0.0,0.0,0.0,0.0
2019-02-22,6,0,135,14.96,14.96,0.0,221.638027,0.0
2019-02-22,6,0,136,2.17,2.17,0.0,32.07942,0.0
2019-02-22,6,0,139,125.91,125.91,0.0,1627.99444,0.0
2019-02-22,6,0,140,60.53,60.53,0.0,983.105773,0.0
2019-02-22,6,0,141,58.88,58.88,0.0,769.008661,0.0
2019-02-22,6,0,142,0.0,0.0,0.0,0.0,0.0
2019-02-22,6,0,143,38.2,38.2,0.0,469.008492,0.0
2019-02-22,6,0,145,5.07,5.07,0.0,64.004531,0.0
2019-02-22,6,0,146,212.53,212.53,0.0,3451.833305,0.0
2019-02-22,6,0,152,0.0,0.0,0.0,0.0,0.0
2019-02-22,6,0,153,0.0,0.0,0.0,0.0,0.0
2019-02-22,6,0,154,0.0,0.0,0.0,0.0,0.0
2019-02-22,6,0,157,120.43,120.43,0.0,1572.889147,0.0
2019-02-22,6,0,158,0.0,0.0,0.0,0.0,0.0
2019-02-22,6,0,159,0.0,0.0,0.0,0.0,0.0
2019-02-22,6,0,160,0.0,0.0,0.0,0.0,0.0
2019-02-22,6,0,161,0.0,0.0,0.0,0.0,0.0
2019-02-22,6,0,162,24.15,24.15,0.0,442.094148,0.0
2019-02-22,6,0,163,33.81,33.81,0.0,549.129459,0.0
2019-02-22,6,0,164,0.0,0.0,0.0,0.0,0.0
2019-02-22,6,0,167,0.0,0.0,0.0,0.0,0.0
2019-02-22,6,0,168,0.0,0.0,0.0,0.0,0.0
2019-02-22,6,0,169,0.0,0.0,0.0,0.0,0.0
2019-02-22,6,0,170,0.0,0.0,0.0,0.0,0.0
2019-02-22,6,0,172,0.0,0.0,0.0,0.0,0.0
2019-02-22,6,0,173,0.0,0.0,0.0,0.0,0.0
2019-02-22,6,0,188,0.0,0.0,0.0,0.0,0.0
2019-02-22,6,0,190,0.0,0.0,0.0,0.0,0.0
2019-02-22,6,0,191,0.0,0.0,0.0,0.0,0.0
2019-02-22,6,0,192,74.45,74.45,0.0,1364.928878,0.0
2019-02-22,6,0,194,130.66,130.66,0.0,1253.600493,0.0
2019-02-22,6,0,196,0.0,0.0,0.0,0.0,0.0
2019-02-22,6,0,198,0.0,0.0,0.0,0.0,0.0
2019-02-22,6,0,199,7.29,7.29,0.0,76.317781,0.0
2019-02-22,6,0,200,0.0,0.0,0.0,0.0,0.0
2019-02-22,6,0,204,564.49,564.49,0.0,7415.872851,0.0
2019-02-22,6,0,205,642.6,642.6,0.0,8487.533033,0.0
2019-02-22,6,0,206,76.96,76.96,0.0,943.994245,0.0
2019-02-22,6,0,210,0.0,0.0,0.0,0.0,0.0
2019-02-22,6,0,214,0.0,0.0,0.0,0.0,0.0
2019-02-22,6,0,217,0.0,0.0,0.0,0.0,0.0
2019-02-22,6,0,218,0.0,0.0,0.0,0.0,0.0
2019-02-22,6,0,219,0.0,0.0,0.0,0.0,0.0
2019-02-22,6,0,221,0.0,0.0,0.0,0.0,0.0
2019-02-22,6,0,225,0.0,0.0,0.0,0.0,0.0
2019-02-22,6,0,233,0.0,0.0,0.0,0.0,0.0
2019-02-22,6,0,236,19.81,19.81,0.0,285.722312,0.0
2019-02-22,6,0,237,27.13,27.13,0.0,380.709571,0.0
2019-02-22,6,0,238,0.0,0.0,0.0,0.0,0.0
2019-02-22,6,0,240,0.0,0.0,0.0,0.0,0.0
2019-02-22,6,0,245,16.91,16.91,0.0,252.227592,0.0
2019-02-22,6,0,247,14.02,14.02,0.0,209.120688,0.0
2019-02-22,6,0,248,2.72,2.72,0.0,38.169187,0.0
2019-02-22,6,0,249,32.53,32.53,0.0,485.213694,0.0
2019-02-22,6,0,251,21.46,21.46,0.0,316.290964,0.0
2019-02-22,6,0,252,12.14,12.14,0.0,179.486049,0.0
2019-02-22,6,0,254,0.0,0.0,0.0,0.0,0.0
2019-02-22,6,0,255,0.0,0.0,0.0,0.0,0.0
2019-02-22,6,0,258,0.0,0.0,0.0,0.0,0.0
2019-02-22,6,0,260,0.0,0.0,0.0,0.0,0.0
2019-02-22,6,0,265,0.0,0.0,0.0,0.0,0.0
2019-02-22,6,0,266,81.53,81.53,0.0,1054.168745,0.0
2019-02-22,6,0,267,100.19,100.19,0.0,1295.439305,0.0
2019-02-22,6,0,270,105.6,105.6,0.0,1715.115969,0.0
2019-02-22,6,0,272,92.34,92.34,0.0,995.700005,0.0
2019-02-22,6,0,273,0.0,0.0,0.0,0.0,0.0
2019-02-22,6,0,274,136.13,136.13,0.0,2210.972887,0.0
2019-02-22,6,0,275,189.49,189.49,0.0,3077.626184,0.0
2019-02-22,6,0,276,0.0,0.0,0.0,0.0,0.0
2019-02-22,6,0,277,0.0,0.0,0.0,0.0,0.0
2019-02-22,6,0,278,0.0,0.0,0.0,0.0,0.0
2019-02-22,6,0,279,21.98,21.98,0.0,240.933148,0.0
2019-02-22,6,0,281,4.8,4.8,0.0,58.933004,0.0
2019-02-22,6,0,282,0.0,0.0,0.0,0.0,0.0
2019-02-22,7,0,9,0.0,0.0,0.0,0.0,0.0
2019-02-22,7,0,17,0.0,0.0,0.0,0.0,0.0
2019-02-22,7,0,19,126.62,126.62,0.0,2002.362314,0.0
2019-02-22,7,0,20,153.57,153.57,0.0,2428.548259,0.0
2019-02-22,7,0,21,0.0,0.0,0.0,0.0,0.0
2019-02-22,7,0,22,0.0,0.0,0.0,0.0,0.0
2019-02-22,7,0,23,37.08,37.08,0.0,654.543247,0.0
2019-02-22,7,0,24,65.6,65.6,0.0,1157.983738,0.0
2019-02-22,7,0,29,0.0,0.0,0.0,0.0,0.0
2019-02-22,7,0,30,0.0,0.0,0.0,0.0,0.0
2019-02-22,7,0,31,22.45,22.45,0.0,396.668194,0.0
2019-02-22,7,0,32,0.0,0.0,0.0,0.0,0.0
2019-02-22,7,0,33,0.0,0.0,0.0,0.0,0.0
2019-02-22,7,0,34,0.0,0.0,0.0,0.0,0.0
2019-02-22,7,0,35,0.0,0.0,0.0,0.0,0.0
2019-02-22,7,0,36,0.0,0.0,0.0,0.0,0.0
2019-02-22,7,0,37,0.0,0.0,0.0,0.0,0.0
2019-02-22,7,0,38,0.0,0.0,0.0,0.0,0.0
2019-02-22,7,0,39,0.0,0.0,0.0,0.0,0.0
2019-02-22,7,0,40,0.0,0.0,0.0,0.0,0.0
2019-02-22,7,0,41,52.18,52.18,0.0,878.778249,0.0
2019-02-22,7,0,42,0.0,0.0,0.0,0.0,0.0
2019-02-22,7,0,43,0.0,0.0,0.0,0.0,0.0
2019-02-22,7,0,46,0.0,0.0,0.0,0.0,0.0
2019-02-22,7,0,52,23.8,23.8,0.0,420.521293,0.0
2019-02-22,7,0,53,37.82,37.82,0.0,668.240138,0.0
2019-02-22,7,0,55,45.06,45.06,0.0,795.407733,0.0
2019-02-22,7,0,56,0.0,0.0,0.0,0.0,0.0
2019-02-22,7,0,57,0.0,0.0,0.0,0.0,0.0
2019-02-22,7,0,58,0.0,0.0,0.0,0.0,0.0
2019-02-22,7,0,59,0.0,0.0,0.0,0.0,0.0
2019-02-22,7,0,63,140.17,140.17,0.0,3811.09895,0.0
2019-02-22,7,0,64,164.9,164.9,0.0,4483.485888,0.0
2019-02-22,7,0,65,1.04,1.04,0.0,16.448884,0.0
2019-02-22,7,0,67,0.0,0.0,0.0,0.0,0.0
2019-02-22,7,0,68,0.64,0.64,0.0,13.00609,0.0
2019-02-22,7,0,69,0.0,0.0,0.0,0.0,0.0
2019-02-22,7,0,74,4.7,4.7,0.0,74.862364,0.0
2019-02-22,7,0,77,70.95,70.95,0.0,1367.777443,0.0
2019-02-22,7,0,78,53.64,53.64,0.0,1034.074447,0.0
2019-02-22,7,0,79,31.04,31.04,0.0,598.390583,0.0
2019-02-22,7,0,80,50.2,50.2,0.0,967.757965,0.0
2019-02-22,7,0,81,65.63,65.63,0.0,1265.218232,0.0
2019-02-22,7,0,82,46.3,46.3,0.0,892.573582,0.0
2019-02-22,7,0,83,103.24,103.24,0.0,1990.265585,0.0
2019-02-22,7,0,84,0.0,0.0,0.0,0.0,0.0
2019-02-22,7,0,86,0.0,0.0,0.0,0.0,0.0
2019-02-22,7,0,87,0.0,0.0,0.0,0.0,0.0
2019-02-22,7,0,88,45.69,45.69,0.0,880.813973,0.0
2019-02-22,7,0,89,43.92,43.92,0.0,846.691829,0.0
2019-02-22,7,0,90,58.98,58.98,0.0,1137.019219,0.0
2019-02-22,7,0,91,210.38,210.38,0.0,4055.715553,0.0
2019-02-22,7,0,92,75.66,75.66,0.0,1458.577045,0.0
2019-02-22,7,0,95,27.25,27.25,0.0,752.198734,0.0
2019-02-22,7,0,96,2.97,2.97,0.0,52.528872,0.0
2019-02-22,7,0,97,18.25,18.25,0.0,322.778424,0.0
2019-02-22,7,0,99,0.91,0.91,0.0,14.494628,0.0
2019-02-22,7,0,101,0.0,0.0,0.0,0.0,0.0
2019-02-22,7,0,102,1.52,1.52,0.0,30.889463,0.0
2019-02-22,7,0,103,1.32,1.32,0.0,26.82506,0.0
2019-02-22,7,0,104,0.25,0.25,0.0,5.080504,0.0
2019-02-22,7,0,106,0.0,0.0,0.0,0.0,0.0
2019-02-22,7,0,109,91.33,91.33,0.0,1475.218991,0.0
2019-02-22,7,0,110,61.78,61.78,0.0,1537.295686,0.0
2019-02-22,7,0,111,0.0,0.0,0.0,0.0,0.0
2019-02-22,7,0,113,10.7,10.7,0.0,207.664348,0.0
2019-02-22,7,0,115,10.7,10.7,0.0,207.664348,0.0
2019-02-22,7,0,116,0.0,0.0,0.0,0.0,0.0
2019-02-22,7,0,117,0.44,0.44,0.0,8.539468,0.0
2019-02-22,7,0,119,164.9,164.9,0.0,4483.485888,0.0
2019-02-22,7,0,120,96.96,96.96,0.0,2636.257075,0.0
2019-02-22,7,0,123,0.0,0.0,0.0,0.0,0.0
2019-02-22,7,0,125,59.37,59.37,0.0,1048.010588,0.0
2019-02-22,7,0,126,0.0,0.0,0.0,0.0,0.0
2019-02-22,7,0,127,0.0,0.0,0.0,0.0,0.0
2019-02-22,7,0,128,85.03,85.03,0.0,1500.965812,0.0
2019-02-22,7,0,131,5.67,5.67,0.0,113.525516,0.0
2019-02-22,7,0,132,8.33,8.33,0.0,166.7844,0.0
2019-02-22,7,0,133,9.34,9.34,0.0,147.70028,0.0
2019-02-22,7,0,134,0.0,0.0,0.0,0.0,0.0
2019-02-22,7,0,135,12.51,12.51,0.0,197.829818,0.0
2019-02-22,7,0,136,1.62,1.62,0.0,25.622503,0.0
2019-02-22,7,0,139,67.39,67.39,0.0,1134.934193,0.0
2019-02-22,7,0,140,45.73,45.73,0.0,1137.917315,0.0
2019-02-22,7,0,141,45.51,45.51,0.0,975.955809,0.0
2019-02-22,7,0,142,0.0,0.0,0.0,0.0,0.0
2019-02-22,7,0,143,23.26,23.26,0.0,410.980053,0.0
2019-02-22,7,0,145,3.53,3.53,0.0,60.388736,0.0
2019-02-22,7,0,146,159.71,159.71,0.0,3974.125833,0.0
2019-02-22,7,0,152,0.0,0.0,0.0,0.0,0.0
2019-02-22,7,0,153,0.0,0.0,0.0,0.0,0.0
2019-02-22,7,0,154,0.0,0.0,0.0,0.0,0.0
2019-02-22,7,0,157,93.23,93.23,0.0,1999.304769,0.0
2019-02-22,7,0,158,0.0,0.0,0.0,0.0,0.0
2019-02-22,7,0,159,0.0,0.0,0.0,0.0,0.0
2019-02-22,7,0,160,0.0,0.0,0.0,0.0,0.0
2019-02-22,7,0,161,0.0,0.0,0.0,0.0,0.0
2019-02-22,7,0,162,39.45,39.45,0.0,1088.74583,0.0
2019-02-22,7,0,163,11.05,11.05,0.0,274.961433,0.0
2019-02-22,7,0,164,0.0,0.0,0.0,0.0,0.0
2019-02-22,7,0,167,0.0,0.0,0.0,0.0,0.0
2019-02-22,7,0,168,0.0,0.0,0.0,0.0,0.0
2019-02-22,7,0,169,0.0,0.0,0.0,0.0,0.0
2019-02-22,7,0,170,0.0,0.0,0.0,0.0,0.0
2019-02-22,7,0,172,0.0,0.0,0.0,0.0,0.0
2019-02-22,7,0,173,0.0,0.0,0.0,0.0,0.0
2019-02-22,7,0,188,0.0,0.0,0.0,0.0,0.0
2019-02-22,7,0,190,0.0,0.0,0.0,0.0,0.0
2019-02-22,7,0,191,0.0,0.0,0.0,0.0,0.0
2019-02-22,7,0,192,45.62,45.62,0.0,1240.367654,0.0
2019-02-22,7,0,194,120.0,120.0,0.0,2243.186263,0.0
2019-02-22,7,0,196,0.0,0.0,0.0,0.0,0.0
2019-02-22,7,0,198,0.0,0.0,0.0,0.0,0.0
2019-02-22,7,0,199,12.59,12.59,0.0,171.081586,0.0
2019-02-22,7,0,200,0.0,0.0,0.0,0.0,0.0
2019-02-22,7,0,204,428.75,428.75,0.0,6941.653627,0.0
2019-02-22,7,0,205,483.13,483.13,0.0,7803.81639,0.0
2019-02-22,7,0,206,53.62,53.62,0.0,948.349538,0.0
2019-02-22,7,0,210,0.0,0.0,0.0,0.0,0.0
2019-02-22,7,0,214,0.0,0.0,0.0,0.0,0.0
2019-02-22,7,0,217,0.0,0.0,0.0,0.0,0.0
2019-02-22,7,0,218,0.0,0.0,0.0,0.0,0.0
2019-02-22,7,0,219,0.0,0.0,0.0,0.0,0.0
2019-02-22,7,0,221,0.0,0.0,0.0,0.0,0.0
2019-02-22,7,0,225,0.0,0.0,0.0,0.0,0.0
2019-02-22,7,0,233,0.0,0.0,0.0,0.0,0.0
2019-02-22,7,0,236,6.56,6.56,0.0,103.896438,0.0
2019-02-22,7,0,237,11.28,11.28,0.0,179.669673,0.0
2019-02-22,7,0,238,0.0,0.0,0.0,0.0,0.0
2019-02-22,7,0,240,0.0,0.0,0.0,0.0,0.0
2019-02-22,7,0,245,11.04,11.04,0.0,174.493251,0.0
2019-02-22,7,0,247,5.28,5.28,0.0,83.453294,0.0
2019-02-22,7,0,248,1.13,1.13,0.0,17.998824,0.0
2019-02-22,7,0,249,21.23,21.23,0.0,335.551787,0.0
2019-02-22,7,0,251,8.91,8.91,0.0,140.956072,0.0
2019-02-22,7,0,252,6.73,6.73,0.0,106.443258,0.0
2019-02-22,7,0,254,0.0,0.0,0.0,0.0,0.0
2019-02-22,7,0,255,0.0,0.0,0.0,0.0,0.0
2019-02-22,7,0,258,0.0,0.0,0.0,0.0,0.0
2019-02-22,7,0,260,0.0,0.0,0.0,0.0,0.0
2019-02-22,7,0,265,0.0,0.0,0.0,0.0,0.0
2019-02-22,7,0,266,43.63,43.63,0.0,734.785263,0.0
2019-02-22,7,0,267,53.62,53.62,0.0,903.029699,0.0
2019-02-22,7,0,270,34.51,34.51,0.0,858.725706,0.0
2019-02-22,7,0,272,38.08,38.08,0.0,739.052183,0.0
2019-02-22,7,0,273,0.0,0.0,0.0,0.0,0.0
2019-02-22,7,0,274,44.48,44.48,0.0,1106.81308,0.0
2019-02-22,7,0,275,61.92,61.92,0.0,1540.77936,0.0
2019-02-22,7,0,276,0.0,0.0,0.0,0.0,0.0
2019-02-22,7,0,277,0.0,0.0,0.0,0.0,0.0
2019-02-22,7,0,278,0.0,0.0,0.0,0.0,0.0
2019-02-22,7,0,279,13.33,13.33,0.0,258.013209,0.0
2019-02-22,7,0,281,10.07,10.07,0.0,177.926446,0.0
2019-02-22,7,0,282,0.0,0.0,0.0,0.0,0.0
2019-02-22,8,0,9,0.0,0.0,0.0,0.0,0.0
2019-02-22,8,0,17,0.0,0.0,0.0,0.0,0.0
2019-02-22,8,0,19,80.43,80.43,0.0,2326.924049,0.0
2019-02-22,8,0,20,100.1,100.1,0.0,2895.997729,0.0
2019-02-22,8,0,21,0.0,0.0,0.0,0.0,0.0
2019-02-22,8,0,22,0.0,0.0,0.0,0.0,0.0
2019-02-22,8,0,23,31.83,31.83,0.0,972.879006,0.0
2019-02-22,8,0,24,56.32,56.32,0.0,1721.412052,0.0
2019-02-22,8,0,29,0.07,0.07,0.0,0.877587,0.0
2019-02-22,8,0,30,0.0,0.0,0.0,0.0,0.0
2019-02-22,8,0,31,7.02,7.02,0.0,214.717421,0.0
2019-02-22,8,0,32,0.0,0.0,0.0,0.0,0.0
2019-02-22,8,0,33,0.0,0.0,0.0,0.0,0.0
2019-02-22,8,0,34,0.0,0.0,0.0,0.0,0.0
2019-02-22,8,0,35,0.0,0.0,0.0,0.0,0.0
2019-02-22,8,0,36,0.0,0.0,0.0,0.0,0.0
2019-02-22,8,0,37,0.0,0.0,0.0,0.0,0.0
2019-02-22,8,0,38,0.0,0.0,0.0,0.0,0.0
2019-02-22,8,0,39,0.0,0.0,0.0,0.0,0.0
2019-02-22,8,0,40,0.0,0.0,0.0,0.0,0.0
2019-02-22,8,0,41,18.17,18.17,0.0,537.362025,0.0
2019-02-22,8,0,42,0.0,0.0,0.0,0.0,0.0
2019-02-22,8,0,43,0.0,0.0,0.0,0.0,0.0
2019-02-22,8,0,46,0.0,0.0,0.0,0.0,0.0
2019-02-22,8,0,52,7.44,7.44,0.0,227.563762,0.0
2019-02-22,8,0,53,11.83,11.83,0.0,361.838617,0.0
2019-02-22,8,0,55,42.87,42.87,0.0,1310.314891,0.0
2019-02-22,8,0,56,0.0,0.0,0.0,0.0,0.0
2019-02-22,8,0,57,0.0,0.0,0.0,0.0,0.0
2019-02-22,8,0,58,0.0,0.0,0.0,0.0,0.0
2019-02-22,8,0,59,0.0,0.0,0.0,0.0,0.0
2019-02-22,8,0,63,17.74,17.74,0.0,617.499926,0.0
2019-02-22,8,0,64,20.85,20.85,0.0,725.753859,0.0
2019-02-22,8,0,65,1.04,1.04,0.0,30.075592,0.0
2019-02-22,8,0,67,0.0,0.0,0.0,0.0,0.0
2019-02-22,8,0,68,0.4,0.4,0.0,13.218286,0.0
2019-02-22,8,0,69,0.0,0.0,0.0,0.0,0.0
2019-02-22,8,0,74,6.72,6.72,0.0,192.705547,0.0
2019-02-22,8,0,77,31.88,31.88,0.0,1041.821262,0.0
2019-02-22,8,0,78,24.07,24.07,0.0,786.59466,0.0
2019-02-22,8,0,79,13.88,13.88,0.0,453.590938,0.0
2019-02-22,8,0,80,22.52,22.52,0.0,735.941494,0.0
2019-02-22,8,0,81,29.48,29.48,0.0,963.390552,0.0
2019-02-22,8,0,82,20.76,20.76,0.0,678.42564,0.0
2019-02-22,8,0,83,46.44,46.44,0.0,1517.634235,0.0
2019-02-22,8,0,84,0.0,0.0,0.0,0.0,0.0
2019-02-22,8,0,86,0.0,0.0,0.0,0.0,0.0
2019-02-22,8,0,87,0.0,0.0,0.0,0.0,0.0
2019-02-22,8,0,88,18.84,18.84,0.0,615.681072,0.0
2019-02-22,8,0,89,18.18,18.18,0.0,594.112627,0.0
2019-02-22,8,0,90,23.72,23.72,0.0,775.156849,0.0
2019-02-22,8,0,91,74.36,74.36,0.0,2430.044825,0.0
2019-02-22,8,0,92,29.75,29.75,0.0,972.214007,0.0
2019-02-22,8,0,95,24.98,24.98,0.0,885.067184,0.0
2019-02-22,8,0,96,2.37,2.37,0.0,72.543775,0.0
2019-02-22,8,0,97,14.6,14.6,0.0,446.894139,0.0
2019-02-22,8,0,99,1.3,1.3,0.0,37.279347,0.0
2019-02-22,8,0,101,0.0,0.0,0.0,0.0,0.0
2019-02-22,8,0,102,0.94,0.94,0.0,31.062971,0.0
2019-02-22,8,0,103,0.81,0.81,0.0,26.767028,0.0
2019-02-22,8,0,104,0.15,0.15,0.0,4.956857,0.0
2019-02-22,8,0,106,0.0,0.0,0.0,0.0,0.0
2019-02-22,8,0,109,55.31,55.31,0.0,1580.799875,0.0
2019-02-22,8,0,110,66.01,66.01,0.0,2253.586482,0.0
2019-02-22,8,0,111,0.0,0.0,0.0,0.0,0.0
2019-02-22,8,0,113,7.27,7.27,0.0,240.570615,0.0
2019-02-22,8,0,115,7.27,7.27,0.0,240.570615,0.0
2019-02-22,8,0,116,0.0,0.0,0.0,0.0,0.0
2019-02-22,8,0,117,0.38,0.38,0.0,12.57453,0.0
2019-02-22,8,0,119,20.85,20.85,0.0,725.753859,0.0
2019-02-22,8,0,120,12.3,12.3,0.0,428.142564,0.0
2019-02-22,8,0,123,0.0,0.0,0.0,0.0,0.0
2019-02-22,8,0,125,50.97,50.97,0.0,1557.890133,0.0
2019-02-22,8,0,126,0.0,0.0,0.0,0.0,0.0
2019-02-22,8,0,127,0.0,0.0,0.0,0.0,0.0
2019-02-22,8,0,128,73.0,73.0,0.0,2231.233661,0.0
2019-02-22,8,0,131,3.54,3.54,0.0,116.727136,0.0
2019-02-22,8,0,132,5.21,5.21,0.0,171.793328,0.0
2019-02-22,8,0,133,6.47,6.47,0.0,187.191311,0.0
2019-02-22,8,0,134,0.0,0.0,0.0,0.0,0.0
2019-02-22,8,0,135,8.67,8.67,0.0,250.842143,0.0
2019-02-22,8,0,136,1.65,1.65,0.0,47.714977,0.0
2019-02-22,8,0,139,23.46,23.46,0.0,693.809197,0.0
2019-02-22,8,0,140,48.85,48.85,0.0,1667.742761,0.0
2019-02-22,8,0,141,47.68,47.68,0.0,1588.464338,0.0
2019-02-22,8,0,142,0.0,0.0,0.0,0.0,0.0
2019-02-22,8,0,143,8.34,8.34,0.0,255.091637,0.0
2019-02-22,8,0,145,2.31,2.31,0.0,68.941017,0.0
2019-02-22,8,0,146,205.96,205.96,0.0,7031.490256,0.0
2019-02-22,8,0,152,0.0,0.0,0.0,0.0,0.0
2019-02-22,8,0,153,0.0,0.0,0.0,0.0,0.0
2019-02-22,8,0,154,0.0,0.0,0.0,0.0,0.0
2019-02-22,8,0,157,101.18,101.18,0.0,3370.822604,0.0
2019-02-22,8,0,158,0.0,0.0,0.0,0.0,0.0
2019-02-22,8,0,159,0.0,0.0,0.0,0.0,0.0
2019-02-22,8,0,160,0.0,0.0,0.0,0.0,0.0
2019-02-22,8,0,161,0.0,0.0,0.0,0.0,0.0
2019-02-22,8,0,162,29.82,29.82,0.0,1056.216932,0.0
2019-02-22,8,0,163,7.09,7.09,0.0,242.053146,0.0
2019-02-22,8,0,164,0.0,0.0,0.0,0.0,0.0
2019-02-22,8,0,167,0.0,0.0,0.0,0.0,0.0
2019-02-22,8,0,168,0.0,0.0,0.0,0.0,0.0
2019-02-22,8,0,169,0.0,0.0,0.0,0.0,0.0
2019-02-22,8,0,170,0.0,0.0,0.0,0.0,0.0
2019-02-22,8,0,172,0.0,0.0,0.0,0.0,0.0
2019-02-22,8,0,173,0.0,0.0,0.0,0.0,0.0
2019-02-22,8,0,188,0.0,0.0,0.0,0.0,0.0
2019-02-22,8,0,190,0.0,0.0,0.0,0.0,0.0
2019-02-22,8,0,191,0.0,0.0,0.0,0.0,0.0
2019-02-22,8,0,192,26.14,26.14,0.0,909.88997,0.0
2019-02-22,8,0,194,43.53,43.53,0.0,1448.425461,0.0
2019-02-22,8,0,196,0.0,0.0,0.0,0.0,0.0
2019-02-22,8,0,198,0.0,0.0,0.0,0.0,0.0
2019-02-22,8,0,199,11.37,11.37,0.0,243.356952,0.0
2019-02-22,8,0,200,0.0,0.0,0.0,0.0,0.0
2019-02-22,8,0,204,257.69,257.69,0.0,7370.848399,0.0
2019-02-22,8,0,205,292.58,292.58,0.0,8362.148389,0.0
2019-02-22,8,0,206,42.9,42.9,0.0,1313.134148,0.0
2019-02-22,8,0,210,0.01,0.01,0.0,0.130867,0.0
2019-02-22,8,0,214,0.0,0.0,0.0,0.0,0.0
2019-02-22,8,0,217,0.0,0.0,0.0,0.0,0.0
2019-02-22,8,0,218,0.0,0.0,0.0,0.0,0.0
2019-02-22,8,0,219,0.0,0.0,0.0,0.0,0.0
2019-02-22,8,0,221,0.0,0.0,0.0,0.0,0.0
2019-02-22,8,0,225,0.03,0.03,0.0,0.374516,0.0
2019-02-22,8,0,233,0.0,0.0,0.0,0.0,0.0
2019-02-22,8,0,236,7.74,7.74,0.0,222.512724,0.0
2019-02-22,8,0,237,16.12,16.12,0.0,462.263902,0.0
2019-02-22,8,0,238,0.0,0.0,0.0,0.0,0.0
2019-02-22,8,0,240,0.0,0.0,0.0,0.0,0.0
2019-02-22,8,0,245,7.47,7.47,0.0,216.450267,0.0
2019-02-22,8,0,247,4.49,4.49,0.0,130.101968,0.0
2019-02-22,8,0,248,1.62,1.62,0.0,46.455802,0.0
2019-02-22,8,0,249,14.36,14.36,0.0,416.094489,0.0
2019-02-22,8,0,251,9.66,9.66,0.0,279.162352,0.0
2019-02-22,8,0,252,6.68,6.68,0.0,193.177838,0.0
2019-02-22,8,0,254,0.0,0.0,0.0,0.0,0.0
2019-02-22,8,0,255,0.0,0.0,0.0,0.0,0.0
2019-02-22,8,0,258,0.0,0.0,0.0,0.0,0.0
2019-02-22,8,0,260,0.0,0.0,0.0,0.0,0.0
2019-02-22,8,0,265,0.0,0.0,0.0,0.0,0.0
2019-02-22,8,0,266,15.19,15.19,0.0,449.231104,0.0
2019-02-22,8,0,267,18.67,18.67,0.0,552.149092,0.0
2019-02-22,8,0,270,22.13,22.13,0.0,755.519904,0.0
2019-02-22,8,0,272,25.18,25.18,0.0,833.228072,0.0
2019-02-22,8,0,273,0.0,0.0,0.0,0.0,0.0
2019-02-22,8,0,274,28.53,28.53,0.0,974.016396,0.0
2019-02-22,8,0,275,39.72,39.72,0.0,1356.043858,0.0
2019-02-22,8,0,276,0.0,0.0,0.0,0.0,0.0
2019-02-22,8,0,277,0.0,0.0,0.0,0.0,0.0
2019-02-22,8,0,278,0.0,0.0,0.0,0.0,0.0
2019-02-22,8,0,279,0.0,0.0,0.0,0.0,0.0
2019-02-22,8,0,281,3.15,3.15,0.0,96.347561,0.0
2019-02-22,8,0,282,0.0,0.0,0.0,0.0,0.0
2019-02-22,9,0,9,0.55,0.55,0.0,16.760283,0.0
2019-02-22,9,0,17,6.66,6.66,0.0,191.216586,0.0
2019-02-22,9,0,19,41.2,41.2,0.0,1182.901403,0.0
2019-02-22,9,0,20,51.16,51.16,0.0,1468.864946,0.0
2019-02-22,9,0,21,12.51,12.51,0.0,381.220254,0.0
2019-02-22,9,0,22,44.45,44.45,0.0,1354.535594,0.0
2019-02-22,9,0,23,29.05,29.05,0.0,885.247671,0.0
2019-02-22,9,0,24,51.41,51.41,0.0,1566.629356,0.0
2019-02-22,9,0,29,2.31,2.31,0.0,28.960365,0.0
2019-02-22,9,0,30,97.34,97.34,0.0,2968.437884,0.0
2019-02-22,9,0,31,6.94,6.94,0.0,211.639192,0.0
2019-02-22,9,0,32,0.82,0.82,0.0,29.024737,0.0
2019-02-22,9,0,33,0.35,0.35,0.0,10.143905,0.0
2019-02-22,9,0,34,0.56,0.56,0.0,16.230249,0.0
2019-02-22,9,0,35,0.56,0.56,0.0,16.230249,0.0
2019-02-22,9,0,36,1.74,1.74,0.0,48.031083,0.0
2019-02-22,9,0,37,0.76,0.76,0.0,20.890601,0.0
2019-02-22,9,0,38,0.97,0.97,0.0,26.663003,0.0
2019-02-22,9,0,39,0.65,0.65,0.0,17.866961,0.0
2019-02-22,9,0,40,0.65,0.65,0.0,17.866961,0.0
2019-02-22,9,0,41,15.54,15.54,0.0,457.60969,0.0
2019-02-22,9,0,42,8.81,8.81,0.0,252.427395,0.0
2019-02-22,9,0,43,5.58,5.58,0.0,150.170644,0.0
2019-02-22,9,0,46,6.44,6.44,0.0,177.894632,0.0
2019-02-22,9,0,52,7.37,7.37,0.0,224.752283,0.0
2019-02-22,9,0,53,11.77,11.77,0.0,358.93275,0.0
2019-02-22,9,0,55,42.19,42.19,0.0,1285.666067,0.0
2019-02-22,9,0,56,28.71,28.71,0.0,875.527549,0.0
2019-02-22,9,0,57,27.31,27.31,0.0,832.833764,0.0
2019-02-22,9,0,58,52.52,52.52,0.0,1601.626851,0.0
2019-02-22,9,0,59,51.65,51.65,0.0,1575.095713,0.0
2019-02-22,9,0,63,0.0,0.0,0.0,0.0,0.0
2019-02-22,9,0,64,0.0,0.0,0.0,0.0,0.0
2019-02-22,9,0,65,1.41,1.41,0.0,40.467382,0.0
2019-02-22,9,0,67,54.48,54.48,0.0,1813.94579,0.0
2019-02-22,9,0,68,0.55,0.55,0.0,18.162228,0.0
2019-02-22,9,0,69,0.35,0.35,0.0,10.143905,0.0
2019-02-22,9,0,74,9.93,9.93,0.0,282.93129,0.0
2019-02-22,9,0,77,7.26,7.26,0.0,237.028663,0.0
2019-02-22,9,0,78,5.49,5.49,0.0,179.240683,0.0
2019-02-22,9,0,79,3.18,3.18,0.0,103.822472,0.0
2019-02-22,9,0,80,5.14,5.14,0.0,167.813682,0.0
2019-02-22,9,0,81,6.72,6.72,0.0,219.398432,0.0
2019-02-22,9,0,82,4.74,4.74,0.0,154.754251,0.0
2019-02-22,9,0,83,10.57,10.57,0.0,345.095451,0.0
2019-02-22,9,0,84,0.0,0.0,0.0,0.0,0.0
2019-02-22,9,0,86,1.78,1.78,0.0,51.589005,0.0
2019-02-22,9,0,87,9.1,9.1,0.0,263.741543,0.0
2019-02-22,9,0,88,12.05,12.05,0.0,393.415343,0.0
2019-02-22,9,0,89,11.51,11.51,0.0,375.785112,0.0
2019-02-22,9,0,90,16.16,16.16,0.0,527.600992,0.0
2019-02-22,9,0,91,60.72,60.72,0.0,1982.421548,0.0
2019-02-22,9,0,92,21.36,21.36,0.0,697.373588,0.0
2019-02-22,9,0,95,23.23,23.23,0.0,823.181095,0.0
2019-02-22,9,0,96,1.91,1.91,0.0,58.291073,0.0
2019-02-22,9,0,97,11.77,11.77,0.0,359.207293,0.0
2019-02-22,9,0,99,1.92,1.92,0.0,54.705748,0.0
2019-02-22,9,0,101,1.96,1.96,0.0,59.771299,0.0
2019-02-22,9,0,102,1.3,1.3,0.0,42.928903,0.0
2019-02-22,9,0,103,1.13,1.13,0.0,37.315123,0.0
2019-02-22,9,0,104,0.21,0.21,0.0,6.934669,0.0
2019-02-22,9,0,106,43.75,43.75,0.0,1333.204324,0.0
2019-02-22,9,0,109,29.89,29.89,0.0,849.945407,0.0
2019-02-22,9,0,110,71.52,71.52,0.0,2441.181323,0.0
2019-02-22,9,0,111,3.42,3.42,0.0,100.709468,0.0
2019-02-22,9,0,113,0.0,0.0,0.0,0.0,0.0
2019-02-22,9,0,115,0.0,0.0,0.0,0.0,0.0
2019-02-22,9,0,116,21.19,21.19,0.0,723.275059,0.0
2019-02-22,9,0,117,0.0,0.0,0.0,0.0,0.0
2019-02-22,9,0,119,0.0,0.0,0.0,0.0,0.0
2019-02-22,9,0,120,0.0,0.0,0.0,0.0,0.0
2019-02-22,9,0,123,0.73,0.73,0.0,22.245466,0.0
2019-02-22,9,0,125,46.52,46.52,0.0,1417.615204,0.0
2019-02-22,9,0,126,32.81,32.81,0.0,999.82706,0.0
2019-02-22,9,0,127,42.11,42.11,0.0,1283.228208,0.0
2019-02-22,9,0,128,66.63,66.63,0.0,2030.432094,0.0
2019-02-22,9,0,131,2.17,2.17,0.0,71.499803,0.0
2019-02-22,9,0,132,3.19,3.19,0.0,105.108005,0.0
2019-02-22,9,0,133,4.33,4.33,0.0,124.32395,0.0
2019-02-22,9,0,134,0.0,0.0,0.0,0.0,0.0
2019-02-22,9,0,135,5.8,5.8,0.0,166.530926,0.0
2019-02-22,9,0,136,2.05,2.05,0.0,58.834326,0.0
2019-02-22,9,0,139,20.07,20.07,0.0,591.005565,0.0
2019-02-22,9,0,140,52.94,52.94,0.0,1806.992998,0.0
2019-02-22,9,0,141,54.82,54.82,0.0,1825.266303,0.0
2019-02-22,9,0,142,71.85,71.85,0.0,2392.290841,0.0
2019-02-22,9,0,143,13.92,13.92,0.0,424.498206,0.0
2019-02-22,9,0,145,1.43,1.43,0.0,42.518981,0.0
2019-02-22,9,0,146,261.7,261.7,0.0,8932.566447,0.0
2019-02-22,9,0,152,1.1,1.1,0.0,31.173719,0.0
2019-02-22,9,0,153,1.35,1.35,0.0,38.234335,0.0
2019-02-22,9,0,154,14.1,14.1,0.0,415.205703,0.0
2019-02-22,9,0,157,109.85,109.85,0.0,3657.524688,0.0
2019-02-22,9,0,158,37.78,37.78,0.0,1257.90881,0.0
2019-02-22,9,0,159,0.0,0.0,0.0,0.0,0.0
2019-02-22,9,0,160,0.48,0.48,0.0,12.204201,0.0
2019-02-22,9,0,161,11.45,11.45,0.0,378.104569,0.0
2019-02-22,9,0,162,21.82,21.82,0.0,772.968044,0.0
2019-02-22,9,0,163,6.71,6.71,0.0,229.031413,0.0
2019-02-22,9,0,164,3.43,3.43,0.0,104.599773,0.0
2019-02-22,9,0,167,0.95,0.95,0.0,33.675502,0.0
2019-02-22,9,0,168,0.48,0.48,0.0,17.01499,0.0
2019-02-22,9,0,169,0.0,0.0,0.0,0.0,0.0
2019-02-22,9,0,170,1.04,1.04,0.0,36.865812,0.0
2019-02-22,9,0,172,1.45,1.45,0.0,53.25735,0.0
2019-02-22,9,0,173,2.21,2.21,0.0,81.171548,0.0
2019-02-22,9,0,188,1.73,1.73,0.0,61.653054,0.0
2019-02-22,9,0,190,1.56,1.56,0.0,54.301008,0.0
2019-02-22,9,0,191,4.03,4.03,0.0,140.277604,0.0
2019-02-22,9,0,192,14.07,14.07,0.0,489.753324,0.0
2019-02-22,9,0,194,6.84,6.84,0.0,227.529975,0.0
2019-02-22,9,0,196,1.32,1.32,0.0,45.41723,0.0
2019-02-22,9,0,198,1.87,1.87,0.0,41.156692,0.0
2019-02-22,9,0,199,10.98,10.98,0.0,235.005506,0.0
2019-02-22,9,0,200,3.86,3.86,0.0,82.615779,0.0
2019-02-22,9,0,204,81.95,81.95,0.0,2332.468304,0.0
2019-02-22,9,0,205,168.33,168.33,0.0,4786.594523,0.0
2019-02-22,9,0,206,34.59,34.59,0.0,1055.648279,0.0
2019-02-22,9,0,210,0.6,0.6,0.0,7.845234,0.0
2019-02-22,9,0,214,2.43,2.43,0.0,70.826687,0.0
2019-02-22,9,0,217,1.77,1.77,0.0,39.065133,0.0
2019-02-22,9,0,218,2.45,2.45,0.0,54.073206,0.0
2019-02-22,9,0,219,1.67,1.67,0.0,36.858063,0.0
2019-02-22,9,0,221,1.3,1.3,0.0,37.89082,0.0
2019-02-22,9,0,225,1.7,1.7,0.0,21.224425,0.0
2019-02-22,9,0,233,1.01,1.01,0.0,29.272413,0.0
2019-02-22,9,0,236,9.28,9.28,0.0,264.909538,0.0
2019-02-22,9,0,237,23.81,23.81,0.0,678.408259,0.0
2019-02-22,9,0,238,11.46,11.46,0.0,328.35618,0.0
2019-02-22,9,0,240,1.97,1.97,0.0,54.380019,0.0
2019-02-22,9,0,245,5.71,5.71,0.0,164.170404,0.0
2019-02-22,9,0,247,6.09,6.09,0.0,175.09593,0.0
2019-02-22,9,0,248,2.39,2.39,0.0,68.097259,0.0
2019-02-22,9,0,249,10.99,10.99,0.0,315.977712,0.0
2019-02-22,9,0,251,13.14,13.14,0.0,376.885809,0.0
2019-02-22,9,0,252,9.11,9.11,0.0,261.459471,0.0
2019-02-22,9,0,254,2.26,2.26,0.0,59.97857,0.0
2019-02-22,9,0,255,1.04,1.04,0.0,27.600758,0.0
2019-02-22,9,0,258,2.53,2.53,0.0,69.555631,0.0
2019-02-22,9,0,260,1.17,1.17,0.0,29.74774,0.0
2019-02-22,9,0,265,14.6,14.6,0.0,429.92931,0.0
2019-02-22,9,0,266,13.0,13.0,0.0,382.813769,0.0
2019-02-22,9,0,267,15.97,15.97,0.0,470.271992,0.0
2019-02-22,9,0,270,20.97,20.97,0.0,715.765833,0.0
2019-02-22,9,0,272,0.0,0.0,0.0,0.0,0.0
2019-02-22,9,0,273,5.07,5.07,0.0,173.053542,0.0
2019-02-22,9,0,274,27.03,27.03,0.0,922.610894,0.0
2019-02-22,9,0,275,37.63,37.63,0.0,1284.419088,0.0
2019-02-22,9,0,276,1.28,1.28,0.0,43.450771,0.0
2019-02-22,9,0,277,1.69,1.69,0.0,55.605346,0.0
2019-02-22,9,0,278,2.7,2.7,0.0,88.836943,0.0
2019-02-22,9,0,279,0.0,0.0,0.0,0.0,0.0
2019-02-22,9,0,281,3.09,3.09,0.0,94.231283,0.0
2019-02-22,9,0,282,53.4,53.4,0.0,1628.462944,0.0
2019-02-22,10,0,9,1.73,1.73,0.0,19.881465,0.0
2019-02-22,10,0,17,14.07,14.07,0.0,208.521002,0.0
2019-02-22,10,0,19,19.14,19.14,0.0,283.659699,0.0
2019-02-22,10,0,20,23.71,23.71,0.0,351.388269,0.0
2019-02-22,10,0,21,39.54,39.54,0.0,454.400662,0.0
2019-02-22,10,0,22,140.54,140.54,0.0,1615.110497,0.0
2019-02-22,10,0,23,28.51,28.51,0.0,327.641954,0.0
2019-02-22,10,0,24,50.44,50.44,0.0,579.665387,0.0
2019-02-22,10,0,29,4.29,4.29,0.0,33.563628,0.0
2019-02-22,10,0,30,319.0,319.0,0.0,3661.091556,0.0
2019-02-22,10,0,31,10.8,10.8,0.0,123.949181,0.0
2019-02-22,10,0,32,2.22,2.22,0.0,60.451717,0.0
2019-02-22,10,0,33,0.56,0.56,0.0,8.79407,0.0
2019-02-22,10,0,34,0.9,0.9,0.0,14.133327,0.0
2019-02-22,10,0,35,0.9,0.9,0.0,14.133327,0.0
2019-02-22,10,0,36,3.39,3.39,0.0,44.491327,0.0
2019-02-22,10,0,37,1.55,1.55,0.0,20.232516,0.0
2019-02-22,10,0,38,1.99,1.99,0.0,25.975939,0.0
2019-02-22,10,0,39,1.33,1.33,0.0,17.360804,0.0
2019-02-22,10,0,40,1.33,1.33,0.0,17.360804,0.0
2019-02-22,10,0,41,13.26,13.26,0.0,163.949376,0.0
2019-02-22,10,0,42,22.92,22.92,0.0,335.291112,0.0
2019-02-22,10,0,43,9.76,9.76,0.0,126.642749,0.0
2019-02-22,10,0,46,8.46,8.46,0.0,108.614043,0.0
2019-02-22,10,0,52,11.46,11.46,0.0,131.523853,0.0
2019-02-22,10,0,53,18.27,18.27,0.0,209.680698,0.0
2019-02-22,10,0,55,42.71,42.71,0.0,490.830862,0.0
2019-02-22,10,0,56,94.09,94.09,0.0,1079.849857,0.0
2019-02-22,10,0,57,89.5,89.5,0.0,1027.171455,0.0
2019-02-22,10,0,58,172.12,172.12,0.0,1975.382692,0.0
2019-02-22,10,0,59,169.25,169.25,0.0,1942.444344,0.0
2019-02-22,10,0,63,1.12,1.12,0.0,30.451814,0.0
2019-02-22,10,0,64,1.32,1.32,0.0,35.889638,0.0
2019-02-22,10,0,65,2.31,2.31,0.0,34.152617,0.0
2019-02-22,10,0,67,183.26,183.26,0.0,2627.962476,0.0
2019-02-22,10,0,68,1.01,1.01,0.0,12.052127,0.0
2019-02-22,10,0,69,0.56,0.56,0.0,8.79407,0.0
2019-02-22,10,0,74,24.11,24.11,0.0,333.373589,0.0
2019-02-22,10,0,77,3.67,3.67,0.0,36.798864,0.0
2019-02-22,10,0,78,2.77,2.77,0.0,27.774619,0.0
2019-02-22,10,0,79,1.6,1.6,0.0,16.043101,0.0
2019-02-22,10,0,80,2.59,2.59,0.0,25.96977,0.0
2019-02-22,10,0,81,3.39,3.39,0.0,33.991321,0.0
2019-02-22,10,0,82,2.39,2.39,0.0,23.964383,0.0
2019-02-22,10,0,83,5.33,5.33,0.0,53.443582,0.0
2019-02-22,10,0,84,0.0,0.0,0.0,0.0,0.0
2019-02-22,10,0,86,2.84,2.84,0.0,44.598498,0.0
2019-02-22,10,0,87,14.49,14.49,0.0,227.546562,0.0
2019-02-22,10,0,88,3.37,3.37,0.0,33.790782,0.0
2019-02-22,10,0,89,3.22,3.22,0.0,32.286742,0.0
2019-02-22,10,0,90,4.48,4.48,0.0,44.920684,0.0
2019-02-22,10,0,91,16.58,16.58,0.0,166.246639,0.0
2019-02-22,10,0,92,5.88,5.88,0.0,58.958398,0.0
2019-02-22,10,0,95,53.4,53.4,0.0,1449.925926,0.0
2019-02-22,10,0,96,1.54,1.54,0.0,17.649449,0.0
2019-02-22,10,0,97,9.49,9.49,0.0,108.761862,0.0
2019-02-22,10,0,99,4.96,4.96,0.0,68.58287,0.0
2019-02-22,10,0,101,6.43,6.43,0.0,73.79567,0.0
2019-02-22,10,0,102,2.39,2.39,0.0,28.519389,0.0
2019-02-22,10,0,103,2.08,2.08,0.0,24.820222,0.0
2019-02-22,10,0,104,0.39,0.39,0.0,4.653792,0.0
2019-02-22,10,0,106,138.35,138.35,0.0,1589.94263,0.0
2019-02-22,10,0,109,15.75,15.75,0.0,201.113031,0.0
2019-02-22,10,0,110,78.17,78.17,0.0,1697.221371,0.0
2019-02-22,10,0,111,10.3,10.3,0.0,127.351325,0.0
2019-02-22,10,0,113,0.0,0.0,0.0,0.0,0.0
2019-02-22,10,0,115,0.0,0.0,0.0,0.0,0.0
2019-02-22,10,0,116,51.11,51.11,0.0,1109.696614,0.0
2019-02-22,10,0,117,0.0,0.0,0.0,0.0,0.0
2019-02-22,10,0,119,1.32,1.32,0.0,35.889638,0.0
2019-02-22,10,0,120,0.78,0.78,0.0,21.207514,0.0
2019-02-22,10,0,123,2.31,2.31,0.0,26.546928,0.0
2019-02-22,10,0,125,45.65,45.65,0.0,524.617861,0.0
2019-02-22,10,0,126,103.76,103.76,0.0,1192.428242,0.0
2019-02-22,10,0,127,133.16,133.16,0.0,1530.298234,0.0
2019-02-22,10,0,128,65.38,65.38,0.0,751.358505,0.0
2019-02-22,10,0,131,1.78,1.78,0.0,20.096002,0.0
2019-02-22,10,0,132,2.87,2.87,0.0,32.401981,0.0
2019-02-22,10,0,133,2.83,2.83,0.0,41.950809,0.0
2019-02-22,10,0,134,0.0,0.0,0.0,0.0,0.0
2019-02-22,10,0,135,3.79,3.79,0.0,56.181472,0.0
2019-02-22,10,0,136,2.9,2.9,0.0,42.869917,0.0
2019-02-22,10,0,139,17.13,17.13,0.0,211.798854,0.0
2019-02-22,10,0,140,57.85,57.85,0.0,1256.035005,0.0
2019-02-22,10,0,141,67.65,67.65,0.0,970.106196,0.0
2019-02-22,10,0,142,241.68,241.68,0.0,3465.709763,0.0
2019-02-22,10,0,143,22.13,22.13,0.0,253.981054,0.0
2019-02-22,10,0,145,1.56,1.56,0.0,18.654115,0.0
2019-02-22,10,0,146,268.0,268.0,0.0,5818.796565,0.0
2019-02-22,10,0,152,2.71,2.71,0.0,37.354281,0.0
2019-02-22,10,0,153,3.25,3.25,0.0,44.643672,0.0
2019-02-22,10,0,154,42.48,42.48,0.0,525.231484,0.0
2019-02-22,10,0,157,119.09,119.09,0.0,1707.759747,0.0
2019-02-22,10,0,158,156.93,156.93,0.0,2250.388253,0.0
2019-02-22,10,0,159,0.0,0.0,0.0,0.0,0.0
2019-02-22,10,0,160,0.77,0.77,0.0,9.919351,0.0
2019-02-22,10,0,161,34.9,34.9,0.0,416.454679,0.0
2019-02-22,10,0,162,29.01,29.01,0.0,787.850032,0.0
2019-02-22,10,0,163,5.49,5.49,0.0,119.198482,0.0
2019-02-22,10,0,164,11.93,11.93,0.0,136.917938,0.0
2019-02-22,10,0,167,2.61,2.61,0.0,70.885326,0.0
2019-02-22,10,0,168,1.31,1.31,0.0,35.578459,0.0
2019-02-22,10,0,169,0.0,0.0,0.0,0.0,0.0
2019-02-22,10,0,170,2.86,2.86,0.0,77.675109,0.0
2019-02-22,10,0,172,3.25,3.25,0.0,85.712142,0.0
2019-02-22,10,0,173,4.95,4.95,0.0,130.546186,0.0
2019-02-22,10,0,188,4.49,4.49,0.0,120.065389,0.0
2019-02-22,10,0,190,3.65,3.65,0.0,99.240288,0.0
2019-02-22,10,0,191,9.42,9.42,0.0,256.12151,0.0
2019-02-22,10,0,192,7.45,7.45,0.0,202.558944,0.0
2019-02-22,10,0,194,0.0,0.0,0.0,0.0,0.0
2019-02-22,10,0,196,2.89,2.89,0.0,73.257425,0.0
2019-02-22,10,0,198,2.77,2.77,0.0,33.983628,0.0
2019-02-22,10,0,199,11.36,11.36,0.0,106.377828,0.0
2019-02-22,10,0,200,5.43,5.43,0.0,50.847853,0.0
2019-02-22,10,0,204,23.99,23.99,0.0,304.115807,0.0
2019-02-22,10,0,205,93.04,93.04,0.0,1188.035329,0.0
2019-02-22,10,0,206,27.9,27.9,0.0,319.752999,0.0
2019-02-22,10,0,210,1.21,1.21,0.0,9.941911,0.0
2019-02-22,10,0,214,5.05,5.05,0.0,81.951598,0.0
2019-02-22,10,0,217,4.3,4.3,0.0,54.743265,0.0
2019-02-22,10,0,218,5.94,5.94,0.0,75.622092,0.0
2019-02-22,10,0,219,4.05,4.05,0.0,51.560517,0.0
2019-02-22,10,0,221,2.7,2.7,0.0,43.815706,0.0
2019-02-22,10,0,225,3.86,3.86,0.0,30.05303,0.0
2019-02-22,10,0,233,1.61,1.61,0.0,25.282951,0.0
2019-02-22,10,0,236,11.21,11.21,0.0,160.603257,0.0
2019-02-22,10,0,237,56.33,56.33,0.0,778.885702,0.0
2019-02-22,10,0,238,29.84,29.84,0.0,436.52211,0.0
2019-02-22,10,0,240,3.84,3.84,0.0,50.397255,0.0
2019-02-22,10,0,245,5.4,5.4,0.0,80.735773,0.0
2019-02-22,10,0,247,10.77,10.77,0.0,161.023015,0.0
2019-02-22,10,0,248,6.15,6.15,0.0,85.037228,0.0
2019-02-22,10,0,249,10.38,10.38,0.0,155.192098,0.0
2019-02-22,10,0,251,19.74,19.74,0.0,290.696717,0.0
2019-02-22,10,0,252,14.9,14.9,0.0,220.291773,0.0
2019-02-22,10,0,254,5.08,5.08,0.0,65.797428,0.0
2019-02-22,10,0,255,2.33,2.33,0.0,30.178742,0.0
2019-02-22,10,0,258,4.6,4.6,0.0,60.261316,0.0
2019-02-22,10,0,260,1.86,1.86,0.0,23.961029,0.0
2019-02-22,10,0,265,43.98,43.98,0.0,543.777793,0.0
2019-02-22,10,0,266,11.09,11.09,0.0,137.119048,0.0
2019-02-22,10,0,267,13.63,13.63,0.0,168.524132,0.0
2019-02-22,10,0,270,17.13,17.13,0.0,371.925318,0.0
2019-02-22,10,0,272,0.0,0.0,0.0,0.0,0.0
2019-02-22,10,0,273,12.22,12.22,0.0,265.319754,0.0
2019-02-22,10,0,274,22.08,22.08,0.0,479.399359,0.0
2019-02-22,10,0,275,30.74,30.74,0.0,667.424651,0.0
2019-02-22,10,0,276,3.53,3.53,0.0,70.832799,0.0
2019-02-22,10,0,277,4.03,4.03,0.0,38.445727,0.0
2019-02-22,10,0,278,6.45,6.45,0.0,61.532243,0.0
2019-02-22,10,0,279,0.0,0.0,0.0,0.0,0.0
2019-02-22,10,0,281,4.81,4.81,0.0,55.203293,0.0
2019-02-22,10,0,282,174.99,174.99,0.0,2008.321039,0.0
2019-02-22,11,0,9,2.62,2.62,0.0,15.482461,0.0
2019-02-22,11,0,17,21.48,21.48,0.0,205.27163,0.0
2019-02-22,11,0,19,6.68,6.68,0.0,63.836801,0.0
2019-02-22,11,0,20,8.11,8.11,0.0,77.502464,0.0
2019-02-22,11,0,21,59.91,59.91,0.0,354.02833,0.0
2019-02-22,11,0,22,212.93,212.93,0.0,1258.27495,0.0
2019-02-22,11,0,23,17.72,17.72,0.0,104.713437,0.0
2019-02-22,11,0,24,31.35,31.35,0.0,185.257689,0.0
2019-02-22,11,0,29,6.33,6.33,0.0,62.279014,0.0
2019-02-22,11,0,30,487.83,487.83,0.0,2871.819056,0.0
2019-02-22,11,0,31,7.66,7.66,0.0,45.093852,0.0
2019-02-22,11,0,32,3.4,3.4,0.0,87.5944,0.0
2019-02-22,11,0,33,0.87,0.87,0.0,8.905136,0.0
2019-02-22,11,0,34,1.39,1.39,0.0,14.227746,0.0
2019-02-22,11,0,35,1.39,1.39,0.0,14.227746,0.0
2019-02-22,11,0,36,5.17,5.17,0.0,43.847534,0.0
2019-02-22,11,0,37,2.41,2.41,0.0,20.396962,0.0
2019-02-22,11,0,38,3.09,3.09,0.0,26.152121,0.0
2019-02-22,11,0,39,2.06,2.06,0.0,17.434747,0.0
2019-02-22,11,0,40,2.06,2.06,0.0,17.434747,0.0
2019-02-22,11,0,41,15.33,15.33,0.0,108.619245,0.0
2019-02-22,11,0,42,35.56,35.56,0.0,334.589066,0.0
2019-02-22,11,0,43,15.09,15.09,0.0,130.064962,0.0
2019-02-22,11,0,46,13.05,13.05,0.0,107.265342,0.0
2019-02-22,11,0,52,8.14,8.14,0.0,47.919577,0.0
2019-02-22,11,0,53,13.25,13.25,0.0,78.001768,0.0
2019-02-22,11,0,55,90.07,90.07,0.0,532.253909,0.0
2019-02-22,11,0,56,143.89,143.89,0.0,847.069766,0.0
2019-02-22,11,0,57,136.87,136.87,0.0,805.743546,0.0
2019-02-22,11,0,58,263.22,263.22,0.0,1549.556632,0.0
2019-02-22,11,0,59,258.83,258.83,0.0,1523.713027,0.0
2019-02-22,11,0,63,0.0,0.0,0.0,0.0,0.0
2019-02-22,11,0,64,0.0,0.0,0.0,0.0,0.0
2019-02-22,11,0,65,1.98,1.98,0.0,18.867521,0.0
2019-02-22,11,0,67,279.4,279.4,0.0,867.867379,0.0
2019-02-22,11,0,68,2.42,2.42,0.0,8.185537,0.0
2019-02-22,11,0,69,0.87,0.87,0.0,8.905136,0.0
2019-02-22,11,0,74,27.49,27.49,0.0,240.783679,0.0
2019-02-22,11,0,77,9.87,9.87,0.0,37.080808,0.0
2019-02-22,11,0,78,7.46,7.46,0.0,28.026629,0.0
2019-02-22,11,0,79,4.32,4.32,0.0,16.229898,0.0
2019-02-22,11,0,80,6.98,6.98,0.0,26.223307,0.0
2019-02-22,11,0,81,9.13,9.13,0.0,34.300686,0.0
2019-02-22,11,0,82,6.44,6.44,0.0,24.19457,0.0
2019-02-22,11,0,83,14.36,14.36,0.0,53.949382,0.0
2019-02-22,11,0,84,0.0,0.0,0.0,0.0,0.0
2019-02-22,11,0,86,4.39,4.39,0.0,44.935112,0.0
2019-02-22,11,0,87,22.41,22.41,0.0,229.384023,0.0
2019-02-22,11,0,88,5.92,5.92,0.0,22.240971,0.0
2019-02-22,11,0,89,5.69,5.69,0.0,21.376879,0.0
2019-02-22,11,0,90,7.64,7.64,0.0,28.702874,0.0
2019-02-22,11,0,91,27.26,27.26,0.0,102.413659,0.0
2019-02-22,11,0,92,9.8,9.8,0.0,36.817823,0.0
2019-02-22,11,0,95,51.74,51.74,0.0,1331.45346,0.0
2019-02-22,11,0,96,4.08,4.08,0.0,23.9231,0.0
2019-02-22,11,0,97,30.01,30.01,0.0,175.963783,0.0
2019-02-22,11,0,99,5.9,5.9,0.0,51.677836,0.0
2019-02-22,11,0,101,9.83,9.83,0.0,57.868481,0.0
2019-02-22,11,0,102,5.73,5.73,0.0,19.381459,0.0
2019-02-22,11,0,103,4.99,4.99,0.0,16.878443,0.0
2019-02-22,11,0,104,0.93,0.93,0.0,3.145682,0.0
2019-02-22,11,0,106,209.61,209.61,0.0,1238.655954,0.0
2019-02-22,11,0,109,21.27,21.27,0.0,166.766591,0.0
2019-02-22,11,0,110,106.77,106.77,0.0,241.316503,0.0
2019-02-22,11,0,111,15.49,15.49,0.0,109.75291,0.0
2019-02-22,11,0,113,2.32,2.32,0.0,7.745871,0.0
2019-02-22,11,0,115,2.32,2.32,0.0,7.745871,0.0
2019-02-22,11,0,116,76.27,76.27,0.0,172.381846,0.0
2019-02-22,11,0,117,0.16,0.16,0.0,0.534198,0.0
2019-02-22,11,0,119,0.0,0.0,0.0,0.0,0.0
2019-02-22,11,0,120,0.0,0.0,0.0,0.0,0.0
2019-02-22,11,0,123,3.49,3.49,0.0,20.623583,0.0
2019-02-22,11,0,125,28.37,28.37,0.0,167.647867,0.0
2019-02-22,11,0,126,157.21,157.21,0.0,929.006739,0.0
2019-02-22,11,0,127,201.75,201.75,0.0,1192.208572,0.0
2019-02-22,11,0,128,40.62,40.62,0.0,240.037235,0.0
2019-02-22,11,0,131,3.47,3.47,0.0,11.993142,0.0
2019-02-22,11,0,132,5.1,5.1,0.0,17.626809,0.0
2019-02-22,11,0,133,1.37,1.37,0.0,13.095809,0.0
2019-02-22,11,0,134,0.0,0.0,0.0,0.0,0.0
2019-02-22,11,0,135,1.83,1.83,0.0,17.492942,0.0
2019-02-22,11,0,136,2.15,2.15,0.0,20.484231,0.0
2019-02-22,11,0,139,19.8,19.8,0.0,140.291002,0.0
2019-02-22,11,0,140,79.02,79.02,0.0,178.597266,0.0
2019-02-22,11,0,141,75.16,75.16,0.0,233.460674,0.0
2019-02-22,11,0,142,368.46,368.46,0.0,1144.503989,0.0
2019-02-22,11,0,143,15.31,15.31,0.0,90.128835,0.0
2019-02-22,11,0,145,11.02,11.02,0.0,72.866576,0.0
2019-02-22,11,0,146,268.0,268.0,0.0,605.720922,0.0
2019-02-22,11,0,152,4.27,4.27,0.0,37.491209,0.0
2019-02-22,11,0,153,5.16,5.16,0.0,45.124624,0.0
2019-02-22,11,0,154,63.91,63.91,0.0,452.828178,0.0
2019-02-22,11,0,157,136.96,136.96,0.0,425.422749,0.0
2019-02-22,11,0,158,248.35,248.35,0.0,771.420413,0.0
2019-02-22,11,0,159,0.0,0.0,0.0,0.0,0.0
2019-02-22,11,0,160,1.19,1.19,0.0,10.849321,0.0
2019-02-22,11,0,161,52.44,52.44,0.0,177.375861,0.0
2019-02-22,11,0,162,47.14,47.14,0.0,1214.123663,0.0
2019-02-22,11,0,163,9.81,9.81,0.0,22.172098,0.0
2019-02-22,11,0,164,18.71,18.71,0.0,110.144383,0.0
2019-02-22,11,0,167,3.9,3.9,0.0,100.229408,0.0
2019-02-22,11,0,168,1.95,1.95,0.0,50.114704,0.0
2019-02-22,11,0,169,0.0,0.0,0.0,0.0,0.0
2019-02-22,11,0,170,4.27,4.27,0.0,109.738352,0.0
2019-02-22,11,0,172,4.89,4.89,0.0,118.882394,0.0
2019-02-22,11,0,173,7.45,7.45,0.0,181.119393,0.0
2019-02-22,11,0,188,6.83,6.83,0.0,170.769605,0.0
2019-02-22,11,0,190,5.44,5.44,0.0,147.908813,0.0
2019-02-22,11,0,191,14.04,14.04,0.0,381.735245,0.0
2019-02-22,11,0,192,15.18,15.18,0.0,412.730842,0.0
2019-02-22,11,0,194,1.42,1.42,0.0,4.478982,0.0
2019-02-22,11,0,196,4.33,4.33,0.0,122.01637,0.0
2019-02-22,11,0,198,4.33,4.33,0.0,42.893072,0.0
2019-02-22,11,0,199,10.21,10.21,0.0,97.153129,0.0
2019-02-22,11,0,200,8.37,8.37,0.0,79.644632,0.0
2019-02-22,11,0,204,64.1,64.1,0.0,496.654376,0.0
2019-02-22,11,0,205,139.05,139.05,0.0,1090.216005,0.0
2019-02-22,11,0,206,114.71,114.71,0.0,672.602652,0.0
2019-02-22,11,0,210,1.76,1.76,0.0,17.606434,0.0
2019-02-22,11,0,214,7.71,7.71,0.0,82.017419,0.0
2019-02-22,11,0,217,6.51,6.51,0.0,67.486552,0.0
2019-02-22,11,0,218,8.98,8.98,0.0,93.092049,0.0
2019-02-22,11,0,219,6.12,6.12,0.0,63.443579,0.0
2019-02-22,11,0,221,4.11,4.11,0.0,43.721348,0.0
2019-02-22,11,0,225,5.78,5.78,0.0,56.775652,0.0
2019-02-22,11,0,233,2.48,2.48,0.0,25.384756,0.0
2019-02-22,11,0,236,11.84,11.84,0.0,108.716338,0.0
2019-02-22,11,0,237,61.29,61.29,0.0,536.836365,0.0
2019-02-22,11,0,238,46.28,46.28,0.0,435.455061,0.0
2019-02-22,11,0,240,5.85,5.85,0.0,49.614714,0.0
2019-02-22,11,0,245,3.9,3.9,0.0,37.662319,0.0
2019-02-22,11,0,247,8.85,8.85,0.0,85.464494,0.0
2019-02-22,11,0,248,7.3,7.3,0.0,63.940373,0.0
2019-02-22,11,0,249,7.51,7.51,0.0,72.524107,0.0
2019-02-22,11,0,251,17.14,17.14,0.0,162.558095,0.0
2019-02-22,11,0,252,12.77,12.77,0.0,121.68598,0.0
2019-02-22,11,0,254,8.08,8.08,0.0,70.653104,0.0
2019-02-22,11,0,255,3.71,3.71,0.0,32.440967,0.0
2019-02-22,11,0,258,6.97,6.97,0.0,59.269099,0.0
2019-02-22,11,0,260,2.89,2.89,0.0,26.348351,0.0
2019-02-22,11,0,265,66.17,66.17,0.0,468.841191,0.0
2019-02-22,11,0,266,12.82,12.82,0.0,90.834881,0.0
2019-02-22,11,0,267,15.76,15.76,0.0,111.665969,0.0
2019-02-22,11,0,270,33.19,33.19,0.0,75.014468,0.0
2019-02-22,11,0,272,7.75,7.75,0.0,25.875214,0.0
2019-02-22,11,0,273,18.24,18.24,0.0,41.225185,0.0
2019-02-22,11,0,274,43.34,43.34,0.0,97.955018,0.0
2019-02-22,11,0,275,61.16,61.16,0.0,138.230939,0.0
2019-02-22,11,0,276,5.27,5.27,0.0,12.906511,0.0
2019-02-22,11,0,277,6.06,6.06,0.0,21.248747,0.0
2019-02-22,11,0,278,9.7,9.7,0.0,34.01202,0.0
2019-02-22,11,0,279,7.25,7.25,0.0,25.421355,0.0
2019-02-22,11,0,281,3.34,3.34,0.0,19.662332,0.0
2019-02-22,11,0,282,267.61,267.61,0.0,1575.400237,0.0
2019-02-22,12,0,9,3.53,3.53,0.0,19.125953,0.0
2019-02-22,12,0,17,27.23,27.23,0.0,326.209996,0.0
2019-02-22,12,0,19,5.92,5.92,0.0,70.920425,0.0
2019-02-22,12,0,20,7.18,7.18,0.0,86.014975,0.0
2019-02-22,12,0,21,80.77,80.77,0.0,437.62132,0.0
2019-02-22,12,0,22,287.04,287.04,0.0,1555.21634,0.0
2019-02-22,12,0,23,15.42,15.42,0.0,83.547366,0.0
2019-02-22,12,0,24,25.82,25.82,0.0,139.895784,0.0
2019-02-22,12,0,29,7.92,7.92,0.0,67.107258,0.0
2019-02-22,12,0,30,656.82,656.82,0.0,3534.080344,0.0
2019-02-22,12,0,31,7.61,7.61,0.0,40.946304,0.0
2019-02-22,12,0,32,4.44,4.44,0.0,96.360099,0.0
2019-02-22,12,0,33,1.16,1.16,0.0,15.483605,0.0
2019-02-22,12,0,34,1.85,1.85,0.0,24.69368,0.0
2019-02-22,12,0,35,1.85,1.85,0.0,24.69368,0.0
2019-02-22,12,0,36,7.04,7.04,0.0,67.933702,0.0
2019-02-22,12,0,37,3.26,3.26,0.0,31.25517,0.0
2019-02-22,12,0,38,4.19,4.19,0.0,40.171522,0.0
2019-02-22,12,0,39,2.79,2.79,0.0,26.749057,0.0
2019-02-22,12,0,40,2.79,2.79,0.0,26.749057,0.0
2019-02-22,12,0,41,21.64,21.64,0.0,160.627785,0.0
2019-02-22,12,0,42,46.24,46.24,0.0,540.23293,0.0
2019-02-22,12,0,43,20.77,20.77,0.0,202.42871,0.0
2019-02-22,12,0,46,17.28,17.28,0.0,158.164027,0.0
2019-02-22,12,0,52,8.07,8.07,0.0,43.421376,0.0
2019-02-22,12,0,53,12.82,12.82,0.0,68.979188,0.0
2019-02-22,12,0,55,117.88,117.88,0.0,638.687647,0.0
2019-02-22,12,0,56,193.74,193.74,0.0,1042.435867,0.0
2019-02-22,12,0,57,184.29,184.29,0.0,991.589274,0.0
2019-02-22,12,0,58,354.4,354.4,0.0,1906.881755,0.0
2019-02-22,12,0,59,348.49,348.49,0.0,1875.082457,0.0
2019-02-22,12,0,63,2.18,2.18,0.0,58.257267,0.0
2019-02-22,12,0,64,2.57,2.57,0.0,68.679438,0.0
2019-02-22,12,0,65,1.73,1.73,0.0,20.629751,0.0
2019-02-22,12,0,67,376.25,376.25,0.0,-5989.918011,0.0
2019-02-22,12,0,68,5.68,5.68,0.0,-36.183392,0.0
2019-02-22,12,0,69,1.16,1.16,0.0,15.483605,0.0
2019-02-22,12,0,74,48.06,48.06,0.0,499.737408,0.0
2019-02-22,12,0,77,20.93,20.93,0.0,38.127616,0.0
2019-02-22,12,0,78,15.82,15.82,0.0,28.818867,0.0
2019-02-22,12,0,79,9.16,9.16,0.0,16.686525,0.0
2019-02-22,12,0,80,14.81,14.81,0.0,26.978977,0.0
2019-02-22,12,0,81,19.36,19.36,0.0,35.267589,0.0
2019-02-22,12,0,82,13.66,13.66,0.0,24.884053,0.0
2019-02-22,12,0,83,30.45,30.45,0.0,55.469943,0.0
2019-02-22,12,0,84,0.0,0.0,0.0,0.0,0.0
2019-02-22,12,0,86,5.86,5.86,0.0,78.218901,0.0
2019-02-22,12,0,87,29.92,29.92,0.0,399.370224,0.0
2019-02-22,12,0,88,14.5,14.5,0.0,26.414258,0.0
2019-02-22,12,0,89,13.94,13.94,0.0,25.394122,0.0
2019-02-22,12,0,90,18.72,18.72,0.0,34.101719,0.0
2019-02-22,12,0,91,66.78,66.78,0.0,121.651323,0.0
2019-02-22,12,0,92,24.02,24.02,0.0,43.756585,0.0
2019-02-22,12,0,95,57.97,57.97,0.0,1269.614403,0.0
2019-02-22,12,0,96,8.05,8.05,0.0,42.998063,0.0
2019-02-22,12,0,97,49.48,49.48,0.0,264.291198,0.0
2019-02-22,12,0,99,9.28,9.28,0.0,96.49528,0.0
2019-02-22,12,0,101,13.23,13.23,0.0,71.18523,0.0
2019-02-22,12,0,102,13.45,13.45,0.0,-85.680743,0.0
2019-02-22,12,0,103,11.69,11.69,0.0,-74.468987,0.0
2019-02-22,12,0,104,2.17,2.17,0.0,-13.823584,0.0
2019-02-22,12,0,106,282.56,282.56,0.0,1530.943175,0.0
2019-02-22,12,0,109,33.17,33.17,0.0,286.056405,0.0
2019-02-22,12,0,110,158.3,158.3,0.0,-7149.519035,0.0
2019-02-22,12,0,111,20.98,20.98,0.0,155.728786,0.0
2019-02-22,12,0,113,5.79,5.79,0.0,17.215083,0.0
2019-02-22,12,0,115,5.79,5.79,0.0,17.215083,0.0
2019-02-22,12,0,116,99.35,99.35,0.0,-4487.079697,0.0
2019-02-22,12,0,117,0.39,0.39,0.0,1.159565,0.0
2019-02-22,12,0,119,2.57,2.57,0.0,68.679438,0.0
2019-02-22,12,0,120,1.51,1.51,0.0,40.35251,0.0
2019-02-22,12,0,123,4.71,4.71,0.0,25.519332,0.0
2019-02-22,12,0,125,23.63,23.63,0.0,128.030108,0.0
2019-02-22,12,0,126,211.92,211.92,0.0,1148.207381,0.0
2019-02-22,12,0,127,271.97,271.97,0.0,1473.565315,0.0
2019-02-22,12,0,128,32.39,32.39,0.0,175.492814,0.0
2019-02-22,12,0,131,7.62,7.62,0.0,-29.107455,0.0
2019-02-22,12,0,132,11.2,11.2,0.0,-42.782612,0.0
2019-02-22,12,0,133,0.0,0.0,0.0,0.0,0.0
2019-02-22,12,0,134,0.0,0.0,0.0,0.0,0.0
2019-02-22,12,0,135,0.0,0.0,0.0,0.0,0.0
2019-02-22,12,0,136,1.61,1.61,0.0,19.193916,0.0
2019-02-22,12,0,139,27.95,27.95,0.0,207.465184,0.0
2019-02-22,12,0,140,117.16,117.16,0.0,-5291.457044,0.0
2019-02-22,12,0,141,84.0,84.0,0.0,-1337.284021,0.0
2019-02-22,12,0,142,496.18,496.18,0.0,-7899.209353,0.0
2019-02-22,12,0,143,11.38,11.38,0.0,61.231135,0.0
2019-02-22,12,0,145,16.16,16.16,0.0,106.42025,0.0
2019-02-22,12,0,146,268.0,268.0,0.0,-12104.049913,0.0
2019-02-22,12,0,152,5.85,5.85,0.0,60.849605,0.0
2019-02-22,12,0,153,7.02,7.02,0.0,72.517037,0.0
2019-02-22,12,0,154,86.55,86.55,0.0,642.436913,0.0
2019-02-22,12,0,157,166.07,166.07,0.0,-2643.84235,0.0
2019-02-22,12,0,158,343.02,343.02,0.0,-5460.894821,0.0
2019-02-22,12,0,159,0.0,0.0,0.0,0.0,0.0
2019-02-22,12,0,160,1.63,1.63,0.0,16.852132,0.0
2019-02-22,12,0,161,70.82,70.82,0.0,-451.145739,0.0
2019-02-22,12,0,162,43.49,43.49,0.0,954.822584,0.0
2019-02-22,12,0,163,15.38,15.38,0.0,-694.627939,0.0
2019-02-22,12,0,164,26.07,26.07,0.0,140.27203,0.0
2019-02-22,12,0,167,5.03,5.03,0.0,109.451624,0.0
2019-02-22,12,0,168,2.52,2.52,0.0,54.834611,0.0
2019-02-22,12,0,169,0.0,0.0,0.0,0.0,0.0
2019-02-22,12,0,170,5.5,5.5,0.0,119.678714,0.0
2019-02-22,12,0,172,6.37,6.37,0.0,129.260165,0.0
2019-02-22,12,0,173,9.71,9.71,0.0,197.035511,0.0
2019-02-22,12,0,188,8.92,8.92,0.0,185.728371,0.0
2019-02-22,12,0,190,7.12,7.12,0.0,190.27144,0.0
2019-02-22,12,0,191,18.4,18.4,0.0,491.712709,0.0
2019-02-22,12,0,192,27.56,27.56,0.0,736.500123,0.0
2019-02-22,12,0,194,5.76,5.76,0.0,64.259092,0.0
2019-02-22,12,0,196,5.71,5.71,0.0,209.718456,0.0
2019-02-22,12,0,198,5.67,5.67,0.0,62.483706,0.0
2019-02-22,12,0,199,12.0,12.0,0.0,147.792559,0.0
2019-02-22,12,0,200,10.95,10.95,0.0,134.86071,0.0
2019-02-22,12,0,204,135.3,135.3,0.0,1143.739632,0.0
2019-02-22,12,0,205,175.44,175.44,0.0,1512.985699,0.0
2019-02-22,12,0,206,145.39,145.39,0.0,776.582404,0.0
2019-02-22,12,0,210,2.17,2.17,0.0,19.321616,0.0
2019-02-22,12,0,214,9.74,9.74,0.0,137.902584,0.0
2019-02-22,12,0,217,8.04,8.04,0.0,95.451561,0.0
2019-02-22,12,0,218,11.09,11.09,0.0,131.661419,0.0
2019-02-22,12,0,219,7.55,7.55,0.0,89.634239,0.0
2019-02-22,12,0,221,5.2,5.2,0.0,73.623556,0.0
2019-02-22,12,0,225,7.0,7.0,0.0,59.020723,0.0
2019-02-22,12,0,233,3.32,3.32,0.0,44.315145,0.0
2019-02-22,12,0,236,16.4,16.4,0.0,184.046137,0.0
2019-02-22,12,0,237,115.29,115.29,0.0,1198.808276,0.0
2019-02-22,12,0,238,60.19,60.19,0.0,703.214102,0.0
2019-02-22,12,0,240,7.98,7.98,0.0,77.004395,0.0
2019-02-22,12,0,245,2.99,2.99,0.0,36.425329,0.0
2019-02-22,12,0,247,7.12,7.12,0.0,86.738577,0.0
2019-02-22,12,0,248,11.57,11.57,0.0,120.307154,0.0
2019-02-22,12,0,249,5.76,5.76,0.0,70.170534,0.0
2019-02-22,12,0,251,14.81,14.81,0.0,175.265425,0.0
2019-02-22,12,0,252,11.15,11.15,0.0,132.960531,0.0
2019-02-22,12,0,254,10.82,10.82,0.0,107.062731,0.0
2019-02-22,12,0,255,4.96,4.96,0.0,49.078664,0.0
2019-02-22,12,0,258,9.55,9.55,0.0,92.303275,0.0
2019-02-22,12,0,260,3.95,3.95,0.0,40.837988,0.0
2019-02-22,12,0,265,89.61,89.61,0.0,665.150454,0.0
2019-02-22,12,0,266,18.1,18.1,0.0,134.351336,0.0
2019-02-22,12,0,267,22.24,22.24,0.0,165.08142,0.0
2019-02-22,12,0,270,48.02,48.02,0.0,-2168.792824,0.0
2019-02-22,12,0,272,19.36,19.36,0.0,57.562006,0.0
2019-02-22,12,0,273,23.76,23.76,0.0,-1073.105321,0.0
2019-02-22,12,0,274,61.9,61.9,0.0,-2795.674215,0.0
2019-02-22,12,0,275,86.17,86.17,0.0,-3891.813362,0.0
2019-02-22,12,0,276,6.93,6.93,0.0,-267.738655,0.0
2019-02-22,12,0,277,7.83,7.83,0.0,19.66552,0.0
2019-02-22,12,0,278,12.52,12.52,0.0,31.44474,0.0
2019-02-22,12,0,279,26.9,26.9,0.0,67.560982,0.0
2019-02-22,12,0,281,3.42,3.42,0.0,18.401624,0.0
2019-02-22,12,0,282,360.31,360.31,0.0,1938.681052,0.0
2019-02-22,13,0,9,4.16,4.16,0.0,-1621.436186,0.0
2019-02-22,13,0,17,29.56,29.56,0.0,447.876008,0.0
2019-02-22,13,0,19,7.87,7.87,0.0,119.241684,0.0
2019-02-22,13,0,20,9.55,9.55,0.0,144.696072,0.0
2019-02-22,13,0,21,95.07,95.07,0.0,-37055.273606,0.0
2019-02-22,13,0,22,337.86,337.86,0.0,-131687.122546,0.0
2019-02-22,13,0,23,35.49,35.49,0.0,-13832.877462,0.0
2019-02-22,13,0,24,61.98,61.98,0.0,-24157.840098,0.0
2019-02-22,13,0,29,6.15,6.15,0.0,27.898057,0.0
2019-02-22,13,0,30,775.19,775.19,0.0,-775190.0,0.0
2019-02-22,13,0,31,11.59,11.59,0.0,-11590.0,0.0
2019-02-22,13,0,32,3.54,3.54,0.0,97.816819,0.0
2019-02-22,13,0,33,2.35,2.35,0.0,47.950743,0.0
2019-02-22,13,0,34,3.76,3.76,0.0,76.721188,0.0
2019-02-22,13,0,35,3.76,3.76,0.0,76.721188,0.0
2019-02-22,13,0,36,12.21,12.21,0.0,85.177299,0.0
2019-02-22,13,0,37,5.62,5.62,0.0,38.729537,0.0
2019-02-22,13,0,38,7.22,7.22,0.0,49.75574,0.0
2019-02-22,13,0,39,4.81,4.81,0.0,33.147522,0.0
2019-02-22,13,0,40,4.81,4.81,0.0,33.147522,0.0
2019-02-22,13,0,41,33.25,33.25,0.0,-275.512268,0.0
2019-02-22,13,0,42,66.42,66.42,0.0,930.725015,0.0
2019-02-22,13,0,43,32.19,32.19,0.0,245.444342,0.0
2019-02-22,13,0,46,24.41,24.41,0.0,140.04455,0.0
2019-02-22,13,0,52,12.28,12.28,0.0,-12280.0,0.0
2019-02-22,13,0,53,19.52,19.52,0.0,-19520.0,0.0
2019-02-22,13,0,55,130.14,130.14,0.0,-50724.448376,0.0
2019-02-22,13,0,56,228.65,228.65,0.0,-228650.0,0.0
2019-02-22,13,0,57,217.5,217.5,0.0,-217500.0,0.0
2019-02-22,13,0,58,418.27,418.27,0.0,-418270.0,0.0
2019-02-22,13,0,59,411.29,411.29,0.0,-411290.0,0.0
2019-02-22,13,0,63,6.83,6.83,0.0,208.069208,0.0
2019-02-22,13,0,64,8.03,8.03,0.0,244.626024,0.0
2019-02-22,13,0,65,1.52,1.52,0.0,22.708639,0.0
2019-02-22,13,0,67,444.11,444.11,0.0,5150.964055,0.0
2019-02-22,13,0,68,11.66,11.66,0.0,171.896231,0.0
2019-02-22,13,0,69,2.35,2.35,0.0,47.950743,0.0
2019-02-22,13,0,74,72.14,72.14,0.0,630.080487,0.0
2019-02-22,13,0,77,38.26,38.26,0.0,1046.692092,0.0
2019-02-22,13,0,78,28.92,28.92,0.0,791.174472,0.0
2019-02-22,13,0,79,16.74,16.74,0.0,457.961987,0.0
2019-02-22,13,0,80,27.07,27.07,0.0,740.56338,0.0
2019-02-22,13,0,81,35.39,35.39,0.0,968.176506,0.0
2019-02-22,13,0,82,24.96,24.96,0.0,682.839378,0.0
2019-02-22,13,0,83,55.67,55.67,0.0,1522.983501,0.0
2019-02-22,13,0,84,0.0,0.0,0.0,0.0,0.0
2019-02-22,13,0,86,11.89,11.89,0.0,242.610354,0.0
2019-02-22,13,0,87,60.72,60.72,0.0,1238.965574,0.0
2019-02-22,13,0,88,28.73,28.73,0.0,785.976576,0.0
2019-02-22,13,0,89,27.62,27.62,0.0,755.609921,0.0
2019-02-22,13,0,90,37.08,37.08,0.0,1014.410422,0.0
2019-02-22,13,0,91,132.29,132.29,0.0,3619.103419,0.0
2019-02-22,13,0,92,47.58,47.58,0.0,1301.662565,0.0
2019-02-22,13,0,95,52.66,52.66,0.0,1456.477112,0.0
2019-02-22,13,0,96,14.83,14.83,0.0,607.429399,0.0
2019-02-22,13,0,97,91.21,91.21,0.0,3735.916079,0.0
2019-02-22,13,0,99,13.92,13.92,0.0,121.579157,0.0
2019-02-22,13,0,101,15.62,15.62,0.0,-15620.0,0.0
2019-02-22,13,0,102,27.6,27.6,0.0,406.889877,0.0
2019-02-22,13,0,103,24.0,24.0,0.0,353.817284,0.0
2019-02-22,13,0,104,4.46,4.46,0.0,65.751045,0.0
2019-02-22,13,0,106,332.6,332.6,0.0,-129636.941215,0.0
2019-02-22,13,0,109,60.0,60.0,0.0,236.874631,0.0
2019-02-22,13,0,110,237.9,237.9,0.0,468.781946,0.0
2019-02-22,13,0,111,24.72,24.72,0.0,-204.831978,0.0
2019-02-22,13,0,113,16.19,16.19,0.0,403.682399,0.0
2019-02-22,13,0,115,16.19,16.19,0.0,403.682399,0.0
2019-02-22,13,0,116,69.11,69.11,0.0,136.181254,0.0
2019-02-22,13,0,117,1.08,1.08,0.0,26.928783,0.0
2019-02-22,13,0,119,8.03,8.03,0.0,244.626024,0.0
2019-02-22,13,0,120,4.72,4.72,0.0,143.790141,0.0
2019-02-22,13,0,123,5.54,5.54,0.0,-2159.316459,0.0
2019-02-22,13,0,125,56.28,56.28,0.0,-21936.160708,0.0
2019-02-22,13,0,126,249.45,249.45,0.0,-97227.705911,0.0
2019-02-22,13,0,127,320.12,320.12,0.0,-124772.632657,0.0
2019-02-22,13,0,128,79.45,79.45,0.0,-30967.092542,0.0
2019-02-22,13,0,131,14.45,14.45,0.0,356.145126,0.0
2019-02-22,13,0,132,21.23,21.23,0.0,523.249898,0.0
2019-02-22,13,0,133,0.0,0.0,0.0,0.0,0.0
2019-02-22,13,0,134,0.0,0.0,0.0,0.0,0.0
2019-02-22,13,0,135,0.0,0.0,0.0,0.0,0.0
2019-02-22,13,0,136,1.25,1.25,0.0,18.660352,0.0
2019-02-22,13,0,139,42.93,42.93,0.0,-355.721554,0.0
2019-02-22,13,0,140,176.07,176.07,0.0,346.945932,0.0
2019-02-22,13,0,141,94.04,94.04,0.0,1090.713246,0.0
2019-02-22,13,0,142,585.66,585.66,0.0,6792.717138,0.0
2019-02-22,13,0,143,9.94,9.94,0.0,-9940.0,0.0
2019-02-22,13,0,145,59.58,59.58,0.0,-110.792868,0.0
2019-02-22,13,0,146,268.0,268.0,0.0,528.093996,0.0
2019-02-22,13,0,152,8.95,8.95,0.0,83.265323,0.0
2019-02-22,13,0,153,11.1,11.1,0.0,100.370283,0.0
2019-02-22,13,0,154,101.99,101.99,0.0,-845.097632,0.0
2019-02-22,13,0,157,207.76,207.76,0.0,2409.682943,0.0
2019-02-22,13,0,158,415.77,415.77,0.0,4822.265486,0.0
2019-02-22,13,0,159,0.0,0.0,0.0,0.0,0.0
2019-02-22,13,0,160,2.28,2.28,0.0,22.733876,0.0
2019-02-22,13,0,161,79.63,79.63,0.0,1173.936265,0.0
2019-02-22,13,0,162,40.33,40.33,0.0,1116.95257,0.0
2019-02-22,13,0,163,12.77,12.77,0.0,25.163285,0.0
2019-02-22,13,0,164,31.16,31.16,0.0,-31160.0,0.0
2019-02-22,13,0,167,4.11,4.11,0.0,113.373546,0.0
2019-02-22,13,0,168,2.06,2.06,0.0,56.824697,0.0
2019-02-22,13,0,169,0.0,0.0,0.0,0.0,0.0
2019-02-22,13,0,170,4.5,4.5,0.0,124.13162,0.0
2019-02-22,13,0,172,4.97,4.97,0.0,125.519079,0.0
2019-02-22,13,0,173,7.57,7.57,0.0,191.182984,0.0
2019-02-22,13,0,188,7.08,7.08,0.0,190.788041,0.0
2019-02-22,13,0,190,6.33,6.33,0.0,192.837202,0.0
2019-02-22,13,0,191,16.35,16.35,0.0,498.086611,0.0
2019-02-22,13,0,192,46.27,46.27,0.0,1409.569877,0.0
2019-02-22,13,0,194,14.9,14.9,0.0,390.94345,0.0
2019-02-22,13,0,196,3.26,3.26,0.0,114.314725,0.0
2019-02-22,13,0,198,9.39,9.39,0.0,120.802097,0.0
2019-02-22,13,0,199,4.37,4.37,0.0,97.581936,0.0
2019-02-22,13,0,200,13.32,13.32,0.0,297.435102,0.0
2019-02-22,13,0,204,246.46,246.46,0.0,865.255018,0.0
2019-02-22,13,0,205,317.4,317.4,0.0,1253.066796,0.0
2019-02-22,13,0,206,268.03,268.03,0.0,10978.375032,0.0
2019-02-22,13,0,210,1.89,1.89,0.0,11.5317,0.0
2019-02-22,13,0,214,12.6,12.6,0.0,296.149572,0.0
2019-02-22,13,0,217,7.34,7.34,0.0,117.058848,0.0
2019-02-22,13,0,218,10.13,10.13,0.0,161.553969,0.0
2019-02-22,13,0,219,6.9,6.9,0.0,110.041697,0.0
2019-02-22,13,0,221,6.72,6.72,0.0,157.946439,0.0
2019-02-22,13,0,225,5.44,5.44,0.0,23.855038,0.0
2019-02-22,13,0,233,6.73,6.73,0.0,137.322765,0.0
2019-02-22,13,0,236,52.81,52.81,0.0,649.355312,0.0
2019-02-22,13,0,237,173.06,173.06,0.0,1511.529374,0.0
2019-02-22,13,0,238,86.46,86.46,0.0,1211.53997,0.0
2019-02-22,13,0,240,13.84,13.84,0.0,96.548224,0.0
2019-02-22,13,0,245,2.57,2.57,0.0,40.938218,0.0
2019-02-22,13,0,247,5.79,5.79,0.0,92.230461,0.0
2019-02-22,13,0,248,17.37,17.37,0.0,151.711922,0.0
2019-02-22,13,0,249,4.93,4.93,0.0,78.53129,0.0
2019-02-22,13,0,251,12.9,12.9,0.0,188.244566,0.0
2019-02-22,13,0,252,9.83,9.83,0.0,146.85916,0.0
2019-02-22,13,0,254,13.22,13.22,0.0,108.583679,0.0
2019-02-22,13,0,255,6.06,6.06,0.0,49.774364,0.0
2019-02-22,13,0,258,16.83,16.83,0.0,119.170199,0.0
2019-02-22,13,0,260,5.54,5.54,0.0,55.23933,0.0
2019-02-22,13,0,265,105.59,105.59,0.0,-874.927531,0.0
2019-02-22,13,0,266,27.8,27.8,0.0,-230.353115,0.0
2019-02-22,13,0,267,34.16,34.16,0.0,-283.052604,0.0
2019-02-22,13,0,270,39.72,39.72,0.0,78.268259,0.0
2019-02-22,13,0,272,54.11,54.11,0.0,1349.181879,0.0
2019-02-22,13,0,273,16.53,16.53,0.0,32.572365,0.0
2019-02-22,13,0,274,51.18,51.18,0.0,100.850189,0.0
2019-02-22,13,0,275,71.22,71.22,0.0,140.339009,0.0
2019-02-22,13,0,276,3.97,3.97,0.0,16.357218,0.0
2019-02-22,13,0,277,6.06,6.06,0.0,156.987897,0.0
2019-02-22,13,0,278,9.7,9.7,0.0,251.284258,0.0
2019-02-22,13,0,279,101.25,101.25,0.0,2622.941355,0.0
2019-02-22,13,0,281,5.2,5.2,0.0,-5200.0,0.0
2019-02-22,13,0,282,425.24,425.24,0.0,-425240.0,0.0
2019-02-22,14,0,9,4.35,4.35,0.0,-1720.304931,0.0
2019-02-22,14,0,17,30.58,30.58,0.0,897.403044,0.0
2019-02-22,14,0,19,9.62,9.62,0.0,282.309264,0.0
2019-02-22,14,0,20,11.66,11.66,0.0,342.175261,0.0
2019-02-22,14,0,21,99.53,99.53,0.0,-39361.367769,0.0
2019-02-22,14,0,22,353.73,353.73,0.0,-139890.451332,0.0
2019-02-22,14,0,23,18.86,18.86,0.0,-7458.609426,0.0
2019-02-22,14,0,24,32.44,32.44,0.0,-12829.12459,0.0
2019-02-22,14,0,29,6.11,6.11,0.0,27.758125,0.0
2019-02-22,14,0,30,829.29,829.29,0.0,-829290.0,0.0
2019-02-22,14,0,31,18.73,18.73,0.0,-18730.0,0.0
2019-02-22,14,0,32,3.57,3.57,0.0,79.588365,0.0
2019-02-22,14,0,33,2.39,2.39,0.0,88.724965,0.0
2019-02-22,14,0,34,3.82,3.82,0.0,141.81145,0.0
2019-02-22,14,0,35,3.82,3.82,0.0,141.81145,0.0
2019-02-22,14,0,36,12.54,12.54,0.0,79.639561,0.0
2019-02-22,14,0,37,5.75,5.75,0.0,35.922984,0.0
2019-02-22,14,0,38,7.4,7.4,0.0,46.231318,0.0
2019-02-22,14,0,39,4.93,4.93,0.0,30.800054,0.0
2019-02-22,14,0,40,4.93,4.93,0.0,30.800054,0.0
2019-02-22,14,0,41,29.65,29.65,0.0,-382.605824,0.0
2019-02-22,14,0,42,69.98,69.98,0.0,1935.662398,0.0
2019-02-22,14,0,43,32.5,32.5,0.0,247.808049,0.0
2019-02-22,14,0,46,24.99,24.99,0.0,107.808294,0.0
2019-02-22,14,0,52,19.86,19.86,0.0,-19860.0,0.0
2019-02-22,14,0,53,31.54,31.54,0.0,-31540.0,0.0
2019-02-22,14,0,55,165.39,165.39,0.0,-65407.179899,0.0
2019-02-22,14,0,56,244.61,244.61,0.0,-244610.0,0.0
2019-02-22,14,0,57,232.68,232.68,0.0,-232680.0,0.0
2019-02-22,14,0,58,447.46,447.46,0.0,-447460.0,0.0
2019-02-22,14,0,59,440.0,440.0,0.0,-440000.0,0.0
2019-02-22,14,0,63,11.82,11.82,0.0,354.010585,0.0
2019-02-22,14,0,64,13.91,13.91,0.0,416.606365,0.0
2019-02-22,14,0,65,3.34,3.34,0.0,96.969918,0.0
2019-02-22,14,0,67,460.19,460.19,0.0,-6724.334237,0.0
2019-02-22,14,0,68,8.62,8.62,0.0,-17.387372,0.0
2019-02-22,14,0,69,2.39,2.39,0.0,88.724965,0.0
2019-02-22,14,0,74,67.97,67.97,0.0,1035.14536,0.0
2019-02-22,14,0,77,43.3,43.3,0.0,429.319799,0.0
2019-02-22,14,0,78,32.73,32.73,0.0,324.518176,0.0
2019-02-22,14,0,79,18.94,18.94,0.0,187.790231,0.0
2019-02-22,14,0,80,30.63,30.63,0.0,303.696662,0.0
2019-02-22,14,0,81,40.05,40.05,0.0,397.096027,0.0
2019-02-22,14,0,82,28.25,28.25,0.0,280.098945,0.0
2019-02-22,14,0,83,63.0,63.0,0.0,624.645435,0.0
2019-02-22,14,0,84,0.0,0.0,0.0,0.0,0.0
2019-02-22,14,0,86,12.11,12.11,0.0,449.56457,0.0
2019-02-22,14,0,87,61.81,61.81,0.0,2294.598355,0.0
2019-02-22,14,0,88,33.76,33.76,0.0,334.730633,0.0
2019-02-22,14,0,89,32.45,32.45,0.0,321.741974,0.0
2019-02-22,14,0,90,43.57,43.57,0.0,431.996851,0.0
2019-02-22,14,0,91,155.42,155.42,0.0,1540.990374,0.0
2019-02-22,14,0,92,55.9,55.9,0.0,554.248886,0.0
2019-02-22,14,0,95,55.8,55.8,0.0,1251.579303,0.0
2019-02-22,14,0,96,17.44,17.44,0.0,540.706066,0.0
2019-02-22,14,0,97,116.91,116.91,0.0,3624.652875,0.0
2019-02-22,14,0,99,13.12,13.12,0.0,199.810315,0.0
2019-02-22,14,0,101,16.71,16.71,0.0,-16710.0,0.0
2019-02-22,14,0,102,20.36,20.36,0.0,-41.068086,0.0
2019-02-22,14,0,103,17.71,17.71,0.0,-35.72278,0.0
2019-02-22,14,0,104,3.32,3.32,0.0,-6.696761,0.0
2019-02-22,14,0,106,348.21,348.21,0.0,-137707.443695,0.0
2019-02-22,14,0,109,57.85,57.85,0.0,65.589485,0.0
2019-02-22,14,0,110,248.96,248.96,0.0,-13240.174403,0.0
2019-02-22,14,0,111,26.44,26.44,0.0,-341.183743,0.0
2019-02-22,14,0,113,21.72,21.72,0.0,167.890908,0.0
2019-02-22,14,0,115,21.72,21.72,0.0,167.890908,0.0
2019-02-22,14,0,116,70.51,70.51,0.0,-3749.858199,0.0
2019-02-22,14,0,117,1.45,1.45,0.0,11.208187,0.0
2019-02-22,14,0,119,13.91,13.91,0.0,416.606365,0.0
2019-02-22,14,0,120,8.18,8.18,0.0,244.992097,0.0
2019-02-22,14,0,123,5.8,5.8,0.0,-2293.739908,0.0
2019-02-22,14,0,125,29.57,29.57,0.0,-11694.118808,0.0
2019-02-22,14,0,126,261.16,261.16,0.0,-103281.571452,0.0
2019-02-22,14,0,127,335.15,335.15,0.0,-132542.574178,0.0
2019-02-22,14,0,128,41.03,41.03,0.0,-16226.232488,0.0
2019-02-22,14,0,131,17.05,17.05,0.0,22.960148,0.0
2019-02-22,14,0,132,25.06,25.06,0.0,33.746704,0.0
2019-02-22,14,0,133,1.01,1.01,0.0,29.669338,0.0
2019-02-22,14,0,134,0.0,0.0,0.0,0.0,0.0
2019-02-22,14,0,135,1.35,1.35,0.0,39.657036,0.0
2019-02-22,14,0,136,2.94,2.94,0.0,85.306209,0.0
2019-02-22,14,0,139,38.29,38.29,0.0,-494.097032,0.0
2019-02-22,14,0,140,184.26,184.26,0.0,-9799.303244,0.0
2019-02-22,14,0,141,115.52,115.52,0.0,-1687.987768,0.0
2019-02-22,14,0,142,606.87,606.87,0.0,-8867.634495,0.0
2019-02-22,14,0,143,24.98,24.98,0.0,-24980.0,0.0
2019-02-22,14,0,145,35.02,35.02,0.0,-307.522582,0.0
2019-02-22,14,0,146,268.0,268.0,0.0,-14252.758435,0.0
2019-02-22,14,0,152,9.39,9.39,0.0,220.875834,0.0
2019-02-22,14,0,153,11.67,11.67,0.0,272.158276,0.0
2019-02-22,14,0,154,109.08,109.08,0.0,-1407.576501,0.0
2019-02-22,14,0,157,210.84,210.84,0.0,-3080.81147,0.0
2019-02-22,14,0,158,442.09,442.09,0.0,-6459.855544,0.0
2019-02-22,14,0,159,0.0,0.0,0.0,0.0,0.0
2019-02-22,14,0,160,2.3,2.3,0.0,27.423207,0.0
2019-02-22,14,0,161,82.54,82.54,0.0,-166.49115,0.0
2019-02-22,14,0,162,43.36,43.36,0.0,976.687458,0.0
2019-02-22,14,0,163,30.5,30.5,0.0,-1622.049001,0.0
2019-02-22,14,0,164,33.33,33.33,0.0,-33330.0,0.0
2019-02-22,14,0,167,4.22,4.22,0.0,93.79622,0.0
2019-02-22,14,0,168,2.11,2.11,0.0,46.89811,0.0
2019-02-22,14,0,169,0.0,0.0,0.0,0.0,0.0
2019-02-22,14,0,170,4.61,4.61,0.0,102.464591,0.0
2019-02-22,14,0,172,5.08,5.08,0.0,86.711724,0.0
2019-02-22,14,0,173,7.74,7.74,0.0,132.115894,0.0
2019-02-22,14,0,188,7.14,7.14,0.0,146.981815,0.0
2019-02-22,14,0,190,6.39,6.39,0.0,191.381357,0.0
2019-02-22,14,0,191,16.5,16.5,0.0,494.177212,0.0
2019-02-22,14,0,192,70.61,70.61,0.0,2114.778966,0.0
2019-02-22,14,0,194,20.56,20.56,0.0,309.759617,0.0
2019-02-22,14,0,196,3.31,3.31,0.0,142.931886,0.0
2019-02-22,14,0,198,9.69,9.69,0.0,161.929694,0.0
2019-02-22,14,0,199,14.96,14.96,0.0,344.901667,0.0
2019-02-22,14,0,200,13.55,13.55,0.0,312.394224,0.0
2019-02-22,14,0,204,241.32,241.32,0.0,98.722663,0.0
2019-02-22,14,0,205,306.0,306.0,0.0,346.938328,0.0
2019-02-22,14,0,206,413.87,413.87,0.0,12831.53781,0.0
2019-02-22,14,0,210,1.88,1.88,0.0,9.597618,0.0
2019-02-22,14,0,214,12.58,12.58,0.0,522.640088,0.0
2019-02-22,14,0,217,7.44,7.44,0.0,199.387721,0.0
2019-02-22,14,0,218,10.27,10.27,0.0,275.230094,0.0
2019-02-22,14,0,219,6.99,6.99,0.0,187.32798,0.0
2019-02-22,14,0,221,6.71,6.71,0.0,278.769077,0.0
2019-02-22,14,0,225,5.49,5.49,0.0,24.643433,0.0
2019-02-22,14,0,233,6.85,6.85,0.0,254.295401,0.0
2019-02-22,14,0,236,28.96,28.96,0.0,748.037037,0.0
2019-02-22,14,0,237,163.04,163.04,0.0,2483.008674,0.0
2019-02-22,14,0,238,91.08,91.08,0.0,2519.293101,0.0
2019-02-22,14,0,240,14.21,14.21,0.0,90.245468,0.0
2019-02-22,14,0,245,4.13,4.13,0.0,125.955446,0.0
2019-02-22,14,0,247,10.1,10.1,0.0,308.026636,0.0
2019-02-22,14,0,248,16.37,16.37,0.0,249.306011,0.0
2019-02-22,14,0,249,7.93,7.93,0.0,241.846656,0.0
2019-02-22,14,0,251,26.04,26.04,0.0,742.627998,0.0
2019-02-22,14,0,252,21.56,21.56,0.0,625.949532,0.0
2019-02-22,14,0,254,13.33,13.33,0.0,116.017007,0.0
2019-02-22,14,0,255,6.11,6.11,0.0,53.178088,0.0
2019-02-22,14,0,258,17.23,17.23,0.0,112.970338,0.0
2019-02-22,14,0,260,5.6,5.6,0.0,66.769548,0.0
2019-02-22,14,0,265,112.94,112.94,0.0,-1457.38623,0.0
2019-02-22,14,0,266,24.8,24.8,0.0,-320.02106,0.0
2019-02-22,14,0,267,30.47,30.47,0.0,-393.187165,0.0
2019-02-22,14,0,270,106.04,106.04,0.0,-5639.41233,0.0
2019-02-22,14,0,272,72.6,72.6,0.0,561.182318,0.0
2019-02-22,14,0,273,16.86,16.86,0.0,-896.647415,0.0
2019-02-22,14,0,274,141.45,141.45,0.0,-7522.584629,0.0
2019-02-22,14,0,275,205.72,205.72,0.0,-10940.587557,0.0
2019-02-22,14,0,276,4.09,4.09,0.0,-182.291712,0.0
2019-02-22,14,0,277,6.23,6.23,0.0,53.614602,0.0
2019-02-22,14,0,278,9.97,9.97,0.0,85.800575,0.0
2019-02-22,14,0,279,102.65,102.65,0.0,883.393082,0.0
2019-02-22,14,0,281,8.41,8.41,0.0,-8410.0,0.0
2019-02-22,14,0,282,454.92,454.92,0.0,-454920.0,0.0
2019-02-22,15,0,9,4.19,4.19,0.0,-1652.49438,0.0
2019-02-22,15,0,17,29.37,29.37,0.0,831.638296,0.0
2019-02-22,15,0,19,12.82,12.82,0.0,363.009975,0.0
2019-02-22,15,0,20,15.54,15.54,0.0,440.029252,0.0
2019-02-22,15,0,21,95.77,95.77,0.0,-37770.73671,0.0
2019-02-22,15,0,22,340.35,340.35,0.0,-134230.659278,0.0
2019-02-22,15,0,23,17.06,17.06,0.0,-6728.294542,0.0
2019-02-22,15,0,24,30.19,30.19,0.0,-11906.63612,0.0
2019-02-22,15,0,29,5.81,5.81,0.0,25.253746,0.0
2019-02-22,15,0,30,799.25,799.25,0.0,-799250.0,0.0
2019-02-22,15,0,31,28.28,28.28,0.0,-28280.0,0.0
2019-02-22,15,0,32,3.46,3.46,0.0,72.86922,0.0
2019-02-22,15,0,33,2.33,2.33,0.0,82.339607,0.0
2019-02-22,15,0,34,3.73,3.73,0.0,131.814049,0.0
2019-02-22,15,0,35,3.73,3.73,0.0,131.814049,0.0
2019-02-22,15,0,36,12.22,12.22,0.0,74.49791,0.0
2019-02-22,15,0,37,5.59,5.59,0.0,33.764482,0.0
2019-02-22,15,0,38,7.19,7.19,0.0,43.428734,0.0
2019-02-22,15,0,39,4.79,4.79,0.0,28.932356,0.0
2019-02-22,15,0,40,4.79,4.79,0.0,28.932356,0.0
2019-02-22,15,0,41,44.6,44.6,0.0,-539.767244,0.0
2019-02-22,15,0,42,67.68,67.68,0.0,1813.389193,0.0
2019-02-22,15,0,43,31.74,31.74,0.0,234.622862,0.0
2019-02-22,15,0,46,24.16,24.16,0.0,104.682507,0.0
2019-02-22,15,0,52,29.98,29.98,0.0,-29980.0,0.0
2019-02-22,15,0,53,47.63,47.63,0.0,-47630.0,0.0
2019-02-22,15,0,55,214.95,214.95,0.0,-84774.144886,0.0
2019-02-22,15,0,56,235.75,235.75,0.0,-235750.0,0.0
2019-02-22,15,0,57,224.25,224.25,0.0,-224250.0,0.0
2019-02-22,15,0,58,431.25,431.25,0.0,-431250.0,0.0
2019-02-22,15,0,59,424.06,424.06,0.0,-424060.0,0.0
2019-02-22,15,0,63,19.26,19.26,0.0,624.55475,0.0
2019-02-22,15,0,64,22.66,22.66,0.0,734.808444,0.0
2019-02-22,15,0,65,6.23,6.23,0.0,174.646329,0.0
2019-02-22,15,0,67,445.19,445.19,0.0,-20702.414987,0.0
2019-02-22,15,0,68,19.66,19.66,0.0,-525.22918,0.0
2019-02-22,15,0,69,2.33,2.33,0.0,82.339607,0.0
2019-02-22,15,0,74,65.39,65.39,0.0,968.477523,0.0
2019-02-22,15,0,77,49.03,49.03,0.0,-436.938552,0.0
2019-02-22,15,0,78,37.06,37.06,0.0,-330.266016,0.0
2019-02-22,15,0,79,21.45,21.45,0.0,-191.155047,0.0
2019-02-22,15,0,80,34.69,34.69,0.0,-309.145388,0.0
2019-02-22,15,0,81,45.35,45.35,0.0,-404.143654,0.0
2019-02-22,15,0,82,31.99,31.99,0.0,-285.083914,0.0
2019-02-22,15,0,83,71.33,71.33,0.0,-635.668507,0.0
2019-02-22,15,0,84,0.0,0.0,0.0,0.0,0.0
2019-02-22,15,0,86,11.81,11.81,0.0,417.352259,0.0
2019-02-22,15,0,87,60.29,60.29,0.0,2130.581513,0.0
2019-02-22,15,0,88,39.33,39.33,0.0,-350.495477,0.0
2019-02-22,15,0,89,37.81,37.81,0.0,-336.949758,0.0
2019-02-22,15,0,90,50.76,50.76,0.0,-452.355719,0.0
2019-02-22,15,0,91,181.07,181.07,0.0,-1613.633768,0.0
2019-02-22,15,0,92,65.12,65.12,0.0,-580.327116,0.0
2019-02-22,15,0,95,59.32,59.32,0.0,1267.065082,0.0
2019-02-22,15,0,96,18.45,18.45,0.0,607.009354,0.0
2019-02-22,15,0,97,113.45,113.45,0.0,3732.531775,0.0
2019-02-22,15,0,99,12.62,12.62,0.0,186.912163,0.0
2019-02-22,15,0,101,16.1,16.1,0.0,-16100.0,0.0
2019-02-22,15,0,102,46.56,46.56,0.0,-1243.879482,0.0
2019-02-22,15,0,103,40.48,40.48,0.0,-1081.448484,0.0
2019-02-22,15,0,104,7.52,7.52,0.0,-200.901497,0.0
2019-02-22,15,0,106,335.04,335.04,0.0,-132136.448023,0.0
2019-02-22,15,0,109,56.38,56.38,0.0,76.548114,0.0
2019-02-22,15,0,110,260.34,260.34,0.0,-27881.347511,0.0
2019-02-22,15,0,111,25.49,25.49,0.0,-308.490293,0.0
2019-02-22,15,0,113,28.71,28.71,0.0,-265.64686,0.0
2019-02-22,15,0,115,28.71,28.71,0.0,-265.64686,0.0
2019-02-22,15,0,116,67.92,67.92,0.0,-7273.953764,0.0
2019-02-22,15,0,117,1.91,1.91,0.0,-17.67278,0.0
2019-02-22,15,0,119,22.66,22.66,0.0,734.808444,0.0
2019-02-22,15,0,120,13.32,13.32,0.0,431.935061,0.0
2019-02-22,15,0,123,5.58,5.58,0.0,-2200.696573,0.0
2019-02-22,15,0,125,27.32,27.32,0.0,-10774.736628,0.0
2019-02-22,15,0,126,251.28,251.28,0.0,-99102.336017,0.0
2019-02-22,15,0,127,322.48,322.48,0.0,-127182.908782,0.0
2019-02-22,15,0,128,39.13,39.13,0.0,-15432.483319,0.0
2019-02-22,15,0,131,48.61,48.61,0.0,-1041.769632,0.0
2019-02-22,15,0,132,71.55,71.55,0.0,-1533.400889,0.0
2019-02-22,15,0,133,1.59,1.59,0.0,45.064661,0.0
2019-02-22,15,0,134,0.0,0.0,0.0,0.0,0.0
2019-02-22,15,0,135,2.14,2.14,0.0,60.653066,0.0
2019-02-22,15,0,136,5.73,5.73,0.0,160.540813,0.0
2019-02-22,15,0,139,57.99,57.99,0.0,-701.818441,0.0
2019-02-22,15,0,140,192.68,192.68,0.0,-20635.238682,0.0
2019-02-22,15,0,141,148.07,148.07,0.0,-6885.614203,0.0
2019-02-22,15,0,142,587.09,587.09,0.0,-27301.109222,0.0
2019-02-22,15,0,143,51.19,51.19,0.0,-51190.0,0.0
2019-02-22,15,0,145,19.79,19.79,0.0,-149.772493,0.0
2019-02-22,15,0,146,268.0,268.0,0.0,-28701.702132,0.0
2019-02-22,15,0,152,9.06,9.06,0.0,213.113425,0.0
2019-02-22,15,0,153,11.28,11.28,0.0,263.626118,0.0
2019-02-22,15,0,154,105.17,105.17,0.0,-1272.809889,0.0
2019-02-22,15,0,157,214.46,214.46,0.0,-9972.910259,0.0
2019-02-22,15,0,158,423.83,423.83,0.0,-19709.12317,0.0
2019-02-22,15,0,159,0.0,0.0,0.0,0.0,0.0
2019-02-22,15,0,160,2.2,2.2,0.0,25.351177,0.0
2019-02-22,15,0,161,79.11,79.11,0.0,-2113.473063,0.0
2019-02-22,15,0,162,46.82,46.82,0.0,1006.329156,0.0
2019-02-22,15,0,163,56.87,56.87,0.0,-6090.544031,0.0
2019-02-22,15,0,164,31.53,31.53,0.0,-31530.0,0.0
2019-02-22,15,0,167,4.01,4.01,0.0,84.414042,0.0
2019-02-22,15,0,168,2.0,2.0,0.0,42.101766,0.0
2019-02-22,15,0,169,0.0,0.0,0.0,0.0,0.0
2019-02-22,15,0,170,4.39,4.39,0.0,92.413377,0.0
2019-02-22,15,0,172,4.89,4.89,0.0,73.83509,0.0
2019-02-22,15,0,173,7.44,7.44,0.0,112.338051,0.0
2019-02-22,15,0,188,6.95,6.95,0.0,130.225722,0.0
2019-02-22,15,0,190,6.04,6.04,0.0,195.862445,0.0
2019-02-22,15,0,191,15.61,15.61,0.0,506.194167,0.0
2019-02-22,15,0,192,108.53,108.53,0.0,3519.362774,0.0
2019-02-22,15,0,194,28.02,28.02,0.0,144.511629,0.0
2019-02-22,15,0,196,3.16,3.16,0.0,168.284989,0.0
2019-02-22,15,0,198,9.35,9.35,0.0,151.678522,0.0
2019-02-22,15,0,199,25.73,25.73,0.0,498.500147,0.0
2019-02-22,15,0,200,13.11,13.11,0.0,253.996772,0.0
2019-02-22,15,0,204,245.52,245.52,0.0,177.941249,0.0
2019-02-22,15,0,205,298.24,298.24,0.0,404.925676,0.0
2019-02-22,15,0,206,333.36,333.36,0.0,10967.622674,0.0
2019-02-22,15,0,210,1.81,1.81,0.0,9.411504,0.0
2019-02-22,15,0,214,12.26,12.26,0.0,481.873351,0.0
2019-02-22,15,0,217,7.16,7.16,0.0,180.972012,0.0
2019-02-22,15,0,218,9.89,9.89,0.0,249.97391,0.0
2019-02-22,15,0,219,6.73,6.73,0.0,170.103581,0.0
2019-02-22,15,0,221,6.54,6.54,0.0,257.051527,0.0
2019-02-22,15,0,225,5.16,5.16,0.0,22.003329,0.0
2019-02-22,15,0,233,6.68,6.68,0.0,236.063767,0.0
2019-02-22,15,0,236,36.53,36.53,0.0,922.662009,0.0
2019-02-22,15,0,237,156.87,156.87,0.0,2323.368543,0.0
2019-02-22,15,0,238,88.09,88.09,0.0,2360.24607,0.0
2019-02-22,15,0,240,13.85,13.85,0.0,84.435029,0.0
2019-02-22,15,0,245,6.56,6.56,0.0,192.574178,0.0
2019-02-22,15,0,247,16.88,16.88,0.0,495.526239,0.0
2019-02-22,15,0,248,15.75,15.75,0.0,233.269934,0.0
2019-02-22,15,0,249,12.62,12.62,0.0,370.470446,0.0
2019-02-22,15,0,251,46.94,46.94,0.0,1294.080466,0.0
2019-02-22,15,0,252,40.21,40.21,0.0,1127.211702,0.0
2019-02-22,15,0,254,13.2,13.2,0.0,111.25882,0.0
2019-02-22,15,0,255,6.05,6.05,0.0,50.993626,0.0
2019-02-22,15,0,258,16.69,16.69,0.0,105.241253,0.0
2019-02-22,15,0,260,5.34,5.34,0.0,61.53422,0.0
2019-02-22,15,0,265,108.88,108.88,0.0,-1317.70981,0.0
2019-02-22,15,0,266,37.09,37.09,0.0,-448.878186,0.0
2019-02-22,15,0,267,45.86,45.86,0.0,-555.016274,0.0
2019-02-22,15,0,270,185.61,185.61,0.0,-19878.070645,0.0
2019-02-22,15,0,272,95.95,95.95,0.0,-887.802723,0.0
2019-02-22,15,0,273,16.24,16.24,0.0,-1739.237472,0.0
2019-02-22,15,0,274,244.48,244.48,0.0,-26182.806482,0.0
2019-02-22,15,0,275,350.91,350.91,0.0,-37581.023489,0.0
2019-02-22,15,0,276,3.96,3.96,0.0,-370.523969,0.0
2019-02-22,15,0,277,5.96,5.96,0.0,-54.331413,0.0
2019-02-22,15,0,278,9.53,9.53,0.0,-86.875565,0.0
2019-02-22,15,0,279,142.89,142.89,0.0,-1302.586509,0.0
2019-02-22,15,0,281,12.69,12.69,0.0,-12690.0,0.0
2019-02-22,15,0,282,438.44,438.44,0.0,-438440.0,0.0
2019-02-22,16,0,9,3.51,3.51,0.0,-1349.975094,0.0
2019-02-22,16,0,17,33.38,33.38,0.0,348.018062,0.0
2019-02-22,16,0,19,30.74,30.74,0.0,320.493566,0.0
2019-02-22,16,0,20,38.8,38.8,0.0,404.526687,0.0
2019-02-22,16,0,21,80.28,80.28,0.0,-30876.353443,0.0
2019-02-22,16,0,22,285.31,285.31,0.0,-109732.590941,0.0
2019-02-22,16,0,23,20.86,20.86,0.0,-8022.928909,0.0
2019-02-22,16,0,24,36.92,36.92,0.0,-14199.738031,0.0
2019-02-22,16,0,29,5.16,5.16,0.0,26.936274,0.0
2019-02-22,16,0,30,689.88,689.88,0.0,-689880.0,0.0
2019-02-22,16,0,31,40.89,40.89,0.0,-40890.0,0.0
2019-02-22,16,0,32,3.06,3.06,0.0,157.559845,0.0
2019-02-22,16,0,33,2.88,2.88,0.0,37.43409,0.0
2019-02-22,16,0,34,4.6,4.6,0.0,59.79056,0.0
2019-02-22,16,0,35,4.6,4.6,0.0,59.79056,0.0
2019-02-22,16,0,36,13.0,13.0,0.0,87.924507,0.0
2019-02-22,16,0,37,6.1,6.1,0.0,41.432909,0.0
2019-02-22,16,0,38,7.84,7.84,0.0,53.251476,0.0
2019-02-22,16,0,39,5.23,5.23,0.0,35.523625,0.0
2019-02-22,16,0,40,5.23,5.23,0.0,35.523625,0.0
2019-02-22,16,0,41,54.68,54.68,0.0,-217.576077,0.0
2019-02-22,16,0,42,64.51,64.51,0.0,636.612138,0.0
2019-02-22,16,0,43,37.64,37.64,0.0,269.47177,0.0
2019-02-22,16,0,46,29.4,29.4,0.0,191.52962,0.0
2019-02-22,16,0,52,43.35,43.35,0.0,-43350.0,0.0
2019-02-22,16,0,53,68.87,68.87,0.0,-68870.0,0.0
2019-02-22,16,0,55,280.41,280.41,0.0,-107848.010325,0.0
2019-02-22,16,0,56,203.49,203.49,0.0,-203490.0,0.0
2019-02-22,16,0,57,193.56,193.56,0.0,-193560.0,0.0
2019-02-22,16,0,58,372.24,372.24,0.0,-372240.0,0.0
2019-02-22,16,0,59,366.03,366.03,0.0,-366030.0,0.0
2019-02-22,16,0,63,29.52,29.52,0.0,3544.923174,0.0
2019-02-22,16,0,64,34.73,34.73,0.0,4170.56849,0.0
2019-02-22,16,0,65,10.44,10.44,0.0,107.765642,0.0
2019-02-22,16,0,67,373.97,373.97,0.0,-206736.001486,0.0
2019-02-22,16,0,68,24.83,24.83,0.0,-10100.494759,0.0
2019-02-22,16,0,69,2.88,2.88,0.0,37.43409,0.0
2019-02-22,16,0,74,39.4,39.4,0.0,280.293854,0.0
2019-02-22,16,0,77,54.98,54.98,0.0,-15656.558265,0.0
2019-02-22,16,0,78,41.57,41.57,0.0,-11837.816062,0.0
2019-02-22,16,0,79,24.05,24.05,0.0,-6848.67636,0.0
2019-02-22,16,0,80,38.9,38.9,0.0,-11077.48484,0.0
2019-02-22,16,0,81,50.86,50.86,0.0,-14483.313084,0.0
2019-02-22,16,0,82,35.88,35.88,0.0,-10217.484732,0.0
2019-02-22,16,0,83,80.0,80.0,0.0,-22781.459826,0.0
2019-02-22,16,0,84,0.0,0.0,0.0,0.0,0.0
2019-02-22,16,0,86,14.58,14.58,0.0,189.510078,0.0
2019-02-22,16,0,87,74.41,74.41,0.0,967.177293,0.0
2019-02-22,16,0,88,45.55,45.55,0.0,-12971.193688,0.0
2019-02-22,16,0,89,43.79,43.79,0.0,-12470.001572,0.0
2019-02-22,16,0,90,58.79,58.79,0.0,-16741.525289,0.0
2019-02-22,16,0,91,209.73,209.73,0.0,-59724.444615,0.0
2019-02-22,16,0,92,75.43,75.43,0.0,-21480.068933,0.0
2019-02-22,16,0,95,63.17,63.17,0.0,1416.886462,0.0
2019-02-22,16,0,96,20.55,20.55,0.0,1026.986871,0.0
2019-02-22,16,0,97,126.36,126.36,0.0,6314.844816,0.0
2019-02-22,16,0,99,8.64,8.64,0.0,61.465454,0.0
2019-02-22,16,0,101,13.9,13.9,0.0,-13900.0,0.0
2019-02-22,16,0,102,58.79,58.79,0.0,-23914.945102,0.0
2019-02-22,16,0,103,51.12,51.12,0.0,-20794.896983,0.0
2019-02-22,16,0,104,9.49,9.49,0.0,-3860.39852,0.0
2019-02-22,16,0,106,280.86,280.86,0.0,-108021.084055,0.0
2019-02-22,16,0,109,56.89,56.89,0.0,332.792801,0.0
2019-02-22,16,0,110,272.48,272.48,0.0,-272480.0,0.0
2019-02-22,16,0,111,22.06,22.06,0.0,-87.778498,0.0
2019-02-22,16,0,113,37.3,37.3,0.0,-9567.028347,0.0
2019-02-22,16,0,115,37.3,37.3,0.0,-9567.028347,0.0
2019-02-22,16,0,116,68.72,68.72,0.0,-68720.0,0.0
2019-02-22,16,0,117,2.49,2.49,0.0,-638.656852,0.0
2019-02-22,16,0,119,34.73,34.73,0.0,4170.56849,0.0
2019-02-22,16,0,120,20.42,20.42,0.0,2452.145366,0.0
2019-02-22,16,0,123,4.68,4.68,0.0,-1799.966793,0.0
2019-02-22,16,0,125,33.41,33.41,0.0,-12849.762936,0.0
2019-02-22,16,0,126,210.64,210.64,0.0,-81013.89,0.0
2019-02-22,16,0,127,270.33,270.33,0.0,-103971.158772,0.0
2019-02-22,16,0,128,47.85,47.85,0.0,-18403.50663,0.0
2019-02-22,16,0,131,23.0,23.0,0.0,-8459.083271,0.0
2019-02-22,16,0,132,33.81,33.81,0.0,-12434.852409,0.0
2019-02-22,16,0,133,3.23,3.23,0.0,33.707321,0.0
2019-02-22,16,0,134,0.0,0.0,0.0,0.0,0.0
2019-02-22,16,0,135,4.11,4.11,0.0,42.890739,0.0
2019-02-22,16,0,136,9.87,9.87,0.0,101.82577,0.0
2019-02-22,16,0,139,71.21,71.21,0.0,-283.350264,0.0
2019-02-22,16,0,140,201.67,201.67,0.0,-201670.0,0.0
2019-02-22,16,0,141,193.91,193.91,0.0,-107196.240469,0.0
2019-02-22,16,0,142,493.17,493.17,0.0,-272631.478067,0.0
2019-02-22,16,0,143,90.81,90.81,0.0,-90810.0,0.0
2019-02-22,16,0,145,21.14,21.14,0.0,89.06851,0.0
2019-02-22,16,0,146,268.0,268.0,0.0,-268000.0,0.0
2019-02-22,16,0,152,9.67,9.67,0.0,74.140092,0.0
2019-02-22,16,0,153,11.89,11.89,0.0,89.722405,0.0
2019-02-22,16,0,154,91.0,91.0,0.0,-362.096251,0.0
2019-02-22,16,0,157,217.28,217.28,0.0,-120115.513017,0.0
2019-02-22,16,0,158,355.02,355.02,0.0,-196260.16859,0.0
2019-02-22,16,0,159,0.0,0.0,0.0,0.0,0.0
2019-02-22,16,0,160,2.68,2.68,0.0,21.963037,0.0
2019-02-22,16,0,161,66.94,66.94,0.0,-27230.25047,0.0
2019-02-22,16,0,162,50.73,50.73,0.0,1178.100515,0.0
2019-02-22,16,0,163,91.42,91.42,0.0,-91420.0,0.0
2019-02-22,16,0,164,26.8,26.8,0.0,-26800.0,0.0
2019-02-22,16,0,167,3.37,3.37,0.0,64.421482,0.0
2019-02-22,16,0,168,1.68,1.68,0.0,32.11516,0.0
2019-02-22,16,0,169,0.0,0.0,0.0,0.0,0.0
2019-02-22,16,0,170,3.68,3.68,0.0,70.347494,0.0
2019-02-22,16,0,172,4.38,4.38,0.0,90.43544,0.0
2019-02-22,16,0,173,6.68,6.68,0.0,137.92437,0.0
2019-02-22,16,0,188,6.01,6.01,0.0,183.93588,0.0
2019-02-22,16,0,190,4.55,4.55,0.0,147.545385,0.0
2019-02-22,16,0,191,11.75,11.75,0.0,381.023796,0.0
2019-02-22,16,0,192,162.99,162.99,0.0,5285.367535,0.0
2019-02-22,16,0,194,37.39,37.39,0.0,-4539.374751,0.0
2019-02-22,16,0,196,4.09,4.09,0.0,1122.470114,0.0
2019-02-22,16,0,198,9.7,9.7,0.0,91.424289,0.0
2019-02-22,16,0,199,40.87,40.87,0.0,-1033.091402,0.0
2019-02-22,16,0,200,12.46,12.46,0.0,-314.957643,0.0
2019-02-22,16,0,204,257.1,257.1,0.0,1479.447108,0.0
2019-02-22,16,0,205,300.93,300.93,0.0,1760.368035,0.0
2019-02-22,16,0,206,371.3,371.3,0.0,18555.728713,0.0
2019-02-22,16,0,210,1.76,1.76,0.0,10.518286,0.0
2019-02-22,16,0,214,13.84,13.84,0.0,200.808621,0.0
2019-02-22,16,0,217,8.89,8.89,0.0,96.09547,0.0
2019-02-22,16,0,218,12.27,12.27,0.0,132.631206,0.0
2019-02-22,16,0,219,8.36,8.36,0.0,90.366494,0.0
2019-02-22,16,0,221,7.38,7.38,0.0,107.078586,0.0
2019-02-22,16,0,225,5.25,5.25,0.0,27.022749,0.0
2019-02-22,16,0,233,8.25,8.25,0.0,107.233069,0.0
2019-02-22,16,0,236,36.39,36.39,0.0,329.479276,0.0
2019-02-22,16,0,237,90.1,90.1,0.0,640.976555,0.0
2019-02-22,16,0,238,83.96,83.96,0.0,828.553016,0.0
2019-02-22,16,0,240,14.73,14.73,0.0,99.62523,0.0
2019-02-22,16,0,245,10.01,10.01,0.0,108.175949,0.0
2019-02-22,16,0,247,26.88,26.88,0.0,290.486465,0.0
2019-02-22,16,0,248,10.61,10.61,0.0,75.480147,0.0
2019-02-22,16,0,249,19.25,19.25,0.0,208.030672,0.0
2019-02-22,16,0,251,78.15,78.15,0.0,793.405477,0.0
2019-02-22,16,0,252,67.34,67.34,0.0,695.109038,0.0
2019-02-22,16,0,254,20.9,20.9,0.0,155.060225,0.0
2019-02-22,16,0,255,9.58,9.58,0.0,71.075453,0.0
2019-02-22,16,0,258,18.07,18.07,0.0,123.37008,0.0
2019-02-22,16,0,260,6.5,6.5,0.0,53.268561,0.0
2019-02-22,16,0,265,94.22,94.22,0.0,-374.908888,0.0
2019-02-22,16,0,266,45.4,45.4,0.0,-180.650218,0.0
2019-02-22,16,0,267,56.25,56.25,0.0,-223.823232,0.0
2019-02-22,16,0,270,247.08,247.08,0.0,-247080.0,0.0
2019-02-22,16,0,272,124.65,124.65,0.0,-31971.315909,0.0
2019-02-22,16,0,273,16.43,16.43,0.0,-16430.0,0.0
2019-02-22,16,0,274,308.35,308.35,0.0,-308350.0,0.0
2019-02-22,16,0,275,413.38,413.38,0.0,-413380.0,0.0
2019-02-22,16,0,276,4.45,4.45,0.0,-4005.680383,0.0
2019-02-22,16,0,277,7.0,7.0,0.0,-1874.784971,0.0
2019-02-22,16,0,278,11.2,11.2,0.0,-2999.655954,0.0
2019-02-22,16,0,279,441.97,441.97,0.0,-118371.244819,0.0
2019-02-22,16,0,281,18.35,18.35,0.0,-18350.0,0.0
2019-02-22,16,0,282,378.44,378.44,0.0,-378440.0,0.0
2019-02-22,17,0,9,2.62,2.62,0.0,-28.741256,0.0
2019-02-22,17,0,17,25.0,25.0,0.0,153.234739,0.0
2019-02-22,17,0,19,23.08,23.08,0.0,141.466311,0.0
2019-02-22,17,0,20,27.8,27.8,0.0,170.397029,0.0
2019-02-22,17,0,21,59.89,59.89,0.0,-656.990018,0.0
2019-02-22,17,0,22,212.86,212.86,0.0,-2335.062534,0.0
2019-02-22,17,0,23,36.46,36.46,0.0,-399.964202,0.0
2019-02-22,17,0,24,64.86,64.86,0.0,-711.510645,0.0
2019-02-22,17,0,29,3.73,3.73,0.0,23.51297,0.0
2019-02-22,17,0,30,510.79,510.79,0.0,-5656.598833,0.0
2019-02-22,17,0,31,49.59,49.59,0.0,-549.170376,0.0
2019-02-22,17,0,32,2.14,2.14,0.0,112.718328,0.0
2019-02-22,17,0,33,2.13,2.13,0.0,19.929168,0.0
2019-02-22,17,0,34,3.4,3.4,0.0,31.811818,0.0
2019-02-22,17,0,35,3.4,3.4,0.0,31.811818,0.0
2019-02-22,17,0,36,9.48,9.48,0.0,9.241013,0.0
2019-02-22,17,0,37,4.48,4.48,0.0,3.956763,0.0
2019-02-22,17,0,38,5.76,5.76,0.0,5.087267,0.0
2019-02-22,17,0,39,3.84,3.84,0.0,3.391511,0.0
2019-02-22,17,0,40,3.84,3.84,0.0,3.391511,0.0
2019-02-22,17,0,41,29.51,29.51,0.0,-161.945188,0.0
2019-02-22,17,0,42,47.62,47.62,0.0,258.571034,0.0
2019-02-22,17,0,43,27.5,27.5,0.0,43.420406,0.0
2019-02-22,17,0,46,21.5,21.5,0.0,-5.570419,0.0
2019-02-22,17,0,52,52.56,52.56,0.0,-582.060797,0.0
2019-02-22,17,0,53,83.5,83.5,0.0,-924.697043,0.0
2019-02-22,17,0,55,362.38,362.38,0.0,-3975.28874,0.0
2019-02-22,17,0,56,150.67,150.67,0.0,-1668.552137,0.0
2019-02-22,17,0,57,143.32,143.32,0.0,-1587.156649,0.0
2019-02-22,17,0,58,275.61,275.61,0.0,-3052.164695,0.0
2019-02-22,17,0,59,271.01,271.01,0.0,-3001.223301,0.0
2019-02-22,17,0,63,65.86,65.86,0.0,8000.225918,0.0
2019-02-22,17,0,64,77.46,77.46,0.0,9409.315208,0.0
2019-02-22,17,0,65,12.62,12.62,0.0,75.713032,0.0
2019-02-22,17,0,67,278.03,278.03,0.0,-153277.553116,0.0
2019-02-22,17,0,68,15.98,15.98,0.0,-6468.307138,0.0
2019-02-22,17,0,69,2.13,2.13,0.0,19.929168,0.0
2019-02-22,17,0,74,32.78,32.78,0.0,76.983419,0.0
2019-02-22,17,0,77,57.61,57.61,0.0,-16252.65263,0.0
2019-02-22,17,0,78,43.55,43.55,0.0,-12286.113905,0.0
2019-02-22,17,0,79,25.2,25.2,0.0,-7109.301272,0.0
2019-02-22,17,0,80,40.76,40.76,0.0,-11499.012692,0.0
2019-02-22,17,0,81,53.29,53.29,0.0,-15033.915269,0.0
2019-02-22,17,0,82,37.59,37.59,0.0,-10604.707731,0.0
2019-02-22,17,0,83,83.82,83.82,0.0,-23646.890184,0.0
2019-02-22,17,0,84,0.0,0.0,0.0,0.0,0.0
2019-02-22,17,0,86,10.77,10.77,0.0,100.768612,0.0
2019-02-22,17,0,87,54.97,54.97,0.0,514.322245,0.0
2019-02-22,17,0,88,45.17,45.17,0.0,-12743.140415,0.0
2019-02-22,17,0,89,43.42,43.42,0.0,-12249.438938,0.0
2019-02-22,17,0,90,58.3,58.3,0.0,-16447.31207,0.0
2019-02-22,17,0,91,207.96,207.96,0.0,-58668.662402,0.0
2019-02-22,17,0,92,74.79,74.79,0.0,-21099.390561,0.0
2019-02-22,17,0,95,66.99,66.99,0.0,1502.568056,0.0
2019-02-22,17,0,96,21.68,21.68,0.0,-242.451547,0.0
2019-02-22,17,0,97,133.34,133.34,0.0,-1491.166477,0.0
2019-02-22,17,0,99,6.67,6.67,0.0,15.664411,0.0
2019-02-22,17,0,101,10.29,10.29,0.0,-113.953683,0.0
2019-02-22,17,0,102,37.77,37.77,0.0,-15288.357985,0.0
2019-02-22,17,0,103,32.85,32.85,0.0,-13296.864173,0.0
2019-02-22,17,0,104,6.13,6.13,0.0,-2481.271762,0.0
2019-02-22,17,0,106,209.54,209.54,0.0,-2298.642316,0.0
2019-02-22,17,0,109,53.22,53.22,0.0,-106.053153,0.0
2019-02-22,17,0,110,282.26,282.26,0.0,-282260.0,0.0
2019-02-22,17,0,111,17.03,17.03,0.0,-93.457355,0.0
2019-02-22,17,0,113,38.14,38.14,0.0,-9706.286738,0.0
2019-02-22,17,0,115,38.14,38.14,0.0,-9706.286738,0.0
2019-02-22,17,0,116,50.81,50.81,0.0,-50810.0,0.0
2019-02-22,17,0,117,2.54,2.54,0.0,-646.40714,0.0
2019-02-22,17,0,119,77.46,77.46,0.0,9409.315208,0.0
2019-02-22,17,0,120,45.59,45.59,0.0,5537.963856,0.0
2019-02-22,17,0,123,3.49,3.49,0.0,-38.285109,0.0
2019-02-22,17,0,125,58.62,58.62,0.0,-643.058187,0.0
2019-02-22,17,0,126,157.15,157.15,0.0,-1723.926888,0.0
2019-02-22,17,0,127,201.68,201.68,0.0,-2212.418547,0.0
2019-02-22,17,0,128,84.38,84.38,0.0,-925.643976,0.0
2019-02-22,17,0,131,26.83,26.83,0.0,-9810.208811,0.0
2019-02-22,17,0,132,39.43,39.43,0.0,-14417.313955,0.0
2019-02-22,17,0,133,8.64,8.64,0.0,53.063701,0.0
2019-02-22,17,0,134,0.0,0.0,0.0,0.0,0.0
2019-02-22,17,0,135,11.31,11.31,0.0,69.461858,0.0
2019-02-22,17,0,136,10.72,10.72,0.0,64.237609,0.0
2019-02-22,17,0,139,38.1,38.1,0.0,-209.085452,0.0
2019-02-22,17,0,140,208.9,208.9,0.0,-208900.0,0.0
2019-02-22,17,0,141,230.0,230.0,0.0,-126798.680778,0.0
2019-02-22,17,0,142,366.65,366.65,0.0,-202133.636119,0.0
2019-02-22,17,0,143,110.1,110.1,0.0,-1219.271191,0.0
2019-02-22,17,0,145,20.44,20.44,0.0,-157.436151,0.0
2019-02-22,17,0,146,268.0,268.0,0.0,-268000.0,0.0
2019-02-22,17,0,152,7.14,7.14,0.0,17.406597,0.0
2019-02-22,17,0,153,8.76,8.76,0.0,19.894693,0.0
2019-02-22,17,0,154,70.27,70.27,0.0,-385.628207,0.0
2019-02-22,17,0,157,250.0,250.0,0.0,-137824.65302,0.0
2019-02-22,17,0,158,269.67,269.67,0.0,-148668.696719,0.0
2019-02-22,17,0,159,0.0,0.0,0.0,0.0,0.0
2019-02-22,17,0,160,1.97,1.97,0.0,7.537372,0.0
2019-02-22,17,0,161,49.28,49.28,0.0,-19947.320136,0.0
2019-02-22,17,0,162,61.8,61.8,0.0,1435.675436,0.0
2019-02-22,17,0,163,127.15,127.15,0.0,-127150.0,0.0
2019-02-22,17,0,164,20.01,20.01,0.0,-221.595064,0.0
2019-02-22,17,0,167,2.38,2.38,0.0,45.372721,0.0
2019-02-22,17,0,168,1.19,1.19,0.0,22.686361,0.0
2019-02-22,17,0,169,0.0,0.0,0.0,0.0,0.0
2019-02-22,17,0,170,2.6,2.6,0.0,49.566838,0.0
2019-02-22,17,0,172,3.09,3.09,0.0,67.861793,0.0
2019-02-22,17,0,173,4.71,4.71,0.0,103.43982,0.0
2019-02-22,17,0,188,4.16,4.16,0.0,130.447527,0.0
2019-02-22,17,0,190,3.29,3.29,0.0,106.686663,0.0
2019-02-22,17,0,191,8.49,8.49,0.0,275.30996,0.0
2019-02-22,17,0,192,186.76,186.76,0.0,6056.170567,0.0
2019-02-22,17,0,194,39.44,39.44,0.0,-4719.054957,0.0
2019-02-22,17,0,196,3.02,3.02,0.0,834.665093,0.0
2019-02-22,17,0,198,7.02,7.02,0.0,51.342598,0.0
2019-02-22,17,0,199,30.45,30.45,0.0,-672.142241,0.0
2019-02-22,17,0,200,8.99,8.99,0.0,-198.441995,0.0
2019-02-22,17,0,204,232.49,232.49,0.0,-564.242128,0.0
2019-02-22,17,0,205,281.54,281.54,0.0,-561.033534,0.0
2019-02-22,17,0,206,391.81,391.81,0.0,-4381.685446,0.0
2019-02-22,17,0,210,1.28,1.28,0.0,9.107822,0.0
2019-02-22,17,0,214,9.95,9.95,0.0,112.0986,0.0
2019-02-22,17,0,217,6.34,6.34,0.0,60.102382,0.0
2019-02-22,17,0,218,8.75,8.75,0.0,82.948871,0.0
2019-02-22,17,0,219,5.96,5.96,0.0,56.500031,0.0
2019-02-22,17,0,221,5.31,5.31,0.0,59.823474,0.0
2019-02-22,17,0,225,3.82,3.82,0.0,23.780848,0.0
2019-02-22,17,0,233,6.09,6.09,0.0,56.98058,0.0
2019-02-22,17,0,236,32.57,32.57,0.0,141.695322,0.0
2019-02-22,17,0,237,81.01,81.01,0.0,190.250969,0.0
2019-02-22,17,0,238,61.98,61.98,0.0,336.544155,0.0
2019-02-22,17,0,240,10.74,10.74,0.0,10.469249,0.0
2019-02-22,17,0,245,12.31,12.31,0.0,81.334919,0.0
2019-02-22,17,0,247,32.28,32.28,0.0,213.281169,0.0
2019-02-22,17,0,248,8.24,8.24,0.0,19.351537,0.0
2019-02-22,17,0,249,23.68,23.68,0.0,156.459048,0.0
2019-02-22,17,0,251,96.26,96.26,0.0,556.97048,0.0
2019-02-22,17,0,252,81.4,81.4,0.0,488.355054,0.0
2019-02-22,17,0,254,15.1,15.1,0.0,32.356495,0.0
2019-02-22,17,0,255,6.92,6.92,0.0,14.828275,0.0
2019-02-22,17,0,258,13.23,13.23,0.0,14.187361,0.0
2019-02-22,17,0,260,4.79,4.79,0.0,18.32691,0.0
2019-02-22,17,0,265,72.75,72.75,0.0,-399.237969,0.0
2019-02-22,17,0,266,24.67,24.67,0.0,-135.384202,0.0
2019-02-22,17,0,267,30.32,30.32,0.0,-166.390312,0.0
2019-02-22,17,0,270,397.09,397.09,0.0,-397090.0,0.0
2019-02-22,17,0,272,127.45,127.45,0.0,-32434.877944,0.0
2019-02-22,17,0,273,12.15,12.15,0.0,-12150.0,0.0
2019-02-22,17,0,274,511.9,511.9,0.0,-511900.0,0.0
2019-02-22,17,0,275,712.57,712.57,0.0,-712570.0,0.0
2019-02-22,17,0,276,3.26,3.26,0.0,-2933.395111,0.0
2019-02-22,17,0,277,5.23,5.23,0.0,-1388.909968,0.0
2019-02-22,17,0,278,8.37,8.37,0.0,-2222.78708,0.0
2019-02-22,17,0,279,206.82,206.82,0.0,-54924.351727,0.0
2019-02-22,17,0,281,22.25,22.25,0.0,-246.401308,0.0
2019-02-22,17,0,282,280.2,280.2,0.0,-3102.995346,0.0
2019-02-22,18,0,9,1.7,1.7,0.0,-1.390772,0.0
2019-02-22,18,0,17,15.21,15.21,0.0,107.020966,0.0
2019-02-22,18,0,19,27.45,27.45,0.0,193.144346,0.0
2019-02-22,18,0,20,33.42,33.42,0.0,235.150603,0.0
2019-02-22,18,0,21,38.84,38.84,0.0,-31.775061,0.0
2019-02-22,18,0,22,138.04,138.04,0.0,-112.930727,0.0
2019-02-22,18,0,23,88.54,88.54,0.0,-72.434704,0.0
2019-02-22,18,0,24,157.12,157.12,0.0,-128.540103,0.0
2019-02-22,18,0,29,2.12,2.12,0.0,20.911672,0.0
2019-02-22,18,0,30,333.0,333.0,0.0,-289.013833,0.0
2019-02-22,18,0,31,44.21,44.21,0.0,-38.370275,0.0
2019-02-22,18,0,32,1.25,1.25,0.0,64.586238,0.0
2019-02-22,18,0,33,1.28,1.28,0.0,10.775951,0.0
2019-02-22,18,0,34,2.06,2.06,0.0,17.342546,0.0
2019-02-22,18,0,35,2.06,2.06,0.0,17.342546,0.0
2019-02-22,18,0,36,5.82,5.82,0.0,28.746533,0.0
2019-02-22,18,0,37,2.75,2.75,0.0,13.5245,0.0
2019-02-22,18,0,38,3.54,3.54,0.0,17.40972,0.0
2019-02-22,18,0,39,2.36,2.36,0.0,11.60648,0.0
2019-02-22,18,0,40,2.36,2.36,0.0,11.60648,0.0
2019-02-22,18,0,41,34.8,34.8,0.0,61.813019,0.0
2019-02-22,18,0,42,30.13,30.13,0.0,202.972224,0.0
2019-02-22,18,0,43,16.74,16.74,0.0,89.070105,0.0
2019-02-22,18,0,46,13.15,13.15,0.0,57.732725,0.0
2019-02-22,18,0,52,46.87,46.87,0.0,-40.678914,0.0
2019-02-22,18,0,53,74.48,74.48,0.0,-64.641893,0.0
2019-02-22,18,0,55,338.9,338.9,0.0,-277.254587,0.0
2019-02-22,18,0,56,98.22,98.22,0.0,-85.246062,0.0
2019-02-22,18,0,57,93.43,93.43,0.0,-81.088776,0.0
2019-02-22,18,0,58,179.68,179.68,0.0,-155.945962,0.0
2019-02-22,18,0,59,176.68,176.68,0.0,-153.342234,0.0
2019-02-22,18,0,63,139.77,139.77,0.0,16785.747609,0.0
2019-02-22,18,0,64,164.43,164.43,0.0,19747.302564,0.0
2019-02-22,18,0,65,15.86,15.86,0.0,110.711614,0.0
2019-02-22,18,0,67,180.7,180.7,0.0,-99965.53664,0.0
2019-02-22,18,0,68,10.09,10.09,0.0,-4109.801401,0.0
2019-02-22,18,0,69,1.28,1.28,0.0,10.775951,0.0
2019-02-22,18,0,74,22.85,22.85,0.0,123.390788,0.0
2019-02-22,18,0,77,60.0,60.0,0.0,-17131.517271,0.0
2019-02-22,18,0,78,45.36,45.36,0.0,-12951.427057,0.0
2019-02-22,18,0,79,26.25,26.25,0.0,-7495.038806,0.0
2019-02-22,18,0,80,42.45,42.45,0.0,-12120.548469,0.0
2019-02-22,18,0,81,55.5,55.5,0.0,-15846.653476,0.0
2019-02-22,18,0,82,39.15,39.15,0.0,-11178.315019,0.0
2019-02-22,18,0,83,87.3,87.3,0.0,-24926.357629,0.0
2019-02-22,18,0,84,0.0,0.0,0.0,0.0,0.0
2019-02-22,18,0,86,6.51,6.51,0.0,54.805811,0.0
2019-02-22,18,0,87,33.23,33.23,0.0,279.75378,0.0
2019-02-22,18,0,88,46.59,46.59,0.0,-13302.623161,0.0
2019-02-22,18,0,89,44.79,44.79,0.0,-12788.677643,0.0
2019-02-22,18,0,90,60.14,60.14,0.0,-17171.490811,0.0
2019-02-22,18,0,91,214.52,214.52,0.0,-61250.88475,0.0
2019-02-22,18,0,92,77.15,77.15,0.0,-22028.275958,0.0
2019-02-22,18,0,95,71.1,71.1,0.0,1594.754273,0.0
2019-02-22,18,0,96,24.48,24.48,0.0,-22.520709,0.0
2019-02-22,18,0,97,150.54,150.54,0.0,-138.491321,0.0
2019-02-22,18,0,99,4.41,4.41,0.0,23.814152,0.0
2019-02-22,18,0,101,6.71,6.71,0.0,-5.823672,0.0
2019-02-22,18,0,102,23.9,23.9,0.0,-9734.81204,0.0
2019-02-22,18,0,103,20.78,20.78,0.0,-8463.991389,0.0
2019-02-22,18,0,104,3.86,3.86,0.0,-1572.233242,0.0
2019-02-22,18,0,106,135.89,135.89,0.0,-111.171808,0.0
2019-02-22,18,0,109,51.69,51.69,0.0,180.360466,0.0
2019-02-22,18,0,110,306.39,306.39,0.0,-306390.0,0.0
2019-02-22,18,0,111,10.9,10.9,0.0,19.360974,0.0
2019-02-22,18,0,113,39.31,39.31,0.0,-10097.830064,0.0
2019-02-22,18,0,115,39.31,39.31,0.0,-10097.830064,0.0
2019-02-22,18,0,116,31.75,31.75,0.0,-31750.0,0.0
2019-02-22,18,0,117,2.62,2.62,0.0,-673.01742,0.0
2019-02-22,18,0,119,164.43,164.43,0.0,19747.302564,0.0
2019-02-22,18,0,120,96.69,96.69,0.0,11612.0336,0.0
2019-02-22,18,0,123,2.26,2.26,0.0,-1.848909,0.0
2019-02-22,18,0,125,142.09,142.09,0.0,-116.244037,0.0
2019-02-22,18,0,126,101.92,101.92,0.0,-83.380902,0.0
2019-02-22,18,0,127,130.79,130.79,0.0,-106.999491,0.0
2019-02-22,18,0,128,204.04,204.04,0.0,-166.925423,0.0
2019-02-22,18,0,131,30.0,30.0,0.0,-11050.480286,0.0
2019-02-22,18,0,132,44.1,44.1,0.0,-16244.20602,0.0
2019-02-22,18,0,133,13.57,13.57,0.0,95.55273,0.0
2019-02-22,18,0,134,0.0,0.0,0.0,0.0,0.0
2019-02-22,18,0,135,18.18,18.18,0.0,128.013901,0.0
2019-02-22,18,0,136,13.14,13.14,0.0,91.684345,0.0
2019-02-22,18,0,139,44.94,44.94,0.0,79.824054,0.0
2019-02-22,18,0,140,226.76,226.76,0.0,-226760.0,0.0
2019-02-22,18,0,141,230.0,230.0,0.0,-127238.923227,0.0
2019-02-22,18,0,142,238.29,238.29,0.0,-131825.05659,0.0
2019-02-22,18,0,143,97.99,97.99,0.0,-85.046443,0.0
2019-02-22,18,0,145,21.42,21.42,0.0,16.052342,0.0
2019-02-22,18,0,146,268.0,268.0,0.0,-268000.0,0.0
2019-02-22,18,0,152,4.43,4.43,0.0,24.20923,0.0
2019-02-22,18,0,153,5.42,5.42,0.0,29.235649,0.0
2019-02-22,18,0,154,44.95,44.95,0.0,79.841816,0.0
2019-02-22,18,0,157,250.0,250.0,0.0,-138303.177421,0.0
2019-02-22,18,0,158,177.06,177.06,0.0,-97951.842376,0.0
2019-02-22,18,0,159,0.0,0.0,0.0,0.0,0.0
2019-02-22,18,0,160,1.19,1.19,0.0,7.806918,0.0
2019-02-22,18,0,161,31.56,31.56,0.0,-12854.839665,0.0
2019-02-22,18,0,162,73.86,73.86,0.0,1715.081988,0.0
2019-02-22,18,0,163,139.26,139.26,0.0,-139260.0,0.0
2019-02-22,18,0,164,12.83,12.83,0.0,-11.135278,0.0
2019-02-22,18,0,167,1.38,1.38,0.0,26.374974,0.0
2019-02-22,18,0,168,0.69,0.69,0.0,13.187487,0.0
2019-02-22,18,0,169,0.0,0.0,0.0,0.0,0.0
2019-02-22,18,0,170,1.51,1.51,0.0,28.859573,0.0
2019-02-22,18,0,172,1.8,1.8,0.0,37.771705,0.0
2019-02-22,18,0,173,2.75,2.75,0.0,57.706771,0.0
2019-02-22,18,0,188,2.45,2.45,0.0,75.420299,0.0
2019-02-22,18,0,190,2.01,2.01,0.0,65.17939,0.0
2019-02-22,18,0,191,5.19,5.19,0.0,168.299021,0.0
2019-02-22,18,0,192,212.95,212.95,0.0,6905.448288,0.0
2019-02-22,18,0,194,77.81,77.81,0.0,-9457.569658,0.0
2019-02-22,18,0,196,1.86,1.86,0.0,510.26085,0.0
2019-02-22,18,0,198,4.17,4.17,0.0,36.144063,0.0
2019-02-22,18,0,199,22.65,22.65,0.0,-549.699558,0.0
2019-02-22,18,0,200,5.32,5.32,0.0,-129.112655,0.0
2019-02-22,18,0,204,217.9,217.9,0.0,717.51529,0.0
2019-02-22,18,0,205,273.42,273.42,0.0,954.036731,0.0
2019-02-22,18,0,206,442.35,442.35,0.0,-406.945901,0.0
2019-02-22,18,0,210,0.73,0.73,0.0,7.405925,0.0
2019-02-22,18,0,214,5.83,5.83,0.0,53.847528,0.0
2019-02-22,18,0,217,3.67,3.67,0.0,35.403064,0.0
2019-02-22,18,0,218,5.06,5.06,0.0,48.811854,0.0
2019-02-22,18,0,219,3.45,3.45,0.0,33.28081,0.0
2019-02-22,18,0,221,3.11,3.11,0.0,28.724839,0.0
2019-02-22,18,0,225,2.19,2.19,0.0,21.5427,0.0
2019-02-22,18,0,233,3.68,3.68,0.0,30.980858,0.0
2019-02-22,18,0,236,29.49,29.49,0.0,185.098572,0.0
2019-02-22,18,0,237,54.8,54.8,0.0,295.92189,0.0
2019-02-22,18,0,238,39.22,39.22,0.0,264.207455,0.0
2019-02-22,18,0,240,6.6,6.6,0.0,32.599161,0.0
2019-02-22,18,0,245,15.69,15.69,0.0,113.610226,0.0
2019-02-22,18,0,247,39.76,39.76,0.0,287.899464,0.0
2019-02-22,18,0,248,5.5,5.5,0.0,29.70019,0.0
2019-02-22,18,0,249,30.17,30.17,0.0,218.458924,0.0
2019-02-22,18,0,251,122.3,122.3,0.0,842.543998,0.0
2019-02-22,18,0,252,102.3,102.3,0.0,714.11085,0.0
2019-02-22,18,0,254,9.12,9.12,0.0,51.362604,0.0
2019-02-22,18,0,255,4.18,4.18,0.0,23.541193,0.0
2019-02-22,18,0,258,8.12,8.12,0.0,40.6072,0.0
2019-02-22,18,0,260,2.89,2.89,0.0,18.959657,0.0
2019-02-22,18,0,265,46.54,46.54,0.0,82.666032,0.0
2019-02-22,18,0,266,29.1,29.1,0.0,51.688473,0.0
2019-02-22,18,0,267,35.76,35.76,0.0,63.518206,0.0
2019-02-22,18,0,270,434.92,434.92,0.0,-434920.0,0.0
2019-02-22,18,0,272,131.39,131.39,0.0,-33751.052967,0.0
2019-02-22,18,0,273,7.59,7.59,0.0,-7590.0,0.0
2019-02-22,18,0,274,560.66,560.66,0.0,-560660.0,0.0
2019-02-22,18,0,275,780.45,780.45,0.0,-780450.0,0.0
2019-02-22,18,0,276,2.05,2.05,0.0,-1845.495749,0.0
2019-02-22,18,0,277,3.28,3.28,0.0,-880.22896,0.0
2019-02-22,18,0,278,5.25,5.25,0.0,-1408.90306,0.0
2019-02-22,18,0,279,223.24,223.24,0.0,-59909.241749,0.0
2019-02-22,18,0,281,19.83,19.83,0.0,-17.210644,0.0
2019-02-22,18,0,282,182.67,182.67,0.0,-158.541012,0.0
2019-02-22,19,0,9,0.34,0.34,0.0,3.865427,0.0
2019-02-22,19,0,17,3.05,3.05,0.0,42.025931,0.0
2019-02-22,19,0,19,59.3,59.3,0.0,817.094322,0.0
2019-02-22,19,0,20,72.08,72.08,0.0,993.18986,0.0
2019-02-22,19,0,21,7.79,7.79,0.0,88.563744,0.0
2019-02-22,19,0,22,27.7,27.7,0.0,314.918575,0.0
2019-02-22,19,0,23,108.8,108.8,0.0,1236.936497,0.0
2019-02-22,19,0,24,192.5,192.5,0.0,2188.513563,0.0
2019-02-22,19,0,29,0.14,0.14,0.0,1.210002,0.0
2019-02-22,19,0,30,75.98,75.98,0.0,862.965443,0.0
2019-02-22,19,0,31,21.38,21.38,0.0,242.829707,0.0
2019-02-22,19,0,32,0.22,0.22,0.0,11.106129,0.0
2019-02-22,19,0,33,0.15,0.15,0.0,2.163191,0.0
2019-02-22,19,0,34,0.25,0.25,0.0,3.605319,0.0
2019-02-22,19,0,35,0.25,0.25,0.0,3.605319,0.0
2019-02-22,19,0,36,0.87,0.87,0.0,10.913266,0.0
2019-02-22,19,0,37,0.41,0.41,0.0,5.121723,0.0
2019-02-22,19,0,38,0.52,0.52,0.0,6.495843,0.0
2019-02-22,19,0,39,0.35,0.35,0.0,4.372202,0.0
2019-02-22,19,0,40,0.35,0.35,0.0,4.372202,0.0
2019-02-22,19,0,41,34.8,34.8,0.0,417.546871,0.0
2019-02-22,19,0,42,8.34,8.34,0.0,113.755677,0.0
2019-02-22,19,0,43,2.44,2.44,0.0,30.338346,0.0
2019-02-22,19,0,46,2.1,2.1,0.0,25.906871,0.0
2019-02-22,19,0,52,22.66,22.66,0.0,257.367688,0.0
2019-02-22,19,0,53,36.0,36.0,0.0,408.880705,0.0
2019-02-22,19,0,55,171.62,171.62,0.0,1951.130897,0.0
2019-02-22,19,0,56,22.41,22.41,0.0,254.528239,0.0
2019-02-22,19,0,57,21.32,21.32,0.0,242.14824,0.0
2019-02-22,19,0,58,41.0,41.0,0.0,465.669691,0.0
2019-02-22,19,0,59,40.31,40.31,0.0,457.832811,0.0
2019-02-22,19,0,63,166.78,166.78,0.0,19797.794159,0.0
2019-02-22,19,0,64,196.22,196.22,0.0,23292.50012,0.0
2019-02-22,19,0,65,20.47,20.47,0.0,281.526593,0.0
2019-02-22,19,0,67,37.48,37.48,0.0,-20794.024797,0.0
2019-02-22,19,0,68,12.55,12.55,0.0,-5138.273795,0.0
2019-02-22,19,0,69,0.15,0.15,0.0,2.163191,0.0
2019-02-22,19,0,74,25.69,25.69,0.0,335.442233,0.0
2019-02-22,19,0,77,60.0,60.0,0.0,-17299.084396,0.0
2019-02-22,19,0,78,45.36,45.36,0.0,-13078.107803,0.0
2019-02-22,19,0,79,26.25,26.25,0.0,-7568.349423,0.0
2019-02-22,19,0,80,42.45,42.45,0.0,-12239.10221,0.0
2019-02-22,19,0,81,55.5,55.5,0.0,-16001.653066,0.0
2019-02-22,19,0,82,39.15,39.15,0.0,-11287.652568,0.0
2019-02-22,19,0,83,87.3,87.3,0.0,-25170.167796,0.0
2019-02-22,19,0,84,0.0,0.0,0.0,0.0,0.0
2019-02-22,19,0,86,0.78,0.78,0.0,11.248595,0.0
2019-02-22,19,0,87,3.97,3.97,0.0,57.252463,0.0
2019-02-22,19,0,88,49.68,49.68,0.0,-14323.64188,0.0
2019-02-22,19,0,89,47.76,47.76,0.0,-13770.071179,0.0
2019-02-22,19,0,90,64.13,64.13,0.0,-18489.838039,0.0
2019-02-22,19,0,91,228.75,228.75,0.0,-65952.75926,0.0
2019-02-22,19,0,92,82.27,82.27,0.0,-23719.927888,0.0
2019-02-22,19,0,95,75.49,75.49,0.0,1693.220817,0.0
2019-02-22,19,0,96,29.02,29.02,0.0,329.2665,0.0
2019-02-22,19,0,97,178.46,178.46,0.0,2024.841477,0.0
2019-02-22,19,0,99,4.96,4.96,0.0,64.764246,0.0
2019-02-22,19,0,101,1.53,1.53,0.0,17.37743,0.0
2019-02-22,19,0,102,35.91,35.91,0.0,-14702.423265,0.0
2019-02-22,19,0,103,30.13,30.13,0.0,-12335.951349,0.0
2019-02-22,19,0,104,4.3,4.3,0.0,-1760.524089,0.0
2019-02-22,19,0,106,27.27,27.27,0.0,310.029947,0.0
2019-02-22,19,0,109,51.72,51.72,0.0,635.584598,0.0
2019-02-22,19,0,110,338.6,338.6,0.0,-338600.0,0.0
2019-02-22,19,0,111,1.94,1.94,0.0,23.277038,0.0
2019-02-22,19,0,113,40.96,40.96,0.0,-10606.705921,0.0
2019-02-22,19,0,115,40.96,40.96,0.0,-10606.705921,0.0
2019-02-22,19,0,116,9.69,9.69,0.0,-9690.0,0.0
2019-02-22,19,0,117,2.73,2.73,0.0,-706.941093,0.0
2019-02-22,19,0,119,196.22,196.22,0.0,23292.50012,0.0
2019-02-22,19,0,120,115.37,115.37,0.0,13695.116394,0.0
2019-02-22,19,0,123,0.45,0.45,0.0,5.116006,0.0
2019-02-22,19,0,125,174.2,174.2,0.0,1980.462663,0.0
2019-02-22,19,0,126,20.45,20.45,0.0,232.494038,0.0
2019-02-22,19,0,127,26.24,26.24,0.0,298.319979,0.0
2019-02-22,19,0,128,249.5,249.5,0.0,2836.540955,0.0
2019-02-22,19,0,131,30.0,30.0,0.0,-11117.938479,0.0
2019-02-22,19,0,132,44.1,44.1,0.0,-16343.369564,0.0
2019-02-22,19,0,133,16.96,16.96,0.0,233.733057,0.0
2019-02-22,19,0,134,0.0,0.0,0.0,0.0,0.0
2019-02-22,19,0,135,22.98,22.98,0.0,316.697268,0.0
2019-02-22,19,0,136,17.36,17.36,0.0,238.729707,0.0
2019-02-22,19,0,139,44.94,44.94,0.0,539.21139,0.0
2019-02-22,19,0,140,250.6,250.6,0.0,-250600.0,0.0
2019-02-22,19,0,141,230.0,230.0,0.0,-127604.741286,0.0
2019-02-22,19,0,142,49.43,49.43,0.0,-27423.923312,0.0
2019-02-22,19,0,143,47.88,47.88,0.0,543.811337,0.0
2019-02-22,19,0,145,24.08,24.08,0.0,281.841577,0.0
2019-02-22,19,0,146,268.0,268.0,0.0,-268000.0,0.0
2019-02-22,19,0,152,0.66,0.66,0.0,8.59672,0.0
2019-02-22,19,0,153,0.79,0.79,0.0,10.262807,0.0
2019-02-22,19,0,154,7.98,7.98,0.0,95.747817,0.0
2019-02-22,19,0,157,250.0,250.0,0.0,-138700.805746,0.0
2019-02-22,19,0,158,58.72,58.72,0.0,-32578.045254,0.0
2019-02-22,19,0,159,0.0,0.0,0.0,0.0,0.0
2019-02-22,19,0,160,0.17,0.17,0.0,2.101346,0.0
2019-02-22,19,0,161,6.11,6.11,0.0,-2501.581903,0.0
2019-02-22,19,0,162,87.7,87.7,0.0,2035.803506,0.0
2019-02-22,19,0,163,152.89,152.89,0.0,-152890.0,0.0
2019-02-22,19,0,164,3.3,3.3,0.0,37.480731,0.0
2019-02-22,19,0,167,0.18,0.18,0.0,3.44975,0.0
2019-02-22,19,0,168,0.09,0.09,0.0,1.724875,0.0
2019-02-22,19,0,169,0.0,0.0,0.0,0.0,0.0
2019-02-22,19,0,170,0.2,0.2,0.0,3.833055,0.0
2019-02-22,19,0,172,0.25,0.25,0.0,5.249379,0.0
2019-02-22,19,0,173,0.38,0.38,0.0,7.979056,0.0
2019-02-22,19,0,188,0.43,0.43,0.0,12.917249,0.0
2019-02-22,19,0,190,0.56,0.56,0.0,18.159432,0.0
2019-02-22,19,0,191,1.44,1.44,0.0,46.695682,0.0
2019-02-22,19,0,192,242.19,242.19,0.0,7853.630058,0.0
2019-02-22,19,0,194,146.19,146.19,0.0,-18031.165369,0.0
2019-02-22,19,0,196,0.54,0.54,0.0,147.081605,0.0
2019-02-22,19,0,198,0.63,0.63,0.0,7.499259,0.0
2019-02-22,19,0,199,16.95,16.95,0.0,-467.216626,0.0
2019-02-22,19,0,200,0.93,0.93,0.0,-25.634895,0.0
2019-02-22,19,0,204,214.4,214.4,0.0,2620.402993,0.0
2019-02-22,19,0,205,273.62,273.62,0.0,3362.503051,0.0
2019-02-22,19,0,206,524.38,524.38,0.0,5949.716316,0.0
2019-02-22,19,0,210,0.07,0.07,0.0,0.625073,0.0
2019-02-22,19,0,214,0.6,0.6,0.0,8.881497,0.0
2019-02-22,19,0,217,0.45,0.45,0.0,5.507525,0.0
2019-02-22,19,0,218,0.62,0.62,0.0,7.588145,0.0
2019-02-22,19,0,219,0.43,0.43,0.0,5.262746,0.0
2019-02-22,19,0,221,0.32,0.32,0.0,4.736799,0.0
2019-02-22,19,0,225,0.2,0.2,0.0,1.723036,0.0
2019-02-22,19,0,233,0.44,0.44,0.0,6.345361,0.0
2019-02-22,19,0,236,26.9,26.9,0.0,361.002926,0.0
2019-02-22,19,0,237,61.62,61.62,0.0,804.591295,0.0
2019-02-22,19,0,238,10.85,10.85,0.0,147.991499,0.0
2019-02-22,19,0,240,0.98,0.98,0.0,12.293104,0.0
2019-02-22,19,0,245,20.27,20.27,0.0,281.227963,0.0
2019-02-22,19,0,247,49.35,49.35,0.0,684.686728,0.0
2019-02-22,19,0,248,6.19,6.19,0.0,80.824734,0.0
2019-02-22,19,0,249,38.98,38.98,0.0,540.812334,0.0
2019-02-22,19,0,251,157.58,157.58,0.0,2160.527226,0.0
2019-02-22,19,0,252,132.06,132.06,0.0,1816.238488,0.0
2019-02-22,19,0,254,1.01,1.01,0.0,12.539612,0.0
2019-02-22,19,0,255,0.46,0.46,0.0,5.71111,0.0
2019-02-22,19,0,258,1.2,1.2,0.0,15.031416,0.0
2019-02-22,19,0,260,0.42,0.42,0.0,5.19156,0.0
2019-02-22,19,0,265,8.27,8.27,0.0,99.227374,0.0
2019-02-22,19,0,266,29.1,29.1,0.0,349.155573,0.0
2019-02-22,19,0,267,35.76,35.76,0.0,429.065405,0.0
2019-02-22,19,0,270,477.47,477.47,0.0,-477470.0,0.0
2019-02-22,19,0,272,136.89,136.89,0.0,-35448.046228,0.0
2019-02-22,19,0,273,2.32,2.32,0.0,-2320.0,0.0
2019-02-22,19,0,274,615.51,615.51,0.0,-615510.0,0.0
2019-02-22,19,0,275,856.8,856.8,0.0,-856800.0,0.0
2019-02-22,19,0,276,0.53,0.53,0.0,-477.316387,0.0
2019-02-22,19,0,277,0.67,0.67,0.0,-181.386286,0.0
2019-02-22,19,0,278,1.07,1.07,0.0,-289.676607,0.0
2019-02-22,19,0,279,242.21,242.21,0.0,-65572.496192,0.0
2019-02-22,19,0,281,9.59,9.59,0.0,108.921277,0.0
2019-02-22,19,0,282,41.68,41.68,0.0,473.392994,0.0
2019-02-22,20,0,9,0.0,0.0,0.0,0.0,0.0
2019-02-22,20,0,17,0.0,0.0,0.0,0.0,0.0
2019-02-22,20,0,19,87.56,87.56,0.0,1205.89667,0.0
2019-02-22,20,0,20,106.19,106.19,0.0,1462.47336,0.0
2019-02-22,20,0,21,0.0,0.0,0.0,0.0,0.0
2019-02-22,20,0,22,0.0,0.0,0.0,0.0,0.0
2019-02-22,20,0,23,108.8,108.8,0.0,615.706072,0.0
2019-02-22,20,0,24,192.5,192.5,0.0,1089.369658,0.0
2019-02-22,20,0,29,0.0,0.0,0.0,0.0,0.0
2019-02-22,20,0,30,0.0,0.0,0.0,0.0,0.0
2019-02-22,20,0,31,20.84,20.84,0.0,117.01077,0.0
2019-02-22,20,0,32,0.0,0.0,0.0,0.0,0.0
2019-02-22,20,0,33,0.0,0.0,0.0,0.0,0.0
2019-02-22,20,0,34,0.0,0.0,0.0,0.0,0.0
2019-02-22,20,0,35,0.0,0.0,0.0,0.0,0.0
2019-02-22,20,0,36,0.0,0.0,0.0,0.0,0.0
2019-02-22,20,0,37,0.0,0.0,0.0,0.0,0.0
2019-02-22,20,0,38,0.0,0.0,0.0,0.0,0.0
2019-02-22,20,0,39,0.0,0.0,0.0,0.0,0.0
2019-02-22,20,0,40,0.0,0.0,0.0,0.0,0.0
2019-02-22,20,0,41,60.5,60.5,0.0,487.374823,0.0
2019-02-22,20,0,42,0.0,0.0,0.0,0.0,0.0
2019-02-22,20,0,43,0.0,0.0,0.0,0.0,0.0
2019-02-22,20,0,46,0.0,0.0,0.0,0.0,0.0
2019-02-22,20,0,52,22.09,22.09,0.0,124.02917,0.0
2019-02-22,20,0,53,35.09,35.09,0.0,197.020533,0.0
2019-02-22,20,0,55,160.55,160.55,0.0,908.56259,0.0
2019-02-22,20,0,56,0.0,0.0,0.0,0.0,0.0
2019-02-22,20,0,57,0.0,0.0,0.0,0.0,0.0
2019-02-22,20,0,58,0.0,0.0,0.0,0.0,0.0
2019-02-22,20,0,59,0.0,0.0,0.0,0.0,0.0
2019-02-22,20,0,63,103.58,103.58,0.0,2816.24905,0.0
2019-02-22,20,0,64,121.86,121.86,0.0,3313.266163,0.0
2019-02-22,20,0,65,16.14,16.14,0.0,221.114749,0.0
2019-02-22,20,0,67,0.0,0.0,0.0,-0.0,0.0
2019-02-22,20,0,68,7.54,7.54,0.0,-54.223452,0.0
2019-02-22,20,0,69,0.0,0.0,0.0,0.0,0.0
2019-02-22,20,0,74,21.89,21.89,0.0,256.302806,0.0
2019-02-22,20,0,77,80.48,80.48,0.0,113.903153,0.0
2019-02-22,20,0,78,61.1,61.1,0.0,86.474685,0.0
2019-02-22,20,0,79,35.56,35.56,0.0,50.327984,0.0
2019-02-22,20,0,80,57.23,57.23,0.0,80.997483,0.0
2019-02-22,20,0,81,74.54,74.54,0.0,105.496285,0.0
2019-02-22,20,0,82,52.83,52.83,0.0,74.770174,0.0
2019-02-22,20,0,83,116.19,116.19,0.0,164.443432,0.0
2019-02-22,20,0,84,0.0,0.0,0.0,0.0,0.0
2019-02-22,20,0,86,0.0,0.0,0.0,0.0,0.0
2019-02-22,20,0,87,0.0,0.0,0.0,0.0,0.0
2019-02-22,20,0,88,78.49,78.49,0.0,111.086711,0.0
2019-02-22,20,0,89,75.46,75.46,0.0,106.798359,0.0
2019-02-22,20,0,90,101.24,101.24,0.0,143.284732,0.0
2019-02-22,20,0,91,360.45,360.45,0.0,510.144031,0.0
2019-02-22,20,0,92,129.81,129.81,0.0,183.719786,0.0
2019-02-22,20,0,95,69.14,69.14,0.0,1529.959775,0.0
2019-02-22,20,0,96,24.56,24.56,0.0,136.759352,0.0
2019-02-22,20,0,97,177.36,177.36,0.0,987.607435,0.0
2019-02-22,20,0,99,4.22,4.22,0.0,49.410591,0.0
2019-02-22,20,0,101,0.0,0.0,0.0,0.0,0.0
2019-02-22,20,0,102,17.85,17.85,0.0,-128.36719,0.0
2019-02-22,20,0,103,15.52,15.52,0.0,-111.611137,0.0
2019-02-22,20,0,104,2.88,2.88,0.0,-20.711345,0.0
2019-02-22,20,0,106,0.0,0.0,0.0,0.0,0.0
2019-02-22,20,0,109,47.84,47.84,0.0,450.910856,0.0
2019-02-22,20,0,110,248.71,248.71,0.0,-11887.6594,0.0
2019-02-22,20,0,111,0.0,0.0,0.0,0.0,0.0
2019-02-22,20,0,113,29.1,29.1,0.0,73.187237,0.0
2019-02-22,20,0,115,29.1,29.1,0.0,73.187237,0.0
2019-02-22,20,0,116,0.0,0.0,0.0,-0.0,0.0
2019-02-22,20,0,117,1.94,1.94,0.0,4.879149,0.0
2019-02-22,20,0,119,121.86,121.86,0.0,3313.266163,0.0
2019-02-22,20,0,120,71.65,71.65,0.0,1948.100448,0.0
2019-02-22,20,0,123,0.0,0.0,0.0,0.0,0.0
2019-02-22,20,0,125,174.2,174.2,0.0,985.808803,0.0
2019-02-22,20,0,126,0.0,0.0,0.0,0.0,0.0
2019-02-22,20,0,127,0.0,0.0,0.0,0.0,0.0
2019-02-22,20,0,128,249.5,249.5,0.0,1411.936258,0.0
2019-02-22,20,0,131,26.56,26.56,0.0,-120.101337,0.0
2019-02-22,20,0,132,39.04,39.04,0.0,-176.534496,0.0
2019-02-22,20,0,133,16.49,16.49,0.0,227.216646,0.0
2019-02-22,20,0,134,0.0,0.0,0.0,0.0,0.0
2019-02-22,20,0,135,21.97,21.97,0.0,302.725878,0.0
2019-02-22,20,0,136,15.12,15.12,0.0,207.08083,0.0
2019-02-22,20,0,139,80.98,80.98,0.0,652.357243,0.0
2019-02-22,20,0,140,184.07,184.07,0.0,-8798.043769,0.0
2019-02-22,20,0,141,230.0,230.0,0.0,-3953.048833,0.0
2019-02-22,20,0,142,0.0,0.0,0.0,-0.0,0.0
2019-02-22,20,0,143,44.88,44.88,0.0,251.988644,0.0
2019-02-22,20,0,145,18.6,18.6,0.0,130.773077,0.0
2019-02-22,20,0,146,268.0,268.0,0.0,-12809.668767,0.0
2019-02-22,20,0,152,0.0,0.0,0.0,0.0,0.0
2019-02-22,20,0,153,0.0,0.0,0.0,0.0,0.0
2019-02-22,20,0,154,0.0,0.0,0.0,0.0,0.0
2019-02-22,20,0,157,250.0,250.0,0.0,-4296.79221,0.0
2019-02-22,20,0,158,0.0,0.0,0.0,-0.0,0.0
2019-02-22,20,0,159,0.0,0.0,0.0,0.0,0.0
2019-02-22,20,0,160,0.0,0.0,0.0,0.0,0.0
2019-02-22,20,0,161,0.0,0.0,0.0,-0.0,0.0
2019-02-22,20,0,162,70.28,70.28,0.0,1559.162357,0.0
2019-02-22,20,0,163,100.65,100.65,0.0,-4810.795379,0.0
2019-02-22,20,0,164,0.0,0.0,0.0,0.0,0.0
2019-02-22,20,0,167,0.0,0.0,0.0,0.0,0.0
2019-02-22,20,0,168,0.0,0.0,0.0,0.0,0.0
2019-02-22,20,0,169,0.0,0.0,0.0,0.0,0.0
2019-02-22,20,0,170,0.0,0.0,0.0,0.0,0.0
2019-02-22,20,0,172,0.0,0.0,0.0,0.0,0.0
2019-02-22,20,0,173,0.0,0.0,0.0,0.0,0.0
2019-02-22,20,0,188,0.0,0.0,0.0,0.0,0.0
2019-02-22,20,0,190,0.0,0.0,0.0,0.0,0.0
2019-02-22,20,0,191,0.0,0.0,0.0,0.0,0.0
2019-02-22,20,0,192,173.91,173.91,0.0,4728.459859,0.0
2019-02-22,20,0,194,121.4,121.4,0.0,1333.152244,0.0
2019-02-22,20,0,196,0.0,0.0,0.0,0.0,0.0
2019-02-22,20,0,198,0.0,0.0,0.0,0.0,0.0
2019-02-22,20,0,199,15.27,15.27,0.0,179.367628,0.0
2019-02-22,20,0,200,0.0,0.0,0.0,0.0,0.0
2019-02-22,20,0,204,377.85,377.85,0.0,3480.450706,0.0
2019-02-22,20,0,205,253.05,253.05,0.0,2385.095989,0.0
2019-02-22,20,0,206,671.87,671.87,0.0,3741.225797,0.0
2019-02-22,20,0,210,0.0,0.0,0.0,0.0,0.0
2019-02-22,20,0,214,0.0,0.0,0.0,0.0,0.0
2019-02-22,20,0,217,0.0,0.0,0.0,0.0,0.0
2019-02-22,20,0,218,0.0,0.0,0.0,0.0,0.0
2019-02-22,20,0,219,0.0,0.0,0.0,0.0,0.0
2019-02-22,20,0,221,0.0,0.0,0.0,0.0,0.0
2019-02-22,20,0,225,0.0,0.0,0.0,0.0,0.0
2019-02-22,20,0,233,0.0,0.0,0.0,0.0,0.0
2019-02-22,20,0,236,34.38,34.38,0.0,439.16412,0.0
2019-02-22,20,0,237,52.51,52.51,0.0,614.822309,0.0
2019-02-22,20,0,238,0.0,0.0,0.0,0.0,0.0
2019-02-22,20,0,240,0.0,0.0,0.0,0.0,0.0
2019-02-22,20,0,245,39.08,39.08,0.0,548.62821,0.0
2019-02-22,20,0,247,44.37,44.37,0.0,622.892367,0.0
2019-02-22,20,0,248,5.27,5.27,0.0,61.704696,0.0
2019-02-22,20,0,249,75.12,75.12,0.0,1054.579098,0.0
2019-02-22,20,0,251,135.47,135.47,0.0,1839.801033,0.0
2019-02-22,20,0,252,104.1,104.1,0.0,1426.149031,0.0
2019-02-22,20,0,254,0.0,0.0,0.0,0.0,0.0
2019-02-22,20,0,255,0.0,0.0,0.0,0.0,0.0
2019-02-22,20,0,258,0.0,0.0,0.0,0.0,0.0
2019-02-22,20,0,260,0.0,0.0,0.0,0.0,0.0
2019-02-22,20,0,265,0.0,0.0,0.0,0.0,0.0
2019-02-22,20,0,266,49.35,49.35,0.0,397.552852,0.0
2019-02-22,20,0,267,62.41,62.41,0.0,502.761367,0.0
2019-02-22,20,0,270,314.31,314.31,0.0,-15023.160412,0.0
2019-02-22,20,0,272,97.26,97.26,0.0,244.611365,0.0
2019-02-22,20,0,273,0.0,0.0,0.0,-0.0,0.0
2019-02-22,20,0,274,405.19,405.19,0.0,-19366.976447,0.0
2019-02-22,20,0,275,564.03,564.03,0.0,-26959.095056,0.0
2019-02-22,20,0,276,0.0,0.0,0.0,-0.0,0.0
2019-02-22,20,0,277,0.0,0.0,0.0,0.0,0.0
2019-02-22,20,0,278,0.0,0.0,0.0,0.0,0.0
2019-02-22,20,0,279,398.42,398.42,0.0,826.373582,0.0
2019-02-22,20,0,281,9.35,9.35,0.0,52.497634,0.0
2019-02-22,20,0,282,0.0,0.0,0.0,0.0,0.0
2019-02-22,21,0,9,0.0,0.0,0.0,0.0,0.0
2019-02-22,21,0,17,0.0,0.0,0.0,0.0,0.0
2019-02-22,21,0,19,129.93,129.93,0.0,1310.376571,0.0
2019-02-22,21,0,20,157.58,157.58,0.0,1589.233741,0.0
2019-02-22,21,0,21,0.0,0.0,0.0,0.0,0.0
2019-02-22,21,0,22,0.0,0.0,0.0,0.0,0.0
2019-02-22,21,0,23,105.85,105.85,0.0,700.68819,0.0
2019-02-22,21,0,24,187.29,187.29,0.0,1239.791129,0.0
2019-02-22,21,0,29,0.0,0.0,0.0,0.0,0.0
2019-02-22,21,0,30,0.0,0.0,0.0,0.0,0.0
2019-02-22,21,0,31,22.12,22.12,0.0,145.980561,0.0
2019-02-22,21,0,32,0.0,0.0,0.0,0.0,0.0
2019-02-22,21,0,33,0.0,0.0,0.0,0.0,0.0
2019-02-22,21,0,34,0.0,0.0,0.0,0.0,0.0
2019-02-22,21,0,35,0.0,0.0,0.0,0.0,0.0
2019-02-22,21,0,36,0.0,0.0,0.0,0.0,0.0
2019-02-22,21,0,37,0.0,0.0,0.0,0.0,0.0
2019-02-22,21,0,38,0.0,0.0,0.0,0.0,0.0
2019-02-22,21,0,39,0.0,0.0,0.0,0.0,0.0
2019-02-22,21,0,40,0.0,0.0,0.0,0.0,0.0
2019-02-22,21,0,41,111.37,111.37,0.0,856.611159,0.0
2019-02-22,21,0,42,0.0,0.0,0.0,0.0,0.0
2019-02-22,21,0,43,0.0,0.0,0.0,0.0,0.0
2019-02-22,21,0,46,0.0,0.0,0.0,0.0,0.0
2019-02-22,21,0,52,23.45,23.45,0.0,154.757873,0.0
2019-02-22,21,0,53,37.25,37.25,0.0,245.830737,0.0
2019-02-22,21,0,55,152.83,152.83,0.0,1011.678564,0.0
2019-02-22,21,0,56,0.0,0.0,0.0,0.0,0.0
2019-02-22,21,0,57,0.0,0.0,0.0,0.0,0.0
2019-02-22,21,0,58,0.0,0.0,0.0,0.0,0.0
2019-02-22,21,0,59,0.0,0.0,0.0,0.0,0.0
2019-02-22,21,0,63,60.7,60.7,0.0,1170.920336,0.0
2019-02-22,21,0,64,71.41,71.41,0.0,1377.519295,0.0
2019-02-22,21,0,65,13.46,13.46,0.0,135.365196,0.0
2019-02-22,21,0,67,0.0,0.0,0.0,-0.0,0.0
2019-02-22,21,0,68,4.23,4.23,0.0,6.162843,0.0
2019-02-22,21,0,69,0.0,0.0,0.0,0.0,0.0
2019-02-22,21,0,74,19.07,19.07,0.0,176.727656,0.0
2019-02-22,21,0,77,127.36,127.36,0.0,596.989722,0.0
2019-02-22,21,0,78,96.47,96.47,0.0,452.19534,0.0
2019-02-22,21,0,79,55.96,55.96,0.0,262.307984,0.0
2019-02-22,21,0,80,90.31,90.31,0.0,423.320837,0.0
2019-02-22,21,0,81,117.88,117.88,0.0,552.552987,0.0
2019-02-22,21,0,82,83.33,83.33,0.0,390.60265,0.0
2019-02-22,21,0,83,184.63,184.63,0.0,865.438226,0.0
2019-02-22,21,0,84,0.0,0.0,0.0,0.0,0.0
2019-02-22,21,0,86,0.0,0.0,0.0,0.0,0.0
2019-02-22,21,0,87,0.0,0.0,0.0,0.0,0.0
2019-02-22,21,0,88,124.46,124.46,0.0,583.396206,0.0
2019-02-22,21,0,89,119.65,119.65,0.0,560.84972,0.0
2019-02-22,21,0,90,160.65,160.65,0.0,753.033911,0.0
2019-02-22,21,0,91,573.06,573.06,0.0,2686.172505,0.0
2019-02-22,21,0,92,206.1,206.1,0.0,966.077118,0.0
2019-02-22,21,0,95,68.55,68.55,0.0,1172.939536,0.0
2019-02-22,21,0,96,18.53,18.53,0.0,121.89819,0.0
2019-02-22,21,0,97,113.97,113.97,0.0,749.742943,0.0
2019-02-22,21,0,99,3.68,3.68,0.0,34.103711,0.0
2019-02-22,21,0,101,0.0,0.0,0.0,0.0,0.0
2019-02-22,21,0,102,10.01,10.01,0.0,14.583939,0.0
2019-02-22,21,0,103,8.71,8.71,0.0,12.689921,0.0
2019-02-22,21,0,104,1.62,1.62,0.0,2.360238,0.0
2019-02-22,21,0,106,0.0,0.0,0.0,0.0,0.0
2019-02-22,21,0,109,63.13,63.13,0.0,526.797754,0.0
2019-02-22,21,0,110,171.37,171.37,0.0,-2343.150799,0.0
2019-02-22,21,0,111,0.0,0.0,0.0,0.0,0.0
2019-02-22,21,0,113,38.35,38.35,0.0,192.509903,0.0
2019-02-22,21,0,115,38.35,38.35,0.0,192.509903,0.0
2019-02-22,21,0,116,0.0,0.0,0.0,-0.0,0.0
2019-02-22,21,0,117,2.58,2.58,0.0,12.951123,0.0
2019-02-22,21,0,119,71.41,71.41,0.0,1377.519295,0.0
2019-02-22,21,0,120,41.99,41.99,0.0,809.999092,0.0
2019-02-22,21,0,123,0.0,0.0,0.0,0.0,0.0
2019-02-22,21,0,125,169.48,169.48,0.0,1121.895459,0.0
2019-02-22,21,0,126,0.0,0.0,0.0,0.0,0.0
2019-02-22,21,0,127,0.0,0.0,0.0,0.0,0.0
2019-02-22,21,0,128,242.74,242.74,0.0,1606.849798,0.0
2019-02-22,21,0,131,15.41,15.41,0.0,37.779597,0.0
2019-02-22,21,0,132,22.65,22.65,0.0,55.529388,0.0
2019-02-22,21,0,133,20.64,20.64,0.0,208.214794,0.0
2019-02-22,21,0,134,0.0,0.0,0.0,0.0,0.0
2019-02-22,21,0,135,26.84,26.84,0.0,270.759936,0.0
2019-02-22,21,0,136,13.65,13.65,0.0,137.254715,0.0
2019-02-22,21,0,139,146.7,146.7,0.0,1128.354647,0.0
2019-02-22,21,0,140,126.83,126.83,0.0,-1734.153094,0.0
2019-02-22,21,0,141,230.0,230.0,0.0,-521.532981,0.0
2019-02-22,21,0,142,0.0,0.0,0.0,-0.0,0.0
2019-02-22,21,0,143,44.64,44.64,0.0,294.600915,0.0
2019-02-22,21,0,145,15.1,15.1,0.0,109.439971,0.0
2019-02-22,21,0,146,268.0,268.0,0.0,-3664.377744,0.0
2019-02-22,21,0,152,0.0,0.0,0.0,0.0,0.0
2019-02-22,21,0,153,0.0,0.0,0.0,0.0,0.0
2019-02-22,21,0,154,0.0,0.0,0.0,0.0,0.0
2019-02-22,21,0,157,250.0,250.0,0.0,-566.883676,0.0
2019-02-22,21,0,158,0.0,0.0,0.0,-0.0,0.0
2019-02-22,21,0,159,0.0,0.0,0.0,0.0,0.0
2019-02-22,21,0,160,0.0,0.0,0.0,0.0,0.0
2019-02-22,21,0,161,0.0,0.0,0.0,0.0,0.0
2019-02-22,21,0,162,60.12,60.12,0.0,1030.241038,0.0
2019-02-22,21,0,163,62.72,62.72,0.0,-857.573777,0.0
2019-02-22,21,0,164,0.0,0.0,0.0,0.0,0.0
2019-02-22,21,0,167,0.0,0.0,0.0,0.0,0.0
2019-02-22,21,0,168,0.0,0.0,0.0,0.0,0.0
2019-02-22,21,0,169,0.0,0.0,0.0,0.0,0.0
2019-02-22,21,0,170,0.0,0.0,0.0,0.0,0.0
2019-02-22,21,0,172,0.0,0.0,0.0,0.0,0.0
2019-02-22,21,0,173,0.0,0.0,0.0,0.0,0.0
2019-02-22,21,0,188,0.0,0.0,0.0,0.0,0.0
2019-02-22,21,0,190,0.0,0.0,0.0,0.0,0.0
2019-02-22,21,0,191,0.0,0.0,0.0,0.0,0.0
2019-02-22,21,0,192,119.95,119.95,0.0,2313.869758,0.0
2019-02-22,21,0,194,104.9,104.9,0.0,849.9296,0.0
2019-02-22,21,0,196,0.0,0.0,0.0,0.0,0.0
2019-02-22,21,0,198,0.0,0.0,0.0,0.0,0.0
2019-02-22,21,0,199,14.1,14.1,0.0,142.895056,0.0
2019-02-22,21,0,200,0.0,0.0,0.0,0.0,0.0
2019-02-22,21,0,204,684.3,684.3,0.0,5648.950544,0.0
2019-02-22,21,0,205,292.97,292.97,0.0,2444.73211,0.0
2019-02-22,21,0,206,334.9,334.9,0.0,2203.11408,0.0
2019-02-22,21,0,210,0.0,0.0,0.0,0.0,0.0
2019-02-22,21,0,214,0.0,0.0,0.0,0.0,0.0
2019-02-22,21,0,217,0.0,0.0,0.0,0.0,0.0
2019-02-22,21,0,218,0.0,0.0,0.0,0.0,0.0
2019-02-22,21,0,219,0.0,0.0,0.0,0.0,0.0
2019-02-22,21,0,221,0.0,0.0,0.0,0.0,0.0
2019-02-22,21,0,225,0.0,0.0,0.0,0.0,0.0
2019-02-22,21,0,233,0.0,0.0,0.0,0.0,0.0
2019-02-22,21,0,236,43.43,43.43,0.0,421.060132,0.0
2019-02-22,21,0,237,45.75,45.75,0.0,423.979563,0.0
2019-02-22,21,0,238,0.0,0.0,0.0,0.0,0.0
2019-02-22,21,0,240,0.0,0.0,0.0,0.0,0.0
2019-02-22,21,0,245,78.45,78.45,0.0,799.38102,0.0
2019-02-22,21,0,247,42.57,42.57,0.0,433.775016,0.0
2019-02-22,21,0,248,4.59,4.59,0.0,42.536966,0.0
2019-02-22,21,0,249,150.86,150.86,0.0,1537.216325,0.0
2019-02-22,21,0,251,128.54,128.54,0.0,1286.71373,0.0
2019-02-22,21,0,252,86.85,86.85,0.0,873.437388,0.0
2019-02-22,21,0,254,0.0,0.0,0.0,0.0,0.0
2019-02-22,21,0,255,0.0,0.0,0.0,0.0,0.0
2019-02-22,21,0,258,0.0,0.0,0.0,0.0,0.0
2019-02-22,21,0,260,0.0,0.0,0.0,0.0,0.0
2019-02-22,21,0,265,0.0,0.0,0.0,0.0,0.0
2019-02-22,21,0,266,91.87,91.87,0.0,706.625368,0.0
2019-02-22,21,0,267,114.69,114.69,0.0,882.147202,0.0
2019-02-22,21,0,270,195.88,195.88,0.0,-2678.277286,0.0
2019-02-22,21,0,272,128.08,128.08,0.0,642.937897,0.0
2019-02-22,21,0,273,0.0,0.0,0.0,-0.0,0.0
2019-02-22,21,0,274,252.51,252.51,0.0,-3452.58218,0.0
2019-02-22,21,0,275,351.5,351.5,0.0,-4806.077526,0.0
2019-02-22,21,0,276,0.0,0.0,0.0,-0.0,0.0
2019-02-22,21,0,277,0.0,0.0,0.0,0.0,0.0
2019-02-22,21,0,278,0.0,0.0,0.0,0.0,0.0
2019-02-22,21,0,279,251.57,251.57,0.0,1229.309928,0.0
2019-02-22,21,0,281,9.93,9.93,0.0,65.532865,0.0
2019-02-22,21,0,282,0.0,0.0,0.0,0.0,0.0
2019-02-22,22,0,9,0.0,0.0,0.0,0.0,0.0
2019-02-22,22,0,17,0.0,0.0,0.0,0.0,0.0
2019-02-22,22,0,19,194.65,194.65,0.0,1684.973625,0.0
2019-02-22,22,0,20,236.07,236.07,0.0,2043.522855,0.0
2019-02-22,22,0,21,0.0,0.0,0.0,0.0,0.0
2019-02-22,22,0,22,0.0,0.0,0.0,0.0,0.0
2019-02-22,22,0,23,98.72,98.72,0.0,694.26031,0.0
2019-02-22,22,0,24,174.67,174.67,0.0,1228.387847,0.0
2019-02-22,22,0,29,0.0,0.0,0.0,0.0,0.0
2019-02-22,22,0,30,0.0,0.0,0.0,0.0,0.0
2019-02-22,22,0,31,25.31,25.31,0.0,177.735003,0.0
2019-02-22,22,0,32,0.0,0.0,0.0,0.0,0.0
2019-02-22,22,0,33,0.0,0.0,0.0,0.0,0.0
2019-02-22,22,0,34,0.0,0.0,0.0,0.0,0.0
2019-02-22,22,0,35,0.0,0.0,0.0,0.0,0.0
2019-02-22,22,0,36,0.0,0.0,0.0,0.0,0.0
2019-02-22,22,0,37,0.0,0.0,0.0,0.0,0.0
2019-02-22,22,0,38,0.0,0.0,0.0,0.0,0.0
2019-02-22,22,0,39,0.0,0.0,0.0,0.0,0.0
2019-02-22,22,0,40,0.0,0.0,0.0,0.0,0.0
2019-02-22,22,0,41,116.0,116.0,0.0,878.001126,0.0
2019-02-22,22,0,42,0.0,0.0,0.0,0.0,0.0
2019-02-22,22,0,43,0.0,0.0,0.0,0.0,0.0
2019-02-22,22,0,46,0.0,0.0,0.0,0.0,0.0
2019-02-22,22,0,52,26.83,26.83,0.0,188.408935,0.0
2019-02-22,22,0,53,42.63,42.63,0.0,299.361643,0.0
2019-02-22,22,0,55,284.57,284.57,0.0,2001.272856,0.0
2019-02-22,22,0,56,0.0,0.0,0.0,0.0,0.0
2019-02-22,22,0,57,0.0,0.0,0.0,0.0,0.0
2019-02-22,22,0,58,0.0,0.0,0.0,0.0,0.0
2019-02-22,22,0,59,0.0,0.0,0.0,0.0,0.0
2019-02-22,22,0,63,33.66,33.66,0.0,558.272927,0.0
2019-02-22,22,0,64,39.6,39.6,0.0,656.791678,0.0
2019-02-22,22,0,65,12.28,12.28,0.0,106.159602,0.0
2019-02-22,22,0,67,0.0,0.0,0.0,0.0,0.0
2019-02-22,22,0,68,2.12,2.12,0.0,15.392365,0.0
2019-02-22,22,0,69,0.0,0.0,0.0,0.0,0.0
2019-02-22,22,0,74,17.41,17.41,0.0,144.819183,0.0
2019-02-22,22,0,77,122.05,122.05,0.0,737.51457,0.0
2019-02-22,22,0,78,92.27,92.27,0.0,557.562224,0.0
2019-02-22,22,0,79,53.4,53.4,0.0,322.681508,0.0
2019-02-22,22,0,80,86.35,86.35,0.0,521.789292,0.0
2019-02-22,22,0,81,112.89,112.89,0.0,682.16321,0.0
2019-02-22,22,0,82,79.64,79.64,0.0,481.242609,0.0
2019-02-22,22,0,83,177.58,177.58,0.0,1073.067082,0.0
2019-02-22,22,0,84,0.0,0.0,0.0,0.0,0.0
2019-02-22,22,0,86,0.0,0.0,0.0,0.0,0.0
2019-02-22,22,0,87,0.0,0.0,0.0,0.0,0.0
2019-02-22,22,0,88,119.53,119.53,0.0,722.286904,0.0
2019-02-22,22,0,89,114.9,114.9,0.0,694.309087,0.0
2019-02-22,22,0,90,154.28,154.28,0.0,932.271593,0.0
2019-02-22,22,0,91,550.35,550.35,0.0,3325.613631,0.0
2019-02-22,22,0,92,197.93,197.93,0.0,1196.036533,0.0
2019-02-22,22,0,95,72.89,72.89,0.0,1200.864033,0.0
2019-02-22,22,0,96,15.26,15.26,0.0,106.99643,0.0
2019-02-22,22,0,97,93.82,93.82,0.0,657.824711,0.0
2019-02-22,22,0,99,3.36,3.36,0.0,27.949021,0.0
2019-02-22,22,0,101,0.0,0.0,0.0,0.0,0.0
2019-02-22,22,0,102,5.02,5.02,0.0,36.447958,0.0
2019-02-22,22,0,103,4.37,4.37,0.0,31.728601,0.0
2019-02-22,22,0,104,0.81,0.81,0.0,5.881045,0.0
2019-02-22,22,0,106,0.0,0.0,0.0,0.0,0.0
2019-02-22,22,0,109,124.9,124.9,0.0,989.598817,0.0
2019-02-22,22,0,110,112.96,112.96,0.0,1528.00307,0.0
2019-02-22,22,0,111,0.0,0.0,0.0,0.0,0.0
2019-02-22,22,0,113,47.76,47.76,0.0,263.180317,0.0
2019-02-22,22,0,115,47.76,47.76,0.0,263.180317,0.0
2019-02-22,22,0,116,0.0,0.0,0.0,0.0,0.0
2019-02-22,22,0,117,3.18,3.18,0.0,17.523313,0.0
2019-02-22,22,0,119,39.6,39.6,0.0,656.791678,0.0
2019-02-22,22,0,120,23.29,23.29,0.0,386.279752,0.0
2019-02-22,22,0,123,0.0,0.0,0.0,0.0,0.0
2019-02-22,22,0,125,158.07,158.07,0.0,1111.646345,0.0
2019-02-22,22,0,126,0.0,0.0,0.0,0.0,0.0
2019-02-22,22,0,127,0.0,0.0,0.0,0.0,0.0
2019-02-22,22,0,128,226.4,226.4,0.0,1592.185313,0.0
2019-02-22,22,0,131,8.43,8.43,0.0,57.733511,0.0
2019-02-22,22,0,132,12.39,12.39,0.0,84.85388,0.0
2019-02-22,22,0,133,46.5,46.5,0.0,402.574302,0.0
2019-02-22,22,0,134,0.0,0.0,0.0,0.0,0.0
2019-02-22,22,0,135,62.31,62.31,0.0,539.449565,0.0
2019-02-22,22,0,136,12.81,12.81,0.0,110.733315,0.0
2019-02-22,22,0,139,149.8,149.8,0.0,1133.832489,0.0
2019-02-22,22,0,140,83.6,83.6,0.0,1130.85213,0.0
2019-02-22,22,0,141,230.0,230.0,0.0,2024.71635,0.0
2019-02-22,22,0,142,0.0,0.0,0.0,0.0,0.0
2019-02-22,22,0,143,47.36,47.36,0.0,332.577233,0.0
2019-02-22,22,0,145,32.56,32.56,0.0,239.533778,0.0
2019-02-22,22,0,146,208.05,208.05,0.0,2814.279733,0.0
2019-02-22,22,0,152,0.0,0.0,0.0,0.0,0.0
2019-02-22,22,0,153,0.0,0.0,0.0,0.0,0.0
2019-02-22,22,0,154,0.0,0.0,0.0,0.0,0.0
2019-02-22,22,0,157,223.88,223.88,0.0,1970.841289,0.0
2019-02-22,22,0,158,0.0,0.0,0.0,0.0,0.0
2019-02-22,22,0,159,0.0,0.0,0.0,0.0,0.0
2019-02-22,22,0,160,0.0,0.0,0.0,0.0,0.0
2019-02-22,22,0,161,0.0,0.0,0.0,0.0,0.0
2019-02-22,22,0,162,33.3,33.3,0.0,548.797644,0.0
2019-02-22,22,0,163,36.29,36.29,0.0,490.892629,0.0
2019-02-22,22,0,164,0.0,0.0,0.0,0.0,0.0
2019-02-22,22,0,167,0.0,0.0,0.0,0.0,0.0
2019-02-22,22,0,168,0.0,0.0,0.0,0.0,0.0
2019-02-22,22,0,169,0.0,0.0,0.0,0.0,0.0
2019-02-22,22,0,170,0.0,0.0,0.0,0.0,0.0
2019-02-22,22,0,172,0.0,0.0,0.0,0.0,0.0
2019-02-22,22,0,173,0.0,0.0,0.0,0.0,0.0
2019-02-22,22,0,188,0.0,0.0,0.0,0.0,0.0
2019-02-22,22,0,190,0.0,0.0,0.0,0.0,0.0
2019-02-22,22,0,191,0.0,0.0,0.0,0.0,0.0
2019-02-22,22,0,192,78.6,78.6,0.0,1303.631968,0.0
2019-02-22,22,0,194,95.42,95.42,0.0,368.861373,0.0
2019-02-22,22,0,196,0.0,0.0,0.0,0.0,0.0
2019-02-22,22,0,198,0.0,0.0,0.0,0.0,0.0
2019-02-22,22,0,199,13.29,13.29,0.0,111.46429,0.0
2019-02-22,22,0,200,0.0,0.0,0.0,0.0,0.0
2019-02-22,22,0,204,720.83,720.83,0.0,5681.959622,0.0
2019-02-22,22,0,205,621.39,621.39,0.0,4923.353156,0.0
2019-02-22,22,0,206,275.7,275.7,0.0,1933.087537,0.0
2019-02-22,22,0,210,0.0,0.0,0.0,0.0,0.0
2019-02-22,22,0,214,0.0,0.0,0.0,0.0,0.0
2019-02-22,22,0,217,0.0,0.0,0.0,0.0,0.0
2019-02-22,22,0,218,0.0,0.0,0.0,0.0,0.0
2019-02-22,22,0,219,0.0,0.0,0.0,0.0,0.0
2019-02-22,22,0,221,0.0,0.0,0.0,0.0,0.0
2019-02-22,22,0,225,0.0,0.0,0.0,0.0,0.0
2019-02-22,22,0,233,0.0,0.0,0.0,0.0,0.0
2019-02-22,22,0,236,53.84,53.84,0.0,457.607375,0.0
2019-02-22,22,0,237,41.76,41.76,0.0,347.366403,0.0
2019-02-22,22,0,238,0.0,0.0,0.0,0.0,0.0
2019-02-22,22,0,240,0.0,0.0,0.0,0.0,0.0
2019-02-22,22,0,245,94.85,94.85,0.0,825.076347,0.0
2019-02-22,22,0,247,43.51,43.51,0.0,378.482571,0.0
2019-02-22,22,0,248,4.19,4.19,0.0,34.853095,0.0
2019-02-22,22,0,249,182.39,182.39,0.0,1586.564839,0.0
2019-02-22,22,0,251,283.89,283.89,0.0,2448.841682,0.0
2019-02-22,22,0,252,79.24,79.24,0.0,685.023357,0.0
2019-02-22,22,0,254,0.0,0.0,0.0,0.0,0.0
2019-02-22,22,0,255,0.0,0.0,0.0,0.0,0.0
2019-02-22,22,0,258,0.0,0.0,0.0,0.0,0.0
2019-02-22,22,0,260,0.0,0.0,0.0,0.0,0.0
2019-02-22,22,0,265,0.0,0.0,0.0,0.0,0.0
2019-02-22,22,0,266,97.0,97.0,0.0,734.190597,0.0
2019-02-22,22,0,267,119.2,119.2,0.0,902.221847,0.0
2019-02-22,22,0,270,113.34,113.34,0.0,1533.143307,0.0
2019-02-22,22,0,272,159.63,159.63,0.0,879.637228,0.0
2019-02-22,22,0,273,0.0,0.0,0.0,0.0,0.0
2019-02-22,22,0,274,146.11,146.11,0.0,1976.421109,0.0
2019-02-22,22,0,275,203.38,203.38,0.0,2751.108926,0.0
2019-02-22,22,0,276,0.0,0.0,0.0,0.0,0.0
2019-02-22,22,0,277,0.0,0.0,0.0,0.0,0.0
2019-02-22,22,0,278,0.0,0.0,0.0,0.0,0.0
2019-02-22,22,0,279,60.39,60.39,0.0,345.664084,0.0
2019-02-22,22,0,281,11.36,11.36,0.0,79.773593,0.0
2019-02-22,22,0,282,0.0,0.0,0.0,0.0,0.0
2019-02-22,23,0,9,0.0,0.0,0.0,0.0,0.0
2019-02-22,23,0,17,0.0,0.0,0.0,0.0,0.0
2019-02-22,23,0,19,182.56,182.56,0.0,1487.35981,0.0
2019-02-22,23,0,20,221.41,221.41,0.0,1803.880015,0.0
2019-02-22,23,0,21,0.0,0.0,0.0,0.0,0.0
2019-02-22,23,0,22,0.0,0.0,0.0,0.0,0.0
2019-02-22,23,0,23,108.8,108.8,0.0,565.05993,0.0
2019-02-22,23,0,24,192.5,192.5,0.0,999.761366,0.0
2019-02-22,23,0,29,0.0,0.0,0.0,0.0,0.0
2019-02-22,23,0,30,0.0,0.0,0.0,0.0,0.0
2019-02-22,23,0,31,18.21,18.21,0.0,94.240553,0.0
2019-02-22,23,0,32,0.0,0.0,0.0,0.0,0.0
2019-02-22,23,0,33,0.0,0.0,0.0,0.0,0.0
2019-02-22,23,0,34,0.0,0.0,0.0,0.0,0.0
2019-02-22,23,0,35,0.0,0.0,0.0,0.0,0.0
2019-02-22,23,0,36,0.0,0.0,0.0,0.0,0.0
2019-02-22,23,0,37,0.0,0.0,0.0,0.0,0.0
2019-02-22,23,0,38,0.0,0.0,0.0,0.0,0.0
2019-02-22,23,0,39,0.0,0.0,0.0,0.0,0.0
2019-02-22,23,0,40,0.0,0.0,0.0,0.0,0.0
2019-02-22,23,0,41,116.0,116.0,0.0,713.897425,0.0
2019-02-22,23,0,42,0.0,0.0,0.0,0.0,0.0
2019-02-22,23,0,43,0.0,0.0,0.0,0.0,0.0
2019-02-22,23,0,46,0.0,0.0,0.0,0.0,0.0
2019-02-22,23,0,52,19.3,19.3,0.0,99.88153,0.0
2019-02-22,23,0,53,30.66,30.66,0.0,158.671902,0.0
2019-02-22,23,0,55,601.42,601.42,0.0,3123.514186,0.0
2019-02-22,23,0,56,0.0,0.0,0.0,0.0,0.0
2019-02-22,23,0,57,0.0,0.0,0.0,0.0,0.0
2019-02-22,23,0,58,0.0,0.0,0.0,0.0,0.0
2019-02-22,23,0,59,0.0,0.0,0.0,0.0,0.0
2019-02-22,23,0,63,33.17,33.17,0.0,631.294364,0.0
2019-02-22,23,0,64,39.02,39.02,0.0,742.63208,0.0
2019-02-22,23,0,65,9.78,9.78,0.0,79.467568,0.0
2019-02-22,23,0,67,0.0,0.0,0.0,-0.0,0.0
2019-02-22,23,0,68,2.9,2.9,0.0,1.051586,0.0
2019-02-22,23,0,69,0.0,0.0,0.0,0.0,0.0
2019-02-22,23,0,74,15.28,15.28,0.0,114.787783,0.0
2019-02-22,23,0,77,179.7,179.7,0.0,616.354233,0.0
2019-02-22,23,0,78,135.85,135.85,0.0,465.952824,0.0
2019-02-22,23,0,79,78.62,78.62,0.0,269.659264,0.0
2019-02-22,23,0,80,127.14,127.14,0.0,436.078337,0.0
2019-02-22,23,0,81,166.22,166.22,0.0,570.119091,0.0
2019-02-22,23,0,82,117.26,117.26,0.0,402.190859,0.0
2019-02-22,23,0,83,261.47,261.47,0.0,896.817703,0.0
2019-02-22,23,0,84,0.0,0.0,0.0,0.0,0.0
2019-02-22,23,0,86,0.0,0.0,0.0,0.0,0.0
2019-02-22,23,0,87,0.0,0.0,0.0,0.0,0.0
2019-02-22,23,0,88,163.74,163.74,0.0,561.612922,0.0
2019-02-22,23,0,89,157.41,157.41,0.0,539.901613,0.0
2019-02-22,23,0,90,211.35,211.35,0.0,724.91078,0.0
2019-02-22,23,0,91,753.92,753.92,0.0,2585.875255,0.0
2019-02-22,23,0,92,271.14,271.14,0.0,929.984901,0.0
2019-02-22,23,0,95,44.93,44.93,0.0,757.980347,0.0
2019-02-22,23,0,96,26.43,26.43,0.0,136.273721,0.0
2019-02-22,23,0,97,162.55,162.55,0.0,838.11174,0.0
2019-02-22,23,0,99,2.95,2.95,0.0,22.161254,0.0
2019-02-22,23,0,101,0.0,0.0,0.0,0.0,0.0
2019-02-22,23,0,102,6.86,6.86,0.0,2.487544,0.0
2019-02-22,23,0,103,5.97,5.97,0.0,2.164816,0.0
2019-02-22,23,0,104,1.11,1.11,0.0,0.402503,0.0
2019-02-22,23,0,106,0.0,0.0,0.0,0.0,0.0
2019-02-22,23,0,109,146.16,146.16,0.0,990.591788,0.0
2019-02-22,23,0,110,158.04,158.04,0.0,-2216.71213,0.0
2019-02-22,23,0,111,0.0,0.0,0.0,0.0,0.0
2019-02-22,23,0,113,69.16,69.16,0.0,260.200325,0.0
2019-02-22,23,0,115,69.16,69.16,0.0,260.200325,0.0
2019-02-22,23,0,116,0.0,0.0,0.0,-0.0,0.0
2019-02-22,23,0,117,4.61,4.61,0.0,17.34418,0.0
2019-02-22,23,0,119,39.02,39.02,0.0,742.63208,0.0
2019-02-22,23,0,120,22.94,22.94,0.0,436.596102,0.0
2019-02-22,23,0,123,0.0,0.0,0.0,0.0,0.0
2019-02-22,23,0,125,174.2,174.2,0.0,904.719117,0.0
2019-02-22,23,0,126,0.0,0.0,0.0,0.0,0.0
2019-02-22,23,0,127,0.0,0.0,0.0,0.0,0.0
2019-02-22,23,0,128,249.5,249.5,0.0,1295.794602,0.0
2019-02-22,23,0,131,13.83,13.83,0.0,18.097733,0.0
2019-02-22,23,0,132,20.32,20.32,0.0,26.590451,0.0
2019-02-22,23,0,133,46.11,46.11,0.0,375.763512,0.0
2019-02-22,23,0,134,0.0,0.0,0.0,0.0,0.0
2019-02-22,23,0,135,61.78,61.78,0.0,503.462801,0.0
2019-02-22,23,0,136,9.39,9.39,0.0,76.28742,0.0
2019-02-22,23,0,139,149.8,149.8,0.0,921.912364,0.0
2019-02-22,23,0,140,116.97,116.97,0.0,-1640.653112,0.0
2019-02-22,23,0,141,230.0,230.0,0.0,-731.267334,0.0
2019-02-22,23,0,142,0.0,0.0,0.0,-0.0,0.0
2019-02-22,23,0,143,27.9,27.9,0.0,144.388326,0.0
2019-02-22,23,0,145,19.34,19.34,0.0,111.592203,0.0
2019-02-22,23,0,146,222.02,222.02,0.0,-3114.113055,0.0
2019-02-22,23,0,152,0.0,0.0,0.0,0.0,0.0
2019-02-22,23,0,153,0.0,0.0,0.0,0.0,0.0
2019-02-22,23,0,154,0.0,0.0,0.0,0.0,0.0
2019-02-22,23,0,157,204.46,204.46,0.0,-650.064866,0.0
2019-02-22,23,0,158,0.0,0.0,0.0,-0.0,0.0
2019-02-22,23,0,159,0.0,0.0,0.0,0.0,0.0
2019-02-22,23,0,160,0.0,0.0,0.0,0.0,0.0
2019-02-22,23,0,161,0.0,0.0,0.0,0.0,0.0
2019-02-22,23,0,162,10.79,10.79,0.0,182.308348,0.0
2019-02-22,23,0,163,63.43,63.43,0.0,-889.686474,0.0
2019-02-22,23,0,164,0.0,0.0,0.0,0.0,0.0
2019-02-22,23,0,167,0.0,0.0,0.0,0.0,0.0
2019-02-22,23,0,168,0.0,0.0,0.0,0.0,0.0
2019-02-22,23,0,169,0.0,0.0,0.0,0.0,0.0
2019-02-22,23,0,170,0.0,0.0,0.0,0.0,0.0
2019-02-22,23,0,172,0.0,0.0,0.0,0.0,0.0
2019-02-22,23,0,173,0.0,0.0,0.0,0.0,0.0
2019-02-22,23,0,188,0.0,0.0,0.0,0.0,0.0
2019-02-22,23,0,190,0.0,0.0,0.0,0.0,0.0
2019-02-22,23,0,191,0.0,0.0,0.0,0.0,0.0
2019-02-22,23,0,192,95.13,95.13,0.0,1810.522547,0.0
2019-02-22,23,0,194,109.94,109.94,0.0,737.583291,0.0
2019-02-22,23,0,196,0.0,0.0,0.0,0.0,0.0
2019-02-22,23,0,198,0.0,0.0,0.0,0.0,0.0
2019-02-22,23,0,199,9.73,9.73,0.0,91.226682,0.0
2019-02-22,23,0,200,0.0,0.0,0.0,0.0,0.0
2019-02-22,23,0,204,700.67,700.67,0.0,4696.58561,0.0
2019-02-22,23,0,205,773.21,773.21,0.0,5240.390504,0.0
2019-02-22,23,0,206,477.66,477.66,0.0,2462.826538,0.0
2019-02-22,23,0,210,0.0,0.0,0.0,0.0,0.0
2019-02-22,23,0,214,0.0,0.0,0.0,0.0,0.0
2019-02-22,23,0,217,0.0,0.0,0.0,0.0,0.0
2019-02-22,23,0,218,0.0,0.0,0.0,0.0,0.0
2019-02-22,23,0,219,0.0,0.0,0.0,0.0,0.0
2019-02-22,23,0,221,0.0,0.0,0.0,0.0,0.0
2019-02-22,23,0,225,0.0,0.0,0.0,0.0,0.0
2019-02-22,23,0,233,0.0,0.0,0.0,0.0,0.0
2019-02-22,23,0,236,44.25,44.25,0.0,347.377909,0.0
2019-02-22,23,0,237,36.65,36.65,0.0,275.325408,0.0
2019-02-22,23,0,238,0.0,0.0,0.0,0.0,0.0
2019-02-22,23,0,240,0.0,0.0,0.0,0.0,0.0
2019-02-22,23,0,245,88.37,88.37,0.0,727.029619,0.0
2019-02-22,23,0,247,38.58,38.58,0.0,317.401864,0.0
2019-02-22,23,0,248,3.68,3.68,0.0,27.645225,0.0
2019-02-22,23,0,249,169.95,169.95,0.0,1398.197169,0.0
2019-02-22,23,0,251,111.48,111.48,0.0,901.85733,0.0
2019-02-22,23,0,252,63.09,63.09,0.0,512.638946,0.0
2019-02-22,23,0,254,0.0,0.0,0.0,0.0,0.0
2019-02-22,23,0,255,0.0,0.0,0.0,0.0,0.0
2019-02-22,23,0,258,0.0,0.0,0.0,0.0,0.0
2019-02-22,23,0,260,0.0,0.0,0.0,0.0,0.0
2019-02-22,23,0,265,0.0,0.0,0.0,0.0,0.0
2019-02-22,23,0,266,97.0,97.0,0.0,596.96595,0.0
2019-02-22,23,0,267,119.2,119.2,0.0,733.591147,0.0
2019-02-22,23,0,270,198.09,198.09,0.0,-2778.46435,0.0
2019-02-22,23,0,272,231.12,231.12,0.0,869.54163,0.0
2019-02-22,23,0,273,0.0,0.0,0.0,-0.0,0.0
2019-02-22,23,0,274,255.36,255.36,0.0,-3581.748985,0.0
2019-02-22,23,0,275,355.47,355.47,0.0,-4985.919141,0.0
2019-02-22,23,0,276,0.0,0.0,0.0,-0.0,0.0
2019-02-22,23,0,277,0.0,0.0,0.0,0.0,0.0
2019-02-22,23,0,278,0.0,0.0,0.0,0.0,0.0
2019-02-22,23,0,279,79.19,79.19,0.0,287.383297,0.0
2019-02-22,23,0,281,8.17,8.17,0.0,42.281456,0.0
2019-02-22,23,0,282,0.0,0.0,0.0,0.0,0.0
2019-02-23,0,0,9,0.0,0.0,0.0,0.0,0.0
2019-02-23,0,0,17,0.0,0.0,0.0,0.0,0.0
2019-02-23,0,0,19,191.03,191.03,0.0,1222.978581,0.0
2019-02-23,0,0,20,231.69,231.69,0.0,1483.284863,0.0
2019-02-23,0,0,21,0.0,0.0,0.0,0.0,0.0
2019-02-23,0,0,22,0.0,0.0,0.0,0.0,0.0
2019-02-23,0,0,23,108.8,108.8,0.0,1053.683872,0.0
2019-02-23,0,0,24,192.5,192.5,0.0,1864.284424,0.0
2019-02-23,0,0,29,0.0,0.0,0.0,0.0,0.0
2019-02-23,0,0,30,0.0,0.0,0.0,0.0,0.0
2019-02-23,0,0,31,18.91,18.91,0.0,183.529317,0.0
2019-02-23,0,0,32,0.0,0.0,0.0,0.0,0.0
2019-02-23,0,0,33,0.0,0.0,0.0,0.0,0.0
2019-02-23,0,0,34,0.0,0.0,0.0,0.0,0.0
2019-02-23,0,0,35,0.0,0.0,0.0,0.0,0.0
2019-02-23,0,0,36,0.0,0.0,0.0,0.0,0.0
2019-02-23,0,0,37,0.0,0.0,0.0,0.0,0.0
2019-02-23,0,0,38,0.0,0.0,0.0,0.0,0.0
2019-02-23,0,0,39,0.0,0.0,0.0,0.0,0.0
2019-02-23,0,0,40,0.0,0.0,0.0,0.0,0.0
2019-02-23,0,0,41,116.0,116.0,0.0,997.639294,0.0
2019-02-23,0,0,42,0.0,0.0,0.0,0.0,0.0
2019-02-23,0,0,43,0.0,0.0,0.0,0.0,0.0
2019-02-23,0,0,46,0.0,0.0,0.0,0.0,0.0
2019-02-23,0,0,52,20.04,20.04,0.0,194.496431,0.0
2019-02-23,0,0,53,31.84,31.84,0.0,309.020277,0.0
2019-02-23,0,0,55,622.97,622.97,0.0,6033.21178,0.0
2019-02-23,0,0,56,0.0,0.0,0.0,0.0,0.0
2019-02-23,0,0,57,0.0,0.0,0.0,0.0,0.0
2019-02-23,0,0,58,0.0,0.0,0.0,0.0,0.0
2019-02-23,0,0,59,0.0,0.0,0.0,0.0,0.0
2019-02-23,0,0,63,32.84,32.84,0.0,3632.915686,0.0
2019-02-23,0,0,64,38.63,38.63,0.0,4273.432794,0.0
2019-02-23,0,0,65,8.02,8.02,0.0,51.530819,0.0
2019-02-23,0,0,67,0.0,0.0,0.0,-0.0,0.0
2019-02-23,0,0,68,3.98,3.98,0.0,-1651.603577,0.0
2019-02-23,0,0,69,0.0,0.0,0.0,0.0,0.0
2019-02-23,0,0,74,13.58,13.58,0.0,96.225693,0.0
2019-02-23,0,0,77,200.0,200.0,0.0,-59042.517229,0.0
2019-02-23,0,0,78,151.2,151.2,0.0,-44636.143025,0.0
2019-02-23,0,0,79,87.5,87.5,0.0,-25831.101288,0.0
2019-02-23,0,0,80,141.5,141.5,0.0,-41772.58094,0.0
2019-02-23,0,0,81,185.0,185.0,0.0,-54614.328437,0.0
2019-02-23,0,0,82,130.5,130.5,0.0,-38525.242492,0.0
2019-02-23,0,0,83,291.0,291.0,0.0,-85906.862569,0.0
2019-02-23,0,0,84,0.0,0.0,0.0,0.0,0.0
2019-02-23,0,0,86,0.0,0.0,0.0,0.0,0.0
2019-02-23,0,0,87,0.0,0.0,0.0,0.0,0.0
2019-02-23,0,0,88,170.6,170.6,0.0,-50363.267197,0.0
2019-02-23,0,0,89,164.0,164.0,0.0,-48414.864128,0.0
2019-02-23,0,0,90,220.2,220.2,0.0,-65005.81147,0.0
2019-02-23,0,0,91,785.5,785.5,0.0,-231889.486418,0.0
2019-02-23,0,0,92,282.5,282.5,0.0,-83397.555587,0.0
2019-02-23,0,0,95,15.02,15.02,0.0,381.713676,0.0
2019-02-23,0,0,96,29.88,29.88,0.0,290.647715,0.0
2019-02-23,0,0,97,183.75,183.75,0.0,1787.366719,0.0
2019-02-23,0,0,99,2.62,2.62,0.0,18.564898,0.0
2019-02-23,0,0,101,0.0,0.0,0.0,0.0,0.0
2019-02-23,0,0,102,9.41,9.41,0.0,-3904.922026,0.0
2019-02-23,0,0,103,8.19,8.19,0.0,-3398.651583,0.0
2019-02-23,0,0,104,1.52,1.52,0.0,-630.763175,0.0
2019-02-23,0,0,106,0.0,0.0,0.0,0.0,0.0
2019-02-23,0,0,109,150.06,150.06,0.0,1183.13411,0.0
2019-02-23,0,0,110,215.38,215.38,0.0,-215380.0,0.0
2019-02-23,0,0,111,0.0,0.0,0.0,0.0,0.0
2019-02-23,0,0,113,97.05,97.05,0.0,-25762.083414,0.0
2019-02-23,0,0,115,97.05,97.05,0.0,-25762.083414,0.0
2019-02-23,0,0,116,0.0,0.0,0.0,-0.0,0.0
2019-02-23,0,0,117,6.47,6.47,0.0,-1717.472228,0.0
2019-02-23,0,0,119,38.63,38.63,0.0,4273.432794,0.0
2019-02-23,0,0,120,22.72,22.72,0.0,2513.393556,0.0
2019-02-23,0,0,123,0.0,0.0,0.0,0.0,0.0
2019-02-23,0,0,125,174.2,174.2,0.0,1687.056346,0.0
2019-02-23,0,0,126,0.0,0.0,0.0,0.0,0.0
2019-02-23,0,0,127,0.0,0.0,0.0,0.0,0.0
2019-02-23,0,0,128,249.5,249.5,0.0,2416.306306,0.0
2019-02-23,0,0,131,22.15,22.15,0.0,-8339.796013,0.0
2019-02-23,0,0,132,32.56,32.56,0.0,-12259.311882,0.0
2019-02-23,0,0,133,48.17,48.17,0.0,308.279893,0.0
2019-02-23,0,0,134,0.0,0.0,0.0,0.0,0.0
2019-02-23,0,0,135,64.54,64.54,0.0,413.045138,0.0
2019-02-23,0,0,136,7.39,7.39,0.0,47.492326,0.0
2019-02-23,0,0,139,149.8,149.8,0.0,1288.330743,0.0
2019-02-23,0,0,140,159.4,159.4,0.0,-159400.0,0.0
2019-02-23,0,0,141,230.0,230.0,0.0,-128567.283419,0.0
2019-02-23,0,0,142,0.0,0.0,0.0,-0.0,0.0
2019-02-23,0,0,143,104.89,104.89,0.0,1018.000531,0.0
2019-02-23,0,0,145,27.9,27.9,0.0,251.922554,0.0
2019-02-23,0,0,146,243.46,243.46,0.0,-243460.0,0.0
2019-02-23,0,0,152,0.0,0.0,0.0,0.0,0.0
2019-02-23,0,0,153,0.0,0.0,0.0,0.0,0.0
2019-02-23,0,0,154,0.0,0.0,0.0,0.0,0.0
2019-02-23,0,0,157,190.33,190.33,0.0,-106392.22197,0.0
2019-02-23,0,0,158,0.0,0.0,0.0,-0.0,0.0
2019-02-23,0,0,159,0.0,0.0,0.0,0.0,0.0
2019-02-23,0,0,160,0.0,0.0,0.0,0.0,0.0
2019-02-23,0,0,161,0.0,0.0,0.0,-0.0,0.0
2019-02-23,0,0,162,7.27,7.27,0.0,190.467466,0.0
2019-02-23,0,0,163,101.69,101.69,0.0,-101690.0,0.0
2019-02-23,0,0,164,0.0,0.0,0.0,0.0,0.0
2019-02-23,0,0,167,0.0,0.0,0.0,0.0,0.0
2019-02-23,0,0,168,0.0,0.0,0.0,0.0,0.0
2019-02-23,0,0,169,0.0,0.0,0.0,0.0,0.0
2019-02-23,0,0,170,0.0,0.0,0.0,0.0,0.0
2019-02-23,0,0,172,0.0,0.0,0.0,0.0,0.0
2019-02-23,0,0,173,0.0,0.0,0.0,0.0,0.0
2019-02-23,0,0,188,0.0,0.0,0.0,0.0,0.0
2019-02-23,0,0,190,0.0,0.0,0.0,0.0,0.0
2019-02-23,0,0,191,0.0,0.0,0.0,0.0,0.0
2019-02-23,0,0,192,113.32,113.32,0.0,12535.992861,0.0
2019-02-23,0,0,194,126.35,126.35,0.0,-16487.108961,0.0
2019-02-23,0,0,196,0.0,0.0,0.0,0.0,0.0
2019-02-23,0,0,198,0.0,0.0,0.0,0.0,0.0
2019-02-23,0,0,199,4.04,4.04,0.0,-140.481178,0.0
2019-02-23,0,0,200,0.0,0.0,0.0,-0.0,0.0
2019-02-23,0,0,204,692.86,692.86,0.0,5519.663384,0.0
2019-02-23,0,0,205,793.82,793.82,0.0,6258.799941,0.0
2019-02-23,0,0,206,539.94,539.94,0.0,5252.085912,0.0
2019-02-23,0,0,210,0.0,0.0,0.0,0.0,0.0
2019-02-23,0,0,214,0.0,0.0,0.0,0.0,0.0
2019-02-23,0,0,217,0.0,0.0,0.0,0.0,0.0
2019-02-23,0,0,218,0.0,0.0,0.0,0.0,0.0
2019-02-23,0,0,219,0.0,0.0,0.0,0.0,0.0
2019-02-23,0,0,221,0.0,0.0,0.0,0.0,0.0
2019-02-23,0,0,225,0.0,0.0,0.0,0.0,0.0
2019-02-23,0,0,233,0.0,0.0,0.0,0.0,0.0
2019-02-23,0,0,236,35.87,35.87,0.0,241.027435,0.0
2019-02-23,0,0,237,32.57,32.57,0.0,230.785774,0.0
2019-02-23,0,0,238,0.0,0.0,0.0,0.0,0.0
2019-02-23,0,0,240,0.0,0.0,0.0,0.0,0.0
2019-02-23,0,0,245,53.92,53.92,0.0,340.584041,0.0
2019-02-23,0,0,247,35.21,35.21,0.0,222.402895,0.0
2019-02-23,0,0,248,3.27,3.27,0.0,23.170693,0.0
2019-02-23,0,0,249,101.01,101.01,0.0,638.026595,0.0
2019-02-23,0,0,251,90.35,90.35,0.0,583.976072,0.0
2019-02-23,0,0,252,51.76,51.76,0.0,332.572967,0.0
2019-02-23,0,0,254,0.0,0.0,0.0,0.0,0.0
2019-02-23,0,0,255,0.0,0.0,0.0,0.0,0.0
2019-02-23,0,0,258,0.0,0.0,0.0,0.0,0.0
2019-02-23,0,0,260,0.0,0.0,0.0,0.0,0.0
2019-02-23,0,0,265,0.0,0.0,0.0,0.0,0.0
2019-02-23,0,0,266,97.0,97.0,0.0,834.232858,0.0
2019-02-23,0,0,267,119.2,119.2,0.0,1025.160378,0.0
2019-02-23,0,0,270,317.56,317.56,0.0,-317560.0,0.0
2019-02-23,0,0,272,324.35,324.35,0.0,-86099.245289,0.0
2019-02-23,0,0,273,0.0,0.0,0.0,-0.0,0.0
2019-02-23,0,0,274,409.37,409.37,0.0,-409370.0,0.0
2019-02-23,0,0,275,569.86,569.86,0.0,-569860.0,0.0
2019-02-23,0,0,276,0.0,0.0,0.0,-0.0,0.0
2019-02-23,0,0,277,0.0,0.0,0.0,-0.0,0.0
2019-02-23,0,0,278,0.0,0.0,0.0,-0.0,0.0
2019-02-23,0,0,279,103.19,103.19,0.0,-28623.182149,0.0
2019-02-23,0,0,281,8.49,8.49,0.0,82.398937,0.0
2019-02-23,0,0,282,0.0,0.0,0.0,0.0,0.0
2019-02-23,1,0,9,0.0,0.0,0.0,0.0,0.0
2019-02-23,1,0,17,0.0,0.0,0.0,0.0,0.0
2019-02-23,1,0,19,222.5,222.5,0.0,1901.824418,0.0
2019-02-23,1,0,20,269.85,269.85,0.0,2306.549749,0.0
2019-02-23,1,0,21,0.0,0.0,0.0,0.0,0.0
2019-02-23,1,0,22,0.0,0.0,0.0,0.0,0.0
2019-02-23,1,0,23,108.8,108.8,0.0,470.341324,0.0
2019-02-23,1,0,24,192.5,192.5,0.0,832.175597,0.0
2019-02-23,1,0,29,0.0,0.0,0.0,0.0,0.0
2019-02-23,1,0,30,0.0,0.0,0.0,0.0,0.0
2019-02-23,1,0,31,62.09,62.09,0.0,266.751081,0.0
2019-02-23,1,0,32,0.0,0.0,0.0,0.0,0.0
2019-02-23,1,0,33,0.0,0.0,0.0,0.0,0.0
2019-02-23,1,0,34,0.0,0.0,0.0,0.0,0.0
2019-02-23,1,0,35,0.0,0.0,0.0,0.0,0.0
2019-02-23,1,0,36,0.0,0.0,0.0,0.0,0.0
2019-02-23,1,0,37,0.0,0.0,0.0,0.0,0.0
2019-02-23,1,0,38,0.0,0.0,0.0,0.0,0.0
2019-02-23,1,0,39,0.0,0.0,0.0,0.0,0.0
2019-02-23,1,0,40,0.0,0.0,0.0,0.0,0.0
2019-02-23,1,0,41,116.0,116.0,0.0,663.332448,0.0
2019-02-23,1,0,42,0.0,0.0,0.0,0.0,0.0
2019-02-23,1,0,43,0.0,0.0,0.0,0.0,0.0
2019-02-23,1,0,46,0.0,0.0,0.0,0.0,0.0
2019-02-23,1,0,52,66.1,66.1,0.0,283.978844,0.0
2019-02-23,1,0,53,108.05,108.05,0.0,464.204449,0.0
2019-02-23,1,0,55,524.08,524.08,0.0,2265.592659,0.0
2019-02-23,1,0,56,0.0,0.0,0.0,0.0,0.0
2019-02-23,1,0,57,0.0,0.0,0.0,0.0,0.0
2019-02-23,1,0,58,0.0,0.0,0.0,0.0,0.0
2019-02-23,1,0,59,0.0,0.0,0.0,0.0,0.0
2019-02-23,1,0,63,32.72,32.72,0.0,3502.081363,0.0
2019-02-23,1,0,64,38.49,38.49,0.0,4119.655002,0.0
2019-02-23,1,0,65,6.85,6.85,0.0,58.345449,0.0
2019-02-23,1,0,67,0.0,0.0,0.0,-0.0,0.0
2019-02-23,1,0,68,5.38,5.38,0.0,-2232.204705,0.0
2019-02-23,1,0,69,0.0,0.0,0.0,0.0,0.0
2019-02-23,1,0,74,12.14,12.14,0.0,93.083243,0.0
2019-02-23,1,0,77,200.0,200.0,0.0,-58964.73955,0.0
2019-02-23,1,0,78,151.2,151.2,0.0,-44577.3431,0.0
2019-02-23,1,0,79,87.5,87.5,0.0,-25797.073553,0.0
2019-02-23,1,0,80,141.5,141.5,0.0,-41717.553232,0.0
2019-02-23,1,0,81,185.0,185.0,0.0,-54542.384084,0.0
2019-02-23,1,0,82,130.5,130.5,0.0,-38474.492557,0.0
2019-02-23,1,0,83,291.0,291.0,0.0,-85793.696046,0.0
2019-02-23,1,0,84,0.0,0.0,0.0,0.0,0.0
2019-02-23,1,0,86,0.0,0.0,0.0,0.0,0.0
2019-02-23,1,0,87,0.0,0.0,0.0,0.0,0.0
2019-02-23,1,0,88,170.6,170.6,0.0,-50296.922837,0.0
2019-02-23,1,0,89,164.0,164.0,0.0,-48351.086431,0.0
2019-02-23,1,0,90,220.2,220.2,0.0,-64920.178245,0.0
2019-02-23,1,0,91,785.5,785.5,0.0,-231584.014585,0.0
2019-02-23,1,0,92,282.5,282.5,0.0,-83287.694615,0.0
2019-02-23,1,0,95,11.78,11.78,0.0,299.373309,0.0
2019-02-23,1,0,96,29.88,29.88,0.0,127.533889,0.0
2019-02-23,1,0,97,183.75,183.75,0.0,784.282199,0.0
2019-02-23,1,0,99,2.34,2.34,0.0,17.94191,0.0
2019-02-23,1,0,101,0.0,0.0,0.0,0.0,0.0
2019-02-23,1,0,102,12.74,12.74,0.0,-5285.927127,0.0
2019-02-23,1,0,103,11.07,11.07,0.0,-4593.030871,0.0
2019-02-23,1,0,104,2.06,2.06,0.0,-854.710352,0.0
2019-02-23,1,0,106,0.0,0.0,0.0,0.0,0.0
2019-02-23,1,0,109,158.39,158.39,0.0,1051.671318,0.0
2019-02-23,1,0,110,284.42,284.42,0.0,-284420.0,0.0
2019-02-23,1,0,111,0.0,0.0,0.0,0.0,0.0
2019-02-23,1,0,113,74.36,74.36,0.0,-19784.825159,0.0
2019-02-23,1,0,115,74.36,74.36,0.0,-19784.825159,0.0
2019-02-23,1,0,116,0.0,0.0,0.0,-0.0,0.0
2019-02-23,1,0,117,5.08,5.08,0.0,-1351.626033,0.0
2019-02-23,1,0,119,38.49,38.49,0.0,4119.655002,0.0
2019-02-23,1,0,120,22.63,22.63,0.0,2422.130234,0.0
2019-02-23,1,0,123,0.0,0.0,0.0,0.0,0.0
2019-02-23,1,0,125,174.2,174.2,0.0,753.064878,0.0
2019-02-23,1,0,126,0.0,0.0,0.0,0.0,0.0
2019-02-23,1,0,127,0.0,0.0,0.0,0.0,0.0
2019-02-23,1,0,128,249.5,249.5,0.0,1078.586033,0.0
2019-02-23,1,0,131,30.0,30.0,0.0,-11293.265927,0.0
2019-02-23,1,0,132,44.1,44.1,0.0,-16601.100912,0.0
2019-02-23,1,0,133,52.63,52.63,0.0,450.004733,0.0
2019-02-23,1,0,134,0.0,0.0,0.0,0.0,0.0
2019-02-23,1,0,135,70.53,70.53,0.0,603.055935,0.0
2019-02-23,1,0,136,6.52,6.52,0.0,55.523929,0.0
2019-02-23,1,0,139,149.8,149.8,0.0,856.613799,0.0
2019-02-23,1,0,140,210.5,210.5,0.0,-210500.0,0.0
2019-02-23,1,0,141,230.0,230.0,0.0,-128555.521971,0.0
2019-02-23,1,0,142,0.0,0.0,0.0,-0.0,0.0
2019-02-23,1,0,143,238.49,238.49,0.0,1024.600825,0.0
2019-02-23,1,0,145,30.0,30.0,0.0,154.982787,0.0
2019-02-23,1,0,146,268.0,268.0,0.0,-268000.0,0.0
2019-02-23,1,0,152,0.0,0.0,0.0,0.0,0.0
2019-02-23,1,0,153,0.0,0.0,0.0,0.0,0.0
2019-02-23,1,0,154,0.0,0.0,0.0,0.0,0.0
2019-02-23,1,0,157,180.68,180.68,0.0,-100988.746564,0.0
2019-02-23,1,0,158,0.0,0.0,0.0,-0.0,0.0
2019-02-23,1,0,159,0.0,0.0,0.0,0.0,0.0
2019-02-23,1,0,160,0.0,0.0,0.0,0.0,0.0
2019-02-23,1,0,161,0.0,0.0,0.0,-0.0,0.0
2019-02-23,1,0,162,5.75,5.75,0.0,150.773642,0.0
2019-02-23,1,0,163,153.65,153.65,0.0,-153650.0,0.0
2019-02-23,1,0,164,0.0,0.0,0.0,0.0,0.0
2019-02-23,1,0,167,0.0,0.0,0.0,0.0,0.0
2019-02-23,1,0,168,0.0,0.0,0.0,0.0,0.0
2019-02-23,1,0,169,0.0,0.0,0.0,0.0,0.0
2019-02-23,1,0,170,0.0,0.0,0.0,0.0,0.0
2019-02-23,1,0,172,0.0,0.0,0.0,0.0,0.0
2019-02-23,1,0,173,0.0,0.0,0.0,0.0,0.0
2019-02-23,1,0,188,0.0,0.0,0.0,0.0,0.0
2019-02-23,1,0,190,0.0,0.0,0.0,0.0,0.0
2019-02-23,1,0,191,0.0,0.0,0.0,0.0,0.0
2019-02-23,1,0,192,134.68,134.68,0.0,4367.343393,0.0
2019-02-23,1,0,194,145.15,145.15,0.0,-19164.101263,0.0
2019-02-23,1,0,196,0.0,0.0,0.0,0.0,0.0
2019-02-23,1,0,198,0.0,0.0,0.0,0.0,0.0
2019-02-23,1,0,199,10.3,10.3,0.0,-294.763529,0.0
2019-02-23,1,0,200,0.0,0.0,0.0,-0.0,0.0
2019-02-23,1,0,204,701.33,701.33,0.0,4582.573464,0.0
2019-02-23,1,0,205,837.88,837.88,0.0,5563.320691,0.0
2019-02-23,1,0,206,539.94,539.94,0.0,2304.573226,0.0
2019-02-23,1,0,210,0.0,0.0,0.0,0.0,0.0
2019-02-23,1,0,214,0.0,0.0,0.0,0.0,0.0
2019-02-23,1,0,217,0.0,0.0,0.0,0.0,0.0
2019-02-23,1,0,218,0.0,0.0,0.0,0.0,0.0
2019-02-23,1,0,219,0.0,0.0,0.0,0.0,0.0
2019-02-23,1,0,221,0.0,0.0,0.0,0.0,0.0
2019-02-23,1,0,225,0.0,0.0,0.0,0.0,0.0
2019-02-23,1,0,233,0.0,0.0,0.0,0.0,0.0
2019-02-23,1,0,236,28.67,28.67,0.0,233.34465,0.0
2019-02-23,1,0,237,29.13,29.13,0.0,223.353779,0.0
2019-02-23,1,0,238,0.0,0.0,0.0,0.0,0.0
2019-02-23,1,0,240,0.0,0.0,0.0,0.0,0.0
2019-02-23,1,0,245,25.68,25.68,0.0,222.32794,0.0
2019-02-23,1,0,247,33.36,33.36,0.0,288.818539,0.0
2019-02-23,1,0,248,2.92,2.92,0.0,22.38905,0.0
2019-02-23,1,0,249,49.39,49.39,0.0,427.600349,0.0
2019-02-23,1,0,251,73.55,73.55,0.0,622.852611,0.0
2019-02-23,1,0,252,44.17,44.17,0.0,376.221673,0.0
2019-02-23,1,0,254,0.0,0.0,0.0,0.0,0.0
2019-02-23,1,0,255,0.0,0.0,0.0,0.0,0.0
2019-02-23,1,0,258,0.0,0.0,0.0,0.0,0.0
2019-02-23,1,0,260,0.0,0.0,0.0,0.0,0.0
2019-02-23,1,0,265,0.0,0.0,0.0,0.0,0.0
2019-02-23,1,0,266,97.0,97.0,0.0,554.683168,0.0
2019-02-23,1,0,267,119.2,119.2,0.0,681.631274,0.0
2019-02-23,1,0,270,479.84,479.84,0.0,-479840.0,0.0
2019-02-23,1,0,272,248.01,248.01,0.0,-65987.553627,0.0
2019-02-23,1,0,273,0.0,0.0,0.0,-0.0,0.0
2019-02-23,1,0,274,618.58,618.58,0.0,-618580.0,0.0
2019-02-23,1,0,275,861.07,861.07,0.0,-861070.0,0.0
2019-02-23,1,0,276,0.0,0.0,0.0,-0.0,0.0
2019-02-23,1,0,277,0.0,0.0,0.0,-0.0,0.0
2019-02-23,1,0,278,0.0,0.0,0.0,-0.0,0.0
2019-02-23,1,0,279,133.05,133.05,0.0,-36934.240031,0.0
2019-02-23,1,0,281,25.63,25.63,0.0,110.111615,0.0
2019-02-23,1,0,282,0.0,0.0,0.0,0.0,0.0
2019-02-23,2,0,9,0.0,0.0,0.0,0.0,0.0
2019-02-23,2,0,17,0.0,0.0,0.0,0.0,0.0
2019-02-23,2,0,19,207.73,207.73,0.0,1691.34793,0.0
2019-02-23,2,0,20,251.94,251.94,0.0,2051.307936,0.0
2019-02-23,2,0,21,0.0,0.0,0.0,0.0,0.0
2019-02-23,2,0,22,0.0,0.0,0.0,0.0,0.0
2019-02-23,2,0,23,108.8,108.8,0.0,512.225931,0.0
2019-02-23,2,0,24,192.5,192.5,0.0,906.282094,0.0
2019-02-23,2,0,29,0.0,0.0,0.0,0.0,0.0
2019-02-23,2,0,30,0.0,0.0,0.0,0.0,0.0
2019-02-23,2,0,31,37.5,37.5,0.0,175.731816,0.0
2019-02-23,2,0,32,0.0,0.0,0.0,0.0,0.0
2019-02-23,2,0,33,0.0,0.0,0.0,0.0,0.0
2019-02-23,2,0,34,0.0,0.0,0.0,0.0,0.0
2019-02-23,2,0,35,0.0,0.0,0.0,0.0,0.0
2019-02-23,2,0,36,0.0,0.0,0.0,0.0,0.0
2019-02-23,2,0,37,0.0,0.0,0.0,0.0,0.0
2019-02-23,2,0,38,0.0,0.0,0.0,0.0,0.0
2019-02-23,2,0,39,0.0,0.0,0.0,0.0,0.0
2019-02-23,2,0,40,0.0,0.0,0.0,0.0,0.0
2019-02-23,2,0,41,116.0,116.0,0.0,677.702464,0.0
2019-02-23,2,0,42,0.0,0.0,0.0,0.0,0.0
2019-02-23,2,0,43,0.0,0.0,0.0,0.0,0.0
2019-02-23,2,0,46,0.0,0.0,0.0,0.0,0.0
2019-02-23,2,0,52,39.75,39.75,0.0,186.275725,0.0
2019-02-23,2,0,53,63.15,63.15,0.0,295.932378,0.0
2019-02-23,2,0,55,623.0,623.0,0.0,2933.058412,0.0
2019-02-23,2,0,56,0.0,0.0,0.0,0.0,0.0
2019-02-23,2,0,57,0.0,0.0,0.0,0.0,0.0
2019-02-23,2,0,58,0.0,0.0,0.0,0.0,0.0
2019-02-23,2,0,59,0.0,0.0,0.0,0.0,0.0
2019-02-23,2,0,63,55.43,55.43,0.0,5930.301458,0.0
2019-02-23,2,0,64,65.22,65.22,0.0,6977.706315,0.0
2019-02-23,2,0,65,5.16,5.16,0.0,41.887384,0.0
2019-02-23,2,0,67,0.0,0.0,0.0,-0.0,0.0
2019-02-23,2,0,68,6.97,6.97,0.0,-2893.519263,0.0
2019-02-23,2,0,69,0.0,0.0,0.0,0.0,0.0
2019-02-23,2,0,74,10.07,10.07,0.0,74.786567,0.0
2019-02-23,2,0,77,200.0,200.0,0.0,-59026.906118,0.0
2019-02-23,2,0,78,151.2,151.2,0.0,-44624.341025,0.0
2019-02-23,2,0,79,87.5,87.5,0.0,-25824.271427,0.0
2019-02-23,2,0,80,141.5,141.5,0.0,-41761.536079,0.0
2019-02-23,2,0,81,185.0,185.0,0.0,-54599.888159,0.0
2019-02-23,2,0,82,130.5,130.5,0.0,-38515.056242,0.0
2019-02-23,2,0,83,291.0,291.0,0.0,-85884.148402,0.0
2019-02-23,2,0,84,0.0,0.0,0.0,0.0,0.0
2019-02-23,2,0,86,0.0,0.0,0.0,0.0,0.0
2019-02-23,2,0,87,0.0,0.0,0.0,0.0,0.0
2019-02-23,2,0,88,170.6,170.6,0.0,-50349.950919,0.0
2019-02-23,2,0,89,164.0,164.0,0.0,-48402.063017,0.0
2019-02-23,2,0,90,220.2,220.2,0.0,-64988.623636,0.0
2019-02-23,2,0,91,785.5,785.5,0.0,-231828.17378,0.0
2019-02-23,2,0,92,282.5,282.5,0.0,-83375.504892,0.0
2019-02-23,2,0,95,5.79,5.79,0.0,147.145285,0.0
2019-02-23,2,0,96,29.88,29.88,0.0,139.343064,0.0
2019-02-23,2,0,97,183.75,183.75,0.0,856.90388,0.0
2019-02-23,2,0,99,1.94,1.94,0.0,14.40774,0.0
2019-02-23,2,0,101,0.0,0.0,0.0,0.0,0.0
2019-02-23,2,0,102,16.5,16.5,0.0,-6849.794526,0.0
2019-02-23,2,0,103,14.34,14.34,0.0,-5953.094152,0.0
2019-02-23,2,0,104,2.66,2.66,0.0,-1104.269905,0.0
2019-02-23,2,0,106,0.0,0.0,0.0,0.0,0.0
2019-02-23,2,0,109,195.26,195.26,0.0,1287.005716,0.0
2019-02-23,2,0,110,289.32,289.32,0.0,-289320.0,0.0
2019-02-23,2,0,111,0.0,0.0,0.0,0.0,0.0
2019-02-23,2,0,113,92.76,92.76,0.0,-24700.533433,0.0
2019-02-23,2,0,115,92.76,92.76,0.0,-24700.533433,0.0
2019-02-23,2,0,116,0.0,0.0,0.0,-0.0,0.0
2019-02-23,2,0,117,4.96,4.96,0.0,-1320.770222,0.0
2019-02-23,2,0,119,65.22,65.22,0.0,6977.706315,0.0
2019-02-23,2,0,120,38.35,38.35,0.0,4102.959785,0.0
2019-02-23,2,0,123,0.0,0.0,0.0,0.0,0.0
2019-02-23,2,0,125,174.2,174.2,0.0,820.126445,0.0
2019-02-23,2,0,126,0.0,0.0,0.0,0.0,0.0
2019-02-23,2,0,127,0.0,0.0,0.0,0.0,0.0
2019-02-23,2,0,128,249.5,249.5,0.0,1174.635753,0.0
2019-02-23,2,0,131,30.0,30.0,0.0,-11300.655503,0.0
2019-02-23,2,0,132,44.1,44.1,0.0,-16611.96359,0.0
2019-02-23,2,0,133,42.38,42.38,0.0,345.157239,0.0
2019-02-23,2,0,134,0.0,0.0,0.0,0.0,0.0
2019-02-23,2,0,135,56.78,56.78,0.0,462.435772,0.0
2019-02-23,2,0,136,6.09,6.09,0.0,49.428717,0.0
2019-02-23,2,0,139,149.8,149.8,0.0,875.170941,0.0
2019-02-23,2,0,140,214.13,214.13,0.0,-214130.0,0.0
2019-02-23,2,0,141,230.0,230.0,0.0,-128595.594801,0.0
2019-02-23,2,0,142,0.0,0.0,0.0,-0.0,0.0
2019-02-23,2,0,143,135.14,135.14,0.0,633.290603,0.0
2019-02-23,2,0,145,30.0,30.0,0.0,161.79931,0.0
2019-02-23,2,0,146,268.0,268.0,0.0,-268000.0,0.0
2019-02-23,2,0,152,0.0,0.0,0.0,0.0,0.0
2019-02-23,2,0,153,0.0,0.0,0.0,0.0,0.0
2019-02-23,2,0,154,0.0,0.0,0.0,0.0,0.0
2019-02-23,2,0,157,169.6,169.6,0.0,-94825.273384,0.0
2019-02-23,2,0,158,0.0,0.0,0.0,-0.0,0.0
2019-02-23,2,0,159,0.0,0.0,0.0,0.0,0.0
2019-02-23,2,0,160,0.0,0.0,0.0,0.0,0.0
2019-02-23,2,0,161,0.0,0.0,0.0,-0.0,0.0
2019-02-23,2,0,162,6.38,6.38,0.0,167.28165,0.0
2019-02-23,2,0,163,123.09,123.09,0.0,-123090.0,0.0
2019-02-23,2,0,164,0.0,0.0,0.0,0.0,0.0
2019-02-23,2,0,167,0.0,0.0,0.0,0.0,0.0
2019-02-23,2,0,168,0.0,0.0,0.0,0.0,0.0
2019-02-23,2,0,169,0.0,0.0,0.0,0.0,0.0
2019-02-23,2,0,170,0.0,0.0,0.0,0.0,0.0
2019-02-23,2,0,172,0.0,0.0,0.0,0.0,0.0
2019-02-23,2,0,173,0.0,0.0,0.0,0.0,0.0
2019-02-23,2,0,188,0.0,0.0,0.0,0.0,0.0
2019-02-23,2,0,190,0.0,0.0,0.0,0.0,0.0
2019-02-23,2,0,191,0.0,0.0,0.0,0.0,0.0
2019-02-23,2,0,192,152.25,152.25,0.0,4937.095571,0.0
2019-02-23,2,0,194,176.5,176.5,0.0,-23333.281354,0.0
2019-02-23,2,0,196,0.0,0.0,0.0,0.0,0.0
2019-02-23,2,0,198,0.0,0.0,0.0,0.0,0.0
2019-02-23,2,0,199,3.1,3.1,0.0,-91.415911,0.0
2019-02-23,2,0,200,0.0,0.0,0.0,-0.0,0.0
2019-02-23,2,0,204,857.0,857.0,0.0,5575.099868,0.0
2019-02-23,2,0,205,958.56,958.56,0.0,6318.099966,0.0
2019-02-23,2,0,206,539.94,539.94,0.0,2517.96833,0.0
2019-02-23,2,0,210,0.0,0.0,0.0,0.0,0.0
2019-02-23,2,0,214,0.0,0.0,0.0,0.0,0.0
2019-02-23,2,0,217,0.0,0.0,0.0,0.0,0.0
2019-02-23,2,0,218,0.0,0.0,0.0,0.0,0.0
2019-02-23,2,0,219,0.0,0.0,0.0,0.0,0.0
2019-02-23,2,0,221,0.0,0.0,0.0,0.0,0.0
2019-02-23,2,0,225,0.0,0.0,0.0,0.0,0.0
2019-02-23,2,0,233,0.0,0.0,0.0,0.0,0.0
2019-02-23,2,0,236,21.99,21.99,0.0,171.740774,0.0
2019-02-23,2,0,237,24.16,24.16,0.0,179.428348,0.0
2019-02-23,2,0,238,0.0,0.0,0.0,0.0,0.0
2019-02-23,2,0,240,0.0,0.0,0.0,0.0,0.0
2019-02-23,2,0,245,18.89,18.89,0.0,155.494028,0.0
2019-02-23,2,0,247,25.4,25.4,0.0,209.081435,0.0
2019-02-23,2,0,248,2.43,2.43,0.0,18.046808,0.0
2019-02-23,2,0,249,36.33,36.33,0.0,299.052305,0.0
2019-02-23,2,0,251,50.14,50.14,0.0,405.018323,0.0
2019-02-23,2,0,252,33.31,33.31,0.0,270.400921,0.0
2019-02-23,2,0,254,0.0,0.0,0.0,0.0,0.0
2019-02-23,2,0,255,0.0,0.0,0.0,0.0,0.0
2019-02-23,2,0,258,0.0,0.0,0.0,0.0,0.0
2019-02-23,2,0,260,0.0,0.0,0.0,0.0,0.0
2019-02-23,2,0,265,0.0,0.0,0.0,0.0,0.0
2019-02-23,2,0,266,97.0,97.0,0.0,566.699474,0.0
2019-02-23,2,0,267,119.2,119.2,0.0,696.397704,0.0
2019-02-23,2,0,270,384.41,384.41,0.0,-384410.0,0.0
2019-02-23,2,0,272,400.13,400.13,0.0,-106548.344574,0.0
2019-02-23,2,0,273,0.0,0.0,0.0,-0.0,0.0
2019-02-23,2,0,274,495.55,495.55,0.0,-495550.0,0.0
2019-02-23,2,0,275,689.81,689.81,0.0,-689810.0,0.0
2019-02-23,2,0,276,0.0,0.0,0.0,-0.0,0.0
2019-02-23,2,0,277,0.0,0.0,0.0,-0.0,0.0
2019-02-23,2,0,278,0.0,0.0,0.0,-0.0,0.0
2019-02-23,2,0,279,186.99,186.99,0.0,-51955.327528,0.0
2019-02-23,2,0,281,16.83,16.83,0.0,78.868439,0.0
2019-02-23,2,0,282,0.0,0.0,0.0,0.0,0.0
2019-02-23,3,0,9,0.0,0.0,0.0,0.0,0.0
2019-02-23,3,0,17,0.0,0.0,0.0,0.0,0.0
2019-02-23,3,0,19,197.3,197.3,0.0,1423.718077,0.0
2019-02-23,3,0,20,239.29,239.29,0.0,1726.718189,0.0
2019-02-23,3,0,21,0.0,0.0,0.0,0.0,0.0
2019-02-23,3,0,22,0.0,0.0,0.0,0.0,0.0
2019-02-23,3,0,23,108.8,108.8,0.0,1232.191978,0.0
2019-02-23,3,0,24,192.5,192.5,0.0,2180.119078,0.0
2019-02-23,3,0,29,0.0,0.0,0.0,0.0,0.0
2019-02-23,3,0,30,0.0,0.0,0.0,0.0,0.0
2019-02-23,3,0,31,37.5,37.5,0.0,425.917401,0.0
2019-02-23,3,0,32,0.0,0.0,0.0,0.0,0.0
2019-02-23,3,0,33,0.0,0.0,0.0,0.0,0.0
2019-02-23,3,0,34,0.0,0.0,0.0,0.0,0.0
2019-02-23,3,0,35,0.0,0.0,0.0,0.0,0.0
2019-02-23,3,0,36,0.0,0.0,0.0,0.0,0.0
2019-02-23,3,0,37,0.0,0.0,0.0,0.0,0.0
2019-02-23,3,0,38,0.0,0.0,0.0,0.0,0.0
2019-02-23,3,0,39,0.0,0.0,0.0,0.0,0.0
2019-02-23,3,0,40,0.0,0.0,0.0,0.0,0.0
2019-02-23,3,0,41,116.0,116.0,0.0,1120.660576,0.0
2019-02-23,3,0,42,0.0,0.0,0.0,0.0,0.0
2019-02-23,3,0,43,0.0,0.0,0.0,0.0,0.0
2019-02-23,3,0,46,0.0,0.0,0.0,0.0,0.0
2019-02-23,3,0,52,39.75,39.75,0.0,451.472445,0.0
2019-02-23,3,0,53,63.15,63.15,0.0,717.244903,0.0
2019-02-23,3,0,55,0.0,0.0,0.0,0.0,0.0
2019-02-23,3,0,56,0.0,0.0,0.0,0.0,0.0
2019-02-23,3,0,57,0.0,0.0,0.0,0.0,0.0
2019-02-23,3,0,58,0.0,0.0,0.0,0.0,0.0
2019-02-23,3,0,59,0.0,0.0,0.0,0.0,0.0
2019-02-23,3,0,63,103.44,103.44,0.0,10036.335852,0.0
2019-02-23,3,0,64,121.69,121.69,0.0,11807.054426,0.0
2019-02-23,3,0,65,4.0,4.0,0.0,29.030075,0.0
2019-02-23,3,0,67,0.0,0.0,0.0,-0.0,0.0
2019-02-23,3,0,68,10.2,10.2,0.0,-4308.610795,0.0
2019-02-23,3,0,69,0.0,0.0,0.0,0.0,0.0
2019-02-23,3,0,74,8.26,8.26,0.0,64.687333,0.0
2019-02-23,3,0,77,200.0,200.0,0.0,-60849.930033,0.0
2019-02-23,3,0,78,151.2,151.2,0.0,-46002.547105,0.0
2019-02-23,3,0,79,87.5,87.5,0.0,-26621.844389,0.0
2019-02-23,3,0,80,141.5,141.5,0.0,-43051.325498,0.0
2019-02-23,3,0,81,185.0,185.0,0.0,-56286.18528,0.0
2019-02-23,3,0,82,130.5,130.5,0.0,-39704.579346,0.0
2019-02-23,3,0,83,291.0,291.0,0.0,-88536.648197,0.0
2019-02-23,3,0,84,0.0,0.0,0.0,0.0,0.0
2019-02-23,3,0,86,0.0,0.0,0.0,0.0,0.0
2019-02-23,3,0,87,0.0,0.0,0.0,0.0,0.0
2019-02-23,3,0,88,170.6,170.6,0.0,-51904.990318,0.0
2019-02-23,3,0,89,164.0,164.0,0.0,-49896.942627,0.0
2019-02-23,3,0,90,220.2,220.2,0.0,-66995.772966,0.0
2019-02-23,3,0,91,785.5,785.5,0.0,-238988.100203,0.0
2019-02-23,3,0,92,282.5,282.5,0.0,-85950.526171,0.0
2019-02-23,3,0,95,7.34,7.34,0.0,186.53651,0.0
2019-02-23,3,0,96,29.88,29.88,0.0,340.385987,0.0
2019-02-23,3,0,97,183.75,183.75,0.0,2093.237121,0.0
2019-02-23,3,0,99,1.59,1.59,0.0,12.45192,0.0
2019-02-23,3,0,101,0.0,0.0,0.0,0.0,0.0
2019-02-23,3,0,102,24.15,24.15,0.0,-10201.269677,0.0
2019-02-23,3,0,103,21.0,21.0,0.0,-8870.669284,0.0
2019-02-23,3,0,104,3.9,3.9,0.0,-1647.41001,0.0
2019-02-23,3,0,106,0.0,0.0,0.0,0.0,0.0
2019-02-23,3,0,109,200.0,200.0,0.0,1695.351274,0.0
2019-02-23,3,0,110,292.6,292.6,0.0,-292600.0,0.0
2019-02-23,3,0,111,0.0,0.0,0.0,0.0,0.0
2019-02-23,3,0,113,78.82,78.82,0.0,-21644.94933,0.0
2019-02-23,3,0,115,78.82,78.82,0.0,-21644.94933,0.0
2019-02-23,3,0,116,0.0,0.0,0.0,-0.0,0.0
2019-02-23,3,0,117,4.05,4.05,0.0,-1112.180218,0.0
2019-02-23,3,0,119,121.69,121.69,0.0,11807.054426,0.0
2019-02-23,3,0,120,71.55,71.55,0.0,6942.187067,0.0
2019-02-23,3,0,123,0.0,0.0,0.0,0.0,0.0
2019-02-23,3,0,125,174.2,174.2,0.0,1972.8662,0.0
2019-02-23,3,0,126,0.0,0.0,0.0,0.0,0.0
2019-02-23,3,0,127,0.0,0.0,0.0,0.0,0.0
2019-02-23,3,0,128,249.5,249.5,0.0,2825.660832,0.0
2019-02-23,3,0,131,30.0,30.0,0.0,-11533.214308,0.0
2019-02-23,3,0,132,44.1,44.1,0.0,-16953.825032,0.0
2019-02-23,3,0,133,19.13,19.13,0.0,137.967385,0.0
2019-02-23,3,0,134,0.0,0.0,0.0,0.0,0.0
2019-02-23,3,0,135,25.6,25.6,0.0,184.629642,0.0
2019-02-23,3,0,136,6.02,6.02,0.0,43.703983,0.0
2019-02-23,3,0,139,149.8,149.8,0.0,1447.197882,0.0
2019-02-23,3,0,140,216.56,216.56,0.0,-216560.0,0.0
2019-02-23,3,0,141,230.0,230.0,0.0,-129856.734582,0.0
2019-02-23,3,0,142,0.0,0.0,0.0,-0.0,0.0
2019-02-23,3,0,143,71.55,71.55,0.0,812.650401,0.0
2019-02-23,3,0,145,30.0,30.0,0.0,308.837108,0.0
2019-02-23,3,0,146,268.0,268.0,0.0,-268000.0,0.0
2019-02-23,3,0,152,0.0,0.0,0.0,0.0,0.0
2019-02-23,3,0,153,0.0,0.0,0.0,0.0,0.0
2019-02-23,3,0,154,0.0,0.0,0.0,0.0,0.0
2019-02-23,3,0,157,218.29,218.29,0.0,-123245.333009,0.0
2019-02-23,3,0,158,0.0,0.0,0.0,-0.0,0.0
2019-02-23,3,0,159,0.0,0.0,0.0,0.0,0.0
2019-02-23,3,0,160,0.0,0.0,0.0,0.0,0.0
2019-02-23,3,0,161,0.0,0.0,0.0,-0.0,0.0
2019-02-23,3,0,162,8.17,8.17,0.0,214.124049,0.0
2019-02-23,3,0,163,145.13,145.13,0.0,-145130.0,0.0
2019-02-23,3,0,164,0.0,0.0,0.0,0.0,0.0
2019-02-23,3,0,167,0.0,0.0,0.0,0.0,0.0
2019-02-23,3,0,168,0.0,0.0,0.0,0.0,0.0
2019-02-23,3,0,169,0.0,0.0,0.0,0.0,0.0
2019-02-23,3,0,170,0.0,0.0,0.0,0.0,0.0
2019-02-23,3,0,172,0.0,0.0,0.0,0.0,0.0
2019-02-23,3,0,173,0.0,0.0,0.0,0.0,0.0
2019-02-23,3,0,188,0.0,0.0,0.0,0.0,0.0
2019-02-23,3,0,190,0.0,0.0,0.0,0.0,0.0
2019-02-23,3,0,191,0.0,0.0,0.0,0.0,0.0
2019-02-23,3,0,192,185.5,185.5,0.0,6015.311845,0.0
2019-02-23,3,0,194,176.5,176.5,0.0,-24908.821215,0.0
2019-02-23,3,0,196,0.0,0.0,0.0,0.0,0.0
2019-02-23,3,0,198,0.0,0.0,0.0,0.0,0.0
2019-02-23,3,0,199,4.57,4.57,0.0,-176.824723,0.0
2019-02-23,3,0,200,0.0,0.0,0.0,-0.0,0.0
2019-02-23,3,0,204,857.0,857.0,0.0,7387.624829,0.0
2019-02-23,3,0,205,1058.0,1058.0,0.0,8968.408239,0.0
2019-02-23,3,0,206,539.94,539.94,0.0,6150.870482,0.0
2019-02-23,3,0,210,0.0,0.0,0.0,0.0,0.0
2019-02-23,3,0,214,0.0,0.0,0.0,0.0,0.0
2019-02-23,3,0,217,0.0,0.0,0.0,0.0,0.0
2019-02-23,3,0,218,0.0,0.0,0.0,0.0,0.0
2019-02-23,3,0,219,0.0,0.0,0.0,0.0,0.0
2019-02-23,3,0,221,0.0,0.0,0.0,0.0,0.0
2019-02-23,3,0,225,0.0,0.0,0.0,0.0,0.0
2019-02-23,3,0,233,0.0,0.0,0.0,0.0,0.0
2019-02-23,3,0,236,16.56,16.56,0.0,130.420209,0.0
2019-02-23,3,0,237,19.81,19.81,0.0,155.139959,0.0
2019-02-23,3,0,238,0.0,0.0,0.0,0.0,0.0
2019-02-23,3,0,240,0.0,0.0,0.0,0.0,0.0
2019-02-23,3,0,245,13.57,13.57,0.0,95.849705,0.0
2019-02-23,3,0,247,18.92,18.92,0.0,133.638645,0.0
2019-02-23,3,0,248,1.99,1.99,0.0,15.584479,0.0
2019-02-23,3,0,249,26.1,26.1,0.0,184.353522,0.0
2019-02-23,3,0,251,33.69,33.69,0.0,246.801998,0.0
2019-02-23,3,0,252,25.83,25.83,0.0,187.461711,0.0
2019-02-23,3,0,254,0.0,0.0,0.0,0.0,0.0
2019-02-23,3,0,255,0.0,0.0,0.0,0.0,0.0
2019-02-23,3,0,258,0.0,0.0,0.0,0.0,0.0
2019-02-23,3,0,260,0.0,0.0,0.0,0.0,0.0
2019-02-23,3,0,265,0.0,0.0,0.0,0.0,0.0
2019-02-23,3,0,266,97.0,97.0,0.0,937.104102,0.0
2019-02-23,3,0,267,119.2,119.2,0.0,1151.575351,0.0
2019-02-23,3,0,270,453.24,453.24,0.0,-453240.0,0.0
2019-02-23,3,0,272,321.97,321.97,0.0,-88416.954271,0.0
2019-02-23,3,0,273,0.0,0.0,0.0,-0.0,0.0
2019-02-23,3,0,274,584.28,584.28,0.0,-584280.0,0.0
2019-02-23,3,0,275,813.33,813.33,0.0,-813330.0,0.0
2019-02-23,3,0,276,0.0,0.0,0.0,-0.0,0.0
2019-02-23,3,0,277,0.0,0.0,0.0,-0.0,0.0
2019-02-23,3,0,278,0.0,0.0,0.0,-0.0,0.0
2019-02-23,3,0,279,264.6,264.6,0.0,-75806.431887,0.0
2019-02-23,3,0,281,16.83,16.83,0.0,191.151729,0.0
2019-02-23,3,0,282,0.0,0.0,0.0,0.0,0.0
2019-02-23,4,0,9,0.0,0.0,0.0,0.0,0.0
2019-02-23,4,0,17,0.0,0.0,0.0,0.0,0.0
2019-02-23,4,0,19,190.94,190.94,0.0,1482.849902,0.0
2019-02-23,4,0,20,231.57,231.57,0.0,1798.384581,0.0
2019-02-23,4,0,21,0.0,0.0,0.0,0.0,0.0
2019-02-23,4,0,22,0.0,0.0,0.0,0.0,0.0
2019-02-23,4,0,23,0.0,0.0,0.0,0.0,0.0
2019-02-23,4,0,24,0.0,0.0,0.0,0.0,0.0
2019-02-23,4,0,29,0.0,0.0,0.0,0.0,0.0
2019-02-23,4,0,30,0.0,0.0,0.0,0.0,0.0
2019-02-23,4,0,31,0.0,0.0,0.0,0.0,0.0
2019-02-23,4,0,32,0.0,0.0,0.0,0.0,0.0
2019-02-23,4,0,33,0.0,0.0,0.0,0.0,0.0
2019-02-23,4,0,34,0.0,0.0,0.0,0.0,0.0
2019-02-23,4,0,35,0.0,0.0,0.0,0.0,0.0
2019-02-23,4,0,36,0.0,0.0,0.0,0.0,0.0
2019-02-23,4,0,37,0.0,0.0,0.0,0.0,0.0
2019-02-23,4,0,38,0.0,0.0,0.0,0.0,0.0
2019-02-23,4,0,39,0.0,0.0,0.0,0.0,0.0
2019-02-23,4,0,40,0.0,0.0,0.0,0.0,0.0
2019-02-23,4,0,41,116.0,116.0,0.0,1539.461686,0.0
2019-02-23,4,0,42,0.0,0.0,0.0,0.0,0.0
2019-02-23,4,0,43,0.0,0.0,0.0,0.0,0.0
2019-02-23,4,0,46,0.0,0.0,0.0,0.0,0.0
2019-02-23,4,0,52,0.0,0.0,0.0,0.0,0.0
2019-02-23,4,0,53,0.0,0.0,0.0,0.0,0.0
2019-02-23,4,0,55,0.0,0.0,0.0,0.0,0.0
2019-02-23,4,0,56,0.0,0.0,0.0,0.0,0.0
2019-02-23,4,0,57,0.0,0.0,0.0,0.0,0.0
2019-02-23,4,0,58,0.0,0.0,0.0,0.0,0.0
2019-02-23,4,0,59,0.0,0.0,0.0,0.0,0.0
2019-02-23,4,0,63,170.0,170.0,0.0,16502.276386,0.0
2019-02-23,4,0,64,200.0,200.0,0.0,19414.442807,0.0
2019-02-23,4,0,65,3.27,3.27,0.0,25.585509,0.0
2019-02-23,4,0,67,0.0,0.0,0.0,-0.0,0.0
2019-02-23,4,0,68,10.2,10.2,0.0,-4315.11621,0.0
2019-02-23,4,0,69,0.0,0.0,0.0,0.0,0.0
2019-02-23,4,0,74,6.67,6.67,0.0,63.22165,0.0
2019-02-23,4,0,77,200.0,200.0,0.0,-61028.869164,0.0
2019-02-23,4,0,78,151.2,151.2,0.0,-46137.825088,0.0
2019-02-23,4,0,79,87.5,87.5,0.0,-26700.130259,0.0
2019-02-23,4,0,80,141.5,141.5,0.0,-43177.924933,0.0
2019-02-23,4,0,81,185.0,185.0,0.0,-56451.703977,0.0
2019-02-23,4,0,82,130.5,130.5,0.0,-39821.337129,0.0
2019-02-23,4,0,83,291.0,291.0,0.0,-88797.004633,0.0
2019-02-23,4,0,84,0.0,0.0,0.0,0.0,0.0
2019-02-23,4,0,86,0.0,0.0,0.0,0.0,0.0
2019-02-23,4,0,87,0.0,0.0,0.0,0.0,0.0
2019-02-23,4,0,88,170.6,170.6,0.0,-52057.625397,0.0
2019-02-23,4,0,89,164.0,164.0,0.0,-50043.672714,0.0
2019-02-23,4,0,90,220.2,220.2,0.0,-67192.784949,0.0
2019-02-23,4,0,91,785.5,785.5,0.0,-239690.883641,0.0
2019-02-23,4,0,92,282.5,282.5,0.0,-86203.277694,0.0
2019-02-23,4,0,95,22.38,22.38,0.0,568.758459,0.0
2019-02-23,4,0,96,29.88,29.88,0.0,480.861776,0.0
2019-02-23,4,0,97,183.75,183.75,0.0,2957.106808,0.0
2019-02-23,4,0,99,1.29,1.29,0.0,12.227276,0.0
2019-02-23,4,0,101,0.0,0.0,0.0,0.0,0.0
2019-02-23,4,0,102,24.15,24.15,0.0,-10216.672204,0.0
2019-02-23,4,0,103,21.0,21.0,0.0,-8884.062786,0.0
2019-02-23,4,0,104,3.9,3.9,0.0,-1649.897375,0.0
2019-02-23,4,0,106,0.0,0.0,0.0,0.0,0.0
2019-02-23,4,0,109,200.0,200.0,0.0,2295.667303,0.0
2019-02-23,4,0,110,297.87,297.87,0.0,-297870.0,0.0
2019-02-23,4,0,111,0.0,0.0,0.0,0.0,0.0
2019-02-23,4,0,113,45.0,45.0,0.0,-12380.606758,0.0
2019-02-23,4,0,115,45.0,45.0,0.0,-12380.606758,0.0
2019-02-23,4,0,116,0.0,0.0,0.0,-0.0,0.0
2019-02-23,4,0,117,3.0,3.0,0.0,-825.373784,0.0
2019-02-23,4,0,119,200.0,200.0,0.0,19414.442807,0.0
2019-02-23,4,0,120,117.6,117.6,0.0,11415.69237,0.0
2019-02-23,4,0,123,0.0,0.0,0.0,0.0,0.0
2019-02-23,4,0,125,0.0,0.0,0.0,0.0,0.0
2019-02-23,4,0,126,0.0,0.0,0.0,0.0,0.0
2019-02-23,4,0,127,0.0,0.0,0.0,0.0,0.0
2019-02-23,4,0,128,0.0,0.0,0.0,0.0,0.0
2019-02-23,4,0,131,30.0,30.0,0.0,-11553.605781,0.0
2019-02-23,4,0,132,44.1,44.1,0.0,-16983.800499,0.0
2019-02-23,4,0,133,21.65,21.65,0.0,168.016176,0.0
2019-02-23,4,0,134,0.0,0.0,0.0,0.0,0.0
2019-02-23,4,0,135,29.87,29.87,0.0,231.807998,0.0
2019-02-23,4,0,136,6.32,6.32,0.0,49.469883,0.0
2019-02-23,4,0,139,149.8,149.8,0.0,1988.028971,0.0
2019-02-23,4,0,140,220.46,220.46,0.0,-220460.0,0.0
2019-02-23,4,0,141,0.0,0.0,0.0,-0.0,0.0
2019-02-23,4,0,142,0.0,0.0,0.0,-0.0,0.0
2019-02-23,4,0,143,0.0,0.0,0.0,0.0,0.0
2019-02-23,4,0,145,30.0,30.0,0.0,430.377351,0.0
2019-02-23,4,0,146,268.0,268.0,0.0,-268000.0,0.0
2019-02-23,4,0,152,0.0,0.0,0.0,0.0,0.0
2019-02-23,4,0,153,0.0,0.0,0.0,0.0,0.0
2019-02-23,4,0,154,0.0,0.0,0.0,0.0,0.0
2019-02-23,4,0,157,250.0,250.0,0.0,-141268.82088,0.0
2019-02-23,4,0,158,0.0,0.0,0.0,-0.0,0.0
2019-02-23,4,0,159,0.0,0.0,0.0,0.0,0.0
2019-02-23,4,0,160,0.0,0.0,0.0,0.0,0.0
2019-02-23,4,0,161,0.0,0.0,0.0,-0.0,0.0
2019-02-23,4,0,162,11.39,11.39,0.0,298.561356,0.0
2019-02-23,4,0,163,185.4,185.4,0.0,-185400.0,0.0
2019-02-23,4,0,164,0.0,0.0,0.0,0.0,0.0
2019-02-23,4,0,167,0.0,0.0,0.0,0.0,0.0
2019-02-23,4,0,168,0.0,0.0,0.0,0.0,0.0
2019-02-23,4,0,169,0.0,0.0,0.0,0.0,0.0
2019-02-23,4,0,170,0.0,0.0,0.0,0.0,0.0
2019-02-23,4,0,172,0.0,0.0,0.0,0.0,0.0
2019-02-23,4,0,173,0.0,0.0,0.0,0.0,0.0
2019-02-23,4,0,188,0.0,0.0,0.0,0.0,0.0
2019-02-23,4,0,190,0.0,0.0,0.0,0.0,0.0
2019-02-23,4,0,191,0.0,0.0,0.0,0.0,0.0
2019-02-23,4,0,192,235.15,235.15,0.0,7625.340056,0.0
2019-02-23,4,0,194,176.5,176.5,0.0,-24956.861491,0.0
2019-02-23,4,0,196,0.0,0.0,0.0,0.0,0.0
2019-02-23,4,0,198,0.0,0.0,0.0,0.0,0.0
2019-02-23,4,0,199,9.5,9.5,0.0,-382.183568,0.0
2019-02-23,4,0,200,0.0,0.0,0.0,-0.0,0.0
2019-02-23,4,0,204,857.0,857.0,0.0,10013.100987,0.0
2019-02-23,4,0,205,1058.0,1058.0,0.0,12144.080035,0.0
2019-02-23,4,0,206,539.94,539.94,0.0,8689.307481,0.0
2019-02-23,4,0,210,0.0,0.0,0.0,0.0,0.0
2019-02-23,4,0,214,0.0,0.0,0.0,0.0,0.0
2019-02-23,4,0,217,0.0,0.0,0.0,0.0,0.0
2019-02-23,4,0,218,0.0,0.0,0.0,0.0,0.0
2019-02-23,4,0,219,0.0,0.0,0.0,0.0,0.0
2019-02-23,4,0,221,0.0,0.0,0.0,0.0,0.0
2019-02-23,4,0,225,0.0,0.0,0.0,0.0,0.0
2019-02-23,4,0,233,0.0,0.0,0.0,0.0,0.0
2019-02-23,4,0,236,12.36,12.36,0.0,105.814276,0.0
2019-02-23,4,0,237,16.01,16.01,0.0,151.750917,0.0
2019-02-23,4,0,238,0.0,0.0,0.0,0.0,0.0
2019-02-23,4,0,240,0.0,0.0,0.0,0.0,0.0
2019-02-23,4,0,245,9.61,9.61,0.0,72.572811,0.0
2019-02-23,4,0,247,14.07,14.07,0.0,106.253845,0.0
2019-02-23,4,0,248,1.61,1.61,0.0,15.260398,0.0
2019-02-23,4,0,249,18.48,18.48,0.0,139.55729,0.0
2019-02-23,4,0,251,22.39,22.39,0.0,177.328193,0.0
2019-02-23,4,0,252,21.09,21.09,0.0,165.014797,0.0
2019-02-23,4,0,254,0.0,0.0,0.0,0.0,0.0
2019-02-23,4,0,255,0.0,0.0,0.0,0.0,0.0
2019-02-23,4,0,258,0.0,0.0,0.0,0.0,0.0
2019-02-23,4,0,260,0.0,0.0,0.0,0.0,0.0
2019-02-23,4,0,265,0.0,0.0,0.0,0.0,0.0
2019-02-23,4,0,266,97.0,97.0,0.0,1287.308479,0.0
2019-02-23,4,0,267,119.2,119.2,0.0,1581.929595,0.0
2019-02-23,4,0,270,579.0,579.0,0.0,-579000.0,0.0
2019-02-23,4,0,272,150.39,150.39,0.0,-41375.987786,0.0
2019-02-23,4,0,273,0.0,0.0,0.0,-0.0,0.0
2019-02-23,4,0,274,746.4,746.4,0.0,-746400.0,0.0
2019-02-23,4,0,275,1039.0,1039.0,0.0,-1039000.0,0.0
2019-02-23,4,0,276,0.0,0.0,0.0,-0.0,0.0
2019-02-23,4,0,277,0.0,0.0,0.0,-0.0,0.0
2019-02-23,4,0,278,0.0,0.0,0.0,-0.0,0.0
2019-02-23,4,0,279,264.6,264.6,0.0,-75982.535293,0.0
2019-02-23,4,0,281,0.0,0.0,0.0,0.0,0.0
2019-02-23,4,0,282,0.0,0.0,0.0,0.0,0.0
2019-02-23,5,0,9,0.0,0.0,0.0,0.0,0.0
2019-02-23,5,0,17,0.0,0.0,0.0,0.0,0.0
2019-02-23,5,0,19,180.45,180.45,0.0,4909.553016,0.0
2019-02-23,5,0,20,218.85,218.85,0.0,5954.312428,0.0
2019-02-23,5,0,21,0.0,0.0,0.0,0.0,0.0
2019-02-23,5,0,22,0.0,0.0,0.0,0.0,0.0
2019-02-23,5,0,23,0.0,0.0,0.0,0.0,0.0
2019-02-23,5,0,24,0.0,0.0,0.0,0.0,0.0
2019-02-23,5,0,29,0.0,0.0,0.0,0.0,0.0
2019-02-23,5,0,30,0.0,0.0,0.0,0.0,0.0
2019-02-23,5,0,31,0.0,0.0,0.0,0.0,0.0
2019-02-23,5,0,32,0.0,0.0,0.0,0.0,0.0
2019-02-23,5,0,33,0.0,0.0,0.0,0.0,0.0
2019-02-23,5,0,34,0.0,0.0,0.0,0.0,0.0
2019-02-23,5,0,35,0.0,0.0,0.0,0.0,0.0
2019-02-23,5,0,36,0.0,0.0,0.0,0.0,0.0
2019-02-23,5,0,37,0.0,0.0,0.0,0.0,0.0
2019-02-23,5,0,38,0.0,0.0,0.0,0.0,0.0
2019-02-23,5,0,39,0.0,0.0,0.0,0.0,0.0
2019-02-23,5,0,40,0.0,0.0,0.0,0.0,0.0
2019-02-23,5,0,41,35.9,35.9,0.0,940.436785,0.0
2019-02-23,5,0,42,0.0,0.0,0.0,0.0,0.0
2019-02-23,5,0,43,0.0,0.0,0.0,0.0,0.0
2019-02-23,5,0,46,0.0,0.0,0.0,0.0,0.0
2019-02-23,5,0,52,0.0,0.0,0.0,0.0,0.0
2019-02-23,5,0,53,0.0,0.0,0.0,0.0,0.0
2019-02-23,5,0,55,0.0,0.0,0.0,0.0,0.0
2019-02-23,5,0,56,0.0,0.0,0.0,0.0,0.0
2019-02-23,5,0,57,0.0,0.0,0.0,0.0,0.0
2019-02-23,5,0,58,0.0,0.0,0.0,0.0,0.0
2019-02-23,5,0,59,0.0,0.0,0.0,0.0,0.0
2019-02-23,5,0,63,162.34,162.34,0.0,15290.346526,0.0
2019-02-23,5,0,64,190.99,190.99,0.0,17988.809184,0.0
2019-02-23,5,0,65,2.01,2.01,0.0,55.551715,0.0
2019-02-23,5,0,67,0.0,0.0,0.0,-0.0,0.0
2019-02-23,5,0,68,10.2,10.2,0.0,-4405.221264,0.0
2019-02-23,5,0,69,0.0,0.0,0.0,0.0,0.0
2019-02-23,5,0,74,0.0,0.0,0.0,0.0,0.0
2019-02-23,5,0,77,200.0,200.0,0.0,-63420.927847,0.0
2019-02-23,5,0,78,151.2,151.2,0.0,-47946.221452,0.0
2019-02-23,5,0,79,87.5,87.5,0.0,-27746.655933,0.0
2019-02-23,5,0,80,141.5,141.5,0.0,-44870.306452,0.0
2019-02-23,5,0,81,185.0,185.0,0.0,-58664.358258,0.0
2019-02-23,5,0,82,130.5,130.5,0.0,-41382.15542,0.0
2019-02-23,5,0,83,291.0,291.0,0.0,-92277.450017,0.0
2019-02-23,5,0,84,0.0,0.0,0.0,0.0,0.0
2019-02-23,5,0,86,0.0,0.0,0.0,0.0,0.0
2019-02-23,5,0,87,0.0,0.0,0.0,0.0,0.0
2019-02-23,5,0,88,170.6,170.6,0.0,-54098.051453,0.0
2019-02-23,5,0,89,164.0,164.0,0.0,-52005.160835,0.0
2019-02-23,5,0,90,220.2,220.2,0.0,-69826.44156,0.0
2019-02-23,5,0,91,785.5,785.5,0.0,-249085.694119,0.0
2019-02-23,5,0,92,282.5,282.5,0.0,-89582.060584,0.0
2019-02-23,5,0,95,7.88,7.88,0.0,200.259904,0.0
2019-02-23,5,0,96,29.88,29.88,0.0,1169.868257,0.0
2019-02-23,5,0,97,183.75,183.75,0.0,7194.219954,0.0
2019-02-23,5,0,99,0.0,0.0,0.0,0.0,0.0
2019-02-23,5,0,101,0.0,0.0,0.0,0.0,0.0
2019-02-23,5,0,102,24.15,24.15,0.0,-10430.009169,0.0
2019-02-23,5,0,103,21.0,21.0,0.0,-9069.573191,0.0
2019-02-23,5,0,104,3.9,3.9,0.0,-1684.349307,0.0
2019-02-23,5,0,106,0.0,0.0,0.0,0.0,0.0
2019-02-23,5,0,109,200.0,200.0,0.0,3116.822843,0.0
2019-02-23,5,0,110,338.6,338.6,0.0,-338600.0,0.0
2019-02-23,5,0,111,0.0,0.0,0.0,0.0,0.0
2019-02-23,5,0,113,106.15,106.15,0.0,-30062.26688,0.0
2019-02-23,5,0,115,106.15,106.15,0.0,-30062.26688,0.0
2019-02-23,5,0,116,0.0,0.0,0.0,-0.0,0.0
2019-02-23,5,0,117,5.11,5.11,0.0,-1447.180252,0.0
2019-02-23,5,0,119,190.99,190.99,0.0,17988.809184,0.0
2019-02-23,5,0,120,112.3,112.3,0.0,10577.220124,0.0
2019-02-23,5,0,123,0.0,0.0,0.0,0.0,0.0
2019-02-23,5,0,125,0.0,0.0,0.0,0.0,0.0
2019-02-23,5,0,126,0.0,0.0,0.0,0.0,0.0
2019-02-23,5,0,127,0.0,0.0,0.0,0.0,0.0
2019-02-23,5,0,128,0.0,0.0,0.0,0.0,0.0
2019-02-23,5,0,131,30.0,30.0,0.0,-11836.043532,0.0
2019-02-23,5,0,132,44.1,44.1,0.0,-17398.983992,0.0
2019-02-23,5,0,133,10.01,10.01,0.0,271.938935,0.0
2019-02-23,5,0,134,0.0,0.0,0.0,0.0,0.0
2019-02-23,5,0,135,14.26,14.26,0.0,387.397524,0.0
2019-02-23,5,0,136,5.24,5.24,0.0,144.945196,0.0
2019-02-23,5,0,139,46.36,46.36,0.0,1214.447057,0.0
2019-02-23,5,0,140,250.6,250.6,0.0,-250600.0,0.0
2019-02-23,5,0,141,0.0,0.0,0.0,-0.0,0.0
2019-02-23,5,0,142,0.0,0.0,0.0,-0.0,0.0
2019-02-23,5,0,143,0.0,0.0,0.0,0.0,0.0
2019-02-23,5,0,145,30.0,30.0,0.0,912.332681,0.0
2019-02-23,5,0,146,268.0,268.0,0.0,-268000.0,0.0
2019-02-23,5,0,152,0.0,0.0,0.0,0.0,0.0
2019-02-23,5,0,153,0.0,0.0,0.0,0.0,0.0
2019-02-23,5,0,154,0.0,0.0,0.0,0.0,0.0
2019-02-23,5,0,157,250.0,250.0,0.0,-142933.633488,0.0
2019-02-23,5,0,158,0.0,0.0,0.0,-0.0,0.0
2019-02-23,5,0,159,0.0,0.0,0.0,0.0,0.0
2019-02-23,5,0,160,0.0,0.0,0.0,0.0,0.0
2019-02-23,5,0,161,0.0,0.0,0.0,-0.0,0.0
2019-02-23,5,0,162,8.98,8.98,0.0,234.910983,0.0
2019-02-23,5,0,163,185.4,185.4,0.0,-185400.0,0.0
2019-02-23,5,0,164,0.0,0.0,0.0,0.0,0.0
2019-02-23,5,0,167,0.0,0.0,0.0,0.0,0.0
2019-02-23,5,0,168,0.0,0.0,0.0,0.0,0.0
2019-02-23,5,0,169,0.0,0.0,0.0,0.0,0.0
2019-02-23,5,0,170,0.0,0.0,0.0,0.0,0.0
2019-02-23,5,0,172,0.0,0.0,0.0,0.0,0.0
2019-02-23,5,0,173,0.0,0.0,0.0,0.0,0.0
2019-02-23,5,0,188,0.0,0.0,0.0,0.0,0.0
2019-02-23,5,0,190,0.0,0.0,0.0,0.0,0.0
2019-02-23,5,0,191,0.0,0.0,0.0,0.0,0.0
2019-02-23,5,0,192,159.94,159.94,0.0,5186.463485,0.0
2019-02-23,5,0,194,176.5,176.5,0.0,-26030.002385,0.0
2019-02-23,5,0,196,0.0,0.0,0.0,0.0,0.0
2019-02-23,5,0,198,0.0,0.0,0.0,0.0,0.0
2019-02-23,5,0,199,10.06,10.06,0.0,-564.153191,0.0
2019-02-23,5,0,200,0.0,0.0,0.0,-0.0,0.0
2019-02-23,5,0,204,857.0,857.0,0.0,14587.157361,0.0
2019-02-23,5,0,205,1058.0,1058.0,0.0,16487.99284,0.0
2019-02-23,5,0,206,539.94,539.94,0.0,21139.848281,0.0
2019-02-23,5,0,210,0.0,0.0,0.0,0.0,0.0
2019-02-23,5,0,214,0.0,0.0,0.0,0.0,0.0
2019-02-23,5,0,217,0.0,0.0,0.0,0.0,0.0
2019-02-23,5,0,218,0.0,0.0,0.0,0.0,0.0
2019-02-23,5,0,219,0.0,0.0,0.0,0.0,0.0
2019-02-23,5,0,221,0.0,0.0,0.0,0.0,0.0
2019-02-23,5,0,225,0.0,0.0,0.0,0.0,0.0
2019-02-23,5,0,233,0.0,0.0,0.0,0.0,0.0
2019-02-23,5,0,236,3.8,3.8,0.0,135.692291,0.0
2019-02-23,5,0,237,0.0,0.0,0.0,0.0,0.0
2019-02-23,5,0,238,0.0,0.0,0.0,0.0,0.0
2019-02-23,5,0,240,0.0,0.0,0.0,0.0,0.0
2019-02-23,5,0,245,8.04,8.04,0.0,206.021749,0.0
2019-02-23,5,0,247,10.67,10.67,0.0,273.414435,0.0
2019-02-23,5,0,248,0.0,0.0,0.0,0.0,0.0
2019-02-23,5,0,249,15.46,15.46,0.0,396.156248,0.0
2019-02-23,5,0,251,8.16,8.16,0.0,231.28951,0.0
2019-02-23,5,0,252,12.96,12.96,0.0,358.184193,0.0
2019-02-23,5,0,254,0.0,0.0,0.0,0.0,0.0
2019-02-23,5,0,255,0.0,0.0,0.0,0.0,0.0
2019-02-23,5,0,258,0.0,0.0,0.0,0.0,0.0
2019-02-23,5,0,260,0.0,0.0,0.0,0.0,0.0
2019-02-23,5,0,265,0.0,0.0,0.0,0.0,0.0
2019-02-23,5,0,266,30.02,30.02,0.0,786.404242,0.0
2019-02-23,5,0,267,36.89,36.89,0.0,966.370835,0.0
2019-02-23,5,0,270,579.0,579.0,0.0,-579000.0,0.0
2019-02-23,5,0,272,364.92,364.92,0.0,-103347.361563,0.0
2019-02-23,5,0,273,0.0,0.0,0.0,-0.0,0.0
2019-02-23,5,0,274,746.4,746.4,0.0,-746400.0,0.0
2019-02-23,5,0,275,1039.0,1039.0,0.0,-1039000.0,0.0
2019-02-23,5,0,276,0.0,0.0,0.0,-0.0,0.0
2019-02-23,5,0,277,0.0,0.0,0.0,-0.0,0.0
2019-02-23,5,0,278,0.0,0.0,0.0,-0.0,0.0
2019-02-23,5,0,279,264.6,264.6,0.0,-78532.282251,0.0
2019-02-23,5,0,281,0.0,0.0,0.0,0.0,0.0
2019-02-23,5,0,282,0.0,0.0,0.0,0.0,0.0
2019-02-23,6,0,9,0.0,0.0,0.0,0.0,0.0
2019-02-23,6,0,17,0.0,0.0,0.0,0.0,0.0
2019-02-23,6,0,19,179.44,179.44,0.0,2243.37662,0.0
2019-02-23,6,0,20,217.63,217.63,0.0,2720.831776,0.0
2019-02-23,6,0,21,0.0,0.0,0.0,0.0,0.0
2019-02-23,6,0,22,0.0,0.0,0.0,0.0,0.0
2019-02-23,6,0,23,0.0,0.0,0.0,0.0,0.0
2019-02-23,6,0,24,0.0,0.0,0.0,0.0,0.0
2019-02-23,6,0,29,0.0,0.0,0.0,0.0,0.0
2019-02-23,6,0,30,0.0,0.0,0.0,0.0,0.0
2019-02-23,6,0,31,0.0,0.0,0.0,0.0,0.0
2019-02-23,6,0,32,0.0,0.0,0.0,0.0,0.0
2019-02-23,6,0,33,0.0,0.0,0.0,0.0,0.0
2019-02-23,6,0,34,0.0,0.0,0.0,0.0,0.0
2019-02-23,6,0,35,0.0,0.0,0.0,0.0,0.0
2019-02-23,6,0,36,0.0,0.0,0.0,0.0,0.0
2019-02-23,6,0,37,0.0,0.0,0.0,0.0,0.0
2019-02-23,6,0,38,0.0,0.0,0.0,0.0,0.0
2019-02-23,6,0,39,0.0,0.0,0.0,0.0,0.0
2019-02-23,6,0,40,0.0,0.0,0.0,0.0,0.0
2019-02-23,6,0,41,16.4,16.4,0.0,236.102988,0.0
2019-02-23,6,0,42,0.0,0.0,0.0,0.0,0.0
2019-02-23,6,0,43,0.0,0.0,0.0,0.0,0.0
2019-02-23,6,0,46,0.0,0.0,0.0,0.0,0.0
2019-02-23,6,0,52,0.0,0.0,0.0,0.0,0.0
2019-02-23,6,0,53,0.0,0.0,0.0,0.0,0.0
2019-02-23,6,0,55,0.0,0.0,0.0,0.0,0.0
2019-02-23,6,0,56,0.0,0.0,0.0,0.0,0.0
2019-02-23,6,0,57,0.0,0.0,0.0,0.0,0.0
2019-02-23,6,0,58,0.0,0.0,0.0,0.0,0.0
2019-02-23,6,0,59,0.0,0.0,0.0,0.0,0.0
2019-02-23,6,0,63,170.0,170.0,0.0,18069.714254,0.0
2019-02-23,6,0,64,200.0,200.0,0.0,21258.487358,0.0
2019-02-23,6,0,65,1.4,1.4,0.0,17.65042,0.0
2019-02-23,6,0,67,0.0,0.0,0.0,-0.0,0.0
2019-02-23,6,0,68,10.2,10.2,0.0,-4272.389764,0.0
2019-02-23,6,0,69,0.0,0.0,0.0,0.0,0.0
2019-02-23,6,0,74,0.0,0.0,0.0,0.0,0.0
2019-02-23,6,0,77,0.0,0.0,0.0,-0.0,0.0
2019-02-23,6,0,78,0.0,0.0,0.0,-0.0,0.0
2019-02-23,6,0,79,0.0,0.0,0.0,-0.0,0.0
2019-02-23,6,0,80,0.0,0.0,0.0,-0.0,0.0
2019-02-23,6,0,81,0.0,0.0,0.0,-0.0,0.0
2019-02-23,6,0,82,0.0,0.0,0.0,-0.0,0.0
2019-02-23,6,0,83,0.0,0.0,0.0,-0.0,0.0
2019-02-23,6,0,84,0.0,0.0,0.0,0.0,0.0
2019-02-23,6,0,86,0.0,0.0,0.0,0.0,0.0
2019-02-23,6,0,87,0.0,0.0,0.0,0.0,0.0
2019-02-23,6,0,88,170.6,170.6,0.0,-51215.460655,0.0
2019-02-23,6,0,89,164.0,164.0,0.0,-49234.088789,0.0
2019-02-23,6,0,90,220.2,220.2,0.0,-66105.770435,0.0
2019-02-23,6,0,91,785.5,785.5,0.0,-235813.272827,0.0
2019-02-23,6,0,92,282.5,282.5,0.0,-84808.720017,0.0
2019-02-23,6,0,95,7.28,7.28,0.0,185.011688,0.0
2019-02-23,6,0,96,29.88,29.88,0.0,537.037755,0.0
2019-02-23,6,0,97,183.75,183.75,0.0,3302.566517,0.0
2019-02-23,6,0,99,0.0,0.0,0.0,0.0,0.0
2019-02-23,6,0,101,0.0,0.0,0.0,0.0,0.0
2019-02-23,6,0,102,24.15,24.15,0.0,-10115.511059,0.0
2019-02-23,6,0,103,21.0,21.0,0.0,-8796.096573,0.0
2019-02-23,6,0,104,3.9,3.9,0.0,-1633.560792,0.0
2019-02-23,6,0,106,0.0,0.0,0.0,0.0,0.0
2019-02-23,6,0,109,200.0,200.0,0.0,2332.771795,0.0
2019-02-23,6,0,110,338.6,338.6,0.0,-338600.0,0.0
2019-02-23,6,0,111,0.0,0.0,0.0,0.0,0.0
2019-02-23,6,0,113,137.43,137.43,0.0,-37053.061339,0.0
2019-02-23,6,0,115,137.43,137.43,0.0,-37053.061339,0.0
2019-02-23,6,0,116,0.0,0.0,0.0,-0.0,0.0
2019-02-23,6,0,117,5.45,5.45,0.0,-1469.39667,0.0
2019-02-23,6,0,119,200.0,200.0,0.0,21258.487358,0.0
2019-02-23,6,0,120,117.6,117.6,0.0,12499.990567,0.0
2019-02-23,6,0,123,0.0,0.0,0.0,0.0,0.0
2019-02-23,6,0,125,0.0,0.0,0.0,0.0,0.0
2019-02-23,6,0,126,0.0,0.0,0.0,0.0,0.0
2019-02-23,6,0,127,0.0,0.0,0.0,0.0,0.0
2019-02-23,6,0,128,0.0,0.0,0.0,0.0,0.0
2019-02-23,6,0,131,0.0,0.0,0.0,-0.0,0.0
2019-02-23,6,0,132,0.0,0.0,0.0,-0.0,0.0
2019-02-23,6,0,133,9.13,9.13,0.0,114.053548,0.0
2019-02-23,6,0,134,0.0,0.0,0.0,0.0,0.0
2019-02-23,6,0,135,12.23,12.23,0.0,152.779287,0.0
2019-02-23,6,0,136,4.68,4.68,0.0,59.029896,0.0
2019-02-23,6,0,139,21.18,21.18,0.0,304.918371,0.0
2019-02-23,6,0,140,250.6,250.6,0.0,-250600.0,0.0
2019-02-23,6,0,141,0.0,0.0,0.0,-0.0,0.0
2019-02-23,6,0,142,0.0,0.0,0.0,-0.0,0.0
2019-02-23,6,0,143,0.0,0.0,0.0,0.0,0.0
2019-02-23,6,0,145,30.0,30.0,0.0,468.587544,0.0
2019-02-23,6,0,146,268.0,268.0,0.0,-268000.0,0.0
2019-02-23,6,0,152,0.0,0.0,0.0,0.0,0.0
2019-02-23,6,0,153,0.0,0.0,0.0,0.0,0.0
2019-02-23,6,0,154,0.0,0.0,0.0,0.0,0.0
2019-02-23,6,0,157,250.0,250.0,0.0,-140479.392056,0.0
2019-02-23,6,0,158,0.0,0.0,0.0,-0.0,0.0
2019-02-23,6,0,159,0.0,0.0,0.0,0.0,0.0
2019-02-23,6,0,160,0.0,0.0,0.0,0.0,0.0
2019-02-23,6,0,161,0.0,0.0,0.0,-0.0,0.0
2019-02-23,6,0,162,7.87,7.87,0.0,206.149494,0.0
2019-02-23,6,0,163,185.4,185.4,0.0,-185400.0,0.0
2019-02-23,6,0,164,0.0,0.0,0.0,0.0,0.0
2019-02-23,6,0,167,0.0,0.0,0.0,0.0,0.0
2019-02-23,6,0,168,0.0,0.0,0.0,0.0,0.0
2019-02-23,6,0,169,0.0,0.0,0.0,0.0,0.0
2019-02-23,6,0,170,0.0,0.0,0.0,0.0,0.0
2019-02-23,6,0,172,0.0,0.0,0.0,0.0,0.0
2019-02-23,6,0,173,0.0,0.0,0.0,0.0,0.0
2019-02-23,6,0,188,0.0,0.0,0.0,0.0,0.0
2019-02-23,6,0,190,0.0,0.0,0.0,0.0,0.0
2019-02-23,6,0,191,0.0,0.0,0.0,0.0,0.0
2019-02-23,6,0,192,166.17,166.17,0.0,5388.487166,0.0
2019-02-23,6,0,194,176.5,176.5,0.0,-23754.250904,0.0
2019-02-23,6,0,196,0.0,0.0,0.0,0.0,0.0
2019-02-23,6,0,198,0.0,0.0,0.0,0.0,0.0
2019-02-23,6,0,199,12.29,12.29,0.0,-466.485733,0.0
2019-02-23,6,0,200,0.0,0.0,0.0,-0.0,0.0
2019-02-23,6,0,204,857.0,857.0,0.0,10300.955069,0.0
2019-02-23,6,0,205,1058.0,1058.0,0.0,12340.362796,0.0
2019-02-23,6,0,206,539.94,539.94,0.0,9704.423211,0.0
2019-02-23,6,0,210,0.0,0.0,0.0,0.0,0.0
2019-02-23,6,0,214,0.0,0.0,0.0,0.0,0.0
2019-02-23,6,0,217,0.0,0.0,0.0,0.0,0.0
2019-02-23,6,0,218,0.0,0.0,0.0,0.0,0.0
2019-02-23,6,0,219,0.0,0.0,0.0,0.0,0.0
2019-02-23,6,0,221,0.0,0.0,0.0,0.0,0.0
2019-02-23,6,0,225,0.0,0.0,0.0,0.0,0.0
2019-02-23,6,0,233,0.0,0.0,0.0,0.0,0.0
2019-02-23,6,0,236,0.0,0.0,0.0,0.0,0.0
2019-02-23,6,0,237,0.0,0.0,0.0,0.0,0.0
2019-02-23,6,0,238,0.0,0.0,0.0,0.0,0.0
2019-02-23,6,0,240,0.0,0.0,0.0,0.0,0.0
2019-02-23,6,0,245,7.91,7.91,0.0,95.827428,0.0
2019-02-23,6,0,247,10.73,10.73,0.0,129.990936,0.0
2019-02-23,6,0,248,0.0,0.0,0.0,0.0,0.0
2019-02-23,6,0,249,15.21,15.21,0.0,184.264877,0.0
2019-02-23,6,0,251,0.0,0.0,0.0,0.0,0.0
2019-02-23,6,0,252,9.01,9.01,0.0,113.593058,0.0
2019-02-23,6,0,254,0.0,0.0,0.0,0.0,0.0
2019-02-23,6,0,255,0.0,0.0,0.0,0.0,0.0
2019-02-23,6,0,258,0.0,0.0,0.0,0.0,0.0
2019-02-23,6,0,260,0.0,0.0,0.0,0.0,0.0
2019-02-23,6,0,265,0.0,0.0,0.0,0.0,0.0
2019-02-23,6,0,266,13.72,13.72,0.0,197.520305,0.0
2019-02-23,6,0,267,16.86,16.86,0.0,242.725389,0.0
2019-02-23,6,0,270,579.0,579.0,0.0,-579000.0,0.0
2019-02-23,6,0,272,484.95,484.95,0.0,-130749.342183,0.0
2019-02-23,6,0,273,0.0,0.0,0.0,-0.0,0.0
2019-02-23,6,0,274,746.4,746.4,0.0,-746400.0,0.0
2019-02-23,6,0,275,1039.0,1039.0,0.0,-1039000.0,0.0
2019-02-23,6,0,276,0.0,0.0,0.0,-0.0,0.0
2019-02-23,6,0,277,0.0,0.0,0.0,-0.0,0.0
2019-02-23,6,0,278,0.0,0.0,0.0,-0.0,0.0
2019-02-23,6,0,279,264.6,264.6,0.0,-74585.345387,0.0
2019-02-23,6,0,281,0.0,0.0,0.0,0.0,0.0
2019-02-23,6,0,282,0.0,0.0,0.0,0.0,0.0
2019-02-23,7,0,9,0.0,0.0,0.0,0.0,0.0
2019-02-23,7,0,17,0.0,0.0,0.0,0.0,0.0
2019-02-23,7,0,19,186.85,186.85,0.0,1698.974965,0.0
2019-02-23,7,0,20,226.61,226.61,0.0,2060.501562,0.0
2019-02-23,7,0,21,0.0,0.0,0.0,0.0,0.0
2019-02-23,7,0,22,0.0,0.0,0.0,0.0,0.0
2019-02-23,7,0,23,0.0,0.0,0.0,0.0,0.0
2019-02-23,7,0,24,0.0,0.0,0.0,0.0,0.0
2019-02-23,7,0,29,0.0,0.0,0.0,0.0,0.0
2019-02-23,7,0,30,0.0,0.0,0.0,0.0,0.0
2019-02-23,7,0,31,92.33,92.33,0.0,568.672617,0.0
2019-02-23,7,0,32,0.0,0.0,0.0,0.0,0.0
2019-02-23,7,0,33,0.0,0.0,0.0,0.0,0.0
2019-02-23,7,0,34,0.0,0.0,0.0,0.0,0.0
2019-02-23,7,0,35,0.0,0.0,0.0,0.0,0.0
2019-02-23,7,0,36,0.0,0.0,0.0,0.0,0.0
2019-02-23,7,0,37,0.0,0.0,0.0,0.0,0.0
2019-02-23,7,0,38,0.0,0.0,0.0,0.0,0.0
2019-02-23,7,0,39,0.0,0.0,0.0,0.0,0.0
2019-02-23,7,0,40,0.0,0.0,0.0,0.0,0.0
2019-02-23,7,0,41,27.46,27.46,0.0,196.07803,0.0
2019-02-23,7,0,42,0.0,0.0,0.0,0.0,0.0
2019-02-23,7,0,43,0.0,0.0,0.0,0.0,0.0
2019-02-23,7,0,46,0.0,0.0,0.0,0.0,0.0
2019-02-23,7,0,52,97.87,97.87,0.0,602.794206,0.0
2019-02-23,7,0,53,155.54,155.54,0.0,957.991323,0.0
2019-02-23,7,0,55,0.0,0.0,0.0,0.0,0.0
2019-02-23,7,0,56,0.0,0.0,0.0,0.0,0.0
2019-02-23,7,0,57,0.0,0.0,0.0,0.0,0.0
2019-02-23,7,0,58,0.0,0.0,0.0,0.0,0.0
2019-02-23,7,0,59,0.0,0.0,0.0,0.0,0.0
2019-02-23,7,0,63,170.0,170.0,0.0,20716.284146,0.0
2019-02-23,7,0,64,200.0,200.0,0.0,24372.098995,0.0
2019-02-23,7,0,65,1.26,1.26,0.0,11.430796,0.0
2019-02-23,7,0,67,0.0,0.0,0.0,-0.0,0.0
2019-02-23,7,0,68,0.0,0.0,0.0,-0.0,0.0
2019-02-23,7,0,69,0.0,0.0,0.0,0.0,0.0
2019-02-23,7,0,74,3.25,3.25,0.0,27.577731,0.0
2019-02-23,7,0,77,0.0,0.0,0.0,-0.0,0.0
2019-02-23,7,0,78,0.0,0.0,0.0,-0.0,0.0
2019-02-23,7,0,79,0.0,0.0,0.0,-0.0,0.0
2019-02-23,7,0,80,0.0,0.0,0.0,-0.0,0.0
2019-02-23,7,0,81,0.0,0.0,0.0,-0.0,0.0
2019-02-23,7,0,82,0.0,0.0,0.0,-0.0,0.0
2019-02-23,7,0,83,0.0,0.0,0.0,-0.0,0.0
2019-02-23,7,0,84,0.0,0.0,0.0,0.0,0.0
2019-02-23,7,0,86,0.0,0.0,0.0,0.0,0.0
2019-02-23,7,0,87,0.0,0.0,0.0,0.0,0.0
2019-02-23,7,0,88,0.0,0.0,0.0,-0.0,0.0
2019-02-23,7,0,89,0.0,0.0,0.0,-0.0,0.0
2019-02-23,7,0,90,0.0,0.0,0.0,-0.0,0.0
2019-02-23,7,0,91,0.0,0.0,0.0,-0.0,0.0
2019-02-23,7,0,92,0.0,0.0,0.0,-0.0,0.0
2019-02-23,7,0,95,7.72,7.72,0.0,196.193713,0.0
2019-02-23,7,0,96,29.88,29.88,0.0,183.457578,0.0
2019-02-23,7,0,97,183.75,183.75,0.0,1128.190426,0.0
2019-02-23,7,0,99,0.63,0.63,0.0,5.345837,0.0
2019-02-23,7,0,101,0.0,0.0,0.0,0.0,0.0
2019-02-23,7,0,102,0.0,0.0,0.0,-0.0,0.0
2019-02-23,7,0,103,0.0,0.0,0.0,-0.0,0.0
2019-02-23,7,0,104,0.0,0.0,0.0,-0.0,0.0
2019-02-23,7,0,106,0.0,0.0,0.0,0.0,0.0
2019-02-23,7,0,109,200.0,200.0,0.0,1555.256643,0.0
2019-02-23,7,0,110,338.6,338.6,0.0,-338600.0,0.0
2019-02-23,7,0,111,0.0,0.0,0.0,0.0,0.0
2019-02-23,7,0,113,75.93,75.93,0.0,-19495.621781,0.0
2019-02-23,7,0,115,75.93,75.93,0.0,-19495.621781,0.0
2019-02-23,7,0,116,0.0,0.0,0.0,-0.0,0.0
2019-02-23,7,0,117,3.11,3.11,0.0,-798.516841,0.0
2019-02-23,7,0,119,200.0,200.0,0.0,24372.098995,0.0
2019-02-23,7,0,120,117.6,117.6,0.0,14330.794209,0.0
2019-02-23,7,0,123,0.0,0.0,0.0,0.0,0.0
2019-02-23,7,0,125,0.0,0.0,0.0,0.0,0.0
2019-02-23,7,0,126,0.0,0.0,0.0,0.0,0.0
2019-02-23,7,0,127,0.0,0.0,0.0,0.0,0.0
2019-02-23,7,0,128,0.0,0.0,0.0,0.0,0.0
2019-02-23,7,0,131,0.0,0.0,0.0,-0.0,0.0
2019-02-23,7,0,132,0.0,0.0,0.0,-0.0,0.0
2019-02-23,7,0,133,10.63,10.63,0.0,96.676319,0.0
2019-02-23,7,0,134,0.0,0.0,0.0,0.0,0.0
2019-02-23,7,0,135,14.25,14.25,0.0,129.599017,0.0
2019-02-23,7,0,136,4.57,4.57,0.0,41.454132,0.0
2019-02-23,7,0,139,35.47,35.47,0.0,253.273406,0.0
2019-02-23,7,0,140,250.6,250.6,0.0,-250600.0,0.0
2019-02-23,7,0,141,0.0,0.0,0.0,-0.0,0.0
2019-02-23,7,0,142,0.0,0.0,0.0,-0.0,0.0
2019-02-23,7,0,143,176.28,176.28,0.0,1085.731712,0.0
2019-02-23,7,0,145,30.0,30.0,0.0,202.781799,0.0
2019-02-23,7,0,146,268.0,268.0,0.0,-268000.0,0.0
2019-02-23,7,0,152,0.0,0.0,0.0,0.0,0.0
2019-02-23,7,0,153,0.0,0.0,0.0,0.0,0.0
2019-02-23,7,0,154,0.0,0.0,0.0,0.0,0.0
2019-02-23,7,0,157,0.0,0.0,0.0,-0.0,0.0
2019-02-23,7,0,158,0.0,0.0,0.0,-0.0,0.0
2019-02-23,7,0,159,0.0,0.0,0.0,0.0,0.0
2019-02-23,7,0,160,0.0,0.0,0.0,0.0,0.0
2019-02-23,7,0,161,0.0,0.0,0.0,-0.0,0.0
2019-02-23,7,0,162,7.94,7.94,0.0,208.027472,0.0
2019-02-23,7,0,163,185.4,185.4,0.0,-185400.0,0.0
2019-02-23,7,0,164,0.0,0.0,0.0,0.0,0.0
2019-02-23,7,0,167,0.0,0.0,0.0,0.0,0.0
2019-02-23,7,0,168,0.0,0.0,0.0,0.0,0.0
2019-02-23,7,0,169,0.0,0.0,0.0,0.0,0.0
2019-02-23,7,0,170,0.0,0.0,0.0,0.0,0.0
2019-02-23,7,0,172,0.0,0.0,0.0,0.0,0.0
2019-02-23,7,0,173,0.0,0.0,0.0,0.0,0.0
2019-02-23,7,0,188,0.0,0.0,0.0,0.0,0.0
2019-02-23,7,0,190,0.0,0.0,0.0,0.0,0.0
2019-02-23,7,0,191,0.0,0.0,0.0,0.0,0.0
2019-02-23,7,0,192,256.98,256.98,0.0,8333.233628,0.0
2019-02-23,7,0,194,176.5,176.5,0.0,-21333.81257,0.0
2019-02-23,7,0,196,0.0,0.0,0.0,0.0,0.0
2019-02-23,7,0,198,0.0,0.0,0.0,0.0,0.0
2019-02-23,7,0,199,16.42,16.42,0.0,-425.840622,0.0
2019-02-23,7,0,200,0.0,0.0,0.0,-0.0,0.0
2019-02-23,7,0,204,857.0,857.0,0.0,6601.803106,0.0
2019-02-23,7,0,205,1058.0,1058.0,0.0,8227.307639,0.0
2019-02-23,7,0,206,539.94,539.94,0.0,3315.130005,0.0
2019-02-23,7,0,210,0.0,0.0,0.0,0.0,0.0
2019-02-23,7,0,214,0.0,0.0,0.0,0.0,0.0
2019-02-23,7,0,217,0.0,0.0,0.0,0.0,0.0
2019-02-23,7,0,218,0.0,0.0,0.0,0.0,0.0
2019-02-23,7,0,219,0.0,0.0,0.0,0.0,0.0
2019-02-23,7,0,221,0.0,0.0,0.0,0.0,0.0
2019-02-23,7,0,225,0.0,0.0,0.0,0.0,0.0
2019-02-23,7,0,233,0.0,0.0,0.0,0.0,0.0
2019-02-23,7,0,236,6.26,6.26,0.0,55.155672,0.0
2019-02-23,7,0,237,7.79,7.79,0.0,66.101699,0.0
2019-02-23,7,0,238,0.0,0.0,0.0,0.0,0.0
2019-02-23,7,0,240,0.0,0.0,0.0,0.0,0.0
2019-02-23,7,0,245,9.22,9.22,0.0,84.535395,0.0
2019-02-23,7,0,247,14.33,14.33,0.0,131.387442,0.0
2019-02-23,7,0,248,0.78,0.78,0.0,6.618655,0.0
2019-02-23,7,0,249,17.73,17.73,0.0,162.561015,0.0
2019-02-23,7,0,251,0.0,0.0,0.0,0.0,0.0
2019-02-23,7,0,252,8.12,8.12,0.0,73.665129,0.0
2019-02-23,7,0,254,0.0,0.0,0.0,0.0,0.0
2019-02-23,7,0,255,0.0,0.0,0.0,0.0,0.0
2019-02-23,7,0,258,0.0,0.0,0.0,0.0,0.0
2019-02-23,7,0,260,0.0,0.0,0.0,0.0,0.0
2019-02-23,7,0,265,0.0,0.0,0.0,0.0,0.0
2019-02-23,7,0,266,22.96,22.96,0.0,163.945796,0.0
2019-02-23,7,0,267,28.22,28.22,0.0,201.504807,0.0
2019-02-23,7,0,270,579.0,579.0,0.0,-579000.0,0.0
2019-02-23,7,0,272,270.16,270.16,0.0,-69365.694459,0.0
2019-02-23,7,0,273,0.0,0.0,0.0,-0.0,0.0
2019-02-23,7,0,274,746.4,746.4,0.0,-746400.0,0.0
2019-02-23,7,0,275,1039.0,1039.0,0.0,-1039000.0,0.0
2019-02-23,7,0,276,0.0,0.0,0.0,-0.0,0.0
2019-02-23,7,0,277,0.0,0.0,0.0,-0.0,0.0
2019-02-23,7,0,278,0.0,0.0,0.0,-0.0,0.0
2019-02-23,7,0,279,0.0,0.0,0.0,-0.0,0.0
2019-02-23,7,0,281,41.4,41.4,0.0,254.988047,0.0
2019-02-23,7,0,282,0.0,0.0,0.0,0.0,0.0
2019-02-23,8,0,9,0.0,0.0,0.0,0.0,0.0
2019-02-23,8,0,17,0.0,0.0,0.0,0.0,0.0
2019-02-23,8,0,19,99.35,99.35,0.0,1544.145748,0.0
2019-02-23,8,0,20,123.64,123.64,0.0,1921.672675,0.0
2019-02-23,8,0,21,0.0,0.0,0.0,0.0,0.0
2019-02-23,8,0,22,0.0,0.0,0.0,0.0,0.0
2019-02-23,8,0,23,0.0,0.0,0.0,0.0,0.0
2019-02-23,8,0,24,0.0,0.0,0.0,0.0,0.0
2019-02-23,8,0,29,0.1,0.1,0.0,1.177775,0.0
2019-02-23,8,0,30,0.0,0.0,0.0,0.0,0.0
2019-02-23,8,0,31,37.5,37.5,0.0,613.417401,0.0
2019-02-23,8,0,32,0.0,0.0,0.0,0.0,0.0
2019-02-23,8,0,33,0.0,0.0,0.0,0.0,0.0
2019-02-23,8,0,34,0.0,0.0,0.0,0.0,0.0
2019-02-23,8,0,35,0.0,0.0,0.0,0.0,0.0
2019-02-23,8,0,36,0.0,0.0,0.0,0.0,0.0
2019-02-23,8,0,37,0.0,0.0,0.0,0.0,0.0
2019-02-23,8,0,38,0.0,0.0,0.0,0.0,0.0
2019-02-23,8,0,39,0.0,0.0,0.0,0.0,0.0
2019-02-23,8,0,40,0.0,0.0,0.0,0.0,0.0
2019-02-23,8,0,41,34.73,34.73,0.0,555.232153,0.0
2019-02-23,8,0,42,0.0,0.0,0.0,0.0,0.0
2019-02-23,8,0,43,0.0,0.0,0.0,0.0,0.0
2019-02-23,8,0,46,0.0,0.0,0.0,0.0,0.0
2019-02-23,8,0,52,39.75,39.75,0.0,650.222445,0.0
2019-02-23,8,0,53,63.15,63.15,0.0,1032.994903,0.0
2019-02-23,8,0,55,0.0,0.0,0.0,0.0,0.0
2019-02-23,8,0,56,0.0,0.0,0.0,0.0,0.0
2019-02-23,8,0,57,0.0,0.0,0.0,0.0,0.0
2019-02-23,8,0,58,0.0,0.0,0.0,0.0,0.0
2019-02-23,8,0,59,0.0,0.0,0.0,0.0,0.0
2019-02-23,8,0,63,96.01,96.01,0.0,12209.183744,0.0
2019-02-23,8,0,64,112.86,112.86,0.0,14351.926647,0.0
2019-02-23,8,0,65,0.0,0.0,0.0,0.0,0.0
2019-02-23,8,0,67,0.0,0.0,0.0,-0.0,0.0
2019-02-23,8,0,68,0.0,0.0,0.0,-0.0,0.0
2019-02-23,8,0,69,0.0,0.0,0.0,0.0,0.0
2019-02-23,8,0,74,10.35,10.35,0.0,161.291076,0.0
2019-02-23,8,0,77,0.0,0.0,0.0,-0.0,0.0
2019-02-23,8,0,78,0.0,0.0,0.0,-0.0,0.0
2019-02-23,8,0,79,0.0,0.0,0.0,-0.0,0.0
2019-02-23,8,0,80,0.0,0.0,0.0,-0.0,0.0
2019-02-23,8,0,81,0.0,0.0,0.0,-0.0,0.0
2019-02-23,8,0,82,0.0,0.0,0.0,-0.0,0.0
2019-02-23,8,0,83,0.0,0.0,0.0,-0.0,0.0
2019-02-23,8,0,84,0.0,0.0,0.0,0.0,0.0
2019-02-23,8,0,86,0.0,0.0,0.0,0.0,0.0
2019-02-23,8,0,87,0.0,0.0,0.0,0.0,0.0
2019-02-23,8,0,88,0.0,0.0,0.0,-0.0,0.0
2019-02-23,8,0,89,0.0,0.0,0.0,-0.0,0.0
2019-02-23,8,0,90,0.0,0.0,0.0,-0.0,0.0
2019-02-23,8,0,91,0.0,0.0,0.0,-0.0,0.0
2019-02-23,8,0,92,0.0,0.0,0.0,-0.0,0.0
2019-02-23,8,0,95,8.45,8.45,0.0,256.99571,0.0
2019-02-23,8,0,96,29.88,29.88,0.0,489.006461,0.0
2019-02-23,8,0,97,183.75,183.75,0.0,3007.193346,0.0
2019-02-23,8,0,99,2.0,2.0,0.0,31.167358,0.0
2019-02-23,8,0,101,0.0,0.0,0.0,0.0,0.0
2019-02-23,8,0,102,0.0,0.0,0.0,-0.0,0.0
2019-02-23,8,0,103,0.0,0.0,0.0,-0.0,0.0
2019-02-23,8,0,104,0.0,0.0,0.0,-0.0,0.0
2019-02-23,8,0,106,0.0,0.0,0.0,0.0,0.0
2019-02-23,8,0,109,200.0,200.0,0.0,3134.971698,0.0
2019-02-23,8,0,110,338.6,338.6,0.0,-338600.0,0.0
2019-02-23,8,0,111,0.0,0.0,0.0,0.0,0.0
2019-02-23,8,0,113,141.55,141.55,0.0,-35937.500101,0.0
2019-02-23,8,0,115,141.55,141.55,0.0,-35937.500101,0.0
2019-02-23,8,0,116,0.0,0.0,0.0,-0.0,0.0
2019-02-23,8,0,117,7.33,7.33,0.0,-1860.981107,0.0
2019-02-23,8,0,119,112.86,112.86,0.0,14351.926647,0.0
2019-02-23,8,0,120,66.59,66.59,0.0,8467.967353,0.0
2019-02-23,8,0,123,0.0,0.0,0.0,0.0,0.0
2019-02-23,8,0,125,0.0,0.0,0.0,0.0,0.0
2019-02-23,8,0,126,0.0,0.0,0.0,0.0,0.0
2019-02-23,8,0,127,0.0,0.0,0.0,0.0,0.0
2019-02-23,8,0,128,0.0,0.0,0.0,0.0,0.0
2019-02-23,8,0,131,0.0,0.0,0.0,-0.0,0.0
2019-02-23,8,0,132,0.0,0.0,0.0,-0.0,0.0
2019-02-23,8,0,133,6.32,6.32,0.0,98.228113,0.0
2019-02-23,8,0,134,0.0,0.0,0.0,0.0,0.0
2019-02-23,8,0,135,8.47,8.47,0.0,131.644322,0.0
2019-02-23,8,0,136,1.77,1.77,0.0,27.511399,0.0
2019-02-23,8,0,139,44.84,44.84,0.0,716.861784,0.0
2019-02-23,8,0,140,250.6,250.6,0.0,-250600.0,0.0
2019-02-23,8,0,141,0.0,0.0,0.0,-0.0,0.0
2019-02-23,8,0,142,0.0,0.0,0.0,-0.0,0.0
2019-02-23,8,0,143,71.55,71.55,0.0,1170.400401,0.0
2019-02-23,8,0,145,30.0,30.0,0.0,483.145638,0.0
2019-02-23,8,0,146,268.0,268.0,0.0,-268000.0,0.0
2019-02-23,8,0,152,0.0,0.0,0.0,0.0,0.0
2019-02-23,8,0,153,0.0,0.0,0.0,0.0,0.0
2019-02-23,8,0,154,0.0,0.0,0.0,0.0,0.0
2019-02-23,8,0,157,0.0,0.0,0.0,-0.0,0.0
2019-02-23,8,0,158,0.0,0.0,0.0,-0.0,0.0
2019-02-23,8,0,159,0.0,0.0,0.0,0.0,0.0
2019-02-23,8,0,160,0.0,0.0,0.0,0.0,0.0
2019-02-23,8,0,161,0.0,0.0,0.0,-0.0,0.0
2019-02-23,8,0,162,8.11,8.11,0.0,253.355798,0.0
2019-02-23,8,0,163,185.4,185.4,0.0,-185400.0,0.0
2019-02-23,8,0,164,0.0,0.0,0.0,0.0,0.0
2019-02-23,8,0,167,0.0,0.0,0.0,0.0,0.0
2019-02-23,8,0,168,0.0,0.0,0.0,0.0,0.0
2019-02-23,8,0,169,0.0,0.0,0.0,0.0,0.0
2019-02-23,8,0,170,0.0,0.0,0.0,0.0,0.0
2019-02-23,8,0,172,0.0,0.0,0.0,0.0,0.0
2019-02-23,8,0,173,0.0,0.0,0.0,0.0,0.0
2019-02-23,8,0,188,0.0,0.0,0.0,0.0,0.0
2019-02-23,8,0,190,0.0,0.0,0.0,0.0,0.0
2019-02-23,8,0,191,0.0,0.0,0.0,0.0,0.0
2019-02-23,8,0,192,332.6,332.6,0.0,12448.405497,0.0
2019-02-23,8,0,194,176.5,176.5,0.0,-20655.336626,0.0
2019-02-23,8,0,196,0.0,0.0,0.0,0.0,0.0
2019-02-23,8,0,198,0.0,0.0,0.0,0.0,0.0
2019-02-23,8,0,199,15.0,15.0,0.0,-375.215088,0.0
2019-02-23,8,0,200,0.0,0.0,0.0,-0.0,0.0
2019-02-23,8,0,204,856.99,856.99,0.0,13447.207169,0.0
2019-02-23,8,0,205,1058.0,1058.0,0.0,16584.000281,0.0
2019-02-23,8,0,206,539.94,539.94,0.0,8836.484219,0.0
2019-02-23,8,0,210,0.02,0.02,0.0,0.237297,0.0
2019-02-23,8,0,214,0.0,0.0,0.0,0.0,0.0
2019-02-23,8,0,217,0.01,0.01,0.0,0.139195,0.0
2019-02-23,8,0,218,0.02,0.02,0.0,0.278389,0.0
2019-02-23,8,0,219,0.01,0.01,0.0,0.139195,0.0
2019-02-23,8,0,221,0.0,0.0,0.0,0.0,0.0
2019-02-23,8,0,225,0.07,0.07,0.0,0.823854,0.0
2019-02-23,8,0,233,0.0,0.0,0.0,0.0,0.0
2019-02-23,8,0,236,10.41,10.41,0.0,161.853086,0.0
2019-02-23,8,0,237,24.82,24.82,0.0,386.786909,0.0
2019-02-23,8,0,238,0.0,0.0,0.0,0.0,0.0
2019-02-23,8,0,240,0.0,0.0,0.0,0.0,0.0
2019-02-23,8,0,245,6.18,6.18,0.0,96.037904,0.0
2019-02-23,8,0,247,9.76,9.76,0.0,151.671512,0.0
2019-02-23,8,0,248,2.49,2.49,0.0,38.80336,0.0
2019-02-23,8,0,249,11.88,11.88,0.0,184.616553,0.0
2019-02-23,8,0,251,0.0,0.0,0.0,0.0,0.0
2019-02-23,8,0,252,0.0,0.0,0.0,0.0,0.0
2019-02-23,8,0,254,0.0,0.0,0.0,0.0,0.0
2019-02-23,8,0,255,0.0,0.0,0.0,0.0,0.0
2019-02-23,8,0,258,0.0,0.0,0.0,0.0,0.0
2019-02-23,8,0,260,0.0,0.0,0.0,0.0,0.0
2019-02-23,8,0,265,0.0,0.0,0.0,0.0,0.0
2019-02-23,8,0,266,29.04,29.04,0.0,464.265526,0.0
2019-02-23,8,0,267,35.68,35.68,0.0,570.419903,0.0
2019-02-23,8,0,270,579.0,579.0,0.0,-579000.0,0.0
2019-02-23,8,0,272,490.05,490.05,0.0,-124416.615502,0.0
2019-02-23,8,0,273,0.0,0.0,0.0,-0.0,0.0
2019-02-23,8,0,274,746.4,746.4,0.0,-746400.0,0.0
2019-02-23,8,0,275,1039.0,1039.0,0.0,-1039000.0,0.0
2019-02-23,8,0,276,0.0,0.0,0.0,-0.0,0.0
2019-02-23,8,0,277,0.0,0.0,0.0,-0.0,0.0
2019-02-23,8,0,278,0.0,0.0,0.0,-0.0,0.0
2019-02-23,8,0,279,0.0,0.0,0.0,-0.0,0.0
2019-02-23,8,0,281,16.83,16.83,0.0,275.301729,0.0
2019-02-23,8,0,282,0.0,0.0,0.0,0.0,0.0
2019-02-23,9,0,9,0.61,0.61,0.0,3.44545,0.0
2019-02-23,9,0,17,12.5,12.5,0.0,148.706439,0.0
2019-02-23,9,0,19,50.46,50.46,0.0,600.298153,0.0
2019-02-23,9,0,20,62.66,62.66,0.0,745.435638,0.0
2019-02-23,9,0,21,13.99,13.99,0.0,79.01942,0.0
2019-02-23,9,0,22,49.73,49.73,0.0,280.888903,0.0
2019-02-23,9,0,23,0.0,0.0,0.0,0.0,0.0
2019-02-23,9,0,24,0.0,0.0,0.0,0.0,0.0
2019-02-23,9,0,29,2.34,2.34,0.0,12.71556,0.0
2019-02-23,9,0,30,104.78,104.78,0.0,588.310386,0.0
2019-02-23,9,0,31,49.31,49.31,0.0,276.861855,0.0
2019-02-23,9,0,32,1.27,1.27,0.0,119.70757,0.0
2019-02-23,9,0,33,0.66,0.66,0.0,8.786408,0.0
2019-02-23,9,0,34,1.06,1.06,0.0,14.111503,0.0
2019-02-23,9,0,35,1.06,1.06,0.0,14.111503,0.0
2019-02-23,9,0,36,2.46,2.46,0.0,23.050074,0.0
2019-02-23,9,0,37,1.17,1.17,0.0,10.86588,0.0
2019-02-23,9,0,38,1.5,1.5,0.0,13.930615,0.0
2019-02-23,9,0,39,1.0,1.0,0.0,9.287077,0.0
2019-02-23,9,0,40,1.0,1.0,0.0,9.287077,0.0
2019-02-23,9,0,41,34.8,34.8,0.0,259.973784,0.0
2019-02-23,9,0,42,14.74,14.74,0.0,170.829636,0.0
2019-02-23,9,0,43,7.53,7.53,0.0,70.35745,0.0
2019-02-23,9,0,46,6.6,6.6,0.0,58.586591,0.0
2019-02-23,9,0,52,52.32,52.32,0.0,293.762163,0.0
2019-02-23,9,0,53,83.57,83.57,0.0,469.22217,0.0
2019-02-23,9,0,55,0.0,0.0,0.0,0.0,0.0
2019-02-23,9,0,56,30.91,30.91,0.0,173.551002,0.0
2019-02-23,9,0,57,29.4,29.4,0.0,165.072775,0.0
2019-02-23,9,0,58,56.54,56.54,0.0,317.456282,0.0
2019-02-23,9,0,59,55.6,55.6,0.0,312.178445,0.0
2019-02-23,9,0,63,51.0,51.0,0.0,7864.989436,0.0
2019-02-23,9,0,64,60.0,60.0,0.0,9252.928748,0.0
2019-02-23,9,0,65,0.0,0.0,0.0,0.0,0.0
2019-02-23,9,0,67,61.29,61.29,0.0,-33126.458921,0.0
2019-02-23,9,0,68,0.0,0.0,0.0,-0.0,0.0
2019-02-23,9,0,69,0.66,0.66,0.0,8.786408,0.0
2019-02-23,9,0,74,25.59,25.59,0.0,262.96821,0.0
2019-02-23,9,0,77,0.0,0.0,0.0,-0.0,0.0
2019-02-23,9,0,78,0.0,0.0,0.0,-0.0,0.0
2019-02-23,9,0,79,0.0,0.0,0.0,-0.0,0.0
2019-02-23,9,0,80,0.0,0.0,0.0,-0.0,0.0
2019-02-23,9,0,81,0.0,0.0,0.0,-0.0,0.0
2019-02-23,9,0,82,0.0,0.0,0.0,-0.0,0.0
2019-02-23,9,0,83,0.0,0.0,0.0,-0.0,0.0
2019-02-23,9,0,84,0.0,0.0,0.0,0.0,0.0
2019-02-23,9,0,86,3.37,3.37,0.0,44.863929,0.0
2019-02-23,9,0,87,17.19,17.19,0.0,228.845978,0.0
2019-02-23,9,0,88,0.0,0.0,0.0,-0.0,0.0
2019-02-23,9,0,89,0.0,0.0,0.0,-0.0,0.0
2019-02-23,9,0,90,0.0,0.0,0.0,-0.0,0.0
2019-02-23,9,0,91,0.0,0.0,0.0,-0.0,0.0
2019-02-23,9,0,92,0.0,0.0,0.0,-0.0,0.0
2019-02-23,9,0,95,15.73,15.73,0.0,399.757398,0.0
2019-02-23,9,0,96,29.88,29.88,0.0,166.71989,0.0
2019-02-23,9,0,97,183.75,183.75,0.0,1025.260367,0.0
2019-02-23,9,0,99,4.94,4.94,0.0,50.764477,0.0
2019-02-23,9,0,101,2.11,2.11,0.0,11.84706,0.0
2019-02-23,9,0,102,0.0,0.0,0.0,-0.0,0.0
2019-02-23,9,0,103,0.0,0.0,0.0,-0.0,0.0
2019-02-23,9,0,104,0.0,0.0,0.0,-0.0,0.0
2019-02-23,9,0,106,48.95,48.95,0.0,276.483246,0.0
2019-02-23,9,0,109,186.24,186.24,0.0,1581.55258,0.0
2019-02-23,9,0,110,338.6,338.6,0.0,-338600.0,0.0
2019-02-23,9,0,111,4.04,4.04,0.0,30.180865,0.0
2019-02-23,9,0,113,84.3,84.3,0.0,-19848.274123,0.0
2019-02-23,9,0,115,84.3,84.3,0.0,-19848.274123,0.0
2019-02-23,9,0,116,26.88,26.88,0.0,-26880.0,0.0
2019-02-23,9,0,117,5.73,5.73,0.0,-1349.117565,0.0
2019-02-23,9,0,119,60.0,60.0,0.0,9252.928748,0.0
2019-02-23,9,0,120,35.28,35.28,0.0,5440.722104,0.0
2019-02-23,9,0,123,0.82,0.82,0.0,4.631589,0.0
2019-02-23,9,0,125,0.0,0.0,0.0,0.0,0.0
2019-02-23,9,0,126,36.72,36.72,0.0,207.404796,0.0
2019-02-23,9,0,127,47.12,47.12,0.0,266.146896,0.0
2019-02-23,9,0,128,0.0,0.0,0.0,0.0,0.0
2019-02-23,9,0,131,0.0,0.0,0.0,-0.0,0.0
2019-02-23,9,0,132,0.0,0.0,0.0,-0.0,0.0
2019-02-23,9,0,133,5.26,5.26,0.0,62.60393,0.0
2019-02-23,9,0,134,0.0,0.0,0.0,0.0,0.0
2019-02-23,9,0,135,7.05,7.05,0.0,83.90831,0.0
2019-02-23,9,0,136,0.0,0.0,0.0,0.0,0.0
2019-02-23,9,0,139,44.94,44.94,0.0,335.724765,0.0
2019-02-23,9,0,140,250.6,250.6,0.0,-250600.0,0.0
2019-02-23,9,0,141,0.0,0.0,0.0,-0.0,0.0
2019-02-23,9,0,142,80.82,80.82,0.0,-43682.173438,0.0
2019-02-23,9,0,143,133.82,133.82,0.0,751.361861,0.0
2019-02-23,9,0,145,30.0,30.0,0.0,200.523464,0.0
2019-02-23,9,0,146,268.0,268.0,0.0,-268000.0,0.0
2019-02-23,9,0,152,1.77,1.77,0.0,18.146944,0.0
2019-02-23,9,0,153,2.16,2.16,0.0,21.983913,0.0
2019-02-23,9,0,154,16.66,16.66,0.0,124.458714,0.0
2019-02-23,9,0,157,0.0,0.0,0.0,-0.0,0.0
2019-02-23,9,0,158,39.31,39.31,0.0,-21246.550827,0.0
2019-02-23,9,0,159,0.0,0.0,0.0,0.0,0.0
2019-02-23,9,0,160,0.54,0.54,0.0,5.222897,0.0
2019-02-23,9,0,161,12.75,12.75,0.0,-4978.023967,0.0
2019-02-23,9,0,162,15.36,15.36,0.0,402.245164,0.0
2019-02-23,9,0,163,185.4,185.4,0.0,-185400.0,0.0
2019-02-23,9,0,164,3.71,3.71,0.0,20.830612,0.0
2019-02-23,9,0,167,1.27,1.27,0.0,26.200215,0.0
2019-02-23,9,0,168,0.63,0.63,0.0,12.996957,0.0
2019-02-23,9,0,169,0.0,0.0,0.0,0.0,0.0
2019-02-23,9,0,170,1.39,1.39,0.0,28.675826,0.0
2019-02-23,9,0,172,1.65,1.65,0.0,84.75308,0.0
2019-02-23,9,0,173,2.51,2.51,0.0,128.927413,0.0
2019-02-23,9,0,188,2.64,2.64,0.0,168.681521,0.0
2019-02-23,9,0,190,2.27,2.27,0.0,73.610555,0.0
2019-02-23,9,0,191,5.87,5.87,0.0,190.34976,0.0
2019-02-23,9,0,192,332.6,332.6,0.0,10785.405497,0.0
2019-02-23,9,0,194,130.37,130.37,0.0,-12503.913576,0.0
2019-02-23,9,0,196,1.48,1.48,0.0,463.558071,0.0
2019-02-23,9,0,198,2.31,2.31,0.0,22.514521,0.0
2019-02-23,9,0,199,23.29,23.29,0.0,-472.657986,0.0
2019-02-23,9,0,200,4.63,4.63,0.0,-93.963352,0.0
2019-02-23,9,0,204,480.72,480.72,0.0,4002.527834,0.0
2019-02-23,9,0,205,1048.92,1048.92,0.0,8907.442721,0.0
2019-02-23,9,0,206,539.94,539.94,0.0,3012.675279,0.0
2019-02-23,9,0,210,0.65,0.65,0.0,3.866559,0.0
2019-02-23,9,0,214,3.62,3.62,0.0,51.231242,0.0
2019-02-23,9,0,217,2.59,2.59,0.0,27.392004,0.0
2019-02-23,9,0,218,3.57,3.57,0.0,37.756546,0.0
2019-02-23,9,0,219,2.43,2.43,0.0,25.699834,0.0
2019-02-23,9,0,221,1.93,1.93,0.0,27.313894,0.0
2019-02-23,9,0,225,2.1,2.1,0.0,11.307048,0.0
2019-02-23,9,0,233,1.91,1.91,0.0,25.427331,0.0
2019-02-23,9,0,236,22.21,22.21,0.0,246.748897,0.0
2019-02-23,9,0,237,61.4,61.4,0.0,630.959285,0.0
2019-02-23,9,0,238,19.18,19.18,0.0,222.287138,0.0
2019-02-23,9,0,240,2.79,2.79,0.0,26.142157,0.0
2019-02-23,9,0,245,7.89,7.89,0.0,95.518066,0.0
2019-02-23,9,0,247,13.55,13.55,0.0,164.039264,0.0
2019-02-23,9,0,248,6.16,6.16,0.0,63.301453,0.0
2019-02-23,9,0,249,15.17,15.17,0.0,183.651339,0.0
2019-02-23,9,0,251,10.96,10.96,0.0,128.734628,0.0
2019-02-23,9,0,252,0.0,0.0,0.0,0.0,0.0
2019-02-23,9,0,254,3.95,3.95,0.0,37.232816,0.0
2019-02-23,9,0,255,1.81,1.81,0.0,17.061113,0.0
2019-02-23,9,0,258,3.45,3.45,0.0,32.311652,0.0
2019-02-23,9,0,260,1.32,1.32,0.0,12.767083,0.0
2019-02-23,9,0,265,17.25,17.25,0.0,128.866315,0.0
2019-02-23,9,0,266,29.1,29.1,0.0,217.391871,0.0
2019-02-23,9,0,267,35.76,35.76,0.0,267.145474,0.0
2019-02-23,9,0,270,579.0,579.0,0.0,-579000.0,0.0
2019-02-23,9,0,272,281.31,281.31,0.0,-66233.902652,0.0
2019-02-23,9,0,273,6.43,6.43,0.0,-6430.0,0.0
2019-02-23,9,0,274,746.4,746.4,0.0,-746400.0,0.0
2019-02-23,9,0,275,1039.0,1039.0,0.0,-1039000.0,0.0
2019-02-23,9,0,276,1.45,1.45,0.0,-1301.230704,0.0
2019-02-23,9,0,277,1.83,1.83,0.0,-452.764682,0.0
2019-02-23,9,0,278,2.93,2.93,0.0,-724.918316,0.0
2019-02-23,9,0,279,0.0,0.0,0.0,-0.0,0.0
2019-02-23,9,0,281,21.97,21.97,0.0,123.355403,0.0
2019-02-23,9,0,282,57.48,57.48,0.0,322.734119,0.0
2019-02-23,10,0,9,1.84,1.84,0.0,1213.801607,0.0
2019-02-23,10,0,17,24.82,24.82,0.0,1175.064159,0.0
2019-02-23,10,0,19,33.87,33.87,0.0,1603.522283,0.0
2019-02-23,10,0,20,41.96,41.96,0.0,1986.530705,0.0
2019-02-23,10,0,21,42.13,42.13,0.0,27792.098749,0.0
2019-02-23,10,0,22,149.74,149.74,0.0,98779.70251,0.0
2019-02-23,10,0,23,0.0,0.0,0.0,0.0,0.0
2019-02-23,10,0,24,0.0,0.0,0.0,0.0,0.0
2019-02-23,10,0,29,3.15,3.15,0.0,122.772219,0.0
2019-02-23,10,0,30,334.29,334.29,0.0,-334290.0,0.0
2019-02-23,10,0,31,103.87,103.87,0.0,-103870.0,0.0
2019-02-23,10,0,32,3.3,3.3,0.0,34.769383,0.0
2019-02-23,10,0,33,1.37,1.37,0.0,59.219554,0.0
2019-02-23,10,0,34,2.19,2.19,0.0,94.664835,0.0
2019-02-23,10,0,35,2.19,2.19,0.0,94.664835,0.0
2019-02-23,10,0,36,5.91,5.91,0.0,310.698674,0.0
2019-02-23,10,0,37,2.78,2.78,0.0,145.740959,0.0
2019-02-23,10,0,38,3.58,3.58,0.0,187.680804,0.0
2019-02-23,10,0,39,2.38,2.38,0.0,124.771037,0.0
2019-02-23,10,0,40,2.38,2.38,0.0,124.771037,0.0
2019-02-23,10,0,41,34.8,34.8,0.0,2497.765003,0.0
2019-02-23,10,0,42,31.8,31.8,0.0,1533.903717,0.0
2019-02-23,10,0,43,18.12,18.12,0.0,927.797457,0.0
2019-02-23,10,0,46,16.32,16.32,0.0,867.174984,0.0
2019-02-23,10,0,52,110.17,110.17,0.0,-110170.0,0.0
2019-02-23,10,0,53,175.67,175.67,0.0,-175670.0,0.0
2019-02-23,10,0,55,0.0,0.0,0.0,0.0,0.0
2019-02-23,10,0,56,98.6,98.6,0.0,-98600.0,0.0
2019-02-23,10,0,57,93.79,93.79,0.0,-93790.0,0.0
2019-02-23,10,0,58,180.37,180.37,0.0,-180370.0,0.0
2019-02-23,10,0,59,177.37,177.37,0.0,-177370.0,0.0
2019-02-23,10,0,63,51.0,51.0,0.0,500.232971,0.0
2019-02-23,10,0,64,60.0,60.0,0.0,588.509378,0.0
2019-02-23,10,0,65,1.48,1.48,0.0,70.31367,0.0
2019-02-23,10,0,67,192.05,192.05,0.0,1178.540997,0.0
2019-02-23,10,0,68,0.0,0.0,0.0,0.0,0.0
2019-02-23,10,0,69,1.37,1.37,0.0,59.219554,0.0
2019-02-23,10,0,74,85.15,85.15,0.0,4489.524239,0.0
2019-02-23,10,0,77,0.0,0.0,0.0,0.0,0.0
2019-02-23,10,0,78,0.0,0.0,0.0,0.0,0.0
2019-02-23,10,0,79,0.0,0.0,0.0,0.0,0.0
2019-02-23,10,0,80,0.0,0.0,0.0,0.0,0.0
2019-02-23,10,0,81,0.0,0.0,0.0,0.0,0.0
2019-02-23,10,0,82,0.0,0.0,0.0,0.0,0.0
2019-02-23,10,0,83,0.0,0.0,0.0,0.0,0.0
2019-02-23,10,0,84,0.0,0.0,0.0,0.0,0.0
2019-02-23,10,0,86,6.95,6.95,0.0,300.420367,0.0
2019-02-23,10,0,87,35.47,35.47,0.0,1533.224523,0.0
2019-02-23,10,0,88,0.0,0.0,0.0,0.0,0.0
2019-02-23,10,0,89,0.0,0.0,0.0,0.0,0.0
2019-02-23,10,0,90,0.0,0.0,0.0,0.0,0.0
2019-02-23,10,0,91,0.0,0.0,0.0,0.0,0.0
2019-02-23,10,0,92,0.0,0.0,0.0,0.0,0.0
2019-02-23,10,0,95,81.78,81.78,0.0,864.503372,0.0
2019-02-23,10,0,96,29.88,29.88,0.0,-284.287182,0.0
2019-02-23,10,0,97,183.75,183.75,0.0,-1748.252,0.0
2019-02-23,10,0,99,17.5,17.5,0.0,922.685545,0.0
2019-02-23,10,0,101,6.73,6.73,0.0,-6730.0,0.0
2019-02-23,10,0,102,0.0,0.0,0.0,0.0,0.0
2019-02-23,10,0,103,0.0,0.0,0.0,0.0,0.0
2019-02-23,10,0,104,0.0,0.0,0.0,0.0,0.0
2019-02-23,10,0,106,147.41,147.41,0.0,97242.660258,0.0
2019-02-23,10,0,109,171.07,171.07,0.0,9440.602351,0.0
2019-02-23,10,0,110,338.6,338.6,0.0,2892.488168,0.0
2019-02-23,10,0,111,10.62,10.62,0.0,762.248975,0.0
2019-02-23,10,0,113,150.0,150.0,0.0,993.022326,0.0
2019-02-23,10,0,115,150.0,150.0,0.0,993.022326,0.0
2019-02-23,10,0,116,74.91,74.91,0.0,639.918159,0.0
2019-02-23,10,0,117,10.0,10.0,0.0,66.201488,0.0
2019-02-23,10,0,119,60.0,60.0,0.0,588.509378,0.0
2019-02-23,10,0,120,35.28,35.28,0.0,346.043514,0.0
2019-02-23,10,0,123,2.46,2.46,0.0,1622.799974,0.0
2019-02-23,10,0,125,0.0,0.0,0.0,0.0,0.0
2019-02-23,10,0,126,110.56,110.56,0.0,72933.64438,0.0
2019-02-23,10,0,127,141.88,141.88,0.0,93594.658689,0.0
2019-02-23,10,0,128,0.0,0.0,0.0,0.0,0.0
2019-02-23,10,0,131,0.0,0.0,0.0,0.0,0.0
2019-02-23,10,0,132,0.0,0.0,0.0,0.0,0.0
2019-02-23,10,0,133,6.93,6.93,0.0,327.981782,0.0
2019-02-23,10,0,134,0.0,0.0,0.0,0.0,0.0
2019-02-23,10,0,135,9.29,9.29,0.0,439.675434,0.0
2019-02-23,10,0,136,0.0,0.0,0.0,0.0,0.0
2019-02-23,10,0,139,44.94,44.94,0.0,3225.562046,0.0
2019-02-23,10,0,140,250.6,250.6,0.0,2140.748774,0.0
2019-02-23,10,0,141,0.0,0.0,0.0,0.0,0.0
2019-02-23,10,0,142,253.27,253.27,0.0,1554.22587,0.0
2019-02-23,10,0,143,238.5,238.5,0.0,-238500.0,0.0
2019-02-23,10,0,145,56.19,56.19,0.0,3356.260612,0.0
2019-02-23,10,0,146,0.0,0.0,0.0,0.0,0.0
2019-02-23,10,0,152,4.25,4.25,0.0,219.773265,0.0
2019-02-23,10,0,153,5.32,5.32,0.0,276.11782,0.0
2019-02-23,10,0,154,43.82,43.82,0.0,3145.174207,0.0
2019-02-23,10,0,157,0.0,0.0,0.0,0.0,0.0
2019-02-23,10,0,158,93.8,93.8,0.0,575.616483,0.0
2019-02-23,10,0,159,0.0,0.0,0.0,0.0,0.0
2019-02-23,10,0,160,1.42,1.42,0.0,67.948616,0.0
2019-02-23,10,0,161,37.46,37.46,0.0,200.448598,0.0
2019-02-23,10,0,162,63.24,63.24,0.0,667.699788,0.0
2019-02-23,10,0,163,0.0,0.0,0.0,0.0,0.0
2019-02-23,10,0,164,12.77,12.77,0.0,-12770.0,0.0
2019-02-23,10,0,167,3.79,3.79,0.0,40.123895,0.0
2019-02-23,10,0,168,1.89,1.89,0.0,20.009014,0.0
2019-02-23,10,0,169,0.0,0.0,0.0,0.0,0.0
2019-02-23,10,0,170,4.14,4.14,0.0,43.829268,0.0
2019-02-23,10,0,172,4.89,4.89,0.0,58.264487,0.0
2019-02-23,10,0,173,7.45,7.45,0.0,88.766959,0.0
2019-02-23,10,0,188,6.73,6.73,0.0,72.704738,0.0
2019-02-23,10,0,190,6.09,6.09,0.0,59.733702,0.0
2019-02-23,10,0,191,15.74,15.74,0.0,154.385627,0.0
2019-02-23,10,0,192,332.6,332.6,0.0,3262.30365,0.0
2019-02-23,10,0,194,0.0,0.0,0.0,0.0,0.0
2019-02-23,10,0,196,3.96,3.96,0.0,36.164019,0.0
2019-02-23,10,0,198,6.09,6.09,0.0,256.638445,0.0
2019-02-23,10,0,199,39.0,39.0,0.0,820.786721,0.0
2019-02-23,10,0,200,11.75,11.75,0.0,247.288307,0.0
2019-02-23,10,0,204,0.0,0.0,0.0,0.0,0.0
2019-02-23,10,0,205,1010.31,1010.31,0.0,55754.573923,0.0
2019-02-23,10,0,206,539.94,539.94,0.0,-5137.149305,0.0
2019-02-23,10,0,210,0.92,0.92,0.0,35.114566,0.0
2019-02-23,10,0,214,6.57,6.57,0.0,268.117289,0.0
2019-02-23,10,0,217,3.86,3.86,0.0,152.85932,0.0
2019-02-23,10,0,218,5.32,5.32,0.0,210.676576,0.0
2019-02-23,10,0,219,3.63,3.63,0.0,143.751122,0.0
2019-02-23,10,0,221,3.5,3.5,0.0,142.83265,0.0
2019-02-23,10,0,225,2.98,2.98,0.0,116.378747,0.0
2019-02-23,10,0,233,3.93,3.93,0.0,169.877992,0.0
2019-02-23,10,0,236,46.03,46.03,0.0,2279.74324,0.0
2019-02-23,10,0,237,198.98,198.98,0.0,10491.198276,0.0
2019-02-23,10,0,238,41.39,41.39,0.0,1996.48663,0.0
2019-02-23,10,0,240,6.7,6.7,0.0,352.230307,0.0
2019-02-23,10,0,245,15.43,15.43,0.0,721.101806,0.0
2019-02-23,10,0,247,28.17,28.17,0.0,1316.489818,0.0
2019-02-23,10,0,248,21.72,21.72,0.0,1145.184574,0.0
2019-02-23,10,0,249,29.67,29.67,0.0,1386.590447,0.0
2019-02-23,10,0,251,33.32,33.32,0.0,1592.077872,0.0
2019-02-23,10,0,252,9.52,9.52,0.0,452.287933,0.0
2019-02-23,10,0,254,9.29,9.29,0.0,467.861696,0.0
2019-02-23,10,0,255,4.26,4.26,0.0,214.541531,0.0
2019-02-23,10,0,258,8.29,8.29,0.0,433.986684,0.0
2019-02-23,10,0,260,3.45,3.45,0.0,165.086427,0.0
2019-02-23,10,0,265,45.37,45.37,0.0,3256.425235,0.0
2019-02-23,10,0,266,29.1,29.1,0.0,2088.648321,0.0
2019-02-23,10,0,267,35.76,35.76,0.0,2566.668865,0.0
2019-02-23,10,0,270,0.0,0.0,0.0,0.0,0.0
2019-02-23,10,0,272,501.3,501.3,0.0,3318.680615,0.0
2019-02-23,10,0,273,17.91,17.91,0.0,152.996052,0.0
2019-02-23,10,0,274,0.0,0.0,0.0,0.0,0.0
2019-02-23,10,0,275,0.0,0.0,0.0,0.0,0.0
2019-02-23,10,0,276,4.03,4.03,0.0,32.261424,0.0
2019-02-23,10,0,277,4.99,4.99,0.0,27.3625,0.0
2019-02-23,10,0,278,7.98,7.98,0.0,43.758066,0.0
2019-02-23,10,0,279,0.0,0.0,0.0,0.0,0.0
2019-02-23,10,0,281,46.3,46.3,0.0,-46300.0,0.0
2019-02-23,10,0,282,183.38,183.38,0.0,-183380.0,0.0
2019-02-23,11,0,9,2.79,2.79,0.0,452.541064,0.0
2019-02-23,11,0,17,37.64,37.64,0.0,555.358224,0.0
2019-02-23,11,0,19,12.02,12.02,0.0,177.348721,0.0
2019-02-23,11,0,20,14.57,14.57,0.0,214.972618,0.0
2019-02-23,11,0,21,63.8,63.8,0.0,10348.430058,0.0
2019-02-23,11,0,22,226.76,226.76,0.0,36780.721002,0.0
2019-02-23,11,0,23,0.0,0.0,0.0,0.0,0.0
2019-02-23,11,0,24,0.0,0.0,0.0,0.0,0.0
2019-02-23,11,0,29,4.67,4.67,0.0,61.797252,0.0
2019-02-23,11,0,30,512.31,512.31,0.0,-123625.961841,0.0
2019-02-23,11,0,31,0.0,0.0,0.0,0.0,0.0
2019-02-23,11,0,32,5.03,5.03,0.0,58.377916,0.0
2019-02-23,11,0,33,2.11,2.11,0.0,29.548726,0.0
2019-02-23,11,0,34,3.37,3.37,0.0,47.193936,0.0
2019-02-23,11,0,35,3.37,3.37,0.0,47.193936,0.0
2019-02-23,11,0,36,9.04,9.04,0.0,141.43336,0.0
2019-02-23,11,0,37,4.33,4.33,0.0,67.572751,0.0
2019-02-23,11,0,38,5.56,5.56,0.0,86.767782,0.0
2019-02-23,11,0,39,3.71,3.71,0.0,57.897207,0.0
2019-02-23,11,0,40,3.71,3.71,0.0,57.897207,0.0
2019-02-23,11,0,41,34.8,34.8,0.0,686.964844,0.0
2019-02-23,11,0,42,48.93,48.93,0.0,729.894456,0.0
2019-02-23,11,0,43,28.07,28.07,0.0,431.764438,0.0
2019-02-23,11,0,46,25.23,25.23,0.0,395.67856,0.0
2019-02-23,11,0,52,0.0,0.0,0.0,0.0,0.0
2019-02-23,11,0,53,0.0,0.0,0.0,0.0,0.0
2019-02-23,11,0,55,0.0,0.0,0.0,0.0,0.0
2019-02-23,11,0,56,151.11,151.11,0.0,-36464.482625,0.0
2019-02-23,11,0,57,143.74,143.74,0.0,-34686.021657,0.0
2019-02-23,11,0,58,276.43,276.43,0.0,-66705.558415,0.0
2019-02-23,11,0,59,271.82,271.82,0.0,-65593.115394,0.0
2019-02-23,11,0,63,51.0,51.0,0.0,611.455358,0.0
2019-02-23,11,0,64,60.0,60.0,0.0,719.359245,0.0
2019-02-23,11,0,65,5.6,5.6,0.0,82.794223,0.0
2019-02-23,11,0,67,293.04,293.04,0.0,624.18136,0.0
2019-02-23,11,0,68,0.0,0.0,0.0,0.0,0.0
2019-02-23,11,0,69,2.11,2.11,0.0,29.548726,0.0
2019-02-23,11,0,74,144.48,144.48,0.0,2277.884774,0.0
2019-02-23,11,0,77,0.0,0.0,0.0,0.0,0.0
2019-02-23,11,0,78,0.0,0.0,0.0,0.0,0.0
2019-02-23,11,0,79,0.0,0.0,0.0,0.0,0.0
2019-02-23,11,0,80,0.0,0.0,0.0,0.0,0.0
2019-02-23,11,0,81,0.0,0.0,0.0,0.0,0.0
2019-02-23,11,0,82,0.0,0.0,0.0,0.0,0.0
2019-02-23,11,0,83,0.0,0.0,0.0,0.0,0.0
2019-02-23,11,0,84,0.0,0.0,0.0,0.0,0.0
2019-02-23,11,0,86,10.68,10.68,0.0,149.564165,0.0
2019-02-23,11,0,87,54.53,54.53,0.0,763.645499,0.0
2019-02-23,11,0,88,0.0,0.0,0.0,0.0,0.0
2019-02-23,11,0,89,0.0,0.0,0.0,0.0,0.0
2019-02-23,11,0,90,0.0,0.0,0.0,0.0,0.0
2019-02-23,11,0,91,0.0,0.0,0.0,0.0,0.0
2019-02-23,11,0,92,0.0,0.0,0.0,0.0,0.0
2019-02-23,11,0,95,96.29,96.29,0.0,1117.237087,0.0
2019-02-23,11,0,96,31.88,31.88,0.0,-16.314471,0.0
2019-02-23,11,0,97,234.28,234.28,0.0,-119.891916,0.0
2019-02-23,11,0,99,31.0,31.0,0.0,488.748809,0.0
2019-02-23,11,0,101,10.32,10.32,0.0,-2490.327978,0.0
2019-02-23,11,0,102,0.0,0.0,0.0,0.0,0.0
2019-02-23,11,0,103,0.0,0.0,0.0,0.0,0.0
2019-02-23,11,0,104,0.0,0.0,0.0,0.0,0.0
2019-02-23,11,0,106,223.22,223.22,0.0,36206.529115,0.0
2019-02-23,11,0,109,83.48,83.48,0.0,1337.168079,0.0
2019-02-23,11,0,110,338.6,338.6,0.0,774.892471,0.0
2019-02-23,11,0,111,16.03,16.03,0.0,316.438116,0.0
2019-02-23,11,0,113,0.0,0.0,0.0,0.0,0.0
2019-02-23,11,0,115,0.0,0.0,0.0,0.0,0.0
2019-02-23,11,0,116,111.65,111.65,0.0,255.513126,0.0
2019-02-23,11,0,117,0.0,0.0,0.0,0.0,0.0
2019-02-23,11,0,119,60.0,60.0,0.0,719.359245,0.0
2019-02-23,11,0,120,35.28,35.28,0.0,422.983236,0.0
2019-02-23,11,0,123,3.72,3.72,0.0,603.388085,0.0
2019-02-23,11,0,125,0.0,0.0,0.0,0.0,0.0
2019-02-23,11,0,126,167.42,167.42,0.0,27155.707841,0.0
2019-02-23,11,0,127,214.85,214.85,0.0,34848.905924,0.0
2019-02-23,11,0,128,0.0,0.0,0.0,0.0,0.0
2019-02-23,11,0,131,0.0,0.0,0.0,0.0,0.0
2019-02-23,11,0,132,0.0,0.0,0.0,0.0,0.0
2019-02-23,11,0,133,5.89,5.89,0.0,86.887058,0.0
2019-02-23,11,0,134,0.0,0.0,0.0,0.0,0.0
2019-02-23,11,0,135,7.89,7.89,0.0,116.390303,0.0
2019-02-23,11,0,136,1.64,1.64,0.0,24.2496,0.0
2019-02-23,11,0,139,44.94,44.94,0.0,887.132186,0.0
2019-02-23,11,0,140,250.6,250.6,0.0,573.502815,0.0
2019-02-23,11,0,141,0.0,0.0,0.0,0.0,0.0
2019-02-23,11,0,142,386.44,386.44,0.0,823.125323,0.0
2019-02-23,11,0,143,238.5,238.5,0.0,-57552.637854,0.0
2019-02-23,11,0,145,100.0,100.0,0.0,1662.592471,0.0
2019-02-23,11,0,146,0.0,0.0,0.0,0.0,0.0
2019-02-23,11,0,152,6.7,6.7,0.0,104.060589,0.0
2019-02-23,11,0,153,8.45,8.45,0.0,131.523426,0.0
2019-02-23,11,0,154,66.1,66.1,0.0,1304.838396,0.0
2019-02-23,11,0,157,250.0,250.0,0.0,532.505255,0.0
2019-02-23,11,0,158,148.57,148.57,0.0,316.457223,0.0
2019-02-23,11,0,159,0.0,0.0,0.0,0.0,0.0
2019-02-23,11,0,160,2.21,2.21,0.0,32.689473,0.0
2019-02-23,11,0,161,56.29,56.29,0.0,116.985456,0.0
2019-02-23,11,0,162,162.5,162.5,0.0,1886.365964,0.0
2019-02-23,11,0,163,0.0,0.0,0.0,0.0,0.0
2019-02-23,11,0,164,19.93,19.93,0.0,-4809.325251,0.0
2019-02-23,11,0,167,5.63,5.63,0.0,65.27092,0.0
2019-02-23,11,0,168,2.81,2.81,0.0,32.577493,0.0
2019-02-23,11,0,169,0.0,0.0,0.0,0.0,0.0
2019-02-23,11,0,170,6.16,6.16,0.0,71.415429,0.0
2019-02-23,11,0,172,7.31,7.31,0.0,83.027119,0.0
2019-02-23,11,0,173,11.14,11.14,0.0,126.528332,0.0
2019-02-23,11,0,188,10.19,10.19,0.0,115.960858,0.0
2019-02-23,11,0,190,9.06,9.06,0.0,108.623246,0.0
2019-02-23,11,0,191,23.4,23.4,0.0,280.550106,0.0
2019-02-23,11,0,192,332.6,332.6,0.0,3987.648083,0.0
2019-02-23,11,0,194,0.0,0.0,0.0,0.0,0.0
2019-02-23,11,0,196,5.94,5.94,0.0,72.665607,0.0
2019-02-23,11,0,198,9.49,9.49,0.0,130.824337,0.0
2019-02-23,11,0,199,56.82,56.82,0.0,489.108002,0.0
2019-02-23,11,0,200,18.06,18.06,0.0,155.460938,0.0
2019-02-23,11,0,204,257.1,257.1,0.0,4123.385584,0.0
2019-02-23,11,0,205,545.8,545.8,0.0,8742.529199,0.0
2019-02-23,11,0,206,895.48,895.48,0.0,-458.258551,0.0
2019-02-23,11,0,210,1.34,1.34,0.0,17.537281,0.0
2019-02-23,11,0,214,10.01,10.01,0.0,135.784345,0.0
2019-02-23,11,0,217,5.84,5.84,0.0,77.937595,0.0
2019-02-23,11,0,218,8.06,8.06,0.0,107.564557,0.0
2019-02-23,11,0,219,5.49,5.49,0.0,73.266677,0.0
2019-02-23,11,0,221,5.34,5.34,0.0,72.436404,0.0
2019-02-23,11,0,225,4.47,4.47,0.0,59.213409,0.0
2019-02-23,11,0,233,6.04,6.04,0.0,84.584977,0.0
2019-02-23,11,0,236,87.0,87.0,0.0,1317.847535,0.0
2019-02-23,11,0,237,322.11,322.11,0.0,5078.415451,0.0
2019-02-23,11,0,238,63.69,63.69,0.0,950.07108,0.0
2019-02-23,11,0,240,10.24,10.24,0.0,160.2077,0.0
2019-02-23,11,0,245,20.58,20.58,0.0,301.360463,0.0
2019-02-23,11,0,247,53.39,53.39,0.0,781.809285,0.0
2019-02-23,11,0,248,38.35,38.35,0.0,604.629575,0.0
2019-02-23,11,0,249,39.57,39.57,0.0,579.437974,0.0
2019-02-23,11,0,251,98.88,98.88,0.0,1466.814422,0.0
2019-02-23,11,0,252,36.13,36.13,0.0,534.170588,0.0
2019-02-23,11,0,254,14.76,14.76,0.0,224.848385,0.0
2019-02-23,11,0,255,6.76,6.76,0.0,102.979342,0.0
2019-02-23,11,0,258,12.62,12.62,0.0,196.906239,0.0
2019-02-23,11,0,260,5.36,5.36,0.0,79.283066,0.0
2019-02-23,11,0,265,68.44,68.44,0.0,1351.030859,0.0
2019-02-23,11,0,266,29.1,29.1,0.0,574.44474,0.0
2019-02-23,11,0,267,35.76,35.76,0.0,705.915598,0.0
2019-02-23,11,0,270,0.0,0.0,0.0,0.0,0.0
2019-02-23,11,0,272,0.0,0.0,0.0,0.0,0.0
2019-02-23,11,0,273,26.7,26.7,0.0,61.103452,0.0
2019-02-23,11,0,274,0.0,0.0,0.0,0.0,0.0
2019-02-23,11,0,275,0.0,0.0,0.0,0.0,0.0
2019-02-23,11,0,276,6.03,6.03,0.0,13.586372,0.0
2019-02-23,11,0,277,7.52,7.52,0.0,16.446213,0.0
2019-02-23,11,0,278,12.04,12.04,0.0,26.331437,0.0
2019-02-23,11,0,279,0.0,0.0,0.0,0.0,0.0
2019-02-23,11,0,281,0.0,0.0,0.0,0.0,0.0
2019-02-23,11,0,282,281.03,281.03,0.0,-67815.588328,0.0
2019-02-23,12,0,9,3.77,3.77,0.0,42.060245,0.0
2019-02-23,12,0,17,47.44,47.44,0.0,659.429628,0.0
2019-02-23,12,0,19,23.6,23.6,0.0,328.04678,0.0
2019-02-23,12,0,20,28.62,28.62,0.0,397.826222,0.0
2019-02-23,12,0,21,86.19,86.19,0.0,961.584215,0.0
2019-02-23,12,0,22,306.31,306.31,0.0,3417.366992,0.0
2019-02-23,12,0,23,0.0,0.0,0.0,0.0,0.0
2019-02-23,12,0,24,0.0,0.0,0.0,0.0,0.0
2019-02-23,12,0,29,5.87,5.87,0.0,49.670412,0.0
2019-02-23,12,0,30,693.1,693.1,0.0,7723.655312,0.0
2019-02-23,12,0,31,0.0,0.0,0.0,0.0,0.0
2019-02-23,12,0,32,6.55,6.55,0.0,83.555602,0.0
2019-02-23,12,0,33,2.8,2.8,0.0,40.926595,0.0
2019-02-23,12,0,34,4.49,4.49,0.0,65.628718,0.0
2019-02-23,12,0,35,4.49,4.49,0.0,65.628718,0.0
2019-02-23,12,0,36,12.38,12.38,0.0,155.177982,0.0
2019-02-23,12,0,37,5.88,5.88,0.0,73.373527,0.0
2019-02-23,12,0,38,7.56,7.56,0.0,94.337392,0.0
2019-02-23,12,0,39,5.04,5.04,0.0,62.891595,0.0
2019-02-23,12,0,40,5.04,5.04,0.0,62.891595,0.0
2019-02-23,12,0,41,34.8,34.8,0.0,413.584709,0.0
2019-02-23,12,0,42,63.21,63.21,0.0,868.821886,0.0
2019-02-23,12,0,43,38.81,38.81,0.0,482.196546,0.0
2019-02-23,12,0,46,33.58,33.58,0.0,413.07208,0.0
2019-02-23,12,0,52,0.0,0.0,0.0,0.0,0.0
2019-02-23,12,0,53,0.0,0.0,0.0,0.0,0.0
2019-02-23,12,0,55,0.0,0.0,0.0,0.0,0.0
2019-02-23,12,0,56,204.44,204.44,0.0,2278.205298,0.0
2019-02-23,12,0,57,194.47,194.47,0.0,2167.10323,0.0
2019-02-23,12,0,58,373.98,373.98,0.0,4167.497639,0.0
2019-02-23,12,0,59,367.74,367.74,0.0,4097.961339,0.0
2019-02-23,12,0,63,0.0,0.0,0.0,0.0,0.0
2019-02-23,12,0,64,0.0,0.0,0.0,0.0,0.0
2019-02-23,12,0,65,22.45,22.45,0.0,311.413875,0.0
2019-02-23,12,0,67,396.02,396.02,0.0,2769.595498,0.0
2019-02-23,12,0,68,0.0,0.0,0.0,0.0,0.0
2019-02-23,12,0,69,2.8,2.8,0.0,40.926595,0.0
2019-02-23,12,0,74,217.6,217.6,0.0,2849.176764,0.0
2019-02-23,12,0,77,0.0,0.0,0.0,0.0,0.0
2019-02-23,12,0,78,0.0,0.0,0.0,0.0,0.0
2019-02-23,12,0,79,0.0,0.0,0.0,0.0,0.0
2019-02-23,12,0,80,0.0,0.0,0.0,0.0,0.0
2019-02-23,12,0,81,0.0,0.0,0.0,0.0,0.0
2019-02-23,12,0,82,0.0,0.0,0.0,0.0,0.0
2019-02-23,12,0,83,0.0,0.0,0.0,0.0,0.0
2019-02-23,12,0,84,0.0,0.0,0.0,0.0,0.0
2019-02-23,12,0,86,14.21,14.21,0.0,207.702468,0.0
2019-02-23,12,0,87,72.55,72.55,0.0,1060.437302,0.0
2019-02-23,12,0,88,0.0,0.0,0.0,0.0,0.0
2019-02-23,12,0,89,0.0,0.0,0.0,0.0,0.0
2019-02-23,12,0,90,0.0,0.0,0.0,0.0,0.0
2019-02-23,12,0,91,0.0,0.0,0.0,0.0,0.0
2019-02-23,12,0,92,0.0,0.0,0.0,0.0,0.0
2019-02-23,12,0,95,120.0,120.0,0.0,1534.370409,0.0
2019-02-23,12,0,96,29.88,29.88,0.0,332.568253,0.0
2019-02-23,12,0,97,183.76,183.76,0.0,2045.272495,0.0
2019-02-23,12,0,99,42.0,42.0,0.0,549.933015,0.0
2019-02-23,12,0,101,13.96,13.96,0.0,155.565183,0.0
2019-02-23,12,0,102,0.0,0.0,0.0,0.0,0.0
2019-02-23,12,0,103,0.0,0.0,0.0,0.0,0.0
2019-02-23,12,0,104,0.0,0.0,0.0,0.0,0.0
2019-02-23,12,0,106,301.54,301.54,0.0,3364.150183,0.0
2019-02-23,12,0,109,60.0,60.0,0.0,733.878688,0.0
2019-02-23,12,0,110,338.6,338.6,0.0,755.549702,0.0
2019-02-23,12,0,111,21.81,21.81,0.0,259.20352,0.0
2019-02-23,12,0,113,0.0,0.0,0.0,0.0,0.0
2019-02-23,12,0,115,0.0,0.0,0.0,0.0,0.0
2019-02-23,12,0,116,145.62,145.62,0.0,324.935463,0.0
2019-02-23,12,0,117,0.0,0.0,0.0,0.0,0.0
2019-02-23,12,0,119,0.0,0.0,0.0,0.0,0.0
2019-02-23,12,0,120,0.0,0.0,0.0,0.0,0.0
2019-02-23,12,0,123,5.03,5.03,0.0,56.117515,0.0
2019-02-23,12,0,125,0.0,0.0,0.0,0.0,0.0
2019-02-23,12,0,126,226.15,226.15,0.0,2523.056855,0.0
2019-02-23,12,0,127,290.23,290.23,0.0,3237.969449,0.0
2019-02-23,12,0,128,0.0,0.0,0.0,0.0,0.0
2019-02-23,12,0,131,0.0,0.0,0.0,0.0,0.0
2019-02-23,12,0,132,0.0,0.0,0.0,0.0,0.0
2019-02-23,12,0,133,11.99,11.99,0.0,166.697029,0.0
2019-02-23,12,0,134,0.0,0.0,0.0,0.0,0.0
2019-02-23,12,0,135,16.07,16.07,0.0,223.421289,0.0
2019-02-23,12,0,136,9.29,9.29,0.0,128.850986,0.0
2019-02-23,12,0,139,44.94,44.94,0.0,534.094736,0.0
2019-02-23,12,0,140,250.6,250.6,0.0,559.18711,0.0
2019-02-23,12,0,141,0.0,0.0,0.0,0.0,0.0
2019-02-23,12,0,142,522.25,522.25,0.0,3652.394447,0.0
2019-02-23,12,0,143,0.0,0.0,0.0,0.0,0.0
2019-02-23,12,0,145,56.25,56.25,0.0,649.596914,0.0
2019-02-23,12,0,146,0.0,0.0,0.0,0.0,0.0
2019-02-23,12,0,152,9.18,9.18,0.0,119.897892,0.0
2019-02-23,12,0,153,11.54,11.54,0.0,150.278861,0.0
2019-02-23,12,0,154,89.95,89.95,0.0,1069.021395,0.0
2019-02-23,12,0,157,250.0,250.0,0.0,1748.393704,0.0
2019-02-23,12,0,158,206.09,206.09,0.0,1441.305833,0.0
2019-02-23,12,0,159,0.0,0.0,0.0,0.0,0.0
2019-02-23,12,0,160,3.02,3.02,0.0,37.364671,0.0
2019-02-23,12,0,161,76.22,76.22,0.0,651.579273,0.0
2019-02-23,12,0,162,162.5,162.5,0.0,2079.282643,0.0
2019-02-23,12,0,163,0.0,0.0,0.0,0.0,0.0
2019-02-23,12,0,164,27.73,27.73,0.0,309.013074,0.0
2019-02-23,12,0,167,7.23,7.23,0.0,92.277841,0.0
2019-02-23,12,0,168,3.62,3.62,0.0,46.202737,0.0
2019-02-23,12,0,169,0.0,0.0,0.0,0.0,0.0
2019-02-23,12,0,170,7.91,7.91,0.0,100.956808,0.0
2019-02-23,12,0,172,9.49,9.49,0.0,118.298606,0.0
2019-02-23,12,0,173,14.45,14.45,0.0,180.128014,0.0
2019-02-23,12,0,188,13.26,13.26,0.0,167.124547,0.0
2019-02-23,12,0,190,11.87,11.87,0.0,161.306585,0.0
2019-02-23,12,0,191,30.66,30.66,0.0,416.652055,0.0
2019-02-23,12,0,192,0.0,0.0,0.0,0.0,0.0
2019-02-23,12,0,194,0.0,0.0,0.0,0.0,0.0
2019-02-23,12,0,196,7.86,7.86,0.0,119.56236,0.0
2019-02-23,12,0,198,12.38,12.38,0.0,147.655727,0.0
2019-02-23,12,0,199,113.69,113.69,0.0,1222.817959,0.0
2019-02-23,12,0,200,23.59,23.59,0.0,253.727466,0.0
2019-02-23,12,0,204,257.1,257.1,0.0,3125.198855,0.0
2019-02-23,12,0,205,317.4,317.4,0.0,3882.218258,0.0
2019-02-23,12,0,206,539.95,539.95,0.0,6009.713123,0.0
2019-02-23,12,0,210,1.66,1.66,0.0,14.565733,0.0
2019-02-23,12,0,214,12.65,12.65,0.0,190.278304,0.0
2019-02-23,12,0,217,7.23,7.23,0.0,88.974973,0.0
2019-02-23,12,0,218,9.98,9.98,0.0,122.81746,0.0
2019-02-23,12,0,219,6.8,6.8,0.0,83.683239,0.0
2019-02-23,12,0,221,6.75,6.75,0.0,101.531901,0.0
2019-02-23,12,0,225,5.45,5.45,0.0,45.951849,0.0
2019-02-23,12,0,233,8.04,8.04,0.0,117.517793,0.0
2019-02-23,12,0,236,159.03,159.03,0.0,2146.962713,0.0
2019-02-23,12,0,237,522.0,522.0,0.0,6834.881759,0.0
2019-02-23,12,0,238,82.27,82.27,0.0,1130.801718,0.0
2019-02-23,12,0,240,14.03,14.03,0.0,175.860023,0.0
2019-02-23,12,0,245,50.37,50.37,0.0,705.500328,0.0
2019-02-23,12,0,247,145.25,145.25,0.0,2034.423717,0.0
2019-02-23,12,0,248,52.4,52.4,0.0,686.106905,0.0
2019-02-23,12,0,249,96.87,96.87,0.0,1356.796044,0.0
2019-02-23,12,0,251,299.9,299.9,0.0,4145.842512,0.0
2019-02-23,12,0,252,144.81,144.81,0.0,2008.723528,0.0
2019-02-23,12,0,254,19.72,19.72,0.0,244.754012,0.0
2019-02-23,12,0,255,9.04,9.04,0.0,112.199608,0.0
2019-02-23,12,0,258,17.38,17.38,0.0,217.541988,0.0
2019-02-23,12,0,260,7.33,7.33,0.0,90.689749,0.0
2019-02-23,12,0,265,93.13,93.13,0.0,1106.814481,0.0
2019-02-23,12,0,266,29.1,29.1,0.0,345.842386,0.0
2019-02-23,12,0,267,35.76,35.76,0.0,424.993942,0.0
2019-02-23,12,0,270,0.0,0.0,0.0,0.0,0.0
2019-02-23,12,0,272,0.0,0.0,0.0,0.0,0.0
2019-02-23,12,0,273,34.82,34.82,0.0,77.697108,0.0
2019-02-23,12,0,274,0.0,0.0,0.0,0.0,0.0
2019-02-23,12,0,275,0.0,0.0,0.0,0.0,0.0
2019-02-23,12,0,276,7.96,7.96,0.0,26.225715,0.0
2019-02-23,12,0,277,9.76,9.76,0.0,97.142583,0.0
2019-02-23,12,0,278,15.62,15.62,0.0,155.467945,0.0
2019-02-23,12,0,279,0.0,0.0,0.0,0.0,0.0
2019-02-23,12,0,281,0.0,0.0,0.0,0.0,0.0
2019-02-23,12,0,282,380.21,380.21,0.0,4236.922502,0.0
2019-02-23,13,0,9,4.42,4.42,0.0,-1695.714561,0.0
2019-02-23,13,0,17,51.24,51.24,0.0,1402.3078,0.0
2019-02-23,13,0,19,64.42,64.42,0.0,1763.010705,0.0
2019-02-23,13,0,20,78.12,78.12,0.0,2137.944679,0.0
2019-02-23,13,0,21,101.08,101.08,0.0,-38778.920328,0.0
2019-02-23,13,0,22,359.23,359.23,0.0,-137817.090912,0.0
2019-02-23,13,0,23,0.0,0.0,0.0,-0.0,0.0
2019-02-23,13,0,24,0.0,0.0,0.0,-0.0,0.0
2019-02-23,13,0,29,7.3,7.3,0.0,24.757698,0.0
2019-02-23,13,0,30,823.06,823.06,0.0,-823060.0,0.0
2019-02-23,13,0,31,0.0,0.0,0.0,-0.0,0.0
2019-02-23,13,0,32,7.7,7.7,0.0,204.733142,0.0
2019-02-23,13,0,33,3.5,3.5,0.0,117.386933,0.0
2019-02-23,13,0,34,5.6,5.6,0.0,187.819094,0.0
2019-02-23,13,0,35,5.6,5.6,0.0,187.819094,0.0
2019-02-23,13,0,36,14.87,14.87,0.0,255.603379,0.0
2019-02-23,13,0,37,7.06,7.06,0.0,119.965715,0.0
2019-02-23,13,0,38,9.08,9.08,0.0,154.290183,0.0
2019-02-23,13,0,39,6.06,6.06,0.0,102.973404,0.0
2019-02-23,13,0,40,6.06,6.06,0.0,102.973404,0.0
2019-02-23,13,0,41,34.8,34.8,0.0,67.704113,0.0
2019-02-23,13,0,42,74.38,74.38,0.0,1936.084583,0.0
2019-02-23,13,0,43,44.7,44.7,0.0,778.395474,0.0
2019-02-23,13,0,46,38.1,38.1,0.0,598.36558,0.0
2019-02-23,13,0,52,0.0,0.0,0.0,-0.0,0.0
2019-02-23,13,0,53,0.0,0.0,0.0,-0.0,0.0
2019-02-23,13,0,55,0.0,0.0,0.0,-0.0,0.0
2019-02-23,13,0,56,242.77,242.77,0.0,-242770.0,0.0
2019-02-23,13,0,57,230.93,230.93,0.0,-230930.0,0.0
2019-02-23,13,0,58,444.1,444.1,0.0,-444100.0,0.0
2019-02-23,13,0,59,436.69,436.69,0.0,-436690.0,0.0
2019-02-23,13,0,63,0.0,0.0,0.0,0.0,0.0
2019-02-23,13,0,64,0.0,0.0,0.0,0.0,0.0
2019-02-23,13,0,65,41.4,41.4,0.0,1122.723714,0.0
2019-02-23,13,0,67,466.74,466.74,0.0,6332.37679,0.0
2019-02-23,13,0,68,0.0,0.0,0.0,0.0,0.0
2019-02-23,13,0,69,3.5,3.5,0.0,117.386933,0.0
2019-02-23,13,0,74,217.6,217.6,0.0,4341.263355,0.0
2019-02-23,13,0,77,0.0,0.0,0.0,0.0,0.0
2019-02-23,13,0,78,0.0,0.0,0.0,0.0,0.0
2019-02-23,13,0,79,0.0,0.0,0.0,0.0,0.0
2019-02-23,13,0,80,0.0,0.0,0.0,0.0,0.0
2019-02-23,13,0,81,0.0,0.0,0.0,0.0,0.0
2019-02-23,13,0,82,0.0,0.0,0.0,0.0,0.0
2019-02-23,13,0,83,0.0,0.0,0.0,0.0,0.0
2019-02-23,13,0,84,0.0,0.0,0.0,0.0,0.0
2019-02-23,13,0,86,17.72,17.72,0.0,594.313274,0.0
2019-02-23,13,0,87,90.46,90.46,0.0,3033.949143,0.0
2019-02-23,13,0,88,0.0,0.0,0.0,0.0,0.0
2019-02-23,13,0,89,0.0,0.0,0.0,0.0,0.0
2019-02-23,13,0,90,0.0,0.0,0.0,0.0,0.0
2019-02-23,13,0,91,0.0,0.0,0.0,0.0,0.0
2019-02-23,13,0,92,0.0,0.0,0.0,0.0,0.0
2019-02-23,13,0,95,120.0,120.0,0.0,3181.844517,0.0
2019-02-23,13,0,96,29.88,29.88,0.0,1535.677127,0.0
2019-02-23,13,0,97,183.75,183.75,0.0,9443.797593,0.0
2019-02-23,13,0,99,42.0,42.0,0.0,837.92767,0.0
2019-02-23,13,0,101,16.58,16.58,0.0,-16580.0,0.0
2019-02-23,13,0,102,0.0,0.0,0.0,0.0,0.0
2019-02-23,13,0,103,0.0,0.0,0.0,0.0,0.0
2019-02-23,13,0,104,0.0,0.0,0.0,0.0,0.0
2019-02-23,13,0,106,353.63,353.63,0.0,-135668.674274,0.0
2019-02-23,13,0,109,60.0,60.0,0.0,851.866351,0.0
2019-02-23,13,0,110,0.0,0.0,0.0,0.0,0.0
2019-02-23,13,0,111,24.77,24.77,0.0,48.190542,0.0
2019-02-23,13,0,113,0.0,0.0,0.0,0.0,0.0
2019-02-23,13,0,115,0.0,0.0,0.0,0.0,0.0
2019-02-23,13,0,116,166.72,166.72,0.0,4490.756924,0.0
2019-02-23,13,0,117,0.0,0.0,0.0,0.0,0.0
2019-02-23,13,0,119,0.0,0.0,0.0,0.0,0.0
2019-02-23,13,0,120,0.0,0.0,0.0,0.0,0.0
2019-02-23,13,0,123,5.89,5.89,0.0,-2259.673929,0.0
2019-02-23,13,0,125,0.0,0.0,0.0,-0.0,0.0
2019-02-23,13,0,126,265.22,265.22,0.0,-101750.546591,0.0
2019-02-23,13,0,127,340.37,340.37,0.0,-130581.53059,0.0
2019-02-23,13,0,128,0.0,0.0,0.0,-0.0,0.0
2019-02-23,13,0,131,0.0,0.0,0.0,0.0,0.0
2019-02-23,13,0,132,0.0,0.0,0.0,0.0,0.0
2019-02-23,13,0,133,29.57,29.57,0.0,809.947645,0.0
2019-02-23,13,0,134,0.0,0.0,0.0,0.0,0.0
2019-02-23,13,0,135,39.62,39.62,0.0,1085.22576,0.0
2019-02-23,13,0,136,30.07,30.07,0.0,815.055993,0.0
2019-02-23,13,0,139,44.94,44.94,0.0,87.431691,0.0
2019-02-23,13,0,140,0.0,0.0,0.0,0.0,0.0
2019-02-23,13,0,141,0.0,0.0,0.0,0.0,0.0
2019-02-23,13,0,142,615.51,615.51,0.0,8350.776103,0.0
2019-02-23,13,0,143,0.0,0.0,0.0,-0.0,0.0
2019-02-23,13,0,145,100.0,100.0,0.0,821.95969,0.0
2019-02-23,13,0,146,0.0,0.0,0.0,0.0,0.0
2019-02-23,13,0,152,10.98,10.98,0.0,224.229021,0.0
2019-02-23,13,0,153,13.69,13.69,0.0,275.306012,0.0
2019-02-23,13,0,154,102.18,102.18,0.0,198.793283,0.0
2019-02-23,13,0,157,250.0,250.0,0.0,3391.81171,0.0
2019-02-23,13,0,158,278.9,278.9,0.0,3783.905144,0.0
2019-02-23,13,0,159,0.0,0.0,0.0,0.0,0.0
2019-02-23,13,0,160,3.54,3.54,0.0,67.431231,0.0
2019-02-23,13,0,161,88.06,88.06,0.0,810.302203,0.0
2019-02-23,13,0,162,162.5,162.5,0.0,4311.057511,0.0
2019-02-23,13,0,163,0.0,0.0,0.0,0.0,0.0
2019-02-23,13,0,164,33.13,33.13,0.0,-33130.0,0.0
2019-02-23,13,0,167,8.54,8.54,0.0,226.359413,0.0
2019-02-23,13,0,168,4.27,4.27,0.0,113.179706,0.0
2019-02-23,13,0,169,0.0,0.0,0.0,0.0,0.0
2019-02-23,13,0,170,9.34,9.34,0.0,247.564041,0.0
2019-02-23,13,0,172,11.32,11.32,0.0,278.80618,0.0
2019-02-23,13,0,173,17.25,17.25,0.0,424.859241,0.0
2019-02-23,13,0,188,15.59,15.59,0.0,409.566915,0.0
2019-02-23,13,0,190,13.62,13.62,0.0,370.315814,0.0
2019-02-23,13,0,191,35.18,35.18,0.0,956.513242,0.0
2019-02-23,13,0,192,0.0,0.0,0.0,0.0,0.0
2019-02-23,13,0,194,0.0,0.0,0.0,0.0,0.0
2019-02-23,13,0,196,8.94,8.94,0.0,243.218502,0.0
2019-02-23,13,0,198,15.08,15.08,0.0,300.774706,0.0
2019-02-23,13,0,199,73.53,73.53,0.0,1802.330356,0.0
2019-02-23,13,0,200,27.54,27.54,0.0,675.046621,0.0
2019-02-23,13,0,204,257.1,257.1,0.0,3519.664509,0.0
2019-02-23,13,0,205,317.4,317.4,0.0,4506.372999,0.0
2019-02-23,13,0,206,539.94,539.94,0.0,27750.117402,0.0
2019-02-23,13,0,210,2.79,2.79,0.0,15.378867,0.0
2019-02-23,13,0,214,17.25,17.25,0.0,641.438636,0.0
2019-02-23,13,0,217,10.75,10.75,0.0,251.486935,0.0
2019-02-23,13,0,218,14.83,14.83,0.0,346.935,0.0
2019-02-23,13,0,219,10.1,10.1,0.0,236.280749,0.0
2019-02-23,13,0,221,9.2,9.2,0.0,342.100606,0.0
2019-02-23,13,0,225,7.02,7.02,0.0,22.370393,0.0
2019-02-23,13,0,233,10.02,10.02,0.0,336.062021,0.0
2019-02-23,13,0,236,319.85,319.85,0.0,7674.458833,0.0
2019-02-23,13,0,237,522.0,522.0,0.0,10414.243894,0.0
2019-02-23,13,0,238,96.81,96.81,0.0,2519.929396,0.0
2019-02-23,13,0,240,16.85,16.85,0.0,289.637991,0.0
2019-02-23,13,0,245,78.0,78.0,0.0,2205.941328,0.0
2019-02-23,13,0,247,171.72,171.72,0.0,4856.464678,0.0
2019-02-23,13,0,248,52.4,52.4,0.0,1045.414521,0.0
2019-02-23,13,0,249,150.0,150.0,0.0,4242.194862,0.0
2019-02-23,13,0,251,326.4,326.4,0.0,8718.442008,0.0
2019-02-23,13,0,252,267.06,267.06,0.0,7242.381522,0.0
2019-02-23,13,0,254,23.93,23.93,0.0,426.527084,0.0
2019-02-23,13,0,255,10.97,10.97,0.0,195.528713,0.0
2019-02-23,13,0,258,20.81,20.81,0.0,358.461995,0.0
2019-02-23,13,0,260,8.61,8.61,0.0,164.006467,0.0
2019-02-23,13,0,265,105.79,105.79,0.0,205.816612,0.0
2019-02-23,13,0,266,29.1,29.1,0.0,56.614646,0.0
2019-02-23,13,0,267,35.76,35.76,0.0,69.571813,0.0
2019-02-23,13,0,270,0.0,0.0,0.0,0.0,0.0
2019-02-23,13,0,272,0.0,0.0,0.0,0.0,0.0
2019-02-23,13,0,273,39.87,39.87,0.0,1073.935212,0.0
2019-02-23,13,0,274,0.0,0.0,0.0,0.0,0.0
2019-02-23,13,0,275,0.0,0.0,0.0,0.0,0.0
2019-02-23,13,0,276,8.9,8.9,0.0,213.163714,0.0
2019-02-23,13,0,277,11.26,11.26,0.0,393.679116,0.0
2019-02-23,13,0,278,18.02,18.02,0.0,630.026436,0.0
2019-02-23,13,0,279,0.0,0.0,0.0,0.0,0.0
2019-02-23,13,0,281,0.0,0.0,0.0,-0.0,0.0
2019-02-23,13,0,282,451.5,451.5,0.0,-451500.0,0.0
2019-02-23,14,0,9,4.63,4.63,0.0,-958.567512,0.0
2019-02-23,14,0,17,53.04,53.04,0.0,37227.500975,0.0
2019-02-23,14,0,19,87.51,87.51,0.0,61421.165352,0.0
2019-02-23,14,0,20,106.13,106.13,0.0,74490.095747,0.0
2019-02-23,14,0,21,105.94,105.94,0.0,-21933.184073,0.0
2019-02-23,14,0,22,376.5,376.5,0.0,-77948.308508,0.0
2019-02-23,14,0,23,0.0,0.0,0.0,-0.0,0.0
2019-02-23,14,0,24,0.0,0.0,0.0,-0.0,0.0
2019-02-23,14,0,29,7.23,7.23,0.0,36.44853,0.0
2019-02-23,14,0,30,881.75,881.75,0.0,-881750.0,0.0
2019-02-23,14,0,31,0.0,0.0,0.0,-0.0,0.0
2019-02-23,14,0,32,7.74,7.74,0.0,198.829746,0.0
2019-02-23,14,0,33,3.58,3.58,0.0,2880.877246,0.0
2019-02-23,14,0,34,5.73,5.73,0.0,4611.013022,0.0
2019-02-23,14,0,35,5.73,5.73,0.0,4611.013022,0.0
2019-02-23,14,0,36,15.36,15.36,0.0,7858.318042,0.0
2019-02-23,14,0,37,7.29,7.29,0.0,3678.038974,0.0
2019-02-23,14,0,38,9.37,9.37,0.0,4727.465732,0.0
2019-02-23,14,0,39,6.25,6.25,0.0,3153.325595,0.0
2019-02-23,14,0,40,6.25,6.25,0.0,3153.325595,0.0
2019-02-23,14,0,41,34.8,34.8,0.0,13663.254004,0.0
2019-02-23,14,0,42,78.54,78.54,0.0,53374.54395,0.0
2019-02-23,14,0,43,45.38,45.38,0.0,22756.165441,0.0
2019-02-23,14,0,46,39.15,39.15,0.0,18717.144595,0.0
2019-02-23,14,0,52,0.0,0.0,0.0,-0.0,0.0
2019-02-23,14,0,53,0.0,0.0,0.0,-0.0,0.0
2019-02-23,14,0,55,0.0,0.0,0.0,-0.0,0.0
2019-02-23,14,0,56,260.08,260.08,0.0,-260080.0,0.0
2019-02-23,14,0,57,247.4,247.4,0.0,-247400.0,0.0
2019-02-23,14,0,58,475.76,475.76,0.0,-475760.0,0.0
2019-02-23,14,0,59,467.83,467.83,0.0,-467830.0,0.0
2019-02-23,14,0,63,0.0,0.0,0.0,0.0,0.0
2019-02-23,14,0,64,0.0,0.0,0.0,0.0,0.0
2019-02-23,14,0,65,41.4,41.4,0.0,28886.229051,0.0
2019-02-23,14,0,67,484.31,484.31,0.0,7070.156997,0.0
2019-02-23,14,0,68,0.0,0.0,0.0,0.0,0.0
2019-02-23,14,0,69,3.58,3.58,0.0,2880.877246,0.0
2019-02-23,14,0,74,217.6,217.6,0.0,127279.08825,0.0
2019-02-23,14,0,77,0.0,0.0,0.0,0.0,0.0
2019-02-23,14,0,78,0.0,0.0,0.0,0.0,0.0
2019-02-23,14,0,79,0.0,0.0,0.0,0.0,0.0
2019-02-23,14,0,80,0.0,0.0,0.0,0.0,0.0
2019-02-23,14,0,81,0.0,0.0,0.0,0.0,0.0
2019-02-23,14,0,82,0.0,0.0,0.0,0.0,0.0
2019-02-23,14,0,83,0.0,0.0,0.0,0.0,0.0
2019-02-23,14,0,84,0.0,0.0,0.0,-0.0,0.0
2019-02-23,14,0,86,18.15,18.15,0.0,14605.564809,0.0
2019-02-23,14,0,87,92.64,92.64,0.0,74548.734099,0.0
2019-02-23,14,0,88,0.0,0.0,0.0,0.0,0.0
2019-02-23,14,0,89,0.0,0.0,0.0,0.0,0.0
2019-02-23,14,0,90,0.0,0.0,0.0,0.0,0.0
2019-02-23,14,0,91,0.0,0.0,0.0,0.0,0.0
2019-02-23,14,0,92,0.0,0.0,0.0,0.0,0.0
2019-02-23,14,0,95,120.0,120.0,0.0,2965.62433,0.0
2019-02-23,14,0,96,31.39,31.39,0.0,10907.278186,0.0
2019-02-23,14,0,97,210.51,210.51,0.0,73147.216661,0.0
2019-02-23,14,0,99,42.0,42.0,0.0,24566.735783,0.0
2019-02-23,14,0,101,17.76,17.76,0.0,-17760.0,0.0
2019-02-23,14,0,102,0.0,0.0,0.0,0.0,0.0
2019-02-23,14,0,103,0.0,0.0,0.0,0.0,0.0
2019-02-23,14,0,104,0.0,0.0,0.0,0.0,0.0
2019-02-23,14,0,106,370.63,370.63,0.0,-76733.018811,0.0
2019-02-23,14,0,109,60.0,60.0,0.0,27693.653297,0.0
2019-02-23,14,0,110,0.0,0.0,0.0,0.0,0.0
2019-02-23,14,0,111,26.54,26.54,0.0,10420.194289,0.0
2019-02-23,14,0,113,0.0,0.0,0.0,0.0,0.0
2019-02-23,14,0,115,0.0,0.0,0.0,0.0,0.0
2019-02-23,14,0,116,169.7,169.7,0.0,8988.016244,0.0
2019-02-23,14,0,117,0.0,0.0,0.0,0.0,0.0
2019-02-23,14,0,119,0.0,0.0,0.0,0.0,0.0
2019-02-23,14,0,120,0.0,0.0,0.0,0.0,0.0
2019-02-23,14,0,123,6.18,6.18,0.0,-1279.470243,0.0
2019-02-23,14,0,125,0.0,0.0,0.0,-0.0,0.0
2019-02-23,14,0,126,277.97,277.97,0.0,-57549.246523,0.0
2019-02-23,14,0,127,356.73,356.73,0.0,-73855.245934,0.0
2019-02-23,14,0,128,0.0,0.0,0.0,-0.0,0.0
2019-02-23,14,0,131,0.0,0.0,0.0,0.0,0.0
2019-02-23,14,0,132,0.0,0.0,0.0,0.0,0.0
2019-02-23,14,0,133,32.68,32.68,0.0,22950.056231,0.0
2019-02-23,14,0,134,0.0,0.0,0.0,0.0,0.0
2019-02-23,14,0,135,43.78,43.78,0.0,30745.209969,0.0
2019-02-23,14,0,136,36.67,36.67,0.0,25577.606292,0.0
2019-02-23,14,0,139,44.94,44.94,0.0,17644.443533,0.0
2019-02-23,14,0,140,0.0,0.0,0.0,0.0,0.0
2019-02-23,14,0,141,0.0,0.0,0.0,0.0,0.0
2019-02-23,14,0,142,638.68,638.68,0.0,9323.713884,0.0
2019-02-23,14,0,143,0.0,0.0,0.0,-0.0,0.0
2019-02-23,14,0,145,56.12,56.12,0.0,19837.879331,0.0
2019-02-23,14,0,146,0.0,0.0,0.0,0.0,0.0
2019-02-23,14,0,152,11.58,11.58,0.0,6740.314229,0.0
2019-02-23,14,0,153,14.49,14.49,0.0,8355.039216,0.0
2019-02-23,14,0,154,109.49,109.49,0.0,42988.209222,0.0
2019-02-23,14,0,157,250.0,250.0,0.0,3649.603042,0.0
2019-02-23,14,0,158,297.94,297.94,0.0,4349.450921,0.0
2019-02-23,14,0,159,0.0,0.0,0.0,0.0,0.0
2019-02-23,14,0,160,3.6,3.6,0.0,1821.561195,0.0
2019-02-23,14,0,161,91.32,91.32,0.0,189.039683,0.0
2019-02-23,14,0,162,162.5,162.5,0.0,4058.421517,0.0
2019-02-23,14,0,163,0.0,0.0,0.0,0.0,0.0
2019-02-23,14,0,164,35.38,35.38,0.0,-35380.0,0.0
2019-02-23,14,0,167,8.76,8.76,0.0,214.222937,0.0
2019-02-23,14,0,168,4.38,4.38,0.0,107.111468,0.0
2019-02-23,14,0,169,0.0,0.0,0.0,0.0,0.0
2019-02-23,14,0,170,9.58,9.58,0.0,234.275769,0.0
2019-02-23,14,0,172,11.56,11.56,0.0,42.007548,0.0
2019-02-23,14,0,173,17.62,17.62,0.0,64.028806,0.0
2019-02-23,14,0,188,15.69,15.69,0.0,318.014917,0.0
2019-02-23,14,0,190,13.73,13.73,0.0,445.230359,0.0
2019-02-23,14,0,191,35.48,35.48,0.0,1150.529727,0.0
2019-02-23,14,0,192,0.0,0.0,0.0,0.0,0.0
2019-02-23,14,0,194,0.0,0.0,0.0,0.0,0.0
2019-02-23,14,0,196,9.04,9.04,0.0,428.690056,0.0
2019-02-23,14,0,198,15.67,15.67,0.0,7346.039709,0.0
2019-02-23,14,0,199,130.0,130.0,0.0,2901.580102,0.0
2019-02-23,14,0,200,28.09,28.09,0.0,626.964501,0.0
2019-02-23,14,0,204,257.1,257.1,0.0,115829.707269,0.0
2019-02-23,14,0,205,317.4,317.4,0.0,146499.425943,0.0
2019-02-23,14,0,206,745.19,745.19,0.0,258935.795847,0.0
2019-02-23,14,0,210,2.79,2.79,0.0,115.851246,0.0
2019-02-23,14,0,214,17.32,17.32,0.0,14993.965071,0.0
2019-02-23,14,0,217,10.92,10.92,0.0,5568.185196,0.0
2019-02-23,14,0,218,15.07,15.07,0.0,7684.299533,0.0
2019-02-23,14,0,219,10.26,10.26,0.0,5231.64653,0.0
2019-02-23,14,0,221,9.23,9.23,0.0,7990.432887,0.0
2019-02-23,14,0,225,7.06,7.06,0.0,10.717573,0.0
2019-02-23,14,0,233,10.27,10.27,0.0,8264.41601,0.0
2019-02-23,14,0,236,159.05,159.05,0.0,102530.204763,0.0
2019-02-23,14,0,237,522.0,522.0,0.0,305329.430452,0.0
2019-02-23,14,0,238,102.23,102.23,0.0,69473.893914,0.0
2019-02-23,14,0,240,17.41,17.41,0.0,8907.117,0.0
2019-02-23,14,0,245,78.0,78.0,0.0,55934.071842,0.0
2019-02-23,14,0,247,171.72,171.72,0.0,123141.01047,0.0
2019-02-23,14,0,248,52.4,52.4,0.0,30649.927501,0.0
2019-02-23,14,0,249,150.0,150.0,0.0,107565.522772,0.0
2019-02-23,14,0,251,326.4,326.4,0.0,225521.586479,0.0
2019-02-23,14,0,252,267.06,267.06,0.0,186337.109432,0.0
2019-02-23,14,0,254,24.29,24.29,0.0,12208.034177,0.0
2019-02-23,14,0,255,11.13,11.13,0.0,5593.883095,0.0
2019-02-23,14,0,258,21.42,21.42,0.0,10923.5519,0.0
2019-02-23,14,0,260,8.73,8.73,0.0,4417.285899,0.0
2019-02-23,14,0,265,113.36,113.36,0.0,44507.657296,0.0
2019-02-23,14,0,266,29.1,29.1,0.0,11425.307228,0.0
2019-02-23,14,0,267,35.76,35.76,0.0,14040.171356,0.0
2019-02-23,14,0,270,0.0,0.0,0.0,0.0,0.0
2019-02-23,14,0,272,0.0,0.0,0.0,0.0,0.0
2019-02-23,14,0,273,40.58,40.58,0.0,2149.285204,0.0
2019-02-23,14,0,274,0.0,0.0,0.0,0.0,0.0
2019-02-23,14,0,275,0.0,0.0,0.0,0.0,0.0
2019-02-23,14,0,276,9.15,9.15,0.0,406.240698,0.0
2019-02-23,14,0,277,11.56,11.56,0.0,1453.91539,0.0
2019-02-23,14,0,278,18.5,18.5,0.0,2326.767708,0.0
2019-02-23,14,0,279,0.0,0.0,0.0,0.0,0.0
2019-02-23,14,0,281,0.0,0.0,0.0,-0.0,0.0
2019-02-23,14,0,282,483.69,483.69,0.0,-483690.0,0.0
2019-02-23,15,0,9,4.46,4.46,0.0,-1741.9151,0.0
2019-02-23,15,0,17,50.97,50.97,0.0,527.397375,0.0
2019-02-23,15,0,19,121.72,121.72,0.0,1259.462594,0.0
2019-02-23,15,0,20,147.62,147.62,0.0,1527.455374,0.0
2019-02-23,15,0,21,102.08,102.08,0.0,-39868.765328,0.0
2019-02-23,15,0,22,362.8,362.8,0.0,-141696.591505,0.0
2019-02-23,15,0,23,0.0,0.0,0.0,-0.0,0.0
2019-02-23,15,0,24,0.0,0.0,0.0,-0.0,0.0
2019-02-23,15,0,29,6.86,6.86,0.0,34.583252,0.0
2019-02-23,15,0,30,851.34,851.34,0.0,-851340.0,0.0
2019-02-23,15,0,31,0.0,0.0,0.0,-0.0,0.0
2019-02-23,15,0,32,7.49,7.49,0.0,146.033814,0.0
2019-02-23,15,0,33,3.52,3.52,0.0,51.779814,0.0
2019-02-23,15,0,34,5.63,5.63,0.0,82.818282,0.0
2019-02-23,15,0,35,5.63,5.63,0.0,82.818282,0.0
2019-02-23,15,0,36,15.07,15.07,0.0,57.926746,0.0
2019-02-23,15,0,37,7.13,7.13,0.0,27.270771,0.0
2019-02-23,15,0,38,9.17,9.17,0.0,35.073347,0.0
2019-02-23,15,0,39,6.12,6.12,0.0,23.40773,0.0
2019-02-23,15,0,40,6.12,6.12,0.0,23.40773,0.0
2019-02-23,15,0,41,58.96,58.96,0.0,-620.057905,0.0
2019-02-23,15,0,42,76.15,76.15,0.0,715.92226,0.0
2019-02-23,15,0,43,44.59,44.59,0.0,205.223994,0.0
2019-02-23,15,0,46,38.01,38.01,0.0,110.177083,0.0
2019-02-23,15,0,52,0.0,0.0,0.0,-0.0,0.0
2019-02-23,15,0,53,0.0,0.0,0.0,-0.0,0.0
2019-02-23,15,0,55,0.0,0.0,0.0,-0.0,0.0
2019-02-23,15,0,56,251.11,251.11,0.0,-251110.0,0.0
2019-02-23,15,0,57,238.86,238.86,0.0,-238860.0,0.0
2019-02-23,15,0,58,459.36,459.36,0.0,-459360.0,0.0
2019-02-23,15,0,59,451.7,451.7,0.0,-451700.0,0.0
2019-02-23,15,0,63,0.0,0.0,0.0,0.0,0.0
2019-02-23,15,0,64,0.0,0.0,0.0,0.0,0.0
2019-02-23,15,0,65,41.4,41.4,0.0,421.101322,0.0
2019-02-23,15,0,67,469.32,469.32,0.0,6243.289666,0.0
2019-02-23,15,0,68,0.0,0.0,0.0,0.0,0.0
2019-02-23,15,0,69,3.52,3.52,0.0,51.779814,0.0
2019-02-23,15,0,74,217.6,217.6,0.0,1074.140961,0.0
2019-02-23,15,0,77,0.0,0.0,0.0,0.0,0.0
2019-02-23,15,0,78,0.0,0.0,0.0,0.0,0.0
2019-02-23,15,0,79,0.0,0.0,0.0,0.0,0.0
2019-02-23,15,0,80,0.0,0.0,0.0,0.0,0.0
2019-02-23,15,0,81,0.0,0.0,0.0,0.0,0.0
2019-02-23,15,0,82,0.0,0.0,0.0,0.0,0.0
2019-02-23,15,0,83,0.0,0.0,0.0,0.0,0.0
2019-02-23,15,0,84,0.0,0.0,0.0,0.0,0.0
2019-02-23,15,0,86,17.81,17.81,0.0,261.988207,0.0
2019-02-23,15,0,87,90.95,90.95,0.0,1337.890366,0.0
2019-02-23,15,0,88,0.0,0.0,0.0,0.0,0.0
2019-02-23,15,0,89,0.0,0.0,0.0,0.0,0.0
2019-02-23,15,0,90,0.0,0.0,0.0,0.0,0.0
2019-02-23,15,0,91,0.0,0.0,0.0,0.0,0.0
2019-02-23,15,0,92,0.0,0.0,0.0,0.0,0.0
2019-02-23,15,0,95,120.0,120.0,0.0,2333.493576,0.0
2019-02-23,15,0,96,29.88,29.88,0.0,1184.71387,0.0
2019-02-23,15,0,97,183.75,183.75,0.0,7285.514513,0.0
2019-02-23,15,0,99,42.0,42.0,0.0,207.325002,0.0
2019-02-23,15,0,101,17.15,17.15,0.0,-17150.0,0.0
2019-02-23,15,0,102,0.0,0.0,0.0,0.0,0.0
2019-02-23,15,0,103,0.0,0.0,0.0,0.0,0.0
2019-02-23,15,0,104,0.0,0.0,0.0,0.0,0.0
2019-02-23,15,0,106,357.14,357.14,0.0,-139485.999698,0.0
2019-02-23,15,0,109,60.0,60.0,0.0,73.807567,0.0
2019-02-23,15,0,110,0.0,0.0,0.0,0.0,0.0
2019-02-23,15,0,111,25.64,25.64,0.0,-269.645263,0.0
2019-02-23,15,0,113,0.0,0.0,0.0,0.0,0.0
2019-02-23,15,0,115,0.0,0.0,0.0,0.0,0.0
2019-02-23,15,0,116,163.17,163.17,0.0,3306.137843,0.0
2019-02-23,15,0,117,0.0,0.0,0.0,0.0,0.0
2019-02-23,15,0,119,0.0,0.0,0.0,0.0,0.0
2019-02-23,15,0,120,0.0,0.0,0.0,0.0,0.0
2019-02-23,15,0,123,5.95,5.95,0.0,-2323.855346,0.0
2019-02-23,15,0,125,0.0,0.0,0.0,-0.0,0.0
2019-02-23,15,0,126,267.86,267.86,0.0,-104616.452593,0.0
2019-02-23,15,0,127,343.75,343.75,0.0,-134256.34876,0.0
2019-02-23,15,0,128,0.0,0.0,0.0,-0.0,0.0
2019-02-23,15,0,131,0.0,0.0,0.0,0.0,0.0
2019-02-23,15,0,132,0.0,0.0,0.0,0.0,0.0
2019-02-23,15,0,133,36.29,36.29,0.0,376.100978,0.0
2019-02-23,15,0,134,0.0,0.0,0.0,0.0,0.0
2019-02-23,15,0,135,48.62,48.62,0.0,503.886182,0.0
2019-02-23,15,0,136,44.71,44.71,0.0,454.337875,0.0
2019-02-23,15,0,139,76.67,76.67,0.0,-806.306642,0.0
2019-02-23,15,0,140,0.0,0.0,0.0,0.0,0.0
2019-02-23,15,0,141,0.0,0.0,0.0,0.0,0.0
2019-02-23,15,0,142,618.91,618.91,0.0,8233.261756,0.0
2019-02-23,15,0,143,238.5,238.5,0.0,-238500.0,0.0
2019-02-23,15,0,145,30.0,30.0,0.0,-110.028941,0.0
2019-02-23,15,0,146,0.0,0.0,0.0,0.0,0.0
2019-02-23,15,0,152,11.26,11.26,0.0,62.379948,0.0
2019-02-23,15,0,153,14.12,14.12,0.0,75.209109,0.0
2019-02-23,15,0,154,105.78,105.78,0.0,-1112.444458,0.0
2019-02-23,15,0,157,250.0,250.0,0.0,3325.710425,0.0
2019-02-23,15,0,158,287.11,287.11,0.0,3819.37888,0.0
2019-02-23,15,0,159,0.0,0.0,0.0,0.0,0.0
2019-02-23,15,0,160,3.45,3.45,0.0,23.98889,0.0
2019-02-23,15,0,161,87.62,87.62,0.0,966.479603,0.0
2019-02-23,15,0,162,162.5,162.5,0.0,3161.841769,0.0
2019-02-23,15,0,163,0.0,0.0,0.0,0.0,0.0
2019-02-23,15,0,164,33.42,33.42,0.0,-33420.0,0.0
2019-02-23,15,0,167,8.33,8.33,0.0,161.900956,0.0
2019-02-23,15,0,168,4.16,4.16,0.0,80.853298,0.0
2019-02-23,15,0,169,0.0,0.0,0.0,0.0,0.0
2019-02-23,15,0,170,9.11,9.11,0.0,177.060949,0.0
2019-02-23,15,0,172,11.12,11.12,0.0,200.128239,0.0
2019-02-23,15,0,173,16.94,16.94,0.0,304.871617,0.0
2019-02-23,15,0,188,15.25,15.25,0.0,293.434992,0.0
2019-02-23,15,0,190,12.98,12.98,0.0,260.169623,0.0
2019-02-23,15,0,191,33.53,33.53,0.0,672.071453,0.0
2019-02-23,15,0,192,0.0,0.0,0.0,0.0,0.0
2019-02-23,15,0,194,0.0,0.0,0.0,0.0,0.0
2019-02-23,15,0,196,8.61,8.61,0.0,174.318647,0.0
2019-02-23,15,0,198,15.21,15.21,0.0,156.171009,0.0
2019-02-23,15,0,199,130.0,130.0,0.0,1908.749369,0.0
2019-02-23,15,0,200,27.26,27.26,0.0,400.25006,0.0
2019-02-23,15,0,204,257.1,257.1,0.0,228.570018,0.0
2019-02-23,15,0,205,317.4,317.4,0.0,390.442031,0.0
2019-02-23,15,0,206,539.94,539.94,0.0,21408.112687,0.0
2019-02-23,15,0,210,2.68,2.68,0.0,16.37969,0.0
2019-02-23,15,0,214,16.96,16.96,0.0,293.0925,0.0
2019-02-23,15,0,217,10.55,10.55,0.0,132.18421,0.0
2019-02-23,15,0,218,14.56,14.56,0.0,182.426738,0.0
2019-02-23,15,0,219,9.92,9.92,0.0,124.290745,0.0
2019-02-23,15,0,221,9.04,9.04,0.0,156.223833,0.0
2019-02-23,15,0,225,6.63,6.63,0.0,32.738315,0.0
2019-02-23,15,0,233,10.08,10.08,0.0,148.278558,0.0
2019-02-23,15,0,236,179.56,179.56,0.0,1434.363664,0.0
2019-02-23,15,0,237,522.0,522.0,0.0,2576.753592,0.0
2019-02-23,15,0,238,99.11,99.11,0.0,931.780107,0.0
2019-02-23,15,0,240,17.08,17.08,0.0,65.652875,0.0
2019-02-23,15,0,245,78.0,78.0,0.0,857.473193,0.0
2019-02-23,15,0,247,171.72,171.72,0.0,1887.760214,0.0
2019-02-23,15,0,248,52.4,52.4,0.0,258.662621,0.0
2019-02-23,15,0,249,150.0,150.0,0.0,1648.98691,0.0
2019-02-23,15,0,251,326.4,326.4,0.0,3225.840173,0.0
2019-02-23,15,0,252,267.06,267.06,0.0,2716.408675,0.0
2019-02-23,15,0,254,24.23,24.23,0.0,125.811234,0.0
2019-02-23,15,0,255,11.11,11.11,0.0,57.687281,0.0
2019-02-23,15,0,258,20.88,20.88,0.0,82.817779,0.0
2019-02-23,15,0,260,8.38,8.38,0.0,58.268667,0.0
2019-02-23,15,0,265,109.52,109.52,0.0,-1151.776489,0.0
2019-02-23,15,0,266,49.03,49.03,0.0,-515.628207,0.0
2019-02-23,15,0,267,60.63,60.63,0.0,-637.620604,0.0
2019-02-23,15,0,270,0.0,0.0,0.0,0.0,0.0
2019-02-23,15,0,272,0.0,0.0,0.0,0.0,0.0
2019-02-23,15,0,273,39.02,39.02,0.0,790.620204,0.0
2019-02-23,15,0,274,0.0,0.0,0.0,0.0,0.0
2019-02-23,15,0,275,0.0,0.0,0.0,0.0,0.0
2019-02-23,15,0,276,8.84,8.84,0.0,165.379661,0.0
2019-02-23,15,0,277,11.05,11.05,0.0,284.570241,0.0
2019-02-23,15,0,278,17.68,17.68,0.0,455.312386,0.0
2019-02-23,15,0,279,0.0,0.0,0.0,0.0,0.0
2019-02-23,15,0,281,0.0,0.0,0.0,-0.0,0.0
2019-02-23,15,0,282,467.01,467.01,0.0,-467010.0,0.0
2019-02-23,16,0,9,3.75,3.75,0.0,-1468.094218,0.0
2019-02-23,16,0,17,47.75,47.75,0.0,326.873401,0.0
2019-02-23,16,0,19,292.21,292.21,0.0,2000.328305,0.0
2019-02-23,16,0,20,368.81,368.81,0.0,2524.69485,0.0
2019-02-23,16,0,21,85.8,85.8,0.0,-33589.995718,0.0
2019-02-23,16,0,22,304.92,304.92,0.0,-119373.677089,0.0
2019-02-23,16,0,23,0.0,0.0,0.0,-0.0,0.0
2019-02-23,16,0,24,0.0,0.0,0.0,-0.0,0.0
2019-02-23,16,0,29,6.89,6.89,0.0,35.923251,0.0
2019-02-23,16,0,30,739.68,739.68,0.0,-739680.0,0.0
2019-02-23,16,0,31,125.0,125.0,0.0,-125000.0,0.0
2019-02-23,16,0,32,6.17,6.17,0.0,120.264381,0.0
2019-02-23,16,0,33,3.15,3.15,0.0,33.704156,0.0
2019-02-23,16,0,34,5.05,5.05,0.0,54.033648,0.0
2019-02-23,16,0,35,5.05,5.05,0.0,54.033648,0.0
2019-02-23,16,0,36,13.29,13.29,0.0,17.271472,0.0
2019-02-23,16,0,37,6.31,6.31,0.0,8.318465,0.0
2019-02-23,16,0,38,8.11,8.11,0.0,10.691403,0.0
2019-02-23,16,0,39,5.4,5.4,0.0,7.118813,0.0
2019-02-23,16,0,40,5.4,5.4,0.0,7.118813,0.0
2019-02-23,16,0,41,82.36,82.36,0.0,-1033.539115,0.0
2019-02-23,16,0,42,72.34,72.34,0.0,434.767549,0.0
2019-02-23,16,0,43,39.59,39.59,0.0,84.067204,0.0
2019-02-23,16,0,46,34.04,34.04,0.0,17.742343,0.0
2019-02-23,16,0,52,132.5,132.5,0.0,-132500.0,0.0
2019-02-23,16,0,53,210.5,210.5,0.0,-210500.0,0.0
2019-02-23,16,0,55,623.0,623.0,0.0,-243899.386155,0.0
2019-02-23,16,0,56,218.18,218.18,0.0,-218180.0,0.0
2019-02-23,16,0,57,207.54,207.54,0.0,-207540.0,0.0
2019-02-23,16,0,58,399.11,399.11,0.0,-399110.0,0.0
2019-02-23,16,0,59,392.46,392.46,0.0,-392460.0,0.0
2019-02-23,16,0,63,0.0,0.0,0.0,0.0,0.0
2019-02-23,16,0,64,0.0,0.0,0.0,0.0,0.0
2019-02-23,16,0,65,41.4,41.4,0.0,276.979237,0.0
2019-02-23,16,0,67,395.58,395.58,0.0,5259.788126,0.0
2019-02-23,16,0,68,0.0,0.0,0.0,0.0,0.0
2019-02-23,16,0,69,3.15,3.15,0.0,33.704156,0.0
2019-02-23,16,0,74,134.72,134.72,0.0,270.743102,0.0
2019-02-23,16,0,77,0.0,0.0,0.0,0.0,0.0
2019-02-23,16,0,78,0.0,0.0,0.0,0.0,0.0
2019-02-23,16,0,79,0.0,0.0,0.0,0.0,0.0
2019-02-23,16,0,80,0.0,0.0,0.0,0.0,0.0
2019-02-23,16,0,81,0.0,0.0,0.0,0.0,0.0
2019-02-23,16,0,82,0.0,0.0,0.0,0.0,0.0
2019-02-23,16,0,83,0.0,0.0,0.0,0.0,0.0
2019-02-23,16,0,84,0.0,0.0,0.0,0.0,0.0
2019-02-23,16,0,86,15.98,15.98,0.0,170.981721,0.0
2019-02-23,16,0,87,81.57,81.57,0.0,872.777157,0.0
2019-02-23,16,0,88,0.0,0.0,0.0,0.0,0.0
2019-02-23,16,0,89,0.0,0.0,0.0,0.0,0.0
2019-02-23,16,0,90,0.0,0.0,0.0,0.0,0.0
2019-02-23,16,0,91,0.0,0.0,0.0,0.0,0.0
2019-02-23,16,0,92,0.0,0.0,0.0,0.0,0.0
2019-02-23,16,0,95,120.0,120.0,0.0,2333.493576,0.0
2019-02-23,16,0,96,29.88,29.88,0.0,1138.199584,0.0
2019-02-23,16,0,97,183.75,183.75,0.0,6999.470333,0.0
2019-02-23,16,0,99,29.54,29.54,0.0,59.365731,0.0
2019-02-23,16,0,101,14.9,14.9,0.0,-14900.0,0.0
2019-02-23,16,0,102,0.0,0.0,0.0,0.0,0.0
2019-02-23,16,0,103,0.0,0.0,0.0,0.0,0.0
2019-02-23,16,0,104,0.0,0.0,0.0,0.0,0.0
2019-02-23,16,0,106,300.17,300.17,0.0,-117514.091079,0.0
2019-02-23,16,0,109,60.0,60.0,0.0,-64.917567,0.0
2019-02-23,16,0,110,0.0,0.0,0.0,0.0,0.0
2019-02-23,16,0,111,23.02,23.02,0.0,-288.878951,0.0
2019-02-23,16,0,113,0.0,0.0,0.0,0.0,0.0
2019-02-23,16,0,115,0.0,0.0,0.0,0.0,0.0
2019-02-23,16,0,116,135.88,135.88,0.0,2731.080601,0.0
2019-02-23,16,0,117,0.0,0.0,0.0,0.0,0.0
2019-02-23,16,0,119,0.0,0.0,0.0,0.0,0.0
2019-02-23,16,0,120,0.0,0.0,0.0,0.0,0.0
2019-02-23,16,0,123,5.0,5.0,0.0,-1957.458958,0.0
2019-02-23,16,0,125,0.0,0.0,0.0,-0.0,0.0
2019-02-23,16,0,126,225.13,225.13,0.0,-88136.547039,0.0
2019-02-23,16,0,127,288.91,288.91,0.0,-113105.893506,0.0
2019-02-23,16,0,128,0.0,0.0,0.0,-0.0,0.0
2019-02-23,16,0,131,0.0,0.0,0.0,0.0,0.0
2019-02-23,16,0,132,0.0,0.0,0.0,0.0,0.0
2019-02-23,16,0,133,48.73,48.73,0.0,334.294531,0.0
2019-02-23,16,0,134,0.0,0.0,0.0,0.0,0.0
2019-02-23,16,0,135,61.95,61.95,0.0,424.985557,0.0
2019-02-23,16,0,136,45.9,45.9,0.0,306.694609,0.0
2019-02-23,16,0,139,107.25,107.25,0.0,-1345.884776,0.0
2019-02-23,16,0,140,0.0,0.0,0.0,0.0,0.0
2019-02-23,16,0,141,0.0,0.0,0.0,0.0,0.0
2019-02-23,16,0,142,521.67,521.67,0.0,6936.330632,0.0
2019-02-23,16,0,143,238.5,238.5,0.0,-238500.0,0.0
2019-02-23,16,0,145,30.0,30.0,0.0,-164.036061,0.0
2019-02-23,16,0,146,0.0,0.0,0.0,0.0,0.0
2019-02-23,16,0,152,9.93,9.93,0.0,26.147034,0.0
2019-02-23,16,0,153,12.33,12.33,0.0,30.168319,0.0
2019-02-23,16,0,154,94.97,94.97,0.0,-1191.782537,0.0
2019-02-23,16,0,157,250.0,250.0,0.0,3324.098871,0.0
2019-02-23,16,0,158,395.9,395.9,0.0,5264.042972,0.0
2019-02-23,16,0,159,0.0,0.0,0.0,0.0,0.0
2019-02-23,16,0,160,3.08,3.08,0.0,13.807737,0.0
2019-02-23,16,0,161,73.61,73.61,0.0,815.226068,0.0
2019-02-23,16,0,162,162.5,162.5,0.0,3161.600606,0.0
2019-02-23,16,0,163,0.0,0.0,0.0,0.0,0.0
2019-02-23,16,0,164,28.61,28.61,0.0,-28610.0,0.0
2019-02-23,16,0,167,7.13,7.13,0.0,138.588623,0.0
2019-02-23,16,0,168,3.56,3.56,0.0,69.197125,0.0
2019-02-23,16,0,169,0.0,0.0,0.0,0.0,0.0
2019-02-23,16,0,170,7.79,7.79,0.0,151.417303,0.0
2019-02-23,16,0,172,9.24,9.24,0.0,167.868187,0.0
2019-02-23,16,0,173,14.08,14.08,0.0,255.799142,0.0
2019-02-23,16,0,188,12.45,12.45,0.0,239.885208,0.0
2019-02-23,16,0,190,10.73,10.73,0.0,214.199012,0.0
2019-02-23,16,0,191,27.71,27.71,0.0,553.164457,0.0
2019-02-23,16,0,192,0.0,0.0,0.0,0.0,0.0
2019-02-23,16,0,194,0.0,0.0,0.0,0.0,0.0
2019-02-23,16,0,196,7.37,7.37,0.0,148.250461,0.0
2019-02-23,16,0,198,13.15,13.15,0.0,105.870187,0.0
2019-02-23,16,0,199,130.0,130.0,0.0,1845.595476,0.0
2019-02-23,16,0,200,22.94,22.94,0.0,325.676617,0.0
2019-02-23,16,0,204,257.1,257.1,0.0,-351.851626,0.0
2019-02-23,16,0,205,317.4,317.4,0.0,-343.413931,0.0
2019-02-23,16,0,206,539.94,539.94,0.0,20567.586458,0.0
2019-02-23,16,0,210,2.46,2.46,0.0,14.963611,0.0
2019-02-23,16,0,214,15.05,15.05,0.0,195.185209,0.0
2019-02-23,16,0,217,9.59,9.59,0.0,96.635343,0.0
2019-02-23,16,0,218,13.23,13.23,0.0,133.314451,0.0
2019-02-23,16,0,219,9.01,9.01,0.0,90.79087,0.0
2019-02-23,16,0,221,8.03,8.03,0.0,104.142009,0.0
2019-02-23,16,0,225,6.3,6.3,0.0,32.31842,0.0
2019-02-23,16,0,233,9.04,9.04,0.0,96.725579,0.0
2019-02-23,16,0,236,159.03,159.03,0.0,758.605433,0.0
2019-02-23,16,0,237,308.11,308.11,0.0,619.200246,0.0
2019-02-23,16,0,238,94.15,94.15,0.0,565.8469,0.0
2019-02-23,16,0,240,15.07,15.07,0.0,19.584731,0.0
2019-02-23,16,0,245,78.0,78.0,0.0,578.465109,0.0
2019-02-23,16,0,247,171.72,171.72,0.0,1273.513186,0.0
2019-02-23,16,0,248,36.28,36.28,0.0,72.910924,0.0
2019-02-23,16,0,249,150.0,150.0,0.0,1112.432902,0.0
2019-02-23,16,0,251,326.4,326.4,0.0,2100.551397,0.0
2019-02-23,16,0,252,267.06,267.06,0.0,1786.716791,0.0
2019-02-23,16,0,254,21.38,21.38,0.0,58.058441,0.0
2019-02-23,16,0,255,9.8,9.8,0.0,26.612382,0.0
2019-02-23,16,0,258,18.48,18.48,0.0,26.475268,0.0
2019-02-23,16,0,260,7.49,7.49,0.0,33.577907,0.0
2019-02-23,16,0,265,98.33,98.33,0.0,-1233.947319,0.0
2019-02-23,16,0,266,68.38,68.38,0.0,-858.103505,0.0
2019-02-23,16,0,267,84.71,84.71,0.0,-1063.029364,0.0
2019-02-23,16,0,270,0.0,0.0,0.0,0.0,0.0
2019-02-23,16,0,272,0.0,0.0,0.0,0.0,0.0
2019-02-23,16,0,273,32.49,32.49,0.0,653.02332,0.0
2019-02-23,16,0,274,0.0,0.0,0.0,0.0,0.0
2019-02-23,16,0,275,0.0,0.0,0.0,0.0,0.0
2019-02-23,16,0,276,7.54,7.54,0.0,140.095347,0.0
2019-02-23,16,0,277,9.47,9.47,0.0,238.924063,0.0
2019-02-23,16,0,278,15.16,15.16,0.0,382.480338,0.0
2019-02-23,16,0,279,0.0,0.0,0.0,0.0,0.0
2019-02-23,16,0,281,56.1,56.1,0.0,-56100.0,0.0
2019-02-23,16,0,282,405.76,405.76,0.0,-405760.0,0.0
2019-02-23,17,0,9,2.8,2.8,0.0,-1078.016172,0.0
2019-02-23,17,0,17,35.99,35.99,0.0,910.292497,0.0
2019-02-23,17,0,19,187.99,187.99,0.0,4754.817632,0.0
2019-02-23,17,0,20,226.38,226.38,0.0,5725.813157,0.0
2019-02-23,17,0,21,64.12,64.12,0.0,-24686.570341,0.0
2019-02-23,17,0,22,227.87,227.87,0.0,-87731.26612,0.0
2019-02-23,17,0,23,0.0,0.0,0.0,-0.0,0.0
2019-02-23,17,0,24,0.0,0.0,0.0,-0.0,0.0
2019-02-23,17,0,29,5.02,5.02,0.0,15.882388,0.0
2019-02-23,17,0,30,548.51,548.51,0.0,-548510.0,0.0
2019-02-23,17,0,31,125.0,125.0,0.0,-125000.0,0.0
2019-02-23,17,0,32,4.32,4.32,0.0,116.933429,0.0
2019-02-23,17,0,33,2.35,2.35,0.0,73.842832,0.0
2019-02-23,17,0,34,3.76,3.76,0.0,118.148531,0.0
2019-02-23,17,0,35,3.76,3.76,0.0,118.148531,0.0
2019-02-23,17,0,36,9.76,9.76,0.0,148.891518,0.0
2019-02-23,17,0,37,4.67,4.67,0.0,70.383219,0.0
2019-02-23,17,0,38,6.0,6.0,0.0,90.428119,0.0
2019-02-23,17,0,39,4.0,4.0,0.0,60.285412,0.0
2019-02-23,17,0,40,4.0,4.0,0.0,60.285412,0.0
2019-02-23,17,0,41,34.8,34.8,0.0,-5.389236,0.0
2019-02-23,17,0,42,53.68,53.68,0.0,1286.401277,0.0
2019-02-23,17,0,43,29.14,29.14,0.0,453.244911,0.0
2019-02-23,17,0,46,25.06,25.06,0.0,345.129343,0.0
2019-02-23,17,0,52,132.5,132.5,0.0,-132500.0,0.0
2019-02-23,17,0,53,210.5,210.5,0.0,-210500.0,0.0
2019-02-23,17,0,55,623.0,623.0,0.0,-239858.598291,0.0
2019-02-23,17,0,56,161.79,161.79,0.0,-161790.0,0.0
2019-02-23,17,0,57,153.9,153.9,0.0,-153900.0,0.0
2019-02-23,17,0,58,295.96,295.96,0.0,-295960.0,0.0
2019-02-23,17,0,59,291.03,291.03,0.0,-291030.0,0.0
2019-02-23,17,0,63,0.0,0.0,0.0,0.0,0.0
2019-02-23,17,0,64,0.0,0.0,0.0,0.0,0.0
2019-02-23,17,0,65,41.4,41.4,0.0,1036.909025,0.0
2019-02-23,17,0,67,294.45,294.45,0.0,9477.916764,0.0
2019-02-23,17,0,68,0.0,0.0,0.0,0.0,0.0
2019-02-23,17,0,69,2.35,2.35,0.0,73.842832,0.0
2019-02-23,17,0,74,104.24,104.24,0.0,1867.48109,0.0
2019-02-23,17,0,77,0.0,0.0,0.0,0.0,0.0
2019-02-23,17,0,78,0.0,0.0,0.0,0.0,0.0
2019-02-23,17,0,79,0.0,0.0,0.0,0.0,0.0
2019-02-23,17,0,80,0.0,0.0,0.0,0.0,0.0
2019-02-23,17,0,81,0.0,0.0,0.0,0.0,0.0
2019-02-23,17,0,82,0.0,0.0,0.0,0.0,0.0
2019-02-23,17,0,83,0.0,0.0,0.0,0.0,0.0
2019-02-23,17,0,84,0.0,0.0,0.0,0.0,0.0
2019-02-23,17,0,86,11.91,11.91,0.0,374.241756,0.0
2019-02-23,17,0,87,60.82,60.82,0.0,1911.115332,0.0
2019-02-23,17,0,88,0.0,0.0,0.0,0.0,0.0
2019-02-23,17,0,89,0.0,0.0,0.0,0.0,0.0
2019-02-23,17,0,90,0.0,0.0,0.0,0.0,0.0
2019-02-23,17,0,91,0.0,0.0,0.0,0.0,0.0
2019-02-23,17,0,92,0.0,0.0,0.0,0.0,0.0
2019-02-23,17,0,95,120.0,120.0,0.0,3049.643213,0.0
2019-02-23,17,0,96,29.88,29.88,0.0,1466.160643,0.0
2019-02-23,17,0,97,183.75,183.75,0.0,9016.299137,0.0
2019-02-23,17,0,99,21.2,21.2,0.0,379.802371,0.0
2019-02-23,17,0,101,11.05,11.05,0.0,-11050.0,0.0
2019-02-23,17,0,102,0.0,0.0,0.0,0.0,0.0
2019-02-23,17,0,103,0.0,0.0,0.0,0.0,0.0
2019-02-23,17,0,104,0.0,0.0,0.0,0.0,0.0
2019-02-23,17,0,106,224.32,224.32,0.0,-86364.495616,0.0
2019-02-23,17,0,109,60.0,60.0,0.0,730.807956,0.0
2019-02-23,17,0,110,0.0,0.0,0.0,0.0,0.0
2019-02-23,17,0,111,17.81,17.81,0.0,-2.758112,0.0
2019-02-23,17,0,113,0.0,0.0,0.0,0.0,0.0
2019-02-23,17,0,115,0.0,0.0,0.0,0.0,0.0
2019-02-23,17,0,116,101.03,101.03,0.0,2965.866283,0.0
2019-02-23,17,0,117,0.0,0.0,0.0,0.0,0.0
2019-02-23,17,0,119,0.0,0.0,0.0,0.0,0.0
2019-02-23,17,0,120,0.0,0.0,0.0,0.0,0.0
2019-02-23,17,0,123,3.74,3.74,0.0,-1439.921601,0.0
2019-02-23,17,0,125,0.0,0.0,0.0,-0.0,0.0
2019-02-23,17,0,126,168.24,168.24,0.0,-64773.371712,0.0
2019-02-23,17,0,127,215.91,215.91,0.0,-83126.597042,0.0
2019-02-23,17,0,128,0.0,0.0,0.0,-0.0,0.0
2019-02-23,17,0,131,0.0,0.0,0.0,0.0,0.0
2019-02-23,17,0,132,0.0,0.0,0.0,0.0,0.0
2019-02-23,17,0,133,84.1,84.1,0.0,2129.090941,0.0
2019-02-23,17,0,134,0.0,0.0,0.0,0.0,0.0
2019-02-23,17,0,135,110.09,110.09,0.0,2787.058522,0.0
2019-02-23,17,0,136,45.87,45.87,0.0,1148.243618,0.0
2019-02-23,17,0,139,44.94,44.94,0.0,-6.959547,0.0
2019-02-23,17,0,140,0.0,0.0,0.0,0.0,0.0
2019-02-23,17,0,141,0.0,0.0,0.0,0.0,0.0
2019-02-23,17,0,142,388.31,388.31,0.0,12499.133498,0.0
2019-02-23,17,0,143,238.5,238.5,0.0,-238500.0,0.0
2019-02-23,17,0,145,30.0,30.0,0.0,182.218925,0.0
2019-02-23,17,0,146,268.0,268.0,0.0,7867.486526,0.0
2019-02-23,17,0,152,7.39,7.39,0.0,135.987711,0.0
2019-02-23,17,0,153,9.15,9.15,0.0,165.547263,0.0
2019-02-23,17,0,154,73.48,73.48,0.0,-11.37934,0.0
2019-02-23,17,0,157,250.0,250.0,0.0,8047.135986,0.0
2019-02-23,17,0,158,300.8,300.8,0.0,9682.314018,0.0
2019-02-23,17,0,159,0.0,0.0,0.0,0.0,0.0
2019-02-23,17,0,160,2.29,2.29,0.0,39.721892,0.0
2019-02-23,17,0,161,54.24,54.24,0.0,1796.071659,0.0
2019-02-23,17,0,162,162.5,162.5,0.0,4132.64721,0.0
2019-02-23,17,0,163,0.0,0.0,0.0,0.0,0.0
2019-02-23,17,0,164,21.4,21.4,0.0,-21400.0,0.0
2019-02-23,17,0,167,5.05,5.05,0.0,127.940698,0.0
2019-02-23,17,0,168,2.53,2.53,0.0,64.097023,0.0
2019-02-23,17,0,169,0.0,0.0,0.0,0.0,0.0
2019-02-23,17,0,170,5.53,5.53,0.0,140.101398,0.0
2019-02-23,17,0,172,6.56,6.56,0.0,160.246441,0.0
2019-02-23,17,0,173,9.99,9.99,0.0,244.033833,0.0
2019-02-23,17,0,188,8.67,8.67,0.0,227.957619,0.0
2019-02-23,17,0,190,7.81,7.81,0.0,216.409613,0.0
2019-02-23,17,0,191,20.17,20.17,0.0,558.896531,0.0
2019-02-23,17,0,192,332.6,332.6,0.0,9216.112348,0.0
2019-02-23,17,0,194,0.0,0.0,0.0,0.0,0.0
2019-02-23,17,0,196,5.47,5.47,0.0,156.562637,0.0
2019-02-23,17,0,198,9.61,9.61,0.0,178.839578,0.0
2019-02-23,17,0,199,130.0,130.0,0.0,3130.461508,0.0
2019-02-23,17,0,200,16.65,16.65,0.0,400.939878,0.0
2019-02-23,17,0,204,257.1,257.1,0.0,3000.462533,0.0
2019-02-23,17,0,205,317.4,317.4,0.0,3865.974087,0.0
2019-02-23,17,0,206,539.94,539.94,0.0,26493.934999,0.0
2019-02-23,17,0,210,1.8,1.8,0.0,9.412517,0.0
2019-02-23,17,0,214,10.9,10.9,0.0,381.967644,0.0
2019-02-23,17,0,217,6.89,6.89,0.0,152.028591,0.0
2019-02-23,17,0,218,9.51,9.51,0.0,209.839173,0.0
2019-02-23,17,0,219,6.48,6.48,0.0,142.981897,0.0
2019-02-23,17,0,221,5.81,5.81,0.0,203.599267,0.0
2019-02-23,17,0,225,4.62,4.62,0.0,13.695365,0.0
2019-02-23,17,0,233,6.74,6.74,0.0,211.787526,0.0
2019-02-23,17,0,236,159.03,159.03,0.0,3489.790175,0.0
2019-02-23,17,0,237,257.58,257.58,0.0,4614.598802,0.0
2019-02-23,17,0,238,69.86,69.86,0.0,1674.142944,0.0
2019-02-23,17,0,240,11.06,11.06,0.0,168.72338,0.0
2019-02-23,17,0,245,77.3,77.3,0.0,2025.302228,0.0
2019-02-23,17,0,247,171.72,171.72,0.0,4499.157809,0.0
2019-02-23,17,0,248,26.21,26.21,0.0,469.557553,0.0
2019-02-23,17,0,249,148.66,148.66,0.0,3894.973212,0.0
2019-02-23,17,0,251,326.4,326.4,0.0,8042.78308,0.0
2019-02-23,17,0,252,267.06,267.06,0.0,6688.814595,0.0
2019-02-23,17,0,254,15.6,15.6,0.0,249.657125,0.0
2019-02-23,17,0,255,7.15,7.15,0.0,114.426182,0.0
2019-02-23,17,0,258,13.62,13.62,0.0,208.434105,0.0
2019-02-23,17,0,260,5.56,5.56,0.0,96.442671,0.0
2019-02-23,17,0,265,76.08,76.08,0.0,-11.781984,0.0
2019-02-23,17,0,266,29.1,29.1,0.0,-4.506516,0.0
2019-02-23,17,0,267,35.76,35.76,0.0,-5.537904,0.0
2019-02-23,17,0,270,0.0,0.0,0.0,0.0,0.0
2019-02-23,17,0,272,0.0,0.0,0.0,0.0,0.0
2019-02-23,17,0,273,24.16,24.16,0.0,709.248039,0.0
2019-02-23,17,0,274,0.0,0.0,0.0,0.0,0.0
2019-02-23,17,0,275,0.0,0.0,0.0,0.0,0.0
2019-02-23,17,0,276,5.55,5.55,0.0,166.437145,0.0
2019-02-23,17,0,277,7.1,7.1,0.0,234.679175,0.0
2019-02-23,17,0,278,11.36,11.36,0.0,375.48668,0.0
2019-02-23,17,0,279,0.0,0.0,0.0,0.0,0.0
2019-02-23,17,0,281,56.1,56.1,0.0,-56100.0,0.0
2019-02-23,17,0,282,300.89,300.89,0.0,-300890.0,0.0
2019-02-23,18,0,9,1.83,1.83,0.0,-26.501897,0.0
2019-02-23,18,0,17,22.08,22.08,0.0,233.702906,0.0
2019-02-23,18,0,19,161.03,161.03,0.0,1704.40122,0.0
2019-02-23,18,0,20,196.09,196.09,0.0,2075.489258,0.0
2019-02-23,18,0,21,41.74,41.74,0.0,-604.474952,0.0
2019-02-23,18,0,22,148.33,148.33,0.0,-2148.101813,0.0
2019-02-23,18,0,23,94.93,94.93,0.0,-1374.767782,0.0
2019-02-23,18,0,24,168.46,168.46,0.0,-2439.622675,0.0
2019-02-23,18,0,29,2.88,2.88,0.0,15.083016,0.0
2019-02-23,18,0,30,358.78,358.78,0.0,-5249.261213,0.0
2019-02-23,18,0,31,92.34,92.34,0.0,-1351.013937,0.0
2019-02-23,18,0,32,2.55,2.55,0.0,59.627147,0.0
2019-02-23,18,0,33,1.44,1.44,0.0,22.346555,0.0
2019-02-23,18,0,34,2.3,2.3,0.0,35.692414,0.0
2019-02-23,18,0,35,2.3,2.3,0.0,35.692414,0.0
2019-02-23,18,0,36,6.05,6.05,0.0,14.980314,0.0
2019-02-23,18,0,37,2.89,2.89,0.0,6.645306,0.0
2019-02-23,18,0,38,3.72,3.72,0.0,8.553819,0.0
2019-02-23,18,0,39,2.48,2.48,0.0,5.702546,0.0
2019-02-23,18,0,40,2.48,2.48,0.0,5.702546,0.0
2019-02-23,18,0,41,34.8,34.8,0.0,-229.711468,0.0
2019-02-23,18,0,42,34.19,34.19,0.0,325.312287,0.0
2019-02-23,18,0,43,17.92,17.92,0.0,56.440347,0.0
2019-02-23,18,0,46,15.46,15.46,0.0,9.754949,0.0
2019-02-23,18,0,52,97.89,97.89,0.0,-1432.21523,0.0
2019-02-23,18,0,53,155.55,155.55,0.0,-2275.83082,0.0
2019-02-23,18,0,55,460.54,460.54,0.0,-6669.49915,0.0
2019-02-23,18,0,56,105.83,105.83,0.0,-1548.384286,0.0
2019-02-23,18,0,57,100.67,100.67,0.0,-1472.88903,0.0
2019-02-23,18,0,58,193.59,193.59,0.0,-2832.388869,0.0
2019-02-23,18,0,59,190.36,190.36,0.0,-2785.131179,0.0
2019-02-23,18,0,63,170.0,170.0,0.0,16994.507775,0.0
2019-02-23,18,0,64,200.0,200.0,0.0,19993.538558,0.0
2019-02-23,18,0,65,35.75,35.75,0.0,371.288492,0.0
2019-02-23,18,0,67,192.0,192.0,0.0,-107236.670792,0.0
2019-02-23,18,0,68,10.2,10.2,0.0,-4226.476462,0.0
2019-02-23,18,0,69,1.44,1.44,0.0,22.346555,0.0
2019-02-23,18,0,74,65.28,65.28,0.0,315.753599,0.0
2019-02-23,18,0,77,60.0,60.0,0.0,-17602.658188,0.0
2019-02-23,18,0,78,45.36,45.36,0.0,-13307.60959,0.0
2019-02-23,18,0,79,26.25,26.25,0.0,-7701.162957,0.0
2019-02-23,18,0,80,42.45,42.45,0.0,-12453.880668,0.0
2019-02-23,18,0,81,55.5,55.5,0.0,-16282.458824,0.0
2019-02-23,18,0,82,39.15,39.15,0.0,-11485.734468,0.0
2019-02-23,18,0,83,87.3,87.3,0.0,-25611.867664,0.0
2019-02-23,18,0,84,0.0,0.0,0.0,-0.0,0.0
2019-02-23,18,0,86,7.28,7.28,0.0,112.97425,0.0
2019-02-23,18,0,87,37.18,37.18,0.0,576.975636,0.0
2019-02-23,18,0,88,51.18,51.18,0.0,-15015.067434,0.0
2019-02-23,18,0,89,49.2,49.2,0.0,-14434.179714,0.0
2019-02-23,18,0,90,66.06,66.06,0.0,-19380.526665,0.0
2019-02-23,18,0,91,235.65,235.65,0.0,-69134.440034,0.0
2019-02-23,18,0,92,84.75,84.75,0.0,-24863.754691,0.0
2019-02-23,18,0,95,120.0,120.0,0.0,3049.643213,0.0
2019-02-23,18,0,96,29.88,29.88,0.0,-441.821632,0.0
2019-02-23,18,0,97,183.75,183.75,0.0,-2717.0256,0.0
2019-02-23,18,0,99,12.6,12.6,0.0,60.945088,0.0
2019-02-23,18,0,101,7.23,7.23,0.0,-105.781143,0.0
2019-02-23,18,0,102,24.15,24.15,0.0,-10006.804564,0.0
2019-02-23,18,0,103,21.0,21.0,0.0,-8701.569186,0.0
2019-02-23,18,0,104,3.9,3.9,0.0,-1616.005706,0.0
2019-02-23,18,0,106,146.02,146.02,0.0,-2114.648599,0.0
2019-02-23,18,0,109,60.0,60.0,0.0,-101.81128,0.0
2019-02-23,18,0,110,0.0,0.0,0.0,-0.0,0.0
2019-02-23,18,0,111,11.44,11.44,0.0,-75.514345,0.0
2019-02-23,18,0,113,45.0,45.0,0.0,-12022.972533,0.0
2019-02-23,18,0,115,45.0,45.0,0.0,-12022.972533,0.0
2019-02-23,18,0,116,63.65,63.65,0.0,-63650.0,0.0
2019-02-23,18,0,117,3.0,3.0,0.0,-801.531502,0.0
2019-02-23,18,0,119,200.0,200.0,0.0,19993.538558,0.0
2019-02-23,18,0,120,117.6,117.6,0.0,11756.200672,0.0
2019-02-23,18,0,123,2.43,2.43,0.0,-35.191043,0.0
2019-02-23,18,0,125,152.35,152.35,0.0,-2206.319094,0.0
2019-02-23,18,0,126,109.51,109.51,0.0,-1585.91404,0.0
2019-02-23,18,0,127,140.54,140.54,0.0,-2035.287729,0.0
2019-02-23,18,0,128,218.77,218.77,0.0,-3168.207602,0.0
2019-02-23,18,0,131,30.0,30.0,0.0,-11275.761085,0.0
2019-02-23,18,0,132,44.1,44.1,0.0,-16575.368795,0.0
2019-02-23,18,0,133,80.26,80.26,0.0,851.003947,0.0
2019-02-23,18,0,134,0.0,0.0,0.0,0.0,0.0
2019-02-23,18,0,135,107.55,107.55,0.0,1140.362254,0.0
2019-02-23,18,0,136,40.56,40.56,0.0,420.80128,0.0
2019-02-23,18,0,139,44.94,44.94,0.0,-296.644638,0.0
2019-02-23,18,0,140,0.0,0.0,0.0,-0.0,0.0
2019-02-23,18,0,141,230.0,230.0,0.0,-128460.59522,0.0
2019-02-23,18,0,142,253.2,253.2,0.0,-141418.359607,0.0
2019-02-23,18,0,143,176.17,176.17,0.0,-2577.519226,0.0
2019-02-23,18,0,145,30.0,30.0,0.0,-294.830059,0.0
2019-02-23,18,0,146,268.0,268.0,0.0,-268000.0,0.0
2019-02-23,18,0,152,4.62,4.62,0.0,22.728493,0.0
2019-02-23,18,0,153,5.71,5.71,0.0,26.626796,0.0
2019-02-23,18,0,154,47.2,47.2,0.0,-311.562681,0.0
2019-02-23,18,0,157,250.0,250.0,0.0,-139631.081761,0.0
2019-02-23,18,0,158,197.99,197.99,0.0,-110582.231511,0.0
2019-02-23,18,0,159,0.0,0.0,0.0,0.0,0.0
2019-02-23,18,0,160,1.4,1.4,0.0,8.429015,0.0
2019-02-23,18,0,161,34.85,34.85,0.0,-14440.461244,0.0
2019-02-23,18,0,162,162.5,162.5,0.0,4265.083403,0.0
2019-02-23,18,0,163,185.4,185.4,0.0,-185400.0,0.0
2019-02-23,18,0,164,13.77,13.77,0.0,-201.466991,0.0
2019-02-23,18,0,167,2.96,2.96,0.0,68.75894,0.0
2019-02-23,18,0,168,1.48,1.48,0.0,34.37947,0.0
2019-02-23,18,0,169,0.0,0.0,0.0,0.0,0.0
2019-02-23,18,0,170,3.23,3.23,0.0,75.03087,0.0
2019-02-23,18,0,172,3.85,3.85,0.0,58.133332,0.0
2019-02-23,18,0,173,5.87,5.87,0.0,88.634456,0.0
2019-02-23,18,0,188,5.13,5.13,0.0,49.702957,0.0
2019-02-23,18,0,190,4.82,4.82,0.0,156.300825,0.0
2019-02-23,18,0,191,12.46,12.46,0.0,404.047362,0.0
2019-02-23,18,0,192,332.6,332.6,0.0,10785.405497,0.0
2019-02-23,18,0,194,98.98,98.98,0.0,-13404.100017,0.0
2019-02-23,18,0,196,3.4,3.4,0.0,857.024027,0.0
2019-02-23,18,0,198,5.79,5.79,0.0,58.49788,0.0
2019-02-23,18,0,199,130.0,130.0,0.0,-3056.545167,0.0
2019-02-23,18,0,200,9.96,9.96,0.0,-234.178384,0.0
2019-02-23,18,0,204,257.1,257.1,0.0,-601.511151,0.0
2019-02-23,18,0,205,317.4,317.4,0.0,-538.581673,0.0
2019-02-23,18,0,206,539.94,539.94,0.0,-7983.841103,0.0
2019-02-23,18,0,210,1.04,1.04,0.0,6.878774,0.0
2019-02-23,18,0,214,6.45,6.45,0.0,118.935821,0.0
2019-02-23,18,0,217,4.02,4.02,0.0,53.511162,0.0
2019-02-23,18,0,218,5.55,5.55,0.0,73.87735,0.0
2019-02-23,18,0,219,3.78,3.78,0.0,50.316466,0.0
2019-02-23,18,0,221,3.44,3.44,0.0,63.432438,0.0
2019-02-23,18,0,225,2.67,2.67,0.0,13.628141,0.0
2019-02-23,18,0,233,4.12,4.12,0.0,63.935977,0.0
2019-02-23,18,0,236,159.03,159.03,0.0,1249.864213,0.0
2019-02-23,18,0,237,156.6,156.6,0.0,757.46038,0.0
2019-02-23,18,0,238,44.5,44.5,0.0,423.410259,0.0
2019-02-23,18,0,240,6.85,6.85,0.0,16.961182,0.0
2019-02-23,18,0,245,55.78,55.78,0.0,631.149053,0.0
2019-02-23,18,0,247,129.95,129.95,0.0,1470.380413,0.0
2019-02-23,18,0,248,15.72,15.72,0.0,76.036253,0.0
2019-02-23,18,0,249,107.26,107.26,0.0,1213.643733,0.0
2019-02-23,18,0,251,323.41,323.41,0.0,3253.341185,0.0
2019-02-23,18,0,252,230.63,230.63,0.0,2395.252163,0.0
2019-02-23,18,0,254,9.54,9.54,0.0,36.920245,0.0
2019-02-23,18,0,255,4.37,4.37,0.0,16.912104,0.0
2019-02-23,18,0,258,8.43,8.43,0.0,21.79036,0.0
2019-02-23,18,0,260,3.39,3.39,0.0,20.410257,0.0
2019-02-23,18,0,265,48.86,48.86,0.0,-322.520182,0.0
2019-02-23,18,0,266,29.1,29.1,0.0,-192.086314,0.0
2019-02-23,18,0,267,35.76,35.76,0.0,-236.048337,0.0
2019-02-23,18,0,270,579.0,579.0,0.0,-579000.0,0.0
2019-02-23,18,0,272,150.39,150.39,0.0,-40180.774206,0.0
2019-02-23,18,0,273,15.22,15.22,0.0,-15220.0,0.0
2019-02-23,18,0,274,746.4,746.4,0.0,-746400.0,0.0
2019-02-23,18,0,275,1039.0,1039.0,0.0,-1039000.0,0.0
2019-02-23,18,0,276,3.5,3.5,0.0,-3154.997303,0.0
2019-02-23,18,0,277,4.48,4.48,0.0,-1244.012485,0.0
2019-02-23,18,0,278,7.17,7.17,0.0,-1990.975339,0.0
2019-02-23,18,0,279,264.6,264.6,0.0,-73474.487398,0.0
2019-02-23,18,0,281,41.41,41.41,0.0,-605.864058,0.0
2019-02-23,18,0,282,196.81,196.81,0.0,-2879.500249,0.0
2019-02-23,19,0,9,0.41,0.41,0.0,4.078771,0.0
2019-02-23,19,0,17,3.85,3.85,0.0,37.400277,0.0
2019-02-23,19,0,19,210.39,210.39,0.0,2043.803691,0.0
2019-02-23,19,0,20,255.72,255.72,0.0,2484.15552,0.0
2019-02-23,19,0,21,9.26,9.26,0.0,92.120532,0.0
2019-02-23,19,0,22,32.92,32.92,0.0,327.495454,0.0
2019-02-23,19,0,23,108.8,108.8,0.0,1082.366507,0.0
2019-02-23,19,0,24,192.5,192.5,0.0,1915.032653,0.0
2019-02-23,19,0,29,0.25,0.25,0.0,1.947721,0.0
2019-02-23,19,0,30,88.44,88.44,0.0,880.065107,0.0
2019-02-23,19,0,31,37.5,37.5,0.0,373.161935,0.0
2019-02-23,19,0,32,0.24,0.24,0.0,9.483016,0.0
2019-02-23,19,0,33,0.29,0.29,0.0,2.8246,0.0
2019-02-23,19,0,34,0.47,0.47,0.0,4.577799,0.0
2019-02-23,19,0,35,0.47,0.47,0.0,4.577799,0.0
2019-02-23,19,0,36,1.29,1.29,0.0,12.378285,0.0
2019-02-23,19,0,37,0.65,0.65,0.0,6.228481,0.0
2019-02-23,19,0,38,0.83,0.83,0.0,7.953291,0.0
2019-02-23,19,0,39,0.55,0.55,0.0,5.270253,0.0
2019-02-23,19,0,40,0.55,0.55,0.0,5.270253,0.0
2019-02-23,19,0,41,34.8,34.8,0.0,341.734877,0.0
2019-02-23,19,0,42,10.0,10.0,0.0,97.087995,0.0
2019-02-23,19,0,43,3.5,3.5,0.0,33.301008,0.0
2019-02-23,19,0,46,2.78,2.78,0.0,26.687963,0.0
2019-02-23,19,0,52,39.75,39.75,0.0,395.551651,0.0
2019-02-23,19,0,53,63.15,63.15,0.0,628.404698,0.0
2019-02-23,19,0,55,186.9,186.9,0.0,1859.322612,0.0
2019-02-23,19,0,56,26.09,26.09,0.0,259.621197,0.0
2019-02-23,19,0,57,24.81,24.81,0.0,246.883936,0.0
2019-02-23,19,0,58,47.72,47.72,0.0,474.861001,0.0
2019-02-23,19,0,59,46.92,46.92,0.0,466.900213,0.0
2019-02-23,19,0,63,170.0,170.0,0.0,18805.108033,0.0
2019-02-23,19,0,64,200.0,200.0,0.0,22123.656509,0.0
2019-02-23,19,0,65,30.51,30.51,0.0,296.353548,0.0
2019-02-23,19,0,67,43.68,43.68,0.0,-24392.721834,0.0
2019-02-23,19,0,68,12.55,12.55,0.0,-5198.843468,0.0
2019-02-23,19,0,69,0.29,0.29,0.0,2.8246,0.0
2019-02-23,19,0,74,54.19,54.19,0.0,525.415058,0.0
2019-02-23,19,0,77,60.0,60.0,0.0,-17653.344065,0.0
2019-02-23,19,0,78,45.36,45.36,0.0,-13345.928113,0.0
2019-02-23,19,0,79,26.25,26.25,0.0,-7723.338028,0.0
2019-02-23,19,0,80,42.45,42.45,0.0,-12489.740926,0.0
2019-02-23,19,0,81,55.5,55.5,0.0,-16329.34326,0.0
2019-02-23,19,0,82,39.15,39.15,0.0,-11518.807002,0.0
2019-02-23,19,0,83,87.3,87.3,0.0,-25685.615614,0.0
2019-02-23,19,0,84,0.0,0.0,0.0,0.0,0.0
2019-02-23,19,0,86,1.48,1.48,0.0,14.415198,0.0
2019-02-23,19,0,87,7.57,7.57,0.0,73.731791,0.0
2019-02-23,19,0,88,51.18,51.18,0.0,-15058.302487,0.0
2019-02-23,19,0,89,49.2,49.2,0.0,-14475.742133,0.0
2019-02-23,19,0,90,66.06,66.06,0.0,-19436.331815,0.0
2019-02-23,19,0,91,235.65,235.65,0.0,-69333.508814,0.0
2019-02-23,19,0,92,84.75,84.75,0.0,-24935.348491,0.0
2019-02-23,19,0,95,120.0,120.0,0.0,3049.643213,0.0
2019-02-23,19,0,96,29.88,29.88,0.0,297.421723,0.0
2019-02-23,19,0,97,183.75,183.75,0.0,1829.024148,0.0
2019-02-23,19,0,99,10.46,10.46,0.0,101.418002,0.0
2019-02-23,19,0,101,1.78,1.78,0.0,17.712753,0.0
2019-02-23,19,0,102,35.91,35.91,0.0,-14875.734578,0.0
2019-02-23,19,0,103,30.13,30.13,0.0,-12481.366829,0.0
2019-02-23,19,0,104,4.3,4.3,0.0,-1781.277045,0.0
2019-02-23,19,0,106,32.41,32.41,0.0,322.421861,0.0
2019-02-23,19,0,109,60.0,60.0,0.0,581.815126,0.0
2019-02-23,19,0,110,0.0,0.0,0.0,-0.0,0.0
2019-02-23,19,0,111,2.58,2.58,0.0,25.335517,0.0
2019-02-23,19,0,113,45.0,45.0,0.0,-11916.309831,0.0
2019-02-23,19,0,115,45.0,45.0,0.0,-11916.309831,0.0
2019-02-23,19,0,116,10.12,10.12,0.0,-10120.0,0.0
2019-02-23,19,0,117,3.0,3.0,0.0,-794.420655,0.0
2019-02-23,19,0,119,200.0,200.0,0.0,22123.656509,0.0
2019-02-23,19,0,120,117.6,117.6,0.0,13008.710027,0.0
2019-02-23,19,0,123,0.54,0.54,0.0,5.37204,0.0
2019-02-23,19,0,125,174.2,174.2,0.0,1732.980198,0.0
2019-02-23,19,0,126,24.31,24.31,0.0,241.841266,0.0
2019-02-23,19,0,127,31.19,31.19,0.0,310.285031,0.0
2019-02-23,19,0,128,249.5,249.5,0.0,2482.081283,0.0
2019-02-23,19,0,131,30.0,30.0,0.0,-11272.245353,0.0
2019-02-23,19,0,132,44.1,44.1,0.0,-16570.200669,0.0
2019-02-23,19,0,133,57.99,57.99,0.0,563.341237,0.0
2019-02-23,19,0,134,0.0,0.0,0.0,0.0,0.0
2019-02-23,19,0,135,78.59,78.59,0.0,763.459007,0.0
2019-02-23,19,0,136,37.88,37.88,0.0,367.938607,0.0
2019-02-23,19,0,139,44.94,44.94,0.0,441.309349,0.0
2019-02-23,19,0,140,0.0,0.0,0.0,-0.0,0.0
2019-02-23,19,0,141,230.0,230.0,0.0,-128441.529806,0.0
2019-02-23,19,0,142,57.6,57.6,0.0,-32166.226595,0.0
2019-02-23,19,0,143,71.55,71.55,0.0,711.992972,0.0
2019-02-23,19,0,145,30.0,30.0,0.0,295.709178,0.0
2019-02-23,19,0,146,268.0,268.0,0.0,-268000.0,0.0
2019-02-23,19,0,152,1.12,1.12,0.0,10.839335,0.0
2019-02-23,19,0,153,1.34,1.34,0.0,12.966096,0.0
2019-02-23,19,0,154,10.64,10.64,0.0,104.484457,0.0
2019-02-23,19,0,157,250.0,250.0,0.0,-139610.358485,0.0
2019-02-23,19,0,158,46.39,46.39,0.0,-25906.09812,0.0
2019-02-23,19,0,159,0.0,0.0,0.0,0.0,0.0
2019-02-23,19,0,160,0.24,0.24,0.0,2.241312,0.0
2019-02-23,19,0,161,6.84,6.84,0.0,-2833.473253,0.0
2019-02-23,19,0,162,162.5,162.5,0.0,4257.384159,0.0
2019-02-23,19,0,163,185.4,185.4,0.0,-185400.0,0.0
2019-02-23,19,0,164,3.8,3.8,0.0,37.813743,0.0
2019-02-23,19,0,167,0.24,0.24,0.0,5.439511,0.0
2019-02-23,19,0,168,0.12,0.12,0.0,2.719756,0.0
2019-02-23,19,0,169,0.0,0.0,0.0,0.0,0.0
2019-02-23,19,0,170,0.27,0.27,0.0,6.11945,0.0
2019-02-23,19,0,172,0.35,0.35,0.0,5.249416,0.0
2019-02-23,19,0,173,0.53,0.53,0.0,7.949116,0.0
2019-02-23,19,0,188,0.52,0.52,0.0,11.697991,0.0
2019-02-23,19,0,190,0.65,0.65,0.0,21.077912,0.0
2019-02-23,19,0,191,1.68,1.68,0.0,54.478296,0.0
2019-02-23,19,0,192,332.6,332.6,0.0,10785.405497,0.0
2019-02-23,19,0,194,176.5,176.5,0.0,-22950.684326,0.0
2019-02-23,19,0,196,0.5,0.5,0.0,131.426361,0.0
2019-02-23,19,0,198,0.83,0.83,0.0,7.418448,0.0
2019-02-23,19,0,199,130.0,130.0,0.0,-4085.356882,0.0
2019-02-23,19,0,200,1.2,1.2,0.0,-37.710987,0.0
2019-02-23,19,0,204,257.1,257.1,0.0,2494.057114,0.0
2019-02-23,19,0,205,317.4,317.4,0.0,3077.802018,0.0
2019-02-23,19,0,206,539.94,539.94,0.0,5374.494141,0.0
2019-02-23,19,0,210,0.1,0.1,0.0,0.784393,0.0
2019-02-23,19,0,214,0.93,0.93,0.0,9.072697,0.0
2019-02-23,19,0,217,0.49,0.49,0.0,4.370531,0.0
2019-02-23,19,0,218,0.68,0.68,0.0,6.065226,0.0
2019-02-23,19,0,219,0.46,0.46,0.0,4.102947,0.0
2019-02-23,19,0,221,0.5,0.5,0.0,4.877794,0.0
2019-02-23,19,0,225,0.26,0.26,0.0,2.024297,0.0
2019-02-23,19,0,233,0.84,0.84,0.0,8.181599,0.0
2019-02-23,19,0,236,106.81,106.81,0.0,1035.891867,0.0
2019-02-23,19,0,237,130.0,130.0,0.0,1260.453175,0.0
2019-02-23,19,0,238,13.02,13.02,0.0,126.408569,0.0
2019-02-23,19,0,240,1.46,1.46,0.0,14.009531,0.0
2019-02-23,19,0,245,38.92,38.92,0.0,378.230567,0.0
2019-02-23,19,0,247,88.97,88.97,0.0,864.624191,0.0
2019-02-23,19,0,248,13.05,13.05,0.0,126.530107,0.0
2019-02-23,19,0,249,74.84,74.84,0.0,727.306671,0.0
2019-02-23,19,0,251,273.91,273.91,0.0,2660.11255,0.0
2019-02-23,19,0,252,196.82,196.82,0.0,1911.776644,0.0
2019-02-23,19,0,254,1.87,1.87,0.0,17.709772,0.0
2019-02-23,19,0,255,0.86,0.86,0.0,8.144601,0.0
2019-02-23,19,0,258,1.73,1.73,0.0,16.577704,0.0
2019-02-23,19,0,260,0.59,0.59,0.0,5.509893,0.0
2019-02-23,19,0,265,11.02,11.02,0.0,108.216044,0.0
2019-02-23,19,0,266,29.1,29.1,0.0,285.761061,0.0
2019-02-23,19,0,267,35.76,35.76,0.0,351.162046,0.0
2019-02-23,19,0,270,579.0,579.0,0.0,-579000.0,0.0
2019-02-23,19,0,272,150.39,150.39,0.0,-39824.307454,0.0
2019-02-23,19,0,273,2.42,2.42,0.0,-2420.0,0.0
2019-02-23,19,0,274,746.4,746.4,0.0,-746400.0,0.0
2019-02-23,19,0,275,1039.0,1039.0,0.0,-1039000.0,0.0
2019-02-23,19,0,276,0.58,0.58,0.0,-522.81739,0.0
2019-02-23,19,0,277,0.76,0.76,0.0,-210.216031,0.0
2019-02-23,19,0,278,1.21,1.21,0.0,-334.686049,0.0
2019-02-23,19,0,279,264.6,264.6,0.0,-73188.370629,0.0
2019-02-23,19,0,281,16.83,16.83,0.0,167.475076,0.0
2019-02-23,19,0,282,48.51,48.51,0.0,482.722279,0.0
2019-02-23,20,0,9,0.0,0.0,0.0,0.0,0.0
2019-02-23,20,0,17,0.0,0.0,0.0,0.0,0.0
2019-02-23,20,0,19,164.34,164.34,0.0,1821.38046,0.0
2019-02-23,20,0,20,199.31,199.31,0.0,2208.953021,0.0
2019-02-23,20,0,21,0.0,0.0,0.0,0.0,0.0
2019-02-23,20,0,22,0.0,0.0,0.0,0.0,0.0
2019-02-23,20,0,23,108.8,108.8,0.0,1235.251394,0.0
2019-02-23,20,0,24,192.5,192.5,0.0,2185.532107,0.0
2019-02-23,20,0,29,0.0,0.0,0.0,0.0,0.0
2019-02-23,20,0,30,0.0,0.0,0.0,0.0,0.0
2019-02-23,20,0,31,37.5,37.5,0.0,425.917401,0.0
2019-02-23,20,0,32,0.0,0.0,0.0,0.0,0.0
2019-02-23,20,0,33,0.0,0.0,0.0,0.0,0.0
2019-02-23,20,0,34,0.0,0.0,0.0,0.0,0.0
2019-02-23,20,0,35,0.0,0.0,0.0,0.0,0.0
2019-02-23,20,0,36,0.0,0.0,0.0,0.0,0.0
2019-02-23,20,0,37,0.0,0.0,0.0,0.0,0.0
2019-02-23,20,0,38,0.0,0.0,0.0,0.0,0.0
2019-02-23,20,0,39,0.0,0.0,0.0,0.0,0.0
2019-02-23,20,0,40,0.0,0.0,0.0,0.0,0.0
2019-02-23,20,0,41,60.5,60.5,0.0,675.044691,0.0
2019-02-23,20,0,42,0.0,0.0,0.0,0.0,0.0
2019-02-23,20,0,43,0.0,0.0,0.0,0.0,0.0
2019-02-23,20,0,46,0.0,0.0,0.0,0.0,0.0
2019-02-23,20,0,52,39.75,39.75,0.0,451.472445,0.0
2019-02-23,20,0,53,63.15,63.15,0.0,717.244903,0.0
2019-02-23,20,0,55,186.9,186.9,0.0,2121.952991,0.0
2019-02-23,20,0,56,0.0,0.0,0.0,0.0,0.0
2019-02-23,20,0,57,0.0,0.0,0.0,0.0,0.0
2019-02-23,20,0,58,0.0,0.0,0.0,0.0,0.0
2019-02-23,20,0,59,0.0,0.0,0.0,0.0,0.0
2019-02-23,20,0,63,170.0,170.0,0.0,18181.383879,0.0
2019-02-23,20,0,64,200.0,200.0,0.0,21389.863387,0.0
2019-02-23,20,0,65,20.21,20.21,0.0,223.912861,0.0
2019-02-23,20,0,67,0.0,0.0,0.0,-0.0,0.0
2019-02-23,20,0,68,10.2,10.2,0.0,-4245.485577,0.0
2019-02-23,20,0,69,0.0,0.0,0.0,0.0,0.0
2019-02-23,20,0,74,40.51,40.51,0.0,445.572518,0.0
2019-02-23,20,0,77,84.7,84.7,0.0,-25122.967759,0.0
2019-02-23,20,0,78,64.3,64.3,0.0,-19072.099491,0.0
2019-02-23,20,0,79,37.43,37.43,0.0,-11102.156827,0.0
2019-02-23,20,0,80,60.23,60.23,0.0,-17864.891949,0.0
2019-02-23,20,0,81,78.45,78.45,0.0,-23269.147824,0.0
2019-02-23,20,0,82,55.6,55.6,0.0,-16491.582142,0.0
2019-02-23,20,0,83,122.29,122.29,0.0,-36272.582376,0.0
2019-02-23,20,0,84,0.0,0.0,0.0,0.0,0.0
2019-02-23,20,0,86,0.0,0.0,0.0,0.0,0.0
2019-02-23,20,0,87,0.0,0.0,0.0,0.0,0.0
2019-02-23,20,0,88,95.98,95.98,0.0,-28468.741978,0.0
2019-02-23,20,0,89,92.28,92.28,0.0,-27371.280576,0.0
2019-02-23,20,0,90,123.8,123.8,0.0,-36720.465272,0.0
2019-02-23,20,0,91,440.78,440.78,0.0,-130740.28015,0.0
2019-02-23,20,0,92,158.74,158.74,0.0,-47084.060237,0.0
2019-02-23,20,0,95,120.0,120.0,0.0,3049.643213,0.0
2019-02-23,20,0,96,31.77,31.77,0.0,360.982776,0.0
2019-02-23,20,0,97,229.39,229.39,0.0,2606.416088,0.0
2019-02-23,20,0,99,7.82,7.82,0.0,86.012764,0.0
2019-02-23,20,0,101,0.0,0.0,0.0,0.0,0.0
2019-02-23,20,0,102,24.15,24.15,0.0,-10051.811439,0.0
2019-02-23,20,0,103,21.0,21.0,0.0,-8740.705599,0.0
2019-02-23,20,0,104,3.9,3.9,0.0,-1623.273897,0.0
2019-02-23,20,0,106,0.0,0.0,0.0,0.0,0.0
2019-02-23,20,0,109,60.0,60.0,0.0,656.916167,0.0
2019-02-23,20,0,110,338.6,338.6,0.0,-338600.0,0.0
2019-02-23,20,0,111,0.0,0.0,0.0,0.0,0.0
2019-02-23,20,0,113,45.0,45.0,0.0,-12026.673598,0.0
2019-02-23,20,0,115,45.0,45.0,0.0,-12026.673598,0.0
2019-02-23,20,0,116,0.0,0.0,0.0,-0.0,0.0
2019-02-23,20,0,117,3.0,3.0,0.0,-801.77824,0.0
2019-02-23,20,0,119,200.0,200.0,0.0,21389.863387,0.0
2019-02-23,20,0,120,117.6,117.6,0.0,12577.239672,0.0
2019-02-23,20,0,123,0.0,0.0,0.0,0.0,0.0
2019-02-23,20,0,125,174.2,174.2,0.0,1977.764639,0.0
2019-02-23,20,0,126,0.0,0.0,0.0,0.0,0.0
2019-02-23,20,0,127,0.0,0.0,0.0,0.0,0.0
2019-02-23,20,0,128,249.5,249.5,0.0,2832.676679,0.0
2019-02-23,20,0,131,30.0,30.0,0.0,-11335.345886,0.0
2019-02-23,20,0,132,44.1,44.1,0.0,-16662.958452,0.0
2019-02-23,20,0,133,35.25,35.25,0.0,390.68806,0.0
2019-02-23,20,0,134,0.0,0.0,0.0,0.0,0.0
2019-02-23,20,0,135,46.98,46.98,0.0,520.695746,0.0
2019-02-23,20,0,136,24.71,24.71,0.0,273.764751,0.0
2019-02-23,20,0,139,80.98,80.98,0.0,903.555688,0.0
2019-02-23,20,0,140,250.6,250.6,0.0,-250600.0,0.0
2019-02-23,20,0,141,230.0,230.0,0.0,-128783.716774,0.0
2019-02-23,20,0,142,0.0,0.0,0.0,-0.0,0.0
2019-02-23,20,0,143,71.55,71.55,0.0,812.650401,0.0
2019-02-23,20,0,145,30.0,30.0,0.0,336.195651,0.0
2019-02-23,20,0,146,268.0,268.0,0.0,-268000.0,0.0
2019-02-23,20,0,152,0.0,0.0,0.0,0.0,0.0
2019-02-23,20,0,153,0.0,0.0,0.0,0.0,0.0
2019-02-23,20,0,154,0.0,0.0,0.0,0.0,0.0
2019-02-23,20,0,157,59.03,59.03,0.0,-33052.620875,0.0
2019-02-23,20,0,158,0.0,0.0,0.0,-0.0,0.0
2019-02-23,20,0,159,0.0,0.0,0.0,0.0,0.0
2019-02-23,20,0,160,0.0,0.0,0.0,0.0,0.0
2019-02-23,20,0,161,0.0,0.0,0.0,-0.0,0.0
2019-02-23,20,0,162,162.5,162.5,0.0,4257.550386,0.0
2019-02-23,20,0,163,185.4,185.4,0.0,-185400.0,0.0
2019-02-23,20,0,164,0.0,0.0,0.0,0.0,0.0
2019-02-23,20,0,167,0.0,0.0,0.0,0.0,0.0
2019-02-23,20,0,168,0.0,0.0,0.0,0.0,0.0
2019-02-23,20,0,169,0.0,0.0,0.0,0.0,0.0
2019-02-23,20,0,170,0.0,0.0,0.0,0.0,0.0
2019-02-23,20,0,172,0.0,0.0,0.0,0.0,0.0
2019-02-23,20,0,173,0.0,0.0,0.0,0.0,0.0
2019-02-23,20,0,188,0.0,0.0,0.0,0.0,0.0
2019-02-23,20,0,190,0.0,0.0,0.0,0.0,0.0
2019-02-23,20,0,191,0.0,0.0,0.0,0.0,0.0
2019-02-23,20,0,192,332.6,332.6,0.0,10785.405497,0.0
2019-02-23,20,0,194,176.5,176.5,0.0,-23457.880063,0.0
2019-02-23,20,0,196,0.0,0.0,0.0,0.0,0.0
2019-02-23,20,0,198,0.0,0.0,0.0,0.0,0.0
2019-02-23,20,0,199,130.0,130.0,0.0,-4237.77664,0.0
2019-02-23,20,0,200,0.0,0.0,0.0,-0.0,0.0
2019-02-23,20,0,204,465.33,465.33,0.0,5095.881931,0.0
2019-02-23,20,0,205,317.4,317.4,0.0,3475.086524,0.0
2019-02-23,20,0,206,868.95,868.95,0.0,9873.339114,0.0
2019-02-23,20,0,210,0.0,0.0,0.0,0.0,0.0
2019-02-23,20,0,214,0.0,0.0,0.0,0.0,0.0
2019-02-23,20,0,217,0.0,0.0,0.0,0.0,0.0
2019-02-23,20,0,218,0.0,0.0,0.0,0.0,0.0
2019-02-23,20,0,219,0.0,0.0,0.0,0.0,0.0
2019-02-23,20,0,221,0.0,0.0,0.0,0.0,0.0
2019-02-23,20,0,225,0.0,0.0,0.0,0.0,0.0
2019-02-23,20,0,233,0.0,0.0,0.0,0.0,0.0
2019-02-23,20,0,236,75.13,75.13,0.0,828.59766,0.0
2019-02-23,20,0,237,97.18,97.18,0.0,1068.890084,0.0
2019-02-23,20,0,238,0.0,0.0,0.0,0.0,0.0
2019-02-23,20,0,240,0.0,0.0,0.0,0.0,0.0
2019-02-23,20,0,245,56.69,56.69,0.0,629.064831,0.0
2019-02-23,20,0,247,69.68,69.68,0.0,773.209338,0.0
2019-02-23,20,0,248,9.75,9.75,0.0,107.240979,0.0
2019-02-23,20,0,249,108.97,108.97,0.0,1209.193766,0.0
2019-02-23,20,0,251,178.48,178.48,0.0,1976.353671,0.0
2019-02-23,20,0,252,130.38,130.38,0.0,1444.520478,0.0
2019-02-23,20,0,254,0.0,0.0,0.0,0.0,0.0
2019-02-23,20,0,255,0.0,0.0,0.0,0.0,0.0
2019-02-23,20,0,258,0.0,0.0,0.0,0.0,0.0
2019-02-23,20,0,260,0.0,0.0,0.0,0.0,0.0
2019-02-23,20,0,265,0.0,0.0,0.0,0.0,0.0
2019-02-23,20,0,266,49.35,49.35,0.0,550.635628,0.0
2019-02-23,20,0,267,62.41,62.41,0.0,696.35602,0.0
2019-02-23,20,0,270,579.0,579.0,0.0,-579000.0,0.0
2019-02-23,20,0,272,150.39,150.39,0.0,-40193.143165,0.0
2019-02-23,20,0,273,0.0,0.0,0.0,-0.0,0.0
2019-02-23,20,0,274,746.4,746.4,0.0,-746400.0,0.0
2019-02-23,20,0,275,1039.0,1039.0,0.0,-1039000.0,0.0
2019-02-23,20,0,276,0.0,0.0,0.0,-0.0,0.0
2019-02-23,20,0,277,0.0,0.0,0.0,-0.0,0.0
2019-02-23,20,0,278,0.0,0.0,0.0,-0.0,0.0
2019-02-23,20,0,279,651.99,651.99,0.0,-181922.822911,0.0
2019-02-23,20,0,281,16.83,16.83,0.0,191.151729,0.0
2019-02-23,20,0,282,0.0,0.0,0.0,0.0,0.0
2019-02-23,21,0,9,0.0,0.0,0.0,0.0,0.0
2019-02-23,21,0,17,0.0,0.0,0.0,0.0,0.0
2019-02-23,21,0,19,118.58,118.58,0.0,779.50302,0.0
2019-02-23,21,0,20,143.81,143.81,0.0,945.356125,0.0
2019-02-23,21,0,21,0.0,0.0,0.0,0.0,0.0
2019-02-23,21,0,22,0.0,0.0,0.0,0.0,0.0
2019-02-23,21,0,23,108.8,108.8,0.0,1321.944922,0.0
2019-02-23,21,0,24,192.5,192.5,0.0,2338.919094,0.0
2019-02-23,21,0,29,0.0,0.0,0.0,0.0,0.0
2019-02-23,21,0,30,0.0,0.0,0.0,0.0,0.0
2019-02-23,21,0,31,37.5,37.5,0.0,456.959729,0.0
2019-02-23,21,0,32,0.0,0.0,0.0,0.0,0.0
2019-02-23,21,0,33,0.0,0.0,0.0,0.0,0.0
2019-02-23,21,0,34,0.0,0.0,0.0,0.0,0.0
2019-02-23,21,0,35,0.0,0.0,0.0,0.0,0.0
2019-02-23,21,0,36,0.0,0.0,0.0,0.0,0.0
2019-02-23,21,0,37,0.0,0.0,0.0,0.0,0.0
2019-02-23,21,0,38,0.0,0.0,0.0,0.0,0.0
2019-02-23,21,0,39,0.0,0.0,0.0,0.0,0.0
2019-02-23,21,0,40,0.0,0.0,0.0,0.0,0.0
2019-02-23,21,0,41,98.37,98.37,0.0,1014.022117,0.0
2019-02-23,21,0,42,0.0,0.0,0.0,0.0,0.0
2019-02-23,21,0,43,0.0,0.0,0.0,0.0,0.0
2019-02-23,21,0,46,0.0,0.0,0.0,0.0,0.0
2019-02-23,21,0,52,39.75,39.75,0.0,484.377313,0.0
2019-02-23,21,0,53,63.15,63.15,0.0,769.520183,0.0
2019-02-23,21,0,55,186.9,186.9,0.0,2270.877811,0.0
2019-02-23,21,0,56,0.0,0.0,0.0,0.0,0.0
2019-02-23,21,0,57,0.0,0.0,0.0,0.0,0.0
2019-02-23,21,0,58,0.0,0.0,0.0,0.0,0.0
2019-02-23,21,0,59,0.0,0.0,0.0,0.0,0.0
2019-02-23,21,0,63,170.0,170.0,0.0,16503.649719,0.0
2019-02-23,21,0,64,200.0,200.0,0.0,19416.058493,0.0
2019-02-23,21,0,65,12.57,12.57,0.0,83.127561,0.0
2019-02-23,21,0,67,0.0,0.0,0.0,-0.0,0.0
2019-02-23,21,0,68,7.88,7.88,0.0,-3329.209022,0.0
2019-02-23,21,0,69,0.0,0.0,0.0,0.0,0.0
2019-02-23,21,0,74,29.57,29.57,0.0,228.734108,0.0
2019-02-23,21,0,77,172.48,172.48,0.0,-52495.807338,0.0
2019-02-23,21,0,78,130.65,130.65,0.0,-39764.478367,0.0
2019-02-23,21,0,79,75.79,75.79,0.0,-23067.354117,0.0
2019-02-23,21,0,80,122.31,122.31,0.0,-37226.125902,0.0
2019-02-23,21,0,81,159.64,159.64,0.0,-48587.840233,0.0
2019-02-23,21,0,82,112.85,112.85,0.0,-34346.891571,0.0
2019-02-23,21,0,83,250.05,250.05,0.0,-76104.920135,0.0
2019-02-23,21,0,84,0.0,0.0,0.0,0.0,0.0
2019-02-23,21,0,86,0.0,0.0,0.0,0.0,0.0
2019-02-23,21,0,87,0.0,0.0,0.0,0.0,0.0
2019-02-23,21,0,88,170.6,170.6,0.0,-51923.612777,0.0
2019-02-23,21,0,89,164.0,164.0,0.0,-49914.84464,0.0
2019-02-23,21,0,90,220.2,220.2,0.0,-67019.809693,0.0
2019-02-23,21,0,91,785.5,785.5,0.0,-239073.844295,0.0
2019-02-23,21,0,92,282.5,282.5,0.0,-85981.36348,0.0
2019-02-23,21,0,95,120.0,120.0,0.0,3049.643213,0.0
2019-02-23,21,0,96,29.44,29.44,0.0,359.831911,0.0
2019-02-23,21,0,97,181.06,181.06,0.0,2213.015143,0.0
2019-02-23,21,0,99,5.71,5.71,0.0,44.168811,0.0
2019-02-23,21,0,101,0.0,0.0,0.0,0.0,0.0
2019-02-23,21,0,102,18.66,18.66,0.0,-7883.634562,0.0
2019-02-23,21,0,103,16.22,16.22,0.0,-6852.762733,0.0
2019-02-23,21,0,104,3.01,3.01,0.0,-1271.690248,0.0
2019-02-23,21,0,106,0.0,0.0,0.0,0.0,0.0
2019-02-23,21,0,109,83.6,83.6,0.0,760.090172,0.0
2019-02-23,21,0,110,338.6,338.6,0.0,-338600.0,0.0
2019-02-23,21,0,111,0.0,0.0,0.0,0.0,0.0
2019-02-23,21,0,113,79.54,79.54,0.0,-21846.945138,0.0
2019-02-23,21,0,115,79.54,79.54,0.0,-21846.945138,0.0
2019-02-23,21,0,116,0.0,0.0,0.0,-0.0,0.0
2019-02-23,21,0,117,5.35,5.35,0.0,-1469.463873,0.0
2019-02-23,21,0,119,200.0,200.0,0.0,19416.058493,0.0
2019-02-23,21,0,120,117.6,117.6,0.0,11416.642394,0.0
2019-02-23,21,0,123,0.0,0.0,0.0,0.0,0.0
2019-02-23,21,0,125,174.2,174.2,0.0,2116.569902,0.0
2019-02-23,21,0,126,0.0,0.0,0.0,0.0,0.0
2019-02-23,21,0,127,0.0,0.0,0.0,0.0,0.0
2019-02-23,21,0,128,249.5,249.5,0.0,3031.48215,0.0
2019-02-23,21,0,131,25.34,25.34,0.0,-9743.764184,0.0
2019-02-23,21,0,132,37.25,37.25,0.0,-14323.410255,0.0
2019-02-23,21,0,133,24.26,24.26,0.0,159.386328,0.0
2019-02-23,21,0,134,0.0,0.0,0.0,0.0,0.0
2019-02-23,21,0,135,31.54,31.54,0.0,207.215366,0.0
2019-02-23,21,0,136,15.0,15.0,0.0,99.230114,0.0
2019-02-23,21,0,139,129.57,129.57,0.0,1335.639379,0.0
2019-02-23,21,0,140,250.6,250.6,0.0,-250600.0,0.0
2019-02-23,21,0,141,200.59,200.59,0.0,-113263.446764,0.0
2019-02-23,21,0,142,0.0,0.0,0.0,-0.0,0.0
2019-02-23,21,0,143,66.01,66.01,0.0,804.370979,0.0
2019-02-23,21,0,145,29.03,29.03,0.0,320.412654,0.0
2019-02-23,21,0,146,194.4,194.4,0.0,-194400.0,0.0
2019-02-23,21,0,152,0.0,0.0,0.0,0.0,0.0
2019-02-23,21,0,153,0.0,0.0,0.0,0.0,0.0
2019-02-23,21,0,154,0.0,0.0,0.0,0.0,0.0
2019-02-23,21,0,157,0.0,0.0,0.0,-0.0,0.0
2019-02-23,21,0,158,0.0,0.0,0.0,-0.0,0.0
2019-02-23,21,0,159,0.0,0.0,0.0,0.0,0.0
2019-02-23,21,0,160,0.0,0.0,0.0,0.0,0.0
2019-02-23,21,0,161,0.0,0.0,0.0,-0.0,0.0
2019-02-23,21,0,162,162.5,162.5,0.0,4259.22621,0.0
2019-02-23,21,0,163,185.4,185.4,0.0,-185400.0,0.0
2019-02-23,21,0,164,0.0,0.0,0.0,0.0,0.0
2019-02-23,21,0,167,0.0,0.0,0.0,0.0,0.0
2019-02-23,21,0,168,0.0,0.0,0.0,0.0,0.0
2019-02-23,21,0,169,0.0,0.0,0.0,0.0,0.0
2019-02-23,21,0,170,0.0,0.0,0.0,0.0,0.0
2019-02-23,21,0,172,0.0,0.0,0.0,0.0,0.0
2019-02-23,21,0,173,0.0,0.0,0.0,0.0,0.0
2019-02-23,21,0,188,0.0,0.0,0.0,0.0,0.0
2019-02-23,21,0,190,0.0,0.0,0.0,0.0,0.0
2019-02-23,21,0,191,0.0,0.0,0.0,0.0,0.0
2019-02-23,21,0,192,332.6,332.6,0.0,10785.405497,0.0
2019-02-23,21,0,194,176.5,176.5,0.0,-24911.627908,0.0
2019-02-23,21,0,196,0.0,0.0,0.0,0.0,0.0
2019-02-23,21,0,198,0.0,0.0,0.0,0.0,0.0
2019-02-23,21,0,199,101.12,101.12,0.0,-3966.76587,0.0
2019-02-23,21,0,200,0.0,0.0,0.0,-0.0,0.0
2019-02-23,21,0,204,841.64,841.64,0.0,7769.54654,0.0
2019-02-23,21,0,205,387.97,387.97,0.0,3527.418468,0.0
2019-02-23,21,0,206,532.03,532.03,0.0,6502.763982,0.0
2019-02-23,21,0,210,0.0,0.0,0.0,0.0,0.0
2019-02-23,21,0,214,0.0,0.0,0.0,0.0,0.0
2019-02-23,21,0,217,0.0,0.0,0.0,0.0,0.0
2019-02-23,21,0,218,0.0,0.0,0.0,0.0,0.0
2019-02-23,21,0,219,0.0,0.0,0.0,0.0,0.0
2019-02-23,21,0,221,0.0,0.0,0.0,0.0,0.0
2019-02-23,21,0,225,0.0,0.0,0.0,0.0,0.0
2019-02-23,21,0,233,0.0,0.0,0.0,0.0,0.0
2019-02-23,21,0,236,50.53,50.53,0.0,359.416924,0.0
2019-02-23,21,0,237,70.93,70.93,0.0,548.667915,0.0
2019-02-23,21,0,238,0.0,0.0,0.0,0.0,0.0
2019-02-23,21,0,240,0.0,0.0,0.0,0.0,0.0
2019-02-23,21,0,245,77.31,77.31,0.0,496.972142,0.0
2019-02-23,21,0,247,53.22,53.22,0.0,342.114311,0.0
2019-02-23,21,0,248,7.12,7.12,0.0,55.075646,0.0
2019-02-23,21,0,249,148.67,148.67,0.0,955.695878,0.0
2019-02-23,21,0,251,109.21,109.21,0.0,729.311348,0.0
2019-02-23,21,0,252,81.1,81.1,0.0,536.32818,0.0
2019-02-23,21,0,254,0.0,0.0,0.0,0.0,0.0
2019-02-23,21,0,255,0.0,0.0,0.0,0.0,0.0
2019-02-23,21,0,258,0.0,0.0,0.0,0.0,0.0
2019-02-23,21,0,260,0.0,0.0,0.0,0.0,0.0
2019-02-23,21,0,265,0.0,0.0,0.0,0.0,0.0
2019-02-23,21,0,266,81.15,81.15,0.0,836.514128,0.0
2019-02-23,21,0,267,101.3,101.3,0.0,1044.225276,0.0
2019-02-23,21,0,270,579.0,579.0,0.0,-579000.0,0.0
2019-02-23,21,0,272,265.65,265.65,0.0,-72965.0613,0.0
2019-02-23,21,0,273,0.0,0.0,0.0,-0.0,0.0
2019-02-23,21,0,274,746.4,746.4,0.0,-746400.0,0.0
2019-02-23,21,0,275,1039.0,1039.0,0.0,-1039000.0,0.0
2019-02-23,21,0,276,0.0,0.0,0.0,-0.0,0.0
2019-02-23,21,0,277,0.0,0.0,0.0,-0.0,0.0
2019-02-23,21,0,278,0.0,0.0,0.0,-0.0,0.0
2019-02-23,21,0,279,575.41,575.41,0.0,-164895.481235,0.0
2019-02-23,21,0,281,16.83,16.83,0.0,205.083526,0.0
2019-02-23,21,0,282,0.0,0.0,0.0,0.0,0.0
2019-02-23,22,0,9,0.0,0.0,0.0,0.0,0.0
2019-02-23,22,0,17,0.0,0.0,0.0,0.0,0.0
2019-02-23,22,0,19,82.23,82.23,0.0,1083.285007,0.0
2019-02-23,22,0,20,99.73,99.73,0.0,1313.827237,0.0
2019-02-23,22,0,21,0.0,0.0,0.0,0.0,0.0
2019-02-23,22,0,22,0.0,0.0,0.0,0.0,0.0
2019-02-23,22,0,23,39.62,39.62,0.0,450.302173,0.0
2019-02-23,22,0,24,70.1,70.1,0.0,796.72343,0.0
2019-02-23,22,0,29,0.0,0.0,0.0,0.0,0.0
2019-02-23,22,0,30,0.0,0.0,0.0,0.0,0.0
2019-02-23,22,0,31,15.67,15.67,0.0,177.976685,0.0
2019-02-23,22,0,32,0.0,0.0,0.0,0.0,0.0
2019-02-23,22,0,33,0.0,0.0,0.0,0.0,0.0
2019-02-23,22,0,34,0.0,0.0,0.0,0.0,0.0
2019-02-23,22,0,35,0.0,0.0,0.0,0.0,0.0
2019-02-23,22,0,36,0.0,0.0,0.0,0.0,0.0
2019-02-23,22,0,37,0.0,0.0,0.0,0.0,0.0
2019-02-23,22,0,38,0.0,0.0,0.0,0.0,0.0
2019-02-23,22,0,39,0.0,0.0,0.0,0.0,0.0
2019-02-23,22,0,40,0.0,0.0,0.0,0.0,0.0
2019-02-23,22,0,41,57.23,57.23,0.0,676.110095,0.0
2019-02-23,22,0,42,0.0,0.0,0.0,0.0,0.0
2019-02-23,22,0,43,0.0,0.0,0.0,0.0,0.0
2019-02-23,22,0,46,0.0,0.0,0.0,0.0,0.0
2019-02-23,22,0,52,16.61,16.61,0.0,188.653014,0.0
2019-02-23,22,0,53,26.39,26.39,0.0,299.732272,0.0
2019-02-23,22,0,55,147.35,147.35,0.0,1674.710377,0.0
2019-02-23,22,0,56,0.0,0.0,0.0,0.0,0.0
2019-02-23,22,0,57,0.0,0.0,0.0,0.0,0.0
2019-02-23,22,0,58,0.0,0.0,0.0,0.0,0.0
2019-02-23,22,0,59,0.0,0.0,0.0,0.0,0.0
2019-02-23,22,0,63,170.0,170.0,0.0,1890.347299,0.0
2019-02-23,22,0,64,200.0,200.0,0.0,2223.937998,0.0
2019-02-23,22,0,65,7.2,7.2,0.0,94.702836,0.0
2019-02-23,22,0,67,0.0,0.0,0.0,0.0,0.0
2019-02-23,22,0,68,2.72,2.72,0.0,28.042194,0.0
2019-02-23,22,0,69,0.0,0.0,0.0,0.0,0.0
2019-02-23,22,0,74,20.83,20.83,0.0,262.472777,0.0
2019-02-23,22,0,77,64.19,64.19,0.0,682.498039,0.0
2019-02-23,22,0,78,48.53,48.53,0.0,515.99361,0.0
2019-02-23,22,0,79,28.08,28.08,0.0,298.559666,0.0
2019-02-23,22,0,80,45.41,45.41,0.0,482.820314,0.0
2019-02-23,22,0,81,59.38,59.38,0.0,631.355874,0.0
2019-02-23,22,0,82,41.88,41.88,0.0,445.287707,0.0
2019-02-23,22,0,83,93.4,93.4,0.0,993.072392,0.0
2019-02-23,22,0,84,0.0,0.0,0.0,0.0,0.0
2019-02-23,22,0,86,0.0,0.0,0.0,0.0,0.0
2019-02-23,22,0,87,0.0,0.0,0.0,0.0,0.0
2019-02-23,22,0,88,68.57,68.57,0.0,729.068243,0.0
2019-02-23,22,0,89,65.92,65.92,0.0,700.892207,0.0
2019-02-23,22,0,90,88.51,88.51,0.0,941.07963,0.0
2019-02-23,22,0,91,315.73,315.73,0.0,3356.98872,0.0
2019-02-23,22,0,92,113.55,113.55,0.0,1207.316597,0.0
2019-02-23,22,0,95,120.0,120.0,0.0,1312.433731,0.0
2019-02-23,22,0,96,11.29,11.29,0.0,128.138331,0.0
2019-02-23,22,0,97,69.45,69.45,0.0,788.238005,0.0
2019-02-23,22,0,99,4.02,4.02,0.0,50.654852,0.0
2019-02-23,22,0,101,0.0,0.0,0.0,0.0,0.0
2019-02-23,22,0,102,6.45,6.45,0.0,66.497114,0.0
2019-02-23,22,0,103,5.61,5.61,0.0,57.837025,0.0
2019-02-23,22,0,104,1.04,1.04,0.0,10.722015,0.0
2019-02-23,22,0,106,0.0,0.0,0.0,0.0,0.0
2019-02-23,22,0,109,96.94,96.94,0.0,1163.083754,0.0
2019-02-23,22,0,110,338.6,338.6,0.0,3038.726157,0.0
2019-02-23,22,0,111,0.0,0.0,0.0,0.0,0.0
2019-02-23,22,0,113,60.69,60.69,0.0,639.542185,0.0
2019-02-23,22,0,115,60.69,60.69,0.0,639.542185,0.0
2019-02-23,22,0,116,0.0,0.0,0.0,0.0,0.0
2019-02-23,22,0,117,4.05,4.05,0.0,42.678297,0.0
2019-02-23,22,0,119,200.0,200.0,0.0,2223.937998,0.0
2019-02-23,22,0,120,117.6,117.6,0.0,1307.675543,0.0
2019-02-23,22,0,123,0.0,0.0,0.0,0.0,0.0
2019-02-23,22,0,125,63.44,63.44,0.0,721.029022,0.0
2019-02-23,22,0,126,0.0,0.0,0.0,0.0,0.0
2019-02-23,22,0,127,0.0,0.0,0.0,0.0,0.0
2019-02-23,22,0,128,90.86,90.86,0.0,1032.671767,0.0
2019-02-23,22,0,131,7.41,7.41,0.0,77.044832,0.0
2019-02-23,22,0,132,10.89,10.89,0.0,113.22783,0.0
2019-02-23,22,0,133,28.31,28.31,0.0,373.006592,0.0
2019-02-23,22,0,134,0.0,0.0,0.0,0.0,0.0
2019-02-23,22,0,135,37.93,37.93,0.0,499.757684,0.0
2019-02-23,22,0,136,8.25,8.25,0.0,108.504304,0.0
2019-02-23,22,0,139,73.91,73.91,0.0,873.166121,0.0
2019-02-23,22,0,140,250.6,250.6,0.0,2248.980434,0.0
2019-02-23,22,0,141,49.31,49.31,0.0,492.160111,0.0
2019-02-23,22,0,142,0.0,0.0,0.0,0.0,0.0
2019-02-23,22,0,143,25.86,25.86,0.0,293.71264,0.0
2019-02-23,22,0,145,33.51,33.51,0.0,388.591256,0.0
2019-02-23,22,0,146,32.84,32.84,0.0,294.718745,0.0
2019-02-23,22,0,152,0.0,0.0,0.0,0.0,0.0
2019-02-23,22,0,153,0.0,0.0,0.0,0.0,0.0
2019-02-23,22,0,154,0.0,0.0,0.0,0.0,0.0
2019-02-23,22,0,157,0.0,0.0,0.0,0.0,0.0
2019-02-23,22,0,158,0.0,0.0,0.0,0.0,0.0
2019-02-23,22,0,159,0.0,0.0,0.0,0.0,0.0
2019-02-23,22,0,160,0.0,0.0,0.0,0.0,0.0
2019-02-23,22,0,161,0.0,0.0,0.0,0.0,0.0
2019-02-23,22,0,162,96.21,96.21,0.0,1052.459128,0.0
2019-02-23,22,0,163,98.79,98.79,0.0,886.579318,0.0
2019-02-23,22,0,164,0.0,0.0,0.0,0.0,0.0
2019-02-23,22,0,167,0.0,0.0,0.0,0.0,0.0
2019-02-23,22,0,168,0.0,0.0,0.0,0.0,0.0
2019-02-23,22,0,169,0.0,0.0,0.0,0.0,0.0
2019-02-23,22,0,170,0.0,0.0,0.0,0.0,0.0
2019-02-23,22,0,172,0.0,0.0,0.0,0.0,0.0
2019-02-23,22,0,173,0.0,0.0,0.0,0.0,0.0
2019-02-23,22,0,188,0.0,0.0,0.0,0.0,0.0
2019-02-23,22,0,190,0.0,0.0,0.0,0.0,0.0
2019-02-23,22,0,191,0.0,0.0,0.0,0.0,0.0
2019-02-23,22,0,192,166.98,166.98,0.0,1856.765835,0.0
2019-02-23,22,0,194,132.73,132.73,0.0,1419.446149,0.0
2019-02-23,22,0,196,0.0,0.0,0.0,0.0,0.0
2019-02-23,22,0,198,0.0,0.0,0.0,0.0,0.0
2019-02-23,22,0,199,77.83,77.83,0.0,791.002803,0.0
2019-02-23,22,0,200,0.0,0.0,0.0,0.0,0.0
2019-02-23,22,0,204,496.81,496.81,0.0,5935.291453,0.0
2019-02-23,22,0,205,482.26,482.26,0.0,5786.143708,0.0
2019-02-23,22,0,206,204.08,204.08,0.0,2316.250714,0.0
2019-02-23,22,0,210,0.0,0.0,0.0,0.0,0.0
2019-02-23,22,0,214,0.0,0.0,0.0,0.0,0.0
2019-02-23,22,0,217,0.0,0.0,0.0,0.0,0.0
2019-02-23,22,0,218,0.0,0.0,0.0,0.0,0.0
2019-02-23,22,0,219,0.0,0.0,0.0,0.0,0.0
2019-02-23,22,0,221,0.0,0.0,0.0,0.0,0.0
2019-02-23,22,0,225,0.0,0.0,0.0,0.0,0.0
2019-02-23,22,0,233,0.0,0.0,0.0,0.0,0.0
2019-02-23,22,0,236,32.05,32.05,0.0,413.012512,0.0
2019-02-23,22,0,237,49.97,49.97,0.0,629.657449,0.0
2019-02-23,22,0,238,0.0,0.0,0.0,0.0,0.0
2019-02-23,22,0,240,0.0,0.0,0.0,0.0,0.0
2019-02-23,22,0,245,58.07,58.07,0.0,769.418895,0.0
2019-02-23,22,0,247,40.23,40.23,0.0,533.041539,0.0
2019-02-23,22,0,248,5.02,5.02,0.0,63.255561,0.0
2019-02-23,22,0,249,111.67,111.67,0.0,1479.610952,0.0
2019-02-23,22,0,251,128.4,128.4,0.0,1684.50974,0.0
2019-02-23,22,0,252,46.42,46.42,0.0,610.570227,0.0
2019-02-23,22,0,254,0.0,0.0,0.0,0.0,0.0
2019-02-23,22,0,255,0.0,0.0,0.0,0.0,0.0
2019-02-23,22,0,258,0.0,0.0,0.0,0.0,0.0
2019-02-23,22,0,260,0.0,0.0,0.0,0.0,0.0
2019-02-23,22,0,265,0.0,0.0,0.0,0.0,0.0
2019-02-23,22,0,266,47.86,47.86,0.0,565.413754,0.0
2019-02-23,22,0,267,58.81,58.81,0.0,694.776073,0.0
2019-02-23,22,0,270,308.51,308.51,0.0,2768.686966,0.0
2019-02-23,22,0,272,202.84,202.84,0.0,2137.497723,0.0
2019-02-23,22,0,273,0.0,0.0,0.0,0.0,0.0
2019-02-23,22,0,274,397.7,397.7,0.0,3569.112205,0.0
2019-02-23,22,0,275,553.61,553.61,0.0,4968.308292,0.0
2019-02-23,22,0,276,0.0,0.0,0.0,0.0,0.0
2019-02-23,22,0,277,0.0,0.0,0.0,0.0,0.0
2019-02-23,22,0,278,0.0,0.0,0.0,0.0,0.0
2019-02-23,22,0,279,99.63,99.63,0.0,1053.665365,0.0
2019-02-23,22,0,281,7.03,7.03,0.0,79.845315,0.0
2019-02-23,22,0,282,0.0,0.0,0.0,0.0,0.0
2019-02-23,23,0,9,0.0,0.0,0.0,0.0,0.0
2019-02-23,23,0,17,0.0,0.0,0.0,0.0,0.0
2019-02-23,23,0,19,80.77,80.77,0.0,1043.678325,0.0
2019-02-23,23,0,20,97.96,97.96,0.0,1265.800776,0.0
2019-02-23,23,0,21,0.0,0.0,0.0,0.0,0.0
2019-02-23,23,0,22,0.0,0.0,0.0,0.0,0.0
2019-02-23,23,0,23,40.75,40.75,0.0,463.090048,0.0
2019-02-23,23,0,24,72.1,72.1,0.0,819.356871,0.0
2019-02-23,23,0,29,0.0,0.0,0.0,0.0,0.0
2019-02-23,23,0,30,0.0,0.0,0.0,0.0,0.0
2019-02-23,23,0,31,15.64,15.64,0.0,177.635951,0.0
2019-02-23,23,0,32,0.0,0.0,0.0,0.0,0.0
2019-02-23,23,0,33,0.0,0.0,0.0,0.0,0.0
2019-02-23,23,0,34,0.0,0.0,0.0,0.0,0.0
2019-02-23,23,0,35,0.0,0.0,0.0,0.0,0.0
2019-02-23,23,0,36,0.0,0.0,0.0,0.0,0.0
2019-02-23,23,0,37,0.0,0.0,0.0,0.0,0.0
2019-02-23,23,0,38,0.0,0.0,0.0,0.0,0.0
2019-02-23,23,0,39,0.0,0.0,0.0,0.0,0.0
2019-02-23,23,0,40,0.0,0.0,0.0,0.0,0.0
2019-02-23,23,0,41,58.4,58.4,0.0,685.565468,0.0
2019-02-23,23,0,42,0.0,0.0,0.0,0.0,0.0
2019-02-23,23,0,43,0.0,0.0,0.0,0.0,0.0
2019-02-23,23,0,46,0.0,0.0,0.0,0.0,0.0
2019-02-23,23,0,52,16.58,16.58,0.0,188.31228,0.0
2019-02-23,23,0,53,26.34,26.34,0.0,299.164382,0.0
2019-02-23,23,0,55,264.11,264.11,0.0,3001.391722,0.0
2019-02-23,23,0,56,0.0,0.0,0.0,0.0,0.0
2019-02-23,23,0,57,0.0,0.0,0.0,0.0,0.0
2019-02-23,23,0,58,0.0,0.0,0.0,0.0,0.0
2019-02-23,23,0,59,0.0,0.0,0.0,0.0,0.0
2019-02-23,23,0,63,170.0,170.0,0.0,1783.839394,0.0
2019-02-23,23,0,64,200.0,200.0,0.0,2098.634581,0.0
2019-02-23,23,0,65,7.26,7.26,0.0,93.677339,0.0
2019-02-23,23,0,67,0.0,0.0,0.0,0.0,0.0
2019-02-23,23,0,68,1.39,1.39,0.0,14.860618,0.0
2019-02-23,23,0,69,0.0,0.0,0.0,0.0,0.0
2019-02-23,23,0,74,18.43,18.43,0.0,228.775233,0.0
2019-02-23,23,0,77,38.08,38.08,0.0,409.764708,0.0
2019-02-23,23,0,78,28.79,28.79,0.0,309.798475,0.0
2019-02-23,23,0,79,16.66,16.66,0.0,179.27206,0.0
2019-02-23,23,0,80,26.94,26.94,0.0,289.891314,0.0
2019-02-23,23,0,81,35.22,35.22,0.0,378.989312,0.0
2019-02-23,23,0,82,24.85,24.85,0.0,267.401602,0.0
2019-02-23,23,0,83,55.41,55.41,0.0,596.246389,0.0
2019-02-23,23,0,84,0.0,0.0,0.0,0.0,0.0
2019-02-23,23,0,86,0.0,0.0,0.0,0.0,0.0
2019-02-23,23,0,87,0.0,0.0,0.0,0.0,0.0
2019-02-23,23,0,88,47.58,47.58,0.0,511.990673,0.0
2019-02-23,23,0,89,45.74,45.74,0.0,492.191117,0.0
2019-02-23,23,0,90,61.42,61.42,0.0,660.917762,0.0
2019-02-23,23,0,91,219.08,219.08,0.0,2357.438347,0.0
2019-02-23,23,0,92,78.79,78.79,0.0,847.829867,0.0
2019-02-23,23,0,95,120.0,120.0,0.0,1255.117498,0.0
2019-02-23,23,0,96,9.12,9.12,0.0,103.522344,0.0
2019-02-23,23,0,97,56.06,56.06,0.0,636.344584,0.0
2019-02-23,23,0,99,3.56,3.56,0.0,44.190984,0.0
2019-02-23,23,0,101,0.0,0.0,0.0,0.0,0.0
2019-02-23,23,0,102,3.29,3.29,0.0,35.173693,0.0
2019-02-23,23,0,103,2.86,2.86,0.0,30.576523,0.0
2019-02-23,23,0,104,0.53,0.53,0.0,5.666279,0.0
2019-02-23,23,0,106,0.0,0.0,0.0,0.0,0.0
2019-02-23,23,0,109,105.01,105.01,0.0,1247.710288,0.0
2019-02-23,23,0,110,254.03,254.03,0.0,2679.860295,0.0
2019-02-23,23,0,111,0.0,0.0,0.0,0.0,0.0
2019-02-23,23,0,113,44.17,44.17,0.0,469.736471,0.0
2019-02-23,23,0,115,44.17,44.17,0.0,469.736471,0.0
2019-02-23,23,0,116,0.0,0.0,0.0,0.0,0.0
2019-02-23,23,0,117,2.94,2.94,0.0,31.266136,0.0
2019-02-23,23,0,119,200.0,200.0,0.0,2098.634581,0.0
2019-02-23,23,0,120,117.6,117.6,0.0,1233.997134,0.0
2019-02-23,23,0,123,0.0,0.0,0.0,0.0,0.0
2019-02-23,23,0,125,65.25,65.25,0.0,741.512286,0.0
2019-02-23,23,0,126,0.0,0.0,0.0,0.0,0.0
2019-02-23,23,0,127,0.0,0.0,0.0,0.0,0.0
2019-02-23,23,0,128,93.45,93.45,0.0,1061.981964,0.0
2019-02-23,23,0,131,3.59,3.59,0.0,38.414466,0.0
2019-02-23,23,0,132,5.28,5.28,0.0,56.498156,0.0
2019-02-23,23,0,133,26.35,26.35,0.0,340.53005,0.0
2019-02-23,23,0,134,0.0,0.0,0.0,0.0,0.0
2019-02-23,23,0,135,35.31,35.31,0.0,456.323191,0.0
2019-02-23,23,0,136,7.98,7.98,0.0,102.959595,0.0
2019-02-23,23,0,139,75.41,75.41,0.0,885.248149,0.0
2019-02-23,23,0,140,188.01,188.01,0.0,1983.389891,0.0
2019-02-23,23,0,141,39.62,39.62,0.0,422.198993,0.0
2019-02-23,23,0,142,0.0,0.0,0.0,0.0,0.0
2019-02-23,23,0,143,23.89,23.89,0.0,271.337779,0.0
2019-02-23,23,0,145,11.21,11.21,0.0,129.510355,0.0
2019-02-23,23,0,146,26.85,26.85,0.0,283.25099,0.0
2019-02-23,23,0,152,0.0,0.0,0.0,0.0,0.0
2019-02-23,23,0,153,0.0,0.0,0.0,0.0,0.0
2019-02-23,23,0,154,0.0,0.0,0.0,0.0,0.0
2019-02-23,23,0,157,5.61,5.61,0.0,59.781331,0.0
2019-02-23,23,0,158,0.0,0.0,0.0,0.0,0.0
2019-02-23,23,0,159,0.0,0.0,0.0,0.0,0.0
2019-02-23,23,0,160,0.0,0.0,0.0,0.0,0.0
2019-02-23,23,0,161,0.0,0.0,0.0,0.0,0.0
2019-02-23,23,0,162,48.75,48.75,0.0,509.919402,0.0
2019-02-23,23,0,163,75.39,75.39,0.0,795.318142,0.0
2019-02-23,23,0,164,0.0,0.0,0.0,0.0,0.0
2019-02-23,23,0,167,0.0,0.0,0.0,0.0,0.0
2019-02-23,23,0,168,0.0,0.0,0.0,0.0,0.0
2019-02-23,23,0,169,0.0,0.0,0.0,0.0,0.0
2019-02-23,23,0,170,0.0,0.0,0.0,0.0,0.0
2019-02-23,23,0,172,0.0,0.0,0.0,0.0,0.0
2019-02-23,23,0,173,0.0,0.0,0.0,0.0,0.0
2019-02-23,23,0,188,0.0,0.0,0.0,0.0,0.0
2019-02-23,23,0,190,0.0,0.0,0.0,0.0,0.0
2019-02-23,23,0,191,0.0,0.0,0.0,0.0,0.0
2019-02-23,23,0,192,142.99,142.99,0.0,1500.418794,0.0
2019-02-23,23,0,194,114.55,114.55,0.0,1207.729435,0.0
2019-02-23,23,0,196,0.0,0.0,0.0,0.0,0.0
2019-02-23,23,0,198,0.0,0.0,0.0,0.0,0.0
2019-02-23,23,0,199,42.43,42.43,0.0,424.054692,0.0
2019-02-23,23,0,200,0.0,0.0,0.0,0.0,0.0
2019-02-23,23,0,204,456.77,456.77,0.0,5406.924694,0.0
2019-02-23,23,0,205,555.5,555.5,0.0,6600.352967,0.0
2019-02-23,23,0,206,164.72,164.72,0.0,1869.758827,0.0
2019-02-23,23,0,210,0.0,0.0,0.0,0.0,0.0
2019-02-23,23,0,214,0.0,0.0,0.0,0.0,0.0
2019-02-23,23,0,217,0.0,0.0,0.0,0.0,0.0
2019-02-23,23,0,218,0.0,0.0,0.0,0.0,0.0
2019-02-23,23,0,219,0.0,0.0,0.0,0.0,0.0
2019-02-23,23,0,221,0.0,0.0,0.0,0.0,0.0
2019-02-23,23,0,225,0.0,0.0,0.0,0.0,0.0
2019-02-23,23,0,233,0.0,0.0,0.0,0.0,0.0
2019-02-23,23,0,236,26.74,26.74,0.0,338.679947,0.0
2019-02-23,23,0,237,44.21,44.21,0.0,548.787469,0.0
2019-02-23,23,0,238,0.0,0.0,0.0,0.0,0.0
2019-02-23,23,0,240,0.0,0.0,0.0,0.0,0.0
2019-02-23,23,0,245,53.5,53.5,0.0,694.924778,0.0
2019-02-23,23,0,247,35.59,35.59,0.0,462.287343,0.0
2019-02-23,23,0,248,4.44,4.44,0.0,55.114598,0.0
2019-02-23,23,0,249,102.88,102.88,0.0,1336.333854,0.0
2019-02-23,23,0,251,57.79,57.79,0.0,743.931541,0.0
2019-02-23,23,0,252,46.86,46.86,0.0,604.644642,0.0
2019-02-23,23,0,254,0.0,0.0,0.0,0.0,0.0
2019-02-23,23,0,255,0.0,0.0,0.0,0.0,0.0
2019-02-23,23,0,258,0.0,0.0,0.0,0.0,0.0
2019-02-23,23,0,260,0.0,0.0,0.0,0.0,0.0
2019-02-23,23,0,265,0.0,0.0,0.0,0.0,0.0
2019-02-23,23,0,266,48.83,48.83,0.0,573.221948,0.0
2019-02-23,23,0,267,60.01,60.01,0.0,704.465475,0.0
2019-02-23,23,0,270,235.44,235.44,0.0,2483.747226,0.0
2019-02-23,23,0,272,147.62,147.62,0.0,1569.900337,0.0
2019-02-23,23,0,273,0.0,0.0,0.0,0.0,0.0
2019-02-23,23,0,274,303.52,303.52,0.0,3201.949363,0.0
2019-02-23,23,0,275,422.5,422.5,0.0,4457.115201,0.0
2019-02-23,23,0,276,0.0,0.0,0.0,0.0,0.0
2019-02-23,23,0,277,0.0,0.0,0.0,0.0,0.0
2019-02-23,23,0,278,0.0,0.0,0.0,0.0,0.0
2019-02-23,23,0,279,63.14,63.14,0.0,674.664193,0.0
2019-02-23,23,0,281,7.02,7.02,0.0,79.731737,0.0
2019-02-23,23,0,282,0.0,0.0,0.0,0.0,0.0
2019-02-24,0,0,9,0.0,0.0,0.0,0.0,0.0
2019-02-24,0,0,17,0.0,0.0,0.0,0.0,0.0
2019-02-24,0,0,19,79.26,79.26,0.0,1564.524914,0.0
2019-02-24,0,0,20,96.12,96.12,0.0,1897.326959,0.0
2019-02-24,0,0,21,0.0,0.0,0.0,0.0,0.0
2019-02-24,0,0,22,0.0,0.0,0.0,0.0,0.0
2019-02-24,0,0,23,42.49,42.49,0.0,740.033111,0.0
2019-02-24,0,0,24,75.17,75.17,0.0,1309.208966,0.0
2019-02-24,0,0,29,0.0,0.0,0.0,0.0,0.0
2019-02-24,0,0,30,0.0,0.0,0.0,0.0,0.0
2019-02-24,0,0,31,15.6,15.6,0.0,271.547093,0.0
2019-02-24,0,0,32,0.0,0.0,0.0,0.0,0.0
2019-02-24,0,0,33,0.0,0.0,0.0,0.0,0.0
2019-02-24,0,0,34,0.0,0.0,0.0,0.0,0.0
2019-02-24,0,0,35,0.0,0.0,0.0,0.0,0.0
2019-02-24,0,0,36,0.0,0.0,0.0,0.0,0.0
2019-02-24,0,0,37,0.0,0.0,0.0,0.0,0.0
2019-02-24,0,0,38,0.0,0.0,0.0,0.0,0.0
2019-02-24,0,0,39,0.0,0.0,0.0,0.0,0.0
2019-02-24,0,0,40,0.0,0.0,0.0,0.0,0.0
2019-02-24,0,0,41,60.12,60.12,0.0,1081.350104,0.0
2019-02-24,0,0,42,0.0,0.0,0.0,0.0,0.0
2019-02-24,0,0,43,0.0,0.0,0.0,0.0,0.0
2019-02-24,0,0,46,0.0,0.0,0.0,0.0,0.0
2019-02-24,0,0,52,16.53,16.53,0.0,287.735478,0.0
2019-02-24,0,0,53,26.26,26.26,0.0,457.104273,0.0
2019-02-24,0,0,55,274.42,274.42,0.0,4779.47485,0.0
2019-02-24,0,0,56,0.0,0.0,0.0,0.0,0.0
2019-02-24,0,0,57,0.0,0.0,0.0,0.0,0.0
2019-02-24,0,0,58,0.0,0.0,0.0,0.0,0.0
2019-02-24,0,0,59,0.0,0.0,0.0,0.0,0.0
2019-02-24,0,0,63,155.41,155.41,0.0,2624.824857,0.0
2019-02-24,0,0,64,182.84,182.84,0.0,3088.108724,0.0
2019-02-24,0,0,65,7.65,7.65,0.0,150.798979,0.0
2019-02-24,0,0,67,0.0,0.0,0.0,0.0,0.0
2019-02-24,0,0,68,0.77,0.77,0.0,12.690769,0.0
2019-02-24,0,0,69,0.0,0.0,0.0,0.0,0.0
2019-02-24,0,0,74,16.33,16.33,0.0,310.190641,0.0
2019-02-24,0,0,77,25.27,25.27,0.0,416.702363,0.0
2019-02-24,0,0,78,19.1,19.1,0.0,314.959048,0.0
2019-02-24,0,0,79,11.05,11.05,0.0,182.214528,0.0
2019-02-24,0,0,80,17.88,17.88,0.0,294.841245,0.0
2019-02-24,0,0,81,23.37,23.37,0.0,385.371358,0.0
2019-02-24,0,0,82,16.49,16.49,0.0,271.920141,0.0
2019-02-24,0,0,83,36.76,36.76,0.0,606.172492,0.0
2019-02-24,0,0,84,0.0,0.0,0.0,0.0,0.0
2019-02-24,0,0,86,0.0,0.0,0.0,0.0,0.0
2019-02-24,0,0,87,0.0,0.0,0.0,0.0,0.0
2019-02-24,0,0,88,37.91,37.91,0.0,625.135994,0.0
2019-02-24,0,0,89,36.44,36.44,0.0,600.895691,0.0
2019-02-24,0,0,90,48.93,48.93,0.0,806.855822,0.0
2019-02-24,0,0,91,174.55,174.55,0.0,2878.329935,0.0
2019-02-24,0,0,92,62.78,62.78,0.0,1035.242356,0.0
2019-02-24,0,0,95,67.44,67.44,0.0,1135.259725,0.0
2019-02-24,0,0,96,7.21,7.21,0.0,125.429826,0.0
2019-02-24,0,0,97,44.33,44.33,0.0,771.193368,0.0
2019-02-24,0,0,99,3.15,3.15,0.0,59.834692,0.0
2019-02-24,0,0,101,0.0,0.0,0.0,0.0,0.0
2019-02-24,0,0,102,1.82,1.82,0.0,29.996363,0.0
2019-02-24,0,0,103,1.58,1.58,0.0,26.040799,0.0
2019-02-24,0,0,104,0.29,0.29,0.0,4.77964,0.0
2019-02-24,0,0,106,0.0,0.0,0.0,0.0,0.0
2019-02-24,0,0,109,98.4,98.4,0.0,1792.303497,0.0
2019-02-24,0,0,110,164.52,164.52,0.0,2754.637983,0.0
2019-02-24,0,0,111,0.0,0.0,0.0,0.0,0.0
2019-02-24,0,0,113,36.17,36.17,0.0,588.583029,0.0
2019-02-24,0,0,115,36.17,36.17,0.0,588.583029,0.0
2019-02-24,0,0,116,0.0,0.0,0.0,0.0,0.0
2019-02-24,0,0,117,2.41,2.41,0.0,39.217172,0.0
2019-02-24,0,0,119,182.84,182.84,0.0,3088.108724,0.0
2019-02-24,0,0,120,107.51,107.51,0.0,1815.809281,0.0
2019-02-24,0,0,123,0.0,0.0,0.0,0.0,0.0
2019-02-24,0,0,125,68.03,68.03,0.0,1184.854143,0.0
2019-02-24,0,0,126,0.0,0.0,0.0,0.0,0.0
2019-02-24,0,0,127,0.0,0.0,0.0,0.0,0.0
2019-02-24,0,0,128,97.43,97.43,0.0,1696.903413,0.0
2019-02-24,0,0,131,1.71,1.71,0.0,28.153946,0.0
2019-02-24,0,0,132,2.51,2.51,0.0,41.325383,0.0
2019-02-24,0,0,133,24.41,24.41,0.0,481.894397,0.0
2019-02-24,0,0,134,0.0,0.0,0.0,0.0,0.0
2019-02-24,0,0,135,32.71,32.71,0.0,645.750337,0.0
2019-02-24,0,0,136,8.25,8.25,0.0,162.614183,0.0
2019-02-24,0,0,139,77.63,77.63,0.0,1396.294221,0.0
2019-02-24,0,0,140,121.76,121.76,0.0,2038.686608,0.0
2019-02-24,0,0,141,34.16,34.16,0.0,565.211531,0.0
2019-02-24,0,0,142,0.0,0.0,0.0,0.0,0.0
2019-02-24,0,0,143,56.48,56.48,0.0,983.139732,0.0
2019-02-24,0,0,145,9.22,9.22,0.0,163.265618,0.0
2019-02-24,0,0,146,28.63,28.63,0.0,479.365946,0.0
2019-02-24,0,0,152,0.0,0.0,0.0,0.0,0.0
2019-02-24,0,0,153,0.0,0.0,0.0,0.0,0.0
2019-02-24,0,0,154,0.0,0.0,0.0,0.0,0.0
2019-02-24,0,0,157,25.63,25.63,0.0,424.074108,0.0
2019-02-24,0,0,158,0.0,0.0,0.0,0.0,0.0
2019-02-24,0,0,159,0.0,0.0,0.0,0.0,0.0
2019-02-24,0,0,160,0.0,0.0,0.0,0.0,0.0
2019-02-24,0,0,161,0.0,0.0,0.0,0.0,0.0
2019-02-24,0,0,162,48.75,48.75,0.0,820.69814,0.0
2019-02-24,0,0,163,56.24,56.24,0.0,941.653539,0.0
2019-02-24,0,0,164,0.0,0.0,0.0,0.0,0.0
2019-02-24,0,0,167,0.0,0.0,0.0,0.0,0.0
2019-02-24,0,0,168,0.0,0.0,0.0,0.0,0.0
2019-02-24,0,0,169,0.0,0.0,0.0,0.0,0.0
2019-02-24,0,0,170,0.0,0.0,0.0,0.0,0.0
2019-02-24,0,0,172,0.0,0.0,0.0,0.0,0.0
2019-02-24,0,0,173,0.0,0.0,0.0,0.0,0.0
2019-02-24,0,0,188,0.0,0.0,0.0,0.0,0.0
2019-02-24,0,0,190,0.0,0.0,0.0,0.0,0.0
2019-02-24,0,0,191,0.0,0.0,0.0,0.0,0.0
2019-02-24,0,0,192,121.59,121.59,0.0,2053.615947,0.0
2019-02-24,0,0,194,106.5,106.5,0.0,1706.335015,0.0
2019-02-24,0,0,196,0.0,0.0,0.0,0.0,0.0
2019-02-24,0,0,198,0.0,0.0,0.0,0.0,0.0
2019-02-24,0,0,199,17.64,17.64,0.0,274.814446,0.0
2019-02-24,0,0,200,0.0,0.0,0.0,0.0,0.0
2019-02-24,0,0,204,430.15,430.15,0.0,7806.57901,0.0
2019-02-24,0,0,205,520.55,520.55,0.0,9481.540502,0.0
2019-02-24,0,0,206,130.26,130.26,0.0,2266.087257,0.0
2019-02-24,0,0,210,0.0,0.0,0.0,0.0,0.0
2019-02-24,0,0,214,0.0,0.0,0.0,0.0,0.0
2019-02-24,0,0,217,0.0,0.0,0.0,0.0,0.0
2019-02-24,0,0,218,0.0,0.0,0.0,0.0,0.0
2019-02-24,0,0,219,0.0,0.0,0.0,0.0,0.0
2019-02-24,0,0,221,0.0,0.0,0.0,0.0,0.0
2019-02-24,0,0,225,0.0,0.0,0.0,0.0,0.0
2019-02-24,0,0,233,0.0,0.0,0.0,0.0,0.0
2019-02-24,0,0,236,22.1,22.1,0.0,427.979372,0.0
2019-02-24,0,0,237,39.16,39.16,0.0,743.849694,0.0
2019-02-24,0,0,238,0.0,0.0,0.0,0.0,0.0
2019-02-24,0,0,240,0.0,0.0,0.0,0.0,0.0
2019-02-24,0,0,245,31.48,31.48,0.0,624.498176,0.0
2019-02-24,0,0,247,31.2,31.2,0.0,618.943554,0.0
2019-02-24,0,0,248,3.93,3.93,0.0,74.650901,0.0
2019-02-24,0,0,249,58.97,58.97,0.0,1169.842993,0.0
2019-02-24,0,0,251,55.3,55.3,0.0,1087.650299,0.0
2019-02-24,0,0,252,49.38,49.38,0.0,973.392624,0.0
2019-02-24,0,0,254,0.0,0.0,0.0,0.0,0.0
2019-02-24,0,0,255,0.0,0.0,0.0,0.0,0.0
2019-02-24,0,0,258,0.0,0.0,0.0,0.0,0.0
2019-02-24,0,0,260,0.0,0.0,0.0,0.0,0.0
2019-02-24,0,0,265,0.0,0.0,0.0,0.0,0.0
2019-02-24,0,0,266,50.27,50.27,0.0,904.182797,0.0
2019-02-24,0,0,267,61.77,61.77,0.0,1111.027876,0.0
2019-02-24,0,0,270,175.65,175.65,0.0,2940.992959,0.0
2019-02-24,0,0,272,120.89,120.89,0.0,1967.20493,0.0
2019-02-24,0,0,273,0.0,0.0,0.0,0.0,0.0
2019-02-24,0,0,274,226.44,226.44,0.0,3791.39451,0.0
2019-02-24,0,0,275,315.2,315.2,0.0,5277.546148,0.0
2019-02-24,0,0,276,0.0,0.0,0.0,0.0,0.0
2019-02-24,0,0,277,0.0,0.0,0.0,0.0,0.0
2019-02-24,0,0,278,0.0,0.0,0.0,0.0,0.0
2019-02-24,0,0,279,45.41,45.41,0.0,742.899031,0.0
2019-02-24,0,0,281,7.0,7.0,0.0,121.848055,0.0
2019-02-24,0,0,282,0.0,0.0,0.0,0.0,0.0
2019-02-24,1,0,9,0.0,0.0,0.0,0.0,0.0
2019-02-24,1,0,17,0.0,0.0,0.0,0.0,0.0
2019-02-24,1,0,19,78.28,78.28,0.0,814.234749,0.0
2019-02-24,1,0,20,94.94,94.94,0.0,987.524873,0.0
2019-02-24,1,0,21,0.0,0.0,0.0,0.0,0.0
2019-02-24,1,0,22,0.0,0.0,0.0,0.0,0.0
2019-02-24,1,0,23,45.1,45.1,0.0,426.185364,0.0
2019-02-24,1,0,24,79.79,79.79,0.0,753.998453,0.0
2019-02-24,1,0,29,0.0,0.0,0.0,0.0,0.0
2019-02-24,1,0,30,0.0,0.0,0.0,0.0,0.0
2019-02-24,1,0,31,35.41,35.41,0.0,334.443745,0.0
2019-02-24,1,0,32,0.0,0.0,0.0,0.0,0.0
2019-02-24,1,0,33,0.0,0.0,0.0,0.0,0.0
2019-02-24,1,0,34,0.0,0.0,0.0,0.0,0.0
2019-02-24,1,0,35,0.0,0.0,0.0,0.0,0.0
2019-02-24,1,0,36,0.0,0.0,0.0,0.0,0.0
2019-02-24,1,0,37,0.0,0.0,0.0,0.0,0.0
2019-02-24,1,0,38,0.0,0.0,0.0,0.0,0.0
2019-02-24,1,0,39,0.0,0.0,0.0,0.0,0.0
2019-02-24,1,0,40,0.0,0.0,0.0,0.0,0.0
2019-02-24,1,0,41,62.5,62.5,0.0,607.410145,0.0
2019-02-24,1,0,42,0.0,0.0,0.0,0.0,0.0
2019-02-24,1,0,43,0.0,0.0,0.0,0.0,0.0
2019-02-24,1,0,46,0.0,0.0,0.0,0.0,0.0
2019-02-24,1,0,52,37.7,37.7,0.0,356.072555,0.0
2019-02-24,1,0,53,61.63,61.63,0.0,582.088901,0.0
2019-02-24,1,0,55,239.73,239.73,0.0,2265.397281,0.0
2019-02-24,1,0,56,0.0,0.0,0.0,0.0,0.0
2019-02-24,1,0,57,0.0,0.0,0.0,0.0,0.0
2019-02-24,1,0,58,0.0,0.0,0.0,0.0,0.0
2019-02-24,1,0,59,0.0,0.0,0.0,0.0,0.0
2019-02-24,1,0,63,92.85,92.85,0.0,1092.698916,0.0
2019-02-24,1,0,64,109.24,109.24,0.0,1285.583517,0.0
2019-02-24,1,0,65,8.27,8.27,0.0,85.94529,0.0
2019-02-24,1,0,67,0.0,0.0,0.0,0.0,0.0
2019-02-24,1,0,68,0.63,0.63,0.0,5.853845,0.0
2019-02-24,1,0,69,0.0,0.0,0.0,0.0,0.0
2019-02-24,1,0,74,14.37,14.37,0.0,145.756933,0.0
2019-02-24,1,0,77,21.98,21.98,0.0,197.439003,0.0
2019-02-24,1,0,78,16.61,16.61,0.0,149.202085,0.0
2019-02-24,1,0,79,9.61,9.61,0.0,86.323422,0.0
2019-02-24,1,0,80,15.55,15.55,0.0,139.680459,0.0
2019-02-24,1,0,81,20.33,20.33,0.0,182.617604,0.0
2019-02-24,1,0,82,14.34,14.34,0.0,128.811433,0.0
2019-02-24,1,0,83,31.98,31.98,0.0,287.265665,0.0
2019-02-24,1,0,84,0.0,0.0,0.0,0.0,0.0
2019-02-24,1,0,86,0.0,0.0,0.0,0.0,0.0
2019-02-24,1,0,87,0.0,0.0,0.0,0.0,0.0
2019-02-24,1,0,88,37.32,37.32,0.0,335.233102,0.0
2019-02-24,1,0,89,35.88,35.88,0.0,322.298063,0.0
2019-02-24,1,0,90,48.17,48.17,0.0,432.695031,0.0
2019-02-24,1,0,91,171.84,171.84,0.0,1543.581359,0.0
2019-02-24,1,0,92,61.8,61.8,0.0,555.128771,0.0
2019-02-24,1,0,95,88.63,88.63,0.0,1039.382672,0.0
2019-02-24,1,0,96,5.62,5.62,0.0,53.051585,0.0
2019-02-24,1,0,97,34.55,34.55,0.0,326.14453,0.0
2019-02-24,1,0,99,2.77,2.77,0.0,28.0965,0.0
2019-02-24,1,0,101,0.0,0.0,0.0,0.0,0.0
2019-02-24,1,0,102,1.48,1.48,0.0,13.751891,0.0
2019-02-24,1,0,103,1.29,1.29,0.0,11.986445,0.0
2019-02-24,1,0,104,0.24,0.24,0.0,2.230036,0.0
2019-02-24,1,0,106,0.0,0.0,0.0,0.0,0.0
2019-02-24,1,0,109,93.44,93.44,0.0,921.480514,0.0
2019-02-24,1,0,110,99.16,99.16,0.0,1086.122808,0.0
2019-02-24,1,0,111,0.0,0.0,0.0,0.0,0.0
2019-02-24,1,0,113,19.73,19.73,0.0,173.55399,0.0
2019-02-24,1,0,115,19.73,19.73,0.0,173.55399,0.0
2019-02-24,1,0,116,0.0,0.0,0.0,0.0,0.0
2019-02-24,1,0,117,1.35,1.35,0.0,11.87521,0.0
2019-02-24,1,0,119,109.24,109.24,0.0,1285.583517,0.0
2019-02-24,1,0,120,64.23,64.23,0.0,755.88639,0.0
2019-02-24,1,0,123,0.0,0.0,0.0,0.0,0.0
2019-02-24,1,0,125,72.21,72.21,0.0,682.369072,0.0
2019-02-24,1,0,126,0.0,0.0,0.0,0.0,0.0
2019-02-24,1,0,127,0.0,0.0,0.0,0.0,0.0
2019-02-24,1,0,128,103.42,103.42,0.0,977.296904,0.0
2019-02-24,1,0,131,1.1,1.1,0.0,10.10085,0.0
2019-02-24,1,0,132,1.62,1.62,0.0,14.875798,0.0
2019-02-24,1,0,133,22.64,22.64,0.0,235.51102,0.0
2019-02-24,1,0,134,0.0,0.0,0.0,0.0,0.0
2019-02-24,1,0,135,30.33,30.33,0.0,315.505709,0.0
2019-02-24,1,0,136,9.01,9.01,0.0,93.631152,0.0
2019-02-24,1,0,139,80.71,80.71,0.0,784.385165,0.0
2019-02-24,1,0,140,73.39,73.39,0.0,803.857936,0.0
2019-02-24,1,0,141,31.7,31.7,0.0,307.515376,0.0
2019-02-24,1,0,142,0.0,0.0,0.0,0.0,0.0
2019-02-24,1,0,143,69.96,69.96,0.0,660.764879,0.0
2019-02-24,1,0,145,7.63,7.63,0.0,73.247099,0.0
2019-02-24,1,0,146,37.75,37.75,0.0,413.484631,0.0
2019-02-24,1,0,152,0.0,0.0,0.0,0.0,0.0
2019-02-24,1,0,153,0.0,0.0,0.0,0.0,0.0
2019-02-24,1,0,154,0.0,0.0,0.0,0.0,0.0
2019-02-24,1,0,157,74.73,74.73,0.0,724.940823,0.0
2019-02-24,1,0,158,0.0,0.0,0.0,0.0,0.0
2019-02-24,1,0,159,0.0,0.0,0.0,0.0,0.0
2019-02-24,1,0,160,0.0,0.0,0.0,0.0,0.0
2019-02-24,1,0,161,0.0,0.0,0.0,0.0,0.0
2019-02-24,1,0,162,48.75,48.75,0.0,571.782281,0.0
2019-02-24,1,0,163,41.23,41.23,0.0,451.60189,0.0
2019-02-24,1,0,164,0.0,0.0,0.0,0.0,0.0
2019-02-24,1,0,167,0.0,0.0,0.0,0.0,0.0
2019-02-24,1,0,168,0.0,0.0,0.0,0.0,0.0
2019-02-24,1,0,169,0.0,0.0,0.0,0.0,0.0
2019-02-24,1,0,170,0.0,0.0,0.0,0.0,0.0
2019-02-24,1,0,172,0.0,0.0,0.0,0.0,0.0
2019-02-24,1,0,173,0.0,0.0,0.0,0.0,0.0
2019-02-24,1,0,188,0.0,0.0,0.0,0.0,0.0
2019-02-24,1,0,190,0.0,0.0,0.0,0.0,0.0
2019-02-24,1,0,191,0.0,0.0,0.0,0.0,0.0
2019-02-24,1,0,192,102.76,102.76,0.0,1209.324077,0.0
2019-02-24,1,0,194,108.29,108.29,0.0,900.786763,0.0
2019-02-24,1,0,196,0.0,0.0,0.0,0.0,0.0
2019-02-24,1,0,198,0.0,0.0,0.0,0.0,0.0
2019-02-24,1,0,199,60.19,60.19,0.0,564.03819,0.0
2019-02-24,1,0,200,0.0,0.0,0.0,0.0,0.0
2019-02-24,1,0,204,413.21,413.21,0.0,4064.379613,0.0
2019-02-24,1,0,205,494.28,494.28,0.0,4874.458353,0.0
2019-02-24,1,0,206,101.53,101.53,0.0,958.421248,0.0
2019-02-24,1,0,210,0.0,0.0,0.0,0.0,0.0
2019-02-24,1,0,214,0.0,0.0,0.0,0.0,0.0
2019-02-24,1,0,217,0.0,0.0,0.0,0.0,0.0
2019-02-24,1,0,218,0.0,0.0,0.0,0.0,0.0
2019-02-24,1,0,219,0.0,0.0,0.0,0.0,0.0
2019-02-24,1,0,221,0.0,0.0,0.0,0.0,0.0
2019-02-24,1,0,225,0.0,0.0,0.0,0.0,0.0
2019-02-24,1,0,233,0.0,0.0,0.0,0.0,0.0
2019-02-24,1,0,236,18.04,18.04,0.0,185.362523,0.0
2019-02-24,1,0,237,34.47,34.47,0.0,349.634064,0.0
2019-02-24,1,0,238,0.0,0.0,0.0,0.0,0.0
2019-02-24,1,0,240,0.0,0.0,0.0,0.0,0.0
2019-02-24,1,0,245,13.74,13.74,0.0,143.379904,0.0
2019-02-24,1,0,247,27.15,27.15,0.0,283.316187,0.0
2019-02-24,1,0,248,3.46,3.46,0.0,35.095267,0.0
2019-02-24,1,0,249,26.43,26.43,0.0,275.802829,0.0
2019-02-24,1,0,251,54.77,54.77,0.0,568.369808,0.0
2019-02-24,1,0,252,53.37,53.37,0.0,554.643304,0.0
2019-02-24,1,0,254,0.0,0.0,0.0,0.0,0.0
2019-02-24,1,0,255,0.0,0.0,0.0,0.0,0.0
2019-02-24,1,0,258,0.0,0.0,0.0,0.0,0.0
2019-02-24,1,0,260,0.0,0.0,0.0,0.0,0.0
2019-02-24,1,0,265,0.0,0.0,0.0,0.0,0.0
2019-02-24,1,0,266,52.26,52.26,0.0,507.892067,0.0
2019-02-24,1,0,267,64.22,64.22,0.0,624.126072,0.0
2019-02-24,1,0,270,128.76,128.76,0.0,1410.338572,0.0
2019-02-24,1,0,272,65.81,65.81,0.0,578.894481,0.0
2019-02-24,1,0,273,0.0,0.0,0.0,0.0,0.0
2019-02-24,1,0,274,165.99,165.99,0.0,1818.12752,0.0
2019-02-24,1,0,275,231.06,231.06,0.0,2530.854539,0.0
2019-02-24,1,0,276,0.0,0.0,0.0,0.0,0.0
2019-02-24,1,0,277,0.0,0.0,0.0,0.0,0.0
2019-02-24,1,0,278,0.0,0.0,0.0,0.0,0.0
2019-02-24,1,0,279,42.07,42.07,0.0,373.207515,0.0
2019-02-24,1,0,281,14.62,14.62,0.0,138.08437,0.0
2019-02-24,1,0,282,0.0,0.0,0.0,0.0,0.0
2019-02-24,2,0,9,0.0,0.0,0.0,0.0,0.0
2019-02-24,2,0,17,0.0,0.0,0.0,0.0,0.0
2019-02-24,2,0,19,97.87,97.87,0.0,1348.088248,0.0
2019-02-24,2,0,20,118.69,118.69,0.0,1634.868644,0.0
2019-02-24,2,0,21,0.0,0.0,0.0,0.0,0.0
2019-02-24,2,0,22,0.0,0.0,0.0,0.0,0.0
2019-02-24,2,0,23,20.35,20.35,0.0,243.386675,0.0
2019-02-24,2,0,24,36.01,36.01,0.0,430.680794,0.0
2019-02-24,2,0,29,0.0,0.0,0.0,0.0,0.0
2019-02-24,2,0,30,0.0,0.0,0.0,0.0,0.0
2019-02-24,2,0,31,14.9,14.9,0.0,178.091824,0.0
2019-02-24,2,0,32,0.0,0.0,0.0,0.0,0.0
2019-02-24,2,0,33,0.0,0.0,0.0,0.0,0.0
2019-02-24,2,0,34,0.0,0.0,0.0,0.0,0.0
2019-02-24,2,0,35,0.0,0.0,0.0,0.0,0.0
2019-02-24,2,0,36,0.0,0.0,0.0,0.0,0.0
2019-02-24,2,0,37,0.0,0.0,0.0,0.0,0.0
2019-02-24,2,0,38,0.0,0.0,0.0,0.0,0.0
2019-02-24,2,0,39,0.0,0.0,0.0,0.0,0.0
2019-02-24,2,0,40,0.0,0.0,0.0,0.0,0.0
2019-02-24,2,0,41,58.55,58.55,0.0,726.148529,0.0
2019-02-24,2,0,42,0.0,0.0,0.0,0.0,0.0
2019-02-24,2,0,43,0.0,0.0,0.0,0.0,0.0
2019-02-24,2,0,46,0.0,0.0,0.0,0.0,0.0
2019-02-24,2,0,52,15.79,15.79,0.0,188.729523,0.0
2019-02-24,2,0,53,25.09,25.09,0.0,299.887507,0.0
2019-02-24,2,0,55,259.38,259.38,0.0,3102.193399,0.0
2019-02-24,2,0,56,0.0,0.0,0.0,0.0,0.0
2019-02-24,2,0,57,0.0,0.0,0.0,0.0,0.0
2019-02-24,2,0,58,0.0,0.0,0.0,0.0,0.0
2019-02-24,2,0,59,0.0,0.0,0.0,0.0,0.0
2019-02-24,2,0,63,73.56,73.56,0.0,891.00128,0.0
2019-02-24,2,0,64,86.54,86.54,0.0,1048.22255,0.0
2019-02-24,2,0,65,8.66,8.66,0.0,119.102115,0.0
2019-02-24,2,0,67,0.0,0.0,0.0,0.0,0.0
2019-02-24,2,0,68,0.76,0.76,0.0,8.217771,0.0
2019-02-24,2,0,69,0.0,0.0,0.0,0.0,0.0
2019-02-24,2,0,74,13.15,13.15,0.0,173.436912,0.0
2019-02-24,2,0,77,18.32,18.32,0.0,205.98357,0.0
2019-02-24,2,0,78,13.85,13.85,0.0,155.724479,0.0
2019-02-24,2,0,79,8.01,8.01,0.0,90.061594,0.0
2019-02-24,2,0,80,12.96,12.96,0.0,145.717635,0.0
2019-02-24,2,0,81,16.95,16.95,0.0,190.579777,0.0
2019-02-24,2,0,82,11.95,11.95,0.0,134.361554,0.0
2019-02-24,2,0,83,26.65,26.65,0.0,299.643131,0.0
2019-02-24,2,0,84,0.0,0.0,0.0,0.0,0.0
2019-02-24,2,0,86,0.0,0.0,0.0,0.0,0.0
2019-02-24,2,0,87,0.0,0.0,0.0,0.0,0.0
2019-02-24,2,0,88,28.38,28.38,0.0,319.094636,0.0
2019-02-24,2,0,89,27.28,27.28,0.0,306.726627,0.0
2019-02-24,2,0,90,36.63,36.63,0.0,411.854704,0.0
2019-02-24,2,0,91,130.68,130.68,0.0,1469.319486,0.0
2019-02-24,2,0,92,47.0,47.0,0.0,528.4513,0.0
2019-02-24,2,0,95,36.0,36.0,0.0,427.157941,0.0
2019-02-24,2,0,96,1.36,1.36,0.0,16.244613,0.0
2019-02-24,2,0,97,8.38,8.38,0.0,100.095485,0.0
2019-02-24,2,0,99,2.54,2.54,0.0,33.500362,0.0
2019-02-24,2,0,101,0.0,0.0,0.0,0.0,0.0
2019-02-24,2,0,102,1.81,1.81,0.0,19.571269,0.0
2019-02-24,2,0,103,1.57,1.57,0.0,16.976184,0.0
2019-02-24,2,0,104,0.29,0.29,0.0,3.135728,0.0
2019-02-24,2,0,106,0.0,0.0,0.0,0.0,0.0
2019-02-24,2,0,109,66.2,66.2,0.0,832.53124,0.0
2019-02-24,2,0,110,62.99,62.99,0.0,563.471237,0.0
2019-02-24,2,0,111,0.0,0.0,0.0,0.0,0.0
2019-02-24,2,0,113,17.85,17.85,0.0,199.551915,0.0
2019-02-24,2,0,115,17.85,17.85,0.0,199.551915,0.0
2019-02-24,2,0,116,0.0,0.0,0.0,0.0,0.0
2019-02-24,2,0,117,0.95,0.95,0.0,10.62041,0.0
2019-02-24,2,0,119,86.54,86.54,0.0,1048.22255,0.0
2019-02-24,2,0,120,50.88,50.88,0.0,616.287998,0.0
2019-02-24,2,0,123,0.0,0.0,0.0,0.0,0.0
2019-02-24,2,0,125,32.59,32.59,0.0,389.77748,0.0
2019-02-24,2,0,126,0.0,0.0,0.0,0.0,0.0
2019-02-24,2,0,127,0.0,0.0,0.0,0.0,0.0
2019-02-24,2,0,128,46.67,46.67,0.0,558.174747,0.0
2019-02-24,2,0,131,1.41,1.41,0.0,15.419235,0.0
2019-02-24,2,0,132,2.07,2.07,0.0,22.636749,0.0
2019-02-24,2,0,133,23.24,23.24,0.0,320.160435,0.0
2019-02-24,2,0,134,0.0,0.0,0.0,0.0,0.0
2019-02-24,2,0,135,31.14,31.14,0.0,428.992941,0.0
2019-02-24,2,0,136,10.47,10.47,0.0,143.983129,0.0
2019-02-24,2,0,139,75.62,75.62,0.0,937.854001,0.0
2019-02-24,2,0,140,46.62,46.62,0.0,417.034912,0.0
2019-02-24,2,0,141,10.17,10.17,0.0,105.291595,0.0
2019-02-24,2,0,142,0.0,0.0,0.0,0.0,0.0
2019-02-24,2,0,143,33.68,33.68,0.0,402.559237,0.0
2019-02-24,2,0,145,2.92,2.92,0.0,35.57967,0.0
2019-02-24,2,0,146,11.74,11.74,0.0,105.019088,0.0
2019-02-24,2,0,152,0.0,0.0,0.0,0.0,0.0
2019-02-24,2,0,153,0.0,0.0,0.0,0.0,0.0
2019-02-24,2,0,154,0.0,0.0,0.0,0.0,0.0
2019-02-24,2,0,157,54.91,54.91,0.0,568.491787,0.0
2019-02-24,2,0,158,0.0,0.0,0.0,0.0,0.0
2019-02-24,2,0,159,0.0,0.0,0.0,0.0,0.0
2019-02-24,2,0,160,0.0,0.0,0.0,0.0,0.0
2019-02-24,2,0,161,0.0,0.0,0.0,0.0,0.0
2019-02-24,2,0,162,48.75,48.75,0.0,578.586082,0.0
2019-02-24,2,0,163,30.75,30.75,0.0,275.07129,0.0
2019-02-24,2,0,164,0.0,0.0,0.0,0.0,0.0
2019-02-24,2,0,167,0.0,0.0,0.0,0.0,0.0
2019-02-24,2,0,168,0.0,0.0,0.0,0.0,0.0
2019-02-24,2,0,169,0.0,0.0,0.0,0.0,0.0
2019-02-24,2,0,170,0.0,0.0,0.0,0.0,0.0
2019-02-24,2,0,172,0.0,0.0,0.0,0.0,0.0
2019-02-24,2,0,173,0.0,0.0,0.0,0.0,0.0
2019-02-24,2,0,188,0.0,0.0,0.0,0.0,0.0
2019-02-24,2,0,190,0.0,0.0,0.0,0.0,0.0
2019-02-24,2,0,191,0.0,0.0,0.0,0.0,0.0
2019-02-24,2,0,192,80.51,80.51,0.0,975.183701,0.0
2019-02-24,2,0,194,84.34,84.34,0.0,966.671344,0.0
2019-02-24,2,0,196,0.0,0.0,0.0,0.0,0.0
2019-02-24,2,0,198,0.0,0.0,0.0,0.0,0.0
2019-02-24,2,0,199,21.66,21.66,0.0,238.441396,0.0
2019-02-24,2,0,200,0.0,0.0,0.0,0.0,0.0
2019-02-24,2,0,204,317.78,317.78,0.0,3979.989012,0.0
2019-02-24,2,0,205,324.99,324.99,0.0,4087.074436,0.0
2019-02-24,2,0,206,24.61,24.61,0.0,293.955834,0.0
2019-02-24,2,0,210,0.0,0.0,0.0,0.0,0.0
2019-02-24,2,0,214,0.0,0.0,0.0,0.0,0.0
2019-02-24,2,0,217,0.0,0.0,0.0,0.0,0.0
2019-02-24,2,0,218,0.0,0.0,0.0,0.0,0.0
2019-02-24,2,0,219,0.0,0.0,0.0,0.0,0.0
2019-02-24,2,0,221,0.0,0.0,0.0,0.0,0.0
2019-02-24,2,0,225,0.0,0.0,0.0,0.0,0.0
2019-02-24,2,0,233,0.0,0.0,0.0,0.0,0.0
2019-02-24,2,0,236,15.7,15.7,0.0,211.638963,0.0
2019-02-24,2,0,237,31.53,31.53,0.0,415.852915,0.0
2019-02-24,2,0,238,0.0,0.0,0.0,0.0,0.0
2019-02-24,2,0,240,0.0,0.0,0.0,0.0,0.0
2019-02-24,2,0,245,12.76,12.76,0.0,176.751842,0.0
2019-02-24,2,0,247,24.76,24.76,0.0,342.976146,0.0
2019-02-24,2,0,248,3.17,3.17,0.0,41.809507,0.0
2019-02-24,2,0,249,24.54,24.54,0.0,339.9287,0.0
2019-02-24,2,0,251,57.56,57.56,0.0,789.632082,0.0
2019-02-24,2,0,252,55.88,55.88,0.0,768.524964,0.0
2019-02-24,2,0,254,0.0,0.0,0.0,0.0,0.0
2019-02-24,2,0,255,0.0,0.0,0.0,0.0,0.0
2019-02-24,2,0,258,0.0,0.0,0.0,0.0,0.0
2019-02-24,2,0,260,0.0,0.0,0.0,0.0,0.0
2019-02-24,2,0,265,0.0,0.0,0.0,0.0,0.0
2019-02-24,2,0,266,48.96,48.96,0.0,607.211477,0.0
2019-02-24,2,0,267,60.17,60.17,0.0,746.240085,0.0
2019-02-24,2,0,270,96.04,96.04,0.0,859.116965,0.0
2019-02-24,2,0,272,77.01,77.01,0.0,860.923976,0.0
2019-02-24,2,0,273,0.0,0.0,0.0,0.0,0.0
2019-02-24,2,0,274,123.81,123.81,0.0,1107.53094,0.0
2019-02-24,2,0,275,172.34,172.34,0.0,1541.65158,0.0
2019-02-24,2,0,276,0.0,0.0,0.0,0.0,0.0
2019-02-24,2,0,277,0.0,0.0,0.0,0.0,0.0
2019-02-24,2,0,278,0.0,0.0,0.0,0.0,0.0
2019-02-24,2,0,279,35.52,35.52,0.0,398.00672,0.0
2019-02-24,2,0,281,6.69,6.69,0.0,79.962034,0.0
2019-02-24,2,0,282,0.0,0.0,0.0,0.0,0.0
2019-02-24,3,0,9,0.0,0.0,0.0,0.0,0.0
2019-02-24,3,0,17,0.0,0.0,0.0,0.0,0.0
2019-02-24,3,0,19,123.06,123.06,0.0,1693.594013,0.0
2019-02-24,3,0,20,149.25,149.25,0.0,2054.029794,0.0
2019-02-24,3,0,21,0.0,0.0,0.0,0.0,0.0
2019-02-24,3,0,22,0.0,0.0,0.0,0.0,0.0
2019-02-24,3,0,23,6.85,6.85,0.0,92.163585,0.0
2019-02-24,3,0,24,12.12,12.12,0.0,163.069001,0.0
2019-02-24,3,0,29,0.0,0.0,0.0,0.0,0.0
2019-02-24,3,0,30,0.0,0.0,0.0,0.0,0.0
2019-02-24,3,0,31,14.11,14.11,0.0,189.863208,0.0
2019-02-24,3,0,32,0.0,0.0,0.0,0.0,0.0
2019-02-24,3,0,33,0.0,0.0,0.0,0.0,0.0
2019-02-24,3,0,34,0.0,0.0,0.0,0.0,0.0
2019-02-24,3,0,35,0.0,0.0,0.0,0.0,0.0
2019-02-24,3,0,36,0.0,0.0,0.0,0.0,0.0
2019-02-24,3,0,37,0.0,0.0,0.0,0.0,0.0
2019-02-24,3,0,38,0.0,0.0,0.0,0.0,0.0
2019-02-24,3,0,39,0.0,0.0,0.0,0.0,0.0
2019-02-24,3,0,40,0.0,0.0,0.0,0.0,0.0
2019-02-24,3,0,41,59.72,59.72,0.0,801.614939,0.0
2019-02-24,3,0,42,0.0,0.0,0.0,0.0,0.0
2019-02-24,3,0,43,0.0,0.0,0.0,0.0,0.0
2019-02-24,3,0,46,0.0,0.0,0.0,0.0,0.0
2019-02-24,3,0,52,14.96,14.96,0.0,201.30075,0.0
2019-02-24,3,0,53,23.77,23.77,0.0,319.847516,0.0
2019-02-24,3,0,55,234.97,234.97,0.0,3161.4128,0.0
2019-02-24,3,0,56,0.0,0.0,0.0,0.0,0.0
2019-02-24,3,0,57,0.0,0.0,0.0,0.0,0.0
2019-02-24,3,0,58,0.0,0.0,0.0,0.0,0.0
2019-02-24,3,0,59,0.0,0.0,0.0,0.0,0.0
2019-02-24,3,0,63,58.41,58.41,0.0,1045.105469,0.0
2019-02-24,3,0,64,68.71,68.71,0.0,1229.39902,0.0
2019-02-24,3,0,65,9.25,9.25,0.0,127.216462,0.0
2019-02-24,3,0,67,0.0,0.0,0.0,0.0,0.0
2019-02-24,3,0,68,1.27,1.27,0.0,16.27409,0.0
2019-02-24,3,0,69,0.0,0.0,0.0,0.0,0.0
2019-02-24,3,0,74,12.92,12.92,0.0,174.708958,0.0
2019-02-24,3,0,77,29.5,29.5,0.0,401.127168,0.0
2019-02-24,3,0,78,22.3,22.3,0.0,303.224944,0.0
2019-02-24,3,0,79,12.91,12.91,0.0,175.544127,0.0
2019-02-24,3,0,80,20.87,20.87,0.0,283.780474,0.0
2019-02-24,3,0,81,27.29,27.29,0.0,371.076624,0.0
2019-02-24,3,0,82,19.25,19.25,0.0,261.752474,0.0
2019-02-24,3,0,83,42.92,42.92,0.0,583.606036,0.0
2019-02-24,3,0,84,0.0,0.0,0.0,0.0,0.0
2019-02-24,3,0,86,0.0,0.0,0.0,0.0,0.0
2019-02-24,3,0,87,0.0,0.0,0.0,0.0,0.0
2019-02-24,3,0,88,29.84,29.84,0.0,405.750329,0.0
2019-02-24,3,0,89,28.68,28.68,0.0,389.977192,0.0
2019-02-24,3,0,90,38.51,38.51,0.0,523.640923,0.0
2019-02-24,3,0,91,137.38,137.38,0.0,1868.028825,0.0
2019-02-24,3,0,92,49.41,49.41,0.0,671.854012,0.0
2019-02-24,3,0,95,36.0,36.0,0.0,627.953695,0.0
2019-02-24,3,0,96,0.0,0.0,0.0,0.0,0.0
2019-02-24,3,0,97,0.0,0.0,0.0,0.0,0.0
2019-02-24,3,0,99,2.49,2.49,0.0,33.670689,0.0
2019-02-24,3,0,101,0.0,0.0,0.0,0.0,0.0
2019-02-24,3,0,102,3.02,3.02,0.0,38.699018,0.0
2019-02-24,3,0,103,2.62,2.62,0.0,33.573321,0.0
2019-02-24,3,0,104,0.49,0.49,0.0,6.27898,0.0
2019-02-24,3,0,106,0.0,0.0,0.0,0.0,0.0
2019-02-24,3,0,109,66.44,66.44,0.0,883.766265,0.0
2019-02-24,3,0,110,37.95,37.95,0.0,339.478226,0.0
2019-02-24,3,0,111,0.0,0.0,0.0,0.0,0.0
2019-02-24,3,0,113,14.12,14.12,0.0,195.180597,0.0
2019-02-24,3,0,115,14.12,14.12,0.0,195.180597,0.0
2019-02-24,3,0,116,0.0,0.0,0.0,0.0,0.0
2019-02-24,3,0,117,0.73,0.73,0.0,10.090782,0.0
2019-02-24,3,0,119,68.71,68.71,0.0,1229.39902,0.0
2019-02-24,3,0,120,40.4,40.4,0.0,722.860143,0.0
2019-02-24,3,0,123,0.0,0.0,0.0,0.0,0.0
2019-02-24,3,0,125,10.97,10.97,0.0,147.596282,0.0
2019-02-24,3,0,126,0.0,0.0,0.0,0.0,0.0
2019-02-24,3,0,127,0.0,0.0,0.0,0.0,0.0
2019-02-24,3,0,128,15.71,15.71,0.0,211.370792,0.0
2019-02-24,3,0,131,3.62,3.62,0.0,47.308309,0.0
2019-02-24,3,0,132,5.33,5.33,0.0,69.655604,0.0
2019-02-24,3,0,133,13.65,13.65,0.0,187.867839,0.0
2019-02-24,3,0,134,0.0,0.0,0.0,0.0,0.0
2019-02-24,3,0,135,18.27,18.27,0.0,251.453877,0.0
2019-02-24,3,0,136,12.28,12.28,0.0,168.882239,0.0
2019-02-24,3,0,139,77.12,77.12,0.0,1035.17321,0.0
2019-02-24,3,0,140,28.08,28.08,0.0,251.187051,0.0
2019-02-24,3,0,141,0.0,0.0,0.0,0.0,0.0
2019-02-24,3,0,142,0.0,0.0,0.0,0.0,0.0
2019-02-24,3,0,143,15.01,15.01,0.0,201.973547,0.0
2019-02-24,3,0,145,1.77,1.77,0.0,23.717039,0.0
2019-02-24,3,0,146,0.0,0.0,0.0,0.0,0.0
2019-02-24,3,0,152,0.0,0.0,0.0,0.0,0.0
2019-02-24,3,0,153,0.0,0.0,0.0,0.0,0.0
2019-02-24,3,0,154,0.0,0.0,0.0,0.0,0.0
2019-02-24,3,0,157,38.78,38.78,0.0,460.003426,0.0
2019-02-24,3,0,158,0.0,0.0,0.0,0.0,0.0
2019-02-24,3,0,159,0.0,0.0,0.0,0.0,0.0
2019-02-24,3,0,160,0.0,0.0,0.0,0.0,0.0
2019-02-24,3,0,161,0.0,0.0,0.0,0.0,0.0
2019-02-24,3,0,162,32.06,32.06,0.0,559.36929,0.0
2019-02-24,3,0,163,22.9,22.9,0.0,204.849839,0.0
2019-02-24,3,0,164,0.0,0.0,0.0,0.0,0.0
2019-02-24,3,0,167,0.0,0.0,0.0,0.0,0.0
2019-02-24,3,0,168,0.0,0.0,0.0,0.0,0.0
2019-02-24,3,0,169,0.0,0.0,0.0,0.0,0.0
2019-02-24,3,0,170,0.0,0.0,0.0,0.0,0.0
2019-02-24,3,0,172,0.0,0.0,0.0,0.0,0.0
2019-02-24,3,0,173,0.0,0.0,0.0,0.0,0.0
2019-02-24,3,0,188,0.0,0.0,0.0,0.0,0.0
2019-02-24,3,0,190,0.0,0.0,0.0,0.0,0.0
2019-02-24,3,0,191,0.0,0.0,0.0,0.0,0.0
2019-02-24,3,0,192,63.4,63.4,0.0,1134.389432,0.0
2019-02-24,3,0,194,65.75,65.75,0.0,969.302803,0.0
2019-02-24,3,0,196,0.0,0.0,0.0,0.0,0.0
2019-02-24,3,0,198,0.0,0.0,0.0,0.0,0.0
2019-02-24,3,0,199,20.06,20.06,0.0,264.069614,0.0
2019-02-24,3,0,200,0.0,0.0,0.0,0.0,0.0
2019-02-24,3,0,204,305.69,305.69,0.0,4062.220641,0.0
2019-02-24,3,0,205,351.49,351.49,0.0,4675.421501,0.0
2019-02-24,3,0,206,0.0,0.0,0.0,0.0,0.0
2019-02-24,3,0,210,0.0,0.0,0.0,0.0,0.0
2019-02-24,3,0,214,0.0,0.0,0.0,0.0,0.0
2019-02-24,3,0,217,0.0,0.0,0.0,0.0,0.0
2019-02-24,3,0,218,0.0,0.0,0.0,0.0,0.0
2019-02-24,3,0,219,0.0,0.0,0.0,0.0,0.0
2019-02-24,3,0,221,0.0,0.0,0.0,0.0,0.0
2019-02-24,3,0,225,0.0,0.0,0.0,0.0,0.0
2019-02-24,3,0,233,0.0,0.0,0.0,0.0,0.0
2019-02-24,3,0,236,14.98,14.98,0.0,204.205794,0.0
2019-02-24,3,0,237,30.98,30.98,0.0,418.922872,0.0
2019-02-24,3,0,238,0.0,0.0,0.0,0.0,0.0
2019-02-24,3,0,240,0.0,0.0,0.0,0.0,0.0
2019-02-24,3,0,245,12.03,12.03,0.0,165.968541,0.0
2019-02-24,3,0,247,23.01,23.01,0.0,317.45105,0.0
2019-02-24,3,0,248,3.11,3.11,0.0,42.054556,0.0
2019-02-24,3,0,249,23.13,23.13,0.0,319.106596,0.0
2019-02-24,3,0,251,61.94,61.94,0.0,850.932059,0.0
2019-02-24,3,0,252,59.64,59.64,0.0,820.236736,0.0
2019-02-24,3,0,254,0.0,0.0,0.0,0.0,0.0
2019-02-24,3,0,255,0.0,0.0,0.0,0.0,0.0
2019-02-24,3,0,258,0.0,0.0,0.0,0.0,0.0
2019-02-24,3,0,260,0.0,0.0,0.0,0.0,0.0
2019-02-24,3,0,265,0.0,0.0,0.0,0.0,0.0
2019-02-24,3,0,266,49.94,49.94,0.0,670.339083,0.0
2019-02-24,3,0,267,61.36,61.36,0.0,823.628477,0.0
2019-02-24,3,0,270,71.51,71.51,0.0,639.686112,0.0
2019-02-24,3,0,272,57.66,57.66,0.0,797.033513,0.0
2019-02-24,3,0,273,0.0,0.0,0.0,0.0,0.0
2019-02-24,3,0,274,92.18,92.18,0.0,824.587691,0.0
2019-02-24,3,0,275,128.32,128.32,0.0,1147.874729,0.0
2019-02-24,3,0,276,0.0,0.0,0.0,0.0,0.0
2019-02-24,3,0,277,0.0,0.0,0.0,0.0,0.0
2019-02-24,3,0,278,0.0,0.0,0.0,0.0,0.0
2019-02-24,3,0,279,34.71,34.71,0.0,476.65851,0.0
2019-02-24,3,0,281,6.33,6.33,0.0,85.176053,0.0
2019-02-24,3,0,282,0.0,0.0,0.0,0.0,0.0
2019-02-24,4,0,9,0.0,0.0,0.0,0.0,0.0
2019-02-24,4,0,17,0.0,0.0,0.0,0.0,0.0
2019-02-24,4,0,19,155.07,155.07,0.0,2135.556595,0.0
2019-02-24,4,0,20,188.08,188.08,0.0,2590.155958,0.0
2019-02-24,4,0,21,0.0,0.0,0.0,0.0,0.0
2019-02-24,4,0,22,0.0,0.0,0.0,0.0,0.0
2019-02-24,4,0,23,0.0,0.0,0.0,0.0,0.0
2019-02-24,4,0,24,0.0,0.0,0.0,0.0,0.0
2019-02-24,4,0,29,0.0,0.0,0.0,0.0,0.0
2019-02-24,4,0,30,0.0,0.0,0.0,0.0,0.0
2019-02-24,4,0,31,13.39,13.39,0.0,166.127922,0.0
2019-02-24,4,0,32,0.0,0.0,0.0,0.0,0.0
2019-02-24,4,0,33,0.0,0.0,0.0,0.0,0.0
2019-02-24,4,0,34,0.0,0.0,0.0,0.0,0.0
2019-02-24,4,0,35,0.0,0.0,0.0,0.0,0.0
2019-02-24,4,0,36,0.0,0.0,0.0,0.0,0.0
2019-02-24,4,0,37,0.0,0.0,0.0,0.0,0.0
2019-02-24,4,0,38,0.0,0.0,0.0,0.0,0.0
2019-02-24,4,0,39,0.0,0.0,0.0,0.0,0.0
2019-02-24,4,0,40,0.0,0.0,0.0,0.0,0.0
2019-02-24,4,0,41,66.06,66.06,0.0,838.55763,0.0
2019-02-24,4,0,42,0.0,0.0,0.0,0.0,0.0
2019-02-24,4,0,43,0.0,0.0,0.0,0.0,0.0
2019-02-24,4,0,46,0.0,0.0,0.0,0.0,0.0
2019-02-24,4,0,52,14.2,14.2,0.0,176.177482,0.0
2019-02-24,4,0,53,22.55,22.55,0.0,279.774805,0.0
2019-02-24,4,0,55,211.97,211.97,0.0,2630.824515,0.0
2019-02-24,4,0,56,0.0,0.0,0.0,0.0,0.0
2019-02-24,4,0,57,0.0,0.0,0.0,0.0,0.0
2019-02-24,4,0,58,0.0,0.0,0.0,0.0,0.0
2019-02-24,4,0,59,0.0,0.0,0.0,0.0,0.0
2019-02-24,4,0,63,46.47,46.47,0.0,808.482062,0.0
2019-02-24,4,0,64,54.67,54.67,0.0,951.145133,0.0
2019-02-24,4,0,65,9.99,9.99,0.0,137.393779,0.0
2019-02-24,4,0,67,0.0,0.0,0.0,0.0,0.0
2019-02-24,4,0,68,2.29,2.29,0.0,28.904804,0.0
2019-02-24,4,0,69,0.0,0.0,0.0,0.0,0.0
2019-02-24,4,0,74,13.78,13.78,0.0,182.836778,0.0
2019-02-24,4,0,77,61.57,61.57,0.0,738.56715,0.0
2019-02-24,4,0,78,46.55,46.55,0.0,558.393712,0.0
2019-02-24,4,0,79,26.94,26.94,0.0,323.160614,0.0
2019-02-24,4,0,80,43.56,43.56,0.0,522.526962,0.0
2019-02-24,4,0,81,56.95,56.95,0.0,683.147624,0.0
2019-02-24,4,0,82,40.18,40.18,0.0,481.981941,0.0
2019-02-24,4,0,83,89.59,89.59,0.0,1074.682978,0.0
2019-02-24,4,0,84,0.0,0.0,0.0,0.0,0.0
2019-02-24,4,0,86,0.0,0.0,0.0,0.0,0.0
2019-02-24,4,0,87,0.0,0.0,0.0,0.0,0.0
2019-02-24,4,0,88,41.77,41.77,0.0,501.054895,0.0
2019-02-24,4,0,89,40.16,40.16,0.0,481.742029,0.0
2019-02-24,4,0,90,53.92,53.92,0.0,646.801051,0.0
2019-02-24,4,0,91,192.34,192.34,0.0,2307.227638,0.0
2019-02-24,4,0,92,69.17,69.17,0.0,829.73347,0.0
2019-02-24,4,0,95,84.17,84.17,0.0,1466.026554,0.0
2019-02-24,4,0,96,0.9,0.9,0.0,11.162001,0.0
2019-02-24,4,0,97,5.56,5.56,0.0,68.956364,0.0
2019-02-24,4,0,99,2.66,2.66,0.0,35.293602,0.0
2019-02-24,4,0,101,0.0,0.0,0.0,0.0,0.0
2019-02-24,4,0,102,5.43,5.43,0.0,68.538465,0.0
2019-02-24,4,0,103,4.72,4.72,0.0,59.576714,0.0
2019-02-24,4,0,104,0.88,0.88,0.0,11.107523,0.0
2019-02-24,4,0,106,0.0,0.0,0.0,0.0,0.0
2019-02-24,4,0,109,88.68,88.68,0.0,1131.118765,0.0
2019-02-24,4,0,110,21.86,21.86,0.0,345.732217,0.0
2019-02-24,4,0,111,0.0,0.0,0.0,0.0,0.0
2019-02-24,4,0,113,8.72,8.72,0.0,102.407085,0.0
2019-02-24,4,0,115,8.72,8.72,0.0,102.407085,0.0
2019-02-24,4,0,116,0.0,0.0,0.0,0.0,0.0
2019-02-24,4,0,117,0.58,0.58,0.0,6.81148,0.0
2019-02-24,4,0,119,54.67,54.67,0.0,951.145133,0.0
2019-02-24,4,0,120,32.14,32.14,0.0,559.169647,0.0
2019-02-24,4,0,123,0.0,0.0,0.0,0.0,0.0
2019-02-24,4,0,125,0.0,0.0,0.0,0.0,0.0
2019-02-24,4,0,126,0.0,0.0,0.0,0.0,0.0
2019-02-24,4,0,127,0.0,0.0,0.0,0.0,0.0
2019-02-24,4,0,128,0.0,0.0,0.0,0.0,0.0
2019-02-24,4,0,131,9.08,9.08,0.0,112.703054,0.0
2019-02-24,4,0,132,13.35,13.35,0.0,165.703279,0.0
2019-02-24,4,0,133,20.41,20.41,0.0,281.11309,0.0
2019-02-24,4,0,134,0.0,0.0,0.0,0.0,0.0
2019-02-24,4,0,135,28.15,28.15,0.0,387.718447,0.0
2019-02-24,4,0,136,14.36,14.36,0.0,197.48043,0.0
2019-02-24,4,0,139,85.3,85.3,0.0,1082.787857,0.0
2019-02-24,4,0,140,16.18,16.18,0.0,255.898778,0.0
2019-02-24,4,0,141,0.0,0.0,0.0,0.0,0.0
2019-02-24,4,0,142,0.0,0.0,0.0,0.0,0.0
2019-02-24,4,0,143,12.51,12.51,0.0,155.20988,0.0
2019-02-24,4,0,145,3.16,3.16,0.0,39.617135,0.0
2019-02-24,4,0,146,6.98,6.98,0.0,110.39391,0.0
2019-02-24,4,0,152,0.0,0.0,0.0,0.0,0.0
2019-02-24,4,0,153,0.0,0.0,0.0,0.0,0.0
2019-02-24,4,0,154,0.0,0.0,0.0,0.0,0.0
2019-02-24,4,0,157,26.62,26.62,0.0,356.929684,0.0
2019-02-24,4,0,158,0.0,0.0,0.0,0.0,0.0
2019-02-24,4,0,159,0.0,0.0,0.0,0.0,0.0
2019-02-24,4,0,160,0.0,0.0,0.0,0.0,0.0
2019-02-24,4,0,161,0.0,0.0,0.0,0.0,0.0
2019-02-24,4,0,162,18.32,18.32,0.0,319.111523,0.0
2019-02-24,4,0,163,16.88,16.88,0.0,266.9698,0.0
2019-02-24,4,0,164,0.0,0.0,0.0,0.0,0.0
2019-02-24,4,0,167,0.0,0.0,0.0,0.0,0.0
2019-02-24,4,0,168,0.0,0.0,0.0,0.0,0.0
2019-02-24,4,0,169,0.0,0.0,0.0,0.0,0.0
2019-02-24,4,0,170,0.0,0.0,0.0,0.0,0.0
2019-02-24,4,0,172,0.0,0.0,0.0,0.0,0.0
2019-02-24,4,0,173,0.0,0.0,0.0,0.0,0.0
2019-02-24,4,0,188,0.0,0.0,0.0,0.0,0.0
2019-02-24,4,0,190,0.0,0.0,0.0,0.0,0.0
2019-02-24,4,0,191,0.0,0.0,0.0,0.0,0.0
2019-02-24,4,0,192,50.28,50.28,0.0,874.768196,0.0
2019-02-24,4,0,194,51.81,51.81,0.0,565.971429,0.0
2019-02-24,4,0,196,0.0,0.0,0.0,0.0,0.0
2019-02-24,4,0,198,0.0,0.0,0.0,0.0,0.0
2019-02-24,4,0,199,19.7,19.7,0.0,222.726077,0.0
2019-02-24,4,0,200,0.0,0.0,0.0,0.0,0.0
2019-02-24,4,0,204,375.2,375.2,0.0,4770.43554,0.0
2019-02-24,4,0,205,469.12,469.12,0.0,5983.653981,0.0
2019-02-24,4,0,206,16.34,16.34,0.0,202.652335,0.0
2019-02-24,4,0,210,0.0,0.0,0.0,0.0,0.0
2019-02-24,4,0,214,0.0,0.0,0.0,0.0,0.0
2019-02-24,4,0,217,0.0,0.0,0.0,0.0,0.0
2019-02-24,4,0,218,0.0,0.0,0.0,0.0,0.0
2019-02-24,4,0,219,0.0,0.0,0.0,0.0,0.0
2019-02-24,4,0,221,0.0,0.0,0.0,0.0,0.0
2019-02-24,4,0,225,0.0,0.0,0.0,0.0,0.0
2019-02-24,4,0,233,0.0,0.0,0.0,0.0,0.0
2019-02-24,4,0,236,15.71,15.71,0.0,212.3066,0.0
2019-02-24,4,0,237,33.07,33.07,0.0,438.781731,0.0
2019-02-24,4,0,238,0.0,0.0,0.0,0.0,0.0
2019-02-24,4,0,240,0.0,0.0,0.0,0.0,0.0
2019-02-24,4,0,245,11.51,11.51,0.0,159.290945,0.0
2019-02-24,4,0,247,21.86,21.86,0.0,302.528242,0.0
2019-02-24,4,0,248,3.32,3.32,0.0,44.050661,0.0
2019-02-24,4,0,249,22.13,22.13,0.0,306.264867,0.0
2019-02-24,4,0,251,67.52,67.52,0.0,926.567877,0.0
2019-02-24,4,0,252,64.45,64.45,0.0,886.389297,0.0
2019-02-24,4,0,254,0.0,0.0,0.0,0.0,0.0
2019-02-24,4,0,255,0.0,0.0,0.0,0.0,0.0
2019-02-24,4,0,258,0.0,0.0,0.0,0.0,0.0
2019-02-24,4,0,260,0.0,0.0,0.0,0.0,0.0
2019-02-24,4,0,265,0.0,0.0,0.0,0.0,0.0
2019-02-24,4,0,266,55.24,55.24,0.0,701.209862,0.0
2019-02-24,4,0,267,67.88,67.88,0.0,861.66049,0.0
2019-02-24,4,0,270,52.71,52.71,0.0,833.647996,0.0
2019-02-24,4,0,272,29.13,29.13,0.0,342.100731,0.0
2019-02-24,4,0,273,0.0,0.0,0.0,0.0,0.0
2019-02-24,4,0,274,67.95,67.95,0.0,1074.679972,0.0
2019-02-24,4,0,275,94.59,94.59,0.0,1496.011457,0.0
2019-02-24,4,0,276,0.0,0.0,0.0,0.0,0.0
2019-02-24,4,0,277,0.0,0.0,0.0,0.0,0.0
2019-02-24,4,0,278,0.0,0.0,0.0,0.0,0.0
2019-02-24,4,0,279,39.22,39.22,0.0,464.553721,0.0
2019-02-24,4,0,281,6.01,6.01,0.0,74.565258,0.0
2019-02-24,4,0,282,0.0,0.0,0.0,0.0,0.0
2019-02-24,5,0,9,0.0,0.0,0.0,0.0,0.0
2019-02-24,5,0,17,0.0,0.0,0.0,0.0,0.0
2019-02-24,5,0,19,260.55,260.55,0.0,3850.253973,0.0
2019-02-24,5,0,20,315.99,315.99,0.0,4669.513541,0.0
2019-02-24,5,0,21,0.0,0.0,0.0,0.0,0.0
2019-02-24,5,0,22,0.0,0.0,0.0,0.0,0.0
2019-02-24,5,0,23,0.0,0.0,0.0,0.0,0.0
2019-02-24,5,0,24,0.0,0.0,0.0,0.0,0.0
2019-02-24,5,0,29,0.0,0.0,0.0,0.0,0.0
2019-02-24,5,0,30,0.0,0.0,0.0,0.0,0.0
2019-02-24,5,0,31,4.71,4.71,0.0,80.622651,0.0
2019-02-24,5,0,32,0.0,0.0,0.0,0.0,0.0
2019-02-24,5,0,33,0.0,0.0,0.0,0.0,0.0
2019-02-24,5,0,34,0.0,0.0,0.0,0.0,0.0
2019-02-24,5,0,35,0.0,0.0,0.0,0.0,0.0
2019-02-24,5,0,36,0.0,0.0,0.0,0.0,0.0
2019-02-24,5,0,37,0.0,0.0,0.0,0.0,0.0
2019-02-24,5,0,38,0.0,0.0,0.0,0.0,0.0
2019-02-24,5,0,39,0.0,0.0,0.0,0.0,0.0
2019-02-24,5,0,40,0.0,0.0,0.0,0.0,0.0
2019-02-24,5,0,41,53.48,53.48,0.0,864.112548,0.0
2019-02-24,5,0,42,0.0,0.0,0.0,0.0,0.0
2019-02-24,5,0,43,0.0,0.0,0.0,0.0,0.0
2019-02-24,5,0,46,0.0,0.0,0.0,0.0,0.0
2019-02-24,5,0,52,5.0,5.0,0.0,85.586678,0.0
2019-02-24,5,0,53,7.94,7.94,0.0,135.911644,0.0
2019-02-24,5,0,55,38.17,38.17,0.0,652.640236,0.0
2019-02-24,5,0,56,0.0,0.0,0.0,0.0,0.0
2019-02-24,5,0,57,0.0,0.0,0.0,0.0,0.0
2019-02-24,5,0,58,0.0,0.0,0.0,0.0,0.0
2019-02-24,5,0,59,0.0,0.0,0.0,0.0,0.0
2019-02-24,5,0,63,38.01,38.01,0.0,769.612958,0.0
2019-02-24,5,0,64,44.72,44.72,0.0,905.474651,0.0
2019-02-24,5,0,65,8.57,8.57,0.0,126.704731,0.0
2019-02-24,5,0,67,0.0,0.0,0.0,0.0,0.0
2019-02-24,5,0,68,1.84,1.84,0.0,35.341223,0.0
2019-02-24,5,0,69,0.0,0.0,0.0,0.0,0.0
2019-02-24,5,0,74,11.43,11.43,0.0,171.808702,0.0
2019-02-24,5,0,77,60.77,60.77,0.0,1151.260625,0.0
2019-02-24,5,0,78,45.94,45.94,0.0,870.31287,0.0
2019-02-24,5,0,79,26.59,26.59,0.0,503.735725,0.0
2019-02-24,5,0,80,42.99,42.99,0.0,814.426432,0.0
2019-02-24,5,0,81,56.21,56.21,0.0,1064.873453,0.0
2019-02-24,5,0,82,39.65,39.65,0.0,751.151618,0.0
2019-02-24,5,0,83,88.42,88.42,0.0,1675.077579,0.0
2019-02-24,5,0,84,0.0,0.0,0.0,0.0,0.0
2019-02-24,5,0,86,0.0,0.0,0.0,0.0,0.0
2019-02-24,5,0,87,0.0,0.0,0.0,0.0,0.0
2019-02-24,5,0,88,40.65,40.65,0.0,770.096173,0.0
2019-02-24,5,0,89,39.07,39.07,0.0,740.163776,0.0
2019-02-24,5,0,90,52.46,52.46,0.0,993.831371,0.0
2019-02-24,5,0,91,187.15,187.15,0.0,3545.473524,0.0
2019-02-24,5,0,92,67.31,67.31,0.0,1275.158017,0.0
2019-02-24,5,0,95,27.82,27.82,0.0,571.875556,0.0
2019-02-24,5,0,96,2.46,2.46,0.0,42.157711,0.0
2019-02-24,5,0,97,15.14,15.14,0.0,259.458434,0.0
2019-02-24,5,0,99,2.21,2.21,0.0,33.219355,0.0
2019-02-24,5,0,101,0.0,0.0,0.0,0.0,0.0
2019-02-24,5,0,102,4.35,4.35,0.0,83.55126,0.0
2019-02-24,5,0,103,3.78,3.78,0.0,72.603164,0.0
2019-02-24,5,0,104,0.7,0.7,0.0,13.44503,0.0
2019-02-24,5,0,106,0.0,0.0,0.0,0.0,0.0
2019-02-24,5,0,109,95.85,95.85,0.0,1476.642191,0.0
2019-02-24,5,0,110,14.69,14.69,0.0,292.095157,0.0
2019-02-24,5,0,111,0.0,0.0,0.0,0.0,0.0
2019-02-24,5,0,113,18.78,18.78,0.0,362.785647,0.0
2019-02-24,5,0,115,18.78,18.78,0.0,362.785647,0.0
2019-02-24,5,0,116,0.0,0.0,0.0,0.0,0.0
2019-02-24,5,0,117,0.9,0.9,0.0,17.385894,0.0
2019-02-24,5,0,119,44.72,44.72,0.0,905.474651,0.0
2019-02-24,5,0,120,26.3,26.3,0.0,532.513044,0.0
2019-02-24,5,0,123,0.0,0.0,0.0,0.0,0.0
2019-02-24,5,0,125,0.0,0.0,0.0,0.0,0.0
2019-02-24,5,0,126,0.0,0.0,0.0,0.0,0.0
2019-02-24,5,0,127,0.0,0.0,0.0,0.0,0.0
2019-02-24,5,0,128,0.0,0.0,0.0,0.0,0.0
2019-02-24,5,0,131,9.08,9.08,0.0,173.997262,0.0
2019-02-24,5,0,132,13.35,13.35,0.0,255.821965,0.0
2019-02-24,5,0,133,17.67,17.67,0.0,261.104712,0.0
2019-02-24,5,0,134,0.0,0.0,0.0,0.0,0.0
2019-02-24,5,0,135,25.18,25.18,0.0,372.077909,0.0
2019-02-24,5,0,136,12.74,12.74,0.0,188.361945,0.0
2019-02-24,5,0,139,69.07,69.07,0.0,1116.010727,0.0
2019-02-24,5,0,140,10.87,10.87,0.0,216.138486,0.0
2019-02-24,5,0,141,0.0,0.0,0.0,0.0,0.0
2019-02-24,5,0,142,0.0,0.0,0.0,0.0,0.0
2019-02-24,5,0,143,9.34,9.34,0.0,159.875914,0.0
2019-02-24,5,0,145,4.84,4.84,0.0,79.777843,0.0
2019-02-24,5,0,146,15.14,15.14,0.0,301.042932,0.0
2019-02-24,5,0,152,0.0,0.0,0.0,0.0,0.0
2019-02-24,5,0,153,0.0,0.0,0.0,0.0,0.0
2019-02-24,5,0,154,0.0,0.0,0.0,0.0,0.0
2019-02-24,5,0,157,17.47,17.47,0.0,338.459946,0.0
2019-02-24,5,0,158,0.0,0.0,0.0,0.0,0.0
2019-02-24,5,0,159,0.0,0.0,0.0,0.0,0.0
2019-02-24,5,0,160,0.0,0.0,0.0,0.0,0.0
2019-02-24,5,0,161,0.0,0.0,0.0,0.0,0.0
2019-02-24,5,0,162,15.35,15.35,0.0,315.453999,0.0
2019-02-24,5,0,163,7.7,7.7,0.0,153.106379,0.0
2019-02-24,5,0,164,0.0,0.0,0.0,0.0,0.0
2019-02-24,5,0,167,0.0,0.0,0.0,0.0,0.0
2019-02-24,5,0,168,0.0,0.0,0.0,0.0,0.0
2019-02-24,5,0,169,0.0,0.0,0.0,0.0,0.0
2019-02-24,5,0,170,0.0,0.0,0.0,0.0,0.0
2019-02-24,5,0,172,0.0,0.0,0.0,0.0,0.0
2019-02-24,5,0,173,0.0,0.0,0.0,0.0,0.0
2019-02-24,5,0,188,0.0,0.0,0.0,0.0,0.0
2019-02-24,5,0,190,0.0,0.0,0.0,0.0,0.0
2019-02-24,5,0,191,0.0,0.0,0.0,0.0,0.0
2019-02-24,5,0,192,30.93,30.93,0.0,626.259637,0.0
2019-02-24,5,0,194,48.87,48.87,0.0,955.005994,0.0
2019-02-24,5,0,196,0.0,0.0,0.0,0.0,0.0
2019-02-24,5,0,198,0.0,0.0,0.0,0.0,0.0
2019-02-24,5,0,199,20.51,20.51,0.0,320.173695,0.0
2019-02-24,5,0,200,0.0,0.0,0.0,0.0,0.0
2019-02-24,5,0,204,441.68,441.68,0.0,6826.977674,0.0
2019-02-24,5,0,205,507.04,507.04,0.0,7811.337055,0.0
2019-02-24,5,0,206,44.48,44.48,0.0,762.266256,0.0
2019-02-24,5,0,210,0.0,0.0,0.0,0.0,0.0
2019-02-24,5,0,214,0.0,0.0,0.0,0.0,0.0
2019-02-24,5,0,217,0.0,0.0,0.0,0.0,0.0
2019-02-24,5,0,218,0.0,0.0,0.0,0.0,0.0
2019-02-24,5,0,219,0.0,0.0,0.0,0.0,0.0
2019-02-24,5,0,221,0.0,0.0,0.0,0.0,0.0
2019-02-24,5,0,225,0.0,0.0,0.0,0.0,0.0
2019-02-24,5,0,233,0.0,0.0,0.0,0.0,0.0
2019-02-24,5,0,236,19.9,19.9,0.0,295.922151,0.0
2019-02-24,5,0,237,27.41,27.41,0.0,412.010195,0.0
2019-02-24,5,0,238,0.0,0.0,0.0,0.0,0.0
2019-02-24,5,0,240,0.0,0.0,0.0,0.0,0.0
2019-02-24,5,0,245,20.04,20.04,0.0,295.603273,0.0
2019-02-24,5,0,247,29.4,29.4,0.0,433.669472,0.0
2019-02-24,5,0,248,2.75,2.75,0.0,41.336302,0.0
2019-02-24,5,0,249,38.53,38.53,0.0,568.343019,0.0
2019-02-24,5,0,251,59.09,59.09,0.0,874.332553,0.0
2019-02-24,5,0,252,55.27,55.27,0.0,817.149416,0.0
2019-02-24,5,0,254,0.0,0.0,0.0,0.0,0.0
2019-02-24,5,0,255,0.0,0.0,0.0,0.0,0.0
2019-02-24,5,0,258,0.0,0.0,0.0,0.0,0.0
2019-02-24,5,0,260,0.0,0.0,0.0,0.0,0.0
2019-02-24,5,0,265,0.0,0.0,0.0,0.0,0.0
2019-02-24,5,0,266,44.72,44.72,0.0,722.571301,0.0
2019-02-24,5,0,267,54.96,54.96,0.0,888.02591,0.0
2019-02-24,5,0,270,24.03,24.03,0.0,477.811206,0.0
2019-02-24,5,0,272,64.55,64.55,0.0,1246.954926,0.0
2019-02-24,5,0,273,0.0,0.0,0.0,0.0,0.0
2019-02-24,5,0,274,30.98,30.98,0.0,616.004626,0.0
2019-02-24,5,0,275,43.12,43.12,0.0,857.395723,0.0
2019-02-24,5,0,276,0.0,0.0,0.0,0.0,0.0
2019-02-24,5,0,277,0.0,0.0,0.0,0.0,0.0
2019-02-24,5,0,278,0.0,0.0,0.0,0.0,0.0
2019-02-24,5,0,279,31.81,31.81,0.0,609.736499,0.0
2019-02-24,5,0,281,2.12,2.12,0.0,36.288751,0.0
2019-02-24,5,0,282,0.0,0.0,0.0,0.0,0.0
2019-02-24,6,0,9,0.0,0.0,0.0,0.0,0.0
2019-02-24,6,0,17,0.0,0.0,0.0,0.0,0.0
2019-02-24,6,0,19,430.34,430.34,0.0,2466.731471,0.0
2019-02-24,6,0,20,521.92,521.92,0.0,2991.672839,0.0
2019-02-24,6,0,21,0.0,0.0,0.0,0.0,0.0
2019-02-24,6,0,22,0.0,0.0,0.0,0.0,0.0
2019-02-24,6,0,23,5.92,5.92,0.0,120.921757,0.0
2019-02-24,6,0,24,10.47,10.47,0.0,213.859931,0.0
2019-02-24,6,0,29,0.0,0.0,0.0,0.0,0.0
2019-02-24,6,0,30,0.0,0.0,0.0,0.0,0.0
2019-02-24,6,0,31,1.08,1.08,0.0,22.067481,0.0
2019-02-24,6,0,32,0.0,0.0,0.0,0.0,0.0
2019-02-24,6,0,33,0.0,0.0,0.0,0.0,0.0
2019-02-24,6,0,34,0.0,0.0,0.0,0.0,0.0
2019-02-24,6,0,35,0.0,0.0,0.0,0.0,0.0
2019-02-24,6,0,36,0.0,0.0,0.0,0.0,0.0
2019-02-24,6,0,37,0.0,0.0,0.0,0.0,0.0
2019-02-24,6,0,38,0.0,0.0,0.0,0.0,0.0
2019-02-24,6,0,39,0.0,0.0,0.0,0.0,0.0
2019-02-24,6,0,40,0.0,0.0,0.0,0.0,0.0
2019-02-24,6,0,41,59.02,59.02,0.0,1190.960396,0.0
2019-02-24,6,0,42,0.0,0.0,0.0,0.0,0.0
2019-02-24,6,0,43,0.0,0.0,0.0,0.0,0.0
2019-02-24,6,0,46,0.0,0.0,0.0,0.0,0.0
2019-02-24,6,0,52,1.15,1.15,0.0,23.49778,0.0
2019-02-24,6,0,53,1.82,1.82,0.0,37.187791,0.0
2019-02-24,6,0,55,0.0,0.0,0.0,0.0,0.0
2019-02-24,6,0,56,0.0,0.0,0.0,0.0,0.0
2019-02-24,6,0,57,0.0,0.0,0.0,0.0,0.0
2019-02-24,6,0,58,0.0,0.0,0.0,0.0,0.0
2019-02-24,6,0,59,0.0,0.0,0.0,0.0,0.0
2019-02-24,6,0,63,30.92,30.92,0.0,683.370061,0.0
2019-02-24,6,0,64,36.38,36.38,0.0,804.042782,0.0
2019-02-24,6,0,65,7.36,7.36,0.0,96.99952,0.0
2019-02-24,6,0,67,0.0,0.0,0.0,0.0,0.0
2019-02-24,6,0,68,1.46,1.46,0.0,31.041318,0.0
2019-02-24,6,0,69,0.0,0.0,0.0,0.0,0.0
2019-02-24,6,0,74,14.53,14.53,0.0,293.796411,0.0
2019-02-24,6,0,77,59.67,59.67,0.0,1259.730749,0.0
2019-02-24,6,0,78,45.11,45.11,0.0,952.345468,0.0
2019-02-24,6,0,79,26.11,26.11,0.0,551.224566,0.0
2019-02-24,6,0,80,42.22,42.22,0.0,891.332868,0.0
2019-02-24,6,0,81,55.2,55.2,0.0,1165.361779,0.0
2019-02-24,6,0,82,38.94,38.94,0.0,822.086733,0.0
2019-02-24,6,0,83,86.82,86.82,0.0,1832.911407,0.0
2019-02-24,6,0,84,0.0,0.0,0.0,0.0,0.0
2019-02-24,6,0,86,0.0,0.0,0.0,0.0,0.0
2019-02-24,6,0,87,0.0,0.0,0.0,0.0,0.0
2019-02-24,6,0,88,39.34,39.34,0.0,830.531384,0.0
2019-02-24,6,0,89,37.82,37.82,0.0,798.441712,0.0
2019-02-24,6,0,90,50.78,50.78,0.0,1072.04839,0.0
2019-02-24,6,0,91,181.13,181.13,0.0,3823.948896,0.0
2019-02-24,6,0,92,65.14,65.14,0.0,1375.211346,0.0
2019-02-24,6,0,95,21.48,21.48,0.0,481.790742,0.0
2019-02-24,6,0,96,5.32,5.32,0.0,108.741026,0.0
2019-02-24,6,0,97,32.72,32.72,0.0,668.798191,0.0
2019-02-24,6,0,99,2.8,2.8,0.0,56.615964,0.0
2019-02-24,6,0,101,0.0,0.0,0.0,0.0,0.0
2019-02-24,6,0,102,3.45,3.45,0.0,73.35106,0.0
2019-02-24,6,0,103,3.0,3.0,0.0,63.78353,0.0
2019-02-24,6,0,104,0.56,0.56,0.0,11.906259,0.0
2019-02-24,6,0,106,0.0,0.0,0.0,0.0,0.0
2019-02-24,6,0,109,122.5,122.5,0.0,2418.596188,0.0
2019-02-24,6,0,110,9.58,9.58,0.0,208.519963,0.0
2019-02-24,6,0,111,0.0,0.0,0.0,0.0,0.0
2019-02-24,6,0,113,22.48,22.48,0.0,477.420498,0.0
2019-02-24,6,0,115,22.48,22.48,0.0,477.420498,0.0
2019-02-24,6,0,116,0.0,0.0,0.0,0.0,0.0
2019-02-24,6,0,117,0.89,0.89,0.0,18.901434,0.0
2019-02-24,6,0,119,36.38,36.38,0.0,804.042782,0.0
2019-02-24,6,0,120,21.39,21.39,0.0,472.74533,0.0
2019-02-24,6,0,123,0.0,0.0,0.0,0.0,0.0
2019-02-24,6,0,125,9.48,9.48,0.0,193.638218,0.0
2019-02-24,6,0,126,0.0,0.0,0.0,0.0,0.0
2019-02-24,6,0,127,0.0,0.0,0.0,0.0,0.0
2019-02-24,6,0,128,13.58,13.58,0.0,277.384705,0.0
2019-02-24,6,0,131,9.06,9.06,0.0,192.325467,0.0
2019-02-24,6,0,132,13.32,13.32,0.0,282.756647,0.0
2019-02-24,6,0,133,26.93,26.93,0.0,587.957185,0.0
2019-02-24,6,0,134,0.0,0.0,0.0,0.0,0.0
2019-02-24,6,0,135,36.08,36.08,0.0,787.727265,0.0
2019-02-24,6,0,136,11.25,11.25,0.0,152.866355,0.0
2019-02-24,6,0,139,76.22,76.22,0.0,1538.037976,0.0
2019-02-24,6,0,140,7.09,7.09,0.0,154.322185,0.0
2019-02-24,6,0,141,26.12,26.12,0.0,558.588991,0.0
2019-02-24,6,0,142,0.0,0.0,0.0,0.0,0.0
2019-02-24,6,0,143,4.88,4.88,0.0,99.712319,0.0
2019-02-24,6,0,145,7.2,7.2,0.0,145.289164,0.0
2019-02-24,6,0,146,28.49,28.49,0.0,620.118344,0.0
2019-02-24,6,0,152,0.0,0.0,0.0,0.0,0.0
2019-02-24,6,0,153,0.0,0.0,0.0,0.0,0.0
2019-02-24,6,0,154,0.0,0.0,0.0,0.0,0.0
2019-02-24,6,0,157,14.44,14.44,0.0,308.806471,0.0
2019-02-24,6,0,158,0.0,0.0,0.0,0.0,0.0
2019-02-24,6,0,159,0.0,0.0,0.0,0.0,0.0
2019-02-24,6,0,160,0.0,0.0,0.0,0.0,0.0
2019-02-24,6,0,161,0.0,0.0,0.0,0.0,0.0
2019-02-24,6,0,162,12.97,12.97,0.0,290.836017,0.0
2019-02-24,6,0,163,0.0,0.0,0.0,0.0,0.0
2019-02-24,6,0,164,0.0,0.0,0.0,0.0,0.0
2019-02-24,6,0,167,0.0,0.0,0.0,0.0,0.0
2019-02-24,6,0,168,0.0,0.0,0.0,0.0,0.0
2019-02-24,6,0,169,0.0,0.0,0.0,0.0,0.0
2019-02-24,6,0,170,0.0,0.0,0.0,0.0,0.0
2019-02-24,6,0,172,0.0,0.0,0.0,0.0,0.0
2019-02-24,6,0,173,0.0,0.0,0.0,0.0,0.0
2019-02-24,6,0,188,0.0,0.0,0.0,0.0,0.0
2019-02-24,6,0,190,0.0,0.0,0.0,0.0,0.0
2019-02-24,6,0,191,0.0,0.0,0.0,0.0,0.0
2019-02-24,6,0,192,17.7,17.7,0.0,391.191788,0.0
2019-02-24,6,0,194,47.18,47.18,0.0,1003.166483,0.0
2019-02-24,6,0,196,0.0,0.0,0.0,0.0,0.0
2019-02-24,6,0,198,0.0,0.0,0.0,0.0,0.0
2019-02-24,6,0,199,21.51,21.51,0.0,300.038676,0.0
2019-02-24,6,0,200,0.0,0.0,0.0,0.0,0.0
2019-02-24,6,0,204,579.97,579.97,0.0,11437.105017,0.0
2019-02-24,6,0,205,648.05,648.05,0.0,12794.867424,0.0
2019-02-24,6,0,206,96.15,96.15,0.0,1965.310088,0.0
2019-02-24,6,0,210,0.0,0.0,0.0,0.0,0.0
2019-02-24,6,0,214,0.0,0.0,0.0,0.0,0.0
2019-02-24,6,0,217,0.0,0.0,0.0,0.0,0.0
2019-02-24,6,0,218,0.0,0.0,0.0,0.0,0.0
2019-02-24,6,0,219,0.0,0.0,0.0,0.0,0.0
2019-02-24,6,0,221,0.0,0.0,0.0,0.0,0.0
2019-02-24,6,0,225,0.0,0.0,0.0,0.0,0.0
2019-02-24,6,0,233,0.0,0.0,0.0,0.0,0.0
2019-02-24,6,0,236,38.16,38.16,0.0,781.432428,0.0
2019-02-24,6,0,237,34.86,34.86,0.0,704.868746,0.0
2019-02-24,6,0,238,0.0,0.0,0.0,0.0,0.0
2019-02-24,6,0,240,0.0,0.0,0.0,0.0,0.0
2019-02-24,6,0,245,32.66,32.66,0.0,633.443104,0.0
2019-02-24,6,0,247,38.8,38.8,0.0,752.528856,0.0
2019-02-24,6,0,248,3.5,3.5,0.0,70.769954,0.0
2019-02-24,6,0,249,62.81,62.81,0.0,1218.204573,0.0
2019-02-24,6,0,251,54.35,54.35,0.0,844.703304,0.0
2019-02-24,6,0,252,47.49,47.49,0.0,625.88413,0.0
2019-02-24,6,0,254,0.0,0.0,0.0,0.0,0.0
2019-02-24,6,0,255,0.0,0.0,0.0,0.0,0.0
2019-02-24,6,0,258,0.0,0.0,0.0,0.0,0.0
2019-02-24,6,0,260,0.0,0.0,0.0,0.0,0.0
2019-02-24,6,0,265,0.0,0.0,0.0,0.0,0.0
2019-02-24,6,0,266,49.36,49.36,0.0,996.031941,0.0
2019-02-24,6,0,267,60.65,60.65,0.0,1223.85205,0.0
2019-02-24,6,0,270,0.0,0.0,0.0,0.0,0.0
2019-02-24,6,0,272,79.33,79.33,0.0,1684.776162,0.0
2019-02-24,6,0,273,0.0,0.0,0.0,0.0,0.0
2019-02-24,6,0,274,0.0,0.0,0.0,0.0,0.0
2019-02-24,6,0,275,0.0,0.0,0.0,0.0,0.0
2019-02-24,6,0,276,0.0,0.0,0.0,0.0,0.0
2019-02-24,6,0,277,0.0,0.0,0.0,0.0,0.0
2019-02-24,6,0,278,0.0,0.0,0.0,0.0,0.0
2019-02-24,6,0,279,25.39,25.39,0.0,537.939839,0.0
2019-02-24,6,0,281,0.49,0.49,0.0,10.012098,0.0
2019-02-24,6,0,282,0.0,0.0,0.0,0.0,0.0
2019-02-24,7,0,9,0.0,0.0,0.0,0.0,0.0
2019-02-24,7,0,17,0.0,0.0,0.0,-0.0,0.0
2019-02-24,7,0,19,643.3,643.3,0.0,-1385.063745,0.0
2019-02-24,7,0,20,780.2,780.2,0.0,-1679.817711,0.0
2019-02-24,7,0,21,0.0,0.0,0.0,0.0,0.0
2019-02-24,7,0,22,0.0,0.0,0.0,0.0,0.0
2019-02-24,7,0,23,33.75,33.75,0.0,454.303577,0.0
2019-02-24,7,0,24,59.71,59.71,0.0,803.747158,0.0
2019-02-24,7,0,29,0.0,0.0,0.0,0.0,0.0
2019-02-24,7,0,30,0.0,0.0,0.0,0.0,0.0
2019-02-24,7,0,31,0.0,0.0,0.0,0.0,0.0
2019-02-24,7,0,32,0.0,0.0,0.0,0.0,0.0
2019-02-24,7,0,33,0.0,0.0,0.0,0.0,0.0
2019-02-24,7,0,34,0.0,0.0,0.0,0.0,0.0
2019-02-24,7,0,35,0.0,0.0,0.0,0.0,0.0
2019-02-24,7,0,36,0.0,0.0,0.0,0.0,0.0
2019-02-24,7,0,37,0.0,0.0,0.0,0.0,0.0
2019-02-24,7,0,38,0.0,0.0,0.0,0.0,0.0
2019-02-24,7,0,39,0.0,0.0,0.0,0.0,0.0
2019-02-24,7,0,40,0.0,0.0,0.0,0.0,0.0
2019-02-24,7,0,41,62.29,62.29,0.0,858.098789,0.0
2019-02-24,7,0,42,0.0,0.0,0.0,0.0,0.0
2019-02-24,7,0,43,0.0,0.0,0.0,0.0,0.0
2019-02-24,7,0,46,0.0,0.0,0.0,0.0,0.0
2019-02-24,7,0,52,0.0,0.0,0.0,0.0,0.0
2019-02-24,7,0,53,0.0,0.0,0.0,0.0,0.0
2019-02-24,7,0,55,0.0,0.0,0.0,0.0,0.0
2019-02-24,7,0,56,0.0,0.0,0.0,0.0,0.0
2019-02-24,7,0,57,0.0,0.0,0.0,0.0,0.0
2019-02-24,7,0,58,0.0,0.0,0.0,0.0,0.0
2019-02-24,7,0,59,0.0,0.0,0.0,0.0,0.0
2019-02-24,7,0,63,25.03,25.03,0.0,633.29627,0.0
2019-02-24,7,0,64,29.44,29.44,0.0,744.875837,0.0
2019-02-24,7,0,65,6.34,6.34,0.0,40.201371,0.0
2019-02-24,7,0,67,0.0,0.0,0.0,0.0,0.0
2019-02-24,7,0,68,1.15,1.15,0.0,16.62467,0.0
2019-02-24,7,0,69,0.0,0.0,0.0,0.0,0.0
2019-02-24,7,0,74,24.23,24.23,0.0,349.354426,0.0
2019-02-24,7,0,77,58.88,58.88,0.0,765.517563,0.0
2019-02-24,7,0,78,44.51,44.51,0.0,578.688633,0.0
2019-02-24,7,0,79,25.76,25.76,0.0,334.913934,0.0
2019-02-24,7,0,80,41.65,41.65,0.0,541.504866,0.0
2019-02-24,7,0,81,54.46,54.46,0.0,708.051741,0.0
2019-02-24,7,0,82,38.42,38.42,0.0,499.510611,0.0
2019-02-24,7,0,83,85.66,85.66,0.0,1113.692841,0.0
2019-02-24,7,0,84,0.0,0.0,0.0,0.0,0.0
2019-02-24,7,0,86,0.0,0.0,0.0,0.0,0.0
2019-02-24,7,0,87,0.0,0.0,0.0,0.0,0.0
2019-02-24,7,0,88,38.28,38.28,0.0,497.690427,0.0
2019-02-24,7,0,89,36.8,36.8,0.0,478.448477,0.0
2019-02-24,7,0,90,49.41,49.41,0.0,642.395088,0.0
2019-02-24,7,0,91,176.27,176.27,0.0,2291.742202,0.0
2019-02-24,7,0,92,63.4,63.4,0.0,824.283517,0.0
2019-02-24,7,0,95,16.81,16.81,0.0,427.204187,0.0
2019-02-24,7,0,96,9.87,9.87,0.0,132.759363,0.0
2019-02-24,7,0,97,60.72,60.72,0.0,816.732374,0.0
2019-02-24,7,0,99,4.68,4.68,0.0,67.477454,0.0
2019-02-24,7,0,101,0.0,0.0,0.0,0.0,0.0
2019-02-24,7,0,102,2.71,2.71,0.0,39.176396,0.0
2019-02-24,7,0,103,2.36,2.36,0.0,34.116714,0.0
2019-02-24,7,0,104,0.44,0.44,0.0,6.360743,0.0
2019-02-24,7,0,106,0.0,0.0,0.0,0.0,0.0
2019-02-24,7,0,109,173.19,173.19,0.0,2396.87589,0.0
2019-02-24,7,0,110,0.0,0.0,0.0,0.0,0.0
2019-02-24,7,0,111,0.0,0.0,0.0,0.0,0.0
2019-02-24,7,0,113,11.41,11.41,0.0,143.044483,0.0
2019-02-24,7,0,115,11.41,11.41,0.0,143.044483,0.0
2019-02-24,7,0,116,0.0,0.0,0.0,0.0,0.0
2019-02-24,7,0,117,0.47,0.47,0.0,5.892279,0.0
2019-02-24,7,0,119,29.44,29.44,0.0,744.875837,0.0
2019-02-24,7,0,120,17.31,17.31,0.0,437.968775,0.0
2019-02-24,7,0,123,0.0,0.0,0.0,0.0,0.0
2019-02-24,7,0,125,54.03,54.03,0.0,727.289548,0.0
2019-02-24,7,0,126,0.0,0.0,0.0,0.0,0.0
2019-02-24,7,0,127,0.0,0.0,0.0,0.0,0.0
2019-02-24,7,0,128,77.39,77.39,0.0,1041.734928,0.0
2019-02-24,7,0,131,9.01,9.01,0.0,125.956484,0.0
2019-02-24,7,0,132,13.24,13.24,0.0,185.090327,0.0
2019-02-24,7,0,133,41.94,41.94,0.0,679.539318,0.0
2019-02-24,7,0,134,0.0,0.0,0.0,0.0,0.0
2019-02-24,7,0,135,56.2,56.2,0.0,910.589167,0.0
2019-02-24,7,0,136,9.91,9.91,0.0,67.459472,0.0
2019-02-24,7,0,139,80.45,80.45,0.0,1108.268544,0.0
2019-02-24,7,0,140,0.0,0.0,0.0,0.0,0.0
2019-02-24,7,0,141,91.99,91.99,0.0,1493.991291,0.0
2019-02-24,7,0,142,0.0,0.0,0.0,0.0,0.0
2019-02-24,7,0,143,0.0,0.0,0.0,0.0,0.0
2019-02-24,7,0,145,10.37,10.37,0.0,141.025486,0.0
2019-02-24,7,0,146,48.68,48.68,0.0,1056.634002,0.0
2019-02-24,7,0,152,0.0,0.0,0.0,0.0,0.0
2019-02-24,7,0,153,0.0,0.0,0.0,0.0,0.0
2019-02-24,7,0,154,0.0,0.0,0.0,0.0,0.0
2019-02-24,7,0,157,16.78,16.78,0.0,272.520642,0.0
2019-02-24,7,0,158,0.0,0.0,0.0,0.0,0.0
2019-02-24,7,0,159,0.0,0.0,0.0,0.0,0.0
2019-02-24,7,0,160,0.0,0.0,0.0,0.0,0.0
2019-02-24,7,0,161,0.0,0.0,0.0,0.0,0.0
2019-02-24,7,0,162,10.99,10.99,0.0,279.314794,0.0
2019-02-24,7,0,163,0.0,0.0,0.0,0.0,0.0
2019-02-24,7,0,164,0.0,0.0,0.0,0.0,0.0
2019-02-24,7,0,167,0.0,0.0,0.0,0.0,0.0
2019-02-24,7,0,168,0.0,0.0,0.0,0.0,0.0
2019-02-24,7,0,169,0.0,0.0,0.0,0.0,0.0
2019-02-24,7,0,170,0.0,0.0,0.0,0.0,0.0
2019-02-24,7,0,172,0.0,0.0,0.0,0.0,0.0
2019-02-24,7,0,173,0.0,0.0,0.0,0.0,0.0
2019-02-24,7,0,188,0.0,0.0,0.0,0.0,0.0
2019-02-24,7,0,190,0.0,0.0,0.0,0.0,0.0
2019-02-24,7,0,191,0.0,0.0,0.0,0.0,0.0
2019-02-24,7,0,192,9.83,9.83,0.0,248.713637,0.0
2019-02-24,7,0,194,46.51,46.51,0.0,501.144114,0.0
2019-02-24,7,0,196,0.0,0.0,0.0,0.0,0.0
2019-02-24,7,0,198,0.0,0.0,0.0,0.0,0.0
2019-02-24,7,0,199,22.7,22.7,0.0,246.752893,0.0
2019-02-24,7,0,200,0.0,0.0,0.0,0.0,0.0
2019-02-24,7,0,204,813.92,813.92,0.0,11226.536157,0.0
2019-02-24,7,0,205,916.16,916.16,0.0,12679.264479,0.0
2019-02-24,7,0,206,178.41,178.41,0.0,2399.756636,0.0
2019-02-24,7,0,210,0.0,0.0,0.0,0.0,0.0
2019-02-24,7,0,214,0.0,0.0,0.0,0.0,0.0
2019-02-24,7,0,217,0.0,0.0,0.0,0.0,0.0
2019-02-24,7,0,218,0.0,0.0,0.0,0.0,0.0
2019-02-24,7,0,219,0.0,0.0,0.0,0.0,0.0
2019-02-24,7,0,221,0.0,0.0,0.0,0.0,0.0
2019-02-24,7,0,225,0.0,0.0,0.0,0.0,0.0
2019-02-24,7,0,233,0.0,0.0,0.0,0.0,0.0
2019-02-24,7,0,236,77.78,77.78,0.0,1144.514765,0.0
2019-02-24,7,0,237,58.13,58.13,0.0,838.13342,0.0
2019-02-24,7,0,238,0.0,0.0,0.0,0.0,0.0
2019-02-24,7,0,240,0.0,0.0,0.0,0.0,0.0
2019-02-24,7,0,245,50.31,50.31,0.0,674.690908,0.0
2019-02-24,7,0,247,49.96,49.96,0.0,669.997173,0.0
2019-02-24,7,0,248,5.83,5.83,0.0,84.058452,0.0
2019-02-24,7,0,249,96.75,96.75,0.0,1297.482516,0.0
2019-02-24,7,0,251,52.94,52.94,0.0,478.596465,0.0
2019-02-24,7,0,252,40.87,40.87,0.0,259.153002,0.0
2019-02-24,7,0,254,0.0,0.0,0.0,0.0,0.0
2019-02-24,7,0,255,0.0,0.0,0.0,0.0,0.0
2019-02-24,7,0,258,0.0,0.0,0.0,0.0,0.0
2019-02-24,7,0,260,0.0,0.0,0.0,0.0,0.0
2019-02-24,7,0,265,0.0,0.0,0.0,0.0,0.0
2019-02-24,7,0,266,52.08,52.08,0.0,717.447182,0.0
2019-02-24,7,0,267,64.01,64.01,0.0,881.793281,0.0
2019-02-24,7,0,270,0.0,0.0,0.0,0.0,0.0
2019-02-24,7,0,272,40.58,40.58,0.0,508.741902,0.0
2019-02-24,7,0,273,0.0,0.0,0.0,0.0,0.0
2019-02-24,7,0,274,0.0,0.0,0.0,0.0,0.0
2019-02-24,7,0,275,0.0,0.0,0.0,0.0,0.0
2019-02-24,7,0,276,0.0,0.0,0.0,0.0,0.0
2019-02-24,7,0,277,0.0,0.0,0.0,0.0,0.0
2019-02-24,7,0,278,0.0,0.0,0.0,0.0,0.0
2019-02-24,7,0,279,20.09,20.09,0.0,255.605295,0.0
2019-02-24,7,0,281,0.0,0.0,0.0,0.0,0.0
2019-02-24,7,0,282,0.0,0.0,0.0,0.0,0.0
2019-02-24,8,0,9,0.0,0.0,0.0,0.0,0.0
2019-02-24,8,0,17,0.0,0.0,0.0,-0.0,0.0
2019-02-24,8,0,19,605.38,605.38,0.0,-3289.856903,0.0
2019-02-24,8,0,20,753.44,753.44,0.0,-4094.469234,0.0
2019-02-24,8,0,21,0.0,0.0,0.0,0.0,0.0
2019-02-24,8,0,22,0.0,0.0,0.0,0.0,0.0
2019-02-24,8,0,23,35.08,35.08,0.0,897.294005,0.0
2019-02-24,8,0,24,62.07,62.07,0.0,1587.657892,0.0
2019-02-24,8,0,29,0.17,0.17,0.0,1.332387,0.0
2019-02-24,8,0,30,0.0,0.0,0.0,0.0,0.0
2019-02-24,8,0,31,0.0,0.0,0.0,0.0,0.0
2019-02-24,8,0,32,0.0,0.0,0.0,0.0,0.0
2019-02-24,8,0,33,0.0,0.0,0.0,0.0,0.0
2019-02-24,8,0,34,0.0,0.0,0.0,0.0,0.0
2019-02-24,8,0,35,0.0,0.0,0.0,0.0,0.0
2019-02-24,8,0,36,0.0,0.0,0.0,0.0,0.0
2019-02-24,8,0,37,0.0,0.0,0.0,0.0,0.0
2019-02-24,8,0,38,0.0,0.0,0.0,0.0,0.0
2019-02-24,8,0,39,0.0,0.0,0.0,0.0,0.0
2019-02-24,8,0,40,0.0,0.0,0.0,0.0,0.0
2019-02-24,8,0,41,19.28,19.28,0.0,474.013109,0.0
2019-02-24,8,0,42,0.0,0.0,0.0,0.0,0.0
2019-02-24,8,0,43,0.0,0.0,0.0,0.0,0.0
2019-02-24,8,0,46,0.0,0.0,0.0,0.0,0.0
2019-02-24,8,0,52,0.0,0.0,0.0,0.0,0.0
2019-02-24,8,0,53,0.0,0.0,0.0,0.0,0.0
2019-02-24,8,0,55,6.68,6.68,0.0,170.864423,0.0
2019-02-24,8,0,56,0.0,0.0,0.0,0.0,0.0
2019-02-24,8,0,57,0.0,0.0,0.0,0.0,0.0
2019-02-24,8,0,58,0.0,0.0,0.0,0.0,0.0
2019-02-24,8,0,59,0.0,0.0,0.0,0.0,0.0
2019-02-24,8,0,63,9.04,9.04,0.0,269.467381,0.0
2019-02-24,8,0,64,10.63,10.63,0.0,316.862639,0.0
2019-02-24,8,0,65,12.09,12.09,0.0,110.040394,0.0
2019-02-24,8,0,67,0.0,0.0,0.0,0.0,0.0
2019-02-24,8,0,68,0.77,0.77,0.0,21.595555,0.0
2019-02-24,8,0,69,0.0,0.0,0.0,0.0,0.0
2019-02-24,8,0,74,26.87,26.87,0.0,635.4763,0.0
2019-02-24,8,0,77,35.71,35.71,0.0,988.485872,0.0
2019-02-24,8,0,78,26.97,26.97,0.0,746.554578,0.0
2019-02-24,8,0,79,15.55,15.55,0.0,430.438401,0.0
2019-02-24,8,0,80,25.23,25.23,0.0,698.389766,0.0
2019-02-24,8,0,81,33.02,33.02,0.0,914.024181,0.0
2019-02-24,8,0,82,23.26,23.26,0.0,643.858342,0.0
2019-02-24,8,0,83,52.03,52.03,0.0,1440.238587,0.0
2019-02-24,8,0,84,0.0,0.0,0.0,0.0,0.0
2019-02-24,8,0,86,0.0,0.0,0.0,0.0,0.0
2019-02-24,8,0,87,0.0,0.0,0.0,0.0,0.0
2019-02-24,8,0,88,24.74,24.74,0.0,684.826113,0.0
2019-02-24,8,0,89,23.88,23.88,0.0,661.020516,0.0
2019-02-24,8,0,90,31.16,31.16,0.0,862.537658,0.0
2019-02-24,8,0,91,97.67,97.67,0.0,2703.596056,0.0
2019-02-24,8,0,92,39.08,39.08,0.0,1081.770593,0.0
2019-02-24,8,0,95,15.85,15.85,0.0,482.347531,0.0
2019-02-24,8,0,96,7.31,7.31,0.0,187.301394,0.0
2019-02-24,8,0,97,44.97,44.97,0.0,1152.249481,0.0
2019-02-24,8,0,99,5.19,5.19,0.0,122.743654,0.0
2019-02-24,8,0,101,0.0,0.0,0.0,0.0,0.0
2019-02-24,8,0,102,1.81,1.81,0.0,50.763576,0.0
2019-02-24,8,0,103,1.58,1.58,0.0,44.312956,0.0
2019-02-24,8,0,104,0.29,0.29,0.0,8.133391,0.0
2019-02-24,8,0,106,0.0,0.0,0.0,0.0,0.0
2019-02-24,8,0,109,141.54,141.54,0.0,3341.792946,0.0
2019-02-24,8,0,110,0.0,0.0,0.0,0.0,0.0
2019-02-24,8,0,111,0.0,0.0,0.0,0.0,0.0
2019-02-24,8,0,113,15.72,15.72,0.0,441.56977,0.0
2019-02-24,8,0,115,15.72,15.72,0.0,441.56977,0.0
2019-02-24,8,0,116,0.0,0.0,0.0,0.0,0.0
2019-02-24,8,0,117,0.81,0.81,0.0,22.752641,0.0
2019-02-24,8,0,119,10.63,10.63,0.0,316.862639,0.0
2019-02-24,8,0,120,6.27,6.27,0.0,186.898283,0.0
2019-02-24,8,0,123,0.0,0.0,0.0,0.0,0.0
2019-02-24,8,0,125,56.17,56.17,0.0,1436.744705,0.0
2019-02-24,8,0,126,0.0,0.0,0.0,0.0,0.0
2019-02-24,8,0,127,0.0,0.0,0.0,0.0,0.0
2019-02-24,8,0,128,80.45,80.45,0.0,2057.79084,0.0
2019-02-24,8,0,131,6.35,6.35,0.0,177.636718,0.0
2019-02-24,8,0,132,9.33,9.33,0.0,261.000092,0.0
2019-02-24,8,0,133,41.94,41.94,0.0,1087.122653,0.0
2019-02-24,8,0,134,0.0,0.0,0.0,0.0,0.0
2019-02-24,8,0,135,56.2,56.2,0.0,1456.754723,0.0
2019-02-24,8,0,136,18.29,18.29,0.0,181.066869,0.0
2019-02-24,8,0,139,24.89,24.89,0.0,611.939123,0.0
2019-02-24,8,0,140,0.0,0.0,0.0,0.0,0.0
2019-02-24,8,0,141,74.25,74.25,0.0,2102.414747,0.0
2019-02-24,8,0,142,0.0,0.0,0.0,0.0,0.0
2019-02-24,8,0,143,0.0,0.0,0.0,0.0,0.0
2019-02-24,8,0,145,7.94,7.94,0.0,197.418686,0.0
2019-02-24,8,0,146,54.43,54.43,0.0,1586.071179,0.0
2019-02-24,8,0,152,0.0,0.0,0.0,0.0,0.0
2019-02-24,8,0,153,0.0,0.0,0.0,0.0,0.0
2019-02-24,8,0,154,0.0,0.0,0.0,0.0,0.0
2019-02-24,8,0,157,23.47,23.47,0.0,664.561267,0.0
2019-02-24,8,0,158,0.0,0.0,0.0,0.0,0.0
2019-02-24,8,0,159,0.0,0.0,0.0,0.0,0.0
2019-02-24,8,0,160,0.0,0.0,0.0,0.0,0.0
2019-02-24,8,0,161,0.0,0.0,0.0,0.0,0.0
2019-02-24,8,0,162,10.09,10.09,0.0,306.945055,0.0
2019-02-24,8,0,163,0.0,0.0,0.0,0.0,0.0
2019-02-24,8,0,164,0.0,0.0,0.0,0.0,0.0
2019-02-24,8,0,167,0.0,0.0,0.0,0.0,0.0
2019-02-24,8,0,168,0.0,0.0,0.0,0.0,0.0
2019-02-24,8,0,169,0.0,0.0,0.0,0.0,0.0
2019-02-24,8,0,170,0.0,0.0,0.0,0.0,0.0
2019-02-24,8,0,172,0.0,0.0,0.0,0.0,0.0
2019-02-24,8,0,173,0.0,0.0,0.0,0.0,0.0
2019-02-24,8,0,188,0.0,0.0,0.0,0.0,0.0
2019-02-24,8,0,190,0.0,0.0,0.0,0.0,0.0
2019-02-24,8,0,191,0.0,0.0,0.0,0.0,0.0
2019-02-24,8,0,192,9.49,9.49,0.0,282.881133,0.0
2019-02-24,8,0,194,38.97,38.97,0.0,1101.708735,0.0
2019-02-24,8,0,196,0.0,0.0,0.0,0.0,0.0
2019-02-24,8,0,198,0.0,0.0,0.0,0.0,0.0
2019-02-24,8,0,199,21.66,21.66,0.0,353.987904,0.0
2019-02-24,8,0,200,0.0,0.0,0.0,0.0,0.0
2019-02-24,8,0,204,627.14,627.14,0.0,14822.805681,0.0
2019-02-24,8,0,205,748.74,748.74,0.0,17677.928857,0.0
2019-02-24,8,0,206,132.15,132.15,0.0,3386.029997,0.0
2019-02-24,8,0,210,0.04,0.04,0.0,0.334962,0.0
2019-02-24,8,0,214,0.0,0.0,0.0,0.0,0.0
2019-02-24,8,0,217,0.07,0.07,0.0,1.222731,0.0
2019-02-24,8,0,218,0.1,0.1,0.0,1.746758,0.0
2019-02-24,8,0,219,0.07,0.07,0.0,1.222731,0.0
2019-02-24,8,0,221,0.0,0.0,0.0,0.0,0.0
2019-02-24,8,0,225,0.13,0.13,0.0,1.012149,0.0
2019-02-24,8,0,233,0.0,0.0,0.0,0.0,0.0
2019-02-24,8,0,236,97.56,97.56,0.0,2314.841496,0.0
2019-02-24,8,0,237,64.45,64.45,0.0,1524.244418,0.0
2019-02-24,8,0,238,0.0,0.0,0.0,0.0,0.0
2019-02-24,8,0,240,0.0,0.0,0.0,0.0,0.0
2019-02-24,8,0,245,78.0,78.0,0.0,1642.64348,0.0
2019-02-24,8,0,247,101.4,101.4,0.0,2135.436524,0.0
2019-02-24,8,0,248,6.47,6.47,0.0,153.015693,0.0
2019-02-24,8,0,249,150.0,150.0,0.0,3158.92977,0.0
2019-02-24,8,0,251,67.46,67.46,0.0,927.936447,0.0
2019-02-24,8,0,252,77.99,77.99,0.0,709.847009,0.0
2019-02-24,8,0,254,0.0,0.0,0.0,0.0,0.0
2019-02-24,8,0,255,0.0,0.0,0.0,0.0,0.0
2019-02-24,8,0,258,0.0,0.0,0.0,0.0,0.0
2019-02-24,8,0,260,0.0,0.0,0.0,0.0,0.0
2019-02-24,8,0,265,0.0,0.0,0.0,0.0,0.0
2019-02-24,8,0,266,16.12,16.12,0.0,396.322164,0.0
2019-02-24,8,0,267,19.81,19.81,0.0,487.043552,0.0
2019-02-24,8,0,270,0.0,0.0,0.0,0.0,0.0
2019-02-24,8,0,272,54.43,54.43,0.0,1528.921283,0.0
2019-02-24,8,0,273,0.0,0.0,0.0,0.0,0.0
2019-02-24,8,0,274,0.0,0.0,0.0,0.0,0.0
2019-02-24,8,0,275,0.0,0.0,0.0,0.0,0.0
2019-02-24,8,0,276,0.0,0.0,0.0,0.0,0.0
2019-02-24,8,0,277,0.0,0.0,0.0,0.0,0.0
2019-02-24,8,0,278,0.0,0.0,0.0,0.0,0.0
2019-02-24,8,0,279,15.5,15.5,0.0,432.849962,0.0
2019-02-24,8,0,281,0.0,0.0,0.0,0.0,0.0
2019-02-24,8,0,282,0.0,0.0,0.0,0.0,0.0
2019-02-24,9,0,9,0.64,0.64,0.0,14.373657,0.0
2019-02-24,9,0,17,15.08,15.08,0.0,83.987792,0.0
2019-02-24,9,0,19,475.02,475.02,0.0,2645.615453,0.0
2019-02-24,9,0,20,589.85,589.85,0.0,3285.159098,0.0
2019-02-24,9,0,21,14.67,14.67,0.0,329.471168,0.0
2019-02-24,9,0,22,52.13,52.13,0.0,1170.779275,0.0
2019-02-24,9,0,23,36.93,36.93,0.0,829.404923,0.0
2019-02-24,9,0,24,65.35,65.35,0.0,1467.685126,0.0
2019-02-24,9,0,29,2.84,2.84,0.0,24.078685,0.0
2019-02-24,9,0,30,110.83,110.83,0.0,2490.413404,0.0
2019-02-24,9,0,31,2.07,2.07,0.0,46.514082,0.0
2019-02-24,9,0,32,1.59,1.59,0.0,40.363509,0.0
2019-02-24,9,0,33,0.81,0.81,0.0,18.386982,0.0
2019-02-24,9,0,34,1.29,1.29,0.0,29.282971,0.0
2019-02-24,9,0,35,1.29,1.29,0.0,29.282971,0.0
2019-02-24,9,0,36,2.84,2.84,0.0,59.240096,0.0
2019-02-24,9,0,37,1.36,1.36,0.0,28.230543,0.0
2019-02-24,9,0,38,1.75,1.75,0.0,36.326066,0.0
2019-02-24,9,0,39,1.17,1.17,0.0,24.28657,0.0
2019-02-24,9,0,40,1.17,1.17,0.0,24.28657,0.0
2019-02-24,9,0,41,20.75,20.75,0.0,455.720907,0.0
2019-02-24,9,0,42,16.11,16.11,0.0,286.820387,0.0
2019-02-24,9,0,43,8.79,8.79,0.0,178.694655,0.0
2019-02-24,9,0,46,7.57,7.57,0.0,157.432252,0.0
2019-02-24,9,0,52,2.2,2.2,0.0,49.435257,0.0
2019-02-24,9,0,53,3.51,3.51,0.0,78.871705,0.0
2019-02-24,9,0,55,20.28,20.28,0.0,455.465254,0.0
2019-02-24,9,0,56,32.69,32.69,0.0,734.562972,0.0
2019-02-24,9,0,57,31.1,31.1,0.0,698.834764,0.0
2019-02-24,9,0,58,59.8,59.8,0.0,1343.740157,0.0
2019-02-24,9,0,59,58.81,58.81,0.0,1321.494291,0.0
2019-02-24,9,0,63,2.87,2.87,0.0,71.705445,0.0
2019-02-24,9,0,64,3.38,3.38,0.0,84.447527,0.0
2019-02-24,9,0,65,21.73,21.73,0.0,298.855538,0.0
2019-02-24,9,0,67,64.72,64.72,0.0,1553.685069,0.0
2019-02-24,9,0,68,0.9,0.9,0.0,21.449872,0.0
2019-02-24,9,0,69,0.81,0.81,0.0,18.386982,0.0
2019-02-24,9,0,74,33.32,33.32,0.0,721.935817,0.0
2019-02-24,9,0,77,11.89,11.89,0.0,280.74303,0.0
2019-02-24,9,0,78,8.99,8.99,0.0,212.26912,0.0
2019-02-24,9,0,79,5.2,5.2,0.0,122.780804,0.0
2019-02-24,9,0,80,8.41,8.41,0.0,198.574338,0.0
2019-02-24,9,0,81,11.0,11.0,0.0,259.728623,0.0
2019-02-24,9,0,82,7.76,7.76,0.0,183.226738,0.0
2019-02-24,9,0,83,17.3,17.3,0.0,408.482289,0.0
2019-02-24,9,0,84,0.0,0.0,0.0,0.0,0.0
2019-02-24,9,0,86,4.09,4.09,0.0,92.842908,0.0
2019-02-24,9,0,87,20.88,20.88,0.0,473.975529,0.0
2019-02-24,9,0,88,28.13,28.13,0.0,664.196924,0.0
2019-02-24,9,0,89,26.87,26.87,0.0,634.446191,0.0
2019-02-24,9,0,90,37.72,37.72,0.0,890.63306,0.0
2019-02-24,9,0,91,141.73,141.73,0.0,3346.485248,0.0
2019-02-24,9,0,92,49.87,49.87,0.0,1177.51513,0.0
2019-02-24,9,0,95,15.06,15.06,0.0,382.730223,0.0
2019-02-24,9,0,96,5.35,5.35,0.0,120.283154,0.0
2019-02-24,9,0,97,32.88,32.88,0.0,739.235533,0.0
2019-02-24,9,0,99,6.43,6.43,0.0,139.317146,0.0
2019-02-24,9,0,101,2.23,2.23,0.0,50.109374,0.0
2019-02-24,9,0,102,2.13,2.13,0.0,50.764697,0.0
2019-02-24,9,0,103,1.85,1.85,0.0,44.091404,0.0
2019-02-24,9,0,104,0.35,0.35,0.0,8.341617,0.0
2019-02-24,9,0,106,51.31,51.31,0.0,1152.363027,0.0
2019-02-24,9,0,109,110.09,110.09,0.0,2350.886826,0.0
2019-02-24,9,0,110,9.28,9.28,0.0,227.696368,0.0
2019-02-24,9,0,111,4.38,4.38,0.0,96.195546,0.0
2019-02-24,9,0,113,6.71,6.71,0.0,159.903942,0.0
2019-02-24,9,0,115,6.71,6.71,0.0,159.903942,0.0
2019-02-24,9,0,116,28.78,28.78,0.0,706.153175,0.0
2019-02-24,9,0,117,0.46,0.46,0.0,10.962118,0.0
2019-02-24,9,0,119,3.38,3.38,0.0,84.447527,0.0
2019-02-24,9,0,120,1.99,1.99,0.0,49.719106,0.0
2019-02-24,9,0,123,0.86,0.86,0.0,19.314602,0.0
2019-02-24,9,0,125,59.13,59.13,0.0,1327.991148,0.0
2019-02-24,9,0,126,38.49,38.49,0.0,864.440712,0.0
2019-02-24,9,0,127,49.39,49.39,0.0,1109.242056,0.0
2019-02-24,9,0,128,84.7,84.7,0.0,1902.26366,0.0
2019-02-24,9,0,131,4.29,4.29,0.0,102.046103,0.0
2019-02-24,9,0,132,6.3,6.3,0.0,149.857913,0.0
2019-02-24,9,0,133,41.94,41.94,0.0,974.994192,0.0
2019-02-24,9,0,134,0.0,0.0,0.0,0.0,0.0
2019-02-24,9,0,135,56.2,56.2,0.0,1306.501516,0.0
2019-02-24,9,0,136,30.85,30.85,0.0,438.143944,0.0
2019-02-24,9,0,139,26.8,26.8,0.0,588.593749,0.0
2019-02-24,9,0,140,6.87,6.87,0.0,168.564014,0.0
2019-02-24,9,0,141,59.13,59.13,0.0,1419.490082,0.0
2019-02-24,9,0,142,85.34,85.34,0.0,2048.694125,0.0
2019-02-24,9,0,143,2.69,2.69,0.0,60.445836,0.0
2019-02-24,9,0,145,6.11,6.11,0.0,134.7761,0.0
2019-02-24,9,0,146,63.56,63.56,0.0,1559.523829,0.0
2019-02-24,9,0,152,2.08,2.08,0.0,44.841228,0.0
2019-02-24,9,0,153,2.6,2.6,0.0,55.984994,0.0
2019-02-24,9,0,154,18.08,18.08,0.0,397.081156,0.0
2019-02-24,9,0,157,31.92,31.92,0.0,766.279781,0.0
2019-02-24,9,0,158,46.82,46.82,0.0,1123.973037,0.0
2019-02-24,9,0,159,0.0,0.0,0.0,0.0,0.0
2019-02-24,9,0,160,0.7,0.7,0.0,13.475361,0.0
2019-02-24,9,0,161,13.42,13.42,0.0,319.841427,0.0
2019-02-24,9,0,162,9.25,9.25,0.0,235.004491,0.0
2019-02-24,9,0,163,0.0,0.0,0.0,0.0,0.0
2019-02-24,9,0,164,3.9,3.9,0.0,87.635228,0.0
2019-02-24,9,0,167,1.84,1.84,0.0,46.775931,0.0
2019-02-24,9,0,168,0.92,0.92,0.0,23.387966,0.0
2019-02-24,9,0,169,0.0,0.0,0.0,0.0,0.0
2019-02-24,9,0,170,2.01,2.01,0.0,51.097621,0.0
2019-02-24,9,0,172,2.43,2.43,0.0,63.920448,0.0
2019-02-24,9,0,173,3.7,3.7,0.0,97.327431,0.0
2019-02-24,9,0,188,3.21,3.21,0.0,82.021399,0.0
2019-02-24,9,0,190,2.51,2.51,0.0,62.711033,0.0
2019-02-24,9,0,191,6.49,6.49,0.0,162.149246,0.0
2019-02-24,9,0,192,9.51,9.51,0.0,237.602362,0.0
2019-02-24,9,0,194,24.35,24.35,0.0,582.115863,0.0
2019-02-24,9,0,196,1.59,1.59,0.0,39.298178,0.0
2019-02-24,9,0,198,3.2,3.2,0.0,53.261755,0.0
2019-02-24,9,0,199,20.66,20.66,0.0,309.456664,0.0
2019-02-24,9,0,200,5.82,5.82,0.0,87.175111,0.0
2019-02-24,9,0,204,273.53,273.53,0.0,5839.405994,0.0
2019-02-24,9,0,205,620.01,620.01,0.0,13239.834143,0.0
2019-02-24,9,0,206,96.63,96.63,0.0,2172.516105,0.0
2019-02-24,9,0,210,0.88,0.88,0.0,7.88817,0.0
2019-02-24,9,0,214,4.72,4.72,0.0,108.350564,0.0
2019-02-24,9,0,217,3.25,3.25,0.0,54.637854,0.0
2019-02-24,9,0,218,4.49,4.49,0.0,75.484297,0.0
2019-02-24,9,0,219,3.06,3.06,0.0,51.443641,0.0
2019-02-24,9,0,221,2.52,2.52,0.0,57.848183,0.0
2019-02-24,9,0,225,2.55,2.55,0.0,21.500406,0.0
2019-02-24,9,0,233,2.31,2.31,0.0,52.436948,0.0
2019-02-24,9,0,236,128.17,128.17,0.0,2800.733364,0.0
2019-02-24,9,0,237,79.94,79.94,0.0,1732.039291,0.0
2019-02-24,9,0,238,20.97,20.97,0.0,373.347207,0.0
2019-02-24,9,0,240,3.22,3.22,0.0,67.166588,0.0
2019-02-24,9,0,245,78.0,78.0,0.0,1602.6624,0.0
2019-02-24,9,0,247,171.72,171.72,0.0,3528.322914,0.0
2019-02-24,9,0,248,8.02,8.02,0.0,173.767264,0.0
2019-02-24,9,0,249,150.0,150.0,0.0,3082.043077,0.0
2019-02-24,9,0,251,88.45,88.45,0.0,1446.882439,0.0
2019-02-24,9,0,252,140.19,140.19,0.0,1928.051443,0.0
2019-02-24,9,0,254,4.87,4.87,0.0,97.685402,0.0
2019-02-24,9,0,255,2.23,2.23,0.0,44.730687,0.0
2019-02-24,9,0,258,3.97,3.97,0.0,82.471229,0.0
2019-02-24,9,0,260,1.7,1.7,0.0,32.725878,0.0
2019-02-24,9,0,265,18.72,18.72,0.0,411.137126,0.0
2019-02-24,9,0,266,17.36,17.36,0.0,381.26819,0.0
2019-02-24,9,0,267,21.33,21.33,0.0,468.45913,0.0
2019-02-24,9,0,270,0.0,0.0,0.0,0.0,0.0
2019-02-24,9,0,272,22.39,22.39,0.0,533.569189,0.0
2019-02-24,9,0,273,6.88,6.88,0.0,168.809376,0.0
2019-02-24,9,0,274,0.0,0.0,0.0,0.0,0.0
2019-02-24,9,0,275,0.0,0.0,0.0,0.0,0.0
2019-02-24,9,0,276,1.55,1.55,0.0,37.847763,0.0
2019-02-24,9,0,277,1.96,1.96,0.0,46.536068,0.0
2019-02-24,9,0,278,3.13,3.13,0.0,74.315251,0.0
2019-02-24,9,0,279,11.75,11.75,0.0,278.978977,0.0
2019-02-24,9,0,281,0.92,0.92,0.0,20.672925,0.0
2019-02-24,9,0,282,60.8,60.8,0.0,1366.210728,0.0
2019-02-24,10,0,9,1.89,1.89,0.0,12.920131,0.0
2019-02-24,10,0,17,31.93,31.93,0.0,183.024436,0.0
2019-02-24,10,0,19,349.46,349.46,0.0,2003.123065,0.0
2019-02-24,10,0,20,433.01,433.01,0.0,2482.036051,0.0
2019-02-24,10,0,21,43.12,43.12,0.0,294.770406,0.0
2019-02-24,10,0,22,153.24,153.24,0.0,1047.556052,0.0
2019-02-24,10,0,23,39.23,39.23,0.0,268.178177,0.0
2019-02-24,10,0,24,69.42,69.42,0.0,474.558478,0.0
2019-02-24,10,0,29,5.73,5.73,0.0,53.137586,0.0
2019-02-24,10,0,30,342.92,342.92,0.0,2340.348671,0.0
2019-02-24,10,0,31,18.72,18.72,0.0,127.759615,0.0
2019-02-24,10,0,32,3.63,3.63,0.0,92.364311,0.0
2019-02-24,10,0,33,1.7,1.7,0.0,15.213911,0.0
2019-02-24,10,0,34,2.72,2.72,0.0,24.342257,0.0
2019-02-24,10,0,35,2.72,2.72,0.0,24.342257,0.0
2019-02-24,10,0,36,6.64,6.64,0.0,54.05954,0.0
2019-02-24,10,0,37,3.15,3.15,0.0,25.632066,0.0
2019-02-24,10,0,38,4.05,4.05,0.0,32.955513,0.0
2019-02-24,10,0,39,2.7,2.7,0.0,21.970342,0.0
2019-02-24,10,0,40,2.7,2.7,0.0,21.970342,0.0
2019-02-24,10,0,41,30.46,30.46,0.0,226.107274,0.0
2019-02-24,10,0,42,35.31,35.31,0.0,275.795264,0.0
2019-02-24,10,0,43,20.39,20.39,0.0,167.808437,0.0
2019-02-24,10,0,46,17.98,17.98,0.0,144.163704,0.0
2019-02-24,10,0,52,19.85,19.85,0.0,135.4716,0.0
2019-02-24,10,0,53,31.65,31.65,0.0,216.003836,0.0
2019-02-24,10,0,55,51.72,51.72,0.0,353.560421,0.0
2019-02-24,10,0,56,101.15,101.15,0.0,690.325056,0.0
2019-02-24,10,0,57,96.21,96.21,0.0,656.610713,0.0
2019-02-24,10,0,58,185.03,185.03,0.0,1262.786407,0.0
2019-02-24,10,0,59,181.94,181.94,0.0,1241.697881,0.0
2019-02-24,10,0,63,1.6,1.6,0.0,42.136278,0.0
2019-02-24,10,0,64,1.89,1.89,0.0,49.773478,0.0
2019-02-24,10,0,65,36.41,36.41,0.0,260.226334,0.0
2019-02-24,10,0,67,197.74,197.74,0.0,1261.275795,0.0
2019-02-24,10,0,68,0.93,0.93,0.0,5.576739,0.0
2019-02-24,10,0,69,1.7,1.7,0.0,15.213911,0.0
2019-02-24,10,0,74,72.73,72.73,0.0,599.299733,0.0
2019-02-24,10,0,77,9.68,9.68,0.0,55.672545,0.0
2019-02-24,10,0,78,7.32,7.32,0.0,42.099486,0.0
2019-02-24,10,0,79,4.23,4.23,0.0,24.327982,0.0
2019-02-24,10,0,80,6.85,6.85,0.0,39.396377,0.0
2019-02-24,10,0,81,8.95,8.95,0.0,51.474099,0.0
2019-02-24,10,0,82,6.32,6.32,0.0,36.34819,0.0
2019-02-24,10,0,83,14.08,14.08,0.0,80.978247,0.0
2019-02-24,10,0,84,0.0,0.0,0.0,0.0,0.0
2019-02-24,10,0,86,8.61,8.61,0.0,77.053984,0.0
2019-02-24,10,0,87,43.98,43.98,0.0,393.592825,0.0
2019-02-24,10,0,88,17.18,17.18,0.0,98.807264,0.0
2019-02-24,10,0,89,16.43,16.43,0.0,94.493792,0.0
2019-02-24,10,0,90,22.82,22.82,0.0,131.244573,0.0
2019-02-24,10,0,91,84.53,84.53,0.0,486.157045,0.0
2019-02-24,10,0,92,29.95,29.95,0.0,172.251313,0.0
2019-02-24,10,0,95,35.71,35.71,0.0,907.522993,0.0
2019-02-24,10,0,96,3.94,3.94,0.0,26.843119,0.0
2019-02-24,10,0,97,24.25,24.25,0.0,165.214627,0.0
2019-02-24,10,0,99,14.95,14.95,0.0,123.188932,0.0
2019-02-24,10,0,101,6.91,6.91,0.0,47.159131,0.0
2019-02-24,10,0,102,2.19,2.19,0.0,13.132322,0.0
2019-02-24,10,0,103,1.91,1.91,0.0,11.453303,0.0
2019-02-24,10,0,104,0.35,0.35,0.0,2.098773,0.0
2019-02-24,10,0,106,150.86,150.86,0.0,1031.286256,0.0
2019-02-24,10,0,109,87.91,87.91,0.0,686.778823,0.0
2019-02-24,10,0,110,17.71,17.71,0.0,133.67762,0.0
2019-02-24,10,0,111,11.28,11.28,0.0,83.732438,0.0
2019-02-24,10,0,113,8.47,8.47,0.0,46.029603,0.0
2019-02-24,10,0,115,8.47,8.47,0.0,46.029603,0.0
2019-02-24,10,0,116,78.2,78.2,0.0,590.264814,0.0
2019-02-24,10,0,117,0.56,0.56,0.0,3.04328,0.0
2019-02-24,10,0,119,1.89,1.89,0.0,49.773478,0.0
2019-02-24,10,0,120,1.11,1.11,0.0,29.232043,0.0
2019-02-24,10,0,123,2.51,2.51,0.0,17.158481,0.0
2019-02-24,10,0,125,62.82,62.82,0.0,429.440558,0.0
2019-02-24,10,0,126,113.14,113.14,0.0,773.430512,0.0
2019-02-24,10,0,127,145.2,145.2,0.0,992.594223,0.0
2019-02-24,10,0,128,89.97,89.97,0.0,615.039271,0.0
2019-02-24,10,0,131,3.66,3.66,0.0,21.57381,0.0
2019-02-24,10,0,132,5.9,5.9,0.0,34.777454,0.0
2019-02-24,10,0,133,41.94,41.94,0.0,369.497843,0.0
2019-02-24,10,0,134,0.0,0.0,0.0,0.0,0.0
2019-02-24,10,0,135,56.2,56.2,0.0,495.130633,0.0
2019-02-24,10,0,136,45.9,45.9,0.0,331.618113,0.0
2019-02-24,10,0,139,39.34,39.34,0.0,292.024299,0.0
2019-02-24,10,0,140,13.11,13.11,0.0,98.95616,0.0
2019-02-24,10,0,141,46.27,46.27,0.0,295.131137,0.0
2019-02-24,10,0,142,260.78,260.78,0.0,1663.373631,0.0
2019-02-24,10,0,143,24.47,24.47,0.0,167.002018,0.0
2019-02-24,10,0,145,8.95,8.95,0.0,64.362119,0.0
2019-02-24,10,0,146,76.59,76.59,0.0,578.112303,0.0
2019-02-24,10,0,152,4.85,4.85,0.0,40.047441,0.0
2019-02-24,10,0,153,6.05,6.05,0.0,49.859956,0.0
2019-02-24,10,0,154,46.53,46.53,0.0,345.396305,0.0
2019-02-24,10,0,157,42.27,42.27,0.0,269.617315,0.0
2019-02-24,10,0,158,169.04,169.04,0.0,1078.214121,0.0
2019-02-24,10,0,159,0.0,0.0,0.0,0.0,0.0
2019-02-24,10,0,160,1.61,1.61,0.0,13.708132,0.0
2019-02-24,10,0,161,38.52,38.52,0.0,230.984946,0.0
2019-02-24,10,0,162,15.9,15.9,0.0,404.313761,0.0
2019-02-24,10,0,163,0.0,0.0,0.0,0.0,0.0
2019-02-24,10,0,164,12.7,12.7,0.0,86.674525,0.0
2019-02-24,10,0,167,4.16,4.16,0.0,105.637398,0.0
2019-02-24,10,0,168,2.08,2.08,0.0,52.818699,0.0
2019-02-24,10,0,169,0.0,0.0,0.0,0.0,0.0
2019-02-24,10,0,170,4.55,4.55,0.0,115.540904,0.0
2019-02-24,10,0,172,5.47,5.47,0.0,133.815468,0.0
2019-02-24,10,0,173,8.34,8.34,0.0,204.025778,0.0
2019-02-24,10,0,188,7.39,7.39,0.0,183.621995,0.0
2019-02-24,10,0,190,6.45,6.45,0.0,169.86187,0.0
2019-02-24,10,0,191,16.67,16.67,0.0,439.007344,0.0
2019-02-24,10,0,192,9.62,9.62,0.0,253.34437,0.0
2019-02-24,10,0,194,8.47,8.47,0.0,41.117363,0.0
2019-02-24,10,0,196,4.16,4.16,0.0,110.49757,0.0
2019-02-24,10,0,198,7.11,7.11,0.0,63.972829,0.0
2019-02-24,10,0,199,19.81,19.81,0.0,173.456207,0.0
2019-02-24,10,0,200,13.15,13.15,0.0,115.141298,0.0
2019-02-24,10,0,204,117.28,117.28,0.0,911.035183,0.0
2019-02-24,10,0,205,519.19,519.19,0.0,4056.065263,0.0
2019-02-24,10,0,206,71.25,71.25,0.0,485.42442,0.0
2019-02-24,10,0,210,1.78,1.78,0.0,16.619957,0.0
2019-02-24,10,0,214,9.57,9.57,0.0,87.398034,0.0
2019-02-24,10,0,217,6.56,6.56,0.0,60.512802,0.0
2019-02-24,10,0,218,9.05,9.05,0.0,83.481838,0.0
2019-02-24,10,0,219,6.17,6.17,0.0,56.915242,0.0
2019-02-24,10,0,221,5.1,5.1,0.0,46.575755,0.0
2019-02-24,10,0,225,5.12,5.12,0.0,47.449318,0.0
2019-02-24,10,0,233,4.87,4.87,0.0,43.58338,0.0
2019-02-24,10,0,236,159.03,159.03,0.0,1342.114612,0.0
2019-02-24,10,0,237,169.94,169.94,0.0,1400.316193,0.0
2019-02-24,10,0,238,45.96,45.96,0.0,358.979052,0.0
2019-02-24,10,0,240,7.53,7.53,0.0,61.305473,0.0
2019-02-24,10,0,245,78.0,78.0,0.0,653.176037,0.0
2019-02-24,10,0,247,171.72,171.72,0.0,1437.992168,0.0
2019-02-24,10,0,248,18.55,18.55,0.0,152.853156,0.0
2019-02-24,10,0,249,150.0,150.0,0.0,1256.107764,0.0
2019-02-24,10,0,251,118.12,118.12,0.0,895.942194,0.0
2019-02-24,10,0,252,234.88,234.88,0.0,1678.713574,0.0
2019-02-24,10,0,254,10.9,10.9,0.0,90.484296,0.0
2019-02-24,10,0,255,5.0,5.0,0.0,41.506558,0.0
2019-02-24,10,0,258,9.3,9.3,0.0,75.848763,0.0
2019-02-24,10,0,260,3.9,3.9,0.0,33.206035,0.0
2019-02-24,10,0,265,48.18,48.18,0.0,357.644401,0.0
2019-02-24,10,0,266,25.47,25.47,0.0,189.066063,0.0
2019-02-24,10,0,267,31.3,31.3,0.0,232.342668,0.0
2019-02-24,10,0,270,0.0,0.0,0.0,0.0,0.0
2019-02-24,10,0,272,28.3,28.3,0.0,153.794304,0.0
2019-02-24,10,0,273,18.7,18.7,0.0,141.150282,0.0
2019-02-24,10,0,274,0.0,0.0,0.0,0.0,0.0
2019-02-24,10,0,275,0.0,0.0,0.0,0.0,0.0
2019-02-24,10,0,276,4.2,4.2,0.0,30.605303,0.0
2019-02-24,10,0,277,5.19,5.19,0.0,28.864005,0.0
2019-02-24,10,0,278,8.3,8.3,0.0,46.160162,0.0
2019-02-24,10,0,279,8.64,8.64,0.0,48.05106,0.0
2019-02-24,10,0,281,8.34,8.34,0.0,56.918546,0.0
2019-02-24,10,0,282,188.11,188.11,0.0,1283.806685,0.0
2019-02-24,11,0,9,2.84,2.84,0.0,34.060028,0.0
2019-02-24,11,0,17,48.49,48.49,0.0,877.71,0.0
2019-02-24,11,0,19,192.99,192.99,0.0,3493.282179,0.0
2019-02-24,11,0,20,234.06,234.06,0.0,4236.683905,0.0
2019-02-24,11,0,21,64.89,64.89,0.0,778.223663,0.0
2019-02-24,11,0,22,230.63,230.63,0.0,2765.938102,0.0
2019-02-24,11,0,23,27.76,27.76,0.0,332.924779,0.0
2019-02-24,11,0,24,49.1,49.1,0.0,588.854706,0.0
2019-02-24,11,0,29,8.43,8.43,0.0,54.237339,0.0
2019-02-24,11,0,30,520.64,520.64,0.0,6228.877985,0.0
2019-02-24,11,0,31,26.84,26.84,0.0,321.11072,0.0
2019-02-24,11,0,32,5.52,5.52,0.0,101.939746,0.0
2019-02-24,11,0,33,2.61,2.61,0.0,51.363657,0.0
2019-02-24,11,0,34,4.17,4.17,0.0,82.063774,0.0
2019-02-24,11,0,35,4.17,4.17,0.0,82.063774,0.0
2019-02-24,11,0,36,10.06,10.06,0.0,151.945534,0.0
2019-02-24,11,0,37,4.86,4.86,0.0,72.814562,0.0
2019-02-24,11,0,38,6.25,6.25,0.0,93.640126,0.0
2019-02-24,11,0,39,4.17,4.17,0.0,62.476692,0.0
2019-02-24,11,0,40,4.17,4.17,0.0,62.476692,0.0
2019-02-24,11,0,41,20.04,20.04,0.0,273.063212,0.0
2019-02-24,11,0,42,54.31,54.31,0.0,964.471473,0.0
2019-02-24,11,0,43,31.3,31.3,0.0,465.607891,0.0
2019-02-24,11,0,46,27.5,27.5,0.0,401.145895,0.0
2019-02-24,11,0,52,28.53,28.53,0.0,341.329688,0.0
2019-02-24,11,0,53,46.47,46.47,0.0,555.961816,0.0
2019-02-24,11,0,55,137.64,137.64,0.0,1650.712051,0.0
2019-02-24,11,0,56,153.57,153.57,0.0,1837.294085,0.0
2019-02-24,11,0,57,146.08,146.08,0.0,1747.684573,0.0
2019-02-24,11,0,58,280.92,280.92,0.0,3360.895059,0.0
2019-02-24,11,0,59,276.24,276.24,0.0,3304.904069,0.0
2019-02-24,11,0,63,1.46,1.46,0.0,28.293159,0.0
2019-02-24,11,0,64,1.72,1.72,0.0,33.331667,0.0
2019-02-24,11,0,65,41.4,41.4,0.0,746.74322,0.0
2019-02-24,11,0,67,299.62,299.62,0.0,2383.981736,0.0
2019-02-24,11,0,68,3.5,3.5,0.0,29.912295,0.0
2019-02-24,11,0,69,2.61,2.61,0.0,51.363657,0.0
2019-02-24,11,0,74,98.9,98.9,0.0,1614.171137,0.0
2019-02-24,11,0,77,16.26,16.26,0.0,149.96877,0.0
2019-02-24,11,0,78,12.29,12.29,0.0,113.352779,0.0
2019-02-24,11,0,79,7.11,7.11,0.0,65.57675,0.0
2019-02-24,11,0,80,11.5,11.5,0.0,106.066473,0.0
2019-02-24,11,0,81,15.04,15.04,0.0,138.716501,0.0
2019-02-24,11,0,82,10.61,10.61,0.0,97.857851,0.0
2019-02-24,11,0,83,23.65,23.65,0.0,218.128008,0.0
2019-02-24,11,0,84,0.0,0.0,0.0,0.0,0.0
2019-02-24,11,0,86,13.21,13.21,0.0,259.967016,0.0
2019-02-24,11,0,87,67.44,67.44,0.0,1327.189673,0.0
2019-02-24,11,0,88,12.64,12.64,0.0,116.580889,0.0
2019-02-24,11,0,89,12.15,12.15,0.0,112.061535,0.0
2019-02-24,11,0,90,16.31,16.31,0.0,150.429929,0.0
2019-02-24,11,0,91,58.19,58.19,0.0,536.696356,0.0
2019-02-24,11,0,92,20.93,20.93,0.0,193.040982,0.0
2019-02-24,11,0,95,46.58,46.58,0.0,859.71097,0.0
2019-02-24,11,0,96,7.5,7.5,0.0,89.501208,0.0
2019-02-24,11,0,97,55.09,55.09,0.0,657.416208,0.0
2019-02-24,11,0,99,21.22,21.22,0.0,346.33682,0.0
2019-02-24,11,0,101,10.49,10.49,0.0,125.501172,0.0
2019-02-24,11,0,102,8.3,8.3,0.0,70.934871,0.0
2019-02-24,11,0,103,7.21,7.21,0.0,61.619328,0.0
2019-02-24,11,0,104,1.34,1.34,0.0,11.452136,0.0
2019-02-24,11,0,106,227.03,227.03,0.0,2722.763419,0.0
2019-02-24,11,0,109,37.56,37.56,0.0,541.424507,0.0
2019-02-24,11,0,110,16.11,16.11,0.0,99.090661,0.0
2019-02-24,11,0,111,16.87,16.87,0.0,229.869082,0.0
2019-02-24,11,0,113,10.21,10.21,0.0,89.162167,0.0
2019-02-24,11,0,115,10.21,10.21,0.0,89.162167,0.0
2019-02-24,11,0,116,115.71,115.71,0.0,711.718209,0.0
2019-02-24,11,0,117,0.69,0.69,0.0,6.025651,0.0
2019-02-24,11,0,119,1.72,1.72,0.0,33.331667,0.0
2019-02-24,11,0,120,1.01,1.01,0.0,19.572665,0.0
2019-02-24,11,0,123,3.78,3.78,0.0,45.333417,0.0
2019-02-24,11,0,125,44.43,44.43,0.0,532.847548,0.0
2019-02-24,11,0,126,170.27,170.27,0.0,2042.042582,0.0
2019-02-24,11,0,127,218.52,218.52,0.0,2620.703265,0.0
2019-02-24,11,0,128,63.63,63.63,0.0,763.112524,0.0
2019-02-24,11,0,131,5.89,5.89,0.0,51.265717,0.0
2019-02-24,11,0,132,8.67,8.67,0.0,75.462439,0.0
2019-02-24,11,0,133,41.94,41.94,0.0,759.40065,0.0
2019-02-24,11,0,134,0.0,0.0,0.0,0.0,0.0
2019-02-24,11,0,135,56.2,56.2,0.0,1017.604114,0.0
2019-02-24,11,0,136,45.9,45.9,0.0,827.750777,0.0
2019-02-24,11,0,139,25.88,25.88,0.0,352.63852,0.0
2019-02-24,11,0,140,11.92,11.92,0.0,73.318478,0.0
2019-02-24,11,0,141,83.75,83.75,0.0,666.372306,0.0
2019-02-24,11,0,142,395.12,395.12,0.0,3143.845082,0.0
2019-02-24,11,0,143,33.91,33.91,0.0,405.695399,0.0
2019-02-24,11,0,145,21.15,21.15,0.0,272.324933,0.0
2019-02-24,11,0,146,139.61,139.61,0.0,858.724217,0.0
2019-02-24,11,0,152,7.59,7.59,0.0,123.351696,0.0
2019-02-24,11,0,153,9.56,9.56,0.0,154.560823,0.0
2019-02-24,11,0,154,69.59,69.59,0.0,948.226994,0.0
2019-02-24,11,0,157,53.99,53.99,0.0,429.581383,0.0
2019-02-24,11,0,158,264.83,264.83,0.0,2107.168691,0.0
2019-02-24,11,0,159,0.0,0.0,0.0,0.0,0.0
2019-02-24,11,0,160,2.47,2.47,0.0,36.538219,0.0
2019-02-24,11,0,161,57.55,57.55,0.0,491.843593,0.0
2019-02-24,11,0,162,34.41,34.41,0.0,635.558267,0.0
2019-02-24,11,0,163,0.0,0.0,0.0,0.0,0.0
2019-02-24,11,0,164,19.72,19.72,0.0,235.927846,0.0
2019-02-24,11,0,167,6.17,6.17,0.0,113.740867,0.0
2019-02-24,11,0,168,3.08,3.08,0.0,56.778261,0.0
2019-02-24,11,0,169,0.0,0.0,0.0,0.0,0.0
2019-02-24,11,0,170,6.74,6.74,0.0,124.248532,0.0
2019-02-24,11,0,172,8.15,8.15,0.0,143.252681,0.0
2019-02-24,11,0,173,12.43,12.43,0.0,218.48231,0.0
2019-02-24,11,0,188,11.14,11.14,0.0,201.274171,0.0
2019-02-24,11,0,190,9.52,9.52,0.0,184.486902,0.0
2019-02-24,11,0,191,24.59,24.59,0.0,476.526566,0.0
2019-02-24,11,0,192,0.0,0.0,0.0,0.0,0.0
2019-02-24,11,0,194,9.54,9.54,0.0,83.134122,0.0
2019-02-24,11,0,196,6.19,6.19,0.0,125.549308,0.0
2019-02-24,11,0,198,11.01,11.01,0.0,152.841388,0.0
2019-02-24,11,0,199,26.22,26.22,0.0,273.914509,0.0
2019-02-24,11,0,200,20.06,20.06,0.0,209.562359,0.0
2019-02-24,11,0,204,100.59,100.59,0.0,1433.087239,0.0
2019-02-24,11,0,205,245.6,245.6,0.0,3540.305083,0.0
2019-02-24,11,0,206,210.58,210.58,0.0,2512.955255,0.0
2019-02-24,11,0,210,2.57,2.57,0.0,18.286799,0.0
2019-02-24,11,0,214,14.52,14.52,0.0,299.349947,0.0
2019-02-24,11,0,217,9.88,9.88,0.0,145.473976,0.0
2019-02-24,11,0,218,13.64,13.64,0.0,200.836542,0.0
2019-02-24,11,0,219,9.29,9.29,0.0,136.786765,0.0
2019-02-24,11,0,221,7.75,7.75,0.0,159.777004,0.0
2019-02-24,11,0,225,7.64,7.64,0.0,48.651674,0.0
2019-02-24,11,0,233,7.47,7.47,0.0,147.006329,0.0
2019-02-24,11,0,236,159.03,159.03,0.0,2738.460954,0.0
2019-02-24,11,0,237,220.49,220.49,0.0,3598.671324,0.0
2019-02-24,11,0,238,70.69,70.69,0.0,1255.357916,0.0
2019-02-24,11,0,240,11.4,11.4,0.0,172.1848,0.0
2019-02-24,11,0,245,78.0,78.0,0.0,1430.099574,0.0
2019-02-24,11,0,247,171.72,171.72,0.0,3148.419217,0.0
2019-02-24,11,0,248,26.25,26.25,0.0,428.432683,0.0
2019-02-24,11,0,249,150.0,150.0,0.0,2750.191489,0.0
2019-02-24,11,0,251,169.25,169.25,0.0,3035.144166,0.0
2019-02-24,11,0,252,267.06,267.06,0.0,4817.034886,0.0
2019-02-24,11,0,254,17.23,17.23,0.0,255.949263,0.0
2019-02-24,11,0,255,7.9,7.9,0.0,117.353405,0.0
2019-02-24,11,0,258,14.01,14.01,0.0,211.089525,0.0
2019-02-24,11,0,260,6.01,6.01,0.0,88.904736,0.0
2019-02-24,11,0,265,72.05,72.05,0.0,981.746729,0.0
2019-02-24,11,0,266,16.76,16.76,0.0,228.370232,0.0
2019-02-24,11,0,267,20.6,20.6,0.0,280.693721,0.0
2019-02-24,11,0,270,0.0,0.0,0.0,0.0,0.0
2019-02-24,11,0,272,34.08,34.08,0.0,297.614755,0.0
2019-02-24,11,0,273,27.67,27.67,0.0,170.194822,0.0
2019-02-24,11,0,274,0.0,0.0,0.0,0.0,0.0
2019-02-24,11,0,275,0.0,0.0,0.0,0.0,0.0
2019-02-24,11,0,276,6.23,6.23,0.0,40.831901,0.0
2019-02-24,11,0,277,7.76,7.76,0.0,69.292255,0.0
2019-02-24,11,0,278,12.42,12.42,0.0,110.903325,0.0
2019-02-24,11,0,279,24.35,24.35,0.0,217.431237,0.0
2019-02-24,11,0,281,11.7,11.7,0.0,139.977475,0.0
2019-02-24,11,0,282,285.6,285.6,0.0,3416.886049,0.0
2019-02-24,12,0,9,3.82,3.82,0.0,-1496.504902,0.0
2019-02-24,12,0,17,61.28,61.28,0.0,415.711387,0.0
2019-02-24,12,0,19,192.99,192.99,0.0,1309.205949,0.0
2019-02-24,12,0,20,234.06,234.06,0.0,1587.816697,0.0
2019-02-24,12,0,21,87.32,87.32,0.0,-34208.064937,0.0
2019-02-24,12,0,22,310.33,310.33,0.0,-121573.39432,0.0
2019-02-24,12,0,23,29.85,29.85,0.0,-11693.893019,0.0
2019-02-24,12,0,24,49.98,49.98,0.0,-19579.925396,0.0
2019-02-24,12,0,29,10.55,10.55,0.0,49.425013,0.0
2019-02-24,12,0,30,699.46,699.46,0.0,-699460.0,0.0
2019-02-24,12,0,31,39.27,39.27,0.0,-39270.0,0.0
2019-02-24,12,0,32,7.17,7.17,0.0,160.936003,0.0
2019-02-24,12,0,33,3.46,3.46,0.0,37.137772,0.0
2019-02-24,12,0,34,5.54,5.54,0.0,59.463369,0.0
2019-02-24,12,0,35,5.54,5.54,0.0,59.463369,0.0
2019-02-24,12,0,36,13.67,13.67,0.0,14.433121,0.0
2019-02-24,12,0,37,6.57,6.57,0.0,7.010458,0.0
2019-02-24,12,0,38,8.44,8.44,0.0,9.005824,0.0
2019-02-24,12,0,39,5.63,5.63,0.0,6.007439,0.0
2019-02-24,12,0,40,5.63,5.63,0.0,6.007439,0.0
2019-02-24,12,0,41,13.78,13.78,0.0,-177.450049,0.0
2019-02-24,12,0,42,70.25,70.25,0.0,416.417735,0.0
2019-02-24,12,0,43,42.94,42.94,0.0,80.090836,0.0
2019-02-24,12,0,46,36.26,36.26,0.0,8.920812,0.0
2019-02-24,12,0,52,41.63,41.63,0.0,-41630.0,0.0
2019-02-24,12,0,53,66.13,66.13,0.0,-66130.0,0.0
2019-02-24,12,0,55,257.33,257.33,0.0,-100810.36819,0.0
2019-02-24,12,0,56,206.32,206.32,0.0,-206320.0,0.0
2019-02-24,12,0,57,196.25,196.25,0.0,-196250.0,0.0
2019-02-24,12,0,58,377.41,377.41,0.0,-377410.0,0.0
2019-02-24,12,0,59,371.12,371.12,0.0,-371120.0,0.0
2019-02-24,12,0,63,4.28,4.28,0.0,101.083284,0.0
2019-02-24,12,0,64,5.04,5.04,0.0,119.032652,0.0
2019-02-24,12,0,65,41.4,41.4,0.0,274.265162,0.0
2019-02-24,12,0,67,403.11,403.11,0.0,9144.722884,0.0
2019-02-24,12,0,68,9.84,9.84,0.0,238.927103,0.0
2019-02-24,12,0,69,3.46,3.46,0.0,37.137772,0.0
2019-02-24,12,0,74,149.7,149.7,0.0,275.537762,0.0
2019-02-24,12,0,77,29.16,29.16,0.0,769.289724,0.0
2019-02-24,12,0,78,22.04,22.04,0.0,581.452178,0.0
2019-02-24,12,0,79,12.76,12.76,0.0,336.630208,0.0
2019-02-24,12,0,80,20.63,20.63,0.0,544.254012,0.0
2019-02-24,12,0,81,26.97,26.97,0.0,711.513849,0.0
2019-02-24,12,0,82,19.02,19.02,0.0,501.779511,0.0
2019-02-24,12,0,83,42.42,42.42,0.0,1119.110771,0.0
2019-02-24,12,0,84,0.0,0.0,0.0,0.0,0.0
2019-02-24,12,0,86,17.55,17.55,0.0,188.372225,0.0
2019-02-24,12,0,87,89.6,89.6,0.0,961.718026,0.0
2019-02-24,12,0,88,21.35,21.35,0.0,563.24882,0.0
2019-02-24,12,0,89,20.52,20.52,0.0,541.352028,0.0
2019-02-24,12,0,90,27.55,27.55,0.0,726.815222,0.0
2019-02-24,12,0,91,98.29,98.29,0.0,2593.055107,0.0
2019-02-24,12,0,92,35.35,35.35,0.0,932.592309,0.0
2019-02-24,12,0,95,78.36,78.36,0.0,1757.594161,0.0
2019-02-24,12,0,96,14.14,14.14,0.0,532.20222,0.0
2019-02-24,12,0,97,86.93,86.93,0.0,3271.876873,0.0
2019-02-24,12,0,99,28.89,28.89,0.0,53.174923,0.0
2019-02-24,12,0,101,14.09,14.09,0.0,-14090.0,0.0
2019-02-24,12,0,102,23.29,23.29,0.0,565.509373,0.0
2019-02-24,12,0,103,20.25,20.25,0.0,491.694495,0.0
2019-02-24,12,0,104,3.76,3.76,0.0,91.297348,0.0
2019-02-24,12,0,106,305.5,305.5,0.0,-119681.216656,0.0
2019-02-24,12,0,109,27.66,27.66,0.0,-37.808961,0.0
2019-02-24,12,0,110,27.96,27.96,0.0,497.649896,0.0
2019-02-24,12,0,111,22.8,22.8,0.0,-293.603854,0.0
2019-02-24,12,0,113,12.45,12.45,0.0,300.93496,0.0
2019-02-24,12,0,115,12.45,12.45,0.0,300.93496,0.0
2019-02-24,12,0,116,150.19,150.19,0.0,2673.177319,0.0
2019-02-24,12,0,117,0.83,0.83,0.0,20.062331,0.0
2019-02-24,12,0,119,5.04,5.04,0.0,119.032652,0.0
2019-02-24,12,0,120,2.96,2.96,0.0,69.908065,0.0
2019-02-24,12,0,123,5.09,5.09,0.0,-1994.034019,0.0
2019-02-24,12,0,125,45.73,45.73,0.0,-17914.965753,0.0
2019-02-24,12,0,126,229.12,229.12,0.0,-89758.953716,0.0
2019-02-24,12,0,127,294.04,294.04,0.0,-115191.701949,0.0
2019-02-24,12,0,128,62.69,62.69,0.0,-24559.134115,0.0
2019-02-24,12,0,131,12.48,12.48,0.0,308.348274,0.0
2019-02-24,12,0,132,18.35,18.35,0.0,453.380676,0.0
2019-02-24,12,0,133,41.94,41.94,0.0,285.141083,0.0
2019-02-24,12,0,134,0.0,0.0,0.0,0.0,0.0
2019-02-24,12,0,135,56.2,56.2,0.0,382.091771,0.0
2019-02-24,12,0,136,45.9,45.9,0.0,303.675841,0.0
2019-02-24,12,0,139,17.79,17.79,0.0,-229.08827,0.0
2019-02-24,12,0,140,20.69,20.69,0.0,368.253803,0.0
2019-02-24,12,0,141,145.17,145.17,0.0,3293.243584,0.0
2019-02-24,12,0,142,531.61,531.61,0.0,12059.800383,0.0
2019-02-24,12,0,143,49.77,49.77,0.0,-49770.0,0.0
2019-02-24,12,0,145,20.16,20.16,0.0,-117.842262,0.0
2019-02-24,12,0,146,230.54,230.54,0.0,4103.297818,0.0
2019-02-24,12,0,152,10.36,10.36,0.0,25.480424,0.0
2019-02-24,12,0,153,12.99,12.99,0.0,29.461234,0.0
2019-02-24,12,0,154,94.06,94.06,0.0,-1211.244672,0.0
2019-02-24,12,0,157,69.11,69.11,0.0,1567.78993,0.0
2019-02-24,12,0,158,364.56,364.56,0.0,8270.199634,0.0
2019-02-24,12,0,159,0.0,0.0,0.0,0.0,0.0
2019-02-24,12,0,160,3.36,3.36,0.0,14.173852,0.0
2019-02-24,12,0,161,77.67,77.67,0.0,1885.921553,0.0
2019-02-24,12,0,162,55.33,55.33,0.0,1242.008164,0.0
2019-02-24,12,0,163,12.76,12.76,0.0,227.110611,0.0
2019-02-24,12,0,164,27.38,27.38,0.0,-27380.0,0.0
2019-02-24,12,0,167,7.91,7.91,0.0,177.195286,0.0
2019-02-24,12,0,168,3.95,3.95,0.0,88.485636,0.0
2019-02-24,12,0,169,0.0,0.0,0.0,0.0,0.0
2019-02-24,12,0,170,8.65,8.65,0.0,193.772341,0.0
2019-02-24,12,0,172,10.56,10.56,0.0,221.409182,0.0
2019-02-24,12,0,173,16.09,16.09,0.0,337.355467,0.0
2019-02-24,12,0,188,14.47,14.47,0.0,319.842229,0.0
2019-02-24,12,0,190,12.4,12.4,0.0,292.858112,0.0
2019-02-24,12,0,191,32.04,32.04,0.0,756.707572,0.0
2019-02-24,12,0,192,0.0,0.0,0.0,0.0,0.0
2019-02-24,12,0,194,14.79,14.79,0.0,344.565319,0.0
2019-02-24,12,0,196,8.13,8.13,0.0,204.8359,0.0
2019-02-24,12,0,198,14.3,14.3,0.0,110.513871,0.0
2019-02-24,12,0,199,56.4,56.4,0.0,895.821922,0.0
2019-02-24,12,0,200,26.06,26.06,0.0,413.920555,0.0
2019-02-24,12,0,204,105.13,105.13,0.0,-174.905526,0.0
2019-02-24,12,0,205,146.34,146.34,0.0,-200.03483,0.0
2019-02-24,12,0,206,255.43,255.43,0.0,9613.890599,0.0
2019-02-24,12,0,210,3.16,3.16,0.0,17.794471,0.0
2019-02-24,12,0,214,18.31,18.31,0.0,239.119249,0.0
2019-02-24,12,0,217,12.19,12.19,0.0,120.748477,0.0
2019-02-24,12,0,218,16.83,16.83,0.0,166.710161,0.0
2019-02-24,12,0,219,11.46,11.46,0.0,113.517436,0.0
2019-02-24,12,0,221,9.76,9.76,0.0,127.460615,0.0
2019-02-24,12,0,225,9.26,9.26,0.0,42.535308,0.0
2019-02-24,12,0,233,9.93,9.93,0.0,106.583259,0.0
2019-02-24,12,0,236,147.83,147.83,0.0,688.176504,0.0
2019-02-24,12,0,237,359.12,359.12,0.0,660.996132,0.0
2019-02-24,12,0,238,91.44,91.44,0.0,542.024736,0.0
2019-02-24,12,0,240,15.5,15.5,0.0,16.365279,0.0
2019-02-24,12,0,245,78.0,78.0,0.0,574.753721,0.0
2019-02-24,12,0,247,171.72,171.72,0.0,1265.342422,0.0
2019-02-24,12,0,248,36.05,36.05,0.0,66.353616,0.0
2019-02-24,12,0,249,150.0,150.0,0.0,1105.295617,0.0
2019-02-24,12,0,251,274.16,274.16,0.0,1744.657098,0.0
2019-02-24,12,0,252,267.06,267.06,0.0,1769.209035,0.0
2019-02-24,12,0,254,22.96,22.96,0.0,56.382608,0.0
2019-02-24,12,0,255,10.53,10.53,0.0,25.8584,0.0
2019-02-24,12,0,258,19.14,19.14,0.0,22.710414,0.0
2019-02-24,12,0,260,8.17,8.17,0.0,34.464397,0.0
2019-02-24,12,0,265,97.38,97.38,0.0,-1253.997514,0.0
2019-02-24,12,0,266,11.52,11.52,0.0,-148.34721,0.0
2019-02-24,12,0,267,14.16,14.16,0.0,-182.343446,0.0
2019-02-24,12,0,270,39.86,39.86,0.0,709.453678,0.0
2019-02-24,12,0,272,41.62,41.62,0.0,1006.017113,0.0
2019-02-24,12,0,273,35.92,35.92,0.0,639.327048,0.0
2019-02-24,12,0,274,51.39,51.39,0.0,914.671965,0.0
2019-02-24,12,0,275,71.53,71.53,0.0,1273.136518,0.0
2019-02-24,12,0,276,8.19,8.19,0.0,154.707089,0.0
2019-02-24,12,0,277,10.01,10.01,0.0,250.826432,0.0
2019-02-24,12,0,278,16.02,16.02,0.0,401.422521,0.0
2019-02-24,12,0,279,63.75,63.75,0.0,1597.421083,0.0
2019-02-24,12,0,281,17.62,17.62,0.0,-17620.0,0.0
2019-02-24,12,0,282,383.7,383.7,0.0,-383700.0,0.0
2019-02-24,13,0,9,4.46,4.46,0.0,-1780.166079,0.0
2019-02-24,13,0,17,69.36,69.36,0.0,198.21866,0.0
2019-02-24,13,0,19,192.99,192.99,0.0,551.531419,0.0
2019-02-24,13,0,20,234.06,234.06,0.0,668.902244,0.0
2019-02-24,13,0,21,101.94,101.94,0.0,-40688.369968,0.0
2019-02-24,13,0,22,362.28,362.28,0.0,-144600.575556,0.0
2019-02-24,13,0,23,87.04,87.04,0.0,-34741.17836,0.0
2019-02-24,13,0,24,152.0,152.0,0.0,-60669.33721,0.0
2019-02-24,13,0,29,11.56,11.56,0.0,60.371923,0.0
2019-02-24,13,0,30,821.54,821.54,0.0,-821540.0,0.0
2019-02-24,13,0,31,58.18,58.18,0.0,-58180.0,0.0
2019-02-24,13,0,32,8.01,8.01,0.0,178.421887,0.0
2019-02-24,13,0,33,4.15,4.15,0.0,33.813652,0.0
2019-02-24,13,0,34,6.64,6.64,0.0,54.101843,0.0
2019-02-24,13,0,35,6.64,6.64,0.0,54.101843,0.0
2019-02-24,13,0,36,16.22,16.22,0.0,-78.066286,0.0
2019-02-24,13,0,37,7.75,7.75,0.0,-37.263201,0.0
2019-02-24,13,0,38,9.97,9.97,0.0,-47.937306,0.0
2019-02-24,13,0,39,6.65,6.65,0.0,-31.974231,0.0
2019-02-24,13,0,40,6.65,6.65,0.0,-31.974231,0.0
2019-02-24,13,0,41,10.6,10.6,0.0,-234.092882,0.0
2019-02-24,13,0,42,87.3,87.3,0.0,149.381451,0.0
2019-02-24,13,0,43,48.64,48.64,0.0,-171.562835,0.0
2019-02-24,13,0,46,40.93,40.93,0.0,-253.002886,0.0
2019-02-24,13,0,52,61.67,61.67,0.0,-61670.0,0.0
2019-02-24,13,0,53,97.97,97.97,0.0,-97970.0,0.0
2019-02-24,13,0,55,401.69,401.69,0.0,-160330.697789,0.0
2019-02-24,13,0,56,242.33,242.33,0.0,-242330.0,0.0
2019-02-24,13,0,57,230.51,230.51,0.0,-230510.0,0.0
2019-02-24,13,0,58,443.28,443.28,0.0,-443280.0,0.0
2019-02-24,13,0,59,435.89,435.89,0.0,-435890.0,0.0
2019-02-24,13,0,63,12.56,12.56,0.0,359.059854,0.0
2019-02-24,13,0,64,14.78,14.78,0.0,422.524255,0.0
2019-02-24,13,0,65,41.4,41.4,0.0,109.495187,0.0
2019-02-24,13,0,67,475.11,475.11,0.0,-5953.969938,0.0
2019-02-24,13,0,68,21.79,21.79,0.0,-34.398012,0.0
2019-02-24,13,0,69,4.15,4.15,0.0,33.813652,0.0
2019-02-24,13,0,74,150.31,150.31,0.0,-553.477906,0.0
2019-02-24,13,0,77,50.55,50.55,0.0,437.449936,0.0
2019-02-24,13,0,78,38.21,38.21,0.0,330.66196,0.0
2019-02-24,13,0,79,22.11,22.11,0.0,191.335669,0.0
2019-02-24,13,0,80,35.76,35.76,0.0,309.460133,0.0
2019-02-24,13,0,81,46.76,46.76,0.0,404.652008,0.0
2019-02-24,13,0,82,32.98,32.98,0.0,285.40255,0.0
2019-02-24,13,0,83,73.54,73.54,0.0,636.400956,0.0
2019-02-24,13,0,84,0.0,0.0,0.0,0.0,0.0
2019-02-24,13,0,86,21.03,21.03,0.0,171.349661,0.0
2019-02-24,13,0,87,107.35,107.35,0.0,874.673614,0.0
2019-02-24,13,0,88,36.32,36.32,0.0,314.306265,0.0
2019-02-24,13,0,89,34.92,34.92,0.0,302.190935,0.0
2019-02-24,13,0,90,46.88,46.88,0.0,405.690465,0.0
2019-02-24,13,0,91,167.24,167.24,0.0,1447.262658,0.0
2019-02-24,13,0,92,60.15,60.15,0.0,520.526482,0.0
2019-02-24,13,0,95,111.45,111.45,0.0,2499.794146,0.0
2019-02-24,13,0,96,27.04,27.04,0.0,673.020024,0.0
2019-02-24,13,0,97,166.28,166.28,0.0,4138.674908,0.0
2019-02-24,13,0,99,29.01,29.01,0.0,-106.821862,0.0
2019-02-24,13,0,101,16.55,16.55,0.0,-16550.0,0.0
2019-02-24,13,0,102,51.6,51.6,0.0,-81.456513,0.0
2019-02-24,13,0,103,44.87,44.87,0.0,-70.832437,0.0
2019-02-24,13,0,104,8.33,8.33,0.0,-13.14986,0.0
2019-02-24,13,0,106,356.64,356.64,0.0,-142349.423833,0.0
2019-02-24,13,0,109,32.95,32.95,0.0,-290.377214,0.0
2019-02-24,13,0,110,60.21,60.21,0.0,-2774.10475,0.0
2019-02-24,13,0,111,26.4,26.4,0.0,-583.023781,0.0
2019-02-24,13,0,113,25.57,25.57,0.0,184.800326,0.0
2019-02-24,13,0,115,25.57,25.57,0.0,184.800326,0.0
2019-02-24,13,0,116,171.53,171.53,0.0,-7903.042481,0.0
2019-02-24,13,0,117,1.7,1.7,0.0,12.286295,0.0
2019-02-24,13,0,119,14.78,14.78,0.0,422.524255,0.0
2019-02-24,13,0,120,8.69,8.69,0.0,248.425966,0.0
2019-02-24,13,0,123,5.94,5.94,0.0,-2370.893836,0.0
2019-02-24,13,0,125,138.01,138.01,0.0,-55085.363344,0.0
2019-02-24,13,0,126,267.48,267.48,0.0,-106762.067875,0.0
2019-02-24,13,0,127,343.26,343.26,0.0,-137008.925597,0.0
2019-02-24,13,0,128,194.83,194.83,0.0,-77764.51953,0.0
2019-02-24,13,0,131,23.8,23.8,0.0,32.049943,0.0
2019-02-24,13,0,132,34.99,34.99,0.0,47.118802,0.0
2019-02-24,13,0,133,41.94,41.94,0.0,120.698826,0.0
2019-02-24,13,0,134,0.0,0.0,0.0,0.0,0.0
2019-02-24,13,0,135,56.2,56.2,0.0,161.737578,0.0
2019-02-24,13,0,136,45.9,45.9,0.0,120.860085,0.0
2019-02-24,13,0,139,13.69,13.69,0.0,-302.333165,0.0
2019-02-24,13,0,140,44.56,44.56,0.0,-2053.049455,0.0
2019-02-24,13,0,141,230.0,230.0,0.0,-2882.307436,0.0
2019-02-24,13,0,142,626.55,626.55,0.0,-7851.781408,0.0
2019-02-24,13,0,143,73.69,73.69,0.0,-73690.0,0.0
2019-02-24,13,0,145,64.36,64.36,0.0,-1044.901597,0.0
2019-02-24,13,0,146,268.0,268.0,0.0,-12347.783973,0.0
2019-02-24,13,0,152,12.07,12.07,0.0,-36.011577,0.0
2019-02-24,13,0,153,15.05,15.05,0.0,-48.811611,0.0
2019-02-24,13,0,154,108.88,108.88,0.0,-2404.531414,0.0
2019-02-24,13,0,157,87.43,87.43,0.0,-1095.652779,0.0
2019-02-24,13,0,158,446.56,446.56,0.0,-5596.187863,0.0
2019-02-24,13,0,159,0.0,0.0,0.0,-0.0,0.0
2019-02-24,13,0,160,3.86,3.86,0.0,1.061764,0.0
2019-02-24,13,0,161,89.64,89.64,0.0,-141.507012,0.0
2019-02-24,13,0,162,96.27,96.27,0.0,2166.549225,0.0
2019-02-24,13,0,163,27.79,27.79,0.0,-1280.39148,0.0
2019-02-24,13,0,164,32.44,32.44,0.0,-32440.0,0.0
2019-02-24,13,0,167,8.91,8.91,0.0,198.327918,0.0
2019-02-24,13,0,168,4.46,4.46,0.0,99.275254,0.0
2019-02-24,13,0,169,0.0,0.0,0.0,0.0,0.0
2019-02-24,13,0,170,9.75,9.75,0.0,217.0255,0.0
2019-02-24,13,0,172,11.87,11.87,0.0,222.609842,0.0
2019-02-24,13,0,173,18.09,18.09,0.0,339.25965,0.0
2019-02-24,13,0,188,16.21,16.21,0.0,339.760264,0.0
2019-02-24,13,0,190,14.06,14.06,0.0,401.941206,0.0
2019-02-24,13,0,191,36.31,36.31,0.0,1038.014593,0.0
2019-02-24,13,0,192,16.25,16.25,0.0,464.54798,0.0
2019-02-24,13,0,194,25.89,25.89,0.0,363.736246,0.0
2019-02-24,13,0,196,9.17,9.17,0.0,366.940088,0.0
2019-02-24,13,0,198,16.5,16.5,0.0,105.163857,0.0
2019-02-24,13,0,199,45.58,45.58,0.0,580.157291,0.0
2019-02-24,13,0,200,29.19,29.19,0.0,371.539959,0.0
2019-02-24,13,0,204,131.86,131.86,0.0,-1227.857947,0.0
2019-02-24,13,0,205,174.33,174.33,0.0,-1536.311375,0.0
2019-02-24,13,0,206,488.59,488.59,0.0,12160.904339,0.0
2019-02-24,13,0,210,3.49,3.49,0.0,21.924765,0.0
2019-02-24,13,0,214,21.18,21.18,0.0,238.617925,0.0
2019-02-24,13,0,217,13.64,13.64,0.0,126.371971,0.0
2019-02-24,13,0,218,18.82,18.82,0.0,174.363672,0.0
2019-02-24,13,0,219,12.82,12.82,0.0,118.774829,0.0
2019-02-24,13,0,221,11.3,11.3,0.0,127.307958,0.0
2019-02-24,13,0,225,10.29,10.29,0.0,52.686322,0.0
2019-02-24,13,0,233,11.9,11.9,0.0,96.959627,0.0
2019-02-24,13,0,236,274.23,274.23,0.0,-1.537925,0.0
2019-02-24,13,0,237,360.58,360.58,0.0,-1327.743086,0.0
2019-02-24,13,0,238,113.63,113.63,0.0,194.435444,0.0
2019-02-24,13,0,240,18.38,18.38,0.0,-88.46229,0.0
2019-02-24,13,0,245,78.0,78.0,0.0,284.008409,0.0
2019-02-24,13,0,247,171.72,171.72,0.0,625.255437,0.0
2019-02-24,13,0,248,36.2,36.2,0.0,-133.297187,0.0
2019-02-24,13,0,249,150.0,150.0,0.0,546.170018,0.0
2019-02-24,13,0,251,326.4,326.4,0.0,749.114129,0.0
2019-02-24,13,0,252,267.06,267.06,0.0,706.323299,0.0
2019-02-24,13,0,254,26.6,26.6,0.0,-68.443756,0.0
2019-02-24,13,0,255,12.19,12.19,0.0,-31.365766,0.0
2019-02-24,13,0,258,22.65,22.65,0.0,-104.310103,0.0
2019-02-24,13,0,260,9.37,9.37,0.0,2.57739,0.0
2019-02-24,13,0,265,112.73,112.73,0.0,-2489.555715,0.0
2019-02-24,13,0,266,8.86,8.86,0.0,-195.666315,0.0
2019-02-24,13,0,267,10.89,10.89,0.0,-240.49731,0.0
2019-02-24,13,0,270,86.46,86.46,0.0,-3983.542546,0.0
2019-02-24,13,0,272,85.44,85.44,0.0,617.494714,0.0
2019-02-24,13,0,273,41.02,41.02,0.0,-1889.948129,0.0
2019-02-24,13,0,274,111.41,111.41,0.0,-5133.084375,0.0
2019-02-24,13,0,275,155.01,155.01,0.0,-7141.902961,0.0
2019-02-24,13,0,276,9.12,9.12,0.0,-351.891453,0.0
2019-02-24,13,0,277,11.46,11.46,0.0,89.378476,0.0
2019-02-24,13,0,278,18.34,18.34,0.0,143.036759,0.0
2019-02-24,13,0,279,199.99,199.99,0.0,1559.755801,0.0
2019-02-24,13,0,281,26.11,26.11,0.0,-26110.0,0.0
2019-02-24,13,0,282,450.67,450.67,0.0,-450670.0,0.0
2019-02-24,14,0,9,4.66,4.66,0.0,-1859.656339,0.0
2019-02-24,14,0,17,71.74,71.74,0.0,227.916259,0.0
2019-02-24,14,0,19,192.99,192.99,0.0,613.1246,0.0
2019-02-24,14,0,20,234.06,234.06,0.0,743.603004,0.0
2019-02-24,14,0,21,106.65,106.65,0.0,-42560.589822,0.0
2019-02-24,14,0,22,379.04,379.04,0.0,-151262.690729,0.0
2019-02-24,14,0,23,40.95,40.95,0.0,-16341.829847,0.0
2019-02-24,14,0,24,70.42,70.42,0.0,-28102.360387,0.0
2019-02-24,14,0,29,11.43,11.43,0.0,59.666979,0.0
2019-02-24,14,0,30,878.24,878.24,0.0,-878240.0,0.0
2019-02-24,14,0,31,77.49,77.49,0.0,-77490.0,0.0
2019-02-24,14,0,32,8.03,8.03,0.0,178.873787,0.0
2019-02-24,14,0,33,4.24,4.24,0.0,36.121804,0.0
2019-02-24,14,0,34,6.78,6.78,0.0,57.76081,0.0
2019-02-24,14,0,35,6.78,6.78,0.0,57.76081,0.0
2019-02-24,14,0,36,16.7,16.7,0.0,-76.702688,0.0
2019-02-24,14,0,37,7.97,7.97,0.0,-36.59963,0.0
2019-02-24,14,0,38,10.24,10.24,0.0,-47.023866,0.0
2019-02-24,14,0,39,6.83,6.83,0.0,-31.364552,0.0
2019-02-24,14,0,40,6.83,6.83,0.0,-31.364552,0.0
2019-02-24,14,0,41,15.91,15.91,0.0,-348.650072,0.0
2019-02-24,14,0,42,92.14,92.14,0.0,186.025949,0.0
2019-02-24,14,0,43,49.23,49.23,0.0,-163.185474,0.0
2019-02-24,14,0,46,41.98,41.98,0.0,-250.973074,0.0
2019-02-24,14,0,52,82.14,82.14,0.0,-82140.0,0.0
2019-02-24,14,0,53,130.5,130.5,0.0,-130500.0,0.0
2019-02-24,14,0,55,472.52,472.52,0.0,-188567.55652,0.0
2019-02-24,14,0,56,259.05,259.05,0.0,-259050.0,0.0
2019-02-24,14,0,57,246.41,246.41,0.0,-246410.0,0.0
2019-02-24,14,0,58,473.87,473.87,0.0,-473870.0,0.0
2019-02-24,14,0,59,465.97,465.97,0.0,-465970.0,0.0
2019-02-24,14,0,63,6.73,6.73,0.0,192.670697,0.0
2019-02-24,14,0,64,7.92,7.92,0.0,226.738769,0.0
2019-02-24,14,0,65,41.4,41.4,0.0,122.620945,0.0
2019-02-24,14,0,67,492.03,492.03,0.0,-6193.849631,0.0
2019-02-24,14,0,68,11.97,11.97,0.0,-19.038784,0.0
2019-02-24,14,0,69,4.24,4.24,0.0,36.121804,0.0
2019-02-24,14,0,74,169.07,169.07,0.0,-578.56646,0.0
2019-02-24,14,0,77,47.91,47.91,0.0,416.108365,0.0
2019-02-24,14,0,78,36.22,36.22,0.0,314.578271,0.0
2019-02-24,14,0,79,20.96,20.96,0.0,182.041981,0.0
2019-02-24,14,0,80,33.9,33.9,0.0,294.428586,0.0
2019-02-24,14,0,81,44.32,44.32,0.0,384.928464,0.0
2019-02-24,14,0,82,31.26,31.26,0.0,271.499634,0.0
2019-02-24,14,0,83,69.71,69.71,0.0,605.445922,0.0
2019-02-24,14,0,84,0.0,0.0,0.0,0.0,0.0
2019-02-24,14,0,86,21.47,21.47,0.0,182.909231,0.0
2019-02-24,14,0,87,109.6,109.6,0.0,933.714565,0.0
2019-02-24,14,0,88,33.63,33.63,0.0,292.08358,0.0
2019-02-24,14,0,89,32.33,32.33,0.0,280.792808,0.0
2019-02-24,14,0,90,43.4,43.4,0.0,376.938072,0.0
2019-02-24,14,0,91,154.83,154.83,0.0,1344.730914,0.0
2019-02-24,14,0,92,55.68,55.68,0.0,483.592439,0.0
2019-02-24,14,0,95,68.83,68.83,0.0,1543.838771,0.0
2019-02-24,14,0,96,27.37,27.37,0.0,684.547096,0.0
2019-02-24,14,0,97,183.55,183.55,0.0,4590.742398,0.0
2019-02-24,14,0,99,32.63,32.63,0.0,-111.661581,0.0
2019-02-24,14,0,101,17.69,17.69,0.0,-17690.0,0.0
2019-02-24,14,0,102,28.26,28.26,0.0,-44.948708,0.0
2019-02-24,14,0,103,24.58,24.58,0.0,-39.095514,0.0
2019-02-24,14,0,104,4.6,4.6,0.0,-7.316492,0.0
2019-02-24,14,0,106,373.13,373.13,0.0,-148904.199535,0.0
2019-02-24,14,0,109,35.63,35.63,0.0,-306.964764,0.0
2019-02-24,14,0,110,115.27,115.27,0.0,-5333.2164,0.0
2019-02-24,14,0,111,28.22,28.22,0.0,-618.410121,0.0
2019-02-24,14,0,113,22.87,22.87,0.0,165.751108,0.0
2019-02-24,14,0,115,22.87,22.87,0.0,165.751108,0.0
2019-02-24,14,0,116,174.43,174.43,0.0,-8070.38203,0.0
2019-02-24,14,0,117,1.52,1.52,0.0,11.016252,0.0
2019-02-24,14,0,119,7.92,7.92,0.0,226.738769,0.0
2019-02-24,14,0,120,4.66,4.66,0.0,133.409427,0.0
2019-02-24,14,0,123,6.22,6.22,0.0,-2482.202238,0.0
2019-02-24,14,0,125,64.19,64.19,0.0,-25616.16747,0.0
2019-02-24,14,0,126,279.85,279.85,0.0,-111679.147321,0.0
2019-02-24,14,0,127,359.14,359.14,0.0,-143321.239839,0.0
2019-02-24,14,0,128,89.09,89.09,0.0,-35552.95778,0.0
2019-02-24,14,0,131,22.35,22.35,0.0,30.09732,0.0
2019-02-24,14,0,132,32.86,32.86,0.0,44.250467,0.0
2019-02-24,14,0,133,41.94,41.94,0.0,134.092386,0.0
2019-02-24,14,0,134,0.0,0.0,0.0,0.0,0.0
2019-02-24,14,0,135,56.2,56.2,0.0,179.685076,0.0
2019-02-24,14,0,136,45.9,45.9,0.0,135.407252,0.0
2019-02-24,14,0,139,20.54,20.54,0.0,-450.111406,0.0
2019-02-24,14,0,140,85.31,85.31,0.0,-3947.052061,0.0
2019-02-24,14,0,141,230.0,230.0,0.0,-2895.322267,0.0
2019-02-24,14,0,142,648.86,648.86,0.0,-8168.081767,0.0
2019-02-24,14,0,143,113.34,113.34,0.0,-113340.0,0.0
2019-02-24,14,0,145,37.3,37.3,0.0,-600.105302,0.0
2019-02-24,14,0,146,268.0,268.0,0.0,-12399.600894,0.0
2019-02-24,14,0,152,12.69,12.69,0.0,-34.587961,0.0
2019-02-24,14,0,153,15.87,15.87,0.0,-47.421738,0.0
2019-02-24,14,0,154,116.43,116.43,0.0,-2551.434812,0.0
2019-02-24,14,0,157,154.43,154.43,0.0,-1944.020077,0.0
2019-02-24,14,0,158,474.94,474.94,0.0,-5978.714598,0.0
2019-02-24,14,0,159,0.0,0.0,0.0,-0.0,0.0
2019-02-24,14,0,160,3.9,3.9,0.0,1.890407,0.0
2019-02-24,14,0,161,92.84,92.84,0.0,-147.665889,0.0
2019-02-24,14,0,162,55.95,55.95,0.0,1259.185452,0.0
2019-02-24,14,0,163,32.44,32.44,0.0,-1500.906914,0.0
2019-02-24,14,0,164,34.68,34.68,0.0,-34680.0,0.0
2019-02-24,14,0,167,9.11,9.11,0.0,202.771031,0.0
2019-02-24,14,0,168,4.55,4.55,0.0,101.274225,0.0
2019-02-24,14,0,169,0.0,0.0,0.0,0.0,0.0
2019-02-24,14,0,170,9.96,9.96,0.0,221.690392,0.0
2019-02-24,14,0,172,12.08,12.08,0.0,225.888839,0.0
2019-02-24,14,0,173,18.41,18.41,0.0,344.256086,0.0
2019-02-24,14,0,188,16.27,16.27,0.0,340.830878,0.0
2019-02-24,14,0,190,14.16,14.16,0.0,405.381436,0.0
2019-02-24,14,0,191,36.59,36.59,0.0,1047.521663,0.0
2019-02-24,14,0,192,14.79,14.79,0.0,423.417475,0.0
2019-02-24,14,0,194,17.75,17.75,0.0,250.141573,0.0
2019-02-24,14,0,196,9.27,9.27,0.0,371.796931,0.0
2019-02-24,14,0,198,17.09,17.09,0.0,111.990378,0.0
2019-02-24,14,0,199,49.07,49.07,0.0,649.224413,0.0
2019-02-24,14,0,200,29.68,29.68,0.0,392.683525,0.0
2019-02-24,14,0,204,139.02,139.02,0.0,-1267.86971,0.0
2019-02-24,14,0,205,188.5,188.5,0.0,-1623.992644,0.0
2019-02-24,14,0,206,649.75,649.75,0.0,16250.802904,0.0
2019-02-24,14,0,210,3.47,3.47,0.0,21.901593,0.0
2019-02-24,14,0,214,21.17,21.17,0.0,247.024999,0.0
2019-02-24,14,0,217,13.8,13.8,0.0,131.073288,0.0
2019-02-24,14,0,218,19.05,19.05,0.0,180.938125,0.0
2019-02-24,14,0,219,12.97,12.97,0.0,123.189894,0.0
2019-02-24,14,0,221,11.29,11.29,0.0,131.738887,0.0
2019-02-24,14,0,225,10.34,10.34,0.0,52.887029,0.0
2019-02-24,14,0,233,12.15,12.15,0.0,103.509416,0.0
2019-02-24,14,0,236,130.27,130.27,0.0,37.045708,0.0
2019-02-24,14,0,237,405.58,405.58,0.0,-1387.916157,0.0
2019-02-24,14,0,238,119.92,119.92,0.0,242.112348,0.0
2019-02-24,14,0,240,18.92,18.92,0.0,-86.899093,0.0
2019-02-24,14,0,245,78.0,78.0,0.0,309.50602,0.0
2019-02-24,14,0,247,171.72,171.72,0.0,681.389407,0.0
2019-02-24,14,0,248,40.71,40.71,0.0,-139.311768,0.0
2019-02-24,14,0,249,150.0,150.0,0.0,595.203884,0.0
2019-02-24,14,0,251,326.4,326.4,0.0,851.470378,0.0
2019-02-24,14,0,252,267.06,267.06,0.0,790.993953,0.0
2019-02-24,14,0,254,26.89,26.89,0.0,-63.496258,0.0
2019-02-24,14,0,255,12.32,12.32,0.0,-29.091629,0.0
2019-02-24,14,0,258,23.24,23.24,0.0,-101.943018,0.0
2019-02-24,14,0,260,9.48,9.48,0.0,4.595144,0.0
2019-02-24,14,0,265,120.54,120.54,0.0,-2641.500921,0.0
2019-02-24,14,0,266,13.3,13.3,0.0,-291.454805,0.0
2019-02-24,14,0,267,16.35,16.35,0.0,-358.292186,0.0
2019-02-24,14,0,270,112.77,112.77,0.0,-5217.548481,0.0
2019-02-24,14,0,272,76.42,76.42,0.0,553.856568,0.0
2019-02-24,14,0,273,41.71,41.71,0.0,-1929.803557,0.0
2019-02-24,14,0,274,150.42,150.42,0.0,-6959.507338,0.0
2019-02-24,14,0,275,218.76,218.76,0.0,-10121.405566,0.0
2019-02-24,14,0,276,9.36,9.36,0.0,-362.675666,0.0
2019-02-24,14,0,277,11.76,11.76,0.0,92.009314,0.0
2019-02-24,14,0,278,18.82,18.82,0.0,147.246198,0.0
2019-02-24,14,0,279,127.62,127.62,0.0,998.488833,0.0
2019-02-24,14,0,281,34.78,34.78,0.0,-34780.0,0.0
2019-02-24,14,0,282,481.77,481.77,0.0,-481770.0,0.0
2019-02-24,15,0,9,4.49,4.49,0.0,-1822.110819,0.0
2019-02-24,15,0,17,68.91,68.91,0.0,72.660491,0.0
2019-02-24,15,0,19,192.99,192.99,0.0,203.493661,0.0
2019-02-24,15,0,20,234.06,234.06,0.0,246.798934,0.0
2019-02-24,15,0,21,102.63,102.63,0.0,-41648.82703,0.0
2019-02-24,15,0,22,364.73,364.73,0.0,-148013.024286,0.0
2019-02-24,15,0,23,32.64,32.64,0.0,-13245.812279,0.0
2019-02-24,15,0,24,57.75,57.75,0.0,-23435.835145,0.0
2019-02-24,15,0,29,10.84,10.84,0.0,55.825525,0.0
2019-02-24,15,0,30,846.4,846.4,0.0,-846400.0,0.0
2019-02-24,15,0,31,101.99,101.99,0.0,-101990.0,0.0
2019-02-24,15,0,32,7.75,7.75,0.0,160.836691,0.0
2019-02-24,15,0,33,4.15,4.15,0.0,33.356439,0.0
2019-02-24,15,0,34,6.64,6.64,0.0,53.370303,0.0
2019-02-24,15,0,35,6.64,6.64,0.0,53.370303,0.0
2019-02-24,15,0,36,16.33,16.33,0.0,-152.04596,0.0
2019-02-24,15,0,37,7.77,7.77,0.0,-72.67102,0.0
2019-02-24,15,0,38,9.99,9.99,0.0,-93.434169,0.0
2019-02-24,15,0,39,6.66,6.66,0.0,-62.289446,0.0
2019-02-24,15,0,40,6.66,6.66,0.0,-62.289446,0.0
2019-02-24,15,0,41,38.82,38.82,0.0,-1163.246006,0.0
2019-02-24,15,0,42,89.3,89.3,0.0,-41.01569,0.0
2019-02-24,15,0,43,48.22,48.22,0.0,-370.839509,0.0
2019-02-24,15,0,46,40.68,40.68,0.0,-461.206544,0.0
2019-02-24,15,0,52,108.11,108.11,0.0,-108110.0,0.0
2019-02-24,15,0,53,171.75,171.75,0.0,-171750.0,0.0
2019-02-24,15,0,55,562.78,562.78,0.0,-228384.749836,0.0
2019-02-24,15,0,56,249.66,249.66,0.0,-249660.0,0.0
2019-02-24,15,0,57,237.48,237.48,0.0,-237480.0,0.0
2019-02-24,15,0,58,456.69,456.69,0.0,-456690.0,0.0
2019-02-24,15,0,59,449.08,449.08,0.0,-449080.0,0.0
2019-02-24,15,0,63,3.67,3.67,0.0,119.009135,0.0
2019-02-24,15,0,64,4.32,4.32,0.0,140.087047,0.0
2019-02-24,15,0,65,41.4,41.4,0.0,32.011837,0.0
2019-02-24,15,0,67,476.04,476.04,0.0,-22093.376924,0.0
2019-02-24,15,0,68,23.47,23.47,0.0,-617.609003,0.0
2019-02-24,15,0,69,4.15,4.15,0.0,33.356439,0.0
2019-02-24,15,0,74,201.17,201.17,0.0,-1502.425592,0.0
2019-02-24,15,0,77,49.96,49.96,0.0,-405.298334,0.0
2019-02-24,15,0,78,37.77,37.77,0.0,-306.407488,0.0
2019-02-24,15,0,79,21.86,21.86,0.0,-177.338302,0.0
2019-02-24,15,0,80,35.35,35.35,0.0,-286.775343,0.0
2019-02-24,15,0,81,46.21,46.21,0.0,-374.876622,0.0
2019-02-24,15,0,82,32.6,32.6,0.0,-264.466087,0.0
2019-02-24,15,0,83,72.69,72.69,0.0,-589.694474,0.0
2019-02-24,15,0,84,0.0,0.0,0.0,0.0,0.0
2019-02-24,15,0,86,21.02,21.02,0.0,168.952373,0.0
2019-02-24,15,0,87,107.31,107.31,0.0,862.525175,0.0
2019-02-24,15,0,88,34.41,34.41,0.0,-279.149633,0.0
2019-02-24,15,0,89,33.07,33.07,0.0,-268.278941,0.0
2019-02-24,15,0,90,44.41,44.41,0.0,-360.2742,0.0
2019-02-24,15,0,91,158.41,158.41,0.0,-1285.094258,0.0
2019-02-24,15,0,92,56.97,56.97,0.0,-462.166655,0.0
2019-02-24,15,0,95,38.68,38.68,0.0,813.900417,0.0
2019-02-24,15,0,96,26.0,26.0,0.0,346.999276,0.0
2019-02-24,15,0,97,159.87,159.87,0.0,2133.645164,0.0
2019-02-24,15,0,99,38.83,38.83,0.0,-289.999432,0.0
2019-02-24,15,0,101,17.05,17.05,0.0,-17050.0,0.0
2019-02-24,15,0,102,55.58,55.58,0.0,-1462.578116,0.0
2019-02-24,15,0,103,48.33,48.33,0.0,-1271.795616,0.0
2019-02-24,15,0,104,8.98,8.98,0.0,-236.307151,0.0
2019-02-24,15,0,106,359.04,359.04,0.0,-145703.935074,0.0
2019-02-24,15,0,109,40.1,40.1,0.0,-597.794595,0.0
2019-02-24,15,0,110,195.31,195.31,0.0,-21083.887284,0.0
2019-02-24,15,0,111,27.22,27.22,0.0,-815.6506,0.0
2019-02-24,15,0,113,23.18,23.18,0.0,-205.231734,0.0
2019-02-24,15,0,115,23.18,23.18,0.0,-205.231734,0.0
2019-02-24,15,0,116,167.63,167.63,0.0,-18095.806797,0.0
2019-02-24,15,0,117,1.55,1.55,0.0,-13.723433,0.0
2019-02-24,15,0,119,4.32,4.32,0.0,140.087047,0.0
2019-02-24,15,0,120,2.54,2.54,0.0,82.365995,0.0
2019-02-24,15,0,123,5.98,5.98,0.0,-2426.775657,0.0
2019-02-24,15,0,125,52.26,52.26,0.0,-21207.908999,0.0
2019-02-24,15,0,126,269.28,269.28,0.0,-109277.951306,0.0
2019-02-24,15,0,127,345.58,345.58,0.0,-140241.66077,0.0
2019-02-24,15,0,128,74.85,74.85,0.0,-30375.27724,0.0
2019-02-24,15,0,131,57.5,57.5,0.0,-1204.499862,0.0
2019-02-24,15,0,132,84.62,84.62,0.0,-1772.60484,0.0
2019-02-24,15,0,133,41.94,41.94,0.0,45.333727,0.0
2019-02-24,15,0,134,0.0,0.0,0.0,0.0,0.0
2019-02-24,15,0,135,56.2,56.2,0.0,60.747626,0.0
2019-02-24,15,0,136,45.9,45.9,0.0,34.782829,0.0
2019-02-24,15,0,139,50.48,50.48,0.0,-1512.63932,0.0
2019-02-24,15,0,140,144.55,144.55,0.0,-15604.300379,0.0
2019-02-24,15,0,141,230.0,230.0,0.0,-10674.474188,0.0
2019-02-24,15,0,142,627.77,627.77,0.0,-29135.281136,0.0
2019-02-24,15,0,143,168.3,168.3,0.0,-168300.0,0.0
2019-02-24,15,0,145,21.01,21.01,0.0,-533.603295,0.0
2019-02-24,15,0,146,268.0,268.0,0.0,-28930.837091,0.0
2019-02-24,15,0,152,12.29,12.29,0.0,-82.644509,0.0
2019-02-24,15,0,153,15.4,15.4,0.0,-108.906318,0.0
2019-02-24,15,0,154,112.29,112.29,0.0,-3364.783463,0.0
2019-02-24,15,0,157,248.5,248.5,0.0,-11533.073199,0.0
2019-02-24,15,0,158,455.85,455.85,0.0,-21156.343734,0.0
2019-02-24,15,0,159,0.0,0.0,0.0,-0.0,0.0
2019-02-24,15,0,160,3.73,3.73,0.0,-9.935151,0.0
2019-02-24,15,0,161,88.98,88.98,0.0,-2341.493356,0.0
2019-02-24,15,0,162,28.7,28.7,0.0,607.887593,0.0
2019-02-24,15,0,163,40.32,40.32,0.0,-4352.57967,0.0
2019-02-24,15,0,164,32.81,32.81,0.0,-32810.0,0.0
2019-02-24,15,0,167,8.64,8.64,0.0,179.072677,0.0
2019-02-24,15,0,168,4.32,4.32,0.0,89.536338,0.0
2019-02-24,15,0,169,0.0,0.0,0.0,0.0,0.0
2019-02-24,15,0,170,9.45,9.45,0.0,195.86074,0.0
2019-02-24,15,0,172,11.58,11.58,0.0,165.432987,0.0
2019-02-24,15,0,173,17.65,17.65,0.0,252.149587,0.0
2019-02-24,15,0,188,15.78,15.78,0.0,289.192452,0.0
2019-02-24,15,0,190,13.37,13.37,0.0,433.556439,0.0
2019-02-24,15,0,191,34.55,34.55,0.0,1120.372098,0.0
2019-02-24,15,0,192,19.18,19.18,0.0,621.960546,0.0
2019-02-24,15,0,194,13.48,13.48,0.0,72.967691,0.0
2019-02-24,15,0,196,8.83,8.83,0.0,473.206887,0.0
2019-02-24,15,0,198,16.53,16.53,0.0,88.677252,0.0
2019-02-24,15,0,199,26.94,26.94,0.0,571.632681,0.0
2019-02-24,15,0,200,28.72,28.72,0.0,609.402027,0.0
2019-02-24,15,0,204,154.04,154.04,0.0,-2408.99218,0.0
2019-02-24,15,0,205,212.11,212.11,0.0,-3162.050163,0.0
2019-02-24,15,0,206,469.77,469.77,0.0,6269.609613,0.0
2019-02-24,15,0,210,3.33,3.33,0.0,22.633908,0.0
2019-02-24,15,0,214,20.65,20.65,0.0,251.065146,0.0
2019-02-24,15,0,217,13.29,13.29,0.0,131.386932,0.0
2019-02-24,15,0,218,18.34,18.34,0.0,181.311989,0.0
2019-02-24,15,0,219,12.49,12.49,0.0,123.478012,0.0
2019-02-24,15,0,221,11.01,11.01,0.0,133.860884,0.0
2019-02-24,15,0,225,9.7,9.7,0.0,48.411721,0.0
2019-02-24,15,0,233,11.89,11.89,0.0,95.568207,0.0
2019-02-24,15,0,236,149.8,149.8,0.0,-410.835643,0.0
2019-02-24,15,0,237,482.59,482.59,0.0,-3604.193301,0.0
2019-02-24,15,0,238,116.24,116.24,0.0,-53.389292,0.0
2019-02-24,15,0,240,18.51,18.51,0.0,-172.343584,0.0
2019-02-24,15,0,245,78.0,78.0,0.0,162.899542,0.0
2019-02-24,15,0,247,171.72,171.72,0.0,358.629608,0.0
2019-02-24,15,0,248,48.44,48.44,0.0,-361.771117,0.0
2019-02-24,15,0,249,150.0,150.0,0.0,313.268351,0.0
2019-02-24,15,0,251,326.4,326.4,0.0,101.693288,0.0
2019-02-24,15,0,252,267.06,267.06,0.0,206.499545,0.0
2019-02-24,15,0,254,26.73,26.73,0.0,-171.85047,0.0
2019-02-24,15,0,255,12.25,12.25,0.0,-78.756763,0.0
2019-02-24,15,0,258,22.59,22.59,0.0,-204.420321,0.0
2019-02-24,15,0,260,9.06,9.06,0.0,-24.132029,0.0
2019-02-24,15,0,265,116.25,116.25,0.0,-3483.445343,0.0
2019-02-24,15,0,266,32.28,32.28,0.0,-967.274113,0.0
2019-02-24,15,0,267,39.92,39.92,0.0,-1196.20764,0.0
2019-02-24,15,0,270,131.61,131.61,0.0,-14207.415931,0.0
2019-02-24,15,0,272,77.48,77.48,0.0,-685.994597,0.0
2019-02-24,15,0,273,40.09,40.09,0.0,-4327.750966,0.0
2019-02-24,15,0,274,173.35,173.35,0.0,-18713.285857,0.0
2019-02-24,15,0,275,248.81,248.81,0.0,-26859.259614,0.0
2019-02-24,15,0,276,9.04,9.04,0.0,-851.66087,0.0
2019-02-24,15,0,277,11.23,11.23,0.0,-96.090621,0.0
2019-02-24,15,0,278,17.97,17.97,0.0,-153.762107,0.0
2019-02-24,15,0,279,133.63,133.63,0.0,-1143.418496,0.0
2019-02-24,15,0,281,45.77,45.77,0.0,-45770.0,0.0
2019-02-24,15,0,282,464.3,464.3,0.0,-464300.0,0.0
2019-02-24,16,0,9,3.79,3.79,0.0,-1882.702028,0.0
2019-02-24,16,0,17,46.71,46.71,0.0,-800.426756,0.0
2019-02-24,16,0,19,332.0,332.0,0.0,-5689.181822,0.0
2019-02-24,16,0,20,419.03,419.03,0.0,-7180.535719,0.0
2019-02-24,16,0,21,86.7,86.7,0.0,-43068.671729,0.0
2019-02-24,16,0,22,308.12,308.12,0.0,-153060.197614,0.0
2019-02-24,16,0,23,32.64,32.64,0.0,-16214.08818,0.0
2019-02-24,16,0,24,57.75,57.75,0.0,-28687.610062,0.0
2019-02-24,16,0,29,9.07,9.07,0.0,33.907447,0.0
2019-02-24,16,0,30,733.67,733.67,0.0,-733670.0,0.0
2019-02-24,16,0,31,125.0,125.0,0.0,-125000.0,0.0
2019-02-24,16,0,32,6.4,6.4,0.0,228.054643,0.0
2019-02-24,16,0,33,3.49,3.49,0.0,50.390523,0.0
2019-02-24,16,0,34,5.59,5.59,0.0,80.711468,0.0
2019-02-24,16,0,35,5.59,5.59,0.0,80.711468,0.0
2019-02-24,16,0,36,14.16,14.16,0.0,-948.646132,0.0
2019-02-24,16,0,37,6.73,6.73,0.0,-456.115574,0.0
2019-02-24,16,0,38,8.66,8.66,0.0,-586.918406,0.0
2019-02-24,16,0,39,5.77,5.77,0.0,-391.053026,0.0
2019-02-24,16,0,40,5.77,5.77,0.0,-391.053026,0.0
2019-02-24,16,0,41,75.33,75.33,0.0,-10210.505093,0.0
2019-02-24,16,0,42,67.53,67.53,0.0,-1619.393968,0.0
2019-02-24,16,0,43,42.1,42.1,0.0,-2564.717509,0.0
2019-02-24,16,0,46,35.43,35.43,0.0,-2781.495655,0.0
2019-02-24,16,0,52,132.5,132.5,0.0,-132500.0,0.0
2019-02-24,16,0,53,210.5,210.5,0.0,-210500.0,0.0
2019-02-24,16,0,55,623.0,623.0,0.0,-309478.460059,0.0
2019-02-24,16,0,56,216.41,216.41,0.0,-216410.0,0.0
2019-02-24,16,0,57,205.85,205.85,0.0,-205850.0,0.0
2019-02-24,16,0,58,395.86,395.86,0.0,-395860.0,0.0
2019-02-24,16,0,59,389.27,389.27,0.0,-389270.0,0.0
2019-02-24,16,0,63,2.52,2.52,0.0,299.906479,0.0
2019-02-24,16,0,64,2.96,2.96,0.0,352.271103,0.0
2019-02-24,16,0,65,41.4,41.4,0.0,-762.070325,0.0
2019-02-24,16,0,67,404.53,404.53,0.0,-213775.80539,0.0
2019-02-24,16,0,68,28.75,28.75,0.0,-10766.060139,0.0
2019-02-24,16,0,69,3.49,3.49,0.0,50.390523,0.0
2019-02-24,16,0,74,134.72,134.72,0.0,-7329.436939,0.0
2019-02-24,16,0,77,56.71,56.71,0.0,-13594.002411,0.0
2019-02-24,16,0,78,42.87,42.87,0.0,-10276.404221,0.0
2019-02-24,16,0,79,24.81,24.81,0.0,-5947.226236,0.0
2019-02-24,16,0,80,40.12,40.12,0.0,-9617.199378,0.0
2019-02-24,16,0,81,52.46,52.46,0.0,-12575.231291,0.0
2019-02-24,16,0,82,37.0,37.0,0.0,-8869.30152,0.0
2019-02-24,16,0,83,82.51,82.51,0.0,-19778.54239,0.0
2019-02-24,16,0,84,0.0,0.0,0.0,-0.0,0.0
2019-02-24,16,0,86,17.7,17.7,0.0,255.562252,0.0
2019-02-24,16,0,87,90.38,90.38,0.0,1304.955723,0.0
2019-02-24,16,0,88,38.79,38.79,0.0,-9298.383945,0.0
2019-02-24,16,0,89,37.29,37.29,0.0,-8938.817667,0.0
2019-02-24,16,0,90,50.06,50.06,0.0,-11999.925246,0.0
2019-02-24,16,0,91,178.59,178.59,0.0,-42809.96104,0.0
2019-02-24,16,0,92,64.23,64.23,0.0,-15396.628017,0.0
2019-02-24,16,0,95,19.17,19.17,0.0,487.180503,0.0
2019-02-24,16,0,96,27.02,27.02,0.0,-3891.314511,0.0
2019-02-24,16,0,97,166.14,166.14,0.0,-23926.831709,0.0
2019-02-24,16,0,99,29.54,29.54,0.0,-1607.122678,0.0
2019-02-24,16,0,101,14.78,14.78,0.0,-14780.0,0.0
2019-02-24,16,0,102,68.07,68.07,0.0,-25490.285693,0.0
2019-02-24,16,0,103,59.19,59.19,0.0,-22164.977379,0.0
2019-02-24,16,0,104,10.99,10.99,0.0,-4115.443511,0.0
2019-02-24,16,0,106,303.32,303.32,0.0,-150675.772881,0.0
2019-02-24,16,0,109,46.35,46.35,0.0,-4411.886014,0.0
2019-02-24,16,0,110,307.41,307.41,0.0,-307410.0,0.0
2019-02-24,16,0,111,23.15,23.15,0.0,-3137.836093,0.0
2019-02-24,16,0,113,26.63,26.63,0.0,-6122.576702,0.0
2019-02-24,16,0,115,26.63,26.63,0.0,-6122.576702,0.0
2019-02-24,16,0,116,141.65,141.65,0.0,-141650.0,0.0
2019-02-24,16,0,117,1.78,1.78,0.0,-409.244706,0.0
2019-02-24,16,0,119,2.96,2.96,0.0,352.271103,0.0
2019-02-24,16,0,120,1.74,1.74,0.0,207.078283,0.0
2019-02-24,16,0,123,5.06,5.06,0.0,-2513.581072,0.0
2019-02-24,16,0,125,52.26,52.26,0.0,-25960.424274,0.0
2019-02-24,16,0,126,227.49,227.49,0.0,-113006.829661,0.0
2019-02-24,16,0,127,291.95,291.95,0.0,-145027.666796,0.0
2019-02-24,16,0,128,74.85,74.85,0.0,-37182.123171,0.0
2019-02-24,16,0,131,27.24,27.24,0.0,-9080.38623,0.0
2019-02-24,16,0,132,40.04,40.04,0.0,-13347.234385,0.0
2019-02-24,16,0,133,50.5,50.5,0.0,-859.323353,0.0
2019-02-24,16,0,134,0.0,0.0,0.0,-0.0,0.0
2019-02-24,16,0,135,64.2,64.2,0.0,-1092.446718,0.0
2019-02-24,16,0,136,45.9,45.9,0.0,-848.107767,0.0
2019-02-24,16,0,139,98.09,98.09,0.0,-13295.479152,0.0
2019-02-24,16,0,140,227.52,227.52,0.0,-227520.0,0.0
2019-02-24,16,0,141,230.0,230.0,0.0,-121544.595554,0.0
2019-02-24,16,0,142,533.47,533.47,0.0,-281914.762567,0.0
2019-02-24,16,0,143,238.5,238.5,0.0,-238500.0,0.0
2019-02-24,16,0,145,22.72,22.72,0.0,-3390.584781,0.0
2019-02-24,16,0,146,268.0,268.0,0.0,-268000.0,0.0
2019-02-24,16,0,152,10.32,10.32,0.0,-547.85196,0.0
2019-02-24,16,0,153,12.99,12.99,0.0,-710.651629,0.0
2019-02-24,16,0,154,95.5,95.5,0.0,-12944.421032,0.0
2019-02-24,16,0,157,250.0,250.0,0.0,-132113.69082,0.0
2019-02-24,16,0,158,391.33,391.33,0.0,-206800.202515,0.0
2019-02-24,16,0,159,0.0,0.0,0.0,-0.0,0.0
2019-02-24,16,0,160,3.27,3.27,0.0,-127.597645,0.0
2019-02-24,16,0,161,75.48,75.48,0.0,-28265.120672,0.0
2019-02-24,16,0,162,12.2,12.2,0.0,322.115933,0.0
2019-02-24,16,0,163,54.81,54.81,0.0,-54810.0,0.0
2019-02-24,16,0,164,27.96,27.96,0.0,-27960.0,0.0
2019-02-24,16,0,167,7.39,7.39,0.0,166.90802,0.0
2019-02-24,16,0,168,3.69,3.69,0.0,83.341082,0.0
2019-02-24,16,0,169,0.0,0.0,0.0,0.0,0.0
2019-02-24,16,0,170,8.08,8.08,0.0,182.492125,0.0
2019-02-24,16,0,172,9.59,9.59,0.0,34.848822,0.0
2019-02-24,16,0,173,14.61,14.61,0.0,53.090854,0.0
2019-02-24,16,0,188,12.91,12.91,0.0,203.076544,0.0
2019-02-24,16,0,190,11.24,11.24,0.0,364.485742,0.0
2019-02-24,16,0,191,29.03,29.03,0.0,941.371983,0.0
2019-02-24,16,0,192,30.89,30.89,0.0,1001.687239,0.0
2019-02-24,16,0,194,12.09,12.09,0.0,-1283.383253,0.0
2019-02-24,16,0,196,7.65,7.65,0.0,2154.662435,0.0
2019-02-24,16,0,198,13.97,13.97,0.0,-69.731278,0.0
2019-02-24,16,0,199,12.85,12.85,0.0,364.074394,0.0
2019-02-24,16,0,200,23.86,23.86,0.0,676.016734,0.0
2019-02-24,16,0,204,175.84,175.84,0.0,-17452.140596,0.0
2019-02-24,16,0,205,245.18,245.18,0.0,-23337.782373,0.0
2019-02-24,16,0,206,488.2,488.2,0.0,-70308.65078,0.0
2019-02-24,16,0,210,2.89,2.89,0.0,23.5159,0.0
2019-02-24,16,0,214,16.86,16.86,0.0,558.313357,0.0
2019-02-24,16,0,217,11.08,11.08,0.0,268.938863,0.0
2019-02-24,16,0,218,15.29,15.29,0.0,371.125923,0.0
2019-02-24,16,0,219,10.41,10.41,0.0,252.676315,0.0
2019-02-24,16,0,221,8.99,8.99,0.0,297.700894,0.0
2019-02-24,16,0,225,8.15,8.15,0.0,27.006118,0.0
2019-02-24,16,0,233,10.02,10.02,0.0,144.674224,0.0
2019-02-24,16,0,236,145.08,145.08,0.0,-5005.157416,0.0
2019-02-24,16,0,237,308.11,308.11,0.0,-16762.71389,0.0
2019-02-24,16,0,238,87.9,87.9,0.0,-2107.873978,0.0
2019-02-24,16,0,240,16.05,16.05,0.0,-1075.266272,0.0
2019-02-24,16,0,245,78.0,78.0,0.0,-971.939056,0.0
2019-02-24,16,0,247,171.72,171.72,0.0,-2139.761213,0.0
2019-02-24,16,0,248,36.28,36.28,0.0,-1973.812145,0.0
2019-02-24,16,0,249,150.0,150.0,0.0,-1869.113569,0.0
2019-02-24,16,0,251,326.4,326.4,0.0,-6689.546186,0.0
2019-02-24,16,0,252,267.06,267.06,0.0,-4915.905823,0.0
2019-02-24,16,0,254,22.92,22.92,0.0,-1270.327906,0.0
2019-02-24,16,0,255,10.51,10.51,0.0,-582.510746,0.0
2019-02-24,16,0,258,19.68,19.68,0.0,-1299.147661,0.0
2019-02-24,16,0,260,7.95,7.95,0.0,-310.214458,0.0
2019-02-24,16,0,265,98.88,98.88,0.0,-13402.558656,0.0
2019-02-24,16,0,266,62.54,62.54,0.0,-8476.90148,0.0
2019-02-24,16,0,267,77.48,77.48,0.0,-10501.923996,0.0
2019-02-24,16,0,270,148.15,148.15,0.0,-148150.0,0.0
2019-02-24,16,0,272,88.99,88.99,0.0,-20459.936189,0.0
2019-02-24,16,0,273,33.87,33.87,0.0,-33870.0,0.0
2019-02-24,16,0,274,184.88,184.88,0.0,-184880.0,0.0
2019-02-24,16,0,275,247.86,247.86,0.0,-247860.0,0.0
2019-02-24,16,0,276,7.8,7.8,0.0,-6978.768436,0.0
2019-02-24,16,0,277,9.69,9.69,0.0,-2265.919009,0.0
2019-02-24,16,0,278,15.5,15.5,0.0,-3624.53505,0.0
2019-02-24,16,0,279,364.52,364.52,0.0,-85239.710742,0.0
2019-02-24,16,0,281,56.1,56.1,0.0,-56100.0,0.0
2019-02-24,16,0,282,402.46,402.46,0.0,-402460.0,0.0
2019-02-24,17,0,9,2.84,2.84,0.0,-1325.758166,0.0
2019-02-24,17,0,17,35.18,35.18,0.0,3920.276824,0.0
2019-02-24,17,0,19,284.63,284.63,0.0,31717.691658,0.0
2019-02-24,17,0,20,342.76,342.76,0.0,38195.397508,0.0
2019-02-24,17,0,21,64.88,64.88,0.0,-30287.038674,0.0
2019-02-24,17,0,22,230.59,230.59,0.0,-107643.160417,0.0
2019-02-24,17,0,23,47.2,47.2,0.0,-22033.727272,0.0
2019-02-24,17,0,24,83.96,83.96,0.0,-39193.892834,0.0
2019-02-24,17,0,29,6.61,6.61,0.0,8.436806,0.0
2019-02-24,17,0,30,544.99,544.99,0.0,-544990.0,0.0
2019-02-24,17,0,31,125.0,125.0,0.0,-125000.0,0.0
2019-02-24,17,0,32,4.49,4.49,0.0,177.699083,0.0
2019-02-24,17,0,33,2.6,2.6,0.0,428.974201,0.0
2019-02-24,17,0,34,4.16,4.16,0.0,686.358721,0.0
2019-02-24,17,0,35,4.16,4.16,0.0,686.358721,0.0
2019-02-24,17,0,36,10.4,10.4,0.0,196.274395,0.0
2019-02-24,17,0,37,4.98,4.98,0.0,80.903766,0.0
2019-02-24,17,0,38,6.41,6.41,0.0,104.135169,0.0
2019-02-24,17,0,39,4.27,4.27,0.0,69.369293,0.0
2019-02-24,17,0,40,4.27,4.27,0.0,69.369293,0.0
2019-02-24,17,0,41,34.8,34.8,0.0,-2331.098945,0.0
2019-02-24,17,0,42,50.16,50.16,0.0,5007.267785,0.0
2019-02-24,17,0,43,30.98,30.98,0.0,640.180977,0.0
2019-02-24,17,0,46,26.09,26.09,0.0,9.986605,0.0
2019-02-24,17,0,52,132.5,132.5,0.0,-132500.0,0.0
2019-02-24,17,0,53,210.5,210.5,0.0,-210500.0,0.0
2019-02-24,17,0,55,623.0,623.0,0.0,-290826.527341,0.0
2019-02-24,17,0,56,160.75,160.75,0.0,-160750.0,0.0
2019-02-24,17,0,57,152.91,152.91,0.0,-152910.0,0.0
2019-02-24,17,0,58,294.06,294.06,0.0,-294060.0,0.0
2019-02-24,17,0,59,289.16,289.16,0.0,-289160.0,0.0
2019-02-24,17,0,63,8.3,8.3,0.0,1031.95479,0.0
2019-02-24,17,0,64,9.76,9.76,0.0,1213.479368,0.0
2019-02-24,17,0,65,41.4,41.4,0.0,4524.122571,0.0
2019-02-24,17,0,67,301.35,301.35,0.0,-156510.305557,0.0
2019-02-24,17,0,68,16.57,16.57,0.0,-6005.169276,0.0
2019-02-24,17,0,69,2.6,2.6,0.0,428.974201,0.0
2019-02-24,17,0,74,104.24,104.24,0.0,5162.102704,0.0
2019-02-24,17,0,77,60.0,60.0,0.0,-13373.812816,0.0
2019-02-24,17,0,78,45.36,45.36,0.0,-10110.602489,0.0
2019-02-24,17,0,79,26.25,26.25,0.0,-5851.043107,0.0
2019-02-24,17,0,80,42.45,42.45,0.0,-9461.972567,0.0
2019-02-24,17,0,81,55.5,55.5,0.0,-12370.776855,0.0
2019-02-24,17,0,82,39.15,39.15,0.0,-8726.412862,0.0
2019-02-24,17,0,83,87.3,87.3,0.0,-19458.897647,0.0
2019-02-24,17,0,84,0.0,0.0,0.0,-0.0,0.0
2019-02-24,17,0,86,13.16,13.16,0.0,2171.269415,0.0
2019-02-24,17,0,87,67.18,67.18,0.0,11084.033382,0.0
2019-02-24,17,0,88,40.47,40.47,0.0,-9020.636744,0.0
2019-02-24,17,0,89,38.9,38.9,0.0,-8670.688642,0.0
2019-02-24,17,0,90,52.23,52.23,0.0,-11641.904056,0.0
2019-02-24,17,0,91,186.32,186.32,0.0,-41530.146731,0.0
2019-02-24,17,0,92,67.01,67.01,0.0,-14936.319946,0.0
2019-02-24,17,0,95,15.56,15.56,0.0,395.43707,0.0
2019-02-24,17,0,96,29.88,29.88,0.0,-2806.05563,0.0
2019-02-24,17,0,97,183.75,183.75,0.0,-17256.115195,0.0
2019-02-24,17,0,99,21.2,21.2,0.0,1049.852046,0.0
2019-02-24,17,0,101,10.98,10.98,0.0,-10980.0,0.0
2019-02-24,17,0,102,39.19,39.19,0.0,-14202.932042,0.0
2019-02-24,17,0,103,34.08,34.08,0.0,-12351.005971,0.0
2019-02-24,17,0,104,6.36,6.36,0.0,-2304.941255,0.0
2019-02-24,17,0,106,226.99,226.99,0.0,-105962.621896,0.0
2019-02-24,17,0,109,46.07,46.07,0.0,-794.216535,0.0
2019-02-24,17,0,110,338.6,338.6,0.0,-338600.0,0.0
2019-02-24,17,0,111,17.95,17.95,0.0,-1202.391554,0.0
2019-02-24,17,0,113,28.16,28.16,0.0,-6194.975345,0.0
2019-02-24,17,0,115,28.16,28.16,0.0,-6194.975345,0.0
2019-02-24,17,0,116,105.34,105.34,0.0,-105340.0,0.0
2019-02-24,17,0,117,1.88,1.88,0.0,-413.585002,0.0
2019-02-24,17,0,119,9.76,9.76,0.0,1213.479368,0.0
2019-02-24,17,0,120,5.74,5.74,0.0,713.66512,0.0
2019-02-24,17,0,123,3.78,3.78,0.0,-1764.565447,0.0
2019-02-24,17,0,125,75.89,75.89,0.0,-35426.68565,0.0
2019-02-24,17,0,126,170.24,170.24,0.0,-79470.799381,0.0
2019-02-24,17,0,127,218.48,218.48,0.0,-101990.015559,0.0
2019-02-24,17,0,128,109.23,109.23,0.0,-50990.339617,0.0
2019-02-24,17,0,131,28.64,28.64,0.0,-9178.981757,0.0
2019-02-24,17,0,132,42.1,42.1,0.0,-13492.846787,0.0
2019-02-24,17,0,133,111.85,111.85,0.0,12486.709227,0.0
2019-02-24,17,0,134,0.0,0.0,0.0,0.0,0.0
2019-02-24,17,0,135,146.43,146.43,0.0,16347.150935,0.0
2019-02-24,17,0,136,45.9,45.9,0.0,5010.441056,0.0
2019-02-24,17,0,139,44.94,44.94,0.0,-3010.332948,0.0
2019-02-24,17,0,140,250.6,250.6,0.0,-250600.0,0.0
2019-02-24,17,0,141,230.0,230.0,0.0,-119453.692643,0.0
2019-02-24,17,0,142,397.41,397.41,0.0,-206400.399971,0.0
2019-02-24,17,0,143,238.5,238.5,0.0,-238500.0,0.0
2019-02-24,17,0,145,25.07,25.07,0.0,-2254.765729,0.0
2019-02-24,17,0,146,268.0,268.0,0.0,-268000.0,0.0
2019-02-24,17,0,152,7.67,7.67,0.0,380.887465,0.0
2019-02-24,17,0,153,9.63,9.63,0.0,451.237675,0.0
2019-02-24,17,0,154,74.04,74.04,0.0,-4959.613963,0.0
2019-02-24,17,0,157,250.0,250.0,0.0,-129840.970264,0.0
2019-02-24,17,0,158,298.1,298.1,0.0,-154822.372943,0.0
2019-02-24,17,0,159,0.0,0.0,0.0,0.0,0.0
2019-02-24,17,0,160,2.43,2.43,0.0,94.500262,0.0
2019-02-24,17,0,161,55.69,55.69,0.0,-20182.732468,0.0
2019-02-24,17,0,162,11.12,11.12,0.0,294.037479,0.0
2019-02-24,17,0,163,74.26,74.26,0.0,-74260.0,0.0
2019-02-24,17,0,164,20.96,20.96,0.0,-20960.0,0.0
2019-02-24,17,0,167,5.24,5.24,0.0,117.371282,0.0
2019-02-24,17,0,168,2.62,2.62,0.0,58.685641,0.0
2019-02-24,17,0,169,0.0,0.0,0.0,0.0,0.0
2019-02-24,17,0,170,5.73,5.73,0.0,128.34684,0.0
2019-02-24,17,0,172,6.81,6.81,0.0,95.204493,0.0
2019-02-24,17,0,173,10.38,10.38,0.0,145.113456,0.0
2019-02-24,17,0,188,8.99,8.99,0.0,162.930132,0.0
2019-02-24,17,0,190,8.17,8.17,0.0,264.933142,0.0
2019-02-24,17,0,191,21.1,21.1,0.0,684.221455,0.0
2019-02-24,17,0,192,44.06,44.06,0.0,1428.758167,0.0
2019-02-24,17,0,194,15.3,15.3,0.0,-1536.937996,0.0
2019-02-24,17,0,196,5.69,5.69,0.0,1648.53456,0.0
2019-02-24,17,0,198,10.19,10.19,0.0,557.020365,0.0
2019-02-24,17,0,199,13.17,13.17,0.0,-69.665701,0.0
2019-02-24,17,0,200,17.33,17.33,0.0,-91.670964,0.0
2019-02-24,17,0,204,169.1,169.1,0.0,-3980.361931,0.0
2019-02-24,17,0,205,243.72,243.72,0.0,-4201.57269,0.0
2019-02-24,17,0,206,539.94,539.94,0.0,-50706.214086,0.0
2019-02-24,17,0,210,2.11,2.11,0.0,-16.541701,0.0
2019-02-24,17,0,214,12.18,12.18,0.0,2395.982809,0.0
2019-02-24,17,0,217,7.95,7.95,0.0,974.749037,0.0
2019-02-24,17,0,218,10.97,10.97,0.0,1345.03106,0.0
2019-02-24,17,0,219,7.47,7.47,0.0,915.896264,0.0
2019-02-24,17,0,221,6.5,6.5,0.0,1278.644356,0.0
2019-02-24,17,0,225,5.97,5.97,0.0,12.875698,0.0
2019-02-24,17,0,233,7.44,7.44,0.0,1227.526174,0.0
2019-02-24,17,0,236,127.24,127.24,0.0,10406.184464,0.0
2019-02-24,17,0,237,257.58,257.58,0.0,12755.702364,0.0
2019-02-24,17,0,238,65.29,65.29,0.0,6517.633846,0.0
2019-02-24,17,0,240,11.78,11.78,0.0,222.318497,0.0
2019-02-24,17,0,245,78.0,78.0,0.0,9310.460108,0.0
2019-02-24,17,0,247,167.68,167.68,0.0,20015.101934,0.0
2019-02-24,17,0,248,26.21,26.21,0.0,1297.953874,0.0
2019-02-24,17,0,249,150.0,150.0,0.0,17904.730976,0.0
2019-02-24,17,0,251,326.4,326.4,0.0,34512.791732,0.0
2019-02-24,17,0,252,267.06,267.06,0.0,29183.868934,0.0
2019-02-24,17,0,254,16.7,16.7,0.0,421.467005,0.0
2019-02-24,17,0,255,7.65,7.65,0.0,193.067221,0.0
2019-02-24,17,0,258,14.5,14.5,0.0,277.847944,0.0
2019-02-24,17,0,260,5.9,5.9,0.0,229.445081,0.0
2019-02-24,17,0,265,76.66,76.66,0.0,-5135.11624,0.0
2019-02-24,17,0,266,29.1,29.1,0.0,-1949.281015,0.0
2019-02-24,17,0,267,35.76,35.76,0.0,-2395.405123,0.0
2019-02-24,17,0,270,231.92,231.92,0.0,-231920.0,0.0
2019-02-24,17,0,272,94.13,94.13,0.0,-20707.849049,0.0
2019-02-24,17,0,273,25.19,25.19,0.0,-25190.0,0.0
2019-02-24,17,0,274,298.97,298.97,0.0,-298970.0,0.0
2019-02-24,17,0,275,416.17,416.17,0.0,-416170.0,0.0
2019-02-24,17,0,276,5.74,5.74,0.0,-5124.006734,0.0
2019-02-24,17,0,277,7.27,7.27,0.0,-1607.808676,0.0
2019-02-24,17,0,278,11.64,11.64,0.0,-2574.263134,0.0
2019-02-24,17,0,279,162.91,162.91,0.0,-36028.626051,0.0
2019-02-24,17,0,281,56.1,56.1,0.0,-56100.0,0.0
2019-02-24,17,0,282,298.96,298.96,0.0,-298960.0,0.0
2019-02-24,18,0,9,1.85,1.85,0.0,-7.113777,0.0
2019-02-24,18,0,17,21.61,21.61,0.0,166.551314,0.0
2019-02-24,18,0,19,313.95,313.95,0.0,2419.656866,0.0
2019-02-24,18,0,20,382.3,382.3,0.0,2946.439943,0.0
2019-02-24,18,0,21,42.38,42.38,0.0,-162.963179,0.0
2019-02-24,18,0,22,150.61,150.61,0.0,-579.138376,0.0
2019-02-24,18,0,23,94.93,94.93,0.0,-365.032906,0.0
2019-02-24,18,0,24,168.46,168.46,0.0,-647.776713,0.0
2019-02-24,18,0,29,3.8,3.8,0.0,19.489398,0.0
2019-02-24,18,0,30,357.7,357.7,0.0,-1399.985698,0.0
2019-02-24,18,0,31,92.34,92.34,0.0,-361.40531,0.0
2019-02-24,18,0,32,2.66,2.66,0.0,62.728078,0.0
2019-02-24,18,0,33,1.59,1.59,0.0,15.876579,0.0
2019-02-24,18,0,34,2.54,2.54,0.0,25.362586,0.0
2019-02-24,18,0,35,2.54,2.54,0.0,25.362586,0.0
2019-02-24,18,0,36,6.46,6.46,0.0,25.575176,0.0
2019-02-24,18,0,37,3.09,3.09,0.0,11.979063,0.0
2019-02-24,18,0,38,3.98,3.98,0.0,15.429343,0.0
2019-02-24,18,0,39,2.65,2.65,0.0,10.273307,0.0
2019-02-24,18,0,40,2.65,2.65,0.0,10.273307,0.0
2019-02-24,18,0,41,34.8,34.8,0.0,-7.526729,0.0
2019-02-24,18,0,42,32.04,32.04,0.0,231.114846,0.0
2019-02-24,18,0,43,19.09,19.09,0.0,81.420473,0.0
2019-02-24,18,0,46,16.15,16.15,0.0,50.192641,0.0
2019-02-24,18,0,52,97.89,97.89,0.0,-383.127202,0.0
2019-02-24,18,0,53,155.55,155.55,0.0,-608.800043,0.0
2019-02-24,18,0,55,460.54,460.54,0.0,-1770.907559,0.0
2019-02-24,18,0,56,105.51,105.51,0.0,-412.950772,0.0
2019-02-24,18,0,57,100.36,100.36,0.0,-392.794422,0.0
2019-02-24,18,0,58,193.0,193.0,0.0,-755.373888,0.0
2019-02-24,18,0,59,189.79,189.79,0.0,-742.810416,0.0
2019-02-24,18,0,63,23.93,23.93,0.0,775.991442,0.0
2019-02-24,18,0,64,28.16,28.16,0.0,913.160008,0.0
2019-02-24,18,0,65,40.32,40.32,0.0,307.053255,0.0
2019-02-24,18,0,67,197.05,197.05,0.0,-8151.210903,0.0
2019-02-24,18,0,68,9.47,9.47,0.0,-234.123012,0.0
2019-02-24,18,0,69,1.59,1.59,0.0,15.876579,0.0
2019-02-24,18,0,74,65.28,65.28,0.0,329.932391,0.0
2019-02-24,18,0,77,60.0,60.0,0.0,-625.465454,0.0
2019-02-24,18,0,78,45.36,45.36,0.0,-472.851883,0.0
2019-02-24,18,0,79,26.25,26.25,0.0,-273.641136,0.0
2019-02-24,18,0,80,42.45,42.45,0.0,-442.516809,0.0
2019-02-24,18,0,81,55.5,55.5,0.0,-578.555545,0.0
2019-02-24,18,0,82,39.15,39.15,0.0,-408.116209,0.0
2019-02-24,18,0,83,87.3,87.3,0.0,-910.052236,0.0
2019-02-24,18,0,84,0.0,0.0,0.0,0.0,0.0
2019-02-24,18,0,86,8.04,8.04,0.0,80.281572,0.0
2019-02-24,18,0,87,41.04,41.04,0.0,409.795486,0.0
2019-02-24,18,0,88,43.85,43.85,0.0,-457.111003,0.0
2019-02-24,18,0,89,42.15,42.15,0.0,-439.389482,0.0
2019-02-24,18,0,90,56.6,56.6,0.0,-590.022412,0.0
2019-02-24,18,0,91,201.9,201.9,0.0,-2104.691254,0.0
2019-02-24,18,0,92,72.61,72.61,0.0,-756.917444,0.0
2019-02-24,18,0,95,13.5,13.5,0.0,322.897674,0.0
2019-02-24,18,0,96,29.88,29.88,0.0,-119.087219,0.0
2019-02-24,18,0,97,183.75,183.75,0.0,-732.338572,0.0
2019-02-24,18,0,99,12.6,12.6,0.0,63.681803,0.0
2019-02-24,18,0,101,7.21,7.21,0.0,-28.21889,0.0
2019-02-24,18,0,102,22.42,22.42,0.0,-554.280668,0.0
2019-02-24,18,0,103,19.5,19.5,0.0,-482.090679,0.0
2019-02-24,18,0,104,3.62,3.62,0.0,-89.495808,0.0
2019-02-24,18,0,106,148.26,148.26,0.0,-570.101956,0.0
2019-02-24,18,0,109,46.1,46.1,0.0,94.016603,0.0
2019-02-24,18,0,110,338.6,338.6,0.0,-31264.368131,0.0
2019-02-24,18,0,111,11.57,11.57,0.0,-2.502421,0.0
2019-02-24,18,0,113,30.98,30.98,0.0,-262.897426,0.0
2019-02-24,18,0,115,30.98,30.98,0.0,-262.897426,0.0
2019-02-24,18,0,116,66.54,66.54,0.0,-6143.919242,0.0
2019-02-24,18,0,117,2.07,2.07,0.0,-17.566097,0.0
2019-02-24,18,0,119,28.16,28.16,0.0,913.160008,0.0
2019-02-24,18,0,120,16.56,16.56,0.0,537.000346,0.0
2019-02-24,18,0,123,2.47,2.47,0.0,-9.497854,0.0
2019-02-24,18,0,125,152.35,152.35,0.0,-585.829172,0.0
2019-02-24,18,0,126,111.19,111.19,0.0,-427.55724,0.0
2019-02-24,18,0,127,142.7,142.7,0.0,-548.722171,0.0
2019-02-24,18,0,128,218.77,218.77,0.0,-841.233002,0.0
2019-02-24,18,0,131,30.0,30.0,0.0,-608.328122,0.0
2019-02-24,18,0,132,44.1,44.1,0.0,-894.24234,0.0
2019-02-24,18,0,133,122.28,122.28,0.0,943.486001,0.0
2019-02-24,18,0,134,0.0,0.0,0.0,0.0,0.0
2019-02-24,18,0,135,163.86,163.86,0.0,1264.308277,0.0
2019-02-24,18,0,136,45.73,45.73,0.0,348.02232,0.0
2019-02-24,18,0,139,44.94,44.94,0.0,-9.719862,0.0
2019-02-24,18,0,140,250.6,250.6,0.0,-23138.956449,0.0
2019-02-24,18,0,141,230.0,230.0,0.0,-9514.227392,0.0
2019-02-24,18,0,142,259.86,259.86,0.0,-10749.422305,0.0
2019-02-24,18,0,143,176.17,176.17,0.0,-689.50372,0.0
2019-02-24,18,0,145,28.09,28.09,0.0,-47.837897,0.0
2019-02-24,18,0,146,268.0,268.0,0.0,-24745.57194,0.0
2019-02-24,18,0,152,4.8,4.8,0.0,24.437905,0.0
2019-02-24,18,0,153,6.02,6.02,0.0,29.936378,0.0
2019-02-24,18,0,154,47.75,47.75,0.0,-10.327623,0.0
2019-02-24,18,0,157,250.0,250.0,0.0,-10341.551513,0.0
2019-02-24,18,0,158,197.16,197.16,0.0,-8155.761185,0.0
2019-02-24,18,0,159,0.0,0.0,0.0,0.0,0.0
2019-02-24,18,0,160,1.48,1.48,0.0,8.257992,0.0
2019-02-24,18,0,161,35.91,35.91,0.0,-887.788527,0.0
2019-02-24,18,0,162,10.97,10.97,0.0,263.435022,0.0
2019-02-24,18,0,163,82.86,82.86,0.0,-7650.813772,0.0
2019-02-24,18,0,164,13.54,13.54,0.0,-52.993588,0.0
2019-02-24,18,0,167,3.08,3.08,0.0,72.903979,0.0
2019-02-24,18,0,168,1.54,1.54,0.0,36.45199,0.0
2019-02-24,18,0,169,0.0,0.0,0.0,0.0,0.0
2019-02-24,18,0,170,3.37,3.37,0.0,79.768315,0.0
2019-02-24,18,0,172,4.02,4.02,0.0,83.817565,0.0
2019-02-24,18,0,173,6.13,6.13,0.0,127.811362,0.0
2019-02-24,18,0,188,5.35,5.35,0.0,117.7019,0.0
2019-02-24,18,0,190,5.05,5.05,0.0,163.759163,0.0
2019-02-24,18,0,191,13.05,13.05,0.0,423.17962,0.0
2019-02-24,18,0,192,64.07,64.07,0.0,2077.633585,0.0
2019-02-24,18,0,194,36.77,36.77,0.0,210.004562,0.0
2019-02-24,18,0,196,3.55,3.55,0.0,177.114492,0.0
2019-02-24,18,0,198,6.14,6.14,0.0,45.683514,0.0
2019-02-24,18,0,199,13.54,13.54,0.0,142.210774,0.0
2019-02-24,18,0,200,10.4,10.4,0.0,109.231319,0.0
2019-02-24,18,0,204,163.86,163.86,0.0,285.616836,0.0
2019-02-24,18,0,205,243.86,243.86,0.0,497.329475,0.0
2019-02-24,18,0,206,539.94,539.94,0.0,-2151.939531,0.0
2019-02-24,18,0,210,1.22,1.22,0.0,7.036034,0.0
2019-02-24,18,0,214,7.22,7.22,0.0,81.831931,0.0
2019-02-24,18,0,217,4.65,4.65,0.0,41.475445,0.0
2019-02-24,18,0,218,6.41,6.41,0.0,57.173678,0.0
2019-02-24,18,0,219,4.37,4.37,0.0,38.977999,0.0
2019-02-24,18,0,221,3.85,3.85,0.0,43.63614,0.0
2019-02-24,18,0,225,3.46,3.46,0.0,17.532275,0.0
2019-02-24,18,0,233,4.55,4.55,0.0,45.432979,0.0
2019-02-24,18,0,236,111.28,111.28,0.0,717.626489,0.0
2019-02-24,18,0,237,156.6,156.6,0.0,791.473841,0.0
2019-02-24,18,0,238,41.71,41.71,0.0,300.867672,0.0
2019-02-24,18,0,240,7.32,7.32,0.0,28.97992,0.0
2019-02-24,18,0,245,78.0,78.0,0.0,627.468579,0.0
2019-02-24,18,0,247,134.47,134.47,0.0,1081.739741,0.0
2019-02-24,18,0,248,15.72,15.72,0.0,79.450631,0.0
2019-02-24,18,0,249,150.0,150.0,0.0,1206.670344,0.0
2019-02-24,18,0,251,326.4,326.4,0.0,2436.510143,0.0
2019-02-24,18,0,252,260.12,260.12,0.0,1980.91996,0.0
2019-02-24,18,0,254,10.22,10.22,0.0,46.96064,0.0
2019-02-24,18,0,255,4.68,4.68,0.0,21.504481,0.0
2019-02-24,18,0,258,9.0,9.0,0.0,36.075959,0.0
2019-02-24,18,0,260,3.61,3.61,0.0,20.142804,0.0
2019-02-24,18,0,265,49.43,49.43,0.0,-10.690983,0.0
2019-02-24,18,0,266,29.1,29.1,0.0,-6.293902,0.0
2019-02-24,18,0,267,35.76,35.76,0.0,-7.734363,0.0
2019-02-24,18,0,270,258.76,258.76,0.0,-23892.403714,0.0
2019-02-24,18,0,272,103.54,103.54,0.0,-878.64427,0.0
2019-02-24,18,0,273,15.91,15.91,0.0,-1469.037498,0.0
2019-02-24,18,0,274,333.58,333.58,0.0,-30800.850328,0.0
2019-02-24,18,0,275,464.35,464.35,0.0,-42875.396756,0.0
2019-02-24,18,0,276,3.64,3.64,0.0,-294.673074,0.0
2019-02-24,18,0,277,4.61,4.61,0.0,-42.703203,0.0
2019-02-24,18,0,278,7.38,7.38,0.0,-68.362178,0.0
2019-02-24,18,0,279,173.33,173.33,0.0,-1605.584861,0.0
2019-02-24,18,0,281,41.41,41.41,0.0,-162.072708,0.0
2019-02-24,18,0,282,196.22,196.22,0.0,-767.976499,0.0
2019-02-24,19,0,9,0.41,0.41,0.0,3.794442,0.0
2019-02-24,19,0,17,2.3,2.3,0.0,32.30604,0.0
2019-02-24,19,0,19,497.04,497.04,0.0,6981.475791,0.0
2019-02-24,19,0,20,604.15,604.15,0.0,8485.954046,0.0
2019-02-24,19,0,21,9.35,9.35,0.0,86.53178,0.0
2019-02-24,19,0,22,33.22,33.22,0.0,307.442323,0.0
2019-02-24,19,0,23,108.8,108.8,0.0,1006.915254,0.0
2019-02-24,19,0,24,192.5,192.5,0.0,1781.53664,0.0
2019-02-24,19,0,29,0.25,0.25,0.0,3.942782,0.0
2019-02-24,19,0,30,89.32,89.32,0.0,823.919075,0.0
2019-02-24,19,0,31,37.5,37.5,0.0,345.913181,0.0
2019-02-24,19,0,32,0.27,0.27,0.0,7.226827,0.0
2019-02-24,19,0,33,0.21,0.21,0.0,3.126787,0.0
2019-02-24,19,0,34,0.34,0.34,0.0,5.062417,0.0
2019-02-24,19,0,35,0.34,0.34,0.0,5.062417,0.0
2019-02-24,19,0,36,0.97,0.97,0.0,12.383892,0.0
2019-02-24,19,0,37,0.47,0.47,0.0,5.994345,0.0
2019-02-24,19,0,38,0.6,0.6,0.0,7.652356,0.0
2019-02-24,19,0,39,0.4,0.4,0.0,5.10157,0.0
2019-02-24,19,0,40,0.4,0.4,0.0,5.10157,0.0
2019-02-24,19,0,41,34.8,34.8,0.0,377.140052,0.0
2019-02-24,19,0,42,7.26,7.26,0.0,100.647515,0.0
2019-02-24,19,0,43,2.76,2.76,0.0,35.879013,0.0
2019-02-24,19,0,46,2.31,2.31,0.0,28.717981,0.0
2019-02-24,19,0,52,39.75,39.75,0.0,366.667972,0.0
2019-02-24,19,0,53,63.15,63.15,0.0,582.517797,0.0
2019-02-24,19,0,55,186.9,186.9,0.0,1729.71012,0.0
2019-02-24,19,0,56,26.34,26.34,0.0,242.969418,0.0
2019-02-24,19,0,57,25.06,25.06,0.0,231.162248,0.0
2019-02-24,19,0,58,48.19,48.19,0.0,444.521498,0.0
2019-02-24,19,0,59,47.39,47.39,0.0,437.142017,0.0
2019-02-24,19,0,63,36.38,36.38,0.0,1156.836544,0.0
2019-02-24,19,0,64,42.8,42.8,0.0,1360.98417,0.0
2019-02-24,19,0,65,30.21,30.21,0.0,423.306909,0.0
2019-02-24,19,0,67,44.15,44.15,0.0,-506.017979,0.0
2019-02-24,19,0,68,12.55,12.55,0.0,-23.314079,0.0
2019-02-24,19,0,69,0.21,0.21,0.0,3.126787,0.0
2019-02-24,19,0,74,64.25,64.25,0.0,838.33278,0.0
2019-02-24,19,0,77,60.0,60.0,0.0,380.03096,0.0
2019-02-24,19,0,78,45.36,45.36,0.0,287.303406,0.0
2019-02-24,19,0,79,26.25,26.25,0.0,166.263545,0.0
2019-02-24,19,0,80,42.45,42.45,0.0,268.871904,0.0
2019-02-24,19,0,81,55.5,55.5,0.0,351.528638,0.0
2019-02-24,19,0,82,39.15,39.15,0.0,247.970202,0.0
2019-02-24,19,0,83,87.3,87.3,0.0,552.945047,0.0
2019-02-24,19,0,84,0.0,0.0,0.0,0.0,0.0
2019-02-24,19,0,86,1.06,1.06,0.0,15.78283,0.0
2019-02-24,19,0,87,5.42,5.42,0.0,80.700886,0.0
2019-02-24,19,0,88,49.13,49.13,0.0,311.182018,0.0
2019-02-24,19,0,89,47.23,47.23,0.0,299.147704,0.0
2019-02-24,19,0,90,63.42,63.42,0.0,401.692725,0.0
2019-02-24,19,0,91,226.22,226.22,0.0,1432.843397,0.0
2019-02-24,19,0,92,81.36,81.36,0.0,515.321982,0.0
2019-02-24,19,0,95,12.69,12.69,0.0,342.228184,0.0
2019-02-24,19,0,96,29.88,29.88,0.0,274.674795,0.0
2019-02-24,19,0,97,183.75,183.75,0.0,1689.139681,0.0
2019-02-24,19,0,99,12.4,12.4,0.0,161.794964,0.0
2019-02-24,19,0,101,1.8,1.8,0.0,16.603833,0.0
2019-02-24,19,0,102,35.91,35.91,0.0,-66.709847,0.0
2019-02-24,19,0,103,30.13,30.13,0.0,-55.972367,0.0
2019-02-24,19,0,104,4.3,4.3,0.0,-7.988091,0.0
2019-02-24,19,0,106,32.7,32.7,0.0,302.62986,0.0
2019-02-24,19,0,109,46.83,46.83,0.0,556.450911,0.0
2019-02-24,19,0,110,338.6,338.6,0.0,-13838.831363,0.0
2019-02-24,19,0,111,2.34,2.34,0.0,25.359417,0.0
2019-02-24,19,0,113,35.15,35.15,0.0,268.730574,0.0
2019-02-24,19,0,115,35.15,35.15,0.0,268.730574,0.0
2019-02-24,19,0,116,11.49,11.49,0.0,-469.604762,0.0
2019-02-24,19,0,117,2.34,2.34,0.0,17.889887,0.0
2019-02-24,19,0,119,42.8,42.8,0.0,1360.98417,0.0
2019-02-24,19,0,120,25.17,25.17,0.0,800.373167,0.0
2019-02-24,19,0,123,0.55,0.55,0.0,5.090105,0.0
2019-02-24,19,0,125,174.2,174.2,0.0,1612.174975,0.0
2019-02-24,19,0,126,24.53,24.53,0.0,227.018669,0.0
2019-02-24,19,0,127,31.48,31.48,0.0,291.339083,0.0
2019-02-24,19,0,128,249.5,249.5,0.0,2309.05658,0.0
2019-02-24,19,0,131,30.0,30.0,0.0,21.21423,0.0
2019-02-24,19,0,132,44.1,44.1,0.0,31.184918,0.0
2019-02-24,19,0,133,102.83,102.83,0.0,1444.68993,0.0
2019-02-24,19,0,134,0.0,0.0,0.0,0.0,0.0
2019-02-24,19,0,135,139.34,139.34,0.0,1957.630019,0.0
2019-02-24,19,0,136,35.15,35.15,0.0,492.461377,0.0
2019-02-24,19,0,139,44.94,44.94,0.0,487.03086,0.0
2019-02-24,19,0,140,250.6,250.6,0.0,-10242.206555,0.0
2019-02-24,19,0,141,230.0,230.0,0.0,-2636.107251,0.0
2019-02-24,19,0,142,58.22,58.22,0.0,-667.278975,0.0
2019-02-24,19,0,143,71.55,71.55,0.0,660.002349,0.0
2019-02-24,19,0,145,30.0,30.0,0.0,306.328895,0.0
2019-02-24,19,0,146,268.0,268.0,0.0,-10953.35737,0.0
2019-02-24,19,0,152,0.78,0.78,0.0,10.20826,0.0
2019-02-24,19,0,153,0.97,0.97,0.0,12.652989,0.0
2019-02-24,19,0,154,9.66,9.66,0.0,104.688876,0.0
2019-02-24,19,0,157,250.0,250.0,0.0,-2865.333969,0.0
2019-02-24,19,0,158,52.59,52.59,0.0,-602.751654,0.0
2019-02-24,19,0,159,0.0,0.0,0.0,0.0,0.0
2019-02-24,19,0,160,0.2,0.2,0.0,2.751172,0.0
2019-02-24,19,0,161,7.27,7.27,0.0,-13.505447,0.0
2019-02-24,19,0,162,11.71,11.71,0.0,316.427103,0.0
2019-02-24,19,0,163,96.38,96.38,0.0,-3939.121579,0.0
2019-02-24,19,0,164,3.77,3.77,0.0,34.775805,0.0
2019-02-24,19,0,167,0.28,0.28,0.0,7.51136,0.0
2019-02-24,19,0,168,0.14,0.14,0.0,3.75568,0.0
2019-02-24,19,0,169,0.0,0.0,0.0,0.0,0.0
2019-02-24,19,0,170,0.31,0.31,0.0,8.316148,0.0
2019-02-24,19,0,172,0.37,0.37,0.0,9.402974,0.0
2019-02-24,19,0,173,0.57,0.57,0.0,14.485663,0.0
2019-02-24,19,0,188,0.56,0.56,0.0,14.498438,0.0
2019-02-24,19,0,190,0.73,0.73,0.0,23.213048,0.0
2019-02-24,19,0,191,1.88,1.88,0.0,59.781548,0.0
2019-02-24,19,0,192,91.32,91.32,0.0,2903.856878,0.0
2019-02-24,19,0,194,84.59,84.59,0.0,1354.907596,0.0
2019-02-24,19,0,196,0.57,0.57,0.0,23.864543,0.0
2019-02-24,19,0,198,0.67,0.67,0.0,10.077682,0.0
2019-02-24,19,0,199,13.9,13.9,0.0,247.919563,0.0
2019-02-24,19,0,200,1.1,1.1,0.0,19.619534,0.0
2019-02-24,19,0,204,160.6,160.6,0.0,1889.064866,0.0
2019-02-24,19,0,205,247.75,247.75,0.0,2943.854649,0.0
2019-02-24,19,0,206,539.94,539.94,0.0,4963.450771,0.0
2019-02-24,19,0,210,0.08,0.08,0.0,1.275409,0.0
2019-02-24,19,0,214,0.7,0.7,0.0,10.771743,0.0
2019-02-24,19,0,217,0.39,0.39,0.0,6.099022,0.0
2019-02-24,19,0,218,0.53,0.53,0.0,8.288414,0.0
2019-02-24,19,0,219,0.36,0.36,0.0,5.629866,0.0
2019-02-24,19,0,221,0.37,0.37,0.0,5.693636,0.0
2019-02-24,19,0,225,0.24,0.24,0.0,3.781096,0.0
2019-02-24,19,0,233,0.6,0.6,0.0,8.933677,0.0
2019-02-24,19,0,236,96.78,96.78,0.0,1314.538114,0.0
2019-02-24,19,0,237,154.14,154.14,0.0,2011.215792,0.0
2019-02-24,19,0,238,9.45,9.45,0.0,131.008129,0.0
2019-02-24,19,0,240,1.1,1.1,0.0,14.043589,0.0
2019-02-24,19,0,245,66.4,66.4,0.0,940.953242,0.0
2019-02-24,19,0,247,106.52,106.52,0.0,1509.493063,0.0
2019-02-24,19,0,248,15.47,15.47,0.0,201.852266,0.0
2019-02-24,19,0,249,127.7,127.7,0.0,1809.634474,0.0
2019-02-24,19,0,251,305.93,305.93,0.0,4269.678355,0.0
2019-02-24,19,0,252,194.87,194.87,0.0,2730.546753,0.0
2019-02-24,19,0,254,1.33,1.33,0.0,17.541907,0.0
2019-02-24,19,0,255,0.61,0.61,0.0,8.045536,0.0
2019-02-24,19,0,258,1.32,1.32,0.0,16.901926,0.0
2019-02-24,19,0,260,0.48,0.48,0.0,6.602813,0.0
2019-02-24,19,0,265,10.0,10.0,0.0,108.373578,0.0
2019-02-24,19,0,266,29.1,29.1,0.0,315.367112,0.0
2019-02-24,19,0,267,35.76,35.76,0.0,387.543915,0.0
2019-02-24,19,0,270,300.99,300.99,0.0,-12301.682965,0.0
2019-02-24,19,0,272,117.48,117.48,0.0,898.164093,0.0
2019-02-24,19,0,273,2.75,2.75,0.0,-112.394525,0.0
2019-02-24,19,0,274,388.02,388.02,0.0,-15858.663159,0.0
2019-02-24,19,0,275,540.12,540.12,0.0,-22075.102174,0.0
2019-02-24,19,0,276,0.65,0.65,0.0,-22.297755,0.0
2019-02-24,19,0,277,0.83,0.83,0.0,5.909176,0.0
2019-02-24,19,0,278,1.32,1.32,0.0,9.397725,0.0
2019-02-24,19,0,279,191.4,191.4,0.0,1362.670183,0.0
2019-02-24,19,0,281,16.83,16.83,0.0,155.245836,0.0
2019-02-24,19,0,282,49.0,49.0,0.0,451.993223,0.0
2019-02-24,20,0,9,0.0,0.0,0.0,0.0,0.0
2019-02-24,20,0,17,0.0,0.0,0.0,0.0,0.0
2019-02-24,20,0,19,405.83,405.83,0.0,-1597.272113,0.0
2019-02-24,20,0,20,492.19,492.19,0.0,-1937.169163,0.0
2019-02-24,20,0,21,0.0,0.0,0.0,0.0,0.0
2019-02-24,20,0,22,0.0,0.0,0.0,0.0,0.0
2019-02-24,20,0,23,108.8,108.8,0.0,-6965.392881,0.0
2019-02-24,20,0,24,192.5,192.5,0.0,-12323.879868,0.0
2019-02-24,20,0,29,0.0,0.0,0.0,0.0,0.0
2019-02-24,20,0,30,0.0,0.0,0.0,0.0,0.0
2019-02-24,20,0,31,37.5,37.5,0.0,-2425.36835,0.0
2019-02-24,20,0,32,0.0,0.0,0.0,0.0,0.0
2019-02-24,20,0,33,0.0,0.0,0.0,0.0,0.0
2019-02-24,20,0,34,0.0,0.0,0.0,0.0,0.0
2019-02-24,20,0,35,0.0,0.0,0.0,0.0,0.0
2019-02-24,20,0,36,0.0,0.0,0.0,0.0,0.0
2019-02-24,20,0,37,0.0,0.0,0.0,0.0,0.0
2019-02-24,20,0,38,0.0,0.0,0.0,0.0,0.0
2019-02-24,20,0,39,0.0,0.0,0.0,0.0,0.0
2019-02-24,20,0,40,0.0,0.0,0.0,0.0,0.0
2019-02-24,20,0,41,60.5,60.5,0.0,-1766.165003,0.0
2019-02-24,20,0,42,0.0,0.0,0.0,0.0,0.0
2019-02-24,20,0,43,0.0,0.0,0.0,0.0,0.0
2019-02-24,20,0,46,0.0,0.0,0.0,0.0,0.0
2019-02-24,20,0,52,39.75,39.75,0.0,-2570.890451,0.0
2019-02-24,20,0,53,63.15,63.15,0.0,-4084.320302,0.0
2019-02-24,20,0,55,186.9,186.9,0.0,-11965.366999,0.0
2019-02-24,20,0,56,0.0,0.0,0.0,0.0,0.0
2019-02-24,20,0,57,0.0,0.0,0.0,0.0,0.0
2019-02-24,20,0,58,0.0,0.0,0.0,0.0,0.0
2019-02-24,20,0,59,0.0,0.0,0.0,0.0,0.0
2019-02-24,20,0,63,40.55,40.55,0.0,13714.576472,0.0
2019-02-24,20,0,64,47.7,47.7,0.0,16132.806355,0.0
2019-02-24,20,0,65,18.07,18.07,0.0,376.149356,0.0
2019-02-24,20,0,67,0.0,0.0,0.0,-0.0,0.0
2019-02-24,20,0,68,7.88,7.88,0.0,-2198.289141,0.0
2019-02-24,20,0,69,0.0,0.0,0.0,0.0,0.0
2019-02-24,20,0,74,47.64,47.64,0.0,1033.189638,0.0
2019-02-24,20,0,77,84.7,84.7,0.0,-10754.756485,0.0
2019-02-24,20,0,78,64.3,64.3,0.0,-8164.472751,0.0
2019-02-24,20,0,79,37.43,37.43,0.0,-4752.662754,0.0
2019-02-24,20,0,80,60.23,60.23,0.0,-7647.685751,0.0
2019-02-24,20,0,81,78.45,78.45,0.0,-9961.164654,0.0
2019-02-24,20,0,82,55.6,55.6,0.0,-7059.792923,0.0
2019-02-24,20,0,83,122.29,122.29,0.0,-15527.735189,0.0
2019-02-24,20,0,84,0.0,0.0,0.0,0.0,0.0
2019-02-24,20,0,86,0.0,0.0,0.0,0.0,0.0
2019-02-24,20,0,87,0.0,0.0,0.0,0.0,0.0
2019-02-24,20,0,88,80.58,80.58,0.0,-10231.62075,0.0
2019-02-24,20,0,89,77.47,77.47,0.0,-9836.729455,0.0
2019-02-24,20,0,90,103.93,103.93,0.0,-13196.479828,0.0
2019-02-24,20,0,91,370.05,370.05,0.0,-46986.985091,0.0
2019-02-24,20,0,92,133.27,133.27,0.0,-16921.917317,0.0
2019-02-24,20,0,95,14.86,14.86,0.0,3695.587059,0.0
2019-02-24,20,0,96,31.77,31.77,0.0,-2076.564183,0.0
2019-02-24,20,0,97,229.39,229.39,0.0,-14993.486244,0.0
2019-02-24,20,0,99,9.19,9.19,0.0,199.307573,0.0
2019-02-24,20,0,101,0.0,0.0,0.0,0.0,0.0
2019-02-24,20,0,102,18.66,18.66,0.0,-5205.593321,0.0
2019-02-24,20,0,103,16.23,16.23,0.0,-4527.694512,0.0
2019-02-24,20,0,104,3.02,3.02,0.0,-842.491524,0.0
2019-02-24,20,0,106,0.0,0.0,0.0,0.0,0.0
2019-02-24,20,0,109,36.95,36.95,0.0,-286.880371,0.0
2019-02-24,20,0,110,338.6,338.6,0.0,-338600.0,0.0
2019-02-24,20,0,111,0.0,0.0,0.0,0.0,0.0
2019-02-24,20,0,113,28.99,28.99,0.0,-3035.674078,0.0
2019-02-24,20,0,115,28.99,28.99,0.0,-3035.674078,0.0
2019-02-24,20,0,116,0.0,0.0,0.0,-0.0,0.0
2019-02-24,20,0,117,1.93,1.93,0.0,-202.099033,0.0
2019-02-24,20,0,119,47.7,47.7,0.0,16132.806355,0.0
2019-02-24,20,0,120,28.05,28.05,0.0,9486.90185,0.0
2019-02-24,20,0,123,0.0,0.0,0.0,0.0,0.0
2019-02-24,20,0,125,174.2,174.2,0.0,-11152.311029,0.0
2019-02-24,20,0,126,0.0,0.0,0.0,0.0,0.0
2019-02-24,20,0,127,0.0,0.0,0.0,0.0,0.0
2019-02-24,20,0,128,249.5,249.5,0.0,-15973.028712,0.0
2019-02-24,20,0,131,26.9,26.9,0.0,-6229.180106,0.0
2019-02-24,20,0,132,39.55,39.55,0.0,-9158.515733,0.0
2019-02-24,20,0,133,59.17,59.17,0.0,3044.033486,0.0
2019-02-24,20,0,134,0.0,0.0,0.0,0.0,0.0
2019-02-24,20,0,135,78.85,78.85,0.0,4056.482008,0.0
2019-02-24,20,0,136,21.35,21.35,0.0,473.437789,0.0
2019-02-24,20,0,139,80.98,80.98,0.0,-2364.033752,0.0
2019-02-24,20,0,140,250.6,250.6,0.0,-250600.0,0.0
2019-02-24,20,0,141,230.0,230.0,0.0,-104986.441647,0.0
2019-02-24,20,0,142,0.0,0.0,0.0,-0.0,0.0
2019-02-24,20,0,143,71.55,71.55,0.0,-4627.602812,0.0
2019-02-24,20,0,145,23.34,23.34,0.0,-1016.216033,0.0
2019-02-24,20,0,146,268.0,268.0,0.0,-268000.0,0.0
2019-02-24,20,0,152,0.0,0.0,0.0,0.0,0.0
2019-02-24,20,0,153,0.0,0.0,0.0,0.0,0.0
2019-02-24,20,0,154,0.0,0.0,0.0,0.0,0.0
2019-02-24,20,0,157,243.96,243.96,0.0,-111358.662192,0.0
2019-02-24,20,0,158,0.0,0.0,0.0,-0.0,0.0
2019-02-24,20,0,159,0.0,0.0,0.0,0.0,0.0
2019-02-24,20,0,160,0.0,0.0,0.0,0.0,0.0
2019-02-24,20,0,161,0.0,0.0,0.0,-0.0,0.0
2019-02-24,20,0,162,14.7,14.7,0.0,3670.447662,0.0
2019-02-24,20,0,163,87.73,87.73,0.0,-87730.0,0.0
2019-02-24,20,0,164,0.0,0.0,0.0,0.0,0.0
2019-02-24,20,0,167,0.0,0.0,0.0,0.0,0.0
2019-02-24,20,0,168,0.0,0.0,0.0,0.0,0.0
2019-02-24,20,0,169,0.0,0.0,0.0,0.0,0.0
2019-02-24,20,0,170,0.0,0.0,0.0,0.0,0.0
2019-02-24,20,0,172,0.0,0.0,0.0,0.0,0.0
2019-02-24,20,0,173,0.0,0.0,0.0,0.0,0.0
2019-02-24,20,0,188,0.0,0.0,0.0,0.0,0.0
2019-02-24,20,0,190,0.0,0.0,0.0,0.0,0.0
2019-02-24,20,0,191,0.0,0.0,0.0,0.0,0.0
2019-02-24,20,0,192,95.07,95.07,0.0,32154.002101,0.0
2019-02-24,20,0,194,76.5,76.5,0.0,3685.166297,0.0
2019-02-24,20,0,196,0.0,0.0,0.0,0.0,0.0
2019-02-24,20,0,198,0.0,0.0,0.0,0.0,0.0
2019-02-24,20,0,199,16.88,16.88,0.0,1238.581658,0.0
2019-02-24,20,0,200,0.0,0.0,0.0,0.0,0.0
2019-02-24,20,0,204,241.82,241.82,0.0,-2573.655926,0.0
2019-02-24,20,0,205,195.47,195.47,0.0,-1517.632101,0.0
2019-02-24,20,0,206,868.95,868.95,0.0,-56796.677589,0.0
2019-02-24,20,0,210,0.0,0.0,0.0,0.0,0.0
2019-02-24,20,0,214,0.0,0.0,0.0,0.0,0.0
2019-02-24,20,0,217,0.0,0.0,0.0,0.0,0.0
2019-02-24,20,0,218,0.0,0.0,0.0,0.0,0.0
2019-02-24,20,0,219,0.0,0.0,0.0,0.0,0.0
2019-02-24,20,0,221,0.0,0.0,0.0,0.0,0.0
2019-02-24,20,0,225,0.0,0.0,0.0,0.0,0.0
2019-02-24,20,0,233,0.0,0.0,0.0,0.0,0.0
2019-02-24,20,0,236,71.36,71.36,0.0,2525.177905,0.0
2019-02-24,20,0,237,114.28,114.28,0.0,2478.440635,0.0
2019-02-24,20,0,238,0.0,0.0,0.0,0.0,0.0
2019-02-24,20,0,240,0.0,0.0,0.0,0.0,0.0
2019-02-24,20,0,245,97.47,97.47,0.0,4487.418331,0.0
2019-02-24,20,0,247,76.46,76.46,0.0,3520.139587,0.0
2019-02-24,20,0,248,11.47,11.47,0.0,248.754936,0.0
2019-02-24,20,0,249,187.36,187.36,0.0,8625.861274,0.0
2019-02-24,20,0,251,196.4,196.4,0.0,5415.170799,0.0
2019-02-24,20,0,252,116.59,116.59,0.0,2426.964774,0.0
2019-02-24,20,0,254,0.0,0.0,0.0,0.0,0.0
2019-02-24,20,0,255,0.0,0.0,0.0,0.0,0.0
2019-02-24,20,0,258,0.0,0.0,0.0,0.0,0.0
2019-02-24,20,0,260,0.0,0.0,0.0,0.0,0.0
2019-02-24,20,0,265,0.0,0.0,0.0,0.0,0.0
2019-02-24,20,0,266,49.35,49.35,0.0,-1440.665172,0.0
2019-02-24,20,0,267,62.41,62.41,0.0,-1821.92327,0.0
2019-02-24,20,0,270,273.99,273.99,0.0,-273990.0,0.0
2019-02-24,20,0,272,96.87,96.87,0.0,-10143.696029,0.0
2019-02-24,20,0,273,0.0,0.0,0.0,-0.0,0.0
2019-02-24,20,0,274,353.21,353.21,0.0,-353210.0,0.0
2019-02-24,20,0,275,491.68,491.68,0.0,-491680.0,0.0
2019-02-24,20,0,276,0.0,0.0,0.0,-0.0,0.0
2019-02-24,20,0,277,0.0,0.0,0.0,0.0,0.0
2019-02-24,20,0,278,0.0,0.0,0.0,0.0,0.0
2019-02-24,20,0,279,385.87,385.87,0.0,-43849.875325,0.0
2019-02-24,20,0,281,16.83,16.83,0.0,-1088.505316,0.0
2019-02-24,20,0,282,0.0,0.0,0.0,0.0,0.0
2019-02-24,21,0,9,0.0,0.0,0.0,-0.0,0.0
2019-02-24,21,0,17,0.0,0.0,0.0,0.0,0.0
2019-02-24,21,0,19,309.18,309.18,0.0,6170.608626,0.0
2019-02-24,21,0,20,374.97,374.97,0.0,7483.644208,0.0
2019-02-24,21,0,21,0.0,0.0,0.0,-0.0,0.0
2019-02-24,21,0,22,0.0,0.0,0.0,-0.0,0.0
2019-02-24,21,0,23,108.8,108.8,0.0,-104.708449,0.0
2019-02-24,21,0,24,192.5,192.5,0.0,-185.260813,0.0
2019-02-24,21,0,29,0.0,0.0,0.0,0.0,0.0
2019-02-24,21,0,30,0.0,0.0,0.0,-0.0,0.0
2019-02-24,21,0,31,37.5,37.5,0.0,-40.618114,0.0
2019-02-24,21,0,32,0.0,0.0,0.0,0.0,0.0
2019-02-24,21,0,33,0.0,0.0,0.0,0.0,0.0
2019-02-24,21,0,34,0.0,0.0,0.0,0.0,0.0
2019-02-24,21,0,35,0.0,0.0,0.0,0.0,0.0
2019-02-24,21,0,36,0.0,0.0,0.0,0.0,0.0
2019-02-24,21,0,37,0.0,0.0,0.0,0.0,0.0
2019-02-24,21,0,38,0.0,0.0,0.0,0.0,0.0
2019-02-24,21,0,39,0.0,0.0,0.0,0.0,0.0
2019-02-24,21,0,40,0.0,0.0,0.0,0.0,0.0
2019-02-24,21,0,41,111.37,111.37,0.0,609.557487,0.0
2019-02-24,21,0,42,0.0,0.0,0.0,0.0,0.0
2019-02-24,21,0,43,0.0,0.0,0.0,0.0,0.0
2019-02-24,21,0,46,0.0,0.0,0.0,0.0,0.0
2019-02-24,21,0,52,39.75,39.75,0.0,-43.055201,0.0
2019-02-24,21,0,53,63.15,63.15,0.0,-68.400904,0.0
2019-02-24,21,0,55,186.9,186.9,0.0,-179.871407,0.0
2019-02-24,21,0,56,0.0,0.0,0.0,-0.0,0.0
2019-02-24,21,0,57,0.0,0.0,0.0,-0.0,0.0
2019-02-24,21,0,58,0.0,0.0,0.0,-0.0,0.0
2019-02-24,21,0,59,0.0,0.0,0.0,-0.0,0.0
2019-02-24,21,0,63,45.52,45.52,0.0,3167.1559,0.0
2019-02-24,21,0,64,53.56,53.56,0.0,3726.556898,0.0
2019-02-24,21,0,65,9.8,9.8,0.0,193.889891,0.0
2019-02-24,21,0,67,0.0,0.0,0.0,-0.0,0.0
2019-02-24,21,0,68,5.72,5.72,0.0,-225.845469,0.0
2019-02-24,21,0,69,0.0,0.0,0.0,0.0,0.0
2019-02-24,21,0,74,34.34,34.34,0.0,514.208277,0.0
2019-02-24,21,0,77,148.64,148.64,0.0,-1863.799023,0.0
2019-02-24,21,0,78,112.59,112.59,0.0,-1411.767573,0.0
2019-02-24,21,0,79,65.31,65.31,0.0,-818.922997,0.0
2019-02-24,21,0,80,105.4,105.4,0.0,-1321.612063,0.0
2019-02-24,21,0,81,137.57,137.57,0.0,-1724.99214,0.0
2019-02-24,21,0,82,97.25,97.25,0.0,-1219.4191,0.0
2019-02-24,21,0,83,215.48,215.48,0.0,-2701.906711,0.0
2019-02-24,21,0,84,0.0,0.0,0.0,0.0,0.0
2019-02-24,21,0,86,0.0,0.0,0.0,0.0,0.0
2019-02-24,21,0,87,0.0,0.0,0.0,0.0,0.0
2019-02-24,21,0,88,124.46,124.46,0.0,-1560.605668,0.0
2019-02-24,21,0,89,119.64,119.64,0.0,-1500.167621,0.0
2019-02-24,21,0,90,160.64,160.64,0.0,-2014.26719,0.0
2019-02-24,21,0,91,573.04,573.04,0.0,-7185.356514,0.0
2019-02-24,21,0,92,206.09,206.09,0.0,-2584.165371,0.0
2019-02-24,21,0,95,17.31,17.31,0.0,929.77258,0.0
2019-02-24,21,0,96,26.32,26.32,0.0,-31.830131,0.0
2019-02-24,21,0,97,161.84,161.84,0.0,-195.721445,0.0
2019-02-24,21,0,99,6.63,6.63,0.0,99.277836,0.0
2019-02-24,21,0,101,0.0,0.0,0.0,-0.0,0.0
2019-02-24,21,0,102,13.55,13.55,0.0,-535.001066,0.0
2019-02-24,21,0,103,11.78,11.78,0.0,-465.115318,0.0
2019-02-24,21,0,104,2.19,2.19,0.0,-86.468807,0.0
2019-02-24,21,0,106,0.0,0.0,0.0,-0.0,0.0
2019-02-24,21,0,109,40.36,40.36,0.0,378.005642,0.0
2019-02-24,21,0,110,247.32,247.32,0.0,-41343.137637,0.0
2019-02-24,21,0,111,0.0,0.0,0.0,0.0,0.0
2019-02-24,21,0,113,44.32,44.32,0.0,-385.210304,0.0
2019-02-24,21,0,115,44.32,44.32,0.0,-385.210304,0.0
2019-02-24,21,0,116,0.0,0.0,0.0,-0.0,0.0
2019-02-24,21,0,117,2.98,2.98,0.0,-25.900873,0.0
2019-02-24,21,0,119,53.56,53.56,0.0,3726.556898,0.0
2019-02-24,21,0,120,31.49,31.49,0.0,2190.987243,0.0
2019-02-24,21,0,123,0.0,0.0,0.0,-0.0,0.0
2019-02-24,21,0,125,174.2,174.2,0.0,-167.649006,0.0
2019-02-24,21,0,126,0.0,0.0,0.0,-0.0,0.0
2019-02-24,21,0,127,0.0,0.0,0.0,-0.0,0.0
2019-02-24,21,0,128,249.5,249.5,0.0,-240.117261,0.0
2019-02-24,21,0,131,19.13,19.13,0.0,-594.738865,0.0
2019-02-24,21,0,132,28.12,28.12,0.0,-874.231933,0.0
2019-02-24,21,0,133,38.12,38.12,0.0,761.420642,0.0
2019-02-24,21,0,134,0.0,0.0,0.0,0.0,0.0
2019-02-24,21,0,135,49.57,49.57,0.0,990.126475,0.0
2019-02-24,21,0,136,11.84,11.84,0.0,234.138001,0.0
2019-02-24,21,0,139,146.7,146.7,0.0,802.927928,0.0
2019-02-24,21,0,140,183.04,183.04,0.0,-30597.800069,0.0
2019-02-24,21,0,141,230.0,230.0,0.0,-16310.236297,0.0
2019-02-24,21,0,142,0.0,0.0,0.0,-0.0,0.0
2019-02-24,21,0,143,71.55,71.55,0.0,-77.499362,0.0
2019-02-24,21,0,145,16.73,16.73,0.0,46.811943,0.0
2019-02-24,21,0,146,268.0,268.0,0.0,-44800.100625,0.0
2019-02-24,21,0,152,0.0,0.0,0.0,0.0,0.0
2019-02-24,21,0,153,0.0,0.0,0.0,0.0,0.0
2019-02-24,21,0,154,0.0,0.0,0.0,0.0,0.0
2019-02-24,21,0,157,214.48,214.48,0.0,-15209.649917,0.0
2019-02-24,21,0,158,0.0,0.0,0.0,-0.0,0.0
2019-02-24,21,0,159,0.0,0.0,0.0,0.0,0.0
2019-02-24,21,0,160,0.0,0.0,0.0,0.0,0.0
2019-02-24,21,0,161,0.0,0.0,0.0,-0.0,0.0
2019-02-24,21,0,162,18.12,18.12,0.0,976.483236,0.0
2019-02-24,21,0,163,79.55,79.55,0.0,-13297.940316,0.0
2019-02-24,21,0,164,0.0,0.0,0.0,-0.0,0.0
2019-02-24,21,0,167,0.0,0.0,0.0,0.0,0.0
2019-02-24,21,0,168,0.0,0.0,0.0,0.0,0.0
2019-02-24,21,0,169,0.0,0.0,0.0,0.0,0.0
2019-02-24,21,0,170,0.0,0.0,0.0,0.0,0.0
2019-02-24,21,0,172,0.0,0.0,0.0,0.0,0.0
2019-02-24,21,0,173,0.0,0.0,0.0,0.0,0.0
2019-02-24,21,0,188,0.0,0.0,0.0,0.0,0.0
2019-02-24,21,0,190,0.0,0.0,0.0,0.0,0.0
2019-02-24,21,0,191,0.0,0.0,0.0,0.0,0.0
2019-02-24,21,0,192,99.02,99.02,0.0,6889.538163,0.0
2019-02-24,21,0,194,70.05,70.05,0.0,1281.477682,0.0
2019-02-24,21,0,196,0.0,0.0,0.0,0.0,0.0
2019-02-24,21,0,198,0.0,0.0,0.0,0.0,0.0
2019-02-24,21,0,199,20.34,20.34,0.0,454.70653,0.0
2019-02-24,21,0,200,0.0,0.0,0.0,0.0,0.0
2019-02-24,21,0,204,363.27,363.27,0.0,3205.400506,0.0
2019-02-24,21,0,205,187.3,187.3,0.0,1754.223407,0.0
2019-02-24,21,0,206,475.54,475.54,0.0,-575.095008,0.0
2019-02-24,21,0,210,0.0,0.0,0.0,0.0,0.0
2019-02-24,21,0,214,0.0,0.0,0.0,0.0,0.0
2019-02-24,21,0,217,0.0,0.0,0.0,0.0,0.0
2019-02-24,21,0,218,0.0,0.0,0.0,0.0,0.0
2019-02-24,21,0,219,0.0,0.0,0.0,0.0,0.0
2019-02-24,21,0,221,0.0,0.0,0.0,0.0,0.0
2019-02-24,21,0,225,0.0,0.0,0.0,0.0,0.0
2019-02-24,21,0,233,0.0,0.0,0.0,0.0,0.0
2019-02-24,21,0,236,50.77,50.77,0.0,892.359317,0.0
2019-02-24,21,0,237,82.38,82.38,0.0,1233.560799,0.0
2019-02-24,21,0,238,0.0,0.0,0.0,0.0,0.0
2019-02-24,21,0,240,0.0,0.0,0.0,0.0,0.0
2019-02-24,21,0,245,133.72,133.72,0.0,2753.996882,0.0
2019-02-24,21,0,247,52.39,52.39,0.0,1078.985168,0.0
2019-02-24,21,0,248,8.27,8.27,0.0,123.835249,0.0
2019-02-24,21,0,249,257.15,257.15,0.0,5296.068637,0.0
2019-02-24,21,0,251,118.98,118.98,0.0,2320.128503,0.0
2019-02-24,21,0,252,63.2,63.2,0.0,1250.39195,0.0
2019-02-24,21,0,254,0.0,0.0,0.0,0.0,0.0
2019-02-24,21,0,255,0.0,0.0,0.0,0.0,0.0
2019-02-24,21,0,258,0.0,0.0,0.0,0.0,0.0
2019-02-24,21,0,260,0.0,0.0,0.0,0.0,0.0
2019-02-24,21,0,265,0.0,0.0,0.0,0.0,0.0
2019-02-24,21,0,266,91.87,91.87,0.0,502.828826,0.0
2019-02-24,21,0,267,114.69,114.69,0.0,627.728725,0.0
2019-02-24,21,0,270,248.44,248.44,0.0,-41530.361938,0.0
2019-02-24,21,0,272,148.02,148.02,0.0,-1286.525929,0.0
2019-02-24,21,0,273,0.0,0.0,0.0,-0.0,0.0
2019-02-24,21,0,274,320.27,320.27,0.0,-53537.791893,0.0
2019-02-24,21,0,275,445.82,445.82,0.0,-74525.30172,0.0
2019-02-24,21,0,276,0.0,0.0,0.0,-0.0,0.0
2019-02-24,21,0,277,0.0,0.0,0.0,-0.0,0.0
2019-02-24,21,0,278,0.0,0.0,0.0,-0.0,0.0
2019-02-24,21,0,279,311.05,311.05,0.0,-3183.307872,0.0
2019-02-24,21,0,281,16.83,16.83,0.0,-18.22941,0.0
2019-02-24,21,0,282,0.0,0.0,0.0,-0.0,0.0
2019-02-24,22,0,9,0.0,0.0,0.0,0.0,0.0
2019-02-24,22,0,17,0.0,0.0,0.0,0.0,0.0
2019-02-24,22,0,19,229.53,229.53,0.0,4558.933384,0.0
2019-02-24,22,0,20,278.37,278.37,0.0,5528.995278,0.0
2019-02-24,22,0,21,0.0,0.0,0.0,0.0,0.0
2019-02-24,22,0,22,0.0,0.0,0.0,0.0,0.0
2019-02-24,22,0,23,108.8,108.8,0.0,1219.256592,0.0
2019-02-24,22,0,24,192.5,192.5,0.0,2157.232482,0.0
2019-02-24,22,0,29,0.0,0.0,0.0,0.0,0.0
2019-02-24,22,0,30,0.0,0.0,0.0,0.0,0.0
2019-02-24,22,0,31,37.5,37.5,0.0,418.467434,0.0
2019-02-24,22,0,32,0.0,0.0,0.0,0.0,0.0
2019-02-24,22,0,33,0.0,0.0,0.0,0.0,0.0
2019-02-24,22,0,34,0.0,0.0,0.0,0.0,0.0
2019-02-24,22,0,35,0.0,0.0,0.0,0.0,0.0
2019-02-24,22,0,36,0.0,0.0,0.0,0.0,0.0
2019-02-24,22,0,37,0.0,0.0,0.0,0.0,0.0
2019-02-24,22,0,38,0.0,0.0,0.0,0.0,0.0
2019-02-24,22,0,39,0.0,0.0,0.0,0.0,0.0
2019-02-24,22,0,40,0.0,0.0,0.0,0.0,0.0
2019-02-24,22,0,41,116.0,116.0,0.0,1596.380784,0.0
2019-02-24,22,0,42,0.0,0.0,0.0,0.0,0.0
2019-02-24,22,0,43,0.0,0.0,0.0,0.0,0.0
2019-02-24,22,0,46,0.0,0.0,0.0,0.0,0.0
2019-02-24,22,0,52,39.75,39.75,0.0,443.57548,0.0
2019-02-24,22,0,53,63.15,63.15,0.0,704.699158,0.0
2019-02-24,22,0,55,287.7,287.7,0.0,3224.082,0.0
2019-02-24,22,0,56,0.0,0.0,0.0,0.0,0.0
2019-02-24,22,0,57,0.0,0.0,0.0,0.0,0.0
2019-02-24,22,0,58,0.0,0.0,0.0,0.0,0.0
2019-02-24,22,0,59,0.0,0.0,0.0,0.0,0.0
2019-02-24,22,0,63,50.93,50.93,0.0,1736.187614,0.0
2019-02-24,22,0,64,59.91,59.91,0.0,2042.312978,0.0
2019-02-24,22,0,65,4.66,4.66,0.0,92.196622,0.0
2019-02-24,22,0,67,0.0,0.0,0.0,-0.0,0.0
2019-02-24,22,0,68,3.99,3.99,0.0,-9.864756,0.0
2019-02-24,22,0,69,0.0,0.0,0.0,0.0,0.0
2019-02-24,22,0,74,23.78,23.78,0.0,419.920655,0.0
2019-02-24,22,0,77,139.35,139.35,0.0,931.210659,0.0
2019-02-24,22,0,78,105.35,105.35,0.0,704.004614,0.0
2019-02-24,22,0,79,60.97,60.97,0.0,407.433899,0.0
2019-02-24,22,0,80,98.59,98.59,0.0,658.830706,0.0
2019-02-24,22,0,81,128.9,128.9,0.0,861.378213,0.0
2019-02-24,22,0,82,90.93,90.93,0.0,607.64252,0.0
2019-02-24,22,0,83,202.75,202.75,0.0,1354.883108,0.0
2019-02-24,22,0,84,0.0,0.0,0.0,0.0,0.0
2019-02-24,22,0,86,0.0,0.0,0.0,0.0,0.0
2019-02-24,22,0,87,0.0,0.0,0.0,0.0,0.0
2019-02-24,22,0,88,108.05,108.05,0.0,722.047447,0.0
2019-02-24,22,0,89,103.87,103.87,0.0,694.114468,0.0
2019-02-24,22,0,90,139.47,139.47,0.0,932.012563,0.0
2019-02-24,22,0,91,497.51,497.51,0.0,3324.62587,0.0
2019-02-24,22,0,92,178.92,178.92,0.0,1195.6384,0.0
2019-02-24,22,0,95,20.02,20.02,0.0,574.710165,0.0
2019-02-24,22,0,96,19.13,19.13,0.0,212.529112,0.0
2019-02-24,22,0,97,117.67,117.67,0.0,1307.281785,0.0
2019-02-24,22,0,99,4.59,4.59,0.0,81.052809,0.0
2019-02-24,22,0,101,0.0,0.0,0.0,0.0,0.0
2019-02-24,22,0,102,9.45,9.45,0.0,-23.363896,0.0
2019-02-24,22,0,103,8.22,8.22,0.0,-20.322881,0.0
2019-02-24,22,0,104,1.53,1.53,0.0,-3.782726,0.0
2019-02-24,22,0,106,0.0,0.0,0.0,0.0,0.0
2019-02-24,22,0,109,64.45,64.45,0.0,980.994522,0.0
2019-02-24,22,0,110,169.99,169.99,0.0,-7761.943445,0.0
2019-02-24,22,0,111,0.0,0.0,0.0,0.0,0.0
2019-02-24,22,0,113,63.48,63.48,0.0,498.316427,0.0
2019-02-24,22,0,115,63.48,63.48,0.0,498.316427,0.0
2019-02-24,22,0,116,0.0,0.0,0.0,-0.0,0.0
2019-02-24,22,0,117,4.23,4.23,0.0,33.205395,0.0
2019-02-24,22,0,119,59.91,59.91,0.0,2042.312978,0.0
2019-02-24,22,0,120,35.23,35.23,0.0,1200.979573,0.0
2019-02-24,22,0,123,0.0,0.0,0.0,0.0,0.0
2019-02-24,22,0,125,174.2,174.2,0.0,1952.155316,0.0
2019-02-24,22,0,126,0.0,0.0,0.0,0.0,0.0
2019-02-24,22,0,127,0.0,0.0,0.0,0.0,0.0
2019-02-24,22,0,128,249.5,249.5,0.0,2795.997425,0.0
2019-02-24,22,0,131,13.08,13.08,0.0,4.800283,0.0
2019-02-24,22,0,132,19.23,19.23,0.0,7.057297,0.0
2019-02-24,22,0,133,41.17,41.17,0.0,818.020114,0.0
2019-02-24,22,0,134,0.0,0.0,0.0,0.0,0.0
2019-02-24,22,0,135,55.17,55.17,0.0,1096.190666,0.0
2019-02-24,22,0,136,5.83,5.83,0.0,115.319943,0.0
2019-02-24,22,0,139,149.8,149.8,0.0,2061.533116,0.0
2019-02-24,22,0,140,125.81,125.81,0.0,-5744.632654,0.0
2019-02-24,22,0,141,209.28,209.28,0.0,-2742.391981,0.0
2019-02-24,22,0,142,0.0,0.0,0.0,-0.0,0.0
2019-02-24,22,0,143,59.41,59.41,0.0,662.964006,0.0
2019-02-24,22,0,145,28.51,28.51,0.0,361.181353,0.0
2019-02-24,22,0,146,268.0,268.0,0.0,-12237.195383,0.0
2019-02-24,22,0,152,0.0,0.0,0.0,0.0,0.0
2019-02-24,22,0,153,0.0,0.0,0.0,0.0,0.0
2019-02-24,22,0,154,0.0,0.0,0.0,0.0,0.0
2019-02-24,22,0,157,193.43,193.43,0.0,-2534.694576,0.0
2019-02-24,22,0,158,0.0,0.0,0.0,-0.0,0.0
2019-02-24,22,0,159,0.0,0.0,0.0,0.0,0.0
2019-02-24,22,0,160,0.0,0.0,0.0,0.0,0.0
2019-02-24,22,0,161,0.0,0.0,0.0,-0.0,0.0
2019-02-24,22,0,162,13.1,13.1,0.0,376.847476,0.0
2019-02-24,22,0,163,72.45,72.45,0.0,-3308.152259,0.0
2019-02-24,22,0,164,0.0,0.0,0.0,0.0,0.0
2019-02-24,22,0,167,0.0,0.0,0.0,0.0,0.0
2019-02-24,22,0,168,0.0,0.0,0.0,0.0,0.0
2019-02-24,22,0,169,0.0,0.0,0.0,0.0,0.0
2019-02-24,22,0,170,0.0,0.0,0.0,0.0,0.0
2019-02-24,22,0,172,0.0,0.0,0.0,0.0,0.0
2019-02-24,22,0,173,0.0,0.0,0.0,0.0,0.0
2019-02-24,22,0,188,0.0,0.0,0.0,0.0,0.0
2019-02-24,22,0,190,0.0,0.0,0.0,0.0,0.0
2019-02-24,22,0,191,0.0,0.0,0.0,0.0,0.0
2019-02-24,22,0,192,104.2,104.2,0.0,3552.14509,0.0
2019-02-24,22,0,194,64.25,64.25,0.0,1082.799204,0.0
2019-02-24,22,0,196,0.0,0.0,0.0,0.0,0.0
2019-02-24,22,0,198,0.0,0.0,0.0,0.0,0.0
2019-02-24,22,0,199,24.26,24.26,0.0,428.358033,0.0
2019-02-24,22,0,200,0.0,0.0,0.0,0.0,0.0
2019-02-24,22,0,204,310.87,310.87,0.0,4660.69946,0.0
2019-02-24,22,0,205,320.63,320.63,0.0,4880.314562,0.0
2019-02-24,22,0,206,345.77,345.77,0.0,3841.41092,0.0
2019-02-24,22,0,210,0.0,0.0,0.0,0.0,0.0
2019-02-24,22,0,214,0.0,0.0,0.0,0.0,0.0
2019-02-24,22,0,217,0.0,0.0,0.0,0.0,0.0
2019-02-24,22,0,218,0.0,0.0,0.0,0.0,0.0
2019-02-24,22,0,219,0.0,0.0,0.0,0.0,0.0
2019-02-24,22,0,221,0.0,0.0,0.0,0.0,0.0
2019-02-24,22,0,225,0.0,0.0,0.0,0.0,0.0
2019-02-24,22,0,233,0.0,0.0,0.0,0.0,0.0
2019-02-24,22,0,236,34.66,34.66,0.0,651.46123,0.0
2019-02-24,22,0,237,57.06,57.06,0.0,1007.597668,0.0
2019-02-24,22,0,238,0.0,0.0,0.0,0.0,0.0
2019-02-24,22,0,240,0.0,0.0,0.0,0.0,0.0
2019-02-24,22,0,245,100.05,100.05,0.0,2015.656513,0.0
2019-02-24,22,0,247,34.16,34.16,0.0,688.204163,0.0
2019-02-24,22,0,248,5.73,5.73,0.0,101.183572,0.0
2019-02-24,22,0,249,192.4,192.4,0.0,3876.185039,0.0
2019-02-24,22,0,251,138.97,138.97,0.0,2731.82775,0.0
2019-02-24,22,0,252,30.03,30.03,0.0,594.134023,0.0
2019-02-24,22,0,254,0.0,0.0,0.0,0.0,0.0
2019-02-24,22,0,255,0.0,0.0,0.0,0.0,0.0
2019-02-24,22,0,258,0.0,0.0,0.0,0.0,0.0
2019-02-24,22,0,260,0.0,0.0,0.0,0.0,0.0
2019-02-24,22,0,265,0.0,0.0,0.0,0.0,0.0
2019-02-24,22,0,266,97.0,97.0,0.0,1334.904621,0.0
2019-02-24,22,0,267,119.2,119.2,0.0,1640.418875,0.0
2019-02-24,22,0,270,226.25,226.25,0.0,-10330.841252,0.0
2019-02-24,22,0,272,212.17,212.17,0.0,1665.529244,0.0
2019-02-24,22,0,273,0.0,0.0,0.0,-0.0,0.0
2019-02-24,22,0,274,291.67,291.67,0.0,-13317.995438,0.0
2019-02-24,22,0,275,406.0,406.0,0.0,-18538.437782,0.0
2019-02-24,22,0,276,0.0,0.0,0.0,-0.0,0.0
2019-02-24,22,0,277,0.0,0.0,0.0,0.0,0.0
2019-02-24,22,0,278,0.0,0.0,0.0,0.0,0.0
2019-02-24,22,0,279,100.24,100.24,0.0,739.964452,0.0
2019-02-24,22,0,281,16.83,16.83,0.0,187.808184,0.0
2019-02-24,22,0,282,0.0,0.0,0.0,0.0,0.0
2019-02-24,23,0,9,0.0,0.0,0.0,0.0,0.0
2019-02-24,23,0,17,0.0,0.0,0.0,0.0,0.0
2019-02-24,23,0,19,207.59,207.59,0.0,4121.553434,0.0
2019-02-24,23,0,20,251.77,251.77,0.0,4998.716259,0.0
2019-02-24,23,0,21,0.0,0.0,0.0,0.0,0.0
2019-02-24,23,0,22,0.0,0.0,0.0,0.0,0.0
2019-02-24,23,0,23,91.89,91.89,0.0,1119.387717,0.0
2019-02-24,23,0,24,162.58,162.58,0.0,1980.520786,0.0
2019-02-24,23,0,29,0.0,0.0,0.0,0.0,0.0
2019-02-24,23,0,30,0.0,0.0,0.0,0.0,0.0
2019-02-24,23,0,31,33.51,33.51,0.0,406.825447,0.0
2019-02-24,23,0,32,0.0,0.0,0.0,0.0,0.0
2019-02-24,23,0,33,0.0,0.0,0.0,0.0,0.0
2019-02-24,23,0,34,0.0,0.0,0.0,0.0,0.0
2019-02-24,23,0,35,0.0,0.0,0.0,0.0,0.0
2019-02-24,23,0,36,0.0,0.0,0.0,0.0,0.0
2019-02-24,23,0,37,0.0,0.0,0.0,0.0,0.0
2019-02-24,23,0,38,0.0,0.0,0.0,0.0,0.0
2019-02-24,23,0,39,0.0,0.0,0.0,0.0,0.0
2019-02-24,23,0,40,0.0,0.0,0.0,0.0,0.0
2019-02-24,23,0,41,109.83,109.83,0.0,1584.541873,0.0
2019-02-24,23,0,42,0.0,0.0,0.0,0.0,0.0
2019-02-24,23,0,43,0.0,0.0,0.0,0.0,0.0
2019-02-24,23,0,46,0.0,0.0,0.0,0.0,0.0
2019-02-24,23,0,52,35.53,35.53,0.0,431.349094,0.0
2019-02-24,23,0,53,56.44,56.44,0.0,685.205259,0.0
2019-02-24,23,0,55,435.61,435.61,0.0,5306.523925,0.0
2019-02-24,23,0,56,0.0,0.0,0.0,0.0,0.0
2019-02-24,23,0,57,0.0,0.0,0.0,0.0,0.0
2019-02-24,23,0,58,0.0,0.0,0.0,0.0,0.0
2019-02-24,23,0,59,0.0,0.0,0.0,0.0,0.0
2019-02-24,23,0,63,47.62,47.62,0.0,1490.509203,0.0
2019-02-24,23,0,64,56.02,56.02,0.0,1753.429768,0.0
2019-02-24,23,0,65,3.73,3.73,0.0,73.796867,0.0
2019-02-24,23,0,67,0.0,0.0,0.0,-0.0,0.0
2019-02-24,23,0,68,3.54,3.54,0.0,1.68034,0.0
2019-02-24,23,0,69,0.0,0.0,0.0,0.0,0.0
2019-02-24,23,0,74,21.79,21.79,0.0,389.495136,0.0
2019-02-24,23,0,77,108.52,108.52,0.0,892.141099,0.0
2019-02-24,23,0,78,82.04,82.04,0.0,674.449464,0.0
2019-02-24,23,0,79,47.48,47.48,0.0,390.332283,0.0
2019-02-24,23,0,80,76.78,76.78,0.0,631.207092,0.0
2019-02-24,23,0,81,100.38,100.38,0.0,825.222296,0.0
2019-02-24,23,0,82,70.81,70.81,0.0,582.127822,0.0
2019-02-24,23,0,83,157.9,157.9,0.0,1298.093251,0.0
2019-02-24,23,0,84,0.0,0.0,0.0,0.0,0.0
2019-02-24,23,0,86,0.0,0.0,0.0,0.0,0.0
2019-02-24,23,0,87,0.0,0.0,0.0,0.0,0.0
2019-02-24,23,0,88,88.26,88.26,0.0,725.583979,0.0
2019-02-24,23,0,89,84.85,84.85,0.0,697.550426,0.0
2019-02-24,23,0,90,113.92,113.92,0.0,936.534409,0.0
2019-02-24,23,0,91,406.38,406.38,0.0,3340.843162,0.0
2019-02-24,23,0,92,146.15,146.15,0.0,1201.496698,0.0
2019-02-24,23,0,95,17.6,17.6,0.0,470.74802,0.0
2019-02-24,23,0,96,14.41,14.41,0.0,174.319904,0.0
2019-02-24,23,0,97,88.6,88.6,0.0,1071.807323,0.0
2019-02-24,23,0,99,4.21,4.21,0.0,75.253535,0.0
2019-02-24,23,0,101,0.0,0.0,0.0,0.0,0.0
2019-02-24,23,0,102,8.39,8.39,0.0,3.982501,0.0
2019-02-24,23,0,103,7.29,7.29,0.0,3.460361,0.0
2019-02-24,23,0,104,1.35,1.35,0.0,0.640808,0.0
2019-02-24,23,0,106,0.0,0.0,0.0,0.0,0.0
2019-02-24,23,0,109,67.72,67.72,0.0,1062.702247,0.0
2019-02-24,23,0,110,173.07,173.07,0.0,-6234.929665,0.0
2019-02-24,23,0,111,0.0,0.0,0.0,0.0,0.0
2019-02-24,23,0,113,57.19,57.19,0.0,524.850364,0.0
2019-02-24,23,0,115,57.19,57.19,0.0,524.850364,0.0
2019-02-24,23,0,116,0.0,0.0,0.0,-0.0,0.0
2019-02-24,23,0,117,3.81,3.81,0.0,34.965551,0.0
2019-02-24,23,0,119,56.02,56.02,0.0,1753.429768,0.0
2019-02-24,23,0,120,32.94,32.94,0.0,1031.024216,0.0
2019-02-24,23,0,123,0.0,0.0,0.0,0.0,0.0
2019-02-24,23,0,125,147.12,147.12,0.0,1792.189803,0.0
2019-02-24,23,0,126,0.0,0.0,0.0,0.0,0.0
2019-02-24,23,0,127,0.0,0.0,0.0,0.0,0.0
2019-02-24,23,0,128,210.72,210.72,0.0,2566.953747,0.0
2019-02-24,23,0,131,11.01,11.01,0.0,31.646085,0.0
2019-02-24,23,0,132,16.19,16.19,0.0,46.534979,0.0
2019-02-24,23,0,133,40.55,40.55,0.0,805.357682,0.0
2019-02-24,23,0,134,0.0,0.0,0.0,0.0,0.0
2019-02-24,23,0,135,54.33,54.33,0.0,1079.040268,0.0
2019-02-24,23,0,136,4.14,4.14,0.0,81.892765,0.0
2019-02-24,23,0,139,141.83,141.83,0.0,2046.213001,0.0
2019-02-24,23,0,140,128.09,128.09,0.0,-4614.503616,0.0
2019-02-24,23,0,141,179.99,179.99,0.0,-1531.783811,0.0
2019-02-24,23,0,142,0.0,0.0,0.0,-0.0,0.0
2019-02-24,23,0,143,52.24,52.24,0.0,634.215499,0.0
2019-02-24,23,0,145,10.14,10.14,0.0,136.490388,0.0
2019-02-24,23,0,146,268.0,268.0,0.0,-9654.828395,0.0
2019-02-24,23,0,152,0.0,0.0,0.0,0.0,0.0
2019-02-24,23,0,153,0.0,0.0,0.0,0.0,0.0
2019-02-24,23,0,154,0.0,0.0,0.0,0.0,0.0
2019-02-24,23,0,157,236.49,236.49,0.0,-2012.620442,0.0
2019-02-24,23,0,158,0.0,0.0,0.0,-0.0,0.0
2019-02-24,23,0,159,0.0,0.0,0.0,0.0,0.0
2019-02-24,23,0,160,0.0,0.0,0.0,0.0,0.0
2019-02-24,23,0,161,0.0,0.0,0.0,0.0,0.0
2019-02-24,23,0,162,6.01,6.01,0.0,161.055952,0.0
2019-02-24,23,0,163,65.96,65.96,0.0,-2376.2406,0.0
2019-02-24,23,0,164,0.0,0.0,0.0,0.0,0.0
2019-02-24,23,0,167,0.0,0.0,0.0,0.0,0.0
2019-02-24,23,0,168,0.0,0.0,0.0,0.0,0.0
2019-02-24,23,0,169,0.0,0.0,0.0,0.0,0.0
2019-02-24,23,0,170,0.0,0.0,0.0,0.0,0.0
2019-02-24,23,0,172,0.0,0.0,0.0,0.0,0.0
2019-02-24,23,0,173,0.0,0.0,0.0,0.0,0.0
2019-02-24,23,0,188,0.0,0.0,0.0,0.0,0.0
2019-02-24,23,0,190,0.0,0.0,0.0,0.0,0.0
2019-02-24,23,0,191,0.0,0.0,0.0,0.0,0.0
2019-02-24,23,0,192,91.49,91.49,0.0,2863.643154,0.0
2019-02-24,23,0,194,59.69,59.69,0.0,1000.265402,0.0
2019-02-24,23,0,196,0.0,0.0,0.0,0.0,0.0
2019-02-24,23,0,198,0.0,0.0,0.0,0.0,0.0
2019-02-24,23,0,199,14.45,14.45,0.0,250.104668,0.0
2019-02-24,23,0,200,0.0,0.0,0.0,0.0,0.0
2019-02-24,23,0,204,283.34,283.34,0.0,4388.705251,0.0
2019-02-24,23,0,205,358.23,358.23,0.0,5621.556791,0.0
2019-02-24,23,0,206,260.35,260.35,0.0,3149.492512,0.0
2019-02-24,23,0,210,0.0,0.0,0.0,0.0,0.0
2019-02-24,23,0,214,0.0,0.0,0.0,0.0,0.0
2019-02-24,23,0,217,0.0,0.0,0.0,0.0,0.0
2019-02-24,23,0,218,0.0,0.0,0.0,0.0,0.0
2019-02-24,23,0,219,0.0,0.0,0.0,0.0,0.0
2019-02-24,23,0,221,0.0,0.0,0.0,0.0,0.0
2019-02-24,23,0,225,0.0,0.0,0.0,0.0,0.0
2019-02-24,23,0,233,0.0,0.0,0.0,0.0,0.0
2019-02-24,23,0,236,30.39,30.39,0.0,574.193592,0.0
2019-02-24,23,0,237,52.27,52.27,0.0,934.323578,0.0
2019-02-24,23,0,238,0.0,0.0,0.0,0.0,0.0
2019-02-24,23,0,240,0.0,0.0,0.0,0.0,0.0
2019-02-24,23,0,245,95.63,95.63,0.0,1923.146764,0.0
2019-02-24,23,0,247,30.62,30.62,0.0,615.776994,0.0
2019-02-24,23,0,248,5.25,5.25,0.0,93.843482,0.0
2019-02-24,23,0,249,183.9,183.9,0.0,3698.281814,0.0
2019-02-24,23,0,251,58.0,58.0,0.0,1140.882525,0.0
2019-02-24,23,0,252,24.09,24.09,0.0,476.613008,0.0
2019-02-24,23,0,254,0.0,0.0,0.0,0.0,0.0
2019-02-24,23,0,255,0.0,0.0,0.0,0.0,0.0
2019-02-24,23,0,258,0.0,0.0,0.0,0.0,0.0
2019-02-24,23,0,260,0.0,0.0,0.0,0.0,0.0
2019-02-24,23,0,265,0.0,0.0,0.0,0.0,0.0
2019-02-24,23,0,266,91.84,91.84,0.0,1324.996136,0.0
2019-02-24,23,0,267,112.86,112.86,0.0,1628.256358,0.0
2019-02-24,23,0,270,205.98,205.98,0.0,-7420.528182,0.0
2019-02-24,23,0,272,191.13,191.13,0.0,1754.059277,0.0
2019-02-24,23,0,273,0.0,0.0,0.0,-0.0,0.0
2019-02-24,23,0,274,265.54,265.54,0.0,-9566.205716,0.0
2019-02-24,23,0,275,369.63,369.63,0.0,-13316.097834,0.0
2019-02-24,23,0,276,0.0,0.0,0.0,-0.0,0.0
2019-02-24,23,0,277,0.0,0.0,0.0,0.0,0.0
2019-02-24,23,0,278,0.0,0.0,0.0,0.0,0.0
2019-02-24,23,0,279,91.32,91.32,0.0,803.059242,0.0
2019-02-24,23,0,281,15.04,15.04,0.0,182.591905,0.0
2019-02-24,23,0,282,0.0,0.0,0.0,0.0,0.0
2019-02-25,0,0,9,0.0,0.0,0.0,0.0,0.0
2019-02-25,0,0,17,0.0,0.0,0.0,0.0,0.0
2019-02-25,0,0,19,187.42,187.42,0.0,2587.873066,0.0
2019-02-25,0,0,20,227.31,227.31,0.0,3138.669441,0.0
2019-02-25,0,0,21,0.0,0.0,0.0,0.0,0.0
2019-02-25,0,0,22,0.0,0.0,0.0,0.0,0.0
2019-02-25,0,0,23,72.51,72.51,0.0,567.394422,0.0
2019-02-25,0,0,24,128.29,128.29,0.0,1003.875746,0.0
2019-02-25,0,0,29,0.0,0.0,0.0,0.0,0.0
2019-02-25,0,0,30,0.0,0.0,0.0,0.0,0.0
2019-02-25,0,0,31,26.48,26.48,0.0,206.358293,0.0
2019-02-25,0,0,32,0.0,0.0,0.0,0.0,0.0
2019-02-25,0,0,33,0.0,0.0,0.0,0.0,0.0
2019-02-25,0,0,34,0.0,0.0,0.0,0.0,0.0
2019-02-25,0,0,35,0.0,0.0,0.0,0.0,0.0
2019-02-25,0,0,36,0.0,0.0,0.0,0.0,0.0
2019-02-25,0,0,37,0.0,0.0,0.0,0.0,0.0
2019-02-25,0,0,38,0.0,0.0,0.0,0.0,0.0
2019-02-25,0,0,39,0.0,0.0,0.0,0.0,0.0
2019-02-25,0,0,40,0.0,0.0,0.0,0.0,0.0
2019-02-25,0,0,41,93.2,93.2,0.0,891.655384,0.0
2019-02-25,0,0,42,0.0,0.0,0.0,0.0,0.0
2019-02-25,0,0,43,0.0,0.0,0.0,0.0,0.0
2019-02-25,0,0,46,0.0,0.0,0.0,0.0,0.0
2019-02-25,0,0,52,28.07,28.07,0.0,218.749142,0.0
2019-02-25,0,0,53,44.59,44.59,0.0,347.489286,0.0
2019-02-25,0,0,55,377.31,377.31,0.0,2952.469855,0.0
2019-02-25,0,0,56,0.0,0.0,0.0,0.0,0.0
2019-02-25,0,0,57,0.0,0.0,0.0,0.0,0.0
2019-02-25,0,0,58,0.0,0.0,0.0,0.0,0.0
2019-02-25,0,0,59,0.0,0.0,0.0,0.0,0.0
2019-02-25,0,0,63,47.25,47.25,0.0,1064.797697,0.0
2019-02-25,0,0,64,55.58,55.58,0.0,1252.517587,0.0
2019-02-25,0,0,65,2.96,2.96,0.0,40.709268,0.0
2019-02-25,0,0,67,0.0,0.0,0.0,-0.0,0.0
2019-02-25,0,0,68,3.22,3.22,0.0,-1.430364,0.0
2019-02-25,0,0,69,0.0,0.0,0.0,0.0,0.0
2019-02-25,0,0,74,19.9,19.9,0.0,243.829881,0.0
2019-02-25,0,0,77,84.72,84.72,0.0,403.132863,0.0
2019-02-25,0,0,78,64.05,64.05,0.0,304.776439,0.0
2019-02-25,0,0,79,37.07,37.07,0.0,176.39442,0.0
2019-02-25,0,0,80,59.94,59.94,0.0,285.219356,0.0
2019-02-25,0,0,81,78.37,78.37,0.0,372.916932,0.0
2019-02-25,0,0,82,55.28,55.28,0.0,263.045145,0.0
2019-02-25,0,0,83,123.27,123.27,0.0,586.569736,0.0
2019-02-25,0,0,84,0.0,0.0,0.0,0.0,0.0
2019-02-25,0,0,86,0.0,0.0,0.0,0.0,0.0
2019-02-25,0,0,87,0.0,0.0,0.0,0.0,0.0
2019-02-25,0,0,88,73.61,73.61,0.0,350.26688,0.0
2019-02-25,0,0,89,70.77,70.77,0.0,336.752983,0.0
2019-02-25,0,0,90,95.02,95.02,0.0,452.144531,0.0
2019-02-25,0,0,91,338.95,338.95,0.0,1612.864543,0.0
2019-02-25,0,0,92,121.9,121.9,0.0,580.050709,0.0
2019-02-25,0,0,95,9.87,9.87,0.0,190.884003,0.0
2019-02-25,0,0,96,10.69,10.69,0.0,82.94881,0.0
2019-02-25,0,0,97,65.75,65.75,0.0,510.185621,0.0
2019-02-25,0,0,99,3.84,3.84,0.0,47.05059,0.0
2019-02-25,0,0,101,0.0,0.0,0.0,0.0,0.0
2019-02-25,0,0,102,7.61,7.61,0.0,-3.380456,0.0
2019-02-25,0,0,103,6.62,6.62,0.0,-2.940685,0.0
2019-02-25,0,0,104,1.23,1.23,0.0,-0.546381,0.0
2019-02-25,0,0,106,0.0,0.0,0.0,0.0,0.0
2019-02-25,0,0,109,63.39,63.39,0.0,668.214821,0.0
2019-02-25,0,0,110,182.29,182.29,0.0,-4525.457996,0.0
2019-02-25,0,0,111,0.0,0.0,0.0,0.0,0.0
2019-02-25,0,0,113,52.56,52.56,0.0,278.802708,0.0
2019-02-25,0,0,115,52.56,52.56,0.0,278.802708,0.0
2019-02-25,0,0,116,0.0,0.0,0.0,-0.0,0.0
2019-02-25,0,0,117,3.5,3.5,0.0,18.565629,0.0
2019-02-25,0,0,119,55.58,55.58,0.0,1252.517587,0.0
2019-02-25,0,0,120,32.68,32.68,0.0,736.456904,0.0
2019-02-25,0,0,123,0.0,0.0,0.0,0.0,0.0
2019-02-25,0,0,125,116.09,116.09,0.0,908.410128,0.0
2019-02-25,0,0,126,0.0,0.0,0.0,0.0,0.0
2019-02-25,0,0,127,0.0,0.0,0.0,0.0,0.0
2019-02-25,0,0,128,166.27,166.27,0.0,1301.071169,0.0
2019-02-25,0,0,131,9.51,9.51,0.0,11.019184,0.0
2019-02-25,0,0,132,13.98,13.98,0.0,16.198548,0.0
2019-02-25,0,0,133,41.52,41.52,0.0,573.517393,0.0
2019-02-25,0,0,134,0.0,0.0,0.0,0.0,0.0
2019-02-25,0,0,135,55.64,55.64,0.0,768.557508,0.0
2019-02-25,0,0,136,2.86,2.86,0.0,39.325359,0.0
2019-02-25,0,0,139,120.35,120.35,0.0,1151.402634,0.0
2019-02-25,0,0,140,134.91,134.91,0.0,-3349.221231,0.0
2019-02-25,0,0,141,156.27,156.27,0.0,-1007.324656,0.0
2019-02-25,0,0,142,0.0,0.0,0.0,-0.0,0.0
2019-02-25,0,0,143,115.79,115.79,0.0,902.349952,0.0
2019-02-25,0,0,145,8.99,8.99,0.0,79.242123,0.0
2019-02-25,0,0,146,268.0,268.0,0.0,-6653.259876,0.0
2019-02-25,0,0,152,0.0,0.0,0.0,0.0,0.0
2019-02-25,0,0,153,0.0,0.0,0.0,0.0,0.0
2019-02-25,0,0,154,0.0,0.0,0.0,0.0,0.0
2019-02-25,0,0,157,250.0,250.0,0.0,-1611.513176,0.0
2019-02-25,0,0,158,0.0,0.0,0.0,-0.0,0.0
2019-02-25,0,0,159,0.0,0.0,0.0,0.0,0.0
2019-02-25,0,0,160,0.0,0.0,0.0,0.0,0.0
2019-02-25,0,0,161,0.0,0.0,0.0,-0.0,0.0
2019-02-25,0,0,162,5.7,5.7,0.0,110.445041,0.0
2019-02-25,0,0,163,62.47,62.47,0.0,-1550.855017,0.0
2019-02-25,0,0,164,0.0,0.0,0.0,0.0,0.0
2019-02-25,0,0,167,0.0,0.0,0.0,0.0,0.0
2019-02-25,0,0,168,0.0,0.0,0.0,0.0,0.0
2019-02-25,0,0,169,0.0,0.0,0.0,0.0,0.0
2019-02-25,0,0,170,0.0,0.0,0.0,0.0,0.0
2019-02-25,0,0,172,0.0,0.0,0.0,0.0,0.0
2019-02-25,0,0,173,0.0,0.0,0.0,0.0,0.0
2019-02-25,0,0,188,0.0,0.0,0.0,0.0,0.0
2019-02-25,0,0,190,0.0,0.0,0.0,0.0,0.0
2019-02-25,0,0,191,0.0,0.0,0.0,0.0,0.0
2019-02-25,0,0,192,81.87,81.87,0.0,1844.973279,0.0
2019-02-25,0,0,194,57.93,57.93,0.0,595.604707,0.0
2019-02-25,0,0,196,0.0,0.0,0.0,0.0,0.0
2019-02-25,0,0,198,0.0,0.0,0.0,0.0,0.0
2019-02-25,0,0,199,4.91,4.91,0.0,55.46722,0.0
2019-02-25,0,0,200,0.0,0.0,0.0,0.0,0.0
2019-02-25,0,0,204,269.7,269.7,0.0,2800.123114,0.0
2019-02-25,0,0,205,335.31,335.31,0.0,3534.612898,0.0
2019-02-25,0,0,206,193.19,193.19,0.0,1499.053386,0.0
2019-02-25,0,0,210,0.0,0.0,0.0,0.0,0.0
2019-02-25,0,0,214,0.0,0.0,0.0,0.0,0.0
2019-02-25,0,0,217,0.0,0.0,0.0,0.0,0.0
2019-02-25,0,0,218,0.0,0.0,0.0,0.0,0.0
2019-02-25,0,0,219,0.0,0.0,0.0,0.0,0.0
2019-02-25,0,0,221,0.0,0.0,0.0,0.0,0.0
2019-02-25,0,0,225,0.0,0.0,0.0,0.0,0.0
2019-02-25,0,0,233,0.0,0.0,0.0,0.0,0.0
2019-02-25,0,0,236,26.79,26.79,0.0,349.676675,0.0
2019-02-25,0,0,237,47.73,47.73,0.0,584.824133,0.0
2019-02-25,0,0,238,0.0,0.0,0.0,0.0,0.0
2019-02-25,0,0,240,0.0,0.0,0.0,0.0,0.0
2019-02-25,0,0,245,58.97,58.97,0.0,826.123279,0.0
2019-02-25,0,0,247,27.63,27.63,0.0,387.07455,0.0
2019-02-25,0,0,248,4.79,4.79,0.0,58.69071,0.0
2019-02-25,0,0,249,110.47,110.47,0.0,1547.597739,0.0
2019-02-25,0,0,251,50.04,50.04,0.0,683.708563,0.0
2019-02-25,0,0,252,19.06,19.06,0.0,262.134678,0.0
2019-02-25,0,0,254,0.0,0.0,0.0,0.0,0.0
2019-02-25,0,0,255,0.0,0.0,0.0,0.0,0.0
2019-02-25,0,0,258,0.0,0.0,0.0,0.0,0.0
2019-02-25,0,0,260,0.0,0.0,0.0,0.0,0.0
2019-02-25,0,0,265,0.0,0.0,0.0,0.0,0.0
2019-02-25,0,0,266,77.93,77.93,0.0,745.565495,0.0
2019-02-25,0,0,267,95.77,95.77,0.0,916.242877,0.0
2019-02-25,0,0,270,195.1,195.1,0.0,-4843.473888,0.0
2019-02-25,0,0,272,175.65,175.65,0.0,931.729369,0.0
2019-02-25,0,0,273,0.0,0.0,0.0,-0.0,0.0
2019-02-25,0,0,274,251.5,251.5,0.0,-6243.637533,0.0
2019-02-25,0,0,275,350.09,350.09,0.0,-8691.193097,0.0
2019-02-25,0,0,276,0.0,0.0,0.0,-0.0,0.0
2019-02-25,0,0,277,0.0,0.0,0.0,0.0,0.0
2019-02-25,0,0,278,0.0,0.0,0.0,0.0,0.0
2019-02-25,0,0,279,85.34,85.34,0.0,434.000393,0.0
2019-02-25,0,0,281,11.89,11.89,0.0,92.658614,0.0
2019-02-25,0,0,282,0.0,0.0,0.0,0.0,0.0
2019-02-25,1,0,9,0.0,0.0,0.0,0.0,0.0
2019-02-25,1,0,17,0.0,0.0,0.0,0.0,0.0
2019-02-25,1,0,19,171.35,171.35,0.0,2280.103803,0.0
2019-02-25,1,0,20,207.82,207.82,0.0,2765.399314,0.0
2019-02-25,1,0,21,0.0,0.0,0.0,0.0,0.0
2019-02-25,1,0,22,0.0,0.0,0.0,0.0,0.0
2019-02-25,1,0,23,57.33,57.33,0.0,449.462313,0.0
2019-02-25,1,0,24,101.43,101.43,0.0,795.202554,0.0
2019-02-25,1,0,29,0.0,0.0,0.0,0.0,0.0
2019-02-25,1,0,30,0.0,0.0,0.0,0.0,0.0
2019-02-25,1,0,31,46.0,46.0,0.0,359.279808,0.0
2019-02-25,1,0,32,0.0,0.0,0.0,0.0,0.0
2019-02-25,1,0,33,0.0,0.0,0.0,0.0,0.0
2019-02-25,1,0,34,0.0,0.0,0.0,0.0,0.0
2019-02-25,1,0,35,0.0,0.0,0.0,0.0,0.0
2019-02-25,1,0,36,0.0,0.0,0.0,0.0,0.0
2019-02-25,1,0,37,0.0,0.0,0.0,0.0,0.0
2019-02-25,1,0,38,0.0,0.0,0.0,0.0,0.0
2019-02-25,1,0,39,0.0,0.0,0.0,0.0,0.0
2019-02-25,1,0,40,0.0,0.0,0.0,0.0,0.0
2019-02-25,1,0,41,79.24,79.24,0.0,747.956947,0.0
2019-02-25,1,0,42,0.0,0.0,0.0,0.0,0.0
2019-02-25,1,0,43,0.0,0.0,0.0,0.0,0.0
2019-02-25,1,0,46,0.0,0.0,0.0,0.0,0.0
2019-02-25,1,0,52,48.98,48.98,0.0,382.554891,0.0
2019-02-25,1,0,53,80.06,80.06,0.0,625.303074,0.0
2019-02-25,1,0,55,274.24,274.24,0.0,2150.018223,0.0
2019-02-25,1,0,56,0.0,0.0,0.0,0.0,0.0
2019-02-25,1,0,57,0.0,0.0,0.0,0.0,0.0
2019-02-25,1,0,58,0.0,0.0,0.0,0.0,0.0
2019-02-25,1,0,59,0.0,0.0,0.0,0.0,0.0
2019-02-25,1,0,63,49.82,49.82,0.0,1070.438666,0.0
2019-02-25,1,0,64,58.61,58.61,0.0,1259.301691,0.0
2019-02-25,1,0,65,2.29,2.29,0.0,30.358685,0.0
2019-02-25,1,0,67,0.0,0.0,0.0,-0.0,0.0
2019-02-25,1,0,68,2.99,2.99,0.0,-1.060236,0.0
2019-02-25,1,0,69,0.0,0.0,0.0,0.0,0.0
2019-02-25,1,0,74,18.26,18.26,0.0,217.211687,0.0
2019-02-25,1,0,77,67.17,67.17,0.0,337.153559,0.0
2019-02-25,1,0,78,50.78,50.78,0.0,254.885481,0.0
2019-02-25,1,0,79,29.39,29.39,0.0,147.520368,0.0
2019-02-25,1,0,80,47.53,47.53,0.0,238.572408,0.0
2019-02-25,1,0,81,62.14,62.14,0.0,311.905943,0.0
2019-02-25,1,0,82,43.83,43.83,0.0,220.000603,0.0
2019-02-25,1,0,83,97.74,97.74,0.0,490.596827,0.0
2019-02-25,1,0,84,0.0,0.0,0.0,0.0,0.0
2019-02-25,1,0,86,0.0,0.0,0.0,0.0,0.0
2019-02-25,1,0,87,0.0,0.0,0.0,0.0,0.0
2019-02-25,1,0,88,62.87,62.87,0.0,315.57011,0.0
2019-02-25,1,0,89,60.44,60.44,0.0,303.372951,0.0
2019-02-25,1,0,90,81.15,81.15,0.0,407.324867,0.0
2019-02-25,1,0,91,289.5,289.5,0.0,1453.118288,0.0
2019-02-25,1,0,92,104.12,104.12,0.0,522.620643,0.0
2019-02-25,1,0,95,14.67,14.67,0.0,268.464003,0.0
2019-02-25,1,0,96,7.95,7.95,0.0,61.847953,0.0
2019-02-25,1,0,97,48.87,48.87,0.0,380.189871,0.0
2019-02-25,1,0,99,3.53,3.53,0.0,41.991087,0.0
2019-02-25,1,0,101,0.0,0.0,0.0,0.0,0.0
2019-02-25,1,0,102,7.07,7.07,0.0,-2.506979,0.0
2019-02-25,1,0,103,6.15,6.15,0.0,-2.180752,0.0
2019-02-25,1,0,104,1.14,1.14,0.0,-0.404237,0.0
2019-02-25,1,0,106,0.0,0.0,0.0,0.0,0.0
2019-02-25,1,0,109,62.33,62.33,0.0,644.478667,0.0
2019-02-25,1,0,110,198.26,198.26,0.0,-5085.91724,0.0
2019-02-25,1,0,111,0.0,0.0,0.0,0.0,0.0
2019-02-25,1,0,113,27.82,27.82,0.0,157.618331,0.0
2019-02-25,1,0,115,27.82,27.82,0.0,157.618331,0.0
2019-02-25,1,0,116,0.0,0.0,0.0,-0.0,0.0
2019-02-25,1,0,117,1.9,1.9,0.0,10.764731,0.0
2019-02-25,1,0,119,58.61,58.61,0.0,1259.301691,0.0
2019-02-25,1,0,120,34.46,34.46,0.0,740.411811,0.0
2019-02-25,1,0,123,0.0,0.0,0.0,0.0,0.0
2019-02-25,1,0,125,91.79,91.79,0.0,719.625775,0.0
2019-02-25,1,0,126,0.0,0.0,0.0,0.0,0.0
2019-02-25,1,0,127,0.0,0.0,0.0,0.0,0.0
2019-02-25,1,0,128,131.47,131.47,0.0,1030.713593,0.0
2019-02-25,1,0,131,8.36,8.36,0.0,10.939772,0.0
2019-02-25,1,0,132,12.29,12.29,0.0,16.082512,0.0
2019-02-25,1,0,133,44.25,44.25,0.0,589.028608,0.0
2019-02-25,1,0,134,0.0,0.0,0.0,0.0,0.0
2019-02-25,1,0,135,59.3,59.3,0.0,789.364891,0.0
2019-02-25,1,0,136,1.94,1.94,0.0,25.713425,0.0
2019-02-25,1,0,139,102.33,102.33,0.0,965.906542,0.0
2019-02-25,1,0,140,146.73,146.73,0.0,-3764.030246,0.0
2019-02-25,1,0,141,137.53,137.53,0.0,-905.238287,0.0
2019-02-25,1,0,142,0.0,0.0,0.0,-0.0,0.0
2019-02-25,1,0,143,131.87,131.87,0.0,1029.961483,0.0
2019-02-25,1,0,145,8.07,8.07,0.0,70.616324,0.0
2019-02-25,1,0,146,268.0,268.0,0.0,-6874.941088,0.0
2019-02-25,1,0,152,0.0,0.0,0.0,0.0,0.0
2019-02-25,1,0,153,0.0,0.0,0.0,0.0,0.0
2019-02-25,1,0,154,0.0,0.0,0.0,0.0,0.0
2019-02-25,1,0,157,250.0,250.0,0.0,-1645.528769,0.0
2019-02-25,1,0,158,0.0,0.0,0.0,-0.0,0.0
2019-02-25,1,0,159,0.0,0.0,0.0,0.0,0.0
2019-02-25,1,0,160,0.0,0.0,0.0,0.0,0.0
2019-02-25,1,0,161,0.0,0.0,0.0,-0.0,0.0
2019-02-25,1,0,162,5.7,5.7,0.0,104.515201,0.0
2019-02-25,1,0,163,61.68,61.68,0.0,-1582.262561,0.0
2019-02-25,1,0,164,0.0,0.0,0.0,0.0,0.0
2019-02-25,1,0,167,0.0,0.0,0.0,0.0,0.0
2019-02-25,1,0,168,0.0,0.0,0.0,0.0,0.0
2019-02-25,1,0,169,0.0,0.0,0.0,0.0,0.0
2019-02-25,1,0,170,0.0,0.0,0.0,0.0,0.0
2019-02-25,1,0,172,0.0,0.0,0.0,0.0,0.0
2019-02-25,1,0,173,0.0,0.0,0.0,0.0,0.0
2019-02-25,1,0,188,0.0,0.0,0.0,0.0,0.0
2019-02-25,1,0,190,0.0,0.0,0.0,0.0,0.0
2019-02-25,1,0,191,0.0,0.0,0.0,0.0,0.0
2019-02-25,1,0,192,74.0,74.0,0.0,1589.973129,0.0
2019-02-25,1,0,194,58.85,58.85,0.0,641.706498,0.0
2019-02-25,1,0,196,0.0,0.0,0.0,0.0,0.0
2019-02-25,1,0,198,0.0,0.0,0.0,0.0,0.0
2019-02-25,1,0,199,10.73,10.73,0.0,122.545746,0.0
2019-02-25,1,0,200,0.0,0.0,0.0,0.0,0.0
2019-02-25,1,0,204,268.3,268.3,0.0,2735.271351,0.0
2019-02-25,1,0,205,329.72,329.72,0.0,3409.233214,0.0
2019-02-25,1,0,206,143.61,143.61,0.0,1117.230762,0.0
2019-02-25,1,0,210,0.0,0.0,0.0,0.0,0.0
2019-02-25,1,0,214,0.0,0.0,0.0,0.0,0.0
2019-02-25,1,0,217,0.0,0.0,0.0,0.0,0.0
2019-02-25,1,0,218,0.0,0.0,0.0,0.0,0.0
2019-02-25,1,0,219,0.0,0.0,0.0,0.0,0.0
2019-02-25,1,0,221,0.0,0.0,0.0,0.0,0.0
2019-02-25,1,0,225,0.0,0.0,0.0,0.0,0.0
2019-02-25,1,0,233,0.0,0.0,0.0,0.0,0.0
2019-02-25,1,0,236,23.28,23.28,0.0,293.842056,0.0
2019-02-25,1,0,237,43.81,43.81,0.0,521.141512,0.0
2019-02-25,1,0,238,0.0,0.0,0.0,0.0,0.0
2019-02-25,1,0,240,0.0,0.0,0.0,0.0,0.0
2019-02-25,1,0,245,28.05,28.05,0.0,378.372994,0.0
2019-02-25,1,0,247,24.83,24.83,0.0,334.937663,0.0
2019-02-25,1,0,248,4.4,4.4,0.0,52.340166,0.0
2019-02-25,1,0,249,53.95,53.95,0.0,727.744137,0.0
2019-02-25,1,0,251,42.9,42.9,0.0,565.232055,0.0
2019-02-25,1,0,252,14.75,14.75,0.0,195.541748,0.0
2019-02-25,1,0,254,0.0,0.0,0.0,0.0,0.0
2019-02-25,1,0,255,0.0,0.0,0.0,0.0,0.0
2019-02-25,1,0,258,0.0,0.0,0.0,0.0,0.0
2019-02-25,1,0,260,0.0,0.0,0.0,0.0,0.0
2019-02-25,1,0,265,0.0,0.0,0.0,0.0,0.0
2019-02-25,1,0,266,66.26,66.26,0.0,625.436993,0.0
2019-02-25,1,0,267,81.42,81.42,0.0,768.534259,0.0
2019-02-25,1,0,270,192.61,192.61,0.0,-4940.979116,0.0
2019-02-25,1,0,272,92.77,92.77,0.0,525.602178,0.0
2019-02-25,1,0,273,0.0,0.0,0.0,-0.0,0.0
2019-02-25,1,0,274,248.3,248.3,0.0,-6369.581613,0.0
2019-02-25,1,0,275,345.64,345.64,0.0,-8866.621783,0.0
2019-02-25,1,0,276,0.0,0.0,0.0,-0.0,0.0
2019-02-25,1,0,277,0.0,0.0,0.0,0.0,0.0
2019-02-25,1,0,278,0.0,0.0,0.0,0.0,0.0
2019-02-25,1,0,279,81.72,81.72,0.0,441.824049,0.0
2019-02-25,1,0,281,18.99,18.99,0.0,148.320077,0.0
2019-02-25,1,0,282,0.0,0.0,0.0,0.0,0.0
2019-02-25,2,0,9,0.0,0.0,0.0,0.0,0.0
2019-02-25,2,0,17,0.0,0.0,0.0,0.0,0.0
2019-02-25,2,0,19,201.07,201.07,0.0,2054.790149,0.0
2019-02-25,2,0,20,243.86,243.86,0.0,2492.073038,0.0
2019-02-25,2,0,21,0.0,0.0,0.0,0.0,0.0
2019-02-25,2,0,22,0.0,0.0,0.0,0.0,0.0
2019-02-25,2,0,23,52.65,52.65,0.0,346.561296,0.0
2019-02-25,2,0,24,93.16,93.16,0.0,613.212731,0.0
2019-02-25,2,0,29,0.0,0.0,0.0,0.0,0.0
2019-02-25,2,0,30,0.0,0.0,0.0,0.0,0.0
2019-02-25,2,0,31,18.62,18.62,0.0,122.173969,0.0
2019-02-25,2,0,32,0.0,0.0,0.0,0.0,0.0
2019-02-25,2,0,33,0.0,0.0,0.0,0.0,0.0
2019-02-25,2,0,34,0.0,0.0,0.0,0.0,0.0
2019-02-25,2,0,35,0.0,0.0,0.0,0.0,0.0
2019-02-25,2,0,36,0.0,0.0,0.0,0.0,0.0
2019-02-25,2,0,37,0.0,0.0,0.0,0.0,0.0
2019-02-25,2,0,38,0.0,0.0,0.0,0.0,0.0
2019-02-25,2,0,39,0.0,0.0,0.0,0.0,0.0
2019-02-25,2,0,40,0.0,0.0,0.0,0.0,0.0
2019-02-25,2,0,41,78.47,78.47,0.0,604.092902,0.0
2019-02-25,2,0,42,0.0,0.0,0.0,0.0,0.0
2019-02-25,2,0,43,0.0,0.0,0.0,0.0,0.0
2019-02-25,2,0,46,0.0,0.0,0.0,0.0,0.0
2019-02-25,2,0,52,19.74,19.74,0.0,129.522779,0.0
2019-02-25,2,0,53,31.36,31.36,0.0,205.766685,0.0
2019-02-25,2,0,55,294.4,294.4,0.0,1937.847017,0.0
2019-02-25,2,0,56,0.0,0.0,0.0,0.0,0.0
2019-02-25,2,0,57,0.0,0.0,0.0,0.0,0.0
2019-02-25,2,0,58,0.0,0.0,0.0,0.0,0.0
2019-02-25,2,0,59,0.0,0.0,0.0,0.0,0.0
2019-02-25,2,0,63,49.29,49.29,0.0,972.294753,0.0
2019-02-25,2,0,64,57.98,57.98,0.0,1143.71373,0.0
2019-02-25,2,0,65,2.88,2.88,0.0,29.344331,0.0
2019-02-25,2,0,67,0.0,0.0,0.0,-0.0,0.0
2019-02-25,2,0,68,2.51,2.51,0.0,5.331465,0.0
2019-02-25,2,0,69,0.0,0.0,0.0,0.0,0.0
2019-02-25,2,0,74,18.0,18.0,0.0,168.285127,0.0
2019-02-25,2,0,77,66.68,66.68,0.0,305.174881,0.0
2019-02-25,2,0,78,50.41,50.41,0.0,230.711844,0.0
2019-02-25,2,0,79,29.17,29.17,0.0,133.502569,0.0
2019-02-25,2,0,80,47.17,47.17,0.0,215.88331,0.0
2019-02-25,2,0,81,61.68,61.68,0.0,282.291342,0.0
2019-02-25,2,0,82,43.51,43.51,0.0,199.132559,0.0
2019-02-25,2,0,83,97.01,97.01,0.0,443.986431,0.0
2019-02-25,2,0,84,0.0,0.0,0.0,0.0,0.0
2019-02-25,2,0,86,0.0,0.0,0.0,0.0,0.0
2019-02-25,2,0,87,0.0,0.0,0.0,0.0,0.0
2019-02-25,2,0,88,61.1,61.1,0.0,279.636851,0.0
2019-02-25,2,0,89,58.73,58.73,0.0,268.790053,0.0
2019-02-25,2,0,90,78.86,78.86,0.0,360.919183,0.0
2019-02-25,2,0,91,281.3,281.3,0.0,1287.427924,0.0
2019-02-25,2,0,92,101.17,101.17,0.0,463.025535,0.0
2019-02-25,2,0,95,7.37,7.37,0.0,131.420296,0.0
2019-02-25,2,0,96,7.35,7.35,0.0,48.065846,0.0
2019-02-25,2,0,97,45.2,45.2,0.0,295.588606,0.0
2019-02-25,2,0,99,3.47,3.47,0.0,32.441633,0.0
2019-02-25,2,0,101,0.0,0.0,0.0,0.0,0.0
2019-02-25,2,0,102,5.94,5.94,0.0,12.617092,0.0
2019-02-25,2,0,103,5.16,5.16,0.0,10.960302,0.0
2019-02-25,2,0,104,0.96,0.96,0.0,2.039126,0.0
2019-02-25,2,0,106,0.0,0.0,0.0,0.0,0.0
2019-02-25,2,0,109,64.0,64.0,0.0,535.755299,0.0
2019-02-25,2,0,110,176.76,176.76,0.0,-1623.782488,0.0
2019-02-25,2,0,111,0.0,0.0,0.0,0.0,0.0
2019-02-25,2,0,113,28.3,28.3,0.0,133.05232,0.0
2019-02-25,2,0,115,28.3,28.3,0.0,133.05232,0.0
2019-02-25,2,0,116,0.0,0.0,0.0,-0.0,0.0
2019-02-25,2,0,117,1.51,1.51,0.0,7.099258,0.0
2019-02-25,2,0,119,57.98,57.98,0.0,1143.71373,0.0
2019-02-25,2,0,120,34.09,34.09,0.0,672.459487,0.0
2019-02-25,2,0,123,0.0,0.0,0.0,0.0,0.0
2019-02-25,2,0,125,84.3,84.3,0.0,554.893015,0.0
2019-02-25,2,0,126,0.0,0.0,0.0,0.0,0.0
2019-02-25,2,0,127,0.0,0.0,0.0,0.0,0.0
2019-02-25,2,0,128,120.74,120.74,0.0,794.754242,0.0
2019-02-25,2,0,131,7.87,7.87,0.0,22.568591,0.0
2019-02-25,2,0,132,11.57,11.57,0.0,33.178984,0.0
2019-02-25,2,0,133,45.23,45.23,0.0,462.346933,0.0
2019-02-25,2,0,134,0.0,0.0,0.0,0.0,0.0
2019-02-25,2,0,135,60.6,60.6,0.0,619.461069,0.0
2019-02-25,2,0,136,3.37,3.37,0.0,34.331342,0.0
2019-02-25,2,0,139,101.33,101.33,0.0,780.078166,0.0
2019-02-25,2,0,140,130.82,130.82,0.0,-1201.760721,0.0
2019-02-25,2,0,141,116.6,116.6,0.0,-76.973249,0.0
2019-02-25,2,0,142,0.0,0.0,0.0,-0.0,0.0
2019-02-25,2,0,143,68.65,68.65,0.0,450.442696,0.0
2019-02-25,2,0,145,7.77,7.77,0.0,56.205653,0.0
2019-02-25,2,0,146,268.0,268.0,0.0,-2461.946746,0.0
2019-02-25,2,0,152,0.0,0.0,0.0,0.0,0.0
2019-02-25,2,0,153,0.0,0.0,0.0,0.0,0.0
2019-02-25,2,0,154,0.0,0.0,0.0,0.0,0.0
2019-02-25,2,0,157,250.0,250.0,0.0,-165.036984,0.0
2019-02-25,2,0,158,0.0,0.0,0.0,-0.0,0.0
2019-02-25,2,0,159,0.0,0.0,0.0,0.0,0.0
2019-02-25,2,0,160,0.0,0.0,0.0,0.0,0.0
2019-02-25,2,0,161,0.0,0.0,0.0,0.0,0.0
2019-02-25,2,0,162,7.23,7.23,0.0,129.093171,0.0
2019-02-25,2,0,163,54.51,54.51,0.0,-500.748944,0.0
2019-02-25,2,0,164,0.0,0.0,0.0,0.0,0.0
2019-02-25,2,0,167,0.0,0.0,0.0,0.0,0.0
2019-02-25,2,0,168,0.0,0.0,0.0,0.0,0.0
2019-02-25,2,0,169,0.0,0.0,0.0,0.0,0.0
2019-02-25,2,0,170,0.0,0.0,0.0,0.0,0.0
2019-02-25,2,0,172,0.0,0.0,0.0,0.0,0.0
2019-02-25,2,0,173,0.0,0.0,0.0,0.0,0.0
2019-02-25,2,0,188,0.0,0.0,0.0,0.0,0.0
2019-02-25,2,0,190,0.0,0.0,0.0,0.0,0.0
2019-02-25,2,0,191,0.0,0.0,0.0,0.0,0.0
2019-02-25,2,0,192,69.42,69.42,0.0,1369.37922,0.0
2019-02-25,2,0,194,61.49,61.49,0.0,423.690276,0.0
2019-02-25,2,0,196,0.0,0.0,0.0,0.0,0.0
2019-02-25,2,0,198,0.0,0.0,0.0,0.0,0.0
2019-02-25,2,0,199,4.94,4.94,0.0,47.943377,0.0
2019-02-25,2,0,200,0.0,0.0,0.0,0.0,0.0
2019-02-25,2,0,204,278.47,278.47,0.0,2304.846753,0.0
2019-02-25,2,0,205,314.19,314.19,0.0,2630.139958,0.0
2019-02-25,2,0,206,132.81,132.81,0.0,868.520416,0.0
2019-02-25,2,0,210,0.0,0.0,0.0,0.0,0.0
2019-02-25,2,0,214,0.0,0.0,0.0,0.0,0.0
2019-02-25,2,0,217,0.0,0.0,0.0,0.0,0.0
2019-02-25,2,0,218,0.0,0.0,0.0,0.0,0.0
2019-02-25,2,0,219,0.0,0.0,0.0,0.0,0.0
2019-02-25,2,0,221,0.0,0.0,0.0,0.0,0.0
2019-02-25,2,0,225,0.0,0.0,0.0,0.0,0.0
2019-02-25,2,0,233,0.0,0.0,0.0,0.0,0.0
2019-02-25,2,0,236,27.57,27.57,0.0,270.273397,0.0
2019-02-25,2,0,237,43.18,43.18,0.0,403.697321,0.0
2019-02-25,2,0,238,0.0,0.0,0.0,0.0,0.0
2019-02-25,2,0,240,0.0,0.0,0.0,0.0,0.0
2019-02-25,2,0,245,27.32,27.32,0.0,282.232076,0.0
2019-02-25,2,0,247,26.05,26.05,0.0,269.11221,0.0
2019-02-25,2,0,248,4.34,4.34,0.0,40.575414,0.0
2019-02-25,2,0,249,52.54,52.54,0.0,542.769886,0.0
2019-02-25,2,0,251,44.08,44.08,0.0,446.940317,0.0
2019-02-25,2,0,252,18.59,18.59,0.0,189.413582,0.0
2019-02-25,2,0,254,0.0,0.0,0.0,0.0,0.0
2019-02-25,2,0,255,0.0,0.0,0.0,0.0,0.0
2019-02-25,2,0,258,0.0,0.0,0.0,0.0,0.0
2019-02-25,2,0,260,0.0,0.0,0.0,0.0,0.0
2019-02-25,2,0,265,0.0,0.0,0.0,0.0,0.0
2019-02-25,2,0,266,65.62,65.62,0.0,505.168551,0.0
2019-02-25,2,0,267,80.63,80.63,0.0,620.721431,0.0
2019-02-25,2,0,270,170.23,170.23,0.0,-1563.795502,0.0
2019-02-25,2,0,272,122.07,122.07,0.0,573.911544,0.0
2019-02-25,2,0,273,0.0,0.0,0.0,-0.0,0.0
2019-02-25,2,0,274,219.45,219.45,0.0,-2015.948557,0.0
2019-02-25,2,0,275,305.48,305.48,0.0,-2806.251835,0.0
2019-02-25,2,0,276,0.0,0.0,0.0,-0.0,0.0
2019-02-25,2,0,277,0.0,0.0,0.0,0.0,0.0
2019-02-25,2,0,278,0.0,0.0,0.0,0.0,0.0
2019-02-25,2,0,279,69.27,69.27,0.0,322.207054,0.0
2019-02-25,2,0,281,8.36,8.36,0.0,54.853619,0.0
2019-02-25,2,0,282,0.0,0.0,0.0,0.0,0.0
2019-02-25,3,0,9,0.0,0.0,0.0,0.0,0.0
2019-02-25,3,0,17,0.0,0.0,0.0,0.0,0.0
2019-02-25,3,0,19,234.44,234.44,0.0,2197.758759,0.0
2019-02-25,3,0,20,284.33,284.33,0.0,2665.452773,0.0
2019-02-25,3,0,21,0.0,0.0,0.0,0.0,0.0
2019-02-25,3,0,22,0.0,0.0,0.0,0.0,0.0
2019-02-25,3,0,23,48.56,48.56,0.0,345.872276,0.0
2019-02-25,3,0,24,85.92,85.92,0.0,611.971704,0.0
2019-02-25,3,0,29,0.0,0.0,0.0,0.0,0.0
2019-02-25,3,0,30,0.0,0.0,0.0,0.0,0.0
2019-02-25,3,0,31,17.0,17.0,0.0,120.856732,0.0
2019-02-25,3,0,32,0.0,0.0,0.0,0.0,0.0
2019-02-25,3,0,33,0.0,0.0,0.0,0.0,0.0
2019-02-25,3,0,34,0.0,0.0,0.0,0.0,0.0
2019-02-25,3,0,35,0.0,0.0,0.0,0.0,0.0
2019-02-25,3,0,36,0.0,0.0,0.0,0.0,0.0
2019-02-25,3,0,37,0.0,0.0,0.0,0.0,0.0
2019-02-25,3,0,38,0.0,0.0,0.0,0.0,0.0
2019-02-25,3,0,39,0.0,0.0,0.0,0.0,0.0
2019-02-25,3,0,40,0.0,0.0,0.0,0.0,0.0
2019-02-25,3,0,41,79.21,79.21,0.0,620.180767,0.0
2019-02-25,3,0,42,0.0,0.0,0.0,0.0,0.0
2019-02-25,3,0,43,0.0,0.0,0.0,0.0,0.0
2019-02-25,3,0,46,0.0,0.0,0.0,0.0,0.0
2019-02-25,3,0,52,18.02,18.02,0.0,128.108136,0.0
2019-02-25,3,0,53,28.62,28.62,0.0,203.465863,0.0
2019-02-25,3,0,55,269.3,269.3,0.0,1918.109636,0.0
2019-02-25,3,0,56,0.0,0.0,0.0,0.0,0.0
2019-02-25,3,0,57,0.0,0.0,0.0,0.0,0.0
2019-02-25,3,0,58,0.0,0.0,0.0,0.0,0.0
2019-02-25,3,0,59,0.0,0.0,0.0,0.0,0.0
2019-02-25,3,0,63,49.15,49.15,0.0,822.935192,0.0
2019-02-25,3,0,64,57.83,57.83,0.0,968.267389,0.0
2019-02-25,3,0,65,3.6,3.6,0.0,33.683765,0.0
2019-02-25,3,0,67,0.0,0.0,0.0,0.0,0.0
2019-02-25,3,0,68,2.08,2.08,0.0,10.73416,0.0
2019-02-25,3,0,69,0.0,0.0,0.0,0.0,0.0
2019-02-25,3,0,74,17.86,17.86,0.0,158.182671,0.0
2019-02-25,3,0,77,66.1,66.1,0.0,386.096641,0.0
2019-02-25,3,0,78,49.97,49.97,0.0,291.879715,0.0
2019-02-25,3,0,79,28.92,28.92,0.0,168.924582,0.0
2019-02-25,3,0,80,46.77,46.77,0.0,273.188198,0.0
2019-02-25,3,0,81,61.14,61.14,0.0,357.12479,0.0
2019-02-25,3,0,82,43.13,43.13,0.0,251.926598,0.0
2019-02-25,3,0,83,96.17,96.17,0.0,561.738487,0.0
2019-02-25,3,0,84,0.0,0.0,0.0,0.0,0.0
2019-02-25,3,0,86,0.0,0.0,0.0,0.0,0.0
2019-02-25,3,0,87,0.0,0.0,0.0,0.0,0.0
2019-02-25,3,0,88,59.48,59.48,0.0,347.428566,0.0
2019-02-25,3,0,89,57.18,57.18,0.0,333.994038,0.0
2019-02-25,3,0,90,76.78,76.78,0.0,448.479578,0.0
2019-02-25,3,0,91,273.88,273.88,0.0,1599.760182,0.0
2019-02-25,3,0,92,98.5,98.5,0.0,575.348247,0.0
2019-02-25,3,0,95,9.14,9.14,0.0,144.671338,0.0
2019-02-25,3,0,96,6.8,6.8,0.0,48.247775,0.0
2019-02-25,3,0,97,41.85,41.85,0.0,296.936675,0.0
2019-02-25,3,0,99,3.45,3.45,0.0,30.556003,0.0
2019-02-25,3,0,101,0.0,0.0,0.0,0.0,0.0
2019-02-25,3,0,102,4.92,4.92,0.0,25.390416,0.0
2019-02-25,3,0,103,4.28,4.28,0.0,22.087598,0.0
2019-02-25,3,0,104,0.79,0.79,0.0,4.076916,0.0
2019-02-25,3,0,106,0.0,0.0,0.0,0.0,0.0
2019-02-25,3,0,109,69.55,69.55,0.0,575.088787,0.0
2019-02-25,3,0,110,157.15,157.15,0.0,355.182996,0.0
2019-02-25,3,0,111,0.0,0.0,0.0,0.0,0.0
2019-02-25,3,0,113,22.14,22.14,0.0,126.286797,0.0
2019-02-25,3,0,115,22.14,22.14,0.0,126.286797,0.0
2019-02-25,3,0,116,0.0,0.0,0.0,0.0,0.0
2019-02-25,3,0,117,1.14,1.14,0.0,6.502572,0.0
2019-02-25,3,0,119,57.83,57.83,0.0,968.267389,0.0
2019-02-25,3,0,120,34.0,34.0,0.0,569.273581,0.0
2019-02-25,3,0,123,0.0,0.0,0.0,0.0,0.0
2019-02-25,3,0,125,77.76,77.76,0.0,553.851486,0.0
2019-02-25,3,0,126,0.0,0.0,0.0,0.0,0.0
2019-02-25,3,0,127,0.0,0.0,0.0,0.0,0.0
2019-02-25,3,0,128,111.37,111.37,0.0,793.241256,0.0
2019-02-25,3,0,131,7.42,7.42,0.0,39.706954,0.0
2019-02-25,3,0,132,10.91,10.91,0.0,58.383136,0.0
2019-02-25,3,0,133,26.25,26.25,0.0,246.125011,0.0
2019-02-25,3,0,134,0.0,0.0,0.0,0.0,0.0
2019-02-25,3,0,135,35.13,35.13,0.0,329.385586,0.0
2019-02-25,3,0,136,5.42,5.42,0.0,50.707452,0.0
2019-02-25,3,0,139,102.3,102.3,0.0,800.965692,0.0
2019-02-25,3,0,140,116.31,116.31,0.0,262.87836,0.0
2019-02-25,3,0,141,97.59,97.59,0.0,433.948795,0.0
2019-02-25,3,0,142,0.0,0.0,0.0,0.0,0.0
2019-02-25,3,0,143,33.42,33.42,0.0,237.590117,0.0
2019-02-25,3,0,145,7.48,7.48,0.0,56.397825,0.0
2019-02-25,3,0,146,268.0,268.0,0.0,605.720922,0.0
2019-02-25,3,0,152,0.0,0.0,0.0,0.0,0.0
2019-02-25,3,0,153,0.0,0.0,0.0,0.0,0.0
2019-02-25,3,0,154,0.0,0.0,0.0,0.0,0.0
2019-02-25,3,0,157,250.0,250.0,0.0,1111.663068,0.0
2019-02-25,3,0,158,0.0,0.0,0.0,0.0,0.0
2019-02-25,3,0,159,0.0,0.0,0.0,0.0,0.0
2019-02-25,3,0,160,0.0,0.0,0.0,0.0,0.0
2019-02-25,3,0,161,0.0,0.0,0.0,0.0,0.0
2019-02-25,3,0,162,9.06,9.06,0.0,143.52103,0.0
2019-02-25,3,0,163,48.06,48.06,0.0,108.622939,0.0
2019-02-25,3,0,164,0.0,0.0,0.0,0.0,0.0
2019-02-25,3,0,167,0.0,0.0,0.0,0.0,0.0
2019-02-25,3,0,168,0.0,0.0,0.0,0.0,0.0
2019-02-25,3,0,169,0.0,0.0,0.0,0.0,0.0
2019-02-25,3,0,170,0.0,0.0,0.0,0.0,0.0
2019-02-25,3,0,172,0.0,0.0,0.0,0.0,0.0
2019-02-25,3,0,173,0.0,0.0,0.0,0.0,0.0
2019-02-25,3,0,188,0.0,0.0,0.0,0.0,0.0
2019-02-25,3,0,190,0.0,0.0,0.0,0.0,0.0
2019-02-25,3,0,191,0.0,0.0,0.0,0.0,0.0
2019-02-25,3,0,192,67.68,67.68,0.0,1133.189294,0.0
2019-02-25,3,0,194,63.9,63.9,0.0,390.274285,0.0
2019-02-25,3,0,196,0.0,0.0,0.0,0.0,0.0
2019-02-25,3,0,198,0.0,0.0,0.0,0.0,0.0
2019-02-25,3,0,199,6.06,6.06,0.0,55.090346,0.0
2019-02-25,3,0,200,0.0,0.0,0.0,0.0,0.0
2019-02-25,3,0,204,289.7,289.7,0.0,2378.705185,0.0
2019-02-25,3,0,205,367.9,367.9,0.0,3042.058442,0.0
2019-02-25,3,0,206,122.97,122.97,0.0,872.504252,0.0
2019-02-25,3,0,210,0.0,0.0,0.0,0.0,0.0
2019-02-25,3,0,214,0.0,0.0,0.0,0.0,0.0
2019-02-25,3,0,217,0.0,0.0,0.0,0.0,0.0
2019-02-25,3,0,218,0.0,0.0,0.0,0.0,0.0
2019-02-25,3,0,219,0.0,0.0,0.0,0.0,0.0
2019-02-25,3,0,221,0.0,0.0,0.0,0.0,0.0
2019-02-25,3,0,225,0.0,0.0,0.0,0.0,0.0
2019-02-25,3,0,233,0.0,0.0,0.0,0.0,0.0
2019-02-25,3,0,236,32.78,32.78,0.0,299.245864,0.0
2019-02-25,3,0,237,42.86,42.86,0.0,379.602983,0.0
2019-02-25,3,0,238,0.0,0.0,0.0,0.0,0.0
2019-02-25,3,0,240,0.0,0.0,0.0,0.0,0.0
2019-02-25,3,0,245,26.89,26.89,0.0,253.850699,0.0
2019-02-25,3,0,247,27.45,27.45,0.0,259.137289,0.0
2019-02-25,3,0,248,4.3,4.3,0.0,38.084294,0.0
2019-02-25,3,0,249,51.71,51.71,0.0,488.159898,0.0
2019-02-25,3,0,251,45.9,45.9,0.0,428.118833,0.0
2019-02-25,3,0,252,23.23,23.23,0.0,217.353848,0.0
2019-02-25,3,0,254,0.0,0.0,0.0,0.0,0.0
2019-02-25,3,0,255,0.0,0.0,0.0,0.0,0.0
2019-02-25,3,0,258,0.0,0.0,0.0,0.0,0.0
2019-02-25,3,0,260,0.0,0.0,0.0,0.0,0.0
2019-02-25,3,0,265,0.0,0.0,0.0,0.0,0.0
2019-02-25,3,0,266,66.24,66.24,0.0,518.631158,0.0
2019-02-25,3,0,267,81.4,81.4,0.0,637.32754,0.0
2019-02-25,3,0,270,150.1,150.1,0.0,339.24892,0.0
2019-02-25,3,0,272,90.44,90.44,0.0,515.870728,0.0
2019-02-25,3,0,273,0.0,0.0,0.0,0.0,0.0
2019-02-25,3,0,274,193.49,193.49,0.0,437.316945,0.0
2019-02-25,3,0,275,269.34,269.34,0.0,608.749527,0.0
2019-02-25,3,0,276,0.0,0.0,0.0,0.0,0.0
2019-02-25,3,0,277,0.0,0.0,0.0,0.0,0.0
2019-02-25,3,0,278,0.0,0.0,0.0,0.0,0.0
2019-02-25,3,0,279,58.62,58.62,0.0,337.590915,0.0
2019-02-25,3,0,281,7.63,7.63,0.0,54.243345,0.0
2019-02-25,3,0,282,0.0,0.0,0.0,0.0,0.0
2019-02-25,4,0,9,0.0,0.0,0.0,0.0,0.0
2019-02-25,4,0,17,0.0,0.0,0.0,0.0,0.0
2019-02-25,4,0,19,270.69,270.69,0.0,2750.253549,0.0
2019-02-25,4,0,20,328.29,328.29,0.0,3335.478731,0.0
2019-02-25,4,0,21,0.0,0.0,0.0,0.0,0.0
2019-02-25,4,0,22,0.0,0.0,0.0,0.0,0.0
2019-02-25,4,0,23,40.48,40.48,0.0,282.40108,0.0
2019-02-25,4,0,24,66.9,66.9,0.0,466.715224,0.0
2019-02-25,4,0,29,0.0,0.0,0.0,0.0,0.0
2019-02-25,4,0,30,0.0,0.0,0.0,0.0,0.0
2019-02-25,4,0,31,15.73,15.73,0.0,109.457348,0.0
2019-02-25,4,0,32,0.0,0.0,0.0,0.0,0.0
2019-02-25,4,0,33,0.0,0.0,0.0,0.0,0.0
2019-02-25,4,0,34,0.0,0.0,0.0,0.0,0.0
2019-02-25,4,0,35,0.0,0.0,0.0,0.0,0.0
2019-02-25,4,0,36,0.0,0.0,0.0,0.0,0.0
2019-02-25,4,0,37,0.0,0.0,0.0,0.0,0.0
2019-02-25,4,0,38,0.0,0.0,0.0,0.0,0.0
2019-02-25,4,0,39,0.0,0.0,0.0,0.0,0.0
2019-02-25,4,0,40,0.0,0.0,0.0,0.0,0.0
2019-02-25,4,0,41,81.49,81.49,0.0,646.445415,0.0
2019-02-25,4,0,42,0.0,0.0,0.0,0.0,0.0
2019-02-25,4,0,43,0.0,0.0,0.0,0.0,0.0
2019-02-25,4,0,46,0.0,0.0,0.0,0.0,0.0
2019-02-25,4,0,52,16.67,16.67,0.0,115.998346,0.0
2019-02-25,4,0,53,26.48,26.48,0.0,184.261321,0.0
2019-02-25,4,0,55,248.88,248.88,0.0,1736.26435,0.0
2019-02-25,4,0,56,0.0,0.0,0.0,0.0,0.0
2019-02-25,4,0,57,0.0,0.0,0.0,0.0,0.0
2019-02-25,4,0,58,0.0,0.0,0.0,0.0,0.0
2019-02-25,4,0,59,0.0,0.0,0.0,0.0,0.0
2019-02-25,4,0,63,49.09,49.09,0.0,875.52706,0.0
2019-02-25,4,0,64,57.75,57.75,0.0,1029.979379,0.0
2019-02-25,4,0,65,4.4,4.4,0.0,44.583335,0.0
2019-02-25,4,0,67,0.0,0.0,0.0,0.0,0.0
2019-02-25,4,0,68,1.71,1.71,0.0,7.98418,0.0
2019-02-25,4,0,69,0.0,0.0,0.0,0.0,0.0
2019-02-25,4,0,74,17.89,17.89,0.0,167.654604,0.0
2019-02-25,4,0,77,65.9,65.9,0.0,347.381341,0.0
2019-02-25,4,0,78,49.82,49.82,0.0,262.618185,0.0
2019-02-25,4,0,79,28.83,28.83,0.0,151.972748,0.0
2019-02-25,4,0,80,46.63,46.63,0.0,245.802609,0.0
2019-02-25,4,0,81,60.96,60.96,0.0,321.340919,0.0
2019-02-25,4,0,82,43.0,43.0,0.0,226.667643,0.0
2019-02-25,4,0,83,95.89,95.89,0.0,505.468844,0.0
2019-02-25,4,0,84,0.0,0.0,0.0,0.0,0.0
2019-02-25,4,0,86,0.0,0.0,0.0,0.0,0.0
2019-02-25,4,0,87,0.0,0.0,0.0,0.0,0.0
2019-02-25,4,0,88,57.65,57.65,0.0,303.892782,0.0
2019-02-25,4,0,89,55.42,55.42,0.0,292.137692,0.0
2019-02-25,4,0,90,74.41,74.41,0.0,392.240449,0.0
2019-02-25,4,0,91,265.45,265.45,0.0,1399.277345,0.0
2019-02-25,4,0,92,95.47,95.47,0.0,503.254881,0.0
2019-02-25,4,0,95,26.54,26.54,0.0,447.130585,0.0
2019-02-25,4,0,96,6.31,6.31,0.0,43.790795,0.0
2019-02-25,4,0,97,38.81,38.81,0.0,269.337676,0.0
2019-02-25,4,0,99,3.45,3.45,0.0,32.33138,0.0
2019-02-25,4,0,101,0.0,0.0,0.0,0.0,0.0
2019-02-25,4,0,102,4.06,4.06,0.0,18.956591,0.0
2019-02-25,4,0,103,3.53,3.53,0.0,16.481962,0.0
2019-02-25,4,0,104,0.66,0.66,0.0,3.081613,0.0
2019-02-25,4,0,106,0.0,0.0,0.0,0.0,0.0
2019-02-25,4,0,109,74.05,74.05,0.0,628.895033,0.0
2019-02-25,4,0,110,140.09,140.09,0.0,320.653736,0.0
2019-02-25,4,0,111,0.0,0.0,0.0,0.0,0.0
2019-02-25,4,0,113,11.56,11.56,0.0,57.971638,0.0
2019-02-25,4,0,115,11.56,11.56,0.0,57.971638,0.0
2019-02-25,4,0,116,0.0,0.0,0.0,0.0,0.0
2019-02-25,4,0,117,0.77,0.77,0.0,3.861433,0.0
2019-02-25,4,0,119,57.75,57.75,0.0,1029.979379,0.0
2019-02-25,4,0,120,33.96,33.96,0.0,605.68138,0.0
2019-02-25,4,0,123,0.0,0.0,0.0,0.0,0.0
2019-02-25,4,0,125,61.38,61.38,0.0,428.205986,0.0
2019-02-25,4,0,126,0.0,0.0,0.0,0.0,0.0
2019-02-25,4,0,127,0.0,0.0,0.0,0.0,0.0
2019-02-25,4,0,128,83.36,83.36,0.0,581.545308,0.0
2019-02-25,4,0,131,6.99,6.99,0.0,33.730892,0.0
2019-02-25,4,0,132,10.27,10.27,0.0,49.558836,0.0
2019-02-25,4,0,133,38.13,38.13,0.0,387.505969,0.0
2019-02-25,4,0,134,0.0,0.0,0.0,0.0,0.0
2019-02-25,4,0,135,52.6,52.6,0.0,534.56108,0.0
2019-02-25,4,0,136,8.25,8.25,0.0,83.58126,0.0
2019-02-25,4,0,139,105.24,105.24,0.0,834.849864,0.0
2019-02-25,4,0,140,103.68,103.68,0.0,237.314436,0.0
2019-02-25,4,0,141,81.25,81.25,0.0,331.759168,0.0
2019-02-25,4,0,142,0.0,0.0,0.0,0.0,0.0
2019-02-25,4,0,143,30.91,30.91,0.0,215.087516,0.0
2019-02-25,4,0,145,7.29,7.29,0.0,54.883326,0.0
2019-02-25,4,0,146,268.0,268.0,0.0,613.428518,0.0
2019-02-25,4,0,152,0.0,0.0,0.0,0.0,0.0
2019-02-25,4,0,153,0.0,0.0,0.0,0.0,0.0
2019-02-25,4,0,154,0.0,0.0,0.0,0.0,0.0
2019-02-25,4,0,157,225.72,225.72,0.0,921.657594,0.0
2019-02-25,4,0,158,0.0,0.0,0.0,0.0,0.0
2019-02-25,4,0,159,0.0,0.0,0.0,0.0,0.0
2019-02-25,4,0,160,0.0,0.0,0.0,0.0,0.0
2019-02-25,4,0,161,0.0,0.0,0.0,0.0,0.0
2019-02-25,4,0,162,11.26,11.26,0.0,189.863009,0.0
2019-02-25,4,0,163,42.5,42.5,0.0,97.278776,0.0
2019-02-25,4,0,164,0.0,0.0,0.0,0.0,0.0
2019-02-25,4,0,167,0.0,0.0,0.0,0.0,0.0
2019-02-25,4,0,168,0.0,0.0,0.0,0.0,0.0
2019-02-25,4,0,169,0.0,0.0,0.0,0.0,0.0
2019-02-25,4,0,170,0.0,0.0,0.0,0.0,0.0
2019-02-25,4,0,172,0.0,0.0,0.0,0.0,0.0
2019-02-25,4,0,173,0.0,0.0,0.0,0.0,0.0
2019-02-25,4,0,188,0.0,0.0,0.0,0.0,0.0
2019-02-25,4,0,190,0.0,0.0,0.0,0.0,0.0
2019-02-25,4,0,191,0.0,0.0,0.0,0.0,0.0
2019-02-25,4,0,192,69.15,69.15,0.0,1233.299983,0.0
2019-02-25,4,0,194,66.56,66.56,0.0,346.88891,0.0
2019-02-25,4,0,196,0.0,0.0,0.0,0.0,0.0
2019-02-25,4,0,198,0.0,0.0,0.0,0.0,0.0
2019-02-25,4,0,199,7.79,7.79,0.0,67.353322,0.0
2019-02-25,4,0,200,0.0,0.0,0.0,0.0,0.0
2019-02-25,4,0,204,304.88,304.88,0.0,2563.865158,0.0
2019-02-25,4,0,205,391.74,391.74,0.0,3326.986364,0.0
2019-02-25,4,0,206,114.04,114.04,0.0,791.426657,0.0
2019-02-25,4,0,210,0.0,0.0,0.0,0.0,0.0
2019-02-25,4,0,214,0.0,0.0,0.0,0.0,0.0
2019-02-25,4,0,217,0.0,0.0,0.0,0.0,0.0
2019-02-25,4,0,218,0.0,0.0,0.0,0.0,0.0
2019-02-25,4,0,219,0.0,0.0,0.0,0.0,0.0
2019-02-25,4,0,221,0.0,0.0,0.0,0.0,0.0
2019-02-25,4,0,225,0.0,0.0,0.0,0.0,0.0
2019-02-25,4,0,233,0.0,0.0,0.0,0.0,0.0
2019-02-25,4,0,236,38.72,38.72,0.0,378.697507,0.0
2019-02-25,4,0,237,42.9,42.9,0.0,402.033678,0.0
2019-02-25,4,0,238,0.0,0.0,0.0,0.0,0.0
2019-02-25,4,0,240,0.0,0.0,0.0,0.0,0.0
2019-02-25,4,0,245,26.36,26.36,0.0,270.495544,0.0
2019-02-25,4,0,247,28.92,28.92,0.0,296.765217,0.0
2019-02-25,4,0,248,4.31,4.31,0.0,40.390796,0.0
2019-02-25,4,0,249,50.7,50.7,0.0,520.262673,0.0
2019-02-25,4,0,251,48.56,48.56,0.0,489.838753,0.0
2019-02-25,4,0,252,28.36,28.36,0.0,287.359859,0.0
2019-02-25,4,0,254,0.0,0.0,0.0,0.0,0.0
2019-02-25,4,0,255,0.0,0.0,0.0,0.0,0.0
2019-02-25,4,0,258,0.0,0.0,0.0,0.0,0.0
2019-02-25,4,0,260,0.0,0.0,0.0,0.0,0.0
2019-02-25,4,0,265,0.0,0.0,0.0,0.0,0.0
2019-02-25,4,0,266,68.14,68.14,0.0,540.542282,0.0
2019-02-25,4,0,267,83.74,83.74,0.0,664.294257,0.0
2019-02-25,4,0,270,132.71,132.71,0.0,303.761562,0.0
2019-02-25,4,0,272,38.64,38.64,0.0,193.773709,0.0
2019-02-25,4,0,273,0.0,0.0,0.0,0.0,0.0
2019-02-25,4,0,274,171.08,171.08,0.0,391.58713,0.0
2019-02-25,4,0,275,238.15,238.15,0.0,545.104484,0.0
2019-02-25,4,0,276,0.0,0.0,0.0,0.0,0.0
2019-02-25,4,0,277,0.0,0.0,0.0,0.0,0.0
2019-02-25,4,0,278,0.0,0.0,0.0,0.0,0.0
2019-02-25,4,0,279,49.13,49.13,0.0,251.431605,0.0
2019-02-25,4,0,281,7.06,7.06,0.0,49.127074,0.0
2019-02-25,4,0,282,0.0,0.0,0.0,0.0,0.0
2019-02-25,5,0,9,0.0,0.0,0.0,0.0,0.0
2019-02-25,5,0,17,0.0,0.0,0.0,0.0,0.0
2019-02-25,5,0,19,308.21,308.21,0.0,2825.239641,0.0
2019-02-25,5,0,20,373.8,373.8,0.0,3426.47733,0.0
2019-02-25,5,0,21,0.0,0.0,0.0,0.0,0.0
2019-02-25,5,0,22,0.0,0.0,0.0,0.0,0.0
2019-02-25,5,0,23,37.51,37.51,0.0,247.469979,0.0
2019-02-25,5,0,24,66.37,66.37,0.0,437.872101,0.0
2019-02-25,5,0,29,0.0,0.0,0.0,0.0,0.0
2019-02-25,5,0,30,0.0,0.0,0.0,0.0,0.0
2019-02-25,5,0,31,13.51,13.51,0.0,88.926786,0.0
2019-02-25,5,0,32,0.0,0.0,0.0,0.0,0.0
2019-02-25,5,0,33,0.0,0.0,0.0,0.0,0.0
2019-02-25,5,0,34,0.0,0.0,0.0,0.0,0.0
2019-02-25,5,0,35,0.0,0.0,0.0,0.0,0.0
2019-02-25,5,0,36,0.0,0.0,0.0,0.0,0.0
2019-02-25,5,0,37,0.0,0.0,0.0,0.0,0.0
2019-02-25,5,0,38,0.0,0.0,0.0,0.0,0.0
2019-02-25,5,0,39,0.0,0.0,0.0,0.0,0.0
2019-02-25,5,0,40,0.0,0.0,0.0,0.0,0.0
2019-02-25,5,0,41,65.85,65.85,0.0,487.317017,0.0
2019-02-25,5,0,42,0.0,0.0,0.0,0.0,0.0
2019-02-25,5,0,43,0.0,0.0,0.0,0.0,0.0
2019-02-25,5,0,46,0.0,0.0,0.0,0.0,0.0
2019-02-25,5,0,52,14.32,14.32,0.0,94.258443,0.0
2019-02-25,5,0,53,22.75,22.75,0.0,149.747178,0.0
2019-02-25,5,0,55,156.24,156.24,0.0,1030.784046,0.0
2019-02-25,5,0,56,0.0,0.0,0.0,0.0,0.0
2019-02-25,5,0,57,0.0,0.0,0.0,0.0,0.0
2019-02-25,5,0,58,0.0,0.0,0.0,0.0,0.0
2019-02-25,5,0,59,0.0,0.0,0.0,0.0,0.0
2019-02-25,5,0,63,45.02,45.02,0.0,784.528704,0.0
2019-02-25,5,0,64,52.97,52.97,0.0,923.067203,0.0
2019-02-25,5,0,65,4.65,4.65,0.0,42.528852,0.0
2019-02-25,5,0,67,0.0,0.0,0.0,0.0,0.0
2019-02-25,5,0,68,1.55,1.55,0.0,7.088852,0.0
2019-02-25,5,0,69,0.0,0.0,0.0,0.0,0.0
2019-02-25,5,0,74,15.05,15.05,0.0,128.996542,0.0
2019-02-25,5,0,77,58.47,58.47,0.0,300.795182,0.0
2019-02-25,5,0,78,44.2,44.2,0.0,227.384078,0.0
2019-02-25,5,0,79,25.58,25.58,0.0,131.594677,0.0
2019-02-25,5,0,80,41.37,41.37,0.0,212.825323,0.0
2019-02-25,5,0,81,54.09,54.09,0.0,278.262551,0.0
2019-02-25,5,0,82,38.15,38.15,0.0,196.260239,0.0
2019-02-25,5,0,83,85.08,85.08,0.0,437.688627,0.0
2019-02-25,5,0,84,0.0,0.0,0.0,0.0,0.0
2019-02-25,5,0,86,0.0,0.0,0.0,0.0,0.0
2019-02-25,5,0,87,0.0,0.0,0.0,0.0,0.0
2019-02-25,5,0,88,50.66,50.66,0.0,260.617135,0.0
2019-02-25,5,0,89,48.7,48.7,0.0,250.53404,0.0
2019-02-25,5,0,90,65.39,65.39,0.0,336.39468,0.0
2019-02-25,5,0,91,233.25,233.25,0.0,1199.939731,0.0
2019-02-25,5,0,92,83.89,83.89,0.0,431.566748,0.0
2019-02-25,5,0,95,10.35,10.35,0.0,170.516432,0.0
2019-02-25,5,0,96,5.66,5.66,0.0,37.166185,0.0
2019-02-25,5,0,97,34.83,34.83,0.0,228.709936,0.0
2019-02-25,5,0,99,2.91,2.91,0.0,24.942189,0.0
2019-02-25,5,0,101,0.0,0.0,0.0,0.0,0.0
2019-02-25,5,0,102,3.68,3.68,0.0,16.830307,0.0
2019-02-25,5,0,103,3.2,3.2,0.0,14.635049,0.0
2019-02-25,5,0,104,0.59,0.59,0.0,2.698337,0.0
2019-02-25,5,0,106,0.0,0.0,0.0,0.0,0.0
2019-02-25,5,0,109,63.85,63.85,0.0,504.177538,0.0
2019-02-25,5,0,110,159.32,159.32,0.0,360.577021,0.0
2019-02-25,5,0,111,0.0,0.0,0.0,0.0,0.0
2019-02-25,5,0,113,24.73,24.73,0.0,122.165198,0.0
2019-02-25,5,0,115,24.73,24.73,0.0,122.165198,0.0
2019-02-25,5,0,116,0.0,0.0,0.0,0.0,0.0
2019-02-25,5,0,117,1.19,1.19,0.0,5.878552,0.0
2019-02-25,5,0,119,52.97,52.97,0.0,923.067203,0.0
2019-02-25,5,0,120,31.14,31.14,0.0,542.652685,0.0
2019-02-25,5,0,123,0.0,0.0,0.0,0.0,0.0
2019-02-25,5,0,125,60.06,60.06,0.0,396.242254,0.0
2019-02-25,5,0,126,0.0,0.0,0.0,0.0,0.0
2019-02-25,5,0,127,0.0,0.0,0.0,0.0,0.0
2019-02-25,5,0,128,86.03,86.03,0.0,567.577774,0.0
2019-02-25,5,0,131,6.42,6.42,0.0,30.336646,0.0
2019-02-25,5,0,132,9.44,9.44,0.0,44.607156,0.0
2019-02-25,5,0,133,18.97,18.97,0.0,173.927363,0.0
2019-02-25,5,0,134,0.0,0.0,0.0,0.0,0.0
2019-02-25,5,0,135,27.03,27.03,0.0,247.825863,0.0
2019-02-25,5,0,136,8.23,8.23,0.0,75.262181,0.0
2019-02-25,5,0,139,85.03,85.03,0.0,629.256886,0.0
2019-02-25,5,0,140,117.91,117.91,0.0,266.85687,0.0
2019-02-25,5,0,141,73.41,73.41,0.0,293.989135,0.0
2019-02-25,5,0,142,0.0,0.0,0.0,0.0,0.0
2019-02-25,5,0,143,47.32,47.32,0.0,311.47413,0.0
2019-02-25,5,0,145,6.69,6.69,0.0,47.300225,0.0
2019-02-25,5,0,146,268.0,268.0,0.0,606.544323,0.0
2019-02-25,5,0,152,0.0,0.0,0.0,0.0,0.0
2019-02-25,5,0,153,0.0,0.0,0.0,0.0,0.0
2019-02-25,5,0,154,0.0,0.0,0.0,0.0,0.0
2019-02-25,5,0,157,210.79,210.79,0.0,844.162509,0.0
2019-02-25,5,0,158,0.0,0.0,0.0,0.0,0.0
2019-02-25,5,0,159,0.0,0.0,0.0,0.0,0.0
2019-02-25,5,0,160,0.0,0.0,0.0,0.0,0.0
2019-02-25,5,0,161,0.0,0.0,0.0,0.0,0.0
2019-02-25,5,0,162,9.74,9.74,0.0,160.600331,0.0
2019-02-25,5,0,163,38.65,38.65,0.0,87.47365,0.0
2019-02-25,5,0,164,0.0,0.0,0.0,0.0,0.0
2019-02-25,5,0,167,0.0,0.0,0.0,0.0,0.0
2019-02-25,5,0,168,0.0,0.0,0.0,0.0,0.0
2019-02-25,5,0,169,0.0,0.0,0.0,0.0,0.0
2019-02-25,5,0,170,0.0,0.0,0.0,0.0,0.0
2019-02-25,5,0,172,0.0,0.0,0.0,0.0,0.0
2019-02-25,5,0,173,0.0,0.0,0.0,0.0,0.0
2019-02-25,5,0,188,0.0,0.0,0.0,0.0,0.0
2019-02-25,5,0,190,0.0,0.0,0.0,0.0,0.0
2019-02-25,5,0,191,0.0,0.0,0.0,0.0,0.0
2019-02-25,5,0,192,59.41,59.41,0.0,1035.2921,0.0
2019-02-25,5,0,194,60.45,60.45,0.0,312.677316,0.0
2019-02-25,5,0,196,0.0,0.0,0.0,0.0,0.0
2019-02-25,5,0,198,0.0,0.0,0.0,0.0,0.0
2019-02-25,5,0,199,6.62,6.62,0.0,57.468972,0.0
2019-02-25,5,0,200,0.0,0.0,0.0,0.0,0.0
2019-02-25,5,0,204,267.53,267.53,0.0,2094.816411,0.0
2019-02-25,5,0,205,337.76,337.76,0.0,2667.04785,0.0
2019-02-25,5,0,206,102.33,102.33,0.0,671.946245,0.0
2019-02-25,5,0,210,0.0,0.0,0.0,0.0,0.0
2019-02-25,5,0,214,0.0,0.0,0.0,0.0,0.0
2019-02-25,5,0,217,0.0,0.0,0.0,0.0,0.0
2019-02-25,5,0,218,0.0,0.0,0.0,0.0,0.0
2019-02-25,5,0,219,0.0,0.0,0.0,0.0,0.0
2019-02-25,5,0,221,0.0,0.0,0.0,0.0,0.0
2019-02-25,5,0,225,0.0,0.0,0.0,0.0,0.0
2019-02-25,5,0,233,0.0,0.0,0.0,0.0,0.0
2019-02-25,5,0,236,30.46,30.46,0.0,270.59691,0.0
2019-02-25,5,0,237,36.11,36.11,0.0,309.505989,0.0
2019-02-25,5,0,238,0.0,0.0,0.0,0.0,0.0
2019-02-25,5,0,240,0.0,0.0,0.0,0.0,0.0
2019-02-25,5,0,245,30.9,30.9,0.0,285.590724,0.0
2019-02-25,5,0,247,28.43,28.43,0.0,262.761951,0.0
2019-02-25,5,0,248,3.62,3.62,0.0,31.02774,0.0
2019-02-25,5,0,249,59.41,59.41,0.0,549.092068,0.0
2019-02-25,5,0,251,50.05,50.05,0.0,456.062664,0.0
2019-02-25,5,0,252,30.01,30.01,0.0,274.471151,0.0
2019-02-25,5,0,254,0.0,0.0,0.0,0.0,0.0
2019-02-25,5,0,255,0.0,0.0,0.0,0.0,0.0
2019-02-25,5,0,258,0.0,0.0,0.0,0.0,0.0
2019-02-25,5,0,260,0.0,0.0,0.0,0.0,0.0
2019-02-25,5,0,265,0.0,0.0,0.0,0.0,0.0
2019-02-25,5,0,266,55.06,55.06,0.0,407.46659,0.0
2019-02-25,5,0,267,67.66,67.66,0.0,500.71176,0.0
2019-02-25,5,0,270,120.72,120.72,0.0,273.216532,0.0
2019-02-25,5,0,272,85.01,85.01,0.0,419.945955,0.0
2019-02-25,5,0,273,0.0,0.0,0.0,0.0,0.0
2019-02-25,5,0,274,155.62,155.62,0.0,352.203088,0.0
2019-02-25,5,0,275,216.62,216.62,0.0,490.259818,0.0
2019-02-25,5,0,276,0.0,0.0,0.0,0.0,0.0
2019-02-25,5,0,277,0.0,0.0,0.0,0.0,0.0
2019-02-25,5,0,278,0.0,0.0,0.0,0.0,0.0
2019-02-25,5,0,279,43.13,43.13,0.0,216.596163,0.0
2019-02-25,5,0,281,6.06,6.06,0.0,39.888699,0.0
2019-02-25,5,0,282,0.0,0.0,0.0,0.0,0.0
2019-02-25,6,0,9,0.0,0.0,0.0,0.0,0.0
2019-02-25,6,0,17,0.0,0.0,0.0,0.0,0.0
2019-02-25,6,0,19,355.73,355.73,0.0,3653.4333,0.0
2019-02-25,6,0,20,431.43,431.43,0.0,4430.890643,0.0
2019-02-25,6,0,21,0.0,0.0,0.0,0.0,0.0
2019-02-25,6,0,22,0.0,0.0,0.0,0.0,0.0
2019-02-25,6,0,23,31.47,31.47,0.0,389.981509,0.0
2019-02-25,6,0,24,55.67,55.67,0.0,689.871961,0.0
2019-02-25,6,0,29,0.0,0.0,0.0,0.0,0.0
2019-02-25,6,0,30,0.0,0.0,0.0,0.0,0.0
2019-02-25,6,0,31,11.51,11.51,0.0,142.803016,0.0
2019-02-25,6,0,32,0.0,0.0,0.0,0.0,0.0
2019-02-25,6,0,33,0.0,0.0,0.0,0.0,0.0
2019-02-25,6,0,34,0.0,0.0,0.0,0.0,0.0
2019-02-25,6,0,35,0.0,0.0,0.0,0.0,0.0
2019-02-25,6,0,36,0.0,0.0,0.0,0.0,0.0
2019-02-25,6,0,37,0.0,0.0,0.0,0.0,0.0
2019-02-25,6,0,38,0.0,0.0,0.0,0.0,0.0
2019-02-25,6,0,39,0.0,0.0,0.0,0.0,0.0
2019-02-25,6,0,40,0.0,0.0,0.0,0.0,0.0
2019-02-25,6,0,41,52.61,52.61,0.0,612.476389,0.0
2019-02-25,6,0,42,0.0,0.0,0.0,0.0,0.0
2019-02-25,6,0,43,0.0,0.0,0.0,0.0,0.0
2019-02-25,6,0,46,0.0,0.0,0.0,0.0,0.0
2019-02-25,6,0,52,12.2,12.2,0.0,151.363752,0.0
2019-02-25,6,0,53,19.37,19.37,0.0,240.320974,0.0
2019-02-25,6,0,55,54.3,54.3,0.0,672.894691,0.0
2019-02-25,6,0,56,0.0,0.0,0.0,0.0,0.0
2019-02-25,6,0,57,0.0,0.0,0.0,0.0,0.0
2019-02-25,6,0,58,0.0,0.0,0.0,0.0,0.0
2019-02-25,6,0,59,0.0,0.0,0.0,0.0,0.0
2019-02-25,6,0,63,41.66,41.66,0.0,1132.698739,0.0
2019-02-25,6,0,64,49.01,49.01,0.0,1332.538771,0.0
2019-02-25,6,0,65,4.93,4.93,0.0,50.69358,0.0
2019-02-25,6,0,67,0.0,0.0,0.0,0.0,0.0
2019-02-25,6,0,68,1.39,1.39,0.0,16.573793,0.0
2019-02-25,6,0,69,0.0,0.0,0.0,0.0,0.0
2019-02-25,6,0,74,12.55,12.55,0.0,133.620338,0.0
2019-02-25,6,0,77,52.1,52.1,0.0,719.416424,0.0
2019-02-25,6,0,78,39.39,39.39,0.0,543.911957,0.0
2019-02-25,6,0,79,22.8,22.8,0.0,314.830988,0.0
2019-02-25,6,0,80,36.86,36.86,0.0,508.976764,0.0
2019-02-25,6,0,81,48.2,48.2,0.0,665.563755,0.0
2019-02-25,6,0,82,34.0,34.0,0.0,469.484807,0.0
2019-02-25,6,0,83,75.81,75.81,0.0,1046.813035,0.0
2019-02-25,6,0,84,0.0,0.0,0.0,0.0,0.0
2019-02-25,6,0,86,0.0,0.0,0.0,0.0,0.0
2019-02-25,6,0,87,0.0,0.0,0.0,0.0,0.0
2019-02-25,6,0,88,44.49,44.49,0.0,614.334678,0.0
2019-02-25,6,0,89,42.77,42.77,0.0,590.58427,0.0
2019-02-25,6,0,90,57.42,57.42,0.0,792.876988,0.0
2019-02-25,6,0,91,204.83,204.83,0.0,2828.369792,0.0
2019-02-25,6,0,92,73.67,73.67,0.0,1017.263109,0.0
2019-02-25,6,0,95,9.52,9.52,0.0,213.531093,0.0
2019-02-25,6,0,96,5.14,5.14,0.0,63.850238,0.0
2019-02-25,6,0,97,31.62,31.62,0.0,392.790764,0.0
2019-02-25,6,0,99,2.42,2.42,0.0,25.765834,0.0
2019-02-25,6,0,101,0.0,0.0,0.0,0.0,0.0
2019-02-25,6,0,102,3.29,3.29,0.0,39.228618,0.0
2019-02-25,6,0,103,2.86,2.86,0.0,34.101474,0.0
2019-02-25,6,0,104,0.53,0.53,0.0,6.319504,0.0
2019-02-25,6,0,106,0.0,0.0,0.0,0.0,0.0
2019-02-25,6,0,109,55.13,55.13,0.0,612.448964,0.0
2019-02-25,6,0,110,182.27,182.27,0.0,412.518036,0.0
2019-02-25,6,0,111,0.0,0.0,0.0,0.0,0.0
2019-02-25,6,0,113,29.04,29.04,0.0,424.120708,0.0
2019-02-25,6,0,115,29.04,29.04,0.0,424.120708,0.0
2019-02-25,6,0,116,0.0,0.0,0.0,0.0,0.0
2019-02-25,6,0,117,1.15,1.15,0.0,16.795414,0.0
2019-02-25,6,0,119,49.01,49.01,0.0,1332.538771,0.0
2019-02-25,6,0,120,28.82,28.82,0.0,783.590438,0.0
2019-02-25,6,0,123,0.0,0.0,0.0,0.0,0.0
2019-02-25,6,0,125,50.38,50.38,0.0,624.317395,0.0
2019-02-25,6,0,126,0.0,0.0,0.0,0.0,0.0
2019-02-25,6,0,127,0.0,0.0,0.0,0.0,0.0
2019-02-25,6,0,128,72.16,72.16,0.0,894.218802,0.0
2019-02-25,6,0,131,5.95,5.95,0.0,74.724231,0.0
2019-02-25,6,0,132,8.74,8.74,0.0,109.762988,0.0
2019-02-25,6,0,133,17.62,17.62,0.0,180.941033,0.0
2019-02-25,6,0,134,0.0,0.0,0.0,0.0,0.0
2019-02-25,6,0,135,23.61,23.61,0.0,242.452769,0.0
2019-02-25,6,0,136,8.24,8.24,0.0,84.734852,0.0
2019-02-25,6,0,139,67.94,67.94,0.0,790.945559,0.0
2019-02-25,6,0,140,134.9,134.9,0.0,305.309064,0.0
2019-02-25,6,0,141,66.56,66.56,0.0,635.351752,0.0
2019-02-25,6,0,142,0.0,0.0,0.0,0.0,0.0
2019-02-25,6,0,143,66.93,66.93,0.0,830.391471,0.0
2019-02-25,6,0,145,6.2,6.2,0.0,73.937899,0.0
2019-02-25,6,0,146,268.0,268.0,0.0,606.544323,0.0
2019-02-25,6,0,152,0.0,0.0,0.0,0.0,0.0
2019-02-25,6,0,153,0.0,0.0,0.0,0.0,0.0
2019-02-25,6,0,154,0.0,0.0,0.0,0.0,0.0
2019-02-25,6,0,157,197.43,197.43,0.0,1884.57777,0.0
2019-02-25,6,0,158,0.0,0.0,0.0,0.0,0.0
2019-02-25,6,0,159,0.0,0.0,0.0,0.0,0.0
2019-02-25,6,0,160,0.0,0.0,0.0,0.0,0.0
2019-02-25,6,0,161,0.0,0.0,0.0,0.0,0.0
2019-02-25,6,0,162,8.45,8.45,0.0,189.600621,0.0
2019-02-25,6,0,163,35.36,35.36,0.0,80.027639,0.0
2019-02-25,6,0,164,0.0,0.0,0.0,0.0,0.0
2019-02-25,6,0,167,0.0,0.0,0.0,0.0,0.0
2019-02-25,6,0,168,0.0,0.0,0.0,0.0,0.0
2019-02-25,6,0,169,0.0,0.0,0.0,0.0,0.0
2019-02-25,6,0,170,0.0,0.0,0.0,0.0,0.0
2019-02-25,6,0,172,0.0,0.0,0.0,0.0,0.0
2019-02-25,6,0,173,0.0,0.0,0.0,0.0,0.0
2019-02-25,6,0,188,0.0,0.0,0.0,0.0,0.0
2019-02-25,6,0,190,0.0,0.0,0.0,0.0,0.0
2019-02-25,6,0,191,0.0,0.0,0.0,0.0,0.0
2019-02-25,6,0,192,51.67,51.67,0.0,1404.86183,0.0
2019-02-25,6,0,194,55.3,55.3,0.0,946.614776,0.0
2019-02-25,6,0,196,0.0,0.0,0.0,0.0,0.0
2019-02-25,6,0,198,0.0,0.0,0.0,0.0,0.0
2019-02-25,6,0,199,5.59,5.59,0.0,73.66732,0.0
2019-02-25,6,0,200,0.0,0.0,0.0,0.0,0.0
2019-02-25,6,0,204,235.65,235.65,0.0,2629.915718,0.0
2019-02-25,6,0,205,291.63,291.63,0.0,3239.769479,0.0
2019-02-25,6,0,206,92.93,92.93,0.0,1154.397397,0.0
2019-02-25,6,0,210,0.0,0.0,0.0,0.0,0.0
2019-02-25,6,0,214,0.0,0.0,0.0,0.0,0.0
2019-02-25,6,0,217,0.0,0.0,0.0,0.0,0.0
2019-02-25,6,0,218,0.0,0.0,0.0,0.0,0.0
2019-02-25,6,0,219,0.0,0.0,0.0,0.0,0.0
2019-02-25,6,0,221,0.0,0.0,0.0,0.0,0.0
2019-02-25,6,0,225,0.0,0.0,0.0,0.0,0.0
2019-02-25,6,0,233,0.0,0.0,0.0,0.0,0.0
2019-02-25,6,0,236,23.32,23.32,0.0,243.416454,0.0
2019-02-25,6,0,237,30.11,30.11,0.0,320.58234,0.0
2019-02-25,6,0,238,0.0,0.0,0.0,0.0,0.0
2019-02-25,6,0,240,0.0,0.0,0.0,0.0,0.0
2019-02-25,6,0,245,36.3,36.3,0.0,371.150425,0.0
2019-02-25,6,0,247,28.04,28.04,0.0,286.69581,0.0
2019-02-25,6,0,248,3.02,3.02,0.0,32.154057,0.0
2019-02-25,6,0,249,69.81,69.81,0.0,713.774412,0.0
2019-02-25,6,0,251,52.27,52.27,0.0,538.542156,0.0
2019-02-25,6,0,252,31.79,31.79,0.0,326.886187,0.0
2019-02-25,6,0,254,0.0,0.0,0.0,0.0,0.0
2019-02-25,6,0,255,0.0,0.0,0.0,0.0,0.0
2019-02-25,6,0,258,0.0,0.0,0.0,0.0,0.0
2019-02-25,6,0,260,0.0,0.0,0.0,0.0,0.0
2019-02-25,6,0,265,0.0,0.0,0.0,0.0,0.0
2019-02-25,6,0,266,44.0,44.0,0.0,512.240279,0.0
2019-02-25,6,0,267,54.07,54.07,0.0,629.473452,0.0
2019-02-25,6,0,270,110.43,110.43,0.0,249.927946,0.0
2019-02-25,6,0,272,102.49,102.49,0.0,1496.836478,0.0
2019-02-25,6,0,273,0.0,0.0,0.0,0.0,0.0
2019-02-25,6,0,274,142.35,142.35,0.0,322.170091,0.0
2019-02-25,6,0,275,198.16,198.16,0.0,448.480683,0.0
2019-02-25,6,0,276,0.0,0.0,0.0,0.0,0.0
2019-02-25,6,0,277,0.0,0.0,0.0,0.0,0.0
2019-02-25,6,0,278,0.0,0.0,0.0,0.0,0.0
2019-02-25,6,0,279,37.92,37.92,0.0,541.704099,0.0
2019-02-25,6,0,281,5.18,5.18,0.0,64.26756,0.0
2019-02-25,6,0,282,0.0,0.0,0.0,0.0,0.0
2019-02-25,7,0,9,0.0,0.0,0.0,0.0,0.0
2019-02-25,7,0,17,0.0,0.0,0.0,0.0,0.0
2019-02-25,7,0,19,416.37,416.37,0.0,4786.326065,0.0
2019-02-25,7,0,20,504.97,504.97,0.0,5804.815605,0.0
2019-02-25,7,0,21,0.0,0.0,0.0,0.0,0.0
2019-02-25,7,0,22,0.0,0.0,0.0,0.0,0.0
2019-02-25,7,0,23,26.6,26.6,0.0,410.719167,0.0
2019-02-25,7,0,24,47.07,47.07,0.0,726.787638,0.0
2019-02-25,7,0,29,0.0,0.0,0.0,0.0,0.0
2019-02-25,7,0,30,0.0,0.0,0.0,0.0,0.0
2019-02-25,7,0,31,23.98,23.98,0.0,370.902924,0.0
2019-02-25,7,0,32,0.0,0.0,0.0,0.0,0.0
2019-02-25,7,0,33,0.0,0.0,0.0,0.0,0.0
2019-02-25,7,0,34,0.0,0.0,0.0,0.0,0.0
2019-02-25,7,0,35,0.0,0.0,0.0,0.0,0.0
2019-02-25,7,0,36,0.0,0.0,0.0,0.0,0.0
2019-02-25,7,0,37,0.0,0.0,0.0,0.0,0.0
2019-02-25,7,0,38,0.0,0.0,0.0,0.0,0.0
2019-02-25,7,0,39,0.0,0.0,0.0,0.0,0.0
2019-02-25,7,0,40,0.0,0.0,0.0,0.0,0.0
2019-02-25,7,0,41,30.79,30.79,0.0,433.342374,0.0
2019-02-25,7,0,42,0.0,0.0,0.0,0.0,0.0
2019-02-25,7,0,43,0.0,0.0,0.0,0.0,0.0
2019-02-25,7,0,46,0.0,0.0,0.0,0.0,0.0
2019-02-25,7,0,52,25.42,25.42,0.0,393.17566,0.0
2019-02-25,7,0,53,40.4,40.4,0.0,624.873984,0.0
2019-02-25,7,0,55,46.83,46.83,0.0,723.081901,0.0
2019-02-25,7,0,56,0.0,0.0,0.0,0.0,0.0
2019-02-25,7,0,57,0.0,0.0,0.0,0.0,0.0
2019-02-25,7,0,58,0.0,0.0,0.0,0.0,0.0
2019-02-25,7,0,59,0.0,0.0,0.0,0.0,0.0
2019-02-25,7,0,63,38.84,38.84,0.0,1157.75587,0.0
2019-02-25,7,0,64,45.7,45.7,0.0,1362.241072,0.0
2019-02-25,7,0,65,5.22,5.22,0.0,60.134348,0.0
2019-02-25,7,0,67,0.0,0.0,0.0,0.0,0.0
2019-02-25,7,0,68,1.25,1.25,0.0,19.334722,0.0
2019-02-25,7,0,69,0.0,0.0,0.0,0.0,0.0
2019-02-25,7,0,74,10.38,10.38,0.0,126.985833,0.0
2019-02-25,7,0,77,46.48,46.48,0.0,836.762994,0.0
2019-02-25,7,0,78,35.14,35.14,0.0,632.612987,0.0
2019-02-25,7,0,79,20.33,20.33,0.0,365.993797,0.0
2019-02-25,7,0,80,32.88,32.88,0.0,591.927006,0.0
2019-02-25,7,0,81,42.99,42.99,0.0,773.933759,0.0
2019-02-25,7,0,82,30.33,30.33,0.0,546.020258,0.0
2019-02-25,7,0,83,67.62,67.62,0.0,1217.338934,0.0
2019-02-25,7,0,84,0.0,0.0,0.0,0.0,0.0
2019-02-25,7,0,86,0.0,0.0,0.0,0.0,0.0
2019-02-25,7,0,87,0.0,0.0,0.0,0.0,0.0
2019-02-25,7,0,88,39.45,39.45,0.0,710.204392,0.0
2019-02-25,7,0,89,37.92,37.92,0.0,682.660343,0.0
2019-02-25,7,0,90,50.92,50.92,0.0,916.694743,0.0
2019-02-25,7,0,91,181.63,181.63,0.0,3269.820625,0.0
2019-02-25,7,0,92,65.32,65.32,0.0,1175.932848,0.0
2019-02-25,7,0,95,8.95,8.95,0.0,200.746143,0.0
2019-02-25,7,0,96,4.73,4.73,0.0,73.291281,0.0
2019-02-25,7,0,97,29.07,29.07,0.0,450.439226,0.0
2019-02-25,7,0,99,2.0,2.0,0.0,24.467405,0.0
2019-02-25,7,0,101,0.0,0.0,0.0,0.0,0.0
2019-02-25,7,0,102,2.96,2.96,0.0,45.784622,0.0
2019-02-25,7,0,103,2.58,2.58,0.0,39.906866,0.0
2019-02-25,7,0,104,0.48,0.48,0.0,7.424533,0.0
2019-02-25,7,0,106,0.0,0.0,0.0,0.0,0.0
2019-02-25,7,0,109,48.03,48.03,0.0,630.357583,0.0
2019-02-25,7,0,110,208.8,208.8,0.0,471.919883,0.0
2019-02-25,7,0,111,0.0,0.0,0.0,0.0,0.0
2019-02-25,7,0,113,14.69,14.69,0.0,282.478925,0.0
2019-02-25,7,0,115,14.69,14.69,0.0,282.478925,0.0
2019-02-25,7,0,116,0.0,0.0,0.0,0.0,0.0
2019-02-25,7,0,117,0.6,0.6,0.0,11.537601,0.0
2019-02-25,7,0,119,45.7,45.7,0.0,1362.241072,0.0
2019-02-25,7,0,120,26.87,26.87,0.0,800.950057,0.0
2019-02-25,7,0,123,0.0,0.0,0.0,0.0,0.0
2019-02-25,7,0,125,42.59,42.59,0.0,657.613884,0.0
2019-02-25,7,0,126,0.0,0.0,0.0,0.0,0.0
2019-02-25,7,0,127,0.0,0.0,0.0,0.0,0.0
2019-02-25,7,0,128,61.01,61.01,0.0,942.029187,0.0
2019-02-25,7,0,131,5.53,5.53,0.0,90.338563,0.0
2019-02-25,7,0,132,8.12,8.12,0.0,132.649029,0.0
2019-02-25,7,0,133,20.04,20.04,0.0,230.32067,0.0
2019-02-25,7,0,134,0.0,0.0,0.0,0.0,0.0
2019-02-25,7,0,135,26.85,26.85,0.0,308.588323,0.0
2019-02-25,7,0,136,8.31,8.31,0.0,95.74235,0.0
2019-02-25,7,0,139,39.77,39.77,0.0,559.728035,0.0
2019-02-25,7,0,140,154.53,154.53,0.0,349.261396,0.0
2019-02-25,7,0,141,60.69,60.69,0.0,741.420862,0.0
2019-02-25,7,0,142,0.0,0.0,0.0,0.0,0.0
2019-02-25,7,0,143,39.4,39.4,0.0,609.406806,0.0
2019-02-25,7,0,145,5.8,5.8,0.0,84.667715,0.0
2019-02-25,7,0,146,268.0,268.0,0.0,605.720922,0.0
2019-02-25,7,0,152,0.0,0.0,0.0,0.0,0.0
2019-02-25,7,0,153,0.0,0.0,0.0,0.0,0.0
2019-02-25,7,0,154,0.0,0.0,0.0,0.0,0.0
2019-02-25,7,0,157,185.72,185.72,0.0,2268.852899,0.0
2019-02-25,7,0,158,0.0,0.0,0.0,0.0,0.0
2019-02-25,7,0,159,0.0,0.0,0.0,0.0,0.0
2019-02-25,7,0,160,0.0,0.0,0.0,0.0,0.0
2019-02-25,7,0,161,0.0,0.0,0.0,0.0,0.0
2019-02-25,7,0,162,7.28,7.28,0.0,163.315936,0.0
2019-02-25,7,0,163,32.55,32.55,0.0,73.56797,0.0
2019-02-25,7,0,164,0.0,0.0,0.0,0.0,0.0
2019-02-25,7,0,167,0.0,0.0,0.0,0.0,0.0
2019-02-25,7,0,168,0.0,0.0,0.0,0.0,0.0
2019-02-25,7,0,169,0.0,0.0,0.0,0.0,0.0
2019-02-25,7,0,170,0.0,0.0,0.0,0.0,0.0
2019-02-25,7,0,172,0.0,0.0,0.0,0.0,0.0
2019-02-25,7,0,173,0.0,0.0,0.0,0.0,0.0
2019-02-25,7,0,188,0.0,0.0,0.0,0.0,0.0
2019-02-25,7,0,190,0.0,0.0,0.0,0.0,0.0
2019-02-25,7,0,191,0.0,0.0,0.0,0.0,0.0
2019-02-25,7,0,192,45.38,45.38,0.0,1352.702404,0.0
2019-02-25,7,0,194,51.28,51.28,0.0,1168.873441,0.0
2019-02-25,7,0,196,0.0,0.0,0.0,0.0,0.0
2019-02-25,7,0,198,0.0,0.0,0.0,0.0,0.0
2019-02-25,7,0,199,4.73,4.73,0.0,69.84437,0.0
2019-02-25,7,0,200,0.0,0.0,0.0,0.0,0.0
2019-02-25,7,0,204,209.14,209.14,0.0,2764.908285,0.0
2019-02-25,7,0,205,254.1,254.1,0.0,3334.871162,0.0
2019-02-25,7,0,206,85.41,85.41,0.0,1323.426705,0.0
2019-02-25,7,0,210,0.0,0.0,0.0,0.0,0.0
2019-02-25,7,0,214,0.0,0.0,0.0,0.0,0.0
2019-02-25,7,0,217,0.0,0.0,0.0,0.0,0.0
2019-02-25,7,0,218,0.0,0.0,0.0,0.0,0.0
2019-02-25,7,0,219,0.0,0.0,0.0,0.0,0.0
2019-02-25,7,0,221,0.0,0.0,0.0,0.0,0.0
2019-02-25,7,0,225,0.0,0.0,0.0,0.0,0.0
2019-02-25,7,0,233,0.0,0.0,0.0,0.0,0.0
2019-02-25,7,0,236,17.62,17.62,0.0,208.428406,0.0
2019-02-25,7,0,237,24.9,24.9,0.0,304.619194,0.0
2019-02-25,7,0,238,0.0,0.0,0.0,0.0,0.0
2019-02-25,7,0,240,0.0,0.0,0.0,0.0,0.0
2019-02-25,7,0,245,43.03,43.03,0.0,490.749489,0.0
2019-02-25,7,0,247,27.77,27.77,0.0,316.711906,0.0
2019-02-25,7,0,248,2.5,2.5,0.0,30.584256,0.0
2019-02-25,7,0,249,82.74,82.74,0.0,943.634969,0.0
2019-02-25,7,0,251,54.6,54.6,0.0,631.198748,0.0
2019-02-25,7,0,252,33.68,33.68,0.0,387.993266,0.0
2019-02-25,7,0,254,0.0,0.0,0.0,0.0,0.0
2019-02-25,7,0,255,0.0,0.0,0.0,0.0,0.0
2019-02-25,7,0,258,0.0,0.0,0.0,0.0,0.0
2019-02-25,7,0,260,0.0,0.0,0.0,0.0,0.0
2019-02-25,7,0,265,0.0,0.0,0.0,0.0,0.0
2019-02-25,7,0,266,25.74,25.74,0.0,362.268032,0.0
2019-02-25,7,0,267,31.64,31.64,0.0,445.305382,0.0
2019-02-25,7,0,270,101.66,101.66,0.0,229.767123,0.0
2019-02-25,7,0,272,52.25,52.25,0.0,1004.732731,0.0
2019-02-25,7,0,273,0.0,0.0,0.0,0.0,0.0
2019-02-25,7,0,274,131.05,131.05,0.0,296.193011,0.0
2019-02-25,7,0,275,182.42,182.42,0.0,412.297055,0.0
2019-02-25,7,0,276,0.0,0.0,0.0,0.0,0.0
2019-02-25,7,0,277,0.0,0.0,0.0,0.0,0.0
2019-02-25,7,0,278,0.0,0.0,0.0,0.0,0.0
2019-02-25,7,0,279,33.54,33.54,0.0,628.456937,0.0
2019-02-25,7,0,281,10.75,10.75,0.0,166.272162,0.0
2019-02-25,7,0,282,0.0,0.0,0.0,0.0,0.0
2019-02-25,8,0,9,0.0,0.0,0.0,0.0,0.0
2019-02-25,8,0,17,0.0,0.0,0.0,0.0,0.0
2019-02-25,8,0,19,470.31,470.31,0.0,4525.903356,0.0
2019-02-25,8,0,20,585.33,585.33,0.0,5632.767774,0.0
2019-02-25,8,0,21,0.0,0.0,0.0,0.0,0.0
2019-02-25,8,0,22,0.0,0.0,0.0,0.0,0.0
2019-02-25,8,0,23,37.29,37.29,0.0,305.209826,0.0
2019-02-25,8,0,24,65.97,65.97,0.0,539.948839,0.0
2019-02-25,8,0,29,0.15,0.15,0.0,1.266933,0.0
2019-02-25,8,0,30,0.0,0.0,0.0,0.0,0.0
2019-02-25,8,0,31,9.38,9.38,0.0,76.700223,0.0
2019-02-25,8,0,32,0.0,0.0,0.0,0.0,0.0
2019-02-25,8,0,33,0.0,0.0,0.0,0.0,0.0
2019-02-25,8,0,34,0.0,0.0,0.0,0.0,0.0
2019-02-25,8,0,35,0.0,0.0,0.0,0.0,0.0
2019-02-25,8,0,36,0.0,0.0,0.0,0.0,0.0
2019-02-25,8,0,37,0.0,0.0,0.0,0.0,0.0
2019-02-25,8,0,38,0.0,0.0,0.0,0.0,0.0
2019-02-25,8,0,39,0.0,0.0,0.0,0.0,0.0
2019-02-25,8,0,40,0.0,0.0,0.0,0.0,0.0
2019-02-25,8,0,41,20.76,20.76,0.0,178.659118,0.0
2019-02-25,8,0,42,0.0,0.0,0.0,0.0,0.0
2019-02-25,8,0,43,0.0,0.0,0.0,0.0,0.0
2019-02-25,8,0,46,0.0,0.0,0.0,0.0,0.0
2019-02-25,8,0,52,9.94,9.94,0.0,81.279341,0.0
2019-02-25,8,0,53,15.8,15.8,0.0,129.196537,0.0
2019-02-25,8,0,55,54.54,54.54,0.0,446.396994,0.0
2019-02-25,8,0,56,0.0,0.0,0.0,0.0,0.0
2019-02-25,8,0,57,0.0,0.0,0.0,0.0,0.0
2019-02-25,8,0,58,0.0,0.0,0.0,0.0,0.0
2019-02-25,8,0,59,0.0,0.0,0.0,0.0,0.0
2019-02-25,8,0,63,26.78,26.78,0.0,681.380406,0.0
2019-02-25,8,0,64,31.48,31.48,0.0,800.965466,0.0
2019-02-25,8,0,65,8.32,8.32,0.0,79.956804,0.0
2019-02-25,8,0,67,0.0,0.0,0.0,-0.0,0.0
2019-02-25,8,0,68,1.86,1.86,0.0,3.950807,0.0
2019-02-25,8,0,69,0.0,0.0,0.0,0.0,0.0
2019-02-25,8,0,74,16.61,16.61,0.0,153.682142,0.0
2019-02-25,8,0,77,57.39,57.39,0.0,427.079015,0.0
2019-02-25,8,0,78,43.33,43.33,0.0,322.448749,0.0
2019-02-25,8,0,79,24.99,24.99,0.0,185.968018,0.0
2019-02-25,8,0,80,40.54,40.54,0.0,301.686413,0.0
2019-02-25,8,0,81,53.07,53.07,0.0,394.930882,0.0
2019-02-25,8,0,82,37.37,37.37,0.0,278.096233,0.0
2019-02-25,8,0,83,83.61,83.61,0.0,622.200321,0.0
2019-02-25,8,0,84,0.0,0.0,0.0,0.0,0.0
2019-02-25,8,0,86,0.0,0.0,0.0,0.0,0.0
2019-02-25,8,0,87,0.0,0.0,0.0,0.0,0.0
2019-02-25,8,0,88,51.97,51.97,0.0,386.745015,0.0
2019-02-25,8,0,89,50.16,50.16,0.0,373.275543,0.0
2019-02-25,8,0,90,65.45,65.45,0.0,487.059096,0.0
2019-02-25,8,0,91,205.17,205.17,0.0,1526.813059,0.0
2019-02-25,8,0,92,82.1,82.1,0.0,610.963358,0.0
2019-02-25,8,0,95,9.7,9.7,0.0,217.568445,0.0
2019-02-25,8,0,96,6.75,6.75,0.0,55.139929,0.0
2019-02-25,8,0,97,41.51,41.51,0.0,339.090142,0.0
2019-02-25,8,0,99,3.21,3.21,0.0,29.700161,0.0
2019-02-25,8,0,101,0.0,0.0,0.0,0.0,0.0
2019-02-25,8,0,102,4.4,4.4,0.0,9.345994,0.0
2019-02-25,8,0,103,3.82,3.82,0.0,8.114022,0.0
2019-02-25,8,0,104,0.71,0.71,0.0,1.508104,0.0
2019-02-25,8,0,106,0.0,0.0,0.0,0.0,0.0
2019-02-25,8,0,109,84.24,84.24,0.0,744.970956,0.0
2019-02-25,8,0,110,326.69,326.69,0.0,-7703.079682,0.0
2019-02-25,8,0,111,0.0,0.0,0.0,0.0,0.0
2019-02-25,8,0,113,44.93,44.93,0.0,384.875107,0.0
2019-02-25,8,0,115,44.93,44.93,0.0,384.875107,0.0
2019-02-25,8,0,116,0.0,0.0,0.0,-0.0,0.0
2019-02-25,8,0,117,2.33,2.33,0.0,19.959025,0.0
2019-02-25,8,0,119,31.48,31.48,0.0,800.965466,0.0
2019-02-25,8,0,120,18.57,18.57,0.0,472.488206,0.0
2019-02-25,8,0,123,0.0,0.0,0.0,0.0,0.0
2019-02-25,8,0,125,59.7,59.7,0.0,488.630372,0.0
2019-02-25,8,0,126,0.0,0.0,0.0,0.0,0.0
2019-02-25,8,0,127,0.0,0.0,0.0,0.0,0.0
2019-02-25,8,0,128,85.5,85.5,0.0,699.797267,0.0
2019-02-25,8,0,131,8.0,8.0,0.0,30.511204,0.0
2019-02-25,8,0,132,11.76,11.76,0.0,44.85147,0.0
2019-02-25,8,0,133,27.39,27.39,0.0,263.614044,0.0
2019-02-25,8,0,134,0.0,0.0,0.0,0.0,0.0
2019-02-25,8,0,135,36.7,36.7,0.0,353.217795,0.0
2019-02-25,8,0,136,11.0,11.0,0.0,105.704246,0.0
2019-02-25,8,0,139,26.81,26.81,0.0,230.724998,0.0
2019-02-25,8,0,140,241.79,241.79,0.0,-5701.207984,0.0
2019-02-25,8,0,141,81.04,81.04,0.0,-340.623325,0.0
2019-02-25,8,0,142,0.0,0.0,0.0,-0.0,0.0
2019-02-25,8,0,143,13.57,13.57,0.0,110.961836,0.0
2019-02-25,8,0,145,7.85,7.85,0.0,66.133722,0.0
2019-02-25,8,0,146,268.0,268.0,0.0,-6319.21808,0.0
2019-02-25,8,0,152,0.0,0.0,0.0,0.0,0.0
2019-02-25,8,0,153,0.0,0.0,0.0,0.0,0.0
2019-02-25,8,0,154,0.0,0.0,0.0,0.0,0.0
2019-02-25,8,0,157,201.48,201.48,0.0,-846.850784,0.0
2019-02-25,8,0,158,0.0,0.0,0.0,-0.0,0.0
2019-02-25,8,0,159,0.0,0.0,0.0,0.0,0.0
2019-02-25,8,0,160,0.0,0.0,0.0,0.0,0.0
2019-02-25,8,0,161,0.0,0.0,0.0,0.0,0.0
2019-02-25,8,0,162,6.24,6.24,0.0,140.160601,0.0
2019-02-25,8,0,163,36.77,36.77,0.0,-867.006152,0.0
2019-02-25,8,0,164,0.0,0.0,0.0,0.0,0.0
2019-02-25,8,0,167,0.0,0.0,0.0,0.0,0.0
2019-02-25,8,0,168,0.0,0.0,0.0,0.0,0.0
2019-02-25,8,0,169,0.0,0.0,0.0,0.0,0.0
2019-02-25,8,0,170,0.0,0.0,0.0,0.0,0.0
2019-02-25,8,0,172,0.0,0.0,0.0,0.0,0.0
2019-02-25,8,0,173,0.0,0.0,0.0,0.0,0.0
2019-02-25,8,0,188,0.0,0.0,0.0,0.0,0.0
2019-02-25,8,0,190,0.0,0.0,0.0,0.0,0.0
2019-02-25,8,0,191,0.0,0.0,0.0,0.0,0.0
2019-02-25,8,0,192,38.74,38.74,0.0,985.686219,0.0
2019-02-25,8,0,194,81.07,81.07,0.0,1161.321379,0.0
2019-02-25,8,0,196,0.0,0.0,0.0,0.0,0.0
2019-02-25,8,0,198,0.0,0.0,0.0,0.0,0.0
2019-02-25,8,0,199,4.01,4.01,0.0,49.328427,0.0
2019-02-25,8,0,200,0.0,0.0,0.0,0.0,0.0
2019-02-25,8,0,204,363.2,363.2,0.0,3198.087403,0.0
2019-02-25,8,0,205,445.64,445.64,0.0,3940.988331,0.0
2019-02-25,8,0,206,121.97,121.97,0.0,996.358098,0.0
2019-02-25,8,0,210,0.03,0.03,0.0,0.25795,0.0
2019-02-25,8,0,214,0.03,0.03,0.0,0.304173,0.0
2019-02-25,8,0,217,0.09,0.09,0.0,0.849855,0.0
2019-02-25,8,0,218,0.13,0.13,0.0,1.227568,0.0
2019-02-25,8,0,219,0.09,0.09,0.0,0.849855,0.0
2019-02-25,8,0,221,0.02,0.02,0.0,0.202782,0.0
2019-02-25,8,0,225,0.11,0.11,0.0,0.927469,0.0
2019-02-25,8,0,233,0.0,0.0,0.0,0.0,0.0
2019-02-25,8,0,236,28.82,28.82,0.0,272.157832,0.0
2019-02-25,8,0,237,39.85,39.85,0.0,368.707608,0.0
2019-02-25,8,0,238,0.0,0.0,0.0,0.0,0.0
2019-02-25,8,0,240,0.0,0.0,0.0,0.0,0.0
2019-02-25,8,0,245,54.72,54.72,0.0,529.207625,0.0
2019-02-25,8,0,247,46.33,46.33,0.0,448.066324,0.0
2019-02-25,8,0,248,4.0,4.0,0.0,37.009547,0.0
2019-02-25,8,0,249,105.23,105.23,0.0,1017.699532,0.0
2019-02-25,8,0,251,87.97,87.97,0.0,843.525044,0.0
2019-02-25,8,0,252,53.66,53.66,0.0,515.682947,0.0
2019-02-25,8,0,254,0.0,0.0,0.0,0.0,0.0
2019-02-25,8,0,255,0.0,0.0,0.0,0.0,0.0
2019-02-25,8,0,258,0.0,0.0,0.0,0.0,0.0
2019-02-25,8,0,260,0.0,0.0,0.0,0.0,0.0
2019-02-25,8,0,265,0.0,0.0,0.0,0.0,0.0
2019-02-25,8,0,266,17.36,17.36,0.0,149.398955,0.0
2019-02-25,8,0,267,21.33,21.33,0.0,183.564499,0.0
2019-02-25,8,0,270,114.83,114.83,0.0,-2707.596314,0.0
2019-02-25,8,0,272,155.54,155.54,0.0,1332.372003,0.0
2019-02-25,8,0,273,0.0,0.0,0.0,-0.0,0.0
2019-02-25,8,0,274,148.03,148.03,0.0,-3490.424822,0.0
2019-02-25,8,0,275,206.05,206.05,0.0,-4858.488379,0.0
2019-02-25,8,0,276,0.0,0.0,0.0,-0.0,0.0
2019-02-25,8,0,277,0.0,0.0,0.0,0.0,0.0
2019-02-25,8,0,278,0.0,0.0,0.0,0.0,0.0
2019-02-25,8,0,279,54.1,54.1,0.0,439.038378,0.0
2019-02-25,8,0,281,4.21,4.21,0.0,34.425153,0.0
2019-02-25,8,0,282,0.0,0.0,0.0,0.0,0.0
2019-02-25,9,0,9,0.67,0.67,0.0,2.977134,0.0
2019-02-25,9,0,17,9.67,9.67,0.0,95.026338,0.0
2019-02-25,9,0,19,440.59,440.59,0.0,4329.643662,0.0
2019-02-25,9,0,20,547.1,547.1,0.0,5376.309148,0.0
2019-02-25,9,0,21,15.4,15.4,0.0,68.429655,0.0
2019-02-25,9,0,22,54.74,54.74,0.0,243.236318,0.0
2019-02-25,9,0,23,53.57,53.57,0.0,238.037442,0.0
2019-02-25,9,0,24,94.78,94.78,0.0,421.15342,0.0
2019-02-25,9,0,29,1.97,1.97,0.0,15.399683,0.0
2019-02-25,9,0,30,113.57,113.57,0.0,501.081445,0.0
2019-02-25,9,0,31,11.94,11.94,0.0,52.680395,0.0
2019-02-25,9,0,32,1.63,1.63,0.0,36.629497,0.0
2019-02-25,9,0,33,0.68,0.68,0.0,7.424166,0.0
2019-02-25,9,0,34,1.09,1.09,0.0,11.900501,0.0
2019-02-25,9,0,35,1.09,1.09,0.0,11.900501,0.0
2019-02-25,9,0,36,2.77,2.77,0.0,22.161787,0.0
2019-02-25,9,0,37,1.32,1.32,0.0,10.502158,0.0
2019-02-25,9,0,38,1.7,1.7,0.0,13.525507,0.0
2019-02-25,9,0,39,1.13,1.13,0.0,8.990484,0.0
2019-02-25,9,0,40,1.13,1.13,0.0,8.990484,0.0
2019-02-25,9,0,41,32.1,32.1,0.0,196.201114,0.0
2019-02-25,9,0,42,15.12,15.12,0.0,145.007429,0.0
2019-02-25,9,0,43,8.65,8.65,0.0,70.174644,0.0
2019-02-25,9,0,46,7.58,7.58,0.0,57.598822,0.0
2019-02-25,9,0,52,12.67,12.67,0.0,55.901223,0.0
2019-02-25,9,0,53,20.24,20.24,0.0,89.30077,0.0
2019-02-25,9,0,55,66.8,66.8,0.0,296.824736,0.0
2019-02-25,9,0,56,33.5,33.5,0.0,147.805128,0.0
2019-02-25,9,0,57,31.86,31.86,0.0,140.569295,0.0
2019-02-25,9,0,58,61.28,61.28,0.0,270.373082,0.0
2019-02-25,9,0,59,60.26,60.26,0.0,265.872747,0.0
2019-02-25,9,0,63,18.23,18.23,0.0,485.2386,0.0
2019-02-25,9,0,64,21.45,21.45,0.0,570.947228,0.0
2019-02-25,9,0,65,12.63,12.63,0.0,123.559196,0.0
2019-02-25,9,0,67,67.39,67.39,0.0,-1092.018801,0.0
2019-02-25,9,0,68,5.53,5.53,0.0,-36.995993,0.0
2019-02-25,9,0,69,0.68,0.68,0.0,7.424166,0.0
2019-02-25,9,0,74,24.8,24.8,0.0,212.313799,0.0
2019-02-25,9,0,77,37.72,37.72,0.0,54.060057,0.0
2019-02-25,9,0,78,28.52,28.52,0.0,40.874678,0.0
2019-02-25,9,0,79,16.5,16.5,0.0,23.647692,0.0
2019-02-25,9,0,80,26.69,26.69,0.0,38.251934,0.0
2019-02-25,9,0,81,34.9,34.9,0.0,50.018452,0.0
2019-02-25,9,0,82,24.62,24.62,0.0,35.285223,0.0
2019-02-25,9,0,83,54.89,54.89,0.0,78.667989,0.0
2019-02-25,9,0,84,0.0,0.0,0.0,0.0,0.0
2019-02-25,9,0,86,3.44,3.44,0.0,37.557545,0.0
2019-02-25,9,0,87,17.58,17.58,0.0,191.936522,0.0
2019-02-25,9,0,88,111.41,111.41,0.0,159.672084,0.0
2019-02-25,9,0,89,106.41,106.41,0.0,152.506116,0.0
2019-02-25,9,0,90,149.37,149.37,0.0,214.076108,0.0
2019-02-25,9,0,91,561.27,561.27,0.0,804.408495,0.0
2019-02-25,9,0,92,197.48,197.48,0.0,283.027045,0.0
2019-02-25,9,0,95,11.89,11.89,0.0,231.210322,0.0
2019-02-25,9,0,96,9.45,9.45,0.0,41.384262,0.0
2019-02-25,9,0,97,58.12,58.12,0.0,254.524162,0.0
2019-02-25,9,0,99,4.79,4.79,0.0,41.007383,0.0
2019-02-25,9,0,101,2.29,2.29,0.0,10.103694,0.0
2019-02-25,9,0,102,13.08,13.08,0.0,-87.505893,0.0
2019-02-25,9,0,103,11.37,11.37,0.0,-76.065902,0.0
2019-02-25,9,0,104,2.12,2.12,0.0,-14.182912,0.0
2019-02-25,9,0,106,53.88,53.88,0.0,239.414922,0.0
2019-02-25,9,0,109,126.28,126.28,0.0,900.588159,0.0
2019-02-25,9,0,110,338.6,338.6,0.0,-15352.332048,0.0
2019-02-25,9,0,111,4.33,4.33,0.0,26.465758,0.0
2019-02-25,9,0,113,42.48,42.48,0.0,114.983047,0.0
2019-02-25,9,0,115,42.48,42.48,0.0,114.983047,0.0
2019-02-25,9,0,116,30.73,30.73,0.0,-1393.317082,0.0
2019-02-25,9,0,117,2.89,2.89,0.0,7.822528,0.0
2019-02-25,9,0,119,21.45,21.45,0.0,570.947228,0.0
2019-02-25,9,0,120,12.61,12.61,0.0,335.647764,0.0
2019-02-25,9,0,123,0.9,0.9,0.0,3.999136,0.0
2019-02-25,9,0,125,85.77,85.77,0.0,381.117629,0.0
2019-02-25,9,0,126,40.41,40.41,0.0,179.561191,0.0
2019-02-25,9,0,127,51.86,51.86,0.0,230.439084,0.0
2019-02-25,9,0,128,122.84,122.84,0.0,545.837583,0.0
2019-02-25,9,0,131,11.97,11.97,0.0,-49.664092,0.0
2019-02-25,9,0,132,17.59,17.59,0.0,-72.981735,0.0
2019-02-25,9,0,133,36.47,36.47,0.0,358.538797,0.0
2019-02-25,9,0,134,0.0,0.0,0.0,0.0,0.0
2019-02-25,9,0,135,48.87,48.87,0.0,480.443954,0.0
2019-02-25,9,0,136,14.35,14.35,0.0,140.351336,0.0
2019-02-25,9,0,139,41.45,41.45,0.0,253.350037,0.0
2019-02-25,9,0,140,250.6,250.6,0.0,-11362.357978,0.0
2019-02-25,9,0,141,113.32,113.32,0.0,-1836.289814,0.0
2019-02-25,9,0,142,88.86,88.86,0.0,-1439.928634,0.0
2019-02-25,9,0,143,21.37,21.37,0.0,94.286436,0.0
2019-02-25,9,0,145,10.4,10.4,0.0,56.390776,0.0
2019-02-25,9,0,146,268.0,268.0,0.0,-12151.284669,0.0
2019-02-25,9,0,152,2.0,2.0,0.0,17.142712,0.0
2019-02-25,9,0,153,2.51,2.51,0.0,21.371308,0.0
2019-02-25,9,0,154,17.85,17.85,0.0,109.102489,0.0
2019-02-25,9,0,157,220.5,220.5,0.0,-3573.084221,0.0
2019-02-25,9,0,158,50.13,50.13,0.0,-812.32976,0.0
2019-02-25,9,0,159,0.0,0.0,0.0,0.0,0.0
2019-02-25,9,0,160,0.69,0.69,0.0,5.978348,0.0
2019-02-25,9,0,161,14.17,14.17,0.0,-94.79805,0.0
2019-02-25,9,0,162,6.38,6.38,0.0,124.385871,0.0
2019-02-25,9,0,163,46.07,46.07,0.0,-2088.842107,0.0
2019-02-25,9,0,164,3.94,3.94,0.0,17.383648,0.0
2019-02-25,9,0,167,1.89,1.89,0.0,36.270162,0.0
2019-02-25,9,0,168,0.94,0.94,0.0,18.039128,0.0
2019-02-25,9,0,169,0.0,0.0,0.0,0.0,0.0
2019-02-25,9,0,170,2.07,2.07,0.0,39.724463,0.0
2019-02-25,9,0,172,2.35,2.35,0.0,47.259479,0.0
2019-02-25,9,0,173,3.58,3.58,0.0,71.995291,0.0
2019-02-25,9,0,188,3.3,3.3,0.0,68.813441,0.0
2019-02-25,9,0,190,2.66,2.66,0.0,70.80278,0.0
2019-02-25,9,0,191,6.87,6.87,0.0,182.862818,0.0
2019-02-25,9,0,192,34.99,34.99,0.0,931.349347,0.0
2019-02-25,9,0,194,91.36,91.36,0.0,1002.870932,0.0
2019-02-25,9,0,196,1.68,1.68,0.0,61.534327,0.0
2019-02-25,9,0,198,3.08,3.08,0.0,28.89869,0.0
2019-02-25,9,0,199,3.94,3.94,0.0,44.094598,0.0
2019-02-25,9,0,200,5.63,5.63,0.0,63.008271,0.0
2019-02-25,9,0,204,327.52,327.52,0.0,2290.242795,0.0
2019-02-25,9,0,205,711.23,711.23,0.0,5072.262564,0.0
2019-02-25,9,0,206,170.77,170.77,0.0,747.850844,0.0
2019-02-25,9,0,210,0.55,0.55,0.0,4.477885,0.0
2019-02-25,9,0,214,3.49,3.49,0.0,40.358284,0.0
2019-02-25,9,0,217,2.42,2.42,0.0,24.385561,0.0
2019-02-25,9,0,218,3.35,3.35,0.0,33.756872,0.0
2019-02-25,9,0,219,2.28,2.28,0.0,22.974826,0.0
2019-02-25,9,0,221,1.86,1.86,0.0,21.509,0.0
2019-02-25,9,0,225,1.75,1.75,0.0,13.625078,0.0
2019-02-25,9,0,233,1.95,1.95,0.0,21.289887,0.0
2019-02-25,9,0,236,44.33,44.33,0.0,408.883208,0.0
2019-02-25,9,0,237,59.48,59.48,0.0,509.210677,0.0
2019-02-25,9,0,238,19.68,19.68,0.0,188.739829,0.0
2019-02-25,9,0,240,3.14,3.14,0.0,25.122026,0.0
2019-02-25,9,0,245,68.66,68.66,0.0,685.807979,0.0
2019-02-25,9,0,247,72.62,72.62,0.0,725.362299,0.0
2019-02-25,9,0,248,5.97,5.97,0.0,51.109411,0.0
2019-02-25,9,0,249,132.03,132.03,0.0,1318.776981,0.0
2019-02-25,9,0,251,134.2,134.2,0.0,1303.198387,0.0
2019-02-25,9,0,252,81.5,81.5,0.0,797.313891,0.0
2019-02-25,9,0,254,4.68,4.68,0.0,38.615105,0.0
2019-02-25,9,0,255,2.15,2.15,0.0,17.739845,0.0
2019-02-25,9,0,258,3.9,3.9,0.0,31.273082,0.0
2019-02-25,9,0,260,1.68,1.68,0.0,14.555978,0.0
2019-02-25,9,0,265,18.48,18.48,0.0,112.953165,0.0
2019-02-25,9,0,266,26.84,26.84,0.0,164.051025,0.0
2019-02-25,9,0,267,32.98,32.98,0.0,201.579836,0.0
2019-02-25,9,0,270,143.86,143.86,0.0,-6522.700793,0.0
2019-02-25,9,0,272,141.76,141.76,0.0,383.709905,0.0
2019-02-25,9,0,273,7.35,7.35,0.0,-333.253516,0.0
2019-02-25,9,0,274,185.45,185.45,0.0,-8408.416947,0.0
2019-02-25,9,0,275,258.15,258.15,0.0,-11704.679617,0.0
2019-02-25,9,0,276,1.64,1.64,0.0,-63.689608,0.0
2019-02-25,9,0,277,2.05,2.05,0.0,4.502138,0.0
2019-02-25,9,0,278,3.28,3.28,0.0,7.203421,0.0
2019-02-25,9,0,279,89.76,89.76,0.0,197.127767,0.0
2019-02-25,9,0,281,5.32,5.32,0.0,23.472337,0.0
2019-02-25,9,0,282,62.3,62.3,0.0,274.873418,0.0
2019-02-25,10,0,9,1.78,1.78,0.0,2.251679,0.0
2019-02-25,10,0,17,18.59,18.59,0.0,154.101071,0.0
2019-02-25,10,0,19,349.46,349.46,0.0,2896.834867,0.0
2019-02-25,10,0,20,433.01,433.01,0.0,3589.419292,0.0
2019-02-25,10,0,21,40.74,40.74,0.0,51.535609,0.0
2019-02-25,10,0,22,144.77,144.77,0.0,183.132304,0.0
2019-02-25,10,0,23,76.87,76.87,0.0,97.239623,0.0
2019-02-25,10,0,24,136.01,136.01,0.0,172.051009,0.0
2019-02-25,10,0,29,3.33,3.33,0.0,21.468095,0.0
2019-02-25,10,0,30,329.71,329.71,0.0,403.395415,0.0
2019-02-25,10,0,31,24.51,24.51,0.0,29.98763,0.0
2019-02-25,10,0,32,3.37,3.37,0.0,71.460066,0.0
2019-02-25,10,0,33,1.31,1.31,0.0,12.686908,0.0
2019-02-25,10,0,34,2.1,2.1,0.0,20.337791,0.0
2019-02-25,10,0,35,2.1,2.1,0.0,20.337791,0.0
2019-02-25,10,0,36,5.82,5.82,0.0,34.822938,0.0
2019-02-25,10,0,37,2.76,2.76,0.0,16.370134,0.0
2019-02-25,10,0,38,3.54,3.54,0.0,20.996477,0.0
2019-02-25,10,0,39,2.36,2.36,0.0,13.997651,0.0
2019-02-25,10,0,40,2.36,2.36,0.0,13.997651,0.0
2019-02-25,10,0,41,34.8,34.8,0.0,120.546725,0.0
2019-02-25,10,0,42,30.2,30.2,0.0,241.208294,0.0
2019-02-25,10,0,43,17.89,17.89,0.0,110.185053,0.0
2019-02-25,10,0,46,16.14,16.14,0.0,88.189387,0.0
2019-02-25,10,0,52,26.0,26.0,0.0,31.810624,0.0
2019-02-25,10,0,53,41.46,41.46,0.0,50.72571,0.0
2019-02-25,10,0,55,84.53,84.53,0.0,106.92943,0.0
2019-02-25,10,0,56,97.25,97.25,0.0,118.983968,0.0
2019-02-25,10,0,57,92.51,92.51,0.0,113.184647,0.0
2019-02-25,10,0,58,177.9,177.9,0.0,217.658077,0.0
2019-02-25,10,0,59,174.94,174.94,0.0,214.036559,0.0
2019-02-25,10,0,63,23.93,23.93,0.0,650.635642,0.0
2019-02-25,10,0,64,28.16,28.16,0.0,765.645619,0.0
2019-02-25,10,0,65,18.48,18.48,0.0,152.151021,0.0
2019-02-25,10,0,67,193.34,193.34,0.0,-4614.697717,0.0
2019-02-25,10,0,68,15.66,15.66,0.0,-195.309552,0.0
2019-02-25,10,0,69,1.31,1.31,0.0,12.686908,0.0
2019-02-25,10,0,74,57.53,57.53,0.0,383.508126,0.0
2019-02-25,10,0,77,57.99,57.99,0.0,-157.533801,0.0
2019-02-25,10,0,78,43.84,43.84,0.0,-119.094358,0.0
2019-02-25,10,0,79,25.37,25.37,0.0,-68.91934,0.0
2019-02-25,10,0,80,41.03,41.03,0.0,-111.460801,0.0
2019-02-25,10,0,81,53.64,53.64,0.0,-145.716728,0.0
2019-02-25,10,0,82,37.84,37.84,0.0,-102.794948,0.0
2019-02-25,10,0,83,84.38,84.38,0.0,-229.224041,0.0
2019-02-25,10,0,84,0.0,0.0,0.0,0.0,0.0
2019-02-25,10,0,86,6.66,6.66,0.0,64.499853,0.0
2019-02-25,10,0,87,34.01,34.01,0.0,329.375374,0.0
2019-02-25,10,0,88,103.48,103.48,0.0,-281.110497,0.0
2019-02-25,10,0,89,99.0,99.0,0.0,-268.940271,0.0
2019-02-25,10,0,90,137.47,137.47,0.0,-373.446657,0.0
2019-02-25,10,0,91,509.29,509.29,0.0,-1383.521115,0.0
2019-02-25,10,0,92,180.45,180.45,0.0,-490.204766,0.0
2019-02-25,10,0,95,38.9,38.9,0.0,834.127129,0.0
2019-02-25,10,0,96,13.06,13.06,0.0,15.412255,0.0
2019-02-25,10,0,97,80.34,80.34,0.0,94.810153,0.0
2019-02-25,10,0,99,11.83,11.83,0.0,78.861483,0.0
2019-02-25,10,0,101,6.64,6.64,0.0,8.123944,0.0
2019-02-25,10,0,102,37.08,37.08,0.0,-462.457101,0.0
2019-02-25,10,0,103,32.24,32.24,0.0,-402.093229,0.0
2019-02-25,10,0,104,5.99,5.99,0.0,-74.706527,0.0
2019-02-25,10,0,106,142.52,142.52,0.0,180.286081,0.0
2019-02-25,10,0,109,171.07,171.07,0.0,825.378358,0.0
2019-02-25,10,0,110,338.6,338.6,0.0,-19898.774312,0.0
2019-02-25,10,0,111,10.12,10.12,0.0,35.055542,0.0
2019-02-25,10,0,113,115.32,115.32,0.0,-146.908949,0.0
2019-02-25,10,0,115,115.32,115.32,0.0,-146.908949,0.0
2019-02-25,10,0,116,73.17,73.17,0.0,-4300.039328,0.0
2019-02-25,10,0,117,7.69,7.69,0.0,-9.796478,0.0
2019-02-25,10,0,119,28.16,28.16,0.0,765.645619,0.0
2019-02-25,10,0,120,16.56,16.56,0.0,450.251827,0.0
2019-02-25,10,0,123,2.38,2.38,0.0,3.010671,0.0
2019-02-25,10,0,125,123.08,123.08,0.0,155.694715,0.0
2019-02-25,10,0,126,106.89,106.89,0.0,135.214561,0.0
2019-02-25,10,0,127,137.17,137.17,0.0,173.518395,0.0
2019-02-25,10,0,128,176.28,176.28,0.0,222.992074,0.0
2019-02-25,10,0,131,23.94,23.94,0.0,-225.712048,0.0
2019-02-25,10,0,132,38.62,38.62,0.0,-364.1186,0.0
2019-02-25,10,0,133,41.94,41.94,0.0,347.881963,0.0
2019-02-25,10,0,134,0.0,0.0,0.0,0.0,0.0
2019-02-25,10,0,135,56.2,56.2,0.0,466.165148,0.0
2019-02-25,10,0,136,18.59,18.59,0.0,152.999347,0.0
2019-02-25,10,0,139,44.94,44.94,0.0,155.671547,0.0
2019-02-25,10,0,140,250.6,250.6,0.0,-14727.208632,0.0
2019-02-25,10,0,141,159.17,159.17,0.0,-3799.117801,0.0
2019-02-25,10,0,142,254.97,254.97,0.0,-6085.701236,0.0
2019-02-25,10,0,143,32.11,32.11,0.0,39.286121,0.0
2019-02-25,10,0,145,25.4,25.4,0.0,65.047728,0.0
2019-02-25,10,0,146,268.0,268.0,0.0,-15749.768209,0.0
2019-02-25,10,0,152,4.22,4.22,0.0,28.216713,0.0
2019-02-25,10,0,153,5.29,5.29,0.0,34.987233,0.0
2019-02-25,10,0,154,41.73,41.73,0.0,144.55215,0.0
2019-02-25,10,0,157,241.17,241.17,0.0,-5756.318653,0.0
2019-02-25,10,0,158,169.9,169.9,0.0,-4055.224693,0.0
2019-02-25,10,0,159,0.0,0.0,0.0,0.0,0.0
2019-02-25,10,0,160,1.41,1.41,0.0,9.782088,0.0
2019-02-25,10,0,161,36.64,36.64,0.0,-456.969476,0.0
2019-02-25,10,0,162,14.74,14.74,0.0,317.010449,0.0
2019-02-25,10,0,163,34.36,34.36,0.0,-2019.261327,0.0
2019-02-25,10,0,164,12.5,12.5,0.0,15.293569,0.0
2019-02-25,10,0,167,3.85,3.85,0.0,81.905399,0.0
2019-02-25,10,0,168,1.92,1.92,0.0,40.846329,0.0
2019-02-25,10,0,169,0.0,0.0,0.0,0.0,0.0
2019-02-25,10,0,170,4.21,4.21,0.0,89.564086,0.0
2019-02-25,10,0,172,4.88,4.88,0.0,95.407605,0.0
2019-02-25,10,0,173,7.44,7.44,0.0,145.457496,0.0
2019-02-25,10,0,188,6.87,6.87,0.0,138.483748,0.0
2019-02-25,10,0,190,6.04,6.04,0.0,164.222285,0.0
2019-02-25,10,0,191,15.61,15.61,0.0,424.422163,0.0
2019-02-25,10,0,192,33.89,33.89,0.0,921.439277,0.0
2019-02-25,10,0,194,52.95,52.95,0.0,452.99261,0.0
2019-02-25,10,0,196,3.88,3.88,0.0,151.832144,0.0
2019-02-25,10,0,198,6.26,6.26,0.0,50.195543,0.0
2019-02-25,10,0,199,4.53,4.53,0.0,46.342797,0.0
2019-02-25,10,0,200,11.82,11.82,0.0,120.92094,0.0
2019-02-25,10,0,204,257.1,257.1,0.0,1194.0488,0.0
2019-02-25,10,0,205,1010.31,1010.31,0.0,4874.542635,0.0
2019-02-25,10,0,206,236.07,236.07,0.0,278.588907,0.0
2019-02-25,10,0,210,1.11,1.11,0.0,7.597134,0.0
2019-02-25,10,0,214,5.68,5.68,0.0,59.701143,0.0
2019-02-25,10,0,217,3.86,3.86,0.0,34.429079,0.0
2019-02-25,10,0,218,5.33,5.33,0.0,47.540671,0.0
2019-02-25,10,0,219,3.63,3.63,0.0,32.377605,0.0
2019-02-25,10,0,221,3.03,3.03,0.0,31.847617,0.0
2019-02-25,10,0,225,2.94,2.94,0.0,18.840985,0.0
2019-02-25,10,0,233,3.77,3.77,0.0,36.511178,0.0
2019-02-25,10,0,236,64.27,64.27,0.0,483.219828,0.0
2019-02-25,10,0,237,134.43,134.43,0.0,896.141098,0.0
2019-02-25,10,0,238,39.3,39.3,0.0,313.890264,0.0
2019-02-25,10,0,240,6.59,6.59,0.0,39.430097,0.0
2019-02-25,10,0,245,78.0,78.0,0.0,662.692013,0.0
2019-02-25,10,0,247,107.7,107.7,0.0,915.024741,0.0
2019-02-25,10,0,248,14.67,14.67,0.0,97.793572,0.0
2019-02-25,10,0,249,150.0,150.0,0.0,1274.407718,0.0
2019-02-25,10,0,251,194.82,194.82,0.0,1586.037771,0.0
2019-02-25,10,0,252,119.22,119.22,0.0,981.571682,0.0
2019-02-25,10,0,254,9.43,9.43,0.0,59.922123,0.0
2019-02-25,10,0,255,4.32,4.32,0.0,27.451068,0.0
2019-02-25,10,0,258,8.15,8.15,0.0,48.995363,0.0
2019-02-25,10,0,260,3.43,3.43,0.0,23.796144,0.0
2019-02-25,10,0,265,43.2,43.2,0.0,149.64421,0.0
2019-02-25,10,0,266,29.1,29.1,0.0,100.802003,0.0
2019-02-25,10,0,267,35.76,35.76,0.0,123.872152,0.0
2019-02-25,10,0,270,107.25,107.25,0.0,-6302.845673,0.0
2019-02-25,10,0,272,385.42,385.42,0.0,-490.9959,0.0
2019-02-25,10,0,273,17.5,17.5,0.0,-1028.436357,0.0
2019-02-25,10,0,274,138.25,138.25,0.0,-8124.64722,0.0
2019-02-25,10,0,275,192.44,192.44,0.0,-11309.273859,0.0
2019-02-25,10,0,276,3.88,3.88,0.0,-197.784834,0.0
2019-02-25,10,0,277,4.78,4.78,0.0,-8.854011,0.0
2019-02-25,10,0,278,7.65,7.65,0.0,-14.170122,0.0
2019-02-25,10,0,279,144.98,144.98,0.0,-268.546975,0.0
2019-02-25,10,0,281,10.93,10.93,0.0,13.372697,0.0
2019-02-25,10,0,282,180.87,180.87,0.0,221.291829,0.0
2019-02-25,11,0,9,2.67,2.67,0.0,-24.962183,0.0
2019-02-25,11,0,17,28.19,28.19,0.0,188.770641,0.0
2019-02-25,11,0,19,192.99,192.99,0.0,1292.332245,0.0
2019-02-25,11,0,20,234.06,234.06,0.0,1567.352118,0.0
2019-02-25,11,0,21,60.94,60.94,0.0,-569.736108,0.0
2019-02-25,11,0,22,216.59,216.59,0.0,-2024.928514,0.0
2019-02-25,11,0,23,61.07,61.07,0.0,-570.951495,0.0
2019-02-25,11,0,24,108.0,108.0,0.0,-1009.706263,0.0
2019-02-25,11,0,29,4.91,4.91,0.0,22.285007,0.0
2019-02-25,11,0,30,498.27,498.27,0.0,-4706.911808,0.0
2019-02-25,11,0,31,32.34,32.34,0.0,-305.500086,0.0
2019-02-25,11,0,32,5.09,5.09,0.0,252.475814,0.0
2019-02-25,11,0,33,2.01,2.01,0.0,19.595377,0.0
2019-02-25,11,0,34,3.21,3.21,0.0,31.29411,0.0
2019-02-25,11,0,35,3.21,3.21,0.0,31.29411,0.0
2019-02-25,11,0,36,8.78,8.78,0.0,15.744096,0.0
2019-02-25,11,0,37,4.23,4.23,0.0,7.200075,0.0
2019-02-25,11,0,38,5.44,5.44,0.0,9.259671,0.0
2019-02-25,11,0,39,3.63,3.63,0.0,6.178788,0.0
2019-02-25,11,0,40,3.63,3.63,0.0,6.178788,0.0
2019-02-25,11,0,41,34.8,34.8,0.0,-146.978186,0.0
2019-02-25,11,0,42,46.42,46.42,0.0,280.12974,0.0
2019-02-25,11,0,43,27.34,27.34,0.0,63.828326,0.0
2019-02-25,11,0,46,24.58,24.58,0.0,15.509486,0.0
2019-02-25,11,0,52,34.38,34.38,0.0,-324.770963,0.0
2019-02-25,11,0,53,55.99,55.99,0.0,-528.910013,0.0
2019-02-25,11,0,55,268.45,268.45,0.0,-2509.774503,0.0
2019-02-25,11,0,56,146.97,146.97,0.0,-1388.353359,0.0
2019-02-25,11,0,57,139.8,139.8,0.0,-1320.621893,0.0
2019-02-25,11,0,58,268.85,268.85,0.0,-2539.69382,0.0
2019-02-25,11,0,59,264.37,264.37,0.0,-2497.373461,0.0
2019-02-25,11,0,63,51.0,51.0,0.0,6006.590995,0.0
2019-02-25,11,0,64,60.0,60.0,0.0,7066.577641,0.0
2019-02-25,11,0,65,22.33,22.33,0.0,146.78518,0.0
2019-02-25,11,0,67,290.71,290.71,0.0,-160857.546502,0.0
2019-02-25,11,0,68,27.44,27.44,0.0,-11180.846691,0.0
2019-02-25,11,0,69,2.01,2.01,0.0,19.595377,0.0
2019-02-25,11,0,74,79.62,79.62,0.0,248.723361,0.0
2019-02-25,11,0,77,60.0,60.0,0.0,-17124.063837,0.0
2019-02-25,11,0,78,45.36,45.36,0.0,-12945.792261,0.0
2019-02-25,11,0,79,26.25,26.25,0.0,-7491.777929,0.0
2019-02-25,11,0,80,42.45,42.45,0.0,-12115.275165,0.0
2019-02-25,11,0,81,55.5,55.5,0.0,-15839.759049,0.0
2019-02-25,11,0,82,39.15,39.15,0.0,-11173.451654,0.0
2019-02-25,11,0,83,87.3,87.3,0.0,-24915.512883,0.0
2019-02-25,11,0,84,0.0,0.0,0.0,0.0,0.0
2019-02-25,11,0,86,10.18,10.18,0.0,99.244249,0.0
2019-02-25,11,0,87,51.97,51.97,0.0,506.652615,0.0
2019-02-25,11,0,88,51.18,51.18,0.0,-14606.826453,0.0
2019-02-25,11,0,89,49.2,49.2,0.0,-14041.732347,0.0
2019-02-25,11,0,90,66.06,66.06,0.0,-18853.594285,0.0
2019-02-25,11,0,91,235.65,235.65,0.0,-67254.760721,0.0
2019-02-25,11,0,92,84.75,84.75,0.0,-24187.74017,0.0
2019-02-25,11,0,95,70.49,70.49,0.0,1370.733018,0.0
2019-02-25,11,0,96,27.13,27.13,0.0,-259.044742,0.0
2019-02-25,11,0,97,199.41,199.41,0.0,-1904.021823,0.0
2019-02-25,11,0,99,17.09,17.09,0.0,53.387117,0.0
2019-02-25,11,0,101,10.04,10.04,0.0,-94.842946,0.0
2019-02-25,11,0,102,64.98,64.98,0.0,-26477.092492,0.0
2019-02-25,11,0,103,56.5,56.5,0.0,-23021.787101,0.0
2019-02-25,11,0,104,10.49,10.49,0.0,-4274.310561,0.0
2019-02-25,11,0,106,213.22,213.22,0.0,-1993.421939,0.0
2019-02-25,11,0,109,83.48,83.48,0.0,-80.990788,0.0
2019-02-25,11,0,110,338.6,338.6,0.0,-338600.0,0.0
2019-02-25,11,0,111,15.1,15.1,0.0,-63.775018,0.0
2019-02-25,11,0,113,84.2,84.2,0.0,-21703.858306,0.0
2019-02-25,11,0,115,84.2,84.2,0.0,-21703.858306,0.0
2019-02-25,11,0,116,107.56,107.56,0.0,-107560.0,0.0
2019-02-25,11,0,117,5.66,5.66,0.0,-1458.952946,0.0
2019-02-25,11,0,119,60.0,60.0,0.0,7066.577641,0.0
2019-02-25,11,0,120,35.28,35.28,0.0,4155.147653,0.0
2019-02-25,11,0,123,3.55,3.55,0.0,-33.189419,0.0
2019-02-25,11,0,125,97.74,97.74,0.0,-913.784168,0.0
2019-02-25,11,0,126,159.91,159.91,0.0,-1495.019708,0.0
2019-02-25,11,0,127,205.22,205.22,0.0,-1918.628882,0.0
2019-02-25,11,0,128,139.96,139.96,0.0,-1308.504524,0.0
2019-02-25,11,0,131,28.69,28.69,0.0,-10572.558031,0.0
2019-02-25,11,0,132,42.18,42.18,0.0,-15543.760814,0.0
2019-02-25,11,0,133,41.94,41.94,0.0,281.331407,0.0
2019-02-25,11,0,134,0.0,0.0,0.0,0.0,0.0
2019-02-25,11,0,135,56.2,56.2,0.0,376.986769,0.0
2019-02-25,11,0,136,22.77,22.77,0.0,149.52385,0.0
2019-02-25,11,0,139,44.94,44.94,0.0,-189.804589,0.0
2019-02-25,11,0,140,250.6,250.6,0.0,-250600.0,0.0
2019-02-25,11,0,141,214.37,214.37,0.0,-118616.601574,0.0
2019-02-25,11,0,142,383.38,383.38,0.0,-212134.313157,0.0
2019-02-25,11,0,143,32.17,32.17,0.0,-303.89418,0.0
2019-02-25,11,0,145,88.77,88.77,0.0,-559.182216,0.0
2019-02-25,11,0,146,268.0,268.0,0.0,-268000.0,0.0
2019-02-25,11,0,152,6.58,6.58,0.0,21.068974,0.0
2019-02-25,11,0,153,8.31,8.31,0.0,25.295752,0.0
2019-02-25,11,0,154,62.3,62.3,0.0,-263.124742,0.0
2019-02-25,11,0,157,250.0,250.0,0.0,-138331.624731,0.0
2019-02-25,11,0,158,264.15,264.15,0.0,-146161.194691,0.0
2019-02-25,11,0,159,0.0,0.0,0.0,0.0,0.0
2019-02-25,11,0,160,2.17,2.17,0.0,9.531715,0.0
2019-02-25,11,0,161,54.35,54.35,0.0,-22145.736795,0.0
2019-02-25,11,0,162,70.02,70.02,0.0,1416.956381,0.0
2019-02-25,11,0,163,128.9,128.9,0.0,-128900.0,0.0
2019-02-25,11,0,164,19.28,19.28,0.0,-182.128685,0.0
2019-02-25,11,0,167,5.66,5.66,0.0,91.109712,0.0
2019-02-25,11,0,168,2.83,2.83,0.0,45.554856,0.0
2019-02-25,11,0,169,0.0,0.0,0.0,0.0,0.0
2019-02-25,11,0,170,6.19,6.19,0.0,99.641187,0.0
2019-02-25,11,0,172,7.23,7.23,0.0,133.6958,0.0
2019-02-25,11,0,173,11.02,11.02,0.0,203.779767,0.0
2019-02-25,11,0,188,10.28,10.28,0.0,292.890224,0.0
2019-02-25,11,0,190,8.85,8.85,0.0,286.98388,0.0
2019-02-25,11,0,191,22.87,22.87,0.0,741.618231,0.0
2019-02-25,11,0,192,142.17,142.17,0.0,4610.225795,0.0
2019-02-25,11,0,194,52.95,52.95,0.0,-6534.4705,0.0
2019-02-25,11,0,196,5.73,5.73,0.0,1557.981201,0.0
2019-02-25,11,0,198,9.65,9.65,0.0,72.776141,0.0
2019-02-25,11,0,199,15.11,15.11,0.0,-520.682634,0.0
2019-02-25,11,0,200,17.93,17.93,0.0,-617.858348,0.0
2019-02-25,11,0,204,257.1,257.1,0.0,-354.383442,0.0
2019-02-25,11,0,205,545.8,545.8,0.0,-529.525297,0.0
2019-02-25,11,0,206,762.22,762.22,0.0,-7277.887336,0.0
2019-02-25,11,0,210,1.61,1.61,0.0,8.193152,0.0
2019-02-25,11,0,214,8.62,8.62,0.0,99.609453,0.0
2019-02-25,11,0,217,5.82,5.82,0.0,51.911202,0.0
2019-02-25,11,0,218,8.03,8.03,0.0,71.623188,0.0
2019-02-25,11,0,219,5.47,5.47,0.0,48.789395,0.0
2019-02-25,11,0,221,4.6,4.6,0.0,53.155857,0.0
2019-02-25,11,0,225,4.4,4.4,0.0,19.736473,0.0
2019-02-25,11,0,233,5.76,5.76,0.0,56.153917,0.0
2019-02-25,11,0,236,60.76,60.76,0.0,304.590679,0.0
2019-02-25,11,0,237,177.51,177.51,0.0,554.520018,0.0
2019-02-25,11,0,238,60.42,60.42,0.0,364.615228,0.0
2019-02-25,11,0,240,9.95,9.95,0.0,17.842113,0.0
2019-02-25,11,0,245,78.0,78.0,0.0,557.572948,0.0
2019-02-25,11,0,247,119.58,119.58,0.0,854.802219,0.0
2019-02-25,11,0,248,21.13,21.13,0.0,66.007594,0.0
2019-02-25,11,0,249,150.0,150.0,0.0,1072.255669,0.0
2019-02-25,11,0,251,229.86,229.86,0.0,1464.585733,0.0
2019-02-25,11,0,252,144.02,144.02,0.0,946.708539,0.0
2019-02-25,11,0,254,14.83,14.83,0.0,42.28046,0.0
2019-02-25,11,0,255,6.8,6.8,0.0,19.386859,0.0
2019-02-25,11,0,258,12.23,12.23,0.0,23.000026,0.0
2019-02-25,11,0,260,5.26,5.26,0.0,23.104525,0.0
2019-02-25,11,0,265,64.5,64.5,0.0,-272.416466,0.0
2019-02-25,11,0,266,29.1,29.1,0.0,-122.904173,0.0
2019-02-25,11,0,267,35.76,35.76,0.0,-151.032757,0.0
2019-02-25,11,0,270,436.06,436.06,0.0,-436060.0,0.0
2019-02-25,11,0,272,281.17,281.17,0.0,-72475.936341,0.0
2019-02-25,11,0,273,25.72,25.72,0.0,-25720.0,0.0
2019-02-25,11,0,274,569.46,569.46,0.0,-569460.0,0.0
2019-02-25,11,0,275,803.47,803.47,0.0,-803470.0,0.0
2019-02-25,11,0,276,5.74,5.74,0.0,-5167.533933,0.0
2019-02-25,11,0,277,7.11,7.11,0.0,-1911.488422,0.0
2019-02-25,11,0,278,11.38,11.38,0.0,-3059.456855,0.0
2019-02-25,11,0,279,250.34,250.34,0.0,-67302.673916,0.0
2019-02-25,11,0,281,14.1,14.1,0.0,-133.19577,0.0
2019-02-25,11,0,282,273.33,273.33,0.0,-2582.014178,0.0
2019-02-25,12,0,9,3.57,3.57,0.0,-1408.334691,0.0
2019-02-25,12,0,17,35.62,35.62,0.0,206.201241,0.0
2019-02-25,12,0,19,187.77,187.77,0.0,1086.985039,0.0
2019-02-25,12,0,20,227.73,227.73,0.0,1318.310182,0.0
2019-02-25,12,0,21,81.72,81.72,0.0,-32237.846204,0.0
2019-02-25,12,0,22,290.41,290.41,0.0,-114564.279443,0.0
2019-02-25,12,0,23,46.17,46.17,0.0,-18213.673021,0.0
2019-02-25,12,0,24,77.3,77.3,0.0,-30494.193729,0.0
2019-02-25,12,0,29,6.17,6.17,0.0,21.704319,0.0
2019-02-25,12,0,30,667.95,667.95,0.0,-667950.0,0.0
2019-02-25,12,0,31,44.23,44.23,0.0,-44230.0,0.0
2019-02-25,12,0,32,6.58,6.58,0.0,238.722879,0.0
2019-02-25,12,0,33,2.66,2.66,0.0,27.509303,0.0
2019-02-25,12,0,34,4.26,4.26,0.0,44.056253,0.0
2019-02-25,12,0,35,4.26,4.26,0.0,44.056253,0.0
2019-02-25,12,0,36,11.91,11.91,0.0,-10.136392,0.0
2019-02-25,12,0,37,5.7,5.7,0.0,-4.838124,0.0
2019-02-25,12,0,38,7.33,7.33,0.0,-6.221658,0.0
2019-02-25,12,0,39,4.89,4.89,0.0,-4.150601,0.0
2019-02-25,12,0,40,4.89,4.89,0.0,-4.150601,0.0
2019-02-25,12,0,41,34.8,34.8,0.0,-562.270373,0.0
2019-02-25,12,0,42,60.11,60.11,0.0,288.648387,0.0
2019-02-25,12,0,43,37.41,37.41,0.0,4.888298,0.0
2019-02-25,12,0,46,32.32,32.32,0.0,-61.557721,0.0
2019-02-25,12,0,52,46.89,46.89,0.0,-46890.0,0.0
2019-02-25,12,0,53,74.49,74.49,0.0,-74490.0,0.0
2019-02-25,12,0,55,477.17,477.17,0.0,-188239.513867,0.0
2019-02-25,12,0,56,197.02,197.02,0.0,-197020.0,0.0
2019-02-25,12,0,57,187.41,187.41,0.0,-187410.0,0.0
2019-02-25,12,0,58,360.4,360.4,0.0,-360400.0,0.0
2019-02-25,12,0,59,354.4,354.4,0.0,-354400.0,0.0
2019-02-25,12,0,63,51.0,51.0,0.0,5490.947338,0.0
2019-02-25,12,0,64,60.0,60.0,0.0,6459.938045,0.0
2019-02-25,12,0,65,27.21,27.21,0.0,152.528002,0.0
2019-02-25,12,0,67,389.11,389.11,0.0,-216425.85294,0.0
2019-02-25,12,0,68,34.0,34.0,0.0,-13983.754223,0.0
2019-02-25,12,0,69,2.66,2.66,0.0,27.509303,0.0
2019-02-25,12,0,74,148.47,148.47,0.0,19.648448,0.0
2019-02-25,12,0,77,60.0,60.0,0.0,-17383.159385,0.0
2019-02-25,12,0,78,45.36,45.36,0.0,-13141.668495,0.0
2019-02-25,12,0,79,26.25,26.25,0.0,-7605.132231,0.0
2019-02-25,12,0,80,42.45,42.45,0.0,-12298.585265,0.0
2019-02-25,12,0,81,55.5,55.5,0.0,-16079.422431,0.0
2019-02-25,12,0,82,39.15,39.15,0.0,-11342.511499,0.0
2019-02-25,12,0,83,87.3,87.3,0.0,-25292.496905,0.0
2019-02-25,12,0,84,0.0,0.0,0.0,-0.0,0.0
2019-02-25,12,0,86,13.5,13.5,0.0,139.614886,0.0
2019-02-25,12,0,87,68.92,68.92,0.0,712.759846,0.0
2019-02-25,12,0,88,51.18,51.18,0.0,-14827.834955,0.0
2019-02-25,12,0,89,49.2,49.2,0.0,-14254.190696,0.0
2019-02-25,12,0,90,66.06,66.06,0.0,-19138.858483,0.0
2019-02-25,12,0,91,235.65,235.65,0.0,-68272.358485,0.0
2019-02-25,12,0,92,84.75,84.75,0.0,-24553.712631,0.0
2019-02-25,12,0,95,120.0,120.0,0.0,2333.493576,0.0
2019-02-25,12,0,96,29.88,29.88,0.0,983.28977,0.0
2019-02-25,12,0,97,183.76,183.76,0.0,6047.166271,0.0
2019-02-25,12,0,99,28.66,28.66,0.0,3.792851,0.0
2019-02-25,12,0,101,13.46,13.46,0.0,-13460.0,0.0
2019-02-25,12,0,102,80.5,80.5,0.0,-33108.594558,0.0
2019-02-25,12,0,103,70.0,70.0,0.0,-28790.082224,0.0
2019-02-25,12,0,104,13.0,13.0,0.0,-5346.729556,0.0
2019-02-25,12,0,106,285.89,285.89,0.0,-112781.177818,0.0
2019-02-25,12,0,109,60.0,60.0,0.0,-235.2662,0.0
2019-02-25,12,0,110,338.6,338.6,0.0,-338600.0,0.0
2019-02-25,12,0,111,20.42,20.42,0.0,-329.929914,0.0
2019-02-25,12,0,113,45.0,45.0,0.0,-11844.745216,0.0
2019-02-25,12,0,115,45.0,45.0,0.0,-11844.745216,0.0
2019-02-25,12,0,116,138.99,138.99,0.0,-138990.0,0.0
2019-02-25,12,0,117,3.0,3.0,0.0,-789.649681,0.0
2019-02-25,12,0,119,60.0,60.0,0.0,6459.938045,0.0
2019-02-25,12,0,120,35.28,35.28,0.0,3798.44357,0.0
2019-02-25,12,0,123,4.76,4.76,0.0,-1877.779588,0.0
2019-02-25,12,0,125,70.73,70.73,0.0,-27902.384508,0.0
2019-02-25,12,0,126,214.41,214.41,0.0,-84582.924677,0.0
2019-02-25,12,0,127,275.17,275.17,0.0,-108552.22883,0.0
2019-02-25,12,0,128,96.96,96.96,0.0,-38249.896818,0.0
2019-02-25,12,0,131,30.0,30.0,0.0,-11177.492696,0.0
2019-02-25,12,0,132,44.1,44.1,0.0,-16430.914263,0.0
2019-02-25,12,0,133,41.94,41.94,0.0,243.511613,0.0
2019-02-25,12,0,134,0.0,0.0,0.0,0.0,0.0
2019-02-25,12,0,135,56.2,56.2,0.0,326.307883,0.0
2019-02-25,12,0,136,27.69,27.69,0.0,154.939997,0.0
2019-02-25,12,0,139,44.94,44.94,0.0,-726.104326,0.0
2019-02-25,12,0,140,250.6,250.6,0.0,-250600.0,0.0
2019-02-25,12,0,141,230.0,230.0,0.0,-127927.696991,0.0
2019-02-25,12,0,142,513.14,513.14,0.0,-285412.254061,0.0
2019-02-25,12,0,143,34.69,34.69,0.0,-34690.0,0.0
2019-02-25,12,0,145,56.25,56.25,0.0,-541.204093,0.0
2019-02-25,12,0,146,268.0,268.0,0.0,-268000.0,0.0
2019-02-25,12,0,152,8.95,8.95,0.0,6.968039,0.0
2019-02-25,12,0,153,11.26,11.26,0.0,6.261951,0.0
2019-02-25,12,0,154,84.22,84.22,0.0,-1360.758931,0.0
2019-02-25,12,0,157,250.0,250.0,0.0,-139051.844556,0.0
2019-02-25,12,0,158,362.02,362.02,0.0,-201358.195064,0.0
2019-02-25,12,0,159,0.0,0.0,0.0,0.0,0.0
2019-02-25,12,0,160,2.93,2.93,0.0,8.909209,0.0
2019-02-25,12,0,161,73.0,73.0,0.0,-30023.942891,0.0
2019-02-25,12,0,162,151.2,151.2,0.0,3061.459257,0.0
2019-02-25,12,0,163,185.4,185.4,0.0,-185400.0,0.0
2019-02-25,12,0,164,26.65,26.65,0.0,-26650.0,0.0
2019-02-25,12,0,167,7.23,7.23,0.0,119.888399,0.0
2019-02-25,12,0,168,3.62,3.62,0.0,60.02711,0.0
2019-02-25,12,0,169,0.0,0.0,0.0,0.0,0.0
2019-02-25,12,0,170,7.91,7.91,0.0,131.164209,0.0
2019-02-25,12,0,172,9.33,9.33,0.0,81.841944,0.0
2019-02-25,12,0,173,14.21,14.21,0.0,124.648877,0.0
2019-02-25,12,0,188,13.29,13.29,0.0,242.51244,0.0
2019-02-25,12,0,190,11.48,11.48,0.0,372.268356,0.0
2019-02-25,12,0,191,29.65,29.65,0.0,961.477069,0.0
2019-02-25,12,0,192,332.6,332.6,0.0,10785.405497,0.0
2019-02-25,12,0,194,52.95,52.95,0.0,-6916.142433,0.0
2019-02-25,12,0,196,7.5,7.5,0.0,1954.790403,0.0
2019-02-25,12,0,198,12.48,12.48,0.0,93.657165,0.0
2019-02-25,12,0,199,62.03,62.03,0.0,-2258.406099,0.0
2019-02-25,12,0,200,23.2,23.2,0.0,-844.672279,0.0
2019-02-25,12,0,204,257.1,257.1,0.0,-1106.863904,0.0
2019-02-25,12,0,205,317.4,317.4,0.0,-1244.558199,0.0
2019-02-25,12,0,206,539.95,539.95,0.0,17768.651654,0.0
2019-02-25,12,0,210,1.98,1.98,0.0,8.638113,0.0
2019-02-25,12,0,214,10.88,10.88,0.0,141.708223,0.0
2019-02-25,12,0,217,7.19,7.19,0.0,68.24771,0.0
2019-02-25,12,0,218,9.93,9.93,0.0,94.255878,0.0
2019-02-25,12,0,219,6.76,6.76,0.0,64.166136,0.0
2019-02-25,12,0,221,5.8,5.8,0.0,75.542987,0.0
2019-02-25,12,0,225,5.36,5.36,0.0,18.417586,0.0
2019-02-25,12,0,233,7.64,7.64,0.0,79.011683,0.0
2019-02-25,12,0,236,75.02,75.02,0.0,249.723829,0.0
2019-02-25,12,0,237,356.17,356.17,0.0,47.135366,0.0
2019-02-25,12,0,238,78.24,78.24,0.0,375.708697,0.0
2019-02-25,12,0,240,13.5,13.5,0.0,-11.489613,0.0
2019-02-25,12,0,245,78.0,78.0,0.0,504.12026,0.0
2019-02-25,12,0,247,150.21,150.21,0.0,970.819286,0.0
2019-02-25,12,0,248,35.75,35.75,0.0,4.731138,0.0
2019-02-25,12,0,249,150.0,150.0,0.0,969.462039,0.0
2019-02-25,12,0,251,272.14,272.14,0.0,1443.590254,0.0
2019-02-25,12,0,252,175.49,175.49,0.0,983.724332,0.0
2019-02-25,12,0,254,19.7,19.7,0.0,16.959625,0.0
2019-02-25,12,0,255,9.03,9.03,0.0,7.773879,0.0
2019-02-25,12,0,258,16.68,16.68,0.0,-11.551262,0.0
2019-02-25,12,0,260,7.13,7.13,0.0,21.680089,0.0
2019-02-25,12,0,265,87.2,87.2,0.0,-1408.907371,0.0
2019-02-25,12,0,266,29.1,29.1,0.0,-470.174364,0.0
2019-02-25,12,0,267,35.76,35.76,0.0,-577.78128,0.0
2019-02-25,12,0,270,579.0,579.0,0.0,-579000.0,0.0
2019-02-25,12,0,272,150.39,150.39,0.0,-39585.138513,0.0
2019-02-25,12,0,273,33.24,33.24,0.0,-33240.0,0.0
2019-02-25,12,0,274,746.4,746.4,0.0,-746400.0,0.0
2019-02-25,12,0,275,1039.0,1039.0,0.0,-1039000.0,0.0
2019-02-25,12,0,276,7.51,7.51,0.0,-6765.837669,0.0
2019-02-25,12,0,277,9.15,9.15,0.0,-2505.653803,0.0
2019-02-25,12,0,278,14.64,14.64,0.0,-4009.046084,0.0
2019-02-25,12,0,279,264.6,264.6,0.0,-72458.578814,0.0
2019-02-25,12,0,281,19.85,19.85,0.0,-19850.0,0.0
2019-02-25,12,0,282,366.41,366.41,0.0,-366410.0,0.0
2019-02-25,13,0,9,4.35,4.35,0.0,-2402.836088,0.0
2019-02-25,13,0,17,25.41,25.41,0.0,-337.835943,0.0
2019-02-25,13,0,19,186.22,186.22,0.0,-2475.868138,0.0
2019-02-25,13,0,20,225.85,225.85,0.0,-3002.764574,0.0
2019-02-25,13,0,21,99.53,99.53,0.0,-54977.994435,0.0
2019-02-25,13,0,22,353.72,353.72,0.0,-195386.478362,0.0
2019-02-25,13,0,23,90.35,90.35,0.0,-49907.181726,0.0
2019-02-25,13,0,24,157.79,157.79,0.0,-87159.426724,0.0
2019-02-25,13,0,29,4.21,4.21,0.0,14.449575,0.0
2019-02-25,13,0,30,805.25,805.25,0.0,-805250.0,0.0
2019-02-25,13,0,31,62.33,62.33,0.0,-62330.0,0.0
2019-02-25,13,0,32,7.28,7.28,0.0,258.822406,0.0
2019-02-25,13,0,33,2.96,2.96,0.0,7.253535,0.0
2019-02-25,13,0,34,4.73,4.73,0.0,11.590952,0.0
2019-02-25,13,0,35,4.73,4.73,0.0,11.590952,0.0
2019-02-25,13,0,36,14.23,14.23,0.0,-310.344542,0.0
2019-02-25,13,0,37,6.77,6.77,0.0,-128.725186,0.0
2019-02-25,13,0,38,8.7,8.7,0.0,-165.422322,0.0
2019-02-25,13,0,39,5.8,5.8,0.0,-110.281548,0.0
2019-02-25,13,0,40,5.8,5.8,0.0,-110.281548,0.0
2019-02-25,13,0,41,34.8,34.8,0.0,-6506.618037,0.0
2019-02-25,13,0,42,41.67,41.67,0.0,-696.245485,0.0
2019-02-25,13,0,43,42.21,42.21,0.0,-475.46392,0.0
2019-02-25,13,0,46,36.37,36.37,0.0,101.220659,0.0
2019-02-25,13,0,52,66.07,66.07,0.0,-66070.0,0.0
2019-02-25,13,0,53,104.96,104.96,0.0,-104960.0,0.0
2019-02-25,13,0,55,623.0,623.0,0.0,-344130.317821,0.0
2019-02-25,13,0,56,237.52,237.52,0.0,-237520.0,0.0
2019-02-25,13,0,57,225.93,225.93,0.0,-225930.0,0.0
2019-02-25,13,0,58,434.49,434.49,0.0,-434490.0,0.0
2019-02-25,13,0,59,427.24,427.24,0.0,-427240.0,0.0
2019-02-25,13,0,63,51.0,51.0,0.0,5585.122105,0.0
2019-02-25,13,0,64,60.0,60.0,0.0,6570.731888,0.0
2019-02-25,13,0,65,33.3,33.3,0.0,-463.849985,0.0
2019-02-25,13,0,67,463.92,463.92,0.0,-254709.095108,0.0
2019-02-25,13,0,68,34.0,34.0,0.0,-13660.336224,0.0
2019-02-25,13,0,69,2.96,2.96,0.0,7.253535,0.0
2019-02-25,13,0,74,207.5,207.5,0.0,-7994.731645,0.0
2019-02-25,13,0,77,60.0,60.0,0.0,-16590.480305,0.0
2019-02-25,13,0,78,45.36,45.36,0.0,-12542.40311,0.0
2019-02-25,13,0,79,26.25,26.25,0.0,-7258.335133,0.0
2019-02-25,13,0,80,42.45,42.45,0.0,-11737.764815,0.0
2019-02-25,13,0,81,55.5,55.5,0.0,-15346.194282,0.0
2019-02-25,13,0,82,39.15,39.15,0.0,-10825.288399,0.0
2019-02-25,13,0,83,87.3,87.3,0.0,-24139.148843,0.0
2019-02-25,13,0,84,0.0,0.0,0.0,-0.0,0.0
2019-02-25,13,0,86,14.99,14.99,0.0,36.733272,0.0
2019-02-25,13,0,87,76.54,76.54,0.0,187.562683,0.0
2019-02-25,13,0,88,51.18,51.18,0.0,-14151.6797,0.0
2019-02-25,13,0,89,49.2,49.2,0.0,-13604.19385,0.0
2019-02-25,13,0,90,66.06,66.06,0.0,-18266.118815,0.0
2019-02-25,13,0,91,235.65,235.65,0.0,-65159.111396,0.0
2019-02-25,13,0,92,84.75,84.75,0.0,-23434.05343,0.0
2019-02-25,13,0,95,120.0,120.0,0.0,2333.493576,0.0
2019-02-25,13,0,96,29.88,29.88,0.0,-7101.451744,0.0
2019-02-25,13,0,97,183.75,183.75,0.0,-43671.076239,0.0
2019-02-25,13,0,99,40.05,40.05,0.0,-1543.079529,0.0
2019-02-25,13,0,101,16.22,16.22,0.0,-16220.0,0.0
2019-02-25,13,0,102,80.5,80.5,0.0,-32342.854883,0.0
2019-02-25,13,0,103,70.0,70.0,0.0,-28124.221637,0.0
2019-02-25,13,0,104,13.0,13.0,0.0,-5223.069733,0.0
2019-02-25,13,0,106,348.21,348.21,0.0,-192342.885985,0.0
2019-02-25,13,0,109,60.0,60.0,0.0,-1359.423885,0.0
2019-02-25,13,0,110,338.6,338.6,0.0,-338600.0,0.0
2019-02-25,13,0,111,25.49,25.49,0.0,-4765.910741,0.0
2019-02-25,13,0,113,45.0,45.0,0.0,-11487.34539,0.0
2019-02-25,13,0,115,45.0,45.0,0.0,-11487.34539,0.0
2019-02-25,13,0,116,166.92,166.92,0.0,-166920.0,0.0
2019-02-25,13,0,117,3.0,3.0,0.0,-765.823026,0.0
2019-02-25,13,0,119,60.0,60.0,0.0,6570.731888,0.0
2019-02-25,13,0,120,35.28,35.28,0.0,3863.59035,0.0
2019-02-25,13,0,123,5.8,5.8,0.0,-3203.78145,0.0
2019-02-25,13,0,125,143.27,143.27,0.0,-79138.925577,0.0
2019-02-25,13,0,126,261.16,261.16,0.0,-144258.545429,0.0
2019-02-25,13,0,127,335.15,335.15,0.0,-185128.853961,0.0
2019-02-25,13,0,128,202.25,202.25,0.0,-111718.068667,0.0
2019-02-25,13,0,131,30.0,30.0,0.0,-10873.362855,0.0
2019-02-25,13,0,132,44.1,44.1,0.0,-15983.843396,0.0
2019-02-25,13,0,133,41.94,41.94,0.0,-555.103474,0.0
2019-02-25,13,0,134,0.0,0.0,0.0,-0.0,0.0
2019-02-25,13,0,135,56.2,56.2,0.0,-743.84395,0.0
2019-02-25,13,0,136,33.37,33.37,0.0,-465.986564,0.0
2019-02-25,13,0,139,44.94,44.94,0.0,-8402.511914,0.0
2019-02-25,13,0,140,250.6,250.6,0.0,-250600.0,0.0
2019-02-25,13,0,141,230.0,230.0,0.0,-126278.435667,0.0
2019-02-25,13,0,142,611.79,611.79,0.0,-335895.148508,0.0
2019-02-25,13,0,143,39.81,39.81,0.0,-39810.0,0.0
2019-02-25,13,0,145,100.0,100.0,0.0,-27094.200059,0.0
2019-02-25,13,0,146,268.0,268.0,0.0,-268000.0,0.0
2019-02-25,13,0,152,10.85,10.85,0.0,-294.481104,0.0
2019-02-25,13,0,153,13.45,13.45,0.0,-372.334563,0.0
2019-02-25,13,0,154,105.13,105.13,0.0,-19656.343514,0.0
2019-02-25,13,0,157,250.0,250.0,0.0,-137259.169204,0.0
2019-02-25,13,0,158,443.88,443.88,0.0,-243706.400104,0.0
2019-02-25,13,0,159,0.0,0.0,0.0,-0.0,0.0
2019-02-25,13,0,160,3.25,3.25,0.0,-16.083791,0.0
2019-02-25,13,0,161,87.47,87.47,0.0,-35143.223809,0.0
2019-02-25,13,0,162,162.5,162.5,0.0,3296.984073,0.0
2019-02-25,13,0,163,104.55,104.55,0.0,-104550.0,0.0
2019-02-25,13,0,164,31.78,31.78,0.0,-31780.0,0.0
2019-02-25,13,0,167,8.12,8.12,0.0,134.463108,0.0
2019-02-25,13,0,168,4.06,4.06,0.0,67.231554,0.0
2019-02-25,13,0,169,0.0,0.0,0.0,0.0,0.0
2019-02-25,13,0,170,8.88,8.88,0.0,147.048325,0.0
2019-02-25,13,0,172,10.72,10.72,0.0,43.863258,0.0
2019-02-25,13,0,173,16.33,16.33,0.0,66.817817,0.0
2019-02-25,13,0,188,14.69,14.69,0.0,247.936262,0.0
2019-02-25,13,0,190,13.17,13.17,0.0,427.070927,0.0
2019-02-25,13,0,191,34.03,34.03,0.0,1103.509769,0.0
2019-02-25,13,0,192,332.6,332.6,0.0,10785.405497,0.0
2019-02-25,13,0,194,52.95,52.95,0.0,-6663.619677,0.0
2019-02-25,13,0,196,8.77,8.77,0.0,2322.613312,0.0
2019-02-25,13,0,198,13.86,13.86,0.0,71.993998,0.0
2019-02-25,13,0,199,73.53,73.53,0.0,-2652.496532,0.0
2019-02-25,13,0,200,25.24,25.24,0.0,-910.499286,0.0
2019-02-25,13,0,204,257.1,257.1,0.0,4975.2307,0.0
2019-02-25,13,0,205,317.4,317.4,0.0,-7191.352353,0.0
2019-02-25,13,0,206,539.94,539.94,0.0,-128325.229413,0.0
2019-02-25,13,0,210,1.39,1.39,0.0,8.02006,0.0
2019-02-25,13,0,214,8.47,8.47,0.0,97.607855,0.0
2019-02-25,13,0,217,4.98,4.98,0.0,49.017522,0.0
2019-02-25,13,0,218,6.87,6.87,0.0,67.620558,0.0
2019-02-25,13,0,219,4.68,4.68,0.0,46.064659,0.0
2019-02-25,13,0,221,4.52,4.52,0.0,52.088253,0.0
2019-02-25,13,0,225,3.72,3.72,0.0,11.928,0.0
2019-02-25,13,0,233,8.48,8.48,0.0,20.780397,0.0
2019-02-25,13,0,236,223.09,223.09,0.0,-4669.220855,0.0
2019-02-25,13,0,237,497.77,497.77,0.0,-19178.494317,0.0
2019-02-25,13,0,238,54.24,54.24,0.0,-906.27202,0.0
2019-02-25,13,0,240,16.13,16.13,0.0,-351.781972,0.0
2019-02-25,13,0,245,78.0,78.0,0.0,-855.180924,0.0
2019-02-25,13,0,247,171.72,171.72,0.0,-1882.713695,0.0
2019-02-25,13,0,248,49.97,49.97,0.0,-1925.285495,0.0
2019-02-25,13,0,249,150.0,150.0,0.0,-1644.578699,0.0
2019-02-25,13,0,251,323.78,323.78,0.0,-4847.119445,0.0
2019-02-25,13,0,252,214.81,214.81,0.0,-2992.180641,0.0
2019-02-25,13,0,254,22.29,22.29,0.0,-215.755907,0.0
2019-02-25,13,0,255,10.22,10.22,0.0,-98.924422,0.0
2019-02-25,13,0,258,19.85,19.85,0.0,-399.105732,0.0
2019-02-25,13,0,260,7.88,7.88,0.0,-38.997007,0.0
2019-02-25,13,0,265,108.85,108.85,0.0,-20351.878545,0.0
2019-02-25,13,0,266,29.1,29.1,0.0,-5440.878876,0.0
2019-02-25,13,0,267,35.76,35.76,0.0,-6686.110949,0.0
2019-02-25,13,0,270,325.32,325.32,0.0,-325320.0,0.0
2019-02-25,13,0,272,150.39,150.39,0.0,-38390.708292,0.0
2019-02-25,13,0,273,39.92,39.92,0.0,-39920.0,0.0
2019-02-25,13,0,274,419.18,419.18,0.0,-419180.0,0.0
2019-02-25,13,0,275,583.24,583.24,0.0,-583240.0,0.0
2019-02-25,13,0,276,8.84,8.84,0.0,-7949.895175,0.0
2019-02-25,13,0,277,11.07,11.07,0.0,-2920.12497,0.0
2019-02-25,13,0,278,17.71,17.71,0.0,-4671.672378,0.0
2019-02-25,13,0,279,378.16,378.16,0.0,-99753.790311,0.0
2019-02-25,13,0,281,27.97,27.97,0.0,-27970.0,0.0
2019-02-25,13,0,282,441.73,441.73,0.0,-441730.0,0.0
2019-02-25,14,0,9,4.55,4.55,0.0,-2531.158662,0.0
2019-02-25,14,0,17,26.36,26.36,0.0,-380.022504,0.0
2019-02-25,14,0,19,173.56,173.56,0.0,-2502.151203,0.0
2019-02-25,14,0,20,210.49,210.49,0.0,-3034.55754,0.0
2019-02-25,14,0,21,104.04,104.04,0.0,-57877.307069,0.0
2019-02-25,14,0,22,369.76,369.76,0.0,-205696.972912,0.0
2019-02-25,14,0,23,42.61,42.61,0.0,-23703.883643,0.0
2019-02-25,14,0,24,73.27,73.27,0.0,-40759.998933,0.0
2019-02-25,14,0,29,4.2,4.2,0.0,14.244155,0.0
2019-02-25,14,0,30,860.59,860.59,0.0,-860590.0,0.0
2019-02-25,14,0,31,86.41,86.41,0.0,-86410.0,0.0
2019-02-25,14,0,32,7.29,7.29,0.0,201.462831,0.0
2019-02-25,14,0,33,3.03,3.03,0.0,6.165621,0.0
2019-02-25,14,0,34,4.85,4.85,0.0,9.869063,0.0
2019-02-25,14,0,35,4.85,4.85,0.0,9.869063,0.0
2019-02-25,14,0,36,14.64,14.64,0.0,-349.978697,0.0
2019-02-25,14,0,37,6.95,6.95,0.0,-146.659934,0.0
2019-02-25,14,0,38,8.93,8.93,0.0,-188.442188,0.0
2019-02-25,14,0,39,5.95,5.95,0.0,-125.557785,0.0
2019-02-25,14,0,40,5.95,5.95,0.0,-125.557785,0.0
2019-02-25,14,0,41,34.8,34.8,0.0,-6665.713752,0.0
2019-02-25,14,0,42,44.1,44.1,0.0,-793.038932,0.0
2019-02-25,14,0,43,42.68,42.68,0.0,-560.675054,0.0
2019-02-25,14,0,46,37.25,37.25,0.0,23.737638,0.0
2019-02-25,14,0,52,91.59,91.59,0.0,-91590.0,0.0
2019-02-25,14,0,53,145.51,145.51,0.0,-145510.0,0.0
2019-02-25,14,0,55,623.0,623.0,0.0,-346574.032141,0.0
2019-02-25,14,0,56,253.84,253.84,0.0,-253840.0,0.0
2019-02-25,14,0,57,241.46,241.46,0.0,-241460.0,0.0
2019-02-25,14,0,58,464.35,464.35,0.0,-464350.0,0.0
2019-02-25,14,0,59,456.61,456.61,0.0,-456610.0,0.0
2019-02-25,14,0,63,51.0,51.0,0.0,5149.351944,0.0
2019-02-25,14,0,64,60.0,60.0,0.0,6058.061111,0.0
2019-02-25,14,0,65,35.01,35.01,0.0,-527.918672,0.0
2019-02-25,14,0,67,479.44,479.44,0.0,-265969.882746,0.0
2019-02-25,14,0,68,19.16,19.16,0.0,-7843.243822,0.0
2019-02-25,14,0,69,3.03,3.03,0.0,6.165621,0.0
2019-02-25,14,0,74,217.6,217.6,0.0,-8819.230762,0.0
2019-02-25,14,0,77,60.0,60.0,0.0,-17129.391349,0.0
2019-02-25,14,0,78,45.36,45.36,0.0,-12949.81986,0.0
2019-02-25,14,0,79,26.25,26.25,0.0,-7494.108715,0.0
2019-02-25,14,0,80,42.45,42.45,0.0,-12119.04438,0.0
2019-02-25,14,0,81,55.5,55.5,0.0,-15844.686998,0.0
2019-02-25,14,0,82,39.15,39.15,0.0,-11176.927855,0.0
2019-02-25,14,0,83,87.3,87.3,0.0,-24923.264413,0.0
2019-02-25,14,0,84,0.0,0.0,0.0,-0.0,0.0
2019-02-25,14,0,86,15.35,15.35,0.0,31.235075,0.0
2019-02-25,14,0,87,78.34,78.34,0.0,159.410798,0.0
2019-02-25,14,0,88,51.18,51.18,0.0,-14611.370821,0.0
2019-02-25,14,0,89,49.2,49.2,0.0,-14046.100906,0.0
2019-02-25,14,0,90,66.06,66.06,0.0,-18859.459876,0.0
2019-02-25,14,0,91,235.65,235.65,0.0,-67275.684525,0.0
2019-02-25,14,0,92,84.75,84.75,0.0,-24195.265281,0.0
2019-02-25,14,0,95,120.0,120.0,0.0,2333.493576,0.0
2019-02-25,14,0,96,31.39,31.39,0.0,-7672.577566,0.0
2019-02-25,14,0,97,210.51,210.51,0.0,-51454.421902,0.0
2019-02-25,14,0,99,42.0,42.0,0.0,-1702.241232,0.0
2019-02-25,14,0,101,17.34,17.34,0.0,-17340.0,0.0
2019-02-25,14,0,102,45.25,45.25,0.0,-18523.318525,0.0
2019-02-25,14,0,103,39.36,39.36,0.0,-16112.216953,0.0
2019-02-25,14,0,104,7.37,7.37,0.0,-3016.947128,0.0
2019-02-25,14,0,106,364.0,364.0,0.0,-202492.692936,0.0
2019-02-25,14,0,109,60.0,60.0,0.0,-1521.770269,0.0
2019-02-25,14,0,110,338.6,338.6,0.0,-338600.0,0.0
2019-02-25,14,0,111,27.2,27.2,0.0,-5209.983163,0.0
2019-02-25,14,0,113,45.0,45.0,0.0,-11931.124879,0.0
2019-02-25,14,0,115,45.0,45.0,0.0,-11931.124879,0.0
2019-02-25,14,0,116,169.43,169.43,0.0,-169430.0,0.0
2019-02-25,14,0,117,3.0,3.0,0.0,-795.408325,0.0
2019-02-25,14,0,119,60.0,60.0,0.0,6058.061111,0.0
2019-02-25,14,0,120,35.28,35.28,0.0,3562.139933,0.0
2019-02-25,14,0,123,6.07,6.07,0.0,-3376.732544,0.0
2019-02-25,14,0,125,66.79,66.79,0.0,-37155.183959,0.0
2019-02-25,14,0,126,273.0,273.0,0.0,-151869.519702,0.0
2019-02-25,14,0,127,350.35,350.35,0.0,-194899.216951,0.0
2019-02-25,14,0,128,92.7,92.7,0.0,-51568.880866,0.0
2019-02-25,14,0,131,30.0,30.0,0.0,-11115.729154,0.0
2019-02-25,14,0,132,44.1,44.1,0.0,-16340.121856,0.0
2019-02-25,14,0,133,41.94,41.94,0.0,-602.016095,0.0
2019-02-25,14,0,134,0.0,0.0,0.0,-0.0,0.0
2019-02-25,14,0,135,56.2,56.2,0.0,-806.707309,0.0
2019-02-25,14,0,136,37.39,37.39,0.0,-565.166651,0.0
2019-02-25,14,0,139,44.94,44.94,0.0,-8607.964828,0.0
2019-02-25,14,0,140,250.6,250.6,0.0,-250600.0,0.0
2019-02-25,14,0,141,230.0,230.0,0.0,-127592.76037,0.0
2019-02-25,14,0,142,632.26,632.26,0.0,-350746.950745,0.0
2019-02-25,14,0,143,65.24,65.24,0.0,-65240.0,0.0
2019-02-25,14,0,145,56.12,56.12,0.0,-15528.338816,0.0
2019-02-25,14,0,146,268.0,268.0,0.0,-268000.0,0.0
2019-02-25,14,0,152,11.39,11.39,0.0,-330.732231,0.0
2019-02-25,14,0,153,14.16,14.16,0.0,-419.322591,0.0
2019-02-25,14,0,154,112.22,112.22,0.0,-21495.011416,0.0
2019-02-25,14,0,157,250.0,250.0,0.0,-138687.783011,0.0
2019-02-25,14,0,158,470.17,470.17,0.0,-260827.339752,0.0
2019-02-25,14,0,159,0.0,0.0,0.0,-0.0,0.0
2019-02-25,14,0,160,3.28,3.28,0.0,-20.607859,0.0
2019-02-25,14,0,161,90.43,90.43,0.0,-37017.982192,0.0
2019-02-25,14,0,162,162.5,162.5,0.0,3290.52169,0.0
2019-02-25,14,0,163,130.61,130.61,0.0,-130610.0,0.0
2019-02-25,14,0,164,33.92,33.92,0.0,-33920.0,0.0
2019-02-25,14,0,167,8.29,8.29,0.0,140.054836,0.0
2019-02-25,14,0,168,4.15,4.15,0.0,70.11189,0.0
2019-02-25,14,0,169,0.0,0.0,0.0,0.0,0.0
2019-02-25,14,0,170,9.07,9.07,0.0,153.232492,0.0
2019-02-25,14,0,172,10.9,10.9,0.0,37.950169,0.0
2019-02-25,14,0,173,16.61,16.61,0.0,57.830487,0.0
2019-02-25,14,0,188,14.73,14.73,0.0,172.77574,0.0
2019-02-25,14,0,190,13.26,13.26,0.0,429.989407,0.0
2019-02-25,14,0,191,34.25,34.25,0.0,1110.643831,0.0
2019-02-25,14,0,192,332.6,332.6,0.0,10785.405497,0.0
2019-02-25,14,0,194,52.95,52.95,0.0,-7302.818842,0.0
2019-02-25,14,0,196,8.85,8.85,0.0,2244.39947,0.0
2019-02-25,14,0,198,14.35,14.35,0.0,68.190338,0.0
2019-02-25,14,0,199,130.0,130.0,0.0,-14142.913894,0.0
2019-02-25,14,0,200,25.64,25.64,0.0,-2789.417786,0.0
2019-02-25,14,0,204,257.1,257.1,0.0,4340.644297,0.0
2019-02-25,14,0,205,317.4,317.4,0.0,-8050.164721,0.0
2019-02-25,14,0,206,745.19,745.19,0.0,-182144.889351,0.0
2019-02-25,14,0,210,1.39,1.39,0.0,3.687669,0.0
2019-02-25,14,0,214,8.51,8.51,0.0,98.068813,0.0
2019-02-25,14,0,217,5.07,5.07,0.0,52.726752,0.0
2019-02-25,14,0,218,7.0,7.0,0.0,72.798276,0.0
2019-02-25,14,0,219,4.77,4.77,0.0,49.606825,0.0
2019-02-25,14,0,221,4.54,4.54,0.0,52.318732,0.0
2019-02-25,14,0,225,3.76,3.76,0.0,13.020058,0.0
2019-02-25,14,0,233,8.68,8.68,0.0,17.66257,0.0
2019-02-25,14,0,236,142.22,142.22,0.0,-3190.253651,0.0
2019-02-25,14,0,237,522.0,522.0,0.0,-21156.426737,0.0
2019-02-25,14,0,238,57.41,57.41,0.0,-1032.389231,0.0
2019-02-25,14,0,240,16.59,16.59,0.0,-396.594712,0.0
2019-02-25,14,0,245,78.0,78.0,0.0,-934.488571,0.0
2019-02-25,14,0,247,171.72,171.72,0.0,-2057.31253,0.0
2019-02-25,14,0,248,52.4,52.4,0.0,-2123.748584,0.0
2019-02-25,14,0,249,150.0,150.0,0.0,-1797.093405,0.0
2019-02-25,14,0,251,316.76,316.76,0.0,-5120.967217,0.0
2019-02-25,14,0,252,225.87,225.87,0.0,-3405.912326,0.0
2019-02-25,14,0,254,22.52,22.52,0.0,-257.107394,0.0
2019-02-25,14,0,255,10.32,10.32,0.0,-117.821861,0.0
2019-02-25,14,0,258,20.35,20.35,0.0,-451.085797,0.0
2019-02-25,14,0,260,7.97,7.97,0.0,-50.074583,0.0
2019-02-25,14,0,265,116.18,116.18,0.0,-22253.523671,0.0
2019-02-25,14,0,266,29.1,29.1,0.0,-5573.91581,0.0
2019-02-25,14,0,267,35.76,35.76,0.0,-6849.595511,0.0
2019-02-25,14,0,270,454.05,454.05,0.0,-454050.0,0.0
2019-02-25,14,0,272,150.39,150.39,0.0,-39873.819345,0.0
2019-02-25,14,0,273,40.52,40.52,0.0,-40520.0,0.0
2019-02-25,14,0,274,605.65,605.65,0.0,-605650.0,0.0
2019-02-25,14,0,275,880.86,880.86,0.0,-880860.0,0.0
2019-02-25,14,0,276,9.06,9.06,0.0,-8159.303055,0.0
2019-02-25,14,0,277,11.33,11.33,0.0,-3096.44656,0.0
2019-02-25,14,0,278,18.13,18.13,0.0,-4954.861089,0.0
2019-02-25,14,0,279,264.6,264.6,0.0,-72314.188865,0.0
2019-02-25,14,0,281,38.78,38.78,0.0,-38780.0,0.0
2019-02-25,14,0,282,472.09,472.09,0.0,-472090.0,0.0
2019-02-25,15,0,9,4.38,4.38,0.0,-2223.107869,0.0
2019-02-25,15,0,17,25.43,25.43,0.0,-909.347721,0.0
2019-02-25,15,0,19,164.08,164.08,0.0,-5867.313174,0.0
2019-02-25,15,0,20,199.0,199.0,0.0,-7116.012443,0.0
2019-02-25,15,0,21,100.07,100.07,0.0,-50791.416542,0.0
2019-02-25,15,0,22,355.63,355.63,0.0,-180503.162434,0.0
2019-02-25,15,0,23,32.64,32.64,0.0,-16566.721654,0.0
2019-02-25,15,0,24,57.75,57.75,0.0,-29311.524985,0.0
2019-02-25,15,0,29,4.02,4.02,0.0,13.700598,0.0
2019-02-25,15,0,30,829.49,829.49,0.0,-829490.0,0.0
2019-02-25,15,0,31,116.44,116.44,0.0,-116440.0,0.0
2019-02-25,15,0,32,7.04,7.04,0.0,186.886711,0.0
2019-02-25,15,0,33,2.97,2.97,0.0,-16.697425,0.0
2019-02-25,15,0,34,4.76,4.76,0.0,-26.760855,0.0
2019-02-25,15,0,35,4.76,4.76,0.0,-26.760855,0.0
2019-02-25,15,0,36,14.3,14.3,0.0,-1172.014159,0.0
2019-02-25,15,0,37,6.77,6.77,0.0,-558.373532,0.0
2019-02-25,15,0,38,8.7,8.7,0.0,-717.555351,0.0
2019-02-25,15,0,39,5.8,5.8,0.0,-478.370234,0.0
2019-02-25,15,0,40,5.8,5.8,0.0,-478.370234,0.0
2019-02-25,15,0,41,58.96,58.96,0.0,-8984.500385,0.0
2019-02-25,15,0,42,42.89,42.89,0.0,-1813.880904,0.0
2019-02-25,15,0,43,41.78,41.78,0.0,-3118.529089,0.0
2019-02-25,15,0,46,36.07,36.07,0.0,-3361.164134,0.0
2019-02-25,15,0,52,123.43,123.43,0.0,-123430.0,0.0
2019-02-25,15,0,53,196.08,196.08,0.0,-196080.0,0.0
2019-02-25,15,0,55,623.0,623.0,0.0,-316209.178631,0.0
2019-02-25,15,0,56,244.67,244.67,0.0,-244670.0,0.0
2019-02-25,15,0,57,232.73,232.73,0.0,-232730.0,0.0
2019-02-25,15,0,58,447.57,447.57,0.0,-447570.0,0.0
2019-02-25,15,0,59,440.11,440.11,0.0,-440110.0,0.0
2019-02-25,15,0,63,51.0,51.0,0.0,5306.775928,0.0
2019-02-25,15,0,64,60.0,60.0,0.0,6243.265798,0.0
2019-02-25,15,0,65,38.48,38.48,0.0,-1422.696672,0.0
2019-02-25,15,0,67,463.09,463.09,0.0,-250592.201249,0.0
2019-02-25,15,0,68,34.0,34.0,0.0,-13303.753895,0.0
2019-02-25,15,0,69,2.97,2.97,0.0,-16.697425,0.0
2019-02-25,15,0,74,217.6,217.6,0.0,-15567.082169,0.0
2019-02-25,15,0,77,60.0,60.0,0.0,-15591.489257,0.0
2019-02-25,15,0,78,45.36,45.36,0.0,-11787.165878,0.0
2019-02-25,15,0,79,26.25,26.25,0.0,-6821.27655,0.0
2019-02-25,15,0,80,42.45,42.45,0.0,-11030.978649,0.0
2019-02-25,15,0,81,55.5,55.5,0.0,-14422.127562,0.0
2019-02-25,15,0,82,39.15,39.15,0.0,-10173.44674,0.0
2019-02-25,15,0,83,87.3,87.3,0.0,-22685.616868,0.0
2019-02-25,15,0,84,0.0,0.0,0.0,-0.0,0.0
2019-02-25,15,0,86,15.06,15.06,0.0,-84.667748,0.0
2019-02-25,15,0,87,76.9,76.9,0.0,-432.333988,0.0
2019-02-25,15,0,88,51.18,51.18,0.0,-13299.540336,0.0
2019-02-25,15,0,89,49.2,49.2,0.0,-12785.02119,0.0
2019-02-25,15,0,90,66.06,66.06,0.0,-17166.229672,0.0
2019-02-25,15,0,91,235.65,235.65,0.0,-61235.574056,0.0
2019-02-25,15,0,92,84.75,84.75,0.0,-22022.978575,0.0
2019-02-25,15,0,95,120.0,120.0,0.0,2333.493576,0.0
2019-02-25,15,0,96,29.88,29.88,0.0,-4855.481963,0.0
2019-02-25,15,0,97,183.75,183.75,0.0,-29859.264081,0.0
2019-02-25,15,0,99,42.0,42.0,0.0,-3004.675786,0.0
2019-02-25,15,0,101,16.71,16.71,0.0,-16710.0,0.0
2019-02-25,15,0,102,80.5,80.5,0.0,-31498.59378,0.0
2019-02-25,15,0,103,70.0,70.0,0.0,-27390.081548,0.0
2019-02-25,15,0,104,13.0,13.0,0.0,-5086.72943,0.0
2019-02-25,15,0,106,350.09,350.09,0.0,-177691.286271,0.0
2019-02-25,15,0,109,60.0,60.0,0.0,-6663.149249,0.0
2019-02-25,15,0,110,338.6,338.6,0.0,-338600.0,0.0
2019-02-25,15,0,111,26.2,26.2,0.0,-3992.434025,0.0
2019-02-25,15,0,113,45.0,45.0,0.0,-11307.489478,0.0
2019-02-25,15,0,115,45.0,45.0,0.0,-11307.489478,0.0
2019-02-25,15,0,116,162.58,162.58,0.0,-162580.0,0.0
2019-02-25,15,0,117,3.0,3.0,0.0,-753.832632,0.0
2019-02-25,15,0,119,60.0,60.0,0.0,6243.265798,0.0
2019-02-25,15,0,120,35.28,35.28,0.0,3671.040289,0.0
2019-02-25,15,0,123,5.83,5.83,0.0,-2959.068237,0.0
2019-02-25,15,0,125,52.26,52.26,0.0,-26525.026766,0.0
2019-02-25,15,0,126,262.56,262.56,0.0,-133264.658012,0.0
2019-02-25,15,0,127,336.96,336.96,0.0,-171027.038253,0.0
2019-02-25,15,0,128,74.85,74.85,0.0,-37990.781734,0.0
2019-02-25,15,0,131,73.62,73.62,0.0,-25860.366243,0.0
2019-02-25,15,0,132,108.35,108.35,0.0,-38059.91147,0.0
2019-02-25,15,0,133,41.94,41.94,0.0,-1494.931393,0.0
2019-02-25,15,0,134,0.0,0.0,0.0,-0.0,0.0
2019-02-25,15,0,135,56.2,56.2,0.0,-2003.222325,0.0
2019-02-25,15,0,136,42.7,42.7,0.0,-1581.564702,0.0
2019-02-25,15,0,139,76.67,76.67,0.0,-11683.202927,0.0
2019-02-25,15,0,140,250.6,250.6,0.0,-250600.0,0.0
2019-02-25,15,0,141,230.0,230.0,0.0,-124460.053742,0.0
2019-02-25,15,0,142,610.69,610.69,0.0,-330463.087912,0.0
2019-02-25,15,0,143,100.56,100.56,0.0,-100560.0,0.0
2019-02-25,15,0,145,30.0,30.0,0.0,-4986.663151,0.0
2019-02-25,15,0,146,268.0,268.0,0.0,-268000.0,0.0
2019-02-25,15,0,152,11.02,11.02,0.0,-770.77875,0.0
2019-02-25,15,0,153,13.73,13.73,0.0,-981.455678,0.0
2019-02-25,15,0,154,108.06,108.06,0.0,-16466.504607,0.0
2019-02-25,15,0,157,250.0,250.0,0.0,-135282.667111,0.0
2019-02-25,15,0,158,449.59,449.59,0.0,-243286.937225,0.0
2019-02-25,15,0,159,0.0,0.0,0.0,-0.0,0.0
2019-02-25,15,0,160,3.14,3.14,0.0,-158.014445,0.0
2019-02-25,15,0,161,86.56,86.56,0.0,-33869.792269,0.0
2019-02-25,15,0,162,162.5,162.5,0.0,3301.611085,0.0
2019-02-25,15,0,163,142.89,142.89,0.0,-142890.0,0.0
2019-02-25,15,0,164,32.03,32.03,0.0,-32030.0,0.0
2019-02-25,15,0,167,7.86,7.86,0.0,132.482358,0.0
2019-02-25,15,0,168,3.93,3.93,0.0,66.241179,0.0
2019-02-25,15,0,169,0.0,0.0,0.0,0.0,0.0
2019-02-25,15,0,170,8.59,8.59,0.0,144.786699,0.0
2019-02-25,15,0,172,10.44,10.44,0.0,34.759593,0.0
2019-02-25,15,0,173,15.91,15.91,0.0,52.971755,0.0
2019-02-25,15,0,188,14.28,14.28,0.0,138.35443,0.0
2019-02-25,15,0,190,12.51,12.51,0.0,405.66874,0.0
2019-02-25,15,0,191,32.32,32.32,0.0,1048.058646,0.0
2019-02-25,15,0,192,332.6,332.6,0.0,10785.405497,0.0
2019-02-25,15,0,194,52.95,52.95,0.0,-6975.331641,0.0
2019-02-25,15,0,196,8.42,8.42,0.0,2195.522299,0.0
2019-02-25,15,0,198,13.88,13.88,0.0,-142.649599,0.0
2019-02-25,15,0,199,130.0,130.0,0.0,-19838.068776,0.0
2019-02-25,15,0,200,24.8,24.8,0.0,-3784.49312,0.0
2019-02-25,15,0,204,257.1,257.1,0.0,-29580.63442,0.0
2019-02-25,15,0,205,317.4,317.4,0.0,-35248.059526,0.0
2019-02-25,15,0,206,539.94,539.94,0.0,-87739.92407,0.0
2019-02-25,15,0,210,1.35,1.35,0.0,7.834866,0.0
2019-02-25,15,0,214,8.35,8.35,0.0,101.83733,0.0
2019-02-25,15,0,217,4.92,4.92,0.0,60.055381,0.0
2019-02-25,15,0,218,6.78,6.78,0.0,82.759244,0.0
2019-02-25,15,0,219,4.62,4.62,0.0,56.393467,0.0
2019-02-25,15,0,221,4.45,4.45,0.0,54.272589,0.0
2019-02-25,15,0,225,3.56,3.56,0.0,11.309297,0.0
2019-02-25,15,0,233,8.52,8.52,0.0,-47.899682,0.0
2019-02-25,15,0,236,179.56,179.56,0.0,-9390.834599,0.0
2019-02-25,15,0,237,522.0,522.0,0.0,-37343.827629,0.0
2019-02-25,15,0,238,55.82,55.82,0.0,-2360.709538,0.0
2019-02-25,15,0,240,16.21,16.21,0.0,-1328.55591,0.0
2019-02-25,15,0,245,78.0,78.0,0.0,-2441.121023,0.0
2019-02-25,15,0,247,171.72,171.72,0.0,-5374.221822,0.0
2019-02-25,15,0,248,52.4,52.4,0.0,-3748.690743,0.0
2019-02-25,15,0,249,150.0,150.0,0.0,-4694.463506,0.0
2019-02-25,15,0,251,325.09,325.09,0.0,-12667.050235,0.0
2019-02-25,15,0,252,248.22,248.22,0.0,-9177.280869,0.0
2019-02-25,15,0,254,22.38,22.38,0.0,-1533.90896,0.0
2019-02-25,15,0,255,10.26,10.26,0.0,-703.212955,0.0
2019-02-25,15,0,258,19.76,19.76,0.0,-1596.157845,0.0
2019-02-25,15,0,260,7.62,7.62,0.0,-383.461806,0.0
2019-02-25,15,0,265,111.88,111.88,0.0,-17048.607584,0.0
2019-02-25,15,0,266,49.03,49.03,0.0,-7471.337414,0.0
2019-02-25,15,0,267,60.63,60.63,0.0,-9238.979959,0.0
2019-02-25,15,0,270,466.38,466.38,0.0,-466380.0,0.0
2019-02-25,15,0,272,150.39,150.39,0.0,-37789.629835,0.0
2019-02-25,15,0,273,38.88,38.88,0.0,-38880.0,0.0
2019-02-25,15,0,274,614.3,614.3,0.0,-614300.0,0.0
2019-02-25,15,0,275,881.73,881.73,0.0,-881730.0,0.0
2019-02-25,15,0,276,8.74,8.74,0.0,-7844.535995,0.0
2019-02-25,15,0,277,10.81,10.81,0.0,-2753.497787,0.0
2019-02-25,15,0,278,17.3,17.3,0.0,-4406.61533,0.0
2019-02-25,15,0,279,264.6,264.6,0.0,-67398.289953,0.0
2019-02-25,15,0,281,52.26,52.26,0.0,-52260.0,0.0
2019-02-25,15,0,282,455.03,455.03,0.0,-455030.0,0.0
2019-02-25,16,0,9,3.69,3.69,0.0,-1872.87993,0.0
2019-02-25,16,0,17,26.59,26.59,0.0,-950.716322,0.0
2019-02-25,16,0,19,272.09,272.09,0.0,-9728.484549,0.0
2019-02-25,16,0,20,343.4,343.4,0.0,-12278.14912,0.0
2019-02-25,16,0,21,84.34,84.34,0.0,-42807.233966,0.0
2019-02-25,16,0,22,299.75,299.75,0.0,-152139.77213,0.0
2019-02-25,16,0,23,32.64,32.64,0.0,-16566.612718,0.0
2019-02-25,16,0,24,57.75,57.75,0.0,-29311.332245,0.0
2019-02-25,16,0,29,2.51,2.51,0.0,8.829472,0.0
2019-02-25,16,0,30,718.98,718.98,0.0,-718980.0,0.0
2019-02-25,16,0,31,125.0,125.0,0.0,-125000.0,0.0
2019-02-25,16,0,32,6.08,6.08,0.0,161.40282,0.0
2019-02-25,16,0,33,2.27,2.27,0.0,-12.75844,0.0
2019-02-25,16,0,34,3.63,3.63,0.0,-20.402263,0.0
2019-02-25,16,0,35,3.63,3.63,0.0,-20.402263,0.0
2019-02-25,16,0,36,12.95,12.95,0.0,-1061.225902,0.0
2019-02-25,16,0,37,5.89,5.89,0.0,-485.724929,0.0
2019-02-25,16,0,38,7.57,7.57,0.0,-624.267863,0.0
2019-02-25,16,0,39,5.05,5.05,0.0,-416.453462,0.0
2019-02-25,16,0,40,5.05,5.05,0.0,-416.453462,0.0
2019-02-25,16,0,41,82.36,82.36,0.0,-12549.70098,0.0
2019-02-25,16,0,42,34.1,34.1,0.0,-1441.976286,0.0
2019-02-25,16,0,43,39.32,39.32,0.0,-2934.377711,0.0
2019-02-25,16,0,46,34.0,34.0,0.0,-3167.877697,0.0
2019-02-25,16,0,52,132.5,132.5,0.0,-132500.0,0.0
2019-02-25,16,0,53,210.5,210.5,0.0,-210500.0,0.0
2019-02-25,16,0,55,623.0,623.0,0.0,-316207.099373,0.0
2019-02-25,16,0,56,212.07,212.07,0.0,-212070.0,0.0
2019-02-25,16,0,57,201.73,201.73,0.0,-201730.0,0.0
2019-02-25,16,0,58,387.94,387.94,0.0,-387940.0,0.0
2019-02-25,16,0,59,381.47,381.47,0.0,-381470.0,0.0
2019-02-25,16,0,63,51.0,51.0,0.0,5306.793754,0.0
2019-02-25,16,0,64,60.0,60.0,0.0,6243.28677,0.0
2019-02-25,16,0,65,41.4,41.4,0.0,-1530.477729,0.0
2019-02-25,16,0,67,391.54,391.54,0.0,-211873.921617,0.0
2019-02-25,16,0,68,34.0,34.0,0.0,-13303.710086,0.0
2019-02-25,16,0,69,2.27,2.27,0.0,-12.75844,0.0
2019-02-25,16,0,74,134.72,134.72,0.0,-9636.928008,0.0
2019-02-25,16,0,77,60.0,60.0,0.0,-15591.380563,0.0
2019-02-25,16,0,78,45.36,45.36,0.0,-11787.083706,0.0
2019-02-25,16,0,79,26.25,26.25,0.0,-6821.228996,0.0
2019-02-25,16,0,80,42.45,42.45,0.0,-11030.901748,0.0
2019-02-25,16,0,81,55.5,55.5,0.0,-14422.027021,0.0
2019-02-25,16,0,82,39.15,39.15,0.0,-10173.375817,0.0
2019-02-25,16,0,83,87.3,87.3,0.0,-22685.458719,0.0
2019-02-25,16,0,84,0.0,0.0,0.0,-0.0,0.0
2019-02-25,16,0,86,11.5,11.5,0.0,-64.635267,0.0
2019-02-25,16,0,87,58.73,58.73,0.0,-330.0895,0.0
2019-02-25,16,0,88,51.18,51.18,0.0,-13299.44762,0.0
2019-02-25,16,0,89,49.2,49.2,0.0,-12784.932062,0.0
2019-02-25,16,0,90,66.06,66.06,0.0,-17166.11,0.0
2019-02-25,16,0,91,235.65,235.65,0.0,-61235.147161,0.0
2019-02-25,16,0,92,84.75,84.75,0.0,-22022.825045,0.0
2019-02-25,16,0,95,120.0,120.0,0.0,2333.493576,0.0
2019-02-25,16,0,96,29.88,29.88,0.0,-4855.314976,0.0
2019-02-25,16,0,97,183.75,183.75,0.0,-29858.237179,0.0
2019-02-25,16,0,99,29.54,29.54,0.0,-2113.085313,0.0
2019-02-25,16,0,101,14.48,14.48,0.0,-14480.0,0.0
2019-02-25,16,0,102,80.5,80.5,0.0,-31498.490057,0.0
2019-02-25,16,0,103,70.0,70.0,0.0,-27389.991354,0.0
2019-02-25,16,0,104,13.0,13.0,0.0,-5086.71268,0.0
2019-02-25,16,0,106,295.07,295.07,0.0,-149764.412218,0.0
2019-02-25,16,0,109,60.0,60.0,0.0,-6662.597031,0.0
2019-02-25,16,0,110,338.6,338.6,0.0,-338600.0,0.0
2019-02-25,16,0,111,22.57,22.57,0.0,-3439.130052,0.0
2019-02-25,16,0,113,45.0,45.0,0.0,-11307.44333,0.0
2019-02-25,16,0,115,45.0,45.0,0.0,-11307.44333,0.0
2019-02-25,16,0,116,137.46,137.46,0.0,-137460.0,0.0
2019-02-25,16,0,117,3.0,3.0,0.0,-753.829555,0.0
2019-02-25,16,0,119,60.0,60.0,0.0,6243.28677,0.0
2019-02-25,16,0,120,35.28,35.28,0.0,3671.052621,0.0
2019-02-25,16,0,123,4.92,4.92,0.0,-2497.173241,0.0
2019-02-25,16,0,125,52.26,52.26,0.0,-26524.852349,0.0
2019-02-25,16,0,126,221.31,221.31,0.0,-112327.11583,0.0
2019-02-25,16,0,127,284.01,284.01,0.0,-144150.847982,0.0
2019-02-25,16,0,128,74.85,74.85,0.0,-37990.531923,0.0
2019-02-25,16,0,131,30.0,30.0,0.0,-10538.005358,0.0
2019-02-25,16,0,132,44.1,44.1,0.0,-15490.867876,0.0
2019-02-25,16,0,133,50.5,50.5,0.0,-1799.836946,0.0
2019-02-25,16,0,134,0.0,0.0,0.0,-0.0,0.0
2019-02-25,16,0,135,64.2,64.2,0.0,-2288.109543,0.0
2019-02-25,16,0,136,45.9,45.9,0.0,-1699.891561,0.0
2019-02-25,16,0,139,107.25,107.25,0.0,-16342.343736,0.0
2019-02-25,16,0,140,250.6,250.6,0.0,-250600.0,0.0
2019-02-25,16,0,141,230.0,230.0,0.0,-124459.830341,0.0
2019-02-25,16,0,142,516.35,516.35,0.0,-279412.319117,0.0
2019-02-25,16,0,143,146.53,146.53,0.0,-146530.0,0.0
2019-02-25,16,0,145,30.0,30.0,0.0,-4986.459524,0.0
2019-02-25,16,0,146,268.0,268.0,0.0,-268000.0,0.0
2019-02-25,16,0,152,8.88,8.88,0.0,-621.033222,0.0
2019-02-25,16,0,153,11.1,11.1,0.0,-793.372122,0.0
2019-02-25,16,0,154,93.09,93.09,0.0,-14184.697234,0.0
2019-02-25,16,0,157,250.0,250.0,0.0,-135282.424284,0.0
2019-02-25,16,0,158,392.88,392.88,0.0,-212599.035411,0.0
2019-02-25,16,0,159,0.0,0.0,0.0,-0.0,0.0
2019-02-25,16,0,160,2.94,2.94,0.0,-147.895752,0.0
2019-02-25,16,0,161,73.18,73.18,0.0,-28634.279533,0.0
2019-02-25,16,0,162,162.5,162.5,0.0,3301.61181,0.0
2019-02-25,16,0,163,146.36,146.36,0.0,-146360.0,0.0
2019-02-25,16,0,164,27.21,27.21,0.0,-27210.0,0.0
2019-02-25,16,0,167,6.94,6.94,0.0,116.975452,0.0
2019-02-25,16,0,168,3.47,3.47,0.0,58.487726,0.0
2019-02-25,16,0,169,0.0,0.0,0.0,0.0,0.0
2019-02-25,16,0,170,7.59,7.59,0.0,127.931366,0.0
2019-02-25,16,0,172,8.98,8.98,0.0,29.898577,0.0
2019-02-25,16,0,173,13.69,13.69,0.0,45.580347,0.0
2019-02-25,16,0,188,12.34,12.34,0.0,119.55838,0.0
2019-02-25,16,0,190,10.96,10.96,0.0,355.406026,0.0
2019-02-25,16,0,191,28.32,28.32,0.0,918.348418,0.0
2019-02-25,16,0,192,332.6,332.6,0.0,10785.405497,0.0
2019-02-25,16,0,194,52.95,52.95,0.0,-6975.303673,0.0
2019-02-25,16,0,196,7.44,7.44,0.0,1939.99124,0.0
2019-02-25,16,0,198,11.65,11.65,0.0,-119.377826,0.0
2019-02-25,16,0,199,130.0,130.0,0.0,-19838.439863,0.0
2019-02-25,16,0,200,21.08,21.08,0.0,-3216.879326,0.0
2019-02-25,16,0,204,257.1,257.1,0.0,-29578.241221,0.0
2019-02-25,16,0,205,317.4,317.4,0.0,-35245.138296,0.0
2019-02-25,16,0,206,539.94,539.94,0.0,-87736.90657,0.0
2019-02-25,16,0,210,0.84,0.84,0.0,4.963927,0.0
2019-02-25,16,0,214,4.72,4.72,0.0,57.565533,0.0
2019-02-25,16,0,217,2.47,2.47,0.0,30.264729,0.0
2019-02-25,16,0,218,3.41,3.41,0.0,41.78248,0.0
2019-02-25,16,0,219,2.32,2.32,0.0,28.42679,0.0
2019-02-25,16,0,221,2.52,2.52,0.0,30.73414,0.0
2019-02-25,16,0,225,2.03,2.03,0.0,6.672087,0.0
2019-02-25,16,0,233,6.51,6.51,0.0,-36.589182,0.0
2019-02-25,16,0,236,159.03,159.03,0.0,-8316.225006,0.0
2019-02-25,16,0,237,308.11,308.11,0.0,-22040.03777,0.0
2019-02-25,16,0,238,44.38,44.38,0.0,-1876.683506,0.0
2019-02-25,16,0,240,14.68,14.68,0.0,-1202.995848,0.0
2019-02-25,16,0,245,78.0,78.0,0.0,-2440.823809,0.0
2019-02-25,16,0,247,171.72,171.72,0.0,-5373.567494,0.0
2019-02-25,16,0,248,36.28,36.28,0.0,-2595.217845,0.0
2019-02-25,16,0,249,150.0,150.0,0.0,-4693.891941,0.0
2019-02-25,16,0,251,326.4,326.4,0.0,-12716.631955,0.0
2019-02-25,16,0,252,267.06,267.06,0.0,-9872.690392,0.0
2019-02-25,16,0,254,16.68,16.68,0.0,-1142.988783,0.0
2019-02-25,16,0,255,7.64,7.64,0.0,-523.527236,0.0
2019-02-25,16,0,258,18.21,18.21,0.0,-1470.744027,0.0
2019-02-25,16,0,260,7.13,7.13,0.0,-358.672351,0.0
2019-02-25,16,0,265,96.38,96.38,0.0,-14686.014818,0.0
2019-02-25,16,0,266,68.38,68.38,0.0,-10419.482188,0.0
2019-02-25,16,0,267,84.71,84.71,0.0,-12907.784968,0.0
2019-02-25,16,0,270,395.58,395.58,0.0,-395580.0,0.0
2019-02-25,16,0,272,150.39,150.39,0.0,-37789.47561,0.0
2019-02-25,16,0,273,32.87,32.87,0.0,-32870.0,0.0
2019-02-25,16,0,274,493.67,493.67,0.0,-493670.0,0.0
2019-02-25,16,0,275,661.83,661.83,0.0,-661830.0,0.0
2019-02-25,16,0,276,7.57,7.57,0.0,-6794.407681,0.0
2019-02-25,16,0,277,9.42,9.42,0.0,-2399.427626,0.0
2019-02-25,16,0,278,15.06,15.06,0.0,-3836.027605,0.0
2019-02-25,16,0,279,604.22,604.22,0.0,-153904.687897,0.0
2019-02-25,16,0,281,56.1,56.1,0.0,-56100.0,0.0
2019-02-25,16,0,282,394.41,394.41,0.0,-394410.0,0.0
2019-02-25,17,0,9,2.76,2.76,0.0,-1096.738994,0.0
2019-02-25,17,0,17,20.01,20.01,0.0,84.172254,0.0
2019-02-25,17,0,19,247.29,247.29,0.0,1040.227718,0.0
2019-02-25,17,0,20,297.79,297.79,0.0,1252.656444,0.0
2019-02-25,17,0,21,63.18,63.18,0.0,-25105.786108,0.0
2019-02-25,17,0,22,224.54,224.54,0.0,-89225.280354,0.0
2019-02-25,17,0,23,47.2,47.2,0.0,-18755.826279,0.0
2019-02-25,17,0,24,83.96,83.96,0.0,-33363.118102,0.0
2019-02-25,17,0,29,1.81,1.81,0.0,8.00583,0.0
2019-02-25,17,0,30,534.77,534.77,0.0,-534770.0,0.0
2019-02-25,17,0,31,125.0,125.0,0.0,-125000.0,0.0
2019-02-25,17,0,32,4.28,4.28,0.0,153.565461,0.0
2019-02-25,17,0,33,1.69,1.69,0.0,15.668011,0.0
2019-02-25,17,0,34,2.7,2.7,0.0,25.031733,0.0
2019-02-25,17,0,35,2.7,2.7,0.0,25.031733,0.0
2019-02-25,17,0,36,9.5,9.5,0.0,-30.139426,0.0
2019-02-25,17,0,37,4.36,4.36,0.0,-13.831401,0.0
2019-02-25,17,0,38,5.6,5.6,0.0,-17.765103,0.0
2019-02-25,17,0,39,3.74,3.74,0.0,-11.864551,0.0
2019-02-25,17,0,40,3.74,3.74,0.0,-11.864551,0.0
2019-02-25,17,0,41,34.8,34.8,0.0,-687.679277,0.0
2019-02-25,17,0,42,25.29,25.29,0.0,78.619093,0.0
2019-02-25,17,0,43,28.93,28.93,0.0,-58.041316,0.0
2019-02-25,17,0,46,25.03,25.03,0.0,-111.129083,0.0
2019-02-25,17,0,52,132.5,132.5,0.0,-132500.0,0.0
2019-02-25,17,0,53,210.5,210.5,0.0,-210500.0,0.0
2019-02-25,17,0,55,623.0,623.0,0.0,-247561.012116,0.0
2019-02-25,17,0,56,157.74,157.74,0.0,-157740.0,0.0
2019-02-25,17,0,57,150.04,150.04,0.0,-150040.0,0.0
2019-02-25,17,0,58,288.54,288.54,0.0,-288540.0,0.0
2019-02-25,17,0,59,283.73,283.73,0.0,-283730.0,0.0
2019-02-25,17,0,63,95.49,95.49,0.0,10265.177504,0.0
2019-02-25,17,0,64,112.31,112.31,0.0,12073.327945,0.0
2019-02-25,17,0,65,36.67,36.67,0.0,146.77456,0.0
2019-02-25,17,0,67,291.91,291.91,0.0,-162250.93208,0.0
2019-02-25,17,0,68,19.11,19.11,0.0,-7850.003909,0.0
2019-02-25,17,0,69,1.69,1.69,0.0,15.668011,0.0
2019-02-25,17,0,74,104.24,104.24,0.0,-214.720709,0.0
2019-02-25,17,0,77,60.0,60.0,0.0,-17338.641183,0.0
2019-02-25,17,0,78,45.36,45.36,0.0,-13108.012734,0.0
2019-02-25,17,0,79,26.25,26.25,0.0,-7585.655518,0.0
2019-02-25,17,0,80,42.45,42.45,0.0,-12267.088637,0.0
2019-02-25,17,0,81,55.5,55.5,0.0,-16038.243094,0.0
2019-02-25,17,0,82,39.15,39.15,0.0,-11313.463372,0.0
2019-02-25,17,0,83,87.3,87.3,0.0,-25227.722921,0.0
2019-02-25,17,0,84,0.0,0.0,0.0,-0.0,0.0
2019-02-25,17,0,86,8.55,8.55,0.0,79.267156,0.0
2019-02-25,17,0,87,43.65,43.65,0.0,404.679689,0.0
2019-02-25,17,0,88,51.18,51.18,0.0,-14789.860929,0.0
2019-02-25,17,0,89,49.2,49.2,0.0,-14217.68577,0.0
2019-02-25,17,0,90,66.06,66.06,0.0,-19089.843943,0.0
2019-02-25,17,0,91,235.65,235.65,0.0,-68097.513247,0.0
2019-02-25,17,0,92,84.75,84.75,0.0,-24490.830671,0.0
2019-02-25,17,0,95,120.0,120.0,0.0,2333.493576,0.0
2019-02-25,17,0,96,29.88,29.88,0.0,834.887121,0.0
2019-02-25,17,0,97,183.75,183.75,0.0,5134.220496,0.0
2019-02-25,17,0,99,21.2,21.2,0.0,-43.669216,0.0
2019-02-25,17,0,101,10.77,10.77,0.0,-10770.0,0.0
2019-02-25,17,0,102,45.19,45.19,0.0,-18563.143729,0.0
2019-02-25,17,0,103,39.3,39.3,0.0,-16143.650112,0.0
2019-02-25,17,0,104,7.33,7.33,0.0,-3011.016675,0.0
2019-02-25,17,0,106,221.04,221.04,0.0,-87834.488151,0.0
2019-02-25,17,0,109,60.0,60.0,0.0,-410.913125,0.0
2019-02-25,17,0,110,338.6,338.6,0.0,-338600.0,0.0
2019-02-25,17,0,111,17.49,17.49,0.0,-345.61812,0.0
2019-02-25,17,0,113,45.0,45.0,0.0,-11829.585086,0.0
2019-02-25,17,0,115,45.0,45.0,0.0,-11829.585086,0.0
2019-02-25,17,0,116,102.24,102.24,0.0,-102240.0,0.0
2019-02-25,17,0,117,3.0,3.0,0.0,-788.639006,0.0
2019-02-25,17,0,119,112.31,112.31,0.0,12073.327945,0.0
2019-02-25,17,0,120,66.1,66.1,0.0,7105.751734,0.0
2019-02-25,17,0,123,3.68,3.68,0.0,-1462.318659,0.0
2019-02-25,17,0,125,75.89,75.89,0.0,-30156.348651,0.0
2019-02-25,17,0,126,165.78,165.78,0.0,-65875.866113,0.0
2019-02-25,17,0,127,212.75,212.75,0.0,-84540.297476,0.0
2019-02-25,17,0,128,109.23,109.23,0.0,-43404.637806,0.0
2019-02-25,17,0,131,30.0,30.0,0.0,-11161.283132,0.0
2019-02-25,17,0,132,44.1,44.1,0.0,-16407.086205,0.0
2019-02-25,17,0,133,106.2,106.2,0.0,448.771763,0.0
2019-02-25,17,0,134,0.0,0.0,0.0,0.0,0.0
2019-02-25,17,0,135,139.03,139.03,0.0,587.502243,0.0
2019-02-25,17,0,136,41.7,41.7,0.0,166.440683,0.0
2019-02-25,17,0,139,44.94,44.94,0.0,-888.054791,0.0
2019-02-25,17,0,140,250.6,250.6,0.0,-250600.0,0.0
2019-02-25,17,0,141,230.0,230.0,0.0,-127839.794383,0.0
2019-02-25,17,0,142,384.96,384.96,0.0,-213970.466285,0.0
2019-02-25,17,0,143,157.26,157.26,0.0,-157260.0,0.0
2019-02-25,17,0,145,30.0,30.0,0.0,-410.379598,0.0
2019-02-25,17,0,146,268.0,268.0,0.0,-268000.0,0.0
2019-02-25,17,0,152,6.6,6.6,0.0,-9.1256,0.0
2019-02-25,17,0,153,8.22,8.22,0.0,-13.407823,0.0
2019-02-25,17,0,154,72.13,72.13,0.0,-1425.353629,0.0
2019-02-25,17,0,157,250.0,250.0,0.0,-138956.298242,0.0
2019-02-25,17,0,158,299.71,299.71,0.0,-166586.368585,0.0
2019-02-25,17,0,159,0.0,0.0,0.0,-0.0,0.0
2019-02-25,17,0,160,2.18,2.18,0.0,3.189331,0.0
2019-02-25,17,0,161,54.01,54.01,0.0,-22186.222456,0.0
2019-02-25,17,0,162,162.5,162.5,0.0,3290.688767,0.0
2019-02-25,17,0,163,185.4,185.4,0.0,-185400.0,0.0
2019-02-25,17,0,164,20.42,20.42,0.0,-20420.0,0.0
2019-02-25,17,0,167,4.93,4.93,0.0,81.807215,0.0
2019-02-25,17,0,168,2.47,2.47,0.0,40.986576,0.0
2019-02-25,17,0,169,0.0,0.0,0.0,0.0,0.0
2019-02-25,17,0,170,5.39,5.39,0.0,89.440343,0.0
2019-02-25,17,0,172,6.39,6.39,0.0,52.7208,0.0
2019-02-25,17,0,173,9.74,9.74,0.0,80.36003,0.0
2019-02-25,17,0,188,8.61,8.61,0.0,154.069814,0.0
2019-02-25,17,0,190,7.97,7.97,0.0,258.44763,0.0
2019-02-25,17,0,191,20.6,20.6,0.0,668.007677,0.0
2019-02-25,17,0,192,332.6,332.6,0.0,10785.405497,0.0
2019-02-25,17,0,194,52.95,52.95,0.0,-6913.397105,0.0
2019-02-25,17,0,196,5.53,5.53,0.0,1441.031918,0.0
2019-02-25,17,0,198,8.51,8.51,0.0,58.962427,0.0
2019-02-25,17,0,199,130.0,130.0,0.0,-4852.365728,0.0
2019-02-25,17,0,200,15.31,15.31,0.0,-571.459379,0.0
2019-02-25,17,0,204,257.1,257.1,0.0,-1879.434896,0.0
2019-02-25,17,0,205,317.4,317.4,0.0,-2173.730432,0.0
2019-02-25,17,0,206,539.94,539.94,0.0,15086.644977,0.0
2019-02-25,17,0,210,0.61,0.61,0.0,3.224637,0.0
2019-02-25,17,0,214,3.4,3.4,0.0,41.671079,0.0
2019-02-25,17,0,217,1.77,1.77,0.0,16.811574,0.0
2019-02-25,17,0,218,2.44,2.44,0.0,23.175277,0.0
2019-02-25,17,0,219,1.66,1.66,0.0,15.766787,0.0
2019-02-25,17,0,221,1.81,1.81,0.0,22.183722,0.0
2019-02-25,17,0,225,1.48,1.48,0.0,6.422831,0.0
2019-02-25,17,0,233,4.84,4.84,0.0,44.8717,0.0
2019-02-25,17,0,236,159.03,159.03,0.0,233.130531,0.0
2019-02-25,17,0,237,257.58,257.58,0.0,-530.580969,0.0
2019-02-25,17,0,238,32.92,32.92,0.0,102.338495,0.0
2019-02-25,17,0,240,10.77,10.77,0.0,-34.168591,0.0
2019-02-25,17,0,245,78.0,78.0,0.0,386.600966,0.0
2019-02-25,17,0,247,171.72,171.72,0.0,851.116897,0.0
2019-02-25,17,0,248,26.21,26.21,0.0,-53.989158,0.0
2019-02-25,17,0,249,150.0,150.0,0.0,743.463397,0.0
2019-02-25,17,0,251,295.49,295.49,0.0,1083.785887,0.0
2019-02-25,17,0,252,236.54,236.54,0.0,946.769961,0.0
2019-02-25,17,0,254,12.15,12.15,0.0,-13.798833,0.0
2019-02-25,17,0,255,5.57,5.57,0.0,-6.325885,0.0
2019-02-25,17,0,258,13.42,13.42,0.0,-40.048012,0.0
2019-02-25,17,0,260,5.29,5.29,0.0,7.739247,0.0
2019-02-25,17,0,265,74.68,74.68,0.0,-1475.743921,0.0
2019-02-25,17,0,266,29.1,29.1,0.0,-575.042154,0.0
2019-02-25,17,0,267,35.76,35.76,0.0,-706.64974,0.0
2019-02-25,17,0,270,578.99,578.99,0.0,-578990.0,0.0
2019-02-25,17,0,272,150.39,150.39,0.0,-39534.473358,0.0
2019-02-25,17,0,273,24.45,24.45,0.0,-24450.0,0.0
2019-02-25,17,0,274,746.39,746.39,0.0,-746390.0,0.0
2019-02-25,17,0,275,1038.99,1038.99,0.0,-1038990.0,0.0
2019-02-25,17,0,276,5.57,5.57,0.0,-5017.596037,0.0
2019-02-25,17,0,277,7.07,7.07,0.0,-1932.532546,0.0
2019-02-25,17,0,278,11.31,11.31,0.0,-3091.505388,0.0
2019-02-25,17,0,279,264.6,264.6,0.0,-72326.465571,0.0
2019-02-25,17,0,281,56.1,56.1,0.0,-56100.0,0.0
2019-02-25,17,0,282,293.35,293.35,0.0,-293350.0,0.0
2019-02-25,18,0,9,1.81,1.81,0.0,-18.678284,0.0
2019-02-25,18,0,17,12.31,12.31,0.0,77.683108,0.0
2019-02-25,18,0,19,310.58,310.58,0.0,1959.936615,0.0
2019-02-25,18,0,20,378.2,378.2,0.0,2386.657312,0.0
2019-02-25,18,0,21,41.39,41.39,0.0,-427.123857,0.0
2019-02-25,18,0,22,147.08,147.08,0.0,-1517.791179,0.0
2019-02-25,18,0,23,94.93,94.93,0.0,-979.629567,0.0
2019-02-25,18,0,24,168.46,168.46,0.0,-1738.421961,0.0
2019-02-25,18,0,29,1.04,1.04,0.0,5.242942,0.0
2019-02-25,18,0,30,352.07,352.07,0.0,-3668.998906,0.0
2019-02-25,18,0,31,92.34,92.34,0.0,-962.29545,0.0
2019-02-25,18,0,32,2.55,2.55,0.0,88.8054,0.0
2019-02-25,18,0,33,1.03,1.03,0.0,9.715488,0.0
2019-02-25,18,0,34,1.65,1.65,0.0,15.563646,0.0
2019-02-25,18,0,35,1.65,1.65,0.0,15.563646,0.0
2019-02-25,18,0,36,5.91,5.91,0.0,7.932707,0.0
2019-02-25,18,0,37,2.71,2.71,0.0,3.405452,0.0
2019-02-25,18,0,38,3.48,3.48,0.0,4.373052,0.0
2019-02-25,18,0,39,2.32,2.32,0.0,2.915368,0.0
2019-02-25,18,0,40,2.32,2.32,0.0,2.915368,0.0
2019-02-25,18,0,41,34.8,34.8,0.0,-173.136688,0.0
2019-02-25,18,0,42,16.16,16.16,0.0,91.042876,0.0
2019-02-25,18,0,43,17.86,17.86,0.0,34.773904,0.0
2019-02-25,18,0,46,15.52,15.52,0.0,2.253259,0.0
2019-02-25,18,0,52,97.89,97.89,0.0,-1020.13322,0.0
2019-02-25,18,0,53,155.55,155.55,0.0,-1621.020762,0.0
2019-02-25,18,0,55,460.54,460.54,0.0,-4752.539773,0.0
2019-02-25,18,0,56,103.85,103.85,0.0,-1082.243691,0.0
2019-02-25,18,0,57,98.78,98.78,0.0,-1029.408106,0.0
2019-02-25,18,0,58,189.96,189.96,0.0,-1979.614941,0.0
2019-02-25,18,0,59,186.8,186.8,0.0,-1946.683886,0.0
2019-02-25,18,0,63,170.0,170.0,0.0,18040.179494,0.0
2019-02-25,18,0,64,200.0,200.0,0.0,21223.740581,0.0
2019-02-25,18,0,65,30.42,30.42,0.0,188.14341,0.0
2019-02-25,18,0,67,191.43,191.43,0.0,-106782.042319,0.0
2019-02-25,18,0,68,10.2,10.2,0.0,-4216.844543,0.0
2019-02-25,18,0,69,1.03,1.03,0.0,9.715488,0.0
2019-02-25,18,0,74,65.28,65.28,0.0,172.996529,0.0
2019-02-25,18,0,77,60.0,60.0,0.0,-17552.601349,0.0
2019-02-25,18,0,78,45.36,45.36,0.0,-13269.76662,0.0
2019-02-25,18,0,79,26.25,26.25,0.0,-7679.26309,0.0
2019-02-25,18,0,80,42.45,42.45,0.0,-12418.465455,0.0
2019-02-25,18,0,81,55.5,55.5,0.0,-16236.156248,0.0
2019-02-25,18,0,82,39.15,39.15,0.0,-11453.07238,0.0
2019-02-25,18,0,83,87.3,87.3,0.0,-25539.034963,0.0
2019-02-25,18,0,84,0.0,0.0,0.0,-0.0,0.0
2019-02-25,18,0,86,5.24,5.24,0.0,49.426368,0.0
2019-02-25,18,0,87,26.73,26.73,0.0,252.131073,0.0
2019-02-25,18,0,88,51.18,51.18,0.0,-14972.368951,0.0
2019-02-25,18,0,89,49.2,49.2,0.0,-14393.133106,0.0
2019-02-25,18,0,90,66.06,66.06,0.0,-19325.414086,0.0
2019-02-25,18,0,91,235.65,235.65,0.0,-68937.841799,0.0
2019-02-25,18,0,92,84.75,84.75,0.0,-24793.049406,0.0
2019-02-25,18,0,95,93.46,93.46,0.0,1817.40258,0.0
2019-02-25,18,0,96,29.88,29.88,0.0,-314.562703,0.0
2019-02-25,18,0,97,183.75,183.75,0.0,-1934.43429,0.0
2019-02-25,18,0,99,12.6,12.6,0.0,33.390874,0.0
2019-02-25,18,0,101,7.09,7.09,0.0,-73.886449,0.0
2019-02-25,18,0,102,24.15,24.15,0.0,-9983.99958,0.0
2019-02-25,18,0,103,21.0,21.0,0.0,-8681.738765,0.0
2019-02-25,18,0,104,3.9,3.9,0.0,-1612.322914,0.0
2019-02-25,18,0,106,144.79,144.79,0.0,-1494.159538,0.0
2019-02-25,18,0,109,60.0,60.0,0.0,-93.49304,0.0
2019-02-25,18,0,110,338.6,338.6,0.0,-338600.0,0.0
2019-02-25,18,0,111,11.29,11.29,0.0,-56.16992,0.0
2019-02-25,18,0,113,45.0,45.0,0.0,-11938.437944,0.0
2019-02-25,18,0,115,45.0,45.0,0.0,-11938.437944,0.0
2019-02-25,18,0,116,64.75,64.75,0.0,-64750.0,0.0
2019-02-25,18,0,117,3.0,3.0,0.0,-795.895863,0.0
2019-02-25,18,0,119,200.0,200.0,0.0,21223.740581,0.0
2019-02-25,18,0,120,117.6,117.6,0.0,12479.559462,0.0
2019-02-25,18,0,123,2.41,2.41,0.0,-24.869981,0.0
2019-02-25,18,0,125,152.35,152.35,0.0,-1572.174913,0.0
2019-02-25,18,0,126,108.59,108.59,0.0,-1120.593855,0.0
2019-02-25,18,0,127,139.36,139.36,0.0,-1438.124686,0.0
2019-02-25,18,0,128,218.77,218.77,0.0,-2257.595705,0.0
2019-02-25,18,0,131,30.0,30.0,0.0,-11245.569466,0.0
2019-02-25,18,0,132,44.1,44.1,0.0,-16530.987116,0.0
2019-02-25,18,0,133,125.77,125.77,0.0,795.1699,0.0
2019-02-25,18,0,134,0.0,0.0,0.0,0.0,0.0
2019-02-25,18,0,135,168.53,168.53,0.0,1065.516285,0.0
2019-02-25,18,0,136,34.81,34.81,0.0,215.054709,0.0
2019-02-25,18,0,139,44.94,44.94,0.0,-223.585136,0.0
2019-02-25,18,0,140,250.6,250.6,0.0,-250600.0,0.0
2019-02-25,18,0,141,230.0,230.0,0.0,-128296.869526,0.0
2019-02-25,18,0,142,252.44,252.44,0.0,-140814.181492,0.0
2019-02-25,18,0,143,124.68,124.68,0.0,-1299.317703,0.0
2019-02-25,18,0,145,30.0,30.0,0.0,-213.916665,0.0
2019-02-25,18,0,146,268.0,268.0,0.0,-268000.0,0.0
2019-02-25,18,0,152,4.14,4.14,0.0,11.347557,0.0
2019-02-25,18,0,153,5.15,5.15,0.0,13.285362,0.0
2019-02-25,18,0,154,46.56,46.56,0.0,-231.644948,0.0
2019-02-25,18,0,157,250.0,250.0,0.0,-139453.119051,0.0
2019-02-25,18,0,158,198.93,198.93,0.0,-110965.635891,0.0
2019-02-25,18,0,159,0.0,0.0,0.0,0.0,0.0
2019-02-25,18,0,160,1.34,1.34,0.0,5.583582,0.0
2019-02-25,18,0,161,34.91,34.91,0.0,-14432.357157,0.0
2019-02-25,18,0,162,112.71,112.71,0.0,2281.40718,0.0
2019-02-25,18,0,163,185.4,185.4,0.0,-185400.0,0.0
2019-02-25,18,0,164,13.22,13.22,0.0,-137.768528,0.0
2019-02-25,18,0,167,2.91,2.91,0.0,48.434025,0.0
2019-02-25,18,0,168,1.46,1.46,0.0,24.300233,0.0
2019-02-25,18,0,169,0.0,0.0,0.0,0.0,0.0
2019-02-25,18,0,170,3.18,3.18,0.0,52.927904,0.0
2019-02-25,18,0,172,3.79,3.79,0.0,32.178736,0.0
2019-02-25,18,0,173,5.77,5.77,0.0,48.989791,0.0
2019-02-25,18,0,188,5.14,5.14,0.0,88.821897,0.0
2019-02-25,18,0,190,4.95,4.95,0.0,160.516408,0.0
2019-02-25,18,0,191,12.79,12.79,0.0,414.748456,0.0
2019-02-25,18,0,192,332.6,332.6,0.0,10785.405497,0.0
2019-02-25,18,0,194,98.98,98.98,0.0,-13104.597772,0.0
2019-02-25,18,0,196,3.46,3.46,0.0,894.512533,0.0
2019-02-25,18,0,198,5.14,5.14,0.0,39.282213,0.0
2019-02-25,18,0,199,111.41,111.41,0.0,-4222.575345,0.0
2019-02-25,18,0,200,9.22,9.22,0.0,-349.449284,0.0
2019-02-25,18,0,204,257.1,257.1,0.0,-509.062485,0.0
2019-02-25,18,0,205,317.4,317.4,0.0,-494.578184,0.0
2019-02-25,18,0,206,539.94,539.94,0.0,-5684.236467,0.0
2019-02-25,18,0,210,0.35,0.35,0.0,1.941392,0.0
2019-02-25,18,0,214,2.02,2.02,0.0,22.785599,0.0
2019-02-25,18,0,217,1.03,1.03,0.0,9.259627,0.0
2019-02-25,18,0,218,1.43,1.43,0.0,12.855598,0.0
2019-02-25,18,0,219,0.97,0.97,0.0,8.720231,0.0
2019-02-25,18,0,221,1.08,1.08,0.0,12.1824,0.0
2019-02-25,18,0,225,0.85,0.85,0.0,4.243598,0.0
2019-02-25,18,0,233,2.96,2.96,0.0,27.920238,0.0
2019-02-25,18,0,236,159.03,159.03,0.0,729.949607,0.0
2019-02-25,18,0,237,156.6,156.6,0.0,415.000863,0.0
2019-02-25,18,0,238,21.03,21.03,0.0,118.479684,0.0
2019-02-25,18,0,240,6.7,6.7,0.0,8.993086,0.0
2019-02-25,18,0,245,72.71,72.71,0.0,492.45342,0.0
2019-02-25,18,0,247,171.72,171.72,0.0,1163.032612,0.0
2019-02-25,18,0,248,15.72,15.72,0.0,41.659091,0.0
2019-02-25,18,0,249,139.82,139.82,0.0,946.978918,0.0
2019-02-25,18,0,251,250.56,250.56,0.0,1497.963813,0.0
2019-02-25,18,0,252,196.25,196.25,0.0,1213.778574,0.0
2019-02-25,18,0,254,7.46,7.46,0.0,18.680287,0.0
2019-02-25,18,0,255,3.42,3.42,0.0,8.563885,0.0
2019-02-25,18,0,258,8.34,8.34,0.0,12.008998,0.0
2019-02-25,18,0,260,3.24,3.24,0.0,13.500601,0.0
2019-02-25,18,0,265,48.21,48.21,0.0,-239.854015,0.0
2019-02-25,18,0,266,29.1,29.1,0.0,-144.778092,0.0
2019-02-25,18,0,267,35.76,35.76,0.0,-177.912872,0.0
2019-02-25,18,0,270,579.0,579.0,0.0,-579000.0,0.0
2019-02-25,18,0,272,150.39,150.39,0.0,-39898.25961,0.0
2019-02-25,18,0,273,15.48,15.48,0.0,-15480.0,0.0
2019-02-25,18,0,274,746.4,746.4,0.0,-746400.0,0.0
2019-02-25,18,0,275,1039.0,1039.0,0.0,-1039000.0,0.0
2019-02-25,18,0,276,3.54,3.54,0.0,-3190.491763,0.0
2019-02-25,18,0,277,4.49,4.49,0.0,-1240.234422,0.0
2019-02-25,18,0,278,7.19,7.19,0.0,-1986.032404,0.0
2019-02-25,18,0,279,264.6,264.6,0.0,-73088.202245,0.0
2019-02-25,18,0,281,41.41,41.41,0.0,-431.542718,0.0
2019-02-25,18,0,282,193.13,193.13,0.0,-2012.650208,0.0
2019-02-25,19,0,9,0.41,0.41,0.0,3.114599,0.0
2019-02-25,19,0,17,1.81,1.81,0.0,2.556813,0.0
2019-02-25,19,0,19,615.51,615.51,0.0,869.471677,0.0
2019-02-25,19,0,20,748.14,748.14,0.0,1056.8253,0.0
2019-02-25,19,0,21,9.47,9.47,0.0,71.939652,0.0
2019-02-25,19,0,22,33.65,33.65,0.0,255.625056,0.0
2019-02-25,19,0,23,108.8,108.8,0.0,826.508354,0.0
2019-02-25,19,0,24,192.5,192.5,0.0,1462.342446,0.0
2019-02-25,19,0,29,0.1,0.1,0.0,0.712913,0.0
2019-02-25,19,0,30,100.8,100.8,0.0,765.97225,0.0
2019-02-25,19,0,31,37.5,37.5,0.0,284.959914,0.0
2019-02-25,19,0,32,0.27,0.27,0.0,10.257748,0.0
2019-02-25,19,0,33,0.2,0.2,0.0,1.440726,0.0
2019-02-25,19,0,34,0.32,0.32,0.0,2.305162,0.0
2019-02-25,19,0,35,0.32,0.32,0.0,2.305162,0.0
2019-02-25,19,0,36,0.96,0.96,0.0,7.034759,0.0
2019-02-25,19,0,37,0.45,0.45,0.0,3.298434,0.0
2019-02-25,19,0,38,0.58,0.58,0.0,4.251314,0.0
2019-02-25,19,0,39,0.39,0.39,0.0,2.858642,0.0
2019-02-25,19,0,40,0.39,0.39,0.0,2.858642,0.0
2019-02-25,19,0,41,34.8,34.8,0.0,260.062469,0.0
2019-02-25,19,0,42,5.02,5.02,0.0,28.890831,0.0
2019-02-25,19,0,43,2.66,2.66,0.0,19.455141,0.0
2019-02-25,19,0,46,2.23,2.23,0.0,16.402685,0.0
2019-02-25,19,0,52,39.75,39.75,0.0,302.057509,0.0
2019-02-25,19,0,53,63.15,63.15,0.0,479.872496,0.0
2019-02-25,19,0,55,186.9,186.9,0.0,1419.801575,0.0
2019-02-25,19,0,56,29.73,29.73,0.0,225.91622,0.0
2019-02-25,19,0,57,28.28,28.28,0.0,214.89777,0.0
2019-02-25,19,0,58,54.39,54.39,0.0,413.30586,0.0
2019-02-25,19,0,59,53.48,53.48,0.0,406.390832,0.0
2019-02-25,19,0,63,170.0,170.0,0.0,18336.642266,0.0
2019-02-25,19,0,64,200.0,200.0,0.0,21572.520313,0.0
2019-02-25,19,0,65,24.94,24.94,0.0,107.094966,0.0
2019-02-25,19,0,67,43.38,43.38,0.0,-24266.837383,0.0
2019-02-25,19,0,68,12.55,12.55,0.0,-5214.826963,0.0
2019-02-25,19,0,69,0.2,0.2,0.0,1.440726,0.0
2019-02-25,19,0,74,65.28,65.28,0.0,476.181659,0.0
2019-02-25,19,0,77,60.0,60.0,0.0,-17745.2436,0.0
2019-02-25,19,0,78,45.36,45.36,0.0,-13415.404162,0.0
2019-02-25,19,0,79,26.25,26.25,0.0,-7763.544075,0.0
2019-02-25,19,0,80,42.45,42.45,0.0,-12554.759847,0.0
2019-02-25,19,0,81,55.5,55.5,0.0,-16414.35033,0.0
2019-02-25,19,0,82,39.15,39.15,0.0,-11578.771449,0.0
2019-02-25,19,0,83,87.3,87.3,0.0,-25819.329439,0.0
2019-02-25,19,0,84,0.0,0.0,0.0,0.0,0.0
2019-02-25,19,0,86,1.03,1.03,0.0,7.419739,0.0
2019-02-25,19,0,87,5.25,5.25,0.0,37.819059,0.0
2019-02-25,19,0,88,51.18,51.18,0.0,-15136.692791,0.0
2019-02-25,19,0,89,49.2,49.2,0.0,-14551.099752,0.0
2019-02-25,19,0,90,66.06,66.06,0.0,-19537.513204,0.0
2019-02-25,19,0,91,235.65,235.65,0.0,-69694.44424,0.0
2019-02-25,19,0,92,84.75,84.75,0.0,-25065.156585,0.0
2019-02-25,19,0,95,45.33,45.33,0.0,881.477198,0.0
2019-02-25,19,0,96,29.88,29.88,0.0,227.129348,0.0
2019-02-25,19,0,97,183.75,183.75,0.0,1396.754273,0.0
2019-02-25,19,0,99,12.6,12.6,0.0,91.910063,0.0
2019-02-25,19,0,101,2.03,2.03,0.0,15.42583,0.0
2019-02-25,19,0,102,35.91,35.91,0.0,-14921.469023,0.0
2019-02-25,19,0,103,30.13,30.13,0.0,-12519.739952,0.0
2019-02-25,19,0,104,4.3,4.3,0.0,-1786.753461,0.0
2019-02-25,19,0,106,33.13,33.13,0.0,251.674832,0.0
2019-02-25,19,0,109,60.0,60.0,0.0,443.681535,0.0
2019-02-25,19,0,110,338.6,338.6,0.0,-338600.0,0.0
2019-02-25,19,0,111,2.41,2.41,0.0,18.010073,0.0
2019-02-25,19,0,113,45.0,45.0,0.0,-11988.54136,0.0
2019-02-25,19,0,115,45.0,45.0,0.0,-11988.54136,0.0
2019-02-25,19,0,116,11.2,11.2,0.0,-11200.0,0.0
2019-02-25,19,0,117,3.0,3.0,0.0,-799.236091,0.0
2019-02-25,19,0,119,200.0,200.0,0.0,21572.520313,0.0
2019-02-25,19,0,120,117.6,117.6,0.0,12684.641944,0.0
2019-02-25,19,0,123,0.55,0.55,0.0,4.178121,0.0
2019-02-25,19,0,125,174.2,174.2,0.0,1323.324957,0.0
2019-02-25,19,0,126,24.85,24.85,0.0,188.775116,0.0
2019-02-25,19,0,127,31.89,31.89,0.0,242.255068,0.0
2019-02-25,19,0,128,249.5,249.5,0.0,1895.347742,0.0
2019-02-25,19,0,131,30.0,30.0,0.0,-11312.964792,0.0
2019-02-25,19,0,132,44.1,44.1,0.0,-16630.058244,0.0
2019-02-25,19,0,133,117.58,117.58,0.0,895.596834,0.0
2019-02-25,19,0,134,0.0,0.0,0.0,0.0,0.0
2019-02-25,19,0,135,159.33,159.33,0.0,1213.603025,0.0
2019-02-25,19,0,136,28.75,28.75,0.0,128.003426,0.0
2019-02-25,19,0,139,44.94,44.94,0.0,335.839292,0.0
2019-02-25,19,0,140,250.6,250.6,0.0,-250600.0,0.0
2019-02-25,19,0,141,230.0,230.0,0.0,-128662.346662,0.0
2019-02-25,19,0,142,57.21,57.21,0.0,-32003.360228,0.0
2019-02-25,19,0,143,54.37,54.37,0.0,413.153881,0.0
2019-02-25,19,0,145,30.0,30.0,0.0,225.692229,0.0
2019-02-25,19,0,146,268.0,268.0,0.0,-268000.0,0.0
2019-02-25,19,0,152,0.7,0.7,0.0,5.107453,0.0
2019-02-25,19,0,153,0.88,0.88,0.0,6.424001,0.0
2019-02-25,19,0,154,9.93,9.93,0.0,74.20748,0.0
2019-02-25,19,0,157,244.01,244.01,0.0,-136499.561778,0.0
2019-02-25,19,0,158,50.67,50.67,0.0,-28344.874371,0.0
2019-02-25,19,0,159,0.0,0.0,0.0,0.0,0.0
2019-02-25,19,0,160,0.17,0.17,0.0,1.234686,0.0
2019-02-25,19,0,161,7.21,7.21,0.0,-2995.928478,0.0
2019-02-25,19,0,162,53.9,53.9,0.0,1090.275371,0.0
2019-02-25,19,0,163,185.4,185.4,0.0,-185400.0,0.0
2019-02-25,19,0,164,4.4,4.4,0.0,33.435297,0.0
2019-02-25,19,0,167,0.29,0.29,0.0,4.797348,0.0
2019-02-25,19,0,168,0.14,0.14,0.0,2.315961,0.0
2019-02-25,19,0,169,0.0,0.0,0.0,0.0,0.0
2019-02-25,19,0,170,0.32,0.32,0.0,5.293626,0.0
2019-02-25,19,0,172,0.38,0.38,0.0,4.516621,0.0
2019-02-25,19,0,173,0.57,0.57,0.0,6.774931,0.0
2019-02-25,19,0,188,0.56,0.56,0.0,11.161791,0.0
2019-02-25,19,0,190,0.69,0.69,0.0,22.375014,0.0
2019-02-25,19,0,191,1.78,1.78,0.0,57.721052,0.0
2019-02-25,19,0,192,201.91,201.91,0.0,6547.448058,0.0
2019-02-25,19,0,194,176.5,176.5,0.0,-23287.282814,0.0
2019-02-25,19,0,196,0.56,0.56,0.0,145.513532,0.0
2019-02-25,19,0,198,0.57,0.57,0.0,4.090002,0.0
2019-02-25,19,0,199,60.17,60.17,0.0,-1962.061388,0.0
2019-02-25,19,0,200,1.01,1.01,0.0,-32.934718,0.0
2019-02-25,19,0,204,257.1,257.1,0.0,1903.674599,0.0
2019-02-25,19,0,205,317.4,317.4,0.0,2347.07532,0.0
2019-02-25,19,0,206,539.94,539.94,0.0,4104.291169,0.0
2019-02-25,19,0,210,0.06,0.06,0.0,0.426929,0.0
2019-02-25,19,0,214,0.84,0.84,0.0,6.015206,0.0
2019-02-25,19,0,217,0.44,0.44,0.0,3.141484,0.0
2019-02-25,19,0,218,0.61,0.61,0.0,4.355239,0.0
2019-02-25,19,0,219,0.41,0.41,0.0,2.927292,0.0
2019-02-25,19,0,221,0.45,0.45,0.0,3.222432,0.0
2019-02-25,19,0,225,0.12,0.12,0.0,0.855654,0.0
2019-02-25,19,0,233,0.58,0.58,0.0,4.178106,0.0
2019-02-25,19,0,236,159.03,159.03,0.0,1153.705853,0.0
2019-02-25,19,0,237,156.6,156.6,0.0,1142.310782,0.0
2019-02-25,19,0,238,6.54,6.54,0.0,37.638652,0.0
2019-02-25,19,0,240,1.09,1.09,0.0,7.987383,0.0
2019-02-25,19,0,245,67.43,67.43,0.0,447.533662,0.0
2019-02-25,19,0,247,164.65,164.65,0.0,1092.783886,0.0
2019-02-25,19,0,248,15.72,15.72,0.0,114.668745,0.0
2019-02-25,19,0,249,129.68,129.68,0.0,860.687606,0.0
2019-02-25,19,0,251,209.51,209.51,0.0,1094.310647,0.0
2019-02-25,19,0,252,160.88,160.88,0.0,690.83553,0.0
2019-02-25,19,0,254,1.1,1.1,0.0,8.031253,0.0
2019-02-25,19,0,255,0.51,0.51,0.0,3.723581,0.0
2019-02-25,19,0,258,1.3,1.3,0.0,9.523316,0.0
2019-02-25,19,0,260,0.42,0.42,0.0,3.050401,0.0
2019-02-25,19,0,265,10.28,10.28,0.0,76.823051,0.0
2019-02-25,19,0,266,29.1,29.1,0.0,217.46603,0.0
2019-02-25,19,0,267,35.76,35.76,0.0,267.236606,0.0
2019-02-25,19,0,270,579.0,579.0,0.0,-579000.0,0.0
2019-02-25,19,0,272,150.39,150.39,0.0,-40065.705225,0.0
2019-02-25,19,0,273,2.68,2.68,0.0,-2680.0,0.0
2019-02-25,19,0,274,746.4,746.4,0.0,-746400.0,0.0
2019-02-25,19,0,275,1039.0,1039.0,0.0,-1039000.0,0.0
2019-02-25,19,0,276,0.62,0.62,0.0,-559.006667,0.0
2019-02-25,19,0,277,0.82,0.82,0.0,-228.104093,0.0
2019-02-25,19,0,278,1.31,1.31,0.0,-364.410198,0.0
2019-02-25,19,0,279,255.6,255.6,0.0,-71101.71492,0.0
2019-02-25,19,0,281,16.83,16.83,0.0,127.89001,0.0
2019-02-25,19,0,282,55.29,55.29,0.0,420.144898,0.0
2019-02-25,20,0,9,0.0,0.0,0.0,0.0,0.0
2019-02-25,20,0,17,0.0,0.0,0.0,0.0,0.0
2019-02-25,20,0,19,439.79,439.79,0.0,3448.323913,0.0
2019-02-25,20,0,20,533.38,533.38,0.0,4182.148318,0.0
2019-02-25,20,0,21,0.0,0.0,0.0,0.0,0.0
2019-02-25,20,0,22,0.0,0.0,0.0,0.0,0.0
2019-02-25,20,0,23,108.8,108.8,0.0,672.84729,0.0
2019-02-25,20,0,24,192.5,192.5,0.0,1190.469699,0.0
2019-02-25,20,0,29,0.0,0.0,0.0,0.0,0.0
2019-02-25,20,0,30,0.0,0.0,0.0,0.0,0.0
2019-02-25,20,0,31,33.01,33.01,0.0,203.795587,0.0
2019-02-25,20,0,32,0.0,0.0,0.0,0.0,0.0
2019-02-25,20,0,33,0.0,0.0,0.0,0.0,0.0
2019-02-25,20,0,34,0.0,0.0,0.0,0.0,0.0
2019-02-25,20,0,35,0.0,0.0,0.0,0.0,0.0
2019-02-25,20,0,36,0.0,0.0,0.0,0.0,0.0
2019-02-25,20,0,37,0.0,0.0,0.0,0.0,0.0
2019-02-25,20,0,38,0.0,0.0,0.0,0.0,0.0
2019-02-25,20,0,39,0.0,0.0,0.0,0.0,0.0
2019-02-25,20,0,40,0.0,0.0,0.0,0.0,0.0
2019-02-25,20,0,41,60.5,60.5,0.0,407.252072,0.0
2019-02-25,20,0,42,0.0,0.0,0.0,0.0,0.0
2019-02-25,20,0,43,0.0,0.0,0.0,0.0,0.0
2019-02-25,20,0,46,0.0,0.0,0.0,0.0,0.0
2019-02-25,20,0,52,34.99,34.99,0.0,216.019618,0.0
2019-02-25,20,0,53,55.59,55.59,0.0,343.19893,0.0
2019-02-25,20,0,55,186.9,186.9,0.0,1155.837853,0.0
2019-02-25,20,0,56,0.0,0.0,0.0,0.0,0.0
2019-02-25,20,0,57,0.0,0.0,0.0,0.0,0.0
2019-02-25,20,0,58,0.0,0.0,0.0,0.0,0.0
2019-02-25,20,0,59,0.0,0.0,0.0,0.0,0.0
2019-02-25,20,0,63,170.0,170.0,0.0,18173.253086,0.0
2019-02-25,20,0,64,200.0,200.0,0.0,21380.297748,0.0
2019-02-25,20,0,65,14.11,14.11,0.0,110.468613,0.0
2019-02-25,20,0,67,0.0,0.0,0.0,-0.0,0.0
2019-02-25,20,0,68,8.81,8.81,0.0,-3660.674574,0.0
2019-02-25,20,0,69,0.0,0.0,0.0,0.0,0.0
2019-02-25,20,0,74,56.74,56.74,0.0,425.308711,0.0
2019-02-25,20,0,77,84.7,84.7,0.0,-25042.276715,0.0
2019-02-25,20,0,78,64.3,64.3,0.0,-19010.84289,0.0
2019-02-25,20,0,79,37.43,37.43,0.0,-11066.498435,0.0
2019-02-25,20,0,80,60.23,60.23,0.0,-17807.51271,0.0
2019-02-25,20,0,81,78.45,78.45,0.0,-23194.41096,0.0
2019-02-25,20,0,82,55.6,55.6,0.0,-16438.613759,0.0
2019-02-25,20,0,83,122.29,122.29,0.0,-36156.080513,0.0
2019-02-25,20,0,84,0.0,0.0,0.0,-0.0,0.0
2019-02-25,20,0,86,0.0,0.0,0.0,0.0,0.0
2019-02-25,20,0,87,0.0,0.0,0.0,0.0,0.0
2019-02-25,20,0,88,95.98,95.98,0.0,-28377.30483,0.0
2019-02-25,20,0,89,92.28,92.28,0.0,-27283.368303,0.0
2019-02-25,20,0,90,123.8,123.8,0.0,-36602.52488,0.0
2019-02-25,20,0,91,440.78,440.78,0.0,-130320.362814,0.0
2019-02-25,20,0,92,158.74,158.74,0.0,-46932.833598,0.0
2019-02-25,20,0,95,70.07,70.07,0.0,1362.565791,0.0
2019-02-25,20,0,96,31.77,31.77,0.0,195.791332,0.0
2019-02-25,20,0,97,229.39,229.39,0.0,1413.678744,0.0
2019-02-25,20,0,99,10.95,10.95,0.0,82.078435,0.0
2019-02-25,20,0,101,0.0,0.0,0.0,0.0,0.0
2019-02-25,20,0,102,20.86,20.86,0.0,-8667.613124,0.0
2019-02-25,20,0,103,18.14,18.14,0.0,-7537.416206,0.0
2019-02-25,20,0,104,3.37,3.37,0.0,-1400.28074,0.0
2019-02-25,20,0,106,0.0,0.0,0.0,0.0,0.0
2019-02-25,20,0,109,55.02,55.02,0.0,390.242648,0.0
2019-02-25,20,0,110,338.6,338.6,0.0,-338600.0,0.0
2019-02-25,20,0,111,0.0,0.0,0.0,0.0,0.0
2019-02-25,20,0,113,45.0,45.0,0.0,-11996.470402,0.0
2019-02-25,20,0,115,45.0,45.0,0.0,-11996.470402,0.0
2019-02-25,20,0,116,0.0,0.0,0.0,-0.0,0.0
2019-02-25,20,0,117,3.0,3.0,0.0,-799.764693,0.0
2019-02-25,20,0,119,200.0,200.0,0.0,21380.297748,0.0
2019-02-25,20,0,120,117.6,117.6,0.0,12571.615076,0.0
2019-02-25,20,0,123,0.0,0.0,0.0,0.0,0.0
2019-02-25,20,0,125,174.2,174.2,0.0,1077.297775,0.0
2019-02-25,20,0,126,0.0,0.0,0.0,0.0,0.0
2019-02-25,20,0,127,0.0,0.0,0.0,0.0,0.0
2019-02-25,20,0,128,249.5,249.5,0.0,1542.972415,0.0
2019-02-25,20,0,131,30.0,30.0,0.0,-11312.629459,0.0
2019-02-25,20,0,132,44.1,44.1,0.0,-16629.565304,0.0
2019-02-25,20,0,133,57.03,57.03,0.0,447.226307,0.0
2019-02-25,20,0,134,0.0,0.0,0.0,0.0,0.0
2019-02-25,20,0,135,76.0,76.0,0.0,595.988065,0.0
2019-02-25,20,0,136,18.61,18.61,0.0,145.687571,0.0
2019-02-25,20,0,139,80.98,80.98,0.0,545.111947,0.0
2019-02-25,20,0,140,250.6,250.6,0.0,-250600.0,0.0
2019-02-25,20,0,141,230.0,230.0,0.0,-128660.528189,0.0
2019-02-25,20,0,142,0.0,0.0,0.0,-0.0,0.0
2019-02-25,20,0,143,46.49,46.49,0.0,287.017777,0.0
2019-02-25,20,0,145,23.8,23.8,0.0,155.053845,0.0
2019-02-25,20,0,146,268.0,268.0,0.0,-268000.0,0.0
2019-02-25,20,0,152,0.0,0.0,0.0,0.0,0.0
2019-02-25,20,0,153,0.0,0.0,0.0,0.0,0.0
2019-02-25,20,0,154,0.0,0.0,0.0,0.0,0.0
2019-02-25,20,0,157,187.6,187.6,0.0,-104942.239514,0.0
2019-02-25,20,0,158,0.0,0.0,0.0,-0.0,0.0
2019-02-25,20,0,159,0.0,0.0,0.0,0.0,0.0
2019-02-25,20,0,160,0.0,0.0,0.0,0.0,0.0
2019-02-25,20,0,161,0.0,0.0,0.0,-0.0,0.0
2019-02-25,20,0,162,60.06,60.06,0.0,1215.096849,0.0
2019-02-25,20,0,163,157.46,157.46,0.0,-157460.0,0.0
2019-02-25,20,0,164,0.0,0.0,0.0,0.0,0.0
2019-02-25,20,0,167,0.0,0.0,0.0,0.0,0.0
2019-02-25,20,0,168,0.0,0.0,0.0,0.0,0.0
2019-02-25,20,0,169,0.0,0.0,0.0,0.0,0.0
2019-02-25,20,0,170,0.0,0.0,0.0,0.0,0.0
2019-02-25,20,0,172,0.0,0.0,0.0,0.0,0.0
2019-02-25,20,0,173,0.0,0.0,0.0,0.0,0.0
2019-02-25,20,0,188,0.0,0.0,0.0,0.0,0.0
2019-02-25,20,0,190,0.0,0.0,0.0,0.0,0.0
2019-02-25,20,0,191,0.0,0.0,0.0,0.0,0.0
2019-02-25,20,0,192,173.88,173.88,0.0,5638.503632,0.0
2019-02-25,20,0,194,176.5,176.5,0.0,-23362.79222,0.0
2019-02-25,20,0,196,0.0,0.0,0.0,0.0,0.0
2019-02-25,20,0,198,0.0,0.0,0.0,0.0,0.0
2019-02-25,20,0,199,73.42,73.42,0.0,-2272.340129,0.0
2019-02-25,20,0,200,0.0,0.0,0.0,-0.0,0.0
2019-02-25,20,0,204,450.91,450.91,0.0,3179.509267,0.0
2019-02-25,20,0,205,291.04,291.04,0.0,2064.271544,0.0
2019-02-25,20,0,206,868.95,868.95,0.0,5355.142528,0.0
2019-02-25,20,0,210,0.0,0.0,0.0,0.0,0.0
2019-02-25,20,0,214,0.0,0.0,0.0,0.0,0.0
2019-02-25,20,0,217,0.0,0.0,0.0,0.0,0.0
2019-02-25,20,0,218,0.0,0.0,0.0,0.0,0.0
2019-02-25,20,0,219,0.0,0.0,0.0,0.0,0.0
2019-02-25,20,0,221,0.0,0.0,0.0,0.0,0.0
2019-02-25,20,0,225,0.0,0.0,0.0,0.0,0.0
2019-02-25,20,0,233,0.0,0.0,0.0,0.0,0.0
2019-02-25,20,0,236,106.16,106.16,0.0,815.376609,0.0
2019-02-25,20,0,237,136.11,136.11,0.0,1020.246187,0.0
2019-02-25,20,0,238,0.0,0.0,0.0,0.0,0.0
2019-02-25,20,0,240,0.0,0.0,0.0,0.0,0.0
2019-02-25,20,0,245,69.33,69.33,0.0,546.598952,0.0
2019-02-25,20,0,247,79.96,79.96,0.0,630.406061,0.0
2019-02-25,20,0,248,13.66,13.66,0.0,102.39191,0.0
2019-02-25,20,0,249,133.28,133.28,0.0,1050.781889,0.0
2019-02-25,20,0,251,110.54,110.54,0.0,863.297921,0.0
2019-02-25,20,0,252,91.01,91.01,0.0,712.526468,0.0
2019-02-25,20,0,254,0.0,0.0,0.0,0.0,0.0
2019-02-25,20,0,255,0.0,0.0,0.0,0.0,0.0
2019-02-25,20,0,258,0.0,0.0,0.0,0.0,0.0
2019-02-25,20,0,260,0.0,0.0,0.0,0.0,0.0
2019-02-25,20,0,265,0.0,0.0,0.0,0.0,0.0
2019-02-25,20,0,266,49.35,49.35,0.0,332.196525,0.0
2019-02-25,20,0,267,62.41,62.41,0.0,420.109121,0.0
2019-02-25,20,0,270,491.74,491.74,0.0,-491740.0,0.0
2019-02-25,20,0,272,150.39,150.39,0.0,-40092.204082,0.0
2019-02-25,20,0,273,0.0,0.0,0.0,-0.0,0.0
2019-02-25,20,0,274,633.91,633.91,0.0,-633910.0,0.0
2019-02-25,20,0,275,882.42,882.42,0.0,-882420.0,0.0
2019-02-25,20,0,276,0.0,0.0,0.0,-0.0,0.0
2019-02-25,20,0,277,0.0,0.0,0.0,-0.0,0.0
2019-02-25,20,0,278,0.0,0.0,0.0,-0.0,0.0
2019-02-25,20,0,279,542.16,542.16,0.0,-150852.213717,0.0
2019-02-25,20,0,281,14.82,14.82,0.0,91.49502,0.0
2019-02-25,20,0,282,0.0,0.0,0.0,0.0,0.0
2019-02-25,21,0,9,0.0,0.0,0.0,0.0,0.0
2019-02-25,21,0,17,0.0,0.0,0.0,0.0,0.0
2019-02-25,21,0,19,280.58,280.58,0.0,2115.627764,0.0
2019-02-25,21,0,20,340.29,340.29,0.0,2565.852776,0.0
2019-02-25,21,0,21,0.0,0.0,0.0,0.0,0.0
2019-02-25,21,0,22,0.0,0.0,0.0,0.0,0.0
2019-02-25,21,0,23,103.41,103.41,0.0,1387.623057,0.0
2019-02-25,21,0,24,182.97,182.97,0.0,2455.211206,0.0
2019-02-25,21,0,29,0.0,0.0,0.0,0.0,0.0
2019-02-25,21,0,30,0.0,0.0,0.0,0.0,0.0
2019-02-25,21,0,31,25.76,25.76,0.0,346.624821,0.0
2019-02-25,21,0,32,0.0,0.0,0.0,0.0,0.0
2019-02-25,21,0,33,0.0,0.0,0.0,0.0,0.0
2019-02-25,21,0,34,0.0,0.0,0.0,0.0,0.0
2019-02-25,21,0,35,0.0,0.0,0.0,0.0,0.0
2019-02-25,21,0,36,0.0,0.0,0.0,0.0,0.0
2019-02-25,21,0,37,0.0,0.0,0.0,0.0,0.0
2019-02-25,21,0,38,0.0,0.0,0.0,0.0,0.0
2019-02-25,21,0,39,0.0,0.0,0.0,0.0,0.0
2019-02-25,21,0,40,0.0,0.0,0.0,0.0,0.0
2019-02-25,21,0,41,111.37,111.37,0.0,1278.188893,0.0
2019-02-25,21,0,42,0.0,0.0,0.0,0.0,0.0
2019-02-25,21,0,43,0.0,0.0,0.0,0.0,0.0
2019-02-25,21,0,46,0.0,0.0,0.0,0.0,0.0
2019-02-25,21,0,52,27.3,27.3,0.0,367.346958,0.0
2019-02-25,21,0,53,43.38,43.38,0.0,583.718352,0.0
2019-02-25,21,0,55,142.14,142.14,0.0,1907.327544,0.0
2019-02-25,21,0,56,0.0,0.0,0.0,0.0,0.0
2019-02-25,21,0,57,0.0,0.0,0.0,0.0,0.0
2019-02-25,21,0,58,0.0,0.0,0.0,0.0,0.0
2019-02-25,21,0,59,0.0,0.0,0.0,0.0,0.0
2019-02-25,21,0,63,170.0,170.0,0.0,16274.70802,0.0
2019-02-25,21,0,64,200.0,200.0,0.0,19146.715318,0.0
2019-02-25,21,0,65,7.3,7.3,0.0,55.347567,0.0
2019-02-25,21,0,67,0.0,0.0,0.0,-0.0,0.0
2019-02-25,21,0,68,6.4,6.4,0.0,-2707.911497,0.0
2019-02-25,21,0,69,0.0,0.0,0.0,0.0,0.0
2019-02-25,21,0,74,34.61,34.61,0.0,303.348951,0.0
2019-02-25,21,0,77,172.48,172.48,0.0,-52627.356195,0.0
2019-02-25,21,0,78,130.65,130.65,0.0,-39864.123881,0.0
2019-02-25,21,0,79,75.79,75.79,0.0,-23125.15843,0.0
2019-02-25,21,0,80,122.31,122.31,0.0,-37319.410577,0.0
2019-02-25,21,0,81,159.64,159.64,0.0,-48709.596145,0.0
2019-02-25,21,0,82,112.85,112.85,0.0,-34432.961193,0.0
2019-02-25,21,0,83,250.05,250.05,0.0,-76295.630894,0.0
2019-02-25,21,0,84,0.0,0.0,0.0,-0.0,0.0
2019-02-25,21,0,86,0.0,0.0,0.0,0.0,0.0
2019-02-25,21,0,87,0.0,0.0,0.0,0.0,0.0
2019-02-25,21,0,88,170.6,170.6,0.0,-52053.727777,0.0
2019-02-25,21,0,89,164.0,164.0,0.0,-50039.925881,0.0
2019-02-25,21,0,90,220.2,220.2,0.0,-67187.754141,0.0
2019-02-25,21,0,91,785.5,785.5,0.0,-239672.937682,0.0
2019-02-25,21,0,92,282.5,282.5,0.0,-86196.823546,0.0
2019-02-25,21,0,95,104.4,104.4,0.0,2030.139411,0.0
2019-02-25,21,0,96,22.54,22.54,0.0,304.17486,0.0
2019-02-25,21,0,97,138.61,138.61,0.0,1870.526945,0.0
2019-02-25,21,0,99,6.68,6.68,0.0,58.548714,0.0
2019-02-25,21,0,101,0.0,0.0,0.0,0.0,0.0
2019-02-25,21,0,102,15.15,15.15,0.0,-6410.134247,0.0
2019-02-25,21,0,103,13.17,13.17,0.0,-5572.374128,0.0
2019-02-25,21,0,104,2.45,2.45,0.0,-1036.62237,0.0
2019-02-25,21,0,106,0.0,0.0,0.0,0.0,0.0
2019-02-25,21,0,109,57.39,57.39,0.0,585.083077,0.0
2019-02-25,21,0,110,338.6,338.6,0.0,-338600.0,0.0
2019-02-25,21,0,111,0.0,0.0,0.0,0.0,0.0
2019-02-25,21,0,113,77.09,77.09,0.0,-21232.087711,0.0
2019-02-25,21,0,115,77.09,77.09,0.0,-21232.087711,0.0
2019-02-25,21,0,116,0.0,0.0,0.0,-0.0,0.0
2019-02-25,21,0,117,5.18,5.18,0.0,-1426.672906,0.0
2019-02-25,21,0,119,200.0,200.0,0.0,19146.715318,0.0
2019-02-25,21,0,120,117.6,117.6,0.0,11258.268607,0.0
2019-02-25,21,0,123,0.0,0.0,0.0,0.0,0.0
2019-02-25,21,0,125,165.57,165.57,0.0,2221.726618,0.0
2019-02-25,21,0,126,0.0,0.0,0.0,0.0,0.0
2019-02-25,21,0,127,0.0,0.0,0.0,0.0,0.0
2019-02-25,21,0,128,237.14,237.14,0.0,3182.099717,0.0
2019-02-25,21,0,131,20.63,20.63,0.0,-7946.361122,0.0
2019-02-25,21,0,132,30.33,30.33,0.0,-11682.653069,0.0
2019-02-25,21,0,133,29.37,29.37,0.0,221.340223,0.0
2019-02-25,21,0,134,0.0,0.0,0.0,0.0,0.0
2019-02-25,21,0,135,38.18,38.18,0.0,287.734753,0.0
2019-02-25,21,0,136,11.36,11.36,0.0,86.155897,0.0
2019-02-25,21,0,139,146.7,146.7,0.0,1683.669845,0.0
2019-02-25,21,0,140,250.6,250.6,0.0,-250600.0,0.0
2019-02-25,21,0,141,216.45,216.45,0.0,-122320.426971,0.0
2019-02-25,21,0,142,0.0,0.0,0.0,-0.0,0.0
2019-02-25,21,0,143,40.12,40.12,0.0,539.852012,0.0
2019-02-25,21,0,145,18.35,18.35,0.0,224.704432,0.0
2019-02-25,21,0,146,268.0,268.0,0.0,-268000.0,0.0
2019-02-25,21,0,152,0.0,0.0,0.0,0.0,0.0
2019-02-25,21,0,153,0.0,0.0,0.0,0.0,0.0
2019-02-25,21,0,154,0.0,0.0,0.0,0.0,0.0
2019-02-25,21,0,157,142.38,142.38,0.0,-80461.919113,0.0
2019-02-25,21,0,158,0.0,0.0,0.0,-0.0,0.0
2019-02-25,21,0,159,0.0,0.0,0.0,0.0,0.0
2019-02-25,21,0,160,0.0,0.0,0.0,0.0,0.0
2019-02-25,21,0,161,0.0,0.0,0.0,-0.0,0.0
2019-02-25,21,0,162,68.77,68.77,0.0,1390.9252,0.0
2019-02-25,21,0,163,133.16,133.16,0.0,-133160.0,0.0
2019-02-25,21,0,164,0.0,0.0,0.0,0.0,0.0
2019-02-25,21,0,167,0.0,0.0,0.0,0.0,0.0
2019-02-25,21,0,168,0.0,0.0,0.0,0.0,0.0
2019-02-25,21,0,169,0.0,0.0,0.0,0.0,0.0
2019-02-25,21,0,170,0.0,0.0,0.0,0.0,0.0
2019-02-25,21,0,172,0.0,0.0,0.0,0.0,0.0
2019-02-25,21,0,173,0.0,0.0,0.0,0.0,0.0
2019-02-25,21,0,188,0.0,0.0,0.0,0.0,0.0
2019-02-25,21,0,190,0.0,0.0,0.0,0.0,0.0
2019-02-25,21,0,191,0.0,0.0,0.0,0.0,0.0
2019-02-25,21,0,192,151.59,151.59,0.0,4915.693383,0.0
2019-02-25,21,0,194,176.5,176.5,0.0,-25063.190306,0.0
2019-02-25,21,0,196,0.0,0.0,0.0,0.0,0.0
2019-02-25,21,0,198,0.0,0.0,0.0,0.0,0.0
2019-02-25,21,0,199,88.72,88.72,0.0,-3458.722521,0.0
2019-02-25,21,0,200,0.0,0.0,0.0,-0.0,0.0
2019-02-25,21,0,204,669.22,669.22,0.0,6920.978929,0.0
2019-02-25,21,0,205,266.33,266.33,0.0,2715.19735,0.0
2019-02-25,21,0,206,407.3,407.3,0.0,5496.469409,0.0
2019-02-25,21,0,210,0.0,0.0,0.0,0.0,0.0
2019-02-25,21,0,214,0.0,0.0,0.0,0.0,0.0
2019-02-25,21,0,217,0.0,0.0,0.0,0.0,0.0
2019-02-25,21,0,218,0.0,0.0,0.0,0.0,0.0
2019-02-25,21,0,219,0.0,0.0,0.0,0.0,0.0
2019-02-25,21,0,221,0.0,0.0,0.0,0.0,0.0
2019-02-25,21,0,225,0.0,0.0,0.0,0.0,0.0
2019-02-25,21,0,233,0.0,0.0,0.0,0.0,0.0
2019-02-25,21,0,236,48.72,48.72,0.0,395.055026,0.0
2019-02-25,21,0,237,83.03,83.03,0.0,727.739481,0.0
2019-02-25,21,0,238,0.0,0.0,0.0,0.0,0.0
2019-02-25,21,0,240,0.0,0.0,0.0,0.0,0.0
2019-02-25,21,0,245,58.94,58.94,0.0,435.388803,0.0
2019-02-25,21,0,247,31.13,31.13,0.0,229.956794,0.0
2019-02-25,21,0,248,8.33,8.33,0.0,73.010597,0.0
2019-02-25,21,0,249,113.34,113.34,0.0,837.240701,0.0
2019-02-25,21,0,251,52.05,52.05,0.0,398.196244,0.0
2019-02-25,21,0,252,47.06,47.06,0.0,356.802263,0.0
2019-02-25,21,0,254,0.0,0.0,0.0,0.0,0.0
2019-02-25,21,0,255,0.0,0.0,0.0,0.0,0.0
2019-02-25,21,0,258,0.0,0.0,0.0,0.0,0.0
2019-02-25,21,0,260,0.0,0.0,0.0,0.0,0.0
2019-02-25,21,0,265,0.0,0.0,0.0,0.0,0.0
2019-02-25,21,0,266,91.87,91.87,0.0,1054.388198,0.0
2019-02-25,21,0,267,114.69,114.69,0.0,1316.292396,0.0
2019-02-25,21,0,270,415.85,415.85,0.0,-415850.0,0.0
2019-02-25,21,0,272,257.46,257.46,0.0,-70909.499315,0.0
2019-02-25,21,0,273,0.0,0.0,0.0,-0.0,0.0
2019-02-25,21,0,274,536.08,536.08,0.0,-536080.0,0.0
2019-02-25,21,0,275,746.23,746.23,0.0,-746230.0,0.0
2019-02-25,21,0,276,0.0,0.0,0.0,-0.0,0.0
2019-02-25,21,0,277,0.0,0.0,0.0,-0.0,0.0
2019-02-25,21,0,278,0.0,0.0,0.0,-0.0,0.0
2019-02-25,21,0,279,467.8,467.8,0.0,-134411.803955,0.0
2019-02-25,21,0,281,11.56,11.56,0.0,155.55058,0.0
2019-02-25,21,0,282,0.0,0.0,0.0,0.0,0.0
2019-02-25,22,0,9,0.0,0.0,0.0,0.0,0.0
2019-02-25,22,0,17,0.0,0.0,0.0,0.0,0.0
2019-02-25,22,0,19,164.98,164.98,0.0,1243.981283,0.0
2019-02-25,22,0,20,200.09,200.09,0.0,1508.717511,0.0
2019-02-25,22,0,21,0.0,0.0,0.0,0.0,0.0
2019-02-25,22,0,22,0.0,0.0,0.0,0.0,0.0
2019-02-25,22,0,23,70.54,70.54,0.0,946.551885,0.0
2019-02-25,22,0,24,124.81,124.81,0.0,1674.782263,0.0
2019-02-25,22,0,29,0.0,0.0,0.0,0.0,0.0
2019-02-25,22,0,30,0.0,0.0,0.0,0.0,0.0
2019-02-25,22,0,31,20.28,20.28,0.0,272.886311,0.0
2019-02-25,22,0,32,0.0,0.0,0.0,0.0,0.0
2019-02-25,22,0,33,0.0,0.0,0.0,0.0,0.0
2019-02-25,22,0,34,0.0,0.0,0.0,0.0,0.0
2019-02-25,22,0,35,0.0,0.0,0.0,0.0,0.0
2019-02-25,22,0,36,0.0,0.0,0.0,0.0,0.0
2019-02-25,22,0,37,0.0,0.0,0.0,0.0,0.0
2019-02-25,22,0,38,0.0,0.0,0.0,0.0,0.0
2019-02-25,22,0,39,0.0,0.0,0.0,0.0,0.0
2019-02-25,22,0,40,0.0,0.0,0.0,0.0,0.0
2019-02-25,22,0,41,98.68,98.68,0.0,1132.546287,0.0
2019-02-25,22,0,42,0.0,0.0,0.0,0.0,0.0
2019-02-25,22,0,43,0.0,0.0,0.0,0.0,0.0
2019-02-25,22,0,46,0.0,0.0,0.0,0.0,0.0
2019-02-25,22,0,52,21.49,21.49,0.0,289.16799,0.0
2019-02-25,22,0,53,34.15,34.15,0.0,459.520095,0.0
2019-02-25,22,0,55,182.32,182.32,0.0,2446.48908,0.0
2019-02-25,22,0,56,0.0,0.0,0.0,0.0,0.0
2019-02-25,22,0,57,0.0,0.0,0.0,0.0,0.0
2019-02-25,22,0,58,0.0,0.0,0.0,0.0,0.0
2019-02-25,22,0,59,0.0,0.0,0.0,0.0,0.0
2019-02-25,22,0,63,162.31,162.31,0.0,15431.33594,0.0
2019-02-25,22,0,64,190.95,190.95,0.0,18154.233244,0.0
2019-02-25,22,0,65,3.56,3.56,0.0,26.991416,0.0
2019-02-25,22,0,67,0.0,0.0,0.0,-0.0,0.0
2019-02-25,22,0,68,4.52,4.52,0.0,-1914.000136,0.0
2019-02-25,22,0,69,0.0,0.0,0.0,0.0,0.0
2019-02-25,22,0,74,19.4,19.4,0.0,170.036685,0.0
2019-02-25,22,0,77,170.29,170.29,0.0,-52028.942875,0.0
2019-02-25,22,0,78,128.74,128.74,0.0,-39334.113017,0.0
2019-02-25,22,0,79,74.5,74.5,0.0,-22762.089636,0.0
2019-02-25,22,0,80,120.48,120.48,0.0,-36810.423616,0.0
2019-02-25,22,0,81,157.52,157.52,0.0,-48127.306839,0.0
2019-02-25,22,0,82,111.11,111.11,0.0,-33947.594356,0.0
2019-02-25,22,0,83,247.77,247.77,0.0,-75701.516096,0.0
2019-02-25,22,0,84,0.0,0.0,0.0,-0.0,0.0
2019-02-25,22,0,86,0.0,0.0,0.0,0.0,0.0
2019-02-25,22,0,87,0.0,0.0,0.0,0.0,0.0
2019-02-25,22,0,88,170.6,170.6,0.0,-52123.65761,0.0
2019-02-25,22,0,89,164.0,164.0,0.0,-50107.15034,0.0
2019-02-25,22,0,90,220.2,220.2,0.0,-67278.015274,0.0
2019-02-25,22,0,91,785.5,785.5,0.0,-239994.918246,0.0
2019-02-25,22,0,92,282.5,282.5,0.0,-86312.621775,0.0
2019-02-25,22,0,95,120.0,120.0,0.0,2333.493576,0.0
2019-02-25,22,0,96,13.87,13.87,0.0,187.174149,0.0
2019-02-25,22,0,97,85.3,85.3,0.0,1151.114266,0.0
2019-02-25,22,0,99,3.74,3.74,0.0,32.780268,0.0
2019-02-25,22,0,101,0.0,0.0,0.0,0.0,0.0
2019-02-25,22,0,102,10.69,10.69,0.0,-4526.695011,0.0
2019-02-25,22,0,103,9.3,9.3,0.0,-3938.097624,0.0
2019-02-25,22,0,104,1.73,1.73,0.0,-732.570848,0.0
2019-02-25,22,0,106,0.0,0.0,0.0,0.0,0.0
2019-02-25,22,0,109,85.9,85.9,0.0,875.738566,0.0
2019-02-25,22,0,110,338.56,338.56,0.0,-338560.0,0.0
2019-02-25,22,0,111,0.0,0.0,0.0,0.0,0.0
2019-02-25,22,0,113,123.65,123.65,0.0,-34108.411616,0.0
2019-02-25,22,0,115,123.65,123.65,0.0,-34108.411616,0.0
2019-02-25,22,0,116,0.0,0.0,0.0,-0.0,0.0
2019-02-25,22,0,117,8.24,8.24,0.0,-2272.97462,0.0
2019-02-25,22,0,119,190.95,190.95,0.0,18154.233244,0.0
2019-02-25,22,0,120,112.28,112.28,0.0,10674.82225,0.0
2019-02-25,22,0,123,0.0,0.0,0.0,0.0,0.0
2019-02-25,22,0,125,112.95,112.95,0.0,1515.637021,0.0
2019-02-25,22,0,126,0.0,0.0,0.0,0.0,0.0
2019-02-25,22,0,127,0.0,0.0,0.0,0.0,0.0
2019-02-25,22,0,128,161.77,161.77,0.0,2170.735731,0.0
2019-02-25,22,0,131,13.31,13.31,0.0,-5131.6344,0.0
2019-02-25,22,0,132,19.57,19.57,0.0,-7545.160421,0.0
2019-02-25,22,0,133,23.25,23.25,0.0,175.218256,0.0
2019-02-25,22,0,134,0.0,0.0,0.0,0.0,0.0
2019-02-25,22,0,135,31.15,31.15,0.0,234.754782,0.0
2019-02-25,22,0,136,6.46,6.46,0.0,48.993582,0.0
2019-02-25,22,0,139,127.44,127.44,0.0,1462.62362,0.0
2019-02-25,22,0,140,250.57,250.57,0.0,-250570.0,0.0
2019-02-25,22,0,141,146.84,146.84,0.0,-83020.014755,0.0
2019-02-25,22,0,142,0.0,0.0,0.0,-0.0,0.0
2019-02-25,22,0,143,35.02,35.02,0.0,471.226757,0.0
2019-02-25,22,0,145,34.23,34.23,0.0,419.162545,0.0
2019-02-25,22,0,146,268.0,268.0,0.0,-268000.0,0.0
2019-02-25,22,0,152,0.0,0.0,0.0,0.0,0.0
2019-02-25,22,0,153,0.0,0.0,0.0,0.0,0.0
2019-02-25,22,0,154,0.0,0.0,0.0,0.0,0.0
2019-02-25,22,0,157,106.79,106.79,0.0,-60376.650611,0.0
2019-02-25,22,0,158,0.0,0.0,0.0,-0.0,0.0
2019-02-25,22,0,159,0.0,0.0,0.0,0.0,0.0
2019-02-25,22,0,160,0.0,0.0,0.0,0.0,0.0
2019-02-25,22,0,161,0.0,0.0,0.0,-0.0,0.0
2019-02-25,22,0,162,47.32,47.32,0.0,957.113645,0.0
2019-02-25,22,0,163,113.54,113.54,0.0,-113540.0,0.0
2019-02-25,22,0,164,0.0,0.0,0.0,0.0,0.0
2019-02-25,22,0,167,0.0,0.0,0.0,0.0,0.0
2019-02-25,22,0,168,0.0,0.0,0.0,0.0,0.0
2019-02-25,22,0,169,0.0,0.0,0.0,0.0,0.0
2019-02-25,22,0,170,0.0,0.0,0.0,0.0,0.0
2019-02-25,22,0,172,0.0,0.0,0.0,0.0,0.0
2019-02-25,22,0,173,0.0,0.0,0.0,0.0,0.0
2019-02-25,22,0,188,0.0,0.0,0.0,0.0,0.0
2019-02-25,22,0,190,0.0,0.0,0.0,0.0,0.0
2019-02-25,22,0,191,0.0,0.0,0.0,0.0,0.0
2019-02-25,22,0,192,134.33,134.33,0.0,4355.993748,0.0
2019-02-25,22,0,194,176.5,176.5,0.0,-25152.357302,0.0
2019-02-25,22,0,196,0.0,0.0,0.0,0.0,0.0
2019-02-25,22,0,198,0.0,0.0,0.0,0.0,0.0
2019-02-25,22,0,199,105.72,105.72,0.0,-4136.664158,0.0
2019-02-25,22,0,200,0.0,0.0,0.0,-0.0,0.0
2019-02-25,22,0,204,553.14,553.14,0.0,5720.495927,0.0
2019-02-25,22,0,205,427.38,427.38,0.0,4357.079726,0.0
2019-02-25,22,0,206,250.65,250.65,0.0,3382.494617,0.0
2019-02-25,22,0,210,0.0,0.0,0.0,0.0,0.0
2019-02-25,22,0,214,0.0,0.0,0.0,0.0,0.0
2019-02-25,22,0,217,0.0,0.0,0.0,0.0,0.0
2019-02-25,22,0,218,0.0,0.0,0.0,0.0,0.0
2019-02-25,22,0,219,0.0,0.0,0.0,0.0,0.0
2019-02-25,22,0,221,0.0,0.0,0.0,0.0,0.0
2019-02-25,22,0,225,0.0,0.0,0.0,0.0,0.0
2019-02-25,22,0,233,0.0,0.0,0.0,0.0,0.0
2019-02-25,22,0,236,17.09,17.09,0.0,138.577389,0.0
2019-02-25,22,0,237,46.53,46.53,0.0,407.8251,0.0
2019-02-25,22,0,238,0.0,0.0,0.0,0.0,0.0
2019-02-25,22,0,240,0.0,0.0,0.0,0.0,0.0
2019-02-25,22,0,245,22.28,22.28,0.0,164.581991,0.0
2019-02-25,22,0,247,8.28,8.28,0.0,61.164223,0.0
2019-02-25,22,0,248,4.67,4.67,0.0,40.931511,0.0
2019-02-25,22,0,249,42.84,42.84,0.0,316.45837,0.0
2019-02-25,22,0,251,48.56,48.56,0.0,371.496822,0.0
2019-02-25,22,0,252,22.97,22.97,0.0,174.155291,0.0
2019-02-25,22,0,254,0.0,0.0,0.0,0.0,0.0
2019-02-25,22,0,255,0.0,0.0,0.0,0.0,0.0
2019-02-25,22,0,258,0.0,0.0,0.0,0.0,0.0
2019-02-25,22,0,260,0.0,0.0,0.0,0.0,0.0
2019-02-25,22,0,265,0.0,0.0,0.0,0.0,0.0
2019-02-25,22,0,266,82.52,82.52,0.0,947.078634,0.0
2019-02-25,22,0,267,101.41,101.41,0.0,1163.878385,0.0
2019-02-25,22,0,270,354.58,354.58,0.0,-354580.0,0.0
2019-02-25,22,0,272,413.26,413.26,0.0,-113996.297488,0.0
2019-02-25,22,0,273,0.0,0.0,0.0,-0.0,0.0
2019-02-25,22,0,274,457.1,457.1,0.0,-457100.0,0.0
2019-02-25,22,0,275,636.29,636.29,0.0,-636290.0,0.0
2019-02-25,22,0,276,0.0,0.0,0.0,-0.0,0.0
2019-02-25,22,0,277,0.0,0.0,0.0,-0.0,0.0
2019-02-25,22,0,278,0.0,0.0,0.0,-0.0,0.0
2019-02-25,22,0,279,163.91,163.91,0.0,-47164.712063,0.0
2019-02-25,22,0,281,9.1,9.1,0.0,122.448986,0.0
2019-02-25,22,0,282,0.0,0.0,0.0,0.0,0.0
2019-02-25,23,0,9,0.0,0.0,0.0,0.0,0.0
2019-02-25,23,0,17,0.0,0.0,0.0,0.0,0.0
2019-02-25,23,0,19,153.99,153.99,0.0,1075.167608,0.0
2019-02-25,23,0,20,186.76,186.76,0.0,1303.969754,0.0
2019-02-25,23,0,21,0.0,0.0,0.0,0.0,0.0
2019-02-25,23,0,22,0.0,0.0,0.0,0.0,0.0
2019-02-25,23,0,23,86.01,86.01,0.0,1064.174251,0.0
2019-02-25,23,0,24,152.18,152.18,0.0,1882.874521,0.0
2019-02-25,23,0,29,0.0,0.0,0.0,0.0,0.0
2019-02-25,23,0,30,0.0,0.0,0.0,0.0,0.0
2019-02-25,23,0,31,19.47,19.47,0.0,241.56166,0.0
2019-02-25,23,0,32,0.0,0.0,0.0,0.0,0.0
2019-02-25,23,0,33,0.0,0.0,0.0,0.0,0.0
2019-02-25,23,0,34,0.0,0.0,0.0,0.0,0.0
2019-02-25,23,0,35,0.0,0.0,0.0,0.0,0.0
2019-02-25,23,0,36,0.0,0.0,0.0,0.0,0.0
2019-02-25,23,0,37,0.0,0.0,0.0,0.0,0.0
2019-02-25,23,0,38,0.0,0.0,0.0,0.0,0.0
2019-02-25,23,0,39,0.0,0.0,0.0,0.0,0.0
2019-02-25,23,0,40,0.0,0.0,0.0,0.0,0.0
2019-02-25,23,0,41,97.23,97.23,0.0,1029.872014,0.0
2019-02-25,23,0,42,0.0,0.0,0.0,0.0,0.0
2019-02-25,23,0,43,0.0,0.0,0.0,0.0,0.0
2019-02-25,23,0,46,0.0,0.0,0.0,0.0,0.0
2019-02-25,23,0,52,20.64,20.64,0.0,256.077692,0.0
2019-02-25,23,0,53,32.79,32.79,0.0,406.821102,0.0
2019-02-25,23,0,55,327.91,327.91,0.0,4057.125667,0.0
2019-02-25,23,0,56,0.0,0.0,0.0,0.0,0.0
2019-02-25,23,0,57,0.0,0.0,0.0,0.0,0.0
2019-02-25,23,0,58,0.0,0.0,0.0,0.0,0.0
2019-02-25,23,0,59,0.0,0.0,0.0,0.0,0.0
2019-02-25,23,0,63,142.71,142.71,0.0,13525.147887,0.0
2019-02-25,23,0,64,167.9,167.9,0.0,15912.496182,0.0
2019-02-25,23,0,65,2.81,2.81,0.0,19.726952,0.0
2019-02-25,23,0,67,0.0,0.0,0.0,-0.0,0.0
2019-02-25,23,0,68,4.4,4.4,0.0,-1863.450516,0.0
2019-02-25,23,0,69,0.0,0.0,0.0,0.0,0.0
2019-02-25,23,0,74,13.1,13.1,0.0,106.175746,0.0
2019-02-25,23,0,77,171.95,171.95,0.0,-52545.14992,0.0
2019-02-25,23,0,78,129.99,129.99,0.0,-39722.849887,0.0
2019-02-25,23,0,79,75.23,75.23,0.0,-22989.07606,0.0
2019-02-25,23,0,80,121.65,121.65,0.0,-37174.280243,0.0
2019-02-25,23,0,81,159.05,159.05,0.0,-48603.117737,0.0
2019-02-25,23,0,82,112.19,112.19,0.0,-34283.456642,0.0
2019-02-25,23,0,83,250.18,250.18,0.0,-76450.977651,0.0
2019-02-25,23,0,84,0.0,0.0,0.0,-0.0,0.0
2019-02-25,23,0,86,0.0,0.0,0.0,0.0,0.0
2019-02-25,23,0,87,0.0,0.0,0.0,0.0,0.0
2019-02-25,23,0,88,170.6,170.6,0.0,-52132.611669,0.0
2019-02-25,23,0,89,164.0,164.0,0.0,-50115.757993,0.0
2019-02-25,23,0,90,220.2,220.2,0.0,-67289.572623,0.0
2019-02-25,23,0,91,785.5,785.5,0.0,-240036.145754,0.0
2019-02-25,23,0,92,282.5,282.5,0.0,-86327.448982,0.0
2019-02-25,23,0,95,101.83,101.83,0.0,1980.163757,0.0
2019-02-25,23,0,96,13.24,13.24,0.0,164.739905,0.0
2019-02-25,23,0,97,81.42,81.42,0.0,1013.075762,0.0
2019-02-25,23,0,99,2.53,2.53,0.0,20.505698,0.0
2019-02-25,23,0,101,0.0,0.0,0.0,0.0,0.0
2019-02-25,23,0,102,10.42,10.42,0.0,-4412.989632,0.0
2019-02-25,23,0,103,9.06,9.06,0.0,-3837.014018,0.0
2019-02-25,23,0,104,1.68,1.68,0.0,-711.499288,0.0
2019-02-25,23,0,106,0.0,0.0,0.0,0.0,0.0
2019-02-25,23,0,109,109.1,109.1,0.0,1027.331726,0.0
2019-02-25,23,0,110,338.6,338.6,0.0,-338600.0,0.0
2019-02-25,23,0,111,0.0,0.0,0.0,0.0,0.0
2019-02-25,23,0,113,110.31,110.31,0.0,-30441.973336,0.0
2019-02-25,23,0,115,110.31,110.31,0.0,-30441.973336,0.0
2019-02-25,23,0,116,0.0,0.0,0.0,-0.0,0.0
2019-02-25,23,0,117,7.35,7.35,0.0,-2028.361019,0.0
2019-02-25,23,0,119,167.9,167.9,0.0,15912.496182,0.0
2019-02-25,23,0,120,98.73,98.73,0.0,9357.002669,0.0
2019-02-25,23,0,123,0.0,0.0,0.0,0.0,0.0
2019-02-25,23,0,125,137.71,137.71,0.0,1703.841834,0.0
2019-02-25,23,0,126,0.0,0.0,0.0,0.0,0.0
2019-02-25,23,0,127,0.0,0.0,0.0,0.0,0.0
2019-02-25,23,0,128,197.24,197.24,0.0,2440.387505,0.0
2019-02-25,23,0,131,13.5,13.5,0.0,-5205.753413,0.0
2019-02-25,23,0,132,19.84,19.84,0.0,-7650.529461,0.0
2019-02-25,23,0,133,21.19,21.19,0.0,147.873601,0.0
2019-02-25,23,0,134,0.0,0.0,0.0,0.0,0.0
2019-02-25,23,0,135,28.39,28.39,0.0,198.118525,0.0
2019-02-25,23,0,136,4.69,4.69,0.0,32.934893,0.0
2019-02-25,23,0,139,125.56,125.56,0.0,1329.946828,0.0
2019-02-25,23,0,140,250.6,250.6,0.0,-250600.0,0.0
2019-02-25,23,0,141,165.72,165.72,0.0,-93701.850689,0.0
2019-02-25,23,0,142,0.0,0.0,0.0,-0.0,0.0
2019-02-25,23,0,143,31.77,31.77,0.0,394.166099,0.0
2019-02-25,23,0,145,12.89,12.89,0.0,145.616512,0.0
2019-02-25,23,0,146,268.0,268.0,0.0,-268000.0,0.0
2019-02-25,23,0,152,0.0,0.0,0.0,0.0,0.0
2019-02-25,23,0,153,0.0,0.0,0.0,0.0,0.0
2019-02-25,23,0,154,0.0,0.0,0.0,0.0,0.0
2019-02-25,23,0,157,108.59,108.59,0.0,-61399.251547,0.0
2019-02-25,23,0,158,0.0,0.0,0.0,-0.0,0.0
2019-02-25,23,0,159,0.0,0.0,0.0,0.0,0.0
2019-02-25,23,0,160,0.0,0.0,0.0,0.0,0.0
2019-02-25,23,0,161,0.0,0.0,0.0,-0.0,0.0
2019-02-25,23,0,162,19.83,19.83,0.0,401.103973,0.0
2019-02-25,23,0,163,98.41,98.41,0.0,-98410.0,0.0
2019-02-25,23,0,164,0.0,0.0,0.0,0.0,0.0
2019-02-25,23,0,167,0.0,0.0,0.0,0.0,0.0
2019-02-25,23,0,168,0.0,0.0,0.0,0.0,0.0
2019-02-25,23,0,169,0.0,0.0,0.0,0.0,0.0
2019-02-25,23,0,170,0.0,0.0,0.0,0.0,0.0
2019-02-25,23,0,172,0.0,0.0,0.0,0.0,0.0
2019-02-25,23,0,173,0.0,0.0,0.0,0.0,0.0
2019-02-25,23,0,188,0.0,0.0,0.0,0.0,0.0
2019-02-25,23,0,190,0.0,0.0,0.0,0.0,0.0
2019-02-25,23,0,191,0.0,0.0,0.0,0.0,0.0
2019-02-25,23,0,192,118.22,118.22,0.0,3833.585802,0.0
2019-02-25,23,0,194,176.5,176.5,0.0,-25186.958393,0.0
2019-02-25,23,0,196,0.0,0.0,0.0,0.0,0.0
2019-02-25,23,0,198,0.0,0.0,0.0,0.0,0.0
2019-02-25,23,0,199,54.37,54.37,0.0,-2134.284656,0.0
2019-02-25,23,0,200,0.0,0.0,0.0,-0.0,0.0
2019-02-25,23,0,204,608.43,608.43,0.0,5811.249841,0.0
2019-02-25,23,0,205,577.12,577.12,0.0,5434.405917,0.0
2019-02-25,23,0,206,239.25,239.25,0.0,2976.889906,0.0
2019-02-25,23,0,210,0.0,0.0,0.0,0.0,0.0
2019-02-25,23,0,214,0.0,0.0,0.0,0.0,0.0
2019-02-25,23,0,217,0.0,0.0,0.0,0.0,0.0
2019-02-25,23,0,218,0.0,0.0,0.0,0.0,0.0
2019-02-25,23,0,219,0.0,0.0,0.0,0.0,0.0
2019-02-25,23,0,221,0.0,0.0,0.0,0.0,0.0
2019-02-25,23,0,225,0.0,0.0,0.0,0.0,0.0
2019-02-25,23,0,233,0.0,0.0,0.0,0.0,0.0
2019-02-25,23,0,236,11.61,11.61,0.0,87.114148,0.0
2019-02-25,23,0,237,31.43,31.43,0.0,254.740741,0.0
2019-02-25,23,0,238,0.0,0.0,0.0,0.0,0.0
2019-02-25,23,0,240,0.0,0.0,0.0,0.0,0.0
2019-02-25,23,0,245,18.37,18.37,0.0,125.679546,0.0
2019-02-25,23,0,247,7.22,7.22,0.0,49.396098,0.0
2019-02-25,23,0,248,3.16,3.16,0.0,25.611859,0.0
2019-02-25,23,0,249,35.32,35.32,0.0,241.64407,0.0
2019-02-25,23,0,251,20.6,20.6,0.0,145.909725,0.0
2019-02-25,23,0,252,18.13,18.13,0.0,127.277453,0.0
2019-02-25,23,0,254,0.0,0.0,0.0,0.0,0.0
2019-02-25,23,0,255,0.0,0.0,0.0,0.0,0.0
2019-02-25,23,0,258,0.0,0.0,0.0,0.0,0.0
2019-02-25,23,0,260,0.0,0.0,0.0,0.0,0.0
2019-02-25,23,0,265,0.0,0.0,0.0,0.0,0.0
2019-02-25,23,0,266,81.31,81.31,0.0,861.245433,0.0
2019-02-25,23,0,267,99.91,99.91,0.0,1058.258901,0.0
2019-02-25,23,0,270,307.34,307.34,0.0,-307340.0,0.0
2019-02-25,23,0,272,368.65,368.65,0.0,-101735.413564,0.0
2019-02-25,23,0,273,0.0,0.0,0.0,-0.0,0.0
2019-02-25,23,0,274,396.2,396.2,0.0,-396200.0,0.0
2019-02-25,23,0,275,551.52,551.52,0.0,-551520.0,0.0
2019-02-25,23,0,276,0.0,0.0,0.0,-0.0,0.0
2019-02-25,23,0,277,0.0,0.0,0.0,-0.0,0.0
2019-02-25,23,0,278,0.0,0.0,0.0,-0.0,0.0
2019-02-25,23,0,279,152.64,152.64,0.0,-43936.077737,0.0
2019-02-25,23,0,281,8.74,8.74,0.0,108.436,0.0
2019-02-25,23,0,282,0.0,0.0,0.0,0.0,0.0
2019-02-26,0,0,9,0.0,0.0,0.0,0.0,0.0
2019-02-26,0,0,17,0.0,0.0,0.0,0.0,0.0
2019-02-26,0,0,19,144.53,144.53,0.0,1503.335228,0.0
2019-02-26,0,0,20,175.29,175.29,0.0,1823.286737,0.0
2019-02-26,0,0,21,0.0,0.0,0.0,0.0,0.0
2019-02-26,0,0,22,0.0,0.0,0.0,0.0,0.0
2019-02-26,0,0,23,106.52,106.52,0.0,1320.23321,0.0
2019-02-26,0,0,24,188.46,188.46,0.0,2335.816286,0.0
2019-02-26,0,0,29,0.0,0.0,0.0,0.0,0.0
2019-02-26,0,0,30,0.0,0.0,0.0,0.0,0.0
2019-02-26,0,0,31,19.16,19.16,0.0,237.715532,0.0
2019-02-26,0,0,32,0.0,0.0,0.0,0.0,0.0
2019-02-26,0,0,33,0.0,0.0,0.0,0.0,0.0
2019-02-26,0,0,34,0.0,0.0,0.0,0.0,0.0
2019-02-26,0,0,35,0.0,0.0,0.0,0.0,0.0
2019-02-26,0,0,36,0.0,0.0,0.0,0.0,0.0
2019-02-26,0,0,37,0.0,0.0,0.0,0.0,0.0
2019-02-26,0,0,38,0.0,0.0,0.0,0.0,0.0
2019-02-26,0,0,39,0.0,0.0,0.0,0.0,0.0
2019-02-26,0,0,40,0.0,0.0,0.0,0.0,0.0
2019-02-26,0,0,41,96.29,96.29,0.0,1130.062446,0.0
2019-02-26,0,0,42,0.0,0.0,0.0,0.0,0.0
2019-02-26,0,0,43,0.0,0.0,0.0,0.0,0.0
2019-02-26,0,0,46,0.0,0.0,0.0,0.0,0.0
2019-02-26,0,0,52,20.31,20.31,0.0,251.983427,0.0
2019-02-26,0,0,53,32.27,32.27,0.0,400.369532,0.0
2019-02-26,0,0,55,348.52,348.52,0.0,4319.636485,0.0
2019-02-26,0,0,56,0.0,0.0,0.0,0.0,0.0
2019-02-26,0,0,57,0.0,0.0,0.0,0.0,0.0
2019-02-26,0,0,58,0.0,0.0,0.0,0.0,0.0
2019-02-26,0,0,59,0.0,0.0,0.0,0.0,0.0
2019-02-26,0,0,63,125.39,125.39,0.0,11993.695138,0.0
2019-02-26,0,0,64,147.52,147.52,0.0,14110.454636,0.0
2019-02-26,0,0,65,2.16,2.16,0.0,22.497842,0.0
2019-02-26,0,0,67,0.0,0.0,0.0,-0.0,0.0
2019-02-26,0,0,68,4.53,4.53,0.0,-1912.765661,0.0
2019-02-26,0,0,69,0.0,0.0,0.0,0.0,0.0
2019-02-26,0,0,74,8.53,8.53,0.0,92.266062,0.0
2019-02-26,0,0,77,180.85,180.85,0.0,-54963.518121,0.0
2019-02-26,0,0,78,136.72,136.72,0.0,-41551.629513,0.0
2019-02-26,0,0,79,79.12,79.12,0.0,-24045.969332,0.0
2019-02-26,0,0,80,127.95,127.95,0.0,-38886.271184,0.0
2019-02-26,0,0,81,167.28,167.28,0.0,-50839.354776,0.0
2019-02-26,0,0,82,118.0,118.0,0.0,-35862.289955,0.0
2019-02-26,0,0,83,263.13,263.13,0.0,-79969.867421,0.0
2019-02-26,0,0,84,0.0,0.0,0.0,-0.0,0.0
2019-02-26,0,0,86,0.0,0.0,0.0,0.0,0.0
2019-02-26,0,0,87,0.0,0.0,0.0,0.0,0.0
2019-02-26,0,0,88,170.6,170.6,0.0,-51848.361578,0.0
2019-02-26,0,0,89,164.0,164.0,0.0,-49842.504683,0.0
2019-02-26,0,0,90,220.2,220.2,0.0,-66922.680068,0.0
2019-02-26,0,0,91,785.5,785.5,0.0,-238727.362367,0.0
2019-02-26,0,0,92,282.5,282.5,0.0,-85856.753493,0.0
2019-02-26,0,0,95,37.3,37.3,0.0,898.497532,0.0
2019-02-26,0,0,96,13.01,13.01,0.0,161.585129,0.0
2019-02-26,0,0,97,80.02,80.02,0.0,993.854111,0.0
2019-02-26,0,0,99,1.65,1.65,0.0,17.84748,0.0
2019-02-26,0,0,101,0.0,0.0,0.0,0.0,0.0
2019-02-26,0,0,102,10.72,10.72,0.0,-4526.456487,0.0
2019-02-26,0,0,103,9.32,9.32,0.0,-3935.314782,0.0
2019-02-26,0,0,104,1.73,1.73,0.0,-730.48225,0.0
2019-02-26,0,0,106,0.0,0.0,0.0,0.0,0.0
2019-02-26,0,0,109,122.07,122.07,0.0,1379.564948,0.0
2019-02-26,0,0,110,338.6,338.6,0.0,-338600.0,0.0
2019-02-26,0,0,111,0.0,0.0,0.0,0.0,0.0
2019-02-26,0,0,113,101.09,101.09,0.0,-27768.854485,0.0
2019-02-26,0,0,115,101.09,101.09,0.0,-27768.854485,0.0
2019-02-26,0,0,116,0.0,0.0,0.0,-0.0,0.0
2019-02-26,0,0,117,6.74,6.74,0.0,-1851.440095,0.0
2019-02-26,0,0,119,147.52,147.52,0.0,14110.454636,0.0
2019-02-26,0,0,120,86.74,86.74,0.0,8296.77898,0.0
2019-02-26,0,0,123,0.0,0.0,0.0,0.0,0.0
2019-02-26,0,0,125,170.54,170.54,0.0,2113.711713,0.0
2019-02-26,0,0,126,0.0,0.0,0.0,0.0,0.0
2019-02-26,0,0,127,0.0,0.0,0.0,0.0,0.0
2019-02-26,0,0,128,244.26,244.26,0.0,3027.414231,0.0
2019-02-26,0,0,131,14.32,14.32,0.0,-5502.612296,0.0
2019-02-26,0,0,132,21.05,21.05,0.0,-8088.686371,0.0
2019-02-26,0,0,133,19.35,19.35,0.0,201.244139,0.0
2019-02-26,0,0,134,0.0,0.0,0.0,0.0,0.0
2019-02-26,0,0,135,25.93,25.93,0.0,269.677546,0.0
2019-02-26,0,0,136,3.35,3.35,0.0,34.895085,0.0
2019-02-26,0,0,139,124.35,124.35,0.0,1459.375483,0.0
2019-02-26,0,0,140,250.6,250.6,0.0,-250600.0,0.0
2019-02-26,0,0,141,191.97,191.97,0.0,-108360.7857,0.0
2019-02-26,0,0,142,0.0,0.0,0.0,-0.0,0.0
2019-02-26,0,0,143,74.62,74.62,0.0,925.800262,0.0
2019-02-26,0,0,145,12.34,12.34,0.0,148.037337,0.0
2019-02-26,0,0,146,268.0,268.0,0.0,-268000.0,0.0
2019-02-26,0,0,152,0.0,0.0,0.0,0.0,0.0
2019-02-26,0,0,153,0.0,0.0,0.0,0.0,0.0
2019-02-26,0,0,154,0.0,0.0,0.0,0.0,0.0
2019-02-26,0,0,157,110.85,110.85,0.0,-62571.199119,0.0
2019-02-26,0,0,158,0.0,0.0,0.0,-0.0,0.0
2019-02-26,0,0,159,0.0,0.0,0.0,0.0,0.0
2019-02-26,0,0,160,0.0,0.0,0.0,0.0,0.0
2019-02-26,0,0,161,0.0,0.0,0.0,-0.0,0.0
2019-02-26,0,0,162,16.49,16.49,0.0,410.256363,0.0
2019-02-26,0,0,163,86.2,86.2,0.0,-86200.0,0.0
2019-02-26,0,0,164,0.0,0.0,0.0,0.0,0.0
2019-02-26,0,0,167,0.0,0.0,0.0,0.0,0.0
2019-02-26,0,0,168,0.0,0.0,0.0,0.0,0.0
2019-02-26,0,0,169,0.0,0.0,0.0,0.0,0.0
2019-02-26,0,0,170,0.0,0.0,0.0,0.0,0.0
2019-02-26,0,0,172,0.0,0.0,0.0,0.0,0.0
2019-02-26,0,0,173,0.0,0.0,0.0,0.0,0.0
2019-02-26,0,0,188,0.0,0.0,0.0,0.0,0.0
2019-02-26,0,0,190,0.0,0.0,0.0,0.0,0.0
2019-02-26,0,0,191,0.0,0.0,0.0,0.0,0.0
2019-02-26,0,0,192,103.53,103.53,0.0,3357.224988,0.0
2019-02-26,0,0,194,176.5,176.5,0.0,-24985.994657,0.0
2019-02-26,0,0,196,0.0,0.0,0.0,0.0,0.0
2019-02-26,0,0,198,0.0,0.0,0.0,0.0,0.0
2019-02-26,0,0,199,14.82,14.82,0.0,-506.766478,0.0
2019-02-26,0,0,200,0.0,0.0,0.0,-0.0,0.0
2019-02-26,0,0,204,678.64,678.64,0.0,7703.415327,0.0
2019-02-26,0,0,205,645.73,645.73,0.0,7297.669159,0.0
2019-02-26,0,0,206,235.12,235.12,0.0,2920.207181,0.0
2019-02-26,0,0,210,0.0,0.0,0.0,0.0,0.0
2019-02-26,0,0,214,0.0,0.0,0.0,0.0,0.0
2019-02-26,0,0,217,0.0,0.0,0.0,0.0,0.0
2019-02-26,0,0,218,0.0,0.0,0.0,0.0,0.0
2019-02-26,0,0,219,0.0,0.0,0.0,0.0,0.0
2019-02-26,0,0,221,0.0,0.0,0.0,0.0,0.0
2019-02-26,0,0,225,0.0,0.0,0.0,0.0,0.0
2019-02-26,0,0,233,0.0,0.0,0.0,0.0,0.0
2019-02-26,0,0,236,7.97,7.97,0.0,84.436181,0.0
2019-02-26,0,0,237,20.46,20.46,0.0,221.308749,0.0
2019-02-26,0,0,238,0.0,0.0,0.0,0.0,0.0
2019-02-26,0,0,240,0.0,0.0,0.0,0.0,0.0
2019-02-26,0,0,245,10.21,10.21,0.0,105.669507,0.0
2019-02-26,0,0,247,7.03,7.03,0.0,72.757751,0.0
2019-02-26,0,0,248,2.05,2.05,0.0,22.174142,0.0
2019-02-26,0,0,249,19.12,19.12,0.0,197.884523,0.0
2019-02-26,0,0,251,17.94,17.94,0.0,187.273076,0.0
2019-02-26,0,0,252,13.94,13.94,0.0,145.194409,0.0
2019-02-26,0,0,254,0.0,0.0,0.0,0.0,0.0
2019-02-26,0,0,255,0.0,0.0,0.0,0.0,0.0
2019-02-26,0,0,258,0.0,0.0,0.0,0.0,0.0
2019-02-26,0,0,260,0.0,0.0,0.0,0.0,0.0
2019-02-26,0,0,265,0.0,0.0,0.0,0.0,0.0
2019-02-26,0,0,266,80.52,80.52,0.0,944.985234,0.0
2019-02-26,0,0,267,98.95,98.95,0.0,1161.280289,0.0
2019-02-26,0,0,270,269.19,269.19,0.0,-269190.0,0.0
2019-02-26,0,0,272,337.83,337.83,0.0,-92800.001096,0.0
2019-02-26,0,0,273,0.0,0.0,0.0,-0.0,0.0
2019-02-26,0,0,274,347.02,347.02,0.0,-347020.0,0.0
2019-02-26,0,0,275,483.06,483.06,0.0,-483060.0,0.0
2019-02-26,0,0,276,0.0,0.0,0.0,-0.0,0.0
2019-02-26,0,0,277,0.0,0.0,0.0,-0.0,0.0
2019-02-26,0,0,278,0.0,0.0,0.0,-0.0,0.0
2019-02-26,0,0,279,148.31,148.31,0.0,-42477.538716,0.0
2019-02-26,0,0,281,8.6,8.6,0.0,106.699039,0.0
2019-02-26,0,0,282,0.0,0.0,0.0,0.0,0.0
2019-02-26,1,0,9,0.0,0.0,0.0,0.0,0.0
2019-02-26,1,0,17,0.0,0.0,0.0,0.0,0.0
2019-02-26,1,0,19,135.3,135.3,0.0,2112.592573,0.0
2019-02-26,1,0,20,164.09,164.09,0.0,2562.123543,0.0
2019-02-26,1,0,21,0.0,0.0,0.0,0.0,0.0
2019-02-26,1,0,22,0.0,0.0,0.0,0.0,0.0
2019-02-26,1,0,23,108.8,108.8,0.0,1779.218495,0.0
2019-02-26,1,0,24,192.5,192.5,0.0,3147.973899,0.0
2019-02-26,1,0,29,0.0,0.0,0.0,0.0,0.0
2019-02-26,1,0,30,0.0,0.0,0.0,0.0,0.0
2019-02-26,1,0,31,43.33,43.33,0.0,708.783359,0.0
2019-02-26,1,0,32,0.0,0.0,0.0,0.0,0.0
2019-02-26,1,0,33,0.0,0.0,0.0,0.0,0.0
2019-02-26,1,0,34,0.0,0.0,0.0,0.0,0.0
2019-02-26,1,0,35,0.0,0.0,0.0,0.0,0.0
2019-02-26,1,0,36,0.0,0.0,0.0,0.0,0.0
2019-02-26,1,0,37,0.0,0.0,0.0,0.0,0.0
2019-02-26,1,0,38,0.0,0.0,0.0,0.0,0.0
2019-02-26,1,0,39,0.0,0.0,0.0,0.0,0.0
2019-02-26,1,0,40,0.0,0.0,0.0,0.0,0.0
2019-02-26,1,0,41,95.21,95.21,0.0,1533.740034,0.0
2019-02-26,1,0,42,0.0,0.0,0.0,0.0,0.0
2019-02-26,1,0,43,0.0,0.0,0.0,0.0,0.0
2019-02-26,1,0,46,0.0,0.0,0.0,0.0,0.0
2019-02-26,1,0,52,46.13,46.13,0.0,754.585192,0.0
2019-02-26,1,0,53,75.41,75.41,0.0,1233.541498,0.0
2019-02-26,1,0,55,320.01,320.01,0.0,5233.159104,0.0
2019-02-26,1,0,56,0.0,0.0,0.0,0.0,0.0
2019-02-26,1,0,57,0.0,0.0,0.0,0.0,0.0
2019-02-26,1,0,58,0.0,0.0,0.0,0.0,0.0
2019-02-26,1,0,59,0.0,0.0,0.0,0.0,0.0
2019-02-26,1,0,63,110.52,110.52,0.0,4136.493613,0.0
2019-02-26,1,0,64,130.02,130.02,0.0,4866.330976,0.0
2019-02-26,1,0,65,1.64,1.64,0.0,25.615772,0.0
2019-02-26,1,0,67,0.0,0.0,0.0,-0.0,0.0
2019-02-26,1,0,68,4.87,4.87,0.0,-276.754517,0.0
2019-02-26,1,0,69,0.0,0.0,0.0,0.0,0.0
2019-02-26,1,0,74,5.39,5.39,0.0,84.989935,0.0
2019-02-26,1,0,77,196.87,196.87,0.0,-6981.390544,0.0
2019-02-26,1,0,78,148.83,148.83,0.0,-5277.799333,0.0
2019-02-26,1,0,79,86.13,86.13,0.0,-3054.336199,0.0
2019-02-26,1,0,80,139.28,139.28,0.0,-4939.137882,0.0
2019-02-26,1,0,81,182.1,182.1,0.0,-6457.617809,0.0
2019-02-26,1,0,82,128.46,128.46,0.0,-4555.439779,0.0
2019-02-26,1,0,83,286.44,286.44,0.0,-10157.715789,0.0
2019-02-26,1,0,84,0.0,0.0,0.0,0.0,0.0
2019-02-26,1,0,86,0.0,0.0,0.0,0.0,0.0
2019-02-26,1,0,87,0.0,0.0,0.0,0.0,0.0
2019-02-26,1,0,88,170.6,170.6,0.0,-6049.805591,0.0
2019-02-26,1,0,89,164.0,164.0,0.0,-5815.75684,0.0
2019-02-26,1,0,90,220.2,220.2,0.0,-7808.717416,0.0
2019-02-26,1,0,91,785.5,785.5,0.0,-27855.347549,0.0
2019-02-26,1,0,92,282.5,282.5,0.0,-10017.995777,0.0
2019-02-26,1,0,95,30.68,30.68,0.0,756.393014,0.0
2019-02-26,1,0,96,13.07,13.07,0.0,213.860422,0.0
2019-02-26,1,0,97,80.4,80.4,0.0,1315.560668,0.0
2019-02-26,1,0,99,1.04,1.04,0.0,16.3988,0.0
2019-02-26,1,0,101,0.0,0.0,0.0,0.0,0.0
2019-02-26,1,0,102,11.52,11.52,0.0,-654.663663,0.0
2019-02-26,1,0,103,10.02,10.02,0.0,-569.420999,0.0
2019-02-26,1,0,104,1.86,1.86,0.0,-105.700904,0.0
2019-02-26,1,0,106,0.0,0.0,0.0,0.0,0.0
2019-02-26,1,0,109,137.9,137.9,0.0,2199.208694,0.0
2019-02-26,1,0,110,338.6,338.6,0.0,-54592.844749,0.0
2019-02-26,1,0,111,0.0,0.0,0.0,0.0,0.0
2019-02-26,1,0,113,53.79,53.79,0.0,-1620.706389,0.0
2019-02-26,1,0,115,53.79,53.79,0.0,-1620.706389,0.0
2019-02-26,1,0,116,0.0,0.0,0.0,-0.0,0.0
2019-02-26,1,0,117,3.68,3.68,0.0,-110.879336,0.0
2019-02-26,1,0,119,130.02,130.02,0.0,4866.330976,0.0
2019-02-26,1,0,120,76.45,76.45,0.0,2861.336742,0.0
2019-02-26,1,0,123,0.0,0.0,0.0,0.0,0.0
2019-02-26,1,0,125,174.2,174.2,0.0,2848.711965,0.0
2019-02-26,1,0,126,0.0,0.0,0.0,0.0,0.0
2019-02-26,1,0,127,0.0,0.0,0.0,0.0,0.0
2019-02-26,1,0,128,249.5,249.5,0.0,4080.101236,0.0
2019-02-26,1,0,131,15.86,15.86,0.0,-792.440052,0.0
2019-02-26,1,0,132,23.31,23.31,0.0,-1164.677025,0.0
2019-02-26,1,0,133,17.8,17.8,0.0,277.922834,0.0
2019-02-26,1,0,134,0.0,0.0,0.0,0.0,0.0
2019-02-26,1,0,135,23.85,23.85,0.0,372.38537,0.0
2019-02-26,1,0,136,2.43,2.43,0.0,37.955776,0.0
2019-02-26,1,0,139,122.95,122.95,0.0,1980.604319,0.0
2019-02-26,1,0,140,250.6,250.6,0.0,-40404.509433,0.0
2019-02-26,1,0,141,226.88,226.88,0.0,-18724.112776,0.0
2019-02-26,1,0,142,0.0,0.0,0.0,-0.0,0.0
2019-02-26,1,0,143,92.49,92.49,0.0,1512.932677,0.0
2019-02-26,1,0,145,12.19,12.19,0.0,197.54665,0.0
2019-02-26,1,0,146,268.0,268.0,0.0,-43209.93028,0.0
2019-02-26,1,0,152,0.0,0.0,0.0,0.0,0.0
2019-02-26,1,0,153,0.0,0.0,0.0,0.0,0.0
2019-02-26,1,0,154,0.0,0.0,0.0,0.0,0.0
2019-02-26,1,0,157,113.68,113.68,0.0,-9381.863278,0.0
2019-02-26,1,0,158,0.0,0.0,0.0,-0.0,0.0
2019-02-26,1,0,159,0.0,0.0,0.0,0.0,0.0
2019-02-26,1,0,160,0.0,0.0,0.0,0.0,0.0
2019-02-26,1,0,161,0.0,0.0,0.0,-0.0,0.0
2019-02-26,1,0,162,13.77,13.77,0.0,341.412736,0.0
2019-02-26,1,0,163,76.68,76.68,0.0,-12363.199455,0.0
2019-02-26,1,0,164,0.0,0.0,0.0,0.0,0.0
2019-02-26,1,0,167,0.0,0.0,0.0,0.0,0.0
2019-02-26,1,0,168,0.0,0.0,0.0,0.0,0.0
2019-02-26,1,0,169,0.0,0.0,0.0,0.0,0.0
2019-02-26,1,0,170,0.0,0.0,0.0,0.0,0.0
2019-02-26,1,0,172,0.0,0.0,0.0,0.0,0.0
2019-02-26,1,0,173,0.0,0.0,0.0,0.0,0.0
2019-02-26,1,0,188,0.0,0.0,0.0,0.0,0.0
2019-02-26,1,0,190,0.0,0.0,0.0,0.0,0.0
2019-02-26,1,0,191,0.0,0.0,0.0,0.0,0.0
2019-02-26,1,0,192,90.45,90.45,0.0,3385.322541,0.0
2019-02-26,1,0,194,176.5,176.5,0.0,-1063.509062,0.0
2019-02-26,1,0,196,0.0,0.0,0.0,0.0,0.0
2019-02-26,1,0,198,0.0,0.0,0.0,0.0,0.0
2019-02-26,1,0,199,23.1,23.1,0.0,206.904649,0.0
2019-02-26,1,0,200,0.0,0.0,0.0,0.0,0.0
2019-02-26,1,0,204,765.09,765.09,0.0,12215.679628,0.0
2019-02-26,1,0,205,729.49,729.49,0.0,11633.798045,0.0
2019-02-26,1,0,206,236.25,236.25,0.0,3865.686665,0.0
2019-02-26,1,0,210,0.0,0.0,0.0,0.0,0.0
2019-02-26,1,0,214,0.0,0.0,0.0,0.0,0.0
2019-02-26,1,0,217,0.0,0.0,0.0,0.0,0.0
2019-02-26,1,0,218,0.0,0.0,0.0,0.0,0.0
2019-02-26,1,0,219,0.0,0.0,0.0,0.0,0.0
2019-02-26,1,0,221,0.0,0.0,0.0,0.0,0.0
2019-02-26,1,0,225,0.0,0.0,0.0,0.0,0.0
2019-02-26,1,0,233,0.0,0.0,0.0,0.0,0.0
2019-02-26,1,0,236,5.86,5.86,0.0,91.917615,0.0
2019-02-26,1,0,237,12.93,12.93,0.0,203.881235,0.0
2019-02-26,1,0,238,0.0,0.0,0.0,0.0,0.0
2019-02-26,1,0,240,0.0,0.0,0.0,0.0,0.0
2019-02-26,1,0,245,4.63,4.63,0.0,72.204275,0.0
2019-02-26,1,0,247,7.71,7.71,0.0,120.236492,0.0
2019-02-26,1,0,248,1.3,1.3,0.0,20.4985,0.0
2019-02-26,1,0,249,8.9,8.9,0.0,138.794395,0.0
2019-02-26,1,0,251,15.58,15.58,0.0,243.483812,0.0
2019-02-26,1,0,252,10.6,10.6,0.0,165.565357,0.0
2019-02-26,1,0,254,0.0,0.0,0.0,0.0,0.0
2019-02-26,1,0,255,0.0,0.0,0.0,0.0,0.0
2019-02-26,1,0,258,0.0,0.0,0.0,0.0,0.0
2019-02-26,1,0,260,0.0,0.0,0.0,0.0,0.0
2019-02-26,1,0,265,0.0,0.0,0.0,0.0,0.0
2019-02-26,1,0,266,79.62,79.62,0.0,1282.600373,0.0
2019-02-26,1,0,267,97.84,97.84,0.0,1576.106764,0.0
2019-02-26,1,0,270,239.48,239.48,0.0,-38611.619789,0.0
2019-02-26,1,0,272,179.39,179.39,0.0,-5405.066352,0.0
2019-02-26,1,0,273,0.0,0.0,0.0,-0.0,0.0
2019-02-26,1,0,274,308.72,308.72,0.0,-49775.259985,0.0
2019-02-26,1,0,275,429.74,429.74,0.0,-69287.445666,0.0
2019-02-26,1,0,276,0.0,0.0,0.0,-0.0,0.0
2019-02-26,1,0,277,0.0,0.0,0.0,-0.0,0.0
2019-02-26,1,0,278,0.0,0.0,0.0,-0.0,0.0
2019-02-26,1,0,279,152.08,152.08,0.0,-4907.288548,0.0
2019-02-26,1,0,281,17.89,17.89,0.0,292.640995,0.0
2019-02-26,1,0,282,0.0,0.0,0.0,0.0,0.0
2019-02-26,2,0,9,0.0,0.0,0.0,0.0,0.0
2019-02-26,2,0,17,0.0,0.0,0.0,0.0,0.0
2019-02-26,2,0,19,127.81,127.81,0.0,1391.596405,0.0
2019-02-26,2,0,20,155.01,155.01,0.0,1687.750244,0.0
2019-02-26,2,0,21,0.0,0.0,0.0,0.0,0.0
2019-02-26,2,0,22,0.0,0.0,0.0,0.0,0.0
2019-02-26,2,0,23,108.8,108.8,0.0,1235.406263,0.0
2019-02-26,2,0,24,192.5,192.5,0.0,2185.806118,0.0
2019-02-26,2,0,29,0.0,0.0,0.0,0.0,0.0
2019-02-26,2,0,30,0.0,0.0,0.0,0.0,0.0
2019-02-26,2,0,31,16.25,16.25,0.0,184.564207,0.0
2019-02-26,2,0,32,0.0,0.0,0.0,0.0,0.0
2019-02-26,2,0,33,0.0,0.0,0.0,0.0,0.0
2019-02-26,2,0,34,0.0,0.0,0.0,0.0,0.0
2019-02-26,2,0,35,0.0,0.0,0.0,0.0,0.0
2019-02-26,2,0,36,0.0,0.0,0.0,0.0,0.0
2019-02-26,2,0,37,0.0,0.0,0.0,0.0,0.0
2019-02-26,2,0,38,0.0,0.0,0.0,0.0,0.0
2019-02-26,2,0,39,0.0,0.0,0.0,0.0,0.0
2019-02-26,2,0,40,0.0,0.0,0.0,0.0,0.0
2019-02-26,2,0,41,92.92,92.92,0.0,1040.763508,0.0
2019-02-26,2,0,42,0.0,0.0,0.0,0.0,0.0
2019-02-26,2,0,43,0.0,0.0,0.0,0.0,0.0
2019-02-26,2,0,46,0.0,0.0,0.0,0.0,0.0
2019-02-26,2,0,52,17.22,17.22,0.0,195.58127,0.0
2019-02-26,2,0,53,27.36,27.36,0.0,310.749336,0.0
2019-02-26,2,0,55,329.11,329.11,0.0,3736.990398,0.0
2019-02-26,2,0,56,0.0,0.0,0.0,0.0,0.0
2019-02-26,2,0,57,0.0,0.0,0.0,0.0,0.0
2019-02-26,2,0,58,0.0,0.0,0.0,0.0,0.0
2019-02-26,2,0,59,0.0,0.0,0.0,0.0,0.0
2019-02-26,2,0,63,124.97,124.97,0.0,3397.824326,0.0
2019-02-26,2,0,64,147.02,147.02,0.0,3997.344422,0.0
2019-02-26,2,0,65,2.2,2.2,0.0,23.960898,0.0
2019-02-26,2,0,67,0.0,0.0,0.0,-0.0,0.0
2019-02-26,2,0,68,5.16,5.16,0.0,-172.54534,0.0
2019-02-26,2,0,69,0.0,0.0,0.0,0.0,0.0
2019-02-26,2,0,74,4.24,4.24,0.0,46.57749,0.0
2019-02-26,2,0,77,200.0,200.0,0.0,-3946.991601,0.0
2019-02-26,2,0,78,151.2,151.2,0.0,-2983.92565,0.0
2019-02-26,2,0,79,87.5,87.5,0.0,-1726.808825,0.0
2019-02-26,2,0,80,141.5,141.5,0.0,-2792.496558,0.0
2019-02-26,2,0,81,185.0,185.0,0.0,-3650.967231,0.0
2019-02-26,2,0,82,130.5,130.5,0.0,-2575.412019,0.0
2019-02-26,2,0,83,291.0,291.0,0.0,-5742.872779,0.0
2019-02-26,2,0,84,0.0,0.0,0.0,0.0,0.0
2019-02-26,2,0,86,0.0,0.0,0.0,0.0,0.0
2019-02-26,2,0,87,0.0,0.0,0.0,0.0,0.0
2019-02-26,2,0,88,170.6,170.6,0.0,-3366.783835,0.0
2019-02-26,2,0,89,164.0,164.0,0.0,-3236.533113,0.0
2019-02-26,2,0,90,220.2,220.2,0.0,-4345.637752,0.0
2019-02-26,2,0,91,785.5,785.5,0.0,-15501.809512,0.0
2019-02-26,2,0,92,282.5,282.5,0.0,-5575.125636,0.0
2019-02-26,2,0,95,10.18,10.18,0.0,193.871122,0.0
2019-02-26,2,0,96,15.25,15.25,0.0,173.253591,0.0
2019-02-26,2,0,97,93.78,93.78,0.0,1065.42438,0.0
2019-02-26,2,0,99,0.82,0.82,0.0,9.007911,0.0
2019-02-26,2,0,101,0.0,0.0,0.0,0.0,0.0
2019-02-26,2,0,102,12.21,12.21,0.0,-408.290427,0.0
2019-02-26,2,0,103,10.62,10.62,0.0,-355.122386,0.0
2019-02-26,2,0,104,1.97,1.97,0.0,-65.874868,0.0
2019-02-26,2,0,106,0.0,0.0,0.0,0.0,0.0
2019-02-26,2,0,109,150.89,150.89,0.0,1674.701668,0.0
2019-02-26,2,0,110,278.81,278.81,0.0,-27992.357213,0.0
2019-02-26,2,0,111,0.0,0.0,0.0,0.0,0.0
2019-02-26,2,0,113,62.75,62.75,0.0,-1023.851268,0.0
2019-02-26,2,0,115,62.75,62.75,0.0,-1023.851268,0.0
2019-02-26,2,0,116,0.0,0.0,0.0,-0.0,0.0
2019-02-26,2,0,117,3.35,3.35,0.0,-54.659789,0.0
2019-02-26,2,0,119,147.02,147.02,0.0,3997.344422,0.0
2019-02-26,2,0,120,86.45,86.45,0.0,2350.499424,0.0
2019-02-26,2,0,123,0.0,0.0,0.0,0.0,0.0
2019-02-26,2,0,125,174.2,174.2,0.0,1978.012601,0.0
2019-02-26,2,0,126,0.0,0.0,0.0,0.0,0.0
2019-02-26,2,0,127,0.0,0.0,0.0,0.0,0.0
2019-02-26,2,0,128,249.5,249.5,0.0,2833.031826,0.0
2019-02-26,2,0,131,17.65,17.65,0.0,-512.500212,0.0
2019-02-26,2,0,132,25.95,25.95,0.0,-753.505977,0.0
2019-02-26,2,0,133,17.35,17.35,0.0,188.901544,0.0
2019-02-26,2,0,134,0.0,0.0,0.0,0.0,0.0
2019-02-26,2,0,135,23.24,23.24,0.0,253.03008,0.0
2019-02-26,2,0,136,2.88,2.88,0.0,31.367517,0.0
2019-02-26,2,0,139,120.0,120.0,0.0,1344.076851,0.0
2019-02-26,2,0,140,206.35,206.35,0.0,-20717.416559,0.0
2019-02-26,2,0,141,205.15,205.15,0.0,-10241.562621,0.0
2019-02-26,2,0,142,0.0,0.0,0.0,-0.0,0.0
2019-02-26,2,0,143,45.84,45.84,0.0,520.641431,0.0
2019-02-26,2,0,145,12.73,12.73,0.0,143.361068,0.0
2019-02-26,2,0,146,268.0,268.0,0.0,-26907.039679,0.0
2019-02-26,2,0,152,0.0,0.0,0.0,0.0,0.0
2019-02-26,2,0,153,0.0,0.0,0.0,0.0,0.0
2019-02-26,2,0,154,0.0,0.0,0.0,0.0,0.0
2019-02-26,2,0,157,95.37,95.37,0.0,-4761.091041,0.0
2019-02-26,2,0,158,0.0,0.0,0.0,-0.0,0.0
2019-02-26,2,0,159,0.0,0.0,0.0,0.0,0.0
2019-02-26,2,0,160,0.0,0.0,0.0,0.0,0.0
2019-02-26,2,0,161,0.0,0.0,0.0,-0.0,0.0
2019-02-26,2,0,162,12.22,12.22,0.0,233.804863,0.0
2019-02-26,2,0,163,77.24,77.24,0.0,-7754.849794,0.0
2019-02-26,2,0,164,0.0,0.0,0.0,0.0,0.0
2019-02-26,2,0,167,0.0,0.0,0.0,0.0,0.0
2019-02-26,2,0,168,0.0,0.0,0.0,0.0,0.0
2019-02-26,2,0,169,0.0,0.0,0.0,0.0,0.0
2019-02-26,2,0,170,0.0,0.0,0.0,0.0,0.0
2019-02-26,2,0,172,0.0,0.0,0.0,0.0,0.0
2019-02-26,2,0,173,0.0,0.0,0.0,0.0,0.0
2019-02-26,2,0,188,0.0,0.0,0.0,0.0,0.0
2019-02-26,2,0,190,0.0,0.0,0.0,0.0,0.0
2019-02-26,2,0,191,0.0,0.0,0.0,0.0,0.0
2019-02-26,2,0,192,84.22,84.22,0.0,2289.867686,0.0
2019-02-26,2,0,194,176.5,176.5,0.0,-151.311746,0.0
2019-02-26,2,0,196,0.0,0.0,0.0,0.0,0.0
2019-02-26,2,0,198,0.0,0.0,0.0,0.0,0.0
2019-02-26,2,0,199,8.34,8.34,0.0,60.301459,0.0
2019-02-26,2,0,200,0.0,0.0,0.0,0.0,0.0
2019-02-26,2,0,204,829.96,829.96,0.0,9221.26922,0.0
2019-02-26,2,0,205,740.77,740.77,0.0,8221.676417,0.0
2019-02-26,2,0,206,275.56,275.56,0.0,3130.607189,0.0
2019-02-26,2,0,210,0.0,0.0,0.0,0.0,0.0
2019-02-26,2,0,214,0.0,0.0,0.0,0.0,0.0
2019-02-26,2,0,217,0.0,0.0,0.0,0.0,0.0
2019-02-26,2,0,218,0.0,0.0,0.0,0.0,0.0
2019-02-26,2,0,219,0.0,0.0,0.0,0.0,0.0
2019-02-26,2,0,221,0.0,0.0,0.0,0.0,0.0
2019-02-26,2,0,225,0.0,0.0,0.0,0.0,0.0
2019-02-26,2,0,233,0.0,0.0,0.0,0.0,0.0
2019-02-26,2,0,236,8.19,8.19,0.0,89.542534,0.0
2019-02-26,2,0,237,10.17,10.17,0.0,111.720064,0.0
2019-02-26,2,0,238,0.0,0.0,0.0,0.0,0.0
2019-02-26,2,0,240,0.0,0.0,0.0,0.0,0.0
2019-02-26,2,0,245,4.81,4.81,0.0,52.312799,0.0
2019-02-26,2,0,247,8.21,8.21,0.0,89.290661,0.0
2019-02-26,2,0,248,1.02,1.02,0.0,11.204962,0.0
2019-02-26,2,0,249,9.26,9.26,0.0,100.710295,0.0
2019-02-26,2,0,251,23.07,23.07,0.0,251.388018,0.0
2019-02-26,2,0,252,14.18,14.18,0.0,154.438882,0.0
2019-02-26,2,0,254,0.0,0.0,0.0,0.0,0.0
2019-02-26,2,0,255,0.0,0.0,0.0,0.0,0.0
2019-02-26,2,0,258,0.0,0.0,0.0,0.0,0.0
2019-02-26,2,0,260,0.0,0.0,0.0,0.0,0.0
2019-02-26,2,0,265,0.0,0.0,0.0,0.0,0.0
2019-02-26,2,0,266,77.7,77.7,0.0,870.289761,0.0
2019-02-26,2,0,267,95.49,95.49,0.0,1069.549154,0.0
2019-02-26,2,0,270,241.23,241.23,0.0,-24219.347693,0.0
2019-02-26,2,0,272,270.68,270.68,0.0,-4416.510938,0.0
2019-02-26,2,0,273,0.0,0.0,0.0,-0.0,0.0
2019-02-26,2,0,274,310.98,310.98,0.0,-31222.205968,0.0
2019-02-26,2,0,275,432.88,432.88,0.0,-43460.893046,0.0
2019-02-26,2,0,276,0.0,0.0,0.0,-0.0,0.0
2019-02-26,2,0,277,0.0,0.0,0.0,-0.0,0.0
2019-02-26,2,0,278,0.0,0.0,0.0,-0.0,0.0
2019-02-26,2,0,279,158.5,158.5,0.0,-2803.378094,0.0
2019-02-26,2,0,281,7.29,7.29,0.0,82.798343,0.0
2019-02-26,2,0,282,0.0,0.0,0.0,0.0,0.0
2019-02-26,3,0,9,0.0,0.0,0.0,0.0,0.0
2019-02-26,3,0,17,0.0,0.0,0.0,0.0,0.0
2019-02-26,3,0,19,138.11,138.11,0.0,1651.687759,0.0
2019-02-26,3,0,20,167.5,167.5,0.0,2003.16921,0.0
2019-02-26,3,0,21,0.0,0.0,0.0,0.0,0.0
2019-02-26,3,0,22,0.0,0.0,0.0,0.0,0.0
2019-02-26,3,0,23,108.8,108.8,0.0,1236.140689,0.0
2019-02-26,3,0,24,192.5,192.5,0.0,2187.105539,0.0
2019-02-26,3,0,29,0.0,0.0,0.0,0.0,0.0
2019-02-26,3,0,30,0.0,0.0,0.0,0.0,0.0
2019-02-26,3,0,31,13.53,13.53,0.0,153.670998,0.0
2019-02-26,3,0,32,0.0,0.0,0.0,0.0,0.0
2019-02-26,3,0,33,0.0,0.0,0.0,0.0,0.0
2019-02-26,3,0,34,0.0,0.0,0.0,0.0,0.0
2019-02-26,3,0,35,0.0,0.0,0.0,0.0,0.0
2019-02-26,3,0,36,0.0,0.0,0.0,0.0,0.0
2019-02-26,3,0,37,0.0,0.0,0.0,0.0,0.0
2019-02-26,3,0,38,0.0,0.0,0.0,0.0,0.0
2019-02-26,3,0,39,0.0,0.0,0.0,0.0,0.0
2019-02-26,3,0,40,0.0,0.0,0.0,0.0,0.0
2019-02-26,3,0,41,92.21,92.21,0.0,1065.85439,0.0
2019-02-26,3,0,42,0.0,0.0,0.0,0.0,0.0
2019-02-26,3,0,43,0.0,0.0,0.0,0.0,0.0
2019-02-26,3,0,46,0.0,0.0,0.0,0.0,0.0
2019-02-26,3,0,52,14.34,14.34,0.0,162.870814,0.0
2019-02-26,3,0,53,22.78,22.78,0.0,258.730624,0.0
2019-02-26,3,0,55,282.26,282.26,0.0,3206.921607,0.0
2019-02-26,3,0,56,0.0,0.0,0.0,0.0,0.0
2019-02-26,3,0,57,0.0,0.0,0.0,0.0,0.0
2019-02-26,3,0,58,0.0,0.0,0.0,0.0,0.0
2019-02-26,3,0,59,0.0,0.0,0.0,0.0,0.0
2019-02-26,3,0,63,142.01,142.01,0.0,2012.781095,0.0
2019-02-26,3,0,64,167.07,167.07,0.0,2367.969422,0.0
2019-02-26,3,0,65,2.89,2.89,0.0,34.549902,0.0
2019-02-26,3,0,67,0.0,0.0,0.0,0.0,0.0
2019-02-26,3,0,68,5.49,5.49,0.0,54.765622,0.0
2019-02-26,3,0,69,0.0,0.0,0.0,0.0,0.0
2019-02-26,3,0,74,3.89,3.89,0.0,46.03707,0.0
2019-02-26,3,0,77,200.0,200.0,0.0,2199.452457,0.0
2019-02-26,3,0,78,151.2,151.2,0.0,1662.786058,0.0
2019-02-26,3,0,79,87.5,87.5,0.0,962.26045,0.0
2019-02-26,3,0,80,141.5,141.5,0.0,1556.112614,0.0
2019-02-26,3,0,81,185.0,185.0,0.0,2034.493523,0.0
2019-02-26,3,0,82,130.5,130.5,0.0,1435.142729,0.0
2019-02-26,3,0,83,291.0,291.0,0.0,3200.203326,0.0
2019-02-26,3,0,84,0.0,0.0,0.0,0.0,0.0
2019-02-26,3,0,86,0.0,0.0,0.0,0.0,0.0
2019-02-26,3,0,87,0.0,0.0,0.0,0.0,0.0
2019-02-26,3,0,88,170.6,170.6,0.0,1876.132946,0.0
2019-02-26,3,0,89,164.0,164.0,0.0,1803.551015,0.0
2019-02-26,3,0,90,220.2,220.2,0.0,2421.597156,0.0
2019-02-26,3,0,91,785.5,785.5,0.0,8638.349527,0.0
2019-02-26,3,0,92,282.5,282.5,0.0,3106.726596,0.0
2019-02-26,3,0,95,8.24,8.24,0.0,111.825216,0.0
2019-02-26,3,0,96,17.68,17.68,0.0,200.735831,0.0
2019-02-26,3,0,97,108.71,108.71,0.0,1234.275574,0.0
2019-02-26,3,0,99,0.75,0.75,0.0,8.876042,0.0
2019-02-26,3,0,101,0.0,0.0,0.0,0.0,0.0
2019-02-26,3,0,102,13.0,13.0,0.0,129.681801,0.0
2019-02-26,3,0,103,11.31,11.31,0.0,112.823167,0.0
2019-02-26,3,0,104,2.1,2.1,0.0,20.948599,0.0
2019-02-26,3,0,106,0.0,0.0,0.0,0.0,0.0
2019-02-26,3,0,109,173.76,173.76,0.0,2031.138545,0.0
2019-02-26,3,0,110,200.92,200.92,0.0,1026.578577,0.0
2019-02-26,3,0,111,0.0,0.0,0.0,0.0,0.0
2019-02-26,3,0,113,56.68,56.68,0.0,632.596109,0.0
2019-02-26,3,0,115,56.68,56.68,0.0,632.596109,0.0
2019-02-26,3,0,116,0.0,0.0,0.0,0.0,0.0
2019-02-26,3,0,117,2.91,2.91,0.0,32.478029,0.0
2019-02-26,3,0,119,167.07,167.07,0.0,2367.969422,0.0
2019-02-26,3,0,120,98.24,98.24,0.0,1392.406273,0.0
2019-02-26,3,0,123,0.0,0.0,0.0,0.0,0.0
2019-02-26,3,0,125,174.2,174.2,0.0,1979.188493,0.0
2019-02-26,3,0,126,0.0,0.0,0.0,0.0,0.0
2019-02-26,3,0,127,0.0,0.0,0.0,0.0,0.0
2019-02-26,3,0,128,249.5,249.5,0.0,2834.71601,0.0
2019-02-26,3,0,131,19.66,19.66,0.0,202.408304,0.0
2019-02-26,3,0,132,28.91,28.91,0.0,297.641102,0.0
2019-02-26,3,0,133,10.12,10.12,0.0,121.031337,0.0
2019-02-26,3,0,134,0.0,0.0,0.0,0.0,0.0
2019-02-26,3,0,135,13.54,13.54,0.0,161.933231,0.0
2019-02-26,3,0,136,3.41,3.41,0.0,40.7657,0.0
2019-02-26,3,0,139,119.08,119.08,0.0,1376.444429,0.0
2019-02-26,3,0,140,148.7,148.7,0.0,759.766247,0.0
2019-02-26,3,0,141,187.6,187.6,0.0,1646.687519,0.0
2019-02-26,3,0,142,0.0,0.0,0.0,0.0,0.0
2019-02-26,3,0,143,21.1,21.1,0.0,239.649524,0.0
2019-02-26,3,0,145,13.28,13.28,0.0,152.465799,0.0
2019-02-26,3,0,146,268.0,268.0,0.0,1369.316438,0.0
2019-02-26,3,0,152,0.0,0.0,0.0,0.0,0.0
2019-02-26,3,0,153,0.0,0.0,0.0,0.0,0.0
2019-02-26,3,0,154,0.0,0.0,0.0,0.0,0.0
2019-02-26,3,0,157,81.45,81.45,0.0,714.939757,0.0
2019-02-26,3,0,158,0.0,0.0,0.0,0.0,0.0
2019-02-26,3,0,159,0.0,0.0,0.0,0.0,0.0
2019-02-26,3,0,160,0.0,0.0,0.0,0.0,0.0
2019-02-26,3,0,161,0.0,0.0,0.0,0.0,0.0
2019-02-26,3,0,162,10.94,10.94,0.0,148.54014,0.0
2019-02-26,3,0,163,78.39,78.39,0.0,400.525058,0.0
2019-02-26,3,0,164,0.0,0.0,0.0,0.0,0.0
2019-02-26,3,0,167,0.0,0.0,0.0,0.0,0.0
2019-02-26,3,0,168,0.0,0.0,0.0,0.0,0.0
2019-02-26,3,0,169,0.0,0.0,0.0,0.0,0.0
2019-02-26,3,0,170,0.0,0.0,0.0,0.0,0.0
2019-02-26,3,0,172,0.0,0.0,0.0,0.0,0.0
2019-02-26,3,0,173,0.0,0.0,0.0,0.0,0.0
2019-02-26,3,0,188,0.0,0.0,0.0,0.0,0.0
2019-02-26,3,0,190,0.0,0.0,0.0,0.0,0.0
2019-02-26,3,0,191,0.0,0.0,0.0,0.0,0.0
2019-02-26,3,0,192,79.07,79.07,0.0,1120.699959,0.0
2019-02-26,3,0,194,176.5,176.5,0.0,2154.199164,0.0
2019-02-26,3,0,196,0.0,0.0,0.0,0.0,0.0
2019-02-26,3,0,198,0.0,0.0,0.0,0.0,0.0
2019-02-26,3,0,199,7.84,7.84,0.0,97.466323,0.0
2019-02-26,3,0,200,0.0,0.0,0.0,0.0,0.0
2019-02-26,3,0,204,857.0,857.0,0.0,10004.951147,0.0
2019-02-26,3,0,205,919.21,919.21,0.0,10744.952012,0.0
2019-02-26,3,0,206,319.44,319.44,0.0,3626.869555,0.0
2019-02-26,3,0,210,0.0,0.0,0.0,0.0,0.0
2019-02-26,3,0,214,0.0,0.0,0.0,0.0,0.0
2019-02-26,3,0,217,0.0,0.0,0.0,0.0,0.0
2019-02-26,3,0,218,0.0,0.0,0.0,0.0,0.0
2019-02-26,3,0,219,0.0,0.0,0.0,0.0,0.0
2019-02-26,3,0,221,0.0,0.0,0.0,0.0,0.0
2019-02-26,3,0,225,0.0,0.0,0.0,0.0,0.0
2019-02-26,3,0,233,0.0,0.0,0.0,0.0,0.0
2019-02-26,3,0,236,13.85,13.85,0.0,164.834722,0.0
2019-02-26,3,0,237,9.33,9.33,0.0,110.417959,0.0
2019-02-26,3,0,238,0.0,0.0,0.0,0.0,0.0
2019-02-26,3,0,240,0.0,0.0,0.0,0.0,0.0
2019-02-26,3,0,245,6.09,6.09,0.0,72.926504,0.0
2019-02-26,3,0,247,9.2,9.2,0.0,110.168117,0.0
2019-02-26,3,0,248,0.94,0.94,0.0,11.124639,0.0
2019-02-26,3,0,249,11.72,11.72,0.0,140.344601,0.0
2019-02-26,3,0,251,33.01,33.01,0.0,394.404436,0.0
2019-02-26,3,0,252,18.64,18.64,0.0,222.840891,0.0
2019-02-26,3,0,254,0.0,0.0,0.0,0.0,0.0
2019-02-26,3,0,255,0.0,0.0,0.0,0.0,0.0
2019-02-26,3,0,258,0.0,0.0,0.0,0.0,0.0
2019-02-26,3,0,260,0.0,0.0,0.0,0.0,0.0
2019-02-26,3,0,265,0.0,0.0,0.0,0.0,0.0
2019-02-26,3,0,266,77.11,77.11,0.0,891.313654,0.0
2019-02-26,3,0,267,94.76,94.76,0.0,1095.329812,0.0
2019-02-26,3,0,270,244.81,244.81,0.0,1250.829691,0.0
2019-02-26,3,0,272,231.54,231.54,0.0,2584.179658,0.0
2019-02-26,3,0,273,0.0,0.0,0.0,0.0,0.0
2019-02-26,3,0,274,315.59,315.59,0.0,1612.472293,0.0
2019-02-26,3,0,275,439.31,439.31,0.0,2244.605986,0.0
2019-02-26,3,0,276,0.0,0.0,0.0,0.0,0.0
2019-02-26,3,0,277,0.0,0.0,0.0,0.0,0.0
2019-02-26,3,0,278,0.0,0.0,0.0,0.0,0.0
2019-02-26,3,0,279,165.5,165.5,0.0,1836.264844,0.0
2019-02-26,3,0,281,6.07,6.07,0.0,68.94183,0.0
2019-02-26,3,0,282,0.0,0.0,0.0,0.0,0.0
2019-02-26,4,0,9,0.0,0.0,0.0,0.0,0.0
2019-02-26,4,0,17,0.0,0.0,0.0,0.0,0.0
2019-02-26,4,0,19,167.94,167.94,0.0,1633.948002,0.0
2019-02-26,4,0,20,203.68,203.68,0.0,1981.675176,0.0
2019-02-26,4,0,21,0.0,0.0,0.0,0.0,0.0
2019-02-26,4,0,22,0.0,0.0,0.0,0.0,0.0
2019-02-26,4,0,23,98.16,98.16,0.0,645.794181,0.0
2019-02-26,4,0,24,162.22,162.22,0.0,1067.244621,0.0
2019-02-26,4,0,29,0.0,0.0,0.0,0.0,0.0
2019-02-26,4,0,30,0.0,0.0,0.0,0.0,0.0
2019-02-26,4,0,31,11.16,11.16,0.0,73.198634,0.0
2019-02-26,4,0,32,0.0,0.0,0.0,0.0,0.0
2019-02-26,4,0,33,0.0,0.0,0.0,0.0,0.0
2019-02-26,4,0,34,0.0,0.0,0.0,0.0,0.0
2019-02-26,4,0,35,0.0,0.0,0.0,0.0,0.0
2019-02-26,4,0,36,0.0,0.0,0.0,0.0,0.0
2019-02-26,4,0,37,0.0,0.0,0.0,0.0,0.0
2019-02-26,4,0,38,0.0,0.0,0.0,0.0,0.0
2019-02-26,4,0,39,0.0,0.0,0.0,0.0,0.0
2019-02-26,4,0,40,0.0,0.0,0.0,0.0,0.0
2019-02-26,4,0,41,91.72,91.72,0.0,698.867971,0.0
2019-02-26,4,0,42,0.0,0.0,0.0,0.0,0.0
2019-02-26,4,0,43,0.0,0.0,0.0,0.0,0.0
2019-02-26,4,0,46,0.0,0.0,0.0,0.0,0.0
2019-02-26,4,0,52,11.83,11.83,0.0,77.593176,0.0
2019-02-26,4,0,53,18.79,18.79,0.0,123.243937,0.0
2019-02-26,4,0,55,241.54,241.54,0.0,1589.09053,0.0
2019-02-26,4,0,56,0.0,0.0,0.0,0.0,0.0
2019-02-26,4,0,57,0.0,0.0,0.0,0.0,0.0
2019-02-26,4,0,58,0.0,0.0,0.0,0.0,0.0
2019-02-26,4,0,59,0.0,0.0,0.0,0.0,0.0
2019-02-26,4,0,63,161.6,161.6,0.0,3127.518731,0.0
2019-02-26,4,0,64,190.12,190.12,0.0,3679.479338,0.0
2019-02-26,4,0,65,3.72,3.72,0.0,36.110142,0.0
2019-02-26,4,0,67,0.0,0.0,0.0,-0.0,0.0
2019-02-26,4,0,68,5.88,5.88,0.0,-0.921011,0.0
2019-02-26,4,0,69,0.0,0.0,0.0,0.0,0.0
2019-02-26,4,0,74,4.23,4.23,0.0,38.379137,0.0
2019-02-26,4,0,77,200.0,200.0,0.0,931.69817,0.0
2019-02-26,4,0,78,151.2,151.2,0.0,704.363817,0.0
2019-02-26,4,0,79,87.5,87.5,0.0,407.617949,0.0
2019-02-26,4,0,80,141.5,141.5,0.0,659.176455,0.0
2019-02-26,4,0,81,185.0,185.0,0.0,861.820808,0.0
2019-02-26,4,0,82,130.5,130.5,0.0,607.933056,0.0
2019-02-26,4,0,83,291.0,291.0,0.0,1355.620838,0.0
2019-02-26,4,0,84,0.0,0.0,0.0,0.0,0.0
2019-02-26,4,0,86,0.0,0.0,0.0,0.0,0.0
2019-02-26,4,0,87,0.0,0.0,0.0,0.0,0.0
2019-02-26,4,0,88,170.6,170.6,0.0,794.738539,0.0
2019-02-26,4,0,89,164.0,164.0,0.0,763.9925,0.0
2019-02-26,4,0,90,220.2,220.2,0.0,1025.799685,0.0
2019-02-26,4,0,91,785.5,785.5,0.0,3659.244564,0.0
2019-02-26,4,0,92,282.5,282.5,0.0,1316.023666,0.0
2019-02-26,4,0,95,15.31,15.31,0.0,252.444262,0.0
2019-02-26,4,0,96,20.29,20.29,0.0,132.658831,0.0
2019-02-26,4,0,97,124.79,124.79,0.0,815.894308,0.0
2019-02-26,4,0,99,0.82,0.82,0.0,7.439927,0.0
2019-02-26,4,0,101,0.0,0.0,0.0,0.0,0.0
2019-02-26,4,0,102,13.92,13.92,0.0,-2.180352,0.0
2019-02-26,4,0,103,12.1,12.1,0.0,-1.895277,0.0
2019-02-26,4,0,104,2.25,2.25,0.0,-0.352428,0.0
2019-02-26,4,0,106,0.0,0.0,0.0,0.0,0.0
2019-02-26,4,0,109,195.65,195.65,0.0,1625.201469,0.0
2019-02-26,4,0,110,141.43,141.43,0.0,-3256.069627,0.0
2019-02-26,4,0,111,0.0,0.0,0.0,0.0,0.0
2019-02-26,4,0,113,34.49,34.49,0.0,185.595678,0.0
2019-02-26,4,0,115,34.49,34.49,0.0,185.595678,0.0
2019-02-26,4,0,116,0.0,0.0,0.0,-0.0,0.0
2019-02-26,4,0,117,2.3,2.3,0.0,12.376633,0.0
2019-02-26,4,0,119,190.12,190.12,0.0,3679.479338,0.0
2019-02-26,4,0,120,111.79,111.79,0.0,2163.523013,0.0
2019-02-26,4,0,123,0.0,0.0,0.0,0.0,0.0
2019-02-26,4,0,125,148.85,148.85,0.0,979.283454,0.0
2019-02-26,4,0,126,0.0,0.0,0.0,0.0,0.0
2019-02-26,4,0,127,0.0,0.0,0.0,0.0,0.0
2019-02-26,4,0,128,202.15,202.15,0.0,1329.943904,0.0
2019-02-26,4,0,131,21.92,21.92,0.0,29.518266,0.0
2019-02-26,4,0,132,32.22,32.22,0.0,43.38862,0.0
2019-02-26,4,0,133,15.82,15.82,0.0,153.951688,0.0
2019-02-26,4,0,134,0.0,0.0,0.0,0.0,0.0
2019-02-26,4,0,135,21.83,21.83,0.0,212.437759,0.0
2019-02-26,4,0,136,4.01,4.01,0.0,38.920264,0.0
2019-02-26,4,0,139,118.44,118.44,0.0,902.463175,0.0
2019-02-26,4,0,140,104.67,104.67,0.0,-2409.763189,0.0
2019-02-26,4,0,141,173.47,173.47,0.0,-1003.59385,0.0
2019-02-26,4,0,142,0.0,0.0,0.0,-0.0,0.0
2019-02-26,4,0,143,18.19,18.19,0.0,119.308527,0.0
2019-02-26,4,0,145,13.79,13.79,0.0,99.394485,0.0
2019-02-26,4,0,146,257.53,257.53,0.0,-5928.979785,0.0
2019-02-26,4,0,152,0.0,0.0,0.0,0.0,0.0
2019-02-26,4,0,153,0.0,0.0,0.0,0.0,0.0
2019-02-26,4,0,154,0.0,0.0,0.0,0.0,0.0
2019-02-26,4,0,157,71.67,71.67,0.0,-414.639829,0.0
2019-02-26,4,0,158,0.0,0.0,0.0,-0.0,0.0
2019-02-26,4,0,159,0.0,0.0,0.0,0.0,0.0
2019-02-26,4,0,160,0.0,0.0,0.0,0.0,0.0
2019-02-26,4,0,161,0.0,0.0,0.0,-0.0,0.0
2019-02-26,4,0,162,9.71,9.71,0.0,160.418462,0.0
2019-02-26,4,0,163,80.26,80.26,0.0,-1847.784404,0.0
2019-02-26,4,0,164,0.0,0.0,0.0,0.0,0.0
2019-02-26,4,0,167,0.0,0.0,0.0,0.0,0.0
2019-02-26,4,0,168,0.0,0.0,0.0,0.0,0.0
2019-02-26,4,0,169,0.0,0.0,0.0,0.0,0.0
2019-02-26,4,0,170,0.0,0.0,0.0,0.0,0.0
2019-02-26,4,0,172,0.0,0.0,0.0,0.0,0.0
2019-02-26,4,0,173,0.0,0.0,0.0,0.0,0.0
2019-02-26,4,0,188,0.0,0.0,0.0,0.0,0.0
2019-02-26,4,0,190,0.0,0.0,0.0,0.0,0.0
2019-02-26,4,0,191,0.0,0.0,0.0,0.0,0.0
2019-02-26,4,0,192,74.58,74.58,0.0,1443.38086,0.0
2019-02-26,4,0,194,176.5,176.5,0.0,1808.279089,0.0
2019-02-26,4,0,196,0.0,0.0,0.0,0.0,0.0
2019-02-26,4,0,198,0.0,0.0,0.0,0.0,0.0
2019-02-26,4,0,199,7.85,7.85,0.0,94.193076,0.0
2019-02-26,4,0,200,0.0,0.0,0.0,0.0,0.0
2019-02-26,4,0,204,857.0,857.0,0.0,7051.309453,0.0
2019-02-26,4,0,205,1034.99,1034.99,0.0,8597.328231,0.0
2019-02-26,4,0,206,366.69,366.69,0.0,2397.470021,0.0
2019-02-26,4,0,210,0.0,0.0,0.0,0.0,0.0
2019-02-26,4,0,214,0.0,0.0,0.0,0.0,0.0
2019-02-26,4,0,217,0.0,0.0,0.0,0.0,0.0
2019-02-26,4,0,218,0.0,0.0,0.0,0.0,0.0
2019-02-26,4,0,219,0.0,0.0,0.0,0.0,0.0
2019-02-26,4,0,221,0.0,0.0,0.0,0.0,0.0
2019-02-26,4,0,225,0.0,0.0,0.0,0.0,0.0
2019-02-26,4,0,233,0.0,0.0,0.0,0.0,0.0
2019-02-26,4,0,236,24.45,24.45,0.0,230.433763,0.0
2019-02-26,4,0,237,10.14,10.14,0.0,92.001053,0.0
2019-02-26,4,0,238,0.0,0.0,0.0,0.0,0.0
2019-02-26,4,0,240,0.0,0.0,0.0,0.0,0.0
2019-02-26,4,0,245,8.64,8.64,0.0,84.771049,0.0
2019-02-26,4,0,247,10.84,10.84,0.0,106.356269,0.0
2019-02-26,4,0,248,1.02,1.02,0.0,9.254544,0.0
2019-02-26,4,0,249,16.61,16.61,0.0,162.968417,0.0
2019-02-26,4,0,251,45.24,45.24,0.0,437.487434,0.0
2019-02-26,4,0,252,24.02,24.02,0.0,233.162795,0.0
2019-02-26,4,0,254,0.0,0.0,0.0,0.0,0.0
2019-02-26,4,0,255,0.0,0.0,0.0,0.0,0.0
2019-02-26,4,0,258,0.0,0.0,0.0,0.0,0.0
2019-02-26,4,0,260,0.0,0.0,0.0,0.0,0.0
2019-02-26,4,0,265,0.0,0.0,0.0,0.0,0.0
2019-02-26,4,0,266,76.69,76.69,0.0,584.345668,0.0
2019-02-26,4,0,267,94.25,94.25,0.0,718.14551,0.0
2019-02-26,4,0,270,250.64,250.64,0.0,-5770.354884,0.0
2019-02-26,4,0,272,115.28,115.28,0.0,620.338352,0.0
2019-02-26,4,0,273,0.0,0.0,0.0,-0.0,0.0
2019-02-26,4,0,274,323.11,323.11,0.0,-7438.794153,0.0
2019-02-26,4,0,275,449.77,449.77,0.0,-10354.821721,0.0
2019-02-26,4,0,276,0.0,0.0,0.0,-0.0,0.0
2019-02-26,4,0,277,0.0,0.0,0.0,0.0,0.0
2019-02-26,4,0,278,0.0,0.0,0.0,0.0,0.0
2019-02-26,4,0,279,173.84,173.84,0.0,885.092638,0.0
2019-02-26,4,0,281,5.01,5.01,0.0,32.860677,0.0
2019-02-26,4,0,282,0.0,0.0,0.0,0.0,0.0
2019-02-26,5,0,9,0.0,0.0,0.0,0.0,0.0
2019-02-26,5,0,17,0.0,0.0,0.0,0.0,0.0
2019-02-26,5,0,19,153.53,153.53,0.0,3391.533924,0.0
2019-02-26,5,0,20,186.21,186.21,0.0,4113.447092,0.0
2019-02-26,5,0,21,0.0,0.0,0.0,0.0,0.0
2019-02-26,5,0,22,0.0,0.0,0.0,0.0,0.0
2019-02-26,5,0,23,103.74,103.74,0.0,1699.823791,0.0
2019-02-26,5,0,24,183.55,183.55,0.0,3007.544408,0.0
2019-02-26,5,0,29,0.0,0.0,0.0,0.0,0.0
2019-02-26,5,0,30,0.0,0.0,0.0,0.0,0.0
2019-02-26,5,0,31,9.39,9.39,0.0,153.599717,0.0
2019-02-26,5,0,32,0.0,0.0,0.0,0.0,0.0
2019-02-26,5,0,33,0.0,0.0,0.0,0.0,0.0
2019-02-26,5,0,34,0.0,0.0,0.0,0.0,0.0
2019-02-26,5,0,35,0.0,0.0,0.0,0.0,0.0
2019-02-26,5,0,36,0.0,0.0,0.0,0.0,0.0
2019-02-26,5,0,37,0.0,0.0,0.0,0.0,0.0
2019-02-26,5,0,38,0.0,0.0,0.0,0.0,0.0
2019-02-26,5,0,39,0.0,0.0,0.0,0.0,0.0
2019-02-26,5,0,40,0.0,0.0,0.0,0.0,0.0
2019-02-26,5,0,41,66.26,66.26,0.0,1187.982201,0.0
2019-02-26,5,0,42,0.0,0.0,0.0,0.0,0.0
2019-02-26,5,0,43,0.0,0.0,0.0,0.0,0.0
2019-02-26,5,0,46,0.0,0.0,0.0,0.0,0.0
2019-02-26,5,0,52,9.95,9.95,0.0,162.760084,0.0
2019-02-26,5,0,53,15.81,15.81,0.0,258.616776,0.0
2019-02-26,5,0,55,164.39,164.39,0.0,2693.599702,0.0
2019-02-26,5,0,56,0.0,0.0,0.0,0.0,0.0
2019-02-26,5,0,57,0.0,0.0,0.0,0.0,0.0
2019-02-26,5,0,58,0.0,0.0,0.0,0.0,0.0
2019-02-26,5,0,59,0.0,0.0,0.0,0.0,0.0
2019-02-26,5,0,63,134.06,134.06,0.0,3110.072263,0.0
2019-02-26,5,0,64,157.71,157.71,0.0,3658.731139,0.0
2019-02-26,5,0,65,2.83,2.83,0.0,62.350458,0.0
2019-02-26,5,0,67,0.0,0.0,0.0,0.0,0.0
2019-02-26,5,0,68,5.57,5.57,0.0,57.559054,0.0
2019-02-26,5,0,69,0.0,0.0,0.0,0.0,0.0
2019-02-26,5,0,74,4.31,4.31,0.0,88.150346,0.0
2019-02-26,5,0,77,200.0,200.0,0.0,2750.513272,0.0
2019-02-26,5,0,78,151.2,151.2,0.0,2079.388034,0.0
2019-02-26,5,0,79,87.5,87.5,0.0,1203.349557,0.0
2019-02-26,5,0,80,141.5,141.5,0.0,1945.98814,0.0
2019-02-26,5,0,81,185.0,185.0,0.0,2544.224777,0.0
2019-02-26,5,0,82,130.5,130.5,0.0,1794.70991,0.0
2019-02-26,5,0,83,291.0,291.0,0.0,4001.996811,0.0
2019-02-26,5,0,84,0.0,0.0,0.0,0.0,0.0
2019-02-26,5,0,86,0.0,0.0,0.0,0.0,0.0
2019-02-26,5,0,87,0.0,0.0,0.0,0.0,0.0
2019-02-26,5,0,88,170.6,170.6,0.0,2346.187821,0.0
2019-02-26,5,0,89,164.0,164.0,0.0,2255.420883,0.0
2019-02-26,5,0,90,220.2,220.2,0.0,3028.315113,0.0
2019-02-26,5,0,91,785.5,785.5,0.0,10802.640878,0.0
2019-02-26,5,0,92,282.5,282.5,0.0,3885.099997,0.0
2019-02-26,5,0,95,5.22,5.22,0.0,110.666968,0.0
2019-02-26,5,0,96,18.94,18.94,0.0,309.269853,0.0
2019-02-26,5,0,97,116.47,116.47,0.0,1901.829981,0.0
2019-02-26,5,0,99,0.83,0.83,0.0,16.975589,0.0
2019-02-26,5,0,101,0.0,0.0,0.0,0.0,0.0
2019-02-26,5,0,102,13.19,13.19,0.0,136.302319,0.0
2019-02-26,5,0,103,11.47,11.47,0.0,118.528249,0.0
2019-02-26,5,0,104,2.13,2.13,0.0,22.010913,0.0
2019-02-26,5,0,106,0.0,0.0,0.0,0.0,0.0
2019-02-26,5,0,109,131.89,131.89,0.0,2465.306082,0.0
2019-02-26,5,0,110,143.08,143.08,0.0,-784.908231,0.0
2019-02-26,5,0,111,0.0,0.0,0.0,0.0,0.0
2019-02-26,5,0,113,74.89,74.89,0.0,1045.851635,0.0
2019-02-26,5,0,115,74.89,74.89,0.0,1045.851635,0.0
2019-02-26,5,0,116,0.0,0.0,0.0,-0.0,0.0
2019-02-26,5,0,117,3.6,3.6,0.0,50.274615,0.0
2019-02-26,5,0,119,157.71,157.71,0.0,3658.731139,0.0
2019-02-26,5,0,120,92.74,92.74,0.0,2151.485168,0.0
2019-02-26,5,0,123,0.0,0.0,0.0,0.0,0.0
2019-02-26,5,0,125,166.1,166.1,0.0,2721.618775,0.0
2019-02-26,5,0,126,0.0,0.0,0.0,0.0,0.0
2019-02-26,5,0,127,0.0,0.0,0.0,0.0,0.0
2019-02-26,5,0,128,237.9,237.9,0.0,3898.092153,0.0
2019-02-26,5,0,131,19.81,19.81,0.0,225.314745,0.0
2019-02-26,5,0,132,29.12,29.12,0.0,331.204713,0.0
2019-02-26,5,0,133,8.08,8.08,0.0,178.534618,0.0
2019-02-26,5,0,134,0.0,0.0,0.0,0.0,0.0
2019-02-26,5,0,135,11.52,11.52,0.0,254.544406,0.0
2019-02-26,5,0,136,3.16,3.16,0.0,69.610874,0.0
2019-02-26,5,0,139,85.57,85.57,0.0,1534.193133,0.0
2019-02-26,5,0,140,105.9,105.9,0.0,-580.946196,0.0
2019-02-26,5,0,141,157.51,157.51,0.0,1014.292178,0.0
2019-02-26,5,0,142,0.0,0.0,0.0,0.0,0.0
2019-02-26,5,0,143,25.48,25.48,0.0,416.796677,0.0
2019-02-26,5,0,145,11.54,11.54,0.0,198.790654,0.0
2019-02-26,5,0,146,184.76,184.76,0.0,-1013.556366,0.0
2019-02-26,5,0,152,0.0,0.0,0.0,0.0,0.0
2019-02-26,5,0,153,0.0,0.0,0.0,0.0,0.0
2019-02-26,5,0,154,0.0,0.0,0.0,0.0,0.0
2019-02-26,5,0,157,68.91,68.91,0.0,443.748803,0.0
2019-02-26,5,0,158,0.0,0.0,0.0,0.0,0.0
2019-02-26,5,0,159,0.0,0.0,0.0,0.0,0.0
2019-02-26,5,0,160,0.0,0.0,0.0,0.0,0.0
2019-02-26,5,0,161,0.0,0.0,0.0,0.0,0.0
2019-02-26,5,0,162,7.75,7.75,0.0,164.480066,0.0
2019-02-26,5,0,163,76.21,76.21,0.0,-418.072801,0.0
2019-02-26,5,0,164,0.0,0.0,0.0,0.0,0.0
2019-02-26,5,0,167,0.0,0.0,0.0,0.0,0.0
2019-02-26,5,0,168,0.0,0.0,0.0,0.0,0.0
2019-02-26,5,0,169,0.0,0.0,0.0,0.0,0.0
2019-02-26,5,0,170,0.0,0.0,0.0,0.0,0.0
2019-02-26,5,0,172,0.0,0.0,0.0,0.0,0.0
2019-02-26,5,0,173,0.0,0.0,0.0,0.0,0.0
2019-02-26,5,0,188,0.0,0.0,0.0,0.0,0.0
2019-02-26,5,0,190,0.0,0.0,0.0,0.0,0.0
2019-02-26,5,0,191,0.0,0.0,0.0,0.0,0.0
2019-02-26,5,0,192,73.23,73.23,0.0,1698.870594,0.0
2019-02-26,5,0,194,176.5,176.5,0.0,3011.483114,0.0
2019-02-26,5,0,196,0.0,0.0,0.0,0.0,0.0
2019-02-26,5,0,198,0.0,0.0,0.0,0.0,0.0
2019-02-26,5,0,199,4.92,4.92,0.0,80.896177,0.0
2019-02-26,5,0,200,0.0,0.0,0.0,0.0,0.0
2019-02-26,5,0,204,653.94,653.94,0.0,12121.339726,0.0
2019-02-26,5,0,205,697.72,697.72,0.0,13041.878531,0.0
2019-02-26,5,0,206,342.23,342.23,0.0,5588.248256,0.0
2019-02-26,5,0,210,0.0,0.0,0.0,0.0,0.0
2019-02-26,5,0,214,0.0,0.0,0.0,0.0,0.0
2019-02-26,5,0,217,0.0,0.0,0.0,0.0,0.0
2019-02-26,5,0,218,0.0,0.0,0.0,0.0,0.0
2019-02-26,5,0,219,0.0,0.0,0.0,0.0,0.0
2019-02-26,5,0,221,0.0,0.0,0.0,0.0,0.0
2019-02-26,5,0,225,0.0,0.0,0.0,0.0,0.0
2019-02-26,5,0,233,0.0,0.0,0.0,0.0,0.0
2019-02-26,5,0,236,21.44,21.44,0.0,456.272398,0.0
2019-02-26,5,0,237,10.34,10.34,0.0,211.479021,0.0
2019-02-26,5,0,238,0.0,0.0,0.0,0.0,0.0
2019-02-26,5,0,240,0.0,0.0,0.0,0.0,0.0
2019-02-26,5,0,245,9.59,9.59,0.0,213.906188,0.0
2019-02-26,5,0,247,13.05,13.05,0.0,291.081934,0.0
2019-02-26,5,0,248,1.04,1.04,0.0,21.270617,0.0
2019-02-26,5,0,249,18.43,18.43,0.0,411.083529,0.0
2019-02-26,5,0,251,29.87,29.87,0.0,655.230611,0.0
2019-02-26,5,0,252,18.24,18.24,0.0,401.863019,0.0
2019-02-26,5,0,254,0.0,0.0,0.0,0.0,0.0
2019-02-26,5,0,255,0.0,0.0,0.0,0.0,0.0
2019-02-26,5,0,258,0.0,0.0,0.0,0.0,0.0
2019-02-26,5,0,260,0.0,0.0,0.0,0.0,0.0
2019-02-26,5,0,265,0.0,0.0,0.0,0.0,0.0
2019-02-26,5,0,266,55.41,55.41,0.0,993.451461,0.0
2019-02-26,5,0,267,68.09,68.09,0.0,1220.792455,0.0
2019-02-26,5,0,270,238.02,238.02,0.0,-1305.730062,0.0
2019-02-26,5,0,272,257.44,257.44,0.0,3595.193551,0.0
2019-02-26,5,0,273,0.0,0.0,0.0,-0.0,0.0
2019-02-26,5,0,274,306.83,306.83,0.0,-1683.207944,0.0
2019-02-26,5,0,275,427.12,427.12,0.0,-2343.094798,0.0
2019-02-26,5,0,276,0.0,0.0,0.0,-0.0,0.0
2019-02-26,5,0,277,0.0,0.0,0.0,0.0,0.0
2019-02-26,5,0,278,0.0,0.0,0.0,0.0,0.0
2019-02-26,5,0,279,161.08,161.08,0.0,2235.779801,0.0
2019-02-26,5,0,281,4.21,4.21,0.0,68.866327,0.0
2019-02-26,5,0,282,0.0,0.0,0.0,0.0,0.0
2019-02-26,6,0,9,0.0,0.0,0.0,0.0,0.0
2019-02-26,6,0,17,0.0,0.0,0.0,0.0,0.0
2019-02-26,6,0,19,139.8,139.8,0.0,2197.392936,0.0
2019-02-26,6,0,20,169.55,169.55,0.0,2665.006955,0.0
2019-02-26,6,0,21,0.0,0.0,0.0,0.0,0.0
2019-02-26,6,0,22,0.0,0.0,0.0,0.0,0.0
2019-02-26,6,0,23,96.1,96.1,0.0,1159.468462,0.0
2019-02-26,6,0,24,170.03,170.03,0.0,2051.450808,0.0
2019-02-26,6,0,29,0.0,0.0,0.0,0.0,0.0
2019-02-26,6,0,30,0.0,0.0,0.0,0.0,0.0
2019-02-26,6,0,31,7.93,7.93,0.0,95.513315,0.0
2019-02-26,6,0,32,0.0,0.0,0.0,0.0,0.0
2019-02-26,6,0,33,0.0,0.0,0.0,0.0,0.0
2019-02-26,6,0,34,0.0,0.0,0.0,0.0,0.0
2019-02-26,6,0,35,0.0,0.0,0.0,0.0,0.0
2019-02-26,6,0,36,0.0,0.0,0.0,0.0,0.0
2019-02-26,6,0,37,0.0,0.0,0.0,0.0,0.0
2019-02-26,6,0,38,0.0,0.0,0.0,0.0,0.0
2019-02-26,6,0,39,0.0,0.0,0.0,0.0,0.0
2019-02-26,6,0,40,0.0,0.0,0.0,0.0,0.0
2019-02-26,6,0,41,46.1,46.1,0.0,607.256394,0.0
2019-02-26,6,0,42,0.0,0.0,0.0,0.0,0.0
2019-02-26,6,0,43,0.0,0.0,0.0,0.0,0.0
2019-02-26,6,0,46,0.0,0.0,0.0,0.0,0.0
2019-02-26,6,0,52,8.41,8.41,0.0,101.294701,0.0
2019-02-26,6,0,53,13.35,13.35,0.0,160.794798,0.0
2019-02-26,6,0,55,61.58,61.58,0.0,742.976773,0.0
2019-02-26,6,0,56,0.0,0.0,0.0,0.0,0.0
2019-02-26,6,0,57,0.0,0.0,0.0,0.0,0.0
2019-02-26,6,0,58,0.0,0.0,0.0,0.0,0.0
2019-02-26,6,0,59,0.0,0.0,0.0,0.0,0.0
2019-02-26,6,0,63,110.17,110.17,0.0,2656.184281,0.0
2019-02-26,6,0,64,129.61,129.61,0.0,3124.880137,0.0
2019-02-26,6,0,65,2.1,2.1,0.0,32.942691,0.0
2019-02-26,6,0,67,0.0,0.0,0.0,0.0,0.0
2019-02-26,6,0,68,5.28,5.28,0.0,37.615193,0.0
2019-02-26,6,0,69,0.0,0.0,0.0,0.0,0.0
2019-02-26,6,0,74,4.44,4.44,0.0,65.828728,0.0
2019-02-26,6,0,77,200.0,200.0,0.0,2016.885382,0.0
2019-02-26,6,0,78,151.2,151.2,0.0,1524.765348,0.0
2019-02-26,6,0,79,87.5,87.5,0.0,882.387354,0.0
2019-02-26,6,0,80,141.5,141.5,0.0,1426.946407,0.0
2019-02-26,6,0,81,185.0,185.0,0.0,1865.618978,0.0
2019-02-26,6,0,82,130.5,130.5,0.0,1316.017711,0.0
2019-02-26,6,0,83,291.0,291.0,0.0,2934.56823,0.0
2019-02-26,6,0,84,0.0,0.0,0.0,0.0,0.0
2019-02-26,6,0,86,0.0,0.0,0.0,0.0,0.0
2019-02-26,6,0,87,0.0,0.0,0.0,0.0,0.0
2019-02-26,6,0,88,170.6,170.6,0.0,1720.40323,0.0
2019-02-26,6,0,89,164.0,164.0,0.0,1653.846013,0.0
2019-02-26,6,0,90,220.2,220.2,0.0,2220.590805,0.0
2019-02-26,6,0,91,785.5,785.5,0.0,7921.317336,0.0
2019-02-26,6,0,92,282.5,282.5,0.0,2848.850601,0.0
2019-02-26,6,0,95,4.6,4.6,0.0,101.524176,0.0
2019-02-26,6,0,96,17.7,17.7,0.0,212.80617,0.0
2019-02-26,6,0,97,108.85,108.85,0.0,1308.697832,0.0
2019-02-26,6,0,99,0.86,0.86,0.0,12.750609,0.0
2019-02-26,6,0,101,0.0,0.0,0.0,0.0,0.0
2019-02-26,6,0,102,12.49,12.49,0.0,88.979878,0.0
2019-02-26,6,0,103,10.86,10.86,0.0,77.367612,0.0
2019-02-26,6,0,104,2.02,2.02,0.0,14.390661,0.0
2019-02-26,6,0,106,0.0,0.0,0.0,0.0,0.0
2019-02-26,6,0,109,84.25,84.25,0.0,1165.106594,0.0
2019-02-26,6,0,110,145.03,145.03,0.0,-967.620218,0.0
2019-02-26,6,0,111,0.0,0.0,0.0,0.0,0.0
2019-02-26,6,0,113,88.74,88.74,0.0,917.506196,0.0
2019-02-26,6,0,115,88.74,88.74,0.0,917.506196,0.0
2019-02-26,6,0,116,0.0,0.0,0.0,-0.0,0.0
2019-02-26,6,0,117,3.52,3.52,0.0,36.394206,0.0
2019-02-26,6,0,119,129.61,129.61,0.0,3124.880137,0.0
2019-02-26,6,0,120,76.21,76.21,0.0,1837.413126,0.0
2019-02-26,6,0,123,0.0,0.0,0.0,0.0,0.0
2019-02-26,6,0,125,153.87,153.87,0.0,1856.476715,0.0
2019-02-26,6,0,126,0.0,0.0,0.0,0.0,0.0
2019-02-26,6,0,127,0.0,0.0,0.0,0.0,0.0
2019-02-26,6,0,128,220.38,220.38,0.0,2658.935064,0.0
2019-02-26,6,0,131,17.88,17.88,0.0,143.595667,0.0
2019-02-26,6,0,132,26.29,26.29,0.0,211.13703,0.0
2019-02-26,6,0,133,7.56,7.56,0.0,118.851142,0.0
2019-02-26,6,0,134,0.0,0.0,0.0,0.0,0.0
2019-02-26,6,0,135,10.13,10.13,0.0,159.254242,0.0
2019-02-26,6,0,136,2.59,2.59,0.0,40.624894,0.0
2019-02-26,6,0,139,59.53,59.53,0.0,784.164277,0.0
2019-02-26,6,0,140,107.34,107.34,0.0,-716.15772,0.0
2019-02-26,6,0,141,142.45,142.45,0.0,531.055129,0.0
2019-02-26,6,0,142,0.0,0.0,0.0,0.0,0.0
2019-02-26,6,0,143,33.34,33.34,0.0,401.565437,0.0
2019-02-26,6,0,145,9.51,9.51,0.0,120.848723,0.0
2019-02-26,6,0,146,129.5,129.5,0.0,-864.006193,0.0
2019-02-26,6,0,152,0.0,0.0,0.0,0.0,0.0
2019-02-26,6,0,153,0.0,0.0,0.0,0.0,0.0
2019-02-26,6,0,154,0.0,0.0,0.0,0.0,0.0
2019-02-26,6,0,157,69.17,69.17,0.0,257.866502,0.0
2019-02-26,6,0,158,0.0,0.0,0.0,0.0,0.0
2019-02-26,6,0,159,0.0,0.0,0.0,0.0,0.0
2019-02-26,6,0,160,0.0,0.0,0.0,0.0,0.0
2019-02-26,6,0,161,0.0,0.0,0.0,0.0,0.0
2019-02-26,6,0,162,6.92,6.92,0.0,152.895691,0.0
2019-02-26,6,0,163,72.26,72.26,0.0,-482.108784,0.0
2019-02-26,6,0,164,0.0,0.0,0.0,0.0,0.0
2019-02-26,6,0,167,0.0,0.0,0.0,0.0,0.0
2019-02-26,6,0,168,0.0,0.0,0.0,0.0,0.0
2019-02-26,6,0,169,0.0,0.0,0.0,0.0,0.0
2019-02-26,6,0,170,0.0,0.0,0.0,0.0,0.0
2019-02-26,6,0,172,0.0,0.0,0.0,0.0,0.0
2019-02-26,6,0,173,0.0,0.0,0.0,0.0,0.0
2019-02-26,6,0,188,0.0,0.0,0.0,0.0,0.0
2019-02-26,6,0,190,0.0,0.0,0.0,0.0,0.0
2019-02-26,6,0,191,0.0,0.0,0.0,0.0,0.0
2019-02-26,6,0,192,71.91,71.91,0.0,1733.740688,0.0
2019-02-26,6,0,194,176.5,176.5,0.0,2313.019503,0.0
2019-02-26,6,0,196,0.0,0.0,0.0,0.0,0.0
2019-02-26,6,0,198,0.0,0.0,0.0,0.0,0.0
2019-02-26,6,0,199,3.08,3.08,0.0,46.472442,0.0
2019-02-26,6,0,200,0.0,0.0,0.0,0.0,0.0
2019-02-26,6,0,204,404.24,404.24,0.0,5551.770452,0.0
2019-02-26,6,0,205,445.67,445.67,0.0,6163.241016,0.0
2019-02-26,6,0,206,319.85,319.85,0.0,3845.539748,0.0
2019-02-26,6,0,210,0.0,0.0,0.0,0.0,0.0
2019-02-26,6,0,214,0.0,0.0,0.0,0.0,0.0
2019-02-26,6,0,217,0.0,0.0,0.0,0.0,0.0
2019-02-26,6,0,218,0.0,0.0,0.0,0.0,0.0
2019-02-26,6,0,219,0.0,0.0,0.0,0.0,0.0
2019-02-26,6,0,221,0.0,0.0,0.0,0.0,0.0
2019-02-26,6,0,225,0.0,0.0,0.0,0.0,0.0
2019-02-26,6,0,233,0.0,0.0,0.0,0.0,0.0
2019-02-26,6,0,236,20.66,20.66,0.0,315.890025,0.0
2019-02-26,6,0,237,10.65,10.65,0.0,157.89999,0.0
2019-02-26,6,0,238,0.0,0.0,0.0,0.0,0.0
2019-02-26,6,0,240,0.0,0.0,0.0,0.0,0.0
2019-02-26,6,0,245,10.54,10.54,0.0,166.875233,0.0
2019-02-26,6,0,247,16.04,16.04,0.0,253.95434,0.0
2019-02-26,6,0,248,1.07,1.07,0.0,15.86413,0.0
2019-02-26,6,0,249,20.26,20.26,0.0,320.767763,0.0
2019-02-26,6,0,251,18.62,18.62,0.0,291.140417,0.0
2019-02-26,6,0,252,13.58,13.58,0.0,213.029403,0.0
2019-02-26,6,0,254,0.0,0.0,0.0,0.0,0.0
2019-02-26,6,0,255,0.0,0.0,0.0,0.0,0.0
2019-02-26,6,0,258,0.0,0.0,0.0,0.0,0.0
2019-02-26,6,0,260,0.0,0.0,0.0,0.0,0.0
2019-02-26,6,0,265,0.0,0.0,0.0,0.0,0.0
2019-02-26,6,0,266,38.55,38.55,0.0,507.803341,0.0
2019-02-26,6,0,267,47.37,47.37,0.0,623.985583,0.0
2019-02-26,6,0,270,225.67,225.67,0.0,-1505.639209,0.0
2019-02-26,6,0,272,313.14,313.14,0.0,3237.636805,0.0
2019-02-26,6,0,273,0.0,0.0,0.0,-0.0,0.0
2019-02-26,6,0,274,290.91,290.91,0.0,-1940.911518,0.0
2019-02-26,6,0,275,404.95,404.95,0.0,-2701.770717,0.0
2019-02-26,6,0,276,0.0,0.0,0.0,-0.0,0.0
2019-02-26,6,0,277,0.0,0.0,0.0,0.0,0.0
2019-02-26,6,0,278,0.0,0.0,0.0,0.0,0.0
2019-02-26,6,0,279,148.88,148.88,0.0,1524.098715,0.0
2019-02-26,6,0,281,3.57,3.57,0.0,42.999058,0.0
2019-02-26,6,0,282,0.0,0.0,0.0,0.0,0.0
2019-02-26,7,0,9,0.0,0.0,0.0,0.0,0.0
2019-02-26,7,0,17,0.0,0.0,0.0,0.0,0.0
2019-02-26,7,0,19,127.6,127.6,0.0,2529.906685,0.0
2019-02-26,7,0,20,154.76,154.76,0.0,3068.404064,0.0
2019-02-26,7,0,21,0.0,0.0,0.0,0.0,0.0
2019-02-26,7,0,22,0.0,0.0,0.0,0.0,0.0
2019-02-26,7,0,23,89.17,89.17,0.0,1392.853481,0.0
2019-02-26,7,0,24,157.77,157.77,0.0,2464.399391,0.0
2019-02-26,7,0,29,0.0,0.0,0.0,0.0,0.0
2019-02-26,7,0,30,0.0,0.0,0.0,0.0,0.0
2019-02-26,7,0,31,16.45,16.45,0.0,256.610259,0.0
2019-02-26,7,0,32,0.0,0.0,0.0,0.0,0.0
2019-02-26,7,0,33,0.0,0.0,0.0,0.0,0.0
2019-02-26,7,0,34,0.0,0.0,0.0,0.0,0.0
2019-02-26,7,0,35,0.0,0.0,0.0,0.0,0.0
2019-02-26,7,0,36,0.0,0.0,0.0,0.0,0.0
2019-02-26,7,0,37,0.0,0.0,0.0,0.0,0.0
2019-02-26,7,0,38,0.0,0.0,0.0,0.0,0.0
2019-02-26,7,0,39,0.0,0.0,0.0,0.0,0.0
2019-02-26,7,0,40,0.0,0.0,0.0,0.0,0.0
2019-02-26,7,0,41,22.8,22.8,0.0,382.478622,0.0
2019-02-26,7,0,42,0.0,0.0,0.0,0.0,0.0
2019-02-26,7,0,43,0.0,0.0,0.0,0.0,0.0
2019-02-26,7,0,46,0.0,0.0,0.0,0.0,0.0
2019-02-26,7,0,52,17.44,17.44,0.0,272.053672,0.0
2019-02-26,7,0,53,27.72,27.72,0.0,432.415585,0.0
2019-02-26,7,0,55,57.28,57.28,0.0,894.725215,0.0
2019-02-26,7,0,56,0.0,0.0,0.0,0.0,0.0
2019-02-26,7,0,57,0.0,0.0,0.0,0.0,0.0
2019-02-26,7,0,58,0.0,0.0,0.0,0.0,0.0
2019-02-26,7,0,59,0.0,0.0,0.0,0.0,0.0
2019-02-26,7,0,63,88.75,88.75,0.0,1990.162047,0.0
2019-02-26,7,0,64,104.41,104.41,0.0,2341.327542,0.0
2019-02-26,7,0,65,1.54,1.54,0.0,30.468411,0.0
2019-02-26,7,0,67,0.0,0.0,0.0,0.0,0.0
2019-02-26,7,0,68,5.0,5.0,0.0,62.209107,0.0
2019-02-26,7,0,69,0.0,0.0,0.0,0.0,0.0
2019-02-26,7,0,74,4.51,4.51,0.0,84.07301,0.0
2019-02-26,7,0,77,200.0,200.0,0.0,2727.373143,0.0
2019-02-26,7,0,78,151.2,151.2,0.0,2061.894096,0.0
2019-02-26,7,0,79,87.5,87.5,0.0,1193.22575,0.0
2019-02-26,7,0,80,141.5,141.5,0.0,1929.616498,0.0
2019-02-26,7,0,81,185.0,185.0,0.0,2522.820157,0.0
2019-02-26,7,0,82,130.5,130.5,0.0,1779.610976,0.0
2019-02-26,7,0,83,291.0,291.0,0.0,3968.327922,0.0
2019-02-26,7,0,84,0.0,0.0,0.0,0.0,0.0
2019-02-26,7,0,86,0.0,0.0,0.0,0.0,0.0
2019-02-26,7,0,87,0.0,0.0,0.0,0.0,0.0
2019-02-26,7,0,88,170.6,170.6,0.0,2326.449291,0.0
2019-02-26,7,0,89,164.0,164.0,0.0,2236.445977,0.0
2019-02-26,7,0,90,220.2,220.2,0.0,3002.83783,0.0
2019-02-26,7,0,91,785.5,785.5,0.0,10711.758018,0.0
2019-02-26,7,0,92,282.5,282.5,0.0,3852.414564,0.0
2019-02-26,7,0,95,4.64,4.64,0.0,99.255605,0.0
2019-02-26,7,0,96,16.54,16.54,0.0,257.654745,0.0
2019-02-26,7,0,97,101.69,101.69,0.0,1584.093776,0.0
2019-02-26,7,0,99,0.87,0.87,0.0,16.218075,0.0
2019-02-26,7,0,101,0.0,0.0,0.0,0.0,0.0
2019-02-26,7,0,102,11.85,11.85,0.0,147.435583,0.0
2019-02-26,7,0,103,10.3,10.3,0.0,128.15076,0.0
2019-02-26,7,0,104,1.91,1.91,0.0,23.763879,0.0
2019-02-26,7,0,106,0.0,0.0,0.0,0.0,0.0
2019-02-26,7,0,109,49.89,49.89,0.0,866.185642,0.0
2019-02-26,7,0,110,147.6,147.6,0.0,1071.598538,0.0
2019-02-26,7,0,111,0.0,0.0,0.0,0.0,0.0
2019-02-26,7,0,113,44.96,44.96,0.0,605.137393,0.0
2019-02-26,7,0,115,44.96,44.96,0.0,605.137393,0.0
2019-02-26,7,0,116,0.0,0.0,0.0,0.0,0.0
2019-02-26,7,0,117,1.84,1.84,0.0,24.765409,0.0
2019-02-26,7,0,119,104.41,104.41,0.0,2341.327542,0.0
2019-02-26,7,0,120,61.4,61.4,0.0,1376.855771,0.0
2019-02-26,7,0,123,0.0,0.0,0.0,0.0,0.0
2019-02-26,7,0,125,142.77,142.77,0.0,2230.096349,0.0
2019-02-26,7,0,126,0.0,0.0,0.0,0.0,0.0
2019-02-26,7,0,127,0.0,0.0,0.0,0.0,0.0
2019-02-26,7,0,128,204.49,204.49,0.0,3194.175264,0.0
2019-02-26,7,0,131,15.98,15.98,0.0,204.264031,0.0
2019-02-26,7,0,132,23.5,23.5,0.0,300.388281,0.0
2019-02-26,7,0,133,8.46,8.46,0.0,167.768806,0.0
2019-02-26,7,0,134,0.0,0.0,0.0,0.0,0.0
2019-02-26,7,0,135,11.33,11.33,0.0,224.683283,0.0
2019-02-26,7,0,136,2.22,2.22,0.0,43.916856,0.0
2019-02-26,7,0,139,29.45,29.45,0.0,494.034887,0.0
2019-02-26,7,0,140,109.24,109.24,0.0,793.09908,0.0
2019-02-26,7,0,141,128.38,128.38,0.0,1433.526578,0.0
2019-02-26,7,0,142,0.0,0.0,0.0,0.0,0.0
2019-02-26,7,0,143,18.1,18.1,0.0,282.349282,0.0
2019-02-26,7,0,145,7.76,7.76,0.0,126.138548,0.0
2019-02-26,7,0,146,89.12,89.12,0.0,647.024808,0.0
2019-02-26,7,0,152,0.0,0.0,0.0,0.0,0.0
2019-02-26,7,0,153,0.0,0.0,0.0,0.0,0.0
2019-02-26,7,0,154,0.0,0.0,0.0,0.0,0.0
2019-02-26,7,0,157,73.29,73.29,0.0,818.376405,0.0
2019-02-26,7,0,158,0.0,0.0,0.0,0.0,0.0
2019-02-26,7,0,159,0.0,0.0,0.0,0.0,0.0
2019-02-26,7,0,160,0.0,0.0,0.0,0.0,0.0
2019-02-26,7,0,161,0.0,0.0,0.0,0.0,0.0
2019-02-26,7,0,162,7.07,7.07,0.0,151.331955,0.0
2019-02-26,7,0,163,68.36,68.36,0.0,496.304038,0.0
2019-02-26,7,0,164,0.0,0.0,0.0,0.0,0.0
2019-02-26,7,0,167,0.0,0.0,0.0,0.0,0.0
2019-02-26,7,0,168,0.0,0.0,0.0,0.0,0.0
2019-02-26,7,0,169,0.0,0.0,0.0,0.0,0.0
2019-02-26,7,0,170,0.0,0.0,0.0,0.0,0.0
2019-02-26,7,0,172,0.0,0.0,0.0,0.0,0.0
2019-02-26,7,0,173,0.0,0.0,0.0,0.0,0.0
2019-02-26,7,0,188,0.0,0.0,0.0,0.0,0.0
2019-02-26,7,0,190,0.0,0.0,0.0,0.0,0.0
2019-02-26,7,0,191,0.0,0.0,0.0,0.0,0.0
2019-02-26,7,0,192,70.79,70.79,0.0,1587.420522,0.0
2019-02-26,7,0,194,176.5,176.5,0.0,2513.960786,0.0
2019-02-26,7,0,196,0.0,0.0,0.0,0.0,0.0
2019-02-26,7,0,198,0.0,0.0,0.0,0.0,0.0
2019-02-26,7,0,199,2.04,2.04,0.0,31.678015,0.0
2019-02-26,7,0,200,0.0,0.0,0.0,0.0,0.0
2019-02-26,7,0,204,230.57,230.57,0.0,3976.721469,0.0
2019-02-26,7,0,205,263.94,263.94,0.0,4582.502274,0.0
2019-02-26,7,0,206,298.8,298.8,0.0,4654.609306,0.0
2019-02-26,7,0,210,0.0,0.0,0.0,0.0,0.0
2019-02-26,7,0,214,0.0,0.0,0.0,0.0,0.0
2019-02-26,7,0,217,0.0,0.0,0.0,0.0,0.0
2019-02-26,7,0,218,0.0,0.0,0.0,0.0,0.0
2019-02-26,7,0,219,0.0,0.0,0.0,0.0,0.0
2019-02-26,7,0,221,0.0,0.0,0.0,0.0,0.0
2019-02-26,7,0,225,0.0,0.0,0.0,0.0,0.0
2019-02-26,7,0,233,0.0,0.0,0.0,0.0,0.0
2019-02-26,7,0,236,22.26,22.26,0.0,428.351255,0.0
2019-02-26,7,0,237,10.81,10.81,0.0,201.514242,0.0
2019-02-26,7,0,238,0.0,0.0,0.0,0.0,0.0
2019-02-26,7,0,240,0.0,0.0,0.0,0.0,0.0
2019-02-26,7,0,245,11.56,11.56,0.0,230.99116,0.0
2019-02-26,7,0,247,19.75,19.75,0.0,394.643201,0.0
2019-02-26,7,0,248,1.09,1.09,0.0,20.319197,0.0
2019-02-26,7,0,249,22.22,22.22,0.0,443.998579,0.0
2019-02-26,7,0,251,10.5,10.5,0.0,207.012153,0.0
2019-02-26,7,0,252,9.94,9.94,0.0,196.659747,0.0
2019-02-26,7,0,254,0.0,0.0,0.0,0.0,0.0
2019-02-26,7,0,255,0.0,0.0,0.0,0.0,0.0
2019-02-26,7,0,258,0.0,0.0,0.0,0.0,0.0
2019-02-26,7,0,260,0.0,0.0,0.0,0.0,0.0
2019-02-26,7,0,265,0.0,0.0,0.0,0.0,0.0
2019-02-26,7,0,266,19.07,19.07,0.0,319.906461,0.0
2019-02-26,7,0,267,23.43,23.43,0.0,393.04711,0.0
2019-02-26,7,0,270,213.48,213.48,0.0,1549.897397,0.0
2019-02-26,7,0,272,159.98,159.98,0.0,2153.244664,0.0
2019-02-26,7,0,273,0.0,0.0,0.0,0.0,0.0
2019-02-26,7,0,274,275.2,275.2,0.0,1997.994022,0.0
2019-02-26,7,0,275,383.09,383.09,0.0,2781.291896,0.0
2019-02-26,7,0,276,0.0,0.0,0.0,0.0,0.0
2019-02-26,7,0,277,0.0,0.0,0.0,0.0,0.0
2019-02-26,7,0,278,0.0,0.0,0.0,0.0,0.0
2019-02-26,7,0,279,137.89,137.89,0.0,1865.73247,0.0
2019-02-26,7,0,281,7.38,7.38,0.0,115.12363,0.0
2019-02-26,7,0,282,0.0,0.0,0.0,0.0,0.0
2019-02-26,8,0,9,0.0,0.0,0.0,0.0,0.0
2019-02-26,8,0,17,0.0,0.0,0.0,0.0,0.0
2019-02-26,8,0,19,130.75,130.75,0.0,2074.189944,0.0
2019-02-26,8,0,20,162.73,162.73,0.0,2581.513802,0.0
2019-02-26,8,0,21,0.0,0.0,0.0,0.0,0.0
2019-02-26,8,0,22,0.0,0.0,0.0,0.0,0.0
2019-02-26,8,0,23,89.87,89.87,0.0,1007.45488,0.0
2019-02-26,8,0,24,159.01,159.01,0.0,1782.523651,0.0
2019-02-26,8,0,29,0.11,0.11,0.0,0.833645,0.0
2019-02-26,8,0,30,0.0,0.0,0.0,0.0,0.0
2019-02-26,8,0,31,4.65,4.65,0.0,52.022145,0.0
2019-02-26,8,0,32,0.0,0.0,0.0,0.0,0.0
2019-02-26,8,0,33,0.0,0.0,0.0,0.0,0.0
2019-02-26,8,0,34,0.0,0.0,0.0,0.0,0.0
2019-02-26,8,0,35,0.0,0.0,0.0,0.0,0.0
2019-02-26,8,0,36,0.0,0.0,0.0,0.0,0.0
2019-02-26,8,0,37,0.0,0.0,0.0,0.0,0.0
2019-02-26,8,0,38,0.0,0.0,0.0,0.0,0.0
2019-02-26,8,0,39,0.0,0.0,0.0,0.0,0.0
2019-02-26,8,0,40,0.0,0.0,0.0,0.0,0.0
2019-02-26,8,0,41,6.23,6.23,0.0,77.694573,0.0
2019-02-26,8,0,42,0.0,0.0,0.0,0.0,0.0
2019-02-26,8,0,43,0.0,0.0,0.0,0.0,0.0
2019-02-26,8,0,46,0.0,0.0,0.0,0.0,0.0
2019-02-26,8,0,52,4.93,4.93,0.0,55.154662,0.0
2019-02-26,8,0,53,7.84,7.84,0.0,87.710456,0.0
2019-02-26,8,0,55,52.56,52.56,0.0,589.204723,0.0
2019-02-26,8,0,56,0.0,0.0,0.0,0.0,0.0
2019-02-26,8,0,57,0.0,0.0,0.0,0.0,0.0
2019-02-26,8,0,58,0.0,0.0,0.0,0.0,0.0
2019-02-26,8,0,59,0.0,0.0,0.0,0.0,0.0
2019-02-26,8,0,63,50.04,50.04,0.0,879.721979,0.0
2019-02-26,8,0,64,58.81,58.81,0.0,1033.90187,0.0
2019-02-26,8,0,65,1.96,1.96,0.0,30.99982,0.0
2019-02-26,8,0,67,0.0,0.0,0.0,0.0,0.0
2019-02-26,8,0,68,5.87,5.87,0.0,45.352944,0.0
2019-02-26,8,0,69,0.0,0.0,0.0,0.0,0.0
2019-02-26,8,0,74,6.49,6.49,0.0,94.299607,0.0
2019-02-26,8,0,77,147.17,147.17,0.0,1333.104275,0.0
2019-02-26,8,0,78,111.12,111.12,0.0,1006.553965,0.0
2019-02-26,8,0,79,64.1,64.1,0.0,580.634532,0.0
2019-02-26,8,0,80,103.96,103.96,0.0,941.696816,0.0
2019-02-26,8,0,81,136.09,136.09,0.0,1232.738743,0.0
2019-02-26,8,0,82,95.84,95.84,0.0,868.143737,0.0
2019-02-26,8,0,83,214.4,214.4,0.0,1942.091164,0.0
2019-02-26,8,0,84,0.0,0.0,0.0,0.0,0.0
2019-02-26,8,0,86,0.0,0.0,0.0,0.0,0.0
2019-02-26,8,0,87,0.0,0.0,0.0,0.0,0.0
2019-02-26,8,0,88,123.33,123.33,0.0,1117.155332,0.0
2019-02-26,8,0,89,119.02,119.02,0.0,1078.114227,0.0
2019-02-26,8,0,90,155.3,155.3,0.0,1406.747937,0.0
2019-02-26,8,0,91,486.84,486.84,0.0,4409.923798,0.0
2019-02-26,8,0,92,194.81,194.81,0.0,1764.63983,0.0
2019-02-26,8,0,95,5.31,5.31,0.0,87.616318,0.0
2019-02-26,8,0,96,18.15,18.15,0.0,202.62592,0.0
2019-02-26,8,0,97,111.59,111.59,0.0,1245.786582,0.0
2019-02-26,8,0,99,1.25,1.25,0.0,18.162482,0.0
2019-02-26,8,0,101,0.0,0.0,0.0,0.0,0.0
2019-02-26,8,0,102,13.9,13.9,0.0,107.394536,0.0
2019-02-26,8,0,103,12.09,12.09,0.0,93.410068,0.0
2019-02-26,8,0,104,2.25,2.25,0.0,17.384008,0.0
2019-02-26,8,0,106,0.0,0.0,0.0,0.0,0.0
2019-02-26,8,0,109,45.71,45.71,0.0,598.611509,0.0
2019-02-26,8,0,110,128.35,128.35,0.0,247.882358,0.0
2019-02-26,8,0,111,0.0,0.0,0.0,0.0,0.0
2019-02-26,8,0,113,100.72,100.72,0.0,893.83519,0.0
2019-02-26,8,0,115,100.72,100.72,0.0,893.83519,0.0
2019-02-26,8,0,116,0.0,0.0,0.0,0.0,0.0
2019-02-26,8,0,117,5.21,5.21,0.0,46.235915,0.0
2019-02-26,8,0,119,58.81,58.81,0.0,1033.90187,0.0
2019-02-26,8,0,120,34.7,34.7,0.0,610.039022,0.0
2019-02-26,8,0,123,0.0,0.0,0.0,0.0,0.0
2019-02-26,8,0,125,143.9,143.9,0.0,1613.138503,0.0
2019-02-26,8,0,126,0.0,0.0,0.0,0.0,0.0
2019-02-26,8,0,127,0.0,0.0,0.0,0.0,0.0
2019-02-26,8,0,128,206.1,206.1,0.0,2310.408933,0.0
2019-02-26,8,0,131,19.79,19.79,0.0,160.441522,0.0
2019-02-26,8,0,132,29.09,29.09,0.0,235.838498,0.0
2019-02-26,8,0,133,8.58,8.58,0.0,136.149718,0.0
2019-02-26,8,0,134,0.0,0.0,0.0,0.0,0.0
2019-02-26,8,0,135,11.49,11.49,0.0,182.32637,0.0
2019-02-26,8,0,136,3.25,3.25,0.0,51.394278,0.0
2019-02-26,8,0,139,8.04,8.04,0.0,100.267154,0.0
2019-02-26,8,0,140,94.99,94.99,0.0,183.45419,0.0
2019-02-26,8,0,141,135.87,135.87,0.0,855.942749,0.0
2019-02-26,8,0,142,0.0,0.0,0.0,0.0,0.0
2019-02-26,8,0,143,5.42,5.42,0.0,60.636565,0.0
2019-02-26,8,0,145,8.73,8.73,0.0,103.864963,0.0
2019-02-26,8,0,146,82.5,82.5,0.0,159.332252,0.0
2019-02-26,8,0,152,0.0,0.0,0.0,0.0,0.0
2019-02-26,8,0,153,0.0,0.0,0.0,0.0,0.0
2019-02-26,8,0,154,0.0,0.0,0.0,0.0,0.0
2019-02-26,8,0,157,68.5,68.5,0.0,431.530716,0.0
2019-02-26,8,0,158,0.0,0.0,0.0,0.0,0.0
2019-02-26,8,0,159,0.0,0.0,0.0,0.0,0.0
2019-02-26,8,0,160,0.0,0.0,0.0,0.0,0.0
2019-02-26,8,0,161,0.0,0.0,0.0,0.0,0.0
2019-02-26,8,0,162,6.71,6.71,0.0,110.810145,0.0
2019-02-26,8,0,163,79.12,79.12,0.0,152.804458,0.0
2019-02-26,8,0,164,0.0,0.0,0.0,0.0,0.0
2019-02-26,8,0,167,0.0,0.0,0.0,0.0,0.0
2019-02-26,8,0,168,0.0,0.0,0.0,0.0,0.0
2019-02-26,8,0,169,0.0,0.0,0.0,0.0,0.0
2019-02-26,8,0,170,0.0,0.0,0.0,0.0,0.0
2019-02-26,8,0,172,0.0,0.0,0.0,0.0,0.0
2019-02-26,8,0,173,0.0,0.0,0.0,0.0,0.0
2019-02-26,8,0,188,0.0,0.0,0.0,0.0,0.0
2019-02-26,8,0,190,0.0,0.0,0.0,0.0,0.0
2019-02-26,8,0,191,0.0,0.0,0.0,0.0,0.0
2019-02-26,8,0,192,57.67,57.67,0.0,1013.860242,0.0
2019-02-26,8,0,194,176.5,176.5,0.0,1723.486475,0.0
2019-02-26,8,0,196,0.0,0.0,0.0,0.0,0.0
2019-02-26,8,0,198,0.0,0.0,0.0,0.0,0.0
2019-02-26,8,0,199,1.65,1.65,0.0,17.701258,0.0
2019-02-26,8,0,200,0.0,0.0,0.0,0.0,0.0
2019-02-26,8,0,204,206.79,206.79,0.0,2681.744108,0.0
2019-02-26,8,0,205,241.83,241.83,0.0,3166.970494,0.0
2019-02-26,8,0,206,327.91,327.91,0.0,3660.774963,0.0
2019-02-26,8,0,210,0.03,0.03,0.0,0.242333,0.0
2019-02-26,8,0,214,0.06,0.06,0.0,1.064721,0.0
2019-02-26,8,0,217,0.1,0.1,0.0,1.352652,0.0
2019-02-26,8,0,218,0.14,0.14,0.0,1.893712,0.0
2019-02-26,8,0,219,0.09,0.09,0.0,1.217386,0.0
2019-02-26,8,0,221,0.03,0.03,0.0,0.53236,0.0
2019-02-26,8,0,225,0.1,0.1,0.0,0.753038,0.0
2019-02-26,8,0,233,0.0,0.0,0.0,0.0,0.0
2019-02-26,8,0,236,25.65,25.65,0.0,390.011832,0.0
2019-02-26,8,0,237,15.58,15.58,0.0,226.377176,0.0
2019-02-26,8,0,238,0.0,0.0,0.0,0.0,0.0
2019-02-26,8,0,240,0.0,0.0,0.0,0.0,0.0
2019-02-26,8,0,245,12.79,12.79,0.0,205.134261,0.0
2019-02-26,8,0,247,21.09,21.09,0.0,338.255008,0.0
2019-02-26,8,0,248,1.56,1.56,0.0,22.666778,0.0
2019-02-26,8,0,249,24.59,24.59,0.0,394.390263,0.0
2019-02-26,8,0,251,13.03,13.03,0.0,205.068272,0.0
2019-02-26,8,0,252,12.64,12.64,0.0,199.917203,0.0
2019-02-26,8,0,254,0.0,0.0,0.0,0.0,0.0
2019-02-26,8,0,255,0.0,0.0,0.0,0.0,0.0
2019-02-26,8,0,258,0.0,0.0,0.0,0.0,0.0
2019-02-26,8,0,260,0.0,0.0,0.0,0.0,0.0
2019-02-26,8,0,265,0.0,0.0,0.0,0.0,0.0
2019-02-26,8,0,266,5.21,5.21,0.0,64.974113,0.0
2019-02-26,8,0,267,6.4,6.4,0.0,79.81465,0.0
2019-02-26,8,0,270,247.1,247.1,0.0,477.224237,0.0
2019-02-26,8,0,272,348.69,348.69,0.0,3094.434001,0.0
2019-02-26,8,0,273,0.0,0.0,0.0,0.0,0.0
2019-02-26,8,0,274,318.54,318.54,0.0,615.196311,0.0
2019-02-26,8,0,275,443.41,443.41,0.0,856.357745,0.0
2019-02-26,8,0,276,0.0,0.0,0.0,0.0,0.0
2019-02-26,8,0,277,0.0,0.0,0.0,0.0,0.0
2019-02-26,8,0,278,0.0,0.0,0.0,0.0,0.0
2019-02-26,8,0,279,168.2,168.2,0.0,1505.078207,0.0
2019-02-26,8,0,281,2.09,2.09,0.0,23.381997,0.0
2019-02-26,8,0,282,0.0,0.0,0.0,0.0,0.0
2019-02-26,9,0,9,0.65,0.65,0.0,4.029055,0.0
2019-02-26,9,0,17,9.57,9.57,0.0,128.994931,0.0
2019-02-26,9,0,19,111.69,111.69,0.0,1505.480023,0.0
2019-02-26,9,0,20,138.69,138.69,0.0,1869.415565,0.0
2019-02-26,9,0,21,14.8,14.8,0.0,91.738479,0.0
2019-02-26,9,0,22,52.6,52.6,0.0,326.043515,0.0
2019-02-26,9,0,23,90.71,90.71,0.0,562.2701,0.0
2019-02-26,9,0,24,160.5,160.5,0.0,994.866619,0.0
2019-02-26,9,0,29,1.3,1.3,0.0,8.315048,0.0
2019-02-26,9,0,30,96.48,96.48,0.0,594.233013,0.0
2019-02-26,9,0,31,4.11,4.11,0.0,25.314031,0.0
2019-02-26,9,0,32,1.35,1.35,0.0,27.109462,0.0
2019-02-26,9,0,33,0.33,0.33,0.0,4.987308,0.0
2019-02-26,9,0,34,0.53,0.53,0.0,8.009918,0.0
2019-02-26,9,0,35,0.53,0.53,0.0,8.009918,0.0
2019-02-26,9,0,36,2.21,2.21,0.0,23.379971,0.0
2019-02-26,9,0,37,0.99,0.99,0.0,10.381135,0.0
2019-02-26,9,0,38,1.27,1.27,0.0,13.317214,0.0
2019-02-26,9,0,39,0.85,0.85,0.0,8.913096,0.0
2019-02-26,9,0,40,0.85,0.85,0.0,8.913096,0.0
2019-02-26,9,0,41,4.42,4.42,0.0,36.837369,0.0
2019-02-26,9,0,42,9.04,9.04,0.0,118.649177,0.0
2019-02-26,9,0,43,6.59,6.59,0.0,69.626173,0.0
2019-02-26,9,0,46,6.93,6.93,0.0,69.351264,0.0
2019-02-26,9,0,52,4.36,4.36,0.0,26.853814,0.0
2019-02-26,9,0,53,6.96,6.96,0.0,42.867556,0.0
2019-02-26,9,0,55,48.33,48.33,0.0,299.575724,0.0
2019-02-26,9,0,56,28.46,28.46,0.0,175.288884,0.0
2019-02-26,9,0,57,27.07,27.07,0.0,166.727691,0.0
2019-02-26,9,0,58,52.06,52.06,0.0,320.644389,0.0
2019-02-26,9,0,59,51.19,51.19,0.0,315.285945,0.0
2019-02-26,9,0,63,26.53,26.53,0.0,653.543599,0.0
2019-02-26,9,0,64,31.21,31.21,0.0,768.831351,0.0
2019-02-26,9,0,65,2.67,2.67,0.0,35.813511,0.0
2019-02-26,9,0,67,66.8,66.8,0.0,-911.999967,0.0
2019-02-26,9,0,68,12.96,12.96,0.0,-65.006686,0.0
2019-02-26,9,0,69,0.33,0.33,0.0,4.987308,0.0
2019-02-26,9,0,74,9.1,9.1,0.0,105.627805,0.0
2019-02-26,9,0,77,60.0,60.0,0.0,145.657988,0.0
2019-02-26,9,0,78,45.36,45.36,0.0,110.117439,0.0
2019-02-26,9,0,79,26.25,26.25,0.0,63.72537,0.0
2019-02-26,9,0,80,42.45,42.45,0.0,103.053026,0.0
2019-02-26,9,0,81,55.5,55.5,0.0,134.733639,0.0
2019-02-26,9,0,82,39.15,39.15,0.0,95.041837,0.0
2019-02-26,9,0,83,87.3,87.3,0.0,211.932372,0.0
2019-02-26,9,0,84,0.0,0.0,0.0,0.0,0.0
2019-02-26,9,0,86,1.67,1.67,0.0,25.2388,0.0
2019-02-26,9,0,87,8.54,8.54,0.0,129.065479,0.0
2019-02-26,9,0,88,155.83,155.83,0.0,378.29807,0.0
2019-02-26,9,0,89,148.85,148.85,0.0,361.353191,0.0
2019-02-26,9,0,90,208.93,208.93,0.0,507.205389,0.0
2019-02-26,9,0,91,785.09,785.09,0.0,1905.910492,0.0
2019-02-26,9,0,92,276.23,276.23,0.0,670.585099,0.0
2019-02-26,9,0,95,6.13,6.13,0.0,124.185309,0.0
2019-02-26,9,0,96,19.94,19.94,0.0,121.991717,0.0
2019-02-26,9,0,97,122.61,122.61,0.0,750.120586,0.0
2019-02-26,9,0,99,1.76,1.76,0.0,20.429114,0.0
2019-02-26,9,0,101,1.94,1.94,0.0,11.948715,0.0
2019-02-26,9,0,102,30.64,30.64,0.0,-153.688646,0.0
2019-02-26,9,0,103,26.64,26.64,0.0,-133.624854,0.0
2019-02-26,9,0,104,4.97,4.97,0.0,-24.929262,0.0
2019-02-26,9,0,106,51.78,51.78,0.0,320.960707,0.0
2019-02-26,9,0,109,39.78,39.78,0.0,379.582317,0.0
2019-02-26,9,0,110,116.26,116.26,0.0,-4662.160534,0.0
2019-02-26,9,0,111,4.09,4.09,0.0,34.087067,0.0
2019-02-26,9,0,113,71.51,71.51,0.0,239.909228,0.0
2019-02-26,9,0,115,71.51,71.51,0.0,239.909228,0.0
2019-02-26,9,0,116,29.96,29.96,0.0,-1201.430669,0.0
2019-02-26,9,0,117,4.86,4.86,0.0,16.304836,0.0
2019-02-26,9,0,119,31.21,31.21,0.0,768.831351,0.0
2019-02-26,9,0,120,18.35,18.35,0.0,452.036376,0.0
2019-02-26,9,0,123,0.86,0.86,0.0,5.330749,0.0
2019-02-26,9,0,125,145.24,145.24,0.0,900.276808,0.0
2019-02-26,9,0,126,38.84,38.84,0.0,240.751523,0.0
2019-02-26,9,0,127,49.84,49.84,0.0,308.935528,0.0
2019-02-26,9,0,128,208.02,208.02,0.0,1289.42152,0.0
2019-02-26,9,0,131,24.29,24.29,0.0,-65.809847,0.0
2019-02-26,9,0,132,35.7,35.7,0.0,-96.723406,0.0
2019-02-26,9,0,133,8.67,8.67,0.0,116.91749,0.0
2019-02-26,9,0,134,0.0,0.0,0.0,0.0,0.0
2019-02-26,9,0,135,11.62,11.62,0.0,156.699104,0.0
2019-02-26,9,0,136,4.61,4.61,0.0,61.818662,0.0
2019-02-26,9,0,139,5.7,5.7,0.0,47.505204,0.0
2019-02-26,9,0,140,86.05,86.05,0.0,-3450.704576,0.0
2019-02-26,9,0,141,143.94,143.94,0.0,-1965.168792,0.0
2019-02-26,9,0,142,88.09,88.09,0.0,-1202.665825,0.0
2019-02-26,9,0,143,7.32,7.32,0.0,45.084843,0.0
2019-02-26,9,0,145,9.81,9.81,0.0,72.754503,0.0
2019-02-26,9,0,146,77.97,77.97,0.0,-3126.687226,0.0
2019-02-26,9,0,152,1.63,1.63,0.0,18.881432,0.0
2019-02-26,9,0,153,2.01,2.01,0.0,23.110016,0.0
2019-02-26,9,0,154,16.89,16.89,0.0,140.76542,0.0
2019-02-26,9,0,157,65.65,65.65,0.0,-896.299369,0.0
2019-02-26,9,0,158,48.94,48.94,0.0,-668.16285,0.0
2019-02-26,9,0,159,0.0,0.0,0.0,0.0,0.0
2019-02-26,9,0,160,0.53,0.53,0.0,5.820393,0.0
2019-02-26,9,0,161,13.71,13.71,0.0,-68.768647,0.0
2019-02-26,9,0,162,6.46,6.46,0.0,131.186873,0.0
2019-02-26,9,0,163,93.7,93.7,0.0,-3757.478428,0.0
2019-02-26,9,0,164,3.42,3.42,0.0,21.06423,0.0
2019-02-26,9,0,167,1.32,1.32,0.0,26.572281,0.0
2019-02-26,9,0,168,0.66,0.66,0.0,13.28614,0.0
2019-02-26,9,0,169,0.0,0.0,0.0,0.0,0.0
2019-02-26,9,0,170,1.44,1.44,0.0,28.987943,0.0
2019-02-26,9,0,172,1.45,1.45,0.0,27.196235,0.0
2019-02-26,9,0,173,2.21,2.21,0.0,41.450813,0.0
2019-02-26,9,0,188,2.81,2.81,0.0,54.167213,0.0
2019-02-26,9,0,190,2.59,2.59,0.0,63.802409,0.0
2019-02-26,9,0,191,6.7,6.7,0.0,165.048704,0.0
2019-02-26,9,0,192,46.92,46.92,0.0,1155.83361,0.0
2019-02-26,9,0,194,130.37,130.37,0.0,1388.295813,0.0
2019-02-26,9,0,196,1.64,1.64,0.0,55.229754,0.0
2019-02-26,9,0,198,2.24,2.24,0.0,24.978113,0.0
2019-02-26,9,0,199,1.82,1.82,0.0,20.406296,0.0
2019-02-26,9,0,200,3.89,3.89,0.0,43.615655,0.0
2019-02-26,9,0,204,106.85,106.85,0.0,998.964392,0.0
2019-02-26,9,0,205,224.05,224.05,0.0,2137.893868,0.0
2019-02-26,9,0,206,360.3,360.3,0.0,2204.293671,0.0
2019-02-26,9,0,210,0.42,0.42,0.0,2.931943,0.0
2019-02-26,9,0,214,2.39,2.39,0.0,38.434989,0.0
2019-02-26,9,0,217,1.85,1.85,0.0,22.412576,0.0
2019-02-26,9,0,218,2.56,2.56,0.0,31.014159,0.0
2019-02-26,9,0,219,1.74,1.74,0.0,21.079936,0.0
2019-02-26,9,0,221,1.27,1.27,0.0,20.423613,0.0
2019-02-26,9,0,225,1.26,1.26,0.0,7.988062,0.0
2019-02-26,9,0,233,0.95,0.95,0.0,14.357401,0.0
2019-02-26,9,0,236,29.32,29.32,0.0,368.604634,0.0
2019-02-26,9,0,237,21.83,21.83,0.0,253.390657,0.0
2019-02-26,9,0,238,11.76,11.76,0.0,154.348929,0.0
2019-02-26,9,0,240,2.51,2.51,0.0,26.553723,0.0
2019-02-26,9,0,245,14.21,14.21,0.0,194.975957,0.0
2019-02-26,9,0,247,22.88,22.88,0.0,313.93736,0.0
2019-02-26,9,0,248,2.19,2.19,0.0,25.420318,0.0
2019-02-26,9,0,249,27.33,27.33,0.0,374.995982,0.0
2019-02-26,9,0,251,17.15,17.15,0.0,228.1855,0.0
2019-02-26,9,0,252,17.2,17.2,0.0,230.70876,0.0
2019-02-26,9,0,254,3.2,3.2,0.0,34.143773,0.0
2019-02-26,9,0,255,1.47,1.47,0.0,15.684796,0.0
2019-02-26,9,0,258,3.18,3.18,0.0,33.63471,0.0
2019-02-26,9,0,260,1.28,1.28,0.0,14.056798,0.0
2019-02-26,9,0,265,17.49,17.49,0.0,145.765968,0.0
2019-02-26,9,0,266,3.69,3.69,0.0,30.753369,0.0
2019-02-26,9,0,267,4.54,4.54,0.0,37.837478,0.0
2019-02-26,9,0,270,292.61,292.61,0.0,-11733.999604,0.0
2019-02-26,9,0,272,238.65,238.65,0.0,800.647982,0.0
2019-02-26,9,0,273,7.16,7.16,0.0,-287.124285,0.0
2019-02-26,9,0,274,377.21,377.21,0.0,-15126.557502,0.0
2019-02-26,9,0,275,525.08,525.08,0.0,-21056.315615,0.0
2019-02-26,9,0,276,1.61,1.61,0.0,-55.055196,0.0
2019-02-26,9,0,277,1.97,1.97,0.0,5.876799,0.0
2019-02-26,9,0,278,3.15,3.15,0.0,9.396911,0.0
2019-02-26,9,0,279,203.86,203.86,0.0,608.144246,0.0
2019-02-26,9,0,281,1.83,1.83,0.0,11.271211,0.0
2019-02-26,9,0,282,52.93,52.93,0.0,326.002834,0.0
2019-02-26,10,0,9,1.47,1.47,0.0,12.15999,0.0
2019-02-26,10,0,17,19.13,19.13,0.0,191.973558,0.0
2019-02-26,10,0,19,89.75,89.75,0.0,900.660052,0.0
2019-02-26,10,0,20,111.2,111.2,0.0,1115.915296,0.0
2019-02-26,10,0,21,33.57,33.57,0.0,277.694471,0.0
2019-02-26,10,0,22,119.3,119.3,0.0,986.861794,0.0
2019-02-26,10,0,23,91.61,91.61,0.0,757.807284,0.0
2019-02-26,10,0,24,162.09,162.09,0.0,1340.825048,0.0
2019-02-26,10,0,29,2.5,2.5,0.0,25.122876,0.0
2019-02-26,10,0,30,201.87,201.87,0.0,1667.719469,0.0
2019-02-26,10,0,31,5.54,5.54,0.0,45.767899,0.0
2019-02-26,10,0,32,2.04,2.04,0.0,28.359409,0.0
2019-02-26,10,0,33,0.87,0.87,0.0,9.020242,0.0
2019-02-26,10,0,34,1.39,1.39,0.0,14.411651,0.0
2019-02-26,10,0,35,1.39,1.39,0.0,14.411651,0.0
2019-02-26,10,0,36,5.57,5.57,0.0,52.933507,0.0
2019-02-26,10,0,37,2.43,2.43,0.0,23.070052,0.0
2019-02-26,10,0,38,3.12,3.12,0.0,29.620808,0.0
2019-02-26,10,0,39,2.08,2.08,0.0,19.747205,0.0
2019-02-26,10,0,40,2.08,2.08,0.0,19.747205,0.0
2019-02-26,10,0,41,3.52,3.52,0.0,31.107127,0.0
2019-02-26,10,0,42,18.65,18.65,0.0,185.810916,0.0
2019-02-26,10,0,43,17.51,17.51,0.0,167.491235,0.0
2019-02-26,10,0,46,16.29,16.29,0.0,152.736203,0.0
2019-02-26,10,0,52,5.87,5.87,0.0,48.494146,0.0
2019-02-26,10,0,53,9.36,9.36,0.0,77.326271,0.0
2019-02-26,10,0,55,44.47,44.47,0.0,367.860386,0.0
2019-02-26,10,0,56,59.54,59.54,0.0,491.880999,0.0
2019-02-26,10,0,57,56.64,56.64,0.0,467.923073,0.0
2019-02-26,10,0,58,108.92,108.92,0.0,899.826644,0.0
2019-02-26,10,0,59,107.11,107.11,0.0,884.873593,0.0
2019-02-26,10,0,63,26.6,26.6,0.0,413.779501,0.0
2019-02-26,10,0,64,31.3,31.3,0.0,486.890917,0.0
2019-02-26,10,0,65,3.77,3.77,0.0,37.782206,0.0
2019-02-26,10,0,67,185.51,185.51,0.0,258.404834,0.0
2019-02-26,10,0,68,26.93,26.93,0.0,122.418474,0.0
2019-02-26,10,0,69,0.87,0.87,0.0,9.020242,0.0
2019-02-26,10,0,74,20.01,20.01,0.0,193.000735,0.0
2019-02-26,10,0,77,60.0,60.0,0.0,434.399109,0.0
2019-02-26,10,0,78,45.36,45.36,0.0,328.405726,0.0
2019-02-26,10,0,79,26.25,26.25,0.0,190.04961,0.0
2019-02-26,10,0,80,42.45,42.45,0.0,307.337369,0.0
2019-02-26,10,0,81,55.5,55.5,0.0,401.819176,0.0
2019-02-26,10,0,82,39.15,39.15,0.0,283.445418,0.0
2019-02-26,10,0,83,87.3,87.3,0.0,632.050703,0.0
2019-02-26,10,0,84,0.0,0.0,0.0,0.0,0.0
2019-02-26,10,0,86,4.41,4.41,0.0,45.723294,0.0
2019-02-26,10,0,87,22.49,22.49,0.0,233.178433,0.0
2019-02-26,10,0,88,103.48,103.48,0.0,749.193663,0.0
2019-02-26,10,0,89,99.0,99.0,0.0,716.758529,0.0
2019-02-26,10,0,90,137.47,137.47,0.0,995.280758,0.0
2019-02-26,10,0,91,509.29,509.29,0.0,3687.252034,0.0
2019-02-26,10,0,92,180.45,180.45,0.0,1306.455319,0.0
2019-02-26,10,0,95,17.6,17.6,0.0,245.833401,0.0
2019-02-26,10,0,96,21.77,21.77,0.0,179.605121,0.0
2019-02-26,10,0,97,133.85,133.85,0.0,1104.278618,0.0
2019-02-26,10,0,99,4.11,4.11,0.0,39.64183,0.0
2019-02-26,10,0,101,4.07,4.07,0.0,33.62371,0.0
2019-02-26,10,0,102,63.76,63.76,0.0,289.840397,0.0
2019-02-26,10,0,103,55.44,55.44,0.0,252.019316,0.0
2019-02-26,10,0,104,10.3,10.3,0.0,46.821771,0.0
2019-02-26,10,0,106,117.44,117.44,0.0,971.475684,0.0
2019-02-26,10,0,109,35.27,35.27,0.0,324.394766,0.0
2019-02-26,10,0,110,111.54,111.54,0.0,-921.556563,0.0
2019-02-26,10,0,111,9.58,9.58,0.0,84.660873,0.0
2019-02-26,10,0,113,150.0,150.0,0.0,1148.158217,0.0
2019-02-26,10,0,115,150.0,150.0,0.0,1148.158217,0.0
2019-02-26,10,0,116,73.91,73.91,0.0,-610.653089,0.0
2019-02-26,10,0,117,10.0,10.0,0.0,76.543881,0.0
2019-02-26,10,0,119,31.3,31.3,0.0,486.890917,0.0
2019-02-26,10,0,120,18.4,18.4,0.0,286.223414,0.0
2019-02-26,10,0,123,1.96,1.96,0.0,16.21332,0.0
2019-02-26,10,0,125,146.68,146.68,0.0,1213.351953,0.0
2019-02-26,10,0,126,88.08,88.08,0.0,728.606763,0.0
2019-02-26,10,0,127,113.04,113.04,0.0,935.078435,0.0
2019-02-26,10,0,128,210.08,210.08,0.0,1737.803234,0.0
2019-02-26,10,0,131,39.69,39.69,0.0,213.843163,0.0
2019-02-26,10,0,132,64.04,64.04,0.0,345.03694,0.0
2019-02-26,10,0,133,8.79,8.79,0.0,88.220592,0.0
2019-02-26,10,0,134,0.0,0.0,0.0,0.0,0.0
2019-02-26,10,0,135,11.78,11.78,0.0,118.229645,0.0
2019-02-26,10,0,136,6.43,6.43,0.0,64.435477,0.0
2019-02-26,10,0,139,4.55,4.55,0.0,40.209496,0.0
2019-02-26,10,0,140,82.56,82.56,0.0,-682.120404,0.0
2019-02-26,10,0,141,152.79,152.79,0.0,212.827743,0.0
2019-02-26,10,0,142,244.64,244.64,0.0,340.769546,0.0
2019-02-26,10,0,143,9.11,9.11,0.0,75.260932,0.0
2019-02-26,10,0,145,20.62,20.62,0.0,177.516024,0.0
2019-02-26,10,0,146,75.84,75.84,0.0,-626.598975,0.0
2019-02-26,10,0,152,3.18,3.18,0.0,30.700987,0.0
2019-02-26,10,0,153,4.23,4.23,0.0,40.765312,0.0
2019-02-26,10,0,154,39.53,39.53,0.0,349.336567,0.0
2019-02-26,10,0,157,64.15,64.15,0.0,89.357286,0.0
2019-02-26,10,0,158,168.1,168.1,0.0,234.153698,0.0
2019-02-26,10,0,159,0.0,0.0,0.0,0.0,0.0
2019-02-26,10,0,160,1.29,1.29,0.0,12.63795,0.0
2019-02-26,10,0,161,34.92,34.92,0.0,158.73944,0.0
2019-02-26,10,0,162,11.96,11.96,0.0,167.266063,0.0
2019-02-26,10,0,163,63.07,63.07,0.0,-521.091738,0.0
2019-02-26,10,0,164,11.88,11.88,0.0,98.144882,0.0
2019-02-26,10,0,167,2.12,2.12,0.0,29.512836,0.0
2019-02-26,10,0,168,1.06,1.06,0.0,14.756418,0.0
2019-02-26,10,0,169,0.0,0.0,0.0,0.0,0.0
2019-02-26,10,0,170,2.32,2.32,0.0,32.297066,0.0
2019-02-26,10,0,172,2.65,2.65,0.0,35.644272,0.0
2019-02-26,10,0,173,4.03,4.03,0.0,54.206196,0.0
2019-02-26,10,0,188,4.4,4.4,0.0,59.897311,0.0
2019-02-26,10,0,190,6.14,6.14,0.0,95.511509,0.0
2019-02-26,10,0,191,15.85,15.85,0.0,246.556583,0.0
2019-02-26,10,0,192,38.23,38.23,0.0,594.691366,0.0
2019-02-26,10,0,194,52.95,52.95,0.0,550.038628,0.0
2019-02-26,10,0,196,3.93,3.93,0.0,74.121465,0.0
2019-02-26,10,0,198,4.82,4.82,0.0,48.950628,0.0
2019-02-26,10,0,199,2.62,2.62,0.0,28.600803,0.0
2019-02-26,10,0,200,11.2,11.2,0.0,122.262975,0.0
2019-02-26,10,0,204,54.1,54.1,0.0,495.160697,0.0
2019-02-26,10,0,205,208.29,208.29,0.0,1915.741023,0.0
2019-02-26,10,0,206,393.32,393.32,0.0,3244.937362,0.0
2019-02-26,10,0,210,0.63,0.63,0.0,6.38378,0.0
2019-02-26,10,0,214,4.23,4.23,0.0,44.690364,0.0
2019-02-26,10,0,217,2.84,2.84,0.0,29.476651,0.0
2019-02-26,10,0,218,3.92,3.92,0.0,40.686082,0.0
2019-02-26,10,0,219,2.67,2.67,0.0,27.712204,0.0
2019-02-26,10,0,221,2.26,2.26,0.0,23.877121,0.0
2019-02-26,10,0,225,2.56,2.56,0.0,25.705099,0.0
2019-02-26,10,0,233,2.49,2.49,0.0,25.816554,0.0
2019-02-26,10,0,236,33.49,33.49,0.0,329.933524,0.0
2019-02-26,10,0,237,46.77,46.77,0.0,451.106665,0.0
2019-02-26,10,0,238,24.27,24.27,0.0,241.803268,0.0
2019-02-26,10,0,240,6.31,6.31,0.0,59.965965,0.0
2019-02-26,10,0,245,15.75,15.75,0.0,158.830883,0.0
2019-02-26,10,0,247,24.91,24.91,0.0,251.204908,0.0
2019-02-26,10,0,248,5.1,5.1,0.0,49.190592,0.0
2019-02-26,10,0,249,30.29,30.29,0.0,305.45952,0.0
2019-02-26,10,0,251,23.73,23.73,0.0,237.295205,0.0
2019-02-26,10,0,252,24.33,24.33,0.0,243.830524,0.0
2019-02-26,10,0,254,6.7,6.7,0.0,64.477636,0.0
2019-02-26,10,0,255,3.07,3.07,0.0,29.54423,0.0
2019-02-26,10,0,258,7.99,7.99,0.0,76.011735,0.0
2019-02-26,10,0,260,3.14,3.14,0.0,30.762141,0.0
2019-02-26,10,0,265,40.92,40.92,0.0,361.620347,0.0
2019-02-26,10,0,266,2.94,2.94,0.0,25.981521,0.0
2019-02-26,10,0,267,3.62,3.62,0.0,31.990852,0.0
2019-02-26,10,0,270,196.87,196.87,0.0,-1626.563031,0.0
2019-02-26,10,0,272,501.3,501.3,0.0,3837.144762,0.0
2019-02-26,10,0,273,17.67,17.67,0.0,-145.991613,0.0
2019-02-26,10,0,274,253.77,253.77,0.0,-2096.677505,0.0
2019-02-26,10,0,275,353.23,353.23,0.0,-2918.427691,0.0
2019-02-26,10,0,276,3.89,3.89,0.0,-23.753687,0.0
2019-02-26,10,0,277,4.65,4.65,0.0,34.82035,0.0
2019-02-26,10,0,278,7.45,7.45,0.0,55.787442,0.0
2019-02-26,10,0,279,244.75,244.75,0.0,1832.748521,0.0
2019-02-26,10,0,281,2.47,2.47,0.0,20.405544,0.0
2019-02-26,10,0,282,110.74,110.74,0.0,914.862307,0.0
2019-02-26,11,0,9,2.19,2.19,0.0,12.932287,0.0
2019-02-26,11,0,17,28.88,28.88,0.0,255.728271,0.0
2019-02-26,11,0,19,57.86,57.86,0.0,512.342029,0.0
2019-02-26,11,0,20,70.17,70.17,0.0,621.345319,0.0
2019-02-26,11,0,21,50.06,50.06,0.0,295.612014,0.0
2019-02-26,11,0,22,177.91,177.91,0.0,1050.585964,0.0
2019-02-26,11,0,23,51.38,51.38,0.0,303.406817,0.0
2019-02-26,11,0,24,90.87,90.87,0.0,536.601352,0.0
2019-02-26,11,0,29,3.68,3.68,0.0,33.970956,0.0
2019-02-26,11,0,30,304.28,304.28,0.0,1791.273809,0.0
2019-02-26,11,0,31,3.22,3.22,0.0,18.955901,0.0
2019-02-26,11,0,32,3.07,3.07,0.0,137.362281,0.0
2019-02-26,11,0,33,1.33,1.33,0.0,12.500609,0.0
2019-02-26,11,0,34,2.13,2.13,0.0,20.019772,0.0
2019-02-26,11,0,35,2.13,2.13,0.0,20.019772,0.0
2019-02-26,11,0,36,8.37,8.37,0.0,66.958241,0.0
2019-02-26,11,0,37,3.72,3.72,0.0,29.7102,0.0
2019-02-26,11,0,38,4.79,4.79,0.0,38.255876,0.0
2019-02-26,11,0,39,3.19,3.19,0.0,25.477295,0.0
2019-02-26,11,0,40,3.19,3.19,0.0,25.477295,0.0
2019-02-26,11,0,41,5.31,5.31,0.0,36.428981,0.0
2019-02-26,11,0,42,28.64,28.64,0.0,250.225272,0.0
2019-02-26,11,0,43,26.66,26.66,0.0,216.402325,0.0
2019-02-26,11,0,46,24.71,24.71,0.0,192.470799,0.0
2019-02-26,11,0,52,3.43,3.43,0.0,20.192156,0.0
2019-02-26,11,0,53,5.58,5.58,0.0,32.849046,0.0
2019-02-26,11,0,55,100.17,100.17,0.0,591.519285,0.0
2019-02-26,11,0,56,89.75,89.75,0.0,528.351598,0.0
2019-02-26,11,0,57,85.37,85.37,0.0,502.566863,0.0
2019-02-26,11,0,58,164.18,164.18,0.0,966.515492,0.0
2019-02-26,11,0,59,161.45,161.45,0.0,950.444185,0.0
2019-02-26,11,0,63,33.07,33.07,0.0,3803.744119,0.0
2019-02-26,11,0,64,38.9,38.9,0.0,4474.316487,0.0
2019-02-26,11,0,65,3.5,3.5,0.0,30.915318,0.0
2019-02-26,11,0,67,277.02,277.02,0.0,-154056.796799,0.0
2019-02-26,11,0,68,30.45,30.45,0.0,-12520.219601,0.0
2019-02-26,11,0,69,1.33,1.33,0.0,12.500609,0.0
2019-02-26,11,0,74,11.52,11.52,0.0,94.640307,0.0
2019-02-26,11,0,77,60.0,60.0,0.0,-17422.722011,0.0
2019-02-26,11,0,78,45.36,45.36,0.0,-13171.57784,0.0
2019-02-26,11,0,79,26.25,26.25,0.0,-7622.44088,0.0
2019-02-26,11,0,80,42.45,42.45,0.0,-12326.575823,0.0
2019-02-26,11,0,81,55.5,55.5,0.0,-16116.01786,0.0
2019-02-26,11,0,82,39.15,39.15,0.0,-11368.326112,0.0
2019-02-26,11,0,83,87.3,87.3,0.0,-25350.060526,0.0
2019-02-26,11,0,84,0.0,0.0,0.0,0.0,0.0
2019-02-26,11,0,86,6.74,6.74,0.0,63.348949,0.0
2019-02-26,11,0,87,34.4,34.4,0.0,323.324012,0.0
2019-02-26,11,0,88,51.18,51.18,0.0,-14861.581875,0.0
2019-02-26,11,0,89,49.2,49.2,0.0,-14286.632049,0.0
2019-02-26,11,0,90,66.06,66.06,0.0,-19182.416934,0.0
2019-02-26,11,0,91,235.65,235.65,0.0,-68427.740697,0.0
2019-02-26,11,0,92,84.75,84.75,0.0,-24609.59484,0.0
2019-02-26,11,0,95,24.52,24.52,0.0,623.143763,0.0
2019-02-26,11,0,96,21.55,21.55,0.0,126.45272,0.0
2019-02-26,11,0,97,158.39,158.39,0.0,929.41282,0.0
2019-02-26,11,0,99,2.47,2.47,0.0,20.291802,0.0
2019-02-26,11,0,101,6.13,6.13,0.0,36.086856,0.0
2019-02-26,11,0,102,72.1,72.1,0.0,-29645.577446,0.0
2019-02-26,11,0,103,62.7,62.7,0.0,-25780.550706,0.0
2019-02-26,11,0,104,11.64,11.64,0.0,-4786.054389,0.0
2019-02-26,11,0,106,175.14,175.14,0.0,1034.228687,0.0
2019-02-26,11,0,109,13.62,13.62,0.0,101.835749,0.0
2019-02-26,11,0,110,135.94,135.94,0.0,-135940.0,0.0
2019-02-26,11,0,111,14.23,14.23,0.0,97.62418,0.0
2019-02-26,11,0,113,82.34,82.34,0.0,-21511.673735,0.0
2019-02-26,11,0,115,82.34,82.34,0.0,-21511.673735,0.0
2019-02-26,11,0,116,108.01,108.01,0.0,-108010.0,0.0
2019-02-26,11,0,117,5.54,5.54,0.0,-1447.348464,0.0
2019-02-26,11,0,119,38.9,38.9,0.0,4474.316487,0.0
2019-02-26,11,0,120,22.88,22.88,0.0,2631.680237,0.0
2019-02-26,11,0,123,2.92,2.92,0.0,17.24305,0.0
2019-02-26,11,0,125,82.24,82.24,0.0,485.639872,0.0
2019-02-26,11,0,126,131.36,131.36,0.0,775.701041,0.0
2019-02-26,11,0,127,168.57,168.57,0.0,995.431825,0.0
2019-02-26,11,0,128,117.76,117.76,0.0,695.390946,0.0
2019-02-26,11,0,131,30.0,30.0,0.0,-11173.853245,0.0
2019-02-26,11,0,132,44.1,44.1,0.0,-16425.56427,0.0
2019-02-26,11,0,133,8.84,8.84,0.0,78.295183,0.0
2019-02-26,11,0,134,0.0,0.0,0.0,0.0,0.0
2019-02-26,11,0,135,11.84,11.84,0.0,104.865947,0.0
2019-02-26,11,0,136,6.03,6.03,0.0,53.255424,0.0
2019-02-26,11,0,139,6.86,6.86,0.0,47.062676,0.0
2019-02-26,11,0,140,100.61,100.61,0.0,-100610.0,0.0
2019-02-26,11,0,141,180.92,180.92,0.0,-100613.514103,0.0
2019-02-26,11,0,142,365.32,365.32,0.0,-203162.331263,0.0
2019-02-26,11,0,143,5.6,5.6,0.0,32.966785,0.0
2019-02-26,11,0,145,30.02,30.02,0.0,194.446118,0.0
2019-02-26,11,0,146,70.71,70.71,0.0,-70710.0,0.0
2019-02-26,11,0,152,4.95,4.95,0.0,40.756911,0.0
2019-02-26,11,0,153,6.64,6.64,0.0,54.485691,0.0
2019-02-26,11,0,154,58.68,58.68,0.0,402.571108,0.0
2019-02-26,11,0,157,96.87,96.87,0.0,-53871.496303,0.0
2019-02-26,11,0,158,259.72,259.72,0.0,-144435.89367,0.0
2019-02-26,11,0,159,0.0,0.0,0.0,0.0,0.0
2019-02-26,11,0,160,1.98,1.98,0.0,16.891191,0.0
2019-02-26,11,0,161,51.53,51.53,0.0,-21187.747653,0.0
2019-02-26,11,0,162,32.47,32.47,0.0,850.789657,0.0
2019-02-26,11,0,163,139.87,139.87,0.0,-139870.0,0.0
2019-02-26,11,0,164,18.26,18.26,0.0,107.495267,0.0
2019-02-26,11,0,167,3.12,3.12,0.0,70.092511,0.0
2019-02-26,11,0,168,1.56,1.56,0.0,35.046256,0.0
2019-02-26,11,0,169,0.0,0.0,0.0,0.0,0.0
2019-02-26,11,0,170,3.42,3.42,0.0,76.832176,0.0
2019-02-26,11,0,172,3.92,3.92,0.0,70.709654,0.0
2019-02-26,11,0,173,5.98,5.98,0.0,107.868298,0.0
2019-02-26,11,0,188,6.58,6.58,0.0,173.507864,0.0
2019-02-26,11,0,190,8.93,8.93,0.0,289.578085,0.0
2019-02-26,11,0,191,23.06,23.06,0.0,747.779467,0.0
2019-02-26,11,0,192,83.33,83.33,0.0,2702.188335,0.0
2019-02-26,11,0,194,52.42,52.42,0.0,-6614.734041,0.0
2019-02-26,11,0,196,5.78,5.78,0.0,1549.749881,0.0
2019-02-26,11,0,198,7.42,7.42,0.0,68.235916,0.0
2019-02-26,11,0,199,6.1,6.1,0.0,-171.068283,0.0
2019-02-26,11,0,200,16.94,16.94,0.0,-475.065036,0.0
2019-02-26,11,0,204,44.22,44.22,0.0,327.334405,0.0
2019-02-26,11,0,205,89.02,89.02,0.0,665.596061,0.0
2019-02-26,11,0,206,605.43,605.43,0.0,3552.587938,0.0
2019-02-26,11,0,210,0.91,0.91,0.0,8.517329,0.0
2019-02-26,11,0,214,6.45,6.45,0.0,62.699668,0.0
2019-02-26,11,0,217,4.28,4.28,0.0,40.950446,0.0
2019-02-26,11,0,218,5.91,5.91,0.0,56.54606,0.0
2019-02-26,11,0,219,4.02,4.02,0.0,38.462802,0.0
2019-02-26,11,0,221,3.44,3.44,0.0,33.439823,0.0
2019-02-26,11,0,225,3.82,3.82,0.0,35.215937,0.0
2019-02-26,11,0,233,3.81,3.81,0.0,35.810014,0.0
2019-02-26,11,0,236,14.62,14.62,0.0,125.077634,0.0
2019-02-26,11,0,237,25.68,25.68,0.0,210.969018,0.0
2019-02-26,11,0,238,37.27,37.27,0.0,325.624857,0.0
2019-02-26,11,0,240,9.49,9.49,0.0,75.918006,0.0
2019-02-26,11,0,245,16.52,16.52,0.0,147.613184,0.0
2019-02-26,11,0,247,17.54,17.54,0.0,156.727315,0.0
2019-02-26,11,0,248,3.06,3.06,0.0,25.138832,0.0
2019-02-26,11,0,249,31.77,31.77,0.0,283.878382,0.0
2019-02-26,11,0,251,18.9,18.9,0.0,166.262869,0.0
2019-02-26,11,0,252,22.57,22.57,0.0,199.359638,0.0
2019-02-26,11,0,254,10.56,10.56,0.0,86.813237,0.0
2019-02-26,11,0,255,4.84,4.84,0.0,39.789401,0.0
2019-02-26,11,0,258,11.96,11.96,0.0,95.904119,0.0
2019-02-26,11,0,260,4.81,4.81,0.0,41.03365,0.0
2019-02-26,11,0,265,60.75,60.75,0.0,416.772236,0.0
2019-02-26,11,0,266,4.44,4.44,0.0,30.460391,0.0
2019-02-26,11,0,267,5.46,5.46,0.0,37.458048,0.0
2019-02-26,11,0,270,473.16,473.16,0.0,-473160.0,0.0
2019-02-26,11,0,272,274.99,274.99,0.0,-71842.302167,0.0
2019-02-26,11,0,273,25.83,25.83,0.0,-25830.0,0.0
2019-02-26,11,0,274,617.91,617.91,0.0,-617910.0,0.0
2019-02-26,11,0,275,871.83,871.83,0.0,-871830.0,0.0
2019-02-26,11,0,276,5.71,5.71,0.0,-5144.089412,0.0
2019-02-26,11,0,277,6.89,6.89,0.0,-1880.492546,0.0
2019-02-26,11,0,278,11.03,11.03,0.0,-3010.425657,0.0
2019-02-26,11,0,279,259.14,259.14,0.0,-70727.262447,0.0
2019-02-26,11,0,281,1.41,1.41,0.0,8.300566,0.0
2019-02-26,11,0,282,166.92,166.92,0.0,982.645669,0.0
2019-02-26,12,0,9,2.93,2.93,0.0,131.247412,0.0
2019-02-26,12,0,17,36.4,36.4,0.0,872.685066,0.0
2019-02-26,12,0,19,85.06,85.06,0.0,2039.301969,0.0
2019-02-26,12,0,20,103.17,103.17,0.0,2473.486764,0.0
2019-02-26,12,0,21,67.07,67.07,0.0,3004.356296,0.0
2019-02-26,12,0,22,238.37,238.37,0.0,10677.626514,0.0
2019-02-26,12,0,23,40.91,40.91,0.0,1832.536396,0.0
2019-02-26,12,0,24,68.49,68.49,0.0,3067.964257,0.0
2019-02-26,12,0,29,4.62,4.62,0.0,76.134286,0.0
2019-02-26,12,0,30,407.89,407.89,0.0,18325.014893,0.0
2019-02-26,12,0,31,3.21,3.21,0.0,144.213631,0.0
2019-02-26,12,0,32,3.98,3.98,0.0,173.26703,0.0
2019-02-26,12,0,33,1.77,1.77,0.0,35.949235,0.0
2019-02-26,12,0,34,2.83,2.83,0.0,57.478156,0.0
2019-02-26,12,0,35,2.83,2.83,0.0,57.478156,0.0
2019-02-26,12,0,36,11.34,11.34,0.0,334.90731,0.0
2019-02-26,12,0,37,5.01,5.01,0.0,148.244118,0.0
2019-02-26,12,0,38,6.45,6.45,0.0,190.853206,0.0
2019-02-26,12,0,39,4.3,4.3,0.0,127.235471,0.0
2019-02-26,12,0,40,4.3,4.3,0.0,127.235471,0.0
2019-02-26,12,0,41,7.75,7.75,0.0,293.860805,0.0
2019-02-26,12,0,42,37.09,37.09,0.0,918.690111,0.0
2019-02-26,12,0,43,36.43,36.43,0.0,1039.054835,0.0
2019-02-26,12,0,46,32.41,32.41,0.0,1004.332849,0.0
2019-02-26,12,0,52,3.41,3.41,0.0,153.198904,0.0
2019-02-26,12,0,53,5.41,5.41,0.0,243.051633,0.0
2019-02-26,12,0,55,142.85,142.85,0.0,6398.871282,0.0
2019-02-26,12,0,56,120.31,120.31,0.0,5405.090936,0.0
2019-02-26,12,0,57,114.45,114.45,0.0,5141.822439,0.0
2019-02-26,12,0,58,220.09,220.09,0.0,9887.843604,0.0
2019-02-26,12,0,59,216.42,216.42,0.0,9722.963846,0.0
2019-02-26,12,0,63,40.77,40.77,0.0,4640.424639,0.0
2019-02-26,12,0,64,47.97,47.97,0.0,5459.925679,0.0
2019-02-26,12,0,65,3.49,3.49,0.0,84.187261,0.0
2019-02-26,12,0,67,369.16,369.16,0.0,-206914.548951,0.0
2019-02-26,12,0,68,34.0,34.0,0.0,-14177.408135,0.0
2019-02-26,12,0,69,1.77,1.77,0.0,35.949235,0.0
2019-02-26,12,0,74,11.55,11.55,0.0,327.002614,0.0
2019-02-26,12,0,77,60.0,60.0,0.0,-17900.892454,0.0
2019-02-26,12,0,78,45.36,45.36,0.0,-13533.074695,0.0
2019-02-26,12,0,79,26.25,26.25,0.0,-7831.640448,0.0
2019-02-26,12,0,80,42.45,42.45,0.0,-12664.881411,0.0
2019-02-26,12,0,81,55.5,55.5,0.0,-16558.32552,0.0
2019-02-26,12,0,82,39.15,39.15,0.0,-11680.332326,0.0
2019-02-26,12,0,83,87.3,87.3,0.0,-26045.79852,0.0
2019-02-26,12,0,84,0.0,0.0,0.0,0.0,0.0
2019-02-26,12,0,86,8.95,8.95,0.0,181.777206,0.0
2019-02-26,12,0,87,45.71,45.71,0.0,928.383921,0.0
2019-02-26,12,0,88,51.18,51.18,0.0,-15269.461263,0.0
2019-02-26,12,0,89,49.2,49.2,0.0,-14678.731812,0.0
2019-02-26,12,0,90,66.06,66.06,0.0,-19708.882591,0.0
2019-02-26,12,0,91,235.65,235.65,0.0,-70305.755112,0.0
2019-02-26,12,0,92,84.75,84.75,0.0,-25285.010591,0.0
2019-02-26,12,0,95,38.34,38.34,0.0,1166.061007,0.0
2019-02-26,12,0,96,21.26,21.26,0.0,958.067971,0.0
2019-02-26,12,0,97,130.75,130.75,0.0,5892.163089,0.0
2019-02-26,12,0,99,2.23,2.23,0.0,63.13557,0.0
2019-02-26,12,0,101,8.22,8.22,0.0,369.294718,0.0
2019-02-26,12,0,102,80.5,80.5,0.0,-33567.098673,0.0
2019-02-26,12,0,103,70.0,70.0,0.0,-29188.781455,0.0
2019-02-26,12,0,104,13.0,13.0,0.0,-5420.773699,0.0
2019-02-26,12,0,106,234.65,234.65,0.0,10510.991574,0.0
2019-02-26,12,0,109,7.86,7.86,0.0,262.341462,0.0
2019-02-26,12,0,110,165.54,165.54,0.0,-165540.0,0.0
2019-02-26,12,0,111,19.16,19.16,0.0,726.499746,0.0
2019-02-26,12,0,113,45.0,45.0,0.0,-11984.912214,0.0
2019-02-26,12,0,115,45.0,45.0,0.0,-11984.912214,0.0
2019-02-26,12,0,116,139.04,139.04,0.0,-139040.0,0.0
2019-02-26,12,0,117,3.0,3.0,0.0,-798.994148,0.0
2019-02-26,12,0,119,47.97,47.97,0.0,5459.925679,0.0
2019-02-26,12,0,120,28.2,28.2,0.0,3209.712407,0.0
2019-02-26,12,0,123,3.91,3.91,0.0,175.145864,0.0
2019-02-26,12,0,125,62.67,62.67,0.0,2807.261206,0.0
2019-02-26,12,0,126,175.99,175.99,0.0,7883.355666,0.0
2019-02-26,12,0,127,225.85,225.85,0.0,10116.801394,0.0
2019-02-26,12,0,128,85.91,85.91,0.0,3848.281637,0.0
2019-02-26,12,0,131,30.0,30.0,0.0,-11359.597383,0.0
2019-02-26,12,0,132,44.1,44.1,0.0,-16698.608153,0.0
2019-02-26,12,0,133,13.94,13.94,0.0,334.015811,0.0
2019-02-26,12,0,134,0.0,0.0,0.0,0.0,0.0
2019-02-26,12,0,135,18.68,18.68,0.0,447.590771,0.0
2019-02-26,12,0,136,5.74,5.74,0.0,138.509213,0.0
2019-02-26,12,0,139,10.01,10.01,0.0,379.554408,0.0
2019-02-26,12,0,140,122.51,122.51,0.0,-122510.0,0.0
2019-02-26,12,0,141,213.78,213.78,0.0,-119823.903659,0.0
2019-02-26,12,0,142,486.84,486.84,0.0,-272874.306565,0.0
2019-02-26,12,0,143,5.38,5.38,0.0,241.703842,0.0
2019-02-26,12,0,145,16.03,16.03,0.0,651.448552,0.0
2019-02-26,12,0,146,65.69,65.69,0.0,-65690.0,0.0
2019-02-26,12,0,152,6.75,6.75,0.0,189.945952,0.0
2019-02-26,12,0,153,9.0,9.0,0.0,254.95045,0.0
2019-02-26,12,0,154,79.03,79.03,0.0,2996.621865,0.0
2019-02-26,12,0,157,139.87,139.87,0.0,-78397.274791,0.0
2019-02-26,12,0,158,354.84,354.84,0.0,-198888.174639,0.0
2019-02-26,12,0,159,0.0,0.0,0.0,0.0,0.0
2019-02-26,12,0,160,2.68,2.68,0.0,67.632584,0.0
2019-02-26,12,0,161,69.01,69.01,0.0,-28775.968689,0.0
2019-02-26,12,0,162,47.11,47.11,0.0,1468.86908,0.0
2019-02-26,12,0,163,185.4,185.4,0.0,-185400.0,0.0
2019-02-26,12,0,164,25.22,25.22,0.0,1133.042917,0.0
2019-02-26,12,0,167,4.0,4.0,0.0,110.871563,0.0
2019-02-26,12,0,168,2.0,2.0,0.0,55.435781,0.0
2019-02-26,12,0,169,0.0,0.0,0.0,0.0,0.0
2019-02-26,12,0,170,4.38,4.38,0.0,121.404361,0.0
2019-02-26,12,0,172,5.07,5.07,0.0,110.082206,0.0
2019-02-26,12,0,173,7.73,7.73,0.0,167.837368,0.0
2019-02-26,12,0,188,8.52,8.52,0.0,231.439833,0.0
2019-02-26,12,0,190,11.52,11.52,0.0,431.165458,0.0
2019-02-26,12,0,191,29.77,29.77,0.0,1114.218375,0.0
2019-02-26,12,0,192,177.3,177.3,0.0,6635.905877,0.0
2019-02-26,12,0,194,45.55,45.55,0.0,-5904.65902,0.0
2019-02-26,12,0,196,7.54,7.54,0.0,2000.579165,0.0
2019-02-26,12,0,198,9.62,9.62,0.0,189.037469,0.0
2019-02-26,12,0,199,21.23,21.23,0.0,-717.043984,0.0
2019-02-26,12,0,200,21.87,21.87,0.0,-738.660006,0.0
2019-02-26,12,0,204,37.95,37.95,0.0,1286.406045,0.0
2019-02-26,12,0,205,41.59,41.59,0.0,1388.140129,0.0
2019-02-26,12,0,206,384.19,384.19,0.0,17313.270646,0.0
2019-02-26,12,0,210,1.13,1.13,0.0,17.779596,0.0
2019-02-26,12,0,214,8.19,8.19,0.0,148.59252,0.0
2019-02-26,12,0,217,5.3,5.3,0.0,90.394179,0.0
2019-02-26,12,0,218,7.32,7.32,0.0,124.8463,0.0
2019-02-26,12,0,219,4.98,4.98,0.0,84.936417,0.0
2019-02-26,12,0,221,4.37,4.37,0.0,79.28563,0.0
2019-02-26,12,0,225,4.65,4.65,0.0,76.963275,0.0
2019-02-26,12,0,233,5.07,5.07,0.0,102.973233,0.0
2019-02-26,12,0,236,12.52,12.52,0.0,325.372936,0.0
2019-02-26,12,0,237,27.71,27.71,0.0,784.523155,0.0
2019-02-26,12,0,238,48.28,48.28,0.0,1195.857605,0.0
2019-02-26,12,0,240,12.86,12.86,0.0,379.797884,0.0
2019-02-26,12,0,245,30.56,30.56,0.0,716.089372,0.0
2019-02-26,12,0,247,29.02,29.02,0.0,680.003717,0.0
2019-02-26,12,0,248,2.78,2.78,0.0,78.707123,0.0
2019-02-26,12,0,249,58.76,58.76,0.0,1376.878649,0.0
2019-02-26,12,0,251,15.04,15.04,0.0,366.44498,0.0
2019-02-26,12,0,252,22.49,22.49,0.0,542.513321,0.0
2019-02-26,12,0,254,14.08,14.08,0.0,389.979427,0.0
2019-02-26,12,0,255,6.45,6.45,0.0,178.648246,0.0
2019-02-26,12,0,258,16.28,16.28,0.0,478.142567,0.0
2019-02-26,12,0,260,6.5,6.5,0.0,164.034251,0.0
2019-02-26,12,0,265,81.83,81.83,0.0,3102.79093,0.0
2019-02-26,12,0,266,6.48,6.48,0.0,245.705551,0.0
2019-02-26,12,0,267,7.96,7.96,0.0,301.823485,0.0
2019-02-26,12,0,270,579.0,579.0,0.0,-579000.0,0.0
2019-02-26,12,0,272,150.39,150.39,0.0,-40053.576619,0.0
2019-02-26,12,0,273,33.25,33.25,0.0,-33250.0,0.0
2019-02-26,12,0,274,746.4,746.4,0.0,-746400.0,0.0
2019-02-26,12,0,275,1039.0,1039.0,0.0,-1039000.0,0.0
2019-02-26,12,0,276,7.45,7.45,0.0,-6718.925169,0.0
2019-02-26,12,0,277,8.84,8.84,0.0,-2467.840208,0.0
2019-02-26,12,0,278,14.14,14.14,0.0,-3947.427663,0.0
2019-02-26,12,0,279,264.6,264.6,0.0,-73867.705779,0.0
2019-02-26,12,0,281,1.44,1.44,0.0,64.693965,0.0
2019-02-26,12,0,282,223.76,223.76,0.0,10052.723363,0.0
2019-02-26,13,0,9,3.47,3.47,0.0,-1643.715986,0.0
2019-02-26,13,0,17,46.32,46.32,0.0,3545.93481,0.0
2019-02-26,13,0,19,136.89,136.89,0.0,10479.339727,0.0
2019-02-26,13,0,20,166.03,166.03,0.0,12710.094052,0.0
2019-02-26,13,0,21,79.42,79.42,0.0,-37620.727259,0.0
2019-02-26,13,0,22,282.26,282.26,0.0,-133704.689952,0.0
2019-02-26,13,0,23,87.84,87.84,0.0,-41609.225414,0.0
2019-02-26,13,0,24,153.4,153.4,0.0,-72664.562597,0.0
2019-02-26,13,0,29,5.33,5.33,0.0,25.998455,0.0
2019-02-26,13,0,30,797.01,797.01,0.0,-797010.0,0.0
2019-02-26,13,0,31,6.26,6.26,0.0,-6260.0,0.0
2019-02-26,13,0,32,4.66,4.66,0.0,129.533572,0.0
2019-02-26,13,0,33,1.9,1.9,0.0,233.16402,0.0
2019-02-26,13,0,34,3.03,3.03,0.0,371.835253,0.0
2019-02-26,13,0,35,3.03,3.03,0.0,371.835253,0.0
2019-02-26,13,0,36,10.31,10.31,0.0,-10.057609,0.0
2019-02-26,13,0,37,4.23,4.23,0.0,-12.147271,0.0
2019-02-26,13,0,38,5.44,5.44,0.0,-15.622022,0.0
2019-02-26,13,0,39,3.62,3.62,0.0,-10.395537,0.0
2019-02-26,13,0,40,3.62,3.62,0.0,-10.395537,0.0
2019-02-26,13,0,41,10.89,10.89,0.0,-908.544149,0.0
2019-02-26,13,0,42,60.36,60.36,0.0,4016.720364,0.0
2019-02-26,13,0,43,30.25,30.25,0.0,90.705932,0.0
2019-02-26,13,0,46,31.78,31.78,0.0,-547.840426,0.0
2019-02-26,13,0,52,6.63,6.63,0.0,-6630.0,0.0
2019-02-26,13,0,53,10.54,10.54,0.0,-10540.0,0.0
2019-02-26,13,0,55,174.56,174.56,0.0,-82687.914257,0.0
2019-02-26,13,0,56,235.09,235.09,0.0,-235090.0,0.0
2019-02-26,13,0,57,223.62,223.62,0.0,-223620.0,0.0
2019-02-26,13,0,58,430.04,430.04,0.0,-430040.0,0.0
2019-02-26,13,0,59,422.87,422.87,0.0,-422870.0,0.0
2019-02-26,13,0,63,49.94,49.94,0.0,5912.04925,0.0
2019-02-26,13,0,64,58.75,58.75,0.0,6955.003874,0.0
2019-02-26,13,0,65,3.73,3.73,0.0,278.608951,0.0
2019-02-26,13,0,67,444.58,444.58,0.0,-231643.586783,0.0
2019-02-26,13,0,68,34.0,34.0,0.0,-12397.572302,0.0
2019-02-26,13,0,69,1.9,1.9,0.0,233.16402,0.0
2019-02-26,13,0,74,19.02,19.02,0.0,434.125245,0.0
2019-02-26,13,0,77,60.0,60.0,0.0,-13568.410059,0.0
2019-02-26,13,0,78,45.36,45.36,0.0,-10257.718005,0.0
2019-02-26,13,0,79,26.25,26.25,0.0,-5936.179401,0.0
2019-02-26,13,0,80,42.45,42.45,0.0,-9599.650117,0.0
2019-02-26,13,0,81,55.5,55.5,0.0,-12550.779305,0.0
2019-02-26,13,0,82,39.15,39.15,0.0,-8853.387564,0.0
2019-02-26,13,0,83,87.3,87.3,0.0,-19742.036636,0.0
2019-02-26,13,0,84,0.0,0.0,0.0,-0.0,0.0
2019-02-26,13,0,86,9.6,9.6,0.0,1178.09189,0.0
2019-02-26,13,0,87,49.03,49.03,0.0,6016.858891,0.0
2019-02-26,13,0,88,51.18,51.18,0.0,-11573.85378,0.0
2019-02-26,13,0,89,49.2,49.2,0.0,-11126.096248,0.0
2019-02-26,13,0,90,66.06,66.06,0.0,-14938.819475,0.0
2019-02-26,13,0,91,235.65,235.65,0.0,-53289.930507,0.0
2019-02-26,13,0,92,84.75,84.75,0.0,-19165.379208,0.0
2019-02-26,13,0,95,47.77,47.77,0.0,1429.70777,0.0
2019-02-26,13,0,96,25.09,25.09,0.0,-2644.501823,0.0
2019-02-26,13,0,97,154.27,154.27,0.0,-16260.15529,0.0
2019-02-26,13,0,99,3.67,3.67,0.0,83.766543,0.0
2019-02-26,13,0,101,16.05,16.05,0.0,-16050.0,0.0
2019-02-26,13,0,102,80.5,80.5,0.0,-29353.075598,0.0
2019-02-26,13,0,103,70.0,70.0,0.0,-25524.413564,0.0
2019-02-26,13,0,104,13.0,13.0,0.0,-4740.248233,0.0
2019-02-26,13,0,106,277.86,277.86,0.0,-131620.439135,0.0
2019-02-26,13,0,109,6.44,6.44,0.0,-228.608511,0.0
2019-02-26,13,0,110,198.1,198.1,0.0,-198100.0,0.0
2019-02-26,13,0,111,22.71,22.71,0.0,-1894.677468,0.0
2019-02-26,13,0,113,45.0,45.0,0.0,-9967.025943,0.0
2019-02-26,13,0,115,45.0,45.0,0.0,-9967.025943,0.0
2019-02-26,13,0,116,153.97,153.97,0.0,-153970.0,0.0
2019-02-26,13,0,117,3.0,3.0,0.0,-664.468396,0.0
2019-02-26,13,0,119,58.75,58.75,0.0,6955.003874,0.0
2019-02-26,13,0,120,34.55,34.55,0.0,4090.134193,0.0
2019-02-26,13,0,123,4.63,4.63,0.0,-2193.200292,0.0
2019-02-26,13,0,125,139.29,139.29,0.0,-65980.74918,0.0
2019-02-26,13,0,126,208.39,208.39,0.0,-98712.960884,0.0
2019-02-26,13,0,127,267.44,267.44,0.0,-126684.554244,0.0
2019-02-26,13,0,128,196.63,196.63,0.0,-93142.326881,0.0
2019-02-26,13,0,131,30.0,30.0,0.0,-9685.908254,0.0
2019-02-26,13,0,132,44.1,44.1,0.0,-14238.285133,0.0
2019-02-26,13,0,133,26.13,26.13,0.0,2004.906146,0.0
2019-02-26,13,0,134,0.0,0.0,0.0,0.0,0.0
2019-02-26,13,0,135,35.01,35.01,0.0,2686.251978,0.0
2019-02-26,13,0,136,5.51,5.51,0.0,411.002132,0.0
2019-02-26,13,0,139,14.07,14.07,0.0,-1173.849052,0.0
2019-02-26,13,0,140,146.61,146.61,0.0,-146610.0,0.0
2019-02-26,13,0,141,230.0,230.0,0.0,-119839.005264,0.0
2019-02-26,13,0,142,586.29,586.29,0.0,-305480.0452,0.0
2019-02-26,13,0,143,8.34,8.34,0.0,-8340.0,0.0
2019-02-26,13,0,145,31.79,31.79,0.0,-3296.28391,0.0
2019-02-26,13,0,146,61.6,61.6,0.0,-61600.0,0.0
2019-02-26,13,0,152,6.03,6.03,0.0,141.840392,0.0
2019-02-26,13,0,153,7.8,7.8,0.0,164.748458,0.0
2019-02-26,13,0,154,93.69,93.69,0.0,-7816.483136,0.0
2019-02-26,13,0,157,195.56,195.56,0.0,-101894.416823,0.0
2019-02-26,13,0,158,433.49,433.49,0.0,-225865.262573,0.0
2019-02-26,13,0,159,0.0,0.0,0.0,0.0,0.0
2019-02-26,13,0,160,2.22,2.22,0.0,53.569815,0.0
2019-02-26,13,0,161,73.85,73.85,0.0,-26928.25631,0.0
2019-02-26,13,0,162,65.66,65.66,0.0,2036.455181,0.0
2019-02-26,13,0,163,104.55,104.55,0.0,-104550.0,0.0
2019-02-26,13,0,164,31.18,31.18,0.0,-31180.0,0.0
2019-02-26,13,0,167,4.51,4.51,0.0,123.962293,0.0
2019-02-26,13,0,168,2.25,2.25,0.0,61.843716,0.0
2019-02-26,13,0,169,0.0,0.0,0.0,0.0,0.0
2019-02-26,13,0,170,4.93,4.93,0.0,135.506454,0.0
2019-02-26,13,0,172,6.39,6.39,0.0,180.295234,0.0
2019-02-26,13,0,173,9.74,9.74,0.0,274.81621,0.0
2019-02-26,13,0,188,9.73,9.73,0.0,94.270911,0.0
2019-02-26,13,0,190,12.82,12.82,0.0,415.721282,0.0
2019-02-26,13,0,191,33.13,33.13,0.0,1074.324967,0.0
2019-02-26,13,0,192,332.6,332.6,0.0,10785.405497,0.0
2019-02-26,13,0,194,40.21,40.21,0.0,-4050.322165,0.0
2019-02-26,13,0,196,7.92,7.92,0.0,2246.732099,0.0
2019-02-26,13,0,198,7.4,7.4,0.0,368.108536,0.0
2019-02-26,13,0,199,23.6,23.6,0.0,1409.270918,0.0
2019-02-26,13,0,200,22.86,22.86,0.0,1365.081915,0.0
2019-02-26,13,0,204,34.18,34.18,0.0,-1405.049056,0.0
2019-02-26,13,0,205,34.09,34.09,0.0,-1210.134186,0.0
2019-02-26,13,0,206,453.31,453.31,0.0,-47779.159878,0.0
2019-02-26,13,0,210,1.58,1.58,0.0,11.329563,0.0
2019-02-26,13,0,214,7.86,7.86,0.0,1179.405425,0.0
2019-02-26,13,0,217,6.43,6.43,0.0,607.638331,0.0
2019-02-26,13,0,218,8.87,8.87,0.0,838.219595,0.0
2019-02-26,13,0,219,6.04,6.04,0.0,570.783129,0.0
2019-02-26,13,0,221,4.19,4.19,0.0,628.716123,0.0
2019-02-26,13,0,225,4.96,4.96,0.0,23.095403,0.0
2019-02-26,13,0,233,5.43,5.43,0.0,666.358225,0.0
2019-02-26,13,0,236,50.88,50.88,0.0,2597.374202,0.0
2019-02-26,13,0,237,45.62,45.62,0.0,1041.261498,0.0
2019-02-26,13,0,238,78.57,78.57,0.0,5228.524171,0.0
2019-02-26,13,0,240,11.68,11.68,0.0,-11.394071,0.0
2019-02-26,13,0,245,64.72,64.72,0.0,5396.919678,0.0
2019-02-26,13,0,247,67.34,67.34,0.0,5615.398194,0.0
2019-02-26,13,0,248,4.58,4.58,0.0,104.536994,0.0
2019-02-26,13,0,249,124.46,124.46,0.0,10378.563398,0.0
2019-02-26,13,0,251,12.43,12.43,0.0,890.51094,0.0
2019-02-26,13,0,252,24.03,24.03,0.0,1794.898955,0.0
2019-02-26,13,0,254,10.83,10.83,0.0,89.903204,0.0
2019-02-26,13,0,255,4.96,4.96,0.0,41.174505,0.0
2019-02-26,13,0,258,15.32,15.32,0.0,-5.111919,0.0
2019-02-26,13,0,260,5.39,5.39,0.0,130.06365,0.0
2019-02-26,13,0,265,97.01,97.01,0.0,-8093.468129,0.0
2019-02-26,13,0,266,9.11,9.11,0.0,-760.040147,0.0
2019-02-26,13,0,267,11.2,11.2,0.0,-934.407206,0.0
2019-02-26,13,0,270,325.32,325.32,0.0,-325320.0,0.0
2019-02-26,13,0,272,150.39,150.39,0.0,-33309.800701,0.0
2019-02-26,13,0,273,36.82,36.82,0.0,-36820.0,0.0
2019-02-26,13,0,274,419.18,419.18,0.0,-419180.0,0.0
2019-02-26,13,0,275,583.24,583.24,0.0,-583240.0,0.0
2019-02-26,13,0,276,7.81,7.81,0.0,-6974.784174,0.0
2019-02-26,13,0,277,9.18,9.18,0.0,-2050.389784,0.0
2019-02-26,13,0,278,14.68,14.68,0.0,-3278.836822,0.0
2019-02-26,13,0,279,378.16,378.16,0.0,-84463.55128,0.0
2019-02-26,13,0,281,2.81,2.81,0.0,-2810.0,0.0
2019-02-26,13,0,282,437.21,437.21,0.0,-437210.0,0.0
2019-02-26,14,0,9,3.61,3.61,0.0,-1394.62349,0.0
2019-02-26,14,0,17,48.01,48.01,0.0,1121.408594,0.0
2019-02-26,14,0,19,165.4,165.4,0.0,3863.382241,0.0
2019-02-26,14,0,20,200.6,200.6,0.0,4685.577252,0.0
2019-02-26,14,0,21,82.66,82.66,0.0,-31933.401021,0.0
2019-02-26,14,0,22,293.75,293.75,0.0,-113482.174568,0.0
2019-02-26,14,0,23,30.06,30.06,0.0,-11612.84823,0.0
2019-02-26,14,0,24,51.7,51.7,0.0,-19972.862724,0.0
2019-02-26,14,0,29,5.28,5.28,0.0,27.562699,0.0
2019-02-26,14,0,30,845.51,845.51,0.0,-845510.0,0.0
2019-02-26,14,0,31,8.05,8.05,0.0,-8050.0,0.0
2019-02-26,14,0,32,4.67,4.67,0.0,149.283596,0.0
2019-02-26,14,0,33,1.94,1.94,0.0,51.047738,0.0
2019-02-26,14,0,34,3.11,3.11,0.0,81.834261,0.0
2019-02-26,14,0,35,3.11,3.11,0.0,81.834261,0.0
2019-02-26,14,0,36,10.65,10.65,0.0,77.173263,0.0
2019-02-26,14,0,37,4.36,4.36,0.0,32.260719,0.0
2019-02-26,14,0,38,5.6,5.6,0.0,41.435786,0.0
2019-02-26,14,0,39,3.74,3.74,0.0,27.673186,0.0
2019-02-26,14,0,40,3.74,3.74,0.0,27.673186,0.0
2019-02-26,14,0,41,9.38,9.38,0.0,-44.252352,0.0
2019-02-26,14,0,42,63.49,63.49,0.0,1442.313372,0.0
2019-02-26,14,0,43,30.73,30.73,0.0,257.866629,0.0
2019-02-26,14,0,46,32.6,32.6,0.0,227.016854,0.0
2019-02-26,14,0,52,8.54,8.54,0.0,-8540.0,0.0
2019-02-26,14,0,53,13.56,13.56,0.0,-13560.0,0.0
2019-02-26,14,0,55,172.06,172.06,0.0,-66470.614319,0.0
2019-02-26,14,0,56,249.4,249.4,0.0,-249400.0,0.0
2019-02-26,14,0,57,237.23,237.23,0.0,-237230.0,0.0
2019-02-26,14,0,58,456.21,456.21,0.0,-456210.0,0.0
2019-02-26,14,0,59,448.61,448.61,0.0,-448610.0,0.0
2019-02-26,14,0,63,49.65,49.65,0.0,5371.229957,0.0
2019-02-26,14,0,64,58.41,58.41,0.0,6318.903158,0.0
2019-02-26,14,0,65,11.76,11.76,0.0,273.288364,0.0
2019-02-26,14,0,67,458.4,458.4,0.0,-255335.757547,0.0
2019-02-26,14,0,68,16.47,16.47,0.0,-6791.544093,0.0
2019-02-26,14,0,69,1.94,1.94,0.0,51.047738,0.0
2019-02-26,14,0,74,13.28,13.28,0.0,187.5327,0.0
2019-02-26,14,0,77,51.67,51.67,0.0,-15050.445882,0.0
2019-02-26,14,0,78,39.06,39.06,0.0,-11377.403061,0.0
2019-02-26,14,0,79,22.61,22.61,0.0,-6585.844424,0.0
2019-02-26,14,0,80,36.56,36.56,0.0,-10649.20266,0.0
2019-02-26,14,0,81,47.8,47.8,0.0,-13923.191662,0.0
2019-02-26,14,0,82,33.72,33.72,0.0,-9821.967005,0.0
2019-02-26,14,0,83,75.18,75.18,0.0,-21898.442451,0.0
2019-02-26,14,0,84,0.0,0.0,0.0,-0.0,0.0
2019-02-26,14,0,86,9.84,9.84,0.0,258.922549,0.0
2019-02-26,14,0,87,50.24,50.24,0.0,1321.978545,0.0
2019-02-26,14,0,88,42.21,42.21,0.0,-12294.935566,0.0
2019-02-26,14,0,89,40.58,40.58,0.0,-11820.148905,0.0
2019-02-26,14,0,90,54.48,54.48,0.0,-15868.943133,0.0
2019-02-26,14,0,91,194.34,194.34,0.0,-56607.386352,0.0
2019-02-26,14,0,92,69.89,69.89,0.0,-20357.570403,0.0
2019-02-26,14,0,95,58.72,58.72,0.0,2056.891677,0.0
2019-02-26,14,0,96,14.73,14.73,0.0,691.740135,0.0
2019-02-26,14,0,97,98.79,98.79,0.0,4639.308076,0.0
2019-02-26,14,0,99,2.56,2.56,0.0,36.150882,0.0
2019-02-26,14,0,101,17.03,17.03,0.0,-17030.0,0.0
2019-02-26,14,0,102,38.89,38.89,0.0,-16036.621115,0.0
2019-02-26,14,0,103,33.83,33.83,0.0,-13950.087229,0.0
2019-02-26,14,0,104,6.33,6.33,0.0,-2610.22915,0.0
2019-02-26,14,0,106,289.17,289.17,0.0,-111712.818451,0.0
2019-02-26,14,0,109,10.98,10.98,0.0,59.380793,0.0
2019-02-26,14,0,110,212.15,212.15,0.0,-212150.0,0.0
2019-02-26,14,0,111,24.25,24.25,0.0,-114.405069,0.0
2019-02-26,14,0,113,34.58,34.58,0.0,-9127.237648,0.0
2019-02-26,14,0,115,34.58,34.58,0.0,-9127.237648,0.0
2019-02-26,14,0,116,156.15,156.15,0.0,-156150.0,0.0
2019-02-26,14,0,117,2.31,2.31,0.0,-609.714256,0.0
2019-02-26,14,0,119,58.41,58.41,0.0,6318.903158,0.0
2019-02-26,14,0,120,34.35,34.35,0.0,3716.047312,0.0
2019-02-26,14,0,123,4.82,4.82,0.0,-1862.073469,0.0
2019-02-26,14,0,125,47.12,47.12,0.0,-18203.506606,0.0
2019-02-26,14,0,126,216.88,216.88,0.0,-83785.579644,0.0
2019-02-26,14,0,127,278.33,278.33,0.0,-107525.084758,0.0
2019-02-26,14,0,128,65.4,65.4,0.0,-25265.478185,0.0
2019-02-26,14,0,131,26.58,26.58,0.0,-9933.613847,0.0
2019-02-26,14,0,132,39.08,39.08,0.0,-14605.177921,0.0
2019-02-26,14,0,133,33.09,33.09,0.0,773.281038,0.0
2019-02-26,14,0,134,0.0,0.0,0.0,0.0,0.0
2019-02-26,14,0,135,44.34,44.34,0.0,1036.18257,0.0
2019-02-26,14,0,136,14.86,14.86,0.0,345.231581,0.0
2019-02-26,14,0,139,12.11,12.11,0.0,-57.131768,0.0
2019-02-26,14,0,140,157.01,157.01,0.0,-157010.0,0.0
2019-02-26,14,0,141,230.0,230.0,0.0,-128113.490916,0.0
2019-02-26,14,0,142,604.51,604.51,0.0,-336721.245189,0.0
2019-02-26,14,0,143,16.18,16.18,0.0,-16180.0,0.0
2019-02-26,14,0,145,8.93,8.93,0.0,20.69542,0.0
2019-02-26,14,0,146,123.39,123.39,0.0,-123390.0,0.0
2019-02-26,14,0,152,6.35,6.35,0.0,149.367577,0.0
2019-02-26,14,0,153,8.24,8.24,0.0,194.474777,0.0
2019-02-26,14,0,154,100.02,100.02,0.0,-471.867833,0.0
2019-02-26,14,0,157,250.0,250.0,0.0,-139253.794474,0.0
2019-02-26,14,0,158,459.59,459.59,0.0,-255998.605609,0.0
2019-02-26,14,0,159,0.0,0.0,0.0,0.0,0.0
2019-02-26,14,0,160,2.25,2.25,0.0,24.857742,0.0
2019-02-26,14,0,161,76.19,76.19,0.0,-31417.592255,0.0
2019-02-26,14,0,162,89.28,89.28,0.0,3199.880354,0.0
2019-02-26,14,0,163,130.61,130.61,0.0,-130610.0,0.0
2019-02-26,14,0,164,33.33,33.33,0.0,-33330.0,0.0
2019-02-26,14,0,167,4.61,4.61,0.0,151.56606,0.0
2019-02-26,14,0,168,2.3,2.3,0.0,75.618642,0.0
2019-02-26,14,0,169,0.0,0.0,0.0,0.0,0.0
2019-02-26,14,0,170,5.04,5.04,0.0,165.703458,0.0
2019-02-26,14,0,172,6.5,6.5,0.0,75.177358,0.0
2019-02-26,14,0,173,9.91,9.91,0.0,114.616557,0.0
2019-02-26,14,0,188,9.76,9.76,0.0,182.508427,0.0
2019-02-26,14,0,190,12.9,12.9,0.0,418.315487,0.0
2019-02-26,14,0,191,33.32,33.32,0.0,1080.486203,0.0
2019-02-26,14,0,192,329.76,329.76,0.0,10693.311235,0.0
2019-02-26,14,0,194,32.45,32.45,0.0,-4243.347799,0.0
2019-02-26,14,0,196,8.0,8.0,0.0,2085.230899,0.0
2019-02-26,14,0,198,7.7,7.7,0.0,109.710232,0.0
2019-02-26,14,0,199,63.63,63.63,0.0,-1814.729007,0.0
2019-02-26,14,0,200,23.25,23.25,0.0,-663.090514,0.0
2019-02-26,14,0,204,64.58,64.58,0.0,340.972227,0.0
2019-02-26,14,0,205,58.07,58.07,0.0,314.047601,0.0
2019-02-26,14,0,206,349.72,349.72,0.0,16423.310256,0.0
2019-02-26,14,0,210,1.57,1.57,0.0,10.090476,0.0
2019-02-26,14,0,214,7.85,7.85,0.0,218.652026,0.0
2019-02-26,14,0,217,6.51,6.51,0.0,120.011397,0.0
2019-02-26,14,0,218,8.99,8.99,0.0,165.730024,0.0
2019-02-26,14,0,219,6.12,6.12,0.0,112.821774,0.0
2019-02-26,14,0,221,4.19,4.19,0.0,116.707259,0.0
2019-02-26,14,0,225,4.99,4.99,0.0,25.46726,0.0
2019-02-26,14,0,233,5.57,5.57,0.0,146.564898,0.0
2019-02-26,14,0,236,19.34,19.34,0.0,437.439024,0.0
2019-02-26,14,0,237,31.86,31.86,0.0,449.909022,0.0
2019-02-26,14,0,238,82.63,82.63,0.0,1877.120081,0.0
2019-02-26,14,0,240,12.07,12.07,0.0,87.463031,0.0
2019-02-26,14,0,245,78.0,78.0,0.0,1856.043861,0.0
2019-02-26,14,0,247,94.62,94.62,0.0,2251.523976,0.0
2019-02-26,14,0,248,3.2,3.2,0.0,45.188602,0.0
2019-02-26,14,0,249,150.0,150.0,0.0,3569.315117,0.0
2019-02-26,14,0,251,54.32,54.32,0.0,1251.718454,0.0
2019-02-26,14,0,252,75.84,75.84,0.0,1762.431082,0.0
2019-02-26,14,0,254,11.03,11.03,0.0,99.909515,0.0
2019-02-26,14,0,255,5.05,5.05,0.0,45.742797,0.0
2019-02-26,14,0,258,15.76,15.76,0.0,117.116507,0.0
2019-02-26,14,0,260,5.47,5.47,0.0,60.431932,0.0
2019-02-26,14,0,265,103.56,103.56,0.0,-488.568615,0.0
2019-02-26,14,0,266,7.84,7.84,0.0,-36.987041,0.0
2019-02-26,14,0,267,9.64,9.64,0.0,-45.478963,0.0
2019-02-26,14,0,270,454.05,454.05,0.0,-454050.0,0.0
2019-02-26,14,0,272,115.56,115.56,0.0,-30501.549527,0.0
2019-02-26,14,0,273,37.34,37.34,0.0,-37340.0,0.0
2019-02-26,14,0,274,605.65,605.65,0.0,-605650.0,0.0
2019-02-26,14,0,275,880.86,880.86,0.0,-880860.0,0.0
2019-02-26,14,0,276,8.0,8.0,0.0,-7208.726718,0.0
2019-02-26,14,0,277,9.41,9.41,0.0,-2586.850833,0.0
2019-02-26,14,0,278,15.05,15.05,0.0,-4137.311906,0.0
2019-02-26,14,0,279,218.48,218.48,0.0,-60061.123265,0.0
2019-02-26,14,0,281,3.61,3.61,0.0,-3610.0,0.0
2019-02-26,14,0,282,463.81,463.81,0.0,-463810.0,0.0
2019-02-26,15,0,9,3.46,3.46,0.0,-1317.958688,0.0
2019-02-26,15,0,17,46.23,46.23,0.0,428.93864,0.0
2019-02-26,15,0,19,192.99,192.99,0.0,1790.630933,0.0
2019-02-26,15,0,20,234.06,234.06,0.0,2171.693229,0.0
2019-02-26,15,0,21,79.16,79.16,0.0,-30153.066395,0.0
2019-02-26,15,0,22,281.35,281.35,0.0,-107169.848791,0.0
2019-02-26,15,0,23,16.09,16.09,0.0,-6128.888811,0.0
2019-02-26,15,0,24,28.48,28.48,0.0,-10848.399835,0.0
2019-02-26,15,0,29,5.02,5.02,0.0,56.24146,0.0
2019-02-26,15,0,30,809.09,809.09,0.0,-809090.0,0.0
2019-02-26,15,0,31,10.51,10.51,0.0,-10510.0,0.0
2019-02-26,15,0,32,4.51,4.51,0.0,156.522039,0.0
2019-02-26,15,0,33,1.91,1.91,0.0,19.552193,0.0
2019-02-26,15,0,34,3.06,3.06,0.0,31.324456,0.0
2019-02-26,15,0,35,3.06,3.06,0.0,31.324456,0.0
2019-02-26,15,0,36,10.45,10.45,0.0,88.711849,0.0
2019-02-26,15,0,37,4.27,4.27,0.0,36.772233,0.0
2019-02-26,15,0,38,5.49,5.49,0.0,47.278586,0.0
2019-02-26,15,0,39,3.66,3.66,0.0,31.519057,0.0
2019-02-26,15,0,40,3.66,3.66,0.0,31.519057,0.0
2019-02-26,15,0,41,16.16,16.16,0.0,-1.526194,0.0
2019-02-26,15,0,42,61.36,61.36,0.0,556.573003,0.0
2019-02-26,15,0,43,30.24,30.24,0.0,269.302371,0.0
2019-02-26,15,0,46,31.63,31.63,0.0,278.604291,0.0
2019-02-26,15,0,52,11.14,11.14,0.0,-11140.0,0.0
2019-02-26,15,0,53,17.69,17.69,0.0,-17690.0,0.0
2019-02-26,15,0,55,172.25,172.25,0.0,-65612.249704,0.0
2019-02-26,15,0,56,238.65,238.65,0.0,-238650.0,0.0
2019-02-26,15,0,57,227.01,227.01,0.0,-227010.0,0.0
2019-02-26,15,0,58,436.56,436.56,0.0,-436560.0,0.0
2019-02-26,15,0,59,429.28,429.28,0.0,-429280.0,0.0
2019-02-26,15,0,63,51.0,51.0,0.0,5473.415216,0.0
2019-02-26,15,0,64,60.0,60.0,0.0,6439.312019,0.0
2019-02-26,15,0,65,26.98,26.98,0.0,249.288997,0.0
2019-02-26,15,0,67,441.88,441.88,0.0,-246901.101312,0.0
2019-02-26,15,0,68,20.54,20.54,0.0,-8517.152533,0.0
2019-02-26,15,0,69,1.91,1.91,0.0,19.552193,0.0
2019-02-26,15,0,74,10.16,10.16,0.0,79.369854,0.0
2019-02-26,15,0,77,34.21,34.21,0.0,-10075.07108,0.0
2019-02-26,15,0,78,25.86,25.86,0.0,-7615.940898,0.0
2019-02-26,15,0,79,14.97,14.97,0.0,-4408.76393,0.0
2019-02-26,15,0,80,24.2,24.2,0.0,-7127.059928,0.0
2019-02-26,15,0,81,31.64,31.64,0.0,-9318.189096,0.0
2019-02-26,15,0,82,22.32,22.32,0.0,-6573.387504,0.0
2019-02-26,15,0,83,49.78,49.78,0.0,-14660.538975,0.0
2019-02-26,15,0,84,0.0,0.0,0.0,-0.0,0.0
2019-02-26,15,0,86,9.68,9.68,0.0,99.091743,0.0
2019-02-26,15,0,87,49.43,49.43,0.0,506.002567,0.0
2019-02-26,15,0,88,28.89,28.89,0.0,-8508.295922,0.0
2019-02-26,15,0,89,27.77,27.77,0.0,-8178.44852,0.0
2019-02-26,15,0,90,37.29,37.29,0.0,-10982.151434,0.0
2019-02-26,15,0,91,133.03,133.03,0.0,-39178.21414,0.0
2019-02-26,15,0,92,47.84,47.84,0.0,-14089.196155,0.0
2019-02-26,15,0,95,71.07,71.07,0.0,1806.151193,0.0
2019-02-26,15,0,96,7.99,7.99,0.0,450.537327,0.0
2019-02-26,15,0,97,49.15,49.15,0.0,2771.453021,0.0
2019-02-26,15,0,99,1.96,1.96,0.0,15.311507,0.0
2019-02-26,15,0,101,16.3,16.3,0.0,-16300.0,0.0
2019-02-26,15,0,102,48.62,48.62,0.0,-20160.85473,0.0
2019-02-26,15,0,103,42.28,42.28,0.0,-17531.899177,0.0
2019-02-26,15,0,104,7.85,7.85,0.0,-3255.094809,0.0
2019-02-26,15,0,106,276.96,276.96,0.0,-105497.641092,0.0
2019-02-26,15,0,109,20.2,20.2,0.0,173.67139,0.0
2019-02-26,15,0,110,252.8,252.8,0.0,-252800.0,0.0
2019-02-26,15,0,111,23.36,23.36,0.0,-2.206181,0.0
2019-02-26,15,0,113,26.08,26.08,0.0,-6932.217267,0.0
2019-02-26,15,0,115,26.08,26.08,0.0,-6932.217267,0.0
2019-02-26,15,0,116,149.76,149.76,0.0,-149760.0,0.0
2019-02-26,15,0,117,1.74,1.74,0.0,-462.502226,0.0
2019-02-26,15,0,119,60.0,60.0,0.0,6439.312019,0.0
2019-02-26,15,0,120,35.28,35.28,0.0,3786.315467,0.0
2019-02-26,15,0,123,4.62,4.62,0.0,-1759.81767,0.0
2019-02-26,15,0,125,25.77,25.77,0.0,-9816.125834,0.0
2019-02-26,15,0,126,207.72,207.72,0.0,-79123.230819,0.0
2019-02-26,15,0,127,266.57,266.57,0.0,-101539.9559,0.0
2019-02-26,15,0,128,36.91,36.91,0.0,-14059.495713,0.0
2019-02-26,15,0,131,42.99,42.99,0.0,-16171.971081,0.0
2019-02-26,15,0,132,63.26,63.26,0.0,-23797.136324,0.0
2019-02-26,15,0,133,41.94,41.94,0.0,389.286958,0.0
2019-02-26,15,0,134,0.0,0.0,0.0,0.0,0.0
2019-02-26,15,0,135,56.2,56.2,0.0,521.648237,0.0
2019-02-26,15,0,136,31.27,31.27,0.0,288.861362,0.0
2019-02-26,15,0,139,21.01,21.01,0.0,-1.984241,0.0
2019-02-26,15,0,140,187.1,187.1,0.0,-187100.0,0.0
2019-02-26,15,0,141,230.0,230.0,0.0,-128512.83901,0.0
2019-02-26,15,0,142,582.72,582.72,0.0,-325595.658905,0.0
2019-02-26,15,0,143,28.83,28.83,0.0,-28830.0,0.0
2019-02-26,15,0,145,3.39,3.39,0.0,30.713419,0.0
2019-02-26,15,0,146,222.66,222.66,0.0,-222660.0,0.0
2019-02-26,15,0,152,6.16,6.16,0.0,51.700621,0.0
2019-02-26,15,0,153,8.02,8.02,0.0,67.024712,0.0
2019-02-26,15,0,154,96.37,96.37,0.0,-9.101443,0.0
2019-02-26,15,0,157,250.0,250.0,0.0,-139687.868489,0.0
2019-02-26,15,0,158,440.08,440.08,0.0,-245895.348659,0.0
2019-02-26,15,0,159,0.0,0.0,0.0,0.0,0.0
2019-02-26,15,0,160,2.17,2.17,0.0,20.707432,0.0
2019-02-26,15,0,161,72.82,72.82,0.0,-30195.669302,0.0
2019-02-26,15,0,162,117.74,117.74,0.0,3085.996013,0.0
2019-02-26,15,0,163,142.89,142.89,0.0,-142890.0,0.0
2019-02-26,15,0,164,31.56,31.56,0.0,-31560.0,0.0
2019-02-26,15,0,167,4.37,4.37,0.0,99.783769,0.0
2019-02-26,15,0,168,2.18,2.18,0.0,49.777715,0.0
2019-02-26,15,0,169,0.0,0.0,0.0,0.0,0.0
2019-02-26,15,0,170,4.78,4.78,0.0,109.145633,0.0
2019-02-26,15,0,172,6.23,6.23,0.0,77.883134,0.0
2019-02-26,15,0,173,9.49,9.49,0.0,118.63739,0.0
2019-02-26,15,0,188,9.47,9.47,0.0,177.014442,0.0
2019-02-26,15,0,190,12.17,12.17,0.0,394.64337,0.0
2019-02-26,15,0,191,31.45,31.45,0.0,1019.846671,0.0
2019-02-26,15,0,192,332.6,332.6,0.0,10785.405497,0.0
2019-02-26,15,0,194,33.38,33.38,0.0,-4398.598085,0.0
2019-02-26,15,0,196,7.61,7.61,0.0,1974.262311,0.0
2019-02-26,15,0,198,7.49,7.49,0.0,79.647069,0.0
2019-02-26,15,0,199,91.99,91.99,0.0,-2530.378569,0.0
2019-02-26,15,0,200,22.51,22.51,0.0,-619.184929,0.0
2019-02-26,15,0,204,120.27,120.27,0.0,1045.567282,0.0
2019-02-26,15,0,205,106.84,106.84,0.0,918.566897,0.0
2019-02-26,15,0,206,144.41,144.41,0.0,8142.940606,0.0
2019-02-26,15,0,210,1.51,1.51,0.0,17.181993,0.0
2019-02-26,15,0,214,7.66,7.66,0.0,82.663066,0.0
2019-02-26,15,0,217,6.28,6.28,0.0,69.501255,0.0
2019-02-26,15,0,218,8.67,8.67,0.0,95.951573,0.0
2019-02-26,15,0,219,5.9,5.9,0.0,65.295765,0.0
2019-02-26,15,0,221,4.09,4.09,0.0,44.137329,0.0
2019-02-26,15,0,225,4.7,4.7,0.0,52.576768,0.0
2019-02-26,15,0,233,5.48,5.48,0.0,56.097392,0.0
2019-02-26,15,0,236,20.61,20.61,0.0,181.42942,0.0
2019-02-26,15,0,237,24.38,24.38,0.0,190.456401,0.0
2019-02-26,15,0,238,79.86,79.86,0.0,724.3794,0.0
2019-02-26,15,0,240,11.85,11.85,0.0,100.59669,0.0
2019-02-26,15,0,245,78.0,78.0,0.0,734.781233,0.0
2019-02-26,15,0,247,148.14,148.14,0.0,1395.519126,0.0
2019-02-26,15,0,248,2.45,2.45,0.0,19.139384,0.0
2019-02-26,15,0,249,150.0,150.0,0.0,1413.040833,0.0
2019-02-26,15,0,251,147.89,147.89,0.0,1357.099247,0.0
2019-02-26,15,0,252,174.05,174.05,0.0,1608.181982,0.0
2019-02-26,15,0,254,11.05,11.05,0.0,100.172351,0.0
2019-02-26,15,0,255,5.06,5.06,0.0,45.870778,0.0
2019-02-26,15,0,258,15.37,15.37,0.0,131.512065,0.0
2019-02-26,15,0,260,5.26,5.26,0.0,50.194053,0.0
2019-02-26,15,0,265,99.78,99.78,0.0,-9.423492,0.0
2019-02-26,15,0,266,13.44,13.44,0.0,-1.26931,0.0
2019-02-26,15,0,267,16.62,16.62,0.0,-1.569638,0.0
2019-02-26,15,0,270,466.38,466.38,0.0,-466380.0,0.0
2019-02-26,15,0,272,87.17,87.17,0.0,-23170.29828,0.0
2019-02-26,15,0,273,35.81,35.81,0.0,-35810.0,0.0
2019-02-26,15,0,274,614.3,614.3,0.0,-614300.0,0.0
2019-02-26,15,0,275,881.73,881.73,0.0,-881730.0,0.0
2019-02-26,15,0,276,7.71,7.71,0.0,-6950.399374,0.0
2019-02-26,15,0,277,8.99,8.99,0.0,-2493.039045,0.0
2019-02-26,15,0,278,14.38,14.38,0.0,-3987.753223,0.0
2019-02-26,15,0,279,157.87,157.87,0.0,-43779.318586,0.0
2019-02-26,15,0,281,4.72,4.72,0.0,-4720.0,0.0
2019-02-26,15,0,282,443.84,443.84,0.0,-443840.0,0.0
2019-02-26,16,0,9,3.6,3.6,0.0,19.984041,0.0
2019-02-26,16,0,17,47.28,47.28,0.0,445.717874,0.0
2019-02-26,16,0,19,332.0,332.0,0.0,3129.829403,0.0
2019-02-26,16,0,20,419.03,419.03,0.0,3950.278358,0.0
2019-02-26,16,0,21,82.34,82.34,0.0,457.07943,0.0
2019-02-26,16,0,22,292.63,292.63,0.0,1624.424991,0.0
2019-02-26,16,0,23,10.79,10.79,0.0,59.896612,0.0
2019-02-26,16,0,24,19.1,19.1,0.0,106.026441,0.0
2019-02-26,16,0,29,4.54,4.54,0.0,49.135013,0.0
2019-02-26,16,0,30,703.13,703.13,0.0,3885.877864,0.0
2019-02-26,16,0,31,13.54,13.54,0.0,74.829386,0.0
2019-02-26,16,0,32,3.73,3.73,0.0,148.307286,0.0
2019-02-26,16,0,33,1.77,1.77,0.0,17.893724,0.0
2019-02-26,16,0,34,2.83,2.83,0.0,28.609739,0.0
2019-02-26,16,0,35,2.83,2.83,0.0,28.609739,0.0
2019-02-26,16,0,36,9.15,9.15,0.0,76.790076,0.0
2019-02-26,16,0,37,4.09,4.09,0.0,34.28182,0.0
2019-02-26,16,0,38,5.26,5.26,0.0,44.088599,0.0
2019-02-26,16,0,39,3.5,3.5,0.0,29.33652,0.0
2019-02-26,16,0,40,3.5,3.5,0.0,29.33652,0.0
2019-02-26,16,0,41,26.92,26.92,0.0,183.901734,0.0
2019-02-26,16,0,42,77.4,77.4,0.0,718.218502,0.0
2019-02-26,16,0,43,25.77,25.77,0.0,221.123103,0.0
2019-02-26,16,0,46,25.65,25.65,0.0,208.315344,0.0
2019-02-26,16,0,52,14.36,14.36,0.0,79.361151,0.0
2019-02-26,16,0,53,22.81,22.81,0.0,126.060436,0.0
2019-02-26,16,0,55,174.13,174.13,0.0,966.616969,0.0
2019-02-26,16,0,56,207.4,207.4,0.0,1146.204925,0.0
2019-02-26,16,0,57,197.28,197.28,0.0,1090.276314,0.0
2019-02-26,16,0,58,379.39,379.39,0.0,2096.714978,0.0
2019-02-26,16,0,59,373.06,373.06,0.0,2061.731964,0.0
2019-02-26,16,0,63,51.0,51.0,0.0,5671.141657,0.0
2019-02-26,16,0,64,60.0,60.0,0.0,6671.931361,0.0
2019-02-26,16,0,65,41.4,41.4,0.0,389.148615,0.0
2019-02-26,16,0,67,382.21,382.21,0.0,-213043.448002,0.0
2019-02-26,16,0,68,15.75,15.75,0.0,-6502.663948,0.0
2019-02-26,16,0,69,1.77,1.77,0.0,17.893724,0.0
2019-02-26,16,0,74,5.61,5.61,0.0,48.356769,0.0
2019-02-26,16,0,77,25.14,25.14,0.0,-7350.418206,0.0
2019-02-26,16,0,78,19.0,19.0,0.0,-5555.208668,0.0
2019-02-26,16,0,79,11.0,11.0,0.0,-3216.173439,0.0
2019-02-26,16,0,80,17.78,17.78,0.0,-5198.505796,0.0
2019-02-26,16,0,81,23.25,23.25,0.0,-6797.821133,0.0
2019-02-26,16,0,82,16.4,16.4,0.0,-4795.022219,0.0
2019-02-26,16,0,83,36.57,36.57,0.0,-10692.314789,0.0
2019-02-26,16,0,84,0.0,0.0,0.0,0.0,0.0
2019-02-26,16,0,86,8.95,8.95,0.0,90.479563,0.0
2019-02-26,16,0,87,45.69,45.69,0.0,461.900697,0.0
2019-02-26,16,0,88,23.49,23.49,0.0,-6867.99219,0.0
2019-02-26,16,0,89,22.59,22.59,0.0,-6604.850727,0.0
2019-02-26,16,0,90,30.32,30.32,0.0,-8864.943517,0.0
2019-02-26,16,0,91,108.17,108.17,0.0,-31626.680086,0.0
2019-02-26,16,0,92,38.9,38.9,0.0,-11373.5588,0.0
2019-02-26,16,0,95,85.48,85.48,0.0,2172.362516,0.0
2019-02-26,16,0,96,5.51,5.51,0.0,30.309706,0.0
2019-02-26,16,0,97,33.85,33.85,0.0,186.203909,0.0
2019-02-26,16,0,99,1.23,1.23,0.0,10.602286,0.0
2019-02-26,16,0,101,14.16,14.16,0.0,78.255843,0.0
2019-02-26,16,0,102,37.28,37.28,0.0,-15391.702348,0.0
2019-02-26,16,0,103,32.42,32.42,0.0,-13385.166044,0.0
2019-02-26,16,0,104,6.02,6.02,0.0,-2485.462665,0.0
2019-02-26,16,0,106,288.07,288.07,0.0,1599.111872,0.0
2019-02-26,16,0,109,36.14,36.14,0.0,277.439265,0.0
2019-02-26,16,0,110,322.99,322.99,0.0,-322990.0,0.0
2019-02-26,16,0,111,21.81,21.81,0.0,148.993195,0.0
2019-02-26,16,0,113,23.62,23.62,0.0,-6223.273369,0.0
2019-02-26,16,0,115,23.62,23.62,0.0,-6223.273369,0.0
2019-02-26,16,0,116,129.15,129.15,0.0,-129150.0,0.0
2019-02-26,16,0,117,1.57,1.57,0.0,-413.655342,0.0
2019-02-26,16,0,119,60.0,60.0,0.0,6671.931361,0.0
2019-02-26,16,0,120,35.28,35.28,0.0,3923.095641,0.0
2019-02-26,16,0,123,4.8,4.8,0.0,26.645388,0.0
2019-02-26,16,0,125,17.28,17.28,0.0,95.923398,0.0
2019-02-26,16,0,126,216.05,216.05,0.0,1199.320026,0.0
2019-02-26,16,0,127,277.26,277.26,0.0,1539.104237,0.0
2019-02-26,16,0,128,24.75,24.75,0.0,137.390283,0.0
2019-02-26,16,0,131,12.08,12.08,0.0,-4521.153464,0.0
2019-02-26,16,0,132,17.76,17.76,0.0,-6646.993834,0.0
2019-02-26,16,0,133,50.5,50.5,0.0,476.204157,0.0
2019-02-26,16,0,134,0.0,0.0,0.0,0.0,0.0
2019-02-26,16,0,135,64.2,64.2,0.0,605.392215,0.0
2019-02-26,16,0,136,45.9,45.9,0.0,431.378153,0.0
2019-02-26,16,0,139,35.05,35.05,0.0,239.441151,0.0
2019-02-26,16,0,140,239.04,239.04,0.0,-239040.0,0.0
2019-02-26,16,0,141,230.0,230.0,0.0,-128201.755685,0.0
2019-02-26,16,0,142,504.04,504.04,0.0,-280951.36059,0.0
2019-02-26,16,0,143,47.58,47.58,0.0,262.952895,0.0
2019-02-26,16,0,145,4.58,4.58,0.0,28.967044,0.0
2019-02-26,16,0,146,268.0,268.0,0.0,-268000.0,0.0
2019-02-26,16,0,152,5.88,5.88,0.0,50.872142,0.0
2019-02-26,16,0,153,7.56,7.56,0.0,65.142873,0.0
2019-02-26,16,0,154,89.98,89.98,0.0,614.690863,0.0
2019-02-26,16,0,157,250.0,250.0,0.0,-139349.734441,0.0
2019-02-26,16,0,158,386.24,386.24,0.0,-215289.765721,0.0
2019-02-26,16,0,159,0.0,0.0,0.0,0.0,0.0
2019-02-26,16,0,160,1.72,1.72,0.0,15.810923,0.0
2019-02-26,16,0,161,71.09,71.09,0.0,-29350.754289,0.0
2019-02-26,16,0,162,152.03,152.03,0.0,3984.088014,0.0
2019-02-26,16,0,163,141.81,141.81,0.0,-141810.0,0.0
2019-02-26,16,0,164,27.12,27.12,0.0,149.879834,0.0
2019-02-26,16,0,167,4.07,4.07,0.0,92.176801,0.0
2019-02-26,16,0,168,2.04,2.04,0.0,46.20164,0.0
2019-02-26,16,0,169,0.0,0.0,0.0,0.0,0.0
2019-02-26,16,0,170,4.46,4.46,0.0,101.009468,0.0
2019-02-26,16,0,172,5.48,5.48,0.0,79.225235,0.0
2019-02-26,16,0,173,8.34,8.34,0.0,120.572712,0.0
2019-02-26,16,0,188,7.68,7.68,0.0,173.18219,0.0
2019-02-26,16,0,190,10.29,10.29,0.0,333.679563,0.0
2019-02-26,16,0,191,26.58,26.58,0.0,861.924468,0.0
2019-02-26,16,0,192,332.6,332.6,0.0,10785.405497,0.0
2019-02-26,16,0,194,43.05,43.05,0.0,-5550.147728,0.0
2019-02-26,16,0,196,6.78,6.78,0.0,1788.691315,0.0
2019-02-26,16,0,198,6.05,6.05,0.0,61.905379,0.0
2019-02-26,16,0,199,127.84,127.84,0.0,-3495.042429,0.0
2019-02-26,16,0,200,13.44,13.44,0.0,-367.438754,0.0
2019-02-26,16,0,204,209.35,209.35,0.0,1586.844974,0.0
2019-02-26,16,0,205,191.2,191.2,0.0,1467.802641,0.0
2019-02-26,16,0,206,99.48,99.48,0.0,547.22496,0.0
2019-02-26,16,0,210,1.22,1.22,0.0,13.372926,0.0
2019-02-26,16,0,214,8.62,8.62,0.0,90.621337,0.0
2019-02-26,16,0,217,5.89,5.89,0.0,63.113774,0.0
2019-02-26,16,0,218,8.13,8.13,0.0,87.116296,0.0
2019-02-26,16,0,219,5.54,5.54,0.0,59.36338,0.0
2019-02-26,16,0,221,4.6,4.6,0.0,48.359414,0.0
2019-02-26,16,0,225,4.92,4.92,0.0,53.181722,0.0
2019-02-26,16,0,233,5.06,5.06,0.0,51.153809,0.0
2019-02-26,16,0,236,22.11,22.11,0.0,200.147534,0.0
2019-02-26,16,0,237,12.82,12.82,0.0,110.505129,0.0
2019-02-26,16,0,238,100.74,100.74,0.0,934.79757,0.0
2019-02-26,16,0,240,10.37,10.37,0.0,87.028753,0.0
2019-02-26,16,0,245,78.0,78.0,0.0,743.20113,0.0
2019-02-26,16,0,247,171.72,171.72,0.0,1636.185872,0.0
2019-02-26,16,0,248,1.51,1.51,0.0,13.015815,0.0
2019-02-26,16,0,249,150.0,150.0,0.0,1429.232942,0.0
2019-02-26,16,0,251,315.09,315.09,0.0,2947.547382,0.0
2019-02-26,16,0,252,267.06,267.06,0.0,2510.290557,0.0
2019-02-26,16,0,254,9.31,9.31,0.0,81.314954,0.0
2019-02-26,16,0,255,4.27,4.27,0.0,37.294829,0.0
2019-02-26,16,0,258,12.73,12.73,0.0,107.221826,0.0
2019-02-26,16,0,260,4.17,4.17,0.0,38.332297,0.0
2019-02-26,16,0,265,93.16,93.16,0.0,636.414768,0.0
2019-02-26,16,0,266,22.35,22.35,0.0,152.68216,0.0
2019-02-26,16,0,267,27.69,27.69,0.0,189.161925,0.0
2019-02-26,16,0,270,383.27,383.27,0.0,-383270.0,0.0
2019-02-26,16,0,272,78.93,78.93,0.0,-20796.061263,0.0
2019-02-26,16,0,273,30.88,30.88,0.0,-30880.0,0.0
2019-02-26,16,0,274,478.31,478.31,0.0,-478310.0,0.0
2019-02-26,16,0,275,641.24,641.24,0.0,-641240.0,0.0
2019-02-26,16,0,276,7.0,7.0,0.0,-6308.235677,0.0
2019-02-26,16,0,277,8.16,8.16,0.0,-2244.514785,0.0
2019-02-26,16,0,278,13.05,13.05,0.0,-3589.573277,0.0
2019-02-26,16,0,279,303.45,303.45,0.0,-83467.893553,0.0
2019-02-26,16,0,281,6.08,6.08,0.0,33.601379,0.0
2019-02-26,16,0,282,385.71,385.71,0.0,2131.642727,0.0
2019-02-26,17,0,9,2.7,2.7,0.0,20.296843,0.0
2019-02-26,17,0,17,35.65,35.65,0.0,336.474044,0.0
2019-02-26,17,0,19,284.63,284.63,0.0,2686.41254,0.0
2019-02-26,17,0,20,342.76,342.76,0.0,3235.058716,0.0
2019-02-26,17,0,21,61.66,61.66,0.0,463.519752,0.0
2019-02-26,17,0,22,219.12,219.12,0.0,1647.201557,0.0
2019-02-26,17,0,23,16.46,16.46,0.0,123.735568,0.0
2019-02-26,17,0,24,29.28,29.28,0.0,220.107985,0.0
2019-02-26,17,0,29,3.31,3.31,0.0,33.529782,0.0
2019-02-26,17,0,30,522.58,522.58,0.0,3922.050587,0.0
2019-02-26,17,0,31,16.73,16.73,0.0,125.561457,0.0
2019-02-26,17,0,32,2.62,2.62,0.0,104.729151,0.0
2019-02-26,17,0,33,1.32,1.32,0.0,12.904813,0.0
2019-02-26,17,0,34,2.1,2.1,0.0,20.530385,0.0
2019-02-26,17,0,35,2.1,2.1,0.0,20.530385,0.0
2019-02-26,17,0,36,6.72,6.72,0.0,59.978785,0.0
2019-02-26,17,0,37,3.03,3.03,0.0,27.028246,0.0
2019-02-26,17,0,38,3.9,3.9,0.0,34.788832,0.0
2019-02-26,17,0,39,2.6,2.6,0.0,23.192555,0.0
2019-02-26,17,0,40,2.6,2.6,0.0,23.192555,0.0
2019-02-26,17,0,41,12.3,12.3,0.0,100.267631,0.0
2019-02-26,17,0,42,57.27,57.27,0.0,536.33191,0.0
2019-02-26,17,0,43,19.01,19.01,0.0,171.44594,0.0
2019-02-26,17,0,46,18.94,18.94,0.0,166.504575,0.0
2019-02-26,17,0,52,17.73,17.73,0.0,133.066625,0.0
2019-02-26,17,0,53,28.17,28.17,0.0,211.420577,0.0
2019-02-26,17,0,55,210.35,210.35,0.0,1581.274404,0.0
2019-02-26,17,0,56,154.14,154.14,0.0,1156.846564,0.0
2019-02-26,17,0,57,146.62,146.62,0.0,1100.407702,0.0
2019-02-26,17,0,58,281.97,281.97,0.0,2116.232163,0.0
2019-02-26,17,0,59,277.27,277.27,0.0,2080.957875,0.0
2019-02-26,17,0,63,95.49,95.49,0.0,10619.122475,0.0
2019-02-26,17,0,64,112.31,112.31,0.0,12489.618234,0.0
2019-02-26,17,0,65,41.4,41.4,0.0,390.180405,0.0
2019-02-26,17,0,67,285.35,285.35,0.0,-159153.503802,0.0
2019-02-26,17,0,68,7.84,7.84,0.0,-3240.515992,0.0
2019-02-26,17,0,69,1.32,1.32,0.0,12.904813,0.0
2019-02-26,17,0,74,12.31,12.31,0.0,111.259052,0.0
2019-02-26,17,0,77,24.54,24.54,0.0,-7190.661069,0.0
2019-02-26,17,0,78,18.55,18.55,0.0,-5435.483408,0.0
2019-02-26,17,0,79,10.73,10.73,0.0,-3144.082855,0.0
2019-02-26,17,0,80,17.36,17.36,0.0,-5086.792019,0.0
2019-02-26,17,0,81,22.69,22.69,0.0,-6648.577818,0.0
2019-02-26,17,0,82,16.01,16.01,0.0,-4691.217755,0.0
2019-02-26,17,0,83,35.7,35.7,0.0,-10460.741652,0.0
2019-02-26,17,0,84,0.0,0.0,0.0,0.0,0.0
2019-02-26,17,0,86,6.66,6.66,0.0,65.110648,0.0
2019-02-26,17,0,87,34.02,34.02,0.0,332.592231,0.0
2019-02-26,17,0,88,23.23,23.23,0.0,-6806.807523,0.0
2019-02-26,17,0,89,22.34,22.34,0.0,-6546.021527,0.0
2019-02-26,17,0,90,29.99,29.99,0.0,-8787.609024,0.0
2019-02-26,17,0,91,106.98,106.98,0.0,-31347.0628,0.0
2019-02-26,17,0,92,38.48,38.48,0.0,-11275.331619,0.0
2019-02-26,17,0,95,93.47,93.47,0.0,2375.417926,0.0
2019-02-26,17,0,96,6.28,6.28,0.0,47.052505,0.0
2019-02-26,17,0,97,38.63,38.63,0.0,289.432842,0.0
2019-02-26,17,0,99,2.5,2.5,0.0,22.595258,0.0
2019-02-26,17,0,101,10.53,10.53,0.0,79.029417,0.0
2019-02-26,17,0,102,18.54,18.54,0.0,-7663.158992,0.0
2019-02-26,17,0,103,16.12,16.12,0.0,-6662.897678,0.0
2019-02-26,17,0,104,3.01,3.01,0.0,-1244.126676,0.0
2019-02-26,17,0,106,215.71,215.71,0.0,1621.567396,0.0
2019-02-26,17,0,109,40.53,40.53,0.0,347.374234,0.0
2019-02-26,17,0,110,338.6,338.6,0.0,-338600.0,0.0
2019-02-26,17,0,111,16.91,16.91,0.0,137.847613,0.0
2019-02-26,17,0,113,23.02,23.02,0.0,-6074.375421,0.0
2019-02-26,17,0,115,23.02,23.02,0.0,-6074.375421,0.0
2019-02-26,17,0,116,96.23,96.23,0.0,-96230.0,0.0
2019-02-26,17,0,117,1.53,1.53,0.0,-403.72695,0.0
2019-02-26,17,0,119,112.31,112.31,0.0,12489.618234,0.0
2019-02-26,17,0,120,66.1,66.1,0.0,7350.759196,0.0
2019-02-26,17,0,123,3.6,3.6,0.0,27.062457,0.0
2019-02-26,17,0,125,26.46,26.46,0.0,198.90906,0.0
2019-02-26,17,0,126,161.78,161.78,0.0,1216.156754,0.0
2019-02-26,17,0,127,207.62,207.62,0.0,1560.752041,0.0
2019-02-26,17,0,128,38.09,38.09,0.0,286.335831,0.0
2019-02-26,17,0,131,11.55,11.55,0.0,-4328.497825,0.0
2019-02-26,17,0,132,16.98,16.98,0.0,-6363.453946,0.0
2019-02-26,17,0,133,111.85,111.85,0.0,1055.813086,0.0
2019-02-26,17,0,134,0.0,0.0,0.0,0.0,0.0
2019-02-26,17,0,135,146.43,146.43,0.0,1382.232545,0.0
2019-02-26,17,0,136,45.9,45.9,0.0,432.557012,0.0
2019-02-26,17,0,139,15.89,15.89,0.0,129.532736,0.0
2019-02-26,17,0,140,250.6,250.6,0.0,-250600.0,0.0
2019-02-26,17,0,141,217.83,217.83,0.0,-121494.33234,0.0
2019-02-26,17,0,142,376.31,376.31,0.0,-209886.297585,0.0
2019-02-26,17,0,143,53.3,53.3,0.0,400.025444,0.0
2019-02-26,17,0,145,5.91,5.91,0.0,46.693204,0.0
2019-02-26,17,0,146,268.0,268.0,0.0,-268000.0,0.0
2019-02-26,17,0,152,4.37,4.37,0.0,39.56577,0.0
2019-02-26,17,0,153,5.61,5.61,0.0,50.695523,0.0
2019-02-26,17,0,154,69.77,69.77,0.0,568.753872,0.0
2019-02-26,17,0,157,250.0,250.0,0.0,-139437.098127,0.0
2019-02-26,17,0,158,295.06,295.06,0.0,-164569.240694,0.0
2019-02-26,17,0,159,0.0,0.0,0.0,0.0,0.0
2019-02-26,17,0,160,1.28,1.28,0.0,11.932031,0.0
2019-02-26,17,0,161,52.51,52.51,0.0,-21704.017187,0.0
2019-02-26,17,0,162,158.73,158.73,0.0,4159.215095,0.0
2019-02-26,17,0,163,156.89,156.89,0.0,-156890.0,0.0
2019-02-26,17,0,164,20.36,20.36,0.0,152.805216,0.0
2019-02-26,17,0,167,2.89,2.89,0.0,65.438764,0.0
2019-02-26,17,0,168,1.45,1.45,0.0,32.832598,0.0
2019-02-26,17,0,169,0.0,0.0,0.0,0.0,0.0
2019-02-26,17,0,170,3.16,3.16,0.0,71.55242,0.0
2019-02-26,17,0,172,3.89,3.89,0.0,57.93173,0.0
2019-02-26,17,0,173,5.93,5.93,0.0,88.312381,0.0
2019-02-26,17,0,188,5.35,5.35,0.0,121.800256,0.0
2019-02-26,17,0,190,7.5,7.5,0.0,243.206678,0.0
2019-02-26,17,0,191,19.38,19.38,0.0,628.446057,0.0
2019-02-26,17,0,192,321.53,321.53,0.0,10426.43244,0.0
2019-02-26,17,0,194,49.54,49.54,0.0,-6399.769119,0.0
2019-02-26,17,0,196,5.05,5.05,0.0,1331.691504,0.0
2019-02-26,17,0,198,4.42,4.42,0.0,43.480661,0.0
2019-02-26,17,0,199,128.79,128.79,0.0,-3699.23167,0.0
2019-02-26,17,0,200,9.79,9.79,0.0,-281.197904,0.0
2019-02-26,17,0,204,229.24,229.24,0.0,1953.757064,0.0
2019-02-26,17,0,205,214.39,214.39,0.0,1837.492277,0.0
2019-02-26,17,0,206,113.51,113.51,0.0,850.466527,0.0
2019-02-26,17,0,210,0.9,0.9,0.0,9.178733,0.0
2019-02-26,17,0,214,6.24,6.24,0.0,62.252268,0.0
2019-02-26,17,0,217,4.23,4.23,0.0,42.624348,0.0
2019-02-26,17,0,218,5.84,5.84,0.0,58.8478,0.0
2019-02-26,17,0,219,3.98,3.98,0.0,40.105179,0.0
2019-02-26,17,0,221,3.33,3.33,0.0,33.221162,0.0
2019-02-26,17,0,225,3.61,3.61,0.0,36.544767,0.0
2019-02-26,17,0,233,3.77,3.77,0.0,36.856929,0.0
2019-02-26,17,0,236,39.67,39.67,0.0,367.04653,0.0
2019-02-26,17,0,237,30.43,30.43,0.0,275.029483,0.0
2019-02-26,17,0,238,74.54,74.54,0.0,698.064966,0.0
2019-02-26,17,0,240,7.62,7.62,0.0,68.011658,0.0
2019-02-26,17,0,245,78.0,78.0,0.0,740.089513,0.0
2019-02-26,17,0,247,171.72,171.72,0.0,1629.335528,0.0
2019-02-26,17,0,248,3.1,3.1,0.0,28.01812,0.0
2019-02-26,17,0,249,150.0,150.0,0.0,1423.249064,0.0
2019-02-26,17,0,251,305.8,305.8,0.0,2875.221658,0.0
2019-02-26,17,0,252,267.06,267.06,0.0,2516.946352,0.0
2019-02-26,17,0,254,6.79,6.79,0.0,61.753701,0.0
2019-02-26,17,0,255,3.11,3.11,0.0,28.284832,0.0
2019-02-26,17,0,258,9.4,9.4,0.0,84.040556,0.0
2019-02-26,17,0,260,3.1,3.1,0.0,28.897889,0.0
2019-02-26,17,0,265,72.23,72.23,0.0,588.807398,0.0
2019-02-26,17,0,266,10.29,10.29,0.0,83.882433,0.0
2019-02-26,17,0,267,12.64,12.64,0.0,103.039257,0.0
2019-02-26,17,0,270,489.98,489.98,0.0,-489980.0,0.0
2019-02-26,17,0,272,76.92,76.92,0.0,-20297.174517,0.0
2019-02-26,17,0,273,23.01,23.01,0.0,-23010.0,0.0
2019-02-26,17,0,274,631.64,631.64,0.0,-631640.0,0.0
2019-02-26,17,0,275,879.26,879.26,0.0,-879260.0,0.0
2019-02-26,17,0,276,5.16,5.16,0.0,-4650.473484,0.0
2019-02-26,17,0,277,6.13,6.13,0.0,-1689.171666,0.0
2019-02-26,17,0,278,9.8,9.8,0.0,-2700.4702,0.0
2019-02-26,17,0,279,117.55,117.55,0.0,-32391.864487,0.0
2019-02-26,17,0,281,7.51,7.51,0.0,56.36381,0.0
2019-02-26,17,0,282,286.67,286.67,0.0,2151.506452,0.0
2019-02-26,18,0,9,1.77,1.77,0.0,10.929658,0.0
2019-02-26,18,0,17,22.02,22.02,0.0,190.894114,0.0
2019-02-26,18,0,19,257.26,257.26,0.0,2230.218885,0.0
2019-02-26,18,0,20,313.27,313.27,0.0,2715.77653,0.0
2019-02-26,18,0,21,40.45,40.45,0.0,249.776659,0.0
2019-02-26,18,0,22,143.76,143.76,0.0,887.710567,0.0
2019-02-26,18,0,23,35.65,35.65,0.0,220.136907,0.0
2019-02-26,18,0,24,63.25,63.25,0.0,390.56548,0.0
2019-02-26,18,0,29,1.92,1.92,0.0,18.368824,0.0
2019-02-26,18,0,30,344.35,344.35,0.0,2120.896954,0.0
2019-02-26,18,0,31,16.34,16.34,0.0,100.64021,0.0
2019-02-26,18,0,32,1.56,1.56,0.0,58.085486,0.0
2019-02-26,18,0,33,0.81,0.81,0.0,7.377593,0.0
2019-02-26,18,0,34,1.29,1.29,0.0,11.7495,0.0
2019-02-26,18,0,35,1.29,1.29,0.0,11.7495,0.0
2019-02-26,18,0,36,4.2,4.2,0.0,33.61355,0.0
2019-02-26,18,0,37,1.89,1.89,0.0,15.113334,0.0
2019-02-26,18,0,38,2.43,2.43,0.0,19.431429,0.0
2019-02-26,18,0,39,1.62,1.62,0.0,12.954286,0.0
2019-02-26,18,0,40,1.62,1.62,0.0,12.954286,0.0
2019-02-26,18,0,41,13.37,13.37,0.0,93.573845,0.0
2019-02-26,18,0,42,36.56,36.56,0.0,313.464018,0.0
2019-02-26,18,0,43,11.79,11.79,0.0,95.786464,0.0
2019-02-26,18,0,46,11.81,11.81,0.0,92.459381,0.0
2019-02-26,18,0,52,17.32,17.32,0.0,106.676159,0.0
2019-02-26,18,0,53,27.53,27.53,0.0,169.560892,0.0
2019-02-26,18,0,55,189.97,189.97,0.0,1173.054928,0.0
2019-02-26,18,0,56,101.57,101.57,0.0,625.582993,0.0
2019-02-26,18,0,57,96.62,96.62,0.0,595.095292,0.0
2019-02-26,18,0,58,185.8,185.8,0.0,1144.366644,0.0
2019-02-26,18,0,59,182.7,182.7,0.0,1125.273337,0.0
2019-02-26,18,0,63,170.0,170.0,0.0,19195.851719,0.0
2019-02-26,18,0,64,200.0,200.0,0.0,22583.354963,0.0
2019-02-26,18,0,65,41.4,41.4,0.0,358.169885,0.0
2019-02-26,18,0,67,187.75,187.75,0.0,-104639.082121,0.0
2019-02-26,18,0,68,3.76,3.76,0.0,-1552.048099,0.0
2019-02-26,18,0,69,0.81,0.81,0.0,7.377593,0.0
2019-02-26,18,0,74,17.04,17.04,0.0,138.868246,0.0
2019-02-26,18,0,77,24.35,24.35,0.0,-7118.209723,0.0
2019-02-26,18,0,78,18.41,18.41,0.0,-5381.775811,0.0
2019-02-26,18,0,79,10.65,10.65,0.0,-3113.303226,0.0
2019-02-26,18,0,80,17.22,17.22,0.0,-5033.904371,0.0
2019-02-26,18,0,81,22.52,22.52,0.0,-6583.24776,0.0
2019-02-26,18,0,82,15.89,15.89,0.0,-4645.106879,0.0
2019-02-26,18,0,83,35.42,35.42,0.0,-10354.291104,0.0
2019-02-26,18,0,84,0.0,0.0,0.0,0.0,0.0
2019-02-26,18,0,86,4.1,4.1,0.0,37.343371,0.0
2019-02-26,18,0,87,20.91,20.91,0.0,190.451191,0.0
2019-02-26,18,0,88,23.23,23.23,0.0,-6790.801308,0.0
2019-02-26,18,0,89,22.33,22.33,0.0,-6527.705261,0.0
2019-02-26,18,0,90,29.98,29.98,0.0,-8764.021663,0.0
2019-02-26,18,0,91,106.94,106.94,0.0,-31261.656991,0.0
2019-02-26,18,0,92,38.46,38.46,0.0,-11242.971085,0.0
2019-02-26,18,0,95,101.89,101.89,0.0,4111.614781,0.0
2019-02-26,18,0,96,7.19,7.19,0.0,44.165305,0.0
2019-02-26,18,0,97,44.19,44.19,0.0,271.441561,0.0
2019-02-26,18,0,99,3.29,3.29,0.0,26.812003,0.0
2019-02-26,18,0,101,6.94,6.94,0.0,42.744373,0.0
2019-02-26,18,0,102,8.89,8.89,0.0,-3669.603085,0.0
2019-02-26,18,0,103,7.73,7.73,0.0,-3190.779736,0.0
2019-02-26,18,0,104,1.44,1.44,0.0,-594.4014,0.0
2019-02-26,18,0,106,141.52,141.52,0.0,873.878683,0.0
2019-02-26,18,0,109,45.51,45.51,0.0,343.271637,0.0
2019-02-26,18,0,110,338.6,338.6,0.0,-338600.0,0.0
2019-02-26,18,0,111,10.95,10.95,0.0,76.636769,0.0
2019-02-26,18,0,113,22.73,22.73,0.0,-5983.311976,0.0
2019-02-26,18,0,115,22.73,22.73,0.0,-5983.311976,0.0
2019-02-26,18,0,116,61.2,61.2,0.0,-61200.0,0.0
2019-02-26,18,0,117,1.52,1.52,0.0,-400.115891,0.0
2019-02-26,18,0,119,200.0,200.0,0.0,22583.354963,0.0
2019-02-26,18,0,120,117.6,117.6,0.0,13279.012718,0.0
2019-02-26,18,0,123,2.36,2.36,0.0,14.572878,0.0
2019-02-26,18,0,125,57.2,57.2,0.0,353.207043,0.0
2019-02-26,18,0,126,106.14,106.14,0.0,655.409012,0.0
2019-02-26,18,0,127,136.22,136.22,0.0,841.151457,0.0
2019-02-26,18,0,128,82.14,82.14,0.0,507.210253,0.0
2019-02-26,18,0,131,11.2,11.2,0.0,-4190.737938,0.0
2019-02-26,18,0,132,16.46,16.46,0.0,-6158.888077,0.0
2019-02-26,18,0,133,116.34,116.34,0.0,1008.759672,0.0
2019-02-26,18,0,134,0.0,0.0,0.0,0.0,0.0
2019-02-26,18,0,135,155.89,155.89,0.0,1351.689404,0.0
2019-02-26,18,0,136,43.81,43.81,0.0,378.977355,0.0
2019-02-26,18,0,139,17.26,17.26,0.0,120.799145,0.0
2019-02-26,18,0,140,250.6,250.6,0.0,-250600.0,0.0
2019-02-26,18,0,141,201.35,201.35,0.0,-112218.797258,0.0
2019-02-26,18,0,142,247.59,247.59,0.0,-137989.828721,0.0
2019-02-26,18,0,143,45.46,45.46,0.0,279.994121,0.0
2019-02-26,18,0,145,7.51,7.51,0.0,50.112114,0.0
2019-02-26,18,0,146,208.72,208.72,0.0,-208720.0,0.0
2019-02-26,18,0,152,2.75,2.75,0.0,22.46784,0.0
2019-02-26,18,0,153,3.52,3.52,0.0,28.679688,0.0
2019-02-26,18,0,154,45.16,45.16,0.0,316.065434,0.0
2019-02-26,18,0,157,250.0,250.0,0.0,-139332.99883,0.0
2019-02-26,18,0,158,196.52,196.52,0.0,-109526.88372,0.0
2019-02-26,18,0,159,0.0,0.0,0.0,0.0,0.0
2019-02-26,18,0,160,0.79,0.79,0.0,6.729248,0.0
2019-02-26,18,0,161,34.04,34.04,0.0,-14050.988641,0.0
2019-02-26,18,0,162,162.5,162.5,0.0,6687.469056,0.0
2019-02-26,18,0,163,139.66,139.66,0.0,-139660.0,0.0
2019-02-26,18,0,164,13.2,13.2,0.0,81.300537,0.0
2019-02-26,18,0,167,1.71,1.71,0.0,65.34159,0.0
2019-02-26,18,0,168,0.86,0.86,0.0,32.861852,0.0
2019-02-26,18,0,169,0.0,0.0,0.0,0.0,0.0
2019-02-26,18,0,170,1.87,1.87,0.0,71.455423,0.0
2019-02-26,18,0,172,2.31,2.31,0.0,42.297033,0.0
2019-02-26,18,0,173,3.52,3.52,0.0,64.452622,0.0
2019-02-26,18,0,188,3.2,3.2,0.0,77.533783,0.0
2019-02-26,18,0,190,4.68,4.68,0.0,151.760967,0.0
2019-02-26,18,0,191,12.08,12.08,0.0,391.72489,0.0
2019-02-26,18,0,192,266.43,266.43,0.0,8639.674043,0.0
2019-02-26,18,0,194,98.98,98.98,0.0,-12717.842897,0.0
2019-02-26,18,0,196,3.17,3.17,0.0,840.903296,0.0
2019-02-26,18,0,198,2.68,2.68,0.0,24.621664,0.0
2019-02-26,18,0,199,130.0,130.0,0.0,-3729.584571,0.0
2019-02-26,18,0,200,5.92,5.92,0.0,-169.839544,0.0
2019-02-26,18,0,204,253.35,253.35,0.0,1895.160341,0.0
2019-02-26,18,0,205,240.74,240.74,0.0,1815.847373,0.0
2019-02-26,18,0,206,129.84,129.84,0.0,797.555382,0.0
2019-02-26,18,0,210,0.52,0.52,0.0,5.021308,0.0
2019-02-26,18,0,214,3.71,3.71,0.0,34.754399,0.0
2019-02-26,18,0,217,2.49,2.49,0.0,23.65018,0.0
2019-02-26,18,0,218,3.44,3.44,0.0,32.673341,0.0
2019-02-26,18,0,219,2.34,2.34,0.0,22.225471,0.0
2019-02-26,18,0,221,1.98,1.98,0.0,18.54817,0.0
2019-02-26,18,0,225,2.11,2.11,0.0,20.168383,0.0
2019-02-26,18,0,233,2.32,2.32,0.0,21.130883,0.0
2019-02-26,18,0,236,67.43,67.43,0.0,568.294637,0.0
2019-02-26,18,0,237,40.87,40.87,0.0,333.071903,0.0
2019-02-26,18,0,238,47.58,47.58,0.0,407.949069,0.0
2019-02-26,18,0,240,4.76,4.76,0.0,38.095356,0.0
2019-02-26,18,0,245,78.0,78.0,0.0,681.262155,0.0
2019-02-26,18,0,247,171.72,171.72,0.0,1499.824837,0.0
2019-02-26,18,0,248,4.1,4.1,0.0,33.413134,0.0
2019-02-26,18,0,249,150.0,150.0,0.0,1310.119529,0.0
2019-02-26,18,0,251,298.35,298.35,0.0,2572.499806,0.0
2019-02-26,18,0,252,267.06,267.06,0.0,2310.455301,0.0
2019-02-26,18,0,254,4.17,4.17,0.0,34.290592,0.0
2019-02-26,18,0,255,1.91,1.91,0.0,15.706242,0.0
2019-02-26,18,0,258,5.87,5.87,0.0,47.0938,0.0
2019-02-26,18,0,260,1.91,1.91,0.0,16.269447,0.0
2019-02-26,18,0,265,46.75,46.75,0.0,327.193513,0.0
2019-02-26,18,0,266,11.18,11.18,0.0,78.246492,0.0
2019-02-26,18,0,267,13.74,13.74,0.0,96.163398,0.0
2019-02-26,18,0,270,436.14,436.14,0.0,-436140.0,0.0
2019-02-26,18,0,272,75.97,75.97,0.0,-19997.897529,0.0
2019-02-26,18,0,273,14.63,14.63,0.0,-14630.0,0.0
2019-02-26,18,0,274,562.24,562.24,0.0,-562240.0,0.0
2019-02-26,18,0,275,782.64,782.64,0.0,-782640.0,0.0
2019-02-26,18,0,276,3.29,3.29,0.0,-2964.821593,0.0
2019-02-26,18,0,277,3.9,3.9,0.0,-1072.104987,0.0
2019-02-26,18,0,278,6.25,6.25,0.0,-1718.116967,0.0
2019-02-26,18,0,279,104.44,104.44,0.0,-28710.421764,0.0
2019-02-26,18,0,281,7.33,7.33,0.0,45.146434,0.0
2019-02-26,18,0,282,188.9,188.9,0.0,1163.459952,0.0
2019-02-26,19,0,9,0.4,0.4,0.0,2.532015,0.0
2019-02-26,19,0,17,2.97,2.97,0.0,30.961754,0.0
2019-02-26,19,0,19,297.35,297.35,0.0,3099.824096,0.0
2019-02-26,19,0,20,361.42,361.42,0.0,3767.743147,0.0
2019-02-26,19,0,21,9.18,9.18,0.0,58.109739,0.0
2019-02-26,19,0,22,32.63,32.63,0.0,206.549105,0.0
2019-02-26,19,0,23,44.54,44.54,0.0,281.939844,0.0
2019-02-26,19,0,24,78.81,78.81,0.0,498.870209,0.0
2019-02-26,19,0,29,0.12,0.12,0.0,0.937571,0.0
2019-02-26,19,0,30,91.29,91.29,0.0,575.758193,0.0
2019-02-26,19,0,31,8.97,8.97,0.0,56.57302,0.0
2019-02-26,19,0,32,0.29,0.29,0.0,6.394288,0.0
2019-02-26,19,0,33,0.2,0.2,0.0,2.258798,0.0
2019-02-26,19,0,34,0.32,0.32,0.0,3.614077,0.0
2019-02-26,19,0,35,0.32,0.32,0.0,3.614077,0.0
2019-02-26,19,0,36,0.8,0.8,0.0,7.143204,0.0
2019-02-26,19,0,37,0.35,0.35,0.0,3.110445,0.0
2019-02-26,19,0,38,0.46,0.46,0.0,4.088013,0.0
2019-02-26,19,0,39,0.3,0.3,0.0,2.666095,0.0
2019-02-26,19,0,40,0.3,0.3,0.0,2.666095,0.0
2019-02-26,19,0,41,14.6,14.6,0.0,110.511247,0.0
2019-02-26,19,0,42,7.07,7.07,0.0,72.37156,0.0
2019-02-26,19,0,43,2.31,2.31,0.0,20.728126,0.0
2019-02-26,19,0,46,2.06,2.06,0.0,17.749615,0.0
2019-02-26,19,0,52,9.51,9.51,0.0,59.978754,0.0
2019-02-26,19,0,53,15.11,15.11,0.0,95.297473,0.0
2019-02-26,19,0,55,94.95,94.95,0.0,601.037005,0.0
2019-02-26,19,0,56,26.93,26.93,0.0,169.845198,0.0
2019-02-26,19,0,57,25.61,25.61,0.0,161.520071,0.0
2019-02-26,19,0,58,49.26,49.26,0.0,310.678591,0.0
2019-02-26,19,0,59,48.44,48.44,0.0,305.506921,0.0
2019-02-26,19,0,63,170.0,170.0,0.0,5294.240832,0.0
2019-02-26,19,0,64,200.0,200.0,0.0,6228.518625,0.0
2019-02-26,19,0,65,37.8,37.8,0.0,392.735759,0.0
2019-02-26,19,0,67,42.54,42.54,0.0,-2098.555074,0.0
2019-02-26,19,0,68,4.19,4.19,0.0,-133.403928,0.0
2019-02-26,19,0,69,0.2,0.2,0.0,2.258798,0.0
2019-02-26,19,0,74,32.02,32.02,0.0,301.703646,0.0
2019-02-26,19,0,77,24.48,24.48,0.0,-419.25542,0.0
2019-02-26,19,0,78,18.5,18.5,0.0,-316.839268,0.0
2019-02-26,19,0,79,10.71,10.71,0.0,-183.424246,0.0
2019-02-26,19,0,80,17.32,17.32,0.0,-296.630061,0.0
2019-02-26,19,0,81,22.64,22.64,0.0,-387.742758,0.0
2019-02-26,19,0,82,15.97,15.97,0.0,-273.509357,0.0
2019-02-26,19,0,83,35.61,35.61,0.0,-609.872775,0.0
2019-02-26,19,0,84,0.0,0.0,0.0,0.0,0.0
2019-02-26,19,0,86,1.01,1.01,0.0,11.406931,0.0
2019-02-26,19,0,87,5.13,5.13,0.0,57.938176,0.0
2019-02-26,19,0,88,23.49,23.49,0.0,-402.300238,0.0
2019-02-26,19,0,89,22.58,22.58,0.0,-386.715171,0.0
2019-02-26,19,0,90,30.31,30.31,0.0,-519.102606,0.0
2019-02-26,19,0,91,108.13,108.13,0.0,-1851.882705,0.0
2019-02-26,19,0,92,38.89,38.89,0.0,-666.047521,0.0
2019-02-26,19,0,95,111.23,111.23,0.0,2494.859604,0.0
2019-02-26,19,0,96,8.23,8.23,0.0,51.707021,0.0
2019-02-26,19,0,97,50.58,50.58,0.0,317.781423,0.0
2019-02-26,19,0,99,6.18,6.18,0.0,58.230123,0.0
2019-02-26,19,0,101,1.84,1.84,0.0,11.604722,0.0
2019-02-26,19,0,102,12.0,12.0,0.0,-382.063756,0.0
2019-02-26,19,0,103,10.07,10.07,0.0,-320.615169,0.0
2019-02-26,19,0,104,1.44,1.44,0.0,-45.847651,0.0
2019-02-26,19,0,106,32.12,32.12,0.0,203.320786,0.0
2019-02-26,19,0,109,51.58,51.58,0.0,428.23252,0.0
2019-02-26,19,0,110,338.6,338.6,0.0,-34841.776864,0.0
2019-02-26,19,0,111,2.26,2.26,0.0,17.106535,0.0
2019-02-26,19,0,113,22.82,22.82,0.0,-320.696646,0.0
2019-02-26,19,0,115,22.82,22.82,0.0,-320.696646,0.0
2019-02-26,19,0,116,11.15,11.15,0.0,-1147.329628,0.0
2019-02-26,19,0,117,1.52,1.52,0.0,-21.361039,0.0
2019-02-26,19,0,119,200.0,200.0,0.0,6228.518625,0.0
2019-02-26,19,0,120,117.6,117.6,0.0,3662.368952,0.0
2019-02-26,19,0,123,0.54,0.54,0.0,3.41822,0.0
2019-02-26,19,0,125,71.32,71.32,0.0,451.458233,0.0
2019-02-26,19,0,126,24.09,24.09,0.0,152.490589,0.0
2019-02-26,19,0,127,30.92,30.92,0.0,195.724741,0.0
2019-02-26,19,0,128,102.15,102.15,0.0,646.613271,0.0
2019-02-26,19,0,131,11.13,11.13,0.0,-302.367457,0.0
2019-02-26,19,0,132,16.36,16.36,0.0,-444.450279,0.0
2019-02-26,19,0,133,74.35,74.35,0.0,775.331493,0.0
2019-02-26,19,0,134,0.0,0.0,0.0,0.0,0.0
2019-02-26,19,0,135,100.74,100.74,0.0,1050.529853,0.0
2019-02-26,19,0,136,38.36,38.36,0.0,398.480364,0.0
2019-02-26,19,0,139,18.85,18.85,0.0,142.680616,0.0
2019-02-26,19,0,140,250.6,250.6,0.0,-25786.619262,0.0
2019-02-26,19,0,141,186.61,186.61,0.0,-9205.72079,0.0
2019-02-26,19,0,142,56.11,56.11,0.0,-2767.981317,0.0
2019-02-26,19,0,143,21.55,21.55,0.0,135.914,0.0
2019-02-26,19,0,145,9.35,9.35,0.0,65.900866,0.0
2019-02-26,19,0,146,151.3,151.3,0.0,-15568.697104,0.0
2019-02-26,19,0,152,0.59,0.59,0.0,5.558297,0.0
2019-02-26,19,0,153,0.72,0.72,0.0,6.750199,0.0
2019-02-26,19,0,154,9.34,9.34,0.0,70.696921,0.0
2019-02-26,19,0,157,250.0,250.0,0.0,-12332.83424,0.0
2019-02-26,19,0,158,48.69,48.69,0.0,-2401.942797,0.0
2019-02-26,19,0,159,0.0,0.0,0.0,0.0,0.0
2019-02-26,19,0,160,0.16,0.16,0.0,1.489762,0.0
2019-02-26,19,0,161,7.35,7.35,0.0,-234.014051,0.0
2019-02-26,19,0,162,162.5,162.5,0.0,3660.381292,0.0
2019-02-26,19,0,163,127.3,127.3,0.0,-13099.108667,0.0
2019-02-26,19,0,164,3.89,3.89,0.0,24.533896,0.0
2019-02-26,19,0,167,0.29,0.29,0.0,6.429863,0.0
2019-02-26,19,0,168,0.15,0.15,0.0,3.325791,0.0
2019-02-26,19,0,169,0.0,0.0,0.0,0.0,0.0
2019-02-26,19,0,170,0.32,0.32,0.0,7.095021,0.0
2019-02-26,19,0,172,0.39,0.39,0.0,7.753428,0.0
2019-02-26,19,0,173,0.59,0.59,0.0,11.729545,0.0
2019-02-26,19,0,188,0.64,0.64,0.0,13.119461,0.0
2019-02-26,19,0,190,0.66,0.66,0.0,20.554111,0.0
2019-02-26,19,0,191,1.72,1.72,0.0,53.56526,0.0
2019-02-26,19,0,192,227.5,227.5,0.0,7084.939936,0.0
2019-02-26,19,0,194,176.5,176.5,0.0,323.837631,0.0
2019-02-26,19,0,196,0.55,0.55,0.0,27.234404,0.0
2019-02-26,19,0,198,0.47,0.47,0.0,4.539418,0.0
2019-02-26,19,0,199,130.0,130.0,0.0,1047.562422,0.0
2019-02-26,19,0,200,1.03,1.03,0.0,8.299918,0.0
2019-02-26,19,0,204,257.1,257.1,0.0,2107.030326,0.0
2019-02-26,19,0,205,272.86,272.86,0.0,2265.364976,0.0
2019-02-26,19,0,206,148.63,148.63,0.0,933.804922,0.0
2019-02-26,19,0,210,0.04,0.04,0.0,0.323844,0.0
2019-02-26,19,0,214,0.41,0.41,0.0,4.841664,0.0
2019-02-26,19,0,217,0.23,0.23,0.0,2.344277,0.0
2019-02-26,19,0,218,0.31,0.31,0.0,3.159678,0.0
2019-02-26,19,0,219,0.21,0.21,0.0,2.140427,0.0
2019-02-26,19,0,221,0.22,0.22,0.0,2.597966,0.0
2019-02-26,19,0,225,0.14,0.14,0.0,1.090006,0.0
2019-02-26,19,0,233,0.57,0.57,0.0,6.437575,0.0
2019-02-26,19,0,236,106.99,106.99,0.0,1063.829917,0.0
2019-02-26,19,0,237,76.81,76.81,0.0,723.730702,0.0
2019-02-26,19,0,238,9.21,9.21,0.0,94.27752,0.0
2019-02-26,19,0,240,0.9,0.9,0.0,8.036104,0.0
2019-02-26,19,0,245,68.01,68.01,0.0,717.74567,0.0
2019-02-26,19,0,247,157.49,157.49,0.0,1662.07566,0.0
2019-02-26,19,0,248,7.71,7.71,0.0,72.646318,0.0
2019-02-26,19,0,249,130.78,130.78,0.0,1380.190836,0.0
2019-02-26,19,0,251,293.28,293.28,0.0,3030.27858,0.0
2019-02-26,19,0,252,243.82,243.82,0.0,2533.249542,0.0
2019-02-26,19,0,254,0.88,0.88,0.0,7.971022,0.0
2019-02-26,19,0,255,0.4,0.4,0.0,3.623192,0.0
2019-02-26,19,0,258,1.12,1.12,0.0,10.008482,0.0
2019-02-26,19,0,260,0.39,0.39,0.0,3.631294,0.0
2019-02-26,19,0,265,9.67,9.67,0.0,73.194778,0.0
2019-02-26,19,0,266,12.21,12.21,0.0,92.420707,0.0
2019-02-26,19,0,267,15.0,15.0,0.0,113.538952,0.0
2019-02-26,19,0,270,397.55,397.55,0.0,-40907.703462,0.0
2019-02-26,19,0,272,76.27,76.27,0.0,-1071.846327,0.0
2019-02-26,19,0,273,2.67,2.67,0.0,-274.741714,0.0
2019-02-26,19,0,274,512.5,512.5,0.0,-52736.00308,0.0
2019-02-26,19,0,275,713.4,713.4,0.0,-73408.516287,0.0
2019-02-26,19,0,276,0.62,0.62,0.0,-56.382102,0.0
2019-02-26,19,0,277,0.79,0.79,0.0,-12.075453,0.0
2019-02-26,19,0,278,1.27,1.27,0.0,-19.412437,0.0
2019-02-26,19,0,279,94.67,94.67,0.0,-1447.067219,0.0
2019-02-26,19,0,281,4.03,4.03,0.0,25.416864,0.0
2019-02-26,19,0,282,50.08,50.08,0.0,315.850261,0.0
2019-02-26,20,0,9,0.0,0.0,0.0,0.0,0.0
2019-02-26,20,0,17,0.0,0.0,0.0,0.0,0.0
2019-02-26,20,0,19,252.3,252.3,0.0,3063.872604,0.0
2019-02-26,20,0,20,305.99,305.99,0.0,3715.871495,0.0
2019-02-26,20,0,21,0.0,0.0,0.0,0.0,0.0
2019-02-26,20,0,22,0.0,0.0,0.0,0.0,0.0
2019-02-26,20,0,23,44.89,44.89,0.0,277.955881,0.0
2019-02-26,20,0,24,79.43,79.43,0.0,491.825253,0.0
2019-02-26,20,0,29,0.0,0.0,0.0,0.0,0.0
2019-02-26,20,0,30,0.0,0.0,0.0,0.0,0.0
2019-02-26,20,0,31,4.95,4.95,0.0,30.487701,0.0
2019-02-26,20,0,32,0.0,0.0,0.0,0.0,0.0
2019-02-26,20,0,33,0.0,0.0,0.0,0.0,0.0
2019-02-26,20,0,34,0.0,0.0,0.0,0.0,0.0
2019-02-26,20,0,35,0.0,0.0,0.0,0.0,0.0
2019-02-26,20,0,36,0.0,0.0,0.0,0.0,0.0
2019-02-26,20,0,37,0.0,0.0,0.0,0.0,0.0
2019-02-26,20,0,38,0.0,0.0,0.0,0.0,0.0
2019-02-26,20,0,39,0.0,0.0,0.0,0.0,0.0
2019-02-26,20,0,40,0.0,0.0,0.0,0.0,0.0
2019-02-26,20,0,41,23.64,23.64,0.0,188.197799,0.0
2019-02-26,20,0,42,0.0,0.0,0.0,0.0,0.0
2019-02-26,20,0,43,0.0,0.0,0.0,0.0,0.0
2019-02-26,20,0,46,0.0,0.0,0.0,0.0,0.0
2019-02-26,20,0,52,5.24,5.24,0.0,32.273849,0.0
2019-02-26,20,0,53,8.33,8.33,0.0,51.305566,0.0
2019-02-26,20,0,55,82.02,82.02,0.0,507.86236,0.0
2019-02-26,20,0,56,0.0,0.0,0.0,0.0,0.0
2019-02-26,20,0,57,0.0,0.0,0.0,0.0,0.0
2019-02-26,20,0,58,0.0,0.0,0.0,0.0,0.0
2019-02-26,20,0,59,0.0,0.0,0.0,0.0,0.0
2019-02-26,20,0,63,170.0,170.0,0.0,3845.817655,0.0
2019-02-26,20,0,64,200.0,200.0,0.0,4524.491359,0.0
2019-02-26,20,0,65,27.87,27.87,0.0,336.981765,0.0
2019-02-26,20,0,67,0.0,0.0,0.0,-0.0,0.0
2019-02-26,20,0,68,3.6,3.6,0.0,-12.467569,0.0
2019-02-26,20,0,69,0.0,0.0,0.0,0.0,0.0
2019-02-26,20,0,74,33.59,33.59,0.0,357.538921,0.0
2019-02-26,20,0,77,35.41,35.41,0.0,108.066611,0.0
2019-02-26,20,0,78,26.88,26.88,0.0,82.034185,0.0
2019-02-26,20,0,79,15.64,15.64,0.0,47.7312,0.0
2019-02-26,20,0,80,25.18,25.18,0.0,76.846011,0.0
2019-02-26,20,0,81,32.79,32.79,0.0,100.070719,0.0
2019-02-26,20,0,82,23.24,23.24,0.0,70.925389,0.0
2019-02-26,20,0,83,51.12,51.12,0.0,156.011441,0.0
2019-02-26,20,0,84,0.0,0.0,0.0,0.0,0.0
2019-02-26,20,0,86,0.0,0.0,0.0,0.0,0.0
2019-02-26,20,0,87,0.0,0.0,0.0,0.0,0.0
2019-02-26,20,0,88,44.3,44.3,0.0,135.197708,0.0
2019-02-26,20,0,89,42.59,42.59,0.0,129.979016,0.0
2019-02-26,20,0,90,57.14,57.14,0.0,174.383681,0.0
2019-02-26,20,0,91,203.44,203.44,0.0,620.871824,0.0
2019-02-26,20,0,92,73.26,73.26,0.0,223.579777,0.0
2019-02-26,20,0,95,120.0,120.0,0.0,2254.890202,0.0
2019-02-26,20,0,96,9.74,9.74,0.0,59.656045,0.0
2019-02-26,20,0,97,70.34,70.34,0.0,430.821994,0.0
2019-02-26,20,0,99,6.48,6.48,0.0,68.974463,0.0
2019-02-26,20,0,101,0.0,0.0,0.0,0.0,0.0
2019-02-26,20,0,102,8.52,8.52,0.0,-29.50658,0.0
2019-02-26,20,0,103,7.4,7.4,0.0,-25.62778,0.0
2019-02-26,20,0,104,1.38,1.38,0.0,-4.779235,0.0
2019-02-26,20,0,106,0.0,0.0,0.0,0.0,0.0
2019-02-26,20,0,109,55.34,55.34,0.0,497.009703,0.0
2019-02-26,20,0,110,338.6,338.6,0.0,-11588.409399,0.0
2019-02-26,20,0,111,0.0,0.0,0.0,0.0,0.0
2019-02-26,20,0,113,22.41,22.41,0.0,87.431792,0.0
2019-02-26,20,0,115,22.41,22.41,0.0,87.431792,0.0
2019-02-26,20,0,116,0.0,0.0,0.0,-0.0,0.0
2019-02-26,20,0,117,1.49,1.49,0.0,5.81318,0.0
2019-02-26,20,0,119,200.0,200.0,0.0,4524.491359,0.0
2019-02-26,20,0,120,117.6,117.6,0.0,2660.400919,0.0
2019-02-26,20,0,123,0.0,0.0,0.0,0.0,0.0
2019-02-26,20,0,125,71.88,71.88,0.0,445.076158,0.0
2019-02-26,20,0,126,0.0,0.0,0.0,0.0,0.0
2019-02-26,20,0,127,0.0,0.0,0.0,0.0,0.0
2019-02-26,20,0,128,102.94,102.94,0.0,637.397602,0.0
2019-02-26,20,0,131,11.22,11.22,0.0,-16.166604,0.0
2019-02-26,20,0,132,16.49,16.49,0.0,-23.760009,0.0
2019-02-26,20,0,133,45.21,45.21,0.0,549.243648,0.0
2019-02-26,20,0,134,0.0,0.0,0.0,0.0,0.0
2019-02-26,20,0,135,60.24,60.24,0.0,731.838915,0.0
2019-02-26,20,0,136,29.76,29.76,0.0,359.748253,0.0
2019-02-26,20,0,139,31.64,31.64,0.0,251.885717,0.0
2019-02-26,20,0,140,250.6,250.6,0.0,-8576.655037,0.0
2019-02-26,20,0,141,159.47,159.47,0.0,-1759.840308,0.0
2019-02-26,20,0,142,0.0,0.0,0.0,-0.0,0.0
2019-02-26,20,0,143,12.5,12.5,0.0,76.989145,0.0
2019-02-26,20,0,145,9.72,9.72,0.0,70.05889,0.0
2019-02-26,20,0,146,171.35,171.35,0.0,-5864.364887,0.0
2019-02-26,20,0,152,0.0,0.0,0.0,0.0,0.0
2019-02-26,20,0,153,0.0,0.0,0.0,0.0,0.0
2019-02-26,20,0,154,0.0,0.0,0.0,0.0,0.0
2019-02-26,20,0,157,242.09,242.09,0.0,-2671.598044,0.0
2019-02-26,20,0,158,0.0,0.0,0.0,-0.0,0.0
2019-02-26,20,0,159,0.0,0.0,0.0,0.0,0.0
2019-02-26,20,0,160,0.0,0.0,0.0,0.0,0.0
2019-02-26,20,0,161,0.0,0.0,0.0,-0.0,0.0
2019-02-26,20,0,162,162.5,162.5,0.0,3060.454096,0.0
2019-02-26,20,0,163,108.35,108.35,0.0,-3708.222559,0.0
2019-02-26,20,0,164,0.0,0.0,0.0,0.0,0.0
2019-02-26,20,0,167,0.0,0.0,0.0,0.0,0.0
2019-02-26,20,0,168,0.0,0.0,0.0,0.0,0.0
2019-02-26,20,0,169,0.0,0.0,0.0,0.0,0.0
2019-02-26,20,0,170,0.0,0.0,0.0,0.0,0.0
2019-02-26,20,0,172,0.0,0.0,0.0,0.0,0.0
2019-02-26,20,0,173,0.0,0.0,0.0,0.0,0.0
2019-02-26,20,0,188,0.0,0.0,0.0,0.0,0.0
2019-02-26,20,0,190,0.0,0.0,0.0,0.0,0.0
2019-02-26,20,0,191,0.0,0.0,0.0,0.0,0.0
2019-02-26,20,0,192,189.83,189.83,0.0,4294.420973,0.0
2019-02-26,20,0,194,176.5,176.5,0.0,1823.365113,0.0
2019-02-26,20,0,196,0.0,0.0,0.0,0.0,0.0
2019-02-26,20,0,198,0.0,0.0,0.0,0.0,0.0
2019-02-26,20,0,199,130.0,130.0,0.0,1427.436107,0.0
2019-02-26,20,0,200,0.0,0.0,0.0,0.0,0.0
2019-02-26,20,0,204,465.33,465.33,0.0,4106.21989,0.0
2019-02-26,20,0,205,292.77,292.77,0.0,2629.373523,0.0
2019-02-26,20,0,206,266.44,266.44,0.0,1631.905204,0.0
2019-02-26,20,0,210,0.0,0.0,0.0,0.0,0.0
2019-02-26,20,0,214,0.0,0.0,0.0,0.0,0.0
2019-02-26,20,0,217,0.0,0.0,0.0,0.0,0.0
2019-02-26,20,0,218,0.0,0.0,0.0,0.0,0.0
2019-02-26,20,0,219,0.0,0.0,0.0,0.0,0.0
2019-02-26,20,0,221,0.0,0.0,0.0,0.0,0.0
2019-02-26,20,0,225,0.0,0.0,0.0,0.0,0.0
2019-02-26,20,0,233,0.0,0.0,0.0,0.0,0.0
2019-02-26,20,0,236,105.89,105.89,0.0,1209.21144,0.0
2019-02-26,20,0,237,80.59,80.59,0.0,857.816661,0.0
2019-02-26,20,0,238,0.0,0.0,0.0,0.0,0.0
2019-02-26,20,0,240,0.0,0.0,0.0,0.0,0.0
2019-02-26,20,0,245,99.29,99.29,0.0,1224.947877,0.0
2019-02-26,20,0,247,124.09,124.09,0.0,1530.907262,0.0
2019-02-26,20,0,248,8.09,8.09,0.0,86.111637,0.0
2019-02-26,20,0,249,190.88,190.88,0.0,2354.9003,0.0
2019-02-26,20,0,251,215.34,215.34,0.0,2585.133983,0.0
2019-02-26,20,0,252,179.81,179.81,0.0,2174.11881,0.0
2019-02-26,20,0,254,0.0,0.0,0.0,0.0,0.0
2019-02-26,20,0,255,0.0,0.0,0.0,0.0,0.0
2019-02-26,20,0,258,0.0,0.0,0.0,0.0,0.0
2019-02-26,20,0,260,0.0,0.0,0.0,0.0,0.0
2019-02-26,20,0,265,0.0,0.0,0.0,0.0,0.0
2019-02-26,20,0,266,19.28,19.28,0.0,153.487883,0.0
2019-02-26,20,0,267,24.39,24.39,0.0,194.168541,0.0
2019-02-26,20,0,270,338.36,338.36,0.0,-11580.195524,0.0
2019-02-26,20,0,272,74.9,74.9,0.0,292.219601,0.0
2019-02-26,20,0,273,0.0,0.0,0.0,-0.0,0.0
2019-02-26,20,0,274,436.19,436.19,0.0,-14928.376538,0.0
2019-02-26,20,0,275,607.19,607.19,0.0,-20780.762857,0.0
2019-02-26,20,0,276,0.0,0.0,0.0,-0.0,0.0
2019-02-26,20,0,277,0.0,0.0,0.0,0.0,0.0
2019-02-26,20,0,278,0.0,0.0,0.0,0.0,0.0
2019-02-26,20,0,279,246.48,246.48,0.0,877.677428,0.0
2019-02-26,20,0,281,2.22,2.22,0.0,13.673272,0.0
2019-02-26,20,0,282,0.0,0.0,0.0,0.0,0.0
2019-02-26,21,0,9,0.0,0.0,0.0,0.0,0.0
2019-02-26,21,0,17,0.0,0.0,0.0,0.0,0.0
2019-02-26,21,0,19,212.12,212.12,0.0,2928.851159,0.0
2019-02-26,21,0,20,257.26,257.26,0.0,3552.122616,0.0
2019-02-26,21,0,21,0.0,0.0,0.0,0.0,0.0
2019-02-26,21,0,22,0.0,0.0,0.0,0.0,0.0
2019-02-26,21,0,23,47.09,47.09,0.0,375.040226,0.0
2019-02-26,21,0,24,83.32,83.32,0.0,663.587846,0.0
2019-02-26,21,0,29,0.0,0.0,0.0,0.0,0.0
2019-02-26,21,0,30,0.0,0.0,0.0,0.0,0.0
2019-02-26,21,0,31,3.14,3.14,0.0,24.911031,0.0
2019-02-26,21,0,32,0.0,0.0,0.0,0.0,0.0
2019-02-26,21,0,33,0.0,0.0,0.0,0.0,0.0
2019-02-26,21,0,34,0.0,0.0,0.0,0.0,0.0
2019-02-26,21,0,35,0.0,0.0,0.0,0.0,0.0
2019-02-26,21,0,36,0.0,0.0,0.0,0.0,0.0
2019-02-26,21,0,37,0.0,0.0,0.0,0.0,0.0
2019-02-26,21,0,38,0.0,0.0,0.0,0.0,0.0
2019-02-26,21,0,39,0.0,0.0,0.0,0.0,0.0
2019-02-26,21,0,40,0.0,0.0,0.0,0.0,0.0
2019-02-26,21,0,41,41.31,41.31,0.0,398.573347,0.0
2019-02-26,21,0,42,0.0,0.0,0.0,0.0,0.0
2019-02-26,21,0,43,0.0,0.0,0.0,0.0,0.0
2019-02-26,21,0,46,0.0,0.0,0.0,0.0,0.0
2019-02-26,21,0,52,3.32,3.32,0.0,26.339052,0.0
2019-02-26,21,0,53,5.28,5.28,0.0,41.888613,0.0
2019-02-26,21,0,55,76.44,76.44,0.0,608.793266,0.0
2019-02-26,21,0,56,0.0,0.0,0.0,0.0,0.0
2019-02-26,21,0,57,0.0,0.0,0.0,0.0,0.0
2019-02-26,21,0,58,0.0,0.0,0.0,0.0,0.0
2019-02-26,21,0,59,0.0,0.0,0.0,0.0,0.0
2019-02-26,21,0,63,170.0,170.0,0.0,3569.042547,0.0
2019-02-26,21,0,64,200.0,200.0,0.0,4198.873585,0.0
2019-02-26,21,0,65,19.97,19.97,0.0,274.650027,0.0
2019-02-26,21,0,67,0.0,0.0,0.0,-0.0,0.0
2019-02-26,21,0,68,3.78,3.78,0.0,-1.523849,0.0
2019-02-26,21,0,69,0.0,0.0,0.0,0.0,0.0
2019-02-26,21,0,74,35.26,35.26,0.0,432.490709,0.0
2019-02-26,21,0,77,74.1,74.1,0.0,371.417682,0.0
2019-02-26,21,0,78,56.12,56.12,0.0,281.295011,0.0
2019-02-26,21,0,79,32.56,32.56,0.0,163.203235,0.0
2019-02-26,21,0,80,52.54,52.54,0.0,263.350675,0.0
2019-02-26,21,0,81,68.58,68.58,0.0,343.74932,0.0
2019-02-26,21,0,82,48.48,48.48,0.0,243.000394,0.0
2019-02-26,21,0,83,107.42,107.42,0.0,538.430329,0.0
2019-02-26,21,0,84,0.0,0.0,0.0,0.0,0.0
2019-02-26,21,0,86,0.0,0.0,0.0,0.0,0.0
2019-02-26,21,0,87,0.0,0.0,0.0,0.0,0.0
2019-02-26,21,0,88,78.84,78.84,0.0,395.176384,0.0
2019-02-26,21,0,89,75.79,75.79,0.0,379.888611,0.0
2019-02-26,21,0,90,101.76,101.76,0.0,510.060233,0.0
2019-02-26,21,0,91,362.98,362.98,0.0,1819.395278,0.0
2019-02-26,21,0,92,130.54,130.54,0.0,654.316655,0.0
2019-02-26,21,0,95,120.0,120.0,0.0,2137.627841,0.0
2019-02-26,21,0,96,10.25,10.25,0.0,80.987073,0.0
2019-02-26,21,0,97,63.05,63.05,0.0,498.169266,0.0
2019-02-26,21,0,99,6.81,6.81,0.0,83.529828,0.0
2019-02-26,21,0,101,0.0,0.0,0.0,0.0,0.0
2019-02-26,21,0,102,8.95,8.95,0.0,-3.608056,0.0
2019-02-26,21,0,103,7.79,7.79,0.0,-3.14042,0.0
2019-02-26,21,0,104,1.45,1.45,0.0,-0.584545,0.0
2019-02-26,21,0,106,0.0,0.0,0.0,0.0,0.0
2019-02-26,21,0,109,83.0,83.0,0.0,877.747169,0.0
2019-02-26,21,0,110,329.45,329.45,0.0,-8519.862159,0.0
2019-02-26,21,0,111,0.0,0.0,0.0,0.0,0.0
2019-02-26,21,0,113,41.21,41.21,0.0,232.328118,0.0
2019-02-26,21,0,115,41.21,41.21,0.0,232.328118,0.0
2019-02-26,21,0,116,0.0,0.0,0.0,-0.0,0.0
2019-02-26,21,0,117,2.77,2.77,0.0,15.616328,0.0
2019-02-26,21,0,119,200.0,200.0,0.0,4198.873585,0.0
2019-02-26,21,0,120,117.6,117.6,0.0,2468.937668,0.0
2019-02-26,21,0,123,0.0,0.0,0.0,0.0,0.0
2019-02-26,21,0,125,75.4,75.4,0.0,600.510364,0.0
2019-02-26,21,0,126,0.0,0.0,0.0,0.0,0.0
2019-02-26,21,0,127,0.0,0.0,0.0,0.0,0.0
2019-02-26,21,0,128,107.99,107.99,0.0,860.067828,0.0
2019-02-26,21,0,131,11.4,11.4,0.0,14.484091,0.0
2019-02-26,21,0,132,16.75,16.75,0.0,21.281449,0.0
2019-02-26,21,0,133,34.18,34.18,0.0,472.116184,0.0
2019-02-26,21,0,134,0.0,0.0,0.0,0.0,0.0
2019-02-26,21,0,135,44.44,44.44,0.0,613.833915,0.0
2019-02-26,21,0,136,22.67,22.67,0.0,311.715792,0.0
2019-02-26,21,0,139,54.41,54.41,0.0,524.966735,0.0
2019-02-26,21,0,140,243.83,243.83,0.0,-6305.65485,0.0
2019-02-26,21,0,141,137.94,137.94,0.0,-920.05068,0.0
2019-02-26,21,0,142,0.0,0.0,0.0,-0.0,0.0
2019-02-26,21,0,143,7.61,7.61,0.0,60.37355,0.0
2019-02-26,21,0,145,10.16,10.16,0.0,90.581127,0.0
2019-02-26,21,0,146,194.65,194.65,0.0,-5033.817482,0.0
2019-02-26,21,0,152,0.0,0.0,0.0,0.0,0.0
2019-02-26,21,0,153,0.0,0.0,0.0,0.0,0.0
2019-02-26,21,0,154,0.0,0.0,0.0,0.0,0.0
2019-02-26,21,0,157,210.55,210.55,0.0,-1404.354579,0.0
2019-02-26,21,0,158,0.0,0.0,0.0,-0.0,0.0
2019-02-26,21,0,159,0.0,0.0,0.0,0.0,0.0
2019-02-26,21,0,160,0.0,0.0,0.0,0.0,0.0
2019-02-26,21,0,161,0.0,0.0,0.0,-0.0,0.0
2019-02-26,21,0,162,160.78,160.78,0.0,2869.797798,0.0
2019-02-26,21,0,163,91.68,91.68,0.0,-2370.924155,0.0
2019-02-26,21,0,164,0.0,0.0,0.0,0.0,0.0
2019-02-26,21,0,167,0.0,0.0,0.0,0.0,0.0
2019-02-26,21,0,168,0.0,0.0,0.0,0.0,0.0
2019-02-26,21,0,169,0.0,0.0,0.0,0.0,0.0
2019-02-26,21,0,170,0.0,0.0,0.0,0.0,0.0
2019-02-26,21,0,172,0.0,0.0,0.0,0.0,0.0
2019-02-26,21,0,173,0.0,0.0,0.0,0.0,0.0
2019-02-26,21,0,188,0.0,0.0,0.0,0.0,0.0
2019-02-26,21,0,190,0.0,0.0,0.0,0.0,0.0
2019-02-26,21,0,191,0.0,0.0,0.0,0.0,0.0
2019-02-26,21,0,192,156.74,156.74,0.0,3290.657229,0.0
2019-02-26,21,0,194,176.5,176.5,0.0,1921.343381,0.0
2019-02-26,21,0,196,0.0,0.0,0.0,0.0,0.0
2019-02-26,21,0,198,0.0,0.0,0.0,0.0,0.0
2019-02-26,21,0,199,130.0,130.0,0.0,1442.007313,0.0
2019-02-26,21,0,200,0.0,0.0,0.0,0.0,0.0
2019-02-26,21,0,204,841.64,841.64,0.0,8769.313157,0.0
2019-02-26,21,0,205,385.2,385.2,0.0,4073.592886,0.0
2019-02-26,21,0,206,185.25,185.25,0.0,1463.693203,0.0
2019-02-26,21,0,210,0.0,0.0,0.0,0.0,0.0
2019-02-26,21,0,214,0.0,0.0,0.0,0.0,0.0
2019-02-26,21,0,217,0.0,0.0,0.0,0.0,0.0
2019-02-26,21,0,218,0.0,0.0,0.0,0.0,0.0
2019-02-26,21,0,219,0.0,0.0,0.0,0.0,0.0
2019-02-26,21,0,221,0.0,0.0,0.0,0.0,0.0
2019-02-26,21,0,225,0.0,0.0,0.0,0.0,0.0
2019-02-26,21,0,233,0.0,0.0,0.0,0.0,0.0
2019-02-26,21,0,236,104.72,104.72,0.0,1367.29211,0.0
2019-02-26,21,0,237,84.59,84.59,0.0,1037.560667,0.0
2019-02-26,21,0,238,0.0,0.0,0.0,0.0,0.0
2019-02-26,21,0,240,0.0,0.0,0.0,0.0,0.0
2019-02-26,21,0,245,141.7,141.7,0.0,1984.866216,0.0
2019-02-26,21,0,247,98.43,98.43,0.0,1378.760633,0.0
2019-02-26,21,0,248,8.49,8.49,0.0,104.136305,0.0
2019-02-26,21,0,249,272.5,272.5,0.0,3817.050416,0.0
2019-02-26,21,0,251,155.45,155.45,0.0,2124.04289,0.0
2019-02-26,21,0,252,128.84,128.84,0.0,1771.953406,0.0
2019-02-26,21,0,254,0.0,0.0,0.0,0.0,0.0
2019-02-26,21,0,255,0.0,0.0,0.0,0.0,0.0
2019-02-26,21,0,258,0.0,0.0,0.0,0.0,0.0
2019-02-26,21,0,260,0.0,0.0,0.0,0.0,0.0
2019-02-26,21,0,265,0.0,0.0,0.0,0.0,0.0
2019-02-26,21,0,266,34.07,34.07,0.0,328.719292,0.0
2019-02-26,21,0,267,42.54,42.54,0.0,410.440818,0.0
2019-02-26,21,0,270,286.33,286.33,0.0,-7404.741636,0.0
2019-02-26,21,0,272,137.64,137.64,0.0,775.968023,0.0
2019-02-26,21,0,273,0.0,0.0,0.0,-0.0,0.0
2019-02-26,21,0,274,369.11,369.11,0.0,-9545.504087,0.0
2019-02-26,21,0,275,513.81,513.81,0.0,-13287.571334,0.0
2019-02-26,21,0,276,0.0,0.0,0.0,-0.0,0.0
2019-02-26,21,0,277,0.0,0.0,0.0,0.0,0.0
2019-02-26,21,0,278,0.0,0.0,0.0,0.0,0.0
2019-02-26,21,0,279,261.24,261.24,0.0,1407.294416,0.0
2019-02-26,21,0,281,1.41,1.41,0.0,11.186164,0.0
2019-02-26,21,0,282,0.0,0.0,0.0,0.0,0.0
2019-02-26,22,0,9,0.0,0.0,0.0,0.0,0.0
2019-02-26,22,0,17,0.0,0.0,0.0,0.0,0.0
2019-02-26,22,0,19,188.54,188.54,0.0,1791.639605,0.0
2019-02-26,22,0,20,228.66,228.66,0.0,2172.888045,0.0
2019-02-26,22,0,21,0.0,0.0,0.0,0.0,0.0
2019-02-26,22,0,22,0.0,0.0,0.0,0.0,0.0
2019-02-26,22,0,23,51.33,51.33,0.0,388.685056,0.0
2019-02-26,22,0,24,90.82,90.82,0.0,687.714334,0.0
2019-02-26,22,0,29,0.0,0.0,0.0,0.0,0.0
2019-02-26,22,0,30,0.0,0.0,0.0,0.0,0.0
2019-02-26,22,0,31,2.87,2.87,0.0,21.697306,0.0
2019-02-26,22,0,32,0.0,0.0,0.0,0.0,0.0
2019-02-26,22,0,33,0.0,0.0,0.0,0.0,0.0
2019-02-26,22,0,34,0.0,0.0,0.0,0.0,0.0
2019-02-26,22,0,35,0.0,0.0,0.0,0.0,0.0
2019-02-26,22,0,36,0.0,0.0,0.0,0.0,0.0
2019-02-26,22,0,37,0.0,0.0,0.0,0.0,0.0
2019-02-26,22,0,38,0.0,0.0,0.0,0.0,0.0
2019-02-26,22,0,39,0.0,0.0,0.0,0.0,0.0
2019-02-26,22,0,40,0.0,0.0,0.0,0.0,0.0
2019-02-26,22,0,41,41.71,41.71,0.0,342.435386,0.0
2019-02-26,22,0,42,0.0,0.0,0.0,0.0,0.0
2019-02-26,22,0,43,0.0,0.0,0.0,0.0,0.0
2019-02-26,22,0,46,0.0,0.0,0.0,0.0,0.0
2019-02-26,22,0,52,3.05,3.05,0.0,23.058112,0.0
2019-02-26,22,0,53,4.84,4.84,0.0,36.590578,0.0
2019-02-26,22,0,55,149.87,149.87,0.0,1134.85738,0.0
2019-02-26,22,0,56,0.0,0.0,0.0,0.0,0.0
2019-02-26,22,0,57,0.0,0.0,0.0,0.0,0.0
2019-02-26,22,0,58,0.0,0.0,0.0,0.0,0.0
2019-02-26,22,0,59,0.0,0.0,0.0,0.0,0.0
2019-02-26,22,0,63,160.3,160.3,0.0,2669.821329,0.0
2019-02-26,22,0,64,188.59,188.59,0.0,3140.99566,0.0
2019-02-26,22,0,65,14.01,14.01,0.0,132.941182,0.0
2019-02-26,22,0,67,0.0,0.0,0.0,-0.0,0.0
2019-02-26,22,0,68,4.0,4.0,0.0,12.380487,0.0
2019-02-26,22,0,69,0.0,0.0,0.0,0.0,0.0
2019-02-26,22,0,74,37.19,37.19,0.0,338.449927,0.0
2019-02-26,22,0,77,89.03,89.03,0.0,569.388193,0.0
2019-02-26,22,0,78,67.31,67.31,0.0,430.478707,0.0
2019-02-26,22,0,79,38.95,38.95,0.0,249.103337,0.0
2019-02-26,22,0,80,62.99,62.99,0.0,402.850301,0.0
2019-02-26,22,0,81,82.35,82.35,0.0,526.666491,0.0
2019-02-26,22,0,82,58.09,58.09,0.0,371.512525,0.0
2019-02-26,22,0,83,129.54,129.54,0.0,828.468454,0.0
2019-02-26,22,0,84,0.0,0.0,0.0,0.0,0.0
2019-02-26,22,0,86,0.0,0.0,0.0,0.0,0.0
2019-02-26,22,0,87,0.0,0.0,0.0,0.0,0.0
2019-02-26,22,0,88,79.36,79.36,0.0,507.544052,0.0
2019-02-26,22,0,89,76.29,76.29,0.0,487.909977,0.0
2019-02-26,22,0,90,102.44,102.44,0.0,655.15137,0.0
2019-02-26,22,0,91,365.41,365.41,0.0,2336.966635,0.0
2019-02-26,22,0,92,131.42,131.42,0.0,840.491927,0.0
2019-02-26,22,0,95,120.0,120.0,0.0,1765.082549,0.0
2019-02-26,22,0,96,11.49,11.49,0.0,86.717822,0.0
2019-02-26,22,0,97,70.67,70.67,0.0,533.363662,0.0
2019-02-26,22,0,99,7.18,7.18,0.0,65.34204,0.0
2019-02-26,22,0,101,0.0,0.0,0.0,0.0,0.0
2019-02-26,22,0,102,9.48,9.48,0.0,29.341755,0.0
2019-02-26,22,0,103,8.24,8.24,0.0,25.503804,0.0
2019-02-26,22,0,104,1.53,1.53,0.0,4.735536,0.0
2019-02-26,22,0,106,0.0,0.0,0.0,0.0,0.0
2019-02-26,22,0,109,171.41,171.41,0.0,1479.429138,0.0
2019-02-26,22,0,110,295.61,295.61,0.0,-3731.510231,0.0
2019-02-26,22,0,111,0.0,0.0,0.0,0.0,0.0
2019-02-26,22,0,113,72.63,72.63,0.0,502.877277,0.0
2019-02-26,22,0,115,72.63,72.63,0.0,502.877277,0.0
2019-02-26,22,0,116,0.0,0.0,0.0,-0.0,0.0
2019-02-26,22,0,117,4.84,4.84,0.0,33.511304,0.0
2019-02-26,22,0,119,188.59,188.59,0.0,3140.99566,0.0
2019-02-26,22,0,120,110.89,110.89,0.0,1846.890126,0.0
2019-02-26,22,0,123,0.0,0.0,0.0,0.0,0.0
2019-02-26,22,0,125,82.19,82.19,0.0,622.365571,0.0
2019-02-26,22,0,126,0.0,0.0,0.0,0.0,0.0
2019-02-26,22,0,127,0.0,0.0,0.0,0.0,0.0
2019-02-26,22,0,128,117.72,117.72,0.0,891.408626,0.0
2019-02-26,22,0,131,11.64,11.64,0.0,48.055563,0.0
2019-02-26,22,0,132,17.1,17.1,0.0,70.59709,0.0
2019-02-26,22,0,133,49.41,49.41,0.0,469.592243,0.0
2019-02-26,22,0,134,0.0,0.0,0.0,0.0,0.0
2019-02-26,22,0,135,66.21,66.21,0.0,629.259308,0.0
2019-02-26,22,0,136,16.92,16.92,0.0,160.541524,0.0
2019-02-26,22,0,139,53.86,53.86,0.0,442.185804,0.0
2019-02-26,22,0,140,218.78,218.78,0.0,-2761.678591,0.0
2019-02-26,22,0,141,121.59,121.59,0.0,-94.128735,0.0
2019-02-26,22,0,142,0.0,0.0,0.0,-0.0,0.0
2019-02-26,22,0,143,5.7,5.7,0.0,43.09221,0.0
2019-02-26,22,0,145,26.12,26.12,0.0,207.850916,0.0
2019-02-26,22,0,146,223.34,223.34,0.0,-2819.23986,0.0
2019-02-26,22,0,152,0.0,0.0,0.0,0.0,0.0
2019-02-26,22,0,153,0.0,0.0,0.0,0.0,0.0
2019-02-26,22,0,154,0.0,0.0,0.0,0.0,0.0
2019-02-26,22,0,157,183.11,183.11,0.0,-141.75436,0.0
2019-02-26,22,0,158,0.0,0.0,0.0,-0.0,0.0
2019-02-26,22,0,159,0.0,0.0,0.0,0.0,0.0
2019-02-26,22,0,160,0.0,0.0,0.0,0.0,0.0
2019-02-26,22,0,161,0.0,0.0,0.0,0.0,0.0
2019-02-26,22,0,162,92.82,92.82,0.0,1367.296562,0.0
2019-02-26,22,0,163,77.44,77.44,0.0,-977.531722,0.0
2019-02-26,22,0,164,0.0,0.0,0.0,0.0,0.0
2019-02-26,22,0,167,0.0,0.0,0.0,0.0,0.0
2019-02-26,22,0,168,0.0,0.0,0.0,0.0,0.0
2019-02-26,22,0,169,0.0,0.0,0.0,0.0,0.0
2019-02-26,22,0,170,0.0,0.0,0.0,0.0,0.0
2019-02-26,22,0,172,0.0,0.0,0.0,0.0,0.0
2019-02-26,22,0,173,0.0,0.0,0.0,0.0,0.0
2019-02-26,22,0,188,0.0,0.0,0.0,0.0,0.0
2019-02-26,22,0,190,0.0,0.0,0.0,0.0,0.0
2019-02-26,22,0,191,0.0,0.0,0.0,0.0,0.0
2019-02-26,22,0,192,128.39,128.39,0.0,2138.355336,0.0
2019-02-26,22,0,194,176.5,176.5,0.0,1817.404629,0.0
2019-02-26,22,0,196,0.0,0.0,0.0,0.0,0.0
2019-02-26,22,0,198,0.0,0.0,0.0,0.0,0.0
2019-02-26,22,0,199,130.0,130.0,0.0,1433.849722,0.0
2019-02-26,22,0,200,0.0,0.0,0.0,0.0,0.0
2019-02-26,22,0,204,857.0,857.0,0.0,7355.344531,0.0
2019-02-26,22,0,205,852.76,852.76,0.0,7360.118967,0.0
2019-02-26,22,0,206,207.67,207.67,0.0,1567.33595,0.0
2019-02-26,22,0,210,0.0,0.0,0.0,0.0,0.0
2019-02-26,22,0,214,0.0,0.0,0.0,0.0,0.0
2019-02-26,22,0,217,0.0,0.0,0.0,0.0,0.0
2019-02-26,22,0,218,0.0,0.0,0.0,0.0,0.0
2019-02-26,22,0,219,0.0,0.0,0.0,0.0,0.0
2019-02-26,22,0,221,0.0,0.0,0.0,0.0,0.0
2019-02-26,22,0,225,0.0,0.0,0.0,0.0,0.0
2019-02-26,22,0,233,0.0,0.0,0.0,0.0,0.0
2019-02-26,22,0,236,103.3,103.3,0.0,962.344589,0.0
2019-02-26,22,0,237,89.22,89.22,0.0,811.952204,0.0
2019-02-26,22,0,238,0.0,0.0,0.0,0.0,0.0
2019-02-26,22,0,240,0.0,0.0,0.0,0.0,0.0
2019-02-26,22,0,245,118.3,118.3,0.0,1130.121769,0.0
2019-02-26,22,0,247,80.1,80.1,0.0,765.196565,0.0
2019-02-26,22,0,248,8.96,8.96,0.0,81.541042,0.0
2019-02-26,22,0,249,227.51,227.51,0.0,2173.406624,0.0
2019-02-26,22,0,251,231.39,231.39,0.0,2190.466673,0.0
2019-02-26,22,0,252,90.4,90.4,0.0,857.807485,0.0
2019-02-26,22,0,254,0.0,0.0,0.0,0.0,0.0
2019-02-26,22,0,255,0.0,0.0,0.0,0.0,0.0
2019-02-26,22,0,258,0.0,0.0,0.0,0.0,0.0
2019-02-26,22,0,260,0.0,0.0,0.0,0.0,0.0
2019-02-26,22,0,265,0.0,0.0,0.0,0.0,0.0
2019-02-26,22,0,266,34.88,34.88,0.0,286.361694,0.0
2019-02-26,22,0,267,42.86,42.86,0.0,351.876783,0.0
2019-02-26,22,0,270,241.85,241.85,0.0,-3052.893168,0.0
2019-02-26,22,0,272,242.72,242.72,0.0,1680.55036,0.0
2019-02-26,22,0,273,0.0,0.0,0.0,-0.0,0.0
2019-02-26,22,0,274,311.78,311.78,0.0,-3935.62552,0.0
2019-02-26,22,0,275,434.0,434.0,0.0,-5478.418999,0.0
2019-02-26,22,0,276,0.0,0.0,0.0,-0.0,0.0
2019-02-26,22,0,277,0.0,0.0,0.0,0.0,0.0
2019-02-26,22,0,278,0.0,0.0,0.0,0.0,0.0
2019-02-26,22,0,279,112.48,112.48,0.0,754.965265,0.0
2019-02-26,22,0,281,1.29,1.29,0.0,9.752447,0.0
2019-02-26,22,0,282,0.0,0.0,0.0,0.0,0.0
2019-02-26,23,0,9,0.0,0.0,0.0,0.0,0.0
2019-02-26,23,0,17,0.0,0.0,0.0,0.0,0.0
2019-02-26,23,0,19,182.19,182.19,0.0,2612.266308,0.0
2019-02-26,23,0,20,220.96,220.96,0.0,3168.156119,0.0
2019-02-26,23,0,21,0.0,0.0,0.0,0.0,0.0
2019-02-26,23,0,22,0.0,0.0,0.0,0.0,0.0
2019-02-26,23,0,23,47.85,47.85,0.0,403.267328,0.0
2019-02-26,23,0,24,84.66,84.66,0.0,713.492414,0.0
2019-02-26,23,0,29,0.0,0.0,0.0,0.0,0.0
2019-02-26,23,0,30,0.0,0.0,0.0,0.0,0.0
2019-02-26,23,0,31,2.45,2.45,0.0,20.573889,0.0
2019-02-26,23,0,32,0.0,0.0,0.0,0.0,0.0
2019-02-26,23,0,33,0.0,0.0,0.0,0.0,0.0
2019-02-26,23,0,34,0.0,0.0,0.0,0.0,0.0
2019-02-26,23,0,35,0.0,0.0,0.0,0.0,0.0
2019-02-26,23,0,36,0.0,0.0,0.0,0.0,0.0
2019-02-26,23,0,37,0.0,0.0,0.0,0.0,0.0
2019-02-26,23,0,38,0.0,0.0,0.0,0.0,0.0
2019-02-26,23,0,39,0.0,0.0,0.0,0.0,0.0
2019-02-26,23,0,40,0.0,0.0,0.0,0.0,0.0
2019-02-26,23,0,41,38.64,38.64,0.0,389.926545,0.0
2019-02-26,23,0,42,0.0,0.0,0.0,0.0,0.0
2019-02-26,23,0,43,0.0,0.0,0.0,0.0,0.0
2019-02-26,23,0,46,0.0,0.0,0.0,0.0,0.0
2019-02-26,23,0,52,2.6,2.6,0.0,21.833515,0.0
2019-02-26,23,0,53,4.12,4.12,0.0,34.597724,0.0
2019-02-26,23,0,55,250.35,250.35,0.0,2109.884547,0.0
2019-02-26,23,0,56,0.0,0.0,0.0,0.0,0.0
2019-02-26,23,0,57,0.0,0.0,0.0,0.0,0.0
2019-02-26,23,0,58,0.0,0.0,0.0,0.0,0.0
2019-02-26,23,0,59,0.0,0.0,0.0,0.0,0.0
2019-02-26,23,0,63,170.0,170.0,0.0,3274.902867,0.0
2019-02-26,23,0,64,200.0,200.0,0.0,3852.826902,0.0
2019-02-26,23,0,65,12.79,12.79,0.0,182.654324,0.0
2019-02-26,23,0,67,0.0,0.0,0.0,-0.0,0.0
2019-02-26,23,0,68,3.86,3.86,0.0,3.103816,0.0
2019-02-26,23,0,69,0.0,0.0,0.0,0.0,0.0
2019-02-26,23,0,74,26.99,26.99,0.0,343.476473,0.0
2019-02-26,23,0,77,95.43,95.43,0.0,528.74966,0.0
2019-02-26,23,0,78,72.15,72.15,0.0,399.762003,0.0
2019-02-26,23,0,79,41.75,41.75,0.0,231.324513,0.0
2019-02-26,23,0,80,67.52,67.52,0.0,374.10853,0.0
2019-02-26,23,0,81,88.28,88.28,0.0,489.133606,0.0
2019-02-26,23,0,82,62.27,62.27,0.0,345.019819,0.0
2019-02-26,23,0,83,138.86,138.86,0.0,769.382561,0.0
2019-02-26,23,0,84,0.0,0.0,0.0,0.0,0.0
2019-02-26,23,0,86,0.0,0.0,0.0,0.0,0.0
2019-02-26,23,0,87,0.0,0.0,0.0,0.0,0.0
2019-02-26,23,0,88,88.95,88.95,0.0,492.845879,0.0
2019-02-26,23,0,89,85.51,85.51,0.0,473.785848,0.0
2019-02-26,23,0,90,114.81,114.81,0.0,636.12856,0.0
2019-02-26,23,0,91,409.56,409.56,0.0,2269.251921,0.0
2019-02-26,23,0,92,147.3,147.3,0.0,816.146128,0.0
2019-02-26,23,0,95,120.0,120.0,0.0,1978.302652,0.0
2019-02-26,23,0,96,10.73,10.73,0.0,89.766202,0.0
2019-02-26,23,0,97,65.96,65.96,0.0,551.815346,0.0
2019-02-26,23,0,99,5.21,5.21,0.0,66.302794,0.0
2019-02-26,23,0,101,0.0,0.0,0.0,0.0,0.0
2019-02-26,23,0,102,9.13,9.13,0.0,7.341408,0.0
2019-02-26,23,0,103,7.94,7.94,0.0,6.384532,0.0
2019-02-26,23,0,104,1.47,1.47,0.0,1.182023,0.0
2019-02-26,23,0,106,0.0,0.0,0.0,0.0,0.0
2019-02-26,23,0,109,148.04,148.04,0.0,1624.374741,0.0
2019-02-26,23,0,110,338.6,338.6,0.0,-7233.261436,0.0
2019-02-26,23,0,111,0.0,0.0,0.0,0.0,0.0
2019-02-26,23,0,113,72.94,72.94,0.0,438.759853,0.0
2019-02-26,23,0,115,72.94,72.94,0.0,438.759853,0.0
2019-02-26,23,0,116,0.0,0.0,0.0,-0.0,0.0
2019-02-26,23,0,117,4.86,4.86,0.0,29.234616,0.0
2019-02-26,23,0,119,200.0,200.0,0.0,3852.826902,0.0
2019-02-26,23,0,120,117.6,117.6,0.0,2265.462218,0.0
2019-02-26,23,0,123,0.0,0.0,0.0,0.0,0.0
2019-02-26,23,0,125,76.61,76.61,0.0,645.649112,0.0
2019-02-26,23,0,126,0.0,0.0,0.0,0.0,0.0
2019-02-26,23,0,127,0.0,0.0,0.0,0.0,0.0
2019-02-26,23,0,128,109.72,109.72,0.0,924.691562,0.0
2019-02-26,23,0,131,11.41,11.41,0.0,25.802362,0.0
2019-02-26,23,0,132,16.77,16.77,0.0,37.923366,0.0
2019-02-26,23,0,133,50.96,50.96,0.0,730.946008,0.0
2019-02-26,23,0,134,0.0,0.0,0.0,0.0,0.0
2019-02-26,23,0,135,68.29,68.29,0.0,979.519287,0.0
2019-02-26,23,0,136,14.19,14.19,0.0,202.603266,0.0
2019-02-26,23,0,139,49.9,49.9,0.0,503.554208,0.0
2019-02-26,23,0,140,250.6,250.6,0.0,-5353.382504,0.0
2019-02-26,23,0,141,118.15,118.15,0.0,-549.690681,0.0
2019-02-26,23,0,142,0.0,0.0,0.0,-0.0,0.0
2019-02-26,23,0,143,5.05,5.05,0.0,42.407404,0.0
2019-02-26,23,0,145,9.55,9.55,0.0,89.340038,0.0
2019-02-26,23,0,146,231.17,231.17,0.0,-4938.313781,0.0
2019-02-26,23,0,152,0.0,0.0,0.0,0.0,0.0
2019-02-26,23,0,153,0.0,0.0,0.0,0.0,0.0
2019-02-26,23,0,154,0.0,0.0,0.0,0.0,0.0
2019-02-26,23,0,157,185.13,185.13,0.0,-861.313887,0.0
2019-02-26,23,0,158,0.0,0.0,0.0,-0.0,0.0
2019-02-26,23,0,159,0.0,0.0,0.0,0.0,0.0
2019-02-26,23,0,160,0.0,0.0,0.0,0.0,0.0
2019-02-26,23,0,161,0.0,0.0,0.0,0.0,0.0
2019-02-26,23,0,162,41.8,41.8,0.0,690.414921,0.0
2019-02-26,23,0,163,80.64,80.64,0.0,-1722.652694,0.0
2019-02-26,23,0,164,0.0,0.0,0.0,0.0,0.0
2019-02-26,23,0,167,0.0,0.0,0.0,0.0,0.0
2019-02-26,23,0,168,0.0,0.0,0.0,0.0,0.0
2019-02-26,23,0,169,0.0,0.0,0.0,0.0,0.0
2019-02-26,23,0,170,0.0,0.0,0.0,0.0,0.0
2019-02-26,23,0,172,0.0,0.0,0.0,0.0,0.0
2019-02-26,23,0,173,0.0,0.0,0.0,0.0,0.0
2019-02-26,23,0,188,0.0,0.0,0.0,0.0,0.0
2019-02-26,23,0,190,0.0,0.0,0.0,0.0,0.0
2019-02-26,23,0,191,0.0,0.0,0.0,0.0,0.0
2019-02-26,23,0,192,115.07,115.07,0.0,2216.723958,0.0
2019-02-26,23,0,194,176.5,176.5,0.0,1856.753754,0.0
2019-02-26,23,0,196,0.0,0.0,0.0,0.0,0.0
2019-02-26,23,0,198,0.0,0.0,0.0,0.0,0.0
2019-02-26,23,0,199,95.85,95.85,0.0,997.117552,0.0
2019-02-26,23,0,200,0.0,0.0,0.0,0.0,0.0
2019-02-26,23,0,204,857.0,857.0,0.0,9266.913188,0.0
2019-02-26,23,0,205,783.11,783.11,0.0,8592.705374,0.0
2019-02-26,23,0,206,193.81,193.81,0.0,1621.39679,0.0
2019-02-26,23,0,210,0.0,0.0,0.0,0.0,0.0
2019-02-26,23,0,214,0.0,0.0,0.0,0.0,0.0
2019-02-26,23,0,217,0.0,0.0,0.0,0.0,0.0
2019-02-26,23,0,218,0.0,0.0,0.0,0.0,0.0
2019-02-26,23,0,219,0.0,0.0,0.0,0.0,0.0
2019-02-26,23,0,221,0.0,0.0,0.0,0.0,0.0
2019-02-26,23,0,225,0.0,0.0,0.0,0.0,0.0
2019-02-26,23,0,233,0.0,0.0,0.0,0.0,0.0
2019-02-26,23,0,236,77.34,77.34,0.0,1047.843132,0.0
2019-02-26,23,0,237,64.75,64.75,0.0,824.012657,0.0
2019-02-26,23,0,238,0.0,0.0,0.0,0.0,0.0
2019-02-26,23,0,240,0.0,0.0,0.0,0.0,0.0
2019-02-26,23,0,245,121.43,121.43,0.0,1766.58542,0.0
2019-02-26,23,0,247,75.47,75.47,0.0,1097.951096,0.0
2019-02-26,23,0,248,6.5,6.5,0.0,82.719417,0.0
2019-02-26,23,0,249,233.52,233.52,0.0,3397.290845,0.0
2019-02-26,23,0,251,110.15,110.15,0.0,1562.725523,0.0
2019-02-26,23,0,252,82.48,82.48,0.0,1177.899035,0.0
2019-02-26,23,0,254,0.0,0.0,0.0,0.0,0.0
2019-02-26,23,0,255,0.0,0.0,0.0,0.0,0.0
2019-02-26,23,0,258,0.0,0.0,0.0,0.0,0.0
2019-02-26,23,0,260,0.0,0.0,0.0,0.0,0.0
2019-02-26,23,0,265,0.0,0.0,0.0,0.0,0.0
2019-02-26,23,0,266,32.31,32.31,0.0,326.048827,0.0
2019-02-26,23,0,267,39.7,39.7,0.0,400.623288,0.0
2019-02-26,23,0,270,251.83,251.83,0.0,-5379.658084,0.0
2019-02-26,23,0,272,243.76,243.76,0.0,1466.302463,0.0
2019-02-26,23,0,273,0.0,0.0,0.0,-0.0,0.0
2019-02-26,23,0,274,324.64,324.64,0.0,-6935.044278,0.0
2019-02-26,23,0,275,451.91,451.91,0.0,-9653.819183,0.0
2019-02-26,23,0,276,0.0,0.0,0.0,-0.0,0.0
2019-02-26,23,0,277,0.0,0.0,0.0,0.0,0.0
2019-02-26,23,0,278,0.0,0.0,0.0,0.0,0.0
2019-02-26,23,0,279,113.55,113.55,0.0,661.435536,0.0
2019-02-26,23,0,281,1.1,1.1,0.0,9.237256,0.0
2019-02-26,23,0,282,0.0,0.0,0.0,0.0,0.0
2019-02-27,0,0,9,0.0,0.0,0.0,0.0,0.0
2019-02-27,0,0,17,0.0,0.0,0.0,0.0,0.0
2019-02-27,0,0,19,175.99,175.99,0.0,1654.90414,0.0
2019-02-27,0,0,20,213.44,213.44,0.0,2007.061422,0.0
2019-02-27,0,0,21,0.0,0.0,0.0,0.0,0.0
2019-02-27,0,0,22,0.0,0.0,0.0,0.0,0.0
2019-02-27,0,0,23,49.5,49.5,0.0,380.849018,0.0
2019-02-27,0,0,24,87.59,87.59,0.0,673.910414,0.0
2019-02-27,0,0,29,0.0,0.0,0.0,0.0,0.0
2019-02-27,0,0,30,0.0,0.0,0.0,0.0,0.0
2019-02-27,0,0,31,3.56,3.56,0.0,27.351761,0.0
2019-02-27,0,0,32,0.0,0.0,0.0,0.0,0.0
2019-02-27,0,0,33,0.0,0.0,0.0,0.0,0.0
2019-02-27,0,0,34,0.0,0.0,0.0,0.0,0.0
2019-02-27,0,0,35,0.0,0.0,0.0,0.0,0.0
2019-02-27,0,0,36,0.0,0.0,0.0,0.0,0.0
2019-02-27,0,0,37,0.0,0.0,0.0,0.0,0.0
2019-02-27,0,0,38,0.0,0.0,0.0,0.0,0.0
2019-02-27,0,0,39,0.0,0.0,0.0,0.0,0.0
2019-02-27,0,0,40,0.0,0.0,0.0,0.0,0.0
2019-02-27,0,0,41,36.67,36.67,0.0,302.841845,0.0
2019-02-27,0,0,42,0.0,0.0,0.0,0.0,0.0
2019-02-27,0,0,43,0.0,0.0,0.0,0.0,0.0
2019-02-27,0,0,46,0.0,0.0,0.0,0.0,0.0
2019-02-27,0,0,52,3.78,3.78,0.0,29.042038,0.0
2019-02-27,0,0,53,6.0,6.0,0.0,46.098474,0.0
2019-02-27,0,0,55,274.79,274.79,0.0,2114.212154,0.0
2019-02-27,0,0,56,0.0,0.0,0.0,0.0,0.0
2019-02-27,0,0,57,0.0,0.0,0.0,0.0,0.0
2019-02-27,0,0,58,0.0,0.0,0.0,0.0,0.0
2019-02-27,0,0,59,0.0,0.0,0.0,0.0,0.0
2019-02-27,0,0,63,170.0,170.0,0.0,2675.3278,0.0
2019-02-27,0,0,64,200.0,200.0,0.0,3147.44447,0.0
2019-02-27,0,0,65,11.9,11.9,0.0,111.756263,0.0
2019-02-27,0,0,67,0.0,0.0,0.0,0.0,0.0
2019-02-27,0,0,68,3.92,3.92,0.0,14.618434,0.0
2019-02-27,0,0,69,0.0,0.0,0.0,0.0,0.0
2019-02-27,0,0,74,19.0,19.0,0.0,171.898418,0.0
2019-02-27,0,0,77,106.18,106.18,0.0,706.287781,0.0
2019-02-27,0,0,78,80.27,80.27,0.0,533.939726,0.0
2019-02-27,0,0,79,46.46,46.46,0.0,309.042478,0.0
2019-02-27,0,0,80,75.12,75.12,0.0,499.682973,0.0
2019-02-27,0,0,81,98.22,98.22,0.0,653.339478,0.0
2019-02-27,0,0,82,69.28,69.28,0.0,460.83648,0.0
2019-02-27,0,0,83,154.5,154.5,0.0,1027.7026,0.0
2019-02-27,0,0,84,0.0,0.0,0.0,0.0,0.0
2019-02-27,0,0,86,0.0,0.0,0.0,0.0,0.0
2019-02-27,0,0,87,0.0,0.0,0.0,0.0,0.0
2019-02-27,0,0,88,103.17,103.17,0.0,686.265872,0.0
2019-02-27,0,0,89,99.18,99.18,0.0,659.725203,0.0
2019-02-27,0,0,90,133.17,133.17,0.0,885.819775,0.0
2019-02-27,0,0,91,475.04,475.04,0.0,3159.869536,0.0
2019-02-27,0,0,92,170.85,170.85,0.0,1136.459477,0.0
2019-02-27,0,0,95,67.44,67.44,0.0,945.092825,0.0
2019-02-27,0,0,96,10.86,10.86,0.0,83.315199,0.0
2019-02-27,0,0,97,66.79,66.79,0.0,512.396146,0.0
2019-02-27,0,0,99,3.67,3.67,0.0,33.203537,0.0
2019-02-27,0,0,101,0.0,0.0,0.0,0.0,0.0
2019-02-27,0,0,102,9.28,9.28,0.0,34.606905,0.0
2019-02-27,0,0,103,8.07,8.07,0.0,30.094582,0.0
2019-02-27,0,0,104,1.5,1.5,0.0,5.593789,0.0
2019-02-27,0,0,106,0.0,0.0,0.0,0.0,0.0
2019-02-27,0,0,109,106.04,106.04,0.0,915.274852,0.0
2019-02-27,0,0,110,338.6,338.6,0.0,-3450.333825,0.0
2019-02-27,0,0,111,0.0,0.0,0.0,0.0,0.0
2019-02-27,0,0,113,75.54,75.54,0.0,537.820829,0.0
2019-02-27,0,0,115,75.54,75.54,0.0,537.820829,0.0
2019-02-27,0,0,116,0.0,0.0,0.0,-0.0,0.0
2019-02-27,0,0,117,5.04,5.04,0.0,35.883201,0.0
2019-02-27,0,0,119,200.0,200.0,0.0,3147.44447,0.0
2019-02-27,0,0,120,117.6,117.6,0.0,1850.697348,0.0
2019-02-27,0,0,123,0.0,0.0,0.0,0.0,0.0
2019-02-27,0,0,125,79.26,79.26,0.0,609.820064,0.0
2019-02-27,0,0,126,0.0,0.0,0.0,0.0,0.0
2019-02-27,0,0,127,0.0,0.0,0.0,0.0,0.0
2019-02-27,0,0,128,113.52,113.52,0.0,873.413748,0.0
2019-02-27,0,0,131,11.83,11.83,0.0,54.941863,0.0
2019-02-27,0,0,132,17.38,17.38,0.0,80.717631,0.0
2019-02-27,0,0,133,52.44,52.44,0.0,493.17409,0.0
2019-02-27,0,0,134,0.0,0.0,0.0,0.0,0.0
2019-02-27,0,0,135,70.27,70.27,0.0,660.857042,0.0
2019-02-27,0,0,136,12.09,12.09,0.0,113.532565,0.0
2019-02-27,0,0,139,47.35,47.35,0.0,391.043397,0.0
2019-02-27,0,0,140,250.6,250.6,0.0,-2553.61387,0.0
2019-02-27,0,0,141,122.82,122.82,0.0,37.186979,0.0
2019-02-27,0,0,142,0.0,0.0,0.0,0.0,0.0
2019-02-27,0,0,143,17.39,17.39,0.0,133.608743,0.0
2019-02-27,0,0,145,9.32,9.32,0.0,74.886995,0.0
2019-02-27,0,0,146,248.01,248.01,0.0,-2527.221772,0.0
2019-02-27,0,0,152,0.0,0.0,0.0,0.0,0.0
2019-02-27,0,0,153,0.0,0.0,0.0,0.0,0.0
2019-02-27,0,0,154,0.0,0.0,0.0,0.0,0.0
2019-02-27,0,0,157,190.42,190.42,0.0,57.654654,0.0
2019-02-27,0,0,158,0.0,0.0,0.0,0.0,0.0
2019-02-27,0,0,159,0.0,0.0,0.0,0.0,0.0
2019-02-27,0,0,160,0.0,0.0,0.0,0.0,0.0
2019-02-27,0,0,161,0.0,0.0,0.0,0.0,0.0
2019-02-27,0,0,162,39.41,39.41,0.0,553.039055,0.0
2019-02-27,0,0,163,87.1,87.1,0.0,-887.548955,0.0
2019-02-27,0,0,164,0.0,0.0,0.0,0.0,0.0
2019-02-27,0,0,167,0.0,0.0,0.0,0.0,0.0
2019-02-27,0,0,168,0.0,0.0,0.0,0.0,0.0
2019-02-27,0,0,169,0.0,0.0,0.0,0.0,0.0
2019-02-27,0,0,170,0.0,0.0,0.0,0.0,0.0
2019-02-27,0,0,172,0.0,0.0,0.0,0.0,0.0
2019-02-27,0,0,173,0.0,0.0,0.0,0.0,0.0
2019-02-27,0,0,188,0.0,0.0,0.0,0.0,0.0
2019-02-27,0,0,190,0.0,0.0,0.0,0.0,0.0
2019-02-27,0,0,191,0.0,0.0,0.0,0.0,0.0
2019-02-27,0,0,192,105.66,105.66,0.0,1662.794914,0.0
2019-02-27,0,0,194,176.5,176.5,0.0,1783.833526,0.0
2019-02-27,0,0,196,0.0,0.0,0.0,0.0,0.0
2019-02-27,0,0,198,0.0,0.0,0.0,0.0,0.0
2019-02-27,0,0,199,28.67,28.67,0.0,308.361553,0.0
2019-02-27,0,0,200,0.0,0.0,0.0,0.0,0.0
2019-02-27,0,0,204,674.62,674.62,0.0,5794.084298,0.0
2019-02-27,0,0,205,560.96,560.96,0.0,4841.876473,0.0
2019-02-27,0,0,206,196.27,196.27,0.0,1505.734265,0.0
2019-02-27,0,0,210,0.0,0.0,0.0,0.0,0.0
2019-02-27,0,0,214,0.0,0.0,0.0,0.0,0.0
2019-02-27,0,0,217,0.0,0.0,0.0,0.0,0.0
2019-02-27,0,0,218,0.0,0.0,0.0,0.0,0.0
2019-02-27,0,0,219,0.0,0.0,0.0,0.0,0.0
2019-02-27,0,0,221,0.0,0.0,0.0,0.0,0.0
2019-02-27,0,0,225,0.0,0.0,0.0,0.0,0.0
2019-02-27,0,0,233,0.0,0.0,0.0,0.0,0.0
2019-02-27,0,0,236,56.85,56.85,0.0,525.184853,0.0
2019-02-27,0,0,237,45.57,45.57,0.0,412.284785,0.0
2019-02-27,0,0,238,0.0,0.0,0.0,0.0,0.0
2019-02-27,0,0,240,0.0,0.0,0.0,0.0,0.0
2019-02-27,0,0,245,79.34,79.34,0.0,749.600598,0.0
2019-02-27,0,0,247,72.35,72.35,0.0,683.559406,0.0
2019-02-27,0,0,248,4.57,4.57,0.0,41.346093,0.0
2019-02-27,0,0,249,148.63,148.63,0.0,1404.249268,0.0
2019-02-27,0,0,251,109.92,109.92,0.0,1030.103195,0.0
2019-02-27,0,0,252,76.74,76.74,0.0,720.68703,0.0
2019-02-27,0,0,254,0.0,0.0,0.0,0.0,0.0
2019-02-27,0,0,255,0.0,0.0,0.0,0.0,0.0
2019-02-27,0,0,258,0.0,0.0,0.0,0.0,0.0
2019-02-27,0,0,260,0.0,0.0,0.0,0.0,0.0
2019-02-27,0,0,265,0.0,0.0,0.0,0.0,0.0
2019-02-27,0,0,266,30.66,30.66,0.0,253.207826,0.0
2019-02-27,0,0,267,37.68,37.68,0.0,311.183003,0.0
2019-02-27,0,0,270,272.0,272.0,0.0,-2771.679859,0.0
2019-02-27,0,0,272,252.45,252.45,0.0,1797.363891,0.0
2019-02-27,0,0,273,0.0,0.0,0.0,-0.0,0.0
2019-02-27,0,0,274,350.64,350.64,0.0,-3573.021419,0.0
2019-02-27,0,0,275,488.1,488.1,0.0,-4973.738748,0.0
2019-02-27,0,0,276,0.0,0.0,0.0,-0.0,0.0
2019-02-27,0,0,277,0.0,0.0,0.0,0.0,0.0
2019-02-27,0,0,278,0.0,0.0,0.0,0.0,0.0
2019-02-27,0,0,279,120.57,120.57,0.0,835.803256,0.0
2019-02-27,0,0,281,1.6,1.6,0.0,12.292926,0.0
2019-02-27,0,0,282,0.0,0.0,0.0,0.0,0.0
2019-02-27,1,0,9,0.0,0.0,0.0,0.0,0.0
2019-02-27,1,0,17,0.0,0.0,0.0,0.0,0.0
2019-02-27,1,0,19,170.56,170.56,0.0,1390.99256,0.0
2019-02-27,1,0,20,206.86,206.86,0.0,1687.035184,0.0
2019-02-27,1,0,21,0.0,0.0,0.0,0.0,0.0
2019-02-27,1,0,22,0.0,0.0,0.0,0.0,0.0
2019-02-27,1,0,23,56.62,56.62,0.0,678.992073,0.0
2019-02-27,1,0,24,100.17,100.17,0.0,1201.247545,0.0
2019-02-27,1,0,29,0.0,0.0,0.0,0.0,0.0
2019-02-27,1,0,30,0.0,0.0,0.0,0.0,0.0
2019-02-27,1,0,31,15.12,15.12,0.0,181.688253,0.0
2019-02-27,1,0,32,0.0,0.0,0.0,0.0,0.0
2019-02-27,1,0,33,0.0,0.0,0.0,0.0,0.0
2019-02-27,1,0,34,0.0,0.0,0.0,0.0,0.0
2019-02-27,1,0,35,0.0,0.0,0.0,0.0,0.0
2019-02-27,1,0,36,0.0,0.0,0.0,0.0,0.0
2019-02-27,1,0,37,0.0,0.0,0.0,0.0,0.0
2019-02-27,1,0,38,0.0,0.0,0.0,0.0,0.0
2019-02-27,1,0,39,0.0,0.0,0.0,0.0,0.0
2019-02-27,1,0,40,0.0,0.0,0.0,0.0,0.0
2019-02-27,1,0,41,35.54,35.54,0.0,381.16006,0.0
2019-02-27,1,0,42,0.0,0.0,0.0,0.0,0.0
2019-02-27,1,0,43,0.0,0.0,0.0,0.0,0.0
2019-02-27,1,0,46,0.0,0.0,0.0,0.0,0.0
2019-02-27,1,0,52,16.09,16.09,0.0,193.344179,0.0
2019-02-27,1,0,53,26.31,26.31,0.0,316.15198,0.0
2019-02-27,1,0,55,285.91,285.91,0.0,3428.658136,0.0
2019-02-27,1,0,56,0.0,0.0,0.0,0.0,0.0
2019-02-27,1,0,57,0.0,0.0,0.0,0.0,0.0
2019-02-27,1,0,58,0.0,0.0,0.0,0.0,0.0
2019-02-27,1,0,59,0.0,0.0,0.0,0.0,0.0
2019-02-27,1,0,63,170.0,170.0,0.0,5512.68471,0.0
2019-02-27,1,0,64,200.0,200.0,0.0,6485.511424,0.0
2019-02-27,1,0,65,11.28,11.28,0.0,92.300142,0.0
2019-02-27,1,0,67,0.0,0.0,0.0,-0.0,0.0
2019-02-27,1,0,68,4.21,4.21,0.0,-324.317092,0.0
2019-02-27,1,0,69,0.0,0.0,0.0,0.0,0.0
2019-02-27,1,0,74,12.77,12.77,0.0,114.351295,0.0
2019-02-27,1,0,77,122.77,122.77,0.0,-6462.467652,0.0
2019-02-27,1,0,78,92.81,92.81,0.0,-4885.408673,0.0
2019-02-27,1,0,79,53.71,53.71,0.0,-2827.2309,0.0
2019-02-27,1,0,80,86.86,86.86,0.0,-4572.207707,0.0
2019-02-27,1,0,81,113.56,113.56,0.0,-5977.664141,0.0
2019-02-27,1,0,82,80.11,80.11,0.0,-4216.895688,0.0
2019-02-27,1,0,83,178.63,178.63,0.0,-9402.87201,0.0
2019-02-27,1,0,84,0.0,0.0,0.0,0.0,0.0
2019-02-27,1,0,86,0.0,0.0,0.0,0.0,0.0
2019-02-27,1,0,87,0.0,0.0,0.0,0.0,0.0
2019-02-27,1,0,88,122.64,122.64,0.0,-6455.624606,0.0
2019-02-27,1,0,89,117.9,117.9,0.0,-6206.11661,0.0
2019-02-27,1,0,90,158.3,158.3,0.0,-8332.724846,0.0
2019-02-27,1,0,91,564.68,564.68,0.0,-29724.087592,0.0
2019-02-27,1,0,92,203.08,203.08,0.0,-10689.891103,0.0
2019-02-27,1,0,95,88.63,88.63,0.0,1586.961142,0.0
2019-02-27,1,0,96,11.88,11.88,0.0,143.057131,0.0
2019-02-27,1,0,97,73.07,73.07,0.0,879.89769,0.0
2019-02-27,1,0,99,2.47,2.47,0.0,22.118066,0.0
2019-02-27,1,0,101,0.0,0.0,0.0,0.0,0.0
2019-02-27,1,0,102,9.96,9.96,0.0,-767.267989,0.0
2019-02-27,1,0,103,8.66,8.66,0.0,-667.122569,0.0
2019-02-27,1,0,104,1.61,1.61,0.0,-124.026251,0.0
2019-02-27,1,0,106,0.0,0.0,0.0,0.0,0.0
2019-02-27,1,0,109,82.53,82.53,0.0,816.060186,0.0
2019-02-27,1,0,110,338.6,338.6,0.0,-66649.542411,0.0
2019-02-27,1,0,111,0.0,0.0,0.0,0.0,0.0
2019-02-27,1,0,113,45.29,45.29,0.0,-2088.731447,0.0
2019-02-27,1,0,115,45.29,45.29,0.0,-2088.731447,0.0
2019-02-27,1,0,116,0.0,0.0,0.0,-0.0,0.0
2019-02-27,1,0,117,3.09,3.09,0.0,-142.507842,0.0
2019-02-27,1,0,119,200.0,200.0,0.0,6485.511424,0.0
2019-02-27,1,0,120,117.6,117.6,0.0,3813.480717,0.0
2019-02-27,1,0,123,0.0,0.0,0.0,0.0,0.0
2019-02-27,1,0,125,90.65,90.65,0.0,1087.082858,0.0
2019-02-27,1,0,126,0.0,0.0,0.0,0.0,0.0
2019-02-27,1,0,127,0.0,0.0,0.0,0.0,0.0
2019-02-27,1,0,128,129.84,129.84,0.0,1557.052822,0.0
2019-02-27,1,0,131,12.84,12.84,0.0,-887.997468,0.0
2019-02-27,1,0,132,18.88,18.88,0.0,-1305.715902,0.0
2019-02-27,1,0,133,54.28,54.28,0.0,442.538447,0.0
2019-02-27,1,0,134,0.0,0.0,0.0,0.0,0.0
2019-02-27,1,0,135,72.73,72.73,0.0,592.959125,0.0
2019-02-27,1,0,136,10.52,10.52,0.0,86.097043,0.0
2019-02-27,1,0,139,45.9,45.9,0.0,492.269182,0.0
2019-02-27,1,0,140,250.6,250.6,0.0,-49327.747573,0.0
2019-02-27,1,0,141,136.65,136.65,0.0,-14556.830708,0.0
2019-02-27,1,0,142,0.0,0.0,0.0,-0.0,0.0
2019-02-27,1,0,143,39.47,39.47,0.0,474.288052,0.0
2019-02-27,1,0,145,9.95,9.95,0.0,111.702666,0.0
2019-02-27,1,0,146,268.0,268.0,0.0,-52752.738825,0.0
2019-02-27,1,0,152,0.0,0.0,0.0,0.0,0.0
2019-02-27,1,0,153,0.0,0.0,0.0,0.0,0.0
2019-02-27,1,0,154,0.0,0.0,0.0,0.0,0.0
2019-02-27,1,0,157,197.81,197.81,0.0,-21071.984503,0.0
2019-02-27,1,0,158,0.0,0.0,0.0,-0.0,0.0
2019-02-27,1,0,159,0.0,0.0,0.0,0.0,0.0
2019-02-27,1,0,160,0.0,0.0,0.0,0.0,0.0
2019-02-27,1,0,161,0.0,0.0,0.0,-0.0,0.0
2019-02-27,1,0,162,39.55,39.55,0.0,714.388143,0.0
2019-02-27,1,0,163,96.91,96.91,0.0,-19075.626565,0.0
2019-02-27,1,0,164,0.0,0.0,0.0,0.0,0.0
2019-02-27,1,0,167,0.0,0.0,0.0,0.0,0.0
2019-02-27,1,0,168,0.0,0.0,0.0,0.0,0.0
2019-02-27,1,0,169,0.0,0.0,0.0,0.0,0.0
2019-02-27,1,0,170,0.0,0.0,0.0,0.0,0.0
2019-02-27,1,0,172,0.0,0.0,0.0,0.0,0.0
2019-02-27,1,0,173,0.0,0.0,0.0,0.0,0.0
2019-02-27,1,0,188,0.0,0.0,0.0,0.0,0.0
2019-02-27,1,0,190,0.0,0.0,0.0,0.0,0.0
2019-02-27,1,0,191,0.0,0.0,0.0,0.0,0.0
2019-02-27,1,0,192,100.84,100.84,0.0,3269.99486,0.0
2019-02-27,1,0,194,176.5,176.5,0.0,-3191.795869,0.0
2019-02-27,1,0,196,0.0,0.0,0.0,0.0,0.0
2019-02-27,1,0,198,0.0,0.0,0.0,0.0,0.0
2019-02-27,1,0,199,50.86,50.86,0.0,-96.551624,0.0
2019-02-27,1,0,200,0.0,0.0,0.0,-0.0,0.0
2019-02-27,1,0,204,534.02,534.02,0.0,5331.646549,0.0
2019-02-27,1,0,205,436.57,436.57,0.0,4316.822916,0.0
2019-02-27,1,0,206,214.72,214.72,0.0,2585.625182,0.0
2019-02-27,1,0,210,0.0,0.0,0.0,0.0,0.0
2019-02-27,1,0,214,0.0,0.0,0.0,0.0,0.0
2019-02-27,1,0,217,0.0,0.0,0.0,0.0,0.0
2019-02-27,1,0,218,0.0,0.0,0.0,0.0,0.0
2019-02-27,1,0,219,0.0,0.0,0.0,0.0,0.0
2019-02-27,1,0,221,0.0,0.0,0.0,0.0,0.0
2019-02-27,1,0,225,0.0,0.0,0.0,0.0,0.0
2019-02-27,1,0,233,0.0,0.0,0.0,0.0,0.0
2019-02-27,1,0,236,40.93,40.93,0.0,348.988607,0.0
2019-02-27,1,0,237,30.64,30.64,0.0,274.371471,0.0
2019-02-27,1,0,238,0.0,0.0,0.0,0.0,0.0
2019-02-27,1,0,240,0.0,0.0,0.0,0.0,0.0
2019-02-27,1,0,245,39.21,39.21,0.0,315.854164,0.0
2019-02-27,1,0,247,70.02,70.02,0.0,564.042555,0.0
2019-02-27,1,0,248,3.08,3.08,0.0,27.580422,0.0
2019-02-27,1,0,249,75.41,75.41,0.0,607.461426,0.0
2019-02-27,1,0,251,111.38,111.38,0.0,916.354709,0.0
2019-02-27,1,0,252,72.79,72.79,0.0,595.614127,0.0
2019-02-27,1,0,254,0.0,0.0,0.0,0.0,0.0
2019-02-27,1,0,255,0.0,0.0,0.0,0.0,0.0
2019-02-27,1,0,258,0.0,0.0,0.0,0.0,0.0
2019-02-27,1,0,260,0.0,0.0,0.0,0.0,0.0
2019-02-27,1,0,265,0.0,0.0,0.0,0.0,0.0
2019-02-27,1,0,266,29.72,29.72,0.0,318.741614,0.0
2019-02-27,1,0,267,36.52,36.52,0.0,391.670382,0.0
2019-02-27,1,0,270,302.64,302.64,0.0,-59571.227157,0.0
2019-02-27,1,0,272,151.05,151.05,0.0,-6966.28141,0.0
2019-02-27,1,0,273,0.0,0.0,0.0,-0.0,0.0
2019-02-27,1,0,274,390.14,390.14,0.0,-76794.602706,0.0
2019-02-27,1,0,275,543.08,543.08,0.0,-106899.09478,0.0
2019-02-27,1,0,276,0.0,0.0,0.0,-0.0,0.0
2019-02-27,1,0,277,0.0,0.0,0.0,-0.0,0.0
2019-02-27,1,0,278,0.0,0.0,0.0,-0.0,0.0
2019-02-27,1,0,279,133.65,133.65,0.0,-6513.155528,0.0
2019-02-27,1,0,281,6.24,6.24,0.0,74.982454,0.0
2019-02-27,1,0,282,0.0,0.0,0.0,0.0,0.0
2019-02-27,2,0,9,0.0,0.0,0.0,0.0,0.0
2019-02-27,2,0,17,0.0,0.0,0.0,0.0,0.0
2019-02-27,2,0,19,152.44,152.44,0.0,1605.815043,0.0
2019-02-27,2,0,20,184.88,184.88,0.0,1947.540574,0.0
2019-02-27,2,0,21,0.0,0.0,0.0,0.0,0.0
2019-02-27,2,0,22,0.0,0.0,0.0,0.0,0.0
2019-02-27,2,0,23,51.29,51.29,0.0,477.842005,0.0
2019-02-27,2,0,24,90.75,90.75,0.0,845.470109,0.0
2019-02-27,2,0,29,0.0,0.0,0.0,0.0,0.0
2019-02-27,2,0,30,0.0,0.0,0.0,0.0,0.0
2019-02-27,2,0,31,3.87,3.87,0.0,36.024877,0.0
2019-02-27,2,0,32,0.0,0.0,0.0,0.0,0.0
2019-02-27,2,0,33,0.0,0.0,0.0,0.0,0.0
2019-02-27,2,0,34,0.0,0.0,0.0,0.0,0.0
2019-02-27,2,0,35,0.0,0.0,0.0,0.0,0.0
2019-02-27,2,0,36,0.0,0.0,0.0,0.0,0.0
2019-02-27,2,0,37,0.0,0.0,0.0,0.0,0.0
2019-02-27,2,0,38,0.0,0.0,0.0,0.0,0.0
2019-02-27,2,0,39,0.0,0.0,0.0,0.0,0.0
2019-02-27,2,0,40,0.0,0.0,0.0,0.0,0.0
2019-02-27,2,0,41,29.7,29.7,0.0,288.644145,0.0
2019-02-27,2,0,42,0.0,0.0,0.0,0.0,0.0
2019-02-27,2,0,43,0.0,0.0,0.0,0.0,0.0
2019-02-27,2,0,46,0.0,0.0,0.0,0.0,0.0
2019-02-27,2,0,52,4.1,4.1,0.0,38.16589,0.0
2019-02-27,2,0,53,6.51,6.51,0.0,60.599986,0.0
2019-02-27,2,0,55,272.02,272.02,0.0,2534.267539,0.0
2019-02-27,2,0,56,0.0,0.0,0.0,0.0,0.0
2019-02-27,2,0,57,0.0,0.0,0.0,0.0,0.0
2019-02-27,2,0,58,0.0,0.0,0.0,0.0,0.0
2019-02-27,2,0,59,0.0,0.0,0.0,0.0,0.0
2019-02-27,2,0,63,170.0,170.0,0.0,2557.726119,0.0
2019-02-27,2,0,64,200.0,200.0,0.0,3009.089552,0.0
2019-02-27,2,0,65,10.89,10.89,0.0,114.622144,0.0
2019-02-27,2,0,67,0.0,0.0,0.0,0.0,0.0
2019-02-27,2,0,68,3.86,3.86,0.0,25.061181,0.0
2019-02-27,2,0,69,0.0,0.0,0.0,0.0,0.0
2019-02-27,2,0,74,11.57,11.57,0.0,118.944594,0.0
2019-02-27,2,0,77,113.84,113.84,0.0,976.087633,0.0
2019-02-27,2,0,78,86.06,86.06,0.0,737.896185,0.0
2019-02-27,2,0,79,49.8,49.8,0.0,426.995469,0.0
2019-02-27,2,0,80,80.54,80.54,0.0,690.566567,0.0
2019-02-27,2,0,81,105.3,105.3,0.0,902.863912,0.0
2019-02-27,2,0,82,74.28,74.28,0.0,636.892036,0.0
2019-02-27,2,0,83,165.63,165.63,0.0,1420.145772,0.0
2019-02-27,2,0,84,0.0,0.0,0.0,0.0,0.0
2019-02-27,2,0,86,0.0,0.0,0.0,0.0,0.0
2019-02-27,2,0,87,0.0,0.0,0.0,0.0,0.0
2019-02-27,2,0,88,109.1,109.1,0.0,935.445896,0.0
2019-02-27,2,0,89,104.88,104.88,0.0,899.262746,0.0
2019-02-27,2,0,90,140.82,140.82,0.0,1207.419717,0.0
2019-02-27,2,0,91,502.32,502.32,0.0,4306.995257,0.0
2019-02-27,2,0,92,180.66,180.66,0.0,1549.016091,0.0
2019-02-27,2,0,95,22.74,22.74,0.0,314.219842,0.0
2019-02-27,2,0,96,10.56,10.56,0.0,98.215223,0.0
2019-02-27,2,0,97,64.96,64.96,0.0,604.172434,0.0
2019-02-27,2,0,99,2.23,2.23,0.0,22.925363,0.0
2019-02-27,2,0,101,0.0,0.0,0.0,0.0,0.0
2019-02-27,2,0,102,9.13,9.13,0.0,59.276834,0.0
2019-02-27,2,0,103,7.94,7.94,0.0,51.550719,0.0
2019-02-27,2,0,104,1.48,1.48,0.0,9.60895,0.0
2019-02-27,2,0,106,0.0,0.0,0.0,0.0,0.0
2019-02-27,2,0,109,62.85,62.85,0.0,627.508146,0.0
2019-02-27,2,0,110,338.6,338.6,0.0,-1158.565959,0.0
2019-02-27,2,0,111,0.0,0.0,0.0,0.0,0.0
2019-02-27,2,0,113,48.48,48.48,0.0,431.833928,0.0
2019-02-27,2,0,115,48.48,48.48,0.0,431.833928,0.0
2019-02-27,2,0,116,0.0,0.0,0.0,-0.0,0.0
2019-02-27,2,0,117,2.59,2.59,0.0,23.070336,0.0
2019-02-27,2,0,119,200.0,200.0,0.0,3009.089552,0.0
2019-02-27,2,0,120,117.6,117.6,0.0,1769.344656,0.0
2019-02-27,2,0,123,0.0,0.0,0.0,0.0,0.0
2019-02-27,2,0,125,82.12,82.12,0.0,765.06893,0.0
2019-02-27,2,0,126,0.0,0.0,0.0,0.0,0.0
2019-02-27,2,0,127,0.0,0.0,0.0,0.0,0.0
2019-02-27,2,0,128,117.62,117.62,0.0,1095.803794,0.0
2019-02-27,2,0,131,11.65,11.65,0.0,83.231348,0.0
2019-02-27,2,0,132,17.12,17.12,0.0,122.310787,0.0
2019-02-27,2,0,133,48.85,48.85,0.0,514.62949,0.0
2019-02-27,2,0,134,0.0,0.0,0.0,0.0,0.0
2019-02-27,2,0,135,65.46,65.46,0.0,689.614052,0.0
2019-02-27,2,0,136,10.15,10.15,0.0,106.828503,0.0
2019-02-27,2,0,139,38.35,38.35,0.0,372.710537,0.0
2019-02-27,2,0,140,250.6,250.6,0.0,-857.461988,0.0
2019-02-27,2,0,141,125.52,125.52,0.0,508.608732,0.0
2019-02-27,2,0,142,0.0,0.0,0.0,0.0,0.0
2019-02-27,2,0,143,14.73,14.73,0.0,137.117941,0.0
2019-02-27,2,0,145,8.63,8.63,0.0,82.498277,0.0
2019-02-27,2,0,146,230.91,230.91,0.0,-790.089975,0.0
2019-02-27,2,0,152,0.0,0.0,0.0,0.0,0.0
2019-02-27,2,0,153,0.0,0.0,0.0,0.0,0.0
2019-02-27,2,0,154,0.0,0.0,0.0,0.0,0.0
2019-02-27,2,0,157,179.5,179.5,0.0,727.336419,0.0
2019-02-27,2,0,158,0.0,0.0,0.0,0.0,0.0
2019-02-27,2,0,159,0.0,0.0,0.0,0.0,0.0
2019-02-27,2,0,160,0.0,0.0,0.0,0.0,0.0
2019-02-27,2,0,161,0.0,0.0,0.0,0.0,0.0
2019-02-27,2,0,162,27.64,27.64,0.0,382.304349,0.0
2019-02-27,2,0,163,91.13,91.13,0.0,-311.813691,0.0
2019-02-27,2,0,164,0.0,0.0,0.0,0.0,0.0
2019-02-27,2,0,167,0.0,0.0,0.0,0.0,0.0
2019-02-27,2,0,168,0.0,0.0,0.0,0.0,0.0
2019-02-27,2,0,169,0.0,0.0,0.0,0.0,0.0
2019-02-27,2,0,170,0.0,0.0,0.0,0.0,0.0
2019-02-27,2,0,172,0.0,0.0,0.0,0.0,0.0
2019-02-27,2,0,173,0.0,0.0,0.0,0.0,0.0
2019-02-27,2,0,188,0.0,0.0,0.0,0.0,0.0
2019-02-27,2,0,190,0.0,0.0,0.0,0.0,0.0
2019-02-27,2,0,191,0.0,0.0,0.0,0.0,0.0
2019-02-27,2,0,192,93.86,93.86,0.0,1412.165727,0.0
2019-02-27,2,0,194,176.5,176.5,0.0,1947.681195,0.0
2019-02-27,2,0,196,0.0,0.0,0.0,0.0,0.0
2019-02-27,2,0,198,0.0,0.0,0.0,0.0,0.0
2019-02-27,2,0,199,13.76,13.76,0.0,158.20105,0.0
2019-02-27,2,0,200,0.0,0.0,0.0,0.0,0.0
2019-02-27,2,0,204,377.87,377.87,0.0,3761.231463,0.0
2019-02-27,2,0,205,308.54,308.54,0.0,3080.53084,0.0
2019-02-27,2,0,206,190.87,190.87,0.0,1775.221559,0.0
2019-02-27,2,0,210,0.0,0.0,0.0,0.0,0.0
2019-02-27,2,0,214,0.0,0.0,0.0,0.0,0.0
2019-02-27,2,0,217,0.0,0.0,0.0,0.0,0.0
2019-02-27,2,0,218,0.0,0.0,0.0,0.0,0.0
2019-02-27,2,0,219,0.0,0.0,0.0,0.0,0.0
2019-02-27,2,0,221,0.0,0.0,0.0,0.0,0.0
2019-02-27,2,0,225,0.0,0.0,0.0,0.0,0.0
2019-02-27,2,0,233,0.0,0.0,0.0,0.0,0.0
2019-02-27,2,0,236,31.67,31.67,0.0,329.88512,0.0
2019-02-27,2,0,237,27.75,27.75,0.0,285.281977,0.0
2019-02-27,2,0,238,0.0,0.0,0.0,0.0,0.0
2019-02-27,2,0,240,0.0,0.0,0.0,0.0,0.0
2019-02-27,2,0,245,33.76,33.76,0.0,356.701875,0.0
2019-02-27,2,0,247,54.69,54.69,0.0,577.844359,0.0
2019-02-27,2,0,248,2.79,2.79,0.0,28.682404,0.0
2019-02-27,2,0,249,64.93,64.93,0.0,686.038292,0.0
2019-02-27,2,0,251,111.06,111.06,0.0,1167.382821,0.0
2019-02-27,2,0,252,70.22,70.22,0.0,739.097056,0.0
2019-02-27,2,0,254,0.0,0.0,0.0,0.0,0.0
2019-02-27,2,0,255,0.0,0.0,0.0,0.0,0.0
2019-02-27,2,0,258,0.0,0.0,0.0,0.0,0.0
2019-02-27,2,0,260,0.0,0.0,0.0,0.0,0.0
2019-02-27,2,0,265,0.0,0.0,0.0,0.0,0.0
2019-02-27,2,0,266,24.83,24.83,0.0,241.31428,0.0
2019-02-27,2,0,267,30.52,30.52,0.0,296.613445,0.0
2019-02-27,2,0,270,284.59,284.59,0.0,-973.763397,0.0
2019-02-27,2,0,272,209.12,209.12,0.0,1862.729188,0.0
2019-02-27,2,0,273,0.0,0.0,0.0,-0.0,0.0
2019-02-27,2,0,274,366.87,366.87,0.0,-1255.295609,0.0
2019-02-27,2,0,275,510.69,510.69,0.0,-1747.395303,0.0
2019-02-27,2,0,276,0.0,0.0,0.0,-0.0,0.0
2019-02-27,2,0,277,0.0,0.0,0.0,0.0,0.0
2019-02-27,2,0,278,0.0,0.0,0.0,0.0,0.0
2019-02-27,2,0,279,121.55,121.55,0.0,1066.462255,0.0
2019-02-27,2,0,281,1.74,1.74,0.0,16.197231,0.0
2019-02-27,2,0,282,0.0,0.0,0.0,0.0,0.0
2019-02-27,3,0,9,0.0,0.0,0.0,0.0,0.0
2019-02-27,3,0,17,0.0,0.0,0.0,0.0,0.0
2019-02-27,3,0,19,138.83,138.83,0.0,2709.188792,0.0
2019-02-27,3,0,20,168.37,168.37,0.0,3285.645155,0.0
2019-02-27,3,0,21,0.0,0.0,0.0,0.0,0.0
2019-02-27,3,0,22,0.0,0.0,0.0,0.0,0.0
2019-02-27,3,0,23,46.98,46.98,0.0,584.430554,0.0
2019-02-27,3,0,24,83.12,83.12,0.0,1034.011657,0.0
2019-02-27,3,0,29,0.0,0.0,0.0,0.0,0.0
2019-02-27,3,0,30,0.0,0.0,0.0,0.0,0.0
2019-02-27,3,0,31,2.11,2.11,0.0,26.178485,0.0
2019-02-27,3,0,32,0.0,0.0,0.0,0.0,0.0
2019-02-27,3,0,33,0.0,0.0,0.0,0.0,0.0
2019-02-27,3,0,34,0.0,0.0,0.0,0.0,0.0
2019-02-27,3,0,35,0.0,0.0,0.0,0.0,0.0
2019-02-27,3,0,36,0.0,0.0,0.0,0.0,0.0
2019-02-27,3,0,37,0.0,0.0,0.0,0.0,0.0
2019-02-27,3,0,38,0.0,0.0,0.0,0.0,0.0
2019-02-27,3,0,39,0.0,0.0,0.0,0.0,0.0
2019-02-27,3,0,40,0.0,0.0,0.0,0.0,0.0
2019-02-27,3,0,41,25.77,25.77,0.0,368.742127,0.0
2019-02-27,3,0,42,0.0,0.0,0.0,0.0,0.0
2019-02-27,3,0,43,0.0,0.0,0.0,0.0,0.0
2019-02-27,3,0,46,0.0,0.0,0.0,0.0,0.0
2019-02-27,3,0,52,2.24,2.24,0.0,27.791377,0.0
2019-02-27,3,0,53,3.55,3.55,0.0,44.044371,0.0
2019-02-27,3,0,55,215.09,215.09,0.0,2675.716642,0.0
2019-02-27,3,0,56,0.0,0.0,0.0,0.0,0.0
2019-02-27,3,0,57,0.0,0.0,0.0,0.0,0.0
2019-02-27,3,0,58,0.0,0.0,0.0,0.0,0.0
2019-02-27,3,0,59,0.0,0.0,0.0,0.0,0.0
2019-02-27,3,0,63,170.0,170.0,0.0,3098.839164,0.0
2019-02-27,3,0,64,200.0,200.0,0.0,3645.693134,0.0
2019-02-27,3,0,65,10.5,10.5,0.0,204.116053,0.0
2019-02-27,3,0,67,0.0,0.0,0.0,0.0,0.0
2019-02-27,3,0,68,3.55,3.55,0.0,20.907422,0.0
2019-02-27,3,0,69,0.0,0.0,0.0,0.0,0.0
2019-02-27,3,0,74,10.69,10.69,0.0,186.259386,0.0
2019-02-27,3,0,77,105.48,105.48,0.0,979.629883,0.0
2019-02-27,3,0,78,79.74,79.74,0.0,740.573444,0.0
2019-02-27,3,0,79,46.15,46.15,0.0,428.611292,0.0
2019-02-27,3,0,80,74.62,74.62,0.0,693.022202,0.0
2019-02-27,3,0,81,97.57,97.57,0.0,906.166929,0.0
2019-02-27,3,0,82,68.82,68.82,0.0,639.155561,0.0
2019-02-27,3,0,83,153.47,153.47,0.0,1425.329902,0.0
2019-02-27,3,0,84,0.0,0.0,0.0,0.0,0.0
2019-02-27,3,0,86,0.0,0.0,0.0,0.0,0.0
2019-02-27,3,0,87,0.0,0.0,0.0,0.0,0.0
2019-02-27,3,0,88,96.91,96.91,0.0,900.037277,0.0
2019-02-27,3,0,89,93.16,93.16,0.0,865.209707,0.0
2019-02-27,3,0,90,125.08,125.08,0.0,1161.661981,0.0
2019-02-27,3,0,91,446.19,446.19,0.0,4143.923563,0.0
2019-02-27,3,0,92,160.47,160.47,0.0,1490.341366,0.0
2019-02-27,3,0,95,13.19,13.19,0.0,214.320874,0.0
2019-02-27,3,0,96,9.4,9.4,0.0,116.299149,0.0
2019-02-27,3,0,97,57.81,57.81,0.0,715.239768,0.0
2019-02-27,3,0,99,2.06,2.06,0.0,35.892828,0.0
2019-02-27,3,0,101,0.0,0.0,0.0,0.0,0.0
2019-02-27,3,0,102,8.41,8.41,0.0,49.529978,0.0
2019-02-27,3,0,103,7.31,7.31,0.0,43.051622,0.0
2019-02-27,3,0,104,1.36,1.36,0.0,8.009604,0.0
2019-02-27,3,0,106,0.0,0.0,0.0,0.0,0.0
2019-02-27,3,0,109,49.42,49.42,0.0,750.751432,0.0
2019-02-27,3,0,110,316.49,316.49,0.0,-3056.714444,0.0
2019-02-27,3,0,111,0.0,0.0,0.0,0.0,0.0
2019-02-27,3,0,113,40.48,40.48,0.0,379.370306,0.0
2019-02-27,3,0,115,40.48,40.48,0.0,379.370306,0.0
2019-02-27,3,0,116,0.0,0.0,0.0,-0.0,0.0
2019-02-27,3,0,117,2.08,2.08,0.0,19.493336,0.0
2019-02-27,3,0,119,200.0,200.0,0.0,3645.693134,0.0
2019-02-27,3,0,120,117.6,117.6,0.0,2143.667563,0.0
2019-02-27,3,0,123,0.0,0.0,0.0,0.0,0.0
2019-02-27,3,0,125,75.21,75.21,0.0,935.611366,0.0
2019-02-27,3,0,126,0.0,0.0,0.0,0.0,0.0
2019-02-27,3,0,127,0.0,0.0,0.0,0.0,0.0
2019-02-27,3,0,128,107.73,107.73,0.0,1340.159719,0.0
2019-02-27,3,0,131,10.61,10.61,0.0,73.331657,0.0
2019-02-27,3,0,132,15.6,15.6,0.0,107.820344,0.0
2019-02-27,3,0,133,25.6,25.6,0.0,499.749929,0.0
2019-02-27,3,0,134,0.0,0.0,0.0,0.0,0.0
2019-02-27,3,0,135,34.26,34.26,0.0,668.80596,0.0
2019-02-27,3,0,136,9.83,9.83,0.0,191.051134,0.0
2019-02-27,3,0,139,33.28,33.28,0.0,476.202483,0.0
2019-02-27,3,0,140,234.24,234.24,0.0,-2262.329904,0.0
2019-02-27,3,0,141,115.98,115.98,0.0,239.167614,0.0
2019-02-27,3,0,142,0.0,0.0,0.0,0.0,0.0
2019-02-27,3,0,143,4.95,4.95,0.0,61.413981,0.0
2019-02-27,3,0,145,7.55,7.55,0.0,101.495199,0.0
2019-02-27,3,0,146,190.12,190.12,0.0,-1836.211413,0.0
2019-02-27,3,0,152,0.0,0.0,0.0,0.0,0.0
2019-02-27,3,0,153,0.0,0.0,0.0,0.0,0.0
2019-02-27,3,0,154,0.0,0.0,0.0,0.0,0.0
2019-02-27,3,0,157,163.2,163.2,0.0,336.542116,0.0
2019-02-27,3,0,158,0.0,0.0,0.0,0.0,0.0
2019-02-27,3,0,159,0.0,0.0,0.0,0.0,0.0
2019-02-27,3,0,160,0.0,0.0,0.0,0.0,0.0
2019-02-27,3,0,161,0.0,0.0,0.0,0.0,0.0
2019-02-27,3,0,162,19.19,19.19,0.0,312.2477,0.0
2019-02-27,3,0,163,86.63,86.63,0.0,-836.687327,0.0
2019-02-27,3,0,164,0.0,0.0,0.0,0.0,0.0
2019-02-27,3,0,167,0.0,0.0,0.0,0.0,0.0
2019-02-27,3,0,168,0.0,0.0,0.0,0.0,0.0
2019-02-27,3,0,169,0.0,0.0,0.0,0.0,0.0
2019-02-27,3,0,170,0.0,0.0,0.0,0.0,0.0
2019-02-27,3,0,172,0.0,0.0,0.0,0.0,0.0
2019-02-27,3,0,173,0.0,0.0,0.0,0.0,0.0
2019-02-27,3,0,188,0.0,0.0,0.0,0.0,0.0
2019-02-27,3,0,190,0.0,0.0,0.0,0.0,0.0
2019-02-27,3,0,191,0.0,0.0,0.0,0.0,0.0
2019-02-27,3,0,192,88.61,88.61,0.0,1615.224343,0.0
2019-02-27,3,0,194,176.5,176.5,0.0,2170.85158,0.0
2019-02-27,3,0,196,0.0,0.0,0.0,0.0,0.0
2019-02-27,3,0,198,0.0,0.0,0.0,0.0,0.0
2019-02-27,3,0,199,8.89,8.89,0.0,99.218491,0.0
2019-02-27,3,0,200,0.0,0.0,0.0,0.0,0.0
2019-02-27,3,0,204,257.03,257.03,0.0,3854.330163,0.0
2019-02-27,3,0,205,261.45,261.45,0.0,3971.751554,0.0
2019-02-27,3,0,206,169.87,169.87,0.0,2101.674095,0.0
2019-02-27,3,0,210,0.0,0.0,0.0,0.0,0.0
2019-02-27,3,0,214,0.0,0.0,0.0,0.0,0.0
2019-02-27,3,0,217,0.0,0.0,0.0,0.0,0.0
2019-02-27,3,0,218,0.0,0.0,0.0,0.0,0.0
2019-02-27,3,0,219,0.0,0.0,0.0,0.0,0.0
2019-02-27,3,0,221,0.0,0.0,0.0,0.0,0.0
2019-02-27,3,0,225,0.0,0.0,0.0,0.0,0.0
2019-02-27,3,0,233,0.0,0.0,0.0,0.0,0.0
2019-02-27,3,0,236,24.29,24.29,0.0,448.807314,0.0
2019-02-27,3,0,237,25.64,25.64,0.0,446.743746,0.0
2019-02-27,3,0,238,0.0,0.0,0.0,0.0,0.0
2019-02-27,3,0,240,0.0,0.0,0.0,0.0,0.0
2019-02-27,3,0,245,29.4,29.4,0.0,581.812165,0.0
2019-02-27,3,0,247,42.16,42.16,0.0,834.326561,0.0
2019-02-27,3,0,248,2.57,2.57,0.0,44.778917,0.0
2019-02-27,3,0,249,56.54,56.54,0.0,1118.899994,0.0
2019-02-27,3,0,251,110.7,110.7,0.0,2138.369703,0.0
2019-02-27,3,0,252,67.71,67.71,0.0,1316.256944,0.0
2019-02-27,3,0,254,0.0,0.0,0.0,0.0,0.0
2019-02-27,3,0,255,0.0,0.0,0.0,0.0,0.0
2019-02-27,3,0,258,0.0,0.0,0.0,0.0,0.0
2019-02-27,3,0,260,0.0,0.0,0.0,0.0,0.0
2019-02-27,3,0,265,0.0,0.0,0.0,0.0,0.0
2019-02-27,3,0,266,21.55,21.55,0.0,308.358278,0.0
2019-02-27,3,0,267,26.48,26.48,0.0,378.901495,0.0
2019-02-27,3,0,270,270.54,270.54,0.0,-2612.9215,0.0
2019-02-27,3,0,272,165.34,165.34,0.0,1549.532766,0.0
2019-02-27,3,0,273,0.0,0.0,0.0,-0.0,0.0
2019-02-27,3,0,274,348.76,348.76,0.0,-3368.383612,0.0
2019-02-27,3,0,275,485.48,485.48,0.0,-4688.84871,0.0
2019-02-27,3,0,276,0.0,0.0,0.0,-0.0,0.0
2019-02-27,3,0,277,0.0,0.0,0.0,0.0,0.0
2019-02-27,3,0,278,0.0,0.0,0.0,0.0,0.0
2019-02-27,3,0,279,110.99,110.99,0.0,1036.418079,0.0
2019-02-27,3,0,281,0.95,0.95,0.0,11.786522,0.0
2019-02-27,3,0,282,0.0,0.0,0.0,0.0,0.0
2019-02-27,4,0,9,0.0,0.0,0.0,0.0,0.0
2019-02-27,4,0,17,0.0,0.0,0.0,0.0,0.0
2019-02-27,4,0,19,129.11,129.11,0.0,2159.520273,0.0
2019-02-27,4,0,20,156.59,156.59,0.0,2619.156375,0.0
2019-02-27,4,0,21,0.0,0.0,0.0,0.0,0.0
2019-02-27,4,0,22,0.0,0.0,0.0,0.0,0.0
2019-02-27,4,0,23,39.37,39.37,0.0,448.150918,0.0
2019-02-27,4,0,24,65.06,65.06,0.0,740.581629,0.0
2019-02-27,4,0,29,0.0,0.0,0.0,0.0,0.0
2019-02-27,4,0,30,0.0,0.0,0.0,0.0,0.0
2019-02-27,4,0,31,1.15,1.15,0.0,13.061467,0.0
2019-02-27,4,0,32,0.0,0.0,0.0,0.0,0.0
2019-02-27,4,0,33,0.0,0.0,0.0,0.0,0.0
2019-02-27,4,0,34,0.0,0.0,0.0,0.0,0.0
2019-02-27,4,0,35,0.0,0.0,0.0,0.0,0.0
2019-02-27,4,0,36,0.0,0.0,0.0,0.0,0.0
2019-02-27,4,0,37,0.0,0.0,0.0,0.0,0.0
2019-02-27,4,0,38,0.0,0.0,0.0,0.0,0.0
2019-02-27,4,0,39,0.0,0.0,0.0,0.0,0.0
2019-02-27,4,0,40,0.0,0.0,0.0,0.0,0.0
2019-02-27,4,0,41,23.44,23.44,0.0,300.133588,0.0
2019-02-27,4,0,42,0.0,0.0,0.0,0.0,0.0
2019-02-27,4,0,43,0.0,0.0,0.0,0.0,0.0
2019-02-27,4,0,46,0.0,0.0,0.0,0.0,0.0
2019-02-27,4,0,52,1.22,1.22,0.0,13.856513,0.0
2019-02-27,4,0,53,1.94,1.94,0.0,22.034127,0.0
2019-02-27,4,0,55,171.29,171.29,0.0,1949.803676,0.0
2019-02-27,4,0,56,0.0,0.0,0.0,0.0,0.0
2019-02-27,4,0,57,0.0,0.0,0.0,0.0,0.0
2019-02-27,4,0,58,0.0,0.0,0.0,0.0,0.0
2019-02-27,4,0,59,0.0,0.0,0.0,0.0,0.0
2019-02-27,4,0,63,157.69,157.69,0.0,2574.161594,0.0
2019-02-27,4,0,64,185.51,185.51,0.0,3028.300573,0.0
2019-02-27,4,0,65,10.08,10.08,0.0,168.035754,0.0
2019-02-27,4,0,67,0.0,0.0,0.0,0.0,0.0
2019-02-27,4,0,68,3.27,3.27,0.0,20.377083,0.0
2019-02-27,4,0,69,0.0,0.0,0.0,0.0,0.0
2019-02-27,4,0,74,10.09,10.09,0.0,152.963416,0.0
2019-02-27,4,0,77,98.14,98.14,0.0,881.094777,0.0
2019-02-27,4,0,78,74.2,74.2,0.0,666.162956,0.0
2019-02-27,4,0,79,42.94,42.94,0.0,385.512632,0.0
2019-02-27,4,0,80,69.44,69.44,0.0,623.427973,0.0
2019-02-27,4,0,81,90.78,90.78,0.0,815.017158,0.0
2019-02-27,4,0,82,64.04,64.04,0.0,574.947112,0.0
2019-02-27,4,0,83,142.8,142.8,0.0,1282.049462,0.0
2019-02-27,4,0,84,0.0,0.0,0.0,0.0,0.0
2019-02-27,4,0,86,0.0,0.0,0.0,0.0,0.0
2019-02-27,4,0,87,0.0,0.0,0.0,0.0,0.0
2019-02-27,4,0,88,86.0,86.0,0.0,772.102617,0.0
2019-02-27,4,0,89,82.67,82.67,0.0,742.206085,0.0
2019-02-27,4,0,90,111.0,111.0,0.0,996.551052,0.0
2019-02-27,4,0,91,395.97,395.97,0.0,3554.993875,0.0
2019-02-27,4,0,92,142.41,142.41,0.0,1278.548066,0.0
2019-02-27,4,0,95,19.06,19.06,0.0,280.606915,0.0
2019-02-27,4,0,96,8.48,8.48,0.0,96.090268,0.0
2019-02-27,4,0,97,52.16,52.16,0.0,591.045798,0.0
2019-02-27,4,0,99,1.95,1.95,0.0,29.56181,0.0
2019-02-27,4,0,101,0.0,0.0,0.0,0.0,0.0
2019-02-27,4,0,102,7.75,7.75,0.0,48.29431,0.0
2019-02-27,4,0,103,6.74,6.74,0.0,42.000471,0.0
2019-02-27,4,0,104,1.25,1.25,0.0,7.789405,0.0
2019-02-27,4,0,106,0.0,0.0,0.0,0.0,0.0
2019-02-27,4,0,109,37.07,37.07,0.0,499.865705,0.0
2019-02-27,4,0,110,252.06,252.06,0.0,-1608.590308,0.0
2019-02-27,4,0,111,0.0,0.0,0.0,0.0,0.0
2019-02-27,4,0,113,22.66,22.66,0.0,205.753975,0.0
2019-02-27,4,0,115,22.66,22.66,0.0,205.753975,0.0
2019-02-27,4,0,116,0.0,0.0,0.0,-0.0,0.0
2019-02-27,4,0,117,1.51,1.51,0.0,13.710878,0.0
2019-02-27,4,0,119,185.51,185.51,0.0,3028.300573,0.0
2019-02-27,4,0,120,109.08,109.08,0.0,1780.642696,0.0
2019-02-27,4,0,123,0.0,0.0,0.0,0.0,0.0
2019-02-27,4,0,125,59.69,59.69,0.0,679.454618,0.0
2019-02-27,4,0,126,0.0,0.0,0.0,0.0,0.0
2019-02-27,4,0,127,0.0,0.0,0.0,0.0,0.0
2019-02-27,4,0,128,81.07,81.07,0.0,922.824357,0.0
2019-02-27,4,0,131,9.68,9.68,0.0,68.348163,0.0
2019-02-27,4,0,132,14.22,14.22,0.0,100.404017,0.0
2019-02-27,4,0,133,34.64,34.64,0.0,579.578459,0.0
2019-02-27,4,0,134,0.0,0.0,0.0,0.0,0.0
2019-02-27,4,0,135,47.78,47.78,0.0,799.430104,0.0
2019-02-27,4,0,136,9.49,9.49,0.0,158.171157,0.0
2019-02-27,4,0,139,30.28,30.28,0.0,387.715233,0.0
2019-02-27,4,0,140,186.55,186.55,0.0,-1190.520202,0.0
2019-02-27,4,0,141,107.05,107.05,0.0,334.699597,0.0
2019-02-27,4,0,142,0.0,0.0,0.0,0.0,0.0
2019-02-27,4,0,143,3.08,3.08,0.0,34.982016,0.0
2019-02-27,4,0,145,6.61,6.61,0.0,80.305709,0.0
2019-02-27,4,0,146,153.19,153.19,0.0,-977.624174,0.0
2019-02-27,4,0,152,0.0,0.0,0.0,0.0,0.0
2019-02-27,4,0,153,0.0,0.0,0.0,0.0,0.0
2019-02-27,4,0,154,0.0,0.0,0.0,0.0,0.0
2019-02-27,4,0,157,148.32,148.32,0.0,463.733248,0.0
2019-02-27,4,0,158,0.0,0.0,0.0,0.0,0.0
2019-02-27,4,0,159,0.0,0.0,0.0,0.0,0.0
2019-02-27,4,0,160,0.0,0.0,0.0,0.0,0.0
2019-02-27,4,0,161,0.0,0.0,0.0,0.0,0.0
2019-02-27,4,0,162,13.59,13.59,0.0,200.324216,0.0
2019-02-27,4,0,163,82.81,82.81,0.0,-528.474821,0.0
2019-02-27,4,0,164,0.0,0.0,0.0,0.0,0.0
2019-02-27,4,0,167,0.0,0.0,0.0,0.0,0.0
2019-02-27,4,0,168,0.0,0.0,0.0,0.0,0.0
2019-02-27,4,0,169,0.0,0.0,0.0,0.0,0.0
2019-02-27,4,0,170,0.0,0.0,0.0,0.0,0.0
2019-02-27,4,0,172,0.0,0.0,0.0,0.0,0.0
2019-02-27,4,0,173,0.0,0.0,0.0,0.0,0.0
2019-02-27,4,0,188,0.0,0.0,0.0,0.0,0.0
2019-02-27,4,0,190,0.0,0.0,0.0,0.0,0.0
2019-02-27,4,0,191,0.0,0.0,0.0,0.0,0.0
2019-02-27,4,0,192,85.08,85.08,0.0,1388.862125,0.0
2019-02-27,4,0,194,176.5,176.5,0.0,2027.371014,0.0
2019-02-27,4,0,196,0.0,0.0,0.0,0.0,0.0
2019-02-27,4,0,198,0.0,0.0,0.0,0.0,0.0
2019-02-27,4,0,199,5.73,5.73,0.0,61.343134,0.0
2019-02-27,4,0,200,0.0,0.0,0.0,0.0,0.0
2019-02-27,4,0,204,165.19,165.19,0.0,2203.143225,0.0
2019-02-27,4,0,205,196.11,196.11,0.0,2644.420375,0.0
2019-02-27,4,0,206,153.28,153.28,0.0,1736.876915,0.0
2019-02-27,4,0,210,0.0,0.0,0.0,0.0,0.0
2019-02-27,4,0,214,0.0,0.0,0.0,0.0,0.0
2019-02-27,4,0,217,0.0,0.0,0.0,0.0,0.0
2019-02-27,4,0,218,0.0,0.0,0.0,0.0,0.0
2019-02-27,4,0,219,0.0,0.0,0.0,0.0,0.0
2019-02-27,4,0,221,0.0,0.0,0.0,0.0,0.0
2019-02-27,4,0,225,0.0,0.0,0.0,0.0,0.0
2019-02-27,4,0,233,0.0,0.0,0.0,0.0,0.0
2019-02-27,4,0,236,18.53,18.53,0.0,295.553519,0.0
2019-02-27,4,0,237,24.2,24.2,0.0,366.86964,0.0
2019-02-27,4,0,238,0.0,0.0,0.0,0.0,0.0
2019-02-27,4,0,240,0.0,0.0,0.0,0.0,0.0
2019-02-27,4,0,245,25.84,25.84,0.0,437.525454,0.0
2019-02-27,4,0,247,31.92,31.92,0.0,540.47262,0.0
2019-02-27,4,0,248,2.43,2.43,0.0,36.838563,0.0
2019-02-27,4,0,249,49.69,49.69,0.0,841.35603,0.0
2019-02-27,4,0,251,111.14,111.14,0.0,1842.510691,0.0
2019-02-27,4,0,252,65.02,65.02,0.0,1083.897292,0.0
2019-02-27,4,0,254,0.0,0.0,0.0,0.0,0.0
2019-02-27,4,0,255,0.0,0.0,0.0,0.0,0.0
2019-02-27,4,0,258,0.0,0.0,0.0,0.0,0.0
2019-02-27,4,0,260,0.0,0.0,0.0,0.0,0.0
2019-02-27,4,0,265,0.0,0.0,0.0,0.0,0.0
2019-02-27,4,0,266,19.6,19.6,0.0,250.964946,0.0
2019-02-27,4,0,267,24.09,24.09,0.0,308.456406,0.0
2019-02-27,4,0,270,258.61,258.61,0.0,-1650.390937,0.0
2019-02-27,4,0,272,75.74,75.74,0.0,687.723129,0.0
2019-02-27,4,0,273,0.0,0.0,0.0,-0.0,0.0
2019-02-27,4,0,274,333.38,333.38,0.0,-2127.556284,0.0
2019-02-27,4,0,275,464.07,464.07,0.0,-2961.590512,0.0
2019-02-27,4,0,276,0.0,0.0,0.0,-0.0,0.0
2019-02-27,4,0,277,0.0,0.0,0.0,0.0,0.0
2019-02-27,4,0,278,0.0,0.0,0.0,0.0,0.0
2019-02-27,4,0,279,100.93,100.93,0.0,912.317628,0.0
2019-02-27,4,0,281,0.52,0.52,0.0,5.906055,0.0
2019-02-27,4,0,282,0.0,0.0,0.0,0.0,0.0
2019-02-27,5,0,9,0.0,0.0,0.0,0.0,0.0
2019-02-27,5,0,17,0.0,0.0,0.0,0.0,0.0
2019-02-27,5,0,19,108.25,108.25,0.0,1604.503234,0.0
2019-02-27,5,0,20,131.28,131.28,0.0,1945.858517,0.0
2019-02-27,5,0,21,0.0,0.0,0.0,0.0,0.0
2019-02-27,5,0,22,0.0,0.0,0.0,0.0,0.0
2019-02-27,5,0,23,39.3,39.3,0.0,438.465592,0.0
2019-02-27,5,0,24,69.54,69.54,0.0,775.849803,0.0
2019-02-27,5,0,29,0.0,0.0,0.0,0.0,0.0
2019-02-27,5,0,30,0.0,0.0,0.0,0.0,0.0
2019-02-27,5,0,31,2.02,2.02,0.0,22.501051,0.0
2019-02-27,5,0,32,0.0,0.0,0.0,0.0,0.0
2019-02-27,5,0,33,0.0,0.0,0.0,0.0,0.0
2019-02-27,5,0,34,0.0,0.0,0.0,0.0,0.0
2019-02-27,5,0,35,0.0,0.0,0.0,0.0,0.0
2019-02-27,5,0,36,0.0,0.0,0.0,0.0,0.0
2019-02-27,5,0,37,0.0,0.0,0.0,0.0,0.0
2019-02-27,5,0,38,0.0,0.0,0.0,0.0,0.0
2019-02-27,5,0,39,0.0,0.0,0.0,0.0,0.0
2019-02-27,5,0,40,0.0,0.0,0.0,0.0,0.0
2019-02-27,5,0,41,20.92,20.92,0.0,254.151888,0.0
2019-02-27,5,0,42,0.0,0.0,0.0,0.0,0.0
2019-02-27,5,0,43,0.0,0.0,0.0,0.0,0.0
2019-02-27,5,0,46,0.0,0.0,0.0,0.0,0.0
2019-02-27,5,0,52,2.14,2.14,0.0,23.837747,0.0
2019-02-27,5,0,53,3.4,3.4,0.0,37.873056,0.0
2019-02-27,5,0,55,138.39,138.39,0.0,1544.001355,0.0
2019-02-27,5,0,56,0.0,0.0,0.0,0.0,0.0
2019-02-27,5,0,57,0.0,0.0,0.0,0.0,0.0
2019-02-27,5,0,58,0.0,0.0,0.0,0.0,0.0
2019-02-27,5,0,59,0.0,0.0,0.0,0.0,0.0
2019-02-27,5,0,63,103.27,103.27,0.0,1415.574102,0.0
2019-02-27,5,0,64,121.49,121.49,0.0,1665.324854,0.0
2019-02-27,5,0,65,7.76,7.76,0.0,114.729138,0.0
2019-02-27,5,0,67,0.0,0.0,0.0,0.0,0.0
2019-02-27,5,0,68,2.83,2.83,0.0,23.037749,0.0
2019-02-27,5,0,69,0.0,0.0,0.0,0.0,0.0
2019-02-27,5,0,74,9.51,9.51,0.0,130.952933,0.0
2019-02-27,5,0,77,79.45,79.45,0.0,752.003652,0.0
2019-02-27,5,0,78,60.06,60.06,0.0,568.475007,0.0
2019-02-27,5,0,79,34.76,34.76,0.0,329.007513,0.0
2019-02-27,5,0,80,56.21,56.21,0.0,532.034302,0.0
2019-02-27,5,0,81,73.49,73.49,0.0,695.591546,0.0
2019-02-27,5,0,82,51.84,51.84,0.0,490.671734,0.0
2019-02-27,5,0,83,115.59,115.59,0.0,1094.073028,0.0
2019-02-27,5,0,84,0.0,0.0,0.0,0.0,0.0
2019-02-27,5,0,86,0.0,0.0,0.0,0.0,0.0
2019-02-27,5,0,87,0.0,0.0,0.0,0.0,0.0
2019-02-27,5,0,88,67.36,67.36,0.0,637.570371,0.0
2019-02-27,5,0,89,64.76,64.76,0.0,612.961063,0.0
2019-02-27,5,0,90,86.95,86.95,0.0,822.992039,0.0
2019-02-27,5,0,91,310.16,310.16,0.0,2935.701102,0.0
2019-02-27,5,0,92,111.55,111.55,0.0,1055.83395,0.0
2019-02-27,5,0,95,6.74,6.74,0.0,232.60549,0.0
2019-02-27,5,0,96,7.48,7.48,0.0,83.181957,0.0
2019-02-27,5,0,97,46.01,46.01,0.0,511.658003,0.0
2019-02-27,5,0,99,1.84,1.84,0.0,25.336845,0.0
2019-02-27,5,0,101,0.0,0.0,0.0,0.0,0.0
2019-02-27,5,0,102,6.69,6.69,0.0,54.460261,0.0
2019-02-27,5,0,103,5.82,5.82,0.0,47.377985,0.0
2019-02-27,5,0,104,1.08,1.08,0.0,8.791791,0.0
2019-02-27,5,0,106,0.0,0.0,0.0,0.0,0.0
2019-02-27,5,0,109,37.06,37.06,0.0,468.405298,0.0
2019-02-27,5,0,110,245.86,245.86,0.0,548.610307,0.0
2019-02-27,5,0,111,0.0,0.0,0.0,0.0,0.0
2019-02-27,5,0,113,39.62,39.62,0.0,371.969884,0.0
2019-02-27,5,0,115,39.62,39.62,0.0,371.969884,0.0
2019-02-27,5,0,116,0.0,0.0,0.0,0.0,0.0
2019-02-27,5,0,117,1.91,1.91,0.0,17.931915,0.0
2019-02-27,5,0,119,121.49,121.49,0.0,1665.324854,0.0
2019-02-27,5,0,120,71.44,71.44,0.0,979.264199,0.0
2019-02-27,5,0,123,0.0,0.0,0.0,0.0,0.0
2019-02-27,5,0,125,62.93,62.93,0.0,702.102791,0.0
2019-02-27,5,0,126,0.0,0.0,0.0,0.0,0.0
2019-02-27,5,0,127,0.0,0.0,0.0,0.0,0.0
2019-02-27,5,0,128,90.13,90.13,0.0,1005.570071,0.0
2019-02-27,5,0,131,8.58,8.58,0.0,73.179103,0.0
2019-02-27,5,0,132,12.61,12.61,0.0,107.551107,0.0
2019-02-27,5,0,133,12.31,12.31,0.0,182.504805,0.0
2019-02-27,5,0,134,0.0,0.0,0.0,0.0,0.0
2019-02-27,5,0,135,17.54,17.54,0.0,260.043401,0.0
2019-02-27,5,0,136,7.55,7.55,0.0,111.608804,0.0
2019-02-27,5,0,139,27.02,27.02,0.0,328.259274,0.0
2019-02-27,5,0,140,181.96,181.96,0.0,406.024288,0.0
2019-02-27,5,0,141,86.01,86.01,0.0,575.056066,0.0
2019-02-27,5,0,142,0.0,0.0,0.0,0.0,0.0
2019-02-27,5,0,143,8.02,8.02,0.0,89.335856,0.0
2019-02-27,5,0,145,5.98,5.98,0.0,69.949007,0.0
2019-02-27,5,0,146,120.03,120.03,0.0,267.834113,0.0
2019-02-27,5,0,152,0.0,0.0,0.0,0.0,0.0
2019-02-27,5,0,153,0.0,0.0,0.0,0.0,0.0
2019-02-27,5,0,154,0.0,0.0,0.0,0.0,0.0
2019-02-27,5,0,157,145.09,145.09,0.0,970.06028,0.0
2019-02-27,5,0,158,0.0,0.0,0.0,0.0,0.0
2019-02-27,5,0,159,0.0,0.0,0.0,0.0,0.0
2019-02-27,5,0,160,0.0,0.0,0.0,0.0,0.0
2019-02-27,5,0,161,0.0,0.0,0.0,0.0,0.0
2019-02-27,5,0,162,10.05,10.05,0.0,347.100452,0.0
2019-02-27,5,0,163,63.02,63.02,0.0,140.622393,0.0
2019-02-27,5,0,164,0.0,0.0,0.0,0.0,0.0
2019-02-27,5,0,167,0.0,0.0,0.0,0.0,0.0
2019-02-27,5,0,168,0.0,0.0,0.0,0.0,0.0
2019-02-27,5,0,169,0.0,0.0,0.0,0.0,0.0
2019-02-27,5,0,170,0.0,0.0,0.0,0.0,0.0
2019-02-27,5,0,172,0.0,0.0,0.0,0.0,0.0
2019-02-27,5,0,173,0.0,0.0,0.0,0.0,0.0
2019-02-27,5,0,188,0.0,0.0,0.0,0.0,0.0
2019-02-27,5,0,190,0.0,0.0,0.0,0.0,0.0
2019-02-27,5,0,191,0.0,0.0,0.0,0.0,0.0
2019-02-27,5,0,192,74.08,74.08,0.0,1015.452014,0.0
2019-02-27,5,0,194,127.41,127.41,0.0,1325.020148,0.0
2019-02-27,5,0,196,0.0,0.0,0.0,0.0,0.0
2019-02-27,5,0,198,0.0,0.0,0.0,0.0,0.0
2019-02-27,5,0,199,5.56,5.56,0.0,60.360033,0.0
2019-02-27,5,0,200,0.0,0.0,0.0,0.0,0.0
2019-02-27,5,0,204,163.98,163.98,0.0,2056.09668,0.0
2019-02-27,5,0,205,196.05,196.05,0.0,2477.896887,0.0
2019-02-27,5,0,206,135.19,135.19,0.0,1503.391554,0.0
2019-02-27,5,0,210,0.0,0.0,0.0,0.0,0.0
2019-02-27,5,0,214,0.0,0.0,0.0,0.0,0.0
2019-02-27,5,0,217,0.0,0.0,0.0,0.0,0.0
2019-02-27,5,0,218,0.0,0.0,0.0,0.0,0.0
2019-02-27,5,0,219,0.0,0.0,0.0,0.0,0.0
2019-02-27,5,0,221,0.0,0.0,0.0,0.0,0.0
2019-02-27,5,0,225,0.0,0.0,0.0,0.0,0.0
2019-02-27,5,0,233,0.0,0.0,0.0,0.0,0.0
2019-02-27,5,0,236,14.4,14.4,0.0,205.955918,0.0
2019-02-27,5,0,237,22.82,22.82,0.0,314.231958,0.0
2019-02-27,5,0,238,0.0,0.0,0.0,0.0,0.0
2019-02-27,5,0,240,0.0,0.0,0.0,0.0,0.0
2019-02-27,5,0,245,19.98,19.98,0.0,298.904107,0.0
2019-02-27,5,0,247,26.82,26.82,0.0,401.231639,0.0
2019-02-27,5,0,248,2.29,2.29,0.0,31.533356,0.0
2019-02-27,5,0,249,38.42,38.42,0.0,574.769559,0.0
2019-02-27,5,0,251,92.33,92.33,0.0,1359.382384,0.0
2019-02-27,5,0,252,50.03,50.03,0.0,739.677678,0.0
2019-02-27,5,0,254,0.0,0.0,0.0,0.0,0.0
2019-02-27,5,0,255,0.0,0.0,0.0,0.0,0.0
2019-02-27,5,0,258,0.0,0.0,0.0,0.0,0.0
2019-02-27,5,0,260,0.0,0.0,0.0,0.0,0.0
2019-02-27,5,0,265,0.0,0.0,0.0,0.0,0.0
2019-02-27,5,0,266,17.5,17.5,0.0,212.603157,0.0
2019-02-27,5,0,267,21.5,21.5,0.0,261.198164,0.0
2019-02-27,5,0,270,196.8,196.8,0.0,439.138161,0.0
2019-02-27,5,0,272,136.2,136.2,0.0,1278.705152,0.0
2019-02-27,5,0,273,0.0,0.0,0.0,0.0,0.0
2019-02-27,5,0,274,253.69,253.69,0.0,566.082115,0.0
2019-02-27,5,0,275,353.14,353.14,0.0,787.994158,0.0
2019-02-27,5,0,276,0.0,0.0,0.0,0.0,0.0
2019-02-27,5,0,277,0.0,0.0,0.0,0.0,0.0
2019-02-27,5,0,278,0.0,0.0,0.0,0.0,0.0
2019-02-27,5,0,279,80.48,80.48,0.0,758.055601,0.0
2019-02-27,5,0,281,0.91,0.91,0.0,10.136612,0.0
2019-02-27,5,0,282,0.0,0.0,0.0,0.0,0.0
2019-02-27,6,0,9,0.0,0.0,0.0,0.0,0.0
2019-02-27,6,0,17,0.0,0.0,0.0,0.0,0.0
2019-02-27,6,0,19,90.97,90.97,0.0,1442.609354,0.0
2019-02-27,6,0,20,110.33,110.33,0.0,1749.621744,0.0
2019-02-27,6,0,21,0.0,0.0,0.0,0.0,0.0
2019-02-27,6,0,22,0.0,0.0,0.0,0.0,0.0
2019-02-27,6,0,23,38.83,38.83,0.0,457.451994,0.0
2019-02-27,6,0,24,68.71,68.71,0.0,809.465015,0.0
2019-02-27,6,0,29,0.0,0.0,0.0,0.0,0.0
2019-02-27,6,0,30,0.0,0.0,0.0,0.0,0.0
2019-02-27,6,0,31,3.82,3.82,0.0,44.927774,0.0
2019-02-27,6,0,32,0.0,0.0,0.0,0.0,0.0
2019-02-27,6,0,33,0.0,0.0,0.0,0.0,0.0
2019-02-27,6,0,34,0.0,0.0,0.0,0.0,0.0
2019-02-27,6,0,35,0.0,0.0,0.0,0.0,0.0
2019-02-27,6,0,36,0.0,0.0,0.0,0.0,0.0
2019-02-27,6,0,37,0.0,0.0,0.0,0.0,0.0
2019-02-27,6,0,38,0.0,0.0,0.0,0.0,0.0
2019-02-27,6,0,39,0.0,0.0,0.0,0.0,0.0
2019-02-27,6,0,40,0.0,0.0,0.0,0.0,0.0
2019-02-27,6,0,41,19.48,19.48,0.0,250.943989,0.0
2019-02-27,6,0,42,0.0,0.0,0.0,0.0,0.0
2019-02-27,6,0,43,0.0,0.0,0.0,0.0,0.0
2019-02-27,6,0,46,0.0,0.0,0.0,0.0,0.0
2019-02-27,6,0,52,4.05,4.05,0.0,47.632849,0.0
2019-02-27,6,0,53,6.43,6.43,0.0,75.624499,0.0
2019-02-27,6,0,55,65.44,65.44,0.0,770.941502,0.0
2019-02-27,6,0,56,0.0,0.0,0.0,0.0,0.0
2019-02-27,6,0,57,0.0,0.0,0.0,0.0,0.0
2019-02-27,6,0,58,0.0,0.0,0.0,0.0,0.0
2019-02-27,6,0,59,0.0,0.0,0.0,0.0,0.0
2019-02-27,6,0,63,64.12,64.12,0.0,1090.923259,0.0
2019-02-27,6,0,64,75.43,75.43,0.0,1283.349055,0.0
2019-02-27,6,0,65,6.0,6.0,0.0,94.897407,0.0
2019-02-27,6,0,67,0.0,0.0,0.0,0.0,0.0
2019-02-27,6,0,68,2.78,2.78,0.0,23.630114,0.0
2019-02-27,6,0,69,0.0,0.0,0.0,0.0,0.0
2019-02-27,6,0,74,9.0,9.0,0.0,132.164342,0.0
2019-02-27,6,0,77,73.38,73.38,0.0,726.768356,0.0
2019-02-27,6,0,78,55.47,55.47,0.0,549.384583,0.0
2019-02-27,6,0,79,32.1,32.1,0.0,317.924015,0.0
2019-02-27,6,0,80,51.91,51.91,0.0,514.12572,0.0
2019-02-27,6,0,81,67.87,67.87,0.0,672.196352,0.0
2019-02-27,6,0,82,47.88,47.88,0.0,474.211895,0.0
2019-02-27,6,0,83,106.76,106.76,0.0,1057.369714,0.0
2019-02-27,6,0,84,0.0,0.0,0.0,0.0,0.0
2019-02-27,6,0,86,0.0,0.0,0.0,0.0,0.0
2019-02-27,6,0,87,0.0,0.0,0.0,0.0,0.0
2019-02-27,6,0,88,58.49,58.49,0.0,579.295191,0.0
2019-02-27,6,0,89,56.22,56.22,0.0,556.812714,0.0
2019-02-27,6,0,90,75.49,75.49,0.0,747.666165,0.0
2019-02-27,6,0,91,269.29,269.29,0.0,2667.095264,0.0
2019-02-27,6,0,92,96.85,96.85,0.0,959.219341,0.0
2019-02-27,6,0,95,5.55,5.55,0.0,88.746646,0.0
2019-02-27,6,0,96,7.38,7.38,0.0,86.645743,0.0
2019-02-27,6,0,97,45.39,45.39,0.0,532.906539,0.0
2019-02-27,6,0,99,1.74,1.74,0.0,25.551773,0.0
2019-02-27,6,0,101,0.0,0.0,0.0,0.0,0.0
2019-02-27,6,0,102,6.59,6.59,0.0,56.01527,0.0
2019-02-27,6,0,103,5.73,5.73,0.0,48.705235,0.0
2019-02-27,6,0,104,1.06,1.06,0.0,9.010043,0.0
2019-02-27,6,0,106,0.0,0.0,0.0,0.0,0.0
2019-02-27,6,0,109,39.24,39.24,0.0,526.783477,0.0
2019-02-27,6,0,110,240.82,240.82,0.0,545.029865,0.0
2019-02-27,6,0,111,0.0,0.0,0.0,0.0,0.0
2019-02-27,6,0,113,40.24,40.24,0.0,394.479043,0.0
2019-02-27,6,0,115,40.24,40.24,0.0,394.479043,0.0
2019-02-27,6,0,116,0.0,0.0,0.0,0.0,0.0
2019-02-27,6,0,117,1.6,1.6,0.0,15.685051,0.0
2019-02-27,6,0,119,75.43,75.43,0.0,1283.349055,0.0
2019-02-27,6,0,120,44.35,44.35,0.0,754.560925,0.0
2019-02-27,6,0,123,0.0,0.0,0.0,0.0,0.0
2019-02-27,6,0,125,62.18,62.18,0.0,732.535797,0.0
2019-02-27,6,0,126,0.0,0.0,0.0,0.0,0.0
2019-02-27,6,0,127,0.0,0.0,0.0,0.0,0.0
2019-02-27,6,0,128,89.05,89.05,0.0,1049.088336,0.0
2019-02-27,6,0,131,8.63,8.63,0.0,76.893889,0.0
2019-02-27,6,0,132,12.69,12.69,0.0,113.068766,0.0
2019-02-27,6,0,133,8.13,8.13,0.0,128.958225,0.0
2019-02-27,6,0,134,0.0,0.0,0.0,0.0,0.0
2019-02-27,6,0,135,10.89,10.89,0.0,172.737401,0.0
2019-02-27,6,0,136,6.12,6.12,0.0,96.781296,0.0
2019-02-27,6,0,139,25.16,25.16,0.0,324.114516,0.0
2019-02-27,6,0,140,178.23,178.23,0.0,403.374607,0.0
2019-02-27,6,0,141,75.75,75.75,0.0,527.580263,0.0
2019-02-27,6,0,142,0.0,0.0,0.0,0.0,0.0
2019-02-27,6,0,143,20.12,20.12,0.0,236.63529,0.0
2019-02-27,6,0,145,6.03,6.03,0.0,74.651749,0.0
2019-02-27,6,0,146,104.45,104.45,0.0,236.39386,0.0
2019-02-27,6,0,152,0.0,0.0,0.0,0.0,0.0
2019-02-27,6,0,153,0.0,0.0,0.0,0.0,0.0
2019-02-27,6,0,154,0.0,0.0,0.0,0.0,0.0
2019-02-27,6,0,157,141.76,141.76,0.0,987.323803,0.0
2019-02-27,6,0,158,0.0,0.0,0.0,0.0,0.0
2019-02-27,6,0,159,0.0,0.0,0.0,0.0,0.0
2019-02-27,6,0,160,0.0,0.0,0.0,0.0,0.0
2019-02-27,6,0,161,0.0,0.0,0.0,0.0,0.0
2019-02-27,6,0,162,7.48,7.48,0.0,119.703474,0.0
2019-02-27,6,0,163,47.84,47.84,0.0,108.272688,0.0
2019-02-27,6,0,164,0.0,0.0,0.0,0.0,0.0
2019-02-27,6,0,167,0.0,0.0,0.0,0.0,0.0
2019-02-27,6,0,168,0.0,0.0,0.0,0.0,0.0
2019-02-27,6,0,169,0.0,0.0,0.0,0.0,0.0
2019-02-27,6,0,170,0.0,0.0,0.0,0.0,0.0
2019-02-27,6,0,172,0.0,0.0,0.0,0.0,0.0
2019-02-27,6,0,173,0.0,0.0,0.0,0.0,0.0
2019-02-27,6,0,188,0.0,0.0,0.0,0.0,0.0
2019-02-27,6,0,190,0.0,0.0,0.0,0.0,0.0
2019-02-27,6,0,191,0.0,0.0,0.0,0.0,0.0
2019-02-27,6,0,192,65.78,65.78,0.0,1119.166126,0.0
2019-02-27,6,0,194,90.43,90.43,0.0,981.319986,0.0
2019-02-27,6,0,196,0.0,0.0,0.0,0.0,0.0
2019-02-27,6,0,198,0.0,0.0,0.0,0.0,0.0
2019-02-27,6,0,199,5.42,5.42,0.0,61.638552,0.0
2019-02-27,6,0,200,0.0,0.0,0.0,0.0,0.0
2019-02-27,6,0,204,169.59,169.59,0.0,2257.732545,0.0
2019-02-27,6,0,205,207.57,207.57,0.0,2786.555718,0.0
2019-02-27,6,0,206,133.39,133.39,0.0,1566.080706,0.0
2019-02-27,6,0,210,0.0,0.0,0.0,0.0,0.0
2019-02-27,6,0,214,0.0,0.0,0.0,0.0,0.0
2019-02-27,6,0,217,0.0,0.0,0.0,0.0,0.0
2019-02-27,6,0,218,0.0,0.0,0.0,0.0,0.0
2019-02-27,6,0,219,0.0,0.0,0.0,0.0,0.0
2019-02-27,6,0,221,0.0,0.0,0.0,0.0,0.0
2019-02-27,6,0,225,0.0,0.0,0.0,0.0,0.0
2019-02-27,6,0,233,0.0,0.0,0.0,0.0,0.0
2019-02-27,6,0,236,11.2,11.2,0.0,171.118107,0.0
2019-02-27,6,0,237,21.6,21.6,0.0,317.19442,0.0
2019-02-27,6,0,238,0.0,0.0,0.0,0.0,0.0
2019-02-27,6,0,240,0.0,0.0,0.0,0.0,0.0
2019-02-27,6,0,245,15.51,15.51,0.0,248.345328,0.0
2019-02-27,6,0,247,22.93,22.93,0.0,367.153989,0.0
2019-02-27,6,0,248,2.17,2.17,0.0,31.866291,0.0
2019-02-27,6,0,249,29.83,29.83,0.0,477.636437,0.0
2019-02-27,6,0,251,76.57,76.57,0.0,1205.788703,0.0
2019-02-27,6,0,252,38.69,38.69,0.0,611.930111,0.0
2019-02-27,6,0,254,0.0,0.0,0.0,0.0,0.0
2019-02-27,6,0,255,0.0,0.0,0.0,0.0,0.0
2019-02-27,6,0,258,0.0,0.0,0.0,0.0,0.0
2019-02-27,6,0,260,0.0,0.0,0.0,0.0,0.0
2019-02-27,6,0,265,0.0,0.0,0.0,0.0,0.0
2019-02-27,6,0,266,16.29,16.29,0.0,209.849979,0.0
2019-02-27,6,0,267,20.02,20.02,0.0,257.900342,0.0
2019-02-27,6,0,270,149.4,149.4,0.0,338.125828,0.0
2019-02-27,6,0,272,141.99,141.99,0.0,1391.950279,0.0
2019-02-27,6,0,273,0.0,0.0,0.0,0.0,0.0
2019-02-27,6,0,274,192.6,192.6,0.0,435.897151,0.0
2019-02-27,6,0,275,268.1,268.1,0.0,606.770645,0.0
2019-02-27,6,0,276,0.0,0.0,0.0,0.0,0.0
2019-02-27,6,0,277,0.0,0.0,0.0,0.0,0.0
2019-02-27,6,0,278,0.0,0.0,0.0,0.0,0.0
2019-02-27,6,0,279,70.52,70.52,0.0,694.174677,0.0
2019-02-27,6,0,281,1.72,1.72,0.0,20.229259,0.0
2019-02-27,6,0,282,0.0,0.0,0.0,0.0,0.0
2019-02-27,7,0,9,0.0,0.0,0.0,0.0,0.0
2019-02-27,7,0,17,0.0,0.0,0.0,0.0,0.0
2019-02-27,7,0,19,78.16,78.16,0.0,1157.99503,0.0
2019-02-27,7,0,20,94.79,94.79,0.0,1404.380103,0.0
2019-02-27,7,0,21,0.0,0.0,0.0,0.0,0.0
2019-02-27,7,0,22,0.0,0.0,0.0,0.0,0.0
2019-02-27,7,0,23,41.55,41.55,0.0,491.477984,0.0
2019-02-27,7,0,24,73.52,73.52,0.0,869.638059,0.0
2019-02-27,7,0,29,0.0,0.0,0.0,0.0,0.0
2019-02-27,7,0,30,0.0,0.0,0.0,0.0,0.0
2019-02-27,7,0,31,16.76,16.76,0.0,198.008249,0.0
2019-02-27,7,0,32,0.0,0.0,0.0,0.0,0.0
2019-02-27,7,0,33,0.0,0.0,0.0,0.0,0.0
2019-02-27,7,0,34,0.0,0.0,0.0,0.0,0.0
2019-02-27,7,0,35,0.0,0.0,0.0,0.0,0.0
2019-02-27,7,0,36,0.0,0.0,0.0,0.0,0.0
2019-02-27,7,0,37,0.0,0.0,0.0,0.0,0.0
2019-02-27,7,0,38,0.0,0.0,0.0,0.0,0.0
2019-02-27,7,0,39,0.0,0.0,0.0,0.0,0.0
2019-02-27,7,0,40,0.0,0.0,0.0,0.0,0.0
2019-02-27,7,0,41,14.19,14.19,0.0,179.199558,0.0
2019-02-27,7,0,42,0.0,0.0,0.0,0.0,0.0
2019-02-27,7,0,43,0.0,0.0,0.0,0.0,0.0
2019-02-27,7,0,46,0.0,0.0,0.0,0.0,0.0
2019-02-27,7,0,52,17.77,17.77,0.0,209.940727,0.0
2019-02-27,7,0,53,28.24,28.24,0.0,333.636811,0.0
2019-02-27,7,0,55,79.73,79.73,0.0,943.093614,0.0
2019-02-27,7,0,56,0.0,0.0,0.0,0.0,0.0
2019-02-27,7,0,57,0.0,0.0,0.0,0.0,0.0
2019-02-27,7,0,58,0.0,0.0,0.0,0.0,0.0
2019-02-27,7,0,59,0.0,0.0,0.0,0.0,0.0
2019-02-27,7,0,63,36.91,36.91,0.0,589.551204,0.0
2019-02-27,7,0,64,43.42,43.42,0.0,693.533277,0.0
2019-02-27,7,0,65,4.71,4.71,0.0,69.635856,0.0
2019-02-27,7,0,67,0.0,0.0,0.0,0.0,0.0
2019-02-27,7,0,68,3.13,3.13,0.0,34.600266,0.0
2019-02-27,7,0,69,0.0,0.0,0.0,0.0,0.0
2019-02-27,7,0,74,8.62,8.62,0.0,120.224853,0.0
2019-02-27,7,0,77,78.79,78.79,0.0,824.975729,0.0
2019-02-27,7,0,78,59.57,59.57,0.0,623.731491,0.0
2019-02-27,7,0,79,34.47,34.47,0.0,360.920337,0.0
2019-02-27,7,0,80,55.75,55.75,0.0,583.733937,0.0
2019-02-27,7,0,81,72.88,72.88,0.0,763.094696,0.0
2019-02-27,7,0,82,51.41,51.41,0.0,538.291689,0.0
2019-02-27,7,0,83,114.64,114.64,0.0,1200.345444,0.0
2019-02-27,7,0,84,0.0,0.0,0.0,0.0,0.0
2019-02-27,7,0,86,0.0,0.0,0.0,0.0,0.0
2019-02-27,7,0,87,0.0,0.0,0.0,0.0,0.0
2019-02-27,7,0,88,58.16,58.16,0.0,608.967996,0.0
2019-02-27,7,0,89,55.91,55.91,0.0,585.409227,0.0
2019-02-27,7,0,90,75.06,75.06,0.0,785.920525,0.0
2019-02-27,7,0,91,267.77,267.77,0.0,2803.702892,0.0
2019-02-27,7,0,92,96.3,96.3,0.0,1008.315302,0.0
2019-02-27,7,0,95,4.53,4.53,0.0,71.872329,0.0
2019-02-27,7,0,96,8.12,8.12,0.0,95.81141,0.0
2019-02-27,7,0,97,49.91,49.91,0.0,588.909787,0.0
2019-02-27,7,0,99,1.66,1.66,0.0,23.15235,0.0
2019-02-27,7,0,101,0.0,0.0,0.0,0.0,0.0
2019-02-27,7,0,102,7.42,7.42,0.0,82.023634,0.0
2019-02-27,7,0,103,6.45,6.45,0.0,71.300868,0.0
2019-02-27,7,0,104,1.2,1.2,0.0,13.265278,0.0
2019-02-27,7,0,106,0.0,0.0,0.0,0.0,0.0
2019-02-27,7,0,109,43.66,43.66,0.0,568.296528,0.0
2019-02-27,7,0,110,238.22,238.22,0.0,3417.928577,0.0
2019-02-27,7,0,111,0.0,0.0,0.0,0.0,0.0
2019-02-27,7,0,113,19.3,19.3,0.0,193.120227,0.0
2019-02-27,7,0,115,19.3,19.3,0.0,193.120227,0.0
2019-02-27,7,0,116,0.0,0.0,0.0,0.0,0.0
2019-02-27,7,0,117,0.79,0.79,0.0,7.904921,0.0
2019-02-27,7,0,119,43.42,43.42,0.0,693.533277,0.0
2019-02-27,7,0,120,25.53,25.53,0.0,407.782233,0.0
2019-02-27,7,0,123,0.0,0.0,0.0,0.0,0.0
2019-02-27,7,0,125,66.53,66.53,0.0,786.956204,0.0
2019-02-27,7,0,126,0.0,0.0,0.0,0.0,0.0
2019-02-27,7,0,127,0.0,0.0,0.0,0.0,0.0
2019-02-27,7,0,128,95.29,95.29,0.0,1127.1465,0.0
2019-02-27,7,0,131,9.82,9.82,0.0,106.427992,0.0
2019-02-27,7,0,132,14.44,14.44,0.0,156.499002,0.0
2019-02-27,7,0,133,6.69,6.69,0.0,99.136575,0.0
2019-02-27,7,0,134,0.0,0.0,0.0,0.0,0.0
2019-02-27,7,0,135,8.97,8.97,0.0,132.923032,0.0
2019-02-27,7,0,136,5.09,5.09,0.0,75.245368,0.0
2019-02-27,7,0,139,18.33,18.33,0.0,231.481882,0.0
2019-02-27,7,0,140,176.31,176.31,0.0,2529.657406,0.0
2019-02-27,7,0,141,74.98,74.98,0.0,889.64621,0.0
2019-02-27,7,0,142,0.0,0.0,0.0,0.0,0.0
2019-02-27,7,0,143,21.11,21.11,0.0,249.400605,0.0
2019-02-27,7,0,145,6.83,6.83,0.0,83.746727,0.0
2019-02-27,7,0,146,104.02,104.02,0.0,1492.456261,0.0
2019-02-27,7,0,152,0.0,0.0,0.0,0.0,0.0
2019-02-27,7,0,153,0.0,0.0,0.0,0.0,0.0
2019-02-27,7,0,154,0.0,0.0,0.0,0.0,0.0
2019-02-27,7,0,157,140.12,140.12,0.0,1662.539704,0.0
2019-02-27,7,0,158,0.0,0.0,0.0,0.0,0.0
2019-02-27,7,0,159,0.0,0.0,0.0,0.0,0.0
2019-02-27,7,0,160,0.0,0.0,0.0,0.0,0.0
2019-02-27,7,0,161,0.0,0.0,0.0,0.0,0.0
2019-02-27,7,0,162,5.73,5.73,0.0,90.932922,0.0
2019-02-27,7,0,163,35.92,35.92,0.0,515.372322,0.0
2019-02-27,7,0,164,0.0,0.0,0.0,0.0,0.0
2019-02-27,7,0,167,0.0,0.0,0.0,0.0,0.0
2019-02-27,7,0,168,0.0,0.0,0.0,0.0,0.0
2019-02-27,7,0,169,0.0,0.0,0.0,0.0,0.0
2019-02-27,7,0,170,0.0,0.0,0.0,0.0,0.0
2019-02-27,7,0,172,0.0,0.0,0.0,0.0,0.0
2019-02-27,7,0,173,0.0,0.0,0.0,0.0,0.0
2019-02-27,7,0,188,0.0,0.0,0.0,0.0,0.0
2019-02-27,7,0,190,0.0,0.0,0.0,0.0,0.0
2019-02-27,7,0,191,0.0,0.0,0.0,0.0,0.0
2019-02-27,7,0,192,61.09,61.09,0.0,975.770334,0.0
2019-02-27,7,0,194,63.72,63.72,0.0,571.53897,0.0
2019-02-27,7,0,196,0.0,0.0,0.0,0.0,0.0
2019-02-27,7,0,198,0.0,0.0,0.0,0.0,0.0
2019-02-27,7,0,199,5.25,5.25,0.0,56.426104,0.0
2019-02-27,7,0,200,0.0,0.0,0.0,0.0,0.0
2019-02-27,7,0,204,182.0,182.0,0.0,2354.034034,0.0
2019-02-27,7,0,205,230.96,230.96,0.0,3006.270409,0.0
2019-02-27,7,0,206,146.65,146.65,0.0,1730.387103,0.0
2019-02-27,7,0,210,0.0,0.0,0.0,0.0,0.0
2019-02-27,7,0,214,0.0,0.0,0.0,0.0,0.0
2019-02-27,7,0,217,0.0,0.0,0.0,0.0,0.0
2019-02-27,7,0,218,0.0,0.0,0.0,0.0,0.0
2019-02-27,7,0,219,0.0,0.0,0.0,0.0,0.0
2019-02-27,7,0,221,0.0,0.0,0.0,0.0,0.0
2019-02-27,7,0,225,0.0,0.0,0.0,0.0,0.0
2019-02-27,7,0,233,0.0,0.0,0.0,0.0,0.0
2019-02-27,7,0,236,8.71,8.71,0.0,125.300764,0.0
2019-02-27,7,0,237,20.69,20.69,0.0,288.567542,0.0
2019-02-27,7,0,238,0.0,0.0,0.0,0.0,0.0
2019-02-27,7,0,240,0.0,0.0,0.0,0.0,0.0
2019-02-27,7,0,245,12.22,12.22,0.0,182.441601,0.0
2019-02-27,7,0,247,19.79,19.79,0.0,295.459843,0.0
2019-02-27,7,0,248,2.08,2.08,0.0,29.010173,0.0
2019-02-27,7,0,249,23.5,23.5,0.0,350.849233,0.0
2019-02-27,7,0,251,64.44,64.44,0.0,949.443451,0.0
2019-02-27,7,0,252,30.38,30.38,0.0,449.158662,0.0
2019-02-27,7,0,254,0.0,0.0,0.0,0.0,0.0
2019-02-27,7,0,255,0.0,0.0,0.0,0.0,0.0
2019-02-27,7,0,258,0.0,0.0,0.0,0.0,0.0
2019-02-27,7,0,260,0.0,0.0,0.0,0.0,0.0
2019-02-27,7,0,265,0.0,0.0,0.0,0.0,0.0
2019-02-27,7,0,266,11.86,11.86,0.0,149.774965,0.0
2019-02-27,7,0,267,14.58,14.58,0.0,184.124704,0.0
2019-02-27,7,0,270,112.17,112.17,0.0,1609.390683,0.0
2019-02-27,7,0,272,68.69,68.69,0.0,687.327898,0.0
2019-02-27,7,0,273,0.0,0.0,0.0,0.0,0.0
2019-02-27,7,0,274,144.6,144.6,0.0,2074.689246,0.0
2019-02-27,7,0,275,201.29,201.29,0.0,2888.064995,0.0
2019-02-27,7,0,276,0.0,0.0,0.0,0.0,0.0
2019-02-27,7,0,277,0.0,0.0,0.0,0.0,0.0
2019-02-27,7,0,278,0.0,0.0,0.0,0.0,0.0
2019-02-27,7,0,279,69.96,69.96,0.0,713.059506,0.0
2019-02-27,7,0,281,7.52,7.52,0.0,88.843797,0.0
2019-02-27,7,0,282,0.0,0.0,0.0,0.0,0.0
2019-02-27,8,0,9,0.0,0.0,0.0,0.0,0.0
2019-02-27,8,0,17,0.0,0.0,0.0,0.0,0.0
2019-02-27,8,0,19,39.37,39.37,0.0,623.29836,0.0
2019-02-27,8,0,20,49.0,49.0,0.0,775.758691,0.0
2019-02-27,8,0,21,0.0,0.0,0.0,0.0,0.0
2019-02-27,8,0,22,0.0,0.0,0.0,0.0,0.0
2019-02-27,8,0,23,40.18,40.18,0.0,590.861108,0.0
2019-02-27,8,0,24,71.09,71.09,0.0,1045.403588,0.0
2019-02-27,8,0,29,0.17,0.17,0.0,1.877922,0.0
2019-02-27,8,0,30,0.0,0.0,0.0,0.0,0.0
2019-02-27,8,0,31,5.67,5.67,0.0,83.359339,0.0
2019-02-27,8,0,32,0.0,0.0,0.0,0.0,0.0
2019-02-27,8,0,33,0.0,0.0,0.0,0.0,0.0
2019-02-27,8,0,34,0.0,0.0,0.0,0.0,0.0
2019-02-27,8,0,35,0.0,0.0,0.0,0.0,0.0
2019-02-27,8,0,36,0.0,0.0,0.0,0.0,0.0
2019-02-27,8,0,37,0.0,0.0,0.0,0.0,0.0
2019-02-27,8,0,38,0.0,0.0,0.0,0.0,0.0
2019-02-27,8,0,39,0.0,0.0,0.0,0.0,0.0
2019-02-27,8,0,40,0.0,0.0,0.0,0.0,0.0
2019-02-27,8,0,41,5.08,5.08,0.0,75.862075,0.0
2019-02-27,8,0,42,0.0,0.0,0.0,0.0,0.0
2019-02-27,8,0,43,0.0,0.0,0.0,0.0,0.0
2019-02-27,8,0,46,0.0,0.0,0.0,0.0,0.0
2019-02-27,8,0,52,6.01,6.01,0.0,88.357959,0.0
2019-02-27,8,0,53,9.55,9.55,0.0,140.402414,0.0
2019-02-27,8,0,55,69.88,69.88,0.0,1027.61011,0.0
2019-02-27,8,0,56,0.0,0.0,0.0,0.0,0.0
2019-02-27,8,0,57,0.0,0.0,0.0,0.0,0.0
2019-02-27,8,0,58,0.0,0.0,0.0,0.0,0.0
2019-02-27,8,0,59,0.0,0.0,0.0,0.0,0.0
2019-02-27,8,0,63,22.32,22.32,0.0,338.846479,0.0
2019-02-27,8,0,64,26.24,26.24,0.0,398.357151,0.0
2019-02-27,8,0,65,4.05,4.05,0.0,64.05575,0.0
2019-02-27,8,0,67,0.0,0.0,0.0,0.0,0.0
2019-02-27,8,0,68,2.1,2.1,0.0,30.346442,0.0
2019-02-27,8,0,69,0.0,0.0,0.0,0.0,0.0
2019-02-27,8,0,74,6.4,6.4,0.0,98.606522,0.0
2019-02-27,8,0,77,45.24,45.24,0.0,650.354492,0.0
2019-02-27,8,0,78,34.16,34.16,0.0,491.072269,0.0
2019-02-27,8,0,79,19.7,19.7,0.0,283.200342,0.0
2019-02-27,8,0,80,31.96,31.96,0.0,459.445835,0.0
2019-02-27,8,0,81,41.83,41.83,0.0,601.333519,0.0
2019-02-27,8,0,82,29.46,29.46,0.0,423.506705,0.0
2019-02-27,8,0,83,65.9,65.9,0.0,947.35546,0.0
2019-02-27,8,0,84,0.0,0.0,0.0,0.0,0.0
2019-02-27,8,0,86,0.0,0.0,0.0,0.0,0.0
2019-02-27,8,0,87,0.0,0.0,0.0,0.0,0.0
2019-02-27,8,0,88,32.17,32.17,0.0,462.464722,0.0
2019-02-27,8,0,89,31.05,31.05,0.0,446.363991,0.0
2019-02-27,8,0,90,40.51,40.51,0.0,582.357658,0.0
2019-02-27,8,0,91,126.98,126.98,0.0,1825.420278,0.0
2019-02-27,8,0,92,50.81,50.81,0.0,730.426873,0.0
2019-02-27,8,0,95,2.4,2.4,0.0,36.513696,0.0
2019-02-27,8,0,96,6.86,6.86,0.0,100.829201,0.0
2019-02-27,8,0,97,42.21,42.21,0.0,620.408245,0.0
2019-02-27,8,0,99,1.24,1.24,0.0,19.105014,0.0
2019-02-27,8,0,101,0.0,0.0,0.0,0.0,0.0
2019-02-27,8,0,102,4.97,4.97,0.0,71.819913,0.0
2019-02-27,8,0,103,4.32,4.32,0.0,62.426967,0.0
2019-02-27,8,0,104,0.8,0.8,0.0,11.560549,0.0
2019-02-27,8,0,106,0.0,0.0,0.0,0.0,0.0
2019-02-27,8,0,109,36.41,36.41,0.0,545.270422,0.0
2019-02-27,8,0,110,25.43,25.43,0.0,379.535425,0.0
2019-02-27,8,0,111,0.0,0.0,0.0,0.0,0.0
2019-02-27,8,0,113,25.61,25.61,0.0,365.692049,0.0
2019-02-27,8,0,115,25.61,25.61,0.0,365.692049,0.0
2019-02-27,8,0,116,0.0,0.0,0.0,0.0,0.0
2019-02-27,8,0,117,1.33,1.33,0.0,18.991426,0.0
2019-02-27,8,0,119,26.24,26.24,0.0,398.357151,0.0
2019-02-27,8,0,120,15.48,15.48,0.0,235.006429,0.0
2019-02-27,8,0,123,0.0,0.0,0.0,0.0,0.0
2019-02-27,8,0,125,64.33,64.33,0.0,945.995398,0.0
2019-02-27,8,0,126,0.0,0.0,0.0,0.0,0.0
2019-02-27,8,0,127,0.0,0.0,0.0,0.0,0.0
2019-02-27,8,0,128,92.14,92.14,0.0,1354.951282,0.0
2019-02-27,8,0,131,8.08,8.08,0.0,116.509745,0.0
2019-02-27,8,0,132,11.88,11.88,0.0,171.303931,0.0
2019-02-27,8,0,133,3.07,3.07,0.0,48.608162,0.0
2019-02-27,8,0,134,0.0,0.0,0.0,0.0,0.0
2019-02-27,8,0,135,4.11,4.11,0.0,65.07477,0.0
2019-02-27,8,0,136,5.03,5.03,0.0,79.551358,0.0
2019-02-27,8,0,139,6.56,6.56,0.0,97.963624,0.0
2019-02-27,8,0,140,18.82,18.82,0.0,280.883079,0.0
2019-02-27,8,0,141,75.96,75.96,0.0,1106.53781,0.0
2019-02-27,8,0,142,0.0,0.0,0.0,0.0,0.0
2019-02-27,8,0,143,7.41,7.41,0.0,108.940512,0.0
2019-02-27,8,0,145,5.15,5.15,0.0,76.242466,0.0
2019-02-27,8,0,146,12.36,12.36,0.0,184.46944,0.0
2019-02-27,8,0,152,0.0,0.0,0.0,0.0,0.0
2019-02-27,8,0,153,0.0,0.0,0.0,0.0,0.0
2019-02-27,8,0,154,0.0,0.0,0.0,0.0,0.0
2019-02-27,8,0,157,36.67,36.67,0.0,534.185644,0.0
2019-02-27,8,0,158,0.0,0.0,0.0,0.0,0.0
2019-02-27,8,0,159,0.0,0.0,0.0,0.0,0.0
2019-02-27,8,0,160,0.0,0.0,0.0,0.0,0.0
2019-02-27,8,0,161,0.0,0.0,0.0,0.0,0.0
2019-02-27,8,0,162,3.23,3.23,0.0,49.140144,0.0
2019-02-27,8,0,163,25.41,25.41,0.0,379.23693,0.0
2019-02-27,8,0,164,0.0,0.0,0.0,0.0,0.0
2019-02-27,8,0,167,0.0,0.0,0.0,0.0,0.0
2019-02-27,8,0,168,0.0,0.0,0.0,0.0,0.0
2019-02-27,8,0,169,0.0,0.0,0.0,0.0,0.0
2019-02-27,8,0,170,0.0,0.0,0.0,0.0,0.0
2019-02-27,8,0,172,0.0,0.0,0.0,0.0,0.0
2019-02-27,8,0,173,0.0,0.0,0.0,0.0,0.0
2019-02-27,8,0,188,0.0,0.0,0.0,0.0,0.0
2019-02-27,8,0,190,0.0,0.0,0.0,0.0,0.0
2019-02-27,8,0,191,0.0,0.0,0.0,0.0,0.0
2019-02-27,8,0,192,79.1,79.1,0.0,1200.840344,0.0
2019-02-27,8,0,194,46.5,46.5,0.0,655.765441,0.0
2019-02-27,8,0,196,0.0,0.0,0.0,0.0,0.0
2019-02-27,8,0,198,0.0,0.0,0.0,0.0,0.0
2019-02-27,8,0,199,3.18,3.18,0.0,40.362818,0.0
2019-02-27,8,0,200,0.0,0.0,0.0,0.0,0.0
2019-02-27,8,0,204,159.14,159.14,0.0,2377.857067,0.0
2019-02-27,8,0,205,192.6,192.6,0.0,2884.347248,0.0
2019-02-27,8,0,206,124.04,124.04,0.0,1823.156566,0.0
2019-02-27,8,0,210,0.04,0.04,0.0,0.45041,0.0
2019-02-27,8,0,214,0.14,0.14,0.0,2.3028,0.0
2019-02-27,8,0,217,0.15,0.15,0.0,2.127326,0.0
2019-02-27,8,0,218,0.21,0.21,0.0,2.978256,0.0
2019-02-27,8,0,219,0.14,0.14,0.0,1.985504,0.0
2019-02-27,8,0,221,0.08,0.08,0.0,1.315886,0.0
2019-02-27,8,0,225,0.16,0.16,0.0,1.764154,0.0
2019-02-27,8,0,233,0.0,0.0,0.0,0.0,0.0
2019-02-27,8,0,236,6.11,6.11,0.0,95.402541,0.0
2019-02-27,8,0,237,15.36,15.36,0.0,236.655652,0.0
2019-02-27,8,0,238,0.0,0.0,0.0,0.0,0.0
2019-02-27,8,0,240,0.0,0.0,0.0,0.0,0.0
2019-02-27,8,0,245,6.08,6.08,0.0,96.605642,0.0
2019-02-27,8,0,247,9.15,9.15,0.0,145.385136,0.0
2019-02-27,8,0,248,1.54,1.54,0.0,23.727194,0.0
2019-02-27,8,0,249,11.69,11.69,0.0,185.743414,0.0
2019-02-27,8,0,251,48.98,48.98,0.0,773.426623,0.0
2019-02-27,8,0,252,26.11,26.11,0.0,412.961881,0.0
2019-02-27,8,0,254,0.0,0.0,0.0,0.0,0.0
2019-02-27,8,0,255,0.0,0.0,0.0,0.0,0.0
2019-02-27,8,0,258,0.0,0.0,0.0,0.0,0.0
2019-02-27,8,0,260,0.0,0.0,0.0,0.0,0.0
2019-02-27,8,0,265,0.0,0.0,0.0,0.0,0.0
2019-02-27,8,0,266,4.25,4.25,0.0,63.467287,0.0
2019-02-27,8,0,267,5.22,5.22,0.0,77.952762,0.0
2019-02-27,8,0,270,79.35,79.35,0.0,1184.275892,0.0
2019-02-27,8,0,272,88.67,88.67,0.0,1266.142679,0.0
2019-02-27,8,0,273,0.0,0.0,0.0,0.0,0.0
2019-02-27,8,0,274,102.29,102.29,0.0,1526.648784,0.0
2019-02-27,8,0,275,142.38,142.38,0.0,2124.980486,0.0
2019-02-27,8,0,276,0.0,0.0,0.0,0.0,0.0
2019-02-27,8,0,277,0.0,0.0,0.0,0.0,0.0
2019-02-27,8,0,278,0.0,0.0,0.0,0.0,0.0
2019-02-27,8,0,279,46.69,46.69,0.0,668.503207,0.0
2019-02-27,8,0,281,2.55,2.55,0.0,37.48965,0.0
2019-02-27,8,0,282,0.0,0.0,0.0,0.0,0.0
2019-02-27,9,0,9,0.65,0.65,0.0,9.214432,0.0
2019-02-27,9,0,17,14.05,14.05,0.0,222.508297,0.0
2019-02-27,9,0,19,14.14,14.14,0.0,223.933617,0.0
2019-02-27,9,0,20,17.56,17.56,0.0,278.095779,0.0
2019-02-27,9,0,21,14.81,14.81,0.0,209.947283,0.0
2019-02-27,9,0,22,52.65,52.65,0.0,746.368971,0.0
2019-02-27,9,0,23,39.05,39.05,0.0,553.574707,0.0
2019-02-27,9,0,24,69.1,69.1,0.0,979.564975,0.0
2019-02-27,9,0,29,1.64,1.64,0.0,16.99155,0.0
2019-02-27,9,0,30,112.51,112.51,0.0,1594.237995,0.0
2019-02-27,9,0,31,6.11,6.11,0.0,86.577141,0.0
2019-02-27,9,0,32,1.25,1.25,0.0,16.690817,0.0
2019-02-27,9,0,33,0.6,0.6,0.0,9.809907,0.0
2019-02-27,9,0,34,0.96,0.96,0.0,15.695851,0.0
2019-02-27,9,0,35,0.96,0.96,0.0,15.695851,0.0
2019-02-27,9,0,36,2.73,2.73,0.0,40.390315,0.0
2019-02-27,9,0,37,1.29,1.29,0.0,19.020413,0.0
2019-02-27,9,0,38,1.66,1.66,0.0,24.475881,0.0
2019-02-27,9,0,39,1.11,1.11,0.0,16.366402,0.0
2019-02-27,9,0,40,1.11,1.11,0.0,16.366402,0.0
2019-02-27,9,0,41,4.5,4.5,0.0,65.502844,0.0
2019-02-27,9,0,42,16.45,16.45,0.0,258.687744,0.0
2019-02-27,9,0,43,8.43,8.43,0.0,123.463204,0.0
2019-02-27,9,0,46,7.28,7.28,0.0,106.575696,0.0
2019-02-27,9,0,52,6.49,6.49,0.0,91.961644,0.0
2019-02-27,9,0,53,10.36,10.36,0.0,146.798557,0.0
2019-02-27,9,0,55,61.47,61.47,0.0,871.401722,0.0
2019-02-27,9,0,56,33.19,33.19,0.0,470.293832,0.0
2019-02-27,9,0,57,31.57,31.57,0.0,447.338845,0.0
2019-02-27,9,0,58,60.71,60.71,0.0,860.245211,0.0
2019-02-27,9,0,59,59.69,59.69,0.0,845.792071,0.0
2019-02-27,9,0,63,13.44,13.44,0.0,179.634146,0.0
2019-02-27,9,0,64,15.81,15.81,0.0,211.310703,0.0
2019-02-27,9,0,65,3.53,3.53,0.0,55.831308,0.0
2019-02-27,9,0,67,63.33,63.33,0.0,854.275632,0.0
2019-02-27,9,0,68,2.46,2.46,0.0,33.253634,0.0
2019-02-27,9,0,69,0.6,0.6,0.0,9.809907,0.0
2019-02-27,9,0,74,4.61,4.61,0.0,70.388767,0.0
2019-02-27,9,0,77,14.2,14.2,0.0,192.854941,0.0
2019-02-27,9,0,78,10.74,10.74,0.0,145.863526,0.0
2019-02-27,9,0,79,6.21,6.21,0.0,84.340083,0.0
2019-02-27,9,0,80,10.05,10.05,0.0,136.492405,0.0
2019-02-27,9,0,81,13.14,13.14,0.0,178.458727,0.0
2019-02-27,9,0,82,9.27,9.27,0.0,125.898965,0.0
2019-02-27,9,0,83,20.66,20.66,0.0,280.590357,0.0
2019-02-27,9,0,84,0.0,0.0,0.0,0.0,0.0
2019-02-27,9,0,86,3.03,3.03,0.0,49.54003,0.0
2019-02-27,9,0,87,15.46,15.46,0.0,252.768603,0.0
2019-02-27,9,0,88,30.34,30.34,0.0,412.057669,0.0
2019-02-27,9,0,89,28.98,28.98,0.0,393.587055,0.0
2019-02-27,9,0,90,40.68,40.68,0.0,552.488661,0.0
2019-02-27,9,0,91,152.86,152.86,0.0,2076.042693,0.0
2019-02-27,9,0,92,53.78,53.78,0.0,730.404135,0.0
2019-02-27,9,0,95,1.11,1.11,0.0,14.821283,0.0
2019-02-27,9,0,96,5.76,5.76,0.0,81.579782,0.0
2019-02-27,9,0,97,35.43,35.43,0.0,501.800638,0.0
2019-02-27,9,0,99,0.89,0.89,0.0,13.589155,0.0
2019-02-27,9,0,101,2.27,2.27,0.0,32.165321,0.0
2019-02-27,9,0,102,5.83,5.83,0.0,78.808409,0.0
2019-02-27,9,0,103,5.07,5.07,0.0,68.534928,0.0
2019-02-27,9,0,104,0.95,0.95,0.0,12.84185,0.0
2019-02-27,9,0,106,51.82,51.82,0.0,734.602851,0.0
2019-02-27,9,0,109,28.03,28.03,0.0,411.494404,0.0
2019-02-27,9,0,110,0.0,0.0,0.0,0.0,0.0
2019-02-27,9,0,111,4.34,4.34,0.0,63.173854,0.0
2019-02-27,9,0,113,10.7,10.7,0.0,143.980217,0.0
2019-02-27,9,0,115,10.7,10.7,0.0,143.980217,0.0
2019-02-27,9,0,116,29.31,29.31,0.0,392.81568,0.0
2019-02-27,9,0,117,0.73,0.73,0.0,9.822949,0.0
2019-02-27,9,0,119,15.81,15.81,0.0,211.310703,0.0
2019-02-27,9,0,120,9.29,9.29,0.0,124.166757,0.0
2019-02-27,9,0,123,0.86,0.86,0.0,12.191402,0.0
2019-02-27,9,0,125,62.53,62.53,0.0,886.428334,0.0
2019-02-27,9,0,126,38.87,38.87,0.0,551.023018,0.0
2019-02-27,9,0,127,49.88,49.88,0.0,707.101316,0.0
2019-02-27,9,0,128,89.56,89.56,0.0,1269.606934,0.0
2019-02-27,9,0,131,6.63,6.63,0.0,89.673,0.0
2019-02-27,9,0,132,9.75,9.75,0.0,131.872059,0.0
2019-02-27,9,0,133,1.08,1.08,0.0,17.105942,0.0
2019-02-27,9,0,134,0.0,0.0,0.0,0.0,0.0
2019-02-27,9,0,135,1.45,1.45,0.0,22.966311,0.0
2019-02-27,9,0,136,5.2,5.2,0.0,82.238523,0.0
2019-02-27,9,0,139,5.81,5.81,0.0,84.57145,0.0
2019-02-27,9,0,140,0.0,0.0,0.0,0.0,0.0
2019-02-27,9,0,141,76.84,76.84,0.0,1036.515704,0.0
2019-02-27,9,0,142,83.52,83.52,0.0,1126.624045,0.0
2019-02-27,9,0,143,12.09,12.09,0.0,171.312215,0.0
2019-02-27,9,0,145,3.78,3.78,0.0,54.281923,0.0
2019-02-27,9,0,146,27.87,27.87,0.0,373.516649,0.0
2019-02-27,9,0,152,1.69,1.69,0.0,25.738616,0.0
2019-02-27,9,0,153,2.22,2.22,0.0,33.7487,0.0
2019-02-27,9,0,154,17.89,17.89,0.0,260.410196,0.0
2019-02-27,9,0,157,5.87,5.87,0.0,79.18203,0.0
2019-02-27,9,0,158,51.77,51.77,0.0,698.339641,0.0
2019-02-27,9,0,159,0.0,0.0,0.0,0.0,0.0
2019-02-27,9,0,160,0.65,0.65,0.0,9.392006,0.0
2019-02-27,9,0,161,12.91,12.91,0.0,174.513989,0.0
2019-02-27,9,0,162,1.76,1.76,0.0,23.50075,0.0
2019-02-27,9,0,163,22.39,22.39,0.0,300.073117,0.0
2019-02-27,9,0,164,3.96,3.96,0.0,56.11219,0.0
2019-02-27,9,0,167,1.32,1.32,0.0,17.624892,0.0
2019-02-27,9,0,168,0.66,0.66,0.0,8.812446,0.0
2019-02-27,9,0,169,0.0,0.0,0.0,0.0,0.0
2019-02-27,9,0,170,1.44,1.44,0.0,19.227155,0.0
2019-02-27,9,0,172,1.66,1.66,0.0,22.139157,0.0
2019-02-27,9,0,173,2.53,2.53,0.0,33.74221,0.0
2019-02-27,9,0,188,2.69,2.69,0.0,35.90863,0.0
2019-02-27,9,0,190,2.48,2.48,0.0,33.146777,0.0
2019-02-27,9,0,191,6.39,6.39,0.0,85.406413,0.0
2019-02-27,9,0,192,103.81,103.81,0.0,1387.486661,0.0
2019-02-27,9,0,194,25.8,25.8,0.0,344.699196,0.0
2019-02-27,9,0,196,1.6,1.6,0.0,21.413584,0.0
2019-02-27,9,0,198,2.69,2.69,0.0,37.062895,0.0
2019-02-27,9,0,199,1.74,1.74,0.0,21.342163,0.0
2019-02-27,9,0,200,5.1,5.1,0.0,62.554615,0.0
2019-02-27,9,0,204,78.18,78.18,0.0,1143.94809,0.0
2019-02-27,9,0,205,157.88,157.88,0.0,2317.757279,0.0
2019-02-27,9,0,206,104.11,104.11,0.0,1474.526233,0.0
2019-02-27,9,0,210,0.49,0.49,0.0,5.205261,0.0
2019-02-27,9,0,214,3.39,3.39,0.0,56.459096,0.0
2019-02-27,9,0,217,2.21,2.21,0.0,30.985099,0.0
2019-02-27,9,0,218,3.05,3.05,0.0,42.762241,0.0
2019-02-27,9,0,219,2.08,2.08,0.0,29.162446,0.0
2019-02-27,9,0,221,1.81,1.81,0.0,30.144827,0.0
2019-02-27,9,0,225,1.73,1.73,0.0,17.880194,0.0
2019-02-27,9,0,233,1.71,1.71,0.0,27.958235,0.0
2019-02-27,9,0,236,4.21,4.21,0.0,65.46156,0.0
2019-02-27,9,0,237,11.05,11.05,0.0,168.719279,0.0
2019-02-27,9,0,238,21.41,21.41,0.0,336.687209,0.0
2019-02-27,9,0,240,3.09,3.09,0.0,45.716511,0.0
2019-02-27,9,0,245,2.44,2.44,0.0,38.827339,0.0
2019-02-27,9,0,247,0.0,0.0,0.0,0.0,0.0
2019-02-27,9,0,248,1.11,1.11,0.0,16.948271,0.0
2019-02-27,9,0,249,4.68,4.68,0.0,74.47211,0.0
2019-02-27,9,0,251,37.05,37.05,0.0,584.735043,0.0
2019-02-27,9,0,252,22.74,22.74,0.0,359.661171,0.0
2019-02-27,9,0,254,4.49,4.49,0.0,65.537823,0.0
2019-02-27,9,0,255,2.06,2.06,0.0,30.068578,0.0
2019-02-27,9,0,258,3.82,3.82,0.0,56.424743,0.0
2019-02-27,9,0,260,1.58,1.58,0.0,22.8298,0.0
2019-02-27,9,0,265,18.52,18.52,0.0,269.580594,0.0
2019-02-27,9,0,266,3.76,3.76,0.0,54.731265,0.0
2019-02-27,9,0,267,4.62,4.62,0.0,67.249587,0.0
2019-02-27,9,0,270,69.92,69.92,0.0,937.075139,0.0
2019-02-27,9,0,272,35.7,35.7,0.0,480.382593,0.0
2019-02-27,9,0,273,7.01,7.01,0.0,93.948752,0.0
2019-02-27,9,0,274,90.13,90.13,0.0,1207.931669,0.0
2019-02-27,9,0,275,125.47,125.47,0.0,1681.562038,0.0
2019-02-27,9,0,276,1.57,1.57,0.0,21.071861,0.0
2019-02-27,9,0,277,1.97,1.97,0.0,26.607421,0.0
2019-02-27,9,0,278,3.15,3.15,0.0,42.544862,0.0
2019-02-27,9,0,279,30.27,30.27,0.0,408.835861,0.0
2019-02-27,9,0,281,2.72,2.72,0.0,38.541706,0.0
2019-02-27,9,0,282,61.72,61.72,0.0,874.556653,0.0
2019-02-27,10,0,9,1.62,1.62,0.0,22.953371,0.0
2019-02-27,10,0,17,31.56,31.56,0.0,434.131486,0.0
2019-02-27,10,0,19,0.0,0.0,0.0,0.0,0.0
2019-02-27,10,0,20,0.0,0.0,0.0,0.0,0.0
2019-02-27,10,0,21,37.02,37.02,0.0,524.527026,0.0
2019-02-27,10,0,22,131.56,131.56,0.0,1864.040397,0.0
2019-02-27,10,0,23,38.11,38.11,0.0,539.97096,0.0
2019-02-27,10,0,24,67.43,67.43,0.0,955.398632,0.0
2019-02-27,10,0,29,3.64,3.64,0.0,47.566756,0.0
2019-02-27,10,0,30,304.48,304.48,0.0,3777.642239,0.0
2019-02-27,10,0,31,10.48,10.48,0.0,130.023945,0.0
2019-02-27,10,0,32,2.77,2.77,0.0,36.959374,0.0
2019-02-27,10,0,33,1.62,1.62,0.0,22.3897,0.0
2019-02-27,10,0,34,2.59,2.59,0.0,35.795879,0.0
2019-02-27,10,0,35,2.59,2.59,0.0,35.795879,0.0
2019-02-27,10,0,36,6.19,6.19,0.0,84.325134,0.0
2019-02-27,10,0,37,2.95,2.95,0.0,40.167842,0.0
2019-02-27,10,0,38,3.79,3.79,0.0,51.605465,0.0
2019-02-27,10,0,39,2.53,2.53,0.0,34.44903,0.0
2019-02-27,10,0,40,2.53,2.53,0.0,34.44903,0.0
2019-02-27,10,0,41,3.96,3.96,0.0,53.8638,0.0
2019-02-27,10,0,42,38.71,38.71,0.0,531.939251,0.0
2019-02-27,10,0,43,18.97,18.97,0.0,258.066149,0.0
2019-02-27,10,0,46,16.7,16.7,0.0,227.151731,0.0
2019-02-27,10,0,52,11.11,11.11,0.0,137.84027,0.0
2019-02-27,10,0,53,17.72,17.72,0.0,219.849647,0.0
2019-02-27,10,0,55,53.41,53.41,0.0,756.752794,0.0
2019-02-27,10,0,56,89.81,89.81,0.0,1114.260541,0.0
2019-02-27,10,0,57,85.43,85.43,0.0,1059.918472,0.0
2019-02-27,10,0,58,164.29,164.29,0.0,2038.323842,0.0
2019-02-27,10,0,59,161.55,161.55,0.0,2004.329032,0.0
2019-02-27,10,0,63,15.57,15.57,0.0,207.810803,0.0
2019-02-27,10,0,64,18.32,18.32,0.0,244.514702,0.0
2019-02-27,10,0,65,3.13,3.13,0.0,43.0473,0.0
2019-02-27,10,0,67,173.55,173.55,0.0,2319.973601,0.0
2019-02-27,10,0,68,2.53,2.53,0.0,33.831719,0.0
2019-02-27,10,0,69,1.62,1.62,0.0,22.3897,0.0
2019-02-27,10,0,74,5.19,5.19,0.0,71.020978,0.0
2019-02-27,10,0,77,10.65,10.65,0.0,142.509002,0.0
2019-02-27,10,0,78,8.05,8.05,0.0,107.718072,0.0
2019-02-27,10,0,79,4.66,4.66,0.0,62.356052,0.0
2019-02-27,10,0,80,7.53,7.53,0.0,100.759886,0.0
2019-02-27,10,0,81,9.85,9.85,0.0,131.804101,0.0
2019-02-27,10,0,82,6.95,6.95,0.0,92.998833,0.0
2019-02-27,10,0,83,15.49,15.49,0.0,207.273657,0.0
2019-02-27,10,0,84,0.0,0.0,0.0,0.0,0.0
2019-02-27,10,0,86,8.21,8.21,0.0,113.46879,0.0
2019-02-27,10,0,87,41.94,41.94,0.0,579.644464,0.0
2019-02-27,10,0,88,14.62,14.62,0.0,195.632076,0.0
2019-02-27,10,0,89,13.99,13.99,0.0,187.201966,0.0
2019-02-27,10,0,90,19.42,19.42,0.0,259.861486,0.0
2019-02-27,10,0,91,71.95,71.95,0.0,962.772086,0.0
2019-02-27,10,0,92,25.49,25.49,0.0,341.084927,0.0
2019-02-27,10,0,95,0.0,0.0,0.0,0.0,0.0
2019-02-27,10,0,96,4.76,4.76,0.0,64.054162,0.0
2019-02-27,10,0,97,29.29,29.29,0.0,394.148406,0.0
2019-02-27,10,0,99,1.07,1.07,0.0,14.64209,0.0
2019-02-27,10,0,101,6.13,6.13,0.0,76.054082,0.0
2019-02-27,10,0,102,6.0,6.0,0.0,80.233327,0.0
2019-02-27,10,0,103,5.22,5.22,0.0,69.802994,0.0
2019-02-27,10,0,104,0.97,0.97,0.0,12.971054,0.0
2019-02-27,10,0,106,129.51,129.51,0.0,1834.994465,0.0
2019-02-27,10,0,109,21.17,21.17,0.0,288.040144,0.0
2019-02-27,10,0,110,99.03,99.03,0.0,1322.453732,0.0
2019-02-27,10,0,111,10.65,10.65,0.0,144.860976,0.0
2019-02-27,10,0,113,13.43,13.43,0.0,179.492001,0.0
2019-02-27,10,0,115,13.43,13.43,0.0,179.492001,0.0
2019-02-27,10,0,116,62.88,62.88,0.0,839.704036,0.0
2019-02-27,10,0,117,0.9,0.9,0.0,12.028503,0.0
2019-02-27,10,0,119,18.32,18.32,0.0,244.514702,0.0
2019-02-27,10,0,120,10.77,10.77,0.0,143.745815,0.0
2019-02-27,10,0,123,2.16,2.16,0.0,30.604494,0.0
2019-02-27,10,0,125,61.02,61.02,0.0,864.576961,0.0
2019-02-27,10,0,126,97.13,97.13,0.0,1376.210427,0.0
2019-02-27,10,0,127,124.65,124.65,0.0,1766.134353,0.0
2019-02-27,10,0,128,87.39,87.39,0.0,1238.206828,0.0
2019-02-27,10,0,131,7.22,7.22,0.0,96.556051,0.0
2019-02-27,10,0,132,11.64,11.64,0.0,155.666542,0.0
2019-02-27,10,0,133,0.0,0.0,0.0,0.0,0.0
2019-02-27,10,0,134,0.0,0.0,0.0,0.0,0.0
2019-02-27,10,0,135,0.0,0.0,0.0,0.0,0.0
2019-02-27,10,0,136,5.59,5.59,0.0,76.879199,0.0
2019-02-27,10,0,139,5.12,5.12,0.0,69.642084,0.0
2019-02-27,10,0,140,73.29,73.29,0.0,978.719923,0.0
2019-02-27,10,0,141,77.92,77.92,0.0,1041.615344,0.0
2019-02-27,10,0,142,228.87,228.87,0.0,3059.477719,0.0
2019-02-27,10,0,143,18.67,18.67,0.0,231.636169,0.0
2019-02-27,10,0,145,5.08,5.08,0.0,68.889474,0.0
2019-02-27,10,0,146,195.43,195.43,0.0,2609.786255,0.0
2019-02-27,10,0,152,4.55,4.55,0.0,62.237047,0.0
2019-02-27,10,0,153,5.68,5.68,0.0,77.673558,0.0
2019-02-27,10,0,154,43.93,43.93,0.0,597.534525,0.0
2019-02-27,10,0,157,6.68,6.68,0.0,89.296593,0.0
2019-02-27,10,0,158,166.14,166.14,0.0,2220.918548,0.0
2019-02-27,10,0,159,0.0,0.0,0.0,0.0,0.0
2019-02-27,10,0,160,1.48,1.48,0.0,20.098409,0.0
2019-02-27,10,0,161,31.82,31.82,0.0,425.504076,0.0
2019-02-27,10,0,162,1.91,1.91,0.0,25.484383,0.0
2019-02-27,10,0,163,14.58,14.58,0.0,194.702367,0.0
2019-02-27,10,0,164,10.95,10.95,0.0,135.855171,0.0
2019-02-27,10,0,167,3.11,3.11,0.0,41.495008,0.0
2019-02-27,10,0,168,1.56,1.56,0.0,20.814216,0.0
2019-02-27,10,0,169,0.0,0.0,0.0,0.0,0.0
2019-02-27,10,0,170,3.4,3.4,0.0,45.364318,0.0
2019-02-27,10,0,172,3.33,3.33,0.0,44.405194,0.0
2019-02-27,10,0,173,5.07,5.07,0.0,67.607907,0.0
2019-02-27,10,0,188,5.56,5.56,0.0,74.177163,0.0
2019-02-27,10,0,190,5.59,5.59,0.0,74.609017,0.0
2019-02-27,10,0,191,14.43,14.43,0.0,192.595368,0.0
2019-02-27,10,0,192,136.38,136.38,0.0,1820.246454,0.0
2019-02-27,10,0,194,8.27,8.27,0.0,110.431677,0.0
2019-02-27,10,0,196,3.41,3.41,0.0,45.525947,0.0
2019-02-27,10,0,198,6.5,6.5,0.0,87.730002,0.0
2019-02-27,10,0,199,0.84,0.84,0.0,11.157693,0.0
2019-02-27,10,0,200,11.82,11.82,0.0,157.004684,0.0
2019-02-27,10,0,204,36.26,36.26,0.0,493.118991,0.0
2019-02-27,10,0,205,125.02,125.02,0.0,1701.028758,0.0
2019-02-27,10,0,206,86.08,86.08,0.0,1158.357624,0.0
2019-02-27,10,0,210,1.22,1.22,0.0,15.983131,0.0
2019-02-27,10,0,214,8.35,8.35,0.0,115.726569,0.0
2019-02-27,10,0,217,5.17,5.17,0.0,69.940689,0.0
2019-02-27,10,0,218,7.13,7.13,0.0,96.455921,0.0
2019-02-27,10,0,219,4.86,4.86,0.0,65.746953,0.0
2019-02-27,10,0,221,4.45,4.45,0.0,61.674639,0.0
2019-02-27,10,0,225,3.8,3.8,0.0,49.645442,0.0
2019-02-27,10,0,233,4.65,4.65,0.0,64.266732,0.0
2019-02-27,10,0,236,0.0,0.0,0.0,0.0,0.0
2019-02-27,10,0,237,12.12,12.12,0.0,165.852457,0.0
2019-02-27,10,0,238,50.38,50.38,0.0,692.3043,0.0
2019-02-27,10,0,240,7.02,7.02,0.0,95.632058,0.0
2019-02-27,10,0,245,0.0,0.0,0.0,0.0,0.0
2019-02-27,10,0,247,0.0,0.0,0.0,0.0,0.0
2019-02-27,10,0,248,1.32,1.32,0.0,18.063139,0.0
2019-02-27,10,0,249,0.0,0.0,0.0,0.0,0.0
2019-02-27,10,0,251,27.71,27.71,0.0,380.98009,0.0
2019-02-27,10,0,252,20.17,20.17,0.0,277.400653,0.0
2019-02-27,10,0,254,10.09,10.09,0.0,137.202919,0.0
2019-02-27,10,0,255,4.62,4.62,0.0,62.822347,0.0
2019-02-27,10,0,258,8.66,8.66,0.0,117.947028,0.0
2019-02-27,10,0,260,3.6,3.6,0.0,48.888021,0.0
2019-02-27,10,0,265,45.48,45.48,0.0,618.617578,0.0
2019-02-27,10,0,266,3.31,3.31,0.0,45.022519,0.0
2019-02-27,10,0,267,4.07,4.07,0.0,55.360016,0.0
2019-02-27,10,0,270,45.51,45.51,0.0,607.743808,0.0
2019-02-27,10,0,272,44.89,44.89,0.0,599.955019,0.0
2019-02-27,10,0,273,15.04,15.04,0.0,200.84524,0.0
2019-02-27,10,0,274,58.67,58.67,0.0,783.483393,0.0
2019-02-27,10,0,275,81.66,81.66,0.0,1090.493504,0.0
2019-02-27,10,0,276,3.49,3.49,0.0,46.616372,0.0
2019-02-27,10,0,277,4.38,4.38,0.0,58.567029,0.0
2019-02-27,10,0,278,7.01,7.01,0.0,93.733989,0.0
2019-02-27,10,0,279,19.32,19.32,0.0,258.336758,0.0
2019-02-27,10,0,281,4.67,4.67,0.0,57.940059,0.0
2019-02-27,10,0,282,167.03,167.03,0.0,2072.318652,0.0
2019-02-27,11,0,9,2.39,2.39,0.0,24.367561,0.0
2019-02-27,11,0,17,47.34,47.34,0.0,510.917936,0.0
2019-02-27,11,0,19,9.38,9.38,0.0,101.233845,0.0
2019-02-27,11,0,20,11.38,11.38,0.0,122.818887,0.0
2019-02-27,11,0,21,54.6,54.6,0.0,556.681523,0.0
2019-02-27,11,0,22,194.05,194.05,0.0,1978.462445,0.0
2019-02-27,11,0,23,21.18,21.18,0.0,215.943492,0.0
2019-02-27,11,0,24,37.46,37.46,0.0,381.928385,0.0
2019-02-27,11,0,29,5.31,5.31,0.0,58.449385,0.0
2019-02-27,11,0,30,454.64,454.64,0.0,4633.621382,0.0
2019-02-27,11,0,31,10.61,10.61,0.0,108.135498,0.0
2019-02-27,11,0,32,4.17,4.17,0.0,57.078564,0.0
2019-02-27,11,0,33,2.45,2.45,0.0,26.699078,0.0
2019-02-27,11,0,34,3.93,3.93,0.0,42.8275,0.0
2019-02-27,11,0,35,3.93,3.93,0.0,42.8275,0.0
2019-02-27,11,0,36,9.26,9.26,0.0,98.463088,0.0
2019-02-27,11,0,37,4.49,4.49,0.0,47.735644,0.0
2019-02-27,11,0,38,5.77,5.77,0.0,61.344024,0.0
2019-02-27,11,0,39,3.85,3.85,0.0,40.931455,0.0
2019-02-27,11,0,40,3.85,3.85,0.0,40.931455,0.0
2019-02-27,11,0,41,4.67,4.67,0.0,48.534323,0.0
2019-02-27,11,0,42,58.79,58.79,0.0,633.15343,0.0
2019-02-27,11,0,43,28.73,28.73,0.0,306.32377,0.0
2019-02-27,11,0,46,25.19,25.19,0.0,266.798519,0.0
2019-02-27,11,0,52,11.28,11.28,0.0,114.964036,0.0
2019-02-27,11,0,53,18.38,18.38,0.0,187.32615,0.0
2019-02-27,11,0,55,122.63,122.63,0.0,1250.290387,0.0
2019-02-27,11,0,56,134.1,134.1,0.0,1366.726701,0.0
2019-02-27,11,0,57,127.56,127.56,0.0,1300.072021,0.0
2019-02-27,11,0,58,245.31,245.31,0.0,2500.162021,0.0
2019-02-27,11,0,59,241.22,241.22,0.0,2458.477366,0.0
2019-02-27,11,0,63,11.81,11.81,0.0,161.881922,0.0
2019-02-27,11,0,64,13.89,13.89,0.0,190.392878,0.0
2019-02-27,11,0,65,7.97,7.97,0.0,85.982674,0.0
2019-02-27,11,0,67,258.0,258.0,0.0,2798.381752,0.0
2019-02-27,11,0,68,2.11,2.11,0.0,21.689567,0.0
2019-02-27,11,0,69,2.45,2.45,0.0,26.699078,0.0
2019-02-27,11,0,74,0.0,0.0,0.0,0.0,0.0
2019-02-27,11,0,77,10.68,10.68,0.0,105.003203,0.0
2019-02-27,11,0,78,8.07,8.07,0.0,79.342308,0.0
2019-02-27,11,0,79,4.67,4.67,0.0,45.914322,0.0
2019-02-27,11,0,80,7.55,7.55,0.0,74.229792,0.0
2019-02-27,11,0,81,9.88,9.88,0.0,97.137794,0.0
2019-02-27,11,0,82,6.97,6.97,0.0,68.527371,0.0
2019-02-27,11,0,83,15.53,15.53,0.0,152.687241,0.0
2019-02-27,11,0,84,0.0,0.0,0.0,0.0,0.0
2019-02-27,11,0,86,12.43,12.43,0.0,135.456954,0.0
2019-02-27,11,0,87,63.46,63.46,0.0,691.560604,0.0
2019-02-27,11,0,88,6.61,6.61,0.0,64.987937,0.0
2019-02-27,11,0,89,6.36,6.36,0.0,62.529997,0.0
2019-02-27,11,0,90,8.54,8.54,0.0,83.963235,0.0
2019-02-27,11,0,91,30.45,30.45,0.0,299.377109,0.0
2019-02-27,11,0,92,10.95,10.95,0.0,107.657778,0.0
2019-02-27,11,0,95,2.37,2.37,0.0,32.389663,0.0
2019-02-27,11,0,96,6.46,6.46,0.0,65.813778,0.0
2019-02-27,11,0,97,47.45,47.45,0.0,483.415441,0.0
2019-02-27,11,0,99,0.0,0.0,0.0,0.0,0.0
2019-02-27,11,0,101,9.16,9.16,0.0,93.35732,0.0
2019-02-27,11,0,102,4.99,4.99,0.0,51.294284,0.0
2019-02-27,11,0,103,4.34,4.34,0.0,44.612664,0.0
2019-02-27,11,0,104,0.81,0.81,0.0,8.326327,0.0
2019-02-27,11,0,106,191.03,191.03,0.0,1947.671635,0.0
2019-02-27,11,0,109,8.05,8.05,0.0,84.709914,0.0
2019-02-27,11,0,110,239.08,239.08,0.0,3008.308331,0.0
2019-02-27,11,0,111,15.73,15.73,0.0,163.478566,0.0
2019-02-27,11,0,113,4.9,4.9,0.0,47.216955,0.0
2019-02-27,11,0,115,4.9,4.9,0.0,47.216955,0.0
2019-02-27,11,0,116,91.75,91.75,0.0,1154.4767,0.0
2019-02-27,11,0,117,0.33,0.33,0.0,3.179917,0.0
2019-02-27,11,0,119,13.89,13.89,0.0,190.392878,0.0
2019-02-27,11,0,120,8.17,8.17,0.0,111.987748,0.0
2019-02-27,11,0,123,3.18,3.18,0.0,32.422111,0.0
2019-02-27,11,0,125,33.9,33.9,0.0,345.631934,0.0
2019-02-27,11,0,126,143.27,143.27,0.0,1460.728238,0.0
2019-02-27,11,0,127,183.87,183.87,0.0,1874.670908,0.0
2019-02-27,11,0,128,48.55,48.55,0.0,494.997947,0.0
2019-02-27,11,0,131,5.2,5.2,0.0,52.6655,0.0
2019-02-27,11,0,132,7.65,7.65,0.0,77.479053,0.0
2019-02-27,11,0,133,1.54,1.54,0.0,16.621096,0.0
2019-02-27,11,0,134,0.0,0.0,0.0,0.0,0.0
2019-02-27,11,0,135,2.07,2.07,0.0,22.341343,0.0
2019-02-27,11,0,136,11.94,11.94,0.0,128.809413,0.0
2019-02-27,11,0,139,6.03,6.03,0.0,62.668516,0.0
2019-02-27,11,0,140,176.94,176.94,0.0,2226.409888,0.0
2019-02-27,11,0,141,64.24,64.24,0.0,696.775363,0.0
2019-02-27,11,0,142,340.24,340.24,0.0,3690.393051,0.0
2019-02-27,11,0,143,17.31,17.31,0.0,176.420874,0.0
2019-02-27,11,0,145,9.98,9.98,0.0,102.941256,0.0
2019-02-27,11,0,146,255.31,255.31,0.0,3212.528024,0.0
2019-02-27,11,0,152,7.02,7.02,0.0,74.925187,0.0
2019-02-27,11,0,153,8.86,8.86,0.0,94.516022,0.0
2019-02-27,11,0,154,64.91,64.91,0.0,674.595913,0.0
2019-02-27,11,0,157,15.34,15.34,0.0,166.384403,0.0
2019-02-27,11,0,158,257.35,257.35,0.0,2791.331565,0.0
2019-02-27,11,0,159,0.0,0.0,0.0,0.0,0.0
2019-02-27,11,0,160,2.25,2.25,0.0,24.201817,0.0
2019-02-27,11,0,161,46.65,46.65,0.0,479.534743,0.0
2019-02-27,11,0,162,4.26,4.26,0.0,58.227837,0.0
2019-02-27,11,0,163,11.54,11.54,0.0,145.206116,0.0
2019-02-27,11,0,164,16.76,16.76,0.0,170.815358,0.0
2019-02-27,11,0,167,4.56,4.56,0.0,62.324498,0.0
2019-02-27,11,0,168,2.28,2.28,0.0,31.162249,0.0
2019-02-27,11,0,169,0.0,0.0,0.0,0.0,0.0
2019-02-27,11,0,170,4.98,4.98,0.0,68.064913,0.0
2019-02-27,11,0,172,4.92,4.92,0.0,65.937061,0.0
2019-02-27,11,0,173,7.49,7.49,0.0,100.379794,0.0
2019-02-27,11,0,188,8.3,8.3,0.0,112.539181,0.0
2019-02-27,11,0,190,8.13,8.13,0.0,111.43946,0.0
2019-02-27,11,0,191,21.0,21.0,0.0,287.851004,0.0
2019-02-27,11,0,192,64.86,64.86,0.0,889.048386,0.0
2019-02-27,11,0,194,4.35,4.35,0.0,39.287036,0.0
2019-02-27,11,0,196,5.01,5.01,0.0,66.548027,0.0
2019-02-27,11,0,198,9.95,9.95,0.0,108.619177,0.0
2019-02-27,11,0,199,0.0,0.0,0.0,0.0,0.0
2019-02-27,11,0,200,17.84,17.84,0.0,190.772261,0.0
2019-02-27,11,0,204,23.11,23.11,0.0,242.840913,0.0
2019-02-27,11,0,205,52.64,52.64,0.0,553.929174,0.0
2019-02-27,11,0,206,181.36,181.36,0.0,1847.675963,0.0
2019-02-27,11,0,210,1.74,1.74,0.0,19.190077,0.0
2019-02-27,11,0,214,12.53,12.53,0.0,137.325217,0.0
2019-02-27,11,0,217,7.7,7.7,0.0,84.629906,0.0
2019-02-27,11,0,218,10.63,10.63,0.0,116.833234,0.0
2019-02-27,11,0,219,7.24,7.24,0.0,79.574094,0.0
2019-02-27,11,0,221,6.68,6.68,0.0,73.21089,0.0
2019-02-27,11,0,225,5.62,5.62,0.0,61.85009,0.0
2019-02-27,11,0,233,7.03,7.03,0.0,76.610007,0.0
2019-02-27,11,0,236,0.0,0.0,0.0,0.0,0.0
2019-02-27,11,0,237,0.0,0.0,0.0,0.0,0.0
2019-02-27,11,0,238,76.52,76.52,0.0,824.101046,0.0
2019-02-27,11,0,240,10.5,10.5,0.0,111.64821,0.0
2019-02-27,11,0,245,4.61,4.61,0.0,49.825238,0.0
2019-02-27,11,0,247,5.39,5.39,0.0,58.255538,0.0
2019-02-27,11,0,248,0.0,0.0,0.0,0.0,0.0
2019-02-27,11,0,249,8.87,8.87,0.0,95.867648,0.0
2019-02-27,11,0,251,66.5,66.5,0.0,716.959413,0.0
2019-02-27,11,0,252,51.43,51.43,0.0,554.841771,0.0
2019-02-27,11,0,254,15.76,15.76,0.0,168.408156,0.0
2019-02-27,11,0,255,7.22,7.22,0.0,77.151452,0.0
2019-02-27,11,0,258,12.88,12.88,0.0,137.015451,0.0
2019-02-27,11,0,260,5.47,5.47,0.0,58.837307,0.0
2019-02-27,11,0,265,67.2,67.2,0.0,698.395399,0.0
2019-02-27,11,0,266,3.9,3.9,0.0,40.531876,0.0
2019-02-27,11,0,267,4.8,4.8,0.0,49.885386,0.0
2019-02-27,11,0,270,39.02,39.02,0.0,490.982897,0.0
2019-02-27,11,0,272,16.36,16.36,0.0,157.646813,0.0
2019-02-27,11,0,273,21.94,21.94,0.0,276.06778,0.0
2019-02-27,11,0,274,50.96,50.96,0.0,641.222154,0.0
2019-02-27,11,0,275,71.9,71.9,0.0,904.707081,0.0
2019-02-27,11,0,276,5.11,5.11,0.0,62.317208,0.0
2019-02-27,11,0,277,6.46,6.46,0.0,62.756002,0.0
2019-02-27,11,0,278,10.33,10.33,0.0,100.351316,0.0
2019-02-27,11,0,279,13.61,13.61,0.0,132.215045,0.0
2019-02-27,11,0,281,4.63,4.63,0.0,47.188252,0.0
2019-02-27,11,0,282,249.4,249.4,0.0,2541.846676,0.0
2019-02-27,12,0,9,3.17,3.17,0.0,22.431142,0.0
2019-02-27,12,0,17,59.35,59.35,0.0,677.120561,0.0
2019-02-27,12,0,19,26.38,26.38,0.0,300.967825,0.0
2019-02-27,12,0,20,32.0,32.0,0.0,365.086065,0.0
2019-02-27,12,0,21,72.51,72.51,0.0,513.085842,0.0
2019-02-27,12,0,22,257.7,257.7,0.0,1823.503262,0.0
2019-02-27,12,0,23,15.82,15.82,0.0,111.943429,0.0
2019-02-27,12,0,24,26.49,26.49,0.0,187.445097,0.0
2019-02-27,12,0,29,6.62,6.62,0.0,55.989953,0.0
2019-02-27,12,0,30,605.04,605.04,0.0,3561.825639,0.0
2019-02-27,12,0,31,9.67,9.67,0.0,56.926573,0.0
2019-02-27,12,0,32,5.39,5.39,0.0,82.889614,0.0
2019-02-27,12,0,33,3.23,3.23,0.0,39.399646,0.0
2019-02-27,12,0,34,5.17,5.17,0.0,63.06383,0.0
2019-02-27,12,0,35,5.17,5.17,0.0,63.06383,0.0
2019-02-27,12,0,36,12.49,12.49,0.0,125.258536,0.0
2019-02-27,12,0,37,6.01,6.01,0.0,60.022052,0.0
2019-02-27,12,0,38,7.73,7.73,0.0,77.199745,0.0
2019-02-27,12,0,39,5.15,5.15,0.0,51.433206,0.0
2019-02-27,12,0,40,5.15,5.15,0.0,51.433206,0.0
2019-02-27,12,0,41,6.64,6.64,0.0,58.865206,0.0
2019-02-27,12,0,42,75.43,75.43,0.0,847.674175,0.0
2019-02-27,12,0,43,39.09,39.09,0.0,392.591704,0.0
2019-02-27,12,0,46,32.91,32.91,0.0,320.886651,0.0
2019-02-27,12,0,52,10.25,10.25,0.0,60.34099,0.0
2019-02-27,12,0,53,16.28,16.28,0.0,95.839153,0.0
2019-02-27,12,0,55,155.45,155.45,0.0,1099.975096,0.0
2019-02-27,12,0,56,178.47,178.47,0.0,1050.639663,0.0
2019-02-27,12,0,57,169.76,169.76,0.0,999.364539,0.0
2019-02-27,12,0,58,326.46,326.46,0.0,1921.845825,0.0
2019-02-27,12,0,59,321.02,321.02,0.0,1889.820948,0.0
2019-02-27,12,0,63,9.25,9.25,0.0,164.481889,0.0
2019-02-27,12,0,64,10.89,10.89,0.0,193.644083,0.0
2019-02-27,12,0,65,16.74,16.74,0.0,190.453748,0.0
2019-02-27,12,0,67,343.11,343.11,0.0,-855.339621,0.0
2019-02-27,12,0,68,1.79,1.79,0.0,3.705443,0.0
2019-02-27,12,0,69,3.23,3.23,0.0,39.399646,0.0
2019-02-27,12,0,74,0.0,0.0,0.0,0.0,0.0
2019-02-27,12,0,77,10.99,10.99,0.0,65.9054,0.0
2019-02-27,12,0,78,8.31,8.31,0.0,49.833837,0.0
2019-02-27,12,0,79,4.81,4.81,0.0,28.844856,0.0
2019-02-27,12,0,80,7.78,7.78,0.0,46.655506,0.0
2019-02-27,12,0,81,10.17,10.17,0.0,60.987981,0.0
2019-02-27,12,0,82,7.17,7.17,0.0,42.997426,0.0
2019-02-27,12,0,83,16.0,16.0,0.0,95.949626,0.0
2019-02-27,12,0,84,0.0,0.0,0.0,0.0,0.0
2019-02-27,12,0,86,16.37,16.37,0.0,199.681799,0.0
2019-02-27,12,0,87,83.55,83.55,0.0,1019.14565,0.0
2019-02-27,12,0,88,6.58,6.58,0.0,39.459284,0.0
2019-02-27,12,0,89,6.33,6.33,0.0,37.960071,0.0
2019-02-27,12,0,90,8.49,8.49,0.0,50.91327,0.0
2019-02-27,12,0,91,30.3,30.3,0.0,181.704605,0.0
2019-02-27,12,0,92,10.9,10.9,0.0,65.365683,0.0
2019-02-27,12,0,95,5.4,5.4,0.0,83.551694,0.0
2019-02-27,12,0,96,7.65,7.65,0.0,60.139977,0.0
2019-02-27,12,0,97,47.01,47.01,0.0,369.566057,0.0
2019-02-27,12,0,99,0.0,0.0,0.0,0.0,0.0
2019-02-27,12,0,101,12.19,12.19,0.0,71.761627,0.0
2019-02-27,12,0,102,4.23,4.23,0.0,8.756437,0.0
2019-02-27,12,0,103,3.68,3.68,0.0,7.617893,0.0
2019-02-27,12,0,104,0.68,0.68,0.0,1.407654,0.0
2019-02-27,12,0,106,253.69,253.69,0.0,1795.128221,0.0
2019-02-27,12,0,109,5.59,5.59,0.0,53.102082,0.0
2019-02-27,12,0,110,338.6,338.6,0.0,-5575.456436,0.0
2019-02-27,12,0,111,21.13,21.13,0.0,187.322562,0.0
2019-02-27,12,0,113,2.0,2.0,0.0,13.011824,0.0
2019-02-27,12,0,115,2.0,2.0,0.0,13.011824,0.0
2019-02-27,12,0,116,118.19,118.19,0.0,-1946.140567,0.0
2019-02-27,12,0,117,0.13,0.13,0.0,0.845769,0.0
2019-02-27,12,0,119,10.89,10.89,0.0,193.644083,0.0
2019-02-27,12,0,120,6.4,6.4,0.0,113.803685,0.0
2019-02-27,12,0,123,4.23,4.23,0.0,29.931776,0.0
2019-02-27,12,0,125,24.23,24.23,0.0,171.453178,0.0
2019-02-27,12,0,126,190.27,190.27,0.0,1346.363856,0.0
2019-02-27,12,0,127,244.17,244.17,0.0,1727.764034,0.0
2019-02-27,12,0,128,33.22,33.22,0.0,235.067048,0.0
2019-02-27,12,0,131,5.07,5.07,0.0,16.673768,0.0
2019-02-27,12,0,132,7.46,7.46,0.0,24.533789,0.0
2019-02-27,12,0,133,4.89,4.89,0.0,55.804353,0.0
2019-02-27,12,0,134,0.0,0.0,0.0,0.0,0.0
2019-02-27,12,0,135,6.55,6.55,0.0,74.748162,0.0
2019-02-27,12,0,136,22.57,22.57,0.0,256.743252,0.0
2019-02-27,12,0,139,8.58,8.58,0.0,76.063776,0.0
2019-02-27,12,0,140,250.6,250.6,0.0,-4126.430546,0.0
2019-02-27,12,0,141,52.68,52.68,0.0,-131.32608,0.0
2019-02-27,12,0,142,452.47,452.47,0.0,-1127.963388,0.0
2019-02-27,12,0,143,16.14,16.14,0.0,95.014984,0.0
2019-02-27,12,0,145,7.46,7.46,0.0,62.867544,0.0
2019-02-27,12,0,146,268.0,268.0,0.0,-4412.942483,0.0
2019-02-27,12,0,152,9.5,9.5,0.0,99.709102,0.0
2019-02-27,12,0,153,11.93,11.93,0.0,124.718763,0.0
2019-02-27,12,0,154,87.15,87.15,0.0,772.605834,0.0
2019-02-27,12,0,157,37.43,37.43,0.0,-93.309324,0.0
2019-02-27,12,0,158,353.72,353.72,0.0,-881.789311,0.0
2019-02-27,12,0,159,0.0,0.0,0.0,0.0,0.0
2019-02-27,12,0,160,3.04,3.04,0.0,31.285218,0.0
2019-02-27,12,0,161,62.21,62.21,0.0,128.779661,0.0
2019-02-27,12,0,162,6.09,6.09,0.0,94.384904,0.0
2019-02-27,12,0,163,5.71,5.71,0.0,-94.022021,0.0
2019-02-27,12,0,164,23.1,23.1,0.0,135.987988,0.0
2019-02-27,12,0,167,5.81,5.81,0.0,89.502381,0.0
2019-02-27,12,0,168,2.91,2.91,0.0,44.828215,0.0
2019-02-27,12,0,169,0.0,0.0,0.0,0.0,0.0
2019-02-27,12,0,170,6.35,6.35,0.0,97.821019,0.0
2019-02-27,12,0,172,6.34,6.34,0.0,93.113096,0.0
2019-02-27,12,0,173,9.66,9.66,0.0,141.872635,0.0
2019-02-27,12,0,188,10.71,10.71,0.0,160.16426,0.0
2019-02-27,12,0,190,10.52,10.52,0.0,187.064808,0.0
2019-02-27,12,0,191,27.16,27.16,0.0,482.95439,0.0
2019-02-27,12,0,192,25.61,25.61,0.0,455.39256,0.0
2019-02-27,12,0,194,2.24,2.24,0.0,23.245293,0.0
2019-02-27,12,0,196,6.53,6.53,0.0,147.317849,0.0
2019-02-27,12,0,198,12.85,12.85,0.0,134.625148,0.0
2019-02-27,12,0,199,0.0,0.0,0.0,0.0,0.0
2019-02-27,12,0,200,23.03,23.03,0.0,247.722051,0.0
2019-02-27,12,0,204,17.79,17.79,0.0,167.315456,0.0
2019-02-27,12,0,205,29.59,29.59,0.0,281.089556,0.0
2019-02-27,12,0,206,138.14,138.14,0.0,1085.978625,0.0
2019-02-27,12,0,210,2.13,2.13,0.0,18.591985,0.0
2019-02-27,12,0,214,15.67,15.67,0.0,198.470661,0.0
2019-02-27,12,0,217,9.44,9.44,0.0,103.372011,0.0
2019-02-27,12,0,218,13.03,13.03,0.0,142.684036,0.0
2019-02-27,12,0,219,8.87,8.87,0.0,97.130269,0.0
2019-02-27,12,0,221,8.36,8.36,0.0,105.884794,0.0
2019-02-27,12,0,225,6.77,6.77,0.0,57.081471,0.0
2019-02-27,12,0,233,9.26,9.26,0.0,112.953785,0.0
2019-02-27,12,0,236,0.0,0.0,0.0,0.0,0.0
2019-02-27,12,0,237,0.0,0.0,0.0,0.0,0.0
2019-02-27,12,0,238,98.17,98.17,0.0,1103.223833,0.0
2019-02-27,12,0,240,14.15,14.15,0.0,141.906187,0.0
2019-02-27,12,0,245,14.87,14.87,0.0,171.388386,0.0
2019-02-27,12,0,247,20.49,20.49,0.0,236.163283,0.0
2019-02-27,12,0,248,0.0,0.0,0.0,0.0,0.0
2019-02-27,12,0,249,28.6,28.6,0.0,329.637379,0.0
2019-02-27,12,0,251,137.51,137.51,0.0,1557.300397,0.0
2019-02-27,12,0,252,107.99,107.99,0.0,1228.620087,0.0
2019-02-27,12,0,254,20.85,20.85,0.0,210.69941,0.0
2019-02-27,12,0,255,9.56,9.56,0.0,96.608458,0.0
2019-02-27,12,0,258,17.46,17.46,0.0,175.142294,0.0
2019-02-27,12,0,260,7.38,7.38,0.0,75.948982,0.0
2019-02-27,12,0,265,90.23,90.23,0.0,799.910779,0.0
2019-02-27,12,0,266,5.55,5.55,0.0,49.202093,0.0
2019-02-27,12,0,267,6.82,6.82,0.0,60.46095,0.0
2019-02-27,12,0,270,17.83,17.83,0.0,-293.592405,0.0
2019-02-27,12,0,272,6.67,6.67,0.0,43.394433,0.0
2019-02-27,12,0,273,28.26,28.26,0.0,-465.334905,0.0
2019-02-27,12,0,274,22.99,22.99,0.0,-378.558014,0.0
2019-02-27,12,0,275,32.0,32.0,0.0,-526.918505,0.0
2019-02-27,12,0,276,6.66,6.66,0.0,-88.886092,0.0
2019-02-27,12,0,277,8.26,8.26,0.0,52.053045,0.0
2019-02-27,12,0,278,13.22,13.22,0.0,83.31008,0.0
2019-02-27,12,0,279,10.45,10.45,0.0,65.854034,0.0
2019-02-27,12,0,281,4.34,4.34,0.0,25.549258,0.0
2019-02-27,12,0,282,331.9,331.9,0.0,1953.870702,0.0
2019-02-27,13,0,9,3.33,3.33,0.0,28.020437,0.0
2019-02-27,13,0,17,63.92,63.92,0.0,881.515943,0.0
2019-02-27,13,0,19,57.21,57.21,0.0,788.978835,0.0
2019-02-27,13,0,20,69.39,69.39,0.0,956.952305,0.0
2019-02-27,13,0,21,76.12,76.12,0.0,640.515207,0.0
2019-02-27,13,0,22,270.51,270.51,0.0,2276.218715,0.0
2019-02-27,13,0,23,30.61,30.61,0.0,257.569239,0.0
2019-02-27,13,0,24,53.45,53.45,0.0,449.757459,0.0
2019-02-27,13,0,29,6.55,6.55,0.0,51.238189,0.0
2019-02-27,13,0,30,610.81,610.81,0.0,3595.793201,0.0
2019-02-27,13,0,31,8.53,8.53,0.0,50.215478,0.0
2019-02-27,13,0,32,6.74,6.74,0.0,95.903077,0.0
2019-02-27,13,0,33,3.76,3.76,0.0,55.383006,0.0
2019-02-27,13,0,34,6.01,6.01,0.0,88.524432,0.0
2019-02-27,13,0,35,6.01,6.01,0.0,88.524432,0.0
2019-02-27,13,0,36,14.57,14.57,0.0,175.583161,0.0
2019-02-27,13,0,37,7.02,7.02,0.0,84.139199,0.0
2019-02-27,13,0,38,9.03,9.03,0.0,108.230337,0.0
2019-02-27,13,0,39,6.02,6.02,0.0,72.153558,0.0
2019-02-27,13,0,40,6.02,6.02,0.0,72.153558,0.0
2019-02-27,13,0,41,10.18,10.18,0.0,112.058092,0.0
2019-02-27,13,0,42,82.74,82.74,0.0,1124.227287,0.0
2019-02-27,13,0,43,43.45,43.45,0.0,519.621156,0.0
2019-02-27,13,0,46,35.6,35.6,0.0,417.923696,0.0
2019-02-27,13,0,52,9.04,9.04,0.0,53.21781,0.0
2019-02-27,13,0,53,14.36,14.36,0.0,84.536256,0.0
2019-02-27,13,0,55,144.17,144.17,0.0,1213.125031,0.0
2019-02-27,13,0,56,180.17,180.17,0.0,1060.647437,0.0
2019-02-27,13,0,57,171.38,171.38,0.0,1008.901359,0.0
2019-02-27,13,0,58,329.58,329.58,0.0,1940.213034,0.0
2019-02-27,13,0,59,324.08,324.08,0.0,1907.834942,0.0
2019-02-27,13,0,63,7.67,7.67,0.0,121.448502,0.0
2019-02-27,13,0,64,9.03,9.03,0.0,142.983048,0.0
2019-02-27,13,0,65,30.65,30.65,0.0,421.533467,0.0
2019-02-27,13,0,67,357.1,357.1,0.0,966.052067,0.0
2019-02-27,13,0,68,1.56,1.56,0.0,8.935493,0.0
2019-02-27,13,0,69,3.76,3.76,0.0,55.383006,0.0
2019-02-27,13,0,74,0.0,0.0,0.0,0.0,0.0
2019-02-27,13,0,77,11.51,11.51,0.0,96.298469,0.0
2019-02-27,13,0,78,8.7,8.7,0.0,72.788591,0.0
2019-02-27,13,0,79,5.04,5.04,0.0,42.167184,0.0
2019-02-27,13,0,80,8.15,8.15,0.0,68.187013,0.0
2019-02-27,13,0,81,10.65,10.65,0.0,89.103275,0.0
2019-02-27,13,0,82,7.51,7.51,0.0,62.83245,0.0
2019-02-27,13,0,83,16.75,16.75,0.0,140.138953,0.0
2019-02-27,13,0,84,0.0,0.0,0.0,0.0,0.0
2019-02-27,13,0,86,19.04,19.04,0.0,280.450114,0.0
2019-02-27,13,0,87,97.23,97.23,0.0,1432.151501,0.0
2019-02-27,13,0,88,6.98,6.98,0.0,58.398203,0.0
2019-02-27,13,0,89,6.71,6.71,0.0,56.139246,0.0
2019-02-27,13,0,90,9.01,9.01,0.0,75.382207,0.0
2019-02-27,13,0,91,32.15,32.15,0.0,268.983125,0.0
2019-02-27,13,0,92,11.56,11.56,0.0,96.716794,0.0
2019-02-27,13,0,95,8.97,8.97,0.0,128.17363,0.0
2019-02-27,13,0,96,9.53,9.53,0.0,96.708595,0.0
2019-02-27,13,0,97,58.61,58.61,0.0,594.76293,0.0
2019-02-27,13,0,99,0.0,0.0,0.0,0.0,0.0
2019-02-27,13,0,101,12.3,12.3,0.0,72.409188,0.0
2019-02-27,13,0,102,3.69,3.69,0.0,21.135878,0.0
2019-02-27,13,0,103,3.21,3.21,0.0,18.386495,0.0
2019-02-27,13,0,104,0.6,0.6,0.0,3.436728,0.0
2019-02-27,13,0,106,266.29,266.29,0.0,2240.709332,0.0
2019-02-27,13,0,109,6.77,6.77,0.0,78.417185,0.0
2019-02-27,13,0,110,338.6,338.6,0.0,-2218.142057,0.0
2019-02-27,13,0,111,22.93,22.93,0.0,252.405899,0.0
2019-02-27,13,0,113,1.97,1.97,0.0,16.904005,0.0
2019-02-27,13,0,115,1.97,1.97,0.0,16.904005,0.0
2019-02-27,13,0,116,139.84,139.84,0.0,-916.080878,0.0
2019-02-27,13,0,117,0.13,0.13,0.0,1.115493,0.0
2019-02-27,13,0,119,9.03,9.03,0.0,142.983048,0.0
2019-02-27,13,0,120,5.31,5.31,0.0,84.079732,0.0
2019-02-27,13,0,123,4.44,4.44,0.0,37.360582,0.0
2019-02-27,13,0,125,48.53,48.53,0.0,408.357895,0.0
2019-02-27,13,0,126,199.72,199.72,0.0,1680.553036,0.0
2019-02-27,13,0,127,256.31,256.31,0.0,2156.732168,0.0
2019-02-27,13,0,128,68.51,68.51,0.0,576.480515,0.0
2019-02-27,13,0,131,5.02,5.02,0.0,32.806333,0.0
2019-02-27,13,0,132,7.37,7.37,0.0,48.163879,0.0
2019-02-27,13,0,133,11.28,11.28,0.0,155.601803,0.0
2019-02-27,13,0,134,0.0,0.0,0.0,0.0,0.0
2019-02-27,13,0,135,15.12,15.12,0.0,208.572629,0.0
2019-02-27,13,0,136,38.79,38.79,0.0,533.403471,0.0
2019-02-27,13,0,139,13.14,13.14,0.0,144.640798,0.0
2019-02-27,13,0,140,250.6,250.6,0.0,-1641.660955,0.0
2019-02-27,13,0,141,42.65,42.65,0.0,115.379783,0.0
2019-02-27,13,0,142,470.93,470.93,0.0,1273.992999,0.0
2019-02-27,13,0,143,15.19,15.19,0.0,89.422404,0.0
2019-02-27,13,0,145,19.41,19.41,0.0,205.246612,0.0
2019-02-27,13,0,146,268.0,268.0,0.0,-1755.646991,0.0
2019-02-27,13,0,152,10.99,10.99,0.0,139.529286,0.0
2019-02-27,13,0,153,13.72,13.72,0.0,173.504732,0.0
2019-02-27,13,0,154,94.57,94.57,0.0,1040.995457,0.0
2019-02-27,13,0,157,80.19,80.19,0.0,216.935635,0.0
2019-02-27,13,0,158,419.67,419.67,0.0,1135.320837,0.0
2019-02-27,13,0,159,0.0,0.0,0.0,0.0,0.0
2019-02-27,13,0,160,3.43,3.43,0.0,41.181611,0.0
2019-02-27,13,0,161,67.6,67.6,0.0,387.204695,0.0
2019-02-27,13,0,162,9.13,9.13,0.0,130.619215,0.0
2019-02-27,13,0,163,0.0,0.0,0.0,-0.0,0.0
2019-02-27,13,0,164,23.26,23.26,0.0,136.929896,0.0
2019-02-27,13,0,167,7.4,7.4,0.0,105.406794,0.0
2019-02-27,13,0,168,3.7,3.7,0.0,52.703397,0.0
2019-02-27,13,0,169,0.0,0.0,0.0,0.0,0.0
2019-02-27,13,0,170,8.09,8.09,0.0,115.235265,0.0
2019-02-27,13,0,172,8.52,8.52,0.0,116.874531,0.0
2019-02-27,13,0,173,12.99,12.99,0.0,178.192507,0.0
2019-02-27,13,0,188,13.4,13.4,0.0,186.79699,0.0
2019-02-27,13,0,190,11.69,11.69,0.0,185.102085,0.0
2019-02-27,13,0,191,30.2,30.2,0.0,478.193581,0.0
2019-02-27,13,0,192,8.4,8.4,0.0,133.007486,0.0
2019-02-27,13,0,194,1.34,1.34,0.0,14.780837,0.0
2019-02-27,13,0,196,7.57,7.57,0.0,143.779441,0.0
2019-02-27,13,0,198,14.55,14.55,0.0,169.928583,0.0
2019-02-27,13,0,199,0.0,0.0,0.0,0.0,0.0
2019-02-27,13,0,200,24.32,24.32,0.0,261.646855,0.0
2019-02-27,13,0,204,19.0,19.0,0.0,218.127306,0.0
2019-02-27,13,0,205,35.84,35.84,0.0,415.136174,0.0
2019-02-27,13,0,206,172.23,172.23,0.0,1747.756688,0.0
2019-02-27,13,0,210,1.97,1.97,0.0,16.162589,0.0
2019-02-27,13,0,214,16.89,16.89,0.0,258.184564,0.0
2019-02-27,13,0,217,9.21,9.21,0.0,112.329725,0.0
2019-02-27,13,0,218,12.71,12.71,0.0,155.017459,0.0
2019-02-27,13,0,219,8.66,8.66,0.0,105.621652,0.0
2019-02-27,13,0,221,9.01,9.01,0.0,137.729007,0.0
2019-02-27,13,0,225,6.78,6.78,0.0,52.787446,0.0
2019-02-27,13,0,233,10.78,10.78,0.0,158.784256,0.0
2019-02-27,13,0,236,0.0,0.0,0.0,0.0,0.0
2019-02-27,13,0,237,0.0,0.0,0.0,0.0,0.0
2019-02-27,13,0,238,107.7,107.7,0.0,1463.370544,0.0
2019-02-27,13,0,240,16.51,16.51,0.0,198.962113,0.0
2019-02-27,13,0,245,34.71,34.71,0.0,483.507026,0.0
2019-02-27,13,0,247,53.11,53.11,0.0,739.817291,0.0
2019-02-27,13,0,248,0.0,0.0,0.0,0.0,0.0
2019-02-27,13,0,249,66.75,66.75,0.0,929.821204,0.0
2019-02-27,13,0,251,250.93,250.93,0.0,3435.502514,0.0
2019-02-27,13,0,252,197.74,197.74,0.0,2719.544136,0.0
2019-02-27,13,0,254,23.95,23.95,0.0,286.703398,0.0
2019-02-27,13,0,255,10.98,10.98,0.0,131.440639,0.0
2019-02-27,13,0,258,20.26,20.26,0.0,243.852524,0.0
2019-02-27,13,0,260,8.33,8.33,0.0,100.012484,0.0
2019-02-27,13,0,265,97.91,97.91,0.0,1077.761079,0.0
2019-02-27,13,0,266,8.51,8.51,0.0,93.675281,0.0
2019-02-27,13,0,267,10.46,10.46,0.0,115.14024,0.0
2019-02-27,13,0,270,0.0,0.0,0.0,-0.0,0.0
2019-02-27,13,0,272,6.57,6.57,0.0,56.375284,0.0
2019-02-27,13,0,273,33.44,33.44,0.0,-219.062819,0.0
2019-02-27,13,0,274,0.0,0.0,0.0,-0.0,0.0
2019-02-27,13,0,275,0.0,0.0,0.0,-0.0,0.0
2019-02-27,13,0,276,7.33,7.33,0.0,-32.869254,0.0
2019-02-27,13,0,277,8.88,8.88,0.0,75.434121,0.0
2019-02-27,13,0,278,14.21,14.21,0.0,120.711583,0.0
2019-02-27,13,0,279,12.85,12.85,0.0,109.158609,0.0
2019-02-27,13,0,281,3.83,3.83,0.0,22.546926,0.0
2019-02-27,13,0,282,335.07,335.07,0.0,1972.532257,0.0
2019-02-27,14,0,9,3.48,3.48,0.0,29.914633,0.0
2019-02-27,14,0,17,66.16,66.16,0.0,912.12063,0.0
2019-02-27,14,0,19,92.63,92.63,0.0,1277.051602,0.0
2019-02-27,14,0,20,112.34,112.34,0.0,1548.785242,0.0
2019-02-27,14,0,21,79.52,79.52,0.0,683.566568,0.0
2019-02-27,14,0,22,282.61,282.61,0.0,2429.360509,0.0
2019-02-27,14,0,23,14.58,14.58,0.0,125.331999,0.0
2019-02-27,14,0,24,25.07,25.07,0.0,215.505707,0.0
2019-02-27,14,0,29,6.51,6.51,0.0,54.290831,0.0
2019-02-27,14,0,30,652.55,652.55,0.0,3663.885687,0.0
2019-02-27,14,0,31,15.7,15.7,0.0,88.151108,0.0
2019-02-27,14,0,32,6.74,6.74,0.0,93.492334,0.0
2019-02-27,14,0,33,3.83,3.83,0.0,55.98487,0.0
2019-02-27,14,0,34,6.13,6.13,0.0,89.605027,0.0
2019-02-27,14,0,35,6.13,6.13,0.0,89.605027,0.0
2019-02-27,14,0,36,14.96,14.96,0.0,183.118572,0.0
2019-02-27,14,0,37,7.19,7.19,0.0,87.586999,0.0
2019-02-27,14,0,38,9.25,9.25,0.0,112.681466,0.0
2019-02-27,14,0,39,6.17,6.17,0.0,75.161583,0.0
2019-02-27,14,0,40,6.17,6.17,0.0,75.161583,0.0
2019-02-27,14,0,41,7.75,7.75,0.0,87.828554,0.0
2019-02-27,14,0,42,87.0,87.0,0.0,1183.764073,0.0
2019-02-27,14,0,43,43.87,43.87,0.0,533.110068,0.0
2019-02-27,14,0,46,36.42,36.42,0.0,435.830137,0.0
2019-02-27,14,0,52,16.64,16.64,0.0,93.428945,0.0
2019-02-27,14,0,53,26.44,26.44,0.0,148.453203,0.0
2019-02-27,14,0,55,189.03,189.03,0.0,1624.931945,0.0
2019-02-27,14,0,56,192.48,192.48,0.0,1080.72135,0.0
2019-02-27,14,0,57,183.09,183.09,0.0,1027.999127,0.0
2019-02-27,14,0,58,352.09,352.09,0.0,1976.886846,0.0
2019-02-27,14,0,59,346.23,346.23,0.0,1943.984586,0.0
2019-02-27,14,0,63,3.64,3.64,0.0,55.298866,0.0
2019-02-27,14,0,64,4.28,4.28,0.0,65.021744,0.0
2019-02-27,14,0,65,41.4,41.4,0.0,569.379626,0.0
2019-02-27,14,0,67,369.6,369.6,0.0,1645.929622,0.0
2019-02-27,14,0,68,0.0,0.0,0.0,0.0,0.0
2019-02-27,14,0,69,3.83,3.83,0.0,55.98487,0.0
2019-02-27,14,0,74,0.0,0.0,0.0,0.0,0.0
2019-02-27,14,0,77,7.03,7.03,0.0,64.040453,0.0
2019-02-27,14,0,78,5.31,5.31,0.0,48.371949,0.0
2019-02-27,14,0,79,3.07,3.07,0.0,27.966456,0.0
2019-02-27,14,0,80,4.97,4.97,0.0,45.274687,0.0
2019-02-27,14,0,81,6.5,6.5,0.0,59.212367,0.0
2019-02-27,14,0,82,4.59,4.59,0.0,41.813041,0.0
2019-02-27,14,0,83,10.23,10.23,0.0,93.191156,0.0
2019-02-27,14,0,84,0.0,0.0,0.0,0.0,0.0
2019-02-27,14,0,86,19.42,19.42,0.0,283.871064,0.0
2019-02-27,14,0,87,99.14,99.14,0.0,1449.174936,0.0
2019-02-27,14,0,88,3.8,3.8,0.0,34.616461,0.0
2019-02-27,14,0,89,3.65,3.65,0.0,33.250022,0.0
2019-02-27,14,0,90,4.91,4.91,0.0,44.728111,0.0
2019-02-27,14,0,91,17.5,17.5,0.0,159.417912,0.0
2019-02-27,14,0,92,6.3,6.3,0.0,57.390448,0.0
2019-02-27,14,0,95,9.37,9.37,0.0,130.434049,0.0
2019-02-27,14,0,96,8.56,8.56,0.0,91.223251,0.0
2019-02-27,14,0,97,57.36,57.36,0.0,611.281038,0.0
2019-02-27,14,0,99,0.0,0.0,0.0,0.0,0.0
2019-02-27,14,0,101,13.14,13.14,0.0,73.777424,0.0
2019-02-27,14,0,102,0.0,0.0,0.0,0.0,0.0
2019-02-27,14,0,103,0.0,0.0,0.0,0.0,0.0
2019-02-27,14,0,104,0.0,0.0,0.0,0.0,0.0
2019-02-27,14,0,106,278.2,278.2,0.0,2391.451448,0.0
2019-02-27,14,0,109,4.09,4.09,0.0,48.418441,0.0
2019-02-27,14,0,110,338.6,338.6,0.0,-1066.743399,0.0
2019-02-27,14,0,111,24.44,24.44,0.0,276.971595,0.0
2019-02-27,14,0,113,0.0,0.0,0.0,0.0,0.0
2019-02-27,14,0,115,0.0,0.0,0.0,0.0,0.0
2019-02-27,14,0,116,142.03,142.03,0.0,-447.458845,0.0
2019-02-27,14,0,117,0.0,0.0,0.0,0.0,0.0
2019-02-27,14,0,119,4.28,4.28,0.0,65.021744,0.0
2019-02-27,14,0,120,2.52,2.52,0.0,38.28383,0.0
2019-02-27,14,0,123,4.64,4.64,0.0,39.886178,0.0
2019-02-27,14,0,125,22.85,22.85,0.0,196.422234,0.0
2019-02-27,14,0,126,208.65,208.65,0.0,1793.588586,0.0
2019-02-27,14,0,127,267.77,267.77,0.0,2301.793509,0.0
2019-02-27,14,0,128,31.72,31.72,0.0,272.670165,0.0
2019-02-27,14,0,131,2.91,2.91,0.0,22.114259,0.0
2019-02-27,14,0,132,4.28,4.28,0.0,32.525439,0.0
2019-02-27,14,0,133,20.24,20.24,0.0,279.10433,0.0
2019-02-27,14,0,134,0.0,0.0,0.0,0.0,0.0
2019-02-27,14,0,135,27.12,27.12,0.0,373.977739,0.0
2019-02-27,14,0,136,45.9,45.9,0.0,631.184411,0.0
2019-02-27,14,0,139,10.01,10.01,0.0,113.440494,0.0
2019-02-27,14,0,140,250.6,250.6,0.0,-789.503531,0.0
2019-02-27,14,0,141,42.12,42.12,0.0,187.57185,0.0
2019-02-27,14,0,142,487.41,487.41,0.0,2170.569689,0.0
2019-02-27,14,0,143,32.82,32.82,0.0,184.275118,0.0
2019-02-27,14,0,145,8.41,8.41,0.0,92.220383,0.0
2019-02-27,14,0,146,268.0,268.0,0.0,-844.321414,0.0
2019-02-27,14,0,152,11.51,11.51,0.0,147.523621,0.0
2019-02-27,14,0,153,14.41,14.41,0.0,184.055982,0.0
2019-02-27,14,0,154,100.81,100.81,0.0,1142.451168,0.0
2019-02-27,14,0,157,65.17,65.17,0.0,290.219788,0.0
2019-02-27,14,0,158,446.74,446.74,0.0,1989.455085,0.0
2019-02-27,14,0,159,0.0,0.0,0.0,0.0,0.0
2019-02-27,14,0,160,3.46,3.46,0.0,42.132878,0.0
2019-02-27,14,0,161,69.89,69.89,0.0,484.775883,0.0
2019-02-27,14,0,162,9.72,9.72,0.0,135.446054,0.0
2019-02-27,14,0,163,0.0,0.0,0.0,-0.0,0.0
2019-02-27,14,0,164,24.91,24.91,0.0,139.862681,0.0
2019-02-27,14,0,167,7.54,7.54,0.0,104.680913,0.0
2019-02-27,14,0,168,3.77,3.77,0.0,52.340457,0.0
2019-02-27,14,0,169,0.0,0.0,0.0,0.0,0.0
2019-02-27,14,0,170,8.25,8.25,0.0,114.538135,0.0
2019-02-27,14,0,172,8.65,8.65,0.0,116.2829,0.0
2019-02-27,14,0,173,13.19,13.19,0.0,177.314619,0.0
2019-02-27,14,0,188,13.43,13.43,0.0,183.087317,0.0
2019-02-27,14,0,190,11.77,11.77,0.0,178.809795,0.0
2019-02-27,14,0,191,30.41,30.41,0.0,461.988605,0.0
2019-02-27,14,0,192,7.34,7.34,0.0,111.509252,0.0
2019-02-27,14,0,194,0.0,0.0,0.0,0.0,0.0
2019-02-27,14,0,196,7.63,7.63,0.0,135.708436,0.0
2019-02-27,14,0,198,15.03,15.03,0.0,178.112433,0.0
2019-02-27,14,0,199,0.0,0.0,0.0,0.0,0.0
2019-02-27,14,0,200,24.69,24.69,0.0,270.540515,0.0
2019-02-27,14,0,204,10.94,10.94,0.0,128.526094,0.0
2019-02-27,14,0,205,21.62,21.62,0.0,255.942957,0.0
2019-02-27,14,0,206,203.07,203.07,0.0,2164.101122,0.0
2019-02-27,14,0,210,1.96,1.96,0.0,17.015674,0.0
2019-02-27,14,0,214,16.88,16.88,0.0,255.061864,0.0
2019-02-27,14,0,217,9.35,9.35,0.0,115.054457,0.0
2019-02-27,14,0,218,12.9,12.9,0.0,158.738235,0.0
2019-02-27,14,0,219,8.79,8.79,0.0,108.163495,0.0
2019-02-27,14,0,221,9.0,9.0,0.0,135.9927,0.0
2019-02-27,14,0,225,6.84,6.84,0.0,56.817082,0.0
2019-02-27,14,0,233,10.99,10.99,0.0,160.64588,0.0
2019-02-27,14,0,236,0.0,0.0,0.0,0.0,0.0
2019-02-27,14,0,237,0.0,0.0,0.0,0.0,0.0
2019-02-27,14,0,238,113.24,113.24,0.0,1540.798203,0.0
2019-02-27,14,0,240,16.95,16.95,0.0,207.477259,0.0
2019-02-27,14,0,245,60.64,60.64,0.0,843.47916,0.0
2019-02-27,14,0,247,90.89,90.89,0.0,1264.245066,0.0
2019-02-27,14,0,248,0.0,0.0,0.0,0.0,0.0
2019-02-27,14,0,249,116.61,116.61,0.0,1622.000409,0.0
2019-02-27,14,0,251,326.4,326.4,0.0,4471.092841,0.0
2019-02-27,14,0,252,267.06,267.06,0.0,3672.911181,0.0
2019-02-27,14,0,254,24.13,24.13,0.0,293.380692,0.0
2019-02-27,14,0,255,11.06,11.06,0.0,134.471216,0.0
2019-02-27,14,0,258,20.74,20.74,0.0,253.572467,0.0
2019-02-27,14,0,260,8.41,8.41,0.0,102.409683,0.0
2019-02-27,14,0,265,104.37,104.37,0.0,1182.795639,0.0
2019-02-27,14,0,266,6.48,6.48,0.0,73.436004,0.0
2019-02-27,14,0,267,7.97,7.97,0.0,90.321752,0.0
2019-02-27,14,0,270,0.0,0.0,0.0,-0.0,0.0
2019-02-27,14,0,272,0.0,0.0,0.0,0.0,0.0
2019-02-27,14,0,273,33.96,33.96,0.0,-106.989385,0.0
2019-02-27,14,0,274,0.0,0.0,0.0,-0.0,0.0
2019-02-27,14,0,275,0.0,0.0,0.0,-0.0,0.0
2019-02-27,14,0,276,7.51,7.51,0.0,-10.909789,0.0
2019-02-27,14,0,277,9.09,9.09,0.0,83.661414,0.0
2019-02-27,14,0,278,14.54,14.54,0.0,133.821447,0.0
2019-02-27,14,0,279,0.0,0.0,0.0,0.0,0.0
2019-02-27,14,0,281,7.05,7.05,0.0,39.583778,0.0
2019-02-27,14,0,282,357.96,357.96,0.0,2009.845254,0.0
2019-02-27,15,0,9,3.34,3.34,0.0,-298.230451,0.0
2019-02-27,15,0,17,63.65,63.65,0.0,698.457642,0.0
2019-02-27,15,0,19,143.17,143.17,0.0,1571.063326,0.0
2019-02-27,15,0,20,173.63,173.63,0.0,1905.31344,0.0
2019-02-27,15,0,21,76.49,76.49,0.0,-6829.834498,0.0
2019-02-27,15,0,22,271.82,271.82,0.0,-24270.958468,0.0
2019-02-27,15,0,23,11.47,11.47,0.0,-1024.162658,0.0
2019-02-27,15,0,24,20.29,20.29,0.0,-1811.705347,0.0
2019-02-27,15,0,29,6.21,6.21,0.0,48.562755,0.0
2019-02-27,15,0,30,629.15,629.15,0.0,-152287.763302,0.0
2019-02-27,15,0,31,28.04,28.04,0.0,-6787.171395,0.0
2019-02-27,15,0,32,6.51,6.51,0.0,93.917847,0.0
2019-02-27,15,0,33,3.75,3.75,0.0,45.364875,0.0
2019-02-27,15,0,34,6.0,6.0,0.0,72.5838,0.0
2019-02-27,15,0,35,6.0,6.0,0.0,72.5838,0.0
2019-02-27,15,0,36,14.6,14.6,0.0,134.503047,0.0
2019-02-27,15,0,37,7.0,7.0,0.0,64.355224,0.0
2019-02-27,15,0,38,9.0,9.0,0.0,82.742431,0.0
2019-02-27,15,0,39,6.0,6.0,0.0,55.16162,0.0
2019-02-27,15,0,40,6.0,6.0,0.0,55.16162,0.0
2019-02-27,15,0,41,9.85,9.85,0.0,57.565538,0.0
2019-02-27,15,0,42,84.11,84.11,0.0,902.482796,0.0
2019-02-27,15,0,43,42.93,42.93,0.0,400.001642,0.0
2019-02-27,15,0,46,35.25,35.25,0.0,316.513201,0.0
2019-02-27,15,0,52,29.72,29.72,0.0,-7193.820751,0.0
2019-02-27,15,0,53,47.21,47.21,0.0,-11427.331011,0.0
2019-02-27,15,0,55,248.37,248.37,0.0,-22177.09497,0.0
2019-02-27,15,0,56,185.58,185.58,0.0,-44920.23065,0.0
2019-02-27,15,0,57,176.52,176.52,0.0,-42727.228766,0.0
2019-02-27,15,0,58,339.47,339.47,0.0,-82169.795769,0.0
2019-02-27,15,0,59,333.81,333.81,0.0,-80799.774724,0.0
2019-02-27,15,0,63,1.88,1.88,0.0,27.403906,0.0
2019-02-27,15,0,64,2.22,2.22,0.0,32.359932,0.0
2019-02-27,15,0,65,41.4,41.4,0.0,452.425668,0.0
2019-02-27,15,0,67,357.8,357.8,0.0,5486.01608,0.0
2019-02-27,15,0,68,0.0,0.0,0.0,0.0,0.0
2019-02-27,15,0,69,3.75,3.75,0.0,45.364875,0.0
2019-02-27,15,0,74,0.0,0.0,0.0,0.0,0.0
2019-02-27,15,0,77,3.89,3.89,0.0,61.527668,0.0
2019-02-27,15,0,78,2.94,2.94,0.0,46.501631,0.0
2019-02-27,15,0,79,1.7,1.7,0.0,26.888698,0.0
2019-02-27,15,0,80,2.75,2.75,0.0,43.496424,0.0
2019-02-27,15,0,81,3.59,3.59,0.0,56.782604,0.0
2019-02-27,15,0,82,2.54,2.54,0.0,40.174879,0.0
2019-02-27,15,0,83,5.65,5.65,0.0,89.36538,0.0
2019-02-27,15,0,84,0.0,0.0,0.0,0.0,0.0
2019-02-27,15,0,86,19.01,19.01,0.0,229.969673,0.0
2019-02-27,15,0,87,97.03,97.03,0.0,1173.801017,0.0
2019-02-27,15,0,88,1.77,1.77,0.0,27.99588,0.0
2019-02-27,15,0,89,1.7,1.7,0.0,26.888698,0.0
2019-02-27,15,0,90,2.28,2.28,0.0,36.062489,0.0
2019-02-27,15,0,91,8.13,8.13,0.0,128.591245,0.0
2019-02-27,15,0,92,2.93,2.93,0.0,46.343462,0.0
2019-02-27,15,0,95,11.64,11.64,0.0,167.843172,0.0
2019-02-27,15,0,96,6.98,6.98,0.0,129.516579,0.0
2019-02-27,15,0,97,42.92,42.92,0.0,796.397075,0.0
2019-02-27,15,0,99,0.0,0.0,0.0,0.0,0.0
2019-02-27,15,0,101,12.67,12.67,0.0,-3066.813893,0.0
2019-02-27,15,0,102,0.0,0.0,0.0,0.0,0.0
2019-02-27,15,0,103,0.0,0.0,0.0,0.0,0.0
2019-02-27,15,0,104,0.0,0.0,0.0,0.0,0.0
2019-02-27,15,0,106,267.59,267.59,0.0,-23893.259423,0.0
2019-02-27,15,0,109,2.23,2.23,0.0,19.315844,0.0
2019-02-27,15,0,110,338.6,338.6,0.0,5023.886977,0.0
2019-02-27,15,0,111,23.52,23.52,0.0,137.455985,0.0
2019-02-27,15,0,113,0.0,0.0,0.0,0.0,0.0
2019-02-27,15,0,115,0.0,0.0,0.0,0.0,0.0
2019-02-27,15,0,116,136.5,136.5,0.0,2025.282257,0.0
2019-02-27,15,0,117,0.0,0.0,0.0,0.0,0.0
2019-02-27,15,0,119,2.22,2.22,0.0,32.359932,0.0
2019-02-27,15,0,120,1.3,1.3,0.0,18.94951,0.0
2019-02-27,15,0,123,4.46,4.46,0.0,-398.235872,0.0
2019-02-27,15,0,125,18.37,18.37,0.0,-1640.267482,0.0
2019-02-27,15,0,126,200.69,200.69,0.0,-17919.721341,0.0
2019-02-27,15,0,127,257.55,257.55,0.0,-22996.782258,0.0
2019-02-27,15,0,128,26.3,26.3,0.0,-2348.341578,0.0
2019-02-27,15,0,131,3.63,3.63,0.0,56.401526,0.0
2019-02-27,15,0,132,5.35,5.35,0.0,83.126216,0.0
2019-02-27,15,0,133,34.2,34.2,0.0,375.436493,0.0
2019-02-27,15,0,134,0.0,0.0,0.0,0.0,0.0
2019-02-27,15,0,135,45.82,45.82,0.0,502.99708,0.0
2019-02-27,15,0,136,45.9,45.9,0.0,501.488337,0.0
2019-02-27,15,0,139,12.81,12.81,0.0,74.864421,0.0
2019-02-27,15,0,140,250.6,250.6,0.0,3718.210503,0.0
2019-02-27,15,0,141,42.03,42.03,0.0,644.430564,0.0
2019-02-27,15,0,142,471.85,471.85,0.0,7234.702871,0.0
2019-02-27,15,0,143,63.05,63.05,0.0,-15261.453511,0.0
2019-02-27,15,0,145,3.48,3.48,0.0,26.441304,0.0
2019-02-27,15,0,146,261.42,261.42,0.0,3878.749361,0.0
2019-02-27,15,0,152,11.12,11.12,0.0,108.156906,0.0
2019-02-27,15,0,153,13.95,13.95,0.0,134.907151,0.0
2019-02-27,15,0,154,97.0,97.0,0.0,566.889055,0.0
2019-02-27,15,0,157,72.0,72.0,0.0,1103.949575,0.0
2019-02-27,15,0,158,429.74,429.74,0.0,6589.045697,0.0
2019-02-27,15,0,159,0.0,0.0,0.0,0.0,0.0
2019-02-27,15,0,160,3.31,3.31,0.0,32.182739,0.0
2019-02-27,15,0,161,66.95,66.95,0.0,1037.350479,0.0
2019-02-27,15,0,162,10.85,10.85,0.0,156.48057,0.0
2019-02-27,15,0,163,7.29,7.29,0.0,108.163426,0.0
2019-02-27,15,0,164,23.63,23.63,0.0,-5719.716835,0.0
2019-02-27,15,0,167,7.14,7.14,0.0,102.932273,0.0
2019-02-27,15,0,168,3.57,3.57,0.0,51.466137,0.0
2019-02-27,15,0,169,0.0,0.0,0.0,0.0,0.0
2019-02-27,15,0,170,7.81,7.81,0.0,112.591184,0.0
2019-02-27,15,0,172,8.28,8.28,0.0,117.102214,0.0
2019-02-27,15,0,173,12.62,12.62,0.0,178.481877,0.0
2019-02-27,15,0,188,13.01,13.01,0.0,186.976405,0.0
2019-02-27,15,0,190,11.13,11.13,0.0,162.236956,0.0
2019-02-27,15,0,191,28.74,28.74,0.0,418.929928,0.0
2019-02-27,15,0,192,35.26,35.26,0.0,513.969007,0.0
2019-02-27,15,0,194,0.0,0.0,0.0,0.0,0.0
2019-02-27,15,0,196,7.26,7.26,0.0,106.836542,0.0
2019-02-27,15,0,198,14.52,14.52,0.0,147.125318,0.0
2019-02-27,15,0,199,0.0,0.0,0.0,0.0,0.0
2019-02-27,15,0,200,23.88,23.88,0.0,292.831371,0.0
2019-02-27,15,0,204,6.04,6.04,0.0,51.822769,0.0
2019-02-27,15,0,205,11.78,11.78,0.0,102.036163,0.0
2019-02-27,15,0,206,126.13,126.13,0.0,2340.390565,0.0
2019-02-27,15,0,210,1.89,1.89,0.0,15.451838,0.0
2019-02-27,15,0,214,16.47,16.47,0.0,210.159745,0.0
2019-02-27,15,0,217,9.03,9.03,0.0,97.22686,0.0
2019-02-27,15,0,218,12.46,12.46,0.0,134.157992,0.0
2019-02-27,15,0,219,8.49,8.49,0.0,91.412629,0.0
2019-02-27,15,0,221,8.79,8.79,0.0,112.161758,0.0
2019-02-27,15,0,225,6.46,6.46,0.0,50.296003,0.0
2019-02-27,15,0,233,10.75,10.75,0.0,130.045975,0.0
2019-02-27,15,0,236,5.8,5.8,0.0,60.108575,0.0
2019-02-27,15,0,237,0.0,0.0,0.0,0.0,0.0
2019-02-27,15,0,238,109.48,109.48,0.0,1174.697616,0.0
2019-02-27,15,0,240,16.55,16.55,0.0,152.467495,0.0
2019-02-27,15,0,245,78.0,78.0,0.0,868.906615,0.0
2019-02-27,15,0,247,152.22,152.22,0.0,1695.704679,0.0
2019-02-27,15,0,248,0.0,0.0,0.0,0.0,0.0
2019-02-27,15,0,249,150.0,150.0,0.0,1670.974259,0.0
2019-02-27,15,0,251,326.4,326.4,0.0,3542.698146,0.0
2019-02-27,15,0,252,267.06,267.06,0.0,2918.473406,0.0
2019-02-27,15,0,254,23.93,23.93,0.0,225.402617,0.0
2019-02-27,15,0,255,10.97,10.97,0.0,103.329156,0.0
2019-02-27,15,0,258,20.13,20.13,0.0,185.789732,0.0
2019-02-27,15,0,260,8.03,8.03,0.0,78.074741,0.0
2019-02-27,15,0,265,100.43,100.43,0.0,586.934719,0.0
2019-02-27,15,0,266,8.19,8.19,0.0,47.864138,0.0
2019-02-27,15,0,267,10.13,10.13,0.0,59.201919,0.0
2019-02-27,15,0,270,23.79,23.79,0.0,352.977765,0.0
2019-02-27,15,0,272,0.0,0.0,0.0,0.0,0.0
2019-02-27,15,0,273,32.64,32.64,0.0,484.287274,0.0
2019-02-27,15,0,274,31.34,31.34,0.0,464.998871,0.0
2019-02-27,15,0,275,44.98,44.98,0.0,667.378725,0.0
2019-02-27,15,0,276,7.24,7.24,0.0,108.222398,0.0
2019-02-27,15,0,277,8.67,8.67,0.0,134.100016,0.0
2019-02-27,15,0,278,13.87,13.87,0.0,214.529092,0.0
2019-02-27,15,0,279,0.0,0.0,0.0,0.0,0.0
2019-02-27,15,0,281,12.58,12.58,0.0,-3045.029106,0.0
2019-02-27,15,0,282,345.13,345.13,0.0,-83539.816814,0.0
2019-02-27,16,0,9,2.88,2.88,0.0,22.226169,0.0
2019-02-27,16,0,17,53.24,53.24,0.0,704.83243,0.0
2019-02-27,16,0,19,332.0,332.0,0.0,4395.273607,0.0
2019-02-27,16,0,20,419.03,419.03,0.0,5547.444275,0.0
2019-02-27,16,0,21,65.94,65.94,0.0,508.88666,0.0
2019-02-27,16,0,22,234.33,234.33,0.0,1808.422978,0.0
2019-02-27,16,0,23,11.87,11.87,0.0,91.605773,0.0
2019-02-27,16,0,24,21.0,21.0,0.0,162.065815,0.0
2019-02-27,16,0,29,5.87,5.87,0.0,49.698004,0.0
2019-02-27,16,0,30,558.04,558.04,0.0,3133.238478,0.0
2019-02-27,16,0,31,46.87,46.87,0.0,263.161937,0.0
2019-02-27,16,0,32,4.93,4.93,0.0,79.639037,0.0
2019-02-27,16,0,33,3.17,3.17,0.0,45.051023,0.0
2019-02-27,16,0,34,5.08,5.08,0.0,72.19533,0.0
2019-02-27,16,0,35,5.08,5.08,0.0,72.19533,0.0
2019-02-27,16,0,36,12.33,12.33,0.0,141.694909,0.0
2019-02-27,16,0,37,5.89,5.89,0.0,67.341795,0.0
2019-02-27,16,0,38,7.57,7.57,0.0,86.549641,0.0
2019-02-27,16,0,39,5.05,5.05,0.0,57.737872,0.0
2019-02-27,16,0,40,5.05,5.05,0.0,57.737872,0.0
2019-02-27,16,0,41,9.9,9.9,0.0,101.110734,0.0
2019-02-27,16,0,42,76.24,76.24,0.0,993.245923,0.0
2019-02-27,16,0,43,36.76,36.76,0.0,421.250374,0.0
2019-02-27,16,0,46,30.09,30.09,0.0,335.740685,0.0
2019-02-27,16,0,52,49.68,49.68,0.0,278.939301,0.0
2019-02-27,16,0,53,78.92,78.92,0.0,443.113721,0.0
2019-02-27,16,0,55,325.06,325.06,0.0,2508.624474,0.0
2019-02-27,16,0,56,164.6,164.6,0.0,924.18295,0.0
2019-02-27,16,0,57,156.57,156.57,0.0,879.096747,0.0
2019-02-27,16,0,58,301.1,301.1,0.0,1690.592262,0.0
2019-02-27,16,0,59,296.08,296.08,0.0,1662.406366,0.0
2019-02-27,16,0,63,1.58,1.58,0.0,29.286874,0.0
2019-02-27,16,0,64,1.86,1.86,0.0,34.476953,0.0
2019-02-27,16,0,65,41.4,41.4,0.0,546.463454,0.0
2019-02-27,16,0,67,308.28,308.28,0.0,-421.149079,0.0
2019-02-27,16,0,68,0.0,0.0,0.0,0.0,0.0
2019-02-27,16,0,69,3.17,3.17,0.0,45.051023,0.0
2019-02-27,16,0,74,0.0,0.0,0.0,0.0,0.0
2019-02-27,16,0,77,1.86,1.86,0.0,13.10147,0.0
2019-02-27,16,0,78,1.41,1.41,0.0,9.931759,0.0
2019-02-27,16,0,79,0.81,0.81,0.0,5.705479,0.0
2019-02-27,16,0,80,1.32,1.32,0.0,9.297817,0.0
2019-02-27,16,0,81,1.72,1.72,0.0,12.115338,0.0
2019-02-27,16,0,82,1.21,1.21,0.0,8.522999,0.0
2019-02-27,16,0,83,2.71,2.71,0.0,19.088701,0.0
2019-02-27,16,0,84,0.0,0.0,0.0,0.0,0.0
2019-02-27,16,0,86,16.08,16.08,0.0,228.523801,0.0
2019-02-27,16,0,87,82.08,82.08,0.0,1166.494624,0.0
2019-02-27,16,0,88,0.0,0.0,0.0,0.0,0.0
2019-02-27,16,0,89,0.0,0.0,0.0,0.0,0.0
2019-02-27,16,0,90,0.0,0.0,0.0,0.0,0.0
2019-02-27,16,0,91,0.0,0.0,0.0,0.0,0.0
2019-02-27,16,0,92,0.0,0.0,0.0,0.0,0.0
2019-02-27,16,0,95,16.0,16.0,0.0,259.936192,0.0
2019-02-27,16,0,96,6.08,6.08,0.0,55.579019,0.0
2019-02-27,16,0,97,37.36,37.36,0.0,341.518445,0.0
2019-02-27,16,0,99,0.0,0.0,0.0,0.0,0.0
2019-02-27,16,0,101,11.24,11.24,0.0,63.109455,0.0
2019-02-27,16,0,102,0.0,0.0,0.0,0.0,0.0
2019-02-27,16,0,103,0.0,0.0,0.0,0.0,0.0
2019-02-27,16,0,104,0.0,0.0,0.0,0.0,0.0
2019-02-27,16,0,106,230.68,230.68,0.0,1780.254395,0.0
2019-02-27,16,0,109,0.0,0.0,0.0,0.0,0.0
2019-02-27,16,0,110,338.6,338.6,0.0,-5139.724673,0.0
2019-02-27,16,0,111,19.15,19.15,0.0,195.582885,0.0
2019-02-27,16,0,113,0.0,0.0,0.0,0.0,0.0
2019-02-27,16,0,115,0.0,0.0,0.0,0.0,0.0
2019-02-27,16,0,116,109.92,109.92,0.0,-1668.513101,0.0
2019-02-27,16,0,117,0.0,0.0,0.0,0.0,0.0
2019-02-27,16,0,119,1.86,1.86,0.0,34.476953,0.0
2019-02-27,16,0,120,1.09,1.09,0.0,20.204236,0.0
2019-02-27,16,0,123,3.84,3.84,0.0,29.634892,0.0
2019-02-27,16,0,125,19.0,19.0,0.0,146.630976,0.0
2019-02-27,16,0,126,173.01,173.01,0.0,1335.190796,0.0
2019-02-27,16,0,127,222.03,222.03,0.0,1713.498714,0.0
2019-02-27,16,0,128,27.21,27.21,0.0,209.990992,0.0
2019-02-27,16,0,131,0.63,0.63,0.0,2.740028,0.0
2019-02-27,16,0,132,0.92,0.92,0.0,4.001311,0.0
2019-02-27,16,0,133,50.5,50.5,0.0,668.744576,0.0
2019-02-27,16,0,134,0.0,0.0,0.0,0.0,0.0
2019-02-27,16,0,135,64.2,64.2,0.0,850.166372,0.0
2019-02-27,16,0,136,45.9,45.9,0.0,605.76294,0.0
2019-02-27,16,0,139,12.89,12.89,0.0,131.648219,0.0
2019-02-27,16,0,140,250.6,250.6,0.0,-3803.942714,0.0
2019-02-27,16,0,141,41.84,41.84,0.0,-57.158679,0.0
2019-02-27,16,0,142,406.54,406.54,0.0,-555.384541,0.0
2019-02-27,16,0,143,110.38,110.38,0.0,619.752819,0.0
2019-02-27,16,0,145,2.67,2.67,0.0,25.940562,0.0
2019-02-27,16,0,146,213.22,213.22,0.0,-3236.538968,0.0
2019-02-27,16,0,152,9.11,9.11,0.0,110.311726,0.0
2019-02-27,16,0,153,11.43,11.43,0.0,137.816761,0.0
2019-02-27,16,0,154,78.99,78.99,0.0,806.741101,0.0
2019-02-27,16,0,157,102.42,102.42,0.0,-139.918544,0.0
2019-02-27,16,0,158,342.61,342.61,0.0,-468.048157,0.0
2019-02-27,16,0,159,0.0,0.0,0.0,0.0,0.0
2019-02-27,16,0,160,2.87,2.87,0.0,33.438017,0.0
2019-02-27,16,0,161,57.5,57.5,0.0,180.813379,0.0
2019-02-27,16,0,162,12.75,12.75,0.0,207.464025,0.0
2019-02-27,16,0,163,24.74,24.74,0.0,-375.536882,0.0
2019-02-27,16,0,164,21.15,21.15,0.0,118.751333,0.0
2019-02-27,16,0,167,5.91,5.91,0.0,95.618225,0.0
2019-02-27,16,0,168,2.96,2.96,0.0,47.890008,0.0
2019-02-27,16,0,169,0.0,0.0,0.0,0.0,0.0
2019-02-27,16,0,170,6.47,6.47,0.0,104.678497,0.0
2019-02-27,16,0,172,7.42,7.42,0.0,114.604938,0.0
2019-02-27,16,0,173,11.3,11.3,0.0,174.533126,0.0
2019-02-27,16,0,188,9.72,9.72,0.0,152.90782,0.0
2019-02-27,16,0,190,8.94,8.94,0.0,165.711806,0.0
2019-02-27,16,0,191,23.09,23.09,0.0,427.996152,0.0
2019-02-27,16,0,192,125.78,125.78,0.0,2331.4576,0.0
2019-02-27,16,0,194,0.0,0.0,0.0,0.0,0.0
2019-02-27,16,0,196,5.96,5.96,0.0,138.610031,0.0
2019-02-27,16,0,198,12.18,12.18,0.0,141.613773,0.0
2019-02-27,16,0,199,4.07,4.07,0.0,46.376393,0.0
2019-02-27,16,0,200,18.88,18.88,0.0,215.131769,0.0
2019-02-27,16,0,204,0.0,0.0,0.0,0.0,0.0
2019-02-27,16,0,205,0.0,0.0,0.0,0.0,0.0
2019-02-27,16,0,206,109.78,109.78,0.0,1003.530377,0.0
2019-02-27,16,0,210,1.74,1.74,0.0,15.360563,0.0
2019-02-27,16,0,214,14.92,14.92,0.0,220.643644,0.0
2019-02-27,16,0,217,8.84,8.84,0.0,107.756192,0.0
2019-02-27,16,0,218,12.19,12.19,0.0,148.5914,0.0
2019-02-27,16,0,219,8.31,8.31,0.0,101.295696,0.0
2019-02-27,16,0,221,7.96,7.96,0.0,117.716046,0.0
2019-02-27,16,0,225,5.48,5.48,0.0,46.204795,0.0
2019-02-27,16,0,233,9.1,9.1,0.0,129.32628,0.0
2019-02-27,16,0,236,12.55,12.55,0.0,159.362408,0.0
2019-02-27,16,0,237,0.0,0.0,0.0,0.0,0.0
2019-02-27,16,0,238,99.24,99.24,0.0,1292.887269,0.0
2019-02-27,16,0,240,13.97,13.97,0.0,160.541596,0.0
2019-02-27,16,0,245,78.0,78.0,0.0,1043.861213,0.0
2019-02-27,16,0,247,171.72,171.72,0.0,2298.100608,0.0
2019-02-27,16,0,248,0.0,0.0,0.0,0.0,0.0
2019-02-27,16,0,249,150.0,150.0,0.0,2007.425409,0.0
2019-02-27,16,0,251,326.4,326.4,0.0,4287.355563,0.0
2019-02-27,16,0,252,267.06,267.06,0.0,3525.085265,0.0
2019-02-27,16,0,254,20.37,20.37,0.0,234.407897,0.0
2019-02-27,16,0,255,9.34,9.34,0.0,107.480106,0.0
2019-02-27,16,0,258,17.1,17.1,0.0,196.421691,0.0
2019-02-27,16,0,260,6.98,6.98,0.0,81.32312,0.0
2019-02-27,16,0,265,81.79,81.79,0.0,835.338076,0.0
2019-02-27,16,0,266,8.22,8.22,0.0,83.952549,0.0
2019-02-27,16,0,267,10.18,10.18,0.0,103.970432,0.0
2019-02-27,16,0,270,66.87,66.87,0.0,-1015.042495,0.0
2019-02-27,16,0,272,0.0,0.0,0.0,0.0,0.0
2019-02-27,16,0,273,26.29,26.29,0.0,-399.06486,0.0
2019-02-27,16,0,274,83.45,83.45,0.0,-1266.71596,0.0
2019-02-27,16,0,275,111.88,111.88,0.0,-1698.264608,0.0
2019-02-27,16,0,276,6.06,6.06,0.0,-73.296555,0.0
2019-02-27,16,0,277,7.74,7.74,0.0,56.586919,0.0
2019-02-27,16,0,278,12.38,12.38,0.0,90.509826,0.0
2019-02-27,16,0,279,0.0,0.0,0.0,0.0,0.0
2019-02-27,16,0,281,21.03,21.03,0.0,118.077566,0.0
2019-02-27,16,0,282,306.12,306.12,0.0,1718.778157,0.0
2019-02-27,17,0,9,2.16,2.16,0.0,22.465722,0.0
2019-02-27,17,0,17,40.36,40.36,0.0,636.906642,0.0
2019-02-27,17,0,19,284.63,284.63,0.0,4491.643643,0.0
2019-02-27,17,0,20,342.76,342.76,0.0,5408.972262,0.0
2019-02-27,17,0,21,49.46,49.46,0.0,514.423436,0.0
2019-02-27,17,0,22,175.76,175.76,0.0,1828.044138,0.0
2019-02-27,17,0,23,21.99,21.99,0.0,228.713533,0.0
2019-02-27,17,0,24,39.11,39.11,0.0,406.775183,0.0
2019-02-27,17,0,29,4.29,4.29,0.0,54.998432,0.0
2019-02-27,17,0,30,415.27,415.27,0.0,4306.387396,0.0
2019-02-27,17,0,31,67.07,67.07,0.0,695.521956,0.0
2019-02-27,17,0,32,3.47,3.47,0.0,82.031901,0.0
2019-02-27,17,0,33,2.37,2.37,0.0,40.065937,0.0
2019-02-27,17,0,34,3.79,3.79,0.0,64.071689,0.0
2019-02-27,17,0,35,3.79,3.79,0.0,64.071689,0.0
2019-02-27,17,0,36,9.05,9.05,0.0,125.449114,0.0
2019-02-27,17,0,37,4.36,4.36,0.0,60.212204,0.0
2019-02-27,17,0,38,5.61,5.61,0.0,77.474877,0.0
2019-02-27,17,0,39,3.74,3.74,0.0,51.649918,0.0
2019-02-27,17,0,40,3.74,3.74,0.0,51.649918,0.0
2019-02-27,17,0,41,3.55,3.55,0.0,42.749036,0.0
2019-02-27,17,0,42,56.65,56.65,0.0,880.1608,0.0
2019-02-27,17,0,43,27.07,27.07,0.0,377.293339,0.0
2019-02-27,17,0,46,22.18,22.18,0.0,298.410143,0.0
2019-02-27,17,0,52,71.1,71.1,0.0,737.31342,0.0
2019-02-27,17,0,53,112.95,112.95,0.0,1171.301698,0.0
2019-02-27,17,0,55,422.4,422.4,0.0,4393.296791,0.0
2019-02-27,17,0,56,122.49,122.49,0.0,1270.23236,0.0
2019-02-27,17,0,57,116.52,116.52,0.0,1208.322921,0.0
2019-02-27,17,0,58,224.07,224.07,0.0,2323.626132,0.0
2019-02-27,17,0,59,220.33,220.33,0.0,2284.841994,0.0
2019-02-27,17,0,63,4.98,4.98,0.0,138.09323,0.0
2019-02-27,17,0,64,5.86,5.86,0.0,162.495246,0.0
2019-02-27,17,0,65,41.4,41.4,0.0,651.443389,0.0
2019-02-27,17,0,67,230.31,230.31,0.0,-1610.268846,0.0
2019-02-27,17,0,68,0.0,0.0,0.0,0.0,0.0
2019-02-27,17,0,69,2.37,2.37,0.0,40.065937,0.0
2019-02-27,17,0,74,0.0,0.0,0.0,0.0,0.0
2019-02-27,17,0,77,1.35,1.35,0.0,10.06829,0.0
2019-02-27,17,0,78,1.02,1.02,0.0,7.607153,0.0
2019-02-27,17,0,79,0.59,0.59,0.0,4.400216,0.0
2019-02-27,17,0,80,0.96,0.96,0.0,7.159673,0.0
2019-02-27,17,0,81,1.25,1.25,0.0,9.322491,0.0
2019-02-27,17,0,82,0.88,0.88,0.0,6.563034,0.0
2019-02-27,17,0,83,1.97,1.97,0.0,14.692246,0.0
2019-02-27,17,0,84,0.0,0.0,0.0,0.0,0.0
2019-02-27,17,0,86,12.01,12.01,0.0,203.034559,0.0
2019-02-27,17,0,87,61.3,61.3,0.0,1036.30462,0.0
2019-02-27,17,0,88,0.0,0.0,0.0,0.0,0.0
2019-02-27,17,0,89,0.0,0.0,0.0,0.0,0.0
2019-02-27,17,0,90,0.0,0.0,0.0,0.0,0.0
2019-02-27,17,0,91,0.0,0.0,0.0,0.0,0.0
2019-02-27,17,0,92,0.0,0.0,0.0,0.0,0.0
2019-02-27,17,0,95,8.57,8.57,0.0,203.982516,0.0
2019-02-27,17,0,96,5.31,5.31,0.0,54.894772,0.0
2019-02-27,17,0,97,32.68,32.68,0.0,337.845788,0.0
2019-02-27,17,0,99,0.0,0.0,0.0,0.0,0.0
2019-02-27,17,0,101,8.37,8.37,0.0,86.797656,0.0
2019-02-27,17,0,102,0.0,0.0,0.0,0.0,0.0
2019-02-27,17,0,103,0.0,0.0,0.0,0.0,0.0
2019-02-27,17,0,104,0.0,0.0,0.0,0.0,0.0
2019-02-27,17,0,106,173.02,173.02,0.0,1799.545953,0.0
2019-02-27,17,0,109,0.0,0.0,0.0,0.0,0.0
2019-02-27,17,0,110,338.6,338.6,0.0,-10431.668417,0.0
2019-02-27,17,0,111,14.84,14.84,0.0,178.703011,0.0
2019-02-27,17,0,113,0.0,0.0,0.0,0.0,0.0
2019-02-27,17,0,115,0.0,0.0,0.0,0.0,0.0
2019-02-27,17,0,116,82.11,82.11,0.0,-2529.664187,0.0
2019-02-27,17,0,117,0.0,0.0,0.0,0.0,0.0
2019-02-27,17,0,119,5.86,5.86,0.0,162.495246,0.0
2019-02-27,17,0,120,3.45,3.45,0.0,95.666997,0.0
2019-02-27,17,0,123,2.88,2.88,0.0,29.954296,0.0
2019-02-27,17,0,125,35.35,35.35,0.0,367.668185,0.0
2019-02-27,17,0,126,129.77,129.77,0.0,1349.711469,0.0
2019-02-27,17,0,127,166.53,166.53,0.0,1732.044779,0.0
2019-02-27,17,0,128,50.89,50.89,0.0,529.296576,0.0
2019-02-27,17,0,131,0.0,0.0,0.0,0.0,0.0
2019-02-27,17,0,132,0.0,0.0,0.0,0.0,0.0
2019-02-27,17,0,133,111.85,111.85,0.0,1765.541909,0.0
2019-02-27,17,0,134,0.0,0.0,0.0,0.0,0.0
2019-02-27,17,0,135,146.43,146.43,0.0,2311.384011,0.0
2019-02-27,17,0,136,45.9,45.9,0.0,722.138324,0.0
2019-02-27,17,0,139,4.58,4.58,0.0,55.152277,0.0
2019-02-27,17,0,140,250.6,250.6,0.0,-7720.543725,0.0
2019-02-27,17,0,141,59.25,59.25,0.0,-414.260905,0.0
2019-02-27,17,0,142,303.72,303.72,0.0,-2123.532864,0.0
2019-02-27,17,0,143,145.97,145.97,0.0,1513.72208,0.0
2019-02-27,17,0,145,1.96,1.96,0.0,22.257323,0.0
2019-02-27,17,0,146,178.56,178.56,0.0,-5501.118466,0.0
2019-02-27,17,0,152,6.77,6.77,0.0,98.048991,0.0
2019-02-27,17,0,153,8.47,8.47,0.0,122.171247,0.0
2019-02-27,17,0,154,61.22,61.22,0.0,737.21013,0.0
2019-02-27,17,0,157,102.8,102.8,0.0,-718.75141,0.0
2019-02-27,17,0,158,261.71,261.71,0.0,-1829.809646,0.0
2019-02-27,17,0,159,0.0,0.0,0.0,0.0,0.0
2019-02-27,17,0,160,2.13,2.13,0.0,30.70831,0.0
2019-02-27,17,0,161,42.52,42.52,0.0,33.400736,0.0
2019-02-27,17,0,162,6.12,6.12,0.0,145.935794,0.0
2019-02-27,17,0,163,55.27,55.27,0.0,-1702.771156,0.0
2019-02-27,17,0,164,15.9,15.9,0.0,164.884436,0.0
2019-02-27,17,0,167,4.21,4.21,0.0,99.721065,0.0
2019-02-27,17,0,168,2.1,2.1,0.0,49.742099,0.0
2019-02-27,17,0,169,0.0,0.0,0.0,0.0,0.0
2019-02-27,17,0,170,4.6,4.6,0.0,108.958883,0.0
2019-02-27,17,0,172,5.28,5.28,0.0,118.747863,0.0
2019-02-27,17,0,173,8.04,8.04,0.0,180.82061,0.0
2019-02-27,17,0,188,6.79,6.79,0.0,155.643784,0.0
2019-02-27,17,0,190,6.55,6.55,0.0,181.628646,0.0
2019-02-27,17,0,191,16.93,16.93,0.0,469.461523,0.0
2019-02-27,17,0,192,281.54,281.54,0.0,7806.981516,0.0
2019-02-27,17,0,194,0.0,0.0,0.0,0.0,0.0
2019-02-27,17,0,196,4.44,4.44,0.0,159.295029,0.0
2019-02-27,17,0,198,8.9,8.9,0.0,133.143544,0.0
2019-02-27,17,0,199,4.45,4.45,0.0,71.136256,0.0
2019-02-27,17,0,200,13.73,13.73,0.0,219.483324,0.0
2019-02-27,17,0,204,0.0,0.0,0.0,0.0,0.0
2019-02-27,17,0,205,0.0,0.0,0.0,0.0,0.0
2019-02-27,17,0,206,96.04,96.04,0.0,992.861368,0.0
2019-02-27,17,0,210,1.28,1.28,0.0,16.865579,0.0
2019-02-27,17,0,214,10.84,10.84,0.0,190.478136,0.0
2019-02-27,17,0,217,6.37,6.37,0.0,99.747929,0.0
2019-02-27,17,0,218,8.79,8.79,0.0,137.642747,0.0
2019-02-27,17,0,219,5.99,5.99,0.0,93.797503,0.0
2019-02-27,17,0,221,5.78,5.78,0.0,101.56491,0.0
2019-02-27,17,0,225,4.03,4.03,0.0,51.526609,0.0
2019-02-27,17,0,233,6.79,6.79,0.0,114.788065,0.0
2019-02-27,17,0,236,14.11,14.11,0.0,213.876643,0.0
2019-02-27,17,0,237,0.0,0.0,0.0,0.0,0.0
2019-02-27,17,0,238,73.73,73.73,0.0,1145.52967,0.0
2019-02-27,17,0,240,10.26,10.26,0.0,142.221869,0.0
2019-02-27,17,0,245,78.0,78.0,0.0,1243.8812,0.0
2019-02-27,17,0,247,171.72,171.72,0.0,2738.452303,0.0
2019-02-27,17,0,248,0.0,0.0,0.0,0.0,0.0
2019-02-27,17,0,249,150.0,150.0,0.0,2392.079231,0.0
2019-02-27,17,0,251,326.4,326.4,0.0,5111.745326,0.0
2019-02-27,17,0,252,267.06,267.06,0.0,4202.281921,0.0
2019-02-27,17,0,254,14.85,14.85,0.0,208.760997,0.0
2019-02-27,17,0,255,6.81,6.81,0.0,95.734841,0.0
2019-02-27,17,0,258,12.61,12.61,0.0,174.951657,0.0
2019-02-27,17,0,260,5.18,5.18,0.0,74.680303,0.0
2019-02-27,17,0,265,63.38,63.38,0.0,763.220811,0.0
2019-02-27,17,0,266,2.97,2.97,0.0,35.764686,0.0
2019-02-27,17,0,267,3.65,3.65,0.0,43.953234,0.0
2019-02-27,17,0,270,172.62,172.62,0.0,-5318.117549,0.0
2019-02-27,17,0,272,0.0,0.0,0.0,0.0,0.0
2019-02-27,17,0,273,19.64,19.64,0.0,-605.073738,0.0
2019-02-27,17,0,274,222.53,222.53,0.0,-6855.756565,0.0
2019-02-27,17,0,275,309.76,309.76,0.0,-9543.158915,0.0
2019-02-27,17,0,276,4.48,4.48,0.0,-114.19751,0.0
2019-02-27,17,0,277,5.82,5.82,0.0,46.664786,0.0
2019-02-27,17,0,278,9.31,9.31,0.0,74.647622,0.0
2019-02-27,17,0,279,0.0,0.0,0.0,0.0,0.0
2019-02-27,17,0,281,30.1,30.1,0.0,312.139718,0.0
2019-02-27,17,0,282,227.8,227.8,0.0,2362.306569,0.0
2019-02-27,18,0,9,1.42,1.42,0.0,7.306568,0.0
2019-02-27,18,0,17,25.1,25.1,0.0,347.106424,0.0
2019-02-27,18,0,19,315.86,315.86,0.0,4368.009361,0.0
2019-02-27,18,0,20,384.62,384.62,0.0,5318.887357,0.0
2019-02-27,18,0,21,32.56,32.56,0.0,167.536517,0.0
2019-02-27,18,0,22,115.71,115.71,0.0,595.382381,0.0
2019-02-27,18,0,23,56.13,56.13,0.0,288.815254,0.0
2019-02-27,18,0,24,99.61,99.61,0.0,512.540308,0.0
2019-02-27,18,0,29,2.51,2.51,0.0,18.07565,0.0
2019-02-27,18,0,30,274.43,274.43,0.0,1398.822965,0.0
2019-02-27,18,0,31,68.49,68.49,0.0,349.106821,0.0
2019-02-27,18,0,32,2.08,2.08,0.0,50.10763,0.0
2019-02-27,18,0,33,1.46,1.46,0.0,22.938997,0.0
2019-02-27,18,0,34,2.34,2.34,0.0,36.765242,0.0
2019-02-27,18,0,35,2.34,2.34,0.0,36.765242,0.0
2019-02-27,18,0,36,5.66,5.66,0.0,59.710574,0.0
2019-02-27,18,0,37,2.72,2.72,0.0,28.430036,0.0
2019-02-27,18,0,38,3.5,3.5,0.0,36.582767,0.0
2019-02-27,18,0,39,2.34,2.34,0.0,24.458193,0.0
2019-02-27,18,0,40,2.34,2.34,0.0,24.458193,0.0
2019-02-27,18,0,41,3.1,3.1,0.0,24.003883,0.0
2019-02-27,18,0,42,36.37,36.37,0.0,488.115866,0.0
2019-02-27,18,0,43,16.81,16.81,0.0,178.221203,0.0
2019-02-27,18,0,46,13.84,13.84,0.0,136.731208,0.0
2019-02-27,18,0,52,72.61,72.61,0.0,370.10726,0.0
2019-02-27,18,0,53,115.38,115.38,0.0,588.11425,0.0
2019-02-27,18,0,55,396.6,396.6,0.0,2040.693566,0.0
2019-02-27,18,0,56,80.95,80.95,0.0,412.617859,0.0
2019-02-27,18,0,57,77.0,77.0,0.0,392.483942,0.0
2019-02-27,18,0,58,148.07,148.07,0.0,754.741524,0.0
2019-02-27,18,0,59,145.61,145.61,0.0,742.202427,0.0
2019-02-27,18,0,63,20.63,20.63,0.0,620.983535,0.0
2019-02-27,18,0,64,24.26,24.26,0.0,730.250148,0.0
2019-02-27,18,0,65,41.4,41.4,0.0,569.379626,0.0
2019-02-27,18,0,67,151.92,151.92,0.0,-3146.561012,0.0
2019-02-27,18,0,68,0.0,0.0,0.0,-0.0,0.0
2019-02-27,18,0,69,1.46,1.46,0.0,22.938997,0.0
2019-02-27,18,0,74,0.0,0.0,0.0,0.0,0.0
2019-02-27,18,0,77,0.0,0.0,0.0,0.0,0.0
2019-02-27,18,0,78,0.0,0.0,0.0,0.0,0.0
2019-02-27,18,0,79,0.0,0.0,0.0,0.0,0.0
2019-02-27,18,0,80,0.0,0.0,0.0,0.0,0.0
2019-02-27,18,0,81,0.0,0.0,0.0,0.0,0.0
2019-02-27,18,0,82,0.0,0.0,0.0,0.0,0.0
2019-02-27,18,0,83,0.0,0.0,0.0,0.0,0.0
2019-02-27,18,0,84,0.0,0.0,0.0,0.0,0.0
2019-02-27,18,0,86,7.42,7.42,0.0,116.580383,0.0
2019-02-27,18,0,87,37.87,37.87,0.0,594.999879,0.0
2019-02-27,18,0,88,0.0,0.0,0.0,0.0,0.0
2019-02-27,18,0,89,0.0,0.0,0.0,0.0,0.0
2019-02-27,18,0,90,0.0,0.0,0.0,0.0,0.0
2019-02-27,18,0,91,0.0,0.0,0.0,0.0,0.0
2019-02-27,18,0,92,0.0,0.0,0.0,0.0,0.0
2019-02-27,18,0,95,4.93,4.93,0.0,119.928708,0.0
2019-02-27,18,0,96,4.73,4.73,0.0,23.871083,0.0
2019-02-27,18,0,97,29.1,29.1,0.0,146.860149,0.0
2019-02-27,18,0,99,0.0,0.0,0.0,0.0,0.0
2019-02-27,18,0,101,5.53,5.53,0.0,28.187483,0.0
2019-02-27,18,0,102,0.0,0.0,0.0,-0.0,0.0
2019-02-27,18,0,103,0.0,0.0,0.0,-0.0,0.0
2019-02-27,18,0,104,0.0,0.0,0.0,-0.0,0.0
2019-02-27,18,0,106,113.91,113.91,0.0,586.120535,0.0
2019-02-27,18,0,109,0.0,0.0,0.0,0.0,0.0
2019-02-27,18,0,110,338.6,338.6,0.0,-18852.635354,0.0
2019-02-27,18,0,111,9.62,9.62,0.0,74.48947,0.0
2019-02-27,18,0,113,0.0,0.0,0.0,0.0,0.0
2019-02-27,18,0,115,0.0,0.0,0.0,0.0,0.0
2019-02-27,18,0,116,52.47,52.47,0.0,-2921.434663,0.0
2019-02-27,18,0,117,0.0,0.0,0.0,0.0,0.0
2019-02-27,18,0,119,24.26,24.26,0.0,730.250148,0.0
2019-02-27,18,0,120,14.27,14.27,0.0,429.541204,0.0
2019-02-27,18,0,123,1.9,1.9,0.0,9.776394,0.0
2019-02-27,18,0,125,90.08,90.08,0.0,463.503975,0.0
2019-02-27,18,0,126,85.43,85.43,0.0,439.577537,0.0
2019-02-27,18,0,127,109.64,109.64,0.0,564.149376,0.0
2019-02-27,18,0,128,129.36,129.36,0.0,665.618053,0.0
2019-02-27,18,0,131,0.0,0.0,0.0,-0.0,0.0
2019-02-27,18,0,132,0.0,0.0,0.0,-0.0,0.0
2019-02-27,18,0,133,139.8,139.8,0.0,1934.284494,0.0
2019-02-27,18,0,134,0.0,0.0,0.0,0.0,0.0
2019-02-27,18,0,135,187.33,187.33,0.0,2591.91355,0.0
2019-02-27,18,0,136,45.9,45.9,0.0,631.077688,0.0
2019-02-27,18,0,139,4.01,4.01,0.0,31.050185,0.0
2019-02-27,18,0,140,250.6,250.6,0.0,-13952.954577,0.0
2019-02-27,18,0,141,80.61,80.61,0.0,-1669.591122,0.0
2019-02-27,18,0,142,200.35,200.35,0.0,-4149.641251,0.0
2019-02-27,18,0,143,139.95,139.95,0.0,713.352308,0.0
2019-02-27,18,0,145,1.4,1.4,0.0,9.298894,0.0
2019-02-27,18,0,146,147.92,147.92,0.0,-8235.917961,0.0
2019-02-27,18,0,152,4.27,4.27,0.0,49.748163,0.0
2019-02-27,18,0,153,5.33,5.33,0.0,61.570514,0.0
2019-02-27,18,0,154,39.67,39.67,0.0,307.172276,0.0
2019-02-27,18,0,157,103.82,103.82,0.0,-2150.315721,0.0
2019-02-27,18,0,158,174.65,174.65,0.0,-3617.34387,0.0
2019-02-27,18,0,159,0.0,0.0,0.0,0.0,0.0
2019-02-27,18,0,160,1.31,1.31,0.0,14.719436,0.0
2019-02-27,18,0,161,27.64,27.64,0.0,-256.878894,0.0
2019-02-27,18,0,162,3.5,3.5,0.0,85.367779,0.0
2019-02-27,18,0,163,91.42,91.42,0.0,-5090.100189,0.0
2019-02-27,18,0,164,10.34,10.34,0.0,52.704987,0.0
2019-02-27,18,0,167,2.5,2.5,0.0,60.392667,0.0
2019-02-27,18,0,168,1.25,1.25,0.0,30.196334,0.0
2019-02-27,18,0,169,0.0,0.0,0.0,0.0,0.0
2019-02-27,18,0,170,2.74,2.74,0.0,66.190363,0.0
2019-02-27,18,0,172,3.15,3.15,0.0,70.474465,0.0
2019-02-27,18,0,173,4.8,4.8,0.0,107.38966,0.0
2019-02-27,18,0,188,4.08,4.08,0.0,93.970252,0.0
2019-02-27,18,0,190,4.12,4.12,0.0,124.016101,0.0
2019-02-27,18,0,191,10.64,10.64,0.0,320.274591,0.0
2019-02-27,18,0,192,332.6,332.6,0.0,10011.591064,0.0
2019-02-27,18,0,194,0.0,0.0,0.0,0.0,0.0
2019-02-27,18,0,196,2.8,2.8,0.0,117.767191,0.0
2019-02-27,18,0,198,5.41,5.41,0.0,63.689398,0.0
2019-02-27,18,0,199,4.98,4.98,0.0,62.900825,0.0
2019-02-27,18,0,200,8.31,8.31,0.0,104.961014,0.0
2019-02-27,18,0,204,0.0,0.0,0.0,0.0,0.0
2019-02-27,18,0,205,0.0,0.0,0.0,0.0,0.0
2019-02-27,18,0,206,85.51,85.51,0.0,431.546782,0.0
2019-02-27,18,0,210,0.75,0.75,0.0,5.878463,0.0
2019-02-27,18,0,214,6.5,6.5,0.0,109.377352,0.0
2019-02-27,18,0,217,3.77,3.77,0.0,48.676903,0.0
2019-02-27,18,0,218,5.21,5.21,0.0,67.269672,0.0
2019-02-27,18,0,219,3.55,3.55,0.0,45.836341,0.0
2019-02-27,18,0,221,3.47,3.47,0.0,58.390678,0.0
2019-02-27,18,0,225,2.37,2.37,0.0,16.921767,0.0
2019-02-27,18,0,233,4.2,4.2,0.0,65.988896,0.0
2019-02-27,18,0,236,16.39,16.39,0.0,209.54477,0.0
2019-02-27,18,0,237,0.0,0.0,0.0,0.0,0.0
2019-02-27,18,0,238,47.34,47.34,0.0,635.342455,0.0
2019-02-27,18,0,240,6.42,6.42,0.0,67.728248,0.0
2019-02-27,18,0,245,78.0,78.0,0.0,1100.401945,0.0
2019-02-27,18,0,247,171.72,171.72,0.0,2422.577204,0.0
2019-02-27,18,0,248,0.0,0.0,0.0,0.0,0.0
2019-02-27,18,0,249,150.0,150.0,0.0,2116.157586,0.0
2019-02-27,18,0,251,326.4,326.4,0.0,4448.395745,0.0
2019-02-27,18,0,252,267.06,267.06,0.0,3672.911181,0.0
2019-02-27,18,0,254,9.16,9.16,0.0,98.572743,0.0
2019-02-27,18,0,255,4.2,4.2,0.0,45.197109,0.0
2019-02-27,18,0,258,7.88,7.88,0.0,83.197467,0.0
2019-02-27,18,0,260,3.19,3.19,0.0,35.843512,0.0
2019-02-27,18,0,265,41.07,41.07,0.0,318.012739,0.0
2019-02-27,18,0,266,2.59,2.59,0.0,20.054857,0.0
2019-02-27,18,0,267,3.19,3.19,0.0,24.70077,0.0
2019-02-27,18,0,270,285.5,285.5,0.0,-15896.12343,0.0
2019-02-27,18,0,272,0.0,0.0,0.0,0.0,0.0
2019-02-27,18,0,273,12.55,12.55,0.0,-698.761293,0.0
2019-02-27,18,0,274,368.04,368.04,0.0,-20491.801287,0.0
2019-02-27,18,0,275,512.32,512.32,0.0,-28525.050634,0.0
2019-02-27,18,0,276,2.86,2.86,0.0,-136.910973,0.0
2019-02-27,18,0,277,3.72,3.72,0.0,4.854658,0.0
2019-02-27,18,0,278,5.95,5.95,0.0,7.764842,0.0
2019-02-27,18,0,279,0.0,0.0,0.0,0.0,0.0
2019-02-27,18,0,281,30.71,30.71,0.0,156.534829,0.0
2019-02-27,18,0,282,150.54,150.54,0.0,767.331593,0.0
2019-02-27,19,0,9,0.47,0.47,0.0,2.793384,0.0
2019-02-27,19,0,17,3.06,3.06,0.0,17.042616,0.0
2019-02-27,19,0,19,541.76,541.76,0.0,3017.322697,0.0
2019-02-27,19,0,20,658.51,658.51,0.0,3667.559748,0.0
2019-02-27,19,0,21,10.78,10.78,0.0,64.069529,0.0
2019-02-27,19,0,22,38.31,38.31,0.0,227.690507,0.0
2019-02-27,19,0,23,80.62,80.62,0.0,479.154493,0.0
2019-02-27,19,0,24,142.64,142.64,0.0,847.762304,0.0
2019-02-27,19,0,29,0.21,0.21,0.0,1.318454,0.0
2019-02-27,19,0,30,99.98,99.98,0.0,588.57485,0.0
2019-02-27,19,0,31,37.18,37.18,0.0,218.875904,0.0
2019-02-27,19,0,32,0.37,0.37,0.0,9.580026,0.0
2019-02-27,19,0,33,0.21,0.21,0.0,3.946109,0.0
2019-02-27,19,0,34,0.33,0.33,0.0,6.201028,0.0
2019-02-27,19,0,35,0.33,0.33,0.0,6.201028,0.0
2019-02-27,19,0,36,1.05,1.05,0.0,12.832268,0.0
2019-02-27,19,0,37,0.49,0.49,0.0,5.92383,0.0
2019-02-27,19,0,38,0.62,0.62,0.0,7.495458,0.0
2019-02-27,19,0,39,0.42,0.42,0.0,5.077568,0.0
2019-02-27,19,0,40,0.42,0.42,0.0,5.077568,0.0
2019-02-27,19,0,41,2.8,2.8,0.0,25.198913,0.0
2019-02-27,19,0,42,7.5,7.5,0.0,98.281089,0.0
2019-02-27,19,0,43,3.0,3.0,0.0,36.62555,0.0
2019-02-27,19,0,46,2.64,2.64,0.0,30.110105,0.0
2019-02-27,19,0,52,39.42,39.42,0.0,232.062618,0.0
2019-02-27,19,0,53,62.62,62.62,0.0,368.639299,0.0
2019-02-27,19,0,55,186.9,186.9,0.0,1110.815862,0.0
2019-02-27,19,0,56,29.49,29.49,0.0,173.605444,0.0
2019-02-27,19,0,57,28.05,28.05,0.0,165.128271,0.0
2019-02-27,19,0,58,53.95,53.95,0.0,317.599652,0.0
2019-02-27,19,0,59,53.05,53.05,0.0,312.301418,0.0
2019-02-27,19,0,63,45.55,45.55,0.0,1477.075227,0.0
2019-02-27,19,0,64,53.59,53.59,0.0,1737.792786,0.0
2019-02-27,19,0,65,41.4,41.4,0.0,448.117682,0.0
2019-02-27,19,0,67,51.11,51.11,0.0,-1152.006638,0.0
2019-02-27,19,0,68,0.0,0.0,0.0,-0.0,0.0
2019-02-27,19,0,69,0.21,0.21,0.0,3.946109,0.0
2019-02-27,19,0,74,0.0,0.0,0.0,0.0,0.0
2019-02-27,19,0,77,0.0,0.0,0.0,0.0,0.0
2019-02-27,19,0,78,0.0,0.0,0.0,0.0,0.0
2019-02-27,19,0,79,0.0,0.0,0.0,0.0,0.0
2019-02-27,19,0,80,0.0,0.0,0.0,0.0,0.0
2019-02-27,19,0,81,0.0,0.0,0.0,0.0,0.0
2019-02-27,19,0,82,0.0,0.0,0.0,0.0,0.0
2019-02-27,19,0,83,0.0,0.0,0.0,0.0,0.0
2019-02-27,19,0,84,0.0,0.0,0.0,0.0,0.0
2019-02-27,19,0,86,1.05,1.05,0.0,19.730544,0.0
2019-02-27,19,0,87,5.38,5.38,0.0,101.095548,0.0
2019-02-27,19,0,88,0.0,0.0,0.0,0.0,0.0
2019-02-27,19,0,89,0.0,0.0,0.0,0.0,0.0
2019-02-27,19,0,90,0.0,0.0,0.0,0.0,0.0
2019-02-27,19,0,91,0.0,0.0,0.0,0.0,0.0
2019-02-27,19,0,92,0.0,0.0,0.0,0.0,0.0
2019-02-27,19,0,95,3.93,3.93,0.0,102.757145,0.0
2019-02-27,19,0,96,4.34,4.34,0.0,25.293243,0.0
2019-02-27,19,0,97,26.7,26.7,0.0,155.605896,0.0
2019-02-27,19,0,99,0.0,0.0,0.0,0.0,0.0
2019-02-27,19,0,101,2.01,2.01,0.0,11.832721,0.0
2019-02-27,19,0,102,0.0,0.0,0.0,-0.0,0.0
2019-02-27,19,0,103,0.0,0.0,0.0,-0.0,0.0
2019-02-27,19,0,104,0.0,0.0,0.0,-0.0,0.0
2019-02-27,19,0,106,37.71,37.71,0.0,224.124484,0.0
2019-02-27,19,0,109,0.0,0.0,0.0,0.0,0.0
2019-02-27,19,0,110,338.6,338.6,0.0,-20487.4741,0.0
2019-02-27,19,0,111,2.74,2.74,0.0,24.658937,0.0
2019-02-27,19,0,113,0.0,0.0,0.0,0.0,0.0
2019-02-27,19,0,115,0.0,0.0,0.0,0.0,0.0
2019-02-27,19,0,116,14.42,14.42,0.0,-872.502589,0.0
2019-02-27,19,0,117,0.0,0.0,0.0,0.0,0.0
2019-02-27,19,0,119,53.59,53.59,0.0,1737.792786,0.0
2019-02-27,19,0,120,31.51,31.51,0.0,1021.792325,0.0
2019-02-27,19,0,123,0.63,0.63,0.0,3.744323,0.0
2019-02-27,19,0,125,129.08,129.08,0.0,767.170206,0.0
2019-02-27,19,0,126,28.29,28.29,0.0,168.137939,0.0
2019-02-27,19,0,127,36.3,36.3,0.0,215.744333,0.0
2019-02-27,19,0,128,184.88,184.88,0.0,1098.810254,0.0
2019-02-27,19,0,131,0.0,0.0,0.0,-0.0,0.0
2019-02-27,19,0,132,0.0,0.0,0.0,-0.0,0.0
2019-02-27,19,0,133,135.62,135.62,0.0,2319.951562,0.0
2019-02-27,19,0,134,0.0,0.0,0.0,0.0,0.0
2019-02-27,19,0,135,183.78,183.78,0.0,3143.78925,0.0
2019-02-27,19,0,136,45.9,45.9,0.0,510.0668,0.0
2019-02-27,19,0,139,3.61,3.61,0.0,32.488599,0.0
2019-02-27,19,0,140,250.6,250.6,0.0,-15162.909065,0.0
2019-02-27,19,0,141,106.3,106.3,0.0,-2395.975458,0.0
2019-02-27,19,0,142,67.4,67.4,0.0,-1519.179171,0.0
2019-02-27,19,0,143,71.55,71.55,0.0,421.209547,0.0
2019-02-27,19,0,145,0.95,0.95,0.0,7.30358,0.0
2019-02-27,19,0,146,120.29,120.29,0.0,-7278.317364,0.0
2019-02-27,19,0,152,0.84,0.84,0.0,11.464552,0.0
2019-02-27,19,0,153,1.0,1.0,0.0,13.525368,0.0
2019-02-27,19,0,154,11.31,11.31,0.0,101.785611,0.0
2019-02-27,19,0,157,104.55,104.55,0.0,-2356.530895,0.0
2019-02-27,19,0,158,55.26,55.26,0.0,-1245.546602,0.0
2019-02-27,19,0,159,0.0,0.0,0.0,0.0,0.0
2019-02-27,19,0,160,0.23,0.23,0.0,2.948017,0.0
2019-02-27,19,0,161,8.88,8.88,0.0,-90.058592,0.0
2019-02-27,19,0,162,3.52,3.52,0.0,92.284251,0.0
2019-02-27,19,0,163,143.85,143.85,0.0,-8703.848639,0.0
2019-02-27,19,0,164,3.85,3.85,0.0,22.664665,0.0
2019-02-27,19,0,167,0.41,0.41,0.0,10.644819,0.0
2019-02-27,19,0,168,0.2,0.2,0.0,5.192595,0.0
2019-02-27,19,0,169,0.0,0.0,0.0,0.0,0.0
2019-02-27,19,0,170,0.45,0.45,0.0,11.683338,0.0
2019-02-27,19,0,172,0.54,0.54,0.0,12.955153,0.0
2019-02-27,19,0,173,0.82,0.82,0.0,19.67264,0.0
2019-02-27,19,0,188,0.79,0.79,0.0,19.542462,0.0
2019-02-27,19,0,190,0.78,0.78,0.0,25.293495,0.0
2019-02-27,19,0,191,2.01,2.01,0.0,65.17939,0.0
2019-02-27,19,0,192,332.6,332.6,0.0,10785.405497,0.0
2019-02-27,19,0,194,0.0,0.0,0.0,0.0,0.0
2019-02-27,19,0,196,0.75,0.75,0.0,34.056175,0.0
2019-02-27,19,0,198,0.89,0.89,0.0,11.640286,0.0
2019-02-27,19,0,199,5.7,5.7,0.0,75.068323,0.0
2019-02-27,19,0,200,1.56,1.56,0.0,20.545015,0.0
2019-02-27,19,0,204,0.0,0.0,0.0,0.0,0.0
2019-02-27,19,0,205,0.0,0.0,0.0,0.0,0.0
2019-02-27,19,0,206,78.45,78.45,0.0,457.201594,0.0
2019-02-27,19,0,210,0.1,0.1,0.0,0.711549,0.0
2019-02-27,19,0,214,0.78,0.78,0.0,15.733278,0.0
2019-02-27,19,0,217,0.49,0.49,0.0,7.094778,0.0
2019-02-27,19,0,218,0.67,0.67,0.0,9.701023,0.0
2019-02-27,19,0,219,0.46,0.46,0.0,6.660404,0.0
2019-02-27,19,0,221,0.42,0.42,0.0,8.471765,0.0
2019-02-27,19,0,225,0.25,0.25,0.0,1.549377,0.0
2019-02-27,19,0,233,0.6,0.6,0.0,11.274596,0.0
2019-02-27,19,0,236,19.46,19.46,0.0,293.018039,0.0
2019-02-27,19,0,237,0.0,0.0,0.0,0.0,0.0
2019-02-27,19,0,238,9.77,9.77,0.0,128.027499,0.0
2019-02-27,19,0,240,1.19,1.19,0.0,14.543237,0.0
2019-02-27,19,0,245,78.0,78.0,0.0,1219.985173,0.0
2019-02-27,19,0,247,171.72,171.72,0.0,2685.844282,0.0
2019-02-27,19,0,248,0.0,0.0,0.0,0.0,0.0
2019-02-27,19,0,249,150.0,150.0,0.0,2346.125334,0.0
2019-02-27,19,0,251,326.4,326.4,0.0,4043.297434,0.0
2019-02-27,19,0,252,267.06,267.06,0.0,2890.683773,0.0
2019-02-27,19,0,254,1.44,1.44,0.0,17.800305,0.0
2019-02-27,19,0,255,0.66,0.66,0.0,8.158473,0.0
2019-02-27,19,0,258,1.45,1.45,0.0,17.717779,0.0
2019-02-27,19,0,260,0.55,0.55,0.0,7.049606,0.0
2019-02-27,19,0,265,11.71,11.71,0.0,105.385456,0.0
2019-02-27,19,0,266,2.34,2.34,0.0,21.059092,0.0
2019-02-27,19,0,267,2.88,2.88,0.0,25.918882,0.0
2019-02-27,19,0,270,449.24,449.24,0.0,-27181.904503,0.0
2019-02-27,19,0,272,0.0,0.0,0.0,0.0,0.0
2019-02-27,19,0,273,3.45,3.45,0.0,-208.747152,0.0
2019-02-27,19,0,274,579.12,579.12,0.0,-35040.478443,0.0
2019-02-27,19,0,275,806.14,806.14,0.0,-48776.646105,0.0
2019-02-27,19,0,276,0.77,0.77,0.0,-40.062534,0.0
2019-02-27,19,0,277,0.96,0.96,0.0,1.288074,0.0
2019-02-27,19,0,278,1.54,1.54,0.0,2.066285,0.0
2019-02-27,19,0,279,0.0,0.0,0.0,0.0,0.0
2019-02-27,19,0,281,16.69,16.69,0.0,98.252793,0.0
2019-02-27,19,0,282,54.85,54.85,0.0,322.897885,0.0
2019-02-27,20,0,9,0.0,0.0,0.0,0.0,0.0
2019-02-27,20,0,17,0.0,0.0,0.0,0.0,0.0
2019-02-27,20,0,19,474.14,474.14,0.0,2717.79537,0.0
2019-02-27,20,0,20,575.04,575.04,0.0,3296.159467,0.0
2019-02-27,20,0,21,0.0,0.0,0.0,0.0,0.0
2019-02-27,20,0,22,0.0,0.0,0.0,0.0,0.0
2019-02-27,20,0,23,34.29,34.29,0.0,460.6627,0.0
2019-02-27,20,0,24,60.68,60.68,0.0,815.194303,0.0
2019-02-27,20,0,29,0.0,0.0,0.0,0.0,0.0
2019-02-27,20,0,30,0.0,0.0,0.0,0.0,0.0
2019-02-27,20,0,31,23.6,23.6,0.0,317.560007,0.0
2019-02-27,20,0,32,0.0,0.0,0.0,0.0,0.0
2019-02-27,20,0,33,0.0,0.0,0.0,0.0,0.0
2019-02-27,20,0,34,0.0,0.0,0.0,0.0,0.0
2019-02-27,20,0,35,0.0,0.0,0.0,0.0,0.0
2019-02-27,20,0,36,0.0,0.0,0.0,0.0,0.0
2019-02-27,20,0,37,0.0,0.0,0.0,0.0,0.0
2019-02-27,20,0,38,0.0,0.0,0.0,0.0,0.0
2019-02-27,20,0,39,0.0,0.0,0.0,0.0,0.0
2019-02-27,20,0,40,0.0,0.0,0.0,0.0,0.0
2019-02-27,20,0,41,3.35,3.35,0.0,41.229928,0.0
2019-02-27,20,0,42,0.0,0.0,0.0,0.0,0.0
2019-02-27,20,0,43,0.0,0.0,0.0,0.0,0.0
2019-02-27,20,0,46,0.0,0.0,0.0,0.0,0.0
2019-02-27,20,0,52,25.01,25.01,0.0,336.532872,0.0
2019-02-27,20,0,53,39.74,39.74,0.0,534.738758,0.0
2019-02-27,20,0,55,134.89,134.89,0.0,1812.154903,0.0
2019-02-27,20,0,56,0.0,0.0,0.0,0.0,0.0
2019-02-27,20,0,57,0.0,0.0,0.0,0.0,0.0
2019-02-27,20,0,58,0.0,0.0,0.0,0.0,0.0
2019-02-27,20,0,59,0.0,0.0,0.0,0.0,0.0
2019-02-27,20,0,63,128.05,128.05,0.0,16893.246367,0.0
2019-02-27,20,0,64,150.64,150.64,0.0,19873.476241,0.0
2019-02-27,20,0,65,41.4,41.4,0.0,326.325097,0.0
2019-02-27,20,0,67,0.0,0.0,0.0,-0.0,0.0
2019-02-27,20,0,68,0.9,0.9,0.0,-337.000173,0.0
2019-02-27,20,0,69,0.0,0.0,0.0,0.0,0.0
2019-02-27,20,0,74,2.98,2.98,0.0,31.972205,0.0
2019-02-27,20,0,77,0.0,0.0,0.0,-0.0,0.0
2019-02-27,20,0,78,0.0,0.0,0.0,-0.0,0.0
2019-02-27,20,0,79,0.0,0.0,0.0,-0.0,0.0
2019-02-27,20,0,80,0.0,0.0,0.0,-0.0,0.0
2019-02-27,20,0,81,0.0,0.0,0.0,-0.0,0.0
2019-02-27,20,0,82,0.0,0.0,0.0,-0.0,0.0
2019-02-27,20,0,83,0.0,0.0,0.0,-0.0,0.0
2019-02-27,20,0,84,0.0,0.0,0.0,0.0,0.0
2019-02-27,20,0,86,0.0,0.0,0.0,0.0,0.0
2019-02-27,20,0,87,0.0,0.0,0.0,0.0,0.0
2019-02-27,20,0,88,0.0,0.0,0.0,-0.0,0.0
2019-02-27,20,0,89,0.0,0.0,0.0,-0.0,0.0
2019-02-27,20,0,90,0.0,0.0,0.0,-0.0,0.0
2019-02-27,20,0,91,0.0,0.0,0.0,-0.0,0.0
2019-02-27,20,0,92,0.0,0.0,0.0,-0.0,0.0
2019-02-27,20,0,95,3.56,3.56,0.0,79.849862,0.0
2019-02-27,20,0,96,1.22,1.22,0.0,16.443799,0.0
2019-02-27,20,0,97,8.79,8.79,0.0,118.476224,0.0
2019-02-27,20,0,99,0.58,0.58,0.0,6.222778,0.0
2019-02-27,20,0,101,0.0,0.0,0.0,0.0,0.0
2019-02-27,20,0,102,2.12,2.12,0.0,-793.822629,0.0
2019-02-27,20,0,103,1.85,1.85,0.0,-692.722577,0.0
2019-02-27,20,0,104,0.34,0.34,0.0,-127.311176,0.0
2019-02-27,20,0,106,0.0,0.0,0.0,0.0,0.0
2019-02-27,20,0,109,1.74,1.74,0.0,20.124367,0.0
2019-02-27,20,0,110,338.6,338.6,0.0,-338600.0,0.0
2019-02-27,20,0,111,0.0,0.0,0.0,0.0,0.0
2019-02-27,20,0,113,2.9,2.9,0.0,-622.255371,0.0
2019-02-27,20,0,115,2.9,2.9,0.0,-622.255371,0.0
2019-02-27,20,0,116,0.0,0.0,0.0,-0.0,0.0
2019-02-27,20,0,117,0.19,0.19,0.0,-40.768455,0.0
2019-02-27,20,0,119,150.64,150.64,0.0,19873.476241,0.0
2019-02-27,20,0,120,88.58,88.58,0.0,11686.089521,0.0
2019-02-27,20,0,123,0.0,0.0,0.0,0.0,0.0
2019-02-27,20,0,125,54.91,54.91,0.0,737.678299,0.0
2019-02-27,20,0,126,0.0,0.0,0.0,0.0,0.0
2019-02-27,20,0,127,0.0,0.0,0.0,0.0,0.0
2019-02-27,20,0,128,78.64,78.64,0.0,1056.474621,0.0
2019-02-27,20,0,131,0.0,0.0,0.0,-0.0,0.0
2019-02-27,20,0,132,0.0,0.0,0.0,-0.0,0.0
2019-02-27,20,0,133,92.34,92.34,0.0,952.192609,0.0
2019-02-27,20,0,134,0.0,0.0,0.0,0.0,0.0
2019-02-27,20,0,135,123.04,123.04,0.0,1268.765201,0.0
2019-02-27,20,0,136,45.28,45.28,0.0,362.253138,0.0
2019-02-27,20,0,139,4.48,4.48,0.0,55.137336,0.0
2019-02-27,20,0,140,250.6,250.6,0.0,-250600.0,0.0
2019-02-27,20,0,141,20.26,20.26,0.0,-10706.080824,0.0
2019-02-27,20,0,142,0.0,0.0,0.0,-0.0,0.0
2019-02-27,20,0,143,48.9,48.9,0.0,657.9951,0.0
2019-02-27,20,0,145,0.0,0.0,0.0,0.0,0.0
2019-02-27,20,0,146,130.02,130.02,0.0,-130020.0,0.0
2019-02-27,20,0,152,0.0,0.0,0.0,0.0,0.0
2019-02-27,20,0,153,0.0,0.0,0.0,0.0,0.0
2019-02-27,20,0,154,0.0,0.0,0.0,0.0,0.0
2019-02-27,20,0,157,93.14,93.14,0.0,-49218.379466,0.0
2019-02-27,20,0,158,0.0,0.0,0.0,-0.0,0.0
2019-02-27,20,0,159,0.0,0.0,0.0,0.0,0.0
2019-02-27,20,0,160,0.0,0.0,0.0,0.0,0.0
2019-02-27,20,0,161,0.0,0.0,0.0,-0.0,0.0
2019-02-27,20,0,162,9.63,9.63,0.0,223.264932,0.0
2019-02-27,20,0,163,185.4,185.4,0.0,-185400.0,0.0
2019-02-27,20,0,164,0.0,0.0,0.0,0.0,0.0
2019-02-27,20,0,167,0.0,0.0,0.0,0.0,0.0
2019-02-27,20,0,168,0.0,0.0,0.0,0.0,0.0
2019-02-27,20,0,169,0.0,0.0,0.0,0.0,0.0
2019-02-27,20,0,170,0.0,0.0,0.0,0.0,0.0
2019-02-27,20,0,172,0.0,0.0,0.0,0.0,0.0
2019-02-27,20,0,173,0.0,0.0,0.0,0.0,0.0
2019-02-27,20,0,188,0.0,0.0,0.0,0.0,0.0
2019-02-27,20,0,190,0.0,0.0,0.0,0.0,0.0
2019-02-27,20,0,191,0.0,0.0,0.0,0.0,0.0
2019-02-27,20,0,192,332.6,332.6,0.0,10785.405497,0.0
2019-02-27,20,0,194,0.0,0.0,0.0,-0.0,0.0
2019-02-27,20,0,196,0.0,0.0,0.0,0.0,0.0
2019-02-27,20,0,198,0.0,0.0,0.0,0.0,0.0
2019-02-27,20,0,199,3.28,3.28,0.0,-49.551951,0.0
2019-02-27,20,0,200,0.0,0.0,0.0,-0.0,0.0
2019-02-27,20,0,204,18.23,18.23,0.0,212.403417,0.0
2019-02-27,20,0,205,9.21,9.21,0.0,106.520356,0.0
2019-02-27,20,0,206,33.3,33.3,0.0,448.834841,0.0
2019-02-27,20,0,210,0.0,0.0,0.0,0.0,0.0
2019-02-27,20,0,214,0.0,0.0,0.0,0.0,0.0
2019-02-27,20,0,217,0.0,0.0,0.0,0.0,0.0
2019-02-27,20,0,218,0.0,0.0,0.0,0.0,0.0
2019-02-27,20,0,219,0.0,0.0,0.0,0.0,0.0
2019-02-27,20,0,221,0.0,0.0,0.0,0.0,0.0
2019-02-27,20,0,225,0.0,0.0,0.0,0.0,0.0
2019-02-27,20,0,233,0.0,0.0,0.0,0.0,0.0
2019-02-27,20,0,236,29.47,29.47,0.0,305.002306,0.0
2019-02-27,20,0,237,7.15,7.15,0.0,76.711835,0.0
2019-02-27,20,0,238,0.0,0.0,0.0,0.0,0.0
2019-02-27,20,0,240,0.0,0.0,0.0,0.0,0.0
2019-02-27,20,0,245,145.89,145.89,0.0,1387.199693,0.0
2019-02-27,20,0,247,150.7,150.7,0.0,1432.935731,0.0
2019-02-27,20,0,248,0.72,0.72,0.0,7.724828,0.0
2019-02-27,20,0,249,280.44,280.44,0.0,2666.572636,0.0
2019-02-27,20,0,251,326.4,326.4,0.0,2808.626244,0.0
2019-02-27,20,0,252,267.06,267.06,0.0,2105.033343,0.0
2019-02-27,20,0,254,0.0,0.0,0.0,0.0,0.0
2019-02-27,20,0,255,0.0,0.0,0.0,0.0,0.0
2019-02-27,20,0,258,0.0,0.0,0.0,0.0,0.0
2019-02-27,20,0,260,0.0,0.0,0.0,0.0,0.0
2019-02-27,20,0,265,0.0,0.0,0.0,0.0,0.0
2019-02-27,20,0,266,2.73,2.73,0.0,33.599314,0.0
2019-02-27,20,0,267,3.46,3.46,0.0,42.583746,0.0
2019-02-27,20,0,270,579.0,579.0,0.0,-579000.0,0.0
2019-02-27,20,0,272,9.69,9.69,0.0,-2079.191222,0.0
2019-02-27,20,0,273,0.0,0.0,0.0,-0.0,0.0
2019-02-27,20,0,274,746.4,746.4,0.0,-746400.0,0.0
2019-02-27,20,0,275,1039.0,1039.0,0.0,-1039000.0,0.0
2019-02-27,20,0,276,0.0,0.0,0.0,-0.0,0.0
2019-02-27,20,0,277,0.0,0.0,0.0,-0.0,0.0
2019-02-27,20,0,278,0.0,0.0,0.0,-0.0,0.0
2019-02-27,20,0,279,84.86,84.86,0.0,-19290.682192,0.0
2019-02-27,20,0,281,10.59,10.59,0.0,142.498325,0.0
2019-02-27,20,0,282,0.0,0.0,0.0,0.0,0.0
2019-02-27,21,0,9,0.0,0.0,0.0,0.0,0.0
2019-02-27,21,0,17,0.0,0.0,0.0,0.0,0.0
2019-02-27,21,0,19,395.09,395.09,0.0,4234.866104,0.0
2019-02-27,21,0,20,479.17,479.17,0.0,5136.097576,0.0
2019-02-27,21,0,21,0.0,0.0,0.0,0.0,0.0
2019-02-27,21,0,22,0.0,0.0,0.0,0.0,0.0
2019-02-27,21,0,23,11.1,11.1,0.0,179.071471,0.0
2019-02-27,21,0,24,19.64,19.64,0.0,316.843576,0.0
2019-02-27,21,0,29,0.0,0.0,0.0,0.0,0.0
2019-02-27,21,0,30,0.0,0.0,0.0,0.0,0.0
2019-02-27,21,0,31,13.82,13.82,0.0,223.426511,0.0
2019-02-27,21,0,32,0.0,0.0,0.0,0.0,0.0
2019-02-27,21,0,33,0.0,0.0,0.0,0.0,0.0
2019-02-27,21,0,34,0.0,0.0,0.0,0.0,0.0
2019-02-27,21,0,35,0.0,0.0,0.0,0.0,0.0
2019-02-27,21,0,36,0.0,0.0,0.0,0.0,0.0
2019-02-27,21,0,37,0.0,0.0,0.0,0.0,0.0
2019-02-27,21,0,38,0.0,0.0,0.0,0.0,0.0
2019-02-27,21,0,39,0.0,0.0,0.0,0.0,0.0
2019-02-27,21,0,40,0.0,0.0,0.0,0.0,0.0
2019-02-27,21,0,41,8.57,8.57,0.0,122.930999,0.0
2019-02-27,21,0,42,0.0,0.0,0.0,0.0,0.0
2019-02-27,21,0,43,0.0,0.0,0.0,0.0,0.0
2019-02-27,21,0,46,0.0,0.0,0.0,0.0,0.0
2019-02-27,21,0,52,14.65,14.65,0.0,236.845035,0.0
2019-02-27,21,0,53,23.28,23.28,0.0,376.365353,0.0
2019-02-27,21,0,55,86.08,86.08,0.0,1388.691195,0.0
2019-02-27,21,0,56,0.0,0.0,0.0,0.0,0.0
2019-02-27,21,0,57,0.0,0.0,0.0,0.0,0.0
2019-02-27,21,0,58,0.0,0.0,0.0,0.0,0.0
2019-02-27,21,0,59,0.0,0.0,0.0,0.0,0.0
2019-02-27,21,0,63,170.0,170.0,0.0,20467.709645,0.0
2019-02-27,21,0,64,200.0,200.0,0.0,24079.658406,0.0
2019-02-27,21,0,65,31.53,31.53,0.0,339.171638,0.0
2019-02-27,21,0,67,0.0,0.0,0.0,-0.0,0.0
2019-02-27,21,0,68,4.14,4.14,0.0,-1698.351744,0.0
2019-02-27,21,0,69,0.0,0.0,0.0,0.0,0.0
2019-02-27,21,0,74,6.76,6.76,0.0,80.082543,0.0
2019-02-27,21,0,77,12.11,12.11,0.0,-3506.829054,0.0
2019-02-27,21,0,78,9.17,9.17,0.0,-2655.460151,0.0
2019-02-27,21,0,79,5.32,5.32,0.0,-1540.572301,0.0
2019-02-27,21,0,80,8.59,8.59,0.0,-2487.50302,0.0
2019-02-27,21,0,81,11.21,11.21,0.0,-3246.20592,0.0
2019-02-27,21,0,82,7.92,7.92,0.0,-2293.483576,0.0
2019-02-27,21,0,83,17.55,17.55,0.0,-5082.151106,0.0
2019-02-27,21,0,84,0.0,0.0,0.0,0.0,0.0
2019-02-27,21,0,86,0.0,0.0,0.0,0.0,0.0
2019-02-27,21,0,87,0.0,0.0,0.0,0.0,0.0
2019-02-27,21,0,88,19.65,19.65,0.0,-5690.271751,0.0
2019-02-27,21,0,89,18.89,18.89,0.0,-5470.189994,0.0
2019-02-27,21,0,90,25.36,25.36,0.0,-7343.780744,0.0
2019-02-27,21,0,91,90.46,90.46,0.0,-26195.520745,0.0
2019-02-27,21,0,92,32.53,32.53,0.0,-9420.078375,0.0
2019-02-27,21,0,95,12.99,12.99,0.0,291.362279,0.0
2019-02-27,21,0,96,0.0,0.0,0.0,0.0,0.0
2019-02-27,21,0,97,0.0,0.0,0.0,0.0,0.0
2019-02-27,21,0,99,1.3,1.3,0.0,15.400489,0.0
2019-02-27,21,0,101,0.0,0.0,0.0,0.0,0.0
2019-02-27,21,0,102,9.81,9.81,0.0,-4024.355219,0.0
2019-02-27,21,0,103,8.53,8.53,0.0,-3499.26096,0.0
2019-02-27,21,0,104,1.58,1.58,0.0,-648.163226,0.0
2019-02-27,21,0,106,0.0,0.0,0.0,0.0,0.0
2019-02-27,21,0,109,8.13,8.13,0.0,107.019904,0.0
2019-02-27,21,0,110,338.6,338.6,0.0,-338600.0,0.0
2019-02-27,21,0,111,0.0,0.0,0.0,0.0,0.0
2019-02-27,21,0,113,27.64,27.64,0.0,-7166.944172,0.0
2019-02-27,21,0,115,27.64,27.64,0.0,-7166.944172,0.0
2019-02-27,21,0,116,0.0,0.0,0.0,-0.0,0.0
2019-02-27,21,0,117,1.86,1.86,0.0,-482.290744,0.0
2019-02-27,21,0,119,200.0,200.0,0.0,24079.658406,0.0
2019-02-27,21,0,120,117.6,117.6,0.0,14158.839143,0.0
2019-02-27,21,0,123,0.0,0.0,0.0,0.0,0.0
2019-02-27,21,0,125,17.77,17.77,0.0,286.67568,0.0
2019-02-27,21,0,126,0.0,0.0,0.0,0.0,0.0
2019-02-27,21,0,127,0.0,0.0,0.0,0.0,0.0
2019-02-27,21,0,128,25.45,25.45,0.0,410.573779,0.0
2019-02-27,21,0,131,2.06,2.06,0.0,-765.200597,0.0
2019-02-27,21,0,132,3.03,3.03,0.0,-1125.513499,0.0
2019-02-27,21,0,133,64.55,64.55,0.0,691.661166,0.0
2019-02-27,21,0,134,0.0,0.0,0.0,0.0,0.0
2019-02-27,21,0,135,83.93,83.93,0.0,899.320243,0.0
2019-02-27,21,0,136,35.6,35.6,0.0,383.028061,0.0
2019-02-27,21,0,139,11.28,11.28,0.0,161.804163,0.0
2019-02-27,21,0,140,250.6,250.6,0.0,-250600.0,0.0
2019-02-27,21,0,141,0.0,0.0,0.0,-0.0,0.0
2019-02-27,21,0,142,0.0,0.0,0.0,-0.0,0.0
2019-02-27,21,0,143,31.41,31.41,0.0,507.802222,0.0
2019-02-27,21,0,145,0.69,0.69,0.0,10.385957,0.0
2019-02-27,21,0,146,140.05,140.05,0.0,-140050.0,0.0
2019-02-27,21,0,152,0.0,0.0,0.0,0.0,0.0
2019-02-27,21,0,153,0.0,0.0,0.0,0.0,0.0
2019-02-27,21,0,154,0.0,0.0,0.0,0.0,0.0
2019-02-27,21,0,157,84.47,84.47,0.0,-46915.531282,0.0
2019-02-27,21,0,158,0.0,0.0,0.0,-0.0,0.0
2019-02-27,21,0,159,0.0,0.0,0.0,0.0,0.0
2019-02-27,21,0,160,0.0,0.0,0.0,0.0,0.0
2019-02-27,21,0,161,0.0,0.0,0.0,-0.0,0.0
2019-02-27,21,0,162,40.95,40.95,0.0,949.807609,0.0
2019-02-27,21,0,163,185.4,185.4,0.0,-185400.0,0.0
2019-02-27,21,0,164,0.0,0.0,0.0,0.0,0.0
2019-02-27,21,0,167,0.0,0.0,0.0,0.0,0.0
2019-02-27,21,0,168,0.0,0.0,0.0,0.0,0.0
2019-02-27,21,0,169,0.0,0.0,0.0,0.0,0.0
2019-02-27,21,0,170,0.0,0.0,0.0,0.0,0.0
2019-02-27,21,0,172,0.0,0.0,0.0,0.0,0.0
2019-02-27,21,0,173,0.0,0.0,0.0,0.0,0.0
2019-02-27,21,0,188,0.0,0.0,0.0,0.0,0.0
2019-02-27,21,0,190,0.0,0.0,0.0,0.0,0.0
2019-02-27,21,0,191,0.0,0.0,0.0,0.0,0.0
2019-02-27,21,0,192,332.6,332.6,0.0,10785.405497,0.0
2019-02-27,21,0,194,19.64,19.64,0.0,-2415.196023,0.0
2019-02-27,21,0,196,0.0,0.0,0.0,0.0,0.0
2019-02-27,21,0,198,0.0,0.0,0.0,0.0,0.0
2019-02-27,21,0,199,0.0,0.0,0.0,-0.0,0.0
2019-02-27,21,0,200,0.0,0.0,0.0,-0.0,0.0
2019-02-27,21,0,204,91.85,91.85,0.0,1221.509397,0.0
2019-02-27,21,0,205,37.75,37.75,0.0,496.925139,0.0
2019-02-27,21,0,206,0.0,0.0,0.0,0.0,0.0
2019-02-27,21,0,210,0.0,0.0,0.0,0.0,0.0
2019-02-27,21,0,214,0.0,0.0,0.0,0.0,0.0
2019-02-27,21,0,217,0.0,0.0,0.0,0.0,0.0
2019-02-27,21,0,218,0.0,0.0,0.0,0.0,0.0
2019-02-27,21,0,219,0.0,0.0,0.0,0.0,0.0
2019-02-27,21,0,221,0.0,0.0,0.0,0.0,0.0
2019-02-27,21,0,225,0.0,0.0,0.0,0.0,0.0
2019-02-27,21,0,233,0.0,0.0,0.0,0.0,0.0
2019-02-27,21,0,236,42.57,42.57,0.0,478.584406,0.0
2019-02-27,21,0,237,16.21,16.21,0.0,192.032251,0.0
2019-02-27,21,0,238,0.0,0.0,0.0,0.0,0.0
2019-02-27,21,0,240,0.0,0.0,0.0,0.0,0.0
2019-02-27,21,0,245,235.49,235.49,0.0,2490.927621,0.0
2019-02-27,21,0,247,117.96,117.96,0.0,1247.738002,0.0
2019-02-27,21,0,248,1.63,1.63,0.0,19.309844,0.0
2019-02-27,21,0,249,452.86,452.86,0.0,4790.188468,0.0
2019-02-27,21,0,251,299.48,299.48,0.0,3240.405782,0.0
2019-02-27,21,0,252,203.38,203.38,0.0,2187.780772,0.0
2019-02-27,21,0,254,0.0,0.0,0.0,0.0,0.0
2019-02-27,21,0,255,0.0,0.0,0.0,0.0,0.0
2019-02-27,21,0,258,0.0,0.0,0.0,0.0,0.0
2019-02-27,21,0,260,0.0,0.0,0.0,0.0,0.0
2019-02-27,21,0,265,0.0,0.0,0.0,0.0,0.0
2019-02-27,21,0,266,7.07,7.07,0.0,101.414488,0.0
2019-02-27,21,0,267,8.82,8.82,0.0,126.517085,0.0
2019-02-27,21,0,270,579.0,579.0,0.0,-579000.0,0.0
2019-02-27,21,0,272,92.3,92.3,0.0,-23933.029924,0.0
2019-02-27,21,0,273,0.0,0.0,0.0,-0.0,0.0
2019-02-27,21,0,274,746.4,746.4,0.0,-746400.0,0.0
2019-02-27,21,0,275,1039.0,1039.0,0.0,-1039000.0,0.0
2019-02-27,21,0,276,0.0,0.0,0.0,-0.0,0.0
2019-02-27,21,0,277,0.0,0.0,0.0,-0.0,0.0
2019-02-27,21,0,278,0.0,0.0,0.0,-0.0,0.0
2019-02-27,21,0,279,361.33,361.33,0.0,-98078.65949,0.0
2019-02-27,21,0,281,6.2,6.2,0.0,100.234759,0.0
2019-02-27,21,0,282,0.0,0.0,0.0,0.0,0.0
2019-02-27,22,0,9,0.0,0.0,0.0,0.0,0.0
2019-02-27,22,0,17,0.0,0.0,0.0,0.0,0.0
2019-02-27,22,0,19,328.84,328.84,0.0,2623.281807,0.0
2019-02-27,22,0,20,398.82,398.82,0.0,3181.538895,0.0
2019-02-27,22,0,21,0.0,0.0,0.0,0.0,0.0
2019-02-27,22,0,22,0.0,0.0,0.0,0.0,0.0
2019-02-27,22,0,23,2.68,2.68,0.0,43.235274,0.0
2019-02-27,22,0,24,4.74,4.74,0.0,76.468358,0.0
2019-02-27,22,0,29,0.0,0.0,0.0,0.0,0.0
2019-02-27,22,0,30,0.0,0.0,0.0,0.0,0.0
2019-02-27,22,0,31,7.35,7.35,0.0,118.954464,0.0
2019-02-27,22,0,32,0.0,0.0,0.0,0.0,0.0
2019-02-27,22,0,33,0.0,0.0,0.0,0.0,0.0
2019-02-27,22,0,34,0.0,0.0,0.0,0.0,0.0
2019-02-27,22,0,35,0.0,0.0,0.0,0.0,0.0
2019-02-27,22,0,36,0.0,0.0,0.0,0.0,0.0
2019-02-27,22,0,37,0.0,0.0,0.0,0.0,0.0
2019-02-27,22,0,38,0.0,0.0,0.0,0.0,0.0
2019-02-27,22,0,39,0.0,0.0,0.0,0.0,0.0
2019-02-27,22,0,40,0.0,0.0,0.0,0.0,0.0
2019-02-27,22,0,41,18.43,18.43,0.0,247.678034,0.0
2019-02-27,22,0,42,0.0,0.0,0.0,0.0,0.0
2019-02-27,22,0,43,0.0,0.0,0.0,0.0,0.0
2019-02-27,22,0,46,0.0,0.0,0.0,0.0,0.0
2019-02-27,22,0,52,7.79,7.79,0.0,126.075548,0.0
2019-02-27,22,0,53,12.38,12.38,0.0,200.361397,0.0
2019-02-27,22,0,55,100.08,100.08,0.0,1614.547105,0.0
2019-02-27,22,0,56,0.0,0.0,0.0,0.0,0.0
2019-02-27,22,0,57,0.0,0.0,0.0,0.0,0.0
2019-02-27,22,0,58,0.0,0.0,0.0,0.0,0.0
2019-02-27,22,0,59,0.0,0.0,0.0,0.0,0.0
2019-02-27,22,0,63,170.0,170.0,0.0,19220.925804,0.0
2019-02-27,22,0,64,200.0,200.0,0.0,22612.853887,0.0
2019-02-27,22,0,65,24.43,24.43,0.0,196.299473,0.0
2019-02-27,22,0,67,0.0,0.0,0.0,-0.0,0.0
2019-02-27,22,0,68,10.2,10.2,0.0,-4230.468706,0.0
2019-02-27,22,0,69,0.0,0.0,0.0,0.0,0.0
2019-02-27,22,0,74,12.84,12.84,0.0,124.242973,0.0
2019-02-27,22,0,77,73.79,73.79,0.0,-21778.536514,0.0
2019-02-27,22,0,78,55.79,55.79,0.0,-16465.978481,0.0
2019-02-27,22,0,79,32.28,32.28,0.0,-9527.187406,0.0
2019-02-27,22,0,80,52.21,52.21,0.0,-15409.369717,0.0
2019-02-27,22,0,81,68.26,68.26,0.0,-20146.400629,0.0
2019-02-27,22,0,82,48.15,48.15,0.0,-14211.092738,0.0
2019-02-27,22,0,83,107.37,107.37,0.0,-31689.408666,0.0
2019-02-27,22,0,84,0.0,0.0,0.0,0.0,0.0
2019-02-27,22,0,86,0.0,0.0,0.0,0.0,0.0
2019-02-27,22,0,87,0.0,0.0,0.0,0.0,0.0
2019-02-27,22,0,88,79.2,79.2,0.0,-23375.255345,0.0
2019-02-27,22,0,89,76.13,76.13,0.0,-22469.169058,0.0
2019-02-27,22,0,90,102.23,102.23,0.0,-30172.378206,0.0
2019-02-27,22,0,91,364.66,364.66,0.0,-107626.522905,0.0
2019-02-27,22,0,92,131.15,131.15,0.0,-38707.888112,0.0
2019-02-27,22,0,95,42.01,42.01,0.0,942.273235,0.0
2019-02-27,22,0,96,0.0,0.0,0.0,0.0,0.0
2019-02-27,22,0,97,0.0,0.0,0.0,0.0,0.0
2019-02-27,22,0,99,2.48,2.48,0.0,23.997085,0.0
2019-02-27,22,0,101,0.0,0.0,0.0,0.0,0.0
2019-02-27,22,0,102,24.15,24.15,0.0,-10016.25679,0.0
2019-02-27,22,0,103,21.0,21.0,0.0,-8709.788513,0.0
2019-02-27,22,0,104,3.9,3.9,0.0,-1617.532152,0.0
2019-02-27,22,0,106,0.0,0.0,0.0,0.0,0.0
2019-02-27,22,0,109,41.23,41.23,0.0,480.749968,0.0
2019-02-27,22,0,110,338.6,338.6,0.0,-338600.0,0.0
2019-02-27,22,0,111,0.0,0.0,0.0,0.0,0.0
2019-02-27,22,0,113,140.02,140.02,0.0,-37065.424755,0.0
2019-02-27,22,0,115,140.02,140.02,0.0,-37065.424755,0.0
2019-02-27,22,0,116,0.0,0.0,0.0,-0.0,0.0
2019-02-27,22,0,117,9.33,9.33,0.0,-2469.792979,0.0
2019-02-27,22,0,119,200.0,200.0,0.0,22612.853887,0.0
2019-02-27,22,0,120,117.6,117.6,0.0,13296.358085,0.0
2019-02-27,22,0,123,0.0,0.0,0.0,0.0,0.0
2019-02-27,22,0,125,4.29,4.29,0.0,69.208704,0.0
2019-02-27,22,0,126,0.0,0.0,0.0,0.0,0.0
2019-02-27,22,0,127,0.0,0.0,0.0,0.0,0.0
2019-02-27,22,0,128,6.15,6.15,0.0,99.215275,0.0
2019-02-27,22,0,131,10.91,10.91,0.0,-4105.169316,0.0
2019-02-27,22,0,132,16.04,16.04,0.0,-6035.464329,0.0
2019-02-27,22,0,133,76.92,76.92,0.0,613.201226,0.0
2019-02-27,22,0,134,0.0,0.0,0.0,0.0,0.0
2019-02-27,22,0,135,103.07,103.07,0.0,821.667322,0.0
2019-02-27,22,0,136,30.0,30.0,0.0,241.150626,0.0
2019-02-27,22,0,139,23.8,23.8,0.0,319.844666,0.0
2019-02-27,22,0,140,250.6,250.6,0.0,-250600.0,0.0
2019-02-27,22,0,141,14.11,14.11,0.0,-7884.941388,0.0
2019-02-27,22,0,142,0.0,0.0,0.0,-0.0,0.0
2019-02-27,22,0,143,18.67,18.67,0.0,302.160523,0.0
2019-02-27,22,0,145,6.22,6.22,0.0,90.221169,0.0
2019-02-27,22,0,146,151.15,151.15,0.0,-151150.0,0.0
2019-02-27,22,0,152,0.0,0.0,0.0,0.0,0.0
2019-02-27,22,0,153,0.0,0.0,0.0,0.0,0.0
2019-02-27,22,0,154,0.0,0.0,0.0,0.0,0.0
2019-02-27,22,0,157,77.82,77.82,0.0,-43487.323801,0.0
2019-02-27,22,0,158,0.0,0.0,0.0,-0.0,0.0
2019-02-27,22,0,159,0.0,0.0,0.0,0.0,0.0
2019-02-27,22,0,160,0.0,0.0,0.0,0.0,0.0
2019-02-27,22,0,161,0.0,0.0,0.0,-0.0,0.0
2019-02-27,22,0,162,71.27,71.27,0.0,1653.515823,0.0
2019-02-27,22,0,163,185.4,185.4,0.0,-185400.0,0.0
2019-02-27,22,0,164,0.0,0.0,0.0,0.0,0.0
2019-02-27,22,0,167,0.0,0.0,0.0,0.0,0.0
2019-02-27,22,0,168,0.0,0.0,0.0,0.0,0.0
2019-02-27,22,0,169,0.0,0.0,0.0,0.0,0.0
2019-02-27,22,0,170,0.0,0.0,0.0,0.0,0.0
2019-02-27,22,0,172,0.0,0.0,0.0,0.0,0.0
2019-02-27,22,0,173,0.0,0.0,0.0,0.0,0.0
2019-02-27,22,0,188,0.0,0.0,0.0,0.0,0.0
2019-02-27,22,0,190,0.0,0.0,0.0,0.0,0.0
2019-02-27,22,0,191,0.0,0.0,0.0,0.0,0.0
2019-02-27,22,0,192,332.6,332.6,0.0,10785.405497,0.0
2019-02-27,22,0,194,68.21,68.21,0.0,-8805.145505,0.0
2019-02-27,22,0,196,0.0,0.0,0.0,0.0,0.0
2019-02-27,22,0,198,0.0,0.0,0.0,0.0,0.0
2019-02-27,22,0,199,0.0,0.0,0.0,-0.0,0.0
2019-02-27,22,0,200,0.0,0.0,0.0,-0.0,0.0
2019-02-27,22,0,204,205.41,205.41,0.0,2437.010606,0.0
2019-02-27,22,0,205,205.12,205.12,0.0,2391.739837,0.0
2019-02-27,22,0,206,0.0,0.0,0.0,0.0,0.0
2019-02-27,22,0,210,0.0,0.0,0.0,0.0,0.0
2019-02-27,22,0,214,0.0,0.0,0.0,0.0,0.0
2019-02-27,22,0,217,0.0,0.0,0.0,0.0,0.0
2019-02-27,22,0,218,0.0,0.0,0.0,0.0,0.0
2019-02-27,22,0,219,0.0,0.0,0.0,0.0,0.0
2019-02-27,22,0,221,0.0,0.0,0.0,0.0,0.0
2019-02-27,22,0,225,0.0,0.0,0.0,0.0,0.0
2019-02-27,22,0,233,0.0,0.0,0.0,0.0,0.0
2019-02-27,22,0,236,59.18,59.18,0.0,518.774488,0.0
2019-02-27,22,0,237,30.81,30.81,0.0,298.125078,0.0
2019-02-27,22,0,238,0.0,0.0,0.0,0.0,0.0
2019-02-27,22,0,240,0.0,0.0,0.0,0.0,0.0
2019-02-27,22,0,245,184.82,184.82,0.0,1435.096048,0.0
2019-02-27,22,0,247,90.28,90.28,0.0,701.008934,0.0
2019-02-27,22,0,248,3.09,3.09,0.0,29.899594,0.0
2019-02-27,22,0,249,355.42,355.42,0.0,2759.776201,0.0
2019-02-27,22,0,251,460.05,460.05,0.0,3740.243294,0.0
2019-02-27,22,0,252,157.61,157.61,0.0,1266.424888,0.0
2019-02-27,22,0,254,0.0,0.0,0.0,0.0,0.0
2019-02-27,22,0,255,0.0,0.0,0.0,0.0,0.0
2019-02-27,22,0,258,0.0,0.0,0.0,0.0,0.0
2019-02-27,22,0,260,0.0,0.0,0.0,0.0,0.0
2019-02-27,22,0,265,0.0,0.0,0.0,0.0,0.0
2019-02-27,22,0,266,15.41,15.41,0.0,207.092702,0.0
2019-02-27,22,0,267,18.94,18.94,0.0,254.531848,0.0
2019-02-27,22,0,270,579.0,579.0,0.0,-579000.0,0.0
2019-02-27,22,0,272,467.97,467.97,0.0,-123878.780335,0.0
2019-02-27,22,0,273,0.0,0.0,0.0,-0.0,0.0
2019-02-27,22,0,274,746.4,746.4,0.0,-746400.0,0.0
2019-02-27,22,0,275,1039.0,1039.0,0.0,-1039000.0,0.0
2019-02-27,22,0,276,0.0,0.0,0.0,-0.0,0.0
2019-02-27,22,0,277,0.0,0.0,0.0,-0.0,0.0
2019-02-27,22,0,278,0.0,0.0,0.0,-0.0,0.0
2019-02-27,22,0,279,264.61,264.61,0.0,-73274.174088,0.0
2019-02-27,22,0,281,3.3,3.3,0.0,53.408127,0.0
2019-02-27,22,0,282,0.0,0.0,0.0,0.0,0.0
2019-02-27,23,0,9,0.0,0.0,0.0,0.0,0.0
2019-02-27,23,0,17,0.0,0.0,0.0,0.0,0.0
2019-02-27,23,0,19,286.0,286.0,0.0,2283.721709,0.0
2019-02-27,23,0,20,346.86,346.86,0.0,2769.691301,0.0
2019-02-27,23,0,21,0.0,0.0,0.0,0.0,0.0
2019-02-27,23,0,22,0.0,0.0,0.0,0.0,0.0
2019-02-27,23,0,23,0.0,0.0,0.0,0.0,0.0
2019-02-27,23,0,24,0.0,0.0,0.0,0.0,0.0
2019-02-27,23,0,29,0.0,0.0,0.0,0.0,0.0
2019-02-27,23,0,30,0.0,0.0,0.0,0.0,0.0
2019-02-27,23,0,31,7.33,7.33,0.0,124.288844,0.0
2019-02-27,23,0,32,0.0,0.0,0.0,0.0,0.0
2019-02-27,23,0,33,0.0,0.0,0.0,0.0,0.0
2019-02-27,23,0,34,0.0,0.0,0.0,0.0,0.0
2019-02-27,23,0,35,0.0,0.0,0.0,0.0,0.0
2019-02-27,23,0,36,0.0,0.0,0.0,0.0,0.0
2019-02-27,23,0,37,0.0,0.0,0.0,0.0,0.0
2019-02-27,23,0,38,0.0,0.0,0.0,0.0,0.0
2019-02-27,23,0,39,0.0,0.0,0.0,0.0,0.0
2019-02-27,23,0,40,0.0,0.0,0.0,0.0,0.0
2019-02-27,23,0,41,20.41,20.41,0.0,284.823516,0.0
2019-02-27,23,0,42,0.0,0.0,0.0,0.0,0.0
2019-02-27,23,0,43,0.0,0.0,0.0,0.0,0.0
2019-02-27,23,0,46,0.0,0.0,0.0,0.0,0.0
2019-02-27,23,0,52,7.76,7.76,0.0,131.580004,0.0
2019-02-27,23,0,53,12.34,12.34,0.0,209.239337,0.0
2019-02-27,23,0,55,175.32,175.32,0.0,2962.847413,0.0
2019-02-27,23,0,56,0.0,0.0,0.0,0.0,0.0
2019-02-27,23,0,57,0.0,0.0,0.0,0.0,0.0
2019-02-27,23,0,58,0.0,0.0,0.0,0.0,0.0
2019-02-27,23,0,59,0.0,0.0,0.0,0.0,0.0
2019-02-27,23,0,63,170.0,170.0,0.0,19412.949442,0.0
2019-02-27,23,0,64,200.0,200.0,0.0,22838.764049,0.0
2019-02-27,23,0,65,21.34,21.34,0.0,171.7491,0.0
2019-02-27,23,0,67,0.0,0.0,0.0,-0.0,0.0
2019-02-27,23,0,68,10.2,10.2,0.0,-4226.350647,0.0
2019-02-27,23,0,69,0.0,0.0,0.0,0.0,0.0
2019-02-27,23,0,74,12.02,12.02,0.0,118.302119,0.0
2019-02-27,23,0,77,101.45,101.45,0.0,-29895.966821,0.0
2019-02-27,23,0,78,76.7,76.7,0.0,-22602.470726,0.0
2019-02-27,23,0,79,44.38,44.38,0.0,-13078.19623,0.0
2019-02-27,23,0,80,71.78,71.78,0.0,-21152.612109,0.0
2019-02-27,23,0,81,93.84,93.84,0.0,-27653.400951,0.0
2019-02-27,23,0,82,66.2,66.2,0.0,-19508.260262,0.0
2019-02-27,23,0,83,147.61,147.61,0.0,-43498.705396,0.0
2019-02-27,23,0,84,0.0,0.0,0.0,0.0,0.0
2019-02-27,23,0,86,0.0,0.0,0.0,0.0,0.0
2019-02-27,23,0,87,0.0,0.0,0.0,0.0,0.0
2019-02-27,23,0,88,92.81,92.81,0.0,-27349.873639,0.0
2019-02-27,23,0,89,89.22,89.22,0.0,-26291.948347,0.0
2019-02-27,23,0,90,119.79,119.79,0.0,-35300.521099,0.0
2019-02-27,23,0,91,427.31,427.31,0.0,-125922.578435,0.0
2019-02-27,23,0,92,153.68,153.68,0.0,-45287.453731,0.0
2019-02-27,23,0,95,82.23,82.23,0.0,1844.397242,0.0
2019-02-27,23,0,96,0.77,0.77,0.0,13.101756,0.0
2019-02-27,23,0,97,4.76,4.76,0.0,80.992673,0.0
2019-02-27,23,0,99,2.32,2.32,0.0,22.833687,0.0
2019-02-27,23,0,101,0.0,0.0,0.0,0.0,0.0
2019-02-27,23,0,102,24.15,24.15,0.0,-10006.506679,0.0
2019-02-27,23,0,103,21.0,21.0,0.0,-8701.310156,0.0
2019-02-27,23,0,104,3.9,3.9,0.0,-1615.9576,0.0
2019-02-27,23,0,106,0.0,0.0,0.0,0.0,0.0
2019-02-27,23,0,109,45.69,45.69,0.0,548.773943,0.0
2019-02-27,23,0,110,297.55,297.55,0.0,-297550.0,0.0
2019-02-27,23,0,111,0.0,0.0,0.0,0.0,0.0
2019-02-27,23,0,113,135.47,135.47,0.0,-35782.711914,0.0
2019-02-27,23,0,115,135.47,135.47,0.0,-35782.711914,0.0
2019-02-27,23,0,116,0.0,0.0,0.0,-0.0,0.0
2019-02-27,23,0,117,9.03,9.03,0.0,-2385.161944,0.0
2019-02-27,23,0,119,200.0,200.0,0.0,22838.764049,0.0
2019-02-27,23,0,120,117.6,117.6,0.0,13429.193261,0.0
2019-02-27,23,0,123,0.0,0.0,0.0,0.0,0.0
2019-02-27,23,0,125,0.0,0.0,0.0,0.0,0.0
2019-02-27,23,0,126,0.0,0.0,0.0,0.0,0.0
2019-02-27,23,0,127,0.0,0.0,0.0,0.0,0.0
2019-02-27,23,0,128,0.0,0.0,0.0,0.0,0.0
2019-02-27,23,0,131,17.17,17.17,0.0,-6453.268216,0.0
2019-02-27,23,0,132,25.23,25.23,0.0,-9482.583407,0.0
2019-02-27,23,0,133,62.88,62.88,0.0,501.725062,0.0
2019-02-27,23,0,134,0.0,0.0,0.0,0.0,0.0
2019-02-27,23,0,135,84.26,84.26,0.0,672.317966,0.0
2019-02-27,23,0,136,25.95,25.95,0.0,208.941424,0.0
2019-02-27,23,0,139,26.35,26.35,0.0,367.716788,0.0
2019-02-27,23,0,140,220.22,220.22,0.0,-220220.0,0.0
2019-02-27,23,0,141,35.47,35.47,0.0,-19810.528067,0.0
2019-02-27,23,0,142,0.0,0.0,0.0,-0.0,0.0
2019-02-27,23,0,143,16.68,16.68,0.0,282.829185,0.0
2019-02-27,23,0,145,3.0,3.0,0.0,45.361617,0.0
2019-02-27,23,0,146,100.24,100.24,0.0,-100240.0,0.0
2019-02-27,23,0,152,0.0,0.0,0.0,0.0,0.0
2019-02-27,23,0,153,0.0,0.0,0.0,0.0,0.0
2019-02-27,23,0,154,0.0,0.0,0.0,0.0,0.0
2019-02-27,23,0,157,70.75,70.75,0.0,-39514.938278,0.0
2019-02-27,23,0,158,0.0,0.0,0.0,-0.0,0.0
2019-02-27,23,0,159,0.0,0.0,0.0,0.0,0.0
2019-02-27,23,0,160,0.0,0.0,0.0,0.0,0.0
2019-02-27,23,0,161,0.0,0.0,0.0,-0.0,0.0
2019-02-27,23,0,162,46.54,46.54,0.0,1079.688558,0.0
2019-02-27,23,0,163,185.4,185.4,0.0,-185400.0,0.0
2019-02-27,23,0,164,0.0,0.0,0.0,0.0,0.0
2019-02-27,23,0,167,0.0,0.0,0.0,0.0,0.0
2019-02-27,23,0,168,0.0,0.0,0.0,0.0,0.0
2019-02-27,23,0,169,0.0,0.0,0.0,0.0,0.0
2019-02-27,23,0,170,0.0,0.0,0.0,0.0,0.0
2019-02-27,23,0,172,0.0,0.0,0.0,0.0,0.0
2019-02-27,23,0,173,0.0,0.0,0.0,0.0,0.0
2019-02-27,23,0,188,0.0,0.0,0.0,0.0,0.0
2019-02-27,23,0,190,0.0,0.0,0.0,0.0,0.0
2019-02-27,23,0,191,0.0,0.0,0.0,0.0,0.0
2019-02-27,23,0,192,332.6,332.6,0.0,10785.405497,0.0
2019-02-27,23,0,194,88.32,88.32,0.0,-11333.489923,0.0
2019-02-27,23,0,196,0.0,0.0,0.0,0.0,0.0
2019-02-27,23,0,198,0.0,0.0,0.0,0.0,0.0
2019-02-27,23,0,199,0.0,0.0,0.0,-0.0,0.0
2019-02-27,23,0,200,0.0,0.0,0.0,-0.0,0.0
2019-02-27,23,0,204,187.29,187.29,0.0,2291.25556,0.0
2019-02-27,23,0,205,241.69,241.69,0.0,2902.892849,0.0
2019-02-27,23,0,206,13.99,13.99,0.0,238.04359,0.0
2019-02-27,23,0,210,0.0,0.0,0.0,0.0,0.0
2019-02-27,23,0,214,0.0,0.0,0.0,0.0,0.0
2019-02-27,23,0,217,0.0,0.0,0.0,0.0,0.0
2019-02-27,23,0,218,0.0,0.0,0.0,0.0,0.0
2019-02-27,23,0,219,0.0,0.0,0.0,0.0,0.0
2019-02-27,23,0,221,0.0,0.0,0.0,0.0,0.0
2019-02-27,23,0,225,0.0,0.0,0.0,0.0,0.0
2019-02-27,23,0,233,0.0,0.0,0.0,0.0,0.0
2019-02-27,23,0,236,49.65,49.65,0.0,439.260829,0.0
2019-02-27,23,0,237,28.84,28.84,0.0,283.846348,0.0
2019-02-27,23,0,238,0.0,0.0,0.0,0.0,0.0
2019-02-27,23,0,240,0.0,0.0,0.0,0.0,0.0
2019-02-27,23,0,245,132.36,132.36,0.0,1026.14714,0.0
2019-02-27,23,0,247,63.43,63.43,0.0,491.75365,0.0
2019-02-27,23,0,248,2.89,2.89,0.0,28.443687,0.0
2019-02-27,23,0,249,254.54,254.54,0.0,1973.371812,0.0
2019-02-27,23,0,251,195.67,195.67,0.0,1595.094038,0.0
2019-02-27,23,0,252,137.63,137.63,0.0,1107.677071,0.0
2019-02-27,23,0,254,0.0,0.0,0.0,0.0,0.0
2019-02-27,23,0,255,0.0,0.0,0.0,0.0,0.0
2019-02-27,23,0,258,0.0,0.0,0.0,0.0,0.0
2019-02-27,23,0,260,0.0,0.0,0.0,0.0,0.0
2019-02-27,23,0,265,0.0,0.0,0.0,0.0,0.0
2019-02-27,23,0,266,17.07,17.07,0.0,238.213494,0.0
2019-02-27,23,0,267,20.97,20.97,0.0,292.63837,0.0
2019-02-27,23,0,270,579.0,579.0,0.0,-579000.0,0.0
2019-02-27,23,0,272,452.75,452.75,0.0,-119588.26913,0.0
2019-02-27,23,0,273,0.0,0.0,0.0,-0.0,0.0
2019-02-27,23,0,274,746.4,746.4,0.0,-746400.0,0.0
2019-02-27,23,0,275,1039.0,1039.0,0.0,-1039000.0,0.0
2019-02-27,23,0,276,0.0,0.0,0.0,-0.0,0.0
2019-02-27,23,0,277,0.0,0.0,0.0,-0.0,0.0
2019-02-27,23,0,278,0.0,0.0,0.0,-0.0,0.0
2019-02-27,23,0,279,264.6,264.6,0.0,-73131.522021,0.0
2019-02-27,23,0,281,3.29,3.29,0.0,55.785852,0.0
2019-02-27,23,0,282,0.0,0.0,0.0,0.0,0.0
2019-02-28,0,0,9,0.0,0.0,0.0,0.0,0.0
2019-02-28,0,0,17,0.0,0.0,0.0,0.0,0.0
2019-02-28,0,0,19,248.22,248.22,0.0,2019.64224,0.0
2019-02-28,0,0,20,301.04,301.04,0.0,2449.412214,0.0
2019-02-28,0,0,21,0.0,0.0,0.0,0.0,0.0
2019-02-28,0,0,22,0.0,0.0,0.0,0.0,0.0
2019-02-28,0,0,23,4.28,4.28,0.0,69.047378,0.0
2019-02-28,0,0,24,7.58,7.58,0.0,122.284843,0.0
2019-02-28,0,0,29,0.0,0.0,0.0,0.0,0.0
2019-02-28,0,0,30,0.0,0.0,0.0,0.0,0.0
2019-02-28,0,0,31,7.56,7.56,0.0,122.345535,0.0
2019-02-28,0,0,32,0.0,0.0,0.0,0.0,0.0
2019-02-28,0,0,33,0.0,0.0,0.0,0.0,0.0
2019-02-28,0,0,34,0.0,0.0,0.0,0.0,0.0
2019-02-28,0,0,35,0.0,0.0,0.0,0.0,0.0
2019-02-28,0,0,36,0.0,0.0,0.0,0.0,0.0
2019-02-28,0,0,37,0.0,0.0,0.0,0.0,0.0
2019-02-28,0,0,38,0.0,0.0,0.0,0.0,0.0
2019-02-28,0,0,39,0.0,0.0,0.0,0.0,0.0
2019-02-28,0,0,40,0.0,0.0,0.0,0.0,0.0
2019-02-28,0,0,41,22.76,22.76,0.0,307.064493,0.0
2019-02-28,0,0,42,0.0,0.0,0.0,0.0,0.0
2019-02-28,0,0,43,0.0,0.0,0.0,0.0,0.0
2019-02-28,0,0,46,0.0,0.0,0.0,0.0,0.0
2019-02-28,0,0,52,8.02,8.02,0.0,129.78984,0.0
2019-02-28,0,0,53,12.74,12.74,0.0,206.174882,0.0
2019-02-28,0,0,55,180.55,180.55,0.0,2912.73461,0.0
2019-02-28,0,0,56,0.0,0.0,0.0,0.0,0.0
2019-02-28,0,0,57,0.0,0.0,0.0,0.0,0.0
2019-02-28,0,0,58,0.0,0.0,0.0,0.0,0.0
2019-02-28,0,0,59,0.0,0.0,0.0,0.0,0.0
2019-02-28,0,0,63,170.0,170.0,0.0,18881.117053,0.0
2019-02-28,0,0,64,200.0,200.0,0.0,22213.078886,0.0
2019-02-28,0,0,65,18.57,18.57,0.0,152.147234,0.0
2019-02-28,0,0,67,0.0,0.0,0.0,-0.0,0.0
2019-02-28,0,0,68,10.2,10.2,0.0,-4240.578116,0.0
2019-02-28,0,0,69,0.0,0.0,0.0,0.0,0.0
2019-02-28,0,0,74,11.23,11.23,0.0,110.078895,0.0
2019-02-28,0,0,77,135.99,135.99,0.0,-40297.895693,0.0
2019-02-28,0,0,78,102.81,102.81,0.0,-30465.671418,0.0
2019-02-28,0,0,79,59.49,59.49,0.0,-17628.66251,0.0
2019-02-28,0,0,80,96.21,96.21,0.0,-28509.894438,0.0
2019-02-28,0,0,81,125.79,125.79,0.0,-37275.331268,0.0
2019-02-28,0,0,82,88.73,88.73,0.0,-26293.347193,0.0
2019-02-28,0,0,83,197.86,197.86,0.0,-58631.823235,0.0
2019-02-28,0,0,84,0.0,0.0,0.0,0.0,0.0
2019-02-28,0,0,86,0.0,0.0,0.0,0.0,0.0
2019-02-28,0,0,87,0.0,0.0,0.0,0.0,0.0
2019-02-28,0,0,88,108.87,108.87,0.0,-32261.430282,0.0
2019-02-28,0,0,89,104.66,104.66,0.0,-31013.881632,0.0
2019-02-28,0,0,90,140.52,140.52,0.0,-41640.269893,0.0
2019-02-28,0,0,91,501.28,501.28,0.0,-148544.224964,0.0
2019-02-28,0,0,92,180.28,180.28,0.0,-53422.344551,0.0
2019-02-28,0,0,95,67.44,67.44,0.0,1512.661437,0.0
2019-02-28,0,0,96,2.29,2.29,0.0,37.181048,0.0
2019-02-28,0,0,97,14.07,14.07,0.0,228.444253,0.0
2019-02-28,0,0,99,2.17,2.17,0.0,21.270811,0.0
2019-02-28,0,0,101,0.0,0.0,0.0,0.0,0.0
2019-02-28,0,0,102,24.15,24.15,0.0,-10040.192305,0.0
2019-02-28,0,0,103,21.0,21.0,0.0,-8730.602004,0.0
2019-02-28,0,0,104,3.9,3.9,0.0,-1621.397515,0.0
2019-02-28,0,0,106,0.0,0.0,0.0,0.0,0.0
2019-02-28,0,0,109,43.52,43.52,0.0,511.2495,0.0
2019-02-28,0,0,110,248.62,248.62,0.0,-248620.0,0.0
2019-02-28,0,0,111,0.0,0.0,0.0,0.0,0.0
2019-02-28,0,0,113,132.37,132.37,0.0,-35206.978863,0.0
2019-02-28,0,0,115,132.37,132.37,0.0,-35206.978863,0.0
2019-02-28,0,0,116,0.0,0.0,0.0,-0.0,0.0
2019-02-28,0,0,117,8.82,8.82,0.0,-2345.890712,0.0
2019-02-28,0,0,119,200.0,200.0,0.0,22213.078886,0.0
2019-02-28,0,0,120,117.6,117.6,0.0,13061.290385,0.0
2019-02-28,0,0,123,0.0,0.0,0.0,0.0,0.0
2019-02-28,0,0,125,6.86,6.86,0.0,110.669396,0.0
2019-02-28,0,0,126,0.0,0.0,0.0,0.0,0.0
2019-02-28,0,0,127,0.0,0.0,0.0,0.0,0.0
2019-02-28,0,0,128,9.82,9.82,0.0,158.421788,0.0
2019-02-28,0,0,131,25.54,25.54,0.0,-9637.062058,0.0
2019-02-28,0,0,132,37.55,37.55,0.0,-14168.820684,0.0
2019-02-28,0,0,133,50.67,50.67,0.0,412.005948,0.0
2019-02-28,0,0,134,0.0,0.0,0.0,0.0,0.0
2019-02-28,0,0,135,67.89,67.89,0.0,552.024548,0.0
2019-02-28,0,0,136,22.45,22.45,0.0,184.006595,0.0
2019-02-28,0,0,139,29.39,29.39,0.0,396.512542,0.0
2019-02-28,0,0,140,184.01,184.01,0.0,-184010.0,0.0
2019-02-28,0,0,141,75.78,75.78,0.0,-42403.950547,0.0
2019-02-28,0,0,142,0.0,0.0,0.0,-0.0,0.0
2019-02-28,0,0,143,38.13,38.13,0.0,617.068152,0.0
2019-02-28,0,0,145,4.49,4.49,0.0,65.270085,0.0
2019-02-28,0,0,146,63.05,63.05,0.0,-63050.0,0.0
2019-02-28,0,0,152,0.0,0.0,0.0,0.0,0.0
2019-02-28,0,0,153,0.0,0.0,0.0,0.0,0.0
2019-02-28,0,0,154,0.0,0.0,0.0,0.0,0.0
2019-02-28,0,0,157,63.76,63.76,0.0,-35677.96103,0.0
2019-02-28,0,0,158,0.0,0.0,0.0,-0.0,0.0
2019-02-28,0,0,159,0.0,0.0,0.0,0.0,0.0
2019-02-28,0,0,160,0.0,0.0,0.0,0.0,0.0
2019-02-28,0,0,161,0.0,0.0,0.0,-0.0,0.0
2019-02-28,0,0,162,48.75,48.75,0.0,1131.091069,0.0
2019-02-28,0,0,163,185.4,185.4,0.0,-185400.0,0.0
2019-02-28,0,0,164,0.0,0.0,0.0,0.0,0.0
2019-02-28,0,0,167,0.0,0.0,0.0,0.0,0.0
2019-02-28,0,0,168,0.0,0.0,0.0,0.0,0.0
2019-02-28,0,0,169,0.0,0.0,0.0,0.0,0.0
2019-02-28,0,0,170,0.0,0.0,0.0,0.0,0.0
2019-02-28,0,0,172,0.0,0.0,0.0,0.0,0.0
2019-02-28,0,0,173,0.0,0.0,0.0,0.0,0.0
2019-02-28,0,0,188,0.0,0.0,0.0,0.0,0.0
2019-02-28,0,0,190,0.0,0.0,0.0,0.0,0.0
2019-02-28,0,0,191,0.0,0.0,0.0,0.0,0.0
2019-02-28,0,0,192,332.6,332.6,0.0,10785.405497,0.0
2019-02-28,0,0,194,117.53,117.53,0.0,-15348.884959,0.0
2019-02-28,0,0,196,0.0,0.0,0.0,0.0,0.0
2019-02-28,0,0,198,0.0,0.0,0.0,0.0,0.0
2019-02-28,0,0,199,2.02,2.02,0.0,-74.212291,0.0
2019-02-28,0,0,200,0.0,0.0,0.0,-0.0,0.0
2019-02-28,0,0,204,170.83,170.83,0.0,2040.976426,0.0
2019-02-28,0,0,205,230.24,230.24,0.0,2704.735408,0.0
2019-02-28,0,0,206,41.33,41.33,0.0,671.044846,0.0
2019-02-28,0,0,210,0.0,0.0,0.0,0.0,0.0
2019-02-28,0,0,214,0.0,0.0,0.0,0.0,0.0
2019-02-28,0,0,217,0.0,0.0,0.0,0.0,0.0
2019-02-28,0,0,218,0.0,0.0,0.0,0.0,0.0
2019-02-28,0,0,219,0.0,0.0,0.0,0.0,0.0
2019-02-28,0,0,221,0.0,0.0,0.0,0.0,0.0
2019-02-28,0,0,225,0.0,0.0,0.0,0.0,0.0
2019-02-28,0,0,233,0.0,0.0,0.0,0.0,0.0
2019-02-28,0,0,236,41.77,41.77,0.0,372.161358,0.0
2019-02-28,0,0,237,26.94,26.94,0.0,264.071722,0.0
2019-02-28,0,0,238,0.0,0.0,0.0,0.0,0.0
2019-02-28,0,0,240,0.0,0.0,0.0,0.0,0.0
2019-02-28,0,0,245,58.28,58.28,0.0,462.049576,0.0
2019-02-28,0,0,247,43.66,43.66,0.0,346.140777,0.0
2019-02-28,0,0,248,2.7,2.7,0.0,26.465986,0.0
2019-02-28,0,0,249,109.18,109.18,0.0,865.589785,0.0
2019-02-28,0,0,251,172.02,172.02,0.0,1425.395721,0.0
2019-02-28,0,0,252,119.76,119.76,0.0,981.214473,0.0
2019-02-28,0,0,254,0.0,0.0,0.0,0.0,0.0
2019-02-28,0,0,255,0.0,0.0,0.0,0.0,0.0
2019-02-28,0,0,258,0.0,0.0,0.0,0.0,0.0
2019-02-28,0,0,260,0.0,0.0,0.0,0.0,0.0
2019-02-28,0,0,265,0.0,0.0,0.0,0.0,0.0
2019-02-28,0,0,266,19.03,19.03,0.0,256.741533,0.0
2019-02-28,0,0,267,23.39,23.39,0.0,315.564081,0.0
2019-02-28,0,0,270,579.0,579.0,0.0,-579000.0,0.0
2019-02-28,0,0,272,442.38,442.38,0.0,-117661.579733,0.0
2019-02-28,0,0,273,0.0,0.0,0.0,-0.0,0.0
2019-02-28,0,0,274,746.4,746.4,0.0,-746400.0,0.0
2019-02-28,0,0,275,1039.0,1039.0,0.0,-1039000.0,0.0
2019-02-28,0,0,276,0.0,0.0,0.0,-0.0,0.0
2019-02-28,0,0,277,0.0,0.0,0.0,-0.0,0.0
2019-02-28,0,0,278,0.0,0.0,0.0,-0.0,0.0
2019-02-28,0,0,279,264.6,264.6,0.0,-73596.94223,0.0
2019-02-28,0,0,281,3.39,3.39,0.0,54.861291,0.0
2019-02-28,0,0,282,0.0,0.0,0.0,0.0,0.0
2019-02-28,1,0,9,0.0,0.0,0.0,0.0,0.0
2019-02-28,1,0,17,0.0,0.0,0.0,0.0,0.0
2019-02-28,1,0,19,215.69,215.69,0.0,1735.886354,0.0
2019-02-28,1,0,20,261.59,261.59,0.0,2105.292371,0.0
2019-02-28,1,0,21,0.0,0.0,0.0,0.0,0.0
2019-02-28,1,0,22,0.0,0.0,0.0,0.0,0.0
2019-02-28,1,0,23,13.68,13.68,0.0,220.693489,0.0
2019-02-28,1,0,24,24.21,24.21,0.0,390.569399,0.0
2019-02-28,1,0,29,0.0,0.0,0.0,0.0,0.0
2019-02-28,1,0,30,0.0,0.0,0.0,0.0,0.0
2019-02-28,1,0,31,18.22,18.22,0.0,294.86943,0.0
2019-02-28,1,0,32,0.0,0.0,0.0,0.0,0.0
2019-02-28,1,0,33,0.0,0.0,0.0,0.0,0.0
2019-02-28,1,0,34,0.0,0.0,0.0,0.0,0.0
2019-02-28,1,0,35,0.0,0.0,0.0,0.0,0.0
2019-02-28,1,0,36,0.0,0.0,0.0,0.0,0.0
2019-02-28,1,0,37,0.0,0.0,0.0,0.0,0.0
2019-02-28,1,0,38,0.0,0.0,0.0,0.0,0.0
2019-02-28,1,0,39,0.0,0.0,0.0,0.0,0.0
2019-02-28,1,0,40,0.0,0.0,0.0,0.0,0.0
2019-02-28,1,0,41,25.58,25.58,0.0,344.363022,0.0
2019-02-28,1,0,42,0.0,0.0,0.0,0.0,0.0
2019-02-28,1,0,43,0.0,0.0,0.0,0.0,0.0
2019-02-28,1,0,46,0.0,0.0,0.0,0.0,0.0
2019-02-28,1,0,52,19.4,19.4,0.0,313.966352,0.0
2019-02-28,1,0,53,31.71,31.71,0.0,513.189332,0.0
2019-02-28,1,0,55,160.95,160.95,0.0,2596.536336,0.0
2019-02-28,1,0,56,0.0,0.0,0.0,0.0,0.0
2019-02-28,1,0,57,0.0,0.0,0.0,0.0,0.0
2019-02-28,1,0,58,0.0,0.0,0.0,0.0,0.0
2019-02-28,1,0,59,0.0,0.0,0.0,0.0,0.0
2019-02-28,1,0,63,170.0,170.0,0.0,18758.363783,0.0
2019-02-28,1,0,64,200.0,200.0,0.0,22068.663275,0.0
2019-02-28,1,0,65,16.08,16.08,0.0,130.334204,0.0
2019-02-28,1,0,67,0.0,0.0,0.0,-0.0,0.0
2019-02-28,1,0,68,10.2,10.2,0.0,-4244.646355,0.0
2019-02-28,1,0,69,0.0,0.0,0.0,0.0,0.0
2019-02-28,1,0,74,10.67,10.67,0.0,103.842583,0.0
2019-02-28,1,0,77,178.93,178.93,0.0,-53108.938393,0.0
2019-02-28,1,0,78,135.27,135.27,0.0,-40150.036866,0.0
2019-02-28,1,0,79,78.28,78.28,0.0,-23234.604021,0.0
2019-02-28,1,0,80,126.6,126.6,0.0,-37576.659032,0.0
2019-02-28,1,0,81,165.51,165.51,0.0,-49125.69381,0.0
2019-02-28,1,0,82,116.75,116.75,0.0,-34653.040616,0.0
2019-02-28,1,0,83,260.35,260.35,0.0,-77275.538539,0.0
2019-02-28,1,0,84,0.0,0.0,0.0,0.0,0.0
2019-02-28,1,0,86,0.0,0.0,0.0,0.0,0.0
2019-02-28,1,0,87,0.0,0.0,0.0,0.0,0.0
2019-02-28,1,0,88,127.62,127.62,0.0,-37879.409365,0.0
2019-02-28,1,0,89,122.69,122.69,0.0,-36416.116087,0.0
2019-02-28,1,0,90,164.73,164.73,0.0,-48894.178849,0.0
2019-02-28,1,0,91,587.62,587.62,0.0,-174413.873463,0.0
2019-02-28,1,0,92,211.33,211.33,0.0,-62725.713691,0.0
2019-02-28,1,0,95,88.63,88.63,0.0,1987.947556,0.0
2019-02-28,1,0,96,5.62,5.62,0.0,91.254257,0.0
2019-02-28,1,0,97,34.55,34.55,0.0,561.002595,0.0
2019-02-28,1,0,99,2.06,2.06,0.0,20.048334,0.0
2019-02-28,1,0,101,0.0,0.0,0.0,0.0,0.0
2019-02-28,1,0,102,24.15,24.15,0.0,-10049.824458,0.0
2019-02-28,1,0,103,21.0,21.0,0.0,-8738.977789,0.0
2019-02-28,1,0,104,3.9,3.9,0.0,-1622.953018,0.0
2019-02-28,1,0,106,0.0,0.0,0.0,0.0,0.0
2019-02-28,1,0,109,41.51,41.51,0.0,485.623831,0.0
2019-02-28,1,0,110,205.56,205.56,0.0,-205560.0,0.0
2019-02-28,1,0,111,0.0,0.0,0.0,0.0,0.0
2019-02-28,1,0,113,73.8,73.8,0.0,-19665.214108,0.0
2019-02-28,1,0,115,73.8,73.8,0.0,-19665.214108,0.0
2019-02-28,1,0,116,0.0,0.0,0.0,-0.0,0.0
2019-02-28,1,0,117,5.04,5.04,0.0,-1342.990232,0.0
2019-02-28,1,0,119,200.0,200.0,0.0,22068.663275,0.0
2019-02-28,1,0,120,117.6,117.6,0.0,12976.374005,0.0
2019-02-28,1,0,123,0.0,0.0,0.0,0.0,0.0
2019-02-28,1,0,125,21.91,21.91,0.0,353.464499,0.0
2019-02-28,1,0,126,0.0,0.0,0.0,0.0,0.0
2019-02-28,1,0,127,0.0,0.0,0.0,0.0,0.0
2019-02-28,1,0,128,31.38,31.38,0.0,506.23989,0.0
2019-02-28,1,0,131,30.0,30.0,0.0,-11332.715313,0.0
2019-02-28,1,0,132,44.1,44.1,0.0,-16659.09151,0.0
2019-02-28,1,0,133,40.44,40.44,0.0,325.245286,0.0
2019-02-28,1,0,134,0.0,0.0,0.0,0.0,0.0
2019-02-28,1,0,135,54.19,54.19,0.0,435.831901,0.0
2019-02-28,1,0,136,19.34,19.34,0.0,156.818517,0.0
2019-02-28,1,0,139,33.03,33.03,0.0,444.656396,0.0
2019-02-28,1,0,140,152.14,152.14,0.0,-152140.0,0.0
2019-02-28,1,0,141,140.67,140.67,0.0,-78756.516258,0.0
2019-02-28,1,0,142,0.0,0.0,0.0,-0.0,0.0
2019-02-28,1,0,143,45.26,45.26,0.0,732.480264,0.0
2019-02-28,1,0,145,7.33,7.33,0.0,106.425128,0.0
2019-02-28,1,0,146,36.14,36.14,0.0,-36140.0,0.0
2019-02-28,1,0,152,0.0,0.0,0.0,0.0,0.0
2019-02-28,1,0,153,0.0,0.0,0.0,0.0,0.0
2019-02-28,1,0,154,0.0,0.0,0.0,0.0,0.0
2019-02-28,1,0,157,57.61,57.61,0.0,-32253.948259,0.0
2019-02-28,1,0,158,0.0,0.0,0.0,-0.0,0.0
2019-02-28,1,0,159,0.0,0.0,0.0,0.0,0.0
2019-02-28,1,0,160,0.0,0.0,0.0,0.0,0.0
2019-02-28,1,0,161,0.0,0.0,0.0,-0.0,0.0
2019-02-28,1,0,162,48.75,48.75,0.0,1131.097322,0.0
2019-02-28,1,0,163,185.4,185.4,0.0,-185400.0,0.0
2019-02-28,1,0,164,0.0,0.0,0.0,0.0,0.0
2019-02-28,1,0,167,0.0,0.0,0.0,0.0,0.0
2019-02-28,1,0,168,0.0,0.0,0.0,0.0,0.0
2019-02-28,1,0,169,0.0,0.0,0.0,0.0,0.0
2019-02-28,1,0,170,0.0,0.0,0.0,0.0,0.0
2019-02-28,1,0,172,0.0,0.0,0.0,0.0,0.0
2019-02-28,1,0,173,0.0,0.0,0.0,0.0,0.0
2019-02-28,1,0,188,0.0,0.0,0.0,0.0,0.0
2019-02-28,1,0,190,0.0,0.0,0.0,0.0,0.0
2019-02-28,1,0,191,0.0,0.0,0.0,0.0,0.0
2019-02-28,1,0,192,332.6,332.6,0.0,10785.405497,0.0
2019-02-28,1,0,194,156.79,156.79,0.0,-20565.896856,0.0
2019-02-28,1,0,196,0.0,0.0,0.0,0.0,0.0
2019-02-28,1,0,198,0.0,0.0,0.0,0.0,0.0
2019-02-28,1,0,199,17.55,17.55,0.0,-649.783512,0.0
2019-02-28,1,0,200,0.0,0.0,0.0,-0.0,0.0
2019-02-28,1,0,204,156.93,156.93,0.0,1867.643205,0.0
2019-02-28,1,0,205,219.57,219.57,0.0,2568.740656,0.0
2019-02-28,1,0,206,101.52,101.52,0.0,1648.422096,0.0
2019-02-28,1,0,210,0.0,0.0,0.0,0.0,0.0
2019-02-28,1,0,214,0.0,0.0,0.0,0.0,0.0
2019-02-28,1,0,217,0.0,0.0,0.0,0.0,0.0
2019-02-28,1,0,218,0.0,0.0,0.0,0.0,0.0
2019-02-28,1,0,219,0.0,0.0,0.0,0.0,0.0
2019-02-28,1,0,221,0.0,0.0,0.0,0.0,0.0
2019-02-28,1,0,225,0.0,0.0,0.0,0.0,0.0
2019-02-28,1,0,233,0.0,0.0,0.0,0.0,0.0
2019-02-28,1,0,236,35.24,35.24,0.0,311.165309,0.0
2019-02-28,1,0,237,25.61,25.61,0.0,249.241663,0.0
2019-02-28,1,0,238,0.0,0.0,0.0,0.0,0.0
2019-02-28,1,0,240,0.0,0.0,0.0,0.0,0.0
2019-02-28,1,0,245,18.65,18.65,0.0,146.166651,0.0
2019-02-28,1,0,247,29.81,29.81,0.0,233.63152,0.0
2019-02-28,1,0,248,2.57,2.57,0.0,25.011756,0.0
2019-02-28,1,0,249,35.86,35.86,0.0,281.047512,0.0
2019-02-28,1,0,251,149.64,149.64,0.0,1226.96381,0.0
2019-02-28,1,0,252,103.72,103.72,0.0,840.688038,0.0
2019-02-28,1,0,254,0.0,0.0,0.0,0.0,0.0
2019-02-28,1,0,255,0.0,0.0,0.0,0.0,0.0
2019-02-28,1,0,258,0.0,0.0,0.0,0.0,0.0
2019-02-28,1,0,260,0.0,0.0,0.0,0.0,0.0
2019-02-28,1,0,265,0.0,0.0,0.0,0.0,0.0
2019-02-28,1,0,266,21.39,21.39,0.0,287.956413,0.0
2019-02-28,1,0,267,26.29,26.29,0.0,353.921183,0.0
2019-02-28,1,0,270,579.0,579.0,0.0,-579000.0,0.0
2019-02-28,1,0,272,246.13,246.13,0.0,-65585.354316,0.0
2019-02-28,1,0,273,0.0,0.0,0.0,-0.0,0.0
2019-02-28,1,0,274,746.4,746.4,0.0,-746400.0,0.0
2019-02-28,1,0,275,1039.0,1039.0,0.0,-1039000.0,0.0
2019-02-28,1,0,276,0.0,0.0,0.0,-0.0,0.0
2019-02-28,1,0,277,0.0,0.0,0.0,-0.0,0.0
2019-02-28,1,0,278,0.0,0.0,0.0,-0.0,0.0
2019-02-28,1,0,279,264.6,264.6,0.0,-73726.348202,0.0
2019-02-28,1,0,281,7.52,7.52,0.0,121.702421,0.0
2019-02-28,1,0,282,0.0,0.0,0.0,0.0,0.0
2019-02-28,2,0,9,0.0,0.0,0.0,0.0,0.0
2019-02-28,2,0,17,0.0,0.0,0.0,0.0,0.0
2019-02-28,2,0,19,199.79,199.79,0.0,1620.084125,0.0
2019-02-28,2,0,20,242.31,242.31,0.0,1964.876042,0.0
2019-02-28,2,0,21,0.0,0.0,0.0,0.0,0.0
2019-02-28,2,0,22,0.0,0.0,0.0,0.0,0.0
2019-02-28,2,0,23,19.6,19.6,0.0,316.198274,0.0
2019-02-28,2,0,24,34.68,34.68,0.0,559.477354,0.0
2019-02-28,2,0,29,0.0,0.0,0.0,0.0,0.0
2019-02-28,2,0,30,0.0,0.0,0.0,0.0,0.0
2019-02-28,2,0,31,5.59,5.59,0.0,90.465466,0.0
2019-02-28,2,0,32,0.0,0.0,0.0,0.0,0.0
2019-02-28,2,0,33,0.0,0.0,0.0,0.0,0.0
2019-02-28,2,0,34,0.0,0.0,0.0,0.0,0.0
2019-02-28,2,0,35,0.0,0.0,0.0,0.0,0.0
2019-02-28,2,0,36,0.0,0.0,0.0,0.0,0.0
2019-02-28,2,0,37,0.0,0.0,0.0,0.0,0.0
2019-02-28,2,0,38,0.0,0.0,0.0,0.0,0.0
2019-02-28,2,0,39,0.0,0.0,0.0,0.0,0.0
2019-02-28,2,0,40,0.0,0.0,0.0,0.0,0.0
2019-02-28,2,0,41,24.57,24.57,0.0,331.260231,0.0
2019-02-28,2,0,42,0.0,0.0,0.0,0.0,0.0
2019-02-28,2,0,43,0.0,0.0,0.0,0.0,0.0
2019-02-28,2,0,46,0.0,0.0,0.0,0.0,0.0
2019-02-28,2,0,52,5.93,5.93,0.0,95.967838,0.0
2019-02-28,2,0,53,9.42,9.42,0.0,152.448067,0.0
2019-02-28,2,0,55,96.01,96.01,0.0,1548.887565,0.0
2019-02-28,2,0,56,0.0,0.0,0.0,0.0,0.0
2019-02-28,2,0,57,0.0,0.0,0.0,0.0,0.0
2019-02-28,2,0,58,0.0,0.0,0.0,0.0,0.0
2019-02-28,2,0,59,0.0,0.0,0.0,0.0,0.0
2019-02-28,2,0,63,170.0,170.0,0.0,18879.352713,0.0
2019-02-28,2,0,64,200.0,200.0,0.0,22211.003191,0.0
2019-02-28,2,0,65,12.98,12.98,0.0,105.992125,0.0
2019-02-28,2,0,67,0.0,0.0,0.0,-0.0,0.0
2019-02-28,2,0,68,10.2,10.2,0.0,-4240.711605,0.0
2019-02-28,2,0,69,0.0,0.0,0.0,0.0,0.0
2019-02-28,2,0,74,8.98,8.98,0.0,87.827933,0.0
2019-02-28,2,0,77,154.36,154.36,0.0,-45744.083189,0.0
2019-02-28,2,0,78,116.69,116.69,0.0,-34580.701395,0.0
2019-02-28,2,0,79,67.53,67.53,0.0,-20012.295528,0.0
2019-02-28,2,0,80,109.21,109.21,0.0,-32364.02776,0.0
2019-02-28,2,0,81,142.78,142.78,0.0,-42312.387909,0.0
2019-02-28,2,0,82,100.72,100.72,0.0,-29848.043915,0.0
2019-02-28,2,0,83,224.59,224.59,0.0,-66556.514922,0.0
2019-02-28,2,0,84,0.0,0.0,0.0,0.0,0.0
2019-02-28,2,0,86,0.0,0.0,0.0,0.0,0.0
2019-02-28,2,0,87,0.0,0.0,0.0,0.0,0.0
2019-02-28,2,0,88,116.58,116.58,0.0,-34548.103253,0.0
2019-02-28,2,0,89,112.07,112.07,0.0,-33211.579444,0.0
2019-02-28,2,0,90,150.48,150.48,0.0,-44594.257827,0.0
2019-02-28,2,0,91,536.78,536.78,0.0,-159073.004496,0.0
2019-02-28,2,0,92,193.05,193.05,0.0,-57209.73866,0.0
2019-02-28,2,0,95,36.0,36.0,0.0,807.470518,0.0
2019-02-28,2,0,96,6.16,6.16,0.0,100.017597,0.0
2019-02-28,2,0,97,37.87,37.87,0.0,614.880907,0.0
2019-02-28,2,0,99,1.73,1.73,0.0,16.920081,0.0
2019-02-28,2,0,101,0.0,0.0,0.0,0.0,0.0
2019-02-28,2,0,102,24.15,24.15,0.0,-10040.508358,0.0
2019-02-28,2,0,103,21.0,21.0,0.0,-8730.876833,0.0
2019-02-28,2,0,104,3.9,3.9,0.0,-1621.448555,0.0
2019-02-28,2,0,106,0.0,0.0,0.0,0.0,0.0
2019-02-28,2,0,109,33.61,33.61,0.0,394.324069,0.0
2019-02-28,2,0,110,189.03,189.03,0.0,-189030.0,0.0
2019-02-28,2,0,111,0.0,0.0,0.0,0.0,0.0
2019-02-28,2,0,113,72.7,72.7,0.0,-19337.316879,0.0
2019-02-28,2,0,115,72.7,72.7,0.0,-19337.316879,0.0
2019-02-28,2,0,116,0.0,0.0,0.0,-0.0,0.0
2019-02-28,2,0,117,3.88,3.88,0.0,-1032.032868,0.0
2019-02-28,2,0,119,200.0,200.0,0.0,22211.003191,0.0
2019-02-28,2,0,120,117.6,117.6,0.0,13060.069877,0.0
2019-02-28,2,0,123,0.0,0.0,0.0,0.0,0.0
2019-02-28,2,0,125,31.38,31.38,0.0,506.23989,0.0
2019-02-28,2,0,126,0.0,0.0,0.0,0.0,0.0
2019-02-28,2,0,127,0.0,0.0,0.0,0.0,0.0
2019-02-28,2,0,128,44.94,44.94,0.0,724.997471,0.0
2019-02-28,2,0,131,30.0,30.0,0.0,-11320.381688,0.0
2019-02-28,2,0,132,44.1,44.1,0.0,-16640.961081,0.0
2019-02-28,2,0,133,41.16,41.16,0.0,333.543236,0.0
2019-02-28,2,0,134,0.0,0.0,0.0,0.0,0.0
2019-02-28,2,0,135,55.15,55.15,0.0,446.912281,0.0
2019-02-28,2,0,136,16.37,16.37,0.0,133.725304,0.0
2019-02-28,2,0,139,31.73,31.73,0.0,427.793534,0.0
2019-02-28,2,0,140,139.9,139.9,0.0,-139900.0,0.0
2019-02-28,2,0,141,131.79,131.79,0.0,-73746.571258,0.0
2019-02-28,2,0,142,0.0,0.0,0.0,-0.0,0.0
2019-02-28,2,0,143,18.89,18.89,0.0,305.705306,0.0
2019-02-28,2,0,145,6.33,6.33,0.0,91.982913,0.0
2019-02-28,2,0,146,32.02,32.02,0.0,-32020.0,0.0
2019-02-28,2,0,152,0.0,0.0,0.0,0.0,0.0
2019-02-28,2,0,153,0.0,0.0,0.0,0.0,0.0
2019-02-28,2,0,154,0.0,0.0,0.0,0.0,0.0
2019-02-28,2,0,157,40.47,40.47,0.0,-22646.056141,0.0
2019-02-28,2,0,158,0.0,0.0,0.0,-0.0,0.0
2019-02-28,2,0,159,0.0,0.0,0.0,0.0,0.0
2019-02-28,2,0,160,0.0,0.0,0.0,0.0,0.0
2019-02-28,2,0,161,0.0,0.0,0.0,-0.0,0.0
2019-02-28,2,0,162,48.75,48.75,0.0,1131.088665,0.0
2019-02-28,2,0,163,185.4,185.4,0.0,-185400.0,0.0
2019-02-28,2,0,164,0.0,0.0,0.0,0.0,0.0
2019-02-28,2,0,167,0.0,0.0,0.0,0.0,0.0
2019-02-28,2,0,168,0.0,0.0,0.0,0.0,0.0
2019-02-28,2,0,169,0.0,0.0,0.0,0.0,0.0
2019-02-28,2,0,170,0.0,0.0,0.0,0.0,0.0
2019-02-28,2,0,172,0.0,0.0,0.0,0.0,0.0
2019-02-28,2,0,173,0.0,0.0,0.0,0.0,0.0
2019-02-28,2,0,188,0.0,0.0,0.0,0.0,0.0
2019-02-28,2,0,190,0.0,0.0,0.0,0.0,0.0
2019-02-28,2,0,191,0.0,0.0,0.0,0.0,0.0
2019-02-28,2,0,192,332.6,332.6,0.0,10785.405497,0.0
2019-02-28,2,0,194,146.79,146.79,0.0,-19172.075668,0.0
2019-02-28,2,0,196,0.0,0.0,0.0,0.0,0.0
2019-02-28,2,0,198,0.0,0.0,0.0,0.0,0.0
2019-02-28,2,0,199,7.89,7.89,0.0,-290.201053,0.0
2019-02-28,2,0,200,0.0,0.0,0.0,-0.0,0.0
2019-02-28,2,0,204,126.2,126.2,0.0,1505.942605,0.0
2019-02-28,2,0,205,165.01,165.01,0.0,1935.954022,0.0
2019-02-28,2,0,206,111.27,111.27,0.0,1806.649022,0.0
2019-02-28,2,0,210,0.0,0.0,0.0,0.0,0.0
2019-02-28,2,0,214,0.0,0.0,0.0,0.0,0.0
2019-02-28,2,0,217,0.0,0.0,0.0,0.0,0.0
2019-02-28,2,0,218,0.0,0.0,0.0,0.0,0.0
2019-02-28,2,0,219,0.0,0.0,0.0,0.0,0.0
2019-02-28,2,0,221,0.0,0.0,0.0,0.0,0.0
2019-02-28,2,0,225,0.0,0.0,0.0,0.0,0.0
2019-02-28,2,0,233,0.0,0.0,0.0,0.0,0.0
2019-02-28,2,0,236,26.42,26.42,0.0,234.738432,0.0
2019-02-28,2,0,237,21.55,21.55,0.0,210.767479,0.0
2019-02-28,2,0,238,0.0,0.0,0.0,0.0,0.0
2019-02-28,2,0,240,0.0,0.0,0.0,0.0,0.0
2019-02-28,2,0,245,18.49,18.49,0.0,146.067563,0.0
2019-02-28,2,0,247,26.75,26.75,0.0,211.320028,0.0
2019-02-28,2,0,248,2.16,2.16,0.0,21.12565,0.0
2019-02-28,2,0,249,35.56,35.56,0.0,280.91739,0.0
2019-02-28,2,0,251,126.39,126.39,0.0,1043.876651,0.0
2019-02-28,2,0,252,83.75,83.75,0.0,683.886015,0.0
2019-02-28,2,0,254,0.0,0.0,0.0,0.0,0.0
2019-02-28,2,0,255,0.0,0.0,0.0,0.0,0.0
2019-02-28,2,0,258,0.0,0.0,0.0,0.0,0.0
2019-02-28,2,0,260,0.0,0.0,0.0,0.0,0.0
2019-02-28,2,0,265,0.0,0.0,0.0,0.0,0.0
2019-02-28,2,0,266,20.55,20.55,0.0,277.061365,0.0
2019-02-28,2,0,267,25.25,25.25,0.0,340.428198,0.0
2019-02-28,2,0,270,579.0,579.0,0.0,-579000.0,0.0
2019-02-28,2,0,272,313.6,313.6,0.0,-83413.790556,0.0
2019-02-28,2,0,273,0.0,0.0,0.0,-0.0,0.0
2019-02-28,2,0,274,746.39,746.39,0.0,-746390.0,0.0
2019-02-28,2,0,275,1038.99,1038.99,0.0,-1038990.0,0.0
2019-02-28,2,0,276,0.0,0.0,0.0,-0.0,0.0
2019-02-28,2,0,277,0.0,0.0,0.0,-0.0,0.0
2019-02-28,2,0,278,0.0,0.0,0.0,-0.0,0.0
2019-02-28,2,0,279,264.6,264.6,0.0,-73600.930006,0.0
2019-02-28,2,0,281,2.51,2.51,0.0,40.620451,0.0
2019-02-28,2,0,282,0.0,0.0,0.0,0.0,0.0
2019-02-28,3,0,9,0.0,0.0,0.0,0.0,0.0
2019-02-28,3,0,17,0.0,0.0,0.0,0.0,0.0
2019-02-28,3,0,19,184.75,184.75,0.0,1498.125743,0.0
2019-02-28,3,0,20,224.07,224.07,0.0,1816.969067,0.0
2019-02-28,3,0,21,0.0,0.0,0.0,0.0,0.0
2019-02-28,3,0,22,0.0,0.0,0.0,0.0,0.0
2019-02-28,3,0,23,32.07,32.07,0.0,517.371359,0.0
2019-02-28,3,0,24,56.74,56.74,0.0,915.361738,0.0
2019-02-28,3,0,29,0.0,0.0,0.0,0.0,0.0
2019-02-28,3,0,30,0.0,0.0,0.0,0.0,0.0
2019-02-28,3,0,31,3.68,3.68,0.0,59.555083,0.0
2019-02-28,3,0,32,0.0,0.0,0.0,0.0,0.0
2019-02-28,3,0,33,0.0,0.0,0.0,0.0,0.0
2019-02-28,3,0,34,0.0,0.0,0.0,0.0,0.0
2019-02-28,3,0,35,0.0,0.0,0.0,0.0,0.0
2019-02-28,3,0,36,0.0,0.0,0.0,0.0,0.0
2019-02-28,3,0,37,0.0,0.0,0.0,0.0,0.0
2019-02-28,3,0,38,0.0,0.0,0.0,0.0,0.0
2019-02-28,3,0,39,0.0,0.0,0.0,0.0,0.0
2019-02-28,3,0,40,0.0,0.0,0.0,0.0,0.0
2019-02-28,3,0,41,23.8,23.8,0.0,320.878856,0.0
2019-02-28,3,0,42,0.0,0.0,0.0,0.0,0.0
2019-02-28,3,0,43,0.0,0.0,0.0,0.0,0.0
2019-02-28,3,0,46,0.0,0.0,0.0,0.0,0.0
2019-02-28,3,0,52,3.9,3.9,0.0,63.115442,0.0
2019-02-28,3,0,53,6.19,6.19,0.0,100.175534,0.0
2019-02-28,3,0,55,42.28,42.28,0.0,682.084848,0.0
2019-02-28,3,0,56,0.0,0.0,0.0,0.0,0.0
2019-02-28,3,0,57,0.0,0.0,0.0,0.0,0.0
2019-02-28,3,0,58,0.0,0.0,0.0,0.0,0.0
2019-02-28,3,0,59,0.0,0.0,0.0,0.0,0.0
2019-02-28,3,0,63,170.0,170.0,0.0,18879.352713,0.0
2019-02-28,3,0,64,200.0,200.0,0.0,22211.003191,0.0
2019-02-28,3,0,65,10.46,10.46,0.0,85.414301,0.0
2019-02-28,3,0,67,0.0,0.0,0.0,-0.0,0.0
2019-02-28,3,0,68,9.56,9.56,0.0,-3974.627739,0.0
2019-02-28,3,0,69,0.0,0.0,0.0,0.0,0.0
2019-02-28,3,0,74,7.53,7.53,0.0,73.646363,0.0
2019-02-28,3,0,77,134.97,134.97,0.0,-39997.91985,0.0
2019-02-28,3,0,78,102.04,102.04,0.0,-30239.221616,0.0
2019-02-28,3,0,79,59.05,59.05,0.0,-17499.275151,0.0
2019-02-28,3,0,80,95.49,95.49,0.0,-28298.150451,0.0
2019-02-28,3,0,81,124.85,124.85,0.0,-36998.890814,0.0
2019-02-28,3,0,82,88.07,88.07,0.0,-26099.257621,0.0
2019-02-28,3,0,83,196.38,196.38,0.0,-58196.573313,0.0
2019-02-28,3,0,84,0.0,0.0,0.0,0.0,0.0
2019-02-28,3,0,86,0.0,0.0,0.0,0.0,0.0
2019-02-28,3,0,87,0.0,0.0,0.0,0.0,0.0
2019-02-28,3,0,88,110.09,110.09,0.0,-32624.812894,0.0
2019-02-28,3,0,89,105.83,105.83,0.0,-31362.37577,0.0
2019-02-28,3,0,90,142.09,142.09,0.0,-42107.908657,0.0
2019-02-28,3,0,91,506.88,506.88,0.0,-150212.236892,0.0
2019-02-28,3,0,92,182.29,182.29,0.0,-54021.04771,0.0
2019-02-28,3,0,95,36.0,36.0,0.0,807.470518,0.0
2019-02-28,3,0,96,7.12,7.12,0.0,115.604755,0.0
2019-02-28,3,0,97,43.78,43.78,0.0,710.839348,0.0
2019-02-28,3,0,99,1.45,1.45,0.0,14.181571,0.0
2019-02-28,3,0,101,0.0,0.0,0.0,0.0,0.0
2019-02-28,3,0,102,22.62,22.62,0.0,-9404.401617,0.0
2019-02-28,3,0,103,19.67,19.67,0.0,-8177.9213,0.0
2019-02-28,3,0,104,3.65,3.65,0.0,-1517.509545,0.0
2019-02-28,3,0,106,0.0,0.0,0.0,0.0,0.0
2019-02-28,3,0,109,29.41,29.41,0.0,345.048226,0.0
2019-02-28,3,0,110,176.17,176.17,0.0,-176170.0,0.0
2019-02-28,3,0,111,0.0,0.0,0.0,0.0,0.0
2019-02-28,3,0,113,58.14,58.14,0.0,-15464.533747,0.0
2019-02-28,3,0,115,58.14,58.14,0.0,-15464.533747,0.0
2019-02-28,3,0,116,0.0,0.0,0.0,-0.0,0.0
2019-02-28,3,0,117,2.99,2.99,0.0,-795.303679,0.0
2019-02-28,3,0,119,200.0,200.0,0.0,22211.003191,0.0
2019-02-28,3,0,120,117.6,117.6,0.0,13060.069877,0.0
2019-02-28,3,0,123,0.0,0.0,0.0,0.0,0.0
2019-02-28,3,0,125,51.35,51.35,0.0,828.407212,0.0
2019-02-28,3,0,126,0.0,0.0,0.0,0.0,0.0
2019-02-28,3,0,127,0.0,0.0,0.0,0.0,0.0
2019-02-28,3,0,128,73.54,73.54,0.0,1186.38883,0.0
2019-02-28,3,0,131,28.4,28.4,0.0,-10716.627998,0.0
2019-02-28,3,0,132,41.75,41.75,0.0,-15754.197849,0.0
2019-02-28,3,0,133,23.77,23.77,0.0,192.622029,0.0
2019-02-28,3,0,134,0.0,0.0,0.0,0.0,0.0
2019-02-28,3,0,135,31.81,31.81,0.0,257.77479,0.0
2019-02-28,3,0,136,13.91,13.91,0.0,113.629748,0.0
2019-02-28,3,0,139,30.73,30.73,0.0,414.311229,0.0
2019-02-28,3,0,140,130.38,130.38,0.0,-130380.0,0.0
2019-02-28,3,0,141,125.46,125.46,0.0,-70204.452766,0.0
2019-02-28,3,0,142,0.0,0.0,0.0,-0.0,0.0
2019-02-28,3,0,143,7.2,7.2,0.0,116.520815,0.0
2019-02-28,3,0,145,5.67,5.67,0.0,82.392277,0.0
2019-02-28,3,0,146,29.3,29.3,0.0,-29300.0,0.0
2019-02-28,3,0,152,0.0,0.0,0.0,0.0,0.0
2019-02-28,3,0,153,0.0,0.0,0.0,0.0,0.0
2019-02-28,3,0,154,0.0,0.0,0.0,0.0,0.0
2019-02-28,3,0,157,27.16,27.16,0.0,-15198.094509,0.0
2019-02-28,3,0,158,0.0,0.0,0.0,-0.0,0.0
2019-02-28,3,0,159,0.0,0.0,0.0,0.0,0.0
2019-02-28,3,0,160,0.0,0.0,0.0,0.0,0.0
2019-02-28,3,0,161,0.0,0.0,0.0,-0.0,0.0
2019-02-28,3,0,162,48.75,48.75,0.0,1131.088665,0.0
2019-02-28,3,0,163,185.4,185.4,0.0,-185400.0,0.0
2019-02-28,3,0,164,0.0,0.0,0.0,0.0,0.0
2019-02-28,3,0,167,0.0,0.0,0.0,0.0,0.0
2019-02-28,3,0,168,0.0,0.0,0.0,0.0,0.0
2019-02-28,3,0,169,0.0,0.0,0.0,0.0,0.0
2019-02-28,3,0,170,0.0,0.0,0.0,0.0,0.0
2019-02-28,3,0,172,0.0,0.0,0.0,0.0,0.0
2019-02-28,3,0,173,0.0,0.0,0.0,0.0,0.0
2019-02-28,3,0,188,0.0,0.0,0.0,0.0,0.0
2019-02-28,3,0,190,0.0,0.0,0.0,0.0,0.0
2019-02-28,3,0,191,0.0,0.0,0.0,0.0,0.0
2019-02-28,3,0,192,320.48,320.48,0.0,10392.383505,0.0
2019-02-28,3,0,194,150.25,150.25,0.0,-19623.982349,0.0
2019-02-28,3,0,196,0.0,0.0,0.0,0.0,0.0
2019-02-28,3,0,198,0.0,0.0,0.0,0.0,0.0
2019-02-28,3,0,199,8.69,8.69,0.0,-319.625748,0.0
2019-02-28,3,0,200,0.0,0.0,0.0,-0.0,0.0
2019-02-28,3,0,204,102.29,102.29,0.0,1220.624953,0.0
2019-02-28,3,0,205,155.56,155.56,0.0,1825.083375,0.0
2019-02-28,3,0,206,128.65,128.65,0.0,2088.841527,0.0
2019-02-28,3,0,210,0.0,0.0,0.0,0.0,0.0
2019-02-28,3,0,214,0.0,0.0,0.0,0.0,0.0
2019-02-28,3,0,217,0.0,0.0,0.0,0.0,0.0
2019-02-28,3,0,218,0.0,0.0,0.0,0.0,0.0
2019-02-28,3,0,219,0.0,0.0,0.0,0.0,0.0
2019-02-28,3,0,221,0.0,0.0,0.0,0.0,0.0
2019-02-28,3,0,225,0.0,0.0,0.0,0.0,0.0
2019-02-28,3,0,233,0.0,0.0,0.0,0.0,0.0
2019-02-28,3,0,236,19.26,19.26,0.0,171.122718,0.0
2019-02-28,3,0,237,18.07,18.07,0.0,176.73171,0.0
2019-02-28,3,0,238,0.0,0.0,0.0,0.0,0.0
2019-02-28,3,0,240,0.0,0.0,0.0,0.0,0.0
2019-02-28,3,0,245,18.36,18.36,0.0,145.040587,0.0
2019-02-28,3,0,247,23.64,23.64,0.0,186.751606,0.0
2019-02-28,3,0,248,1.81,1.81,0.0,17.702512,0.0
2019-02-28,3,0,249,35.32,35.32,0.0,279.021435,0.0
2019-02-28,3,0,251,106.45,106.45,0.0,879.188776,0.0
2019-02-28,3,0,252,67.48,67.48,0.0,551.028397,0.0
2019-02-28,3,0,254,0.0,0.0,0.0,0.0,0.0
2019-02-28,3,0,255,0.0,0.0,0.0,0.0,0.0
2019-02-28,3,0,258,0.0,0.0,0.0,0.0,0.0
2019-02-28,3,0,260,0.0,0.0,0.0,0.0,0.0
2019-02-28,3,0,265,0.0,0.0,0.0,0.0,0.0
2019-02-28,3,0,266,19.9,19.9,0.0,268.297867,0.0
2019-02-28,3,0,267,24.46,24.46,0.0,329.777177,0.0
2019-02-28,3,0,270,579.0,579.0,0.0,-579000.0,0.0
2019-02-28,3,0,272,237.5,237.5,0.0,-63172.114978,0.0
2019-02-28,3,0,273,0.0,0.0,0.0,-0.0,0.0
2019-02-28,3,0,274,746.4,746.4,0.0,-746400.0,0.0
2019-02-28,3,0,275,1039.0,1039.0,0.0,-1039000.0,0.0
2019-02-28,3,0,276,0.0,0.0,0.0,-0.0,0.0
2019-02-28,3,0,277,0.0,0.0,0.0,-0.0,0.0
2019-02-28,3,0,278,0.0,0.0,0.0,-0.0,0.0
2019-02-28,3,0,279,251.66,251.66,0.0,-70001.54968,0.0
2019-02-28,3,0,281,1.65,1.65,0.0,26.702687,0.0
2019-02-28,3,0,282,0.0,0.0,0.0,0.0,0.0
2019-02-28,4,0,9,0.0,0.0,0.0,0.0,0.0
2019-02-28,4,0,17,0.0,0.0,0.0,0.0,0.0
2019-02-28,4,0,19,170.73,170.73,0.0,1395.667504,0.0
2019-02-28,4,0,20,207.06,207.06,0.0,1692.654562,0.0
2019-02-28,4,0,21,0.0,0.0,0.0,0.0,0.0
2019-02-28,4,0,22,0.0,0.0,0.0,0.0,0.0
2019-02-28,4,0,23,47.94,47.94,0.0,764.119077,0.0
2019-02-28,4,0,24,79.23,79.23,0.0,1262.852617,0.0
2019-02-28,4,0,29,0.0,0.0,0.0,0.0,0.0
2019-02-28,4,0,30,0.0,0.0,0.0,0.0,0.0
2019-02-28,4,0,31,2.28,2.28,0.0,36.453344,0.0
2019-02-28,4,0,32,0.0,0.0,0.0,0.0,0.0
2019-02-28,4,0,33,0.0,0.0,0.0,0.0,0.0
2019-02-28,4,0,34,0.0,0.0,0.0,0.0,0.0
2019-02-28,4,0,35,0.0,0.0,0.0,0.0,0.0
2019-02-28,4,0,36,0.0,0.0,0.0,0.0,0.0
2019-02-28,4,0,37,0.0,0.0,0.0,0.0,0.0
2019-02-28,4,0,38,0.0,0.0,0.0,0.0,0.0
2019-02-28,4,0,39,0.0,0.0,0.0,0.0,0.0
2019-02-28,4,0,40,0.0,0.0,0.0,0.0,0.0
2019-02-28,4,0,41,23.11,23.11,0.0,309.083493,0.0
2019-02-28,4,0,42,0.0,0.0,0.0,0.0,0.0
2019-02-28,4,0,43,0.0,0.0,0.0,0.0,0.0
2019-02-28,4,0,46,0.0,0.0,0.0,0.0,0.0
2019-02-28,4,0,52,2.41,2.41,0.0,38.531824,0.0
2019-02-28,4,0,53,3.84,3.84,0.0,61.395106,0.0
2019-02-28,4,0,55,16.88,16.88,0.0,269.051523,0.0
2019-02-28,4,0,56,0.0,0.0,0.0,0.0,0.0
2019-02-28,4,0,57,0.0,0.0,0.0,0.0,0.0
2019-02-28,4,0,58,0.0,0.0,0.0,0.0,0.0
2019-02-28,4,0,59,0.0,0.0,0.0,0.0,0.0
2019-02-28,4,0,63,170.0,170.0,0.0,19242.779349,0.0
2019-02-28,4,0,64,200.0,200.0,0.0,22638.56394,0.0
2019-02-28,4,0,65,8.43,8.43,0.0,69.376677,0.0
2019-02-28,4,0,67,0.0,0.0,0.0,-0.0,0.0
2019-02-28,4,0,68,8.76,8.76,0.0,-3631.753389,0.0
2019-02-28,4,0,69,0.0,0.0,0.0,0.0,0.0
2019-02-28,4,0,74,6.27,6.27,0.0,61.396812,0.0
2019-02-28,4,0,77,120.77,120.77,0.0,-35617.917734,0.0
2019-02-28,4,0,78,91.3,91.3,0.0,-26926.520569,0.0
2019-02-28,4,0,79,52.84,52.84,0.0,-15583.760645,0.0
2019-02-28,4,0,80,85.44,85.44,0.0,-25198.268537,0.0
2019-02-28,4,0,81,111.71,111.71,0.0,-32945.910326,0.0
2019-02-28,4,0,82,78.8,78.8,0.0,-23239.976132,0.0
2019-02-28,4,0,83,175.72,175.72,0.0,-51823.96708,0.0
2019-02-28,4,0,84,0.0,0.0,0.0,0.0,0.0
2019-02-28,4,0,86,0.0,0.0,0.0,0.0,0.0
2019-02-28,4,0,87,0.0,0.0,0.0,0.0,0.0
2019-02-28,4,0,88,107.43,107.43,0.0,-31683.637511,0.0
2019-02-28,4,0,89,103.27,103.27,0.0,-30456.755522,0.0
2019-02-28,4,0,90,138.66,138.66,0.0,-40894.100132,0.0
2019-02-28,4,0,91,494.63,494.63,0.0,-145878.037996,0.0
2019-02-28,4,0,92,177.89,177.89,0.0,-52463.951194,0.0
2019-02-28,4,0,95,84.17,84.17,0.0,1887.910931,0.0
2019-02-28,4,0,96,8.57,8.57,0.0,137.460801,0.0
2019-02-28,4,0,97,52.68,52.68,0.0,844.974912,0.0
2019-02-28,4,0,99,1.21,1.21,0.0,11.848508,0.0
2019-02-28,4,0,101,0.0,0.0,0.0,0.0,0.0
2019-02-28,4,0,102,20.75,20.75,0.0,-8602.612194,0.0
2019-02-28,4,0,103,18.04,18.04,0.0,-7479.090312,0.0
2019-02-28,4,0,104,3.35,3.35,0.0,-1388.855463,0.0
2019-02-28,4,0,106,0.0,0.0,0.0,0.0,0.0
2019-02-28,4,0,109,26.17,26.17,0.0,305.692621,0.0
2019-02-28,4,0,110,166.85,166.85,0.0,-166850.0,0.0
2019-02-28,4,0,111,0.0,0.0,0.0,0.0,0.0
2019-02-28,4,0,113,32.87,32.87,0.0,-8695.454431,0.0
2019-02-28,4,0,115,32.87,32.87,0.0,-8695.454431,0.0
2019-02-28,4,0,116,0.0,0.0,0.0,-0.0,0.0
2019-02-28,4,0,117,2.19,2.19,0.0,-579.344241,0.0
2019-02-28,4,0,119,200.0,200.0,0.0,22638.56394,0.0
2019-02-28,4,0,120,117.6,117.6,0.0,13311.475597,0.0
2019-02-28,4,0,123,0.0,0.0,0.0,0.0,0.0
2019-02-28,4,0,125,72.7,72.7,0.0,1158.770482,0.0
2019-02-28,4,0,126,0.0,0.0,0.0,0.0,0.0
2019-02-28,4,0,127,0.0,0.0,0.0,0.0,0.0
2019-02-28,4,0,128,98.73,98.73,0.0,1573.664507,0.0
2019-02-28,4,0,131,25.54,25.54,0.0,-9605.508821,0.0
2019-02-28,4,0,132,37.54,37.54,0.0,-14118.6688,0.0
2019-02-28,4,0,133,34.1,34.1,0.0,278.580665,0.0
2019-02-28,4,0,134,0.0,0.0,0.0,0.0,0.0
2019-02-28,4,0,135,47.04,47.04,0.0,384.294267,0.0
2019-02-28,4,0,136,11.91,11.91,0.0,98.05214,0.0
2019-02-28,4,0,139,29.85,29.85,0.0,399.227272,0.0
2019-02-28,4,0,140,123.48,123.48,0.0,-123480.0,0.0
2019-02-28,4,0,141,121.72,121.72,0.0,-68004.068801,0.0
2019-02-28,4,0,142,0.0,0.0,0.0,-0.0,0.0
2019-02-28,4,0,143,5.09,5.09,0.0,81.380491,0.0
2019-02-28,4,0,145,5.29,5.29,0.0,76.120531,0.0
2019-02-28,4,0,146,28.52,28.52,0.0,-28520.0,0.0
2019-02-28,4,0,152,0.0,0.0,0.0,0.0,0.0
2019-02-28,4,0,153,0.0,0.0,0.0,0.0,0.0
2019-02-28,4,0,154,0.0,0.0,0.0,0.0,0.0
2019-02-28,4,0,157,17.44,17.44,0.0,-9743.599736,0.0
2019-02-28,4,0,158,0.0,0.0,0.0,-0.0,0.0
2019-02-28,4,0,159,0.0,0.0,0.0,0.0,0.0
2019-02-28,4,0,160,0.0,0.0,0.0,0.0,0.0
2019-02-28,4,0,161,0.0,0.0,0.0,-0.0,0.0
2019-02-28,4,0,162,48.75,48.75,0.0,1131.065326,0.0
2019-02-28,4,0,163,185.4,185.4,0.0,-185400.0,0.0
2019-02-28,4,0,164,0.0,0.0,0.0,0.0,0.0
2019-02-28,4,0,167,0.0,0.0,0.0,0.0,0.0
2019-02-28,4,0,168,0.0,0.0,0.0,0.0,0.0
2019-02-28,4,0,169,0.0,0.0,0.0,0.0,0.0
2019-02-28,4,0,170,0.0,0.0,0.0,0.0,0.0
2019-02-28,4,0,172,0.0,0.0,0.0,0.0,0.0
2019-02-28,4,0,173,0.0,0.0,0.0,0.0,0.0
2019-02-28,4,0,188,0.0,0.0,0.0,0.0,0.0
2019-02-28,4,0,190,0.0,0.0,0.0,0.0,0.0
2019-02-28,4,0,191,0.0,0.0,0.0,0.0,0.0
2019-02-28,4,0,192,285.43,285.43,0.0,9255.797628,0.0
2019-02-28,4,0,194,166.75,166.75,0.0,-21498.183911,0.0
2019-02-28,4,0,196,0.0,0.0,0.0,0.0,0.0
2019-02-28,4,0,198,0.0,0.0,0.0,0.0,0.0
2019-02-28,4,0,199,9.52,9.52,0.0,-343.47903,0.0
2019-02-28,4,0,200,0.0,0.0,0.0,-0.0,0.0
2019-02-28,4,0,204,84.51,84.51,0.0,1003.572297,0.0
2019-02-28,4,0,205,138.44,138.44,0.0,1617.122144,0.0
2019-02-28,4,0,206,154.8,154.8,0.0,2482.955891,0.0
2019-02-28,4,0,210,0.0,0.0,0.0,0.0,0.0
2019-02-28,4,0,214,0.0,0.0,0.0,0.0,0.0
2019-02-28,4,0,217,0.0,0.0,0.0,0.0,0.0
2019-02-28,4,0,218,0.0,0.0,0.0,0.0,0.0
2019-02-28,4,0,219,0.0,0.0,0.0,0.0,0.0
2019-02-28,4,0,221,0.0,0.0,0.0,0.0,0.0
2019-02-28,4,0,225,0.0,0.0,0.0,0.0,0.0
2019-02-28,4,0,233,0.0,0.0,0.0,0.0,0.0
2019-02-28,4,0,236,13.51,13.51,0.0,120.584509,0.0
2019-02-28,4,0,237,15.03,15.03,0.0,147.176089,0.0
2019-02-28,4,0,238,0.0,0.0,0.0,0.0,0.0
2019-02-28,4,0,240,0.0,0.0,0.0,0.0,0.0
2019-02-28,4,0,245,18.18,18.18,0.0,144.937179,0.0
2019-02-28,4,0,247,21.05,21.05,0.0,167.8178,0.0
2019-02-28,4,0,248,1.51,1.51,0.0,14.786154,0.0
2019-02-28,4,0,249,34.96,34.96,0.0,278.713078,0.0
2019-02-28,4,0,251,89.95,89.95,0.0,748.391861,0.0
2019-02-28,4,0,252,54.38,54.38,0.0,447.53306,0.0
2019-02-28,4,0,254,0.0,0.0,0.0,0.0,0.0
2019-02-28,4,0,255,0.0,0.0,0.0,0.0,0.0
2019-02-28,4,0,258,0.0,0.0,0.0,0.0,0.0
2019-02-28,4,0,260,0.0,0.0,0.0,0.0,0.0
2019-02-28,4,0,265,0.0,0.0,0.0,0.0,0.0
2019-02-28,4,0,266,19.33,19.33,0.0,258.528079,0.0
2019-02-28,4,0,267,23.75,23.75,0.0,317.643139,0.0
2019-02-28,4,0,270,579.0,579.0,0.0,-579000.0,0.0
2019-02-28,4,0,272,109.86,109.86,0.0,-29062.446723,0.0
2019-02-28,4,0,273,0.0,0.0,0.0,-0.0,0.0
2019-02-28,4,0,274,746.4,746.4,0.0,-746400.0,0.0
2019-02-28,4,0,275,1039.0,1039.0,0.0,-1039000.0,0.0
2019-02-28,4,0,276,0.0,0.0,0.0,-0.0,0.0
2019-02-28,4,0,277,0.0,0.0,0.0,-0.0,0.0
2019-02-28,4,0,278,0.0,0.0,0.0,-0.0,0.0
2019-02-28,4,0,279,245.23,245.23,0.0,-67860.464067,0.0
2019-02-28,4,0,281,1.02,1.02,0.0,16.308075,0.0
2019-02-28,4,0,282,0.0,0.0,0.0,0.0,0.0
2019-02-28,5,0,9,0.0,0.0,0.0,0.0,0.0
2019-02-28,5,0,17,0.0,0.0,0.0,0.0,0.0
2019-02-28,5,0,19,106.61,106.61,0.0,889.607876,0.0
2019-02-28,5,0,20,129.3,129.3,0.0,1078.944736,0.0
2019-02-28,5,0,21,0.0,0.0,0.0,0.0,0.0
2019-02-28,5,0,22,0.0,0.0,0.0,0.0,0.0
2019-02-28,5,0,23,50.07,50.07,0.0,865.397624,0.0
2019-02-28,5,0,24,88.59,88.59,0.0,1531.167876,0.0
2019-02-28,5,0,29,0.0,0.0,0.0,0.0,0.0
2019-02-28,5,0,30,0.0,0.0,0.0,0.0,0.0
2019-02-28,5,0,31,1.0,1.0,0.0,17.340443,0.0
2019-02-28,5,0,32,0.0,0.0,0.0,0.0,0.0
2019-02-28,5,0,33,0.0,0.0,0.0,0.0,0.0
2019-02-28,5,0,34,0.0,0.0,0.0,0.0,0.0
2019-02-28,5,0,35,0.0,0.0,0.0,0.0,0.0
2019-02-28,5,0,36,0.0,0.0,0.0,0.0,0.0
2019-02-28,5,0,37,0.0,0.0,0.0,0.0,0.0
2019-02-28,5,0,38,0.0,0.0,0.0,0.0,0.0
2019-02-28,5,0,39,0.0,0.0,0.0,0.0,0.0
2019-02-28,5,0,40,0.0,0.0,0.0,0.0,0.0
2019-02-28,5,0,41,18.57,18.57,0.0,266.127785,0.0
2019-02-28,5,0,42,0.0,0.0,0.0,0.0,0.0
2019-02-28,5,0,43,0.0,0.0,0.0,0.0,0.0
2019-02-28,5,0,46,0.0,0.0,0.0,0.0,0.0
2019-02-28,5,0,52,1.06,1.06,0.0,18.38087,0.0
2019-02-28,5,0,53,1.69,1.69,0.0,29.305349,0.0
2019-02-28,5,0,55,0.0,0.0,0.0,0.0,0.0
2019-02-28,5,0,56,0.0,0.0,0.0,0.0,0.0
2019-02-28,5,0,57,0.0,0.0,0.0,0.0,0.0
2019-02-28,5,0,58,0.0,0.0,0.0,0.0,0.0
2019-02-28,5,0,59,0.0,0.0,0.0,0.0,0.0
2019-02-28,5,0,63,170.0,170.0,0.0,20526.589729,0.0
2019-02-28,5,0,64,200.0,200.0,0.0,24148.929093,0.0
2019-02-28,5,0,65,5.82,5.82,0.0,48.933772,0.0
2019-02-28,5,0,67,0.0,0.0,0.0,-0.0,0.0
2019-02-28,5,0,68,8.52,8.52,0.0,-3502.725291,0.0
2019-02-28,5,0,69,0.0,0.0,0.0,0.0,0.0
2019-02-28,5,0,74,4.77,4.77,0.0,48.685979,0.0
2019-02-28,5,0,77,127.03,127.03,0.0,-36939.766927,0.0
2019-02-28,5,0,78,96.03,96.03,0.0,-27925.102874,0.0
2019-02-28,5,0,79,55.57,55.57,0.0,-16159.512305,0.0
2019-02-28,5,0,80,89.87,89.87,0.0,-26133.801887,0.0
2019-02-28,5,0,81,117.5,117.5,0.0,-34168.48472,0.0
2019-02-28,5,0,82,82.89,82.89,0.0,-24104.048497,0.0
2019-02-28,5,0,83,184.83,184.83,0.0,-53747.753453,0.0
2019-02-28,5,0,84,0.0,0.0,0.0,0.0,0.0
2019-02-28,5,0,86,0.0,0.0,0.0,0.0,0.0
2019-02-28,5,0,87,0.0,0.0,0.0,0.0,0.0
2019-02-28,5,0,88,115.41,115.41,0.0,-33560.721885,0.0
2019-02-28,5,0,89,110.94,110.94,0.0,-32260.865488,0.0
2019-02-28,5,0,90,148.96,148.96,0.0,-43316.914756,0.0
2019-02-28,5,0,91,531.39,531.39,0.0,-154525.881662,0.0
2019-02-28,5,0,92,191.11,191.11,0.0,-55573.949913,0.0
2019-02-28,5,0,95,36.0,36.0,0.0,914.892964,0.0
2019-02-28,5,0,96,7.69,7.69,0.0,133.803598,0.0
2019-02-28,5,0,97,47.27,47.27,0.0,822.483235,0.0
2019-02-28,5,0,99,0.92,0.92,0.0,9.390168,0.0
2019-02-28,5,0,101,0.0,0.0,0.0,0.0,0.0
2019-02-28,5,0,102,20.17,20.17,0.0,-8292.249896,0.0
2019-02-28,5,0,103,17.54,17.54,0.0,-7211.009577,0.0
2019-02-28,5,0,104,3.26,3.26,0.0,-1340.244653,0.0
2019-02-28,5,0,106,0.0,0.0,0.0,0.0,0.0
2019-02-28,5,0,109,16.89,16.89,0.0,209.121873,0.0
2019-02-28,5,0,110,116.92,116.92,0.0,-116920.0,0.0
2019-02-28,5,0,111,0.0,0.0,0.0,0.0,0.0
2019-02-28,5,0,113,81.82,81.82,0.0,-21279.847414,0.0
2019-02-28,5,0,115,81.82,81.82,0.0,-21279.847414,0.0
2019-02-28,5,0,116,0.0,0.0,0.0,-0.0,0.0
2019-02-28,5,0,117,3.94,3.94,0.0,-1024.720103,0.0
2019-02-28,5,0,119,200.0,200.0,0.0,24148.929093,0.0
2019-02-28,5,0,120,117.6,117.6,0.0,14199.570307,0.0
2019-02-28,5,0,123,0.0,0.0,0.0,0.0,0.0
2019-02-28,5,0,125,80.16,80.16,0.0,1385.465819,0.0
2019-02-28,5,0,126,0.0,0.0,0.0,0.0,0.0
2019-02-28,5,0,127,0.0,0.0,0.0,0.0,0.0
2019-02-28,5,0,128,114.82,114.82,0.0,1984.520776,0.0
2019-02-28,5,0,131,25.35,25.35,0.0,-9440.418306,0.0
2019-02-28,5,0,132,37.26,37.26,0.0,-13875.739097,0.0
2019-02-28,5,0,133,8.53,8.53,0.0,71.127726,0.0
2019-02-28,5,0,134,0.0,0.0,0.0,0.0,0.0
2019-02-28,5,0,135,12.16,12.16,0.0,101.396617,0.0
2019-02-28,5,0,136,9.68,9.68,0.0,81.421798,0.0
2019-02-28,5,0,139,23.98,23.98,0.0,343.65882,0.0
2019-02-28,5,0,140,86.54,86.54,0.0,-86540.0,0.0
2019-02-28,5,0,141,94.96,94.96,0.0,-52805.362279,0.0
2019-02-28,5,0,142,0.0,0.0,0.0,-0.0,0.0
2019-02-28,5,0,143,5.67,5.67,0.0,98.320313,0.0
2019-02-28,5,0,145,4.59,4.59,0.0,71.143731,0.0
2019-02-28,5,0,146,14.54,14.54,0.0,-14540.0,0.0
2019-02-28,5,0,152,0.0,0.0,0.0,0.0,0.0
2019-02-28,5,0,153,0.0,0.0,0.0,0.0,0.0
2019-02-28,5,0,154,0.0,0.0,0.0,0.0,0.0
2019-02-28,5,0,157,6.88,6.88,0.0,-3825.830797,0.0
2019-02-28,5,0,158,0.0,0.0,0.0,-0.0,0.0
2019-02-28,5,0,159,0.0,0.0,0.0,0.0,0.0
2019-02-28,5,0,160,0.0,0.0,0.0,0.0,0.0
2019-02-28,5,0,161,0.0,0.0,0.0,-0.0,0.0
2019-02-28,5,0,162,48.75,48.75,0.0,1275.604327,0.0
2019-02-28,5,0,163,185.4,185.4,0.0,-185400.0,0.0
2019-02-28,5,0,164,0.0,0.0,0.0,0.0,0.0
2019-02-28,5,0,167,0.0,0.0,0.0,0.0,0.0
2019-02-28,5,0,168,0.0,0.0,0.0,0.0,0.0
2019-02-28,5,0,169,0.0,0.0,0.0,0.0,0.0
2019-02-28,5,0,170,0.0,0.0,0.0,0.0,0.0
2019-02-28,5,0,172,0.0,0.0,0.0,0.0,0.0
2019-02-28,5,0,173,0.0,0.0,0.0,0.0,0.0
2019-02-28,5,0,188,0.0,0.0,0.0,0.0,0.0
2019-02-28,5,0,190,0.0,0.0,0.0,0.0,0.0
2019-02-28,5,0,191,0.0,0.0,0.0,0.0,0.0
2019-02-28,5,0,192,254.49,254.49,0.0,8252.489011,0.0
2019-02-28,5,0,194,176.5,176.5,0.0,-21801.410778,0.0
2019-02-28,5,0,196,0.0,0.0,0.0,0.0,0.0
2019-02-28,5,0,198,0.0,0.0,0.0,0.0,0.0
2019-02-28,5,0,199,16.57,16.57,0.0,-583.460842,0.0
2019-02-28,5,0,200,0.0,0.0,0.0,-0.0,0.0
2019-02-28,5,0,204,49.62,49.62,0.0,625.457038,0.0
2019-02-28,5,0,205,89.33,89.33,0.0,1106.030604,0.0
2019-02-28,5,0,206,138.89,138.89,0.0,2416.642618,0.0
2019-02-28,5,0,210,0.0,0.0,0.0,0.0,0.0
2019-02-28,5,0,214,0.0,0.0,0.0,0.0,0.0
2019-02-28,5,0,217,0.0,0.0,0.0,0.0,0.0
2019-02-28,5,0,218,0.0,0.0,0.0,0.0,0.0
2019-02-28,5,0,219,0.0,0.0,0.0,0.0,0.0
2019-02-28,5,0,221,0.0,0.0,0.0,0.0,0.0
2019-02-28,5,0,225,0.0,0.0,0.0,0.0,0.0
2019-02-28,5,0,233,0.0,0.0,0.0,0.0,0.0
2019-02-28,5,0,236,8.96,8.96,0.0,82.512594,0.0
2019-02-28,5,0,237,11.45,11.45,0.0,116.866763,0.0
2019-02-28,5,0,238,0.0,0.0,0.0,0.0,0.0
2019-02-28,5,0,240,0.0,0.0,0.0,0.0,0.0
2019-02-28,5,0,245,10.07,10.07,0.0,81.683027,0.0
2019-02-28,5,0,247,11.87,11.87,0.0,96.283767,0.0
2019-02-28,5,0,248,1.15,1.15,0.0,11.73771,0.0
2019-02-28,5,0,249,19.37,19.37,0.0,157.120183,0.0
2019-02-28,5,0,251,55.21,55.21,0.0,469.941298,0.0
2019-02-28,5,0,252,37.57,37.57,0.0,315.88347,0.0
2019-02-28,5,0,254,0.0,0.0,0.0,0.0,0.0
2019-02-28,5,0,255,0.0,0.0,0.0,0.0,0.0
2019-02-28,5,0,258,0.0,0.0,0.0,0.0,0.0
2019-02-28,5,0,260,0.0,0.0,0.0,0.0,0.0
2019-02-28,5,0,265,0.0,0.0,0.0,0.0,0.0
2019-02-28,5,0,266,15.53,15.53,0.0,222.561363,0.0
2019-02-28,5,0,267,19.08,19.08,0.0,273.436626,0.0
2019-02-28,5,0,270,579.0,579.0,0.0,-579000.0,0.0
2019-02-28,5,0,272,281.28,281.28,0.0,-73155.652416,0.0
2019-02-28,5,0,273,0.0,0.0,0.0,-0.0,0.0
2019-02-28,5,0,274,746.4,746.4,0.0,-746400.0,0.0
2019-02-28,5,0,275,1039.0,1039.0,0.0,-1039000.0,0.0
2019-02-28,5,0,276,0.0,0.0,0.0,-0.0,0.0
2019-02-28,5,0,277,0.0,0.0,0.0,-0.0,0.0
2019-02-28,5,0,278,0.0,0.0,0.0,-0.0,0.0
2019-02-28,5,0,279,248.19,248.19,0.0,-67605.74758,0.0
2019-02-28,5,0,281,0.45,0.45,0.0,7.803199,0.0
2019-02-28,5,0,282,0.0,0.0,0.0,0.0,0.0
2019-02-28,6,0,9,0.0,0.0,0.0,0.0,0.0
2019-02-28,6,0,17,0.0,0.0,0.0,0.0,0.0
2019-02-28,6,0,19,63.0,63.0,0.0,606.943202,0.0
2019-02-28,6,0,20,76.41,76.41,0.0,736.135398,0.0
2019-02-28,6,0,21,0.0,0.0,0.0,0.0,0.0
2019-02-28,6,0,22,0.0,0.0,0.0,0.0,0.0
2019-02-28,6,0,23,49.5,49.5,0.0,913.170429,0.0
2019-02-28,6,0,24,87.58,87.58,0.0,1615.665983,0.0
2019-02-28,6,0,29,0.0,0.0,0.0,0.0,0.0
2019-02-28,6,0,30,0.0,0.0,0.0,0.0,0.0
2019-02-28,6,0,31,0.0,0.0,0.0,0.0,0.0
2019-02-28,6,0,32,0.0,0.0,0.0,0.0,0.0
2019-02-28,6,0,33,0.0,0.0,0.0,0.0,0.0
2019-02-28,6,0,34,0.0,0.0,0.0,0.0,0.0
2019-02-28,6,0,35,0.0,0.0,0.0,0.0,0.0
2019-02-28,6,0,36,0.0,0.0,0.0,0.0,0.0
2019-02-28,6,0,37,0.0,0.0,0.0,0.0,0.0
2019-02-28,6,0,38,0.0,0.0,0.0,0.0,0.0
2019-02-28,6,0,39,0.0,0.0,0.0,0.0,0.0
2019-02-28,6,0,40,0.0,0.0,0.0,0.0,0.0
2019-02-28,6,0,41,15.77,15.77,0.0,245.012279,0.0
2019-02-28,6,0,42,0.0,0.0,0.0,0.0,0.0
2019-02-28,6,0,43,0.0,0.0,0.0,0.0,0.0
2019-02-28,6,0,46,0.0,0.0,0.0,0.0,0.0
2019-02-28,6,0,52,0.0,0.0,0.0,0.0,0.0
2019-02-28,6,0,53,0.0,0.0,0.0,0.0,0.0
2019-02-28,6,0,55,6.94,6.94,0.0,128.028339,0.0
2019-02-28,6,0,56,0.0,0.0,0.0,0.0,0.0
2019-02-28,6,0,57,0.0,0.0,0.0,0.0,0.0
2019-02-28,6,0,58,0.0,0.0,0.0,0.0,0.0
2019-02-28,6,0,59,0.0,0.0,0.0,0.0,0.0
2019-02-28,6,0,63,170.0,170.0,0.0,21274.788762,0.0
2019-02-28,6,0,64,200.0,200.0,0.0,25029.16325,0.0
2019-02-28,6,0,65,3.98,3.98,0.0,38.592023,0.0
2019-02-28,6,0,67,0.0,0.0,0.0,-0.0,0.0
2019-02-28,6,0,68,8.43,8.43,0.0,-3446.004307,0.0
2019-02-28,6,0,69,0.0,0.0,0.0,0.0,0.0
2019-02-28,6,0,74,3.73,3.73,0.0,42.783464,0.0
2019-02-28,6,0,77,137.87,137.87,0.0,-39702.664997,0.0
2019-02-28,6,0,78,104.23,104.23,0.0,-30015.29537,0.0
2019-02-28,6,0,79,60.32,60.32,0.0,-17370.455883,0.0
2019-02-28,6,0,80,97.54,97.54,0.0,-28088.764371,0.0
2019-02-28,6,0,81,127.53,127.53,0.0,-36725.037115,0.0
2019-02-28,6,0,82,89.96,89.96,0.0,-25905.938516,0.0
2019-02-28,6,0,83,200.6,200.6,0.0,-57767.132795,0.0
2019-02-28,6,0,84,0.0,0.0,0.0,0.0,0.0
2019-02-28,6,0,86,0.0,0.0,0.0,0.0,0.0
2019-02-28,6,0,87,0.0,0.0,0.0,0.0,0.0
2019-02-28,6,0,88,128.32,128.32,0.0,-36952.534797,0.0
2019-02-28,6,0,89,123.35,123.35,0.0,-35521.315206,0.0
2019-02-28,6,0,90,165.62,165.62,0.0,-47693.881024,0.0
2019-02-28,6,0,91,590.81,590.81,0.0,-170136.588866,0.0
2019-02-28,6,0,92,212.48,212.48,0.0,-61188.23717,0.0
2019-02-28,6,0,95,36.0,36.0,0.0,914.892964,0.0
2019-02-28,6,0,96,7.16,7.16,0.0,132.905308,0.0
2019-02-28,6,0,97,44.01,44.01,0.0,816.92215,0.0
2019-02-28,6,0,99,0.72,0.72,0.0,8.25847,0.0
2019-02-28,6,0,101,0.0,0.0,0.0,0.0,0.0
2019-02-28,6,0,102,19.96,19.96,0.0,-8159.222534,0.0
2019-02-28,6,0,103,17.36,17.36,0.0,-7096.397956,0.0
2019-02-28,6,0,104,3.22,3.22,0.0,-1316.267363,0.0
2019-02-28,6,0,106,0.0,0.0,0.0,0.0,0.0
2019-02-28,6,0,109,11.07,11.07,0.0,150.710226,0.0
2019-02-28,6,0,110,79.52,79.52,0.0,-79520.0,0.0
2019-02-28,6,0,111,0.0,0.0,0.0,0.0,0.0
2019-02-28,6,0,113,114.54,114.54,0.0,-29454.761204,0.0
2019-02-28,6,0,115,114.54,114.54,0.0,-29454.761204,0.0
2019-02-28,6,0,116,0.0,0.0,0.0,-0.0,0.0
2019-02-28,6,0,117,4.54,4.54,0.0,-1167.492718,0.0
2019-02-28,6,0,119,200.0,200.0,0.0,25029.16325,0.0
2019-02-28,6,0,120,117.6,117.6,0.0,14717.147991,0.0
2019-02-28,6,0,123,0.0,0.0,0.0,0.0,0.0
2019-02-28,6,0,125,79.25,79.25,0.0,1461.99508,0.0
2019-02-28,6,0,126,0.0,0.0,0.0,0.0,0.0
2019-02-28,6,0,127,0.0,0.0,0.0,0.0,0.0
2019-02-28,6,0,128,113.51,113.51,0.0,2094.019704,0.0
2019-02-28,6,0,131,25.72,25.72,0.0,-9514.084891,0.0
2019-02-28,6,0,132,37.81,37.81,0.0,-13986.296645,0.0
2019-02-28,6,0,133,3.44,3.44,0.0,33.120779,0.0
2019-02-28,6,0,134,0.0,0.0,0.0,0.0,0.0
2019-02-28,6,0,135,4.6,4.6,0.0,44.289414,0.0
2019-02-28,6,0,136,7.77,7.77,0.0,75.368359,0.0
2019-02-28,6,0,139,20.36,20.36,0.0,316.325301,0.0
2019-02-28,6,0,140,58.86,58.86,0.0,-58860.0,0.0
2019-02-28,6,0,141,75.58,75.58,0.0,-41895.24903,0.0
2019-02-28,6,0,142,0.0,0.0,0.0,-0.0,0.0
2019-02-28,6,0,143,5.3,5.3,0.0,98.070036,0.0
2019-02-28,6,0,145,4.47,4.47,0.0,74.599285,0.0
2019-02-28,6,0,146,6.82,6.82,0.0,-6820.0,0.0
2019-02-28,6,0,152,0.0,0.0,0.0,0.0,0.0
2019-02-28,6,0,153,0.0,0.0,0.0,0.0,0.0
2019-02-28,6,0,154,0.0,0.0,0.0,0.0,0.0
2019-02-28,6,0,157,0.0,0.0,0.0,-0.0,0.0
2019-02-28,6,0,158,0.0,0.0,0.0,-0.0,0.0
2019-02-28,6,0,159,0.0,0.0,0.0,0.0,0.0
2019-02-28,6,0,160,0.0,0.0,0.0,0.0,0.0
2019-02-28,6,0,161,0.0,0.0,0.0,-0.0,0.0
2019-02-28,6,0,162,48.75,48.75,0.0,1275.336688,0.0
2019-02-28,6,0,163,179.43,179.43,0.0,-179430.0,0.0
2019-02-28,6,0,164,0.0,0.0,0.0,0.0,0.0
2019-02-28,6,0,167,0.0,0.0,0.0,0.0,0.0
2019-02-28,6,0,168,0.0,0.0,0.0,0.0,0.0
2019-02-28,6,0,169,0.0,0.0,0.0,0.0,0.0
2019-02-28,6,0,170,0.0,0.0,0.0,0.0,0.0
2019-02-28,6,0,172,0.0,0.0,0.0,0.0,0.0
2019-02-28,6,0,173,0.0,0.0,0.0,0.0,0.0
2019-02-28,6,0,188,0.0,0.0,0.0,0.0,0.0
2019-02-28,6,0,190,0.0,0.0,0.0,0.0,0.0
2019-02-28,6,0,191,0.0,0.0,0.0,0.0,0.0
2019-02-28,6,0,192,230.58,230.58,0.0,28856.122311,0.0
2019-02-28,6,0,194,176.5,176.5,0.0,-21193.091575,0.0
2019-02-28,6,0,196,0.0,0.0,0.0,0.0,0.0
2019-02-28,6,0,198,0.0,0.0,0.0,0.0,0.0
2019-02-28,6,0,199,27.5,27.5,0.0,-913.657794,0.0
2019-02-28,6,0,200,0.0,0.0,0.0,-0.0,0.0
2019-02-28,6,0,204,27.72,27.72,0.0,383.497735,0.0
2019-02-28,6,0,205,58.54,58.54,0.0,796.980723,0.0
2019-02-28,6,0,206,129.31,129.31,0.0,2400.277284,0.0
2019-02-28,6,0,210,0.0,0.0,0.0,0.0,0.0
2019-02-28,6,0,214,0.0,0.0,0.0,0.0,0.0
2019-02-28,6,0,217,0.0,0.0,0.0,0.0,0.0
2019-02-28,6,0,218,0.0,0.0,0.0,0.0,0.0
2019-02-28,6,0,219,0.0,0.0,0.0,0.0,0.0
2019-02-28,6,0,221,0.0,0.0,0.0,0.0,0.0
2019-02-28,6,0,225,0.0,0.0,0.0,0.0,0.0
2019-02-28,6,0,233,0.0,0.0,0.0,0.0,0.0
2019-02-28,6,0,236,6.27,6.27,0.0,65.749615,0.0
2019-02-28,6,0,237,8.95,8.95,0.0,102.657374,0.0
2019-02-28,6,0,238,0.0,0.0,0.0,0.0,0.0
2019-02-28,6,0,240,0.0,0.0,0.0,0.0,0.0
2019-02-28,6,0,245,5.07,5.07,0.0,47.679812,0.0
2019-02-28,6,0,247,6.68,6.68,0.0,62.820738,0.0
2019-02-28,6,0,248,0.9,0.9,0.0,10.323088,0.0
2019-02-28,6,0,249,9.74,9.74,0.0,91.597903,0.0
2019-02-28,6,0,251,31.87,31.87,0.0,312.295784,0.0
2019-02-28,6,0,252,25.67,25.67,0.0,248.90885,0.0
2019-02-28,6,0,254,0.0,0.0,0.0,0.0,0.0
2019-02-28,6,0,255,0.0,0.0,0.0,0.0,0.0
2019-02-28,6,0,258,0.0,0.0,0.0,0.0,0.0
2019-02-28,6,0,260,0.0,0.0,0.0,0.0,0.0
2019-02-28,6,0,265,0.0,0.0,0.0,0.0,0.0
2019-02-28,6,0,266,13.19,13.19,0.0,204.927835,0.0
2019-02-28,6,0,267,16.2,16.2,0.0,251.69302,0.0
2019-02-28,6,0,270,560.36,560.36,0.0,-560360.0,0.0
2019-02-28,6,0,272,404.18,404.18,0.0,-103937.710698,0.0
2019-02-28,6,0,273,0.0,0.0,0.0,-0.0,0.0
2019-02-28,6,0,274,722.37,722.37,0.0,-722370.0,0.0
2019-02-28,6,0,275,1005.55,1005.55,0.0,-1005550.0,0.0
2019-02-28,6,0,276,0.0,0.0,0.0,-0.0,0.0
2019-02-28,6,0,277,0.0,0.0,0.0,-0.0,0.0
2019-02-28,6,0,278,0.0,0.0,0.0,-0.0,0.0
2019-02-28,6,0,279,255.32,255.32,0.0,-68811.579618,0.0
2019-02-28,6,0,281,0.0,0.0,0.0,0.0,0.0
2019-02-28,6,0,282,0.0,0.0,0.0,0.0,0.0
2019-02-28,7,0,9,0.0,0.0,0.0,0.0,0.0
2019-02-28,7,0,17,0.0,0.0,0.0,0.0,0.0
2019-02-28,7,0,19,35.0,35.0,0.0,461.558865,0.0
2019-02-28,7,0,20,42.45,42.45,0.0,559.804966,0.0
2019-02-28,7,0,21,0.0,0.0,0.0,0.0,0.0
2019-02-28,7,0,22,0.0,0.0,0.0,0.0,0.0
2019-02-28,7,0,23,51.02,51.02,0.0,579.800207,0.0
2019-02-28,7,0,24,90.26,90.26,0.0,1025.730434,0.0
2019-02-28,7,0,29,0.0,0.0,0.0,0.0,0.0
2019-02-28,7,0,30,0.0,0.0,0.0,0.0,0.0
2019-02-28,7,0,31,0.0,0.0,0.0,0.0,0.0
2019-02-28,7,0,32,0.0,0.0,0.0,0.0,0.0
2019-02-28,7,0,33,0.0,0.0,0.0,0.0,0.0
2019-02-28,7,0,34,0.0,0.0,0.0,0.0,0.0
2019-02-28,7,0,35,0.0,0.0,0.0,0.0,0.0
2019-02-28,7,0,36,0.0,0.0,0.0,0.0,0.0
2019-02-28,7,0,37,0.0,0.0,0.0,0.0,0.0
2019-02-28,7,0,38,0.0,0.0,0.0,0.0,0.0
2019-02-28,7,0,39,0.0,0.0,0.0,0.0,0.0
2019-02-28,7,0,40,0.0,0.0,0.0,0.0,0.0
2019-02-28,7,0,41,10.81,10.81,0.0,127.124084,0.0
2019-02-28,7,0,42,0.0,0.0,0.0,0.0,0.0
2019-02-28,7,0,43,0.0,0.0,0.0,0.0,0.0
2019-02-28,7,0,46,0.0,0.0,0.0,0.0,0.0
2019-02-28,7,0,52,0.0,0.0,0.0,0.0,0.0
2019-02-28,7,0,53,0.0,0.0,0.0,0.0,0.0
2019-02-28,7,0,55,30.62,30.62,0.0,347.971038,0.0
2019-02-28,7,0,56,0.0,0.0,0.0,0.0,0.0
2019-02-28,7,0,57,0.0,0.0,0.0,0.0,0.0
2019-02-28,7,0,58,0.0,0.0,0.0,0.0,0.0
2019-02-28,7,0,59,0.0,0.0,0.0,0.0,0.0
2019-02-28,7,0,63,170.0,170.0,0.0,6917.853149,0.0
2019-02-28,7,0,64,200.0,200.0,0.0,8138.650763,0.0
2019-02-28,7,0,65,2.77,2.77,0.0,36.463121,0.0
2019-02-28,7,0,67,0.0,0.0,0.0,-0.0,0.0
2019-02-28,7,0,68,8.44,8.44,0.0,-609.37842,0.0
2019-02-28,7,0,69,0.0,0.0,0.0,0.0,0.0
2019-02-28,7,0,74,3.16,3.16,0.0,39.611075,0.0
2019-02-28,7,0,77,153.39,153.39,0.0,-7127.884744,0.0
2019-02-28,7,0,78,115.97,115.97,0.0,-5389.013585,0.0
2019-02-28,7,0,79,67.11,67.11,0.0,-3118.536705,0.0
2019-02-28,7,0,80,108.53,108.53,0.0,-5043.28399,0.0
2019-02-28,7,0,81,141.89,141.89,0.0,-6593.490882,0.0
2019-02-28,7,0,82,100.09,100.09,0.0,-4651.085364,0.0
2019-02-28,7,0,83,223.19,223.19,0.0,-10371.423144,0.0
2019-02-28,7,0,84,0.0,0.0,0.0,0.0,0.0
2019-02-28,7,0,86,0.0,0.0,0.0,0.0,0.0
2019-02-28,7,0,87,0.0,0.0,0.0,0.0,0.0
2019-02-28,7,0,88,146.31,146.31,0.0,-6798.884001,0.0
2019-02-28,7,0,89,140.65,140.65,0.0,-6535.869283,0.0
2019-02-28,7,0,90,188.85,188.85,0.0,-8775.676602,0.0
2019-02-28,7,0,91,673.68,673.68,0.0,-31305.257151,0.0
2019-02-28,7,0,92,242.29,242.29,0.0,-11258.981646,0.0
2019-02-28,7,0,95,36.0,36.0,0.0,914.892964,0.0
2019-02-28,7,0,96,6.92,6.92,0.0,78.549834,0.0
2019-02-28,7,0,97,42.55,42.55,0.0,482.990671,0.0
2019-02-28,7,0,99,0.61,0.61,0.0,7.646442,0.0
2019-02-28,7,0,101,0.0,0.0,0.0,0.0,0.0
2019-02-28,7,0,102,19.99,19.99,0.0,-1443.302679,0.0
2019-02-28,7,0,103,17.38,17.38,0.0,-1254.857457,0.0
2019-02-28,7,0,104,3.23,3.23,0.0,-233.209988,0.0
2019-02-28,7,0,106,0.0,0.0,0.0,0.0,0.0
2019-02-28,7,0,109,7.99,7.99,0.0,94.807655,0.0
2019-02-28,7,0,110,53.88,53.88,0.0,-10644.642289,0.0
2019-02-28,7,0,111,0.0,0.0,0.0,0.0,0.0
2019-02-28,7,0,113,69.36,69.36,0.0,-2796.477626,0.0
2019-02-28,7,0,115,69.36,69.36,0.0,-2796.477626,0.0
2019-02-28,7,0,116,0.0,0.0,0.0,-0.0,0.0
2019-02-28,7,0,117,2.84,2.84,0.0,-114.503986,0.0
2019-02-28,7,0,119,200.0,200.0,0.0,8138.650763,0.0
2019-02-28,7,0,120,117.6,117.6,0.0,4785.526649,0.0
2019-02-28,7,0,123,0.0,0.0,0.0,0.0,0.0
2019-02-28,7,0,125,81.68,81.68,0.0,928.225812,0.0
2019-02-28,7,0,126,0.0,0.0,0.0,0.0,0.0
2019-02-28,7,0,127,0.0,0.0,0.0,0.0,0.0
2019-02-28,7,0,128,116.99,116.99,0.0,1329.494831,0.0
2019-02-28,7,0,131,26.5,26.5,0.0,-1694.930265,0.0
2019-02-28,7,0,132,38.96,38.96,0.0,-2491.867288,0.0
2019-02-28,7,0,133,1.37,1.37,0.0,18.069807,0.0
2019-02-28,7,0,134,0.0,0.0,0.0,0.0,0.0
2019-02-28,7,0,135,1.83,1.83,0.0,24.137041,0.0
2019-02-28,7,0,136,6.24,6.24,0.0,82.13259,0.0
2019-02-28,7,0,139,13.96,13.96,0.0,164.167642,0.0
2019-02-28,7,0,140,39.88,39.88,0.0,-7878.77384,0.0
2019-02-28,7,0,141,63.03,63.03,0.0,-6495.913375,0.0
2019-02-28,7,0,142,0.0,0.0,0.0,-0.0,0.0
2019-02-28,7,0,143,0.0,0.0,0.0,0.0,0.0
2019-02-28,7,0,145,4.93,4.93,0.0,56.929387,0.0
2019-02-28,7,0,146,0.0,0.0,0.0,-0.0,0.0
2019-02-28,7,0,152,0.0,0.0,0.0,0.0,0.0
2019-02-28,7,0,153,0.0,0.0,0.0,0.0,0.0
2019-02-28,7,0,154,0.0,0.0,0.0,0.0,0.0
2019-02-28,7,0,157,0.0,0.0,0.0,-0.0,0.0
2019-02-28,7,0,158,0.0,0.0,0.0,-0.0,0.0
2019-02-28,7,0,159,0.0,0.0,0.0,0.0,0.0
2019-02-28,7,0,160,0.0,0.0,0.0,0.0,0.0
2019-02-28,7,0,161,0.0,0.0,0.0,-0.0,0.0
2019-02-28,7,0,162,48.75,48.75,0.0,1247.04391,0.0
2019-02-28,7,0,163,159.03,159.03,0.0,-31418.289963,0.0
2019-02-28,7,0,164,0.0,0.0,0.0,0.0,0.0
2019-02-28,7,0,167,0.0,0.0,0.0,0.0,0.0
2019-02-28,7,0,168,0.0,0.0,0.0,0.0,0.0
2019-02-28,7,0,169,0.0,0.0,0.0,0.0,0.0
2019-02-28,7,0,170,0.0,0.0,0.0,0.0,0.0
2019-02-28,7,0,172,0.0,0.0,0.0,0.0,0.0
2019-02-28,7,0,173,0.0,0.0,0.0,0.0,0.0
2019-02-28,7,0,188,0.0,0.0,0.0,0.0,0.0
2019-02-28,7,0,190,0.0,0.0,0.0,0.0,0.0
2019-02-28,7,0,191,0.0,0.0,0.0,0.0,0.0
2019-02-28,7,0,192,211.38,211.38,0.0,8601.739992,0.0
2019-02-28,7,0,194,176.5,176.5,0.0,-2049.015364,0.0
2019-02-28,7,0,196,0.0,0.0,0.0,0.0,0.0
2019-02-28,7,0,198,0.0,0.0,0.0,0.0,0.0
2019-02-28,7,0,199,39.0,39.0,0.0,96.384815,0.0
2019-02-28,7,0,200,0.0,0.0,0.0,0.0,0.0
2019-02-28,7,0,204,0.0,0.0,0.0,0.0,0.0
2019-02-28,7,0,205,42.25,42.25,0.0,501.329588,0.0
2019-02-28,7,0,206,125.03,125.03,0.0,1419.232047,0.0
2019-02-28,7,0,210,0.0,0.0,0.0,0.0,0.0
2019-02-28,7,0,214,0.0,0.0,0.0,0.0,0.0
2019-02-28,7,0,217,0.0,0.0,0.0,0.0,0.0
2019-02-28,7,0,218,0.0,0.0,0.0,0.0,0.0
2019-02-28,7,0,219,0.0,0.0,0.0,0.0,0.0
2019-02-28,7,0,221,0.0,0.0,0.0,0.0,0.0
2019-02-28,7,0,225,0.0,0.0,0.0,0.0,0.0
2019-02-28,7,0,233,0.0,0.0,0.0,0.0,0.0
2019-02-28,7,0,236,5.1,5.1,0.0,65.561024,0.0
2019-02-28,7,0,237,7.57,7.57,0.0,94.891089,0.0
2019-02-28,7,0,238,0.0,0.0,0.0,0.0,0.0
2019-02-28,7,0,240,0.0,0.0,0.0,0.0,0.0
2019-02-28,7,0,245,2.29,2.29,0.0,30.399681,0.0
2019-02-28,7,0,247,4.44,4.44,0.0,58.940865,0.0
2019-02-28,7,0,248,0.76,0.76,0.0,9.526714,0.0
2019-02-28,7,0,249,4.41,4.41,0.0,58.542616,0.0
2019-02-28,7,0,251,17.23,17.23,0.0,226.13482,0.0
2019-02-28,7,0,252,17.84,17.84,0.0,234.838293,0.0
2019-02-28,7,0,254,0.0,0.0,0.0,0.0,0.0
2019-02-28,7,0,255,0.0,0.0,0.0,0.0,0.0
2019-02-28,7,0,258,0.0,0.0,0.0,0.0,0.0
2019-02-28,7,0,260,0.0,0.0,0.0,0.0,0.0
2019-02-28,7,0,265,0.0,0.0,0.0,0.0,0.0
2019-02-28,7,0,266,9.04,9.04,0.0,106.309132,0.0
2019-02-28,7,0,267,11.11,11.11,0.0,130.652042,0.0
2019-02-28,7,0,270,496.65,496.65,0.0,-98119.183238,0.0
2019-02-28,7,0,272,246.78,246.78,0.0,-9949.751275,0.0
2019-02-28,7,0,273,0.0,0.0,0.0,-0.0,0.0
2019-02-28,7,0,274,640.24,640.24,0.0,-126487.115425,0.0
2019-02-28,7,0,275,891.23,891.23,0.0,-176073.20986,0.0
2019-02-28,7,0,276,0.0,0.0,0.0,-0.0,0.0
2019-02-28,7,0,277,0.0,0.0,0.0,-0.0,0.0
2019-02-28,7,0,278,0.0,0.0,0.0,-0.0,0.0
2019-02-28,7,0,279,264.6,264.6,0.0,-11320.707374,0.0
2019-02-28,7,0,281,0.0,0.0,0.0,0.0,0.0
2019-02-28,7,0,282,0.0,0.0,0.0,0.0,0.0
2019-02-28,8,0,9,0.0,0.0,0.0,0.0,0.0
2019-02-28,8,0,17,0.01,0.01,0.0,0.169716,0.0
2019-02-28,8,0,19,41.12,41.12,0.0,697.871716,0.0
2019-02-28,8,0,20,51.17,51.17,0.0,868.43618,0.0
2019-02-28,8,0,21,0.0,0.0,0.0,0.0,0.0
2019-02-28,8,0,22,0.0,0.0,0.0,0.0,0.0
2019-02-28,8,0,23,41.11,41.11,0.0,510.902345,0.0
2019-02-28,8,0,24,72.73,72.73,0.0,903.86591,0.0
2019-02-28,8,0,29,0.24,0.24,0.0,1.72646,0.0
2019-02-28,8,0,30,0.0,0.0,0.0,0.0,0.0
2019-02-28,8,0,31,0.0,0.0,0.0,0.0,0.0
2019-02-28,8,0,32,0.0,0.0,0.0,0.0,0.0
2019-02-28,8,0,33,0.0,0.0,0.0,0.0,0.0
2019-02-28,8,0,34,0.0,0.0,0.0,0.0,0.0
2019-02-28,8,0,35,0.0,0.0,0.0,0.0,0.0
2019-02-28,8,0,36,0.0,0.0,0.0,0.0,0.0
2019-02-28,8,0,37,0.0,0.0,0.0,0.0,0.0
2019-02-28,8,0,38,0.0,0.0,0.0,0.0,0.0
2019-02-28,8,0,39,0.0,0.0,0.0,0.0,0.0
2019-02-28,8,0,40,0.0,0.0,0.0,0.0,0.0
2019-02-28,8,0,41,4.12,4.12,0.0,56.074299,0.0
2019-02-28,8,0,42,0.0,0.0,0.0,0.0,0.0
2019-02-28,8,0,43,0.0,0.0,0.0,0.0,0.0
2019-02-28,8,0,46,0.0,0.0,0.0,0.0,0.0
2019-02-28,8,0,52,0.0,0.0,0.0,0.0,0.0
2019-02-28,8,0,53,0.0,0.0,0.0,0.0,0.0
2019-02-28,8,0,55,34.51,34.51,0.0,428.87959,0.0
2019-02-28,8,0,56,0.0,0.0,0.0,0.0,0.0
2019-02-28,8,0,57,0.0,0.0,0.0,0.0,0.0
2019-02-28,8,0,58,0.0,0.0,0.0,0.0,0.0
2019-02-28,8,0,59,0.0,0.0,0.0,0.0,0.0
2019-02-28,8,0,63,96.01,96.01,0.0,2741.59049,0.0
2019-02-28,8,0,64,112.86,112.86,0.0,3222.746617,0.0
2019-02-28,8,0,65,5.92,5.92,0.0,100.18177,0.0
2019-02-28,8,0,67,0.0,0.0,0.0,-0.0,0.0
2019-02-28,8,0,68,5.59,5.59,0.0,27.009777,0.0
2019-02-28,8,0,69,0.0,0.0,0.0,0.0,0.0
2019-02-28,8,0,74,4.29,4.29,0.0,66.946101,0.0
2019-02-28,8,0,77,82.02,82.02,0.0,856.868647,0.0
2019-02-28,8,0,78,61.93,61.93,0.0,646.987019,0.0
2019-02-28,8,0,79,35.72,35.72,0.0,373.169325,0.0
2019-02-28,8,0,80,57.94,57.94,0.0,605.303211,0.0
2019-02-28,8,0,81,75.85,75.85,0.0,792.410227,0.0
2019-02-28,8,0,82,53.41,53.41,0.0,557.977986,0.0
2019-02-28,8,0,83,119.49,119.49,0.0,1248.320343,0.0
2019-02-28,8,0,84,0.0,0.0,0.0,0.0,0.0
2019-02-28,8,0,86,0.0,0.0,0.0,0.0,0.0
2019-02-28,8,0,87,0.0,0.0,0.0,0.0,0.0
2019-02-28,8,0,88,82.01,82.01,0.0,856.764176,0.0
2019-02-28,8,0,89,79.15,79.15,0.0,826.885557,0.0
2019-02-28,8,0,90,103.27,103.27,0.0,1078.868875,0.0
2019-02-28,8,0,91,323.75,323.75,0.0,3382.238775,0.0
2019-02-28,8,0,92,129.55,129.55,0.0,1353.417863,0.0
2019-02-28,8,0,95,36.0,36.0,0.0,914.892964,0.0
2019-02-28,8,0,96,7.33,7.33,0.0,90.782787,0.0
2019-02-28,8,0,97,45.1,45.1,0.0,558.568032,0.0
2019-02-28,8,0,99,0.83,0.83,0.0,12.952276,0.0
2019-02-28,8,0,101,0.0,0.0,0.0,0.0,0.0
2019-02-28,8,0,102,13.24,13.24,0.0,63.973067,0.0
2019-02-28,8,0,103,11.52,11.52,0.0,55.662366,0.0
2019-02-28,8,0,104,2.14,2.14,0.0,10.340058,0.0
2019-02-28,8,0,106,0.0,0.0,0.0,0.0,0.0
2019-02-28,8,0,109,10.55,10.55,0.0,149.300623,0.0
2019-02-28,8,0,110,59.49,59.49,0.0,-1303.943289,0.0
2019-02-28,8,0,111,0.0,0.0,0.0,0.0,0.0
2019-02-28,8,0,113,100.71,100.71,0.0,1143.185698,0.0
2019-02-28,8,0,115,100.71,100.71,0.0,1143.185698,0.0
2019-02-28,8,0,116,0.0,0.0,0.0,-0.0,0.0
2019-02-28,8,0,117,5.21,5.21,0.0,59.14008,0.0
2019-02-28,8,0,119,112.86,112.86,0.0,3222.746617,0.0
2019-02-28,8,0,120,66.59,66.59,0.0,1901.494748,0.0
2019-02-28,8,0,123,0.0,0.0,0.0,0.0,0.0
2019-02-28,8,0,125,65.82,65.82,0.0,817.99057,0.0
2019-02-28,8,0,126,0.0,0.0,0.0,0.0,0.0
2019-02-28,8,0,127,0.0,0.0,0.0,0.0,0.0
2019-02-28,8,0,128,94.26,94.26,0.0,1171.43408,0.0
2019-02-28,8,0,131,17.92,17.92,0.0,118.101083,0.0
2019-02-28,8,0,132,26.34,26.34,0.0,173.592775,0.0
2019-02-28,8,0,133,2.24,2.24,0.0,38.026697,0.0
2019-02-28,8,0,134,0.0,0.0,0.0,0.0,0.0
2019-02-28,8,0,135,3.0,3.0,0.0,50.928613,0.0
2019-02-28,8,0,136,10.0,10.0,0.0,169.199068,0.0
2019-02-28,8,0,139,5.32,5.32,0.0,72.40662,0.0
2019-02-28,8,0,140,44.03,44.03,0.0,-965.080232,0.0
2019-02-28,8,0,141,29.38,29.38,0.0,-51.509921,0.0
2019-02-28,8,0,142,0.0,0.0,0.0,-0.0,0.0
2019-02-28,8,0,143,0.0,0.0,0.0,0.0,0.0
2019-02-28,8,0,145,6.33,6.33,0.0,82.646737,0.0
2019-02-28,8,0,146,0.0,0.0,0.0,-0.0,0.0
2019-02-28,8,0,152,0.0,0.0,0.0,0.0,0.0
2019-02-28,8,0,153,0.0,0.0,0.0,0.0,0.0
2019-02-28,8,0,154,0.0,0.0,0.0,0.0,0.0
2019-02-28,8,0,157,0.0,0.0,0.0,-0.0,0.0
2019-02-28,8,0,158,0.0,0.0,0.0,-0.0,0.0
2019-02-28,8,0,159,0.0,0.0,0.0,0.0,0.0
2019-02-28,8,0,160,0.0,0.0,0.0,0.0,0.0
2019-02-28,8,0,161,0.0,0.0,0.0,0.0,0.0
2019-02-28,8,0,162,48.75,48.75,0.0,1240.546286,0.0
2019-02-28,8,0,163,122.35,122.35,0.0,-2681.752587,0.0
2019-02-28,8,0,164,0.0,0.0,0.0,0.0,0.0
2019-02-28,8,0,167,0.0,0.0,0.0,0.0,0.0
2019-02-28,8,0,168,0.0,0.0,0.0,0.0,0.0
2019-02-28,8,0,169,0.0,0.0,0.0,0.0,0.0
2019-02-28,8,0,170,0.0,0.0,0.0,0.0,0.0
2019-02-28,8,0,172,0.0,0.0,0.0,0.0,0.0
2019-02-28,8,0,173,0.0,0.0,0.0,0.0,0.0
2019-02-28,8,0,188,0.0,0.0,0.0,0.0,0.0
2019-02-28,8,0,190,0.0,0.0,0.0,0.0,0.0
2019-02-28,8,0,191,0.0,0.0,0.0,0.0,0.0
2019-02-28,8,0,192,205.14,205.14,0.0,5857.825988,0.0
2019-02-28,8,0,194,176.5,176.5,0.0,3017.533583,0.0
2019-02-28,8,0,196,0.0,0.0,0.0,0.0,0.0
2019-02-28,8,0,198,0.0,0.0,0.0,0.0,0.0
2019-02-28,8,0,199,39.0,39.0,0.0,505.321673,0.0
2019-02-28,8,0,200,0.0,0.0,0.0,0.0,0.0
2019-02-28,8,0,204,26.43,26.43,0.0,370.690469,0.0
2019-02-28,8,0,205,55.81,55.81,0.0,789.807371,0.0
2019-02-28,8,0,206,132.53,132.53,0.0,1641.397367,0.0
2019-02-28,8,0,210,0.07,0.07,0.0,0.5424,0.0
2019-02-28,8,0,214,0.2,0.2,0.0,3.782091,0.0
2019-02-28,8,0,217,0.2,0.2,0.0,2.806355,0.0
2019-02-28,8,0,218,0.28,0.28,0.0,3.928897,0.0
2019-02-28,8,0,219,0.19,0.19,0.0,2.666038,0.0
2019-02-28,8,0,221,0.11,0.11,0.0,2.08015,0.0
2019-02-28,8,0,225,0.2,0.2,0.0,1.427997,0.0
2019-02-28,8,0,233,0.0,0.0,0.0,0.0,0.0
2019-02-28,8,0,236,7.8,7.8,0.0,127.075897,0.0
2019-02-28,8,0,237,10.3,10.3,0.0,160.733063,0.0
2019-02-28,8,0,238,0.0,0.0,0.0,0.0,0.0
2019-02-28,8,0,240,0.0,0.0,0.0,0.0,0.0
2019-02-28,8,0,245,5.66,5.66,0.0,97.078886,0.0
2019-02-28,8,0,247,11.4,11.4,0.0,195.529912,0.0
2019-02-28,8,0,248,1.03,1.03,0.0,16.073306,0.0
2019-02-28,8,0,249,10.88,10.88,0.0,186.611003,0.0
2019-02-28,8,0,251,41.1,41.1,0.0,692.212756,0.0
2019-02-28,8,0,252,38.2,38.2,0.0,646.443181,0.0
2019-02-28,8,0,254,0.0,0.0,0.0,0.0,0.0
2019-02-28,8,0,255,0.0,0.0,0.0,0.0,0.0
2019-02-28,8,0,258,0.0,0.0,0.0,0.0,0.0
2019-02-28,8,0,260,0.0,0.0,0.0,0.0,0.0
2019-02-28,8,0,265,0.0,0.0,0.0,0.0,0.0
2019-02-28,8,0,266,3.44,3.44,0.0,46.819318,0.0
2019-02-28,8,0,267,4.23,4.23,0.0,57.571429,0.0
2019-02-28,8,0,270,382.11,382.11,0.0,-8375.353339,0.0
2019-02-28,8,0,272,348.65,348.65,0.0,3957.61785,0.0
2019-02-28,8,0,273,0.0,0.0,0.0,-0.0,0.0
2019-02-28,8,0,274,492.58,492.58,0.0,-10796.711804,0.0
2019-02-28,8,0,275,685.68,685.68,0.0,-15029.212209,0.0
2019-02-28,8,0,276,0.0,0.0,0.0,-0.0,0.0
2019-02-28,8,0,277,0.0,0.0,0.0,0.0,0.0
2019-02-28,8,0,278,0.0,0.0,0.0,0.0,0.0
2019-02-28,8,0,279,191.97,191.97,0.0,2109.511734,0.0
2019-02-28,8,0,281,0.0,0.0,0.0,0.0,0.0
2019-02-28,8,0,282,0.0,0.0,0.0,0.0,0.0
2019-02-28,9,0,9,0.69,0.69,0.0,8.547558,0.0
2019-02-28,9,0,17,10.98,10.98,0.0,174.087231,0.0
2019-02-28,9,0,19,45.32,45.32,0.0,718.545839,0.0
2019-02-28,9,0,20,56.28,56.28,0.0,892.315971,0.0
2019-02-28,9,0,21,15.8,15.8,0.0,195.726701,0.0
2019-02-28,9,0,22,56.17,56.17,0.0,695.82081,0.0
2019-02-28,9,0,23,32.42,32.42,0.0,401.61137,0.0
2019-02-28,9,0,24,57.35,57.35,0.0,710.438374,0.0
2019-02-28,9,0,29,2.06,2.06,0.0,15.526126,0.0
2019-02-28,9,0,30,114.85,114.85,0.0,1420.982138,0.0
2019-02-28,9,0,31,1.75,1.75,0.0,21.651883,0.0
2019-02-28,9,0,32,1.17,1.17,0.0,30.130138,0.0
2019-02-28,9,0,33,0.54,0.54,0.0,9.080719,0.0
2019-02-28,9,0,34,0.86,0.86,0.0,14.461886,0.0
2019-02-28,9,0,35,0.86,0.86,0.0,14.461886,0.0
2019-02-28,9,0,36,2.51,2.51,0.0,35.08299,0.0
2019-02-28,9,0,37,1.21,1.21,0.0,16.812654,0.0
2019-02-28,9,0,38,1.56,1.56,0.0,21.675818,0.0
2019-02-28,9,0,39,1.04,1.04,0.0,14.450545,0.0
2019-02-28,9,0,40,1.04,1.04,0.0,14.450545,0.0
2019-02-28,9,0,41,3.86,3.86,0.0,51.203116,0.0
2019-02-28,9,0,42,13.83,13.83,0.0,216.392244,0.0
2019-02-28,9,0,43,7.46,7.46,0.0,102.798114,0.0
2019-02-28,9,0,46,5.77,5.77,0.0,78.889206,0.0
2019-02-28,9,0,52,1.86,1.86,0.0,23.012858,0.0
2019-02-28,9,0,53,2.97,2.97,0.0,36.746338,0.0
2019-02-28,9,0,55,38.94,38.94,0.0,482.379604,0.0
2019-02-28,9,0,56,33.88,33.88,0.0,419.180451,0.0
2019-02-28,9,0,57,32.23,32.23,0.0,398.765819,0.0
2019-02-28,9,0,58,61.97,61.97,0.0,766.724102,0.0
2019-02-28,9,0,59,60.94,60.94,0.0,753.980422,0.0
2019-02-28,9,0,63,51.0,51.0,0.0,1386.64512,0.0
2019-02-28,9,0,64,60.0,60.0,0.0,1631.3472,0.0
2019-02-28,9,0,65,12.0,12.0,0.0,189.794813,0.0
2019-02-28,9,0,67,69.81,69.81,0.0,524.991712,0.0
2019-02-28,9,0,68,6.52,6.52,0.0,60.848416,0.0
2019-02-28,9,0,69,0.54,0.54,0.0,9.080719,0.0
2019-02-28,9,0,74,5.88,5.88,0.0,86.901901,0.0
2019-02-28,9,0,77,23.5,23.5,0.0,257.057807,0.0
2019-02-28,9,0,78,17.76,17.76,0.0,194.27007,0.0
2019-02-28,9,0,79,10.28,10.28,0.0,112.449117,0.0
2019-02-28,9,0,80,16.62,16.62,0.0,181.800032,0.0
2019-02-28,9,0,81,21.73,21.73,0.0,237.696432,0.0
2019-02-28,9,0,82,15.33,15.33,0.0,167.689199,0.0
2019-02-28,9,0,83,34.19,34.19,0.0,373.991763,0.0
2019-02-28,9,0,84,0.0,0.0,0.0,0.0,0.0
2019-02-28,9,0,86,2.73,2.73,0.0,45.908079,0.0
2019-02-28,9,0,87,13.96,13.96,0.0,234.753402,0.0
2019-02-28,9,0,88,78.76,78.76,0.0,861.526506,0.0
2019-02-28,9,0,89,75.23,75.23,0.0,822.913141,0.0
2019-02-28,9,0,90,105.59,105.59,0.0,1155.009951,0.0
2019-02-28,9,0,91,396.78,396.78,0.0,4340.229645,0.0
2019-02-28,9,0,92,139.6,139.6,0.0,1527.03276,0.0
2019-02-28,9,0,95,36.0,36.0,0.0,928.288461,0.0
2019-02-28,9,0,96,7.84,7.84,0.0,96.87539,0.0
2019-02-28,9,0,97,48.18,48.18,0.0,595.33881,0.0
2019-02-28,9,0,99,1.13,1.13,0.0,16.700535,0.0
2019-02-28,9,0,101,2.31,2.31,0.0,28.580485,0.0
2019-02-28,9,0,102,15.41,15.41,0.0,143.815044,0.0
2019-02-28,9,0,103,13.4,13.4,0.0,125.05656,0.0
2019-02-28,9,0,104,2.5,2.5,0.0,23.331448,0.0
2019-02-28,9,0,106,55.29,55.29,0.0,684.919576,0.0
2019-02-28,9,0,109,16.82,16.82,0.0,229.471992,0.0
2019-02-28,9,0,110,65.5,65.5,0.0,129.067749,0.0
2019-02-28,9,0,111,2.43,2.43,0.0,32.234086,0.0
2019-02-28,9,0,113,46.44,46.44,0.0,510.294918,0.0
2019-02-28,9,0,115,46.44,46.44,0.0,510.294918,0.0
2019-02-28,9,0,116,32.22,32.22,0.0,63.48951,0.0
2019-02-28,9,0,117,3.15,3.15,0.0,34.613027,0.0
2019-02-28,9,0,119,60.0,60.0,0.0,1631.3472,0.0
2019-02-28,9,0,120,35.28,35.28,0.0,959.232154,0.0
2019-02-28,9,0,123,0.92,0.92,0.0,11.396745,0.0
2019-02-28,9,0,125,51.9,51.9,0.0,642.925049,0.0
2019-02-28,9,0,126,41.47,41.47,0.0,513.720651,0.0
2019-02-28,9,0,127,53.22,53.22,0.0,659.2769,0.0
2019-02-28,9,0,128,74.34,74.34,0.0,920.906516,0.0
2019-02-28,9,0,131,11.47,11.47,0.0,112.596226,0.0
2019-02-28,9,0,132,16.85,16.85,0.0,165.409452,0.0
2019-02-28,9,0,133,3.96,3.96,0.0,62.799999,0.0
2019-02-28,9,0,134,0.0,0.0,0.0,0.0,0.0
2019-02-28,9,0,135,5.3,5.3,0.0,84.050504,0.0
2019-02-28,9,0,136,17.04,17.04,0.0,269.472428,0.0
2019-02-28,9,0,139,4.99,4.99,0.0,66.192629,0.0
2019-02-28,9,0,140,48.48,48.48,0.0,95.529839,0.0
2019-02-28,9,0,141,10.76,10.76,0.0,80.918362,0.0
2019-02-28,9,0,142,92.07,92.07,0.0,692.393452,0.0
2019-02-28,9,0,143,0.0,0.0,0.0,0.0,0.0
2019-02-28,9,0,145,8.08,8.08,0.0,103.792129,0.0
2019-02-28,9,0,146,0.0,0.0,0.0,0.0,0.0
2019-02-28,9,0,152,1.67,1.67,0.0,24.589726,0.0
2019-02-28,9,0,153,2.19,2.19,0.0,32.133156,0.0
2019-02-28,9,0,154,10.04,10.04,0.0,133.181161,0.0
2019-02-28,9,0,157,9.11,9.11,0.0,68.509877,0.0
2019-02-28,9,0,158,55.12,55.12,0.0,414.518595,0.0
2019-02-28,9,0,159,0.0,0.0,0.0,0.0,0.0
2019-02-28,9,0,160,0.57,0.57,0.0,7.750682,0.0
2019-02-28,9,0,161,14.73,14.73,0.0,137.46889,0.0
2019-02-28,9,0,162,48.75,48.75,0.0,1257.898294,0.0
2019-02-28,9,0,163,93.91,93.91,0.0,185.049654,0.0
2019-02-28,9,0,164,4.0,4.0,0.0,49.490018,0.0
2019-02-28,9,0,167,1.32,1.32,0.0,33.986123,0.0
2019-02-28,9,0,168,0.66,0.66,0.0,16.993062,0.0
2019-02-28,9,0,169,0.0,0.0,0.0,0.0,0.0
2019-02-28,9,0,170,1.45,1.45,0.0,37.333242,0.0
2019-02-28,9,0,172,1.4,1.4,0.0,35.24474,0.0
2019-02-28,9,0,173,2.13,2.13,0.0,53.622355,0.0
2019-02-28,9,0,188,2.31,2.31,0.0,58.431038,0.0
2019-02-28,9,0,190,2.49,2.49,0.0,67.700909,0.0
2019-02-28,9,0,191,6.43,6.43,0.0,174.826042,0.0
2019-02-28,9,0,192,201.44,201.44,0.0,5476.976333,0.0
2019-02-28,9,0,194,129.04,129.04,0.0,1597.974533,0.0
2019-02-28,9,0,196,1.79,1.79,0.0,52.594581,0.0
2019-02-28,9,0,198,2.52,2.52,0.0,32.133685,0.0
2019-02-28,9,0,199,39.0,39.0,0.0,448.113226,0.0
2019-02-28,9,0,200,3.19,3.19,0.0,36.653364,0.0
2019-02-28,9,0,204,33.36,33.36,0.0,451.874336,0.0
2019-02-28,9,0,205,94.75,94.75,0.0,1292.655842,0.0
2019-02-28,9,0,206,141.59,141.59,0.0,1749.564593,0.0
2019-02-28,9,0,210,0.62,0.62,0.0,4.95829,0.0
2019-02-28,9,0,214,3.52,3.52,0.0,61.201599,0.0
2019-02-28,9,0,217,2.42,2.42,0.0,32.132846,0.0
2019-02-28,9,0,218,3.34,3.34,0.0,44.348638,0.0
2019-02-28,9,0,219,2.27,2.27,0.0,30.14114,0.0
2019-02-28,9,0,221,1.88,1.88,0.0,32.687218,0.0
2019-02-28,9,0,225,1.79,1.79,0.0,13.41158,0.0
2019-02-28,9,0,233,1.55,1.55,0.0,26.065027,0.0
2019-02-28,9,0,236,11.49,11.49,0.0,175.995695,0.0
2019-02-28,9,0,237,14.1,14.1,0.0,208.387212,0.0
2019-02-28,9,0,238,18.0,18.0,0.0,281.638495,0.0
2019-02-28,9,0,240,2.84,2.84,0.0,39.695495,0.0
2019-02-28,9,0,245,12.24,12.24,0.0,195.806552,0.0
2019-02-28,9,0,247,23.56,23.56,0.0,376.895619,0.0
2019-02-28,9,0,248,1.42,1.42,0.0,20.986514,0.0
2019-02-28,9,0,249,23.53,23.53,0.0,376.415701,0.0
2019-02-28,9,0,251,88.64,88.64,0.0,1396.318253,0.0
2019-02-28,9,0,252,77.39,77.39,0.0,1224.018384,0.0
2019-02-28,9,0,254,3.93,3.93,0.0,53.975337,0.0
2019-02-28,9,0,255,1.8,1.8,0.0,24.721528,0.0
2019-02-28,9,0,258,3.49,3.49,0.0,48.669476,0.0
2019-02-28,9,0,260,1.38,1.38,0.0,18.764808,0.0
2019-02-28,9,0,265,10.4,10.4,0.0,137.956582,0.0
2019-02-28,9,0,266,3.23,3.23,0.0,42.846131,0.0
2019-02-28,9,0,267,3.97,3.97,0.0,52.662272,0.0
2019-02-28,9,0,270,293.29,293.29,0.0,577.927941,0.0
2019-02-28,9,0,272,154.96,154.96,0.0,1702.741183,0.0
2019-02-28,9,0,273,7.7,7.7,0.0,15.17285,0.0
2019-02-28,9,0,274,378.08,378.08,0.0,745.006634,0.0
2019-02-28,9,0,275,526.3,526.3,0.0,1037.074142,0.0
2019-02-28,9,0,276,1.75,1.75,0.0,5.616891,0.0
2019-02-28,9,0,277,2.2,2.2,0.0,24.130401,0.0
2019-02-28,9,0,278,3.51,3.51,0.0,38.498958,0.0
2019-02-28,9,0,279,134.66,134.66,0.0,1476.999918,0.0
2019-02-28,9,0,281,0.78,0.78,0.0,9.650553,0.0
2019-02-28,9,0,282,63.0,63.0,0.0,779.467782,0.0
2019-02-28,10,0,9,1.91,1.91,0.0,21.722565,0.0
2019-02-28,10,0,17,16.95,16.95,0.0,248.525797,0.0
2019-02-28,10,0,19,49.77,49.77,0.0,729.742118,0.0
2019-02-28,10,0,20,61.67,61.67,0.0,904.223356,0.0
2019-02-28,10,0,21,43.63,43.63,0.0,496.207074,0.0
2019-02-28,10,0,22,155.04,155.04,0.0,1763.280878,0.0
2019-02-28,10,0,23,25.18,25.18,0.0,286.37392,0.0
2019-02-28,10,0,24,44.54,44.54,0.0,506.556568,0.0
2019-02-28,10,0,29,3.55,3.55,0.0,27.77166,0.0
2019-02-28,10,0,30,332.57,332.57,0.0,3777.262665,0.0
2019-02-28,10,0,31,15.3,15.3,0.0,173.774299,0.0
2019-02-28,10,0,32,2.6,2.6,0.0,70.889444,0.0
2019-02-28,10,0,33,1.09,1.09,0.0,16.930609,0.0
2019-02-28,10,0,34,1.74,1.74,0.0,27.026843,0.0
2019-02-28,10,0,35,1.74,1.74,0.0,27.026843,0.0
2019-02-28,10,0,36,3.9,3.9,0.0,50.674918,0.0
2019-02-28,10,0,37,1.86,1.86,0.0,24.038494,0.0
2019-02-28,10,0,38,2.39,2.39,0.0,30.888172,0.0
2019-02-28,10,0,39,1.59,1.59,0.0,20.549035,0.0
2019-02-28,10,0,40,1.59,1.59,0.0,20.549035,0.0
2019-02-28,10,0,41,3.62,3.62,0.0,44.297991,0.0
2019-02-28,10,0,42,20.59,20.59,0.0,298.011859,0.0
2019-02-28,10,0,43,12.3,12.3,0.0,158.049734,0.0
2019-02-28,10,0,46,9.83,9.83,0.0,124.955517,0.0
2019-02-28,10,0,52,16.23,16.23,0.0,184.337051,0.0
2019-02-28,10,0,53,25.88,25.88,0.0,293.939795,0.0
2019-02-28,10,0,55,43.61,43.61,0.0,495.979612,0.0
2019-02-28,10,0,56,98.1,98.1,0.0,1114.19992,0.0
2019-02-28,10,0,57,93.31,93.31,0.0,1059.796071,0.0
2019-02-28,10,0,58,179.45,179.45,0.0,2038.156735,0.0
2019-02-28,10,0,59,176.46,176.46,0.0,2004.196921,0.0
2019-02-28,10,0,63,51.0,51.0,0.0,1386.64512,0.0
2019-02-28,10,0,64,60.0,60.0,0.0,1631.3472,0.0
2019-02-28,10,0,65,22.16,22.16,0.0,324.139674,0.0
2019-02-28,10,0,67,198.52,198.52,0.0,2865.579555,0.0
2019-02-28,10,0,68,6.75,6.75,0.0,80.444711,0.0
2019-02-28,10,0,69,1.09,1.09,0.0,16.930609,0.0
2019-02-28,10,0,74,12.79,12.79,0.0,175.013054,0.0
2019-02-28,10,0,77,15.99,15.99,0.0,158.616697,0.0
2019-02-28,10,0,78,12.09,12.09,0.0,119.929698,0.0
2019-02-28,10,0,79,7.0,7.0,0.0,69.438204,0.0
2019-02-28,10,0,80,11.31,11.31,0.0,112.192298,0.0
2019-02-28,10,0,81,14.79,14.79,0.0,146.713005,0.0
2019-02-28,10,0,82,10.43,10.43,0.0,103.462924,0.0
2019-02-28,10,0,83,23.26,23.26,0.0,230.733232,0.0
2019-02-28,10,0,84,0.0,0.0,0.0,0.0,0.0
2019-02-28,10,0,86,5.51,5.51,0.0,85.585003,0.0
2019-02-28,10,0,87,28.15,28.15,0.0,437.244615,0.0
2019-02-28,10,0,88,39.75,39.75,0.0,394.3098,0.0
2019-02-28,10,0,89,38.03,38.03,0.0,377.247842,0.0
2019-02-28,10,0,90,52.8,52.8,0.0,523.762452,0.0
2019-02-28,10,0,91,195.62,195.62,0.0,1940.500205,0.0
2019-02-28,10,0,92,69.31,69.31,0.0,687.537415,0.0
2019-02-28,10,0,95,88.65,88.65,0.0,2409.850853,0.0
2019-02-28,10,0,96,8.35,8.35,0.0,94.704324,0.0
2019-02-28,10,0,97,51.33,51.33,0.0,582.176402,0.0
2019-02-28,10,0,99,2.63,2.63,0.0,35.987829,0.0
2019-02-28,10,0,101,6.7,6.7,0.0,76.097242,0.0
2019-02-28,10,0,102,15.99,15.99,0.0,190.564581,0.0
2019-02-28,10,0,103,13.9,13.9,0.0,165.656515,0.0
2019-02-28,10,0,104,2.58,2.58,0.0,30.747756,0.0
2019-02-28,10,0,106,152.63,152.63,0.0,1735.871778,0.0
2019-02-28,10,0,109,27.69,27.69,0.0,350.004977,0.0
2019-02-28,10,0,110,71.89,71.89,0.0,1591.824828,0.0
2019-02-28,10,0,111,5.4,5.4,0.0,66.079876,0.0
2019-02-28,10,0,113,64.12,64.12,0.0,582.660478,0.0
2019-02-28,10,0,115,64.12,64.12,0.0,582.660478,0.0
2019-02-28,10,0,116,82.03,82.03,0.0,1816.349849,0.0
2019-02-28,10,0,117,4.27,4.27,0.0,38.801626,0.0
2019-02-28,10,0,119,60.0,60.0,0.0,1631.3472,0.0
2019-02-28,10,0,120,35.28,35.28,0.0,959.232154,0.0
2019-02-28,10,0,123,2.54,2.54,0.0,28.8876,0.0
2019-02-28,10,0,125,40.31,40.31,0.0,458.448479,0.0
2019-02-28,10,0,126,114.47,114.47,0.0,1301.875401,0.0
2019-02-28,10,0,127,146.9,146.9,0.0,1670.704083,0.0
2019-02-28,10,0,128,57.73,57.73,0.0,656.56737,0.0
2019-02-28,10,0,131,9.14,9.14,0.0,102.784118,0.0
2019-02-28,10,0,132,14.74,14.74,0.0,165.75907,0.0
2019-02-28,10,0,133,6.87,6.87,0.0,100.752609,0.0
2019-02-28,10,0,134,0.0,0.0,0.0,0.0,0.0
2019-02-28,10,0,135,9.2,9.2,0.0,134.923436,0.0
2019-02-28,10,0,136,28.71,28.71,0.0,419.892867,0.0
2019-02-28,10,0,139,4.67,4.67,0.0,57.146855,0.0
2019-02-28,10,0,140,53.21,53.21,0.0,1178.202797,0.0
2019-02-28,10,0,141,0.0,0.0,0.0,0.0,0.0
2019-02-28,10,0,142,261.8,261.8,0.0,3779.008299,0.0
2019-02-28,10,0,143,11.65,11.65,0.0,132.318339,0.0
2019-02-28,10,0,145,18.99,18.99,0.0,224.747697,0.0
2019-02-28,10,0,146,0.0,0.0,0.0,0.0,0.0
2019-02-28,10,0,152,2.96,2.96,0.0,40.378603,0.0
2019-02-28,10,0,153,3.75,3.75,0.0,50.980424,0.0
2019-02-28,10,0,154,22.28,22.28,0.0,272.640672,0.0
2019-02-28,10,0,157,25.99,25.99,0.0,375.158234,0.0
2019-02-28,10,0,158,177.59,177.59,0.0,2563.460977,0.0
2019-02-28,10,0,159,0.0,0.0,0.0,0.0,0.0
2019-02-28,10,0,160,1.07,1.07,0.0,13.656357,0.0
2019-02-28,10,0,161,39.23,39.23,0.0,467.532741,0.0
2019-02-28,10,0,162,91.77,91.77,0.0,2495.165897,0.0
2019-02-28,10,0,163,41.02,41.02,0.0,908.285637,0.0
2019-02-28,10,0,164,12.24,12.24,0.0,139.01944,0.0
2019-02-28,10,0,167,2.68,2.68,0.0,72.874382,0.0
2019-02-28,10,0,168,1.34,1.34,0.0,36.437191,0.0
2019-02-28,10,0,169,0.0,0.0,0.0,0.0,0.0
2019-02-28,10,0,170,2.93,2.93,0.0,79.672365,0.0
2019-02-28,10,0,172,3.56,3.56,0.0,93.974403,0.0
2019-02-28,10,0,173,5.43,5.43,0.0,143.337361,0.0
2019-02-28,10,0,188,5.43,5.43,0.0,145.373688,0.0
2019-02-28,10,0,190,6.49,6.49,0.0,176.457389,0.0
2019-02-28,10,0,191,16.76,16.76,0.0,455.689651,0.0
2019-02-28,10,0,192,201.02,201.02,0.0,5465.556902,0.0
2019-02-28,10,0,194,46.98,46.98,0.0,302.390024,0.0
2019-02-28,10,0,196,4.32,4.32,0.0,109.063605,0.0
2019-02-28,10,0,198,4.91,4.91,0.0,59.75568,0.0
2019-02-28,10,0,199,39.0,39.0,0.0,361.640646,0.0
2019-02-28,10,0,200,6.9,6.9,0.0,63.982576,0.0
2019-02-28,10,0,204,38.58,38.58,0.0,484.139501,0.0
2019-02-28,10,0,205,163.54,163.54,0.0,2067.165544,0.0
2019-02-28,10,0,206,150.83,150.83,0.0,1710.689006,0.0
2019-02-28,10,0,210,1.07,1.07,0.0,8.783264,0.0
2019-02-28,10,0,214,7.01,7.01,0.0,112.505225,0.0
2019-02-28,10,0,217,4.34,4.34,0.0,54.800714,0.0
2019-02-28,10,0,218,5.98,5.98,0.0,75.508817,0.0
2019-02-28,10,0,219,4.08,4.08,0.0,51.517722,0.0
2019-02-28,10,0,221,3.74,3.74,0.0,60.024185,0.0
2019-02-28,10,0,225,3.19,3.19,0.0,24.836571,0.0
2019-02-28,10,0,233,3.12,3.12,0.0,48.461925,0.0
2019-02-28,10,0,236,16.25,16.25,0.0,230.362644,0.0
2019-02-28,10,0,237,29.9,29.9,0.0,409.139196,0.0
2019-02-28,10,0,238,26.81,26.81,0.0,388.037783,0.0
2019-02-28,10,0,240,4.41,4.41,0.0,57.301638,0.0
2019-02-28,10,0,245,23.18,23.18,0.0,342.859276,0.0
2019-02-28,10,0,247,42.78,42.78,0.0,632.766171,0.0
2019-02-28,10,0,248,3.26,3.26,0.0,44.608488,0.0
2019-02-28,10,0,249,44.57,44.57,0.0,659.242362,0.0
2019-02-28,10,0,251,169.16,169.16,0.0,2464.61041,0.0
2019-02-28,10,0,252,142.93,142.93,0.0,2090.671641,0.0
2019-02-28,10,0,254,7.54,7.54,0.0,96.72188,0.0
2019-02-28,10,0,255,3.46,3.46,0.0,44.384311,0.0
2019-02-28,10,0,258,5.55,5.55,0.0,71.985232,0.0
2019-02-28,10,0,260,2.59,2.59,0.0,33.056043,0.0
2019-02-28,10,0,265,23.07,23.07,0.0,282.307913,0.0
2019-02-28,10,0,266,3.03,3.03,0.0,37.078152,0.0
2019-02-28,10,0,267,3.72,3.72,0.0,45.521692,0.0
2019-02-28,10,0,270,128.04,128.04,0.0,2835.126595,0.0
2019-02-28,10,0,272,214.3,214.3,0.0,1947.350913,0.0
2019-02-28,10,0,273,19.62,19.62,0.0,434.435987,0.0
2019-02-28,10,0,274,165.05,165.05,0.0,3654.620779,0.0
2019-02-28,10,0,275,229.74,229.74,0.0,5087.019557,0.0
2019-02-28,10,0,276,4.36,4.36,0.0,89.037826,0.0
2019-02-28,10,0,277,4.9,4.9,0.0,46.162309,0.0
2019-02-28,10,0,278,7.85,7.85,0.0,73.953903,0.0
2019-02-28,10,0,279,92.29,92.29,0.0,869.452952,0.0
2019-02-28,10,0,281,6.82,6.82,0.0,77.460178,0.0
2019-02-28,10,0,282,182.44,182.44,0.0,2072.116549,0.0
2019-02-28,11,0,9,2.81,2.81,0.0,31.908419,0.0
2019-02-28,11,0,17,25.54,25.54,0.0,285.827438,0.0
2019-02-28,11,0,19,29.99,29.99,0.0,335.629007,0.0
2019-02-28,11,0,20,36.37,36.37,0.0,407.02991,0.0
2019-02-28,11,0,21,64.26,64.26,0.0,729.692176,0.0
2019-02-28,11,0,22,228.36,228.36,0.0,2593.098434,0.0
2019-02-28,11,0,23,6.04,6.04,0.0,68.586068,0.0
2019-02-28,11,0,24,10.69,10.69,0.0,121.388257,0.0
2019-02-28,11,0,29,5.19,5.19,0.0,46.977886,0.0
2019-02-28,11,0,30,495.79,495.79,0.0,5631.082349,0.0
2019-02-28,11,0,31,0.0,0.0,0.0,0.0,0.0
2019-02-28,11,0,32,3.92,3.92,0.0,99.409855,0.0
2019-02-28,11,0,33,1.65,1.65,0.0,18.542835,0.0
2019-02-28,11,0,34,2.64,2.64,0.0,29.668536,0.0
2019-02-28,11,0,35,2.64,2.64,0.0,29.668536,0.0
2019-02-28,11,0,36,5.86,5.86,0.0,64.636498,0.0
2019-02-28,11,0,37,2.84,2.84,0.0,31.282063,0.0
2019-02-28,11,0,38,3.66,3.66,0.0,40.314208,0.0
2019-02-28,11,0,39,2.44,2.44,0.0,26.876139,0.0
2019-02-28,11,0,40,2.44,2.44,0.0,26.876139,0.0
2019-02-28,11,0,41,4.55,4.55,0.0,51.157717,0.0
2019-02-28,11,0,42,31.38,31.38,0.0,350.867226,0.0
2019-02-28,11,0,43,18.78,18.78,0.0,205.516648,0.0
2019-02-28,11,0,46,14.96,14.96,0.0,164.980134,0.0
2019-02-28,11,0,52,0.0,0.0,0.0,0.0,0.0
2019-02-28,11,0,53,0.0,0.0,0.0,0.0,0.0
2019-02-28,11,0,55,13.79,13.79,0.0,156.589715,0.0
2019-02-28,11,0,56,146.24,146.24,0.0,1660.964285,0.0
2019-02-28,11,0,57,139.11,139.11,0.0,1579.98319,0.0
2019-02-28,11,0,58,267.51,267.51,0.0,3038.32437,0.0
2019-02-28,11,0,59,263.05,263.05,0.0,2987.668594,0.0
2019-02-28,11,0,63,40.85,40.85,0.0,1085.135083,0.0
2019-02-28,11,0,64,48.05,48.05,0.0,1276.395122,0.0
2019-02-28,11,0,65,27.28,27.28,0.0,305.249093,0.0
2019-02-28,11,0,67,294.21,294.21,0.0,2389.906493,0.0
2019-02-28,11,0,68,2.24,2.24,0.0,22.46367,0.0
2019-02-28,11,0,69,1.65,1.65,0.0,18.542835,0.0
2019-02-28,11,0,74,15.57,15.57,0.0,173.596199,0.0
2019-02-28,11,0,77,6.98,6.98,0.0,80.956534,0.0
2019-02-28,11,0,78,5.28,5.28,0.0,61.239327,0.0
2019-02-28,11,0,79,3.05,3.05,0.0,35.37499,0.0
2019-02-28,11,0,80,4.94,4.94,0.0,57.295885,0.0
2019-02-28,11,0,81,6.45,6.45,0.0,74.809405,0.0
2019-02-28,11,0,82,4.55,4.55,0.0,52.772526,0.0
2019-02-28,11,0,83,10.15,10.15,0.0,117.723327,0.0
2019-02-28,11,0,84,0.0,0.0,0.0,0.0,0.0
2019-02-28,11,0,86,8.37,8.37,0.0,94.062744,0.0
2019-02-28,11,0,87,42.72,42.72,0.0,480.090852,0.0
2019-02-28,11,0,88,9.84,9.84,0.0,114.127836,0.0
2019-02-28,11,0,89,9.46,9.46,0.0,109.72046,0.0
2019-02-28,11,0,90,12.7,12.7,0.0,147.299138,0.0
2019-02-28,11,0,91,45.29,45.29,0.0,525.289602,0.0
2019-02-28,11,0,92,16.29,16.29,0.0,188.93724,0.0
2019-02-28,11,0,95,96.29,96.29,0.0,2447.084542,0.0
2019-02-28,11,0,96,4.39,4.39,0.0,49.872145,0.0
2019-02-28,11,0,97,32.26,32.26,0.0,366.486427,0.0
2019-02-28,11,0,99,3.34,3.34,0.0,37.239005,0.0
2019-02-28,11,0,101,9.99,9.99,0.0,113.464396,0.0
2019-02-28,11,0,102,5.3,5.3,0.0,53.150649,0.0
2019-02-28,11,0,103,4.61,4.61,0.0,46.231036,0.0
2019-02-28,11,0,104,0.86,0.86,0.0,8.624445,0.0
2019-02-28,11,0,106,224.8,224.8,0.0,2552.673533,0.0
2019-02-28,11,0,109,6.1,6.1,0.0,67.869805,0.0
2019-02-28,11,0,110,47.17,47.17,0.0,107.949432,0.0
2019-02-28,11,0,111,8.0,8.0,0.0,89.947634,0.0
2019-02-28,11,0,113,17.92,17.92,0.0,215.754151,0.0
2019-02-28,11,0,115,17.92,17.92,0.0,215.754151,0.0
2019-02-28,11,0,116,119.61,119.61,0.0,273.729735,0.0
2019-02-28,11,0,117,1.21,1.21,0.0,14.568221,0.0
2019-02-28,11,0,119,48.05,48.05,0.0,1276.395122,0.0
2019-02-28,11,0,120,28.26,28.26,0.0,750.695654,0.0
2019-02-28,11,0,123,3.75,3.75,0.0,42.58241,0.0
2019-02-28,11,0,125,9.67,9.67,0.0,109.805841,0.0
2019-02-28,11,0,126,168.6,168.6,0.0,1914.50515,0.0
2019-02-28,11,0,127,216.37,216.37,0.0,2456.948276,0.0
2019-02-28,11,0,128,13.85,13.85,0.0,157.271034,0.0
2019-02-28,11,0,131,2.81,2.81,0.0,29.609727,0.0
2019-02-28,11,0,132,4.13,4.13,0.0,43.518922,0.0
2019-02-28,11,0,133,6.66,6.66,0.0,74.535665,0.0
2019-02-28,11,0,134,0.0,0.0,0.0,0.0,0.0
2019-02-28,11,0,135,8.92,8.92,0.0,99.828548,0.0
2019-02-28,11,0,136,32.13,32.13,0.0,359.514766,0.0
2019-02-28,11,0,139,5.87,5.87,0.0,65.999077,0.0
2019-02-28,11,0,140,34.91,34.91,0.0,79.892192,0.0
2019-02-28,11,0,141,0.0,0.0,0.0,0.0,0.0
2019-02-28,11,0,142,387.99,387.99,0.0,3151.693757,0.0
2019-02-28,11,0,143,0.0,0.0,0.0,0.0,0.0
2019-02-28,11,0,145,22.65,22.65,0.0,255.314484,0.0
2019-02-28,11,0,146,0.0,0.0,0.0,0.0,0.0
2019-02-28,11,0,152,4.59,4.59,0.0,51.087056,0.0
2019-02-28,11,0,153,5.87,5.87,0.0,65.316371,0.0
2019-02-28,11,0,154,33.01,33.01,0.0,371.146427,0.0
2019-02-28,11,0,157,15.86,15.86,0.0,128.832864,0.0
2019-02-28,11,0,158,270.39,270.39,0.0,2196.413503,0.0
2019-02-28,11,0,159,0.0,0.0,0.0,0.0,0.0
2019-02-28,11,0,160,1.64,1.64,0.0,17.647078,0.0
2019-02-28,11,0,161,57.47,57.47,0.0,576.333543,0.0
2019-02-28,11,0,162,162.5,162.5,0.0,4131.736796,0.0
2019-02-28,11,0,163,37.37,37.37,0.0,85.521948,0.0
2019-02-28,11,0,164,18.69,18.69,0.0,212.277233,0.0
2019-02-28,11,0,167,3.94,3.94,0.0,99.994354,0.0
2019-02-28,11,0,168,1.97,1.97,0.0,49.997177,0.0
2019-02-28,11,0,169,0.0,0.0,0.0,0.0,0.0
2019-02-28,11,0,170,4.31,4.31,0.0,109.384687,0.0
2019-02-28,11,0,172,5.27,5.27,0.0,133.488172,0.0
2019-02-28,11,0,173,8.03,8.03,0.0,203.398486,0.0
2019-02-28,11,0,188,8.11,8.11,0.0,203.135391,0.0
2019-02-28,11,0,190,9.44,9.44,0.0,250.763162,0.0
2019-02-28,11,0,191,24.38,24.38,0.0,647.627744,0.0
2019-02-28,11,0,192,128.82,128.82,0.0,3421.960867,0.0
2019-02-28,11,0,194,36.75,36.75,0.0,509.722186,0.0
2019-02-28,11,0,196,6.34,6.34,0.0,182.298726,0.0
2019-02-28,11,0,198,7.59,7.59,0.0,78.434048,0.0
2019-02-28,11,0,199,56.82,56.82,0.0,595.36055,0.0
2019-02-28,11,0,200,10.47,10.47,0.0,109.704769,0.0
2019-02-28,11,0,204,18.69,18.69,0.0,207.982141,0.0
2019-02-28,11,0,205,39.87,39.87,0.0,443.601493,0.0
2019-02-28,11,0,206,123.33,123.33,0.0,1401.077836,0.0
2019-02-28,11,0,210,1.54,1.54,0.0,14.037456,0.0
2019-02-28,11,0,214,10.56,10.56,0.0,118.970977,0.0
2019-02-28,11,0,217,6.48,6.48,0.0,66.909555,0.0
2019-02-28,11,0,218,8.94,8.94,0.0,92.310405,0.0
2019-02-28,11,0,219,6.09,6.09,0.0,62.882591,0.0
2019-02-28,11,0,221,5.63,5.63,0.0,63.428655,0.0
2019-02-28,11,0,225,4.72,4.72,0.0,42.694629,0.0
2019-02-28,11,0,233,4.73,4.73,0.0,53.156127,0.0
2019-02-28,11,0,236,15.25,15.25,0.0,170.245544,0.0
2019-02-28,11,0,237,34.72,34.72,0.0,387.10726,0.0
2019-02-28,11,0,238,40.84,40.84,0.0,456.64173,0.0
2019-02-28,11,0,240,6.64,6.64,0.0,73.239991,0.0
2019-02-28,11,0,245,29.6,29.6,0.0,331.469137,0.0
2019-02-28,11,0,247,56.57,56.57,0.0,633.486792,0.0
2019-02-28,11,0,248,4.13,4.13,0.0,46.047033,0.0
2019-02-28,11,0,249,56.92,56.92,0.0,637.406191,0.0
2019-02-28,11,0,251,240.75,240.75,0.0,2693.12443,0.0
2019-02-28,11,0,252,175.98,175.98,0.0,1969.125196,0.0
2019-02-28,11,0,254,11.84,11.84,0.0,129.025998,0.0
2019-02-28,11,0,255,5.43,5.43,0.0,59.173241,0.0
2019-02-28,11,0,258,8.31,8.31,0.0,91.543873,0.0
2019-02-28,11,0,260,3.98,3.98,0.0,42.826446,0.0
2019-02-28,11,0,265,34.18,34.18,0.0,384.301268,0.0
2019-02-28,11,0,266,3.8,3.8,0.0,42.725126,0.0
2019-02-28,11,0,267,4.67,4.67,0.0,52.506932,0.0
2019-02-28,11,0,270,126.41,126.41,0.0,289.291663,0.0
2019-02-28,11,0,272,59.84,59.84,0.0,720.464753,0.0
2019-02-28,11,0,273,28.6,28.6,0.0,65.451638,0.0
2019-02-28,11,0,274,165.09,165.09,0.0,377.811571,0.0
2019-02-28,11,0,275,232.93,232.93,0.0,533.064687,0.0
2019-02-28,11,0,276,6.38,6.38,0.0,22.912268,0.0
2019-02-28,11,0,277,7.23,7.23,0.0,85.768404,0.0
2019-02-28,11,0,278,11.57,11.57,0.0,137.253172,0.0
2019-02-28,11,0,279,36.19,36.19,0.0,429.316532,0.0
2019-02-28,11,0,281,0.0,0.0,0.0,0.0,0.0
2019-02-28,11,0,282,271.97,271.97,0.0,3088.980146,0.0
2019-02-28,12,0,9,3.74,3.74,0.0,80.708594,0.0
2019-02-28,12,0,17,32.21,32.21,0.0,946.945194,0.0
2019-02-28,12,0,19,33.43,33.43,0.0,982.812103,0.0
2019-02-28,12,0,20,40.54,40.54,0.0,1191.839745,0.0
2019-02-28,12,0,21,85.41,85.41,0.0,1843.133952,0.0
2019-02-28,12,0,22,303.55,303.55,0.0,6550.559784,0.0
2019-02-28,12,0,23,1.94,1.94,0.0,41.864885,0.0
2019-02-28,12,0,24,3.26,3.26,0.0,70.350271,0.0
2019-02-28,12,0,29,6.48,6.48,0.0,36.769999,0.0
2019-02-28,12,0,30,660.38,660.38,0.0,14230.348068,0.0
2019-02-28,12,0,31,0.0,0.0,0.0,0.0,0.0
2019-02-28,12,0,32,5.08,5.08,0.0,128.70749,0.0
2019-02-28,12,0,33,2.19,2.19,0.0,69.509257,0.0
2019-02-28,12,0,34,3.5,3.5,0.0,111.087853,0.0
2019-02-28,12,0,35,3.5,3.5,0.0,111.087853,0.0
2019-02-28,12,0,36,7.96,7.96,0.0,196.584261,0.0
2019-02-28,12,0,37,3.84,3.84,0.0,93.981791,0.0
2019-02-28,12,0,38,4.93,4.93,0.0,120.658915,0.0
2019-02-28,12,0,39,3.29,3.29,0.0,80.520858,0.0
2019-02-28,12,0,40,3.29,3.29,0.0,80.520858,0.0
2019-02-28,12,0,41,5.96,5.96,0.0,139.622478,0.0
2019-02-28,12,0,42,40.45,40.45,0.0,1168.673909,0.0
2019-02-28,12,0,43,25.79,25.79,0.0,620.804788,0.0
2019-02-28,12,0,46,19.77,19.77,0.0,474.043236,0.0
2019-02-28,12,0,52,0.0,0.0,0.0,0.0,0.0
2019-02-28,12,0,53,0.0,0.0,0.0,0.0,0.0
2019-02-28,12,0,55,0.0,0.0,0.0,0.0,0.0
2019-02-28,12,0,56,194.79,194.79,0.0,4197.476453,0.0
2019-02-28,12,0,57,185.29,185.29,0.0,3992.76355,0.0
2019-02-28,12,0,58,356.32,356.32,0.0,7678.24226,0.0
2019-02-28,12,0,59,350.38,350.38,0.0,7550.242824,0.0
2019-02-28,12,0,63,30.61,30.61,0.0,826.399841,0.0
2019-02-28,12,0,64,36.01,36.01,0.0,972.187464,0.0
2019-02-28,12,0,65,35.21,35.21,0.0,1031.824484,0.0
2019-02-28,12,0,67,391.06,391.06,0.0,4800.179335,0.0
2019-02-28,12,0,68,0.0,0.0,0.0,0.0,0.0
2019-02-28,12,0,69,2.19,2.19,0.0,69.509257,0.0
2019-02-28,12,0,74,22.83,22.83,0.0,611.829768,0.0
2019-02-28,12,0,77,2.44,2.44,0.0,45.477738,0.0
2019-02-28,12,0,78,1.84,1.84,0.0,34.294688,0.0
2019-02-28,12,0,79,1.07,1.07,0.0,19.943107,0.0
2019-02-28,12,0,80,1.73,1.73,0.0,32.244462,0.0
2019-02-28,12,0,81,2.26,2.26,0.0,42.122823,0.0
2019-02-28,12,0,82,1.59,1.59,0.0,29.635084,0.0
2019-02-28,12,0,83,3.55,3.55,0.0,66.166382,0.0
2019-02-28,12,0,84,0.0,0.0,0.0,0.0,0.0
2019-02-28,12,0,86,11.07,11.07,0.0,351.355011,0.0
2019-02-28,12,0,87,56.53,56.53,0.0,1794.22753,0.0
2019-02-28,12,0,88,4.02,4.02,0.0,74.926438,0.0
2019-02-28,12,0,89,3.86,3.86,0.0,71.944291,0.0
2019-02-28,12,0,90,5.18,5.18,0.0,96.547002,0.0
2019-02-28,12,0,91,18.49,18.49,0.0,344.624338,0.0
2019-02-28,12,0,92,6.65,6.65,0.0,123.945476,0.0
2019-02-28,12,0,95,120.0,120.0,0.0,3049.643213,0.0
2019-02-28,12,0,96,1.78,1.78,0.0,38.298858,0.0
2019-02-28,12,0,97,10.94,10.94,0.0,235.387362,0.0
2019-02-28,12,0,99,4.41,4.41,0.0,118.185251,0.0
2019-02-28,12,0,101,13.3,13.3,0.0,286.598064,0.0
2019-02-28,12,0,102,0.0,0.0,0.0,0.0,0.0
2019-02-28,12,0,103,0.0,0.0,0.0,0.0,0.0
2019-02-28,12,0,104,0.0,0.0,0.0,0.0,0.0
2019-02-28,12,0,106,298.82,298.82,0.0,6448.487151,0.0
2019-02-28,12,0,109,1.52,1.52,0.0,36.620501,0.0
2019-02-28,12,0,110,32.8,32.8,0.0,64.6324,0.0
2019-02-28,12,0,111,10.8,10.8,0.0,253.007176,0.0
2019-02-28,12,0,113,3.86,3.86,0.0,72.086897,0.0
2019-02-28,12,0,115,3.86,3.86,0.0,72.086897,0.0
2019-02-28,12,0,116,154.36,154.36,0.0,304.166378,0.0
2019-02-28,12,0,117,0.26,0.26,0.0,4.855594,0.0
2019-02-28,12,0,119,36.01,36.01,0.0,972.187464,0.0
2019-02-28,12,0,120,21.18,21.18,0.0,571.811455,0.0
2019-02-28,12,0,123,4.98,4.98,0.0,107.467593,0.0
2019-02-28,12,0,125,2.98,2.98,0.0,64.307917,0.0
2019-02-28,12,0,126,224.12,224.12,0.0,4836.473262,0.0
2019-02-28,12,0,127,287.62,287.62,0.0,6206.792966,0.0
2019-02-28,12,0,128,4.08,4.08,0.0,88.045738,0.0
2019-02-28,12,0,131,1.0,1.0,0.0,16.538308,0.0
2019-02-28,12,0,132,1.47,1.47,0.0,24.311313,0.0
2019-02-28,12,0,133,6.5,6.5,0.0,191.151897,0.0
2019-02-28,12,0,134,0.0,0.0,0.0,0.0,0.0
2019-02-28,12,0,135,8.71,8.71,0.0,256.143541,0.0
2019-02-28,12,0,136,36.73,36.73,0.0,1076.177871,0.0
2019-02-28,12,0,139,7.69,7.69,0.0,180.15048,0.0
2019-02-28,12,0,140,24.27,24.27,0.0,47.824035,0.0
2019-02-28,12,0,141,11.71,11.71,0.0,143.73779,0.0
2019-02-28,12,0,142,515.71,515.71,0.0,6330.231895,0.0
2019-02-28,12,0,143,0.0,0.0,0.0,0.0,0.0
2019-02-28,12,0,145,8.31,8.31,0.0,186.951246,0.0
2019-02-28,12,0,146,0.0,0.0,0.0,0.0,0.0
2019-02-28,12,0,152,6.24,6.24,0.0,166.20022,0.0
2019-02-28,12,0,153,7.96,7.96,0.0,211.003427,0.0
2019-02-28,12,0,154,44.54,44.54,0.0,1043.420333,0.0
2019-02-28,12,0,157,8.81,8.81,0.0,108.140899,0.0
2019-02-28,12,0,158,366.32,366.32,0.0,4496.501033,0.0
2019-02-28,12,0,159,0.0,0.0,0.0,0.0,0.0
2019-02-28,12,0,160,2.23,2.23,0.0,51.963327,0.0
2019-02-28,12,0,161,76.76,76.76,0.0,1200.499992,0.0
2019-02-28,12,0,162,162.5,162.5,0.0,4132.461492,0.0
2019-02-28,12,0,163,23.31,23.31,0.0,45.932355,0.0
2019-02-28,12,0,164,25.78,25.78,0.0,555.526172,0.0
2019-02-28,12,0,167,5.04,5.04,0.0,127.844537,0.0
2019-02-28,12,0,168,2.52,2.52,0.0,63.922268,0.0
2019-02-28,12,0,169,0.0,0.0,0.0,0.0,0.0
2019-02-28,12,0,170,5.52,5.52,0.0,140.020207,0.0
2019-02-28,12,0,172,6.81,6.81,0.0,170.851605,0.0
2019-02-28,12,0,173,10.38,10.38,0.0,260.416984,0.0
2019-02-28,12,0,188,10.51,10.51,0.0,263.490689,0.0
2019-02-28,12,0,190,12.24,12.24,0.0,330.451946,0.0
2019-02-28,12,0,191,31.62,31.62,0.0,853.667526,0.0
2019-02-28,12,0,192,79.54,79.54,0.0,2147.397693,0.0
2019-02-28,12,0,194,28.31,28.31,0.0,600.582413,0.0
2019-02-28,12,0,196,8.28,8.28,0.0,252.151366,0.0
2019-02-28,12,0,198,9.9,9.9,0.0,203.149086,0.0
2019-02-28,12,0,199,113.69,113.69,0.0,1696.746198,0.0
2019-02-28,12,0,200,13.63,13.63,0.0,203.418512,0.0
2019-02-28,12,0,204,7.39,7.39,0.0,176.380697,0.0
2019-02-28,12,0,205,8.02,8.02,0.0,193.22133,0.0
2019-02-28,12,0,206,32.14,32.14,0.0,691.531062,0.0
2019-02-28,12,0,210,1.9,1.9,0.0,12.996949,0.0
2019-02-28,12,0,214,13.27,13.27,0.0,439.628685,0.0
2019-02-28,12,0,217,7.98,7.98,0.0,172.761058,0.0
2019-02-28,12,0,218,11.01,11.01,0.0,238.358302,0.0
2019-02-28,12,0,219,7.5,7.5,0.0,162.369415,0.0
2019-02-28,12,0,221,7.08,7.08,0.0,234.556977,0.0
2019-02-28,12,0,225,5.71,5.71,0.0,31.75769,0.0
2019-02-28,12,0,233,6.26,6.26,0.0,198.688561,0.0
2019-02-28,12,0,236,14.35,14.35,0.0,403.049946,0.0
2019-02-28,12,0,237,54.76,54.76,0.0,1467.533864,0.0
2019-02-28,12,0,238,52.64,52.64,0.0,1520.865131,0.0
2019-02-28,12,0,240,9.03,9.03,0.0,223.009533,0.0
2019-02-28,12,0,245,37.38,37.38,0.0,1111.891902,0.0
2019-02-28,12,0,247,73.99,73.99,0.0,2200.879664,0.0
2019-02-28,12,0,248,5.5,5.5,0.0,147.396571,0.0
2019-02-28,12,0,249,71.89,71.89,0.0,2138.413827,0.0
2019-02-28,12,0,251,326.4,326.4,0.0,9514.609453,0.0
2019-02-28,12,0,252,227.11,227.11,0.0,6655.429099,0.0
2019-02-28,12,0,254,15.77,15.77,0.0,376.562582,0.0
2019-02-28,12,0,255,7.23,7.23,0.0,172.64093,0.0
2019-02-28,12,0,258,11.36,11.36,0.0,279.405734,0.0
2019-02-28,12,0,260,5.42,5.42,0.0,126.296517,0.0
2019-02-28,12,0,265,46.12,46.12,0.0,1080.434346,0.0
2019-02-28,12,0,266,4.98,4.98,0.0,116.66442,0.0
2019-02-28,12,0,267,6.12,6.12,0.0,143.370733,0.0
2019-02-28,12,0,270,72.78,72.78,0.0,143.412989,0.0
2019-02-28,12,0,272,12.9,12.9,0.0,240.91217,0.0
2019-02-28,12,0,273,36.91,36.91,0.0,72.731154,0.0
2019-02-28,12,0,274,93.82,93.82,0.0,184.872309,0.0
2019-02-28,12,0,275,130.6,130.6,0.0,257.347298,0.0
2019-02-28,12,0,276,8.33,8.33,0.0,35.579349,0.0
2019-02-28,12,0,277,9.27,9.27,0.0,172.983302,0.0
2019-02-28,12,0,278,14.83,14.83,0.0,276.735961,0.0
2019-02-28,12,0,279,9.19,9.19,0.0,171.490458,0.0
2019-02-28,12,0,281,0.0,0.0,0.0,0.0,0.0
2019-02-28,12,0,282,362.26,362.26,0.0,7806.241696,0.0
2019-02-28,13,0,9,4.36,4.36,0.0,-1610.719364,0.0
2019-02-28,13,0,17,43.14,43.14,0.0,3099.74247,0.0
2019-02-28,13,0,19,37.66,37.66,0.0,2705.987515,0.0
2019-02-28,13,0,20,45.68,45.68,0.0,3282.249328,0.0
2019-02-28,13,0,21,99.59,99.59,0.0,-36791.637939,0.0
2019-02-28,13,0,22,353.92,353.92,0.0,-130749.03604,0.0
2019-02-28,13,0,23,2.81,2.81,0.0,-1038.101241,0.0
2019-02-28,13,0,24,4.91,4.91,0.0,-1813.906439,0.0
2019-02-28,13,0,29,6.74,6.74,0.0,22.007537,0.0
2019-02-28,13,0,30,779.14,779.14,0.0,-779140.0,0.0
2019-02-28,13,0,31,10.26,10.26,0.0,-10260.0,0.0
2019-02-28,13,0,32,5.6,5.6,0.0,323.550287,0.0
2019-02-28,13,0,33,2.35,2.35,0.0,177.810312,0.0
2019-02-28,13,0,34,3.77,3.77,0.0,285.253139,0.0
2019-02-28,13,0,35,3.77,3.77,0.0,285.253139,0.0
2019-02-28,13,0,36,9.68,9.68,0.0,46.492932,0.0
2019-02-28,13,0,37,5.02,5.02,0.0,54.372799,0.0
2019-02-28,13,0,38,6.46,6.46,0.0,69.969777,0.0
2019-02-28,13,0,39,4.3,4.3,0.0,46.57431,0.0
2019-02-28,13,0,40,4.3,4.3,0.0,46.57431,0.0
2019-02-28,13,0,41,7.9,7.9,0.0,274.288641,0.0
2019-02-28,13,0,42,46.34,46.34,0.0,3291.392623,0.0
2019-02-28,13,0,43,27.05,27.05,0.0,436.33693,0.0
2019-02-28,13,0,46,27.8,27.8,0.0,697.899005,0.0
2019-02-28,13,0,52,10.88,10.88,0.0,-10880.0,0.0
2019-02-28,13,0,53,17.28,17.28,0.0,-17280.0,0.0
2019-02-28,13,0,55,18.68,18.68,0.0,-6900.971952,0.0
2019-02-28,13,0,56,229.82,229.82,0.0,-229820.0,0.0
2019-02-28,13,0,57,218.61,218.61,0.0,-218610.0,0.0
2019-02-28,13,0,58,420.4,420.4,0.0,-420400.0,0.0
2019-02-28,13,0,59,413.39,413.39,0.0,-413390.0,0.0
2019-02-28,13,0,63,22.45,22.45,0.0,1388.217029,0.0
2019-02-28,13,0,64,26.41,26.41,0.0,1633.087382,0.0
2019-02-28,13,0,65,41.4,41.4,0.0,2968.365213,0.0
2019-02-28,13,0,67,462.42,462.42,0.0,5944.183978,0.0
2019-02-28,13,0,68,0.0,0.0,0.0,0.0,0.0
2019-02-28,13,0,69,2.35,2.35,0.0,177.810312,0.0
2019-02-28,13,0,74,24.86,24.86,0.0,1641.511811,0.0
2019-02-28,13,0,77,0.0,0.0,0.0,0.0,0.0
2019-02-28,13,0,78,0.0,0.0,0.0,0.0,0.0
2019-02-28,13,0,79,0.0,0.0,0.0,0.0,0.0
2019-02-28,13,0,80,0.0,0.0,0.0,0.0,0.0
2019-02-28,13,0,81,0.0,0.0,0.0,0.0,0.0
2019-02-28,13,0,82,0.0,0.0,0.0,0.0,0.0
2019-02-28,13,0,83,0.0,0.0,0.0,0.0,0.0
2019-02-28,13,0,84,0.0,0.0,0.0,0.0,0.0
2019-02-28,13,0,86,11.93,11.93,0.0,902.671073,0.0
2019-02-28,13,0,87,60.89,60.89,0.0,4607.178681,0.0
2019-02-28,13,0,88,1.13,1.13,0.0,62.865193,0.0
2019-02-28,13,0,89,1.09,1.09,0.0,60.639876,0.0
2019-02-28,13,0,90,1.46,1.46,0.0,81.224055,0.0
2019-02-28,13,0,91,5.23,5.23,0.0,290.960141,0.0
2019-02-28,13,0,92,1.88,1.88,0.0,104.589878,0.0
2019-02-28,13,0,95,120.0,120.0,0.0,6942.341348,0.0
2019-02-28,13,0,96,0.71,0.71,0.0,53.565638,0.0
2019-02-28,13,0,97,4.36,4.36,0.0,328.938284,0.0
2019-02-28,13,0,99,4.8,4.8,0.0,316.945161,0.0
2019-02-28,13,0,101,15.69,15.69,0.0,-15690.0,0.0
2019-02-28,13,0,102,0.0,0.0,0.0,0.0,0.0
2019-02-28,13,0,103,0.0,0.0,0.0,0.0,0.0
2019-02-28,13,0,104,0.0,0.0,0.0,0.0,0.0
2019-02-28,13,0,106,348.4,348.4,0.0,-128709.776663,0.0
2019-02-28,13,0,109,0.0,0.0,0.0,0.0,0.0
2019-02-28,13,0,110,27.01,27.01,0.0,241.615465,0.0
2019-02-28,13,0,111,15.51,15.51,0.0,538.508458,0.0
2019-02-28,13,0,113,1.06,1.06,0.0,54.516822,0.0
2019-02-28,13,0,115,1.06,1.06,0.0,54.516822,0.0
2019-02-28,13,0,116,176.08,176.08,0.0,1575.107405,0.0
2019-02-28,13,0,117,0.07,0.07,0.0,3.600167,0.0
2019-02-28,13,0,119,26.41,26.41,0.0,1633.087382,0.0
2019-02-28,13,0,120,15.53,15.53,0.0,960.31227,0.0
2019-02-28,13,0,123,5.81,5.81,0.0,-2146.394381,0.0
2019-02-28,13,0,125,4.46,4.46,0.0,-1647.662468,0.0
2019-02-28,13,0,126,261.3,261.3,0.0,-96532.332497,0.0
2019-02-28,13,0,127,335.34,335.34,0.0,-123885.007193,0.0
2019-02-28,13,0,128,6.29,6.29,0.0,-2323.721284,0.0
2019-02-28,13,0,131,0.0,0.0,0.0,0.0,0.0
2019-02-28,13,0,132,0.0,0.0,0.0,0.0,0.0
2019-02-28,13,0,133,6.3,6.3,0.0,452.765573,0.0
2019-02-28,13,0,134,0.0,0.0,0.0,0.0,0.0
2019-02-28,13,0,135,8.44,8.44,0.0,606.562133,0.0
2019-02-28,13,0,136,42.56,42.56,0.0,3051.178266,0.0
2019-02-28,13,0,139,10.21,10.21,0.0,354.492028,0.0
2019-02-28,13,0,140,19.99,19.99,0.0,178.818702,0.0
2019-02-28,13,0,141,36.67,36.67,0.0,471.374998,0.0
2019-02-28,13,0,142,609.82,609.82,0.0,7838.939218,0.0
2019-02-28,13,0,143,26.2,26.2,0.0,-26200.0,0.0
2019-02-28,13,0,145,9.61,9.61,0.0,308.158643,0.0
2019-02-28,13,0,146,0.0,0.0,0.0,0.0,0.0
2019-02-28,13,0,152,9.16,9.16,0.0,625.880685,0.0
2019-02-28,13,0,153,10.84,10.84,0.0,739.12613,0.0
2019-02-28,13,0,154,63.96,63.96,0.0,2220.696388,0.0
2019-02-28,13,0,157,0.0,0.0,0.0,0.0,0.0
2019-02-28,13,0,158,442.85,442.85,0.0,5692.621155,0.0
2019-02-28,13,0,159,0.0,0.0,0.0,0.0,0.0
2019-02-28,13,0,160,2.35,2.35,0.0,55.287178,0.0
2019-02-28,13,0,161,89.32,89.32,0.0,1262.183742,0.0
2019-02-28,13,0,162,154.18,154.18,0.0,8927.497048,0.0
2019-02-28,13,0,163,6.41,6.41,0.0,57.340064,0.0
2019-02-28,13,0,164,30.8,30.8,0.0,-30800.0,0.0
2019-02-28,13,0,167,5.81,5.81,0.0,335.497607,0.0
2019-02-28,13,0,168,2.9,2.9,0.0,167.460079,0.0
2019-02-28,13,0,169,0.0,0.0,0.0,0.0,0.0
2019-02-28,13,0,170,6.35,6.35,0.0,366.679829,0.0
2019-02-28,13,0,172,7.95,7.95,0.0,437.873149,0.0
2019-02-28,13,0,173,12.12,12.12,0.0,667.550008,0.0
2019-02-28,13,0,188,11.71,11.71,0.0,666.06245,0.0
2019-02-28,13,0,190,14.1,14.1,0.0,871.886864,0.0
2019-02-28,13,0,191,36.43,36.43,0.0,2252.683579,0.0
2019-02-28,13,0,192,48.25,48.25,0.0,2983.584482,0.0
2019-02-28,13,0,194,21.5,21.5,0.0,1155.403301,0.0
2019-02-28,13,0,196,9.17,9.17,0.0,631.792553,0.0
2019-02-28,13,0,198,11.45,11.45,0.0,362.246976,0.0
2019-02-28,13,0,199,73.53,73.53,0.0,2797.869529,0.0
2019-02-28,13,0,200,19.45,19.45,0.0,740.086527,0.0
2019-02-28,13,0,204,0.0,0.0,0.0,0.0,0.0
2019-02-28,13,0,205,0.0,0.0,0.0,0.0,0.0
2019-02-28,13,0,206,12.82,12.82,0.0,967.199266,0.0
2019-02-28,13,0,210,2.14,2.14,0.0,14.505229,0.0
2019-02-28,13,0,214,10.49,10.49,0.0,816.858459,0.0
2019-02-28,13,0,217,8.25,8.25,0.0,381.327563,0.0
2019-02-28,13,0,218,11.38,11.38,0.0,526.000929,0.0
2019-02-28,13,0,219,7.75,7.75,0.0,358.216801,0.0
2019-02-28,13,0,221,5.6,5.6,0.0,436.073153,0.0
2019-02-28,13,0,225,5.72,5.72,0.0,16.736484,0.0
2019-02-28,13,0,233,6.75,6.75,0.0,510.731747,0.0
2019-02-28,13,0,236,27.04,27.04,0.0,1891.761786,0.0
2019-02-28,13,0,237,59.63,59.63,0.0,3937.383318,0.0
2019-02-28,13,0,238,60.31,60.31,0.0,4283.640248,0.0
2019-02-28,13,0,240,10.97,10.97,0.0,52.688788,0.0
2019-02-28,13,0,245,46.37,46.37,0.0,3357.993838,0.0
2019-02-28,13,0,247,95.52,95.52,0.0,6917.307988,0.0
2019-02-28,13,0,248,5.99,5.99,0.0,395.521148,0.0
2019-02-28,13,0,249,89.18,89.18,0.0,6458.181809,0.0
2019-02-28,13,0,251,326.4,326.4,0.0,23320.529826,0.0
2019-02-28,13,0,252,267.06,267.06,0.0,19148.106611,0.0
2019-02-28,13,0,254,19.83,19.83,0.0,356.674263,0.0
2019-02-28,13,0,255,9.09,9.09,0.0,163.498187,0.0
2019-02-28,13,0,258,13.27,13.27,0.0,88.013481,0.0
2019-02-28,13,0,260,5.7,5.7,0.0,134.100815,0.0
2019-02-28,13,0,265,66.22,66.22,0.0,2299.163771,0.0
2019-02-28,13,0,266,6.61,6.61,0.0,229.499736,0.0
2019-02-28,13,0,267,8.12,8.12,0.0,281.927059,0.0
2019-02-28,13,0,270,19.93,19.93,0.0,178.281977,0.0
2019-02-28,13,0,272,3.55,3.55,0.0,182.579922,0.0
2019-02-28,13,0,273,42.11,42.11,0.0,376.691122,0.0
2019-02-28,13,0,274,25.69,25.69,0.0,229.807526,0.0
2019-02-28,13,0,275,35.74,35.74,0.0,319.708875,0.0
2019-02-28,13,0,276,9.25,9.25,0.0,90.818614,0.0
2019-02-28,13,0,277,11.14,11.14,0.0,591.707712,0.0
2019-02-28,13,0,278,17.83,17.83,0.0,947.051033,0.0
2019-02-28,13,0,279,0.0,0.0,0.0,0.0,0.0
2019-02-28,13,0,281,4.61,4.61,0.0,-4610.0,0.0
2019-02-28,13,0,282,427.41,427.41,0.0,-427410.0,0.0
2019-02-28,14,0,9,4.52,4.52,0.0,-1753.216824,0.0
2019-02-28,14,0,17,44.68,44.68,0.0,645.572269,0.0
2019-02-28,14,0,19,61.96,61.96,0.0,895.247488,0.0
2019-02-28,14,0,20,75.15,75.15,0.0,1085.827126,0.0
2019-02-28,14,0,21,103.35,103.35,0.0,-40087.380259,0.0
2019-02-28,14,0,22,367.29,367.29,0.0,-142464.382151,0.0
2019-02-28,14,0,23,1.75,1.75,0.0,-678.7897,0.0
2019-02-28,14,0,24,3.01,3.01,0.0,-1167.518283,0.0
2019-02-28,14,0,29,6.69,6.69,0.0,34.923193,0.0
2019-02-28,14,0,30,832.45,832.45,0.0,-832450.0,0.0
2019-02-28,14,0,31,8.61,8.61,0.0,-8610.0,0.0
2019-02-28,14,0,32,5.61,5.61,0.0,191.54206,0.0
2019-02-28,14,0,33,2.42,2.42,0.0,45.827759,0.0
2019-02-28,14,0,34,3.86,3.86,0.0,73.09717,0.0
2019-02-28,14,0,35,3.86,3.86,0.0,73.09717,0.0
2019-02-28,14,0,36,9.99,9.99,0.0,75.473625,0.0
2019-02-28,14,0,37,5.17,5.17,0.0,38.78388,0.0
2019-02-28,14,0,38,6.65,6.65,0.0,49.886422,0.0
2019-02-28,14,0,39,4.43,4.43,0.0,33.232609,0.0
2019-02-28,14,0,40,4.43,4.43,0.0,33.232609,0.0
2019-02-28,14,0,41,8.36,8.36,0.0,-53.501893,0.0
2019-02-28,14,0,42,48.94,48.94,0.0,659.510194,0.0
2019-02-28,14,0,43,27.46,27.46,0.0,223.103758,0.0
2019-02-28,14,0,46,28.52,28.52,0.0,188.235626,0.0
2019-02-28,14,0,52,9.13,9.13,0.0,-9130.0,0.0
2019-02-28,14,0,53,14.5,14.5,0.0,-14500.0,0.0
2019-02-28,14,0,55,24.38,24.38,0.0,-9456.510215,0.0
2019-02-28,14,0,56,245.54,245.54,0.0,-245540.0,0.0
2019-02-28,14,0,57,233.56,233.56,0.0,-233560.0,0.0
2019-02-28,14,0,58,449.16,449.16,0.0,-449160.0,0.0
2019-02-28,14,0,59,441.68,441.68,0.0,-441680.0,0.0
2019-02-28,14,0,63,19.25,19.25,0.0,702.665559,0.0
2019-02-28,14,0,64,22.64,22.64,0.0,826.407702,0.0
2019-02-28,14,0,65,41.4,41.4,0.0,590.698045,0.0
2019-02-28,14,0,67,474.36,474.36,0.0,6071.408338,0.0
2019-02-28,14,0,68,0.82,0.82,0.0,11.901378,0.0
2019-02-28,14,0,69,2.42,2.42,0.0,45.827759,0.0
2019-02-28,14,0,74,58.16,58.16,0.0,518.676985,0.0
2019-02-28,14,0,77,2.19,2.19,0.0,71.638171,0.0
2019-02-28,14,0,78,1.65,1.65,0.0,53.973965,0.0
2019-02-28,14,0,79,0.96,0.96,0.0,31.403034,0.0
2019-02-28,14,0,80,1.55,1.55,0.0,50.702815,0.0
2019-02-28,14,0,81,2.02,2.02,0.0,66.077217,0.0
2019-02-28,14,0,82,1.43,1.43,0.0,46.777436,0.0
2019-02-28,14,0,83,3.18,3.18,0.0,104.02255,0.0
2019-02-28,14,0,84,0.0,0.0,0.0,0.0,0.0
2019-02-28,14,0,86,12.24,12.24,0.0,231.789989,0.0
2019-02-28,14,0,87,62.48,62.48,0.0,1183.189422,0.0
2019-02-28,14,0,88,1.81,1.81,0.0,59.207804,0.0
2019-02-28,14,0,89,1.74,1.74,0.0,56.917999,0.0
2019-02-28,14,0,90,2.34,2.34,0.0,76.544895,0.0
2019-02-28,14,0,91,8.33,8.33,0.0,272.486743,0.0
2019-02-28,14,0,92,3.0,3.0,0.0,98.134481,0.0
2019-02-28,14,0,95,120.0,120.0,0.0,4102.44726,0.0
2019-02-28,14,0,96,0.88,0.88,0.0,38.933756,0.0
2019-02-28,14,0,97,5.88,5.88,0.0,260.148279,0.0
2019-02-28,14,0,99,11.22,11.22,0.0,100.061138,0.0
2019-02-28,14,0,101,16.77,16.77,0.0,-16770.0,0.0
2019-02-28,14,0,102,1.95,1.95,0.0,28.302059,0.0
2019-02-28,14,0,103,1.69,1.69,0.0,24.528451,0.0
2019-02-28,14,0,104,0.32,0.32,0.0,4.64444,0.0
2019-02-28,14,0,106,361.57,361.57,0.0,-140245.709533,0.0
2019-02-28,14,0,109,0.0,0.0,0.0,0.0,0.0
2019-02-28,14,0,110,31.41,31.41,0.0,237.087184,0.0
2019-02-28,14,0,111,16.57,16.57,0.0,-106.043824,0.0
2019-02-28,14,0,113,1.44,1.44,0.0,43.867547,0.0
2019-02-28,14,0,115,1.44,1.44,0.0,43.867547,0.0
2019-02-28,14,0,116,178.33,178.33,0.0,1346.060413,0.0
2019-02-28,14,0,117,0.1,0.1,0.0,3.046357,0.0
2019-02-28,14,0,119,22.64,22.64,0.0,826.407702,0.0
2019-02-28,14,0,120,13.31,13.31,0.0,485.843044,0.0
2019-02-28,14,0,123,6.03,6.03,0.0,-2338.915365,0.0
2019-02-28,14,0,125,2.75,2.75,0.0,-1066.669528,0.0
2019-02-28,14,0,126,271.18,271.18,0.0,-105185.251849,0.0
2019-02-28,14,0,127,348.01,348.01,0.0,-134986.059061,0.0
2019-02-28,14,0,128,3.81,3.81,0.0,-1477.822146,0.0
2019-02-28,14,0,131,1.37,1.37,0.0,42.402998,0.0
2019-02-28,14,0,132,2.01,2.01,0.0,62.211698,0.0
2019-02-28,14,0,133,10.46,10.46,0.0,151.312528,0.0
2019-02-28,14,0,134,0.0,0.0,0.0,0.0,0.0
2019-02-28,14,0,135,14.01,14.01,0.0,202.666206,0.0
2019-02-28,14,0,136,45.9,45.9,0.0,654.448951,0.0
2019-02-28,14,0,139,10.8,10.8,0.0,-69.117278,0.0
2019-02-28,14,0,140,23.25,23.25,0.0,175.494334,0.0
2019-02-28,14,0,141,49.74,49.74,0.0,636.630093,0.0
2019-02-28,14,0,142,625.56,625.56,0.0,8006.640948,0.0
2019-02-28,14,0,143,24.03,24.03,0.0,-24030.0,0.0
2019-02-28,14,0,145,3.11,3.11,0.0,1.684365,0.0
2019-02-28,14,0,146,7.41,7.41,0.0,55.931743,0.0
2019-02-28,14,0,152,9.64,9.64,0.0,91.402288,0.0
2019-02-28,14,0,153,11.44,11.44,0.0,105.939725,0.0
2019-02-28,14,0,154,68.35,68.35,0.0,-437.422776,0.0
2019-02-28,14,0,157,0.0,0.0,0.0,0.0,0.0
2019-02-28,14,0,158,467.72,467.72,0.0,5986.421933,0.0
2019-02-28,14,0,159,0.0,0.0,0.0,0.0,0.0
2019-02-28,14,0,160,2.38,2.38,0.0,23.993174,0.0
2019-02-28,14,0,161,91.81,91.81,0.0,1332.518976,0.0
2019-02-28,14,0,162,111.54,111.54,0.0,3816.482147,0.0
2019-02-28,14,0,163,13.75,13.75,0.0,103.786972,0.0
2019-02-28,14,0,164,32.93,32.93,0.0,-32930.0,0.0
2019-02-28,14,0,167,5.93,5.93,0.0,202.357121,0.0
2019-02-28,14,0,168,2.96,2.96,0.0,101.007939,0.0
2019-02-28,14,0,169,0.0,0.0,0.0,0.0,0.0
2019-02-28,14,0,170,6.49,6.49,0.0,221.466731,0.0
2019-02-28,14,0,172,8.09,8.09,0.0,263.516235,0.0
2019-02-28,14,0,173,12.32,12.32,0.0,401.300373,0.0
2019-02-28,14,0,188,11.74,11.74,0.0,394.715597,0.0
2019-02-28,14,0,190,14.17,14.17,0.0,517.234856,0.0
2019-02-28,14,0,191,36.61,36.61,0.0,1336.342136,0.0
2019-02-28,14,0,192,57.11,57.11,0.0,2084.635329,0.0
2019-02-28,14,0,194,11.31,11.31,0.0,359.670296,0.0
2019-02-28,14,0,196,9.24,9.24,0.0,375.193712,0.0
2019-02-28,14,0,198,11.9,11.9,0.0,148.337633,0.0
2019-02-28,14,0,199,127.45,127.45,0.0,2888.79428,0.0
2019-02-28,14,0,200,19.76,19.76,0.0,447.88211,0.0
2019-02-28,14,0,204,0.0,0.0,0.0,0.0,0.0
2019-02-28,14,0,205,0.0,0.0,0.0,0.0,0.0
2019-02-28,14,0,206,20.81,20.81,0.0,920.694845,0.0
2019-02-28,14,0,210,2.14,2.14,0.0,14.034848,0.0
2019-02-28,14,0,214,10.57,10.57,0.0,228.137193,0.0
2019-02-28,14,0,217,8.41,8.41,0.0,126.660773,0.0
2019-02-28,14,0,218,11.6,11.6,0.0,174.704514,0.0
2019-02-28,14,0,219,7.9,7.9,0.0,118.979798,0.0
2019-02-28,14,0,221,5.64,5.64,0.0,121.730726,0.0
2019-02-28,14,0,225,5.77,5.77,0.0,29.374959,0.0
2019-02-28,14,0,233,6.92,6.92,0.0,131.044667,0.0
2019-02-28,14,0,236,30.81,30.81,0.0,370.229671,0.0
2019-02-28,14,0,237,139.51,139.51,0.0,1244.164825,0.0
2019-02-28,14,0,238,63.71,63.71,0.0,858.54913,0.0
2019-02-28,14,0,240,11.32,11.32,0.0,85.521666,0.0
2019-02-28,14,0,245,60.42,60.42,0.0,913.151016,0.0
2019-02-28,14,0,247,132.21,132.21,0.0,1998.141274,0.0
2019-02-28,14,0,248,14.0,14.0,0.0,124.85347,0.0
2019-02-28,14,0,249,116.19,116.19,0.0,1756.024769,0.0
2019-02-28,14,0,251,326.4,326.4,0.0,4560.2461,0.0
2019-02-28,14,0,252,267.06,267.06,0.0,3810.430433,0.0
2019-02-28,14,0,254,20.11,20.11,0.0,173.260376,0.0
2019-02-28,14,0,255,9.21,9.21,0.0,79.349978,0.0
2019-02-28,14,0,258,13.65,13.65,0.0,104.380718,0.0
2019-02-28,14,0,260,5.79,5.79,0.0,58.36995,0.0
2019-02-28,14,0,265,70.77,70.77,0.0,-452.910166,0.0
2019-02-28,14,0,266,6.99,6.99,0.0,-44.734239,0.0
2019-02-28,14,0,267,8.59,8.59,0.0,-54.973835,0.0
2019-02-28,14,0,270,47.8,47.8,0.0,360.801255,0.0
2019-02-28,14,0,272,4.81,4.81,0.0,146.529792,0.0
2019-02-28,14,0,273,42.64,42.64,0.0,321.852835,0.0
2019-02-28,14,0,274,63.76,63.76,0.0,481.269623,0.0
2019-02-28,14,0,275,92.74,92.74,0.0,700.014819,0.0
2019-02-28,14,0,276,9.45,9.45,0.0,82.409519,0.0
2019-02-28,14,0,277,11.36,11.36,0.0,356.304145,0.0
2019-02-28,14,0,278,18.18,18.18,0.0,570.212091,0.0
2019-02-28,14,0,279,6.95,6.95,0.0,217.985371,0.0
2019-02-28,14,0,281,3.86,3.86,0.0,-3860.0,0.0
2019-02-28,14,0,282,456.65,456.65,0.0,-456650.0,0.0
2019-02-28,15,0,9,4.32,4.32,0.0,-1670.664744,0.0
2019-02-28,15,0,17,43.02,43.02,0.0,597.110069,0.0
2019-02-28,15,0,19,97.31,97.31,0.0,1350.645766,0.0
2019-02-28,15,0,20,118.02,118.02,0.0,1638.096941,0.0
2019-02-28,15,0,21,98.77,98.77,0.0,-38197.119619,0.0
2019-02-28,15,0,22,351.03,351.03,0.0,-135753.112281,0.0
2019-02-28,15,0,23,1.98,1.98,0.0,-765.721341,0.0
2019-02-28,15,0,24,3.5,3.5,0.0,-1353.547825,0.0
2019-02-28,15,0,29,6.38,6.38,0.0,30.525631,0.0
2019-02-28,15,0,30,802.98,802.98,0.0,-802980.0,0.0
2019-02-28,15,0,31,7.63,7.63,0.0,-7630.0,0.0
2019-02-28,15,0,32,5.42,5.42,0.0,164.573872,0.0
2019-02-28,15,0,33,2.38,2.38,0.0,42.603809,0.0
2019-02-28,15,0,34,3.8,3.8,0.0,68.022889,0.0
2019-02-28,15,0,35,3.8,3.8,0.0,68.022889,0.0
2019-02-28,15,0,36,9.81,9.81,0.0,75.93071,0.0
2019-02-28,15,0,37,5.06,5.06,0.0,38.969549,0.0
2019-02-28,15,0,38,6.51,6.51,0.0,50.136712,0.0
2019-02-28,15,0,39,4.34,4.34,0.0,33.424475,0.0
2019-02-28,15,0,40,4.34,4.34,0.0,33.424475,0.0
2019-02-28,15,0,41,16.01,16.01,0.0,-85.066778,0.0
2019-02-28,15,0,42,47.53,47.53,0.0,618.281037,0.0
2019-02-28,15,0,43,27.02,27.02,0.0,222.36816,0.0
2019-02-28,15,0,46,27.68,27.68,0.0,192.768711,0.0
2019-02-28,15,0,52,8.08,8.08,0.0,-8080.0,0.0
2019-02-28,15,0,53,12.84,12.84,0.0,-12840.0,0.0
2019-02-28,15,0,55,33.89,33.89,0.0,-13106.210225,0.0
2019-02-28,15,0,56,236.85,236.85,0.0,-236850.0,0.0
2019-02-28,15,0,57,225.3,225.3,0.0,-225300.0,0.0
2019-02-28,15,0,58,433.26,433.26,0.0,-433260.0,0.0
2019-02-28,15,0,59,426.04,426.04,0.0,-426040.0,0.0
2019-02-28,15,0,63,20.5,20.5,0.0,664.764921,0.0
2019-02-28,15,0,64,24.12,24.12,0.0,782.152678,0.0
2019-02-28,15,0,65,41.4,41.4,0.0,567.92169,0.0
2019-02-28,15,0,67,455.25,455.25,0.0,5826.816439,0.0
2019-02-28,15,0,68,4.24,4.24,0.0,61.538835,0.0
2019-02-28,15,0,69,2.38,2.38,0.0,42.603809,0.0
2019-02-28,15,0,74,113.15,113.15,0.0,1006.48441,0.0
2019-02-28,15,0,77,5.57,5.57,0.0,162.133872,0.0
2019-02-28,15,0,78,4.21,4.21,0.0,122.546427,0.0
2019-02-28,15,0,79,2.44,2.44,0.0,71.024533,0.0
2019-02-28,15,0,80,3.94,3.94,0.0,114.687155,0.0
2019-02-28,15,0,81,5.15,5.15,0.0,149.908337,0.0
2019-02-28,15,0,82,3.64,3.64,0.0,105.954631,0.0
2019-02-28,15,0,83,8.11,8.11,0.0,236.069246,0.0
2019-02-28,15,0,84,0.0,0.0,0.0,0.0,0.0
2019-02-28,15,0,86,12.05,12.05,0.0,215.70416,0.0
2019-02-28,15,0,87,61.51,61.51,0.0,1101.075758,0.0
2019-02-28,15,0,88,4.9,4.9,0.0,142.631234,0.0
2019-02-28,15,0,89,4.71,4.71,0.0,137.100635,0.0
2019-02-28,15,0,90,6.32,6.32,0.0,183.965183,0.0
2019-02-28,15,0,91,22.56,22.56,0.0,656.685843,0.0
2019-02-28,15,0,92,8.11,8.11,0.0,236.069246,0.0
2019-02-28,15,0,95,96.81,96.81,0.0,2943.263914,0.0
2019-02-28,15,0,96,1.4,1.4,0.0,64.74908,0.0
2019-02-28,15,0,97,8.6,8.6,0.0,397.744346,0.0
2019-02-28,15,0,99,21.84,21.84,0.0,194.269726,0.0
2019-02-28,15,0,101,16.18,16.18,0.0,-16180.0,0.0
2019-02-28,15,0,102,10.05,10.05,0.0,145.864456,0.0
2019-02-28,15,0,103,8.74,8.74,0.0,126.851278,0.0
2019-02-28,15,0,104,1.62,1.62,0.0,23.512479,0.0
2019-02-28,15,0,106,345.56,345.56,0.0,-133637.710395,0.0
2019-02-28,15,0,109,3.77,3.77,0.0,21.668822,0.0
2019-02-28,15,0,110,55.78,55.78,0.0,421.035439,0.0
2019-02-28,15,0,111,15.99,15.99,0.0,-84.960511,0.0
2019-02-28,15,0,113,4.85,4.85,0.0,131.79373,0.0
2019-02-28,15,0,115,4.85,4.85,0.0,131.79373,0.0
2019-02-28,15,0,116,170.95,170.95,0.0,1290.355114,0.0
2019-02-28,15,0,117,0.32,0.32,0.0,8.695669,0.0
2019-02-28,15,0,119,24.12,24.12,0.0,782.152678,0.0
2019-02-28,15,0,120,14.18,14.18,0.0,459.82276,0.0
2019-02-28,15,0,123,5.76,5.76,0.0,-2227.552992,0.0
2019-02-28,15,0,125,3.17,3.17,0.0,-1225.927601,0.0
2019-02-28,15,0,126,259.17,259.17,0.0,-100228.282796,0.0
2019-02-28,15,0,127,332.6,332.6,0.0,-128625.716163,0.0
2019-02-28,15,0,128,4.54,4.54,0.0,-1755.744893,0.0
2019-02-28,15,0,131,7.31,7.31,0.0,200.611708,0.0
2019-02-28,15,0,132,10.76,10.76,0.0,295.291653,0.0
2019-02-28,15,0,133,16.62,16.62,0.0,230.936218,0.0
2019-02-28,15,0,134,0.0,0.0,0.0,0.0,0.0
2019-02-28,15,0,135,22.27,22.27,0.0,309.443416,0.0
2019-02-28,15,0,136,45.9,45.9,0.0,629.244325,0.0
2019-02-28,15,0,139,20.82,20.82,0.0,-110.624005,0.0
2019-02-28,15,0,140,41.28,41.28,0.0,311.58736,0.0
2019-02-28,15,0,141,65.91,65.91,0.0,843.592469,0.0
2019-02-28,15,0,142,600.36,600.36,0.0,7684.10218,0.0
2019-02-28,15,0,143,23.13,23.13,0.0,-23130.0,0.0
2019-02-28,15,0,145,3.26,3.26,0.0,6.39876,0.0
2019-02-28,15,0,146,33.01,33.01,0.0,249.164214,0.0
2019-02-28,15,0,152,9.36,9.36,0.0,88.434988,0.0
2019-02-28,15,0,153,11.14,11.14,0.0,103.059538,0.0
2019-02-28,15,0,154,65.97,65.97,0.0,-350.521883,0.0
2019-02-28,15,0,157,0.0,0.0,0.0,0.0,0.0
2019-02-28,15,0,158,446.52,446.52,0.0,5715.079794,0.0
2019-02-28,15,0,159,0.0,0.0,0.0,0.0,0.0
2019-02-28,15,0,160,2.29,2.29,0.0,22.61682,0.0
2019-02-28,15,0,161,87.45,87.45,0.0,1269.238475,0.0
2019-02-28,15,0,162,79.65,79.65,0.0,2423.59358,0.0
2019-02-28,15,0,163,29.83,29.83,0.0,225.161118,0.0
2019-02-28,15,0,164,31.2,31.2,0.0,-31200.0,0.0
2019-02-28,15,0,167,5.62,5.62,0.0,170.553565,0.0
2019-02-28,15,0,168,2.81,2.81,0.0,85.276783,0.0
2019-02-28,15,0,169,0.0,0.0,0.0,0.0,0.0
2019-02-28,15,0,170,6.15,6.15,0.0,186.637798,0.0
2019-02-28,15,0,172,7.76,7.76,0.0,224.932682,0.0
2019-02-28,15,0,173,11.82,11.82,0.0,342.616533,0.0
2019-02-28,15,0,188,11.38,11.38,0.0,340.346704,0.0
2019-02-28,15,0,190,13.37,13.37,0.0,433.556439,0.0
2019-02-28,15,0,191,34.53,34.53,0.0,1119.723547,0.0
2019-02-28,15,0,192,80.67,80.67,0.0,2615.931033,0.0
2019-02-28,15,0,194,9.88,9.88,0.0,279.901755,0.0
2019-02-28,15,0,196,8.78,8.78,0.0,316.195462,0.0
2019-02-28,15,0,198,11.57,11.57,0.0,136.410866,0.0
2019-02-28,15,0,199,108.81,108.81,0.0,2207.50108,0.0
2019-02-28,15,0,200,19.14,19.14,0.0,388.305952,0.0
2019-02-28,15,0,204,14.7,14.7,0.0,80.430954,0.0
2019-02-28,15,0,205,19.97,19.97,0.0,114.781534,0.0
2019-02-28,15,0,206,25.28,25.28,0.0,1169.183379,0.0
2019-02-28,15,0,210,2.06,2.06,0.0,12.362625,0.0
2019-02-28,15,0,214,10.41,10.41,0.0,211.015796,0.0
2019-02-28,15,0,217,8.16,8.16,0.0,114.845491,0.0
2019-02-28,15,0,218,11.26,11.26,0.0,158.475518,0.0
2019-02-28,15,0,219,7.67,7.67,0.0,107.949132,0.0
2019-02-28,15,0,221,5.55,5.55,0.0,112.501217,0.0
2019-02-28,15,0,225,5.45,5.45,0.0,25.435597,0.0
2019-02-28,15,0,233,6.82,6.82,0.0,122.083184,0.0
2019-02-28,15,0,236,68.8,68.8,0.0,805.334544,0.0
2019-02-28,15,0,237,271.43,271.43,0.0,2414.406215,0.0
2019-02-28,15,0,238,61.87,61.87,0.0,804.819014,0.0
2019-02-28,15,0,240,11.11,11.11,0.0,85.992884,0.0
2019-02-28,15,0,245,78.0,78.0,0.0,1129.066736,0.0
2019-02-28,15,0,247,171.72,171.72,0.0,2485.683846,0.0
2019-02-28,15,0,248,27.25,27.25,0.0,242.392401,0.0
2019-02-28,15,0,249,150.0,150.0,0.0,2171.282185,0.0
2019-02-28,15,0,251,326.4,326.4,0.0,4390.760971,0.0
2019-02-28,15,0,252,267.06,267.06,0.0,3663.506436,0.0
2019-02-28,15,0,254,20.07,20.07,0.0,173.463939,0.0
2019-02-28,15,0,255,9.2,9.2,0.0,79.515109,0.0
2019-02-28,15,0,258,13.32,13.32,0.0,104.15191,0.0
2019-02-28,15,0,260,5.57,5.57,0.0,55.011217,0.0
2019-02-28,15,0,265,68.3,68.3,0.0,-362.901995,0.0
2019-02-28,15,0,266,13.31,13.31,0.0,-70.720725,0.0
2019-02-28,15,0,267,16.46,16.46,0.0,-87.457787,0.0
2019-02-28,15,0,270,97.37,97.37,0.0,734.962723,0.0
2019-02-28,15,0,272,16.2,16.2,0.0,440.218233,0.0
2019-02-28,15,0,273,40.88,40.88,0.0,308.568102,0.0
2019-02-28,15,0,274,128.25,128.25,0.0,968.049391,0.0
2019-02-28,15,0,275,184.08,184.08,0.0,1389.462237,0.0
2019-02-28,15,0,276,9.1,9.1,0.0,79.357314,0.0
2019-02-28,15,0,277,10.81,10.81,0.0,302.134281,0.0
2019-02-28,15,0,278,17.29,17.29,0.0,483.247153,0.0
2019-02-28,15,0,279,33.31,33.31,0.0,930.998419,0.0
2019-02-28,15,0,281,3.42,3.42,0.0,-3420.0,0.0
2019-02-28,15,0,282,440.48,440.48,0.0,-440480.0,0.0
2019-02-28,16,0,9,3.64,3.64,0.0,-1117.17592,0.0
2019-02-28,16,0,17,39.02,39.02,0.0,711.407155,0.0
2019-02-28,16,0,19,252.3,252.3,0.0,4599.898135,0.0
2019-02-28,16,0,20,318.43,318.43,0.0,5805.571,0.0
2019-02-28,16,0,21,83.19,83.19,0.0,-25532.380444,0.0
2019-02-28,16,0,22,295.66,295.66,0.0,-90742.92105,0.0
2019-02-28,16,0,23,3.03,3.03,0.0,-929.956879,0.0
2019-02-28,16,0,24,5.35,5.35,0.0,-1642.00307,0.0
2019-02-28,16,0,29,2.94,2.94,0.0,30.30758,0.0
2019-02-28,16,0,30,701.14,701.14,0.0,-561356.998407,0.0
2019-02-28,16,0,31,7.42,7.42,0.0,-5940.709314,0.0
2019-02-28,16,0,32,5.84,5.84,0.0,213.907747,0.0
2019-02-28,16,0,33,2.07,2.07,0.0,45.52177,0.0
2019-02-28,16,0,34,3.31,3.31,0.0,72.79085,0.0
2019-02-28,16,0,35,3.31,3.31,0.0,72.79085,0.0
2019-02-28,16,0,36,9.88,9.88,0.0,122.802428,0.0
2019-02-28,16,0,37,4.57,4.57,0.0,56.573652,0.0
2019-02-28,16,0,38,5.87,5.87,0.0,72.666813,0.0
2019-02-28,16,0,39,3.91,3.91,0.0,48.403277,0.0
2019-02-28,16,0,40,3.91,3.91,0.0,48.403277,0.0
2019-02-28,16,0,41,26.34,26.34,0.0,25.418465,0.0
2019-02-28,16,0,42,48.34,48.34,0.0,841.936216,0.0
2019-02-28,16,0,43,32.85,32.85,0.0,423.544791,0.0
2019-02-28,16,0,46,33.62,33.62,0.0,390.316691,0.0
2019-02-28,16,0,52,7.87,7.87,0.0,-6300.994919,0.0
2019-02-28,16,0,53,12.5,12.5,0.0,-10007.93348,0.0
2019-02-28,16,0,55,47.97,47.97,0.0,-14722.782665,0.0
2019-02-28,16,0,56,206.81,206.81,0.0,-165579.257838,0.0
2019-02-28,16,0,57,196.72,196.72,0.0,-157500.853933,0.0
2019-02-28,16,0,58,378.31,378.31,0.0,-302888.105182,0.0
2019-02-28,16,0,59,372.01,372.01,0.0,-297844.106708,0.0
2019-02-28,16,0,63,26.35,26.35,0.0,986.21613,0.0
2019-02-28,16,0,64,31.0,31.0,0.0,1160.254271,0.0
2019-02-28,16,0,65,41.4,41.4,0.0,748.532018,0.0
2019-02-28,16,0,67,386.76,386.76,0.0,9191.245345,0.0
2019-02-28,16,0,68,9.38,9.38,0.0,261.549835,0.0
2019-02-28,16,0,69,2.07,2.07,0.0,45.52177,0.0
2019-02-28,16,0,74,120.86,120.86,0.0,1644.997758,0.0
2019-02-28,16,0,77,11.8,11.8,0.0,377.292756,0.0
2019-02-28,16,0,78,8.92,8.92,0.0,285.207745,0.0
2019-02-28,16,0,79,5.16,5.16,0.0,164.985646,0.0
2019-02-28,16,0,80,8.35,8.35,0.0,266.982586,0.0
2019-02-28,16,0,81,10.92,10.92,0.0,349.155669,0.0
2019-02-28,16,0,82,7.7,7.7,0.0,246.19951,0.0
2019-02-28,16,0,83,17.17,17.17,0.0,548.992934,0.0
2019-02-28,16,0,84,0.0,0.0,0.0,0.0,0.0
2019-02-28,16,0,86,10.49,10.49,0.0,230.687617,0.0
2019-02-28,16,0,87,53.54,53.54,0.0,1177.408487,0.0
2019-02-28,16,0,88,12.15,12.15,0.0,388.483643,0.0
2019-02-28,16,0,89,11.68,11.68,0.0,373.455881,0.0
2019-02-28,16,0,90,15.68,15.68,0.0,501.35173,0.0
2019-02-28,16,0,91,55.94,55.94,0.0,1788.623456,0.0
2019-02-28,16,0,92,20.12,20.12,0.0,643.316123,0.0
2019-02-28,16,0,95,72.4,72.4,0.0,2201.951405,0.0
2019-02-28,16,0,96,2.63,2.63,0.0,109.437491,0.0
2019-02-28,16,0,97,16.16,16.16,0.0,672.437205,0.0
2019-02-28,16,0,99,26.5,26.5,0.0,360.685426,0.0
2019-02-28,16,0,101,14.12,14.12,0.0,-11304.961659,0.0
2019-02-28,16,0,102,22.2,22.2,0.0,619.019865,0.0
2019-02-28,16,0,103,19.3,19.3,0.0,538.15691,0.0
2019-02-28,16,0,104,3.58,3.58,0.0,99.823924,0.0
2019-02-28,16,0,106,291.05,291.05,0.0,-89328.036162,0.0
2019-02-28,16,0,109,12.37,12.37,0.0,128.473877,0.0
2019-02-28,16,0,110,109.25,109.25,0.0,1218.233531,0.0
2019-02-28,16,0,111,18.97,18.97,0.0,18.306313,0.0
2019-02-28,16,0,113,13.94,13.94,0.0,427.151382,0.0
2019-02-28,16,0,115,13.94,13.94,0.0,427.151382,0.0
2019-02-28,16,0,116,144.63,144.63,0.0,1612.75163,0.0
2019-02-28,16,0,117,0.93,0.93,0.0,28.497187,0.0
2019-02-28,16,0,119,31.0,31.0,0.0,1160.254271,0.0
2019-02-28,16,0,120,18.23,18.23,0.0,682.304366,0.0
2019-02-28,16,0,123,4.85,4.85,0.0,-1488.544839,0.0
2019-02-28,16,0,125,4.85,4.85,0.0,-1488.544839,0.0
2019-02-28,16,0,126,218.29,218.29,0.0,-66996.794413,0.0
2019-02-28,16,0,127,280.14,280.14,0.0,-85979.577566,0.0
2019-02-28,16,0,128,6.94,6.94,0.0,-2130.000244,0.0
2019-02-28,16,0,131,5.54,5.54,0.0,160.570527,0.0
2019-02-28,16,0,132,8.15,8.15,0.0,236.218374,0.0
2019-02-28,16,0,133,30.36,30.36,0.0,553.952244,0.0
2019-02-28,16,0,134,0.0,0.0,0.0,0.0,0.0
2019-02-28,16,0,135,38.6,38.6,0.0,704.300284,0.0
2019-02-28,16,0,136,45.9,45.9,0.0,829.512754,0.0
2019-02-28,16,0,139,34.31,34.31,0.0,33.109625,0.0
2019-02-28,16,0,140,80.85,80.85,0.0,901.548567,0.0
2019-02-28,16,0,141,85.95,85.95,0.0,2042.578181,0.0
2019-02-28,16,0,142,510.04,510.04,0.0,12120.96074,0.0
2019-02-28,16,0,143,23.46,23.46,0.0,-18782.889555,0.0
2019-02-28,16,0,145,9.27,9.27,0.0,60.087489,0.0
2019-02-28,16,0,146,89.15,89.15,0.0,994.100863,0.0
2019-02-28,16,0,152,7.23,7.23,0.0,101.685657,0.0
2019-02-28,16,0,153,8.92,8.92,0.0,123.798548,0.0
2019-02-28,16,0,154,78.24,78.24,0.0,75.502684,0.0
2019-02-28,16,0,157,10.43,10.43,0.0,247.86609,0.0
2019-02-28,16,0,158,389.43,389.43,0.0,9254.697163,0.0
2019-02-28,16,0,159,0.0,0.0,0.0,0.0,0.0
2019-02-28,16,0,160,2.8,2.8,0.0,40.653964,0.0
2019-02-28,16,0,161,74.09,74.09,0.0,2065.90909,0.0
2019-02-28,16,0,162,55.93,55.93,0.0,1702.420251,0.0
2019-02-28,16,0,163,58.53,58.53,0.0,652.660948,0.0
2019-02-28,16,0,164,26.86,26.86,0.0,-21505.047462,0.0
2019-02-28,16,0,167,6.29,6.29,0.0,189.497046,0.0
2019-02-28,16,0,168,3.15,3.15,0.0,94.899157,0.0
2019-02-28,16,0,169,0.0,0.0,0.0,0.0,0.0
2019-02-28,16,0,170,6.88,6.88,0.0,207.271809,0.0
2019-02-28,16,0,172,8.12,8.12,0.0,268.492022,0.0
2019-02-28,16,0,173,12.37,12.37,0.0,409.020481,0.0
2019-02-28,16,0,188,11.74,11.74,0.0,406.631542,0.0
2019-02-28,16,0,190,11.58,11.58,0.0,433.411111,0.0
2019-02-28,16,0,191,29.91,29.91,0.0,1119.458233,0.0
2019-02-28,16,0,192,122.67,122.67,0.0,4591.238432,0.0
2019-02-28,16,0,194,16.29,16.29,0.0,528.864286,0.0
2019-02-28,16,0,196,7.8,7.8,0.0,325.623702,0.0
2019-02-28,16,0,198,12.18,12.18,0.0,200.778235,0.0
2019-02-28,16,0,199,94.58,94.58,0.0,2354.525222,0.0
2019-02-28,16,0,200,18.35,18.35,0.0,456.814737,0.0
2019-02-28,16,0,204,47.9,47.9,0.0,483.581966,0.0
2019-02-28,16,0,205,65.46,65.46,0.0,679.86257,0.0
2019-02-28,16,0,206,47.48,47.48,0.0,1975.700402,0.0
2019-02-28,16,0,210,1.4,1.4,0.0,16.008734,0.0
2019-02-28,16,0,214,9.65,9.65,0.0,233.608821,0.0
2019-02-28,16,0,217,4.19,4.19,0.0,78.193944,0.0
2019-02-28,16,0,218,5.79,5.79,0.0,108.053207,0.0
2019-02-28,16,0,219,3.94,3.94,0.0,73.528434,0.0
2019-02-28,16,0,221,5.14,5.14,0.0,124.429984,0.0
2019-02-28,16,0,225,2.67,2.67,0.0,27.233863,0.0
2019-02-28,16,0,233,5.93,5.93,0.0,130.407776,0.0
2019-02-28,16,0,236,107.31,107.31,0.0,1737.658722,0.0
2019-02-28,16,0,237,276.41,276.41,0.0,3762.153154,0.0
2019-02-28,16,0,238,62.92,62.92,0.0,1095.875605,0.0
2019-02-28,16,0,240,11.19,11.19,0.0,139.084936,0.0
2019-02-28,16,0,245,78.0,78.0,0.0,1465.504022,0.0
2019-02-28,16,0,247,171.72,171.72,0.0,3226.36347,0.0
2019-02-28,16,0,248,32.55,32.55,0.0,443.030589,0.0
2019-02-28,16,0,249,150.0,150.0,0.0,2818.276965,0.0
2019-02-28,16,0,251,326.4,326.4,0.0,5820.348284,0.0
2019-02-28,16,0,252,267.06,267.06,0.0,4828.573928,0.0
2019-02-28,16,0,254,16.17,16.17,0.0,215.082208,0.0
2019-02-28,16,0,255,7.41,7.41,0.0,98.562719,0.0
2019-02-28,16,0,258,14.15,14.15,0.0,176.936119,0.0
2019-02-28,16,0,260,6.81,6.81,0.0,98.876248,0.0
2019-02-28,16,0,265,81.01,81.01,0.0,78.175772,0.0
2019-02-28,16,0,266,21.87,21.87,0.0,21.104853,0.0
2019-02-28,16,0,267,27.1,27.1,0.0,26.151875,0.0
2019-02-28,16,0,270,158.19,158.19,0.0,1763.957549,0.0
2019-02-28,16,0,272,46.6,46.6,0.0,1427.923557,0.0
2019-02-28,16,0,273,34.58,34.58,0.0,385.597396,0.0
2019-02-28,16,0,274,197.41,197.41,0.0,2201.295023,0.0
2019-02-28,16,0,275,264.66,264.66,0.0,2951.191636,0.0
2019-02-28,16,0,276,7.89,7.89,0.0,110.201877,0.0
2019-02-28,16,0,277,9.61,9.61,0.0,299.602196,0.0
2019-02-28,16,0,278,15.38,15.38,0.0,479.488217,0.0
2019-02-28,16,0,279,219.17,219.17,0.0,6832.862976,0.0
2019-02-28,16,0,281,3.33,3.33,0.0,-2666.113479,0.0
2019-02-28,16,0,282,384.62,384.62,0.0,-307940.110003,0.0
2019-02-28,17,0,9,2.73,2.73,0.0,8.561406,0.0
2019-02-28,17,0,17,29.56,29.56,0.0,306.269521,0.0
2019-02-28,17,0,19,218.91,218.91,0.0,2268.114374,0.0
2019-02-28,17,0,20,263.61,263.61,0.0,2731.248596,0.0
2019-02-28,17,0,21,62.38,62.38,0.0,195.626552,0.0
2019-02-28,17,0,22,221.71,221.71,0.0,695.292767,0.0
2019-02-28,17,0,23,4.04,4.04,0.0,12.669626,0.0
2019-02-28,17,0,24,7.18,7.18,0.0,22.516811,0.0
2019-02-28,17,0,29,2.15,2.15,0.0,18.212622,0.0
2019-02-28,17,0,30,522.44,522.44,0.0,1616.092828,0.0
2019-02-28,17,0,31,17.25,17.25,0.0,53.360388,0.0
2019-02-28,17,0,32,4.11,4.11,0.0,97.207989,0.0
2019-02-28,17,0,33,1.55,1.55,0.0,18.283438,0.0
2019-02-28,17,0,34,2.48,2.48,0.0,29.253501,0.0
2019-02-28,17,0,35,2.48,2.48,0.0,29.253501,0.0
2019-02-28,17,0,36,7.28,7.28,0.0,58.163701,0.0
2019-02-28,17,0,37,3.4,3.4,0.0,26.982254,0.0
2019-02-28,17,0,38,4.37,4.37,0.0,34.680133,0.0
2019-02-28,17,0,39,2.91,2.91,0.0,23.093635,0.0
2019-02-28,17,0,40,2.91,2.91,0.0,23.093635,0.0
2019-02-28,17,0,41,15.69,15.69,0.0,84.693548,0.0
2019-02-28,17,0,42,35.96,35.96,0.0,361.395321,0.0
2019-02-28,17,0,43,24.29,24.29,0.0,198.459921,0.0
2019-02-28,17,0,46,24.87,24.87,0.0,185.416792,0.0
2019-02-28,17,0,52,18.29,18.29,0.0,56.577478,0.0
2019-02-28,17,0,53,29.05,29.05,0.0,89.861987,0.0
2019-02-28,17,0,55,92.96,92.96,0.0,291.52684,0.0
2019-02-28,17,0,56,154.1,154.1,0.0,476.686136,0.0
2019-02-28,17,0,57,146.58,146.58,0.0,453.4241,0.0
2019-02-28,17,0,58,281.89,281.89,0.0,871.986079,0.0
2019-02-28,17,0,59,277.19,277.19,0.0,857.447307,0.0
2019-02-28,17,0,63,31.99,31.99,0.0,953.568751,0.0
2019-02-28,17,0,64,37.62,37.62,0.0,1121.389697,0.0
2019-02-28,17,0,65,41.4,41.4,0.0,426.551198,0.0
2019-02-28,17,0,67,289.01,289.01,0.0,-6566.478662,0.0
2019-02-28,17,0,68,7.26,7.26,0.0,-79.829531,0.0
2019-02-28,17,0,69,1.55,1.55,0.0,18.283438,0.0
2019-02-28,17,0,74,104.24,104.24,0.0,906.011125,0.0
2019-02-28,17,0,77,17.17,17.17,0.0,-16.474132,0.0
2019-02-28,17,0,78,12.98,12.98,0.0,-12.453945,0.0
2019-02-28,17,0,79,7.51,7.51,0.0,-7.205634,0.0
2019-02-28,17,0,80,12.15,12.15,0.0,-11.657583,0.0
2019-02-28,17,0,81,15.88,15.88,0.0,-15.236413,0.0
2019-02-28,17,0,82,11.2,11.2,0.0,-10.746085,0.0
2019-02-28,17,0,83,24.98,24.98,0.0,-23.967608,0.0
2019-02-28,17,0,84,0.0,0.0,0.0,0.0,0.0
2019-02-28,17,0,86,7.84,7.84,0.0,92.478808,0.0
2019-02-28,17,0,87,40.02,40.02,0.0,472.066569,0.0
2019-02-28,17,0,88,14.7,14.7,0.0,-14.104237,0.0
2019-02-28,17,0,89,14.13,14.13,0.0,-13.557338,0.0
2019-02-28,17,0,90,18.97,18.97,0.0,-18.201182,0.0
2019-02-28,17,0,91,67.67,67.67,0.0,-64.927462,0.0
2019-02-28,17,0,92,24.34,24.34,0.0,-23.353546,0.0
2019-02-28,17,0,95,46.42,46.42,0.0,1109.276975,0.0
2019-02-28,17,0,96,3.09,3.09,0.0,9.420608,0.0
2019-02-28,17,0,97,19.01,19.01,0.0,57.956555,0.0
2019-02-28,17,0,99,21.2,21.2,0.0,184.261664,0.0
2019-02-28,17,0,101,10.52,10.52,0.0,32.542103,0.0
2019-02-28,17,0,102,17.17,17.17,0.0,-188.797941,0.0
2019-02-28,17,0,103,14.93,14.93,0.0,-164.167342,0.0
2019-02-28,17,0,104,2.78,2.78,0.0,-30.568333,0.0
2019-02-28,17,0,106,218.25,218.25,0.0,684.442048,0.0
2019-02-28,17,0,109,18.44,18.44,0.0,125.350979,0.0
2019-02-28,17,0,110,79.64,79.64,0.0,-4668.945077,0.0
2019-02-28,17,0,111,14.74,14.74,0.0,79.565513,0.0
2019-02-28,17,0,113,15.36,15.36,0.0,8.062549,0.0
2019-02-28,17,0,115,15.36,15.36,0.0,8.062549,0.0
2019-02-28,17,0,116,107.98,107.98,0.0,-6330.395396,0.0
2019-02-28,17,0,117,1.02,1.02,0.0,0.535404,0.0
2019-02-28,17,0,119,37.62,37.62,0.0,1121.389697,0.0
2019-02-28,17,0,120,22.14,22.14,0.0,659.956616,0.0
2019-02-28,17,0,123,3.64,3.64,0.0,11.415208,0.0
2019-02-28,17,0,125,6.49,6.49,0.0,20.352939,0.0
2019-02-28,17,0,126,163.69,163.69,0.0,513.339376,0.0
2019-02-28,17,0,127,210.07,210.07,0.0,658.789191,0.0
2019-02-28,17,0,128,9.34,9.34,0.0,29.29067,0.0
2019-02-28,17,0,131,8.74,8.74,0.0,-68.735493,0.0
2019-02-28,17,0,132,12.85,12.85,0.0,-101.058477,0.0
2019-02-28,17,0,133,65.99,65.99,0.0,684.077937,0.0
2019-02-28,17,0,134,0.0,0.0,0.0,0.0,0.0
2019-02-28,17,0,135,86.39,86.39,0.0,895.55225,0.0
2019-02-28,17,0,136,45.9,45.9,0.0,472.769875,0.0
2019-02-28,17,0,139,20.26,20.26,0.0,109.362096,0.0
2019-02-28,17,0,140,58.94,58.94,0.0,-3455.394561,0.0
2019-02-28,17,0,141,66.5,66.5,0.0,-1510.919453,0.0
2019-02-28,17,0,142,381.13,381.13,0.0,-8659.499714,0.0
2019-02-28,17,0,143,50.05,50.05,0.0,154.82246,0.0
2019-02-28,17,0,145,10.36,10.36,0.0,46.299824,0.0
2019-02-28,17,0,146,93.75,93.75,0.0,-5496.152699,0.0
2019-02-28,17,0,152,5.4,5.4,0.0,47.04699,0.0
2019-02-28,17,0,153,6.64,6.64,0.0,57.354756,0.0
2019-02-28,17,0,154,60.8,60.8,0.0,328.194246,0.0
2019-02-28,17,0,157,16.85,16.85,0.0,-382.841997,0.0
2019-02-28,17,0,158,298.42,298.42,0.0,-6780.279445,0.0
2019-02-28,17,0,159,0.0,0.0,0.0,0.0,0.0
2019-02-28,17,0,160,2.09,2.09,0.0,18.750784,0.0
2019-02-28,17,0,161,54.93,54.93,0.0,-603.999471,0.0
2019-02-28,17,0,162,37.37,37.37,0.0,895.472324,0.0
2019-02-28,17,0,163,71.38,71.38,0.0,-4184.697383,0.0
2019-02-28,17,0,164,20.19,20.19,0.0,62.454855,0.0
2019-02-28,17,0,167,4.48,4.48,0.0,106.278784,0.0
2019-02-28,17,0,168,2.24,2.24,0.0,53.139392,0.0
2019-02-28,17,0,169,0.0,0.0,0.0,0.0,0.0
2019-02-28,17,0,170,4.9,4.9,0.0,116.24242,0.0
2019-02-28,17,0,172,5.78,5.78,0.0,126.870798,0.0
2019-02-28,17,0,173,8.81,8.81,0.0,193.379192,0.0
2019-02-28,17,0,188,8.2,8.2,0.0,185.110129,0.0
2019-02-28,17,0,190,8.44,8.44,0.0,251.582377,0.0
2019-02-28,17,0,191,21.8,21.8,0.0,649.821781,0.0
2019-02-28,17,0,192,86.83,86.83,0.0,2588.258037,0.0
2019-02-28,17,0,194,14.24,14.24,0.0,151.474968,0.0
2019-02-28,17,0,196,5.82,5.82,0.0,244.994813,0.0
2019-02-28,17,0,198,8.93,8.93,0.0,90.052508,0.0
2019-02-28,17,0,199,47.85,47.85,0.0,591.490969,0.0
2019-02-28,17,0,200,13.36,13.36,0.0,165.14774,0.0
2019-02-28,17,0,204,73.2,73.2,0.0,484.00786,0.0
2019-02-28,17,0,205,97.52,97.52,0.0,662.91906,0.0
2019-02-28,17,0,206,55.86,55.86,0.0,170.302638,0.0
2019-02-28,17,0,210,1.03,1.03,0.0,9.145927,0.0
2019-02-28,17,0,214,6.99,6.99,0.0,88.39083,0.0
2019-02-28,17,0,217,3.02,3.02,0.0,33.253033,0.0
2019-02-28,17,0,218,4.16,4.16,0.0,45.805502,0.0
2019-02-28,17,0,219,2.83,2.83,0.0,31.160954,0.0
2019-02-28,17,0,221,3.73,3.73,0.0,47.167067,0.0
2019-02-28,17,0,225,1.96,1.96,0.0,16.525803,0.0
2019-02-28,17,0,233,4.43,4.43,0.0,52.255245,0.0
2019-02-28,17,0,236,119.79,119.79,0.0,1146.173347,0.0
2019-02-28,17,0,237,257.58,257.58,0.0,2238.779217,0.0
2019-02-28,17,0,238,46.8,46.8,0.0,470.336513,0.0
2019-02-28,17,0,240,8.25,8.25,0.0,65.913535,0.0
2019-02-28,17,0,245,78.0,78.0,0.0,824.725364,0.0
2019-02-28,17,0,247,171.72,171.72,0.0,1815.664608,0.0
2019-02-28,17,0,248,26.21,26.21,0.0,227.806519,0.0
2019-02-28,17,0,249,150.0,150.0,0.0,1586.010315,0.0
2019-02-28,17,0,251,326.4,326.4,0.0,3331.992787,0.0
2019-02-28,17,0,252,267.06,267.06,0.0,2751.564324,0.0
2019-02-28,17,0,254,11.84,11.84,0.0,99.118491,0.0
2019-02-28,17,0,255,5.43,5.43,0.0,45.457213,0.0
2019-02-28,17,0,258,10.48,10.48,0.0,84.036385,0.0
2019-02-28,17,0,260,5.08,5.08,0.0,45.576068,0.0
2019-02-28,17,0,265,62.95,62.95,0.0,339.799799,0.0
2019-02-28,17,0,266,13.12,13.12,0.0,70.820864,0.0
2019-02-28,17,0,267,16.13,16.13,0.0,87.068638,0.0
2019-02-28,17,0,270,222.93,222.93,0.0,-13069.411425,0.0
2019-02-28,17,0,272,51.32,51.32,0.0,26.938153,0.0
2019-02-28,17,0,273,25.82,25.82,0.0,-1513.713735,0.0
2019-02-28,17,0,274,287.39,287.39,0.0,-16848.419457,0.0
2019-02-28,17,0,275,400.04,400.04,0.0,-23452.59654,0.0
2019-02-28,17,0,276,5.84,5.84,0.0,-295.555347,0.0
2019-02-28,17,0,277,7.25,7.25,0.0,-0.508989,0.0
2019-02-28,17,0,278,11.61,11.61,0.0,-0.815084,0.0
2019-02-28,17,0,279,106.17,106.17,0.0,-7.453698,0.0
2019-02-28,17,0,281,7.74,7.74,0.0,23.942574,0.0
2019-02-28,17,0,282,286.59,286.59,0.0,886.524852,0.0
2019-02-28,18,0,9,1.8,1.8,0.0,15.969662,0.0
2019-02-28,18,0,17,18.4,18.4,0.0,253.901981,0.0
2019-02-28,18,0,19,259.67,259.67,0.0,3583.191706,0.0
2019-02-28,18,0,20,316.2,316.2,0.0,4363.250346,0.0
2019-02-28,18,0,21,41.14,41.14,0.0,364.995499,0.0
2019-02-28,18,0,22,146.19,146.19,0.0,1297.002722,0.0
2019-02-28,18,0,23,7.55,7.55,0.0,66.98386,0.0
2019-02-28,18,0,24,13.4,13.4,0.0,118.885262,0.0
2019-02-28,18,0,29,1.25,1.25,0.0,10.090953,0.0
2019-02-28,18,0,30,346.25,346.25,0.0,3062.931302,0.0
2019-02-28,18,0,31,25.47,25.47,0.0,225.3079,0.0
2019-02-28,18,0,32,2.47,2.47,0.0,62.790261,0.0
2019-02-28,18,0,33,0.96,0.96,0.0,14.341117,0.0
2019-02-28,18,0,34,1.53,1.53,0.0,22.856155,0.0
2019-02-28,18,0,35,1.53,1.53,0.0,22.856155,0.0
2019-02-28,18,0,36,4.58,4.58,0.0,53.790346,0.0
2019-02-28,18,0,37,2.13,2.13,0.0,24.866679,0.0
2019-02-28,18,0,38,2.74,2.74,0.0,31.988123,0.0
2019-02-28,18,0,39,1.83,1.83,0.0,21.36433,0.0
2019-02-28,18,0,40,1.83,1.83,0.0,21.36433,0.0
2019-02-28,18,0,41,21.33,21.33,0.0,219.516808,0.0
2019-02-28,18,0,42,23.14,23.14,0.0,313.592958,0.0
2019-02-28,18,0,43,15.17,15.17,0.0,177.488866,0.0
2019-02-28,18,0,46,15.6,15.6,0.0,177.085384,0.0
2019-02-28,18,0,52,27.0,27.0,0.0,238.842296,0.0
2019-02-28,18,0,53,42.91,42.91,0.0,379.582331,0.0
2019-02-28,18,0,55,134.38,134.38,0.0,1192.223995,0.0
2019-02-28,18,0,56,102.13,102.13,0.0,903.443101,0.0
2019-02-28,18,0,57,97.15,97.15,0.0,859.389967,0.0
2019-02-28,18,0,58,186.83,186.83,0.0,1652.700232,0.0
2019-02-28,18,0,59,183.71,183.71,0.0,1625.100677,0.0
2019-02-28,18,0,63,34.65,34.65,0.0,1032.858931,0.0
2019-02-28,18,0,64,40.77,40.77,0.0,1215.285963,0.0
2019-02-28,18,0,65,41.4,41.4,0.0,569.379626,0.0
2019-02-28,18,0,67,191.05,191.05,0.0,-1827.80712,0.0
2019-02-28,18,0,68,5.18,5.18,0.0,-4.940392,0.0
2019-02-28,18,0,69,0.96,0.96,0.0,14.341117,0.0
2019-02-28,18,0,74,65.28,65.28,0.0,815.888228,0.0
2019-02-28,18,0,77,24.18,24.18,0.0,154.372469,0.0
2019-02-28,18,0,78,18.28,18.28,0.0,116.705076,0.0
2019-02-28,18,0,79,10.58,10.58,0.0,67.545936,0.0
2019-02-28,18,0,80,17.11,17.11,0.0,109.23544,0.0
2019-02-28,18,0,81,22.36,22.36,0.0,142.753036,0.0
2019-02-28,18,0,82,15.78,15.78,0.0,100.744316,0.0
2019-02-28,18,0,83,35.18,35.18,0.0,224.599812,0.0
2019-02-28,18,0,84,0.0,0.0,0.0,0.0,0.0
2019-02-28,18,0,86,4.86,4.86,0.0,72.601905,0.0
2019-02-28,18,0,87,24.8,24.8,0.0,370.478856,0.0
2019-02-28,18,0,88,17.58,17.58,0.0,112.236063,0.0
2019-02-28,18,0,89,16.9,16.9,0.0,107.894736,0.0
2019-02-28,18,0,90,22.69,22.69,0.0,144.859856,0.0
2019-02-28,18,0,91,80.95,80.95,0.0,516.809403,0.0
2019-02-28,18,0,92,29.11,29.11,0.0,185.847087,0.0
2019-02-28,18,0,95,30.05,30.05,0.0,769.728709,0.0
2019-02-28,18,0,96,3.79,3.79,0.0,33.423305,0.0
2019-02-28,18,0,97,23.29,23.29,0.0,205.390175,0.0
2019-02-28,18,0,99,12.6,12.6,0.0,157.478426,0.0
2019-02-28,18,0,101,6.97,6.97,0.0,61.656697,0.0
2019-02-28,18,0,102,12.26,12.26,0.0,-11.692897,0.0
2019-02-28,18,0,103,10.66,10.66,0.0,-10.166907,0.0
2019-02-28,18,0,104,1.98,1.98,0.0,-1.888412,0.0
2019-02-28,18,0,106,143.92,143.92,0.0,1276.863204,0.0
2019-02-28,18,0,109,26.2,26.2,0.0,290.093362,0.0
2019-02-28,18,0,110,65.95,65.95,0.0,-2370.520348,0.0
2019-02-28,18,0,111,9.6,9.6,0.0,98.798001,0.0
2019-02-28,18,0,113,17.02,17.02,0.0,129.175819,0.0
2019-02-28,18,0,115,17.02,17.02,0.0,129.175819,0.0
2019-02-28,18,0,116,69.12,69.12,0.0,-2484.463479,0.0
2019-02-28,18,0,117,1.13,1.13,0.0,8.576303,0.0
2019-02-28,18,0,119,40.77,40.77,0.0,1215.285963,0.0
2019-02-28,18,0,120,23.97,23.97,0.0,714.505875,0.0
2019-02-28,18,0,123,2.4,2.4,0.0,21.292883,0.0
2019-02-28,18,0,125,12.11,12.11,0.0,107.440338,0.0
2019-02-28,18,0,126,107.94,107.94,0.0,957.647403,0.0
2019-02-28,18,0,127,138.52,138.52,0.0,1228.954217,0.0
2019-02-28,18,0,128,17.4,17.4,0.0,154.3734,0.0
2019-02-28,18,0,131,13.06,13.06,0.0,17.587069,0.0
2019-02-28,18,0,132,19.2,19.2,0.0,25.855416,0.0
2019-02-28,18,0,133,81.04,81.04,0.0,1118.623014,0.0
2019-02-28,18,0,134,0.0,0.0,0.0,0.0,0.0
2019-02-28,18,0,135,108.59,108.59,0.0,1498.905147,0.0
2019-02-28,18,0,136,45.9,45.9,0.0,631.153082,0.0
2019-02-28,18,0,139,27.54,27.54,0.0,283.426765,0.0
2019-02-28,18,0,140,48.81,48.81,0.0,-1754.436667,0.0
2019-02-28,18,0,141,49.86,49.86,0.0,-477.018911,0.0
2019-02-28,18,0,142,251.95,251.95,0.0,-2410.447548,0.0
2019-02-28,18,0,143,71.23,71.23,0.0,630.101362,0.0
2019-02-28,18,0,145,11.56,11.56,0.0,111.826327,0.0
2019-02-28,18,0,146,105.63,105.63,0.0,-3796.78642,0.0
2019-02-28,18,0,152,3.43,3.43,0.0,42.786355,0.0
2019-02-28,18,0,153,4.2,4.2,0.0,52.13821,0.0
2019-02-28,18,0,154,39.58,39.58,0.0,407.335925,0.0
2019-02-28,18,0,157,28.66,28.66,0.0,-274.194986,0.0
2019-02-28,18,0,158,200.18,200.18,0.0,-1915.155349,0.0
2019-02-28,18,0,159,0.0,0.0,0.0,0.0,0.0
2019-02-28,18,0,160,1.3,1.3,0.0,15.484784,0.0
2019-02-28,18,0,161,35.88,35.88,0.0,-34.220322,0.0
2019-02-28,18,0,162,25.81,25.81,0.0,662.291785,0.0
2019-02-28,18,0,163,69.52,69.52,0.0,-2498.841161,0.0
2019-02-28,18,0,164,13.16,13.16,0.0,116.413505,0.0
2019-02-28,18,0,167,2.67,2.67,0.0,68.057725,0.0
2019-02-28,18,0,168,1.33,1.33,0.0,33.901414,0.0
2019-02-28,18,0,169,0.0,0.0,0.0,0.0,0.0
2019-02-28,18,0,170,2.92,2.92,0.0,74.430171,0.0
2019-02-28,18,0,172,3.46,3.46,0.0,84.988647,0.0
2019-02-28,18,0,173,5.27,5.27,0.0,129.448025,0.0
2019-02-28,18,0,188,4.95,4.95,0.0,122.24328,0.0
2019-02-28,18,0,190,5.29,5.29,0.0,157.686111,0.0
2019-02-28,18,0,191,13.66,13.66,0.0,407.181905,0.0
2019-02-28,18,0,192,58.71,58.71,0.0,1750.047557,0.0
2019-02-28,18,0,194,23.6,23.6,0.0,356.96695,0.0
2019-02-28,18,0,196,3.69,3.69,0.0,143.16256,0.0
2019-02-28,18,0,198,5.46,5.46,0.0,64.724155,0.0
2019-02-28,18,0,199,25.07,25.07,0.0,315.268283,0.0
2019-02-28,18,0,200,8.12,8.12,0.0,102.113221,0.0
2019-02-28,18,0,204,106.83,106.83,0.0,1168.799877,0.0
2019-02-28,18,0,205,138.58,138.58,0.0,1534.394586,0.0
2019-02-28,18,0,206,68.45,68.45,0.0,603.647808,0.0
2019-02-28,18,0,210,0.6,0.6,0.0,5.099734,0.0
2019-02-28,18,0,214,4.19,4.19,0.0,65.424159,0.0
2019-02-28,18,0,217,1.79,1.79,0.0,22.396514,0.0
2019-02-28,18,0,218,2.47,2.47,0.0,30.904687,0.0
2019-02-28,18,0,219,1.68,1.68,0.0,21.020192,0.0
2019-02-28,18,0,221,2.24,2.24,0.0,34.976161,0.0
2019-02-28,18,0,225,1.15,1.15,0.0,9.236278,0.0
2019-02-28,18,0,233,2.75,2.75,0.0,41.081325,0.0
2019-02-28,18,0,236,134.45,134.45,0.0,1770.09773,0.0
2019-02-28,18,0,237,156.6,156.6,0.0,1957.231871,0.0
2019-02-28,18,0,238,30.12,30.12,0.0,408.185821,0.0
2019-02-28,18,0,240,5.19,5.19,0.0,60.954562,0.0
2019-02-28,18,0,245,78.0,78.0,0.0,1089.48609,0.0
2019-02-28,18,0,247,166.29,166.29,0.0,2322.700536,0.0
2019-02-28,18,0,248,15.72,15.72,0.0,196.473084,0.0
2019-02-28,18,0,249,150.0,150.0,0.0,2095.165557,0.0
2019-02-28,18,0,251,326.4,326.4,0.0,4464.429967,0.0
2019-02-28,18,0,252,267.06,267.06,0.0,3672.911181,0.0
2019-02-28,18,0,254,7.35,7.35,0.0,86.384801,0.0
2019-02-28,18,0,255,3.37,3.37,0.0,39.607725,0.0
2019-02-28,18,0,258,6.59,6.59,0.0,77.349529,0.0
2019-02-28,18,0,260,3.15,3.15,0.0,37.520822,0.0
2019-02-28,18,0,265,40.98,40.98,0.0,421.743966,0.0
2019-02-28,18,0,266,17.83,17.83,0.0,183.496704,0.0
2019-02-28,18,0,267,21.91,21.91,0.0,225.485854,0.0
2019-02-28,18,0,270,217.1,217.1,0.0,-7803.486999,0.0
2019-02-28,18,0,272,56.88,56.88,0.0,431.699213,0.0
2019-02-28,18,0,273,16.53,16.53,0.0,-594.157716,0.0
2019-02-28,18,0,274,279.87,279.87,0.0,-10059.704774,0.0
2019-02-28,18,0,275,389.58,389.58,0.0,-14003.143551,0.0
2019-02-28,18,0,276,3.75,3.75,0.0,-112.705385,0.0
2019-02-28,18,0,277,4.66,4.66,0.0,33.115854,0.0
2019-02-28,18,0,278,7.46,7.46,0.0,53.013792,0.0
2019-02-28,18,0,279,117.32,117.32,0.0,833.723608,0.0
2019-02-28,18,0,281,11.42,11.42,0.0,101.021445,0.0
2019-02-28,18,0,282,189.94,189.94,0.0,1680.211326,0.0
2019-02-28,19,0,9,0.38,0.38,0.0,6.570286,0.0
2019-02-28,19,0,17,2.55,2.55,0.0,14.616734,0.0
2019-02-28,19,0,19,486.42,486.42,0.0,2788.184975,0.0
2019-02-28,19,0,20,591.24,591.24,0.0,3389.018718,0.0
2019-02-28,19,0,21,8.77,8.77,0.0,151.635284,0.0
2019-02-28,19,0,22,31.18,31.18,0.0,539.109254,0.0
2019-02-28,19,0,23,8.15,8.15,0.0,140.915344,0.0
2019-02-28,19,0,24,14.42,14.42,0.0,249.325062,0.0
2019-02-28,19,0,29,0.19,0.19,0.0,2.017756,0.0
2019-02-28,19,0,30,86.05,86.05,0.0,1489.913509,0.0
2019-02-28,19,0,31,18.3,18.3,0.0,316.855517,0.0
2019-02-28,19,0,32,0.31,0.31,0.0,9.590977,0.0
2019-02-28,19,0,33,0.17,0.17,0.0,2.260241,0.0
2019-02-28,19,0,34,0.27,0.27,0.0,3.589794,0.0
2019-02-28,19,0,35,0.27,0.27,0.0,3.589794,0.0
2019-02-28,19,0,36,0.91,0.91,0.0,13.138323,0.0
2019-02-28,19,0,37,0.42,0.42,0.0,6.059769,0.0
2019-02-28,19,0,38,0.54,0.54,0.0,7.791132,0.0
2019-02-28,19,0,39,0.36,0.36,0.0,5.194088,0.0
2019-02-28,19,0,40,0.36,0.36,0.0,5.194088,0.0
2019-02-28,19,0,41,28.2,28.2,0.0,452.520896,0.0
2019-02-28,19,0,42,6.44,6.44,0.0,76.133106,0.0
2019-02-28,19,0,43,2.56,2.56,0.0,36.272131,0.0
2019-02-28,19,0,46,2.33,2.33,0.0,34.179231,0.0
2019-02-28,19,0,52,19.4,19.4,0.0,335.901477,0.0
2019-02-28,19,0,53,30.82,30.82,0.0,533.633171,0.0
2019-02-28,19,0,55,99.49,99.49,0.0,1720.204608,0.0
2019-02-28,19,0,56,25.38,25.38,0.0,439.442241,0.0
2019-02-28,19,0,57,24.14,24.14,0.0,417.97225,0.0
2019-02-28,19,0,58,46.43,46.43,0.0,803.912658,0.0
2019-02-28,19,0,59,45.66,45.66,0.0,790.580486,0.0
2019-02-28,19,0,63,19.34,19.34,0.0,627.148955,0.0
2019-02-28,19,0,64,22.75,22.75,0.0,737.726924,0.0
2019-02-28,19,0,65,41.4,41.4,0.0,402.746704,0.0
2019-02-28,19,0,67,40.62,40.62,0.0,537.628358,0.0
2019-02-28,19,0,68,8.27,8.27,0.0,139.020231,0.0
2019-02-28,19,0,69,0.17,0.17,0.0,2.260241,0.0
2019-02-28,19,0,74,65.28,65.28,0.0,938.923761,0.0
2019-02-28,19,0,77,32.83,32.83,0.0,644.428219,0.0
2019-02-28,19,0,78,24.82,24.82,0.0,487.197941,0.0
2019-02-28,19,0,79,14.36,14.36,0.0,281.876004,0.0
2019-02-28,19,0,80,23.23,23.23,0.0,455.987436,0.0
2019-02-28,19,0,81,30.37,30.37,0.0,596.140268,0.0
2019-02-28,19,0,82,21.42,21.42,0.0,420.458497,0.0
2019-02-28,19,0,83,47.77,47.77,0.0,937.689188,0.0
2019-02-28,19,0,84,0.0,0.0,0.0,0.0,0.0
2019-02-28,19,0,86,0.86,0.86,0.0,11.43416,0.0
2019-02-28,19,0,87,4.37,4.37,0.0,58.101485,0.0
2019-02-28,19,0,88,20.89,20.89,0.0,410.054995,0.0
2019-02-28,19,0,89,20.08,20.08,0.0,394.155304,0.0
2019-02-28,19,0,90,26.96,26.96,0.0,529.204532,0.0
2019-02-28,19,0,91,96.18,96.18,0.0,1887.941094,0.0
2019-02-28,19,0,92,34.59,34.59,0.0,678.975696,0.0
2019-02-28,19,0,95,20.82,20.82,0.0,646.58936,0.0
2019-02-28,19,0,96,4.78,4.78,0.0,82.88466,0.0
2019-02-28,19,0,97,29.4,29.4,0.0,509.792681,0.0
2019-02-28,19,0,99,12.6,12.6,0.0,181.226094,0.0
2019-02-28,19,0,101,1.73,1.73,0.0,29.954101,0.0
2019-02-28,19,0,102,23.66,23.66,0.0,397.728979,0.0
2019-02-28,19,0,103,19.86,19.86,0.0,333.850276,0.0
2019-02-28,19,0,104,2.83,2.83,0.0,47.572824,0.0
2019-02-28,19,0,106,30.7,30.7,0.0,530.809945,0.0
2019-02-28,19,0,109,35.87,35.87,0.0,544.272902,0.0
2019-02-28,19,0,110,65.78,65.78,0.0,150.564656,0.0
2019-02-28,19,0,111,2.18,2.18,0.0,34.982112,0.0
2019-02-28,19,0,113,18.76,18.76,0.0,391.570148,0.0
2019-02-28,19,0,115,18.76,18.76,0.0,391.570148,0.0
2019-02-28,19,0,116,12.06,12.06,0.0,27.604283,0.0
2019-02-28,19,0,117,1.25,1.25,0.0,26.090761,0.0
2019-02-28,19,0,119,22.75,22.75,0.0,737.726924,0.0
2019-02-28,19,0,120,13.38,13.38,0.0,433.880714,0.0
2019-02-28,19,0,123,0.51,0.51,0.0,8.818015,0.0
2019-02-28,19,0,125,13.05,13.05,0.0,225.637452,0.0
2019-02-28,19,0,126,23.02,23.02,0.0,398.021008,0.0
2019-02-28,19,0,127,29.55,29.55,0.0,510.926185,0.0
2019-02-28,19,0,128,18.69,18.69,0.0,323.154328,0.0
2019-02-28,19,0,131,18.64,18.64,0.0,331.136952,0.0
2019-02-28,19,0,132,27.4,27.4,0.0,486.757107,0.0
2019-02-28,19,0,133,77.35,77.35,0.0,1105.886651,0.0
2019-02-28,19,0,134,0.0,0.0,0.0,0.0,0.0
2019-02-28,19,0,135,104.82,104.82,0.0,1498.630106,0.0
2019-02-28,19,0,136,45.9,45.9,0.0,456.593035,0.0
2019-02-28,19,0,139,36.42,36.42,0.0,584.425923,0.0
2019-02-28,19,0,140,48.69,48.69,0.0,111.447144,0.0
2019-02-28,19,0,141,36.57,36.57,0.0,484.024349,0.0
2019-02-28,19,0,142,53.56,53.56,0.0,708.896476,0.0
2019-02-28,19,0,143,50.44,50.44,0.0,873.343839,0.0
2019-02-28,19,0,145,12.89,12.89,0.0,212.944908,0.0
2019-02-28,19,0,146,124.33,124.33,0.0,284.580476,0.0
2019-02-28,19,0,152,0.74,0.74,0.0,10.609561,0.0
2019-02-28,19,0,153,0.87,0.87,0.0,12.496443,0.0
2019-02-28,19,0,154,9.0,9.0,0.0,144.421562,0.0
2019-02-28,19,0,157,47.94,47.94,0.0,634.512641,0.0
2019-02-28,19,0,158,47.26,47.26,0.0,625.512462,0.0
2019-02-28,19,0,159,0.0,0.0,0.0,0.0,0.0
2019-02-28,19,0,160,0.19,0.19,0.0,2.549081,0.0
2019-02-28,19,0,161,7.04,7.04,0.0,118.343703,0.0
2019-02-28,19,0,162,19.64,19.64,0.0,610.163812,0.0
2019-02-28,19,0,163,68.28,68.28,0.0,156.286937,0.0
2019-02-28,19,0,164,3.76,3.76,0.0,65.102554,0.0
2019-02-28,19,0,167,0.31,0.31,0.0,9.613033,0.0
2019-02-28,19,0,168,0.16,0.16,0.0,4.961565,0.0
2019-02-28,19,0,169,0.0,0.0,0.0,0.0,0.0
2019-02-28,19,0,170,0.34,0.34,0.0,10.543326,0.0
2019-02-28,19,0,172,0.41,0.41,0.0,12.956889,0.0
2019-02-28,19,0,173,0.63,0.63,0.0,19.909367,0.0
2019-02-28,19,0,188,0.71,0.71,0.0,21.871944,0.0
2019-02-28,19,0,190,0.81,0.81,0.0,26.266321,0.0
2019-02-28,19,0,191,2.09,2.09,0.0,67.773594,0.0
2019-02-28,19,0,192,38.11,38.11,0.0,1235.814202,0.0
2019-02-28,19,0,194,38.04,38.04,0.0,939.339986,0.0
2019-02-28,19,0,196,0.62,0.62,0.0,22.386586,0.0
2019-02-28,19,0,198,0.78,0.78,0.0,9.348348,0.0
2019-02-28,19,0,199,17.89,17.89,0.0,322.152185,0.0
2019-02-28,19,0,200,1.36,1.36,0.0,24.490049,0.0
2019-02-28,19,0,204,148.68,148.68,0.0,2268.76698,0.0
2019-02-28,19,0,205,189.75,189.75,0.0,2879.168755,0.0
2019-02-28,19,0,206,86.4,86.4,0.0,1498.166245,0.0
2019-02-28,19,0,210,0.13,0.13,0.0,1.3907,0.0
2019-02-28,19,0,214,1.01,1.01,0.0,13.111212,0.0
2019-02-28,19,0,217,0.62,0.62,0.0,7.375554,0.0
2019-02-28,19,0,218,0.85,0.85,0.0,10.111647,0.0
2019-02-28,19,0,219,0.58,0.58,0.0,6.899712,0.0
2019-02-28,19,0,221,0.54,0.54,0.0,7.009955,0.0
2019-02-28,19,0,225,0.21,0.21,0.0,2.228571,0.0
2019-02-28,19,0,233,0.48,0.48,0.0,6.381857,0.0
2019-02-28,19,0,236,150.55,150.55,0.0,2112.760276,0.0
2019-02-28,19,0,237,156.6,156.6,0.0,2252.381448,0.0
2019-02-28,19,0,238,8.39,8.39,0.0,99.185832,0.0
2019-02-28,19,0,240,1.04,1.04,0.0,15.015226,0.0
2019-02-28,19,0,245,68.71,68.71,0.0,885.103672,0.0
2019-02-28,19,0,247,137.34,137.34,0.0,1769.176805,0.0
2019-02-28,19,0,248,15.72,15.72,0.0,226.101126,0.0
2019-02-28,19,0,249,132.13,132.13,0.0,1702.062992,0.0
2019-02-28,19,0,251,326.4,326.4,0.0,3603.339479,0.0
2019-02-28,19,0,252,267.06,267.06,0.0,2598.008087,0.0
2019-02-28,19,0,254,1.27,1.27,0.0,17.754537,0.0
2019-02-28,19,0,255,0.58,0.58,0.0,8.108371,0.0
2019-02-28,19,0,258,1.25,1.25,0.0,17.992856,0.0
2019-02-28,19,0,260,0.47,0.47,0.0,6.305621,0.0
2019-02-28,19,0,265,9.32,9.32,0.0,149.556551,0.0
2019-02-28,19,0,266,23.58,23.58,0.0,378.384494,0.0
2019-02-28,19,0,267,28.98,28.98,0.0,465.037431,0.0
2019-02-28,19,0,270,213.24,213.24,0.0,488.087676,0.0
2019-02-28,19,0,272,62.7,62.7,0.0,1308.712596,0.0
2019-02-28,19,0,273,2.88,2.88,0.0,6.592068,0.0
2019-02-28,19,0,274,274.89,274.89,0.0,629.199125,0.0
2019-02-28,19,0,275,382.65,382.65,0.0,875.852323,0.0
2019-02-28,19,0,276,0.65,0.65,0.0,3.076494,0.0
2019-02-28,19,0,277,0.81,0.81,0.0,16.503042,0.0
2019-02-28,19,0,278,1.29,1.29,0.0,26.282622,0.0
2019-02-28,19,0,279,129.48,129.48,0.0,2638.041797,0.0
2019-02-28,19,0,281,8.21,8.21,0.0,142.15212,0.0
2019-02-28,19,0,282,47.2,47.2,0.0,817.24483,0.0
2019-02-28,20,0,9,0.0,0.0,0.0,0.0,0.0
2019-02-28,20,0,17,0.0,0.0,0.0,0.0,0.0
2019-02-28,20,0,19,369.99,369.99,0.0,6931.088626,0.0
2019-02-28,20,0,20,448.72,448.72,0.0,8405.951751,0.0
2019-02-28,20,0,21,0.0,0.0,0.0,0.0,0.0
2019-02-28,20,0,22,0.0,0.0,0.0,0.0,0.0
2019-02-28,20,0,23,12.8,12.8,0.0,285.314896,0.0
2019-02-28,20,0,24,22.64,22.64,0.0,504.650722,0.0
2019-02-28,20,0,29,0.0,0.0,0.0,0.0,0.0
2019-02-28,20,0,30,0.0,0.0,0.0,0.0,0.0
2019-02-28,20,0,31,10.88,10.88,0.0,242.790309,0.0
2019-02-28,20,0,32,0.0,0.0,0.0,0.0,0.0
2019-02-28,20,0,33,0.0,0.0,0.0,0.0,0.0
2019-02-28,20,0,34,0.0,0.0,0.0,0.0,0.0
2019-02-28,20,0,35,0.0,0.0,0.0,0.0,0.0
2019-02-28,20,0,36,0.0,0.0,0.0,0.0,0.0
2019-02-28,20,0,37,0.0,0.0,0.0,0.0,0.0
2019-02-28,20,0,38,0.0,0.0,0.0,0.0,0.0
2019-02-28,20,0,39,0.0,0.0,0.0,0.0,0.0
2019-02-28,20,0,40,0.0,0.0,0.0,0.0,0.0
2019-02-28,20,0,41,43.41,43.41,0.0,912.287516,0.0
2019-02-28,20,0,42,0.0,0.0,0.0,0.0,0.0
2019-02-28,20,0,43,0.0,0.0,0.0,0.0,0.0
2019-02-28,20,0,46,0.0,0.0,0.0,0.0,0.0
2019-02-28,20,0,52,11.53,11.53,0.0,257.295244,0.0
2019-02-28,20,0,53,18.32,18.32,0.0,408.816034,0.0
2019-02-28,20,0,55,72.5,72.5,0.0,1616.041402,0.0
2019-02-28,20,0,56,0.0,0.0,0.0,0.0,0.0
2019-02-28,20,0,57,0.0,0.0,0.0,0.0,0.0
2019-02-28,20,0,58,0.0,0.0,0.0,0.0,0.0
2019-02-28,20,0,59,0.0,0.0,0.0,0.0,0.0
2019-02-28,20,0,63,14.0,14.0,0.0,523.9858,0.0
2019-02-28,20,0,64,16.47,16.47,0.0,616.431866,0.0
2019-02-28,20,0,65,39.45,39.45,0.0,739.81102,0.0
2019-02-28,20,0,67,0.0,0.0,0.0,0.0,0.0
2019-02-28,20,0,68,4.94,4.94,0.0,111.322668,0.0
2019-02-28,20,0,69,0.0,0.0,0.0,0.0,0.0
2019-02-28,20,0,74,65.28,65.28,0.0,1262.68875,0.0
2019-02-28,20,0,77,42.21,42.21,0.0,1042.836713,0.0
2019-02-28,20,0,78,32.04,32.04,0.0,791.577548,0.0
2019-02-28,20,0,79,18.65,18.65,0.0,460.765333,0.0
2019-02-28,20,0,80,30.01,30.01,0.0,741.424538,0.0
2019-02-28,20,0,81,39.09,39.09,0.0,965.754256,0.0
2019-02-28,20,0,82,27.71,27.71,0.0,684.600932,0.0
2019-02-28,20,0,83,60.93,60.93,0.0,1505.33146,0.0
2019-02-28,20,0,84,0.0,0.0,0.0,0.0,0.0
2019-02-28,20,0,86,0.0,0.0,0.0,0.0,0.0
2019-02-28,20,0,87,0.0,0.0,0.0,0.0,0.0
2019-02-28,20,0,88,34.58,34.58,0.0,854.330574,0.0
2019-02-28,20,0,89,33.25,33.25,0.0,821.471706,0.0
2019-02-28,20,0,90,44.61,44.61,0.0,1102.130912,0.0
2019-02-28,20,0,91,158.82,158.82,0.0,3923.793575,0.0
2019-02-28,20,0,92,57.19,57.19,0.0,1412.931335,0.0
2019-02-28,20,0,95,14.69,14.69,0.0,533.679765,0.0
2019-02-28,20,0,96,7.7,7.7,0.0,172.02936,0.0
2019-02-28,20,0,97,55.58,55.58,0.0,1241.7392,0.0
2019-02-28,20,0,99,12.6,12.6,0.0,243.717498,0.0
2019-02-28,20,0,101,0.0,0.0,0.0,0.0,0.0
2019-02-28,20,0,102,11.7,11.7,0.0,263.65895,0.0
2019-02-28,20,0,103,10.17,10.17,0.0,229.180472,0.0
2019-02-28,20,0,104,1.89,1.89,0.0,42.591061,0.0
2019-02-28,20,0,106,0.0,0.0,0.0,0.0,0.0
2019-02-28,20,0,109,35.97,35.97,0.0,722.960743,0.0
2019-02-28,20,0,110,46.77,46.77,0.0,521.526611,0.0
2019-02-28,20,0,111,0.0,0.0,0.0,0.0,0.0
2019-02-28,20,0,113,13.7,13.7,0.0,353.582723,0.0
2019-02-28,20,0,115,13.7,13.7,0.0,353.582723,0.0
2019-02-28,20,0,116,0.0,0.0,0.0,0.0,0.0
2019-02-28,20,0,117,0.91,0.91,0.0,23.486152,0.0
2019-02-28,20,0,119,16.47,16.47,0.0,616.431866,0.0
2019-02-28,20,0,120,9.69,9.69,0.0,362.673028,0.0
2019-02-28,20,0,123,0.0,0.0,0.0,0.0,0.0
2019-02-28,20,0,125,20.49,20.49,0.0,456.726735,0.0
2019-02-28,20,0,126,0.0,0.0,0.0,0.0,0.0
2019-02-28,20,0,127,0.0,0.0,0.0,0.0,0.0
2019-02-28,20,0,128,29.34,29.34,0.0,653.995238,0.0
2019-02-28,20,0,131,15.61,15.61,0.0,363.453512,0.0
2019-02-28,20,0,132,22.95,22.95,0.0,534.353497,0.0
2019-02-28,20,0,133,41.96,41.96,0.0,785.965281,0.0
2019-02-28,20,0,134,0.0,0.0,0.0,0.0,0.0
2019-02-28,20,0,135,55.91,55.91,0.0,1047.266894,0.0
2019-02-28,20,0,136,43.64,43.64,0.0,818.434441,0.0
2019-02-28,20,0,139,58.11,58.11,0.0,1221.216944,0.0
2019-02-28,20,0,140,34.61,34.61,0.0,385.931922,0.0
2019-02-28,20,0,141,52.58,52.58,0.0,1037.539784,0.0
2019-02-28,20,0,142,0.0,0.0,0.0,0.0,0.0
2019-02-28,20,0,143,29.36,29.36,0.0,655.176789,0.0
2019-02-28,20,0,145,13.33,13.33,0.0,286.504418,0.0
2019-02-28,20,0,146,84.23,84.23,0.0,939.238538,0.0
2019-02-28,20,0,152,0.0,0.0,0.0,0.0,0.0
2019-02-28,20,0,153,0.0,0.0,0.0,0.0,0.0
2019-02-28,20,0,154,0.0,0.0,0.0,0.0,0.0
2019-02-28,20,0,157,60.04,60.04,0.0,1184.744934,0.0
2019-02-28,20,0,158,0.0,0.0,0.0,0.0,0.0
2019-02-28,20,0,159,0.0,0.0,0.0,0.0,0.0
2019-02-28,20,0,160,0.0,0.0,0.0,0.0,0.0
2019-02-28,20,0,161,0.0,0.0,0.0,0.0,0.0
2019-02-28,20,0,162,13.32,13.32,0.0,484.024719,0.0
2019-02-28,20,0,163,54.36,54.36,0.0,606.161782,0.0
2019-02-28,20,0,164,0.0,0.0,0.0,0.0,0.0
2019-02-28,20,0,167,0.0,0.0,0.0,0.0,0.0
2019-02-28,20,0,168,0.0,0.0,0.0,0.0,0.0
2019-02-28,20,0,169,0.0,0.0,0.0,0.0,0.0
2019-02-28,20,0,170,0.0,0.0,0.0,0.0,0.0
2019-02-28,20,0,172,0.0,0.0,0.0,0.0,0.0
2019-02-28,20,0,173,0.0,0.0,0.0,0.0,0.0
2019-02-28,20,0,188,0.0,0.0,0.0,0.0,0.0
2019-02-28,20,0,190,0.0,0.0,0.0,0.0,0.0
2019-02-28,20,0,191,0.0,0.0,0.0,0.0,0.0
2019-02-28,20,0,192,29.66,29.66,0.0,1110.101344,0.0
2019-02-28,20,0,194,27.58,27.58,0.0,797.725732,0.0
2019-02-28,20,0,196,0.0,0.0,0.0,0.0,0.0
2019-02-28,20,0,198,0.0,0.0,0.0,0.0,0.0
2019-02-28,20,0,199,9.5,9.5,0.0,215.771948,0.0
2019-02-28,20,0,200,0.0,0.0,0.0,0.0,0.0
2019-02-28,20,0,204,274.95,274.95,0.0,5549.57834,0.0
2019-02-28,20,0,205,190.26,190.26,0.0,3824.034223,0.0
2019-02-28,20,0,206,210.54,210.54,0.0,4703.774221,0.0
2019-02-28,20,0,210,0.0,0.0,0.0,0.0,0.0
2019-02-28,20,0,214,0.0,0.0,0.0,0.0,0.0
2019-02-28,20,0,217,0.0,0.0,0.0,0.0,0.0
2019-02-28,20,0,218,0.0,0.0,0.0,0.0,0.0
2019-02-28,20,0,219,0.0,0.0,0.0,0.0,0.0
2019-02-28,20,0,221,0.0,0.0,0.0,0.0,0.0
2019-02-28,20,0,225,0.0,0.0,0.0,0.0,0.0
2019-02-28,20,0,233,0.0,0.0,0.0,0.0,0.0
2019-02-28,20,0,236,110.94,110.94,0.0,2108.068154,0.0
2019-02-28,20,0,237,156.6,156.6,0.0,3029.06033,0.0
2019-02-28,20,0,238,0.0,0.0,0.0,0.0,0.0
2019-02-28,20,0,240,0.0,0.0,0.0,0.0,0.0
2019-02-28,20,0,245,95.93,95.93,0.0,1790.035188,0.0
2019-02-28,20,0,247,98.46,98.46,0.0,1837.244498,0.0
2019-02-28,20,0,248,15.72,15.72,0.0,304.066592,0.0
2019-02-28,20,0,249,184.41,184.41,0.0,3441.054822,0.0
2019-02-28,20,0,251,326.4,326.4,0.0,6131.714572,0.0
2019-02-28,20,0,252,254.49,254.49,0.0,4772.484323,0.0
2019-02-28,20,0,254,0.0,0.0,0.0,0.0,0.0
2019-02-28,20,0,255,0.0,0.0,0.0,0.0,0.0
2019-02-28,20,0,258,0.0,0.0,0.0,0.0,0.0
2019-02-28,20,0,260,0.0,0.0,0.0,0.0,0.0
2019-02-28,20,0,265,0.0,0.0,0.0,0.0,0.0
2019-02-28,20,0,266,35.41,35.41,0.0,744.162657,0.0
2019-02-28,20,0,267,44.79,44.79,0.0,941.289054,0.0
2019-02-28,20,0,270,169.76,169.76,0.0,1892.973219,0.0
2019-02-28,20,0,272,45.79,45.79,0.0,1181.79218,0.0
2019-02-28,20,0,273,0.0,0.0,0.0,0.0,0.0
2019-02-28,20,0,274,218.84,218.84,0.0,2440.25836,0.0
2019-02-28,20,0,275,304.62,304.62,0.0,3396.780761,0.0
2019-02-28,20,0,276,0.0,0.0,0.0,0.0,0.0
2019-02-28,20,0,277,0.0,0.0,0.0,0.0,0.0
2019-02-28,20,0,278,0.0,0.0,0.0,0.0,0.0
2019-02-28,20,0,279,225.35,225.35,0.0,5716.392733,0.0
2019-02-28,20,0,281,4.88,4.88,0.0,108.898594,0.0
2019-02-28,20,0,282,0.0,0.0,0.0,0.0,0.0
2019-02-28,21,0,9,0.0,0.0,0.0,0.0,0.0
2019-02-28,21,0,17,0.0,0.0,0.0,0.0,0.0
2019-02-28,21,0,19,259.68,259.68,0.0,3523.619945,0.0
2019-02-28,21,0,20,314.94,314.94,0.0,4273.447572,0.0
2019-02-28,21,0,21,0.0,0.0,0.0,0.0,0.0
2019-02-28,21,0,22,0.0,0.0,0.0,0.0,0.0
2019-02-28,21,0,23,22.83,22.83,0.0,283.324965,0.0
2019-02-28,21,0,24,40.4,40.4,0.0,501.372255,0.0
2019-02-28,21,0,29,0.0,0.0,0.0,0.0,0.0
2019-02-28,21,0,30,0.0,0.0,0.0,0.0,0.0
2019-02-28,21,0,31,7.72,7.72,0.0,95.780997,0.0
2019-02-28,21,0,32,0.0,0.0,0.0,0.0,0.0
2019-02-28,21,0,33,0.0,0.0,0.0,0.0,0.0
2019-02-28,21,0,34,0.0,0.0,0.0,0.0,0.0
2019-02-28,21,0,35,0.0,0.0,0.0,0.0,0.0
2019-02-28,21,0,36,0.0,0.0,0.0,0.0,0.0
2019-02-28,21,0,37,0.0,0.0,0.0,0.0,0.0
2019-02-28,21,0,38,0.0,0.0,0.0,0.0,0.0
2019-02-28,21,0,39,0.0,0.0,0.0,0.0,0.0
2019-02-28,21,0,40,0.0,0.0,0.0,0.0,0.0
2019-02-28,21,0,41,71.36,71.36,0.0,901.508755,0.0
2019-02-28,21,0,42,0.0,0.0,0.0,0.0,0.0
2019-02-28,21,0,43,0.0,0.0,0.0,0.0,0.0
2019-02-28,21,0,46,0.0,0.0,0.0,0.0,0.0
2019-02-28,21,0,52,8.18,8.18,0.0,101.488155,0.0
2019-02-28,21,0,53,12.99,12.99,0.0,161.165176,0.0
2019-02-28,21,0,55,64.66,64.66,0.0,802.443813,0.0
2019-02-28,21,0,56,0.0,0.0,0.0,0.0,0.0
2019-02-28,21,0,57,0.0,0.0,0.0,0.0,0.0
2019-02-28,21,0,58,0.0,0.0,0.0,0.0,0.0
2019-02-28,21,0,59,0.0,0.0,0.0,0.0,0.0
2019-02-28,21,0,63,9.96,9.96,0.0,296.891052,0.0
2019-02-28,21,0,64,11.72,11.72,0.0,349.353728,0.0
2019-02-28,21,0,65,30.31,30.31,0.0,410.774661,0.0
2019-02-28,21,0,67,0.0,0.0,0.0,0.0,0.0
2019-02-28,21,0,68,3.52,3.52,0.0,39.805684,0.0
2019-02-28,21,0,69,0.0,0.0,0.0,0.0,0.0
2019-02-28,21,0,74,48.18,48.18,0.0,631.975231,0.0
2019-02-28,21,0,77,79.97,79.97,0.0,967.628569,0.0
2019-02-28,21,0,78,60.58,60.58,0.0,733.011613,0.0
2019-02-28,21,0,79,35.14,35.14,0.0,425.190295,0.0
2019-02-28,21,0,80,56.71,56.71,0.0,686.185021,0.0
2019-02-28,21,0,81,74.02,74.02,0.0,895.634196,0.0
2019-02-28,21,0,82,52.32,52.32,0.0,633.066484,0.0
2019-02-28,21,0,83,115.94,115.94,0.0,1402.861776,0.0
2019-02-28,21,0,84,0.0,0.0,0.0,0.0,0.0
2019-02-28,21,0,86,0.0,0.0,0.0,0.0,0.0
2019-02-28,21,0,87,0.0,0.0,0.0,0.0,0.0
2019-02-28,21,0,88,57.14,57.14,0.0,691.387976,0.0
2019-02-28,21,0,89,54.93,54.93,0.0,664.647209,0.0
2019-02-28,21,0,90,73.75,73.75,0.0,892.367224,0.0
2019-02-28,21,0,91,263.08,263.08,0.0,3183.240263,0.0
2019-02-28,21,0,92,94.61,94.61,0.0,1144.771025,0.0
2019-02-28,21,0,95,13.16,13.16,0.0,378.661176,0.0
2019-02-28,21,0,96,10.43,10.43,0.0,129.367201,0.0
2019-02-28,21,0,97,64.15,64.15,0.0,795.676503,0.0
2019-02-28,21,0,99,9.3,9.3,0.0,121.987747,0.0
2019-02-28,21,0,101,0.0,0.0,0.0,0.0,0.0
2019-02-28,21,0,102,8.33,8.33,0.0,94.199246,0.0
2019-02-28,21,0,103,7.25,7.25,0.0,81.986139,0.0
2019-02-28,21,0,104,1.35,1.35,0.0,15.266384,0.0
2019-02-28,21,0,106,0.0,0.0,0.0,0.0,0.0
2019-02-28,21,0,109,50.3,50.3,0.0,636.817328,0.0
2019-02-28,21,0,110,36.55,36.55,0.0,275.884641,0.0
2019-02-28,21,0,111,0.0,0.0,0.0,0.0,0.0
2019-02-28,21,0,113,18.84,18.84,0.0,230.224846,0.0
2019-02-28,21,0,115,18.84,18.84,0.0,230.224846,0.0
2019-02-28,21,0,116,0.0,0.0,0.0,0.0,0.0
2019-02-28,21,0,117,1.27,1.27,0.0,15.519403,0.0
2019-02-28,21,0,119,11.72,11.72,0.0,349.353728,0.0
2019-02-28,21,0,120,6.89,6.89,0.0,205.379453,0.0
2019-02-28,21,0,123,0.0,0.0,0.0,0.0,0.0
2019-02-28,21,0,125,36.56,36.56,0.0,453.717071,0.0
2019-02-28,21,0,126,0.0,0.0,0.0,0.0,0.0
2019-02-28,21,0,127,0.0,0.0,0.0,0.0,0.0
2019-02-28,21,0,128,52.36,52.36,0.0,649.798299,0.0
2019-02-28,21,0,131,12.93,12.93,0.0,149.414501,0.0
2019-02-28,21,0,132,19.0,19.0,0.0,219.557271,0.0
2019-02-28,21,0,133,25.81,25.81,0.0,350.258538,0.0
2019-02-28,21,0,134,0.0,0.0,0.0,0.0,0.0
2019-02-28,21,0,135,33.55,33.55,0.0,455.295387,0.0
2019-02-28,21,0,136,37.66,37.66,0.0,510.350746,0.0
2019-02-28,21,0,139,94.0,94.0,0.0,1187.525546,0.0
2019-02-28,21,0,140,27.05,27.05,0.0,204.177279,0.0
2019-02-28,21,0,141,81.97,81.97,0.0,851.076619,0.0
2019-02-28,21,0,142,0.0,0.0,0.0,0.0,0.0
2019-02-28,21,0,143,18.88,18.88,0.0,234.24161,0.0
2019-02-28,21,0,145,14.04,14.04,0.0,175.526471,0.0
2019-02-28,21,0,146,59.01,59.01,0.0,445.415942,0.0
2019-02-28,21,0,152,0.0,0.0,0.0,0.0,0.0
2019-02-28,21,0,153,0.0,0.0,0.0,0.0,0.0
2019-02-28,21,0,154,0.0,0.0,0.0,0.0,0.0
2019-02-28,21,0,157,74.62,74.62,0.0,774.763173,0.0
2019-02-28,21,0,158,0.0,0.0,0.0,0.0,0.0
2019-02-28,21,0,159,0.0,0.0,0.0,0.0,0.0
2019-02-28,21,0,160,0.0,0.0,0.0,0.0,0.0
2019-02-28,21,0,161,0.0,0.0,0.0,0.0,0.0
2019-02-28,21,0,162,12.31,12.31,0.0,354.364079,0.0
2019-02-28,21,0,163,42.71,42.71,0.0,322.381205,0.0
2019-02-28,21,0,164,0.0,0.0,0.0,0.0,0.0
2019-02-28,21,0,167,0.0,0.0,0.0,0.0,0.0
2019-02-28,21,0,168,0.0,0.0,0.0,0.0,0.0
2019-02-28,21,0,169,0.0,0.0,0.0,0.0,0.0
2019-02-28,21,0,170,0.0,0.0,0.0,0.0,0.0
2019-02-28,21,0,172,0.0,0.0,0.0,0.0,0.0
2019-02-28,21,0,173,0.0,0.0,0.0,0.0,0.0
2019-02-28,21,0,188,0.0,0.0,0.0,0.0,0.0
2019-02-28,21,0,190,0.0,0.0,0.0,0.0,0.0
2019-02-28,21,0,191,0.0,0.0,0.0,0.0,0.0
2019-02-28,21,0,192,22.49,22.49,0.0,670.389534,0.0
2019-02-28,21,0,194,19.94,19.94,0.0,259.640341,0.0
2019-02-28,21,0,196,0.0,0.0,0.0,0.0,0.0
2019-02-28,21,0,198,0.0,0.0,0.0,0.0,0.0
2019-02-28,21,0,199,6.33,6.33,0.0,75.517046,0.0
2019-02-28,21,0,200,0.0,0.0,0.0,0.0,0.0
2019-02-28,21,0,204,509.09,509.09,0.0,6427.271097,0.0
2019-02-28,21,0,205,233.45,233.45,0.0,2955.566704,0.0
2019-02-28,21,0,206,188.49,188.49,0.0,2337.912145,0.0
2019-02-28,21,0,210,0.0,0.0,0.0,0.0,0.0
2019-02-28,21,0,214,0.0,0.0,0.0,0.0,0.0
2019-02-28,21,0,217,0.0,0.0,0.0,0.0,0.0
2019-02-28,21,0,218,0.0,0.0,0.0,0.0,0.0
2019-02-28,21,0,219,0.0,0.0,0.0,0.0,0.0
2019-02-28,21,0,221,0.0,0.0,0.0,0.0,0.0
2019-02-28,21,0,225,0.0,0.0,0.0,0.0,0.0
2019-02-28,21,0,233,0.0,0.0,0.0,0.0,0.0
2019-02-28,21,0,236,79.61,79.61,0.0,1061.709132,0.0
2019-02-28,21,0,237,115.58,115.58,0.0,1516.058471,0.0
2019-02-28,21,0,238,0.0,0.0,0.0,0.0,0.0
2019-02-28,21,0,240,0.0,0.0,0.0,0.0,0.0
2019-02-28,21,0,245,126.61,126.61,0.0,1725.728218,0.0
2019-02-28,21,0,247,68.53,68.53,0.0,934.082259,0.0
2019-02-28,21,0,248,11.6,11.6,0.0,152.15676,0.0
2019-02-28,21,0,249,243.48,243.48,0.0,3318.697627,0.0
2019-02-28,21,0,251,301.67,301.67,0.0,4080.125903,0.0
2019-02-28,21,0,252,195.5,195.5,0.0,2649.503338,0.0
2019-02-28,21,0,254,0.0,0.0,0.0,0.0,0.0
2019-02-28,21,0,255,0.0,0.0,0.0,0.0,0.0
2019-02-28,21,0,258,0.0,0.0,0.0,0.0,0.0
2019-02-28,21,0,260,0.0,0.0,0.0,0.0,0.0
2019-02-28,21,0,265,0.0,0.0,0.0,0.0,0.0
2019-02-28,21,0,266,58.87,58.87,0.0,743.719456,0.0
2019-02-28,21,0,267,73.49,73.49,0.0,928.417579,0.0
2019-02-28,21,0,270,133.39,133.39,0.0,1006.846848,0.0
2019-02-28,21,0,272,62.92,62.92,0.0,768.882554,0.0
2019-02-28,21,0,273,0.0,0.0,0.0,0.0,0.0
2019-02-28,21,0,274,171.95,171.95,0.0,1297.903258,0.0
2019-02-28,21,0,275,239.36,239.36,0.0,1806.723604,0.0
2019-02-28,21,0,276,0.0,0.0,0.0,0.0,0.0
2019-02-28,21,0,277,0.0,0.0,0.0,0.0,0.0
2019-02-28,21,0,278,0.0,0.0,0.0,0.0,0.0
2019-02-28,21,0,279,154.82,154.82,0.0,1884.445703,0.0
2019-02-28,21,0,281,3.46,3.46,0.0,42.927753,0.0
2019-02-28,21,0,282,0.0,0.0,0.0,0.0,0.0
2019-02-28,22,0,9,0.0,0.0,0.0,0.0,0.0
2019-02-28,22,0,17,0.0,0.0,0.0,0.0,0.0
2019-02-28,22,0,19,175.13,175.13,0.0,1852.747044,0.0
2019-02-28,22,0,20,212.4,212.4,0.0,2247.036329,0.0
2019-02-28,22,0,21,0.0,0.0,0.0,0.0,0.0
2019-02-28,22,0,22,0.0,0.0,0.0,0.0,0.0
2019-02-28,22,0,23,40.64,40.64,0.0,349.614246,0.0
2019-02-28,22,0,24,71.91,71.91,0.0,618.621074,0.0
2019-02-28,22,0,29,0.0,0.0,0.0,0.0,0.0
2019-02-28,22,0,30,0.0,0.0,0.0,0.0,0.0
2019-02-28,22,0,31,7.85,7.85,0.0,67.44545,0.0
2019-02-28,22,0,32,0.0,0.0,0.0,0.0,0.0
2019-02-28,22,0,33,0.0,0.0,0.0,0.0,0.0
2019-02-28,22,0,34,0.0,0.0,0.0,0.0,0.0
2019-02-28,22,0,35,0.0,0.0,0.0,0.0,0.0
2019-02-28,22,0,36,0.0,0.0,0.0,0.0,0.0
2019-02-28,22,0,37,0.0,0.0,0.0,0.0,0.0
2019-02-28,22,0,38,0.0,0.0,0.0,0.0,0.0
2019-02-28,22,0,39,0.0,0.0,0.0,0.0,0.0
2019-02-28,22,0,40,0.0,0.0,0.0,0.0,0.0
2019-02-28,22,0,41,66.97,66.97,0.0,615.581116,0.0
2019-02-28,22,0,42,0.0,0.0,0.0,0.0,0.0
2019-02-28,22,0,43,0.0,0.0,0.0,0.0,0.0
2019-02-28,22,0,46,0.0,0.0,0.0,0.0,0.0
2019-02-28,22,0,52,8.32,8.32,0.0,71.483586,0.0
2019-02-28,22,0,53,13.22,13.22,0.0,113.583294,0.0
2019-02-28,22,0,55,142.59,142.59,0.0,1226.66081,0.0
2019-02-28,22,0,56,0.0,0.0,0.0,0.0,0.0
2019-02-28,22,0,57,0.0,0.0,0.0,0.0,0.0
2019-02-28,22,0,58,0.0,0.0,0.0,0.0,0.0
2019-02-28,22,0,59,0.0,0.0,0.0,0.0,0.0
2019-02-28,22,0,63,6.96,6.96,0.0,183.302335,0.0
2019-02-28,22,0,64,8.19,8.19,0.0,215.696282,0.0
2019-02-28,22,0,65,22.74,22.74,0.0,240.177589,0.0
2019-02-28,22,0,67,0.0,0.0,0.0,0.0,0.0
2019-02-28,22,0,68,2.44,2.44,0.0,18.290545,0.0
2019-02-28,22,0,69,0.0,0.0,0.0,0.0,0.0
2019-02-28,22,0,74,33.85,33.85,0.0,341.326729,0.0
2019-02-28,22,0,77,88.88,88.88,0.0,671.553003,0.0
2019-02-28,22,0,78,67.19,67.19,0.0,507.669288,0.0
2019-02-28,22,0,79,38.88,38.88,0.0,293.76666,0.0
2019-02-28,22,0,80,62.88,62.88,0.0,475.104105,0.0
2019-02-28,22,0,81,82.21,82.21,0.0,621.156305,0.0
2019-02-28,22,0,82,57.99,57.99,0.0,438.156601,0.0
2019-02-28,22,0,83,129.32,129.32,0.0,977.106597,0.0
2019-02-28,22,0,84,0.0,0.0,0.0,0.0,0.0
2019-02-28,22,0,86,0.0,0.0,0.0,0.0,0.0
2019-02-28,22,0,87,0.0,0.0,0.0,0.0,0.0
2019-02-28,22,0,88,56.01,56.01,0.0,423.196261,0.0
2019-02-28,22,0,89,53.85,53.85,0.0,406.875891,0.0
2019-02-28,22,0,90,72.3,72.3,0.0,546.279052,0.0
2019-02-28,22,0,91,257.9,257.9,0.0,1948.621957,0.0
2019-02-28,22,0,92,92.75,92.75,0.0,700.793666,0.0
2019-02-28,22,0,95,15.89,15.89,0.0,403.823589,0.0
2019-02-28,22,0,96,14.54,14.54,0.0,124.758265,0.0
2019-02-28,22,0,97,89.39,89.39,0.0,766.997338,0.0
2019-02-28,22,0,99,6.53,6.53,0.0,65.845304,0.0
2019-02-28,22,0,101,0.0,0.0,0.0,0.0,0.0
2019-02-28,22,0,102,5.77,5.77,0.0,43.252641,0.0
2019-02-28,22,0,103,5.02,5.02,0.0,37.630547,0.0
2019-02-28,22,0,104,0.93,0.93,0.0,6.971396,0.0
2019-02-28,22,0,106,0.0,0.0,0.0,0.0,0.0
2019-02-28,22,0,109,103.36,103.36,0.0,985.333697,0.0
2019-02-28,22,0,110,32.85,32.85,0.0,247.956511,0.0
2019-02-28,22,0,111,0.0,0.0,0.0,0.0,0.0
2019-02-28,22,0,113,25.45,25.45,0.0,186.354107,0.0
2019-02-28,22,0,115,25.45,25.45,0.0,186.354107,0.0
2019-02-28,22,0,116,0.0,0.0,0.0,0.0,0.0
2019-02-28,22,0,117,1.7,1.7,0.0,12.448015,0.0
2019-02-28,22,0,119,8.19,8.19,0.0,215.696282,0.0
2019-02-28,22,0,120,4.82,4.82,0.0,126.942134,0.0
2019-02-28,22,0,123,0.0,0.0,0.0,0.0,0.0
2019-02-28,22,0,125,65.07,65.07,0.0,559.778518,0.0
2019-02-28,22,0,126,0.0,0.0,0.0,0.0,0.0
2019-02-28,22,0,127,0.0,0.0,0.0,0.0,0.0
2019-02-28,22,0,128,93.2,93.2,0.0,801.772828,0.0
2019-02-28,22,0,131,10.73,10.73,0.0,80.396725,0.0
2019-02-28,22,0,132,15.77,15.77,0.0,118.159959,0.0
2019-02-28,22,0,133,27.3,27.3,0.0,288.858663,0.0
2019-02-28,22,0,134,0.0,0.0,0.0,0.0,0.0
2019-02-28,22,0,135,36.58,36.58,0.0,387.049446,0.0
2019-02-28,22,0,136,32.61,32.61,0.0,344.392443,0.0
2019-02-28,22,0,139,86.49,86.49,0.0,795.006879,0.0
2019-02-28,22,0,140,24.31,24.31,0.0,183.495366,0.0
2019-02-28,22,0,141,129.54,129.54,0.0,972.706796,0.0
2019-02-28,22,0,142,0.0,0.0,0.0,0.0,0.0
2019-02-28,22,0,143,15.98,15.98,0.0,137.296599,0.0
2019-02-28,22,0,145,37.13,37.13,0.0,331.998662,0.0
2019-02-28,22,0,146,44.5,44.5,0.0,335.892381,0.0
2019-02-28,22,0,152,0.0,0.0,0.0,0.0,0.0
2019-02-28,22,0,153,0.0,0.0,0.0,0.0,0.0
2019-02-28,22,0,154,0.0,0.0,0.0,0.0,0.0
2019-02-28,22,0,157,91.49,91.49,0.0,686.992008,0.0
2019-02-28,22,0,158,0.0,0.0,0.0,0.0,0.0
2019-02-28,22,0,159,0.0,0.0,0.0,0.0,0.0
2019-02-28,22,0,160,0.0,0.0,0.0,0.0,0.0
2019-02-28,22,0,161,0.0,0.0,0.0,0.0,0.0
2019-02-28,22,0,162,9.66,9.66,0.0,245.630983,0.0
2019-02-28,22,0,163,33.19,33.19,0.0,250.522879,0.0
2019-02-28,22,0,164,0.0,0.0,0.0,0.0,0.0
2019-02-28,22,0,167,0.0,0.0,0.0,0.0,0.0
2019-02-28,22,0,168,0.0,0.0,0.0,0.0,0.0
2019-02-28,22,0,169,0.0,0.0,0.0,0.0,0.0
2019-02-28,22,0,170,0.0,0.0,0.0,0.0,0.0
2019-02-28,22,0,172,0.0,0.0,0.0,0.0,0.0
2019-02-28,22,0,173,0.0,0.0,0.0,0.0,0.0
2019-02-28,22,0,188,0.0,0.0,0.0,0.0,0.0
2019-02-28,22,0,190,0.0,0.0,0.0,0.0,0.0
2019-02-28,22,0,191,0.0,0.0,0.0,0.0,0.0
2019-02-28,22,0,192,16.65,16.65,0.0,438.503431,0.0
2019-02-28,22,0,194,15.04,15.04,0.0,106.710278,0.0
2019-02-28,22,0,196,0.0,0.0,0.0,0.0,0.0
2019-02-28,22,0,198,0.0,0.0,0.0,0.0,0.0
2019-02-28,22,0,199,7.07,7.07,0.0,66.547102,0.0
2019-02-28,22,0,200,0.0,0.0,0.0,0.0,0.0
2019-02-28,22,0,204,533.26,533.26,0.0,5055.867461,0.0
2019-02-28,22,0,205,514.2,514.2,0.0,4901.882615,0.0
2019-02-28,22,0,206,262.66,262.66,0.0,2253.714294,0.0
2019-02-28,22,0,210,0.0,0.0,0.0,0.0,0.0
2019-02-28,22,0,214,0.0,0.0,0.0,0.0,0.0
2019-02-28,22,0,217,0.0,0.0,0.0,0.0,0.0
2019-02-28,22,0,218,0.0,0.0,0.0,0.0,0.0
2019-02-28,22,0,219,0.0,0.0,0.0,0.0,0.0
2019-02-28,22,0,221,0.0,0.0,0.0,0.0,0.0
2019-02-28,22,0,225,0.0,0.0,0.0,0.0,0.0
2019-02-28,22,0,233,0.0,0.0,0.0,0.0,0.0
2019-02-28,22,0,236,55.56,55.56,0.0,574.491704,0.0
2019-02-28,22,0,237,81.21,81.21,0.0,818.881644,0.0
2019-02-28,22,0,238,0.0,0.0,0.0,0.0,0.0
2019-02-28,22,0,240,0.0,0.0,0.0,0.0,0.0
2019-02-28,22,0,245,94.92,94.92,0.0,1010.246247,0.0
2019-02-28,22,0,247,47.04,47.04,0.0,500.653007,0.0
2019-02-28,22,0,248,8.15,8.15,0.0,82.180586,0.0
2019-02-28,22,0,249,182.54,182.54,0.0,1942.797618,0.0
2019-02-28,22,0,251,488.67,488.67,0.0,5147.34885,0.0
2019-02-28,22,0,252,146.71,146.71,0.0,1549.536241,0.0
2019-02-28,22,0,254,0.0,0.0,0.0,0.0,0.0
2019-02-28,22,0,255,0.0,0.0,0.0,0.0,0.0
2019-02-28,22,0,258,0.0,0.0,0.0,0.0,0.0
2019-02-28,22,0,260,0.0,0.0,0.0,0.0,0.0
2019-02-28,22,0,265,0.0,0.0,0.0,0.0,0.0
2019-02-28,22,0,266,56.0,56.0,0.0,514.746043,0.0
2019-02-28,22,0,267,68.82,68.82,0.0,632.586119,0.0
2019-02-28,22,0,270,103.65,103.65,0.0,782.365063,0.0
2019-02-28,22,0,272,85.06,85.06,0.0,622.840094,0.0
2019-02-28,22,0,273,0.0,0.0,0.0,0.0,0.0
2019-02-28,22,0,274,133.62,133.62,0.0,1008.582921,0.0
2019-02-28,22,0,275,186.0,186.0,0.0,1403.954672,0.0
2019-02-28,22,0,276,0.0,0.0,0.0,0.0,0.0
2019-02-28,22,0,277,0.0,0.0,0.0,0.0,0.0
2019-02-28,22,0,278,0.0,0.0,0.0,0.0,0.0
2019-02-28,22,0,279,42.28,42.28,0.0,313.545166,0.0
2019-02-28,22,0,281,3.52,3.52,0.0,30.243055,0.0
2019-02-28,22,0,282,0.0,0.0,0.0,0.0,0.0
2019-02-28,23,0,9,0.0,0.0,0.0,0.0,0.0
2019-02-28,23,0,17,0.0,0.0,0.0,0.0,0.0
2019-02-28,23,0,19,176.31,176.31,0.0,1809.489186,0.0
2019-02-28,23,0,20,213.82,213.82,0.0,2194.458497,0.0
2019-02-28,23,0,21,0.0,0.0,0.0,0.0,0.0
2019-02-28,23,0,22,0.0,0.0,0.0,0.0,0.0
2019-02-28,23,0,23,33.85,33.85,0.0,316.978538,0.0
2019-02-28,23,0,24,59.89,59.89,0.0,560.822589,0.0
2019-02-28,23,0,29,0.0,0.0,0.0,0.0,0.0
2019-02-28,23,0,30,0.0,0.0,0.0,0.0,0.0
2019-02-28,23,0,31,10.36,10.36,0.0,96.955148,0.0
2019-02-28,23,0,32,0.0,0.0,0.0,0.0,0.0
2019-02-28,23,0,33,0.0,0.0,0.0,0.0,0.0
2019-02-28,23,0,34,0.0,0.0,0.0,0.0,0.0
2019-02-28,23,0,35,0.0,0.0,0.0,0.0,0.0
2019-02-28,23,0,36,0.0,0.0,0.0,0.0,0.0
2019-02-28,23,0,37,0.0,0.0,0.0,0.0,0.0
2019-02-28,23,0,38,0.0,0.0,0.0,0.0,0.0
2019-02-28,23,0,39,0.0,0.0,0.0,0.0,0.0
2019-02-28,23,0,40,0.0,0.0,0.0,0.0,0.0
2019-02-28,23,0,41,87.84,87.84,0.0,848.302415,0.0
2019-02-28,23,0,42,0.0,0.0,0.0,0.0,0.0
2019-02-28,23,0,43,0.0,0.0,0.0,0.0,0.0
2019-02-28,23,0,46,0.0,0.0,0.0,0.0,0.0
2019-02-28,23,0,52,10.98,10.98,0.0,102.757483,0.0
2019-02-28,23,0,53,17.44,17.44,0.0,163.214072,0.0
2019-02-28,23,0,55,262.6,262.6,0.0,2459.041776,0.0
2019-02-28,23,0,56,0.0,0.0,0.0,0.0,0.0
2019-02-28,23,0,57,0.0,0.0,0.0,0.0,0.0
2019-02-28,23,0,58,0.0,0.0,0.0,0.0,0.0
2019-02-28,23,0,59,0.0,0.0,0.0,0.0,0.0
2019-02-28,23,0,63,10.04,10.04,0.0,232.922957,0.0
2019-02-28,23,0,64,11.81,11.81,0.0,273.986068,0.0
2019-02-28,23,0,65,15.67,15.67,0.0,160.720011,0.0
2019-02-28,23,0,67,0.0,0.0,0.0,0.0,0.0
2019-02-28,23,0,68,1.83,1.83,0.0,15.698273,0.0
2019-02-28,23,0,69,0.0,0.0,0.0,0.0,0.0
2019-02-28,23,0,74,30.46,30.46,0.0,306.75928,0.0
2019-02-28,23,0,77,75.01,75.01,0.0,662.00566,0.0
2019-02-28,23,0,78,56.71,56.71,0.0,500.497814,0.0
2019-02-28,23,0,79,32.82,32.82,0.0,289.655056,0.0
2019-02-28,23,0,80,53.07,53.07,0.0,468.372756,0.0
2019-02-28,23,0,81,69.38,69.38,0.0,612.317727,0.0
2019-02-28,23,0,82,48.94,48.94,0.0,431.92317,0.0
2019-02-28,23,0,83,109.14,109.14,0.0,963.222207,0.0
2019-02-28,23,0,84,0.0,0.0,0.0,0.0,0.0
2019-02-28,23,0,86,0.0,0.0,0.0,0.0,0.0
2019-02-28,23,0,87,0.0,0.0,0.0,0.0,0.0
2019-02-28,23,0,88,55.45,55.45,0.0,489.377601,0.0
2019-02-28,23,0,89,53.3,53.3,0.0,470.402636,0.0
2019-02-28,23,0,90,71.57,71.57,0.0,631.645715,0.0
2019-02-28,23,0,91,255.29,255.29,0.0,2253.07859,0.0
2019-02-28,23,0,92,91.81,91.81,0.0,810.275159,0.0
2019-02-28,23,0,95,14.28,14.28,0.0,320.296639,0.0
2019-02-28,23,0,96,10.12,10.12,0.0,94.649793,0.0
2019-02-28,23,0,97,62.22,62.22,0.0,581.927879,0.0
2019-02-28,23,0,99,5.88,5.88,0.0,59.216827,0.0
2019-02-28,23,0,101,0.0,0.0,0.0,0.0,0.0
2019-02-28,23,0,102,4.32,4.32,0.0,37.058218,0.0
2019-02-28,23,0,103,3.76,3.76,0.0,32.254375,0.0
2019-02-28,23,0,104,0.7,0.7,0.0,6.004804,0.0
2019-02-28,23,0,106,0.0,0.0,0.0,0.0,0.0
2019-02-28,23,0,109,110.68,110.68,0.0,1089.986873,0.0
2019-02-28,23,0,110,36.04,36.04,0.0,272.035088,0.0
2019-02-28,23,0,111,0.0,0.0,0.0,0.0,0.0
2019-02-28,23,0,113,27.3,27.3,0.0,239.106112,0.0
2019-02-28,23,0,115,27.3,27.3,0.0,239.106112,0.0
2019-02-28,23,0,116,0.0,0.0,0.0,0.0,0.0
2019-02-28,23,0,117,1.82,1.82,0.0,15.940407,0.0
2019-02-28,23,0,119,11.81,11.81,0.0,273.986068,0.0
2019-02-28,23,0,120,6.94,6.94,0.0,161.004514,0.0
2019-02-28,23,0,123,0.0,0.0,0.0,0.0,0.0
2019-02-28,23,0,125,54.2,54.2,0.0,507.540229,0.0
2019-02-28,23,0,126,0.0,0.0,0.0,0.0,0.0
2019-02-28,23,0,127,0.0,0.0,0.0,0.0,0.0
2019-02-28,23,0,128,77.62,77.62,0.0,726.850048,0.0
2019-02-28,23,0,131,7.49,7.49,0.0,64.758661,0.0
2019-02-28,23,0,132,11.01,11.01,0.0,95.192638,0.0
2019-02-28,23,0,133,23.54,23.54,0.0,241.608215,0.0
2019-02-28,23,0,134,0.0,0.0,0.0,0.0,0.0
2019-02-28,23,0,135,31.55,31.55,0.0,323.820695,0.0
2019-02-28,23,0,136,22.54,22.54,0.0,231.174325,0.0
2019-02-28,23,0,139,113.44,113.44,0.0,1095.530806,0.0
2019-02-28,23,0,140,26.68,26.68,0.0,201.384466,0.0
2019-02-28,23,0,141,97.64,97.64,0.0,812.824191,0.0
2019-02-28,23,0,142,0.0,0.0,0.0,0.0,0.0
2019-02-28,23,0,143,19.63,19.63,0.0,183.709417,0.0
2019-02-28,23,0,145,11.19,11.19,0.0,106.756146,0.0
2019-02-28,23,0,146,36.26,36.26,0.0,273.69568,0.0
2019-02-28,23,0,152,0.0,0.0,0.0,0.0,0.0
2019-02-28,23,0,153,0.0,0.0,0.0,0.0,0.0
2019-02-28,23,0,154,0.0,0.0,0.0,0.0,0.0
2019-02-28,23,0,157,50.28,50.28,0.0,418.566165,0.0
2019-02-28,23,0,158,0.0,0.0,0.0,0.0,0.0
2019-02-28,23,0,159,0.0,0.0,0.0,0.0,0.0
2019-02-28,23,0,160,0.0,0.0,0.0,0.0,0.0
2019-02-28,23,0,161,0.0,0.0,0.0,0.0,0.0
2019-02-28,23,0,162,4.21,4.21,0.0,94.475368,0.0
2019-02-28,23,0,163,33.52,33.52,0.0,253.013767,0.0
2019-02-28,23,0,164,0.0,0.0,0.0,0.0,0.0
2019-02-28,23,0,167,0.0,0.0,0.0,0.0,0.0
2019-02-28,23,0,168,0.0,0.0,0.0,0.0,0.0
2019-02-28,23,0,169,0.0,0.0,0.0,0.0,0.0
2019-02-28,23,0,170,0.0,0.0,0.0,0.0,0.0
2019-02-28,23,0,172,0.0,0.0,0.0,0.0,0.0
2019-02-28,23,0,173,0.0,0.0,0.0,0.0,0.0
2019-02-28,23,0,188,0.0,0.0,0.0,0.0,0.0
2019-02-28,23,0,190,0.0,0.0,0.0,0.0,0.0
2019-02-28,23,0,191,0.0,0.0,0.0,0.0,0.0
2019-02-28,23,0,192,25.59,25.59,0.0,593.675146,0.0
2019-02-28,23,0,194,20.36,20.36,0.0,180.89086,0.0
2019-02-28,23,0,196,0.0,0.0,0.0,0.0,0.0
2019-02-28,23,0,198,0.0,0.0,0.0,0.0,0.0
2019-02-28,23,0,199,4.14,4.14,0.0,43.003908,0.0
2019-02-28,23,0,200,0.0,0.0,0.0,0.0,0.0
2019-02-28,23,0,204,528.8,528.8,0.0,5195.705288,0.0
2019-02-28,23,0,205,585.49,585.49,0.0,5765.959654,0.0
2019-02-28,23,0,206,182.82,182.82,0.0,1709.869091,0.0
2019-02-28,23,0,210,0.0,0.0,0.0,0.0,0.0
2019-02-28,23,0,214,0.0,0.0,0.0,0.0,0.0
2019-02-28,23,0,217,0.0,0.0,0.0,0.0,0.0
2019-02-28,23,0,218,0.0,0.0,0.0,0.0,0.0
2019-02-28,23,0,219,0.0,0.0,0.0,0.0,0.0
2019-02-28,23,0,221,0.0,0.0,0.0,0.0,0.0
2019-02-28,23,0,225,0.0,0.0,0.0,0.0,0.0
2019-02-28,23,0,233,0.0,0.0,0.0,0.0,0.0
2019-02-28,23,0,236,43.59,43.59,0.0,443.455815,0.0
2019-02-28,23,0,237,73.08,73.08,0.0,735.98057,0.0
2019-02-28,23,0,238,0.0,0.0,0.0,0.0,0.0
2019-02-28,23,0,240,0.0,0.0,0.0,0.0,0.0
2019-02-28,23,0,245,76.98,76.98,0.0,791.914028,0.0
2019-02-28,23,0,247,37.39,37.39,0.0,384.641017,0.0
2019-02-28,23,0,248,7.34,7.34,0.0,73.920325,0.0
2019-02-28,23,0,249,148.04,148.04,0.0,1522.927419,0.0
2019-02-28,23,0,251,165.71,165.71,0.0,1697.82418,0.0
2019-02-28,23,0,252,101.11,101.11,0.0,1037.038951,0.0
2019-02-28,23,0,254,0.0,0.0,0.0,0.0,0.0
2019-02-28,23,0,255,0.0,0.0,0.0,0.0,0.0
2019-02-28,23,0,258,0.0,0.0,0.0,0.0,0.0
2019-02-28,23,0,260,0.0,0.0,0.0,0.0,0.0
2019-02-28,23,0,265,0.0,0.0,0.0,0.0,0.0
2019-02-28,23,0,266,73.46,73.46,0.0,709.429593,0.0
2019-02-28,23,0,267,90.27,90.27,0.0,871.769798,0.0
2019-02-28,23,0,270,104.68,104.68,0.0,790.139651,0.0
2019-02-28,23,0,272,91.24,91.24,0.0,799.122405,0.0
2019-02-28,23,0,273,0.0,0.0,0.0,0.0,0.0
2019-02-28,23,0,274,134.94,134.94,0.0,1018.54647,0.0
2019-02-28,23,0,275,187.84,187.84,0.0,1417.843256,0.0
2019-02-28,23,0,276,0.0,0.0,0.0,0.0,0.0
2019-02-28,23,0,277,0.0,0.0,0.0,0.0,0.0
2019-02-28,23,0,278,0.0,0.0,0.0,0.0,0.0
2019-02-28,23,0,279,39.14,39.14,0.0,343.859265,0.0
2019-02-28,23,0,281,4.65,4.65,0.0,43.517513,0.0
2019-02-28,23,0,282,0.0,0.0,0.0,0.0,0.0
2019-03-01,0,0,9,0.0,0.0,0.0,0.0,0.0
2019-03-01,0,0,17,0.0,0.0,0.0,0.0,0.0
2019-03-01,0,0,19,200.08,200.08,0.0,1998.624291,0.0
2019-03-01,0,0,20,242.66,242.66,0.0,2423.961268,0.0
2019-03-01,0,0,21,0.0,0.0,0.0,0.0,0.0
2019-03-01,0,0,22,0.0,0.0,0.0,0.0,0.0
2019-03-01,0,0,23,33.27,33.27,0.0,244.885616,0.0
2019-03-01,0,0,24,58.87,58.87,0.0,433.315786,0.0
2019-03-01,0,0,29,0.0,0.0,0.0,0.0,0.0
2019-03-01,0,0,30,0.0,0.0,0.0,0.0,0.0
2019-03-01,0,0,31,13.79,13.79,0.0,101.291632,0.0
2019-03-01,0,0,32,0.0,0.0,0.0,0.0,0.0
2019-03-01,0,0,33,0.0,0.0,0.0,0.0,0.0
2019-03-01,0,0,34,0.0,0.0,0.0,0.0,0.0
2019-03-01,0,0,35,0.0,0.0,0.0,0.0,0.0
2019-03-01,0,0,36,0.0,0.0,0.0,0.0,0.0
2019-03-01,0,0,37,0.0,0.0,0.0,0.0,0.0
2019-03-01,0,0,38,0.0,0.0,0.0,0.0,0.0
2019-03-01,0,0,39,0.0,0.0,0.0,0.0,0.0
2019-03-01,0,0,40,0.0,0.0,0.0,0.0,0.0
2019-03-01,0,0,41,113.57,113.57,0.0,928.157323,0.0
2019-03-01,0,0,42,0.0,0.0,0.0,0.0,0.0
2019-03-01,0,0,43,0.0,0.0,0.0,0.0,0.0
2019-03-01,0,0,46,0.0,0.0,0.0,0.0,0.0
2019-03-01,0,0,52,14.62,14.62,0.0,107.388227,0.0
2019-03-01,0,0,53,23.22,23.22,0.0,170.557773,0.0
2019-03-01,0,0,55,286.41,286.41,0.0,2108.136134,0.0
2019-03-01,0,0,56,0.0,0.0,0.0,0.0,0.0
2019-03-01,0,0,57,0.0,0.0,0.0,0.0,0.0
2019-03-01,0,0,58,0.0,0.0,0.0,0.0,0.0
2019-03-01,0,0,59,0.0,0.0,0.0,0.0,0.0
2019-03-01,0,0,63,16.75,16.75,0.0,304.341114,0.0
2019-03-01,0,0,64,19.71,19.71,0.0,358.123186,0.0
2019-03-01,0,0,65,10.33,10.33,0.0,102.964585,0.0
2019-03-01,0,0,67,0.0,0.0,0.0,0.0,0.0
2019-03-01,0,0,68,1.34,1.34,0.0,8.169777,0.0
2019-03-01,0,0,69,0.0,0.0,0.0,0.0,0.0
2019-03-01,0,0,74,27.59,27.59,0.0,258.4459,0.0
2019-03-01,0,0,77,70.6,70.6,0.0,416.370215,0.0
2019-03-01,0,0,78,53.37,53.37,0.0,314.754651,0.0
2019-03-01,0,0,79,30.89,30.89,0.0,182.176713,0.0
2019-03-01,0,0,80,49.95,49.95,0.0,294.584876,0.0
2019-03-01,0,0,81,65.31,65.31,0.0,385.171937,0.0
2019-03-01,0,0,82,46.07,46.07,0.0,271.702207,0.0
2019-03-01,0,0,83,102.72,102.72,0.0,605.80097,0.0
2019-03-01,0,0,84,0.0,0.0,0.0,0.0,0.0
2019-03-01,0,0,86,0.0,0.0,0.0,0.0,0.0
2019-03-01,0,0,87,0.0,0.0,0.0,0.0,0.0
2019-03-01,0,0,88,60.23,60.23,0.0,355.212154,0.0
2019-03-01,0,0,89,57.9,57.9,0.0,341.470757,0.0
2019-03-01,0,0,90,77.74,77.74,0.0,458.479044,0.0
2019-03-01,0,0,91,277.3,277.3,0.0,1635.403125,0.0
2019-03-01,0,0,92,99.73,99.73,0.0,588.167161,0.0
2019-03-01,0,0,95,8.05,8.05,0.0,141.14141,0.0
2019-03-01,0,0,96,7.99,7.99,0.0,58.561509,0.0
2019-03-01,0,0,97,49.16,49.16,0.0,360.310864,0.0
2019-03-01,0,0,99,5.32,5.32,0.0,49.83444,0.0
2019-03-01,0,0,101,0.0,0.0,0.0,0.0,0.0
2019-03-01,0,0,102,3.16,3.16,0.0,19.26604,0.0
2019-03-01,0,0,103,2.75,2.75,0.0,16.766333,0.0
2019-03-01,0,0,104,0.51,0.51,0.0,3.109393,0.0
2019-03-01,0,0,106,0.0,0.0,0.0,0.0,0.0
2019-03-01,0,0,109,123.8,123.8,0.0,1072.903871,0.0
2019-03-01,0,0,110,47.36,47.36,0.0,357.480071,0.0
2019-03-01,0,0,111,0.0,0.0,0.0,0.0,0.0
2019-03-01,0,0,113,30.58,30.58,0.0,168.263705,0.0
2019-03-01,0,0,115,30.58,30.58,0.0,168.263705,0.0
2019-03-01,0,0,116,0.0,0.0,0.0,0.0,0.0
2019-03-01,0,0,117,2.04,2.04,0.0,11.224917,0.0
2019-03-01,0,0,119,19.71,19.71,0.0,358.123186,0.0
2019-03-01,0,0,120,11.59,11.59,0.0,210.585881,0.0
2019-03-01,0,0,123,0.0,0.0,0.0,0.0,0.0
2019-03-01,0,0,125,53.27,53.27,0.0,392.096686,0.0
2019-03-01,0,0,126,0.0,0.0,0.0,0.0,0.0
2019-03-01,0,0,127,0.0,0.0,0.0,0.0,0.0
2019-03-01,0,0,128,76.3,76.3,0.0,561.610234,0.0
2019-03-01,0,0,131,5.41,5.41,0.0,32.467767,0.0
2019-03-01,0,0,132,7.95,7.95,0.0,47.711413,0.0
2019-03-01,0,0,133,23.86,23.86,0.0,238.389089,0.0
2019-03-01,0,0,134,0.0,0.0,0.0,0.0,0.0
2019-03-01,0,0,135,31.97,31.97,0.0,319.4174,0.0
2019-03-01,0,0,136,15.41,15.41,0.0,153.581368,0.0
2019-03-01,0,0,139,146.67,146.67,0.0,1198.668966,0.0
2019-03-01,0,0,140,35.05,35.05,0.0,264.562426,0.0
2019-03-01,0,0,141,77.0,77.0,0.0,496.966171,0.0
2019-03-01,0,0,142,0.0,0.0,0.0,0.0,0.0
2019-03-01,0,0,143,60.9,60.9,0.0,447.328525,0.0
2019-03-01,0,0,145,9.48,9.48,0.0,74.28531,0.0
2019-03-01,0,0,146,31.79,31.79,0.0,239.955479,0.0
2019-03-01,0,0,152,0.0,0.0,0.0,0.0,0.0
2019-03-01,0,0,153,0.0,0.0,0.0,0.0,0.0
2019-03-01,0,0,154,0.0,0.0,0.0,0.0,0.0
2019-03-01,0,0,157,26.61,26.61,0.0,171.743764,0.0
2019-03-01,0,0,158,0.0,0.0,0.0,0.0,0.0
2019-03-01,0,0,159,0.0,0.0,0.0,0.0,0.0
2019-03-01,0,0,160,0.0,0.0,0.0,0.0,0.0
2019-03-01,0,0,161,0.0,0.0,0.0,0.0,0.0
2019-03-01,0,0,162,4.21,4.21,0.0,73.860419,0.0
2019-03-01,0,0,163,34.15,34.15,0.0,257.769097,0.0
2019-03-01,0,0,164,0.0,0.0,0.0,0.0,0.0
2019-03-01,0,0,167,0.0,0.0,0.0,0.0,0.0
2019-03-01,0,0,168,0.0,0.0,0.0,0.0,0.0
2019-03-01,0,0,169,0.0,0.0,0.0,0.0,0.0
2019-03-01,0,0,170,0.0,0.0,0.0,0.0,0.0
2019-03-01,0,0,172,0.0,0.0,0.0,0.0,0.0
2019-03-01,0,0,173,0.0,0.0,0.0,0.0,0.0
2019-03-01,0,0,188,0.0,0.0,0.0,0.0,0.0
2019-03-01,0,0,190,0.0,0.0,0.0,0.0,0.0
2019-03-01,0,0,191,0.0,0.0,0.0,0.0,0.0
2019-03-01,0,0,192,39.76,39.76,0.0,722.424042,0.0
2019-03-01,0,0,194,28.95,28.95,0.0,140.921971,0.0
2019-03-01,0,0,196,0.0,0.0,0.0,0.0,0.0
2019-03-01,0,0,198,0.0,0.0,0.0,0.0,0.0
2019-03-01,0,0,199,1.54,1.54,0.0,13.817315,0.0
2019-03-01,0,0,200,0.0,0.0,0.0,0.0,0.0
2019-03-01,0,0,204,593.3,593.3,0.0,5101.460477,0.0
2019-03-01,0,0,205,654.91,654.91,0.0,5675.730809,0.0
2019-03-01,0,0,206,144.44,144.44,0.0,1058.651366,0.0
2019-03-01,0,0,210,0.0,0.0,0.0,0.0,0.0
2019-03-01,0,0,214,0.0,0.0,0.0,0.0,0.0
2019-03-01,0,0,217,0.0,0.0,0.0,0.0,0.0
2019-03-01,0,0,218,0.0,0.0,0.0,0.0,0.0
2019-03-01,0,0,219,0.0,0.0,0.0,0.0,0.0
2019-03-01,0,0,221,0.0,0.0,0.0,0.0,0.0
2019-03-01,0,0,225,0.0,0.0,0.0,0.0,0.0
2019-03-01,0,0,233,0.0,0.0,0.0,0.0,0.0
2019-03-01,0,0,236,34.1,34.1,0.0,330.512844,0.0
2019-03-01,0,0,237,66.18,66.18,0.0,619.932934,0.0
2019-03-01,0,0,238,0.0,0.0,0.0,0.0,0.0
2019-03-01,0,0,240,0.0,0.0,0.0,0.0,0.0
2019-03-01,0,0,245,42.41,42.41,0.0,427.006776,0.0
2019-03-01,0,0,247,30.28,30.28,0.0,304.875387,0.0
2019-03-01,0,0,248,6.64,6.64,0.0,62.199376,0.0
2019-03-01,0,0,249,79.44,79.44,0.0,799.844808,0.0
2019-03-01,0,0,251,111.6,111.6,0.0,1108.419381,0.0
2019-03-01,0,0,252,66.65,66.65,0.0,664.335875,0.0
2019-03-01,0,0,254,0.0,0.0,0.0,0.0,0.0
2019-03-01,0,0,255,0.0,0.0,0.0,0.0,0.0
2019-03-01,0,0,258,0.0,0.0,0.0,0.0,0.0
2019-03-01,0,0,260,0.0,0.0,0.0,0.0,0.0
2019-03-01,0,0,265,0.0,0.0,0.0,0.0,0.0
2019-03-01,0,0,266,94.97,94.97,0.0,776.147758,0.0
2019-03-01,0,0,267,116.71,116.71,0.0,953.819152,0.0
2019-03-01,0,0,270,106.65,106.65,0.0,805.009494,0.0
2019-03-01,0,0,272,102.19,102.19,0.0,562.291303,0.0
2019-03-01,0,0,273,0.0,0.0,0.0,0.0,0.0
2019-03-01,0,0,274,137.49,137.49,0.0,1037.794236,0.0
2019-03-01,0,0,275,191.39,191.39,0.0,1444.639165,0.0
2019-03-01,0,0,276,0.0,0.0,0.0,0.0,0.0
2019-03-01,0,0,277,0.0,0.0,0.0,0.0,0.0
2019-03-01,0,0,278,0.0,0.0,0.0,0.0,0.0
2019-03-01,0,0,279,36.56,36.56,0.0,206.960539,0.0
2019-03-01,0,0,281,6.19,6.19,0.0,45.467382,0.0
2019-03-01,0,0,282,0.0,0.0,0.0,0.0,0.0
2019-03-01,1,0,9,0.0,0.0,0.0,0.0,0.0
2019-03-01,1,0,17,0.0,0.0,0.0,0.0,0.0
2019-03-01,1,0,19,249.91,249.91,0.0,2391.527032,0.0
2019-03-01,1,0,20,303.09,303.09,0.0,2900.435869,0.0
2019-03-01,1,0,21,0.0,0.0,0.0,0.0,0.0
2019-03-01,1,0,22,0.0,0.0,0.0,0.0,0.0
2019-03-01,1,0,23,38.53,38.53,0.0,262.735764,0.0
2019-03-01,1,0,24,68.17,68.17,0.0,464.850689,0.0
2019-03-01,1,0,29,0.0,0.0,0.0,0.0,0.0
2019-03-01,1,0,30,0.0,0.0,0.0,0.0,0.0
2019-03-01,1,0,31,40.75,40.75,0.0,277.22305,0.0
2019-03-01,1,0,32,0.0,0.0,0.0,0.0,0.0
2019-03-01,1,0,33,0.0,0.0,0.0,0.0,0.0
2019-03-01,1,0,34,0.0,0.0,0.0,0.0,0.0
2019-03-01,1,0,35,0.0,0.0,0.0,0.0,0.0
2019-03-01,1,0,36,0.0,0.0,0.0,0.0,0.0
2019-03-01,1,0,37,0.0,0.0,0.0,0.0,0.0
2019-03-01,1,0,38,0.0,0.0,0.0,0.0,0.0
2019-03-01,1,0,39,0.0,0.0,0.0,0.0,0.0
2019-03-01,1,0,40,0.0,0.0,0.0,0.0,0.0
2019-03-01,1,0,41,116.0,116.0,0.0,889.598399,0.0
2019-03-01,1,0,42,0.0,0.0,0.0,0.0,0.0
2019-03-01,1,0,43,0.0,0.0,0.0,0.0,0.0
2019-03-01,1,0,46,0.0,0.0,0.0,0.0,0.0
2019-03-01,1,0,52,43.38,43.38,0.0,295.114991,0.0
2019-03-01,1,0,53,70.92,70.92,0.0,482.470152,0.0
2019-03-01,1,0,55,268.28,268.28,0.0,1829.399192,0.0
2019-03-01,1,0,56,0.0,0.0,0.0,0.0,0.0
2019-03-01,1,0,57,0.0,0.0,0.0,0.0,0.0
2019-03-01,1,0,58,0.0,0.0,0.0,0.0,0.0
2019-03-01,1,0,59,0.0,0.0,0.0,0.0,0.0
2019-03-01,1,0,63,28.38,28.38,0.0,516.275861,0.0
2019-03-01,1,0,64,33.39,33.39,0.0,607.415469,0.0
2019-03-01,1,0,65,6.51,6.51,0.0,62.150771,0.0
2019-03-01,1,0,67,0.0,0.0,0.0,0.0,0.0
2019-03-01,1,0,68,0.97,0.97,0.0,5.419074,0.0
2019-03-01,1,0,69,0.0,0.0,0.0,0.0,0.0
2019-03-01,1,0,74,24.87,24.87,0.0,221.823169,0.0
2019-03-01,1,0,77,73.93,73.93,0.0,390.902311,0.0
2019-03-01,1,0,78,55.89,55.89,0.0,295.516437,0.0
2019-03-01,1,0,79,32.35,32.35,0.0,171.049503,0.0
2019-03-01,1,0,80,52.31,52.31,0.0,276.587311,0.0
2019-03-01,1,0,81,68.39,68.39,0.0,361.609754,0.0
2019-03-01,1,0,82,48.24,48.24,0.0,255.067327,0.0
2019-03-01,1,0,83,107.57,107.57,0.0,568.772645,0.0
2019-03-01,1,0,84,0.0,0.0,0.0,0.0,0.0
2019-03-01,1,0,86,0.0,0.0,0.0,0.0,0.0
2019-03-01,1,0,87,0.0,0.0,0.0,0.0,0.0
2019-03-01,1,0,88,71.01,71.01,0.0,375.462913,0.0
2019-03-01,1,0,89,68.27,68.27,0.0,360.975258,0.0
2019-03-01,1,0,90,91.66,91.66,0.0,484.649072,0.0
2019-03-01,1,0,91,326.97,326.97,0.0,1728.842537,0.0
2019-03-01,1,0,92,117.59,117.59,0.0,621.753048,0.0
2019-03-01,1,0,95,11.68,11.68,0.0,205.090025,0.0
2019-03-01,1,0,96,7.78,7.78,0.0,52.797623,0.0
2019-03-01,1,0,97,47.86,47.86,0.0,324.793603,0.0
2019-03-01,1,0,99,4.8,4.8,0.0,42.812674,0.0
2019-03-01,1,0,101,0.0,0.0,0.0,0.0,0.0
2019-03-01,1,0,102,2.29,2.29,0.0,12.793484,0.0
2019-03-01,1,0,103,1.99,1.99,0.0,11.117481,0.0
2019-03-01,1,0,104,0.37,0.37,0.0,2.067069,0.0
2019-03-01,1,0,106,0.0,0.0,0.0,0.0,0.0
2019-03-01,1,0,109,162.05,162.05,0.0,1326.561904,0.0
2019-03-01,1,0,110,67.56,67.56,0.0,509.952568,0.0
2019-03-01,1,0,111,0.0,0.0,0.0,0.0,0.0
2019-03-01,1,0,113,19.82,19.82,0.0,96.158686,0.0
2019-03-01,1,0,115,19.82,19.82,0.0,96.158686,0.0
2019-03-01,1,0,116,0.0,0.0,0.0,0.0,0.0
2019-03-01,1,0,117,1.35,1.35,0.0,6.549658,0.0
2019-03-01,1,0,119,33.39,33.39,0.0,607.415469,0.0
2019-03-01,1,0,120,19.64,19.64,0.0,357.281815,0.0
2019-03-01,1,0,123,0.0,0.0,0.0,0.0,0.0
2019-03-01,1,0,125,61.69,61.69,0.0,420.663621,0.0
2019-03-01,1,0,126,0.0,0.0,0.0,0.0,0.0
2019-03-01,1,0,127,0.0,0.0,0.0,0.0,0.0
2019-03-01,1,0,128,88.36,88.36,0.0,602.526139,0.0
2019-03-01,1,0,131,4.3,4.3,0.0,23.468201,0.0
2019-03-01,1,0,132,6.31,6.31,0.0,34.43822,0.0
2019-03-01,1,0,133,28.2,28.2,0.0,269.921401,0.0
2019-03-01,1,0,134,0.0,0.0,0.0,0.0,0.0
2019-03-01,1,0,135,37.79,37.79,0.0,361.713821,0.0
2019-03-01,1,0,136,10.55,10.55,0.0,100.707448,0.0
2019-03-01,1,0,139,149.8,149.8,0.0,1148.808967,0.0
2019-03-01,1,0,140,50.0,50.0,0.0,377.40717,0.0
2019-03-01,1,0,141,65.85,65.85,0.0,399.67782,0.0
2019-03-01,1,0,142,0.0,0.0,0.0,0.0,0.0
2019-03-01,1,0,143,96.29,96.29,0.0,655.06276,0.0
2019-03-01,1,0,145,9.72,9.72,0.0,71.118755,0.0
2019-03-01,1,0,146,30.94,30.94,0.0,233.539557,0.0
2019-03-01,1,0,152,0.0,0.0,0.0,0.0,0.0
2019-03-01,1,0,153,0.0,0.0,0.0,0.0,0.0
2019-03-01,1,0,154,0.0,0.0,0.0,0.0,0.0
2019-03-01,1,0,157,15.26,15.26,0.0,92.620858,0.0
2019-03-01,1,0,158,0.0,0.0,0.0,0.0,0.0
2019-03-01,1,0,159,0.0,0.0,0.0,0.0,0.0
2019-03-01,1,0,160,0.0,0.0,0.0,0.0,0.0
2019-03-01,1,0,161,0.0,0.0,0.0,0.0,0.0
2019-03-01,1,0,162,4.89,4.89,0.0,85.918572,0.0
2019-03-01,1,0,163,34.74,34.74,0.0,262.222502,0.0
2019-03-01,1,0,164,0.0,0.0,0.0,0.0,0.0
2019-03-01,1,0,167,0.0,0.0,0.0,0.0,0.0
2019-03-01,1,0,168,0.0,0.0,0.0,0.0,0.0
2019-03-01,1,0,169,0.0,0.0,0.0,0.0,0.0
2019-03-01,1,0,170,0.0,0.0,0.0,0.0,0.0
2019-03-01,1,0,172,0.0,0.0,0.0,0.0,0.0
2019-03-01,1,0,173,0.0,0.0,0.0,0.0,0.0
2019-03-01,1,0,188,0.0,0.0,0.0,0.0,0.0
2019-03-01,1,0,190,0.0,0.0,0.0,0.0,0.0
2019-03-01,1,0,191,0.0,0.0,0.0,0.0,0.0
2019-03-01,1,0,192,60.19,60.19,0.0,1094.948699,0.0
2019-03-01,1,0,194,41.7,41.7,0.0,170.366238,0.0
2019-03-01,1,0,196,0.0,0.0,0.0,0.0,0.0
2019-03-01,1,0,198,0.0,0.0,0.0,0.0,0.0
2019-03-01,1,0,199,4.17,4.17,0.0,35.346476,0.0
2019-03-01,1,0,200,0.0,0.0,0.0,0.0,0.0
2019-03-01,1,0,204,736.8,736.8,0.0,5979.135451,0.0
2019-03-01,1,0,205,857.25,857.25,0.0,7017.557495,0.0
2019-03-01,1,0,206,140.63,140.63,0.0,954.361145,0.0
2019-03-01,1,0,210,0.0,0.0,0.0,0.0,0.0
2019-03-01,1,0,214,0.0,0.0,0.0,0.0,0.0
2019-03-01,1,0,217,0.0,0.0,0.0,0.0,0.0
2019-03-01,1,0,218,0.0,0.0,0.0,0.0,0.0
2019-03-01,1,0,219,0.0,0.0,0.0,0.0,0.0
2019-03-01,1,0,221,0.0,0.0,0.0,0.0,0.0
2019-03-01,1,0,225,0.0,0.0,0.0,0.0,0.0
2019-03-01,1,0,233,0.0,0.0,0.0,0.0,0.0
2019-03-01,1,0,236,26.78,26.78,0.0,247.964683,0.0
2019-03-01,1,0,237,59.67,59.67,0.0,532.215059,0.0
2019-03-01,1,0,238,0.0,0.0,0.0,0.0,0.0
2019-03-01,1,0,240,0.0,0.0,0.0,0.0,0.0
2019-03-01,1,0,245,19.14,19.14,0.0,184.750764,0.0
2019-03-01,1,0,247,25.9,25.9,0.0,250.002341,0.0
2019-03-01,1,0,248,5.99,5.99,0.0,53.42665,0.0
2019-03-01,1,0,249,36.81,36.81,0.0,355.312207,0.0
2019-03-01,1,0,251,70.8,70.8,0.0,673.300269,0.0
2019-03-01,1,0,252,41.96,41.96,0.0,400.590839,0.0
2019-03-01,1,0,254,0.0,0.0,0.0,0.0,0.0
2019-03-01,1,0,255,0.0,0.0,0.0,0.0,0.0
2019-03-01,1,0,258,0.0,0.0,0.0,0.0,0.0
2019-03-01,1,0,260,0.0,0.0,0.0,0.0,0.0
2019-03-01,1,0,265,0.0,0.0,0.0,0.0,0.0
2019-03-01,1,0,266,97.0,97.0,0.0,743.888317,0.0
2019-03-01,1,0,267,119.2,119.2,0.0,914.139045,0.0
2019-03-01,1,0,270,108.5,108.5,0.0,818.973559,0.0
2019-03-01,1,0,272,66.1,66.1,0.0,320.690674,0.0
2019-03-01,1,0,273,0.0,0.0,0.0,0.0,0.0
2019-03-01,1,0,274,139.86,139.86,0.0,1055.683336,0.0
2019-03-01,1,0,275,194.69,194.69,0.0,1469.548039,0.0
2019-03-01,1,0,276,0.0,0.0,0.0,0.0,0.0
2019-03-01,1,0,277,0.0,0.0,0.0,0.0,0.0
2019-03-01,1,0,278,0.0,0.0,0.0,0.0,0.0
2019-03-01,1,0,279,34.69,34.69,0.0,174.363896,0.0
2019-03-01,1,0,281,16.82,16.82,0.0,114.42679,0.0
2019-03-01,1,0,282,0.0,0.0,0.0,0.0,0.0
2019-03-01,2,0,9,0.0,0.0,0.0,0.0,0.0
2019-03-01,2,0,17,0.0,0.0,0.0,0.0,0.0
2019-03-01,2,0,19,177.21,177.21,0.0,1769.897958,0.0
2019-03-01,2,0,20,214.92,214.92,0.0,2146.529367,0.0
2019-03-01,2,0,21,0.0,0.0,0.0,0.0,0.0
2019-03-01,2,0,22,0.0,0.0,0.0,0.0,0.0
2019-03-01,2,0,23,33.89,33.89,0.0,251.149161,0.0
2019-03-01,2,0,24,59.97,59.97,0.0,444.420631,0.0
2019-03-01,2,0,29,0.0,0.0,0.0,0.0,0.0
2019-03-01,2,0,30,0.0,0.0,0.0,0.0,0.0
2019-03-01,2,0,31,17.18,17.18,0.0,127.064861,0.0
2019-03-01,2,0,32,0.0,0.0,0.0,0.0,0.0
2019-03-01,2,0,33,0.0,0.0,0.0,0.0,0.0
2019-03-01,2,0,34,0.0,0.0,0.0,0.0,0.0
2019-03-01,2,0,35,0.0,0.0,0.0,0.0,0.0
2019-03-01,2,0,36,0.0,0.0,0.0,0.0,0.0
2019-03-01,2,0,37,0.0,0.0,0.0,0.0,0.0
2019-03-01,2,0,38,0.0,0.0,0.0,0.0,0.0
2019-03-01,2,0,39,0.0,0.0,0.0,0.0,0.0
2019-03-01,2,0,40,0.0,0.0,0.0,0.0,0.0
2019-03-01,2,0,41,116.0,116.0,0.0,950.441013,0.0
2019-03-01,2,0,42,0.0,0.0,0.0,0.0,0.0
2019-03-01,2,0,43,0.0,0.0,0.0,0.0,0.0
2019-03-01,2,0,46,0.0,0.0,0.0,0.0,0.0
2019-03-01,2,0,52,18.21,18.21,0.0,134.682836,0.0
2019-03-01,2,0,53,28.93,28.93,0.0,213.968943,0.0
2019-03-01,2,0,55,307.34,307.34,0.0,2277.609419,0.0
2019-03-01,2,0,56,0.0,0.0,0.0,0.0,0.0
2019-03-01,2,0,57,0.0,0.0,0.0,0.0,0.0
2019-03-01,2,0,58,0.0,0.0,0.0,0.0,0.0
2019-03-01,2,0,59,0.0,0.0,0.0,0.0,0.0
2019-03-01,2,0,63,35.9,35.9,0.0,613.965661,0.0
2019-03-01,2,0,64,42.23,42.23,0.0,722.222002,0.0
2019-03-01,2,0,65,5.84,5.84,0.0,58.199701,0.0
2019-03-01,2,0,67,0.0,0.0,0.0,0.0,0.0
2019-03-01,2,0,68,0.83,0.83,0.0,5.140317,0.0
2019-03-01,2,0,69,0.0,0.0,0.0,0.0,0.0
2019-03-01,2,0,74,25.79,25.79,0.0,241.408051,0.0
2019-03-01,2,0,77,57.99,57.99,0.0,348.490466,0.0
2019-03-01,2,0,78,43.84,43.84,0.0,263.456148,0.0
2019-03-01,2,0,79,25.37,25.37,0.0,152.460823,0.0
2019-03-01,2,0,80,41.03,41.03,0.0,246.569474,0.0
2019-03-01,2,0,81,53.64,53.64,0.0,322.349174,0.0
2019-03-01,2,0,82,37.84,37.84,0.0,227.399193,0.0
2019-03-01,2,0,83,84.38,84.38,0.0,507.080971,0.0
2019-03-01,2,0,84,0.0,0.0,0.0,0.0,0.0
2019-03-01,2,0,86,0.0,0.0,0.0,0.0,0.0
2019-03-01,2,0,87,0.0,0.0,0.0,0.0,0.0
2019-03-01,2,0,88,55.58,55.58,0.0,334.007589,0.0
2019-03-01,2,0,89,53.43,53.43,0.0,321.08718,0.0
2019-03-01,2,0,90,71.73,71.73,0.0,431.060892,0.0
2019-03-01,2,0,91,255.89,255.89,0.0,1537.769017,0.0
2019-03-01,2,0,92,92.03,92.03,0.0,553.053588,0.0
2019-03-01,2,0,95,4.03,4.03,0.0,66.598121,0.0
2019-03-01,2,0,96,7.01,7.01,0.0,51.739469,0.0
2019-03-01,2,0,97,43.14,43.14,0.0,318.408087,0.0
2019-03-01,2,0,99,4.98,4.98,0.0,46.615436,0.0
2019-03-01,2,0,101,0.0,0.0,0.0,0.0,0.0
2019-03-01,2,0,102,1.95,1.95,0.0,12.076648,0.0
2019-03-01,2,0,103,1.7,1.7,0.0,10.52836,0.0
2019-03-01,2,0,104,0.32,0.32,0.0,1.981809,0.0
2019-03-01,2,0,106,0.0,0.0,0.0,0.0,0.0
2019-03-01,2,0,109,139.85,139.85,0.0,1210.939469,0.0
2019-03-01,2,0,110,58.75,58.75,0.0,443.453425,0.0
2019-03-01,2,0,111,0.0,0.0,0.0,0.0,0.0
2019-03-01,2,0,113,18.24,18.24,0.0,102.741282,0.0
2019-03-01,2,0,115,18.24,18.24,0.0,102.741282,0.0
2019-03-01,2,0,116,0.0,0.0,0.0,0.0,0.0
2019-03-01,2,0,117,0.97,0.97,0.0,5.463763,0.0
2019-03-01,2,0,119,42.23,42.23,0.0,722.222002,0.0
2019-03-01,2,0,120,24.83,24.83,0.0,424.645331,0.0
2019-03-01,2,0,123,0.0,0.0,0.0,0.0,0.0
2019-03-01,2,0,125,54.26,54.26,0.0,402.105444,0.0
2019-03-01,2,0,126,0.0,0.0,0.0,0.0,0.0
2019-03-01,2,0,127,0.0,0.0,0.0,0.0,0.0
2019-03-01,2,0,128,77.72,77.72,0.0,575.960838,0.0
2019-03-01,2,0,131,3.39,3.39,0.0,20.692803,0.0
2019-03-01,2,0,132,4.98,4.98,0.0,30.398277,0.0
2019-03-01,2,0,133,22.18,22.18,0.0,221.570093,0.0
2019-03-01,2,0,134,0.0,0.0,0.0,0.0,0.0
2019-03-01,2,0,135,29.71,29.71,0.0,296.79204,0.0
2019-03-01,2,0,136,9.63,9.63,0.0,95.958149,0.0
2019-03-01,2,0,139,149.8,149.8,0.0,1227.37986,0.0
2019-03-01,2,0,140,43.48,43.48,0.0,328.193275,0.0
2019-03-01,2,0,141,48.9,48.9,0.0,319.155827,0.0
2019-03-01,2,0,142,0.0,0.0,0.0,0.0,0.0
2019-03-01,2,0,143,51.39,51.39,0.0,380.08517,0.0
2019-03-01,2,0,145,8.91,8.91,0.0,70.078928,0.0
2019-03-01,2,0,146,38.0,38.0,0.0,286.829449,0.0
2019-03-01,2,0,152,0.0,0.0,0.0,0.0,0.0
2019-03-01,2,0,153,0.0,0.0,0.0,0.0,0.0
2019-03-01,2,0,154,0.0,0.0,0.0,0.0,0.0
2019-03-01,2,0,157,12.52,12.52,0.0,81.714334,0.0
2019-03-01,2,0,158,0.0,0.0,0.0,0.0,0.0
2019-03-01,2,0,159,0.0,0.0,0.0,0.0,0.0
2019-03-01,2,0,160,0.0,0.0,0.0,0.0,0.0
2019-03-01,2,0,161,0.0,0.0,0.0,0.0,0.0
2019-03-01,2,0,162,4.7,4.7,0.0,77.717052,0.0
2019-03-01,2,0,163,35.56,35.56,0.0,268.411979,0.0
2019-03-01,2,0,164,0.0,0.0,0.0,0.0,0.0
2019-03-01,2,0,167,0.0,0.0,0.0,0.0,0.0
2019-03-01,2,0,168,0.0,0.0,0.0,0.0,0.0
2019-03-01,2,0,169,0.0,0.0,0.0,0.0,0.0
2019-03-01,2,0,170,0.0,0.0,0.0,0.0,0.0
2019-03-01,2,0,172,0.0,0.0,0.0,0.0,0.0
2019-03-01,2,0,173,0.0,0.0,0.0,0.0,0.0
2019-03-01,2,0,188,0.0,0.0,0.0,0.0,0.0
2019-03-01,2,0,190,0.0,0.0,0.0,0.0,0.0
2019-03-01,2,0,191,0.0,0.0,0.0,0.0,0.0
2019-03-01,2,0,192,56.77,56.77,0.0,970.886646,0.0
2019-03-01,2,0,194,47.08,47.08,0.0,236.951564,0.0
2019-03-01,2,0,196,0.0,0.0,0.0,0.0,0.0
2019-03-01,2,0,198,0.0,0.0,0.0,0.0,0.0
2019-03-01,2,0,199,2.5,2.5,0.0,21.737825,0.0
2019-03-01,2,0,200,0.0,0.0,0.0,0.0,0.0
2019-03-01,2,0,204,698.37,698.37,0.0,6000.166449,0.0
2019-03-01,2,0,205,686.57,686.57,0.0,5944.90319,0.0
2019-03-01,2,0,206,126.76,126.76,0.0,935.591309,0.0
2019-03-01,2,0,210,0.0,0.0,0.0,0.0,0.0
2019-03-01,2,0,214,0.0,0.0,0.0,0.0,0.0
2019-03-01,2,0,217,0.0,0.0,0.0,0.0,0.0
2019-03-01,2,0,218,0.0,0.0,0.0,0.0,0.0
2019-03-01,2,0,219,0.0,0.0,0.0,0.0,0.0
2019-03-01,2,0,221,0.0,0.0,0.0,0.0,0.0
2019-03-01,2,0,225,0.0,0.0,0.0,0.0,0.0
2019-03-01,2,0,233,0.0,0.0,0.0,0.0,0.0
2019-03-01,2,0,236,25.04,25.04,0.0,242.555194,0.0
2019-03-01,2,0,237,61.86,61.86,0.0,579.042343,0.0
2019-03-01,2,0,238,0.0,0.0,0.0,0.0,0.0
2019-03-01,2,0,240,0.0,0.0,0.0,0.0,0.0
2019-03-01,2,0,245,17.03,17.03,0.0,171.45808,0.0
2019-03-01,2,0,247,23.76,23.76,0.0,239.215736,0.0
2019-03-01,2,0,248,6.21,6.21,0.0,58.128887,0.0
2019-03-01,2,0,249,32.75,32.75,0.0,329.727077,0.0
2019-03-01,2,0,251,66.08,66.08,0.0,656.160689,0.0
2019-03-01,2,0,252,37.69,37.69,0.0,375.607314,0.0
2019-03-01,2,0,254,0.0,0.0,0.0,0.0,0.0
2019-03-01,2,0,255,0.0,0.0,0.0,0.0,0.0
2019-03-01,2,0,258,0.0,0.0,0.0,0.0,0.0
2019-03-01,2,0,260,0.0,0.0,0.0,0.0,0.0
2019-03-01,2,0,265,0.0,0.0,0.0,0.0,0.0
2019-03-01,2,0,266,97.0,97.0,0.0,794.76533,0.0
2019-03-01,2,0,267,119.2,119.2,0.0,976.660076,0.0
2019-03-01,2,0,270,111.07,111.07,0.0,838.372287,0.0
2019-03-01,2,0,272,78.69,78.69,0.0,443.240762,0.0
2019-03-01,2,0,273,0.0,0.0,0.0,0.0,0.0
2019-03-01,2,0,274,143.18,143.18,0.0,1080.743172,0.0
2019-03-01,2,0,275,199.31,199.31,0.0,1504.420461,0.0
2019-03-01,2,0,276,0.0,0.0,0.0,0.0,0.0
2019-03-01,2,0,277,0.0,0.0,0.0,0.0,0.0
2019-03-01,2,0,278,0.0,0.0,0.0,0.0,0.0
2019-03-01,2,0,279,28.7,28.7,0.0,165.994761,0.0
2019-03-01,2,0,281,7.71,7.71,0.0,57.02387,0.0
2019-03-01,2,0,282,0.0,0.0,0.0,0.0,0.0
2019-03-01,3,0,9,0.0,0.0,0.0,0.0,0.0
2019-03-01,3,0,17,0.0,0.0,0.0,0.0,0.0
2019-03-01,3,0,19,132.71,132.71,0.0,1361.614658,0.0
2019-03-01,3,0,20,160.95,160.95,0.0,1651.359198,0.0
2019-03-01,3,0,21,0.0,0.0,0.0,0.0,0.0
2019-03-01,3,0,22,0.0,0.0,0.0,0.0,0.0
2019-03-01,3,0,23,34.29,34.29,0.0,267.45614,0.0
2019-03-01,3,0,24,60.67,60.67,0.0,473.215632,0.0
2019-03-01,3,0,29,0.0,0.0,0.0,0.0,0.0
2019-03-01,3,0,30,0.0,0.0,0.0,0.0,0.0
2019-03-01,3,0,31,16.59,16.59,0.0,129.16881,0.0
2019-03-01,3,0,32,0.0,0.0,0.0,0.0,0.0
2019-03-01,3,0,33,0.0,0.0,0.0,0.0,0.0
2019-03-01,3,0,34,0.0,0.0,0.0,0.0,0.0
2019-03-01,3,0,35,0.0,0.0,0.0,0.0,0.0
2019-03-01,3,0,36,0.0,0.0,0.0,0.0,0.0
2019-03-01,3,0,37,0.0,0.0,0.0,0.0,0.0
2019-03-01,3,0,38,0.0,0.0,0.0,0.0,0.0
2019-03-01,3,0,39,0.0,0.0,0.0,0.0,0.0
2019-03-01,3,0,40,0.0,0.0,0.0,0.0,0.0
2019-03-01,3,0,41,114.37,114.37,0.0,977.18696,0.0
2019-03-01,3,0,42,0.0,0.0,0.0,0.0,0.0
2019-03-01,3,0,43,0.0,0.0,0.0,0.0,0.0
2019-03-01,3,0,46,0.0,0.0,0.0,0.0,0.0
2019-03-01,3,0,52,17.59,17.59,0.0,136.954754,0.0
2019-03-01,3,0,53,27.94,27.94,0.0,217.539274,0.0
2019-03-01,3,0,55,304.41,304.41,0.0,2374.345979,0.0
2019-03-01,3,0,56,0.0,0.0,0.0,0.0,0.0
2019-03-01,3,0,57,0.0,0.0,0.0,0.0,0.0
2019-03-01,3,0,58,0.0,0.0,0.0,0.0,0.0
2019-03-01,3,0,59,0.0,0.0,0.0,0.0,0.0
2019-03-01,3,0,63,44.67,44.67,0.0,770.202819,0.0
2019-03-01,3,0,64,52.55,52.55,0.0,906.070252,0.0
2019-03-01,3,0,65,5.23,5.23,0.0,53.550139,0.0
2019-03-01,3,0,67,0.0,0.0,0.0,0.0,0.0
2019-03-01,3,0,68,0.73,0.73,0.0,4.802648,0.0
2019-03-01,3,0,69,0.0,0.0,0.0,0.0,0.0
2019-03-01,3,0,74,27.25,27.25,0.0,263.163209,0.0
2019-03-01,3,0,77,44.8,44.8,0.0,289.838726,0.0
2019-03-01,3,0,78,33.87,33.87,0.0,219.125841,0.0
2019-03-01,3,0,79,19.6,19.6,0.0,126.804443,0.0
2019-03-01,3,0,80,31.7,31.7,0.0,205.086777,0.0
2019-03-01,3,0,81,41.44,41.44,0.0,268.100822,0.0
2019-03-01,3,0,82,29.23,29.23,0.0,189.10683,0.0
2019-03-01,3,0,83,65.19,65.19,0.0,421.754165,0.0
2019-03-01,3,0,84,0.0,0.0,0.0,0.0,0.0
2019-03-01,3,0,86,0.0,0.0,0.0,0.0,0.0
2019-03-01,3,0,87,0.0,0.0,0.0,0.0,0.0
2019-03-01,3,0,88,42.6,42.6,0.0,275.605575,0.0
2019-03-01,3,0,89,40.95,40.95,0.0,264.930711,0.0
2019-03-01,3,0,90,54.99,54.99,0.0,355.764098,0.0
2019-03-01,3,0,91,196.16,196.16,0.0,1269.079567,0.0
2019-03-01,3,0,92,70.55,70.55,0.0,456.431298,0.0
2019-03-01,3,0,95,3.97,3.97,0.0,66.144912,0.0
2019-03-01,3,0,96,6.94,6.94,0.0,53.933742,0.0
2019-03-01,3,0,97,42.66,42.66,0.0,331.529315,0.0
2019-03-01,3,0,99,5.26,5.26,0.0,50.797742,0.0
2019-03-01,3,0,101,0.0,0.0,0.0,0.0,0.0
2019-03-01,3,0,102,1.73,1.73,0.0,11.381618,0.0
2019-03-01,3,0,103,1.5,1.5,0.0,9.868455,0.0
2019-03-01,3,0,104,0.28,0.28,0.0,1.842112,0.0
2019-03-01,3,0,106,0.0,0.0,0.0,0.0,0.0
2019-03-01,3,0,109,125.96,125.96,0.0,1131.635299,0.0
2019-03-01,3,0,110,51.18,51.18,0.0,386.313979,0.0
2019-03-01,3,0,111,0.0,0.0,0.0,0.0,0.0
2019-03-01,3,0,113,12.96,12.96,0.0,79.41701,0.0
2019-03-01,3,0,115,12.96,12.96,0.0,79.41701,0.0
2019-03-01,3,0,116,0.0,0.0,0.0,0.0,0.0
2019-03-01,3,0,117,0.67,0.67,0.0,4.105663,0.0
2019-03-01,3,0,119,52.55,52.55,0.0,906.070252,0.0
2019-03-01,3,0,120,30.9,30.9,0.0,532.779653,0.0
2019-03-01,3,0,123,0.0,0.0,0.0,0.0,0.0
2019-03-01,3,0,125,54.9,54.9,0.0,428.210618,0.0
2019-03-01,3,0,126,0.0,0.0,0.0,0.0,0.0
2019-03-01,3,0,127,0.0,0.0,0.0,0.0,0.0
2019-03-01,3,0,128,78.63,78.63,0.0,613.300563,0.0
2019-03-01,3,0,131,2.73,2.73,0.0,17.786642,0.0
2019-03-01,3,0,132,4.01,4.01,0.0,26.126166,0.0
2019-03-01,3,0,133,10.82,10.82,0.0,111.035472,0.0
2019-03-01,3,0,134,0.0,0.0,0.0,0.0,0.0
2019-03-01,3,0,135,14.48,14.48,0.0,148.594606,0.0
2019-03-01,3,0,136,8.8,8.8,0.0,90.093318,0.0
2019-03-01,3,0,139,147.69,147.69,0.0,1261.87586,0.0
2019-03-01,3,0,140,37.88,37.88,0.0,285.923672,0.0
2019-03-01,3,0,141,37.96,37.96,0.0,258.794056,0.0
2019-03-01,3,0,142,0.0,0.0,0.0,0.0,0.0
2019-03-01,3,0,143,26.9,26.9,0.0,209.441892,0.0
2019-03-01,3,0,145,8.27,8.27,0.0,68.070934,0.0
2019-03-01,3,0,146,47.29,47.29,0.0,356.951701,0.0
2019-03-01,3,0,152,0.0,0.0,0.0,0.0,0.0
2019-03-01,3,0,153,0.0,0.0,0.0,0.0,0.0
2019-03-01,3,0,154,0.0,0.0,0.0,0.0,0.0
2019-03-01,3,0,157,15.81,15.81,0.0,107.785406,0.0
2019-03-01,3,0,158,0.0,0.0,0.0,0.0,0.0
2019-03-01,3,0,159,0.0,0.0,0.0,0.0,0.0
2019-03-01,3,0,160,0.0,0.0,0.0,0.0,0.0
2019-03-01,3,0,161,0.0,0.0,0.0,0.0,0.0
2019-03-01,3,0,162,5.69,5.69,0.0,94.857753,0.0
2019-03-01,3,0,163,36.47,36.47,0.0,275.28079,0.0
2019-03-01,3,0,164,0.0,0.0,0.0,0.0,0.0
2019-03-01,3,0,167,0.0,0.0,0.0,0.0,0.0
2019-03-01,3,0,168,0.0,0.0,0.0,0.0,0.0
2019-03-01,3,0,169,0.0,0.0,0.0,0.0,0.0
2019-03-01,3,0,170,0.0,0.0,0.0,0.0,0.0
2019-03-01,3,0,172,0.0,0.0,0.0,0.0,0.0
2019-03-01,3,0,173,0.0,0.0,0.0,0.0,0.0
2019-03-01,3,0,188,0.0,0.0,0.0,0.0,0.0
2019-03-01,3,0,190,0.0,0.0,0.0,0.0,0.0
2019-03-01,3,0,191,0.0,0.0,0.0,0.0,0.0
2019-03-01,3,0,192,53.53,53.53,0.0,922.967471,0.0
2019-03-01,3,0,194,53.0,53.0,0.0,298.464469,0.0
2019-03-01,3,0,196,0.0,0.0,0.0,0.0,0.0
2019-03-01,3,0,198,0.0,0.0,0.0,0.0,0.0
2019-03-01,3,0,199,4.45,4.45,0.0,39.972477,0.0
2019-03-01,3,0,200,0.0,0.0,0.0,0.0,0.0
2019-03-01,3,0,204,658.41,658.41,0.0,5872.905016,0.0
2019-03-01,3,0,205,666.34,666.34,0.0,5986.454947,0.0
2019-03-01,3,0,206,125.34,125.34,0.0,974.071362,0.0
2019-03-01,3,0,210,0.0,0.0,0.0,0.0,0.0
2019-03-01,3,0,214,0.0,0.0,0.0,0.0,0.0
2019-03-01,3,0,217,0.0,0.0,0.0,0.0,0.0
2019-03-01,3,0,218,0.0,0.0,0.0,0.0,0.0
2019-03-01,3,0,219,0.0,0.0,0.0,0.0,0.0
2019-03-01,3,0,221,0.0,0.0,0.0,0.0,0.0
2019-03-01,3,0,225,0.0,0.0,0.0,0.0,0.0
2019-03-01,3,0,233,0.0,0.0,0.0,0.0,0.0
2019-03-01,3,0,236,26.61,26.61,0.0,265.315329,0.0
2019-03-01,3,0,237,65.38,65.38,0.0,631.398554,0.0
2019-03-01,3,0,238,0.0,0.0,0.0,0.0,0.0
2019-03-01,3,0,240,0.0,0.0,0.0,0.0,0.0
2019-03-01,3,0,245,15.74,15.74,0.0,162.711603,0.0
2019-03-01,3,0,247,22.42,22.42,0.0,231.765828,0.0
2019-03-01,3,0,248,6.56,6.56,0.0,63.352317,0.0
2019-03-01,3,0,249,30.26,30.26,0.0,312.811506,0.0
2019-03-01,3,0,251,61.06,61.06,0.0,623.085694,0.0
2019-03-01,3,0,252,33.71,33.71,0.0,345.157779,0.0
2019-03-01,3,0,254,0.0,0.0,0.0,0.0,0.0
2019-03-01,3,0,255,0.0,0.0,0.0,0.0,0.0
2019-03-01,3,0,258,0.0,0.0,0.0,0.0,0.0
2019-03-01,3,0,260,0.0,0.0,0.0,0.0,0.0
2019-03-01,3,0,265,0.0,0.0,0.0,0.0,0.0
2019-03-01,3,0,266,95.64,95.64,0.0,817.156254,0.0
2019-03-01,3,0,267,117.52,117.52,0.0,1004.100826,0.0
2019-03-01,3,0,270,113.88,113.88,0.0,859.58257,0.0
2019-03-01,3,0,272,52.95,52.95,0.0,324.46996,0.0
2019-03-01,3,0,273,0.0,0.0,0.0,0.0,0.0
2019-03-01,3,0,274,146.81,146.81,0.0,1108.142933,0.0
2019-03-01,3,0,275,204.36,204.36,0.0,1542.538585,0.0
2019-03-01,3,0,276,0.0,0.0,0.0,0.0,0.0
2019-03-01,3,0,277,0.0,0.0,0.0,0.0,0.0
2019-03-01,3,0,278,0.0,0.0,0.0,0.0,0.0
2019-03-01,3,0,279,23.94,23.94,0.0,149.981043,0.0
2019-03-01,3,0,281,7.45,7.45,0.0,58.005282,0.0
2019-03-01,3,0,282,0.0,0.0,0.0,0.0,0.0
2019-03-01,4,0,9,0.0,0.0,0.0,0.0,0.0
2019-03-01,4,0,17,0.0,0.0,0.0,0.0,0.0
2019-03-01,4,0,19,110.42,110.42,0.0,1521.516869,0.0
2019-03-01,4,0,20,133.91,133.91,0.0,1845.194023,0.0
2019-03-01,4,0,21,0.0,0.0,0.0,0.0,0.0
2019-03-01,4,0,22,0.0,0.0,0.0,0.0,0.0
2019-03-01,4,0,23,35.84,35.84,0.0,407.45538,0.0
2019-03-01,4,0,24,59.24,59.24,0.0,673.483725,0.0
2019-03-01,4,0,29,0.0,0.0,0.0,0.0,0.0
2019-03-01,4,0,30,0.0,0.0,0.0,0.0,0.0
2019-03-01,4,0,31,16.4,16.4,0.0,186.267877,0.0
2019-03-01,4,0,32,0.0,0.0,0.0,0.0,0.0
2019-03-01,4,0,33,0.0,0.0,0.0,0.0,0.0
2019-03-01,4,0,34,0.0,0.0,0.0,0.0,0.0
2019-03-01,4,0,35,0.0,0.0,0.0,0.0,0.0
2019-03-01,4,0,36,0.0,0.0,0.0,0.0,0.0
2019-03-01,4,0,37,0.0,0.0,0.0,0.0,0.0
2019-03-01,4,0,38,0.0,0.0,0.0,0.0,0.0
2019-03-01,4,0,39,0.0,0.0,0.0,0.0,0.0
2019-03-01,4,0,40,0.0,0.0,0.0,0.0,0.0
2019-03-01,4,0,41,101.33,101.33,0.0,1215.110481,0.0
2019-03-01,4,0,42,0.0,0.0,0.0,0.0,0.0
2019-03-01,4,0,43,0.0,0.0,0.0,0.0,0.0
2019-03-01,4,0,46,0.0,0.0,0.0,0.0,0.0
2019-03-01,4,0,52,17.38,17.38,0.0,197.398518,0.0
2019-03-01,4,0,53,27.62,27.62,0.0,313.702363,0.0
2019-03-01,4,0,55,307.96,307.96,0.0,3501.114924,0.0
2019-03-01,4,0,56,0.0,0.0,0.0,0.0,0.0
2019-03-01,4,0,57,0.0,0.0,0.0,0.0,0.0
2019-03-01,4,0,58,0.0,0.0,0.0,0.0,0.0
2019-03-01,4,0,59,0.0,0.0,0.0,0.0,0.0
2019-03-01,4,0,63,54.64,54.64,0.0,1004.813486,0.0
2019-03-01,4,0,64,64.28,64.28,0.0,1182.090243,0.0
2019-03-01,4,0,65,4.65,4.65,0.0,63.952059,0.0
2019-03-01,4,0,67,0.0,0.0,0.0,0.0,0.0
2019-03-01,4,0,68,0.68,0.68,0.0,6.662794,0.0
2019-03-01,4,0,69,0.0,0.0,0.0,0.0,0.0
2019-03-01,4,0,74,29.31,29.31,0.0,382.451741,0.0
2019-03-01,4,0,77,33.91,33.91,0.0,350.260661,0.0
2019-03-01,4,0,78,25.63,25.63,0.0,264.735498,0.0
2019-03-01,4,0,79,14.83,14.83,0.0,153.180938,0.0
2019-03-01,4,0,80,23.99,23.99,0.0,247.795731,0.0
2019-03-01,4,0,81,31.36,31.36,0.0,323.92139,0.0
2019-03-01,4,0,82,22.12,22.12,0.0,228.480266,0.0
2019-03-01,4,0,83,49.33,49.33,0.0,509.535783,0.0
2019-03-01,4,0,84,0.0,0.0,0.0,0.0,0.0
2019-03-01,4,0,86,0.0,0.0,0.0,0.0,0.0
2019-03-01,4,0,87,0.0,0.0,0.0,0.0,0.0
2019-03-01,4,0,88,31.83,31.83,0.0,328.776079,0.0
2019-03-01,4,0,89,30.6,30.6,0.0,316.071254,0.0
2019-03-01,4,0,90,41.09,41.09,0.0,424.423785,0.0
2019-03-01,4,0,91,146.58,146.58,0.0,1514.043281,0.0
2019-03-01,4,0,92,52.72,52.72,0.0,544.55152,0.0
2019-03-01,4,0,95,10.56,10.56,0.0,187.601928,0.0
2019-03-01,4,0,96,7.51,7.51,0.0,85.21123,0.0
2019-03-01,4,0,97,46.19,46.19,0.0,524.088776,0.0
2019-03-01,4,0,99,5.66,5.66,0.0,73.85455,0.0
2019-03-01,4,0,101,0.0,0.0,0.0,0.0,0.0
2019-03-01,4,0,102,1.61,1.61,0.0,15.775145,0.0
2019-03-01,4,0,103,1.4,1.4,0.0,13.717518,0.0
2019-03-01,4,0,104,0.26,0.26,0.0,2.547539,0.0
2019-03-01,4,0,106,0.0,0.0,0.0,0.0,0.0
2019-03-01,4,0,109,110.05,110.05,0.0,1350.590371,0.0
2019-03-01,4,0,110,44.43,44.43,0.0,335.364011,0.0
2019-03-01,4,0,111,0.0,0.0,0.0,0.0,0.0
2019-03-01,4,0,113,6.13,6.13,0.0,62.60445,0.0
2019-03-01,4,0,115,6.13,6.13,0.0,62.60445,0.0
2019-03-01,4,0,116,0.0,0.0,0.0,0.0,0.0
2019-03-01,4,0,117,0.41,0.41,0.0,4.187247,0.0
2019-03-01,4,0,119,64.28,64.28,0.0,1182.090243,0.0
2019-03-01,4,0,120,37.8,37.8,0.0,695.130852,0.0
2019-03-01,4,0,123,0.0,0.0,0.0,0.0,0.0
2019-03-01,4,0,125,54.36,54.36,0.0,618.00431,0.0
2019-03-01,4,0,126,0.0,0.0,0.0,0.0,0.0
2019-03-01,4,0,127,0.0,0.0,0.0,0.0,0.0
2019-03-01,4,0,128,73.82,73.82,0.0,839.239848,0.0
2019-03-01,4,0,131,2.3,2.3,0.0,22.876155,0.0
2019-03-01,4,0,132,3.38,3.38,0.0,33.618001,0.0
2019-03-01,4,0,133,14.9,14.9,0.0,205.349275,0.0
2019-03-01,4,0,134,0.0,0.0,0.0,0.0,0.0
2019-03-01,4,0,135,20.55,20.55,0.0,283.216618,0.0
2019-03-01,4,0,136,8.0,8.0,0.0,110.013529,0.0
2019-03-01,4,0,139,130.85,130.85,0.0,1569.102994,0.0
2019-03-01,4,0,140,32.88,32.88,0.0,248.182955,0.0
2019-03-01,4,0,141,31.71,31.71,0.0,293.137874,0.0
2019-03-01,4,0,142,0.0,0.0,0.0,0.0,0.0
2019-03-01,4,0,143,27.78,27.78,0.0,315.51961,0.0
2019-03-01,4,0,145,7.82,7.82,0.0,91.480886,0.0
2019-03-01,4,0,146,58.95,58.95,0.0,444.963053,0.0
2019-03-01,4,0,152,0.0,0.0,0.0,0.0,0.0
2019-03-01,4,0,153,0.0,0.0,0.0,0.0,0.0
2019-03-01,4,0,154,0.0,0.0,0.0,0.0,0.0
2019-03-01,4,0,157,26.15,26.15,0.0,241.739369,0.0
2019-03-01,4,0,158,0.0,0.0,0.0,0.0,0.0
2019-03-01,4,0,159,0.0,0.0,0.0,0.0,0.0
2019-03-01,4,0,160,0.0,0.0,0.0,0.0,0.0
2019-03-01,4,0,161,0.0,0.0,0.0,0.0,0.0
2019-03-01,4,0,162,8.04,8.04,0.0,142.900708,0.0
2019-03-01,4,0,163,37.35,37.35,0.0,281.923156,0.0
2019-03-01,4,0,164,0.0,0.0,0.0,0.0,0.0
2019-03-01,4,0,167,0.0,0.0,0.0,0.0,0.0
2019-03-01,4,0,168,0.0,0.0,0.0,0.0,0.0
2019-03-01,4,0,169,0.0,0.0,0.0,0.0,0.0
2019-03-01,4,0,170,0.0,0.0,0.0,0.0,0.0
2019-03-01,4,0,172,0.0,0.0,0.0,0.0,0.0
2019-03-01,4,0,173,0.0,0.0,0.0,0.0,0.0
2019-03-01,4,0,188,0.0,0.0,0.0,0.0,0.0
2019-03-01,4,0,190,0.0,0.0,0.0,0.0,0.0
2019-03-01,4,0,191,0.0,0.0,0.0,0.0,0.0
2019-03-01,4,0,192,50.36,50.36,0.0,926.105548,0.0
2019-03-01,4,0,194,59.84,59.84,0.0,629.310717,0.0
2019-03-01,4,0,196,0.0,0.0,0.0,0.0,0.0
2019-03-01,4,0,198,0.0,0.0,0.0,0.0,0.0
2019-03-01,4,0,199,8.08,8.08,0.0,87.261205,0.0
2019-03-01,4,0,200,0.0,0.0,0.0,0.0,0.0
2019-03-01,4,0,204,621.91,621.91,0.0,7590.601196,0.0
2019-03-01,4,0,205,582.17,582.17,0.0,7144.690563,0.0
2019-03-01,4,0,206,135.72,135.72,0.0,1539.929178,0.0
2019-03-01,4,0,210,0.0,0.0,0.0,0.0,0.0
2019-03-01,4,0,214,0.0,0.0,0.0,0.0,0.0
2019-03-01,4,0,217,0.0,0.0,0.0,0.0,0.0
2019-03-01,4,0,218,0.0,0.0,0.0,0.0,0.0
2019-03-01,4,0,219,0.0,0.0,0.0,0.0,0.0
2019-03-01,4,0,221,0.0,0.0,0.0,0.0,0.0
2019-03-01,4,0,225,0.0,0.0,0.0,0.0,0.0
2019-03-01,4,0,233,0.0,0.0,0.0,0.0,0.0
2019-03-01,4,0,236,31.95,31.95,0.0,428.619253,0.0
2019-03-01,4,0,237,70.32,70.32,0.0,917.571014,0.0
2019-03-01,4,0,238,0.0,0.0,0.0,0.0,0.0
2019-03-01,4,0,240,0.0,0.0,0.0,0.0,0.0
2019-03-01,4,0,245,15.24,15.24,0.0,211.467328,0.0
2019-03-01,4,0,247,21.78,21.78,0.0,302.215118,0.0
2019-03-01,4,0,248,7.06,7.06,0.0,92.12246,0.0
2019-03-01,4,0,249,29.31,29.31,0.0,406.699959,0.0
2019-03-01,4,0,251,56.61,56.61,0.0,776.126973,0.0
2019-03-01,4,0,252,30.0,30.0,0.0,412.593932,0.0
2019-03-01,4,0,254,0.0,0.0,0.0,0.0,0.0
2019-03-01,4,0,255,0.0,0.0,0.0,0.0,0.0
2019-03-01,4,0,258,0.0,0.0,0.0,0.0,0.0
2019-03-01,4,0,260,0.0,0.0,0.0,0.0,0.0
2019-03-01,4,0,265,0.0,0.0,0.0,0.0,0.0
2019-03-01,4,0,266,84.73,84.73,0.0,1016.04965,0.0
2019-03-01,4,0,267,104.12,104.12,0.0,1248.56709,0.0
2019-03-01,4,0,270,116.64,116.64,0.0,880.415446,0.0
2019-03-01,4,0,272,20.49,20.49,0.0,209.260227,0.0
2019-03-01,4,0,273,0.0,0.0,0.0,0.0,0.0
2019-03-01,4,0,274,150.37,150.37,0.0,1135.014323,0.0
2019-03-01,4,0,275,209.31,209.31,0.0,1579.901895,0.0
2019-03-01,4,0,276,0.0,0.0,0.0,0.0,0.0
2019-03-01,4,0,277,0.0,0.0,0.0,0.0,0.0
2019-03-01,4,0,278,0.0,0.0,0.0,0.0,0.0
2019-03-01,4,0,279,20.18,20.18,0.0,207.035411,0.0
2019-03-01,4,0,281,7.36,7.36,0.0,83.593389,0.0
2019-03-01,4,0,282,0.0,0.0,0.0,0.0,0.0
2019-03-01,5,0,9,0.0,0.0,0.0,0.0,0.0
2019-03-01,5,0,17,0.0,0.0,0.0,0.0,0.0
2019-03-01,5,0,19,124.88,124.88,0.0,1203.665321,0.0
2019-03-01,5,0,20,151.46,151.46,0.0,1459.858661,0.0
2019-03-01,5,0,21,0.0,0.0,0.0,0.0,0.0
2019-03-01,5,0,22,0.0,0.0,0.0,0.0,0.0
2019-03-01,5,0,23,36.48,36.48,0.0,313.025564,0.0
2019-03-01,5,0,24,64.55,64.55,0.0,553.887066,0.0
2019-03-01,5,0,29,0.0,0.0,0.0,0.0,0.0
2019-03-01,5,0,30,0.0,0.0,0.0,0.0,0.0
2019-03-01,5,0,31,16.01,16.01,0.0,137.291789,0.0
2019-03-01,5,0,32,0.0,0.0,0.0,0.0,0.0
2019-03-01,5,0,33,0.0,0.0,0.0,0.0,0.0
2019-03-01,5,0,34,0.0,0.0,0.0,0.0,0.0
2019-03-01,5,0,35,0.0,0.0,0.0,0.0,0.0
2019-03-01,5,0,36,0.0,0.0,0.0,0.0,0.0
2019-03-01,5,0,37,0.0,0.0,0.0,0.0,0.0
2019-03-01,5,0,38,0.0,0.0,0.0,0.0,0.0
2019-03-01,5,0,39,0.0,0.0,0.0,0.0,0.0
2019-03-01,5,0,40,0.0,0.0,0.0,0.0,0.0
2019-03-01,5,0,41,106.46,106.46,0.0,945.01742,0.0
2019-03-01,5,0,42,0.0,0.0,0.0,0.0,0.0
2019-03-01,5,0,43,0.0,0.0,0.0,0.0,0.0
2019-03-01,5,0,46,0.0,0.0,0.0,0.0,0.0
2019-03-01,5,0,52,16.97,16.97,0.0,145.524152,0.0
2019-03-01,5,0,53,26.96,26.96,0.0,231.19217,0.0
2019-03-01,5,0,55,220.84,220.84,0.0,1894.971645,0.0
2019-03-01,5,0,56,0.0,0.0,0.0,0.0,0.0
2019-03-01,5,0,57,0.0,0.0,0.0,0.0,0.0
2019-03-01,5,0,58,0.0,0.0,0.0,0.0,0.0
2019-03-01,5,0,59,0.0,0.0,0.0,0.0,0.0
2019-03-01,5,0,63,54.76,54.76,0.0,1104.582314,0.0
2019-03-01,5,0,64,64.42,64.42,0.0,1299.437411,0.0
2019-03-01,5,0,65,2.85,2.85,0.0,27.440544,0.0
2019-03-01,5,0,67,0.0,0.0,0.0,0.0,0.0
2019-03-01,5,0,68,0.8,0.8,0.0,6.170943,0.0
2019-03-01,5,0,69,0.0,0.0,0.0,0.0,0.0
2019-03-01,5,0,74,21.23,21.23,0.0,198.452761,0.0
2019-03-01,5,0,77,29.91,29.91,0.0,241.324359,0.0
2019-03-01,5,0,78,22.61,22.61,0.0,182.425402,0.0
2019-03-01,5,0,79,13.08,13.08,0.0,105.534023,0.0
2019-03-01,5,0,80,21.16,21.16,0.0,170.726294,0.0
2019-03-01,5,0,81,27.67,27.67,0.0,223.251255,0.0
2019-03-01,5,0,82,19.52,19.52,0.0,157.494199,0.0
2019-03-01,5,0,83,43.52,43.52,0.0,351.134608,0.0
2019-03-01,5,0,84,0.0,0.0,0.0,0.0,0.0
2019-03-01,5,0,86,0.0,0.0,0.0,0.0,0.0
2019-03-01,5,0,87,0.0,0.0,0.0,0.0,0.0
2019-03-01,5,0,88,26.19,26.19,0.0,211.310096,0.0
2019-03-01,5,0,89,25.18,25.18,0.0,203.161062,0.0
2019-03-01,5,0,90,33.8,33.8,0.0,272.710242,0.0
2019-03-01,5,0,91,120.59,120.59,0.0,972.96237,0.0
2019-03-01,5,0,92,43.37,43.37,0.0,349.924355,0.0
2019-03-01,5,0,95,5.51,5.51,0.0,107.146247,0.0
2019-03-01,5,0,96,6.92,6.92,0.0,59.302793,0.0
2019-03-01,5,0,97,42.55,42.55,0.0,364.643619,0.0
2019-03-01,5,0,99,4.1,4.1,0.0,38.325781,0.0
2019-03-01,5,0,101,0.0,0.0,0.0,0.0,0.0
2019-03-01,5,0,102,1.89,1.89,0.0,14.578853,0.0
2019-03-01,5,0,103,1.64,1.64,0.0,12.650433,0.0
2019-03-01,5,0,104,0.3,0.3,0.0,2.314104,0.0
2019-03-01,5,0,106,0.0,0.0,0.0,0.0,0.0
2019-03-01,5,0,109,111.02,111.02,0.0,1002.733163,0.0
2019-03-01,5,0,110,43.17,43.17,0.0,265.533446,0.0
2019-03-01,5,0,111,0.0,0.0,0.0,0.0,0.0
2019-03-01,5,0,113,11.89,11.89,0.0,95.521264,0.0
2019-03-01,5,0,115,11.89,11.89,0.0,95.521264,0.0
2019-03-01,5,0,116,0.0,0.0,0.0,0.0,0.0
2019-03-01,5,0,117,0.57,0.57,0.0,4.579236,0.0
2019-03-01,5,0,119,64.42,64.42,0.0,1299.437411,0.0
2019-03-01,5,0,120,37.88,37.88,0.0,764.090176,0.0
2019-03-01,5,0,123,0.0,0.0,0.0,0.0,0.0
2019-03-01,5,0,125,58.41,58.41,0.0,501.201294,0.0
2019-03-01,5,0,126,0.0,0.0,0.0,0.0,0.0
2019-03-01,5,0,127,0.0,0.0,0.0,0.0,0.0
2019-03-01,5,0,128,83.67,83.67,0.0,717.950903,0.0
2019-03-01,5,0,131,2.81,2.81,0.0,21.964146,0.0
2019-03-01,5,0,132,4.13,4.13,0.0,32.281823,0.0
2019-03-01,5,0,133,7.75,7.75,0.0,74.706492,0.0
2019-03-01,5,0,134,0.0,0.0,0.0,0.0,0.0
2019-03-01,5,0,135,11.04,11.04,0.0,106.420603,0.0
2019-03-01,5,0,136,4.29,4.29,0.0,41.302811,0.0
2019-03-01,5,0,139,137.48,137.48,0.0,1220.373802,0.0
2019-03-01,5,0,140,31.95,31.95,0.0,196.520584,0.0
2019-03-01,5,0,141,11.92,11.92,0.0,87.36135,0.0
2019-03-01,5,0,142,0.0,0.0,0.0,0.0,0.0
2019-03-01,5,0,143,52.29,52.29,0.0,448.406475,0.0
2019-03-01,5,0,145,7.34,7.34,0.0,64.189601,0.0
2019-03-01,5,0,146,79.81,79.81,0.0,490.901653,0.0
2019-03-01,5,0,152,0.0,0.0,0.0,0.0,0.0
2019-03-01,5,0,153,0.0,0.0,0.0,0.0,0.0
2019-03-01,5,0,154,0.0,0.0,0.0,0.0,0.0
2019-03-01,5,0,157,27.1,27.1,0.0,198.61515,0.0
2019-03-01,5,0,158,0.0,0.0,0.0,0.0,0.0
2019-03-01,5,0,159,0.0,0.0,0.0,0.0,0.0
2019-03-01,5,0,160,0.0,0.0,0.0,0.0,0.0
2019-03-01,5,0,161,0.0,0.0,0.0,0.0,0.0
2019-03-01,5,0,162,8.94,8.94,0.0,173.935685,0.0
2019-03-01,5,0,163,37.72,37.72,0.0,232.011156,0.0
2019-03-01,5,0,164,0.0,0.0,0.0,0.0,0.0
2019-03-01,5,0,167,0.0,0.0,0.0,0.0,0.0
2019-03-01,5,0,168,0.0,0.0,0.0,0.0,0.0
2019-03-01,5,0,169,0.0,0.0,0.0,0.0,0.0
2019-03-01,5,0,170,0.0,0.0,0.0,0.0,0.0
2019-03-01,5,0,172,0.0,0.0,0.0,0.0,0.0
2019-03-01,5,0,173,0.0,0.0,0.0,0.0,0.0
2019-03-01,5,0,188,0.0,0.0,0.0,0.0,0.0
2019-03-01,5,0,190,0.0,0.0,0.0,0.0,0.0
2019-03-01,5,0,191,0.0,0.0,0.0,0.0,0.0
2019-03-01,5,0,192,60.83,60.83,0.0,1227.022318,0.0
2019-03-01,5,0,194,59.5,59.5,0.0,493.125465,0.0
2019-03-01,5,0,196,0.0,0.0,0.0,0.0,0.0
2019-03-01,5,0,198,0.0,0.0,0.0,0.0,0.0
2019-03-01,5,0,199,5.92,5.92,0.0,58.214627,0.0
2019-03-01,5,0,200,0.0,0.0,0.0,0.0,0.0
2019-03-01,5,0,204,638.97,638.97,0.0,5752.913367,0.0
2019-03-01,5,0,205,587.31,587.31,0.0,5304.586685,0.0
2019-03-01,5,0,206,125.05,125.05,0.0,1071.649459,0.0
2019-03-01,5,0,210,0.0,0.0,0.0,0.0,0.0
2019-03-01,5,0,214,0.0,0.0,0.0,0.0,0.0
2019-03-01,5,0,217,0.0,0.0,0.0,0.0,0.0
2019-03-01,5,0,218,0.0,0.0,0.0,0.0,0.0
2019-03-01,5,0,219,0.0,0.0,0.0,0.0,0.0
2019-03-01,5,0,221,0.0,0.0,0.0,0.0,0.0
2019-03-01,5,0,225,0.0,0.0,0.0,0.0,0.0
2019-03-01,5,0,233,0.0,0.0,0.0,0.0,0.0
2019-03-01,5,0,236,22.78,22.78,0.0,216.317431,0.0
2019-03-01,5,0,237,50.92,50.92,0.0,475.987499,0.0
2019-03-01,5,0,238,0.0,0.0,0.0,0.0,0.0
2019-03-01,5,0,240,0.0,0.0,0.0,0.0,0.0
2019-03-01,5,0,245,15.21,15.21,0.0,147.179645,0.0
2019-03-01,5,0,247,18.25,18.25,0.0,176.596221,0.0
2019-03-01,5,0,248,5.11,5.11,0.0,47.767009,0.0
2019-03-01,5,0,249,29.26,29.26,0.0,283.134544,0.0
2019-03-01,5,0,251,38.03,38.03,0.0,365.518737,0.0
2019-03-01,5,0,252,18.39,18.39,0.0,177.063721,0.0
2019-03-01,5,0,254,0.0,0.0,0.0,0.0,0.0
2019-03-01,5,0,255,0.0,0.0,0.0,0.0,0.0
2019-03-01,5,0,258,0.0,0.0,0.0,0.0,0.0
2019-03-01,5,0,260,0.0,0.0,0.0,0.0,0.0
2019-03-01,5,0,265,0.0,0.0,0.0,0.0,0.0
2019-03-01,5,0,266,89.02,89.02,0.0,790.207127,0.0
2019-03-01,5,0,267,109.4,109.4,0.0,971.115027,0.0
2019-03-01,5,0,270,117.8,117.8,0.0,724.573546,0.0
2019-03-01,5,0,272,40.86,40.86,0.0,328.258943,0.0
2019-03-01,5,0,273,0.0,0.0,0.0,0.0,0.0
2019-03-01,5,0,274,151.86,151.86,0.0,934.072485,0.0
2019-03-01,5,0,275,211.4,211.4,0.0,1300.295821,0.0
2019-03-01,5,0,276,0.0,0.0,0.0,0.0,0.0
2019-03-01,5,0,277,0.0,0.0,0.0,0.0,0.0
2019-03-01,5,0,278,0.0,0.0,0.0,0.0,0.0
2019-03-01,5,0,279,17.1,17.1,0.0,137.614313,0.0
2019-03-01,5,0,281,7.19,7.19,0.0,61.656962,0.0
2019-03-01,5,0,282,0.0,0.0,0.0,0.0,0.0
2019-03-01,6,0,9,0.0,0.0,0.0,0.0,0.0
2019-03-01,6,0,17,0.0,0.0,0.0,0.0,0.0
2019-03-01,6,0,19,140.19,140.19,0.0,1544.645901,0.0
2019-03-01,6,0,20,170.02,170.02,0.0,1873.319752,0.0
2019-03-01,6,0,21,0.0,0.0,0.0,0.0,0.0
2019-03-01,6,0,22,0.0,0.0,0.0,0.0,0.0
2019-03-01,6,0,23,34.52,34.52,0.0,462.067037,0.0
2019-03-01,6,0,24,61.07,61.07,0.0,817.451737,0.0
2019-03-01,6,0,29,0.0,0.0,0.0,0.0,0.0
2019-03-01,6,0,30,0.0,0.0,0.0,0.0,0.0
2019-03-01,6,0,31,15.75,15.75,0.0,211.08738,0.0
2019-03-01,6,0,32,0.0,0.0,0.0,0.0,0.0
2019-03-01,6,0,33,0.0,0.0,0.0,0.0,0.0
2019-03-01,6,0,34,0.0,0.0,0.0,0.0,0.0
2019-03-01,6,0,35,0.0,0.0,0.0,0.0,0.0
2019-03-01,6,0,36,0.0,0.0,0.0,0.0,0.0
2019-03-01,6,0,37,0.0,0.0,0.0,0.0,0.0
2019-03-01,6,0,38,0.0,0.0,0.0,0.0,0.0
2019-03-01,6,0,39,0.0,0.0,0.0,0.0,0.0
2019-03-01,6,0,40,0.0,0.0,0.0,0.0,0.0
2019-03-01,6,0,41,111.79,111.79,0.0,1400.60783,0.0
2019-03-01,6,0,42,0.0,0.0,0.0,0.0,0.0
2019-03-01,6,0,43,0.0,0.0,0.0,0.0,0.0
2019-03-01,6,0,46,0.0,0.0,0.0,0.0,0.0
2019-03-01,6,0,52,16.69,16.69,0.0,223.685611,0.0
2019-03-01,6,0,53,26.51,26.51,0.0,355.296918,0.0
2019-03-01,6,0,55,88.36,88.36,0.0,1182.741698,0.0
2019-03-01,6,0,56,0.0,0.0,0.0,0.0,0.0
2019-03-01,6,0,57,0.0,0.0,0.0,0.0,0.0
2019-03-01,6,0,58,0.0,0.0,0.0,0.0,0.0
2019-03-01,6,0,59,0.0,0.0,0.0,0.0,0.0
2019-03-01,6,0,63,54.85,54.85,0.0,1491.323232,0.0
2019-03-01,6,0,64,64.53,64.53,0.0,1754.513914,0.0
2019-03-01,6,0,65,2.08,2.08,0.0,22.944632,0.0
2019-03-01,6,0,67,0.0,0.0,0.0,0.0,0.0
2019-03-01,6,0,68,0.95,0.95,0.0,12.917131,0.0
2019-03-01,6,0,69,0.0,0.0,0.0,0.0,0.0
2019-03-01,6,0,74,15.35,15.35,0.0,175.188097,0.0
2019-03-01,6,0,77,27.0,27.0,0.0,405.370713,0.0
2019-03-01,6,0,78,20.41,20.41,0.0,306.430232,0.0
2019-03-01,6,0,79,11.81,11.81,0.0,177.312153,0.0
2019-03-01,6,0,80,19.1,19.1,0.0,286.762245,0.0
2019-03-01,6,0,81,24.98,24.98,0.0,375.042978,0.0
2019-03-01,6,0,82,17.62,17.62,0.0,264.541925,0.0
2019-03-01,6,0,83,39.29,39.29,0.0,589.889456,0.0
2019-03-01,6,0,84,0.0,0.0,0.0,0.0,0.0
2019-03-01,6,0,86,0.0,0.0,0.0,0.0,0.0
2019-03-01,6,0,87,0.0,0.0,0.0,0.0,0.0
2019-03-01,6,0,88,21.29,21.29,0.0,319.642314,0.0
2019-03-01,6,0,89,20.46,20.46,0.0,307.180918,0.0
2019-03-01,6,0,90,27.47,27.47,0.0,412.427166,0.0
2019-03-01,6,0,91,98.01,98.01,0.0,1471.495688,0.0
2019-03-01,6,0,92,35.25,35.25,0.0,529.233986,0.0
2019-03-01,6,0,95,6.58,6.58,0.0,147.587667,0.0
2019-03-01,6,0,96,6.35,6.35,0.0,85.21713,0.0
2019-03-01,6,0,97,39.06,39.06,0.0,524.186,0.0
2019-03-01,6,0,99,2.96,2.96,0.0,33.7822,0.0
2019-03-01,6,0,101,0.0,0.0,0.0,0.0,0.0
2019-03-01,6,0,102,2.25,2.25,0.0,30.593206,0.0
2019-03-01,6,0,103,1.95,1.95,0.0,26.514112,0.0
2019-03-01,6,0,104,0.36,0.36,0.0,4.894913,0.0
2019-03-01,6,0,106,0.0,0.0,0.0,0.0,0.0
2019-03-01,6,0,109,111.58,111.58,0.0,1328.603594,0.0
2019-03-01,6,0,110,42.19,42.19,0.0,259.505585,0.0
2019-03-01,6,0,111,0.0,0.0,0.0,0.0,0.0
2019-03-01,6,0,113,12.61,12.61,0.0,198.554951,0.0
2019-03-01,6,0,115,12.61,12.61,0.0,198.554951,0.0
2019-03-01,6,0,116,0.0,0.0,0.0,0.0,0.0
2019-03-01,6,0,117,0.5,0.5,0.0,7.872916,0.0
2019-03-01,6,0,119,64.53,64.53,0.0,1754.513914,0.0
2019-03-01,6,0,120,37.94,37.94,0.0,1031.555213,0.0
2019-03-01,6,0,123,0.0,0.0,0.0,0.0,0.0
2019-03-01,6,0,125,55.26,55.26,0.0,739.682053,0.0
2019-03-01,6,0,126,0.0,0.0,0.0,0.0,0.0
2019-03-01,6,0,127,0.0,0.0,0.0,0.0,0.0
2019-03-01,6,0,128,79.15,79.15,0.0,1059.461355,0.0
2019-03-01,6,0,131,3.56,3.56,0.0,50.147975,0.0
2019-03-01,6,0,132,5.24,5.24,0.0,73.813312,0.0
2019-03-01,6,0,133,7.47,7.47,0.0,82.297153,0.0
2019-03-01,6,0,134,0.0,0.0,0.0,0.0,0.0
2019-03-01,6,0,135,10.01,10.01,0.0,110.280389,0.0
2019-03-01,6,0,136,2.53,2.53,0.0,27.910398,0.0
2019-03-01,6,0,139,144.36,144.36,0.0,1808.674715,0.0
2019-03-01,6,0,140,31.23,31.23,0.0,192.091951,0.0
2019-03-01,6,0,141,0.0,0.0,0.0,0.0,0.0
2019-03-01,6,0,142,0.0,0.0,0.0,0.0,0.0
2019-03-01,6,0,143,93.81,93.81,0.0,1257.276644,0.0
2019-03-01,6,0,145,7.01,7.01,0.0,90.063156,0.0
2019-03-01,6,0,146,106.52,106.52,0.0,655.191631,0.0
2019-03-01,6,0,152,0.0,0.0,0.0,0.0,0.0
2019-03-01,6,0,153,0.0,0.0,0.0,0.0,0.0
2019-03-01,6,0,154,0.0,0.0,0.0,0.0,0.0
2019-03-01,6,0,157,28.85,28.85,0.0,339.39174,0.0
2019-03-01,6,0,158,0.0,0.0,0.0,0.0,0.0
2019-03-01,6,0,159,0.0,0.0,0.0,0.0,0.0
2019-03-01,6,0,160,0.0,0.0,0.0,0.0,0.0
2019-03-01,6,0,161,0.0,0.0,0.0,0.0,0.0
2019-03-01,6,0,162,9.9,9.9,0.0,222.11141,0.0
2019-03-01,6,0,163,38.95,38.95,0.0,239.576737,0.0
2019-03-01,6,0,164,0.0,0.0,0.0,0.0,0.0
2019-03-01,6,0,167,0.0,0.0,0.0,0.0,0.0
2019-03-01,6,0,168,0.0,0.0,0.0,0.0,0.0
2019-03-01,6,0,169,0.0,0.0,0.0,0.0,0.0
2019-03-01,6,0,170,0.0,0.0,0.0,0.0,0.0
2019-03-01,6,0,172,0.0,0.0,0.0,0.0,0.0
2019-03-01,6,0,173,0.0,0.0,0.0,0.0,0.0
2019-03-01,6,0,188,0.0,0.0,0.0,0.0,0.0
2019-03-01,6,0,190,0.0,0.0,0.0,0.0,0.0
2019-03-01,6,0,191,0.0,0.0,0.0,0.0,0.0
2019-03-01,6,0,192,72.31,72.31,0.0,1966.045267,0.0
2019-03-01,6,0,194,59.49,59.49,0.0,1058.522045,0.0
2019-03-01,6,0,196,0.0,0.0,0.0,0.0,0.0
2019-03-01,6,0,198,0.0,0.0,0.0,0.0,0.0
2019-03-01,6,0,199,4.62,4.62,0.0,68.263361,0.0
2019-03-01,6,0,200,0.0,0.0,0.0,0.0,0.0
2019-03-01,6,0,204,657.45,657.45,0.0,7865.334722,0.0
2019-03-01,6,0,205,590.27,590.27,0.0,7028.453519,0.0
2019-03-01,6,0,206,114.78,114.78,0.0,1540.349949,0.0
2019-03-01,6,0,210,0.0,0.0,0.0,0.0,0.0
2019-03-01,6,0,214,0.0,0.0,0.0,0.0,0.0
2019-03-01,6,0,217,0.0,0.0,0.0,0.0,0.0
2019-03-01,6,0,218,0.0,0.0,0.0,0.0,0.0
2019-03-01,6,0,219,0.0,0.0,0.0,0.0,0.0
2019-03-01,6,0,221,0.0,0.0,0.0,0.0,0.0
2019-03-01,6,0,225,0.0,0.0,0.0,0.0,0.0
2019-03-01,6,0,233,0.0,0.0,0.0,0.0,0.0
2019-03-01,6,0,236,17.92,17.92,0.0,200.538931,0.0
2019-03-01,6,0,237,36.83,36.83,0.0,420.337305,0.0
2019-03-01,6,0,238,0.0,0.0,0.0,0.0,0.0
2019-03-01,6,0,240,0.0,0.0,0.0,0.0,0.0
2019-03-01,6,0,245,15.25,15.25,0.0,167.307909,0.0
2019-03-01,6,0,247,14.96,14.96,0.0,164.126316,0.0
2019-03-01,6,0,248,3.7,3.7,0.0,42.22775,0.0
2019-03-01,6,0,249,29.32,29.32,0.0,321.670025,0.0
2019-03-01,6,0,251,28.77,28.77,0.0,317.970537,0.0
2019-03-01,6,0,252,13.39,13.39,0.0,147.706068,0.0
2019-03-01,6,0,254,0.0,0.0,0.0,0.0,0.0
2019-03-01,6,0,255,0.0,0.0,0.0,0.0,0.0
2019-03-01,6,0,258,0.0,0.0,0.0,0.0,0.0
2019-03-01,6,0,260,0.0,0.0,0.0,0.0,0.0
2019-03-01,6,0,265,0.0,0.0,0.0,0.0,0.0
2019-03-01,6,0,266,93.48,93.48,0.0,1171.203327,0.0
2019-03-01,6,0,267,114.87,114.87,0.0,1439.1969,0.0
2019-03-01,6,0,270,121.63,121.63,0.0,748.131413,0.0
2019-03-01,6,0,272,44.49,44.49,0.0,700.5321,0.0
2019-03-01,6,0,273,0.0,0.0,0.0,0.0,0.0
2019-03-01,6,0,274,156.8,156.8,0.0,964.457827,0.0
2019-03-01,6,0,275,218.26,218.26,0.0,1342.490851,0.0
2019-03-01,6,0,276,0.0,0.0,0.0,0.0,0.0
2019-03-01,6,0,277,0.0,0.0,0.0,0.0,0.0
2019-03-01,6,0,278,0.0,0.0,0.0,0.0,0.0
2019-03-01,6,0,279,14.57,14.57,0.0,225.140317,0.0
2019-03-01,6,0,281,7.08,7.08,0.0,94.888803,0.0
2019-03-01,6,0,282,0.0,0.0,0.0,0.0,0.0
2019-03-01,7,0,9,0.0,0.0,0.0,0.0,0.0
2019-03-01,7,0,17,0.0,0.0,0.0,0.0,0.0
2019-03-01,7,0,19,157.24,157.24,0.0,1753.233623,0.0
2019-03-01,7,0,20,190.7,190.7,0.0,2126.314245,0.0
2019-03-01,7,0,21,0.0,0.0,0.0,0.0,0.0
2019-03-01,7,0,22,0.0,0.0,0.0,0.0,0.0
2019-03-01,7,0,23,33.91,33.91,0.0,455.735928,0.0
2019-03-01,7,0,24,59.99,59.99,0.0,806.239997,0.0
2019-03-01,7,0,29,0.0,0.0,0.0,0.0,0.0
2019-03-01,7,0,30,0.0,0.0,0.0,0.0,0.0
2019-03-01,7,0,31,38.1,38.1,0.0,512.671029,0.0
2019-03-01,7,0,32,0.0,0.0,0.0,0.0,0.0
2019-03-01,7,0,33,0.0,0.0,0.0,0.0,0.0
2019-03-01,7,0,34,0.0,0.0,0.0,0.0,0.0
2019-03-01,7,0,35,0.0,0.0,0.0,0.0,0.0
2019-03-01,7,0,36,0.0,0.0,0.0,0.0,0.0
2019-03-01,7,0,37,0.0,0.0,0.0,0.0,0.0
2019-03-01,7,0,38,0.0,0.0,0.0,0.0,0.0
2019-03-01,7,0,39,0.0,0.0,0.0,0.0,0.0
2019-03-01,7,0,40,0.0,0.0,0.0,0.0,0.0
2019-03-01,7,0,41,85.72,85.72,0.0,1080.929978,0.0
2019-03-01,7,0,42,0.0,0.0,0.0,0.0,0.0
2019-03-01,7,0,43,0.0,0.0,0.0,0.0,0.0
2019-03-01,7,0,46,0.0,0.0,0.0,0.0,0.0
2019-03-01,7,0,52,40.39,40.39,0.0,543.485114,0.0
2019-03-01,7,0,53,64.18,64.18,0.0,863.601749,0.0
2019-03-01,7,0,55,87.88,87.88,0.0,1181.069694,0.0
2019-03-01,7,0,56,0.0,0.0,0.0,0.0,0.0
2019-03-01,7,0,57,0.0,0.0,0.0,0.0,0.0
2019-03-01,7,0,58,0.0,0.0,0.0,0.0,0.0
2019-03-01,7,0,59,0.0,0.0,0.0,0.0,0.0
2019-03-01,7,0,63,54.98,54.98,0.0,1274.390477,0.0
2019-03-01,7,0,64,64.69,64.69,0.0,1499.460166,0.0
2019-03-01,7,0,65,2.08,2.08,0.0,23.217811,0.0
2019-03-01,7,0,67,0.0,0.0,0.0,0.0,0.0
2019-03-01,7,0,68,1.14,1.14,0.0,15.500558,0.0
2019-03-01,7,0,69,0.0,0.0,0.0,0.0,0.0
2019-03-01,7,0,74,11.28,11.28,0.0,130.061596,0.0
2019-03-01,7,0,77,24.86,24.86,0.0,373.325899,0.0
2019-03-01,7,0,78,18.8,18.8,0.0,282.32208,0.0
2019-03-01,7,0,79,10.88,10.88,0.0,163.386395,0.0
2019-03-01,7,0,80,17.59,17.59,0.0,264.15135,0.0
2019-03-01,7,0,81,23.0,23.0,0.0,345.394034,0.0
2019-03-01,7,0,82,16.22,16.22,0.0,243.577879,0.0
2019-03-01,7,0,83,36.18,36.18,0.0,543.319832,0.0
2019-03-01,7,0,84,0.0,0.0,0.0,0.0,0.0
2019-03-01,7,0,86,0.0,0.0,0.0,0.0,0.0
2019-03-01,7,0,87,0.0,0.0,0.0,0.0,0.0
2019-03-01,7,0,88,17.0,17.0,0.0,255.291242,0.0
2019-03-01,7,0,89,16.34,16.34,0.0,245.379935,0.0
2019-03-01,7,0,90,21.94,21.94,0.0,329.475874,0.0
2019-03-01,7,0,91,78.26,78.26,0.0,1175.240743,0.0
2019-03-01,7,0,92,28.15,28.15,0.0,422.732263,0.0
2019-03-01,7,0,95,7.82,7.82,0.0,175.40054,0.0
2019-03-01,7,0,96,5.86,5.86,0.0,78.951953,0.0
2019-03-01,7,0,97,36.04,36.04,0.0,485.567986,0.0
2019-03-01,7,0,99,2.18,2.18,0.0,25.136018,0.0
2019-03-01,7,0,101,0.0,0.0,0.0,0.0,0.0
2019-03-01,7,0,102,2.7,2.7,0.0,36.711847,0.0
2019-03-01,7,0,103,2.35,2.35,0.0,31.952904,0.0
2019-03-01,7,0,104,0.44,0.44,0.0,5.982671,0.0
2019-03-01,7,0,106,0.0,0.0,0.0,0.0,0.0
2019-03-01,7,0,109,112.49,112.49,0.0,1350.67931,0.0
2019-03-01,7,0,110,41.13,41.13,0.0,252.985653,0.0
2019-03-01,7,0,111,0.0,0.0,0.0,0.0,0.0
2019-03-01,7,0,113,5.62,5.62,0.0,88.44791,0.0
2019-03-01,7,0,115,5.62,5.62,0.0,88.44791,0.0
2019-03-01,7,0,116,0.0,0.0,0.0,0.0,0.0
2019-03-01,7,0,117,0.23,0.23,0.0,3.619754,0.0
2019-03-01,7,0,119,64.69,64.69,0.0,1499.460166,0.0
2019-03-01,7,0,120,38.04,38.04,0.0,881.735426,0.0
2019-03-01,7,0,123,0.0,0.0,0.0,0.0,0.0
2019-03-01,7,0,125,54.29,54.29,0.0,729.63443,0.0
2019-03-01,7,0,126,0.0,0.0,0.0,0.0,0.0
2019-03-01,7,0,127,0.0,0.0,0.0,0.0,0.0
2019-03-01,7,0,128,77.76,77.76,0.0,1045.061213,0.0
2019-03-01,7,0,131,4.63,4.63,0.0,65.220541,0.0
2019-03-01,7,0,132,6.8,6.8,0.0,95.788267,0.0
2019-03-01,7,0,133,8.6,8.6,0.0,95.880402,0.0
2019-03-01,7,0,134,0.0,0.0,0.0,0.0,0.0
2019-03-01,7,0,135,11.53,11.53,0.0,128.546632,0.0
2019-03-01,7,0,136,2.1,2.1,0.0,23.442484,0.0
2019-03-01,7,0,139,110.71,110.71,0.0,1396.054104,0.0
2019-03-01,7,0,140,30.44,30.44,0.0,187.232757,0.0
2019-03-01,7,0,141,0.0,0.0,0.0,0.0,0.0
2019-03-01,7,0,142,0.0,0.0,0.0,0.0,0.0
2019-03-01,7,0,143,71.73,71.73,0.0,965.194039,0.0
2019-03-01,7,0,145,6.75,6.75,0.0,87.200359,0.0
2019-03-01,7,0,146,139.95,139.95,0.0,860.815516,0.0
2019-03-01,7,0,152,0.0,0.0,0.0,0.0,0.0
2019-03-01,7,0,153,0.0,0.0,0.0,0.0,0.0
2019-03-01,7,0,154,0.0,0.0,0.0,0.0,0.0
2019-03-01,7,0,157,31.34,31.34,0.0,368.68413,0.0
2019-03-01,7,0,158,0.0,0.0,0.0,0.0,0.0
2019-03-01,7,0,159,0.0,0.0,0.0,0.0,0.0
2019-03-01,7,0,160,0.0,0.0,0.0,0.0,0.0
2019-03-01,7,0,161,0.0,0.0,0.0,0.0,0.0
2019-03-01,7,0,162,10.89,10.89,0.0,244.328799,0.0
2019-03-01,7,0,163,40.69,40.69,0.0,250.279267,0.0
2019-03-01,7,0,164,0.0,0.0,0.0,0.0,0.0
2019-03-01,7,0,167,0.0,0.0,0.0,0.0,0.0
2019-03-01,7,0,168,0.0,0.0,0.0,0.0,0.0
2019-03-01,7,0,169,0.0,0.0,0.0,0.0,0.0
2019-03-01,7,0,170,0.0,0.0,0.0,0.0,0.0
2019-03-01,7,0,172,0.0,0.0,0.0,0.0,0.0
2019-03-01,7,0,173,0.0,0.0,0.0,0.0,0.0
2019-03-01,7,0,188,0.0,0.0,0.0,0.0,0.0
2019-03-01,7,0,190,0.0,0.0,0.0,0.0,0.0
2019-03-01,7,0,191,0.0,0.0,0.0,0.0,0.0
2019-03-01,7,0,192,85.62,85.62,0.0,1984.600084,0.0
2019-03-01,7,0,194,59.19,59.19,0.0,1052.107147,0.0
2019-03-01,7,0,196,0.0,0.0,0.0,0.0,0.0
2019-03-01,7,0,198,0.0,0.0,0.0,0.0,0.0
2019-03-01,7,0,199,4.04,4.04,0.0,59.575868,0.0
2019-03-01,7,0,200,0.0,0.0,0.0,0.0,0.0
2019-03-01,7,0,204,677.73,677.73,0.0,8174.390917,0.0
2019-03-01,7,0,205,595.08,595.08,0.0,7145.188405,0.0
2019-03-01,7,0,206,105.9,105.9,0.0,1426.793833,0.0
2019-03-01,7,0,210,0.0,0.0,0.0,0.0,0.0
2019-03-01,7,0,214,0.0,0.0,0.0,0.0,0.0
2019-03-01,7,0,217,0.0,0.0,0.0,0.0,0.0
2019-03-01,7,0,218,0.0,0.0,0.0,0.0,0.0
2019-03-01,7,0,219,0.0,0.0,0.0,0.0,0.0
2019-03-01,7,0,221,0.0,0.0,0.0,0.0,0.0
2019-03-01,7,0,225,0.0,0.0,0.0,0.0,0.0
2019-03-01,7,0,233,0.0,0.0,0.0,0.0,0.0
2019-03-01,7,0,236,16.68,16.68,0.0,188.75242,0.0
2019-03-01,7,0,237,27.05,27.05,0.0,311.894163,0.0
2019-03-01,7,0,238,0.0,0.0,0.0,0.0,0.0
2019-03-01,7,0,240,0.0,0.0,0.0,0.0,0.0
2019-03-01,7,0,245,15.23,15.23,0.0,169.122985,0.0
2019-03-01,7,0,247,12.24,12.24,0.0,135.920246,0.0
2019-03-01,7,0,248,2.72,2.72,0.0,31.362371,0.0
2019-03-01,7,0,249,29.28,29.28,0.0,325.142549,0.0
2019-03-01,7,0,251,27.34,27.34,0.0,305.735097,0.0
2019-03-01,7,0,252,13.4,13.4,0.0,149.576281,0.0
2019-03-01,7,0,254,0.0,0.0,0.0,0.0,0.0
2019-03-01,7,0,255,0.0,0.0,0.0,0.0,0.0
2019-03-01,7,0,258,0.0,0.0,0.0,0.0,0.0
2019-03-01,7,0,260,0.0,0.0,0.0,0.0,0.0
2019-03-01,7,0,265,0.0,0.0,0.0,0.0,0.0
2019-03-01,7,0,266,71.67,71.67,0.0,903.75935,0.0
2019-03-01,7,0,267,88.09,88.09,0.0,1110.815699,0.0
2019-03-01,7,0,270,127.08,127.08,0.0,781.653703,0.0
2019-03-01,7,0,272,20.0,20.0,0.0,314.761247,0.0
2019-03-01,7,0,273,0.0,0.0,0.0,0.0,0.0
2019-03-01,7,0,274,163.82,163.82,0.0,1007.636998,0.0
2019-03-01,7,0,275,228.05,228.05,0.0,1402.707956,0.0
2019-03-01,7,0,276,0.0,0.0,0.0,0.0,0.0
2019-03-01,7,0,277,0.0,0.0,0.0,0.0,0.0
2019-03-01,7,0,278,0.0,0.0,0.0,0.0,0.0
2019-03-01,7,0,279,12.55,12.55,0.0,193.885323,0.0
2019-03-01,7,0,281,17.09,17.09,0.0,229.961887,0.0
2019-03-01,7,0,282,0.0,0.0,0.0,0.0,0.0
2019-03-01,8,0,9,0.0,0.0,0.0,0.0,0.0
2019-03-01,8,0,17,0.17,0.17,0.0,1.863681,0.0
2019-03-01,8,0,19,170.19,170.19,0.0,1865.764174,0.0
2019-03-01,8,0,20,211.82,211.82,0.0,2322.14682,0.0
2019-03-01,8,0,21,0.0,0.0,0.0,0.0,0.0
2019-03-01,8,0,22,0.0,0.0,0.0,0.0,0.0
2019-03-01,8,0,23,31.64,31.64,0.0,412.847526,0.0
2019-03-01,8,0,24,55.99,55.99,0.0,730.573103,0.0
2019-03-01,8,0,29,0.33,0.33,0.0,2.785895,0.0
2019-03-01,8,0,30,0.0,0.0,0.0,0.0,0.0
2019-03-01,8,0,31,13.52,13.52,0.0,176.614891,0.0
2019-03-01,8,0,32,0.0,0.0,0.0,0.0,0.0
2019-03-01,8,0,33,0.0,0.0,0.0,0.0,0.0
2019-03-01,8,0,34,0.01,0.01,0.0,0.106859,0.0
2019-03-01,8,0,35,0.01,0.01,0.0,0.106859,0.0
2019-03-01,8,0,36,0.0,0.0,0.0,0.0,0.0
2019-03-01,8,0,37,0.0,0.0,0.0,0.0,0.0
2019-03-01,8,0,38,0.0,0.0,0.0,0.0,0.0
2019-03-01,8,0,39,0.0,0.0,0.0,0.0,0.0
2019-03-01,8,0,40,0.0,0.0,0.0,0.0,0.0
2019-03-01,8,0,41,34.44,34.44,0.0,423.287572,0.0
2019-03-01,8,0,42,0.0,0.0,0.0,0.0,0.0
2019-03-01,8,0,43,0.0,0.0,0.0,0.0,0.0
2019-03-01,8,0,46,0.0,0.0,0.0,0.0,0.0
2019-03-01,8,0,52,14.33,14.33,0.0,187.196109,0.0
2019-03-01,8,0,53,22.76,22.76,0.0,297.319151,0.0
2019-03-01,8,0,55,86.21,86.21,0.0,1124.892074,0.0
2019-03-01,8,0,56,0.0,0.0,0.0,0.0,0.0
2019-03-01,8,0,57,0.0,0.0,0.0,0.0,0.0
2019-03-01,8,0,58,0.0,0.0,0.0,0.0,0.0
2019-03-01,8,0,59,0.0,0.0,0.0,0.0,0.0
2019-03-01,8,0,63,23.36,23.36,0.0,466.619797,0.0
2019-03-01,8,0,64,27.46,27.46,0.0,548.517963,0.0
2019-03-01,8,0,65,3.34,3.34,0.0,36.653093,0.0
2019-03-01,8,0,67,0.0,0.0,0.0,0.0,0.0
2019-03-01,8,0,68,0.32,0.32,0.0,4.284776,0.0
2019-03-01,8,0,69,0.0,0.0,0.0,0.0,0.0
2019-03-01,8,0,74,15.75,15.75,0.0,178.076316,0.0
2019-03-01,8,0,77,12.37,12.37,0.0,179.245922,0.0
2019-03-01,8,0,78,9.34,9.34,0.0,135.34009,0.0
2019-03-01,8,0,79,5.39,5.39,0.0,78.103114,0.0
2019-03-01,8,0,80,8.74,8.74,0.0,126.645865,0.0
2019-03-01,8,0,81,11.44,11.44,0.0,165.769874,0.0
2019-03-01,8,0,82,8.06,8.06,0.0,116.792411,0.0
2019-03-01,8,0,83,18.03,18.03,0.0,261.261436,0.0
2019-03-01,8,0,84,0.0,0.0,0.0,0.0,0.0
2019-03-01,8,0,86,0.02,0.02,0.0,0.213719,0.0
2019-03-01,8,0,87,0.1,0.1,0.0,1.068595,0.0
2019-03-01,8,0,88,12.27,12.27,0.0,177.796884,0.0
2019-03-01,8,0,89,11.84,11.84,0.0,171.566024,0.0
2019-03-01,8,0,90,15.45,15.45,0.0,223.876273,0.0
2019-03-01,8,0,91,48.45,48.45,0.0,702.058602,0.0
2019-03-01,8,0,92,19.39,19.39,0.0,280.968345,0.0
2019-03-01,8,0,95,4.54,4.54,0.0,88.28384,0.0
2019-03-01,8,0,96,9.58,9.58,0.0,125.295471,0.0
2019-03-01,8,0,97,58.9,58.9,0.0,770.344807,0.0
2019-03-01,8,0,99,3.04,3.04,0.0,34.371556,0.0
2019-03-01,8,0,101,0.0,0.0,0.0,0.0,0.0
2019-03-01,8,0,102,0.76,0.76,0.0,10.176344,0.0
2019-03-01,8,0,103,0.67,0.67,0.0,8.971251,0.0
2019-03-01,8,0,104,0.12,0.12,0.0,1.606791,0.0
2019-03-01,8,0,106,0.0,0.0,0.0,0.0,0.0
2019-03-01,8,0,109,139.48,139.48,0.0,1637.283449,0.0
2019-03-01,8,0,110,41.99,41.99,0.0,316.946541,0.0
2019-03-01,8,0,111,0.0,0.0,0.0,0.0,0.0
2019-03-01,8,0,113,6.05,6.05,0.0,91.361289,0.0
2019-03-01,8,0,115,6.05,6.05,0.0,91.361289,0.0
2019-03-01,8,0,116,0.0,0.0,0.0,0.0,0.0
2019-03-01,8,0,117,0.31,0.31,0.0,4.681322,0.0
2019-03-01,8,0,119,27.46,27.46,0.0,548.517963,0.0
2019-03-01,8,0,120,16.2,16.2,0.0,323.597633,0.0
2019-03-01,8,0,123,0.0,0.0,0.0,0.0,0.0
2019-03-01,8,0,125,50.67,50.67,0.0,661.156262,0.0
2019-03-01,8,0,126,0.0,0.0,0.0,0.0,0.0
2019-03-01,8,0,127,0.0,0.0,0.0,0.0,0.0
2019-03-01,8,0,128,72.57,72.57,0.0,946.913558,0.0
2019-03-01,8,0,131,1.21,1.21,0.0,16.666519,0.0
2019-03-01,8,0,132,1.78,1.78,0.0,24.51769,0.0
2019-03-01,8,0,133,9.42,9.42,0.0,103.259971,0.0
2019-03-01,8,0,134,0.0,0.0,0.0,0.0,0.0
2019-03-01,8,0,135,12.62,12.62,0.0,138.337668,0.0
2019-03-01,8,0,136,3.74,3.74,0.0,41.044974,0.0
2019-03-01,8,0,139,44.48,44.48,0.0,546.684994,0.0
2019-03-01,8,0,140,31.08,31.08,0.0,234.596297,0.0
2019-03-01,8,0,141,0.0,0.0,0.0,0.0,0.0
2019-03-01,8,0,142,0.0,0.0,0.0,0.0,0.0
2019-03-01,8,0,143,24.74,24.74,0.0,323.184349,0.0
2019-03-01,8,0,145,10.98,10.98,0.0,138.039469,0.0
2019-03-01,8,0,146,126.13,126.13,0.0,952.047327,0.0
2019-03-01,8,0,152,0.0,0.0,0.0,0.0,0.0
2019-03-01,8,0,153,0.0,0.0,0.0,0.0,0.0
2019-03-01,8,0,154,0.0,0.0,0.0,0.0,0.0
2019-03-01,8,0,157,40.4,40.4,0.0,482.856134,0.0
2019-03-01,8,0,158,0.0,0.0,0.0,0.0,0.0
2019-03-01,8,0,159,0.0,0.0,0.0,0.0,0.0
2019-03-01,8,0,160,0.0,0.0,0.0,0.0,0.0
2019-03-01,8,0,161,0.0,0.0,0.0,0.0,0.0
2019-03-01,8,0,162,7.5,7.5,0.0,145.873604,0.0
2019-03-01,8,0,163,27.93,27.93,0.0,210.819645,0.0
2019-03-01,8,0,164,0.0,0.0,0.0,0.0,0.0
2019-03-01,8,0,167,0.0,0.0,0.0,0.0,0.0
2019-03-01,8,0,168,0.0,0.0,0.0,0.0,0.0
2019-03-01,8,0,169,0.0,0.0,0.0,0.0,0.0
2019-03-01,8,0,170,0.0,0.0,0.0,0.0,0.0
2019-03-01,8,0,172,0.0,0.0,0.0,0.0,0.0
2019-03-01,8,0,173,0.0,0.0,0.0,0.0,0.0
2019-03-01,8,0,188,0.0,0.0,0.0,0.0,0.0
2019-03-01,8,0,190,0.0,0.0,0.0,0.0,0.0
2019-03-01,8,0,191,0.0,0.0,0.0,0.0,0.0
2019-03-01,8,0,192,57.33,57.33,0.0,1145.176069,0.0
2019-03-01,8,0,194,54.01,54.01,0.0,904.193009,0.0
2019-03-01,8,0,196,0.0,0.0,0.0,0.0,0.0
2019-03-01,8,0,198,0.0,0.0,0.0,0.0,0.0
2019-03-01,8,0,199,3.79,3.79,0.0,54.007711,0.0
2019-03-01,8,0,200,0.0,0.0,0.0,0.0,0.0
2019-03-01,8,0,204,682.03,682.03,0.0,8039.686597,0.0
2019-03-01,8,0,205,737.87,737.87,0.0,8661.473607,0.0
2019-03-01,8,0,206,173.06,173.06,0.0,2263.427374,0.0
2019-03-01,8,0,210,0.1,0.1,0.0,0.855159,0.0
2019-03-01,8,0,214,0.28,0.28,0.0,2.946378,0.0
2019-03-01,8,0,217,0.24,0.24,0.0,2.300742,0.0
2019-03-01,8,0,218,0.32,0.32,0.0,3.067656,0.0
2019-03-01,8,0,219,0.22,0.22,0.0,2.109014,0.0
2019-03-01,8,0,221,0.15,0.15,0.0,1.578417,0.0
2019-03-01,8,0,225,0.26,0.26,0.0,2.192198,0.0
2019-03-01,8,0,233,0.01,0.01,0.0,0.106859,0.0
2019-03-01,8,0,236,18.64,18.64,0.0,207.137099,0.0
2019-03-01,8,0,237,37.79,37.79,0.0,427.270094,0.0
2019-03-01,8,0,238,0.0,0.0,0.0,0.0,0.0
2019-03-01,8,0,240,0.0,0.0,0.0,0.0,0.0
2019-03-01,8,0,245,19.63,19.63,0.0,214.395562,0.0
2019-03-01,8,0,247,21.05,21.05,0.0,229.904563,0.0
2019-03-01,8,0,248,3.79,3.79,0.0,42.85138,0.0
2019-03-01,8,0,249,37.75,37.75,0.0,412.299157,0.0
2019-03-01,8,0,251,41.75,41.75,0.0,458.927903,0.0
2019-03-01,8,0,252,21.55,21.55,0.0,236.489269,0.0
2019-03-01,8,0,254,0.0,0.0,0.0,0.0,0.0
2019-03-01,8,0,255,0.0,0.0,0.0,0.0,0.0
2019-03-01,8,0,258,0.0,0.0,0.0,0.0,0.0
2019-03-01,8,0,260,0.0,0.0,0.0,0.0,0.0
2019-03-01,8,0,265,0.0,0.0,0.0,0.0,0.0
2019-03-01,8,0,266,28.8,28.8,0.0,353.968701,0.0
2019-03-01,8,0,267,35.39,35.39,0.0,434.963622,0.0
2019-03-01,8,0,270,87.22,87.22,0.0,658.349067,0.0
2019-03-01,8,0,272,20.94,20.94,0.0,316.215766,0.0
2019-03-01,8,0,273,0.0,0.0,0.0,0.0,0.0
2019-03-01,8,0,274,112.44,112.44,0.0,848.713244,0.0
2019-03-01,8,0,275,156.52,156.52,0.0,1181.435405,0.0
2019-03-01,8,0,276,0.0,0.0,0.0,0.0,0.0
2019-03-01,8,0,277,0.0,0.0,0.0,0.0,0.0
2019-03-01,8,0,278,0.0,0.0,0.0,0.0,0.0
2019-03-01,8,0,279,5.99,5.99,0.0,88.98872,0.0
2019-03-01,8,0,281,6.07,6.07,0.0,79.293816,0.0
2019-03-01,8,0,282,0.0,0.0,0.0,0.0,0.0
2019-03-01,9,0,9,0.65,0.65,0.0,5.074542,0.0
2019-03-01,9,0,17,12.46,12.46,0.0,120.018463,0.0
2019-03-01,9,0,19,152.31,152.31,0.0,1467.095674,0.0
2019-03-01,9,0,20,189.12,189.12,0.0,1821.660651,0.0
2019-03-01,9,0,21,14.86,14.86,0.0,116.011838,0.0
2019-03-01,9,0,22,52.82,52.82,0.0,412.365093,0.0
2019-03-01,9,0,23,30.99,30.99,0.0,241.938551,0.0
2019-03-01,9,0,24,54.83,54.83,0.0,428.057139,0.0
2019-03-01,9,0,29,2.5,2.5,0.0,22.485778,0.0
2019-03-01,9,0,30,114.55,114.55,0.0,893.067786,0.0
2019-03-01,9,0,31,15.53,15.53,0.0,121.076759,0.0
2019-03-01,9,0,32,1.21,1.21,0.0,21.923159,0.0
2019-03-01,9,0,33,0.68,0.68,0.0,6.800426,0.0
2019-03-01,9,0,34,1.09,1.09,0.0,10.900683,0.0
2019-03-01,9,0,35,1.09,1.09,0.0,10.900683,0.0
2019-03-01,9,0,36,2.78,2.78,0.0,25.068272,0.0
2019-03-01,9,0,37,1.23,1.23,0.0,11.073219,0.0
2019-03-01,9,0,38,1.58,1.58,0.0,14.224135,0.0
2019-03-01,9,0,39,1.05,1.05,0.0,9.452748,0.0
2019-03-01,9,0,40,1.05,1.05,0.0,9.452748,0.0
2019-03-01,9,0,41,33.61,33.61,0.0,281.449597,0.0
2019-03-01,9,0,42,15.32,15.32,0.0,146.343691,0.0
2019-03-01,9,0,43,8.85,8.85,0.0,80.154403,0.0
2019-03-01,9,0,46,7.84,7.84,0.0,69.630115,0.0
2019-03-01,9,0,52,16.48,16.48,0.0,128.483257,0.0
2019-03-01,9,0,53,26.33,26.33,0.0,205.276952,0.0
2019-03-01,9,0,55,85.72,85.72,0.0,669.214991,0.0
2019-03-01,9,0,56,33.79,33.79,0.0,263.437455,0.0
2019-03-01,9,0,57,32.14,32.14,0.0,250.573537,0.0
2019-03-01,9,0,58,61.81,61.81,0.0,481.890178,0.0
2019-03-01,9,0,59,60.78,60.78,0.0,473.859974,0.0
2019-03-01,9,0,63,10.36,10.36,0.0,193.788412,0.0
2019-03-01,9,0,64,12.19,12.19,0.0,228.019377,0.0
2019-03-01,9,0,65,5.91,5.91,0.0,56.839243,0.0
2019-03-01,9,0,67,66.42,66.42,0.0,466.712113,0.0
2019-03-01,9,0,68,0.0,0.0,0.0,0.0,0.0
2019-03-01,9,0,69,0.68,0.68,0.0,6.800426,0.0
2019-03-01,9,0,74,21.26,21.26,0.0,195.691485,0.0
2019-03-01,9,0,77,8.93,8.93,0.0,60.575111,0.0
2019-03-01,9,0,78,6.75,6.75,0.0,45.787458,0.0
2019-03-01,9,0,79,3.9,3.9,0.0,26.454976,0.0
2019-03-01,9,0,80,6.31,6.31,0.0,42.802794,0.0
2019-03-01,9,0,81,8.26,8.26,0.0,56.030282,0.0
2019-03-01,9,0,82,5.82,5.82,0.0,39.478964,0.0
2019-03-01,9,0,83,12.99,12.99,0.0,88.115419,0.0
2019-03-01,9,0,84,0.0,0.0,0.0,0.0,0.0
2019-03-01,9,0,86,3.44,3.44,0.0,34.402155,0.0
2019-03-01,9,0,87,17.58,17.58,0.0,175.811013,0.0
2019-03-01,9,0,88,23.98,23.98,0.0,162.664183,0.0
2019-03-01,9,0,89,22.9,22.9,0.0,155.33819,0.0
2019-03-01,9,0,90,32.15,32.15,0.0,218.083965,0.0
2019-03-01,9,0,91,120.8,120.8,0.0,819.42591,0.0
2019-03-01,9,0,92,42.5,42.5,0.0,288.291401,0.0
2019-03-01,9,0,95,2.53,2.53,0.0,45.786154,0.0
2019-03-01,9,0,96,14.88,14.88,0.0,115.843169,0.0
2019-03-01,9,0,97,91.47,91.47,0.0,712.108511,0.0
2019-03-01,9,0,99,4.1,4.1,0.0,37.739186,0.0
2019-03-01,9,0,101,2.31,2.31,0.0,18.009486,0.0
2019-03-01,9,0,102,0.0,0.0,0.0,0.0,0.0
2019-03-01,9,0,103,0.0,0.0,0.0,0.0,0.0
2019-03-01,9,0,104,0.0,0.0,0.0,0.0,0.0
2019-03-01,9,0,106,51.99,51.99,0.0,405.885294,0.0
2019-03-01,9,0,109,186.24,186.24,0.0,1624.265384,0.0
2019-03-01,9,0,110,47.76,47.76,0.0,360.499329,0.0
2019-03-01,9,0,111,3.75,3.75,0.0,31.402439,0.0
2019-03-01,9,0,113,2.16,2.16,0.0,14.089751,0.0
2019-03-01,9,0,115,2.16,2.16,0.0,14.089751,0.0
2019-03-01,9,0,116,29.45,29.45,0.0,222.292823,0.0
2019-03-01,9,0,117,0.15,0.15,0.0,0.978455,0.0
2019-03-01,9,0,119,12.19,12.19,0.0,228.019377,0.0
2019-03-01,9,0,120,7.17,7.17,0.0,134.118042,0.0
2019-03-01,9,0,123,0.87,0.87,0.0,6.792079,0.0
2019-03-01,9,0,125,49.62,49.62,0.0,387.382733,0.0
2019-03-01,9,0,126,38.99,38.99,0.0,304.394453,0.0
2019-03-01,9,0,127,50.04,50.04,0.0,390.661667,0.0
2019-03-01,9,0,128,71.06,71.06,0.0,554.76455,0.0
2019-03-01,9,0,131,0.93,0.93,0.0,6.334155,0.0
2019-03-01,9,0,132,1.36,1.36,0.0,9.26285,0.0
2019-03-01,9,0,133,10.25,10.25,0.0,98.745402,0.0
2019-03-01,9,0,134,0.0,0.0,0.0,0.0,0.0
2019-03-01,9,0,135,13.74,13.74,0.0,132.367007,0.0
2019-03-01,9,0,136,6.62,6.62,0.0,63.662256,0.0
2019-03-01,9,0,139,43.4,43.4,0.0,363.430899,0.0
2019-03-01,9,0,140,35.35,35.35,0.0,266.826869,0.0
2019-03-01,9,0,141,0.0,0.0,0.0,0.0,0.0
2019-03-01,9,0,142,87.6,87.6,0.0,615.537204,0.0
2019-03-01,9,0,143,38.83,38.83,0.0,302.730879,0.0
2019-03-01,9,0,145,18.57,18.57,0.0,151.157607,0.0
2019-03-01,9,0,146,116.93,116.93,0.0,882.604408,0.0
2019-03-01,9,0,152,1.72,1.72,0.0,15.83871,0.0
2019-03-01,9,0,153,2.2,2.2,0.0,20.216581,0.0
2019-03-01,9,0,154,15.48,15.48,0.0,129.62927,0.0
2019-03-01,9,0,157,54.54,54.54,0.0,383.235149,0.0
2019-03-01,9,0,158,53.83,53.83,0.0,378.246206,0.0
2019-03-01,9,0,159,0.0,0.0,0.0,0.0,0.0
2019-03-01,9,0,160,0.67,0.67,0.0,6.195692,0.0
2019-03-01,9,0,161,13.07,13.07,0.0,89.613104,0.0
2019-03-01,9,0,162,5.34,5.34,0.0,96.692061,0.0
2019-03-01,9,0,163,18.33,18.33,0.0,138.357469,0.0
2019-03-01,9,0,164,3.87,3.87,0.0,30.171736,0.0
2019-03-01,9,0,167,1.34,1.34,0.0,24.232682,0.0
2019-03-01,9,0,168,0.67,0.67,0.0,12.116341,0.0
2019-03-01,9,0,169,0.0,0.0,0.0,0.0,0.0
2019-03-01,9,0,170,1.46,1.46,0.0,26.402773,0.0
2019-03-01,9,0,172,1.77,1.77,0.0,30.84411,0.0
2019-03-01,9,0,173,2.7,2.7,0.0,47.050338,0.0
2019-03-01,9,0,188,2.44,2.44,0.0,43.296036,0.0
2019-03-01,9,0,190,2.54,2.54,0.0,47.511831,0.0
2019-03-01,9,0,191,6.56,6.56,0.0,122.70772,0.0
2019-03-01,9,0,192,36.5,36.5,0.0,682.748749,0.0
2019-03-01,9,0,194,39.13,39.13,0.0,240.783479,0.0
2019-03-01,9,0,196,1.63,1.63,0.0,30.808453,0.0
2019-03-01,9,0,198,2.84,2.84,0.0,26.976819,0.0
2019-03-01,9,0,199,3.91,3.91,0.0,35.277252,0.0
2019-03-01,9,0,200,4.88,4.88,0.0,44.028898,0.0
2019-03-01,9,0,204,450.6,450.6,0.0,3908.628886,0.0
2019-03-01,9,0,205,1048.92,1048.92,0.0,9148.004975,0.0
2019-03-01,9,0,206,268.79,268.79,0.0,2092.572937,0.0
2019-03-01,9,0,210,0.83,0.83,0.0,7.555398,0.0
2019-03-01,9,0,214,3.86,3.86,0.0,39.444358,0.0
2019-03-01,9,0,217,2.38,2.38,0.0,23.166754,0.0
2019-03-01,9,0,218,3.28,3.28,0.0,31.927292,0.0
2019-03-01,9,0,219,2.23,2.23,0.0,21.706665,0.0
2019-03-01,9,0,221,2.06,2.06,0.0,21.050616,0.0
2019-03-01,9,0,225,2.1,2.1,0.0,18.866034,0.0
2019-03-01,9,0,233,1.95,1.95,0.0,19.501222,0.0
2019-03-01,9,0,236,20.74,20.74,0.0,195.550316,0.0
2019-03-01,9,0,237,50.99,50.99,0.0,469.346604,0.0
2019-03-01,9,0,238,19.94,19.94,0.0,190.476057,0.0
2019-03-01,9,0,240,3.15,3.15,0.0,28.404697,0.0
2019-03-01,9,0,245,25.31,25.31,0.0,245.173903,0.0
2019-03-01,9,0,247,34.73,34.73,0.0,336.42393,0.0
2019-03-01,9,0,248,5.12,5.12,0.0,47.127959,0.0
2019-03-01,9,0,249,48.68,48.68,0.0,471.555338,0.0
2019-03-01,9,0,251,67.24,67.24,0.0,645.041298,0.0
2019-03-01,9,0,252,38.14,38.14,0.0,366.810273,0.0
2019-03-01,9,0,254,3.4,3.4,0.0,30.956147,0.0
2019-03-01,9,0,255,1.56,1.56,0.0,14.203409,0.0
2019-03-01,9,0,258,3.98,3.98,0.0,35.914583,0.0
2019-03-01,9,0,260,1.62,1.62,0.0,14.980628,0.0
2019-03-01,9,0,265,16.03,16.03,0.0,134.234961,0.0
2019-03-01,9,0,266,28.1,28.1,0.0,235.308946,0.0
2019-03-01,9,0,267,34.54,34.54,0.0,289.237402,0.0
2019-03-01,9,0,270,57.25,57.25,0.0,432.13121,0.0
2019-03-01,9,0,272,7.22,7.22,0.0,47.096298,0.0
2019-03-01,9,0,273,7.04,7.04,0.0,53.13893,0.0
2019-03-01,9,0,274,73.8,73.8,0.0,557.052983,0.0
2019-03-01,9,0,275,102.74,102.74,0.0,775.496253,0.0
2019-03-01,9,0,276,1.55,1.55,0.0,11.519153,0.0
2019-03-01,9,0,277,1.9,1.9,0.0,12.592039,0.0
2019-03-01,9,0,278,3.03,3.03,0.0,20.080989,0.0
2019-03-01,9,0,279,0.0,0.0,0.0,0.0,0.0
2019-03-01,9,0,281,6.92,6.92,0.0,53.950494,0.0
2019-03-01,9,0,282,62.84,62.84,0.0,489.920381,0.0
2019-03-01,10,0,9,1.73,1.73,0.0,11.691496,0.0
2019-03-01,10,0,17,25.75,25.75,0.0,247.210027,0.0
2019-03-01,10,0,19,128.55,128.55,0.0,1234.130059,0.0
2019-03-01,10,0,20,159.28,159.28,0.0,1529.150026,0.0
2019-03-01,10,0,21,39.56,39.56,0.0,267.350049,0.0
2019-03-01,10,0,22,140.61,140.61,0.0,950.255066,0.0
2019-03-01,10,0,23,32.25,32.25,0.0,217.94841,0.0
2019-03-01,10,0,24,57.07,57.07,0.0,385.684209,0.0
2019-03-01,10,0,29,5.38,5.38,0.0,45.452237,0.0
2019-03-01,10,0,30,320.26,320.26,0.0,2159.058447,0.0
2019-03-01,10,0,31,28.67,28.67,0.0,193.281102,0.0
2019-03-01,10,0,32,2.73,2.73,0.0,48.320633,0.0
2019-03-01,10,0,33,1.69,1.69,0.0,17.203677,0.0
2019-03-01,10,0,34,2.7,2.7,0.0,27.485164,0.0
2019-03-01,10,0,35,2.7,2.7,0.0,27.485164,0.0
2019-03-01,10,0,36,6.23,6.23,0.0,53.747535,0.0
2019-03-01,10,0,37,2.75,2.75,0.0,23.658384,0.0
2019-03-01,10,0,38,3.53,3.53,0.0,30.368762,0.0
2019-03-01,10,0,39,2.35,2.35,0.0,20.217164,0.0
2019-03-01,10,0,40,2.35,2.35,0.0,20.217164,0.0
2019-03-01,10,0,41,32.9,32.9,0.0,251.243974,0.0
2019-03-01,10,0,42,35.31,35.31,0.0,334.555797,0.0
2019-03-01,10,0,43,19.53,19.53,0.0,169.577435,0.0
2019-03-01,10,0,46,17.53,17.53,0.0,147.505396,0.0
2019-03-01,10,0,52,30.41,30.41,0.0,205.011451,0.0
2019-03-01,10,0,53,48.49,48.49,0.0,326.89922,0.0
2019-03-01,10,0,55,85.59,85.59,0.0,578.424942,0.0
2019-03-01,10,0,56,94.46,94.46,0.0,636.809657,0.0
2019-03-01,10,0,57,89.86,89.86,0.0,605.798389,0.0
2019-03-01,10,0,58,172.8,172.8,0.0,1164.945043,0.0
2019-03-01,10,0,59,169.92,169.92,0.0,1145.529293,0.0
2019-03-01,10,0,63,10.14,10.14,0.0,186.702225,0.0
2019-03-01,10,0,64,11.93,11.93,0.0,219.660507,0.0
2019-03-01,10,0,65,10.3,10.3,0.0,98.643748,0.0
2019-03-01,10,0,67,181.57,181.57,0.0,993.892369,0.0
2019-03-01,10,0,68,0.0,0.0,0.0,0.0,0.0
2019-03-01,10,0,69,1.69,1.69,0.0,17.203677,0.0
2019-03-01,10,0,74,45.39,45.39,0.0,405.274405,0.0
2019-03-01,10,0,77,22.17,22.17,0.0,114.729642,0.0
2019-03-01,10,0,78,16.76,16.76,0.0,86.732918,0.0
2019-03-01,10,0,79,9.7,9.7,0.0,50.197453,0.0
2019-03-01,10,0,80,15.69,15.69,0.0,81.195674,0.0
2019-03-01,10,0,81,20.51,20.51,0.0,106.13915,0.0
2019-03-01,10,0,82,14.47,14.47,0.0,74.88218,0.0
2019-03-01,10,0,83,32.26,32.26,0.0,166.945343,0.0
2019-03-01,10,0,84,0.0,0.0,0.0,0.0,0.0
2019-03-01,10,0,86,8.55,8.55,0.0,87.036354,0.0
2019-03-01,10,0,87,43.67,43.67,0.0,444.547083,0.0
2019-03-01,10,0,88,29.44,29.44,0.0,152.351857,0.0
2019-03-01,10,0,89,28.17,28.17,0.0,145.779613,0.0
2019-03-01,10,0,90,39.12,39.12,0.0,202.44581,0.0
2019-03-01,10,0,91,144.91,144.91,0.0,749.908545,0.0
2019-03-01,10,0,92,51.34,51.34,0.0,265.68425,0.0
2019-03-01,10,0,95,3.54,3.54,0.0,62.550728,0.0
2019-03-01,10,0,96,21.91,21.91,0.0,147.32997,0.0
2019-03-01,10,0,97,134.75,134.75,0.0,906.102851,0.0
2019-03-01,10,0,99,9.33,9.33,0.0,83.304917,0.0
2019-03-01,10,0,101,6.45,6.45,0.0,43.483192,0.0
2019-03-01,10,0,102,0.0,0.0,0.0,0.0,0.0
2019-03-01,10,0,103,0.0,0.0,0.0,0.0,0.0
2019-03-01,10,0,104,0.0,0.0,0.0,0.0,0.0
2019-03-01,10,0,106,138.41,138.41,0.0,935.387267,0.0
2019-03-01,10,0,109,171.07,171.07,0.0,1397.863855,0.0
2019-03-01,10,0,110,59.07,59.07,0.0,363.332423,0.0
2019-03-01,10,0,111,9.31,9.31,0.0,71.096699,0.0
2019-03-01,10,0,113,0.0,0.0,0.0,0.0,0.0
2019-03-01,10,0,115,0.0,0.0,0.0,0.0,0.0
2019-03-01,10,0,116,71.26,71.26,0.0,438.311638,0.0
2019-03-01,10,0,117,0.0,0.0,0.0,0.0,0.0
2019-03-01,10,0,119,11.93,11.93,0.0,219.660507,0.0
2019-03-01,10,0,120,7.02,7.02,0.0,129.255386,0.0
2019-03-01,10,0,123,2.31,2.31,0.0,15.611188,0.0
2019-03-01,10,0,125,51.64,51.64,0.0,348.987779,0.0
2019-03-01,10,0,126,103.81,103.81,0.0,701.557346,0.0
2019-03-01,10,0,127,133.22,133.22,0.0,900.312779,0.0
2019-03-01,10,0,128,73.96,73.96,0.0,499.828353,0.0
2019-03-01,10,0,131,4.39,4.39,0.0,22.800623,0.0
2019-03-01,10,0,132,7.09,7.09,0.0,36.823785,0.0
2019-03-01,10,0,133,11.16,11.16,0.0,107.164872,0.0
2019-03-01,10,0,134,0.0,0.0,0.0,0.0,0.0
2019-03-01,10,0,135,14.95,14.95,0.0,143.558678,0.0
2019-03-01,10,0,136,11.15,11.15,0.0,106.769973,0.0
2019-03-01,10,0,139,42.49,42.49,0.0,324.47892,0.0
2019-03-01,10,0,140,43.72,43.72,0.0,268.91643,0.0
2019-03-01,10,0,141,9.22,9.22,0.0,50.469172,0.0
2019-03-01,10,0,142,239.44,239.44,0.0,1310.665797,0.0
2019-03-01,10,0,143,57.56,57.56,0.0,388.045351,0.0
2019-03-01,10,0,145,56.19,56.19,0.0,408.648282,0.0
2019-03-01,10,0,146,113.61,113.61,0.0,698.801363,0.0
2019-03-01,10,0,152,4.25,4.25,0.0,37.966852,0.0
2019-03-01,10,0,153,5.36,5.36,0.0,47.720873,0.0
2019-03-01,10,0,154,38.39,38.39,0.0,293.16888,0.0
2019-03-01,10,0,157,75.42,75.42,0.0,412.84002,0.0
2019-03-01,10,0,158,151.08,151.08,0.0,826.993772,0.0
2019-03-01,10,0,159,0.0,0.0,0.0,0.0,0.0
2019-03-01,10,0,160,1.45,1.45,0.0,13.002564,0.0
2019-03-01,10,0,161,35.04,35.04,0.0,184.058315,0.0
2019-03-01,10,0,162,7.93,7.93,0.0,140.218302,0.0
2019-03-01,10,0,163,6.39,6.39,0.0,39.304117,0.0
2019-03-01,10,0,164,11.49,11.49,0.0,77.460755,0.0
2019-03-01,10,0,167,2.84,2.84,0.0,50.137432,0.0
2019-03-01,10,0,168,1.42,1.42,0.0,25.068716,0.0
2019-03-01,10,0,169,0.0,0.0,0.0,0.0,0.0
2019-03-01,10,0,170,3.11,3.11,0.0,54.904019,0.0
2019-03-01,10,0,172,3.83,3.83,0.0,64.174125,0.0
2019-03-01,10,0,173,5.83,5.83,0.0,97.685417,0.0
2019-03-01,10,0,188,5.86,5.86,0.0,101.065625,0.0
2019-03-01,10,0,190,5.71,5.71,0.0,105.135079,0.0
2019-03-01,10,0,191,14.74,14.74,0.0,271.399486,0.0
2019-03-01,10,0,192,21.43,21.43,0.0,394.578764,0.0
2019-03-01,10,0,194,16.94,16.94,0.0,71.977217,0.0
2019-03-01,10,0,196,3.87,3.87,0.0,72.061493,0.0
2019-03-01,10,0,198,5.67,5.67,0.0,52.900415,0.0
2019-03-01,10,0,199,4.36,4.36,0.0,37.344296,0.0
2019-03-01,10,0,200,10.9,10.9,0.0,93.360739,0.0
2019-03-01,10,0,204,257.1,257.1,0.0,2081.947143,0.0
2019-03-01,10,0,205,1010.31,1010.31,0.0,8255.543528,0.0
2019-03-01,10,0,206,395.95,395.95,0.0,2662.496653,0.0
2019-03-01,10,0,210,1.63,1.63,0.0,14.055065,0.0
2019-03-01,10,0,214,9.03,9.03,0.0,95.020696,0.0
2019-03-01,10,0,217,6.26,6.26,0.0,60.70205,0.0
2019-03-01,10,0,218,8.64,8.64,0.0,83.780466,0.0
2019-03-01,10,0,219,5.88,5.88,0.0,57.017261,0.0
2019-03-01,10,0,221,4.81,4.81,0.0,50.614568,0.0
2019-03-01,10,0,225,4.82,4.82,0.0,40.639984,0.0
2019-03-01,10,0,233,4.84,4.84,0.0,49.269702,0.0
2019-03-01,10,0,236,22.94,22.94,0.0,212.882315,0.0
2019-03-01,10,0,237,106.07,106.07,0.0,947.068874,0.0
2019-03-01,10,0,238,45.96,45.96,0.0,435.462601,0.0
2019-03-01,10,0,240,7.06,7.06,0.0,60.908122,0.0
2019-03-01,10,0,245,32.6,32.6,0.0,315.769074,0.0
2019-03-01,10,0,247,54.68,54.68,0.0,529.639662,0.0
2019-03-01,10,0,248,11.58,11.58,0.0,103.394528,0.0
2019-03-01,10,0,249,62.69,62.69,0.0,607.225867,0.0
2019-03-01,10,0,251,106.2,106.2,0.0,1013.016799,0.0
2019-03-01,10,0,252,66.43,66.43,0.0,636.204287,0.0
2019-03-01,10,0,254,7.64,7.64,0.0,66.882682,0.0
2019-03-01,10,0,255,3.5,3.5,0.0,30.639972,0.0
2019-03-01,10,0,258,8.92,8.92,0.0,77.034993,0.0
2019-03-01,10,0,260,3.52,3.52,0.0,31.564846,0.0
2019-03-01,10,0,265,39.75,39.75,0.0,303.55465,0.0
2019-03-01,10,0,266,27.51,27.51,0.0,210.082727,0.0
2019-03-01,10,0,267,33.81,33.81,0.0,258.193275,0.0
2019-03-01,10,0,270,19.93,19.93,0.0,122.587018,0.0
2019-03-01,10,0,272,0.0,0.0,0.0,0.0,0.0
2019-03-01,10,0,273,17.04,17.04,0.0,104.810978,0.0
2019-03-01,10,0,274,25.7,25.7,0.0,158.07759,0.0
2019-03-01,10,0,275,35.77,35.77,0.0,220.016942,0.0
2019-03-01,10,0,276,3.8,3.8,0.0,22.798934,0.0
2019-03-01,10,0,277,4.74,4.74,0.0,23.410827,0.0
2019-03-01,10,0,278,7.58,7.58,0.0,37.437567,0.0
2019-03-01,10,0,279,0.0,0.0,0.0,0.0,0.0
2019-03-01,10,0,281,12.78,12.78,0.0,86.157394,0.0
2019-03-01,10,0,282,175.68,175.68,0.0,1184.360794,0.0
2019-03-01,11,0,9,2.77,2.77,0.0,-1084.208275,0.0
2019-03-01,11,0,17,38.59,38.59,0.0,222.167927,0.0
2019-03-01,11,0,19,52.82,52.82,0.0,304.091991,0.0
2019-03-01,11,0,20,64.06,64.06,0.0,368.802214,0.0
2019-03-01,11,0,21,63.4,63.4,0.0,-24815.452938,0.0
2019-03-01,11,0,22,225.33,225.33,0.0,-88196.624773,0.0
2019-03-01,11,0,23,28.96,28.96,0.0,-11335.260522,0.0
2019-03-01,11,0,24,51.22,51.22,0.0,-20048.067816,0.0
2019-03-01,11,0,29,8.26,8.26,0.0,38.628632,0.0
2019-03-01,11,0,30,523.22,523.22,0.0,-523220.0,0.0
2019-03-01,11,0,31,60.14,60.14,0.0,-60140.0,0.0
2019-03-01,11,0,32,4.17,4.17,0.0,136.004476,0.0
2019-03-01,11,0,33,2.54,2.54,0.0,23.843458,0.0
2019-03-01,11,0,34,4.07,4.07,0.0,38.205856,0.0
2019-03-01,11,0,35,4.07,4.07,0.0,38.205856,0.0
2019-03-01,11,0,36,9.63,9.63,0.0,5.40915,0.0
2019-03-01,11,0,37,4.27,4.27,0.0,2.500327,0.0
2019-03-01,11,0,38,5.5,5.5,0.0,3.220562,0.0
2019-03-01,11,0,39,3.66,3.66,0.0,2.143138,0.0
2019-03-01,11,0,40,3.66,3.66,0.0,2.143138,0.0
2019-03-01,11,0,41,27.95,27.95,0.0,-358.088663,0.0
2019-03-01,11,0,42,57.26,57.26,0.0,284.597631,0.0
2019-03-01,11,0,43,30.07,30.07,0.0,40.148399,0.0
2019-03-01,11,0,46,26.55,26.55,0.0,-3.437,0.0
2019-03-01,11,0,52,63.94,63.94,0.0,-63940.0,0.0
2019-03-01,11,0,53,104.13,104.13,0.0,-104130.0,0.0
2019-03-01,11,0,55,322.91,322.91,0.0,-126390.503286,0.0
2019-03-01,11,0,56,154.33,154.33,0.0,-154330.0,0.0
2019-03-01,11,0,57,146.8,146.8,0.0,-146800.0,0.0
2019-03-01,11,0,58,282.31,282.31,0.0,-282310.0,0.0
2019-03-01,11,0,59,277.61,277.61,0.0,-277610.0,0.0
2019-03-01,11,0,63,6.27,6.27,0.0,203.058741,0.0
2019-03-01,11,0,64,7.38,7.38,0.0,239.006939,0.0
2019-03-01,11,0,65,14.62,14.62,0.0,82.03234,0.0
2019-03-01,11,0,67,294.8,294.8,0.0,5842.049102,0.0
2019-03-01,11,0,68,0.0,0.0,0.0,0.0,0.0
2019-03-01,11,0,69,2.54,2.54,0.0,23.843458,0.0
2019-03-01,11,0,74,37.32,37.32,0.0,44.224821,0.0
2019-03-01,11,0,77,27.44,27.44,0.0,764.773184,0.0
2019-03-01,11,0,78,20.75,20.75,0.0,578.317914,0.0
2019-03-01,11,0,79,12.01,12.01,0.0,334.727622,0.0
2019-03-01,11,0,80,19.42,19.42,0.0,541.249826,0.0
2019-03-01,11,0,81,25.38,25.38,0.0,707.359454,0.0
2019-03-01,11,0,82,17.91,17.91,0.0,499.165004,0.0
2019-03-01,11,0,83,39.93,39.93,0.0,1112.878762,0.0
2019-03-01,11,0,84,0.0,0.0,0.0,0.0,0.0
2019-03-01,11,0,86,12.88,12.88,0.0,120.906984,0.0
2019-03-01,11,0,87,65.78,65.78,0.0,617.489239,0.0
2019-03-01,11,0,88,18.11,18.11,0.0,504.739153,0.0
2019-03-01,11,0,89,17.41,17.41,0.0,485.229633,0.0
2019-03-01,11,0,90,23.38,23.38,0.0,651.617968,0.0
2019-03-01,11,0,91,83.39,83.39,0.0,2324.141246,0.0
2019-03-01,11,0,92,29.99,29.99,0.0,835.843578,0.0
2019-03-01,11,0,95,3.84,3.84,0.0,86.130189,0.0
2019-03-01,11,0,96,29.02,29.02,0.0,1110.051324,0.0
2019-03-01,11,0,97,213.28,213.28,0.0,8158.226963,0.0
2019-03-01,11,0,99,8.01,8.01,0.0,9.491983,0.0
2019-03-01,11,0,101,10.54,10.54,0.0,-10540.0,0.0
2019-03-01,11,0,102,0.0,0.0,0.0,0.0,0.0
2019-03-01,11,0,103,0.0,0.0,0.0,0.0,0.0
2019-03-01,11,0,104,0.0,0.0,0.0,0.0,0.0
2019-03-01,11,0,106,221.82,221.82,0.0,-86822.77241,0.0
2019-03-01,11,0,109,83.48,83.48,0.0,-133.671807,0.0
2019-03-01,11,0,110,54.09,54.09,0.0,408.279077,0.0
2019-03-01,11,0,111,14.76,14.76,0.0,-189.101562,0.0
2019-03-01,11,0,113,1.69,1.69,0.0,44.529115,0.0
2019-03-01,11,0,115,1.69,1.69,0.0,44.529115,0.0
2019-03-01,11,0,116,113.08,113.08,0.0,853.544056,0.0
2019-03-01,11,0,117,0.11,0.11,0.0,2.898345,0.0
2019-03-01,11,0,119,7.38,7.38,0.0,239.006939,0.0
2019-03-01,11,0,120,4.34,4.34,0.0,140.554216,0.0
2019-03-01,11,0,123,3.7,3.7,0.0,-1448.22044,0.0
2019-03-01,11,0,125,46.35,46.35,0.0,-18141.896588,0.0
2019-03-01,11,0,126,166.36,166.36,0.0,-65115.122253,0.0
2019-03-01,11,0,127,213.5,213.5,0.0,-83566.233476,0.0
2019-03-01,11,0,128,66.37,66.37,0.0,-25977.943399,0.0
2019-03-01,11,0,131,5.45,5.45,0.0,135.668857,0.0
2019-03-01,11,0,132,8.01,8.01,0.0,199.395879,0.0
2019-03-01,11,0,133,10.99,10.99,0.0,63.422287,0.0
2019-03-01,11,0,134,0.0,0.0,0.0,0.0,0.0
2019-03-01,11,0,135,14.72,14.72,0.0,84.947776,0.0
2019-03-01,11,0,136,13.27,13.27,0.0,74.35105,0.0
2019-03-01,11,0,139,36.09,36.09,0.0,-462.37638,0.0
2019-03-01,11,0,140,40.04,40.04,0.0,302.227662,0.0
2019-03-01,11,0,141,26.3,26.3,0.0,521.186877,0.0
2019-03-01,11,0,142,388.77,388.77,0.0,7704.251795,0.0
2019-03-01,11,0,143,102.65,102.65,0.0,-102650.0,0.0
2019-03-01,11,0,145,100.0,100.0,0.0,-556.996448,0.0
2019-03-01,11,0,146,58.23,58.23,0.0,439.52839,0.0
2019-03-01,11,0,152,6.66,6.66,0.0,11.991465,0.0
2019-03-01,11,0,153,8.2,8.2,0.0,13.330497,0.0
2019-03-01,11,0,154,60.87,60.87,0.0,-779.851767,0.0
2019-03-01,11,0,157,86.78,86.78,0.0,1719.718525,0.0
2019-03-01,11,0,158,251.69,251.69,0.0,4987.738597,0.0
2019-03-01,11,0,159,0.0,0.0,0.0,0.0,0.0
2019-03-01,11,0,160,2.26,2.26,0.0,7.954183,0.0
2019-03-01,11,0,161,56.35,56.35,0.0,1342.447695,0.0
2019-03-01,11,0,162,11.86,11.86,0.0,266.280132,0.0
2019-03-01,11,0,163,3.7,3.7,0.0,27.928131,0.0
2019-03-01,11,0,164,18.72,18.72,0.0,-18720.0,0.0
2019-03-01,11,0,167,4.36,4.36,0.0,95.932344,0.0
2019-03-01,11,0,168,2.18,2.18,0.0,47.966172,0.0
2019-03-01,11,0,169,0.0,0.0,0.0,0.0,0.0
2019-03-01,11,0,170,4.77,4.77,0.0,104.953505,0.0
2019-03-01,11,0,172,5.94,5.94,0.0,164.078421,0.0
2019-03-01,11,0,173,9.05,9.05,0.0,249.9848,0.0
2019-03-01,11,0,188,8.96,8.96,0.0,265.925923,0.0
2019-03-01,11,0,190,8.86,8.86,0.0,286.93787,0.0
2019-03-01,11,0,191,22.89,22.89,0.0,741.31014,0.0
2019-03-01,11,0,192,22.59,22.59,0.0,731.59441,0.0
2019-03-01,11,0,194,11.62,11.62,0.0,324.321114,0.0
2019-03-01,11,0,196,6.09,6.09,0.0,223.127392,0.0
2019-03-01,11,0,198,8.71,8.71,0.0,59.253629,0.0
2019-03-01,11,0,199,11.21,11.21,0.0,217.335302,0.0
2019-03-01,11,0,200,16.33,16.33,0.0,316.599954,0.0
2019-03-01,11,0,204,257.1,257.1,0.0,-477.412271,0.0
2019-03-01,11,0,205,545.8,545.8,0.0,-873.958702,0.0
2019-03-01,11,0,206,815.22,815.22,0.0,31183.185411,0.0
2019-03-01,11,0,210,2.44,2.44,0.0,13.665382,0.0
2019-03-01,11,0,214,13.74,13.74,0.0,158.33907,0.0
2019-03-01,11,0,217,9.35,9.35,0.0,83.920001,0.0
2019-03-01,11,0,218,12.91,12.91,0.0,115.87243,0.0
2019-03-01,11,0,219,8.79,8.79,0.0,78.893777,0.0
2019-03-01,11,0,221,7.33,7.33,0.0,84.470552,0.0
2019-03-01,11,0,225,7.24,7.24,0.0,33.212476,0.0
2019-03-01,11,0,233,7.29,7.29,0.0,68.432602,0.0
2019-03-01,11,0,236,19.09,19.09,0.0,72.641817,0.0
2019-03-01,11,0,237,83.2,83.2,0.0,98.593384,0.0
2019-03-01,11,0,238,74.52,74.52,0.0,370.384483,0.0
2019-03-01,11,0,240,10.92,10.92,0.0,6.13374,0.0
2019-03-01,11,0,245,32.92,32.92,0.0,207.219802,0.0
2019-03-01,11,0,247,60.92,60.92,0.0,383.469938,0.0
2019-03-01,11,0,248,9.91,9.91,0.0,11.743515,0.0
2019-03-01,11,0,249,63.32,63.32,0.0,398.577093,0.0
2019-03-01,11,0,251,163.69,163.69,0.0,879.17573,0.0
2019-03-01,11,0,252,94.32,94.32,0.0,529.226421,0.0
2019-03-01,11,0,254,11.92,11.92,0.0,22.448987,0.0
2019-03-01,11,0,255,5.46,5.46,0.0,10.282841,0.0
2019-03-01,11,0,258,13.77,13.77,0.0,9.454744,0.0
2019-03-01,11,0,260,5.48,5.48,0.0,19.287134,0.0
2019-03-01,11,0,265,63.02,63.02,0.0,-807.397049,0.0
2019-03-01,11,0,266,23.37,23.37,0.0,-299.410807,0.0
2019-03-01,11,0,267,28.72,28.72,0.0,-367.953717,0.0
2019-03-01,11,0,270,12.52,12.52,0.0,94.502755,0.0
2019-03-01,11,0,272,5.63,5.63,0.0,148.342556,0.0
2019-03-01,11,0,273,27.04,27.04,0.0,204.101798,0.0
2019-03-01,11,0,274,16.34,16.34,0.0,123.336663,0.0
2019-03-01,11,0,275,23.06,23.06,0.0,174.060187,0.0
2019-03-01,11,0,276,6.09,6.09,0.0,62.650986,0.0
2019-03-01,11,0,277,7.44,7.44,0.0,200.573807,0.0
2019-03-01,11,0,278,11.9,11.9,0.0,320.810256,0.0
2019-03-01,11,0,279,0.0,0.0,0.0,0.0,0.0
2019-03-01,11,0,281,26.22,26.22,0.0,-26220.0,0.0
2019-03-01,11,0,282,287.02,287.02,0.0,-287020.0,0.0
2019-03-01,12,0,9,3.64,3.64,0.0,-1425.781693,0.0
2019-03-01,12,0,17,48.91,48.91,0.0,376.19362,0.0
2019-03-01,12,0,19,40.73,40.73,0.0,313.276757,0.0
2019-03-01,12,0,20,49.4,49.4,0.0,379.962479,0.0
2019-03-01,12,0,21,83.2,83.2,0.0,-32589.29584,0.0
2019-03-01,12,0,22,295.69,295.69,0.0,-115821.260659,0.0
2019-03-01,12,0,23,40.56,40.56,0.0,-15887.281722,0.0
2019-03-01,12,0,24,67.91,67.91,0.0,-26600.229333,0.0
2019-03-01,12,0,29,10.28,10.28,0.0,35.035361,0.0
2019-03-01,12,0,30,683.18,683.18,0.0,-683180.0,0.0
2019-03-01,12,0,31,111.3,111.3,0.0,-111300.0,0.0
2019-03-01,12,0,32,5.18,5.18,0.0,143.398541,0.0
2019-03-01,12,0,33,3.33,3.33,0.0,39.529475,0.0
2019-03-01,12,0,34,5.33,5.33,0.0,63.270901,0.0
2019-03-01,12,0,35,5.33,5.33,0.0,63.270901,0.0
2019-03-01,12,0,36,12.74,12.74,0.0,19.27749,0.0
2019-03-01,12,0,37,5.67,5.67,0.0,8.5295,0.0
2019-03-01,12,0,38,7.29,7.29,0.0,10.966499,0.0
2019-03-01,12,0,39,4.86,4.86,0.0,7.311,0.0
2019-03-01,12,0,40,4.86,4.86,0.0,7.311,0.0
2019-03-01,12,0,41,25.76,25.76,0.0,-324.138435,0.0
2019-03-01,12,0,42,77.18,77.18,0.0,523.716599,0.0
2019-03-01,12,0,43,39.39,39.39,0.0,89.53393,0.0
2019-03-01,12,0,46,34.28,34.28,0.0,21.629991,0.0
2019-03-01,12,0,52,117.98,117.98,0.0,-117980.0,0.0
2019-03-01,12,0,53,187.43,187.43,0.0,-187430.0,0.0
2019-03-01,12,0,55,623.0,623.0,0.0,-244028.02053,0.0
2019-03-01,12,0,56,201.51,201.51,0.0,-201510.0,0.0
2019-03-01,12,0,57,191.68,191.68,0.0,-191680.0,0.0
2019-03-01,12,0,58,368.62,368.62,0.0,-368620.0,0.0
2019-03-01,12,0,59,362.48,362.48,0.0,-362480.0,0.0
2019-03-01,12,0,63,3.56,3.56,0.0,101.294991,0.0
2019-03-01,12,0,64,4.18,4.18,0.0,118.936254,0.0
2019-03-01,12,0,65,20.51,20.51,0.0,154.302207,0.0
2019-03-01,12,0,67,389.32,389.32,0.0,5342.868739,0.0
2019-03-01,12,0,68,1.24,1.24,0.0,20.083612,0.0
2019-03-01,12,0,69,3.33,3.33,0.0,39.529475,0.0
2019-03-01,12,0,74,42.45,42.45,0.0,105.776476,0.0
2019-03-01,12,0,77,39.2,39.2,0.0,1024.689147,0.0
2019-03-01,12,0,78,29.64,29.64,0.0,774.790467,0.0
2019-03-01,12,0,79,17.15,17.15,0.0,448.301502,0.0
2019-03-01,12,0,80,27.73,27.73,0.0,724.863011,0.0
2019-03-01,12,0,81,36.26,36.26,0.0,947.837461,0.0
2019-03-01,12,0,82,25.58,25.58,0.0,668.661948,0.0
2019-03-01,12,0,83,57.04,57.04,0.0,1491.027268,0.0
2019-03-01,12,0,84,0.0,0.0,0.0,0.0,0.0
2019-03-01,12,0,86,16.88,16.88,0.0,200.377637,0.0
2019-03-01,12,0,87,86.2,86.2,0.0,1023.255469,0.0
2019-03-01,12,0,88,26.08,26.08,0.0,681.731963,0.0
2019-03-01,12,0,89,25.07,25.07,0.0,655.330533,0.0
2019-03-01,12,0,90,33.66,33.66,0.0,879.873385,0.0
2019-03-01,12,0,91,120.08,120.08,0.0,3138.894712,0.0
2019-03-01,12,0,92,43.19,43.19,0.0,1128.987863,0.0
2019-03-01,12,0,95,4.88,4.88,0.0,109.457115,0.0
2019-03-01,12,0,96,29.88,29.88,0.0,1127.23747,0.0
2019-03-01,12,0,97,183.76,183.76,0.0,6932.434988,0.0
2019-03-01,12,0,99,8.19,8.19,0.0,20.407758,0.0
2019-03-01,12,0,101,13.76,13.76,0.0,-13760.0,0.0
2019-03-01,12,0,102,2.93,2.93,0.0,47.455631,0.0
2019-03-01,12,0,103,2.55,2.55,0.0,41.300976,0.0
2019-03-01,12,0,104,0.47,0.47,0.0,7.612337,0.0
2019-03-01,12,0,106,291.08,291.08,0.0,-114015.531646,0.0
2019-03-01,12,0,109,60.0,60.0,0.0,-59.154256,0.0
2019-03-01,12,0,110,50.08,50.08,0.0,308.03602,0.0
2019-03-01,12,0,111,20.38,20.38,0.0,-256.441821,0.0
2019-03-01,12,0,113,2.75,2.75,0.0,66.094303,0.0
2019-03-01,12,0,115,2.75,2.75,0.0,66.094303,0.0
2019-03-01,12,0,116,148.15,148.15,0.0,911.252724,0.0
2019-03-01,12,0,117,0.18,0.18,0.0,4.326173,0.0
2019-03-01,12,0,119,4.18,4.18,0.0,118.936254,0.0
2019-03-01,12,0,120,2.46,2.46,0.0,69.995977,0.0
2019-03-01,12,0,123,4.85,4.85,0.0,-1899.736596,0.0
2019-03-01,12,0,125,62.14,62.14,0.0,-24340.13033,0.0
2019-03-01,12,0,126,218.31,218.31,0.0,-85511.648735,0.0
2019-03-01,12,0,127,280.16,280.16,0.0,-109738.186568,0.0
2019-03-01,12,0,128,85.19,85.19,0.0,-33368.775392,0.0
2019-03-01,12,0,131,10.59,10.59,0.0,253.600884,0.0
2019-03-01,12,0,132,15.57,15.57,0.0,372.857958,0.0
2019-03-01,12,0,133,12.61,12.61,0.0,97.190349,0.0
2019-03-01,12,0,134,0.0,0.0,0.0,0.0,0.0
2019-03-01,12,0,135,16.89,16.89,0.0,130.178033,0.0
2019-03-01,12,0,136,15.71,15.71,0.0,118.045391,0.0
2019-03-01,12,0,139,33.27,33.27,0.0,-418.636868,0.0
2019-03-01,12,0,140,37.06,37.06,0.0,227.951576,0.0
2019-03-01,12,0,141,61.48,61.48,0.0,843.726421,0.0
2019-03-01,12,0,142,513.41,513.41,0.0,7045.829238,0.0
2019-03-01,12,0,143,168.76,168.76,0.0,-168760.0,0.0
2019-03-01,12,0,145,56.25,56.25,0.0,-317.745092,0.0
2019-03-01,12,0,146,31.07,31.07,0.0,191.107811,0.0
2019-03-01,12,0,152,8.82,8.82,0.0,27.316667,0.0
2019-03-01,12,0,153,10.92,10.92,0.0,31.594418,0.0
2019-03-01,12,0,154,84.08,84.08,0.0,-1057.979798,0.0
2019-03-01,12,0,157,102.0,102.0,0.0,1399.806358,0.0
2019-03-01,12,0,158,341.36,341.36,0.0,4684.685278,0.0
2019-03-01,12,0,159,0.0,0.0,0.0,0.0,0.0
2019-03-01,12,0,160,2.94,2.94,0.0,13.457409,0.0
2019-03-01,12,0,161,73.45,73.45,0.0,1189.630078,0.0
2019-03-01,12,0,162,10.13,10.13,0.0,227.448527,0.0
2019-03-01,12,0,163,0.0,0.0,0.0,0.0,0.0
2019-03-01,12,0,164,25.39,25.39,0.0,-25390.0,0.0
2019-03-01,12,0,167,5.53,5.53,0.0,122.690248,0.0
2019-03-01,12,0,168,2.77,2.77,0.0,61.456055,0.0
2019-03-01,12,0,169,0.0,0.0,0.0,0.0,0.0
2019-03-01,12,0,170,6.05,6.05,0.0,134.227124,0.0
2019-03-01,12,0,172,7.39,7.39,0.0,179.87641,0.0
2019-03-01,12,0,173,11.26,11.26,0.0,274.074205,0.0
2019-03-01,12,0,188,11.07,11.07,0.0,287.264811,0.0
2019-03-01,12,0,190,11.32,11.32,0.0,322.09531,0.0
2019-03-01,12,0,191,29.23,29.23,0.0,831.700168,0.0
2019-03-01,12,0,192,23.93,23.93,0.0,680.895827,0.0
2019-03-01,12,0,194,11.18,11.18,0.0,278.025117,0.0
2019-03-01,12,0,196,8.07,8.07,0.0,258.905761,0.0
2019-03-01,12,0,198,11.1,11.1,0.0,87.392856,0.0
2019-03-01,12,0,199,40.83,40.83,0.0,619.905207,0.0
2019-03-01,12,0,200,20.49,20.49,0.0,311.091298,0.0
2019-03-01,12,0,204,257.1,257.1,0.0,-335.703429,0.0
2019-03-01,12,0,205,317.4,317.4,0.0,-312.926012,0.0
2019-03-01,12,0,206,539.95,539.95,0.0,20369.875227,0.0
2019-03-01,12,0,210,3.06,3.06,0.0,13.601817,0.0
2019-03-01,12,0,214,17.92,17.92,0.0,256.847568,0.0
2019-03-01,12,0,217,11.9,11.9,0.0,120.395663,0.0
2019-03-01,12,0,218,16.43,16.43,0.0,166.226953,0.0
2019-03-01,12,0,219,11.19,11.19,0.0,113.212392,0.0
2019-03-01,12,0,221,9.56,9.56,0.0,137.023591,0.0
2019-03-01,12,0,225,9.09,9.09,0.0,30.069444,0.0
2019-03-01,12,0,233,9.55,9.55,0.0,113.36531,0.0
2019-03-01,12,0,236,20.86,20.86,0.0,113.364015,0.0
2019-03-01,12,0,237,101.84,101.84,0.0,253.76387,0.0
2019-03-01,12,0,238,100.46,100.46,0.0,681.686571,0.0
2019-03-01,12,0,240,14.44,14.44,0.0,21.849839,0.0
2019-03-01,12,0,245,40.15,40.15,0.0,333.661244,0.0
2019-03-01,12,0,247,80.31,80.31,0.0,667.405593,0.0
2019-03-01,12,0,248,10.22,10.22,0.0,25.466091,0.0
2019-03-01,12,0,249,77.21,77.21,0.0,641.643454,0.0
2019-03-01,12,0,251,240.33,240.33,0.0,1741.666072,0.0
2019-03-01,12,0,252,132.33,132.33,0.0,995.553926,0.0
2019-03-01,12,0,254,15.98,15.98,0.0,45.563003,0.0
2019-03-01,12,0,255,7.32,7.32,0.0,20.871163,0.0
2019-03-01,12,0,258,18.04,18.04,0.0,29.511116,0.0
2019-03-01,12,0,260,7.14,7.14,0.0,32.682279,0.0
2019-03-01,12,0,265,87.05,87.05,0.0,-1095.351349,0.0
2019-03-01,12,0,266,21.54,21.54,0.0,-271.038117,0.0
2019-03-01,12,0,267,26.47,26.47,0.0,-333.072375,0.0
2019-03-01,12,0,270,0.0,0.0,0.0,0.0,0.0
2019-03-01,12,0,272,9.2,9.2,0.0,221.115487,0.0
2019-03-01,12,0,273,35.43,35.43,0.0,217.925643,0.0
2019-03-01,12,0,274,0.0,0.0,0.0,0.0,0.0
2019-03-01,12,0,275,0.0,0.0,0.0,0.0,0.0
2019-03-01,12,0,276,7.98,7.98,0.0,62.576813,0.0
2019-03-01,12,0,277,9.62,9.62,0.0,239.331325,0.0
2019-03-01,12,0,278,15.39,15.39,0.0,382.880363,0.0
2019-03-01,12,0,279,0.0,0.0,0.0,0.0,0.0
2019-03-01,12,0,281,49.95,49.95,0.0,-49950.0,0.0
2019-03-01,12,0,282,374.77,374.77,0.0,-374770.0,0.0
2019-03-01,13,0,9,4.06,4.06,0.0,-1596.594782,0.0
2019-03-01,13,0,17,52.27,52.27,0.0,336.460426,0.0
2019-03-01,13,0,19,33.68,33.68,0.0,216.797153,0.0
2019-03-01,13,0,20,40.85,40.85,0.0,262.950228,0.0
2019-03-01,13,0,21,92.88,92.88,0.0,-36525.055007,0.0
2019-03-01,13,0,22,330.1,330.1,0.0,-129811.807256,0.0
2019-03-01,13,0,23,90.35,90.35,0.0,-35530.132643,0.0
2019-03-01,13,0,24,157.79,157.79,0.0,-62050.909018,0.0
2019-03-01,13,0,29,11.38,11.38,0.0,53.044071,0.0
2019-03-01,13,0,30,793.0,793.0,0.0,-793000.0,0.0
2019-03-01,13,0,31,125.0,125.0,0.0,-125000.0,0.0
2019-03-01,13,0,32,6.66,6.66,0.0,155.350657,0.0
2019-03-01,13,0,33,3.31,3.31,0.0,35.541073,0.0
2019-03-01,13,0,34,5.29,5.29,0.0,56.801292,0.0
2019-03-01,13,0,35,5.29,5.29,0.0,56.801292,0.0
2019-03-01,13,0,36,15.0,15.0,0.0,2.918386,0.0
2019-03-01,13,0,37,7.25,7.25,0.0,1.472977,0.0
2019-03-01,13,0,38,9.32,9.32,0.0,1.893537,0.0
2019-03-01,13,0,39,6.21,6.21,0.0,1.261681,0.0
2019-03-01,13,0,40,6.21,6.21,0.0,1.261681,0.0
2019-03-01,13,0,41,26.15,26.15,0.0,-381.643441,0.0
2019-03-01,13,0,42,86.27,86.27,0.0,474.896453,0.0
2019-03-01,13,0,43,46.42,46.42,0.0,52.070112,0.0
2019-03-01,13,0,46,39.29,39.29,0.0,-29.852519,0.0
2019-03-01,13,0,52,132.5,132.5,0.0,-132500.0,0.0
2019-03-01,13,0,53,210.5,210.5,0.0,-210500.0,0.0
2019-03-01,13,0,55,623.0,623.0,0.0,-244994.716511,0.0
2019-03-01,13,0,56,233.91,233.91,0.0,-233910.0,0.0
2019-03-01,13,0,57,222.5,222.5,0.0,-222500.0,0.0
2019-03-01,13,0,58,427.88,427.88,0.0,-427880.0,0.0
2019-03-01,13,0,59,420.75,420.75,0.0,-420750.0,0.0
2019-03-01,13,0,63,1.78,1.78,0.0,45.12766,0.0
2019-03-01,13,0,64,2.09,2.09,0.0,52.986972,0.0
2019-03-01,13,0,65,28.26,28.26,0.0,177.015062,0.0
2019-03-01,13,0,67,417.94,417.94,0.0,5262.193063,0.0
2019-03-01,13,0,68,3.85,3.85,0.0,61.426717,0.0
2019-03-01,13,0,69,3.31,3.31,0.0,35.541073,0.0
2019-03-01,13,0,74,46.27,46.27,0.0,49.808678,0.0
2019-03-01,13,0,77,59.53,59.53,0.0,1340.519365,0.0
2019-03-01,13,0,78,45.01,45.01,0.0,1013.552438,0.0
2019-03-01,13,0,79,26.05,26.05,0.0,586.603888,0.0
2019-03-01,13,0,80,42.12,42.12,0.0,948.47431,0.0
2019-03-01,13,0,81,55.07,55.07,0.0,1240.087375,0.0
2019-03-01,13,0,82,38.85,38.85,0.0,874.839196,0.0
2019-03-01,13,0,83,86.62,86.62,0.0,1950.542372,0.0
2019-03-01,13,0,84,0.0,0.0,0.0,0.0,0.0
2019-03-01,13,0,86,16.75,16.75,0.0,179.852863,0.0
2019-03-01,13,0,87,85.53,85.53,0.0,918.377035,0.0
2019-03-01,13,0,88,39.78,39.78,0.0,895.781292,0.0
2019-03-01,13,0,89,38.24,38.24,0.0,861.102982,0.0
2019-03-01,13,0,90,51.34,51.34,0.0,1156.093805,0.0
2019-03-01,13,0,91,183.14,183.14,0.0,4124.016739,0.0
2019-03-01,13,0,92,65.87,65.87,0.0,1483.285916,0.0
2019-03-01,13,0,95,5.0,5.0,0.0,112.148683,0.0
2019-03-01,13,0,96,29.88,29.88,0.0,1047.294891,0.0
2019-03-01,13,0,97,183.75,183.75,0.0,6440.442981,0.0
2019-03-01,13,0,99,8.93,8.93,0.0,9.612957,0.0
2019-03-01,13,0,101,15.97,15.97,0.0,-15970.0,0.0
2019-03-01,13,0,102,9.12,9.12,0.0,145.509522,0.0
2019-03-01,13,0,103,7.93,7.93,0.0,126.523082,0.0
2019-03-01,13,0,104,1.47,1.47,0.0,23.453837,0.0
2019-03-01,13,0,106,324.96,324.96,0.0,-127790.502532,0.0
2019-03-01,13,0,109,60.0,60.0,0.0,-157.798049,0.0
2019-03-01,13,0,110,45.81,45.81,0.0,104.837047,0.0
2019-03-01,13,0,111,24.35,24.35,0.0,-355.373529,0.0
2019-03-01,13,0,113,7.96,7.96,0.0,162.232927,0.0
2019-03-01,13,0,115,7.96,7.96,0.0,162.232927,0.0
2019-03-01,13,0,116,138.9,138.9,0.0,317.875263,0.0
2019-03-01,13,0,117,0.53,0.53,0.0,10.801941,0.0
2019-03-01,13,0,119,2.09,2.09,0.0,52.986972,0.0
2019-03-01,13,0,120,1.23,1.23,0.0,31.18372,0.0
2019-03-01,13,0,123,5.42,5.42,0.0,-2131.414709,0.0
2019-03-01,13,0,125,143.27,143.27,0.0,-56340.919799,0.0
2019-03-01,13,0,126,243.72,243.72,0.0,-95842.876899,0.0
2019-03-01,13,0,127,312.77,312.77,0.0,-122996.785687,0.0
2019-03-01,13,0,128,202.25,202.25,0.0,-79534.801628,0.0
2019-03-01,13,0,131,19.98,19.98,0.0,394.737665,0.0
2019-03-01,13,0,132,29.36,29.36,0.0,580.054948,0.0
2019-03-01,13,0,133,16.18,16.18,0.0,104.414153,0.0
2019-03-01,13,0,134,0.0,0.0,0.0,0.0,0.0
2019-03-01,13,0,135,21.68,21.68,0.0,139.907221,0.0
2019-03-01,13,0,136,18.39,18.39,0.0,115.016505,0.0
2019-03-01,13,0,139,33.77,33.77,0.0,-492.852734,0.0
2019-03-01,13,0,140,33.9,33.9,0.0,77.580788,0.0
2019-03-01,13,0,141,121.07,121.07,0.0,1524.36645,0.0
2019-03-01,13,0,142,551.16,551.16,0.0,6939.537562,0.0
2019-03-01,13,0,143,238.5,238.5,0.0,-238500.0,0.0
2019-03-01,13,0,145,100.0,100.0,0.0,-786.060122,0.0
2019-03-01,13,0,146,23.74,23.74,0.0,54.329437,0.0
2019-03-01,13,0,152,11.27,11.27,0.0,19.329506,0.0
2019-03-01,13,0,153,14.12,14.12,0.0,21.260973,0.0
2019-03-01,13,0,154,100.44,100.44,0.0,-1465.861078,0.0
2019-03-01,13,0,157,121.69,121.69,0.0,1532.172737,0.0
2019-03-01,13,0,158,431.17,431.17,0.0,5428.769161,0.0
2019-03-01,13,0,159,0.0,0.0,0.0,0.0,0.0
2019-03-01,13,0,160,3.59,3.59,0.0,13.77937,0.0
2019-03-01,13,0,161,73.02,73.02,0.0,1165.033474,0.0
2019-03-01,13,0,162,8.83,8.83,0.0,198.301798,0.0
2019-03-01,13,0,163,0.0,0.0,0.0,0.0,0.0
2019-03-01,13,0,164,29.37,29.37,0.0,-29370.0,0.0
2019-03-01,13,0,167,7.29,7.29,0.0,162.836913,0.0
2019-03-01,13,0,168,3.65,3.65,0.0,81.530142,0.0
2019-03-01,13,0,169,0.0,0.0,0.0,0.0,0.0
2019-03-01,13,0,170,7.98,7.98,0.0,178.24946,0.0
2019-03-01,13,0,172,9.68,9.68,0.0,206.805664,0.0
2019-03-01,13,0,173,14.74,14.74,0.0,314.908625,0.0
2019-03-01,13,0,188,13.74,13.74,0.0,310.372964,0.0
2019-03-01,13,0,190,12.29,12.29,0.0,311.583676,0.0
2019-03-01,13,0,191,31.74,31.74,0.0,804.692097,0.0
2019-03-01,13,0,192,25.92,25.92,0.0,657.13986,0.0
2019-03-01,13,0,194,15.25,15.25,0.0,324.568415,0.0
2019-03-01,13,0,196,8.39,8.39,0.0,245.032206,0.0
2019-03-01,13,0,198,14.27,14.27,0.0,114.02329,0.0
2019-03-01,13,0,199,45.88,45.88,0.0,506.148429,0.0
2019-03-01,13,0,200,26.49,26.49,0.0,292.237835,0.0
2019-03-01,13,0,204,257.1,257.1,0.0,-765.893972,0.0
2019-03-01,13,0,205,317.4,317.4,0.0,-834.751677,0.0
2019-03-01,13,0,206,539.94,539.94,0.0,18924.913106,0.0
2019-03-01,13,0,210,3.43,3.43,0.0,19.013643,0.0
2019-03-01,13,0,214,19.73,19.73,0.0,261.835406,0.0
2019-03-01,13,0,217,13.27,13.27,0.0,133.717519,0.0
2019-03-01,13,0,218,18.31,18.31,0.0,184.503976,0.0
2019-03-01,13,0,219,12.47,12.47,0.0,125.656176,0.0
2019-03-01,13,0,221,10.52,10.52,0.0,139.610161,0.0
2019-03-01,13,0,225,10.12,10.12,0.0,46.30884,0.0
2019-03-01,13,0,233,9.48,9.48,0.0,101.791352,0.0
2019-03-01,13,0,236,58.03,58.03,0.0,238.845908,0.0
2019-03-01,13,0,237,111.0,111.0,0.0,119.489157,0.0
2019-03-01,13,0,238,112.29,112.29,0.0,618.130552,0.0
2019-03-01,13,0,240,17.0,17.0,0.0,3.307504,0.0
2019-03-01,13,0,245,55.94,55.94,0.0,395.706003,0.0
2019-03-01,13,0,247,116.74,116.74,0.0,825.790468,0.0
2019-03-01,13,0,248,11.14,11.14,0.0,11.991975,0.0
2019-03-01,13,0,249,107.58,107.58,0.0,760.994848,0.0
2019-03-01,13,0,251,326.4,326.4,0.0,1951.705672,0.0
2019-03-01,13,0,252,182.27,182.27,0.0,1141.703305,0.0
2019-03-01,13,0,254,24.33,24.33,0.0,43.876604,0.0
2019-03-01,13,0,255,11.15,11.15,0.0,20.107856,0.0
2019-03-01,13,0,258,20.85,20.85,0.0,7.178711,0.0
2019-03-01,13,0,260,8.72,8.72,0.0,33.469666,0.0
2019-03-01,13,0,265,103.99,103.99,0.0,-1517.671182,0.0
2019-03-01,13,0,266,21.87,21.87,0.0,-319.179428,0.0
2019-03-01,13,0,267,26.87,26.87,0.0,-392.151405,0.0
2019-03-01,13,0,270,0.0,0.0,0.0,0.0,0.0
2019-03-01,13,0,272,26.59,26.59,0.0,541.931348,0.0
2019-03-01,13,0,273,33.21,33.21,0.0,76.00171,0.0
2019-03-01,13,0,274,0.0,0.0,0.0,0.0,0.0
2019-03-01,13,0,275,0.0,0.0,0.0,0.0,0.0
2019-03-01,13,0,276,7.95,7.95,0.0,36.480941,0.0
2019-03-01,13,0,277,8.97,8.97,0.0,190.504179,0.0
2019-03-01,13,0,278,14.36,14.36,0.0,304.97659,0.0
2019-03-01,13,0,279,21.48,21.48,0.0,456.190609,0.0
2019-03-01,13,0,281,56.1,56.1,0.0,-56100.0,0.0
2019-03-01,13,0,282,435.01,435.01,0.0,-435010.0,0.0
2019-03-01,14,0,9,4.23,4.23,0.0,-1662.415975,0.0
2019-03-01,14,0,17,53.61,53.61,0.0,322.7526,0.0
2019-03-01,14,0,19,48.17,48.17,0.0,290.00173,0.0
2019-03-01,14,0,20,58.43,58.43,0.0,351.770834,0.0
2019-03-01,14,0,21,96.75,96.75,0.0,-38023.344117,0.0
2019-03-01,14,0,22,343.83,343.83,0.0,-135127.301371,0.0
2019-03-01,14,0,23,42.61,42.61,0.0,-16745.991657,0.0
2019-03-01,14,0,24,73.27,73.27,0.0,-28795.559932,0.0
2019-03-01,14,0,29,11.41,11.41,0.0,55.318979,0.0
2019-03-01,14,0,30,849.27,849.27,0.0,-849270.0,0.0
2019-03-01,14,0,31,125.0,125.0,0.0,-125000.0,0.0
2019-03-01,14,0,32,6.63,6.63,0.0,153.380919,0.0
2019-03-01,14,0,33,3.37,3.37,0.0,34.192708,0.0
2019-03-01,14,0,34,5.39,5.39,0.0,54.68804,0.0
2019-03-01,14,0,35,5.39,5.39,0.0,54.68804,0.0
2019-03-01,14,0,36,15.55,15.55,0.0,1.253574,0.0
2019-03-01,14,0,37,7.33,7.33,0.0,0.718389,0.0
2019-03-01,14,0,38,9.42,9.42,0.0,0.923223,0.0
2019-03-01,14,0,39,6.28,6.28,0.0,0.615482,0.0
2019-03-01,14,0,40,6.28,6.28,0.0,0.615482,0.0
2019-03-01,14,0,41,27.71,27.71,0.0,-400.236594,0.0
2019-03-01,14,0,42,89.56,89.56,0.0,459.088734,0.0
2019-03-01,14,0,43,47.52,47.52,0.0,47.560977,0.0
2019-03-01,14,0,46,39.81,39.81,0.0,-32.283239,0.0
2019-03-01,14,0,52,132.5,132.5,0.0,-132500.0,0.0
2019-03-01,14,0,53,210.5,210.5,0.0,-210500.0,0.0
2019-03-01,14,0,55,623.0,623.0,0.0,-244842.825681,0.0
2019-03-01,14,0,56,250.5,250.5,0.0,-250500.0,0.0
2019-03-01,14,0,57,238.28,238.28,0.0,-238280.0,0.0
2019-03-01,14,0,58,458.24,458.24,0.0,-458240.0,0.0
2019-03-01,14,0,59,450.6,450.6,0.0,-450600.0,0.0
2019-03-01,14,0,63,2.06,2.06,0.0,49.549561,0.0
2019-03-01,14,0,64,2.42,2.42,0.0,58.208708,0.0
2019-03-01,14,0,65,33.04,33.04,0.0,193.42433,0.0
2019-03-01,14,0,67,425.91,425.91,0.0,5427.712615,0.0
2019-03-01,14,0,68,0.61,0.61,0.0,9.087,0.0
2019-03-01,14,0,69,3.37,3.37,0.0,34.192708,0.0
2019-03-01,14,0,74,80.03,80.03,0.0,68.904825,0.0
2019-03-01,14,0,77,30.93,30.93,0.0,722.998066,0.0
2019-03-01,14,0,78,23.38,23.38,0.0,546.514542,0.0
2019-03-01,14,0,79,13.53,13.53,0.0,316.267825,0.0
2019-03-01,14,0,80,21.88,21.88,0.0,511.45159,0.0
2019-03-01,14,0,81,28.61,28.61,0.0,668.767367,0.0
2019-03-01,14,0,82,20.18,20.18,0.0,471.713578,0.0
2019-03-01,14,0,83,45.0,45.0,0.0,1051.888554,0.0
2019-03-01,14,0,84,0.0,0.0,0.0,0.0,0.0
2019-03-01,14,0,86,17.06,17.06,0.0,173.094243,0.0
2019-03-01,14,0,87,87.1,87.1,0.0,883.734382,0.0
2019-03-01,14,0,88,17.54,17.54,0.0,410.002783,0.0
2019-03-01,14,0,89,16.86,16.86,0.0,394.107578,0.0
2019-03-01,14,0,90,22.64,22.64,0.0,529.216819,0.0
2019-03-01,14,0,91,80.76,80.76,0.0,1887.789324,0.0
2019-03-01,14,0,92,29.05,29.05,0.0,679.0525,0.0
2019-03-01,14,0,95,6.38,6.38,0.0,124.064075,0.0
2019-03-01,14,0,96,31.39,31.39,0.0,1113.674998,0.0
2019-03-01,14,0,97,210.51,210.51,0.0,7468.611779,0.0
2019-03-01,14,0,99,15.45,15.45,0.0,13.302256,0.0
2019-03-01,14,0,101,17.11,17.11,0.0,-17110.0,0.0
2019-03-01,14,0,102,1.43,1.43,0.0,21.302311,0.0
2019-03-01,14,0,103,1.24,1.24,0.0,18.471934,0.0
2019-03-01,14,0,104,0.23,0.23,0.0,3.426246,0.0
2019-03-01,14,0,106,338.48,338.48,0.0,-133024.718518,0.0
2019-03-01,14,0,109,60.0,60.0,0.0,-157.217356,0.0
2019-03-01,14,0,110,25.05,25.05,0.0,154.079519,0.0
2019-03-01,14,0,111,25.42,25.42,0.0,-367.160383,0.0
2019-03-01,14,0,113,1.87,1.87,0.0,39.434161,0.0
2019-03-01,14,0,115,1.87,1.87,0.0,39.434161,0.0
2019-03-01,14,0,116,144.93,144.93,0.0,891.446893,0.0
2019-03-01,14,0,117,0.12,0.12,0.0,2.530534,0.0
2019-03-01,14,0,119,2.42,2.42,0.0,58.208708,0.0
2019-03-01,14,0,120,1.42,1.42,0.0,34.155523,0.0
2019-03-01,14,0,123,5.64,5.64,0.0,-2216.554634,0.0
2019-03-01,14,0,125,66.79,66.79,0.0,-26248.88014,0.0
2019-03-01,14,0,126,253.86,253.86,0.0,-99768.538888,0.0
2019-03-01,14,0,127,325.78,325.78,0.0,-128033.54053,0.0
2019-03-01,14,0,128,92.7,92.7,0.0,-36431.669247,0.0
2019-03-01,14,0,131,10.37,10.37,0.0,221.170182,0.0
2019-03-01,14,0,132,15.25,15.25,0.0,325.250268,0.0
2019-03-01,14,0,133,21.68,21.68,0.0,130.861191,0.0
2019-03-01,14,0,134,0.0,0.0,0.0,0.0,0.0
2019-03-01,14,0,135,29.05,29.05,0.0,175.346753,0.0
2019-03-01,14,0,136,26.12,26.12,0.0,152.674715,0.0
2019-03-01,14,0,139,35.78,35.78,0.0,-516.797738,0.0
2019-03-01,14,0,140,18.54,18.54,0.0,114.037297,0.0
2019-03-01,14,0,141,121.49,121.49,0.0,1548.244478,0.0
2019-03-01,14,0,142,561.67,561.67,0.0,7157.811145,0.0
2019-03-01,14,0,143,238.5,238.5,0.0,-238500.0,0.0
2019-03-01,14,0,145,56.12,56.12,0.0,-426.652391,0.0
2019-03-01,14,0,146,5.29,5.29,0.0,32.53815,0.0
2019-03-01,14,0,152,11.58,11.58,0.0,17.376591,0.0
2019-03-01,14,0,153,14.44,14.44,0.0,18.77703,0.0
2019-03-01,14,0,154,104.85,104.85,0.0,-1514.428253,0.0
2019-03-01,14,0,157,125.78,125.78,0.0,1602.915388,0.0
2019-03-01,14,0,158,446.73,446.73,0.0,5693.038568,0.0
2019-03-01,14,0,159,0.0,0.0,0.0,0.0,0.0
2019-03-01,14,0,160,3.71,3.71,0.0,13.555396,0.0
2019-03-01,14,0,161,75.1,75.1,0.0,1118.743735,0.0
2019-03-01,14,0,162,11.79,11.79,0.0,229.523071,0.0
2019-03-01,14,0,163,0.0,0.0,0.0,0.0,0.0
2019-03-01,14,0,164,30.02,30.02,0.0,-30020.0,0.0
2019-03-01,14,0,167,7.21,7.21,0.0,138.90609,0.0
2019-03-01,14,0,168,3.6,3.6,0.0,69.356716,0.0
2019-03-01,14,0,169,0.0,0.0,0.0,0.0,0.0
2019-03-01,14,0,170,7.88,7.88,0.0,151.814145,0.0
2019-03-01,14,0,172,9.59,9.59,0.0,195.085112,0.0
2019-03-01,14,0,173,14.62,14.62,0.0,297.408169,0.0
2019-03-01,14,0,188,13.8,13.8,0.0,301.002272,0.0
2019-03-01,14,0,190,12.84,12.84,0.0,308.842895,0.0
2019-03-01,14,0,191,33.18,33.18,0.0,798.084677,0.0
2019-03-01,14,0,192,36.24,36.24,0.0,871.687424,0.0
2019-03-01,14,0,194,3.04,3.04,0.0,64.895213,0.0
2019-03-01,14,0,196,8.65,8.65,0.0,234.656882,0.0
2019-03-01,14,0,198,14.69,14.69,0.0,113.78143,0.0
2019-03-01,14,0,199,84.75,84.75,0.0,932.534517,0.0
2019-03-01,14,0,200,26.86,26.86,0.0,295.550173,0.0
2019-03-01,14,0,204,257.1,257.1,0.0,-757.898129,0.0
2019-03-01,14,0,205,317.4,317.4,0.0,-831.679811,0.0
2019-03-01,14,0,206,745.19,745.19,0.0,26438.339327,0.0
2019-03-01,14,0,210,3.42,3.42,0.0,19.417471,0.0
2019-03-01,14,0,214,19.96,19.96,0.0,251.019665,0.0
2019-03-01,14,0,217,13.11,13.11,0.0,127.68387,0.0
2019-03-01,14,0,218,18.09,18.09,0.0,176.18621,0.0
2019-03-01,14,0,219,12.32,12.32,0.0,119.989724,0.0
2019-03-01,14,0,221,10.65,10.65,0.0,133.935843,0.0
2019-03-01,14,0,225,10.26,10.26,0.0,48.921709,0.0
2019-03-01,14,0,233,9.65,9.65,0.0,97.91087,0.0
2019-03-01,14,0,236,48.79,48.79,0.0,185.214838,0.0
2019-03-01,14,0,237,191.99,191.99,0.0,165.300979,0.0
2019-03-01,14,0,238,116.56,116.56,0.0,597.491993,0.0
2019-03-01,14,0,240,17.62,17.62,0.0,1.420449,0.0
2019-03-01,14,0,245,75.9,75.9,0.0,503.315763,0.0
2019-03-01,14,0,247,138.59,138.59,0.0,919.032037,0.0
2019-03-01,14,0,248,19.27,19.27,0.0,16.591228,0.0
2019-03-01,14,0,249,145.95,145.95,0.0,967.838414,0.0
2019-03-01,14,0,251,326.4,326.4,0.0,1821.796405,0.0
2019-03-01,14,0,252,213.15,213.15,0.0,1247.832808,0.0
2019-03-01,14,0,254,24.32,24.32,0.0,40.530852,0.0
2019-03-01,14,0,255,11.15,11.15,0.0,18.582196,0.0
2019-03-01,14,0,258,21.71,21.71,0.0,4.976866,0.0
2019-03-01,14,0,260,9.01,9.01,0.0,32.920246,0.0
2019-03-01,14,0,265,108.55,108.55,0.0,-1567.870165,0.0
2019-03-01,14,0,266,23.17,23.17,0.0,-334.661923,0.0
2019-03-01,14,0,267,28.47,28.47,0.0,-411.213852,0.0
2019-03-01,14,0,270,0.0,0.0,0.0,0.0,0.0
2019-03-01,14,0,272,6.26,6.26,0.0,132.009546,0.0
2019-03-01,14,0,273,34.66,34.66,0.0,213.189466,0.0
2019-03-01,14,0,274,0.0,0.0,0.0,0.0,0.0
2019-03-01,14,0,275,0.0,0.0,0.0,0.0,0.0
2019-03-01,14,0,276,8.2,8.2,0.0,62.508104,0.0
2019-03-01,14,0,277,9.29,9.29,0.0,204.425412,0.0
2019-03-01,14,0,278,14.86,14.86,0.0,326.99264,0.0
2019-03-01,14,0,279,0.0,0.0,0.0,0.0,0.0
2019-03-01,14,0,281,56.1,56.1,0.0,-56100.0,0.0
2019-03-01,14,0,282,465.87,465.87,0.0,-465870.0,0.0
2019-03-01,15,0,9,4.05,4.05,0.0,-1591.925878,0.0
2019-03-01,15,0,17,51.92,51.92,0.0,303.365656,0.0
2019-03-01,15,0,19,68.83,68.83,0.0,402.16984,0.0
2019-03-01,15,0,20,83.48,83.48,0.0,487.76897,0.0
2019-03-01,15,0,21,92.57,92.57,0.0,-36386.315693,0.0
2019-03-01,15,0,22,329.0,329.0,0.0,-129319.410856,0.0
2019-03-01,15,0,23,32.64,32.64,0.0,-12829.743375,0.0
2019-03-01,15,0,24,57.75,57.75,0.0,-22699.68382,0.0
2019-03-01,15,0,29,10.42,10.42,0.0,48.377801,0.0
2019-03-01,15,0,30,823.27,823.27,0.0,-823270.0,0.0
2019-03-01,15,0,31,125.0,125.0,0.0,-125000.0,0.0
2019-03-01,15,0,32,6.21,6.21,0.0,143.341809,0.0
2019-03-01,15,0,33,3.3,3.3,0.0,32.856029,0.0
2019-03-01,15,0,34,5.28,5.28,0.0,52.569646,0.0
2019-03-01,15,0,35,5.28,5.28,0.0,52.569646,0.0
2019-03-01,15,0,36,14.93,14.93,0.0,-1.187306,0.0
2019-03-01,15,0,37,7.06,7.06,0.0,-0.439055,0.0
2019-03-01,15,0,38,9.08,9.08,0.0,-0.564678,0.0
2019-03-01,15,0,39,6.05,6.05,0.0,-0.376244,0.0
2019-03-01,15,0,40,6.05,6.05,0.0,-0.376244,0.0
2019-03-01,15,0,41,49.63,49.63,0.0,-723.099543,0.0
2019-03-01,15,0,42,86.11,86.11,0.0,426.356185,0.0
2019-03-01,15,0,43,44.66,44.66,0.0,37.322336,0.0
2019-03-01,15,0,46,37.98,37.98,0.0,-36.687088,0.0
2019-03-01,15,0,52,132.5,132.5,0.0,-132500.0,0.0
2019-03-01,15,0,53,210.5,210.5,0.0,-210500.0,0.0
2019-03-01,15,0,55,623.0,623.0,0.0,-244881.437579,0.0
2019-03-01,15,0,56,242.84,242.84,0.0,-242840.0,0.0
2019-03-01,15,0,57,230.99,230.99,0.0,-230990.0,0.0
2019-03-01,15,0,58,444.21,444.21,0.0,-444210.0,0.0
2019-03-01,15,0,59,436.81,436.81,0.0,-436810.0,0.0
2019-03-01,15,0,63,3.43,3.43,0.0,82.351083,0.0
2019-03-01,15,0,64,4.03,4.03,0.0,96.75652,0.0
2019-03-01,15,0,65,38.46,38.46,0.0,218.34934,0.0
2019-03-01,15,0,67,401.95,401.95,0.0,5122.371125,0.0
2019-03-01,15,0,68,0.0,0.0,0.0,0.0,0.0
2019-03-01,15,0,69,3.3,3.3,0.0,32.856029,0.0
2019-03-01,15,0,74,126.94,126.94,0.0,88.663296,0.0
2019-03-01,15,0,77,17.05,17.05,0.0,397.592909,0.0
2019-03-01,15,0,78,12.89,12.89,0.0,300.584903,0.0
2019-03-01,15,0,79,7.46,7.46,0.0,173.961472,0.0
2019-03-01,15,0,80,12.06,12.06,0.0,281.22994,0.0
2019-03-01,15,0,81,15.77,15.77,0.0,367.744291,0.0
2019-03-01,15,0,82,11.12,11.12,0.0,259.309862,0.0
2019-03-01,15,0,83,24.8,24.8,0.0,578.316958,0.0
2019-03-01,15,0,84,0.0,0.0,0.0,0.0,0.0
2019-03-01,15,0,86,16.73,16.73,0.0,166.57011,0.0
2019-03-01,15,0,87,85.43,85.43,0.0,850.572893,0.0
2019-03-01,15,0,88,7.33,7.33,0.0,170.929972,0.0
2019-03-01,15,0,89,7.05,7.05,0.0,164.400587,0.0
2019-03-01,15,0,90,9.46,9.46,0.0,220.599936,0.0
2019-03-01,15,0,91,33.76,33.76,0.0,787.257278,0.0
2019-03-01,15,0,92,12.14,12.14,0.0,283.095479,0.0
2019-03-01,15,0,95,9.16,9.16,0.0,178.123343,0.0
2019-03-01,15,0,96,27.75,27.75,0.0,981.636872,0.0
2019-03-01,15,0,97,170.65,170.65,0.0,6036.624583,0.0
2019-03-01,15,0,99,24.5,24.5,0.0,17.112421,0.0
2019-03-01,15,0,101,16.58,16.58,0.0,-16580.0,0.0
2019-03-01,15,0,102,0.0,0.0,0.0,0.0,0.0
2019-03-01,15,0,103,0.0,0.0,0.0,0.0,0.0
2019-03-01,15,0,104,0.0,0.0,0.0,0.0,0.0
2019-03-01,15,0,106,323.88,323.88,0.0,-127306.902091,0.0
2019-03-01,15,0,109,60.0,60.0,0.0,-165.913776,0.0
2019-03-01,15,0,110,14.53,14.53,0.0,89.372272,0.0
2019-03-01,15,0,111,24.7,24.7,0.0,-359.874244,0.0
2019-03-01,15,0,113,0.0,0.0,0.0,0.0,0.0
2019-03-01,15,0,115,0.0,0.0,0.0,0.0,0.0
2019-03-01,15,0,116,138.45,138.45,0.0,851.589198,0.0
2019-03-01,15,0,117,0.0,0.0,0.0,0.0,0.0
2019-03-01,15,0,119,4.03,4.03,0.0,96.75652,0.0
2019-03-01,15,0,120,2.37,2.37,0.0,56.901477,0.0
2019-03-01,15,0,123,5.4,5.4,0.0,-2122.567838,0.0
2019-03-01,15,0,125,52.26,52.26,0.0,-20541.739852,0.0
2019-03-01,15,0,126,242.91,242.91,0.0,-95480.176569,0.0
2019-03-01,15,0,127,311.73,311.73,0.0,-122531.124456,0.0
2019-03-01,15,0,128,74.85,74.85,0.0,-29421.14864,0.0
2019-03-01,15,0,131,14.61,14.61,0.0,310.829628,0.0
2019-03-01,15,0,132,21.49,21.49,0.0,457.202512,0.0
2019-03-01,15,0,133,28.54,28.54,0.0,167.202998,0.0
2019-03-01,15,0,134,0.0,0.0,0.0,0.0,0.0
2019-03-01,15,0,135,38.25,38.25,0.0,224.089511,0.0
2019-03-01,15,0,136,35.66,35.66,0.0,202.128616,0.0
2019-03-01,15,0,139,64.54,64.54,0.0,-940.335372,0.0
2019-03-01,15,0,140,10.75,10.75,0.0,66.121949,0.0
2019-03-01,15,0,141,140.15,140.15,0.0,1786.043819,0.0
2019-03-01,15,0,142,530.07,530.07,0.0,6755.107009,0.0
2019-03-01,15,0,143,238.5,238.5,0.0,-238500.0,0.0
2019-03-01,15,0,145,30.0,30.0,0.0,-231.579371,0.0
2019-03-01,15,0,146,0.0,0.0,0.0,0.0,0.0
2019-03-01,15,0,152,11.2,11.2,0.0,14.975196,0.0
2019-03-01,15,0,153,13.92,13.92,0.0,15.833655,0.0
2019-03-01,15,0,154,101.88,101.88,0.0,-1484.371982,0.0
2019-03-01,15,0,157,132.95,132.95,0.0,1694.288446,0.0
2019-03-01,15,0,158,428.25,428.25,0.0,5457.533112,0.0
2019-03-01,15,0,159,0.0,0.0,0.0,0.0,0.0
2019-03-01,15,0,160,3.52,3.52,0.0,12.228161,0.0
2019-03-01,15,0,161,71.48,71.48,0.0,1064.817606,0.0
2019-03-01,15,0,162,15.5,15.5,0.0,301.747246,0.0
2019-03-01,15,0,163,9.3,9.3,0.0,57.203175,0.0
2019-03-01,15,0,164,29.36,29.36,0.0,-29360.0,0.0
2019-03-01,15,0,167,6.59,6.59,0.0,126.974361,0.0
2019-03-01,15,0,168,3.3,3.3,0.0,63.583519,0.0
2019-03-01,15,0,169,0.0,0.0,0.0,0.0,0.0
2019-03-01,15,0,170,7.21,7.21,0.0,138.920356,0.0
2019-03-01,15,0,172,8.93,8.93,0.0,181.404778,0.0
2019-03-01,15,0,173,13.6,13.6,0.0,276.271554,0.0
2019-03-01,15,0,188,12.99,12.99,0.0,282.838167,0.0
2019-03-01,15,0,190,12.31,12.31,0.0,295.551555,0.0
2019-03-01,15,0,191,31.8,31.8,0.0,763.488176,0.0
2019-03-01,15,0,192,51.05,51.05,0.0,1225.662623,0.0
2019-03-01,15,0,194,0.0,0.0,0.0,0.0,0.0
2019-03-01,15,0,196,8.14,8.14,0.0,220.395157,0.0
2019-03-01,15,0,198,14.01,14.01,0.0,105.619763,0.0
2019-03-01,15,0,199,91.27,91.27,0.0,1004.540764,0.0
2019-03-01,15,0,200,25.38,25.38,0.0,279.338716,0.0
2019-03-01,15,0,204,257.1,257.1,0.0,-794.680954,0.0
2019-03-01,15,0,205,317.4,317.4,0.0,-877.683872,0.0
2019-03-01,15,0,206,501.46,501.46,0.0,17738.797324,0.0
2019-03-01,15,0,210,3.23,3.23,0.0,17.684656,0.0
2019-03-01,15,0,214,18.85,18.85,0.0,233.343817,0.0
2019-03-01,15,0,217,12.32,12.32,0.0,117.490032,0.0
2019-03-01,15,0,218,16.99,16.99,0.0,162.02562,0.0
2019-03-01,15,0,219,11.58,11.58,0.0,110.433001,0.0
2019-03-01,15,0,221,10.05,10.05,0.0,124.408772,0.0
2019-03-01,15,0,225,9.45,9.45,0.0,43.114693,0.0
2019-03-01,15,0,233,9.47,9.47,0.0,94.286846,0.0
2019-03-01,15,0,236,86.68,86.68,0.0,314.258333,0.0
2019-03-01,15,0,237,304.53,304.53,0.0,212.703904,0.0
2019-03-01,15,0,238,112.08,112.08,0.0,554.941368,0.0
2019-03-01,15,0,240,16.92,16.92,0.0,-1.34556,0.0
2019-03-01,15,0,245,78.0,78.0,0.0,503.25829,0.0
2019-03-01,15,0,247,162.68,162.68,0.0,1049.616136,0.0
2019-03-01,15,0,248,30.57,30.57,0.0,21.352111,0.0
2019-03-01,15,0,249,150.0,150.0,0.0,967.804403,0.0
2019-03-01,15,0,251,326.4,326.4,0.0,1764.311527,0.0
2019-03-01,15,0,252,248.11,248.11,0.0,1408.597366,0.0
2019-03-01,15,0,254,23.21,23.21,0.0,34.762076,0.0
2019-03-01,15,0,255,10.64,10.64,0.0,15.935738,0.0
2019-03-01,15,0,258,20.73,20.73,0.0,1.41568,0.0
2019-03-01,15,0,260,8.55,8.55,0.0,29.701926,0.0
2019-03-01,15,0,265,105.49,105.49,0.0,-1536.968987,0.0
2019-03-01,15,0,266,41.27,41.27,0.0,-601.295953,0.0
2019-03-01,15,0,267,51.04,51.04,0.0,-743.642972,0.0
2019-03-01,15,0,270,30.35,30.35,0.0,186.679178,0.0
2019-03-01,15,0,272,0.0,0.0,0.0,0.0,0.0
2019-03-01,15,0,273,33.11,33.11,0.0,203.655604,0.0
2019-03-01,15,0,274,39.97,39.97,0.0,245.850634,0.0
2019-03-01,15,0,275,57.37,57.37,0.0,352.875928,0.0
2019-03-01,15,0,276,7.91,7.91,0.0,60.297451,0.0
2019-03-01,15,0,277,8.92,8.92,0.0,195.841579,0.0
2019-03-01,15,0,278,14.28,14.28,0.0,313.522169,0.0
2019-03-01,15,0,279,0.0,0.0,0.0,0.0,0.0
2019-03-01,15,0,281,56.1,56.1,0.0,-56100.0,0.0
2019-03-01,15,0,282,451.62,451.62,0.0,-451620.0,0.0
2019-03-01,16,0,9,3.52,3.52,0.0,-1383.00887,0.0
2019-03-01,16,0,17,50.78,50.78,0.0,315.439876,0.0
2019-03-01,16,0,19,166.84,166.84,0.0,1036.392062,0.0
2019-03-01,16,0,20,210.57,210.57,0.0,1308.0381,0.0
2019-03-01,16,0,21,80.52,80.52,0.0,-31636.327895,0.0
2019-03-01,16,0,22,286.15,286.15,0.0,-112428.405702,0.0
2019-03-01,16,0,23,31.17,31.17,0.0,-12246.700701,0.0
2019-03-01,16,0,24,55.16,55.16,0.0,-21672.377629,0.0
2019-03-01,16,0,29,8.19,8.19,0.0,38.194125,0.0
2019-03-01,16,0,30,696.85,696.85,0.0,-696850.0,0.0
2019-03-01,16,0,31,125.0,125.0,0.0,-125000.0,0.0
2019-03-01,16,0,32,5.51,5.51,0.0,146.600828,0.0
2019-03-01,16,0,33,3.03,3.03,0.0,31.404601,0.0
2019-03-01,16,0,34,4.85,4.85,0.0,50.268091,0.0
2019-03-01,16,0,35,4.85,4.85,0.0,50.268091,0.0
2019-03-01,16,0,36,12.94,12.94,0.0,2.634061,0.0
2019-03-01,16,0,37,6.18,6.18,0.0,1.335165,0.0
2019-03-01,16,0,38,7.95,7.95,0.0,1.717567,0.0
2019-03-01,16,0,39,5.3,5.3,0.0,1.145044,0.0
2019-03-01,16,0,40,5.3,5.3,0.0,1.145044,0.0
2019-03-01,16,0,41,73.28,73.28,0.0,-1046.74741,0.0
2019-03-01,16,0,42,75.01,75.01,0.0,398.433639,0.0
2019-03-01,16,0,43,38.86,38.86,0.0,42.761724,0.0
2019-03-01,16,0,46,30.86,30.86,0.0,-21.398787,0.0
2019-03-01,16,0,52,132.5,132.5,0.0,-132500.0,0.0
2019-03-01,16,0,53,210.5,210.5,0.0,-210500.0,0.0
2019-03-01,16,0,55,623.0,623.0,0.0,-244776.853931,0.0
2019-03-01,16,0,56,205.54,205.54,0.0,-205540.0,0.0
2019-03-01,16,0,57,195.52,195.52,0.0,-195520.0,0.0
2019-03-01,16,0,58,376.0,376.0,0.0,-376000.0,0.0
2019-03-01,16,0,59,369.73,369.73,0.0,-369730.0,0.0
2019-03-01,16,0,63,6.25,6.25,0.0,169.932,0.0
2019-03-01,16,0,64,7.36,7.36,0.0,200.111923,0.0
2019-03-01,16,0,65,41.4,41.4,0.0,250.24967,0.0
2019-03-01,16,0,67,360.52,360.52,0.0,4892.469636,0.0
2019-03-01,16,0,68,0.69,0.69,0.0,11.905691,0.0
2019-03-01,16,0,69,3.03,3.03,0.0,31.404601,0.0
2019-03-01,16,0,74,117.44,117.44,0.0,120.352822,0.0
2019-03-01,16,0,77,13.06,13.06,0.0,308.067783,0.0
2019-03-01,16,0,78,9.87,9.87,0.0,232.819986,0.0
2019-03-01,16,0,79,5.71,5.71,0.0,134.691197,0.0
2019-03-01,16,0,80,9.24,9.24,0.0,217.959136,0.0
2019-03-01,16,0,81,12.08,12.08,0.0,284.950905,0.0
2019-03-01,16,0,82,8.52,8.52,0.0,200.975307,0.0
2019-03-01,16,0,83,19.0,19.0,0.0,448.18437,0.0
2019-03-01,16,0,84,0.0,0.0,0.0,0.0,0.0
2019-03-01,16,0,86,15.35,15.35,0.0,159.095917,0.0
2019-03-01,16,0,87,78.38,78.38,0.0,812.373809,0.0
2019-03-01,16,0,88,4.47,4.47,0.0,105.44127,0.0
2019-03-01,16,0,89,4.29,4.29,0.0,101.195313,0.0
2019-03-01,16,0,90,5.76,5.76,0.0,135.87063,0.0
2019-03-01,16,0,91,20.56,20.56,0.0,484.982665,0.0
2019-03-01,16,0,92,7.39,7.39,0.0,174.320131,0.0
2019-03-01,16,0,95,13.54,13.54,0.0,263.295859,0.0
2019-03-01,16,0,96,23.43,23.43,0.0,835.519804,0.0
2019-03-01,16,0,97,144.07,144.07,0.0,5137.573115,0.0
2019-03-01,16,0,99,25.75,25.75,0.0,26.388668,0.0
2019-03-01,16,0,101,14.04,14.04,0.0,-14040.0,0.0
2019-03-01,16,0,102,1.64,1.64,0.0,28.297583,0.0
2019-03-01,16,0,103,1.42,1.42,0.0,24.501566,0.0
2019-03-01,16,0,104,0.26,0.26,0.0,4.486202,0.0
2019-03-01,16,0,106,281.69,281.69,0.0,-110676.0706,0.0
2019-03-01,16,0,109,60.0,60.0,0.0,-148.824336,0.0
2019-03-01,16,0,110,11.42,11.42,0.0,26.139379,0.0
2019-03-01,16,0,111,21.31,21.31,0.0,-304.396661,0.0
2019-03-01,16,0,113,0.0,0.0,0.0,0.0,0.0
2019-03-01,16,0,115,0.0,0.0,0.0,0.0,0.0
2019-03-01,16,0,116,105.64,105.64,0.0,241.800704,0.0
2019-03-01,16,0,117,0.0,0.0,0.0,0.0,0.0
2019-03-01,16,0,119,7.36,7.36,0.0,200.111923,0.0
2019-03-01,16,0,120,4.33,4.33,0.0,117.72889,0.0
2019-03-01,16,0,123,4.69,4.69,0.0,-1842.702159,0.0
2019-03-01,16,0,125,49.91,49.91,0.0,-19609.651332,0.0
2019-03-01,16,0,126,211.27,211.27,0.0,-83008.035201,0.0
2019-03-01,16,0,127,271.13,271.13,0.0,-106527.043991,0.0
2019-03-01,16,0,128,71.49,71.49,0.0,-28088.438664,0.0
2019-03-01,16,0,131,5.06,5.06,0.0,104.628649,0.0
2019-03-01,16,0,132,7.45,7.45,0.0,154.04811,0.0
2019-03-01,16,0,133,44.46,44.46,0.0,276.881146,0.0
2019-03-01,16,0,134,0.0,0.0,0.0,0.0,0.0
2019-03-01,16,0,135,56.52,56.52,0.0,351.986558,0.0
2019-03-01,16,0,136,45.9,45.9,0.0,277.029373,0.0
2019-03-01,16,0,139,95.43,95.43,0.0,-1363.142813,0.0
2019-03-01,16,0,140,8.45,8.45,0.0,19.34131,0.0
2019-03-01,16,0,141,179.88,179.88,0.0,2441.077993,0.0
2019-03-01,16,0,142,475.43,475.43,0.0,6451.866302,0.0
2019-03-01,16,0,143,238.5,238.5,0.0,-238500.0,0.0
2019-03-01,16,0,145,28.27,28.27,0.0,-210.373373,0.0
2019-03-01,16,0,146,0.0,0.0,0.0,0.0,0.0
2019-03-01,16,0,152,9.71,9.71,0.0,16.109628,0.0
2019-03-01,16,0,153,12.08,12.08,0.0,17.604393,0.0
2019-03-01,16,0,154,87.9,87.9,0.0,-1255.58266,0.0
2019-03-01,16,0,157,143.22,143.22,0.0,1943.58011,0.0
2019-03-01,16,0,158,369.9,369.9,0.0,5019.761784,0.0
2019-03-01,16,0,159,0.0,0.0,0.0,0.0,0.0
2019-03-01,16,0,160,2.97,2.97,0.0,11.01195,0.0
2019-03-01,16,0,161,62.76,62.76,0.0,1082.900202,0.0
2019-03-01,16,0,162,19.95,19.95,0.0,388.447985,0.0
2019-03-01,16,0,163,27.49,27.49,0.0,62.922201,0.0
2019-03-01,16,0,164,25.84,25.84,0.0,-25840.0,0.0
2019-03-01,16,0,167,5.91,5.91,0.0,113.034269,0.0
2019-03-01,16,0,168,2.96,2.96,0.0,56.612764,0.0
2019-03-01,16,0,169,0.0,0.0,0.0,0.0,0.0
2019-03-01,16,0,170,6.47,6.47,0.0,123.744792,0.0
2019-03-01,16,0,172,7.57,7.57,0.0,170.277401,0.0
2019-03-01,16,0,173,11.54,11.54,0.0,259.577439,0.0
2019-03-01,16,0,188,11.0,11.0,0.0,267.99547,0.0
2019-03-01,16,0,190,9.78,9.78,0.0,265.909594,0.0
2019-03-01,16,0,191,25.26,25.26,0.0,686.797171,0.0
2019-03-01,16,0,192,71.12,71.12,0.0,1933.690214,0.0
2019-03-01,16,0,194,0.0,0.0,0.0,0.0,0.0
2019-03-01,16,0,196,5.91,5.91,0.0,185.622952,0.0
2019-03-01,16,0,198,11.79,11.79,0.0,90.621297,0.0
2019-03-01,16,0,199,100.77,100.77,0.0,1296.832523,0.0
2019-03-01,16,0,200,20.78,20.78,0.0,267.422644,0.0
2019-03-01,16,0,204,257.1,257.1,0.0,-722.23337,0.0
2019-03-01,16,0,205,317.4,317.4,0.0,-787.280738,0.0
2019-03-01,16,0,206,423.35,423.35,0.0,15096.769476,0.0
2019-03-01,16,0,210,2.54,2.54,0.0,14.102139,0.0
2019-03-01,16,0,214,13.8,13.8,0.0,176.784973,0.0
2019-03-01,16,0,217,9.38,9.38,0.0,91.83458,0.0
2019-03-01,16,0,218,12.95,12.95,0.0,126.786546,0.0
2019-03-01,16,0,219,8.82,8.82,0.0,86.351918,0.0
2019-03-01,16,0,221,7.36,7.36,0.0,94.285319,0.0
2019-03-01,16,0,225,7.5,7.5,0.0,34.332755,0.0
2019-03-01,16,0,233,8.69,8.69,0.0,90.067982,0.0
2019-03-01,16,0,236,114.35,114.35,0.0,454.232783,0.0
2019-03-01,16,0,237,268.58,268.58,0.0,275.241492,0.0
2019-03-01,16,0,238,97.63,97.63,0.0,518.585204,0.0
2019-03-01,16,0,240,14.66,14.66,0.0,2.984184,0.0
2019-03-01,16,0,245,78.0,78.0,0.0,532.489374,0.0
2019-03-01,16,0,247,171.72,171.72,0.0,1172.295838,0.0
2019-03-01,16,0,248,31.63,31.63,0.0,32.414507,0.0
2019-03-01,16,0,249,150.0,150.0,0.0,1024.018028,0.0
2019-03-01,16,0,251,326.4,326.4,0.0,1883.373845,0.0
2019-03-01,16,0,252,267.06,267.06,0.0,1614.291715,0.0
2019-03-01,16,0,254,20.41,20.41,0.0,35.812902,0.0
2019-03-01,16,0,255,9.35,9.35,0.0,16.406204,0.0
2019-03-01,16,0,258,17.86,17.86,0.0,6.222556,0.0
2019-03-01,16,0,260,7.22,7.22,0.0,26.769792,0.0
2019-03-01,16,0,265,91.0,91.0,0.0,-1299.863732,0.0
2019-03-01,16,0,266,60.85,60.85,0.0,-869.194594,0.0
2019-03-01,16,0,267,75.38,75.38,0.0,-1076.744265,0.0
2019-03-01,16,0,270,74.31,74.31,0.0,170.089079,0.0
2019-03-01,16,0,272,0.0,0.0,0.0,0.0,0.0
2019-03-01,16,0,273,25.26,25.26,0.0,57.817927,0.0
2019-03-01,16,0,274,92.73,92.73,0.0,212.250845,0.0
2019-03-01,16,0,275,124.32,124.32,0.0,284.557587,0.0
2019-03-01,16,0,276,5.41,5.41,0.0,26.010594,0.0
2019-03-01,16,0,277,5.89,5.89,0.0,131.990601,0.0
2019-03-01,16,0,278,9.43,9.43,0.0,211.319417,0.0
2019-03-01,16,0,279,13.93,13.93,0.0,312.161132,0.0
2019-03-01,16,0,281,56.1,56.1,0.0,-56100.0,0.0
2019-03-01,16,0,282,382.26,382.26,0.0,-382260.0,0.0
2019-03-01,17,0,9,2.68,2.68,0.0,-1050.395116,0.0
2019-03-01,17,0,17,37.27,37.27,0.0,261.540068,0.0
2019-03-01,17,0,19,148.97,148.97,0.0,1045.388354,0.0
2019-03-01,17,0,20,179.39,179.39,0.0,1258.858944,0.0
2019-03-01,17,0,21,61.27,61.27,0.0,-24014.07044,0.0
2019-03-01,17,0,22,217.74,217.74,0.0,-85340.683818,0.0
2019-03-01,17,0,23,29.93,29.93,0.0,-11730.718594,0.0
2019-03-01,17,0,24,53.25,53.25,0.0,-20870.72386,0.0
2019-03-01,17,0,29,5.83,5.83,0.0,18.72794,0.0
2019-03-01,17,0,30,534.45,534.45,0.0,-534450.0,0.0
2019-03-01,17,0,31,125.0,125.0,0.0,-125000.0,0.0
2019-03-01,17,0,32,4.04,4.04,0.0,116.163763,0.0
2019-03-01,17,0,33,2.22,2.22,0.0,24.702663,0.0
2019-03-01,17,0,34,3.55,3.55,0.0,39.502007,0.0
2019-03-01,17,0,35,3.55,3.55,0.0,39.502007,0.0
2019-03-01,17,0,36,9.75,9.75,0.0,9.42461,0.0
2019-03-01,17,0,37,4.65,4.65,0.0,4.475564,0.0
2019-03-01,17,0,38,5.98,5.98,0.0,5.755671,0.0
2019-03-01,17,0,39,3.99,3.99,0.0,3.840323,0.0
2019-03-01,17,0,40,3.99,3.99,0.0,3.840323,0.0
2019-03-01,17,0,41,25.76,25.76,0.0,-336.146955,0.0
2019-03-01,17,0,42,56.1,56.1,0.0,343.700208,0.0
2019-03-01,17,0,43,29.45,29.45,0.0,51.019142,0.0
2019-03-01,17,0,46,23.18,23.18,0.0,2.49281,0.0
2019-03-01,17,0,52,132.5,132.5,0.0,-132500.0,0.0
2019-03-01,17,0,53,210.5,210.5,0.0,-210500.0,0.0
2019-03-01,17,0,55,564.93,564.93,0.0,-221417.803386,0.0
2019-03-01,17,0,56,157.64,157.64,0.0,-157640.0,0.0
2019-03-01,17,0,57,149.95,149.95,0.0,-149950.0,0.0
2019-03-01,17,0,58,288.37,288.37,0.0,-288370.0,0.0
2019-03-01,17,0,59,283.57,283.57,0.0,-283570.0,0.0
2019-03-01,17,0,63,6.24,6.24,0.0,178.171506,0.0
2019-03-01,17,0,64,7.33,7.33,0.0,209.294413,0.0
2019-03-01,17,0,65,41.4,41.4,0.0,283.67076,0.0
2019-03-01,17,0,67,270.78,270.78,0.0,5014.506125,0.0
2019-03-01,17,0,68,0.0,0.0,0.0,0.0,0.0
2019-03-01,17,0,69,2.22,2.22,0.0,24.702663,0.0
2019-03-01,17,0,74,89.49,89.49,0.0,169.713387,0.0
2019-03-01,17,0,77,3.96,3.96,0.0,102.441165,0.0
2019-03-01,17,0,78,2.99,2.99,0.0,77.348253,0.0
2019-03-01,17,0,79,1.73,1.73,0.0,44.753337,0.0
2019-03-01,17,0,80,2.8,2.8,0.0,72.433147,0.0
2019-03-01,17,0,81,3.66,3.66,0.0,94.680471,0.0
2019-03-01,17,0,82,2.58,2.58,0.0,66.741971,0.0
2019-03-01,17,0,83,5.76,5.76,0.0,149.005331,0.0
2019-03-01,17,0,84,0.0,0.0,0.0,0.0,0.0
2019-03-01,17,0,86,11.24,11.24,0.0,125.071143,0.0
2019-03-01,17,0,87,57.38,57.38,0.0,638.485958,0.0
2019-03-01,17,0,88,1.21,1.21,0.0,31.301467,0.0
2019-03-01,17,0,89,1.17,1.17,0.0,30.266708,0.0
2019-03-01,17,0,90,1.57,1.57,0.0,40.6143,0.0
2019-03-01,17,0,91,5.58,5.58,0.0,144.348914,0.0
2019-03-01,17,0,92,2.01,2.01,0.0,51.996652,0.0
2019-03-01,17,0,95,22.54,22.54,0.0,438.307877,0.0
2019-03-01,17,0,96,12.15,12.15,0.0,453.432435,0.0
2019-03-01,17,0,97,74.74,74.74,0.0,2789.26257,0.0
2019-03-01,17,0,99,18.2,18.2,0.0,34.515406,0.0
2019-03-01,17,0,101,10.77,10.77,0.0,-10770.0,0.0
2019-03-01,17,0,102,0.0,0.0,0.0,0.0,0.0
2019-03-01,17,0,103,0.0,0.0,0.0,0.0,0.0
2019-03-01,17,0,104,0.0,0.0,0.0,0.0,0.0
2019-03-01,17,0,106,214.35,214.35,0.0,-84012.012384,0.0
2019-03-01,17,0,109,37.07,37.07,0.0,-55.483289,0.0
2019-03-01,17,0,110,8.19,8.19,0.0,61.819294,0.0
2019-03-01,17,0,111,16.44,16.44,0.0,-214.528569,0.0
2019-03-01,17,0,113,0.0,0.0,0.0,0.0,0.0
2019-03-01,17,0,115,0.0,0.0,0.0,0.0,0.0
2019-03-01,17,0,116,78.4,78.4,0.0,591.774443,0.0
2019-03-01,17,0,117,0.0,0.0,0.0,0.0,0.0
2019-03-01,17,0,119,7.33,7.33,0.0,209.294413,0.0
2019-03-01,17,0,120,4.32,4.32,0.0,123.349504,0.0
2019-03-01,17,0,123,3.57,3.57,0.0,-1399.22036,0.0
2019-03-01,17,0,125,48.13,48.13,0.0,-18863.998862,0.0
2019-03-01,17,0,126,160.76,160.76,0.0,-63008.029442,0.0
2019-03-01,17,0,127,206.31,206.31,0.0,-80860.827035,0.0
2019-03-01,17,0,128,69.27,69.27,0.0,-27149.57825,0.0
2019-03-01,17,0,131,1.64,1.64,0.0,37.815053,0.0
2019-03-01,17,0,132,2.42,2.42,0.0,55.800261,0.0
2019-03-01,17,0,133,101.12,101.12,0.0,711.180392,0.0
2019-03-01,17,0,134,0.0,0.0,0.0,0.0,0.0
2019-03-01,17,0,135,132.38,132.38,0.0,931.033033,0.0
2019-03-01,17,0,136,45.9,45.9,0.0,314.08753,0.0
2019-03-01,17,0,139,33.27,33.27,0.0,-434.14632,0.0
2019-03-01,17,0,140,6.06,6.06,0.0,45.741749,0.0
2019-03-01,17,0,141,121.36,121.36,0.0,2247.435052,0.0
2019-03-01,17,0,142,357.09,357.09,0.0,6612.859118,0.0
2019-03-01,17,0,143,221.91,221.91,0.0,-221910.0,0.0
2019-03-01,17,0,145,13.56,13.56,0.0,-82.489316,0.0
2019-03-01,17,0,146,14.68,14.68,0.0,110.806745,0.0
2019-03-01,17,0,152,7.25,7.25,0.0,18.152199,0.0
2019-03-01,17,0,153,9.04,9.04,0.0,20.824212,0.0
2019-03-01,17,0,154,67.82,67.82,0.0,-884.995593,0.0
2019-03-01,17,0,157,76.92,76.92,0.0,1424.461966,0.0
2019-03-01,17,0,158,291.88,291.88,0.0,5405.251672,0.0
2019-03-01,17,0,159,0.0,0.0,0.0,0.0,0.0
2019-03-01,17,0,160,2.22,2.22,0.0,8.949516,0.0
2019-03-01,17,0,161,46.98,46.98,0.0,1038.31423,0.0
2019-03-01,17,0,162,26.77,26.77,0.0,521.130002,0.0
2019-03-01,17,0,163,20.18,20.18,0.0,152.321534,0.0
2019-03-01,17,0,164,19.79,19.79,0.0,-19790.0,0.0
2019-03-01,17,0,167,4.38,4.38,0.0,83.467654,0.0
2019-03-01,17,0,168,2.19,2.19,0.0,41.733827,0.0
2019-03-01,17,0,169,0.0,0.0,0.0,0.0,0.0
2019-03-01,17,0,170,4.79,4.79,0.0,91.280836,0.0
2019-03-01,17,0,172,5.63,5.63,0.0,135.191109,0.0
2019-03-01,17,0,173,8.58,8.58,0.0,206.028368,0.0
2019-03-01,17,0,188,8.23,8.23,0.0,214.394359,0.0
2019-03-01,17,0,190,7.26,7.26,0.0,207.295694,0.0
2019-03-01,17,0,191,18.76,18.76,0.0,535.656643,0.0
2019-03-01,17,0,192,25.68,25.68,0.0,733.244275,0.0
2019-03-01,17,0,194,0.0,0.0,0.0,0.0,0.0
2019-03-01,17,0,196,4.39,4.39,0.0,141.946814,0.0
2019-03-01,17,0,198,8.81,8.81,0.0,64.727599,0.0
2019-03-01,17,0,199,69.89,69.89,0.0,1066.068507,0.0
2019-03-01,17,0,200,15.4,15.4,0.0,234.904207,0.0
2019-03-01,17,0,204,138.28,138.28,0.0,-250.13646,0.0
2019-03-01,17,0,205,196.12,196.12,0.0,-293.536084,0.0
2019-03-01,17,0,206,219.61,219.61,0.0,8195.74462,0.0
2019-03-01,17,0,210,1.85,1.85,0.0,7.824919,0.0
2019-03-01,17,0,214,10.17,10.17,0.0,137.788616,0.0
2019-03-01,17,0,217,6.83,6.83,0.0,65.400228,0.0
2019-03-01,17,0,218,9.43,9.43,0.0,90.296361,0.0
2019-03-01,17,0,219,6.42,6.42,0.0,61.474299,0.0
2019-03-01,17,0,221,5.43,5.43,0.0,73.568553,0.0
2019-03-01,17,0,225,5.42,5.42,0.0,16.878376,0.0
2019-03-01,17,0,233,6.36,6.36,0.0,70.769792,0.0
2019-03-01,17,0,236,126.92,126.92,0.0,609.085598,0.0
2019-03-01,17,0,237,221.14,221.14,0.0,419.381142,0.0
2019-03-01,17,0,238,73.02,73.02,0.0,447.361661,0.0
2019-03-01,17,0,240,11.05,11.05,0.0,10.681225,0.0
2019-03-01,17,0,245,78.0,78.0,0.0,594.8282,0.0
2019-03-01,17,0,247,171.72,171.72,0.0,1309.537161,0.0
2019-03-01,17,0,248,22.5,22.5,0.0,42.670144,0.0
2019-03-01,17,0,249,150.0,150.0,0.0,1143.900386,0.0
2019-03-01,17,0,251,326.4,326.4,0.0,2147.790772,0.0
2019-03-01,17,0,252,267.06,267.06,0.0,1829.881962,0.0
2019-03-01,17,0,254,15.27,15.27,0.0,35.262673,0.0
2019-03-01,17,0,255,7.0,7.0,0.0,16.164945,0.0
2019-03-01,17,0,258,13.51,13.51,0.0,14.730022,0.0
2019-03-01,17,0,260,5.4,5.4,0.0,21.769093,0.0
2019-03-01,17,0,265,70.22,70.22,0.0,-916.313633,0.0
2019-03-01,17,0,266,21.54,21.54,0.0,-281.079403,0.0
2019-03-01,17,0,267,26.47,26.47,0.0,-345.411875,0.0
2019-03-01,17,0,270,63.03,63.03,0.0,475.759479,0.0
2019-03-01,17,0,272,0.0,0.0,0.0,0.0,0.0
2019-03-01,17,0,273,18.75,18.75,0.0,141.527689,0.0
2019-03-01,17,0,274,81.26,81.26,0.0,613.362133,0.0
2019-03-01,17,0,275,113.11,113.11,0.0,853.7705,0.0
2019-03-01,17,0,276,3.97,3.97,0.0,39.69066,0.0
2019-03-01,17,0,277,4.39,4.39,0.0,108.700801,0.0
2019-03-01,17,0,278,7.03,7.03,0.0,174.069848,0.0
2019-03-01,17,0,279,0.0,0.0,0.0,0.0,0.0
2019-03-01,17,0,281,56.1,56.1,0.0,-56100.0,0.0
2019-03-01,17,0,282,293.18,293.18,0.0,-293180.0,0.0
2019-03-01,18,0,9,1.6,1.6,0.0,20.093825,0.0
2019-03-01,18,0,17,22.03,22.03,0.0,254.461117,0.0
2019-03-01,18,0,19,190.08,190.08,0.0,2195.550118,0.0
2019-03-01,18,0,20,231.46,231.46,0.0,2673.516573,0.0
2019-03-01,18,0,21,36.52,36.52,0.0,458.641561,0.0
2019-03-01,18,0,22,129.78,129.78,0.0,1629.8604,0.0
2019-03-01,18,0,23,37.56,37.56,0.0,471.702548,0.0
2019-03-01,18,0,24,66.65,66.65,0.0,837.033408,0.0
2019-03-01,18,0,29,3.39,3.39,0.0,22.993799,0.0
2019-03-01,18,0,30,331.4,331.4,0.0,4165.068041,0.0
2019-03-01,18,0,31,77.16,77.16,0.0,969.754526,0.0
2019-03-01,18,0,32,2.37,2.37,0.0,42.685896,0.0
2019-03-01,18,0,33,1.31,1.31,0.0,15.10854,0.0
2019-03-01,18,0,34,2.09,2.09,0.0,24.104464,0.0
2019-03-01,18,0,35,2.09,2.09,0.0,24.104464,0.0
2019-03-01,18,0,36,5.83,5.83,0.0,66.378942,0.0
2019-03-01,18,0,37,2.71,2.71,0.0,30.772417,0.0
2019-03-01,18,0,38,3.48,3.48,0.0,39.515871,0.0
2019-03-01,18,0,39,2.32,2.32,0.0,26.343914,0.0
2019-03-01,18,0,40,2.32,2.32,0.0,26.343914,0.0
2019-03-01,18,0,41,21.09,21.09,0.0,255.263682,0.0
2019-03-01,18,0,42,32.07,32.07,0.0,370.550925,0.0
2019-03-01,18,0,43,17.1,17.1,0.0,191.007307,0.0
2019-03-01,18,0,46,13.93,13.93,0.0,159.186962,0.0
2019-03-01,18,0,52,81.79,81.79,0.0,1027.944825,0.0
2019-03-01,18,0,53,129.98,129.98,0.0,1633.601521,0.0
2019-03-01,18,0,55,309.92,309.92,0.0,3892.173951,0.0
2019-03-01,18,0,56,97.75,97.75,0.0,1228.531687,0.0
2019-03-01,18,0,57,92.98,92.98,0.0,1168.581854,0.0
2019-03-01,18,0,58,178.81,178.81,0.0,2247.3018,0.0
2019-03-01,18,0,59,175.83,175.83,0.0,2209.848865,0.0
2019-03-01,18,0,63,5.39,5.39,0.0,99.186191,0.0
2019-03-01,18,0,64,6.34,6.34,0.0,116.667988,0.0
2019-03-01,18,0,65,41.4,41.4,0.0,478.22652,0.0
2019-03-01,18,0,67,164.54,164.54,0.0,1858.527541,0.0
2019-03-01,18,0,68,0.0,0.0,0.0,0.0,0.0
2019-03-01,18,0,69,1.31,1.31,0.0,15.10854,0.0
2019-03-01,18,0,74,55.81,55.81,0.0,647.368515,0.0
2019-03-01,18,0,77,0.0,0.0,0.0,0.0,0.0
2019-03-01,18,0,78,0.0,0.0,0.0,0.0,0.0
2019-03-01,18,0,79,0.0,0.0,0.0,0.0,0.0
2019-03-01,18,0,80,0.0,0.0,0.0,0.0,0.0
2019-03-01,18,0,81,0.0,0.0,0.0,0.0,0.0
2019-03-01,18,0,82,0.0,0.0,0.0,0.0,0.0
2019-03-01,18,0,83,0.0,0.0,0.0,0.0,0.0
2019-03-01,18,0,84,0.0,0.0,0.0,0.0,0.0
2019-03-01,18,0,86,6.63,6.63,0.0,76.465357,0.0
2019-03-01,18,0,87,33.85,33.85,0.0,390.400053,0.0
2019-03-01,18,0,88,0.0,0.0,0.0,0.0,0.0
2019-03-01,18,0,89,0.0,0.0,0.0,0.0,0.0
2019-03-01,18,0,90,0.0,0.0,0.0,0.0,0.0
2019-03-01,18,0,91,0.0,0.0,0.0,0.0,0.0
2019-03-01,18,0,92,0.0,0.0,0.0,0.0,0.0
2019-03-01,18,0,95,34.83,34.83,0.0,629.12404,0.0
2019-03-01,18,0,96,5.33,5.33,0.0,67.040655,0.0
2019-03-01,18,0,97,32.75,32.75,0.0,411.928975,0.0
2019-03-01,18,0,99,10.77,10.77,0.0,124.926696,0.0
2019-03-01,18,0,101,6.68,6.68,0.0,83.954902,0.0
2019-03-01,18,0,102,0.0,0.0,0.0,0.0,0.0
2019-03-01,18,0,103,0.0,0.0,0.0,0.0,0.0
2019-03-01,18,0,104,0.0,0.0,0.0,0.0,0.0
2019-03-01,18,0,106,127.76,127.76,0.0,1604.491946,0.0
2019-03-01,18,0,109,16.24,16.24,0.0,190.189283,0.0
2019-03-01,18,0,110,16.37,16.37,0.0,123.563107,0.0
2019-03-01,18,0,111,10.4,10.4,0.0,125.876827,0.0
2019-03-01,18,0,113,0.0,0.0,0.0,0.0,0.0
2019-03-01,18,0,115,0.0,0.0,0.0,0.0,0.0
2019-03-01,18,0,116,46.29,46.29,0.0,349.403558,0.0
2019-03-01,18,0,117,0.0,0.0,0.0,0.0,0.0
2019-03-01,18,0,119,6.34,6.34,0.0,116.667988,0.0
2019-03-01,18,0,120,3.73,3.73,0.0,68.639053,0.0
2019-03-01,18,0,123,2.13,2.13,0.0,26.749905,0.0
2019-03-01,18,0,125,60.27,60.27,0.0,756.90928,0.0
2019-03-01,18,0,126,95.82,95.82,0.0,1203.36896,0.0
2019-03-01,18,0,127,122.96,122.96,0.0,1544.21047,0.0
2019-03-01,18,0,128,86.55,86.55,0.0,1086.95036,0.0
2019-03-01,18,0,131,0.0,0.0,0.0,0.0,0.0
2019-03-01,18,0,132,0.0,0.0,0.0,0.0,0.0
2019-03-01,18,0,133,132.01,132.01,0.0,1524.794361,0.0
2019-03-01,18,0,134,0.0,0.0,0.0,0.0,0.0
2019-03-01,18,0,135,176.89,176.89,0.0,2043.185171,0.0
2019-03-01,18,0,136,45.9,45.9,0.0,530.209432,0.0
2019-03-01,18,0,139,27.23,27.23,0.0,329.579424,0.0
2019-03-01,18,0,140,12.12,12.12,0.0,91.483498,0.0
2019-03-01,18,0,141,76.93,76.93,0.0,868.946905,0.0
2019-03-01,18,0,142,216.99,216.99,0.0,2450.965668,0.0
2019-03-01,18,0,143,122.67,122.67,0.0,1541.728716,0.0
2019-03-01,18,0,145,5.86,5.86,0.0,71.789217,0.0
2019-03-01,18,0,146,58.74,58.74,0.0,443.377943,0.0
2019-03-01,18,0,152,4.3,4.3,0.0,49.678516,0.0
2019-03-01,18,0,153,5.34,5.34,0.0,61.692506,0.0
2019-03-01,18,0,154,42.88,42.88,0.0,518.999842,0.0
2019-03-01,18,0,157,36.71,36.71,0.0,414.650213,0.0
2019-03-01,18,0,158,180.16,180.16,0.0,2034.96002,0.0
2019-03-01,18,0,159,0.0,0.0,0.0,0.0,0.0
2019-03-01,18,0,160,1.31,1.31,0.0,13.988662,0.0
2019-03-01,18,0,161,28.33,28.33,0.0,354.661146,0.0
2019-03-01,18,0,162,34.98,34.98,0.0,631.878002,0.0
2019-03-01,18,0,163,10.91,10.91,0.0,82.350244,0.0
2019-03-01,18,0,164,12.59,12.59,0.0,158.232368,0.0
2019-03-01,18,0,167,2.58,2.58,0.0,46.566283,0.0
2019-03-01,18,0,168,1.29,1.29,0.0,23.283142,0.0
2019-03-01,18,0,169,0.0,0.0,0.0,0.0,0.0
2019-03-01,18,0,170,2.82,2.82,0.0,50.89803,0.0
2019-03-01,18,0,172,3.29,3.29,0.0,61.098364,0.0
2019-03-01,18,0,173,5.01,5.01,0.0,93.040366,0.0
2019-03-01,18,0,188,4.83,4.83,0.0,87.044839,0.0
2019-03-01,18,0,190,4.18,4.18,0.0,76.919903,0.0
2019-03-01,18,0,191,10.81,10.81,0.0,198.924439,0.0
2019-03-01,18,0,192,7.35,7.35,0.0,135.253897,0.0
2019-03-01,18,0,194,0.0,0.0,0.0,0.0,0.0
2019-03-01,18,0,196,2.59,2.59,0.0,50.82191,0.0
2019-03-01,18,0,198,5.26,5.26,0.0,50.485739,0.0
2019-03-01,18,0,199,46.56,46.56,0.0,420.748413,0.0
2019-03-01,18,0,200,8.93,8.93,0.0,80.697666,0.0
2019-03-01,18,0,204,62.33,62.33,0.0,731.223467,0.0
2019-03-01,18,0,205,85.9,85.9,0.0,1005.988881,0.0
2019-03-01,18,0,206,96.24,96.24,0.0,1210.505177,0.0
2019-03-01,18,0,210,1.07,1.07,0.0,7.376423,0.0
2019-03-01,18,0,214,6.02,6.02,0.0,69.374178,0.0
2019-03-01,18,0,217,3.98,3.98,0.0,37.802296,0.0
2019-03-01,18,0,218,5.5,5.5,0.0,52.239354,0.0
2019-03-01,18,0,219,3.75,3.75,0.0,35.617741,0.0
2019-03-01,18,0,221,3.21,3.21,0.0,36.991879,0.0
2019-03-01,18,0,225,3.16,3.16,0.0,21.399867,0.0
2019-03-01,18,0,233,3.75,3.75,0.0,43.249637,0.0
2019-03-01,18,0,236,141.51,141.51,0.0,1635.273948,0.0
2019-03-01,18,0,237,133.87,133.87,0.0,1552.826071,0.0
2019-03-01,18,0,238,41.74,41.74,0.0,482.282371,0.0
2019-03-01,18,0,240,6.61,6.61,0.0,75.259829,0.0
2019-03-01,18,0,245,78.0,78.0,0.0,900.750476,0.0
2019-03-01,18,0,247,171.72,171.72,0.0,1983.036817,0.0
2019-03-01,18,0,248,13.44,13.44,0.0,155.897381,0.0
2019-03-01,18,0,249,150.0,150.0,0.0,1732.212454,0.0
2019-03-01,18,0,251,326.4,326.4,0.0,3770.741664,0.0
2019-03-01,18,0,252,267.06,267.06,0.0,3084.907598,0.0
2019-03-01,18,0,254,9.23,9.23,0.0,101.960538,0.0
2019-03-01,18,0,255,4.23,4.23,0.0,46.727311,0.0
2019-03-01,18,0,258,8.2,8.2,0.0,93.077464,0.0
2019-03-01,18,0,260,3.19,3.19,0.0,34.063994,0.0
2019-03-01,18,0,265,44.4,44.4,0.0,537.397225,0.0
2019-03-01,18,0,266,17.63,17.63,0.0,213.38543,0.0
2019-03-01,18,0,267,21.67,21.67,0.0,262.283736,0.0
2019-03-01,18,0,270,34.07,34.07,0.0,257.165246,0.0
2019-03-01,18,0,272,0.0,0.0,0.0,0.0,0.0
2019-03-01,18,0,273,11.07,11.07,0.0,83.557947,0.0
2019-03-01,18,0,274,43.92,43.92,0.0,331.514458,0.0
2019-03-01,18,0,275,61.13,61.13,0.0,461.418006,0.0
2019-03-01,18,0,276,2.36,2.36,0.0,19.788135,0.0
2019-03-01,18,0,277,2.63,2.63,0.0,36.153269,0.0
2019-03-01,18,0,278,4.21,4.21,0.0,57.872723,0.0
2019-03-01,18,0,279,0.0,0.0,0.0,0.0,0.0
2019-03-01,18,0,281,34.6,34.6,0.0,434.856229,0.0
2019-03-01,18,0,282,181.79,181.79,0.0,2284.754735,0.0
2019-03-01,19,0,9,0.41,0.41,0.0,5.143554,0.0
2019-03-01,19,0,17,3.17,3.17,0.0,29.792889,0.0
2019-03-01,19,0,19,397.3,397.3,0.0,3733.979408,0.0
2019-03-01,19,0,20,482.91,482.91,0.0,4538.575373,0.0
2019-03-01,19,0,21,9.3,9.3,0.0,116.670863,0.0
2019-03-01,19,0,22,33.05,33.05,0.0,414.620649,0.0
2019-03-01,19,0,23,24.57,24.57,0.0,308.236894,0.0
2019-03-01,19,0,24,43.48,43.48,0.0,545.467649,0.0
2019-03-01,19,0,29,0.27,0.27,0.0,2.102826,0.0
2019-03-01,19,0,30,87.33,87.33,0.0,1097.391249,0.0
2019-03-01,19,0,31,21.92,21.92,0.0,275.44734,0.0
2019-03-01,19,0,32,0.38,0.38,0.0,7.370328,0.0
2019-03-01,19,0,33,0.19,0.19,0.0,1.688566,0.0
2019-03-01,19,0,34,0.3,0.3,0.0,2.666157,0.0
2019-03-01,19,0,35,0.3,0.3,0.0,2.666157,0.0
2019-03-01,19,0,36,0.94,0.94,0.0,9.515339,0.0
2019-03-01,19,0,37,0.43,0.43,0.0,4.352598,0.0
2019-03-01,19,0,38,0.55,0.55,0.0,5.567277,0.0
2019-03-01,19,0,39,0.37,0.37,0.0,3.745259,0.0
2019-03-01,19,0,40,0.37,0.37,0.0,3.745259,0.0
2019-03-01,19,0,41,17.12,17.12,0.0,196.421499,0.0
2019-03-01,19,0,42,6.43,6.43,0.0,61.144138,0.0
2019-03-01,19,0,43,2.64,2.64,0.0,26.202867,0.0
2019-03-01,19,0,46,2.13,2.13,0.0,22.013579,0.0
2019-03-01,19,0,52,23.24,23.24,0.0,292.034497,0.0
2019-03-01,19,0,53,36.91,36.91,0.0,463.812103,0.0
2019-03-01,19,0,55,90.4,90.4,0.0,1134.090973,0.0
2019-03-01,19,0,56,25.76,25.76,0.0,323.700888,0.0
2019-03-01,19,0,57,24.5,24.5,0.0,307.867693,0.0
2019-03-01,19,0,58,47.12,47.12,0.0,592.111252,0.0
2019-03-01,19,0,59,46.33,46.33,0.0,582.18409,0.0
2019-03-01,19,0,63,0.0,0.0,0.0,0.0,0.0
2019-03-01,19,0,64,0.0,0.0,0.0,0.0,0.0
2019-03-01,19,0,65,41.4,41.4,0.0,389.945434,0.0
2019-03-01,19,0,67,40.04,40.04,0.0,501.790936,0.0
2019-03-01,19,0,68,0.45,0.45,0.0,6.166585,0.0
2019-03-01,19,0,69,0.19,0.19,0.0,1.688566,0.0
2019-03-01,19,0,74,55.89,55.89,0.0,559.510669,0.0
2019-03-01,19,0,77,0.0,0.0,0.0,0.0,0.0
2019-03-01,19,0,78,0.0,0.0,0.0,0.0,0.0
2019-03-01,19,0,79,0.0,0.0,0.0,0.0,0.0
2019-03-01,19,0,80,0.0,0.0,0.0,0.0,0.0
2019-03-01,19,0,81,0.0,0.0,0.0,0.0,0.0
2019-03-01,19,0,82,0.0,0.0,0.0,0.0,0.0
2019-03-01,19,0,83,0.0,0.0,0.0,0.0,0.0
2019-03-01,19,0,84,0.0,0.0,0.0,0.0,0.0
2019-03-01,19,0,86,0.94,0.94,0.0,8.35396,0.0
2019-03-01,19,0,87,4.8,4.8,0.0,42.658517,0.0
2019-03-01,19,0,88,0.0,0.0,0.0,0.0,0.0
2019-03-01,19,0,89,0.0,0.0,0.0,0.0,0.0
2019-03-01,19,0,90,0.0,0.0,0.0,0.0,0.0
2019-03-01,19,0,91,0.0,0.0,0.0,0.0,0.0
2019-03-01,19,0,92,0.0,0.0,0.0,0.0,0.0
2019-03-01,19,0,95,50.96,50.96,0.0,990.956939,0.0
2019-03-01,19,0,96,1.85,1.85,0.0,23.287318,0.0
2019-03-01,19,0,97,11.35,11.35,0.0,142.870841,0.0
2019-03-01,19,0,99,10.79,10.79,0.0,108.017894,0.0
2019-03-01,19,0,101,1.76,1.76,0.0,22.11621,0.0
2019-03-01,19,0,102,1.27,1.27,0.0,17.403472,0.0
2019-03-01,19,0,103,1.07,1.07,0.0,14.662768,0.0
2019-03-01,19,0,104,0.15,0.15,0.0,2.055528,0.0
2019-03-01,19,0,106,32.54,32.54,0.0,408.222569,0.0
2019-03-01,19,0,109,5.22,5.22,0.0,56.06715,0.0
2019-03-01,19,0,110,43.02,43.02,0.0,384.831444,0.0
2019-03-01,19,0,111,2.2,2.2,0.0,25.24108,0.0
2019-03-01,19,0,113,0.0,0.0,0.0,0.0,0.0
2019-03-01,19,0,115,0.0,0.0,0.0,0.0,0.0
2019-03-01,19,0,116,12.03,12.03,0.0,107.613256,0.0
2019-03-01,19,0,117,0.0,0.0,0.0,0.0,0.0
2019-03-01,19,0,119,0.0,0.0,0.0,0.0,0.0
2019-03-01,19,0,120,0.0,0.0,0.0,0.0,0.0
2019-03-01,19,0,123,0.54,0.54,0.0,6.774437,0.0
2019-03-01,19,0,125,39.35,39.35,0.0,493.65575,0.0
2019-03-01,19,0,126,24.4,24.4,0.0,306.104201,0.0
2019-03-01,19,0,127,31.32,31.32,0.0,392.917359,0.0
2019-03-01,19,0,128,56.35,56.35,0.0,706.92507,0.0
2019-03-01,19,0,131,0.0,0.0,0.0,0.0,0.0
2019-03-01,19,0,132,0.0,0.0,0.0,0.0,0.0
2019-03-01,19,0,133,135.62,135.62,0.0,1274.346317,0.0
2019-03-01,19,0,134,0.0,0.0,0.0,0.0,0.0
2019-03-01,19,0,135,183.78,183.78,0.0,1726.879267,0.0
2019-03-01,19,0,136,45.9,45.9,0.0,432.382676,0.0
2019-03-01,19,0,139,22.11,22.11,0.0,253.672858,0.0
2019-03-01,19,0,140,31.84,31.84,0.0,284.821784,0.0
2019-03-01,19,0,141,44.86,44.86,0.0,562.196338,0.0
2019-03-01,19,0,142,52.8,52.8,0.0,661.702333,0.0
2019-03-01,19,0,143,36.12,36.12,0.0,453.884941,0.0
2019-03-01,19,0,145,2.77,2.77,0.0,32.931786,0.0
2019-03-01,19,0,146,161.18,161.18,0.0,1441.820829,0.0
2019-03-01,19,0,152,0.72,0.72,0.0,7.181861,0.0
2019-03-01,19,0,153,0.88,0.88,0.0,8.800605,0.0
2019-03-01,19,0,154,9.05,9.05,0.0,103.832626,0.0
2019-03-01,19,0,157,15.3,15.3,0.0,191.74329,0.0
2019-03-01,19,0,158,55.75,55.75,0.0,698.672444,0.0
2019-03-01,19,0,159,0.0,0.0,0.0,0.0,0.0
2019-03-01,19,0,160,0.18,0.18,0.0,1.681182,0.0
2019-03-01,19,0,161,7.09,7.09,0.0,97.157968,0.0
2019-03-01,19,0,162,44.74,44.74,0.0,870.064099,0.0
2019-03-01,19,0,163,5.86,5.86,0.0,52.42009,0.0
2019-03-01,19,0,164,3.93,3.93,0.0,49.384491,0.0
2019-03-01,19,0,167,0.41,0.41,0.0,7.967225,0.0
2019-03-01,19,0,168,0.21,0.21,0.0,4.080774,0.0
2019-03-01,19,0,169,0.0,0.0,0.0,0.0,0.0
2019-03-01,19,0,170,0.45,0.45,0.0,8.744515,0.0
2019-03-01,19,0,172,0.57,0.57,0.0,11.360485,0.0
2019-03-01,19,0,173,0.87,0.87,0.0,17.339688,0.0
2019-03-01,19,0,188,0.84,0.84,0.0,16.299419,0.0
2019-03-01,19,0,190,0.85,0.85,0.0,16.814723,0.0
2019-03-01,19,0,191,2.2,2.2,0.0,43.520459,0.0
2019-03-01,19,0,192,0.0,0.0,0.0,0.0,0.0
2019-03-01,19,0,194,4.97,4.97,0.0,83.143835,0.0
2019-03-01,19,0,196,0.61,0.61,0.0,12.795472,0.0
2019-03-01,19,0,198,0.74,0.74,0.0,6.126814,0.0
2019-03-01,19,0,199,29.27,29.27,0.0,385.599092,0.0
2019-03-01,19,0,200,1.63,1.63,0.0,21.473404,0.0
2019-03-01,19,0,204,20.88,20.88,0.0,225.884457,0.0
2019-03-01,19,0,205,27.62,27.62,0.0,296.661816,0.0
2019-03-01,19,0,206,33.34,33.34,0.0,419.675228,0.0
2019-03-01,19,0,210,0.11,0.11,0.0,0.85954,0.0
2019-03-01,19,0,214,0.69,0.69,0.0,5.923756,0.0
2019-03-01,19,0,217,0.4,0.4,0.0,3.269258,0.0
2019-03-01,19,0,218,0.55,0.55,0.0,4.49523,0.0
2019-03-01,19,0,219,0.38,0.38,0.0,3.105795,0.0
2019-03-01,19,0,221,0.37,0.37,0.0,3.176507,0.0
2019-03-01,19,0,225,0.27,0.27,0.0,2.102155,0.0
2019-03-01,19,0,233,0.53,0.53,0.0,4.710211,0.0
2019-03-01,19,0,236,158.66,158.66,0.0,1535.525668,0.0
2019-03-01,19,0,237,134.07,134.07,0.0,1342.164885,0.0
2019-03-01,19,0,238,8.37,8.37,0.0,79.59198,0.0
2019-03-01,19,0,240,1.07,1.07,0.0,10.83129,0.0
2019-03-01,19,0,245,78.0,78.0,0.0,727.170094,0.0
2019-03-01,19,0,247,171.72,171.72,0.0,1600.892929,0.0
2019-03-01,19,0,248,13.46,13.46,0.0,134.747068,0.0
2019-03-01,19,0,249,150.0,150.0,0.0,1398.404026,0.0
2019-03-01,19,0,251,326.4,326.4,0.0,3085.383365,0.0
2019-03-01,19,0,252,267.06,267.06,0.0,2515.430618,0.0
2019-03-01,19,0,254,1.26,1.26,0.0,12.320814,0.0
2019-03-01,19,0,255,0.58,0.58,0.0,5.671486,0.0
2019-03-01,19,0,258,1.32,1.32,0.0,13.319887,0.0
2019-03-01,19,0,260,0.45,0.45,0.0,4.202955,0.0
2019-03-01,19,0,265,9.37,9.37,0.0,107.504056,0.0
2019-03-01,19,0,266,14.32,14.32,0.0,164.296487,0.0
2019-03-01,19,0,267,17.59,17.59,0.0,201.813911,0.0
2019-03-01,19,0,270,18.29,18.29,0.0,163.611509,0.0
2019-03-01,19,0,272,0.0,0.0,0.0,0.0,0.0
2019-03-01,19,0,273,2.88,2.88,0.0,25.762774,0.0
2019-03-01,19,0,274,23.58,23.58,0.0,210.932716,0.0
2019-03-01,19,0,275,32.83,32.83,0.0,293.677738,0.0
2019-03-01,19,0,276,0.65,0.65,0.0,6.335077,0.0
2019-03-01,19,0,277,0.78,0.78,0.0,11.662057,0.0
2019-03-01,19,0,278,1.24,1.24,0.0,18.53968,0.0
2019-03-01,19,0,279,0.0,0.0,0.0,0.0,0.0
2019-03-01,19,0,281,9.84,9.84,0.0,123.649718,0.0
2019-03-01,19,0,282,47.9,47.9,0.0,601.912754,0.0
2019-03-01,20,0,9,0.0,0.0,0.0,0.0,0.0
2019-03-01,20,0,17,0.0,0.0,0.0,0.0,0.0
2019-03-01,20,0,19,306.05,306.05,0.0,3173.662081,0.0
2019-03-01,20,0,20,371.18,371.18,0.0,3849.043919,0.0
2019-03-01,20,0,21,0.0,0.0,0.0,0.0,0.0
2019-03-01,20,0,22,0.0,0.0,0.0,0.0,0.0
2019-03-01,20,0,23,9.47,9.47,0.0,122.657129,0.0
2019-03-01,20,0,24,16.76,16.76,0.0,217.078509,0.0
2019-03-01,20,0,29,0.0,0.0,0.0,0.0,0.0
2019-03-01,20,0,30,0.0,0.0,0.0,0.0,0.0
2019-03-01,20,0,31,7.16,7.16,0.0,92.866272,0.0
2019-03-01,20,0,32,0.0,0.0,0.0,0.0,0.0
2019-03-01,20,0,33,0.0,0.0,0.0,0.0,0.0
2019-03-01,20,0,34,0.0,0.0,0.0,0.0,0.0
2019-03-01,20,0,35,0.0,0.0,0.0,0.0,0.0
2019-03-01,20,0,36,0.0,0.0,0.0,0.0,0.0
2019-03-01,20,0,37,0.0,0.0,0.0,0.0,0.0
2019-03-01,20,0,38,0.0,0.0,0.0,0.0,0.0
2019-03-01,20,0,39,0.0,0.0,0.0,0.0,0.0
2019-03-01,20,0,40,0.0,0.0,0.0,0.0,0.0
2019-03-01,20,0,41,29.09,29.09,0.0,350.116747,0.0
2019-03-01,20,0,42,0.0,0.0,0.0,0.0,0.0
2019-03-01,20,0,43,0.0,0.0,0.0,0.0,0.0
2019-03-01,20,0,46,0.0,0.0,0.0,0.0,0.0
2019-03-01,20,0,52,7.59,7.59,0.0,98.443437,0.0
2019-03-01,20,0,53,12.05,12.05,0.0,156.290305,0.0
2019-03-01,20,0,55,40.96,40.96,0.0,530.521225,0.0
2019-03-01,20,0,56,0.0,0.0,0.0,0.0,0.0
2019-03-01,20,0,57,0.0,0.0,0.0,0.0,0.0
2019-03-01,20,0,58,0.0,0.0,0.0,0.0,0.0
2019-03-01,20,0,59,0.0,0.0,0.0,0.0,0.0
2019-03-01,20,0,63,6.02,6.02,0.0,119.241805,0.0
2019-03-01,20,0,64,7.08,7.08,0.0,140.23787,0.0
2019-03-01,20,0,65,41.4,41.4,0.0,429.926672,0.0
2019-03-01,20,0,67,0.0,0.0,0.0,0.0,0.0
2019-03-01,20,0,68,0.7,0.7,0.0,9.663124,0.0
2019-03-01,20,0,69,0.0,0.0,0.0,0.0,0.0
2019-03-01,20,0,74,41.7,41.7,0.0,451.356346,0.0
2019-03-01,20,0,77,0.0,0.0,0.0,0.0,0.0
2019-03-01,20,0,78,0.0,0.0,0.0,0.0,0.0
2019-03-01,20,0,79,0.0,0.0,0.0,0.0,0.0
2019-03-01,20,0,80,0.0,0.0,0.0,0.0,0.0
2019-03-01,20,0,81,0.0,0.0,0.0,0.0,0.0
2019-03-01,20,0,82,0.0,0.0,0.0,0.0,0.0
2019-03-01,20,0,83,0.0,0.0,0.0,0.0,0.0
2019-03-01,20,0,84,0.0,0.0,0.0,0.0,0.0
2019-03-01,20,0,86,0.0,0.0,0.0,0.0,0.0
2019-03-01,20,0,87,0.0,0.0,0.0,0.0,0.0
2019-03-01,20,0,88,0.0,0.0,0.0,0.0,0.0
2019-03-01,20,0,89,0.0,0.0,0.0,0.0,0.0
2019-03-01,20,0,90,0.0,0.0,0.0,0.0,0.0
2019-03-01,20,0,91,0.0,0.0,0.0,0.0,0.0
2019-03-01,20,0,92,0.0,0.0,0.0,0.0,0.0
2019-03-01,20,0,95,18.88,18.88,0.0,367.136323,0.0
2019-03-01,20,0,96,0.0,0.0,0.0,0.0,0.0
2019-03-01,20,0,97,0.0,0.0,0.0,0.0,0.0
2019-03-01,20,0,99,8.05,8.05,0.0,87.13234,0.0
2019-03-01,20,0,101,0.0,0.0,0.0,0.0,0.0
2019-03-01,20,0,102,1.65,1.65,0.0,22.777364,0.0
2019-03-01,20,0,103,1.43,1.43,0.0,19.740382,0.0
2019-03-01,20,0,104,0.27,0.27,0.0,3.727205,0.0
2019-03-01,20,0,106,0.0,0.0,0.0,0.0,0.0
2019-03-01,20,0,109,6.4,6.4,0.0,72.849004,0.0
2019-03-01,20,0,110,66.55,66.55,0.0,595.316889,0.0
2019-03-01,20,0,111,0.0,0.0,0.0,0.0,0.0
2019-03-01,20,0,113,1.72,1.72,0.0,26.332073,0.0
2019-03-01,20,0,115,1.72,1.72,0.0,26.332073,0.0
2019-03-01,20,0,116,0.0,0.0,0.0,0.0,0.0
2019-03-01,20,0,117,0.11,0.11,0.0,1.684028,0.0
2019-03-01,20,0,119,7.08,7.08,0.0,140.23787,0.0
2019-03-01,20,0,120,4.16,4.16,0.0,82.399653,0.0
2019-03-01,20,0,123,0.0,0.0,0.0,0.0,0.0
2019-03-01,20,0,125,15.16,15.16,0.0,196.355024,0.0
2019-03-01,20,0,126,0.0,0.0,0.0,0.0,0.0
2019-03-01,20,0,127,0.0,0.0,0.0,0.0,0.0
2019-03-01,20,0,128,21.72,21.72,0.0,281.321314,0.0
2019-03-01,20,0,131,0.0,0.0,0.0,0.0,0.0
2019-03-01,20,0,132,0.0,0.0,0.0,0.0,0.0
2019-03-01,20,0,133,80.56,80.56,0.0,835.2736,0.0
2019-03-01,20,0,134,0.0,0.0,0.0,0.0,0.0
2019-03-01,20,0,135,107.36,107.36,0.0,1113.145155,0.0
2019-03-01,20,0,136,42.52,42.52,0.0,441.59244,0.0
2019-03-01,20,0,139,38.93,38.93,0.0,468.547438,0.0
2019-03-01,20,0,140,49.26,49.26,0.0,440.650788,0.0
2019-03-01,20,0,141,11.36,11.36,0.0,143.23068,0.0
2019-03-01,20,0,142,0.0,0.0,0.0,0.0,0.0
2019-03-01,20,0,143,12.24,12.24,0.0,158.754633,0.0
2019-03-01,20,0,145,0.0,0.0,0.0,0.0,0.0
2019-03-01,20,0,146,156.4,156.4,0.0,1399.06178,0.0
2019-03-01,20,0,152,0.0,0.0,0.0,0.0,0.0
2019-03-01,20,0,153,0.0,0.0,0.0,0.0,0.0
2019-03-01,20,0,154,0.0,0.0,0.0,0.0,0.0
2019-03-01,20,0,157,0.0,0.0,0.0,0.0,0.0
2019-03-01,20,0,158,0.0,0.0,0.0,0.0,0.0
2019-03-01,20,0,159,0.0,0.0,0.0,0.0,0.0
2019-03-01,20,0,160,0.0,0.0,0.0,0.0,0.0
2019-03-01,20,0,161,0.0,0.0,0.0,0.0,0.0
2019-03-01,20,0,162,19.9,19.9,0.0,387.006045,0.0
2019-03-01,20,0,163,17.03,17.03,0.0,152.340295,0.0
2019-03-01,20,0,164,0.0,0.0,0.0,0.0,0.0
2019-03-01,20,0,167,0.0,0.0,0.0,0.0,0.0
2019-03-01,20,0,168,0.0,0.0,0.0,0.0,0.0
2019-03-01,20,0,169,0.0,0.0,0.0,0.0,0.0
2019-03-01,20,0,170,0.0,0.0,0.0,0.0,0.0
2019-03-01,20,0,172,0.0,0.0,0.0,0.0,0.0
2019-03-01,20,0,173,0.0,0.0,0.0,0.0,0.0
2019-03-01,20,0,188,0.0,0.0,0.0,0.0,0.0
2019-03-01,20,0,190,0.0,0.0,0.0,0.0,0.0
2019-03-01,20,0,191,0.0,0.0,0.0,0.0,0.0
2019-03-01,20,0,192,16.62,16.62,0.0,329.202458,0.0
2019-03-01,20,0,194,11.76,11.76,0.0,197.369162,0.0
2019-03-01,20,0,196,0.0,0.0,0.0,0.0,0.0
2019-03-01,20,0,198,0.0,0.0,0.0,0.0,0.0
2019-03-01,20,0,199,19.56,19.56,0.0,257.760045,0.0
2019-03-01,20,0,200,0.0,0.0,0.0,0.0,0.0
2019-03-01,20,0,204,52.69,52.69,0.0,603.020896,0.0
2019-03-01,20,0,205,33.83,33.83,0.0,385.075284,0.0
2019-03-01,20,0,206,0.0,0.0,0.0,0.0,0.0
2019-03-01,20,0,210,0.0,0.0,0.0,0.0,0.0
2019-03-01,20,0,214,0.0,0.0,0.0,0.0,0.0
2019-03-01,20,0,217,0.0,0.0,0.0,0.0,0.0
2019-03-01,20,0,218,0.0,0.0,0.0,0.0,0.0
2019-03-01,20,0,219,0.0,0.0,0.0,0.0,0.0
2019-03-01,20,0,221,0.0,0.0,0.0,0.0,0.0
2019-03-01,20,0,225,0.0,0.0,0.0,0.0,0.0
2019-03-01,20,0,233,0.0,0.0,0.0,0.0,0.0
2019-03-01,20,0,236,125.98,125.98,0.0,1331.797629,0.0
2019-03-01,20,0,237,100.03,100.03,0.0,1082.714037,0.0
2019-03-01,20,0,238,0.0,0.0,0.0,0.0,0.0
2019-03-01,20,0,240,0.0,0.0,0.0,0.0,0.0
2019-03-01,20,0,245,145.89,145.89,0.0,1504.821469,0.0
2019-03-01,20,0,247,152.22,152.22,0.0,1570.113949,0.0
2019-03-01,20,0,248,10.04,10.04,0.0,108.671888,0.0
2019-03-01,20,0,249,280.44,280.44,0.0,2892.673471,0.0
2019-03-01,20,0,251,326.4,326.4,0.0,3397.579447,0.0
2019-03-01,20,0,252,267.06,267.06,0.0,2773.338573,0.0
2019-03-01,20,0,254,0.0,0.0,0.0,0.0,0.0
2019-03-01,20,0,255,0.0,0.0,0.0,0.0,0.0
2019-03-01,20,0,258,0.0,0.0,0.0,0.0,0.0
2019-03-01,20,0,260,0.0,0.0,0.0,0.0,0.0
2019-03-01,20,0,265,0.0,0.0,0.0,0.0,0.0
2019-03-01,20,0,266,23.73,23.73,0.0,285.60572,0.0
2019-03-01,20,0,267,30.01,30.01,0.0,361.189535,0.0
2019-03-01,20,0,270,53.19,53.19,0.0,475.806241,0.0
2019-03-01,20,0,272,5.76,5.76,0.0,88.181826,0.0
2019-03-01,20,0,273,0.0,0.0,0.0,0.0,0.0
2019-03-01,20,0,274,68.56,68.56,0.0,613.297159,0.0
2019-03-01,20,0,275,95.44,95.44,0.0,853.74972,0.0
2019-03-01,20,0,276,0.0,0.0,0.0,0.0,0.0
2019-03-01,20,0,277,0.0,0.0,0.0,0.0,0.0
2019-03-01,20,0,278,0.0,0.0,0.0,0.0,0.0
2019-03-01,20,0,279,33.8,33.8,0.0,508.982607,0.0
2019-03-01,20,0,281,3.21,3.21,0.0,41.634181,0.0
2019-03-01,20,0,282,0.0,0.0,0.0,0.0,0.0
2019-03-01,21,0,9,0.0,0.0,0.0,0.0,0.0
2019-03-01,21,0,17,0.0,0.0,0.0,0.0,0.0
2019-03-01,21,0,19,219.55,219.55,0.0,2230.894301,0.0
2019-03-01,21,0,20,266.27,266.27,0.0,2705.626169,0.0
2019-03-01,21,0,21,0.0,0.0,0.0,0.0,0.0
2019-03-01,21,0,22,0.0,0.0,0.0,0.0,0.0
2019-03-01,21,0,23,9.45,9.45,0.0,112.415134,0.0
2019-03-01,21,0,24,16.72,16.72,0.0,198.897465,0.0
2019-03-01,21,0,29,0.0,0.0,0.0,0.0,0.0
2019-03-01,21,0,30,0.0,0.0,0.0,0.0,0.0
2019-03-01,21,0,31,1.99,1.99,0.0,23.69762,0.0
2019-03-01,21,0,32,0.0,0.0,0.0,0.0,0.0
2019-03-01,21,0,33,0.0,0.0,0.0,0.0,0.0
2019-03-01,21,0,34,0.0,0.0,0.0,0.0,0.0
2019-03-01,21,0,35,0.0,0.0,0.0,0.0,0.0
2019-03-01,21,0,36,0.0,0.0,0.0,0.0,0.0
2019-03-01,21,0,37,0.0,0.0,0.0,0.0,0.0
2019-03-01,21,0,38,0.0,0.0,0.0,0.0,0.0
2019-03-01,21,0,39,0.0,0.0,0.0,0.0,0.0
2019-03-01,21,0,40,0.0,0.0,0.0,0.0,0.0
2019-03-01,21,0,41,60.29,60.29,0.0,678.881325,0.0
2019-03-01,21,0,42,0.0,0.0,0.0,0.0,0.0
2019-03-01,21,0,43,0.0,0.0,0.0,0.0,0.0
2019-03-01,21,0,46,0.0,0.0,0.0,0.0,0.0
2019-03-01,21,0,52,2.11,2.11,0.0,25.126622,0.0
2019-03-01,21,0,53,3.36,3.36,0.0,40.012062,0.0
2019-03-01,21,0,55,24.48,24.48,0.0,291.208728,0.0
2019-03-01,21,0,56,0.0,0.0,0.0,0.0,0.0
2019-03-01,21,0,57,0.0,0.0,0.0,0.0,0.0
2019-03-01,21,0,58,0.0,0.0,0.0,0.0,0.0
2019-03-01,21,0,59,0.0,0.0,0.0,0.0,0.0
2019-03-01,21,0,63,19.73,19.73,0.0,364.605001,0.0
2019-03-01,21,0,64,23.21,23.21,0.0,428.914449,0.0
2019-03-01,21,0,65,28.36,28.36,0.0,288.42706,0.0
2019-03-01,21,0,67,0.0,0.0,0.0,0.0,0.0
2019-03-01,21,0,68,1.3,1.3,0.0,15.590332,0.0
2019-03-01,21,0,69,0.0,0.0,0.0,0.0,0.0
2019-03-01,21,0,74,31.09,31.09,0.0,324.579882,0.0
2019-03-01,21,0,77,13.28,13.28,0.0,174.079457,0.0
2019-03-01,21,0,78,10.06,10.06,0.0,131.870432,0.0
2019-03-01,21,0,79,5.84,5.84,0.0,76.553014,0.0
2019-03-01,21,0,80,9.42,9.42,0.0,123.48106,0.0
2019-03-01,21,0,81,12.29,12.29,0.0,161.102148,0.0
2019-03-01,21,0,82,8.69,8.69,0.0,113.911934,0.0
2019-03-01,21,0,83,19.25,19.25,0.0,252.336562,0.0
2019-03-01,21,0,84,0.0,0.0,0.0,0.0,0.0
2019-03-01,21,0,86,0.0,0.0,0.0,0.0,0.0
2019-03-01,21,0,87,0.0,0.0,0.0,0.0,0.0
2019-03-01,21,0,88,12.73,12.73,0.0,166.86984,0.0
2019-03-01,21,0,89,12.24,12.24,0.0,160.446728,0.0
2019-03-01,21,0,90,16.43,16.43,0.0,215.370894,0.0
2019-03-01,21,0,91,58.61,58.61,0.0,768.282903,0.0
2019-03-01,21,0,92,21.08,21.08,0.0,276.32492,0.0
2019-03-01,21,0,95,10.34,10.34,0.0,185.613381,0.0
2019-03-01,21,0,96,0.76,0.76,0.0,9.060332,0.0
2019-03-01,21,0,97,4.69,4.69,0.0,55.911784,0.0
2019-03-01,21,0,99,6.0,6.0,0.0,62.640054,0.0
2019-03-01,21,0,101,0.0,0.0,0.0,0.0,0.0
2019-03-01,21,0,102,3.07,3.07,0.0,36.817169,0.0
2019-03-01,21,0,103,2.67,2.67,0.0,32.020144,0.0
2019-03-01,21,0,104,0.5,0.5,0.0,5.996282,0.0
2019-03-01,21,0,106,0.0,0.0,0.0,0.0,0.0
2019-03-01,21,0,109,15.4,15.4,0.0,166.220946,0.0
2019-03-01,21,0,110,98.25,98.25,0.0,604.323862,0.0
2019-03-01,21,0,111,0.0,0.0,0.0,0.0,0.0
2019-03-01,21,0,113,9.73,9.73,0.0,132.994198,0.0
2019-03-01,21,0,115,9.73,9.73,0.0,132.994198,0.0
2019-03-01,21,0,116,0.0,0.0,0.0,0.0,0.0
2019-03-01,21,0,117,0.65,0.65,0.0,8.884504,0.0
2019-03-01,21,0,119,23.21,23.21,0.0,428.914449,0.0
2019-03-01,21,0,120,13.65,13.65,0.0,252.248265,0.0
2019-03-01,21,0,123,0.0,0.0,0.0,0.0,0.0
2019-03-01,21,0,125,15.13,15.13,0.0,179.983172,0.0
2019-03-01,21,0,126,0.0,0.0,0.0,0.0,0.0
2019-03-01,21,0,127,0.0,0.0,0.0,0.0,0.0
2019-03-01,21,0,128,21.67,21.67,0.0,257.781583,0.0
2019-03-01,21,0,131,2.03,2.03,0.0,25.124525,0.0
2019-03-01,21,0,132,2.98,2.98,0.0,36.882308,0.0
2019-03-01,21,0,133,54.04,54.04,0.0,549.066157,0.0
2019-03-01,21,0,134,0.0,0.0,0.0,0.0,0.0
2019-03-01,21,0,135,70.27,70.27,0.0,713.968891,0.0
2019-03-01,21,0,136,28.43,28.43,0.0,289.153011,0.0
2019-03-01,21,0,139,79.41,79.41,0.0,894.177575,0.0
2019-03-01,21,0,140,72.72,72.72,0.0,447.291921,0.0
2019-03-01,21,0,141,12.19,12.19,0.0,128.659912,0.0
2019-03-01,21,0,142,0.0,0.0,0.0,0.0,0.0
2019-03-01,21,0,143,3.91,3.91,0.0,46.561656,0.0
2019-03-01,21,0,145,0.0,0.0,0.0,0.0,0.0
2019-03-01,21,0,146,152.53,152.53,0.0,938.193574,0.0
2019-03-01,21,0,152,0.0,0.0,0.0,0.0,0.0
2019-03-01,21,0,153,0.0,0.0,0.0,0.0,0.0
2019-03-01,21,0,154,0.0,0.0,0.0,0.0,0.0
2019-03-01,21,0,157,0.0,0.0,0.0,0.0,0.0
2019-03-01,21,0,158,0.0,0.0,0.0,0.0,0.0
2019-03-01,21,0,159,0.0,0.0,0.0,0.0,0.0
2019-03-01,21,0,160,0.0,0.0,0.0,0.0,0.0
2019-03-01,21,0,161,0.0,0.0,0.0,0.0,0.0
2019-03-01,21,0,162,17.46,17.46,0.0,313.495123,0.0
2019-03-01,21,0,163,37.21,37.21,0.0,228.874208,0.0
2019-03-01,21,0,164,0.0,0.0,0.0,0.0,0.0
2019-03-01,21,0,167,0.0,0.0,0.0,0.0,0.0
2019-03-01,21,0,168,0.0,0.0,0.0,0.0,0.0
2019-03-01,21,0,169,0.0,0.0,0.0,0.0,0.0
2019-03-01,21,0,170,0.0,0.0,0.0,0.0,0.0
2019-03-01,21,0,172,0.0,0.0,0.0,0.0,0.0
2019-03-01,21,0,173,0.0,0.0,0.0,0.0,0.0
2019-03-01,21,0,188,0.0,0.0,0.0,0.0,0.0
2019-03-01,21,0,190,0.0,0.0,0.0,0.0,0.0
2019-03-01,21,0,191,0.0,0.0,0.0,0.0,0.0
2019-03-01,21,0,192,45.99,45.99,0.0,849.882615,0.0
2019-03-01,21,0,194,24.26,24.26,0.0,370.242157,0.0
2019-03-01,21,0,196,0.0,0.0,0.0,0.0,0.0
2019-03-01,21,0,198,0.0,0.0,0.0,0.0,0.0
2019-03-01,21,0,199,16.44,16.44,0.0,202.761499,0.0
2019-03-01,21,0,200,0.0,0.0,0.0,0.0,0.0
2019-03-01,21,0,204,161.86,161.86,0.0,1753.662673,0.0
2019-03-01,21,0,205,71.48,71.48,0.0,771.524234,0.0
2019-03-01,21,0,206,13.78,13.78,0.0,164.278121,0.0
2019-03-01,21,0,210,0.0,0.0,0.0,0.0,0.0
2019-03-01,21,0,214,0.0,0.0,0.0,0.0,0.0
2019-03-01,21,0,217,0.0,0.0,0.0,0.0,0.0
2019-03-01,21,0,218,0.0,0.0,0.0,0.0,0.0
2019-03-01,21,0,219,0.0,0.0,0.0,0.0,0.0
2019-03-01,21,0,221,0.0,0.0,0.0,0.0,0.0
2019-03-01,21,0,225,0.0,0.0,0.0,0.0,0.0
2019-03-01,21,0,233,0.0,0.0,0.0,0.0,0.0
2019-03-01,21,0,236,98.91,98.91,0.0,1016.962958,0.0
2019-03-01,21,0,237,74.58,74.58,0.0,778.615876,0.0
2019-03-01,21,0,238,0.0,0.0,0.0,0.0,0.0
2019-03-01,21,0,240,0.0,0.0,0.0,0.0,0.0
2019-03-01,21,0,245,237.17,237.17,0.0,2402.091094,0.0
2019-03-01,21,0,247,113.14,113.14,0.0,1145.897822,0.0
2019-03-01,21,0,248,7.49,7.49,0.0,78.195668,0.0
2019-03-01,21,0,249,456.09,456.09,0.0,4619.343622,0.0
2019-03-01,21,0,251,326.4,326.4,0.0,3324.375103,0.0
2019-03-01,21,0,252,182.96,182.96,0.0,1860.741003,0.0
2019-03-01,21,0,254,0.0,0.0,0.0,0.0,0.0
2019-03-01,21,0,255,0.0,0.0,0.0,0.0,0.0
2019-03-01,21,0,258,0.0,0.0,0.0,0.0,0.0
2019-03-01,21,0,260,0.0,0.0,0.0,0.0,0.0
2019-03-01,21,0,265,0.0,0.0,0.0,0.0,0.0
2019-03-01,21,0,266,49.73,49.73,0.0,559.972935,0.0
2019-03-01,21,0,267,62.08,62.08,0.0,699.037197,0.0
2019-03-01,21,0,270,116.21,116.21,0.0,714.793649,0.0
2019-03-01,21,0,272,32.49,32.49,0.0,444.088538,0.0
2019-03-01,21,0,273,0.0,0.0,0.0,0.0,0.0
2019-03-01,21,0,274,149.8,149.8,0.0,921.401674,0.0
2019-03-01,21,0,275,208.53,208.53,0.0,1282.642798,0.0
2019-03-01,21,0,276,0.0,0.0,0.0,0.0,0.0
2019-03-01,21,0,277,0.0,0.0,0.0,0.0,0.0
2019-03-01,21,0,278,0.0,0.0,0.0,0.0,0.0
2019-03-01,21,0,279,81.5,81.5,0.0,1095.679892,0.0
2019-03-01,21,0,281,0.89,0.89,0.0,10.598433,0.0
2019-03-01,21,0,282,0.0,0.0,0.0,0.0,0.0
2019-03-01,22,0,9,0.0,0.0,0.0,0.0,0.0
2019-03-01,22,0,17,0.0,0.0,0.0,0.0,0.0
2019-03-01,22,0,19,150.38,150.38,0.0,1432.964298,0.0
2019-03-01,22,0,20,182.38,182.38,0.0,1737.890868,0.0
2019-03-01,22,0,21,0.0,0.0,0.0,0.0,0.0
2019-03-01,22,0,22,0.0,0.0,0.0,0.0,0.0
2019-03-01,22,0,23,24.63,24.63,0.0,158.692293,0.0
2019-03-01,22,0,24,43.57,43.57,0.0,280.723639,0.0
2019-03-01,22,0,29,0.0,0.0,0.0,0.0,0.0
2019-03-01,22,0,30,0.0,0.0,0.0,0.0,0.0
2019-03-01,22,0,31,1.77,1.77,0.0,11.372307,0.0
2019-03-01,22,0,32,0.0,0.0,0.0,0.0,0.0
2019-03-01,22,0,33,0.0,0.0,0.0,0.0,0.0
2019-03-01,22,0,34,0.0,0.0,0.0,0.0,0.0
2019-03-01,22,0,35,0.0,0.0,0.0,0.0,0.0
2019-03-01,22,0,36,0.0,0.0,0.0,0.0,0.0
2019-03-01,22,0,37,0.0,0.0,0.0,0.0,0.0
2019-03-01,22,0,38,0.0,0.0,0.0,0.0,0.0
2019-03-01,22,0,39,0.0,0.0,0.0,0.0,0.0
2019-03-01,22,0,40,0.0,0.0,0.0,0.0,0.0
2019-03-01,22,0,41,78.27,78.27,0.0,579.2364,0.0
2019-03-01,22,0,42,0.0,0.0,0.0,0.0,0.0
2019-03-01,22,0,43,0.0,0.0,0.0,0.0,0.0
2019-03-01,22,0,46,0.0,0.0,0.0,0.0,0.0
2019-03-01,22,0,52,1.87,1.87,0.0,12.01481,0.0
2019-03-01,22,0,53,2.97,2.97,0.0,19.082346,0.0
2019-03-01,22,0,55,58.88,58.88,0.0,379.366717,0.0
2019-03-01,22,0,56,0.0,0.0,0.0,0.0,0.0
2019-03-01,22,0,57,0.0,0.0,0.0,0.0,0.0
2019-03-01,22,0,58,0.0,0.0,0.0,0.0,0.0
2019-03-01,22,0,59,0.0,0.0,0.0,0.0,0.0
2019-03-01,22,0,63,51.6,51.6,0.0,1059.019295,0.0
2019-03-01,22,0,64,60.7,60.7,0.0,1245.784326,0.0
2019-03-01,22,0,65,18.43,18.43,0.0,175.155432,0.0
2019-03-01,22,0,67,0.0,0.0,0.0,-0.0,0.0
2019-03-01,22,0,68,2.24,2.24,0.0,-0.675561,0.0
2019-03-01,22,0,69,0.0,0.0,0.0,0.0,0.0
2019-03-01,22,0,74,23.59,23.59,0.0,207.698587,0.0
2019-03-01,22,0,77,48.64,48.64,0.0,229.349136,0.0
2019-03-01,22,0,78,36.77,36.77,0.0,173.379271,0.0
2019-03-01,22,0,79,21.28,21.28,0.0,100.340247,0.0
2019-03-01,22,0,80,34.41,34.41,0.0,162.251311,0.0
2019-03-01,22,0,81,44.99,44.99,0.0,212.13852,0.0
2019-03-01,22,0,82,31.74,31.74,0.0,149.661628,0.0
2019-03-01,22,0,83,70.77,70.77,0.0,333.697334,0.0
2019-03-01,22,0,84,0.0,0.0,0.0,0.0,0.0
2019-03-01,22,0,86,0.0,0.0,0.0,0.0,0.0
2019-03-01,22,0,87,0.0,0.0,0.0,0.0,0.0
2019-03-01,22,0,88,34.81,34.81,0.0,164.137406,0.0
2019-03-01,22,0,89,33.46,33.46,0.0,157.771836,0.0
2019-03-01,22,0,90,44.93,44.93,0.0,211.855606,0.0
2019-03-01,22,0,91,160.28,160.28,0.0,755.758213,0.0
2019-03-01,22,0,92,57.64,57.64,0.0,271.78627,0.0
2019-03-01,22,0,95,17.6,17.6,0.0,309.89899,0.0
2019-03-01,22,0,96,4.57,4.57,0.0,29.276349,0.0
2019-03-01,22,0,97,28.08,28.08,0.0,179.886186,0.0
2019-03-01,22,0,99,4.55,4.55,0.0,40.060558,0.0
2019-03-01,22,0,101,0.0,0.0,0.0,0.0,0.0
2019-03-01,22,0,102,5.3,5.3,0.0,-1.598426,0.0
2019-03-01,22,0,103,4.61,4.61,0.0,-1.390329,0.0
2019-03-01,22,0,104,0.86,0.86,0.0,-0.259367,0.0
2019-03-01,22,0,106,0.0,0.0,0.0,0.0,0.0
2019-03-01,22,0,109,59.17,59.17,0.0,472.541425,0.0
2019-03-01,22,0,110,138.31,138.31,0.0,-3349.14169,0.0
2019-03-01,22,0,111,0.0,0.0,0.0,0.0,0.0
2019-03-01,22,0,113,39.68,39.68,0.0,219.544395,0.0
2019-03-01,22,0,115,39.68,39.68,0.0,219.544395,0.0
2019-03-01,22,0,116,0.0,0.0,0.0,-0.0,0.0
2019-03-01,22,0,117,2.64,2.64,0.0,14.606784,0.0
2019-03-01,22,0,119,60.7,60.7,0.0,1245.784326,0.0
2019-03-01,22,0,120,35.69,35.69,0.0,732.488346,0.0
2019-03-01,22,0,123,0.0,0.0,0.0,0.0,0.0
2019-03-01,22,0,125,39.43,39.43,0.0,254.049417,0.0
2019-03-01,22,0,126,0.0,0.0,0.0,0.0,0.0
2019-03-01,22,0,127,0.0,0.0,0.0,0.0,0.0
2019-03-01,22,0,128,56.48,56.48,0.0,363.9034,0.0
2019-03-01,22,0,131,5.83,5.83,0.0,7.407215,0.0
2019-03-01,22,0,132,8.58,8.58,0.0,10.901184,0.0
2019-03-01,22,0,133,61.37,61.37,0.0,584.93731,0.0
2019-03-01,22,0,134,0.0,0.0,0.0,0.0,0.0
2019-03-01,22,0,135,82.23,82.23,0.0,783.760713,0.0
2019-03-01,22,0,136,18.22,18.22,0.0,173.13449,0.0
2019-03-01,22,0,139,101.08,101.08,0.0,748.041591,0.0
2019-03-01,22,0,140,102.36,102.36,0.0,-2478.621527,0.0
2019-03-01,22,0,141,48.87,48.87,0.0,-302.415829,0.0
2019-03-01,22,0,142,0.0,0.0,0.0,-0.0,0.0
2019-03-01,22,0,143,3.71,3.71,0.0,23.83687,0.0
2019-03-01,22,0,145,8.4,8.4,0.0,58.840794,0.0
2019-03-01,22,0,146,149.18,149.18,0.0,-3612.355992,0.0
2019-03-01,22,0,152,0.0,0.0,0.0,0.0,0.0
2019-03-01,22,0,153,0.0,0.0,0.0,0.0,0.0
2019-03-01,22,0,154,0.0,0.0,0.0,0.0,0.0
2019-03-01,22,0,157,28.15,28.15,0.0,-174.196963,0.0
2019-03-01,22,0,158,0.0,0.0,0.0,-0.0,0.0
2019-03-01,22,0,159,0.0,0.0,0.0,0.0,0.0
2019-03-01,22,0,160,0.0,0.0,0.0,0.0,0.0
2019-03-01,22,0,161,0.0,0.0,0.0,-0.0,0.0
2019-03-01,22,0,162,20.77,20.77,0.0,366.380129,0.0
2019-03-01,22,0,163,69.14,69.14,0.0,-1674.207624,0.0
2019-03-01,22,0,164,0.0,0.0,0.0,0.0,0.0
2019-03-01,22,0,167,0.0,0.0,0.0,0.0,0.0
2019-03-01,22,0,168,0.0,0.0,0.0,0.0,0.0
2019-03-01,22,0,169,0.0,0.0,0.0,0.0,0.0
2019-03-01,22,0,170,0.0,0.0,0.0,0.0,0.0
2019-03-01,22,0,172,0.0,0.0,0.0,0.0,0.0
2019-03-01,22,0,173,0.0,0.0,0.0,0.0,0.0
2019-03-01,22,0,188,0.0,0.0,0.0,0.0,0.0
2019-03-01,22,0,190,0.0,0.0,0.0,0.0,0.0
2019-03-01,22,0,191,0.0,0.0,0.0,0.0,0.0
2019-03-01,22,0,192,98.01,98.01,0.0,2011.520952,0.0
2019-03-01,22,0,194,44.12,44.12,0.0,471.089458,0.0
2019-03-01,22,0,196,0.0,0.0,0.0,0.0,0.0
2019-03-01,22,0,198,0.0,0.0,0.0,0.0,0.0
2019-03-01,22,0,199,19.17,19.17,0.0,200.745119,0.0
2019-03-01,22,0,200,0.0,0.0,0.0,0.0,0.0
2019-03-01,22,0,204,290.69,290.69,0.0,2298.348107,0.0
2019-03-01,22,0,205,294.37,294.37,0.0,2350.8876,0.0
2019-03-01,22,0,206,82.51,82.51,0.0,528.575825,0.0
2019-03-01,22,0,210,0.0,0.0,0.0,0.0,0.0
2019-03-01,22,0,214,0.0,0.0,0.0,0.0,0.0
2019-03-01,22,0,217,0.0,0.0,0.0,0.0,0.0
2019-03-01,22,0,218,0.0,0.0,0.0,0.0,0.0
2019-03-01,22,0,219,0.0,0.0,0.0,0.0,0.0
2019-03-01,22,0,221,0.0,0.0,0.0,0.0,0.0
2019-03-01,22,0,225,0.0,0.0,0.0,0.0,0.0
2019-03-01,22,0,233,0.0,0.0,0.0,0.0,0.0
2019-03-01,22,0,236,77.5,77.5,0.0,711.745644,0.0
2019-03-01,22,0,237,56.6,56.6,0.0,498.335738,0.0
2019-03-01,22,0,238,0.0,0.0,0.0,0.0,0.0
2019-03-01,22,0,240,0.0,0.0,0.0,0.0,0.0
2019-03-01,22,0,245,187.72,187.72,0.0,1806.125329,0.0
2019-03-01,22,0,247,85.05,85.05,0.0,818.298313,0.0
2019-03-01,22,0,248,5.68,5.68,0.0,50.009664,0.0
2019-03-01,22,0,249,361.01,361.01,0.0,3473.414155,0.0
2019-03-01,22,0,251,574.12,574.12,0.0,5432.642771,0.0
2019-03-01,22,0,252,118.89,118.89,0.0,1129.909349,0.0
2019-03-01,22,0,254,0.0,0.0,0.0,0.0,0.0
2019-03-01,22,0,255,0.0,0.0,0.0,0.0,0.0
2019-03-01,22,0,258,0.0,0.0,0.0,0.0,0.0
2019-03-01,22,0,260,0.0,0.0,0.0,0.0,0.0
2019-03-01,22,0,265,0.0,0.0,0.0,0.0,0.0
2019-03-01,22,0,266,65.45,65.45,0.0,484.36211,0.0
2019-03-01,22,0,267,80.43,80.43,0.0,595.22146,0.0
2019-03-01,22,0,270,215.92,215.92,0.0,-5228.448223,0.0
2019-03-01,22,0,272,132.6,132.6,0.0,733.658941,0.0
2019-03-01,22,0,273,0.0,0.0,0.0,-0.0,0.0
2019-03-01,22,0,274,278.34,278.34,0.0,-6739.932745,0.0
2019-03-01,22,0,275,387.45,387.45,0.0,-9382.003816,0.0
2019-03-01,22,0,276,0.0,0.0,0.0,-0.0,0.0
2019-03-01,22,0,277,0.0,0.0,0.0,0.0,0.0
2019-03-01,22,0,278,0.0,0.0,0.0,0.0,0.0
2019-03-01,22,0,279,65.44,65.44,0.0,340.619749,0.0
2019-03-01,22,0,281,0.79,0.79,0.0,5.075776,0.0
2019-03-01,22,0,282,0.0,0.0,0.0,0.0,0.0
2019-03-01,23,0,9,0.0,0.0,0.0,0.0,0.0
2019-03-01,23,0,17,0.0,0.0,0.0,0.0,0.0
2019-03-01,23,0,19,96.05,96.05,0.0,936.524555,0.0
2019-03-01,23,0,20,116.49,116.49,0.0,1135.82244,0.0
2019-03-01,23,0,21,0.0,0.0,0.0,0.0,0.0
2019-03-01,23,0,22,0.0,0.0,0.0,0.0,0.0
2019-03-01,23,0,23,25.94,25.94,0.0,134.425588,0.0
2019-03-01,23,0,24,45.9,45.9,0.0,237.861777,0.0
2019-03-01,23,0,29,0.0,0.0,0.0,0.0,0.0
2019-03-01,23,0,30,0.0,0.0,0.0,0.0,0.0
2019-03-01,23,0,31,2.61,2.61,0.0,13.457259,0.0
2019-03-01,23,0,32,0.0,0.0,0.0,0.0,0.0
2019-03-01,23,0,33,0.0,0.0,0.0,0.0,0.0
2019-03-01,23,0,34,0.0,0.0,0.0,0.0,0.0
2019-03-01,23,0,35,0.0,0.0,0.0,0.0,0.0
2019-03-01,23,0,36,0.0,0.0,0.0,0.0,0.0
2019-03-01,23,0,37,0.0,0.0,0.0,0.0,0.0
2019-03-01,23,0,38,0.0,0.0,0.0,0.0,0.0
2019-03-01,23,0,39,0.0,0.0,0.0,0.0,0.0
2019-03-01,23,0,40,0.0,0.0,0.0,0.0,0.0
2019-03-01,23,0,41,101.3,101.3,0.0,666.372272,0.0
2019-03-01,23,0,42,0.0,0.0,0.0,0.0,0.0
2019-03-01,23,0,43,0.0,0.0,0.0,0.0,0.0
2019-03-01,23,0,46,0.0,0.0,0.0,0.0,0.0
2019-03-01,23,0,52,2.77,2.77,0.0,14.282225,0.0
2019-03-01,23,0,53,4.4,4.4,0.0,22.686567,0.0
2019-03-01,23,0,55,155.53,155.53,0.0,805.983488,0.0
2019-03-01,23,0,56,0.0,0.0,0.0,0.0,0.0
2019-03-01,23,0,57,0.0,0.0,0.0,0.0,0.0
2019-03-01,23,0,58,0.0,0.0,0.0,0.0,0.0
2019-03-01,23,0,59,0.0,0.0,0.0,0.0,0.0
2019-03-01,23,0,63,68.29,68.29,0.0,1368.557825,0.0
2019-03-01,23,0,64,80.34,80.34,0.0,1610.044453,0.0
2019-03-01,23,0,65,11.15,11.15,0.0,108.289415,0.0
2019-03-01,23,0,67,0.0,0.0,0.0,-0.0,0.0
2019-03-01,23,0,68,3.2,3.2,0.0,-9.708845,0.0
2019-03-01,23,0,69,0.0,0.0,0.0,0.0,0.0
2019-03-01,23,0,74,21.34,21.34,0.0,184.587875,0.0
2019-03-01,23,0,77,60.74,60.74,0.0,162.617479,0.0
2019-03-01,23,0,78,45.92,45.92,0.0,122.940314,0.0
2019-03-01,23,0,79,26.58,26.58,0.0,71.16188,0.0
2019-03-01,23,0,80,42.98,42.98,0.0,115.069135,0.0
2019-03-01,23,0,81,56.19,56.19,0.0,150.435894,0.0
2019-03-01,23,0,82,39.64,39.64,0.0,106.127048,0.0
2019-03-01,23,0,83,88.38,88.38,0.0,236.617268,0.0
2019-03-01,23,0,84,0.0,0.0,0.0,0.0,0.0
2019-03-01,23,0,86,0.0,0.0,0.0,0.0,0.0
2019-03-01,23,0,87,0.0,0.0,0.0,0.0,0.0
2019-03-01,23,0,88,43.45,43.45,0.0,116.327453,0.0
2019-03-01,23,0,89,41.77,41.77,0.0,111.829636,0.0
2019-03-01,23,0,90,56.08,56.08,0.0,150.141394,0.0
2019-03-01,23,0,91,200.06,200.06,0.0,535.614965,0.0
2019-03-01,23,0,92,71.95,71.95,0.0,192.629695,0.0
2019-03-01,23,0,95,17.73,17.73,0.0,295.707247,0.0
2019-03-01,23,0,96,6.5,6.5,0.0,33.336703,0.0
2019-03-01,23,0,97,39.96,39.96,0.0,204.943792,0.0
2019-03-01,23,0,99,4.12,4.12,0.0,35.637397,0.0
2019-03-01,23,0,101,0.0,0.0,0.0,0.0,0.0
2019-03-01,23,0,102,7.58,7.58,0.0,-22.997826,0.0
2019-03-01,23,0,103,6.59,6.59,0.0,-19.994153,0.0
2019-03-01,23,0,104,1.22,1.22,0.0,-3.701497,0.0
2019-03-01,23,0,106,0.0,0.0,0.0,0.0,0.0
2019-03-01,23,0,109,69.11,69.11,0.0,512.457881,0.0
2019-03-01,23,0,110,129.46,129.46,0.0,-3894.316534,0.0
2019-03-01,23,0,111,0.0,0.0,0.0,0.0,0.0
2019-03-01,23,0,113,47.97,47.97,0.0,166.969507,0.0
2019-03-01,23,0,115,47.97,47.97,0.0,166.969507,0.0
2019-03-01,23,0,116,0.0,0.0,0.0,-0.0,0.0
2019-03-01,23,0,117,3.2,3.2,0.0,11.138262,0.0
2019-03-01,23,0,119,80.34,80.34,0.0,1610.044453,0.0
2019-03-01,23,0,120,47.24,47.24,0.0,946.707742,0.0
2019-03-01,23,0,123,0.0,0.0,0.0,0.0,0.0
2019-03-01,23,0,125,41.54,41.54,0.0,215.267499,0.0
2019-03-01,23,0,126,0.0,0.0,0.0,0.0,0.0
2019-03-01,23,0,127,0.0,0.0,0.0,0.0,0.0
2019-03-01,23,0,128,59.49,59.49,0.0,308.287518,0.0
2019-03-01,23,0,131,8.26,8.26,0.0,-10.373297,0.0
2019-03-01,23,0,132,12.15,12.15,0.0,-15.258543,0.0
2019-03-01,23,0,133,40.58,40.58,0.0,395.817203,0.0
2019-03-01,23,0,134,0.0,0.0,0.0,0.0,0.0
2019-03-01,23,0,135,54.37,54.37,0.0,530.324823,0.0
2019-03-01,23,0,136,10.38,10.38,0.0,100.78929,0.0
2019-03-01,23,0,139,130.82,130.82,0.0,860.560914,0.0
2019-03-01,23,0,140,95.82,95.82,0.0,-2882.383827,0.0
2019-03-01,23,0,141,36.3,36.3,0.0,-351.82285,0.0
2019-03-01,23,0,142,0.0,0.0,0.0,-0.0,0.0
2019-03-01,23,0,143,5.59,5.59,0.0,28.822252,0.0
2019-03-01,23,0,145,4.96,4.96,0.0,29.736278,0.0
2019-03-01,23,0,146,181.71,181.71,0.0,-5466.061002,0.0
2019-03-01,23,0,152,0.0,0.0,0.0,0.0,0.0
2019-03-01,23,0,153,0.0,0.0,0.0,0.0,0.0
2019-03-01,23,0,154,0.0,0.0,0.0,0.0,0.0
2019-03-01,23,0,157,73.67,73.67,0.0,-714.016235,0.0
2019-03-01,23,0,158,0.0,0.0,0.0,-0.0,0.0
2019-03-01,23,0,159,0.0,0.0,0.0,0.0,0.0
2019-03-01,23,0,160,0.0,0.0,0.0,0.0,0.0
2019-03-01,23,0,161,0.0,0.0,0.0,-0.0,0.0
2019-03-01,23,0,162,10.06,10.06,0.0,168.161305,0.0
2019-03-01,23,0,163,92.26,92.26,0.0,-2775.294635,0.0
2019-03-01,23,0,164,0.0,0.0,0.0,0.0,0.0
2019-03-01,23,0,167,0.0,0.0,0.0,0.0,0.0
2019-03-01,23,0,168,0.0,0.0,0.0,0.0,0.0
2019-03-01,23,0,169,0.0,0.0,0.0,0.0,0.0
2019-03-01,23,0,170,0.0,0.0,0.0,0.0,0.0
2019-03-01,23,0,172,0.0,0.0,0.0,0.0,0.0
2019-03-01,23,0,173,0.0,0.0,0.0,0.0,0.0
2019-03-01,23,0,188,0.0,0.0,0.0,0.0,0.0
2019-03-01,23,0,190,0.0,0.0,0.0,0.0,0.0
2019-03-01,23,0,191,0.0,0.0,0.0,0.0,0.0
2019-03-01,23,0,192,96.89,96.89,0.0,1941.712809,0.0
2019-03-01,23,0,194,67.66,67.66,0.0,621.545896,0.0
2019-03-01,23,0,196,0.0,0.0,0.0,0.0,0.0
2019-03-01,23,0,198,0.0,0.0,0.0,0.0,0.0
2019-03-01,23,0,199,14.91,14.91,0.0,149.06142,0.0
2019-03-01,23,0,200,0.0,0.0,0.0,0.0,0.0
2019-03-01,23,0,204,289.18,289.18,0.0,2109.960962,0.0
2019-03-01,23,0,205,365.58,365.58,0.0,2710.813951,0.0
2019-03-01,23,0,206,117.41,117.41,0.0,602.163428,0.0
2019-03-01,23,0,210,0.0,0.0,0.0,0.0,0.0
2019-03-01,23,0,214,0.0,0.0,0.0,0.0,0.0
2019-03-01,23,0,217,0.0,0.0,0.0,0.0,0.0
2019-03-01,23,0,218,0.0,0.0,0.0,0.0,0.0
2019-03-01,23,0,219,0.0,0.0,0.0,0.0,0.0
2019-03-01,23,0,221,0.0,0.0,0.0,0.0,0.0
2019-03-01,23,0,225,0.0,0.0,0.0,0.0,0.0
2019-03-01,23,0,233,0.0,0.0,0.0,0.0,0.0
2019-03-01,23,0,236,58.46,58.46,0.0,539.197755,0.0
2019-03-01,23,0,237,51.19,51.19,0.0,442.786004,0.0
2019-03-01,23,0,238,0.0,0.0,0.0,0.0,0.0
2019-03-01,23,0,240,0.0,0.0,0.0,0.0,0.0
2019-03-01,23,0,245,128.56,128.56,0.0,1271.630524,0.0
2019-03-01,23,0,247,56.88,56.88,0.0,562.619355,0.0
2019-03-01,23,0,248,5.14,5.14,0.0,44.460247,0.0
2019-03-01,23,0,249,247.24,247.24,0.0,2445.534621,0.0
2019-03-01,23,0,251,194.02,194.02,0.0,1872.122758,0.0
2019-03-01,23,0,252,71.94,71.94,0.0,698.685246,0.0
2019-03-01,23,0,254,0.0,0.0,0.0,0.0,0.0
2019-03-01,23,0,255,0.0,0.0,0.0,0.0,0.0
2019-03-01,23,0,258,0.0,0.0,0.0,0.0,0.0
2019-03-01,23,0,260,0.0,0.0,0.0,0.0,0.0
2019-03-01,23,0,265,0.0,0.0,0.0,0.0,0.0
2019-03-01,23,0,266,84.71,84.71,0.0,557.239834,0.0
2019-03-01,23,0,267,104.1,104.1,0.0,684.791249,0.0
2019-03-01,23,0,270,288.13,288.13,0.0,-8667.305908,0.0
2019-03-01,23,0,272,160.31,160.31,0.0,557.992113,0.0
2019-03-01,23,0,273,0.0,0.0,0.0,-0.0,0.0
2019-03-01,23,0,274,371.43,371.43,0.0,-11173.072688,0.0
2019-03-01,23,0,275,517.04,517.04,0.0,-15553.201148,0.0
2019-03-01,23,0,276,0.0,0.0,0.0,-0.0,0.0
2019-03-01,23,0,277,0.0,0.0,0.0,0.0,0.0
2019-03-01,23,0,278,0.0,0.0,0.0,0.0,0.0
2019-03-01,23,0,279,95.63,95.63,0.0,302.056602,0.0
2019-03-01,23,0,281,1.17,1.17,0.0,6.032564,0.0
2019-03-01,23,0,282,0.0,0.0,0.0,0.0,0.0
2019-03-02,0,0,9,0.0,0.0,0.0,0.0,0.0
2019-03-02,0,0,17,0.0,0.0,0.0,0.0,0.0
2019-03-02,0,0,19,58.87,58.87,0.0,799.343331,0.0
2019-03-02,0,0,20,71.4,71.4,0.0,969.477048,0.0
2019-03-02,0,0,21,0.0,0.0,0.0,0.0,0.0
2019-03-02,0,0,22,0.0,0.0,0.0,0.0,0.0
2019-03-02,0,0,23,27.55,27.55,0.0,313.292778,0.0
2019-03-02,0,0,24,48.75,48.75,0.0,554.374697,0.0
2019-03-02,0,0,29,0.0,0.0,0.0,0.0,0.0
2019-03-02,0,0,30,0.0,0.0,0.0,0.0,0.0
2019-03-02,0,0,31,3.84,3.84,0.0,43.613942,0.0
2019-03-02,0,0,32,0.0,0.0,0.0,0.0,0.0
2019-03-02,0,0,33,0.0,0.0,0.0,0.0,0.0
2019-03-02,0,0,34,0.0,0.0,0.0,0.0,0.0
2019-03-02,0,0,35,0.0,0.0,0.0,0.0,0.0
2019-03-02,0,0,36,0.0,0.0,0.0,0.0,0.0
2019-03-02,0,0,37,0.0,0.0,0.0,0.0,0.0
2019-03-02,0,0,38,0.0,0.0,0.0,0.0,0.0
2019-03-02,0,0,39,0.0,0.0,0.0,0.0,0.0
2019-03-02,0,0,40,0.0,0.0,0.0,0.0,0.0
2019-03-02,0,0,41,116.0,116.0,0.0,1403.664001,0.0
2019-03-02,0,0,42,0.0,0.0,0.0,0.0,0.0
2019-03-02,0,0,43,0.0,0.0,0.0,0.0,0.0
2019-03-02,0,0,46,0.0,0.0,0.0,0.0,0.0
2019-03-02,0,0,52,4.07,4.07,0.0,46.226235,0.0
2019-03-02,0,0,53,6.46,6.46,0.0,73.371371,0.0
2019-03-02,0,0,55,223.94,223.94,0.0,2546.598354,0.0
2019-03-02,0,0,56,0.0,0.0,0.0,0.0,0.0
2019-03-02,0,0,57,0.0,0.0,0.0,0.0,0.0
2019-03-02,0,0,58,0.0,0.0,0.0,0.0,0.0
2019-03-02,0,0,59,0.0,0.0,0.0,0.0,0.0
2019-03-02,0,0,63,88.87,88.87,0.0,1933.170677,0.0
2019-03-02,0,0,64,104.55,104.55,0.0,2274.254464,0.0
2019-03-02,0,0,65,6.84,6.84,0.0,92.767311,0.0
2019-03-02,0,0,67,0.0,0.0,0.0,0.0,0.0
2019-03-02,0,0,68,4.68,4.68,0.0,29.272255,0.0
2019-03-02,0,0,69,0.0,0.0,0.0,0.0,0.0
2019-03-02,0,0,74,19.58,19.58,0.0,256.860146,0.0
2019-03-02,0,0,77,81.44,81.44,0.0,816.581279,0.0
2019-03-02,0,0,78,61.57,61.57,0.0,617.349084,0.0
2019-03-02,0,0,79,35.63,35.63,0.0,357.25431,0.0
2019-03-02,0,0,80,57.62,57.62,0.0,577.743287,0.0
2019-03-02,0,0,81,75.33,75.33,0.0,755.31763,0.0
2019-03-02,0,0,82,53.14,53.14,0.0,532.823295,0.0
2019-03-02,0,0,83,118.49,118.49,0.0,1188.073622,0.0
2019-03-02,0,0,84,0.0,0.0,0.0,0.0,0.0
2019-03-02,0,0,86,0.0,0.0,0.0,0.0,0.0
2019-03-02,0,0,87,0.0,0.0,0.0,0.0,0.0
2019-03-02,0,0,88,56.27,56.27,0.0,564.207129,0.0
2019-03-02,0,0,89,54.09,54.09,0.0,542.34874,0.0
2019-03-02,0,0,90,72.63,72.63,0.0,728.245313,0.0
2019-03-02,0,0,91,259.07,259.07,0.0,2597.6389,0.0
2019-03-02,0,0,92,93.17,93.17,0.0,934.195454,0.0
2019-03-02,0,0,95,10.08,10.08,0.0,196.84745,0.0
2019-03-02,0,0,96,9.04,9.04,0.0,102.542302,0.0
2019-03-02,0,0,97,55.6,55.6,0.0,630.680533,0.0
2019-03-02,0,0,99,3.78,3.78,0.0,49.587914,0.0
2019-03-02,0,0,101,0.0,0.0,0.0,0.0,0.0
2019-03-02,0,0,102,11.09,11.09,0.0,69.365237,0.0
2019-03-02,0,0,103,9.64,9.64,0.0,60.295842,0.0
2019-03-02,0,0,104,1.79,1.79,0.0,11.196012,0.0
2019-03-02,0,0,106,0.0,0.0,0.0,0.0,0.0
2019-03-02,0,0,109,70.48,70.48,0.0,886.761914,0.0
2019-03-02,0,0,110,121.2,121.2,0.0,-1419.24022,0.0
2019-03-02,0,0,111,0.0,0.0,0.0,0.0,0.0
2019-03-02,0,0,113,59.18,59.18,0.0,629.122216,0.0
2019-03-02,0,0,115,59.18,59.18,0.0,629.122216,0.0
2019-03-02,0,0,116,0.0,0.0,0.0,-0.0,0.0
2019-03-02,0,0,117,3.95,3.95,0.0,41.991091,0.0
2019-03-02,0,0,119,104.55,104.55,0.0,2274.254464,0.0
2019-03-02,0,0,120,61.47,61.47,0.0,1337.14416,0.0
2019-03-02,0,0,123,0.0,0.0,0.0,0.0,0.0
2019-03-02,0,0,125,44.12,44.12,0.0,501.723316,0.0
2019-03-02,0,0,126,0.0,0.0,0.0,0.0,0.0
2019-03-02,0,0,127,0.0,0.0,0.0,0.0,0.0
2019-03-02,0,0,128,63.19,63.19,0.0,718.583326,0.0
2019-03-02,0,0,131,12.48,12.48,0.0,92.79887,0.0
2019-03-02,0,0,132,18.35,18.35,0.0,136.447056,0.0
2019-03-02,0,0,133,26.27,26.27,0.0,356.735651,0.0
2019-03-02,0,0,134,0.0,0.0,0.0,0.0,0.0
2019-03-02,0,0,135,35.21,35.21,0.0,478.137125,0.0
2019-03-02,0,0,136,5.97,5.97,0.0,80.962835,0.0
2019-03-02,0,0,139,149.8,149.8,0.0,1812.66265,0.0
2019-03-02,0,0,140,89.7,89.7,0.0,-1050.378281,0.0
2019-03-02,0,0,141,33.79,33.79,0.0,61.919753,0.0
2019-03-02,0,0,142,0.0,0.0,0.0,0.0,0.0
2019-03-02,0,0,143,20.97,20.97,0.0,238.17301,0.0
2019-03-02,0,0,145,7.19,7.19,0.0,84.929075,0.0
2019-03-02,0,0,146,220.29,220.29,0.0,-2579.574488,0.0
2019-03-02,0,0,152,0.0,0.0,0.0,0.0,0.0
2019-03-02,0,0,153,0.0,0.0,0.0,0.0,0.0
2019-03-02,0,0,154,0.0,0.0,0.0,0.0,0.0
2019-03-02,0,0,157,151.82,151.82,0.0,278.208256,0.0
2019-03-02,0,0,158,0.0,0.0,0.0,0.0,0.0
2019-03-02,0,0,159,0.0,0.0,0.0,0.0,0.0
2019-03-02,0,0,160,0.0,0.0,0.0,0.0,0.0
2019-03-02,0,0,161,0.0,0.0,0.0,0.0,0.0
2019-03-02,0,0,162,9.61,9.61,0.0,187.906326,0.0
2019-03-02,0,0,163,119.6,119.6,0.0,-1400.504375,0.0
2019-03-02,0,0,164,0.0,0.0,0.0,0.0,0.0
2019-03-02,0,0,167,0.0,0.0,0.0,0.0,0.0
2019-03-02,0,0,168,0.0,0.0,0.0,0.0,0.0
2019-03-02,0,0,169,0.0,0.0,0.0,0.0,0.0
2019-03-02,0,0,170,0.0,0.0,0.0,0.0,0.0
2019-03-02,0,0,172,0.0,0.0,0.0,0.0,0.0
2019-03-02,0,0,173,0.0,0.0,0.0,0.0,0.0
2019-03-02,0,0,188,0.0,0.0,0.0,0.0,0.0
2019-03-02,0,0,190,0.0,0.0,0.0,0.0,0.0
2019-03-02,0,0,191,0.0,0.0,0.0,0.0,0.0
2019-03-02,0,0,192,95.71,95.71,0.0,2081.959778,0.0
2019-03-02,0,0,194,98.99,98.99,0.0,1433.95186,0.0
2019-03-02,0,0,196,0.0,0.0,0.0,0.0,0.0
2019-03-02,0,0,198,0.0,0.0,0.0,0.0,0.0
2019-03-02,0,0,199,6.9,6.9,0.0,105.730403,0.0
2019-03-02,0,0,200,0.0,0.0,0.0,0.0,0.0
2019-03-02,0,0,204,289.95,289.95,0.0,3632.082087,0.0
2019-03-02,0,0,205,372.86,372.86,0.0,4691.232228,0.0
2019-03-02,0,0,206,163.38,163.38,0.0,1853.24794,0.0
2019-03-02,0,0,210,0.0,0.0,0.0,0.0,0.0
2019-03-02,0,0,214,0.0,0.0,0.0,0.0,0.0
2019-03-02,0,0,217,0.0,0.0,0.0,0.0,0.0
2019-03-02,0,0,218,0.0,0.0,0.0,0.0,0.0
2019-03-02,0,0,219,0.0,0.0,0.0,0.0,0.0
2019-03-02,0,0,221,0.0,0.0,0.0,0.0,0.0
2019-03-02,0,0,225,0.0,0.0,0.0,0.0,0.0
2019-03-02,0,0,233,0.0,0.0,0.0,0.0,0.0
2019-03-02,0,0,236,43.68,43.68,0.0,583.771982,0.0
2019-03-02,0,0,237,46.97,46.97,0.0,616.175744,0.0
2019-03-02,0,0,238,0.0,0.0,0.0,0.0,0.0
2019-03-02,0,0,240,0.0,0.0,0.0,0.0,0.0
2019-03-02,0,0,245,56.91,56.91,0.0,776.002767,0.0
2019-03-02,0,0,247,38.86,38.86,0.0,529.879942,0.0
2019-03-02,0,0,248,4.72,4.72,0.0,61.9193,0.0
2019-03-02,0,0,249,106.61,106.61,0.0,1453.69276,0.0
2019-03-02,0,0,251,140.39,140.39,0.0,1900.431109,0.0
2019-03-02,0,0,252,44.11,44.11,0.0,598.240659,0.0
2019-03-02,0,0,254,0.0,0.0,0.0,0.0,0.0
2019-03-02,0,0,255,0.0,0.0,0.0,0.0,0.0
2019-03-02,0,0,258,0.0,0.0,0.0,0.0,0.0
2019-03-02,0,0,260,0.0,0.0,0.0,0.0,0.0
2019-03-02,0,0,265,0.0,0.0,0.0,0.0,0.0
2019-03-02,0,0,266,97.0,97.0,0.0,1173.753518,0.0
2019-03-02,0,0,267,119.2,119.2,0.0,1442.385767,0.0
2019-03-02,0,0,270,373.5,373.5,0.0,-4373.648696,0.0
2019-03-02,0,0,272,197.78,197.78,0.0,2102.531122,0.0
2019-03-02,0,0,273,0.0,0.0,0.0,-0.0,0.0
2019-03-02,0,0,274,481.49,481.49,0.0,-5638.2011,0.0
2019-03-02,0,0,275,670.24,670.24,0.0,-7848.445254,0.0
2019-03-02,0,0,276,0.0,0.0,0.0,-0.0,0.0
2019-03-02,0,0,277,0.0,0.0,0.0,0.0,0.0
2019-03-02,0,0,278,0.0,0.0,0.0,0.0,0.0
2019-03-02,0,0,279,139.03,139.03,0.0,1444.320643,0.0
2019-03-02,0,0,281,1.72,1.72,0.0,19.535411,0.0
2019-03-02,0,0,282,0.0,0.0,0.0,0.0,0.0
2019-03-02,1,0,9,0.0,0.0,0.0,0.0,0.0
2019-03-02,1,0,17,0.0,0.0,0.0,0.0,0.0
2019-03-02,1,0,19,35.22,35.22,0.0,432.060466,0.0
2019-03-02,1,0,20,42.72,42.72,0.0,524.066528,0.0
2019-03-02,1,0,21,0.0,0.0,0.0,0.0,0.0
2019-03-02,1,0,22,0.0,0.0,0.0,0.0,0.0
2019-03-02,1,0,23,29.4,29.4,0.0,541.457916,0.0
2019-03-02,1,0,24,52.02,52.02,0.0,958.049006,0.0
2019-03-02,1,0,29,0.0,0.0,0.0,0.0,0.0
2019-03-02,1,0,30,0.0,0.0,0.0,0.0,0.0
2019-03-02,1,0,31,12.38,12.38,0.0,228.484444,0.0
2019-03-02,1,0,32,0.0,0.0,0.0,0.0,0.0
2019-03-02,1,0,33,0.0,0.0,0.0,0.0,0.0
2019-03-02,1,0,34,0.0,0.0,0.0,0.0,0.0
2019-03-02,1,0,35,0.0,0.0,0.0,0.0,0.0
2019-03-02,1,0,36,0.0,0.0,0.0,0.0,0.0
2019-03-02,1,0,37,0.0,0.0,0.0,0.0,0.0
2019-03-02,1,0,38,0.0,0.0,0.0,0.0,0.0
2019-03-02,1,0,39,0.0,0.0,0.0,0.0,0.0
2019-03-02,1,0,40,0.0,0.0,0.0,0.0,0.0
2019-03-02,1,0,41,116.0,116.0,0.0,1900.744296,0.0
2019-03-02,1,0,42,0.0,0.0,0.0,0.0,0.0
2019-03-02,1,0,43,0.0,0.0,0.0,0.0,0.0
2019-03-02,1,0,46,0.0,0.0,0.0,0.0,0.0
2019-03-02,1,0,52,13.18,13.18,0.0,243.249191,0.0
2019-03-02,1,0,53,21.54,21.54,0.0,397.540786,0.0
2019-03-02,1,0,55,262.78,262.78,0.0,4839.602419,0.0
2019-03-02,1,0,56,0.0,0.0,0.0,0.0,0.0
2019-03-02,1,0,57,0.0,0.0,0.0,0.0,0.0
2019-03-02,1,0,58,0.0,0.0,0.0,0.0,0.0
2019-03-02,1,0,59,0.0,0.0,0.0,0.0,0.0
2019-03-02,1,0,63,113.97,113.97,0.0,14540.08078,0.0
2019-03-02,1,0,64,134.09,134.09,0.0,17106.952986,0.0
2019-03-02,1,0,65,4.77,4.77,0.0,58.723755,0.0
2019-03-02,1,0,67,0.0,0.0,0.0,-0.0,0.0
2019-03-02,1,0,68,6.84,6.84,0.0,-2782.608992,0.0
2019-03-02,1,0,69,0.0,0.0,0.0,0.0,0.0
2019-03-02,1,0,74,18.08,18.08,0.0,244.957099,0.0
2019-03-02,1,0,77,113.12,113.12,0.0,-32295.264229,0.0
2019-03-02,1,0,78,85.52,85.52,0.0,-24415.585192,0.0
2019-03-02,1,0,79,49.49,49.49,0.0,-14129.1781,0.0
2019-03-02,1,0,80,80.03,80.03,0.0,-22848.214253,0.0
2019-03-02,1,0,81,104.63,104.63,0.0,-29871.406439,0.0
2019-03-02,1,0,82,73.81,73.81,0.0,-21072.431513,0.0
2019-03-02,1,0,83,164.59,164.59,0.0,-46989.723652,0.0
2019-03-02,1,0,84,0.0,0.0,0.0,0.0,0.0
2019-03-02,1,0,86,0.0,0.0,0.0,0.0,0.0
2019-03-02,1,0,87,0.0,0.0,0.0,0.0,0.0
2019-03-02,1,0,88,74.27,74.27,0.0,-21203.759497,0.0
2019-03-02,1,0,89,71.39,71.39,0.0,-20381.532119,0.0
2019-03-02,1,0,90,95.86,95.86,0.0,-27367.609875,0.0
2019-03-02,1,0,91,341.95,341.95,0.0,-97625.226337,0.0
2019-03-02,1,0,92,122.98,122.98,0.0,-35110.251016,0.0
2019-03-02,1,0,95,13.47,13.47,0.0,409.672451,0.0
2019-03-02,1,0,96,12.32,12.32,0.0,227.879194,0.0
2019-03-02,1,0,97,75.75,75.75,0.0,1401.124101,0.0
2019-03-02,1,0,99,3.49,3.49,0.0,47.284307,0.0
2019-03-02,1,0,101,0.0,0.0,0.0,0.0,0.0
2019-03-02,1,0,102,16.2,16.2,0.0,-6590.389718,0.0
2019-03-02,1,0,103,14.08,14.08,0.0,-5727.943657,0.0
2019-03-02,1,0,104,2.62,2.62,0.0,-1065.853152,0.0
2019-03-02,1,0,106,0.0,0.0,0.0,0.0,0.0
2019-03-02,1,0,109,72.54,72.54,0.0,1091.329732,0.0
2019-03-02,1,0,110,113.29,113.29,0.0,-113290.0,0.0
2019-03-02,1,0,111,0.0,0.0,0.0,0.0,0.0
2019-03-02,1,0,113,41.15,41.15,0.0,-10490.798348,0.0
2019-03-02,1,0,115,41.15,41.15,0.0,-10490.798348,0.0
2019-03-02,1,0,116,0.0,0.0,0.0,-0.0,0.0
2019-03-02,1,0,117,2.81,2.81,0.0,-716.382585,0.0
2019-03-02,1,0,119,134.09,134.09,0.0,17106.952986,0.0
2019-03-02,1,0,120,78.84,78.84,0.0,10058.260671,0.0
2019-03-02,1,0,123,0.0,0.0,0.0,0.0,0.0
2019-03-02,1,0,125,47.08,47.08,0.0,867.069343,0.0
2019-03-02,1,0,126,0.0,0.0,0.0,0.0,0.0
2019-03-02,1,0,127,0.0,0.0,0.0,0.0,0.0
2019-03-02,1,0,128,67.43,67.43,0.0,1241.853988,0.0
2019-03-02,1,0,131,19.0,19.0,0.0,-6988.5103,0.0
2019-03-02,1,0,132,27.93,27.93,0.0,-10273.11014,0.0
2019-03-02,1,0,133,17.05,17.05,0.0,209.090434,0.0
2019-03-02,1,0,134,0.0,0.0,0.0,0.0,0.0
2019-03-02,1,0,135,22.85,22.85,0.0,280.217972,0.0
2019-03-02,1,0,136,4.0,4.0,0.0,49.25381,0.0
2019-03-02,1,0,139,149.8,149.8,0.0,2454.581858,0.0
2019-03-02,1,0,140,83.84,83.84,0.0,-83840.0,0.0
2019-03-02,1,0,141,40.65,40.65,0.0,-22472.770931,0.0
2019-03-02,1,0,142,0.0,0.0,0.0,-0.0,0.0
2019-03-02,1,0,143,39.66,39.66,0.0,731.962283,0.0
2019-03-02,1,0,145,10.26,10.26,0.0,176.366015,0.0
2019-03-02,1,0,146,262.85,262.85,0.0,-262850.0,0.0
2019-03-02,1,0,152,0.0,0.0,0.0,0.0,0.0
2019-03-02,1,0,153,0.0,0.0,0.0,0.0,0.0
2019-03-02,1,0,154,0.0,0.0,0.0,0.0,0.0
2019-03-02,1,0,157,250.0,250.0,0.0,-138208.923313,0.0
2019-03-02,1,0,158,0.0,0.0,0.0,-0.0,0.0
2019-03-02,1,0,159,0.0,0.0,0.0,0.0,0.0
2019-03-02,1,0,160,0.0,0.0,0.0,0.0,0.0
2019-03-02,1,0,161,0.0,0.0,0.0,-0.0,0.0
2019-03-02,1,0,162,9.2,9.2,0.0,286.943988,0.0
2019-03-02,1,0,163,152.74,152.74,0.0,-152740.0,0.0
2019-03-02,1,0,164,0.0,0.0,0.0,0.0,0.0
2019-03-02,1,0,167,0.0,0.0,0.0,0.0,0.0
2019-03-02,1,0,168,0.0,0.0,0.0,0.0,0.0
2019-03-02,1,0,169,0.0,0.0,0.0,0.0,0.0
2019-03-02,1,0,170,0.0,0.0,0.0,0.0,0.0
2019-03-02,1,0,172,0.0,0.0,0.0,0.0,0.0
2019-03-02,1,0,173,0.0,0.0,0.0,0.0,0.0
2019-03-02,1,0,188,0.0,0.0,0.0,0.0,0.0
2019-03-02,1,0,190,0.0,0.0,0.0,0.0,0.0
2019-03-02,1,0,191,0.0,0.0,0.0,0.0,0.0
2019-03-02,1,0,192,94.29,94.29,0.0,3529.044361,0.0
2019-03-02,1,0,194,139.73,139.73,0.0,-16451.78525,0.0
2019-03-02,1,0,196,0.0,0.0,0.0,0.0,0.0
2019-03-02,1,0,198,0.0,0.0,0.0,0.0,0.0
2019-03-02,1,0,199,20.61,20.61,0.0,-595.219485,0.0
2019-03-02,1,0,200,0.0,0.0,0.0,-0.0,0.0
2019-03-02,1,0,204,290.41,290.41,0.0,4413.73777,0.0
2019-03-02,1,0,205,383.75,383.75,0.0,5773.335877,0.0
2019-03-02,1,0,206,222.59,222.59,0.0,4117.177736,0.0
2019-03-02,1,0,210,0.0,0.0,0.0,0.0,0.0
2019-03-02,1,0,214,0.0,0.0,0.0,0.0,0.0
2019-03-02,1,0,217,0.0,0.0,0.0,0.0,0.0
2019-03-02,1,0,218,0.0,0.0,0.0,0.0,0.0
2019-03-02,1,0,219,0.0,0.0,0.0,0.0,0.0
2019-03-02,1,0,221,0.0,0.0,0.0,0.0,0.0
2019-03-02,1,0,225,0.0,0.0,0.0,0.0,0.0
2019-03-02,1,0,233,0.0,0.0,0.0,0.0,0.0
2019-03-02,1,0,236,32.32,32.32,0.0,415.705365,0.0
2019-03-02,1,0,237,43.37,43.37,0.0,587.598971,0.0
2019-03-02,1,0,238,0.0,0.0,0.0,0.0,0.0
2019-03-02,1,0,240,0.0,0.0,0.0,0.0,0.0
2019-03-02,1,0,245,20.26,20.26,0.0,245.291887,0.0
2019-03-02,1,0,247,29.15,29.15,0.0,352.924901,0.0
2019-03-02,1,0,248,4.35,4.35,0.0,58.936028,0.0
2019-03-02,1,0,249,38.97,38.97,0.0,471.817613,0.0
2019-03-02,1,0,251,108.2,108.2,0.0,1339.799351,0.0
2019-03-02,1,0,252,30.77,30.77,0.0,378.811308,0.0
2019-03-02,1,0,254,0.0,0.0,0.0,0.0,0.0
2019-03-02,1,0,255,0.0,0.0,0.0,0.0,0.0
2019-03-02,1,0,258,0.0,0.0,0.0,0.0,0.0
2019-03-02,1,0,260,0.0,0.0,0.0,0.0,0.0
2019-03-02,1,0,265,0.0,0.0,0.0,0.0,0.0
2019-03-02,1,0,266,97.0,97.0,0.0,1589.415489,0.0
2019-03-02,1,0,267,119.2,119.2,0.0,1953.178621,0.0
2019-03-02,1,0,270,477.01,477.01,0.0,-477010.0,0.0
2019-03-02,1,0,272,137.26,137.26,0.0,-34993.122267,0.0
2019-03-02,1,0,273,0.0,0.0,0.0,-0.0,0.0
2019-03-02,1,0,274,614.92,614.92,0.0,-614920.0,0.0
2019-03-02,1,0,275,855.98,855.98,0.0,-855980.0,0.0
2019-03-02,1,0,276,0.0,0.0,0.0,-0.0,0.0
2019-03-02,1,0,277,0.0,0.0,0.0,-0.0,0.0
2019-03-02,1,0,278,0.0,0.0,0.0,-0.0,0.0
2019-03-02,1,0,279,197.19,197.19,0.0,-52687.293244,0.0
2019-03-02,1,0,281,5.11,5.11,0.0,94.309815,0.0
2019-03-02,1,0,282,0.0,0.0,0.0,0.0,0.0
2019-03-02,2,0,9,0.0,0.0,0.0,0.0,0.0
2019-03-02,2,0,17,0.0,0.0,0.0,0.0,0.0
2019-03-02,2,0,19,0.0,0.0,0.0,0.0,0.0
2019-03-02,2,0,20,0.0,0.0,0.0,0.0,0.0
2019-03-02,2,0,21,0.0,0.0,0.0,0.0,0.0
2019-03-02,2,0,22,0.0,0.0,0.0,0.0,0.0
2019-03-02,2,0,23,13.15,13.15,0.0,620.696832,0.0
2019-03-02,2,0,24,23.27,23.27,0.0,1098.373785,0.0
2019-03-02,2,0,29,0.0,0.0,0.0,0.0,0.0
2019-03-02,2,0,30,0.0,0.0,0.0,0.0,0.0
2019-03-02,2,0,31,3.19,3.19,0.0,151.13066,0.0
2019-03-02,2,0,32,0.0,0.0,0.0,0.0,0.0
2019-03-02,2,0,33,0.0,0.0,0.0,0.0,0.0
2019-03-02,2,0,34,0.0,0.0,0.0,0.0,0.0
2019-03-02,2,0,35,0.0,0.0,0.0,0.0,0.0
2019-03-02,2,0,36,0.0,0.0,0.0,0.0,0.0
2019-03-02,2,0,37,0.0,0.0,0.0,0.0,0.0
2019-03-02,2,0,38,0.0,0.0,0.0,0.0,0.0
2019-03-02,2,0,39,0.0,0.0,0.0,0.0,0.0
2019-03-02,2,0,40,0.0,0.0,0.0,0.0,0.0
2019-03-02,2,0,41,116.0,116.0,0.0,4417.366648,0.0
2019-03-02,2,0,42,0.0,0.0,0.0,0.0,0.0
2019-03-02,2,0,43,0.0,0.0,0.0,0.0,0.0
2019-03-02,2,0,46,0.0,0.0,0.0,0.0,0.0
2019-03-02,2,0,52,3.38,3.38,0.0,160.132173,0.0
2019-03-02,2,0,53,5.37,5.37,0.0,254.411174,0.0
2019-03-02,2,0,55,155.78,155.78,0.0,7353.015392,0.0
2019-03-02,2,0,56,0.0,0.0,0.0,0.0,0.0
2019-03-02,2,0,57,0.0,0.0,0.0,0.0,0.0
2019-03-02,2,0,58,0.0,0.0,0.0,0.0,0.0
2019-03-02,2,0,59,0.0,0.0,0.0,0.0,0.0
2019-03-02,2,0,63,117.09,117.09,0.0,14630.923124,0.0
2019-03-02,2,0,64,137.76,137.76,0.0,17213.732766,0.0
2019-03-02,2,0,65,1.51,1.51,0.0,29.874871,0.0
2019-03-02,2,0,67,0.0,0.0,0.0,-0.0,0.0
2019-03-02,2,0,68,9.31,9.31,0.0,-3845.183268,0.0
2019-03-02,2,0,69,0.0,0.0,0.0,0.0,0.0
2019-03-02,2,0,74,17.53,17.53,0.0,444.229305,0.0
2019-03-02,2,0,77,181.42,181.42,0.0,-53309.753172,0.0
2019-03-02,2,0,78,137.15,137.15,0.0,-40301.139056,0.0
2019-03-02,2,0,79,79.37,79.37,0.0,-23322.649704,0.0
2019-03-02,2,0,80,128.36,128.36,0.0,-37718.222452,0.0
2019-03-02,2,0,81,167.82,167.82,0.0,-49313.431691,0.0
2019-03-02,2,0,82,118.38,118.38,0.0,-34785.627718,0.0
2019-03-02,2,0,83,263.97,263.97,0.0,-77566.83687,0.0
2019-03-02,2,0,84,0.0,0.0,0.0,0.0,0.0
2019-03-02,2,0,86,0.0,0.0,0.0,0.0,0.0
2019-03-02,2,0,87,0.0,0.0,0.0,0.0,0.0
2019-03-02,2,0,88,106.53,106.53,0.0,-31303.53878,0.0
2019-03-02,2,0,89,102.41,102.41,0.0,-30092.888449,0.0
2019-03-02,2,0,90,137.5,137.5,0.0,-40403.985565,0.0
2019-03-02,2,0,91,490.5,490.5,0.0,-144132.035779,0.0
2019-03-02,2,0,92,176.41,176.41,0.0,-51837.578862,0.0
2019-03-02,2,0,95,5.48,5.48,0.0,166.66704,0.0
2019-03-02,2,0,96,9.27,9.27,0.0,440.875469,0.0
2019-03-02,2,0,97,57.01,57.01,0.0,2711.360355,0.0
2019-03-02,2,0,99,3.38,3.38,0.0,85.652884,0.0
2019-03-02,2,0,101,0.0,0.0,0.0,0.0,0.0
2019-03-02,2,0,102,22.05,22.05,0.0,-9107.013004,0.0
2019-03-02,2,0,103,19.17,19.17,0.0,-7917.525591,0.0
2019-03-02,2,0,104,3.56,3.56,0.0,-1470.338607,0.0
2019-03-02,2,0,106,0.0,0.0,0.0,0.0,0.0
2019-03-02,2,0,109,63.73,63.73,0.0,2043.086802,0.0
2019-03-02,2,0,110,127.25,127.25,0.0,-127250.0,0.0
2019-03-02,2,0,111,0.0,0.0,0.0,0.0,0.0
2019-03-02,2,0,113,52.2,52.2,0.0,-13609.521538,0.0
2019-03-02,2,0,115,52.2,52.2,0.0,-13609.521538,0.0
2019-03-02,2,0,116,0.0,0.0,0.0,-0.0,0.0
2019-03-02,2,0,117,2.79,2.79,0.0,-727.405462,0.0
2019-03-02,2,0,119,137.76,137.76,0.0,17213.732766,0.0
2019-03-02,2,0,120,81.0,81.0,0.0,10121.314998,0.0
2019-03-02,2,0,123,0.0,0.0,0.0,0.0,0.0
2019-03-02,2,0,125,21.06,21.06,0.0,994.058956,0.0
2019-03-02,2,0,126,0.0,0.0,0.0,0.0,0.0
2019-03-02,2,0,127,0.0,0.0,0.0,0.0,0.0
2019-03-02,2,0,128,30.16,30.16,0.0,1423.590604,0.0
2019-03-02,2,0,131,30.0,30.0,0.0,-11232.791136,0.0
2019-03-02,2,0,132,44.1,44.1,0.0,-16512.202969,0.0
2019-03-02,2,0,133,4.09,4.09,0.0,80.043508,0.0
2019-03-02,2,0,134,0.0,0.0,0.0,0.0,0.0
2019-03-02,2,0,135,5.48,5.48,0.0,107.246559,0.0
2019-03-02,2,0,136,1.69,1.69,0.0,33.454271,0.0
2019-03-02,2,0,139,149.8,149.8,0.0,5704.495896,0.0
2019-03-02,2,0,140,94.18,94.18,0.0,-94180.0,0.0
2019-03-02,2,0,141,118.27,118.27,0.0,-65936.848647,0.0
2019-03-02,2,0,142,0.0,0.0,0.0,-0.0,0.0
2019-03-02,2,0,143,13.87,13.87,0.0,657.110425,0.0
2019-03-02,2,0,145,7.62,7.62,0.0,317.682469,0.0
2019-03-02,2,0,146,232.23,232.23,0.0,-232230.0,0.0
2019-03-02,2,0,152,0.0,0.0,0.0,0.0,0.0
2019-03-02,2,0,153,0.0,0.0,0.0,0.0,0.0
2019-03-02,2,0,154,0.0,0.0,0.0,0.0,0.0
2019-03-02,2,0,157,250.0,250.0,0.0,-139377.797935,0.0
2019-03-02,2,0,158,0.0,0.0,0.0,-0.0,0.0
2019-03-02,2,0,159,0.0,0.0,0.0,0.0,0.0
2019-03-02,2,0,160,0.0,0.0,0.0,0.0,0.0
2019-03-02,2,0,161,0.0,0.0,0.0,-0.0,0.0
2019-03-02,2,0,162,8.93,8.93,0.0,278.284542,0.0
2019-03-02,2,0,163,150.65,150.65,0.0,-150650.0,0.0
2019-03-02,2,0,164,0.0,0.0,0.0,0.0,0.0
2019-03-02,2,0,167,0.0,0.0,0.0,0.0,0.0
2019-03-02,2,0,168,0.0,0.0,0.0,0.0,0.0
2019-03-02,2,0,169,0.0,0.0,0.0,0.0,0.0
2019-03-02,2,0,170,0.0,0.0,0.0,0.0,0.0
2019-03-02,2,0,172,0.0,0.0,0.0,0.0,0.0
2019-03-02,2,0,173,0.0,0.0,0.0,0.0,0.0
2019-03-02,2,0,188,0.0,0.0,0.0,0.0,0.0
2019-03-02,2,0,190,0.0,0.0,0.0,0.0,0.0
2019-03-02,2,0,191,0.0,0.0,0.0,0.0,0.0
2019-03-02,2,0,192,87.86,87.86,0.0,3288.385168,0.0
2019-03-02,2,0,194,147.97,147.97,0.0,-18089.907433,0.0
2019-03-02,2,0,196,0.0,0.0,0.0,0.0,0.0
2019-03-02,2,0,198,0.0,0.0,0.0,0.0,0.0
2019-03-02,2,0,199,7.56,7.56,0.0,-297.792501,0.0
2019-03-02,2,0,200,0.0,0.0,0.0,-0.0,0.0
2019-03-02,2,0,204,270.51,270.51,0.0,8858.920351,0.0
2019-03-02,2,0,205,312.84,312.84,0.0,10029.174253,0.0
2019-03-02,2,0,206,167.52,167.52,0.0,7967.147634,0.0
2019-03-02,2,0,210,0.0,0.0,0.0,0.0,0.0
2019-03-02,2,0,214,0.0,0.0,0.0,0.0,0.0
2019-03-02,2,0,217,0.0,0.0,0.0,0.0,0.0
2019-03-02,2,0,218,0.0,0.0,0.0,0.0,0.0
2019-03-02,2,0,219,0.0,0.0,0.0,0.0,0.0
2019-03-02,2,0,221,0.0,0.0,0.0,0.0,0.0
2019-03-02,2,0,225,0.0,0.0,0.0,0.0,0.0
2019-03-02,2,0,233,0.0,0.0,0.0,0.0,0.0
2019-03-02,2,0,236,24.83,24.83,0.0,552.697961,0.0
2019-03-02,2,0,237,42.06,42.06,0.0,1065.846239,0.0
2019-03-02,2,0,238,0.0,0.0,0.0,0.0,0.0
2019-03-02,2,0,240,0.0,0.0,0.0,0.0,0.0
2019-03-02,2,0,245,5.28,5.28,0.0,99.629985,0.0
2019-03-02,2,0,247,9.2,9.2,0.0,173.597701,0.0
2019-03-02,2,0,248,4.22,4.22,0.0,106.939399,0.0
2019-03-02,2,0,249,10.15,10.15,0.0,191.523551,0.0
2019-03-02,2,0,251,42.75,42.75,0.0,859.531374,0.0
2019-03-02,2,0,252,9.77,9.77,0.0,193.296351,0.0
2019-03-02,2,0,254,0.0,0.0,0.0,0.0,0.0
2019-03-02,2,0,255,0.0,0.0,0.0,0.0,0.0
2019-03-02,2,0,258,0.0,0.0,0.0,0.0,0.0
2019-03-02,2,0,260,0.0,0.0,0.0,0.0,0.0
2019-03-02,2,0,265,0.0,0.0,0.0,0.0,0.0
2019-03-02,2,0,266,97.0,97.0,0.0,3693.832456,0.0
2019-03-02,2,0,267,119.2,119.2,0.0,4539.225039,0.0
2019-03-02,2,0,270,470.49,470.49,0.0,-470490.0,0.0
2019-03-02,2,0,272,225.17,225.17,0.0,-58706.052965,0.0
2019-03-02,2,0,273,0.0,0.0,0.0,-0.0,0.0
2019-03-02,2,0,274,606.52,606.52,0.0,-606520.0,0.0
2019-03-02,2,0,275,844.28,844.28,0.0,-844280.0,0.0
2019-03-02,2,0,276,0.0,0.0,0.0,-0.0,0.0
2019-03-02,2,0,277,0.0,0.0,0.0,-0.0,0.0
2019-03-02,2,0,278,0.0,0.0,0.0,-0.0,0.0
2019-03-02,2,0,279,206.26,206.26,0.0,-56515.342984,0.0
2019-03-02,2,0,281,1.43,1.43,0.0,67.748227,0.0
2019-03-02,2,0,282,0.0,0.0,0.0,0.0,0.0
2019-03-02,3,0,9,0.0,0.0,0.0,0.0,0.0
2019-03-02,3,0,17,0.0,0.0,0.0,0.0,0.0
2019-03-02,3,0,19,0.0,0.0,0.0,0.0,0.0
2019-03-02,3,0,20,0.0,0.0,0.0,0.0,0.0
2019-03-02,3,0,21,0.0,0.0,0.0,0.0,0.0
2019-03-02,3,0,22,0.0,0.0,0.0,0.0,0.0
2019-03-02,3,0,23,35.28,35.28,0.0,1700.797962,0.0
2019-03-02,3,0,24,62.42,62.42,0.0,3009.178253,0.0
2019-03-02,3,0,29,0.0,0.0,0.0,0.0,0.0
2019-03-02,3,0,30,0.0,0.0,0.0,0.0,0.0
2019-03-02,3,0,31,2.32,2.32,0.0,112.440839,0.0
2019-03-02,3,0,32,0.0,0.0,0.0,0.0,0.0
2019-03-02,3,0,33,0.0,0.0,0.0,0.0,0.0
2019-03-02,3,0,34,0.0,0.0,0.0,0.0,0.0
2019-03-02,3,0,35,0.0,0.0,0.0,0.0,0.0
2019-03-02,3,0,36,0.0,0.0,0.0,0.0,0.0
2019-03-02,3,0,37,0.0,0.0,0.0,0.0,0.0
2019-03-02,3,0,38,0.0,0.0,0.0,0.0,0.0
2019-03-02,3,0,39,0.0,0.0,0.0,0.0,0.0
2019-03-02,3,0,40,0.0,0.0,0.0,0.0,0.0
2019-03-02,3,0,41,116.0,116.0,0.0,4091.105776,0.0
2019-03-02,3,0,42,0.0,0.0,0.0,0.0,0.0
2019-03-02,3,0,43,0.0,0.0,0.0,0.0,0.0
2019-03-02,3,0,46,0.0,0.0,0.0,0.0,0.0
2019-03-02,3,0,52,2.46,2.46,0.0,119.226062,0.0
2019-03-02,3,0,53,3.91,3.91,0.0,189.501587,0.0
2019-03-02,3,0,55,93.18,93.18,0.0,4492.073528,0.0
2019-03-02,3,0,56,0.0,0.0,0.0,0.0,0.0
2019-03-02,3,0,57,0.0,0.0,0.0,0.0,0.0
2019-03-02,3,0,58,0.0,0.0,0.0,0.0,0.0
2019-03-02,3,0,59,0.0,0.0,0.0,0.0,0.0
2019-03-02,3,0,63,120.92,120.92,0.0,12010.857084,0.0
2019-03-02,3,0,64,142.26,142.26,0.0,14130.536956,0.0
2019-03-02,3,0,65,0.0,0.0,0.0,0.0,0.0
2019-03-02,3,0,67,0.0,0.0,0.0,-0.0,0.0
2019-03-02,3,0,68,10.2,10.2,0.0,-4378.526766,0.0
2019-03-02,3,0,69,0.0,0.0,0.0,0.0,0.0
2019-03-02,3,0,74,17.51,17.51,0.0,329.442506,0.0
2019-03-02,3,0,77,200.0,200.0,0.0,-62793.188103,0.0
2019-03-02,3,0,78,151.2,151.2,0.0,-47471.650206,0.0
2019-03-02,3,0,79,87.5,87.5,0.0,-27472.019795,0.0
2019-03-02,3,0,80,141.5,141.5,0.0,-44426.180583,0.0
2019-03-02,3,0,81,185.0,185.0,0.0,-58083.698995,0.0
2019-03-02,3,0,82,130.5,130.5,0.0,-40972.555237,0.0
2019-03-02,3,0,83,291.0,291.0,0.0,-91364.08869,0.0
2019-03-02,3,0,84,0.0,0.0,0.0,0.0,0.0
2019-03-02,3,0,86,0.0,0.0,0.0,0.0,0.0
2019-03-02,3,0,87,0.0,0.0,0.0,0.0,0.0
2019-03-02,3,0,88,151.54,151.54,0.0,-47578.398626,0.0
2019-03-02,3,0,89,145.68,145.68,0.0,-45738.558214,0.0
2019-03-02,3,0,90,195.6,195.6,0.0,-61411.737965,0.0
2019-03-02,3,0,91,697.74,697.74,0.0,-219066.595335,0.0
2019-03-02,3,0,92,250.94,250.94,0.0,-78786.613113,0.0
2019-03-02,3,0,95,5.55,5.55,0.0,141.045999,0.0
2019-03-02,3,0,96,12.02,12.02,0.0,585.792342,0.0
2019-03-02,3,0,97,73.91,73.91,0.0,3601.989352,0.0
2019-03-02,3,0,99,3.38,3.38,0.0,63.593128,0.0
2019-03-02,3,0,101,0.0,0.0,0.0,0.0,0.0
2019-03-02,3,0,102,24.15,24.15,0.0,-10366.80602,0.0
2019-03-02,3,0,103,21.0,21.0,0.0,-9014.61393,0.0
2019-03-02,3,0,104,3.9,3.9,0.0,-1674.142587,0.0
2019-03-02,3,0,106,0.0,0.0,0.0,0.0,0.0
2019-03-02,3,0,109,61.2,61.2,0.0,1566.225456,0.0
2019-03-02,3,0,110,142.43,142.43,0.0,-142430.0,0.0
2019-03-02,3,0,111,0.0,0.0,0.0,0.0,0.0
2019-03-02,3,0,113,50.79,50.79,0.0,-14215.468731,0.0
2019-03-02,3,0,115,50.79,50.79,0.0,-14215.468731,0.0
2019-03-02,3,0,116,0.0,0.0,0.0,-0.0,0.0
2019-03-02,3,0,117,2.61,2.61,0.0,-730.505481,0.0
2019-03-02,3,0,119,142.26,142.26,0.0,14130.536956,0.0
2019-03-02,3,0,120,83.65,83.65,0.0,8308.866978,0.0
2019-03-02,3,0,123,0.0,0.0,0.0,0.0,0.0
2019-03-02,3,0,125,56.49,56.49,0.0,2723.301498,0.0
2019-03-02,3,0,126,0.0,0.0,0.0,0.0,0.0
2019-03-02,3,0,127,0.0,0.0,0.0,0.0,0.0
2019-03-02,3,0,128,80.9,80.9,0.0,3900.072423,0.0
2019-03-02,3,0,131,30.0,30.0,0.0,-11752.368603,0.0
2019-03-02,3,0,132,44.1,44.1,0.0,-17275.981847,0.0
2019-03-02,3,0,133,0.0,0.0,0.0,0.0,0.0
2019-03-02,3,0,134,0.0,0.0,0.0,0.0,0.0
2019-03-02,3,0,135,0.0,0.0,0.0,0.0,0.0
2019-03-02,3,0,136,0.0,0.0,0.0,0.0,0.0
2019-03-02,3,0,139,149.8,149.8,0.0,5283.169355,0.0
2019-03-02,3,0,140,105.41,105.41,0.0,-105410.0,0.0
2019-03-02,3,0,141,230.0,230.0,0.0,-131045.183246,0.0
2019-03-02,3,0,142,0.0,0.0,0.0,-0.0,0.0
2019-03-02,3,0,143,4.91,4.91,0.0,237.967466,0.0
2019-03-02,3,0,145,6.64,6.64,0.0,265.494193,0.0
2019-03-02,3,0,146,208.11,208.11,0.0,-208110.0,0.0
2019-03-02,3,0,152,0.0,0.0,0.0,0.0,0.0
2019-03-02,3,0,153,0.0,0.0,0.0,0.0,0.0
2019-03-02,3,0,154,0.0,0.0,0.0,0.0,0.0
2019-03-02,3,0,157,250.0,250.0,0.0,-142440.416572,0.0
2019-03-02,3,0,158,0.0,0.0,0.0,-0.0,0.0
2019-03-02,3,0,159,0.0,0.0,0.0,0.0,0.0
2019-03-02,3,0,160,0.0,0.0,0.0,0.0,0.0
2019-03-02,3,0,161,0.0,0.0,0.0,-0.0,0.0
2019-03-02,3,0,162,8.72,8.72,0.0,228.036249,0.0
2019-03-02,3,0,163,148.92,148.92,0.0,-148920.0,0.0
2019-03-02,3,0,164,0.0,0.0,0.0,0.0,0.0
2019-03-02,3,0,167,0.0,0.0,0.0,0.0,0.0
2019-03-02,3,0,168,0.0,0.0,0.0,0.0,0.0
2019-03-02,3,0,169,0.0,0.0,0.0,0.0,0.0
2019-03-02,3,0,170,0.0,0.0,0.0,0.0,0.0
2019-03-02,3,0,172,0.0,0.0,0.0,0.0,0.0
2019-03-02,3,0,173,0.0,0.0,0.0,0.0,0.0
2019-03-02,3,0,188,0.0,0.0,0.0,0.0,0.0
2019-03-02,3,0,190,0.0,0.0,0.0,0.0,0.0
2019-03-02,3,0,191,0.0,0.0,0.0,0.0,0.0
2019-03-02,3,0,192,82.8,82.8,0.0,2685.001729,0.0
2019-03-02,3,0,194,156.71,156.71,0.0,-22489.955813,0.0
2019-03-02,3,0,196,0.0,0.0,0.0,0.0,0.0
2019-03-02,3,0,198,0.0,0.0,0.0,0.0,0.0
2019-03-02,3,0,199,6.82,6.82,0.0,-367.511865,0.0
2019-03-02,3,0,200,0.0,0.0,0.0,-0.0,0.0
2019-03-02,3,0,204,262.88,262.88,0.0,6939.379851,0.0
2019-03-02,3,0,205,323.72,323.72,0.0,8284.61609,0.0
2019-03-02,3,0,206,217.17,217.17,0.0,10583.737349,0.0
2019-03-02,3,0,210,0.0,0.0,0.0,0.0,0.0
2019-03-02,3,0,214,0.0,0.0,0.0,0.0,0.0
2019-03-02,3,0,217,0.0,0.0,0.0,0.0,0.0
2019-03-02,3,0,218,0.0,0.0,0.0,0.0,0.0
2019-03-02,3,0,219,0.0,0.0,0.0,0.0,0.0
2019-03-02,3,0,221,0.0,0.0,0.0,0.0,0.0
2019-03-02,3,0,225,0.0,0.0,0.0,0.0,0.0
2019-03-02,3,0,233,0.0,0.0,0.0,0.0,0.0
2019-03-02,3,0,236,18.94,18.94,0.0,299.231306,0.0
2019-03-02,3,0,237,42.0,42.0,0.0,790.210465,0.0
2019-03-02,3,0,238,0.0,0.0,0.0,0.0,0.0
2019-03-02,3,0,240,0.0,0.0,0.0,0.0,0.0
2019-03-02,3,0,245,0.0,0.0,0.0,0.0,0.0
2019-03-02,3,0,247,0.0,0.0,0.0,0.0,0.0
2019-03-02,3,0,248,4.22,4.22,0.0,79.397337,0.0
2019-03-02,3,0,249,0.0,0.0,0.0,0.0,0.0
2019-03-02,3,0,251,12.31,12.31,0.0,172.656614,0.0
2019-03-02,3,0,252,0.0,0.0,0.0,0.0,0.0
2019-03-02,3,0,254,0.0,0.0,0.0,0.0,0.0
2019-03-02,3,0,255,0.0,0.0,0.0,0.0,0.0
2019-03-02,3,0,258,0.0,0.0,0.0,0.0,0.0
2019-03-02,3,0,260,0.0,0.0,0.0,0.0,0.0
2019-03-02,3,0,265,0.0,0.0,0.0,0.0,0.0
2019-03-02,3,0,266,97.0,97.0,0.0,3421.010864,0.0
2019-03-02,3,0,267,119.2,119.2,0.0,4203.963866,0.0
2019-03-02,3,0,270,465.06,465.06,0.0,-465060.0,0.0
2019-03-02,3,0,272,207.46,207.46,0.0,-58065.389702,0.0
2019-03-02,3,0,273,0.0,0.0,0.0,-0.0,0.0
2019-03-02,3,0,274,599.52,599.52,0.0,-599520.0,0.0
2019-03-02,3,0,275,834.54,834.54,0.0,-834540.0,0.0
2019-03-02,3,0,276,0.0,0.0,0.0,-0.0,0.0
2019-03-02,3,0,277,0.0,0.0,0.0,-0.0,0.0
2019-03-02,3,0,278,0.0,0.0,0.0,-0.0,0.0
2019-03-02,3,0,279,215.23,215.23,0.0,-63180.743166,0.0
2019-03-02,3,0,281,1.04,1.04,0.0,50.404514,0.0
2019-03-02,3,0,282,0.0,0.0,0.0,0.0,0.0
2019-03-02,4,0,9,0.0,0.0,0.0,0.0,0.0
2019-03-02,4,0,17,0.0,0.0,0.0,0.0,0.0
2019-03-02,4,0,19,0.0,0.0,0.0,0.0,0.0
2019-03-02,4,0,20,0.0,0.0,0.0,0.0,0.0
2019-03-02,4,0,21,0.0,0.0,0.0,0.0,0.0
2019-03-02,4,0,22,0.0,0.0,0.0,0.0,0.0
2019-03-02,4,0,23,98.16,98.16,0.0,1367.432277,0.0
2019-03-02,4,0,24,162.22,162.22,0.0,2259.829502,0.0
2019-03-02,4,0,29,0.0,0.0,0.0,0.0,0.0
2019-03-02,4,0,30,0.0,0.0,0.0,0.0,0.0
2019-03-02,4,0,31,2.6,2.6,0.0,36.334527,0.0
2019-03-02,4,0,32,0.0,0.0,0.0,0.0,0.0
2019-03-02,4,0,33,0.0,0.0,0.0,0.0,0.0
2019-03-02,4,0,34,0.0,0.0,0.0,0.0,0.0
2019-03-02,4,0,35,0.0,0.0,0.0,0.0,0.0
2019-03-02,4,0,36,0.0,0.0,0.0,0.0,0.0
2019-03-02,4,0,37,0.0,0.0,0.0,0.0,0.0
2019-03-02,4,0,38,0.0,0.0,0.0,0.0,0.0
2019-03-02,4,0,39,0.0,0.0,0.0,0.0,0.0
2019-03-02,4,0,40,0.0,0.0,0.0,0.0,0.0
2019-03-02,4,0,41,116.0,116.0,0.0,1351.698159,0.0
2019-03-02,4,0,42,0.0,0.0,0.0,0.0,0.0
2019-03-02,4,0,43,0.0,0.0,0.0,0.0,0.0
2019-03-02,4,0,46,0.0,0.0,0.0,0.0,0.0
2019-03-02,4,0,52,2.75,2.75,0.0,38.43075,0.0
2019-03-02,4,0,53,4.37,4.37,0.0,61.069955,0.0
2019-03-02,4,0,55,94.9,94.9,0.0,1322.018369,0.0
2019-03-02,4,0,56,0.0,0.0,0.0,0.0,0.0
2019-03-02,4,0,57,0.0,0.0,0.0,0.0,0.0
2019-03-02,4,0,58,0.0,0.0,0.0,0.0,0.0
2019-03-02,4,0,59,0.0,0.0,0.0,0.0,0.0
2019-03-02,4,0,63,125.15,125.15,0.0,13664.159308,0.0
2019-03-02,4,0,64,147.23,147.23,0.0,16074.903515,0.0
2019-03-02,4,0,65,0.0,0.0,0.0,0.0,0.0
2019-03-02,4,0,67,0.0,0.0,0.0,-0.0,0.0
2019-03-02,4,0,68,10.2,10.2,0.0,-4249.182497,0.0
2019-03-02,4,0,69,0.0,0.0,0.0,0.0,0.0
2019-03-02,4,0,74,18.2,18.2,0.0,161.319112,0.0
2019-03-02,4,0,77,200.0,200.0,0.0,-59460.894124,0.0
2019-03-02,4,0,78,151.2,151.2,0.0,-44952.435958,0.0
2019-03-02,4,0,79,87.5,87.5,0.0,-26014.141179,0.0
2019-03-02,4,0,80,141.5,141.5,0.0,-42068.582593,0.0
2019-03-02,4,0,81,185.0,185.0,0.0,-55001.327065,0.0
2019-03-02,4,0,82,130.5,130.5,0.0,-38798.233416,0.0
2019-03-02,4,0,83,291.0,291.0,0.0,-86515.60095,0.0
2019-03-02,4,0,84,0.0,0.0,0.0,0.0,0.0
2019-03-02,4,0,86,0.0,0.0,0.0,0.0,0.0
2019-03-02,4,0,87,0.0,0.0,0.0,0.0,0.0
2019-03-02,4,0,88,170.6,170.6,0.0,-50720.142688,0.0
2019-03-02,4,0,89,164.0,164.0,0.0,-48757.933182,0.0
2019-03-02,4,0,90,220.2,220.2,0.0,-65466.44443,0.0
2019-03-02,4,0,91,785.5,785.5,0.0,-233532.661672,0.0
2019-03-02,4,0,92,282.5,282.5,0.0,-83988.51295,0.0
2019-03-02,4,0,95,13.19,13.19,0.0,335.206617,0.0
2019-03-02,4,0,96,21.83,21.83,0.0,306.07803,0.0
2019-03-02,4,0,97,134.25,134.25,0.0,1882.316793,0.0
2019-03-02,4,0,99,3.51,3.51,0.0,31.111543,0.0
2019-03-02,4,0,101,0.0,0.0,0.0,0.0,0.0
2019-03-02,4,0,102,24.15,24.15,0.0,-10060.564441,0.0
2019-03-02,4,0,103,21.0,21.0,0.0,-8748.316905,0.0
2019-03-02,4,0,104,3.9,3.9,0.0,-1624.687425,0.0
2019-03-02,4,0,106,0.0,0.0,0.0,0.0,0.0
2019-03-02,4,0,109,60.37,60.37,0.0,608.579852,0.0
2019-03-02,4,0,110,159.32,159.32,0.0,-159320.0,0.0
2019-03-02,4,0,111,0.0,0.0,0.0,0.0,0.0
2019-03-02,4,0,113,33.13,33.13,0.0,-8849.959632,0.0
2019-03-02,4,0,115,33.13,33.13,0.0,-8849.959632,0.0
2019-03-02,4,0,116,0.0,0.0,0.0,-0.0,0.0
2019-03-02,4,0,117,2.21,2.21,0.0,-590.35348,0.0
2019-03-02,4,0,119,147.23,147.23,0.0,16074.903515,0.0
2019-03-02,4,0,120,86.57,86.57,0.0,9451.907881,0.0
2019-03-02,4,0,123,0.0,0.0,0.0,0.0,0.0
2019-03-02,4,0,125,148.85,148.85,0.0,2073.576756,0.0
2019-03-02,4,0,126,0.0,0.0,0.0,0.0,0.0
2019-03-02,4,0,127,0.0,0.0,0.0,0.0,0.0
2019-03-02,4,0,128,202.15,202.15,0.0,2816.080224,0.0
2019-03-02,4,0,131,30.0,30.0,0.0,-11346.934025,0.0
2019-03-02,4,0,132,44.1,44.1,0.0,-16679.993016,0.0
2019-03-02,4,0,133,0.0,0.0,0.0,0.0,0.0
2019-03-02,4,0,134,0.0,0.0,0.0,0.0,0.0
2019-03-02,4,0,135,0.0,0.0,0.0,0.0,0.0
2019-03-02,4,0,136,0.0,0.0,0.0,0.0,0.0
2019-03-02,4,0,139,149.8,149.8,0.0,1745.555037,0.0
2019-03-02,4,0,140,117.91,117.91,0.0,-117910.0,0.0
2019-03-02,4,0,141,230.0,230.0,0.0,-128846.557926,0.0
2019-03-02,4,0,142,0.0,0.0,0.0,-0.0,0.0
2019-03-02,4,0,143,4.07,4.07,0.0,56.87751,0.0
2019-03-02,4,0,145,7.06,7.06,0.0,88.492355,0.0
2019-03-02,4,0,146,190.0,190.0,0.0,-190000.0,0.0
2019-03-02,4,0,152,0.0,0.0,0.0,0.0,0.0
2019-03-02,4,0,153,0.0,0.0,0.0,0.0,0.0
2019-03-02,4,0,154,0.0,0.0,0.0,0.0,0.0
2019-03-02,4,0,157,250.0,250.0,0.0,-140050.606441,0.0
2019-03-02,4,0,158,0.0,0.0,0.0,-0.0,0.0
2019-03-02,4,0,159,0.0,0.0,0.0,0.0,0.0
2019-03-02,4,0,160,0.0,0.0,0.0,0.0,0.0
2019-03-02,4,0,161,0.0,0.0,0.0,-0.0,0.0
2019-03-02,4,0,162,8.71,8.71,0.0,228.114975,0.0
2019-03-02,4,0,163,148.15,148.15,0.0,-148150.0,0.0
2019-03-02,4,0,164,0.0,0.0,0.0,0.0,0.0
2019-03-02,4,0,167,0.0,0.0,0.0,0.0,0.0
2019-03-02,4,0,168,0.0,0.0,0.0,0.0,0.0
2019-03-02,4,0,169,0.0,0.0,0.0,0.0,0.0
2019-03-02,4,0,170,0.0,0.0,0.0,0.0,0.0
2019-03-02,4,0,172,0.0,0.0,0.0,0.0,0.0
2019-03-02,4,0,173,0.0,0.0,0.0,0.0,0.0
2019-03-02,4,0,188,0.0,0.0,0.0,0.0,0.0
2019-03-02,4,0,190,0.0,0.0,0.0,0.0,0.0
2019-03-02,4,0,191,0.0,0.0,0.0,0.0,0.0
2019-03-02,4,0,192,78.49,78.49,0.0,8569.715254,0.0
2019-03-02,4,0,194,165.78,165.78,0.0,-21894.881512,0.0
2019-03-02,4,0,196,0.0,0.0,0.0,0.0,0.0
2019-03-02,4,0,198,0.0,0.0,0.0,0.0,0.0
2019-03-02,4,0,199,6.14,6.14,0.0,-226.626245,0.0
2019-03-02,4,0,200,0.0,0.0,0.0,-0.0,0.0
2019-03-02,4,0,204,266.61,266.61,0.0,2737.348564,0.0
2019-03-02,4,0,205,319.36,319.36,0.0,3219.414635,0.0
2019-03-02,4,0,206,394.5,394.5,0.0,5531.277279,0.0
2019-03-02,4,0,210,0.0,0.0,0.0,0.0,0.0
2019-03-02,4,0,214,0.0,0.0,0.0,0.0,0.0
2019-03-02,4,0,217,0.0,0.0,0.0,0.0,0.0
2019-03-02,4,0,218,0.0,0.0,0.0,0.0,0.0
2019-03-02,4,0,219,0.0,0.0,0.0,0.0,0.0
2019-03-02,4,0,221,0.0,0.0,0.0,0.0,0.0
2019-03-02,4,0,225,0.0,0.0,0.0,0.0,0.0
2019-03-02,4,0,233,0.0,0.0,0.0,0.0,0.0
2019-03-02,4,0,236,14.67,14.67,0.0,125.800271,0.0
2019-03-02,4,0,237,43.66,43.66,0.0,386.988595,0.0
2019-03-02,4,0,238,0.0,0.0,0.0,0.0,0.0
2019-03-02,4,0,240,0.0,0.0,0.0,0.0,0.0
2019-03-02,4,0,245,0.0,0.0,0.0,0.0,0.0
2019-03-02,4,0,247,0.0,0.0,0.0,0.0,0.0
2019-03-02,4,0,248,4.38,4.38,0.0,38.822951,0.0
2019-03-02,4,0,249,0.0,0.0,0.0,0.0,0.0
2019-03-02,4,0,251,0.0,0.0,0.0,0.0,0.0
2019-03-02,4,0,252,0.0,0.0,0.0,0.0,0.0
2019-03-02,4,0,254,0.0,0.0,0.0,0.0,0.0
2019-03-02,4,0,255,0.0,0.0,0.0,0.0,0.0
2019-03-02,4,0,258,0.0,0.0,0.0,0.0,0.0
2019-03-02,4,0,260,0.0,0.0,0.0,0.0,0.0
2019-03-02,4,0,265,0.0,0.0,0.0,0.0,0.0
2019-03-02,4,0,266,97.0,97.0,0.0,1130.299323,0.0
2019-03-02,4,0,267,119.2,119.2,0.0,1388.986384,0.0
2019-03-02,4,0,270,462.66,462.66,0.0,-462660.0,0.0
2019-03-02,4,0,272,110.71,110.71,0.0,-29573.77093,0.0
2019-03-02,4,0,273,0.0,0.0,0.0,-0.0,0.0
2019-03-02,4,0,274,596.42,596.42,0.0,-596420.0,0.0
2019-03-02,4,0,275,830.22,830.22,0.0,-830220.0,0.0
2019-03-02,4,0,276,0.0,0.0,0.0,-0.0,0.0
2019-03-02,4,0,277,0.0,0.0,0.0,-0.0,0.0
2019-03-02,4,0,278,0.0,0.0,0.0,-0.0,0.0
2019-03-02,4,0,279,224.55,224.55,0.0,-62700.28737,0.0
2019-03-02,4,0,281,1.17,1.17,0.0,16.350537,0.0
2019-03-02,4,0,282,0.0,0.0,0.0,0.0,0.0
2019-03-02,5,0,9,0.0,0.0,0.0,0.0,0.0
2019-03-02,5,0,17,0.0,0.0,0.0,0.0,0.0
2019-03-02,5,0,19,0.0,0.0,0.0,0.0,0.0
2019-03-02,5,0,20,0.0,0.0,0.0,0.0,0.0
2019-03-02,5,0,21,0.0,0.0,0.0,0.0,0.0
2019-03-02,5,0,22,0.0,0.0,0.0,0.0,0.0
2019-03-02,5,0,23,108.8,108.8,0.0,2501.77177,0.0
2019-03-02,5,0,24,192.5,192.5,0.0,4426.388473,0.0
2019-03-02,5,0,29,0.0,0.0,0.0,0.0,0.0
2019-03-02,5,0,30,0.0,0.0,0.0,0.0,0.0
2019-03-02,5,0,31,3.38,3.38,0.0,78.109943,0.0
2019-03-02,5,0,32,0.0,0.0,0.0,0.0,0.0
2019-03-02,5,0,33,0.0,0.0,0.0,0.0,0.0
2019-03-02,5,0,34,0.0,0.0,0.0,0.0,0.0
2019-03-02,5,0,35,0.0,0.0,0.0,0.0,0.0
2019-03-02,5,0,36,0.0,0.0,0.0,0.0,0.0
2019-03-02,5,0,37,0.0,0.0,0.0,0.0,0.0
2019-03-02,5,0,38,0.0,0.0,0.0,0.0,0.0
2019-03-02,5,0,39,0.0,0.0,0.0,0.0,0.0
2019-03-02,5,0,40,0.0,0.0,0.0,0.0,0.0
2019-03-02,5,0,41,116.0,116.0,0.0,1999.691238,0.0
2019-03-02,5,0,42,0.0,0.0,0.0,0.0,0.0
2019-03-02,5,0,43,0.0,0.0,0.0,0.0,0.0
2019-03-02,5,0,46,0.0,0.0,0.0,0.0,0.0
2019-03-02,5,0,52,3.58,3.58,0.0,82.731833,0.0
2019-03-02,5,0,53,5.69,5.69,0.0,131.492773,0.0
2019-03-02,5,0,55,62.6,62.6,0.0,1439.438537,0.0
2019-03-02,5,0,56,0.0,0.0,0.0,0.0,0.0
2019-03-02,5,0,57,0.0,0.0,0.0,0.0,0.0
2019-03-02,5,0,58,0.0,0.0,0.0,0.0,0.0
2019-03-02,5,0,59,0.0,0.0,0.0,0.0,0.0
2019-03-02,5,0,63,106.02,106.02,0.0,12975.565299,0.0
2019-03-02,5,0,64,124.73,124.73,0.0,15265.442932,0.0
2019-03-02,5,0,65,0.0,0.0,0.0,0.0,0.0
2019-03-02,5,0,67,0.0,0.0,0.0,-0.0,0.0
2019-03-02,5,0,68,10.2,10.2,0.0,-4213.281402,0.0
2019-03-02,5,0,69,0.0,0.0,0.0,0.0,0.0
2019-03-02,5,0,74,10.9,10.9,0.0,146.797103,0.0
2019-03-02,5,0,77,200.0,200.0,0.0,-58705.036311,0.0
2019-03-02,5,0,78,151.2,151.2,0.0,-44381.007451,0.0
2019-03-02,5,0,79,87.5,87.5,0.0,-25683.453386,0.0
2019-03-02,5,0,80,141.5,141.5,0.0,-41533.81319,0.0
2019-03-02,5,0,81,185.0,185.0,0.0,-54302.158588,0.0
2019-03-02,5,0,82,130.5,130.5,0.0,-38305.036193,0.0
2019-03-02,5,0,83,291.0,291.0,0.0,-85415.827833,0.0
2019-03-02,5,0,84,0.0,0.0,0.0,0.0,0.0
2019-03-02,5,0,86,0.0,0.0,0.0,0.0,0.0
2019-03-02,5,0,87,0.0,0.0,0.0,0.0,0.0
2019-03-02,5,0,88,163.04,163.04,0.0,-47856.345601,0.0
2019-03-02,5,0,89,156.73,156.73,0.0,-46004.201705,0.0
2019-03-02,5,0,90,210.44,210.44,0.0,-61769.439207,0.0
2019-03-02,5,0,91,750.68,750.68,0.0,-220343.483292,0.0
2019-03-02,5,0,92,269.98,269.98,0.0,-79245.928517,0.0
2019-03-02,5,0,95,7.31,7.31,0.0,373.262525,0.0
2019-03-02,5,0,96,15.01,15.01,0.0,348.680373,0.0
2019-03-02,5,0,97,92.29,92.29,0.0,2143.884853,0.0
2019-03-02,5,0,99,2.1,2.1,0.0,28.282011,0.0
2019-03-02,5,0,101,0.0,0.0,0.0,0.0,0.0
2019-03-02,5,0,102,24.15,24.15,0.0,-9975.56332,0.0
2019-03-02,5,0,103,21.0,21.0,0.0,-8674.402887,0.0
2019-03-02,5,0,104,3.9,3.9,0.0,-1610.960536,0.0
2019-03-02,5,0,106,0.0,0.0,0.0,0.0,0.0
2019-03-02,5,0,109,56.54,56.54,0.0,718.354878,0.0
2019-03-02,5,0,110,118.74,118.74,0.0,-118740.0,0.0
2019-03-02,5,0,111,0.0,0.0,0.0,0.0,0.0
2019-03-02,5,0,113,66.49,66.49,0.0,-17397.509176,0.0
2019-03-02,5,0,115,66.49,66.49,0.0,-17397.509176,0.0
2019-03-02,5,0,116,0.0,0.0,0.0,-0.0,0.0
2019-03-02,5,0,117,3.2,3.2,0.0,-837.299284,0.0
2019-03-02,5,0,119,124.73,124.73,0.0,15265.442932,0.0
2019-03-02,5,0,120,73.34,73.34,0.0,8975.928683,0.0
2019-03-02,5,0,123,0.0,0.0,0.0,0.0,0.0
2019-03-02,5,0,125,174.2,174.2,0.0,4005.59414,0.0
2019-03-02,5,0,126,0.0,0.0,0.0,0.0,0.0
2019-03-02,5,0,127,0.0,0.0,0.0,0.0,0.0
2019-03-02,5,0,128,249.5,249.5,0.0,5737.059345,0.0
2019-03-02,5,0,131,30.0,30.0,0.0,-11234.400665,0.0
2019-03-02,5,0,132,44.1,44.1,0.0,-16514.568977,0.0
2019-03-02,5,0,133,0.0,0.0,0.0,0.0,0.0
2019-03-02,5,0,134,0.0,0.0,0.0,0.0,0.0
2019-03-02,5,0,135,0.0,0.0,0.0,0.0,0.0
2019-03-02,5,0,136,0.0,0.0,0.0,0.0,0.0
2019-03-02,5,0,139,149.8,149.8,0.0,2582.359892,0.0
2019-03-02,5,0,140,87.88,87.88,0.0,-87880.0,0.0
2019-03-02,5,0,141,230.0,230.0,0.0,-128236.302393,0.0
2019-03-02,5,0,142,0.0,0.0,0.0,-0.0,0.0
2019-03-02,5,0,143,7.66,7.66,0.0,177.018391,0.0
2019-03-02,5,0,145,6.11,6.11,0.0,117.927504,0.0
2019-03-02,5,0,146,122.63,122.63,0.0,-122630.0,0.0
2019-03-02,5,0,152,0.0,0.0,0.0,0.0,0.0
2019-03-02,5,0,153,0.0,0.0,0.0,0.0,0.0
2019-03-02,5,0,154,0.0,0.0,0.0,0.0,0.0
2019-03-02,5,0,157,186.86,186.86,0.0,-104183.632457,0.0
2019-03-02,5,0,158,0.0,0.0,0.0,-0.0,0.0
2019-03-02,5,0,159,0.0,0.0,0.0,0.0,0.0
2019-03-02,5,0,160,0.0,0.0,0.0,0.0,0.0
2019-03-02,5,0,161,0.0,0.0,0.0,-0.0,0.0
2019-03-02,5,0,162,9.46,9.46,0.0,490.37657,0.0
2019-03-02,5,0,163,128.44,128.44,0.0,-128440.0,0.0
2019-03-02,5,0,164,0.0,0.0,0.0,0.0,0.0
2019-03-02,5,0,167,0.0,0.0,0.0,0.0,0.0
2019-03-02,5,0,168,0.0,0.0,0.0,0.0,0.0
2019-03-02,5,0,169,0.0,0.0,0.0,0.0,0.0
2019-03-02,5,0,170,0.0,0.0,0.0,0.0,0.0
2019-03-02,5,0,172,0.0,0.0,0.0,0.0,0.0
2019-03-02,5,0,173,0.0,0.0,0.0,0.0,0.0
2019-03-02,5,0,188,0.0,0.0,0.0,0.0,0.0
2019-03-02,5,0,190,0.0,0.0,0.0,0.0,0.0
2019-03-02,5,0,191,0.0,0.0,0.0,0.0,0.0
2019-03-02,5,0,192,78.66,78.66,0.0,9627.032318,0.0
2019-03-02,5,0,194,152.1,152.1,0.0,-18917.465926,0.0
2019-03-02,5,0,196,0.0,0.0,0.0,0.0,0.0
2019-03-02,5,0,198,0.0,0.0,0.0,0.0,0.0
2019-03-02,5,0,199,6.32,6.32,0.0,-252.362717,0.0
2019-03-02,5,0,200,0.0,0.0,0.0,-0.0,0.0
2019-03-02,5,0,204,249.17,249.17,0.0,3312.052742,0.0
2019-03-02,5,0,205,299.08,299.08,0.0,3799.886395,0.0
2019-03-02,5,0,206,271.19,271.19,0.0,6299.708888,0.0
2019-03-02,5,0,210,0.0,0.0,0.0,0.0,0.0
2019-03-02,5,0,214,0.0,0.0,0.0,0.0,0.0
2019-03-02,5,0,217,0.0,0.0,0.0,0.0,0.0
2019-03-02,5,0,218,0.0,0.0,0.0,0.0,0.0
2019-03-02,5,0,219,0.0,0.0,0.0,0.0,0.0
2019-03-02,5,0,221,0.0,0.0,0.0,0.0,0.0
2019-03-02,5,0,225,0.0,0.0,0.0,0.0,0.0
2019-03-02,5,0,233,0.0,0.0,0.0,0.0,0.0
2019-03-02,5,0,236,5.64,5.64,0.0,94.465614,0.0
2019-03-02,5,0,237,26.15,26.15,0.0,352.17837,0.0
2019-03-02,5,0,238,0.0,0.0,0.0,0.0,0.0
2019-03-02,5,0,240,0.0,0.0,0.0,0.0,0.0
2019-03-02,5,0,245,0.0,0.0,0.0,0.0,0.0
2019-03-02,5,0,247,0.0,0.0,0.0,0.0,0.0
2019-03-02,5,0,248,2.62,2.62,0.0,35.285175,0.0
2019-03-02,5,0,249,0.0,0.0,0.0,0.0,0.0
2019-03-02,5,0,251,0.0,0.0,0.0,0.0,0.0
2019-03-02,5,0,252,0.0,0.0,0.0,0.0,0.0
2019-03-02,5,0,254,0.0,0.0,0.0,0.0,0.0
2019-03-02,5,0,255,0.0,0.0,0.0,0.0,0.0
2019-03-02,5,0,258,0.0,0.0,0.0,0.0,0.0
2019-03-02,5,0,260,0.0,0.0,0.0,0.0,0.0
2019-03-02,5,0,265,0.0,0.0,0.0,0.0,0.0
2019-03-02,5,0,266,97.0,97.0,0.0,1672.155604,0.0
2019-03-02,5,0,267,119.2,119.2,0.0,2054.855134,0.0
2019-03-02,5,0,270,401.11,401.11,0.0,-401110.0,0.0
2019-03-02,5,0,272,228.58,228.58,0.0,-59809.334449,0.0
2019-03-02,5,0,273,0.0,0.0,0.0,-0.0,0.0
2019-03-02,5,0,274,517.08,517.08,0.0,-517080.0,0.0
2019-03-02,5,0,275,719.78,719.78,0.0,-719780.0,0.0
2019-03-02,5,0,276,0.0,0.0,0.0,-0.0,0.0
2019-03-02,5,0,277,0.0,0.0,0.0,-0.0,0.0
2019-03-02,5,0,278,0.0,0.0,0.0,-0.0,0.0
2019-03-02,5,0,279,183.21,183.21,0.0,-50278.848829,0.0
2019-03-02,5,0,281,1.52,1.52,0.0,35.126365,0.0
2019-03-02,5,0,282,0.0,0.0,0.0,0.0,0.0
2019-03-02,6,0,9,0.0,0.0,0.0,0.0,0.0
2019-03-02,6,0,17,0.0,0.0,0.0,0.0,0.0
2019-03-02,6,0,19,0.0,0.0,0.0,0.0,0.0
2019-03-02,6,0,20,0.0,0.0,0.0,0.0,0.0
2019-03-02,6,0,21,0.0,0.0,0.0,0.0,0.0
2019-03-02,6,0,22,0.0,0.0,0.0,0.0,0.0
2019-03-02,6,0,23,95.13,95.13,0.0,923.264831,0.0
2019-03-02,6,0,24,168.31,168.31,0.0,1633.498409,0.0
2019-03-02,6,0,29,0.0,0.0,0.0,0.0,0.0
2019-03-02,6,0,30,0.0,0.0,0.0,0.0,0.0
2019-03-02,6,0,31,6.08,6.08,0.0,58.702574,0.0
2019-03-02,6,0,32,0.0,0.0,0.0,0.0,0.0
2019-03-02,6,0,33,0.0,0.0,0.0,0.0,0.0
2019-03-02,6,0,34,0.0,0.0,0.0,0.0,0.0
2019-03-02,6,0,35,0.0,0.0,0.0,0.0,0.0
2019-03-02,6,0,36,0.0,0.0,0.0,0.0,0.0
2019-03-02,6,0,37,0.0,0.0,0.0,0.0,0.0
2019-03-02,6,0,38,0.0,0.0,0.0,0.0,0.0
2019-03-02,6,0,39,0.0,0.0,0.0,0.0,0.0
2019-03-02,6,0,40,0.0,0.0,0.0,0.0,0.0
2019-03-02,6,0,41,116.0,116.0,0.0,1440.361788,0.0
2019-03-02,6,0,42,0.0,0.0,0.0,0.0,0.0
2019-03-02,6,0,43,0.0,0.0,0.0,0.0,0.0
2019-03-02,6,0,46,0.0,0.0,0.0,0.0,0.0
2019-03-02,6,0,52,6.45,6.45,0.0,62.274935,0.0
2019-03-02,6,0,53,10.24,10.24,0.0,98.867493,0.0
2019-03-02,6,0,55,38.9,38.9,0.0,377.536024,0.0
2019-03-02,6,0,56,0.0,0.0,0.0,0.0,0.0
2019-03-02,6,0,57,0.0,0.0,0.0,0.0,0.0
2019-03-02,6,0,58,0.0,0.0,0.0,0.0,0.0
2019-03-02,6,0,59,0.0,0.0,0.0,0.0,0.0
2019-03-02,6,0,63,91.18,91.18,0.0,3173.82431,0.0
2019-03-02,6,0,64,107.27,107.27,0.0,3733.890478,0.0
2019-03-02,6,0,65,0.0,0.0,0.0,0.0,0.0
2019-03-02,6,0,67,0.0,0.0,0.0,-0.0,0.0
2019-03-02,6,0,68,8.29,8.29,0.0,-42.016748,0.0
2019-03-02,6,0,69,0.0,0.0,0.0,0.0,0.0
2019-03-02,6,0,74,6.1,6.1,0.0,100.843576,0.0
2019-03-02,6,0,77,184.72,184.72,0.0,903.900813,0.0
2019-03-02,6,0,78,139.65,139.65,0.0,683.357235,0.0
2019-03-02,6,0,79,80.82,80.82,0.0,395.481072,0.0
2019-03-02,6,0,80,130.69,130.69,0.0,639.512761,0.0
2019-03-02,6,0,81,170.87,170.87,0.0,836.127825,0.0
2019-03-02,6,0,82,120.53,120.53,0.0,589.796259,0.0
2019-03-02,6,0,83,268.77,268.77,0.0,1315.187426,0.0
2019-03-02,6,0,84,0.0,0.0,0.0,0.0,0.0
2019-03-02,6,0,86,0.0,0.0,0.0,0.0,0.0
2019-03-02,6,0,87,0.0,0.0,0.0,0.0,0.0
2019-03-02,6,0,88,123.31,123.31,0.0,603.39979,0.0
2019-03-02,6,0,89,118.54,118.54,0.0,580.05848,0.0
2019-03-02,6,0,90,159.16,159.16,0.0,778.826621,0.0
2019-03-02,6,0,91,567.75,567.75,0.0,2778.203153,0.0
2019-03-02,6,0,92,204.19,204.19,0.0,999.174464,0.0
2019-03-02,6,0,95,9.68,9.68,0.0,280.23307,0.0
2019-03-02,6,0,96,9.79,9.79,0.0,94.008417,0.0
2019-03-02,6,0,97,60.22,60.22,0.0,578.26219,0.0
2019-03-02,6,0,99,1.18,1.18,0.0,19.507446,0.0
2019-03-02,6,0,101,0.0,0.0,0.0,0.0,0.0
2019-03-02,6,0,102,19.64,19.64,0.0,-99.542693,0.0
2019-03-02,6,0,103,17.07,17.07,0.0,-86.516994,0.0
2019-03-02,6,0,104,3.17,3.17,0.0,-16.066718,0.0
2019-03-02,6,0,106,0.0,0.0,0.0,0.0,0.0
2019-03-02,6,0,109,53.26,53.26,0.0,744.523633,0.0
2019-03-02,6,0,110,86.33,86.33,0.0,-4497.759603,0.0
2019-03-02,6,0,111,0.0,0.0,0.0,0.0,0.0
2019-03-02,6,0,113,72.5,72.5,0.0,448.76611,0.0
2019-03-02,6,0,115,72.5,72.5,0.0,448.76611,0.0
2019-03-02,6,0,116,0.0,0.0,0.0,-0.0,0.0
2019-03-02,6,0,117,2.88,2.88,0.0,17.826847,0.0
2019-03-02,6,0,119,107.27,107.27,0.0,3733.890478,0.0
2019-03-02,6,0,120,63.08,63.08,0.0,2195.709996,0.0
2019-03-02,6,0,123,0.0,0.0,0.0,0.0,0.0
2019-03-02,6,0,125,152.31,152.31,0.0,1478.21367,0.0
2019-03-02,6,0,126,0.0,0.0,0.0,0.0,0.0
2019-03-02,6,0,127,0.0,0.0,0.0,0.0,0.0
2019-03-02,6,0,128,218.15,218.15,0.0,2117.210374,0.0
2019-03-02,6,0,131,30.0,30.0,0.0,-59.291618,0.0
2019-03-02,6,0,132,44.1,44.1,0.0,-87.158678,0.0
2019-03-02,6,0,133,0.0,0.0,0.0,0.0,0.0
2019-03-02,6,0,134,0.0,0.0,0.0,0.0,0.0
2019-03-02,6,0,135,0.0,0.0,0.0,0.0,0.0
2019-03-02,6,0,136,0.0,0.0,0.0,0.0,0.0
2019-03-02,6,0,139,149.8,149.8,0.0,1860.053413,0.0
2019-03-02,6,0,140,63.89,63.89,0.0,-3328.644284,0.0
2019-03-02,6,0,141,230.0,230.0,0.0,-3828.535491,0.0
2019-03-02,6,0,142,0.0,0.0,0.0,-0.0,0.0
2019-03-02,6,0,143,20.22,20.22,0.0,195.224679,0.0
2019-03-02,6,0,145,5.22,5.22,0.0,58.786488,0.0
2019-03-02,6,0,146,74.13,74.13,0.0,-3862.144322,0.0
2019-03-02,6,0,152,0.0,0.0,0.0,0.0,0.0
2019-03-02,6,0,153,0.0,0.0,0.0,0.0,0.0
2019-03-02,6,0,154,0.0,0.0,0.0,0.0,0.0
2019-03-02,6,0,157,122.19,122.19,0.0,-2033.951094,0.0
2019-03-02,6,0,158,0.0,0.0,0.0,-0.0,0.0
2019-03-02,6,0,159,0.0,0.0,0.0,0.0,0.0
2019-03-02,6,0,160,0.0,0.0,0.0,0.0,0.0
2019-03-02,6,0,161,0.0,0.0,0.0,-0.0,0.0
2019-03-02,6,0,162,10.34,10.34,0.0,300.016755,0.0
2019-03-02,6,0,163,112.73,112.73,0.0,-5873.18939,0.0
2019-03-02,6,0,164,0.0,0.0,0.0,0.0,0.0
2019-03-02,6,0,167,0.0,0.0,0.0,0.0,0.0
2019-03-02,6,0,168,0.0,0.0,0.0,0.0,0.0
2019-03-02,6,0,169,0.0,0.0,0.0,0.0,0.0
2019-03-02,6,0,170,0.0,0.0,0.0,0.0,0.0
2019-03-02,6,0,172,0.0,0.0,0.0,0.0,0.0
2019-03-02,6,0,173,0.0,0.0,0.0,0.0,0.0
2019-03-02,6,0,188,0.0,0.0,0.0,0.0,0.0
2019-03-02,6,0,190,0.0,0.0,0.0,0.0,0.0
2019-03-02,6,0,191,0.0,0.0,0.0,0.0,0.0
2019-03-02,6,0,192,82.41,82.41,0.0,2868.555181,0.0
2019-03-02,6,0,194,139.81,139.81,0.0,2239.379637,0.0
2019-03-02,6,0,196,0.0,0.0,0.0,0.0,0.0
2019-03-02,6,0,198,0.0,0.0,0.0,0.0,0.0
2019-03-02,6,0,199,7.03,7.03,0.0,119.510853,0.0
2019-03-02,6,0,200,0.0,0.0,0.0,0.0,0.0
2019-03-02,6,0,204,233.76,233.76,0.0,3211.542651,0.0
2019-03-02,6,0,205,281.75,281.75,0.0,3938.594321,0.0
2019-03-02,6,0,206,176.94,176.94,0.0,1699.065293,0.0
2019-03-02,6,0,210,0.0,0.0,0.0,0.0,0.0
2019-03-02,6,0,214,0.0,0.0,0.0,0.0,0.0
2019-03-02,6,0,217,0.0,0.0,0.0,0.0,0.0
2019-03-02,6,0,218,0.0,0.0,0.0,0.0,0.0
2019-03-02,6,0,219,0.0,0.0,0.0,0.0,0.0
2019-03-02,6,0,221,0.0,0.0,0.0,0.0,0.0
2019-03-02,6,0,225,0.0,0.0,0.0,0.0,0.0
2019-03-02,6,0,233,0.0,0.0,0.0,0.0,0.0
2019-03-02,6,0,236,0.0,0.0,0.0,0.0,0.0
2019-03-02,6,0,237,14.64,14.64,0.0,242.024581,0.0
2019-03-02,6,0,238,0.0,0.0,0.0,0.0,0.0
2019-03-02,6,0,240,0.0,0.0,0.0,0.0,0.0
2019-03-02,6,0,245,0.0,0.0,0.0,0.0,0.0
2019-03-02,6,0,247,0.0,0.0,0.0,0.0,0.0
2019-03-02,6,0,248,1.47,1.47,0.0,24.301649,0.0
2019-03-02,6,0,249,0.0,0.0,0.0,0.0,0.0
2019-03-02,6,0,251,0.0,0.0,0.0,0.0,0.0
2019-03-02,6,0,252,0.0,0.0,0.0,0.0,0.0
2019-03-02,6,0,254,0.0,0.0,0.0,0.0,0.0
2019-03-02,6,0,255,0.0,0.0,0.0,0.0,0.0
2019-03-02,6,0,258,0.0,0.0,0.0,0.0,0.0
2019-03-02,6,0,260,0.0,0.0,0.0,0.0,0.0
2019-03-02,6,0,265,0.0,0.0,0.0,0.0,0.0
2019-03-02,6,0,266,97.0,97.0,0.0,1204.440461,0.0
2019-03-02,6,0,267,119.2,119.2,0.0,1480.095906,0.0
2019-03-02,6,0,270,352.04,352.04,0.0,-18341.147811,0.0
2019-03-02,6,0,272,255.83,255.83,0.0,1583.556328,0.0
2019-03-02,6,0,273,0.0,0.0,0.0,-0.0,0.0
2019-03-02,6,0,274,453.82,453.82,0.0,-23643.846437,0.0
2019-03-02,6,0,275,631.73,631.73,0.0,-32912.888612,0.0
2019-03-02,6,0,276,0.0,0.0,0.0,-0.0,0.0
2019-03-02,6,0,277,0.0,0.0,0.0,0.0,0.0
2019-03-02,6,0,278,0.0,0.0,0.0,0.0,0.0
2019-03-02,6,0,279,148.08,148.08,0.0,839.625629,0.0
2019-03-02,6,0,281,2.74,2.74,0.0,26.454778,0.0
2019-03-02,6,0,282,0.0,0.0,0.0,0.0,0.0
2019-03-02,7,0,9,0.0,0.0,0.0,0.0,0.0
2019-03-02,7,0,17,0.0,0.0,0.0,0.0,0.0
2019-03-02,7,0,19,0.0,0.0,0.0,0.0,0.0
2019-03-02,7,0,20,0.0,0.0,0.0,0.0,0.0
2019-03-02,7,0,21,0.0,0.0,0.0,0.0,0.0
2019-03-02,7,0,22,0.0,0.0,0.0,0.0,0.0
2019-03-02,7,0,23,82.08,82.08,0.0,1026.322591,0.0
2019-03-02,7,0,24,145.23,145.23,0.0,1815.945783,0.0
2019-03-02,7,0,29,0.0,0.0,0.0,0.0,0.0
2019-03-02,7,0,30,0.0,0.0,0.0,0.0,0.0
2019-03-02,7,0,31,28.56,28.56,0.0,356.143596,0.0
2019-03-02,7,0,32,0.0,0.0,0.0,0.0,0.0
2019-03-02,7,0,33,0.0,0.0,0.0,0.0,0.0
2019-03-02,7,0,34,0.0,0.0,0.0,0.0,0.0
2019-03-02,7,0,35,0.0,0.0,0.0,0.0,0.0
2019-03-02,7,0,36,0.0,0.0,0.0,0.0,0.0
2019-03-02,7,0,37,0.0,0.0,0.0,0.0,0.0
2019-03-02,7,0,38,0.0,0.0,0.0,0.0,0.0
2019-03-02,7,0,39,0.0,0.0,0.0,0.0,0.0
2019-03-02,7,0,40,0.0,0.0,0.0,0.0,0.0
2019-03-02,7,0,41,85.72,85.72,0.0,1229.649573,0.0
2019-03-02,7,0,42,0.0,0.0,0.0,0.0,0.0
2019-03-02,7,0,43,0.0,0.0,0.0,0.0,0.0
2019-03-02,7,0,46,0.0,0.0,0.0,0.0,0.0
2019-03-02,7,0,52,30.27,30.27,0.0,377.467319,0.0
2019-03-02,7,0,53,48.11,48.11,0.0,599.932367,0.0
2019-03-02,7,0,55,74.72,74.72,0.0,934.293665,0.0
2019-03-02,7,0,56,0.0,0.0,0.0,0.0,0.0
2019-03-02,7,0,57,0.0,0.0,0.0,0.0,0.0
2019-03-02,7,0,58,0.0,0.0,0.0,0.0,0.0
2019-03-02,7,0,59,0.0,0.0,0.0,0.0,0.0
2019-03-02,7,0,63,80.05,80.05,0.0,2576.739056,0.0
2019-03-02,7,0,64,94.17,94.17,0.0,3031.24943,0.0
2019-03-02,7,0,65,0.0,0.0,0.0,0.0,0.0
2019-03-02,7,0,67,0.0,0.0,0.0,0.0,0.0
2019-03-02,7,0,68,5.62,5.62,0.0,66.54786,0.0
2019-03-02,7,0,69,0.0,0.0,0.0,0.0,0.0
2019-03-02,7,0,74,3.2,3.2,0.0,54.967844,0.0
2019-03-02,7,0,77,110.68,110.68,0.0,1024.867772,0.0
2019-03-02,7,0,78,83.68,83.68,0.0,774.854853,0.0
2019-03-02,7,0,79,48.42,48.42,0.0,448.356501,0.0
2019-03-02,7,0,80,78.31,78.31,0.0,725.130061,0.0
2019-03-02,7,0,81,102.38,102.38,0.0,948.011948,0.0
2019-03-02,7,0,82,72.22,72.22,0.0,668.738259,0.0
2019-03-02,7,0,83,161.04,161.04,0.0,1491.188163,0.0
2019-03-02,7,0,84,0.0,0.0,0.0,0.0,0.0
2019-03-02,7,0,86,0.0,0.0,0.0,0.0,0.0
2019-03-02,7,0,87,0.0,0.0,0.0,0.0,0.0
2019-03-02,7,0,88,92.06,92.06,0.0,852.451455,0.0
2019-03-02,7,0,89,88.5,88.5,0.0,819.486789,0.0
2019-03-02,7,0,90,118.82,118.82,0.0,1100.242037,0.0
2019-03-02,7,0,91,423.86,423.86,0.0,3924.832433,0.0
2019-03-02,7,0,92,152.44,152.44,0.0,1411.554419,0.0
2019-03-02,7,0,95,12.84,12.84,0.0,409.401628,0.0
2019-03-02,7,0,96,5.93,5.93,0.0,73.736988,0.0
2019-03-02,7,0,97,36.49,36.49,0.0,453.737384,0.0
2019-03-02,7,0,99,0.62,0.62,0.0,10.65002,0.0
2019-03-02,7,0,101,0.0,0.0,0.0,0.0,0.0
2019-03-02,7,0,102,13.3,13.3,0.0,157.488708,0.0
2019-03-02,7,0,103,11.57,11.57,0.0,137.003334,0.0
2019-03-02,7,0,104,2.15,2.15,0.0,25.458701,0.0
2019-03-02,7,0,106,0.0,0.0,0.0,0.0,0.0
2019-03-02,7,0,109,50.45,50.45,0.0,775.844562,0.0
2019-03-02,7,0,110,60.46,60.46,0.0,1541.714207,0.0
2019-03-02,7,0,111,0.0,0.0,0.0,0.0,0.0
2019-03-02,7,0,113,33.58,33.58,0.0,263.945461,0.0
2019-03-02,7,0,115,33.58,33.58,0.0,263.945461,0.0
2019-03-02,7,0,116,0.0,0.0,0.0,0.0,0.0
2019-03-02,7,0,117,1.38,1.38,0.0,10.847074,0.0
2019-03-02,7,0,119,94.17,94.17,0.0,3031.24943,0.0
2019-03-02,7,0,120,55.37,55.37,0.0,1782.311574,0.0
2019-03-02,7,0,123,0.0,0.0,0.0,0.0,0.0
2019-03-02,7,0,125,131.43,131.43,0.0,1643.391546,0.0
2019-03-02,7,0,126,0.0,0.0,0.0,0.0,0.0
2019-03-02,7,0,127,0.0,0.0,0.0,0.0,0.0
2019-03-02,7,0,128,188.24,188.24,0.0,2353.739821,0.0
2019-03-02,7,0,131,19.07,19.07,0.0,208.688842,0.0
2019-03-02,7,0,132,28.03,28.03,0.0,306.740862,0.0
2019-03-02,7,0,133,0.0,0.0,0.0,0.0,0.0
2019-03-02,7,0,134,0.0,0.0,0.0,0.0,0.0
2019-03-02,7,0,135,0.0,0.0,0.0,0.0,0.0
2019-03-02,7,0,136,0.0,0.0,0.0,0.0,0.0
2019-03-02,7,0,139,110.71,110.71,0.0,1588.130007,0.0
2019-03-02,7,0,140,44.75,44.75,0.0,1141.11331,0.0
2019-03-02,7,0,141,221.89,221.89,0.0,3373.503475,0.0
2019-03-02,7,0,142,0.0,0.0,0.0,0.0,0.0
2019-03-02,7,0,143,26.44,26.44,0.0,329.707166,0.0
2019-03-02,7,0,145,4.45,4.45,0.0,60.301882,0.0
2019-03-02,7,0,146,41.79,41.79,0.0,1065.634084,0.0
2019-03-02,7,0,152,0.0,0.0,0.0,0.0,0.0
2019-03-02,7,0,153,0.0,0.0,0.0,0.0,0.0
2019-03-02,7,0,154,0.0,0.0,0.0,0.0,0.0
2019-03-02,7,0,157,78.4,78.4,0.0,1191.953997,0.0
2019-03-02,7,0,158,0.0,0.0,0.0,0.0,0.0
2019-03-02,7,0,159,0.0,0.0,0.0,0.0,0.0
2019-03-02,7,0,160,0.0,0.0,0.0,0.0,0.0
2019-03-02,7,0,161,0.0,0.0,0.0,0.0,0.0
2019-03-02,7,0,162,11.2,11.2,0.0,357.255592,0.0
2019-03-02,7,0,163,100.42,100.42,0.0,2560.683768,0.0
2019-03-02,7,0,164,0.0,0.0,0.0,0.0,0.0
2019-03-02,7,0,167,0.0,0.0,0.0,0.0,0.0
2019-03-02,7,0,168,0.0,0.0,0.0,0.0,0.0
2019-03-02,7,0,169,0.0,0.0,0.0,0.0,0.0
2019-03-02,7,0,170,0.0,0.0,0.0,0.0,0.0
2019-03-02,7,0,172,0.0,0.0,0.0,0.0,0.0
2019-03-02,7,0,173,0.0,0.0,0.0,0.0,0.0
2019-03-02,7,0,188,0.0,0.0,0.0,0.0,0.0
2019-03-02,7,0,190,0.0,0.0,0.0,0.0,0.0
2019-03-02,7,0,191,0.0,0.0,0.0,0.0,0.0
2019-03-02,7,0,192,91.15,91.15,0.0,2934.038288,0.0
2019-03-02,7,0,194,129.97,129.97,0.0,526.600041,0.0
2019-03-02,7,0,196,0.0,0.0,0.0,0.0,0.0
2019-03-02,7,0,198,0.0,0.0,0.0,0.0,0.0
2019-03-02,7,0,199,8.31,8.31,0.0,109.120139,0.0
2019-03-02,7,0,200,0.0,0.0,0.0,0.0,0.0
2019-03-02,7,0,204,218.28,218.28,0.0,3320.279015,0.0
2019-03-02,7,0,205,266.86,266.86,0.0,4103.902475,0.0
2019-03-02,7,0,206,107.22,107.22,0.0,1333.234375,0.0
2019-03-02,7,0,210,0.0,0.0,0.0,0.0,0.0
2019-03-02,7,0,214,0.0,0.0,0.0,0.0,0.0
2019-03-02,7,0,217,0.0,0.0,0.0,0.0,0.0
2019-03-02,7,0,218,0.0,0.0,0.0,0.0,0.0
2019-03-02,7,0,219,0.0,0.0,0.0,0.0,0.0
2019-03-02,7,0,221,0.0,0.0,0.0,0.0,0.0
2019-03-02,7,0,225,0.0,0.0,0.0,0.0,0.0
2019-03-02,7,0,233,0.0,0.0,0.0,0.0,0.0
2019-03-02,7,0,236,0.0,0.0,0.0,0.0,0.0
2019-03-02,7,0,237,7.67,7.67,0.0,131.751052,0.0
2019-03-02,7,0,238,0.0,0.0,0.0,0.0,0.0
2019-03-02,7,0,240,0.0,0.0,0.0,0.0,0.0
2019-03-02,7,0,245,0.0,0.0,0.0,0.0,0.0
2019-03-02,7,0,247,0.0,0.0,0.0,0.0,0.0
2019-03-02,7,0,248,0.77,0.77,0.0,13.226638,0.0
2019-03-02,7,0,249,0.0,0.0,0.0,0.0,0.0
2019-03-02,7,0,251,6.71,6.71,0.0,125.200406,0.0
2019-03-02,7,0,252,0.0,0.0,0.0,0.0,0.0
2019-03-02,7,0,254,0.0,0.0,0.0,0.0,0.0
2019-03-02,7,0,255,0.0,0.0,0.0,0.0,0.0
2019-03-02,7,0,258,0.0,0.0,0.0,0.0,0.0
2019-03-02,7,0,260,0.0,0.0,0.0,0.0,0.0
2019-03-02,7,0,265,0.0,0.0,0.0,0.0,0.0
2019-03-02,7,0,266,71.67,71.67,0.0,1028.10295,0.0
2019-03-02,7,0,267,88.09,88.09,0.0,1263.647117,0.0
2019-03-02,7,0,270,313.62,313.62,0.0,7997.228076,0.0
2019-03-02,7,0,272,119.5,119.5,0.0,939.293703,0.0
2019-03-02,7,0,273,0.0,0.0,0.0,0.0,0.0
2019-03-02,7,0,274,404.29,404.29,0.0,10309.289392,0.0
2019-03-02,7,0,275,562.78,562.78,0.0,14350.742991,0.0
2019-03-02,7,0,276,0.0,0.0,0.0,0.0,0.0
2019-03-02,7,0,277,0.0,0.0,0.0,0.0,0.0
2019-03-02,7,0,278,0.0,0.0,0.0,0.0,0.0
2019-03-02,7,0,279,117.52,117.52,0.0,989.670738,0.0
2019-03-02,7,0,281,12.81,12.81,0.0,159.740878,0.0
2019-03-02,7,0,282,0.0,0.0,0.0,0.0,0.0
2019-03-02,8,0,9,0.0,0.0,0.0,0.0,0.0
2019-03-02,8,0,17,0.38,0.38,0.0,5.634934,0.0
2019-03-02,8,0,19,25.13,25.13,0.0,372.647077,0.0
2019-03-02,8,0,20,31.27,31.27,0.0,463.695746,0.0
2019-03-02,8,0,21,0.0,0.0,0.0,0.0,0.0
2019-03-02,8,0,22,0.0,0.0,0.0,0.0,0.0
2019-03-02,8,0,23,67.05,67.05,0.0,691.294234,0.0
2019-03-02,8,0,24,118.63,118.63,0.0,1223.090754,0.0
2019-03-02,8,0,29,0.39,0.39,0.0,3.200594,0.0
2019-03-02,8,0,30,0.0,0.0,0.0,0.0,0.0
2019-03-02,8,0,31,9.78,9.78,0.0,100.608987,0.0
2019-03-02,8,0,32,0.0,0.0,0.0,0.0,0.0
2019-03-02,8,0,33,0.01,0.01,0.0,0.159237,0.0
2019-03-02,8,0,34,0.02,0.02,0.0,0.318475,0.0
2019-03-02,8,0,35,0.02,0.02,0.0,0.318475,0.0
2019-03-02,8,0,36,0.0,0.0,0.0,0.0,0.0
2019-03-02,8,0,37,0.0,0.0,0.0,0.0,0.0
2019-03-02,8,0,38,0.0,0.0,0.0,0.0,0.0
2019-03-02,8,0,39,0.0,0.0,0.0,0.0,0.0
2019-03-02,8,0,40,0.0,0.0,0.0,0.0,0.0
2019-03-02,8,0,41,34.8,34.8,0.0,402.772018,0.0
2019-03-02,8,0,42,0.0,0.0,0.0,0.0,0.0
2019-03-02,8,0,43,0.0,0.0,0.0,0.0,0.0
2019-03-02,8,0,46,0.0,0.0,0.0,0.0,0.0
2019-03-02,8,0,52,10.37,10.37,0.0,106.678446,0.0
2019-03-02,8,0,53,16.48,16.48,0.0,169.533345,0.0
2019-03-02,8,0,55,66.05,66.05,0.0,680.984104,0.0
2019-03-02,8,0,56,0.0,0.0,0.0,0.0,0.0
2019-03-02,8,0,57,0.0,0.0,0.0,0.0,0.0
2019-03-02,8,0,58,0.0,0.0,0.0,0.0,0.0
2019-03-02,8,0,59,0.0,0.0,0.0,0.0,0.0
2019-03-02,8,0,63,48.83,48.83,0.0,1327.64473,0.0
2019-03-02,8,0,64,57.39,57.39,0.0,1560.383597,0.0
2019-03-02,8,0,65,1.14,1.14,0.0,16.854538,0.0
2019-03-02,8,0,67,0.0,0.0,0.0,-0.0,0.0
2019-03-02,8,0,68,4.97,4.97,0.0,10.556725,0.0
2019-03-02,8,0,69,0.01,0.01,0.0,0.159237,0.0
2019-03-02,8,0,74,5.01,5.01,0.0,68.064417,0.0
2019-03-02,8,0,77,61.64,61.64,0.0,500.691522,0.0
2019-03-02,8,0,78,46.54,46.54,0.0,378.036721,0.0
2019-03-02,8,0,79,26.85,26.85,0.0,218.098108,0.0
2019-03-02,8,0,80,43.54,43.54,0.0,353.668217,0.0
2019-03-02,8,0,81,57.0,57.0,0.0,463.00157,0.0
2019-03-02,8,0,82,40.14,40.14,0.0,326.050579,0.0
2019-03-02,8,0,83,89.8,89.8,0.0,729.430544,0.0
2019-03-02,8,0,84,0.0,0.0,0.0,0.0,0.0
2019-03-02,8,0,86,0.07,0.07,0.0,1.114662,0.0
2019-03-02,8,0,87,0.37,0.37,0.0,5.891784,0.0
2019-03-02,8,0,88,46.28,46.28,0.0,375.924784,0.0
2019-03-02,8,0,89,44.66,44.66,0.0,362.765792,0.0
2019-03-02,8,0,90,58.27,58.27,0.0,473.31757,0.0
2019-03-02,8,0,91,182.68,182.68,0.0,1483.879418,0.0
2019-03-02,8,0,92,73.1,73.1,0.0,593.779207,0.0
2019-03-02,8,0,95,11.23,11.23,0.0,266.996092,0.0
2019-03-02,8,0,96,5.41,5.41,0.0,55.524299,0.0
2019-03-02,8,0,97,33.26,33.26,0.0,341.356409,0.0
2019-03-02,8,0,99,0.97,0.97,0.0,13.178141,0.0
2019-03-02,8,0,101,0.0,0.0,0.0,0.0,0.0
2019-03-02,8,0,102,11.78,11.78,0.0,25.021775,0.0
2019-03-02,8,0,103,10.24,10.24,0.0,21.750677,0.0
2019-03-02,8,0,104,1.9,1.9,0.0,4.03577,0.0
2019-03-02,8,0,106,0.0,0.0,0.0,0.0,0.0
2019-03-02,8,0,109,53.92,53.92,0.0,659.782594,0.0
2019-03-02,8,0,110,68.59,68.59,0.0,-1812.821108,0.0
2019-03-02,8,0,111,0.0,0.0,0.0,0.0,0.0
2019-03-02,8,0,113,46.0,46.0,0.0,417.30397,0.0
2019-03-02,8,0,115,46.0,46.0,0.0,417.30397,0.0
2019-03-02,8,0,116,0.0,0.0,0.0,-0.0,0.0
2019-03-02,8,0,117,2.38,2.38,0.0,21.590945,0.0
2019-03-02,8,0,119,57.39,57.39,0.0,1560.383597,0.0
2019-03-02,8,0,120,33.86,33.86,0.0,920.623603,0.0
2019-03-02,8,0,123,0.0,0.0,0.0,0.0,0.0
2019-03-02,8,0,125,107.35,107.35,0.0,1106.792484,0.0
2019-03-02,8,0,126,0.0,0.0,0.0,0.0,0.0
2019-03-02,8,0,127,0.0,0.0,0.0,0.0,0.0
2019-03-02,8,0,128,153.75,153.75,0.0,1585.182529,0.0
2019-03-02,8,0,131,15.91,15.91,0.0,63.660851,0.0
2019-03-02,8,0,132,23.38,23.38,0.0,93.550641,0.0
2019-03-02,8,0,133,1.76,1.76,0.0,26.105952,0.0
2019-03-02,8,0,134,0.0,0.0,0.0,0.0,0.0
2019-03-02,8,0,135,2.35,2.35,0.0,34.85738,0.0
2019-03-02,8,0,136,0.0,0.0,0.0,0.0,0.0
2019-03-02,8,0,139,44.94,44.94,0.0,520.131451,0.0
2019-03-02,8,0,140,50.77,50.77,0.0,-1341.84178,0.0
2019-03-02,8,0,141,182.15,182.15,0.0,-893.423737,0.0
2019-03-02,8,0,142,0.0,0.0,0.0,-0.0,0.0
2019-03-02,8,0,143,11.4,11.4,0.0,117.27428,0.0
2019-03-02,8,0,145,4.24,4.24,0.0,46.690924,0.0
2019-03-02,8,0,146,33.25,33.25,0.0,-878.791396,0.0
2019-03-02,8,0,152,0.0,0.0,0.0,0.0,0.0
2019-03-02,8,0,153,0.0,0.0,0.0,0.0,0.0
2019-03-02,8,0,154,0.0,0.0,0.0,0.0,0.0
2019-03-02,8,0,157,45.75,45.75,0.0,-224.398221,0.0
2019-03-02,8,0,158,0.0,0.0,0.0,-0.0,0.0
2019-03-02,8,0,159,0.0,0.0,0.0,0.0,0.0
2019-03-02,8,0,160,0.0,0.0,0.0,0.0,0.0
2019-03-02,8,0,161,0.0,0.0,0.0,0.0,0.0
2019-03-02,8,0,162,13.67,13.67,0.0,325.511578,0.0
2019-03-02,8,0,163,115.44,115.44,0.0,-3051.058007,0.0
2019-03-02,8,0,164,0.0,0.0,0.0,0.0,0.0
2019-03-02,8,0,167,0.03,0.03,0.0,0.710199,0.0
2019-03-02,8,0,168,0.02,0.02,0.0,0.473466,0.0
2019-03-02,8,0,169,0.0,0.0,0.0,0.0,0.0
2019-03-02,8,0,170,0.03,0.03,0.0,0.710199,0.0
2019-03-02,8,0,172,0.03,0.03,0.0,0.687995,0.0
2019-03-02,8,0,173,0.05,0.05,0.0,1.146659,0.0
2019-03-02,8,0,188,0.0,0.0,0.0,0.0,0.0
2019-03-02,8,0,190,0.0,0.0,0.0,0.0,0.0
2019-03-02,8,0,191,0.0,0.0,0.0,0.0,0.0
2019-03-02,8,0,192,128.32,128.32,0.0,3488.907878,0.0
2019-03-02,8,0,194,84.27,84.27,0.0,1280.003426,0.0
2019-03-02,8,0,196,0.0,0.0,0.0,0.0,0.0
2019-03-02,8,0,198,0.05,0.05,0.0,0.625141,0.0
2019-03-02,8,0,199,5.48,5.48,0.0,68.849307,0.0
2019-03-02,8,0,200,0.02,0.02,0.0,0.251275,0.0
2019-03-02,8,0,204,239.58,239.58,0.0,2902.316464,0.0
2019-03-02,8,0,205,285.23,285.23,0.0,3490.166714,0.0
2019-03-02,8,0,206,97.74,97.74,0.0,1003.132152,0.0
2019-03-02,8,0,210,0.11,0.11,0.0,0.950822,0.0
2019-03-02,8,0,214,0.31,0.31,0.0,5.137688,0.0
2019-03-02,8,0,217,0.33,0.33,0.0,4.327641,0.0
2019-03-02,8,0,218,0.45,0.45,0.0,5.901328,0.0
2019-03-02,8,0,219,0.31,0.31,0.0,4.06536,0.0
2019-03-02,8,0,221,0.16,0.16,0.0,2.65171,0.0
2019-03-02,8,0,225,0.33,0.33,0.0,2.694262,0.0
2019-03-02,8,0,233,0.04,0.04,0.0,0.63695,0.0
2019-03-02,8,0,236,0.0,0.0,0.0,0.0,0.0
2019-03-02,8,0,237,12.02,12.02,0.0,163.300259,0.0
2019-03-02,8,0,238,0.0,0.0,0.0,0.0,0.0
2019-03-02,8,0,240,0.0,0.0,0.0,0.0,0.0
2019-03-02,8,0,245,0.0,0.0,0.0,0.0,0.0
2019-03-02,8,0,247,0.0,0.0,0.0,0.0,0.0
2019-03-02,8,0,248,1.21,1.21,0.0,16.438712,0.0
2019-03-02,8,0,249,0.0,0.0,0.0,0.0,0.0
2019-03-02,8,0,251,12.31,12.31,0.0,181.108329,0.0
2019-03-02,8,0,252,7.36,7.36,0.0,108.815265,0.0
2019-03-02,8,0,254,0.0,0.0,0.0,0.0,0.0
2019-03-02,8,0,255,0.0,0.0,0.0,0.0,0.0
2019-03-02,8,0,258,0.0,0.0,0.0,0.0,0.0
2019-03-02,8,0,260,0.0,0.0,0.0,0.0,0.0
2019-03-02,8,0,265,0.0,0.0,0.0,0.0,0.0
2019-03-02,8,0,266,29.1,29.1,0.0,336.800739,0.0
2019-03-02,8,0,267,35.76,35.76,0.0,413.88297,0.0
2019-03-02,8,0,270,360.5,360.5,0.0,-9527.948819,0.0
2019-03-02,8,0,272,159.27,159.27,0.0,1444.869635,0.0
2019-03-02,8,0,273,0.0,0.0,0.0,-0.0,0.0
2019-03-02,8,0,274,464.73,464.73,0.0,-12282.728584,0.0
2019-03-02,8,0,275,646.91,646.91,0.0,-17097.71254,0.0
2019-03-02,8,0,276,0.0,0.0,0.0,-0.0,0.0
2019-03-02,8,0,277,0.0,0.0,0.0,0.0,0.0
2019-03-02,8,0,278,0.0,0.0,0.0,0.0,0.0
2019-03-02,8,0,279,99.28,99.28,0.0,862.878188,0.0
2019-03-02,8,0,281,4.39,4.39,0.0,45.160885,0.0
2019-03-02,8,0,282,0.0,0.0,0.0,0.0,0.0
2019-03-02,9,0,9,0.66,0.66,0.0,4.00374,0.0
2019-03-02,9,0,17,12.43,12.43,0.0,184.745358,0.0
2019-03-02,9,0,19,60.35,60.35,0.0,896.973643,0.0
2019-03-02,9,0,20,74.94,74.94,0.0,1113.822781,0.0
2019-03-02,9,0,21,15.21,15.21,0.0,92.268009,0.0
2019-03-02,9,0,22,54.04,54.04,0.0,327.821382,0.0
2019-03-02,9,0,23,54.03,54.03,0.0,327.76072,0.0
2019-03-02,9,0,24,95.6,95.6,0.0,579.93568,0.0
2019-03-02,9,0,29,2.65,2.65,0.0,19.094041,0.0
2019-03-02,9,0,30,116.1,116.1,0.0,698.692645,0.0
2019-03-02,9,0,31,10.76,10.76,0.0,64.753944,0.0
2019-03-02,9,0,32,1.38,1.38,0.0,33.147822,0.0
2019-03-02,9,0,33,0.62,0.62,0.0,10.418706,0.0
2019-03-02,9,0,34,0.99,0.99,0.0,16.636321,0.0
2019-03-02,9,0,35,0.99,0.99,0.0,16.636321,0.0
2019-03-02,9,0,36,2.87,2.87,0.0,32.85514,0.0
2019-03-02,9,0,37,1.39,1.39,0.0,15.765407,0.0
2019-03-02,9,0,38,1.79,1.79,0.0,20.302214,0.0
2019-03-02,9,0,39,1.19,1.19,0.0,13.497003,0.0
2019-03-02,9,0,40,1.19,1.19,0.0,13.497003,0.0
2019-03-02,9,0,41,34.8,34.8,0.0,301.773714,0.0
2019-03-02,9,0,42,15.07,15.07,0.0,217.641101,0.0
2019-03-02,9,0,43,8.7,8.7,0.0,99.747767,0.0
2019-03-02,9,0,46,7.1,7.1,0.0,76.415774,0.0
2019-03-02,9,0,52,11.41,11.41,0.0,68.66566,0.0
2019-03-02,9,0,53,18.23,18.23,0.0,109.708587,0.0
2019-03-02,9,0,55,58.28,58.28,0.0,353.542379,0.0
2019-03-02,9,0,56,34.25,34.25,0.0,206.117339,0.0
2019-03-02,9,0,57,32.58,32.58,0.0,196.067238,0.0
2019-03-02,9,0,58,62.65,62.65,0.0,377.029235,0.0
2019-03-02,9,0,59,61.6,61.6,0.0,370.710309,0.0
2019-03-02,9,0,63,30.87,30.87,0.0,920.183411,0.0
2019-03-02,9,0,64,36.32,36.32,0.0,1082.638857,0.0
2019-03-02,9,0,65,3.09,3.09,0.0,45.68467,0.0
2019-03-02,9,0,67,66.7,66.7,0.0,-1267.115837,0.0
2019-03-02,9,0,68,8.28,8.28,0.0,-66.318794,0.0
2019-03-02,9,0,69,0.62,0.62,0.0,10.418706,0.0
2019-03-02,9,0,74,7.81,7.81,0.0,98.674768,0.0
2019-03-02,9,0,77,18.65,18.65,0.0,27.009356,0.0
2019-03-02,9,0,78,14.1,14.1,0.0,20.419942,0.0
2019-03-02,9,0,79,8.16,8.16,0.0,11.817499,0.0
2019-03-02,9,0,80,13.2,13.2,0.0,19.116542,0.0
2019-03-02,9,0,81,17.25,17.25,0.0,24.981844,0.0
2019-03-02,9,0,82,12.17,12.17,0.0,17.624872,0.0
2019-03-02,9,0,83,27.14,27.14,0.0,39.304768,0.0
2019-03-02,9,0,84,0.0,0.0,0.0,0.0,0.0
2019-03-02,9,0,86,3.14,3.14,0.0,52.765705,0.0
2019-03-02,9,0,87,16.03,16.03,0.0,269.373967,0.0
2019-03-02,9,0,88,38.59,38.59,0.0,55.88692,0.0
2019-03-02,9,0,89,36.86,36.86,0.0,53.381495,0.0
2019-03-02,9,0,90,51.73,51.73,0.0,74.916568,0.0
2019-03-02,9,0,91,194.4,194.4,0.0,281.534524,0.0
2019-03-02,9,0,92,68.4,68.4,0.0,99.058444,0.0
2019-03-02,9,0,95,13.27,13.27,0.0,321.753827,0.0
2019-03-02,9,0,96,4.92,4.92,0.0,29.360593,0.0
2019-03-02,9,0,97,30.24,30.24,0.0,180.460232,0.0
2019-03-02,9,0,99,1.51,1.51,0.0,19.077964,0.0
2019-03-02,9,0,101,2.34,2.34,0.0,14.082177,0.0
2019-03-02,9,0,102,19.57,19.57,0.0,-156.746232,0.0
2019-03-02,9,0,103,17.02,17.02,0.0,-136.321966,0.0
2019-03-02,9,0,104,3.18,3.18,0.0,-25.470262,0.0
2019-03-02,9,0,106,53.2,53.2,0.0,322.725713,0.0
2019-03-02,9,0,109,54.85,54.85,0.0,557.616778,0.0
2019-03-02,9,0,110,78.42,78.42,0.0,-4128.431875,0.0
2019-03-02,9,0,111,3.47,3.47,0.0,30.090655,0.0
2019-03-02,9,0,113,19.76,19.76,0.0,52.708178,0.0
2019-03-02,9,0,115,19.76,19.76,0.0,52.708178,0.0
2019-03-02,9,0,116,17.93,17.93,0.0,-943.927359,0.0
2019-03-02,9,0,117,1.34,1.34,0.0,3.57434,0.0
2019-03-02,9,0,119,36.32,36.32,0.0,1082.638857,0.0
2019-03-02,9,0,120,21.36,21.36,0.0,636.706112,0.0
2019-03-02,9,0,123,0.89,0.89,0.0,5.398983,0.0
2019-03-02,9,0,125,86.51,86.51,0.0,524.79326,0.0
2019-03-02,9,0,126,39.9,39.9,0.0,242.044285,0.0
2019-03-02,9,0,127,51.2,51.2,0.0,310.593168,0.0
2019-03-02,9,0,128,123.91,123.91,0.0,751.671863,0.0
2019-03-02,9,0,131,13.25,13.25,0.0,-67.244199,0.0
2019-03-02,9,0,132,19.48,19.48,0.0,-98.86166,0.0
2019-03-02,9,0,133,4.72,4.72,0.0,70.187468,0.0
2019-03-02,9,0,134,0.0,0.0,0.0,0.0,0.0
2019-03-02,9,0,135,6.33,6.33,0.0,94.128532,0.0
2019-03-02,9,0,136,2.33,2.33,0.0,34.438311,0.0
2019-03-02,9,0,139,44.94,44.94,0.0,389.70433,0.0
2019-03-02,9,0,140,58.04,58.04,0.0,-3055.523923,0.0
2019-03-02,9,0,141,147.17,147.17,0.0,-2795.823654,0.0
2019-03-02,9,0,142,87.96,87.96,0.0,-1670.997137,0.0
2019-03-02,9,0,143,22.79,22.79,0.0,137.150778,0.0
2019-03-02,9,0,145,4.22,4.22,0.0,31.901061,0.0
2019-03-02,9,0,146,27.18,27.18,0.0,-1430.894904,0.0
2019-03-02,9,0,152,2.11,2.11,0.0,26.614469,0.0
2019-03-02,9,0,153,2.71,2.71,0.0,33.90555,0.0
2019-03-02,9,0,154,14.33,14.33,0.0,124.264866,0.0
2019-03-02,9,0,157,23.6,23.6,0.0,-448.334839,0.0
2019-03-02,9,0,158,57.28,57.28,0.0,-1088.161846,0.0
2019-03-02,9,0,159,0.0,0.0,0.0,0.0,0.0
2019-03-02,9,0,160,0.63,0.63,0.0,7.582924,0.0
2019-03-02,9,0,161,13.44,13.44,0.0,-107.647898,0.0
2019-03-02,9,0,162,17.67,17.67,0.0,429.53773,0.0
2019-03-02,9,0,163,134.62,134.62,0.0,-7087.088741,0.0
2019-03-02,9,0,164,3.96,3.96,0.0,23.831377,0.0
2019-03-02,9,0,167,1.6,1.6,0.0,38.534072,0.0
2019-03-02,9,0,168,0.8,0.8,0.0,19.267036,0.0
2019-03-02,9,0,169,0.0,0.0,0.0,0.0,0.0
2019-03-02,9,0,170,1.75,1.75,0.0,42.146641,0.0
2019-03-02,9,0,172,1.79,1.79,0.0,40.009083,0.0
2019-03-02,9,0,173,2.73,2.73,0.0,61.019439,0.0
2019-03-02,9,0,188,2.76,2.76,0.0,63.478066,0.0
2019-03-02,9,0,190,2.26,2.26,0.0,67.366845,0.0
2019-03-02,9,0,191,5.83,5.83,0.0,173.782614,0.0
2019-03-02,9,0,192,175.87,175.87,0.0,5242.392503,0.0
2019-03-02,9,0,194,37.46,37.46,0.0,448.910887,0.0
2019-03-02,9,0,196,1.11,1.11,0.0,45.858875,0.0
2019-03-02,9,0,198,2.6,2.6,0.0,32.256064,0.0
2019-03-02,9,0,199,4.46,4.46,0.0,57.393506,0.0
2019-03-02,9,0,200,4.25,4.25,0.0,54.691121,0.0
2019-03-02,9,0,204,148.14,148.14,0.0,1471.658818,0.0
2019-03-02,9,0,205,308.94,308.94,0.0,3140.749817,0.0
2019-03-02,9,0,206,88.87,88.87,0.0,530.340637,0.0
2019-03-02,9,0,210,0.81,0.81,0.0,6.384097,0.0
2019-03-02,9,0,214,3.43,3.43,0.0,61.585755,0.0
2019-03-02,9,0,217,2.88,2.88,0.0,39.069004,0.0
2019-03-02,9,0,218,3.98,3.98,0.0,53.991193,0.0
2019-03-02,9,0,219,2.71,2.71,0.0,36.762848,0.0
2019-03-02,9,0,221,1.83,1.83,0.0,32.857706,0.0
2019-03-02,9,0,225,2.38,2.38,0.0,16.993167,0.0
2019-03-02,9,0,233,1.78,1.78,0.0,29.911769,0.0
2019-03-02,9,0,236,0.0,0.0,0.0,0.0,0.0
2019-03-02,9,0,237,18.75,18.75,0.0,236.895249,0.0
2019-03-02,9,0,238,19.61,19.61,0.0,283.207829,0.0
2019-03-02,9,0,240,3.26,3.26,0.0,37.319776,0.0
2019-03-02,9,0,245,7.09,7.09,0.0,107.415938,0.0
2019-03-02,9,0,247,5.86,5.86,0.0,88.781015,0.0
2019-03-02,9,0,248,1.88,1.88,0.0,23.752697,0.0
2019-03-02,9,0,249,13.64,13.64,0.0,206.650691,0.0
2019-03-02,9,0,251,21.98,21.98,0.0,322.14608,0.0
2019-03-02,9,0,252,19.93,19.93,0.0,294.658727,0.0
2019-03-02,9,0,254,3.55,3.55,0.0,41.210447,0.0
2019-03-02,9,0,255,1.63,1.63,0.0,18.92198,0.0
2019-03-02,9,0,258,3.99,3.99,0.0,45.68792,0.0
2019-03-02,9,0,260,1.54,1.54,0.0,18.536037,0.0
2019-03-02,9,0,265,14.83,14.83,0.0,128.600695,0.0
2019-03-02,9,0,266,29.1,29.1,0.0,252.345261,0.0
2019-03-02,9,0,267,35.76,35.76,0.0,310.098506,0.0
2019-03-02,9,0,270,420.41,420.41,0.0,-22132.543289,0.0
2019-03-02,9,0,272,65.96,65.96,0.0,175.942886,0.0
2019-03-02,9,0,273,4.29,4.29,0.0,-225.84765,0.0
2019-03-02,9,0,274,541.97,541.97,0.0,-28532.086502,0.0
2019-03-02,9,0,275,754.42,754.42,0.0,-39716.546486,0.0
2019-03-02,9,0,276,1.06,1.06,0.0,-47.84021,0.0
2019-03-02,9,0,277,1.72,1.72,0.0,3.747231,0.0
2019-03-02,9,0,278,2.75,2.75,0.0,5.991213,0.0
2019-03-02,9,0,279,84.8,84.8,0.0,184.747226,0.0
2019-03-02,9,0,281,4.79,4.79,0.0,28.826337,0.0
2019-03-02,9,0,282,63.69,63.69,0.0,383.287981,0.0
2019-03-02,10,0,9,1.37,1.37,0.0,13.323217,0.0
2019-03-02,10,0,17,29.22,29.22,0.0,402.998857,0.0
2019-03-02,10,0,19,101.31,101.31,0.0,1397.25579,0.0
2019-03-02,10,0,20,125.52,125.52,0.0,1731.157307,0.0
2019-03-02,10,0,21,31.24,31.24,0.0,303.808245,0.0
2019-03-02,10,0,22,111.03,111.03,0.0,1079.764068,0.0
2019-03-02,10,0,23,42.78,42.78,0.0,416.034467,0.0
2019-03-02,10,0,24,75.69,75.69,0.0,736.083421,0.0
2019-03-02,10,0,29,5.24,5.24,0.0,44.369602,0.0
2019-03-02,10,0,30,313.8,313.8,0.0,3045.087338,0.0
2019-03-02,10,0,31,18.93,18.93,0.0,183.695039,0.0
2019-03-02,10,0,32,1.9,1.9,0.0,42.334054,0.0
2019-03-02,10,0,33,1.65,1.65,0.0,24.344589,0.0
2019-03-02,10,0,34,2.63,2.63,0.0,38.8038,0.0
2019-03-02,10,0,35,2.63,2.63,0.0,38.8038,0.0
2019-03-02,10,0,36,6.42,6.42,0.0,77.27889,0.0
2019-03-02,10,0,37,3.07,3.07,0.0,36.762654,0.0
2019-03-02,10,0,38,3.95,3.95,0.0,47.300483,0.0
2019-03-02,10,0,39,2.63,2.63,0.0,31.49374,0.0
2019-03-02,10,0,40,2.63,2.63,0.0,31.49374,0.0
2019-03-02,10,0,41,30.47,30.47,0.0,331.514871,0.0
2019-03-02,10,0,42,33.86,33.86,0.0,459.929419,0.0
2019-03-02,10,0,43,19.49,19.49,0.0,233.446225,0.0
2019-03-02,10,0,46,17.15,17.15,0.0,200.808429,0.0
2019-03-02,10,0,52,20.07,20.07,0.0,194.757498,0.0
2019-03-02,10,0,53,32.01,32.01,0.0,310.622198,0.0
2019-03-02,10,0,55,51.2,51.2,0.0,497.918763,0.0
2019-03-02,10,0,56,92.56,92.56,0.0,898.194022,0.0
2019-03-02,10,0,57,88.05,88.05,0.0,854.429382,0.0
2019-03-02,10,0,58,169.32,169.32,0.0,1643.066246,0.0
2019-03-02,10,0,59,166.5,166.5,0.0,1615.701217,0.0
2019-03-02,10,0,63,38.84,38.84,0.0,996.266686,0.0
2019-03-02,10,0,64,45.69,45.69,0.0,1171.972834,0.0
2019-03-02,10,0,65,6.88,6.88,0.0,94.621542,0.0
2019-03-02,10,0,67,115.48,115.48,0.0,-524.873533,0.0
2019-03-02,10,0,68,13.13,13.13,0.0,27.180147,0.0
2019-03-02,10,0,69,1.65,1.65,0.0,24.344589,0.0
2019-03-02,10,0,74,19.39,19.39,0.0,246.182177,0.0
2019-03-02,10,0,77,13.47,13.47,0.0,103.889074,0.0
2019-03-02,10,0,78,10.18,10.18,0.0,78.514534,0.0
2019-03-02,10,0,79,5.89,5.89,0.0,45.427368,0.0
2019-03-02,10,0,80,9.53,9.53,0.0,73.501327,0.0
2019-03-02,10,0,81,12.46,12.46,0.0,96.099321,0.0
2019-03-02,10,0,82,8.79,8.79,0.0,67.793983,0.0
2019-03-02,10,0,83,19.59,19.59,0.0,151.090345,0.0
2019-03-02,10,0,84,0.0,0.0,0.0,0.0,0.0
2019-03-02,10,0,86,8.34,8.34,0.0,123.050834,0.0
2019-03-02,10,0,87,42.57,42.57,0.0,628.090409,0.0
2019-03-02,10,0,88,15.93,15.93,0.0,122.862134,0.0
2019-03-02,10,0,89,15.24,15.24,0.0,117.540422,0.0
2019-03-02,10,0,90,21.17,21.17,0.0,163.276295,0.0
2019-03-02,10,0,91,78.42,78.42,0.0,604.824139,0.0
2019-03-02,10,0,92,27.79,27.79,0.0,214.333879,0.0
2019-03-02,10,0,95,47.92,47.92,0.0,1074.832979,0.0
2019-03-02,10,0,96,4.52,4.52,0.0,43.762173,0.0
2019-03-02,10,0,97,27.78,27.78,0.0,268.963088,0.0
2019-03-02,10,0,99,3.99,3.99,0.0,50.658426,0.0
2019-03-02,10,0,101,6.32,6.32,0.0,61.328719,0.0
2019-03-02,10,0,102,31.1,31.1,0.0,64.37948,0.0
2019-03-02,10,0,103,27.04,27.04,0.0,55.974956,0.0
2019-03-02,10,0,104,5.02,5.02,0.0,10.3918,0.0
2019-03-02,10,0,106,109.3,109.3,0.0,1062.93986,0.0
2019-03-02,10,0,109,55.34,55.34,0.0,636.472776,0.0
2019-03-02,10,0,110,89.79,89.79,0.0,-2227.06796,0.0
2019-03-02,10,0,111,9.11,9.11,0.0,99.11718,0.0
2019-03-02,10,0,113,25.14,25.14,0.0,216.604506,0.0
2019-03-02,10,0,115,25.14,25.14,0.0,216.604506,0.0
2019-03-02,10,0,116,30.35,30.35,0.0,-752.773277,0.0
2019-03-02,10,0,117,1.68,1.68,0.0,14.474764,0.0
2019-03-02,10,0,119,45.69,45.69,0.0,1171.972834,0.0
2019-03-02,10,0,120,26.87,26.87,0.0,689.229811,0.0
2019-03-02,10,0,123,1.82,1.82,0.0,17.699456,0.0
2019-03-02,10,0,125,68.49,68.49,0.0,666.063595,0.0
2019-03-02,10,0,126,81.98,81.98,0.0,797.25352,0.0
2019-03-02,10,0,127,105.2,105.2,0.0,1023.067459,0.0
2019-03-02,10,0,128,98.1,98.1,0.0,954.02013,0.0
2019-03-02,10,0,131,14.62,14.62,0.0,56.094059,0.0
2019-03-02,10,0,132,23.59,23.59,0.0,90.510182,0.0
2019-03-02,10,0,133,9.92,9.92,0.0,136.851711,0.0
2019-03-02,10,0,134,0.0,0.0,0.0,0.0,0.0
2019-03-02,10,0,135,13.29,13.29,0.0,183.342665,0.0
2019-03-02,10,0,136,6.27,6.27,0.0,86.218793,0.0
2019-03-02,10,0,139,39.35,39.35,0.0,428.129641,0.0
2019-03-02,10,0,140,66.45,66.45,0.0,-1648.164227,0.0
2019-03-02,10,0,141,117.5,117.5,0.0,-534.054729,0.0
2019-03-02,10,0,142,152.29,152.29,0.0,-692.18038,0.0
2019-03-02,10,0,143,43.29,43.29,0.0,420.082316,0.0
2019-03-02,10,0,145,8.29,8.29,0.0,85.984664,0.0
2019-03-02,10,0,146,23.38,23.38,0.0,-579.895856,0.0
2019-03-02,10,0,152,4.47,4.47,0.0,56.640555,0.0
2019-03-02,10,0,153,5.84,5.84,0.0,73.702136,0.0
2019-03-02,10,0,154,37.57,37.57,0.0,408.763167,0.0
2019-03-02,10,0,157,10.13,10.13,0.0,-46.042335,0.0
2019-03-02,10,0,158,133.31,133.31,0.0,-605.913497,0.0
2019-03-02,10,0,159,0.0,0.0,0.0,0.0,0.0
2019-03-02,10,0,160,1.55,1.55,0.0,18.765999,0.0
2019-03-02,10,0,161,22.24,22.24,0.0,46.038574,0.0
2019-03-02,10,0,162,44.27,44.27,0.0,994.506821,0.0
2019-03-02,10,0,163,88.5,88.5,0.0,-2195.071995,0.0
2019-03-02,10,0,164,11.28,11.28,0.0,109.460118,0.0
2019-03-02,10,0,167,2.2,2.2,0.0,49.133993,0.0
2019-03-02,10,0,168,1.1,1.1,0.0,24.566997,0.0
2019-03-02,10,0,169,0.0,0.0,0.0,0.0,0.0
2019-03-02,10,0,170,2.41,2.41,0.0,53.824056,0.0
2019-03-02,10,0,172,2.88,2.88,0.0,62.262914,0.0
2019-03-02,10,0,173,4.38,4.38,0.0,94.691515,0.0
2019-03-02,10,0,188,4.0,4.0,0.0,86.893923,0.0
2019-03-02,10,0,190,3.42,3.42,0.0,87.724821,0.0
2019-03-02,10,0,191,8.83,8.83,0.0,226.494203,0.0
2019-03-02,10,0,192,234.35,234.35,0.0,6011.202311,0.0
2019-03-02,10,0,194,8.23,8.23,0.0,118.370617,0.0
2019-03-02,10,0,196,1.48,1.48,0.0,48.177457,0.0
2019-03-02,10,0,198,6.78,6.78,0.0,81.021246,0.0
2019-03-02,10,0,199,4.95,4.95,0.0,60.618918,0.0
2019-03-02,10,0,200,10.62,10.62,0.0,130.055133,0.0
2019-03-02,10,0,204,88.6,88.6,0.0,1009.323272,0.0
2019-03-02,10,0,205,326.81,326.81,0.0,3758.685722,0.0
2019-03-02,10,0,206,81.63,81.63,0.0,790.333219,0.0
2019-03-02,10,0,210,1.61,1.61,0.0,14.231969,0.0
2019-03-02,10,0,214,8.79,8.79,0.0,134.706892,0.0
2019-03-02,10,0,217,6.09,6.09,0.0,76.103505,0.0
2019-03-02,10,0,218,8.41,8.41,0.0,105.095316,0.0
2019-03-02,10,0,219,5.73,5.73,0.0,71.604776,0.0
2019-03-02,10,0,221,4.69,4.69,0.0,71.874326,0.0
2019-03-02,10,0,225,4.69,4.69,0.0,39.543885,0.0
2019-03-02,10,0,233,4.72,4.72,0.0,69.64028,0.0
2019-03-02,10,0,236,5.62,5.62,0.0,74.501037,0.0
2019-03-02,10,0,237,45.32,45.32,0.0,575.398466,0.0
2019-03-02,10,0,238,44.07,44.07,0.0,598.614574,0.0
2019-03-02,10,0,240,7.28,7.28,0.0,87.630891,0.0
2019-03-02,10,0,245,20.88,20.88,0.0,290.950083,0.0
2019-03-02,10,0,247,18.88,18.88,0.0,263.081301,0.0
2019-03-02,10,0,248,4.95,4.95,0.0,62.84692,0.0
2019-03-02,10,0,249,40.14,40.14,0.0,559.326453,0.0
2019-03-02,10,0,251,37.11,37.11,0.0,508.017523,0.0
2019-03-02,10,0,252,44.39,44.39,0.0,610.501488,0.0
2019-03-02,10,0,254,10.63,10.63,0.0,127.668457,0.0
2019-03-02,10,0,255,4.87,4.87,0.0,58.489688,0.0
2019-03-02,10,0,258,8.97,8.97,0.0,107.887626,0.0
2019-03-02,10,0,260,3.76,3.76,0.0,45.522682,0.0
2019-03-02,10,0,265,38.9,38.9,0.0,423.233623,0.0
2019-03-02,10,0,266,25.48,25.48,0.0,277.223463,0.0
2019-03-02,10,0,267,31.31,31.31,0.0,340.654106,0.0
2019-03-02,10,0,270,276.26,276.26,0.0,-6852.097055,0.0
2019-03-02,10,0,272,84.01,84.01,0.0,723.824367,0.0
2019-03-02,10,0,273,7.26,7.26,0.0,-180.070313,0.0
2019-03-02,10,0,274,356.11,356.11,0.0,-8832.622465,0.0
2019-03-02,10,0,275,495.68,495.68,0.0,-12294.387418,0.0
2019-03-02,10,0,276,1.68,1.68,0.0,-34.070242,0.0
2019-03-02,10,0,277,2.94,2.94,0.0,24.266118,0.0
2019-03-02,10,0,278,4.7,4.7,0.0,38.792773,0.0
2019-03-02,10,0,279,73.38,73.38,0.0,605.662488,0.0
2019-03-02,10,0,281,8.44,8.44,0.0,81.901011,0.0
2019-03-02,10,0,282,172.14,172.14,0.0,1670.431276,0.0
2019-03-02,11,0,9,2.19,2.19,0.0,20.930164,0.0
2019-03-02,11,0,17,43.63,43.63,0.0,568.522677,0.0
2019-03-02,11,0,19,58.3,58.3,0.0,759.680772,0.0
2019-03-02,11,0,20,70.71,70.71,0.0,921.389835,0.0
2019-03-02,11,0,21,50.16,50.16,0.0,479.386761,0.0
2019-03-02,11,0,22,178.28,178.28,0.0,1703.849118,0.0
2019-03-02,11,0,23,8.57,8.57,0.0,81.904795,0.0
2019-03-02,11,0,24,15.16,15.16,0.0,144.886429,0.0
2019-03-02,11,0,29,8.03,8.03,0.0,62.83125,0.0
2019-03-02,11,0,30,510.7,510.7,0.0,3006.453051,0.0
2019-03-02,11,0,31,5.68,5.68,0.0,33.437739,0.0
2019-03-02,11,0,32,2.9,2.9,0.0,64.557829,0.0
2019-03-02,11,0,33,2.47,2.47,0.0,34.878811,0.0
2019-03-02,11,0,34,3.95,3.95,0.0,55.777855,0.0
2019-03-02,11,0,35,3.95,3.95,0.0,55.777855,0.0
2019-03-02,11,0,36,9.93,9.93,0.0,109.96139,0.0
2019-03-02,11,0,37,4.77,4.77,0.0,52.507598,0.0
2019-03-02,11,0,38,6.13,6.13,0.0,67.478318,0.0
2019-03-02,11,0,39,4.08,4.08,0.0,44.91216,0.0
2019-03-02,11,0,40,4.08,4.08,0.0,44.91216,0.0
2019-03-02,11,0,41,30.06,30.06,0.0,290.548981,0.0
2019-03-02,11,0,42,54.73,54.73,0.0,700.225348,0.0
2019-03-02,11,0,43,30.01,30.01,0.0,331.38869,0.0
2019-03-02,11,0,46,26.03,26.03,0.0,278.345742,0.0
2019-03-02,11,0,52,6.04,6.04,0.0,35.557032,0.0
2019-03-02,11,0,53,9.83,9.83,0.0,57.868481,0.0
2019-03-02,11,0,55,34.73,34.73,0.0,331.9199,0.0
2019-03-02,11,0,56,150.64,150.64,0.0,886.806516,0.0
2019-03-02,11,0,57,143.29,143.29,0.0,843.53761,0.0
2019-03-02,11,0,58,275.56,275.56,0.0,1622.201298,0.0
2019-03-02,11,0,59,270.97,270.97,0.0,1595.180308,0.0
2019-03-02,11,0,63,21.78,21.78,0.0,570.305044,0.0
2019-03-02,11,0,64,25.63,25.63,0.0,671.116542,0.0
2019-03-02,11,0,65,4.79,4.79,0.0,62.205991,0.0
2019-03-02,11,0,67,189.63,189.63,0.0,-1613.233911,0.0
2019-03-02,11,0,68,7.09,7.09,0.0,-6.15177,0.0
2019-03-02,11,0,69,2.47,2.47,0.0,34.878811,0.0
2019-03-02,11,0,74,11.5,11.5,0.0,135.532894,0.0
2019-03-02,11,0,77,6.18,6.18,0.0,34.953053,0.0
2019-03-02,11,0,78,4.67,4.67,0.0,26.412744,0.0
2019-03-02,11,0,79,2.7,2.7,0.0,15.270751,0.0
2019-03-02,11,0,80,4.37,4.37,0.0,24.715994,0.0
2019-03-02,11,0,81,5.72,5.72,0.0,32.35137,0.0
2019-03-02,11,0,82,4.03,4.03,0.0,22.79301,0.0
2019-03-02,11,0,83,8.99,8.99,0.0,50.845946,0.0
2019-03-02,11,0,84,0.0,0.0,0.0,0.0,0.0
2019-03-02,11,0,86,12.52,12.52,0.0,176.79462,0.0
2019-03-02,11,0,87,63.92,63.92,0.0,902.612787,0.0
2019-03-02,11,0,88,3.15,3.15,0.0,17.815877,0.0
2019-03-02,11,0,89,3.03,3.03,0.0,17.137177,0.0
2019-03-02,11,0,90,4.06,4.06,0.0,22.962686,0.0
2019-03-02,11,0,91,14.49,14.49,0.0,81.953033,0.0
2019-03-02,11,0,92,5.21,5.21,0.0,29.466894,0.0
2019-03-02,11,0,95,29.07,29.07,0.0,652.032443,0.0
2019-03-02,11,0,96,2.91,2.91,0.0,23.381981,0.0
2019-03-02,11,0,97,21.38,21.38,0.0,171.789266,0.0
2019-03-02,11,0,99,2.47,2.47,0.0,29.110109,0.0
2019-03-02,11,0,101,10.29,10.29,0.0,60.576467,0.0
2019-03-02,11,0,102,16.8,16.8,0.0,-14.57683,0.0
2019-03-02,11,0,103,14.61,14.61,0.0,-12.676637,0.0
2019-03-02,11,0,104,2.71,2.71,0.0,-2.351382,0.0
2019-03-02,11,0,106,175.5,175.5,0.0,1677.280234,0.0
2019-03-02,11,0,109,42.1,42.1,0.0,438.213944,0.0
2019-03-02,11,0,110,59.42,59.42,0.0,-1895.626682,0.0
2019-03-02,11,0,111,14.4,14.4,0.0,139.185141,0.0
2019-03-02,11,0,113,5.57,5.57,0.0,37.181812,0.0
2019-03-02,11,0,115,5.57,5.57,0.0,37.181812,0.0
2019-03-02,11,0,116,48.43,48.43,0.0,-1545.021881,0.0
2019-03-02,11,0,117,0.37,0.37,0.0,2.469887,0.0
2019-03-02,11,0,119,25.63,25.63,0.0,671.116542,0.0
2019-03-02,11,0,120,15.07,15.07,0.0,394.605006,0.0
2019-03-02,11,0,123,2.92,2.92,0.0,27.906885,0.0
2019-03-02,11,0,125,13.72,13.72,0.0,131.12413,0.0
2019-03-02,11,0,126,131.62,131.62,0.0,1257.91239,0.0
2019-03-02,11,0,127,168.92,168.92,0.0,1614.394172,0.0
2019-03-02,11,0,128,19.64,19.64,0.0,187.702472,0.0
2019-03-02,11,0,131,5.73,5.73,0.0,6.719194,0.0
2019-03-02,11,0,132,8.42,8.42,0.0,9.87358,0.0
2019-03-02,11,0,133,7.99,7.99,0.0,104.147107,0.0
2019-03-02,11,0,134,0.0,0.0,0.0,0.0,0.0
2019-03-02,11,0,135,10.71,10.71,0.0,139.601442,0.0
2019-03-02,11,0,136,5.7,5.7,0.0,74.010091,0.0
2019-03-02,11,0,139,38.82,38.82,0.0,375.219942,0.0
2019-03-02,11,0,140,43.97,43.97,0.0,-1402.738223,0.0
2019-03-02,11,0,141,52.45,52.45,0.0,-446.206395,0.0
2019-03-02,11,0,142,250.08,250.08,0.0,-2127.498478,0.0
2019-03-02,11,0,143,14.54,14.54,0.0,85.595902,0.0
2019-03-02,11,0,145,21.46,21.46,0.0,193.859157,0.0
2019-03-02,11,0,146,8.47,8.47,0.0,-270.211343,0.0
2019-03-02,11,0,152,6.97,6.97,0.0,81.989531,0.0
2019-03-02,11,0,153,8.89,8.89,0.0,104.062178,0.0
2019-03-02,11,0,154,59.39,59.39,0.0,574.042049,0.0
2019-03-02,11,0,157,10.2,10.2,0.0,-86.77417,0.0
2019-03-02,11,0,158,222.07,222.07,0.0,-1889.209801,0.0
2019-03-02,11,0,159,0.0,0.0,0.0,0.0,0.0
2019-03-02,11,0,160,2.41,2.41,0.0,27.168074,0.0
2019-03-02,11,0,161,36.14,36.14,0.0,-31.357539,0.0
2019-03-02,11,0,162,47.9,47.9,0.0,1076.345627,0.0
2019-03-02,11,0,163,85.71,85.71,0.0,-2734.334616,0.0
2019-03-02,11,0,164,18.32,18.32,0.0,107.848482,0.0
2019-03-02,11,0,167,3.38,3.38,0.0,75.435465,0.0
2019-03-02,11,0,168,1.69,1.69,0.0,37.717732,0.0
2019-03-02,11,0,169,0.0,0.0,0.0,0.0,0.0
2019-03-02,11,0,170,3.7,3.7,0.0,82.577284,0.0
2019-03-02,11,0,172,4.47,4.47,0.0,95.676311,0.0
2019-03-02,11,0,173,6.81,6.81,0.0,145.761897,0.0
2019-03-02,11,0,188,6.13,6.13,0.0,132.419031,0.0
2019-03-02,11,0,190,5.31,5.31,0.0,139.041312,0.0
2019-03-02,11,0,191,13.73,13.73,0.0,359.517367,0.0
2019-03-02,11,0,192,157.91,157.91,0.0,4134.842497,0.0
2019-03-02,11,0,194,3.06,3.06,0.0,40.738417,0.0
2019-03-02,11,0,196,2.34,2.34,0.0,79.945053,0.0
2019-03-02,11,0,198,10.38,10.38,0.0,117.090597,0.0
2019-03-02,11,0,199,4.18,4.18,0.0,49.248985,0.0
2019-03-02,11,0,200,15.9,15.9,0.0,187.334654,0.0
2019-03-02,11,0,204,130.64,130.64,0.0,1343.140208,0.0
2019-03-02,11,0,205,275.27,275.27,0.0,2865.253027,0.0
2019-03-02,11,0,206,81.72,81.72,0.0,656.623892,0.0
2019-03-02,11,0,210,2.41,2.41,0.0,19.825592,0.0
2019-03-02,11,0,214,13.34,13.34,0.0,196.998103,0.0
2019-03-02,11,0,217,9.08,9.08,0.0,108.194169,0.0
2019-03-02,11,0,218,12.53,12.53,0.0,149.303187,0.0
2019-03-02,11,0,219,8.53,8.53,0.0,101.640558,0.0
2019-03-02,11,0,221,7.11,7.11,0.0,104.99674,0.0
2019-03-02,11,0,225,7.03,7.03,0.0,54.733886,0.0
2019-03-02,11,0,233,7.08,7.08,0.0,99.97651,0.0
2019-03-02,11,0,236,4.11,4.11,0.0,51.064419,0.0
2019-03-02,11,0,237,25.63,25.63,0.0,302.061572,0.0
2019-03-02,11,0,238,71.24,71.24,0.0,911.457222,0.0
2019-03-02,11,0,240,11.26,11.26,0.0,124.689351,0.0
2019-03-02,11,0,245,14.27,14.27,0.0,188.24995,0.0
2019-03-02,11,0,247,11.77,11.77,0.0,155.269931,0.0
2019-03-02,11,0,248,3.05,3.05,0.0,35.945681,0.0
2019-03-02,11,0,249,27.45,27.45,0.0,362.120612,0.0
2019-03-02,11,0,251,23.5,23.5,0.0,303.491859,0.0
2019-03-02,11,0,252,30.88,30.88,0.0,401.027348,0.0
2019-03-02,11,0,254,16.51,16.51,0.0,183.268216,0.0
2019-03-02,11,0,255,7.57,7.57,0.0,84.030308,0.0
2019-03-02,11,0,258,13.84,13.84,0.0,153.189984,0.0
2019-03-02,11,0,260,5.85,5.85,0.0,65.947398,0.0
2019-03-02,11,0,265,61.49,61.49,0.0,594.339882,0.0
2019-03-02,11,0,266,25.14,25.14,0.0,242.994058,0.0
2019-03-02,11,0,267,30.89,30.89,0.0,298.571458,0.0
2019-03-02,11,0,270,289.96,289.96,0.0,-9250.351946,0.0
2019-03-02,11,0,272,18.61,18.61,0.0,124.228639,0.0
2019-03-02,11,0,273,11.58,11.58,0.0,-369.427078,0.0
2019-03-02,11,0,274,378.67,378.67,0.0,-12080.393059,0.0
2019-03-02,11,0,275,534.27,534.27,0.0,-17044.370031,0.0
2019-03-02,11,0,276,2.72,2.72,0.0,-72.565737,0.0
2019-03-02,11,0,277,4.65,4.65,0.0,29.139791,0.0
2019-03-02,11,0,278,7.44,7.44,0.0,46.623665,0.0
2019-03-02,11,0,279,34.22,34.22,0.0,214.443792,0.0
2019-03-02,11,0,281,2.48,2.48,0.0,14.599576,0.0
2019-03-02,11,0,282,280.15,280.15,0.0,1649.222287,0.0
2019-03-02,12,0,9,2.89,2.89,0.0,17.993924,0.0
2019-03-02,12,0,17,55.15,55.15,0.0,550.255937,0.0
2019-03-02,12,0,19,82.23,82.23,0.0,820.445071,0.0
2019-03-02,12,0,20,99.74,99.74,0.0,995.150084,0.0
2019-03-02,12,0,21,66.12,66.12,0.0,411.681062,0.0
2019-03-02,12,0,22,234.99,234.99,0.0,1463.111505,0.0
2019-03-02,12,0,23,3.61,3.61,0.0,22.47684,0.0
2019-03-02,12,0,24,6.05,6.05,0.0,37.668942,0.0
2019-03-02,12,0,29,9.97,9.97,0.0,77.871563,0.0
2019-03-02,12,0,30,665.83,665.83,0.0,3919.691864,0.0
2019-03-02,12,0,31,2.78,2.78,0.0,16.365654,0.0
2019-03-02,12,0,32,3.62,3.62,0.0,70.475881,0.0
2019-03-02,12,0,33,3.23,3.23,0.0,34.841219,0.0
2019-03-02,12,0,34,5.17,5.17,0.0,55.767524,0.0
2019-03-02,12,0,35,5.17,5.17,0.0,55.767524,0.0
2019-03-02,12,0,36,13.15,13.15,0.0,113.025972,0.0
2019-03-02,12,0,37,6.32,6.32,0.0,54.084626,0.0
2019-03-02,12,0,38,8.12,8.12,0.0,69.488475,0.0
2019-03-02,12,0,39,5.42,5.42,0.0,46.382701,0.0
2019-03-02,12,0,40,5.42,5.42,0.0,46.382701,0.0
2019-03-02,12,0,41,32.48,32.48,0.0,236.873853,0.0
2019-03-02,12,0,42,73.66,73.66,0.0,722.016168,0.0
2019-03-02,12,0,43,39.37,39.37,0.0,340.474378,0.0
2019-03-02,12,0,46,33.74,33.74,0.0,280.103112,0.0
2019-03-02,12,0,52,2.94,2.94,0.0,17.307562,0.0
2019-03-02,12,0,53,4.68,4.68,0.0,27.550813,0.0
2019-03-02,12,0,55,19.3,19.3,0.0,120.167037,0.0
2019-03-02,12,0,56,196.4,196.4,0.0,1156.192244,0.0
2019-03-02,12,0,57,186.82,186.82,0.0,1099.795494,0.0
2019-03-02,12,0,58,359.26,359.26,0.0,2114.936994,0.0
2019-03-02,12,0,59,353.27,353.27,0.0,2079.674308,0.0
2019-03-02,12,0,63,11.03,11.03,0.0,227.122935,0.0
2019-03-02,12,0,64,12.98,12.98,0.0,267.276128,0.0
2019-03-02,12,0,65,6.85,6.85,0.0,68.122249,0.0
2019-03-02,12,0,67,254.01,254.01,0.0,823.345321,0.0
2019-03-02,12,0,68,3.6,3.6,0.0,12.856333,0.0
2019-03-02,12,0,69,3.23,3.23,0.0,34.841219,0.0
2019-03-02,12,0,74,12.06,12.06,0.0,109.052565,0.0
2019-03-02,12,0,77,3.62,3.62,0.0,14.434571,0.0
2019-03-02,12,0,78,2.74,2.74,0.0,10.925615,0.0
2019-03-02,12,0,79,1.58,1.58,0.0,6.300172,0.0
2019-03-02,12,0,80,2.56,2.56,0.0,10.207874,0.0
2019-03-02,12,0,81,3.35,3.35,0.0,13.35796,0.0
2019-03-02,12,0,82,2.36,2.36,0.0,9.410383,0.0
2019-03-02,12,0,83,5.27,5.27,0.0,21.013865,0.0
2019-03-02,12,0,84,0.0,0.0,0.0,0.0,0.0
2019-03-02,12,0,86,16.38,16.38,0.0,176.687049,0.0
2019-03-02,12,0,87,83.61,83.61,0.0,901.880596,0.0
2019-03-02,12,0,88,2.41,2.41,0.0,9.609756,0.0
2019-03-02,12,0,89,2.32,2.32,0.0,9.250885,0.0
2019-03-02,12,0,90,3.11,3.11,0.0,12.400971,0.0
2019-03-02,12,0,91,11.1,11.1,0.0,44.260702,0.0
2019-03-02,12,0,92,3.99,3.99,0.0,15.909928,0.0
2019-03-02,12,0,95,17.49,17.49,0.0,340.106689,0.0
2019-03-02,12,0,96,7.95,7.95,0.0,48.123225,0.0
2019-03-02,12,0,97,48.89,48.89,0.0,295.942703,0.0
2019-03-02,12,0,99,2.33,2.33,0.0,21.069028,0.0
2019-03-02,12,0,101,13.41,13.41,0.0,78.943676,0.0
2019-03-02,12,0,102,8.53,8.53,0.0,30.462368,0.0
2019-03-02,12,0,103,7.42,7.42,0.0,26.498332,0.0
2019-03-02,12,0,104,1.38,1.38,0.0,4.928261,0.0
2019-03-02,12,0,106,231.33,231.33,0.0,1440.323352,0.0
2019-03-02,12,0,109,53.11,53.11,0.0,424.563855,0.0
2019-03-02,12,0,110,39.68,39.68,0.0,88.541678,0.0
2019-03-02,12,0,111,19.87,19.87,0.0,144.910205,0.0
2019-03-02,12,0,113,1.25,1.25,0.0,4.486696,0.0
2019-03-02,12,0,115,1.25,1.25,0.0,4.486696,0.0
2019-03-02,12,0,116,63.96,63.96,0.0,142.719902,0.0
2019-03-02,12,0,117,0.08,0.08,0.0,0.287149,0.0
2019-03-02,12,0,119,12.98,12.98,0.0,267.276128,0.0
2019-03-02,12,0,120,7.63,7.63,0.0,157.112239,0.0
2019-03-02,12,0,123,3.86,3.86,0.0,24.033407,0.0
2019-03-02,12,0,125,5.53,5.53,0.0,34.431281,0.0
2019-03-02,12,0,126,173.49,173.49,0.0,1080.195817,0.0
2019-03-02,12,0,127,222.65,222.65,0.0,1386.279316,0.0
2019-03-02,12,0,128,7.59,7.59,0.0,47.2574,0.0
2019-03-02,12,0,131,2.98,2.98,0.0,10.904675,0.0
2019-03-02,12,0,132,4.38,4.38,0.0,16.027677,0.0
2019-03-02,12,0,133,10.88,10.88,0.0,108.587976,0.0
2019-03-02,12,0,134,0.0,0.0,0.0,0.0,0.0
2019-03-02,12,0,135,14.58,14.58,0.0,145.515872,0.0
2019-03-02,12,0,136,8.17,8.17,0.0,81.234839,0.0
2019-03-02,12,0,139,41.95,41.95,0.0,305.937751,0.0
2019-03-02,12,0,140,29.36,29.36,0.0,65.513701,0.0
2019-03-02,12,0,141,21.66,21.66,0.0,70.208494,0.0
2019-03-02,12,0,142,334.97,334.97,0.0,1085.768207,0.0
2019-03-02,12,0,143,4.91,4.91,0.0,28.904806,0.0
2019-03-02,12,0,145,30.81,30.81,0.0,209.426108,0.0
2019-03-02,12,0,146,6.84,6.84,0.0,15.262729,0.0
2019-03-02,12,0,152,9.22,9.22,0.0,83.380987,0.0
2019-03-02,12,0,153,11.83,11.83,0.0,106.483277,0.0
2019-03-02,12,0,154,81.97,81.97,0.0,597.800177,0.0
2019-03-02,12,0,157,26.35,26.35,0.0,85.410611,0.0
2019-03-02,12,0,158,302.1,302.1,0.0,979.223737,0.0
2019-03-02,12,0,159,0.0,0.0,0.0,0.0,0.0
2019-03-02,12,0,160,3.14,3.14,0.0,28.226497,0.0
2019-03-02,12,0,161,47.72,47.72,0.0,170.417841,0.0
2019-03-02,12,0,162,27.25,27.25,0.0,530.371738,0.0
2019-03-02,12,0,163,58.7,58.7,0.0,130.982775,0.0
2019-03-02,12,0,164,24.82,24.82,0.0,146.113501,0.0
2019-03-02,12,0,167,4.3,4.3,0.0,83.502593,0.0
2019-03-02,12,0,168,2.15,2.15,0.0,41.751296,0.0
2019-03-02,12,0,169,0.0,0.0,0.0,0.0,0.0
2019-03-02,12,0,170,4.7,4.7,0.0,91.270276,0.0
2019-03-02,12,0,172,5.57,5.57,0.0,101.90403,0.0
2019-03-02,12,0,173,8.48,8.48,0.0,155.14294,0.0
2019-03-02,12,0,188,7.6,7.6,0.0,143.605204,0.0
2019-03-02,12,0,190,6.81,6.81,0.0,140.227306,0.0
2019-03-02,12,0,191,17.59,17.59,0.0,362.202396,0.0
2019-03-02,12,0,192,104.04,104.04,0.0,2142.327302,0.0
2019-03-02,12,0,194,1.71,1.71,0.0,5.922467,0.0
2019-03-02,12,0,196,3.12,3.12,0.0,66.888798,0.0
2019-03-02,12,0,198,13.22,13.22,0.0,123.89613,0.0
2019-03-02,12,0,199,5.04,5.04,0.0,42.298581,0.0
2019-03-02,12,0,200,19.97,19.97,0.0,167.599734,0.0
2019-03-02,12,0,204,216.58,216.58,0.0,1709.556266,0.0
2019-03-02,12,0,205,280.95,280.95,0.0,2245.927604,0.0
2019-03-02,12,0,206,143.66,143.66,0.0,869.607869,0.0
2019-03-02,12,0,210,3.01,3.01,0.0,24.283747,0.0
2019-03-02,12,0,214,17.35,17.35,0.0,195.468414,0.0
2019-03-02,12,0,217,11.54,11.54,0.0,113.948772,0.0
2019-03-02,12,0,218,15.93,15.93,0.0,157.296701,0.0
2019-03-02,12,0,219,10.85,10.85,0.0,107.135544,0.0
2019-03-02,12,0,221,9.25,9.25,0.0,104.212267,0.0
2019-03-02,12,0,225,8.82,8.82,0.0,68.670394,0.0
2019-03-02,12,0,233,9.27,9.27,0.0,99.99322,0.0
2019-03-02,12,0,236,7.59,7.59,0.0,72.32709,0.0
2019-03-02,12,0,237,28.93,28.93,0.0,261.59956,0.0
2019-03-02,12,0,238,95.88,95.88,0.0,939.816864,0.0
2019-03-02,12,0,240,14.9,14.9,0.0,128.067451,0.0
2019-03-02,12,0,245,21.13,21.13,0.0,213.355508,0.0
2019-03-02,12,0,247,23.31,23.31,0.0,235.367576,0.0
2019-03-02,12,0,248,2.9,2.9,0.0,26.223254,0.0
2019-03-02,12,0,249,40.64,40.64,0.0,410.353423,0.0
2019-03-02,12,0,251,46.65,46.65,0.0,461.431439,0.0
2019-03-02,12,0,252,44.2,44.2,0.0,439.56254,0.0
2019-03-02,12,0,254,22.05,22.05,0.0,192.578122,0.0
2019-03-02,12,0,255,10.11,10.11,0.0,88.297724,0.0
2019-03-02,12,0,258,18.15,18.15,0.0,156.1568,0.0
2019-03-02,12,0,260,7.62,7.62,0.0,68.498697,0.0
2019-03-02,12,0,265,84.86,84.86,0.0,618.876699,0.0
2019-03-02,12,0,266,27.16,27.16,0.0,198.07555,0.0
2019-03-02,12,0,267,33.38,33.38,0.0,243.437476,0.0
2019-03-02,12,0,270,183.32,183.32,0.0,409.058982,0.0
2019-03-02,12,0,272,4.19,4.19,0.0,15.039405,0.0
2019-03-02,12,0,273,15.29,15.29,0.0,34.118,0.0
2019-03-02,12,0,274,236.32,236.32,0.0,527.322817,0.0
2019-03-02,12,0,275,328.97,328.97,0.0,734.061387,0.0
2019-03-02,12,0,276,3.6,3.6,0.0,8.844854,0.0
2019-03-02,12,0,277,6.08,6.08,0.0,22.793671,0.0
2019-03-02,12,0,278,9.73,9.73,0.0,36.477371,0.0
2019-03-02,12,0,279,14.73,14.73,0.0,55.222166,0.0
2019-03-02,12,0,281,1.25,1.25,0.0,7.358657,0.0
2019-03-02,12,0,282,365.25,365.25,0.0,2150.19968,0.0
2019-03-02,13,0,9,3.41,3.41,0.0,-687.87777,0.0
2019-03-02,13,0,17,56.23,56.23,0.0,516.873658,0.0
2019-03-02,13,0,19,134.62,134.62,0.0,1237.44499,0.0
2019-03-02,13,0,20,163.27,163.27,0.0,1500.799611,0.0
2019-03-02,13,0,21,77.97,77.97,0.0,-15728.395816,0.0
2019-03-02,13,0,22,277.09,277.09,0.0,-55895.61622,0.0
2019-03-02,13,0,23,13.01,13.01,0.0,-2624.425158,0.0
2019-03-02,13,0,24,22.72,22.72,0.0,-4583.162151,0.0
2019-03-02,13,0,29,11.07,11.07,0.0,76.336402,0.0
2019-03-02,13,0,30,712.76,712.76,0.0,-372707.349217,0.0
2019-03-02,13,0,31,8.39,8.39,0.0,-4387.191565,0.0
2019-03-02,13,0,32,4.54,4.54,0.0,101.61708,0.0
2019-03-02,13,0,33,3.41,3.41,0.0,38.939102,0.0
2019-03-02,13,0,34,5.46,5.46,0.0,62.348239,0.0
2019-03-02,13,0,35,5.46,5.46,0.0,62.348239,0.0
2019-03-02,13,0,36,14.5,14.5,0.0,85.298804,0.0
2019-03-02,13,0,37,7.07,7.07,0.0,41.536665,0.0
2019-03-02,13,0,38,9.09,9.09,0.0,53.404284,0.0
2019-03-02,13,0,39,6.06,6.06,0.0,35.602856,0.0
2019-03-02,13,0,40,6.06,6.06,0.0,35.602856,0.0
2019-03-02,13,0,41,34.8,34.8,0.0,-53.892742,0.0
2019-03-02,13,0,42,80.48,80.48,0.0,700.933068,0.0
2019-03-02,13,0,43,44.83,44.83,0.0,281.148916,0.0
2019-03-02,13,0,46,38.08,38.08,0.0,206.081401,0.0
2019-03-02,13,0,52,8.89,8.89,0.0,-4648.645174,0.0
2019-03-02,13,0,53,14.13,14.13,0.0,-7388.679001,0.0
2019-03-02,13,0,55,48.98,48.98,0.0,-9880.426152,0.0
2019-03-02,13,0,56,210.24,210.24,0.0,-109936.013664,0.0
2019-03-02,13,0,57,199.98,199.98,0.0,-104570.9856,0.0
2019-03-02,13,0,58,384.58,384.58,0.0,-201099.658177,0.0
2019-03-02,13,0,59,378.17,378.17,0.0,-197747.822904,0.0
2019-03-02,13,0,63,4.98,4.98,0.0,120.442699,0.0
2019-03-02,13,0,64,5.86,5.86,0.0,141.725747,0.0
2019-03-02,13,0,65,14.41,14.41,0.0,131.166465,0.0
2019-03-02,13,0,67,296.94,296.94,0.0,3744.80164,0.0
2019-03-02,13,0,68,1.95,1.95,0.0,30.835472,0.0
2019-03-02,13,0,69,3.41,3.41,0.0,38.939102,0.0
2019-03-02,13,0,74,19.69,19.69,0.0,126.507887,0.0
2019-03-02,13,0,77,4.29,4.29,0.0,81.072282,0.0
2019-03-02,13,0,78,3.24,3.24,0.0,61.229416,0.0
2019-03-02,13,0,79,1.88,1.88,0.0,35.52818,0.0
2019-03-02,13,0,80,3.04,3.04,0.0,57.449822,0.0
2019-03-02,13,0,81,3.97,3.97,0.0,75.024932,0.0
2019-03-02,13,0,82,2.8,2.8,0.0,52.91431,0.0
2019-03-02,13,0,83,6.24,6.24,0.0,117.923319,0.0
2019-03-02,13,0,84,0.0,0.0,0.0,0.0,0.0
2019-03-02,13,0,86,17.3,17.3,0.0,197.550281,0.0
2019-03-02,13,0,87,88.33,88.33,0.0,1008.648342,0.0
2019-03-02,13,0,88,4.94,4.94,0.0,93.355961,0.0
2019-03-02,13,0,89,4.75,4.75,0.0,89.765347,0.0
2019-03-02,13,0,90,6.37,6.37,0.0,120.380055,0.0
2019-03-02,13,0,91,22.73,22.73,0.0,429.550809,0.0
2019-03-02,13,0,92,8.18,8.18,0.0,154.585377,0.0
2019-03-02,13,0,95,6.74,6.74,0.0,151.176425,0.0
2019-03-02,13,0,96,26.21,26.21,0.0,655.571603,0.0
2019-03-02,13,0,97,161.17,161.17,0.0,4031.227594,0.0
2019-03-02,13,0,99,3.8,3.8,0.0,24.41493,0.0
2019-03-02,13,0,101,14.36,14.36,0.0,-7508.947661,0.0
2019-03-02,13,0,102,4.63,4.63,0.0,73.21448,0.0
2019-03-02,13,0,103,4.02,4.02,0.0,63.568512,0.0
2019-03-02,13,0,104,0.75,0.75,0.0,11.859797,0.0
2019-03-02,13,0,106,272.77,272.77,0.0,-55024.169896,0.0
2019-03-02,13,0,109,60.0,60.0,0.0,274.087097,0.0
2019-03-02,13,0,110,28.73,28.73,0.0,80.63118,0.0
2019-03-02,13,0,111,23.06,23.06,0.0,-35.711685,0.0
2019-03-02,13,0,113,1.2,1.2,0.0,21.807361,0.0
2019-03-02,13,0,115,1.2,1.2,0.0,21.807361,0.0
2019-03-02,13,0,116,75.97,75.97,0.0,213.210954,0.0
2019-03-02,13,0,117,0.08,0.08,0.0,1.453824,0.0
2019-03-02,13,0,119,5.86,5.86,0.0,141.725747,0.0
2019-03-02,13,0,120,3.45,3.45,0.0,83.439219,0.0
2019-03-02,13,0,123,4.55,4.55,0.0,-917.842772,0.0
2019-03-02,13,0,125,20.63,20.63,0.0,-4161.559647,0.0
2019-03-02,13,0,126,204.58,204.58,0.0,-41268.631731,0.0
2019-03-02,13,0,127,262.54,262.54,0.0,-52960.536586,0.0
2019-03-02,13,0,128,29.12,29.12,0.0,-5874.193743,0.0
2019-03-02,13,0,131,1.92,1.92,0.0,32.002853,0.0
2019-03-02,13,0,132,2.82,2.82,0.0,47.004191,0.0
2019-03-02,13,0,133,20.11,20.11,0.0,185.023701,0.0
2019-03-02,13,0,134,0.0,0.0,0.0,0.0,0.0
2019-03-02,13,0,135,26.95,26.95,0.0,247.95568,0.0
2019-03-02,13,0,136,14.81,14.81,0.0,134.734542,0.0
2019-03-02,13,0,139,44.94,44.94,0.0,-69.595972,0.0
2019-03-02,13,0,140,21.26,21.26,0.0,59.666512,0.0
2019-03-02,13,0,141,12.33,12.33,0.0,155.497421,0.0
2019-03-02,13,0,142,391.59,391.59,0.0,4938.461892,0.0
2019-03-02,13,0,143,5.7,5.7,0.0,-2980.571147,0.0
2019-03-02,13,0,145,100.0,100.0,0.0,210.899637,0.0
2019-03-02,13,0,146,16.7,16.7,0.0,46.868803,0.0
2019-03-02,13,0,152,10.58,10.58,0.0,71.326712,0.0
2019-03-02,13,0,153,13.35,13.35,0.0,88.548872,0.0
2019-03-02,13,0,154,95.12,95.12,0.0,-147.306828,0.0
2019-03-02,13,0,157,71.21,71.21,0.0,898.051205,0.0
2019-03-02,13,0,158,402.04,402.04,0.0,5070.250055,0.0
2019-03-02,13,0,159,0.0,0.0,0.0,0.0,0.0
2019-03-02,13,0,160,3.5,3.5,0.0,26.129736,0.0
2019-03-02,13,0,161,51.86,51.86,0.0,820.065426,0.0
2019-03-02,13,0,162,14.44,14.44,0.0,324.192082,0.0
2019-03-02,13,0,163,18.49,18.49,0.0,51.892465,0.0
2019-03-02,13,0,164,26.05,26.05,0.0,-13621.733048,0.0
2019-03-02,13,0,167,5.57,5.57,0.0,124.660882,0.0
2019-03-02,13,0,168,2.79,2.79,0.0,62.442345,0.0
2019-03-02,13,0,169,0.0,0.0,0.0,0.0,0.0
2019-03-02,13,0,170,6.09,6.09,0.0,136.298882,0.0
2019-03-02,13,0,172,7.29,7.29,0.0,156.229804,0.0
2019-03-02,13,0,173,11.11,11.11,0.0,238.095078,0.0
2019-03-02,13,0,188,9.13,9.13,0.0,200.982824,0.0
2019-03-02,13,0,190,5.39,5.39,0.0,130.358665,0.0
2019-03-02,13,0,191,13.93,13.93,0.0,336.900964,0.0
2019-03-02,13,0,192,67.12,67.12,0.0,1623.31606,0.0
2019-03-02,13,0,194,2.95,2.95,0.0,58.644422,0.0
2019-03-02,13,0,196,4.06,4.06,0.0,111.584538,0.0
2019-03-02,13,0,198,15.13,15.13,0.0,138.3893,0.0
2019-03-02,13,0,199,2.41,2.41,0.0,37.45711,0.0
2019-03-02,13,0,200,21.78,21.78,0.0,338.512801,0.0
2019-03-02,13,0,204,257.1,257.1,0.0,1130.696331,0.0
2019-03-02,13,0,205,317.4,317.4,0.0,1449.920743,0.0
2019-03-02,13,0,206,473.59,473.59,0.0,11845.56106,0.0
2019-03-02,13,0,210,3.33,3.33,0.0,24.98797,0.0
2019-03-02,13,0,214,18.84,18.84,0.0,239.85792,0.0
2019-03-02,13,0,217,12.83,12.83,0.0,134.327644,0.0
2019-03-02,13,0,218,17.7,17.7,0.0,185.315612,0.0
2019-03-02,13,0,219,12.06,12.06,0.0,126.265892,0.0
2019-03-02,13,0,221,10.05,10.05,0.0,127.949686,0.0
2019-03-02,13,0,225,9.7,9.7,0.0,66.319522,0.0
2019-03-02,13,0,233,9.79,9.79,0.0,111.792905,0.0
2019-03-02,13,0,236,37.91,37.91,0.0,302.857786,0.0
2019-03-02,13,0,237,47.24,47.24,0.0,303.516129,0.0
2019-03-02,13,0,238,104.75,104.75,0.0,912.310374,0.0
2019-03-02,13,0,240,16.44,16.44,0.0,96.711195,0.0
2019-03-02,13,0,245,45.99,45.99,0.0,437.911464,0.0
2019-03-02,13,0,247,64.26,64.26,0.0,611.876292,0.0
2019-03-02,13,0,248,4.74,4.74,0.0,30.454413,0.0
2019-03-02,13,0,249,88.44,88.44,0.0,842.115457,0.0
2019-03-02,13,0,251,128.41,128.41,0.0,1149.941627,0.0
2019-03-02,13,0,252,92.97,92.97,0.0,846.25581,0.0
2019-03-02,13,0,254,25.29,25.29,0.0,166.183401,0.0
2019-03-02,13,0,255,11.59,11.59,0.0,76.159178,0.0
2019-03-02,13,0,258,20.17,20.17,0.0,119.920041,0.0
2019-03-02,13,0,260,8.51,8.51,0.0,63.532587,0.0
2019-03-02,13,0,265,98.48,98.48,0.0,-152.510266,0.0
2019-03-02,13,0,266,29.1,29.1,0.0,-45.065483,0.0
2019-03-02,13,0,267,35.76,35.76,0.0,-55.379438,0.0
2019-03-02,13,0,270,57.52,57.52,0.0,161.43075,0.0
2019-03-02,13,0,272,4.0,4.0,0.0,72.691203,0.0
2019-03-02,13,0,273,18.17,18.17,0.0,50.99438,0.0
2019-03-02,13,0,274,74.12,74.12,0.0,208.018901,0.0
2019-03-02,13,0,275,103.13,103.13,0.0,289.435905,0.0
2019-03-02,13,0,276,4.36,4.36,0.0,21.781332,0.0
2019-03-02,13,0,277,6.34,6.34,0.0,117.058793,0.0
2019-03-02,13,0,278,10.14,10.14,0.0,187.220214,0.0
2019-03-02,13,0,279,10.97,10.97,0.0,202.544946,0.0
2019-03-02,13,0,281,3.77,3.77,0.0,-1971.360215,0.0
2019-03-02,13,0,282,390.99,390.99,0.0,-204451.493449,0.0
2019-03-02,14,0,9,3.54,3.54,0.0,-904.979306,0.0
2019-03-02,14,0,17,57.82,57.82,0.0,469.320012,0.0
2019-03-02,14,0,19,153.61,153.61,0.0,1246.839277,0.0
2019-03-02,14,0,20,186.31,186.31,0.0,1512.26239,0.0
2019-03-02,14,0,21,80.98,80.98,0.0,-20702.040742,0.0
2019-03-02,14,0,22,287.79,287.79,0.0,-73571.749878,0.0
2019-03-02,14,0,23,3.33,3.33,0.0,-851.294093,0.0
2019-03-02,14,0,24,5.72,5.72,0.0,-1462.282947,0.0
2019-03-02,14,0,29,11.14,11.14,0.0,71.495913,0.0
2019-03-02,14,0,30,761.73,761.73,0.0,-501291.850673,0.0
2019-03-02,14,0,31,12.12,12.12,0.0,-7976.129639,0.0
2019-03-02,14,0,32,4.54,4.54,0.0,113.706155,0.0
2019-03-02,14,0,33,3.48,3.48,0.0,37.463481,0.0
2019-03-02,14,0,34,5.57,5.57,0.0,59.963101,0.0
2019-03-02,14,0,35,5.57,5.57,0.0,59.963101,0.0
2019-03-02,14,0,36,15.07,15.07,0.0,63.969644,0.0
2019-03-02,14,0,37,7.17,7.17,0.0,30.451425,0.0
2019-03-02,14,0,38,9.22,9.22,0.0,39.157899,0.0
2019-03-02,14,0,39,6.14,6.14,0.0,26.076952,0.0
2019-03-02,14,0,40,6.14,6.14,0.0,26.076952,0.0
2019-03-02,14,0,41,32.44,32.44,0.0,-160.656211,0.0
2019-03-02,14,0,42,83.66,83.66,0.0,631.032565,0.0
2019-03-02,14,0,43,46.02,46.02,0.0,218.975084,0.0
2019-03-02,14,0,46,38.72,38.72,0.0,143.277359,0.0
2019-03-02,14,0,52,12.85,12.85,0.0,-8456.540088,0.0
2019-03-02,14,0,53,20.41,20.41,0.0,-13431.749665,0.0
2019-03-02,14,0,55,55.17,55.17,0.0,-14103.87241,0.0
2019-03-02,14,0,56,224.68,224.68,0.0,-147861.122719,0.0
2019-03-02,14,0,57,213.72,213.72,0.0,-140648.385026,0.0
2019-03-02,14,0,58,411.0,411.0,0.0,-270477.663511,0.0
2019-03-02,14,0,59,404.15,404.15,0.0,-265969.702453,0.0
2019-03-02,14,0,63,8.95,8.95,0.0,243.342624,0.0
2019-03-02,14,0,64,10.53,10.53,0.0,286.301434,0.0
2019-03-02,14,0,65,19.98,19.98,0.0,160.045201,0.0
2019-03-02,14,0,67,302.74,302.74,0.0,4103.942363,0.0
2019-03-02,14,0,68,1.68,1.68,0.0,29.157348,0.0
2019-03-02,14,0,69,3.48,3.48,0.0,37.463481,0.0
2019-03-02,14,0,74,22.73,22.73,0.0,109.305825,0.0
2019-03-02,14,0,77,1.71,1.71,0.0,35.9598,0.0
2019-03-02,14,0,78,1.29,1.29,0.0,27.127569,0.0
2019-03-02,14,0,79,0.75,0.75,0.0,15.771842,0.0
2019-03-02,14,0,80,1.21,1.21,0.0,25.445239,0.0
2019-03-02,14,0,81,1.58,1.58,0.0,33.226014,0.0
2019-03-02,14,0,82,1.12,1.12,0.0,23.552618,0.0
2019-03-02,14,0,83,2.49,2.49,0.0,52.362516,0.0
2019-03-02,14,0,84,0.0,0.0,0.0,0.0,0.0
2019-03-02,14,0,86,17.65,17.65,0.0,190.008748,0.0
2019-03-02,14,0,87,90.09,90.09,0.0,969.852015,0.0
2019-03-02,14,0,88,1.01,1.01,0.0,21.239414,0.0
2019-03-02,14,0,89,0.97,0.97,0.0,20.398249,0.0
2019-03-02,14,0,90,1.31,1.31,0.0,27.548151,0.0
2019-03-02,14,0,91,4.67,4.67,0.0,98.206005,0.0
2019-03-02,14,0,92,1.68,1.68,0.0,35.328927,0.0
2019-03-02,14,0,95,7.45,7.45,0.0,186.999466,0.0
2019-03-02,14,0,96,19.35,19.35,0.0,550.887537,0.0
2019-03-02,14,0,97,129.75,129.75,0.0,3693.935808,0.0
2019-03-02,14,0,99,4.39,4.39,0.0,21.11098,0.0
2019-03-02,14,0,101,15.34,15.34,0.0,-10095.200385,0.0
2019-03-02,14,0,102,3.96,3.96,0.0,68.728035,0.0
2019-03-02,14,0,103,3.44,3.44,0.0,59.703142,0.0
2019-03-02,14,0,104,0.64,0.64,0.0,11.107561,0.0
2019-03-02,14,0,106,283.3,283.3,0.0,-72423.908893,0.0
2019-03-02,14,0,109,60.0,60.0,0.0,159.075041,0.0
2019-03-02,14,0,110,53.66,53.66,0.0,103.054622,0.0
2019-03-02,14,0,111,24.19,24.19,0.0,-119.798821,0.0
2019-03-02,14,0,113,0.0,0.0,0.0,0.0,0.0
2019-03-02,14,0,115,0.0,0.0,0.0,0.0,0.0
2019-03-02,14,0,116,79.65,79.65,0.0,152.968704,0.0
2019-03-02,14,0,117,0.0,0.0,0.0,0.0,0.0
2019-03-02,14,0,119,10.53,10.53,0.0,286.301434,0.0
2019-03-02,14,0,120,6.19,6.19,0.0,168.300653,0.0
2019-03-02,14,0,123,4.72,4.72,0.0,-1206.639075,0.0
2019-03-02,14,0,125,5.22,5.22,0.0,-1334.461011,0.0
2019-03-02,14,0,126,212.48,212.48,0.0,-54319.209889,0.0
2019-03-02,14,0,127,272.68,272.68,0.0,-69708.970974,0.0
2019-03-02,14,0,128,7.24,7.24,0.0,-1850.861632,0.0
2019-03-02,14,0,131,2.0,2.0,0.0,36.740624,0.0
2019-03-02,14,0,132,2.93,2.93,0.0,53.825014,0.0
2019-03-02,14,0,133,26.4,26.4,0.0,214.551805,0.0
2019-03-02,14,0,134,0.0,0.0,0.0,0.0,0.0
2019-03-02,14,0,135,35.38,35.38,0.0,287.531926,0.0
2019-03-02,14,0,136,20.44,20.44,0.0,163.610258,0.0
2019-03-02,14,0,139,41.89,41.89,0.0,-207.456494,0.0
2019-03-02,14,0,140,39.71,39.71,0.0,76.263493,0.0
2019-03-02,14,0,141,16.49,16.49,0.0,223.538381,0.0
2019-03-02,14,0,142,399.24,399.24,0.0,5412.09602,0.0
2019-03-02,14,0,143,12.23,12.23,0.0,-8048.520255,0.0
2019-03-02,14,0,145,56.12,56.12,0.0,-17.141572,0.0
2019-03-02,14,0,146,21.13,21.13,0.0,40.580398,0.0
2019-03-02,14,0,152,10.9,10.9,0.0,56.823497,0.0
2019-03-02,14,0,153,13.69,13.69,0.0,69.606571,0.0
2019-03-02,14,0,154,99.77,99.77,0.0,-494.102039,0.0
2019-03-02,14,0,157,52.95,52.95,0.0,717.790012,0.0
2019-03-02,14,0,158,415.93,415.93,0.0,5638.3456,0.0
2019-03-02,14,0,159,0.0,0.0,0.0,0.0,0.0
2019-03-02,14,0,160,3.63,3.63,0.0,22.778444,0.0
2019-03-02,14,0,161,53.51,53.51,0.0,928.696253,0.0
2019-03-02,14,0,162,14.74,14.74,0.0,370.356117,0.0
2019-03-02,14,0,163,35.55,35.55,0.0,68.274167,0.0
2019-03-02,14,0,164,26.66,26.66,0.0,-17544.85282,0.0
2019-03-02,14,0,167,5.52,5.52,0.0,138.234219,0.0
2019-03-02,14,0,168,2.76,2.76,0.0,69.11711,0.0
2019-03-02,14,0,169,0.0,0.0,0.0,0.0,0.0
2019-03-02,14,0,170,6.04,6.04,0.0,151.256284,0.0
2019-03-02,14,0,172,7.25,7.25,0.0,173.259329,0.0
2019-03-02,14,0,173,11.05,11.05,0.0,264.071116,0.0
2019-03-02,14,0,188,9.2,9.2,0.0,226.361935,0.0
2019-03-02,14,0,190,5.67,5.67,0.0,154.16231,0.0
2019-03-02,14,0,191,14.65,14.65,0.0,398.320608,0.0
2019-03-02,14,0,192,87.9,87.9,0.0,2389.923648,0.0
2019-03-02,14,0,194,0.0,0.0,0.0,0.0,0.0
2019-03-02,14,0,196,4.21,4.21,0.0,130.937421,0.0
2019-03-02,14,0,198,15.62,15.62,0.0,132.646681,0.0
2019-03-02,14,0,199,6.78,6.78,0.0,113.835052,0.0
2019-03-02,14,0,200,22.15,22.15,0.0,371.894751,0.0
2019-03-02,14,0,204,257.1,257.1,0.0,630.557709,0.0
2019-03-02,14,0,205,317.4,317.4,0.0,841.506967,0.0
2019-03-02,14,0,206,459.33,459.33,0.0,13076.959805,0.0
2019-03-02,14,0,210,3.32,3.32,0.0,23.623414,0.0
2019-03-02,14,0,214,19.1,19.1,0.0,235.413858,0.0
2019-03-02,14,0,217,12.71,12.71,0.0,128.074579,0.0
2019-03-02,14,0,218,17.53,17.53,0.0,176.644167,0.0
2019-03-02,14,0,219,11.94,11.94,0.0,120.315537,0.0
2019-03-02,14,0,221,10.19,10.19,0.0,125.595142,0.0
2019-03-02,14,0,225,9.86,9.86,0.0,62.616737,0.0
2019-03-02,14,0,233,9.98,9.98,0.0,107.438374,0.0
2019-03-02,14,0,236,27.87,27.87,0.0,186.409721,0.0
2019-03-02,14,0,237,54.54,54.54,0.0,262.276273,0.0
2019-03-02,14,0,238,108.89,108.89,0.0,821.337988,0.0
2019-03-02,14,0,240,17.08,17.08,0.0,72.501759,0.0
2019-03-02,14,0,245,65.12,65.12,0.0,554.111138,0.0
2019-03-02,14,0,247,107.64,107.64,0.0,915.91712,0.0
2019-03-02,14,0,248,5.47,5.47,0.0,26.304569,0.0
2019-03-02,14,0,249,125.22,125.22,0.0,1065.506706,0.0
2019-03-02,14,0,251,143.36,143.36,0.0,1123.251098,0.0
2019-03-02,14,0,252,128.88,128.88,0.0,1032.363639,0.0
2019-03-02,14,0,254,25.38,25.38,0.0,130.424686,0.0
2019-03-02,14,0,255,11.63,11.63,0.0,59.765134,0.0
2019-03-02,14,0,258,21.07,21.07,0.0,91.185821,0.0
2019-03-02,14,0,260,8.81,8.81,0.0,55.28322,0.0
2019-03-02,14,0,265,103.3,103.3,0.0,-511.58405,0.0
2019-03-02,14,0,266,27.13,27.13,0.0,-134.358909,0.0
2019-03-02,14,0,267,33.34,33.34,0.0,-165.113381,0.0
2019-03-02,14,0,270,123.59,123.59,0.0,237.355959,0.0
2019-03-02,14,0,272,0.0,0.0,0.0,0.0,0.0
2019-03-02,14,0,273,19.05,19.05,0.0,36.585735,0.0
2019-03-02,14,0,274,164.85,164.85,0.0,316.596245,0.0
2019-03-02,14,0,275,239.76,239.76,0.0,460.461727,0.0
2019-03-02,14,0,276,4.52,4.52,0.0,20.423481,0.0
2019-03-02,14,0,277,6.57,6.57,0.0,134.610542,0.0
2019-03-02,14,0,278,10.51,10.51,0.0,215.33589,0.0
2019-03-02,14,0,279,10.74,10.74,0.0,220.048283,0.0
2019-03-02,14,0,281,5.44,5.44,0.0,-3580.044987,0.0
2019-03-02,14,0,282,417.85,417.85,0.0,-274985.62457,0.0
2019-03-02,15,0,9,3.38,3.38,0.0,-1159.681827,0.0
2019-03-02,15,0,17,56.16,56.16,0.0,413.116304,0.0
2019-03-02,15,0,19,174.83,174.83,0.0,1286.059891,0.0
2019-03-02,15,0,20,212.04,212.04,0.0,1559.778867,0.0
2019-03-02,15,0,21,77.28,77.28,0.0,-26514.855503,0.0
2019-03-02,15,0,22,274.66,274.66,0.0,-94236.156995,0.0
2019-03-02,15,0,23,1.26,1.26,0.0,-432.307427,0.0
2019-03-02,15,0,24,2.23,2.23,0.0,-765.115525,0.0
2019-03-02,15,0,29,10.19,10.19,0.0,70.268106,0.0
2019-03-02,15,0,30,737.13,737.13,0.0,-650675.595557,0.0
2019-03-02,15,0,31,22.87,22.87,0.0,-20187.688563,0.0
2019-03-02,15,0,32,4.26,4.26,0.0,108.354725,0.0
2019-03-02,15,0,33,3.42,3.42,0.0,35.001984,0.0
2019-03-02,15,0,34,5.48,5.48,0.0,56.08505,0.0
2019-03-02,15,0,35,5.48,5.48,0.0,56.08505,0.0
2019-03-02,15,0,36,14.52,14.52,0.0,48.115455,0.0
2019-03-02,15,0,37,6.93,6.93,0.0,23.201069,0.0
2019-03-02,15,0,38,8.91,8.91,0.0,29.829945,0.0
2019-03-02,15,0,39,5.94,5.94,0.0,19.88663,0.0
2019-03-02,15,0,40,5.94,5.94,0.0,19.88663,0.0
2019-03-02,15,0,41,49.96,49.96,0.0,-396.521553,0.0
2019-03-02,15,0,42,80.59,80.59,0.0,542.541145,0.0
2019-03-02,15,0,43,43.38,43.38,0.0,171.735512,0.0
2019-03-02,15,0,46,37.09,37.09,0.0,104.860531,0.0
2019-03-02,15,0,52,24.24,24.24,0.0,-21397.007904,0.0
2019-03-02,15,0,53,38.51,38.51,0.0,-33993.348778,0.0
2019-03-02,15,0,55,94.59,94.59,0.0,-32453.936103,0.0
2019-03-02,15,0,56,217.43,217.43,0.0,-191928.689298,0.0
2019-03-02,15,0,57,206.82,206.82,0.0,-182563.084765,0.0
2019-03-02,15,0,58,397.73,397.73,0.0,-351082.176307,0.0
2019-03-02,15,0,59,391.1,391.1,0.0,-345229.776868,0.0
2019-03-02,15,0,63,15.51,15.51,0.0,401.514739,0.0
2019-03-02,15,0,64,18.25,18.25,0.0,472.446421,0.0
2019-03-02,15,0,65,27.88,27.88,0.0,201.855504,0.0
2019-03-02,15,0,67,285.98,285.98,0.0,8055.686392,0.0
2019-03-02,15,0,68,5.08,5.08,0.0,145.57654,0.0
2019-03-02,15,0,69,3.42,3.42,0.0,35.001984,0.0
2019-03-02,15,0,74,42.91,42.91,0.0,158.665231,0.0
2019-03-02,15,0,77,1.46,1.46,0.0,43.259445,0.0
2019-03-02,15,0,78,1.11,1.11,0.0,32.88903,0.0
2019-03-02,15,0,79,0.64,0.64,0.0,18.963044,0.0
2019-03-02,15,0,80,1.04,1.04,0.0,30.814947,0.0
2019-03-02,15,0,81,1.35,1.35,0.0,40.000172,0.0
2019-03-02,15,0,82,0.95,0.95,0.0,28.148269,0.0
2019-03-02,15,0,83,2.13,2.13,0.0,63.111382,0.0
2019-03-02,15,0,84,0.0,0.0,0.0,0.0,0.0
2019-03-02,15,0,86,17.34,17.34,0.0,177.466198,0.0
2019-03-02,15,0,87,88.54,88.54,0.0,906.162467,0.0
2019-03-02,15,0,88,0.0,0.0,0.0,0.0,0.0
2019-03-02,15,0,89,0.0,0.0,0.0,0.0,0.0
2019-03-02,15,0,90,0.0,0.0,0.0,0.0,0.0
2019-03-02,15,0,91,0.0,0.0,0.0,0.0,0.0
2019-03-02,15,0,92,0.0,0.0,0.0,0.0,0.0
2019-03-02,15,0,95,8.27,8.27,0.0,210.171245,0.0
2019-03-02,15,0,96,13.24,13.24,0.0,501.693223,0.0
2019-03-02,15,0,97,81.44,81.44,0.0,3085.94381,0.0
2019-03-02,15,0,99,8.28,8.28,0.0,30.616362,0.0
2019-03-02,15,0,101,14.85,14.85,0.0,-13108.315486,0.0
2019-03-02,15,0,102,12.03,12.03,0.0,344.741296,0.0
2019-03-02,15,0,103,10.46,10.46,0.0,299.750121,0.0
2019-03-02,15,0,104,1.94,1.94,0.0,55.594191,0.0
2019-03-02,15,0,106,270.38,270.38,0.0,-92767.684149,0.0
2019-03-02,15,0,109,60.0,60.0,0.0,100.517332,0.0
2019-03-02,15,0,110,91.34,91.34,0.0,2436.403799,0.0
2019-03-02,15,0,111,23.62,23.62,0.0,-187.466755,0.0
2019-03-02,15,0,113,1.29,1.29,0.0,35.950122,0.0
2019-03-02,15,0,115,1.29,1.29,0.0,35.950122,0.0
2019-03-02,15,0,116,76.48,76.48,0.0,2040.028055,0.0
2019-03-02,15,0,117,0.09,0.09,0.0,2.508148,0.0
2019-03-02,15,0,119,18.25,18.25,0.0,472.446421,0.0
2019-03-02,15,0,120,10.73,10.73,0.0,277.772608,0.0
2019-03-02,15,0,123,4.51,4.51,0.0,-1547.386107,0.0
2019-03-02,15,0,125,2.02,2.02,0.0,-693.064287,0.0
2019-03-02,15,0,126,202.79,202.79,0.0,-69577.478617,0.0
2019-03-02,15,0,127,260.24,260.24,0.0,-89288.638667,0.0
2019-03-02,15,0,128,2.89,2.89,0.0,-991.562272,0.0
2019-03-02,15,0,131,7.25,7.25,0.0,208.706867,0.0
2019-03-02,15,0,132,10.67,10.67,0.0,307.158934,0.0
2019-03-02,15,0,133,34.12,34.12,0.0,251.361343,0.0
2019-03-02,15,0,134,0.0,0.0,0.0,0.0,0.0
2019-03-02,15,0,135,45.72,45.72,0.0,336.818306,0.0
2019-03-02,15,0,136,27.95,27.95,0.0,202.18447,0.0
2019-03-02,15,0,139,64.97,64.97,0.0,-515.652628,0.0
2019-03-02,15,0,140,67.6,67.6,0.0,1803.162873,0.0
2019-03-02,15,0,141,21.81,21.81,0.0,614.359466,0.0
2019-03-02,15,0,142,377.13,377.13,0.0,10623.263896,0.0
2019-03-02,15,0,143,35.36,35.36,0.0,-31212.797009,0.0
2019-03-02,15,0,145,30.0,30.0,0.0,-38.903082,0.0
2019-03-02,15,0,146,37.13,37.13,0.0,990.40588,0.0
2019-03-02,15,0,152,10.58,10.58,0.0,44.847818,0.0
2019-03-02,15,0,153,13.23,13.23,0.0,54.264176,0.0
2019-03-02,15,0,154,97.45,97.45,0.0,-773.439258,0.0
2019-03-02,15,0,157,47.33,47.33,0.0,1333.22483,0.0
2019-03-02,15,0,158,398.27,398.27,0.0,11218.75033,0.0
2019-03-02,15,0,159,0.0,0.0,0.0,0.0,0.0
2019-03-02,15,0,160,3.46,3.46,0.0,19.759037,0.0
2019-03-02,15,0,161,51.14,51.14,0.0,1465.508716,0.0
2019-03-02,15,0,162,15.37,15.37,0.0,390.73163,0.0
2019-03-02,15,0,163,57.51,57.51,0.0,1534.022142,0.0
2019-03-02,15,0,164,26.13,26.13,0.0,-23065.338966,0.0
2019-03-02,15,0,167,5.07,5.07,0.0,128.797991,0.0
2019-03-02,15,0,168,2.53,2.53,0.0,64.271976,0.0
2019-03-02,15,0,169,0.0,0.0,0.0,0.0,0.0
2019-03-02,15,0,170,5.54,5.54,0.0,140.737844,0.0
2019-03-02,15,0,172,6.77,6.77,0.0,166.398041,0.0
2019-03-02,15,0,173,10.31,10.31,0.0,253.406765,0.0
2019-03-02,15,0,188,8.7,8.7,0.0,219.845174,0.0
2019-03-02,15,0,190,5.47,5.47,0.0,141.604489,0.0
2019-03-02,15,0,191,14.13,14.13,0.0,365.790023,0.0
2019-03-02,15,0,192,112.91,112.91,0.0,2922.954816,0.0
2019-03-02,15,0,194,0.0,0.0,0.0,0.0,0.0
2019-03-02,15,0,196,3.99,3.99,0.0,104.967154,0.0
2019-03-02,15,0,198,14.94,14.94,0.0,125.036363,0.0
2019-03-02,15,0,199,10.41,10.41,0.0,196.811542,0.0
2019-03-02,15,0,200,21.01,21.01,0.0,397.215225,0.0
2019-03-02,15,0,204,257.1,257.1,0.0,383.703526,0.0
2019-03-02,15,0,205,317.4,317.4,0.0,531.736684,0.0
2019-03-02,15,0,206,239.3,239.3,0.0,9067.612398,0.0
2019-03-02,15,0,210,3.15,3.15,0.0,23.993473,0.0
2019-03-02,15,0,214,18.08,18.08,0.0,215.651837,0.0
2019-03-02,15,0,217,11.97,11.97,0.0,120.617837,0.0
2019-03-02,15,0,218,16.52,16.52,0.0,166.466722,0.0
2019-03-02,15,0,219,11.25,11.25,0.0,113.362629,0.0
2019-03-02,15,0,221,9.64,9.64,0.0,114.982506,0.0
2019-03-02,15,0,225,9.1,9.1,0.0,62.117907,0.0
2019-03-02,15,0,233,9.81,9.81,0.0,100.400427,0.0
2019-03-02,15,0,236,56.49,56.49,0.0,328.397933,0.0
2019-03-02,15,0,237,102.94,102.94,0.0,380.633859,0.0
2019-03-02,15,0,238,104.9,104.9,0.0,706.19886,0.0
2019-03-02,15,0,240,16.46,16.46,0.0,54.544103,0.0
2019-03-02,15,0,245,78.0,78.0,0.0,607.0176,0.0
2019-03-02,15,0,247,171.72,171.72,0.0,1336.372594,0.0
2019-03-02,15,0,248,10.33,10.33,0.0,38.196501,0.0
2019-03-02,15,0,249,150.0,150.0,0.0,1167.341539,0.0
2019-03-02,15,0,251,171.15,171.15,0.0,1206.583076,0.0
2019-03-02,15,0,252,179.87,179.87,0.0,1302.286565,0.0
2019-03-02,15,0,254,24.33,24.33,0.0,107.014596,0.0
2019-03-02,15,0,255,11.15,11.15,0.0,49.042858,0.0
2019-03-02,15,0,258,20.18,20.18,0.0,68.973825,0.0
2019-03-02,15,0,260,8.39,8.39,0.0,47.912809,0.0
2019-03-02,15,0,265,100.9,100.9,0.0,-800.821151,0.0
2019-03-02,15,0,266,41.55,41.55,0.0,-329.773229,0.0
2019-03-02,15,0,267,51.38,51.38,0.0,-407.791781,0.0
2019-03-02,15,0,270,187.72,187.72,0.0,5007.244592,0.0
2019-03-02,15,0,272,4.31,4.31,0.0,120.112421,0.0
2019-03-02,15,0,273,18.29,18.29,0.0,487.867588,0.0
2019-03-02,15,0,274,247.26,247.26,0.0,6595.414969,0.0
2019-03-02,15,0,275,354.9,354.9,0.0,9466.605081,0.0
2019-03-02,15,0,276,4.39,4.39,0.0,118.563986,0.0
2019-03-02,15,0,277,6.32,6.32,0.0,180.59086,0.0
2019-03-02,15,0,278,10.11,10.11,0.0,288.888227,0.0
2019-03-02,15,0,279,23.36,23.36,0.0,667.500395,0.0
2019-03-02,15,0,281,10.26,10.26,0.0,-9056.654336,0.0
2019-03-02,15,0,282,404.36,404.36,0.0,-356934.575746,0.0
2019-03-02,16,0,9,3.43,3.43,0.0,9.450809,0.0
2019-03-02,16,0,17,47.67,47.67,0.0,421.291679,0.0
2019-03-02,16,0,19,332.0,332.0,0.0,2934.106095,0.0
2019-03-02,16,0,20,419.03,419.03,0.0,3703.248425,0.0
2019-03-02,16,0,21,78.38,78.38,0.0,215.963392,0.0
2019-03-02,16,0,22,278.57,278.57,0.0,767.554506,0.0
2019-03-02,16,0,23,0.0,0.0,0.0,0.0,0.0
2019-03-02,16,0,24,0.0,0.0,0.0,0.0,0.0
2019-03-02,16,0,29,8.23,8.23,0.0,69.632646,0.0
2019-03-02,16,0,30,670.38,670.38,0.0,1822.464052,0.0
2019-03-02,16,0,31,44.24,44.24,0.0,120.268817,0.0
2019-03-02,16,0,32,3.38,3.38,0.0,73.071712,0.0
2019-03-02,16,0,33,3.12,3.12,0.0,31.20462,0.0
2019-03-02,16,0,34,4.99,4.99,0.0,49.90739,0.0
2019-03-02,16,0,35,4.99,4.99,0.0,49.90739,0.0
2019-03-02,16,0,36,12.49,12.49,0.0,86.941738,0.0
2019-03-02,16,0,37,5.98,5.98,0.0,41.41155,0.0
2019-03-02,16,0,38,7.69,7.69,0.0,53.253314,0.0
2019-03-02,16,0,39,5.13,5.13,0.0,35.525293,0.0
2019-03-02,16,0,40,5.13,5.13,0.0,35.525293,0.0
2019-03-02,16,0,41,67.86,67.86,0.0,318.48024,0.0
2019-03-02,16,0,42,66.1,66.1,0.0,567.494631,0.0
2019-03-02,16,0,43,37.41,37.41,0.0,267.825157,0.0
2019-03-02,16,0,46,30.59,30.59,0.0,199.421219,0.0
2019-03-02,16,0,52,46.89,46.89,0.0,127.472985,0.0
2019-03-02,16,0,53,74.49,74.49,0.0,202.505068,0.0
2019-03-02,16,0,55,183.13,183.13,0.0,504.585047,0.0
2019-03-02,16,0,56,197.74,197.74,0.0,537.566815,0.0
2019-03-02,16,0,57,188.09,188.09,0.0,511.332772,0.0
2019-03-02,16,0,58,361.71,361.71,0.0,983.328071,0.0
2019-03-02,16,0,59,355.69,355.69,0.0,966.962378,0.0
2019-03-02,16,0,63,25.36,25.36,0.0,689.516083,0.0
2019-03-02,16,0,64,29.83,29.83,0.0,811.05145,0.0
2019-03-02,16,0,65,38.78,38.78,0.0,340.907461,0.0
2019-03-02,16,0,67,314.17,314.17,0.0,-6430.151293,0.0
2019-03-02,16,0,68,8.75,8.75,0.0,-86.198409,0.0
2019-03-02,16,0,69,3.12,3.12,0.0,31.20462,0.0
2019-03-02,16,0,74,54.88,54.88,0.0,410.322773,0.0
2019-03-02,16,0,77,3.31,3.31,0.0,-2.568603,0.0
2019-03-02,16,0,78,2.5,2.5,0.0,-1.940032,0.0
2019-03-02,16,0,79,1.45,1.45,0.0,-1.125219,0.0
2019-03-02,16,0,80,2.34,2.34,0.0,-1.81587,0.0
2019-03-02,16,0,81,3.06,3.06,0.0,-2.3746,0.0
2019-03-02,16,0,82,2.16,2.16,0.0,-1.676188,0.0
2019-03-02,16,0,83,4.82,4.82,0.0,-3.740383,0.0
2019-03-02,16,0,84,0.0,0.0,0.0,0.0,0.0
2019-03-02,16,0,86,15.81,15.81,0.0,158.123413,0.0
2019-03-02,16,0,87,80.73,80.73,0.0,807.419555,0.0
2019-03-02,16,0,88,0.0,0.0,0.0,-0.0,0.0
2019-03-02,16,0,89,0.0,0.0,0.0,-0.0,0.0
2019-03-02,16,0,90,0.0,0.0,0.0,-0.0,0.0
2019-03-02,16,0,91,0.0,0.0,0.0,-0.0,0.0
2019-03-02,16,0,92,0.0,0.0,0.0,-0.0,0.0
2019-03-02,16,0,95,9.24,9.24,0.0,201.813756,0.0
2019-03-02,16,0,96,10.28,10.28,0.0,27.551537,0.0
2019-03-02,16,0,97,63.22,63.22,0.0,169.43659,0.0
2019-03-02,16,0,99,12.03,12.03,0.0,89.945025,0.0
2019-03-02,16,0,101,13.5,13.5,0.0,36.700475,0.0
2019-03-02,16,0,102,20.72,20.72,0.0,-204.117832,0.0
2019-03-02,16,0,103,18.02,18.02,0.0,-177.519466,0.0
2019-03-02,16,0,104,3.35,3.35,0.0,-33.001677,0.0
2019-03-02,16,0,106,274.22,274.22,0.0,755.568785,0.0
2019-03-02,16,0,109,60.0,60.0,0.0,355.153454,0.0
2019-03-02,16,0,110,144.09,144.09,0.0,-7633.347947,0.0
2019-03-02,16,0,111,20.32,20.32,0.0,95.365731,0.0
2019-03-02,16,0,113,4.41,4.41,0.0,2.676572,0.0
2019-03-02,16,0,115,4.41,4.41,0.0,2.676572,0.0
2019-03-02,16,0,116,95.51,95.51,0.0,-5059.761694,0.0
2019-03-02,16,0,117,0.29,0.29,0.0,0.17601,0.0
2019-03-02,16,0,119,29.83,29.83,0.0,811.05145,0.0
2019-03-02,16,0,120,17.54,17.54,0.0,476.897165,0.0
2019-03-02,16,0,123,4.57,4.57,0.0,12.591895,0.0
2019-03-02,16,0,125,0.0,0.0,0.0,0.0,0.0
2019-03-02,16,0,126,205.67,205.67,0.0,566.690366,0.0
2019-03-02,16,0,127,263.94,263.94,0.0,727.243911,0.0
2019-03-02,16,0,128,0.0,0.0,0.0,0.0,0.0
2019-03-02,16,0,131,5.14,5.14,0.0,-36.062637,0.0
2019-03-02,16,0,132,7.55,7.55,0.0,-52.971383,0.0
2019-03-02,16,0,133,50.5,50.5,0.0,446.52525,0.0
2019-03-02,16,0,134,0.0,0.0,0.0,0.0,0.0
2019-03-02,16,0,135,64.2,64.2,0.0,567.661803,0.0
2019-03-02,16,0,136,37.57,37.57,0.0,330.17393,0.0
2019-03-02,16,0,139,88.37,88.37,0.0,414.737678,0.0
2019-03-02,16,0,140,106.64,106.64,0.0,-5649.387363,0.0
2019-03-02,16,0,141,28.66,28.66,0.0,-586.587313,0.0
2019-03-02,16,0,142,414.31,414.31,0.0,-8479.72748,0.0
2019-03-02,16,0,143,86.73,86.73,0.0,235.780165,0.0
2019-03-02,16,0,145,30.0,30.0,0.0,117.210068,0.0
2019-03-02,16,0,146,70.05,70.05,0.0,-3710.986354,0.0
2019-03-02,16,0,152,9.43,9.43,0.0,70.769702,0.0
2019-03-02,16,0,153,11.72,11.72,0.0,87.249237,0.0
2019-03-02,16,0,154,83.81,83.81,0.0,393.336707,0.0
2019-03-02,16,0,157,52.87,52.87,0.0,-1082.095995,0.0
2019-03-02,16,0,158,338.07,338.07,0.0,-6919.315172,0.0
2019-03-02,16,0,159,0.0,0.0,0.0,0.0,0.0
2019-03-02,16,0,160,2.89,2.89,0.0,22.904345,0.0
2019-03-02,16,0,161,59.17,59.17,0.0,-582.89827,0.0
2019-03-02,16,0,162,16.62,16.62,0.0,363.99096,0.0
2019-03-02,16,0,163,83.98,83.98,0.0,-4448.945524,0.0
2019-03-02,16,0,164,24.93,24.93,0.0,67.773545,0.0
2019-03-02,16,0,167,3.69,3.69,0.0,80.014695,0.0
2019-03-02,16,0,168,1.84,1.84,0.0,39.898927,0.0
2019-03-02,16,0,169,0.0,0.0,0.0,0.0,0.0
2019-03-02,16,0,170,4.03,4.03,0.0,87.387323,0.0
2019-03-02,16,0,172,5.01,5.01,0.0,100.675779,0.0
2019-03-02,16,0,173,7.63,7.63,0.0,153.324589,0.0
2019-03-02,16,0,188,6.91,6.91,0.0,142.664832,0.0
2019-03-02,16,0,190,6.56,6.56,0.0,178.360627,0.0
2019-03-02,16,0,191,16.95,16.95,0.0,460.855584,0.0
2019-03-02,16,0,192,142.06,142.06,0.0,3862.486387,0.0
2019-03-02,16,0,194,2.42,2.42,0.0,23.714153,0.0
2019-03-02,16,0,196,5.08,5.08,0.0,194.645087,0.0
2019-03-02,16,0,198,12.32,12.32,0.0,111.930642,0.0
2019-03-02,16,0,199,15.33,15.33,0.0,176.692606,0.0
2019-03-02,16,0,200,14.61,14.61,0.0,168.393932,0.0
2019-03-02,16,0,204,257.1,257.1,0.0,1481.997105,0.0
2019-03-02,16,0,205,317.4,317.4,0.0,1878.761769,0.0
2019-03-02,16,0,206,185.75,185.75,0.0,497.830537,0.0
2019-03-02,16,0,210,2.6,2.6,0.0,22.786992,0.0
2019-03-02,16,0,214,15.11,15.11,0.0,161.530833,0.0
2019-03-02,16,0,217,10.01,10.01,0.0,98.681911,0.0
2019-03-02,16,0,218,13.82,13.82,0.0,136.242159,0.0
2019-03-02,16,0,219,9.41,9.41,0.0,92.766911,0.0
2019-03-02,16,0,221,8.06,8.06,0.0,86.164031,0.0
2019-03-02,16,0,225,7.43,7.43,0.0,62.646282,0.0
2019-03-02,16,0,233,8.95,8.95,0.0,89.513254,0.0
2019-03-02,16,0,236,90.84,90.84,0.0,744.498459,0.0
2019-03-02,16,0,237,125.51,125.51,0.0,938.403994,0.0
2019-03-02,16,0,238,86.04,86.04,0.0,738.687414,0.0
2019-03-02,16,0,240,14.15,14.15,0.0,98.496845,0.0
2019-03-02,16,0,245,78.0,78.0,0.0,702.779799,0.0
2019-03-02,16,0,247,171.72,171.72,0.0,1547.196757,0.0
2019-03-02,16,0,248,14.78,14.78,0.0,110.506024,0.0
2019-03-02,16,0,249,150.0,150.0,0.0,1351.499613,0.0
2019-03-02,16,0,251,212.53,212.53,0.0,1851.957748,0.0
2019-03-02,16,0,252,250.16,250.16,0.0,2199.108056,0.0
2019-03-02,16,0,254,20.38,20.38,0.0,149.822574,0.0
2019-03-02,16,0,255,9.34,9.34,0.0,68.662553,0.0
2019-03-02,16,0,258,17.22,17.22,0.0,120.418278,0.0
2019-03-02,16,0,260,7.01,7.01,0.0,55.556906,0.0
2019-03-02,16,0,265,86.78,86.78,0.0,407.275497,0.0
2019-03-02,16,0,266,56.34,56.34,0.0,264.414629,0.0
2019-03-02,16,0,267,69.8,69.8,0.0,327.585039,0.0
2019-03-02,16,0,270,226.99,226.99,0.0,-12025.079121,0.0
2019-03-02,16,0,272,14.72,14.72,0.0,8.934046,0.0
2019-03-02,16,0,273,22.84,22.84,0.0,-1209.977563,0.0
2019-03-02,16,0,274,283.28,283.28,0.0,-15007.112266,0.0
2019-03-02,16,0,275,379.77,379.77,0.0,-20118.790685,0.0
2019-03-02,16,0,276,5.6,5.6,0.0,-256.018813,0.0
2019-03-02,16,0,277,7.77,7.77,0.0,0.407826,0.0
2019-03-02,16,0,278,12.44,12.44,0.0,0.652942,0.0
2019-03-02,16,0,279,116.6,116.6,0.0,6.120021,0.0
2019-03-02,16,0,281,19.85,19.85,0.0,53.963292,0.0
2019-03-02,16,0,282,367.74,367.74,0.0,999.72095,0.0
2019-03-02,17,0,9,2.61,2.61,0.0,6.211299,0.0
2019-03-02,17,0,17,35.07,35.07,0.0,320.931553,0.0
2019-03-02,17,0,19,284.63,284.63,0.0,2604.697686,0.0
2019-03-02,17,0,20,342.76,342.76,0.0,3136.655233,0.0
2019-03-02,17,0,21,59.73,59.73,0.0,142.145932,0.0
2019-03-02,17,0,22,212.28,212.28,0.0,505.185643,0.0
2019-03-02,17,0,23,0.0,0.0,0.0,0.0,0.0
2019-03-02,17,0,24,0.0,0.0,0.0,0.0,0.0
2019-03-02,17,0,29,5.88,5.88,0.0,46.024018,0.0
2019-03-02,17,0,30,513.95,513.95,0.0,1202.378952,0.0
2019-03-02,17,0,31,35.84,35.84,0.0,83.847187,0.0
2019-03-02,17,0,32,2.49,2.49,0.0,55.263492,0.0
2019-03-02,17,0,33,2.29,2.29,0.0,23.998454,0.0
2019-03-02,17,0,34,3.67,3.67,0.0,38.460404,0.0
2019-03-02,17,0,35,3.67,3.67,0.0,38.460404,0.0
2019-03-02,17,0,36,9.42,9.42,0.0,65.682721,0.0
2019-03-02,17,0,37,4.51,4.51,0.0,31.235695,0.0
2019-03-02,17,0,38,5.8,5.8,0.0,40.170074,0.0
2019-03-02,17,0,39,3.87,3.87,0.0,26.803136,0.0
2019-03-02,17,0,40,3.87,3.87,0.0,26.803136,0.0
2019-03-02,17,0,41,29.73,29.73,0.0,134.145096,0.0
2019-03-02,17,0,42,49.42,49.42,0.0,438.019226,0.0
2019-03-02,17,0,43,28.39,28.39,0.0,203.249297,0.0
2019-03-02,17,0,46,23.01,23.01,0.0,148.990581,0.0
2019-03-02,17,0,52,37.99,37.99,0.0,88.877082,0.0
2019-03-02,17,0,53,60.35,60.35,0.0,141.187994,0.0
2019-03-02,17,0,55,134.72,134.72,0.0,320.607734,0.0
2019-03-02,17,0,56,151.6,151.6,0.0,354.666114,0.0
2019-03-02,17,0,57,144.2,144.2,0.0,337.353915,0.0
2019-03-02,17,0,58,277.31,277.31,0.0,648.762929,0.0
2019-03-02,17,0,59,272.69,272.69,0.0,637.954502,0.0
2019-03-02,17,0,63,67.52,67.52,0.0,1897.790694,0.0
2019-03-02,17,0,64,79.41,79.41,0.0,2231.98399,0.0
2019-03-02,17,0,65,41.4,41.4,0.0,376.643793,0.0
2019-03-02,17,0,67,235.94,235.94,0.0,-5282.629918,0.0
2019-03-02,17,0,68,9.74,9.74,0.0,-108.370765,0.0
2019-03-02,17,0,69,2.29,2.29,0.0,23.998454,0.0
2019-03-02,17,0,74,61.83,61.83,0.0,470.091689,0.0
2019-03-02,17,0,77,15.14,15.14,0.0,-22.549298,0.0
2019-03-02,17,0,78,11.44,11.44,0.0,-17.038572,0.0
2019-03-02,17,0,79,6.62,6.62,0.0,-9.859733,0.0
2019-03-02,17,0,80,10.71,10.71,0.0,-15.95132,0.0
2019-03-02,17,0,81,14.0,14.0,0.0,-20.851399,0.0
2019-03-02,17,0,82,9.88,9.88,0.0,-14.71513,0.0
2019-03-02,17,0,83,22.02,22.02,0.0,-32.796271,0.0
2019-03-02,17,0,84,0.0,0.0,0.0,0.0,0.0
2019-03-02,17,0,86,11.62,11.62,0.0,121.773813,0.0
2019-03-02,17,0,87,59.33,59.33,0.0,621.759065,0.0
2019-03-02,17,0,88,7.58,7.58,0.0,-11.289543,0.0
2019-03-02,17,0,89,7.29,7.29,0.0,-10.857621,0.0
2019-03-02,17,0,90,9.79,9.79,0.0,-14.581085,0.0
2019-03-02,17,0,91,34.91,34.91,0.0,-51.994452,0.0
2019-03-02,17,0,92,12.55,12.55,0.0,-18.69179,0.0
2019-03-02,17,0,95,13.06,13.06,0.0,292.93236,0.0
2019-03-02,17,0,96,1.52,1.52,0.0,3.491966,0.0
2019-03-02,17,0,97,9.36,9.36,0.0,21.503159,0.0
2019-03-02,17,0,99,12.58,12.58,0.0,95.645374,0.0
2019-03-02,17,0,101,10.35,10.35,0.0,24.213683,0.0
2019-03-02,17,0,102,23.02,23.02,0.0,-256.12885,0.0
2019-03-02,17,0,103,20.02,20.02,0.0,-222.749765,0.0
2019-03-02,17,0,104,3.73,3.73,0.0,-41.50133,0.0
2019-03-02,17,0,106,208.97,208.97,0.0,497.308478,0.0
2019-03-02,17,0,109,60.0,60.0,0.0,350.496293,0.0
2019-03-02,17,0,110,164.04,164.04,0.0,-9330.873018,0.0
2019-03-02,17,0,111,15.7,15.7,0.0,70.840162,0.0
2019-03-02,17,0,113,12.97,12.97,0.0,-0.63647,0.0
2019-03-02,17,0,115,12.97,12.97,0.0,-0.63647,0.0
2019-03-02,17,0,116,71.03,71.03,0.0,-4040.306696,0.0
2019-03-02,17,0,117,0.86,0.86,0.0,-0.042202,0.0
2019-03-02,17,0,119,79.41,79.41,0.0,2231.98399,0.0
2019-03-02,17,0,120,46.74,46.74,0.0,1313.725371,0.0
2019-03-02,17,0,123,3.48,3.48,0.0,8.281732,0.0
2019-03-02,17,0,125,0.0,0.0,0.0,0.0,0.0
2019-03-02,17,0,126,156.73,156.73,0.0,372.987308,0.0
2019-03-02,17,0,127,201.14,201.14,0.0,478.674581,0.0
2019-03-02,17,0,128,0.0,0.0,0.0,0.0,0.0
2019-03-02,17,0,131,13.3,13.3,0.0,-107.972945,0.0
2019-03-02,17,0,132,19.55,19.55,0.0,-158.712111,0.0
2019-03-02,17,0,133,111.85,111.85,0.0,1024.122154,0.0
2019-03-02,17,0,134,0.0,0.0,0.0,0.0,0.0
2019-03-02,17,0,135,146.43,146.43,0.0,1340.743916,0.0
2019-03-02,17,0,136,45.9,45.9,0.0,417.448539,0.0
2019-03-02,17,0,139,38.39,38.39,0.0,173.219988,0.0
2019-03-02,17,0,140,121.41,121.41,0.0,-6906.00642,0.0
2019-03-02,17,0,141,55.91,55.91,0.0,-1251.809099,0.0
2019-03-02,17,0,142,311.14,311.14,0.0,-6966.336664,0.0
2019-03-02,17,0,143,74.3,74.3,0.0,173.823827,0.0
2019-03-02,17,0,145,16.93,16.93,0.0,61.625507,0.0
2019-03-02,17,0,146,86.43,86.43,0.0,-4916.284778,0.0
2019-03-02,17,0,152,7.06,7.06,0.0,53.842001,0.0
2019-03-02,17,0,153,8.79,8.79,0.0,66.428995,0.0
2019-03-02,17,0,154,64.78,64.78,0.0,292.294629,0.0
2019-03-02,17,0,157,88.81,88.81,0.0,-1988.4308,0.0
2019-03-02,17,0,158,266.93,266.93,0.0,-5976.487259,0.0
2019-03-02,17,0,159,0.0,0.0,0.0,0.0,0.0
2019-03-02,17,0,160,2.16,2.16,0.0,17.158811,0.0
2019-03-02,17,0,161,44.35,44.35,0.0,-493.454149,0.0
2019-03-02,17,0,162,32.55,32.55,0.0,732.144083,0.0
2019-03-02,17,0,163,101.89,101.89,0.0,-5795.675761,0.0
2019-03-02,17,0,164,19.1,19.1,0.0,44.684187,0.0
2019-03-02,17,0,167,2.74,2.74,0.0,61.00062,0.0
2019-03-02,17,0,168,1.37,1.37,0.0,30.50031,0.0
2019-03-02,17,0,169,0.0,0.0,0.0,0.0,0.0
2019-03-02,17,0,170,3.0,3.0,0.0,66.789,0.0
2019-03-02,17,0,172,3.74,3.74,0.0,76.915771,0.0
2019-03-02,17,0,173,5.7,5.7,0.0,117.22457,0.0
2019-03-02,17,0,188,5.19,5.19,0.0,109.822194,0.0
2019-03-02,17,0,190,4.88,4.88,0.0,137.162598,0.0
2019-03-02,17,0,191,12.6,12.6,0.0,354.14933,0.0
2019-03-02,17,0,192,160.08,160.08,0.0,4499.382913,0.0
2019-03-02,17,0,194,11.75,11.75,0.0,113.725008,0.0
2019-03-02,17,0,196,3.78,3.78,0.0,150.864485,0.0
2019-03-02,17,0,198,9.23,9.23,0.0,83.705985,0.0
2019-03-02,17,0,199,9.88,9.88,0.0,112.592369,0.0
2019-03-02,17,0,200,10.86,10.86,0.0,123.760438,0.0
2019-03-02,17,0,204,257.1,257.1,0.0,1457.270668,0.0
2019-03-02,17,0,205,317.4,317.4,0.0,1854.125392,0.0
2019-03-02,17,0,206,27.52,27.52,0.0,63.222963,0.0
2019-03-02,17,0,210,1.9,1.9,0.0,15.570846,0.0
2019-03-02,17,0,214,11.18,11.18,0.0,125.956015,0.0
2019-03-02,17,0,217,7.32,7.32,0.0,72.722727,0.0
2019-03-02,17,0,218,10.1,10.1,0.0,100.341467,0.0
2019-03-02,17,0,219,6.88,6.88,0.0,68.351415,0.0
2019-03-02,17,0,221,5.96,5.96,0.0,67.146498,0.0
2019-03-02,17,0,225,5.38,5.38,0.0,41.919228,0.0
2019-03-02,17,0,233,6.58,6.58,0.0,68.956256,0.0
2019-03-02,17,0,236,152.83,152.83,0.0,1286.453927,0.0
2019-03-02,17,0,237,152.79,152.79,0.0,1161.657919,0.0
2019-03-02,17,0,238,64.32,64.32,0.0,570.08087,0.0
2019-03-02,17,0,240,10.68,10.68,0.0,74.468308,0.0
2019-03-02,17,0,245,78.0,78.0,0.0,729.135056,0.0
2019-03-02,17,0,247,171.72,171.72,0.0,1605.218869,0.0
2019-03-02,17,0,248,15.55,15.55,0.0,118.226197,0.0
2019-03-02,17,0,249,150.0,150.0,0.0,1402.182799,0.0
2019-03-02,17,0,251,248.76,248.76,0.0,2241.289585,0.0
2019-03-02,17,0,252,267.06,267.06,0.0,2429.625395,0.0
2019-03-02,17,0,254,15.28,15.28,0.0,112.401166,0.0
2019-03-02,17,0,255,7.01,7.01,0.0,51.566242,0.0
2019-03-02,17,0,258,13.05,13.05,0.0,91.386657,0.0
2019-03-02,17,0,260,5.25,5.25,0.0,41.705444,0.0
2019-03-02,17,0,265,67.07,67.07,0.0,302.627366,0.0
2019-03-02,17,0,266,24.86,24.86,0.0,112.17111,0.0
2019-03-02,17,0,267,30.55,30.55,0.0,137.845028,0.0
2019-03-02,17,0,270,318.2,318.2,0.0,-18099.754903,0.0
2019-03-02,17,0,272,43.36,43.36,0.0,-2.127782,0.0
2019-03-02,17,0,273,16.99,16.99,0.0,-966.419974,0.0
2019-03-02,17,0,274,410.2,410.2,0.0,-23332.870714,0.0
2019-03-02,17,0,275,571.01,571.01,0.0,-32480.015862,0.0
2019-03-02,17,0,276,4.12,4.12,0.0,-202.623097,0.0
2019-03-02,17,0,277,5.81,5.81,0.0,-3.640065,0.0
2019-03-02,17,0,278,9.3,9.3,0.0,-5.82661,0.0
2019-03-02,17,0,279,115.0,115.0,0.0,-72.049484,0.0
2019-03-02,17,0,281,16.09,16.09,0.0,37.642334,0.0
2019-03-02,17,0,282,281.93,281.93,0.0,659.571355,0.0
2019-03-02,18,0,9,1.56,1.56,0.0,5.888426,0.0
2019-03-02,18,0,17,20.81,20.81,0.0,196.72713,0.0
2019-03-02,18,0,19,332.94,332.94,0.0,3147.445014,0.0
2019-03-02,18,0,20,405.43,405.43,0.0,3832.728515,0.0
2019-03-02,18,0,21,35.72,35.72,0.0,134.829854,0.0
2019-03-02,18,0,22,126.94,126.94,0.0,479.151783,0.0
2019-03-02,18,0,23,7.0,7.0,0.0,26.422424,0.0
2019-03-02,18,0,24,12.43,12.43,0.0,46.918676,0.0
2019-03-02,18,0,29,3.44,3.44,0.0,32.578951,0.0
2019-03-02,18,0,30,319.04,319.04,0.0,1193.21948,0.0
2019-03-02,18,0,31,22.7,22.7,0.0,84.898703,0.0
2019-03-02,18,0,32,1.47,1.47,0.0,32.149939,0.0
2019-03-02,18,0,33,1.36,1.36,0.0,14.31631,0.0
2019-03-02,18,0,34,2.18,2.18,0.0,22.948203,0.0
2019-03-02,18,0,35,2.18,2.18,0.0,22.948203,0.0
2019-03-02,18,0,36,5.66,5.66,0.0,43.794701,0.0
2019-03-02,18,0,37,2.64,2.64,0.0,20.346097,0.0
2019-03-02,18,0,38,3.39,3.39,0.0,26.126238,0.0
2019-03-02,18,0,39,2.26,2.26,0.0,17.417492,0.0
2019-03-02,18,0,40,2.26,2.26,0.0,17.417492,0.0
2019-03-02,18,0,41,31.16,31.16,0.0,174.31445,0.0
2019-03-02,18,0,42,28.28,28.28,0.0,260.765812,0.0
2019-03-02,18,0,43,16.55,16.55,0.0,131.351968,0.0
2019-03-02,18,0,46,13.87,13.87,0.0,101.632864,0.0
2019-03-02,18,0,52,24.07,24.07,0.0,90.022545,0.0
2019-03-02,18,0,53,38.24,38.24,0.0,143.018784,0.0
2019-03-02,18,0,55,79.5,79.5,0.0,300.083242,0.0
2019-03-02,18,0,56,94.1,94.1,0.0,351.936914,0.0
2019-03-02,18,0,57,89.51,89.51,0.0,334.770172,0.0
2019-03-02,18,0,58,172.14,172.14,0.0,643.808931,0.0
2019-03-02,18,0,59,169.27,169.27,0.0,633.075042,0.0
2019-03-02,18,0,63,164.6,164.6,0.0,4475.329152,0.0
2019-03-02,18,0,64,193.65,193.65,0.0,5265.173088,0.0
2019-03-02,18,0,65,41.4,41.4,0.0,389.58541,0.0
2019-03-02,18,0,67,143.59,143.59,0.0,-2634.796078,0.0
2019-03-02,18,0,68,9.08,9.08,0.0,-74.558765,0.0
2019-03-02,18,0,69,1.36,1.36,0.0,14.31631,0.0
2019-03-02,18,0,74,56.61,56.61,0.0,463.99389,0.0
2019-03-02,18,0,77,41.07,41.07,0.0,18.570097,0.0
2019-03-02,18,0,78,31.05,31.05,0.0,14.039482,0.0
2019-03-02,18,0,79,17.97,17.97,0.0,8.125265,0.0
2019-03-02,18,0,80,29.05,29.05,0.0,13.135168,0.0
2019-03-02,18,0,81,37.99,37.99,0.0,17.177453,0.0
2019-03-02,18,0,82,26.8,26.8,0.0,12.117814,0.0
2019-03-02,18,0,83,59.75,59.75,0.0,27.016394,0.0
2019-03-02,18,0,84,0.0,0.0,0.0,0.0,0.0
2019-03-02,18,0,86,6.9,6.9,0.0,72.634221,0.0
2019-03-02,18,0,87,35.21,35.21,0.0,370.645063,0.0
2019-03-02,18,0,88,27.42,27.42,0.0,12.398151,0.0
2019-03-02,18,0,89,26.35,26.35,0.0,11.914343,0.0
2019-03-02,18,0,90,35.39,35.39,0.0,16.001844,0.0
2019-03-02,18,0,91,126.23,126.23,0.0,57.075807,0.0
2019-03-02,18,0,92,45.4,45.4,0.0,20.527938,0.0
2019-03-02,18,0,95,28.13,28.13,0.0,621.204751,0.0
2019-03-02,18,0,96,0.0,0.0,0.0,0.0,0.0
2019-03-02,18,0,97,0.0,0.0,0.0,0.0,0.0
2019-03-02,18,0,99,10.93,10.93,0.0,89.585819,0.0
2019-03-02,18,0,101,6.43,6.43,0.0,24.048399,0.0
2019-03-02,18,0,102,21.5,21.5,0.0,-176.543331,0.0
2019-03-02,18,0,103,18.69,18.69,0.0,-153.469528,0.0
2019-03-02,18,0,104,3.47,3.47,0.0,-28.493272,0.0
2019-03-02,18,0,106,124.96,124.96,0.0,471.678012,0.0
2019-03-02,18,0,109,59.18,59.18,0.0,399.661831,0.0
2019-03-02,18,0,110,194.22,194.22,0.0,-9593.612257,0.0
2019-03-02,18,0,111,9.96,9.96,0.0,55.717969,0.0
2019-03-02,18,0,113,28.92,28.92,0.0,51.589655,0.0
2019-03-02,18,0,115,28.92,28.92,0.0,51.589655,0.0
2019-03-02,18,0,116,42.12,42.12,0.0,-2080.542417,0.0
2019-03-02,18,0,117,1.93,1.93,0.0,3.442878,0.0
2019-03-02,18,0,119,193.65,193.65,0.0,5265.173088,0.0
2019-03-02,18,0,120,113.86,113.86,0.0,3095.753203,0.0
2019-03-02,18,0,123,2.08,2.08,0.0,7.851235,0.0
2019-03-02,18,0,125,11.24,11.24,0.0,42.426863,0.0
2019-03-02,18,0,126,93.72,93.72,0.0,353.758509,0.0
2019-03-02,18,0,127,120.28,120.28,0.0,454.012734,0.0
2019-03-02,18,0,128,16.14,16.14,0.0,60.92256,0.0
2019-03-02,18,0,131,27.32,27.32,0.0,-150.362109,0.0
2019-03-02,18,0,132,40.15,40.15,0.0,-220.975062,0.0
2019-03-02,18,0,133,139.8,139.8,0.0,1322.167116,0.0
2019-03-02,18,0,134,0.0,0.0,0.0,0.0,0.0
2019-03-02,18,0,135,187.33,187.33,0.0,1771.68502,0.0
2019-03-02,18,0,136,45.9,45.9,0.0,431.822757,0.0
2019-03-02,18,0,139,40.25,40.25,0.0,225.165488,0.0
2019-03-02,18,0,140,143.75,143.75,0.0,-7100.616631,0.0
2019-03-02,18,0,141,102.37,102.37,0.0,-1878.432164,0.0
2019-03-02,18,0,142,189.36,189.36,0.0,-3474.649943,0.0
2019-03-02,18,0,143,49.91,49.91,0.0,186.664946,0.0
2019-03-02,18,0,145,6.53,6.53,0.0,31.728243,0.0
2019-03-02,18,0,146,113.05,113.05,0.0,-5584.171896,0.0
2019-03-02,18,0,152,4.2,4.2,0.0,34.547797,0.0
2019-03-02,18,0,153,5.21,5.21,0.0,42.566631,0.0
2019-03-02,18,0,154,41.09,41.09,0.0,229.864594,0.0
2019-03-02,18,0,157,154.71,154.71,0.0,-2838.84185,0.0
2019-03-02,18,0,158,165.18,165.18,0.0,-3030.960486,0.0
2019-03-02,18,0,159,0.0,0.0,0.0,0.0,0.0
2019-03-02,18,0,160,1.28,1.28,0.0,11.11027,0.0
2019-03-02,18,0,161,26.83,26.83,0.0,-220.309654,0.0
2019-03-02,18,0,162,68.9,68.9,0.0,1525.453608,0.0
2019-03-02,18,0,163,98.07,98.07,0.0,-4844.225899,0.0
2019-03-02,18,0,164,12.17,12.17,0.0,45.516177,0.0
2019-03-02,18,0,167,1.63,1.63,0.0,35.751317,0.0
2019-03-02,18,0,168,0.81,0.81,0.0,17.765992,0.0
2019-03-02,18,0,169,0.0,0.0,0.0,0.0,0.0
2019-03-02,18,0,170,1.78,1.78,0.0,39.041316,0.0
2019-03-02,18,0,172,2.2,2.2,0.0,44.924321,0.0
2019-03-02,18,0,173,3.35,3.35,0.0,68.407489,0.0
2019-03-02,18,0,188,3.06,3.06,0.0,64.084059,0.0
2019-03-02,18,0,190,2.82,2.82,0.0,76.673318,0.0
2019-03-02,18,0,191,7.29,7.29,0.0,198.208685,0.0
2019-03-02,18,0,192,179.74,179.74,0.0,4886.972429,0.0
2019-03-02,18,0,194,61.53,61.53,0.0,650.542774,0.0
2019-03-02,18,0,196,2.24,2.24,0.0,84.707346,0.0
2019-03-02,18,0,198,5.54,5.54,0.0,54.46206,0.0
2019-03-02,18,0,199,8.1,8.1,0.0,99.375519,0.0
2019-03-02,18,0,200,6.33,6.33,0.0,77.660128,0.0
2019-03-02,18,0,204,239.39,239.39,0.0,1582.145662,0.0
2019-03-02,18,0,205,313.05,313.05,0.0,2114.128693,0.0
2019-03-02,18,0,206,0.0,0.0,0.0,0.0,0.0
2019-03-02,18,0,210,1.11,1.11,0.0,10.813147,0.0
2019-03-02,18,0,214,6.65,6.65,0.0,74.226227,0.0
2019-03-02,18,0,217,4.29,4.29,0.0,45.260876,0.0
2019-03-02,18,0,218,5.92,5.92,0.0,62.457899,0.0
2019-03-02,18,0,219,4.03,4.03,0.0,42.517793,0.0
2019-03-02,18,0,221,3.55,3.55,0.0,39.624527,0.0
2019-03-02,18,0,225,3.16,3.16,0.0,29.84449,0.0
2019-03-02,18,0,233,3.9,3.9,0.0,41.054125,0.0
2019-03-02,18,0,236,159.03,159.03,0.0,1409.299176,0.0
2019-03-02,18,0,237,135.81,135.81,0.0,1113.142734,0.0
2019-03-02,18,0,238,36.81,36.81,0.0,339.419715,0.0
2019-03-02,18,0,240,6.41,6.41,0.0,49.597886,0.0
2019-03-02,18,0,245,78.0,78.0,0.0,749.767415,0.0
2019-03-02,18,0,247,171.72,171.72,0.0,1650.641801,0.0
2019-03-02,18,0,248,13.63,13.63,0.0,111.715893,0.0
2019-03-02,18,0,249,150.0,150.0,0.0,1441.860413,0.0
2019-03-02,18,0,251,291.51,291.51,0.0,2722.506481,0.0
2019-03-02,18,0,252,267.06,267.06,0.0,2513.108203,0.0
2019-03-02,18,0,254,9.28,9.28,0.0,75.383073,0.0
2019-03-02,18,0,255,4.25,4.25,0.0,34.523498,0.0
2019-03-02,18,0,258,7.95,7.95,0.0,61.769395,0.0
2019-03-02,18,0,260,3.11,3.11,0.0,26.994485,0.0
2019-03-02,18,0,265,42.54,42.54,0.0,237.976145,0.0
2019-03-02,18,0,266,26.06,26.06,0.0,145.784164,0.0
2019-03-02,18,0,267,32.02,32.02,0.0,179.125439,0.0
2019-03-02,18,0,270,306.26,306.26,0.0,-15127.894604,0.0
2019-03-02,18,0,272,96.66,96.66,0.0,172.429326,0.0
2019-03-02,18,0,273,10.07,10.07,0.0,-497.413631,0.0
2019-03-02,18,0,274,394.81,394.81,0.0,-19501.874448,0.0
2019-03-02,18,0,275,549.58,549.58,0.0,-27146.830524,0.0
2019-03-02,18,0,276,2.45,2.45,0.0,-104.035926,0.0
2019-03-02,18,0,277,3.5,3.5,0.0,4.374887,0.0
2019-03-02,18,0,278,5.6,5.6,0.0,6.999819,0.0
2019-03-02,18,0,279,218.96,218.96,0.0,273.692918,0.0
2019-03-02,18,0,281,10.18,10.18,0.0,38.073515,0.0
2019-03-02,18,0,282,175.01,175.01,0.0,654.542819,0.0
2019-03-02,19,0,9,0.57,0.57,0.0,4.222318,0.0
2019-03-02,19,0,17,3.26,3.26,0.0,-2.004486,0.0
2019-03-02,19,0,19,615.51,615.51,0.0,-378.460462,0.0
2019-03-02,19,0,20,748.14,748.14,0.0,-460.011064,0.0
2019-03-02,19,0,21,13.0,13.0,0.0,96.298485,0.0
2019-03-02,19,0,22,46.2,46.2,0.0,342.230002,0.0
2019-03-02,19,0,23,36.0,36.0,0.0,266.672729,0.0
2019-03-02,19,0,24,63.69,63.69,0.0,471.788503,0.0
2019-03-02,19,0,29,0.24,0.24,0.0,1.880853,0.0
2019-03-02,19,0,30,111.85,111.85,0.0,824.023131,0.0
2019-03-02,19,0,31,8.55,8.55,0.0,62.989698,0.0
2019-03-02,19,0,32,0.25,0.25,0.0,5.383527,0.0
2019-03-02,19,0,33,0.15,0.15,0.0,2.101406,0.0
2019-03-02,19,0,34,0.23,0.23,0.0,3.222156,0.0
2019-03-02,19,0,35,0.23,0.23,0.0,3.222156,0.0
2019-03-02,19,0,36,1.2,1.2,0.0,14.168192,0.0
2019-03-02,19,0,37,0.55,0.55,0.0,6.42457,0.0
2019-03-02,19,0,38,0.7,0.7,0.0,8.176726,0.0
2019-03-02,19,0,39,0.47,0.47,0.0,5.490087,0.0
2019-03-02,19,0,40,0.47,0.47,0.0,5.490087,0.0
2019-03-02,19,0,41,32.65,32.65,0.0,314.70323,0.0
2019-03-02,19,0,42,6.85,6.85,0.0,65.905001,0.0
2019-03-02,19,0,43,3.46,3.46,0.0,40.363149,0.0
2019-03-02,19,0,46,2.8,2.8,0.0,31.271289,0.0
2019-03-02,19,0,52,9.07,9.07,0.0,66.820651,0.0
2019-03-02,19,0,53,14.41,14.41,0.0,106.161585,0.0
2019-03-02,19,0,55,29.32,29.32,0.0,217.190123,0.0
2019-03-02,19,0,56,32.99,32.99,0.0,243.044462,0.0
2019-03-02,19,0,57,31.38,31.38,0.0,231.183244,0.0
2019-03-02,19,0,58,60.35,60.35,0.0,444.611497,0.0
2019-03-02,19,0,59,59.35,59.35,0.0,437.244281,0.0
2019-03-02,19,0,63,170.0,170.0,0.0,4449.37097,0.0
2019-03-02,19,0,64,200.0,200.0,0.0,5234.554083,0.0
2019-03-02,19,0,65,41.4,41.4,0.0,229.638105,0.0
2019-03-02,19,0,67,51.98,51.98,0.0,-666.72945,0.0
2019-03-02,19,0,68,12.55,12.55,0.0,-50.550856,0.0
2019-03-02,19,0,69,0.15,0.15,0.0,2.101406,0.0
2019-03-02,19,0,74,65.28,65.28,0.0,867.344208,0.0
2019-03-02,19,0,77,60.0,60.0,0.0,213.351878,0.0
2019-03-02,19,0,78,45.36,45.36,0.0,161.294019,0.0
2019-03-02,19,0,79,26.25,26.25,0.0,93.341446,0.0
2019-03-02,19,0,80,42.45,42.45,0.0,150.946453,0.0
2019-03-02,19,0,81,55.5,55.5,0.0,197.350487,0.0
2019-03-02,19,0,82,39.15,39.15,0.0,139.2121,0.0
2019-03-02,19,0,83,87.3,87.3,0.0,310.426982,0.0
2019-03-02,19,0,84,0.0,0.0,0.0,0.0,0.0
2019-03-02,19,0,86,0.74,0.74,0.0,10.366938,0.0
2019-03-02,19,0,87,3.76,3.76,0.0,52.675254,0.0
2019-03-02,19,0,88,51.18,51.18,0.0,181.989152,0.0
2019-03-02,19,0,89,49.2,49.2,0.0,174.94854,0.0
2019-03-02,19,0,90,66.06,66.06,0.0,234.900417,0.0
2019-03-02,19,0,91,235.65,235.65,0.0,837.939499,0.0
2019-03-02,19,0,92,84.75,84.75,0.0,301.359527,0.0
2019-03-02,19,0,95,60.86,60.86,0.0,1321.570737,0.0
2019-03-02,19,0,96,1.13,1.13,0.0,8.277291,0.0
2019-03-02,19,0,97,6.97,6.97,0.0,51.055504,0.0
2019-03-02,19,0,99,12.6,12.6,0.0,167.410187,0.0
2019-03-02,19,0,101,2.25,2.25,0.0,16.576236,0.0
2019-03-02,19,0,102,35.91,35.91,0.0,-144.643924,0.0
2019-03-02,19,0,103,30.13,30.13,0.0,-121.362334,0.0
2019-03-02,19,0,104,4.3,4.3,0.0,-17.320214,0.0
2019-03-02,19,0,106,45.48,45.48,0.0,336.896548,0.0
2019-03-02,19,0,109,42.81,42.81,0.0,462.067872,0.0
2019-03-02,19,0,110,233.18,233.18,0.0,-9273.816057,0.0
2019-03-02,19,0,111,2.72,2.72,0.0,26.217237,0.0
2019-03-02,19,0,113,45.0,45.0,0.0,202.425596,0.0
2019-03-02,19,0,115,45.0,45.0,0.0,202.425596,0.0
2019-03-02,19,0,116,14.12,14.12,0.0,-561.567385,0.0
2019-03-02,19,0,117,3.0,3.0,0.0,13.49504,0.0
2019-03-02,19,0,119,200.0,200.0,0.0,5234.554083,0.0
2019-03-02,19,0,120,117.6,117.6,0.0,3077.917801,0.0
2019-03-02,19,0,123,0.76,0.76,0.0,5.629758,0.0
2019-03-02,19,0,125,57.63,57.63,0.0,426.898594,0.0
2019-03-02,19,0,126,34.11,34.11,0.0,252.672411,0.0
2019-03-02,19,0,127,43.77,43.77,0.0,324.229593,0.0
2019-03-02,19,0,128,82.54,82.54,0.0,611.421307,0.0
2019-03-02,19,0,131,30.0,30.0,0.0,-50.342872,0.0
2019-03-02,19,0,132,44.1,44.1,0.0,-74.004022,0.0
2019-03-02,19,0,133,135.62,135.62,0.0,1246.959023,0.0
2019-03-02,19,0,134,0.0,0.0,0.0,0.0,0.0
2019-03-02,19,0,135,183.78,183.78,0.0,1689.766474,0.0
2019-03-02,19,0,136,45.9,45.9,0.0,270.125095,0.0
2019-03-02,19,0,139,42.16,42.16,0.0,406.367173,0.0
2019-03-02,19,0,140,172.58,172.58,0.0,-6863.689747,0.0
2019-03-02,19,0,141,173.52,173.52,0.0,-2225.68092,0.0
2019-03-02,19,0,142,68.55,68.55,0.0,-879.267099,0.0
2019-03-02,19,0,143,19.58,19.58,0.0,144.250093,0.0
2019-03-02,19,0,145,2.31,2.31,0.0,19.964237,0.0
2019-03-02,19,0,146,153.76,153.76,0.0,-6115.198375,0.0
2019-03-02,19,0,152,0.87,0.87,0.0,11.336458,0.0
2019-03-02,19,0,153,1.06,1.06,0.0,13.710418,0.0
2019-03-02,19,0,154,11.23,11.23,0.0,108.242489,0.0
2019-03-02,19,0,157,250.0,250.0,0.0,-3206.663382,0.0
2019-03-02,19,0,158,55.44,55.44,0.0,-711.109671,0.0
2019-03-02,19,0,159,0.0,0.0,0.0,0.0,0.0
2019-03-02,19,0,160,0.24,0.24,0.0,2.847116,0.0
2019-03-02,19,0,161,9.74,9.74,0.0,-39.232298,0.0
2019-03-02,19,0,162,135.65,135.65,0.0,2952.395985,0.0
2019-03-02,19,0,163,94.66,94.66,0.0,-3764.728656,0.0
2019-03-02,19,0,164,4.96,4.96,0.0,36.541392,0.0
2019-03-02,19,0,167,0.26,0.26,0.0,5.611951,0.0
2019-03-02,19,0,168,0.13,0.13,0.0,2.805976,0.0
2019-03-02,19,0,169,0.0,0.0,0.0,0.0,0.0
2019-03-02,19,0,170,0.28,0.28,0.0,6.04364,0.0
2019-03-02,19,0,172,0.34,0.34,0.0,6.86231,0.0
2019-03-02,19,0,173,0.51,0.51,0.0,10.293465,0.0
2019-03-02,19,0,188,0.54,0.54,0.0,11.185767,0.0
2019-03-02,19,0,190,0.66,0.66,0.0,17.274028,0.0
2019-03-02,19,0,191,1.7,1.7,0.0,44.49371,0.0
2019-03-02,19,0,192,200.9,200.9,0.0,5258.109576,0.0
2019-03-02,19,0,194,176.5,176.5,0.0,2105.128389,0.0
2019-03-02,19,0,196,0.64,0.64,0.0,22.64625,0.0
2019-03-02,19,0,198,0.88,0.88,0.0,10.390275,0.0
2019-03-02,19,0,199,9.48,9.48,0.0,118.421679,0.0
2019-03-02,19,0,200,1.09,1.09,0.0,13.615995,0.0
2019-03-02,19,0,204,167.16,167.16,0.0,1768.842633,0.0
2019-03-02,19,0,205,226.44,226.44,0.0,2444.070287,0.0
2019-03-02,19,0,206,20.47,20.47,0.0,149.943496,0.0
2019-03-02,19,0,210,0.09,0.09,0.0,0.75297,0.0
2019-03-02,19,0,214,0.7,0.7,0.0,10.591615,0.0
2019-03-02,19,0,217,0.41,0.41,0.0,5.011123,0.0
2019-03-02,19,0,218,0.57,0.57,0.0,6.966684,0.0
2019-03-02,19,0,219,0.39,0.39,0.0,4.766678,0.0
2019-03-02,19,0,221,0.37,0.37,0.0,5.598425,0.0
2019-03-02,19,0,225,0.25,0.25,0.0,1.94644,0.0
2019-03-02,19,0,233,0.42,0.42,0.0,5.883938,0.0
2019-03-02,19,0,236,159.03,159.03,0.0,2247.365218,0.0
2019-03-02,19,0,237,156.6,156.6,0.0,2080.66947,0.0
2019-03-02,19,0,238,8.91,8.91,0.0,85.724607,0.0
2019-03-02,19,0,240,1.36,1.36,0.0,16.057284,0.0
2019-03-02,19,0,245,78.0,78.0,0.0,718.458454,0.0
2019-03-02,19,0,247,171.72,171.72,0.0,1581.71392,0.0
2019-03-02,19,0,248,15.72,15.72,0.0,208.864138,0.0
2019-03-02,19,0,249,150.0,150.0,0.0,1381.650874,0.0
2019-03-02,19,0,251,326.4,326.4,0.0,2564.50629,0.0
2019-03-02,19,0,252,267.06,267.06,0.0,1481.33218,0.0
2019-03-02,19,0,254,1.59,1.59,0.0,18.627117,0.0
2019-03-02,19,0,255,0.73,0.73,0.0,8.552073,0.0
2019-03-02,19,0,258,1.69,1.69,0.0,19.915003,0.0
2019-03-02,19,0,260,0.57,0.57,0.0,6.761901,0.0
2019-03-02,19,0,265,11.63,11.63,0.0,112.097965,0.0
2019-03-02,19,0,266,27.3,27.3,0.0,263.136239,0.0
2019-03-02,19,0,267,33.55,33.55,0.0,323.378052,0.0
2019-03-02,19,0,270,295.61,295.61,0.0,-11756.72341,0.0
2019-03-02,19,0,272,150.39,150.39,0.0,676.506341,0.0
2019-03-02,19,0,273,3.38,3.38,0.0,-134.426187,0.0
2019-03-02,19,0,274,381.08,381.08,0.0,-15155.956013,0.0
2019-03-02,19,0,275,530.46,530.46,0.0,-21096.957139,0.0
2019-03-02,19,0,276,0.83,0.83,0.0,-28.016603,0.0
2019-03-02,19,0,277,1.03,1.03,0.0,4.244105,0.0
2019-03-02,19,0,278,1.64,1.64,0.0,6.757604,0.0
2019-03-02,19,0,279,264.6,264.6,0.0,1090.281747,0.0
2019-03-02,19,0,281,3.84,3.84,0.0,28.29011,0.0
2019-03-02,19,0,282,61.36,61.36,0.0,452.052385,0.0
2019-03-02,20,0,9,0.0,0.0,0.0,0.0,0.0
2019-03-02,20,0,17,0.0,0.0,0.0,0.0,0.0
2019-03-02,20,0,19,643.3,643.3,0.0,390.406636,0.0
2019-03-02,20,0,20,780.2,780.2,0.0,473.488663,0.0
2019-03-02,20,0,21,0.0,0.0,0.0,0.0,0.0
2019-03-02,20,0,22,0.0,0.0,0.0,0.0,0.0
2019-03-02,20,0,23,54.99,54.99,0.0,623.653196,0.0
2019-03-02,20,0,24,97.29,97.29,0.0,1103.386424,0.0
2019-03-02,20,0,29,0.0,0.0,0.0,0.0,0.0
2019-03-02,20,0,30,0.0,0.0,0.0,0.0,0.0
2019-03-02,20,0,31,2.85,2.85,0.0,32.369722,0.0
2019-03-02,20,0,32,0.0,0.0,0.0,0.0,0.0
2019-03-02,20,0,33,0.0,0.0,0.0,0.0,0.0
2019-03-02,20,0,34,0.0,0.0,0.0,0.0,0.0
2019-03-02,20,0,35,0.0,0.0,0.0,0.0,0.0
2019-03-02,20,0,36,0.0,0.0,0.0,0.0,0.0
2019-03-02,20,0,37,0.0,0.0,0.0,0.0,0.0
2019-03-02,20,0,38,0.0,0.0,0.0,0.0,0.0
2019-03-02,20,0,39,0.0,0.0,0.0,0.0,0.0
2019-03-02,20,0,40,0.0,0.0,0.0,0.0,0.0
2019-03-02,20,0,41,51.61,51.61,0.0,540.640237,0.0
2019-03-02,20,0,42,0.0,0.0,0.0,0.0,0.0
2019-03-02,20,0,43,0.0,0.0,0.0,0.0,0.0
2019-03-02,20,0,46,0.0,0.0,0.0,0.0,0.0
2019-03-02,20,0,52,3.02,3.02,0.0,34.300548,0.0
2019-03-02,20,0,53,4.8,4.8,0.0,54.517427,0.0
2019-03-02,20,0,55,11.98,11.98,0.0,135.867708,0.0
2019-03-02,20,0,56,0.0,0.0,0.0,0.0,0.0
2019-03-02,20,0,57,0.0,0.0,0.0,0.0,0.0
2019-03-02,20,0,58,0.0,0.0,0.0,0.0,0.0
2019-03-02,20,0,59,0.0,0.0,0.0,0.0,0.0
2019-03-02,20,0,63,170.0,170.0,0.0,7557.756319,0.0
2019-03-02,20,0,64,200.0,200.0,0.0,8891.478023,0.0
2019-03-02,20,0,65,41.4,41.4,0.0,192.328823,0.0
2019-03-02,20,0,67,0.0,0.0,0.0,-0.0,0.0
2019-03-02,20,0,68,10.2,10.2,0.0,-999.507531,0.0
2019-03-02,20,0,69,0.0,0.0,0.0,0.0,0.0
2019-03-02,20,0,74,65.28,65.28,0.0,604.347564,0.0
2019-03-02,20,0,77,84.7,84.7,0.0,-5587.50813,0.0
2019-03-02,20,0,78,64.3,64.3,0.0,-4241.756467,0.0
2019-03-02,20,0,79,37.43,37.43,0.0,-2469.190429,0.0
2019-03-02,20,0,80,60.23,60.23,0.0,-3973.265817,0.0
2019-03-02,20,0,81,78.45,78.45,0.0,-5175.206763,0.0
2019-03-02,20,0,82,55.6,55.6,0.0,-3667.832964,0.0
2019-03-02,20,0,83,122.29,122.29,0.0,-8067.253474,0.0
2019-03-02,20,0,84,0.0,0.0,0.0,0.0,0.0
2019-03-02,20,0,86,0.0,0.0,0.0,0.0,0.0
2019-03-02,20,0,87,0.0,0.0,0.0,0.0,0.0
2019-03-02,20,0,88,95.98,95.98,0.0,-6331.629638,0.0
2019-03-02,20,0,89,92.28,92.28,0.0,-6087.547228,0.0
2019-03-02,20,0,90,123.8,123.8,0.0,-8166.865484,0.0
2019-03-02,20,0,91,440.78,440.78,0.0,-29077.471471,0.0
2019-03-02,20,0,92,158.74,158.74,0.0,-10471.795048,0.0
2019-03-02,20,0,95,84.73,84.73,0.0,2153.302246,0.0
2019-03-02,20,0,96,4.51,4.51,0.0,51.301844,0.0
2019-03-02,20,0,97,32.57,32.57,0.0,370.488038,0.0
2019-03-02,20,0,99,12.6,12.6,0.0,116.647967,0.0
2019-03-02,20,0,101,0.0,0.0,0.0,0.0,0.0
2019-03-02,20,0,102,24.15,24.15,0.0,-2366.481067,0.0
2019-03-02,20,0,103,21.0,21.0,0.0,-2057.809623,0.0
2019-03-02,20,0,104,3.9,3.9,0.0,-382.164644,0.0
2019-03-02,20,0,106,0.0,0.0,0.0,0.0,0.0
2019-03-02,20,0,109,36.28,36.28,0.0,359.474047,0.0
2019-03-02,20,0,110,271.58,271.58,0.0,-69188.709408,0.0
2019-03-02,20,0,111,0.0,0.0,0.0,0.0,0.0
2019-03-02,20,0,113,45.0,45.0,0.0,-2599.192142,0.0
2019-03-02,20,0,115,45.0,45.0,0.0,-2599.192142,0.0
2019-03-02,20,0,116,0.0,0.0,0.0,-0.0,0.0
2019-03-02,20,0,117,3.0,3.0,0.0,-173.279476,0.0
2019-03-02,20,0,119,200.0,200.0,0.0,8891.478023,0.0
2019-03-02,20,0,120,117.6,117.6,0.0,5228.189077,0.0
2019-03-02,20,0,123,0.0,0.0,0.0,0.0,0.0
2019-03-02,20,0,125,88.04,88.04,0.0,998.480221,0.0
2019-03-02,20,0,126,0.0,0.0,0.0,0.0,0.0
2019-03-02,20,0,127,0.0,0.0,0.0,0.0,0.0
2019-03-02,20,0,128,126.09,126.09,0.0,1430.013302,0.0
2019-03-02,20,0,131,30.0,30.0,0.0,-2630.52653,0.0
2019-03-02,20,0,132,44.1,44.1,0.0,-3866.873999,0.0
2019-03-02,20,0,133,103.8,103.8,0.0,962.172138,0.0
2019-03-02,20,0,134,0.0,0.0,0.0,0.0,0.0
2019-03-02,20,0,135,138.32,138.32,0.0,1282.154626,0.0
2019-03-02,20,0,136,45.9,45.9,0.0,223.411023,0.0
2019-03-02,20,0,139,69.08,69.08,0.0,723.647114,0.0
2019-03-02,20,0,140,201.0,201.0,0.0,-51207.491682,0.0
2019-03-02,20,0,141,210.17,210.17,0.0,-28705.621353,0.0
2019-03-02,20,0,142,0.0,0.0,0.0,-0.0,0.0
2019-03-02,20,0,143,9.11,9.11,0.0,103.469534,0.0
2019-03-02,20,0,145,1.71,1.71,0.0,18.501706,0.0
2019-03-02,20,0,146,183.67,183.67,0.0,-46792.437797,0.0
2019-03-02,20,0,152,0.0,0.0,0.0,0.0,0.0
2019-03-02,20,0,153,0.0,0.0,0.0,0.0,0.0
2019-03-02,20,0,154,0.0,0.0,0.0,0.0,0.0
2019-03-02,20,0,157,250.0,250.0,0.0,-34145.716983,0.0
2019-03-02,20,0,158,0.0,0.0,0.0,-0.0,0.0
2019-03-02,20,0,159,0.0,0.0,0.0,0.0,0.0
2019-03-02,20,0,160,0.0,0.0,0.0,0.0,0.0
2019-03-02,20,0,161,0.0,0.0,0.0,-0.0,0.0
2019-03-02,20,0,162,156.11,156.11,0.0,3999.641692,0.0
2019-03-02,20,0,163,113.05,113.05,0.0,-28801.029526,0.0
2019-03-02,20,0,164,0.0,0.0,0.0,0.0,0.0
2019-03-02,20,0,167,0.0,0.0,0.0,0.0,0.0
2019-03-02,20,0,168,0.0,0.0,0.0,0.0,0.0
2019-03-02,20,0,169,0.0,0.0,0.0,0.0,0.0
2019-03-02,20,0,170,0.0,0.0,0.0,0.0,0.0
2019-03-02,20,0,172,0.0,0.0,0.0,0.0,0.0
2019-03-02,20,0,173,0.0,0.0,0.0,0.0,0.0
2019-03-02,20,0,188,0.0,0.0,0.0,0.0,0.0
2019-03-02,20,0,190,0.0,0.0,0.0,0.0,0.0
2019-03-02,20,0,191,0.0,0.0,0.0,0.0,0.0
2019-03-02,20,0,192,219.26,219.26,0.0,7110.066174,0.0
2019-03-02,20,0,194,176.5,176.5,0.0,-3772.704041,0.0
2019-03-02,20,0,196,0.0,0.0,0.0,0.0,0.0
2019-03-02,20,0,198,0.0,0.0,0.0,0.0,0.0
2019-03-02,20,0,199,9.38,9.38,0.0,-14.725581,0.0
2019-03-02,20,0,200,0.0,0.0,0.0,-0.0,0.0
2019-03-02,20,0,204,271.05,271.05,0.0,2703.555987,0.0
2019-03-02,20,0,205,191.9,191.9,0.0,1901.407651,0.0
2019-03-02,20,0,206,123.39,123.39,0.0,1403.577496,0.0
2019-03-02,20,0,210,0.0,0.0,0.0,0.0,0.0
2019-03-02,20,0,214,0.0,0.0,0.0,0.0,0.0
2019-03-02,20,0,217,0.0,0.0,0.0,0.0,0.0
2019-03-02,20,0,218,0.0,0.0,0.0,0.0,0.0
2019-03-02,20,0,219,0.0,0.0,0.0,0.0,0.0
2019-03-02,20,0,221,0.0,0.0,0.0,0.0,0.0
2019-03-02,20,0,225,0.0,0.0,0.0,0.0,0.0
2019-03-02,20,0,233,0.0,0.0,0.0,0.0,0.0
2019-03-02,20,0,236,159.03,159.03,0.0,1426.172986,0.0
2019-03-02,20,0,237,156.6,156.6,0.0,1449.767595,0.0
2019-03-02,20,0,238,0.0,0.0,0.0,0.0,0.0
2019-03-02,20,0,240,0.0,0.0,0.0,0.0,0.0
2019-03-02,20,0,245,145.89,145.89,0.0,1144.915306,0.0
2019-03-02,20,0,247,171.72,171.72,0.0,1347.623938,0.0
2019-03-02,20,0,248,15.72,15.72,0.0,145.532226,0.0
2019-03-02,20,0,249,280.44,280.44,0.0,2200.836579,0.0
2019-03-02,20,0,251,326.4,326.4,0.0,1947.781112,0.0
2019-03-02,20,0,252,267.06,267.06,0.0,1240.660274,0.0
2019-03-02,20,0,254,0.0,0.0,0.0,0.0,0.0
2019-03-02,20,0,255,0.0,0.0,0.0,0.0,0.0
2019-03-02,20,0,258,0.0,0.0,0.0,0.0,0.0
2019-03-02,20,0,260,0.0,0.0,0.0,0.0,0.0
2019-03-02,20,0,265,0.0,0.0,0.0,0.0,0.0
2019-03-02,20,0,266,42.09,42.09,0.0,440.913535,0.0
2019-03-02,20,0,267,53.24,53.24,0.0,557.715292,0.0
2019-03-02,20,0,270,353.07,353.07,0.0,-89949.398449,0.0
2019-03-02,20,0,272,150.39,150.39,0.0,-8686.500139,0.0
2019-03-02,20,0,273,0.0,0.0,0.0,-0.0,0.0
2019-03-02,20,0,274,455.14,455.14,0.0,-115953.123205,0.0
2019-03-02,20,0,275,633.57,633.57,0.0,-161410.599528,0.0
2019-03-02,20,0,276,0.0,0.0,0.0,-0.0,0.0
2019-03-02,20,0,277,0.0,0.0,0.0,-0.0,0.0
2019-03-02,20,0,278,0.0,0.0,0.0,-0.0,0.0
2019-03-02,20,0,279,651.99,651.99,0.0,-39804.447689,0.0
2019-03-02,20,0,281,1.28,1.28,0.0,14.537981,0.0
2019-03-02,20,0,282,0.0,0.0,0.0,0.0,0.0
2019-03-02,21,0,9,0.0,0.0,0.0,0.0,0.0
2019-03-02,21,0,17,0.0,0.0,0.0,-0.0,0.0
2019-03-02,21,0,19,643.3,643.3,0.0,-2007.62848,0.0
2019-03-02,21,0,20,780.2,780.2,0.0,-2434.869797,0.0
2019-03-02,21,0,21,0.0,0.0,0.0,0.0,0.0
2019-03-02,21,0,22,0.0,0.0,0.0,0.0,0.0
2019-03-02,21,0,23,79.86,79.86,0.0,4074.828244,0.0
2019-03-02,21,0,24,141.3,141.3,0.0,7209.782505,0.0
2019-03-02,21,0,29,0.0,0.0,0.0,0.0,0.0
2019-03-02,21,0,30,0.0,0.0,0.0,0.0,0.0
2019-03-02,21,0,31,2.86,2.86,0.0,146.548651,0.0
2019-03-02,21,0,32,0.0,0.0,0.0,0.0,0.0
2019-03-02,21,0,33,0.0,0.0,0.0,0.0,0.0
2019-03-02,21,0,34,0.0,0.0,0.0,0.0,0.0
2019-03-02,21,0,35,0.0,0.0,0.0,0.0,0.0
2019-03-02,21,0,36,0.0,0.0,0.0,0.0,0.0
2019-03-02,21,0,37,0.0,0.0,0.0,0.0,0.0
2019-03-02,21,0,38,0.0,0.0,0.0,0.0,0.0
2019-03-02,21,0,39,0.0,0.0,0.0,0.0,0.0
2019-03-02,21,0,40,0.0,0.0,0.0,0.0,0.0
2019-03-02,21,0,41,86.92,86.92,0.0,3456.124152,0.0
2019-03-02,21,0,42,0.0,0.0,0.0,0.0,0.0
2019-03-02,21,0,43,0.0,0.0,0.0,0.0,0.0
2019-03-02,21,0,46,0.0,0.0,0.0,0.0,0.0
2019-03-02,21,0,52,3.04,3.04,0.0,155.771993,0.0
2019-03-02,21,0,53,4.82,4.82,0.0,246.980594,0.0
2019-03-02,21,0,55,18.58,18.58,0.0,948.037926,0.0
2019-03-02,21,0,56,0.0,0.0,0.0,0.0,0.0
2019-03-02,21,0,57,0.0,0.0,0.0,0.0,0.0
2019-03-02,21,0,58,0.0,0.0,0.0,0.0,0.0
2019-03-02,21,0,59,0.0,0.0,0.0,0.0,0.0
2019-03-02,21,0,63,170.0,170.0,0.0,18540.67202,0.0
2019-03-02,21,0,64,200.0,200.0,0.0,21812.555318,0.0
2019-03-02,21,0,65,41.4,41.4,0.0,292.066853,0.0
2019-03-02,21,0,67,0.0,0.0,0.0,-0.0,0.0
2019-03-02,21,0,68,9.54,9.54,0.0,-4033.069428,0.0
2019-03-02,21,0,69,0.0,0.0,0.0,0.0,0.0
2019-03-02,21,0,74,65.28,65.28,0.0,1567.345342,0.0
2019-03-02,21,0,77,172.48,172.48,0.0,-52752.076421,0.0
2019-03-02,21,0,78,130.65,130.65,0.0,-39958.596848,0.0
2019-03-02,21,0,79,75.79,75.79,0.0,-23179.962152,0.0
2019-03-02,21,0,80,122.31,122.31,0.0,-37407.852893,0.0
2019-03-02,21,0,81,159.64,159.64,0.0,-48825.031771,0.0
2019-03-02,21,0,82,112.85,112.85,0.0,-34514.562988,0.0
2019-03-02,21,0,83,250.05,250.05,0.0,-76476.441959,0.0
2019-03-02,21,0,84,0.0,0.0,0.0,0.0,0.0
2019-03-02,21,0,86,0.0,0.0,0.0,0.0,0.0
2019-03-02,21,0,87,0.0,0.0,0.0,0.0,0.0
2019-03-02,21,0,88,170.6,170.6,0.0,-52177.088575,0.0
2019-03-02,21,0,89,164.0,164.0,0.0,-50158.514222,0.0
2019-03-02,21,0,90,220.2,220.2,0.0,-67346.980681,0.0
2019-03-02,21,0,91,785.5,785.5,0.0,-240240.932448,0.0
2019-03-02,21,0,92,282.5,282.5,0.0,-86401.099193,0.0
2019-03-02,21,0,95,114.47,114.47,0.0,2909.105489,0.0
2019-03-02,21,0,96,10.59,10.59,0.0,545.032095,0.0
2019-03-02,21,0,97,65.14,65.14,0.0,3352.539253,0.0
2019-03-02,21,0,99,12.6,12.6,0.0,302.5207,0.0
2019-03-02,21,0,101,0.0,0.0,0.0,0.0,0.0
2019-03-02,21,0,102,22.59,22.59,0.0,-9550.004023,0.0
2019-03-02,21,0,103,19.64,19.64,0.0,-8302.880877,0.0
2019-03-02,21,0,104,3.65,3.65,0.0,-1543.050672,0.0
2019-03-02,21,0,106,0.0,0.0,0.0,0.0,0.0
2019-03-02,21,0,109,44.11,44.11,0.0,1426.364704,0.0
2019-03-02,21,0,110,313.66,313.66,0.0,-313660.0,0.0
2019-03-02,21,0,111,0.0,0.0,0.0,0.0,0.0
2019-03-02,21,0,113,77.62,77.62,0.0,-21138.632496,0.0
2019-03-02,21,0,115,77.62,77.62,0.0,-21138.632496,0.0
2019-03-02,21,0,116,0.0,0.0,0.0,-0.0,0.0
2019-03-02,21,0,117,5.22,5.22,0.0,-1421.588014,0.0
2019-03-02,21,0,119,200.0,200.0,0.0,21812.555318,0.0
2019-03-02,21,0,120,117.6,117.6,0.0,12825.782527,0.0
2019-03-02,21,0,123,0.0,0.0,0.0,0.0,0.0
2019-03-02,21,0,125,127.86,127.86,0.0,6524.01126,0.0
2019-03-02,21,0,126,0.0,0.0,0.0,0.0,0.0
2019-03-02,21,0,127,0.0,0.0,0.0,0.0,0.0
2019-03-02,21,0,128,183.14,183.14,0.0,9344.653701,0.0
2019-03-02,21,0,131,30.0,30.0,0.0,-11544.110009,0.0
2019-03-02,21,0,132,44.1,44.1,0.0,-16969.841713,0.0
2019-03-02,21,0,133,90.84,90.84,0.0,1659.301269,0.0
2019-03-02,21,0,134,0.0,0.0,0.0,0.0,0.0
2019-03-02,21,0,135,118.1,118.1,0.0,2157.237779,0.0
2019-03-02,21,0,136,45.9,45.9,0.0,349.453861,0.0
2019-03-02,21,0,139,114.49,114.49,0.0,4552.366017,0.0
2019-03-02,21,0,140,232.14,232.14,0.0,-232140.0,0.0
2019-03-02,21,0,141,230.0,230.0,0.0,-129915.820723,0.0
2019-03-02,21,0,142,0.0,0.0,0.0,-0.0,0.0
2019-03-02,21,0,143,8.81,8.81,0.0,451.431335,0.0
2019-03-02,21,0,145,3.46,3.46,0.0,153.013868,0.0
2019-03-02,21,0,146,223.32,223.32,0.0,-223320.0,0.0
2019-03-02,21,0,152,0.0,0.0,0.0,0.0,0.0
2019-03-02,21,0,153,0.0,0.0,0.0,0.0,0.0
2019-03-02,21,0,154,0.0,0.0,0.0,0.0,0.0
2019-03-02,21,0,157,250.0,250.0,0.0,-141212.848612,0.0
2019-03-02,21,0,158,0.0,0.0,0.0,-0.0,0.0
2019-03-02,21,0,159,0.0,0.0,0.0,0.0,0.0
2019-03-02,21,0,160,0.0,0.0,0.0,0.0,0.0
2019-03-02,21,0,161,0.0,0.0,0.0,-0.0,0.0
2019-03-02,21,0,162,162.5,162.5,0.0,4250.207173,0.0
2019-03-02,21,0,163,135.98,135.98,0.0,-135980.0,0.0
2019-03-02,21,0,164,0.0,0.0,0.0,0.0,0.0
2019-03-02,21,0,167,0.0,0.0,0.0,0.0,0.0
2019-03-02,21,0,168,0.0,0.0,0.0,0.0,0.0
2019-03-02,21,0,169,0.0,0.0,0.0,0.0,0.0
2019-03-02,21,0,170,0.0,0.0,0.0,0.0,0.0
2019-03-02,21,0,172,0.0,0.0,0.0,0.0,0.0
2019-03-02,21,0,173,0.0,0.0,0.0,0.0,0.0
2019-03-02,21,0,188,0.0,0.0,0.0,0.0,0.0
2019-03-02,21,0,190,0.0,0.0,0.0,0.0,0.0
2019-03-02,21,0,191,0.0,0.0,0.0,0.0,0.0
2019-03-02,21,0,192,239.03,239.03,0.0,7751.158978,0.0
2019-03-02,21,0,194,176.5,176.5,0.0,-23880.152862,0.0
2019-03-02,21,0,196,0.0,0.0,0.0,0.0,0.0
2019-03-02,21,0,198,0.0,0.0,0.0,0.0,0.0
2019-03-02,21,0,199,10.86,10.86,0.0,-535.109761,0.0
2019-03-02,21,0,200,0.0,0.0,0.0,-0.0,0.0
2019-03-02,21,0,204,454.07,454.07,0.0,15070.788799,0.0
2019-03-02,21,0,205,204.72,204.72,0.0,6619.936119,0.0
2019-03-02,21,0,206,191.42,191.42,0.0,9851.751057,0.0
2019-03-02,21,0,210,0.0,0.0,0.0,0.0,0.0
2019-03-02,21,0,214,0.0,0.0,0.0,0.0,0.0
2019-03-02,21,0,217,0.0,0.0,0.0,0.0,0.0
2019-03-02,21,0,218,0.0,0.0,0.0,0.0,0.0
2019-03-02,21,0,219,0.0,0.0,0.0,0.0,0.0
2019-03-02,21,0,221,0.0,0.0,0.0,0.0,0.0
2019-03-02,21,0,225,0.0,0.0,0.0,0.0,0.0
2019-03-02,21,0,233,0.0,0.0,0.0,0.0,0.0
2019-03-02,21,0,236,159.03,159.03,0.0,3214.102223,0.0
2019-03-02,21,0,237,156.6,156.6,0.0,3759.900132,0.0
2019-03-02,21,0,238,0.0,0.0,0.0,0.0,0.0
2019-03-02,21,0,240,0.0,0.0,0.0,0.0,0.0
2019-03-02,21,0,245,260.0,260.0,0.0,3653.454971,0.0
2019-03-02,21,0,247,171.72,171.72,0.0,2412.966491,0.0
2019-03-02,21,0,248,15.72,15.72,0.0,377.430588,0.0
2019-03-02,21,0,249,500.0,500.0,0.0,7025.874944,0.0
2019-03-02,21,0,251,326.4,326.4,0.0,3473.701868,0.0
2019-03-02,21,0,252,267.06,267.06,0.0,1884.042847,0.0
2019-03-02,21,0,254,0.0,0.0,0.0,0.0,0.0
2019-03-02,21,0,255,0.0,0.0,0.0,0.0,0.0
2019-03-02,21,0,258,0.0,0.0,0.0,0.0,0.0
2019-03-02,21,0,260,0.0,0.0,0.0,0.0,0.0
2019-03-02,21,0,265,0.0,0.0,0.0,0.0,0.0
2019-03-02,21,0,266,71.7,71.7,0.0,2850.944566,0.0
2019-03-02,21,0,267,89.51,89.51,0.0,3559.108063,0.0
2019-03-02,21,0,270,424.66,424.66,0.0,-424660.0,0.0
2019-03-02,21,0,272,259.23,259.23,0.0,-70597.367971,0.0
2019-03-02,21,0,273,0.0,0.0,0.0,-0.0,0.0
2019-03-02,21,0,274,547.43,547.43,0.0,-547430.0,0.0
2019-03-02,21,0,275,762.04,762.04,0.0,-762040.0,0.0
2019-03-02,21,0,276,0.0,0.0,0.0,-0.0,0.0
2019-03-02,21,0,277,0.0,0.0,0.0,-0.0,0.0
2019-03-02,21,0,278,0.0,0.0,0.0,-0.0,0.0
2019-03-02,21,0,279,611.4,611.4,0.0,-174719.447976,0.0
2019-03-02,21,0,281,1.29,1.29,0.0,66.100615,0.0
2019-03-02,21,0,282,0.0,0.0,0.0,0.0,0.0
2019-03-02,22,0,9,0.0,0.0,0.0,0.0,0.0
2019-03-02,22,0,17,0.0,0.0,0.0,0.0,0.0
2019-03-02,22,0,19,492.4,492.4,0.0,684.281293,0.0
2019-03-02,22,0,20,597.19,597.19,0.0,829.906469,0.0
2019-03-02,22,0,21,0.0,0.0,0.0,0.0,0.0
2019-03-02,22,0,22,0.0,0.0,0.0,0.0,0.0
2019-03-02,22,0,23,108.8,108.8,0.0,1447.3688,0.0
2019-03-02,22,0,24,192.5,192.5,0.0,2560.831747,0.0
2019-03-02,22,0,29,0.0,0.0,0.0,0.0,0.0
2019-03-02,22,0,30,0.0,0.0,0.0,0.0,0.0
2019-03-02,22,0,31,8.6,8.6,0.0,114.738721,0.0
2019-03-02,22,0,32,0.0,0.0,0.0,0.0,0.0
2019-03-02,22,0,33,0.0,0.0,0.0,0.0,0.0
2019-03-02,22,0,34,0.0,0.0,0.0,0.0,0.0
2019-03-02,22,0,35,0.0,0.0,0.0,0.0,0.0
2019-03-02,22,0,36,0.0,0.0,0.0,0.0,0.0
2019-03-02,22,0,37,0.0,0.0,0.0,0.0,0.0
2019-03-02,22,0,38,0.0,0.0,0.0,0.0,0.0
2019-03-02,22,0,39,0.0,0.0,0.0,0.0,0.0
2019-03-02,22,0,40,0.0,0.0,0.0,0.0,0.0
2019-03-02,22,0,41,83.46,83.46,0.0,941.973048,0.0
2019-03-02,22,0,42,0.0,0.0,0.0,0.0,0.0
2019-03-02,22,0,43,0.0,0.0,0.0,0.0,0.0
2019-03-02,22,0,46,0.0,0.0,0.0,0.0,0.0
2019-03-02,22,0,52,9.12,9.12,0.0,121.676411,0.0
2019-03-02,22,0,53,14.49,14.49,0.0,193.321402,0.0
2019-03-02,22,0,55,108.68,108.68,0.0,1445.772438,0.0
2019-03-02,22,0,56,0.0,0.0,0.0,0.0,0.0
2019-03-02,22,0,57,0.0,0.0,0.0,0.0,0.0
2019-03-02,22,0,58,0.0,0.0,0.0,0.0,0.0
2019-03-02,22,0,59,0.0,0.0,0.0,0.0,0.0
2019-03-02,22,0,63,164.37,164.37,0.0,17338.054421,0.0
2019-03-02,22,0,64,193.37,193.37,0.0,20397.028554,0.0
2019-03-02,22,0,65,40.43,40.43,0.0,174.2941,0.0
2019-03-02,22,0,67,0.0,0.0,0.0,-0.0,0.0
2019-03-02,22,0,68,8.01,8.01,0.0,-3348.170609,0.0
2019-03-02,22,0,69,0.0,0.0,0.0,0.0,0.0
2019-03-02,22,0,74,61.86,61.86,0.0,523.569638,0.0
2019-03-02,22,0,77,200.0,200.0,0.0,-59794.099361,0.0
2019-03-02,22,0,78,151.2,151.2,0.0,-45204.339117,0.0
2019-03-02,22,0,79,87.5,87.5,0.0,-26159.91847,0.0
2019-03-02,22,0,80,141.5,141.5,0.0,-42304.325298,0.0
2019-03-02,22,0,81,185.0,185.0,0.0,-55309.541909,0.0
2019-03-02,22,0,82,130.5,130.5,0.0,-39015.649833,0.0
2019-03-02,22,0,83,291.0,291.0,0.0,-87000.41457,0.0
2019-03-02,22,0,84,0.0,0.0,0.0,0.0,0.0
2019-03-02,22,0,86,0.0,0.0,0.0,0.0,0.0
2019-03-02,22,0,87,0.0,0.0,0.0,0.0,0.0
2019-03-02,22,0,88,170.6,170.6,0.0,-51004.366755,0.0
2019-03-02,22,0,89,164.0,164.0,0.0,-49031.161476,0.0
2019-03-02,22,0,90,220.2,220.2,0.0,-65833.303396,0.0
2019-03-02,22,0,91,785.5,785.5,0.0,-234841.32524,0.0
2019-03-02,22,0,92,282.5,282.5,0.0,-84459.165347,0.0
2019-03-02,22,0,95,120.0,120.0,0.0,3049.643213,0.0
2019-03-02,22,0,96,21.29,21.29,0.0,284.905892,0.0
2019-03-02,22,0,97,130.93,130.93,0.0,1752.124396,0.0
2019-03-02,22,0,99,11.94,11.94,0.0,101.057573,0.0
2019-03-02,22,0,101,0.0,0.0,0.0,0.0,0.0
2019-03-02,22,0,102,18.97,18.97,0.0,-7929.437758,0.0
2019-03-02,22,0,103,16.5,16.5,0.0,-6896.980654,0.0
2019-03-02,22,0,104,3.06,3.06,0.0,-1279.076412,0.0
2019-03-02,22,0,106,0.0,0.0,0.0,0.0,0.0
2019-03-02,22,0,109,82.44,82.44,0.0,820.95604,0.0
2019-03-02,22,0,110,338.6,338.6,0.0,-338600.0,0.0
2019-03-02,22,0,111,0.0,0.0,0.0,0.0,0.0
2019-03-02,22,0,113,133.72,133.72,0.0,-35968.328285,0.0
2019-03-02,22,0,115,133.72,133.72,0.0,-35968.328285,0.0
2019-03-02,22,0,116,0.0,0.0,0.0,-0.0,0.0
2019-03-02,22,0,117,8.91,8.91,0.0,-2396.633301,0.0
2019-03-02,22,0,119,193.37,193.37,0.0,20397.028554,0.0
2019-03-02,22,0,120,113.7,113.7,0.0,11993.288238,0.0
2019-03-02,22,0,123,0.0,0.0,0.0,0.0,0.0
2019-03-02,22,0,125,174.2,174.2,0.0,2317.386443,0.0
2019-03-02,22,0,126,0.0,0.0,0.0,0.0,0.0
2019-03-02,22,0,127,0.0,0.0,0.0,0.0,0.0
2019-03-02,22,0,128,249.5,249.5,0.0,3319.104005,0.0
2019-03-02,22,0,131,30.0,30.0,0.0,-11392.088755,0.0
2019-03-02,22,0,132,44.1,44.1,0.0,-16746.37047,0.0
2019-03-02,22,0,133,116.01,116.01,0.0,880.336557,0.0
2019-03-02,22,0,134,0.0,0.0,0.0,0.0,0.0
2019-03-02,22,0,135,155.45,155.45,0.0,1179.625186,0.0
2019-03-02,22,0,136,40.77,40.77,0.0,182.298322,0.0
2019-03-02,22,0,139,107.78,107.78,0.0,1216.46124,0.0
2019-03-02,22,0,140,250.6,250.6,0.0,-250600.0,0.0
2019-03-02,22,0,141,230.0,230.0,0.0,-129091.426862,0.0
2019-03-02,22,0,142,0.0,0.0,0.0,-0.0,0.0
2019-03-02,22,0,143,18.56,18.56,0.0,247.622169,0.0
2019-03-02,22,0,145,22.03,22.03,0.0,266.249449,0.0
2019-03-02,22,0,146,268.0,268.0,0.0,-268000.0,0.0
2019-03-02,22,0,152,0.0,0.0,0.0,0.0,0.0
2019-03-02,22,0,153,0.0,0.0,0.0,0.0,0.0
2019-03-02,22,0,154,0.0,0.0,0.0,0.0,0.0
2019-03-02,22,0,157,250.0,250.0,0.0,-140316.768328,0.0
2019-03-02,22,0,158,0.0,0.0,0.0,-0.0,0.0
2019-03-02,22,0,159,0.0,0.0,0.0,0.0,0.0
2019-03-02,22,0,160,0.0,0.0,0.0,0.0,0.0
2019-03-02,22,0,161,0.0,0.0,0.0,-0.0,0.0
2019-03-02,22,0,162,96.21,96.21,0.0,2525.759565,0.0
2019-03-02,22,0,163,165.32,165.32,0.0,-165320.0,0.0
2019-03-02,22,0,164,0.0,0.0,0.0,0.0,0.0
2019-03-02,22,0,167,0.0,0.0,0.0,0.0,0.0
2019-03-02,22,0,168,0.0,0.0,0.0,0.0,0.0
2019-03-02,22,0,169,0.0,0.0,0.0,0.0,0.0
2019-03-02,22,0,170,0.0,0.0,0.0,0.0,0.0
2019-03-02,22,0,172,0.0,0.0,0.0,0.0,0.0
2019-03-02,22,0,173,0.0,0.0,0.0,0.0,0.0
2019-03-02,22,0,188,0.0,0.0,0.0,0.0,0.0
2019-03-02,22,0,190,0.0,0.0,0.0,0.0,0.0
2019-03-02,22,0,191,0.0,0.0,0.0,0.0,0.0
2019-03-02,22,0,192,260.48,260.48,0.0,8446.730078,0.0
2019-03-02,22,0,194,176.5,176.5,0.0,-23714.601961,0.0
2019-03-02,22,0,196,0.0,0.0,0.0,0.0,0.0
2019-03-02,22,0,198,0.0,0.0,0.0,0.0,0.0
2019-03-02,22,0,199,14.1,14.1,0.0,-524.198774,0.0
2019-03-02,22,0,200,0.0,0.0,0.0,-0.0,0.0
2019-03-02,22,0,204,443.26,443.26,0.0,4481.914893,0.0
2019-03-02,22,0,205,410.16,410.16,0.0,4084.46542,0.0
2019-03-02,22,0,206,384.75,384.75,0.0,5148.780731,0.0
2019-03-02,22,0,210,0.0,0.0,0.0,0.0,0.0
2019-03-02,22,0,214,0.0,0.0,0.0,0.0,0.0
2019-03-02,22,0,217,0.0,0.0,0.0,0.0,0.0
2019-03-02,22,0,218,0.0,0.0,0.0,0.0,0.0
2019-03-02,22,0,219,0.0,0.0,0.0,0.0,0.0
2019-03-02,22,0,221,0.0,0.0,0.0,0.0,0.0
2019-03-02,22,0,225,0.0,0.0,0.0,0.0,0.0
2019-03-02,22,0,233,0.0,0.0,0.0,0.0,0.0
2019-03-02,22,0,236,151.97,151.97,0.0,1182.986703,0.0
2019-03-02,22,0,237,148.4,148.4,0.0,1256.025448,0.0
2019-03-02,22,0,238,0.0,0.0,0.0,0.0,0.0
2019-03-02,22,0,240,0.0,0.0,0.0,0.0,0.0
2019-03-02,22,0,245,260.0,260.0,0.0,1680.452529,0.0
2019-03-02,22,0,247,141.64,141.64,0.0,915.458832,0.0
2019-03-02,22,0,248,14.9,14.9,0.0,126.110372,0.0
2019-03-02,22,0,249,500.0,500.0,0.0,3231.639479,0.0
2019-03-02,22,0,251,678.68,678.68,0.0,3601.434812,0.0
2019-03-02,22,0,252,260.83,260.83,0.0,1124.440518,0.0
2019-03-02,22,0,254,0.0,0.0,0.0,0.0,0.0
2019-03-02,22,0,255,0.0,0.0,0.0,0.0,0.0
2019-03-02,22,0,258,0.0,0.0,0.0,0.0,0.0
2019-03-02,22,0,260,0.0,0.0,0.0,0.0,0.0
2019-03-02,22,0,265,0.0,0.0,0.0,0.0,0.0
2019-03-02,22,0,266,69.79,69.79,0.0,787.686305,0.0
2019-03-02,22,0,267,85.77,85.77,0.0,968.044911,0.0
2019-03-02,22,0,270,516.3,516.3,0.0,-516300.0,0.0
2019-03-02,22,0,272,446.91,446.91,0.0,-120210.930256,0.0
2019-03-02,22,0,273,0.0,0.0,0.0,-0.0,0.0
2019-03-02,22,0,274,665.58,665.58,0.0,-665580.0,0.0
2019-03-02,22,0,275,926.5,926.5,0.0,-926500.0,0.0
2019-03-02,22,0,276,0.0,0.0,0.0,-0.0,0.0
2019-03-02,22,0,277,0.0,0.0,0.0,-0.0,0.0
2019-03-02,22,0,278,0.0,0.0,0.0,-0.0,0.0
2019-03-02,22,0,279,216.33,216.33,0.0,-60789.83757,0.0
2019-03-02,22,0,281,3.86,3.86,0.0,51.499007,0.0
2019-03-02,22,0,282,0.0,0.0,0.0,0.0,0.0
2019-03-02,23,0,9,0.0,0.0,0.0,0.0,0.0
2019-03-02,23,0,17,0.0,0.0,0.0,0.0,0.0
2019-03-02,23,0,19,360.64,360.64,0.0,2620.489159,0.0
2019-03-02,23,0,20,437.39,437.39,0.0,3178.171454,0.0
2019-03-02,23,0,21,0.0,0.0,0.0,0.0,0.0
2019-03-02,23,0,22,0.0,0.0,0.0,0.0,0.0
2019-03-02,23,0,23,89.61,89.61,0.0,1202.290918,0.0
2019-03-02,23,0,24,158.54,158.54,0.0,2127.119764,0.0
2019-03-02,23,0,29,0.0,0.0,0.0,0.0,0.0
2019-03-02,23,0,30,0.0,0.0,0.0,0.0,0.0
2019-03-02,23,0,31,9.17,9.17,0.0,123.390901,0.0
2019-03-02,23,0,32,0.0,0.0,0.0,0.0,0.0
2019-03-02,23,0,33,0.0,0.0,0.0,0.0,0.0
2019-03-02,23,0,34,0.0,0.0,0.0,0.0,0.0
2019-03-02,23,0,35,0.0,0.0,0.0,0.0,0.0
2019-03-02,23,0,36,0.0,0.0,0.0,0.0,0.0
2019-03-02,23,0,37,0.0,0.0,0.0,0.0,0.0
2019-03-02,23,0,38,0.0,0.0,0.0,0.0,0.0
2019-03-02,23,0,39,0.0,0.0,0.0,0.0,0.0
2019-03-02,23,0,40,0.0,0.0,0.0,0.0,0.0
2019-03-02,23,0,41,79.23,79.23,0.0,902.057834,0.0
2019-03-02,23,0,42,0.0,0.0,0.0,0.0,0.0
2019-03-02,23,0,43,0.0,0.0,0.0,0.0,0.0
2019-03-02,23,0,46,0.0,0.0,0.0,0.0,0.0
2019-03-02,23,0,52,9.72,9.72,0.0,130.791664,0.0
2019-03-02,23,0,53,15.44,15.44,0.0,207.759598,0.0
2019-03-02,23,0,55,178.94,178.94,0.0,2400.825096,0.0
2019-03-02,23,0,56,0.0,0.0,0.0,0.0,0.0
2019-03-02,23,0,57,0.0,0.0,0.0,0.0,0.0
2019-03-02,23,0,58,0.0,0.0,0.0,0.0,0.0
2019-03-02,23,0,59,0.0,0.0,0.0,0.0,0.0
2019-03-02,23,0,63,158.65,158.65,0.0,18011.726825,0.0
2019-03-02,23,0,64,186.64,186.64,0.0,21189.465456,0.0
2019-03-02,23,0,65,29.6,29.6,0.0,216.37045,0.0
2019-03-02,23,0,67,0.0,0.0,0.0,-0.0,0.0
2019-03-02,23,0,68,5.7,5.7,0.0,-2359.253049,0.0
2019-03-02,23,0,69,0.0,0.0,0.0,0.0,0.0
2019-03-02,23,0,74,45.85,45.85,0.0,391.903611,0.0
2019-03-02,23,0,77,139.22,139.22,0.0,-40936.048387,0.0
2019-03-02,23,0,78,105.25,105.25,0.0,-30947.558488,0.0
2019-03-02,23,0,79,60.91,60.91,0.0,-17909.888718,0.0
2019-03-02,23,0,80,98.5,98.5,0.0,-28962.798205,0.0
2019-03-02,23,0,81,128.78,128.78,0.0,-37866.285816,0.0
2019-03-02,23,0,82,90.84,90.84,0.0,-26710.462832,0.0
2019-03-02,23,0,83,202.57,202.57,0.0,-59563.391192,0.0
2019-03-02,23,0,84,0.0,0.0,0.0,0.0,0.0
2019-03-02,23,0,86,0.0,0.0,0.0,0.0,0.0
2019-03-02,23,0,87,0.0,0.0,0.0,0.0,0.0
2019-03-02,23,0,88,119.2,119.2,0.0,-35049.396407,0.0
2019-03-02,23,0,89,114.59,114.59,0.0,-33693.878643,0.0
2019-03-02,23,0,90,153.86,153.86,0.0,-45240.772912,0.0
2019-03-02,23,0,91,548.84,548.84,0.0,-161380.123523,0.0
2019-03-02,23,0,92,197.39,197.39,0.0,-58040.271449,0.0
2019-03-02,23,0,95,120.0,120.0,0.0,3049.643213,0.0
2019-03-02,23,0,96,13.34,13.34,0.0,180.045926,0.0
2019-03-02,23,0,97,82.05,82.05,0.0,1107.403912,0.0
2019-03-02,23,0,99,8.85,8.85,0.0,75.645517,0.0
2019-03-02,23,0,101,0.0,0.0,0.0,0.0,0.0
2019-03-02,23,0,102,13.5,13.5,0.0,-5587.704591,0.0
2019-03-02,23,0,103,11.74,11.74,0.0,-4859.233474,0.0
2019-03-02,23,0,104,2.18,2.18,0.0,-902.310815,0.0
2019-03-02,23,0,106,0.0,0.0,0.0,0.0,0.0
2019-03-02,23,0,109,88.14,88.14,0.0,885.263268,0.0
2019-03-02,23,0,110,338.6,338.6,0.0,-338600.0,0.0
2019-03-02,23,0,111,0.0,0.0,0.0,0.0,0.0
2019-03-02,23,0,113,100.37,100.37,0.0,-26481.472446,0.0
2019-03-02,23,0,115,100.37,100.37,0.0,-26481.472446,0.0
2019-03-02,23,0,116,0.0,0.0,0.0,-0.0,0.0
2019-03-02,23,0,117,6.69,6.69,0.0,-1765.079712,0.0
2019-03-02,23,0,119,186.64,186.64,0.0,21189.465456,0.0
2019-03-02,23,0,120,109.75,109.75,0.0,12460.050545,0.0
2019-03-02,23,0,123,0.0,0.0,0.0,0.0,0.0
2019-03-02,23,0,125,143.47,143.47,0.0,1924.92666,0.0
2019-03-02,23,0,126,0.0,0.0,0.0,0.0,0.0
2019-03-02,23,0,127,0.0,0.0,0.0,0.0,0.0
2019-03-02,23,0,128,205.49,205.49,0.0,2757.044534,0.0
2019-03-02,23,0,131,23.96,23.96,0.0,-8993.920415,0.0
2019-03-02,23,0,132,35.23,35.23,0.0,-13224.366286,0.0
2019-03-02,23,0,133,85.03,85.03,0.0,617.497353,0.0
2019-03-02,23,0,134,0.0,0.0,0.0,0.0,0.0
2019-03-02,23,0,135,113.93,113.93,0.0,827.372379,0.0
2019-03-02,23,0,136,30.06,30.06,0.0,219.804903,0.0
2019-03-02,23,0,139,102.32,102.32,0.0,1164.94456,0.0
2019-03-02,23,0,140,250.6,250.6,0.0,-250600.0,0.0
2019-03-02,23,0,141,230.0,230.0,0.0,-128381.464738,0.0
2019-03-02,23,0,142,0.0,0.0,0.0,-0.0,0.0
2019-03-02,23,0,143,18.27,18.27,0.0,245.839887,0.0
2019-03-02,23,0,145,6.34,6.34,0.0,77.280879,0.0
2019-03-02,23,0,146,268.0,268.0,0.0,-268000.0,0.0
2019-03-02,23,0,152,0.0,0.0,0.0,0.0,0.0
2019-03-02,23,0,153,0.0,0.0,0.0,0.0,0.0
2019-03-02,23,0,154,0.0,0.0,0.0,0.0,0.0
2019-03-02,23,0,157,250.0,250.0,0.0,-139545.070367,0.0
2019-03-02,23,0,158,0.0,0.0,0.0,-0.0,0.0
2019-03-02,23,0,159,0.0,0.0,0.0,0.0,0.0
2019-03-02,23,0,160,0.0,0.0,0.0,0.0,0.0
2019-03-02,23,0,161,0.0,0.0,0.0,-0.0,0.0
2019-03-02,23,0,162,48.75,48.75,0.0,1279.030892,0.0
2019-03-02,23,0,163,161.05,161.05,0.0,-161050.0,0.0
2019-03-02,23,0,164,0.0,0.0,0.0,0.0,0.0
2019-03-02,23,0,167,0.0,0.0,0.0,0.0,0.0
2019-03-02,23,0,168,0.0,0.0,0.0,0.0,0.0
2019-03-02,23,0,169,0.0,0.0,0.0,0.0,0.0
2019-03-02,23,0,170,0.0,0.0,0.0,0.0,0.0
2019-03-02,23,0,172,0.0,0.0,0.0,0.0,0.0
2019-03-02,23,0,173,0.0,0.0,0.0,0.0,0.0
2019-03-02,23,0,188,0.0,0.0,0.0,0.0,0.0
2019-03-02,23,0,190,0.0,0.0,0.0,0.0,0.0
2019-03-02,23,0,191,0.0,0.0,0.0,0.0,0.0
2019-03-02,23,0,192,248.31,248.31,0.0,8052.086708,0.0
2019-03-02,23,0,194,168.91,168.91,0.0,-21665.814915,0.0
2019-03-02,23,0,196,0.0,0.0,0.0,0.0,0.0
2019-03-02,23,0,198,0.0,0.0,0.0,0.0,0.0
2019-03-02,23,0,199,8.23,8.23,0.0,-291.798394,0.0
2019-03-02,23,0,200,0.0,0.0,0.0,-0.0,0.0
2019-03-02,23,0,204,433.91,433.91,0.0,4424.856652,0.0
2019-03-02,23,0,205,466.26,466.26,0.0,4683.03666,0.0
2019-03-02,23,0,206,241.1,241.1,0.0,3254.053422,0.0
2019-03-02,23,0,210,0.0,0.0,0.0,0.0,0.0
2019-03-02,23,0,214,0.0,0.0,0.0,0.0,0.0
2019-03-02,23,0,217,0.0,0.0,0.0,0.0,0.0
2019-03-02,23,0,218,0.0,0.0,0.0,0.0,0.0
2019-03-02,23,0,219,0.0,0.0,0.0,0.0,0.0
2019-03-02,23,0,221,0.0,0.0,0.0,0.0,0.0
2019-03-02,23,0,225,0.0,0.0,0.0,0.0,0.0
2019-03-02,23,0,233,0.0,0.0,0.0,0.0,0.0
2019-03-02,23,0,236,114.28,114.28,0.0,898.359144,0.0
2019-03-02,23,0,237,109.99,109.99,0.0,940.141291,0.0
2019-03-02,23,0,238,0.0,0.0,0.0,0.0,0.0
2019-03-02,23,0,240,0.0,0.0,0.0,0.0,0.0
2019-03-02,23,0,245,196.81,196.81,0.0,1398.514565,0.0
2019-03-02,23,0,247,109.96,109.96,0.0,781.366097,0.0
2019-03-02,23,0,248,11.04,11.04,0.0,94.364577,0.0
2019-03-02,23,0,249,378.49,378.49,0.0,2689.516679,0.0
2019-03-02,23,0,251,293.01,293.01,0.0,2162.81993,0.0
2019-03-02,23,0,252,190.95,190.95,0.0,1395.808697,0.0
2019-03-02,23,0,254,0.0,0.0,0.0,0.0,0.0
2019-03-02,23,0,255,0.0,0.0,0.0,0.0,0.0
2019-03-02,23,0,258,0.0,0.0,0.0,0.0,0.0
2019-03-02,23,0,260,0.0,0.0,0.0,0.0,0.0
2019-03-02,23,0,265,0.0,0.0,0.0,0.0,0.0
2019-03-02,23,0,266,66.26,66.26,0.0,754.390408,0.0
2019-03-02,23,0,267,81.42,81.42,0.0,926.991655,0.0
2019-03-02,23,0,270,502.95,502.95,0.0,-502950.0,0.0
2019-03-02,23,0,272,335.44,335.44,0.0,-88501.993797,0.0
2019-03-02,23,0,273,0.0,0.0,0.0,-0.0,0.0
2019-03-02,23,0,274,648.36,648.36,0.0,-648360.0,0.0
2019-03-02,23,0,275,902.53,902.53,0.0,-902530.0,0.0
2019-03-02,23,0,276,0.0,0.0,0.0,-0.0,0.0
2019-03-02,23,0,277,0.0,0.0,0.0,-0.0,0.0
2019-03-02,23,0,278,0.0,0.0,0.0,-0.0,0.0
2019-03-02,23,0,279,168.92,168.92,0.0,-46612.832904,0.0
2019-03-02,23,0,281,4.12,4.12,0.0,55.438442,0.0
2019-03-02,23,0,282,0.0,0.0,0.0,0.0,0.0
2019-03-03,0,0,9,0.0,0.0,0.0,0.0,0.0
2019-03-03,0,0,17,0.0,0.0,0.0,0.0,0.0
2019-03-03,0,0,19,257.21,257.21,0.0,1962.03997,0.0
2019-03-03,0,0,20,311.95,311.95,0.0,2379.605648,0.0
2019-03-03,0,0,21,0.0,0.0,0.0,0.0,0.0
2019-03-03,0,0,22,0.0,0.0,0.0,0.0,0.0
2019-03-03,0,0,23,72.6,72.6,0.0,1064.502831,0.0
2019-03-03,0,0,24,128.46,128.46,0.0,1883.554183,0.0
2019-03-03,0,0,29,0.0,0.0,0.0,0.0,0.0
2019-03-03,0,0,30,0.0,0.0,0.0,0.0,0.0
2019-03-03,0,0,31,9.91,9.91,0.0,145.748173,0.0
2019-03-03,0,0,32,0.0,0.0,0.0,0.0,0.0
2019-03-03,0,0,33,0.0,0.0,0.0,0.0,0.0
2019-03-03,0,0,34,0.0,0.0,0.0,0.0,0.0
2019-03-03,0,0,35,0.0,0.0,0.0,0.0,0.0
2019-03-03,0,0,36,0.0,0.0,0.0,0.0,0.0
2019-03-03,0,0,37,0.0,0.0,0.0,0.0,0.0
2019-03-03,0,0,38,0.0,0.0,0.0,0.0,0.0
2019-03-03,0,0,39,0.0,0.0,0.0,0.0,0.0
2019-03-03,0,0,40,0.0,0.0,0.0,0.0,0.0
2019-03-03,0,0,41,76.58,76.58,0.0,944.925179,0.0
2019-03-03,0,0,42,0.0,0.0,0.0,0.0,0.0
2019-03-03,0,0,43,0.0,0.0,0.0,0.0,0.0
2019-03-03,0,0,46,0.0,0.0,0.0,0.0,0.0
2019-03-03,0,0,52,10.51,10.51,0.0,154.572482,0.0
2019-03-03,0,0,53,16.69,16.69,0.0,245.462866,0.0
2019-03-03,0,0,55,172.85,172.85,0.0,2534.425817,0.0
2019-03-03,0,0,56,0.0,0.0,0.0,0.0,0.0
2019-03-03,0,0,57,0.0,0.0,0.0,0.0,0.0
2019-03-03,0,0,58,0.0,0.0,0.0,0.0,0.0
2019-03-03,0,0,59,0.0,0.0,0.0,0.0,0.0
2019-03-03,0,0,63,153.52,153.52,0.0,16966.628405,0.0
2019-03-03,0,0,64,180.61,180.61,0.0,19960.544269,0.0
2019-03-03,0,0,65,21.09,21.09,0.0,161.929455,0.0
2019-03-03,0,0,67,0.0,0.0,0.0,-0.0,0.0
2019-03-03,0,0,68,4.14,4.14,0.0,-1721.846759,0.0
2019-03-03,0,0,69,0.0,0.0,0.0,0.0,0.0
2019-03-03,0,0,74,32.83,32.83,0.0,298.54127,0.0
2019-03-03,0,0,77,86.82,86.82,0.0,-25740.894996,0.0
2019-03-03,0,0,78,65.63,65.63,0.0,-19458.361421,0.0
2019-03-03,0,0,79,37.98,37.98,0.0,-11260.529739,0.0
2019-03-03,0,0,80,61.42,61.42,0.0,-18210.156308,0.0
2019-03-03,0,0,81,80.31,80.31,0.0,-23810.7726,0.0
2019-03-03,0,0,82,56.65,56.65,0.0,-16795.919161,0.0
2019-03-03,0,0,83,126.32,126.32,0.0,-37452.083114,0.0
2019-03-03,0,0,84,0.0,0.0,0.0,0.0,0.0
2019-03-03,0,0,86,0.0,0.0,0.0,0.0,0.0
2019-03-03,0,0,87,0.0,0.0,0.0,0.0,0.0
2019-03-03,0,0,88,77.44,77.44,0.0,-22959.858426,0.0
2019-03-03,0,0,89,74.44,74.44,0.0,-22070.4011,0.0
2019-03-03,0,0,90,99.95,99.95,0.0,-29633.753224,0.0
2019-03-03,0,0,91,356.54,356.54,0.0,-105709.038263,0.0
2019-03-03,0,0,92,128.23,128.23,0.0,-38018.370944,0.0
2019-03-03,0,0,95,67.44,67.44,0.0,1713.899486,0.0
2019-03-03,0,0,96,7.66,7.66,0.0,113.014124,0.0
2019-03-03,0,0,97,47.12,47.12,0.0,695.199157,0.0
2019-03-03,0,0,99,6.34,6.34,0.0,57.653112,0.0
2019-03-03,0,0,101,0.0,0.0,0.0,0.0,0.0
2019-03-03,0,0,102,9.81,9.81,0.0,-4080.02819,0.0
2019-03-03,0,0,103,8.53,8.53,0.0,-3547.669772,0.0
2019-03-03,0,0,104,1.58,1.58,0.0,-657.129923,0.0
2019-03-03,0,0,106,0.0,0.0,0.0,0.0,0.0
2019-03-03,0,0,109,83.31,83.31,0.0,900.151899,0.0
2019-03-03,0,0,110,338.6,338.6,0.0,-338600.0,0.0
2019-03-03,0,0,111,0.0,0.0,0.0,0.0,0.0
2019-03-03,0,0,113,73.88,73.88,0.0,-19671.826278,0.0
2019-03-03,0,0,115,73.88,73.88,0.0,-19671.826278,0.0
2019-03-03,0,0,116,0.0,0.0,0.0,-0.0,0.0
2019-03-03,0,0,117,4.93,4.93,0.0,-1312.697666,0.0
2019-03-03,0,0,119,180.61,180.61,0.0,19960.544269,0.0
2019-03-03,0,0,120,106.2,106.2,0.0,11736.945913,0.0
2019-03-03,0,0,123,0.0,0.0,0.0,0.0,0.0
2019-03-03,0,0,125,116.25,116.25,0.0,1704.524161,0.0
2019-03-03,0,0,126,0.0,0.0,0.0,0.0,0.0
2019-03-03,0,0,127,0.0,0.0,0.0,0.0,0.0
2019-03-03,0,0,128,166.5,166.5,0.0,2441.318476,0.0
2019-03-03,0,0,131,16.53,16.53,0.0,-6240.154755,0.0
2019-03-03,0,0,132,24.3,24.3,0.0,-9173.367245,0.0
2019-03-03,0,0,133,60.55,60.55,0.0,461.600888,0.0
2019-03-03,0,0,134,0.0,0.0,0.0,0.0,0.0
2019-03-03,0,0,135,81.13,81.13,0.0,618.491825,0.0
2019-03-03,0,0,136,21.82,21.82,0.0,167.594132,0.0
2019-03-03,0,0,139,98.89,98.89,0.0,1220.209598,0.0
2019-03-03,0,0,140,250.6,250.6,0.0,-250600.0,0.0
2019-03-03,0,0,141,222.34,222.34,0.0,-124441.181849,0.0
2019-03-03,0,0,142,0.0,0.0,0.0,-0.0,0.0
2019-03-03,0,0,143,45.76,45.76,0.0,673.000644,0.0
2019-03-03,0,0,145,4.39,4.39,0.0,58.205675,0.0
2019-03-03,0,0,146,268.0,268.0,0.0,-268000.0,0.0
2019-03-03,0,0,152,0.0,0.0,0.0,0.0,0.0
2019-03-03,0,0,153,0.0,0.0,0.0,0.0,0.0
2019-03-03,0,0,154,0.0,0.0,0.0,0.0,0.0
2019-03-03,0,0,157,250.0,250.0,0.0,-139922.170829,0.0
2019-03-03,0,0,158,0.0,0.0,0.0,-0.0,0.0
2019-03-03,0,0,159,0.0,0.0,0.0,0.0,0.0
2019-03-03,0,0,160,0.0,0.0,0.0,0.0,0.0
2019-03-03,0,0,161,0.0,0.0,0.0,-0.0,0.0
2019-03-03,0,0,162,48.75,48.75,0.0,1276.73405,0.0
2019-03-03,0,0,163,160.13,160.13,0.0,-160130.0,0.0
2019-03-03,0,0,164,0.0,0.0,0.0,0.0,0.0
2019-03-03,0,0,167,0.0,0.0,0.0,0.0,0.0
2019-03-03,0,0,168,0.0,0.0,0.0,0.0,0.0
2019-03-03,0,0,169,0.0,0.0,0.0,0.0,0.0
2019-03-03,0,0,170,0.0,0.0,0.0,0.0,0.0
2019-03-03,0,0,172,0.0,0.0,0.0,0.0,0.0
2019-03-03,0,0,173,0.0,0.0,0.0,0.0,0.0
2019-03-03,0,0,188,0.0,0.0,0.0,0.0,0.0
2019-03-03,0,0,190,0.0,0.0,0.0,0.0,0.0
2019-03-03,0,0,191,0.0,0.0,0.0,0.0,0.0
2019-03-03,0,0,192,237.56,237.56,0.0,7703.490469,0.0
2019-03-03,0,0,194,135.95,135.95,0.0,-17815.781543,0.0
2019-03-03,0,0,196,0.0,0.0,0.0,0.0,0.0
2019-03-03,0,0,198,0.0,0.0,0.0,0.0,0.0
2019-03-03,0,0,199,2.65,2.65,0.0,-96.944354,0.0
2019-03-03,0,0,200,0.0,0.0,0.0,-0.0,0.0
2019-03-03,0,0,204,437.31,437.31,0.0,4801.992686,0.0
2019-03-03,0,0,205,440.73,440.73,0.0,4762.020723,0.0
2019-03-03,0,0,206,138.46,138.46,0.0,2042.811445,0.0
2019-03-03,0,0,210,0.0,0.0,0.0,0.0,0.0
2019-03-03,0,0,214,0.0,0.0,0.0,0.0,0.0
2019-03-03,0,0,217,0.0,0.0,0.0,0.0,0.0
2019-03-03,0,0,218,0.0,0.0,0.0,0.0,0.0
2019-03-03,0,0,219,0.0,0.0,0.0,0.0,0.0
2019-03-03,0,0,221,0.0,0.0,0.0,0.0,0.0
2019-03-03,0,0,225,0.0,0.0,0.0,0.0,0.0
2019-03-03,0,0,233,0.0,0.0,0.0,0.0,0.0
2019-03-03,0,0,236,83.57,83.57,0.0,694.336366,0.0
2019-03-03,0,0,237,78.77,78.77,0.0,716.29899,0.0
2019-03-03,0,0,238,0.0,0.0,0.0,0.0,0.0
2019-03-03,0,0,240,0.0,0.0,0.0,0.0,0.0
2019-03-03,0,0,245,88.96,88.96,0.0,662.291626,0.0
2019-03-03,0,0,247,83.83,83.83,0.0,624.099674,0.0
2019-03-03,0,0,248,7.91,7.91,0.0,71.929986,0.0
2019-03-03,0,0,249,166.66,166.66,0.0,1240.754523,0.0
2019-03-03,0,0,251,210.11,210.11,0.0,1630.427857,0.0
2019-03-03,0,0,252,136.02,136.02,0.0,1044.364364,0.0
2019-03-03,0,0,254,0.0,0.0,0.0,0.0,0.0
2019-03-03,0,0,255,0.0,0.0,0.0,0.0,0.0
2019-03-03,0,0,258,0.0,0.0,0.0,0.0,0.0
2019-03-03,0,0,260,0.0,0.0,0.0,0.0,0.0
2019-03-03,0,0,265,0.0,0.0,0.0,0.0,0.0
2019-03-03,0,0,266,64.03,64.03,0.0,790.069982,0.0
2019-03-03,0,0,267,78.69,78.69,0.0,970.960595,0.0
2019-03-03,0,0,270,500.07,500.07,0.0,-500070.0,0.0
2019-03-03,0,0,272,246.9,246.9,0.0,-65741.390201,0.0
2019-03-03,0,0,273,0.0,0.0,0.0,-0.0,0.0
2019-03-03,0,0,274,644.65,644.65,0.0,-644650.0,0.0
2019-03-03,0,0,275,897.36,897.36,0.0,-897360.0,0.0
2019-03-03,0,0,276,0.0,0.0,0.0,-0.0,0.0
2019-03-03,0,0,277,0.0,0.0,0.0,-0.0,0.0
2019-03-03,0,0,278,0.0,0.0,0.0,-0.0,0.0
2019-03-03,0,0,279,133.03,133.03,0.0,-37033.205266,0.0
2019-03-03,0,0,281,4.45,4.45,0.0,65.446959,0.0
2019-03-03,0,0,282,0.0,0.0,0.0,0.0,0.0
2019-03-03,1,0,9,0.0,0.0,0.0,0.0,0.0
2019-03-03,1,0,17,0.0,0.0,0.0,0.0,0.0
2019-03-03,1,0,19,176.97,176.97,0.0,1332.817222,0.0
2019-03-03,1,0,20,214.63,214.63,0.0,1616.446631,0.0
2019-03-03,1,0,21,0.0,0.0,0.0,0.0,0.0
2019-03-03,1,0,22,0.0,0.0,0.0,0.0,0.0
2019-03-03,1,0,23,60.42,60.42,0.0,872.919864,0.0
2019-03-03,1,0,24,106.89,106.89,0.0,1544.296661,0.0
2019-03-03,1,0,29,0.0,0.0,0.0,0.0,0.0
2019-03-03,1,0,30,0.0,0.0,0.0,0.0,0.0
2019-03-03,1,0,31,24.41,24.41,0.0,353.734845,0.0
2019-03-03,1,0,32,0.0,0.0,0.0,0.0,0.0
2019-03-03,1,0,33,0.0,0.0,0.0,0.0,0.0
2019-03-03,1,0,34,0.0,0.0,0.0,0.0,0.0
2019-03-03,1,0,35,0.0,0.0,0.0,0.0,0.0
2019-03-03,1,0,36,0.0,0.0,0.0,0.0,0.0
2019-03-03,1,0,37,0.0,0.0,0.0,0.0,0.0
2019-03-03,1,0,38,0.0,0.0,0.0,0.0,0.0
2019-03-03,1,0,39,0.0,0.0,0.0,0.0,0.0
2019-03-03,1,0,40,0.0,0.0,0.0,0.0,0.0
2019-03-03,1,0,41,75.38,75.38,0.0,916.851353,0.0
2019-03-03,1,0,42,0.0,0.0,0.0,0.0,0.0
2019-03-03,1,0,43,0.0,0.0,0.0,0.0,0.0
2019-03-03,1,0,46,0.0,0.0,0.0,0.0,0.0
2019-03-03,1,0,52,25.99,25.99,0.0,376.631242,0.0
2019-03-03,1,0,53,42.48,42.48,0.0,615.594274,0.0
2019-03-03,1,0,55,145.97,145.97,0.0,2108.906199,0.0
2019-03-03,1,0,56,0.0,0.0,0.0,0.0,0.0
2019-03-03,1,0,57,0.0,0.0,0.0,0.0,0.0
2019-03-03,1,0,58,0.0,0.0,0.0,0.0,0.0
2019-03-03,1,0,59,0.0,0.0,0.0,0.0,0.0
2019-03-03,1,0,63,148.1,148.1,0.0,16946.179863,0.0
2019-03-03,1,0,64,174.23,174.23,0.0,19936.076418,0.0
2019-03-03,1,0,65,14.6,14.6,0.0,110.672914,0.0
2019-03-03,1,0,67,0.0,0.0,0.0,-0.0,0.0
2019-03-03,1,0,68,3.22,3.22,0.0,-1332.618386,0.0
2019-03-03,1,0,69,0.0,0.0,0.0,0.0,0.0
2019-03-03,1,0,74,22.8,22.8,0.0,204.563476,0.0
2019-03-03,1,0,77,52.61,52.61,0.0,-15468.0115,0.0
2019-03-03,1,0,78,39.77,39.77,0.0,-11692.887614,0.0
2019-03-03,1,0,79,23.02,23.02,0.0,-6768.173821,0.0
2019-03-03,1,0,80,37.22,37.22,0.0,-10943.155066,0.0
2019-03-03,1,0,81,48.67,48.67,0.0,-14309.601211,0.0
2019-03-03,1,0,82,34.33,34.33,0.0,-10093.458179,0.0
2019-03-03,1,0,83,76.55,76.55,0.0,-22506.677064,0.0
2019-03-03,1,0,84,0.0,0.0,0.0,0.0,0.0
2019-03-03,1,0,86,0.0,0.0,0.0,0.0,0.0
2019-03-03,1,0,87,0.0,0.0,0.0,0.0,0.0
2019-03-03,1,0,88,47.8,47.8,0.0,-14053.810106,0.0
2019-03-03,1,0,89,45.95,45.95,0.0,-13509.886494,0.0
2019-03-03,1,0,90,61.7,61.7,0.0,-18140.587522,0.0
2019-03-03,1,0,91,220.09,220.09,0.0,-64709.26917,0.0
2019-03-03,1,0,92,79.16,79.16,0.0,-23274.050377,0.0
2019-03-03,1,0,95,88.63,88.63,0.0,2252.41565,0.0
2019-03-03,1,0,96,3.85,3.85,0.0,55.968326,0.0
2019-03-03,1,0,97,23.68,23.68,0.0,344.241548,0.0
2019-03-03,1,0,99,4.4,4.4,0.0,39.477162,0.0
2019-03-03,1,0,101,0.0,0.0,0.0,0.0,0.0
2019-03-03,1,0,102,7.63,7.63,0.0,-3157.726175,0.0
2019-03-03,1,0,103,6.64,6.64,0.0,-2748.0081,0.0
2019-03-03,1,0,104,1.23,1.23,0.0,-509.043669,0.0
2019-03-03,1,0,106,0.0,0.0,0.0,0.0,0.0
2019-03-03,1,0,109,82.44,82.44,0.0,878.367341,0.0
2019-03-03,1,0,110,338.6,338.6,0.0,-338600.0,0.0
2019-03-03,1,0,111,0.0,0.0,0.0,0.0,0.0
2019-03-03,1,0,113,30.05,30.05,0.0,-7924.40998,0.0
2019-03-03,1,0,115,30.05,30.05,0.0,-7924.40998,0.0
2019-03-03,1,0,116,0.0,0.0,0.0,-0.0,0.0
2019-03-03,1,0,117,2.05,2.05,0.0,-540.600348,0.0
2019-03-03,1,0,119,174.23,174.23,0.0,19936.076418,0.0
2019-03-03,1,0,120,102.45,102.45,0.0,11722.728744,0.0
2019-03-03,1,0,123,0.0,0.0,0.0,0.0,0.0
2019-03-03,1,0,125,96.73,96.73,0.0,1397.509739,0.0
2019-03-03,1,0,126,0.0,0.0,0.0,0.0,0.0
2019-03-03,1,0,127,0.0,0.0,0.0,0.0,0.0
2019-03-03,1,0,128,138.55,138.55,0.0,2001.705514,0.0
2019-03-03,1,0,131,11.81,11.81,0.0,-4432.550291,0.0
2019-03-03,1,0,132,17.37,17.37,0.0,-6519.33942,0.0
2019-03-03,1,0,133,41.59,41.59,0.0,313.035409,0.0
2019-03-03,1,0,134,0.0,0.0,0.0,0.0,0.0
2019-03-03,1,0,135,55.73,55.73,0.0,419.462932,0.0
2019-03-03,1,0,136,15.64,15.64,0.0,118.598552,0.0
2019-03-03,1,0,139,97.35,97.35,0.0,1184.073749,0.0
2019-03-03,1,0,140,250.6,250.6,0.0,-250600.0,0.0
2019-03-03,1,0,141,197.22,197.22,0.0,-110077.267753,0.0
2019-03-03,1,0,142,0.0,0.0,0.0,-0.0,0.0
2019-03-03,1,0,143,60.45,60.45,0.0,876.004563,0.0
2019-03-03,1,0,145,3.01,3.01,0.0,39.3324,0.0
2019-03-03,1,0,146,268.0,268.0,0.0,-268000.0,0.0
2019-03-03,1,0,152,0.0,0.0,0.0,0.0,0.0
2019-03-03,1,0,153,0.0,0.0,0.0,0.0,0.0
2019-03-03,1,0,154,0.0,0.0,0.0,0.0,0.0
2019-03-03,1,0,157,250.0,250.0,0.0,-139536.136995,0.0
2019-03-03,1,0,158,0.0,0.0,0.0,-0.0,0.0
2019-03-03,1,0,159,0.0,0.0,0.0,0.0,0.0
2019-03-03,1,0,160,0.0,0.0,0.0,0.0,0.0
2019-03-03,1,0,161,0.0,0.0,0.0,-0.0,0.0
2019-03-03,1,0,162,46.52,46.52,0.0,1218.261903,0.0
2019-03-03,1,0,163,163.69,163.69,0.0,-163690.0,0.0
2019-03-03,1,0,164,0.0,0.0,0.0,0.0,0.0
2019-03-03,1,0,167,0.0,0.0,0.0,0.0,0.0
2019-03-03,1,0,168,0.0,0.0,0.0,0.0,0.0
2019-03-03,1,0,169,0.0,0.0,0.0,0.0,0.0
2019-03-03,1,0,170,0.0,0.0,0.0,0.0,0.0
2019-03-03,1,0,172,0.0,0.0,0.0,0.0,0.0
2019-03-03,1,0,173,0.0,0.0,0.0,0.0,0.0
2019-03-03,1,0,188,0.0,0.0,0.0,0.0,0.0
2019-03-03,1,0,190,0.0,0.0,0.0,0.0,0.0
2019-03-03,1,0,191,0.0,0.0,0.0,0.0,0.0
2019-03-03,1,0,192,229.56,229.56,0.0,7444.070012,0.0
2019-03-03,1,0,194,107.34,107.34,0.0,-13742.792544,0.0
2019-03-03,1,0,196,0.0,0.0,0.0,0.0,0.0
2019-03-03,1,0,198,0.0,0.0,0.0,0.0,0.0
2019-03-03,1,0,199,5.27,5.27,0.0,-188.212501,0.0
2019-03-03,1,0,200,0.0,0.0,0.0,-0.0,0.0
2019-03-03,1,0,204,454.11,454.11,0.0,4916.909621,0.0
2019-03-03,1,0,205,436.11,436.11,0.0,4646.588806,0.0
2019-03-03,1,0,206,69.59,69.59,0.0,1011.645664,0.0
2019-03-03,1,0,210,0.0,0.0,0.0,0.0,0.0
2019-03-03,1,0,214,0.0,0.0,0.0,0.0,0.0
2019-03-03,1,0,217,0.0,0.0,0.0,0.0,0.0
2019-03-03,1,0,218,0.0,0.0,0.0,0.0,0.0
2019-03-03,1,0,219,0.0,0.0,0.0,0.0,0.0
2019-03-03,1,0,221,0.0,0.0,0.0,0.0,0.0
2019-03-03,1,0,225,0.0,0.0,0.0,0.0,0.0
2019-03-03,1,0,233,0.0,0.0,0.0,0.0,0.0
2019-03-03,1,0,236,58.81,58.81,0.0,482.25163,0.0
2019-03-03,1,0,237,54.69,54.69,0.0,490.683179,0.0
2019-03-03,1,0,238,0.0,0.0,0.0,0.0,0.0
2019-03-03,1,0,240,0.0,0.0,0.0,0.0,0.0
2019-03-03,1,0,245,29.05,29.05,0.0,213.548268,0.0
2019-03-03,1,0,247,61.94,61.94,0.0,455.324602,0.0
2019-03-03,1,0,248,5.49,5.49,0.0,49.256732,0.0
2019-03-03,1,0,249,55.86,55.86,0.0,410.630163,0.0
2019-03-03,1,0,251,145.76,145.76,0.0,1116.640834,0.0
2019-03-03,1,0,252,94.18,94.18,0.0,713.916096,0.0
2019-03-03,1,0,254,0.0,0.0,0.0,0.0,0.0
2019-03-03,1,0,255,0.0,0.0,0.0,0.0,0.0
2019-03-03,1,0,258,0.0,0.0,0.0,0.0,0.0
2019-03-03,1,0,260,0.0,0.0,0.0,0.0,0.0
2019-03-03,1,0,265,0.0,0.0,0.0,0.0,0.0
2019-03-03,1,0,266,63.04,63.04,0.0,766.759211,0.0
2019-03-03,1,0,267,77.46,77.46,0.0,942.150515,0.0
2019-03-03,1,0,270,511.2,511.2,0.0,-511200.0,0.0
2019-03-03,1,0,272,100.23,100.23,0.0,-26431.401409,0.0
2019-03-03,1,0,273,0.0,0.0,0.0,-0.0,0.0
2019-03-03,1,0,274,659.0,659.0,0.0,-659000.0,0.0
2019-03-03,1,0,275,917.33,917.33,0.0,-917330.0,0.0
2019-03-03,1,0,276,0.0,0.0,0.0,-0.0,0.0
2019-03-03,1,0,277,0.0,0.0,0.0,-0.0,0.0
2019-03-03,1,0,278,0.0,0.0,0.0,-0.0,0.0
2019-03-03,1,0,279,107.82,107.82,0.0,-29742.940708,0.0
2019-03-03,1,0,281,10.08,10.08,0.0,146.073217,0.0
2019-03-03,1,0,282,0.0,0.0,0.0,0.0,0.0
2019-03-03,2,0,9,0.0,0.0,0.0,0.0,0.0
2019-03-03,2,0,17,0.0,0.0,0.0,0.0,0.0
2019-03-03,2,0,19,192.1,192.1,0.0,1451.297472,0.0
2019-03-03,2,0,20,232.98,232.98,0.0,1760.142036,0.0
2019-03-03,2,0,21,0.0,0.0,0.0,0.0,0.0
2019-03-03,2,0,22,0.0,0.0,0.0,0.0,0.0
2019-03-03,2,0,23,71.2,71.2,0.0,1070.392035,0.0
2019-03-03,2,0,24,125.98,125.98,0.0,1893.932424,0.0
2019-03-03,2,0,29,0.0,0.0,0.0,0.0,0.0
2019-03-03,2,0,30,0.0,0.0,0.0,0.0,0.0
2019-03-03,2,0,31,10.24,10.24,0.0,154.429664,0.0
2019-03-03,2,0,32,0.0,0.0,0.0,0.0,0.0
2019-03-03,2,0,33,0.0,0.0,0.0,0.0,0.0
2019-03-03,2,0,34,0.0,0.0,0.0,0.0,0.0
2019-03-03,2,0,35,0.0,0.0,0.0,0.0,0.0
2019-03-03,2,0,36,0.0,0.0,0.0,0.0,0.0
2019-03-03,2,0,37,0.0,0.0,0.0,0.0,0.0
2019-03-03,2,0,38,0.0,0.0,0.0,0.0,0.0
2019-03-03,2,0,39,0.0,0.0,0.0,0.0,0.0
2019-03-03,2,0,40,0.0,0.0,0.0,0.0,0.0
2019-03-03,2,0,41,68.67,68.67,0.0,862.724101,0.0
2019-03-03,2,0,42,0.0,0.0,0.0,0.0,0.0
2019-03-03,2,0,43,0.0,0.0,0.0,0.0,0.0
2019-03-03,2,0,46,0.0,0.0,0.0,0.0,0.0
2019-03-03,2,0,52,10.86,10.86,0.0,163.779897,0.0
2019-03-03,2,0,53,17.25,17.25,0.0,260.147627,0.0
2019-03-03,2,0,55,243.76,243.76,0.0,3664.589361,0.0
2019-03-03,2,0,56,0.0,0.0,0.0,0.0,0.0
2019-03-03,2,0,57,0.0,0.0,0.0,0.0,0.0
2019-03-03,2,0,58,0.0,0.0,0.0,0.0,0.0
2019-03-03,2,0,59,0.0,0.0,0.0,0.0,0.0
2019-03-03,2,0,63,153.21,153.21,0.0,16928.116445,0.0
2019-03-03,2,0,64,180.25,180.25,0.0,19915.756081,0.0
2019-03-03,2,0,65,10.27,10.27,0.0,78.133256,0.0
2019-03-03,2,0,67,0.0,0.0,0.0,-0.0,0.0
2019-03-03,2,0,68,3.94,3.94,0.0,-1639.153082,0.0
2019-03-03,2,0,69,0.0,0.0,0.0,0.0,0.0
2019-03-03,2,0,74,16.1,16.1,0.0,146.716793,0.0
2019-03-03,2,0,77,72.06,72.06,0.0,-21376.814352,0.0
2019-03-03,2,0,78,54.48,54.48,0.0,-16161.654814,0.0
2019-03-03,2,0,79,31.53,31.53,0.0,-9353.468728,0.0
2019-03-03,2,0,80,50.98,50.98,0.0,-15123.369354,0.0
2019-03-03,2,0,81,66.65,66.65,0.0,-19771.921684,0.0
2019-03-03,2,0,82,47.02,47.02,0.0,-13948.62352,0.0
2019-03-03,2,0,83,104.84,104.84,0.0,-31101.099315,0.0
2019-03-03,2,0,84,0.0,0.0,0.0,0.0,0.0
2019-03-03,2,0,86,0.0,0.0,0.0,0.0,0.0
2019-03-03,2,0,87,0.0,0.0,0.0,0.0,0.0
2019-03-03,2,0,88,65.28,65.28,0.0,-19365.50709,0.0
2019-03-03,2,0,89,62.76,62.76,0.0,-18617.941559,0.0
2019-03-03,2,0,90,84.26,84.26,0.0,-24995.980812,0.0
2019-03-03,2,0,91,300.57,300.57,0.0,-89164.988756,0.0
2019-03-03,2,0,92,108.1,108.1,0.0,-32068.188058,0.0
2019-03-03,2,0,95,36.0,36.0,0.0,914.892964,0.0
2019-03-03,2,0,96,7.47,7.47,0.0,113.025482,0.0
2019-03-03,2,0,97,45.92,45.92,0.0,694.796534,0.0
2019-03-03,2,0,99,3.11,3.11,0.0,28.340946,0.0
2019-03-03,2,0,101,0.0,0.0,0.0,0.0,0.0
2019-03-03,2,0,102,9.34,9.34,0.0,-3885.708069,0.0
2019-03-03,2,0,103,8.12,8.12,0.0,-3378.153053,0.0
2019-03-03,2,0,104,1.51,1.51,0.0,-628.203339,0.0
2019-03-03,2,0,106,0.0,0.0,0.0,0.0,0.0
2019-03-03,2,0,109,66.53,66.53,0.0,727.320867,0.0
2019-03-03,2,0,110,338.6,338.6,0.0,-338600.0,0.0
2019-03-03,2,0,111,0.0,0.0,0.0,0.0,0.0
2019-03-03,2,0,113,40.29,40.29,0.0,-10732.49002,0.0
2019-03-03,2,0,115,40.29,40.29,0.0,-10732.49002,0.0
2019-03-03,2,0,116,0.0,0.0,0.0,-0.0,0.0
2019-03-03,2,0,117,2.15,2.15,0.0,-572.719125,0.0
2019-03-03,2,0,119,180.25,180.25,0.0,19915.756081,0.0
2019-03-03,2,0,120,105.98,105.98,0.0,11709.691148,0.0
2019-03-03,2,0,123,0.0,0.0,0.0,0.0,0.0
2019-03-03,2,0,125,114.0,114.0,0.0,1713.829944,0.0
2019-03-03,2,0,126,0.0,0.0,0.0,0.0,0.0
2019-03-03,2,0,127,0.0,0.0,0.0,0.0,0.0
2019-03-03,2,0,128,163.28,163.28,0.0,2454.685555,0.0
2019-03-03,2,0,131,14.0,14.0,0.0,-5286.913006,0.0
2019-03-03,2,0,132,20.57,20.57,0.0,-7767.985753,0.0
2019-03-03,2,0,133,46.33,46.33,0.0,349.787432,0.0
2019-03-03,2,0,134,0.0,0.0,0.0,0.0,0.0
2019-03-03,2,0,135,62.08,62.08,0.0,468.698549,0.0
2019-03-03,2,0,136,11.17,11.17,0.0,85.012881,0.0
2019-03-03,2,0,139,88.68,88.68,0.0,1114.116402,0.0
2019-03-03,2,0,140,250.6,250.6,0.0,-250600.0,0.0
2019-03-03,2,0,141,169.4,169.4,0.0,-94827.057728,0.0
2019-03-03,2,0,142,0.0,0.0,0.0,-0.0,0.0
2019-03-03,2,0,143,29.38,29.38,0.0,443.080422,0.0
2019-03-03,2,0,145,2.09,2.09,0.0,28.300799,0.0
2019-03-03,2,0,146,268.0,268.0,0.0,-268000.0,0.0
2019-03-03,2,0,152,0.0,0.0,0.0,0.0,0.0
2019-03-03,2,0,153,0.0,0.0,0.0,0.0,0.0
2019-03-03,2,0,154,0.0,0.0,0.0,0.0,0.0
2019-03-03,2,0,157,250.0,250.0,0.0,-139945.480708,0.0
2019-03-03,2,0,158,0.0,0.0,0.0,-0.0,0.0
2019-03-03,2,0,159,0.0,0.0,0.0,0.0,0.0
2019-03-03,2,0,160,0.0,0.0,0.0,0.0,0.0
2019-03-03,2,0,161,0.0,0.0,0.0,-0.0,0.0
2019-03-03,2,0,162,47.85,47.85,0.0,1253.131393,0.0
2019-03-03,2,0,163,163.29,163.29,0.0,-163290.0,0.0
2019-03-03,2,0,164,0.0,0.0,0.0,0.0,0.0
2019-03-03,2,0,167,0.0,0.0,0.0,0.0,0.0
2019-03-03,2,0,168,0.0,0.0,0.0,0.0,0.0
2019-03-03,2,0,169,0.0,0.0,0.0,0.0,0.0
2019-03-03,2,0,170,0.0,0.0,0.0,0.0,0.0
2019-03-03,2,0,172,0.0,0.0,0.0,0.0,0.0
2019-03-03,2,0,173,0.0,0.0,0.0,0.0,0.0
2019-03-03,2,0,188,0.0,0.0,0.0,0.0,0.0
2019-03-03,2,0,190,0.0,0.0,0.0,0.0,0.0
2019-03-03,2,0,191,0.0,0.0,0.0,0.0,0.0
2019-03-03,2,0,192,269.68,269.68,0.0,8745.063604,0.0
2019-03-03,2,0,194,97.66,97.66,0.0,-12806.452058,0.0
2019-03-03,2,0,196,0.0,0.0,0.0,0.0,0.0
2019-03-03,2,0,198,0.0,0.0,0.0,0.0,0.0
2019-03-03,2,0,199,2.25,2.25,0.0,-83.158151,0.0
2019-03-03,2,0,200,0.0,0.0,0.0,-0.0,0.0
2019-03-03,2,0,204,364.71,364.71,0.0,4055.297198,0.0
2019-03-03,2,0,205,326.59,326.59,0.0,3570.355057,0.0
2019-03-03,2,0,206,134.94,134.94,0.0,2041.721349,0.0
2019-03-03,2,0,210,0.0,0.0,0.0,0.0,0.0
2019-03-03,2,0,214,0.0,0.0,0.0,0.0,0.0
2019-03-03,2,0,217,0.0,0.0,0.0,0.0,0.0
2019-03-03,2,0,218,0.0,0.0,0.0,0.0,0.0
2019-03-03,2,0,219,0.0,0.0,0.0,0.0,0.0
2019-03-03,2,0,221,0.0,0.0,0.0,0.0,0.0
2019-03-03,2,0,225,0.0,0.0,0.0,0.0,0.0
2019-03-03,2,0,233,0.0,0.0,0.0,0.0,0.0
2019-03-03,2,0,236,36.51,36.51,0.0,302.235181,0.0
2019-03-03,2,0,237,38.62,38.62,0.0,351.938047,0.0
2019-03-03,2,0,238,0.0,0.0,0.0,0.0,0.0
2019-03-03,2,0,240,0.0,0.0,0.0,0.0,0.0
2019-03-03,2,0,245,30.09,30.09,0.0,221.462043,0.0
2019-03-03,2,0,247,47.39,47.39,0.0,348.789837,0.0
2019-03-03,2,0,248,3.88,3.88,0.0,35.357836,0.0
2019-03-03,2,0,249,57.85,57.85,0.0,425.775313,0.0
2019-03-03,2,0,251,96.74,96.74,0.0,744.408378,0.0
2019-03-03,2,0,252,66.23,66.23,0.0,503.872012,0.0
2019-03-03,2,0,254,0.0,0.0,0.0,0.0,0.0
2019-03-03,2,0,255,0.0,0.0,0.0,0.0,0.0
2019-03-03,2,0,258,0.0,0.0,0.0,0.0,0.0
2019-03-03,2,0,260,0.0,0.0,0.0,0.0,0.0
2019-03-03,2,0,265,0.0,0.0,0.0,0.0,0.0
2019-03-03,2,0,266,57.43,57.43,0.0,721.512235,0.0
2019-03-03,2,0,267,70.57,70.57,0.0,886.594435,0.0
2019-03-03,2,0,270,509.95,509.95,0.0,-509950.0,0.0
2019-03-03,2,0,272,173.81,173.81,0.0,-46299.679583,0.0
2019-03-03,2,0,273,0.0,0.0,0.0,-0.0,0.0
2019-03-03,2,0,274,657.39,657.39,0.0,-657390.0,0.0
2019-03-03,2,0,275,915.09,915.09,0.0,-915090.0,0.0
2019-03-03,2,0,276,0.0,0.0,0.0,-0.0,0.0
2019-03-03,2,0,277,0.0,0.0,0.0,-0.0,0.0
2019-03-03,2,0,278,0.0,0.0,0.0,-0.0,0.0
2019-03-03,2,0,279,133.21,133.21,0.0,-37101.319069,0.0
2019-03-03,2,0,281,4.6,4.6,0.0,69.372701,0.0
2019-03-03,2,0,282,0.0,0.0,0.0,0.0,0.0
2019-03-03,3,0,9,0.0,0.0,0.0,0.0,0.0
2019-03-03,3,0,17,0.0,0.0,0.0,0.0,0.0
2019-03-03,3,0,19,210.67,210.67,0.0,1505.926764,0.0
2019-03-03,3,0,20,255.5,255.5,0.0,1826.383862,0.0
2019-03-03,3,0,21,0.0,0.0,0.0,0.0,0.0
2019-03-03,3,0,22,0.0,0.0,0.0,0.0,0.0
2019-03-03,3,0,23,84.24,84.24,0.0,1145.411682,0.0
2019-03-03,3,0,24,149.05,149.05,0.0,2026.633561,0.0
2019-03-03,3,0,29,0.0,0.0,0.0,0.0,0.0
2019-03-03,3,0,30,0.0,0.0,0.0,0.0,0.0
2019-03-03,3,0,31,11.04,11.04,0.0,150.562407,0.0
2019-03-03,3,0,32,0.0,0.0,0.0,0.0,0.0
2019-03-03,3,0,33,0.0,0.0,0.0,0.0,0.0
2019-03-03,3,0,34,0.0,0.0,0.0,0.0,0.0
2019-03-03,3,0,35,0.0,0.0,0.0,0.0,0.0
2019-03-03,3,0,36,0.0,0.0,0.0,0.0,0.0
2019-03-03,3,0,37,0.0,0.0,0.0,0.0,0.0
2019-03-03,3,0,38,0.0,0.0,0.0,0.0,0.0
2019-03-03,3,0,39,0.0,0.0,0.0,0.0,0.0
2019-03-03,3,0,40,0.0,0.0,0.0,0.0,0.0
2019-03-03,3,0,41,63.79,63.79,0.0,731.476389,0.0
2019-03-03,3,0,42,0.0,0.0,0.0,0.0,0.0
2019-03-03,3,0,43,0.0,0.0,0.0,0.0,0.0
2019-03-03,3,0,46,0.0,0.0,0.0,0.0,0.0
2019-03-03,3,0,52,11.71,11.71,0.0,159.699799,0.0
2019-03-03,3,0,53,18.6,18.6,0.0,253.664925,0.0
2019-03-03,3,0,55,349.63,349.63,0.0,4753.920777,0.0
2019-03-03,3,0,56,0.0,0.0,0.0,0.0,0.0
2019-03-03,3,0,57,0.0,0.0,0.0,0.0,0.0
2019-03-03,3,0,58,0.0,0.0,0.0,0.0,0.0
2019-03-03,3,0,59,0.0,0.0,0.0,0.0,0.0
2019-03-03,3,0,63,170.0,170.0,0.0,18792.517112,0.0
2019-03-03,3,0,64,200.0,200.0,0.0,22108.843661,0.0
2019-03-03,3,0,65,6.95,6.95,0.0,49.998157,0.0
2019-03-03,3,0,67,0.0,0.0,0.0,-0.0,0.0
2019-03-03,3,0,68,4.88,4.88,0.0,-2028.958788,0.0
2019-03-03,3,0,69,0.0,0.0,0.0,0.0,0.0
2019-03-03,3,0,74,11.43,11.43,0.0,97.059602,0.0
2019-03-03,3,0,77,104.41,104.41,0.0,-30936.622542,0.0
2019-03-03,3,0,78,78.93,78.93,0.0,-23386.913296,0.0
2019-03-03,3,0,79,45.68,45.68,0.0,-13534.957549,0.0
2019-03-03,3,0,80,73.87,73.87,0.0,-21887.638226,0.0
2019-03-03,3,0,81,96.57,96.57,0.0,-28613.635081,0.0
2019-03-03,3,0,82,68.12,68.12,0.0,-20183.916555,0.0
2019-03-03,3,0,83,151.91,151.91,0.0,-45010.845037,0.0
2019-03-03,3,0,84,0.0,0.0,0.0,0.0,0.0
2019-03-03,3,0,86,0.0,0.0,0.0,0.0,0.0
2019-03-03,3,0,87,0.0,0.0,0.0,0.0,0.0
2019-03-03,3,0,88,102.17,102.17,0.0,-30272.911839,0.0
2019-03-03,3,0,89,98.22,98.22,0.0,-29102.529126,0.0
2019-03-03,3,0,90,131.88,131.88,0.0,-39075.967635,0.0
2019-03-03,3,0,91,470.44,470.44,0.0,-139391.099593,0.0
2019-03-03,3,0,92,169.19,169.19,0.0,-50130.899031,0.0
2019-03-03,3,0,95,36.0,36.0,0.0,914.892964,0.0
2019-03-03,3,0,96,15.22,15.22,0.0,208.219308,0.0
2019-03-03,3,0,97,93.59,93.59,0.0,1280.370898,0.0
2019-03-03,3,0,99,2.21,2.21,0.0,18.766555,0.0
2019-03-03,3,0,101,0.0,0.0,0.0,0.0,0.0
2019-03-03,3,0,102,11.55,11.55,0.0,-4802.146312,0.0
2019-03-03,3,0,103,10.05,10.05,0.0,-4178.490947,0.0
2019-03-03,3,0,104,1.87,1.87,0.0,-777.490355,0.0
2019-03-03,3,0,106,0.0,0.0,0.0,0.0,0.0
2019-03-03,3,0,109,56.35,56.35,0.0,566.907491,0.0
2019-03-03,3,0,110,338.6,338.6,0.0,-338600.0,0.0
2019-03-03,3,0,111,0.0,0.0,0.0,0.0,0.0
2019-03-03,3,0,113,50.33,50.33,0.0,-13395.473717,0.0
2019-03-03,3,0,115,50.33,50.33,0.0,-13395.473717,0.0
2019-03-03,3,0,116,0.0,0.0,0.0,-0.0,0.0
2019-03-03,3,0,117,2.59,2.59,0.0,-689.335921,0.0
2019-03-03,3,0,119,200.0,200.0,0.0,22108.843661,0.0
2019-03-03,3,0,120,117.6,117.6,0.0,13000.000073,0.0
2019-03-03,3,0,123,0.0,0.0,0.0,0.0,0.0
2019-03-03,3,0,125,134.88,134.88,0.0,1833.964003,0.0
2019-03-03,3,0,126,0.0,0.0,0.0,0.0,0.0
2019-03-03,3,0,127,0.0,0.0,0.0,0.0,0.0
2019-03-03,3,0,128,193.18,193.18,0.0,2626.669381,0.0
2019-03-03,3,0,131,16.85,16.85,0.0,-6358.536116,0.0
2019-03-03,3,0,132,24.76,24.76,0.0,-9343.463159,0.0
2019-03-03,3,0,133,29.5,29.5,0.0,210.747034,0.0
2019-03-03,3,0,134,0.0,0.0,0.0,0.0,0.0
2019-03-03,3,0,135,39.48,39.48,0.0,282.043827,0.0
2019-03-03,3,0,136,7.76,7.76,0.0,55.844751,0.0
2019-03-03,3,0,139,82.38,82.38,0.0,944.646887,0.0
2019-03-03,3,0,140,250.6,250.6,0.0,-250600.0,0.0
2019-03-03,3,0,141,146.81,146.81,0.0,-82152.980439,0.0
2019-03-03,3,0,142,0.0,0.0,0.0,-0.0,0.0
2019-03-03,3,0,143,15.93,15.93,0.0,217.251734,0.0
2019-03-03,3,0,145,2.13,2.13,0.0,26.220327,0.0
2019-03-03,3,0,146,268.0,268.0,0.0,-268000.0,0.0
2019-03-03,3,0,152,0.0,0.0,0.0,0.0,0.0
2019-03-03,3,0,153,0.0,0.0,0.0,0.0,0.0
2019-03-03,3,0,154,0.0,0.0,0.0,0.0,0.0
2019-03-03,3,0,157,250.0,250.0,0.0,-139896.772085,0.0
2019-03-03,3,0,158,0.0,0.0,0.0,-0.0,0.0
2019-03-03,3,0,159,0.0,0.0,0.0,0.0,0.0
2019-03-03,3,0,160,0.0,0.0,0.0,0.0,0.0
2019-03-03,3,0,161,0.0,0.0,0.0,-0.0,0.0
2019-03-03,3,0,162,48.75,48.75,0.0,1276.763818,0.0
2019-03-03,3,0,163,177.88,177.88,0.0,-177880.0,0.0
2019-03-03,3,0,164,0.0,0.0,0.0,0.0,0.0
2019-03-03,3,0,167,0.0,0.0,0.0,0.0,0.0
2019-03-03,3,0,168,0.0,0.0,0.0,0.0,0.0
2019-03-03,3,0,169,0.0,0.0,0.0,0.0,0.0
2019-03-03,3,0,170,0.0,0.0,0.0,0.0,0.0
2019-03-03,3,0,172,0.0,0.0,0.0,0.0,0.0
2019-03-03,3,0,173,0.0,0.0,0.0,0.0,0.0
2019-03-03,3,0,188,0.0,0.0,0.0,0.0,0.0
2019-03-03,3,0,190,0.0,0.0,0.0,0.0,0.0
2019-03-03,3,0,191,0.0,0.0,0.0,0.0,0.0
2019-03-03,3,0,192,332.6,332.6,0.0,10785.405497,0.0
2019-03-03,3,0,194,118.2,118.2,0.0,-15481.196928,0.0
2019-03-03,3,0,196,0.0,0.0,0.0,0.0,0.0
2019-03-03,3,0,198,0.0,0.0,0.0,0.0,0.0
2019-03-03,3,0,199,2.61,2.61,0.0,-95.293492,0.0
2019-03-03,3,0,200,0.0,0.0,0.0,-0.0,0.0
2019-03-03,3,0,204,288.79,288.79,0.0,2951.932958,0.0
2019-03-03,3,0,205,298.09,298.09,0.0,2998.925539,0.0
2019-03-03,3,0,206,275.01,275.01,0.0,3762.312219,0.0
2019-03-03,3,0,210,0.0,0.0,0.0,0.0,0.0
2019-03-03,3,0,214,0.0,0.0,0.0,0.0,0.0
2019-03-03,3,0,217,0.0,0.0,0.0,0.0,0.0
2019-03-03,3,0,218,0.0,0.0,0.0,0.0,0.0
2019-03-03,3,0,219,0.0,0.0,0.0,0.0,0.0
2019-03-03,3,0,221,0.0,0.0,0.0,0.0,0.0
2019-03-03,3,0,225,0.0,0.0,0.0,0.0,0.0
2019-03-03,3,0,233,0.0,0.0,0.0,0.0,0.0
2019-03-03,3,0,236,21.09,21.09,0.0,163.909603,0.0
2019-03-03,3,0,237,27.41,27.41,0.0,232.756229,0.0
2019-03-03,3,0,238,0.0,0.0,0.0,0.0,0.0
2019-03-03,3,0,240,0.0,0.0,0.0,0.0,0.0
2019-03-03,3,0,245,31.62,31.62,0.0,220.713903,0.0
2019-03-03,3,0,247,36.01,36.01,0.0,251.356978,0.0
2019-03-03,3,0,248,2.75,2.75,0.0,23.352048,0.0
2019-03-03,3,0,249,60.8,60.8,0.0,424.396119,0.0
2019-03-03,3,0,251,60.17,60.17,0.0,437.376987,0.0
2019-03-03,3,0,252,44.84,44.84,0.0,322.578034,0.0
2019-03-03,3,0,254,0.0,0.0,0.0,0.0,0.0
2019-03-03,3,0,255,0.0,0.0,0.0,0.0,0.0
2019-03-03,3,0,258,0.0,0.0,0.0,0.0,0.0
2019-03-03,3,0,260,0.0,0.0,0.0,0.0,0.0
2019-03-03,3,0,265,0.0,0.0,0.0,0.0,0.0
2019-03-03,3,0,266,53.34,53.34,0.0,611.646819,0.0
2019-03-03,3,0,267,65.55,65.55,0.0,751.658212,0.0
2019-03-03,3,0,270,555.53,555.53,0.0,-555530.0,0.0
2019-03-03,3,0,272,205.6,205.6,0.0,-54721.029131,0.0
2019-03-03,3,0,273,0.0,0.0,0.0,-0.0,0.0
2019-03-03,3,0,274,716.14,716.14,0.0,-716140.0,0.0
2019-03-03,3,0,275,996.88,996.88,0.0,-996880.0,0.0
2019-03-03,3,0,276,0.0,0.0,0.0,-0.0,0.0
2019-03-03,3,0,277,0.0,0.0,0.0,-0.0,0.0
2019-03-03,3,0,278,0.0,0.0,0.0,-0.0,0.0
2019-03-03,3,0,279,179.01,179.01,0.0,-49807.582371,0.0
2019-03-03,3,0,281,4.96,4.96,0.0,67.64398,0.0
2019-03-03,3,0,282,0.0,0.0,0.0,0.0,0.0
2019-03-03,4,0,9,0.0,0.0,0.0,0.0,0.0
2019-03-03,4,0,17,0.0,0.0,0.0,0.0,0.0
2019-03-03,4,0,19,231.3,231.3,0.0,1577.240601,0.0
2019-03-03,4,0,20,280.52,280.52,0.0,1912.873036,0.0
2019-03-03,4,0,21,0.0,0.0,0.0,0.0,0.0
2019-03-03,4,0,22,0.0,0.0,0.0,0.0,0.0
2019-03-03,4,0,23,89.94,89.94,0.0,1112.706484,0.0
2019-03-03,4,0,24,148.65,148.65,0.0,1839.04624,0.0
2019-03-03,4,0,29,0.0,0.0,0.0,0.0,0.0
2019-03-03,4,0,30,0.0,0.0,0.0,0.0,0.0
2019-03-03,4,0,31,13.36,13.36,0.0,165.755716,0.0
2019-03-03,4,0,32,0.0,0.0,0.0,0.0,0.0
2019-03-03,4,0,33,0.0,0.0,0.0,0.0,0.0
2019-03-03,4,0,34,0.0,0.0,0.0,0.0,0.0
2019-03-03,4,0,35,0.0,0.0,0.0,0.0,0.0
2019-03-03,4,0,36,0.0,0.0,0.0,0.0,0.0
2019-03-03,4,0,37,0.0,0.0,0.0,0.0,0.0
2019-03-03,4,0,38,0.0,0.0,0.0,0.0,0.0
2019-03-03,4,0,39,0.0,0.0,0.0,0.0,0.0
2019-03-03,4,0,40,0.0,0.0,0.0,0.0,0.0
2019-03-03,4,0,41,61.38,61.38,0.0,646.796788,0.0
2019-03-03,4,0,42,0.0,0.0,0.0,0.0,0.0
2019-03-03,4,0,43,0.0,0.0,0.0,0.0,0.0
2019-03-03,4,0,46,0.0,0.0,0.0,0.0,0.0
2019-03-03,4,0,52,14.16,14.16,0.0,175.681208,0.0
2019-03-03,4,0,53,22.49,22.49,0.0,279.030393,0.0
2019-03-03,4,0,55,499.57,499.57,0.0,6180.506761,0.0
2019-03-03,4,0,56,0.0,0.0,0.0,0.0,0.0
2019-03-03,4,0,57,0.0,0.0,0.0,0.0,0.0
2019-03-03,4,0,58,0.0,0.0,0.0,0.0,0.0
2019-03-03,4,0,59,0.0,0.0,0.0,0.0,0.0
2019-03-03,4,0,63,170.0,170.0,0.0,17381.167067,0.0
2019-03-03,4,0,64,200.0,200.0,0.0,20448.431843,0.0
2019-03-03,4,0,65,4.42,4.42,0.0,30.314041,0.0
2019-03-03,4,0,67,0.0,0.0,0.0,-0.0,0.0
2019-03-03,4,0,68,6.06,6.06,0.0,-2544.414114,0.0
2019-03-03,4,0,69,0.0,0.0,0.0,0.0,0.0
2019-03-03,4,0,74,8.18,8.18,0.0,65.241489,0.0
2019-03-03,4,0,77,153.19,153.19,0.0,-46141.305479,0.0
2019-03-03,4,0,78,115.81,115.81,0.0,-34882.332969,0.0
2019-03-03,4,0,79,67.02,67.02,0.0,-20186.632895,0.0
2019-03-03,4,0,80,108.38,108.38,0.0,-32644.393811,0.0
2019-03-03,4,0,81,141.7,141.7,0.0,-42680.481666,0.0
2019-03-03,4,0,82,99.96,99.96,0.0,-30108.263566,0.0
2019-03-03,4,0,83,222.89,222.89,0.0,-67135.162728,0.0
2019-03-03,4,0,84,0.0,0.0,0.0,-0.0,0.0
2019-03-03,4,0,86,0.0,0.0,0.0,0.0,0.0
2019-03-03,4,0,87,0.0,0.0,0.0,0.0,0.0
2019-03-03,4,0,88,165.68,165.68,0.0,-49903.33241,0.0
2019-03-03,4,0,89,159.27,159.27,0.0,-47972.62043,0.0
2019-03-03,4,0,90,213.84,213.84,0.0,-64409.27452,0.0
2019-03-03,4,0,91,762.83,762.83,0.0,-229766.773672,0.0
2019-03-03,4,0,92,274.35,274.35,0.0,-82635.075124,0.0
2019-03-03,4,0,95,84.17,84.17,0.0,2139.070577,0.0
2019-03-03,4,0,96,28.82,28.82,0.0,358.626418,0.0
2019-03-03,4,0,97,177.23,177.23,0.0,2205.390702,0.0
2019-03-03,4,0,99,1.58,1.58,0.0,12.601657,0.0
2019-03-03,4,0,101,0.0,0.0,0.0,0.0,0.0
2019-03-03,4,0,102,14.35,14.35,0.0,-6025.139033,0.0
2019-03-03,4,0,103,12.48,12.48,0.0,-5239.981542,0.0
2019-03-03,4,0,104,2.32,2.32,0.0,-974.099133,0.0
2019-03-03,4,0,106,0.0,0.0,0.0,0.0,0.0
2019-03-03,4,0,109,46.38,46.38,0.0,432.565332,0.0
2019-03-03,4,0,110,338.6,338.6,0.0,-338600.0,0.0
2019-03-03,4,0,111,0.0,0.0,0.0,0.0,0.0
2019-03-03,4,0,113,45.0,45.0,0.0,-12212.210586,0.0
2019-03-03,4,0,115,45.0,45.0,0.0,-12212.210586,0.0
2019-03-03,4,0,116,0.0,0.0,0.0,-0.0,0.0
2019-03-03,4,0,117,3.0,3.0,0.0,-814.147372,0.0
2019-03-03,4,0,119,200.0,200.0,0.0,20448.431843,0.0
2019-03-03,4,0,120,117.6,117.6,0.0,12023.677924,0.0
2019-03-03,4,0,123,0.0,0.0,0.0,0.0,0.0
2019-03-03,4,0,125,136.39,136.39,0.0,1687.369772,0.0
2019-03-03,4,0,126,0.0,0.0,0.0,0.0,0.0
2019-03-03,4,0,127,0.0,0.0,0.0,0.0,0.0
2019-03-03,4,0,128,185.23,185.23,0.0,2291.601312,0.0
2019-03-03,4,0,131,20.45,20.45,0.0,-7806.395219,0.0
2019-03-03,4,0,132,30.07,30.07,0.0,-11478.645684,0.0
2019-03-03,4,0,133,47.55,47.55,0.0,324.068356,0.0
2019-03-03,4,0,134,0.0,0.0,0.0,0.0,0.0
2019-03-03,4,0,135,65.59,65.59,0.0,447.016688,0.0
2019-03-03,4,0,136,5.24,5.24,0.0,35.949233,0.0
2019-03-03,4,0,139,79.27,79.27,0.0,835.314132,0.0
2019-03-03,4,0,140,250.6,250.6,0.0,-250600.0,0.0
2019-03-03,4,0,141,128.74,128.74,0.0,-72439.148593,0.0
2019-03-03,4,0,142,0.0,0.0,0.0,-0.0,0.0
2019-03-03,4,0,143,19.26,19.26,0.0,238.956219,0.0
2019-03-03,4,0,145,3.18,3.18,0.0,35.817927,0.0
2019-03-03,4,0,146,268.0,268.0,0.0,-268000.0,0.0
2019-03-03,4,0,152,0.0,0.0,0.0,0.0,0.0
2019-03-03,4,0,153,0.0,0.0,0.0,0.0,0.0
2019-03-03,4,0,154,0.0,0.0,0.0,0.0,0.0
2019-03-03,4,0,157,250.0,250.0,0.0,-140669.466741,0.0
2019-03-03,4,0,158,0.0,0.0,0.0,-0.0,0.0
2019-03-03,4,0,159,0.0,0.0,0.0,0.0,0.0
2019-03-03,4,0,160,0.0,0.0,0.0,0.0,0.0
2019-03-03,4,0,161,0.0,0.0,0.0,-0.0,0.0
2019-03-03,4,0,162,48.75,48.75,0.0,1276.988121,0.0
2019-03-03,4,0,163,185.4,185.4,0.0,-185400.0,0.0
2019-03-03,4,0,164,0.0,0.0,0.0,0.0,0.0
2019-03-03,4,0,167,0.0,0.0,0.0,0.0,0.0
2019-03-03,4,0,168,0.0,0.0,0.0,0.0,0.0
2019-03-03,4,0,169,0.0,0.0,0.0,0.0,0.0
2019-03-03,4,0,170,0.0,0.0,0.0,0.0,0.0
2019-03-03,4,0,172,0.0,0.0,0.0,0.0,0.0
2019-03-03,4,0,173,0.0,0.0,0.0,0.0,0.0
2019-03-03,4,0,188,0.0,0.0,0.0,0.0,0.0
2019-03-03,4,0,190,0.0,0.0,0.0,0.0,0.0
2019-03-03,4,0,191,0.0,0.0,0.0,0.0,0.0
2019-03-03,4,0,192,332.6,332.6,0.0,10785.405497,0.0
2019-03-03,4,0,194,174.77,174.77,0.0,-23988.847304,0.0
2019-03-03,4,0,196,0.0,0.0,0.0,0.0,0.0
2019-03-03,4,0,198,0.0,0.0,0.0,0.0,0.0
2019-03-03,4,0,199,3.24,3.24,0.0,-122.897924,0.0
2019-03-03,4,0,200,0.0,0.0,0.0,-0.0,0.0
2019-03-03,4,0,204,224.56,224.56,0.0,2125.549985,0.0
2019-03-03,4,0,205,245.37,245.37,0.0,2288.455272,0.0
2019-03-03,4,0,206,520.77,520.77,0.0,6480.287288,0.0
2019-03-03,4,0,210,0.0,0.0,0.0,0.0,0.0
2019-03-03,4,0,214,0.0,0.0,0.0,0.0,0.0
2019-03-03,4,0,217,0.0,0.0,0.0,0.0,0.0
2019-03-03,4,0,218,0.0,0.0,0.0,0.0,0.0
2019-03-03,4,0,219,0.0,0.0,0.0,0.0,0.0
2019-03-03,4,0,221,0.0,0.0,0.0,0.0,0.0
2019-03-03,4,0,225,0.0,0.0,0.0,0.0,0.0
2019-03-03,4,0,233,0.0,0.0,0.0,0.0,0.0
2019-03-03,4,0,236,11.08,11.08,0.0,81.504519,0.0
2019-03-03,4,0,237,19.63,19.63,0.0,156.563623,0.0
2019-03-03,4,0,238,0.0,0.0,0.0,0.0,0.0
2019-03-03,4,0,240,0.0,0.0,0.0,0.0,0.0
2019-03-03,4,0,245,33.85,33.85,0.0,225.925281,0.0
2019-03-03,4,0,247,27.98,27.98,0.0,186.747101,0.0
2019-03-03,4,0,248,1.97,1.97,0.0,15.712192,0.0
2019-03-03,4,0,249,65.09,65.09,0.0,434.430622,0.0
2019-03-03,4,0,251,34.26,34.26,0.0,237.181779,0.0
2019-03-03,4,0,252,28.5,28.5,0.0,195.463836,0.0
2019-03-03,4,0,254,0.0,0.0,0.0,0.0,0.0
2019-03-03,4,0,255,0.0,0.0,0.0,0.0,0.0
2019-03-03,4,0,258,0.0,0.0,0.0,0.0,0.0
2019-03-03,4,0,260,0.0,0.0,0.0,0.0,0.0
2019-03-03,4,0,265,0.0,0.0,0.0,0.0,0.0
2019-03-03,4,0,266,51.33,51.33,0.0,540.894088,0.0
2019-03-03,4,0,267,63.07,63.07,0.0,664.605302,0.0
2019-03-03,4,0,270,579.0,579.0,0.0,-579000.0,0.0
2019-03-03,4,0,272,150.39,150.39,0.0,-40813.207778,0.0
2019-03-03,4,0,273,0.0,0.0,0.0,-0.0,0.0
2019-03-03,4,0,274,746.4,746.4,0.0,-746400.0,0.0
2019-03-03,4,0,275,1039.0,1039.0,0.0,-1039000.0,0.0
2019-03-03,4,0,276,0.0,0.0,0.0,-0.0,0.0
2019-03-03,4,0,277,0.0,0.0,0.0,-0.0,0.0
2019-03-03,4,0,278,0.0,0.0,0.0,-0.0,0.0
2019-03-03,4,0,279,250.05,250.05,0.0,-70848.67717,0.0
2019-03-03,4,0,281,5.99,5.99,0.0,74.317121,0.0
2019-03-03,4,0,282,0.0,0.0,0.0,0.0,0.0
2019-03-03,5,0,9,0.0,0.0,0.0,0.0,0.0
2019-03-03,5,0,17,0.0,0.0,0.0,0.0,0.0
2019-03-03,5,0,19,113.9,113.9,0.0,881.268119,0.0
2019-03-03,5,0,20,138.14,138.14,0.0,1068.818069,0.0
2019-03-03,5,0,21,0.0,0.0,0.0,0.0,0.0
2019-03-03,5,0,22,0.0,0.0,0.0,0.0,0.0
2019-03-03,5,0,23,85.0,85.0,0.0,1371.268024,0.0
2019-03-03,5,0,24,150.39,150.39,0.0,2426.176449,0.0
2019-03-03,5,0,29,0.0,0.0,0.0,0.0,0.0
2019-03-03,5,0,30,0.0,0.0,0.0,0.0,0.0
2019-03-03,5,0,31,10.55,10.55,0.0,170.760231,0.0
2019-03-03,5,0,32,0.0,0.0,0.0,0.0,0.0
2019-03-03,5,0,33,0.0,0.0,0.0,0.0,0.0
2019-03-03,5,0,34,0.0,0.0,0.0,0.0,0.0
2019-03-03,5,0,35,0.0,0.0,0.0,0.0,0.0
2019-03-03,5,0,36,0.0,0.0,0.0,0.0,0.0
2019-03-03,5,0,37,0.0,0.0,0.0,0.0,0.0
2019-03-03,5,0,38,0.0,0.0,0.0,0.0,0.0
2019-03-03,5,0,39,0.0,0.0,0.0,0.0,0.0
2019-03-03,5,0,40,0.0,0.0,0.0,0.0,0.0
2019-03-03,5,0,41,44.29,44.29,0.0,591.693197,0.0
2019-03-03,5,0,42,0.0,0.0,0.0,0.0,0.0
2019-03-03,5,0,43,0.0,0.0,0.0,0.0,0.0
2019-03-03,5,0,46,0.0,0.0,0.0,0.0,0.0
2019-03-03,5,0,52,11.18,11.18,0.0,180.957287,0.0
2019-03-03,5,0,53,17.76,17.76,0.0,287.459877,0.0
2019-03-03,5,0,55,226.77,226.77,0.0,3658.381764,0.0
2019-03-03,5,0,56,0.0,0.0,0.0,0.0,0.0
2019-03-03,5,0,57,0.0,0.0,0.0,0.0,0.0
2019-03-03,5,0,58,0.0,0.0,0.0,0.0,0.0
2019-03-03,5,0,59,0.0,0.0,0.0,0.0,0.0
2019-03-03,5,0,63,170.0,170.0,0.0,16433.02382,0.0
2019-03-03,5,0,64,200.0,200.0,0.0,19332.9692,0.0
2019-03-03,5,0,65,3.95,3.95,0.0,30.797012,0.0
2019-03-03,5,0,67,0.0,0.0,0.0,-0.0,0.0
2019-03-03,5,0,68,8.5,8.5,0.0,-3598.576955,0.0
2019-03-03,5,0,69,0.0,0.0,0.0,0.0,0.0
2019-03-03,5,0,74,6.11,6.11,0.0,57.960098,0.0
2019-03-03,5,0,77,174.97,174.97,0.0,-53458.007623,0.0
2019-03-03,5,0,78,132.28,132.28,0.0,-40415.072575,0.0
2019-03-03,5,0,79,76.55,76.55,0.0,-23388.069289,0.0
2019-03-03,5,0,80,123.79,123.79,0.0,-37821.150847,0.0
2019-03-03,5,0,81,161.84,161.84,0.0,-49446.441983,0.0
2019-03-03,5,0,82,114.17,114.17,0.0,-34881.983942,0.0
2019-03-03,5,0,83,254.58,254.58,0.0,-77780.98863,0.0
2019-03-03,5,0,84,0.0,0.0,0.0,-0.0,0.0
2019-03-03,5,0,86,0.0,0.0,0.0,0.0,0.0
2019-03-03,5,0,87,0.0,0.0,0.0,0.0,0.0
2019-03-03,5,0,88,170.6,170.6,0.0,-52122.855921,0.0
2019-03-03,5,0,89,164.0,164.0,0.0,-50106.379666,0.0
2019-03-03,5,0,90,220.2,220.2,0.0,-67276.980503,0.0
2019-03-03,5,0,91,785.5,785.5,0.0,-239991.226998,0.0
2019-03-03,5,0,92,282.5,282.5,0.0,-86311.294242,0.0
2019-03-03,5,0,95,36.0,36.0,0.0,914.892964,0.0
2019-03-03,5,0,96,20.88,20.88,0.0,339.121345,0.0
2019-03-03,5,0,97,128.4,128.4,0.0,2085.401373,0.0
2019-03-03,5,0,99,1.18,1.18,0.0,11.193603,0.0
2019-03-03,5,0,101,0.0,0.0,0.0,0.0,0.0
2019-03-03,5,0,102,20.12,20.12,0.0,-8518.043334,0.0
2019-03-03,5,0,103,17.49,17.49,0.0,-7404.601288,0.0
2019-03-03,5,0,104,3.25,3.25,0.0,-1375.926483,0.0
2019-03-03,5,0,106,0.0,0.0,0.0,0.0,0.0
2019-03-03,5,0,109,14.28,14.28,0.0,164.626784,0.0
2019-03-03,5,0,110,338.6,338.6,0.0,-338600.0,0.0
2019-03-03,5,0,111,0.0,0.0,0.0,0.0,0.0
2019-03-03,5,0,113,106.15,106.15,0.0,-29244.224751,0.0
2019-03-03,5,0,115,106.15,106.15,0.0,-29244.224751,0.0
2019-03-03,5,0,116,0.0,0.0,0.0,-0.0,0.0
2019-03-03,5,0,117,5.11,5.11,0.0,-1407.800174,0.0
2019-03-03,5,0,119,200.0,200.0,0.0,19332.9692,0.0
2019-03-03,5,0,120,117.6,117.6,0.0,11367.78589,0.0
2019-03-03,5,0,123,0.0,0.0,0.0,0.0,0.0
2019-03-03,5,0,125,136.09,136.09,0.0,2195.48077,0.0
2019-03-03,5,0,126,0.0,0.0,0.0,0.0,0.0
2019-03-03,5,0,127,0.0,0.0,0.0,0.0,0.0
2019-03-03,5,0,128,194.92,194.92,0.0,3144.559569,0.0
2019-03-03,5,0,131,25.27,25.27,0.0,-9740.373305,0.0
2019-03-03,5,0,132,37.15,37.15,0.0,-14319.543659,0.0
2019-03-03,5,0,133,10.31,10.31,0.0,79.712828,0.0
2019-03-03,5,0,134,0.0,0.0,0.0,0.0,0.0
2019-03-03,5,0,135,14.68,14.68,0.0,113.499933,0.0
2019-03-03,5,0,136,4.81,4.81,0.0,37.517897,0.0
2019-03-03,5,0,139,57.19,57.19,0.0,764.031021,0.0
2019-03-03,5,0,140,250.6,250.6,0.0,-250600.0,0.0
2019-03-03,5,0,141,142.98,142.98,0.0,-80828.02625,0.0
2019-03-03,5,0,142,0.0,0.0,0.0,-0.0,0.0
2019-03-03,5,0,143,31.94,31.94,0.0,516.974575,0.0
2019-03-03,5,0,145,5.81,5.81,0.0,83.995631,0.0
2019-03-03,5,0,146,268.0,268.0,0.0,-268000.0,0.0
2019-03-03,5,0,152,0.0,0.0,0.0,0.0,0.0
2019-03-03,5,0,153,0.0,0.0,0.0,0.0,0.0
2019-03-03,5,0,154,0.0,0.0,0.0,0.0,0.0
2019-03-03,5,0,157,250.0,250.0,0.0,-141327.504283,0.0
2019-03-03,5,0,158,0.0,0.0,0.0,-0.0,0.0
2019-03-03,5,0,159,0.0,0.0,0.0,0.0,0.0
2019-03-03,5,0,160,0.0,0.0,0.0,0.0,0.0
2019-03-03,5,0,161,0.0,0.0,0.0,-0.0,0.0
2019-03-03,5,0,162,48.75,48.75,0.0,1277.314538,0.0
2019-03-03,5,0,163,185.4,185.4,0.0,-185400.0,0.0
2019-03-03,5,0,164,0.0,0.0,0.0,0.0,0.0
2019-03-03,5,0,167,0.0,0.0,0.0,0.0,0.0
2019-03-03,5,0,168,0.0,0.0,0.0,0.0,0.0
2019-03-03,5,0,169,0.0,0.0,0.0,0.0,0.0
2019-03-03,5,0,170,0.0,0.0,0.0,0.0,0.0
2019-03-03,5,0,172,0.0,0.0,0.0,0.0,0.0
2019-03-03,5,0,173,0.0,0.0,0.0,0.0,0.0
2019-03-03,5,0,188,0.0,0.0,0.0,0.0,0.0
2019-03-03,5,0,190,0.0,0.0,0.0,0.0,0.0
2019-03-03,5,0,191,0.0,0.0,0.0,0.0,0.0
2019-03-03,5,0,192,332.6,332.6,0.0,10785.405497,0.0
2019-03-03,5,0,194,176.5,176.5,0.0,-25031.72367,0.0
2019-03-03,5,0,196,0.0,0.0,0.0,0.0,0.0
2019-03-03,5,0,198,0.0,0.0,0.0,0.0,0.0
2019-03-03,5,0,199,7.12,7.12,0.0,-288.282249,0.0
2019-03-03,5,0,200,0.0,0.0,0.0,-0.0,0.0
2019-03-03,5,0,204,67.29,67.29,0.0,789.878435,0.0
2019-03-03,5,0,205,75.55,75.55,0.0,870.977136,0.0
2019-03-03,5,0,206,377.3,377.3,0.0,6127.896714,0.0
2019-03-03,5,0,210,0.0,0.0,0.0,0.0,0.0
2019-03-03,5,0,214,0.0,0.0,0.0,0.0,0.0
2019-03-03,5,0,217,0.0,0.0,0.0,0.0,0.0
2019-03-03,5,0,218,0.0,0.0,0.0,0.0,0.0
2019-03-03,5,0,219,0.0,0.0,0.0,0.0,0.0
2019-03-03,5,0,221,0.0,0.0,0.0,0.0,0.0
2019-03-03,5,0,225,0.0,0.0,0.0,0.0,0.0
2019-03-03,5,0,233,0.0,0.0,0.0,0.0,0.0
2019-03-03,5,0,236,6.5,6.5,0.0,55.569143,0.0
2019-03-03,5,0,237,14.67,14.67,0.0,139.161151,0.0
2019-03-03,5,0,238,0.0,0.0,0.0,0.0,0.0
2019-03-03,5,0,240,0.0,0.0,0.0,0.0,0.0
2019-03-03,5,0,245,17.86,17.86,0.0,134.278622,0.0
2019-03-03,5,0,247,16.69,16.69,0.0,125.482094,0.0
2019-03-03,5,0,248,1.47,1.47,0.0,13.944573,0.0
2019-03-03,5,0,249,34.34,34.34,0.0,258.181853,0.0
2019-03-03,5,0,251,30.65,30.65,0.0,241.963532,0.0
2019-03-03,5,0,252,25.49,25.49,0.0,198.738187,0.0
2019-03-03,5,0,254,0.0,0.0,0.0,0.0,0.0
2019-03-03,5,0,255,0.0,0.0,0.0,0.0,0.0
2019-03-03,5,0,258,0.0,0.0,0.0,0.0,0.0
2019-03-03,5,0,260,0.0,0.0,0.0,0.0,0.0
2019-03-03,5,0,265,0.0,0.0,0.0,0.0,0.0
2019-03-03,5,0,266,37.03,37.03,0.0,494.703072,0.0
2019-03-03,5,0,267,45.51,45.51,0.0,607.991813,0.0
2019-03-03,5,0,270,579.0,579.0,0.0,-579000.0,0.0
2019-03-03,5,0,272,364.92,364.92,0.0,-100535.115365,0.0
2019-03-03,5,0,273,0.0,0.0,0.0,-0.0,0.0
2019-03-03,5,0,274,746.4,746.4,0.0,-746400.0,0.0
2019-03-03,5,0,275,1039.0,1039.0,0.0,-1039000.0,0.0
2019-03-03,5,0,276,0.0,0.0,0.0,-0.0,0.0
2019-03-03,5,0,277,0.0,0.0,0.0,-0.0,0.0
2019-03-03,5,0,278,0.0,0.0,0.0,-0.0,0.0
2019-03-03,5,0,279,264.6,264.6,0.0,-76082.455556,0.0
2019-03-03,5,0,281,4.73,4.73,0.0,76.558852,0.0
2019-03-03,5,0,282,0.0,0.0,0.0,0.0,0.0
2019-03-03,6,0,9,0.0,0.0,0.0,0.0,0.0
2019-03-03,6,0,17,0.0,0.0,0.0,0.0,0.0
2019-03-03,6,0,19,45.77,45.77,0.0,375.1021,0.0
2019-03-03,6,0,20,55.51,55.51,0.0,454.925007,0.0
2019-03-03,6,0,21,0.0,0.0,0.0,0.0,0.0
2019-03-03,6,0,22,0.0,0.0,0.0,0.0,0.0
2019-03-03,6,0,23,72.41,72.41,0.0,1335.81153,0.0
2019-03-03,6,0,24,128.12,128.12,0.0,2363.54334,0.0
2019-03-03,6,0,29,0.0,0.0,0.0,0.0,0.0
2019-03-03,6,0,30,0.0,0.0,0.0,0.0,0.0
2019-03-03,6,0,31,8.17,8.17,0.0,151.250421,0.0
2019-03-03,6,0,32,0.0,0.0,0.0,0.0,0.0
2019-03-03,6,0,33,0.0,0.0,0.0,0.0,0.0
2019-03-03,6,0,34,0.0,0.0,0.0,0.0,0.0
2019-03-03,6,0,35,0.0,0.0,0.0,0.0,0.0
2019-03-03,6,0,36,0.0,0.0,0.0,0.0,0.0
2019-03-03,6,0,37,0.0,0.0,0.0,0.0,0.0
2019-03-03,6,0,38,0.0,0.0,0.0,0.0,0.0
2019-03-03,6,0,39,0.0,0.0,0.0,0.0,0.0
2019-03-03,6,0,40,0.0,0.0,0.0,0.0,0.0
2019-03-03,6,0,41,31.04,31.04,0.0,467.506185,0.0
2019-03-03,6,0,42,0.0,0.0,0.0,0.0,0.0
2019-03-03,6,0,43,0.0,0.0,0.0,0.0,0.0
2019-03-03,6,0,46,0.0,0.0,0.0,0.0,0.0
2019-03-03,6,0,52,8.66,8.66,0.0,160.321744,0.0
2019-03-03,6,0,53,13.75,13.75,0.0,254.552422,0.0
2019-03-03,6,0,55,51.36,51.36,0.0,947.483499,0.0
2019-03-03,6,0,56,0.0,0.0,0.0,0.0,0.0
2019-03-03,6,0,57,0.0,0.0,0.0,0.0,0.0
2019-03-03,6,0,58,0.0,0.0,0.0,0.0,0.0
2019-03-03,6,0,59,0.0,0.0,0.0,0.0,0.0
2019-03-03,6,0,63,170.0,170.0,0.0,18093.751288,0.0
2019-03-03,6,0,64,200.0,200.0,0.0,21286.766221,0.0
2019-03-03,6,0,65,3.56,3.56,0.0,29.434208,0.0
2019-03-03,6,0,67,0.0,0.0,0.0,-0.0,0.0
2019-03-03,6,0,68,10.2,10.2,0.0,-4271.436101,0.0
2019-03-03,6,0,69,0.0,0.0,0.0,0.0,0.0
2019-03-03,6,0,74,4.81,4.81,0.0,49.692802,0.0
2019-03-03,6,0,77,200.0,200.0,0.0,-60013.495439,0.0
2019-03-03,6,0,78,151.2,151.2,0.0,-45370.202552,0.0
2019-03-03,6,0,79,87.5,87.5,0.0,-26255.904254,0.0
2019-03-03,6,0,80,141.5,141.5,0.0,-42459.548023,0.0
2019-03-03,6,0,81,185.0,185.0,0.0,-55512.483281,0.0
2019-03-03,6,0,82,130.5,130.5,0.0,-39158.805774,0.0
2019-03-03,6,0,83,291.0,291.0,0.0,-87319.635863,0.0
2019-03-03,6,0,84,0.0,0.0,0.0,0.0,0.0
2019-03-03,6,0,86,0.0,0.0,0.0,0.0,0.0
2019-03-03,6,0,87,0.0,0.0,0.0,0.0,0.0
2019-03-03,6,0,88,170.6,170.6,0.0,-51191.511609,0.0
2019-03-03,6,0,89,164.0,164.0,0.0,-49211.06626,0.0
2019-03-03,6,0,90,220.2,220.2,0.0,-66074.858478,0.0
2019-03-03,6,0,91,785.5,785.5,0.0,-235703.003335,0.0
2019-03-03,6,0,92,282.5,282.5,0.0,-84769.062307,0.0
2019-03-03,6,0,95,36.0,36.0,0.0,914.892964,0.0
2019-03-03,6,0,96,14.63,14.63,0.0,271.837858,0.0
2019-03-03,6,0,97,89.98,89.98,0.0,1671.905023,0.0
2019-03-03,6,0,99,0.93,0.93,0.0,9.607964,0.0
2019-03-03,6,0,101,0.0,0.0,0.0,0.0,0.0
2019-03-03,6,0,102,24.15,24.15,0.0,-10113.253122,0.0
2019-03-03,6,0,103,21.0,21.0,0.0,-8794.13315,0.0
2019-03-03,6,0,104,3.9,3.9,0.0,-1633.196156,0.0
2019-03-03,6,0,106,0.0,0.0,0.0,0.0,0.0
2019-03-03,6,0,109,0.0,0.0,0.0,0.0,0.0
2019-03-03,6,0,110,338.6,338.6,0.0,-338600.0,0.0
2019-03-03,6,0,111,0.0,0.0,0.0,0.0,0.0
2019-03-03,6,0,113,137.43,137.43,0.0,-37045.637695,0.0
2019-03-03,6,0,115,137.43,137.43,0.0,-37045.637695,0.0
2019-03-03,6,0,116,0.0,0.0,0.0,-0.0,0.0
2019-03-03,6,0,117,5.45,5.45,0.0,-1469.102273,0.0
2019-03-03,6,0,119,200.0,200.0,0.0,21286.766221,0.0
2019-03-03,6,0,120,117.6,117.6,0.0,12516.618538,0.0
2019-03-03,6,0,123,0.0,0.0,0.0,0.0,0.0
2019-03-03,6,0,125,115.94,115.94,0.0,2138.848071,0.0
2019-03-03,6,0,126,0.0,0.0,0.0,0.0,0.0
2019-03-03,6,0,127,0.0,0.0,0.0,0.0,0.0
2019-03-03,6,0,128,166.06,166.06,0.0,3063.45619,0.0
2019-03-03,6,0,131,30.0,30.0,0.0,-11416.688803,0.0
2019-03-03,6,0,132,44.1,44.1,0.0,-16782.53254,0.0
2019-03-03,6,0,133,3.34,3.34,0.0,27.349671,0.0
2019-03-03,6,0,134,0.0,0.0,0.0,0.0,0.0
2019-03-03,6,0,135,4.47,4.47,0.0,36.602703,0.0
2019-03-03,6,0,136,4.46,4.46,0.0,36.893232,0.0
2019-03-03,6,0,139,40.08,40.08,0.0,603.661337,0.0
2019-03-03,6,0,140,250.6,250.6,0.0,-250600.0,0.0
2019-03-03,6,0,141,183.39,183.39,0.0,-103037.137359,0.0
2019-03-03,6,0,142,0.0,0.0,0.0,-0.0,0.0
2019-03-03,6,0,143,49.33,49.33,0.0,913.241527,0.0
2019-03-03,6,0,145,9.93,9.93,0.0,162.869505,0.0
2019-03-03,6,0,146,268.0,268.0,0.0,-268000.0,0.0
2019-03-03,6,0,152,0.0,0.0,0.0,0.0,0.0
2019-03-03,6,0,153,0.0,0.0,0.0,0.0,0.0
2019-03-03,6,0,154,0.0,0.0,0.0,0.0,0.0
2019-03-03,6,0,157,244.77,244.77,0.0,-137523.311583,0.0
2019-03-03,6,0,158,0.0,0.0,0.0,-0.0,0.0
2019-03-03,6,0,159,0.0,0.0,0.0,0.0,0.0
2019-03-03,6,0,160,0.0,0.0,0.0,0.0,0.0
2019-03-03,6,0,161,0.0,0.0,0.0,-0.0,0.0
2019-03-03,6,0,162,48.75,48.75,0.0,1276.601279,0.0
2019-03-03,6,0,163,185.4,185.4,0.0,-185400.0,0.0
2019-03-03,6,0,164,0.0,0.0,0.0,0.0,0.0
2019-03-03,6,0,167,0.0,0.0,0.0,0.0,0.0
2019-03-03,6,0,168,0.0,0.0,0.0,0.0,0.0
2019-03-03,6,0,169,0.0,0.0,0.0,0.0,0.0
2019-03-03,6,0,170,0.0,0.0,0.0,0.0,0.0
2019-03-03,6,0,172,0.0,0.0,0.0,0.0,0.0
2019-03-03,6,0,173,0.0,0.0,0.0,0.0,0.0
2019-03-03,6,0,188,0.0,0.0,0.0,0.0,0.0
2019-03-03,6,0,190,0.0,0.0,0.0,0.0,0.0
2019-03-03,6,0,191,0.0,0.0,0.0,0.0,0.0
2019-03-03,6,0,192,332.6,332.6,0.0,10785.405497,0.0
2019-03-03,6,0,194,176.5,176.5,0.0,-23755.915074,0.0
2019-03-03,6,0,196,0.0,0.0,0.0,0.0,0.0
2019-03-03,6,0,198,0.0,0.0,0.0,0.0,0.0
2019-03-03,6,0,199,17.99,17.99,0.0,-708.003928,0.0
2019-03-03,6,0,200,0.0,0.0,0.0,-0.0,0.0
2019-03-03,6,0,204,0.0,0.0,0.0,0.0,0.0
2019-03-03,6,0,205,0.0,0.0,0.0,0.0,0.0
2019-03-03,6,0,206,264.41,264.41,0.0,4912.962959,0.0
2019-03-03,6,0,210,0.0,0.0,0.0,0.0,0.0
2019-03-03,6,0,214,0.0,0.0,0.0,0.0,0.0
2019-03-03,6,0,217,0.0,0.0,0.0,0.0,0.0
2019-03-03,6,0,218,0.0,0.0,0.0,0.0,0.0
2019-03-03,6,0,219,0.0,0.0,0.0,0.0,0.0
2019-03-03,6,0,221,0.0,0.0,0.0,0.0,0.0
2019-03-03,6,0,225,0.0,0.0,0.0,0.0,0.0
2019-03-03,6,0,233,0.0,0.0,0.0,0.0,0.0
2019-03-03,6,0,236,4.46,4.46,0.0,40.973399,0.0
2019-03-03,6,0,237,11.53,11.53,0.0,119.118088,0.0
2019-03-03,6,0,238,0.0,0.0,0.0,0.0,0.0
2019-03-03,6,0,240,0.0,0.0,0.0,0.0,0.0
2019-03-03,6,0,245,7.97,7.97,0.0,63.187417,0.0
2019-03-03,6,0,247,9.39,9.39,0.0,74.445401,0.0
2019-03-03,6,0,248,1.16,1.16,0.0,11.984127,0.0
2019-03-03,6,0,249,15.32,15.32,0.0,121.459376,0.0
2019-03-03,6,0,251,27.37,27.37,0.0,229.561515,0.0
2019-03-03,6,0,252,22.99,22.99,0.0,190.082145,0.0
2019-03-03,6,0,254,0.0,0.0,0.0,0.0,0.0
2019-03-03,6,0,255,0.0,0.0,0.0,0.0,0.0
2019-03-03,6,0,258,0.0,0.0,0.0,0.0,0.0
2019-03-03,6,0,260,0.0,0.0,0.0,0.0,0.0
2019-03-03,6,0,265,0.0,0.0,0.0,0.0,0.0
2019-03-03,6,0,266,25.96,25.96,0.0,390.994219,0.0
2019-03-03,6,0,267,31.9,31.9,0.0,480.458998,0.0
2019-03-03,6,0,270,579.0,579.0,0.0,-579000.0,0.0
2019-03-03,6,0,272,484.95,484.95,0.0,-130723.146332,0.0
2019-03-03,6,0,273,0.0,0.0,0.0,-0.0,0.0
2019-03-03,6,0,274,746.4,746.4,0.0,-746400.0,0.0
2019-03-03,6,0,275,1039.0,1039.0,0.0,-1039000.0,0.0
2019-03-03,6,0,276,0.0,0.0,0.0,-0.0,0.0
2019-03-03,6,0,277,0.0,0.0,0.0,-0.0,0.0
2019-03-03,6,0,278,0.0,0.0,0.0,-0.0,0.0
2019-03-03,6,0,279,264.6,264.6,0.0,-74561.890658,0.0
2019-03-03,6,0,281,3.67,3.67,0.0,67.942356,0.0
2019-03-03,6,0,282,0.0,0.0,0.0,0.0,0.0
2019-03-03,7,0,9,0.0,0.0,0.0,0.0,0.0
2019-03-03,7,0,17,0.0,0.0,0.0,0.0,0.0
2019-03-03,7,0,19,13.41,13.41,0.0,209.226311,0.0
2019-03-03,7,0,20,16.26,16.26,0.0,253.692753,0.0
2019-03-03,7,0,21,0.0,0.0,0.0,0.0,0.0
2019-03-03,7,0,22,0.0,0.0,0.0,0.0,0.0
2019-03-03,7,0,23,61.48,61.48,0.0,2815.307649,0.0
2019-03-03,7,0,24,108.78,108.78,0.0,4981.281165,0.0
2019-03-03,7,0,29,0.0,0.0,0.0,0.0,0.0
2019-03-03,7,0,30,0.0,0.0,0.0,0.0,0.0
2019-03-03,7,0,31,15.25,15.25,0.0,701.251436,0.0
2019-03-03,7,0,32,0.0,0.0,0.0,0.0,0.0
2019-03-03,7,0,33,0.0,0.0,0.0,0.0,0.0
2019-03-03,7,0,34,0.0,0.0,0.0,0.0,0.0
2019-03-03,7,0,35,0.0,0.0,0.0,0.0,0.0
2019-03-03,7,0,36,0.0,0.0,0.0,0.0,0.0
2019-03-03,7,0,37,0.0,0.0,0.0,0.0,0.0
2019-03-03,7,0,38,0.0,0.0,0.0,0.0,0.0
2019-03-03,7,0,39,0.0,0.0,0.0,0.0,0.0
2019-03-03,7,0,40,0.0,0.0,0.0,0.0,0.0
2019-03-03,7,0,41,15.79,15.79,0.0,565.602383,0.0
2019-03-03,7,0,42,0.0,0.0,0.0,0.0,0.0
2019-03-03,7,0,43,0.0,0.0,0.0,0.0,0.0
2019-03-03,7,0,46,0.0,0.0,0.0,0.0,0.0
2019-03-03,7,0,52,16.17,16.17,0.0,743.556441,0.0
2019-03-03,7,0,53,25.69,25.69,0.0,1181.321272,0.0
2019-03-03,7,0,55,24.89,24.89,0.0,1139.769151,0.0
2019-03-03,7,0,56,0.0,0.0,0.0,0.0,0.0
2019-03-03,7,0,57,0.0,0.0,0.0,0.0,0.0
2019-03-03,7,0,58,0.0,0.0,0.0,0.0,0.0
2019-03-03,7,0,59,0.0,0.0,0.0,0.0,0.0
2019-03-03,7,0,63,170.0,170.0,0.0,17912.783025,0.0
2019-03-03,7,0,64,200.0,200.0,0.0,21073.862382,0.0
2019-03-03,7,0,65,3.28,3.28,0.0,51.877249,0.0
2019-03-03,7,0,67,0.0,0.0,0.0,-0.0,0.0
2019-03-03,7,0,68,10.2,10.2,0.0,-4322.700257,0.0
2019-03-03,7,0,69,0.0,0.0,0.0,0.0,0.0
2019-03-03,7,0,74,4.04,4.04,0.0,88.441048,0.0
2019-03-03,7,0,77,200.0,200.0,0.0,-61387.827849,0.0
2019-03-03,7,0,78,151.2,151.2,0.0,-46409.197854,0.0
2019-03-03,7,0,79,87.5,87.5,0.0,-26857.174684,0.0
2019-03-03,7,0,80,141.5,141.5,0.0,-43431.888203,0.0
2019-03-03,7,0,81,185.0,185.0,0.0,-56783.740761,0.0
2019-03-03,7,0,82,130.5,130.5,0.0,-40055.557672,0.0
2019-03-03,7,0,83,291.0,291.0,0.0,-89319.289521,0.0
2019-03-03,7,0,84,0.0,0.0,0.0,0.0,0.0
2019-03-03,7,0,86,0.0,0.0,0.0,0.0,0.0
2019-03-03,7,0,87,0.0,0.0,0.0,0.0,0.0
2019-03-03,7,0,88,170.6,170.6,0.0,-52363.817156,0.0
2019-03-03,7,0,89,164.0,164.0,0.0,-50338.018837,0.0
2019-03-03,7,0,90,220.2,220.2,0.0,-67587.998462,0.0
2019-03-03,7,0,91,785.5,785.5,0.0,-241100.693879,0.0
2019-03-03,7,0,92,282.5,282.5,0.0,-86710.306837,0.0
2019-03-03,7,0,95,36.0,36.0,0.0,914.892964,0.0
2019-03-03,7,0,96,9.86,9.86,0.0,455.372106,0.0
2019-03-03,7,0,97,60.65,60.65,0.0,2801.046476,0.0
2019-03-03,7,0,99,0.78,0.78,0.0,17.075252,0.0
2019-03-03,7,0,101,0.0,0.0,0.0,0.0,0.0
2019-03-03,7,0,102,24.15,24.15,0.0,-10234.62855,0.0
2019-03-03,7,0,103,21.0,21.0,0.0,-8899.677,0.0
2019-03-03,7,0,104,3.9,3.9,0.0,-1652.797157,0.0
2019-03-03,7,0,106,0.0,0.0,0.0,0.0,0.0
2019-03-03,7,0,109,0.0,0.0,0.0,0.0,0.0
2019-03-03,7,0,110,338.6,338.6,0.0,-338600.0,0.0
2019-03-03,7,0,111,0.0,0.0,0.0,0.0,0.0
2019-03-03,7,0,113,75.93,75.93,0.0,-20805.16573,0.0
2019-03-03,7,0,115,75.93,75.93,0.0,-20805.16573,0.0
2019-03-03,7,0,116,0.0,0.0,0.0,-0.0,0.0
2019-03-03,7,0,117,3.11,3.11,0.0,-852.154161,0.0
2019-03-03,7,0,119,200.0,200.0,0.0,21073.862382,0.0
2019-03-03,7,0,120,117.6,117.6,0.0,12391.431081,0.0
2019-03-03,7,0,123,0.0,0.0,0.0,0.0,0.0
2019-03-03,7,0,125,98.44,98.44,0.0,4507.78928,0.0
2019-03-03,7,0,126,0.0,0.0,0.0,0.0,0.0
2019-03-03,7,0,127,0.0,0.0,0.0,0.0,0.0
2019-03-03,7,0,128,140.99,140.99,0.0,6456.2496,0.0
2019-03-03,7,0,131,30.0,30.0,0.0,-11577.378268,0.0
2019-03-03,7,0,132,44.1,44.1,0.0,-17018.746054,0.0
2019-03-03,7,0,133,0.98,0.98,0.0,15.270459,0.0
2019-03-03,7,0,134,0.0,0.0,0.0,0.0,0.0
2019-03-03,7,0,135,1.31,1.31,0.0,20.412552,0.0
2019-03-03,7,0,136,4.2,4.2,0.0,66.477521,0.0
2019-03-03,7,0,139,20.4,20.4,0.0,730.733921,0.0
2019-03-03,7,0,140,250.6,250.6,0.0,-250600.0,0.0
2019-03-03,7,0,141,230.0,230.0,0.0,-130096.230683,0.0
2019-03-03,7,0,142,0.0,0.0,0.0,-0.0,0.0
2019-03-03,7,0,143,32.13,32.13,0.0,1477.456305,0.0
2019-03-03,7,0,145,15.97,15.97,0.0,635.081347,0.0
2019-03-03,7,0,146,268.0,268.0,0.0,-268000.0,0.0
2019-03-03,7,0,152,0.0,0.0,0.0,0.0,0.0
2019-03-03,7,0,153,0.0,0.0,0.0,0.0,0.0
2019-03-03,7,0,154,0.0,0.0,0.0,0.0,0.0
2019-03-03,7,0,157,228.58,228.58,0.0,-129293.027868,0.0
2019-03-03,7,0,158,0.0,0.0,0.0,-0.0,0.0
2019-03-03,7,0,159,0.0,0.0,0.0,0.0,0.0
2019-03-03,7,0,160,0.0,0.0,0.0,0.0,0.0
2019-03-03,7,0,161,0.0,0.0,0.0,-0.0,0.0
2019-03-03,7,0,162,48.75,48.75,0.0,1275.379521,0.0
2019-03-03,7,0,163,185.4,185.4,0.0,-185400.0,0.0
2019-03-03,7,0,164,0.0,0.0,0.0,0.0,0.0
2019-03-03,7,0,167,0.0,0.0,0.0,0.0,0.0
2019-03-03,7,0,168,0.0,0.0,0.0,0.0,0.0
2019-03-03,7,0,169,0.0,0.0,0.0,0.0,0.0
2019-03-03,7,0,170,0.0,0.0,0.0,0.0,0.0
2019-03-03,7,0,172,0.0,0.0,0.0,0.0,0.0
2019-03-03,7,0,173,0.0,0.0,0.0,0.0,0.0
2019-03-03,7,0,188,0.0,0.0,0.0,0.0,0.0
2019-03-03,7,0,190,0.0,0.0,0.0,0.0,0.0
2019-03-03,7,0,191,0.0,0.0,0.0,0.0,0.0
2019-03-03,7,0,192,332.6,332.6,0.0,10785.405497,0.0
2019-03-03,7,0,194,176.5,176.5,0.0,-24303.2167,0.0
2019-03-03,7,0,196,0.0,0.0,0.0,0.0,0.0
2019-03-03,7,0,198,0.0,0.0,0.0,0.0,0.0
2019-03-03,7,0,199,39.0,39.0,0.0,-1886.609687,0.0
2019-03-03,7,0,200,0.0,0.0,0.0,-0.0,0.0
2019-03-03,7,0,204,0.0,0.0,0.0,0.0,0.0
2019-03-03,7,0,205,0.0,0.0,0.0,0.0,0.0
2019-03-03,7,0,206,178.22,178.22,0.0,8230.873914,0.0
2019-03-03,7,0,210,0.0,0.0,0.0,0.0,0.0
2019-03-03,7,0,214,0.0,0.0,0.0,0.0,0.0
2019-03-03,7,0,217,0.0,0.0,0.0,0.0,0.0
2019-03-03,7,0,218,0.0,0.0,0.0,0.0,0.0
2019-03-03,7,0,219,0.0,0.0,0.0,0.0,0.0
2019-03-03,7,0,221,0.0,0.0,0.0,0.0,0.0
2019-03-03,7,0,225,0.0,0.0,0.0,0.0,0.0
2019-03-03,7,0,233,0.0,0.0,0.0,0.0,0.0
2019-03-03,7,0,236,4.39,4.39,0.0,81.310897,0.0
2019-03-03,7,0,237,9.69,9.69,0.0,212.127167,0.0
2019-03-03,7,0,238,0.0,0.0,0.0,0.0,0.0
2019-03-03,7,0,240,0.0,0.0,0.0,0.0,0.0
2019-03-03,7,0,245,2.71,2.71,0.0,40.149774,0.0
2019-03-03,7,0,247,5.01,5.01,0.0,74.225228,0.0
2019-03-03,7,0,248,0.97,0.97,0.0,21.234608,0.0
2019-03-03,7,0,249,5.21,5.21,0.0,77.188311,0.0
2019-03-03,7,0,251,24.15,24.15,0.0,390.446197,0.0
2019-03-03,7,0,252,21.17,21.17,0.0,334.829683,0.0
2019-03-03,7,0,254,0.0,0.0,0.0,0.0,0.0
2019-03-03,7,0,255,0.0,0.0,0.0,0.0,0.0
2019-03-03,7,0,258,0.0,0.0,0.0,0.0,0.0
2019-03-03,7,0,260,0.0,0.0,0.0,0.0,0.0
2019-03-03,7,0,265,0.0,0.0,0.0,0.0,0.0
2019-03-03,7,0,266,13.21,13.21,0.0,473.186034,0.0
2019-03-03,7,0,267,16.23,16.23,0.0,581.363311,0.0
2019-03-03,7,0,270,579.0,579.0,0.0,-579000.0,0.0
2019-03-03,7,0,272,270.16,270.16,0.0,-74025.070111,0.0
2019-03-03,7,0,273,0.0,0.0,0.0,-0.0,0.0
2019-03-03,7,0,274,746.4,746.4,0.0,-746400.0,0.0
2019-03-03,7,0,275,1039.0,1039.0,0.0,-1039000.0,0.0
2019-03-03,7,0,276,0.0,0.0,0.0,-0.0,0.0
2019-03-03,7,0,277,0.0,0.0,0.0,-0.0,0.0
2019-03-03,7,0,278,0.0,0.0,0.0,-0.0,0.0
2019-03-03,7,0,279,264.6,264.6,0.0,-75995.385049,0.0
2019-03-03,7,0,281,6.84,6.84,0.0,314.528513,0.0
2019-03-03,7,0,282,0.0,0.0,0.0,0.0,0.0
2019-03-03,8,0,9,0.0,0.0,0.0,0.0,0.0
2019-03-03,8,0,17,0.64,0.64,0.0,5.991208,0.0
2019-03-03,8,0,19,0.0,0.0,0.0,0.0,0.0
2019-03-03,8,0,20,0.0,0.0,0.0,0.0,0.0
2019-03-03,8,0,21,0.0,0.0,0.0,0.0,0.0
2019-03-03,8,0,22,0.0,0.0,0.0,0.0,0.0
2019-03-03,8,0,23,108.38,108.38,0.0,1999.382042,0.0
2019-03-03,8,0,24,191.76,191.76,0.0,3537.566897,0.0
2019-03-03,8,0,29,0.2,0.2,0.0,1.217966,0.0
2019-03-03,8,0,30,0.0,0.0,0.0,0.0,0.0
2019-03-03,8,0,31,10.87,10.87,0.0,201.154893,0.0
2019-03-03,8,0,32,0.02,0.02,0.0,0.809623,0.0
2019-03-03,8,0,33,0.03,0.03,0.0,0.232856,0.0
2019-03-03,8,0,34,0.04,0.04,0.0,0.310475,0.0
2019-03-03,8,0,35,0.04,0.04,0.0,0.310475,0.0
2019-03-03,8,0,36,0.0,0.0,0.0,0.0,0.0
2019-03-03,8,0,37,0.0,0.0,0.0,0.0,0.0
2019-03-03,8,0,38,0.0,0.0,0.0,0.0,0.0
2019-03-03,8,0,39,0.0,0.0,0.0,0.0,0.0
2019-03-03,8,0,40,0.0,0.0,0.0,0.0,0.0
2019-03-03,8,0,41,1.27,1.27,0.0,19.617071,0.0
2019-03-03,8,0,42,0.0,0.0,0.0,0.0,0.0
2019-03-03,8,0,43,0.0,0.0,0.0,0.0,0.0
2019-03-03,8,0,46,0.0,0.0,0.0,0.0,0.0
2019-03-03,8,0,52,11.52,11.52,0.0,213.183475,0.0
2019-03-03,8,0,53,18.31,18.31,0.0,338.835888,0.0
2019-03-03,8,0,55,66.66,66.66,0.0,1229.736177,0.0
2019-03-03,8,0,56,0.0,0.0,0.0,0.0,0.0
2019-03-03,8,0,57,0.0,0.0,0.0,0.0,0.0
2019-03-03,8,0,58,0.0,0.0,0.0,0.0,0.0
2019-03-03,8,0,59,0.0,0.0,0.0,0.0,0.0
2019-03-03,8,0,63,96.01,96.01,0.0,11060.196838,0.0
2019-03-03,8,0,64,112.86,112.86,0.0,13001.289607,0.0
2019-03-03,8,0,65,2.2,2.2,0.0,20.736462,0.0
2019-03-03,8,0,67,0.0,0.0,0.0,-0.0,0.0
2019-03-03,8,0,68,10.2,10.2,0.0,-4227.675869,0.0
2019-03-03,8,0,69,0.03,0.03,0.0,0.232856,0.0
2019-03-03,8,0,74,1.79,1.79,0.0,20.144948,0.0
2019-03-03,8,0,77,147.17,147.17,0.0,-43393.118593,0.0
2019-03-03,8,0,78,111.12,111.12,0.0,-32763.765292,0.0
2019-03-03,8,0,79,64.1,64.1,0.0,-18899.904205,0.0
2019-03-03,8,0,80,103.96,103.96,0.0,-30652.637147,0.0
2019-03-03,8,0,81,136.09,136.09,0.0,-40126.177273,0.0
2019-03-03,8,0,82,95.84,95.84,0.0,-28258.452714,0.0
2019-03-03,8,0,83,214.4,214.4,0.0,-63215.904235,0.0
2019-03-03,8,0,84,0.0,0.0,0.0,0.0,0.0
2019-03-03,8,0,86,0.13,0.13,0.0,1.009043,0.0
2019-03-03,8,0,87,0.67,0.67,0.0,5.200453,0.0
2019-03-03,8,0,88,123.33,123.33,0.0,-36363.88745,0.0
2019-03-03,8,0,89,119.02,119.02,0.0,-35093.082659,0.0
2019-03-03,8,0,90,155.3,155.3,0.0,-45790.251528,0.0
2019-03-03,8,0,91,486.84,486.84,0.0,-143544.919859,0.0
2019-03-03,8,0,92,194.81,194.81,0.0,-57439.786866,0.0
2019-03-03,8,0,95,36.0,36.0,0.0,1573.671403,0.0
2019-03-03,8,0,96,22.02,22.02,0.0,408.817401,0.0
2019-03-03,8,0,97,135.39,135.39,0.0,2513.614345,0.0
2019-03-03,8,0,99,0.35,0.35,0.0,3.938956,0.0
2019-03-03,8,0,101,0.0,0.0,0.0,0.0,0.0
2019-03-03,8,0,102,24.15,24.15,0.0,-10009.644338,0.0
2019-03-03,8,0,103,21.0,21.0,0.0,-8704.038555,0.0
2019-03-03,8,0,104,3.9,3.9,0.0,-1616.464303,0.0
2019-03-03,8,0,106,0.0,0.0,0.0,0.0,0.0
2019-03-03,8,0,109,9.06,9.06,0.0,121.990285,0.0
2019-03-03,8,0,110,338.6,338.6,0.0,-338600.0,0.0
2019-03-03,8,0,111,0.0,0.0,0.0,0.0,0.0
2019-03-03,8,0,113,141.55,141.55,0.0,-37409.474077,0.0
2019-03-03,8,0,115,141.55,141.55,0.0,-37409.474077,0.0
2019-03-03,8,0,116,0.0,0.0,0.0,-0.0,0.0
2019-03-03,8,0,117,7.33,7.33,0.0,-1937.205546,0.0
2019-03-03,8,0,119,112.86,112.86,0.0,13001.289607,0.0
2019-03-03,8,0,120,66.59,66.59,0.0,7671.060384,0.0
2019-03-03,8,0,123,0.0,0.0,0.0,0.0,0.0
2019-03-03,8,0,125,173.53,173.53,0.0,3201.261909,0.0
2019-03-03,8,0,126,0.0,0.0,0.0,0.0,0.0
2019-03-03,8,0,127,0.0,0.0,0.0,0.0,0.0
2019-03-03,8,0,128,248.54,248.54,0.0,4585.037946,0.0
2019-03-03,8,0,131,30.0,30.0,0.0,-11279.520675,0.0
2019-03-03,8,0,132,44.1,44.1,0.0,-16580.895392,0.0
2019-03-03,8,0,133,0.0,0.0,0.0,0.0,0.0
2019-03-03,8,0,134,0.0,0.0,0.0,0.0,0.0
2019-03-03,8,0,135,0.0,0.0,0.0,0.0,0.0
2019-03-03,8,0,136,3.19,3.19,0.0,30.079149,0.0
2019-03-03,8,0,139,1.65,1.65,0.0,25.486746,0.0
2019-03-03,8,0,140,250.6,250.6,0.0,-250600.0,0.0
2019-03-03,8,0,141,230.0,230.0,0.0,-128480.983043,0.0
2019-03-03,8,0,142,0.0,0.0,0.0,-0.0,0.0
2019-03-03,8,0,143,17.3,17.3,0.0,320.145323,0.0
2019-03-03,8,0,145,26.75,26.75,0.0,444.971358,0.0
2019-03-03,8,0,146,268.0,268.0,0.0,-268000.0,0.0
2019-03-03,8,0,152,0.0,0.0,0.0,0.0,0.0
2019-03-03,8,0,153,0.0,0.0,0.0,0.0,0.0
2019-03-03,8,0,154,0.0,0.0,0.0,0.0,0.0
2019-03-03,8,0,157,250.0,250.0,0.0,-139653.242438,0.0
2019-03-03,8,0,158,0.0,0.0,0.0,-0.0,0.0
2019-03-03,8,0,159,0.0,0.0,0.0,0.0,0.0
2019-03-03,8,0,160,0.0,0.0,0.0,0.0,0.0
2019-03-03,8,0,161,0.0,0.0,0.0,-0.0,0.0
2019-03-03,8,0,162,48.75,48.75,0.0,2168.928713,0.0
2019-03-03,8,0,163,185.4,185.4,0.0,-185400.0,0.0
2019-03-03,8,0,164,0.0,0.0,0.0,0.0,0.0
2019-03-03,8,0,167,0.04,0.04,0.0,1.663475,0.0
2019-03-03,8,0,168,0.02,0.02,0.0,0.831738,0.0
2019-03-03,8,0,169,0.0,0.0,0.0,0.0,0.0
2019-03-03,8,0,170,0.05,0.05,0.0,2.079344,0.0
2019-03-03,8,0,172,0.05,0.05,0.0,1.278676,0.0
2019-03-03,8,0,173,0.08,0.08,0.0,2.045882,0.0
2019-03-03,8,0,188,0.03,0.03,0.0,0.834075,0.0
2019-03-03,8,0,190,0.0,0.0,0.0,0.0,0.0
2019-03-03,8,0,191,0.0,0.0,0.0,0.0,0.0
2019-03-03,8,0,192,332.6,332.6,0.0,10785.405497,0.0
2019-03-03,8,0,194,176.5,176.5,0.0,-22676.425629,0.0
2019-03-03,8,0,196,0.0,0.0,0.0,0.0,0.0
2019-03-03,8,0,198,0.1,0.1,0.0,0.747389,0.0
2019-03-03,8,0,199,39.0,39.0,0.0,-1403.801119,0.0
2019-03-03,8,0,200,0.09,0.09,0.0,-3.239541,0.0
2019-03-03,8,0,204,41.1,41.1,0.0,562.738462,0.0
2019-03-03,8,0,205,47.91,47.91,0.0,645.09432,0.0
2019-03-03,8,0,206,397.83,397.83,0.0,7386.004838,0.0
2019-03-03,8,0,210,0.05,0.05,0.0,0.288231,0.0
2019-03-03,8,0,214,0.3,0.3,0.0,2.044808,0.0
2019-03-03,8,0,217,0.22,0.22,0.0,1.39509,0.0
2019-03-03,8,0,218,0.3,0.3,0.0,1.902396,0.0
2019-03-03,8,0,219,0.21,0.21,0.0,1.331677,0.0
2019-03-03,8,0,221,0.16,0.16,0.0,1.090564,0.0
2019-03-03,8,0,225,0.2,0.2,0.0,1.224247,0.0
2019-03-03,8,0,233,0.07,0.07,0.0,0.543331,0.0
2019-03-03,8,0,236,3.25,3.25,0.0,33.280009,0.0
2019-03-03,8,0,237,4.29,4.29,0.0,48.28035,0.0
2019-03-03,8,0,238,0.0,0.0,0.0,0.0,0.0
2019-03-03,8,0,240,0.0,0.0,0.0,0.0,0.0
2019-03-03,8,0,245,1.65,1.65,0.0,15.05532,0.0
2019-03-03,8,0,247,3.53,3.53,0.0,32.209261,0.0
2019-03-03,8,0,248,0.43,0.43,0.0,4.839289,0.0
2019-03-03,8,0,249,3.17,3.17,0.0,28.924464,0.0
2019-03-03,8,0,251,16.81,16.81,0.0,160.222875,0.0
2019-03-03,8,0,252,14.19,14.19,0.0,133.750182,0.0
2019-03-03,8,0,254,0.05,0.05,0.0,0.549298,0.0
2019-03-03,8,0,255,0.02,0.02,0.0,0.219719,0.0
2019-03-03,8,0,258,0.0,0.0,0.0,0.0,0.0
2019-03-03,8,0,260,0.0,0.0,0.0,0.0,0.0
2019-03-03,8,0,265,0.0,0.0,0.0,0.0,0.0
2019-03-03,8,0,266,1.07,1.07,0.0,16.527769,0.0
2019-03-03,8,0,267,1.31,1.31,0.0,20.234932,0.0
2019-03-03,8,0,270,579.0,579.0,0.0,-579000.0,0.0
2019-03-03,8,0,272,490.05,490.05,0.0,-129512.629963,0.0
2019-03-03,8,0,273,0.0,0.0,0.0,-0.0,0.0
2019-03-03,8,0,274,746.4,746.4,0.0,-746400.0,0.0
2019-03-03,8,0,275,1039.0,1039.0,0.0,-1039000.0,0.0
2019-03-03,8,0,276,0.0,0.0,0.0,-0.0,0.0
2019-03-03,8,0,277,0.0,0.0,0.0,-0.0,0.0
2019-03-03,8,0,278,0.0,0.0,0.0,-0.0,0.0
2019-03-03,8,0,279,264.6,264.6,0.0,-73172.17586,0.0
2019-03-03,8,0,281,4.88,4.88,0.0,90.306889,0.0
2019-03-03,8,0,282,0.0,0.0,0.0,0.0,0.0
2019-03-03,9,0,9,0.7,0.7,0.0,7.950409,0.0
2019-03-03,9,0,17,13.93,13.93,0.0,166.004161,0.0
2019-03-03,9,0,19,13.44,13.44,0.0,160.164818,0.0
2019-03-03,9,0,20,16.69,16.69,0.0,198.89515,0.0
2019-03-03,9,0,21,16.09,16.09,0.0,182.745826,0.0
2019-03-03,9,0,22,57.18,57.18,0.0,649.434823,0.0
2019-03-03,9,0,23,108.8,108.8,0.0,1235.720685,0.0
2019-03-03,9,0,24,192.5,192.5,0.0,2186.362426,0.0
2019-03-03,9,0,29,1.26,1.26,0.0,8.721644,0.0
2019-03-03,9,0,30,119.93,119.93,0.0,1362.140636,0.0
2019-03-03,9,0,31,23.16,23.16,0.0,263.046587,0.0
2019-03-03,9,0,32,1.03,1.03,0.0,47.896659,0.0
2019-03-03,9,0,33,0.65,0.65,0.0,7.932738,0.0
2019-03-03,9,0,34,1.04,1.04,0.0,12.692381,0.0
2019-03-03,9,0,35,1.04,1.04,0.0,12.692381,0.0
2019-03-03,9,0,36,2.66,2.66,0.0,29.940144,0.0
2019-03-03,9,0,37,1.29,1.29,0.0,14.467143,0.0
2019-03-03,9,0,38,1.66,1.66,0.0,18.616634,0.0
2019-03-03,9,0,39,1.1,1.1,0.0,12.336323,0.0
2019-03-03,9,0,40,1.1,1.1,0.0,12.336323,0.0
2019-03-03,9,0,41,0.0,0.0,0.0,0.0,0.0
2019-03-03,9,0,42,15.53,15.53,0.0,184.104624,0.0
2019-03-03,9,0,43,7.05,7.05,0.0,78.157161,0.0
2019-03-03,9,0,46,6.14,6.14,0.0,68.663032,0.0
2019-03-03,9,0,52,24.57,24.57,0.0,279.061081,0.0
2019-03-03,9,0,53,39.24,39.24,0.0,445.679968,0.0
2019-03-03,9,0,55,141.73,141.73,0.0,1609.730632,0.0
2019-03-03,9,0,56,35.38,35.38,0.0,401.83887,0.0
2019-03-03,9,0,57,33.65,33.65,0.0,382.189881,0.0
2019-03-03,9,0,58,64.71,64.71,0.0,734.963067,0.0
2019-03-03,9,0,59,63.63,63.63,0.0,722.696646,0.0
2019-03-03,9,0,63,51.0,51.0,0.0,6224.184844,0.0
2019-03-03,9,0,64,60.0,60.0,0.0,7322.570404,0.0
2019-03-03,9,0,65,1.42,1.42,0.0,16.905755,0.0
2019-03-03,9,0,67,72.21,72.21,0.0,-40041.301509,0.0
2019-03-03,9,0,68,19.12,19.12,0.0,-7820.800843,0.0
2019-03-03,9,0,69,0.65,0.65,0.0,7.932738,0.0
2019-03-03,9,0,74,0.0,0.0,0.0,0.0,0.0
2019-03-03,9,0,77,60.0,60.0,0.0,-17275.46105,0.0
2019-03-03,9,0,78,45.36,45.36,0.0,-13060.248554,0.0
2019-03-03,9,0,79,26.25,26.25,0.0,-7558.014209,0.0
2019-03-03,9,0,80,42.45,42.45,0.0,-12222.388693,0.0
2019-03-03,9,0,81,55.5,55.5,0.0,-15979.801471,0.0
2019-03-03,9,0,82,39.15,39.15,0.0,-11272.238335,0.0
2019-03-03,9,0,83,87.3,87.3,0.0,-25135.795827,0.0
2019-03-03,9,0,84,0.0,0.0,0.0,0.0,0.0
2019-03-03,9,0,86,3.31,3.31,0.0,40.395944,0.0
2019-03-03,9,0,87,16.87,16.87,0.0,205.885068,0.0
2019-03-03,9,0,88,155.83,155.83,0.0,-44867.25159,0.0
2019-03-03,9,0,89,148.85,148.85,0.0,-42857.539621,0.0
2019-03-03,9,0,90,208.93,208.93,0.0,-60156.034619,0.0
2019-03-03,9,0,91,785.09,785.09,0.0,-226046.528593,0.0
2019-03-03,9,0,92,276.23,276.23,0.0,-79533.34343,0.0
2019-03-03,9,0,95,36.0,36.0,0.0,1791.797212,0.0
2019-03-03,9,0,96,29.88,29.88,0.0,339.373185,0.0
2019-03-03,9,0,97,183.75,183.75,0.0,2087.008796,0.0
2019-03-03,9,0,99,0.0,0.0,0.0,0.0,0.0
2019-03-03,9,0,101,2.42,2.42,0.0,27.48587,0.0
2019-03-03,9,0,102,45.2,45.2,0.0,-18488.504085,0.0
2019-03-03,9,0,103,39.31,39.31,0.0,-16079.272026,0.0
2019-03-03,9,0,104,7.33,7.33,0.0,-2998.246348,0.0
2019-03-03,9,0,106,56.29,56.29,0.0,639.326446,0.0
2019-03-03,9,0,109,63.46,63.46,0.0,718.164234,0.0
2019-03-03,9,0,110,338.6,338.6,0.0,-338600.0,0.0
2019-03-03,9,0,111,3.94,3.94,0.0,44.909533,0.0
2019-03-03,9,0,113,84.3,84.3,0.0,-21774.963103,0.0
2019-03-03,9,0,115,84.3,84.3,0.0,-21774.963103,0.0
2019-03-03,9,0,116,19.83,19.83,0.0,-19830.0,0.0
2019-03-03,9,0,117,5.73,5.73,0.0,-1480.077563,0.0
2019-03-03,9,0,119,60.0,60.0,0.0,7322.570404,0.0
2019-03-03,9,0,120,35.28,35.28,0.0,4305.671398,0.0
2019-03-03,9,0,123,0.94,0.94,0.0,10.676263,0.0
2019-03-03,9,0,125,174.2,174.2,0.0,1978.516024,0.0
2019-03-03,9,0,126,42.22,42.22,0.0,479.523229,0.0
2019-03-03,9,0,127,54.18,54.18,0.0,615.361643,0.0
2019-03-03,9,0,128,249.5,249.5,0.0,2833.752858,0.0
2019-03-03,9,0,131,30.0,30.0,0.0,-11105.581004,0.0
2019-03-03,9,0,132,44.1,44.1,0.0,-16325.204076,0.0
2019-03-03,9,0,133,0.88,0.88,0.0,10.487941,0.0
2019-03-03,9,0,134,0.0,0.0,0.0,0.0,0.0
2019-03-03,9,0,135,1.18,1.18,0.0,14.063375,0.0
2019-03-03,9,0,136,2.41,2.41,0.0,28.690631,0.0
2019-03-03,9,0,139,0.0,0.0,0.0,0.0,0.0
2019-03-03,9,0,140,250.6,250.6,0.0,-250600.0,0.0
2019-03-03,9,0,141,230.0,230.0,0.0,-127537.728114,0.0
2019-03-03,9,0,142,95.22,95.22,0.0,-52800.619439,0.0
2019-03-03,9,0,143,43.89,43.89,0.0,498.493726,0.0
2019-03-03,9,0,145,30.0,30.0,0.0,340.302256,0.0
2019-03-03,9,0,146,268.0,268.0,0.0,-268000.0,0.0
2019-03-03,9,0,152,1.97,1.97,0.0,22.793205,0.0
2019-03-03,9,0,153,2.59,2.59,0.0,29.925146,0.0
2019-03-03,9,0,154,16.25,16.25,0.0,185.22333,0.0
2019-03-03,9,0,157,250.0,250.0,0.0,-138627.965341,0.0
2019-03-03,9,0,158,54.08,54.08,0.0,-29988.001463,0.0
2019-03-03,9,0,159,0.0,0.0,0.0,0.0,0.0
2019-03-03,9,0,160,0.55,0.55,0.0,5.930142,0.0
2019-03-03,9,0,161,14.04,14.04,0.0,-5742.889322,0.0
2019-03-03,9,0,162,48.75,48.75,0.0,2464.714032,0.0
2019-03-03,9,0,163,185.4,185.4,0.0,-185400.0,0.0
2019-03-03,9,0,164,4.14,4.14,0.0,47.021281,0.0
2019-03-03,9,0,167,1.11,1.11,0.0,52.860711,0.0
2019-03-03,9,0,168,0.56,0.56,0.0,26.668467,0.0
2019-03-03,9,0,169,0.0,0.0,0.0,0.0,0.0
2019-03-03,9,0,170,1.22,1.22,0.0,58.099159,0.0
2019-03-03,9,0,172,1.4,1.4,0.0,45.101074,0.0
2019-03-03,9,0,173,2.13,2.13,0.0,68.618063,0.0
2019-03-03,9,0,188,2.02,2.02,0.0,67.787224,0.0
2019-03-03,9,0,190,1.16,1.16,0.0,37.615966,0.0
2019-03-03,9,0,191,3.01,3.01,0.0,97.606947,0.0
2019-03-03,9,0,192,332.6,332.6,0.0,10785.405497,0.0
2019-03-03,9,0,194,130.37,130.37,0.0,-15954.886082,0.0
2019-03-03,9,0,196,1.08,1.08,0.0,297.273016,0.0
2019-03-03,9,0,198,2.69,2.69,0.0,26.837342,0.0
2019-03-03,9,0,199,39.0,39.0,0.0,-1144.293731,0.0
2019-03-03,9,0,200,3.78,3.78,0.0,-110.908469,0.0
2019-03-03,9,0,204,183.16,183.16,0.0,2069.16858,0.0
2019-03-03,9,0,205,357.39,357.39,0.0,4044.511749,0.0
2019-03-03,9,0,206,539.94,539.94,0.0,6132.568866,0.0
2019-03-03,9,0,210,0.36,0.36,0.0,2.561575,0.0
2019-03-03,9,0,214,2.89,2.89,0.0,35.764476,0.0
2019-03-03,9,0,217,1.72,1.72,0.0,17.331886,0.0
2019-03-03,9,0,218,2.38,2.38,0.0,23.982494,0.0
2019-03-03,9,0,219,1.62,1.62,0.0,16.324219,0.0
2019-03-03,9,0,221,1.54,1.54,0.0,19.057887,0.0
2019-03-03,9,0,225,1.33,1.33,0.0,9.181321,0.0
2019-03-03,9,0,233,1.87,1.87,0.0,22.821878,0.0
2019-03-03,9,0,236,0.0,0.0,0.0,0.0,0.0
2019-03-03,9,0,237,0.0,0.0,0.0,0.0,0.0
2019-03-03,9,0,238,20.22,20.22,0.0,239.70351,0.0
2019-03-03,9,0,240,3.02,3.02,0.0,33.992194,0.0
2019-03-03,9,0,245,1.59,1.59,0.0,19.015684,0.0
2019-03-03,9,0,247,3.83,3.83,0.0,45.805075,0.0
2019-03-03,9,0,248,0.0,0.0,0.0,0.0,0.0
2019-03-03,9,0,249,3.05,3.05,0.0,36.476627,0.0
2019-03-03,9,0,251,11.64,11.64,0.0,138.358566,0.0
2019-03-03,9,0,252,9.19,9.19,0.0,109.411187,0.0
2019-03-03,9,0,254,4.26,4.26,0.0,46.90186,0.0
2019-03-03,9,0,255,1.95,1.95,0.0,21.469161,0.0
2019-03-03,9,0,258,3.69,3.69,0.0,41.43245,0.0
2019-03-03,9,0,260,1.34,1.34,0.0,14.447982,0.0
2019-03-03,9,0,265,16.82,16.82,0.0,191.720394,0.0
2019-03-03,9,0,266,0.0,0.0,0.0,0.0,0.0
2019-03-03,9,0,267,0.0,0.0,0.0,0.0,0.0
2019-03-03,9,0,270,579.0,579.0,0.0,-579000.0,0.0
2019-03-03,9,0,272,281.31,281.31,0.0,-72663.284349,0.0
2019-03-03,9,0,273,4.74,4.74,0.0,-4740.0,0.0
2019-03-03,9,0,274,746.4,746.4,0.0,-746400.0,0.0
2019-03-03,9,0,275,1039.0,1039.0,0.0,-1039000.0,0.0
2019-03-03,9,0,276,1.07,1.07,0.0,-963.569135,0.0
2019-03-03,9,0,277,1.65,1.65,0.0,-445.795055,0.0
2019-03-03,9,0,278,2.65,2.65,0.0,-715.973876,0.0
2019-03-03,9,0,279,264.6,264.6,0.0,-71489.316075,0.0
2019-03-03,9,0,281,10.32,10.32,0.0,117.212469,0.0
2019-03-03,9,0,282,65.79,65.79,0.0,747.229488,0.0
2019-03-03,10,0,9,1.81,1.81,0.0,-3.441068,0.0
2019-03-03,10,0,17,22.35,22.35,0.0,259.078327,0.0
2019-03-03,10,0,19,22.0,22.0,0.0,255.021172,0.0
2019-03-03,10,0,20,27.26,27.26,0.0,315.994416,0.0
2019-03-03,10,0,21,41.48,41.48,0.0,-78.859392,0.0
2019-03-03,10,0,22,147.4,147.4,0.0,-280.22841,0.0
2019-03-03,10,0,23,108.8,108.8,0.0,-206.844308,0.0
2019-03-03,10,0,24,192.5,192.5,0.0,-365.969938,0.0
2019-03-03,10,0,29,3.46,3.46,0.0,19.2256,0.0
2019-03-03,10,0,30,330.17,330.17,0.0,-653.4478,0.0
2019-03-03,10,0,31,74.49,74.49,0.0,-147.425044,0.0
2019-03-03,10,0,32,1.99,1.99,0.0,84.210014,0.0
2019-03-03,10,0,33,1.18,1.18,0.0,16.947767,0.0
2019-03-03,10,0,34,1.89,1.89,0.0,27.145152,0.0
2019-03-03,10,0,35,1.89,1.89,0.0,27.145152,0.0
2019-03-03,10,0,36,5.48,5.48,0.0,37.900645,0.0
2019-03-03,10,0,37,2.6,2.6,0.0,17.672656,0.0
2019-03-03,10,0,38,3.35,3.35,0.0,22.770538,0.0
2019-03-03,10,0,39,2.23,2.23,0.0,15.157701,0.0
2019-03-03,10,0,40,2.23,2.23,0.0,15.157701,0.0
2019-03-03,10,0,41,0.74,0.74,0.0,1.667665,0.0
2019-03-03,10,0,42,34.73,34.73,0.0,381.727613,0.0
2019-03-03,10,0,43,13.68,13.68,0.0,97.937668,0.0
2019-03-03,10,0,46,12.89,12.89,0.0,76.083162,0.0
2019-03-03,10,0,52,79.0,79.0,0.0,-156.350899,0.0
2019-03-03,10,0,53,125.97,125.97,0.0,-249.310414,0.0
2019-03-03,10,0,55,186.9,186.9,0.0,-355.32354,0.0
2019-03-03,10,0,56,97.39,97.39,0.0,-192.747013,0.0
2019-03-03,10,0,57,92.64,92.64,0.0,-183.346168,0.0
2019-03-03,10,0,58,178.15,178.15,0.0,-352.581172,0.0
2019-03-03,10,0,59,175.18,175.18,0.0,-346.70317,0.0
2019-03-03,10,0,63,51.0,51.0,0.0,6063.006779,0.0
2019-03-03,10,0,64,60.0,60.0,0.0,7132.949152,0.0
2019-03-03,10,0,65,0.9,0.9,0.0,10.332276,0.0
2019-03-03,10,0,67,195.07,195.07,0.0,-107977.350137,0.0
2019-03-03,10,0,68,34.0,34.0,0.0,-13863.05574,0.0
2019-03-03,10,0,69,1.18,1.18,0.0,16.947767,0.0
2019-03-03,10,0,74,0.0,0.0,0.0,0.0,0.0
2019-03-03,10,0,77,60.0,60.0,0.0,-17151.247891,0.0
2019-03-03,10,0,78,45.36,45.36,0.0,-12966.343405,0.0
2019-03-03,10,0,79,26.25,26.25,0.0,-7503.670952,0.0
2019-03-03,10,0,80,42.45,42.45,0.0,-12134.507883,0.0
2019-03-03,10,0,81,55.5,55.5,0.0,-15864.904299,0.0
2019-03-03,10,0,82,39.15,39.15,0.0,-11191.189249,0.0
2019-03-03,10,0,83,87.3,87.3,0.0,-24955.065681,0.0
2019-03-03,10,0,84,0.0,0.0,0.0,0.0,0.0
2019-03-03,10,0,86,5.98,5.98,0.0,85.887836,0.0
2019-03-03,10,0,87,30.53,30.53,0.0,438.487564,0.0
2019-03-03,10,0,88,103.48,103.48,0.0,-29580.185529,0.0
2019-03-03,10,0,89,99.0,99.0,0.0,-28299.559019,0.0
2019-03-03,10,0,90,137.47,137.47,0.0,-39296.367458,0.0
2019-03-03,10,0,91,509.29,509.29,0.0,-145582.650636,0.0
2019-03-03,10,0,92,180.45,180.45,0.0,-51582.378031,0.0
2019-03-03,10,0,95,88.65,88.65,0.0,4027.43601,0.0
2019-03-03,10,0,96,29.88,29.88,0.0,-61.571474,0.0
2019-03-03,10,0,97,183.75,183.75,0.0,-378.639837,0.0
2019-03-03,10,0,99,0.0,0.0,0.0,0.0,0.0
2019-03-03,10,0,101,6.65,6.65,0.0,-13.161183,0.0
2019-03-03,10,0,102,80.5,80.5,0.0,-32822.823149,0.0
2019-03-03,10,0,103,70.0,70.0,0.0,-28541.585347,0.0
2019-03-03,10,0,104,13.0,13.0,0.0,-5300.580136,0.0
2019-03-03,10,0,106,145.11,145.11,0.0,-275.874793,0.0
2019-03-03,10,0,109,171.07,171.07,0.0,815.963459,0.0
2019-03-03,10,0,110,338.6,338.6,0.0,-338600.0,0.0
2019-03-03,10,0,111,9.33,9.33,0.0,21.026106,0.0
2019-03-03,10,0,113,150.0,150.0,0.0,-38672.902437,0.0
2019-03-03,10,0,115,150.0,150.0,0.0,-38672.902437,0.0
2019-03-03,10,0,116,45.25,45.25,0.0,-45250.0,0.0
2019-03-03,10,0,117,10.0,10.0,0.0,-2578.193496,0.0
2019-03-03,10,0,119,60.0,60.0,0.0,7132.949152,0.0
2019-03-03,10,0,120,35.28,35.28,0.0,4194.174102,0.0
2019-03-03,10,0,123,2.42,2.42,0.0,-4.600765,0.0
2019-03-03,10,0,125,174.2,174.2,0.0,-331.17903,0.0
2019-03-03,10,0,126,108.83,108.83,0.0,-206.901342,0.0
2019-03-03,10,0,127,139.67,139.67,0.0,-265.532578,0.0
2019-03-03,10,0,128,249.5,249.5,0.0,-474.335063,0.0
2019-03-03,10,0,131,40.31,40.31,0.0,-14866.317905,0.0
2019-03-03,10,0,132,65.03,65.03,0.0,-23983.047714,0.0
2019-03-03,10,0,133,1.69,1.69,0.0,19.608026,0.0
2019-03-03,10,0,134,0.0,0.0,0.0,0.0,0.0
2019-03-03,10,0,135,2.26,2.26,0.0,26.221385,0.0
2019-03-03,10,0,136,1.81,1.81,0.0,20.76827,0.0
2019-03-03,10,0,139,0.96,0.96,0.0,2.163458,0.0
2019-03-03,10,0,140,250.6,250.6,0.0,-250600.0,0.0
2019-03-03,10,0,141,230.0,230.0,0.0,-127312.198347,0.0
2019-03-03,10,0,142,257.25,257.25,0.0,-142395.926195,0.0
2019-03-03,10,0,143,107.18,107.18,0.0,-212.12265,0.0
2019-03-03,10,0,145,56.19,56.19,0.0,29.651133,0.0
2019-03-03,10,0,146,268.0,268.0,0.0,-268000.0,0.0
2019-03-03,10,0,152,4.44,4.44,0.0,37.295128,0.0
2019-03-03,10,0,153,5.48,5.48,0.0,45.237952,0.0
2019-03-03,10,0,154,38.47,38.47,0.0,86.696067,0.0
2019-03-03,10,0,157,250.0,250.0,0.0,-138382.82429,0.0
2019-03-03,10,0,158,156.73,156.73,0.0,-86754.960204,0.0
2019-03-03,10,0,159,0.0,0.0,0.0,0.0,0.0
2019-03-03,10,0,160,0.87,0.87,0.0,7.365737,0.0
2019-03-03,10,0,161,33.86,33.86,0.0,-13805.972569,0.0
2019-03-03,10,0,162,91.77,91.77,0.0,4243.775266,0.0
2019-03-03,10,0,163,104.02,104.02,0.0,-104020.0,0.0
2019-03-03,10,0,164,11.71,11.71,0.0,-23.175557,0.0
2019-03-03,10,0,167,2.24,2.24,0.0,96.917777,0.0
2019-03-03,10,0,168,1.12,1.12,0.0,48.458889,0.0
2019-03-03,10,0,169,0.0,0.0,0.0,0.0,0.0
2019-03-03,10,0,170,2.45,2.45,0.0,106.003819,0.0
2019-03-03,10,0,172,3.14,3.14,0.0,70.360345,0.0
2019-03-03,10,0,173,4.78,4.78,0.0,107.10906,0.0
2019-03-03,10,0,188,4.1,4.1,0.0,119.183924,0.0
2019-03-03,10,0,190,2.34,2.34,0.0,75.880484,0.0
2019-03-03,10,0,191,6.05,6.05,0.0,196.186721,0.0
2019-03-03,10,0,192,332.6,332.6,0.0,10785.405497,0.0
2019-03-03,10,0,194,52.95,52.95,0.0,-6520.231291,0.0
2019-03-03,10,0,196,2.17,2.17,0.0,591.346138,0.0
2019-03-03,10,0,198,3.96,3.96,0.0,39.930759,0.0
2019-03-03,10,0,199,39.0,39.0,0.0,-967.648039,0.0
2019-03-03,10,0,200,7.53,7.53,0.0,-186.830506,0.0
2019-03-03,10,0,204,257.1,257.1,0.0,1136.453528,0.0
2019-03-03,10,0,205,1010.31,1010.31,0.0,4818.939861,0.0
2019-03-03,10,0,206,539.94,539.94,0.0,-1112.613842,0.0
2019-03-03,10,0,210,0.96,0.96,0.0,6.147082,0.0
2019-03-03,10,0,214,5.34,5.34,0.0,85.458848,0.0
2019-03-03,10,0,217,3.93,3.93,0.0,46.486946,0.0
2019-03-03,10,0,218,5.42,5.42,0.0,64.111767,0.0
2019-03-03,10,0,219,3.69,3.69,0.0,43.648048,0.0
2019-03-03,10,0,221,2.85,2.85,0.0,45.610059,0.0
2019-03-03,10,0,225,2.88,2.88,0.0,15.767325,0.0
2019-03-03,10,0,233,3.38,3.38,0.0,48.545299,0.0
2019-03-03,10,0,236,3.86,3.86,0.0,38.827225,0.0
2019-03-03,10,0,237,0.0,0.0,0.0,0.0,0.0
2019-03-03,10,0,238,45.2,45.2,0.0,496.806453,0.0
2019-03-03,10,0,240,6.21,6.21,0.0,42.949454,0.0
2019-03-03,10,0,245,2.5,2.5,0.0,30.005318,0.0
2019-03-03,10,0,247,5.98,5.98,0.0,71.772721,0.0
2019-03-03,10,0,248,0.0,0.0,0.0,0.0,0.0
2019-03-03,10,0,249,4.81,4.81,0.0,57.730232,0.0
2019-03-03,10,0,251,8.17,8.17,0.0,92.297603,0.0
2019-03-03,10,0,252,5.81,5.81,0.0,66.700583,0.0
2019-03-03,10,0,254,7.72,7.72,0.0,57.801212,0.0
2019-03-03,10,0,255,3.54,3.54,0.0,26.504701,0.0
2019-03-03,10,0,258,7.35,7.35,0.0,51.122368,0.0
2019-03-03,10,0,260,2.1,2.1,0.0,17.779366,0.0
2019-03-03,10,0,265,39.83,39.83,0.0,89.760966,0.0
2019-03-03,10,0,266,0.62,0.62,0.0,1.397233,0.0
2019-03-03,10,0,267,0.76,0.76,0.0,1.712737,0.0
2019-03-03,10,0,270,324.69,324.69,0.0,-324690.0,0.0
2019-03-03,10,0,272,501.3,501.3,0.0,-129244.839944,0.0
2019-03-03,10,0,273,10.82,10.82,0.0,-10820.0,0.0
2019-03-03,10,0,274,418.54,418.54,0.0,-418540.0,0.0
2019-03-03,10,0,275,582.57,582.57,0.0,-582570.0,0.0
2019-03-03,10,0,276,2.51,2.51,0.0,-2259.785537,0.0
2019-03-03,10,0,277,3.87,3.87,0.0,-1041.258121,0.0
2019-03-03,10,0,278,6.19,6.19,0.0,-1665.474876,0.0
2019-03-03,10,0,279,264.6,264.6,0.0,-71192.99713,0.0
2019-03-03,10,0,281,33.2,33.2,0.0,-65.70696,0.0
2019-03-03,10,0,282,181.12,181.12,0.0,-358.459174,0.0
2019-03-03,11,0,9,2.93,2.93,0.0,-31.532519,0.0
2019-03-03,11,0,17,33.36,33.36,0.0,229.367751,0.0
2019-03-03,11,0,19,22.98,22.98,0.0,157.999728,0.0
2019-03-03,11,0,20,27.87,27.87,0.0,191.62108,0.0
2019-03-03,11,0,21,66.92,66.92,0.0,-720.18981,0.0
2019-03-03,11,0,22,237.82,237.82,0.0,-2559.407362,0.0
2019-03-03,11,0,23,61.07,61.07,0.0,-657.232392,0.0
2019-03-03,11,0,24,108.0,108.0,0.0,-1162.290787,0.0
2019-03-03,11,0,29,5.3,5.3,0.0,25.747598,0.0
2019-03-03,11,0,30,541.06,541.06,0.0,-5880.910601,0.0
2019-03-03,11,0,31,108.67,108.67,0.0,-1181.160232,0.0
2019-03-03,11,0,32,3.04,3.04,0.0,152.56331,0.0
2019-03-03,11,0,33,1.78,1.78,0.0,18.187943,0.0
2019-03-03,11,0,34,2.84,2.84,0.0,29.018965,0.0
2019-03-03,11,0,35,2.84,2.84,0.0,29.018965,0.0
2019-03-03,11,0,36,8.53,8.53,0.0,12.975871,0.0
2019-03-03,11,0,37,4.06,4.06,0.0,5.780855,0.0
2019-03-03,11,0,38,5.22,5.22,0.0,7.432528,0.0
2019-03-03,11,0,39,3.48,3.48,0.0,4.955018,0.0
2019-03-03,11,0,40,3.48,3.48,0.0,4.955018,0.0
2019-03-03,11,0,41,2.64,2.64,0.0,-13.511087,0.0
2019-03-03,11,0,42,55.96,55.96,0.0,344.210748,0.0
2019-03-03,11,0,43,21.33,21.33,0.0,45.431622,0.0
2019-03-03,11,0,46,19.85,19.85,0.0,4.883566,0.0
2019-03-03,11,0,52,115.53,115.53,0.0,-1255.723213,0.0
2019-03-03,11,0,53,188.16,188.16,0.0,-2045.156062,0.0
2019-03-03,11,0,55,460.54,460.54,0.0,-4956.309252,0.0
2019-03-03,11,0,56,159.59,159.59,0.0,-1734.621896,0.0
2019-03-03,11,0,57,151.81,151.81,0.0,-1650.059214,0.0
2019-03-03,11,0,58,291.94,291.94,0.0,-3173.165713,0.0
2019-03-03,11,0,59,287.07,287.07,0.0,-3120.232518,0.0
2019-03-03,11,0,63,51.0,51.0,0.0,6112.499935,0.0
2019-03-03,11,0,64,60.0,60.0,0.0,7191.176395,0.0
2019-03-03,11,0,65,0.91,0.91,0.0,6.134259,0.0
2019-03-03,11,0,67,320.0,320.0,0.0,-176772.725415,0.0
2019-03-03,11,0,68,33.99,33.99,0.0,-13808.634653,0.0
2019-03-03,11,0,69,1.78,1.78,0.0,18.187943,0.0
2019-03-03,11,0,74,4.23,4.23,0.0,12.528051,0.0
2019-03-03,11,0,77,60.0,60.0,0.0,-17032.789347,0.0
2019-03-03,11,0,78,45.36,45.36,0.0,-12876.788747,0.0
2019-03-03,11,0,79,26.25,26.25,0.0,-7451.845339,0.0
2019-03-03,11,0,80,42.45,42.45,0.0,-12050.698463,0.0
2019-03-03,11,0,81,55.5,55.5,0.0,-15755.330146,0.0
2019-03-03,11,0,82,39.15,39.15,0.0,-11113.895049,0.0
2019-03-03,11,0,83,87.3,87.3,0.0,-24782.7085,0.0
2019-03-03,11,0,84,0.0,0.0,0.0,0.0,0.0
2019-03-03,11,0,86,8.99,8.99,0.0,91.859329,0.0
2019-03-03,11,0,87,45.92,45.92,0.0,469.20805,0.0
2019-03-03,11,0,88,51.18,51.18,0.0,-14528.969313,0.0
2019-03-03,11,0,89,49.2,49.2,0.0,-13966.887265,0.0
2019-03-03,11,0,90,66.06,66.06,0.0,-18753.101071,0.0
2019-03-03,11,0,91,235.65,235.65,0.0,-66896.280162,0.0
2019-03-03,11,0,92,84.75,84.75,0.0,-24058.814953,0.0
2019-03-03,11,0,95,96.29,96.29,0.0,2447.084542,0.0
2019-03-03,11,0,96,31.88,31.88,0.0,-350.085926,0.0
2019-03-03,11,0,97,234.28,234.28,0.0,-2572.714264,0.0
2019-03-03,11,0,99,0.91,0.91,0.0,2.69516,0.0
2019-03-03,11,0,101,10.9,10.9,0.0,-118.474708,0.0
2019-03-03,11,0,102,80.49,80.49,0.0,-32699.529368,0.0
2019-03-03,11,0,103,69.99,69.99,0.0,-28433.843464,0.0
2019-03-03,11,0,104,12.99,12.99,0.0,-5277.262846,0.0
2019-03-03,11,0,106,234.12,234.12,0.0,-2519.58814,0.0
2019-03-03,11,0,109,83.48,83.48,0.0,-127.530057,0.0
2019-03-03,11,0,110,338.6,338.6,0.0,-338600.0,0.0
2019-03-03,11,0,111,14.71,14.71,0.0,-75.283365,0.0
2019-03-03,11,0,113,84.2,84.2,0.0,-21588.33952,0.0
2019-03-03,11,0,115,84.2,84.2,0.0,-21588.33952,0.0
2019-03-03,11,0,116,72.15,72.15,0.0,-72150.0,0.0
2019-03-03,11,0,117,5.66,5.66,0.0,-1451.187668,0.0
2019-03-03,11,0,119,60.0,60.0,0.0,7191.176395,0.0
2019-03-03,11,0,120,35.28,35.28,0.0,4228.41172,0.0
2019-03-03,11,0,123,3.9,3.9,0.0,-41.971612,0.0
2019-03-03,11,0,125,97.74,97.74,0.0,-1051.873163,0.0
2019-03-03,11,0,126,175.59,175.59,0.0,-1889.691105,0.0
2019-03-03,11,0,127,225.34,225.34,0.0,-2425.098204,0.0
2019-03-03,11,0,128,139.96,139.96,0.0,-1506.242765,0.0
2019-03-03,11,0,131,30.0,30.0,0.0,-11016.637264,0.0
2019-03-03,11,0,132,44.1,44.1,0.0,-16194.456778,0.0
2019-03-03,11,0,133,2.39,2.39,0.0,16.462827,0.0
2019-03-03,11,0,134,0.0,0.0,0.0,0.0,0.0
2019-03-03,11,0,135,3.21,3.21,0.0,22.111162,0.0
2019-03-03,11,0,136,1.37,1.37,0.0,9.224971,0.0
2019-03-03,11,0,139,3.41,3.41,0.0,-17.45182,0.0
2019-03-03,11,0,140,250.6,250.6,0.0,-250600.0,0.0
2019-03-03,11,0,141,230.0,230.0,0.0,-127055.396392,0.0
2019-03-03,11,0,142,422.01,422.01,0.0,-233124.555789,0.0
2019-03-03,11,0,143,148.41,148.41,0.0,-1613.1038,0.0
2019-03-03,11,0,145,100.0,100.0,0.0,-740.074967,0.0
2019-03-03,11,0,146,268.0,268.0,0.0,-268000.0,0.0
2019-03-03,11,0,152,6.92,6.92,0.0,21.110509,0.0
2019-03-03,11,0,153,8.36,8.36,0.0,24.058247,0.0
2019-03-03,11,0,154,60.67,60.67,0.0,-310.499099,0.0
2019-03-03,11,0,157,250.0,250.0,0.0,-138103.69173,0.0
2019-03-03,11,0,158,261.61,261.61,0.0,-144517.227174,0.0
2019-03-03,11,0,159,0.0,0.0,0.0,0.0,0.0
2019-03-03,11,0,160,1.37,1.37,0.0,6.054139,0.0
2019-03-03,11,0,161,55.04,55.04,0.0,-22360.319249,0.0
2019-03-03,11,0,162,162.5,162.5,0.0,4258.995379,0.0
2019-03-03,11,0,163,160.49,160.49,0.0,-160490.0,0.0
2019-03-03,11,0,164,18.98,18.98,0.0,-206.298161,0.0
2019-03-03,11,0,167,3.45,3.45,0.0,76.770857,0.0
2019-03-03,11,0,168,1.72,1.72,0.0,38.274166,0.0
2019-03-03,11,0,169,0.0,0.0,0.0,0.0,0.0
2019-03-03,11,0,170,3.77,3.77,0.0,83.891632,0.0
2019-03-03,11,0,172,4.89,4.89,0.0,102.330804,0.0
2019-03-03,11,0,173,7.44,7.44,0.0,155.693493,0.0
2019-03-03,11,0,188,6.3,6.3,0.0,191.026147,0.0
2019-03-03,11,0,190,3.64,3.64,0.0,118.036308,0.0
2019-03-03,11,0,191,9.41,9.41,0.0,305.143312,0.0
2019-03-03,11,0,192,332.6,332.6,0.0,10785.405497,0.0
2019-03-03,11,0,194,52.95,52.95,0.0,-6457.465947,0.0
2019-03-03,11,0,196,3.44,3.44,0.0,943.211783,0.0
2019-03-03,11,0,198,6.18,6.18,0.0,49.109641,0.0
2019-03-03,11,0,199,56.82,56.82,0.0,-1938.719248,0.0
2019-03-03,11,0,200,11.38,11.38,0.0,-388.289775,0.0
2019-03-03,11,0,204,257.1,257.1,0.0,-508.024666,0.0
2019-03-03,11,0,205,545.8,545.8,0.0,-833.80337,0.0
2019-03-03,11,0,206,895.48,895.48,0.0,-9833.593004,0.0
2019-03-03,11,0,210,1.44,1.44,0.0,7.848339,0.0
2019-03-03,11,0,214,8.14,8.14,0.0,99.276152,0.0
2019-03-03,11,0,217,5.89,5.89,0.0,55.703324,0.0
2019-03-03,11,0,218,8.13,8.13,0.0,76.887611,0.0
2019-03-03,11,0,219,5.54,5.54,0.0,52.39328,0.0
2019-03-03,11,0,221,4.34,4.34,0.0,52.931019,0.0
2019-03-03,11,0,225,4.31,4.31,0.0,20.69165,0.0
2019-03-03,11,0,233,5.09,5.09,0.0,52.009342,0.0
2019-03-03,11,0,236,7.98,7.98,0.0,40.160717,0.0
2019-03-03,11,0,237,9.42,9.42,0.0,27.899347,0.0
2019-03-03,11,0,238,72.84,72.84,0.0,448.039866,0.0
2019-03-03,11,0,240,9.66,9.66,0.0,14.694832,0.0
2019-03-03,11,0,245,3.63,3.63,0.0,26.754738,0.0
2019-03-03,11,0,247,8.52,8.52,0.0,62.796245,0.0
2019-03-03,11,0,248,1.12,1.12,0.0,3.31712,0.0
2019-03-03,11,0,249,6.98,6.98,0.0,51.44575,0.0
2019-03-03,11,0,251,6.43,6.43,0.0,41.923428,0.0
2019-03-03,11,0,252,5.84,5.84,0.0,39.367114,0.0
2019-03-03,11,0,254,12.13,12.13,0.0,32.803962,0.0
2019-03-03,11,0,255,5.56,5.56,0.0,15.036276,0.0
2019-03-03,11,0,258,11.44,11.44,0.0,18.527308,0.0
2019-03-03,11,0,260,3.33,3.33,0.0,14.715534,0.0
2019-03-03,11,0,265,62.82,62.82,0.0,-321.502446,0.0
2019-03-03,11,0,266,2.21,2.21,0.0,-11.310417,0.0
2019-03-03,11,0,267,2.71,2.71,0.0,-13.869335,0.0
2019-03-03,11,0,270,542.91,542.91,0.0,-542910.0,0.0
2019-03-03,11,0,272,281.17,281.17,0.0,-72090.183169,0.0
2019-03-03,11,0,273,17.25,17.25,0.0,-17250.0,0.0
2019-03-03,11,0,274,708.99,708.99,0.0,-708990.0,0.0
2019-03-03,11,0,275,1000.33,1000.33,0.0,-1000330.0,0.0
2019-03-03,11,0,276,4.05,4.05,0.0,-3645.257844,0.0
2019-03-03,11,0,277,6.15,6.15,0.0,-1644.591541,0.0
2019-03-03,11,0,278,9.84,9.84,0.0,-2631.346466,0.0
2019-03-03,11,0,279,264.6,264.6,0.0,-70757.548269,0.0
2019-03-03,11,0,281,47.38,47.38,0.0,-514.984557,0.0
2019-03-03,11,0,282,296.8,296.8,0.0,-3225.990216,0.0
2019-03-03,12,0,9,3.89,3.89,0.0,-1457.540326,0.0
2019-03-03,12,0,17,42.24,42.24,0.0,714.377271,0.0
2019-03-03,12,0,19,39.18,39.18,0.0,662.625508,0.0
2019-03-03,12,0,20,47.52,47.52,0.0,803.674429,0.0
2019-03-03,12,0,21,88.85,88.85,0.0,-33291.120306,0.0
2019-03-03,12,0,22,315.78,315.78,0.0,-118319.30186,0.0
2019-03-03,12,0,23,46.17,46.17,0.0,-17299.39251,0.0
2019-03-03,12,0,24,77.3,77.3,0.0,-28963.462011,0.0
2019-03-03,12,0,29,6.6,6.6,0.0,30.240096,0.0
2019-03-03,12,0,30,712.12,712.12,0.0,-712120.0,0.0
2019-03-03,12,0,31,125.0,125.0,0.0,-125000.0,0.0
2019-03-03,12,0,32,3.8,3.8,0.0,214.210407,0.0
2019-03-03,12,0,33,2.33,2.33,0.0,33.92899,0.0
2019-03-03,12,0,34,3.73,3.73,0.0,54.315507,0.0
2019-03-03,12,0,35,3.73,3.73,0.0,54.315507,0.0
2019-03-03,12,0,36,11.4,11.4,0.0,95.068895,0.0
2019-03-03,12,0,37,5.43,5.43,0.0,47.259841,0.0
2019-03-03,12,0,38,6.98,6.98,0.0,60.750219,0.0
2019-03-03,12,0,39,4.65,4.65,0.0,40.471135,0.0
2019-03-03,12,0,40,4.65,4.65,0.0,40.471135,0.0
2019-03-03,12,0,41,9.9,9.9,0.0,58.0689,0.0
2019-03-03,12,0,42,75.2,75.2,0.0,1310.123563,0.0
2019-03-03,12,0,43,28.38,28.38,0.0,251.570342,0.0
2019-03-03,12,0,46,26.13,26.13,0.0,262.892529,0.0
2019-03-03,12,0,52,132.5,132.5,0.0,-132500.0,0.0
2019-03-03,12,0,53,210.5,210.5,0.0,-210500.0,0.0
2019-03-03,12,0,55,623.0,623.0,0.0,-233431.265625,0.0
2019-03-03,12,0,56,210.05,210.05,0.0,-210050.0,0.0
2019-03-03,12,0,57,199.8,199.8,0.0,-199800.0,0.0
2019-03-03,12,0,58,384.24,384.24,0.0,-384240.0,0.0
2019-03-03,12,0,59,377.83,377.83,0.0,-377830.0,0.0
2019-03-03,12,0,63,51.0,51.0,0.0,6224.250531,0.0
2019-03-03,12,0,64,60.0,60.0,0.0,7322.647684,0.0
2019-03-03,12,0,65,1.15,1.15,0.0,19.558038,0.0
2019-03-03,12,0,67,429.26,429.26,0.0,-238453.214101,0.0
2019-03-03,12,0,68,34.0,34.0,0.0,-13951.774335,0.0
2019-03-03,12,0,69,2.33,2.33,0.0,33.92899,0.0
2019-03-03,12,0,74,16.95,16.95,0.0,225.108009,0.0
2019-03-03,12,0,77,60.0,60.0,0.0,-17391.987508,0.0
2019-03-03,12,0,78,45.36,45.36,0.0,-13148.342556,0.0
2019-03-03,12,0,79,26.25,26.25,0.0,-7608.994535,0.0
2019-03-03,12,0,80,42.45,42.45,0.0,-12304.831162,0.0
2019-03-03,12,0,81,55.5,55.5,0.0,-16087.588444,0.0
2019-03-03,12,0,82,39.15,39.15,0.0,-11348.271849,0.0
2019-03-03,12,0,83,87.3,87.3,0.0,-25305.341823,0.0
2019-03-03,12,0,84,0.0,0.0,0.0,0.0,0.0
2019-03-03,12,0,86,11.8,11.8,0.0,171.829219,0.0
2019-03-03,12,0,87,60.25,60.25,0.0,877.348343,0.0
2019-03-03,12,0,88,51.18,51.18,0.0,-14835.365344,0.0
2019-03-03,12,0,89,49.2,49.2,0.0,-14261.429756,0.0
2019-03-03,12,0,90,66.06,66.06,0.0,-19148.578246,0.0
2019-03-03,12,0,91,235.65,235.65,0.0,-68307.030936,0.0
2019-03-03,12,0,92,84.75,84.75,0.0,-24566.182354,0.0
2019-03-03,12,0,95,120.0,120.0,0.0,2691.568394,0.0
2019-03-03,12,0,96,29.88,29.88,0.0,2009.286258,0.0
2019-03-03,12,0,97,183.76,183.76,0.0,12356.975997,0.0
2019-03-03,12,0,99,3.27,3.27,0.0,43.427917,0.0
2019-03-03,12,0,101,14.34,14.34,0.0,-14340.0,0.0
2019-03-03,12,0,102,80.5,80.5,0.0,-33032.877469,0.0
2019-03-03,12,0,103,70.0,70.0,0.0,-28724.241277,0.0
2019-03-03,12,0,104,13.0,13.0,0.0,-5334.501952,0.0
2019-03-03,12,0,106,310.86,310.86,0.0,-116475.831833,0.0
2019-03-03,12,0,109,60.0,60.0,0.0,654.333252,0.0
2019-03-03,12,0,110,338.6,338.6,0.0,-338600.0,0.0
2019-03-03,12,0,111,20.29,20.29,0.0,119.011916,0.0
2019-03-03,12,0,113,45.0,45.0,0.0,-11660.002375,0.0
2019-03-03,12,0,115,45.0,45.0,0.0,-11660.002375,0.0
2019-03-03,12,0,116,95.42,95.42,0.0,-95420.0,0.0
2019-03-03,12,0,117,3.0,3.0,0.0,-777.333492,0.0
2019-03-03,12,0,119,60.0,60.0,0.0,7322.647684,0.0
2019-03-03,12,0,120,35.28,35.28,0.0,4305.716838,0.0
2019-03-03,12,0,123,5.18,5.18,0.0,-1940.889175,0.0
2019-03-03,12,0,125,70.73,70.73,0.0,-26501.755084,0.0
2019-03-03,12,0,126,233.14,233.14,0.0,-87355.00043,0.0
2019-03-03,12,0,127,299.2,299.2,0.0,-112106.957745,0.0
2019-03-03,12,0,128,96.96,96.96,0.0,-36329.848339,0.0
2019-03-03,12,0,131,30.0,30.0,0.0,-11147.42004,0.0
2019-03-03,12,0,132,44.1,44.1,0.0,-16386.707458,0.0
2019-03-03,12,0,133,3.31,3.31,0.0,55.950331,0.0
2019-03-03,12,0,134,0.0,0.0,0.0,0.0,0.0
2019-03-03,12,0,135,4.43,4.43,0.0,74.882165,0.0
2019-03-03,12,0,136,1.48,1.48,0.0,25.178034,0.0
2019-03-03,12,0,139,12.79,12.79,0.0,75.020326,0.0
2019-03-03,12,0,140,250.6,250.6,0.0,-250600.0,0.0
2019-03-03,12,0,141,230.0,230.0,0.0,-127764.616417,0.0
2019-03-03,12,0,142,566.09,566.09,0.0,-314462.050903,0.0
2019-03-03,12,0,143,201.48,201.48,0.0,-201480.0,0.0
2019-03-03,12,0,145,56.25,56.25,0.0,925.276115,0.0
2019-03-03,12,0,146,268.0,268.0,0.0,-268000.0,0.0
2019-03-03,12,0,152,9.16,9.16,0.0,215.46567,0.0
2019-03-03,12,0,153,11.15,11.15,0.0,266.486585,0.0
2019-03-03,12,0,154,83.69,83.69,0.0,490.887495,0.0
2019-03-03,12,0,157,250.0,250.0,0.0,-138874.583062,0.0
2019-03-03,12,0,158,357.65,357.65,0.0,-198673.978529,0.0
2019-03-03,12,0,159,0.0,0.0,0.0,0.0,0.0
2019-03-03,12,0,160,1.82,1.82,0.0,15.723664,0.0
2019-03-03,12,0,161,72.88,72.88,0.0,-29906.038633,0.0
2019-03-03,12,0,162,162.5,162.5,0.0,3766.997707,0.0
2019-03-03,12,0,163,185.4,185.4,0.0,-185400.0,0.0
2019-03-03,12,0,164,25.73,25.73,0.0,-25730.0,0.0
2019-03-03,12,0,167,4.4,4.4,0.0,83.435521,0.0
2019-03-03,12,0,168,2.2,2.2,0.0,41.71776,0.0
2019-03-03,12,0,169,0.0,0.0,0.0,0.0,0.0
2019-03-03,12,0,170,4.81,4.81,0.0,91.210194,0.0
2019-03-03,12,0,172,6.12,6.12,0.0,188.951692,0.0
2019-03-03,12,0,173,9.32,9.32,0.0,287.749963,0.0
2019-03-03,12,0,188,7.85,7.85,0.0,273.13212,0.0
2019-03-03,12,0,190,4.69,4.69,0.0,152.085243,0.0
2019-03-03,12,0,191,12.11,12.11,0.0,392.697717,0.0
2019-03-03,12,0,192,332.6,332.6,0.0,10785.405497,0.0
2019-03-03,12,0,194,52.95,52.95,0.0,-6479.548558,0.0
2019-03-03,12,0,196,4.6,4.6,0.0,1267.07623,0.0
2019-03-03,12,0,198,8.02,8.02,0.0,62.228115,0.0
2019-03-03,12,0,199,113.69,113.69,0.0,-3958.173589,0.0
2019-03-03,12,0,200,14.45,14.45,0.0,-503.083898,0.0
2019-03-03,12,0,204,257.1,257.1,0.0,2949.523268,0.0
2019-03-03,12,0,205,317.4,317.4,0.0,3461.422901,0.0
2019-03-03,12,0,206,539.95,539.95,0.0,36309.039997,0.0
2019-03-03,12,0,210,1.81,1.81,0.0,8.009916,0.0
2019-03-03,12,0,214,10.68,10.68,0.0,138.199908,0.0
2019-03-03,12,0,217,7.54,7.54,0.0,68.192215,0.0
2019-03-03,12,0,218,10.4,10.4,0.0,94.058228,0.0
2019-03-03,12,0,219,7.09,7.09,0.0,64.122388,0.0
2019-03-03,12,0,221,5.69,5.69,0.0,73.628977,0.0
2019-03-03,12,0,225,5.43,5.43,0.0,24.9614,0.0
2019-03-03,12,0,233,6.68,6.68,0.0,97.272812,0.0
2019-03-03,12,0,236,15.65,15.65,0.0,300.356807,0.0
2019-03-03,12,0,237,40.66,40.66,0.0,539.993608,0.0
2019-03-03,12,0,238,97.88,97.88,0.0,1705.251255,0.0
2019-03-03,12,0,240,12.92,12.92,0.0,107.744747,0.0
2019-03-03,12,0,245,5.07,5.07,0.0,83.980951,0.0
2019-03-03,12,0,247,11.92,11.92,0.0,197.446339,0.0
2019-03-03,12,0,248,4.08,4.08,0.0,54.185291,0.0
2019-03-03,12,0,249,9.75,9.75,0.0,161.501829,0.0
2019-03-03,12,0,251,0.0,0.0,0.0,0.0,0.0
2019-03-03,12,0,252,7.44,7.44,0.0,126.532,0.0
2019-03-03,12,0,254,16.41,16.41,0.0,144.537613,0.0
2019-03-03,12,0,255,7.52,7.52,0.0,66.235396,0.0
2019-03-03,12,0,258,15.19,15.19,0.0,127.963062,0.0
2019-03-03,12,0,260,4.42,4.42,0.0,38.186042,0.0
2019-03-03,12,0,265,86.65,86.65,0.0,508.249509,0.0
2019-03-03,12,0,266,8.28,8.28,0.0,48.566716,0.0
2019-03-03,12,0,267,10.18,10.18,0.0,59.711252,0.0
2019-03-03,12,0,270,579.0,579.0,0.0,-579000.0,0.0
2019-03-03,12,0,272,150.39,150.39,0.0,-38967.727937,0.0
2019-03-03,12,0,273,22.82,22.82,0.0,-22820.0,0.0
2019-03-03,12,0,274,746.4,746.4,0.0,-746400.0,0.0
2019-03-03,12,0,275,1039.0,1039.0,0.0,-1039000.0,0.0
2019-03-03,12,0,276,5.37,5.37,0.0,-4837.0391,0.0
2019-03-03,12,0,277,8.09,8.09,0.0,-2195.961394,0.0
2019-03-03,12,0,278,12.95,12.95,0.0,-3515.166878,0.0
2019-03-03,12,0,279,264.6,264.6,0.0,-71823.409733,0.0
2019-03-03,12,0,281,56.1,56.1,0.0,-56100.0,0.0
2019-03-03,12,0,282,390.64,390.64,0.0,-390640.0,0.0
2019-03-03,13,0,9,4.62,4.62,0.0,-1784.922225,0.0
2019-03-03,13,0,17,33.31,33.31,0.0,740.940509,0.0
2019-03-03,13,0,19,62.32,62.32,0.0,1386.232738,0.0
2019-03-03,13,0,20,75.58,75.58,0.0,1681.185339,0.0
2019-03-03,13,0,21,105.57,105.57,0.0,-40786.631887,0.0
2019-03-03,13,0,22,375.18,375.18,0.0,-144949.593175,0.0
2019-03-03,13,0,23,90.35,90.35,0.0,-34906.433561,0.0
2019-03-03,13,0,24,157.79,157.79,0.0,-60961.661888,0.0
2019-03-03,13,0,29,4.22,4.22,0.0,14.844769,0.0
2019-03-03,13,0,30,837.66,837.66,0.0,-837660.0,0.0
2019-03-03,13,0,31,125.0,125.0,0.0,-125000.0,0.0
2019-03-03,13,0,32,5.23,5.23,0.0,283.204779,0.0
2019-03-03,13,0,33,2.48,2.48,0.0,61.008008,0.0
2019-03-03,13,0,34,3.97,3.97,0.0,97.662013,0.0
2019-03-03,13,0,35,3.97,3.97,0.0,97.662013,0.0
2019-03-03,13,0,36,12.89,12.89,0.0,73.28845,0.0
2019-03-03,13,0,37,5.8,5.8,0.0,34.135078,0.0
2019-03-03,13,0,38,7.45,7.45,0.0,43.845919,0.0
2019-03-03,13,0,39,4.97,4.97,0.0,29.250231,0.0
2019-03-03,13,0,40,4.97,4.97,0.0,29.250231,0.0
2019-03-03,13,0,41,26.72,26.72,0.0,-144.763679,0.0
2019-03-03,13,0,42,86.45,86.45,0.0,1878.821359,0.0
2019-03-03,13,0,43,36.76,36.76,0.0,253.304744,0.0
2019-03-03,13,0,46,32.1,32.1,0.0,180.790461,0.0
2019-03-03,13,0,52,132.5,132.5,0.0,-132500.0,0.0
2019-03-03,13,0,53,210.5,210.5,0.0,-210500.0,0.0
2019-03-03,13,0,55,623.0,623.0,0.0,-240694.057647,0.0
2019-03-03,13,0,56,247.08,247.08,0.0,-247080.0,0.0
2019-03-03,13,0,57,235.03,235.03,0.0,-235030.0,0.0
2019-03-03,13,0,58,451.97,451.97,0.0,-451970.0,0.0
2019-03-03,13,0,59,444.44,444.44,0.0,-444440.0,0.0
2019-03-03,13,0,63,51.0,51.0,0.0,6210.416329,0.0
2019-03-03,13,0,64,60.0,60.0,0.0,7306.372152,0.0
2019-03-03,13,0,65,1.72,1.72,0.0,38.096123,0.0
2019-03-03,13,0,67,496.75,496.75,0.0,-274264.849092,0.0
2019-03-03,13,0,68,34.0,34.0,0.0,-13799.333339,0.0
2019-03-03,13,0,69,2.48,2.48,0.0,61.008008,0.0
2019-03-03,13,0,74,36.67,36.67,0.0,477.136666,0.0
2019-03-03,13,0,77,60.0,60.0,0.0,-17012.325536,0.0
2019-03-03,13,0,78,45.36,45.36,0.0,-12861.318105,0.0
2019-03-03,13,0,79,26.25,26.25,0.0,-7442.892422,0.0
2019-03-03,13,0,80,42.45,42.45,0.0,-12036.220316,0.0
2019-03-03,13,0,81,55.5,55.5,0.0,-15736.40112,0.0
2019-03-03,13,0,82,39.15,39.15,0.0,-11100.542412,0.0
2019-03-03,13,0,83,87.3,87.3,0.0,-24752.933654,0.0
2019-03-03,13,0,84,0.0,0.0,0.0,0.0,0.0
2019-03-03,13,0,86,12.57,12.57,0.0,309.222041,0.0
2019-03-03,13,0,87,64.19,64.19,0.0,1579.074207,0.0
2019-03-03,13,0,88,51.18,51.18,0.0,-14511.513682,0.0
2019-03-03,13,0,89,49.2,49.2,0.0,-13950.106939,0.0
2019-03-03,13,0,90,66.06,66.06,0.0,-18730.570415,0.0
2019-03-03,13,0,91,235.65,235.65,0.0,-66815.908541,0.0
2019-03-03,13,0,92,84.75,84.75,0.0,-24029.909819,0.0
2019-03-03,13,0,95,120.0,120.0,0.0,2691.568394,0.0
2019-03-03,13,0,96,29.88,29.88,0.0,1403.041401,0.0
2019-03-03,13,0,97,183.75,183.75,0.0,8628.141145,0.0
2019-03-03,13,0,99,7.08,7.08,0.0,92.122378,0.0
2019-03-03,13,0,101,16.87,16.87,0.0,-16870.0,0.0
2019-03-03,13,0,102,80.5,80.5,0.0,-32671.950995,0.0
2019-03-03,13,0,103,70.0,70.0,0.0,-28410.392169,0.0
2019-03-03,13,0,104,13.0,13.0,0.0,-5276.215689,0.0
2019-03-03,13,0,106,369.33,369.33,0.0,-142689.464383,0.0
2019-03-03,13,0,109,60.0,60.0,0.0,252.007287,0.0
2019-03-03,13,0,110,338.6,338.6,0.0,-338600.0,0.0
2019-03-03,13,0,111,24.36,24.36,0.0,-131.977666,0.0
2019-03-03,13,0,113,45.0,45.0,0.0,-11501.887937,0.0
2019-03-03,13,0,115,45.0,45.0,0.0,-11501.887937,0.0
2019-03-03,13,0,116,120.54,120.54,0.0,-120540.0,0.0
2019-03-03,13,0,117,3.0,3.0,0.0,-766.792529,0.0
2019-03-03,13,0,119,60.0,60.0,0.0,7306.372152,0.0
2019-03-03,13,0,120,35.28,35.28,0.0,4296.146826,0.0
2019-03-03,13,0,123,6.16,6.16,0.0,-2379.8963,0.0
2019-03-03,13,0,125,143.27,143.27,0.0,-55351.906323,0.0
2019-03-03,13,0,126,277.0,277.0,0.0,-107018.064154,0.0
2019-03-03,13,0,127,355.48,355.48,0.0,-137338.561176,0.0
2019-03-03,13,0,128,202.25,202.25,0.0,-78138.640705,0.0
2019-03-03,13,0,131,30.0,30.0,0.0,-11004.070394,0.0
2019-03-03,13,0,132,44.1,44.1,0.0,-16175.983479,0.0
2019-03-03,13,0,133,4.48,4.48,0.0,99.692207,0.0
2019-03-03,13,0,134,0.0,0.0,0.0,0.0,0.0
2019-03-03,13,0,135,6.01,6.01,0.0,133.738876,0.0
2019-03-03,13,0,136,2.23,2.23,0.0,49.380452,0.0
2019-03-03,13,0,139,34.5,34.5,0.0,-186.914182,0.0
2019-03-03,13,0,140,250.6,250.6,0.0,-250600.0,0.0
2019-03-03,13,0,141,230.0,230.0,0.0,-126987.247692,0.0
2019-03-03,13,0,142,655.08,655.08,0.0,-361681.766166,0.0
2019-03-03,13,0,143,238.5,238.5,0.0,-238500.0,0.0
2019-03-03,13,0,145,100.0,100.0,0.0,186.442131,0.0
2019-03-03,13,0,146,268.0,268.0,0.0,-268000.0,0.0
2019-03-03,13,0,152,9.87,9.87,0.0,232.166612,0.0
2019-03-03,13,0,153,11.97,11.97,0.0,283.213572,0.0
2019-03-03,13,0,154,100.47,100.47,0.0,-544.326604,0.0
2019-03-03,13,0,157,250.0,250.0,0.0,-138029.617057,0.0
2019-03-03,13,0,158,414.45,414.45,0.0,-228825.499157,0.0
2019-03-03,13,0,159,0.0,0.0,0.0,0.0,0.0
2019-03-03,13,0,160,2.67,2.67,0.0,25.355685,0.0
2019-03-03,13,0,161,89.47,89.47,0.0,-36312.53982,0.0
2019-03-03,13,0,162,162.5,162.5,0.0,3771.646616,0.0
2019-03-03,13,0,163,104.55,104.55,0.0,-104550.0,0.0
2019-03-03,13,0,164,29.86,29.86,0.0,-29860.0,0.0
2019-03-03,13,0,167,6.31,6.31,0.0,120.007493,0.0
2019-03-03,13,0,168,3.16,3.16,0.0,60.09884,0.0
2019-03-03,13,0,169,0.0,0.0,0.0,0.0,0.0
2019-03-03,13,0,170,6.9,6.9,0.0,131.228479,0.0
2019-03-03,13,0,172,7.98,7.98,0.0,203.448053,0.0
2019-03-03,13,0,173,12.16,12.16,0.0,310.016081,0.0
2019-03-03,13,0,188,10.53,10.53,0.0,343.988018,0.0
2019-03-03,13,0,190,9.21,9.21,0.0,298.657801,0.0
2019-03-03,13,0,191,23.79,23.79,0.0,771.451584,0.0
2019-03-03,13,0,192,332.6,332.6,0.0,10785.405497,0.0
2019-03-03,13,0,194,52.95,52.95,0.0,-6389.021749,0.0
2019-03-03,13,0,196,6.78,6.78,0.0,1873.234746,0.0
2019-03-03,13,0,198,9.84,9.84,0.0,124.770376,0.0
2019-03-03,13,0,199,73.53,73.53,0.0,-2469.998815,0.0
2019-03-03,13,0,200,19.14,19.14,0.0,-642.945428,0.0
2019-03-03,13,0,204,257.1,257.1,0.0,1066.335435,0.0
2019-03-03,13,0,205,317.4,317.4,0.0,1333.118547,0.0
2019-03-03,13,0,206,539.94,539.94,0.0,25353.352544,0.0
2019-03-03,13,0,210,1.84,1.84,0.0,8.177615,0.0
2019-03-03,13,0,214,10.35,10.35,0.0,266.622793,0.0
2019-03-03,13,0,217,6.88,6.88,0.0,113.26985,0.0
2019-03-03,13,0,218,9.49,9.49,0.0,156.239953,0.0
2019-03-03,13,0,219,6.47,6.47,0.0,106.519757,0.0
2019-03-03,13,0,221,5.52,5.52,0.0,142.198823,0.0
2019-03-03,13,0,225,4.17,4.17,0.0,14.295717,0.0
2019-03-03,13,0,233,7.11,7.11,0.0,174.906023,0.0
2019-03-03,13,0,236,56.01,56.01,0.0,1228.982842,0.0
2019-03-03,13,0,237,87.97,87.97,0.0,1144.633556,0.0
2019-03-03,13,0,238,112.52,112.52,0.0,2445.401727,0.0
2019-03-03,13,0,240,14.61,14.61,0.0,83.067824,0.0
2019-03-03,13,0,245,6.9,6.9,0.0,155.889469,0.0
2019-03-03,13,0,247,16.16,16.16,0.0,365.097656,0.0
2019-03-03,13,0,248,8.83,8.83,0.0,114.89274,0.0
2019-03-03,13,0,249,13.27,13.27,0.0,299.80482,0.0
2019-03-03,13,0,251,0.0,0.0,0.0,0.0,0.0
2019-03-03,13,0,252,11.11,11.11,0.0,246.074377,0.0
2019-03-03,13,0,254,15.44,15.44,0.0,116.489296,0.0
2019-03-03,13,0,255,7.08,7.08,0.0,53.416076,0.0
2019-03-03,13,0,258,18.06,18.06,0.0,106.198476,0.0
2019-03-03,13,0,260,6.48,6.48,0.0,61.537393,0.0
2019-03-03,13,0,265,104.02,104.02,0.0,-563.559802,0.0
2019-03-03,13,0,266,22.34,22.34,0.0,-121.033705,0.0
2019-03-03,13,0,267,27.46,27.46,0.0,-148.772853,0.0
2019-03-03,13,0,270,325.32,325.32,0.0,-325320.0,0.0
2019-03-03,13,0,272,150.39,150.39,0.0,-38439.309487,0.0
2019-03-03,13,0,273,28.83,28.83,0.0,-28830.0,0.0
2019-03-03,13,0,274,419.18,419.18,0.0,-419180.0,0.0
2019-03-03,13,0,275,583.24,583.24,0.0,-583240.0,0.0
2019-03-03,13,0,276,6.61,6.61,0.0,-5948.983527,0.0
2019-03-03,13,0,277,10.46,10.46,0.0,-2790.723894,0.0
2019-03-03,13,0,278,16.74,16.74,0.0,-4466.225428,0.0
2019-03-03,13,0,279,378.16,378.16,0.0,-100892.939547,0.0
2019-03-03,13,0,281,56.1,56.1,0.0,-56100.0,0.0
2019-03-03,13,0,282,459.51,459.51,0.0,-459510.0,0.0
2019-03-03,14,0,9,4.84,4.84,0.0,-1955.843216,0.0
2019-03-03,14,0,17,34.25,34.25,0.0,608.237953,0.0
2019-03-03,14,0,19,139.19,139.19,0.0,2471.843523,0.0
2019-03-03,14,0,20,168.81,168.81,0.0,2997.85836,0.0
2019-03-03,14,0,21,110.64,110.64,0.0,-44709.606079,0.0
2019-03-03,14,0,22,393.2,393.2,0.0,-158892.056312,0.0
2019-03-03,14,0,23,42.61,42.61,0.0,-17218.694098,0.0
2019-03-03,14,0,24,73.27,73.27,0.0,-29608.395132,0.0
2019-03-03,14,0,29,4.31,4.31,0.0,14.792795,0.0
2019-03-03,14,0,30,899.26,899.26,0.0,-899260.0,0.0
2019-03-03,14,0,31,125.0,125.0,0.0,-125000.0,0.0
2019-03-03,14,0,32,5.25,5.25,0.0,267.552727,0.0
2019-03-03,14,0,33,2.56,2.56,0.0,72.454491,0.0
2019-03-03,14,0,34,4.1,4.1,0.0,116.040395,0.0
2019-03-03,14,0,35,4.1,4.1,0.0,116.040395,0.0
2019-03-03,14,0,36,13.6,13.6,0.0,9.196117,0.0
2019-03-03,14,0,37,5.97,5.97,0.0,2.191062,0.0
2019-03-03,14,0,38,7.68,7.68,0.0,2.818653,0.0
2019-03-03,14,0,39,5.12,5.12,0.0,1.879102,0.0
2019-03-03,14,0,40,5.12,5.12,0.0,1.879102,0.0
2019-03-03,14,0,41,27.48,27.48,0.0,-644.949581,0.0
2019-03-03,14,0,42,89.75,89.75,0.0,1388.72456,0.0
2019-03-03,14,0,43,38.24,38.24,0.0,69.825051,0.0
2019-03-03,14,0,46,32.98,32.98,0.0,-83.155344,0.0
2019-03-03,14,0,52,132.5,132.5,0.0,-132500.0,0.0
2019-03-03,14,0,53,210.5,210.5,0.0,-210500.0,0.0
2019-03-03,14,0,55,623.0,623.0,0.0,-251754.199091,0.0
2019-03-03,14,0,56,265.25,265.25,0.0,-265250.0,0.0
2019-03-03,14,0,57,252.31,252.31,0.0,-252310.0,0.0
2019-03-03,14,0,58,485.21,485.21,0.0,-485210.0,0.0
2019-03-03,14,0,59,477.12,477.12,0.0,-477120.0,0.0
2019-03-03,14,0,63,51.0,51.0,0.0,6191.197351,0.0
2019-03-03,14,0,64,60.0,60.0,0.0,7283.76159,0.0
2019-03-03,14,0,65,10.94,10.94,0.0,189.636257,0.0
2019-03-03,14,0,67,510.04,510.04,0.0,-279125.725781,0.0
2019-03-03,14,0,68,19.16,19.16,0.0,-7652.90554,0.0
2019-03-03,14,0,69,2.56,2.56,0.0,72.454491,0.0
2019-03-03,14,0,74,83.32,83.32,0.0,434.563481,0.0
2019-03-03,14,0,77,60.0,60.0,0.0,-16465.97998,0.0
2019-03-03,14,0,78,45.36,45.36,0.0,-12448.280865,0.0
2019-03-03,14,0,79,26.25,26.25,0.0,-7203.866241,0.0
2019-03-03,14,0,80,42.45,42.45,0.0,-11649.680836,0.0
2019-03-03,14,0,81,55.5,55.5,0.0,-15231.031481,0.0
2019-03-03,14,0,82,39.15,39.15,0.0,-10744.051937,0.0
2019-03-03,14,0,83,87.3,87.3,0.0,-23958.00087,0.0
2019-03-03,14,0,84,0.0,0.0,0.0,0.0,0.0
2019-03-03,14,0,86,12.97,12.97,0.0,367.083884,0.0
2019-03-03,14,0,87,66.21,66.21,0.0,1873.910867,0.0
2019-03-03,14,0,88,51.18,51.18,0.0,-14045.480923,0.0
2019-03-03,14,0,89,49.2,49.2,0.0,-13502.103583,0.0
2019-03-03,14,0,90,66.06,66.06,0.0,-18129.043958,0.0
2019-03-03,14,0,91,235.65,235.65,0.0,-64670.13637,0.0
2019-03-03,14,0,92,84.75,84.75,0.0,-23258.196721,0.0
2019-03-03,14,0,95,120.0,120.0,0.0,2691.568394,0.0
2019-03-03,14,0,96,31.39,31.39,0.0,505.005646,0.0
2019-03-03,14,0,97,210.51,210.51,0.0,3386.707184,0.0
2019-03-03,14,0,99,16.08,16.08,0.0,83.866788,0.0
2019-03-03,14,0,101,18.11,18.11,0.0,-18110.0,0.0
2019-03-03,14,0,102,45.25,45.25,0.0,-18073.798315,0.0
2019-03-03,14,0,103,39.36,39.36,0.0,-15721.208876,0.0
2019-03-03,14,0,104,7.37,7.37,0.0,-2943.732455,0.0
2019-03-03,14,0,106,387.07,387.07,0.0,-156414.924305,0.0
2019-03-03,14,0,109,60.0,60.0,0.0,-392.132227,0.0
2019-03-03,14,0,110,338.6,338.6,0.0,-338600.0,0.0
2019-03-03,14,0,111,25.73,25.73,0.0,-603.877464,0.0
2019-03-03,14,0,113,45.0,45.0,0.0,-11276.194656,0.0
2019-03-03,14,0,115,45.0,45.0,0.0,-11276.194656,0.0
2019-03-03,14,0,116,126.82,126.82,0.0,-126820.0,0.0
2019-03-03,14,0,117,3.0,3.0,0.0,-751.74631,0.0
2019-03-03,14,0,119,60.0,60.0,0.0,7283.76159,0.0
2019-03-03,14,0,120,35.28,35.28,0.0,4282.851815,0.0
2019-03-03,14,0,123,6.45,6.45,0.0,-2606.443955,0.0
2019-03-03,14,0,125,66.79,66.79,0.0,-26989.828182,0.0
2019-03-03,14,0,126,290.3,290.3,0.0,-117310.182979,0.0
2019-03-03,14,0,127,372.55,372.55,0.0,-150547.394657,0.0
2019-03-03,14,0,128,92.7,92.7,0.0,-37460.054985,0.0
2019-03-03,14,0,131,30.0,30.0,0.0,-10798.111667,0.0
2019-03-03,14,0,132,44.1,44.1,0.0,-15873.224151,0.0
2019-03-03,14,0,133,17.06,17.06,0.0,303.64706,0.0
2019-03-03,14,0,134,0.0,0.0,0.0,0.0,0.0
2019-03-03,14,0,135,22.86,22.86,0.0,406.879941,0.0
2019-03-03,14,0,136,12.45,12.45,0.0,215.520734,0.0
2019-03-03,14,0,139,35.49,35.49,0.0,-832.942526,0.0
2019-03-03,14,0,140,250.6,250.6,0.0,-250600.0,0.0
2019-03-03,14,0,141,230.0,230.0,0.0,-125870.357089,0.0
2019-03-03,14,0,142,672.62,672.62,0.0,-368099.65037,0.0
2019-03-03,14,0,143,238.5,238.5,0.0,-238500.0,0.0
2019-03-03,14,0,145,56.12,56.12,0.0,-1155.819035,0.0
2019-03-03,14,0,146,268.0,268.0,0.0,-268000.0,0.0
2019-03-03,14,0,152,10.32,10.32,0.0,60.000053,0.0
2019-03-03,14,0,153,12.47,12.47,0.0,65.798332,0.0
2019-03-03,14,0,154,106.15,106.15,0.0,-2491.317248,0.0
2019-03-03,14,0,157,250.0,250.0,0.0,-136815.605531,0.0
2019-03-03,14,0,158,432.2,432.2,0.0,-236526.818843,0.0
2019-03-03,14,0,159,0.0,0.0,0.0,0.0,0.0
2019-03-03,14,0,160,2.8,2.8,0.0,18.941218,0.0
2019-03-03,14,0,161,92.9,92.9,0.0,-37106.206926,0.0
2019-03-03,14,0,162,162.5,162.5,0.0,3778.4644,0.0
2019-03-03,14,0,163,130.61,130.61,0.0,-130610.0,0.0
2019-03-03,14,0,164,30.52,30.52,0.0,-30520.0,0.0
2019-03-03,14,0,167,6.29,6.29,0.0,120.137607,0.0
2019-03-03,14,0,168,3.14,3.14,0.0,59.973305,0.0
2019-03-03,14,0,169,0.0,0.0,0.0,0.0,0.0
2019-03-03,14,0,170,6.88,6.88,0.0,131.406476,0.0
2019-03-03,14,0,172,7.99,7.99,0.0,138.976598,0.0
2019-03-03,14,0,173,12.17,12.17,0.0,211.682753,0.0
2019-03-03,14,0,188,10.67,10.67,0.0,316.160008,0.0
2019-03-03,14,0,190,9.69,9.69,0.0,314.223028,0.0
2019-03-03,14,0,191,25.02,25.02,0.0,811.337479,0.0
2019-03-03,14,0,192,332.6,332.6,0.0,10785.405497,0.0
2019-03-03,14,0,194,52.95,52.95,0.0,-6263.031139,0.0
2019-03-03,14,0,196,7.05,7.05,0.0,1956.329233,0.0
2019-03-03,14,0,198,10.28,10.28,0.0,133.203273,0.0
2019-03-03,14,0,199,130.0,130.0,0.0,-4338.224221,0.0
2019-03-03,14,0,200,19.61,19.61,0.0,-654.404438,0.0
2019-03-03,14,0,204,257.1,257.1,0.0,-1966.537226,0.0
2019-03-03,14,0,205,317.4,317.4,0.0,-2074.379483,0.0
2019-03-03,14,0,206,745.19,745.19,0.0,11988.695674,0.0
2019-03-03,14,0,210,1.87,1.87,0.0,5.828605,0.0
2019-03-03,14,0,214,10.67,10.67,0.0,368.494248,0.0
2019-03-03,14,0,217,6.92,6.92,0.0,158.101234,0.0
2019-03-03,14,0,218,9.55,9.55,0.0,218.188841,0.0
2019-03-03,14,0,219,6.51,6.51,0.0,148.733964,0.0
2019-03-03,14,0,221,5.69,5.69,0.0,196.507242,0.0
2019-03-03,14,0,225,4.3,4.3,0.0,14.889407,0.0
2019-03-03,14,0,233,7.34,7.34,0.0,207.74061,0.0
2019-03-03,14,0,236,101.86,101.86,0.0,1219.849292,0.0
2019-03-03,14,0,237,199.88,199.88,0.0,1042.493381,0.0
2019-03-03,14,0,238,116.82,116.82,0.0,1807.58555,0.0
2019-03-03,14,0,240,15.42,15.42,0.0,10.426773,0.0
2019-03-03,14,0,245,28.22,28.22,0.0,545.210763,0.0
2019-03-03,14,0,247,60.19,60.19,0.0,1162.871575,0.0
2019-03-03,14,0,248,20.06,20.06,0.0,104.624861,0.0
2019-03-03,14,0,249,54.27,54.27,0.0,1048.497099,0.0
2019-03-03,14,0,251,50.08,50.08,0.0,833.188421,0.0
2019-03-03,14,0,252,70.57,70.57,0.0,1223.275195,0.0
2019-03-03,14,0,254,15.76,15.76,0.0,48.30876,0.0
2019-03-03,14,0,255,7.22,7.22,0.0,22.131297,0.0
2019-03-03,14,0,258,19.13,19.13,0.0,16.487851,0.0
2019-03-03,14,0,260,6.79,6.79,0.0,45.932453,0.0
2019-03-03,14,0,265,109.91,109.91,0.0,-2579.563624,0.0
2019-03-03,14,0,266,22.98,22.98,0.0,-539.335566,0.0
2019-03-03,14,0,267,28.24,28.24,0.0,-662.786614,0.0
2019-03-03,14,0,270,454.05,454.05,0.0,-454050.0,0.0
2019-03-03,14,0,272,150.39,150.39,0.0,-37685.042539,0.0
2019-03-03,14,0,273,30.33,30.33,0.0,-30330.0,0.0
2019-03-03,14,0,274,605.65,605.65,0.0,-605650.0,0.0
2019-03-03,14,0,275,880.86,880.86,0.0,-880860.0,0.0
2019-03-03,14,0,276,6.88,6.88,0.0,-6184.523196,0.0
2019-03-03,14,0,277,10.9,10.9,0.0,-2835.573008,0.0
2019-03-03,14,0,278,17.43,17.43,0.0,-4534.315369,0.0
2019-03-03,14,0,279,264.6,264.6,0.0,-68834.185126,0.0
2019-03-03,14,0,281,56.1,56.1,0.0,-56100.0,0.0
2019-03-03,14,0,282,493.3,493.3,0.0,-493300.0,0.0
2019-03-03,15,0,9,4.66,4.66,0.0,-1835.297436,0.0
2019-03-03,15,0,17,33.26,33.26,0.0,181.300711,0.0
2019-03-03,15,0,19,192.99,192.99,0.0,1051.991109,0.0
2019-03-03,15,0,20,234.06,234.06,0.0,1275.864236,0.0
2019-03-03,15,0,21,106.6,106.6,0.0,-41983.413442,0.0
2019-03-03,15,0,22,378.87,378.87,0.0,-149214.407605,0.0
2019-03-03,15,0,23,32.64,32.64,0.0,-12854.958862,0.0
2019-03-03,15,0,24,57.75,57.75,0.0,-22744.29762,0.0
2019-03-03,15,0,29,4.0,4.0,0.0,18.423915,0.0
2019-03-03,15,0,30,874.42,874.42,0.0,-874420.0,0.0
2019-03-03,15,0,31,125.0,125.0,0.0,-125000.0,0.0
2019-03-03,15,0,32,4.96,4.96,0.0,254.673002,0.0
2019-03-03,15,0,33,2.55,2.55,0.0,24.72447,0.0
2019-03-03,15,0,34,4.07,4.07,0.0,39.462193,0.0
2019-03-03,15,0,35,4.07,4.07,0.0,39.462193,0.0
2019-03-03,15,0,36,13.31,13.31,0.0,-8.609757,0.0
2019-03-03,15,0,37,5.87,5.87,0.0,-3.684734,0.0
2019-03-03,15,0,38,7.55,7.55,0.0,-4.739308,0.0
2019-03-03,15,0,39,5.03,5.03,0.0,-3.157446,0.0
2019-03-03,15,0,40,5.03,5.03,0.0,-3.157446,0.0
2019-03-03,15,0,41,58.96,58.96,0.0,-914.917473,0.0
2019-03-03,15,0,42,86.37,86.37,0.0,391.33188,0.0
2019-03-03,15,0,43,36.55,36.55,0.0,12.125611,0.0
2019-03-03,15,0,46,31.93,31.93,0.0,-50.797139,0.0
2019-03-03,15,0,52,132.5,132.5,0.0,-132500.0,0.0
2019-03-03,15,0,53,210.5,210.5,0.0,-210500.0,0.0
2019-03-03,15,0,55,623.0,623.0,0.0,-245362.725837,0.0
2019-03-03,15,0,56,257.92,257.92,0.0,-257920.0,0.0
2019-03-03,15,0,57,245.34,245.34,0.0,-245340.0,0.0
2019-03-03,15,0,58,471.81,471.81,0.0,-471810.0,0.0
2019-03-03,15,0,59,463.95,463.95,0.0,-463950.0,0.0
2019-03-03,15,0,63,51.0,51.0,0.0,6128.223449,0.0
2019-03-03,15,0,64,60.0,60.0,0.0,7209.674645,0.0
2019-03-03,15,0,65,34.05,34.05,0.0,179.786971,0.0
2019-03-03,15,0,67,485.4,485.4,0.0,-267745.075528,0.0
2019-03-03,15,0,68,34.0,34.0,0.0,-13775.803654,0.0
2019-03-03,15,0,69,2.55,2.55,0.0,24.72447,0.0
2019-03-03,15,0,74,217.6,217.6,0.0,32.150795,0.0
2019-03-03,15,0,77,60.0,60.0,0.0,-16943.939941,0.0
2019-03-03,15,0,78,45.36,45.36,0.0,-12809.618595,0.0
2019-03-03,15,0,79,26.25,26.25,0.0,-7412.973724,0.0
2019-03-03,15,0,80,42.45,42.45,0.0,-11987.837508,0.0
2019-03-03,15,0,81,55.5,55.5,0.0,-15673.144445,0.0
2019-03-03,15,0,82,39.15,39.15,0.0,-11055.920811,0.0
2019-03-03,15,0,83,87.3,87.3,0.0,-24653.432614,0.0
2019-03-03,15,0,84,0.0,0.0,0.0,0.0,0.0
2019-03-03,15,0,86,12.9,12.9,0.0,125.07673,0.0
2019-03-03,15,0,87,65.84,65.84,0.0,638.376115,0.0
2019-03-03,15,0,88,51.18,51.18,0.0,-14453.180769,0.0
2019-03-03,15,0,89,49.2,49.2,0.0,-13894.030751,0.0
2019-03-03,15,0,90,66.06,66.06,0.0,-18655.277875,0.0
2019-03-03,15,0,91,235.65,235.65,0.0,-66547.324117,0.0
2019-03-03,15,0,92,84.75,84.75,0.0,-23933.315166,0.0
2019-03-03,15,0,95,120.0,120.0,0.0,2691.568394,0.0
2019-03-03,15,0,96,29.88,29.88,0.0,1017.10877,0.0
2019-03-03,15,0,97,183.75,183.75,0.0,6254.81046,0.0
2019-03-03,15,0,99,42.0,42.0,0.0,6.205576,0.0
2019-03-03,15,0,101,17.61,17.61,0.0,-17610.0,0.0
2019-03-03,15,0,102,80.5,80.5,0.0,-32616.241003,0.0
2019-03-03,15,0,103,70.0,70.0,0.0,-28361.948699,0.0
2019-03-03,15,0,104,13.0,13.0,0.0,-5267.219044,0.0
2019-03-03,15,0,106,372.96,372.96,0.0,-146886.809355,0.0
2019-03-03,15,0,109,60.0,60.0,0.0,-210.69523,0.0
2019-03-03,15,0,110,338.6,338.6,0.0,-338600.0,0.0
2019-03-03,15,0,111,25.33,25.33,0.0,-393.060712,0.0
2019-03-03,15,0,113,45.0,45.0,0.0,-11494.243611,0.0
2019-03-03,15,0,115,45.0,45.0,0.0,-11494.243611,0.0
2019-03-03,15,0,116,122.25,122.25,0.0,-122250.0,0.0
2019-03-03,15,0,117,3.0,3.0,0.0,-766.282907,0.0
2019-03-03,15,0,119,60.0,60.0,0.0,7209.674645,0.0
2019-03-03,15,0,120,35.28,35.28,0.0,4239.288691,0.0
2019-03-03,15,0,123,6.22,6.22,0.0,-2449.688852,0.0
2019-03-03,15,0,125,52.26,52.26,0.0,-20582.112443,0.0
2019-03-03,15,0,126,279.72,279.72,0.0,-110165.107016,0.0
2019-03-03,15,0,127,358.98,358.98,0.0,-141380.917048,0.0
2019-03-03,15,0,128,74.85,74.85,0.0,-29478.972759,0.0
2019-03-03,15,0,131,73.62,73.62,0.0,-26949.690533,0.0
2019-03-03,15,0,132,108.35,108.35,0.0,-39663.121017,0.0
2019-03-03,15,0,133,41.94,41.94,0.0,229.290905,0.0
2019-03-03,15,0,134,0.0,0.0,0.0,0.0,0.0
2019-03-03,15,0,135,56.2,56.2,0.0,307.252,0.0
2019-03-03,15,0,136,37.69,37.69,0.0,198.652824,0.0
2019-03-03,15,0,139,76.67,76.67,0.0,-1189.734103,0.0
2019-03-03,15,0,140,250.6,250.6,0.0,-250600.0,0.0
2019-03-03,15,0,141,230.0,230.0,0.0,-126867.258697,0.0
2019-03-03,15,0,142,640.13,640.13,0.0,-353093.644824,0.0
2019-03-03,15,0,143,238.5,238.5,0.0,-238500.0,0.0
2019-03-03,15,0,145,30.0,30.0,0.0,-263.835214,0.0
2019-03-03,15,0,146,268.0,268.0,0.0,-268000.0,0.0
2019-03-03,15,0,152,10.16,10.16,0.0,8.105053,0.0
2019-03-03,15,0,153,12.25,12.25,0.0,7.246416,0.0
2019-03-03,15,0,154,104.48,104.48,0.0,-1621.278454,0.0
2019-03-03,15,0,157,250.0,250.0,0.0,-137899.194236,0.0
2019-03-03,15,0,158,417.4,417.4,0.0,-230236.494696,0.0
2019-03-03,15,0,159,0.0,0.0,0.0,0.0,0.0
2019-03-03,15,0,160,2.7,2.7,0.0,8.504284,0.0
2019-03-03,15,0,161,89.34,89.34,0.0,-36197.949953,0.0
2019-03-03,15,0,162,162.5,162.5,0.0,3773.952467,0.0
2019-03-03,15,0,163,142.89,142.89,0.0,-142890.0,0.0
2019-03-03,15,0,164,29.88,29.88,0.0,-29880.0,0.0
2019-03-03,15,0,167,5.81,5.81,0.0,111.056629,0.0
2019-03-03,15,0,168,2.9,2.9,0.0,55.432741,0.0
2019-03-03,15,0,169,0.0,0.0,0.0,0.0,0.0
2019-03-03,15,0,170,6.35,6.35,0.0,121.378588,0.0
2019-03-03,15,0,172,7.51,7.51,0.0,158.13627,0.0
2019-03-03,15,0,173,11.44,11.44,0.0,240.889338,0.0
2019-03-03,15,0,188,10.14,10.14,0.0,308.320131,0.0
2019-03-03,15,0,190,9.35,9.35,0.0,303.197659,0.0
2019-03-03,15,0,191,24.15,24.15,0.0,783.125504,0.0
2019-03-03,15,0,192,332.6,332.6,0.0,10785.405497,0.0
2019-03-03,15,0,194,52.95,52.95,0.0,-6421.227623,0.0
2019-03-03,15,0,196,6.69,6.69,0.0,1838.574629,0.0
2019-03-03,15,0,198,9.95,9.95,0.0,75.141958,0.0
2019-03-03,15,0,199,130.0,130.0,0.0,-4413.501585,0.0
2019-03-03,15,0,200,18.75,18.75,0.0,-636.562729,0.0
2019-03-03,15,0,204,257.1,257.1,0.0,-992.039188,0.0
2019-03-03,15,0,205,317.4,317.4,0.0,-1114.577765,0.0
2019-03-03,15,0,206,539.94,539.94,0.0,18379.441413,0.0
2019-03-03,15,0,210,1.8,1.8,0.0,9.609411,0.0
2019-03-03,15,0,214,10.26,10.26,0.0,125.131857,0.0
2019-03-03,15,0,217,6.62,6.62,0.0,62.557156,0.0
2019-03-03,15,0,218,9.13,9.13,0.0,86.275956,0.0
2019-03-03,15,0,219,6.22,6.22,0.0,58.777267,0.0
2019-03-03,15,0,221,5.47,5.47,0.0,66.712598,0.0
2019-03-03,15,0,225,4.02,4.02,0.0,18.231629,0.0
2019-03-03,15,0,233,7.3,7.3,0.0,70.779855,0.0
2019-03-03,15,0,236,179.56,179.56,0.0,567.743308,0.0
2019-03-03,15,0,237,522.0,522.0,0.0,77.126448,0.0
2019-03-03,15,0,238,112.42,112.42,0.0,509.361236,0.0
2019-03-03,15,0,240,15.08,15.08,0.0,-9.754706,0.0
2019-03-03,15,0,245,73.94,73.94,0.0,449.522653,0.0
2019-03-03,15,0,247,154.59,154.59,0.0,939.839153,0.0
2019-03-03,15,0,248,52.4,52.4,0.0,7.742195,0.0
2019-03-03,15,0,249,142.19,142.19,0.0,864.452611,0.0
2019-03-03,15,0,251,176.78,176.78,0.0,883.803585,0.0
2019-03-03,15,0,252,219.63,219.63,0.0,1159.665561,0.0
2019-03-03,15,0,254,15.37,15.37,0.0,15.967667,0.0
2019-03-03,15,0,255,7.04,7.04,0.0,7.313752,0.0
2019-03-03,15,0,258,18.59,18.59,0.0,-9.086959,0.0
2019-03-03,15,0,260,6.55,6.55,0.0,20.630764,0.0
2019-03-03,15,0,265,108.18,108.18,0.0,-1678.69356,0.0
2019-03-03,15,0,266,49.03,49.03,0.0,-760.827743,0.0
2019-03-03,15,0,267,60.63,60.63,0.0,-940.831859,0.0
2019-03-03,15,0,270,466.38,466.38,0.0,-466380.0,0.0
2019-03-03,15,0,272,150.39,150.39,0.0,-38413.762148,0.0
2019-03-03,15,0,273,29.23,29.23,0.0,-29230.0,0.0
2019-03-03,15,0,274,614.3,614.3,0.0,-614300.0,0.0
2019-03-03,15,0,275,881.73,881.73,0.0,-881730.0,0.0
2019-03-03,15,0,276,6.71,6.71,0.0,-6038.201679,0.0
2019-03-03,15,0,277,10.55,10.55,0.0,-2808.841395,0.0
2019-03-03,15,0,278,16.88,16.88,0.0,-4494.146233,0.0
2019-03-03,15,0,279,264.6,264.6,0.0,-70447.339644,0.0
2019-03-03,15,0,281,56.1,56.1,0.0,-56100.0,0.0
2019-03-03,15,0,282,479.67,479.67,0.0,-479670.0,0.0
2019-03-03,16,0,9,4.09,4.09,0.0,-1605.073991,0.0
2019-03-03,16,0,17,43.29,43.29,0.0,256.997951,0.0
2019-03-03,16,0,19,332.0,332.0,0.0,1970.970656,0.0
2019-03-03,16,0,20,419.03,419.03,0.0,2487.638054,0.0
2019-03-03,16,0,21,93.42,93.42,0.0,-36661.616679,0.0
2019-03-03,16,0,22,332.01,332.01,0.0,-130293.549066,0.0
2019-03-03,16,0,23,32.64,32.64,0.0,-12809.196836,0.0
2019-03-03,16,0,24,57.75,57.75,0.0,-22663.330799,0.0
2019-03-03,16,0,29,4.22,4.22,0.0,18.096903,0.0
2019-03-03,16,0,30,742.89,742.89,0.0,-742890.0,0.0
2019-03-03,16,0,31,125.0,125.0,0.0,-125000.0,0.0
2019-03-03,16,0,32,5.29,5.29,0.0,261.604523,0.0
2019-03-03,16,0,33,2.51,2.51,0.0,24.769036,0.0
2019-03-03,16,0,34,4.01,4.01,0.0,39.571249,0.0
2019-03-03,16,0,35,4.01,4.01,0.0,39.571249,0.0
2019-03-03,16,0,36,12.58,12.58,0.0,3.932199,0.0
2019-03-03,16,0,37,5.93,5.93,0.0,1.994605,0.0
2019-03-03,16,0,38,7.63,7.63,0.0,2.566415,0.0
2019-03-03,16,0,39,5.09,5.09,0.0,1.712064,0.0
2019-03-03,16,0,40,5.09,5.09,0.0,1.712064,0.0
2019-03-03,16,0,41,82.36,82.36,0.0,-1140.271943,0.0
2019-03-03,16,0,42,68.19,68.19,0.0,346.708705,0.0
2019-03-03,16,0,43,34.8,34.8,0.0,41.819063,0.0
2019-03-03,16,0,46,29.66,29.66,0.0,-14.97431,0.0
2019-03-03,16,0,52,132.5,132.5,0.0,-132500.0,0.0
2019-03-03,16,0,53,210.5,210.5,0.0,-210500.0,0.0
2019-03-03,16,0,55,623.0,623.0,0.0,-244489.265588,0.0
2019-03-03,16,0,56,219.13,219.13,0.0,-219130.0,0.0
2019-03-03,16,0,57,208.44,208.44,0.0,-208440.0,0.0
2019-03-03,16,0,58,400.84,400.84,0.0,-400840.0,0.0
2019-03-03,16,0,59,394.16,394.16,0.0,-394160.0,0.0
2019-03-03,16,0,63,51.0,51.0,0.0,6051.481968,0.0
2019-03-03,16,0,64,60.0,60.0,0.0,7119.39055,0.0
2019-03-03,16,0,65,41.4,41.4,0.0,239.223723,0.0
2019-03-03,16,0,67,419.66,419.66,0.0,-231837.618361,0.0
2019-03-03,16,0,68,34.0,34.0,0.0,-13813.90493,0.0
2019-03-03,16,0,69,2.51,2.51,0.0,24.769036,0.0
2019-03-03,16,0,74,134.72,134.72,0.0,135.25477,0.0
2019-03-03,16,0,77,60.0,60.0,0.0,-17029.387077,0.0
2019-03-03,16,0,78,45.36,45.36,0.0,-12874.21663,0.0
2019-03-03,16,0,79,26.25,26.25,0.0,-7450.356846,0.0
2019-03-03,16,0,80,42.45,42.45,0.0,-12048.291357,0.0
2019-03-03,16,0,81,55.5,55.5,0.0,-15752.183047,0.0
2019-03-03,16,0,82,39.15,39.15,0.0,-11111.675068,0.0
2019-03-03,16,0,83,87.3,87.3,0.0,-24777.758198,0.0
2019-03-03,16,0,84,0.0,0.0,0.0,0.0,0.0
2019-03-03,16,0,86,12.71,12.71,0.0,125.424082,0.0
2019-03-03,16,0,87,64.91,64.91,0.0,640.541084,0.0
2019-03-03,16,0,88,51.18,51.18,0.0,-14526.067177,0.0
2019-03-03,16,0,89,49.2,49.2,0.0,-13964.097403,0.0
2019-03-03,16,0,90,66.06,66.06,0.0,-18749.355172,0.0
2019-03-03,16,0,91,235.65,235.65,0.0,-66882.917746,0.0
2019-03-03,16,0,92,84.75,84.75,0.0,-24054.009247,0.0
2019-03-03,16,0,95,120.0,120.0,0.0,2691.568394,0.0
2019-03-03,16,0,96,29.88,29.88,0.0,1089.538763,0.0
2019-03-03,16,0,97,183.75,183.75,0.0,6700.225824,0.0
2019-03-03,16,0,99,29.54,29.54,0.0,29.657259,0.0
2019-03-03,16,0,101,14.96,14.96,0.0,-14960.0,0.0
2019-03-03,16,0,102,80.5,80.5,0.0,-32706.451378,0.0
2019-03-03,16,0,103,70.0,70.0,0.0,-28440.392503,0.0
2019-03-03,16,0,104,13.0,13.0,0.0,-5281.787179,0.0
2019-03-03,16,0,106,326.83,326.83,0.0,-128260.71697,0.0
2019-03-03,16,0,109,60.0,60.0,0.0,-132.962182,0.0
2019-03-03,16,0,110,338.6,338.6,0.0,-338600.0,0.0
2019-03-03,16,0,111,22.22,22.22,0.0,-307.635291,0.0
2019-03-03,16,0,113,45.0,45.0,0.0,-11549.94542,0.0
2019-03-03,16,0,115,45.0,45.0,0.0,-11549.94542,0.0
2019-03-03,16,0,116,109.66,109.66,0.0,-109660.0,0.0
2019-03-03,16,0,117,3.0,3.0,0.0,-769.996361,0.0
2019-03-03,16,0,119,60.0,60.0,0.0,7119.39055,0.0
2019-03-03,16,0,120,35.28,35.28,0.0,4186.201644,0.0
2019-03-03,16,0,123,5.45,5.45,0.0,-2138.790526,0.0
2019-03-03,16,0,125,52.26,52.26,0.0,-20508.842728,0.0
2019-03-03,16,0,126,245.13,245.13,0.0,-96198.481017,0.0
2019-03-03,16,0,127,314.58,314.58,0.0,-123453.34377,0.0
2019-03-03,16,0,128,74.85,74.85,0.0,-29374.031347,0.0
2019-03-03,16,0,131,30.0,30.0,0.0,-11017.772957,0.0
2019-03-03,16,0,132,44.1,44.1,0.0,-16196.126246,0.0
2019-03-03,16,0,133,50.5,50.5,0.0,300.554467,0.0
2019-03-03,16,0,134,0.0,0.0,0.0,0.0,0.0
2019-03-03,16,0,135,64.2,64.2,0.0,382.091026,0.0
2019-03-03,16,0,136,45.9,45.9,0.0,264.827395,0.0
2019-03-03,16,0,139,107.25,107.25,0.0,-1484.873311,0.0
2019-03-03,16,0,140,250.6,250.6,0.0,-250600.0,0.0
2019-03-03,16,0,141,230.0,230.0,0.0,-127061.555123,0.0
2019-03-03,16,0,142,553.42,553.42,0.0,-305732.199288,0.0
2019-03-03,16,0,143,238.5,238.5,0.0,-238500.0,0.0
2019-03-03,16,0,145,30.0,30.0,0.0,-205.933887,0.0
2019-03-03,16,0,146,268.0,268.0,0.0,-268000.0,0.0
2019-03-03,16,0,152,8.8,8.8,0.0,14.429961,0.0
2019-03-03,16,0,153,11.23,11.23,0.0,16.279382,0.0
2019-03-03,16,0,154,91.67,91.67,0.0,-1269.168638,0.0
2019-03-03,16,0,157,250.0,250.0,0.0,-138110.386003,0.0
2019-03-03,16,0,158,298.35,298.35,0.0,-164820.934657,0.0
2019-03-03,16,0,159,0.0,0.0,0.0,0.0,0.0
2019-03-03,16,0,160,2.51,2.51,0.0,9.363788,0.0
2019-03-03,16,0,161,73.89,73.89,0.0,-30020.865743,0.0
2019-03-03,16,0,162,162.5,162.5,0.0,3774.268363,0.0
2019-03-03,16,0,163,146.36,146.36,0.0,-146360.0,0.0
2019-03-03,16,0,164,26.36,26.36,0.0,-26360.0,0.0
2019-03-03,16,0,167,5.8,5.8,0.0,111.286408,0.0
2019-03-03,16,0,168,2.9,2.9,0.0,55.643204,0.0
2019-03-03,16,0,169,0.0,0.0,0.0,0.0,0.0
2019-03-03,16,0,170,6.34,6.34,0.0,121.647556,0.0
2019-03-03,16,0,172,7.64,7.64,0.0,145.56088,0.0
2019-03-03,16,0,173,11.64,11.64,0.0,221.770765,0.0
2019-03-03,16,0,188,10.31,10.31,0.0,299.079422,0.0
2019-03-03,16,0,190,10.99,10.99,0.0,356.378853,0.0
2019-03-03,16,0,191,28.4,28.4,0.0,920.942622,0.0
2019-03-03,16,0,192,332.6,332.6,0.0,10785.405497,0.0
2019-03-03,16,0,194,52.95,52.95,0.0,-6488.438911,0.0
2019-03-03,16,0,196,6.57,6.57,0.0,1793.757296,0.0
2019-03-03,16,0,198,9.44,9.44,0.0,72.098316,0.0
2019-03-03,16,0,199,130.0,130.0,0.0,-4444.730519,0.0
2019-03-03,16,0,200,18.67,18.67,0.0,-638.331683,0.0
2019-03-03,16,0,204,257.1,257.1,0.0,-647.29758,0.0
2019-03-03,16,0,205,317.4,317.4,0.0,-703.36994,0.0
2019-03-03,16,0,206,539.94,539.94,0.0,19688.271737,0.0
2019-03-03,16,0,210,1.64,1.64,0.0,8.173178,0.0
2019-03-03,16,0,214,9.84,9.84,0.0,119.880971,0.0
2019-03-03,16,0,217,6.19,6.19,0.0,57.387549,0.0
2019-03-03,16,0,218,8.54,8.54,0.0,79.174422,0.0
2019-03-03,16,0,219,5.82,5.82,0.0,53.957276,0.0
2019-03-03,16,0,221,5.25,5.25,0.0,63.960884,0.0
2019-03-03,16,0,225,3.92,3.92,0.0,16.547184,0.0
2019-03-03,16,0,233,7.19,7.19,0.0,70.95194,0.0
2019-03-03,16,0,236,159.03,159.03,0.0,607.450926,0.0
2019-03-03,16,0,237,308.11,308.11,0.0,309.33304,0.0
2019-03-03,16,0,238,88.76,88.76,0.0,451.295859,0.0
2019-03-03,16,0,240,14.26,14.26,0.0,4.457326,0.0
2019-03-03,16,0,245,78.0,78.0,0.0,508.466622,0.0
2019-03-03,16,0,247,171.72,171.72,0.0,1119.408824,0.0
2019-03-03,16,0,248,36.28,36.28,0.0,36.424013,0.0
2019-03-03,16,0,249,150.0,150.0,0.0,977.820426,0.0
2019-03-03,16,0,251,326.4,326.4,0.0,1801.217406,0.0
2019-03-03,16,0,252,267.06,267.06,0.0,1543.166364,0.0
2019-03-03,16,0,254,15.17,15.17,0.0,27.85647,0.0
2019-03-03,16,0,255,6.96,6.96,0.0,12.780556,0.0
2019-03-03,16,0,258,17.03,17.03,0.0,7.768675,0.0
2019-03-03,16,0,260,6.1,6.1,0.0,22.756617,0.0
2019-03-03,16,0,265,94.91,94.91,0.0,-1314.026349,0.0
2019-03-03,16,0,266,68.38,68.38,0.0,-946.719226,0.0
2019-03-03,16,0,267,84.71,84.71,0.0,-1172.807629,0.0
2019-03-03,16,0,270,395.58,395.58,0.0,-395580.0,0.0
2019-03-03,16,0,272,150.39,150.39,0.0,-38599.917595,0.0
2019-03-03,16,0,273,26.22,26.22,0.0,-26220.0,0.0
2019-03-03,16,0,274,493.67,493.67,0.0,-493670.0,0.0
2019-03-03,16,0,275,661.83,661.83,0.0,-661830.0,0.0
2019-03-03,16,0,276,5.95,5.95,0.0,-5355.414381,0.0
2019-03-03,16,0,277,9.29,9.29,0.0,-2485.571082,0.0
2019-03-03,16,0,278,14.87,14.87,0.0,-3978.519052,0.0
2019-03-03,16,0,279,604.22,604.22,0.0,-161661.115115,0.0
2019-03-03,16,0,281,56.1,56.1,0.0,-56100.0,0.0
2019-03-03,16,0,282,407.52,407.52,0.0,-407520.0,0.0
2019-03-03,17,0,9,3.13,3.13,0.0,-1199.081329,0.0
2019-03-03,17,0,17,32.17,32.17,0.0,301.648633,0.0
2019-03-03,17,0,19,284.63,284.63,0.0,2668.891839,0.0
2019-03-03,17,0,20,342.76,342.76,0.0,3213.959761,0.0
2019-03-03,17,0,21,71.54,71.54,0.0,-27406.47868,0.0
2019-03-03,17,0,22,254.25,254.25,0.0,-97401.414655,0.0
2019-03-03,17,0,23,47.2,47.2,0.0,-18081.993202,0.0
2019-03-03,17,0,24,83.96,83.96,0.0,-32164.494688,0.0
2019-03-03,17,0,29,3.03,3.03,0.0,13.697728,0.0
2019-03-03,17,0,30,574.63,574.63,0.0,-574630.0,0.0
2019-03-03,17,0,31,125.0,125.0,0.0,-125000.0,0.0
2019-03-03,17,0,32,3.92,3.92,0.0,196.725147,0.0
2019-03-03,17,0,33,1.86,1.86,0.0,20.934459,0.0
2019-03-03,17,0,34,2.98,2.98,0.0,33.540155,0.0
2019-03-03,17,0,35,2.98,2.98,0.0,33.540155,0.0
2019-03-03,17,0,36,9.57,9.57,0.0,65.618171,0.0
2019-03-03,17,0,37,4.51,4.51,0.0,31.167904,0.0
2019-03-03,17,0,38,5.8,5.8,0.0,40.082892,0.0
2019-03-03,17,0,39,3.87,3.87,0.0,26.744964,0.0
2019-03-03,17,0,40,3.87,3.87,0.0,26.744964,0.0
2019-03-03,17,0,41,34.8,34.8,0.0,-91.493547,0.0
2019-03-03,17,0,42,51.22,51.22,0.0,459.419799,0.0
2019-03-03,17,0,43,26.56,26.56,0.0,190.147986,0.0
2019-03-03,17,0,46,22.41,22.41,0.0,153.929415,0.0
2019-03-03,17,0,52,132.5,132.5,0.0,-132500.0,0.0
2019-03-03,17,0,53,210.5,210.5,0.0,-210500.0,0.0
2019-03-03,17,0,55,623.0,623.0,0.0,-238666.986548,0.0
2019-03-03,17,0,56,169.49,169.49,0.0,-169490.0,0.0
2019-03-03,17,0,57,161.23,161.23,0.0,-161230.0,0.0
2019-03-03,17,0,58,310.05,310.05,0.0,-310050.0,0.0
2019-03-03,17,0,59,304.88,304.88,0.0,-304880.0,0.0
2019-03-03,17,0,63,95.49,95.49,0.0,11334.694766,0.0
2019-03-03,17,0,64,112.31,112.31,0.0,13331.234362,0.0
2019-03-03,17,0,65,41.4,41.4,0.0,385.064295,0.0
2019-03-03,17,0,67,317.04,317.04,0.0,-175655.800035,0.0
2019-03-03,17,0,68,19.11,19.11,0.0,-7804.98516,0.0
2019-03-03,17,0,69,1.86,1.86,0.0,20.934459,0.0
2019-03-03,17,0,74,104.24,104.24,0.0,716.318286,0.0
2019-03-03,17,0,77,60.0,60.0,0.0,-17212.608471,0.0
2019-03-03,17,0,78,45.36,45.36,0.0,-13012.732004,0.0
2019-03-03,17,0,79,26.25,26.25,0.0,-7530.516206,0.0
2019-03-03,17,0,80,42.45,42.45,0.0,-12177.920493,0.0
2019-03-03,17,0,81,55.5,55.5,0.0,-15921.662836,0.0
2019-03-03,17,0,82,39.15,39.15,0.0,-11231.227027,0.0
2019-03-03,17,0,83,87.3,87.3,0.0,-25044.345325,0.0
2019-03-03,17,0,84,0.0,0.0,0.0,0.0,0.0
2019-03-03,17,0,86,9.44,9.44,0.0,106.248007,0.0
2019-03-03,17,0,87,48.19,48.19,0.0,542.38257,0.0
2019-03-03,17,0,88,51.18,51.18,0.0,-14682.355026,0.0
2019-03-03,17,0,89,49.2,49.2,0.0,-14114.338946,0.0
2019-03-03,17,0,90,66.06,66.06,0.0,-18951.081927,0.0
2019-03-03,17,0,91,235.65,235.65,0.0,-67602.51977,0.0
2019-03-03,17,0,92,84.75,84.75,0.0,-24312.809465,0.0
2019-03-03,17,0,95,120.0,120.0,0.0,2691.568394,0.0
2019-03-03,17,0,96,29.88,29.88,0.0,1572.233626,0.0
2019-03-03,17,0,97,183.75,183.75,0.0,9668.605383,0.0
2019-03-03,17,0,99,21.2,21.2,0.0,145.682537,0.0
2019-03-03,17,0,101,11.58,11.58,0.0,-11580.0,0.0
2019-03-03,17,0,102,45.19,45.19,0.0,-18456.68652,0.0
2019-03-03,17,0,103,39.3,39.3,0.0,-16051.068383,0.0
2019-03-03,17,0,104,7.33,7.33,0.0,-2993.748887,0.0
2019-03-03,17,0,106,250.29,250.29,0.0,-95884.366072,0.0
2019-03-03,17,0,109,60.0,60.0,0.0,391.848983,0.0
2019-03-03,17,0,110,338.6,338.6,0.0,-338600.0,0.0
2019-03-03,17,0,111,17.39,17.39,0.0,-45.720482,0.0
2019-03-03,17,0,113,45.0,45.0,0.0,-11620.675179,0.0
2019-03-03,17,0,115,45.0,45.0,0.0,-11620.675179,0.0
2019-03-03,17,0,116,81.92,81.92,0.0,-81920.0,0.0
2019-03-03,17,0,117,3.0,3.0,0.0,-774.711679,0.0
2019-03-03,17,0,119,112.31,112.31,0.0,13331.234362,0.0
2019-03-03,17,0,120,66.1,66.1,0.0,7846.091989,0.0
2019-03-03,17,0,123,4.17,4.17,0.0,-1597.498128,0.0
2019-03-03,17,0,125,75.89,75.89,0.0,-29072.933562,0.0
2019-03-03,17,0,126,187.72,187.72,0.0,-71914.232287,0.0
2019-03-03,17,0,127,240.9,240.9,0.0,-92287.122086,0.0
2019-03-03,17,0,128,109.23,109.23,0.0,-41845.256727,0.0
2019-03-03,17,0,131,30.0,30.0,0.0,-11085.963793,0.0
2019-03-03,17,0,132,44.1,44.1,0.0,-16296.366776,0.0
2019-03-03,17,0,133,111.85,111.85,0.0,1049.581622,0.0
2019-03-03,17,0,134,0.0,0.0,0.0,0.0,0.0
2019-03-03,17,0,135,146.43,146.43,0.0,1374.074536,0.0
2019-03-03,17,0,136,45.9,45.9,0.0,426.72852,0.0
2019-03-03,17,0,139,44.94,44.94,0.0,-118.152874,0.0
2019-03-03,17,0,140,250.6,250.6,0.0,-250600.0,0.0
2019-03-03,17,0,141,230.0,230.0,0.0,-127431.346227,0.0
2019-03-03,17,0,142,418.1,418.1,0.0,-231648.025468,0.0
2019-03-03,17,0,143,238.5,238.5,0.0,-238500.0,0.0
2019-03-03,17,0,145,30.0,30.0,0.0,181.219107,0.0
2019-03-03,17,0,146,268.0,268.0,0.0,-268000.0,0.0
2019-03-03,17,0,152,6.67,6.67,0.0,49.456187,0.0
2019-03-03,17,0,153,8.52,8.52,0.0,62.450083,0.0
2019-03-03,17,0,154,71.74,71.74,0.0,-188.613422,0.0
2019-03-03,17,0,157,250.0,250.0,0.0,-138512.332856,0.0
2019-03-03,17,0,158,236.64,236.64,0.0,-131110.233788,0.0
2019-03-03,17,0,159,0.0,0.0,0.0,0.0,0.0
2019-03-03,17,0,160,1.89,1.89,0.0,14.729541,0.0
2019-03-03,17,0,161,55.56,55.56,0.0,-22692.044768,0.0
2019-03-03,17,0,162,162.5,162.5,0.0,3772.783074,0.0
2019-03-03,17,0,163,185.4,185.4,0.0,-185400.0,0.0
2019-03-03,17,0,164,20.23,20.23,0.0,-20230.0,0.0
2019-03-03,17,0,167,4.33,4.33,0.0,83.01217,0.0
2019-03-03,17,0,168,2.17,2.17,0.0,41.601942,0.0
2019-03-03,17,0,169,0.0,0.0,0.0,0.0,0.0
2019-03-03,17,0,170,4.74,4.74,0.0,90.872444,0.0
2019-03-03,17,0,172,5.73,5.73,0.0,117.065892,0.0
2019-03-03,17,0,173,8.73,8.73,0.0,178.356935,0.0
2019-03-03,17,0,188,7.77,7.77,0.0,231.082177,0.0
2019-03-03,17,0,190,8.22,8.22,0.0,266.55452,0.0
2019-03-03,17,0,191,21.23,21.23,0.0,688.437038,0.0
2019-03-03,17,0,192,332.6,332.6,0.0,10785.405497,0.0
2019-03-03,17,0,194,52.95,52.95,0.0,-6519.146405,0.0
2019-03-03,17,0,196,4.91,4.91,0.0,1338.390945,0.0
2019-03-03,17,0,198,7.09,7.09,0.0,59.9385,0.0
2019-03-03,17,0,199,130.0,130.0,0.0,-3944.298331,0.0
2019-03-03,17,0,200,13.94,13.94,0.0,-422.950144,0.0
2019-03-03,17,0,204,257.1,257.1,0.0,1677.902175,0.0
2019-03-03,17,0,205,317.4,317.4,0.0,2072.88112,0.0
2019-03-03,17,0,206,539.94,539.94,0.0,28410.703622,0.0
2019-03-03,17,0,210,1.2,1.2,0.0,6.026568,0.0
2019-03-03,17,0,214,7.32,7.32,0.0,90.443989,0.0
2019-03-03,17,0,217,4.54,4.54,0.0,41.844571,0.0
2019-03-03,17,0,218,6.27,6.27,0.0,57.789749,0.0
2019-03-03,17,0,219,4.27,4.27,0.0,39.356017,0.0
2019-03-03,17,0,221,3.9,3.9,0.0,48.187371,0.0
2019-03-03,17,0,225,2.86,2.86,0.0,12.790712,0.0
2019-03-03,17,0,233,5.34,5.34,0.0,60.102157,0.0
2019-03-03,17,0,236,159.03,159.03,0.0,1333.961327,0.0
2019-03-03,17,0,237,257.58,257.58,0.0,1770.042824,0.0
2019-03-03,17,0,238,66.67,66.67,0.0,597.99918,0.0
2019-03-03,17,0,240,10.84,10.84,0.0,74.326121,0.0
2019-03-03,17,0,245,78.0,78.0,0.0,753.077694,0.0
2019-03-03,17,0,247,171.72,171.72,0.0,1657.929508,0.0
2019-03-03,17,0,248,26.21,26.21,0.0,180.110344,0.0
2019-03-03,17,0,249,150.0,150.0,0.0,1448.226335,0.0
2019-03-03,17,0,251,326.4,326.4,0.0,2995.336236,0.0
2019-03-03,17,0,252,267.06,267.06,0.0,2483.943733,0.0
2019-03-03,17,0,254,11.44,11.44,0.0,83.721752,0.0
2019-03-03,17,0,255,5.24,5.24,0.0,38.348075,0.0
2019-03-03,17,0,258,12.99,12.99,0.0,89.702637,0.0
2019-03-03,17,0,260,4.59,4.59,0.0,35.771743,0.0
2019-03-03,17,0,265,74.27,74.27,0.0,-195.265108,0.0
2019-03-03,17,0,266,29.1,29.1,0.0,-76.507535,0.0
2019-03-03,17,0,267,35.76,35.76,0.0,-94.017507,0.0
2019-03-03,17,0,270,578.99,578.99,0.0,-578990.0,0.0
2019-03-03,17,0,272,150.39,150.39,0.0,-38836.296448,0.0
2019-03-03,17,0,273,19.59,19.59,0.0,-19590.0,0.0
2019-03-03,17,0,274,746.39,746.39,0.0,-746390.0,0.0
2019-03-03,17,0,275,1038.99,1038.99,0.0,-1038990.0,0.0
2019-03-03,17,0,276,4.39,4.39,0.0,-3952.881681,0.0
2019-03-03,17,0,277,6.96,6.96,0.0,-1877.246305,0.0
2019-03-03,17,0,278,11.14,11.14,0.0,-3004.672965,0.0
2019-03-03,17,0,279,264.6,264.6,0.0,-71367.725896,0.0
2019-03-03,17,0,281,56.1,56.1,0.0,-56100.0,0.0
2019-03-03,17,0,282,315.22,315.22,0.0,-315220.0,0.0
2019-03-03,18,0,9,1.88,1.88,0.0,17.690699,0.0
2019-03-03,18,0,17,19.31,19.31,0.0,193.647378,0.0
2019-03-03,18,0,19,332.94,332.94,0.0,3338.8378,0.0
2019-03-03,18,0,20,405.43,405.43,0.0,4065.792663,0.0
2019-03-03,18,0,21,43.06,43.06,0.0,405.192296,0.0
2019-03-03,18,0,22,153.02,153.02,0.0,1439.910014,0.0
2019-03-03,18,0,23,94.93,94.93,0.0,893.286222,0.0
2019-03-03,18,0,24,168.46,168.46,0.0,1585.199588,0.0
2019-03-03,18,0,29,1.79,1.79,0.0,8.441487,0.0
2019-03-03,18,0,30,360.41,360.41,0.0,3391.414091,0.0
2019-03-03,18,0,31,92.34,92.34,0.0,868.908125,0.0
2019-03-03,18,0,32,2.32,2.32,0.0,125.127864,0.0
2019-03-03,18,0,33,1.12,1.12,0.0,11.578825,0.0
2019-03-03,18,0,34,1.79,1.79,0.0,18.505444,0.0
2019-03-03,18,0,35,1.79,1.79,0.0,18.505444,0.0
2019-03-03,18,0,36,5.8,5.8,0.0,54.043651,0.0
2019-03-03,18,0,37,2.67,2.67,0.0,24.762364,0.0
2019-03-03,18,0,38,3.43,3.43,0.0,31.810827,0.0
2019-03-03,18,0,39,2.28,2.28,0.0,21.145389,0.0
2019-03-03,18,0,40,2.28,2.28,0.0,21.145389,0.0
2019-03-03,18,0,41,34.8,34.8,0.0,329.232687,0.0
2019-03-03,18,0,42,29.49,29.49,0.0,293.75501,0.0
2019-03-03,18,0,43,15.6,15.6,0.0,142.558261,0.0
2019-03-03,18,0,46,13.6,13.6,0.0,125.647069,0.0
2019-03-03,18,0,52,97.89,97.89,0.0,921.132947,0.0
2019-03-03,18,0,53,155.55,155.55,0.0,1463.706506,0.0
2019-03-03,18,0,55,460.54,460.54,0.0,4333.656763,0.0
2019-03-03,18,0,56,106.31,106.31,0.0,1000.364119,0.0
2019-03-03,18,0,57,101.12,101.12,0.0,951.526852,0.0
2019-03-03,18,0,58,194.47,194.47,0.0,1829.938954,0.0
2019-03-03,18,0,59,191.23,191.23,0.0,1799.450949,0.0
2019-03-03,18,0,63,170.0,170.0,0.0,20734.816106,0.0
2019-03-03,18,0,64,200.0,200.0,0.0,24393.901301,0.0
2019-03-03,18,0,65,41.4,41.4,0.0,414.656961,0.0
2019-03-03,18,0,67,194.46,194.46,0.0,-107732.987989,0.0
2019-03-03,18,0,68,10.2,10.2,0.0,-4165.408111,0.0
2019-03-03,18,0,69,1.12,1.12,0.0,11.578825,0.0
2019-03-03,18,0,74,65.28,65.28,0.0,633.023269,0.0
2019-03-03,18,0,77,60.0,60.0,0.0,-17227.379022,0.0
2019-03-03,18,0,78,45.36,45.36,0.0,-13023.89854,0.0
2019-03-03,18,0,79,26.25,26.25,0.0,-7536.978322,0.0
2019-03-03,18,0,80,42.45,42.45,0.0,-12188.370658,0.0
2019-03-03,18,0,81,55.5,55.5,0.0,-15935.325595,0.0
2019-03-03,18,0,82,39.15,39.15,0.0,-11240.864812,0.0
2019-03-03,18,0,83,87.3,87.3,0.0,-25065.836477,0.0
2019-03-03,18,0,84,0.0,0.0,0.0,0.0,0.0
2019-03-03,18,0,86,5.67,5.67,0.0,58.617802,0.0
2019-03-03,18,0,87,28.93,28.93,0.0,299.085185,0.0
2019-03-03,18,0,88,51.18,51.18,0.0,-14694.954306,0.0
2019-03-03,18,0,89,49.2,49.2,0.0,-14126.450798,0.0
2019-03-03,18,0,90,66.06,66.06,0.0,-18967.344303,0.0
2019-03-03,18,0,91,235.65,235.65,0.0,-67660.531108,0.0
2019-03-03,18,0,92,84.75,84.75,0.0,-24333.672868,0.0
2019-03-03,18,0,95,120.0,120.0,0.0,3049.643213,0.0
2019-03-03,18,0,96,29.88,29.88,0.0,281.165009,0.0
2019-03-03,18,0,97,183.75,183.75,0.0,1729.051887,0.0
2019-03-03,18,0,99,12.6,12.6,0.0,122.1828,0.0
2019-03-03,18,0,101,7.26,7.26,0.0,68.315713,0.0
2019-03-03,18,0,102,24.15,24.15,0.0,-9862.216264,0.0
2019-03-03,18,0,103,21.0,21.0,0.0,-8575.840229,0.0
2019-03-03,18,0,104,3.9,3.9,0.0,-1592.656043,0.0
2019-03-03,18,0,106,150.64,150.64,0.0,1417.514341,0.0
2019-03-03,18,0,109,60.0,60.0,0.0,562.726731,0.0
2019-03-03,18,0,110,338.6,338.6,0.0,-338600.0,0.0
2019-03-03,18,0,111,11.19,11.19,0.0,105.865338,0.0
2019-03-03,18,0,113,45.0,45.0,0.0,-11586.212186,0.0
2019-03-03,18,0,115,45.0,45.0,0.0,-11586.212186,0.0
2019-03-03,18,0,116,48.89,48.89,0.0,-48890.0,0.0
2019-03-03,18,0,117,3.0,3.0,0.0,-772.414146,0.0
2019-03-03,18,0,119,200.0,200.0,0.0,24393.901301,0.0
2019-03-03,18,0,120,117.6,117.6,0.0,14343.613965,0.0
2019-03-03,18,0,123,2.51,2.51,0.0,23.618966,0.0
2019-03-03,18,0,125,152.35,152.35,0.0,1433.60535,0.0
2019-03-03,18,0,126,112.98,112.98,0.0,1063.135756,0.0
2019-03-03,18,0,127,144.99,144.99,0.0,1364.348144,0.0
2019-03-03,18,0,128,218.77,218.77,0.0,2058.613997,0.0
2019-03-03,18,0,131,30.0,30.0,0.0,-11084.339996,0.0
2019-03-03,18,0,132,44.1,44.1,0.0,-16293.979794,0.0
2019-03-03,18,0,133,139.8,139.8,0.0,1402.127244,0.0
2019-03-03,18,0,134,0.0,0.0,0.0,0.0,0.0
2019-03-03,18,0,135,187.33,187.33,0.0,1878.830448,0.0
2019-03-03,18,0,136,45.9,45.9,0.0,459.696927,0.0
2019-03-03,18,0,139,44.94,44.94,0.0,425.16428,0.0
2019-03-03,18,0,140,250.6,250.6,0.0,-250600.0,0.0
2019-03-03,18,0,141,230.0,230.0,0.0,-127422.540561,0.0
2019-03-03,18,0,142,256.44,256.44,0.0,-142070.592615,0.0
2019-03-03,18,0,143,176.17,176.17,0.0,1657.738188,0.0
2019-03-03,18,0,145,30.0,30.0,0.0,281.976496,0.0
2019-03-03,18,0,146,268.0,268.0,0.0,-268000.0,0.0
2019-03-03,18,0,152,4.02,4.02,0.0,38.810448,0.0
2019-03-03,18,0,153,5.12,5.12,0.0,49.341676,0.0
2019-03-03,18,0,154,46.14,46.14,0.0,436.517131,0.0
2019-03-03,18,0,157,250.0,250.0,0.0,-138502.761479,0.0
2019-03-03,18,0,158,147.37,147.37,0.0,-81644.607837,0.0
2019-03-03,18,0,159,0.0,0.0,0.0,0.0,0.0
2019-03-03,18,0,160,1.13,1.13,0.0,9.964415,0.0
2019-03-03,18,0,161,33.78,33.78,0.0,-13794.851569,0.0
2019-03-03,18,0,162,162.5,162.5,0.0,4256.508353,0.0
2019-03-03,18,0,163,185.4,185.4,0.0,-185400.0,0.0
2019-03-03,18,0,164,12.94,12.94,0.0,121.76382,0.0
2019-03-03,18,0,167,2.59,2.59,0.0,57.319933,0.0
2019-03-03,18,0,168,1.29,1.29,0.0,28.54931,0.0
2019-03-03,18,0,169,0.0,0.0,0.0,0.0,0.0
2019-03-03,18,0,170,2.83,2.83,0.0,62.631432,0.0
2019-03-03,18,0,172,3.39,3.39,0.0,84.183759,0.0
2019-03-03,18,0,173,5.17,5.17,0.0,128.386441,0.0
2019-03-03,18,0,188,4.62,4.62,0.0,154.536878,0.0
2019-03-03,18,0,190,4.79,4.79,0.0,155.327999,0.0
2019-03-03,18,0,191,12.37,12.37,0.0,401.128882,0.0
2019-03-03,18,0,192,332.6,332.6,0.0,10785.405497,0.0
2019-03-03,18,0,194,98.98,98.98,0.0,-12016.126178,0.0
2019-03-03,18,0,196,2.93,2.93,0.0,808.291594,0.0
2019-03-03,18,0,198,4.28,4.28,0.0,34.095739,0.0
2019-03-03,18,0,199,130.0,130.0,0.0,-3977.327007,0.0
2019-03-03,18,0,200,8.18,8.18,0.0,-250.265653,0.0
2019-03-03,18,0,204,257.1,257.1,0.0,2405.730668,0.0
2019-03-03,18,0,205,317.4,317.4,0.0,2976.824409,0.0
2019-03-03,18,0,206,539.94,539.94,0.0,5080.730752,0.0
2019-03-03,18,0,210,0.71,0.71,0.0,3.495248,0.0
2019-03-03,18,0,214,4.38,4.38,0.0,46.089773,0.0
2019-03-03,18,0,217,2.69,2.69,0.0,21.723373,0.0
2019-03-03,18,0,218,3.71,3.71,0.0,29.960489,0.0
2019-03-03,18,0,219,2.52,2.52,0.0,20.350521,0.0
2019-03-03,18,0,221,2.34,2.34,0.0,24.623303,0.0
2019-03-03,18,0,225,1.69,1.69,0.0,7.936117,0.0
2019-03-03,18,0,233,3.21,3.21,0.0,33.18574,0.0
2019-03-03,18,0,236,159.03,159.03,0.0,1566.862542,0.0
2019-03-03,18,0,237,156.6,156.6,0.0,1518.557657,0.0
2019-03-03,18,0,238,38.38,38.38,0.0,382.309843,0.0
2019-03-03,18,0,240,6.57,6.57,0.0,61.218411,0.0
2019-03-03,18,0,245,78.0,78.0,0.0,785.790172,0.0
2019-03-03,18,0,247,171.72,171.72,0.0,1729.947287,0.0
2019-03-03,18,0,248,15.72,15.72,0.0,152.437589,0.0
2019-03-03,18,0,249,150.0,150.0,0.0,1511.134947,0.0
2019-03-03,18,0,251,326.4,326.4,0.0,3262.492498,0.0
2019-03-03,18,0,252,267.06,267.06,0.0,2674.837872,0.0
2019-03-03,18,0,254,7.0,7.0,0.0,63.405857,0.0
2019-03-03,18,0,255,3.21,3.21,0.0,29.076114,0.0
2019-03-03,18,0,258,7.98,7.98,0.0,74.125236,0.0
2019-03-03,18,0,260,2.74,2.74,0.0,24.161502,0.0
2019-03-03,18,0,265,47.77,47.77,0.0,451.938088,0.0
2019-03-03,18,0,266,29.1,29.1,0.0,275.306643,0.0
2019-03-03,18,0,267,35.76,35.76,0.0,338.314968,0.0
2019-03-03,18,0,270,579.0,579.0,0.0,-579000.0,0.0
2019-03-03,18,0,272,150.39,150.39,0.0,-38721.121126,0.0
2019-03-03,18,0,273,11.69,11.69,0.0,-11690.0,0.0
2019-03-03,18,0,274,746.4,746.4,0.0,-746400.0,0.0
2019-03-03,18,0,275,1039.0,1039.0,0.0,-1039000.0,0.0
2019-03-03,18,0,276,2.63,2.63,0.0,-2368.104812,0.0
2019-03-03,18,0,277,4.21,4.21,0.0,-1134.00218,0.0
2019-03-03,18,0,278,6.73,6.73,0.0,-1812.787332,0.0
2019-03-03,18,0,279,264.6,264.6,0.0,-71272.441033,0.0
2019-03-03,18,0,281,41.41,41.41,0.0,389.663044,0.0
2019-03-03,18,0,282,197.71,197.71,0.0,1860.426958,0.0
2019-03-03,19,0,9,0.48,0.48,0.0,5.950583,0.0
2019-03-03,19,0,17,1.9,1.9,0.0,21.506797,0.0
2019-03-03,19,0,19,0.0,0.0,0.0,0.0,0.0
2019-03-03,19,0,20,0.0,0.0,0.0,0.0,0.0
2019-03-03,19,0,21,10.93,10.93,0.0,135.499733,0.0
2019-03-03,19,0,22,38.84,38.84,0.0,481.501337,0.0
2019-03-03,19,0,23,108.8,108.8,0.0,1348.798803,0.0
2019-03-03,19,0,24,192.5,192.5,0.0,2386.431706,0.0
2019-03-03,19,0,29,0.28,0.28,0.0,1.860877,0.0
2019-03-03,19,0,30,99.13,99.13,0.0,1229.892522,0.0
2019-03-03,19,0,31,37.5,37.5,0.0,465.257435,0.0
2019-03-03,19,0,32,0.4,0.4,0.0,35.534491,0.0
2019-03-03,19,0,33,0.3,0.3,0.0,3.385599,0.0
2019-03-03,19,0,34,0.48,0.48,0.0,5.416958,0.0
2019-03-03,19,0,35,0.48,0.48,0.0,5.416958,0.0
2019-03-03,19,0,36,1.19,1.19,0.0,13.309966,0.0
2019-03-03,19,0,37,0.58,0.58,0.0,6.470086,0.0
2019-03-03,19,0,38,0.75,0.75,0.0,8.366491,0.0
2019-03-03,19,0,39,0.5,0.5,0.0,5.577661,0.0
2019-03-03,19,0,40,0.5,0.5,0.0,5.577661,0.0
2019-03-03,19,0,41,34.8,34.8,0.0,414.893951,0.0
2019-03-03,19,0,42,6.68,6.68,0.0,75.662659,0.0
2019-03-03,19,0,43,3.13,3.13,0.0,34.336885,0.0
2019-03-03,19,0,46,2.74,2.74,0.0,30.776707,0.0
2019-03-03,19,0,52,39.75,39.75,0.0,493.172882,0.0
2019-03-03,19,0,53,63.15,63.15,0.0,783.493521,0.0
2019-03-03,19,0,55,186.9,186.9,0.0,2317.008238,0.0
2019-03-03,19,0,56,29.24,29.24,0.0,362.776731,0.0
2019-03-03,19,0,57,27.81,27.81,0.0,345.034914,0.0
2019-03-03,19,0,58,53.48,53.48,0.0,663.519137,0.0
2019-03-03,19,0,59,52.59,52.59,0.0,652.477027,0.0
2019-03-03,19,0,63,170.0,170.0,0.0,25407.265726,0.0
2019-03-03,19,0,64,200.0,200.0,0.0,29890.900854,0.0
2019-03-03,19,0,65,41.4,41.4,0.0,468.678538,0.0
2019-03-03,19,0,67,50.91,50.91,0.0,-27668.922964,0.0
2019-03-03,19,0,68,12.55,12.55,0.0,-4949.878953,0.0
2019-03-03,19,0,69,0.3,0.3,0.0,3.385599,0.0
2019-03-03,19,0,74,65.28,65.28,0.0,743.350194,0.0
2019-03-03,19,0,77,60.0,60.0,0.0,-16221.885807,0.0
2019-03-03,19,0,78,45.36,45.36,0.0,-12263.74567,0.0
2019-03-03,19,0,79,26.25,26.25,0.0,-7097.07504,0.0
2019-03-03,19,0,80,42.45,42.45,0.0,-11476.984208,0.0
2019-03-03,19,0,81,55.5,55.5,0.0,-15005.244371,0.0
2019-03-03,19,0,82,39.15,39.15,0.0,-10584.780489,0.0
2019-03-03,19,0,83,87.3,87.3,0.0,-23602.843849,0.0
2019-03-03,19,0,84,0.0,0.0,0.0,0.0,0.0
2019-03-03,19,0,86,1.53,1.53,0.0,17.266553,0.0
2019-03-03,19,0,87,7.79,7.79,0.0,87.912711,0.0
2019-03-03,19,0,88,51.18,51.18,0.0,-13837.268593,0.0
2019-03-03,19,0,89,49.2,49.2,0.0,-13301.946361,0.0
2019-03-03,19,0,90,66.06,66.06,0.0,-17860.296273,0.0
2019-03-03,19,0,91,235.65,235.65,0.0,-63711.456506,0.0
2019-03-03,19,0,92,84.75,84.75,0.0,-22913.413702,0.0
2019-03-03,19,0,95,120.0,120.0,0.0,3049.643213,0.0
2019-03-03,19,0,96,29.88,29.88,0.0,371.023689,0.0
2019-03-03,19,0,97,183.75,183.75,0.0,2281.646683,0.0
2019-03-03,19,0,99,12.6,12.6,0.0,143.477519,0.0
2019-03-03,19,0,101,2.0,2.0,0.0,24.81373,0.0
2019-03-03,19,0,102,35.91,35.91,0.0,-14163.358821,0.0
2019-03-03,19,0,103,30.13,30.13,0.0,-11883.653614,0.0
2019-03-03,19,0,104,4.3,4.3,0.0,-1695.974462,0.0
2019-03-03,19,0,106,38.24,38.24,0.0,474.063109,0.0
2019-03-03,19,0,109,60.0,60.0,0.0,691.160516,0.0
2019-03-03,19,0,110,338.6,338.6,0.0,-338600.0,0.0
2019-03-03,19,0,111,2.7,2.7,0.0,32.190048,0.0
2019-03-03,19,0,113,45.0,45.0,0.0,-10791.204298,0.0
2019-03-03,19,0,115,45.0,45.0,0.0,-10791.204298,0.0
2019-03-03,19,0,116,15.34,15.34,0.0,-15340.0,0.0
2019-03-03,19,0,117,3.0,3.0,0.0,-719.41362,0.0
2019-03-03,19,0,119,200.0,200.0,0.0,29890.900854,0.0
2019-03-03,19,0,120,117.6,117.6,0.0,17575.849702,0.0
2019-03-03,19,0,123,0.64,0.64,0.0,7.934111,0.0
2019-03-03,19,0,125,174.2,174.2,0.0,2159.565731,0.0
2019-03-03,19,0,126,28.68,28.68,0.0,355.547332,0.0
2019-03-03,19,0,127,36.8,36.8,0.0,456.21136,0.0
2019-03-03,19,0,128,249.5,249.5,0.0,3093.063432,0.0
2019-03-03,19,0,131,30.0,30.0,0.0,-10637.985106,0.0
2019-03-03,19,0,132,44.1,44.1,0.0,-15637.838105,0.0
2019-03-03,19,0,133,0.0,0.0,0.0,0.0,0.0
2019-03-03,19,0,134,0.0,0.0,0.0,0.0,0.0
2019-03-03,19,0,135,0.0,0.0,0.0,0.0,0.0
2019-03-03,19,0,136,45.9,45.9,0.0,519.625311,0.0
2019-03-03,19,0,139,44.94,44.94,0.0,535.785464,0.0
2019-03-03,19,0,140,250.6,250.6,0.0,-250600.0,0.0
2019-03-03,19,0,141,230.0,230.0,0.0,-125002.009071,0.0
2019-03-03,19,0,142,67.13,67.13,0.0,-36484.282039,0.0
2019-03-03,19,0,143,71.55,71.55,0.0,887.711187,0.0
2019-03-03,19,0,145,30.0,30.0,0.0,362.343391,0.0
2019-03-03,19,0,146,268.0,268.0,0.0,-268000.0,0.0
2019-03-03,19,0,152,0.92,0.92,0.0,10.433902,0.0
2019-03-03,19,0,153,1.16,1.16,0.0,13.156534,0.0
2019-03-03,19,0,154,11.15,11.15,0.0,132.932976,0.0
2019-03-03,19,0,157,250.0,250.0,0.0,-135871.74899,0.0
2019-03-03,19,0,158,42.32,42.32,0.0,-23000.369669,0.0
2019-03-03,19,0,159,0.0,0.0,0.0,0.0,0.0
2019-03-03,19,0,160,0.27,0.27,0.0,2.828689,0.0
2019-03-03,19,0,161,8.56,8.56,0.0,-3376.172417,0.0
2019-03-03,19,0,162,162.5,162.5,0.0,4254.463788,0.0
2019-03-03,19,0,163,185.4,185.4,0.0,-185400.0,0.0
2019-03-03,19,0,164,3.84,3.84,0.0,47.642361,0.0
2019-03-03,19,0,167,0.37,0.37,0.0,7.710973,0.0
2019-03-03,19,0,168,0.18,0.18,0.0,3.751284,0.0
2019-03-03,19,0,169,0.0,0.0,0.0,0.0,0.0
2019-03-03,19,0,170,0.4,0.4,0.0,8.336187,0.0
2019-03-03,19,0,172,0.57,0.57,0.0,27.678272,0.0
2019-03-03,19,0,173,0.87,0.87,0.0,42.245784,0.0
2019-03-03,19,0,188,0.86,0.86,0.0,51.554702,0.0
2019-03-03,19,0,190,0.82,0.82,0.0,26.590597,0.0
2019-03-03,19,0,191,2.13,2.13,0.0,69.070697,0.0
2019-03-03,19,0,192,332.6,332.6,0.0,10785.405497,0.0
2019-03-03,19,0,194,176.5,176.5,0.0,-17707.690703,0.0
2019-03-03,19,0,196,0.75,0.75,0.0,230.517955,0.0
2019-03-03,19,0,198,1.04,1.04,0.0,9.77557,0.0
2019-03-03,19,0,199,130.0,130.0,0.0,-3119.52427,0.0
2019-03-03,19,0,200,1.22,1.22,0.0,-29.275535,0.0
2019-03-03,19,0,204,257.1,257.1,0.0,2967.329892,0.0
2019-03-03,19,0,205,317.4,317.4,0.0,3656.239127,0.0
2019-03-03,19,0,206,539.94,539.94,0.0,6704.502367,0.0
2019-03-03,19,0,210,0.12,0.12,0.0,0.810063,0.0
2019-03-03,19,0,214,0.9,0.9,0.0,10.139572,0.0
2019-03-03,19,0,217,0.57,0.57,0.0,5.295424,0.0
2019-03-03,19,0,218,0.78,0.78,0.0,7.24637,0.0
2019-03-03,19,0,219,0.53,0.53,0.0,4.923815,0.0
2019-03-03,19,0,221,0.48,0.48,0.0,5.407772,0.0
2019-03-03,19,0,225,0.29,0.29,0.0,1.92441,0.0
2019-03-03,19,0,233,0.86,0.86,0.0,9.705383,0.0
2019-03-03,19,0,236,159.03,159.03,0.0,1802.42022,0.0
2019-03-03,19,0,237,156.6,156.6,0.0,1783.220595,0.0
2019-03-03,19,0,238,8.7,8.7,0.0,98.542684,0.0
2019-03-03,19,0,240,1.34,1.34,0.0,14.987693,0.0
2019-03-03,19,0,245,0.0,0.0,0.0,0.0,0.0
2019-03-03,19,0,247,0.0,0.0,0.0,0.0,0.0
2019-03-03,19,0,248,15.72,15.72,0.0,179.005286,0.0
2019-03-03,19,0,249,0.0,0.0,0.0,0.0,0.0
2019-03-03,19,0,251,326.4,326.4,0.0,3695.823265,0.0
2019-03-03,19,0,252,267.06,267.06,0.0,3023.316192,0.0
2019-03-03,19,0,254,2.04,2.04,0.0,22.126621,0.0
2019-03-03,19,0,255,0.93,0.93,0.0,10.087136,0.0
2019-03-03,19,0,258,1.59,1.59,0.0,17.728797,0.0
2019-03-03,19,0,260,0.65,0.65,0.0,6.809806,0.0
2019-03-03,19,0,265,11.55,11.55,0.0,137.701872,0.0
2019-03-03,19,0,266,29.1,29.1,0.0,346.937183,0.0
2019-03-03,19,0,267,35.76,35.76,0.0,426.339302,0.0
2019-03-03,19,0,270,579.0,579.0,0.0,-579000.0,0.0
2019-03-03,19,0,272,150.39,150.39,0.0,-36064.204762,0.0
2019-03-03,19,0,273,3.67,3.67,0.0,-3670.0,0.0
2019-03-03,19,0,274,746.4,746.4,0.0,-746400.0,0.0
2019-03-03,19,0,275,1039.0,1039.0,0.0,-1039000.0,0.0
2019-03-03,19,0,276,0.86,0.86,0.0,-772.340443,0.0
2019-03-03,19,0,277,1.02,1.02,0.0,-257.097759,0.0
2019-03-03,19,0,278,1.63,1.63,0.0,-410.852302,0.0
2019-03-03,19,0,279,264.6,264.6,0.0,-66694.183429,0.0
2019-03-03,19,0,281,16.83,16.83,0.0,208.807537,0.0
2019-03-03,19,0,282,54.38,54.38,0.0,674.685316,0.0
2019-03-03,20,0,9,0.0,0.0,0.0,0.0,0.0
2019-03-03,20,0,17,0.0,0.0,0.0,0.0,0.0
2019-03-03,20,0,19,0.0,0.0,0.0,0.0,0.0
2019-03-03,20,0,20,0.0,0.0,0.0,0.0,0.0
2019-03-03,20,0,21,0.0,0.0,0.0,0.0,0.0
2019-03-03,20,0,22,0.0,0.0,0.0,0.0,0.0
2019-03-03,20,0,23,108.8,108.8,0.0,1461.742242,0.0
2019-03-03,20,0,24,192.5,192.5,0.0,2586.262698,0.0
2019-03-03,20,0,29,0.0,0.0,0.0,0.0,0.0
2019-03-03,20,0,30,0.0,0.0,0.0,0.0,0.0
2019-03-03,20,0,31,37.5,37.5,0.0,504.597469,0.0
2019-03-03,20,0,32,0.0,0.0,0.0,0.0,0.0
2019-03-03,20,0,33,0.0,0.0,0.0,0.0,0.0
2019-03-03,20,0,34,0.0,0.0,0.0,0.0,0.0
2019-03-03,20,0,35,0.0,0.0,0.0,0.0,0.0
2019-03-03,20,0,36,0.0,0.0,0.0,0.0,0.0
2019-03-03,20,0,37,0.0,0.0,0.0,0.0,0.0
2019-03-03,20,0,38,0.0,0.0,0.0,0.0,0.0
2019-03-03,20,0,39,0.0,0.0,0.0,0.0,0.0
2019-03-03,20,0,40,0.0,0.0,0.0,0.0,0.0
2019-03-03,20,0,41,60.5,60.5,0.0,748.685695,0.0
2019-03-03,20,0,42,0.0,0.0,0.0,0.0,0.0
2019-03-03,20,0,43,0.0,0.0,0.0,0.0,0.0
2019-03-03,20,0,46,0.0,0.0,0.0,0.0,0.0
2019-03-03,20,0,52,39.75,39.75,0.0,534.873317,0.0
2019-03-03,20,0,53,63.15,63.15,0.0,849.742138,0.0
2019-03-03,20,0,55,186.9,186.9,0.0,2511.025965,0.0
2019-03-03,20,0,56,0.0,0.0,0.0,0.0,0.0
2019-03-03,20,0,57,0.0,0.0,0.0,0.0,0.0
2019-03-03,20,0,58,0.0,0.0,0.0,0.0,0.0
2019-03-03,20,0,59,0.0,0.0,0.0,0.0,0.0
2019-03-03,20,0,63,170.0,170.0,0.0,24982.594708,0.0
2019-03-03,20,0,64,200.0,200.0,0.0,29391.287892,0.0
2019-03-03,20,0,65,41.4,41.4,0.0,433.556175,0.0
2019-03-03,20,0,67,0.0,0.0,0.0,-0.0,0.0
2019-03-03,20,0,68,10.2,10.2,0.0,-4040.267307,0.0
2019-03-03,20,0,69,0.0,0.0,0.0,0.0,0.0
2019-03-03,20,0,74,65.28,65.28,0.0,716.507574,0.0
2019-03-03,20,0,77,84.7,84.7,0.0,-23078.562183,0.0
2019-03-03,20,0,78,64.3,64.3,0.0,-17520.089119,0.0
2019-03-03,20,0,79,37.43,37.43,0.0,-10198.708176,0.0
2019-03-03,20,0,80,60.23,60.23,0.0,-16411.119248,0.0
2019-03-03,20,0,81,78.45,78.45,0.0,-21375.598622,0.0
2019-03-03,20,0,82,55.6,55.6,0.0,-15149.563841,0.0
2019-03-03,20,0,83,122.29,122.29,0.0,-33320.866226,0.0
2019-03-03,20,0,84,0.0,0.0,0.0,0.0,0.0
2019-03-03,20,0,86,0.0,0.0,0.0,0.0,0.0
2019-03-03,20,0,87,0.0,0.0,0.0,0.0,0.0
2019-03-03,20,0,88,95.98,95.98,0.0,-26152.070818,0.0
2019-03-03,20,0,89,92.28,92.28,0.0,-25143.91639,0.0
2019-03-03,20,0,90,123.8,123.8,0.0,-33732.302223,0.0
2019-03-03,20,0,91,440.78,440.78,0.0,-120101.164569,0.0
2019-03-03,20,0,92,158.74,158.74,0.0,-43252.549716,0.0
2019-03-03,20,0,95,120.0,120.0,0.0,3049.643213,0.0
2019-03-03,20,0,96,31.77,31.77,0.0,428.185647,0.0
2019-03-03,20,0,97,229.39,229.39,0.0,3091.643236,0.0
2019-03-03,20,0,99,12.6,12.6,0.0,138.296499,0.0
2019-03-03,20,0,101,0.0,0.0,0.0,0.0,0.0
2019-03-03,20,0,102,24.15,24.15,0.0,-9565.927007,0.0
2019-03-03,20,0,103,21.0,21.0,0.0,-8318.197398,0.0
2019-03-03,20,0,104,3.9,3.9,0.0,-1544.808088,0.0
2019-03-03,20,0,106,0.0,0.0,0.0,0.0,0.0
2019-03-03,20,0,109,60.0,60.0,0.0,697.072354,0.0
2019-03-03,20,0,110,338.6,338.6,0.0,-338600.0,0.0
2019-03-03,20,0,111,0.0,0.0,0.0,0.0,0.0
2019-03-03,20,0,113,45.0,45.0,0.0,-10879.498649,0.0
2019-03-03,20,0,115,45.0,45.0,0.0,-10879.498649,0.0
2019-03-03,20,0,116,0.0,0.0,0.0,-0.0,0.0
2019-03-03,20,0,117,3.0,3.0,0.0,-725.29991,0.0
2019-03-03,20,0,119,200.0,200.0,0.0,29391.287892,0.0
2019-03-03,20,0,120,117.6,117.6,0.0,17282.077281,0.0
2019-03-03,20,0,123,0.0,0.0,0.0,0.0,0.0
2019-03-03,20,0,125,174.2,174.2,0.0,2340.399802,0.0
2019-03-03,20,0,126,0.0,0.0,0.0,0.0,0.0
2019-03-03,20,0,127,0.0,0.0,0.0,0.0,0.0
2019-03-03,20,0,128,249.5,249.5,0.0,3352.065159,0.0
2019-03-03,20,0,131,30.0,30.0,0.0,-10692.081341,0.0
2019-03-03,20,0,132,44.1,44.1,0.0,-15717.359571,0.0
2019-03-03,20,0,133,0.0,0.0,0.0,0.0,0.0
2019-03-03,20,0,134,0.0,0.0,0.0,0.0,0.0
2019-03-03,20,0,135,0.0,0.0,0.0,0.0,0.0
2019-03-03,20,0,136,45.9,45.9,0.0,480.72498,0.0
2019-03-03,20,0,139,80.98,80.98,0.0,1002.125084,0.0
2019-03-03,20,0,140,250.6,250.6,0.0,-250600.0,0.0
2019-03-03,20,0,141,230.0,230.0,0.0,-125295.366764,0.0
2019-03-03,20,0,142,0.0,0.0,0.0,-0.0,0.0
2019-03-03,20,0,143,71.55,71.55,0.0,962.771971,0.0
2019-03-03,20,0,145,30.0,30.0,0.0,383.223274,0.0
2019-03-03,20,0,146,268.0,268.0,0.0,-268000.0,0.0
2019-03-03,20,0,152,0.0,0.0,0.0,0.0,0.0
2019-03-03,20,0,153,0.0,0.0,0.0,0.0,0.0
2019-03-03,20,0,154,0.0,0.0,0.0,0.0,0.0
2019-03-03,20,0,157,250.0,250.0,0.0,-136190.616048,0.0
2019-03-03,20,0,158,0.0,0.0,0.0,-0.0,0.0
2019-03-03,20,0,159,0.0,0.0,0.0,0.0,0.0
2019-03-03,20,0,160,0.0,0.0,0.0,0.0,0.0
2019-03-03,20,0,161,0.0,0.0,0.0,-0.0,0.0
2019-03-03,20,0,162,162.5,162.5,0.0,4254.253836,0.0
2019-03-03,20,0,163,185.4,185.4,0.0,-185400.0,0.0
2019-03-03,20,0,164,0.0,0.0,0.0,0.0,0.0
2019-03-03,20,0,167,0.0,0.0,0.0,0.0,0.0
2019-03-03,20,0,168,0.0,0.0,0.0,0.0,0.0
2019-03-03,20,0,169,0.0,0.0,0.0,0.0,0.0
2019-03-03,20,0,170,0.0,0.0,0.0,0.0,0.0
2019-03-03,20,0,172,0.0,0.0,0.0,0.0,0.0
2019-03-03,20,0,173,0.0,0.0,0.0,0.0,0.0
2019-03-03,20,0,188,0.0,0.0,0.0,0.0,0.0
2019-03-03,20,0,190,0.0,0.0,0.0,0.0,0.0
2019-03-03,20,0,191,0.0,0.0,0.0,0.0,0.0
2019-03-03,20,0,192,332.6,332.6,0.0,10785.405497,0.0
2019-03-03,20,0,194,176.5,176.5,0.0,-18084.462353,0.0
2019-03-03,20,0,196,0.0,0.0,0.0,0.0,0.0
2019-03-03,20,0,198,0.0,0.0,0.0,0.0,0.0
2019-03-03,20,0,199,130.0,130.0,0.0,-3313.383548,0.0
2019-03-03,20,0,200,0.0,0.0,0.0,-0.0,0.0
2019-03-03,20,0,204,465.33,465.33,0.0,5439.407275,0.0
2019-03-03,20,0,205,317.4,317.4,0.0,3687.512751,0.0
2019-03-03,20,0,206,868.95,868.95,0.0,11711.423297,0.0
2019-03-03,20,0,210,0.0,0.0,0.0,0.0,0.0
2019-03-03,20,0,214,0.0,0.0,0.0,0.0,0.0
2019-03-03,20,0,217,0.0,0.0,0.0,0.0,0.0
2019-03-03,20,0,218,0.0,0.0,0.0,0.0,0.0
2019-03-03,20,0,219,0.0,0.0,0.0,0.0,0.0
2019-03-03,20,0,221,0.0,0.0,0.0,0.0,0.0
2019-03-03,20,0,225,0.0,0.0,0.0,0.0,0.0
2019-03-03,20,0,233,0.0,0.0,0.0,0.0,0.0
2019-03-03,20,0,236,159.03,159.03,0.0,1699.413601,0.0
2019-03-03,20,0,237,156.6,156.6,0.0,1718.827912,0.0
2019-03-03,20,0,238,0.0,0.0,0.0,0.0,0.0
2019-03-03,20,0,240,0.0,0.0,0.0,0.0,0.0
2019-03-03,20,0,245,0.0,0.0,0.0,0.0,0.0
2019-03-03,20,0,247,171.72,171.72,0.0,1784.566694,0.0
2019-03-03,20,0,248,15.72,15.72,0.0,172.541346,0.0
2019-03-03,20,0,249,0.0,0.0,0.0,0.0,0.0
2019-03-03,20,0,251,326.4,326.4,0.0,3427.355457,0.0
2019-03-03,20,0,252,267.06,267.06,0.0,2796.751497,0.0
2019-03-03,20,0,254,0.0,0.0,0.0,0.0,0.0
2019-03-03,20,0,255,0.0,0.0,0.0,0.0,0.0
2019-03-03,20,0,258,0.0,0.0,0.0,0.0,0.0
2019-03-03,20,0,260,0.0,0.0,0.0,0.0,0.0
2019-03-03,20,0,265,0.0,0.0,0.0,0.0,0.0
2019-03-03,20,0,266,49.35,49.35,0.0,610.704777,0.0
2019-03-03,20,0,267,62.41,62.41,0.0,772.321888,0.0
2019-03-03,20,0,270,579.0,579.0,0.0,-579000.0,0.0
2019-03-03,20,0,272,150.39,150.39,0.0,-36359.284485,0.0
2019-03-03,20,0,273,0.0,0.0,0.0,-0.0,0.0
2019-03-03,20,0,274,746.4,746.4,0.0,-746400.0,0.0
2019-03-03,20,0,275,1039.0,1039.0,0.0,-1039000.0,0.0
2019-03-03,20,0,276,0.0,0.0,0.0,-0.0,0.0
2019-03-03,20,0,277,0.0,0.0,0.0,-0.0,0.0
2019-03-03,20,0,278,0.0,0.0,0.0,-0.0,0.0
2019-03-03,20,0,279,651.99,651.99,0.0,-165656.173242,0.0
2019-03-03,20,0,281,16.83,16.83,0.0,226.463344,0.0
2019-03-03,20,0,282,0.0,0.0,0.0,0.0,0.0
2019-03-03,21,0,9,0.0,0.0,0.0,0.0,0.0
2019-03-03,21,0,17,0.0,0.0,0.0,0.0,0.0
2019-03-03,21,0,19,643.3,643.3,0.0,334.170212,0.0
2019-03-03,21,0,20,780.2,780.2,0.0,405.284625,0.0
2019-03-03,21,0,21,0.0,0.0,0.0,0.0,0.0
2019-03-03,21,0,22,0.0,0.0,0.0,0.0,0.0
2019-03-03,21,0,23,108.8,108.8,0.0,1460.329517,0.0
2019-03-03,21,0,24,192.5,192.5,0.0,2583.763162,0.0
2019-03-03,21,0,29,0.0,0.0,0.0,0.0,0.0
2019-03-03,21,0,30,0.0,0.0,0.0,0.0,0.0
2019-03-03,21,0,31,37.5,37.5,0.0,504.597469,0.0
2019-03-03,21,0,32,0.0,0.0,0.0,0.0,0.0
2019-03-03,21,0,33,0.0,0.0,0.0,0.0,0.0
2019-03-03,21,0,34,0.0,0.0,0.0,0.0,0.0
2019-03-03,21,0,35,0.0,0.0,0.0,0.0,0.0
2019-03-03,21,0,36,0.0,0.0,0.0,0.0,0.0
2019-03-03,21,0,37,0.0,0.0,0.0,0.0,0.0
2019-03-03,21,0,38,0.0,0.0,0.0,0.0,0.0
2019-03-03,21,0,39,0.0,0.0,0.0,0.0,0.0
2019-03-03,21,0,40,0.0,0.0,0.0,0.0,0.0
2019-03-03,21,0,41,111.37,111.37,0.0,1298.647675,0.0
2019-03-03,21,0,42,0.0,0.0,0.0,0.0,0.0
2019-03-03,21,0,43,0.0,0.0,0.0,0.0,0.0
2019-03-03,21,0,46,0.0,0.0,0.0,0.0,0.0
2019-03-03,21,0,52,39.75,39.75,0.0,534.873317,0.0
2019-03-03,21,0,53,63.15,63.15,0.0,849.742138,0.0
2019-03-03,21,0,55,186.9,186.9,0.0,2508.599143,0.0
2019-03-03,21,0,56,0.0,0.0,0.0,0.0,0.0
2019-03-03,21,0,57,0.0,0.0,0.0,0.0,0.0
2019-03-03,21,0,58,0.0,0.0,0.0,0.0,0.0
2019-03-03,21,0,59,0.0,0.0,0.0,0.0,0.0
2019-03-03,21,0,63,170.0,170.0,0.0,19676.060229,0.0
2019-03-03,21,0,64,200.0,200.0,0.0,23148.306151,0.0
2019-03-03,21,0,65,41.4,41.4,0.0,178.35471,0.0
2019-03-03,21,0,67,0.0,0.0,0.0,-0.0,0.0
2019-03-03,21,0,68,10.2,10.2,0.0,-4210.24483,0.0
2019-03-03,21,0,69,0.0,0.0,0.0,0.0,0.0
2019-03-03,21,0,74,65.28,65.28,0.0,600.072616,0.0
2019-03-03,21,0,77,172.48,172.48,0.0,-50474.085706,0.0
2019-03-03,21,0,78,130.65,130.65,0.0,-38233.066428,0.0
2019-03-03,21,0,79,75.79,75.79,0.0,-22178.982813,0.0
2019-03-03,21,0,80,122.31,122.31,0.0,-35792.471143,0.0
2019-03-03,21,0,81,159.64,159.64,0.0,-46716.622461,0.0
2019-03-03,21,0,82,112.85,112.85,0.0,-33024.122054,0.0
2019-03-03,21,0,83,250.05,250.05,0.0,-73173.962957,0.0
2019-03-03,21,0,84,0.0,0.0,0.0,0.0,0.0
2019-03-03,21,0,86,0.0,0.0,0.0,0.0,0.0
2019-03-03,21,0,87,0.0,0.0,0.0,0.0,0.0
2019-03-03,21,0,88,170.6,170.6,0.0,-49923.927536,0.0
2019-03-03,21,0,89,164.0,164.0,0.0,-47992.521196,0.0
2019-03-03,21,0,90,220.2,220.2,0.0,-64438.738825,0.0
2019-03-03,21,0,91,785.5,785.5,0.0,-229866.618287,0.0
2019-03-03,21,0,92,282.5,282.5,0.0,-82670.044133,0.0
2019-03-03,21,0,95,120.0,120.0,0.0,3049.643213,0.0
2019-03-03,21,0,96,29.88,29.88,0.0,403.118324,0.0
2019-03-03,21,0,97,183.75,183.75,0.0,2479.015797,0.0
2019-03-03,21,0,99,12.6,12.6,0.0,115.822839,0.0
2019-03-03,21,0,101,0.0,0.0,0.0,0.0,0.0
2019-03-03,21,0,102,24.15,24.15,0.0,-9968.373788,0.0
2019-03-03,21,0,103,21.0,21.0,0.0,-8668.15112,0.0
2019-03-03,21,0,104,3.9,3.9,0.0,-1609.799494,0.0
2019-03-03,21,0,106,0.0,0.0,0.0,0.0,0.0
2019-03-03,21,0,109,83.6,83.6,0.0,877.943601,0.0
2019-03-03,21,0,110,338.6,338.6,0.0,-338600.0,0.0
2019-03-03,21,0,111,0.0,0.0,0.0,0.0,0.0
2019-03-03,21,0,113,84.18,84.18,0.0,-22096.497474,0.0
2019-03-03,21,0,115,84.18,84.18,0.0,-22096.497474,0.0
2019-03-03,21,0,116,0.0,0.0,0.0,-0.0,0.0
2019-03-03,21,0,117,5.66,5.66,0.0,-1485.699403,0.0
2019-03-03,21,0,119,200.0,200.0,0.0,23148.306151,0.0
2019-03-03,21,0,120,117.6,117.6,0.0,13611.204017,0.0
2019-03-03,21,0,123,0.0,0.0,0.0,0.0,0.0
2019-03-03,21,0,125,174.2,174.2,0.0,2338.137885,0.0
2019-03-03,21,0,126,0.0,0.0,0.0,0.0,0.0
2019-03-03,21,0,127,0.0,0.0,0.0,0.0,0.0
2019-03-03,21,0,128,249.5,249.5,0.0,3348.825501,0.0
2019-03-03,21,0,131,30.0,30.0,0.0,-11224.882411,0.0
2019-03-03,21,0,132,44.1,44.1,0.0,-16500.577145,0.0
2019-03-03,21,0,133,91.59,91.59,0.0,787.65213,0.0
2019-03-03,21,0,134,0.0,0.0,0.0,0.0,0.0
2019-03-03,21,0,135,119.08,119.08,0.0,1024.059566,0.0
2019-03-03,21,0,136,45.9,45.9,0.0,207.287728,0.0
2019-03-03,21,0,139,146.7,146.7,0.0,1710.618784,0.0
2019-03-03,21,0,140,250.6,250.6,0.0,-250600.0,0.0
2019-03-03,21,0,141,230.0,230.0,0.0,-128184.685995,0.0
2019-03-03,21,0,142,0.0,0.0,0.0,-0.0,0.0
2019-03-03,21,0,143,71.55,71.55,0.0,962.771971,0.0
2019-03-03,21,0,145,30.0,30.0,0.0,370.779392,0.0
2019-03-03,21,0,146,268.0,268.0,0.0,-268000.0,0.0
2019-03-03,21,0,152,0.0,0.0,0.0,0.0,0.0
2019-03-03,21,0,153,0.0,0.0,0.0,0.0,0.0
2019-03-03,21,0,154,0.0,0.0,0.0,0.0,0.0
2019-03-03,21,0,157,250.0,250.0,0.0,-139331.180429,0.0
2019-03-03,21,0,158,0.0,0.0,0.0,-0.0,0.0
2019-03-03,21,0,159,0.0,0.0,0.0,0.0,0.0
2019-03-03,21,0,160,0.0,0.0,0.0,0.0,0.0
2019-03-03,21,0,161,0.0,0.0,0.0,-0.0,0.0
2019-03-03,21,0,162,162.5,162.5,0.0,4255.872339,0.0
2019-03-03,21,0,163,185.4,185.4,0.0,-185400.0,0.0
2019-03-03,21,0,164,0.0,0.0,0.0,0.0,0.0
2019-03-03,21,0,167,0.0,0.0,0.0,0.0,0.0
2019-03-03,21,0,168,0.0,0.0,0.0,0.0,0.0
2019-03-03,21,0,169,0.0,0.0,0.0,0.0,0.0
2019-03-03,21,0,170,0.0,0.0,0.0,0.0,0.0
2019-03-03,21,0,172,0.0,0.0,0.0,0.0,0.0
2019-03-03,21,0,173,0.0,0.0,0.0,0.0,0.0
2019-03-03,21,0,188,0.0,0.0,0.0,0.0,0.0
2019-03-03,21,0,190,0.0,0.0,0.0,0.0,0.0
2019-03-03,21,0,191,0.0,0.0,0.0,0.0,0.0
2019-03-03,21,0,192,332.6,332.6,0.0,10785.405497,0.0
2019-03-03,21,0,194,176.5,176.5,0.0,-22373.695396,0.0
2019-03-03,21,0,196,0.0,0.0,0.0,0.0,0.0
2019-03-03,21,0,198,0.0,0.0,0.0,0.0,0.0
2019-03-03,21,0,199,130.0,130.0,0.0,-4400.232088,0.0
2019-03-03,21,0,200,0.0,0.0,0.0,-0.0,0.0
2019-03-03,21,0,204,841.64,841.64,0.0,8951.307582,0.0
2019-03-03,21,0,205,387.97,387.97,0.0,4074.351421,0.0
2019-03-03,21,0,206,539.94,539.94,0.0,7284.461439,0.0
2019-03-03,21,0,210,0.0,0.0,0.0,0.0,0.0
2019-03-03,21,0,214,0.0,0.0,0.0,0.0,0.0
2019-03-03,21,0,217,0.0,0.0,0.0,0.0,0.0
2019-03-03,21,0,218,0.0,0.0,0.0,0.0,0.0
2019-03-03,21,0,219,0.0,0.0,0.0,0.0,0.0
2019-03-03,21,0,221,0.0,0.0,0.0,0.0,0.0
2019-03-03,21,0,225,0.0,0.0,0.0,0.0,0.0
2019-03-03,21,0,233,0.0,0.0,0.0,0.0,0.0
2019-03-03,21,0,236,159.03,159.03,0.0,1367.594982,0.0
2019-03-03,21,0,237,156.6,156.6,0.0,1439.512434,0.0
2019-03-03,21,0,238,0.0,0.0,0.0,0.0,0.0
2019-03-03,21,0,240,0.0,0.0,0.0,0.0,0.0
2019-03-03,21,0,245,260.0,260.0,0.0,1871.999466,0.0
2019-03-03,21,0,247,171.72,171.72,0.0,1236.383647,0.0
2019-03-03,21,0,248,15.72,15.72,0.0,144.502781,0.0
2019-03-03,21,0,249,500.0,500.0,0.0,3599.998972,0.0
2019-03-03,21,0,251,326.4,326.4,0.0,1819.669733,0.0
2019-03-03,21,0,252,267.06,267.06,0.0,1150.51712,0.0
2019-03-03,21,0,254,0.0,0.0,0.0,0.0,0.0
2019-03-03,21,0,255,0.0,0.0,0.0,0.0,0.0
2019-03-03,21,0,258,0.0,0.0,0.0,0.0,0.0
2019-03-03,21,0,260,0.0,0.0,0.0,0.0,0.0
2019-03-03,21,0,265,0.0,0.0,0.0,0.0,0.0
2019-03-03,21,0,266,91.87,91.87,0.0,1071.26481,0.0
2019-03-03,21,0,267,114.69,114.69,0.0,1337.361065,0.0
2019-03-03,21,0,270,579.0,579.0,0.0,-579000.0,0.0
2019-03-03,21,0,272,281.15,281.15,0.0,-73799.361664,0.0
2019-03-03,21,0,273,0.0,0.0,0.0,-0.0,0.0
2019-03-03,21,0,274,746.4,746.4,0.0,-746400.0,0.0
2019-03-03,21,0,275,1039.0,1039.0,0.0,-1039000.0,0.0
2019-03-03,21,0,276,0.0,0.0,0.0,-0.0,0.0
2019-03-03,21,0,277,0.0,0.0,0.0,-0.0,0.0
2019-03-03,21,0,278,0.0,0.0,0.0,-0.0,0.0
2019-03-03,21,0,279,651.69,651.69,0.0,-178939.20516,0.0
2019-03-03,21,0,281,16.83,16.83,0.0,226.463344,0.0
2019-03-03,21,0,282,0.0,0.0,0.0,0.0,0.0
2019-03-03,22,0,9,0.0,0.0,0.0,0.0,0.0
2019-03-03,22,0,17,0.0,0.0,0.0,-0.0,0.0
2019-03-03,22,0,19,643.3,643.3,0.0,-93.264456,0.0
2019-03-03,22,0,20,780.2,780.2,0.0,-113.111968,0.0
2019-03-03,22,0,21,0.0,0.0,0.0,0.0,0.0
2019-03-03,22,0,22,0.0,0.0,0.0,0.0,0.0
2019-03-03,22,0,23,108.8,108.8,0.0,1092.10525,0.0
2019-03-03,22,0,24,192.5,192.5,0.0,1932.263425,0.0
2019-03-03,22,0,29,0.0,0.0,0.0,0.0,0.0
2019-03-03,22,0,30,0.0,0.0,0.0,0.0,0.0
2019-03-03,22,0,31,37.5,37.5,0.0,376.921189,0.0
2019-03-03,22,0,32,0.0,0.0,0.0,0.0,0.0
2019-03-03,22,0,33,0.0,0.0,0.0,0.0,0.0
2019-03-03,22,0,34,0.0,0.0,0.0,0.0,0.0
2019-03-03,22,0,35,0.0,0.0,0.0,0.0,0.0
2019-03-03,22,0,36,0.0,0.0,0.0,0.0,0.0
2019-03-03,22,0,37,0.0,0.0,0.0,0.0,0.0
2019-03-03,22,0,38,0.0,0.0,0.0,0.0,0.0
2019-03-03,22,0,39,0.0,0.0,0.0,0.0,0.0
2019-03-03,22,0,40,0.0,0.0,0.0,0.0,0.0
2019-03-03,22,0,41,116.0,116.0,0.0,1082.605308,0.0
2019-03-03,22,0,42,0.0,0.0,0.0,0.0,0.0
2019-03-03,22,0,43,0.0,0.0,0.0,0.0,0.0
2019-03-03,22,0,46,0.0,0.0,0.0,0.0,0.0
2019-03-03,22,0,52,39.75,39.75,0.0,399.53646,0.0
2019-03-03,22,0,53,63.15,63.15,0.0,634.735282,0.0
2019-03-03,22,0,55,356.65,356.65,0.0,3579.957145,0.0
2019-03-03,22,0,56,0.0,0.0,0.0,0.0,0.0
2019-03-03,22,0,57,0.0,0.0,0.0,0.0,0.0
2019-03-03,22,0,58,0.0,0.0,0.0,0.0,0.0
2019-03-03,22,0,59,0.0,0.0,0.0,0.0,0.0
2019-03-03,22,0,63,170.0,170.0,0.0,19577.854462,0.0
2019-03-03,22,0,64,200.0,200.0,0.0,23032.769955,0.0
2019-03-03,22,0,65,41.4,41.4,0.0,159.729085,0.0
2019-03-03,22,0,67,0.0,0.0,0.0,-0.0,0.0
2019-03-03,22,0,68,10.2,10.2,0.0,-4205.561216,0.0
2019-03-03,22,0,69,0.0,0.0,0.0,0.0,0.0
2019-03-03,22,0,74,65.28,65.28,0.0,544.418618,0.0
2019-03-03,22,0,77,200.0,200.0,0.0,-58390.630298,0.0
2019-03-03,22,0,78,151.2,151.2,0.0,-44143.316505,0.0
2019-03-03,22,0,79,87.5,87.5,0.0,-25545.900755,0.0
2019-03-03,22,0,80,141.5,141.5,0.0,-41311.370936,0.0
2019-03-03,22,0,81,185.0,185.0,0.0,-54011.333026,0.0
2019-03-03,22,0,82,130.5,130.5,0.0,-38099.88627,0.0
2019-03-03,22,0,83,291.0,291.0,0.0,-84958.367084,0.0
2019-03-03,22,0,84,0.0,0.0,0.0,0.0,0.0
2019-03-03,22,0,86,0.0,0.0,0.0,0.0,0.0
2019-03-03,22,0,87,0.0,0.0,0.0,0.0,0.0
2019-03-03,22,0,88,170.6,170.6,0.0,-49807.207644,0.0
2019-03-03,22,0,89,164.0,164.0,0.0,-47880.316844,0.0
2019-03-03,22,0,90,220.2,220.2,0.0,-64288.083958,0.0
2019-03-03,22,0,91,785.5,785.5,0.0,-229329.200496,0.0
2019-03-03,22,0,92,282.5,282.5,0.0,-82476.765296,0.0
2019-03-03,22,0,95,120.0,120.0,0.0,3049.643213,0.0
2019-03-03,22,0,96,29.88,29.88,0.0,300.752363,0.0
2019-03-03,22,0,97,183.75,183.75,0.0,1849.506249,0.0
2019-03-03,22,0,99,12.6,12.6,0.0,105.080799,0.0
2019-03-03,22,0,101,0.0,0.0,0.0,0.0,0.0
2019-03-03,22,0,102,24.15,24.15,0.0,-9957.284643,0.0
2019-03-03,22,0,103,21.0,21.0,0.0,-8658.508385,0.0
2019-03-03,22,0,104,3.9,3.9,0.0,-1608.0087,0.0
2019-03-03,22,0,106,0.0,0.0,0.0,0.0,0.0
2019-03-03,22,0,109,171.41,171.41,0.0,1520.709979,0.0
2019-03-03,22,0,110,338.6,338.6,0.0,-338600.0,0.0
2019-03-03,22,0,111,0.0,0.0,0.0,0.0,0.0
2019-03-03,22,0,113,149.99,149.99,0.0,-39329.43918,0.0
2019-03-03,22,0,115,149.99,149.99,0.0,-39329.43918,0.0
2019-03-03,22,0,116,0.0,0.0,0.0,-0.0,0.0
2019-03-03,22,0,117,10.0,10.0,0.0,-2622.137421,0.0
2019-03-03,22,0,119,200.0,200.0,0.0,23032.769955,0.0
2019-03-03,22,0,120,117.6,117.6,0.0,13543.268734,0.0
2019-03-03,22,0,123,0.0,0.0,0.0,0.0,0.0
2019-03-03,22,0,125,174.2,174.2,0.0,1748.572928,0.0
2019-03-03,22,0,126,0.0,0.0,0.0,0.0,0.0
2019-03-03,22,0,127,0.0,0.0,0.0,0.0,0.0
2019-03-03,22,0,128,249.5,249.5,0.0,2504.414153,0.0
2019-03-03,22,0,131,30.0,30.0,0.0,-11210.201444,0.0
2019-03-03,22,0,132,44.1,44.1,0.0,-16478.996122,0.0
2019-03-03,22,0,133,139.8,139.8,0.0,1181.130063,0.0
2019-03-03,22,0,134,0.0,0.0,0.0,0.0,0.0
2019-03-03,22,0,135,187.33,187.33,0.0,1582.697387,0.0
2019-03-03,22,0,136,45.9,45.9,0.0,187.178196,0.0
2019-03-03,22,0,139,149.8,149.8,0.0,1398.054096,0.0
2019-03-03,22,0,140,250.6,250.6,0.0,-250600.0,0.0
2019-03-03,22,0,141,230.0,230.0,0.0,-128105.072786,0.0
2019-03-03,22,0,142,0.0,0.0,0.0,-0.0,0.0
2019-03-03,22,0,143,71.55,71.55,0.0,719.165628,0.0
2019-03-03,22,0,145,73.71,73.71,0.0,708.601438,0.0
2019-03-03,22,0,146,268.0,268.0,0.0,-268000.0,0.0
2019-03-03,22,0,152,0.0,0.0,0.0,0.0,0.0
2019-03-03,22,0,153,0.0,0.0,0.0,0.0,0.0
2019-03-03,22,0,154,0.0,0.0,0.0,0.0,0.0
2019-03-03,22,0,157,250.0,250.0,0.0,-139244.644333,0.0
2019-03-03,22,0,158,0.0,0.0,0.0,-0.0,0.0
2019-03-03,22,0,159,0.0,0.0,0.0,0.0,0.0
2019-03-03,22,0,160,0.0,0.0,0.0,0.0,0.0
2019-03-03,22,0,161,0.0,0.0,0.0,-0.0,0.0
2019-03-03,22,0,162,96.21,96.21,0.0,2520.202181,0.0
2019-03-03,22,0,163,185.4,185.4,0.0,-185400.0,0.0
2019-03-03,22,0,164,0.0,0.0,0.0,0.0,0.0
2019-03-03,22,0,167,0.0,0.0,0.0,0.0,0.0
2019-03-03,22,0,168,0.0,0.0,0.0,0.0,0.0
2019-03-03,22,0,169,0.0,0.0,0.0,0.0,0.0
2019-03-03,22,0,170,0.0,0.0,0.0,0.0,0.0
2019-03-03,22,0,172,0.0,0.0,0.0,0.0,0.0
2019-03-03,22,0,173,0.0,0.0,0.0,0.0,0.0
2019-03-03,22,0,188,0.0,0.0,0.0,0.0,0.0
2019-03-03,22,0,190,0.0,0.0,0.0,0.0,0.0
2019-03-03,22,0,191,0.0,0.0,0.0,0.0,0.0
2019-03-03,22,0,192,332.6,332.6,0.0,10785.405497,0.0
2019-03-03,22,0,194,176.5,176.5,0.0,-22376.897726,0.0
2019-03-03,22,0,196,0.0,0.0,0.0,0.0,0.0
2019-03-03,22,0,198,0.0,0.0,0.0,0.0,0.0
2019-03-03,22,0,199,130.0,130.0,0.0,-4137.632518,0.0
2019-03-03,22,0,200,0.0,0.0,0.0,-0.0,0.0
2019-03-03,22,0,204,857.0,857.0,0.0,7649.280416,0.0
2019-03-03,22,0,205,852.76,852.76,0.0,7565.490002,0.0
2019-03-03,22,0,206,539.94,539.94,0.0,5434.679749,0.0
2019-03-03,22,0,210,0.0,0.0,0.0,0.0,0.0
2019-03-03,22,0,214,0.0,0.0,0.0,0.0,0.0
2019-03-03,22,0,217,0.0,0.0,0.0,0.0,0.0
2019-03-03,22,0,218,0.0,0.0,0.0,0.0,0.0
2019-03-03,22,0,219,0.0,0.0,0.0,0.0,0.0
2019-03-03,22,0,221,0.0,0.0,0.0,0.0,0.0
2019-03-03,22,0,225,0.0,0.0,0.0,0.0,0.0
2019-03-03,22,0,233,0.0,0.0,0.0,0.0,0.0
2019-03-03,22,0,236,159.03,159.03,0.0,1288.815541,0.0
2019-03-03,22,0,237,156.6,156.6,0.0,1306.004221,0.0
2019-03-03,22,0,238,0.0,0.0,0.0,0.0,0.0
2019-03-03,22,0,240,0.0,0.0,0.0,0.0,0.0
2019-03-03,22,0,245,260.0,260.0,0.0,1833.057378,0.0
2019-03-03,22,0,247,171.72,171.72,0.0,1210.663896,0.0
2019-03-03,22,0,248,15.72,15.72,0.0,131.100807,0.0
2019-03-03,22,0,249,500.0,500.0,0.0,3525.110343,0.0
2019-03-03,22,0,251,678.68,678.68,0.0,3504.73751,0.0
2019-03-03,22,0,252,267.06,267.06,0.0,1030.368343,0.0
2019-03-03,22,0,254,0.0,0.0,0.0,0.0,0.0
2019-03-03,22,0,255,0.0,0.0,0.0,0.0,0.0
2019-03-03,22,0,258,0.0,0.0,0.0,0.0,0.0
2019-03-03,22,0,260,0.0,0.0,0.0,0.0,0.0
2019-03-03,22,0,265,0.0,0.0,0.0,0.0,0.0
2019-03-03,22,0,266,97.0,97.0,0.0,905.282025,0.0
2019-03-03,22,0,267,119.2,119.2,0.0,1112.470282,0.0
2019-03-03,22,0,270,579.0,579.0,0.0,-579000.0,0.0
2019-03-03,22,0,272,501.3,501.3,0.0,-131447.748924,0.0
2019-03-03,22,0,273,0.0,0.0,0.0,-0.0,0.0
2019-03-03,22,0,274,746.4,746.4,0.0,-746400.0,0.0
2019-03-03,22,0,275,1039.0,1039.0,0.0,-1039000.0,0.0
2019-03-03,22,0,276,0.0,0.0,0.0,-0.0,0.0
2019-03-03,22,0,277,0.0,0.0,0.0,-0.0,0.0
2019-03-03,22,0,278,0.0,0.0,0.0,-0.0,0.0
2019-03-03,22,0,279,264.61,264.61,0.0,-72539.325751,0.0
2019-03-03,22,0,281,16.83,16.83,0.0,169.162229,0.0
2019-03-03,22,0,282,0.0,0.0,0.0,0.0,0.0
2019-03-03,23,0,9,0.0,0.0,0.0,0.0,0.0
2019-03-03,23,0,17,0.0,0.0,0.0,0.0,0.0
2019-03-03,23,0,19,643.3,643.3,0.0,554.98829,0.0
2019-03-03,23,0,20,780.2,780.2,0.0,673.094768,0.0
2019-03-03,23,0,21,0.0,0.0,0.0,0.0,0.0
2019-03-03,23,0,22,0.0,0.0,0.0,0.0,0.0
2019-03-03,23,0,23,108.8,108.8,0.0,905.366658,0.0
2019-03-03,23,0,24,192.5,192.5,0.0,1601.866559,0.0
2019-03-03,23,0,29,0.0,0.0,0.0,0.0,0.0
2019-03-03,23,0,30,0.0,0.0,0.0,0.0,0.0
2019-03-03,23,0,31,37.5,37.5,0.0,312.266126,0.0
2019-03-03,23,0,32,0.0,0.0,0.0,0.0,0.0
2019-03-03,23,0,33,0.0,0.0,0.0,0.0,0.0
2019-03-03,23,0,34,0.0,0.0,0.0,0.0,0.0
2019-03-03,23,0,35,0.0,0.0,0.0,0.0,0.0
2019-03-03,23,0,36,0.0,0.0,0.0,0.0,0.0
2019-03-03,23,0,37,0.0,0.0,0.0,0.0,0.0
2019-03-03,23,0,38,0.0,0.0,0.0,0.0,0.0
2019-03-03,23,0,39,0.0,0.0,0.0,0.0,0.0
2019-03-03,23,0,40,0.0,0.0,0.0,0.0,0.0
2019-03-03,23,0,41,116.0,116.0,0.0,930.600726,0.0
2019-03-03,23,0,42,0.0,0.0,0.0,0.0,0.0
2019-03-03,23,0,43,0.0,0.0,0.0,0.0,0.0
2019-03-03,23,0,46,0.0,0.0,0.0,0.0,0.0
2019-03-03,23,0,52,39.75,39.75,0.0,331.002094,0.0
2019-03-03,23,0,53,63.15,63.15,0.0,525.856157,0.0
2019-03-03,23,0,55,623.0,623.0,0.0,5184.222681,0.0
2019-03-03,23,0,56,0.0,0.0,0.0,0.0,0.0
2019-03-03,23,0,57,0.0,0.0,0.0,0.0,0.0
2019-03-03,23,0,58,0.0,0.0,0.0,0.0,0.0
2019-03-03,23,0,59,0.0,0.0,0.0,0.0,0.0
2019-03-03,23,0,63,170.0,170.0,0.0,19526.000382,0.0
2019-03-03,23,0,64,200.0,200.0,0.0,22971.765156,0.0
2019-03-03,23,0,65,41.4,41.4,0.0,170.41935,0.0
2019-03-03,23,0,67,0.0,0.0,0.0,-0.0,0.0
2019-03-03,23,0,68,10.2,10.2,0.0,-4204.379134,0.0
2019-03-03,23,0,69,0.0,0.0,0.0,0.0,0.0
2019-03-03,23,0,74,65.28,65.28,0.0,495.99593,0.0
2019-03-03,23,0,77,200.0,200.0,0.0,-58352.653947,0.0
2019-03-03,23,0,78,151.2,151.2,0.0,-44114.606384,0.0
2019-03-03,23,0,79,87.5,87.5,0.0,-25529.286102,0.0
2019-03-03,23,0,80,141.5,141.5,0.0,-41284.502667,0.0
2019-03-03,23,0,81,185.0,185.0,0.0,-53976.204901,0.0
2019-03-03,23,0,82,130.5,130.5,0.0,-38075.1067,0.0
2019-03-03,23,0,83,291.0,291.0,0.0,-84903.111493,0.0
2019-03-03,23,0,84,0.0,0.0,0.0,0.0,0.0
2019-03-03,23,0,86,0.0,0.0,0.0,0.0,0.0
2019-03-03,23,0,87,0.0,0.0,0.0,0.0,0.0
2019-03-03,23,0,88,170.6,170.6,0.0,-49774.813817,0.0
2019-03-03,23,0,89,164.0,164.0,0.0,-47849.176236,0.0
2019-03-03,23,0,90,220.2,220.2,0.0,-64246.271995,0.0
2019-03-03,23,0,91,785.5,785.5,0.0,-229180.048376,0.0
2019-03-03,23,0,92,282.5,282.5,0.0,-82423.1237,0.0
2019-03-03,23,0,95,120.0,120.0,0.0,3049.643213,0.0
2019-03-03,23,0,96,29.88,29.88,0.0,248.992021,0.0
2019-03-03,23,0,97,183.75,183.75,0.0,1531.200931,0.0
2019-03-03,23,0,99,12.6,12.6,0.0,95.734509,0.0
2019-03-03,23,0,101,0.0,0.0,0.0,0.0,0.0
2019-03-03,23,0,102,24.15,24.15,0.0,-9954.48589,0.0
2019-03-03,23,0,103,21.0,21.0,0.0,-8656.074687,0.0
2019-03-03,23,0,104,3.9,3.9,0.0,-1607.556728,0.0
2019-03-03,23,0,106,0.0,0.0,0.0,0.0,0.0
2019-03-03,23,0,109,200.0,200.0,0.0,1565.723837,0.0
2019-03-03,23,0,110,338.6,338.6,0.0,-338600.0,0.0
2019-03-03,23,0,111,0.0,0.0,0.0,0.0,0.0
2019-03-03,23,0,113,150.0,150.0,0.0,-39327.45778,0.0
2019-03-03,23,0,115,150.0,150.0,0.0,-39327.45778,0.0
2019-03-03,23,0,116,0.0,0.0,0.0,-0.0,0.0
2019-03-03,23,0,117,10.0,10.0,0.0,-2621.830519,0.0
2019-03-03,23,0,119,200.0,200.0,0.0,22971.765156,0.0
2019-03-03,23,0,120,117.6,117.6,0.0,13507.397912,0.0
2019-03-03,23,0,123,0.0,0.0,0.0,0.0,0.0
2019-03-03,23,0,125,174.2,174.2,0.0,1449.585218,0.0
2019-03-03,23,0,126,0.0,0.0,0.0,0.0,0.0
2019-03-03,23,0,127,0.0,0.0,0.0,0.0,0.0
2019-03-03,23,0,128,249.5,249.5,0.0,2076.185488,0.0
2019-03-03,23,0,131,30.0,30.0,0.0,-11206.496162,0.0
2019-03-03,23,0,132,44.1,44.1,0.0,-16473.549358,0.0
2019-03-03,23,0,133,139.8,139.8,0.0,1098.927409,0.0
2019-03-03,23,0,134,0.0,0.0,0.0,0.0,0.0
2019-03-03,23,0,135,187.33,187.33,0.0,1472.547007,0.0
2019-03-03,23,0,136,45.9,45.9,0.0,197.141894,0.0
2019-03-03,23,0,139,149.8,149.8,0.0,1201.758524,0.0
2019-03-03,23,0,140,250.6,250.6,0.0,-250600.0,0.0
2019-03-03,23,0,141,230.0,230.0,0.0,-128084.979469,0.0
2019-03-03,23,0,142,0.0,0.0,0.0,-0.0,0.0
2019-03-03,23,0,143,71.55,71.55,0.0,595.803769,0.0
2019-03-03,23,0,145,30.0,30.0,0.0,244.260515,0.0
2019-03-03,23,0,146,268.0,268.0,0.0,-268000.0,0.0
2019-03-03,23,0,152,0.0,0.0,0.0,0.0,0.0
2019-03-03,23,0,153,0.0,0.0,0.0,0.0,0.0
2019-03-03,23,0,154,0.0,0.0,0.0,0.0,0.0
2019-03-03,23,0,157,174.48,174.48,0.0,-97166.379208,0.0
2019-03-03,23,0,158,0.0,0.0,0.0,-0.0,0.0
2019-03-03,23,0,159,0.0,0.0,0.0,0.0,0.0
2019-03-03,23,0,160,0.0,0.0,0.0,0.0,0.0
2019-03-03,23,0,161,0.0,0.0,0.0,-0.0,0.0
2019-03-03,23,0,162,48.75,48.75,0.0,1277.078533,0.0
2019-03-03,23,0,163,185.4,185.4,0.0,-185400.0,0.0
2019-03-03,23,0,164,0.0,0.0,0.0,0.0,0.0
2019-03-03,23,0,167,0.0,0.0,0.0,0.0,0.0
2019-03-03,23,0,168,0.0,0.0,0.0,0.0,0.0
2019-03-03,23,0,169,0.0,0.0,0.0,0.0,0.0
2019-03-03,23,0,170,0.0,0.0,0.0,0.0,0.0
2019-03-03,23,0,172,0.0,0.0,0.0,0.0,0.0
2019-03-03,23,0,173,0.0,0.0,0.0,0.0,0.0
2019-03-03,23,0,188,0.0,0.0,0.0,0.0,0.0
2019-03-03,23,0,190,0.0,0.0,0.0,0.0,0.0
2019-03-03,23,0,191,0.0,0.0,0.0,0.0,0.0
2019-03-03,23,0,192,332.6,332.6,0.0,10785.405497,0.0
2019-03-03,23,0,194,176.5,176.5,0.0,-22393.947953,0.0
2019-03-03,23,0,196,0.0,0.0,0.0,0.0,0.0
2019-03-03,23,0,198,0.0,0.0,0.0,0.0,0.0
2019-03-03,23,0,199,95.85,95.85,0.0,-3008.113915,0.0
2019-03-03,23,0,200,0.0,0.0,0.0,-0.0,0.0
2019-03-03,23,0,204,857.0,857.0,0.0,6728.880431,0.0
2019-03-03,23,0,205,1058.0,1058.0,0.0,8282.679099,0.0
2019-03-03,23,0,206,539.94,539.94,0.0,4499.355812,0.0
2019-03-03,23,0,210,0.0,0.0,0.0,0.0,0.0
2019-03-03,23,0,214,0.0,0.0,0.0,0.0,0.0
2019-03-03,23,0,217,0.0,0.0,0.0,0.0,0.0
2019-03-03,23,0,218,0.0,0.0,0.0,0.0,0.0
2019-03-03,23,0,219,0.0,0.0,0.0,0.0,0.0
2019-03-03,23,0,221,0.0,0.0,0.0,0.0,0.0
2019-03-03,23,0,225,0.0,0.0,0.0,0.0,0.0
2019-03-03,23,0,233,0.0,0.0,0.0,0.0,0.0
2019-03-03,23,0,236,159.03,159.03,0.0,1192.587719,0.0
2019-03-03,23,0,237,156.6,156.6,0.0,1189.843177,0.0
2019-03-03,23,0,238,0.0,0.0,0.0,0.0,0.0
2019-03-03,23,0,240,0.0,0.0,0.0,0.0,0.0
2019-03-03,23,0,245,260.0,260.0,0.0,1753.213892,0.0
2019-03-03,23,0,247,171.72,171.72,0.0,1157.930344,0.0
2019-03-03,23,0,248,15.72,15.72,0.0,119.440196,0.0
2019-03-03,23,0,249,500.0,500.0,0.0,3371.565176,0.0
2019-03-03,23,0,251,326.4,326.4,0.0,1687.494471,0.0
2019-03-03,23,0,252,267.06,267.06,0.0,1099.328303,0.0
2019-03-03,23,0,254,0.0,0.0,0.0,0.0,0.0
2019-03-03,23,0,255,0.0,0.0,0.0,0.0,0.0
2019-03-03,23,0,258,0.0,0.0,0.0,0.0,0.0
2019-03-03,23,0,260,0.0,0.0,0.0,0.0,0.0
2019-03-03,23,0,265,0.0,0.0,0.0,0.0,0.0
2019-03-03,23,0,266,97.0,97.0,0.0,778.174745,0.0
2019-03-03,23,0,267,119.2,119.2,0.0,956.27247,0.0
2019-03-03,23,0,270,579.0,579.0,0.0,-579000.0,0.0
2019-03-03,23,0,272,501.3,501.3,0.0,-131432.3639,0.0
2019-03-03,23,0,273,0.0,0.0,0.0,-0.0,0.0
2019-03-03,23,0,274,746.4,746.4,0.0,-746400.0,0.0
2019-03-03,23,0,275,1039.0,1039.0,0.0,-1039000.0,0.0
2019-03-03,23,0,276,0.0,0.0,0.0,-0.0,0.0
2019-03-03,23,0,277,0.0,0.0,0.0,-0.0,0.0
2019-03-03,23,0,278,0.0,0.0,0.0,-0.0,0.0
2019-03-03,23,0,279,264.6,264.6,0.0,-72511.576324,0.0
2019-03-03,23,0,281,16.83,16.83,0.0,140.145038,0.0
2019-03-03,23,0,282,0.0,0.0,0.0,0.0,0.0
2019-03-04,0,0,9,0.0,0.0,0.0,0.0,0.0
2019-03-04,0,0,17,0.0,0.0,0.0,0.0,0.0
2019-03-04,0,0,19,643.3,643.3,0.0,667.785707,0.0
2019-03-04,0,0,20,780.2,780.2,0.0,809.896485,0.0
2019-03-04,0,0,21,0.0,0.0,0.0,0.0,0.0
2019-03-04,0,0,22,0.0,0.0,0.0,0.0,0.0
2019-03-04,0,0,23,108.8,108.8,0.0,671.513151,0.0
2019-03-04,0,0,24,192.5,192.5,0.0,1188.109205,0.0
2019-03-04,0,0,29,0.0,0.0,0.0,0.0,0.0
2019-03-04,0,0,30,0.0,0.0,0.0,0.0,0.0
2019-03-04,0,0,31,37.5,37.5,0.0,230.967434,0.0
2019-03-04,0,0,32,0.0,0.0,0.0,0.0,0.0
2019-03-04,0,0,33,0.0,0.0,0.0,0.0,0.0
2019-03-04,0,0,34,0.0,0.0,0.0,0.0,0.0
2019-03-04,0,0,35,0.0,0.0,0.0,0.0,0.0
2019-03-04,0,0,36,0.0,0.0,0.0,0.0,0.0
2019-03-04,0,0,37,0.0,0.0,0.0,0.0,0.0
2019-03-04,0,0,38,0.0,0.0,0.0,0.0,0.0
2019-03-04,0,0,39,0.0,0.0,0.0,0.0,0.0
2019-03-04,0,0,40,0.0,0.0,0.0,0.0,0.0
2019-03-04,0,0,41,116.0,116.0,0.0,793.49544,0.0
2019-03-04,0,0,42,0.0,0.0,0.0,0.0,0.0
2019-03-04,0,0,43,0.0,0.0,0.0,0.0,0.0
2019-03-04,0,0,46,0.0,0.0,0.0,0.0,0.0
2019-03-04,0,0,52,39.75,39.75,0.0,244.82548,0.0
2019-03-04,0,0,53,63.15,63.15,0.0,388.949158,0.0
2019-03-04,0,0,55,622.97,622.97,0.0,3844.968266,0.0
2019-03-04,0,0,56,0.0,0.0,0.0,0.0,0.0
2019-03-04,0,0,57,0.0,0.0,0.0,0.0,0.0
2019-03-04,0,0,58,0.0,0.0,0.0,0.0,0.0
2019-03-04,0,0,59,0.0,0.0,0.0,0.0,0.0
2019-03-04,0,0,63,170.0,170.0,0.0,19678.441947,0.0
2019-03-04,0,0,64,200.0,200.0,0.0,23151.108173,0.0
2019-03-04,0,0,65,41.4,41.4,0.0,189.213461,0.0
2019-03-04,0,0,67,0.0,0.0,0.0,-0.0,0.0
2019-03-04,0,0,68,10.2,10.2,0.0,-4192.16526,0.0
2019-03-04,0,0,69,0.0,0.0,0.0,0.0,0.0
2019-03-04,0,0,74,65.28,65.28,0.0,507.01301,0.0
2019-03-04,0,0,77,200.0,200.0,0.0,-58040.113604,0.0
2019-03-04,0,0,78,151.2,151.2,0.0,-43878.325885,0.0
2019-03-04,0,0,79,87.5,87.5,0.0,-25392.549702,0.0
2019-03-04,0,0,80,141.5,141.5,0.0,-41063.380375,0.0
2019-03-04,0,0,81,185.0,185.0,0.0,-53687.105084,0.0
2019-03-04,0,0,82,130.5,130.5,0.0,-37871.174127,0.0
2019-03-04,0,0,83,291.0,291.0,0.0,-84448.365294,0.0
2019-03-04,0,0,84,0.0,0.0,0.0,0.0,0.0
2019-03-04,0,0,86,0.0,0.0,0.0,0.0,0.0
2019-03-04,0,0,87,0.0,0.0,0.0,0.0,0.0
2019-03-04,0,0,88,170.6,170.6,0.0,-49508.216905,0.0
2019-03-04,0,0,89,164.0,164.0,0.0,-47592.893156,0.0
2019-03-04,0,0,90,220.2,220.2,0.0,-63902.165078,0.0
2019-03-04,0,0,91,785.5,785.5,0.0,-227952.546181,0.0
2019-03-04,0,0,92,282.5,282.5,0.0,-81981.660466,0.0
2019-03-04,0,0,95,67.44,67.44,0.0,1713.899486,0.0
2019-03-04,0,0,96,29.88,29.88,0.0,183.63313,0.0
2019-03-04,0,0,97,183.75,183.75,0.0,1129.270004,0.0
2019-03-04,0,0,99,12.6,12.6,0.0,97.860967,0.0
2019-03-04,0,0,101,0.0,0.0,0.0,0.0,0.0
2019-03-04,0,0,102,24.15,24.15,0.0,-9925.567749,0.0
2019-03-04,0,0,103,21.0,21.0,0.0,-8630.928477,0.0
2019-03-04,0,0,104,3.9,3.9,0.0,-1602.886717,0.0
2019-03-04,0,0,106,0.0,0.0,0.0,0.0,0.0
2019-03-04,0,0,109,200.0,200.0,0.0,1457.162497,0.0
2019-03-04,0,0,110,338.6,338.6,0.0,-338600.0,0.0
2019-03-04,0,0,111,0.0,0.0,0.0,0.0,0.0
2019-03-04,0,0,113,150.0,150.0,0.0,-39143.09488,0.0
2019-03-04,0,0,115,150.0,150.0,0.0,-39143.09488,0.0
2019-03-04,0,0,116,0.0,0.0,0.0,-0.0,0.0
2019-03-04,0,0,117,10.0,10.0,0.0,-2609.539659,0.0
2019-03-04,0,0,119,200.0,200.0,0.0,23151.108173,0.0
2019-03-04,0,0,120,117.6,117.6,0.0,13612.851606,0.0
2019-03-04,0,0,123,0.0,0.0,0.0,0.0,0.0
2019-03-04,0,0,125,174.2,174.2,0.0,1075.16168,0.0
2019-03-04,0,0,126,0.0,0.0,0.0,0.0,0.0
2019-03-04,0,0,127,0.0,0.0,0.0,0.0,0.0
2019-03-04,0,0,128,249.5,249.5,0.0,1539.912969,0.0
2019-03-04,0,0,131,30.0,30.0,0.0,-11168.211307,0.0
2019-03-04,0,0,132,44.1,44.1,0.0,-16417.270622,0.0
2019-03-04,0,0,133,139.8,139.8,0.0,1213.91719,0.0
2019-03-04,0,0,134,0.0,0.0,0.0,0.0,0.0
2019-03-04,0,0,135,187.33,187.33,0.0,1626.631668,0.0
2019-03-04,0,0,136,45.9,45.9,0.0,218.68092,0.0
2019-03-04,0,0,139,149.8,149.8,0.0,1024.703594,0.0
2019-03-04,0,0,140,250.6,250.6,0.0,-250600.0,0.0
2019-03-04,0,0,141,230.0,230.0,0.0,-127877.365082,0.0
2019-03-04,0,0,142,0.0,0.0,0.0,-0.0,0.0
2019-03-04,0,0,143,181.61,181.61,0.0,1118.559883,0.0
2019-03-04,0,0,145,30.0,30.0,0.0,197.318428,0.0
2019-03-04,0,0,146,226.3,226.3,0.0,-226300.0,0.0
2019-03-04,0,0,152,0.0,0.0,0.0,0.0,0.0
2019-03-04,0,0,153,0.0,0.0,0.0,0.0,0.0
2019-03-04,0,0,154,0.0,0.0,0.0,0.0,0.0
2019-03-04,0,0,157,115.26,115.26,0.0,-64083.239563,0.0
2019-03-04,0,0,158,0.0,0.0,0.0,-0.0,0.0
2019-03-04,0,0,159,0.0,0.0,0.0,0.0,0.0
2019-03-04,0,0,160,0.0,0.0,0.0,0.0,0.0
2019-03-04,0,0,161,0.0,0.0,0.0,-0.0,0.0
2019-03-04,0,0,162,48.75,48.75,0.0,1277.287364,0.0
2019-03-04,0,0,163,185.4,185.4,0.0,-185400.0,0.0
2019-03-04,0,0,164,0.0,0.0,0.0,0.0,0.0
2019-03-04,0,0,167,0.0,0.0,0.0,0.0,0.0
2019-03-04,0,0,168,0.0,0.0,0.0,0.0,0.0
2019-03-04,0,0,169,0.0,0.0,0.0,0.0,0.0
2019-03-04,0,0,170,0.0,0.0,0.0,0.0,0.0
2019-03-04,0,0,172,0.0,0.0,0.0,0.0,0.0
2019-03-04,0,0,173,0.0,0.0,0.0,0.0,0.0
2019-03-04,0,0,188,0.0,0.0,0.0,0.0,0.0
2019-03-04,0,0,190,0.0,0.0,0.0,0.0,0.0
2019-03-04,0,0,191,0.0,0.0,0.0,0.0,0.0
2019-03-04,0,0,192,332.6,332.6,0.0,10785.405497,0.0
2019-03-04,0,0,194,176.5,176.5,0.0,-22193.226565,0.0
2019-03-04,0,0,196,0.0,0.0,0.0,0.0,0.0
2019-03-04,0,0,198,0.0,0.0,0.0,0.0,0.0
2019-03-04,0,0,199,39.0,39.0,0.0,-1112.488815,0.0
2019-03-04,0,0,200,0.0,0.0,0.0,-0.0,0.0
2019-03-04,0,0,204,857.0,857.0,0.0,6200.960019,0.0
2019-03-04,0,0,205,1058.0,1058.0,0.0,7708.389607,0.0
2019-03-04,0,0,206,539.94,539.94,0.0,3318.302292,0.0
2019-03-04,0,0,210,0.0,0.0,0.0,0.0,0.0
2019-03-04,0,0,214,0.0,0.0,0.0,0.0,0.0
2019-03-04,0,0,217,0.0,0.0,0.0,0.0,0.0
2019-03-04,0,0,218,0.0,0.0,0.0,0.0,0.0
2019-03-04,0,0,219,0.0,0.0,0.0,0.0,0.0
2019-03-04,0,0,221,0.0,0.0,0.0,0.0,0.0
2019-03-04,0,0,225,0.0,0.0,0.0,0.0,0.0
2019-03-04,0,0,233,0.0,0.0,0.0,0.0,0.0
2019-03-04,0,0,236,159.03,159.03,0.0,1271.445229,0.0
2019-03-04,0,0,237,156.6,156.6,0.0,1216.272018,0.0
2019-03-04,0,0,238,0.0,0.0,0.0,0.0,0.0
2019-03-04,0,0,240,0.0,0.0,0.0,0.0,0.0
2019-03-04,0,0,245,164.49,164.49,0.0,1240.110918,0.0
2019-03-04,0,0,247,171.72,171.72,0.0,1294.618803,0.0
2019-03-04,0,0,248,15.72,15.72,0.0,122.093206,0.0
2019-03-04,0,0,249,308.16,308.16,0.0,2323.257223,0.0
2019-03-04,0,0,251,326.4,326.4,0.0,1855.93231,0.0
2019-03-04,0,0,252,267.06,267.06,0.0,1220.563936,0.0
2019-03-04,0,0,254,0.0,0.0,0.0,0.0,0.0
2019-03-04,0,0,255,0.0,0.0,0.0,0.0,0.0
2019-03-04,0,0,258,0.0,0.0,0.0,0.0,0.0
2019-03-04,0,0,260,0.0,0.0,0.0,0.0,0.0
2019-03-04,0,0,265,0.0,0.0,0.0,0.0,0.0
2019-03-04,0,0,266,97.0,97.0,0.0,663.52636,0.0
2019-03-04,0,0,267,119.2,119.2,0.0,815.38497,0.0
2019-03-04,0,0,270,579.0,579.0,0.0,-579000.0,0.0
2019-03-04,0,0,272,501.3,501.3,0.0,-130816.223088,0.0
2019-03-04,0,0,273,0.0,0.0,0.0,-0.0,0.0
2019-03-04,0,0,274,746.4,746.4,0.0,-746400.0,0.0
2019-03-04,0,0,275,1039.0,1039.0,0.0,-1039000.0,0.0
2019-03-04,0,0,276,0.0,0.0,0.0,-0.0,0.0
2019-03-04,0,0,277,0.0,0.0,0.0,-0.0,0.0
2019-03-04,0,0,278,0.0,0.0,0.0,-0.0,0.0
2019-03-04,0,0,279,264.6,264.6,0.0,-72150.96941,0.0
2019-03-04,0,0,281,16.83,16.83,0.0,103.658184,0.0
2019-03-04,0,0,282,0.0,0.0,0.0,0.0,0.0
2019-03-04,1,0,9,0.0,0.0,0.0,0.0,0.0
2019-03-04,1,0,17,0.0,0.0,0.0,0.0,0.0
2019-03-04,1,0,19,643.3,643.3,0.0,581.38991,0.0
2019-03-04,1,0,20,780.2,780.2,0.0,705.114888,0.0
2019-03-04,1,0,21,0.0,0.0,0.0,0.0,0.0
2019-03-04,1,0,22,0.0,0.0,0.0,0.0,0.0
2019-03-04,1,0,23,108.8,108.8,0.0,671.747517,0.0
2019-03-04,1,0,24,192.5,192.5,0.0,1188.52387,0.0
2019-03-04,1,0,29,0.0,0.0,0.0,0.0,0.0
2019-03-04,1,0,30,0.0,0.0,0.0,0.0,0.0
2019-03-04,1,0,31,84.11,84.11,0.0,518.044556,0.0
2019-03-04,1,0,32,0.0,0.0,0.0,0.0,0.0
2019-03-04,1,0,33,0.0,0.0,0.0,0.0,0.0
2019-03-04,1,0,34,0.0,0.0,0.0,0.0,0.0
2019-03-04,1,0,35,0.0,0.0,0.0,0.0,0.0
2019-03-04,1,0,36,0.0,0.0,0.0,0.0,0.0
2019-03-04,1,0,37,0.0,0.0,0.0,0.0,0.0
2019-03-04,1,0,38,0.0,0.0,0.0,0.0,0.0
2019-03-04,1,0,39,0.0,0.0,0.0,0.0,0.0
2019-03-04,1,0,40,0.0,0.0,0.0,0.0,0.0
2019-03-04,1,0,41,116.0,116.0,0.0,806.748391,0.0
2019-03-04,1,0,42,0.0,0.0,0.0,0.0,0.0
2019-03-04,1,0,43,0.0,0.0,0.0,0.0,0.0
2019-03-04,1,0,46,0.0,0.0,0.0,0.0,0.0
2019-03-04,1,0,52,89.55,89.55,0.0,551.550231,0.0
2019-03-04,1,0,53,146.38,146.38,0.0,901.573678,0.0
2019-03-04,1,0,55,524.08,524.08,0.0,3235.748518,0.0
2019-03-04,1,0,56,0.0,0.0,0.0,0.0,0.0
2019-03-04,1,0,57,0.0,0.0,0.0,0.0,0.0
2019-03-04,1,0,58,0.0,0.0,0.0,0.0,0.0
2019-03-04,1,0,59,0.0,0.0,0.0,0.0,0.0
2019-03-04,1,0,63,170.0,170.0,0.0,20217.164519,0.0
2019-03-04,1,0,64,200.0,200.0,0.0,23784.899434,0.0
2019-03-04,1,0,65,41.4,41.4,0.0,193.314673,0.0
2019-03-04,1,0,67,0.0,0.0,0.0,-0.0,0.0
2019-03-04,1,0,68,10.2,10.2,0.0,-4174.77304,0.0
2019-03-04,1,0,69,0.0,0.0,0.0,0.0,0.0
2019-03-04,1,0,74,65.28,65.28,0.0,524.660064,0.0
2019-03-04,1,0,77,200.0,200.0,0.0,-57626.418765,0.0
2019-03-04,1,0,78,151.2,151.2,0.0,-43565.572586,0.0
2019-03-04,1,0,79,87.5,87.5,0.0,-25211.55821,0.0
2019-03-04,1,0,80,141.5,141.5,0.0,-40770.691276,0.0
2019-03-04,1,0,81,185.0,185.0,0.0,-53304.437357,0.0
2019-03-04,1,0,82,130.5,130.5,0.0,-37601.238244,0.0
2019-03-04,1,0,83,291.0,291.0,0.0,-83846.439303,0.0
2019-03-04,1,0,84,0.0,0.0,0.0,0.0,0.0
2019-03-04,1,0,86,0.0,0.0,0.0,0.0,0.0
2019-03-04,1,0,87,0.0,0.0,0.0,0.0,0.0
2019-03-04,1,0,88,170.6,170.6,0.0,-49155.335206,0.0
2019-03-04,1,0,89,164.0,164.0,0.0,-47253.663387,0.0
2019-03-04,1,0,90,220.2,220.2,0.0,-63446.68706,0.0
2019-03-04,1,0,91,785.5,785.5,0.0,-226327.759699,0.0
2019-03-04,1,0,92,282.5,282.5,0.0,-81397.316505,0.0
2019-03-04,1,0,95,88.63,88.63,0.0,2252.41565,0.0
2019-03-04,1,0,96,29.88,29.88,0.0,183.565863,0.0
2019-03-04,1,0,97,183.75,183.75,0.0,1128.856337,0.0
2019-03-04,1,0,99,12.6,12.6,0.0,101.267108,0.0
2019-03-04,1,0,101,0.0,0.0,0.0,0.0,0.0
2019-03-04,1,0,102,24.15,24.15,0.0,-9884.389109,0.0
2019-03-04,1,0,103,21.0,21.0,0.0,-8595.120965,0.0
2019-03-04,1,0,104,3.9,3.9,0.0,-1596.236751,0.0
2019-03-04,1,0,106,0.0,0.0,0.0,0.0,0.0
2019-03-04,1,0,109,200.0,200.0,0.0,1494.868039,0.0
2019-03-04,1,0,110,338.6,338.6,0.0,-338600.0,0.0
2019-03-04,1,0,111,0.0,0.0,0.0,0.0,0.0
2019-03-04,1,0,113,84.36,84.36,0.0,-21836.221995,0.0
2019-03-04,1,0,115,84.36,84.36,0.0,-21836.221995,0.0
2019-03-04,1,0,116,0.0,0.0,0.0,-0.0,0.0
2019-03-04,1,0,117,5.76,5.76,0.0,-1490.951146,0.0
2019-03-04,1,0,119,200.0,200.0,0.0,23784.899434,0.0
2019-03-04,1,0,120,117.6,117.6,0.0,13985.520867,0.0
2019-03-04,1,0,123,0.0,0.0,0.0,0.0,0.0
2019-03-04,1,0,125,174.2,174.2,0.0,1075.536925,0.0
2019-03-04,1,0,126,0.0,0.0,0.0,0.0,0.0
2019-03-04,1,0,127,0.0,0.0,0.0,0.0,0.0
2019-03-04,1,0,128,249.5,249.5,0.0,1540.450418,0.0
2019-03-04,1,0,131,30.0,30.0,0.0,-11113.694725,0.0
2019-03-04,1,0,132,44.1,44.1,0.0,-16337.131245,0.0
2019-03-04,1,0,133,139.8,139.8,0.0,1266.210895,0.0
2019-03-04,1,0,134,0.0,0.0,0.0,0.0,0.0
2019-03-04,1,0,135,187.32,187.32,0.0,1696.613911,0.0
2019-03-04,1,0,136,45.9,45.9,0.0,223.81595,0.0
2019-03-04,1,0,139,149.8,149.8,0.0,1041.81818,0.0
2019-03-04,1,0,140,250.6,250.6,0.0,-250600.0,0.0
2019-03-04,1,0,141,230.0,230.0,0.0,-127581.727893,0.0
2019-03-04,1,0,142,0.0,0.0,0.0,-0.0,0.0
2019-03-04,1,0,143,238.49,238.49,0.0,1468.891287,0.0
2019-03-04,1,0,145,30.0,30.0,0.0,199.417671,0.0
2019-03-04,1,0,146,154.07,154.07,0.0,-154070.0,0.0
2019-03-04,1,0,152,0.0,0.0,0.0,0.0,0.0
2019-03-04,1,0,153,0.0,0.0,0.0,0.0,0.0
2019-03-04,1,0,154,0.0,0.0,0.0,0.0,0.0
2019-03-04,1,0,157,71.66,71.66,0.0,-39750.028786,0.0
2019-03-04,1,0,158,0.0,0.0,0.0,-0.0,0.0
2019-03-04,1,0,159,0.0,0.0,0.0,0.0,0.0
2019-03-04,1,0,160,0.0,0.0,0.0,0.0,0.0
2019-03-04,1,0,161,0.0,0.0,0.0,-0.0,0.0
2019-03-04,1,0,162,48.75,48.75,0.0,1276.952042,0.0
2019-03-04,1,0,163,185.4,185.4,0.0,-185400.0,0.0
2019-03-04,1,0,164,0.0,0.0,0.0,0.0,0.0
2019-03-04,1,0,167,0.0,0.0,0.0,0.0,0.0
2019-03-04,1,0,168,0.0,0.0,0.0,0.0,0.0
2019-03-04,1,0,169,0.0,0.0,0.0,0.0,0.0
2019-03-04,1,0,170,0.0,0.0,0.0,0.0,0.0
2019-03-04,1,0,172,0.0,0.0,0.0,0.0,0.0
2019-03-04,1,0,173,0.0,0.0,0.0,0.0,0.0
2019-03-04,1,0,188,0.0,0.0,0.0,0.0,0.0
2019-03-04,1,0,190,0.0,0.0,0.0,0.0,0.0
2019-03-04,1,0,191,0.0,0.0,0.0,0.0,0.0
2019-03-04,1,0,192,332.6,332.6,0.0,10785.405497,0.0
2019-03-04,1,0,194,176.5,176.5,0.0,-21759.414632,0.0
2019-03-04,1,0,196,0.0,0.0,0.0,0.0,0.0
2019-03-04,1,0,198,0.0,0.0,0.0,0.0,0.0
2019-03-04,1,0,199,95.96,95.96,0.0,-2624.53593,0.0
2019-03-04,1,0,200,0.0,0.0,0.0,-0.0,0.0
2019-03-04,1,0,204,857.0,857.0,0.0,6355.281426,0.0
2019-03-04,1,0,205,1058.0,1058.0,0.0,7907.851926,0.0
2019-03-04,1,0,206,539.94,539.94,0.0,3317.086752,0.0
2019-03-04,1,0,210,0.0,0.0,0.0,0.0,0.0
2019-03-04,1,0,214,0.0,0.0,0.0,0.0,0.0
2019-03-04,1,0,217,0.0,0.0,0.0,0.0,0.0
2019-03-04,1,0,218,0.0,0.0,0.0,0.0,0.0
2019-03-04,1,0,219,0.0,0.0,0.0,0.0,0.0
2019-03-04,1,0,221,0.0,0.0,0.0,0.0,0.0
2019-03-04,1,0,225,0.0,0.0,0.0,0.0,0.0
2019-03-04,1,0,233,0.0,0.0,0.0,0.0,0.0
2019-03-04,1,0,236,159.03,159.03,0.0,1320.484308,0.0
2019-03-04,1,0,237,156.6,156.6,0.0,1258.605484,0.0
2019-03-04,1,0,238,0.0,0.0,0.0,0.0,0.0
2019-03-04,1,0,240,0.0,0.0,0.0,0.0,0.0
2019-03-04,1,0,245,0.0,0.0,0.0,0.0,0.0
2019-03-04,1,0,247,171.72,171.72,0.0,1346.6853,0.0
2019-03-04,1,0,248,15.72,15.72,0.0,126.342773,0.0
2019-03-04,1,0,249,0.0,0.0,0.0,0.0,0.0
2019-03-04,1,0,251,326.4,326.4,0.0,1911.696764,0.0
2019-03-04,1,0,252,267.06,267.06,0.0,1247.019721,0.0
2019-03-04,1,0,254,0.0,0.0,0.0,0.0,0.0
2019-03-04,1,0,255,0.0,0.0,0.0,0.0,0.0
2019-03-04,1,0,258,0.0,0.0,0.0,0.0,0.0
2019-03-04,1,0,260,0.0,0.0,0.0,0.0,0.0
2019-03-04,1,0,265,0.0,0.0,0.0,0.0,0.0
2019-03-04,1,0,266,97.0,97.0,0.0,674.608568,0.0
2019-03-04,1,0,267,119.2,119.2,0.0,829.003519,0.0
2019-03-04,1,0,270,579.0,579.0,0.0,-579000.0,0.0
2019-03-04,1,0,272,281.35,281.35,0.0,-72826.233504,0.0
2019-03-04,1,0,273,0.0,0.0,0.0,-0.0,0.0
2019-03-04,1,0,274,746.4,746.4,0.0,-746400.0,0.0
2019-03-04,1,0,275,1039.0,1039.0,0.0,-1039000.0,0.0
2019-03-04,1,0,276,0.0,0.0,0.0,-0.0,0.0
2019-03-04,1,0,277,0.0,0.0,0.0,-0.0,0.0
2019-03-04,1,0,278,0.0,0.0,0.0,-0.0,0.0
2019-03-04,1,0,279,264.6,264.6,0.0,-71597.341097,0.0
2019-03-04,1,0,281,34.73,34.73,0.0,213.906639,0.0
2019-03-04,1,0,282,0.0,0.0,0.0,0.0,0.0
2019-03-04,2,0,9,0.0,0.0,0.0,0.0,0.0
2019-03-04,2,0,17,0.0,0.0,0.0,0.0,0.0
2019-03-04,2,0,19,643.3,643.3,0.0,53.454414,0.0
2019-03-04,2,0,20,780.2,780.2,0.0,64.829992,0.0
2019-03-04,2,0,21,0.0,0.0,0.0,0.0,0.0
2019-03-04,2,0,22,0.0,0.0,0.0,0.0,0.0
2019-03-04,2,0,23,108.8,108.8,0.0,1132.806885,0.0
2019-03-04,2,0,24,192.5,192.5,0.0,2004.276887,0.0
2019-03-04,2,0,29,0.0,0.0,0.0,0.0,0.0
2019-03-04,2,0,30,0.0,0.0,0.0,0.0,0.0
2019-03-04,2,0,31,37.5,37.5,0.0,390.720115,0.0
2019-03-04,2,0,32,0.0,0.0,0.0,0.0,0.0
2019-03-04,2,0,33,0.0,0.0,0.0,0.0,0.0
2019-03-04,2,0,34,0.0,0.0,0.0,0.0,0.0
2019-03-04,2,0,35,0.0,0.0,0.0,0.0,0.0
2019-03-04,2,0,36,0.0,0.0,0.0,0.0,0.0
2019-03-04,2,0,37,0.0,0.0,0.0,0.0,0.0
2019-03-04,2,0,38,0.0,0.0,0.0,0.0,0.0
2019-03-04,2,0,39,0.0,0.0,0.0,0.0,0.0
2019-03-04,2,0,40,0.0,0.0,0.0,0.0,0.0
2019-03-04,2,0,41,116.0,116.0,0.0,1162.97698,0.0
2019-03-04,2,0,42,0.0,0.0,0.0,0.0,0.0
2019-03-04,2,0,43,0.0,0.0,0.0,0.0,0.0
2019-03-04,2,0,46,0.0,0.0,0.0,0.0,0.0
2019-03-04,2,0,52,39.75,39.75,0.0,414.163321,0.0
2019-03-04,2,0,53,63.15,63.15,0.0,657.972673,0.0
2019-03-04,2,0,55,623.0,623.0,0.0,6486.568835,0.0
2019-03-04,2,0,56,0.0,0.0,0.0,0.0,0.0
2019-03-04,2,0,57,0.0,0.0,0.0,0.0,0.0
2019-03-04,2,0,58,0.0,0.0,0.0,0.0,0.0
2019-03-04,2,0,59,0.0,0.0,0.0,0.0,0.0
2019-03-04,2,0,63,170.0,170.0,0.0,20231.132911,0.0
2019-03-04,2,0,64,200.0,200.0,0.0,23801.332837,0.0
2019-03-04,2,0,65,41.4,41.4,0.0,191.680298,0.0
2019-03-04,2,0,67,0.0,0.0,0.0,-0.0,0.0
2019-03-04,2,0,68,10.2,10.2,0.0,-4182.774672,0.0
2019-03-04,2,0,69,0.0,0.0,0.0,0.0,0.0
2019-03-04,2,0,74,65.28,65.28,0.0,618.638749,0.0
2019-03-04,2,0,77,200.0,200.0,0.0,-57844.363392,0.0
2019-03-04,2,0,78,151.2,151.2,0.0,-43730.338725,0.0
2019-03-04,2,0,79,87.5,87.5,0.0,-25306.908984,0.0
2019-03-04,2,0,80,141.5,141.5,0.0,-40924.8871,0.0
2019-03-04,2,0,81,185.0,185.0,0.0,-53506.036138,0.0
2019-03-04,2,0,82,130.5,130.5,0.0,-37743.447114,0.0
2019-03-04,2,0,83,291.0,291.0,0.0,-84163.548736,0.0
2019-03-04,2,0,84,0.0,0.0,0.0,0.0,0.0
2019-03-04,2,0,86,0.0,0.0,0.0,0.0,0.0
2019-03-04,2,0,87,0.0,0.0,0.0,0.0,0.0
2019-03-04,2,0,88,170.6,170.6,0.0,-49341.241974,0.0
2019-03-04,2,0,89,164.0,164.0,0.0,-47432.377982,0.0
2019-03-04,2,0,90,220.2,220.2,0.0,-63686.644095,0.0
2019-03-04,2,0,91,785.5,785.5,0.0,-227183.737224,0.0
2019-03-04,2,0,92,282.5,282.5,0.0,-81705.163292,0.0
2019-03-04,2,0,95,36.0,36.0,0.0,914.892964,0.0
2019-03-04,2,0,96,29.88,29.88,0.0,311.556093,0.0
2019-03-04,2,0,97,183.75,183.75,0.0,1915.944846,0.0
2019-03-04,2,0,99,12.6,12.6,0.0,119.406376,0.0
2019-03-04,2,0,101,0.0,0.0,0.0,0.0,0.0
2019-03-04,2,0,102,24.15,24.15,0.0,-9903.334149,0.0
2019-03-04,2,0,103,21.0,21.0,0.0,-8611.594912,0.0
2019-03-04,2,0,104,3.9,3.9,0.0,-1599.296198,0.0
2019-03-04,2,0,106,0.0,0.0,0.0,0.0,0.0
2019-03-04,2,0,109,195.26,195.26,0.0,1908.806791,0.0
2019-03-04,2,0,110,338.6,338.6,0.0,-338600.0,0.0
2019-03-04,2,0,111,0.0,0.0,0.0,0.0,0.0
2019-03-04,2,0,113,92.76,92.76,0.0,-24071.241774,0.0
2019-03-04,2,0,115,92.76,92.76,0.0,-24071.241774,0.0
2019-03-04,2,0,116,0.0,0.0,0.0,-0.0,0.0
2019-03-04,2,0,117,4.96,4.96,0.0,-1287.121164,0.0
2019-03-04,2,0,119,200.0,200.0,0.0,23801.332837,0.0
2019-03-04,2,0,120,117.6,117.6,0.0,13995.183708,0.0
2019-03-04,2,0,123,0.0,0.0,0.0,0.0,0.0
2019-03-04,2,0,125,174.2,174.2,0.0,1813.740435,0.0
2019-03-04,2,0,126,0.0,0.0,0.0,0.0,0.0
2019-03-04,2,0,127,0.0,0.0,0.0,0.0,0.0
2019-03-04,2,0,128,249.5,249.5,0.0,2597.751082,0.0
2019-03-04,2,0,131,30.0,30.0,0.0,-11138.776146,0.0
2019-03-04,2,0,132,44.1,44.1,0.0,-16374.000935,0.0
2019-03-04,2,0,133,139.8,139.8,0.0,1378.981175,0.0
2019-03-04,2,0,134,0.0,0.0,0.0,0.0,0.0
2019-03-04,2,0,135,187.33,187.33,0.0,1847.815047,0.0
2019-03-04,2,0,136,45.9,45.9,0.0,223.972382,0.0
2019-03-04,2,0,139,149.8,149.8,0.0,1501.84441,0.0
2019-03-04,2,0,140,250.6,250.6,0.0,-250600.0,0.0
2019-03-04,2,0,141,230.0,230.0,0.0,-127717.741573,0.0
2019-03-04,2,0,142,0.0,0.0,0.0,-0.0,0.0
2019-03-04,2,0,143,135.14,135.14,0.0,1408.051101,0.0
2019-03-04,2,0,145,30.0,30.0,0.0,305.408349,0.0
2019-03-04,2,0,146,151.1,151.1,0.0,-151100.0,0.0
2019-03-04,2,0,152,0.0,0.0,0.0,0.0,0.0
2019-03-04,2,0,153,0.0,0.0,0.0,0.0,0.0
2019-03-04,2,0,154,0.0,0.0,0.0,0.0,0.0
2019-03-04,2,0,157,74.55,74.55,0.0,-41397.207105,0.0
2019-03-04,2,0,158,0.0,0.0,0.0,-0.0,0.0
2019-03-04,2,0,159,0.0,0.0,0.0,0.0,0.0
2019-03-04,2,0,160,0.0,0.0,0.0,0.0,0.0
2019-03-04,2,0,161,0.0,0.0,0.0,-0.0,0.0
2019-03-04,2,0,162,48.75,48.75,0.0,1276.615893,0.0
2019-03-04,2,0,163,185.4,185.4,0.0,-185400.0,0.0
2019-03-04,2,0,164,0.0,0.0,0.0,0.0,0.0
2019-03-04,2,0,167,0.0,0.0,0.0,0.0,0.0
2019-03-04,2,0,168,0.0,0.0,0.0,0.0,0.0
2019-03-04,2,0,169,0.0,0.0,0.0,0.0,0.0
2019-03-04,2,0,170,0.0,0.0,0.0,0.0,0.0
2019-03-04,2,0,172,0.0,0.0,0.0,0.0,0.0
2019-03-04,2,0,173,0.0,0.0,0.0,0.0,0.0
2019-03-04,2,0,188,0.0,0.0,0.0,0.0,0.0
2019-03-04,2,0,190,0.0,0.0,0.0,0.0,0.0
2019-03-04,2,0,191,0.0,0.0,0.0,0.0,0.0
2019-03-04,2,0,192,332.6,332.6,0.0,10785.405497,0.0
2019-03-04,2,0,194,176.5,176.5,0.0,-21828.650518,0.0
2019-03-04,2,0,196,0.0,0.0,0.0,0.0,0.0
2019-03-04,2,0,198,0.0,0.0,0.0,0.0,0.0
2019-03-04,2,0,199,39.0,39.0,0.0,-1143.86089,0.0
2019-03-04,2,0,200,0.0,0.0,0.0,-0.0,0.0
2019-03-04,2,0,204,857.0,857.0,0.0,8403.343991,0.0
2019-03-04,2,0,205,958.56,958.56,0.0,9370.612708,0.0
2019-03-04,2,0,206,539.94,539.94,0.0,5629.906179,0.0
2019-03-04,2,0,210,0.0,0.0,0.0,0.0,0.0
2019-03-04,2,0,214,0.0,0.0,0.0,0.0,0.0
2019-03-04,2,0,217,0.0,0.0,0.0,0.0,0.0
2019-03-04,2,0,218,0.0,0.0,0.0,0.0,0.0
2019-03-04,2,0,219,0.0,0.0,0.0,0.0,0.0
2019-03-04,2,0,221,0.0,0.0,0.0,0.0,0.0
2019-03-04,2,0,225,0.0,0.0,0.0,0.0,0.0
2019-03-04,2,0,233,0.0,0.0,0.0,0.0,0.0
2019-03-04,2,0,236,159.03,159.03,0.0,1486.812579,0.0
2019-03-04,2,0,237,156.6,156.6,0.0,1484.050676,0.0
2019-03-04,2,0,238,0.0,0.0,0.0,0.0,0.0
2019-03-04,2,0,240,0.0,0.0,0.0,0.0,0.0
2019-03-04,2,0,245,78.01,78.01,0.0,647.826021,0.0
2019-03-04,2,0,247,171.72,171.72,0.0,1426.031078,0.0
2019-03-04,2,0,248,15.72,15.72,0.0,148.973669,0.0
2019-03-04,2,0,249,150.01,150.01,0.0,1245.742616,0.0
2019-03-04,2,0,251,326.4,326.4,0.0,1991.506701,0.0
2019-03-04,2,0,252,267.06,267.06,0.0,1236.47682,0.0
2019-03-04,2,0,254,0.0,0.0,0.0,0.0,0.0
2019-03-04,2,0,255,0.0,0.0,0.0,0.0,0.0
2019-03-04,2,0,258,0.0,0.0,0.0,0.0,0.0
2019-03-04,2,0,260,0.0,0.0,0.0,0.0,0.0
2019-03-04,2,0,265,0.0,0.0,0.0,0.0,0.0
2019-03-04,2,0,266,97.0,97.0,0.0,972.489371,0.0
2019-03-04,2,0,267,119.2,119.2,0.0,1195.059103,0.0
2019-03-04,2,0,270,579.0,579.0,0.0,-579000.0,0.0
2019-03-04,2,0,272,400.13,400.13,0.0,-103833.828924,0.0
2019-03-04,2,0,273,0.0,0.0,0.0,-0.0,0.0
2019-03-04,2,0,274,746.39,746.39,0.0,-746390.0,0.0
2019-03-04,2,0,275,1038.99,1038.99,0.0,-1038990.0,0.0
2019-03-04,2,0,276,0.0,0.0,0.0,-0.0,0.0
2019-03-04,2,0,277,0.0,0.0,0.0,-0.0,0.0
2019-03-04,2,0,278,0.0,0.0,0.0,-0.0,0.0
2019-03-04,2,0,279,264.6,264.6,0.0,-71816.699183,0.0
2019-03-04,2,0,281,16.83,16.83,0.0,175.355187,0.0
2019-03-04,2,0,282,0.0,0.0,0.0,0.0,0.0
2019-03-04,3,0,9,0.0,0.0,0.0,0.0,0.0
2019-03-04,3,0,17,0.0,0.0,0.0,0.0,0.0
2019-03-04,3,0,19,643.3,643.3,0.0,85.269265,0.0
2019-03-04,3,0,20,780.2,780.2,0.0,103.415328,0.0
2019-03-04,3,0,21,0.0,0.0,0.0,0.0,0.0
2019-03-04,3,0,22,0.0,0.0,0.0,0.0,0.0
2019-03-04,3,0,23,108.8,108.8,0.0,1132.773265,0.0
2019-03-04,3,0,24,192.5,192.5,0.0,2004.217403,0.0
2019-03-04,3,0,29,0.0,0.0,0.0,0.0,0.0
2019-03-04,3,0,30,0.0,0.0,0.0,0.0,0.0
2019-03-04,3,0,31,37.5,37.5,0.0,390.708417,0.0
2019-03-04,3,0,32,0.0,0.0,0.0,0.0,0.0
2019-03-04,3,0,33,0.0,0.0,0.0,0.0,0.0
2019-03-04,3,0,34,0.0,0.0,0.0,0.0,0.0
2019-03-04,3,0,35,0.0,0.0,0.0,0.0,0.0
2019-03-04,3,0,36,0.0,0.0,0.0,0.0,0.0
2019-03-04,3,0,37,0.0,0.0,0.0,0.0,0.0
2019-03-04,3,0,38,0.0,0.0,0.0,0.0,0.0
2019-03-04,3,0,39,0.0,0.0,0.0,0.0,0.0
2019-03-04,3,0,40,0.0,0.0,0.0,0.0,0.0
2019-03-04,3,0,41,116.0,116.0,0.0,1162.96012,0.0
2019-03-04,3,0,42,0.0,0.0,0.0,0.0,0.0
2019-03-04,3,0,43,0.0,0.0,0.0,0.0,0.0
2019-03-04,3,0,46,0.0,0.0,0.0,0.0,0.0
2019-03-04,3,0,52,39.75,39.75,0.0,414.150922,0.0
2019-03-04,3,0,53,63.15,63.15,0.0,657.952974,0.0
2019-03-04,3,0,55,623.0,623.0,0.0,6486.376323,0.0
2019-03-04,3,0,56,0.0,0.0,0.0,0.0,0.0
2019-03-04,3,0,57,0.0,0.0,0.0,0.0,0.0
2019-03-04,3,0,58,0.0,0.0,0.0,0.0,0.0
2019-03-04,3,0,59,0.0,0.0,0.0,0.0,0.0
2019-03-04,3,0,63,170.0,170.0,0.0,20489.645776,0.0
2019-03-04,3,0,64,200.0,200.0,0.0,24105.465619,0.0
2019-03-04,3,0,65,41.4,41.4,0.0,192.716928,0.0
2019-03-04,3,0,67,0.0,0.0,0.0,-0.0,0.0
2019-03-04,3,0,68,10.2,10.2,0.0,-4174.900364,0.0
2019-03-04,3,0,69,0.0,0.0,0.0,0.0,0.0
2019-03-04,3,0,74,65.28,65.28,0.0,618.647545,0.0
2019-03-04,3,0,77,200.0,200.0,0.0,-57658.318388,0.0
2019-03-04,3,0,78,151.2,151.2,0.0,-43589.688702,0.0
2019-03-04,3,0,79,87.5,87.5,0.0,-25225.514295,0.0
2019-03-04,3,0,80,141.5,141.5,0.0,-40793.26026,0.0
2019-03-04,3,0,81,185.0,185.0,0.0,-53333.944509,0.0
2019-03-04,3,0,82,130.5,130.5,0.0,-37622.052748,0.0
2019-03-04,3,0,83,291.0,291.0,0.0,-83892.853255,0.0
2019-03-04,3,0,84,0.0,0.0,0.0,0.0,0.0
2019-03-04,3,0,86,0.0,0.0,0.0,0.0,0.0
2019-03-04,3,0,87,0.0,0.0,0.0,0.0,0.0
2019-03-04,3,0,88,170.6,170.6,0.0,-49182.545585,0.0
2019-03-04,3,0,89,164.0,164.0,0.0,-47279.821078,0.0
2019-03-04,3,0,90,220.2,220.2,0.0,-63481.808546,0.0
2019-03-04,3,0,91,785.5,785.5,0.0,-226453.04547,0.0
2019-03-04,3,0,92,282.5,282.5,0.0,-81442.374724,0.0
2019-03-04,3,0,95,36.0,36.0,0.0,914.892964,0.0
2019-03-04,3,0,96,29.88,29.88,0.0,311.54668,0.0
2019-03-04,3,0,97,183.75,183.75,0.0,1915.886964,0.0
2019-03-04,3,0,99,12.6,12.6,0.0,119.408074,0.0
2019-03-04,3,0,101,0.0,0.0,0.0,0.0,0.0
2019-03-04,3,0,102,24.15,24.15,0.0,-9884.690567,0.0
2019-03-04,3,0,103,21.0,21.0,0.0,-8595.383102,0.0
2019-03-04,3,0,104,3.9,3.9,0.0,-1596.285433,0.0
2019-03-04,3,0,106,0.0,0.0,0.0,0.0,0.0
2019-03-04,3,0,109,200.0,200.0,0.0,1955.130821,0.0
2019-03-04,3,0,110,338.6,338.6,0.0,-338600.0,0.0
2019-03-04,3,0,111,0.0,0.0,0.0,0.0,0.0
2019-03-04,3,0,113,78.82,78.82,0.0,-20377.443468,0.0
2019-03-04,3,0,115,78.82,78.82,0.0,-20377.443468,0.0
2019-03-04,3,0,116,0.0,0.0,0.0,-0.0,0.0
2019-03-04,3,0,117,4.05,4.05,0.0,-1047.052094,0.0
2019-03-04,3,0,119,200.0,200.0,0.0,24105.465619,0.0
2019-03-04,3,0,120,117.6,117.6,0.0,14174.013784,0.0
2019-03-04,3,0,123,0.0,0.0,0.0,0.0,0.0
2019-03-04,3,0,125,174.2,174.2,0.0,1813.686606,0.0
2019-03-04,3,0,126,0.0,0.0,0.0,0.0,0.0
2019-03-04,3,0,127,0.0,0.0,0.0,0.0,0.0
2019-03-04,3,0,128,249.5,249.5,0.0,2597.673985,0.0
2019-03-04,3,0,131,30.0,30.0,0.0,-11114.093826,0.0
2019-03-04,3,0,132,44.1,44.1,0.0,-16337.717924,0.0
2019-03-04,3,0,133,78.86,78.86,0.0,777.622523,0.0
2019-03-04,3,0,134,0.0,0.0,0.0,0.0,0.0
2019-03-04,3,0,135,105.53,105.53,0.0,1040.610004,0.0
2019-03-04,3,0,136,45.9,45.9,0.0,225.060165,0.0
2019-03-04,3,0,139,149.8,149.8,0.0,1501.822638,0.0
2019-03-04,3,0,140,250.6,250.6,0.0,-250600.0,0.0
2019-03-04,3,0,141,230.0,230.0,0.0,-127583.892175,0.0
2019-03-04,3,0,142,0.0,0.0,0.0,-0.0,0.0
2019-03-04,3,0,143,71.55,71.55,0.0,745.471659,0.0
2019-03-04,3,0,145,30.0,30.0,0.0,305.401759,0.0
2019-03-04,3,0,146,159.48,159.48,0.0,-159480.0,0.0
2019-03-04,3,0,152,0.0,0.0,0.0,0.0,0.0
2019-03-04,3,0,153,0.0,0.0,0.0,0.0,0.0
2019-03-04,3,0,154,0.0,0.0,0.0,0.0,0.0
2019-03-04,3,0,157,79.88,79.88,0.0,-44310.440465,0.0
2019-03-04,3,0,158,0.0,0.0,0.0,-0.0,0.0
2019-03-04,3,0,159,0.0,0.0,0.0,0.0,0.0
2019-03-04,3,0,160,0.0,0.0,0.0,0.0,0.0
2019-03-04,3,0,161,0.0,0.0,0.0,-0.0,0.0
2019-03-04,3,0,162,48.75,48.75,0.0,1276.433361,0.0
2019-03-04,3,0,163,185.4,185.4,0.0,-185400.0,0.0
2019-03-04,3,0,164,0.0,0.0,0.0,0.0,0.0
2019-03-04,3,0,167,0.0,0.0,0.0,0.0,0.0
2019-03-04,3,0,168,0.0,0.0,0.0,0.0,0.0
2019-03-04,3,0,169,0.0,0.0,0.0,0.0,0.0
2019-03-04,3,0,170,0.0,0.0,0.0,0.0,0.0
2019-03-04,3,0,172,0.0,0.0,0.0,0.0,0.0
2019-03-04,3,0,173,0.0,0.0,0.0,0.0,0.0
2019-03-04,3,0,188,0.0,0.0,0.0,0.0,0.0
2019-03-04,3,0,190,0.0,0.0,0.0,0.0,0.0
2019-03-04,3,0,191,0.0,0.0,0.0,0.0,0.0
2019-03-04,3,0,192,332.6,332.6,0.0,10785.405497,0.0
2019-03-04,3,0,194,176.5,176.5,0.0,-21626.319761,0.0
2019-03-04,3,0,196,0.0,0.0,0.0,0.0,0.0
2019-03-04,3,0,198,0.0,0.0,0.0,0.0,0.0
2019-03-04,3,0,199,39.0,39.0,0.0,-1131.127582,0.0
2019-03-04,3,0,200,0.0,0.0,0.0,-0.0,0.0
2019-03-04,3,0,204,857.0,857.0,0.0,8403.275517,0.0
2019-03-04,3,0,205,1058.0,1058.0,0.0,10342.642042,0.0
2019-03-04,3,0,206,539.94,539.94,0.0,5629.736094,0.0
2019-03-04,3,0,210,0.0,0.0,0.0,0.0,0.0
2019-03-04,3,0,214,0.0,0.0,0.0,0.0,0.0
2019-03-04,3,0,217,0.0,0.0,0.0,0.0,0.0
2019-03-04,3,0,218,0.0,0.0,0.0,0.0,0.0
2019-03-04,3,0,219,0.0,0.0,0.0,0.0,0.0
2019-03-04,3,0,221,0.0,0.0,0.0,0.0,0.0
2019-03-04,3,0,225,0.0,0.0,0.0,0.0,0.0
2019-03-04,3,0,233,0.0,0.0,0.0,0.0,0.0
2019-03-04,3,0,236,159.03,159.03,0.0,1486.840194,0.0
2019-03-04,3,0,237,156.6,156.6,0.0,1484.071776,0.0
2019-03-04,3,0,238,0.0,0.0,0.0,0.0,0.0
2019-03-04,3,0,240,0.0,0.0,0.0,0.0,0.0
2019-03-04,3,0,245,78.0,78.0,0.0,648.139427,0.0
2019-03-04,3,0,247,171.72,171.72,0.0,1426.903878,0.0
2019-03-04,3,0,248,15.72,15.72,0.0,148.975787,0.0
2019-03-04,3,0,249,150.0,150.0,0.0,1246.421976,0.0
2019-03-04,3,0,251,326.4,326.4,0.0,1997.118109,0.0
2019-03-04,3,0,252,267.06,267.06,0.0,1243.163836,0.0
2019-03-04,3,0,254,0.0,0.0,0.0,0.0,0.0
2019-03-04,3,0,255,0.0,0.0,0.0,0.0,0.0
2019-03-04,3,0,258,0.0,0.0,0.0,0.0,0.0
2019-03-04,3,0,260,0.0,0.0,0.0,0.0,0.0
2019-03-04,3,0,265,0.0,0.0,0.0,0.0,0.0
2019-03-04,3,0,266,97.0,97.0,0.0,972.475273,0.0
2019-03-04,3,0,267,119.2,119.2,0.0,1195.041778,0.0
2019-03-04,3,0,270,579.0,579.0,0.0,-579000.0,0.0
2019-03-04,3,0,272,321.97,321.97,0.0,-83239.348814,0.0
2019-03-04,3,0,273,0.0,0.0,0.0,-0.0,0.0
2019-03-04,3,0,274,746.4,746.4,0.0,-746400.0,0.0
2019-03-04,3,0,275,1039.0,1039.0,0.0,-1039000.0,0.0
2019-03-04,3,0,276,0.0,0.0,0.0,-0.0,0.0
2019-03-04,3,0,277,0.0,0.0,0.0,-0.0,0.0
2019-03-04,3,0,278,0.0,0.0,0.0,-0.0,0.0
2019-03-04,3,0,279,264.6,264.6,0.0,-71564.438348,0.0
2019-03-04,3,0,281,16.83,16.83,0.0,175.349937,0.0
2019-03-04,3,0,282,0.0,0.0,0.0,0.0,0.0
2019-03-04,4,0,9,0.0,0.0,0.0,0.0,0.0
2019-03-04,4,0,17,0.0,0.0,0.0,0.0,0.0
2019-03-04,4,0,19,643.3,643.3,0.0,504.168296,0.0
2019-03-04,4,0,20,780.2,780.2,0.0,611.459824,0.0
2019-03-04,4,0,21,0.0,0.0,0.0,0.0,0.0
2019-03-04,4,0,22,0.0,0.0,0.0,0.0,0.0
2019-03-04,4,0,23,98.16,98.16,0.0,799.529458,0.0
2019-03-04,4,0,24,162.22,162.22,0.0,1321.308767,0.0
2019-03-04,4,0,29,0.0,0.0,0.0,0.0,0.0
2019-03-04,4,0,30,0.0,0.0,0.0,0.0,0.0
2019-03-04,4,0,31,37.5,37.5,0.0,305.401675,0.0
2019-03-04,4,0,32,0.0,0.0,0.0,0.0,0.0
2019-03-04,4,0,33,0.0,0.0,0.0,0.0,0.0
2019-03-04,4,0,34,0.0,0.0,0.0,0.0,0.0
2019-03-04,4,0,35,0.0,0.0,0.0,0.0,0.0
2019-03-04,4,0,36,0.0,0.0,0.0,0.0,0.0
2019-03-04,4,0,37,0.0,0.0,0.0,0.0,0.0
2019-03-04,4,0,38,0.0,0.0,0.0,0.0,0.0
2019-03-04,4,0,39,0.0,0.0,0.0,0.0,0.0
2019-03-04,4,0,40,0.0,0.0,0.0,0.0,0.0
2019-03-04,4,0,41,116.0,116.0,0.0,951.419408,0.0
2019-03-04,4,0,42,0.0,0.0,0.0,0.0,0.0
2019-03-04,4,0,43,0.0,0.0,0.0,0.0,0.0
2019-03-04,4,0,46,0.0,0.0,0.0,0.0,0.0
2019-03-04,4,0,52,39.75,39.75,0.0,323.725775,0.0
2019-03-04,4,0,53,63.15,63.15,0.0,514.29642,0.0
2019-03-04,4,0,55,623.0,623.0,0.0,5074.438183,0.0
2019-03-04,4,0,56,0.0,0.0,0.0,0.0,0.0
2019-03-04,4,0,57,0.0,0.0,0.0,0.0,0.0
2019-03-04,4,0,58,0.0,0.0,0.0,0.0,0.0
2019-03-04,4,0,59,0.0,0.0,0.0,0.0,0.0
2019-03-04,4,0,63,170.0,170.0,0.0,21853.037056,0.0
2019-03-04,4,0,64,200.0,200.0,0.0,25709.45536,0.0
2019-03-04,4,0,65,41.4,41.4,0.0,186.928553,0.0
2019-03-04,4,0,67,0.0,0.0,0.0,-0.0,0.0
2019-03-04,4,0,68,10.2,10.2,0.0,-4130.461422,0.0
2019-03-04,4,0,69,0.0,0.0,0.0,0.0,0.0
2019-03-04,4,0,74,65.28,65.28,0.0,540.078226,0.0
2019-03-04,4,0,77,200.0,200.0,0.0,-56597.429512,0.0
2019-03-04,4,0,78,151.2,151.2,0.0,-42787.656711,0.0
2019-03-04,4,0,79,87.5,87.5,0.0,-24761.375412,0.0
2019-03-04,4,0,80,141.5,141.5,0.0,-40042.68138,0.0
2019-03-04,4,0,81,185.0,185.0,0.0,-52352.622299,0.0
2019-03-04,4,0,82,130.5,130.5,0.0,-36929.822757,0.0
2019-03-04,4,0,83,291.0,291.0,0.0,-82349.25994,0.0
2019-03-04,4,0,84,0.0,0.0,0.0,0.0,0.0
2019-03-04,4,0,86,0.0,0.0,0.0,0.0,0.0
2019-03-04,4,0,87,0.0,0.0,0.0,0.0,0.0
2019-03-04,4,0,88,170.6,170.6,0.0,-48277.607374,0.0
2019-03-04,4,0,89,164.0,164.0,0.0,-46409.8922,0.0
2019-03-04,4,0,90,220.2,220.2,0.0,-62313.769893,0.0
2019-03-04,4,0,91,785.5,785.5,0.0,-222286.404408,0.0
2019-03-04,4,0,92,282.5,282.5,0.0,-79943.869186,0.0
2019-03-04,4,0,95,84.17,84.17,0.0,2139.070577,0.0
2019-03-04,4,0,96,29.88,29.88,0.0,243.309049,0.0
2019-03-04,4,0,97,183.75,183.75,0.0,1496.25294,0.0
2019-03-04,4,0,99,12.6,12.6,0.0,104.24304,0.0
2019-03-04,4,0,101,0.0,0.0,0.0,0.0,0.0
2019-03-04,4,0,102,24.15,24.15,0.0,-9779.474837,0.0
2019-03-04,4,0,103,21.0,21.0,0.0,-8503.891162,0.0
2019-03-04,4,0,104,3.9,3.9,0.0,-1579.294073,0.0
2019-03-04,4,0,106,0.0,0.0,0.0,0.0,0.0
2019-03-04,4,0,109,200.0,200.0,0.0,1648.698227,0.0
2019-03-04,4,0,110,338.6,338.6,0.0,-338600.0,0.0
2019-03-04,4,0,111,0.0,0.0,0.0,0.0,0.0
2019-03-04,4,0,113,45.0,45.0,0.0,-11393.484071,0.0
2019-03-04,4,0,115,45.0,45.0,0.0,-11393.484071,0.0
2019-03-04,4,0,116,0.0,0.0,0.0,-0.0,0.0
2019-03-04,4,0,117,3.0,3.0,0.0,-759.565605,0.0
2019-03-04,4,0,119,200.0,200.0,0.0,25709.45536,0.0
2019-03-04,4,0,120,117.6,117.6,0.0,15117.159752,0.0
2019-03-04,4,0,123,0.0,0.0,0.0,0.0,0.0
2019-03-04,4,0,125,148.85,148.85,0.0,1212.407903,0.0
2019-03-04,4,0,126,0.0,0.0,0.0,0.0,0.0
2019-03-04,4,0,127,0.0,0.0,0.0,0.0,0.0
2019-03-04,4,0,128,202.15,202.15,0.0,1646.545231,0.0
2019-03-04,4,0,131,30.0,30.0,0.0,-10974.798256,0.0
2019-03-04,4,0,132,44.1,44.1,0.0,-16132.953436,0.0
2019-03-04,4,0,133,111.41,111.41,0.0,983.59264,0.0
2019-03-04,4,0,134,0.0,0.0,0.0,0.0,0.0
2019-03-04,4,0,135,153.69,153.69,0.0,1356.865208,0.0
2019-03-04,4,0,136,45.9,45.9,0.0,216.649473,0.0
2019-03-04,4,0,139,149.8,149.8,0.0,1228.643339,0.0
2019-03-04,4,0,140,250.6,250.6,0.0,-250600.0,0.0
2019-03-04,4,0,141,230.0,230.0,0.0,-126828.508238,0.0
2019-03-04,4,0,142,0.0,0.0,0.0,-0.0,0.0
2019-03-04,4,0,143,71.55,71.55,0.0,582.706395,0.0
2019-03-04,4,0,145,30.0,30.0,0.0,245.426923,0.0
2019-03-04,4,0,146,178.82,178.82,0.0,-178820.0,0.0
2019-03-04,4,0,152,0.0,0.0,0.0,0.0,0.0
2019-03-04,4,0,153,0.0,0.0,0.0,0.0,0.0
2019-03-04,4,0,154,0.0,0.0,0.0,0.0,0.0
2019-03-04,4,0,157,88.52,88.52,0.0,-48812.432823,0.0
2019-03-04,4,0,158,0.0,0.0,0.0,-0.0,0.0
2019-03-04,4,0,159,0.0,0.0,0.0,0.0,0.0
2019-03-04,4,0,160,0.0,0.0,0.0,0.0,0.0
2019-03-04,4,0,161,0.0,0.0,0.0,-0.0,0.0
2019-03-04,4,0,162,48.75,48.75,0.0,1275.572088,0.0
2019-03-04,4,0,163,185.4,185.4,0.0,-185400.0,0.0
2019-03-04,4,0,164,0.0,0.0,0.0,0.0,0.0
2019-03-04,4,0,167,0.0,0.0,0.0,0.0,0.0
2019-03-04,4,0,168,0.0,0.0,0.0,0.0,0.0
2019-03-04,4,0,169,0.0,0.0,0.0,0.0,0.0
2019-03-04,4,0,170,0.0,0.0,0.0,0.0,0.0
2019-03-04,4,0,172,0.0,0.0,0.0,0.0,0.0
2019-03-04,4,0,173,0.0,0.0,0.0,0.0,0.0
2019-03-04,4,0,188,0.0,0.0,0.0,0.0,0.0
2019-03-04,4,0,190,0.0,0.0,0.0,0.0,0.0
2019-03-04,4,0,191,0.0,0.0,0.0,0.0,0.0
2019-03-04,4,0,192,332.6,332.6,0.0,10785.405497,0.0
2019-03-04,4,0,194,176.5,176.5,0.0,-20536.081794,0.0
2019-03-04,4,0,196,0.0,0.0,0.0,0.0,0.0
2019-03-04,4,0,198,0.0,0.0,0.0,0.0,0.0
2019-03-04,4,0,199,39.0,39.0,0.0,-1053.487886,0.0
2019-03-04,4,0,200,0.0,0.0,0.0,-0.0,0.0
2019-03-04,4,0,204,857.0,857.0,0.0,7061.401836,0.0
2019-03-04,4,0,205,1058.0,1058.0,0.0,8721.613619,0.0
2019-03-04,4,0,206,539.94,539.94,0.0,4396.662924,0.0
2019-03-04,4,0,210,0.0,0.0,0.0,0.0,0.0
2019-03-04,4,0,214,0.0,0.0,0.0,0.0,0.0
2019-03-04,4,0,217,0.0,0.0,0.0,0.0,0.0
2019-03-04,4,0,218,0.0,0.0,0.0,0.0,0.0
2019-03-04,4,0,219,0.0,0.0,0.0,0.0,0.0
2019-03-04,4,0,221,0.0,0.0,0.0,0.0,0.0
2019-03-04,4,0,225,0.0,0.0,0.0,0.0,0.0
2019-03-04,4,0,233,0.0,0.0,0.0,0.0,0.0
2019-03-04,4,0,236,159.03,159.03,0.0,1319.142696,0.0
2019-03-04,4,0,237,156.6,156.6,0.0,1295.592068,0.0
2019-03-04,4,0,238,0.0,0.0,0.0,0.0,0.0
2019-03-04,4,0,240,0.0,0.0,0.0,0.0,0.0
2019-03-04,4,0,245,78.0,78.0,0.0,590.828975,0.0
2019-03-04,4,0,247,171.72,171.72,0.0,1300.732713,0.0
2019-03-04,4,0,248,15.72,15.72,0.0,130.055602,0.0
2019-03-04,4,0,249,150.0,150.0,0.0,1136.209568,0.0
2019-03-04,4,0,251,326.4,326.4,0.0,1864.45613,0.0
2019-03-04,4,0,252,267.06,267.06,0.0,1205.824621,0.0
2019-03-04,4,0,254,0.0,0.0,0.0,0.0,0.0
2019-03-04,4,0,255,0.0,0.0,0.0,0.0,0.0
2019-03-04,4,0,258,0.0,0.0,0.0,0.0,0.0
2019-03-04,4,0,260,0.0,0.0,0.0,0.0,0.0
2019-03-04,4,0,265,0.0,0.0,0.0,0.0,0.0
2019-03-04,4,0,266,97.0,97.0,0.0,795.58347,0.0
2019-03-04,4,0,267,119.2,119.2,0.0,977.665461,0.0
2019-03-04,4,0,270,579.0,579.0,0.0,-579000.0,0.0
2019-03-04,4,0,272,150.39,150.39,0.0,-38077.023767,0.0
2019-03-04,4,0,273,0.0,0.0,0.0,-0.0,0.0
2019-03-04,4,0,274,746.4,746.4,0.0,-746400.0,0.0
2019-03-04,4,0,275,1039.0,1039.0,0.0,-1039000.0,0.0
2019-03-04,4,0,276,0.0,0.0,0.0,-0.0,0.0
2019-03-04,4,0,277,0.0,0.0,0.0,-0.0,0.0
2019-03-04,4,0,278,0.0,0.0,0.0,-0.0,0.0
2019-03-04,4,0,279,264.6,264.6,0.0,-70154.794984,0.0
2019-03-04,4,0,281,16.83,16.83,0.0,137.064272,0.0
2019-03-04,4,0,282,0.0,0.0,0.0,0.0,0.0
2019-03-04,5,0,9,0.0,0.0,0.0,0.0,0.0
2019-03-04,5,0,17,0.0,0.0,0.0,0.0,0.0
2019-03-04,5,0,19,643.3,643.3,0.0,219.871315,0.0
2019-03-04,5,0,20,780.2,780.2,0.0,266.661899,0.0
2019-03-04,5,0,21,0.0,0.0,0.0,0.0,0.0
2019-03-04,5,0,22,0.0,0.0,0.0,0.0,0.0
2019-03-04,5,0,23,108.8,108.8,0.0,1233.932587,0.0
2019-03-04,5,0,24,192.5,192.5,0.0,2183.198741,0.0
2019-03-04,5,0,29,0.0,0.0,0.0,0.0,0.0
2019-03-04,5,0,30,0.0,0.0,0.0,0.0,0.0
2019-03-04,5,0,31,37.5,37.5,0.0,425.917401,0.0
2019-03-04,5,0,32,0.0,0.0,0.0,0.0,0.0
2019-03-04,5,0,33,0.0,0.0,0.0,0.0,0.0
2019-03-04,5,0,34,0.0,0.0,0.0,0.0,0.0
2019-03-04,5,0,35,0.0,0.0,0.0,0.0,0.0
2019-03-04,5,0,36,0.0,0.0,0.0,0.0,0.0
2019-03-04,5,0,37,0.0,0.0,0.0,0.0,0.0
2019-03-04,5,0,38,0.0,0.0,0.0,0.0,0.0
2019-03-04,5,0,39,0.0,0.0,0.0,0.0,0.0
2019-03-04,5,0,40,0.0,0.0,0.0,0.0,0.0
2019-03-04,5,0,41,116.0,116.0,0.0,1216.484142,0.0
2019-03-04,5,0,42,0.0,0.0,0.0,0.0,0.0
2019-03-04,5,0,43,0.0,0.0,0.0,0.0,0.0
2019-03-04,5,0,46,0.0,0.0,0.0,0.0,0.0
2019-03-04,5,0,52,39.75,39.75,0.0,451.472445,0.0
2019-03-04,5,0,53,63.15,63.15,0.0,717.244903,0.0
2019-03-04,5,0,55,460.36,460.36,0.0,5221.077259,0.0
2019-03-04,5,0,56,0.0,0.0,0.0,0.0,0.0
2019-03-04,5,0,57,0.0,0.0,0.0,0.0,0.0
2019-03-04,5,0,58,0.0,0.0,0.0,0.0,0.0
2019-03-04,5,0,59,0.0,0.0,0.0,0.0,0.0
2019-03-04,5,0,63,170.0,170.0,0.0,20752.202649,0.0
2019-03-04,5,0,64,200.0,200.0,0.0,24414.356058,0.0
2019-03-04,5,0,65,41.4,41.4,0.0,188.874254,0.0
2019-03-04,5,0,67,0.0,0.0,0.0,-0.0,0.0
2019-03-04,5,0,68,10.2,10.2,0.0,-4170.716621,0.0
2019-03-04,5,0,69,0.0,0.0,0.0,0.0,0.0
2019-03-04,5,0,74,65.28,65.28,0.0,607.75567,0.0
2019-03-04,5,0,77,200.0,200.0,0.0,-57571.278904,0.0
2019-03-04,5,0,78,151.2,151.2,0.0,-43523.886851,0.0
2019-03-04,5,0,79,87.5,87.5,0.0,-25187.434521,0.0
2019-03-04,5,0,80,141.5,141.5,0.0,-40731.679825,0.0
2019-03-04,5,0,81,185.0,185.0,0.0,-53253.432986,0.0
2019-03-04,5,0,82,130.5,130.5,0.0,-37565.259485,0.0
2019-03-04,5,0,83,291.0,291.0,0.0,-83766.210805,0.0
2019-03-04,5,0,84,0.0,0.0,0.0,0.0,0.0
2019-03-04,5,0,86,0.0,0.0,0.0,0.0,0.0
2019-03-04,5,0,87,0.0,0.0,0.0,0.0,0.0
2019-03-04,5,0,88,170.6,170.6,0.0,-49108.300905,0.0
2019-03-04,5,0,89,164.0,164.0,0.0,-47208.448701,0.0
2019-03-04,5,0,90,220.2,220.2,0.0,-63385.978073,0.0
2019-03-04,5,0,91,785.5,785.5,0.0,-226111.197896,0.0
2019-03-04,5,0,92,282.5,282.5,0.0,-81319.431452,0.0
2019-03-04,5,0,95,36.0,36.0,0.0,914.892964,0.0
2019-03-04,5,0,96,29.88,29.88,0.0,339.886401,0.0
2019-03-04,5,0,97,183.75,183.75,0.0,2090.164868,0.0
2019-03-04,5,0,99,12.6,12.6,0.0,117.305782,0.0
2019-03-04,5,0,101,0.0,0.0,0.0,0.0,0.0
2019-03-04,5,0,102,24.15,24.15,0.0,-9874.784941,0.0
2019-03-04,5,0,103,21.0,21.0,0.0,-8586.769514,0.0
2019-03-04,5,0,104,3.9,3.9,0.0,-1594.685767,0.0
2019-03-04,5,0,106,0.0,0.0,0.0,0.0,0.0
2019-03-04,5,0,109,200.0,200.0,0.0,1981.963283,0.0
2019-03-04,5,0,110,307.86,307.86,0.0,-307860.0,0.0
2019-03-04,5,0,111,0.0,0.0,0.0,0.0,0.0
2019-03-04,5,0,113,106.15,106.15,0.0,-27374.146854,0.0
2019-03-04,5,0,115,106.15,106.15,0.0,-27374.146854,0.0
2019-03-04,5,0,116,0.0,0.0,0.0,-0.0,0.0
2019-03-04,5,0,117,5.11,5.11,0.0,-1317.775699,0.0
2019-03-04,5,0,119,200.0,200.0,0.0,24414.356058,0.0
2019-03-04,5,0,120,117.6,117.6,0.0,14355.641362,0.0
2019-03-04,5,0,123,0.0,0.0,0.0,0.0,0.0
2019-03-04,5,0,125,174.2,174.2,0.0,1975.653094,0.0
2019-03-04,5,0,126,0.0,0.0,0.0,0.0,0.0
2019-03-04,5,0,127,0.0,0.0,0.0,0.0,0.0
2019-03-04,5,0,128,249.5,249.5,0.0,2829.652394,0.0
2019-03-04,5,0,131,30.0,30.0,0.0,-11100.979723,0.0
2019-03-04,5,0,132,44.1,44.1,0.0,-16318.440193,0.0
2019-03-04,5,0,133,50.43,50.43,0.0,474.059618,0.0
2019-03-04,5,0,134,0.0,0.0,0.0,0.0,0.0
2019-03-04,5,0,135,71.85,71.85,0.0,675.415102,0.0
2019-03-04,5,0,136,45.9,45.9,0.0,220.038685,0.0
2019-03-04,5,0,139,149.8,149.8,0.0,1570.942453,0.0
2019-03-04,5,0,140,227.85,227.85,0.0,-227850.0,0.0
2019-03-04,5,0,141,230.0,230.0,0.0,-127512.775897,0.0
2019-03-04,5,0,142,0.0,0.0,0.0,-0.0,0.0
2019-03-04,5,0,143,135.05,135.05,0.0,1533.870532,0.0
2019-03-04,5,0,145,30.0,30.0,0.0,324.611887,0.0
2019-03-04,5,0,146,119.03,119.03,0.0,-119030.0,0.0
2019-03-04,5,0,152,0.0,0.0,0.0,0.0,0.0
2019-03-04,5,0,153,0.0,0.0,0.0,0.0,0.0
2019-03-04,5,0,154,0.0,0.0,0.0,0.0,0.0
2019-03-04,5,0,157,70.06,70.06,0.0,-38841.500345,0.0
2019-03-04,5,0,158,0.0,0.0,0.0,-0.0,0.0
2019-03-04,5,0,159,0.0,0.0,0.0,0.0,0.0
2019-03-04,5,0,160,0.0,0.0,0.0,0.0,0.0
2019-03-04,5,0,161,0.0,0.0,0.0,-0.0,0.0
2019-03-04,5,0,162,48.75,48.75,0.0,1276.27347,0.0
2019-03-04,5,0,163,185.4,185.4,0.0,-185400.0,0.0
2019-03-04,5,0,164,0.0,0.0,0.0,0.0,0.0
2019-03-04,5,0,167,0.0,0.0,0.0,0.0,0.0
2019-03-04,5,0,168,0.0,0.0,0.0,0.0,0.0
2019-03-04,5,0,169,0.0,0.0,0.0,0.0,0.0
2019-03-04,5,0,170,0.0,0.0,0.0,0.0,0.0
2019-03-04,5,0,172,0.0,0.0,0.0,0.0,0.0
2019-03-04,5,0,173,0.0,0.0,0.0,0.0,0.0
2019-03-04,5,0,188,0.0,0.0,0.0,0.0,0.0
2019-03-04,5,0,190,0.0,0.0,0.0,0.0,0.0
2019-03-04,5,0,191,0.0,0.0,0.0,0.0,0.0
2019-03-04,5,0,192,332.6,332.6,0.0,10785.405497,0.0
2019-03-04,5,0,194,176.5,176.5,0.0,-21463.07946,0.0
2019-03-04,5,0,196,0.0,0.0,0.0,0.0,0.0
2019-03-04,5,0,198,0.0,0.0,0.0,0.0,0.0
2019-03-04,5,0,199,39.0,39.0,0.0,-1189.678448,0.0
2019-03-04,5,0,200,0.0,0.0,0.0,-0.0,0.0
2019-03-04,5,0,204,857.0,857.0,0.0,8546.279085,0.0
2019-03-04,5,0,205,1058.0,1058.0,0.0,10484.585767,0.0
2019-03-04,5,0,206,539.94,539.94,0.0,6141.842824,0.0
2019-03-04,5,0,210,0.0,0.0,0.0,0.0,0.0
2019-03-04,5,0,214,0.0,0.0,0.0,0.0,0.0
2019-03-04,5,0,217,0.0,0.0,0.0,0.0,0.0
2019-03-04,5,0,218,0.0,0.0,0.0,0.0,0.0
2019-03-04,5,0,219,0.0,0.0,0.0,0.0,0.0
2019-03-04,5,0,221,0.0,0.0,0.0,0.0,0.0
2019-03-04,5,0,225,0.0,0.0,0.0,0.0,0.0
2019-03-04,5,0,233,0.0,0.0,0.0,0.0,0.0
2019-03-04,5,0,236,159.03,159.03,0.0,1438.470957,0.0
2019-03-04,5,0,237,156.6,156.6,0.0,1457.94329,0.0
2019-03-04,5,0,238,0.0,0.0,0.0,0.0,0.0
2019-03-04,5,0,240,0.0,0.0,0.0,0.0,0.0
2019-03-04,5,0,245,78.0,78.0,0.0,618.062528,0.0
2019-03-04,5,0,247,171.72,171.72,0.0,1360.688428,0.0
2019-03-04,5,0,248,15.72,15.72,0.0,146.352928,0.0
2019-03-04,5,0,249,150.0,150.0,0.0,1188.581785,0.0
2019-03-04,5,0,251,326.4,326.4,0.0,1938.734691,0.0
2019-03-04,5,0,252,267.06,267.06,0.0,1218.375801,0.0
2019-03-04,5,0,254,0.0,0.0,0.0,0.0,0.0
2019-03-04,5,0,255,0.0,0.0,0.0,0.0,0.0
2019-03-04,5,0,258,0.0,0.0,0.0,0.0,0.0
2019-03-04,5,0,260,0.0,0.0,0.0,0.0,0.0
2019-03-04,5,0,265,0.0,0.0,0.0,0.0,0.0
2019-03-04,5,0,266,97.0,97.0,0.0,1017.232429,0.0
2019-03-04,5,0,267,119.2,119.2,0.0,1250.042326,0.0
2019-03-04,5,0,270,579.0,579.0,0.0,-579000.0,0.0
2019-03-04,5,0,272,364.92,364.92,0.0,-94106.205088,0.0
2019-03-04,5,0,273,0.0,0.0,0.0,-0.0,0.0
2019-03-04,5,0,274,746.4,746.4,0.0,-746400.0,0.0
2019-03-04,5,0,275,1039.0,1039.0,0.0,-1039000.0,0.0
2019-03-04,5,0,276,0.0,0.0,0.0,-0.0,0.0
2019-03-04,5,0,277,0.0,0.0,0.0,-0.0,0.0
2019-03-04,5,0,278,0.0,0.0,0.0,-0.0,0.0
2019-03-04,5,0,279,264.6,264.6,0.0,-71415.292224,0.0
2019-03-04,5,0,281,16.83,16.83,0.0,191.151729,0.0
2019-03-04,5,0,282,0.0,0.0,0.0,0.0,0.0
2019-03-04,6,0,9,0.0,0.0,0.0,0.0,0.0
2019-03-04,6,0,17,0.0,0.0,0.0,0.0,0.0
2019-03-04,6,0,19,643.3,643.3,0.0,3478.266491,0.0
2019-03-04,6,0,20,780.2,780.2,0.0,4218.472745,0.0
2019-03-04,6,0,21,0.0,0.0,0.0,0.0,0.0
2019-03-04,6,0,22,0.0,0.0,0.0,0.0,0.0
2019-03-04,6,0,23,108.8,108.8,0.0,741.078263,0.0
2019-03-04,6,0,24,192.5,192.5,0.0,1311.19086,0.0
2019-03-04,6,0,29,0.0,0.0,0.0,0.0,0.0
2019-03-04,6,0,30,0.0,0.0,0.0,0.0,0.0
2019-03-04,6,0,31,37.57,37.57,0.0,255.195034,0.0
2019-03-04,6,0,32,0.0,0.0,0.0,0.0,0.0
2019-03-04,6,0,33,0.0,0.0,0.0,0.0,0.0
2019-03-04,6,0,34,0.0,0.0,0.0,0.0,0.0
2019-03-04,6,0,35,0.0,0.0,0.0,0.0,0.0
2019-03-04,6,0,36,0.0,0.0,0.0,0.0,0.0
2019-03-04,6,0,37,0.0,0.0,0.0,0.0,0.0
2019-03-04,6,0,38,0.0,0.0,0.0,0.0,0.0
2019-03-04,6,0,39,0.0,0.0,0.0,0.0,0.0
2019-03-04,6,0,40,0.0,0.0,0.0,0.0,0.0
2019-03-04,6,0,41,116.0,116.0,0.0,907.022604,0.0
2019-03-04,6,0,42,0.0,0.0,0.0,0.0,0.0
2019-03-04,6,0,43,0.0,0.0,0.0,0.0,0.0
2019-03-04,6,0,46,0.0,0.0,0.0,0.0,0.0
2019-03-04,6,0,52,39.83,39.83,0.0,270.546133,0.0
2019-03-04,6,0,53,63.23,63.23,0.0,429.491137,0.0
2019-03-04,6,0,55,186.9,186.9,0.0,1273.047126,0.0
2019-03-04,6,0,56,0.0,0.0,0.0,0.0,0.0
2019-03-04,6,0,57,0.0,0.0,0.0,0.0,0.0
2019-03-04,6,0,58,0.0,0.0,0.0,0.0,0.0
2019-03-04,6,0,59,0.0,0.0,0.0,0.0,0.0
2019-03-04,6,0,63,170.0,170.0,0.0,28752.820438,0.0
2019-03-04,6,0,64,200.0,200.0,0.0,33826.847574,0.0
2019-03-04,6,0,65,41.4,41.4,0.0,319.435362,0.0
2019-03-04,6,0,67,0.0,0.0,0.0,-0.0,0.0
2019-03-04,6,0,68,10.2,10.2,0.0,-3928.709458,0.0
2019-03-04,6,0,69,0.0,0.0,0.0,0.0,0.0
2019-03-04,6,0,74,65.28,65.28,0.0,608.067519,0.0
2019-03-04,6,0,77,200.0,200.0,0.0,-51807.955963,0.0
2019-03-04,6,0,78,151.2,151.2,0.0,-39166.814708,0.0
2019-03-04,6,0,79,87.5,87.5,0.0,-22665.980734,0.0
2019-03-04,6,0,80,141.5,141.5,0.0,-36654.128844,0.0
2019-03-04,6,0,81,185.0,185.0,0.0,-47922.359266,0.0
2019-03-04,6,0,82,130.5,130.5,0.0,-33804.691266,0.0
2019-03-04,6,0,83,291.0,291.0,0.0,-75380.575927,0.0
2019-03-04,6,0,84,0.0,0.0,0.0,0.0,0.0
2019-03-04,6,0,86,0.0,0.0,0.0,0.0,0.0
2019-03-04,6,0,87,0.0,0.0,0.0,0.0,0.0
2019-03-04,6,0,88,170.6,170.6,0.0,-44192.186437,0.0
2019-03-04,6,0,89,164.0,164.0,0.0,-42482.52389,0.0
2019-03-04,6,0,90,220.2,220.2,0.0,-57040.559516,0.0
2019-03-04,6,0,91,785.5,785.5,0.0,-203475.747046,0.0
2019-03-04,6,0,92,282.5,282.5,0.0,-73178.737798,0.0
2019-03-04,6,0,95,36.0,36.0,0.0,3392.161087,0.0
2019-03-04,6,0,96,29.88,29.88,0.0,202.371606,0.0
2019-03-04,6,0,97,183.75,183.75,0.0,1244.504103,0.0
2019-03-04,6,0,99,12.6,12.6,0.0,117.365973,0.0
2019-03-04,6,0,101,0.0,0.0,0.0,0.0,0.0
2019-03-04,6,0,102,24.15,24.15,0.0,-9301.797393,0.0
2019-03-04,6,0,103,21.0,21.0,0.0,-8088.519473,0.0
2019-03-04,6,0,104,3.9,3.9,0.0,-1502.153616,0.0
2019-03-04,6,0,106,0.0,0.0,0.0,0.0,0.0
2019-03-04,6,0,109,200.0,200.0,0.0,1684.478568,0.0
2019-03-04,6,0,110,227.07,227.07,0.0,-227070.0,0.0
2019-03-04,6,0,111,0.0,0.0,0.0,0.0,0.0
2019-03-04,6,0,113,137.43,137.43,0.0,-31419.852158,0.0
2019-03-04,6,0,115,137.43,137.43,0.0,-31419.852158,0.0
2019-03-04,6,0,116,0.0,0.0,0.0,-0.0,0.0
2019-03-04,6,0,117,5.45,5.45,0.0,-1246.003014,0.0
2019-03-04,6,0,119,200.0,200.0,0.0,33826.847574,0.0
2019-03-04,6,0,120,117.6,117.6,0.0,19890.186373,0.0
2019-03-04,6,0,123,0.0,0.0,0.0,0.0,0.0
2019-03-04,6,0,125,174.2,174.2,0.0,1186.542586,0.0
2019-03-04,6,0,126,0.0,0.0,0.0,0.0,0.0
2019-03-04,6,0,127,0.0,0.0,0.0,0.0,0.0
2019-03-04,6,0,128,249.5,249.5,0.0,1699.439582,0.0
2019-03-04,6,0,131,30.0,30.0,0.0,-10342.398978,0.0
2019-03-04,6,0,132,44.1,44.1,0.0,-15203.326498,0.0
2019-03-04,6,0,133,41.94,41.94,0.0,438.112117,0.0
2019-03-04,6,0,134,0.0,0.0,0.0,0.0,0.0
2019-03-04,6,0,135,56.2,56.2,0.0,587.074415,0.0
2019-03-04,6,0,136,45.9,45.9,0.0,359.974649,0.0
2019-03-04,6,0,139,149.8,149.8,0.0,1171.310224,0.0
2019-03-04,6,0,140,168.05,168.05,0.0,-168050.0,0.0
2019-03-04,6,0,141,230.0,230.0,0.0,-123399.079331,0.0
2019-03-04,6,0,142,0.0,0.0,0.0,-0.0,0.0
2019-03-04,6,0,143,238.49,238.49,0.0,1619.948461,0.0
2019-03-04,6,0,145,30.0,30.0,0.0,221.93886,0.0
2019-03-04,6,0,146,74.05,74.05,0.0,-74050.0,0.0
2019-03-04,6,0,152,0.0,0.0,0.0,0.0,0.0
2019-03-04,6,0,153,0.0,0.0,0.0,0.0,0.0
2019-03-04,6,0,154,0.0,0.0,0.0,0.0,0.0
2019-03-04,6,0,157,56.22,56.22,0.0,-30163.02713,0.0
2019-03-04,6,0,158,0.0,0.0,0.0,-0.0,0.0
2019-03-04,6,0,159,0.0,0.0,0.0,0.0,0.0
2019-03-04,6,0,160,0.0,0.0,0.0,0.0,0.0
2019-03-04,6,0,161,0.0,0.0,0.0,-0.0,0.0
2019-03-04,6,0,162,48.75,48.75,0.0,4633.372074,0.0
2019-03-04,6,0,163,185.4,185.4,0.0,-185400.0,0.0
2019-03-04,6,0,164,0.0,0.0,0.0,0.0,0.0
2019-03-04,6,0,167,0.0,0.0,0.0,0.0,0.0
2019-03-04,6,0,168,0.0,0.0,0.0,0.0,0.0
2019-03-04,6,0,169,0.0,0.0,0.0,0.0,0.0
2019-03-04,6,0,170,0.0,0.0,0.0,0.0,0.0
2019-03-04,6,0,172,0.0,0.0,0.0,0.0,0.0
2019-03-04,6,0,173,0.0,0.0,0.0,0.0,0.0
2019-03-04,6,0,188,0.0,0.0,0.0,0.0,0.0
2019-03-04,6,0,190,0.0,0.0,0.0,0.0,0.0
2019-03-04,6,0,191,0.0,0.0,0.0,0.0,0.0
2019-03-04,6,0,192,332.6,332.6,0.0,56254.047516,0.0
2019-03-04,6,0,194,176.5,176.5,0.0,-15459.256104,0.0
2019-03-04,6,0,196,0.0,0.0,0.0,0.0,0.0
2019-03-04,6,0,198,0.0,0.0,0.0,0.0,0.0
2019-03-04,6,0,199,39.0,39.0,0.0,-681.340292,0.0
2019-03-04,6,0,200,0.0,0.0,0.0,-0.0,0.0
2019-03-04,6,0,204,857.0,857.0,0.0,7144.321755,0.0
2019-03-04,6,0,205,1058.0,1058.0,0.0,8910.891625,0.0
2019-03-04,6,0,206,539.94,539.94,0.0,3656.911811,0.0
2019-03-04,6,0,210,0.0,0.0,0.0,0.0,0.0
2019-03-04,6,0,214,0.0,0.0,0.0,0.0,0.0
2019-03-04,6,0,217,0.0,0.0,0.0,0.0,0.0
2019-03-04,6,0,218,0.0,0.0,0.0,0.0,0.0
2019-03-04,6,0,219,0.0,0.0,0.0,0.0,0.0
2019-03-04,6,0,221,0.0,0.0,0.0,0.0,0.0
2019-03-04,6,0,225,0.0,0.0,0.0,0.0,0.0
2019-03-04,6,0,233,0.0,0.0,0.0,0.0,0.0
2019-03-04,6,0,236,159.03,159.03,0.0,1548.084649,0.0
2019-03-04,6,0,237,156.6,156.6,0.0,1458.691383,0.0
2019-03-04,6,0,238,0.0,0.0,0.0,0.0,0.0
2019-03-04,6,0,240,0.0,0.0,0.0,0.0,0.0
2019-03-04,6,0,245,78.0,78.0,0.0,761.187401,0.0
2019-03-04,6,0,247,171.72,171.72,0.0,1675.783339,0.0
2019-03-04,6,0,248,15.72,15.72,0.0,146.428024,0.0
2019-03-04,6,0,249,150.0,150.0,0.0,1463.821924,0.0
2019-03-04,6,0,251,291.92,291.92,0.0,2458.110432,0.0
2019-03-04,6,0,252,267.06,267.06,0.0,2060.589563,0.0
2019-03-04,6,0,254,0.0,0.0,0.0,0.0,0.0
2019-03-04,6,0,255,0.0,0.0,0.0,0.0,0.0
2019-03-04,6,0,258,0.0,0.0,0.0,0.0,0.0
2019-03-04,6,0,260,0.0,0.0,0.0,0.0,0.0
2019-03-04,6,0,265,0.0,0.0,0.0,0.0,0.0
2019-03-04,6,0,266,97.0,97.0,0.0,758.458557,0.0
2019-03-04,6,0,267,119.2,119.2,0.0,932.043917,0.0
2019-03-04,6,0,270,579.0,579.0,0.0,-579000.0,0.0
2019-03-04,6,0,272,484.95,484.95,0.0,-110871.405836,0.0
2019-03-04,6,0,273,0.0,0.0,0.0,-0.0,0.0
2019-03-04,6,0,274,746.4,746.4,0.0,-746400.0,0.0
2019-03-04,6,0,275,1039.0,1039.0,0.0,-1039000.0,0.0
2019-03-04,6,0,276,0.0,0.0,0.0,-0.0,0.0
2019-03-04,6,0,277,0.0,0.0,0.0,-0.0,0.0
2019-03-04,6,0,278,0.0,0.0,0.0,-0.0,0.0
2019-03-04,6,0,279,264.6,264.6,0.0,-63720.554032,0.0
2019-03-04,6,0,281,16.89,16.89,0.0,114.725689,0.0
2019-03-04,6,0,282,0.0,0.0,0.0,0.0,0.0
2019-03-04,7,0,9,0.0,0.0,0.0,0.0,0.0
2019-03-04,7,0,17,0.0,0.0,0.0,0.0,0.0
2019-03-04,7,0,19,643.3,643.3,0.0,6903.929371,0.0
2019-03-04,7,0,20,780.2,780.2,0.0,8373.147357,0.0
2019-03-04,7,0,21,0.0,0.0,0.0,0.0,0.0
2019-03-04,7,0,22,0.0,0.0,0.0,0.0,0.0
2019-03-04,7,0,23,108.8,108.8,0.0,111.134513,0.0
2019-03-04,7,0,24,192.5,192.5,0.0,196.630457,0.0
2019-03-04,7,0,29,0.0,0.0,0.0,0.0,0.0
2019-03-04,7,0,30,0.0,0.0,0.0,0.0,0.0
2019-03-04,7,0,31,92.33,92.33,0.0,85.412196,0.0
2019-03-04,7,0,32,0.0,0.0,0.0,0.0,0.0
2019-03-04,7,0,33,0.0,0.0,0.0,0.0,0.0
2019-03-04,7,0,34,0.0,0.0,0.0,0.0,0.0
2019-03-04,7,0,35,0.0,0.0,0.0,0.0,0.0
2019-03-04,7,0,36,0.0,0.0,0.0,0.0,0.0
2019-03-04,7,0,37,0.0,0.0,0.0,0.0,0.0
2019-03-04,7,0,38,0.0,0.0,0.0,0.0,0.0
2019-03-04,7,0,39,0.0,0.0,0.0,0.0,0.0
2019-03-04,7,0,40,0.0,0.0,0.0,0.0,0.0
2019-03-04,7,0,41,85.72,85.72,0.0,511.755797,0.0
2019-03-04,7,0,42,0.0,0.0,0.0,0.0,0.0
2019-03-04,7,0,43,0.0,0.0,0.0,0.0,0.0
2019-03-04,7,0,46,0.0,0.0,0.0,0.0,0.0
2019-03-04,7,0,52,97.87,97.87,0.0,90.537112,0.0
2019-03-04,7,0,53,155.54,155.54,0.0,143.886201,0.0
2019-03-04,7,0,55,186.9,186.9,0.0,190.910298,0.0
2019-03-04,7,0,56,0.0,0.0,0.0,0.0,0.0
2019-03-04,7,0,57,0.0,0.0,0.0,0.0,0.0
2019-03-04,7,0,58,0.0,0.0,0.0,0.0,0.0
2019-03-04,7,0,59,0.0,0.0,0.0,0.0,0.0
2019-03-04,7,0,63,170.0,170.0,0.0,32943.73392,0.0
2019-03-04,7,0,64,200.0,200.0,0.0,38757.334024,0.0
2019-03-04,7,0,65,41.4,41.4,0.0,525.346625,0.0
2019-03-04,7,0,67,0.0,0.0,0.0,-0.0,0.0
2019-03-04,7,0,68,10.2,10.2,0.0,-3774.945816,0.0
2019-03-04,7,0,69,0.0,0.0,0.0,0.0,0.0
2019-03-04,7,0,74,65.28,65.28,0.0,825.198002,0.0
2019-03-04,7,0,77,200.0,200.0,0.0,-48074.756843,0.0
2019-03-04,7,0,78,151.2,151.2,0.0,-36344.516174,0.0
2019-03-04,7,0,79,87.5,87.5,0.0,-21032.706119,0.0
2019-03-04,7,0,80,141.5,141.5,0.0,-34012.890467,0.0
2019-03-04,7,0,81,185.0,185.0,0.0,-44469.15008,0.0
2019-03-04,7,0,82,130.5,130.5,0.0,-31368.77884,0.0
2019-03-04,7,0,83,291.0,291.0,0.0,-69948.771207,0.0
2019-03-04,7,0,84,0.0,0.0,0.0,0.0,0.0
2019-03-04,7,0,86,0.0,0.0,0.0,0.0,0.0
2019-03-04,7,0,87,0.0,0.0,0.0,0.0,0.0
2019-03-04,7,0,88,170.6,170.6,0.0,-41007.767587,0.0
2019-03-04,7,0,89,164.0,164.0,0.0,-39421.300612,0.0
2019-03-04,7,0,90,220.2,220.2,0.0,-52930.307285,0.0
2019-03-04,7,0,91,785.5,785.5,0.0,-188813.607502,0.0
2019-03-04,7,0,92,282.5,282.5,0.0,-67905.594041,0.0
2019-03-04,7,0,95,36.0,36.0,0.0,4206.167791,0.0
2019-03-04,7,0,96,29.88,29.88,0.0,24.631485,0.0
2019-03-04,7,0,97,183.75,183.75,0.0,151.473738,0.0
2019-03-04,7,0,99,12.6,12.6,0.0,159.27535,0.0
2019-03-04,7,0,101,0.0,0.0,0.0,0.0,0.0
2019-03-04,7,0,102,24.15,24.15,0.0,-8937.739359,0.0
2019-03-04,7,0,103,21.0,21.0,0.0,-7771.947269,0.0
2019-03-04,7,0,104,3.9,3.9,0.0,-1443.361636,0.0
2019-03-04,7,0,106,0.0,0.0,0.0,0.0,0.0
2019-03-04,7,0,109,200.0,200.0,0.0,1882.486296,0.0
2019-03-04,7,0,110,161.83,161.83,0.0,-161830.0,0.0
2019-03-04,7,0,111,0.0,0.0,0.0,0.0,0.0
2019-03-04,7,0,113,75.93,75.93,0.0,-16009.864609,0.0
2019-03-04,7,0,115,75.93,75.93,0.0,-16009.864609,0.0
2019-03-04,7,0,116,0.0,0.0,0.0,-0.0,0.0
2019-03-04,7,0,117,3.11,3.11,0.0,-655.744487,0.0
2019-03-04,7,0,119,200.0,200.0,0.0,38757.334024,0.0
2019-03-04,7,0,120,117.6,117.6,0.0,22789.312406,0.0
2019-03-04,7,0,123,0.0,0.0,0.0,0.0,0.0
2019-03-04,7,0,125,174.2,174.2,0.0,177.937795,0.0
2019-03-04,7,0,126,0.0,0.0,0.0,0.0,0.0
2019-03-04,7,0,127,0.0,0.0,0.0,0.0,0.0
2019-03-04,7,0,128,249.5,249.5,0.0,254.853501,0.0
2019-03-04,7,0,131,30.0,30.0,0.0,-9860.420939,0.0
2019-03-04,7,0,132,44.1,44.1,0.0,-14494.81878,0.0
2019-03-04,7,0,133,41.94,41.94,0.0,615.866922,0.0
2019-03-04,7,0,134,0.0,0.0,0.0,0.0,0.0
2019-03-04,7,0,135,56.2,56.2,0.0,825.267549,0.0
2019-03-04,7,0,136,45.9,45.9,0.0,587.38201,0.0
2019-03-04,7,0,139,110.71,110.71,0.0,660.948253,0.0
2019-03-04,7,0,140,119.77,119.77,0.0,-119770.0,0.0
2019-03-04,7,0,141,230.0,230.0,0.0,-120785.367581,0.0
2019-03-04,7,0,142,0.0,0.0,0.0,-0.0,0.0
2019-03-04,7,0,143,176.28,176.28,0.0,163.072261,0.0
2019-03-04,7,0,145,30.0,30.0,0.0,122.227438,0.0
2019-03-04,7,0,146,42.38,42.38,0.0,-42380.0,0.0
2019-03-04,7,0,152,0.0,0.0,0.0,0.0,0.0
2019-03-04,7,0,153,0.0,0.0,0.0,0.0,0.0
2019-03-04,7,0,154,0.0,0.0,0.0,0.0,0.0
2019-03-04,7,0,157,45.98,45.98,0.0,-24146.570441,0.0
2019-03-04,7,0,158,0.0,0.0,0.0,-0.0,0.0
2019-03-04,7,0,159,0.0,0.0,0.0,0.0,0.0
2019-03-04,7,0,160,0.0,0.0,0.0,0.0,0.0
2019-03-04,7,0,161,0.0,0.0,0.0,-0.0,0.0
2019-03-04,7,0,162,48.75,48.75,0.0,5736.880098,0.0
2019-03-04,7,0,163,185.4,185.4,0.0,-185400.0,0.0
2019-03-04,7,0,164,0.0,0.0,0.0,0.0,0.0
2019-03-04,7,0,167,0.0,0.0,0.0,0.0,0.0
2019-03-04,7,0,168,0.0,0.0,0.0,0.0,0.0
2019-03-04,7,0,169,0.0,0.0,0.0,0.0,0.0
2019-03-04,7,0,170,0.0,0.0,0.0,0.0,0.0
2019-03-04,7,0,172,0.0,0.0,0.0,0.0,0.0
2019-03-04,7,0,173,0.0,0.0,0.0,0.0,0.0
2019-03-04,7,0,188,0.0,0.0,0.0,0.0,0.0
2019-03-04,7,0,190,0.0,0.0,0.0,0.0,0.0
2019-03-04,7,0,191,0.0,0.0,0.0,0.0,0.0
2019-03-04,7,0,192,332.6,332.6,0.0,64453.446481,0.0
2019-03-04,7,0,194,176.5,176.5,0.0,-11981.469855,0.0
2019-03-04,7,0,196,0.0,0.0,0.0,0.0,0.0
2019-03-04,7,0,198,0.0,0.0,0.0,0.0,0.0
2019-03-04,7,0,199,39.0,39.0,0.0,-117.451323,0.0
2019-03-04,7,0,200,0.0,0.0,0.0,-0.0,0.0
2019-03-04,7,0,204,857.0,857.0,0.0,7769.054592,0.0
2019-03-04,7,0,205,1058.0,1058.0,0.0,9958.352506,0.0
2019-03-04,7,0,206,539.94,539.94,0.0,445.097851,0.0
2019-03-04,7,0,210,0.0,0.0,0.0,0.0,0.0
2019-03-04,7,0,214,0.0,0.0,0.0,0.0,0.0
2019-03-04,7,0,217,0.0,0.0,0.0,0.0,0.0
2019-03-04,7,0,218,0.0,0.0,0.0,0.0,0.0
2019-03-04,7,0,219,0.0,0.0,0.0,0.0,0.0
2019-03-04,7,0,221,0.0,0.0,0.0,0.0,0.0
2019-03-04,7,0,225,0.0,0.0,0.0,0.0,0.0
2019-03-04,7,0,233,0.0,0.0,0.0,0.0,0.0
2019-03-04,7,0,236,159.03,159.03,0.0,2237.36371,0.0
2019-03-04,7,0,237,156.6,156.6,0.0,1979.565059,0.0
2019-03-04,7,0,238,0.0,0.0,0.0,0.0,0.0
2019-03-04,7,0,240,0.0,0.0,0.0,0.0,0.0
2019-03-04,7,0,245,78.0,78.0,0.0,1134.797316,0.0
2019-03-04,7,0,247,171.72,171.72,0.0,2498.299937,0.0
2019-03-04,7,0,248,15.72,15.72,0.0,198.71496,0.0
2019-03-04,7,0,249,150.0,150.0,0.0,2182.302531,0.0
2019-03-04,7,0,251,181.73,181.73,0.0,2409.083477,0.0
2019-03-04,7,0,252,267.06,267.06,0.0,3388.866419,0.0
2019-03-04,7,0,254,0.0,0.0,0.0,0.0,0.0
2019-03-04,7,0,255,0.0,0.0,0.0,0.0,0.0
2019-03-04,7,0,258,0.0,0.0,0.0,0.0,0.0
2019-03-04,7,0,260,0.0,0.0,0.0,0.0,0.0
2019-03-04,7,0,265,0.0,0.0,0.0,0.0,0.0
2019-03-04,7,0,266,71.67,71.67,0.0,427.876084,0.0
2019-03-04,7,0,267,88.09,88.09,0.0,525.904901,0.0
2019-03-04,7,0,270,579.0,579.0,0.0,-579000.0,0.0
2019-03-04,7,0,272,270.16,270.16,0.0,-56963.321781,0.0
2019-03-04,7,0,273,0.0,0.0,0.0,-0.0,0.0
2019-03-04,7,0,274,746.4,746.4,0.0,-746400.0,0.0
2019-03-04,7,0,275,1039.0,1039.0,0.0,-1039000.0,0.0
2019-03-04,7,0,276,0.0,0.0,0.0,-0.0,0.0
2019-03-04,7,0,277,0.0,0.0,0.0,-0.0,0.0
2019-03-04,7,0,278,0.0,0.0,0.0,-0.0,0.0
2019-03-04,7,0,279,264.6,264.6,0.0,-58922.914516,0.0
2019-03-04,7,0,281,41.4,41.4,0.0,38.298114,0.0
2019-03-04,7,0,282,0.0,0.0,0.0,0.0,0.0
2019-03-04,8,0,9,0.0,0.0,0.0,-0.0,0.0
2019-03-04,8,0,17,0.46,0.46,0.0,6.185843,0.0
2019-03-04,8,0,19,605.38,605.38,0.0,8140.838807,0.0
2019-03-04,8,0,20,753.44,753.44,0.0,10131.873518,0.0
2019-03-04,8,0,21,0.0,0.0,0.0,-0.0,0.0
2019-03-04,8,0,22,0.0,0.0,0.0,-0.0,0.0
2019-03-04,8,0,23,108.8,108.8,0.0,-286.46328,0.0
2019-03-04,8,0,24,192.5,192.5,0.0,-506.839903,0.0
2019-03-04,8,0,29,0.23,0.23,0.0,2.8835,0.0
2019-03-04,8,0,30,0.0,0.0,0.0,-0.0,0.0
2019-03-04,8,0,31,37.5,37.5,0.0,-103.710293,0.0
2019-03-04,8,0,32,0.04,0.04,0.0,4.841449,0.0
2019-03-04,8,0,33,0.02,0.02,0.0,0.376006,0.0
2019-03-04,8,0,34,0.04,0.04,0.0,0.752013,0.0
2019-03-04,8,0,35,0.04,0.04,0.0,0.752013,0.0
2019-03-04,8,0,36,0.0,0.0,0.0,0.0,0.0
2019-03-04,8,0,37,0.0,0.0,0.0,0.0,0.0
2019-03-04,8,0,38,0.0,0.0,0.0,0.0,0.0
2019-03-04,8,0,39,0.0,0.0,0.0,0.0,0.0
2019-03-04,8,0,40,0.0,0.0,0.0,0.0,0.0
2019-03-04,8,0,41,34.8,34.8,0.0,147.043963,0.0
2019-03-04,8,0,42,0.0,0.0,0.0,0.0,0.0
2019-03-04,8,0,43,0.01,0.01,0.0,0.140601,0.0
2019-03-04,8,0,46,0.0,0.0,0.0,0.0,0.0
2019-03-04,8,0,52,39.75,39.75,0.0,-109.93291,0.0
2019-03-04,8,0,53,63.15,63.15,0.0,-174.648133,0.0
2019-03-04,8,0,55,186.9,186.9,0.0,-492.095469,0.0
2019-03-04,8,0,56,0.0,0.0,0.0,-0.0,0.0
2019-03-04,8,0,57,0.0,0.0,0.0,-0.0,0.0
2019-03-04,8,0,58,0.0,0.0,0.0,-0.0,0.0
2019-03-04,8,0,59,0.0,0.0,0.0,-0.0,0.0
2019-03-04,8,0,63,96.01,96.01,0.0,19409.945367,0.0
2019-03-04,8,0,64,112.86,112.86,0.0,22816.44031,0.0
2019-03-04,8,0,65,41.4,41.4,0.0,592.667243,0.0
2019-03-04,8,0,67,0.0,0.0,0.0,-0.0,0.0
2019-03-04,8,0,68,10.2,10.2,0.0,-3719.949385,0.0
2019-03-04,8,0,69,0.02,0.02,0.0,0.376006,0.0
2019-03-04,8,0,74,65.28,65.28,0.0,892.567266,0.0
2019-03-04,8,0,77,147.17,147.17,0.0,-34385.25444,0.0
2019-03-04,8,0,78,111.12,111.12,0.0,-25962.420828,0.0
2019-03-04,8,0,79,64.1,64.1,0.0,-14976.522454,0.0
2019-03-04,8,0,80,103.96,103.96,0.0,-24289.536261,0.0
2019-03-04,8,0,81,136.09,136.09,0.0,-31796.488936,0.0
2019-03-04,8,0,82,95.84,95.84,0.0,-22392.354321,0.0
2019-03-04,8,0,83,214.4,214.4,0.0,-50093.079784,0.0
2019-03-04,8,0,84,0.0,0.0,0.0,0.0,0.0
2019-03-04,8,0,86,0.12,0.12,0.0,2.256038,0.0
2019-03-04,8,0,87,0.61,0.61,0.0,11.468194,0.0
2019-03-04,8,0,88,123.33,123.33,0.0,-28815.203031,0.0
2019-03-04,8,0,89,119.02,119.02,0.0,-27808.201287,0.0
2019-03-04,8,0,90,155.3,155.3,0.0,-36284.77281,0.0
2019-03-04,8,0,91,486.84,486.84,0.0,-113746.804861,0.0
2019-03-04,8,0,92,194.81,194.81,0.0,-45516.011533,0.0
2019-03-04,8,0,95,36.0,36.0,0.0,4480.73339,0.0
2019-03-04,8,0,96,29.88,29.88,0.0,-86.77942,0.0
2019-03-04,8,0,97,183.75,183.75,0.0,-533.658583,0.0
2019-03-04,8,0,99,12.6,12.6,0.0,172.278608,0.0
2019-03-04,8,0,101,0.0,0.0,0.0,-0.0,0.0
2019-03-04,8,0,102,24.15,24.15,0.0,-8807.52722,0.0
2019-03-04,8,0,103,21.0,21.0,0.0,-7658.719322,0.0
2019-03-04,8,0,104,3.9,3.9,0.0,-1422.333588,0.0
2019-03-04,8,0,106,0.0,0.0,0.0,-0.0,0.0
2019-03-04,8,0,109,200.0,200.0,0.0,1775.93783,0.0
2019-03-04,8,0,110,135.8,135.8,0.0,-135800.0,0.0
2019-03-04,8,0,111,0.0,0.0,0.0,0.0,0.0
2019-03-04,8,0,113,141.55,141.55,0.0,-28963.600351,0.0
2019-03-04,8,0,115,141.55,141.55,0.0,-28963.600351,0.0
2019-03-04,8,0,116,0.0,0.0,0.0,-0.0,0.0
2019-03-04,8,0,117,7.33,7.33,0.0,-1499.845924,0.0
2019-03-04,8,0,119,112.86,112.86,0.0,22816.44031,0.0
2019-03-04,8,0,120,66.59,66.59,0.0,13462.225414,0.0
2019-03-04,8,0,123,0.0,0.0,0.0,-0.0,0.0
2019-03-04,8,0,125,174.2,174.2,0.0,-458.657201,0.0
2019-03-04,8,0,126,0.0,0.0,0.0,-0.0,0.0
2019-03-04,8,0,127,0.0,0.0,0.0,-0.0,0.0
2019-03-04,8,0,128,249.5,249.5,0.0,-656.917173,0.0
2019-03-04,8,0,131,30.0,30.0,0.0,-9688.032513,0.0
2019-03-04,8,0,132,44.1,44.1,0.0,-14241.407794,0.0
2019-03-04,8,0,133,41.94,41.94,0.0,560.557155,0.0
2019-03-04,8,0,134,0.0,0.0,0.0,0.0,0.0
2019-03-04,8,0,135,56.2,56.2,0.0,751.151933,0.0
2019-03-04,8,0,136,45.9,45.9,0.0,659.27517,0.0
2019-03-04,8,0,139,44.94,44.94,0.0,189.889531,0.0
2019-03-04,8,0,140,100.5,100.5,0.0,-100500.0,0.0
2019-03-04,8,0,141,215.22,215.22,0.0,-112148.825928,0.0
2019-03-04,8,0,142,0.0,0.0,0.0,-0.0,0.0
2019-03-04,8,0,143,66.26,66.26,0.0,-183.249173,0.0
2019-03-04,8,0,145,30.0,30.0,0.0,46.700816,0.0
2019-03-04,8,0,146,30.43,30.43,0.0,-30430.0,0.0
2019-03-04,8,0,152,0.0,0.0,0.0,0.0,0.0
2019-03-04,8,0,153,0.0,0.0,0.0,0.0,0.0
2019-03-04,8,0,154,0.0,0.0,0.0,0.0,0.0
2019-03-04,8,0,157,34.87,34.87,0.0,-18170.381749,0.0
2019-03-04,8,0,158,0.0,0.0,0.0,-0.0,0.0
2019-03-04,8,0,159,0.0,0.0,0.0,0.0,0.0
2019-03-04,8,0,160,0.01,0.01,0.0,0.177644,0.0
2019-03-04,8,0,161,0.0,0.0,0.0,-0.0,0.0
2019-03-04,8,0,162,48.75,48.75,0.0,6109.144702,0.0
2019-03-04,8,0,163,185.4,185.4,0.0,-185400.0,0.0
2019-03-04,8,0,164,0.0,0.0,0.0,-0.0,0.0
2019-03-04,8,0,167,0.07,0.07,0.0,8.551356,0.0
2019-03-04,8,0,168,0.03,0.03,0.0,3.664867,0.0
2019-03-04,8,0,169,0.0,0.0,0.0,0.0,0.0
2019-03-04,8,0,170,0.07,0.07,0.0,8.551356,0.0
2019-03-04,8,0,172,0.1,0.1,0.0,10.231629,0.0
2019-03-04,8,0,173,0.15,0.15,0.0,15.347444,0.0
2019-03-04,8,0,188,0.07,0.07,0.0,7.509658,0.0
2019-03-04,8,0,190,0.0,0.0,0.0,0.0,0.0
2019-03-04,8,0,191,0.0,0.0,0.0,0.0,0.0
2019-03-04,8,0,192,320.84,320.84,0.0,64862.898361,0.0
2019-03-04,8,0,194,176.5,176.5,0.0,-10788.972577,0.0
2019-03-04,8,0,196,0.0,0.0,0.0,0.0,0.0
2019-03-04,8,0,198,0.11,0.11,0.0,1.477879,0.0
2019-03-04,8,0,199,39.0,39.0,0.0,43.218539,0.0
2019-03-04,8,0,200,0.16,0.16,0.0,0.177307,0.0
2019-03-04,8,0,204,856.99,856.99,0.0,7184.784234,0.0
2019-03-04,8,0,205,1058.0,1058.0,0.0,9394.711121,0.0
2019-03-04,8,0,206,539.94,539.94,0.0,-1568.128518,0.0
2019-03-04,8,0,210,0.08,0.08,0.0,1.086039,0.0
2019-03-04,8,0,214,0.26,0.26,0.0,5.394587,0.0
2019-03-04,8,0,217,0.21,0.21,0.0,3.686581,0.0
2019-03-04,8,0,218,0.3,0.3,0.0,5.266545,0.0
2019-03-04,8,0,219,0.2,0.2,0.0,3.51103,0.0
2019-03-04,8,0,221,0.14,0.14,0.0,2.904777,0.0
2019-03-04,8,0,225,0.19,0.19,0.0,2.362965,0.0
2019-03-04,8,0,233,0.07,0.07,0.0,1.316022,0.0
2019-03-04,8,0,236,159.03,159.03,0.0,2489.500849,0.0
2019-03-04,8,0,237,156.6,156.6,0.0,2141.17699,0.0
2019-03-04,8,0,238,0.0,0.0,0.0,0.0,0.0
2019-03-04,8,0,240,0.0,0.0,0.0,0.0,0.0
2019-03-04,8,0,245,78.0,78.0,0.0,1142.25984,0.0
2019-03-04,8,0,247,171.72,171.72,0.0,2514.72897,0.0
2019-03-04,8,0,248,15.72,15.72,0.0,214.938073,0.0
2019-03-04,8,0,249,150.0,150.0,0.0,2196.653538,0.0
2019-03-04,8,0,251,224.09,224.09,0.0,3291.027654,0.0
2019-03-04,8,0,252,267.06,267.06,0.0,3823.133184,0.0
2019-03-04,8,0,254,0.08,0.08,0.0,1.199169,0.0
2019-03-04,8,0,255,0.04,0.04,0.0,0.599584,0.0
2019-03-04,8,0,258,0.0,0.0,0.0,0.0,0.0
2019-03-04,8,0,260,0.02,0.02,0.0,0.355288,0.0
2019-03-04,8,0,265,0.0,0.0,0.0,0.0,0.0
2019-03-04,8,0,266,29.1,29.1,0.0,122.959176,0.0
2019-03-04,8,0,267,35.76,35.76,0.0,151.100348,0.0
2019-03-04,8,0,270,579.0,579.0,0.0,-579000.0,0.0
2019-03-04,8,0,272,490.05,490.05,0.0,-100272.782422,0.0
2019-03-04,8,0,273,0.0,0.0,0.0,-0.0,0.0
2019-03-04,8,0,274,746.4,746.4,0.0,-746400.0,0.0
2019-03-04,8,0,275,1039.0,1039.0,0.0,-1039000.0,0.0
2019-03-04,8,0,276,0.0,0.0,0.0,-0.0,0.0
2019-03-04,8,0,277,0.0,0.0,0.0,-0.0,0.0
2019-03-04,8,0,278,0.0,0.0,0.0,-0.0,0.0
2019-03-04,8,0,279,264.6,264.6,0.0,-57220.888091,0.0
2019-03-04,8,0,281,16.83,16.83,0.0,-46.545179,0.0
2019-03-04,8,0,282,0.0,0.0,0.0,-0.0,0.0
2019-03-04,9,0,9,0.48,0.48,0.0,-29.319036,0.0
2019-03-04,9,0,17,7.48,7.48,0.0,103.933266,0.0
2019-03-04,9,0,19,475.02,475.02,0.0,6600.318198,0.0
2019-03-04,9,0,20,589.85,589.85,0.0,8195.860572,0.0
2019-03-04,9,0,21,10.94,10.94,0.0,-668.229701,0.0
2019-03-04,9,0,22,38.89,38.89,0.0,-2375.45275,0.0
2019-03-04,9,0,23,108.8,108.8,0.0,-6645.648219,0.0
2019-03-04,9,0,24,192.5,192.5,0.0,-11758.155167,0.0
2019-03-04,9,0,29,1.38,1.38,0.0,16.416191,0.0
2019-03-04,9,0,30,102.35,102.35,0.0,-6316.262103,0.0
2019-03-04,9,0,31,48.53,48.53,0.0,-2994.901806,0.0
2019-03-04,9,0,32,1.06,1.06,0.0,333.295715,0.0
2019-03-04,9,0,33,0.42,0.42,0.0,17.525807,0.0
2019-03-04,9,0,34,0.68,0.68,0.0,28.375116,0.0
2019-03-04,9,0,35,0.68,0.68,0.0,28.375116,0.0
2019-03-04,9,0,36,1.85,1.85,0.0,22.460896,0.0
2019-03-04,9,0,37,0.87,0.87,0.0,10.455779,0.0
2019-03-04,9,0,38,1.12,1.12,0.0,13.460313,0.0
2019-03-04,9,0,39,0.75,0.75,0.0,9.013602,0.0
2019-03-04,9,0,40,0.75,0.75,0.0,9.013602,0.0
2019-03-04,9,0,41,34.8,34.8,0.0,-985.912815,0.0
2019-03-04,9,0,42,6.7,6.7,0.0,153.771301,0.0
2019-03-04,9,0,43,5.57,5.57,0.0,97.895615,0.0
2019-03-04,9,0,46,4.9,4.9,0.0,26.731959,0.0
2019-03-04,9,0,52,51.49,51.49,0.0,-3177.570451,0.0
2019-03-04,9,0,53,82.25,82.25,0.0,-5075.843263,0.0
2019-03-04,9,0,55,186.9,186.9,0.0,-11416.099744,0.0
2019-03-04,9,0,56,30.19,30.19,0.0,-1863.096755,0.0
2019-03-04,9,0,57,28.72,28.72,0.0,-1772.379556,0.0
2019-03-04,9,0,58,55.22,55.22,0.0,-3407.757629,0.0
2019-03-04,9,0,59,54.3,54.3,0.0,-3350.982239,0.0
2019-03-04,9,0,63,51.0,51.0,0.0,17158.301961,0.0
2019-03-04,9,0,64,60.0,60.0,0.0,20186.237601,0.0
2019-03-04,9,0,65,41.4,41.4,0.0,776.379626,0.0
2019-03-04,9,0,67,51.26,51.26,0.0,-23226.553971,0.0
2019-03-04,9,0,68,19.12,19.12,0.0,-5248.947886,0.0
2019-03-04,9,0,69,0.42,0.42,0.0,17.525807,0.0
2019-03-04,9,0,74,65.28,65.28,0.0,1127.868053,0.0
2019-03-04,9,0,77,60.0,60.0,0.0,-7306.289044,0.0
2019-03-04,9,0,78,45.36,45.36,0.0,-5523.554518,0.0
2019-03-04,9,0,79,26.25,26.25,0.0,-3196.501457,0.0
2019-03-04,9,0,80,42.45,42.45,0.0,-5169.199499,0.0
2019-03-04,9,0,81,55.5,55.5,0.0,-6758.317366,0.0
2019-03-04,9,0,82,39.15,39.15,0.0,-4767.353602,0.0
2019-03-04,9,0,83,87.3,87.3,0.0,-10630.65056,0.0
2019-03-04,9,0,84,0.0,0.0,0.0,0.0,0.0
2019-03-04,9,0,86,2.14,2.14,0.0,89.298158,0.0
2019-03-04,9,0,87,10.93,10.93,0.0,456.088254,0.0
2019-03-04,9,0,88,155.83,155.83,0.0,-18975.650363,0.0
2019-03-04,9,0,89,148.85,148.85,0.0,-18125.685405,0.0
2019-03-04,9,0,90,208.93,208.93,0.0,-25441.716168,0.0
2019-03-04,9,0,91,785.09,785.09,0.0,-95601.574432,0.0
2019-03-04,9,0,92,276.23,276.23,0.0,-33636.937046,0.0
2019-03-04,9,0,95,36.0,36.0,0.0,1094.892964,0.0
2019-03-04,9,0,96,29.88,29.88,0.0,-1863.672199,0.0
2019-03-04,9,0,97,183.75,183.75,0.0,-11460.83556,0.0
2019-03-04,9,0,99,12.6,12.6,0.0,217.695121,0.0
2019-03-04,9,0,101,2.06,2.06,0.0,-127.127503,0.0
2019-03-04,9,0,102,45.2,45.2,0.0,-12408.600651,0.0
2019-03-04,9,0,103,39.31,39.31,0.0,-10791.639194,0.0
2019-03-04,9,0,104,7.33,7.33,0.0,-2012.279707,0.0
2019-03-04,9,0,106,38.28,38.28,0.0,-2338.193142,0.0
2019-03-04,9,0,109,186.24,186.24,0.0,-1196.59667,0.0
2019-03-04,9,0,110,115.88,115.88,0.0,-115880.0,0.0
2019-03-04,9,0,111,2.53,2.53,0.0,-71.676995,0.0
2019-03-04,9,0,113,84.3,84.3,0.0,-8328.019221,0.0
2019-03-04,9,0,115,84.3,84.3,0.0,-8328.019221,0.0
2019-03-04,9,0,116,18.28,18.28,0.0,-18280.0,0.0
2019-03-04,9,0,117,5.73,5.73,0.0,-566.06821,0.0
2019-03-04,9,0,119,60.0,60.0,0.0,20186.237601,0.0
2019-03-04,9,0,120,35.28,35.28,0.0,11869.507709,0.0
2019-03-04,9,0,123,0.64,0.64,0.0,-39.092048,0.0
2019-03-04,9,0,125,174.2,174.2,0.0,-10640.366909,0.0
2019-03-04,9,0,126,28.71,28.71,0.0,-1753.644856,0.0
2019-03-04,9,0,127,36.85,36.85,0.0,-2250.846846,0.0
2019-03-04,9,0,128,249.5,249.5,0.0,-15239.790723,0.0
2019-03-04,9,0,131,30.0,30.0,0.0,-6804.951668,0.0
2019-03-04,9,0,132,44.1,44.1,0.0,-10003.278952,0.0
2019-03-04,9,0,133,41.94,41.94,0.0,563.551763,0.0
2019-03-04,9,0,134,0.0,0.0,0.0,0.0,0.0
2019-03-04,9,0,135,56.2,56.2,0.0,755.164737,0.0
2019-03-04,9,0,136,45.9,45.9,0.0,873.010768,0.0
2019-03-04,9,0,139,44.94,44.94,0.0,-1273.187412,0.0
2019-03-04,9,0,140,85.76,85.76,0.0,-85760.0,0.0
2019-03-04,9,0,141,172.89,172.89,0.0,-78338.644481,0.0
2019-03-04,9,0,142,67.6,67.6,0.0,-30630.414523,0.0
2019-03-04,9,0,143,114.39,114.39,0.0,-7059.27916,0.0
2019-03-04,9,0,145,30.0,30.0,0.0,-1235.664185,0.0
2019-03-04,9,0,146,21.77,21.77,0.0,-21770.0,0.0
2019-03-04,9,0,152,1.29,1.29,0.0,22.616132,0.0
2019-03-04,9,0,153,1.67,1.67,0.0,27.90135,0.0
2019-03-04,9,0,154,10.42,10.42,0.0,-295.207228,0.0
2019-03-04,9,0,157,25.98,25.98,0.0,-11771.86641,0.0
2019-03-04,9,0,158,50.14,50.14,0.0,-22719.067813,0.0
2019-03-04,9,0,159,0.0,0.0,0.0,0.0,0.0
2019-03-04,9,0,160,0.44,0.44,0.0,15.113691,0.0
2019-03-04,9,0,161,9.71,9.71,0.0,-2665.652927,0.0
2019-03-04,9,0,162,48.75,48.75,0.0,1523.056785,0.0
2019-03-04,9,0,163,185.4,185.4,0.0,-185400.0,0.0
2019-03-04,9,0,164,4.7,4.7,0.0,-290.048186,0.0
2019-03-04,9,0,167,1.16,1.16,0.0,20.315049,0.0
2019-03-04,9,0,168,0.58,0.58,0.0,10.157525,0.0
2019-03-04,9,0,169,0.0,0.0,0.0,0.0,0.0
2019-03-04,9,0,170,1.27,1.27,0.0,22.241477,0.0
2019-03-04,9,0,172,1.7,1.7,0.0,321.701894,0.0
2019-03-04,9,0,173,2.59,2.59,0.0,490.122297,0.0
2019-03-04,9,0,188,2.22,2.22,0.0,509.786944,0.0
2019-03-04,9,0,190,1.45,1.45,0.0,487.834075,0.0
2019-03-04,9,0,191,3.74,3.74,0.0,1258.275477,0.0
2019-03-04,9,0,192,285.07,285.07,0.0,95908.179214,0.0
2019-03-04,9,0,194,130.37,130.37,0.0,7246.413102,0.0
2019-03-04,9,0,196,1.07,1.07,0.0,564.945501,0.0
2019-03-04,9,0,198,1.93,1.93,0.0,34.173218,0.0
2019-03-04,9,0,199,39.0,39.0,0.0,2725.558022,0.0
2019-03-04,9,0,200,3.82,3.82,0.0,266.964914,0.0
2019-03-04,9,0,204,480.72,480.72,0.0,-4249.357384,0.0
2019-03-04,9,0,205,1048.92,1048.92,0.0,-6739.337302,0.0
2019-03-04,9,0,206,539.94,539.94,0.0,-33677.080557,0.0
2019-03-04,9,0,210,0.5,0.5,0.0,8.453517,0.0
2019-03-04,9,0,214,2.16,2.16,0.0,111.187281,0.0
2019-03-04,9,0,217,1.51,1.51,0.0,54.617389,0.0
2019-03-04,9,0,218,2.09,2.09,0.0,75.596254,0.0
2019-03-04,9,0,219,1.42,1.42,0.0,51.362048,0.0
2019-03-04,9,0,221,1.15,1.15,0.0,59.196932,0.0
2019-03-04,9,0,225,1.19,1.19,0.0,13.580089,0.0
2019-03-04,9,0,233,1.21,1.21,0.0,50.491014,0.0
2019-03-04,9,0,236,159.03,159.03,0.0,4291.412189,0.0
2019-03-04,9,0,237,156.6,156.6,0.0,2705.639356,0.0
2019-03-04,9,0,238,8.72,8.72,0.0,200.1322,0.0
2019-03-04,9,0,240,2.1,2.1,0.0,25.496152,0.0
2019-03-04,9,0,245,78.0,78.0,0.0,1579.23654,0.0
2019-03-04,9,0,247,171.72,171.72,0.0,3476.749982,0.0
2019-03-04,9,0,248,15.72,15.72,0.0,271.600579,0.0
2019-03-04,9,0,249,150.0,150.0,0.0,3036.993345,0.0
2019-03-04,9,0,251,296.78,296.78,0.0,6205.664783,0.0
2019-03-04,9,0,252,267.06,267.06,0.0,5008.211181,0.0
2019-03-04,9,0,254,2.76,2.76,0.0,60.125636,0.0
2019-03-04,9,0,255,1.27,1.27,0.0,27.666506,0.0
2019-03-04,9,0,258,2.58,2.58,0.0,33.588347,0.0
2019-03-04,9,0,260,1.08,1.08,0.0,37.097241,0.0
2019-03-04,9,0,265,10.79,10.79,0.0,-305.689634,0.0
2019-03-04,9,0,266,29.1,29.1,0.0,-824.427096,0.0
2019-03-04,9,0,267,35.76,35.76,0.0,-1013.11041,0.0
2019-03-04,9,0,270,579.0,579.0,0.0,-579000.0,0.0
2019-03-04,9,0,272,281.31,281.31,0.0,-27790.689051,0.0
2019-03-04,9,0,273,4.37,4.37,0.0,-4370.0,0.0
2019-03-04,9,0,274,746.4,746.4,0.0,-746400.0,0.0
2019-03-04,9,0,275,1039.0,1039.0,0.0,-1039000.0,0.0
2019-03-04,9,0,276,1.03,1.03,0.0,-904.228344,0.0
2019-03-04,9,0,277,1.34,1.34,0.0,-144.7251,0.0
2019-03-04,9,0,278,2.14,2.14,0.0,-231.128144,0.0
2019-03-04,9,0,279,264.6,264.6,0.0,-28577.807001,0.0
2019-03-04,9,0,281,21.62,21.62,0.0,-1334.221658,0.0
2019-03-04,9,0,282,56.14,56.14,0.0,-3464.533019,0.0
2019-03-04,10,0,9,1.29,1.29,0.0,8.548051,0.0
2019-03-04,10,0,17,10.91,10.91,0.0,150.732465,0.0
2019-03-04,10,0,19,349.46,349.46,0.0,4828.136305,0.0
2019-03-04,10,0,20,433.01,433.01,0.0,5982.462375,0.0
2019-03-04,10,0,21,29.54,29.54,0.0,195.743748,0.0
2019-03-04,10,0,22,104.98,104.98,0.0,695.639087,0.0
2019-03-04,10,0,23,108.8,108.8,0.0,720.951921,0.0
2019-03-04,10,0,24,192.5,192.5,0.0,1275.581293,0.0
2019-03-04,10,0,29,2.21,2.21,0.0,18.267049,0.0
2019-03-04,10,0,30,271.49,271.49,0.0,1788.160513,0.0
2019-03-04,10,0,31,93.8,93.8,0.0,617.810808,0.0
2019-03-04,10,0,32,2.35,2.35,0.0,52.252979,0.0
2019-03-04,10,0,33,0.67,0.67,0.0,10.302649,0.0
2019-03-04,10,0,34,1.08,1.08,0.0,16.607255,0.0
2019-03-04,10,0,35,1.08,1.08,0.0,16.607255,0.0
2019-03-04,10,0,36,3.44,3.44,0.0,38.165361,0.0
2019-03-04,10,0,37,1.57,1.57,0.0,17.291196,0.0
2019-03-04,10,0,38,2.02,2.02,0.0,22.247271,0.0
2019-03-04,10,0,39,1.34,1.34,0.0,14.758091,0.0
2019-03-04,10,0,40,1.34,1.34,0.0,14.758091,0.0
2019-03-04,10,0,41,34.8,34.8,0.0,305.386111,0.0
2019-03-04,10,0,42,12.79,12.79,0.0,172.378506,0.0
2019-03-04,10,0,43,10.35,10.35,0.0,115.254308,0.0
2019-03-04,10,0,46,9.63,9.63,0.0,101.493598,0.0
2019-03-04,10,0,52,99.49,99.49,0.0,655.287817,0.0
2019-03-04,10,0,53,158.63,158.63,0.0,1044.811603,0.0
2019-03-04,10,0,55,186.9,186.9,0.0,1238.473474,0.0
2019-03-04,10,0,56,80.08,80.08,0.0,527.444451,0.0
2019-03-04,10,0,57,76.17,76.17,0.0,501.691356,0.0
2019-03-04,10,0,58,146.49,146.49,0.0,964.851868,0.0
2019-03-04,10,0,59,144.04,144.04,0.0,948.715018,0.0
2019-03-04,10,0,63,51.0,51.0,0.0,1386.64512,0.0
2019-03-04,10,0,64,60.0,60.0,0.0,1631.3472,0.0
2019-03-04,10,0,65,41.4,41.4,0.0,569.379626,0.0
2019-03-04,10,0,67,125.18,125.18,0.0,-1839.16624,0.0
2019-03-04,10,0,68,31.8,31.8,0.0,-168.067048,0.0
2019-03-04,10,0,69,0.67,0.67,0.0,10.302649,0.0
2019-03-04,10,0,74,106.28,106.28,0.0,1277.544531,0.0
2019-03-04,10,0,77,60.0,60.0,0.0,168.196496,0.0
2019-03-04,10,0,78,45.36,45.36,0.0,127.156551,0.0
2019-03-04,10,0,79,26.25,26.25,0.0,73.585967,0.0
2019-03-04,10,0,80,42.45,42.45,0.0,118.999021,0.0
2019-03-04,10,0,81,55.5,55.5,0.0,155.581759,0.0
2019-03-04,10,0,82,39.15,39.15,0.0,109.748213,0.0
2019-03-04,10,0,83,87.3,87.3,0.0,244.725901,0.0
2019-03-04,10,0,84,0.0,0.0,0.0,0.0,0.0
2019-03-04,10,0,86,3.41,3.41,0.0,52.43587,0.0
2019-03-04,10,0,87,17.39,17.39,0.0,267.407562,0.0
2019-03-04,10,0,88,103.48,103.48,0.0,290.08289,0.0
2019-03-04,10,0,89,99.0,99.0,0.0,277.524218,0.0
2019-03-04,10,0,90,137.47,137.47,0.0,385.366204,0.0
2019-03-04,10,0,91,509.29,509.29,0.0,1427.679889,0.0
2019-03-04,10,0,92,180.45,180.45,0.0,505.850961,0.0
2019-03-04,10,0,95,88.65,88.65,0.0,1988.396151,0.0
2019-03-04,10,0,96,29.88,29.88,0.0,195.556871,0.0
2019-03-04,10,0,97,183.75,183.75,0.0,1202.596223,0.0
2019-03-04,10,0,99,21.85,21.85,0.0,262.649116,0.0
2019-03-04,10,0,101,5.47,5.47,0.0,36.027986,0.0
2019-03-04,10,0,102,75.28,75.28,0.0,-397.864382,0.0
2019-03-04,10,0,103,65.46,65.46,0.0,-345.964432,0.0
2019-03-04,10,0,104,12.16,12.16,0.0,-64.267148,0.0
2019-03-04,10,0,106,103.34,103.34,0.0,684.771797,0.0
2019-03-04,10,0,109,171.07,171.07,0.0,1714.930553,0.0
2019-03-04,10,0,110,99.51,99.51,0.0,-4328.639136,0.0
2019-03-04,10,0,111,5.32,5.32,0.0,46.685463,0.0
2019-03-04,10,0,113,150.0,150.0,0.0,581.377764,0.0
2019-03-04,10,0,115,150.0,150.0,0.0,581.377764,0.0
2019-03-04,10,0,116,42.09,42.09,0.0,-1830.895601,0.0
2019-03-04,10,0,117,10.0,10.0,0.0,38.758518,0.0
2019-03-04,10,0,119,60.0,60.0,0.0,1631.3472,0.0
2019-03-04,10,0,120,35.28,35.28,0.0,959.232154,0.0
2019-03-04,10,0,123,1.72,1.72,0.0,11.397402,0.0
2019-03-04,10,0,125,174.2,174.2,0.0,1154.318241,0.0
2019-03-04,10,0,126,77.5,77.5,0.0,513.545716,0.0
2019-03-04,10,0,127,99.46,99.46,0.0,659.061379,0.0
2019-03-04,10,0,128,249.5,249.5,0.0,1653.285884,0.0
2019-03-04,10,0,131,40.31,40.31,0.0,-111.771369,0.0
2019-03-04,10,0,132,65.03,65.03,0.0,-180.314863,0.0
2019-03-04,10,0,133,41.94,41.94,0.0,579.691058,0.0
2019-03-04,10,0,134,0.0,0.0,0.0,0.0,0.0
2019-03-04,10,0,135,56.2,56.2,0.0,776.791547,0.0
2019-03-04,10,0,136,45.9,45.9,0.0,631.110319,0.0
2019-03-04,10,0,139,44.94,44.94,0.0,394.369306,0.0
2019-03-04,10,0,140,73.65,73.65,0.0,-3203.741055,0.0
2019-03-04,10,0,141,137.16,137.16,0.0,-2015.178474,0.0
2019-03-04,10,0,142,165.08,165.08,0.0,-2425.38395,0.0
2019-03-04,10,0,143,188.14,188.14,0.0,1239.178308,0.0
2019-03-04,10,0,145,56.19,56.19,0.0,441.877911,0.0
2019-03-04,10,0,146,15.45,15.45,0.0,-672.067879,0.0
2019-03-04,10,0,152,2.3,2.3,0.0,27.622019,0.0
2019-03-04,10,0,153,2.95,2.95,0.0,35.186207,0.0
2019-03-04,10,0,154,21.95,21.95,0.0,192.621412,0.0
2019-03-04,10,0,157,18.56,18.56,0.0,-272.686734,0.0
2019-03-04,10,0,158,130.02,130.02,0.0,-1910.276358,0.0
2019-03-04,10,0,159,0.0,0.0,0.0,0.0,0.0
2019-03-04,10,0,160,0.8,0.8,0.0,9.324758,0.0
2019-03-04,10,0,161,22.93,22.93,0.0,-121.187969,0.0
2019-03-04,10,0,162,91.77,91.77,0.0,2063.255192,0.0
2019-03-04,10,0,163,99.5,99.5,0.0,-4328.20414,0.0
2019-03-04,10,0,164,13.27,13.27,0.0,87.402446,0.0
2019-03-04,10,0,167,2.73,2.73,0.0,60.852428,0.0
2019-03-04,10,0,168,1.36,1.36,0.0,30.314762,0.0
2019-03-04,10,0,169,0.0,0.0,0.0,0.0,0.0
2019-03-04,10,0,170,2.98,2.98,0.0,66.424994,0.0
2019-03-04,10,0,172,3.42,3.42,0.0,71.196194,0.0
2019-03-04,10,0,173,5.21,5.21,0.0,108.459698,0.0
2019-03-04,10,0,188,4.72,4.72,0.0,100.830625,0.0
2019-03-04,10,0,190,3.58,3.58,0.0,97.33705,0.0
2019-03-04,10,0,191,9.25,9.25,0.0,251.49936,0.0
2019-03-04,10,0,192,260.46,260.46,0.0,7081.678195,0.0
2019-03-04,10,0,194,52.95,52.95,0.0,628.981803,0.0
2019-03-04,10,0,196,2.39,2.39,0.0,88.53064,0.0
2019-03-04,10,0,198,3.23,3.23,0.0,39.045567,0.0
2019-03-04,10,0,199,39.0,39.0,0.0,497.995304,0.0
2019-03-04,10,0,200,7.09,7.09,0.0,90.532992,0.0
2019-03-04,10,0,204,257.1,257.1,0.0,2528.815728,0.0
2019-03-04,10,0,205,1010.31,1010.31,0.0,10128.084917,0.0
2019-03-04,10,0,206,539.94,539.94,0.0,3533.767643,0.0
2019-03-04,10,0,210,0.71,0.71,0.0,6.244261,0.0
2019-03-04,10,0,214,3.96,3.96,0.0,64.556586,0.0
2019-03-04,10,0,217,2.73,2.73,0.0,35.577147,0.0
2019-03-04,10,0,218,3.77,3.77,0.0,49.130346,0.0
2019-03-04,10,0,219,2.57,2.57,0.0,33.49204,0.0
2019-03-04,10,0,221,2.11,2.11,0.0,34.397575,0.0
2019-03-04,10,0,225,2.06,2.06,0.0,16.921944,0.0
2019-03-04,10,0,233,1.93,1.93,0.0,29.67778,0.0
2019-03-04,10,0,236,159.03,159.03,0.0,2059.479255,0.0
2019-03-04,10,0,237,248.36,248.36,0.0,2985.424912,0.0
2019-03-04,10,0,238,16.65,16.65,0.0,224.402043,0.0
2019-03-04,10,0,240,3.9,3.9,0.0,43.268869,0.0
2019-03-04,10,0,245,78.0,78.0,0.0,1095.677439,0.0
2019-03-04,10,0,247,171.72,171.72,0.0,2412.176023,0.0
2019-03-04,10,0,248,27.11,27.11,0.0,325.877232,0.0
2019-03-04,10,0,249,150.0,150.0,0.0,2107.071998,0.0
2019-03-04,10,0,251,326.4,326.4,0.0,4455.335538,0.0
2019-03-04,10,0,252,267.06,267.06,0.0,3672.911181,0.0
2019-03-04,10,0,254,4.44,4.44,0.0,50.022084,0.0
2019-03-04,10,0,255,2.04,2.04,0.0,22.983119,0.0
2019-03-04,10,0,258,4.82,4.82,0.0,53.50788,0.0
2019-03-04,10,0,260,1.94,1.94,0.0,22.612538,0.0
2019-03-04,10,0,265,22.72,22.72,0.0,199.378518,0.0
2019-03-04,10,0,266,29.1,29.1,0.0,255.365972,0.0
2019-03-04,10,0,267,35.76,35.76,0.0,313.810556,0.0
2019-03-04,10,0,270,310.59,310.59,0.0,-13510.521849,0.0
2019-03-04,10,0,272,501.3,501.3,0.0,1942.964488,0.0
2019-03-04,10,0,273,10.07,10.07,0.0,-438.040359,0.0
2019-03-04,10,0,274,400.36,400.36,0.0,-17415.475474,0.0
2019-03-04,10,0,275,557.27,557.27,0.0,-24240.988154,0.0
2019-03-04,10,0,276,2.26,2.26,0.0,-83.772465,0.0
2019-03-04,10,0,277,3.19,3.19,0.0,10.992224,0.0
2019-03-04,10,0,278,5.11,5.11,0.0,17.608234,0.0
2019-03-04,10,0,279,264.6,264.6,0.0,911.768841,0.0
2019-03-04,10,0,281,41.81,41.81,0.0,275.380276,0.0
2019-03-04,10,0,282,148.93,148.93,0.0,980.922853,0.0
2019-03-04,11,0,9,2.07,2.07,0.0,-171.422932,0.0
2019-03-04,11,0,17,16.33,16.33,0.0,342.652218,0.0
2019-03-04,11,0,19,192.99,192.99,0.0,4049.507139,0.0
2019-03-04,11,0,20,234.06,234.06,0.0,4911.278516,0.0
2019-03-04,11,0,21,47.43,47.43,0.0,-3927.821097,0.0
2019-03-04,11,0,22,168.56,168.56,0.0,-13958.961082,0.0
2019-03-04,11,0,23,47.28,47.28,0.0,-3915.399145,0.0
2019-03-04,11,0,24,83.62,83.62,0.0,-6924.823954,0.0
2019-03-04,11,0,29,3.4,3.4,0.0,20.292773,0.0
2019-03-04,11,0,30,443.82,443.82,0.0,-37059.394801,0.0
2019-03-04,11,0,31,66.45,66.45,0.0,-5548.638602,0.0
2019-03-04,11,0,32,3.57,3.57,0.0,929.175269,0.0
2019-03-04,11,0,33,1.02,1.02,0.0,38.455644,0.0
2019-03-04,11,0,34,1.62,1.62,0.0,61.07661,0.0
2019-03-04,11,0,35,1.62,1.62,0.0,61.07661,0.0
2019-03-04,11,0,36,5.33,5.33,0.0,-13.435493,0.0
2019-03-04,11,0,37,2.44,2.44,0.0,-6.047466,0.0
2019-03-04,11,0,38,3.14,3.14,0.0,-7.782395,0.0
2019-03-04,11,0,39,2.09,2.09,0.0,-5.180002,0.0
2019-03-04,11,0,40,2.09,2.09,0.0,-5.180002,0.0
2019-03-04,11,0,41,34.8,34.8,0.0,-1647.576463,0.0
2019-03-04,11,0,42,20.77,20.77,0.0,360.54598,0.0
2019-03-04,11,0,43,15.98,15.98,0.0,66.126566,0.0
2019-03-04,11,0,46,14.64,14.64,0.0,-139.053205,0.0
2019-03-04,11,0,52,70.65,70.65,0.0,-5899.342622,0.0
2019-03-04,11,0,53,115.06,115.06,0.0,-9607.620129,0.0
2019-03-04,11,0,55,300.09,300.09,0.0,-24851.356377,0.0
2019-03-04,11,0,56,130.91,130.91,0.0,-10931.1103,0.0
2019-03-04,11,0,57,124.53,124.53,0.0,-10398.374193,0.0
2019-03-04,11,0,58,239.47,239.47,0.0,-19995.974208,0.0
2019-03-04,11,0,59,235.48,235.48,0.0,-19662.805389,0.0
2019-03-04,11,0,63,51.0,51.0,0.0,14881.009875,0.0
2019-03-04,11,0,64,60.0,60.0,0.0,17507.070442,0.0
2019-03-04,11,0,65,41.4,41.4,0.0,840.825139,0.0
2019-03-04,11,0,67,204.37,204.37,0.0,-96134.688015,0.0
2019-03-04,11,0,68,29.56,29.56,0.0,-8792.707088,0.0
2019-03-04,11,0,69,1.02,1.02,0.0,38.455644,0.0
2019-03-04,11,0,74,144.48,144.48,0.0,133.316013,0.0
2019-03-04,11,0,77,60.0,60.0,0.0,-8941.541749,0.0
2019-03-04,11,0,78,45.36,45.36,0.0,-6759.805563,0.0
2019-03-04,11,0,79,26.25,26.25,0.0,-3911.924515,0.0
2019-03-04,11,0,80,42.45,42.45,0.0,-6326.140788,0.0
2019-03-04,11,0,81,55.5,55.5,0.0,-8270.926118,0.0
2019-03-04,11,0,82,39.15,39.15,0.0,-5834.355991,0.0
2019-03-04,11,0,83,87.3,87.3,0.0,-13009.943245,0.0
2019-03-04,11,0,84,0.0,0.0,0.0,0.0,0.0
2019-03-04,11,0,86,5.14,5.14,0.0,193.786282,0.0
2019-03-04,11,0,87,26.26,26.26,0.0,990.044314,0.0
2019-03-04,11,0,88,51.18,51.18,0.0,-7627.135112,0.0
2019-03-04,11,0,89,49.2,49.2,0.0,-7332.064234,0.0
2019-03-04,11,0,90,66.06,66.06,0.0,-9844.637466,0.0
2019-03-04,11,0,91,235.65,235.65,0.0,-35117.905221,0.0
2019-03-04,11,0,92,84.75,84.75,0.0,-12629.927721,0.0
2019-03-04,11,0,95,96.29,96.29,0.0,2447.084542,0.0
2019-03-04,11,0,96,31.42,31.42,0.0,-2646.190166,0.0
2019-03-04,11,0,97,230.91,230.91,0.0,-19447.223779,0.0
2019-03-04,11,0,99,31.0,31.0,0.0,28.604626,0.0
2019-03-04,11,0,101,8.94,8.94,0.0,-746.498557,0.0
2019-03-04,11,0,102,70.0,70.0,0.0,-20821.701493,0.0
2019-03-04,11,0,103,60.87,60.87,0.0,-18105.956712,0.0
2019-03-04,11,0,104,11.3,11.3,0.0,-3361.217527,0.0
2019-03-04,11,0,106,165.93,165.93,0.0,-13741.162863,0.0
2019-03-04,11,0,109,83.48,83.48,0.0,-1922.826948,0.0
2019-03-04,11,0,110,63.64,63.64,0.0,-63640.0,0.0
2019-03-04,11,0,111,8.41,8.41,0.0,-398.164312,0.0
2019-03-04,11,0,113,84.2,84.2,0.0,-10812.208038,0.0
2019-03-04,11,0,115,84.2,84.2,0.0,-10812.208038,0.0
2019-03-04,11,0,116,66.67,66.67,0.0,-66670.0,0.0
2019-03-04,11,0,117,5.66,5.66,0.0,-726.806384,0.0
2019-03-04,11,0,119,60.0,60.0,0.0,17507.070442,0.0
2019-03-04,11,0,120,35.28,35.28,0.0,10294.15742,0.0
2019-03-04,11,0,123,2.77,2.77,0.0,-229.39204,0.0
2019-03-04,11,0,125,75.68,75.68,0.0,-6267.288649,0.0
2019-03-04,11,0,126,124.45,124.45,0.0,-10306.07918,0.0
2019-03-04,11,0,127,159.71,159.71,0.0,-13226.065937,0.0
2019-03-04,11,0,128,108.37,108.37,0.0,-8974.445968,0.0
2019-03-04,11,0,131,27.17,27.17,0.0,-6826.877758,0.0
2019-03-04,11,0,132,39.94,39.94,0.0,-10035.535431,0.0
2019-03-04,11,0,133,41.94,41.94,0.0,882.686666,0.0
2019-03-04,11,0,134,0.0,0.0,0.0,0.0,0.0
2019-03-04,11,0,135,56.2,56.2,0.0,1182.808551,0.0
2019-03-04,11,0,136,45.9,45.9,0.0,930.522825,0.0
2019-03-04,11,0,139,44.94,44.94,0.0,-2127.646157,0.0
2019-03-04,11,0,140,47.1,47.1,0.0,-47100.0,0.0
2019-03-04,11,0,141,100.38,100.38,0.0,-47218.280486,0.0
2019-03-04,11,0,142,269.51,269.51,0.0,-126776.238034,0.0
2019-03-04,11,0,143,112.95,112.95,0.0,-9431.43311,0.0
2019-03-04,11,0,145,100.0,100.0,0.0,-6106.313324,0.0
2019-03-04,11,0,146,5.68,5.68,0.0,-5680.0,0.0
2019-03-04,11,0,152,3.6,3.6,0.0,7.732755,0.0
2019-03-04,11,0,153,4.52,4.52,0.0,5.888163,0.0
2019-03-04,11,0,154,34.69,34.69,0.0,-1642.368606,0.0
2019-03-04,11,0,157,15.14,15.14,0.0,-7121.784883,0.0
2019-03-04,11,0,158,215.32,215.32,0.0,-101285.51658,0.0
2019-03-04,11,0,159,0.0,0.0,0.0,0.0,0.0
2019-03-04,11,0,160,1.25,1.25,0.0,29.680386,0.0
2019-03-04,11,0,161,37.07,37.07,0.0,-11026.578205,0.0
2019-03-04,11,0,162,162.5,162.5,0.0,4264.793111,0.0
2019-03-04,11,0,163,159.65,159.65,0.0,-159650.0,0.0
2019-03-04,11,0,164,21.37,21.37,0.0,-1784.415454,0.0
2019-03-04,11,0,167,4.17,4.17,0.0,59.846624,0.0
2019-03-04,11,0,168,2.09,2.09,0.0,29.995071,0.0
2019-03-04,11,0,169,0.0,0.0,0.0,0.0,0.0
2019-03-04,11,0,170,4.56,4.56,0.0,65.44379,0.0
2019-03-04,11,0,172,5.3,5.3,0.0,806.786947,0.0
2019-03-04,11,0,173,8.07,8.07,0.0,1228.447295,0.0
2019-03-04,11,0,188,7.2,7.2,0.0,1350.776762,0.0
2019-03-04,11,0,190,5.53,5.53,0.0,1613.568326,0.0
2019-03-04,11,0,191,14.29,14.29,0.0,4169.60061,0.0
2019-03-04,11,0,192,257.52,257.52,0.0,75140.346336,0.0
2019-03-04,11,0,194,52.95,52.95,0.0,1035.372185,0.0
2019-03-04,11,0,196,3.75,3.75,0.0,1787.197052,0.0
2019-03-04,11,0,198,4.96,4.96,0.0,60.937642,0.0
2019-03-04,11,0,199,56.82,56.82,0.0,1609.168904,0.0
2019-03-04,11,0,200,10.62,10.62,0.0,300.763354,0.0
2019-03-04,11,0,204,257.1,257.1,0.0,-6577.025474,0.0
2019-03-04,11,0,205,545.8,545.8,0.0,-12571.621327,0.0
2019-03-04,11,0,206,882.59,882.59,0.0,-74331.667034,0.0
2019-03-04,11,0,210,1.06,1.06,0.0,11.017753,0.0
2019-03-04,11,0,214,6.03,6.03,0.0,286.899781,0.0
2019-03-04,11,0,217,4.1,4.1,0.0,129.299115,0.0
2019-03-04,11,0,218,5.65,5.65,0.0,178.180487,0.0
2019-03-04,11,0,219,3.85,3.85,0.0,121.415022,0.0
2019-03-04,11,0,221,3.22,3.22,0.0,153.203531,0.0
2019-03-04,11,0,225,3.09,3.09,0.0,17.121891,0.0
2019-03-04,11,0,233,2.91,2.91,0.0,109.711689,0.0
2019-03-04,11,0,236,159.03,159.03,0.0,1882.84829,0.0
2019-03-04,11,0,237,322.11,322.11,0.0,297.220521,0.0
2019-03-04,11,0,238,27.04,27.04,0.0,469.386775,0.0
2019-03-04,11,0,240,6.04,6.04,0.0,-15.225212,0.0
2019-03-04,11,0,245,78.0,78.0,0.0,1829.767392,0.0
2019-03-04,11,0,247,171.72,171.72,0.0,4028.30329,0.0
2019-03-04,11,0,248,38.35,38.35,0.0,35.386691,0.0
2019-03-04,11,0,249,150.0,150.0,0.0,3518.783447,0.0
2019-03-04,11,0,251,326.4,326.4,0.0,6268.348018,0.0
2019-03-04,11,0,252,267.06,267.06,0.0,5423.931437,0.0
2019-03-04,11,0,254,6.94,6.94,0.0,62.862378,0.0
2019-03-04,11,0,255,3.18,3.18,0.0,28.804375,0.0
2019-03-04,11,0,258,7.45,7.45,0.0,-10.767319,0.0
2019-03-04,11,0,260,3.04,3.04,0.0,72.1827,0.0
2019-03-04,11,0,265,35.92,35.92,0.0,-1700.601912,0.0
2019-03-04,11,0,266,29.1,29.1,0.0,-1377.714801,0.0
2019-03-04,11,0,267,35.76,35.76,0.0,-1693.026848,0.0
2019-03-04,11,0,270,540.07,540.07,0.0,-540070.0,0.0
2019-03-04,11,0,272,281.17,281.17,0.0,-36105.327009,0.0
2019-03-04,11,0,273,15.94,15.94,0.0,-15940.0,0.0
2019-03-04,11,0,274,705.29,705.29,0.0,-705290.0,0.0
2019-03-04,11,0,275,995.11,995.11,0.0,-995110.0,0.0
2019-03-04,11,0,276,3.63,3.63,0.0,-3200.754134,0.0
2019-03-04,11,0,277,5.05,5.05,0.0,-690.212675,0.0
2019-03-04,11,0,278,8.07,8.07,0.0,-1102.973523,0.0
2019-03-04,11,0,279,264.6,264.6,0.0,-36164.410676,0.0
2019-03-04,11,0,281,28.98,28.98,0.0,-2419.857738,0.0
2019-03-04,11,0,282,243.46,243.46,0.0,-20329.143027,0.0
2019-03-04,12,0,9,2.75,2.75,0.0,-39.928948,0.0
2019-03-04,12,0,17,20.75,20.75,0.0,256.048314,0.0
2019-03-04,12,0,19,192.99,192.99,0.0,2381.434413,0.0
2019-03-04,12,0,20,234.06,234.06,0.0,2888.224979,0.0
2019-03-04,12,0,21,62.82,62.82,0.0,-912.122369,0.0
2019-03-04,12,0,22,223.24,223.24,0.0,-3241.359402,0.0
2019-03-04,12,0,23,26.91,26.91,0.0,-390.722906,0.0
2019-03-04,12,0,24,45.05,45.05,0.0,-654.108767,0.0
2019-03-04,12,0,29,4.24,4.24,0.0,22.828218,0.0
2019-03-04,12,0,30,584.15,584.15,0.0,-8584.563958,0.0
2019-03-04,12,0,31,39.78,39.78,0.0,-584.599768,0.0
2019-03-04,12,0,32,4.45,4.45,0.0,726.513663,0.0
2019-03-04,12,0,33,1.34,1.34,0.0,22.459368,0.0
2019-03-04,12,0,34,2.14,2.14,0.0,35.867945,0.0
2019-03-04,12,0,35,2.14,2.14,0.0,35.867945,0.0
2019-03-04,12,0,36,7.09,7.09,0.0,42.54385,0.0
2019-03-04,12,0,37,3.26,3.26,0.0,19.533029,0.0
2019-03-04,12,0,38,4.19,4.19,0.0,25.105335,0.0
2019-03-04,12,0,39,2.8,2.8,0.0,16.776835,0.0
2019-03-04,12,0,40,2.8,2.8,0.0,16.776835,0.0
2019-03-04,12,0,41,28.68,28.68,0.0,-155.264769,0.0
2019-03-04,12,0,42,28.17,28.17,0.0,320.612639,0.0
2019-03-04,12,0,43,21.1,21.1,0.0,160.88461,0.0
2019-03-04,12,0,46,19.08,19.08,0.0,79.717587,0.0
2019-03-04,12,0,52,42.17,42.17,0.0,-619.72278,0.0
2019-03-04,12,0,53,66.99,66.99,0.0,-984.473063,0.0
2019-03-04,12,0,55,250.95,250.95,0.0,-3643.698002,0.0
2019-03-04,12,0,56,172.3,172.3,0.0,-2532.089994,0.0
2019-03-04,12,0,57,163.9,163.9,0.0,-2408.645096,0.0
2019-03-04,12,0,58,315.19,315.19,0.0,-4631.975886,0.0
2019-03-04,12,0,59,309.94,309.94,0.0,-4554.822825,0.0
2019-03-04,12,0,63,51.0,51.0,0.0,10727.348837,0.0
2019-03-04,12,0,64,60.0,60.0,0.0,12620.410396,0.0
2019-03-04,12,0,65,41.4,41.4,0.0,503.492598,0.0
2019-03-04,12,0,67,273.48,273.48,0.0,-140767.496024,0.0
2019-03-04,12,0,68,27.78,27.78,0.0,-9896.927226,0.0
2019-03-04,12,0,69,1.34,1.34,0.0,22.459368,0.0
2019-03-04,12,0,74,162.16,162.16,0.0,1143.753627,0.0
2019-03-04,12,0,77,59.87,59.87,0.0,-13362.514869,0.0
2019-03-04,12,0,78,45.27,45.27,0.0,-10103.909272,0.0
2019-03-04,12,0,79,26.2,26.2,0.0,-5847.634701,0.0
2019-03-04,12,0,80,42.36,42.36,0.0,-9454.420074,0.0
2019-03-04,12,0,81,55.38,55.38,0.0,-12360.382052,0.0
2019-03-04,12,0,82,39.07,39.07,0.0,-8720.117854,0.0
2019-03-04,12,0,83,87.12,87.12,0.0,-19444.501343,0.0
2019-03-04,12,0,84,0.0,0.0,0.0,0.0,0.0
2019-03-04,12,0,86,6.79,6.79,0.0,113.805304,0.0
2019-03-04,12,0,87,34.64,34.64,0.0,580.591417,0.0
2019-03-04,12,0,88,51.18,51.18,0.0,-11422.974962,0.0
2019-03-04,12,0,89,49.2,49.2,0.0,-10981.054477,0.0
2019-03-04,12,0,90,66.06,66.06,0.0,-14744.074365,0.0
2019-03-04,12,0,91,235.65,235.65,0.0,-52595.233488,0.0
2019-03-04,12,0,92,84.75,84.75,0.0,-18915.535914,0.0
2019-03-04,12,0,95,120.0,120.0,0.0,3049.643213,0.0
2019-03-04,12,0,96,25.06,25.06,0.0,-372.892085,0.0
2019-03-04,12,0,97,154.09,154.09,0.0,-2292.854802,0.0
2019-03-04,12,0,99,31.3,31.3,0.0,220.766456,0.0
2019-03-04,12,0,101,11.77,11.77,0.0,-172.969816,0.0
2019-03-04,12,0,102,65.77,65.77,0.0,-23431.278028,0.0
2019-03-04,12,0,103,57.19,57.19,0.0,-20374.559684,0.0
2019-03-04,12,0,104,10.62,10.62,0.0,-3783.490538,0.0
2019-03-04,12,0,106,219.76,219.76,0.0,-3190.831133,0.0
2019-03-04,12,0,109,60.0,60.0,0.0,46.500422,0.0
2019-03-04,12,0,110,38.33,38.33,0.0,-38330.0,0.0
2019-03-04,12,0,111,11.64,11.64,0.0,-63.015408,0.0
2019-03-04,12,0,113,45.0,45.0,0.0,-8760.009943,0.0
2019-03-04,12,0,115,45.0,45.0,0.0,-8760.009943,0.0
2019-03-04,12,0,116,87.75,87.75,0.0,-87750.0,0.0
2019-03-04,12,0,117,3.0,3.0,0.0,-584.000663,0.0
2019-03-04,12,0,119,60.0,60.0,0.0,12620.410396,0.0
2019-03-04,12,0,120,35.28,35.28,0.0,7420.801313,0.0
2019-03-04,12,0,123,3.66,3.66,0.0,-53.1418,0.0
2019-03-04,12,0,125,41.22,41.22,0.0,-598.498632,0.0
2019-03-04,12,0,126,164.82,164.82,0.0,-2393.12335,0.0
2019-03-04,12,0,127,211.52,211.52,0.0,-3071.189485,0.0
2019-03-04,12,0,128,56.5,56.5,0.0,-820.358387,0.0
2019-03-04,12,0,131,24.29,24.29,0.0,-7625.590508,0.0
2019-03-04,12,0,132,35.71,35.71,0.0,-11210.779622,0.0
2019-03-04,12,0,133,41.94,41.94,0.0,518.229515,0.0
2019-03-04,12,0,134,0.0,0.0,0.0,0.0,0.0
2019-03-04,12,0,135,56.2,56.2,0.0,694.432492,0.0
2019-03-04,12,0,136,45.9,45.9,0.0,557.771474,0.0
2019-03-04,12,0,139,37.04,37.04,0.0,-200.523258,0.0
2019-03-04,12,0,140,28.37,28.37,0.0,-28370.0,0.0
2019-03-04,12,0,141,73.28,73.28,0.0,-37719.182787,0.0
2019-03-04,12,0,142,360.65,360.65,0.0,-185636.234609,0.0
2019-03-04,12,0,143,61.66,61.66,0.0,-906.144336,0.0
2019-03-04,12,0,145,56.25,56.25,0.0,-503.698155,0.0
2019-03-04,12,0,146,0.0,0.0,0.0,-0.0,0.0
2019-03-04,12,0,152,4.79,4.79,0.0,35.195795,0.0
2019-03-04,12,0,153,6.06,6.06,0.0,43.168431,0.0
2019-03-04,12,0,154,48.03,48.03,0.0,-260.019765,0.0
2019-03-04,12,0,157,14.47,14.47,0.0,-7448.097365,0.0
2019-03-04,12,0,158,292.9,292.9,0.0,-150763.491244,0.0
2019-03-04,12,0,159,0.0,0.0,0.0,0.0,0.0
2019-03-04,12,0,160,1.64,1.64,0.0,20.502274,0.0
2019-03-04,12,0,161,48.91,48.91,0.0,-17424.719604,0.0
2019-03-04,12,0,162,162.5,162.5,0.0,4256.483468,0.0
2019-03-04,12,0,163,185.4,185.4,0.0,-185400.0,0.0
2019-03-04,12,0,164,28.86,28.86,0.0,-424.1214,0.0
2019-03-04,12,0,167,5.3,5.3,0.0,95.624167,0.0
2019-03-04,12,0,168,2.65,2.65,0.0,47.812083,0.0
2019-03-04,12,0,169,0.0,0.0,0.0,0.0,0.0
2019-03-04,12,0,170,5.8,5.8,0.0,104.645314,0.0
2019-03-04,12,0,172,6.6,6.6,0.0,627.537222,0.0
2019-03-04,12,0,173,10.05,10.05,0.0,955.568043,0.0
2019-03-04,12,0,188,8.93,8.93,0.0,1032.921949,0.0
2019-03-04,12,0,190,7.07,7.07,0.0,229.262829,0.0
2019-03-04,12,0,191,18.27,18.27,0.0,592.451469,0.0
2019-03-04,12,0,192,254.06,254.06,0.0,8238.545161,0.0
2019-03-04,12,0,194,52.95,52.95,0.0,-2652.641296,0.0
2019-03-04,12,0,196,4.99,4.99,0.0,1891.112054,0.0
2019-03-04,12,0,198,6.37,6.37,0.0,51.657041,0.0
2019-03-04,12,0,199,113.69,113.69,0.0,289.748196,0.0
2019-03-04,12,0,200,13.39,13.39,0.0,34.125502,0.0
2019-03-04,12,0,204,257.1,257.1,0.0,28.979458,0.0
2019-03-04,12,0,205,317.4,317.4,0.0,245.98723,0.0
2019-03-04,12,0,206,452.79,452.79,0.0,-6737.502276,0.0
2019-03-04,12,0,210,1.34,1.34,0.0,9.198893,0.0
2019-03-04,12,0,214,7.92,7.92,0.0,153.436317,0.0
2019-03-04,12,0,217,5.25,5.25,0.0,72.537077,0.0
2019-03-04,12,0,218,7.24,7.24,0.0,100.032084,0.0
2019-03-04,12,0,219,4.93,4.93,0.0,68.11577,0.0
2019-03-04,12,0,221,4.22,4.22,0.0,81.75521,0.0
2019-03-04,12,0,225,3.91,3.91,0.0,20.492331,0.0
2019-03-04,12,0,233,3.84,3.84,0.0,64.361173,0.0
2019-03-04,12,0,236,159.03,159.03,0.0,1577.417764,0.0
2019-03-04,12,0,237,389.01,389.01,0.0,2743.781441,0.0
2019-03-04,12,0,238,36.66,36.66,0.0,417.240303,0.0
2019-03-04,12,0,240,8.04,8.04,0.0,48.244366,0.0
2019-03-04,12,0,245,78.0,78.0,0.0,1013.556377,0.0
2019-03-04,12,0,247,171.72,171.72,0.0,2231.383347,0.0
2019-03-04,12,0,248,39.05,39.05,0.0,275.429077,0.0
2019-03-04,12,0,249,150.0,150.0,0.0,1949.146879,0.0
2019-03-04,12,0,251,326.4,326.4,0.0,3874.164442,0.0
2019-03-04,12,0,252,267.06,267.06,0.0,3247.892107,0.0
2019-03-04,12,0,254,9.36,9.36,0.0,82.822479,0.0
2019-03-04,12,0,255,4.29,4.29,0.0,37.960303,0.0
2019-03-04,12,0,258,9.83,9.83,0.0,61.564149,0.0
2019-03-04,12,0,260,3.99,3.99,0.0,49.880531,0.0
2019-03-04,12,0,265,49.73,49.73,0.0,-269.223047,0.0
2019-03-04,12,0,266,23.98,23.98,0.0,-129.820403,0.0
2019-03-04,12,0,267,29.47,29.47,0.0,-159.541588,0.0
2019-03-04,12,0,270,579.0,579.0,0.0,-579000.0,0.0
2019-03-04,12,0,272,150.39,150.39,0.0,-29275.95323,0.0
2019-03-04,12,0,273,20.98,20.98,0.0,-20980.0,0.0
2019-03-04,12,0,274,746.4,746.4,0.0,-746400.0,0.0
2019-03-04,12,0,275,1039.0,1039.0,0.0,-1039000.0,0.0
2019-03-04,12,0,276,4.8,4.8,0.0,-4279.913983,0.0
2019-03-04,12,0,277,6.61,6.61,0.0,-1362.341698,0.0
2019-03-04,12,0,278,10.58,10.58,0.0,-2180.571129,0.0
2019-03-04,12,0,279,264.6,264.6,0.0,-54534.888549,0.0
2019-03-04,12,0,281,17.85,17.85,0.0,-262.320409,0.0
2019-03-04,12,0,282,320.44,320.44,0.0,-4709.128947,0.0
2019-03-04,13,0,9,3.31,3.31,0.0,12.686804,0.0
2019-03-04,13,0,17,17.35,17.35,0.0,176.701514,0.0
2019-03-04,13,0,19,192.99,192.99,0.0,1965.511538,0.0
2019-03-04,13,0,20,234.06,234.06,0.0,2383.789993,0.0
2019-03-04,13,0,21,75.67,75.67,0.0,290.033373,0.0
2019-03-04,13,0,22,268.93,268.93,0.0,1030.774083,0.0
2019-03-04,13,0,23,40.18,40.18,0.0,154.00477,0.0
2019-03-04,13,0,24,70.17,70.17,0.0,268.95258,0.0
2019-03-04,13,0,29,4.12,4.12,0.0,34.881572,0.0
2019-03-04,13,0,30,765.38,765.38,0.0,2904.908186,0.0
2019-03-04,13,0,31,21.49,21.49,0.0,81.562723,0.0
2019-03-04,13,0,32,5.82,5.82,0.0,126.844279,0.0
2019-03-04,13,0,33,0.99,0.99,0.0,11.333502,0.0
2019-03-04,13,0,34,1.59,1.59,0.0,18.202291,0.0
2019-03-04,13,0,35,1.59,1.59,0.0,18.202291,0.0
2019-03-04,13,0,36,6.05,6.05,0.0,48.969596,0.0
2019-03-04,13,0,37,2.8,2.8,0.0,22.530567,0.0
2019-03-04,13,0,38,3.61,3.61,0.0,29.048339,0.0
2019-03-04,13,0,39,2.4,2.4,0.0,19.311915,0.0
2019-03-04,13,0,40,2.4,2.4,0.0,19.311915,0.0
2019-03-04,13,0,41,20.1,20.1,0.0,116.978026,0.0
2019-03-04,13,0,42,42.29,42.29,0.0,419.121484,0.0
2019-03-04,13,0,43,17.74,17.74,0.0,146.373739,0.0
2019-03-04,13,0,46,18.32,18.32,0.0,139.676327,0.0
2019-03-04,13,0,52,22.78,22.78,0.0,86.458764,0.0
2019-03-04,13,0,53,36.18,36.18,0.0,137.31686,0.0
2019-03-04,13,0,55,146.78,146.78,0.0,562.588852,0.0
2019-03-04,13,0,56,225.76,225.76,0.0,856.84506,0.0
2019-03-04,13,0,57,214.75,214.75,0.0,815.057923,0.0
2019-03-04,13,0,58,412.98,412.98,0.0,1567.416163,0.0
2019-03-04,13,0,59,406.09,406.09,0.0,1541.265992,0.0
2019-03-04,13,0,63,51.0,51.0,0.0,1386.64512,0.0
2019-03-04,13,0,64,60.0,60.0,0.0,1631.3472,0.0
2019-03-04,13,0,65,41.4,41.4,0.0,419.533114,0.0
2019-03-04,13,0,67,356.53,356.53,0.0,-6713.732715,0.0
2019-03-04,13,0,68,26.5,26.5,0.0,-226.782819,0.0
2019-03-04,13,0,69,0.99,0.99,0.0,11.333502,0.0
2019-03-04,13,0,74,113.45,113.45,0.0,988.701628,0.0
2019-03-04,13,0,77,56.65,56.65,0.0,13.383839,0.0
2019-03-04,13,0,78,42.83,42.83,0.0,10.118797,0.0
2019-03-04,13,0,79,24.78,24.78,0.0,5.854396,0.0
2019-03-04,13,0,80,40.08,40.08,0.0,9.469096,0.0
2019-03-04,13,0,81,52.4,52.4,0.0,12.379756,0.0
2019-03-04,13,0,82,36.96,36.96,0.0,8.731981,0.0
2019-03-04,13,0,83,82.42,82.42,0.0,19.472128,0.0
2019-03-04,13,0,84,0.0,0.0,0.0,0.0,0.0
2019-03-04,13,0,86,5.04,5.04,0.0,57.697828,0.0
2019-03-04,13,0,87,25.72,25.72,0.0,294.442088,0.0
2019-03-04,13,0,88,51.18,51.18,0.0,12.091525,0.0
2019-03-04,13,0,89,49.2,49.2,0.0,11.62374,0.0
2019-03-04,13,0,90,66.06,66.06,0.0,15.606998,0.0
2019-03-04,13,0,91,235.65,235.65,0.0,55.673464,0.0
2019-03-04,13,0,92,84.75,84.75,0.0,20.022602,0.0
2019-03-04,13,0,95,120.0,120.0,0.0,2641.096561,0.0
2019-03-04,13,0,96,21.51,21.51,0.0,80.79583,0.0
2019-03-04,13,0,97,132.28,132.28,0.0,496.869942,0.0
2019-03-04,13,0,99,21.9,21.9,0.0,190.855581,0.0
2019-03-04,13,0,101,15.42,15.42,0.0,58.524764,0.0
2019-03-04,13,0,102,62.74,62.74,0.0,-536.919021,0.0
2019-03-04,13,0,103,54.56,54.56,0.0,-466.915871,0.0
2019-03-04,13,0,104,10.13,10.13,0.0,-86.690942,0.0
2019-03-04,13,0,106,264.74,264.74,0.0,1014.714352,0.0
2019-03-04,13,0,109,60.0,60.0,0.0,422.894138,0.0
2019-03-04,13,0,110,21.86,21.86,0.0,-1099.333324,0.0
2019-03-04,13,0,111,14.25,14.25,0.0,82.932183,0.0
2019-03-04,13,0,113,45.0,45.0,0.0,69.07534,0.0
2019-03-04,13,0,115,45.0,45.0,0.0,69.07534,0.0
2019-03-04,13,0,116,124.41,124.41,0.0,-6256.544321,0.0
2019-03-04,13,0,117,3.0,3.0,0.0,4.605023,0.0
2019-03-04,13,0,119,60.0,60.0,0.0,1631.3472,0.0
2019-03-04,13,0,120,35.28,35.28,0.0,959.232154,0.0
2019-03-04,13,0,123,4.41,4.41,0.0,16.902963,0.0
2019-03-04,13,0,125,63.71,63.71,0.0,244.192232,0.0
2019-03-04,13,0,126,198.56,198.56,0.0,761.054929,0.0
2019-03-04,13,0,127,254.82,254.82,0.0,976.692269,0.0
2019-03-04,13,0,128,89.95,89.95,0.0,344.766775,0.0
2019-03-04,13,0,131,22.08,22.08,0.0,-128.378881,0.0
2019-03-04,13,0,132,32.46,32.46,0.0,-188.730909,0.0
2019-03-04,13,0,133,41.94,41.94,0.0,427.340019,0.0
2019-03-04,13,0,134,0.0,0.0,0.0,0.0,0.0
2019-03-04,13,0,135,56.2,56.2,0.0,572.639701,0.0
2019-03-04,13,0,136,45.9,45.9,0.0,465.006343,0.0
2019-03-04,13,0,139,25.96,25.96,0.0,151.082068,0.0
2019-03-04,13,0,140,16.18,16.18,0.0,-813.687703,0.0
2019-03-04,13,0,141,53.74,53.74,0.0,-1011.965322,0.0
2019-03-04,13,0,142,470.17,470.17,0.0,-8853.660871,0.0
2019-03-04,13,0,143,29.41,29.41,0.0,111.622135,0.0
2019-03-04,13,0,145,100.0,100.0,0.0,500.342826,0.0
2019-03-04,13,0,146,0.0,0.0,0.0,-0.0,0.0
2019-03-04,13,0,152,4.54,4.54,0.0,39.646364,0.0
2019-03-04,13,0,153,5.63,5.63,0.0,48.794872,0.0
2019-03-04,13,0,154,58.78,58.78,0.0,342.08798,0.0
2019-03-04,13,0,157,16.86,16.86,0.0,-317.486701,0.0
2019-03-04,13,0,158,292.7,292.7,0.0,-5511.764972,0.0
2019-03-04,13,0,159,0.0,0.0,0.0,0.0,0.0
2019-03-04,13,0,160,1.31,1.31,0.0,11.726035,0.0
2019-03-04,13,0,161,63.79,63.79,0.0,-545.904755,0.0
2019-03-04,13,0,162,162.5,162.5,0.0,3585.854278,0.0
2019-03-04,13,0,163,104.55,104.55,0.0,-5257.790441,0.0
2019-03-04,13,0,164,33.57,33.57,0.0,127.410917,0.0
2019-03-04,13,0,167,6.79,6.79,0.0,148.409318,0.0
2019-03-04,13,0,168,3.39,3.39,0.0,74.095374,0.0
2019-03-04,13,0,169,0.0,0.0,0.0,0.0,0.0
2019-03-04,13,0,170,7.42,7.42,0.0,162.179255,0.0
2019-03-04,13,0,172,8.54,8.54,0.0,173.386442,0.0
2019-03-04,13,0,173,13.01,13.01,0.0,264.140235,0.0
2019-03-04,13,0,188,11.9,11.9,0.0,248.122632,0.0
2019-03-04,13,0,190,10.17,10.17,0.0,276.51335,0.0
2019-03-04,13,0,191,26.28,26.28,0.0,714.530074,0.0
2019-03-04,13,0,192,251.22,251.22,0.0,6830.450726,0.0
2019-03-04,13,0,194,52.95,52.95,0.0,550.335313,0.0
2019-03-04,13,0,196,6.62,6.62,0.0,251.259025,0.0
2019-03-04,13,0,198,5.16,5.16,0.0,51.181473,0.0
2019-03-04,13,0,199,73.53,73.53,0.0,874.738471,0.0
2019-03-04,13,0,200,15.23,15.23,0.0,181.181381,0.0
2019-03-04,13,0,204,257.1,257.1,0.0,1770.124502,0.0
2019-03-04,13,0,205,317.4,317.4,0.0,2237.109992,0.0
2019-03-04,13,0,206,388.69,388.69,0.0,1459.996807,0.0
2019-03-04,13,0,210,1.16,1.16,0.0,10.239859,0.0
2019-03-04,13,0,214,6.05,6.05,0.0,73.786329,0.0
2019-03-04,13,0,217,4.35,4.35,0.0,46.69241,0.0
2019-03-04,13,0,218,6.0,6.0,0.0,64.403324,0.0
2019-03-04,13,0,219,4.09,4.09,0.0,43.901599,0.0
2019-03-04,13,0,221,3.23,3.23,0.0,39.393362,0.0
2019-03-04,13,0,225,3.55,3.55,0.0,29.931938,0.0
2019-03-04,13,0,233,2.85,2.85,0.0,32.626748,0.0
2019-03-04,13,0,236,275.85,275.85,0.0,2616.823851,0.0
2019-03-04,13,0,237,272.15,272.15,0.0,2371.750974,0.0
2019-03-04,13,0,238,55.04,55.04,0.0,545.4823,0.0
2019-03-04,13,0,240,6.85,6.85,0.0,55.444914,0.0
2019-03-04,13,0,245,78.0,78.0,0.0,808.985451,0.0
2019-03-04,13,0,247,171.72,171.72,0.0,1781.012585,0.0
2019-03-04,13,0,248,27.32,27.32,0.0,238.090158,0.0
2019-03-04,13,0,249,150.0,150.0,0.0,1555.741252,0.0
2019-03-04,13,0,251,326.4,326.4,0.0,3280.359648,0.0
2019-03-04,13,0,252,267.06,267.06,0.0,2706.292596,0.0
2019-03-04,13,0,254,7.91,7.91,0.0,66.655513,0.0
2019-03-04,13,0,255,3.62,3.62,0.0,30.504799,0.0
2019-03-04,13,0,258,8.46,8.46,0.0,68.690885,0.0
2019-03-04,13,0,260,3.18,3.18,0.0,28.464725,0.0
2019-03-04,13,0,265,60.86,60.86,0.0,354.193168,0.0
2019-03-04,13,0,266,16.81,16.81,0.0,97.830877,0.0
2019-03-04,13,0,267,20.66,20.66,0.0,120.237116,0.0
2019-03-04,13,0,270,325.32,325.32,0.0,-16360.252379,0.0
2019-03-04,13,0,272,150.39,150.39,0.0,230.849788,0.0
2019-03-04,13,0,273,29.75,29.75,0.0,-1496.119231,0.0
2019-03-04,13,0,274,419.18,419.18,0.0,-21080.445691,0.0
2019-03-04,13,0,275,583.24,583.24,0.0,-29330.977491,0.0
2019-03-04,13,0,276,6.81,6.81,0.0,-294.638743,0.0
2019-03-04,13,0,277,7.87,7.87,0.0,7.982672,0.0
2019-03-04,13,0,278,12.6,12.6,0.0,12.78039,0.0
2019-03-04,13,0,279,378.16,378.16,0.0,383.573987,0.0
2019-03-04,13,0,281,9.64,9.64,0.0,36.587466,0.0
2019-03-04,13,0,282,419.86,419.86,0.0,1593.528379,0.0
2019-03-04,14,0,9,3.45,3.45,0.0,-1440.641891,0.0
2019-03-04,14,0,17,17.84,17.84,0.0,272.235632,0.0
2019-03-04,14,0,19,192.99,192.99,0.0,2944.997458,0.0
2019-03-04,14,0,20,234.06,234.06,0.0,3571.719286,0.0
2019-03-04,14,0,21,78.93,78.93,0.0,-32959.380993,0.0
2019-03-04,14,0,22,280.52,280.52,0.0,-117138.800912,0.0
2019-03-04,14,0,23,21.15,21.15,0.0,-8831.761155,0.0
2019-03-04,14,0,24,36.37,36.37,0.0,-15187.288568,0.0
2019-03-04,14,0,29,4.16,4.16,0.0,24.448001,0.0
2019-03-04,14,0,30,818.63,818.63,0.0,-818630.0,0.0
2019-03-04,14,0,31,27.82,27.82,0.0,-27820.0,0.0
2019-03-04,14,0,32,5.83,5.83,0.0,686.76599,0.0
2019-03-04,14,0,33,1.02,1.02,0.0,27.601426,0.0
2019-03-04,14,0,34,1.63,1.63,0.0,44.108162,0.0
2019-03-04,14,0,35,1.63,1.63,0.0,44.108162,0.0
2019-03-04,14,0,36,6.31,6.31,0.0,-7.258643,0.0
2019-03-04,14,0,37,2.85,2.85,0.0,-3.030412,0.0
2019-03-04,14,0,38,3.67,3.67,0.0,-3.90232,0.0
2019-03-04,14,0,39,2.45,2.45,0.0,-2.605091,0.0
2019-03-04,14,0,40,2.45,2.45,0.0,-2.605091,0.0
2019-03-04,14,0,41,22.83,22.83,0.0,-849.677568,0.0
2019-03-04,14,0,42,44.07,44.07,0.0,559.774354,0.0
2019-03-04,14,0,43,18.29,18.29,0.0,58.552633,0.0
2019-03-04,14,0,46,18.69,18.69,0.0,-99.731766,0.0
2019-03-04,14,0,52,29.49,29.49,0.0,-29490.0,0.0
2019-03-04,14,0,53,46.84,46.84,0.0,-46840.0,0.0
2019-03-04,14,0,55,163.92,163.92,0.0,-68449.280784,0.0
2019-03-04,14,0,56,241.47,241.47,0.0,-241470.0,0.0
2019-03-04,14,0,57,229.69,229.69,0.0,-229690.0,0.0
2019-03-04,14,0,58,441.71,441.71,0.0,-441710.0,0.0
2019-03-04,14,0,59,434.35,434.35,0.0,-434350.0,0.0
2019-03-04,14,0,63,51.0,51.0,0.0,6934.923226,0.0
2019-03-04,14,0,64,60.0,60.0,0.0,8158.733207,0.0
2019-03-04,14,0,65,41.4,41.4,0.0,612.085866,0.0
2019-03-04,14,0,67,364.3,364.3,0.0,-71669.972307,0.0
2019-03-04,14,0,68,14.06,14.06,0.0,-1668.855603,0.0
2019-03-04,14,0,69,1.02,1.02,0.0,27.601426,0.0
2019-03-04,14,0,74,128.42,128.42,0.0,109.715626,0.0
2019-03-04,14,0,77,55.87,55.87,0.0,-2835.381459,0.0
2019-03-04,14,0,78,42.24,42.24,0.0,-2143.664092,0.0
2019-03-04,14,0,79,24.44,24.44,0.0,-1240.320796,0.0
2019-03-04,14,0,80,39.53,39.53,0.0,-2006.132613,0.0
2019-03-04,14,0,81,51.68,51.68,0.0,-2622.740537,0.0
2019-03-04,14,0,82,36.45,36.45,0.0,-1849.823773,0.0
2019-03-04,14,0,83,81.29,81.29,0.0,-4125.436886,0.0
2019-03-04,14,0,84,0.0,0.0,0.0,0.0,0.0
2019-03-04,14,0,86,5.16,5.16,0.0,139.630745,0.0
2019-03-04,14,0,87,26.32,26.32,0.0,712.225043,0.0
2019-03-04,14,0,88,51.18,51.18,0.0,-2597.365725,0.0
2019-03-04,14,0,89,49.2,49.2,0.0,-2496.881471,0.0
2019-03-04,14,0,90,66.06,66.06,0.0,-3352.520121,0.0
2019-03-04,14,0,91,235.65,235.65,0.0,-11959.148752,0.0
2019-03-04,14,0,92,84.75,84.75,0.0,-4301.030582,0.0
2019-03-04,14,0,95,120.0,120.0,0.0,2691.568394,0.0
2019-03-04,14,0,96,26.04,26.04,0.0,-191.794335,0.0
2019-03-04,14,0,97,174.59,174.59,0.0,-1285.920621,0.0
2019-03-04,14,0,99,24.79,24.79,0.0,21.179336,0.0
2019-03-04,14,0,101,16.49,16.49,0.0,-16490.0,0.0
2019-03-04,14,0,102,33.2,33.2,0.0,-3940.683216,0.0
2019-03-04,14,0,103,28.88,28.88,0.0,-3427.919617,0.0
2019-03-04,14,0,104,5.41,5.41,0.0,-642.141452,0.0
2019-03-04,14,0,106,276.14,276.14,0.0,-115309.812077,0.0
2019-03-04,14,0,109,60.0,60.0,0.0,-832.008461,0.0
2019-03-04,14,0,110,27.21,27.21,0.0,-11855.693236,0.0
2019-03-04,14,0,111,14.97,14.97,0.0,-557.147315,0.0
2019-03-04,14,0,113,45.0,45.0,0.0,-2008.4557,0.0
2019-03-04,14,0,115,45.0,45.0,0.0,-2008.4557,0.0
2019-03-04,14,0,116,130.27,130.27,0.0,-56760.057253,0.0
2019-03-04,14,0,117,3.0,3.0,0.0,-133.897047,0.0
2019-03-04,14,0,119,60.0,60.0,0.0,8158.733207,0.0
2019-03-04,14,0,120,35.28,35.28,0.0,4797.335125,0.0
2019-03-04,14,0,123,4.6,4.6,0.0,-1920.855854,0.0
2019-03-04,14,0,125,33.16,33.16,0.0,-13846.865244,0.0
2019-03-04,14,0,126,207.11,207.11,0.0,-86484.446945,0.0
2019-03-04,14,0,127,265.79,265.79,0.0,-110987.886406,0.0
2019-03-04,14,0,128,46.02,46.02,0.0,-19216.910088,0.0
2019-03-04,14,0,131,22.37,22.37,0.0,-2188.987328,0.0
2019-03-04,14,0,132,32.89,32.89,0.0,-3218.408279,0.0
2019-03-04,14,0,133,41.94,41.94,0.0,641.875442,0.0
2019-03-04,14,0,134,0.0,0.0,0.0,0.0,0.0
2019-03-04,14,0,135,56.2,56.2,0.0,860.119214,0.0
2019-03-04,14,0,136,45.9,45.9,0.0,677.419617,0.0
2019-03-04,14,0,139,29.49,29.49,0.0,-1097.546714,0.0
2019-03-04,14,0,140,20.14,20.14,0.0,-8775.217265,0.0
2019-03-04,14,0,141,47.74,47.74,0.0,-9392.05182,0.0
2019-03-04,14,0,142,480.43,480.43,0.0,-94516.620355,0.0
2019-03-04,14,0,143,37.14,37.14,0.0,-37140.0,0.0
2019-03-04,14,0,145,56.12,56.12,0.0,-2094.017255,0.0
2019-03-04,14,0,146,0.0,0.0,0.0,-0.0,0.0
2019-03-04,14,0,152,4.7,4.7,0.0,9.950175,0.0
2019-03-04,14,0,153,5.79,5.79,0.0,8.860548,0.0
2019-03-04,14,0,154,61.76,61.76,0.0,-2298.558327,0.0
2019-03-04,14,0,157,11.07,11.07,0.0,-2177.838577,0.0
2019-03-04,14,0,158,303.83,303.83,0.0,-59773.50449,0.0
2019-03-04,14,0,159,0.0,0.0,0.0,0.0,0.0
2019-03-04,14,0,160,1.36,1.36,0.0,21.383033,0.0
2019-03-04,14,0,161,65.91,65.91,0.0,-7823.205746,0.0
2019-03-04,14,0,162,162.5,162.5,0.0,3711.61224,0.0
2019-03-04,14,0,163,121.18,121.18,0.0,-52799.44529,0.0
2019-03-04,14,0,164,34.13,34.13,0.0,-34130.0,0.0
2019-03-04,14,0,167,6.74,6.74,0.0,119.973515,0.0
2019-03-04,14,0,168,3.37,3.37,0.0,59.986757,0.0
2019-03-04,14,0,169,0.0,0.0,0.0,0.0,0.0
2019-03-04,14,0,170,7.37,7.37,0.0,131.187656,0.0
2019-03-04,14,0,172,8.51,8.51,0.0,585.333248,0.0
2019-03-04,14,0,173,12.96,12.96,0.0,891.412325,0.0
2019-03-04,14,0,188,12.02,12.02,0.0,1044.689929,0.0
2019-03-04,14,0,190,10.67,10.67,0.0,346.002034,0.0
2019-03-04,14,0,191,27.57,27.57,0.0,894.02775,0.0
2019-03-04,14,0,192,223.77,223.77,0.0,7256.314456,0.0
2019-03-04,14,0,194,52.95,52.95,0.0,1014.70351,0.0
2019-03-04,14,0,196,6.87,6.87,0.0,1507.088078,0.0
2019-03-04,14,0,198,5.35,5.35,0.0,49.993037,0.0
2019-03-04,14,0,199,130.0,130.0,0.0,5565.374337,0.0
2019-03-04,14,0,200,15.53,15.53,0.0,664.84818,0.0
2019-03-04,14,0,204,257.1,257.1,0.0,-3960.801329,0.0
2019-03-04,14,0,205,317.4,317.4,0.0,-4401.324759,0.0
2019-03-04,14,0,206,618.03,618.03,0.0,-4552.022004,0.0
2019-03-04,14,0,210,1.16,1.16,0.0,11.013513,0.0
2019-03-04,14,0,214,6.17,6.17,0.0,209.920755,0.0
2019-03-04,14,0,217,4.33,4.33,0.0,100.179215,0.0
2019-03-04,14,0,218,5.97,5.97,0.0,138.122382,0.0
2019-03-04,14,0,219,4.07,4.07,0.0,94.163835,0.0
2019-03-04,14,0,221,3.29,3.29,0.0,111.935054,0.0
2019-03-04,14,0,225,3.62,3.62,0.0,20.009811,0.0
2019-03-04,14,0,233,2.92,2.92,0.0,79.015848,0.0
2019-03-04,14,0,236,137.99,137.99,0.0,1220.412596,0.0
2019-03-04,14,0,237,308.08,308.08,0.0,263.208146,0.0
2019-03-04,14,0,238,57.37,57.37,0.0,728.710113,0.0
2019-03-04,14,0,240,7.15,7.15,0.0,-8.224929,0.0
2019-03-04,14,0,245,78.0,78.0,0.0,1326.558112,0.0
2019-03-04,14,0,247,171.72,171.72,0.0,2920.468704,0.0
2019-03-04,14,0,248,30.93,30.93,0.0,26.425045,0.0
2019-03-04,14,0,249,150.0,150.0,0.0,2551.073291,0.0
2019-03-04,14,0,251,326.4,326.4,0.0,4571.08366,0.0
2019-03-04,14,0,252,267.06,267.06,0.0,3948.397377,0.0
2019-03-04,14,0,254,7.97,7.97,0.0,50.557118,0.0
2019-03-04,14,0,255,3.65,3.65,0.0,23.153511,0.0
2019-03-04,14,0,258,8.87,8.87,0.0,-3.969385,0.0
2019-03-04,14,0,260,3.31,3.31,0.0,52.042529,0.0
2019-03-04,14,0,265,63.94,63.94,0.0,-2379.692672,0.0
2019-03-04,14,0,266,19.09,19.09,0.0,-710.483783,0.0
2019-03-04,14,0,267,23.46,23.46,0.0,-873.124649,0.0
2019-03-04,14,0,270,421.27,421.27,0.0,-183551.925378,0.0
2019-03-04,14,0,272,150.39,150.39,0.0,-6712.258951,0.0
2019-03-04,14,0,273,31.15,31.15,0.0,-13572.394131,0.0
2019-03-04,14,0,274,561.93,561.93,0.0,-244839.018747,0.0
2019-03-04,14,0,275,817.27,817.27,0.0,-356093.43664,0.0
2019-03-04,14,0,276,7.06,7.06,0.0,-2699.406922,0.0
2019-03-04,14,0,277,8.17,8.17,0.0,-384.68333,0.0
2019-03-04,14,0,278,13.06,13.06,0.0,-614.92831,0.0
2019-03-04,14,0,279,264.6,264.6,0.0,-12458.654739,0.0
2019-03-04,14,0,281,12.48,12.48,0.0,-12480.0,0.0
2019-03-04,14,0,282,449.07,449.07,0.0,-449070.0,0.0
2019-03-04,15,0,9,3.31,3.31,0.0,-1284.675147,0.0
2019-03-04,15,0,17,17.34,17.34,0.0,228.866471,0.0
2019-03-04,15,0,19,192.99,192.99,0.0,2547.228384,0.0
2019-03-04,15,0,20,234.06,234.06,0.0,3089.301391,0.0
2019-03-04,15,0,21,75.72,75.72,0.0,-29388.399434,0.0
2019-03-04,15,0,22,269.1,269.1,0.0,-104442.925088,0.0
2019-03-04,15,0,23,19.45,19.45,0.0,-7548.921936,0.0
2019-03-04,15,0,24,34.41,34.41,0.0,-13355.187857,0.0
2019-03-04,15,0,29,3.82,3.82,0.0,20.267846,0.0
2019-03-04,15,0,30,793.32,793.32,0.0,-793320.0,0.0
2019-03-04,15,0,31,36.53,36.53,0.0,-36530.0,0.0
2019-03-04,15,0,32,5.49,5.49,0.0,148.04726,0.0
2019-03-04,15,0,33,1.0,1.0,0.0,17.447367,0.0
2019-03-04,15,0,34,1.61,1.61,0.0,28.09026,0.0
2019-03-04,15,0,35,1.61,1.61,0.0,28.09026,0.0
2019-03-04,15,0,36,6.11,6.11,0.0,41.382788,0.0
2019-03-04,15,0,37,2.78,2.78,0.0,18.738058,0.0
2019-03-04,15,0,38,3.57,3.57,0.0,24.062902,0.0
2019-03-04,15,0,39,2.38,2.38,0.0,16.041935,0.0
2019-03-04,15,0,40,2.38,2.38,0.0,16.041935,0.0
2019-03-04,15,0,41,44.89,44.89,0.0,-314.325161,0.0
2019-03-04,15,0,42,42.58,42.58,0.0,522.789111,0.0
2019-03-04,15,0,43,17.33,17.33,0.0,128.103787,0.0
2019-03-04,15,0,46,17.98,17.98,0.0,105.972861,0.0
2019-03-04,15,0,52,38.72,38.72,0.0,-38720.0,0.0
2019-03-04,15,0,53,61.52,61.52,0.0,-61520.0,0.0
2019-03-04,15,0,55,191.57,191.57,0.0,-74352.029576,0.0
2019-03-04,15,0,56,234.0,234.0,0.0,-234000.0,0.0
2019-03-04,15,0,57,222.59,222.59,0.0,-222590.0,0.0
2019-03-04,15,0,58,428.05,428.05,0.0,-428050.0,0.0
2019-03-04,15,0,59,420.92,420.92,0.0,-420920.0,0.0
2019-03-04,15,0,63,51.0,51.0,0.0,1653.805413,0.0
2019-03-04,15,0,64,60.0,60.0,0.0,1945.653427,0.0
2019-03-04,15,0,65,41.4,41.4,0.0,539.345994,0.0
2019-03-04,15,0,67,345.16,345.16,0.0,-6034.72323,0.0
2019-03-04,15,0,68,25.3,25.3,0.0,-135.188064,0.0
2019-03-04,15,0,69,1.0,1.0,0.0,17.447367,0.0
2019-03-04,15,0,74,144.9,144.9,0.0,1149.985737,0.0
2019-03-04,15,0,77,58.36,58.36,0.0,322.770634,0.0
2019-03-04,15,0,78,44.12,44.12,0.0,244.013714,0.0
2019-03-04,15,0,79,25.53,25.53,0.0,141.198326,0.0
2019-03-04,15,0,80,41.29,41.29,0.0,228.361883,0.0
2019-03-04,15,0,81,53.99,53.99,0.0,298.601551,0.0
2019-03-04,15,0,82,38.08,38.08,0.0,210.608392,0.0
2019-03-04,15,0,83,84.92,84.92,0.0,469.665563,0.0
2019-03-04,15,0,84,0.0,0.0,0.0,0.0,0.0
2019-03-04,15,0,86,5.09,5.09,0.0,88.807096,0.0
2019-03-04,15,0,87,25.97,25.97,0.0,453.108111,0.0
2019-03-04,15,0,88,51.18,51.18,0.0,283.060333,0.0
2019-03-04,15,0,89,49.2,49.2,0.0,272.109582,0.0
2019-03-04,15,0,90,66.06,66.06,0.0,365.35689,0.0
2019-03-04,15,0,91,235.65,235.65,0.0,1303.305344,0.0
2019-03-04,15,0,92,84.75,84.75,0.0,468.725347,0.0
2019-03-04,15,0,95,120.0,120.0,0.0,2691.568394,0.0
2019-03-04,15,0,96,29.56,29.56,0.0,1296.045235,0.0
2019-03-04,15,0,97,181.79,181.79,0.0,7970.502814,0.0
2019-03-04,15,0,99,27.97,27.97,0.0,221.981374,0.0
2019-03-04,15,0,101,15.98,15.98,0.0,-15980.0,0.0
2019-03-04,15,0,102,59.89,59.89,0.0,-320.01633,0.0
2019-03-04,15,0,103,52.08,52.08,0.0,-278.284362,0.0
2019-03-04,15,0,104,9.67,9.67,0.0,-51.670695,0.0
2019-03-04,15,0,106,264.9,264.9,0.0,-102812.823693,0.0
2019-03-04,15,0,109,60.0,60.0,0.0,266.503637,0.0
2019-03-04,15,0,110,35.21,35.21,0.0,-1924.639672,0.0
2019-03-04,15,0,111,14.66,14.66,0.0,-102.651077,0.0
2019-03-04,15,0,113,45.0,45.0,0.0,246.817273,0.0
2019-03-04,15,0,115,45.0,45.0,0.0,246.817273,0.0
2019-03-04,15,0,116,125.02,125.02,0.0,-6833.810047,0.0
2019-03-04,15,0,117,3.0,3.0,0.0,16.454485,0.0
2019-03-04,15,0,119,60.0,60.0,0.0,1945.653427,0.0
2019-03-04,15,0,120,35.28,35.28,0.0,1144.044215,0.0
2019-03-04,15,0,123,4.42,4.42,0.0,-1715.487658,0.0
2019-03-04,15,0,125,31.13,31.13,0.0,-12082.156291,0.0
2019-03-04,15,0,126,198.68,198.68,0.0,-77111.558366,0.0
2019-03-04,15,0,127,254.97,254.97,0.0,-98958.798252,0.0
2019-03-04,15,0,128,44.59,44.59,0.0,-17306.243143,0.0
2019-03-04,15,0,131,59.19,59.19,0.0,-124.361967,0.0
2019-03-04,15,0,132,87.11,87.11,0.0,-183.023669,0.0
2019-03-04,15,0,133,41.94,41.94,0.0,554.23192,0.0
2019-03-04,15,0,134,0.0,0.0,0.0,0.0,0.0
2019-03-04,15,0,135,56.2,56.2,0.0,742.676059,0.0
2019-03-04,15,0,136,45.9,45.9,0.0,597.539475,0.0
2019-03-04,15,0,139,58.37,58.37,0.0,-408.713737,0.0
2019-03-04,15,0,140,26.06,26.06,0.0,-1424.484801,0.0
2019-03-04,15,0,141,46.93,46.93,0.0,-820.516749,0.0
2019-03-04,15,0,142,455.18,455.18,0.0,-7958.295631,0.0
2019-03-04,15,0,143,47.52,47.52,0.0,-47520.0,0.0
2019-03-04,15,0,145,30.0,30.0,0.0,1.199488,0.0
2019-03-04,15,0,146,0.0,0.0,0.0,-0.0,0.0
2019-03-04,15,0,152,4.58,4.58,0.0,38.991246,0.0
2019-03-04,15,0,153,5.63,5.63,0.0,46.758071,0.0
2019-03-04,15,0,154,60.46,60.46,0.0,-423.348168,0.0
2019-03-04,15,0,157,6.82,6.82,0.0,-119.239809,0.0
2019-03-04,15,0,158,292.17,292.17,0.0,-5108.254393,0.0
2019-03-04,15,0,159,0.0,0.0,0.0,0.0,0.0
2019-03-04,15,0,160,1.3,1.3,0.0,12.212651,0.0
2019-03-04,15,0,161,63.1,63.1,0.0,-337.168649,0.0
2019-03-04,15,0,162,162.5,162.5,0.0,3656.53706,0.0
2019-03-04,15,0,163,120.31,120.31,0.0,-6576.353278,0.0
2019-03-04,15,0,164,33.24,33.24,0.0,-33240.0,0.0
2019-03-04,15,0,167,6.21,6.21,0.0,137.095431,0.0
2019-03-04,15,0,168,3.1,3.1,0.0,68.437333,0.0
2019-03-04,15,0,169,0.0,0.0,0.0,0.0,0.0
2019-03-04,15,0,170,6.79,6.79,0.0,149.899835,0.0
2019-03-04,15,0,172,7.96,7.96,0.0,179.900232,0.0
2019-03-04,15,0,173,12.14,12.14,0.0,274.370454,0.0
2019-03-04,15,0,188,11.38,11.38,0.0,279.592647,0.0
2019-03-04,15,0,190,10.27,10.27,0.0,333.031012,0.0
2019-03-04,15,0,191,26.54,26.54,0.0,860.627366,0.0
2019-03-04,15,0,192,206.89,206.89,0.0,6708.937292,0.0
2019-03-04,15,0,194,52.95,52.95,0.0,766.656787,0.0
2019-03-04,15,0,196,6.5,6.5,0.0,293.65891,0.0
2019-03-04,15,0,198,5.15,5.15,0.0,61.750463,0.0
2019-03-04,15,0,199,130.0,130.0,0.0,1666.766859,0.0
2019-03-04,15,0,200,14.77,14.77,0.0,189.370358,0.0
2019-03-04,15,0,204,257.1,257.1,0.0,1061.048412,0.0
2019-03-04,15,0,205,317.4,317.4,0.0,1409.804242,0.0
2019-03-04,15,0,206,534.17,534.17,0.0,23420.449355,0.0
2019-03-04,15,0,210,1.11,1.11,0.0,7.130358,0.0
2019-03-04,15,0,214,5.87,5.87,0.0,117.114954,0.0
2019-03-04,15,0,217,4.1,4.1,0.0,58.048959,0.0
2019-03-04,15,0,218,5.65,5.65,0.0,79.994297,0.0
2019-03-04,15,0,219,3.85,3.85,0.0,54.509388,0.0
2019-03-04,15,0,221,3.13,3.13,0.0,62.448008,0.0
2019-03-04,15,0,225,3.36,3.36,0.0,17.464432,0.0
2019-03-04,15,0,233,2.88,2.88,0.0,50.248416,0.0
2019-03-04,15,0,236,157.29,157.29,0.0,1714.548029,0.0
2019-03-04,15,0,237,347.59,347.59,0.0,2758.616579,0.0
2019-03-04,15,0,238,55.42,55.42,0.0,680.43618,0.0
2019-03-04,15,0,240,6.92,6.92,0.0,46.868886,0.0
2019-03-04,15,0,245,78.0,78.0,0.0,1078.573088,0.0
2019-03-04,15,0,247,171.72,171.72,0.0,2374.520138,0.0
2019-03-04,15,0,248,34.89,34.89,0.0,276.901328,0.0
2019-03-04,15,0,249,150.0,150.0,0.0,2074.179016,0.0
2019-03-04,15,0,251,326.4,326.4,0.0,4160.555646,0.0
2019-03-04,15,0,252,267.06,267.06,0.0,3479.172494,0.0
2019-03-04,15,0,254,7.69,7.69,0.0,60.708538,0.0
2019-03-04,15,0,255,3.52,3.52,0.0,27.788564,0.0
2019-03-04,15,0,258,8.53,8.53,0.0,58.626215,0.0
2019-03-04,15,0,260,3.17,3.17,0.0,29.780081,0.0
2019-03-04,15,0,265,62.6,62.6,0.0,-438.332705,0.0
2019-03-04,15,0,266,37.33,37.33,0.0,-261.389135,0.0
2019-03-04,15,0,267,46.16,46.16,0.0,-323.217854,0.0
2019-03-04,15,0,270,392.69,392.69,0.0,-21465.11652,0.0
2019-03-04,15,0,272,150.39,150.39,0.0,824.863325,0.0
2019-03-04,15,0,273,29.9,29.9,0.0,-1634.385862,0.0
2019-03-04,15,0,274,517.23,517.23,0.0,-28272.688935,0.0
2019-03-04,15,0,275,742.4,742.4,0.0,-40580.871692,0.0
2019-03-04,15,0,276,6.85,6.85,0.0,-317.570768,0.0
2019-03-04,15,0,277,7.87,7.87,0.0,43.310278,0.0
2019-03-04,15,0,278,12.6,12.6,0.0,69.340471,0.0
2019-03-04,15,0,279,264.6,264.6,0.0,1456.149895,0.0
2019-03-04,15,0,281,16.4,16.4,0.0,-16400.0,0.0
2019-03-04,15,0,282,435.19,435.19,0.0,-435190.0,0.0
2019-03-04,16,0,9,3.83,3.83,0.0,-1486.64109,0.0
2019-03-04,16,0,17,15.24,15.24,0.0,231.496872,0.0
2019-03-04,16,0,19,332.0,332.0,0.0,5043.107713,0.0
2019-03-04,16,0,20,419.03,419.03,0.0,6365.100677,0.0
2019-03-04,16,0,21,87.55,87.55,0.0,-33983.140312,0.0
2019-03-04,16,0,22,311.13,311.13,0.0,-120767.269508,0.0
2019-03-04,16,0,23,24.49,24.49,0.0,-9505.963521,0.0
2019-03-04,16,0,24,43.32,43.32,0.0,-16814.958747,0.0
2019-03-04,16,0,29,1.89,1.89,0.0,9.189884,0.0
2019-03-04,16,0,30,778.12,778.12,0.0,-778120.0,0.0
2019-03-04,16,0,31,48.49,48.49,0.0,-48490.0,0.0
2019-03-04,16,0,32,5.61,5.61,0.0,152.866995,0.0
2019-03-04,16,0,33,0.93,0.93,0.0,18.51572,0.0
2019-03-04,16,0,34,1.49,1.49,0.0,29.664971,0.0
2019-03-04,16,0,35,1.49,1.49,0.0,29.664971,0.0
2019-03-04,16,0,36,6.53,6.53,0.0,51.723009,0.0
2019-03-04,16,0,37,2.89,2.89,0.0,22.715477,0.0
2019-03-04,16,0,38,3.71,3.71,0.0,29.160699,0.0
2019-03-04,16,0,39,2.47,2.47,0.0,19.414266,0.0
2019-03-04,16,0,40,2.47,2.47,0.0,19.414266,0.0
2019-03-04,16,0,41,74.12,74.12,0.0,-479.700202,0.0
2019-03-04,16,0,42,48.63,48.63,0.0,688.946374,0.0
2019-03-04,16,0,43,18.73,18.73,0.0,159.711761,0.0
2019-03-04,16,0,46,18.95,18.95,0.0,130.347664,0.0
2019-03-04,16,0,52,51.4,51.4,0.0,-51400.0,0.0
2019-03-04,16,0,53,81.66,81.66,0.0,-81660.0,0.0
2019-03-04,16,0,55,234.28,234.28,0.0,-90937.40848,0.0
2019-03-04,16,0,56,229.52,229.52,0.0,-229520.0,0.0
2019-03-04,16,0,57,218.32,218.32,0.0,-218320.0,0.0
2019-03-04,16,0,58,419.85,419.85,0.0,-419850.0,0.0
2019-03-04,16,0,59,412.85,412.85,0.0,-412850.0,0.0
2019-03-04,16,0,63,51.0,51.0,0.0,1372.987475,0.0
2019-03-04,16,0,64,60.0,60.0,0.0,1615.279383,0.0
2019-03-04,16,0,65,41.4,41.4,0.0,621.002201,0.0
2019-03-04,16,0,67,379.3,379.3,0.0,10877.060076,0.0
2019-03-04,16,0,68,27.38,27.38,0.0,815.499547,0.0
2019-03-04,16,0,69,0.93,0.93,0.0,18.51572,0.0
2019-03-04,16,0,74,102.05,102.05,0.0,958.228456,0.0
2019-03-04,16,0,77,60.0,60.0,0.0,1892.631998,0.0
2019-03-04,16,0,78,45.36,45.36,0.0,1430.82979,0.0
2019-03-04,16,0,79,26.25,26.25,0.0,828.026499,0.0
2019-03-04,16,0,80,42.45,42.45,0.0,1339.037138,0.0
2019-03-04,16,0,81,55.5,55.5,0.0,1750.684598,0.0
2019-03-04,16,0,82,39.15,39.15,0.0,1234.942378,0.0
2019-03-04,16,0,83,87.3,87.3,0.0,2753.779557,0.0
2019-03-04,16,0,84,0.0,0.0,0.0,0.0,0.0
2019-03-04,16,0,86,4.72,4.72,0.0,93.972257,0.0
2019-03-04,16,0,87,24.09,24.09,0.0,479.61688,0.0
2019-03-04,16,0,88,51.18,51.18,0.0,1614.415094,0.0
2019-03-04,16,0,89,49.2,49.2,0.0,1551.958238,0.0
2019-03-04,16,0,90,66.06,66.06,0.0,2083.787829,0.0
2019-03-04,16,0,91,235.65,235.65,0.0,7433.312171,0.0
2019-03-04,16,0,92,84.75,84.75,0.0,2673.342697,0.0
2019-03-04,16,0,95,120.0,120.0,0.0,2691.568394,0.0
2019-03-04,16,0,96,29.88,29.88,0.0,1307.257165,0.0
2019-03-04,16,0,97,183.75,183.75,0.0,8039.106559,0.0
2019-03-04,16,0,99,22.38,22.38,0.0,210.143585,0.0
2019-03-04,16,0,101,15.67,15.67,0.0,-15670.0,0.0
2019-03-04,16,0,102,64.83,64.83,0.0,1930.928985,0.0
2019-03-04,16,0,103,56.37,56.37,0.0,1678.952134,0.0
2019-03-04,16,0,104,10.47,10.47,0.0,311.843691,0.0
2019-03-04,16,0,106,306.28,306.28,0.0,-118884.708337,0.0
2019-03-04,16,0,109,60.0,60.0,0.0,318.219356,0.0
2019-03-04,16,0,110,46.29,46.29,0.0,1170.40285,0.0
2019-03-04,16,0,111,14.98,14.98,0.0,-96.949663,0.0
2019-03-04,16,0,113,45.0,45.0,0.0,1305.91705,0.0
2019-03-04,16,0,115,45.0,45.0,0.0,1305.91705,0.0
2019-03-04,16,0,116,139.28,139.28,0.0,3521.575046,0.0
2019-03-04,16,0,117,3.0,3.0,0.0,87.061137,0.0
2019-03-04,16,0,119,60.0,60.0,0.0,1615.279383,0.0
2019-03-04,16,0,120,35.28,35.28,0.0,949.784277,0.0
2019-03-04,16,0,123,5.1,5.1,0.0,-1979.600407,0.0
2019-03-04,16,0,125,39.21,39.21,0.0,-15219.633714,0.0
2019-03-04,16,0,126,229.71,229.71,0.0,-89163.531253,0.0
2019-03-04,16,0,127,294.8,294.8,0.0,-114428.666638,0.0
2019-03-04,16,0,128,56.15,56.15,0.0,-21795.012319,0.0
2019-03-04,16,0,131,27.48,27.48,0.0,826.608428,0.0
2019-03-04,16,0,132,40.4,40.4,0.0,1215.246743,0.0
2019-03-04,16,0,133,50.5,50.5,0.0,768.003355,0.0
2019-03-04,16,0,134,0.0,0.0,0.0,0.0,0.0
2019-03-04,16,0,135,64.2,64.2,0.0,976.35278,0.0
2019-03-04,16,0,136,45.9,45.9,0.0,688.023599,0.0
2019-03-04,16,0,139,96.51,96.51,0.0,-624.606941,0.0
2019-03-04,16,0,140,34.26,34.26,0.0,866.234643,0.0
2019-03-04,16,0,141,51.32,51.32,0.0,1471.686589,0.0
2019-03-04,16,0,142,500.2,500.2,0.0,14344.069206,0.0
2019-03-04,16,0,143,60.92,60.92,0.0,-60920.0,0.0
2019-03-04,16,0,145,30.0,30.0,0.0,9.318639,0.0
2019-03-04,16,0,146,5.5,5.5,0.0,139.062771,0.0
2019-03-04,16,0,152,4.88,4.88,0.0,48.594838,0.0
2019-03-04,16,0,153,5.99,5.99,0.0,58.252006,0.0
2019-03-04,16,0,154,61.79,61.79,0.0,-399.90118,0.0
2019-03-04,16,0,157,0.0,0.0,0.0,0.0,0.0
2019-03-04,16,0,158,354.57,354.57,0.0,10167.886083,0.0
2019-03-04,16,0,159,0.0,0.0,0.0,0.0,0.0
2019-03-04,16,0,160,1.33,1.33,0.0,14.137038,0.0
2019-03-04,16,0,161,69.65,69.65,0.0,2074.490264,0.0
2019-03-04,16,0,162,162.5,162.5,0.0,3646.626951,0.0
2019-03-04,16,0,163,118.2,118.2,0.0,2988.585371,0.0
2019-03-04,16,0,164,29.55,29.55,0.0,-29550.0,0.0
2019-03-04,16,0,167,6.21,6.21,0.0,138.102298,0.0
2019-03-04,16,0,168,3.1,3.1,0.0,68.939955,0.0
2019-03-04,16,0,169,0.0,0.0,0.0,0.0,0.0
2019-03-04,16,0,170,6.79,6.79,0.0,151.000741,0.0
2019-03-04,16,0,172,8.07,8.07,0.0,195.963283,0.0
2019-03-04,16,0,173,12.29,12.29,0.0,298.437267,0.0
2019-03-04,16,0,188,11.18,11.18,0.0,288.782439,0.0
2019-03-04,16,0,190,10.23,10.23,0.0,275.405135,0.0
2019-03-04,16,0,191,26.42,26.42,0.0,711.261355,0.0
2019-03-04,16,0,192,199.89,199.89,0.0,5381.303264,0.0
2019-03-04,16,0,194,52.95,52.95,0.0,1455.625254,0.0
2019-03-04,16,0,196,7.16,7.16,0.0,200.63563,0.0
2019-03-04,16,0,198,4.88,4.88,0.0,64.561559,0.0
2019-03-04,16,0,199,130.0,130.0,0.0,2092.914814,0.0
2019-03-04,16,0,200,16.09,16.09,0.0,259.038457,0.0
2019-03-04,16,0,204,257.1,257.1,0.0,1268.558175,0.0
2019-03-04,16,0,205,317.4,317.4,0.0,1683.380393,0.0
2019-03-04,16,0,206,539.94,539.94,0.0,23622.504466,0.0
2019-03-04,16,0,210,0.61,0.61,0.0,3.736794,0.0
2019-03-04,16,0,214,3.97,3.97,0.0,90.089197,0.0
2019-03-04,16,0,217,2.5,2.5,0.0,38.984164,0.0
2019-03-04,16,0,218,3.45,3.45,0.0,53.798147,0.0
2019-03-04,16,0,219,2.35,2.35,0.0,36.645115,0.0
2019-03-04,16,0,221,2.12,2.12,0.0,48.108085,0.0
2019-03-04,16,0,225,1.74,1.74,0.0,8.248211,0.0
2019-03-04,16,0,233,2.67,2.67,0.0,53.158035,0.0
2019-03-04,16,0,236,141.26,141.26,0.0,1784.160067,0.0
2019-03-04,16,0,237,233.39,233.39,0.0,2191.483971,0.0
2019-03-04,16,0,238,63.29,63.29,0.0,896.63615,0.0
2019-03-04,16,0,240,7.4,7.4,0.0,58.61413,0.0
2019-03-04,16,0,245,78.0,78.0,0.0,1239.332689,0.0
2019-03-04,16,0,247,171.72,171.72,0.0,2728.438581,0.0
2019-03-04,16,0,248,27.48,27.48,0.0,258.031533,0.0
2019-03-04,16,0,249,150.0,150.0,0.0,2383.332094,0.0
2019-03-04,16,0,251,326.4,326.4,0.0,4794.18115,0.0
2019-03-04,16,0,252,267.06,267.06,0.0,4005.914201,0.0
2019-03-04,16,0,254,7.26,7.26,0.0,65.736371,0.0
2019-03-04,16,0,255,3.33,3.33,0.0,30.151806,0.0
2019-03-04,16,0,258,9.2,9.2,0.0,73.772399,0.0
2019-03-04,16,0,260,3.22,3.22,0.0,34.226512,0.0
2019-03-04,16,0,265,63.98,63.98,0.0,-414.074729,0.0
2019-03-04,16,0,266,61.54,61.54,0.0,-398.283195,0.0
2019-03-04,16,0,267,76.24,76.24,0.0,-493.420715,0.0
2019-03-04,16,0,270,319.45,319.45,0.0,8077.018586,0.0
2019-03-04,16,0,272,150.39,150.39,0.0,4364.374783,0.0
2019-03-04,16,0,273,33.31,33.31,0.0,842.21471,0.0
2019-03-04,16,0,274,398.66,398.66,0.0,10079.775331,0.0
2019-03-04,16,0,275,534.46,534.46,0.0,13513.361569,0.0
2019-03-04,16,0,276,7.23,7.23,0.0,188.280913,0.0
2019-03-04,16,0,277,8.46,8.46,0.0,254.071446,0.0
2019-03-04,16,0,278,13.54,13.54,0.0,406.634442,0.0
2019-03-04,16,0,279,604.22,604.22,0.0,18145.986914,0.0
2019-03-04,16,0,281,21.76,21.76,0.0,-21760.0,0.0
2019-03-04,16,0,282,426.85,426.85,0.0,-426850.0,0.0
2019-03-04,17,0,9,2.91,2.91,0.0,1638.918641,0.0
2019-03-04,17,0,17,11.18,11.18,0.0,124.5924,0.0
2019-03-04,17,0,19,284.63,284.63,0.0,3171.979851,0.0
2019-03-04,17,0,20,342.76,342.76,0.0,3819.793464,0.0
2019-03-04,17,0,21,66.6,66.6,0.0,37509.271979,0.0
2019-03-04,17,0,22,236.69,236.69,0.0,133304.348118,0.0
2019-03-04,17,0,23,28.32,28.32,0.0,15949.888625,0.0
2019-03-04,17,0,24,50.38,50.38,0.0,28374.130965,0.0
2019-03-04,17,0,29,1.35,1.35,0.0,9.20313,0.0
2019-03-04,17,0,30,596.35,596.35,0.0,-596350.0,0.0
2019-03-04,17,0,31,42.29,42.29,0.0,-42290.0,0.0
2019-03-04,17,0,32,4.15,4.15,0.0,140.301998,0.0
2019-03-04,17,0,33,0.68,0.68,0.0,8.019621,0.0
2019-03-04,17,0,34,1.09,1.09,0.0,12.854981,0.0
2019-03-04,17,0,35,1.09,1.09,0.0,12.854981,0.0
2019-03-04,17,0,36,4.92,4.92,0.0,44.135588,0.0
2019-03-04,17,0,37,2.17,2.17,0.0,18.934194,0.0
2019-03-04,17,0,38,2.79,2.79,0.0,24.343963,0.0
2019-03-04,17,0,39,1.86,1.86,0.0,16.229309,0.0
2019-03-04,17,0,40,1.86,1.86,0.0,16.229309,0.0
2019-03-04,17,0,41,17.39,17.39,0.0,304.595409,0.0
2019-03-04,17,0,42,36.38,36.38,0.0,400.306165,0.0
2019-03-04,17,0,43,14.2,14.2,0.0,123.208032,0.0
2019-03-04,17,0,46,14.24,14.24,0.0,110.30901,0.0
2019-03-04,17,0,52,44.83,44.83,0.0,-44830.0,0.0
2019-03-04,17,0,53,71.22,71.22,0.0,-71220.0,0.0
2019-03-04,17,0,55,196.77,196.77,0.0,110821.313022,0.0
2019-03-04,17,0,56,175.9,175.9,0.0,-175900.0,0.0
2019-03-04,17,0,57,167.32,167.32,0.0,-167320.0,0.0
2019-03-04,17,0,58,321.77,321.77,0.0,-321770.0,0.0
2019-03-04,17,0,59,316.41,316.41,0.0,-316410.0,0.0
2019-03-04,17,0,63,95.49,95.49,0.0,5113.340815,0.0
2019-03-04,17,0,64,112.31,112.31,0.0,6014.025625,0.0
2019-03-04,17,0,65,41.4,41.4,0.0,460.288309,0.0
2019-03-04,17,0,67,284.89,284.89,0.0,-42668.864401,0.0
2019-03-04,17,0,68,14.25,14.25,0.0,-1508.285915,0.0
2019-03-04,17,0,69,0.68,0.68,0.0,8.019621,0.0
2019-03-04,17,0,74,59.67,59.67,0.0,649.717362,0.0
2019-03-04,17,0,77,54.11,54.11,0.0,-3741.593926,0.0
2019-03-04,17,0,78,40.91,40.91,0.0,-2828.841388,0.0
2019-03-04,17,0,79,23.67,23.67,0.0,-1636.731255,0.0
2019-03-04,17,0,80,38.28,38.28,0.0,-2646.98236,0.0
2019-03-04,17,0,81,50.05,50.05,0.0,-3460.853372,0.0
2019-03-04,17,0,82,35.31,35.31,0.0,-2441.613039,0.0
2019-03-04,17,0,83,78.73,78.73,0.0,-5444.015705,0.0
2019-03-04,17,0,84,0.0,0.0,0.0,0.0,0.0
2019-03-04,17,0,86,3.46,3.46,0.0,40.805718,0.0
2019-03-04,17,0,87,17.64,17.64,0.0,208.038403,0.0
2019-03-04,17,0,88,51.18,51.18,0.0,-3538.990522,0.0
2019-03-04,17,0,89,49.2,49.2,0.0,-3402.077641,0.0
2019-03-04,17,0,90,66.06,66.06,0.0,-4567.911564,0.0
2019-03-04,17,0,91,235.65,235.65,0.0,-16294.707237,0.0
2019-03-04,17,0,92,84.75,84.75,0.0,-5860.28618,0.0
2019-03-04,17,0,95,120.0,120.0,0.0,2691.568394,0.0
2019-03-04,17,0,96,26.58,26.58,0.0,-1789.86858,0.0
2019-03-04,17,0,97,163.46,163.46,0.0,-11007.220396,0.0
2019-03-04,17,0,99,12.14,12.14,0.0,132.186505,0.0
2019-03-04,17,0,101,12.01,12.01,0.0,-12010.0,0.0
2019-03-04,17,0,102,33.7,33.7,0.0,-3566.963884,0.0
2019-03-04,17,0,103,29.31,29.31,0.0,-3102.305977,0.0
2019-03-04,17,0,104,5.47,5.47,0.0,-578.970102,0.0
2019-03-04,17,0,106,233.0,233.0,0.0,131226.131698,0.0
2019-03-04,17,0,109,60.0,60.0,0.0,423.273338,0.0
2019-03-04,17,0,110,57.56,57.56,0.0,-16364.08594,0.0
2019-03-04,17,0,111,11.57,11.57,0.0,202.65491,0.0
2019-03-04,17,0,113,44.85,44.85,0.0,-2718.440066,0.0
2019-03-04,17,0,115,44.85,44.85,0.0,-2718.440066,0.0
2019-03-04,17,0,116,103.82,103.82,0.0,-29515.625473,0.0
2019-03-04,17,0,117,2.99,2.99,0.0,-181.229338,0.0
2019-03-04,17,0,119,112.31,112.31,0.0,6014.025625,0.0
2019-03-04,17,0,120,66.1,66.1,0.0,3539.552077,0.0
2019-03-04,17,0,123,3.88,3.88,0.0,2185.224854,0.0
2019-03-04,17,0,125,45.54,45.54,0.0,25648.231921,0.0
2019-03-04,17,0,126,174.75,174.75,0.0,98419.598773,0.0
2019-03-04,17,0,127,224.26,224.26,0.0,126303.743753,0.0
2019-03-04,17,0,128,65.54,65.54,0.0,36912.27756,0.0
2019-03-04,17,0,131,24.36,24.36,0.0,-2292.584826,0.0
2019-03-04,17,0,132,35.8,35.8,0.0,-3369.233858,0.0
2019-03-04,17,0,133,111.85,111.85,0.0,1246.756742,0.0
2019-03-04,17,0,134,0.0,0.0,0.0,0.0,0.0
2019-03-04,17,0,135,146.43,146.43,0.0,1632.209117,0.0
2019-03-04,17,0,136,45.9,45.9,0.0,510.253762,0.0
2019-03-04,17,0,139,22.45,22.45,0.0,393.224091,0.0
2019-03-04,17,0,140,42.6,42.6,0.0,-12111.015654,0.0
2019-03-04,17,0,141,63.33,63.33,0.0,-9485.131744,0.0
2019-03-04,17,0,142,375.69,375.69,0.0,-56268.263774,0.0
2019-03-04,17,0,143,61.48,61.48,0.0,-61480.0,0.0
2019-03-04,17,0,145,30.0,30.0,0.0,89.156074,0.0
2019-03-04,17,0,146,14.89,14.89,0.0,-4233.169556,0.0
2019-03-04,17,0,152,3.65,3.65,0.0,36.833132,0.0
2019-03-04,17,0,153,4.49,4.49,0.0,45.068104,0.0
2019-03-04,17,0,154,47.71,47.71,0.0,835.666876,0.0
2019-03-04,17,0,157,9.75,9.75,0.0,-1460.287928,0.0
2019-03-04,17,0,158,280.02,280.02,0.0,-41939.469302,0.0
2019-03-04,17,0,159,0.0,0.0,0.0,0.0,0.0
2019-03-04,17,0,160,0.99,0.99,0.0,8.915254,0.0
2019-03-04,17,0,161,52.12,52.12,0.0,-5516.621888,0.0
2019-03-04,17,0,162,162.5,162.5,0.0,3682.534587,0.0
2019-03-04,17,0,163,145.35,145.35,0.0,-41322.444255,0.0
2019-03-04,17,0,164,22.66,22.66,0.0,-22660.0,0.0
2019-03-04,17,0,167,4.63,4.63,0.0,98.814979,0.0
2019-03-04,17,0,168,2.31,2.31,0.0,49.300778,0.0
2019-03-04,17,0,169,0.0,0.0,0.0,0.0,0.0
2019-03-04,17,0,170,5.06,5.06,0.0,107.99218,0.0
2019-03-04,17,0,172,6.04,6.04,0.0,146.514715,0.0
2019-03-04,17,0,173,9.21,9.21,0.0,223.410683,0.0
2019-03-04,17,0,188,8.42,8.42,0.0,227.361271,0.0
2019-03-04,17,0,190,7.63,7.63,0.0,247.422261,0.0
2019-03-04,17,0,191,19.72,19.72,0.0,639.471426,0.0
2019-03-04,17,0,192,194.17,194.17,0.0,6296.458766,0.0
2019-03-04,17,0,194,52.95,52.95,0.0,-1056.300588,0.0
2019-03-04,17,0,196,5.34,5.34,0.0,533.703941,0.0
2019-03-04,17,0,198,3.65,3.65,0.0,33.788951,0.0
2019-03-04,17,0,199,130.0,130.0,0.0,129.950651,0.0
2019-03-04,17,0,200,11.99,11.99,0.0,11.985449,0.0
2019-03-04,17,0,204,257.1,257.1,0.0,1709.530479,0.0
2019-03-04,17,0,205,317.4,317.4,0.0,2239.11596,0.0
2019-03-04,17,0,206,480.31,480.31,0.0,-32343.558229,0.0
2019-03-04,17,0,210,0.44,0.44,0.0,3.130814,0.0
2019-03-04,17,0,214,2.93,2.93,0.0,35.734536,0.0
2019-03-04,17,0,217,1.82,1.82,0.0,18.136477,0.0
2019-03-04,17,0,218,2.51,2.51,0.0,25.012395,0.0
2019-03-04,17,0,219,1.71,1.71,0.0,17.040317,0.0
2019-03-04,17,0,221,1.56,1.56,0.0,19.025896,0.0
2019-03-04,17,0,225,1.26,1.26,0.0,8.553284,0.0
2019-03-04,17,0,233,1.96,1.96,0.0,23.115378,0.0
2019-03-04,17,0,236,116.53,116.53,0.0,1247.854377,0.0
2019-03-04,17,0,237,147.46,147.46,0.0,1605.61961,0.0
2019-03-04,17,0,238,47.35,47.35,0.0,521.014209,0.0
2019-03-04,17,0,240,5.58,5.58,0.0,50.056215,0.0
2019-03-04,17,0,245,78.0,78.0,0.0,876.748932,0.0
2019-03-04,17,0,247,171.72,171.72,0.0,1930.196494,0.0
2019-03-04,17,0,248,15.0,15.0,0.0,163.327642,0.0
2019-03-04,17,0,249,150.0,150.0,0.0,1686.055638,0.0
2019-03-04,17,0,251,326.4,326.4,0.0,3614.927831,0.0
2019-03-04,17,0,252,267.06,267.06,0.0,2969.193134,0.0
2019-03-04,17,0,254,5.44,5.44,0.0,47.649508,0.0
2019-03-04,17,0,255,2.49,2.49,0.0,21.810161,0.0
2019-03-04,17,0,258,6.96,6.96,0.0,62.105196,0.0
2019-03-04,17,0,260,2.41,2.41,0.0,21.702791,0.0
2019-03-04,17,0,265,49.4,49.4,0.0,865.268155,0.0
2019-03-04,17,0,266,14.54,14.54,0.0,254.676093,0.0
2019-03-04,17,0,267,17.87,17.87,0.0,313.002873,0.0
2019-03-04,17,0,270,453.94,453.94,0.0,-129053.390747,0.0
2019-03-04,17,0,272,149.89,149.89,0.0,-9085.105496,0.0
2019-03-04,17,0,273,24.83,24.83,0.0,-7059.073208,0.0
2019-03-04,17,0,274,585.18,585.18,0.0,-166364.416437,0.0
2019-03-04,17,0,275,814.59,814.59,0.0,-231584.794397,0.0
2019-03-04,17,0,276,5.32,5.32,0.0,-1352.663152,0.0
2019-03-04,17,0,277,6.31,6.31,0.0,-404.05504,0.0
2019-03-04,17,0,278,10.1,10.1,0.0,-646.7442,0.0
2019-03-04,17,0,279,241.12,241.12,0.0,-15439.897186,0.0
2019-03-04,17,0,281,18.98,18.98,0.0,-18980.0,0.0
2019-03-04,17,0,282,327.13,327.13,0.0,-327130.0,0.0
2019-03-04,18,0,9,1.74,1.74,0.0,10.938827,0.0
2019-03-04,18,0,17,6.64,6.64,0.0,91.761916,0.0
2019-03-04,18,0,19,332.94,332.94,0.0,4601.086209,0.0
2019-03-04,18,0,20,405.43,405.43,0.0,5602.866527,0.0
2019-03-04,18,0,21,39.89,39.89,0.0,250.775744,0.0
2019-03-04,18,0,22,141.75,141.75,0.0,891.137169,0.0
2019-03-04,18,0,23,46.53,46.53,0.0,292.519312,0.0
2019-03-04,18,0,24,82.57,82.57,0.0,519.09133,0.0
2019-03-04,18,0,29,0.79,0.79,0.0,6.013797,0.0
2019-03-04,18,0,30,371.16,371.16,0.0,2317.939141,0.0
2019-03-04,18,0,31,29.84,29.84,0.0,186.354413,0.0
2019-03-04,18,0,32,2.46,2.46,0.0,54.417075,0.0
2019-03-04,18,0,33,0.41,0.41,0.0,6.342467,0.0
2019-03-04,18,0,34,0.65,0.65,0.0,10.055131,0.0
2019-03-04,18,0,35,0.65,0.65,0.0,10.055131,0.0
2019-03-04,18,0,36,2.97,2.97,0.0,32.460945,0.0
2019-03-04,18,0,37,1.27,1.27,0.0,13.768949,0.0
2019-03-04,18,0,38,1.64,1.64,0.0,17.780376,0.0
2019-03-04,18,0,39,1.09,1.09,0.0,11.817445,0.0
2019-03-04,18,0,40,1.09,1.09,0.0,11.817445,0.0
2019-03-04,18,0,41,8.67,8.67,0.0,73.9334,0.0
2019-03-04,18,0,42,20.89,20.89,0.0,281.21977,0.0
2019-03-04,18,0,43,8.3,8.3,0.0,90.950077,0.0
2019-03-04,18,0,46,8.61,8.61,0.0,89.072948,0.0
2019-03-04,18,0,52,31.63,31.63,0.0,197.53318,0.0
2019-03-04,18,0,53,50.26,50.26,0.0,313.879786,0.0
2019-03-04,18,0,55,129.14,129.14,0.0,811.862109,0.0
2019-03-04,18,0,56,109.48,109.48,0.0,683.715856,0.0
2019-03-04,18,0,57,104.14,104.14,0.0,650.36691,0.0
2019-03-04,18,0,58,200.27,200.27,0.0,1250.710399,0.0
2019-03-04,18,0,59,196.93,196.93,0.0,1229.851695,0.0
2019-03-04,18,0,63,170.0,170.0,0.0,4622.1504,0.0
2019-03-04,18,0,64,200.0,200.0,0.0,5437.824,0.0
2019-03-04,18,0,65,41.4,41.4,0.0,569.379626,0.0
2019-03-04,18,0,67,174.01,174.01,0.0,-2713.85821,0.0
2019-03-04,18,0,68,7.13,7.13,0.0,-42.578415,0.0
2019-03-04,18,0,69,0.41,0.41,0.0,6.342467,0.0
2019-03-04,18,0,74,27.8,27.8,0.0,331.489107,0.0
2019-03-04,18,0,77,46.12,46.12,0.0,106.443111,0.0
2019-03-04,18,0,78,34.87,34.87,0.0,80.478562,0.0
2019-03-04,18,0,79,20.18,20.18,0.0,46.574631,0.0
2019-03-04,18,0,80,32.63,32.63,0.0,75.308732,0.0
2019-03-04,18,0,81,42.66,42.66,0.0,98.45757,0.0
2019-03-04,18,0,82,30.1,30.1,0.0,69.469593,0.0
2019-03-04,18,0,83,67.11,67.11,0.0,154.887189,0.0
2019-03-04,18,0,84,0.0,0.0,0.0,0.0,0.0
2019-03-04,18,0,86,2.05,2.05,0.0,31.712336,0.0
2019-03-04,18,0,87,10.48,10.48,0.0,162.119648,0.0
2019-03-04,18,0,88,44.55,44.55,0.0,102.819614,0.0
2019-03-04,18,0,89,42.83,42.83,0.0,98.849923,0.0
2019-03-04,18,0,90,57.5,57.5,0.0,132.707695,0.0
2019-03-04,18,0,91,205.13,205.13,0.0,473.431816,0.0
2019-03-04,18,0,92,73.77,73.77,0.0,170.258202,0.0
2019-03-04,18,0,95,120.0,120.0,0.0,2678.3344,0.0
2019-03-04,18,0,96,19.34,19.34,0.0,119.940605,0.0
2019-03-04,18,0,97,118.91,118.91,0.0,737.442467,0.0
2019-03-04,18,0,99,5.37,5.37,0.0,64.032248,0.0
2019-03-04,18,0,101,7.48,7.48,0.0,46.713506,0.0
2019-03-04,18,0,102,16.88,16.88,0.0,-100.802756,0.0
2019-03-04,18,0,103,14.68,14.68,0.0,-87.664956,0.0
2019-03-04,18,0,104,2.73,2.73,0.0,-16.302815,0.0
2019-03-04,18,0,106,139.54,139.54,0.0,877.243602,0.0
2019-03-04,18,0,109,55.03,55.03,0.0,540.45338,0.0
2019-03-04,18,0,110,72.6,72.6,0.0,-3271.97621,0.0
2019-03-04,18,0,111,7.35,7.35,0.0,62.677104,0.0
2019-03-04,18,0,113,37.74,37.74,0.0,127.956324,0.0
2019-03-04,18,0,115,37.74,37.74,0.0,127.956324,0.0
2019-03-04,18,0,116,61.95,61.95,0.0,-2791.996229,0.0
2019-03-04,18,0,117,2.52,2.52,0.0,8.543983,0.0
2019-03-04,18,0,119,200.0,200.0,0.0,5437.824,0.0
2019-03-04,18,0,120,117.6,117.6,0.0,3197.440512,0.0
2019-03-04,18,0,123,2.33,2.33,0.0,14.647969,0.0
2019-03-04,18,0,125,74.67,74.67,0.0,469.426543,0.0
2019-03-04,18,0,126,104.66,104.66,0.0,657.964135,0.0
2019-03-04,18,0,127,134.31,134.31,0.0,844.364255,0.0
2019-03-04,18,0,128,107.23,107.23,0.0,674.120908,0.0
2019-03-04,18,0,131,21.93,21.93,0.0,-74.592331,0.0
2019-03-04,18,0,132,32.23,32.23,0.0,-109.626577,0.0
2019-03-04,18,0,133,139.8,139.8,0.0,1932.850317,0.0
2019-03-04,18,0,134,0.0,0.0,0.0,0.0,0.0
2019-03-04,18,0,135,187.33,187.33,0.0,2589.991773,0.0
2019-03-04,18,0,136,45.9,45.9,0.0,631.101312,0.0
2019-03-04,18,0,139,11.19,11.19,0.0,95.422693,0.0
2019-03-04,18,0,140,53.73,53.73,0.0,-2421.532807,0.0
2019-03-04,18,0,141,78.97,78.97,0.0,-1231.615326,0.0
2019-03-04,18,0,142,229.48,229.48,0.0,-3578.967772,0.0
2019-03-04,18,0,143,49.27,49.27,0.0,307.697116,0.0
2019-03-04,18,0,145,23.99,23.99,0.0,181.697354,0.0
2019-03-04,18,0,146,32.09,32.09,0.0,-1446.24954,0.0
2019-03-04,18,0,152,2.18,2.18,0.0,25.962011,0.0
2019-03-04,18,0,153,2.67,2.67,0.0,31.565772,0.0
2019-03-04,18,0,154,30.33,30.33,0.0,258.638989,0.0
2019-03-04,18,0,157,32.7,32.7,0.0,-509.988871,0.0
2019-03-04,18,0,158,173.93,173.93,0.0,-2712.610531,0.0
2019-03-04,18,0,159,0.0,0.0,0.0,0.0,0.0
2019-03-04,18,0,160,0.59,0.59,0.0,6.769288,0.0
2019-03-04,18,0,161,31.6,31.6,0.0,-188.70658,0.0
2019-03-04,18,0,162,162.5,162.5,0.0,3635.752009,0.0
2019-03-04,18,0,163,142.64,142.64,0.0,-6428.57695,0.0
2019-03-04,18,0,164,14.5,14.5,0.0,90.554256,0.0
2019-03-04,18,0,167,2.77,2.77,0.0,61.429669,0.0
2019-03-04,18,0,168,1.38,1.38,0.0,30.60395,0.0
2019-03-04,18,0,169,0.0,0.0,0.0,0.0,0.0
2019-03-04,18,0,170,3.03,3.03,0.0,67.19563,0.0
2019-03-04,18,0,172,3.58,3.58,0.0,73.982162,0.0
2019-03-04,18,0,173,5.46,5.46,0.0,112.833131,0.0
2019-03-04,18,0,188,5.01,5.01,0.0,106.350014,0.0
2019-03-04,18,0,190,4.45,4.45,0.0,120.991584,0.0
2019-03-04,18,0,191,11.5,11.5,0.0,312.67488,0.0
2019-03-04,18,0,192,189.79,189.79,0.0,5160.223085,0.0
2019-03-04,18,0,194,98.98,98.98,0.0,1144.640355,0.0
2019-03-04,18,0,196,3.18,3.18,0.0,118.512391,0.0
2019-03-04,18,0,198,2.2,2.2,0.0,26.079784,0.0
2019-03-04,18,0,199,130.0,130.0,0.0,1612.186948,0.0
2019-03-04,18,0,200,7.03,7.03,0.0,87.18211,0.0
2019-03-04,18,0,204,231.54,231.54,0.0,2228.065749,0.0
2019-03-04,18,0,205,291.1,291.1,0.0,2858.912936,0.0
2019-03-04,18,0,206,349.4,349.4,0.0,2166.869043,0.0
2019-03-04,18,0,210,0.26,0.26,0.0,2.12676,0.0
2019-03-04,18,0,214,1.75,1.75,0.0,28.782581,0.0
2019-03-04,18,0,217,1.07,1.07,0.0,13.744461,0.0
2019-03-04,18,0,218,1.48,1.48,0.0,19.01103,0.0
2019-03-04,18,0,219,1.01,1.01,0.0,12.973743,0.0
2019-03-04,18,0,221,0.93,0.93,0.0,15.295886,0.0
2019-03-04,18,0,225,0.74,0.74,0.0,5.592625,0.0
2019-03-04,18,0,233,1.16,1.16,0.0,17.944541,0.0
2019-03-04,18,0,236,94.94,94.94,0.0,1225.133141,0.0
2019-03-04,18,0,237,66.69,66.69,0.0,795.216135,0.0
2019-03-04,18,0,238,27.19,27.19,0.0,366.029945,0.0
2019-03-04,18,0,240,3.36,3.36,0.0,36.723494,0.0
2019-03-04,18,0,245,78.0,78.0,0.0,1096.981503,0.0
2019-03-04,18,0,247,171.72,171.72,0.0,2415.046971,0.0
2019-03-04,18,0,248,6.69,6.69,0.0,79.772019,0.0
2019-03-04,18,0,249,150.0,150.0,0.0,2109.579814,0.0
2019-03-04,18,0,251,326.4,326.4,0.0,4453.420007,0.0
2019-03-04,18,0,252,267.06,267.06,0.0,3672.911181,0.0
2019-03-04,18,0,254,3.31,3.31,0.0,36.698648,0.0
2019-03-04,18,0,255,1.52,1.52,0.0,16.852551,0.0
2019-03-04,18,0,258,4.25,4.25,0.0,46.470225,0.0
2019-03-04,18,0,260,1.43,1.43,0.0,16.406917,0.0
2019-03-04,18,0,265,31.4,31.4,0.0,267.763411,0.0
2019-03-04,18,0,266,7.25,7.25,0.0,61.824354,0.0
2019-03-04,18,0,267,8.91,8.91,0.0,75.98,0.0
2019-03-04,18,0,270,445.45,445.45,0.0,-20075.782406,0.0
2019-03-04,18,0,272,126.11,126.11,0.0,427.572124,0.0
2019-03-04,18,0,273,14.81,14.81,0.0,-667.465119,0.0
2019-03-04,18,0,274,574.24,574.24,0.0,-25880.160038,0.0
2019-03-04,18,0,275,799.35,799.35,0.0,-36025.539716,0.0
2019-03-04,18,0,276,3.18,3.18,0.0,-122.391662,0.0
2019-03-04,18,0,277,3.81,3.81,0.0,11.264166,0.0
2019-03-04,18,0,278,6.09,6.09,0.0,18.004927,0.0
2019-03-04,18,0,279,211.58,211.58,0.0,625.530771,0.0
2019-03-04,18,0,281,13.38,13.38,0.0,83.55972,0.0
2019-03-04,18,0,282,203.6,203.6,0.0,1271.506653,0.0
2019-03-04,19,0,9,0.53,0.53,0.0,8.071665,0.0
2019-03-04,19,0,17,1.91,1.91,0.0,27.17268,0.0
2019-03-04,19,0,19,615.51,615.51,0.0,8756.573838,0.0
2019-03-04,19,0,20,748.14,748.14,0.0,10643.43902,0.0
2019-03-04,19,0,21,12.07,12.07,0.0,183.820739,0.0
2019-03-04,19,0,22,42.91,42.91,0.0,653.500243,0.0
2019-03-04,19,0,23,45.21,45.21,0.0,688.528221,0.0
2019-03-04,19,0,24,79.99,79.99,0.0,1218.212174,0.0
2019-03-04,19,0,29,0.14,0.14,0.0,1.157189,0.0
2019-03-04,19,0,30,113.73,113.73,0.0,1725.301947,0.0
2019-03-04,19,0,31,12.82,12.82,0.0,194.481412,0.0
2019-03-04,19,0,32,0.44,0.44,0.0,11.572258,0.0
2019-03-04,19,0,33,0.15,0.15,0.0,2.566623,0.0
2019-03-04,19,0,34,0.24,0.24,0.0,4.106596,0.0
2019-03-04,19,0,35,0.24,0.24,0.0,4.106596,0.0
2019-03-04,19,0,36,1.07,1.07,0.0,24.320523,0.0
2019-03-04,19,0,37,0.47,0.47,0.0,10.804088,0.0
2019-03-04,19,0,38,0.6,0.6,0.0,13.792452,0.0
2019-03-04,19,0,39,0.4,0.4,0.0,9.194968,0.0
2019-03-04,19,0,40,0.4,0.4,0.0,9.194968,0.0
2019-03-04,19,0,41,3.8,3.8,0.0,68.505519,0.0
2019-03-04,19,0,42,7.12,7.12,0.0,127.493313,0.0
2019-03-04,19,0,43,3.18,3.18,0.0,77.446722,0.0
2019-03-04,19,0,46,3.03,3.03,0.0,68.43637,0.0
2019-03-04,19,0,52,13.59,13.59,0.0,206.162433,0.0
2019-03-04,19,0,53,21.59,21.59,0.0,327.523688,0.0
2019-03-04,19,0,55,50.81,50.81,0.0,773.813734,0.0
2019-03-04,19,0,56,33.55,33.55,0.0,508.958765,0.0
2019-03-04,19,0,57,31.91,31.91,0.0,484.079708,0.0
2019-03-04,19,0,58,61.37,61.37,0.0,930.992531,0.0
2019-03-04,19,0,59,60.34,60.34,0.0,915.367269,0.0
2019-03-04,19,0,63,158.53,158.53,0.0,4725.515912,0.0
2019-03-04,19,0,64,186.51,186.51,0.0,5559.553225,0.0
2019-03-04,19,0,65,41.4,41.4,0.0,654.792106,0.0
2019-03-04,19,0,67,54.81,54.81,0.0,-353.7091,0.0
2019-03-04,19,0,68,8.36,8.36,0.0,16.854345,0.0
2019-03-04,19,0,69,0.15,0.15,0.0,2.566623,0.0
2019-03-04,19,0,74,20.19,20.19,0.0,423.576285,0.0
2019-03-04,19,0,77,39.65,39.65,0.0,374.889075,0.0
2019-03-04,19,0,78,29.98,29.98,0.0,283.459634,0.0
2019-03-04,19,0,79,17.35,17.35,0.0,164.043517,0.0
2019-03-04,19,0,80,28.05,28.05,0.0,265.211565,0.0
2019-03-04,19,0,81,36.68,36.68,0.0,346.807851,0.0
2019-03-04,19,0,82,25.87,25.87,0.0,244.599757,0.0
2019-03-04,19,0,83,57.69,57.69,0.0,545.456513,0.0
2019-03-04,19,0,84,0.0,0.0,0.0,0.0,0.0
2019-03-04,19,0,86,0.75,0.75,0.0,12.833113,0.0
2019-03-04,19,0,87,3.81,3.81,0.0,65.192212,0.0
2019-03-04,19,0,88,36.55,36.55,0.0,345.578706,0.0
2019-03-04,19,0,89,35.14,35.14,0.0,332.247216,0.0
2019-03-04,19,0,90,47.18,47.18,0.0,446.084907,0.0
2019-03-04,19,0,91,168.3,168.3,0.0,1591.269391,0.0
2019-03-04,19,0,92,60.53,60.53,0.0,572.308593,0.0
2019-03-04,19,0,95,120.0,120.0,0.0,2691.568394,0.0
2019-03-04,19,0,96,14.13,14.13,0.0,213.477159,0.0
2019-03-04,19,0,97,86.91,86.91,0.0,1313.043162,0.0
2019-03-04,19,0,99,3.9,3.9,0.0,81.820085,0.0
2019-03-04,19,0,101,2.29,2.29,0.0,34.739659,0.0
2019-03-04,19,0,102,23.91,23.91,0.0,48.204234,0.0
2019-03-04,19,0,103,20.06,20.06,0.0,40.442364,0.0
2019-03-04,19,0,104,2.86,2.86,0.0,5.76596,0.0
2019-03-04,19,0,106,42.24,42.24,0.0,643.29644,0.0
2019-03-04,19,0,109,38.41,38.41,0.0,791.083504,0.0
2019-03-04,19,0,110,91.47,91.47,0.0,-2962.665768,0.0
2019-03-04,19,0,111,2.77,2.77,0.0,49.936918,0.0
2019-03-04,19,0,113,31.77,31.77,0.0,314.71728,0.0
2019-03-04,19,0,115,31.77,31.77,0.0,314.71728,0.0
2019-03-04,19,0,116,15.73,15.73,0.0,-509.486526,0.0
2019-03-04,19,0,117,2.12,2.12,0.0,21.000964,0.0
2019-03-04,19,0,119,186.51,186.51,0.0,5559.553225,0.0
2019-03-04,19,0,120,109.67,109.67,0.0,3269.08049,0.0
2019-03-04,19,0,123,0.7,0.7,0.0,10.660689,0.0
2019-03-04,19,0,125,72.39,72.39,0.0,1102.46755,0.0
2019-03-04,19,0,126,31.68,31.68,0.0,482.47233,0.0
2019-03-04,19,0,127,40.66,40.66,0.0,619.233742,0.0
2019-03-04,19,0,128,103.68,103.68,0.0,1579.000353,0.0
2019-03-04,19,0,131,20.0,20.0,0.0,85.559921,0.0
2019-03-04,19,0,132,29.4,29.4,0.0,125.773083,0.0
2019-03-04,19,0,133,135.62,135.62,0.0,1909.090167,0.0
2019-03-04,19,0,134,0.0,0.0,0.0,0.0,0.0
2019-03-04,19,0,135,183.78,183.78,0.0,2587.026921,0.0
2019-03-04,19,0,136,45.9,45.9,0.0,729.970917,0.0
2019-03-04,19,0,139,4.91,4.91,0.0,88.516342,0.0
2019-03-04,19,0,140,67.7,67.7,0.0,-2192.76782,0.0
2019-03-04,19,0,141,98.79,98.79,0.0,-637.528224,0.0
2019-03-04,19,0,142,72.28,72.28,0.0,-466.449439,0.0
2019-03-04,19,0,143,22.75,22.75,0.0,345.12107,0.0
2019-03-04,19,0,145,17.47,17.47,0.0,300.128851,0.0
2019-03-04,19,0,146,59.2,59.2,0.0,-1917.457237,0.0
2019-03-04,19,0,152,0.68,0.68,0.0,14.370097,0.0
2019-03-04,19,0,153,0.86,0.86,0.0,18.20116,0.0
2019-03-04,19,0,154,11.42,11.42,0.0,205.877113,0.0
2019-03-04,19,0,157,85.64,85.64,0.0,-552.666435,0.0
2019-03-04,19,0,158,56.36,56.36,0.0,-363.71182,0.0
2019-03-04,19,0,159,0.0,0.0,0.0,0.0,0.0
2019-03-04,19,0,160,0.22,0.22,0.0,6.143064,0.0
2019-03-04,19,0,161,9.24,9.24,0.0,18.628487,0.0
2019-03-04,19,0,162,162.5,162.5,0.0,3652.454304,0.0
2019-03-04,19,0,163,140.68,140.68,0.0,-4556.552096,0.0
2019-03-04,19,0,164,4.58,4.58,0.0,69.479319,0.0
2019-03-04,19,0,167,0.47,0.47,0.0,10.415005,0.0
2019-03-04,19,0,168,0.23,0.23,0.0,5.096705,0.0
2019-03-04,19,0,169,0.0,0.0,0.0,0.0,0.0
2019-03-04,19,0,170,0.51,0.51,0.0,11.301388,0.0
2019-03-04,19,0,172,0.62,0.62,0.0,14.513419,0.0
2019-03-04,19,0,173,0.95,0.95,0.0,22.238303,0.0
2019-03-04,19,0,188,0.93,0.93,0.0,22.804985,0.0
2019-03-04,19,0,190,0.92,0.92,0.0,27.423671,0.0
2019-03-04,19,0,191,2.36,2.36,0.0,70.347679,0.0
2019-03-04,19,0,192,186.87,186.87,0.0,5570.284227,0.0
2019-03-04,19,0,194,170.86,170.86,0.0,2841.631517,0.0
2019-03-04,19,0,196,0.77,0.77,0.0,29.80994,0.0
2019-03-04,19,0,198,0.7,0.7,0.0,5.676598,0.0
2019-03-04,19,0,199,117.86,117.86,0.0,1773.25122,0.0
2019-03-04,19,0,200,1.74,1.74,0.0,26.179002,0.0
2019-03-04,19,0,204,158.99,158.99,0.0,3259.439853,0.0
2019-03-04,19,0,205,203.21,203.21,0.0,4185.266305,0.0
2019-03-04,19,0,206,255.37,255.37,0.0,3858.150181,0.0
2019-03-04,19,0,210,0.06,0.06,0.0,0.525888,0.0
2019-03-04,19,0,214,0.46,0.46,0.0,7.771389,0.0
2019-03-04,19,0,217,0.27,0.27,0.0,3.536998,0.0
2019-03-04,19,0,218,0.37,0.37,0.0,4.846997,0.0
2019-03-04,19,0,219,0.25,0.25,0.0,3.274998,0.0
2019-03-04,19,0,221,0.24,0.24,0.0,4.054638,0.0
2019-03-04,19,0,225,0.15,0.15,0.0,1.232614,0.0
2019-03-04,19,0,233,0.42,0.42,0.0,7.186543,0.0
2019-03-04,19,0,236,76.52,76.52,0.0,1589.296767,0.0
2019-03-04,19,0,237,48.43,48.43,0.0,1016.037617,0.0
2019-03-04,19,0,238,9.26,9.26,0.0,165.812933,0.0
2019-03-04,19,0,240,1.22,1.22,0.0,27.729942,0.0
2019-03-04,19,0,245,78.0,78.0,0.0,1192.617783,0.0
2019-03-04,19,0,247,153.28,153.28,0.0,2343.646843,0.0
2019-03-04,19,0,248,4.86,4.86,0.0,101.960413,0.0
2019-03-04,19,0,249,150.0,150.0,0.0,2293.495736,0.0
2019-03-04,19,0,251,326.4,326.4,0.0,5472.386108,0.0
2019-03-04,19,0,252,267.06,267.06,0.0,4223.883572,0.0
2019-03-04,19,0,254,1.12,1.12,0.0,28.279808,0.0
2019-03-04,19,0,255,0.51,0.51,0.0,12.877413,0.0
2019-03-04,19,0,258,1.51,1.51,0.0,34.71775,0.0
2019-03-04,19,0,260,0.54,0.54,0.0,15.078429,0.0
2019-03-04,19,0,265,11.82,11.82,0.0,213.08822,0.0
2019-03-04,19,0,266,3.18,3.18,0.0,57.328303,0.0
2019-03-04,19,0,267,3.91,3.91,0.0,70.488574,0.0
2019-03-04,19,0,270,439.33,439.33,0.0,-14229.670404,0.0
2019-03-04,19,0,272,106.17,106.17,0.0,1051.73225,0.0
2019-03-04,19,0,273,3.76,3.76,0.0,-121.784446,0.0
2019-03-04,19,0,274,566.35,566.35,0.0,-18343.782198,0.0
2019-03-04,19,0,275,788.37,788.37,0.0,-25534.894626,0.0
2019-03-04,19,0,276,0.82,0.82,0.0,-21.810765,0.0
2019-03-04,19,0,277,1.05,1.05,0.0,10.211501,0.0
2019-03-04,19,0,278,1.68,1.68,0.0,16.338401,0.0
2019-03-04,19,0,279,188.08,188.08,0.0,1829.122932,0.0
2019-03-04,19,0,281,5.75,5.75,0.0,87.228402,0.0
2019-03-04,19,0,282,62.39,62.39,0.0,946.466091,0.0
2019-03-04,20,0,9,0.0,0.0,0.0,0.0,0.0
2019-03-04,20,0,17,0.0,0.0,0.0,0.0,0.0
2019-03-04,20,0,19,643.3,643.3,0.0,7331.931892,0.0
2019-03-04,20,0,20,780.2,780.2,0.0,8892.232648,0.0
2019-03-04,20,0,21,0.0,0.0,0.0,0.0,0.0
2019-03-04,20,0,22,0.0,0.0,0.0,0.0,0.0
2019-03-04,20,0,23,32.61,32.61,0.0,732.653036,0.0
2019-03-04,20,0,24,57.69,57.69,0.0,1296.1286,0.0
2019-03-04,20,0,29,0.0,0.0,0.0,0.0,0.0
2019-03-04,20,0,30,0.0,0.0,0.0,0.0,0.0
2019-03-04,20,0,31,14.33,14.33,0.0,321.293188,0.0
2019-03-04,20,0,32,0.0,0.0,0.0,0.0,0.0
2019-03-04,20,0,33,0.0,0.0,0.0,0.0,0.0
2019-03-04,20,0,34,0.0,0.0,0.0,0.0,0.0
2019-03-04,20,0,35,0.0,0.0,0.0,0.0,0.0
2019-03-04,20,0,36,0.0,0.0,0.0,0.0,0.0
2019-03-04,20,0,37,0.0,0.0,0.0,0.0,0.0
2019-03-04,20,0,38,0.0,0.0,0.0,0.0,0.0
2019-03-04,20,0,39,0.0,0.0,0.0,0.0,0.0
2019-03-04,20,0,40,0.0,0.0,0.0,0.0,0.0
2019-03-04,20,0,41,6.24,6.24,0.0,153.040547,0.0
2019-03-04,20,0,42,0.0,0.0,0.0,0.0,0.0
2019-03-04,20,0,43,0.0,0.0,0.0,0.0,0.0
2019-03-04,20,0,46,0.0,0.0,0.0,0.0,0.0
2019-03-04,20,0,52,15.19,15.19,0.0,340.575263,0.0
2019-03-04,20,0,53,24.13,24.13,0.0,541.019164,0.0
2019-03-04,20,0,55,48.8,48.8,0.0,1096.395834,0.0
2019-03-04,20,0,56,0.0,0.0,0.0,0.0,0.0
2019-03-04,20,0,57,0.0,0.0,0.0,0.0,0.0
2019-03-04,20,0,58,0.0,0.0,0.0,0.0,0.0
2019-03-04,20,0,59,0.0,0.0,0.0,0.0,0.0
2019-03-04,20,0,63,96.46,96.46,0.0,2048.891737,0.0
2019-03-04,20,0,64,113.49,113.49,0.0,2410.623298,0.0
2019-03-04,20,0,65,41.4,41.4,0.0,612.085866,0.0
2019-03-04,20,0,67,0.0,0.0,0.0,0.0,0.0
2019-03-04,20,0,68,3.87,3.87,0.0,61.494922,0.0
2019-03-04,20,0,69,0.0,0.0,0.0,0.0,0.0
2019-03-04,20,0,74,16.46,16.46,0.0,434.010777,0.0
2019-03-04,20,0,77,35.31,35.31,0.0,634.15677,0.0
2019-03-04,20,0,78,26.81,26.81,0.0,481.499377,0.0
2019-03-04,20,0,79,15.6,15.6,0.0,280.171215,0.0
2019-03-04,20,0,80,25.11,25.11,0.0,450.967898,0.0
2019-03-04,20,0,81,32.71,32.71,0.0,587.461567,0.0
2019-03-04,20,0,82,23.18,23.18,0.0,416.30569,0.0
2019-03-04,20,0,83,50.98,50.98,0.0,915.585163,0.0
2019-03-04,20,0,84,0.0,0.0,0.0,0.0,0.0
2019-03-04,20,0,86,0.0,0.0,0.0,0.0,0.0
2019-03-04,20,0,87,0.0,0.0,0.0,0.0,0.0
2019-03-04,20,0,88,41.44,41.44,0.0,744.249689,0.0
2019-03-04,20,0,89,39.84,39.84,0.0,715.51418,0.0
2019-03-04,20,0,90,53.45,53.45,0.0,959.945606,0.0
2019-03-04,20,0,91,190.29,190.29,0.0,3417.550034,0.0
2019-03-04,20,0,92,68.53,68.53,0.0,1230.77778,0.0
2019-03-04,20,0,95,108.72,108.72,0.0,2181.689659,0.0
2019-03-04,20,0,96,10.13,10.13,0.0,226.636755,0.0
2019-03-04,20,0,97,73.18,73.18,0.0,1637.243606,0.0
2019-03-04,20,0,99,3.18,3.18,0.0,83.848984,0.0
2019-03-04,20,0,101,0.0,0.0,0.0,0.0,0.0
2019-03-04,20,0,102,9.15,9.15,0.0,145.39497,0.0
2019-03-04,20,0,103,7.96,7.96,0.0,126.485679,0.0
2019-03-04,20,0,104,1.48,1.48,0.0,23.517438,0.0
2019-03-04,20,0,106,0.0,0.0,0.0,0.0,0.0
2019-03-04,20,0,109,24.37,24.37,0.0,651.116303,0.0
2019-03-04,20,0,110,44.68,44.68,0.0,324.769147,0.0
2019-03-04,20,0,111,0.0,0.0,0.0,0.0,0.0
2019-03-04,20,0,113,19.48,19.48,0.0,338.910669,0.0
2019-03-04,20,0,115,19.48,19.48,0.0,338.910669,0.0
2019-03-04,20,0,116,0.0,0.0,0.0,0.0,0.0
2019-03-04,20,0,117,1.3,1.3,0.0,22.617242,0.0
2019-03-04,20,0,119,113.49,113.49,0.0,2410.623298,0.0
2019-03-04,20,0,120,66.73,66.73,0.0,1417.401468,0.0
2019-03-04,20,0,123,0.0,0.0,0.0,0.0,0.0
2019-03-04,20,0,125,52.21,52.21,0.0,1173.00874,0.0
2019-03-04,20,0,126,0.0,0.0,0.0,0.0,0.0
2019-03-04,20,0,127,0.0,0.0,0.0,0.0,0.0
2019-03-04,20,0,128,74.78,74.78,0.0,1680.091814,0.0
2019-03-04,20,0,131,12.6,12.6,0.0,207.357652,0.0
2019-03-04,20,0,132,18.52,18.52,0.0,304.782834,0.0
2019-03-04,20,0,133,103.8,103.8,0.0,1149.921309,0.0
2019-03-04,20,0,134,0.0,0.0,0.0,0.0,0.0
2019-03-04,20,0,135,138.32,138.32,0.0,1532.342153,0.0
2019-03-04,20,0,136,45.9,45.9,0.0,687.152334,0.0
2019-03-04,20,0,139,8.35,8.35,0.0,204.789834,0.0
2019-03-04,20,0,140,33.07,33.07,0.0,240.378597,0.0
2019-03-04,20,0,141,62.53,62.53,0.0,860.90553,0.0
2019-03-04,20,0,142,0.0,0.0,0.0,0.0,0.0
2019-03-04,20,0,143,22.9,22.9,0.0,513.441312,0.0
2019-03-04,20,0,145,10.28,10.28,0.0,246.843059,0.0
2019-03-04,20,0,146,26.47,26.47,0.0,192.40464,0.0
2019-03-04,20,0,152,0.0,0.0,0.0,0.0,0.0
2019-03-04,20,0,153,0.0,0.0,0.0,0.0,0.0
2019-03-04,20,0,154,0.0,0.0,0.0,0.0,0.0
2019-03-04,20,0,157,52.92,52.92,0.0,728.596204,0.0
2019-03-04,20,0,158,0.0,0.0,0.0,0.0,0.0
2019-03-04,20,0,159,0.0,0.0,0.0,0.0,0.0
2019-03-04,20,0,160,0.0,0.0,0.0,0.0,0.0
2019-03-04,20,0,161,0.0,0.0,0.0,0.0,0.0
2019-03-04,20,0,162,97.46,97.46,0.0,1957.129591,0.0
2019-03-04,20,0,163,89.28,89.28,0.0,648.956792,0.0
2019-03-04,20,0,164,0.0,0.0,0.0,0.0,0.0
2019-03-04,20,0,167,0.0,0.0,0.0,0.0,0.0
2019-03-04,20,0,168,0.0,0.0,0.0,0.0,0.0
2019-03-04,20,0,169,0.0,0.0,0.0,0.0,0.0
2019-03-04,20,0,170,0.0,0.0,0.0,0.0,0.0
2019-03-04,20,0,172,0.0,0.0,0.0,0.0,0.0
2019-03-04,20,0,173,0.0,0.0,0.0,0.0,0.0
2019-03-04,20,0,188,0.0,0.0,0.0,0.0,0.0
2019-03-04,20,0,190,0.0,0.0,0.0,0.0,0.0
2019-03-04,20,0,191,0.0,0.0,0.0,0.0,0.0
2019-03-04,20,0,192,105.29,105.29,0.0,2236.448383,0.0
2019-03-04,20,0,194,104.05,104.05,0.0,1920.080042,0.0
2019-03-04,20,0,196,0.0,0.0,0.0,0.0,0.0
2019-03-04,20,0,198,0.0,0.0,0.0,0.0,0.0
2019-03-04,20,0,199,78.46,78.46,0.0,1195.222453,0.0
2019-03-04,20,0,200,0.0,0.0,0.0,0.0,0.0
2019-03-04,20,0,204,177.75,177.75,0.0,4746.517741,0.0
2019-03-04,20,0,205,128.94,128.94,0.0,3445.011741,0.0
2019-03-04,20,0,206,277.2,277.2,0.0,6201.748121,0.0
2019-03-04,20,0,210,0.0,0.0,0.0,0.0,0.0
2019-03-04,20,0,214,0.0,0.0,0.0,0.0,0.0
2019-03-04,20,0,217,0.0,0.0,0.0,0.0,0.0
2019-03-04,20,0,218,0.0,0.0,0.0,0.0,0.0
2019-03-04,20,0,219,0.0,0.0,0.0,0.0,0.0
2019-03-04,20,0,221,0.0,0.0,0.0,0.0,0.0
2019-03-04,20,0,225,0.0,0.0,0.0,0.0,0.0
2019-03-04,20,0,233,0.0,0.0,0.0,0.0,0.0
2019-03-04,20,0,236,59.05,59.05,0.0,1502.574147,0.0
2019-03-04,20,0,237,39.48,39.48,0.0,1040.993042,0.0
2019-03-04,20,0,238,0.0,0.0,0.0,0.0,0.0
2019-03-04,20,0,240,0.0,0.0,0.0,0.0,0.0
2019-03-04,20,0,245,145.89,145.89,0.0,1984.074876,0.0
2019-03-04,20,0,247,161.3,161.3,0.0,2193.6478,0.0
2019-03-04,20,0,248,3.96,3.96,0.0,104.415715,0.0
2019-03-04,20,0,249,280.44,280.44,0.0,3813.928016,0.0
2019-03-04,20,0,251,292.28,292.28,0.0,4917.160057,0.0
2019-03-04,20,0,252,267.06,267.06,0.0,3948.397377,0.0
2019-03-04,20,0,254,0.0,0.0,0.0,0.0,0.0
2019-03-04,20,0,255,0.0,0.0,0.0,0.0,0.0
2019-03-04,20,0,258,0.0,0.0,0.0,0.0,0.0
2019-03-04,20,0,260,0.0,0.0,0.0,0.0,0.0
2019-03-04,20,0,265,0.0,0.0,0.0,0.0,0.0
2019-03-04,20,0,266,5.09,5.09,0.0,124.835959,0.0
2019-03-04,20,0,267,6.44,6.44,0.0,157.945692,0.0
2019-03-04,20,0,270,278.81,278.81,0.0,2026.608908,0.0
2019-03-04,20,0,272,65.1,65.1,0.0,1132.601877,0.0
2019-03-04,20,0,273,0.0,0.0,0.0,0.0,0.0
2019-03-04,20,0,274,359.42,359.42,0.0,2612.545367,0.0
2019-03-04,20,0,275,500.32,500.32,0.0,3636.716649,0.0
2019-03-04,20,0,276,0.0,0.0,0.0,0.0,0.0
2019-03-04,20,0,277,0.0,0.0,0.0,0.0,0.0
2019-03-04,20,0,278,0.0,0.0,0.0,0.0,0.0
2019-03-04,20,0,279,271.32,271.32,0.0,4781.504644,0.0
2019-03-04,20,0,281,6.43,6.43,0.0,144.167146,0.0
2019-03-04,20,0,282,0.0,0.0,0.0,0.0,0.0
2019-03-04,21,0,9,0.0,0.0,0.0,0.0,0.0
2019-03-04,21,0,17,0.0,0.0,0.0,0.0,0.0
2019-03-04,21,0,19,643.3,643.3,0.0,5117.019482,0.0
2019-03-04,21,0,20,780.2,780.2,0.0,6205.967045,0.0
2019-03-04,21,0,21,0.0,0.0,0.0,0.0,0.0
2019-03-04,21,0,22,0.0,0.0,0.0,0.0,0.0
2019-03-04,21,0,23,22.79,22.79,0.0,591.540184,0.0
2019-03-04,21,0,24,40.33,40.33,0.0,1046.810691,0.0
2019-03-04,21,0,29,0.0,0.0,0.0,0.0,0.0
2019-03-04,21,0,30,0.0,0.0,0.0,0.0,0.0
2019-03-04,21,0,31,16.11,16.11,0.0,417.491551,0.0
2019-03-04,21,0,32,0.0,0.0,0.0,0.0,0.0
2019-03-04,21,0,33,0.0,0.0,0.0,0.0,0.0
2019-03-04,21,0,34,0.0,0.0,0.0,0.0,0.0
2019-03-04,21,0,35,0.0,0.0,0.0,0.0,0.0
2019-03-04,21,0,36,0.0,0.0,0.0,0.0,0.0
2019-03-04,21,0,37,0.0,0.0,0.0,0.0,0.0
2019-03-04,21,0,38,0.0,0.0,0.0,0.0,0.0
2019-03-04,21,0,39,0.0,0.0,0.0,0.0,0.0
2019-03-04,21,0,40,0.0,0.0,0.0,0.0,0.0
2019-03-04,21,0,41,11.85,11.85,0.0,329.014054,0.0
2019-03-04,21,0,42,0.0,0.0,0.0,0.0,0.0
2019-03-04,21,0,43,0.0,0.0,0.0,0.0,0.0
2019-03-04,21,0,46,0.0,0.0,0.0,0.0,0.0
2019-03-04,21,0,52,17.08,17.08,0.0,442.629155,0.0
2019-03-04,21,0,53,27.13,27.13,0.0,703.075467,0.0
2019-03-04,21,0,55,46.83,46.83,0.0,1215.52553,0.0
2019-03-04,21,0,56,0.0,0.0,0.0,0.0,0.0
2019-03-04,21,0,57,0.0,0.0,0.0,0.0,0.0
2019-03-04,21,0,58,0.0,0.0,0.0,0.0,0.0
2019-03-04,21,0,59,0.0,0.0,0.0,0.0,0.0
2019-03-04,21,0,63,53.52,53.52,0.0,1084.342571,0.0
2019-03-04,21,0,64,62.96,62.96,0.0,1275.601799,0.0
2019-03-04,21,0,65,41.4,41.4,0.0,532.358919,0.0
2019-03-04,21,0,67,0.0,0.0,0.0,0.0,0.0
2019-03-04,21,0,68,1.94,1.94,0.0,41.677267,0.0
2019-03-04,21,0,69,0.0,0.0,0.0,0.0,0.0
2019-03-04,21,0,74,13.21,13.21,0.0,388.086234,0.0
2019-03-04,21,0,77,41.83,41.83,0.0,917.565652,0.0
2019-03-04,21,0,78,31.68,31.68,0.0,694.919432,0.0
2019-03-04,21,0,79,18.38,18.38,0.0,403.17611,0.0
2019-03-04,21,0,80,29.66,29.66,0.0,650.609544,0.0
2019-03-04,21,0,81,38.71,38.71,0.0,849.126617,0.0
2019-03-04,21,0,82,27.37,27.37,0.0,600.377047,0.0
2019-03-04,21,0,83,60.64,60.64,0.0,1330.174065,0.0
2019-03-04,21,0,84,0.0,0.0,0.0,0.0,0.0
2019-03-04,21,0,86,0.0,0.0,0.0,0.0,0.0
2019-03-04,21,0,87,0.0,0.0,0.0,0.0,0.0
2019-03-04,21,0,88,39.84,39.84,0.0,873.913831,0.0
2019-03-04,21,0,89,38.3,38.3,0.0,840.133026,0.0
2019-03-04,21,0,90,51.42,51.42,0.0,1127.927942,0.0
2019-03-04,21,0,91,183.42,183.42,0.0,4023.425576,0.0
2019-03-04,21,0,92,65.97,65.97,0.0,1447.090749,0.0
2019-03-04,21,0,95,65.19,65.19,0.0,1309.043088,0.0
2019-03-04,21,0,96,6.06,6.06,0.0,156.78511,0.0
2019-03-04,21,0,97,37.28,37.28,0.0,964.513018,0.0
2019-03-04,21,0,99,2.55,2.55,0.0,74.914451,0.0
2019-03-04,21,0,101,0.0,0.0,0.0,0.0,0.0
2019-03-04,21,0,102,4.6,4.6,0.0,98.822385,0.0
2019-03-04,21,0,103,4.0,4.0,0.0,85.932509,0.0
2019-03-04,21,0,104,0.74,0.74,0.0,15.897514,0.0
2019-03-04,21,0,106,0.0,0.0,0.0,0.0,0.0
2019-03-04,21,0,109,20.0,20.0,0.0,595.172354,0.0
2019-03-04,21,0,110,19.54,19.54,0.0,402.37883,0.0
2019-03-04,21,0,111,0.0,0.0,0.0,0.0,0.0
2019-03-04,21,0,113,20.48,20.48,0.0,431.998159,0.0
2019-03-04,21,0,115,20.48,20.48,0.0,431.998159,0.0
2019-03-04,21,0,116,0.0,0.0,0.0,0.0,0.0
2019-03-04,21,0,117,1.38,1.38,0.0,29.109251,0.0
2019-03-04,21,0,119,62.96,62.96,0.0,1275.601799,0.0
2019-03-04,21,0,120,37.02,37.02,0.0,750.044133,0.0
2019-03-04,21,0,123,0.0,0.0,0.0,0.0,0.0
2019-03-04,21,0,125,36.49,36.49,0.0,947.139154,0.0
2019-03-04,21,0,126,0.0,0.0,0.0,0.0,0.0
2019-03-04,21,0,127,0.0,0.0,0.0,0.0,0.0
2019-03-04,21,0,128,52.27,52.27,0.0,1356.726873,0.0
2019-03-04,21,0,131,7.34,7.34,0.0,158.115895,0.0
2019-03-04,21,0,132,10.79,10.79,0.0,232.434675,0.0
2019-03-04,21,0,133,91.59,91.59,0.0,686.214451,0.0
2019-03-04,21,0,134,0.0,0.0,0.0,0.0,0.0
2019-03-04,21,0,135,119.08,119.08,0.0,892.176185,0.0
2019-03-04,21,0,136,45.9,45.9,0.0,602.582672,0.0
2019-03-04,21,0,139,15.61,15.61,0.0,433.410074,0.0
2019-03-04,21,0,140,14.46,14.46,0.0,297.768571,0.0
2019-03-04,21,0,141,36.9,36.9,0.0,784.638037,0.0
2019-03-04,21,0,142,0.0,0.0,0.0,0.0,0.0
2019-03-04,21,0,143,23.08,23.08,0.0,598.119491,0.0
2019-03-04,21,0,145,5.42,5.42,0.0,148.177665,0.0
2019-03-04,21,0,146,9.21,9.21,0.0,189.657575,0.0
2019-03-04,21,0,152,0.0,0.0,0.0,0.0,0.0
2019-03-04,21,0,153,0.0,0.0,0.0,0.0,0.0
2019-03-04,21,0,154,0.0,0.0,0.0,0.0,0.0
2019-03-04,21,0,157,29.65,29.65,0.0,630.474737,0.0
2019-03-04,21,0,158,0.0,0.0,0.0,0.0,0.0
2019-03-04,21,0,159,0.0,0.0,0.0,0.0,0.0
2019-03-04,21,0,160,0.0,0.0,0.0,0.0,0.0
2019-03-04,21,0,161,0.0,0.0,0.0,0.0,0.0
2019-03-04,21,0,162,45.69,45.69,0.0,917.610799,0.0
2019-03-04,21,0,163,52.18,52.18,0.0,1074.520334,0.0
2019-03-04,21,0,164,0.0,0.0,0.0,0.0,0.0
2019-03-04,21,0,167,0.0,0.0,0.0,0.0,0.0
2019-03-04,21,0,168,0.0,0.0,0.0,0.0,0.0
2019-03-04,21,0,169,0.0,0.0,0.0,0.0,0.0
2019-03-04,21,0,170,0.0,0.0,0.0,0.0,0.0
2019-03-04,21,0,172,0.0,0.0,0.0,0.0,0.0
2019-03-04,21,0,173,0.0,0.0,0.0,0.0,0.0
2019-03-04,21,0,188,0.0,0.0,0.0,0.0,0.0
2019-03-04,21,0,190,0.0,0.0,0.0,0.0,0.0
2019-03-04,21,0,191,0.0,0.0,0.0,0.0,0.0
2019-03-04,21,0,192,52.85,52.85,0.0,1070.768029,0.0
2019-03-04,21,0,194,58.24,58.24,0.0,1192.249316,0.0
2019-03-04,21,0,196,0.0,0.0,0.0,0.0,0.0
2019-03-04,21,0,198,0.0,0.0,0.0,0.0,0.0
2019-03-04,21,0,199,49.3,49.3,0.0,767.199299,0.0
2019-03-04,21,0,200,0.0,0.0,0.0,0.0,0.0
2019-03-04,21,0,204,181.77,181.77,0.0,5410.148305,0.0
2019-03-04,21,0,205,92.8,92.8,0.0,2761.599721,0.0
2019-03-04,21,0,206,109.55,109.55,0.0,2834.291875,0.0
2019-03-04,21,0,210,0.0,0.0,0.0,0.0,0.0
2019-03-04,21,0,214,0.0,0.0,0.0,0.0,0.0
2019-03-04,21,0,217,0.0,0.0,0.0,0.0,0.0
2019-03-04,21,0,218,0.0,0.0,0.0,0.0,0.0
2019-03-04,21,0,219,0.0,0.0,0.0,0.0,0.0
2019-03-04,21,0,221,0.0,0.0,0.0,0.0,0.0
2019-03-04,21,0,225,0.0,0.0,0.0,0.0,0.0
2019-03-04,21,0,233,0.0,0.0,0.0,0.0,0.0
2019-03-04,21,0,236,45.22,45.22,0.0,1272.14162,0.0
2019-03-04,21,0,237,31.68,31.68,0.0,930.701885,0.0
2019-03-04,21,0,238,0.0,0.0,0.0,0.0,0.0
2019-03-04,21,0,240,0.0,0.0,0.0,0.0,0.0
2019-03-04,21,0,245,260.0,260.0,0.0,2914.284492,0.0
2019-03-04,21,0,247,171.72,171.72,0.0,1924.772819,0.0
2019-03-04,21,0,248,3.18,3.18,0.0,93.422727,0.0
2019-03-04,21,0,249,500.0,500.0,0.0,5604.393253,0.0
2019-03-04,21,0,251,264.64,264.64,0.0,4180.034435,0.0
2019-03-04,21,0,252,267.06,267.06,0.0,3434.100796,0.0
2019-03-04,21,0,254,0.0,0.0,0.0,0.0,0.0
2019-03-04,21,0,255,0.0,0.0,0.0,0.0,0.0
2019-03-04,21,0,258,0.0,0.0,0.0,0.0,0.0
2019-03-04,21,0,260,0.0,0.0,0.0,0.0,0.0
2019-03-04,21,0,265,0.0,0.0,0.0,0.0,0.0
2019-03-04,21,0,266,9.78,9.78,0.0,271.540713,0.0
2019-03-04,21,0,267,12.2,12.2,0.0,338.731768,0.0
2019-03-04,21,0,270,162.97,162.97,0.0,3355.971232,0.0
2019-03-04,21,0,272,68.4,68.4,0.0,1442.80635,0.0
2019-03-04,21,0,273,0.0,0.0,0.0,0.0,0.0
2019-03-04,21,0,274,210.09,210.09,0.0,4326.293159,0.0
2019-03-04,21,0,275,292.44,292.44,0.0,6022.091349,0.0
2019-03-04,21,0,276,0.0,0.0,0.0,0.0,0.0
2019-03-04,21,0,277,0.0,0.0,0.0,0.0,0.0
2019-03-04,21,0,278,0.0,0.0,0.0,0.0,0.0
2019-03-04,21,0,279,140.82,140.82,0.0,3017.941954,0.0
2019-03-04,21,0,281,7.23,7.23,0.0,187.365854,0.0
2019-03-04,21,0,282,0.0,0.0,0.0,0.0,0.0
2019-03-04,22,0,9,0.0,0.0,0.0,0.0,0.0
2019-03-04,22,0,17,0.0,0.0,0.0,0.0,0.0
2019-03-04,22,0,19,643.3,643.3,0.0,3687.429371,0.0
2019-03-04,22,0,20,780.2,780.2,0.0,4472.147357,0.0
2019-03-04,22,0,21,0.0,0.0,0.0,0.0,0.0
2019-03-04,22,0,22,0.0,0.0,0.0,0.0,0.0
2019-03-04,22,0,23,15.34,15.34,0.0,388.171887,0.0
2019-03-04,22,0,24,27.14,27.14,0.0,686.765646,0.0
2019-03-04,22,0,29,0.0,0.0,0.0,0.0,0.0
2019-03-04,22,0,30,0.0,0.0,0.0,0.0,0.0
2019-03-04,22,0,31,18.01,18.01,0.0,455.311082,0.0
2019-03-04,22,0,32,0.0,0.0,0.0,0.0,0.0
2019-03-04,22,0,33,0.0,0.0,0.0,0.0,0.0
2019-03-04,22,0,34,0.0,0.0,0.0,0.0,0.0
2019-03-04,22,0,35,0.0,0.0,0.0,0.0,0.0
2019-03-04,22,0,36,0.0,0.0,0.0,0.0,0.0
2019-03-04,22,0,37,0.0,0.0,0.0,0.0,0.0
2019-03-04,22,0,38,0.0,0.0,0.0,0.0,0.0
2019-03-04,22,0,39,0.0,0.0,0.0,0.0,0.0
2019-03-04,22,0,40,0.0,0.0,0.0,0.0,0.0
2019-03-04,22,0,41,13.98,13.98,0.0,366.285444,0.0
2019-03-04,22,0,42,0.0,0.0,0.0,0.0,0.0
2019-03-04,22,0,43,0.0,0.0,0.0,0.0,0.0
2019-03-04,22,0,46,0.0,0.0,0.0,0.0,0.0
2019-03-04,22,0,52,19.09,19.09,0.0,482.614578,0.0
2019-03-04,22,0,53,30.33,30.33,0.0,766.773188,0.0
2019-03-04,22,0,55,85.76,85.76,0.0,2170.118712,0.0
2019-03-04,22,0,56,0.0,0.0,0.0,0.0,0.0
2019-03-04,22,0,57,0.0,0.0,0.0,0.0,0.0
2019-03-04,22,0,58,0.0,0.0,0.0,0.0,0.0
2019-03-04,22,0,59,0.0,0.0,0.0,0.0,0.0
2019-03-04,22,0,63,26.44,26.44,0.0,590.688916,0.0
2019-03-04,22,0,64,31.1,31.1,0.0,694.79672,0.0
2019-03-04,22,0,65,41.4,41.4,0.0,448.665826,0.0
2019-03-04,22,0,67,0.0,0.0,0.0,0.0,0.0
2019-03-04,22,0,68,0.8,0.8,0.0,18.193687,0.0
2019-03-04,22,0,69,0.0,0.0,0.0,0.0,0.0
2019-03-04,22,0,74,10.42,10.42,0.0,276.172541,0.0
2019-03-04,22,0,77,24.98,24.98,0.0,573.779673,0.0
2019-03-04,22,0,78,18.88,18.88,0.0,433.665341,0.0
2019-03-04,22,0,79,10.93,10.93,0.0,251.057319,0.0
2019-03-04,22,0,80,17.67,17.67,0.0,405.87217,0.0
2019-03-04,22,0,81,23.1,23.1,0.0,530.596895,0.0
2019-03-04,22,0,82,16.3,16.3,0.0,374.40387,0.0
2019-03-04,22,0,83,36.34,36.34,0.0,834.713903,0.0
2019-03-04,22,0,84,0.0,0.0,0.0,0.0,0.0
2019-03-04,22,0,86,0.0,0.0,0.0,0.0,0.0
2019-03-04,22,0,87,0.0,0.0,0.0,0.0,0.0
2019-03-04,22,0,88,18.52,18.52,0.0,425.396299,0.0
2019-03-04,22,0,89,17.81,17.81,0.0,409.087909,0.0
2019-03-04,22,0,90,23.91,23.91,0.0,549.202241,0.0
2019-03-04,22,0,91,85.29,85.29,0.0,1959.07399,0.0
2019-03-04,22,0,92,30.67,30.67,0.0,704.476484,0.0
2019-03-04,22,0,95,35.79,35.79,0.0,801.043565,0.0
2019-03-04,22,0,96,3.59,3.59,0.0,90.670522,0.0
2019-03-04,22,0,97,22.06,22.06,0.0,557.156464,0.0
2019-03-04,22,0,99,2.01,2.01,0.0,53.273206,0.0
2019-03-04,22,0,101,0.0,0.0,0.0,0.0,0.0
2019-03-04,22,0,102,1.89,1.89,0.0,42.982585,0.0
2019-03-04,22,0,103,1.64,1.64,0.0,37.297058,0.0
2019-03-04,22,0,104,0.31,0.31,0.0,7.050054,0.0
2019-03-04,22,0,106,0.0,0.0,0.0,0.0,0.0
2019-03-04,22,0,109,21.55,21.55,0.0,594.603755,0.0
2019-03-04,22,0,110,8.89,8.89,0.0,199.113383,0.0
2019-03-04,22,0,111,0.0,0.0,0.0,0.0,0.0
2019-03-04,22,0,113,17.91,17.91,0.0,402.470069,0.0
2019-03-04,22,0,115,17.91,17.91,0.0,402.470069,0.0
2019-03-04,22,0,116,0.0,0.0,0.0,0.0,0.0
2019-03-04,22,0,117,1.19,1.19,0.0,26.741451,0.0
2019-03-04,22,0,119,31.1,31.1,0.0,694.79672,0.0
2019-03-04,22,0,120,18.29,18.29,0.0,408.611962,0.0
2019-03-04,22,0,123,0.0,0.0,0.0,0.0,0.0
2019-03-04,22,0,125,24.56,24.56,0.0,621.479892,0.0
2019-03-04,22,0,126,0.0,0.0,0.0,0.0,0.0
2019-03-04,22,0,127,0.0,0.0,0.0,0.0,0.0
2019-03-04,22,0,128,35.18,35.18,0.0,890.214276,0.0
2019-03-04,22,0,131,3.81,3.81,0.0,86.733762,0.0
2019-03-04,22,0,132,5.6,5.6,0.0,127.482695,0.0
2019-03-04,22,0,133,139.8,139.8,0.0,1018.763634,0.0
2019-03-04,22,0,134,0.0,0.0,0.0,0.0,0.0
2019-03-04,22,0,135,187.33,187.33,0.0,1365.128695,0.0
2019-03-04,22,0,136,45.9,45.9,0.0,510.29824,0.0
2019-03-04,22,0,139,18.06,18.06,0.0,473.1842,0.0
2019-03-04,22,0,140,6.58,6.58,0.0,147.37526,0.0
2019-03-04,22,0,141,19.63,19.63,0.0,444.762152,0.0
2019-03-04,22,0,142,0.0,0.0,0.0,0.0,0.0
2019-03-04,22,0,143,23.21,23.21,0.0,586.772361,0.0
2019-03-04,22,0,145,5.97,5.97,0.0,156.029283,0.0
2019-03-04,22,0,146,0.0,0.0,0.0,0.0,0.0
2019-03-04,22,0,152,0.0,0.0,0.0,0.0,0.0
2019-03-04,22,0,153,0.0,0.0,0.0,0.0,0.0
2019-03-04,22,0,154,0.0,0.0,0.0,0.0,0.0
2019-03-04,22,0,157,14.61,14.61,0.0,331.022672,0.0
2019-03-04,22,0,158,0.0,0.0,0.0,0.0,0.0
2019-03-04,22,0,159,0.0,0.0,0.0,0.0,0.0
2019-03-04,22,0,160,0.0,0.0,0.0,0.0,0.0
2019-03-04,22,0,161,0.0,0.0,0.0,0.0,0.0
2019-03-04,22,0,162,10.06,10.06,0.0,225.151047,0.0
2019-03-04,22,0,163,27.36,27.36,0.0,612.794393,0.0
2019-03-04,22,0,164,0.0,0.0,0.0,0.0,0.0
2019-03-04,22,0,167,0.0,0.0,0.0,0.0,0.0
2019-03-04,22,0,168,0.0,0.0,0.0,0.0,0.0
2019-03-04,22,0,169,0.0,0.0,0.0,0.0,0.0
2019-03-04,22,0,170,0.0,0.0,0.0,0.0,0.0
2019-03-04,22,0,172,0.0,0.0,0.0,0.0,0.0
2019-03-04,22,0,173,0.0,0.0,0.0,0.0,0.0
2019-03-04,22,0,188,0.0,0.0,0.0,0.0,0.0
2019-03-04,22,0,190,0.0,0.0,0.0,0.0,0.0
2019-03-04,22,0,191,0.0,0.0,0.0,0.0,0.0
2019-03-04,22,0,192,22.74,22.74,0.0,508.028213,0.0
2019-03-04,22,0,194,28.86,28.86,0.0,636.956045,0.0
2019-03-04,22,0,196,0.0,0.0,0.0,0.0,0.0
2019-03-04,22,0,198,0.0,0.0,0.0,0.0,0.0
2019-03-04,22,0,199,28.63,28.63,0.0,436.075698,0.0
2019-03-04,22,0,200,0.0,0.0,0.0,0.0,0.0
2019-03-04,22,0,204,91.22,91.22,0.0,2523.430827,0.0
2019-03-04,22,0,205,107.22,107.22,0.0,2958.395109,0.0
2019-03-04,22,0,206,64.82,64.82,0.0,1637.12067,0.0
2019-03-04,22,0,210,0.0,0.0,0.0,0.0,0.0
2019-03-04,22,0,214,0.0,0.0,0.0,0.0,0.0
2019-03-04,22,0,217,0.0,0.0,0.0,0.0,0.0
2019-03-04,22,0,218,0.0,0.0,0.0,0.0,0.0
2019-03-04,22,0,219,0.0,0.0,0.0,0.0,0.0
2019-03-04,22,0,221,0.0,0.0,0.0,0.0,0.0
2019-03-04,22,0,225,0.0,0.0,0.0,0.0,0.0
2019-03-04,22,0,233,0.0,0.0,0.0,0.0,0.0
2019-03-04,22,0,236,34.46,34.46,0.0,864.438295,0.0
2019-03-04,22,0,237,24.99,24.99,0.0,662.337025,0.0
2019-03-04,22,0,238,0.0,0.0,0.0,0.0,0.0
2019-03-04,22,0,240,0.0,0.0,0.0,0.0,0.0
2019-03-04,22,0,245,260.0,260.0,0.0,2614.136644,0.0
2019-03-04,22,0,247,171.72,171.72,0.0,1726.53671,0.0
2019-03-04,22,0,248,2.51,2.51,0.0,66.525247,0.0
2019-03-04,22,0,249,500.0,500.0,0.0,5027.185855,0.0
2019-03-04,22,0,251,517.12,517.12,0.0,7068.586423,0.0
2019-03-04,22,0,252,267.06,267.06,0.0,2894.219701,0.0
2019-03-04,22,0,254,0.0,0.0,0.0,0.0,0.0
2019-03-04,22,0,255,0.0,0.0,0.0,0.0,0.0
2019-03-04,22,0,258,0.0,0.0,0.0,0.0,0.0
2019-03-04,22,0,260,0.0,0.0,0.0,0.0,0.0
2019-03-04,22,0,265,0.0,0.0,0.0,0.0,0.0
2019-03-04,22,0,266,11.69,11.69,0.0,306.285897,0.0
2019-03-04,22,0,267,14.37,14.37,0.0,376.503708,0.0
2019-03-04,22,0,270,85.46,85.46,0.0,1914.08658,0.0
2019-03-04,22,0,272,59.84,59.84,0.0,1344.712949,0.0
2019-03-04,22,0,273,0.0,0.0,0.0,0.0,0.0
2019-03-04,22,0,274,110.16,110.16,0.0,2467.303741,0.0
2019-03-04,22,0,275,153.35,153.35,0.0,3434.649861,0.0
2019-03-04,22,0,276,0.0,0.0,0.0,0.0,0.0
2019-03-04,22,0,277,0.0,0.0,0.0,0.0,0.0
2019-03-04,22,0,278,0.0,0.0,0.0,0.0,0.0
2019-03-04,22,0,279,24.66,24.66,0.0,559.075871,0.0
2019-03-04,22,0,281,8.08,8.08,0.0,204.270602,0.0
2019-03-04,22,0,282,0.0,0.0,0.0,0.0,0.0
2019-03-04,23,0,9,0.0,0.0,0.0,0.0,0.0
2019-03-04,23,0,17,0.0,0.0,0.0,0.0,0.0
2019-03-04,23,0,19,643.3,643.3,0.0,3687.429371,0.0
2019-03-04,23,0,20,780.2,780.2,0.0,4472.147357,0.0
2019-03-04,23,0,21,0.0,0.0,0.0,0.0,0.0
2019-03-04,23,0,22,0.0,0.0,0.0,0.0,0.0
2019-03-04,23,0,23,18.36,18.36,0.0,432.559849,0.0
2019-03-04,23,0,24,32.49,32.49,0.0,765.461301,0.0
2019-03-04,23,0,29,0.0,0.0,0.0,0.0,0.0
2019-03-04,23,0,30,0.0,0.0,0.0,0.0,0.0
2019-03-04,23,0,31,20.52,20.52,0.0,482.723126,0.0
2019-03-04,23,0,32,0.0,0.0,0.0,0.0,0.0
2019-03-04,23,0,33,0.0,0.0,0.0,0.0,0.0
2019-03-04,23,0,34,0.0,0.0,0.0,0.0,0.0
2019-03-04,23,0,35,0.0,0.0,0.0,0.0,0.0
2019-03-04,23,0,36,0.0,0.0,0.0,0.0,0.0
2019-03-04,23,0,37,0.0,0.0,0.0,0.0,0.0
2019-03-04,23,0,38,0.0,0.0,0.0,0.0,0.0
2019-03-04,23,0,39,0.0,0.0,0.0,0.0,0.0
2019-03-04,23,0,40,0.0,0.0,0.0,0.0,0.0
2019-03-04,23,0,41,11.85,11.85,0.0,297.713507,0.0
2019-03-04,23,0,42,0.0,0.0,0.0,0.0,0.0
2019-03-04,23,0,43,0.0,0.0,0.0,0.0,0.0
2019-03-04,23,0,46,0.0,0.0,0.0,0.0,0.0
2019-03-04,23,0,52,21.75,21.75,0.0,511.658285,0.0
2019-03-04,23,0,53,34.55,34.55,0.0,812.772125,0.0
2019-03-04,23,0,55,193.77,193.77,0.0,4565.202716,0.0
2019-03-04,23,0,56,0.0,0.0,0.0,0.0,0.0
2019-03-04,23,0,57,0.0,0.0,0.0,0.0,0.0
2019-03-04,23,0,58,0.0,0.0,0.0,0.0,0.0
2019-03-04,23,0,59,0.0,0.0,0.0,0.0,0.0
2019-03-04,23,0,63,21.53,21.53,0.0,401.34555,0.0
2019-03-04,23,0,64,25.33,25.33,0.0,472.1822,0.0
2019-03-04,23,0,65,41.4,41.4,0.0,462.177065,0.0
2019-03-04,23,0,67,0.0,0.0,0.0,0.0,0.0
2019-03-04,23,0,68,0.77,0.77,0.0,15.173772,0.0
2019-03-04,23,0,69,0.0,0.0,0.0,0.0,0.0
2019-03-04,23,0,74,6.27,6.27,0.0,166.390922,0.0
2019-03-04,23,0,77,24.56,24.56,0.0,493.588456,0.0
2019-03-04,23,0,78,18.57,18.57,0.0,373.20593,0.0
2019-03-04,23,0,79,10.74,10.74,0.0,215.844463,0.0
2019-03-04,23,0,80,17.37,17.37,0.0,349.08923,0.0
2019-03-04,23,0,81,22.72,22.72,0.0,456.609516,0.0
2019-03-04,23,0,82,16.02,16.02,0.0,321.957942,0.0
2019-03-04,23,0,83,35.73,35.73,0.0,718.074737,0.0
2019-03-04,23,0,84,0.0,0.0,0.0,0.0,0.0
2019-03-04,23,0,86,0.0,0.0,0.0,0.0,0.0
2019-03-04,23,0,87,0.0,0.0,0.0,0.0,0.0
2019-03-04,23,0,88,18.45,18.45,0.0,370.79426,0.0
2019-03-04,23,0,89,17.73,17.73,0.0,356.32424,0.0
2019-03-04,23,0,90,23.81,23.81,0.0,478.515519,0.0
2019-03-04,23,0,91,84.93,84.93,0.0,1706.859429,0.0
2019-03-04,23,0,92,30.54,30.54,0.0,613.77001,0.0
2019-03-04,23,0,95,32.36,32.36,0.0,598.027808,0.0
2019-03-04,23,0,96,3.37,3.37,0.0,79.153,0.0
2019-03-04,23,0,97,20.71,20.71,0.0,486.426895,0.0
2019-03-04,23,0,99,1.21,1.21,0.0,32.110529,0.0
2019-03-04,23,0,101,0.0,0.0,0.0,0.0,0.0
2019-03-04,23,0,102,1.83,1.83,0.0,36.062342,0.0
2019-03-04,23,0,103,1.59,1.59,0.0,31.332855,0.0
2019-03-04,23,0,104,0.29,0.29,0.0,5.714797,0.0
2019-03-04,23,0,106,0.0,0.0,0.0,0.0,0.0
2019-03-04,23,0,109,20.95,20.95,0.0,562.125398,0.0
2019-03-04,23,0,110,0.0,0.0,0.0,0.0,0.0
2019-03-04,23,0,111,0.0,0.0,0.0,0.0,0.0
2019-03-04,23,0,113,17.89,17.89,0.0,346.573823,0.0
2019-03-04,23,0,115,17.89,17.89,0.0,346.573823,0.0
2019-03-04,23,0,116,0.0,0.0,0.0,0.0,0.0
2019-03-04,23,0,117,1.19,1.19,0.0,23.053262,0.0
2019-03-04,23,0,119,25.33,25.33,0.0,472.1822,0.0
2019-03-04,23,0,120,14.89,14.89,0.0,277.567823,0.0
2019-03-04,23,0,123,0.0,0.0,0.0,0.0,0.0
2019-03-04,23,0,125,29.4,29.4,0.0,692.661196,0.0
2019-03-04,23,0,126,0.0,0.0,0.0,0.0,0.0
2019-03-04,23,0,127,0.0,0.0,0.0,0.0,0.0
2019-03-04,23,0,128,42.11,42.11,0.0,992.107583,0.0
2019-03-04,23,0,131,3.64,3.64,0.0,71.91571,0.0
2019-03-04,23,0,132,5.35,5.35,0.0,105.700288,0.0
2019-03-04,23,0,133,139.8,139.8,0.0,1116.223005,0.0
2019-03-04,23,0,134,0.0,0.0,0.0,0.0,0.0
2019-03-04,23,0,135,187.33,187.33,0.0,1495.722857,0.0
2019-03-04,23,0,136,45.9,45.9,0.0,526.100455,0.0
2019-03-04,23,0,139,15.31,15.31,0.0,384.640826,0.0
2019-03-04,23,0,140,0.0,0.0,0.0,0.0,0.0
2019-03-04,23,0,141,24.28,24.28,0.0,473.842196,0.0
2019-03-04,23,0,142,0.0,0.0,0.0,0.0,0.0
2019-03-04,23,0,143,27.94,27.94,0.0,657.275056,0.0
2019-03-04,23,0,145,2.61,2.61,0.0,64.597203,0.0
2019-03-04,23,0,146,0.0,0.0,0.0,0.0,0.0
2019-03-04,23,0,152,0.0,0.0,0.0,0.0,0.0
2019-03-04,23,0,153,0.0,0.0,0.0,0.0,0.0
2019-03-04,23,0,154,0.0,0.0,0.0,0.0,0.0
2019-03-04,23,0,157,9.18,9.18,0.0,179.154504,0.0
2019-03-04,23,0,158,0.0,0.0,0.0,0.0,0.0
2019-03-04,23,0,159,0.0,0.0,0.0,0.0,0.0
2019-03-04,23,0,160,0.0,0.0,0.0,0.0,0.0
2019-03-04,23,0,161,0.0,0.0,0.0,0.0,0.0
2019-03-04,23,0,162,5.27,5.27,0.0,97.406109,0.0
2019-03-04,23,0,163,21.39,21.39,0.0,404.966216,0.0
2019-03-04,23,0,164,0.0,0.0,0.0,0.0,0.0
2019-03-04,23,0,167,0.0,0.0,0.0,0.0,0.0
2019-03-04,23,0,168,0.0,0.0,0.0,0.0,0.0
2019-03-04,23,0,169,0.0,0.0,0.0,0.0,0.0
2019-03-04,23,0,170,0.0,0.0,0.0,0.0,0.0
2019-03-04,23,0,172,0.0,0.0,0.0,0.0,0.0
2019-03-04,23,0,173,0.0,0.0,0.0,0.0,0.0
2019-03-04,23,0,188,0.0,0.0,0.0,0.0,0.0
2019-03-04,23,0,190,0.0,0.0,0.0,0.0,0.0
2019-03-04,23,0,191,0.0,0.0,0.0,0.0,0.0
2019-03-04,23,0,192,13.34,13.34,0.0,248.673926,0.0
2019-03-04,23,0,194,26.77,26.77,0.0,504.29453,0.0
2019-03-04,23,0,196,0.0,0.0,0.0,0.0,0.0
2019-03-04,23,0,198,0.0,0.0,0.0,0.0,0.0
2019-03-04,23,0,199,18.6,18.6,0.0,274.627866,0.0
2019-03-04,23,0,200,0.0,0.0,0.0,0.0,0.0
2019-03-04,23,0,204,81.77,81.77,0.0,2194.185587,0.0
2019-03-04,23,0,205,110.85,110.85,0.0,2974.300733,0.0
2019-03-04,23,0,206,60.84,60.84,0.0,1428.981763,0.0
2019-03-04,23,0,210,0.0,0.0,0.0,0.0,0.0
2019-03-04,23,0,214,0.0,0.0,0.0,0.0,0.0
2019-03-04,23,0,217,0.0,0.0,0.0,0.0,0.0
2019-03-04,23,0,218,0.0,0.0,0.0,0.0,0.0
2019-03-04,23,0,219,0.0,0.0,0.0,0.0,0.0
2019-03-04,23,0,221,0.0,0.0,0.0,0.0,0.0
2019-03-04,23,0,225,0.0,0.0,0.0,0.0,0.0
2019-03-04,23,0,233,0.0,0.0,0.0,0.0,0.0
2019-03-04,23,0,236,26.04,26.04,0.0,663.70237,0.0
2019-03-04,23,0,237,15.04,15.04,0.0,399.125912,0.0
2019-03-04,23,0,238,0.0,0.0,0.0,0.0,0.0
2019-03-04,23,0,240,0.0,0.0,0.0,0.0,0.0
2019-03-04,23,0,245,260.0,260.0,0.0,2797.819771,0.0
2019-03-04,23,0,247,171.72,171.72,0.0,1847.85235,0.0
2019-03-04,23,0,248,1.51,1.51,0.0,40.071817,0.0
2019-03-04,23,0,249,500.0,500.0,0.0,5380.422637,0.0
2019-03-04,23,0,251,244.18,244.18,0.0,3436.381856,0.0
2019-03-04,23,0,252,267.06,267.06,0.0,2981.376979,0.0
2019-03-04,23,0,254,0.0,0.0,0.0,0.0,0.0
2019-03-04,23,0,255,0.0,0.0,0.0,0.0,0.0
2019-03-04,23,0,258,0.0,0.0,0.0,0.0,0.0
2019-03-04,23,0,260,0.0,0.0,0.0,0.0,0.0
2019-03-04,23,0,265,0.0,0.0,0.0,0.0,0.0
2019-03-04,23,0,266,9.91,9.91,0.0,248.973912,0.0
2019-03-04,23,0,267,12.18,12.18,0.0,306.004263,0.0
2019-03-04,23,0,270,66.8,66.8,0.0,1264.691127,0.0
2019-03-04,23,0,272,59.79,59.79,0.0,1158.281101,0.0
2019-03-04,23,0,273,0.0,0.0,0.0,0.0,0.0
2019-03-04,23,0,274,86.11,86.11,0.0,1630.277739,0.0
2019-03-04,23,0,275,119.87,119.87,0.0,2269.439003,0.0
2019-03-04,23,0,276,0.0,0.0,0.0,0.0,0.0
2019-03-04,23,0,277,0.0,0.0,0.0,0.0,0.0
2019-03-04,23,0,278,0.0,0.0,0.0,0.0,0.0
2019-03-04,23,0,279,24.6,24.6,0.0,483.711206,0.0
2019-03-04,23,0,281,9.21,9.21,0.0,216.660818,0.0
2019-03-04,23,0,282,0.0,0.0,0.0,0.0,0.0
2019-03-05,0,0,9,0.0,0.0,0.0,0.0,0.0
2019-03-05,0,0,17,0.0,0.0,0.0,0.0,0.0
2019-03-05,0,0,19,643.3,643.3,0.0,3687.429371,0.0
2019-03-05,0,0,20,780.2,780.2,0.0,4472.147357,0.0
2019-03-05,0,0,21,0.0,0.0,0.0,0.0,0.0
2019-03-05,0,0,22,0.0,0.0,0.0,0.0,0.0
2019-03-05,0,0,23,21.78,21.78,0.0,376.581127,0.0
2019-03-05,0,0,24,38.54,38.54,0.0,666.365319,0.0
2019-03-05,0,0,29,0.0,0.0,0.0,0.0,0.0
2019-03-05,0,0,30,0.0,0.0,0.0,0.0,0.0
2019-03-05,0,0,31,23.18,23.18,0.0,400.389049,0.0
2019-03-05,0,0,32,0.0,0.0,0.0,0.0,0.0
2019-03-05,0,0,33,0.0,0.0,0.0,0.0,0.0
2019-03-05,0,0,34,0.0,0.0,0.0,0.0,0.0
2019-03-05,0,0,35,0.0,0.0,0.0,0.0,0.0
2019-03-05,0,0,36,0.0,0.0,0.0,0.0,0.0
2019-03-05,0,0,37,0.0,0.0,0.0,0.0,0.0
2019-03-05,0,0,38,0.0,0.0,0.0,0.0,0.0
2019-03-05,0,0,39,0.0,0.0,0.0,0.0,0.0
2019-03-05,0,0,40,0.0,0.0,0.0,0.0,0.0
2019-03-05,0,0,41,10.03,10.03,0.0,180.16945,0.0
2019-03-05,0,0,42,0.0,0.0,0.0,0.0,0.0
2019-03-05,0,0,43,0.0,0.0,0.0,0.0,0.0
2019-03-05,0,0,46,0.0,0.0,0.0,0.0,0.0
2019-03-05,0,0,52,24.57,24.57,0.0,424.398574,0.0
2019-03-05,0,0,53,39.04,39.04,0.0,674.339451,0.0
2019-03-05,0,0,55,247.44,247.44,0.0,4278.293578,0.0
2019-03-05,0,0,56,0.0,0.0,0.0,0.0,0.0
2019-03-05,0,0,57,0.0,0.0,0.0,0.0,0.0
2019-03-05,0,0,58,0.0,0.0,0.0,0.0,0.0
2019-03-05,0,0,59,0.0,0.0,0.0,0.0,0.0
2019-03-05,0,0,63,17.28,17.28,0.0,310.667994,0.0
2019-03-05,0,0,64,20.33,20.33,0.0,365.502333,0.0
2019-03-05,0,0,65,41.4,41.4,0.0,390.73191,0.0
2019-03-05,0,0,67,0.0,0.0,0.0,0.0,0.0
2019-03-05,0,0,68,0.75,0.75,0.0,11.82844,0.0
2019-03-05,0,0,69,0.0,0.0,0.0,0.0,0.0
2019-03-05,0,0,74,3.41,3.41,0.0,62.120134,0.0
2019-03-05,0,0,77,24.23,24.23,0.0,377.73382,0.0
2019-03-05,0,0,78,18.32,18.32,0.0,285.599818,0.0
2019-03-05,0,0,79,10.6,10.6,0.0,165.248803,0.0
2019-03-05,0,0,80,17.14,17.14,0.0,267.204196,0.0
2019-03-05,0,0,81,22.41,22.41,0.0,349.360912,0.0
2019-03-05,0,0,82,15.81,15.81,0.0,246.470148,0.0
2019-03-05,0,0,83,35.25,35.25,0.0,549.530217,0.0
2019-03-05,0,0,84,0.0,0.0,0.0,0.0,0.0
2019-03-05,0,0,86,0.0,0.0,0.0,0.0,0.0
2019-03-05,0,0,87,0.0,0.0,0.0,0.0,0.0
2019-03-05,0,0,88,18.34,18.34,0.0,285.911608,0.0
2019-03-05,0,0,89,17.63,17.63,0.0,274.843056,0.0
2019-03-05,0,0,90,23.67,23.67,0.0,369.003694,0.0
2019-03-05,0,0,91,84.43,84.43,0.0,1316.222303,0.0
2019-03-05,0,0,92,30.37,30.37,0.0,473.453409,0.0
2019-03-05,0,0,95,16.28,16.28,0.0,292.146565,0.0
2019-03-05,0,0,96,3.18,3.18,0.0,54.871145,0.0
2019-03-05,0,0,97,19.54,19.54,0.0,337.164207,0.0
2019-03-05,0,0,99,0.66,0.66,0.0,12.023252,0.0
2019-03-05,0,0,101,0.0,0.0,0.0,0.0,0.0
2019-03-05,0,0,102,1.77,1.77,0.0,27.915119,0.0
2019-03-05,0,0,103,1.54,1.54,0.0,24.28773,0.0
2019-03-05,0,0,104,0.29,0.29,0.0,4.573663,0.0
2019-03-05,0,0,106,0.0,0.0,0.0,0.0,0.0
2019-03-05,0,0,109,18.02,18.02,0.0,341.439261,0.0
2019-03-05,0,0,110,0.0,0.0,0.0,0.0,0.0
2019-03-05,0,0,111,0.0,0.0,0.0,0.0,0.0
2019-03-05,0,0,113,17.94,17.94,0.0,271.647986,0.0
2019-03-05,0,0,115,17.94,17.94,0.0,271.647986,0.0
2019-03-05,0,0,116,0.0,0.0,0.0,0.0,0.0
2019-03-05,0,0,117,1.2,1.2,0.0,18.170434,0.0
2019-03-05,0,0,119,20.33,20.33,0.0,365.502333,0.0
2019-03-05,0,0,120,11.96,11.96,0.0,215.022524,0.0
2019-03-05,0,0,123,0.0,0.0,0.0,0.0,0.0
2019-03-05,0,0,125,34.88,34.88,0.0,603.083091,0.0
2019-03-05,0,0,126,0.0,0.0,0.0,0.0,0.0
2019-03-05,0,0,127,0.0,0.0,0.0,0.0,0.0
2019-03-05,0,0,128,49.95,49.95,0.0,863.6468,0.0
2019-03-05,0,0,131,3.47,3.47,0.0,54.396811,0.0
2019-03-05,0,0,132,5.11,5.11,0.0,80.105966,0.0
2019-03-05,0,0,133,139.8,139.8,0.0,1315.916637,0.0
2019-03-05,0,0,134,0.0,0.0,0.0,0.0,0.0
2019-03-05,0,0,135,187.33,187.33,0.0,1763.309467,0.0
2019-03-05,0,0,136,45.9,45.9,0.0,442.541002,0.0
2019-03-05,0,0,139,12.96,12.96,0.0,232.801204,0.0
2019-03-05,0,0,140,0.0,0.0,0.0,0.0,0.0
2019-03-05,0,0,141,29.71,29.71,0.0,479.125406,0.0
2019-03-05,0,0,142,0.0,0.0,0.0,0.0,0.0
2019-03-05,0,0,143,84.59,84.59,0.0,1461.126388,0.0
2019-03-05,0,0,145,2.79,2.79,0.0,49.918299,0.0
2019-03-05,0,0,146,0.0,0.0,0.0,0.0,0.0
2019-03-05,0,0,152,0.0,0.0,0.0,0.0,0.0
2019-03-05,0,0,153,0.0,0.0,0.0,0.0,0.0
2019-03-05,0,0,154,0.0,0.0,0.0,0.0,0.0
2019-03-05,0,0,157,7.83,7.83,0.0,126.272364,0.0
2019-03-05,0,0,158,0.0,0.0,0.0,0.0,0.0
2019-03-05,0,0,159,0.0,0.0,0.0,0.0,0.0
2019-03-05,0,0,160,0.0,0.0,0.0,0.0,0.0
2019-03-05,0,0,161,0.0,0.0,0.0,0.0,0.0
2019-03-05,0,0,162,5.51,5.51,0.0,98.885323,0.0
2019-03-05,0,0,163,16.26,16.26,0.0,279.921551,0.0
2019-03-05,0,0,164,0.0,0.0,0.0,0.0,0.0
2019-03-05,0,0,167,0.0,0.0,0.0,0.0,0.0
2019-03-05,0,0,168,0.0,0.0,0.0,0.0,0.0
2019-03-05,0,0,169,0.0,0.0,0.0,0.0,0.0
2019-03-05,0,0,170,0.0,0.0,0.0,0.0,0.0
2019-03-05,0,0,172,0.0,0.0,0.0,0.0,0.0
2019-03-05,0,0,173,0.0,0.0,0.0,0.0,0.0
2019-03-05,0,0,188,0.0,0.0,0.0,0.0,0.0
2019-03-05,0,0,190,0.0,0.0,0.0,0.0,0.0
2019-03-05,0,0,191,0.0,0.0,0.0,0.0,0.0
2019-03-05,0,0,192,7.06,7.06,0.0,126.928011,0.0
2019-03-05,0,0,194,24.83,24.83,0.0,359.039694,0.0
2019-03-05,0,0,196,0.0,0.0,0.0,0.0,0.0
2019-03-05,0,0,198,0.0,0.0,0.0,0.0,0.0
2019-03-05,0,0,199,6.63,6.63,0.0,81.320611,0.0
2019-03-05,0,0,200,0.0,0.0,0.0,0.0,0.0
2019-03-05,0,0,204,76.59,76.59,0.0,1454.234414,0.0
2019-03-05,0,0,205,95.33,95.33,0.0,1806.293274,0.0
2019-03-05,0,0,206,57.4,57.4,0.0,990.441426,0.0
2019-03-05,0,0,210,0.0,0.0,0.0,0.0,0.0
2019-03-05,0,0,214,0.0,0.0,0.0,0.0,0.0
2019-03-05,0,0,217,0.0,0.0,0.0,0.0,0.0
2019-03-05,0,0,218,0.0,0.0,0.0,0.0,0.0
2019-03-05,0,0,219,0.0,0.0,0.0,0.0,0.0
2019-03-05,0,0,221,0.0,0.0,0.0,0.0,0.0
2019-03-05,0,0,225,0.0,0.0,0.0,0.0,0.0
2019-03-05,0,0,233,0.0,0.0,0.0,0.0,0.0
2019-03-05,0,0,236,19.21,19.21,0.0,335.280889,0.0
2019-03-05,0,0,237,8.19,8.19,0.0,149.197625,0.0
2019-03-05,0,0,238,0.0,0.0,0.0,0.0,0.0
2019-03-05,0,0,240,0.0,0.0,0.0,0.0,0.0
2019-03-05,0,0,245,164.49,164.49,0.0,1671.008836,0.0
2019-03-05,0,0,247,171.72,171.72,0.0,1744.456425,0.0
2019-03-05,0,0,248,0.82,0.82,0.0,14.93798,0.0
2019-03-05,0,0,249,308.16,308.16,0.0,3130.512997,0.0
2019-03-05,0,0,251,241.79,241.79,0.0,2704.126091,0.0
2019-03-05,0,0,252,267.06,267.06,0.0,2520.503958,0.0
2019-03-05,0,0,254,0.0,0.0,0.0,0.0,0.0
2019-03-05,0,0,255,0.0,0.0,0.0,0.0,0.0
2019-03-05,0,0,258,0.0,0.0,0.0,0.0,0.0
2019-03-05,0,0,260,0.0,0.0,0.0,0.0,0.0
2019-03-05,0,0,265,0.0,0.0,0.0,0.0,0.0
2019-03-05,0,0,266,8.39,8.39,0.0,150.710039,0.0
2019-03-05,0,0,267,10.31,10.31,0.0,185.199106,0.0
2019-03-05,0,0,270,50.77,50.77,0.0,874.023193,0.0
2019-03-05,0,0,272,59.95,59.95,0.0,907.76459,0.0
2019-03-05,0,0,273,0.0,0.0,0.0,0.0,0.0
2019-03-05,0,0,274,65.44,65.44,0.0,1126.572341,0.0
2019-03-05,0,0,275,91.1,91.1,0.0,1568.318159,0.0
2019-03-05,0,0,276,0.0,0.0,0.0,0.0,0.0
2019-03-05,0,0,277,0.0,0.0,0.0,0.0,0.0
2019-03-05,0,0,278,0.0,0.0,0.0,0.0,0.0
2019-03-05,0,0,279,24.47,24.47,0.0,374.91541,0.0
2019-03-05,0,0,281,10.4,10.4,0.0,179.639608,0.0
2019-03-05,0,0,282,0.0,0.0,0.0,0.0,0.0
2019-03-05,1,0,9,0.0,0.0,0.0,0.0,0.0
2019-03-05,1,0,17,0.0,0.0,0.0,0.0,0.0
2019-03-05,1,0,19,643.3,643.3,0.0,3687.429371,0.0
2019-03-05,1,0,20,780.2,780.2,0.0,4472.147357,0.0
2019-03-05,1,0,21,0.0,0.0,0.0,0.0,0.0
2019-03-05,1,0,22,0.0,0.0,0.0,0.0,0.0
2019-03-05,1,0,23,25.71,25.71,0.0,371.959089,0.0
2019-03-05,1,0,24,45.49,45.49,0.0,658.12598,0.0
2019-03-05,1,0,29,0.0,0.0,0.0,0.0,0.0
2019-03-05,1,0,30,0.0,0.0,0.0,0.0,0.0
2019-03-05,1,0,31,58.84,58.84,0.0,851.721278,0.0
2019-03-05,1,0,32,0.0,0.0,0.0,0.0,0.0
2019-03-05,1,0,33,0.0,0.0,0.0,0.0,0.0
2019-03-05,1,0,34,0.0,0.0,0.0,0.0,0.0
2019-03-05,1,0,35,0.0,0.0,0.0,0.0,0.0
2019-03-05,1,0,36,0.0,0.0,0.0,0.0,0.0
2019-03-05,1,0,37,0.0,0.0,0.0,0.0,0.0
2019-03-05,1,0,38,0.0,0.0,0.0,0.0,0.0
2019-03-05,1,0,39,0.0,0.0,0.0,0.0,0.0
2019-03-05,1,0,40,0.0,0.0,0.0,0.0,0.0
2019-03-05,1,0,41,8.37,8.37,0.0,117.20047,0.0
2019-03-05,1,0,42,0.0,0.0,0.0,0.0,0.0
2019-03-05,1,0,43,0.0,0.0,0.0,0.0,0.0
2019-03-05,1,0,46,0.0,0.0,0.0,0.0,0.0
2019-03-05,1,0,52,62.64,62.64,0.0,906.727071,0.0
2019-03-05,1,0,53,102.4,102.4,0.0,1482.261368,0.0
2019-03-05,1,0,55,259.61,259.61,0.0,3755.904278,0.0
2019-03-05,1,0,56,0.0,0.0,0.0,0.0,0.0
2019-03-05,1,0,57,0.0,0.0,0.0,0.0,0.0
2019-03-05,1,0,58,0.0,0.0,0.0,0.0,0.0
2019-03-05,1,0,59,0.0,0.0,0.0,0.0,0.0
2019-03-05,1,0,63,13.73,13.73,0.0,271.117128,0.0
2019-03-05,1,0,64,16.16,16.16,0.0,319.100713,0.0
2019-03-05,1,0,65,41.4,41.4,0.0,376.252265,0.0
2019-03-05,1,0,67,0.0,0.0,0.0,0.0,0.0
2019-03-05,1,0,68,0.72,0.72,0.0,10.204918,0.0
2019-03-05,1,0,69,0.0,0.0,0.0,0.0,0.0
2019-03-05,1,0,74,1.63,1.63,0.0,21.403121,0.0
2019-03-05,1,0,77,23.79,23.79,0.0,361.514853,0.0
2019-03-05,1,0,78,17.99,17.99,0.0,273.377563,0.0
2019-03-05,1,0,79,10.41,10.41,0.0,158.191241,0.0
2019-03-05,1,0,80,16.83,16.83,0.0,255.750104,0.0
2019-03-05,1,0,81,22.01,22.01,0.0,334.465823,0.0
2019-03-05,1,0,82,15.52,15.52,0.0,235.843233,0.0
2019-03-05,1,0,83,34.62,34.62,0.0,526.08845,0.0
2019-03-05,1,0,84,0.0,0.0,0.0,0.0,0.0
2019-03-05,1,0,86,0.0,0.0,0.0,0.0,0.0
2019-03-05,1,0,87,0.0,0.0,0.0,0.0,0.0
2019-03-05,1,0,88,18.13,18.13,0.0,275.505014,0.0
2019-03-05,1,0,89,17.43,17.43,0.0,264.867755,0.0
2019-03-05,1,0,90,23.4,23.4,0.0,355.58838,0.0
2019-03-05,1,0,91,83.46,83.46,0.0,1268.265223,0.0
2019-03-05,1,0,92,30.02,30.02,0.0,456.186461,0.0
2019-03-05,1,0,95,19.18,19.18,0.0,369.264294,0.0
2019-03-05,1,0,96,2.96,2.96,0.0,42.870505,0.0
2019-03-05,1,0,97,18.22,18.22,0.0,263.885337,0.0
2019-03-05,1,0,99,0.31,0.31,0.0,4.070532,0.0
2019-03-05,1,0,101,0.0,0.0,0.0,0.0,0.0
2019-03-05,1,0,102,1.71,1.71,0.0,24.23668,0.0
2019-03-05,1,0,103,1.49,1.49,0.0,21.11851,0.0
2019-03-05,1,0,104,0.28,0.28,0.0,3.968579,0.0
2019-03-05,1,0,106,0.0,0.0,0.0,0.0,0.0
2019-03-05,1,0,109,16.23,16.23,0.0,224.772319,0.0
2019-03-05,1,0,110,0.0,0.0,0.0,0.0,0.0
2019-03-05,1,0,111,0.0,0.0,0.0,0.0,0.0
2019-03-05,1,0,113,10.05,10.05,0.0,156.967287,0.0
2019-03-05,1,0,115,10.05,10.05,0.0,156.967287,0.0
2019-03-05,1,0,116,0.0,0.0,0.0,0.0,0.0
2019-03-05,1,0,117,0.69,0.69,0.0,10.776859,0.0
2019-03-05,1,0,119,16.16,16.16,0.0,319.100713,0.0
2019-03-05,1,0,120,9.5,9.5,0.0,187.590147,0.0
2019-03-05,1,0,123,0.0,0.0,0.0,0.0,0.0
2019-03-05,1,0,125,41.16,41.16,0.0,595.481761,0.0
2019-03-05,1,0,126,0.0,0.0,0.0,0.0,0.0
2019-03-05,1,0,127,0.0,0.0,0.0,0.0,0.0
2019-03-05,1,0,128,58.96,58.96,0.0,853.003029,0.0
2019-03-05,1,0,131,3.32,3.32,0.0,48.197129,0.0
2019-03-05,1,0,132,4.88,4.88,0.0,70.843972,0.0
2019-03-05,1,0,133,139.8,139.8,0.0,1804.759134,0.0
2019-03-05,1,0,134,0.0,0.0,0.0,0.0,0.0
2019-03-05,1,0,135,187.32,187.32,0.0,2418.222324,0.0
2019-03-05,1,0,136,45.9,45.9,0.0,425.606177,0.0
2019-03-05,1,0,139,10.81,10.81,0.0,151.366437,0.0
2019-03-05,1,0,140,0.0,0.0,0.0,0.0,0.0
2019-03-05,1,0,141,35.96,35.96,0.0,463.399438,0.0
2019-03-05,1,0,142,0.0,0.0,0.0,0.0,0.0
2019-03-05,1,0,143,130.6,130.6,0.0,1890.462253,0.0
2019-03-05,1,0,145,3.02,3.02,0.0,43.009749,0.0
2019-03-05,1,0,146,0.0,0.0,0.0,0.0,0.0
2019-03-05,1,0,152,0.0,0.0,0.0,0.0,0.0
2019-03-05,1,0,153,0.0,0.0,0.0,0.0,0.0
2019-03-05,1,0,154,0.0,0.0,0.0,0.0,0.0
2019-03-05,1,0,157,9.86,9.86,0.0,127.061136,0.0
2019-03-05,1,0,158,0.0,0.0,0.0,0.0,0.0
2019-03-05,1,0,159,0.0,0.0,0.0,0.0,0.0
2019-03-05,1,0,160,0.0,0.0,0.0,0.0,0.0
2019-03-05,1,0,161,0.0,0.0,0.0,0.0,0.0
2019-03-05,1,0,162,5.75,5.75,0.0,110.725609,0.0
2019-03-05,1,0,163,12.05,12.05,0.0,107.792164,0.0
2019-03-05,1,0,164,0.0,0.0,0.0,0.0,0.0
2019-03-05,1,0,167,0.0,0.0,0.0,0.0,0.0
2019-03-05,1,0,168,0.0,0.0,0.0,0.0,0.0
2019-03-05,1,0,169,0.0,0.0,0.0,0.0,0.0
2019-03-05,1,0,170,0.0,0.0,0.0,0.0,0.0
2019-03-05,1,0,172,0.0,0.0,0.0,0.0,0.0
2019-03-05,1,0,173,0.0,0.0,0.0,0.0,0.0
2019-03-05,1,0,188,0.0,0.0,0.0,0.0,0.0
2019-03-05,1,0,190,0.0,0.0,0.0,0.0,0.0
2019-03-05,1,0,191,0.0,0.0,0.0,0.0,0.0
2019-03-05,1,0,192,0.0,0.0,0.0,0.0,0.0
2019-03-05,1,0,194,23.0,23.0,0.0,390.329498,0.0
2019-03-05,1,0,196,0.0,0.0,0.0,0.0,0.0
2019-03-05,1,0,198,0.0,0.0,0.0,0.0,0.0
2019-03-05,1,0,199,14.13,14.13,0.0,202.875656,0.0
2019-03-05,1,0,200,0.0,0.0,0.0,0.0,0.0
2019-03-05,1,0,204,74.72,74.72,0.0,1039.199012,0.0
2019-03-05,1,0,205,85.85,85.85,0.0,1188.95278,0.0
2019-03-05,1,0,206,53.55,53.55,0.0,775.579573,0.0
2019-03-05,1,0,210,0.0,0.0,0.0,0.0,0.0
2019-03-05,1,0,214,0.0,0.0,0.0,0.0,0.0
2019-03-05,1,0,217,0.0,0.0,0.0,0.0,0.0
2019-03-05,1,0,218,0.0,0.0,0.0,0.0,0.0
2019-03-05,1,0,219,0.0,0.0,0.0,0.0,0.0
2019-03-05,1,0,221,0.0,0.0,0.0,0.0,0.0
2019-03-05,1,0,225,0.0,0.0,0.0,0.0,0.0
2019-03-05,1,0,233,0.0,0.0,0.0,0.0,0.0
2019-03-05,1,0,236,13.86,13.86,0.0,177.350736,0.0
2019-03-05,1,0,237,3.91,3.91,0.0,51.341228,0.0
2019-03-05,1,0,238,0.0,0.0,0.0,0.0,0.0
2019-03-05,1,0,240,0.0,0.0,0.0,0.0,0.0
2019-03-05,1,0,245,78.0,78.0,0.0,912.429954,0.0
2019-03-05,1,0,247,171.72,171.72,0.0,2008.749637,0.0
2019-03-05,1,0,248,0.39,0.39,0.0,5.120992,0.0
2019-03-05,1,0,249,150.01,150.01,0.0,1754.789967,0.0
2019-03-05,1,0,251,241.94,241.94,0.0,2467.548257,0.0
2019-03-05,1,0,252,267.06,267.06,0.0,2427.099753,0.0
2019-03-05,1,0,254,0.0,0.0,0.0,0.0,0.0
2019-03-05,1,0,255,0.0,0.0,0.0,0.0,0.0
2019-03-05,1,0,258,0.0,0.0,0.0,0.0,0.0
2019-03-05,1,0,260,0.0,0.0,0.0,0.0,0.0
2019-03-05,1,0,265,0.0,0.0,0.0,0.0,0.0
2019-03-05,1,0,266,7.0,7.0,0.0,98.017119,0.0
2019-03-05,1,0,267,8.61,8.61,0.0,120.561057,0.0
2019-03-05,1,0,270,37.64,37.64,0.0,336.70515,0.0
2019-03-05,1,0,272,33.53,33.53,0.0,523.69285,0.0
2019-03-05,1,0,273,0.0,0.0,0.0,0.0,0.0
2019-03-05,1,0,274,48.52,48.52,0.0,434.031186,0.0
2019-03-05,1,0,275,67.55,67.55,0.0,604.262297,0.0
2019-03-05,1,0,276,0.0,0.0,0.0,0.0,0.0
2019-03-05,1,0,277,0.0,0.0,0.0,0.0,0.0
2019-03-05,1,0,278,0.0,0.0,0.0,0.0,0.0
2019-03-05,1,0,279,24.4,24.4,0.0,376.961165,0.0
2019-03-05,1,0,281,24.29,24.29,0.0,351.602819,0.0
2019-03-05,1,0,282,0.0,0.0,0.0,0.0,0.0
2019-03-05,2,0,9,0.0,0.0,0.0,0.0,0.0
2019-03-05,2,0,17,0.0,0.0,0.0,0.0,0.0
2019-03-05,2,0,19,643.3,643.3,0.0,3687.429371,0.0
2019-03-05,2,0,20,780.2,780.2,0.0,4472.147357,0.0
2019-03-05,2,0,21,0.0,0.0,0.0,0.0,0.0
2019-03-05,2,0,22,0.0,0.0,0.0,0.0,0.0
2019-03-05,2,0,23,18.36,18.36,0.0,262.615667,0.0
2019-03-05,2,0,24,32.49,32.49,0.0,464.726744,0.0
2019-03-05,2,0,29,0.0,0.0,0.0,0.0,0.0
2019-03-05,2,0,30,0.0,0.0,0.0,0.0,0.0
2019-03-05,2,0,31,22.66,22.66,0.0,324.266259,0.0
2019-03-05,2,0,32,0.0,0.0,0.0,0.0,0.0
2019-03-05,2,0,33,0.0,0.0,0.0,0.0,0.0
2019-03-05,2,0,34,0.0,0.0,0.0,0.0,0.0
2019-03-05,2,0,35,0.0,0.0,0.0,0.0,0.0
2019-03-05,2,0,36,0.0,0.0,0.0,0.0,0.0
2019-03-05,2,0,37,0.0,0.0,0.0,0.0,0.0
2019-03-05,2,0,38,0.0,0.0,0.0,0.0,0.0
2019-03-05,2,0,39,0.0,0.0,0.0,0.0,0.0
2019-03-05,2,0,40,0.0,0.0,0.0,0.0,0.0
2019-03-05,2,0,41,9.19,9.19,0.0,127.774173,0.0
2019-03-05,2,0,42,0.0,0.0,0.0,0.0,0.0
2019-03-05,2,0,43,0.0,0.0,0.0,0.0,0.0
2019-03-05,2,0,46,0.0,0.0,0.0,0.0,0.0
2019-03-05,2,0,52,24.02,24.02,0.0,343.727959,0.0
2019-03-05,2,0,53,38.16,38.16,0.0,546.072394,0.0
2019-03-05,2,0,55,294.23,294.23,0.0,4208.573405,0.0
2019-03-05,2,0,56,0.0,0.0,0.0,0.0,0.0
2019-03-05,2,0,57,0.0,0.0,0.0,0.0,0.0
2019-03-05,2,0,58,0.0,0.0,0.0,0.0,0.0
2019-03-05,2,0,59,0.0,0.0,0.0,0.0,0.0
2019-03-05,2,0,63,14.77,14.77,0.0,252.590407,0.0
2019-03-05,2,0,64,17.37,17.37,0.0,297.054528,0.0
2019-03-05,2,0,65,41.4,41.4,0.0,375.999739,0.0
2019-03-05,2,0,67,0.0,0.0,0.0,0.0,0.0
2019-03-05,2,0,68,0.54,0.54,0.0,7.830296,0.0
2019-03-05,2,0,69,0.0,0.0,0.0,0.0,0.0
2019-03-05,2,0,74,1.72,1.72,0.0,22.543694,0.0
2019-03-05,2,0,77,19.35,19.35,0.0,288.373938,0.0
2019-03-05,2,0,78,14.63,14.63,0.0,218.031561,0.0
2019-03-05,2,0,79,8.46,8.46,0.0,126.079768,0.0
2019-03-05,2,0,80,13.69,13.69,0.0,204.022698,0.0
2019-03-05,2,0,81,17.89,17.89,0.0,266.615491,0.0
2019-03-05,2,0,82,12.62,12.62,0.0,188.076439,0.0
2019-03-05,2,0,83,28.15,28.15,0.0,419.520742,0.0
2019-03-05,2,0,84,0.0,0.0,0.0,0.0,0.0
2019-03-05,2,0,86,0.0,0.0,0.0,0.0,0.0
2019-03-05,2,0,87,0.0,0.0,0.0,0.0,0.0
2019-03-05,2,0,88,15.27,15.27,0.0,227.569511,0.0
2019-03-05,2,0,89,14.68,14.68,0.0,218.776714,0.0
2019-03-05,2,0,90,19.71,19.71,0.0,293.739035,0.0
2019-03-05,2,0,91,70.31,70.31,0.0,1047.833157,0.0
2019-03-05,2,0,92,25.29,25.29,0.0,376.898031,0.0
2019-03-05,2,0,95,7.83,7.83,0.0,132.660819,0.0
2019-03-05,2,0,96,2.51,2.51,0.0,35.93504,0.0
2019-03-05,2,0,97,15.43,15.43,0.0,220.907436,0.0
2019-03-05,2,0,99,0.33,0.33,0.0,4.325244,0.0
2019-03-05,2,0,101,0.0,0.0,0.0,0.0,0.0
2019-03-05,2,0,102,1.29,1.29,0.0,18.705707,0.0
2019-03-05,2,0,103,1.12,1.12,0.0,16.240614,0.0
2019-03-05,2,0,104,0.21,0.21,0.0,3.045115,0.0
2019-03-05,2,0,106,0.0,0.0,0.0,0.0,0.0
2019-03-05,2,0,109,20.74,20.74,0.0,286.301548,0.0
2019-03-05,2,0,110,0.0,0.0,0.0,0.0,0.0
2019-03-05,2,0,111,0.0,0.0,0.0,0.0,0.0
2019-03-05,2,0,113,9.51,9.51,0.0,144.013225,0.0
2019-03-05,2,0,115,9.51,9.51,0.0,144.013225,0.0
2019-03-05,2,0,116,0.0,0.0,0.0,0.0,0.0
2019-03-05,2,0,117,0.51,0.51,0.0,7.723107,0.0
2019-03-05,2,0,119,17.37,17.37,0.0,297.054528,0.0
2019-03-05,2,0,120,10.22,10.22,0.0,174.778197,0.0
2019-03-05,2,0,123,0.0,0.0,0.0,0.0,0.0
2019-03-05,2,0,125,29.4,29.4,0.0,420.528356,0.0
2019-03-05,2,0,126,0.0,0.0,0.0,0.0,0.0
2019-03-05,2,0,127,0.0,0.0,0.0,0.0,0.0
2019-03-05,2,0,128,42.11,42.11,0.0,602.328199,0.0
2019-03-05,2,0,131,2.51,2.51,0.0,36.752827,0.0
2019-03-05,2,0,132,3.69,3.69,0.0,54.031048,0.0
2019-03-05,2,0,133,139.8,139.8,0.0,1803.016088,0.0
2019-03-05,2,0,134,0.0,0.0,0.0,0.0,0.0
2019-03-05,2,0,135,187.33,187.33,0.0,2416.015764,0.0
2019-03-05,2,0,136,45.9,45.9,0.0,425.310832,0.0
2019-03-05,2,0,139,11.87,11.87,0.0,165.035847,0.0
2019-03-05,2,0,140,0.0,0.0,0.0,0.0,0.0
2019-03-05,2,0,141,27.3,27.3,0.0,381.348367,0.0
2019-03-05,2,0,142,0.0,0.0,0.0,0.0,0.0
2019-03-05,2,0,143,65.12,65.12,0.0,931.871967,0.0
2019-03-05,2,0,145,3.0,3.0,0.0,42.363178,0.0
2019-03-05,2,0,146,0.0,0.0,0.0,0.0,0.0
2019-03-05,2,0,152,0.0,0.0,0.0,0.0,0.0
2019-03-05,2,0,153,0.0,0.0,0.0,0.0,0.0
2019-03-05,2,0,154,0.0,0.0,0.0,0.0,0.0
2019-03-05,2,0,157,6.46,6.46,0.0,90.238478,0.0
2019-03-05,2,0,158,0.0,0.0,0.0,0.0,0.0
2019-03-05,2,0,159,0.0,0.0,0.0,0.0,0.0
2019-03-05,2,0,160,0.0,0.0,0.0,0.0,0.0
2019-03-05,2,0,161,0.0,0.0,0.0,0.0,0.0
2019-03-05,2,0,162,5.85,5.85,0.0,99.11886,0.0
2019-03-05,2,0,163,11.91,11.91,0.0,146.974608,0.0
2019-03-05,2,0,164,0.0,0.0,0.0,0.0,0.0
2019-03-05,2,0,167,0.0,0.0,0.0,0.0,0.0
2019-03-05,2,0,168,0.0,0.0,0.0,0.0,0.0
2019-03-05,2,0,169,0.0,0.0,0.0,0.0,0.0
2019-03-05,2,0,170,0.0,0.0,0.0,0.0,0.0
2019-03-05,2,0,172,0.0,0.0,0.0,0.0,0.0
2019-03-05,2,0,173,0.0,0.0,0.0,0.0,0.0
2019-03-05,2,0,188,0.0,0.0,0.0,0.0,0.0
2019-03-05,2,0,190,0.0,0.0,0.0,0.0,0.0
2019-03-05,2,0,191,0.0,0.0,0.0,0.0,0.0
2019-03-05,2,0,192,6.71,6.71,0.0,114.751634,0.0
2019-03-05,2,0,194,22.63,22.63,0.0,356.724767,0.0
2019-03-05,2,0,196,0.0,0.0,0.0,0.0,0.0
2019-03-05,2,0,198,0.0,0.0,0.0,0.0,0.0
2019-03-05,2,0,199,6.65,6.65,0.0,91.704822,0.0
2019-03-05,2,0,200,0.0,0.0,0.0,0.0,0.0
2019-03-05,2,0,204,101.25,101.25,0.0,1403.307176,0.0
2019-03-05,2,0,205,101.81,101.81,0.0,1405.41758,0.0
2019-03-05,2,0,206,45.34,45.34,0.0,649.121396,0.0
2019-03-05,2,0,210,0.0,0.0,0.0,0.0,0.0
2019-03-05,2,0,214,0.0,0.0,0.0,0.0,0.0
2019-03-05,2,0,217,0.0,0.0,0.0,0.0,0.0
2019-03-05,2,0,218,0.0,0.0,0.0,0.0,0.0
2019-03-05,2,0,219,0.0,0.0,0.0,0.0,0.0
2019-03-05,2,0,221,0.0,0.0,0.0,0.0,0.0
2019-03-05,2,0,225,0.0,0.0,0.0,0.0,0.0
2019-03-05,2,0,233,0.0,0.0,0.0,0.0,0.0
2019-03-05,2,0,236,14.0,14.0,0.0,178.928213,0.0
2019-03-05,2,0,237,4.12,4.12,0.0,54.000011,0.0
2019-03-05,2,0,238,0.0,0.0,0.0,0.0,0.0
2019-03-05,2,0,240,0.0,0.0,0.0,0.0,0.0
2019-03-05,2,0,245,78.01,78.01,0.0,911.811008,0.0
2019-03-05,2,0,247,171.72,171.72,0.0,2007.129679,0.0
2019-03-05,2,0,248,0.41,0.41,0.0,5.373787,0.0
2019-03-05,2,0,249,150.01,150.01,0.0,1753.374815,0.0
2019-03-05,2,0,251,297.16,297.16,0.0,3028.224456,0.0
2019-03-05,2,0,252,267.06,267.06,0.0,2425.470778,0.0
2019-03-05,2,0,254,0.0,0.0,0.0,0.0,0.0
2019-03-05,2,0,255,0.0,0.0,0.0,0.0,0.0
2019-03-05,2,0,258,0.0,0.0,0.0,0.0,0.0
2019-03-05,2,0,260,0.0,0.0,0.0,0.0,0.0
2019-03-05,2,0,265,0.0,0.0,0.0,0.0,0.0
2019-03-05,2,0,266,7.69,7.69,0.0,106.918759,0.0
2019-03-05,2,0,267,9.45,9.45,0.0,131.389112,0.0
2019-03-05,2,0,270,37.18,37.18,0.0,458.817457,0.0
2019-03-05,2,0,272,41.01,41.01,0.0,621.028641,0.0
2019-03-05,2,0,273,0.0,0.0,0.0,0.0,0.0
2019-03-05,2,0,274,47.94,47.94,0.0,591.600562,0.0
2019-03-05,2,0,275,66.73,66.73,0.0,823.477378,0.0
2019-03-05,2,0,276,0.0,0.0,0.0,0.0,0.0
2019-03-05,2,0,277,0.0,0.0,0.0,0.0,0.0
2019-03-05,2,0,278,0.0,0.0,0.0,0.0,0.0
2019-03-05,2,0,279,19.42,19.42,0.0,292.212859,0.0
2019-03-05,2,0,281,10.17,10.17,0.0,145.533445,0.0
2019-03-05,2,0,282,0.0,0.0,0.0,0.0,0.0
2019-03-05,3,0,9,0.0,0.0,0.0,0.0,0.0
2019-03-05,3,0,17,0.0,0.0,0.0,0.0,0.0
2019-03-05,3,0,19,643.3,643.3,0.0,3687.429371,0.0
2019-03-05,3,0,20,780.2,780.2,0.0,4472.147357,0.0
2019-03-05,3,0,21,0.0,0.0,0.0,0.0,0.0
2019-03-05,3,0,22,0.0,0.0,0.0,0.0,0.0
2019-03-05,3,0,23,12.83,12.83,0.0,206.980809,0.0
2019-03-05,3,0,24,22.69,22.69,0.0,366.0479,0.0
2019-03-05,3,0,29,0.0,0.0,0.0,0.0,0.0
2019-03-05,3,0,30,0.0,0.0,0.0,0.0,0.0
2019-03-05,3,0,31,19.53,19.53,0.0,315.050254,0.0
2019-03-05,3,0,32,0.0,0.0,0.0,0.0,0.0
2019-03-05,3,0,33,0.0,0.0,0.0,0.0,0.0
2019-03-05,3,0,34,0.0,0.0,0.0,0.0,0.0
2019-03-05,3,0,35,0.0,0.0,0.0,0.0,0.0
2019-03-05,3,0,36,0.0,0.0,0.0,0.0,0.0
2019-03-05,3,0,37,0.0,0.0,0.0,0.0,0.0
2019-03-05,3,0,38,0.0,0.0,0.0,0.0,0.0
2019-03-05,3,0,39,0.0,0.0,0.0,0.0,0.0
2019-03-05,3,0,40,0.0,0.0,0.0,0.0,0.0
2019-03-05,3,0,41,10.67,10.67,0.0,170.731348,0.0
2019-03-05,3,0,42,0.0,0.0,0.0,0.0,0.0
2019-03-05,3,0,43,0.0,0.0,0.0,0.0,0.0
2019-03-05,3,0,46,0.0,0.0,0.0,0.0,0.0
2019-03-05,3,0,52,20.7,20.7,0.0,333.924233,0.0
2019-03-05,3,0,53,32.89,32.89,0.0,530.568503,0.0
2019-03-05,3,0,55,283.77,283.77,0.0,4577.937968,0.0
2019-03-05,3,0,56,0.0,0.0,0.0,0.0,0.0
2019-03-05,3,0,57,0.0,0.0,0.0,0.0,0.0
2019-03-05,3,0,58,0.0,0.0,0.0,0.0,0.0
2019-03-05,3,0,59,0.0,0.0,0.0,0.0,0.0
2019-03-05,3,0,63,16.28,16.28,0.0,318.893562,0.0
2019-03-05,3,0,64,19.16,19.16,0.0,375.307165,0.0
2019-03-05,3,0,65,41.4,41.4,0.0,408.108837,0.0
2019-03-05,3,0,67,0.0,0.0,0.0,0.0,0.0
2019-03-05,3,0,68,0.43,0.43,0.0,6.466115,0.0
2019-03-05,3,0,69,0.0,0.0,0.0,0.0,0.0
2019-03-05,3,0,74,1.91,1.91,0.0,28.991743,0.0
2019-03-05,3,0,77,16.18,16.18,0.0,258.891964,0.0
2019-03-05,3,0,78,12.23,12.23,0.0,195.689043,0.0
2019-03-05,3,0,79,7.08,7.08,0.0,113.285235,0.0
2019-03-05,3,0,80,11.45,11.45,0.0,183.208467,0.0
2019-03-05,3,0,81,14.97,14.97,0.0,239.531069,0.0
2019-03-05,3,0,82,10.56,10.56,0.0,168.967808,0.0
2019-03-05,3,0,83,23.54,23.54,0.0,376.657406,0.0
2019-03-05,3,0,84,0.0,0.0,0.0,0.0,0.0
2019-03-05,3,0,86,0.0,0.0,0.0,0.0,0.0
2019-03-05,3,0,87,0.0,0.0,0.0,0.0,0.0
2019-03-05,3,0,88,13.24,13.24,0.0,211.84979,0.0
2019-03-05,3,0,89,12.73,12.73,0.0,203.689413,0.0
2019-03-05,3,0,90,17.09,17.09,0.0,273.452637,0.0
2019-03-05,3,0,91,60.96,60.96,0.0,975.405076,0.0
2019-03-05,3,0,92,21.92,21.92,0.0,350.736209,0.0
2019-03-05,3,0,95,7.85,7.85,0.0,150.163809,0.0
2019-03-05,3,0,96,2.2,2.2,0.0,35.487326,0.0
2019-03-05,3,0,97,13.54,13.54,0.0,218.408359,0.0
2019-03-05,3,0,99,0.37,0.37,0.0,5.616201,0.0
2019-03-05,3,0,101,0.0,0.0,0.0,0.0,0.0
2019-03-05,3,0,102,1.02,1.02,0.0,15.338226,0.0
2019-03-05,3,0,103,0.88,0.88,0.0,13.23298,0.0
2019-03-05,3,0,104,0.16,0.16,0.0,2.405996,0.0
2019-03-05,3,0,106,0.0,0.0,0.0,0.0,0.0
2019-03-05,3,0,109,27.49,27.49,0.0,449.690137,0.0
2019-03-05,3,0,110,9.04,9.04,0.0,93.842557,0.0
2019-03-05,3,0,111,0.0,0.0,0.0,0.0,0.0
2019-03-05,3,0,113,7.24,7.24,0.0,117.323273,0.0
2019-03-05,3,0,115,7.24,7.24,0.0,117.323273,0.0
2019-03-05,3,0,116,0.0,0.0,0.0,0.0,0.0
2019-03-05,3,0,117,0.37,0.37,0.0,5.995803,0.0
2019-03-05,3,0,119,19.16,19.16,0.0,375.307165,0.0
2019-03-05,3,0,120,11.26,11.26,0.0,220.561518,0.0
2019-03-05,3,0,123,0.0,0.0,0.0,0.0,0.0
2019-03-05,3,0,125,20.53,20.53,0.0,331.201559,0.0
2019-03-05,3,0,126,0.0,0.0,0.0,0.0,0.0
2019-03-05,3,0,127,0.0,0.0,0.0,0.0,0.0
2019-03-05,3,0,128,29.41,29.41,0.0,474.458736,0.0
2019-03-05,3,0,131,1.91,1.91,0.0,29.306314,0.0
2019-03-05,3,0,132,2.81,2.81,0.0,43.115572,0.0
2019-03-05,3,0,133,78.86,78.86,0.0,1145.035673,0.0
2019-03-05,3,0,134,0.0,0.0,0.0,0.0,0.0
2019-03-05,3,0,135,105.53,105.53,0.0,1532.280175,0.0
2019-03-05,3,0,136,45.9,45.9,0.0,462.864375,0.0
2019-03-05,3,0,139,13.77,13.77,0.0,220.334644,0.0
2019-03-05,3,0,140,6.69,6.69,0.0,69.447644,0.0
2019-03-05,3,0,141,20.47,20.47,0.0,284.352248,0.0
2019-03-05,3,0,142,0.0,0.0,0.0,0.0,0.0
2019-03-05,3,0,143,30.37,30.37,0.0,489.916857,0.0
2019-03-05,3,0,145,3.01,3.01,0.0,48.799122,0.0
2019-03-05,3,0,146,6.02,6.02,0.0,62.492499,0.0
2019-03-05,3,0,152,0.0,0.0,0.0,0.0,0.0
2019-03-05,3,0,153,0.0,0.0,0.0,0.0,0.0
2019-03-05,3,0,154,0.0,0.0,0.0,0.0,0.0
2019-03-05,3,0,157,0.0,0.0,0.0,0.0,0.0
2019-03-05,3,0,158,0.0,0.0,0.0,0.0,0.0
2019-03-05,3,0,159,0.0,0.0,0.0,0.0,0.0
2019-03-05,3,0,160,0.0,0.0,0.0,0.0,0.0
2019-03-05,3,0,161,0.0,0.0,0.0,0.0,0.0
2019-03-05,3,0,162,6.0,6.0,0.0,114.799277,0.0
2019-03-05,3,0,163,12.95,12.95,0.0,134.431539,0.0
2019-03-05,3,0,164,0.0,0.0,0.0,0.0,0.0
2019-03-05,3,0,167,0.0,0.0,0.0,0.0,0.0
2019-03-05,3,0,168,0.0,0.0,0.0,0.0,0.0
2019-03-05,3,0,169,0.0,0.0,0.0,0.0,0.0
2019-03-05,3,0,170,0.0,0.0,0.0,0.0,0.0
2019-03-05,3,0,172,0.0,0.0,0.0,0.0,0.0
2019-03-05,3,0,173,0.0,0.0,0.0,0.0,0.0
2019-03-05,3,0,188,0.0,0.0,0.0,0.0,0.0
2019-03-05,3,0,190,0.0,0.0,0.0,0.0,0.0
2019-03-05,3,0,191,0.0,0.0,0.0,0.0,0.0
2019-03-05,3,0,192,13.55,13.55,0.0,265.418167,0.0
2019-03-05,3,0,194,22.53,22.53,0.0,388.610789,0.0
2019-03-05,3,0,196,0.0,0.0,0.0,0.0,0.0
2019-03-05,3,0,198,0.0,0.0,0.0,0.0,0.0
2019-03-05,3,0,199,7.65,7.65,0.0,107.960761,0.0
2019-03-05,3,0,200,0.0,0.0,0.0,0.0,0.0
2019-03-05,3,0,204,133.45,133.45,0.0,2193.437965,0.0
2019-03-05,3,0,205,145.42,145.42,0.0,2378.826471,0.0
2019-03-05,3,0,206,39.78,39.78,0.0,641.675372,0.0
2019-03-05,3,0,210,0.0,0.0,0.0,0.0,0.0
2019-03-05,3,0,214,0.0,0.0,0.0,0.0,0.0
2019-03-05,3,0,217,0.0,0.0,0.0,0.0,0.0
2019-03-05,3,0,218,0.0,0.0,0.0,0.0,0.0
2019-03-05,3,0,219,0.0,0.0,0.0,0.0,0.0
2019-03-05,3,0,221,0.0,0.0,0.0,0.0,0.0
2019-03-05,3,0,225,0.0,0.0,0.0,0.0,0.0
2019-03-05,3,0,233,0.0,0.0,0.0,0.0,0.0
2019-03-05,3,0,236,14.23,14.23,0.0,207.903226,0.0
2019-03-05,3,0,237,4.58,4.58,0.0,69.519466,0.0
2019-03-05,3,0,238,0.0,0.0,0.0,0.0,0.0
2019-03-05,3,0,240,0.0,0.0,0.0,0.0,0.0
2019-03-05,3,0,245,78.0,78.0,0.0,1012.382539,0.0
2019-03-05,3,0,247,171.72,171.72,0.0,2228.799096,0.0
2019-03-05,3,0,248,0.46,0.46,0.0,6.982304,0.0
2019-03-05,3,0,249,150.0,150.0,0.0,1946.889497,0.0
2019-03-05,3,0,251,326.4,326.4,0.0,3670.015079,0.0
2019-03-05,3,0,252,267.06,267.06,0.0,2632.597731,0.0
2019-03-05,3,0,254,0.0,0.0,0.0,0.0,0.0
2019-03-05,3,0,255,0.0,0.0,0.0,0.0,0.0
2019-03-05,3,0,258,0.0,0.0,0.0,0.0,0.0
2019-03-05,3,0,260,0.0,0.0,0.0,0.0,0.0
2019-03-05,3,0,265,0.0,0.0,0.0,0.0,0.0
2019-03-05,3,0,266,8.92,8.92,0.0,142.729486,0.0
2019-03-05,3,0,267,10.96,10.96,0.0,175.371656,0.0
2019-03-05,3,0,270,40.44,40.44,0.0,419.800111,0.0
2019-03-05,3,0,272,29.56,29.56,0.0,479.016016,0.0
2019-03-05,3,0,273,0.0,0.0,0.0,0.0,0.0
2019-03-05,3,0,274,52.14,52.14,0.0,541.255633,0.0
2019-03-05,3,0,275,72.58,72.58,0.0,753.439467,0.0
2019-03-05,3,0,276,0.0,0.0,0.0,0.0,0.0
2019-03-05,3,0,277,0.0,0.0,0.0,0.0,0.0
2019-03-05,3,0,278,0.0,0.0,0.0,0.0,0.0
2019-03-05,3,0,279,16.2,16.2,0.0,261.193118,0.0
2019-03-05,3,0,281,8.77,8.77,0.0,141.47418,0.0
2019-03-05,3,0,282,0.0,0.0,0.0,0.0,0.0
2019-03-05,4,0,9,0.0,0.0,0.0,0.0,0.0
2019-03-05,4,0,17,0.0,0.0,0.0,0.0,0.0
2019-03-05,4,0,19,643.3,643.3,0.0,3687.429371,0.0
2019-03-05,4,0,20,780.2,780.2,0.0,4472.147357,0.0
2019-03-05,4,0,21,0.0,0.0,0.0,0.0,0.0
2019-03-05,4,0,22,0.0,0.0,0.0,0.0,0.0
2019-03-05,4,0,23,7.96,7.96,0.0,128.803219,0.0
2019-03-05,4,0,24,13.16,13.16,0.0,212.946025,0.0
2019-03-05,4,0,29,0.0,0.0,0.0,0.0,0.0
2019-03-05,4,0,30,0.0,0.0,0.0,0.0,0.0
2019-03-05,4,0,31,16.91,16.91,0.0,273.60483,0.0
2019-03-05,4,0,32,0.0,0.0,0.0,0.0,0.0
2019-03-05,4,0,33,0.0,0.0,0.0,0.0,0.0
2019-03-05,4,0,34,0.0,0.0,0.0,0.0,0.0
2019-03-05,4,0,35,0.0,0.0,0.0,0.0,0.0
2019-03-05,4,0,36,0.0,0.0,0.0,0.0,0.0
2019-03-05,4,0,37,0.0,0.0,0.0,0.0,0.0
2019-03-05,4,0,38,0.0,0.0,0.0,0.0,0.0
2019-03-05,4,0,39,0.0,0.0,0.0,0.0,0.0
2019-03-05,4,0,40,0.0,0.0,0.0,0.0,0.0
2019-03-05,4,0,41,12.7,12.7,0.0,203.964799,0.0
2019-03-05,4,0,42,0.0,0.0,0.0,0.0,0.0
2019-03-05,4,0,43,0.0,0.0,0.0,0.0,0.0
2019-03-05,4,0,46,0.0,0.0,0.0,0.0,0.0
2019-03-05,4,0,52,17.93,17.93,0.0,290.108492,0.0
2019-03-05,4,0,53,28.48,28.48,0.0,460.808134,0.0
2019-03-05,4,0,55,276.23,276.23,0.0,4469.762952,0.0
2019-03-05,4,0,56,0.0,0.0,0.0,0.0,0.0
2019-03-05,4,0,57,0.0,0.0,0.0,0.0,0.0
2019-03-05,4,0,58,0.0,0.0,0.0,0.0,0.0
2019-03-05,4,0,59,0.0,0.0,0.0,0.0,0.0
2019-03-05,4,0,63,18.41,18.41,0.0,360.54805,0.0
2019-03-05,4,0,64,21.66,21.66,0.0,424.197217,0.0
2019-03-05,4,0,65,41.4,41.4,0.0,408.862314,0.0
2019-03-05,4,0,67,0.0,0.0,0.0,0.0,0.0
2019-03-05,4,0,68,0.36,0.36,0.0,5.416825,0.0
2019-03-05,4,0,69,0.0,0.0,0.0,0.0,0.0
2019-03-05,4,0,74,2.16,2.16,0.0,32.910735,0.0
2019-03-05,4,0,77,14.08,14.08,0.0,225.572161,0.0
2019-03-05,4,0,78,10.65,10.65,0.0,170.620988,0.0
2019-03-05,4,0,79,6.16,6.16,0.0,98.687821,0.0
2019-03-05,4,0,80,9.96,9.96,0.0,159.566671,0.0
2019-03-05,4,0,81,13.03,13.03,0.0,208.750374,0.0
2019-03-05,4,0,82,9.19,9.19,0.0,147.230693,0.0
2019-03-05,4,0,83,20.49,20.49,0.0,328.265169,0.0
2019-03-05,4,0,84,0.0,0.0,0.0,0.0,0.0
2019-03-05,4,0,86,0.0,0.0,0.0,0.0,0.0
2019-03-05,4,0,87,0.0,0.0,0.0,0.0,0.0
2019-03-05,4,0,88,11.93,11.93,0.0,191.127549,0.0
2019-03-05,4,0,89,11.46,11.46,0.0,183.597796,0.0
2019-03-05,4,0,90,15.39,15.39,0.0,246.559344,0.0
2019-03-05,4,0,91,54.91,54.91,0.0,879.699387,0.0
2019-03-05,4,0,92,19.75,19.75,0.0,316.409814,0.0
2019-03-05,4,0,95,18.49,18.49,0.0,353.338065,0.0
2019-03-05,4,0,96,2.03,2.03,0.0,32.842876,0.0
2019-03-05,4,0,97,12.49,12.49,0.0,202.07267,0.0
2019-03-05,4,0,99,0.42,0.42,0.0,6.39931,0.0
2019-03-05,4,0,101,0.0,0.0,0.0,0.0,0.0
2019-03-05,4,0,102,0.85,0.85,0.0,12.789725,0.0
2019-03-05,4,0,103,0.74,0.74,0.0,11.134584,0.0
2019-03-05,4,0,104,0.14,0.14,0.0,2.106543,0.0
2019-03-05,4,0,106,0.0,0.0,0.0,0.0,0.0
2019-03-05,4,0,109,34.92,34.92,0.0,573.932201,0.0
2019-03-05,4,0,110,16.69,16.69,0.0,172.691831,0.0
2019-03-05,4,0,111,0.0,0.0,0.0,0.0,0.0
2019-03-05,4,0,113,3.9,3.9,0.0,63.260737,0.0
2019-03-05,4,0,115,3.9,3.9,0.0,63.260737,0.0
2019-03-05,4,0,116,0.0,0.0,0.0,0.0,0.0
2019-03-05,4,0,117,0.26,0.26,0.0,4.217382,0.0
2019-03-05,4,0,119,21.66,21.66,0.0,424.197217,0.0
2019-03-05,4,0,120,12.74,12.74,0.0,249.504734,0.0
2019-03-05,4,0,123,0.0,0.0,0.0,0.0,0.0
2019-03-05,4,0,125,12.07,12.07,0.0,195.308398,0.0
2019-03-05,4,0,126,0.0,0.0,0.0,0.0,0.0
2019-03-05,4,0,127,0.0,0.0,0.0,0.0,0.0
2019-03-05,4,0,128,16.39,16.39,0.0,265.211653,0.0
2019-03-05,4,0,131,1.49,1.49,0.0,22.880005,0.0
2019-03-05,4,0,132,2.2,2.2,0.0,33.782558,0.0
2019-03-05,4,0,133,111.41,111.41,0.0,1621.804551,0.0
2019-03-05,4,0,134,0.0,0.0,0.0,0.0,0.0
2019-03-05,4,0,135,153.69,153.69,0.0,2237.277995,0.0
2019-03-05,4,0,136,45.9,45.9,0.0,463.745613,0.0
2019-03-05,4,0,139,16.4,16.4,0.0,263.387614,0.0
2019-03-05,4,0,140,12.35,12.35,0.0,127.785747,0.0
2019-03-05,4,0,141,15.47,15.47,0.0,214.875689,0.0
2019-03-05,4,0,142,0.0,0.0,0.0,0.0,0.0
2019-03-05,4,0,143,26.8,26.8,0.0,433.625632,0.0
2019-03-05,4,0,145,3.04,3.04,0.0,49.465097,0.0
2019-03-05,4,0,146,9.25,9.25,0.0,95.709972,0.0
2019-03-05,4,0,152,0.0,0.0,0.0,0.0,0.0
2019-03-05,4,0,153,0.0,0.0,0.0,0.0,0.0
2019-03-05,4,0,154,0.0,0.0,0.0,0.0,0.0
2019-03-05,4,0,157,0.0,0.0,0.0,0.0,0.0
2019-03-05,4,0,158,0.0,0.0,0.0,0.0,0.0
2019-03-05,4,0,159,0.0,0.0,0.0,0.0,0.0
2019-03-05,4,0,160,0.0,0.0,0.0,0.0,0.0
2019-03-05,4,0,161,0.0,0.0,0.0,0.0,0.0
2019-03-05,4,0,162,6.17,6.17,0.0,117.933482,0.0
2019-03-05,4,0,163,15.54,15.54,0.0,160.792753,0.0
2019-03-05,4,0,164,0.0,0.0,0.0,0.0,0.0
2019-03-05,4,0,167,0.0,0.0,0.0,0.0,0.0
2019-03-05,4,0,168,0.0,0.0,0.0,0.0,0.0
2019-03-05,4,0,169,0.0,0.0,0.0,0.0,0.0
2019-03-05,4,0,170,0.0,0.0,0.0,0.0,0.0
2019-03-05,4,0,172,0.0,0.0,0.0,0.0,0.0
2019-03-05,4,0,173,0.0,0.0,0.0,0.0,0.0
2019-03-05,4,0,188,0.0,0.0,0.0,0.0,0.0
2019-03-05,4,0,190,0.0,0.0,0.0,0.0,0.0
2019-03-05,4,0,191,0.0,0.0,0.0,0.0,0.0
2019-03-05,4,0,192,24.89,24.89,0.0,487.454697,0.0
2019-03-05,4,0,194,22.87,22.87,0.0,394.928526,0.0
2019-03-05,4,0,196,0.0,0.0,0.0,0.0,0.0
2019-03-05,4,0,198,0.0,0.0,0.0,0.0,0.0
2019-03-05,4,0,199,8.74,8.74,0.0,126.032561,0.0
2019-03-05,4,0,200,0.0,0.0,0.0,0.0,0.0
2019-03-05,4,0,204,173.65,173.65,0.0,2867.771022,0.0
2019-03-05,4,0,205,184.71,184.71,0.0,3035.825225,0.0
2019-03-05,4,0,206,36.71,36.71,0.0,593.922156,0.0
2019-03-05,4,0,210,0.0,0.0,0.0,0.0,0.0
2019-03-05,4,0,214,0.0,0.0,0.0,0.0,0.0
2019-03-05,4,0,217,0.0,0.0,0.0,0.0,0.0
2019-03-05,4,0,218,0.0,0.0,0.0,0.0,0.0
2019-03-05,4,0,219,0.0,0.0,0.0,0.0,0.0
2019-03-05,4,0,221,0.0,0.0,0.0,0.0,0.0
2019-03-05,4,0,225,0.0,0.0,0.0,0.0,0.0
2019-03-05,4,0,233,0.0,0.0,0.0,0.0,0.0
2019-03-05,4,0,236,14.64,14.64,0.0,214.589642,0.0
2019-03-05,4,0,237,5.18,5.18,0.0,78.924819,0.0
2019-03-05,4,0,238,0.0,0.0,0.0,0.0,0.0
2019-03-05,4,0,240,0.0,0.0,0.0,0.0,0.0
2019-03-05,4,0,245,78.0,78.0,0.0,1014.583152,0.0
2019-03-05,4,0,247,171.72,171.72,0.0,2233.643831,0.0
2019-03-05,4,0,248,0.52,0.52,0.0,7.922955,0.0
2019-03-05,4,0,249,150.0,150.0,0.0,1951.121446,0.0
2019-03-05,4,0,251,326.4,326.4,0.0,3678.246255,0.0
2019-03-05,4,0,252,267.06,267.06,0.0,2637.458205,0.0
2019-03-05,4,0,254,0.0,0.0,0.0,0.0,0.0
2019-03-05,4,0,255,0.0,0.0,0.0,0.0,0.0
2019-03-05,4,0,258,0.0,0.0,0.0,0.0,0.0
2019-03-05,4,0,260,0.0,0.0,0.0,0.0,0.0
2019-03-05,4,0,265,0.0,0.0,0.0,0.0,0.0
2019-03-05,4,0,266,10.62,10.62,0.0,170.55954,0.0
2019-03-05,4,0,267,13.05,13.05,0.0,209.585876,0.0
2019-03-05,4,0,270,48.53,48.53,0.0,502.141075,0.0
2019-03-05,4,0,272,13.02,13.02,0.0,211.193538,0.0
2019-03-05,4,0,273,0.0,0.0,0.0,0.0,0.0
2019-03-05,4,0,274,62.56,62.56,0.0,647.309822,0.0
2019-03-05,4,0,275,87.08,87.08,0.0,901.018851,0.0
2019-03-05,4,0,276,0.0,0.0,0.0,0.0,0.0
2019-03-05,4,0,277,0.0,0.0,0.0,0.0,0.0
2019-03-05,4,0,278,0.0,0.0,0.0,0.0,0.0
2019-03-05,4,0,279,14.56,14.56,0.0,235.006233,0.0
2019-03-05,4,0,281,7.59,7.59,0.0,122.806662,0.0
2019-03-05,4,0,282,0.0,0.0,0.0,0.0,0.0
2019-03-05,5,0,9,0.0,0.0,0.0,0.0,0.0
2019-03-05,5,0,17,0.0,0.0,0.0,0.0,0.0
2019-03-05,5,0,19,643.3,643.3,0.0,8268.178033,0.0
2019-03-05,5,0,20,780.2,780.2,0.0,10027.720351,0.0
2019-03-05,5,0,21,0.0,0.0,0.0,0.0,0.0
2019-03-05,5,0,22,0.0,0.0,0.0,0.0,0.0
2019-03-05,5,0,23,5.03,5.03,0.0,92.792874,0.0
2019-03-05,5,0,24,8.91,8.91,0.0,164.370677,0.0
2019-03-05,5,0,29,0.0,0.0,0.0,0.0,0.0
2019-03-05,5,0,30,0.0,0.0,0.0,0.0,0.0
2019-03-05,5,0,31,14.6,14.6,0.0,269.632873,0.0
2019-03-05,5,0,32,0.0,0.0,0.0,0.0,0.0
2019-03-05,5,0,33,0.0,0.0,0.0,0.0,0.0
2019-03-05,5,0,34,0.0,0.0,0.0,0.0,0.0
2019-03-05,5,0,35,0.0,0.0,0.0,0.0,0.0
2019-03-05,5,0,36,0.0,0.0,0.0,0.0,0.0
2019-03-05,5,0,37,0.0,0.0,0.0,0.0,0.0
2019-03-05,5,0,38,0.0,0.0,0.0,0.0,0.0
2019-03-05,5,0,39,0.0,0.0,0.0,0.0,0.0
2019-03-05,5,0,40,0.0,0.0,0.0,0.0,0.0
2019-03-05,5,0,41,6.63,6.63,0.0,115.010622,0.0
2019-03-05,5,0,42,0.0,0.0,0.0,0.0,0.0
2019-03-05,5,0,43,0.0,0.0,0.0,0.0,0.0
2019-03-05,5,0,46,0.0,0.0,0.0,0.0,0.0
2019-03-05,5,0,52,15.48,15.48,0.0,285.884717,0.0
2019-03-05,5,0,53,24.59,24.59,0.0,454.128243,0.0
2019-03-05,5,0,55,130.95,130.95,0.0,2415.750861,0.0
2019-03-05,5,0,56,0.0,0.0,0.0,0.0,0.0
2019-03-05,5,0,57,0.0,0.0,0.0,0.0,0.0
2019-03-05,5,0,58,0.0,0.0,0.0,0.0,0.0
2019-03-05,5,0,59,0.0,0.0,0.0,0.0,0.0
2019-03-05,5,0,63,15.29,15.29,0.0,336.302959,0.0
2019-03-05,5,0,64,17.99,17.99,0.0,395.689354,0.0
2019-03-05,5,0,65,41.4,41.4,0.0,569.379626,0.0
2019-03-05,5,0,67,0.0,0.0,0.0,0.0,0.0
2019-03-05,5,0,68,0.0,0.0,0.0,0.0,0.0
2019-03-05,5,0,69,0.0,0.0,0.0,0.0,0.0
2019-03-05,5,0,74,2.56,2.56,0.0,39.99463,0.0
2019-03-05,5,0,77,6.64,6.64,0.0,135.258455,0.0
2019-03-05,5,0,78,5.02,5.02,0.0,102.258652,0.0
2019-03-05,5,0,79,2.91,2.91,0.0,59.277425,0.0
2019-03-05,5,0,80,4.7,4.7,0.0,95.740172,0.0
2019-03-05,5,0,81,6.14,6.14,0.0,125.073331,0.0
2019-03-05,5,0,82,4.33,4.33,0.0,88.203179,0.0
2019-03-05,5,0,83,9.66,9.66,0.0,196.776608,0.0
2019-03-05,5,0,84,0.0,0.0,0.0,0.0,0.0
2019-03-05,5,0,86,0.0,0.0,0.0,0.0,0.0
2019-03-05,5,0,87,0.0,0.0,0.0,0.0,0.0
2019-03-05,5,0,88,7.29,7.29,0.0,148.499117,0.0
2019-03-05,5,0,89,7.0,7.0,0.0,142.591745,0.0
2019-03-05,5,0,90,9.4,9.4,0.0,191.480343,0.0
2019-03-05,5,0,91,33.55,33.55,0.0,683.421864,0.0
2019-03-05,5,0,92,12.06,12.06,0.0,245.665207,0.0
2019-03-05,5,0,95,6.63,6.63,0.0,148.709154,0.0
2019-03-05,5,0,96,1.17,1.17,0.0,21.632165,0.0
2019-03-05,5,0,97,7.22,7.22,0.0,133.490795,0.0
2019-03-05,5,0,99,0.49,0.49,0.0,7.655222,0.0
2019-03-05,5,0,101,0.0,0.0,0.0,0.0,0.0
2019-03-05,5,0,102,0.0,0.0,0.0,0.0,0.0
2019-03-05,5,0,103,0.0,0.0,0.0,0.0,0.0
2019-03-05,5,0,104,0.0,0.0,0.0,0.0,0.0
2019-03-05,5,0,106,0.0,0.0,0.0,0.0,0.0
2019-03-05,5,0,109,29.34,29.34,0.0,491.440276,0.0
2019-03-05,5,0,110,25.57,25.57,0.0,550.017122,0.0
2019-03-05,5,0,111,0.0,0.0,0.0,0.0,0.0
2019-03-05,5,0,113,6.54,6.54,0.0,135.717255,0.0
2019-03-05,5,0,115,6.54,6.54,0.0,135.717255,0.0
2019-03-05,5,0,116,0.0,0.0,0.0,0.0,0.0
2019-03-05,5,0,117,0.31,0.31,0.0,6.433081,0.0
2019-03-05,5,0,119,17.99,17.99,0.0,395.689354,0.0
2019-03-05,5,0,120,10.58,10.58,0.0,232.706691,0.0
2019-03-05,5,0,123,0.0,0.0,0.0,0.0,0.0
2019-03-05,5,0,125,8.06,8.06,0.0,148.689973,0.0
2019-03-05,5,0,126,0.0,0.0,0.0,0.0,0.0
2019-03-05,5,0,127,0.0,0.0,0.0,0.0,0.0
2019-03-05,5,0,128,11.55,11.55,0.0,213.0731,0.0
2019-03-05,5,0,131,0.0,0.0,0.0,0.0,0.0
2019-03-05,5,0,132,0.0,0.0,0.0,0.0,0.0
2019-03-05,5,0,133,50.43,50.43,0.0,741.903341,0.0
2019-03-05,5,0,134,0.0,0.0,0.0,0.0,0.0
2019-03-05,5,0,135,71.85,71.85,0.0,1057.024688,0.0
2019-03-05,5,0,136,45.9,45.9,0.0,633.537496,0.0
2019-03-05,5,0,139,8.56,8.56,0.0,148.490336,0.0
2019-03-05,5,0,140,18.92,18.92,0.0,406.973952,0.0
2019-03-05,5,0,141,0.0,0.0,0.0,0.0,0.0
2019-03-05,5,0,142,0.0,0.0,0.0,0.0,0.0
2019-03-05,5,0,143,39.69,39.69,0.0,732.995118,0.0
2019-03-05,5,0,145,2.31,2.31,0.0,41.185568,0.0
2019-03-05,5,0,146,13.39,13.39,0.0,288.022263,0.0
2019-03-05,5,0,152,0.0,0.0,0.0,0.0,0.0
2019-03-05,5,0,153,0.0,0.0,0.0,0.0,0.0
2019-03-05,5,0,154,0.0,0.0,0.0,0.0,0.0
2019-03-05,5,0,157,6.07,6.07,0.0,126.727957,0.0
2019-03-05,5,0,158,0.0,0.0,0.0,0.0,0.0
2019-03-05,5,0,159,0.0,0.0,0.0,0.0,0.0
2019-03-05,5,0,160,0.0,0.0,0.0,0.0,0.0
2019-03-05,5,0,161,0.0,0.0,0.0,0.0,0.0
2019-03-05,5,0,162,4.87,4.87,0.0,109.194634,0.0
2019-03-05,5,0,163,7.86,7.86,0.0,169.070574,0.0
2019-03-05,5,0,164,0.0,0.0,0.0,0.0,0.0
2019-03-05,5,0,167,0.0,0.0,0.0,0.0,0.0
2019-03-05,5,0,168,0.0,0.0,0.0,0.0,0.0
2019-03-05,5,0,169,0.0,0.0,0.0,0.0,0.0
2019-03-05,5,0,170,0.0,0.0,0.0,0.0,0.0
2019-03-05,5,0,172,0.0,0.0,0.0,0.0,0.0
2019-03-05,5,0,173,0.0,0.0,0.0,0.0,0.0
2019-03-05,5,0,188,0.0,0.0,0.0,0.0,0.0
2019-03-05,5,0,190,0.0,0.0,0.0,0.0,0.0
2019-03-05,5,0,191,0.0,0.0,0.0,0.0,0.0
2019-03-05,5,0,192,19.96,19.96,0.0,439.019428,0.0
2019-03-05,5,0,194,19.28,19.28,0.0,403.996817,0.0
2019-03-05,5,0,196,0.0,0.0,0.0,0.0,0.0
2019-03-05,5,0,198,0.0,0.0,0.0,0.0,0.0
2019-03-05,5,0,199,8.6,8.6,0.0,118.291729,0.0
2019-03-05,5,0,200,0.0,0.0,0.0,0.0,0.0
2019-03-05,5,0,204,158.41,158.41,0.0,2669.699956,0.0
2019-03-05,5,0,205,155.2,155.2,0.0,2599.57501,0.0
2019-03-05,5,0,206,21.23,21.23,0.0,392.522102,0.0
2019-03-05,5,0,210,0.0,0.0,0.0,0.0,0.0
2019-03-05,5,0,214,0.0,0.0,0.0,0.0,0.0
2019-03-05,5,0,217,0.0,0.0,0.0,0.0,0.0
2019-03-05,5,0,218,0.0,0.0,0.0,0.0,0.0
2019-03-05,5,0,219,0.0,0.0,0.0,0.0,0.0
2019-03-05,5,0,221,0.0,0.0,0.0,0.0,0.0
2019-03-05,5,0,225,0.0,0.0,0.0,0.0,0.0
2019-03-05,5,0,233,0.0,0.0,0.0,0.0,0.0
2019-03-05,5,0,236,16.75,16.75,0.0,252.876045,0.0
2019-03-05,5,0,237,6.15,6.15,0.0,96.080849,0.0
2019-03-05,5,0,238,0.0,0.0,0.0,0.0,0.0
2019-03-05,5,0,240,0.0,0.0,0.0,0.0,0.0
2019-03-05,5,0,245,78.0,78.0,0.0,1114.630086,0.0
2019-03-05,5,0,247,171.72,171.72,0.0,2453.901004,0.0
2019-03-05,5,0,248,0.62,0.62,0.0,9.686199,0.0
2019-03-05,5,0,249,150.0,150.0,0.0,2143.519395,0.0
2019-03-05,5,0,251,326.4,326.4,0.0,4599.080768,0.0
2019-03-05,5,0,252,267.06,267.06,0.0,3672.911181,0.0
2019-03-05,5,0,254,0.0,0.0,0.0,0.0,0.0
2019-03-05,5,0,255,0.0,0.0,0.0,0.0,0.0
2019-03-05,5,0,258,0.0,0.0,0.0,0.0,0.0
2019-03-05,5,0,260,0.0,0.0,0.0,0.0,0.0
2019-03-05,5,0,265,0.0,0.0,0.0,0.0,0.0
2019-03-05,5,0,266,5.54,5.54,0.0,96.10239,0.0
2019-03-05,5,0,267,6.81,6.81,0.0,118.133083,0.0
2019-03-05,5,0,270,24.56,24.56,0.0,528.291768,0.0
2019-03-05,5,0,272,22.48,22.48,0.0,466.502124,0.0
2019-03-05,5,0,273,0.0,0.0,0.0,0.0,0.0
2019-03-05,5,0,274,31.66,31.66,0.0,681.014551,0.0
2019-03-05,5,0,275,44.07,44.07,0.0,947.956768,0.0
2019-03-05,5,0,276,0.0,0.0,0.0,0.0,0.0
2019-03-05,5,0,277,0.0,0.0,0.0,0.0,0.0
2019-03-05,5,0,278,0.0,0.0,0.0,0.0,0.0
2019-03-05,5,0,279,7.65,7.65,0.0,157.581389,0.0
2019-03-05,5,0,281,6.55,6.55,0.0,120.965433,0.0
2019-03-05,5,0,282,0.0,0.0,0.0,0.0,0.0
2019-03-05,6,0,9,0.0,0.0,0.0,0.0,0.0
2019-03-05,6,0,17,0.0,0.0,0.0,0.0,0.0
2019-03-05,6,0,19,643.3,643.3,0.0,4517.964081,0.0
2019-03-05,6,0,20,780.2,780.2,0.0,5479.427291,0.0
2019-03-05,6,0,21,0.0,0.0,0.0,0.0,0.0
2019-03-05,6,0,22,0.0,0.0,0.0,0.0,0.0
2019-03-05,6,0,23,2.53,2.53,0.0,71.789867,0.0
2019-03-05,6,0,24,4.48,4.48,0.0,127.121979,0.0
2019-03-05,6,0,29,0.0,0.0,0.0,0.0,0.0
2019-03-05,6,0,30,0.0,0.0,0.0,0.0,0.0
2019-03-05,6,0,31,12.5,12.5,0.0,354.976335,0.0
2019-03-05,6,0,32,0.0,0.0,0.0,0.0,0.0
2019-03-05,6,0,33,0.0,0.0,0.0,0.0,0.0
2019-03-05,6,0,34,0.0,0.0,0.0,0.0,0.0
2019-03-05,6,0,35,0.0,0.0,0.0,0.0,0.0
2019-03-05,6,0,36,0.0,0.0,0.0,0.0,0.0
2019-03-05,6,0,37,0.0,0.0,0.0,0.0,0.0
2019-03-05,6,0,38,0.0,0.0,0.0,0.0,0.0
2019-03-05,6,0,39,0.0,0.0,0.0,0.0,0.0
2019-03-05,6,0,40,0.0,0.0,0.0,0.0,0.0
2019-03-05,6,0,41,3.64,3.64,0.0,98.341537,0.0
2019-03-05,6,0,42,0.0,0.0,0.0,0.0,0.0
2019-03-05,6,0,43,0.0,0.0,0.0,0.0,0.0
2019-03-05,6,0,46,0.0,0.0,0.0,0.0,0.0
2019-03-05,6,0,52,13.25,13.25,0.0,376.274915,0.0
2019-03-05,6,0,53,21.04,21.04,0.0,597.496166,0.0
2019-03-05,6,0,55,31.69,31.69,0.0,899.217747,0.0
2019-03-05,6,0,56,0.0,0.0,0.0,0.0,0.0
2019-03-05,6,0,57,0.0,0.0,0.0,0.0,0.0
2019-03-05,6,0,58,0.0,0.0,0.0,0.0,0.0
2019-03-05,6,0,59,0.0,0.0,0.0,0.0,0.0
2019-03-05,6,0,63,14.07,14.07,0.0,456.255729,0.0
2019-03-05,6,0,64,16.55,16.55,0.0,536.67607,0.0
2019-03-05,6,0,65,41.4,41.4,0.0,612.085866,0.0
2019-03-05,6,0,67,0.0,0.0,0.0,0.0,0.0
2019-03-05,6,0,68,0.0,0.0,0.0,0.0,0.0
2019-03-05,6,0,69,0.0,0.0,0.0,0.0,0.0
2019-03-05,6,0,74,3.3,3.3,0.0,80.820686,0.0
2019-03-05,6,0,77,0.0,0.0,0.0,0.0,0.0
2019-03-05,6,0,78,0.0,0.0,0.0,0.0,0.0
2019-03-05,6,0,79,0.0,0.0,0.0,0.0,0.0
2019-03-05,6,0,80,0.0,0.0,0.0,0.0,0.0
2019-03-05,6,0,81,0.0,0.0,0.0,0.0,0.0
2019-03-05,6,0,82,0.0,0.0,0.0,0.0,0.0
2019-03-05,6,0,83,0.0,0.0,0.0,0.0,0.0
2019-03-05,6,0,84,0.0,0.0,0.0,0.0,0.0
2019-03-05,6,0,86,0.0,0.0,0.0,0.0,0.0
2019-03-05,6,0,87,0.0,0.0,0.0,0.0,0.0
2019-03-05,6,0,88,5.31,5.31,0.0,162.03704,0.0
2019-03-05,6,0,89,5.11,5.11,0.0,155.93395,0.0
2019-03-05,6,0,90,6.86,6.86,0.0,209.335988,0.0
2019-03-05,6,0,91,24.46,24.46,0.0,746.40791,0.0
2019-03-05,6,0,92,8.8,8.8,0.0,268.535961,0.0
2019-03-05,6,0,95,5.76,5.76,0.0,146.382874,0.0
2019-03-05,6,0,96,0.77,0.77,0.0,21.884781,0.0
2019-03-05,6,0,97,4.74,4.74,0.0,134.719304,0.0
2019-03-05,6,0,99,0.64,0.64,0.0,15.674315,0.0
2019-03-05,6,0,101,0.0,0.0,0.0,0.0,0.0
2019-03-05,6,0,102,0.0,0.0,0.0,0.0,0.0
2019-03-05,6,0,103,0.0,0.0,0.0,0.0,0.0
2019-03-05,6,0,104,0.0,0.0,0.0,0.0,0.0
2019-03-05,6,0,106,0.0,0.0,0.0,0.0,0.0
2019-03-05,6,0,109,25.89,25.89,0.0,687.521066,0.0
2019-03-05,6,0,110,37.68,37.68,0.0,1203.004235,0.0
2019-03-05,6,0,111,0.0,0.0,0.0,0.0,0.0
2019-03-05,6,0,113,7.36,7.36,0.0,227.675971,0.0
2019-03-05,6,0,115,7.36,7.36,0.0,227.675971,0.0
2019-03-05,6,0,116,0.0,0.0,0.0,0.0,0.0
2019-03-05,6,0,117,0.29,0.29,0.0,8.970928,0.0
2019-03-05,6,0,119,16.55,16.55,0.0,536.67607,0.0
2019-03-05,6,0,120,9.73,9.73,0.0,315.520131,0.0
2019-03-05,6,0,123,0.0,0.0,0.0,0.0,0.0
2019-03-05,6,0,125,4.05,4.05,0.0,114.920539,0.0
2019-03-05,6,0,126,0.0,0.0,0.0,0.0,0.0
2019-03-05,6,0,127,0.0,0.0,0.0,0.0,0.0
2019-03-05,6,0,128,5.81,5.81,0.0,164.861316,0.0
2019-03-05,6,0,131,0.0,0.0,0.0,0.0,0.0
2019-03-05,6,0,132,0.0,0.0,0.0,0.0,0.0
2019-03-05,6,0,133,41.94,41.94,0.0,989.3933,0.0
2019-03-05,6,0,134,0.0,0.0,0.0,0.0,0.0
2019-03-05,6,0,135,56.2,56.2,0.0,1325.796458,0.0
2019-03-05,6,0,136,45.9,45.9,0.0,698.174695,0.0
2019-03-05,6,0,139,4.71,4.71,0.0,127.249626,0.0
2019-03-05,6,0,140,27.89,27.89,0.0,890.440236,0.0
2019-03-05,6,0,141,0.0,0.0,0.0,0.0,0.0
2019-03-05,6,0,142,0.0,0.0,0.0,0.0,0.0
2019-03-05,6,0,143,54.1,54.1,0.0,1536.337576,0.0
2019-03-05,6,0,145,2.06,2.06,0.0,57.084167,0.0
2019-03-05,6,0,146,18.63,18.63,0.0,594.797476,0.0
2019-03-05,6,0,152,0.0,0.0,0.0,0.0,0.0
2019-03-05,6,0,153,0.0,0.0,0.0,0.0,0.0
2019-03-05,6,0,154,0.0,0.0,0.0,0.0,0.0
2019-03-05,6,0,157,8.52,8.52,0.0,265.258943,0.0
2019-03-05,6,0,158,0.0,0.0,0.0,0.0,0.0
2019-03-05,6,0,159,0.0,0.0,0.0,0.0,0.0
2019-03-05,6,0,160,0.0,0.0,0.0,0.0,0.0
2019-03-05,6,0,161,0.0,0.0,0.0,0.0,0.0
2019-03-05,6,0,162,3.95,3.95,0.0,100.312421,0.0
2019-03-05,6,0,163,6.91,6.91,0.0,220.61463,0.0
2019-03-05,6,0,164,0.0,0.0,0.0,0.0,0.0
2019-03-05,6,0,167,0.0,0.0,0.0,0.0,0.0
2019-03-05,6,0,168,0.0,0.0,0.0,0.0,0.0
2019-03-05,6,0,169,0.0,0.0,0.0,0.0,0.0
2019-03-05,6,0,170,0.0,0.0,0.0,0.0,0.0
2019-03-05,6,0,172,0.0,0.0,0.0,0.0,0.0
2019-03-05,6,0,173,0.0,0.0,0.0,0.0,0.0
2019-03-05,6,0,188,0.0,0.0,0.0,0.0,0.0
2019-03-05,6,0,190,0.0,0.0,0.0,0.0,0.0
2019-03-05,6,0,191,0.0,0.0,0.0,0.0,0.0
2019-03-05,6,0,192,20.34,20.34,0.0,659.576512,0.0
2019-03-05,6,0,194,17.12,17.12,0.0,532.982685,0.0
2019-03-05,6,0,196,0.0,0.0,0.0,0.0,0.0
2019-03-05,6,0,198,0.0,0.0,0.0,0.0,0.0
2019-03-05,6,0,199,8.52,8.52,0.0,149.621743,0.0
2019-03-05,6,0,200,0.0,0.0,0.0,0.0,0.0
2019-03-05,6,0,204,152.82,152.82,0.0,4084.112894,0.0
2019-03-05,6,0,205,136.97,136.97,0.0,3637.302448,0.0
2019-03-05,6,0,206,13.94,13.94,0.0,396.199809,0.0
2019-03-05,6,0,210,0.0,0.0,0.0,0.0,0.0
2019-03-05,6,0,214,0.0,0.0,0.0,0.0,0.0
2019-03-05,6,0,217,0.0,0.0,0.0,0.0,0.0
2019-03-05,6,0,218,0.0,0.0,0.0,0.0,0.0
2019-03-05,6,0,219,0.0,0.0,0.0,0.0,0.0
2019-03-05,6,0,221,0.0,0.0,0.0,0.0,0.0
2019-03-05,6,0,225,0.0,0.0,0.0,0.0,0.0
2019-03-05,6,0,233,0.0,0.0,0.0,0.0,0.0
2019-03-05,6,0,236,19.0,19.0,0.0,446.978573,0.0
2019-03-05,6,0,237,7.92,7.92,0.0,193.969647,0.0
2019-03-05,6,0,238,0.0,0.0,0.0,0.0,0.0
2019-03-05,6,0,240,0.0,0.0,0.0,0.0,0.0
2019-03-05,6,0,245,78.0,78.0,0.0,1617.956038,0.0
2019-03-05,6,0,247,171.72,171.72,0.0,3561.992446,0.0
2019-03-05,6,0,248,0.8,0.8,0.0,19.592894,0.0
2019-03-05,6,0,249,150.0,150.0,0.0,3111.453919,0.0
2019-03-05,6,0,251,326.4,326.4,0.0,5670.208941,0.0
2019-03-05,6,0,252,267.06,267.06,0.0,3948.397377,0.0
2019-03-05,6,0,254,0.0,0.0,0.0,0.0,0.0
2019-03-05,6,0,255,0.0,0.0,0.0,0.0,0.0
2019-03-05,6,0,258,0.0,0.0,0.0,0.0,0.0
2019-03-05,6,0,260,0.0,0.0,0.0,0.0,0.0
2019-03-05,6,0,265,0.0,0.0,0.0,0.0,0.0
2019-03-05,6,0,266,3.05,3.05,0.0,82.401562,0.0
2019-03-05,6,0,267,3.74,3.74,0.0,101.043227,0.0
2019-03-05,6,0,270,21.59,21.59,0.0,689.300993,0.0
2019-03-05,6,0,272,25.97,25.97,0.0,803.362089,0.0
2019-03-05,6,0,273,0.0,0.0,0.0,0.0,0.0
2019-03-05,6,0,274,27.83,27.83,0.0,888.524624,0.0
2019-03-05,6,0,275,38.73,38.73,0.0,1236.527442,0.0
2019-03-05,6,0,276,0.0,0.0,0.0,0.0,0.0
2019-03-05,6,0,277,0.0,0.0,0.0,0.0,0.0
2019-03-05,6,0,278,0.0,0.0,0.0,0.0,0.0
2019-03-05,6,0,279,5.53,5.53,0.0,170.137847,0.0
2019-03-05,6,0,281,5.62,5.62,0.0,159.59736,0.0
2019-03-05,6,0,282,0.0,0.0,0.0,0.0,0.0
2019-03-05,7,0,9,0.0,0.0,0.0,0.0,0.0
2019-03-05,7,0,17,0.0,0.0,0.0,0.0,0.0
2019-03-05,7,0,19,643.3,643.3,0.0,4576.399256,0.0
2019-03-05,7,0,20,780.2,780.2,0.0,5550.297994,0.0
2019-03-05,7,0,21,0.0,0.0,0.0,0.0,0.0
2019-03-05,7,0,22,0.0,0.0,0.0,0.0,0.0
2019-03-05,7,0,23,0.0,0.0,0.0,0.0,0.0
2019-03-05,7,0,24,0.0,0.0,0.0,0.0,0.0
2019-03-05,7,0,29,0.0,0.0,0.0,0.0,0.0
2019-03-05,7,0,30,0.0,0.0,0.0,0.0,0.0
2019-03-05,7,0,31,26.09,26.09,0.0,736.420507,0.0
2019-03-05,7,0,32,0.0,0.0,0.0,0.0,0.0
2019-03-05,7,0,33,0.0,0.0,0.0,0.0,0.0
2019-03-05,7,0,34,0.0,0.0,0.0,0.0,0.0
2019-03-05,7,0,35,0.0,0.0,0.0,0.0,0.0
2019-03-05,7,0,36,0.0,0.0,0.0,0.0,0.0
2019-03-05,7,0,37,0.0,0.0,0.0,0.0,0.0
2019-03-05,7,0,38,0.0,0.0,0.0,0.0,0.0
2019-03-05,7,0,39,0.0,0.0,0.0,0.0,0.0
2019-03-05,7,0,40,0.0,0.0,0.0,0.0,0.0
2019-03-05,7,0,41,1.94,1.94,0.0,52.027724,0.0
2019-03-05,7,0,42,0.0,0.0,0.0,0.0,0.0
2019-03-05,7,0,43,0.0,0.0,0.0,0.0,0.0
2019-03-05,7,0,46,0.0,0.0,0.0,0.0,0.0
2019-03-05,7,0,52,27.65,27.65,0.0,780.453316,0.0
2019-03-05,7,0,53,43.94,43.94,0.0,1240.257457,0.0
2019-03-05,7,0,55,17.1,17.1,0.0,482.265791,0.0
2019-03-05,7,0,56,0.0,0.0,0.0,0.0,0.0
2019-03-05,7,0,57,0.0,0.0,0.0,0.0,0.0
2019-03-05,7,0,58,0.0,0.0,0.0,0.0,0.0
2019-03-05,7,0,59,0.0,0.0,0.0,0.0,0.0
2019-03-05,7,0,63,14.73,14.73,0.0,477.657916,0.0
2019-03-05,7,0,64,17.33,17.33,0.0,561.969565,0.0
2019-03-05,7,0,65,41.4,41.4,0.0,612.085866,0.0
2019-03-05,7,0,67,0.0,0.0,0.0,0.0,0.0
2019-03-05,7,0,68,0.21,0.21,0.0,6.467828,0.0
2019-03-05,7,0,69,0.0,0.0,0.0,0.0,0.0
2019-03-05,7,0,74,4.57,4.57,0.0,111.122706,0.0
2019-03-05,7,0,77,4.3,4.3,0.0,130.826956,0.0
2019-03-05,7,0,78,3.25,3.25,0.0,98.880839,0.0
2019-03-05,7,0,79,1.88,1.88,0.0,57.198762,0.0
2019-03-05,7,0,80,3.05,3.05,0.0,92.795864,0.0
2019-03-05,7,0,81,3.98,3.98,0.0,121.090996,0.0
2019-03-05,7,0,82,2.81,2.81,0.0,85.493894,0.0
2019-03-05,7,0,83,6.26,6.26,0.0,190.459708,0.0
2019-03-05,7,0,84,0.0,0.0,0.0,0.0,0.0
2019-03-05,7,0,86,0.0,0.0,0.0,0.0,0.0
2019-03-05,7,0,87,0.0,0.0,0.0,0.0,0.0
2019-03-05,7,0,88,5.36,5.36,0.0,163.077322,0.0
2019-03-05,7,0,89,5.15,5.15,0.0,156.688098,0.0
2019-03-05,7,0,90,6.92,6.92,0.0,210.540124,0.0
2019-03-05,7,0,91,24.67,24.67,0.0,750.581627,0.0
2019-03-05,7,0,92,8.87,8.87,0.0,269.868627,0.0
2019-03-05,7,0,95,5.28,5.28,0.0,134.184301,0.0
2019-03-05,7,0,96,0.68,0.68,0.0,19.210476,0.0
2019-03-05,7,0,97,4.18,4.18,0.0,118.087928,0.0
2019-03-05,7,0,99,0.88,0.88,0.0,21.397808,0.0
2019-03-05,7,0,101,0.0,0.0,0.0,0.0,0.0
2019-03-05,7,0,102,0.49,0.49,0.0,15.091599,0.0
2019-03-05,7,0,103,0.42,0.42,0.0,12.935656,0.0
2019-03-05,7,0,104,0.08,0.08,0.0,2.463934,0.0
2019-03-05,7,0,106,0.0,0.0,0.0,0.0,0.0
2019-03-05,7,0,109,24.65,24.65,0.0,648.266529,0.0
2019-03-05,7,0,110,53.36,53.36,0.0,1702.081954,0.0
2019-03-05,7,0,111,0.0,0.0,0.0,0.0,0.0
2019-03-05,7,0,113,4.62,4.62,0.0,142.570664,0.0
2019-03-05,7,0,115,4.62,4.62,0.0,142.570664,0.0
2019-03-05,7,0,116,0.0,0.0,0.0,0.0,0.0
2019-03-05,7,0,117,0.19,0.19,0.0,5.863296,0.0
2019-03-05,7,0,119,17.33,17.33,0.0,561.969565,0.0
2019-03-05,7,0,120,10.19,10.19,0.0,330.436807,0.0
2019-03-05,7,0,123,0.0,0.0,0.0,0.0,0.0
2019-03-05,7,0,125,0.0,0.0,0.0,0.0,0.0
2019-03-05,7,0,126,0.0,0.0,0.0,0.0,0.0
2019-03-05,7,0,127,0.0,0.0,0.0,0.0,0.0
2019-03-05,7,0,128,0.0,0.0,0.0,0.0,0.0
2019-03-05,7,0,131,0.0,0.0,0.0,0.0,0.0
2019-03-05,7,0,132,0.0,0.0,0.0,0.0,0.0
2019-03-05,7,0,133,41.94,41.94,0.0,985.322195,0.0
2019-03-05,7,0,134,0.0,0.0,0.0,0.0,0.0
2019-03-05,7,0,135,56.2,56.2,0.0,1320.341139,0.0
2019-03-05,7,0,136,45.9,45.9,0.0,697.945803,0.0
2019-03-05,7,0,139,2.5,2.5,0.0,67.046035,0.0
2019-03-05,7,0,140,39.49,39.49,0.0,1259.655479,0.0
2019-03-05,7,0,141,0.0,0.0,0.0,0.0,0.0
2019-03-05,7,0,142,0.0,0.0,0.0,0.0,0.0
2019-03-05,7,0,143,30.02,30.02,0.0,847.349314,0.0
2019-03-05,7,0,145,2.26,2.26,0.0,62.167398,0.0
2019-03-05,7,0,146,25.07,25.07,0.0,799.685056,0.0
2019-03-05,7,0,152,0.0,0.0,0.0,0.0,0.0
2019-03-05,7,0,153,0.0,0.0,0.0,0.0,0.0
2019-03-05,7,0,154,0.0,0.0,0.0,0.0,0.0
2019-03-05,7,0,157,12.31,12.31,0.0,382.467923,0.0
2019-03-05,7,0,158,0.0,0.0,0.0,0.0,0.0
2019-03-05,7,0,159,0.0,0.0,0.0,0.0,0.0
2019-03-05,7,0,160,0.0,0.0,0.0,0.0,0.0
2019-03-05,7,0,161,0.0,0.0,0.0,0.0,0.0
2019-03-05,7,0,162,3.39,3.39,0.0,86.089114,0.0
2019-03-05,7,0,163,12.03,12.03,0.0,383.733994,0.0
2019-03-05,7,0,164,0.0,0.0,0.0,0.0,0.0
2019-03-05,7,0,167,0.0,0.0,0.0,0.0,0.0
2019-03-05,7,0,168,0.0,0.0,0.0,0.0,0.0
2019-03-05,7,0,169,0.0,0.0,0.0,0.0,0.0
2019-03-05,7,0,170,0.0,0.0,0.0,0.0,0.0
2019-03-05,7,0,172,0.0,0.0,0.0,0.0,0.0
2019-03-05,7,0,173,0.0,0.0,0.0,0.0,0.0
2019-03-05,7,0,188,0.0,0.0,0.0,0.0,0.0
2019-03-05,7,0,190,0.0,0.0,0.0,0.0,0.0
2019-03-05,7,0,191,0.0,0.0,0.0,0.0,0.0
2019-03-05,7,0,192,26.18,26.18,0.0,848.953445,0.0
2019-03-05,7,0,194,16.13,16.13,0.0,501.055198,0.0
2019-03-05,7,0,196,0.0,0.0,0.0,0.0,0.0
2019-03-05,7,0,198,0.0,0.0,0.0,0.0,0.0
2019-03-05,7,0,199,8.54,8.54,0.0,144.539121,0.0
2019-03-05,7,0,200,0.0,0.0,0.0,0.0,0.0
2019-03-05,7,0,204,157.84,157.84,0.0,4177.076138,0.0
2019-03-05,7,0,205,130.39,130.39,0.0,3429.106396,0.0
2019-03-05,7,0,206,12.28,12.28,0.0,346.918603,0.0
2019-03-05,7,0,210,0.0,0.0,0.0,0.0,0.0
2019-03-05,7,0,214,0.0,0.0,0.0,0.0,0.0
2019-03-05,7,0,217,0.0,0.0,0.0,0.0,0.0
2019-03-05,7,0,218,0.0,0.0,0.0,0.0,0.0
2019-03-05,7,0,219,0.0,0.0,0.0,0.0,0.0
2019-03-05,7,0,221,0.0,0.0,0.0,0.0,0.0
2019-03-05,7,0,225,0.0,0.0,0.0,0.0,0.0
2019-03-05,7,0,233,0.0,0.0,0.0,0.0,0.0
2019-03-05,7,0,236,21.53,21.53,0.0,503.591525,0.0
2019-03-05,7,0,237,10.97,10.97,0.0,266.743126,0.0
2019-03-05,7,0,238,0.0,0.0,0.0,0.0,0.0
2019-03-05,7,0,240,0.0,0.0,0.0,0.0,0.0
2019-03-05,7,0,245,78.0,78.0,0.0,1613.658347,0.0
2019-03-05,7,0,247,171.72,171.72,0.0,3552.530915,0.0
2019-03-05,7,0,248,1.1,1.1,0.0,26.74726,0.0
2019-03-05,7,0,249,150.0,150.0,0.0,3103.189129,0.0
2019-03-05,7,0,251,296.21,296.21,0.0,5135.738455,0.0
2019-03-05,7,0,252,267.06,267.06,0.0,3948.397377,0.0
2019-03-05,7,0,254,0.0,0.0,0.0,0.0,0.0
2019-03-05,7,0,255,0.0,0.0,0.0,0.0,0.0
2019-03-05,7,0,258,0.0,0.0,0.0,0.0,0.0
2019-03-05,7,0,260,0.0,0.0,0.0,0.0,0.0
2019-03-05,7,0,265,0.0,0.0,0.0,0.0,0.0
2019-03-05,7,0,266,1.62,1.62,0.0,43.445831,0.0
2019-03-05,7,0,267,1.99,1.99,0.0,53.368644,0.0
2019-03-05,7,0,270,37.56,37.56,0.0,1198.09217,0.0
2019-03-05,7,0,272,16.43,16.43,0.0,507.020781,0.0
2019-03-05,7,0,273,0.0,0.0,0.0,0.0,0.0
2019-03-05,7,0,274,48.42,48.42,0.0,1544.505402,0.0
2019-03-05,7,0,275,67.4,67.4,0.0,2149.931104,0.0
2019-03-05,7,0,276,0.0,0.0,0.0,0.0,0.0
2019-03-05,7,0,277,0.0,0.0,0.0,0.0,0.0
2019-03-05,7,0,278,0.0,0.0,0.0,0.0,0.0
2019-03-05,7,0,279,7.11,7.11,0.0,218.171928,0.0
2019-03-05,7,0,281,11.7,11.7,0.0,330.246069,0.0
2019-03-05,7,0,282,0.0,0.0,0.0,0.0,0.0
2019-03-05,8,0,9,0.0,0.0,0.0,0.0,0.0
2019-03-05,8,0,17,1.03,1.03,0.0,7.204701,0.0
2019-03-05,8,0,19,605.38,605.38,0.0,4234.545468,0.0
2019-03-05,8,0,20,753.44,753.44,0.0,5270.203735,0.0
2019-03-05,8,0,21,0.0,0.0,0.0,0.0,0.0
2019-03-05,8,0,22,0.0,0.0,0.0,0.0,0.0
2019-03-05,8,0,23,0.0,0.0,0.0,0.0,0.0
2019-03-05,8,0,24,0.0,0.0,0.0,0.0,0.0
2019-03-05,8,0,29,0.59,0.59,0.0,5.936336,0.0
2019-03-05,8,0,30,0.0,0.0,0.0,0.0,0.0
2019-03-05,8,0,31,11.41,11.41,0.0,252.081549,0.0
2019-03-05,8,0,32,0.11,0.11,0.0,2.602301,0.0
2019-03-05,8,0,33,0.07,0.07,0.0,1.547543,0.0
2019-03-05,8,0,34,0.11,0.11,0.0,2.431853,0.0
2019-03-05,8,0,35,0.11,0.11,0.0,2.431853,0.0
2019-03-05,8,0,36,0.01,0.01,0.0,0.167197,0.0
2019-03-05,8,0,37,0.01,0.01,0.0,0.174672,0.0
2019-03-05,8,0,38,0.02,0.02,0.0,0.349343,0.0
2019-03-05,8,0,39,0.01,0.01,0.0,0.174672,0.0
2019-03-05,8,0,40,0.01,0.01,0.0,0.174672,0.0
2019-03-05,8,0,41,2.48,2.48,0.0,56.18337,0.0
2019-03-05,8,0,42,0.0,0.0,0.0,0.0,0.0
2019-03-05,8,0,43,0.22,0.22,0.0,3.959627,0.0
2019-03-05,8,0,46,0.0,0.0,0.0,0.0,0.0
2019-03-05,8,0,52,12.1,12.1,0.0,267.325744,0.0
2019-03-05,8,0,53,19.22,19.22,0.0,424.628165,0.0
2019-03-05,8,0,55,20.9,20.9,0.0,461.698448,0.0
2019-03-05,8,0,56,0.0,0.0,0.0,0.0,0.0
2019-03-05,8,0,57,0.0,0.0,0.0,0.0,0.0
2019-03-05,8,0,58,0.0,0.0,0.0,0.0,0.0
2019-03-05,8,0,59,0.0,0.0,0.0,0.0,0.0
2019-03-05,8,0,63,8.7,8.7,0.0,203.124164,0.0
2019-03-05,8,0,64,10.22,10.22,0.0,238.612523,0.0
2019-03-05,8,0,65,41.4,41.4,0.0,612.085866,0.0
2019-03-05,8,0,67,0.0,0.0,0.0,0.0,0.0
2019-03-05,8,0,68,0.0,0.0,0.0,0.0,0.0
2019-03-05,8,0,69,0.07,0.07,0.0,1.547543,0.0
2019-03-05,8,0,74,7.21,7.21,0.0,167.980515,0.0
2019-03-05,8,0,77,3.4,3.4,0.0,76.331629,0.0
2019-03-05,8,0,78,2.57,2.57,0.0,57.697732,0.0
2019-03-05,8,0,79,1.48,1.48,0.0,33.226709,0.0
2019-03-05,8,0,80,2.4,2.4,0.0,53.88115,0.0
2019-03-05,8,0,81,3.14,3.14,0.0,70.494505,0.0
2019-03-05,8,0,82,2.21,2.21,0.0,49.615559,0.0
2019-03-05,8,0,83,4.95,4.95,0.0,111.129872,0.0
2019-03-05,8,0,84,0.0,0.0,0.0,0.0,0.0
2019-03-05,8,0,86,0.34,0.34,0.0,7.516638,0.0
2019-03-05,8,0,87,1.71,1.71,0.0,37.804266,0.0
2019-03-05,8,0,88,4.07,4.07,0.0,91.37345,0.0
2019-03-05,8,0,89,3.92,3.92,0.0,88.005879,0.0
2019-03-05,8,0,90,5.12,5.12,0.0,114.946454,0.0
2019-03-05,8,0,91,16.05,16.05,0.0,360.330192,0.0
2019-03-05,8,0,92,6.42,6.42,0.0,144.132077,0.0
2019-03-05,8,0,95,7.17,7.17,0.0,169.781855,0.0
2019-03-05,8,0,96,0.59,0.59,0.0,13.036249,0.0
2019-03-05,8,0,97,3.6,3.6,0.0,79.543216,0.0
2019-03-05,8,0,99,1.39,1.39,0.0,32.384593,0.0
2019-03-05,8,0,101,0.0,0.0,0.0,0.0,0.0
2019-03-05,8,0,102,0.0,0.0,0.0,0.0,0.0
2019-03-05,8,0,103,0.0,0.0,0.0,0.0,0.0
2019-03-05,8,0,104,0.0,0.0,0.0,0.0,0.0
2019-03-05,8,0,106,0.0,0.0,0.0,0.0,0.0
2019-03-05,8,0,109,42.89,42.89,0.0,915.879827,0.0
2019-03-05,8,0,110,40.47,40.47,0.0,931.723022,0.0
2019-03-05,8,0,111,0.0,0.0,0.0,0.0,0.0
2019-03-05,8,0,113,7.1,7.1,0.0,159.804528,0.0
2019-03-05,8,0,115,7.1,7.1,0.0,159.804528,0.0
2019-03-05,8,0,116,0.0,0.0,0.0,0.0,0.0
2019-03-05,8,0,117,0.37,0.37,0.0,8.327842,0.0
2019-03-05,8,0,119,10.22,10.22,0.0,238.612523,0.0
2019-03-05,8,0,120,6.03,6.03,0.0,140.786058,0.0
2019-03-05,8,0,123,0.0,0.0,0.0,0.0,0.0
2019-03-05,8,0,125,0.0,0.0,0.0,0.0,0.0
2019-03-05,8,0,126,0.0,0.0,0.0,0.0,0.0
2019-03-05,8,0,127,0.0,0.0,0.0,0.0,0.0
2019-03-05,8,0,128,0.0,0.0,0.0,0.0,0.0
2019-03-05,8,0,131,0.0,0.0,0.0,0.0,0.0
2019-03-05,8,0,132,0.0,0.0,0.0,0.0,0.0
2019-03-05,8,0,133,41.94,41.94,0.0,994.905878,0.0
2019-03-05,8,0,134,0.0,0.0,0.0,0.0,0.0
2019-03-05,8,0,135,56.2,56.2,0.0,1333.183365,0.0
2019-03-05,8,0,136,45.9,45.9,0.0,698.245882,0.0
2019-03-05,8,0,139,3.2,3.2,0.0,72.494671,0.0
2019-03-05,8,0,140,29.95,29.95,0.0,689.525686,0.0
2019-03-05,8,0,141,0.0,0.0,0.0,0.0,0.0
2019-03-05,8,0,142,0.0,0.0,0.0,0.0,0.0
2019-03-05,8,0,143,14.45,14.45,0.0,319.24438,0.0
2019-03-05,8,0,145,1.51,1.51,0.0,32.972707,0.0
2019-03-05,8,0,146,14.67,14.67,0.0,337.740962,0.0
2019-03-05,8,0,152,0.0,0.0,0.0,0.0,0.0
2019-03-05,8,0,153,0.0,0.0,0.0,0.0,0.0
2019-03-05,8,0,154,0.0,0.0,0.0,0.0,0.0
2019-03-05,8,0,157,5.83,5.83,0.0,132.223771,0.0
2019-03-05,8,0,158,0.0,0.0,0.0,0.0,0.0
2019-03-05,8,0,159,0.0,0.0,0.0,0.0,0.0
2019-03-05,8,0,160,0.03,0.03,0.0,0.435722,0.0
2019-03-05,8,0,161,0.0,0.0,0.0,0.0,0.0
2019-03-05,8,0,162,5.66,5.66,0.0,133.991447,0.0
2019-03-05,8,0,163,10.52,10.52,0.0,242.197336,0.0
2019-03-05,8,0,164,0.0,0.0,0.0,0.0,0.0
2019-03-05,8,0,167,0.17,0.17,0.0,4.026552,0.0
2019-03-05,8,0,168,0.09,0.09,0.0,2.131704,0.0
2019-03-05,8,0,169,0.0,0.0,0.0,0.0,0.0
2019-03-05,8,0,170,0.19,0.19,0.0,4.500265,0.0
2019-03-05,8,0,172,0.23,0.23,0.0,5.607257,0.0
2019-03-05,8,0,173,0.35,0.35,0.0,8.532782,0.0
2019-03-05,8,0,188,0.21,0.21,0.0,4.995251,0.0
2019-03-05,8,0,190,0.0,0.0,0.0,0.0,0.0
2019-03-05,8,0,191,0.0,0.0,0.0,0.0,0.0
2019-03-05,8,0,192,24.73,24.73,0.0,577.386272,0.0
2019-03-05,8,0,194,17.82,17.82,0.0,400.55362,0.0
2019-03-05,8,0,196,0.0,0.0,0.0,0.0,0.0
2019-03-05,8,0,198,0.3,0.3,0.0,4.416036,0.0
2019-03-05,8,0,199,12.96,12.96,0.0,185.080965,0.0
2019-03-05,8,0,200,0.44,0.44,0.0,6.283613,0.0
2019-03-05,8,0,204,237.68,237.68,0.0,5010.332037,0.0
2019-03-05,8,0,205,226.87,226.87,0.0,4844.617775,0.0
2019-03-05,8,0,206,10.57,10.57,0.0,233.547722,0.0
2019-03-05,8,0,210,0.18,0.18,0.0,1.866453,0.0
2019-03-05,8,0,214,0.69,0.69,0.0,14.966419,0.0
2019-03-05,8,0,217,0.58,0.58,0.0,9.638298,0.0
2019-03-05,8,0,218,0.8,0.8,0.0,13.294204,0.0
2019-03-05,8,0,219,0.54,0.54,0.0,8.973588,0.0
2019-03-05,8,0,221,0.37,0.37,0.0,8.025471,0.0
2019-03-05,8,0,225,0.51,0.51,0.0,5.116259,0.0
2019-03-05,8,0,233,0.19,0.19,0.0,4.200474,0.0
2019-03-05,8,0,236,38.18,38.18,0.0,879.900771,0.0
2019-03-05,8,0,237,17.29,17.29,0.0,402.827061,0.0
2019-03-05,8,0,238,0.0,0.0,0.0,0.0,0.0
2019-03-05,8,0,240,0.02,0.02,0.0,0.334395,0.0
2019-03-05,8,0,245,78.0,78.0,0.0,1638.586512,0.0
2019-03-05,8,0,247,171.72,171.72,0.0,3607.411228,0.0
2019-03-05,8,0,248,1.74,1.74,0.0,40.538987,0.0
2019-03-05,8,0,249,150.0,150.0,0.0,3151.127907,0.0
2019-03-05,8,0,251,326.4,326.4,0.0,5654.237572,0.0
2019-03-05,8,0,252,267.06,267.06,0.0,3948.397377,0.0
2019-03-05,8,0,254,0.29,0.29,0.0,3.938308,0.0
2019-03-05,8,0,255,0.13,0.13,0.0,1.765449,0.0
2019-03-05,8,0,258,0.02,0.02,0.0,0.338525,0.0
2019-03-05,8,0,260,0.08,0.08,0.0,1.161926,0.0
2019-03-05,8,0,265,0.0,0.0,0.0,0.0,0.0
2019-03-05,8,0,266,2.07,2.07,0.0,46.89499,0.0
2019-03-05,8,0,267,2.55,2.55,0.0,57.769191,0.0
2019-03-05,8,0,270,32.86,32.86,0.0,756.521336,0.0
2019-03-05,8,0,272,24.58,24.58,0.0,553.238774,0.0
2019-03-05,8,0,273,0.0,0.0,0.0,0.0,0.0
2019-03-05,8,0,274,42.35,42.35,0.0,975.005435,0.0
2019-03-05,8,0,275,58.96,58.96,0.0,1357.410164,0.0
2019-03-05,8,0,276,0.0,0.0,0.0,0.0,0.0
2019-03-05,8,0,277,0.0,0.0,0.0,0.0,0.0
2019-03-05,8,0,278,0.0,0.0,0.0,0.0,0.0
2019-03-05,8,0,279,6.66,6.66,0.0,149.748417,0.0
2019-03-05,8,0,281,5.12,5.12,0.0,113.116348,0.0
2019-03-05,8,0,282,0.0,0.0,0.0,0.0,0.0
2019-03-05,9,0,9,0.85,0.85,0.0,13.426328,0.0
2019-03-05,9,0,17,13.43,13.43,0.0,212.52947,0.0
2019-03-05,9,0,19,475.02,475.02,0.0,7517.181612,0.0
2019-03-05,9,0,20,589.85,589.85,0.0,9334.363972,0.0
2019-03-05,9,0,21,19.37,19.37,0.0,305.962328,0.0
2019-03-05,9,0,22,68.83,68.83,0.0,1087.216677,0.0
2019-03-05,9,0,23,0.0,0.0,0.0,0.0,0.0
2019-03-05,9,0,24,0.0,0.0,0.0,0.0,0.0
2019-03-05,9,0,29,3.21,3.21,0.0,32.094773,0.0
2019-03-05,9,0,30,143.24,143.24,0.0,2263.128654,0.0
2019-03-05,9,0,31,16.18,16.18,0.0,255.636845,0.0
2019-03-05,9,0,32,1.97,1.97,0.0,40.980799,0.0
2019-03-05,9,0,33,0.92,0.92,0.0,14.758778,0.0
2019-03-05,9,0,34,1.46,1.46,0.0,23.421539,0.0
2019-03-05,9,0,35,1.46,1.46,0.0,23.421539,0.0
2019-03-05,9,0,36,3.59,3.59,0.0,54.718844,0.0
2019-03-05,9,0,37,1.71,1.71,0.0,25.98815,0.0
2019-03-05,9,0,38,2.2,2.2,0.0,33.435047,0.0
2019-03-05,9,0,39,1.47,1.47,0.0,22.34069,0.0
2019-03-05,9,0,40,1.47,1.47,0.0,22.34069,0.0
2019-03-05,9,0,41,5.89,5.89,0.0,92.140106,0.0
2019-03-05,9,0,42,11.87,11.87,0.0,187.283723,0.0
2019-03-05,9,0,43,11.09,11.09,0.0,166.598905,0.0
2019-03-05,9,0,46,9.96,9.96,0.0,151.413073,0.0
2019-03-05,9,0,52,17.16,17.16,0.0,271.120411,0.0
2019-03-05,9,0,53,27.42,27.42,0.0,433.223874,0.0
2019-03-05,9,0,55,25.34,25.34,0.0,400.262539,0.0
2019-03-05,9,0,56,42.25,42.25,0.0,667.531315,0.0
2019-03-05,9,0,57,40.19,40.19,0.0,634.984226,0.0
2019-03-05,9,0,58,77.29,77.29,0.0,1221.147819,0.0
2019-03-05,9,0,59,76.0,76.0,0.0,1200.76639,0.0
2019-03-05,9,0,63,4.87,4.87,0.0,104.095725,0.0
2019-03-05,9,0,64,5.73,5.73,0.0,122.478133,0.0
2019-03-05,9,0,65,41.4,41.4,0.0,654.792106,0.0
2019-03-05,9,0,67,86.83,86.83,0.0,1171.090511,0.0
2019-03-05,9,0,68,0.0,0.0,0.0,0.0,0.0
2019-03-05,9,0,69,0.92,0.92,0.0,14.758778,0.0
2019-03-05,9,0,74,13.75,13.75,0.0,214.573555,0.0
2019-03-05,9,0,77,1.55,1.55,0.0,25.07788,0.0
2019-03-05,9,0,78,1.17,1.17,0.0,18.929755,0.0
2019-03-05,9,0,79,0.68,0.68,0.0,11.001909,0.0
2019-03-05,9,0,80,1.1,1.1,0.0,17.797206,0.0
2019-03-05,9,0,81,1.44,1.44,0.0,23.29816,0.0
2019-03-05,9,0,82,1.01,1.01,0.0,16.341071,0.0
2019-03-05,9,0,83,2.26,2.26,0.0,36.565168,0.0
2019-03-05,9,0,84,0.0,0.0,0.0,0.0,0.0
2019-03-05,9,0,86,4.64,4.64,0.0,74.435574,0.0
2019-03-05,9,0,87,23.68,23.68,0.0,379.878104,0.0
2019-03-05,9,0,88,5.55,5.55,0.0,89.794991,0.0
2019-03-05,9,0,89,5.3,5.3,0.0,85.750172,0.0
2019-03-05,9,0,90,7.44,7.44,0.0,120.373826,0.0
2019-03-05,9,0,91,27.95,27.95,0.0,452.210813,0.0
2019-03-05,9,0,92,9.84,9.84,0.0,159.204093,0.0
2019-03-05,9,0,95,9.72,9.72,0.0,202.706736,0.0
2019-03-05,9,0,96,0.59,0.59,0.0,9.32413,0.0
2019-03-05,9,0,97,3.63,3.63,0.0,57.367105,0.0
2019-03-05,9,0,99,2.65,2.65,0.0,41.354176,0.0
2019-03-05,9,0,101,2.89,2.89,0.0,45.660722,0.0
2019-03-05,9,0,102,0.0,0.0,0.0,0.0,0.0
2019-03-05,9,0,103,0.0,0.0,0.0,0.0,0.0
2019-03-05,9,0,104,0.0,0.0,0.0,0.0,0.0
2019-03-05,9,0,106,67.75,67.75,0.0,1070.157342,0.0
2019-03-05,9,0,109,65.01,65.01,0.0,1002.534496,0.0
2019-03-05,9,0,110,30.27,30.27,0.0,270.777494,0.0
2019-03-05,9,0,111,4.82,4.82,0.0,75.401581,0.0
2019-03-05,9,0,113,3.52,3.52,0.0,58.311733,0.0
2019-03-05,9,0,115,3.52,3.52,0.0,58.311733,0.0
2019-03-05,9,0,116,34.78,34.78,0.0,311.121283,0.0
2019-03-05,9,0,117,0.24,0.24,0.0,3.9758,0.0
2019-03-05,9,0,119,5.73,5.73,0.0,122.478133,0.0
2019-03-05,9,0,120,3.37,3.37,0.0,72.033387,0.0
2019-03-05,9,0,123,1.13,1.13,0.0,17.849119,0.0
2019-03-05,9,0,125,0.0,0.0,0.0,0.0,0.0
2019-03-05,9,0,126,50.82,50.82,0.0,802.736474,0.0
2019-03-05,9,0,127,65.21,65.21,0.0,1030.036314,0.0
2019-03-05,9,0,128,0.0,0.0,0.0,0.0,0.0
2019-03-05,9,0,131,0.0,0.0,0.0,0.0,0.0
2019-03-05,9,0,132,0.0,0.0,0.0,0.0,0.0
2019-03-05,9,0,133,41.94,41.94,0.0,663.734181,0.0
2019-03-05,9,0,134,0.0,0.0,0.0,0.0,0.0
2019-03-05,9,0,135,56.2,56.2,0.0,889.410133,0.0
2019-03-05,9,0,136,45.9,45.9,0.0,725.943126,0.0
2019-03-05,9,0,139,7.6,7.6,0.0,118.89046,0.0
2019-03-05,9,0,140,22.4,22.4,0.0,200.377135,0.0
2019-03-05,9,0,141,0.0,0.0,0.0,0.0,0.0
2019-03-05,9,0,142,114.5,114.5,0.0,1544.280358,0.0
2019-03-05,9,0,143,31.92,31.92,0.0,504.321884,0.0
2019-03-05,9,0,145,1.3,1.3,0.0,20.358079,0.0
2019-03-05,9,0,146,7.9,7.9,0.0,70.668722,0.0
2019-03-05,9,0,152,2.58,2.58,0.0,40.132345,0.0
2019-03-05,9,0,153,3.31,3.31,0.0,51.445839,0.0
2019-03-05,9,0,154,19.9,19.9,0.0,311.305283,0.0
2019-03-05,9,0,157,0.0,0.0,0.0,0.0,0.0
2019-03-05,9,0,158,66.89,66.89,0.0,902.156447,0.0
2019-03-05,9,0,159,0.0,0.0,0.0,0.0,0.0
2019-03-05,9,0,160,0.9,0.9,0.0,13.127739,0.0
2019-03-05,9,0,161,17.23,17.23,0.0,257.937847,0.0
2019-03-05,9,0,162,8.99,8.99,0.0,187.516692,0.0
2019-03-05,9,0,163,9.13,9.13,0.0,81.671573,0.0
2019-03-05,9,0,164,4.97,4.97,0.0,78.523802,0.0
2019-03-05,9,0,167,2.27,2.27,0.0,47.298271,0.0
2019-03-05,9,0,168,1.14,1.14,0.0,23.753317,0.0
2019-03-05,9,0,169,0.0,0.0,0.0,0.0,0.0
2019-03-05,9,0,170,2.49,2.49,0.0,51.882244,0.0
2019-03-05,9,0,172,3.02,3.02,0.0,63.982474,0.0
2019-03-05,9,0,173,4.6,4.6,0.0,97.456749,0.0
2019-03-05,9,0,188,3.98,3.98,0.0,82.650767,0.0
2019-03-05,9,0,190,2.98,2.98,0.0,63.697179,0.0
2019-03-05,9,0,191,7.7,7.7,0.0,164.586671,0.0
2019-03-05,9,0,192,23.51,23.51,0.0,502.523718,0.0
2019-03-05,9,0,194,14.46,14.46,0.0,260.720434,0.0
2019-03-05,9,0,196,1.93,1.93,0.0,44.14781,0.0
2019-03-05,9,0,198,4.13,4.13,0.0,55.841795,0.0
2019-03-05,9,0,199,18.9,18.9,0.0,238.94054,0.0
2019-03-05,9,0,200,7.33,7.33,0.0,92.668474,0.0
2019-03-05,9,0,204,194.03,194.03,0.0,2990.784506,0.0
2019-03-05,9,0,205,366.15,366.15,0.0,5646.485242,0.0
2019-03-05,9,0,206,10.66,10.66,0.0,168.466483,0.0
2019-03-05,9,0,210,1.02,1.02,0.0,10.398232,0.0
2019-03-05,9,0,214,5.18,5.18,0.0,83.770598,0.0
2019-03-05,9,0,217,3.69,3.69,0.0,50.031448,0.0
2019-03-05,9,0,218,5.1,5.1,0.0,69.149156,0.0
2019-03-05,9,0,219,3.47,3.47,0.0,47.048543,0.0
2019-03-05,9,0,221,2.76,2.76,0.0,44.634527,0.0
2019-03-05,9,0,225,2.89,2.89,0.0,28.840599,0.0
2019-03-05,9,0,233,2.62,2.62,0.0,42.030432,0.0
2019-03-05,9,0,236,69.1,69.1,0.0,1084.862986,0.0
2019-03-05,9,0,237,32.98,32.98,0.0,514.664425,0.0
2019-03-05,9,0,238,15.45,15.45,0.0,243.76862,0.0
2019-03-05,9,0,240,4.07,4.07,0.0,62.035012,0.0
2019-03-05,9,0,245,78.0,78.0,0.0,1236.856619,0.0
2019-03-05,9,0,247,171.72,171.72,0.0,2722.987419,0.0
2019-03-05,9,0,248,3.31,3.31,0.0,51.653707,0.0
2019-03-05,9,0,249,150.0,150.0,0.0,2378.570422,0.0
2019-03-05,9,0,251,326.4,326.4,0.0,5157.732667,0.0
2019-03-05,9,0,252,267.06,267.06,0.0,4223.883572,0.0
2019-03-05,9,0,254,6.04,6.04,0.0,90.074637,0.0
2019-03-05,9,0,255,2.77,2.77,0.0,41.309064,0.0
2019-03-05,9,0,258,5.04,5.04,0.0,76.641036,0.0
2019-03-05,9,0,260,2.19,2.19,0.0,31.944165,0.0
2019-03-05,9,0,265,20.6,20.6,0.0,322.25572,0.0
2019-03-05,9,0,266,4.92,4.92,0.0,76.965929,0.0
2019-03-05,9,0,267,6.05,6.05,0.0,94.643064,0.0
2019-03-05,9,0,270,28.52,28.52,0.0,255.12303,0.0
2019-03-05,9,0,272,11.74,11.74,0.0,194.482881,0.0
2019-03-05,9,0,273,8.32,8.32,0.0,74.425793,0.0
2019-03-05,9,0,274,36.77,36.77,0.0,328.922645,0.0
2019-03-05,9,0,275,51.18,51.18,0.0,457.825971,0.0
2019-03-05,9,0,276,1.86,1.86,0.0,18.524644,0.0
2019-03-05,9,0,277,2.38,2.38,0.0,39.057839,0.0
2019-03-05,9,0,278,3.82,3.82,0.0,62.689473,0.0
2019-03-05,9,0,279,6.4,6.4,0.0,105.029484,0.0
2019-03-05,9,0,281,7.21,7.21,0.0,113.914811,0.0
2019-03-05,9,0,282,78.57,78.57,0.0,1241.371253,0.0
2019-03-05,10,0,9,1.91,1.91,0.0,21.696718,0.0
2019-03-05,10,0,17,32.12,32.12,0.0,382.300555,0.0
2019-03-05,10,0,19,349.46,349.46,0.0,4159.363388,0.0
2019-03-05,10,0,20,433.01,433.01,0.0,5153.797118,0.0
2019-03-05,10,0,21,43.68,43.68,0.0,496.18462,0.0
2019-03-05,10,0,22,155.22,155.22,0.0,1763.22749,0.0
2019-03-05,10,0,23,0.0,0.0,0.0,0.0,0.0
2019-03-05,10,0,24,0.0,0.0,0.0,0.0,0.0
2019-03-05,10,0,29,5.92,5.92,0.0,57.151975,0.0
2019-03-05,10,0,30,345.24,345.24,0.0,3921.165958,0.0
2019-03-05,10,0,31,37.09,37.09,0.0,421.260704,0.0
2019-03-05,10,0,32,4.07,4.07,0.0,78.769717,0.0
2019-03-05,10,0,33,1.78,1.78,0.0,21.514044,0.0
2019-03-05,10,0,34,2.85,2.85,0.0,34.446643,0.0
2019-03-05,10,0,35,2.85,2.85,0.0,34.446643,0.0
2019-03-05,10,0,36,7.17,7.17,0.0,82.573969,0.0
2019-03-05,10,0,37,3.4,3.4,0.0,39.088521,0.0
2019-03-05,10,0,38,4.37,4.37,0.0,50.240247,0.0
2019-03-05,10,0,39,2.91,2.91,0.0,33.455176,0.0
2019-03-05,10,0,40,2.91,2.91,0.0,33.455176,0.0
2019-03-05,10,0,41,11.6,11.6,0.0,133.064021,0.0
2019-03-05,10,0,42,19.05,19.05,0.0,225.97706,0.0
2019-03-05,10,0,43,22.02,22.02,0.0,252.138685,0.0
2019-03-05,10,0,46,20.03,20.03,0.0,229.600174,0.0
2019-03-05,10,0,52,39.34,39.34,0.0,446.815748,0.0
2019-03-05,10,0,53,62.73,62.73,0.0,712.474628,0.0
2019-03-05,10,0,55,30.62,30.62,0.0,347.829054,0.0
2019-03-05,10,0,56,101.83,101.83,0.0,1156.564504,0.0
2019-03-05,10,0,57,96.86,96.86,0.0,1100.116252,0.0
2019-03-05,10,0,58,186.28,186.28,0.0,2115.730491,0.0
2019-03-05,10,0,59,183.17,183.17,0.0,2080.407741,0.0
2019-03-05,10,0,63,5.11,5.11,0.0,101.458047,0.0
2019-03-05,10,0,64,6.01,6.01,0.0,119.327371,0.0
2019-03-05,10,0,65,41.4,41.4,0.0,492.446311,0.0
2019-03-05,10,0,67,200.61,200.61,0.0,2075.723123,0.0
2019-03-05,10,0,68,0.0,0.0,0.0,0.0,0.0
2019-03-05,10,0,69,1.78,1.78,0.0,21.514044,0.0
2019-03-05,10,0,74,41.87,41.87,0.0,489.871153,0.0
2019-03-05,10,0,77,1.82,1.82,0.0,20.378085,0.0
2019-03-05,10,0,78,1.37,1.37,0.0,15.339547,0.0
2019-03-05,10,0,79,0.79,0.79,0.0,8.845432,0.0
2019-03-05,10,0,80,1.28,1.28,0.0,14.33184,0.0
2019-03-05,10,0,81,1.68,1.68,0.0,18.81054,0.0
2019-03-05,10,0,82,1.18,1.18,0.0,13.212165,0.0
2019-03-05,10,0,83,2.64,2.64,0.0,29.55942,0.0
2019-03-05,10,0,84,0.0,0.0,0.0,0.0,0.0
2019-03-05,10,0,86,9.04,9.04,0.0,109.262335,0.0
2019-03-05,10,0,87,46.13,46.13,0.0,557.552158,0.0
2019-03-05,10,0,88,4.11,4.11,0.0,46.018642,0.0
2019-03-05,10,0,89,3.93,3.93,0.0,44.003227,0.0
2019-03-05,10,0,90,5.46,5.46,0.0,61.134254,0.0
2019-03-05,10,0,91,20.23,20.23,0.0,226.510249,0.0
2019-03-05,10,0,92,7.17,7.17,0.0,80.280696,0.0
2019-03-05,10,0,95,32.39,32.39,0.0,627.231547,0.0
2019-03-05,10,0,96,0.7,0.7,0.0,7.949185,0.0
2019-03-05,10,0,97,4.28,4.28,0.0,48.603587,0.0
2019-03-05,10,0,99,8.61,8.61,0.0,100.735386,0.0
2019-03-05,10,0,101,6.95,6.95,0.0,78.936692,0.0
2019-03-05,10,0,102,0.0,0.0,0.0,0.0,0.0
2019-03-05,10,0,103,0.0,0.0,0.0,0.0,0.0
2019-03-05,10,0,104,0.0,0.0,0.0,0.0,0.0
2019-03-05,10,0,106,152.8,152.8,0.0,1735.737408,0.0
2019-03-05,10,0,109,91.65,91.65,0.0,1053.396715,0.0
2019-03-05,10,0,110,21.77,21.77,0.0,194.741528,0.0
2019-03-05,10,0,111,10.21,10.21,0.0,117.11928,0.0
2019-03-05,10,0,113,5.27,5.27,0.0,59.308978,0.0
2019-03-05,10,0,115,5.27,5.27,0.0,59.308978,0.0
2019-03-05,10,0,116,78.97,78.97,0.0,706.418854,0.0
2019-03-05,10,0,117,0.35,0.35,0.0,3.938926,0.0
2019-03-05,10,0,119,6.01,6.01,0.0,119.327371,0.0
2019-03-05,10,0,120,3.53,3.53,0.0,70.087457,0.0
2019-03-05,10,0,123,2.55,2.55,0.0,28.966822,0.0
2019-03-05,10,0,125,0.0,0.0,0.0,0.0,0.0
2019-03-05,10,0,126,114.6,114.6,0.0,1301.803056,0.0
2019-03-05,10,0,127,147.07,147.07,0.0,1670.647255,0.0
2019-03-05,10,0,128,0.0,0.0,0.0,0.0,0.0
2019-03-05,10,0,131,0.0,0.0,0.0,0.0,0.0
2019-03-05,10,0,132,0.0,0.0,0.0,0.0,0.0
2019-03-05,10,0,133,41.94,41.94,0.0,499.210058,0.0
2019-03-05,10,0,134,0.0,0.0,0.0,0.0,0.0
2019-03-05,10,0,135,56.2,56.2,0.0,668.94624,0.0
2019-03-05,10,0,136,45.9,45.9,0.0,545.954386,0.0
2019-03-05,10,0,139,14.97,14.97,0.0,171.721413,0.0
2019-03-05,10,0,140,16.11,16.11,0.0,144.11052,0.0
2019-03-05,10,0,141,0.0,0.0,0.0,0.0,0.0
2019-03-05,10,0,142,264.55,264.55,0.0,2737.313953,0.0
2019-03-05,10,0,143,66.67,66.67,0.0,757.224349,0.0
2019-03-05,10,0,145,2.95,2.95,0.0,33.655453,0.0
2019-03-05,10,0,146,0.0,0.0,0.0,0.0,0.0
2019-03-05,10,0,152,5.2,5.2,0.0,60.752555,0.0
2019-03-05,10,0,153,6.62,6.62,0.0,77.276036,0.0
2019-03-05,10,0,154,42.14,42.14,0.0,483.389469,0.0
2019-03-05,10,0,157,0.0,0.0,0.0,0.0,0.0
2019-03-05,10,0,158,190.02,190.02,0.0,1966.147788,0.0
2019-03-05,10,0,159,0.0,0.0,0.0,0.0,0.0
2019-03-05,10,0,160,1.77,1.77,0.0,20.092351,0.0
2019-03-05,10,0,161,38.28,38.28,0.0,413.606431,0.0
2019-03-05,10,0,162,25.54,25.54,0.0,494.736052,0.0
2019-03-05,10,0,163,4.47,4.47,0.0,39.985973,0.0
2019-03-05,10,0,164,12.02,12.02,0.0,136.520724,0.0
2019-03-05,10,0,167,4.65,4.65,0.0,89.984497,0.0
2019-03-05,10,0,168,2.33,2.33,0.0,45.089006,0.0
2019-03-05,10,0,169,0.0,0.0,0.0,0.0,0.0
2019-03-05,10,0,170,5.09,5.09,0.0,98.499159,0.0
2019-03-05,10,0,172,6.15,6.15,0.0,118.151144,0.0
2019-03-05,10,0,173,9.38,9.38,0.0,180.20451,0.0
2019-03-05,10,0,188,8.28,8.28,0.0,158.581411,0.0
2019-03-05,10,0,190,6.69,6.69,0.0,132.828637,0.0
2019-03-05,10,0,191,17.28,17.28,0.0,343.09101,0.0
2019-03-05,10,0,192,22.55,22.55,0.0,447.725826,0.0
2019-03-05,10,0,194,6.45,6.45,0.0,75.131278,0.0
2019-03-05,10,0,196,4.3,4.3,0.0,88.199979,0.0
2019-03-05,10,0,198,7.91,7.91,0.0,87.389152,0.0
2019-03-05,10,0,199,26.59,26.59,0.0,281.649085,0.0
2019-03-05,10,0,200,14.72,14.72,0.0,155.918561,0.0
2019-03-05,10,0,204,146.1,146.1,0.0,1676.849587,0.0
2019-03-05,10,0,205,541.27,541.27,0.0,6221.189742,0.0
2019-03-05,10,0,206,12.57,12.57,0.0,142.744646,0.0
2019-03-05,10,0,210,1.86,1.86,0.0,18.144439,0.0
2019-03-05,10,0,214,9.77,9.77,0.0,119.155774,0.0
2019-03-05,10,0,217,6.88,6.88,0.0,76.573078,0.0
2019-03-05,10,0,218,9.49,9.49,0.0,105.621876,0.0
2019-03-05,10,0,219,6.47,6.47,0.0,72.009857,0.0
2019-03-05,10,0,221,5.21,5.21,0.0,63.541615,0.0
2019-03-05,10,0,225,5.3,5.3,0.0,51.114755,0.0
2019-03-05,10,0,233,5.11,5.11,0.0,61.762227,0.0
2019-03-05,10,0,236,118.86,118.86,0.0,1402.381321,0.0
2019-03-05,10,0,237,97.84,97.84,0.0,1144.709663,0.0
2019-03-05,10,0,238,24.8,24.8,0.0,294.185359,0.0
2019-03-05,10,0,240,8.12,8.12,0.0,93.514732,0.0
2019-03-05,10,0,245,78.0,78.0,0.0,930.504592,0.0
2019-03-05,10,0,247,171.72,171.72,0.0,2048.541648,0.0
2019-03-05,10,0,248,10.68,10.68,0.0,124.953998,0.0
2019-03-05,10,0,249,150.0,150.0,0.0,1789.431907,0.0
2019-03-05,10,0,251,326.4,326.4,0.0,3878.498685,0.0
2019-03-05,10,0,252,267.06,267.06,0.0,3176.635551,0.0
2019-03-05,10,0,254,11.82,11.82,0.0,135.051066,0.0
2019-03-05,10,0,255,5.42,5.42,0.0,61.926969,0.0
2019-03-05,10,0,258,10.05,10.05,0.0,115.634379,0.0
2019-03-05,10,0,260,4.31,4.31,0.0,48.925442,0.0
2019-03-05,10,0,265,43.63,43.63,0.0,500.481313,0.0
2019-03-05,10,0,266,9.7,9.7,0.0,111.269052,0.0
2019-03-05,10,0,267,11.92,11.92,0.0,136.734752,0.0
2019-03-05,10,0,270,13.95,13.95,0.0,124.788439,0.0
2019-03-05,10,0,272,17.6,17.6,0.0,198.07173,0.0
2019-03-05,10,0,273,18.88,18.88,0.0,168.889299,0.0
2019-03-05,10,0,274,17.98,17.98,0.0,160.838432,0.0
2019-03-05,10,0,275,25.03,25.03,0.0,223.903557,0.0
2019-03-05,10,0,276,4.15,4.15,0.0,38.422221,0.0
2019-03-05,10,0,277,5.22,5.22,0.0,58.626304,0.0
2019-03-05,10,0,278,8.35,8.35,0.0,93.779625,0.0
2019-03-05,10,0,279,6.33,6.33,0.0,71.092817,0.0
2019-03-05,10,0,281,16.53,16.53,0.0,187.74439,0.0
2019-03-05,10,0,282,189.38,189.38,0.0,2150.939663,0.0
2019-03-05,11,0,9,3.05,3.05,0.0,-915.989243,0.0
2019-03-05,11,0,17,47.68,47.68,0.0,329.617315,0.0
2019-03-05,11,0,19,192.99,192.99,0.0,1334.162029,0.0
2019-03-05,11,0,20,234.06,234.06,0.0,1618.083654,0.0
2019-03-05,11,0,21,69.65,69.65,0.0,-20917.59042,0.0
2019-03-05,11,0,22,247.53,247.53,0.0,-74339.284375,0.0
2019-03-05,11,0,23,1.87,1.87,0.0,-561.60652,0.0
2019-03-05,11,0,24,3.31,3.31,0.0,-994.073572,0.0
2019-03-05,11,0,29,9.04,9.04,0.0,49.267213,0.0
2019-03-05,11,0,30,559.94,559.94,0.0,-559940.0,0.0
2019-03-05,11,0,31,49.9,49.9,0.0,-49900.0,0.0
2019-03-05,11,0,32,6.15,6.15,0.0,156.065353,0.0
2019-03-05,11,0,33,2.67,2.67,0.0,26.20666,0.0
2019-03-05,11,0,34,4.28,4.28,0.0,42.009178,0.0
2019-03-05,11,0,35,4.28,4.28,0.0,42.009178,0.0
2019-03-05,11,0,36,11.03,11.03,0.0,29.976052,0.0
2019-03-05,11,0,37,5.26,5.26,0.0,14.355644,0.0
2019-03-05,11,0,38,6.76,6.76,0.0,18.449459,0.0
2019-03-05,11,0,39,4.51,4.51,0.0,12.308737,0.0
2019-03-05,11,0,40,4.51,4.51,0.0,12.308737,0.0
2019-03-05,11,0,41,6.51,6.51,0.0,-50.250985,0.0
2019-03-05,11,0,42,30.82,30.82,0.0,193.674061,0.0
2019-03-05,11,0,43,33.76,33.76,0.0,111.586156,0.0
2019-03-05,11,0,46,30.23,30.23,0.0,65.026848,0.0
2019-03-05,11,0,52,53.04,53.04,0.0,-53040.0,0.0
2019-03-05,11,0,53,86.39,86.39,0.0,-86390.0,0.0
2019-03-05,11,0,55,95.21,95.21,0.0,-28593.880602,0.0
2019-03-05,11,0,56,165.16,165.16,0.0,-165160.0,0.0
2019-03-05,11,0,57,157.11,157.11,0.0,-157110.0,0.0
2019-03-05,11,0,58,302.13,302.13,0.0,-302130.0,0.0
2019-03-05,11,0,59,297.09,297.09,0.0,-297090.0,0.0
2019-03-05,11,0,63,8.4,8.4,0.0,228.401928,0.0
2019-03-05,11,0,64,9.88,9.88,0.0,268.644173,0.0
2019-03-05,11,0,65,41.4,41.4,0.0,281.365012,0.0
2019-03-05,11,0,67,324.93,324.93,0.0,5563.455028,0.0
2019-03-05,11,0,68,1.05,1.05,0.0,21.260776,0.0
2019-03-05,11,0,69,2.67,2.67,0.0,26.20666,0.0
2019-03-05,11,0,74,46.52,46.52,0.0,152.129903,0.0
2019-03-05,11,0,77,3.56,3.56,0.0,83.353021,0.0
2019-03-05,11,0,78,2.69,2.69,0.0,62.983041,0.0
2019-03-05,11,0,79,1.56,1.56,0.0,36.525481,0.0
2019-03-05,11,0,80,2.52,2.52,0.0,59.0027,0.0
2019-03-05,11,0,81,3.29,3.29,0.0,77.031303,0.0
2019-03-05,11,0,82,2.32,2.32,0.0,54.319946,0.0
2019-03-05,11,0,83,5.18,5.18,0.0,121.283328,0.0
2019-03-05,11,0,84,0.0,0.0,0.0,0.0,0.0
2019-03-05,11,0,86,13.54,13.54,0.0,132.898193,0.0
2019-03-05,11,0,87,69.11,69.11,0.0,678.330437,0.0
2019-03-05,11,0,88,4.3,4.3,0.0,100.67921,0.0
2019-03-05,11,0,89,4.13,4.13,0.0,96.698869,0.0
2019-03-05,11,0,90,5.55,5.55,0.0,129.946423,0.0
2019-03-05,11,0,91,19.79,19.79,0.0,463.358505,0.0
2019-03-05,11,0,92,7.12,7.12,0.0,166.706041,0.0
2019-03-05,11,0,95,44.66,44.66,0.0,1134.975549,0.0
2019-03-05,11,0,96,1.54,1.54,0.0,48.691105,0.0
2019-03-05,11,0,97,11.34,11.34,0.0,358.543588,0.0
2019-03-05,11,0,99,9.98,9.98,0.0,32.636639,0.0
2019-03-05,11,0,101,11.28,11.28,0.0,-11280.0,0.0
2019-03-05,11,0,102,2.48,2.48,0.0,50.215927,0.0
2019-03-05,11,0,103,2.16,2.16,0.0,43.736452,0.0
2019-03-05,11,0,104,0.4,0.4,0.0,8.099343,0.0
2019-03-05,11,0,106,243.67,243.67,0.0,-73180.032415,0.0
2019-03-05,11,0,109,46.76,46.76,0.0,46.666456,0.0
2019-03-05,11,0,110,21.86,21.86,0.0,165.002415,0.0
2019-03-05,11,0,111,16.03,16.03,0.0,-123.736295,0.0
2019-03-05,11,0,113,6.54,6.54,0.0,145.205405,0.0
2019-03-05,11,0,115,6.54,6.54,0.0,145.205405,0.0
2019-03-05,11,0,116,124.02,124.02,0.0,936.120744,0.0
2019-03-05,11,0,117,0.44,0.44,0.0,9.769171,0.0
2019-03-05,11,0,119,9.88,9.88,0.0,268.644173,0.0
2019-03-05,11,0,120,5.81,5.81,0.0,157.978,0.0
2019-03-05,11,0,123,4.06,4.06,0.0,-1219.316829,0.0
2019-03-05,11,0,125,3.0,3.0,0.0,-900.973026,0.0
2019-03-05,11,0,126,182.75,182.75,0.0,-54884.2735,0.0
2019-03-05,11,0,127,234.53,234.53,0.0,-70435.067929,0.0
2019-03-05,11,0,128,4.29,4.29,0.0,-1288.391427,0.0
2019-03-05,11,0,131,1.0,1.0,0.0,21.083309,0.0
2019-03-05,11,0,132,1.47,1.47,0.0,30.992464,0.0
2019-03-05,11,0,133,41.94,41.94,0.0,290.397789,0.0
2019-03-05,11,0,134,0.0,0.0,0.0,0.0,0.0
2019-03-05,11,0,135,56.2,56.2,0.0,389.135806,0.0
2019-03-05,11,0,136,45.9,45.9,0.0,311.653703,0.0
2019-03-05,11,0,139,8.41,8.41,0.0,-64.917171,0.0
2019-03-05,11,0,140,16.18,16.18,0.0,122.12896,0.0
2019-03-05,11,0,141,0.0,0.0,0.0,0.0,0.0
2019-03-05,11,0,142,428.5,428.5,0.0,7336.781705,0.0
2019-03-05,11,0,143,81.63,81.63,0.0,-81630.0,0.0
2019-03-05,11,0,145,10.05,10.05,0.0,-21.841101,0.0
2019-03-05,11,0,146,0.0,0.0,0.0,0.0,0.0
2019-03-05,11,0,152,8.08,8.08,0.0,30.238046,0.0
2019-03-05,11,0,153,10.05,10.05,0.0,36.200598,0.0
2019-03-05,11,0,154,66.12,66.12,0.0,-510.383272,0.0
2019-03-05,11,0,157,0.0,0.0,0.0,0.0,0.0
2019-03-05,11,0,158,311.5,311.5,0.0,5333.50642,0.0
2019-03-05,11,0,159,0.0,0.0,0.0,0.0,0.0
2019-03-05,11,0,160,2.75,2.75,0.0,13.742077,0.0
2019-03-05,11,0,161,61.43,61.43,0.0,1243.856609,0.0
2019-03-05,11,0,162,58.96,58.96,0.0,1499.699887,0.0
2019-03-05,11,0,163,9.15,9.15,0.0,69.065512,0.0
2019-03-05,11,0,164,19.17,19.17,0.0,-19170.0,0.0
2019-03-05,11,0,167,7.07,7.07,0.0,179.33184,0.0
2019-03-05,11,0,168,3.53,3.53,0.0,89.539094,0.0
2019-03-05,11,0,169,0.0,0.0,0.0,0.0,0.0
2019-03-05,11,0,170,7.73,7.73,0.0,196.072861,0.0
2019-03-05,11,0,172,9.46,9.46,0.0,229.217535,0.0
2019-03-05,11,0,173,14.42,14.42,0.0,349.399245,0.0
2019-03-05,11,0,188,12.55,12.55,0.0,313.53205,0.0
2019-03-05,11,0,190,10.25,10.25,0.0,278.704734,0.0
2019-03-05,11,0,191,26.47,26.47,0.0,719.737981,0.0
2019-03-05,11,0,192,22.21,22.21,0.0,603.905575,0.0
2019-03-05,11,0,194,11.05,11.05,0.0,258.567863,0.0
2019-03-05,11,0,196,6.7,6.7,0.0,203.588818,0.0
2019-03-05,11,0,198,12.07,12.07,0.0,90.503195,0.0
2019-03-05,11,0,199,40.8,40.8,0.0,694.644144,0.0
2019-03-05,11,0,200,21.9,21.9,0.0,372.86046,0.0
2019-03-05,11,0,204,152.18,152.18,0.0,120.180956,0.0
2019-03-05,11,0,205,305.73,305.73,0.0,305.118386,0.0
2019-03-05,11,0,206,43.34,43.34,0.0,1370.3068,0.0
2019-03-05,11,0,210,2.77,2.77,0.0,17.184118,0.0
2019-03-05,11,0,214,14.79,14.79,0.0,170.439217,0.0
2019-03-05,11,0,217,10.22,10.22,0.0,94.334442,0.0
2019-03-05,11,0,218,14.11,14.11,0.0,130.240604,0.0
2019-03-05,11,0,219,9.61,9.61,0.0,88.703912,0.0
2019-03-05,11,0,221,7.89,7.89,0.0,90.923964,0.0
2019-03-05,11,0,225,7.9,7.9,0.0,42.479264,0.0
2019-03-05,11,0,233,7.66,7.66,0.0,75.18465,0.0
2019-03-05,11,0,236,109.26,109.26,0.0,584.619634,0.0
2019-03-05,11,0,237,103.71,103.71,0.0,339.152886,0.0
2019-03-05,11,0,238,40.11,40.11,0.0,252.052777,0.0
2019-03-05,11,0,240,12.5,12.5,0.0,33.971047,0.0
2019-03-05,11,0,245,78.0,78.0,0.0,572.741349,0.0
2019-03-05,11,0,247,171.72,171.72,0.0,1260.912109,0.0
2019-03-05,11,0,248,12.35,12.35,0.0,40.387023,0.0
2019-03-05,11,0,249,150.0,150.0,0.0,1101.425671,0.0
2019-03-05,11,0,251,326.4,326.4,0.0,2155.674224,0.0
2019-03-05,11,0,252,267.06,267.06,0.0,1815.008212,0.0
2019-03-05,11,0,254,18.32,18.32,0.0,68.330305,0.0
2019-03-05,11,0,255,8.4,8.4,0.0,31.330489,0.0
2019-03-05,11,0,258,15.43,15.43,0.0,43.398185,0.0
2019-03-05,11,0,260,6.68,6.68,0.0,33.380754,0.0
2019-03-05,11,0,265,68.46,68.46,0.0,-528.445838,0.0
2019-03-05,11,0,266,5.45,5.45,0.0,-42.068797,0.0
2019-03-05,11,0,267,6.69,6.69,0.0,-51.640413,0.0
2019-03-05,11,0,270,30.96,30.96,0.0,233.69052,0.0
2019-03-05,11,0,272,21.84,21.84,0.0,484.906125,0.0
2019-03-05,11,0,273,29.66,29.66,0.0,223.877933,0.0
2019-03-05,11,0,274,40.43,40.43,0.0,305.171438,0.0
2019-03-05,11,0,275,57.04,57.04,0.0,430.5461,0.0
2019-03-05,11,0,276,6.59,6.59,0.0,63.829329,0.0
2019-03-05,11,0,277,8.2,8.2,0.0,186.043357,0.0
2019-03-05,11,0,278,13.12,13.12,0.0,297.669372,0.0
2019-03-05,11,0,279,14.06,14.06,0.0,318.996293,0.0
2019-03-05,11,0,281,21.76,21.76,0.0,-21760.0,0.0
2019-03-05,11,0,282,307.16,307.16,0.0,-307160.0,0.0
2019-03-05,12,0,9,4.01,4.01,0.0,-1542.190716,0.0
2019-03-05,12,0,17,60.2,60.2,0.0,677.544862,0.0
2019-03-05,12,0,19,192.99,192.99,0.0,2172.082773,0.0
2019-03-05,12,0,20,234.06,234.06,0.0,2634.321435,0.0
2019-03-05,12,0,21,91.79,91.79,0.0,-35301.168529,0.0
2019-03-05,12,0,22,326.22,326.22,0.0,-125459.714537,0.0
2019-03-05,12,0,23,2.8,2.8,0.0,-1076.841398,0.0
2019-03-05,12,0,24,4.69,4.69,0.0,-1803.709341,0.0
2019-03-05,12,0,29,11.22,11.22,0.0,55.495547,0.0
2019-03-05,12,0,30,732.76,732.76,0.0,-732760.0,0.0
2019-03-05,12,0,31,60.18,60.18,0.0,-60180.0,0.0
2019-03-05,12,0,32,7.62,7.62,0.0,170.656502,0.0
2019-03-05,12,0,33,3.5,3.5,0.0,49.060982,0.0
2019-03-05,12,0,34,5.6,5.6,0.0,78.497571,0.0
2019-03-05,12,0,35,5.6,5.6,0.0,78.497571,0.0
2019-03-05,12,0,36,14.6,14.6,0.0,105.748559,0.0
2019-03-05,12,0,37,6.98,6.98,0.0,50.669487,0.0
2019-03-05,12,0,38,8.97,8.97,0.0,65.115373,0.0
2019-03-05,12,0,39,5.98,5.98,0.0,43.410248,0.0
2019-03-05,12,0,40,5.98,5.98,0.0,43.410248,0.0
2019-03-05,12,0,41,3.21,3.21,0.0,-11.946646,0.0
2019-03-05,12,0,42,41.69,41.69,0.0,444.25195,0.0
2019-03-05,12,0,43,44.33,44.33,0.0,338.010179,0.0
2019-03-05,12,0,46,39.15,39.15,0.0,271.29537,0.0
2019-03-05,12,0,52,63.79,63.79,0.0,-63790.0,0.0
2019-03-05,12,0,53,101.35,101.35,0.0,-101350.0,0.0
2019-03-05,12,0,55,161.35,161.35,0.0,-62052.985533,0.0
2019-03-05,12,0,56,216.14,216.14,0.0,-216140.0,0.0
2019-03-05,12,0,57,205.59,205.59,0.0,-205590.0,0.0
2019-03-05,12,0,58,395.37,395.37,0.0,-395370.0,0.0
2019-03-05,12,0,59,388.78,388.78,0.0,-388780.0,0.0
2019-03-05,12,0,63,13.5,13.5,0.0,323.629856,0.0
2019-03-05,12,0,64,15.88,15.88,0.0,380.684602,0.0
2019-03-05,12,0,65,41.4,41.4,0.0,461.347536,0.0
2019-03-05,12,0,67,432.32,432.32,0.0,5932.983184,0.0
2019-03-05,12,0,68,2.14,2.14,0.0,34.660427,0.0
2019-03-05,12,0,69,3.5,3.5,0.0,49.060982,0.0
2019-03-05,12,0,74,58.84,58.84,0.0,454.622271,0.0
2019-03-05,12,0,77,6.44,6.44,0.0,132.094001,0.0
2019-03-05,12,0,78,4.87,4.87,0.0,99.890961,0.0
2019-03-05,12,0,79,2.82,2.82,0.0,57.842404,0.0
2019-03-05,12,0,80,4.56,4.56,0.0,93.532398,0.0
2019-03-05,12,0,81,5.96,5.96,0.0,122.248486,0.0
2019-03-05,12,0,82,4.2,4.2,0.0,86.148262,0.0
2019-03-05,12,0,83,9.37,9.37,0.0,192.192669,0.0
2019-03-05,12,0,84,0.0,0.0,0.0,0.0,0.0
2019-03-05,12,0,86,17.75,17.75,0.0,248.809265,0.0
2019-03-05,12,0,87,90.6,90.6,0.0,1269.978561,0.0
2019-03-05,12,0,88,7.86,7.86,0.0,161.220318,0.0
2019-03-05,12,0,89,7.56,7.56,0.0,155.066871,0.0
2019-03-05,12,0,90,10.15,10.15,0.0,208.191632,0.0
2019-03-05,12,0,91,36.2,36.2,0.0,742.515969,0.0
2019-03-05,12,0,92,13.02,13.02,0.0,267.059611,0.0
2019-03-05,12,0,95,70.86,70.86,0.0,1589.371137,0.0
2019-03-05,12,0,96,2.62,2.62,0.0,131.003877,0.0
2019-03-05,12,0,97,16.1,16.1,0.0,805.023825,0.0
2019-03-05,12,0,99,11.36,11.36,0.0,87.772077,0.0
2019-03-05,12,0,101,14.76,14.76,0.0,-14760.0,0.0
2019-03-05,12,0,102,5.06,5.06,0.0,81.954094,0.0
2019-03-05,12,0,103,4.4,4.4,0.0,71.264429,0.0
2019-03-05,12,0,104,0.82,0.82,0.0,13.281098,0.0
2019-03-05,12,0,106,321.13,321.13,0.0,-123502.170711,0.0
2019-03-05,12,0,109,35.18,35.18,0.0,219.047418,0.0
2019-03-05,12,0,110,27.76,27.76,0.0,170.748401,0.0
2019-03-05,12,0,111,22.08,22.08,0.0,-82.175062,0.0
2019-03-05,12,0,113,6.77,6.77,0.0,131.868546,0.0
2019-03-05,12,0,115,6.77,6.77,0.0,131.868546,0.0
2019-03-05,12,0,116,162.19,162.19,0.0,997.611065,0.0
2019-03-05,12,0,117,0.45,0.45,0.0,8.765265,0.0
2019-03-05,12,0,119,15.88,15.88,0.0,380.684602,0.0
2019-03-05,12,0,120,9.34,9.34,0.0,223.903916,0.0
2019-03-05,12,0,123,5.35,5.35,0.0,-2057.536242,0.0
2019-03-05,12,0,125,4.3,4.3,0.0,-1653.720718,0.0
2019-03-05,12,0,126,240.85,240.85,0.0,-92627.589499,0.0
2019-03-05,12,0,127,309.09,309.09,0.0,-118871.752702,0.0
2019-03-05,12,0,128,5.89,5.89,0.0,-2265.212797,0.0
2019-03-05,12,0,131,2.04,2.04,0.0,38.036335,0.0
2019-03-05,12,0,132,3.0,3.0,0.0,55.935786,0.0
2019-03-05,12,0,133,41.94,41.94,0.0,472.469967,0.0
2019-03-05,12,0,134,0.0,0.0,0.0,0.0,0.0
2019-03-05,12,0,135,56.2,56.2,0.0,633.114262,0.0
2019-03-05,12,0,136,45.9,45.9,0.0,511.213709,0.0
2019-03-05,12,0,139,4.14,4.14,0.0,-15.407824,0.0
2019-03-05,12,0,140,20.54,20.54,0.0,126.339055,0.0
2019-03-05,12,0,141,0.0,0.0,0.0,0.0,0.0
2019-03-05,12,0,142,570.12,570.12,0.0,7824.094126,0.0
2019-03-05,12,0,143,98.89,98.89,0.0,-98890.0,0.0
2019-03-05,12,0,145,10.45,10.45,0.0,45.685032,0.0
2019-03-05,12,0,146,0.0,0.0,0.0,0.0,0.0
2019-03-05,12,0,152,10.71,10.71,0.0,88.614085,0.0
2019-03-05,12,0,153,13.4,13.4,0.0,109.114337,0.0
2019-03-05,12,0,154,91.06,91.06,0.0,-338.897697,0.0
2019-03-05,12,0,157,0.0,0.0,0.0,0.0,0.0
2019-03-05,12,0,158,420.65,420.65,0.0,5772.828868,0.0
2019-03-05,12,0,159,0.0,0.0,0.0,0.0,0.0
2019-03-05,12,0,160,3.59,3.59,0.0,31.16663,0.0
2019-03-05,12,0,161,80.63,80.63,0.0,1305.92067,0.0
2019-03-05,12,0,162,75.42,75.42,0.0,1693.096186,0.0
2019-03-05,12,0,163,16.74,16.74,0.0,102.965714,0.0
2019-03-05,12,0,164,25.69,25.69,0.0,-25690.0,0.0
2019-03-05,12,0,167,8.93,8.93,0.0,199.920027,0.0
2019-03-05,12,0,168,4.46,4.46,0.0,99.848076,0.0
2019-03-05,12,0,169,0.0,0.0,0.0,0.0,0.0
2019-03-05,12,0,170,9.77,9.77,0.0,218.725495,0.0
2019-03-05,12,0,172,11.73,11.73,0.0,251.348462,0.0
2019-03-05,12,0,173,17.88,17.88,0.0,383.129625,0.0
2019-03-05,12,0,188,15.48,15.48,0.0,341.441151,0.0
2019-03-05,12,0,190,13.02,13.02,0.0,312.123017,0.0
2019-03-05,12,0,191,33.63,33.63,0.0,806.197931,0.0
2019-03-05,12,0,192,29.37,29.37,0.0,704.074732,0.0
2019-03-05,12,0,194,17.43,17.43,0.0,359.000943,0.0
2019-03-05,12,0,196,8.85,8.85,0.0,236.90106,0.0
2019-03-05,12,0,198,15.39,15.39,0.0,151.891933,0.0
2019-03-05,12,0,199,86.24,86.24,0.0,1324.463929,0.0
2019-03-05,12,0,200,27.48,27.48,0.0,422.034656,0.0
2019-03-05,12,0,204,158.77,158.77,0.0,970.02916,0.0
2019-03-05,12,0,205,186.11,186.11,0.0,1158.80941,0.0
2019-03-05,12,0,206,47.32,47.32,0.0,2366.070025,0.0
2019-03-05,12,0,210,3.46,3.46,0.0,19.988752,0.0
2019-03-05,12,0,214,19.29,19.29,0.0,301.729575,0.0
2019-03-05,12,0,217,13.01,13.01,0.0,147.806429,0.0
2019-03-05,12,0,218,17.96,17.96,0.0,204.04331,0.0
2019-03-05,12,0,219,12.23,12.23,0.0,138.94486,0.0
2019-03-05,12,0,221,10.29,10.29,0.0,160.953724,0.0
2019-03-05,12,0,225,9.91,9.91,0.0,48.220851,0.0
2019-03-05,12,0,233,10.04,10.04,0.0,140.734931,0.0
2019-03-05,12,0,236,103.75,103.75,0.0,1014.365884,0.0
2019-03-05,12,0,237,141.15,141.15,0.0,1090.583506,0.0
2019-03-05,12,0,238,54.26,54.26,0.0,578.198868,0.0
2019-03-05,12,0,240,16.55,16.55,0.0,119.872511,0.0
2019-03-05,12,0,245,78.0,78.0,0.0,909.788245,0.0
2019-03-05,12,0,247,171.72,171.72,0.0,2002.933814,0.0
2019-03-05,12,0,248,14.17,14.17,0.0,109.483303,0.0
2019-03-05,12,0,249,150.0,150.0,0.0,1749.592779,0.0
2019-03-05,12,0,251,326.4,326.4,0.0,3577.679016,0.0
2019-03-05,12,0,252,267.06,267.06,0.0,2976.025919,0.0
2019-03-05,12,0,254,24.56,24.56,0.0,193.77874,0.0
2019-03-05,12,0,255,11.26,11.26,0.0,88.841556,0.0
2019-03-05,12,0,258,20.25,20.25,0.0,147.920532,0.0
2019-03-05,12,0,260,8.71,8.71,0.0,75.615974,0.0
2019-03-05,12,0,265,94.28,94.28,0.0,-350.88156,0.0
2019-03-05,12,0,266,2.68,2.68,0.0,-9.974147,0.0
2019-03-05,12,0,267,3.29,3.29,0.0,-12.244382,0.0
2019-03-05,12,0,270,52.29,52.29,0.0,321.629463,0.0
2019-03-05,12,0,272,22.62,22.62,0.0,440.600667,0.0
2019-03-05,12,0,273,38.79,38.79,0.0,238.592596,0.0
2019-03-05,12,0,274,67.41,67.41,0.0,414.630753,0.0
2019-03-05,12,0,275,93.83,93.83,0.0,577.136977,0.0
2019-03-05,12,0,276,8.65,8.65,0.0,67.830756,0.0
2019-03-05,12,0,277,10.69,10.69,0.0,212.6515,0.0
2019-03-05,12,0,278,17.11,17.11,0.0,340.361756,0.0
2019-03-05,12,0,279,28.93,28.93,0.0,575.491852,0.0
2019-03-05,12,0,281,27.01,27.01,0.0,-27010.0,0.0
2019-03-05,12,0,282,401.96,401.96,0.0,-401960.0,0.0
2019-03-05,13,0,9,4.76,4.76,0.0,-1845.609683,0.0
2019-03-05,13,0,17,70.2,70.2,0.0,970.838248,0.0
2019-03-05,13,0,19,192.99,192.99,0.0,2668.975405,0.0
2019-03-05,13,0,20,234.06,234.06,0.0,3236.957268,0.0
2019-03-05,13,0,21,108.89,108.89,0.0,-42220.260175,0.0
2019-03-05,13,0,22,386.97,386.97,0.0,-150041.088071,0.0
2019-03-05,13,0,23,9.78,9.78,0.0,-3792.02998,0.0
2019-03-05,13,0,24,17.09,17.09,0.0,-6626.359137,0.0
2019-03-05,13,0,29,12.2,12.2,0.0,51.491024,0.0
2019-03-05,13,0,30,876.23,876.23,0.0,-876230.0,0.0
2019-03-05,13,0,31,69.3,69.3,0.0,-69300.0,0.0
2019-03-05,13,0,32,8.56,8.56,0.0,216.058016,0.0
2019-03-05,13,0,33,4.03,4.03,0.0,73.106334,0.0
2019-03-05,13,0,34,6.45,6.45,0.0,117.006415,0.0
2019-03-05,13,0,35,6.45,6.45,0.0,117.006415,0.0
2019-03-05,13,0,36,15.96,15.96,0.0,115.48618,0.0
2019-03-05,13,0,37,7.72,7.72,0.0,55.511057,0.0
2019-03-05,13,0,38,9.93,9.93,0.0,71.402175,0.0
2019-03-05,13,0,39,6.62,6.62,0.0,47.60145,0.0
2019-03-05,13,0,40,6.62,6.62,0.0,47.60145,0.0
2019-03-05,13,0,41,1.26,1.26,0.0,-8.094844,0.0
2019-03-05,13,0,42,48.57,48.57,0.0,626.317304,0.0
2019-03-05,13,0,43,49.5,49.5,0.0,385.657644,0.0
2019-03-05,13,0,46,43.27,43.27,0.0,274.596198,0.0
2019-03-05,13,0,52,73.46,73.46,0.0,-73460.0,0.0
2019-03-05,13,0,53,116.7,116.7,0.0,-116700.0,0.0
2019-03-05,13,0,55,202.1,202.1,0.0,-78360.864923,0.0
2019-03-05,13,0,56,258.46,258.46,0.0,-258460.0,0.0
2019-03-05,13,0,57,245.85,245.85,0.0,-245850.0,0.0
2019-03-05,13,0,58,472.78,472.78,0.0,-472780.0,0.0
2019-03-05,13,0,59,464.9,464.9,0.0,-464900.0,0.0
2019-03-05,13,0,63,21.06,21.06,0.0,572.602867,0.0
2019-03-05,13,0,64,24.77,24.77,0.0,673.474502,0.0
2019-03-05,13,0,65,41.4,41.4,0.0,565.359145,0.0
2019-03-05,13,0,67,509.74,509.74,0.0,6496.025518,0.0
2019-03-05,13,0,68,4.06,4.06,0.0,60.480687,0.0
2019-03-05,13,0,69,4.03,4.03,0.0,73.106334,0.0
2019-03-05,13,0,74,51.04,51.04,0.0,434.052746,0.0
2019-03-05,13,0,77,10.71,10.71,0.0,268.329218,0.0
2019-03-05,13,0,78,8.1,8.1,0.0,202.938064,0.0
2019-03-05,13,0,79,4.69,4.69,0.0,117.503644,0.0
2019-03-05,13,0,80,7.58,7.58,0.0,189.909941,0.0
2019-03-05,13,0,81,9.91,9.91,0.0,248.285952,0.0
2019-03-05,13,0,82,6.99,6.99,0.0,175.128033,0.0
2019-03-05,13,0,83,15.59,15.59,0.0,390.593137,0.0
2019-03-05,13,0,84,0.0,0.0,0.0,0.0,0.0
2019-03-05,13,0,86,20.42,20.42,0.0,370.429612,0.0
2019-03-05,13,0,87,104.24,104.24,0.0,1890.968794,0.0
2019-03-05,13,0,88,13.17,13.17,0.0,329.962259,0.0
2019-03-05,13,0,89,12.66,12.66,0.0,317.184677,0.0
2019-03-05,13,0,90,17.0,17.0,0.0,425.919393,0.0
2019-03-05,13,0,91,60.64,60.64,0.0,1519.279529,0.0
2019-03-05,13,0,92,21.81,21.81,0.0,546.429527,0.0
2019-03-05,13,0,95,90.05,90.05,0.0,2275.488681,0.0
2019-03-05,13,0,96,4.3,4.3,0.0,191.37964,0.0
2019-03-05,13,0,97,26.43,26.43,0.0,1176.31718,0.0
2019-03-05,13,0,99,9.85,9.85,0.0,83.766057,0.0
2019-03-05,13,0,101,17.65,17.65,0.0,-17650.0,0.0
2019-03-05,13,0,102,9.61,9.61,0.0,143.157487,0.0
2019-03-05,13,0,103,8.36,8.36,0.0,124.536586,0.0
2019-03-05,13,0,104,1.55,1.55,0.0,23.089917,0.0
2019-03-05,13,0,106,380.94,380.94,0.0,-147703.057316,0.0
2019-03-05,13,0,109,36.69,36.69,0.0,181.92435,0.0
2019-03-05,13,0,110,41.52,41.52,0.0,255.384496,0.0
2019-03-05,13,0,111,26.49,26.49,0.0,-170.184453,0.0
2019-03-05,13,0,113,11.68,11.68,0.0,268.641589,0.0
2019-03-05,13,0,115,11.68,11.68,0.0,268.641589,0.0
2019-03-05,13,0,116,188.59,188.59,0.0,1159.994271,0.0
2019-03-05,13,0,117,0.78,0.78,0.0,17.940106,0.0
2019-03-05,13,0,119,24.77,24.77,0.0,673.474502,0.0
2019-03-05,13,0,120,14.57,14.57,0.0,396.145478,0.0
2019-03-05,13,0,123,6.35,6.35,0.0,-2462.105355,0.0
2019-03-05,13,0,125,15.51,15.51,0.0,-6013.740796,0.0
2019-03-05,13,0,126,285.7,285.7,0.0,-110775.354322,0.0
2019-03-05,13,0,127,366.65,366.65,0.0,-142162.350934,0.0
2019-03-05,13,0,128,21.9,21.9,0.0,-8491.355477,0.0
2019-03-05,13,0,131,3.79,3.79,0.0,87.464808,0.0
2019-03-05,13,0,132,5.56,5.56,0.0,128.312489,0.0
2019-03-05,13,0,133,41.94,41.94,0.0,580.699528,0.0
2019-03-05,13,0,134,0.0,0.0,0.0,0.0,0.0
2019-03-05,13,0,135,56.2,56.2,0.0,778.142906,0.0
2019-03-05,13,0,136,45.9,45.9,0.0,626.37382,0.0
2019-03-05,13,0,139,1.63,1.63,0.0,-10.471901,0.0
2019-03-05,13,0,140,30.73,30.73,0.0,189.016512,0.0
2019-03-05,13,0,141,5.64,5.64,0.0,71.875042,0.0
2019-03-05,13,0,142,672.22,672.22,0.0,8566.638431,0.0
2019-03-05,13,0,143,118.99,118.99,0.0,-118990.0,0.0
2019-03-05,13,0,145,31.89,31.89,0.0,20.066259,0.0
2019-03-05,13,0,146,0.0,0.0,0.0,0.0,0.0
2019-03-05,13,0,152,11.83,11.83,0.0,107.260698,0.0
2019-03-05,13,0,153,14.83,14.83,0.0,131.319798,0.0
2019-03-05,13,0,154,109.26,109.26,0.0,-701.938595,0.0
2019-03-05,13,0,157,9.5,9.5,0.0,121.066117,0.0
2019-03-05,13,0,158,496.29,496.29,0.0,6324.621385,0.0
2019-03-05,13,0,159,0.0,0.0,0.0,0.0,0.0
2019-03-05,13,0,160,3.91,3.91,0.0,37.792939,0.0
2019-03-05,13,0,161,95.24,95.24,0.0,1418.763693,0.0
2019-03-05,13,0,162,94.61,94.61,0.0,2393.056596,0.0
2019-03-05,13,0,163,15.72,15.72,0.0,96.691818,0.0
2019-03-05,13,0,164,30.02,30.02,0.0,-30020.0,0.0
2019-03-05,13,0,167,10.16,10.16,0.0,256.213968,0.0
2019-03-05,13,0,168,5.08,5.08,0.0,128.106984,0.0
2019-03-05,13,0,169,0.0,0.0,0.0,0.0,0.0
2019-03-05,13,0,170,11.11,11.11,0.0,280.170982,0.0
2019-03-05,13,0,172,13.18,13.18,0.0,313.712338,0.0
2019-03-05,13,0,173,20.08,20.08,0.0,477.947173,0.0
2019-03-05,13,0,188,17.27,17.27,0.0,428.172476,0.0
2019-03-05,13,0,190,15.05,15.05,0.0,409.196256,0.0
2019-03-05,13,0,191,38.87,38.87,0.0,1056.841094,0.0
2019-03-05,13,0,192,46.44,46.44,0.0,1262.662733,0.0
2019-03-05,13,0,194,25.95,25.95,0.0,615.371992,0.0
2019-03-05,13,0,196,10.29,10.29,0.0,313.693328,0.0
2019-03-05,13,0,198,16.93,16.93,0.0,202.321771,0.0
2019-03-05,13,0,199,58.85,58.85,0.0,862.612925,0.0
2019-03-05,13,0,200,30.83,30.83,0.0,451.900705,0.0
2019-03-05,13,0,204,165.87,165.87,0.0,769.943002,0.0
2019-03-05,13,0,205,194.07,194.07,0.0,962.280146,0.0
2019-03-05,13,0,206,77.66,77.66,0.0,3456.405304,0.0
2019-03-05,13,0,210,3.78,3.78,0.0,20.383831,0.0
2019-03-05,13,0,214,20.79,20.79,0.0,429.975472,0.0
2019-03-05,13,0,217,14.2,14.2,0.0,200.511884,0.0
2019-03-05,13,0,218,19.6,19.6,0.0,276.762882,0.0
2019-03-05,13,0,219,13.35,13.35,0.0,188.509412,0.0
2019-03-05,13,0,221,11.09,11.09,0.0,229.361616,0.0
2019-03-05,13,0,225,10.76,10.76,0.0,44.195568,0.0
2019-03-05,13,0,233,11.55,11.55,0.0,209.523116,0.0
2019-03-05,13,0,236,205.86,205.86,0.0,2366.467331,0.0
2019-03-05,13,0,237,122.44,122.44,0.0,1041.250357,0.0
2019-03-05,13,0,238,63.22,63.22,0.0,815.231212,0.0
2019-03-05,13,0,240,18.09,18.09,0.0,130.898809,0.0
2019-03-05,13,0,245,78.0,78.0,0.0,1128.498832,0.0
2019-03-05,13,0,247,171.72,171.72,0.0,2484.433583,0.0
2019-03-05,13,0,248,12.29,12.29,0.0,104.516227,0.0
2019-03-05,13,0,249,150.0,150.0,0.0,2170.190062,0.0
2019-03-05,13,0,251,326.4,326.4,0.0,4364.300126,0.0
2019-03-05,13,0,252,267.06,267.06,0.0,3646.976169,0.0
2019-03-05,13,0,254,27.77,27.77,0.0,229.421287,0.0
2019-03-05,13,0,255,12.73,12.73,0.0,105.168634,0.0
2019-03-05,13,0,258,22.16,22.16,0.0,162.335901,0.0
2019-03-05,13,0,260,9.49,9.49,0.0,91.727619,0.0
2019-03-05,13,0,265,113.12,113.12,0.0,-726.737085,0.0
2019-03-05,13,0,266,1.06,1.06,0.0,-6.809948,0.0
2019-03-05,13,0,267,1.3,1.3,0.0,-8.351823,0.0
2019-03-05,13,0,270,48.9,48.9,0.0,300.777983,0.0
2019-03-05,13,0,272,39.03,39.03,0.0,897.695311,0.0
2019-03-05,13,0,273,45.1,45.1,0.0,277.404643,0.0
2019-03-05,13,0,274,63.01,63.01,0.0,387.566886,0.0
2019-03-05,13,0,275,87.67,87.67,0.0,539.247562,0.0
2019-03-05,13,0,276,10.18,10.18,0.0,77.601524,0.0
2019-03-05,13,0,277,12.6,12.6,0.0,300.177311,0.0
2019-03-05,13,0,278,20.16,20.16,0.0,480.283698,0.0
2019-03-05,13,0,279,75.71,75.71,0.0,1803.684462,0.0
2019-03-05,13,0,281,31.1,31.1,0.0,-31100.0,0.0
2019-03-05,13,0,282,480.66,480.66,0.0,-480660.0,0.0
2019-03-05,14,0,9,4.96,4.96,0.0,-1926.606802,0.0
2019-03-05,14,0,17,71.8,71.8,0.0,2355.071908,0.0
2019-03-05,14,0,19,192.99,192.99,0.0,6330.157765,0.0
2019-03-05,14,0,20,234.06,234.06,0.0,7677.272017,0.0
2019-03-05,14,0,21,113.33,113.33,0.0,-44020.634858,0.0
2019-03-05,14,0,22,402.76,402.76,0.0,-156443.579772,0.0
2019-03-05,14,0,23,7.9,7.9,0.0,-3068.587447,0.0
2019-03-05,14,0,24,13.59,13.59,0.0,-5278.747267,0.0
2019-03-05,14,0,29,12.22,12.22,0.0,46.008781,0.0
2019-03-05,14,0,30,936.03,936.03,0.0,-936030.0,0.0
2019-03-05,14,0,31,81.82,81.82,0.0,-81820.0,0.0
2019-03-05,14,0,32,8.55,8.55,0.0,213.374145,0.0
2019-03-05,14,0,33,4.1,4.1,0.0,172.741968,0.0
2019-03-05,14,0,34,6.56,6.56,0.0,276.387149,0.0
2019-03-05,14,0,35,6.56,6.56,0.0,276.387149,0.0
2019-03-05,14,0,36,16.59,16.59,0.0,172.66768,0.0
2019-03-05,14,0,37,7.82,7.82,0.0,77.073596,0.0
2019-03-05,14,0,38,10.06,10.06,0.0,99.150944,0.0
2019-03-05,14,0,39,6.71,6.71,0.0,66.133482,0.0
2019-03-05,14,0,40,6.71,6.71,0.0,66.133482,0.0
2019-03-05,14,0,41,3.42,3.42,0.0,-14.444003,0.0
2019-03-05,14,0,42,50.51,50.51,0.0,1554.579084,0.0
2019-03-05,14,0,43,50.81,50.81,0.0,473.056863,0.0
2019-03-05,14,0,46,43.99,43.99,0.0,357.472163,0.0
2019-03-05,14,0,52,86.73,86.73,0.0,-86730.0,0.0
2019-03-05,14,0,53,137.78,137.78,0.0,-137780.0,0.0
2019-03-05,14,0,55,261.21,261.21,0.0,-101461.484438,0.0
2019-03-05,14,0,56,276.09,276.09,0.0,-276090.0,0.0
2019-03-05,14,0,57,262.63,262.63,0.0,-262630.0,0.0
2019-03-05,14,0,58,505.05,505.05,0.0,-505050.0,0.0
2019-03-05,14,0,59,496.63,496.63,0.0,-496630.0,0.0
2019-03-05,14,0,63,12.32,12.32,0.0,334.969958,0.0
2019-03-05,14,0,64,14.49,14.49,0.0,393.970349,0.0
2019-03-05,14,0,65,41.4,41.4,0.0,1342.382001,0.0
2019-03-05,14,0,67,519.8,519.8,0.0,6114.933333,0.0
2019-03-05,14,0,68,2.23,2.23,0.0,30.321266,0.0
2019-03-05,14,0,69,4.1,4.1,0.0,172.741968,0.0
2019-03-05,14,0,74,64.63,64.63,0.0,1266.250605,0.0
2019-03-05,14,0,77,10.32,10.32,0.0,284.58855,0.0
2019-03-05,14,0,78,7.8,7.8,0.0,215.095997,0.0
2019-03-05,14,0,79,4.52,4.52,0.0,124.645373,0.0
2019-03-05,14,0,80,7.3,7.3,0.0,201.307792,0.0
2019-03-05,14,0,81,9.55,9.55,0.0,263.354714,0.0
2019-03-05,14,0,82,6.74,6.74,0.0,185.865003,0.0
2019-03-05,14,0,83,15.02,15.02,0.0,414.197676,0.0
2019-03-05,14,0,84,0.0,0.0,0.0,0.0,0.0
2019-03-05,14,0,86,20.77,20.77,0.0,875.085533,0.0
2019-03-05,14,0,87,106.05,106.05,0.0,4468.118475,0.0
2019-03-05,14,0,88,10.71,10.71,0.0,295.34335,0.0
2019-03-05,14,0,89,10.29,10.29,0.0,283.761258,0.0
2019-03-05,14,0,90,13.82,13.82,0.0,381.105984,0.0
2019-03-05,14,0,91,49.3,49.3,0.0,1359.517007,0.0
2019-03-05,14,0,92,17.73,17.73,0.0,488.929747,0.0
2019-03-05,14,0,95,76.27,76.27,0.0,1904.188301,0.0
2019-03-05,14,0,96,6.01,6.01,0.0,259.525025,0.0
2019-03-05,14,0,97,40.27,40.27,0.0,1738.947215,0.0
2019-03-05,14,0,99,12.47,12.47,0.0,244.31603,0.0
2019-03-05,14,0,101,18.86,18.86,0.0,-18860.0,0.0
2019-03-05,14,0,102,5.28,5.28,0.0,71.792057,0.0
2019-03-05,14,0,103,4.59,4.59,0.0,62.41014,0.0
2019-03-05,14,0,104,0.86,0.86,0.0,11.693403,0.0
2019-03-05,14,0,106,396.48,396.48,0.0,-154004.246966,0.0
2019-03-05,14,0,109,33.2,33.2,0.0,247.979165,0.0
2019-03-05,14,0,110,23.03,23.03,0.0,141.654743,0.0
2019-03-05,14,0,111,27.71,27.71,0.0,-117.030212,0.0
2019-03-05,14,0,113,8.19,8.19,0.0,200.122339,0.0
2019-03-05,14,0,115,8.19,8.19,0.0,200.122339,0.0
2019-03-05,14,0,116,197.12,197.12,0.0,1212.461268,0.0
2019-03-05,14,0,117,0.55,0.55,0.0,13.439229,0.0
2019-03-05,14,0,119,14.49,14.49,0.0,393.970349,0.0
2019-03-05,14,0,120,8.52,8.52,0.0,231.651302,0.0
2019-03-05,14,0,123,6.61,6.61,0.0,-2567.514307,0.0
2019-03-05,14,0,125,12.39,12.39,0.0,-4812.632718,0.0
2019-03-05,14,0,126,297.36,297.36,0.0,-115503.185225,0.0
2019-03-05,14,0,127,381.61,381.61,0.0,-148228.310847,0.0
2019-03-05,14,0,128,17.19,17.19,0.0,-6677.090913,0.0
2019-03-05,14,0,131,4.36,4.36,0.0,111.04808,0.0
2019-03-05,14,0,132,6.4,6.4,0.0,163.006356,0.0
2019-03-05,14,0,133,41.94,41.94,0.0,1377.135405,0.0
2019-03-05,14,0,134,0.0,0.0,0.0,0.0,0.0
2019-03-05,14,0,135,56.2,56.2,0.0,1845.374577,0.0
2019-03-05,14,0,136,45.9,45.9,0.0,1487.346246,0.0
2019-03-05,14,0,139,4.42,4.42,0.0,-18.667396,0.0
2019-03-05,14,0,140,17.05,17.05,0.0,104.872487,0.0
2019-03-05,14,0,141,14.61,14.61,0.0,171.872212,0.0
2019-03-05,14,0,142,685.48,685.48,0.0,8063.994808,0.0
2019-03-05,14,0,143,136.66,136.66,0.0,-136660.0,0.0
2019-03-05,14,0,145,17.25,17.25,0.0,14.374491,0.0
2019-03-05,14,0,146,0.0,0.0,0.0,0.0,0.0
2019-03-05,14,0,152,12.19,12.19,0.0,286.738703,0.0
2019-03-05,14,0,153,15.2,15.2,0.0,351.596149,0.0
2019-03-05,14,0,154,114.3,114.3,0.0,-482.733786,0.0
2019-03-05,14,0,157,10.34,10.34,0.0,121.639882,0.0
2019-03-05,14,0,158,514.25,514.25,0.0,6049.643068,0.0
2019-03-05,14,0,159,0.0,0.0,0.0,0.0,0.0
2019-03-05,14,0,160,4.05,4.05,0.0,35.451799,0.0
2019-03-05,14,0,161,98.16,98.16,0.0,1334.679598,0.0
2019-03-05,14,0,162,71.28,71.28,0.0,1781.75559,0.0
2019-03-05,14,0,163,11.09,11.09,0.0,68.213248,0.0
2019-03-05,14,0,164,30.72,30.72,0.0,-30720.0,0.0
2019-03-05,14,0,167,10.06,10.06,0.0,250.588341,0.0
2019-03-05,14,0,168,5.03,5.03,0.0,125.29417,0.0
2019-03-05,14,0,169,0.0,0.0,0.0,0.0,0.0
2019-03-05,14,0,170,11.01,11.01,0.0,274.25225,0.0
2019-03-05,14,0,172,13.11,13.11,0.0,300.109433,0.0
2019-03-05,14,0,173,19.98,19.98,0.0,457.375017,0.0
2019-03-05,14,0,188,17.4,17.4,0.0,424.452383,0.0
2019-03-05,14,0,190,15.77,15.77,0.0,428.772422,0.0
2019-03-05,14,0,191,40.73,40.73,0.0,1107.412858,0.0
2019-03-05,14,0,192,25.71,25.71,0.0,699.032275,0.0
2019-03-05,14,0,194,16.71,16.71,0.0,407.824124,0.0
2019-03-05,14,0,196,10.65,10.65,0.0,326.869808,0.0
2019-03-05,14,0,198,17.49,17.49,0.0,141.833852,0.0
2019-03-05,14,0,199,87.45,87.45,0.0,1147.548281,0.0
2019-03-05,14,0,200,31.37,31.37,0.0,411.647679,0.0
2019-03-05,14,0,204,143.19,143.19,0.0,963.614327,0.0
2019-03-05,14,0,205,175.63,175.63,0.0,1311.824722,0.0
2019-03-05,14,0,206,142.56,142.56,0.0,6156.054505,0.0
2019-03-05,14,0,210,3.76,3.76,0.0,18.046615,0.0
2019-03-05,14,0,214,21.04,21.04,0.0,1000.927464,0.0
2019-03-05,14,0,217,14.03,14.03,0.0,424.116092,0.0
2019-03-05,14,0,218,19.37,19.37,0.0,585.540178,0.0
2019-03-05,14,0,219,13.19,13.19,0.0,398.723539,0.0
2019-03-05,14,0,221,11.22,11.22,0.0,533.764551,0.0
2019-03-05,14,0,225,10.89,10.89,0.0,39.913218,0.0
2019-03-05,14,0,233,11.75,11.75,0.0,495.053202,0.0
2019-03-05,14,0,236,96.32,96.32,0.0,2697.620003,0.0
2019-03-05,14,0,237,155.04,155.04,0.0,3037.590806,0.0
2019-03-05,14,0,238,65.74,65.74,0.0,2023.322689,0.0
2019-03-05,14,0,240,18.8,18.8,0.0,195.669221,0.0
2019-03-05,14,0,245,78.0,78.0,0.0,2666.213019,0.0
2019-03-05,14,0,247,171.72,171.72,0.0,5869.770508,0.0
2019-03-05,14,0,248,15.56,15.56,0.0,304.85625,0.0
2019-03-05,14,0,249,150.0,150.0,0.0,5127.332729,0.0
2019-03-05,14,0,251,301.14,301.14,0.0,9578.586795,0.0
2019-03-05,14,0,252,267.06,267.06,0.0,8659.33665,0.0
2019-03-05,14,0,254,27.87,27.87,0.0,255.58447,0.0
2019-03-05,14,0,255,12.77,12.77,0.0,117.108492,0.0
2019-03-05,14,0,258,23.14,23.14,0.0,236.737509,0.0
2019-03-05,14,0,260,9.84,9.84,0.0,86.134742,0.0
2019-03-05,14,0,265,118.34,118.34,0.0,-499.796293,0.0
2019-03-05,14,0,266,2.86,2.86,0.0,-12.078903,0.0
2019-03-05,14,0,267,3.52,3.52,0.0,-14.866342,0.0
2019-03-05,14,0,270,38.57,38.57,0.0,237.239403,0.0
2019-03-05,14,0,272,27.37,27.37,0.0,668.78491,0.0
2019-03-05,14,0,273,47.14,47.14,0.0,289.952436,0.0
2019-03-05,14,0,274,51.44,51.44,0.0,316.401216,0.0
2019-03-05,14,0,275,74.82,74.82,0.0,460.208767,0.0
2019-03-05,14,0,276,10.53,10.53,0.0,77.965942,0.0
2019-03-05,14,0,277,13.02,13.02,0.0,334.541337,0.0
2019-03-05,14,0,278,20.83,20.83,0.0,535.214751,0.0
2019-03-05,14,0,279,40.27,40.27,0.0,1034.714259,0.0
2019-03-05,14,0,281,36.72,36.72,0.0,-36720.0,0.0
2019-03-05,14,0,282,513.47,513.47,0.0,-513470.0,0.0
2019-03-05,15,0,9,4.75,4.75,0.0,-1852.607349,0.0
2019-03-05,15,0,17,69.44,69.44,0.0,1108.091753,0.0
2019-03-05,15,0,19,192.99,192.99,0.0,3079.646132,0.0
2019-03-05,15,0,20,234.06,234.06,0.0,3735.022403,0.0
2019-03-05,15,0,21,108.52,108.52,0.0,-42325.252536,0.0
2019-03-05,15,0,22,385.66,385.66,0.0,-150416.11586,0.0
2019-03-05,15,0,23,10.32,10.32,0.0,-4025.033231,0.0
2019-03-05,15,0,24,18.26,18.26,0.0,-7121.812673,0.0
2019-03-05,15,0,29,11.15,11.15,0.0,50.639079,0.0
2019-03-05,15,0,30,906.28,906.28,0.0,-906280.0,0.0
2019-03-05,15,0,31,96.16,96.16,0.0,-96160.0,0.0
2019-03-05,15,0,32,8.04,8.04,0.0,196.741314,0.0
2019-03-05,15,0,33,4.02,4.02,0.0,86.601184,0.0
2019-03-05,15,0,34,6.44,6.44,0.0,138.734235,0.0
2019-03-05,15,0,35,6.44,6.44,0.0,138.734235,0.0
2019-03-05,15,0,36,15.99,15.99,0.0,114.148567,0.0
2019-03-05,15,0,37,7.57,7.57,0.0,53.189705,0.0
2019-03-05,15,0,38,9.74,9.74,0.0,68.436952,0.0
2019-03-05,15,0,39,6.49,6.49,0.0,45.601214,0.0
2019-03-05,15,0,40,6.49,6.49,0.0,45.601214,0.0
2019-03-05,15,0,41,13.33,13.33,0.0,-111.772495,0.0
2019-03-05,15,0,42,48.69,48.69,0.0,718.026636,0.0
2019-03-05,15,0,43,47.94,47.94,0.0,370.341336,0.0
2019-03-05,15,0,46,42.18,42.18,0.0,244.363485,0.0
2019-03-05,15,0,52,101.93,101.93,0.0,-101930.0,0.0
2019-03-05,15,0,53,161.93,161.93,0.0,-161930.0,0.0
2019-03-05,15,0,55,332.64,332.64,0.0,-129737.117616,0.0
2019-03-05,15,0,56,267.32,267.32,0.0,-267320.0,0.0
2019-03-05,15,0,57,254.28,254.28,0.0,-254280.0,0.0
2019-03-05,15,0,58,489.0,489.0,0.0,-489000.0,0.0
2019-03-05,15,0,59,480.85,480.85,0.0,-480850.0,0.0
2019-03-05,15,0,63,7.45,7.45,0.0,198.723273,0.0
2019-03-05,15,0,64,8.77,8.77,0.0,233.933302,0.0
2019-03-05,15,0,65,41.39,41.39,0.0,651.174443,0.0
2019-03-05,15,0,67,491.62,491.62,0.0,6265.10783,0.0
2019-03-05,15,0,68,5.84,5.84,0.0,86.99685,0.0
2019-03-05,15,0,69,4.02,4.02,0.0,86.601184,0.0
2019-03-05,15,0,74,93.77,93.77,0.0,859.702507,0.0
2019-03-05,15,0,77,13.95,13.95,0.0,368.219548,0.0
2019-03-05,15,0,78,10.54,10.54,0.0,278.210326,0.0
2019-03-05,15,0,79,6.1,6.1,0.0,161.013566,0.0
2019-03-05,15,0,80,9.87,9.87,0.0,260.525229,0.0
2019-03-05,15,0,81,12.9,12.9,0.0,340.504099,0.0
2019-03-05,15,0,82,9.1,9.1,0.0,240.200566,0.0
2019-03-05,15,0,83,20.29,20.29,0.0,535.568074,0.0
2019-03-05,15,0,84,0.0,0.0,0.0,0.0,0.0
2019-03-05,15,0,86,20.38,20.38,0.0,439.037842,0.0
2019-03-05,15,0,87,104.05,104.05,0.0,2241.505762,0.0
2019-03-05,15,0,88,12.1,12.1,0.0,319.387565,0.0
2019-03-05,15,0,89,11.63,11.63,0.0,306.981602,0.0
2019-03-05,15,0,90,15.61,15.61,0.0,412.036355,0.0
2019-03-05,15,0,91,55.69,55.69,0.0,1469.974671,0.0
2019-03-05,15,0,92,20.03,20.03,0.0,528.705201,0.0
2019-03-05,15,0,95,64.27,64.27,0.0,1573.42085,0.0
2019-03-05,15,0,96,8.9,8.9,0.0,360.542537,0.0
2019-03-05,15,0,97,54.73,54.73,0.0,2217.134049,0.0
2019-03-05,15,0,99,18.1,18.1,0.0,165.944496,0.0
2019-03-05,15,0,101,18.26,18.26,0.0,-18260.0,0.0
2019-03-05,15,0,102,13.82,13.82,0.0,205.872682,0.0
2019-03-05,15,0,103,12.02,12.02,0.0,179.058584,0.0
2019-03-05,15,0,104,2.23,2.23,0.0,33.219687,0.0
2019-03-05,15,0,106,379.65,379.65,0.0,-148072.080035,0.0
2019-03-05,15,0,109,35.03,35.03,0.0,139.64086,0.0
2019-03-05,15,0,110,11.07,11.07,0.0,68.090231,0.0
2019-03-05,15,0,111,27.02,27.02,0.0,-226.563602,0.0
2019-03-05,15,0,113,8.37,8.37,0.0,197.993724,0.0
2019-03-05,15,0,115,8.37,8.37,0.0,197.993724,0.0
2019-03-05,15,0,116,188.91,188.91,0.0,1161.962552,0.0
2019-03-05,15,0,117,0.56,0.56,0.0,13.246892,0.0
2019-03-05,15,0,119,8.77,8.77,0.0,233.933302,0.0
2019-03-05,15,0,120,5.16,5.16,0.0,137.639206,0.0
2019-03-05,15,0,123,6.33,6.33,0.0,-2468.843057,0.0
2019-03-05,15,0,125,16.52,16.52,0.0,-6443.17335,0.0
2019-03-05,15,0,126,284.74,284.74,0.0,-111055.035083,0.0
2019-03-05,15,0,127,365.41,365.41,0.0,-142518.158213,0.0
2019-03-05,15,0,128,23.66,23.66,0.0,-9227.934713,0.0
2019-03-05,15,0,131,16.51,16.51,0.0,399.712429,0.0
2019-03-05,15,0,132,24.3,24.3,0.0,588.310843,0.0
2019-03-05,15,0,133,41.94,41.94,0.0,670.147965,0.0
2019-03-05,15,0,134,0.0,0.0,0.0,0.0,0.0
2019-03-05,15,0,135,56.2,56.2,0.0,898.004665,0.0
2019-03-05,15,0,136,45.9,45.9,0.0,721.562017,0.0
2019-03-05,15,0,139,17.33,17.33,0.0,-145.312629,0.0
2019-03-05,15,0,140,8.2,8.2,0.0,50.437208,0.0
2019-03-05,15,0,141,33.42,33.42,0.0,425.897855,0.0
2019-03-05,15,0,142,648.33,648.33,0.0,8262.189007,0.0
2019-03-05,15,0,143,155.82,155.82,0.0,-155820.0,0.0
2019-03-05,15,0,145,10.85,10.85,0.0,-22.905977,0.0
2019-03-05,15,0,146,0.0,0.0,0.0,0.0,0.0
2019-03-05,15,0,152,11.83,11.83,0.0,114.98207,0.0
2019-03-05,15,0,153,14.7,14.7,0.0,138.778022,0.0
2019-03-05,15,0,154,111.45,111.45,0.0,-934.511971,0.0
2019-03-05,15,0,157,11.87,11.87,0.0,151.268927,0.0
2019-03-05,15,0,158,493.8,493.8,0.0,6292.889318,0.0
2019-03-05,15,0,159,0.0,0.0,0.0,0.0,0.0
2019-03-05,15,0,160,3.86,3.86,0.0,38.682418,0.0
2019-03-05,15,0,161,93.8,93.8,0.0,1397.312415,0.0
2019-03-05,15,0,162,52.68,52.68,0.0,1291.245539,0.0
2019-03-05,15,0,163,11.03,11.03,0.0,67.844195,0.0
2019-03-05,15,0,164,30.13,30.13,0.0,-30130.0,0.0
2019-03-05,15,0,167,9.25,9.25,0.0,225.931833,0.0
2019-03-05,15,0,168,4.62,4.62,0.0,112.843791,0.0
2019-03-05,15,0,169,0.0,0.0,0.0,0.0,0.0
2019-03-05,15,0,170,10.12,10.12,0.0,247.181638,0.0
2019-03-05,15,0,172,12.26,12.26,0.0,275.223354,0.0
2019-03-05,15,0,173,18.68,18.68,0.0,419.345208,0.0
2019-03-05,15,0,188,16.46,16.46,0.0,393.67913,0.0
2019-03-05,15,0,190,15.17,15.17,0.0,404.648597,0.0
2019-03-05,15,0,191,39.18,39.18,0.0,1045.097695,0.0
2019-03-05,15,0,192,15.04,15.04,0.0,401.180943,0.0
2019-03-05,15,0,194,12.95,12.95,0.0,309.261592,0.0
2019-03-05,15,0,196,10.07,10.07,0.0,303.530223,0.0
2019-03-05,15,0,198,16.76,16.76,0.0,212.046507,0.0
2019-03-05,15,0,199,76.81,76.81,0.0,1180.005686,0.0
2019-03-05,15,0,200,29.8,29.8,0.0,457.807179,0.0
2019-03-05,15,0,204,144.23,144.23,0.0,506.957793,0.0
2019-03-05,15,0,205,185.32,185.32,0.0,738.745194,0.0
2019-03-05,15,0,206,160.81,160.81,0.0,6514.477005,0.0
2019-03-05,15,0,210,3.56,3.56,0.0,18.155151,0.0
2019-03-05,15,0,214,19.89,19.89,0.0,494.047064,0.0
2019-03-05,15,0,217,13.2,13.2,0.0,223.332868,0.0
2019-03-05,15,0,218,18.22,18.22,0.0,308.267034,0.0
2019-03-05,15,0,219,12.41,12.41,0.0,209.966734,0.0
2019-03-05,15,0,221,10.61,10.61,0.0,263.541445,0.0
2019-03-05,15,0,225,10.02,10.02,0.0,44.966956,0.0
2019-03-05,15,0,233,11.53,11.53,0.0,248.385982,0.0
2019-03-05,15,0,236,119.95,119.95,0.0,1549.351491,0.0
2019-03-05,15,0,237,224.95,224.95,0.0,2062.387533,0.0
2019-03-05,15,0,238,63.38,63.38,0.0,934.65862,0.0
2019-03-05,15,0,240,18.13,18.13,0.0,129.425486,0.0
2019-03-05,15,0,245,78.0,78.0,0.0,1309.193574,0.0
2019-03-05,15,0,247,164.9,164.9,0.0,2767.769491,0.0
2019-03-05,15,0,248,22.58,22.58,0.0,207.018051,0.0
2019-03-05,15,0,249,150.0,150.0,0.0,2517.679949,0.0
2019-03-05,15,0,251,240.43,240.43,0.0,3693.826506,0.0
2019-03-05,15,0,252,267.01,267.01,0.0,4200.775262,0.0
2019-03-05,15,0,254,26.73,26.73,0.0,221.894058,0.0
2019-03-05,15,0,255,12.25,12.25,0.0,101.691067,0.0
2019-03-05,15,0,258,22.18,22.18,0.0,160.437878,0.0
2019-03-05,15,0,260,9.38,9.38,0.0,94.00028,0.0
2019-03-05,15,0,265,115.39,115.39,0.0,-967.549002,0.0
2019-03-05,15,0,266,11.08,11.08,0.0,-92.90617,0.0
2019-03-05,15,0,267,13.71,13.71,0.0,-114.958808,0.0
2019-03-05,15,0,270,36.01,36.01,0.0,221.493153,0.0
2019-03-05,15,0,272,27.97,27.97,0.0,661.634942,0.0
2019-03-05,15,0,273,45.17,45.17,0.0,277.835204,0.0
2019-03-05,15,0,274,47.43,47.43,0.0,291.736191,0.0
2019-03-05,15,0,275,68.08,68.08,0.0,418.751842,0.0
2019-03-05,15,0,276,10.21,10.21,0.0,77.830212,0.0
2019-03-05,15,0,277,12.51,12.51,0.0,309.670986,0.0
2019-03-05,15,0,278,20.01,20.01,0.0,495.325055,0.0
2019-03-05,15,0,279,46.44,46.44,0.0,1149.569993,0.0
2019-03-05,15,0,281,43.16,43.16,0.0,-43160.0,0.0
2019-03-05,15,0,282,497.15,497.15,0.0,-497150.0,0.0
2019-03-05,16,0,9,4.17,4.17,0.0,-1625.569772,0.0
2019-03-05,16,0,17,59.01,59.01,0.0,865.31067,0.0
2019-03-05,16,0,19,332.0,332.0,0.0,4868.380656,0.0
2019-03-05,16,0,20,419.03,419.03,0.0,6144.570923,0.0
2019-03-05,16,0,21,95.42,95.42,0.0,-37197.090554,0.0
2019-03-05,16,0,22,339.12,339.12,0.0,-132197.4151,0.0
2019-03-05,16,0,23,16.77,16.77,0.0,-6537.363326,0.0
2019-03-05,16,0,24,29.67,29.67,0.0,-11566.104347,0.0
2019-03-05,16,0,29,9.05,9.05,0.0,42.513638,0.0
2019-03-05,16,0,30,721.87,721.87,0.0,-721870.0,0.0
2019-03-05,16,0,31,111.82,111.82,0.0,-111820.0,0.0
2019-03-05,16,0,32,6.88,6.88,0.0,154.22148,0.0
2019-03-05,16,0,33,3.45,3.45,0.0,68.53155,0.0
2019-03-05,16,0,34,5.51,5.51,0.0,109.451838,0.0
2019-03-05,16,0,35,5.51,5.51,0.0,109.451838,0.0
2019-03-05,16,0,36,14.16,14.16,0.0,92.715122,0.0
2019-03-05,16,0,37,6.75,6.75,0.0,43.60833,0.0
2019-03-05,16,0,38,8.68,8.68,0.0,56.077082,0.0
2019-03-05,16,0,39,5.79,5.79,0.0,37.406256,0.0
2019-03-05,16,0,40,5.79,5.79,0.0,37.406256,0.0
2019-03-05,16,0,41,36.95,36.95,0.0,-314.81691,0.0
2019-03-05,16,0,42,48.06,48.06,0.0,650.565553,0.0
2019-03-05,16,0,43,42.85,42.85,0.0,306.77113,0.0
2019-03-05,16,0,46,36.06,36.06,0.0,192.325275,0.0
2019-03-05,16,0,52,118.53,118.53,0.0,-118530.0,0.0
2019-03-05,16,0,53,188.3,188.3,0.0,-188300.0,0.0
2019-03-05,16,0,55,416.13,416.13,0.0,-162217.829516,0.0
2019-03-05,16,0,56,212.93,212.93,0.0,-212930.0,0.0
2019-03-05,16,0,57,202.54,202.54,0.0,-202540.0,0.0
2019-03-05,16,0,58,389.5,389.5,0.0,-389500.0,0.0
2019-03-05,16,0,59,383.01,383.01,0.0,-383010.0,0.0
2019-03-05,16,0,63,5.38,5.38,0.0,131.097419,0.0
2019-03-05,16,0,64,6.32,6.32,0.0,154.002915,0.0
2019-03-05,16,0,65,35.06,35.06,0.0,506.771035,0.0
2019-03-05,16,0,67,426.23,426.23,0.0,5431.790632,0.0
2019-03-05,16,0,68,10.36,10.36,0.0,154.330028,0.0
2019-03-05,16,0,69,3.45,3.45,0.0,68.53155,0.0
2019-03-05,16,0,74,88.45,88.45,0.0,735.195643,0.0
2019-03-05,16,0,77,22.74,22.74,0.0,549.221212,0.0
2019-03-05,16,0,78,17.19,17.19,0.0,415.176457,0.0
2019-03-05,16,0,79,9.95,9.95,0.0,240.314471,0.0
2019-03-05,16,0,80,16.09,16.09,0.0,388.609028,0.0
2019-03-05,16,0,81,21.03,21.03,0.0,507.920936,0.0
2019-03-05,16,0,82,14.84,14.84,0.0,358.418768,0.0
2019-03-05,16,0,83,33.08,33.08,0.0,798.955044,0.0
2019-03-05,16,0,84,0.0,0.0,0.0,0.0,0.0
2019-03-05,16,0,86,17.46,17.46,0.0,346.829237,0.0
2019-03-05,16,0,87,89.15,89.15,0.0,1770.894985,0.0
2019-03-05,16,0,88,17.91,17.91,0.0,432.566047,0.0
2019-03-05,16,0,89,17.22,17.22,0.0,415.901023,0.0
2019-03-05,16,0,90,23.12,23.12,0.0,558.399051,0.0
2019-03-05,16,0,91,82.48,82.48,0.0,1992.074124,0.0
2019-03-05,16,0,92,29.66,29.66,0.0,716.354492,0.0
2019-03-05,16,0,95,54.08,54.08,0.0,1213.000156,0.0
2019-03-05,16,0,96,14.45,14.45,0.0,590.583211,0.0
2019-03-05,16,0,97,88.84,88.84,0.0,3630.962798,0.0
2019-03-05,16,0,99,19.39,19.39,0.0,161.169514,0.0
2019-03-05,16,0,101,14.54,14.54,0.0,-14540.0,0.0
2019-03-05,16,0,102,24.54,24.54,0.0,365.565529,0.0
2019-03-05,16,0,103,21.34,21.34,0.0,317.896023,0.0
2019-03-05,16,0,104,3.96,3.96,0.0,58.991015,0.0
2019-03-05,16,0,106,333.83,333.83,0.0,-130135.241456,0.0
2019-03-05,16,0,109,42.78,42.78,0.0,154.346523,0.0
2019-03-05,16,0,110,0.0,0.0,0.0,0.0,0.0
2019-03-05,16,0,111,23.06,23.06,0.0,-196.473016,0.0
2019-03-05,16,0,113,12.34,12.34,0.0,266.393231,0.0
2019-03-05,16,0,115,12.34,12.34,0.0,266.393231,0.0
2019-03-05,16,0,116,161.27,161.27,0.0,991.952256,0.0
2019-03-05,16,0,117,0.82,0.82,0.0,17.701981,0.0
2019-03-05,16,0,119,6.32,6.32,0.0,154.002915,0.0
2019-03-05,16,0,120,3.72,3.72,0.0,90.647286,0.0
2019-03-05,16,0,123,5.56,5.56,0.0,-2167.426362,0.0
2019-03-05,16,0,125,26.85,26.85,0.0,-10466.79817,0.0
2019-03-05,16,0,126,250.37,250.37,0.0,-97600.45653,0.0
2019-03-05,16,0,127,321.31,321.31,0.0,-125254.633893,0.0
2019-03-05,16,0,128,38.46,38.46,0.0,-14992.665088,0.0
2019-03-05,16,0,131,11.56,11.56,0.0,254.556718,0.0
2019-03-05,16,0,132,16.99,16.99,0.0,374.127909,0.0
2019-03-05,16,0,133,50.5,50.5,0.0,741.518072,0.0
2019-03-05,16,0,134,0.0,0.0,0.0,0.0,0.0
2019-03-05,16,0,135,64.2,64.2,0.0,942.68238,0.0
2019-03-05,16,0,136,45.9,45.9,0.0,662.929001,0.0
2019-03-05,16,0,139,48.12,48.12,0.0,-409.98619,0.0
2019-03-05,16,0,140,0.0,0.0,0.0,0.0,0.0
2019-03-05,16,0,141,66.63,66.63,0.0,849.119512,0.0
2019-03-05,16,0,142,562.09,562.09,0.0,7163.163542,0.0
2019-03-05,16,0,143,177.07,177.07,0.0,-177070.0,0.0
2019-03-05,16,0,145,14.71,14.71,0.0,-30.019667,0.0
2019-03-05,16,0,146,0.0,0.0,0.0,0.0,0.0
2019-03-05,16,0,152,10.55,10.55,0.0,93.618709,0.0
2019-03-05,16,0,153,13.13,13.13,0.0,113.119787,0.0
2019-03-05,16,0,154,95.11,95.11,0.0,-810.344691,0.0
2019-03-05,16,0,157,14.07,14.07,0.0,179.305291,0.0
2019-03-05,16,0,158,427.25,427.25,0.0,5444.78931,0.0
2019-03-05,16,0,159,0.0,0.0,0.0,0.0,0.0
2019-03-05,16,0,160,3.34,3.34,0.0,31.418342,0.0
2019-03-05,16,0,161,79.99,79.99,0.0,1191.5887,0.0
2019-03-05,16,0,162,38.17,38.17,0.0,857.134544,0.0
2019-03-05,16,0,163,17.79,17.79,0.0,109.424137,0.0
2019-03-05,16,0,164,28.02,28.02,0.0,-28020.0,0.0
2019-03-05,16,0,167,7.61,7.61,0.0,170.308228,0.0
2019-03-05,16,0,168,3.81,3.81,0.0,85.266012,0.0
2019-03-05,16,0,169,0.0,0.0,0.0,0.0,0.0
2019-03-05,16,0,170,8.33,8.33,0.0,186.42149,0.0
2019-03-05,16,0,172,10.18,10.18,0.0,210.720488,0.0
2019-03-05,16,0,173,15.51,15.51,0.0,321.048602,0.0
2019-03-05,16,0,188,13.95,13.95,0.0,305.992532,0.0
2019-03-05,16,0,190,12.68,12.68,0.0,308.980533,0.0
2019-03-05,16,0,191,32.75,32.75,0.0,798.03726,0.0
2019-03-05,16,0,192,11.83,11.83,0.0,288.268116,0.0
2019-03-05,16,0,194,13.69,13.69,0.0,296.830669,0.0
2019-03-05,16,0,196,8.4,8.4,0.0,230.888964,0.0
2019-03-05,16,0,198,14.44,14.44,0.0,174.819425,0.0
2019-03-05,16,0,199,71.5,71.5,0.0,810.014932,0.0
2019-03-05,16,0,200,25.89,25.89,0.0,293.304708,0.0
2019-03-05,16,0,204,169.57,169.57,0.0,539.254921,0.0
2019-03-05,16,0,205,226.28,226.28,0.0,816.398578,0.0
2019-03-05,16,0,206,261.06,261.06,0.0,10669.733769,0.0
2019-03-05,16,0,210,3.01,3.01,0.0,15.407084,0.0
2019-03-05,16,0,214,16.91,16.91,0.0,387.788712,0.0
2019-03-05,16,0,217,11.32,11.32,0.0,179.484088,0.0
2019-03-05,16,0,218,15.62,15.62,0.0,247.662673,0.0
2019-03-05,16,0,219,10.64,10.64,0.0,168.702359,0.0
2019-03-05,16,0,221,9.02,9.02,0.0,206.851223,0.0
2019-03-05,16,0,225,8.25,8.25,0.0,38.42011,0.0
2019-03-05,16,0,233,9.88,9.88,0.0,196.258468,0.0
2019-03-05,16,0,236,133.98,133.98,0.0,1585.913298,0.0
2019-03-05,16,0,237,202.28,202.28,0.0,1681.34963,0.0
2019-03-05,16,0,238,62.55,62.55,0.0,846.709848,0.0
2019-03-05,16,0,240,16.04,16.04,0.0,105.024757,0.0
2019-03-05,16,0,245,78.0,78.0,0.0,1203.839207,0.0
2019-03-05,16,0,247,167.43,167.43,0.0,2584.087159,0.0
2019-03-05,16,0,248,23.82,23.82,0.0,197.991636,0.0
2019-03-05,16,0,249,150.0,150.0,0.0,2315.075398,0.0
2019-03-05,16,0,251,195.62,195.62,0.0,2760.313102,0.0
2019-03-05,16,0,252,226.17,226.17,0.0,3269.150169,0.0
2019-03-05,16,0,254,22.98,22.98,0.0,177.478316,0.0
2019-03-05,16,0,255,10.53,10.53,0.0,81.32492,0.0
2019-03-05,16,0,258,19.6,19.6,0.0,130.270257,0.0
2019-03-05,16,0,260,8.11,8.11,0.0,76.288249,0.0
2019-03-05,16,0,265,98.47,98.47,0.0,-838.972156,0.0
2019-03-05,16,0,266,30.68,30.68,0.0,-261.396017,0.0
2019-03-05,16,0,267,38.01,38.01,0.0,-323.848194,0.0
2019-03-05,16,0,270,48.09,48.09,0.0,295.795771,0.0
2019-03-05,16,0,272,41.25,41.25,0.0,890.496012,0.0
2019-03-05,16,0,273,38.56,38.56,0.0,237.177894,0.0
2019-03-05,16,0,274,60.01,60.01,0.0,369.114249,0.0
2019-03-05,16,0,275,80.45,80.45,0.0,494.838216,0.0
2019-03-05,16,0,276,8.72,8.72,0.0,66.472032,0.0
2019-03-05,16,0,277,10.79,10.79,0.0,244.025581,0.0
2019-03-05,16,0,278,17.27,17.27,0.0,390.576625,0.0
2019-03-05,16,0,279,169.32,169.32,0.0,3829.324506,0.0
2019-03-05,16,0,281,50.18,50.18,0.0,-50180.0,0.0
2019-03-05,16,0,282,395.99,395.99,0.0,-395990.0,0.0
2019-03-05,17,0,9,3.19,3.19,0.0,-1244.104722,0.0
2019-03-05,17,0,17,43.33,43.33,0.0,747.121807,0.0
2019-03-05,17,0,19,284.63,284.63,0.0,4907.760906,0.0
2019-03-05,17,0,20,342.76,342.76,0.0,5910.073176,0.0
2019-03-05,17,0,21,72.84,72.84,0.0,-28407.70781,0.0
2019-03-05,17,0,22,258.86,258.86,0.0,-100955.783138,0.0
2019-03-05,17,0,23,30.72,30.72,0.0,-11980.845469,0.0
2019-03-05,17,0,24,54.65,54.65,0.0,-21313.580887,0.0
2019-03-05,17,0,29,6.46,6.46,0.0,22.016384,0.0
2019-03-05,17,0,30,554.75,554.75,0.0,-554750.0,0.0
2019-03-05,17,0,31,125.0,125.0,0.0,-125000.0,0.0
2019-03-05,17,0,32,5.1,5.1,0.0,126.481383,0.0
2019-03-05,17,0,33,2.53,2.53,0.0,58.49262,0.0
2019-03-05,17,0,34,4.05,4.05,0.0,93.634431,0.0
2019-03-05,17,0,35,4.05,4.05,0.0,93.634431,0.0
2019-03-05,17,0,36,10.7,10.7,0.0,84.486507,0.0
2019-03-05,17,0,37,5.1,5.1,0.0,39.603324,0.0
2019-03-05,17,0,38,6.56,6.56,0.0,50.940746,0.0
2019-03-05,17,0,39,4.37,4.37,0.0,33.934613,0.0
2019-03-05,17,0,40,4.37,4.37,0.0,33.934613,0.0
2019-03-05,17,0,41,16.27,16.27,0.0,-130.075292,0.0
2019-03-05,17,0,42,35.9,35.9,0.0,573.275192,0.0
2019-03-05,17,0,43,32.58,32.58,0.0,275.924884,0.0
2019-03-05,17,0,46,27.2,27.2,0.0,175.444208,0.0
2019-03-05,17,0,52,132.5,132.5,0.0,-132500.0,0.0
2019-03-05,17,0,53,210.5,210.5,0.0,-210500.0,0.0
2019-03-05,17,0,55,529.43,529.43,0.0,-206478.483609,0.0
2019-03-05,17,0,56,163.63,163.63,0.0,-163630.0,0.0
2019-03-05,17,0,57,155.65,155.65,0.0,-155650.0,0.0
2019-03-05,17,0,58,299.33,299.33,0.0,-299330.0,0.0
2019-03-05,17,0,59,294.34,294.34,0.0,-294340.0,0.0
2019-03-05,17,0,63,9.13,9.13,0.0,248.236666,0.0
2019-03-05,17,0,64,10.74,10.74,0.0,292.011149,0.0
2019-03-05,17,0,65,29.6,29.6,0.0,503.376148,0.0
2019-03-05,17,0,67,321.28,321.28,0.0,5721.876807,0.0
2019-03-05,17,0,68,6.8,6.8,0.0,146.994177,0.0
2019-03-05,17,0,69,2.53,2.53,0.0,58.49262,0.0
2019-03-05,17,0,74,75.5,75.5,0.0,764.077929,0.0
2019-03-05,17,0,77,26.39,26.39,0.0,680.773802,0.0
2019-03-05,17,0,78,19.95,19.95,0.0,514.643325,0.0
2019-03-05,17,0,79,11.55,11.55,0.0,297.951399,0.0
2019-03-05,17,0,80,18.67,18.67,0.0,481.623603,0.0
2019-03-05,17,0,81,24.41,24.41,0.0,629.69642,0.0
2019-03-05,17,0,82,17.22,17.22,0.0,444.218449,0.0
2019-03-05,17,0,83,38.4,38.4,0.0,990.591664,0.0
2019-03-05,17,0,84,0.0,0.0,0.0,0.0,0.0
2019-03-05,17,0,86,12.81,12.81,0.0,296.162237,0.0
2019-03-05,17,0,87,65.42,65.42,0.0,1512.485053,0.0
2019-03-05,17,0,88,19.97,19.97,0.0,515.159258,0.0
2019-03-05,17,0,89,19.2,19.2,0.0,495.295832,0.0
2019-03-05,17,0,90,25.77,25.77,0.0,664.779874,0.0
2019-03-05,17,0,91,91.94,91.94,0.0,2371.744728,0.0
2019-03-05,17,0,92,33.07,33.07,0.0,853.095477,0.0
2019-03-05,17,0,95,37.9,37.9,0.0,940.704729,0.0
2019-03-05,17,0,96,16.52,16.52,0.0,669.527354,0.0
2019-03-05,17,0,97,101.61,101.61,0.0,4118.079568,0.0
2019-03-05,17,0,99,15.36,15.36,0.0,155.446848,0.0
2019-03-05,17,0,101,11.17,11.17,0.0,-11170.0,0.0
2019-03-05,17,0,102,16.08,16.08,0.0,347.597995,0.0
2019-03-05,17,0,103,13.98,13.98,0.0,302.202735,0.0
2019-03-05,17,0,104,2.61,2.61,0.0,56.419824,0.0
2019-03-05,17,0,106,254.82,254.82,0.0,-99380.177159,0.0
2019-03-05,17,0,109,42.94,42.94,0.0,196.397772,0.0
2019-03-05,17,0,110,0.0,0.0,0.0,0.0,0.0
2019-03-05,17,0,111,17.85,17.85,0.0,-142.707066,0.0
2019-03-05,17,0,113,13.31,13.31,0.0,309.510915,0.0
2019-03-05,17,0,115,13.31,13.31,0.0,309.510915,0.0
2019-03-05,17,0,116,120.5,120.5,0.0,741.180919,0.0
2019-03-05,17,0,117,0.89,0.89,0.0,20.696072,0.0
2019-03-05,17,0,119,10.74,10.74,0.0,292.011149,0.0
2019-03-05,17,0,120,6.32,6.32,0.0,171.835238,0.0
2019-03-05,17,0,123,4.25,4.25,0.0,-1657.50629,0.0
2019-03-05,17,0,125,49.39,49.39,0.0,-19262.173102,0.0
2019-03-05,17,0,126,191.12,191.12,0.0,-74537.082877,0.0
2019-03-05,17,0,127,245.27,245.27,0.0,-95655.663024,0.0
2019-03-05,17,0,128,71.09,71.09,0.0,-27725.20522,0.0
2019-03-05,17,0,131,13.81,13.81,0.0,312.569561,0.0
2019-03-05,17,0,132,20.31,20.31,0.0,459.687747,0.0
2019-03-05,17,0,133,111.85,111.85,0.0,1931.078468,0.0
2019-03-05,17,0,134,0.0,0.0,0.0,0.0,0.0
2019-03-05,17,0,135,146.43,146.43,0.0,2528.098526,0.0
2019-03-05,17,0,136,45.9,45.9,0.0,779.97684,0.0
2019-03-05,17,0,139,21.02,21.02,0.0,-168.050561,0.0
2019-03-05,17,0,140,0.0,0.0,0.0,0.0,0.0
2019-03-05,17,0,141,99.86,99.86,0.0,1778.469304,0.0
2019-03-05,17,0,142,423.69,423.69,0.0,7545.760658,0.0
2019-03-05,17,0,143,230.22,230.22,0.0,-230220.0,0.0
2019-03-05,17,0,145,16.45,16.45,0.0,-30.891368,0.0
2019-03-05,17,0,146,11.86,11.86,0.0,72.949425,0.0
2019-03-05,17,0,152,7.91,7.91,0.0,84.36036,0.0
2019-03-05,17,0,153,9.87,9.87,0.0,102.358998,0.0
2019-03-05,17,0,154,73.61,73.61,0.0,-588.496757,0.0
2019-03-05,17,0,157,35.83,35.83,0.0,638.118918,0.0
2019-03-05,17,0,158,337.9,337.9,0.0,6017.872799,0.0
2019-03-05,17,0,159,0.0,0.0,0.0,0.0,0.0
2019-03-05,17,0,160,2.51,2.51,0.0,27.147383,0.0
2019-03-05,17,0,161,60.04,60.04,0.0,1297.872116,0.0
2019-03-05,17,0,162,26.51,26.51,0.0,658.832314,0.0
2019-03-05,17,0,163,24.58,24.58,0.0,151.188606,0.0
2019-03-05,17,0,164,21.58,21.58,0.0,-21580.0,0.0
2019-03-05,17,0,167,5.7,5.7,0.0,141.126224,0.0
2019-03-05,17,0,168,2.85,2.85,0.0,70.563112,0.0
2019-03-05,17,0,169,0.0,0.0,0.0,0.0,0.0
2019-03-05,17,0,170,6.24,6.24,0.0,154.496076,0.0
2019-03-05,17,0,172,7.65,7.65,0.0,174.145272,0.0
2019-03-05,17,0,173,11.65,11.65,0.0,265.201624,0.0
2019-03-05,17,0,188,10.54,10.54,0.0,255.270786,0.0
2019-03-05,17,0,190,9.49,9.49,0.0,258.024749,0.0
2019-03-05,17,0,191,24.5,24.5,0.0,666.13344,0.0
2019-03-05,17,0,192,8.13,8.13,0.0,221.047546,0.0
2019-03-05,17,0,194,14.82,14.82,0.0,351.465102,0.0
2019-03-05,17,0,196,6.28,6.28,0.0,194.99293,0.0
2019-03-05,17,0,198,10.84,10.84,0.0,145.506281,0.0
2019-03-05,17,0,199,53.33,53.33,0.0,729.273024,0.0
2019-03-05,17,0,200,19.34,19.34,0.0,264.46916,0.0
2019-03-05,17,0,204,165.65,165.65,0.0,674.001903,0.0
2019-03-05,17,0,205,227.17,227.17,0.0,1039.023798,0.0
2019-03-05,17,0,206,298.57,298.57,0.0,12100.531606,0.0
2019-03-05,17,0,210,2.2,2.2,0.0,9.343282,0.0
2019-03-05,17,0,214,12.5,12.5,0.0,332.363949,0.0
2019-03-05,17,0,217,8.26,8.26,0.0,144.109326,0.0
2019-03-05,17,0,218,11.4,11.4,0.0,198.891806,0.0
2019-03-05,17,0,219,7.77,7.77,0.0,135.560468,0.0
2019-03-05,17,0,221,6.67,6.67,0.0,177.349403,0.0
2019-03-05,17,0,225,5.97,5.97,0.0,19.862787,0.0
2019-03-05,17,0,233,7.25,7.25,0.0,167.617191,0.0
2019-03-05,17,0,236,135.96,135.96,0.0,1908.790472,0.0
2019-03-05,17,0,237,186.56,186.56,0.0,1888.031503,0.0
2019-03-05,17,0,238,46.72,46.72,0.0,746.056182,0.0
2019-03-05,17,0,240,12.13,12.13,0.0,95.777694,0.0
2019-03-05,17,0,245,78.0,78.0,0.0,1412.800154,0.0
2019-03-05,17,0,247,154.8,154.8,0.0,2803.864922,0.0
2019-03-05,17,0,248,18.98,18.98,0.0,192.082107,0.0
2019-03-05,17,0,249,150.0,150.0,0.0,2716.923374,0.0
2019-03-05,17,0,251,164.02,164.02,0.0,2725.58832,0.0
2019-03-05,17,0,252,190.96,190.96,0.0,3247.456395,0.0
2019-03-05,17,0,254,17.25,17.25,0.0,156.250148,0.0
2019-03-05,17,0,255,7.91,7.91,0.0,71.648619,0.0
2019-03-05,17,0,258,14.88,14.88,0.0,118.869088,0.0
2019-03-05,17,0,260,6.09,6.09,0.0,65.867555,0.0
2019-03-05,17,0,265,76.21,76.21,0.0,-609.28322,0.0
2019-03-05,17,0,266,13.61,13.61,0.0,-108.809141,0.0
2019-03-05,17,0,267,16.72,16.72,0.0,-133.672949,0.0
2019-03-05,17,0,270,76.78,76.78,0.0,472.26449,0.0
2019-03-05,17,0,272,44.5,44.5,0.0,1034.803586,0.0
2019-03-05,17,0,273,28.81,28.81,0.0,177.206824,0.0
2019-03-05,17,0,274,98.97,98.97,0.0,608.752495,0.0
2019-03-05,17,0,275,137.77,137.77,0.0,847.4066,0.0
2019-03-05,17,0,276,6.43,6.43,0.0,56.288421,0.0
2019-03-05,17,0,277,8.07,8.07,0.0,195.886342,0.0
2019-03-05,17,0,278,12.92,12.92,0.0,313.612334,0.0
2019-03-05,17,0,279,80.48,80.48,0.0,1953.523271,0.0
2019-03-05,17,0,281,56.1,56.1,0.0,-56100.0,0.0
2019-03-05,17,0,282,304.31,304.31,0.0,-304310.0,0.0
2019-03-05,18,0,9,1.92,1.92,0.0,13.315358,0.0
2019-03-05,18,0,17,25.8,25.8,0.0,269.005665,0.0
2019-03-05,18,0,19,332.94,332.94,0.0,3471.424274,0.0
2019-03-05,18,0,20,405.43,405.43,0.0,4227.246782,0.0
2019-03-05,18,0,21,43.84,43.84,0.0,304.034018,0.0
2019-03-05,18,0,22,155.8,155.8,0.0,1080.485859,0.0
2019-03-05,18,0,23,79.49,79.49,0.0,551.269711,0.0
2019-03-05,18,0,24,141.05,141.05,0.0,978.193392,0.0
2019-03-05,18,0,29,3.81,3.81,0.0,29.757311,0.0
2019-03-05,18,0,30,346.68,346.68,0.0,2397.513222,0.0
2019-03-05,18,0,31,92.34,92.34,0.0,638.58997,0.0
2019-03-05,18,0,32,3.05,3.05,0.0,53.800302,0.0
2019-03-05,18,0,33,1.51,1.51,0.0,16.884546,0.0
2019-03-05,18,0,34,2.41,2.41,0.0,26.948182,0.0
2019-03-05,18,0,35,2.41,2.41,0.0,26.948182,0.0
2019-03-05,18,0,36,6.48,6.48,0.0,59.050781,0.0
2019-03-05,18,0,37,3.0,3.0,0.0,27.221996,0.0
2019-03-05,18,0,38,3.86,3.86,0.0,35.025634,0.0
2019-03-05,18,0,39,2.57,2.57,0.0,23.320176,0.0
2019-03-05,18,0,40,2.57,2.57,0.0,23.320176,0.0
2019-03-05,18,0,41,17.39,17.39,0.0,138.788416,0.0
2019-03-05,18,0,42,20.61,20.61,0.0,211.517671,0.0
2019-03-05,18,0,43,19.15,19.15,0.0,174.949263,0.0
2019-03-05,18,0,46,16.54,16.54,0.0,146.273688,0.0
2019-03-05,18,0,52,97.89,97.89,0.0,676.971759,0.0
2019-03-05,18,0,53,155.55,155.55,0.0,1075.727419,0.0
2019-03-05,18,0,55,460.54,460.54,0.0,3193.882912,0.0
2019-03-05,18,0,56,102.26,102.26,0.0,707.193095,0.0
2019-03-05,18,0,57,97.27,97.27,0.0,672.684063,0.0
2019-03-05,18,0,58,187.06,187.06,0.0,1293.639158,0.0
2019-03-05,18,0,59,183.94,183.94,0.0,1272.062369,0.0
2019-03-05,18,0,63,18.6,18.6,0.0,347.266095,0.0
2019-03-05,18,0,64,21.89,21.89,0.0,408.691119,0.0
2019-03-05,18,0,65,24.76,24.76,0.0,257.409047,0.0
2019-03-05,18,0,67,197.28,197.28,0.0,775.986683,0.0
2019-03-05,18,0,68,4.57,4.57,0.0,20.506013,0.0
2019-03-05,18,0,69,1.51,1.51,0.0,16.884546,0.0
2019-03-05,18,0,74,52.36,52.36,0.0,500.433405,0.0
2019-03-05,18,0,77,32.26,32.26,0.0,163.655282,0.0
2019-03-05,18,0,78,24.39,24.39,0.0,123.730698,0.0
2019-03-05,18,0,79,14.11,14.11,0.0,71.580162,0.0
2019-03-05,18,0,80,22.82,22.82,0.0,115.766074,0.0
2019-03-05,18,0,81,29.84,29.84,0.0,151.3786,0.0
2019-03-05,18,0,82,21.05,21.05,0.0,106.786847,0.0
2019-03-05,18,0,83,46.94,46.94,0.0,238.12706,0.0
2019-03-05,18,0,84,0.0,0.0,0.0,0.0,0.0
2019-03-05,18,0,86,7.64,7.64,0.0,85.429092,0.0
2019-03-05,18,0,87,38.98,38.98,0.0,435.867281,0.0
2019-03-05,18,0,88,23.76,23.76,0.0,120.534703,0.0
2019-03-05,18,0,89,22.84,22.84,0.0,115.867534,0.0
2019-03-05,18,0,90,30.67,30.67,0.0,155.589197,0.0
2019-03-05,18,0,91,109.42,109.42,0.0,555.088685,0.0
2019-03-05,18,0,92,39.35,39.35,0.0,199.622919,0.0
2019-03-05,18,0,95,27.67,27.67,0.0,487.755239,0.0
2019-03-05,18,0,96,19.18,19.18,0.0,132.252153,0.0
2019-03-05,18,0,97,117.96,117.96,0.0,813.371428,0.0
2019-03-05,18,0,99,10.11,10.11,0.0,96.626847,0.0
2019-03-05,18,0,101,6.98,6.98,0.0,48.27115,0.0
2019-03-05,18,0,102,10.83,10.83,0.0,48.595212,0.0
2019-03-05,18,0,103,9.42,9.42,0.0,42.268411,0.0
2019-03-05,18,0,104,1.75,1.75,0.0,7.852412,0.0
2019-03-05,18,0,106,153.38,153.38,0.0,1063.70296,0.0
2019-03-05,18,0,109,45.75,45.75,0.0,393.0253,0.0
2019-03-05,18,0,110,0.0,0.0,0.0,0.0,0.0
2019-03-05,18,0,111,11.39,11.39,0.0,90.902821,0.0
2019-03-05,18,0,113,15.83,15.83,0.0,75.593383,0.0
2019-03-05,18,0,115,15.83,15.83,0.0,75.593383,0.0
2019-03-05,18,0,116,72.22,72.22,0.0,161.623402,0.0
2019-03-05,18,0,117,1.06,1.06,0.0,5.061844,0.0
2019-03-05,18,0,119,21.89,21.89,0.0,408.691119,0.0
2019-03-05,18,0,120,12.87,12.87,0.0,240.285733,0.0
2019-03-05,18,0,123,2.56,2.56,0.0,17.753811,0.0
2019-03-05,18,0,125,127.56,127.56,0.0,884.639128,0.0
2019-03-05,18,0,126,115.03,115.03,0.0,797.742544,0.0
2019-03-05,18,0,127,147.62,147.62,0.0,1023.756884,0.0
2019-03-05,18,0,128,183.17,183.17,0.0,1270.299068,0.0
2019-03-05,18,0,131,17.16,17.16,0.0,79.535901,0.0
2019-03-05,18,0,132,25.23,25.23,0.0,116.940022,0.0
2019-03-05,18,0,133,139.8,139.8,0.0,1458.035904,0.0
2019-03-05,18,0,134,0.0,0.0,0.0,0.0,0.0
2019-03-05,18,0,135,187.33,187.33,0.0,1953.747252,0.0
2019-03-05,18,0,136,40.72,40.72,0.0,423.26386,0.0
2019-03-05,18,0,139,22.46,22.46,0.0,179.251744,0.0
2019-03-05,18,0,140,0.0,0.0,0.0,0.0,0.0
2019-03-05,18,0,141,155.49,155.49,0.0,611.608725,0.0
2019-03-05,18,0,142,260.16,260.16,0.0,1023.320638,0.0
2019-03-05,18,0,143,176.17,176.17,0.0,1218.327865,0.0
2019-03-05,18,0,145,19.1,19.1,0.0,143.976152,0.0
2019-03-05,18,0,146,46.48,46.48,0.0,104.019049,0.0
2019-03-05,18,0,152,4.74,4.74,0.0,45.280759,0.0
2019-03-05,18,0,153,5.89,5.89,0.0,56.032903,0.0
2019-03-05,18,0,154,46.98,46.98,0.0,374.944209,0.0
2019-03-05,18,0,157,74.23,74.23,0.0,291.978363,0.0
2019-03-05,18,0,158,210.58,210.58,0.0,828.301276,0.0
2019-03-05,18,0,159,0.0,0.0,0.0,0.0,0.0
2019-03-05,18,0,160,1.5,1.5,0.0,14.091549,0.0
2019-03-05,18,0,161,36.58,36.58,0.0,164.137844,0.0
2019-03-05,18,0,162,19.54,19.54,0.0,344.741083,0.0
2019-03-05,18,0,163,33.84,33.84,0.0,75.731597,0.0
2019-03-05,18,0,164,13.89,13.89,0.0,96.058205,0.0
2019-03-05,18,0,167,3.44,3.44,0.0,60.552648,0.0
2019-03-05,18,0,168,1.72,1.72,0.0,30.276324,0.0
2019-03-05,18,0,169,0.0,0.0,0.0,0.0,0.0
2019-03-05,18,0,170,3.76,3.76,0.0,66.185452,0.0
2019-03-05,18,0,172,4.56,4.56,0.0,76.033929,0.0
2019-03-05,18,0,173,6.95,6.95,0.0,115.885045,0.0
2019-03-05,18,0,188,6.3,6.3,0.0,108.142771,0.0
2019-03-05,18,0,190,5.56,5.56,0.0,103.806424,0.0
2019-03-05,18,0,191,14.36,14.36,0.0,268.104361,0.0
2019-03-05,18,0,192,10.94,10.94,0.0,204.252208,0.0
2019-03-05,18,0,194,33.67,33.67,0.0,165.309793,0.0
2019-03-05,18,0,196,3.76,3.76,0.0,73.840984,0.0
2019-03-05,18,0,198,6.56,6.56,0.0,63.100249,0.0
2019-03-05,18,0,199,40.88,40.88,0.0,354.333169,0.0
2019-03-05,18,0,200,11.41,11.41,0.0,98.897785,0.0
2019-03-05,18,0,204,172.65,172.65,0.0,1467.372025,0.0
2019-03-05,18,0,205,242.04,242.04,0.0,2079.297127,0.0
2019-03-05,18,0,206,346.62,346.62,0.0,2390.054294,0.0
2019-03-05,18,0,210,1.3,1.3,0.0,10.484008,0.0
2019-03-05,18,0,214,7.48,7.48,0.0,86.98752,0.0
2019-03-05,18,0,217,4.88,4.88,0.0,49.174189,0.0
2019-03-05,18,0,218,6.73,6.73,0.0,67.816044,0.0
2019-03-05,18,0,219,4.58,4.58,0.0,46.151186,0.0
2019-03-05,18,0,221,3.99,3.99,0.0,46.401097,0.0
2019-03-05,18,0,225,3.53,3.53,0.0,27.483729,0.0
2019-03-05,18,0,233,4.32,4.32,0.0,48.305455,0.0
2019-03-05,18,0,236,137.38,137.38,0.0,1374.872399,0.0
2019-03-05,18,0,237,125.6,125.6,0.0,1200.428488,0.0
2019-03-05,18,0,238,26.83,26.83,0.0,275.352699,0.0
2019-03-05,18,0,240,7.34,7.34,0.0,66.887767,0.0
2019-03-05,18,0,245,78.0,78.0,0.0,821.995725,0.0
2019-03-05,18,0,247,143.04,143.04,0.0,1507.413698,0.0
2019-03-05,18,0,248,12.61,12.61,0.0,120.520726,0.0
2019-03-05,18,0,249,150.0,150.0,0.0,1580.761009,0.0
2019-03-05,18,0,251,136.53,136.53,0.0,1412.571479,0.0
2019-03-05,18,0,252,159.69,159.69,0.0,1660.163602,0.0
2019-03-05,18,0,254,10.55,10.55,0.0,97.066671,0.0
2019-03-05,18,0,255,4.84,4.84,0.0,44.53106,0.0
2019-03-05,18,0,258,9.13,9.13,0.0,83.233486,0.0
2019-03-05,18,0,260,3.64,3.64,0.0,34.195493,0.0
2019-03-05,18,0,265,48.64,48.64,0.0,388.192557,0.0
2019-03-05,18,0,266,14.54,14.54,0.0,116.042759,0.0
2019-03-05,18,0,267,17.87,17.87,0.0,142.619264,0.0
2019-03-05,18,0,270,105.68,105.68,0.0,236.504586,0.0
2019-03-05,18,0,272,52.92,52.92,0.0,252.710161,0.0
2019-03-05,18,0,273,17.27,17.27,0.0,38.649075,0.0
2019-03-05,18,0,274,136.24,136.24,0.0,304.895768,0.0
2019-03-05,18,0,275,189.64,189.64,0.0,424.401302,0.0
2019-03-05,18,0,276,3.87,3.87,0.0,10.125855,0.0
2019-03-05,18,0,277,4.89,4.89,0.0,23.934941,0.0
2019-03-05,18,0,278,7.83,7.83,0.0,38.325274,0.0
2019-03-05,18,0,279,96.27,96.27,0.0,471.209981,0.0
2019-03-05,18,0,281,41.41,41.41,0.0,286.37655,0.0
2019-03-05,18,0,282,190.18,190.18,0.0,1315.215947,0.0
2019-03-05,19,0,9,0.52,0.52,0.0,3.655522,0.0
2019-03-05,19,0,17,5.04,5.04,0.0,50.018921,0.0
2019-03-05,19,0,19,615.51,615.51,0.0,6108.560724,0.0
2019-03-05,19,0,20,748.14,748.14,0.0,7424.832448,0.0
2019-03-05,19,0,21,11.87,11.87,0.0,83.44432,0.0
2019-03-05,19,0,22,42.17,42.17,0.0,296.448777,0.0
2019-03-05,19,0,23,108.8,108.8,0.0,764.847686,0.0
2019-03-05,19,0,24,192.5,192.5,0.0,1353.246136,0.0
2019-03-05,19,0,29,0.49,0.49,0.0,4.388731,0.0
2019-03-05,19,0,30,118.37,118.37,0.0,830.116207,0.0
2019-03-05,19,0,31,37.5,37.5,0.0,262.983507,0.0
2019-03-05,19,0,32,0.46,0.46,0.0,8.444913,0.0
2019-03-05,19,0,33,0.37,0.37,0.0,3.887545,0.0
2019-03-05,19,0,34,0.6,0.6,0.0,6.304126,0.0
2019-03-05,19,0,35,0.6,0.6,0.0,6.304126,0.0
2019-03-05,19,0,36,1.82,1.82,0.0,16.295486,0.0
2019-03-05,19,0,37,0.84,0.84,0.0,7.501629,0.0
2019-03-05,19,0,38,1.07,1.07,0.0,9.555646,0.0
2019-03-05,19,0,39,0.72,0.72,0.0,6.429968,0.0
2019-03-05,19,0,40,0.72,0.72,0.0,6.429968,0.0
2019-03-05,19,0,41,19.08,19.08,0.0,151.308164,0.0
2019-03-05,19,0,42,7.34,7.34,0.0,71.918246,0.0
2019-03-05,19,0,43,5.21,5.21,0.0,46.984154,0.0
2019-03-05,19,0,46,4.05,4.05,0.0,35.389822,0.0
2019-03-05,19,0,52,39.75,39.75,0.0,278.762518,0.0
2019-03-05,19,0,53,63.15,63.15,0.0,442.864226,0.0
2019-03-05,19,0,55,186.9,186.9,0.0,1313.878976,0.0
2019-03-05,19,0,56,34.92,34.92,0.0,244.890242,0.0
2019-03-05,19,0,57,33.21,33.21,0.0,232.898194,0.0
2019-03-05,19,0,58,63.87,63.87,0.0,447.91351,0.0
2019-03-05,19,0,59,62.81,62.81,0.0,440.479843,0.0
2019-03-05,19,0,63,25.5,25.5,0.0,495.717845,0.0
2019-03-05,19,0,64,30.0,30.0,0.0,583.197465,0.0
2019-03-05,19,0,65,20.5,20.5,0.0,202.969152,0.0
2019-03-05,19,0,67,52.32,52.32,0.0,211.511221,0.0
2019-03-05,19,0,68,7.36,7.36,0.0,34.781191,0.0
2019-03-05,19,0,69,0.37,0.37,0.0,3.887545,0.0
2019-03-05,19,0,74,58.18,58.18,0.0,538.041885,0.0
2019-03-05,19,0,77,40.67,40.67,0.0,219.761653,0.0
2019-03-05,19,0,78,30.75,30.75,0.0,166.158614,0.0
2019-03-05,19,0,79,17.79,17.79,0.0,96.128837,0.0
2019-03-05,19,0,80,28.77,28.77,0.0,155.45962,0.0
2019-03-05,19,0,81,37.62,37.62,0.0,203.28088,0.0
2019-03-05,19,0,82,26.54,26.54,0.0,143.409743,0.0
2019-03-05,19,0,83,59.17,59.17,0.0,319.726998,0.0
2019-03-05,19,0,84,0.0,0.0,0.0,0.0,0.0
2019-03-05,19,0,86,1.89,1.89,0.0,19.857998,0.0
2019-03-05,19,0,87,9.63,9.63,0.0,101.181226,0.0
2019-03-05,19,0,88,29.48,29.48,0.0,159.296128,0.0
2019-03-05,19,0,89,28.34,28.34,0.0,153.136101,0.0
2019-03-05,19,0,90,38.05,38.05,0.0,205.604399,0.0
2019-03-05,19,0,91,135.74,135.74,0.0,733.475455,0.0
2019-03-05,19,0,92,48.82,48.82,0.0,263.80044,0.0
2019-03-05,19,0,95,22.01,22.01,0.0,403.907636,0.0
2019-03-05,19,0,96,22.67,22.67,0.0,158.580556,0.0
2019-03-05,19,0,97,139.38,139.38,0.0,974.987113,0.0
2019-03-05,19,0,99,11.23,11.23,0.0,103.853736,0.0
2019-03-05,19,0,101,2.38,2.38,0.0,16.690687,0.0
2019-03-05,19,0,102,21.05,21.05,0.0,99.476095,0.0
2019-03-05,19,0,103,17.66,17.66,0.0,83.455955,0.0
2019-03-05,19,0,104,2.52,2.52,0.0,11.908777,0.0
2019-03-05,19,0,106,41.51,41.51,0.0,291.809076,0.0
2019-03-05,19,0,109,51.33,51.33,0.0,435.420713,0.0
2019-03-05,19,0,110,32.88,32.88,0.0,64.145592,0.0
2019-03-05,19,0,111,3.91,3.91,0.0,31.007071,0.0
2019-03-05,19,0,113,20.23,20.23,0.0,104.875151,0.0
2019-03-05,19,0,115,20.23,20.23,0.0,104.875151,0.0
2019-03-05,19,0,116,16.13,16.13,0.0,31.468017,0.0
2019-03-05,19,0,117,1.35,1.35,0.0,6.998589,0.0
2019-03-05,19,0,119,30.0,30.0,0.0,583.197465,0.0
2019-03-05,19,0,120,17.64,17.64,0.0,342.920109,0.0
2019-03-05,19,0,123,0.69,0.69,0.0,4.850597,0.0
2019-03-05,19,0,125,174.2,174.2,0.0,1224.59988,0.0
2019-03-05,19,0,126,31.14,31.14,0.0,218.909531,0.0
2019-03-05,19,0,127,39.96,39.96,0.0,280.912808,0.0
2019-03-05,19,0,128,249.5,249.5,0.0,1753.947589,0.0
2019-03-05,19,0,131,21.86,21.86,0.0,107.291709,0.0
2019-03-05,19,0,132,32.13,32.13,0.0,157.698198,0.0
2019-03-05,19,0,133,135.62,135.62,0.0,1346.245341,0.0
2019-03-05,19,0,134,0.0,0.0,0.0,0.0,0.0
2019-03-05,19,0,135,183.78,183.78,0.0,1824.310343,0.0
2019-03-05,19,0,136,33.2,33.2,0.0,328.668267,0.0
2019-03-05,19,0,139,24.64,24.64,0.0,195.400061,0.0
2019-03-05,19,0,140,24.34,24.34,0.0,47.484906,0.0
2019-03-05,19,0,141,230.0,230.0,0.0,929.808502,0.0
2019-03-05,19,0,142,69.0,69.0,0.0,278.942551,0.0
2019-03-05,19,0,143,71.55,71.55,0.0,501.772532,0.0
2019-03-05,19,0,145,22.66,22.66,0.0,171.28264,0.0
2019-03-05,19,0,146,119.67,119.67,0.0,233.464204,0.0
2019-03-05,19,0,152,1.39,1.39,0.0,12.863623,0.0
2019-03-05,19,0,153,1.68,1.68,0.0,15.496413,0.0
2019-03-05,19,0,154,16.15,16.15,0.0,128.072686,0.0
2019-03-05,19,0,157,135.4,135.4,0.0,547.374222,0.0
2019-03-05,19,0,158,61.83,61.83,0.0,249.956781,0.0
2019-03-05,19,0,159,0.0,0.0,0.0,0.0,0.0
2019-03-05,19,0,160,0.38,0.38,0.0,3.542805,0.0
2019-03-05,19,0,161,9.29,9.29,0.0,43.901802,0.0
2019-03-05,19,0,162,16.36,16.36,0.0,300.479184,0.0
2019-03-05,19,0,163,52.0,52.0,0.0,101.4468,0.0
2019-03-05,19,0,164,4.66,4.66,0.0,32.680084,0.0
2019-03-05,19,0,167,0.51,0.51,0.0,9.345452,0.0
2019-03-05,19,0,168,0.25,0.25,0.0,4.581104,0.0
2019-03-05,19,0,169,0.0,0.0,0.0,0.0,0.0
2019-03-05,19,0,170,0.55,0.55,0.0,10.078428,0.0
2019-03-05,19,0,172,0.67,0.67,0.0,11.67272,0.0
2019-03-05,19,0,173,1.02,1.02,0.0,17.77041,0.0
2019-03-05,19,0,188,0.99,0.99,0.0,17.703496,0.0
2019-03-05,19,0,190,1.05,1.05,0.0,20.411911,0.0
2019-03-05,19,0,191,2.71,2.71,0.0,52.682171,0.0
2019-03-05,19,0,192,22.0,22.0,0.0,427.678141,0.0
2019-03-05,19,0,194,78.48,78.48,0.0,430.689274,0.0
2019-03-05,19,0,196,0.81,0.81,0.0,16.639082,0.0
2019-03-05,19,0,198,1.44,1.44,0.0,14.011477,0.0
2019-03-05,19,0,199,33.07,33.07,0.0,307.331512,0.0
2019-03-05,19,0,200,1.71,1.71,0.0,15.891651,0.0
2019-03-05,19,0,204,191.36,191.36,0.0,1608.986048,0.0
2019-03-05,19,0,205,271.52,271.52,0.0,2303.242394,0.0
2019-03-05,19,0,206,409.57,409.57,0.0,2865.012714,0.0
2019-03-05,19,0,210,0.2,0.2,0.0,1.825462,0.0
2019-03-05,19,0,214,1.65,1.65,0.0,17.90549,0.0
2019-03-05,19,0,217,0.99,0.99,0.0,10.001648,0.0
2019-03-05,19,0,218,1.36,1.36,0.0,13.739637,0.0
2019-03-05,19,0,219,0.93,0.93,0.0,9.395487,0.0
2019-03-05,19,0,221,0.88,0.88,0.0,9.549595,0.0
2019-03-05,19,0,225,0.55,0.55,0.0,4.917059,0.0
2019-03-05,19,0,233,1.07,1.07,0.0,11.242358,0.0
2019-03-05,19,0,236,139.14,139.14,0.0,1336.074239,0.0
2019-03-05,19,0,237,139.57,139.57,0.0,1290.727156,0.0
2019-03-05,19,0,238,9.56,9.56,0.0,93.670086,0.0
2019-03-05,19,0,240,2.07,2.07,0.0,18.533877,0.0
2019-03-05,19,0,245,78.0,78.0,0.0,780.82988,0.0
2019-03-05,19,0,247,132.37,132.37,0.0,1325.108349,0.0
2019-03-05,19,0,248,14.01,14.01,0.0,129.562853,0.0
2019-03-05,19,0,249,150.0,150.0,0.0,1501.595923,0.0
2019-03-05,19,0,251,112.32,112.32,0.0,1107.747602,0.0
2019-03-05,19,0,252,132.24,132.24,0.0,1309.299541,0.0
2019-03-05,19,0,254,2.8,2.8,0.0,25.464969,0.0
2019-03-05,19,0,255,1.28,1.28,0.0,11.641129,0.0
2019-03-05,19,0,258,2.56,2.56,0.0,22.947795,0.0
2019-03-05,19,0,260,0.92,0.92,0.0,8.577317,0.0
2019-03-05,19,0,265,16.72,16.72,0.0,132.592899,0.0
2019-03-05,19,0,266,15.95,15.95,0.0,126.486647,0.0
2019-03-05,19,0,267,19.61,19.61,0.0,155.511169,0.0
2019-03-05,19,0,270,162.4,162.4,0.0,316.826161,0.0
2019-03-05,19,0,272,67.62,67.62,0.0,350.551542,0.0
2019-03-05,19,0,273,3.86,3.86,0.0,7.530474,0.0
2019-03-05,19,0,274,209.35,209.35,0.0,408.420916,0.0
2019-03-05,19,0,275,291.42,291.42,0.0,568.53128,0.0
2019-03-05,19,0,276,0.86,0.86,0.0,2.079431,0.0
2019-03-05,19,0,277,1.1,1.1,0.0,5.799308,0.0
2019-03-05,19,0,278,1.76,1.76,0.0,9.278892,0.0
2019-03-05,19,0,279,123.02,123.02,0.0,648.573473,0.0
2019-03-05,19,0,281,16.83,16.83,0.0,118.026998,0.0
2019-03-05,19,0,282,64.93,64.93,0.0,455.347177,0.0
2019-03-05,20,0,9,0.0,0.0,0.0,0.0,0.0
2019-03-05,20,0,17,0.0,0.0,0.0,0.0,0.0
2019-03-05,20,0,19,643.3,643.3,0.0,8357.319341,0.0
2019-03-05,20,0,20,780.2,780.2,0.0,10135.831726,0.0
2019-03-05,20,0,21,0.0,0.0,0.0,0.0,0.0
2019-03-05,20,0,22,0.0,0.0,0.0,0.0,0.0
2019-03-05,20,0,23,70.61,70.61,0.0,877.676126,0.0
2019-03-05,20,0,24,124.93,124.93,0.0,1552.868977,0.0
2019-03-05,20,0,29,0.0,0.0,0.0,0.0,0.0
2019-03-05,20,0,30,0.0,0.0,0.0,0.0,0.0
2019-03-05,20,0,31,37.5,37.5,0.0,465.257435,0.0
2019-03-05,20,0,32,0.0,0.0,0.0,0.0,0.0
2019-03-05,20,0,33,0.0,0.0,0.0,0.0,0.0
2019-03-05,20,0,34,0.0,0.0,0.0,0.0,0.0
2019-03-05,20,0,35,0.0,0.0,0.0,0.0,0.0
2019-03-05,20,0,36,0.0,0.0,0.0,0.0,0.0
2019-03-05,20,0,37,0.0,0.0,0.0,0.0,0.0
2019-03-05,20,0,38,0.0,0.0,0.0,0.0,0.0
2019-03-05,20,0,39,0.0,0.0,0.0,0.0,0.0
2019-03-05,20,0,40,0.0,0.0,0.0,0.0,0.0
2019-03-05,20,0,41,23.72,23.72,0.0,317.651529,0.0
2019-03-05,20,0,42,0.0,0.0,0.0,0.0,0.0
2019-03-05,20,0,43,0.0,0.0,0.0,0.0,0.0
2019-03-05,20,0,46,0.0,0.0,0.0,0.0,0.0
2019-03-05,20,0,52,39.75,39.75,0.0,493.172882,0.0
2019-03-05,20,0,53,63.15,63.15,0.0,783.493521,0.0
2019-03-05,20,0,55,157.09,157.09,0.0,1952.614965,0.0
2019-03-05,20,0,56,0.0,0.0,0.0,0.0,0.0
2019-03-05,20,0,57,0.0,0.0,0.0,0.0,0.0
2019-03-05,20,0,58,0.0,0.0,0.0,0.0,0.0
2019-03-05,20,0,59,0.0,0.0,0.0,0.0,0.0
2019-03-05,20,0,63,16.69,16.69,0.0,328.66945,0.0
2019-03-05,20,0,64,19.63,19.63,0.0,386.565686,0.0
2019-03-05,20,0,65,10.28,10.28,0.0,133.930822,0.0
2019-03-05,20,0,67,0.0,0.0,0.0,0.0,0.0
2019-03-05,20,0,68,3.96,3.96,0.0,37.04027,0.0
2019-03-05,20,0,69,0.0,0.0,0.0,0.0,0.0
2019-03-05,20,0,74,36.28,36.28,0.0,504.235931,0.0
2019-03-05,20,0,77,36.34,36.34,0.0,369.296364,0.0
2019-03-05,20,0,78,27.59,27.59,0.0,280.376629,0.0
2019-03-05,20,0,79,16.05,16.05,0.0,163.104201,0.0
2019-03-05,20,0,80,25.84,25.84,0.0,262.592682,0.0
2019-03-05,20,0,81,33.65,33.65,0.0,341.959897,0.0
2019-03-05,20,0,82,23.85,23.85,0.0,242.369793,0.0
2019-03-05,20,0,83,52.46,52.46,0.0,533.111923,0.0
2019-03-05,20,0,84,0.0,0.0,0.0,0.0,0.0
2019-03-05,20,0,86,0.0,0.0,0.0,0.0,0.0
2019-03-05,20,0,87,0.0,0.0,0.0,0.0,0.0
2019-03-05,20,0,88,36.86,36.86,0.0,374.580737,0.0
2019-03-05,20,0,89,35.44,35.44,0.0,360.150334,0.0
2019-03-05,20,0,90,47.54,47.54,0.0,483.113626,0.0
2019-03-05,20,0,91,169.28,169.28,0.0,1720.266609,0.0
2019-03-05,20,0,92,60.96,60.96,0.0,619.491094,0.0
2019-03-05,20,0,95,17.39,17.39,0.0,326.363017,0.0
2019-03-05,20,0,96,14.91,14.91,0.0,184.627219,0.0
2019-03-05,20,0,97,107.62,107.62,0.0,1332.634559,0.0
2019-03-05,20,0,99,7.0,7.0,0.0,97.289182,0.0
2019-03-05,20,0,101,0.0,0.0,0.0,0.0,0.0
2019-03-05,20,0,102,9.37,9.37,0.0,87.643266,0.0
2019-03-05,20,0,103,8.15,8.15,0.0,76.231869,0.0
2019-03-05,20,0,104,1.51,1.51,0.0,14.123941,0.0
2019-03-05,20,0,106,0.0,0.0,0.0,0.0,0.0
2019-03-05,20,0,109,32.9,32.9,0.0,480.692443,0.0
2019-03-05,20,0,110,40.58,40.58,0.0,249.60267,0.0
2019-03-05,20,0,111,0.0,0.0,0.0,0.0,0.0
2019-03-05,20,0,113,14.12,14.12,0.0,138.696199,0.0
2019-03-05,20,0,115,14.12,14.12,0.0,138.696199,0.0
2019-03-05,20,0,116,0.0,0.0,0.0,0.0,0.0
2019-03-05,20,0,117,0.94,0.94,0.0,9.233316,0.0
2019-03-05,20,0,119,19.63,19.63,0.0,386.565686,0.0
2019-03-05,20,0,120,11.55,11.55,0.0,227.449499,0.0
2019-03-05,20,0,123,0.0,0.0,0.0,0.0,0.0
2019-03-05,20,0,125,113.05,113.05,0.0,1405.201615,0.0
2019-03-05,20,0,126,0.0,0.0,0.0,0.0,0.0
2019-03-05,20,0,127,0.0,0.0,0.0,0.0,0.0
2019-03-05,20,0,128,161.92,161.92,0.0,2012.651442,0.0
2019-03-05,20,0,131,13.41,13.41,0.0,128.255392,0.0
2019-03-05,20,0,132,19.71,19.71,0.0,188.509603,0.0
2019-03-05,20,0,133,103.8,103.8,0.0,1348.138028,0.0
2019-03-05,20,0,134,0.0,0.0,0.0,0.0,0.0
2019-03-05,20,0,135,138.32,138.32,0.0,1796.478343,0.0
2019-03-05,20,0,136,17.83,17.83,0.0,232.330595,0.0
2019-03-05,20,0,139,31.74,31.74,0.0,425.0531,0.0
2019-03-05,20,0,140,30.03,30.03,0.0,184.710896,0.0
2019-03-05,20,0,141,141.97,141.97,0.0,1216.002196,0.0
2019-03-05,20,0,142,0.0,0.0,0.0,0.0,0.0
2019-03-05,20,0,143,71.55,71.55,0.0,887.711187,0.0
2019-03-05,20,0,145,15.23,15.23,0.0,201.347265,0.0
2019-03-05,20,0,146,102.18,102.18,0.0,628.496816,0.0
2019-03-05,20,0,152,0.0,0.0,0.0,0.0,0.0
2019-03-05,20,0,153,0.0,0.0,0.0,0.0,0.0
2019-03-05,20,0,154,0.0,0.0,0.0,0.0,0.0
2019-03-05,20,0,157,111.36,111.36,0.0,953.821262,0.0
2019-03-05,20,0,158,0.0,0.0,0.0,0.0,0.0
2019-03-05,20,0,159,0.0,0.0,0.0,0.0,0.0
2019-03-05,20,0,160,0.0,0.0,0.0,0.0,0.0
2019-03-05,20,0,161,0.0,0.0,0.0,0.0,0.0
2019-03-05,20,0,162,10.41,10.41,0.0,195.50274,0.0
2019-03-05,20,0,163,39.0,39.0,0.0,239.884281,0.0
2019-03-05,20,0,164,0.0,0.0,0.0,0.0,0.0
2019-03-05,20,0,167,0.0,0.0,0.0,0.0,0.0
2019-03-05,20,0,168,0.0,0.0,0.0,0.0,0.0
2019-03-05,20,0,169,0.0,0.0,0.0,0.0,0.0
2019-03-05,20,0,170,0.0,0.0,0.0,0.0,0.0
2019-03-05,20,0,172,0.0,0.0,0.0,0.0,0.0
2019-03-05,20,0,173,0.0,0.0,0.0,0.0,0.0
2019-03-05,20,0,188,0.0,0.0,0.0,0.0,0.0
2019-03-05,20,0,190,0.0,0.0,0.0,0.0,0.0
2019-03-05,20,0,191,0.0,0.0,0.0,0.0,0.0
2019-03-05,20,0,192,17.19,17.19,0.0,338.515748,0.0
2019-03-05,20,0,194,51.86,51.86,0.0,523.407294,0.0
2019-03-05,20,0,196,0.0,0.0,0.0,0.0,0.0
2019-03-05,20,0,198,0.0,0.0,0.0,0.0,0.0
2019-03-05,20,0,199,26.71,26.71,0.0,315.017985,0.0
2019-03-05,20,0,200,0.0,0.0,0.0,0.0,0.0
2019-03-05,20,0,204,225.36,225.36,0.0,3296.500604,0.0
2019-03-05,20,0,205,174.02,174.02,0.0,2542.556198,0.0
2019-03-05,20,0,206,407.69,407.69,0.0,5048.334729,0.0
2019-03-05,20,0,210,0.0,0.0,0.0,0.0,0.0
2019-03-05,20,0,214,0.0,0.0,0.0,0.0,0.0
2019-03-05,20,0,217,0.0,0.0,0.0,0.0,0.0
2019-03-05,20,0,218,0.0,0.0,0.0,0.0,0.0
2019-03-05,20,0,219,0.0,0.0,0.0,0.0,0.0
2019-03-05,20,0,221,0.0,0.0,0.0,0.0,0.0
2019-03-05,20,0,225,0.0,0.0,0.0,0.0,0.0
2019-03-05,20,0,233,0.0,0.0,0.0,0.0,0.0
2019-03-05,20,0,236,82.08,82.08,0.0,1109.995399,0.0
2019-03-05,20,0,237,87.04,87.04,0.0,1209.721483,0.0
2019-03-05,20,0,238,0.0,0.0,0.0,0.0,0.0
2019-03-05,20,0,240,0.0,0.0,0.0,0.0,0.0
2019-03-05,20,0,245,144.2,144.2,0.0,1853.747711,0.0
2019-03-05,20,0,247,78.79,78.79,0.0,1012.876437,0.0
2019-03-05,20,0,248,8.74,8.74,0.0,121.472493,0.0
2019-03-05,20,0,249,277.2,277.2,0.0,3563.515018,0.0
2019-03-05,20,0,251,55.86,55.86,0.0,731.150463,0.0
2019-03-05,20,0,252,66.29,66.29,0.0,863.64535,0.0
2019-03-05,20,0,254,0.0,0.0,0.0,0.0,0.0
2019-03-05,20,0,255,0.0,0.0,0.0,0.0,0.0
2019-03-05,20,0,258,0.0,0.0,0.0,0.0,0.0
2019-03-05,20,0,260,0.0,0.0,0.0,0.0,0.0
2019-03-05,20,0,265,0.0,0.0,0.0,0.0,0.0
2019-03-05,20,0,266,19.34,19.34,0.0,258.995808,0.0
2019-03-05,20,0,267,24.47,24.47,0.0,327.695317,0.0
2019-03-05,20,0,270,121.79,121.79,0.0,749.115553,0.0
2019-03-05,20,0,272,47.19,47.19,0.0,463.532127,0.0
2019-03-05,20,0,273,0.0,0.0,0.0,0.0,0.0
2019-03-05,20,0,274,157.01,157.01,0.0,965.749512,0.0
2019-03-05,20,0,275,218.55,218.55,0.0,1344.274605,0.0
2019-03-05,20,0,276,0.0,0.0,0.0,0.0,0.0
2019-03-05,20,0,277,0.0,0.0,0.0,0.0,0.0
2019-03-05,20,0,278,0.0,0.0,0.0,0.0,0.0
2019-03-05,20,0,279,209.64,209.64,0.0,2087.766917,0.0
2019-03-05,20,0,281,16.83,16.83,0.0,208.807537,0.0
2019-03-05,20,0,282,0.0,0.0,0.0,0.0,0.0
2019-03-05,21,0,9,0.0,0.0,0.0,0.0,0.0
2019-03-05,21,0,17,0.0,0.0,0.0,0.0,0.0
2019-03-05,21,0,19,481.65,481.65,0.0,7092.655546,0.0
2019-03-05,21,0,20,584.15,584.15,0.0,8602.044508,0.0
2019-03-05,21,0,21,0.0,0.0,0.0,0.0,0.0
2019-03-05,21,0,22,0.0,0.0,0.0,0.0,0.0
2019-03-05,21,0,23,38.72,38.72,0.0,615.542394,0.0
2019-03-05,21,0,24,68.51,68.51,0.0,1089.122145,0.0
2019-03-05,21,0,29,0.0,0.0,0.0,0.0,0.0
2019-03-05,21,0,30,0.0,0.0,0.0,0.0,0.0
2019-03-05,21,0,31,24.75,24.75,0.0,393.044917,0.0
2019-03-05,21,0,32,0.0,0.0,0.0,0.0,0.0
2019-03-05,21,0,33,0.0,0.0,0.0,0.0,0.0
2019-03-05,21,0,34,0.0,0.0,0.0,0.0,0.0
2019-03-05,21,0,35,0.0,0.0,0.0,0.0,0.0
2019-03-05,21,0,36,0.0,0.0,0.0,0.0,0.0
2019-03-05,21,0,37,0.0,0.0,0.0,0.0,0.0
2019-03-05,21,0,38,0.0,0.0,0.0,0.0,0.0
2019-03-05,21,0,39,0.0,0.0,0.0,0.0,0.0
2019-03-05,21,0,40,0.0,0.0,0.0,0.0,0.0
2019-03-05,21,0,41,30.51,30.51,0.0,502.511894,0.0
2019-03-05,21,0,42,0.0,0.0,0.0,0.0,0.0
2019-03-05,21,0,43,0.0,0.0,0.0,0.0,0.0
2019-03-05,21,0,46,0.0,0.0,0.0,0.0,0.0
2019-03-05,21,0,52,26.24,26.24,0.0,416.707015,0.0
2019-03-05,21,0,53,41.68,41.68,0.0,661.903521,0.0
2019-03-05,21,0,55,87.82,87.82,0.0,1396.098478,0.0
2019-03-05,21,0,56,0.0,0.0,0.0,0.0,0.0
2019-03-05,21,0,57,0.0,0.0,0.0,0.0,0.0
2019-03-05,21,0,58,0.0,0.0,0.0,0.0,0.0
2019-03-05,21,0,59,0.0,0.0,0.0,0.0,0.0
2019-03-05,21,0,63,11.31,11.31,0.0,228.896425,0.0
2019-03-05,21,0,64,13.31,13.31,0.0,269.373247,0.0
2019-03-05,21,0,65,4.46,4.46,0.0,65.939685,0.0
2019-03-05,21,0,67,0.0,0.0,0.0,0.0,0.0
2019-03-05,21,0,68,2.64,2.64,0.0,34.322416,0.0
2019-03-05,21,0,69,0.0,0.0,0.0,0.0,0.0
2019-03-05,21,0,74,20.82,20.82,0.0,338.038128,0.0
2019-03-05,21,0,77,45.97,45.97,0.0,654.171392,0.0
2019-03-05,21,0,78,34.82,34.82,0.0,495.502455,0.0
2019-03-05,21,0,79,20.2,20.2,0.0,287.454038,0.0
2019-03-05,21,0,80,32.6,32.6,0.0,463.910972,0.0
2019-03-05,21,0,81,42.55,42.55,0.0,605.503431,0.0
2019-03-05,21,0,82,30.08,30.08,0.0,428.050369,0.0
2019-03-05,21,0,83,66.64,66.64,0.0,948.313717,0.0
2019-03-05,21,0,84,0.0,0.0,0.0,0.0,0.0
2019-03-05,21,0,86,0.0,0.0,0.0,0.0,0.0
2019-03-05,21,0,87,0.0,0.0,0.0,0.0,0.0
2019-03-05,21,0,88,44.19,44.19,0.0,628.841284,0.0
2019-03-05,21,0,89,42.48,42.48,0.0,604.507303,0.0
2019-03-05,21,0,90,57.04,57.04,0.0,811.701897,0.0
2019-03-05,21,0,91,203.47,203.47,0.0,2895.459063,0.0
2019-03-05,21,0,92,73.18,73.18,0.0,1041.380519,0.0
2019-03-05,21,0,95,13.69,13.69,0.0,266.212725,0.0
2019-03-05,21,0,96,8.16,8.16,0.0,129.443557,0.0
2019-03-05,21,0,97,50.21,50.21,0.0,796.49032,0.0
2019-03-05,21,0,99,4.02,4.02,0.0,65.26961,0.0
2019-03-05,21,0,101,0.0,0.0,0.0,0.0,0.0
2019-03-05,21,0,102,6.25,6.25,0.0,81.25572,0.0
2019-03-05,21,0,103,5.43,5.43,0.0,70.594969,0.0
2019-03-05,21,0,104,1.01,1.01,0.0,13.130924,0.0
2019-03-05,21,0,106,0.0,0.0,0.0,0.0,0.0
2019-03-05,21,0,109,27.16,27.16,0.0,477.226577,0.0
2019-03-05,21,0,110,52.02,52.02,0.0,392.65442,0.0
2019-03-05,21,0,111,0.0,0.0,0.0,0.0,0.0
2019-03-05,21,0,113,19.5,19.5,0.0,275.651069,0.0
2019-03-05,21,0,115,19.5,19.5,0.0,275.651069,0.0
2019-03-05,21,0,116,0.0,0.0,0.0,0.0,0.0
2019-03-05,21,0,117,1.31,1.31,0.0,18.518097,0.0
2019-03-05,21,0,119,13.31,13.31,0.0,269.373247,0.0
2019-03-05,21,0,120,7.83,7.83,0.0,158.466756,0.0
2019-03-05,21,0,123,0.0,0.0,0.0,0.0,0.0
2019-03-05,21,0,125,61.99,61.99,0.0,985.471928,0.0
2019-03-05,21,0,126,0.0,0.0,0.0,0.0,0.0
2019-03-05,21,0,127,0.0,0.0,0.0,0.0,0.0
2019-03-05,21,0,128,88.79,88.79,0.0,1411.518833,0.0
2019-03-05,21,0,131,7.89,7.89,0.0,105.405643,0.0
2019-03-05,21,0,132,11.6,11.6,0.0,154.969006,0.0
2019-03-05,21,0,133,60.37,60.37,0.0,888.658065,0.0
2019-03-05,21,0,134,0.0,0.0,0.0,0.0,0.0
2019-03-05,21,0,135,78.49,78.49,0.0,1155.387966,0.0
2019-03-05,21,0,136,8.37,8.37,0.0,123.774876,0.0
2019-03-05,21,0,139,40.18,40.18,0.0,661.780659,0.0
2019-03-05,21,0,140,38.5,38.5,0.0,290.603521,0.0
2019-03-05,21,0,141,79.17,79.17,0.0,923.014076,0.0
2019-03-05,21,0,142,0.0,0.0,0.0,0.0,0.0
2019-03-05,21,0,143,45.13,45.13,0.0,716.6916,0.0
2019-03-05,21,0,145,9.88,9.88,0.0,163.044803,0.0
2019-03-05,21,0,146,87.99,87.99,0.0,664.161138,0.0
2019-03-05,21,0,152,0.0,0.0,0.0,0.0,0.0
2019-03-05,21,0,153,0.0,0.0,0.0,0.0,0.0
2019-03-05,21,0,154,0.0,0.0,0.0,0.0,0.0
2019-03-05,21,0,157,94.65,94.65,0.0,1103.489735,0.0
2019-03-05,21,0,158,0.0,0.0,0.0,0.0,0.0
2019-03-05,21,0,159,0.0,0.0,0.0,0.0,0.0
2019-03-05,21,0,160,0.0,0.0,0.0,0.0,0.0
2019-03-05,21,0,161,0.0,0.0,0.0,0.0,0.0
2019-03-05,21,0,162,6.15,6.15,0.0,119.64845,0.0
2019-03-05,21,0,163,31.14,31.14,0.0,235.049185,0.0
2019-03-05,21,0,164,0.0,0.0,0.0,0.0,0.0
2019-03-05,21,0,167,0.0,0.0,0.0,0.0,0.0
2019-03-05,21,0,168,0.0,0.0,0.0,0.0,0.0
2019-03-05,21,0,169,0.0,0.0,0.0,0.0,0.0
2019-03-05,21,0,170,0.0,0.0,0.0,0.0,0.0
2019-03-05,21,0,172,0.0,0.0,0.0,0.0,0.0
2019-03-05,21,0,173,0.0,0.0,0.0,0.0,0.0
2019-03-05,21,0,188,0.0,0.0,0.0,0.0,0.0
2019-03-05,21,0,190,0.0,0.0,0.0,0.0,0.0
2019-03-05,21,0,191,0.0,0.0,0.0,0.0,0.0
2019-03-05,21,0,192,17.08,17.08,0.0,345.672055,0.0
2019-03-05,21,0,194,33.9,33.9,0.0,510.092322,0.0
2019-03-05,21,0,196,0.0,0.0,0.0,0.0,0.0
2019-03-05,21,0,198,0.0,0.0,0.0,0.0,0.0
2019-03-05,21,0,199,23.06,23.06,0.0,296.102388,0.0
2019-03-05,21,0,200,0.0,0.0,0.0,0.0,0.0
2019-03-05,21,0,204,245.71,245.71,0.0,4333.982858,0.0
2019-03-05,21,0,205,126.05,126.05,0.0,2214.816274,0.0
2019-03-05,21,0,206,147.53,147.53,0.0,2340.2951,0.0
2019-03-05,21,0,210,0.0,0.0,0.0,0.0,0.0
2019-03-05,21,0,214,0.0,0.0,0.0,0.0,0.0
2019-03-05,21,0,217,0.0,0.0,0.0,0.0,0.0
2019-03-05,21,0,218,0.0,0.0,0.0,0.0,0.0
2019-03-05,21,0,219,0.0,0.0,0.0,0.0,0.0
2019-03-05,21,0,221,0.0,0.0,0.0,0.0,0.0
2019-03-05,21,0,225,0.0,0.0,0.0,0.0,0.0
2019-03-05,21,0,233,0.0,0.0,0.0,0.0,0.0
2019-03-05,21,0,236,43.36,43.36,0.0,674.858973,0.0
2019-03-05,21,0,237,49.95,49.95,0.0,810.999256,0.0
2019-03-05,21,0,238,0.0,0.0,0.0,0.0,0.0
2019-03-05,21,0,240,0.0,0.0,0.0,0.0,0.0
2019-03-05,21,0,245,173.39,173.39,0.0,2515.718649,0.0
2019-03-05,21,0,247,43.64,43.64,0.0,633.17355,0.0
2019-03-05,21,0,248,5.01,5.01,0.0,81.343469,0.0
2019-03-05,21,0,249,333.44,333.44,0.0,4837.886997,0.0
2019-03-05,21,0,251,24.67,24.67,0.0,367.125302,0.0
2019-03-05,21,0,252,28.76,28.76,0.0,425.207476,0.0
2019-03-05,21,0,254,0.0,0.0,0.0,0.0,0.0
2019-03-05,21,0,255,0.0,0.0,0.0,0.0,0.0
2019-03-05,21,0,258,0.0,0.0,0.0,0.0,0.0
2019-03-05,21,0,260,0.0,0.0,0.0,0.0,0.0
2019-03-05,21,0,265,0.0,0.0,0.0,0.0,0.0
2019-03-05,21,0,266,25.17,25.17,0.0,414.55996,0.0
2019-03-05,21,0,267,31.42,31.42,0.0,517.499958,0.0
2019-03-05,21,0,270,97.24,97.24,0.0,733.981464,0.0
2019-03-05,21,0,272,65.14,65.14,0.0,920.815929,0.0
2019-03-05,21,0,273,0.0,0.0,0.0,0.0,0.0
2019-03-05,21,0,274,125.35,125.35,0.0,946.159775,0.0
2019-03-05,21,0,275,174.49,174.49,0.0,1317.075542,0.0
2019-03-05,21,0,276,0.0,0.0,0.0,0.0,0.0
2019-03-05,21,0,277,0.0,0.0,0.0,0.0,0.0
2019-03-05,21,0,278,0.0,0.0,0.0,0.0,0.0
2019-03-05,21,0,279,151.09,151.09,0.0,2141.522016,0.0
2019-03-05,21,0,281,11.11,11.11,0.0,176.433496,0.0
2019-03-05,21,0,282,0.0,0.0,0.0,0.0,0.0
2019-03-05,22,0,9,0.0,0.0,0.0,0.0,0.0
2019-03-05,22,0,17,0.0,0.0,0.0,0.0,0.0
2019-03-05,22,0,19,286.59,286.59,0.0,4497.884649,0.0
2019-03-05,22,0,20,347.58,347.58,0.0,5455.091756,0.0
2019-03-05,22,0,21,0.0,0.0,0.0,0.0,0.0
2019-03-05,22,0,22,0.0,0.0,0.0,0.0,0.0
2019-03-05,22,0,23,19.15,19.15,0.0,314.592848,0.0
2019-03-05,22,0,24,33.88,33.88,0.0,556.57471,0.0
2019-03-05,22,0,29,0.0,0.0,0.0,0.0,0.0
2019-03-05,22,0,30,0.0,0.0,0.0,0.0,0.0
2019-03-05,22,0,31,14.45,14.45,0.0,237.102603,0.0
2019-03-05,22,0,32,0.0,0.0,0.0,0.0,0.0
2019-03-05,22,0,33,0.0,0.0,0.0,0.0,0.0
2019-03-05,22,0,34,0.0,0.0,0.0,0.0,0.0
2019-03-05,22,0,35,0.0,0.0,0.0,0.0,0.0
2019-03-05,22,0,36,0.0,0.0,0.0,0.0,0.0
2019-03-05,22,0,37,0.0,0.0,0.0,0.0,0.0
2019-03-05,22,0,38,0.0,0.0,0.0,0.0,0.0
2019-03-05,22,0,39,0.0,0.0,0.0,0.0,0.0
2019-03-05,22,0,40,0.0,0.0,0.0,0.0,0.0
2019-03-05,22,0,41,21.29,21.29,0.0,364.93985,0.0
2019-03-05,22,0,42,0.0,0.0,0.0,0.0,0.0
2019-03-05,22,0,43,0.0,0.0,0.0,0.0,0.0
2019-03-05,22,0,46,0.0,0.0,0.0,0.0,0.0
2019-03-05,22,0,52,15.32,15.32,0.0,251.377985,0.0
2019-03-05,22,0,53,24.33,24.33,0.0,399.218431,0.0
2019-03-05,22,0,55,81.59,81.59,0.0,1340.346239,0.0
2019-03-05,22,0,56,0.0,0.0,0.0,0.0,0.0
2019-03-05,22,0,57,0.0,0.0,0.0,0.0,0.0
2019-03-05,22,0,58,0.0,0.0,0.0,0.0,0.0
2019-03-05,22,0,59,0.0,0.0,0.0,0.0,0.0
2019-03-05,22,0,63,8.7,8.7,0.0,158.576794,0.0
2019-03-05,22,0,64,10.23,10.23,0.0,186.464437,0.0
2019-03-05,22,0,65,1.75,1.75,0.0,27.562668,0.0
2019-03-05,22,0,67,0.0,0.0,0.0,0.0,0.0
2019-03-05,22,0,68,1.86,1.86,0.0,24.578293,0.0
2019-03-05,22,0,69,0.0,0.0,0.0,0.0,0.0
2019-03-05,22,0,74,10.53,10.53,0.0,180.147141,0.0
2019-03-05,22,0,77,33.91,33.91,0.0,491.848496,0.0
2019-03-05,22,0,78,25.63,25.63,0.0,371.751016,0.0
2019-03-05,22,0,79,14.83,14.83,0.0,215.102129,0.0
2019-03-05,22,0,80,23.99,23.99,0.0,347.963592,0.0
2019-03-05,22,0,81,31.36,31.36,0.0,454.861953,0.0
2019-03-05,22,0,82,22.12,22.12,0.0,320.840128,0.0
2019-03-05,22,0,83,49.34,49.34,0.0,715.653341,0.0
2019-03-05,22,0,84,0.0,0.0,0.0,0.0,0.0
2019-03-05,22,0,86,0.0,0.0,0.0,0.0,0.0
2019-03-05,22,0,87,0.0,0.0,0.0,0.0,0.0
2019-03-05,22,0,88,31.15,31.15,0.0,451.816003,0.0
2019-03-05,22,0,89,29.94,29.94,0.0,434.265525,0.0
2019-03-05,22,0,90,40.2,40.2,0.0,583.081968,0.0
2019-03-05,22,0,91,143.41,143.41,0.0,2080.094155,0.0
2019-03-05,22,0,92,51.58,51.58,0.0,748.14348,0.0
2019-03-05,22,0,95,10.77,10.77,0.0,188.529742,0.0
2019-03-05,22,0,96,4.52,4.52,0.0,74.07499,0.0
2019-03-05,22,0,97,27.83,27.83,0.0,456.085613,0.0
2019-03-05,22,0,99,2.03,2.03,0.0,34.729221,0.0
2019-03-05,22,0,101,0.0,0.0,0.0,0.0,0.0
2019-03-05,22,0,102,4.41,4.41,0.0,58.274339,0.0
2019-03-05,22,0,103,3.84,3.84,0.0,50.742281,0.0
2019-03-05,22,0,104,0.71,0.71,0.0,9.382036,0.0
2019-03-05,22,0,106,0.0,0.0,0.0,0.0,0.0
2019-03-05,22,0,109,29.61,29.61,0.0,542.792222,0.0
2019-03-05,22,0,110,67.91,67.91,0.0,512.594418,0.0
2019-03-05,22,0,111,0.0,0.0,0.0,0.0,0.0
2019-03-05,22,0,113,28.54,28.54,0.0,409.955608,0.0
2019-03-05,22,0,115,28.54,28.54,0.0,409.955608,0.0
2019-03-05,22,0,116,0.0,0.0,0.0,0.0,0.0
2019-03-05,22,0,117,1.9,1.9,0.0,27.292069,0.0
2019-03-05,22,0,119,10.23,10.23,0.0,186.464437,0.0
2019-03-05,22,0,120,6.02,6.02,0.0,109.72785,0.0
2019-03-05,22,0,123,0.0,0.0,0.0,0.0,0.0
2019-03-05,22,0,125,30.66,30.66,0.0,503.677113,0.0
2019-03-05,22,0,126,0.0,0.0,0.0,0.0,0.0
2019-03-05,22,0,127,0.0,0.0,0.0,0.0,0.0
2019-03-05,22,0,128,43.91,43.91,0.0,721.345794,0.0
2019-03-05,22,0,131,4.65,4.65,0.0,63.177855,0.0
2019-03-05,22,0,132,6.84,6.84,0.0,92.932587,0.0
2019-03-05,22,0,133,54.23,54.23,0.0,850.828243,0.0
2019-03-05,22,0,134,0.0,0.0,0.0,0.0,0.0
2019-03-05,22,0,135,72.66,72.66,0.0,1139.981193,0.0
2019-03-05,22,0,136,3.28,3.28,0.0,51.670327,0.0
2019-03-05,22,0,139,27.49,27.49,0.0,471.216367,0.0
2019-03-05,22,0,140,50.26,50.26,0.0,379.369687,0.0
2019-03-05,22,0,141,42.94,42.94,0.0,507.52364,0.0
2019-03-05,22,0,142,0.0,0.0,0.0,0.0,0.0
2019-03-05,22,0,143,24.7,24.7,0.0,405.289571,0.0
2019-03-05,22,0,145,15.42,15.42,0.0,263.940161,0.0
2019-03-05,22,0,146,77.28,77.28,0.0,583.320522,0.0
2019-03-05,22,0,152,0.0,0.0,0.0,0.0,0.0
2019-03-05,22,0,153,0.0,0.0,0.0,0.0,0.0
2019-03-05,22,0,154,0.0,0.0,0.0,0.0,0.0
2019-03-05,22,0,157,83.11,83.11,0.0,982.307632,0.0
2019-03-05,22,0,158,0.0,0.0,0.0,0.0,0.0
2019-03-05,22,0,159,0.0,0.0,0.0,0.0,0.0
2019-03-05,22,0,160,0.0,0.0,0.0,0.0,0.0
2019-03-05,22,0,161,0.0,0.0,0.0,0.0,0.0
2019-03-05,22,0,162,1.98,1.98,0.0,34.676246,0.0
2019-03-05,22,0,163,27.98,27.98,0.0,211.197052,0.0
2019-03-05,22,0,164,0.0,0.0,0.0,0.0,0.0
2019-03-05,22,0,167,0.0,0.0,0.0,0.0,0.0
2019-03-05,22,0,168,0.0,0.0,0.0,0.0,0.0
2019-03-05,22,0,169,0.0,0.0,0.0,0.0,0.0
2019-03-05,22,0,170,0.0,0.0,0.0,0.0,0.0
2019-03-05,22,0,172,0.0,0.0,0.0,0.0,0.0
2019-03-05,22,0,173,0.0,0.0,0.0,0.0,0.0
2019-03-05,22,0,188,0.0,0.0,0.0,0.0,0.0
2019-03-05,22,0,190,0.0,0.0,0.0,0.0,0.0
2019-03-05,22,0,191,0.0,0.0,0.0,0.0,0.0
2019-03-05,22,0,192,21.57,21.57,0.0,393.161085,0.0
2019-03-05,22,0,194,22.77,22.77,0.0,347.733689,0.0
2019-03-05,22,0,196,0.0,0.0,0.0,0.0,0.0
2019-03-05,22,0,198,0.0,0.0,0.0,0.0,0.0
2019-03-05,22,0,199,21.63,21.63,0.0,270.728872,0.0
2019-03-05,22,0,200,0.0,0.0,0.0,0.0,0.0
2019-03-05,22,0,204,136.36,136.36,0.0,2507.377798,0.0
2019-03-05,22,0,205,147.33,147.33,0.0,2700.762516,0.0
2019-03-05,22,0,206,81.77,81.77,0.0,1340.069011,0.0
2019-03-05,22,0,210,0.0,0.0,0.0,0.0,0.0
2019-03-05,22,0,214,0.0,0.0,0.0,0.0,0.0
2019-03-05,22,0,217,0.0,0.0,0.0,0.0,0.0
2019-03-05,22,0,218,0.0,0.0,0.0,0.0,0.0
2019-03-05,22,0,219,0.0,0.0,0.0,0.0,0.0
2019-03-05,22,0,221,0.0,0.0,0.0,0.0,0.0
2019-03-05,22,0,225,0.0,0.0,0.0,0.0,0.0
2019-03-05,22,0,233,0.0,0.0,0.0,0.0,0.0
2019-03-05,22,0,236,19.54,19.54,0.0,322.159906,0.0
2019-03-05,22,0,237,25.27,25.27,0.0,432.318922,0.0
2019-03-05,22,0,238,0.0,0.0,0.0,0.0,0.0
2019-03-05,22,0,240,0.0,0.0,0.0,0.0,0.0
2019-03-05,22,0,245,116.33,116.33,0.0,1801.954338,0.0
2019-03-05,22,0,247,22.74,22.74,0.0,352.243116,0.0
2019-03-05,22,0,248,2.54,2.54,0.0,43.454296,0.0
2019-03-05,22,0,249,223.71,223.71,0.0,3465.272972,0.0
2019-03-05,22,0,251,21.92,21.92,0.0,347.243216,0.0
2019-03-05,22,0,252,11.3,11.3,0.0,177.976085,0.0
2019-03-05,22,0,254,0.0,0.0,0.0,0.0,0.0
2019-03-05,22,0,255,0.0,0.0,0.0,0.0,0.0
2019-03-05,22,0,258,0.0,0.0,0.0,0.0,0.0
2019-03-05,22,0,260,0.0,0.0,0.0,0.0,0.0
2019-03-05,22,0,265,0.0,0.0,0.0,0.0,0.0
2019-03-05,22,0,266,17.8,17.8,0.0,305.116455,0.0
2019-03-05,22,0,267,21.87,21.87,0.0,374.881846,0.0
2019-03-05,22,0,270,87.38,87.38,0.0,659.55677,0.0
2019-03-05,22,0,272,95.38,95.38,0.0,1370.061874,0.0
2019-03-05,22,0,273,0.0,0.0,0.0,0.0,0.0
2019-03-05,22,0,274,112.64,112.64,0.0,850.222873,0.0
2019-03-05,22,0,275,156.8,156.8,0.0,1183.548885,0.0
2019-03-05,22,0,276,0.0,0.0,0.0,0.0,0.0
2019-03-05,22,0,277,0.0,0.0,0.0,0.0,0.0
2019-03-05,22,0,278,0.0,0.0,0.0,0.0,0.0
2019-03-05,22,0,279,48.24,48.24,0.0,695.644308,0.0
2019-03-05,22,0,281,6.48,6.48,0.0,106.326981,0.0
2019-03-05,22,0,282,0.0,0.0,0.0,0.0,0.0
2019-03-05,23,0,9,0.0,0.0,0.0,0.0,0.0
2019-03-05,23,0,17,0.0,0.0,0.0,0.0,0.0
2019-03-05,23,0,19,287.29,287.29,0.0,4231.086997,0.0
2019-03-05,23,0,20,348.43,348.43,0.0,5131.531353,0.0
2019-03-05,23,0,21,0.0,0.0,0.0,0.0,0.0
2019-03-05,23,0,22,0.0,0.0,0.0,0.0,0.0
2019-03-05,23,0,23,18.6,18.6,0.0,297.234177,0.0
2019-03-05,23,0,24,32.91,32.91,0.0,525.912729,0.0
2019-03-05,23,0,29,0.0,0.0,0.0,0.0,0.0
2019-03-05,23,0,30,0.0,0.0,0.0,0.0,0.0
2019-03-05,23,0,31,17.2,17.2,0.0,274.603591,0.0
2019-03-05,23,0,32,0.0,0.0,0.0,0.0,0.0
2019-03-05,23,0,33,0.0,0.0,0.0,0.0,0.0
2019-03-05,23,0,34,0.0,0.0,0.0,0.0,0.0
2019-03-05,23,0,35,0.0,0.0,0.0,0.0,0.0
2019-03-05,23,0,36,0.0,0.0,0.0,0.0,0.0
2019-03-05,23,0,37,0.0,0.0,0.0,0.0,0.0
2019-03-05,23,0,38,0.0,0.0,0.0,0.0,0.0
2019-03-05,23,0,39,0.0,0.0,0.0,0.0,0.0
2019-03-05,23,0,40,0.0,0.0,0.0,0.0,0.0
2019-03-05,23,0,41,20.72,20.72,0.0,341.48431,0.0
2019-03-05,23,0,42,0.0,0.0,0.0,0.0,0.0
2019-03-05,23,0,43,0.0,0.0,0.0,0.0,0.0
2019-03-05,23,0,46,0.0,0.0,0.0,0.0,0.0
2019-03-05,23,0,52,18.24,18.24,0.0,291.207529,0.0
2019-03-05,23,0,53,28.97,28.97,0.0,462.515468,0.0
2019-03-05,23,0,55,147.54,147.54,0.0,2357.738196,0.0
2019-03-05,23,0,56,0.0,0.0,0.0,0.0,0.0
2019-03-05,23,0,57,0.0,0.0,0.0,0.0,0.0
2019-03-05,23,0,58,0.0,0.0,0.0,0.0,0.0
2019-03-05,23,0,59,0.0,0.0,0.0,0.0,0.0
2019-03-05,23,0,63,0.0,0.0,0.0,0.0,0.0
2019-03-05,23,0,64,0.0,0.0,0.0,0.0,0.0
2019-03-05,23,0,65,1.74,1.74,0.0,25.725348,0.0
2019-03-05,23,0,67,0.0,0.0,0.0,0.0,0.0
2019-03-05,23,0,68,1.25,1.25,0.0,16.51767,0.0
2019-03-05,23,0,69,0.0,0.0,0.0,0.0,0.0
2019-03-05,23,0,74,9.17,9.17,0.0,148.50503,0.0
2019-03-05,23,0,77,25.46,25.46,0.0,368.568583,0.0
2019-03-05,23,0,78,19.25,19.25,0.0,278.670276,0.0
2019-03-05,23,0,79,11.14,11.14,0.0,161.266851,0.0
2019-03-05,23,0,80,18.01,18.01,0.0,260.719567,0.0
2019-03-05,23,0,81,23.55,23.55,0.0,340.918701,0.0
2019-03-05,23,0,82,16.61,16.61,0.0,240.452638,0.0
2019-03-05,23,0,83,37.04,37.04,0.0,536.20504,0.0
2019-03-05,23,0,84,0.0,0.0,0.0,0.0,0.0
2019-03-05,23,0,86,0.0,0.0,0.0,0.0,0.0
2019-03-05,23,0,87,0.0,0.0,0.0,0.0,0.0
2019-03-05,23,0,88,20.02,20.02,0.0,289.817087,0.0
2019-03-05,23,0,89,19.24,19.24,0.0,278.525512,0.0
2019-03-05,23,0,90,25.84,25.84,0.0,374.069607,0.0
2019-03-05,23,0,91,92.16,92.16,0.0,1334.142994,0.0
2019-03-05,23,0,92,33.15,33.15,0.0,479.89193,0.0
2019-03-05,23,0,95,8.36,8.36,0.0,145.34135,0.0
2019-03-05,23,0,96,4.15,4.15,0.0,66.191011,0.0
2019-03-05,23,0,97,25.54,25.54,0.0,407.353838,0.0
2019-03-05,23,0,99,1.77,1.77,0.0,28.664548,0.0
2019-03-05,23,0,101,0.0,0.0,0.0,0.0,0.0
2019-03-05,23,0,102,2.96,2.96,0.0,39.113842,0.0
2019-03-05,23,0,103,2.58,2.58,0.0,34.09247,0.0
2019-03-05,23,0,104,0.48,0.48,0.0,6.342785,0.0
2019-03-05,23,0,106,0.0,0.0,0.0,0.0,0.0
2019-03-05,23,0,109,18.76,18.76,0.0,328.283803,0.0
2019-03-05,23,0,110,66.22,66.22,0.0,499.838056,0.0
2019-03-05,23,0,111,0.0,0.0,0.0,0.0,0.0
2019-03-05,23,0,113,18.58,18.58,0.0,268.082353,0.0
2019-03-05,23,0,115,18.58,18.58,0.0,268.082353,0.0
2019-03-05,23,0,116,0.0,0.0,0.0,0.0,0.0
2019-03-05,23,0,117,1.24,1.24,0.0,17.891395,0.0
2019-03-05,23,0,119,0.0,0.0,0.0,0.0,0.0
2019-03-05,23,0,120,0.0,0.0,0.0,0.0,0.0
2019-03-05,23,0,123,0.0,0.0,0.0,0.0,0.0
2019-03-05,23,0,125,29.78,29.78,0.0,475.894289,0.0
2019-03-05,23,0,126,0.0,0.0,0.0,0.0,0.0
2019-03-05,23,0,127,0.0,0.0,0.0,0.0,0.0
2019-03-05,23,0,128,42.66,42.66,0.0,681.720967,0.0
2019-03-05,23,0,131,3.45,3.45,0.0,46.873892,0.0
2019-03-05,23,0,132,5.07,5.07,0.0,68.884242,0.0
2019-03-05,23,0,133,49.87,49.87,0.0,734.196219,0.0
2019-03-05,23,0,134,0.0,0.0,0.0,0.0,0.0
2019-03-05,23,0,135,66.83,66.83,0.0,983.884767,0.0
2019-03-05,23,0,136,3.89,3.89,0.0,57.52461,0.0
2019-03-05,23,0,139,26.75,26.75,0.0,440.864155,0.0
2019-03-05,23,0,140,49.01,49.01,0.0,369.934508,0.0
2019-03-05,23,0,141,41.31,41.31,0.0,488.258071,0.0
2019-03-05,23,0,142,0.0,0.0,0.0,0.0,0.0
2019-03-05,23,0,143,25.3,25.3,0.0,403.922725,0.0
2019-03-05,23,0,145,3.66,3.66,0.0,60.497596,0.0
2019-03-05,23,0,146,124.52,124.52,0.0,939.894816,0.0
2019-03-05,23,0,152,0.0,0.0,0.0,0.0,0.0
2019-03-05,23,0,153,0.0,0.0,0.0,0.0,0.0
2019-03-05,23,0,154,0.0,0.0,0.0,0.0,0.0
2019-03-05,23,0,157,112.21,112.21,0.0,1326.251226,0.0
2019-03-05,23,0,158,0.0,0.0,0.0,0.0,0.0
2019-03-05,23,0,159,0.0,0.0,0.0,0.0,0.0
2019-03-05,23,0,160,0.0,0.0,0.0,0.0,0.0
2019-03-05,23,0,161,0.0,0.0,0.0,0.0,0.0
2019-03-05,23,0,162,0.0,0.0,0.0,0.0,0.0
2019-03-05,23,0,163,19.28,19.28,0.0,145.528205,0.0
2019-03-05,23,0,164,0.0,0.0,0.0,0.0,0.0
2019-03-05,23,0,167,0.0,0.0,0.0,0.0,0.0
2019-03-05,23,0,168,0.0,0.0,0.0,0.0,0.0
2019-03-05,23,0,169,0.0,0.0,0.0,0.0,0.0
2019-03-05,23,0,170,0.0,0.0,0.0,0.0,0.0
2019-03-05,23,0,172,0.0,0.0,0.0,0.0,0.0
2019-03-05,23,0,173,0.0,0.0,0.0,0.0,0.0
2019-03-05,23,0,188,0.0,0.0,0.0,0.0,0.0
2019-03-05,23,0,190,0.0,0.0,0.0,0.0,0.0
2019-03-05,23,0,191,0.0,0.0,0.0,0.0,0.0
2019-03-05,23,0,192,19.27,19.27,0.0,347.974563,0.0
2019-03-05,23,0,194,8.29,8.29,0.0,127.849392,0.0
2019-03-05,23,0,196,0.0,0.0,0.0,0.0,0.0
2019-03-05,23,0,198,0.0,0.0,0.0,0.0,0.0
2019-03-05,23,0,199,14.13,14.13,0.0,175.860541,0.0
2019-03-05,23,0,200,0.0,0.0,0.0,0.0,0.0
2019-03-05,23,0,204,70.67,70.67,0.0,1241.460975,0.0
2019-03-05,23,0,205,99.23,99.23,0.0,1736.439326,0.0
2019-03-05,23,0,206,75.05,75.05,0.0,1197.020579,0.0
2019-03-05,23,0,210,0.0,0.0,0.0,0.0,0.0
2019-03-05,23,0,214,0.0,0.0,0.0,0.0,0.0
2019-03-05,23,0,217,0.0,0.0,0.0,0.0,0.0
2019-03-05,23,0,218,0.0,0.0,0.0,0.0,0.0
2019-03-05,23,0,219,0.0,0.0,0.0,0.0,0.0
2019-03-05,23,0,221,0.0,0.0,0.0,0.0,0.0
2019-03-05,23,0,225,0.0,0.0,0.0,0.0,0.0
2019-03-05,23,0,233,0.0,0.0,0.0,0.0,0.0
2019-03-05,23,0,236,12.65,12.65,0.0,196.571495,0.0
2019-03-05,23,0,237,21.99,21.99,0.0,356.120569,0.0
2019-03-05,23,0,238,0.0,0.0,0.0,0.0,0.0
2019-03-05,23,0,240,0.0,0.0,0.0,0.0,0.0
2019-03-05,23,0,245,108.48,108.48,0.0,1574.86981,0.0
2019-03-05,23,0,247,22.28,22.28,0.0,323.452243,0.0
2019-03-05,23,0,248,2.21,2.21,0.0,35.790198,0.0
2019-03-05,23,0,249,208.61,208.61,0.0,3028.517617,0.0
2019-03-05,23,0,251,7.51,7.51,0.0,111.737031,0.0
2019-03-05,23,0,252,11.25,11.25,0.0,166.327681,0.0
2019-03-05,23,0,254,0.0,0.0,0.0,0.0,0.0
2019-03-05,23,0,255,0.0,0.0,0.0,0.0,0.0
2019-03-05,23,0,258,0.0,0.0,0.0,0.0,0.0
2019-03-05,23,0,260,0.0,0.0,0.0,0.0,0.0
2019-03-05,23,0,265,0.0,0.0,0.0,0.0,0.0
2019-03-05,23,0,266,17.32,17.32,0.0,285.44924,0.0
2019-03-05,23,0,267,21.29,21.29,0.0,350.878425,0.0
2019-03-05,23,0,270,60.2,60.2,0.0,454.398233,0.0
2019-03-05,23,0,272,62.08,62.08,0.0,895.724028,0.0
2019-03-05,23,0,273,0.0,0.0,0.0,0.0,0.0
2019-03-05,23,0,274,77.6,77.6,0.0,585.735928,0.0
2019-03-05,23,0,275,108.02,108.02,0.0,815.35045,0.0
2019-03-05,23,0,276,0.0,0.0,0.0,0.0,0.0
2019-03-05,23,0,277,0.0,0.0,0.0,0.0,0.0
2019-03-05,23,0,278,0.0,0.0,0.0,0.0,0.0
2019-03-05,23,0,279,29.76,29.76,0.0,429.964194,0.0
2019-03-05,23,0,281,7.72,7.72,0.0,123.25231,0.0
2019-03-05,23,0,282,0.0,0.0,0.0,0.0,0.0
2019-03-06,0,0,9,0.0,0.0,0.0,0.0,0.0
2019-03-06,0,0,17,0.0,0.0,0.0,0.0,0.0
2019-03-06,0,0,19,288.57,288.57,0.0,4249.665049,0.0
2019-03-06,0,0,20,349.99,349.99,0.0,5154.174968,0.0
2019-03-06,0,0,21,0.0,0.0,0.0,0.0,0.0
2019-03-06,0,0,22,0.0,0.0,0.0,0.0,0.0
2019-03-06,0,0,23,18.97,18.97,0.0,306.034758,0.0
2019-03-06,0,0,24,33.56,33.56,0.0,541.408881,0.0
2019-03-06,0,0,29,0.0,0.0,0.0,0.0,0.0
2019-03-06,0,0,30,0.0,0.0,0.0,0.0,0.0
2019-03-06,0,0,31,20.37,20.37,0.0,328.335789,0.0
2019-03-06,0,0,32,0.0,0.0,0.0,0.0,0.0
2019-03-06,0,0,33,0.0,0.0,0.0,0.0,0.0
2019-03-06,0,0,34,0.0,0.0,0.0,0.0,0.0
2019-03-06,0,0,35,0.0,0.0,0.0,0.0,0.0
2019-03-06,0,0,36,0.0,0.0,0.0,0.0,0.0
2019-03-06,0,0,37,0.0,0.0,0.0,0.0,0.0
2019-03-06,0,0,38,0.0,0.0,0.0,0.0,0.0
2019-03-06,0,0,39,0.0,0.0,0.0,0.0,0.0
2019-03-06,0,0,40,0.0,0.0,0.0,0.0,0.0
2019-03-06,0,0,41,21.29,21.29,0.0,352.986253,0.0
2019-03-06,0,0,42,0.0,0.0,0.0,0.0,0.0
2019-03-06,0,0,43,0.0,0.0,0.0,0.0,0.0
2019-03-06,0,0,46,0.0,0.0,0.0,0.0,0.0
2019-03-06,0,0,52,21.6,21.6,0.0,348.161661,0.0
2019-03-06,0,0,53,34.31,34.31,0.0,553.029009,0.0
2019-03-06,0,0,55,152.87,152.87,0.0,2466.185211,0.0
2019-03-06,0,0,56,0.0,0.0,0.0,0.0,0.0
2019-03-06,0,0,57,0.0,0.0,0.0,0.0,0.0
2019-03-06,0,0,58,0.0,0.0,0.0,0.0,0.0
2019-03-06,0,0,59,0.0,0.0,0.0,0.0,0.0
2019-03-06,0,0,63,6.1,6.1,0.0,108.884661,0.0
2019-03-06,0,0,64,7.18,7.18,0.0,128.162601,0.0
2019-03-06,0,0,65,1.8,1.8,0.0,26.612429,0.0
2019-03-06,0,0,67,0.0,0.0,0.0,0.0,0.0
2019-03-06,0,0,68,1.05,1.05,0.0,14.505615,0.0
2019-03-06,0,0,69,0.0,0.0,0.0,0.0,0.0
2019-03-06,0,0,74,7.9,7.9,0.0,128.155003,0.0
2019-03-06,0,0,77,23.73,23.73,0.0,349.507696,0.0
2019-03-06,0,0,78,17.94,17.94,0.0,264.229586,0.0
2019-03-06,0,0,79,10.38,10.38,0.0,152.882001,0.0
2019-03-06,0,0,80,16.79,16.79,0.0,247.291792,0.0
2019-03-06,0,0,81,21.95,21.95,0.0,323.290937,0.0
2019-03-06,0,0,82,15.48,15.48,0.0,227.997435,0.0
2019-03-06,0,0,83,34.52,34.52,0.0,508.42839,0.0
2019-03-06,0,0,84,0.0,0.0,0.0,0.0,0.0
2019-03-06,0,0,86,0.0,0.0,0.0,0.0,0.0
2019-03-06,0,0,87,0.0,0.0,0.0,0.0,0.0
2019-03-06,0,0,88,16.83,16.83,0.0,247.880933,0.0
2019-03-06,0,0,89,16.18,16.18,0.0,238.307397,0.0
2019-03-06,0,0,90,21.72,21.72,0.0,319.903378,0.0
2019-03-06,0,0,91,77.49,77.49,0.0,1141.312743,0.0
2019-03-06,0,0,92,27.87,27.87,0.0,410.483755,0.0
2019-03-06,0,0,95,4.87,4.87,0.0,84.488049,0.0
2019-03-06,0,0,96,4.39,4.39,0.0,70.696542,0.0
2019-03-06,0,0,97,26.98,26.98,0.0,434.485808,0.0
2019-03-06,0,0,99,1.52,1.52,0.0,24.657672,0.0
2019-03-06,0,0,101,0.0,0.0,0.0,0.0,0.0
2019-03-06,0,0,102,2.49,2.49,0.0,34.39903,0.0
2019-03-06,0,0,103,2.17,2.17,0.0,29.978271,0.0
2019-03-06,0,0,104,0.4,0.4,0.0,5.525949,0.0
2019-03-06,0,0,106,0.0,0.0,0.0,0.0,0.0
2019-03-06,0,0,109,8.92,8.92,0.0,156.644275,0.0
2019-03-06,0,0,110,84.34,84.34,0.0,827.9737,0.0
2019-03-06,0,0,111,0.0,0.0,0.0,0.0,0.0
2019-03-06,0,0,113,16.04,16.04,0.0,234.490341,0.0
2019-03-06,0,0,115,16.04,16.04,0.0,234.490341,0.0
2019-03-06,0,0,116,0.0,0.0,0.0,0.0,0.0
2019-03-06,0,0,117,1.07,1.07,0.0,15.642435,0.0
2019-03-06,0,0,119,7.18,7.18,0.0,128.162601,0.0
2019-03-06,0,0,120,4.22,4.22,0.0,75.326765,0.0
2019-03-06,0,0,123,0.0,0.0,0.0,0.0,0.0
2019-03-06,0,0,125,30.37,30.37,0.0,489.945999,0.0
2019-03-06,0,0,126,0.0,0.0,0.0,0.0,0.0
2019-03-06,0,0,127,0.0,0.0,0.0,0.0,0.0
2019-03-06,0,0,128,43.5,43.5,0.0,701.766577,0.0
2019-03-06,0,0,131,3.29,3.29,0.0,46.315624,0.0
2019-03-06,0,0,132,4.83,4.83,0.0,67.995278,0.0
2019-03-06,0,0,133,45.96,45.96,0.0,676.584788,0.0
2019-03-06,0,0,134,0.0,0.0,0.0,0.0,0.0
2019-03-06,0,0,135,61.58,61.58,0.0,906.5294,0.0
2019-03-06,0,0,136,4.8,4.8,0.0,70.981773,0.0
2019-03-06,0,0,139,27.49,27.49,0.0,455.781686,0.0
2019-03-06,0,0,140,62.42,62.42,0.0,612.783001,0.0
2019-03-06,0,0,141,43.1,43.1,0.0,553.005709,0.0
2019-03-06,0,0,142,0.0,0.0,0.0,0.0,0.0
2019-03-06,0,0,143,66.13,66.13,0.0,1065.922715,0.0
2019-03-06,0,0,145,2.19,2.19,0.0,36.460786,0.0
2019-03-06,0,0,146,219.02,219.02,0.0,2150.139906,0.0
2019-03-06,0,0,152,0.0,0.0,0.0,0.0,0.0
2019-03-06,0,0,153,0.0,0.0,0.0,0.0,0.0
2019-03-06,0,0,154,0.0,0.0,0.0,0.0,0.0
2019-03-06,0,0,157,156.63,156.63,0.0,2009.68177,0.0
2019-03-06,0,0,158,0.0,0.0,0.0,0.0,0.0
2019-03-06,0,0,159,0.0,0.0,0.0,0.0,0.0
2019-03-06,0,0,160,0.0,0.0,0.0,0.0,0.0
2019-03-06,0,0,161,0.0,0.0,0.0,0.0,0.0
2019-03-06,0,0,162,0.0,0.0,0.0,0.0,0.0
2019-03-06,0,0,163,24.26,24.26,0.0,238.162698,0.0
2019-03-06,0,0,164,0.0,0.0,0.0,0.0,0.0
2019-03-06,0,0,167,0.0,0.0,0.0,0.0,0.0
2019-03-06,0,0,168,0.0,0.0,0.0,0.0,0.0
2019-03-06,0,0,169,0.0,0.0,0.0,0.0,0.0
2019-03-06,0,0,170,0.0,0.0,0.0,0.0,0.0
2019-03-06,0,0,172,0.0,0.0,0.0,0.0,0.0
2019-03-06,0,0,173,0.0,0.0,0.0,0.0,0.0
2019-03-06,0,0,188,0.0,0.0,0.0,0.0,0.0
2019-03-06,0,0,190,0.0,0.0,0.0,0.0,0.0
2019-03-06,0,0,191,0.0,0.0,0.0,0.0,0.0
2019-03-06,0,0,192,28.46,28.46,0.0,508.009418,0.0
2019-03-06,0,0,194,5.57,5.57,0.0,84.939952,0.0
2019-03-06,0,0,196,0.0,0.0,0.0,0.0,0.0
2019-03-06,0,0,198,0.0,0.0,0.0,0.0,0.0
2019-03-06,0,0,199,5.74,5.74,0.0,71.26053,0.0
2019-03-06,0,0,200,0.0,0.0,0.0,0.0,0.0
2019-03-06,0,0,204,30.59,30.59,0.0,539.381889,0.0
2019-03-06,0,0,205,47.19,47.19,0.0,828.704411,0.0
2019-03-06,0,0,206,79.29,79.29,0.0,1276.88583,0.0
2019-03-06,0,0,210,0.0,0.0,0.0,0.0,0.0
2019-03-06,0,0,214,0.0,0.0,0.0,0.0,0.0
2019-03-06,0,0,217,0.0,0.0,0.0,0.0,0.0
2019-03-06,0,0,218,0.0,0.0,0.0,0.0,0.0
2019-03-06,0,0,219,0.0,0.0,0.0,0.0,0.0
2019-03-06,0,0,221,0.0,0.0,0.0,0.0,0.0
2019-03-06,0,0,225,0.0,0.0,0.0,0.0,0.0
2019-03-06,0,0,233,0.0,0.0,0.0,0.0,0.0
2019-03-06,0,0,236,7.79,7.79,0.0,121.14329,0.0
2019-03-06,0,0,237,18.94,18.94,0.0,307.247565,0.0
2019-03-06,0,0,238,0.0,0.0,0.0,0.0,0.0
2019-03-06,0,0,240,0.0,0.0,0.0,0.0,0.0
2019-03-06,0,0,245,64.53,64.53,0.0,936.535258,0.0
2019-03-06,0,0,247,22.18,22.18,0.0,321.902247,0.0
2019-03-06,0,0,248,1.9,1.9,0.0,30.822089,0.0
2019-03-06,0,0,249,120.89,120.89,0.0,1754.497866,0.0
2019-03-06,0,0,251,0.0,0.0,0.0,0.0,0.0
2019-03-06,0,0,252,11.58,11.58,0.0,171.206626,0.0
2019-03-06,0,0,254,0.0,0.0,0.0,0.0,0.0
2019-03-06,0,0,255,0.0,0.0,0.0,0.0,0.0
2019-03-06,0,0,258,0.0,0.0,0.0,0.0,0.0
2019-03-06,0,0,260,0.0,0.0,0.0,0.0,0.0
2019-03-06,0,0,265,0.0,0.0,0.0,0.0,0.0
2019-03-06,0,0,266,17.8,17.8,0.0,295.122372,0.0
2019-03-06,0,0,267,21.87,21.87,0.0,362.6026,0.0
2019-03-06,0,0,270,75.77,75.77,0.0,743.841205,0.0
2019-03-06,0,0,272,53.6,53.6,0.0,783.583683,0.0
2019-03-06,0,0,273,0.0,0.0,0.0,0.0,0.0
2019-03-06,0,0,274,97.68,97.68,0.0,958.933732,0.0
2019-03-06,0,0,275,135.97,135.97,0.0,1334.830258,0.0
2019-03-06,0,0,276,0.0,0.0,0.0,0.0,0.0
2019-03-06,0,0,277,0.0,0.0,0.0,0.0,0.0
2019-03-06,0,0,278,0.0,0.0,0.0,0.0,0.0
2019-03-06,0,0,279,24.01,24.01,0.0,352.057813,0.0
2019-03-06,0,0,281,9.14,9.14,0.0,147.323962,0.0
2019-03-06,0,0,282,0.0,0.0,0.0,0.0,0.0
2019-03-06,1,0,9,0.0,0.0,0.0,0.0,0.0
2019-03-06,1,0,17,0.0,0.0,0.0,0.0,0.0
2019-03-06,1,0,19,291.84,291.84,0.0,4411.234838,0.0
2019-03-06,1,0,20,353.94,353.94,0.0,5349.891922,0.0
2019-03-06,1,0,21,0.0,0.0,0.0,0.0,0.0
2019-03-06,1,0,22,0.0,0.0,0.0,0.0,0.0
2019-03-06,1,0,23,20.08,20.08,0.0,311.135704,0.0
2019-03-06,1,0,24,35.52,35.52,0.0,550.375508,0.0
2019-03-06,1,0,29,0.0,0.0,0.0,0.0,0.0
2019-03-06,1,0,30,0.0,0.0,0.0,0.0,0.0
2019-03-06,1,0,31,53.3,53.3,0.0,824.754574,0.0
2019-03-06,1,0,32,0.0,0.0,0.0,0.0,0.0
2019-03-06,1,0,33,0.0,0.0,0.0,0.0,0.0
2019-03-06,1,0,34,0.0,0.0,0.0,0.0,0.0
2019-03-06,1,0,35,0.0,0.0,0.0,0.0,0.0
2019-03-06,1,0,36,0.0,0.0,0.0,0.0,0.0
2019-03-06,1,0,37,0.0,0.0,0.0,0.0,0.0
2019-03-06,1,0,38,0.0,0.0,0.0,0.0,0.0
2019-03-06,1,0,39,0.0,0.0,0.0,0.0,0.0
2019-03-06,1,0,40,0.0,0.0,0.0,0.0,0.0
2019-03-06,1,0,41,23.28,23.28,0.0,379.497003,0.0
2019-03-06,1,0,42,0.0,0.0,0.0,0.0,0.0
2019-03-06,1,0,43,0.0,0.0,0.0,0.0,0.0
2019-03-06,1,0,46,0.0,0.0,0.0,0.0,0.0
2019-03-06,1,0,52,56.75,56.75,0.0,878.139251,0.0
2019-03-06,1,0,53,92.76,92.76,0.0,1435.351487,0.0
2019-03-06,1,0,55,133.42,133.42,0.0,2067.317013,0.0
2019-03-06,1,0,56,0.0,0.0,0.0,0.0,0.0
2019-03-06,1,0,57,0.0,0.0,0.0,0.0,0.0
2019-03-06,1,0,58,0.0,0.0,0.0,0.0,0.0
2019-03-06,1,0,59,0.0,0.0,0.0,0.0,0.0
2019-03-06,1,0,63,24.04,24.04,0.0,450.293457,0.0
2019-03-06,1,0,64,28.28,28.28,0.0,529.712935,0.0
2019-03-06,1,0,65,1.9,1.9,0.0,28.817475,0.0
2019-03-06,1,0,67,0.0,0.0,0.0,0.0,0.0
2019-03-06,1,0,68,1.21,1.21,0.0,13.801841,0.0
2019-03-06,1,0,69,0.0,0.0,0.0,0.0,0.0
2019-03-06,1,0,74,6.79,6.79,0.0,111.516701,0.0
2019-03-06,1,0,77,28.74,28.74,0.0,385.542661,0.0
2019-03-06,1,0,78,21.73,21.73,0.0,291.504594,0.0
2019-03-06,1,0,79,12.57,12.57,0.0,168.624609,0.0
2019-03-06,1,0,80,20.33,20.33,0.0,272.72381,0.0
2019-03-06,1,0,81,26.59,26.59,0.0,356.700743,0.0
2019-03-06,1,0,82,18.75,18.75,0.0,251.528354,0.0
2019-03-06,1,0,83,41.82,41.82,0.0,561.008841,0.0
2019-03-06,1,0,84,0.0,0.0,0.0,0.0,0.0
2019-03-06,1,0,86,0.0,0.0,0.0,0.0,0.0
2019-03-06,1,0,87,0.0,0.0,0.0,0.0,0.0
2019-03-06,1,0,88,20.64,20.64,0.0,276.882412,0.0
2019-03-06,1,0,89,19.84,19.84,0.0,266.150536,0.0
2019-03-06,1,0,90,26.65,26.65,0.0,357.505634,0.0
2019-03-06,1,0,91,95.05,95.05,0.0,1275.08107,0.0
2019-03-06,1,0,92,34.18,34.18,0.0,458.519421,0.0
2019-03-06,1,0,95,8.61,8.61,0.0,151.716419,0.0
2019-03-06,1,0,96,5.19,5.19,0.0,80.19529,0.0
2019-03-06,1,0,97,31.91,31.91,0.0,493.069694,0.0
2019-03-06,1,0,99,1.31,1.31,0.0,21.515004,0.0
2019-03-06,1,0,101,0.0,0.0,0.0,0.0,0.0
2019-03-06,1,0,102,2.87,2.87,0.0,32.736599,0.0
2019-03-06,1,0,103,2.49,2.49,0.0,28.402137,0.0
2019-03-06,1,0,104,0.46,0.46,0.0,5.246981,0.0
2019-03-06,1,0,106,0.0,0.0,0.0,0.0,0.0
2019-03-06,1,0,109,0.0,0.0,0.0,0.0,0.0
2019-03-06,1,0,110,127.56,127.56,0.0,291.92346,0.0
2019-03-06,1,0,111,0.0,0.0,0.0,0.0,0.0
2019-03-06,1,0,113,11.2,11.2,0.0,150.226107,0.0
2019-03-06,1,0,115,11.2,11.2,0.0,150.226107,0.0
2019-03-06,1,0,116,0.0,0.0,0.0,0.0,0.0
2019-03-06,1,0,117,0.77,0.77,0.0,10.328045,0.0
2019-03-06,1,0,119,28.28,28.28,0.0,529.712935,0.0
2019-03-06,1,0,120,16.63,16.63,0.0,311.49668,0.0
2019-03-06,1,0,123,0.0,0.0,0.0,0.0,0.0
2019-03-06,1,0,125,32.15,32.15,0.0,498.158012,0.0
2019-03-06,1,0,126,0.0,0.0,0.0,0.0,0.0
2019-03-06,1,0,127,0.0,0.0,0.0,0.0,0.0
2019-03-06,1,0,128,46.04,46.04,0.0,713.380867,0.0
2019-03-06,1,0,131,4.12,4.12,0.0,49.464404,0.0
2019-03-06,1,0,132,6.05,6.05,0.0,72.635835,0.0
2019-03-06,1,0,133,42.25,42.25,0.0,638.412994,0.0
2019-03-06,1,0,134,0.0,0.0,0.0,0.0,0.0
2019-03-06,1,0,135,56.61,56.61,0.0,855.39786,0.0
2019-03-06,1,0,136,6.12,6.12,0.0,92.840021,0.0
2019-03-06,1,0,139,30.06,30.06,0.0,490.020614,0.0
2019-03-06,1,0,140,94.41,94.41,0.0,216.059061,0.0
2019-03-06,1,0,141,48.28,48.28,0.0,442.339363,0.0
2019-03-06,1,0,142,0.0,0.0,0.0,0.0,0.0
2019-03-06,1,0,143,89.59,89.59,0.0,1386.29948,0.0
2019-03-06,1,0,145,1.57,1.57,0.0,25.48665,0.0
2019-03-06,1,0,146,268.0,268.0,0.0,613.323042,0.0
2019-03-06,1,0,152,0.0,0.0,0.0,0.0,0.0
2019-03-06,1,0,153,0.0,0.0,0.0,0.0,0.0
2019-03-06,1,0,154,0.0,0.0,0.0,0.0,0.0
2019-03-06,1,0,157,221.18,221.18,0.0,2026.442012,0.0
2019-03-06,1,0,158,0.0,0.0,0.0,0.0,0.0
2019-03-06,1,0,159,0.0,0.0,0.0,0.0,0.0
2019-03-06,1,0,160,0.0,0.0,0.0,0.0,0.0
2019-03-06,1,0,161,0.0,0.0,0.0,0.0,0.0
2019-03-06,1,0,162,1.91,1.91,0.0,33.679507,0.0
2019-03-06,1,0,163,46.56,46.56,0.0,106.553436,0.0
2019-03-06,1,0,164,0.0,0.0,0.0,0.0,0.0
2019-03-06,1,0,167,0.0,0.0,0.0,0.0,0.0
2019-03-06,1,0,168,0.0,0.0,0.0,0.0,0.0
2019-03-06,1,0,169,0.0,0.0,0.0,0.0,0.0
2019-03-06,1,0,170,0.0,0.0,0.0,0.0,0.0
2019-03-06,1,0,172,0.0,0.0,0.0,0.0,0.0
2019-03-06,1,0,173,0.0,0.0,0.0,0.0,0.0
2019-03-06,1,0,188,0.0,0.0,0.0,0.0,0.0
2019-03-06,1,0,190,0.0,0.0,0.0,0.0,0.0
2019-03-06,1,0,191,0.0,0.0,0.0,0.0,0.0
2019-03-06,1,0,192,53.02,53.02,0.0,993.118098,0.0
2019-03-06,1,0,194,11.91,11.91,0.0,179.627736,0.0
2019-03-06,1,0,196,0.0,0.0,0.0,0.0,0.0
2019-03-06,1,0,198,0.0,0.0,0.0,0.0,0.0
2019-03-06,1,0,199,15.91,15.91,0.0,196.802937,0.0
2019-03-06,1,0,200,0.0,0.0,0.0,0.0,0.0
2019-03-06,1,0,204,0.0,0.0,0.0,0.0,0.0
2019-03-06,1,0,205,0.0,0.0,0.0,0.0,0.0
2019-03-06,1,0,206,93.78,93.78,0.0,1449.077903,0.0
2019-03-06,1,0,210,0.0,0.0,0.0,0.0,0.0
2019-03-06,1,0,214,0.0,0.0,0.0,0.0,0.0
2019-03-06,1,0,217,0.0,0.0,0.0,0.0,0.0
2019-03-06,1,0,218,0.0,0.0,0.0,0.0,0.0
2019-03-06,1,0,219,0.0,0.0,0.0,0.0,0.0
2019-03-06,1,0,221,0.0,0.0,0.0,0.0,0.0
2019-03-06,1,0,225,0.0,0.0,0.0,0.0,0.0
2019-03-06,1,0,233,0.0,0.0,0.0,0.0,0.0
2019-03-06,1,0,236,4.37,4.37,0.0,69.289753,0.0
2019-03-06,1,0,237,16.3,16.3,0.0,267.705778,0.0
2019-03-06,1,0,238,0.0,0.0,0.0,0.0,0.0
2019-03-06,1,0,240,0.0,0.0,0.0,0.0,0.0
2019-03-06,1,0,245,28.97,28.97,0.0,432.366115,0.0
2019-03-06,1,0,247,22.4,22.4,0.0,334.311391,0.0
2019-03-06,1,0,248,1.64,1.64,0.0,26.934814,0.0
2019-03-06,1,0,249,55.72,55.72,0.0,831.599584,0.0
2019-03-06,1,0,251,0.0,0.0,0.0,0.0,0.0
2019-03-06,1,0,252,12.27,12.27,0.0,186.100221,0.0
2019-03-06,1,0,254,0.0,0.0,0.0,0.0,0.0
2019-03-06,1,0,255,0.0,0.0,0.0,0.0,0.0
2019-03-06,1,0,258,0.0,0.0,0.0,0.0,0.0
2019-03-06,1,0,260,0.0,0.0,0.0,0.0,0.0
2019-03-06,1,0,265,0.0,0.0,0.0,0.0,0.0
2019-03-06,1,0,266,19.46,19.46,0.0,317.225587,0.0
2019-03-06,1,0,267,23.92,23.92,0.0,389.92991,0.0
2019-03-06,1,0,270,145.41,145.41,0.0,332.773521,0.0
2019-03-06,1,0,272,37.36,37.36,0.0,501.111371,0.0
2019-03-06,1,0,273,0.0,0.0,0.0,0.0,0.0
2019-03-06,1,0,274,187.45,187.45,0.0,428.982852,0.0
2019-03-06,1,0,275,260.93,260.93,0.0,597.143214,0.0
2019-03-06,1,0,276,0.0,0.0,0.0,0.0,0.0
2019-03-06,1,0,277,0.0,0.0,0.0,0.0,0.0
2019-03-06,1,0,278,0.0,0.0,0.0,0.0,0.0
2019-03-06,1,0,279,28.45,28.45,0.0,381.621672,0.0
2019-03-06,1,0,281,22.01,22.01,0.0,340.578765,0.0
2019-03-06,1,0,282,0.0,0.0,0.0,0.0,0.0
2019-03-06,2,0,9,0.0,0.0,0.0,0.0,0.0
2019-03-06,2,0,17,0.0,0.0,0.0,0.0,0.0
2019-03-06,2,0,19,305.86,305.86,0.0,4582.173753,0.0
2019-03-06,2,0,20,370.95,370.95,0.0,5557.305152,0.0
2019-03-06,2,0,21,0.0,0.0,0.0,0.0,0.0
2019-03-06,2,0,22,0.0,0.0,0.0,0.0,0.0
2019-03-06,2,0,23,20.84,20.84,0.0,336.202654,0.0
2019-03-06,2,0,24,36.87,36.87,0.0,594.807671,0.0
2019-03-06,2,0,29,0.0,0.0,0.0,0.0,0.0
2019-03-06,2,0,30,0.0,0.0,0.0,0.0,0.0
2019-03-06,2,0,31,22.25,22.25,0.0,358.581774,0.0
2019-03-06,2,0,32,0.0,0.0,0.0,0.0,0.0
2019-03-06,2,0,33,0.0,0.0,0.0,0.0,0.0
2019-03-06,2,0,34,0.0,0.0,0.0,0.0,0.0
2019-03-06,2,0,35,0.0,0.0,0.0,0.0,0.0
2019-03-06,2,0,36,0.0,0.0,0.0,0.0,0.0
2019-03-06,2,0,37,0.0,0.0,0.0,0.0,0.0
2019-03-06,2,0,38,0.0,0.0,0.0,0.0,0.0
2019-03-06,2,0,39,0.0,0.0,0.0,0.0,0.0
2019-03-06,2,0,40,0.0,0.0,0.0,0.0,0.0
2019-03-06,2,0,41,22.19,22.19,0.0,370.610705,0.0
2019-03-06,2,0,42,0.0,0.0,0.0,0.0,0.0
2019-03-06,2,0,43,0.0,0.0,0.0,0.0,0.0
2019-03-06,2,0,46,0.0,0.0,0.0,0.0,0.0
2019-03-06,2,0,52,23.58,23.58,0.0,380.016101,0.0
2019-03-06,2,0,53,37.47,37.47,0.0,603.867824,0.0
2019-03-06,2,0,55,159.18,159.18,0.0,2567.981696,0.0
2019-03-06,2,0,56,0.0,0.0,0.0,0.0,0.0
2019-03-06,2,0,57,0.0,0.0,0.0,0.0,0.0
2019-03-06,2,0,58,0.0,0.0,0.0,0.0,0.0
2019-03-06,2,0,59,0.0,0.0,0.0,0.0,0.0
2019-03-06,2,0,63,16.96,16.96,0.0,299.574444,0.0
2019-03-06,2,0,64,19.95,19.95,0.0,352.388571,0.0
2019-03-06,2,0,65,2.32,2.32,0.0,34.891659,0.0
2019-03-06,2,0,67,0.0,0.0,0.0,0.0,0.0
2019-03-06,2,0,68,1.22,1.22,0.0,16.117165,0.0
2019-03-06,2,0,69,0.0,0.0,0.0,0.0,0.0
2019-03-06,2,0,74,7.51,7.51,0.0,123.715624,0.0
2019-03-06,2,0,77,28.8,28.8,0.0,417.019226,0.0
2019-03-06,2,0,78,21.77,21.77,0.0,315.225991,0.0
2019-03-06,2,0,79,12.6,12.6,0.0,182.445911,0.0
2019-03-06,2,0,80,20.38,20.38,0.0,295.099022,0.0
2019-03-06,2,0,81,26.64,26.64,0.0,385.742784,0.0
2019-03-06,2,0,82,18.79,18.79,0.0,272.076085,0.0
2019-03-06,2,0,83,41.9,41.9,0.0,606.705055,0.0
2019-03-06,2,0,84,0.0,0.0,0.0,0.0,0.0
2019-03-06,2,0,86,0.0,0.0,0.0,0.0,0.0
2019-03-06,2,0,87,0.0,0.0,0.0,0.0,0.0
2019-03-06,2,0,88,21.51,21.51,0.0,311.461234,0.0
2019-03-06,2,0,89,20.68,20.68,0.0,299.442972,0.0
2019-03-06,2,0,90,27.76,27.76,0.0,401.960198,0.0
2019-03-06,2,0,91,99.03,99.03,0.0,1433.937985,0.0
2019-03-06,2,0,92,35.62,35.62,0.0,515.771696,0.0
2019-03-06,2,0,95,1.82,1.82,0.0,30.931431,0.0
2019-03-06,2,0,96,4.61,4.61,0.0,74.21528,0.0
2019-03-06,2,0,97,28.33,28.33,0.0,456.077846,0.0
2019-03-06,2,0,99,1.45,1.45,0.0,23.886505,0.0
2019-03-06,2,0,101,0.0,0.0,0.0,0.0,0.0
2019-03-06,2,0,102,2.89,2.89,0.0,38.179186,0.0
2019-03-06,2,0,103,2.52,2.52,0.0,33.291193,0.0
2019-03-06,2,0,104,0.47,0.47,0.0,6.209072,0.0
2019-03-06,2,0,106,0.0,0.0,0.0,0.0,0.0
2019-03-06,2,0,109,6.45,6.45,0.0,114.755601,0.0
2019-03-06,2,0,110,129.05,129.05,0.0,975.66334,0.0
2019-03-06,2,0,111,0.0,0.0,0.0,0.0,0.0
2019-03-06,2,0,113,12.31,12.31,0.0,177.244503,0.0
2019-03-06,2,0,115,12.31,12.31,0.0,177.244503,0.0
2019-03-06,2,0,116,0.0,0.0,0.0,0.0,0.0
2019-03-06,2,0,117,0.66,0.66,0.0,9.502955,0.0
2019-03-06,2,0,119,19.95,19.95,0.0,352.388571,0.0
2019-03-06,2,0,120,11.73,11.73,0.0,207.193881,0.0
2019-03-06,2,0,123,0.0,0.0,0.0,0.0,0.0
2019-03-06,2,0,125,33.37,33.37,0.0,538.343694,0.0
2019-03-06,2,0,126,0.0,0.0,0.0,0.0,0.0
2019-03-06,2,0,127,0.0,0.0,0.0,0.0,0.0
2019-03-06,2,0,128,47.79,47.79,0.0,770.975281,0.0
2019-03-06,2,0,131,4.2,4.2,0.0,57.045526,0.0
2019-03-06,2,0,132,6.17,6.17,0.0,83.802594,0.0
2019-03-06,2,0,133,44.61,44.61,0.0,668.070083,0.0
2019-03-06,2,0,134,0.0,0.0,0.0,0.0,0.0
2019-03-06,2,0,135,59.77,59.77,0.0,895.10309,0.0
2019-03-06,2,0,136,6.73,6.73,0.0,101.237405,0.0
2019-03-06,2,0,139,28.66,28.66,0.0,478.670699,0.0
2019-03-06,2,0,140,95.51,95.51,0.0,722.089156,0.0
2019-03-06,2,0,141,50.27,50.27,0.0,594.183917,0.0
2019-03-06,2,0,142,0.0,0.0,0.0,0.0,0.0
2019-03-06,2,0,143,46.71,46.71,0.0,752.779986,0.0
2019-03-06,2,0,145,1.75,1.75,0.0,29.281893,0.0
2019-03-06,2,0,146,268.0,268.0,0.0,2026.174158,0.0
2019-03-06,2,0,152,0.0,0.0,0.0,0.0,0.0
2019-03-06,2,0,153,0.0,0.0,0.0,0.0,0.0
2019-03-06,2,0,154,0.0,0.0,0.0,0.0,0.0
2019-03-06,2,0,157,208.08,208.08,0.0,2459.474625,0.0
2019-03-06,2,0,158,0.0,0.0,0.0,0.0,0.0
2019-03-06,2,0,159,0.0,0.0,0.0,0.0,0.0
2019-03-06,2,0,160,0.0,0.0,0.0,0.0,0.0
2019-03-06,2,0,161,0.0,0.0,0.0,0.0,0.0
2019-03-06,2,0,162,0.0,0.0,0.0,0.0,0.0
2019-03-06,2,0,163,41.17,41.17,0.0,311.259665,0.0
2019-03-06,2,0,164,0.0,0.0,0.0,0.0,0.0
2019-03-06,2,0,167,0.0,0.0,0.0,0.0,0.0
2019-03-06,2,0,168,0.0,0.0,0.0,0.0,0.0
2019-03-06,2,0,169,0.0,0.0,0.0,0.0,0.0
2019-03-06,2,0,170,0.0,0.0,0.0,0.0,0.0
2019-03-06,2,0,172,0.0,0.0,0.0,0.0,0.0
2019-03-06,2,0,173,0.0,0.0,0.0,0.0,0.0
2019-03-06,2,0,188,0.0,0.0,0.0,0.0,0.0
2019-03-06,2,0,190,0.0,0.0,0.0,0.0,0.0
2019-03-06,2,0,191,0.0,0.0,0.0,0.0,0.0
2019-03-06,2,0,192,38.71,38.71,0.0,683.757472,0.0
2019-03-06,2,0,194,11.9,11.9,0.0,182.757935,0.0
2019-03-06,2,0,196,0.0,0.0,0.0,0.0,0.0
2019-03-06,2,0,198,0.0,0.0,0.0,0.0,0.0
2019-03-06,2,0,199,5.26,5.26,0.0,65.182492,0.0
2019-03-06,2,0,200,0.0,0.0,0.0,0.0,0.0
2019-03-06,2,0,204,18.21,18.21,0.0,325.199801,0.0
2019-03-06,2,0,205,31.64,31.64,0.0,562.92515,0.0
2019-03-06,2,0,206,83.24,83.24,0.0,1340.060709,0.0
2019-03-06,2,0,210,0.0,0.0,0.0,0.0,0.0
2019-03-06,2,0,214,0.0,0.0,0.0,0.0,0.0
2019-03-06,2,0,217,0.0,0.0,0.0,0.0,0.0
2019-03-06,2,0,218,0.0,0.0,0.0,0.0,0.0
2019-03-06,2,0,219,0.0,0.0,0.0,0.0,0.0
2019-03-06,2,0,221,0.0,0.0,0.0,0.0,0.0
2019-03-06,2,0,225,0.0,0.0,0.0,0.0,0.0
2019-03-06,2,0,233,0.0,0.0,0.0,0.0,0.0
2019-03-06,2,0,236,7.45,7.45,0.0,117.781531,0.0
2019-03-06,2,0,237,18.02,18.02,0.0,296.851604,0.0
2019-03-06,2,0,238,0.0,0.0,0.0,0.0,0.0
2019-03-06,2,0,240,0.0,0.0,0.0,0.0,0.0
2019-03-06,2,0,245,31.48,31.48,0.0,464.869842,0.0
2019-03-06,2,0,247,24.56,24.56,0.0,362.681173,0.0
2019-03-06,2,0,248,1.81,1.81,0.0,29.816948,0.0
2019-03-06,2,0,249,60.54,60.54,0.0,894.003185,0.0
2019-03-06,2,0,251,0.0,0.0,0.0,0.0,0.0
2019-03-06,2,0,252,15.0,15.0,0.0,225.592626,0.0
2019-03-06,2,0,254,0.0,0.0,0.0,0.0,0.0
2019-03-06,2,0,255,0.0,0.0,0.0,0.0,0.0
2019-03-06,2,0,258,0.0,0.0,0.0,0.0,0.0
2019-03-06,2,0,260,0.0,0.0,0.0,0.0,0.0
2019-03-06,2,0,265,0.0,0.0,0.0,0.0,0.0
2019-03-06,2,0,266,18.56,18.56,0.0,309.983537,0.0
2019-03-06,2,0,267,22.81,22.81,0.0,380.965758,0.0
2019-03-06,2,0,270,128.57,128.57,0.0,972.034371,0.0
2019-03-06,2,0,272,53.1,53.1,0.0,764.5559,0.0
2019-03-06,2,0,273,0.0,0.0,0.0,0.0,0.0
2019-03-06,2,0,274,165.74,165.74,0.0,1253.05263,0.0
2019-03-06,2,0,275,230.71,230.71,0.0,1744.248657,0.0
2019-03-06,2,0,276,0.0,0.0,0.0,0.0,0.0
2019-03-06,2,0,277,0.0,0.0,0.0,0.0,0.0
2019-03-06,2,0,278,0.0,0.0,0.0,0.0,0.0
2019-03-06,2,0,279,29.58,29.58,0.0,426.870696,0.0
2019-03-06,2,0,281,9.99,9.99,0.0,160.999188,0.0
2019-03-06,2,0,282,0.0,0.0,0.0,0.0,0.0
2019-03-06,3,0,9,0.0,0.0,0.0,0.0,0.0
2019-03-06,3,0,17,0.0,0.0,0.0,0.0,0.0
2019-03-06,3,0,19,324.61,324.61,0.0,5115.076514,0.0
2019-03-06,3,0,20,393.7,393.7,0.0,6203.769519,0.0
2019-03-06,3,0,21,0.0,0.0,0.0,0.0,0.0
2019-03-06,3,0,22,0.0,0.0,0.0,0.0,0.0
2019-03-06,3,0,23,21.67,21.67,0.0,359.476471,0.0
2019-03-06,3,0,24,38.34,38.34,0.0,636.009594,0.0
2019-03-06,3,0,29,0.0,0.0,0.0,0.0,0.0
2019-03-06,3,0,30,0.0,0.0,0.0,0.0,0.0
2019-03-06,3,0,31,20.75,20.75,0.0,343.80341,0.0
2019-03-06,3,0,32,0.0,0.0,0.0,0.0,0.0
2019-03-06,3,0,33,0.0,0.0,0.0,0.0,0.0
2019-03-06,3,0,34,0.0,0.0,0.0,0.0,0.0
2019-03-06,3,0,35,0.0,0.0,0.0,0.0,0.0
2019-03-06,3,0,36,0.0,0.0,0.0,0.0,0.0
2019-03-06,3,0,37,0.0,0.0,0.0,0.0,0.0
2019-03-06,3,0,38,0.0,0.0,0.0,0.0,0.0
2019-03-06,3,0,39,0.0,0.0,0.0,0.0,0.0
2019-03-06,3,0,40,0.0,0.0,0.0,0.0,0.0
2019-03-06,3,0,41,21.18,21.18,0.0,366.713931,0.0
2019-03-06,3,0,42,0.0,0.0,0.0,0.0,0.0
2019-03-06,3,0,43,0.0,0.0,0.0,0.0,0.0
2019-03-06,3,0,46,0.0,0.0,0.0,0.0,0.0
2019-03-06,3,0,52,21.99,21.99,0.0,364.34877,0.0
2019-03-06,3,0,53,34.94,34.94,0.0,578.915236,0.0
2019-03-06,3,0,55,161.35,161.35,0.0,2676.581846,0.0
2019-03-06,3,0,56,0.0,0.0,0.0,0.0,0.0
2019-03-06,3,0,57,0.0,0.0,0.0,0.0,0.0
2019-03-06,3,0,58,0.0,0.0,0.0,0.0,0.0
2019-03-06,3,0,59,0.0,0.0,0.0,0.0,0.0
2019-03-06,3,0,63,14.12,14.12,0.0,225.577578,0.0
2019-03-06,3,0,64,16.61,16.61,0.0,265.357193,0.0
2019-03-06,3,0,65,2.93,2.93,0.0,46.341567,0.0
2019-03-06,3,0,67,0.0,0.0,0.0,0.0,0.0
2019-03-06,3,0,68,1.26,1.26,0.0,17.34633,0.0
2019-03-06,3,0,69,0.0,0.0,0.0,0.0,0.0
2019-03-06,3,0,74,8.64,8.64,0.0,149.038249,0.0
2019-03-06,3,0,77,28.72,28.72,0.0,419.750647,0.0
2019-03-06,3,0,78,21.71,21.71,0.0,317.297582,0.0
2019-03-06,3,0,79,12.56,12.56,0.0,183.567832,0.0
2019-03-06,3,0,80,20.32,20.32,0.0,296.982352,0.0
2019-03-06,3,0,81,26.56,26.56,0.0,388.181657,0.0
2019-03-06,3,0,82,18.74,18.74,0.0,273.89022,0.0
2019-03-06,3,0,83,41.78,41.78,0.0,610.626115,0.0
2019-03-06,3,0,84,0.0,0.0,0.0,0.0,0.0
2019-03-06,3,0,86,0.0,0.0,0.0,0.0,0.0
2019-03-06,3,0,87,0.0,0.0,0.0,0.0,0.0
2019-03-06,3,0,88,22.57,22.57,0.0,329.866717,0.0
2019-03-06,3,0,89,21.7,21.7,0.0,317.151429,0.0
2019-03-06,3,0,90,29.13,29.13,0.0,425.742909,0.0
2019-03-06,3,0,91,103.93,103.93,0.0,1518.965347,0.0
2019-03-06,3,0,92,37.38,37.38,0.0,546.318913,0.0
2019-03-06,3,0,95,1.83,1.83,0.0,28.41742,0.0
2019-03-06,3,0,96,4.04,4.04,0.0,66.854381,0.0
2019-03-06,3,0,97,24.85,24.85,0.0,411.220635,0.0
2019-03-06,3,0,99,1.67,1.67,0.0,28.807162,0.0
2019-03-06,3,0,101,0.0,0.0,0.0,0.0,0.0
2019-03-06,3,0,102,2.98,2.98,0.0,41.025448,0.0
2019-03-06,3,0,103,2.59,2.59,0.0,35.656345,0.0
2019-03-06,3,0,104,0.48,0.48,0.0,6.608126,0.0
2019-03-06,3,0,106,0.0,0.0,0.0,0.0,0.0
2019-03-06,3,0,109,11.27,11.27,0.0,209.005714,0.0
2019-03-06,3,0,110,130.21,130.21,0.0,1337.812791,0.0
2019-03-06,3,0,111,0.0,0.0,0.0,0.0,0.0
2019-03-06,3,0,113,10.65,10.65,0.0,152.88091,0.0
2019-03-06,3,0,115,10.65,10.65,0.0,152.88091,0.0
2019-03-06,3,0,116,0.0,0.0,0.0,0.0,0.0
2019-03-06,3,0,117,0.55,0.55,0.0,7.895258,0.0
2019-03-06,3,0,119,16.61,16.61,0.0,265.357193,0.0
2019-03-06,3,0,120,9.77,9.77,0.0,156.083069,0.0
2019-03-06,3,0,123,0.0,0.0,0.0,0.0,0.0
2019-03-06,3,0,125,34.69,34.69,0.0,575.46095,0.0
2019-03-06,3,0,126,0.0,0.0,0.0,0.0,0.0
2019-03-06,3,0,127,0.0,0.0,0.0,0.0,0.0
2019-03-06,3,0,128,49.69,49.69,0.0,824.290994,0.0
2019-03-06,3,0,131,4.28,4.28,0.0,59.90522,0.0
2019-03-06,3,0,132,6.29,6.29,0.0,88.038279,0.0
2019-03-06,3,0,133,26.84,26.84,0.0,422.785892,0.0
2019-03-06,3,0,134,0.0,0.0,0.0,0.0,0.0
2019-03-06,3,0,135,35.91,35.91,0.0,565.657279,0.0
2019-03-06,3,0,136,7.6,7.6,0.0,120.227843,0.0
2019-03-06,3,0,139,27.35,27.35,0.0,473.542304,0.0
2019-03-06,3,0,140,96.37,96.37,0.0,990.13147,0.0
2019-03-06,3,0,141,52.13,52.13,0.0,672.850198,0.0
2019-03-06,3,0,142,0.0,0.0,0.0,0.0,0.0
2019-03-06,3,0,143,22.68,22.68,0.0,375.781269,0.0
2019-03-06,3,0,145,1.95,1.95,0.0,33.728624,0.0
2019-03-06,3,0,146,268.0,268.0,0.0,2753.504554,0.0
2019-03-06,3,0,152,0.0,0.0,0.0,0.0,0.0
2019-03-06,3,0,153,0.0,0.0,0.0,0.0,0.0
2019-03-06,3,0,154,0.0,0.0,0.0,0.0,0.0
2019-03-06,3,0,157,197.89,197.89,0.0,2554.197691,0.0
2019-03-06,3,0,158,0.0,0.0,0.0,0.0,0.0
2019-03-06,3,0,159,0.0,0.0,0.0,0.0,0.0
2019-03-06,3,0,160,0.0,0.0,0.0,0.0,0.0
2019-03-06,3,0,161,0.0,0.0,0.0,0.0,0.0
2019-03-06,3,0,162,0.0,0.0,0.0,0.0,0.0
2019-03-06,3,0,163,38.56,38.56,0.0,396.175879,0.0
2019-03-06,3,0,164,0.0,0.0,0.0,0.0,0.0
2019-03-06,3,0,167,0.0,0.0,0.0,0.0,0.0
2019-03-06,3,0,168,0.0,0.0,0.0,0.0,0.0
2019-03-06,3,0,169,0.0,0.0,0.0,0.0,0.0
2019-03-06,3,0,170,0.0,0.0,0.0,0.0,0.0
2019-03-06,3,0,172,0.0,0.0,0.0,0.0,0.0
2019-03-06,3,0,173,0.0,0.0,0.0,0.0,0.0
2019-03-06,3,0,188,0.0,0.0,0.0,0.0,0.0
2019-03-06,3,0,190,0.0,0.0,0.0,0.0,0.0
2019-03-06,3,0,191,0.0,0.0,0.0,0.0,0.0
2019-03-06,3,0,192,33.96,33.96,0.0,542.53644,0.0
2019-03-06,3,0,194,13.42,13.42,0.0,197.974096,0.0
2019-03-06,3,0,196,0.0,0.0,0.0,0.0,0.0
2019-03-06,3,0,198,0.0,0.0,0.0,0.0,0.0
2019-03-06,3,0,199,4.79,4.79,0.0,58.794866,0.0
2019-03-06,3,0,200,0.0,0.0,0.0,0.0,0.0
2019-03-06,3,0,204,33.02,33.02,0.0,614.372547,0.0
2019-03-06,3,0,205,59.62,59.62,0.0,1105.671755,0.0
2019-03-06,3,0,206,73.02,73.02,0.0,1208.343291,0.0
2019-03-06,3,0,210,0.0,0.0,0.0,0.0,0.0
2019-03-06,3,0,214,0.0,0.0,0.0,0.0,0.0
2019-03-06,3,0,217,0.0,0.0,0.0,0.0,0.0
2019-03-06,3,0,218,0.0,0.0,0.0,0.0,0.0
2019-03-06,3,0,219,0.0,0.0,0.0,0.0,0.0
2019-03-06,3,0,221,0.0,0.0,0.0,0.0,0.0
2019-03-06,3,0,225,0.0,0.0,0.0,0.0,0.0
2019-03-06,3,0,233,0.0,0.0,0.0,0.0,0.0
2019-03-06,3,0,236,11.62,11.62,0.0,192.812554,0.0
2019-03-06,3,0,237,20.73,20.73,0.0,357.588299,0.0
2019-03-06,3,0,238,0.0,0.0,0.0,0.0,0.0
2019-03-06,3,0,240,0.0,0.0,0.0,0.0,0.0
2019-03-06,3,0,245,34.5,34.5,0.0,536.199429,0.0
2019-03-06,3,0,247,27.06,27.06,0.0,420.566857,0.0
2019-03-06,3,0,248,2.08,2.08,0.0,35.879579,0.0
2019-03-06,3,0,249,66.35,66.35,0.0,1031.212525,0.0
2019-03-06,3,0,251,7.27,7.27,0.0,115.68382,0.0
2019-03-06,3,0,252,18.88,18.88,0.0,298.610506,0.0
2019-03-06,3,0,254,0.0,0.0,0.0,0.0,0.0
2019-03-06,3,0,255,0.0,0.0,0.0,0.0,0.0
2019-03-06,3,0,258,0.0,0.0,0.0,0.0,0.0
2019-03-06,3,0,260,0.0,0.0,0.0,0.0,0.0
2019-03-06,3,0,265,0.0,0.0,0.0,0.0,0.0
2019-03-06,3,0,266,17.71,17.71,0.0,306.633792,0.0
2019-03-06,3,0,267,21.76,21.76,0.0,376.756144,0.0
2019-03-06,3,0,270,120.43,120.43,0.0,1237.330423,0.0
2019-03-06,3,0,272,43.51,43.51,0.0,624.586704,0.0
2019-03-06,3,0,273,0.0,0.0,0.0,0.0,0.0
2019-03-06,3,0,274,155.25,155.25,0.0,1595.08053,0.0
2019-03-06,3,0,275,216.12,216.12,0.0,2220.475389,0.0
2019-03-06,3,0,276,0.0,0.0,0.0,0.0,0.0
2019-03-06,3,0,277,0.0,0.0,0.0,0.0,0.0
2019-03-06,3,0,278,0.0,0.0,0.0,0.0,0.0
2019-03-06,3,0,279,31.55,31.55,0.0,456.192705,0.0
2019-03-06,3,0,281,9.31,9.31,0.0,154.255891,0.0
2019-03-06,3,0,282,0.0,0.0,0.0,0.0,0.0
2019-03-06,4,0,9,0.0,0.0,0.0,0.0,0.0
2019-03-06,4,0,17,0.0,0.0,0.0,0.0,0.0
2019-03-06,4,0,19,348.2,348.2,0.0,5672.734231,0.0
2019-03-06,4,0,20,422.3,422.3,0.0,6879.941602,0.0
2019-03-06,4,0,21,0.0,0.0,0.0,0.0,0.0
2019-03-06,4,0,22,0.0,0.0,0.0,0.0,0.0
2019-03-06,4,0,23,20.54,20.54,0.0,356.010535,0.0
2019-03-06,4,0,24,33.95,33.95,0.0,588.440003,0.0
2019-03-06,4,0,29,0.0,0.0,0.0,0.0,0.0
2019-03-06,4,0,30,0.0,0.0,0.0,0.0,0.0
2019-03-06,4,0,31,19.32,19.32,0.0,334.462566,0.0
2019-03-06,4,0,32,0.0,0.0,0.0,0.0,0.0
2019-03-06,4,0,33,0.0,0.0,0.0,0.0,0.0
2019-03-06,4,0,34,0.0,0.0,0.0,0.0,0.0
2019-03-06,4,0,35,0.0,0.0,0.0,0.0,0.0
2019-03-06,4,0,36,0.0,0.0,0.0,0.0,0.0
2019-03-06,4,0,37,0.0,0.0,0.0,0.0,0.0
2019-03-06,4,0,38,0.0,0.0,0.0,0.0,0.0
2019-03-06,4,0,39,0.0,0.0,0.0,0.0,0.0
2019-03-06,4,0,40,0.0,0.0,0.0,0.0,0.0
2019-03-06,4,0,41,20.29,20.29,0.0,366.867372,0.0
2019-03-06,4,0,42,0.0,0.0,0.0,0.0,0.0
2019-03-06,4,0,43,0.0,0.0,0.0,0.0,0.0
2019-03-06,4,0,46,0.0,0.0,0.0,0.0,0.0
2019-03-06,4,0,52,20.48,20.48,0.0,354.54417,0.0
2019-03-06,4,0,53,32.53,32.53,0.0,563.15048,0.0
2019-03-06,4,0,55,163.6,163.6,0.0,2835.604846,0.0
2019-03-06,4,0,56,0.0,0.0,0.0,0.0,0.0
2019-03-06,4,0,57,0.0,0.0,0.0,0.0,0.0
2019-03-06,4,0,58,0.0,0.0,0.0,0.0,0.0
2019-03-06,4,0,59,0.0,0.0,0.0,0.0,0.0
2019-03-06,4,0,63,14.96,14.96,0.0,264.197788,0.0
2019-03-06,4,0,64,17.61,17.61,0.0,310.99753,0.0
2019-03-06,4,0,65,3.74,3.74,0.0,61.173649,0.0
2019-03-06,4,0,67,0.0,0.0,0.0,0.0,0.0
2019-03-06,4,0,68,1.3,1.3,0.0,18.320147,0.0
2019-03-06,4,0,69,0.0,0.0,0.0,0.0,0.0
2019-03-06,4,0,74,10.29,10.29,0.0,184.700336,0.0
2019-03-06,4,0,77,28.73,28.73,0.0,438.355177,0.0
2019-03-06,4,0,78,21.72,21.72,0.0,331.398344,0.0
2019-03-06,4,0,79,12.57,12.57,0.0,191.789926,0.0
2019-03-06,4,0,80,20.32,20.32,0.0,310.037493,0.0
2019-03-06,4,0,81,26.57,26.57,0.0,405.398435,0.0
2019-03-06,4,0,82,18.74,18.74,0.0,285.930247,0.0
2019-03-06,4,0,83,41.8,41.8,0.0,637.773978,0.0
2019-03-06,4,0,84,0.0,0.0,0.0,0.0,0.0
2019-03-06,4,0,86,0.0,0.0,0.0,0.0,0.0
2019-03-06,4,0,87,0.0,0.0,0.0,0.0,0.0
2019-03-06,4,0,88,23.68,23.68,0.0,361.303536,0.0
2019-03-06,4,0,89,22.77,22.77,0.0,347.418983,0.0
2019-03-06,4,0,90,30.57,30.57,0.0,466.429438,0.0
2019-03-06,4,0,91,109.04,109.04,0.0,1663.705132,0.0
2019-03-06,4,0,92,39.22,39.22,0.0,598.408981,0.0
2019-03-06,4,0,95,8.26,8.26,0.0,140.739887,0.0
2019-03-06,4,0,96,3.55,3.55,0.0,61.379383,0.0
2019-03-06,4,0,97,21.86,21.86,0.0,377.958681,0.0
2019-03-06,4,0,99,1.99,1.99,0.0,35.719501,0.0
2019-03-06,4,0,101,0.0,0.0,0.0,0.0,0.0
2019-03-06,4,0,102,3.08,3.08,0.0,43.404656,0.0
2019-03-06,4,0,103,2.67,2.67,0.0,37.626764,0.0
2019-03-06,4,0,104,0.5,0.5,0.0,7.04621,0.0
2019-03-06,4,0,106,0.0,0.0,0.0,0.0,0.0
2019-03-06,4,0,109,17.89,17.89,0.0,347.015707,0.0
2019-03-06,4,0,110,132.82,132.82,0.0,1206.845719,0.0
2019-03-06,4,0,111,0.0,0.0,0.0,0.0,0.0
2019-03-06,4,0,113,6.23,6.23,0.0,93.767488,0.0
2019-03-06,4,0,115,6.23,6.23,0.0,93.767488,0.0
2019-03-06,4,0,116,0.0,0.0,0.0,0.0,0.0
2019-03-06,4,0,117,0.42,0.42,0.0,6.321404,0.0
2019-03-06,4,0,119,17.61,17.61,0.0,310.99753,0.0
2019-03-06,4,0,120,10.35,10.35,0.0,182.783897,0.0
2019-03-06,4,0,123,0.0,0.0,0.0,0.0,0.0
2019-03-06,4,0,125,31.15,31.15,0.0,539.908869,0.0
2019-03-06,4,0,126,0.0,0.0,0.0,0.0,0.0
2019-03-06,4,0,127,0.0,0.0,0.0,0.0,0.0
2019-03-06,4,0,128,42.3,42.3,0.0,733.166779,0.0
2019-03-06,4,0,131,4.36,4.36,0.0,62.877901,0.0
2019-03-06,4,0,132,6.41,6.41,0.0,92.442051,0.0
2019-03-06,4,0,133,40.75,40.75,0.0,663.63307,0.0
2019-03-06,4,0,134,0.0,0.0,0.0,0.0,0.0
2019-03-06,4,0,135,56.21,56.21,0.0,915.406499,0.0
2019-03-06,4,0,136,8.84,8.84,0.0,144.623802,0.0
2019-03-06,4,0,139,26.2,26.2,0.0,473.727212,0.0
2019-03-06,4,0,140,98.3,98.3,0.0,893.185771,0.0
2019-03-06,4,0,141,54.4,54.4,0.0,699.589218,0.0
2019-03-06,4,0,142,0.0,0.0,0.0,0.0,0.0
2019-03-06,4,0,143,20.88,20.88,0.0,361.46886,0.0
2019-03-06,4,0,145,2.18,2.18,0.0,39.413398,0.0
2019-03-06,4,0,146,268.0,268.0,0.0,2435.135165,0.0
2019-03-06,4,0,152,0.0,0.0,0.0,0.0,0.0
2019-03-06,4,0,153,0.0,0.0,0.0,0.0,0.0
2019-03-06,4,0,154,0.0,0.0,0.0,0.0,0.0
2019-03-06,4,0,157,189.1,189.1,0.0,2431.844138,0.0
2019-03-06,4,0,158,0.0,0.0,0.0,0.0,0.0
2019-03-06,4,0,159,0.0,0.0,0.0,0.0,0.0
2019-03-06,4,0,160,0.0,0.0,0.0,0.0,0.0
2019-03-06,4,0,161,0.0,0.0,0.0,0.0,0.0
2019-03-06,4,0,162,1.31,1.31,0.0,22.330005,0.0
2019-03-06,4,0,163,38.29,38.29,0.0,347.915393,0.0
2019-03-06,4,0,164,0.0,0.0,0.0,0.0,0.0
2019-03-06,4,0,167,0.0,0.0,0.0,0.0,0.0
2019-03-06,4,0,168,0.0,0.0,0.0,0.0,0.0
2019-03-06,4,0,169,0.0,0.0,0.0,0.0,0.0
2019-03-06,4,0,170,0.0,0.0,0.0,0.0,0.0
2019-03-06,4,0,172,0.0,0.0,0.0,0.0,0.0
2019-03-06,4,0,173,0.0,0.0,0.0,0.0,0.0
2019-03-06,4,0,188,0.0,0.0,0.0,0.0,0.0
2019-03-06,4,0,190,0.0,0.0,0.0,0.0,0.0
2019-03-06,4,0,191,0.0,0.0,0.0,0.0,0.0
2019-03-06,4,0,192,37.39,37.39,0.0,660.317867,0.0
2019-03-06,4,0,194,16.43,16.43,0.0,259.188436,0.0
2019-03-06,4,0,196,0.0,0.0,0.0,0.0,0.0
2019-03-06,4,0,198,0.0,0.0,0.0,0.0,0.0
2019-03-06,4,0,199,5.01,5.01,0.0,65.01871,0.0
2019-03-06,4,0,200,0.0,0.0,0.0,0.0,0.0
2019-03-06,4,0,204,55.1,55.1,0.0,1072.625717,0.0
2019-03-06,4,0,205,94.62,94.62,0.0,1835.362002,0.0
2019-03-06,4,0,206,64.23,64.23,0.0,1110.534588,0.0
2019-03-06,4,0,210,0.0,0.0,0.0,0.0,0.0
2019-03-06,4,0,214,0.0,0.0,0.0,0.0,0.0
2019-03-06,4,0,217,0.0,0.0,0.0,0.0,0.0
2019-03-06,4,0,218,0.0,0.0,0.0,0.0,0.0
2019-03-06,4,0,219,0.0,0.0,0.0,0.0,0.0
2019-03-06,4,0,221,0.0,0.0,0.0,0.0,0.0
2019-03-06,4,0,225,0.0,0.0,0.0,0.0,0.0
2019-03-06,4,0,233,0.0,0.0,0.0,0.0,0.0
2019-03-06,4,0,236,17.23,17.23,0.0,296.653926,0.0
2019-03-06,4,0,237,24.69,24.69,0.0,443.173108,0.0
2019-03-06,4,0,238,0.0,0.0,0.0,0.0,0.0
2019-03-06,4,0,240,0.0,0.0,0.0,0.0,0.0
2019-03-06,4,0,245,38.22,38.22,0.0,613.53032,0.0
2019-03-06,4,0,247,29.9,29.9,0.0,479.972699,0.0
2019-03-06,4,0,248,2.48,2.48,0.0,44.514755,0.0
2019-03-06,4,0,249,73.5,73.5,0.0,1179.866,0.0
2019-03-06,4,0,251,10.36,10.36,0.0,170.559772,0.0
2019-03-06,4,0,252,24.1,24.1,0.0,394.193833,0.0
2019-03-06,4,0,254,0.0,0.0,0.0,0.0,0.0
2019-03-06,4,0,255,0.0,0.0,0.0,0.0,0.0
2019-03-06,4,0,258,0.0,0.0,0.0,0.0,0.0
2019-03-06,4,0,260,0.0,0.0,0.0,0.0,0.0
2019-03-06,4,0,265,0.0,0.0,0.0,0.0,0.0
2019-03-06,4,0,266,16.97,16.97,0.0,306.837816,0.0
2019-03-06,4,0,267,20.85,20.85,0.0,376.992839,0.0
2019-03-06,4,0,270,119.59,119.59,0.0,1086.633636,0.0
2019-03-06,4,0,272,20.83,20.83,0.0,313.511522,0.0
2019-03-06,4,0,273,0.0,0.0,0.0,0.0,0.0
2019-03-06,4,0,274,154.17,154.17,0.0,1400.838762,0.0
2019-03-06,4,0,275,214.61,214.61,0.0,1950.01626,0.0
2019-03-06,4,0,276,0.0,0.0,0.0,0.0,0.0
2019-03-06,4,0,277,0.0,0.0,0.0,0.0,0.0
2019-03-06,4,0,278,0.0,0.0,0.0,0.0,0.0
2019-03-06,4,0,279,33.96,33.96,0.0,513.946104,0.0
2019-03-06,4,0,281,8.67,8.67,0.0,150.092673,0.0
2019-03-06,4,0,282,0.0,0.0,0.0,0.0,0.0
2019-03-06,5,0,9,0.0,0.0,0.0,0.0,0.0
2019-03-06,5,0,17,0.0,0.0,0.0,0.0,0.0
2019-03-06,5,0,19,394.97,394.97,0.0,8455.738353,0.0
2019-03-06,5,0,20,479.02,479.02,0.0,10255.127696,0.0
2019-03-06,5,0,21,0.0,0.0,0.0,0.0,0.0
2019-03-06,5,0,22,0.0,0.0,0.0,0.0,0.0
2019-03-06,5,0,23,19.86,19.86,0.0,407.581942,0.0
2019-03-06,5,0,24,35.15,35.15,0.0,721.374887,0.0
2019-03-06,5,0,29,0.0,0.0,0.0,0.0,0.0
2019-03-06,5,0,30,0.0,0.0,0.0,0.0,0.0
2019-03-06,5,0,31,13.55,13.55,0.0,277.529327,0.0
2019-03-06,5,0,32,0.0,0.0,0.0,0.0,0.0
2019-03-06,5,0,33,0.0,0.0,0.0,0.0,0.0
2019-03-06,5,0,34,0.0,0.0,0.0,0.0,0.0
2019-03-06,5,0,35,0.0,0.0,0.0,0.0,0.0
2019-03-06,5,0,36,0.0,0.0,0.0,0.0,0.0
2019-03-06,5,0,37,0.0,0.0,0.0,0.0,0.0
2019-03-06,5,0,38,0.0,0.0,0.0,0.0,0.0
2019-03-06,5,0,39,0.0,0.0,0.0,0.0,0.0
2019-03-06,5,0,40,0.0,0.0,0.0,0.0,0.0
2019-03-06,5,0,41,19.68,19.68,0.0,437.29891,0.0
2019-03-06,5,0,42,0.0,0.0,0.0,0.0,0.0
2019-03-06,5,0,43,0.0,0.0,0.0,0.0,0.0
2019-03-06,5,0,46,0.0,0.0,0.0,0.0,0.0
2019-03-06,5,0,52,14.37,14.37,0.0,294.32446,0.0
2019-03-06,5,0,53,22.82,22.82,0.0,467.396254,0.0
2019-03-06,5,0,55,98.25,98.25,0.0,2016.360814,0.0
2019-03-06,5,0,56,0.0,0.0,0.0,0.0,0.0
2019-03-06,5,0,57,0.0,0.0,0.0,0.0,0.0
2019-03-06,5,0,58,0.0,0.0,0.0,0.0,0.0
2019-03-06,5,0,59,0.0,0.0,0.0,0.0,0.0
2019-03-06,5,0,63,18.89,18.89,0.0,366.313039,0.0
2019-03-06,5,0,64,22.22,22.22,0.0,430.888074,0.0
2019-03-06,5,0,65,5.53,5.53,0.0,118.764406,0.0
2019-03-06,5,0,67,0.0,0.0,0.0,0.0,0.0
2019-03-06,5,0,68,1.26,1.26,0.0,18.472178,0.0
2019-03-06,5,0,69,0.0,0.0,0.0,0.0,0.0
2019-03-06,5,0,74,9.4,9.4,0.0,216.928463,0.0
2019-03-06,5,0,77,30.1,30.1,0.0,496.58957,0.0
2019-03-06,5,0,78,22.76,22.76,0.0,375.494306,0.0
2019-03-06,5,0,79,13.17,13.17,0.0,217.278559,0.0
2019-03-06,5,0,80,21.3,21.3,0.0,351.407237,0.0
2019-03-06,5,0,81,27.84,27.84,0.0,459.304107,0.0
2019-03-06,5,0,82,19.64,19.64,0.0,324.02057,0.0
2019-03-06,5,0,83,43.8,43.8,0.0,722.612066,0.0
2019-03-06,5,0,84,0.0,0.0,0.0,0.0,0.0
2019-03-06,5,0,86,0.0,0.0,0.0,0.0,0.0
2019-03-06,5,0,87,0.0,0.0,0.0,0.0,0.0
2019-03-06,5,0,88,25.66,25.66,0.0,423.338484,0.0
2019-03-06,5,0,89,24.67,24.67,0.0,407.005472,0.0
2019-03-06,5,0,90,33.12,33.12,0.0,546.413507,0.0
2019-03-06,5,0,91,118.16,118.16,0.0,1949.402778,0.0
2019-03-06,5,0,92,42.5,42.5,0.0,701.164675,0.0
2019-03-06,5,0,95,1.34,1.34,0.0,24.588974,0.0
2019-03-06,5,0,96,3.16,3.16,0.0,64.587676,0.0
2019-03-06,5,0,97,19.44,19.44,0.0,397.336842,0.0
2019-03-06,5,0,99,1.81,1.81,0.0,41.770268,0.0
2019-03-06,5,0,101,0.0,0.0,0.0,0.0,0.0
2019-03-06,5,0,102,2.99,2.99,0.0,43.834772,0.0
2019-03-06,5,0,103,2.6,2.6,0.0,38.117193,0.0
2019-03-06,5,0,104,0.48,0.48,0.0,7.03702,0.0
2019-03-06,5,0,106,0.0,0.0,0.0,0.0,0.0
2019-03-06,5,0,109,18.3,18.3,0.0,446.488777,0.0
2019-03-06,5,0,110,197.69,197.69,0.0,1386.431935,0.0
2019-03-06,5,0,111,0.0,0.0,0.0,0.0,0.0
2019-03-06,5,0,113,14.69,14.69,0.0,234.946825,0.0
2019-03-06,5,0,115,14.69,14.69,0.0,234.946825,0.0
2019-03-06,5,0,116,0.0,0.0,0.0,0.0,0.0
2019-03-06,5,0,117,0.71,0.71,0.0,11.355497,0.0
2019-03-06,5,0,119,22.22,22.22,0.0,430.888074,0.0
2019-03-06,5,0,120,13.07,13.07,0.0,253.452166,0.0
2019-03-06,5,0,123,0.0,0.0,0.0,0.0,0.0
2019-03-06,5,0,125,31.8,31.8,0.0,652.623653,0.0
2019-03-06,5,0,126,0.0,0.0,0.0,0.0,0.0
2019-03-06,5,0,127,0.0,0.0,0.0,0.0,0.0
2019-03-06,5,0,128,45.55,45.55,0.0,934.811553,0.0
2019-03-06,5,0,131,3.93,3.93,0.0,59.591438,0.0
2019-03-06,5,0,132,5.78,5.78,0.0,87.643387,0.0
2019-03-06,5,0,133,20.21,20.21,0.0,432.537821,0.0
2019-03-06,5,0,134,0.0,0.0,0.0,0.0,0.0
2019-03-06,5,0,135,28.79,28.79,0.0,616.168425,0.0
2019-03-06,5,0,136,11.65,11.65,0.0,250.243257,0.0
2019-03-06,5,0,139,25.41,25.41,0.0,564.622221,0.0
2019-03-06,5,0,140,146.31,146.31,0.0,1026.095687,0.0
2019-03-06,5,0,141,49.87,49.87,0.0,637.237015,0.0
2019-03-06,5,0,142,0.0,0.0,0.0,0.0,0.0
2019-03-06,5,0,143,31.72,31.72,0.0,649.684889,0.0
2019-03-06,5,0,145,2.62,2.62,0.0,57.450078,0.0
2019-03-06,5,0,146,268.0,268.0,0.0,1879.527334,0.0
2019-03-06,5,0,152,0.0,0.0,0.0,0.0,0.0
2019-03-06,5,0,153,0.0,0.0,0.0,0.0,0.0
2019-03-06,5,0,154,0.0,0.0,0.0,0.0,0.0
2019-03-06,5,0,157,215.38,215.38,0.0,2752.117671,0.0
2019-03-06,5,0,158,0.0,0.0,0.0,0.0,0.0
2019-03-06,5,0,159,0.0,0.0,0.0,0.0,0.0
2019-03-06,5,0,160,0.0,0.0,0.0,0.0,0.0
2019-03-06,5,0,161,0.0,0.0,0.0,0.0,0.0
2019-03-06,5,0,162,0.0,0.0,0.0,0.0,0.0
2019-03-06,5,0,163,36.95,36.95,0.0,259.136325,0.0
2019-03-06,5,0,164,0.0,0.0,0.0,0.0,0.0
2019-03-06,5,0,167,0.0,0.0,0.0,0.0,0.0
2019-03-06,5,0,168,0.0,0.0,0.0,0.0,0.0
2019-03-06,5,0,169,0.0,0.0,0.0,0.0,0.0
2019-03-06,5,0,170,0.0,0.0,0.0,0.0,0.0
2019-03-06,5,0,172,0.0,0.0,0.0,0.0,0.0
2019-03-06,5,0,173,0.0,0.0,0.0,0.0,0.0
2019-03-06,5,0,188,0.0,0.0,0.0,0.0,0.0
2019-03-06,5,0,190,0.0,0.0,0.0,0.0,0.0
2019-03-06,5,0,191,0.0,0.0,0.0,0.0,0.0
2019-03-06,5,0,192,37.59,37.59,0.0,728.941616,0.0
2019-03-06,5,0,194,20.39,20.39,0.0,345.087674,0.0
2019-03-06,5,0,196,0.0,0.0,0.0,0.0,0.0
2019-03-06,5,0,198,0.0,0.0,0.0,0.0,0.0
2019-03-06,5,0,199,2.3,2.3,0.0,32.298316,0.0
2019-03-06,5,0,200,0.0,0.0,0.0,0.0,0.0
2019-03-06,5,0,204,56.85,56.85,0.0,1388.977062,0.0
2019-03-06,5,0,205,96.82,96.82,0.0,2362.242808,0.0
2019-03-06,5,0,206,57.13,57.13,0.0,1167.687952,0.0
2019-03-06,5,0,210,0.0,0.0,0.0,0.0,0.0
2019-03-06,5,0,214,0.0,0.0,0.0,0.0,0.0
2019-03-06,5,0,217,0.0,0.0,0.0,0.0,0.0
2019-03-06,5,0,218,0.0,0.0,0.0,0.0,0.0
2019-03-06,5,0,219,0.0,0.0,0.0,0.0,0.0
2019-03-06,5,0,221,0.0,0.0,0.0,0.0,0.0
2019-03-06,5,0,225,0.0,0.0,0.0,0.0,0.0
2019-03-06,5,0,233,0.0,0.0,0.0,0.0,0.0
2019-03-06,5,0,236,15.76,15.76,0.0,352.772382,0.0
2019-03-06,5,0,237,22.54,22.54,0.0,520.16676,0.0
2019-03-06,5,0,238,0.0,0.0,0.0,0.0,0.0
2019-03-06,5,0,240,0.0,0.0,0.0,0.0,0.0
2019-03-06,5,0,245,40.12,40.12,0.0,848.904805,0.0
2019-03-06,5,0,247,32.4,32.4,0.0,685.556223,0.0
2019-03-06,5,0,248,2.26,2.26,0.0,52.155141,0.0
2019-03-06,5,0,249,77.16,77.16,0.0,1632.63945,0.0
2019-03-06,5,0,251,18.08,18.08,0.0,390.306399,0.0
2019-03-06,5,0,252,35.68,35.68,0.0,766.277396,0.0
2019-03-06,5,0,254,0.0,0.0,0.0,0.0,0.0
2019-03-06,5,0,255,0.0,0.0,0.0,0.0,0.0
2019-03-06,5,0,258,0.0,0.0,0.0,0.0,0.0
2019-03-06,5,0,260,0.0,0.0,0.0,0.0,0.0
2019-03-06,5,0,265,0.0,0.0,0.0,0.0,0.0
2019-03-06,5,0,266,16.46,16.46,0.0,365.748987,0.0
2019-03-06,5,0,267,20.22,20.22,0.0,449.297966,0.0
2019-03-06,5,0,270,115.38,115.38,0.0,809.178596,0.0
2019-03-06,5,0,272,50.5,50.5,0.0,807.679691,0.0
2019-03-06,5,0,273,0.0,0.0,0.0,0.0,0.0
2019-03-06,5,0,274,148.74,148.74,0.0,1043.13767,0.0
2019-03-06,5,0,275,207.05,207.05,0.0,1452.075129,0.0
2019-03-06,5,0,276,0.0,0.0,0.0,0.0,0.0
2019-03-06,5,0,277,0.0,0.0,0.0,0.0,0.0
2019-03-06,5,0,278,0.0,0.0,0.0,0.0,0.0
2019-03-06,5,0,279,31.89,31.89,0.0,516.485763,0.0
2019-03-06,5,0,281,6.08,6.08,0.0,124.529764,0.0
2019-03-06,5,0,282,0.0,0.0,0.0,0.0,0.0
2019-03-06,6,0,9,0.0,0.0,0.0,0.0,0.0
2019-03-06,6,0,17,0.0,0.0,0.0,0.0,0.0
2019-03-06,6,0,19,447.7,447.7,0.0,14950.129955,0.0
2019-03-06,6,0,20,542.98,542.98,0.0,18131.832841,0.0
2019-03-06,6,0,21,0.0,0.0,0.0,0.0,0.0
2019-03-06,6,0,22,0.0,0.0,0.0,0.0,0.0
2019-03-06,6,0,23,18.43,18.43,0.0,565.079031,0.0
2019-03-06,6,0,24,32.61,32.61,0.0,999.84955,0.0
2019-03-06,6,0,29,0.0,0.0,0.0,0.0,0.0
2019-03-06,6,0,30,0.0,0.0,0.0,0.0,0.0
2019-03-06,6,0,31,9.15,9.15,0.0,279.833438,0.0
2019-03-06,6,0,32,0.0,0.0,0.0,0.0,0.0
2019-03-06,6,0,33,0.0,0.0,0.0,0.0,0.0
2019-03-06,6,0,34,0.0,0.0,0.0,0.0,0.0
2019-03-06,6,0,35,0.0,0.0,0.0,0.0,0.0
2019-03-06,6,0,36,0.0,0.0,0.0,0.0,0.0
2019-03-06,6,0,37,0.0,0.0,0.0,0.0,0.0
2019-03-06,6,0,38,0.0,0.0,0.0,0.0,0.0
2019-03-06,6,0,39,0.0,0.0,0.0,0.0,0.0
2019-03-06,6,0,40,0.0,0.0,0.0,0.0,0.0
2019-03-06,6,0,41,19.15,19.15,0.0,650.678685,0.0
2019-03-06,6,0,42,0.0,0.0,0.0,0.0,0.0
2019-03-06,6,0,43,0.0,0.0,0.0,0.0,0.0
2019-03-06,6,0,46,0.0,0.0,0.0,0.0,0.0
2019-03-06,6,0,52,9.7,9.7,0.0,296.654027,0.0
2019-03-06,6,0,53,15.41,15.41,0.0,471.282326,0.0
2019-03-06,6,0,55,32.76,32.76,0.0,1004.448674,0.0
2019-03-06,6,0,56,0.0,0.0,0.0,0.0,0.0
2019-03-06,6,0,57,0.0,0.0,0.0,0.0,0.0
2019-03-06,6,0,58,0.0,0.0,0.0,0.0,0.0
2019-03-06,6,0,59,0.0,0.0,0.0,0.0,0.0
2019-03-06,6,0,63,25.19,25.19,0.0,750.872048,0.0
2019-03-06,6,0,64,29.63,29.63,0.0,883.221072,0.0
2019-03-06,6,0,65,7.84,7.84,0.0,262.649143,0.0
2019-03-06,6,0,67,0.0,0.0,0.0,0.0,0.0
2019-03-06,6,0,68,1.34,1.34,0.0,25.528988,0.0
2019-03-06,6,0,69,0.0,0.0,0.0,0.0,0.0
2019-03-06,6,0,74,8.57,8.57,0.0,308.597897,0.0
2019-03-06,6,0,77,33.3,33.3,0.0,766.123796,0.0
2019-03-06,6,0,78,25.18,25.18,0.0,579.309225,0.0
2019-03-06,6,0,79,14.57,14.57,0.0,335.207919,0.0
2019-03-06,6,0,80,23.56,23.56,0.0,542.038337,0.0
2019-03-06,6,0,81,30.81,30.81,0.0,708.837061,0.0
2019-03-06,6,0,82,21.73,21.73,0.0,499.936038,0.0
2019-03-06,6,0,83,48.46,48.46,0.0,1114.90568,0.0
2019-03-06,6,0,84,0.0,0.0,0.0,0.0,0.0
2019-03-06,6,0,86,0.0,0.0,0.0,0.0,0.0
2019-03-06,6,0,87,0.0,0.0,0.0,0.0,0.0
2019-03-06,6,0,88,29.15,29.15,0.0,670.645905,0.0
2019-03-06,6,0,89,28.03,28.03,0.0,644.878378,0.0
2019-03-06,6,0,90,37.63,37.63,0.0,865.742896,0.0
2019-03-06,6,0,91,134.24,134.24,0.0,3088.422172,0.0
2019-03-06,6,0,92,48.28,48.28,0.0,1110.76447,0.0
2019-03-06,6,0,95,0.0,0.0,0.0,0.0,0.0
2019-03-06,6,0,96,2.98,2.98,0.0,90.894284,0.0
2019-03-06,6,0,97,18.34,18.34,0.0,559.396364,0.0
2019-03-06,6,0,99,1.65,1.65,0.0,59.414998,0.0
2019-03-06,6,0,101,0.0,0.0,0.0,0.0,0.0
2019-03-06,6,0,102,3.18,3.18,0.0,60.583718,0.0
2019-03-06,6,0,103,2.76,2.76,0.0,52.582095,0.0
2019-03-06,6,0,104,0.51,0.51,0.0,9.716257,0.0
2019-03-06,6,0,106,0.0,0.0,0.0,0.0,0.0
2019-03-06,6,0,109,20.67,20.67,0.0,785.138046,0.0
2019-03-06,6,0,110,280.39,280.39,0.0,633.724214,0.0
2019-03-06,6,0,111,0.0,0.0,0.0,0.0,0.0
2019-03-06,6,0,113,19.82,19.82,0.0,439.218127,0.0
2019-03-06,6,0,115,19.82,19.82,0.0,439.218127,0.0
2019-03-06,6,0,116,0.0,0.0,0.0,0.0,0.0
2019-03-06,6,0,117,0.79,0.79,0.0,17.506676,0.0
2019-03-06,6,0,119,29.63,29.63,0.0,883.221072,0.0
2019-03-06,6,0,120,17.42,17.42,0.0,519.261258,0.0
2019-03-06,6,0,123,0.0,0.0,0.0,0.0,0.0
2019-03-06,6,0,125,29.51,29.51,0.0,904.800988,0.0
2019-03-06,6,0,126,0.0,0.0,0.0,0.0,0.0
2019-03-06,6,0,127,0.0,0.0,0.0,0.0,0.0
2019-03-06,6,0,128,42.27,42.27,0.0,1296.033134,0.0
2019-03-06,6,0,131,3.82,3.82,0.0,76.993617,0.0
2019-03-06,6,0,132,5.62,5.62,0.0,113.273331,0.0
2019-03-06,6,0,133,18.42,18.42,0.0,614.915119,0.0
2019-03-06,6,0,134,0.0,0.0,0.0,0.0,0.0
2019-03-06,6,0,135,24.69,24.69,0.0,824.226617,0.0
2019-03-06,6,0,136,15.14,15.14,0.0,507.297403,0.0
2019-03-06,6,0,139,24.73,24.73,0.0,840.27592,0.0
2019-03-06,6,0,140,207.52,207.52,0.0,469.026887,0.0
2019-03-06,6,0,141,47.92,47.92,0.0,714.872849,0.0
2019-03-06,6,0,142,0.0,0.0,0.0,0.0,0.0
2019-03-06,6,0,143,43.93,43.93,0.0,1343.506331,0.0
2019-03-06,6,0,145,3.4,3.4,0.0,113.275585,0.0
2019-03-06,6,0,146,268.0,268.0,0.0,605.720922,0.0
2019-03-06,6,0,152,0.0,0.0,0.0,0.0,0.0
2019-03-06,6,0,153,0.0,0.0,0.0,0.0,0.0
2019-03-06,6,0,154,0.0,0.0,0.0,0.0,0.0
2019-03-06,6,0,157,244.33,244.33,0.0,3644.926609,0.0
2019-03-06,6,0,158,0.0,0.0,0.0,0.0,0.0
2019-03-06,6,0,159,0.0,0.0,0.0,0.0,0.0
2019-03-06,6,0,160,0.0,0.0,0.0,0.0,0.0
2019-03-06,6,0,161,0.0,0.0,0.0,0.0,0.0
2019-03-06,6,0,162,0.0,0.0,0.0,0.0,0.0
2019-03-06,6,0,163,37.75,37.75,0.0,85.320764,0.0
2019-03-06,6,0,164,0.0,0.0,0.0,0.0,0.0
2019-03-06,6,0,167,0.0,0.0,0.0,0.0,0.0
2019-03-06,6,0,168,0.0,0.0,0.0,0.0,0.0
2019-03-06,6,0,169,0.0,0.0,0.0,0.0,0.0
2019-03-06,6,0,170,0.0,0.0,0.0,0.0,0.0
2019-03-06,6,0,172,0.0,0.0,0.0,0.0,0.0
2019-03-06,6,0,173,0.0,0.0,0.0,0.0,0.0
2019-03-06,6,0,188,0.0,0.0,0.0,0.0,0.0
2019-03-06,6,0,190,0.0,0.0,0.0,0.0,0.0
2019-03-06,6,0,191,0.0,0.0,0.0,0.0,0.0
2019-03-06,6,0,192,40.16,40.16,0.0,1197.102877,0.0
2019-03-06,6,0,194,26.7,26.7,0.0,652.746472,0.0
2019-03-06,6,0,196,0.0,0.0,0.0,0.0,0.0
2019-03-06,6,0,198,0.0,0.0,0.0,0.0,0.0
2019-03-06,6,0,199,0.81,0.81,0.0,15.316397,0.0
2019-03-06,6,0,200,0.0,0.0,0.0,0.0,0.0
2019-03-06,6,0,204,67.63,67.63,0.0,2570.793856,0.0
2019-03-06,6,0,205,109.34,109.34,0.0,4153.21693,0.0
2019-03-06,6,0,206,53.89,53.89,0.0,1643.722468,0.0
2019-03-06,6,0,210,0.0,0.0,0.0,0.0,0.0
2019-03-06,6,0,214,0.0,0.0,0.0,0.0,0.0
2019-03-06,6,0,217,0.0,0.0,0.0,0.0,0.0
2019-03-06,6,0,218,0.0,0.0,0.0,0.0,0.0
2019-03-06,6,0,219,0.0,0.0,0.0,0.0,0.0
2019-03-06,6,0,221,0.0,0.0,0.0,0.0,0.0
2019-03-06,6,0,225,0.0,0.0,0.0,0.0,0.0
2019-03-06,6,0,233,0.0,0.0,0.0,0.0,0.0
2019-03-06,6,0,236,14.57,14.57,0.0,509.257494,0.0
2019-03-06,6,0,237,20.55,20.55,0.0,739.986789,0.0
2019-03-06,6,0,238,0.0,0.0,0.0,0.0,0.0
2019-03-06,6,0,240,0.0,0.0,0.0,0.0,0.0
2019-03-06,6,0,245,42.09,42.09,0.0,1388.806577,0.0
2019-03-06,6,0,247,35.06,35.06,0.0,1156.843873,0.0
2019-03-06,6,0,248,2.06,2.06,0.0,74.178724,0.0
2019-03-06,6,0,249,80.95,80.95,0.0,2671.035696,0.0
2019-03-06,6,0,251,30.07,30.07,0.0,1012.710978,0.0
2019-03-06,6,0,252,50.57,50.57,0.0,1694.153973,0.0
2019-03-06,6,0,254,0.0,0.0,0.0,0.0,0.0
2019-03-06,6,0,255,0.0,0.0,0.0,0.0,0.0
2019-03-06,6,0,258,0.0,0.0,0.0,0.0,0.0
2019-03-06,6,0,260,0.0,0.0,0.0,0.0,0.0
2019-03-06,6,0,265,0.0,0.0,0.0,0.0,0.0
2019-03-06,6,0,266,16.01,16.01,0.0,543.987767,0.0
2019-03-06,6,0,267,19.68,19.68,0.0,668.687024,0.0
2019-03-06,6,0,270,117.89,117.89,0.0,266.449401,0.0
2019-03-06,6,0,272,69.95,69.95,0.0,1550.116448,0.0
2019-03-06,6,0,273,0.0,0.0,0.0,0.0,0.0
2019-03-06,6,0,274,151.97,151.97,0.0,343.475405,0.0
2019-03-06,6,0,275,211.55,211.55,0.0,478.135303,0.0
2019-03-06,6,0,276,0.0,0.0,0.0,0.0,0.0
2019-03-06,6,0,277,0.0,0.0,0.0,0.0,0.0
2019-03-06,6,0,278,0.0,0.0,0.0,0.0,0.0
2019-03-06,6,0,279,32.48,32.48,0.0,730.78939,0.0
2019-03-06,6,0,281,4.12,4.12,0.0,126.001504,0.0
2019-03-06,6,0,282,0.0,0.0,0.0,0.0,0.0
2019-03-06,7,0,9,0.0,0.0,0.0,0.0,0.0
2019-03-06,7,0,17,0.0,0.0,0.0,0.0,0.0
2019-03-06,7,0,19,504.36,504.36,0.0,14817.867964,0.0
2019-03-06,7,0,20,611.69,611.69,0.0,17971.174666,0.0
2019-03-06,7,0,21,0.0,0.0,0.0,0.0,0.0
2019-03-06,7,0,22,0.0,0.0,0.0,0.0,0.0
2019-03-06,7,0,23,18.38,18.38,0.0,500.578484,0.0
2019-03-06,7,0,24,32.51,32.51,0.0,885.408408,0.0
2019-03-06,7,0,29,0.0,0.0,0.0,0.0,0.0
2019-03-06,7,0,30,0.0,0.0,0.0,0.0,0.0
2019-03-06,7,0,31,14.36,14.36,0.0,390.138534,0.0
2019-03-06,7,0,32,0.0,0.0,0.0,0.0,0.0
2019-03-06,7,0,33,0.0,0.0,0.0,0.0,0.0
2019-03-06,7,0,34,0.0,0.0,0.0,0.0,0.0
2019-03-06,7,0,35,0.0,0.0,0.0,0.0,0.0
2019-03-06,7,0,36,0.0,0.0,0.0,0.0,0.0
2019-03-06,7,0,37,0.0,0.0,0.0,0.0,0.0
2019-03-06,7,0,38,0.0,0.0,0.0,0.0,0.0
2019-03-06,7,0,39,0.0,0.0,0.0,0.0,0.0
2019-03-06,7,0,40,0.0,0.0,0.0,0.0,0.0
2019-03-06,7,0,41,13.82,13.82,0.0,415.32128,0.0
2019-03-06,7,0,42,0.0,0.0,0.0,0.0,0.0
2019-03-06,7,0,43,0.0,0.0,0.0,0.0,0.0
2019-03-06,7,0,46,0.0,0.0,0.0,0.0,0.0
2019-03-06,7,0,52,15.22,15.22,0.0,413.503376,0.0
2019-03-06,7,0,53,24.19,24.19,0.0,657.204118,0.0
2019-03-06,7,0,55,27.41,27.41,0.0,746.510134,0.0
2019-03-06,7,0,56,0.0,0.0,0.0,0.0,0.0
2019-03-06,7,0,57,0.0,0.0,0.0,0.0,0.0
2019-03-06,7,0,58,0.0,0.0,0.0,0.0,0.0
2019-03-06,7,0,59,0.0,0.0,0.0,0.0,0.0
2019-03-06,7,0,63,33.87,33.87,0.0,920.895494,0.0
2019-03-06,7,0,64,39.84,39.84,0.0,1083.214541,0.0
2019-03-06,7,0,65,10.78,10.78,0.0,317.74658,0.0
2019-03-06,7,0,67,0.0,0.0,0.0,0.0,0.0
2019-03-06,7,0,68,1.52,1.52,0.0,26.059924,0.0
2019-03-06,7,0,69,0.0,0.0,0.0,0.0,0.0
2019-03-06,7,0,74,7.88,7.88,0.0,249.910487,0.0
2019-03-06,7,0,77,38.27,38.27,0.0,792.094804,0.0
2019-03-06,7,0,78,28.94,28.94,0.0,598.986768,0.0
2019-03-06,7,0,79,16.75,16.75,0.0,346.683772,0.0
2019-03-06,7,0,80,27.08,27.08,0.0,560.489346,0.0
2019-03-06,7,0,81,35.4,35.4,0.0,732.692868,0.0
2019-03-06,7,0,82,24.97,24.97,0.0,516.81754,0.0
2019-03-06,7,0,83,55.69,55.69,0.0,1152.645927,0.0
2019-03-06,7,0,84,0.0,0.0,0.0,0.0,0.0
2019-03-06,7,0,86,0.0,0.0,0.0,0.0,0.0
2019-03-06,7,0,87,0.0,0.0,0.0,0.0,0.0
2019-03-06,7,0,88,34.34,34.34,0.0,710.753477,0.0
2019-03-06,7,0,89,33.01,33.01,0.0,683.22575,0.0
2019-03-06,7,0,90,44.32,44.32,0.0,917.314912,0.0
2019-03-06,7,0,91,158.1,158.1,0.0,3272.280859,0.0
2019-03-06,7,0,92,56.86,56.86,0.0,1176.862047,0.0
2019-03-06,7,0,95,0.0,0.0,0.0,0.0,0.0
2019-03-06,7,0,96,3.04,3.04,0.0,82.380616,0.0
2019-03-06,7,0,97,18.7,18.7,0.0,506.749186,0.0
2019-03-06,7,0,99,1.52,1.52,0.0,48.206084,0.0
2019-03-06,7,0,101,0.0,0.0,0.0,0.0,0.0
2019-03-06,7,0,102,3.6,3.6,0.0,61.720872,0.0
2019-03-06,7,0,103,3.13,3.13,0.0,53.662869,0.0
2019-03-06,7,0,104,0.58,0.58,0.0,9.943918,0.0
2019-03-06,7,0,106,0.0,0.0,0.0,0.0,0.0
2019-03-06,7,0,109,25.7,25.7,0.0,860.91187,0.0
2019-03-06,7,0,110,338.6,338.6,0.0,660.574742,0.0
2019-03-06,7,0,111,0.0,0.0,0.0,0.0,0.0
2019-03-06,7,0,113,12.06,12.06,0.0,241.409165,0.0
2019-03-06,7,0,115,12.06,12.06,0.0,241.409165,0.0
2019-03-06,7,0,116,0.0,0.0,0.0,0.0,0.0
2019-03-06,7,0,117,0.49,0.49,0.0,9.808498,0.0
2019-03-06,7,0,119,39.84,39.84,0.0,1083.214541,0.0
2019-03-06,7,0,120,23.43,23.43,0.0,637.041082,0.0
2019-03-06,7,0,123,0.0,0.0,0.0,0.0,0.0
2019-03-06,7,0,125,29.42,29.42,0.0,801.252395,0.0
2019-03-06,7,0,126,0.0,0.0,0.0,0.0,0.0
2019-03-06,7,0,127,0.0,0.0,0.0,0.0,0.0
2019-03-06,7,0,128,42.14,42.14,0.0,1147.68103,0.0
2019-03-06,7,0,131,3.98,3.98,0.0,72.211419,0.0
2019-03-06,7,0,132,5.84,5.84,0.0,105.958465,0.0
2019-03-06,7,0,133,20.25,20.25,0.0,594.752624,0.0
2019-03-06,7,0,134,0.0,0.0,0.0,0.0,0.0
2019-03-06,7,0,135,27.13,27.13,0.0,796.821664,0.0
2019-03-06,7,0,136,19.43,19.43,0.0,572.812628,0.0
2019-03-06,7,0,139,17.85,17.85,0.0,536.431609,0.0
2019-03-06,7,0,140,250.6,250.6,0.0,488.895542,0.0
2019-03-06,7,0,141,48.36,48.36,0.0,648.24211,0.0
2019-03-06,7,0,142,0.0,0.0,0.0,0.0,0.0
2019-03-06,7,0,143,25.22,25.22,0.0,685.187592,0.0
2019-03-06,7,0,145,4.55,4.55,0.0,134.252009,0.0
2019-03-06,7,0,146,268.0,268.0,0.0,522.841202,0.0
2019-03-06,7,0,152,0.0,0.0,0.0,0.0,0.0
2019-03-06,7,0,153,0.0,0.0,0.0,0.0,0.0
2019-03-06,7,0,154,0.0,0.0,0.0,0.0,0.0
2019-03-06,7,0,157,250.0,250.0,0.0,3351.127532,0.0
2019-03-06,7,0,158,0.0,0.0,0.0,0.0,0.0
2019-03-06,7,0,159,0.0,0.0,0.0,0.0,0.0
2019-03-06,7,0,160,0.0,0.0,0.0,0.0,0.0
2019-03-06,7,0,161,0.0,0.0,0.0,0.0,0.0
2019-03-06,7,0,162,0.0,0.0,0.0,0.0,0.0
2019-03-06,7,0,163,40.86,40.86,0.0,79.713774,0.0
2019-03-06,7,0,164,0.0,0.0,0.0,0.0,0.0
2019-03-06,7,0,167,0.0,0.0,0.0,0.0,0.0
2019-03-06,7,0,168,0.0,0.0,0.0,0.0,0.0
2019-03-06,7,0,169,0.0,0.0,0.0,0.0,0.0
2019-03-06,7,0,170,0.0,0.0,0.0,0.0,0.0
2019-03-06,7,0,172,0.0,0.0,0.0,0.0,0.0
2019-03-06,7,0,173,0.0,0.0,0.0,0.0,0.0
2019-03-06,7,0,188,0.0,0.0,0.0,0.0,0.0
2019-03-06,7,0,190,0.0,0.0,0.0,0.0,0.0
2019-03-06,7,0,191,0.0,0.0,0.0,0.0,0.0
2019-03-06,7,0,192,45.15,45.15,0.0,1227.588768,0.0
2019-03-06,7,0,194,35.98,35.98,0.0,797.559518,0.0
2019-03-06,7,0,196,0.0,0.0,0.0,0.0,0.0
2019-03-06,7,0,198,0.0,0.0,0.0,0.0,0.0
2019-03-06,7,0,199,0.0,0.0,0.0,0.0,0.0
2019-03-06,7,0,200,0.0,0.0,0.0,0.0,0.0
2019-03-06,7,0,204,88.83,88.83,0.0,2978.398063,0.0
2019-03-06,7,0,205,135.97,135.97,0.0,4554.793265,0.0
2019-03-06,7,0,206,54.94,54.94,0.0,1488.812848,0.0
2019-03-06,7,0,210,0.0,0.0,0.0,0.0,0.0
2019-03-06,7,0,214,0.0,0.0,0.0,0.0,0.0
2019-03-06,7,0,217,0.0,0.0,0.0,0.0,0.0
2019-03-06,7,0,218,0.0,0.0,0.0,0.0,0.0
2019-03-06,7,0,219,0.0,0.0,0.0,0.0,0.0
2019-03-06,7,0,221,0.0,0.0,0.0,0.0,0.0
2019-03-06,7,0,225,0.0,0.0,0.0,0.0,0.0
2019-03-06,7,0,233,0.0,0.0,0.0,0.0,0.0
2019-03-06,7,0,236,13.65,13.65,0.0,419.938693,0.0
2019-03-06,7,0,237,18.9,18.9,0.0,599.404594,0.0
2019-03-06,7,0,238,0.0,0.0,0.0,0.0,0.0
2019-03-06,7,0,240,0.0,0.0,0.0,0.0,0.0
2019-03-06,7,0,245,44.35,44.35,0.0,1287.323537,0.0
2019-03-06,7,0,247,37.84,37.84,0.0,1098.361277,0.0
2019-03-06,7,0,248,1.9,1.9,0.0,60.257605,0.0
2019-03-06,7,0,249,85.28,85.28,0.0,2475.376577,0.0
2019-03-06,7,0,251,47.32,47.32,0.0,1402.243462,0.0
2019-03-06,7,0,252,69.56,69.56,0.0,2050.320235,0.0
2019-03-06,7,0,254,0.0,0.0,0.0,0.0,0.0
2019-03-06,7,0,255,0.0,0.0,0.0,0.0,0.0
2019-03-06,7,0,258,0.0,0.0,0.0,0.0,0.0
2019-03-06,7,0,260,0.0,0.0,0.0,0.0,0.0
2019-03-06,7,0,265,0.0,0.0,0.0,0.0,0.0
2019-03-06,7,0,266,11.55,11.55,0.0,347.102806,0.0
2019-03-06,7,0,267,14.2,14.2,0.0,426.741112,0.0
2019-03-06,7,0,270,127.6,127.6,0.0,248.934841,0.0
2019-03-06,7,0,272,42.91,42.91,0.0,858.944219,0.0
2019-03-06,7,0,273,0.0,0.0,0.0,0.0,0.0
2019-03-06,7,0,274,164.49,164.49,0.0,320.903542,0.0
2019-03-06,7,0,275,228.97,228.97,0.0,446.697574,0.0
2019-03-06,7,0,276,0.0,0.0,0.0,0.0,0.0
2019-03-06,7,0,277,0.0,0.0,0.0,0.0,0.0
2019-03-06,7,0,278,0.0,0.0,0.0,0.0,0.0
2019-03-06,7,0,279,35.38,35.38,0.0,717.861787,0.0
2019-03-06,7,0,281,6.44,6.44,0.0,174.964635,0.0
2019-03-06,7,0,282,0.0,0.0,0.0,0.0,0.0
2019-03-06,8,0,9,0.0,0.0,0.0,0.0,0.0
2019-03-06,8,0,17,0.95,0.95,0.0,18.357917,0.0
2019-03-06,8,0,19,432.49,432.49,0.0,8357.4898,0.0
2019-03-06,8,0,20,538.27,538.27,0.0,10401.595492,0.0
2019-03-06,8,0,21,0.0,0.0,0.0,0.0,0.0
2019-03-06,8,0,22,0.0,0.0,0.0,0.0,0.0
2019-03-06,8,0,23,36.87,36.87,0.0,637.490641,0.0
2019-03-06,8,0,24,65.24,65.24,0.0,1128.014359,0.0
2019-03-06,8,0,29,0.65,0.65,0.0,5.372661,0.0
2019-03-06,8,0,30,0.0,0.0,0.0,0.0,0.0
2019-03-06,8,0,31,6.72,6.72,0.0,115.905693,0.0
2019-03-06,8,0,32,0.15,0.15,0.0,2.90653,0.0
2019-03-06,8,0,33,0.07,0.07,0.0,1.270156,0.0
2019-03-06,8,0,34,0.11,0.11,0.0,1.995959,0.0
2019-03-06,8,0,35,0.11,0.11,0.0,1.995959,0.0
2019-03-06,8,0,36,0.08,0.08,0.0,1.836057,0.0
2019-03-06,8,0,37,0.05,0.05,0.0,1.163278,0.0
2019-03-06,8,0,38,0.06,0.06,0.0,1.395934,0.0
2019-03-06,8,0,39,0.04,0.04,0.0,0.930623,0.0
2019-03-06,8,0,40,0.04,0.04,0.0,0.930623,0.0
2019-03-06,8,0,41,10.8,10.8,0.0,206.664424,0.0
2019-03-06,8,0,42,0.0,0.0,0.0,0.0,0.0
2019-03-06,8,0,43,0.43,0.43,0.0,10.600219,0.0
2019-03-06,8,0,46,0.11,0.11,0.0,2.539129,0.0
2019-03-06,8,0,52,7.12,7.12,0.0,122.804842,0.0
2019-03-06,8,0,53,11.32,11.32,0.0,195.2459,0.0
2019-03-06,8,0,55,51.06,51.06,0.0,882.838951,0.0
2019-03-06,8,0,56,0.0,0.0,0.0,0.0,0.0
2019-03-06,8,0,57,0.0,0.0,0.0,0.0,0.0
2019-03-06,8,0,58,0.0,0.0,0.0,0.0,0.0
2019-03-06,8,0,59,0.0,0.0,0.0,0.0,0.0
2019-03-06,8,0,63,23.88,23.88,0.0,512.194506,0.0
2019-03-06,8,0,64,28.06,28.06,0.0,601.849993,0.0
2019-03-06,8,0,65,11.1,11.1,0.0,215.024745,0.0
2019-03-06,8,0,67,0.0,0.0,0.0,0.0,0.0
2019-03-06,8,0,68,2.49,2.49,0.0,24.108527,0.0
2019-03-06,8,0,69,0.07,0.07,0.0,1.270156,0.0
2019-03-06,8,0,74,8.49,8.49,0.0,173.607201,0.0
2019-03-06,8,0,77,50.21,50.21,0.0,659.752985,0.0
2019-03-06,8,0,78,37.91,37.91,0.0,498.132556,0.0
2019-03-06,8,0,79,21.87,21.87,0.0,287.369006,0.0
2019-03-06,8,0,80,35.47,35.47,0.0,466.071268,0.0
2019-03-06,8,0,81,46.43,46.43,0.0,610.084268,0.0
2019-03-06,8,0,82,32.7,32.7,0.0,429.673822,0.0
2019-03-06,8,0,83,73.15,73.15,0.0,961.181654,0.0
2019-03-06,8,0,84,0.0,0.0,0.0,0.0,0.0
2019-03-06,8,0,86,0.35,0.35,0.0,6.350779,0.0
2019-03-06,8,0,87,1.81,1.81,0.0,32.8426,0.0
2019-03-06,8,0,88,42.24,42.24,0.0,555.028203,0.0
2019-03-06,8,0,89,40.77,40.77,0.0,535.712591,0.0
2019-03-06,8,0,90,53.19,53.19,0.0,698.909804,0.0
2019-03-06,8,0,91,166.76,166.76,0.0,2191.205094,0.0
2019-03-06,8,0,92,66.73,66.73,0.0,876.823674,0.0
2019-03-06,8,0,95,0.0,0.0,0.0,0.0,0.0
2019-03-06,8,0,96,5.96,5.96,0.0,102.53349,0.0
2019-03-06,8,0,97,36.66,36.66,0.0,630.684185,0.0
2019-03-06,8,0,99,1.64,1.64,0.0,33.535431,0.0
2019-03-06,8,0,101,0.0,0.0,0.0,0.0,0.0
2019-03-06,8,0,102,5.89,5.89,0.0,57.027801,0.0
2019-03-06,8,0,103,5.12,5.12,0.0,49.572554,0.0
2019-03-06,8,0,104,0.95,0.95,0.0,9.198032,0.0
2019-03-06,8,0,106,0.0,0.0,0.0,0.0,0.0
2019-03-06,8,0,109,37.86,37.86,0.0,804.023013,0.0
2019-03-06,8,0,110,338.6,338.6,0.0,-1973.933793,0.0
2019-03-06,8,0,111,0.0,0.0,0.0,0.0,0.0
2019-03-06,8,0,113,37.35,37.35,0.0,485.627615,0.0
2019-03-06,8,0,115,37.35,37.35,0.0,485.627615,0.0
2019-03-06,8,0,116,0.0,0.0,0.0,-0.0,0.0
2019-03-06,8,0,117,1.93,1.93,0.0,25.094011,0.0
2019-03-06,8,0,119,28.06,28.06,0.0,601.849993,0.0
2019-03-06,8,0,120,16.56,16.56,0.0,355.19016,0.0
2019-03-06,8,0,123,0.0,0.0,0.0,0.0,0.0
2019-03-06,8,0,125,59.04,59.04,0.0,1020.814957,0.0
2019-03-06,8,0,126,0.0,0.0,0.0,0.0,0.0
2019-03-06,8,0,127,0.0,0.0,0.0,0.0,0.0
2019-03-06,8,0,128,84.56,84.56,0.0,1462.06153,0.0
2019-03-06,8,0,131,7.68,7.68,0.0,82.190858,0.0
2019-03-06,8,0,132,11.29,11.29,0.0,120.824842,0.0
2019-03-06,8,0,133,19.28,19.28,0.0,372.482846,0.0
2019-03-06,8,0,134,0.0,0.0,0.0,0.0,0.0
2019-03-06,8,0,135,25.83,25.83,0.0,499.026551,0.0
2019-03-06,8,0,136,18.4,18.4,0.0,356.485372,0.0
2019-03-06,8,0,139,13.95,13.95,0.0,266.941548,0.0
2019-03-06,8,0,140,250.6,250.6,0.0,-1460.920876,0.0
2019-03-06,8,0,141,90.26,90.26,0.0,529.254975,0.0
2019-03-06,8,0,142,0.0,0.0,0.0,0.0,0.0
2019-03-06,8,0,143,10.99,10.99,0.0,189.554103,0.0
2019-03-06,8,0,145,5.99,5.99,0.0,112.143186,0.0
2019-03-06,8,0,146,268.0,268.0,0.0,-1562.357521,0.0
2019-03-06,8,0,152,0.02,0.02,0.0,0.416615,0.0
2019-03-06,8,0,153,0.04,0.04,0.0,0.83608,0.0
2019-03-06,8,0,154,0.0,0.0,0.0,0.0,0.0
2019-03-06,8,0,157,250.0,250.0,0.0,1465.917836,0.0
2019-03-06,8,0,158,0.0,0.0,0.0,0.0,0.0
2019-03-06,8,0,159,0.0,0.0,0.0,0.0,0.0
2019-03-06,8,0,160,0.05,0.05,0.0,1.408379,0.0
2019-03-06,8,0,161,0.0,0.0,0.0,0.0,0.0
2019-03-06,8,0,162,0.0,0.0,0.0,0.0,0.0
2019-03-06,8,0,163,57.26,57.26,0.0,-333.808178,0.0
2019-03-06,8,0,164,0.0,0.0,0.0,0.0,0.0
2019-03-06,8,0,167,0.22,0.22,0.0,4.265445,0.0
2019-03-06,8,0,168,0.11,0.11,0.0,2.132723,0.0
2019-03-06,8,0,169,0.0,0.0,0.0,0.0,0.0
2019-03-06,8,0,170,0.24,0.24,0.0,4.653213,0.0
2019-03-06,8,0,172,0.29,0.29,0.0,5.380937,0.0
2019-03-06,8,0,173,0.44,0.44,0.0,8.16418,0.0
2019-03-06,8,0,188,0.29,0.29,0.0,5.505604,0.0
2019-03-06,8,0,190,0.0,0.0,0.0,0.0,0.0
2019-03-06,8,0,191,0.0,0.0,0.0,0.0,0.0
2019-03-06,8,0,192,48.69,48.69,0.0,1044.336285,0.0
2019-03-06,8,0,194,48.94,48.94,0.0,769.13235,0.0
2019-03-06,8,0,196,0.0,0.0,0.0,0.0,0.0
2019-03-06,8,0,198,0.37,0.37,0.0,3.000487,0.0
2019-03-06,8,0,199,0.0,0.0,0.0,0.0,0.0
2019-03-06,8,0,200,0.58,0.58,0.0,7.908512,0.0
2019-03-06,8,0,204,141.98,141.98,0.0,3014.632185,0.0
2019-03-06,8,0,205,200.3,200.3,0.0,4253.719217,0.0
2019-03-06,8,0,206,107.71,107.71,0.0,1853.00037,0.0
2019-03-06,8,0,210,0.19,0.19,0.0,1.644488,0.0
2019-03-06,8,0,214,0.79,0.79,0.0,13.776046,0.0
2019-03-06,8,0,217,0.64,0.64,0.0,8.521828,0.0
2019-03-06,8,0,218,0.88,0.88,0.0,11.717513,0.0
2019-03-06,8,0,219,0.6,0.6,0.0,7.989214,0.0
2019-03-06,8,0,221,0.42,0.42,0.0,7.323974,0.0
2019-03-06,8,0,225,0.56,0.56,0.0,4.607686,0.0
2019-03-06,8,0,233,0.2,0.2,0.0,3.629017,0.0
2019-03-06,8,0,236,12.32,12.32,0.0,246.568653,0.0
2019-03-06,8,0,237,20.37,20.37,0.0,416.534591,0.0
2019-03-06,8,0,238,0.0,0.0,0.0,0.0,0.0
2019-03-06,8,0,240,0.09,0.09,0.0,2.065564,0.0
2019-03-06,8,0,245,40.38,40.38,0.0,773.258399,0.0
2019-03-06,8,0,247,37.19,37.19,0.0,712.171369,0.0
2019-03-06,8,0,248,2.04,2.04,0.0,41.714804,0.0
2019-03-06,8,0,249,77.66,77.66,0.0,1487.153226,0.0
2019-03-06,8,0,251,45.83,45.83,0.0,891.372712,0.0
2019-03-06,8,0,252,71.58,71.58,0.0,1386.619032,0.0
2019-03-06,8,0,254,0.4,0.4,0.0,10.213575,0.0
2019-03-06,8,0,255,0.18,0.18,0.0,4.596109,0.0
2019-03-06,8,0,258,0.12,0.12,0.0,2.787051,0.0
2019-03-06,8,0,260,0.12,0.12,0.0,3.380109,0.0
2019-03-06,8,0,265,0.0,0.0,0.0,0.0,0.0
2019-03-06,8,0,266,9.03,9.03,0.0,172.794421,0.0
2019-03-06,8,0,267,11.1,11.1,0.0,212.405103,0.0
2019-03-06,8,0,270,178.82,178.82,0.0,-1042.465567,0.0
2019-03-06,8,0,272,129.31,129.31,0.0,1681.298714,0.0
2019-03-06,8,0,273,0.0,0.0,0.0,-0.0,0.0
2019-03-06,8,0,274,230.51,230.51,0.0,-1343.802359,0.0
2019-03-06,8,0,275,320.88,320.88,0.0,-1870.631647,0.0
2019-03-06,8,0,276,0.0,0.0,0.0,-0.0,0.0
2019-03-06,8,0,277,0.0,0.0,0.0,0.0,0.0
2019-03-06,8,0,278,0.0,0.0,0.0,0.0,0.0
2019-03-06,8,0,279,57.82,57.82,0.0,754.974356,0.0
2019-03-06,8,0,281,3.02,3.02,0.0,52.088571,0.0
2019-03-06,8,0,282,0.0,0.0,0.0,0.0,0.0
2019-03-06,9,0,9,0.81,0.81,0.0,4.034853,0.0
2019-03-06,9,0,17,10.38,10.38,0.0,108.860288,0.0
2019-03-06,9,0,19,312.35,312.35,0.0,3275.771781,0.0
2019-03-06,9,0,20,387.85,387.85,0.0,4067.57831,0.0
2019-03-06,9,0,21,18.45,18.45,0.0,91.904994,0.0
2019-03-06,9,0,22,65.58,65.58,0.0,326.673685,0.0
2019-03-06,9,0,23,65.68,65.68,0.0,327.171815,0.0
2019-03-06,9,0,24,116.2,116.2,0.0,578.827115,0.0
2019-03-06,9,0,29,3.28,3.28,0.0,25.447191,0.0
2019-03-06,9,0,30,137.5,137.5,0.0,680.401875,0.0
2019-03-06,9,0,31,11.54,11.54,0.0,57.104274,0.0
2019-03-06,9,0,32,2.01,2.01,0.0,38.735797,0.0
2019-03-06,9,0,33,0.79,0.79,0.0,9.132983,0.0
2019-03-06,9,0,34,1.26,1.26,0.0,14.56653,0.0
2019-03-06,9,0,35,1.26,1.26,0.0,14.56653,0.0
2019-03-06,9,0,36,3.63,3.63,0.0,31.708695,0.0
2019-03-06,9,0,37,1.74,1.74,0.0,15.135531,0.0
2019-03-06,9,0,38,2.24,2.24,0.0,19.484821,0.0
2019-03-06,9,0,39,1.49,1.49,0.0,12.960886,0.0
2019-03-06,9,0,40,1.49,1.49,0.0,12.960886,0.0
2019-03-06,9,0,41,19.36,19.36,0.0,130.110617,0.0
2019-03-06,9,0,42,11.29,11.29,0.0,115.777415,0.0
2019-03-06,9,0,43,11.19,11.19,0.0,99.525888,0.0
2019-03-06,9,0,46,9.74,9.74,0.0,81.151401,0.0
2019-03-06,9,0,52,12.24,12.24,0.0,60.568138,0.0
2019-03-06,9,0,53,19.55,19.55,0.0,96.740776,0.0
2019-03-06,9,0,55,93.46,93.46,0.0,465.552342,0.0
2019-03-06,9,0,56,40.56,40.56,0.0,200.706182,0.0
2019-03-06,9,0,57,38.58,38.58,0.0,190.908395,0.0
2019-03-06,9,0,58,74.19,74.19,0.0,367.12011,0.0
2019-03-06,9,0,59,72.95,72.95,0.0,360.984122,0.0
2019-03-06,9,0,63,15.64,15.64,0.0,370.33741,0.0
2019-03-06,9,0,64,18.41,18.41,0.0,435.927859,0.0
2019-03-06,9,0,65,11.41,11.41,0.0,119.169327,0.0
2019-03-06,9,0,67,82.99,82.99,0.0,-1141.296149,0.0
2019-03-06,9,0,68,7.2,7.2,0.0,-38.660025,0.0
2019-03-06,9,0,69,0.79,0.79,0.0,9.132983,0.0
2019-03-06,9,0,74,9.65,9.65,0.0,89.124227,0.0
2019-03-06,9,0,77,33.41,33.41,0.0,60.862095,0.0
2019-03-06,9,0,78,25.26,25.26,0.0,46.01546,0.0
2019-03-06,9,0,79,14.62,14.62,0.0,26.632859,0.0
2019-03-06,9,0,80,23.64,23.64,0.0,43.06435,0.0
2019-03-06,9,0,81,30.91,30.91,0.0,56.307912,0.0
2019-03-06,9,0,82,21.8,21.8,0.0,39.712471,0.0
2019-03-06,9,0,83,48.62,48.62,0.0,88.569741,0.0
2019-03-06,9,0,84,0.0,0.0,0.0,0.0,0.0
2019-03-06,9,0,86,4.0,4.0,0.0,46.242953,0.0
2019-03-06,9,0,87,20.42,20.42,0.0,236.070276,0.0
2019-03-06,9,0,88,84.0,84.0,0.0,153.020532,0.0
2019-03-06,9,0,89,80.23,80.23,0.0,146.152825,0.0
2019-03-06,9,0,90,112.62,112.62,0.0,205.156813,0.0
2019-03-06,9,0,91,423.18,423.18,0.0,770.895579,0.0
2019-03-06,9,0,92,148.89,148.89,0.0,271.228893,0.0
2019-03-06,9,0,95,0.0,0.0,0.0,0.0,0.0
2019-03-06,9,0,96,10.35,10.35,0.0,50.859582,0.0
2019-03-06,9,0,97,63.66,63.66,0.0,312.823285,0.0
2019-03-06,9,0,99,1.86,1.86,0.0,17.178348,0.0
2019-03-06,9,0,101,2.77,2.77,0.0,13.707005,0.0
2019-03-06,9,0,102,17.03,17.03,0.0,-91.441698,0.0
2019-03-06,9,0,103,14.81,14.81,0.0,-79.521524,0.0
2019-03-06,9,0,104,2.76,2.76,0.0,-14.819676,0.0
2019-03-06,9,0,106,64.55,64.55,0.0,321.542946,0.0
2019-03-06,9,0,109,51.4,51.4,0.0,401.397251,0.0
2019-03-06,9,0,110,338.6,338.6,0.0,-13348.595583,0.0
2019-03-06,9,0,111,4.71,4.71,0.0,31.653978,0.0
2019-03-06,9,0,113,34.65,34.65,0.0,98.125872,0.0
2019-03-06,9,0,115,34.65,34.65,0.0,98.125872,0.0
2019-03-06,9,0,116,35.45,35.45,0.0,-1397.541977,0.0
2019-03-06,9,0,117,2.35,2.35,0.0,6.655001,0.0
2019-03-06,9,0,119,18.41,18.41,0.0,435.927859,0.0
2019-03-06,9,0,120,10.82,10.82,0.0,256.205292,0.0
2019-03-06,9,0,123,1.08,1.08,0.0,5.379805,0.0
2019-03-06,9,0,125,105.15,105.15,0.0,523.783745,0.0
2019-03-06,9,0,126,48.41,48.41,0.0,241.144756,0.0
2019-03-06,9,0,127,62.13,62.13,0.0,309.488198,0.0
2019-03-06,9,0,128,150.61,150.61,0.0,750.233664,0.0
2019-03-06,9,0,131,13.29,13.29,0.0,-41.606599,0.0
2019-03-06,9,0,132,19.53,19.53,0.0,-61.141978,0.0
2019-03-06,9,0,133,18.7,18.7,0.0,196.192458,0.0
2019-03-06,9,0,134,0.0,0.0,0.0,0.0,0.0
2019-03-06,9,0,135,25.05,25.05,0.0,262.81396,0.0
2019-03-06,9,0,136,17.35,17.35,0.0,181.167237,0.0
2019-03-06,9,0,139,25.0,25.0,0.0,168.014744,0.0
2019-03-06,9,0,140,250.6,250.6,0.0,-9879.379956,0.0
2019-03-06,9,0,141,151.81,151.81,0.0,-2087.72344,0.0
2019-03-06,9,0,142,109.44,109.44,0.0,-1505.04218,0.0
2019-03-06,9,0,143,24.09,24.09,0.0,119.206408,0.0
2019-03-06,9,0,145,7.72,7.72,0.0,46.403057,0.0
2019-03-06,9,0,146,268.0,268.0,0.0,-10565.3385,0.0
2019-03-06,9,0,152,2.64,2.64,0.0,24.436779,0.0
2019-03-06,9,0,153,3.38,3.38,0.0,31.098203,0.0
2019-03-06,9,0,154,19.44,19.44,0.0,130.648265,0.0
2019-03-06,9,0,157,250.0,250.0,0.0,-3438.053225,0.0
2019-03-06,9,0,158,70.04,70.04,0.0,-963.204991,0.0
2019-03-06,9,0,159,0.0,0.0,0.0,0.0,0.0
2019-03-06,9,0,160,0.9,0.9,0.0,8.592239,0.0
2019-03-06,9,0,161,16.67,16.67,0.0,-89.508697,0.0
2019-03-06,9,0,162,1.21,1.21,0.0,23.586496,0.0
2019-03-06,9,0,163,78.59,78.59,0.0,-3098.246092,0.0
2019-03-06,9,0,164,4.58,4.58,0.0,22.663568,0.0
2019-03-06,9,0,167,2.34,2.34,0.0,45.212545,0.0
2019-03-06,9,0,168,1.17,1.17,0.0,22.606272,0.0
2019-03-06,9,0,169,0.0,0.0,0.0,0.0,0.0
2019-03-06,9,0,170,2.55,2.55,0.0,49.270081,0.0
2019-03-06,9,0,172,3.11,3.11,0.0,56.082507,0.0
2019-03-06,9,0,173,4.75,4.75,0.0,85.656562,0.0
2019-03-06,9,0,188,4.08,4.08,0.0,75.471916,0.0
2019-03-06,9,0,190,2.46,2.46,0.0,58.250002,0.0
2019-03-06,9,0,191,6.37,6.37,0.0,150.834354,0.0
2019-03-06,9,0,192,52.48,52.48,0.0,1242.666704,0.0
2019-03-06,9,0,194,47.72,47.72,0.0,477.880531,0.0
2019-03-06,9,0,196,1.89,1.89,0.0,61.351328,0.0
2019-03-06,9,0,198,4.13,4.13,0.0,39.353354,0.0
2019-03-06,9,0,199,0.0,0.0,0.0,0.0,0.0
2019-03-06,9,0,200,7.42,7.42,0.0,81.841746,0.0
2019-03-06,9,0,204,123.6,123.6,0.0,947.816689,0.0
2019-03-06,9,0,205,289.48,289.48,0.0,2260.631835,0.0
2019-03-06,9,0,206,187.07,187.07,0.0,919.256234,0.0
2019-03-06,9,0,210,1.02,1.02,0.0,8.272269,0.0
2019-03-06,9,0,214,5.33,5.33,0.0,65.005146,0.0
2019-03-06,9,0,217,3.73,3.73,0.0,38.825865,0.0
2019-03-06,9,0,218,5.15,5.15,0.0,53.606757,0.0
2019-03-06,9,0,219,3.51,3.51,0.0,36.535868,0.0
2019-03-06,9,0,221,2.84,2.84,0.0,34.636888,0.0
2019-03-06,9,0,225,2.93,2.93,0.0,22.632251,0.0
2019-03-06,9,0,233,2.26,2.26,0.0,26.127269,0.0
2019-03-06,9,0,236,11.78,11.78,0.0,116.563304,0.0
2019-03-06,9,0,237,23.15,23.15,0.0,213.805788,0.0
2019-03-06,9,0,238,14.69,14.69,0.0,150.643953,0.0
2019-03-06,9,0,240,4.12,4.12,0.0,35.988932,0.0
2019-03-06,9,0,245,36.88,36.88,0.0,392.639975,0.0
2019-03-06,9,0,247,36.57,36.57,0.0,389.339585,0.0
2019-03-06,9,0,248,2.32,2.32,0.0,21.426757,0.0
2019-03-06,9,0,249,70.92,70.92,0.0,755.044117,0.0
2019-03-06,9,0,251,44.88,44.88,0.0,465.555287,0.0
2019-03-06,9,0,252,73.6,73.6,0.0,768.699604,0.0
2019-03-06,9,0,254,6.23,6.23,0.0,56.431213,0.0
2019-03-06,9,0,255,2.85,2.85,0.0,25.815242,0.0
2019-03-06,9,0,258,5.08,5.08,0.0,44.505159,0.0
2019-03-06,9,0,260,2.19,2.19,0.0,20.907782,0.0
2019-03-06,9,0,265,20.13,20.13,0.0,135.285472,0.0
2019-03-06,9,0,266,16.19,16.19,0.0,108.806348,0.0
2019-03-06,9,0,267,19.89,19.89,0.0,133.67253,0.0
2019-03-06,9,0,270,245.44,245.44,0.0,-9675.957767,0.0
2019-03-06,9,0,272,115.63,115.63,0.0,327.454388,0.0
2019-03-06,9,0,273,8.48,8.48,0.0,-334.306233,0.0
2019-03-06,9,0,274,316.4,316.4,0.0,-12473.407095,0.0
2019-03-06,9,0,275,440.43,440.43,0.0,-17363.029984,0.0
2019-03-06,9,0,276,1.87,1.87,0.0,-63.002509,0.0
2019-03-06,9,0,277,2.38,2.38,0.0,5.776005,0.0
2019-03-06,9,0,278,3.8,3.8,0.0,9.222193,0.0
2019-03-06,9,0,279,88.26,88.26,0.0,214.197574,0.0
2019-03-06,9,0,281,5.14,5.14,0.0,25.434659,0.0
2019-03-06,9,0,282,75.43,75.43,0.0,373.256097,0.0
2019-03-06,10,0,9,1.71,1.71,0.0,6.333101,0.0
2019-03-06,10,0,17,17.17,17.17,0.0,177.884688,0.0
2019-03-06,10,0,19,214.34,214.34,0.0,2220.605939,0.0
2019-03-06,10,0,20,265.59,265.59,0.0,2751.566349,0.0
2019-03-06,10,0,21,39.0,39.0,0.0,144.439141,0.0
2019-03-06,10,0,22,138.61,138.61,0.0,513.351521,0.0
2019-03-06,10,0,23,107.43,107.43,0.0,397.87428,0.0
2019-03-06,10,0,24,190.08,190.08,0.0,703.974152,0.0
2019-03-06,10,0,29,6.12,6.12,0.0,42.017096,0.0
2019-03-06,10,0,30,304.93,304.93,0.0,1117.707427,0.0
2019-03-06,10,0,31,33.81,33.81,0.0,123.929059,0.0
2019-03-06,10,0,32,3.96,3.96,0.0,80.412166,0.0
2019-03-06,10,0,33,1.31,1.31,0.0,15.387071,0.0
2019-03-06,10,0,34,2.1,2.1,0.0,24.666297,0.0
2019-03-06,10,0,35,2.1,2.1,0.0,24.666297,0.0
2019-03-06,10,0,36,7.32,7.32,0.0,58.578585,0.0
2019-03-06,10,0,37,3.5,3.5,0.0,27.789705,0.0
2019-03-06,10,0,38,4.5,4.5,0.0,35.729621,0.0
2019-03-06,10,0,39,3.0,3.0,0.0,23.819748,0.0
2019-03-06,10,0,40,3.0,3.0,0.0,23.819748,0.0
2019-03-06,10,0,41,32.3,32.3,0.0,185.367246,0.0
2019-03-06,10,0,42,19.74,19.74,0.0,198.581286,0.0
2019-03-06,10,0,43,22.4,22.4,0.0,181.503711,0.0
2019-03-06,10,0,46,19.8,19.8,0.0,148.482103,0.0
2019-03-06,10,0,52,35.86,35.86,0.0,131.443244,0.0
2019-03-06,10,0,53,57.18,57.18,0.0,209.590761,0.0
2019-03-06,10,0,55,160.49,160.49,0.0,594.385583,0.0
2019-03-06,10,0,56,89.94,89.94,0.0,329.671092,0.0
2019-03-06,10,0,57,85.56,85.56,0.0,313.616395,0.0
2019-03-06,10,0,58,164.53,164.53,0.0,603.077437,0.0
2019-03-06,10,0,59,161.79,161.79,0.0,593.034088,0.0
2019-03-06,10,0,63,19.22,19.22,0.0,488.563808,0.0
2019-03-06,10,0,64,22.61,22.61,0.0,574.736093,0.0
2019-03-06,10,0,65,11.72,11.72,0.0,120.767656,0.0
2019-03-06,10,0,67,177.02,177.02,0.0,-3189.643066,0.0
2019-03-06,10,0,68,18.92,18.92,0.0,-156.88682,0.0
2019-03-06,10,0,69,1.31,1.31,0.0,15.387071,0.0
2019-03-06,10,0,74,18.48,18.48,0.0,161.847994,0.0
2019-03-06,10,0,77,50.72,50.72,0.0,2.574853,0.0
2019-03-06,10,0,78,38.35,38.35,0.0,1.946877,0.0
2019-03-06,10,0,79,22.19,22.19,0.0,1.126498,0.0
2019-03-06,10,0,80,35.89,35.89,0.0,1.821993,0.0
2019-03-06,10,0,81,46.92,46.92,0.0,2.381942,0.0
2019-03-06,10,0,82,33.1,33.1,0.0,1.680356,0.0
2019-03-06,10,0,83,73.8,73.8,0.0,3.746533,0.0
2019-03-06,10,0,84,0.0,0.0,0.0,0.0,0.0
2019-03-06,10,0,86,6.66,6.66,0.0,78.227398,0.0
2019-03-06,10,0,87,34.0,34.0,0.0,399.359091,0.0
2019-03-06,10,0,88,82.89,82.89,0.0,4.207997,0.0
2019-03-06,10,0,89,79.3,79.3,0.0,4.025747,0.0
2019-03-06,10,0,90,110.12,110.12,0.0,5.590356,0.0
2019-03-06,10,0,91,407.95,407.95,0.0,20.710004,0.0
2019-03-06,10,0,92,144.54,144.54,0.0,7.337723,0.0
2019-03-06,10,0,95,3.07,3.07,0.0,62.960547,0.0
2019-03-06,10,0,96,16.43,16.43,0.0,59.569019,0.0
2019-03-06,10,0,97,101.03,101.03,0.0,366.296896,0.0
2019-03-06,10,0,99,3.8,3.8,0.0,33.280432,0.0
2019-03-06,10,0,101,6.14,6.14,0.0,22.505898,0.0
2019-03-06,10,0,102,44.8,44.8,0.0,-371.486761,0.0
2019-03-06,10,0,103,38.95,38.95,0.0,-322.977887,0.0
2019-03-06,10,0,104,7.23,7.23,0.0,-59.951993,0.0
2019-03-06,10,0,106,136.45,136.45,0.0,505.351815,0.0
2019-03-06,10,0,109,67.28,67.28,0.0,468.267968,0.0
2019-03-06,10,0,110,338.6,338.6,0.0,-16186.424657,0.0
2019-03-06,10,0,111,9.95,9.95,0.0,57.102294,0.0
2019-03-06,10,0,113,90.63,90.63,0.0,111.10236,0.0
2019-03-06,10,0,115,90.63,90.63,0.0,111.10236,0.0
2019-03-06,10,0,116,74.04,74.04,0.0,-3539.40603,0.0
2019-03-06,10,0,117,6.04,6.04,0.0,7.404372,0.0
2019-03-06,10,0,119,22.61,22.61,0.0,574.736093,0.0
2019-03-06,10,0,120,13.3,13.3,0.0,338.080054,0.0
2019-03-06,10,0,123,2.27,2.27,0.0,8.407099,0.0
2019-03-06,10,0,125,172.01,172.01,0.0,637.050683,0.0
2019-03-06,10,0,126,102.34,102.34,0.0,379.02312,0.0
2019-03-06,10,0,127,131.33,131.33,0.0,486.389548,0.0
2019-03-06,10,0,128,246.37,246.37,0.0,912.447979,0.0
2019-03-06,10,0,131,28.34,28.34,0.0,-161.381706,0.0
2019-03-06,10,0,132,45.72,45.72,0.0,-260.351856,0.0
2019-03-06,10,0,133,18.33,18.33,0.0,189.99888,0.0
2019-03-06,10,0,134,0.0,0.0,0.0,0.0,0.0
2019-03-06,10,0,135,24.56,24.56,0.0,254.575696,0.0
2019-03-06,10,0,136,16.44,16.44,0.0,169.354102,0.0
2019-03-06,10,0,139,41.72,41.72,0.0,239.42791,0.0
2019-03-06,10,0,140,250.6,250.6,0.0,-11979.675189,0.0
2019-03-06,10,0,141,230.0,230.0,0.0,-4144.265649,0.0
2019-03-06,10,0,142,233.44,233.44,0.0,-4206.249448,0.0
2019-03-06,10,0,143,54.05,54.05,0.0,198.117884,0.0
2019-03-06,10,0,145,18.22,18.22,0.0,89.082573,0.0
2019-03-06,10,0,146,268.0,268.0,0.0,-12811.464289,0.0
2019-03-06,10,0,152,5.1,5.1,0.0,44.686423,0.0
2019-03-06,10,0,153,6.71,6.71,0.0,58.306955,0.0
2019-03-06,10,0,154,41.05,41.05,0.0,235.582831,0.0
2019-03-06,10,0,157,250.0,250.0,0.0,-4504.636575,0.0
2019-03-06,10,0,158,182.04,182.04,0.0,-3280.096168,0.0
2019-03-06,10,0,159,0.0,0.0,0.0,0.0,0.0
2019-03-06,10,0,160,1.79,1.79,0.0,15.588537,0.0
2019-03-06,10,0,161,34.56,34.56,0.0,-286.575502,0.0
2019-03-06,10,0,162,5.08,5.08,0.0,104.460393,0.0
2019-03-06,10,0,163,59.46,59.46,0.0,-2842.424129,0.0
2019-03-06,10,0,164,11.05,11.05,0.0,40.503286,0.0
2019-03-06,10,0,167,4.55,4.55,0.0,92.657299,0.0
2019-03-06,10,0,168,2.27,2.27,0.0,46.226828,0.0
2019-03-06,10,0,169,0.0,0.0,0.0,0.0,0.0
2019-03-06,10,0,170,4.97,4.97,0.0,101.21028,0.0
2019-03-06,10,0,172,6.04,6.04,0.0,113.976385,0.0
2019-03-06,10,0,173,9.21,9.21,0.0,173.795117,0.0
2019-03-06,10,0,188,8.06,8.06,0.0,156.434836,0.0
2019-03-06,10,0,190,5.31,5.31,0.0,134.977826,0.0
2019-03-06,10,0,191,13.71,13.71,0.0,348.502071,0.0
2019-03-06,10,0,192,56.37,56.37,0.0,1432.900201,0.0
2019-03-06,10,0,194,25.05,25.05,0.0,239.534092,0.0
2019-03-06,10,0,196,3.99,3.99,0.0,142.082076,0.0
2019-03-06,10,0,198,8.04,8.04,0.0,75.667635,0.0
2019-03-06,10,0,199,0.0,0.0,0.0,0.0,0.0
2019-03-06,10,0,200,14.58,14.58,0.0,156.781695,0.0
2019-03-06,10,0,204,98.15,98.15,0.0,666.143987,0.0
2019-03-06,10,0,205,397.35,397.35,0.0,2765.551088,0.0
2019-03-06,10,0,206,296.86,296.86,0.0,1076.303045,0.0
2019-03-06,10,0,210,1.91,1.91,0.0,13.943973,0.0
2019-03-06,10,0,214,9.84,9.84,0.0,123.655953,0.0
2019-03-06,10,0,217,7.03,7.03,0.0,72.236006,0.0
2019-03-06,10,0,218,9.7,9.7,0.0,99.671303,0.0
2019-03-06,10,0,219,6.61,6.61,0.0,67.920342,0.0
2019-03-06,10,0,221,5.25,5.25,0.0,65.974975,0.0
2019-03-06,10,0,225,5.44,5.44,0.0,37.120014,0.0
2019-03-06,10,0,233,3.77,3.77,0.0,44.281876,0.0
2019-03-06,10,0,236,11.94,11.94,0.0,114.541374,0.0
2019-03-06,10,0,237,43.18,43.18,0.0,378.1708,0.0
2019-03-06,10,0,238,25.69,25.69,0.0,258.437347,0.0
2019-03-06,10,0,240,8.3,8.3,0.0,66.421073,0.0
2019-03-06,10,0,245,33.72,33.72,0.0,356.264615,0.0
2019-03-06,10,0,247,36.04,36.04,0.0,380.776297,0.0
2019-03-06,10,0,248,4.71,4.71,0.0,41.250219,0.0
2019-03-06,10,0,249,64.84,64.84,0.0,685.059242,0.0
2019-03-06,10,0,251,43.78,43.78,0.0,447.116398,0.0
2019-03-06,10,0,252,75.59,75.59,0.0,778.910163,0.0
2019-03-06,10,0,254,12.16,12.16,0.0,100.379218,0.0
2019-03-06,10,0,255,5.57,5.57,0.0,45.979625,0.0
2019-03-06,10,0,258,10.23,10.23,0.0,82.031701,0.0
2019-03-06,10,0,260,4.34,4.34,0.0,37.795671,0.0
2019-03-06,10,0,265,42.51,42.51,0.0,243.96166,0.0
2019-03-06,10,0,266,27.01,27.01,0.0,155.008338,0.0
2019-03-06,10,0,267,33.19,33.19,0.0,190.474888,0.0
2019-03-06,10,0,270,185.62,185.62,0.0,-8873.373139,0.0
2019-03-06,10,0,272,302.9,302.9,0.0,371.32191,0.0
2019-03-06,10,0,273,17.7,17.7,0.0,-846.130291,0.0
2019-03-06,10,0,274,239.27,239.27,0.0,-11438.056195,0.0
2019-03-06,10,0,275,333.04,333.04,0.0,-15920.634577,0.0
2019-03-06,10,0,276,3.84,3.84,0.0,-158.029496,0.0
2019-03-06,10,0,277,4.75,4.75,0.0,3.585127,0.0
2019-03-06,10,0,278,7.6,7.6,0.0,5.736203,0.0
2019-03-06,10,0,279,129.08,129.08,0.0,97.424873,0.0
2019-03-06,10,0,281,15.07,15.07,0.0,55.238418,0.0
2019-03-06,10,0,282,167.27,167.27,0.0,613.120786,0.0
2019-03-06,11,0,9,2.7,2.7,0.0,2.971688,0.0
2019-03-06,11,0,17,25.45,25.45,0.0,247.63495,0.0
2019-03-06,11,0,19,113.59,113.59,0.0,1105.259488,0.0
2019-03-06,11,0,20,137.77,137.77,0.0,1340.537016,0.0
2019-03-06,11,0,21,61.78,61.78,0.0,67.996624,0.0
2019-03-06,11,0,22,219.56,219.56,0.0,241.653267,0.0
2019-03-06,11,0,23,61.07,61.07,0.0,67.21518,0.0
2019-03-06,11,0,24,108.0,108.0,0.0,118.867521,0.0
2019-03-06,11,0,29,9.29,9.29,0.0,59.498571,0.0
2019-03-06,11,0,30,490.99,490.99,0.0,515.246573,0.0
2019-03-06,11,0,31,50.45,50.45,0.0,52.942401,0.0
2019-03-06,11,0,32,5.96,5.96,0.0,280.845166,0.0
2019-03-06,11,0,33,1.96,1.96,0.0,22.406666,0.0
2019-03-06,11,0,34,3.14,3.14,0.0,35.896394,0.0
2019-03-06,11,0,35,3.14,3.14,0.0,35.896394,0.0
2019-03-06,11,0,36,11.22,11.22,0.0,77.760292,0.0
2019-03-06,11,0,37,5.38,5.38,0.0,36.955476,0.0
2019-03-06,11,0,38,6.92,6.92,0.0,47.533809,0.0
2019-03-06,11,0,39,4.61,4.61,0.0,31.666309,0.0
2019-03-06,11,0,40,4.61,4.61,0.0,31.666309,0.0
2019-03-06,11,0,41,34.8,34.8,0.0,132.640391,0.0
2019-03-06,11,0,42,31.85,31.85,0.0,298.159966,0.0
2019-03-06,11,0,43,34.16,34.16,0.0,244.557802,0.0
2019-03-06,11,0,46,29.78,29.78,0.0,187.457451,0.0
2019-03-06,11,0,52,53.64,53.64,0.0,56.289998,0.0
2019-03-06,11,0,53,87.35,87.35,0.0,91.665387,0.0
2019-03-06,11,0,55,460.54,460.54,0.0,506.881925,0.0
2019-03-06,11,0,56,144.82,144.82,0.0,151.9746,0.0
2019-03-06,11,0,57,137.76,137.76,0.0,144.565812,0.0
2019-03-06,11,0,58,264.92,264.92,0.0,278.007947,0.0
2019-03-06,11,0,59,260.51,260.51,0.0,273.380078,0.0
2019-03-06,11,0,63,44.67,44.67,0.0,5188.606746,0.0
2019-03-06,11,0,64,52.56,52.56,0.0,6105.063142,0.0
2019-03-06,11,0,65,13.4,13.4,0.0,129.467193,0.0
2019-03-06,11,0,67,284.52,284.52,0.0,-157950.388994,0.0
2019-03-06,11,0,68,30.74,30.74,0.0,-12599.713625,0.0
2019-03-06,11,0,69,1.96,1.96,0.0,22.406666,0.0
2019-03-06,11,0,74,19.65,19.65,0.0,152.257737,0.0
2019-03-06,11,0,77,60.0,60.0,0.0,-17316.504896,0.0
2019-03-06,11,0,78,45.36,45.36,0.0,-13091.277701,0.0
2019-03-06,11,0,79,26.25,26.25,0.0,-7575.970892,0.0
2019-03-06,11,0,80,42.45,42.45,0.0,-12251.427214,0.0
2019-03-06,11,0,81,55.5,55.5,0.0,-16017.767029,0.0
2019-03-06,11,0,82,39.15,39.15,0.0,-11299.019445,0.0
2019-03-06,11,0,83,87.3,87.3,0.0,-25195.514624,0.0
2019-03-06,11,0,84,0.0,0.0,0.0,0.0,0.0
2019-03-06,11,0,86,9.93,9.93,0.0,113.519487,0.0
2019-03-06,11,0,87,50.69,50.69,0.0,579.486685,0.0
2019-03-06,11,0,88,51.18,51.18,0.0,-14770.978676,0.0
2019-03-06,11,0,89,49.2,49.2,0.0,-14199.534015,0.0
2019-03-06,11,0,90,66.06,66.06,0.0,-19065.471891,0.0
2019-03-06,11,0,91,235.65,235.65,0.0,-68010.572979,0.0
2019-03-06,11,0,92,84.75,84.75,0.0,-24459.563166,0.0
2019-03-06,11,0,95,14.06,14.06,0.0,315.362097,0.0
2019-03-06,11,0,96,31.88,31.88,0.0,31.748386,0.0
2019-03-06,11,0,97,234.28,234.28,0.0,233.312793,0.0
2019-03-06,11,0,99,4.22,4.22,0.0,32.698608,0.0
2019-03-06,11,0,101,9.89,9.89,0.0,10.3786,0.0
2019-03-06,11,0,102,72.8,72.8,0.0,-29839.269744,0.0
2019-03-06,11,0,103,63.3,63.3,0.0,-25945.408994,0.0
2019-03-06,11,0,104,11.75,11.75,0.0,-4816.090927,0.0
2019-03-06,11,0,106,216.14,216.14,0.0,237.889129,0.0
2019-03-06,11,0,109,46.61,46.61,0.0,256.19372,0.0
2019-03-06,11,0,110,338.6,338.6,0.0,-338600.0,0.0
2019-03-06,11,0,111,15.57,15.57,0.0,59.34514,0.0
2019-03-06,11,0,113,84.2,84.2,0.0,-21901.804734,0.0
2019-03-06,11,0,115,84.2,84.2,0.0,-21901.804734,0.0
2019-03-06,11,0,116,115.66,115.66,0.0,-115660.0,0.0
2019-03-06,11,0,117,5.66,5.66,0.0,-1472.259083,0.0
2019-03-06,11,0,119,52.56,52.56,0.0,6105.063142,0.0
2019-03-06,11,0,120,30.9,30.9,0.0,3589.163834,0.0
2019-03-06,11,0,123,3.6,3.6,0.0,3.962251,0.0
2019-03-06,11,0,125,97.74,97.74,0.0,107.575106,0.0
2019-03-06,11,0,126,162.1,162.1,0.0,178.411343,0.0
2019-03-06,11,0,127,208.03,208.03,0.0,228.963058,0.0
2019-03-06,11,0,128,139.96,139.96,0.0,154.043502,0.0
2019-03-06,11,0,131,30.0,30.0,0.0,-11132.513756,0.0
2019-03-06,11,0,132,44.1,44.1,0.0,-16364.795221,0.0
2019-03-06,11,0,133,17.76,17.76,0.0,172.923957,0.0
2019-03-06,11,0,134,0.0,0.0,0.0,0.0,0.0
2019-03-06,11,0,135,23.8,23.8,0.0,231.733682,0.0
2019-03-06,11,0,136,18.3,18.3,0.0,176.740834,0.0
2019-03-06,11,0,139,44.94,44.94,0.0,171.289056,0.0
2019-03-06,11,0,140,250.6,250.6,0.0,-250600.0,0.0
2019-03-06,11,0,141,230.0,230.0,0.0,-127683.781346,0.0
2019-03-06,11,0,142,375.21,375.21,0.0,-208296.659126,0.0
2019-03-06,11,0,143,61.93,61.93,0.0,64.989552,0.0
2019-03-06,11,0,145,60.88,60.88,0.0,164.431628,0.0
2019-03-06,11,0,146,268.0,268.0,0.0,-268000.0,0.0
2019-03-06,11,0,152,7.89,7.89,0.0,61.354389,0.0
2019-03-06,11,0,153,10.13,10.13,0.0,77.877131,0.0
2019-03-06,11,0,154,64.23,64.23,0.0,244.812997,0.0
2019-03-06,11,0,157,250.0,250.0,0.0,-138786.718855,0.0
2019-03-06,11,0,158,295.97,295.97,0.0,-164306.820718,0.0
2019-03-06,11,0,159,0.0,0.0,0.0,0.0,0.0
2019-03-06,11,0,160,2.76,2.76,0.0,22.469973,0.0
2019-03-06,11,0,161,55.08,55.08,0.0,-22576.194746,0.0
2019-03-06,11,0,162,37.79,37.79,0.0,877.32299,0.0
2019-03-06,11,0,163,160.49,160.49,0.0,-160490.0,0.0
2019-03-06,11,0,164,17.53,17.53,0.0,18.396042,0.0
2019-03-06,11,0,167,6.87,6.87,0.0,132.502434,0.0
2019-03-06,11,0,168,3.44,3.44,0.0,66.347652,0.0
2019-03-06,11,0,169,0.0,0.0,0.0,0.0,0.0
2019-03-06,11,0,170,7.51,7.51,0.0,144.846183,0.0
2019-03-06,11,0,172,9.24,9.24,0.0,172.125983,0.0
2019-03-06,11,0,173,14.08,14.08,0.0,262.287212,0.0
2019-03-06,11,0,188,12.16,12.16,0.0,333.974137,0.0
2019-03-06,11,0,190,8.08,8.08,0.0,262.014662,0.0
2019-03-06,11,0,191,20.87,20.87,0.0,676.763117,0.0
2019-03-06,11,0,192,187.5,187.5,0.0,6080.16696,0.0
2019-03-06,11,0,194,47.79,47.79,0.0,-5992.991972,0.0
2019-03-06,11,0,196,6.19,6.19,0.0,1668.742071,0.0
2019-03-06,11,0,198,12.19,12.19,0.0,116.186968,0.0
2019-03-06,11,0,199,2.8,2.8,0.0,-99.133244,0.0
2019-03-06,11,0,200,21.59,21.59,0.0,-764.388118,0.0
2019-03-06,11,0,204,143.34,143.34,0.0,756.142453,0.0
2019-03-06,11,0,205,304.77,304.77,0.0,1675.180434,0.0
2019-03-06,11,0,206,895.48,895.48,0.0,891.783081,0.0
2019-03-06,11,0,210,2.82,2.82,0.0,18.845238,0.0
2019-03-06,11,0,214,14.79,14.79,0.0,183.980121,0.0
2019-03-06,11,0,217,10.38,10.38,0.0,104.595919,0.0
2019-03-06,11,0,218,14.32,14.32,0.0,144.298031,0.0
2019-03-06,11,0,219,9.76,9.76,0.0,98.348378,0.0
2019-03-06,11,0,221,7.89,7.89,0.0,98.14761,0.0
2019-03-06,11,0,225,8.07,8.07,0.0,51.468224,0.0
2019-03-06,11,0,233,5.62,5.62,0.0,64.247685,0.0
2019-03-06,11,0,236,6.6,6.6,0.0,58.016144,0.0
2019-03-06,11,0,237,43.81,43.81,0.0,339.461142,0.0
2019-03-06,11,0,238,41.46,41.46,0.0,388.122832,0.0
2019-03-06,11,0,240,12.72,12.72,0.0,88.156053,0.0
2019-03-06,11,0,245,32.6,32.6,0.0,325.420734,0.0
2019-03-06,11,0,247,36.34,36.34,0.0,362.754278,0.0
2019-03-06,11,0,248,5.22,5.22,0.0,40.447093,0.0
2019-03-06,11,0,249,62.69,62.69,0.0,625.786068,0.0
2019-03-06,11,0,251,52.03,52.03,0.0,496.84634,0.0
2019-03-06,11,0,252,86.46,86.46,0.0,835.353249,0.0
2019-03-06,11,0,254,18.73,18.73,0.0,138.707487,0.0
2019-03-06,11,0,255,8.58,8.58,0.0,63.540322,0.0
2019-03-06,11,0,258,15.64,15.64,0.0,108.970775,0.0
2019-03-06,11,0,260,6.7,6.7,0.0,54.546673,0.0
2019-03-06,11,0,265,66.5,66.5,0.0,253.465114,0.0
2019-03-06,11,0,266,29.1,29.1,0.0,110.914809,0.0
2019-03-06,11,0,267,35.76,35.76,0.0,136.299436,0.0
2019-03-06,11,0,270,542.91,542.91,0.0,-542910.0,0.0
2019-03-06,11,0,272,281.17,281.17,0.0,-73136.941057,0.0
2019-03-06,11,0,273,27.66,27.66,0.0,-27660.0,0.0
2019-03-06,11,0,274,708.99,708.99,0.0,-708990.0,0.0
2019-03-06,11,0,275,1000.33,1000.33,0.0,-1000330.0,0.0
2019-03-06,11,0,276,6.08,6.08,0.0,-5476.096019,0.0
2019-03-06,11,0,277,7.42,7.42,0.0,-2014.821873,0.0
2019-03-06,11,0,278,11.87,11.87,0.0,-3223.171918,0.0
2019-03-06,11,0,279,221.23,221.23,0.0,-60072.647304,0.0
2019-03-06,11,0,281,22.0,22.0,0.0,23.086875,0.0
2019-03-06,11,0,282,269.34,269.34,0.0,282.64631,0.0
2019-03-06,12,0,9,3.54,3.54,0.0,-1351.14851,0.0
2019-03-06,12,0,17,32.11,32.11,0.0,318.445272,0.0
2019-03-06,12,0,19,108.83,108.83,0.0,1079.302364,0.0
2019-03-06,12,0,20,131.99,131.99,0.0,1308.987587,0.0
2019-03-06,12,0,21,81.05,81.05,0.0,-30935.194002,0.0
2019-03-06,12,0,22,288.03,288.03,0.0,-109935.397018,0.0
2019-03-06,12,0,23,46.17,46.17,0.0,-17622.18269,0.0
2019-03-06,12,0,24,77.3,77.3,0.0,-29503.892614,0.0
2019-03-06,12,0,29,11.48,11.48,0.0,69.161298,0.0
2019-03-06,12,0,30,639.21,639.21,0.0,-639210.0,0.0
2019-03-06,12,0,31,71.14,71.14,0.0,-71140.0,0.0
2019-03-06,12,0,32,7.36,7.36,0.0,318.746874,0.0
2019-03-06,12,0,33,2.56,2.56,0.0,29.071885,0.0
2019-03-06,12,0,34,4.09,4.09,0.0,46.446878,0.0
2019-03-06,12,0,35,4.09,4.09,0.0,46.446878,0.0
2019-03-06,12,0,36,14.82,14.82,0.0,121.84278,0.0
2019-03-06,12,0,37,7.12,7.12,0.0,59.152752,0.0
2019-03-06,12,0,38,9.15,9.15,0.0,76.017933,0.0
2019-03-06,12,0,39,6.1,6.1,0.0,50.678622,0.0
2019-03-06,12,0,40,6.1,6.1,0.0,50.678622,0.0
2019-03-06,12,0,41,34.8,34.8,0.0,-28.75831,0.0
2019-03-06,12,0,42,43.06,43.06,0.0,413.609599,0.0
2019-03-06,12,0,43,44.67,44.67,0.0,383.052317,0.0
2019-03-06,12,0,46,38.48,38.48,0.0,322.510047,0.0
2019-03-06,12,0,52,75.41,75.41,0.0,-75410.0,0.0
2019-03-06,12,0,53,119.8,119.8,0.0,-119800.0,0.0
2019-03-06,12,0,55,623.0,623.0,0.0,-237786.870612,0.0
2019-03-06,12,0,56,188.55,188.55,0.0,-188550.0,0.0
2019-03-06,12,0,57,179.35,179.35,0.0,-179350.0,0.0
2019-03-06,12,0,58,344.9,344.9,0.0,-344900.0,0.0
2019-03-06,12,0,59,339.15,339.15,0.0,-339150.0,0.0
2019-03-06,12,0,63,51.0,51.0,0.0,5751.567492,0.0
2019-03-06,12,0,64,60.0,60.0,0.0,6766.54999,0.0
2019-03-06,12,0,65,15.27,15.27,0.0,150.552808,0.0
2019-03-06,12,0,67,376.52,376.52,0.0,-209743.70985,0.0
2019-03-06,12,0,68,34.0,34.0,0.0,-14022.147316,0.0
2019-03-06,12,0,69,2.56,2.56,0.0,29.071885,0.0
2019-03-06,12,0,74,30.45,30.45,0.0,240.823139,0.0
2019-03-06,12,0,77,60.0,60.0,0.0,-17504.532051,0.0
2019-03-06,12,0,78,45.36,45.36,0.0,-13233.42623,0.0
2019-03-06,12,0,79,26.25,26.25,0.0,-7658.232772,0.0
2019-03-06,12,0,80,42.45,42.45,0.0,-12384.456426,0.0
2019-03-06,12,0,81,55.5,55.5,0.0,-16191.692147,0.0
2019-03-06,12,0,82,39.15,39.15,0.0,-11421.707163,0.0
2019-03-06,12,0,83,87.3,87.3,0.0,-25469.094134,0.0
2019-03-06,12,0,84,0.0,0.0,0.0,0.0,0.0
2019-03-06,12,0,86,12.96,12.96,0.0,147.176417,0.0
2019-03-06,12,0,87,66.18,66.18,0.0,751.553646,0.0
2019-03-06,12,0,88,51.18,51.18,0.0,-14931.365839,0.0
2019-03-06,12,0,89,49.2,49.2,0.0,-14353.716282,0.0
2019-03-06,12,0,90,66.06,66.06,0.0,-19272.489788,0.0
2019-03-06,12,0,91,235.65,235.65,0.0,-68749.04963,0.0
2019-03-06,12,0,92,84.75,84.75,0.0,-24725.151522,0.0
2019-03-06,12,0,95,55.33,55.33,0.0,1241.037327,0.0
2019-03-06,12,0,96,29.88,29.88,0.0,1644.978169,0.0
2019-03-06,12,0,97,183.76,183.76,0.0,10116.505634,0.0
2019-03-06,12,0,99,5.88,5.88,0.0,46.503778,0.0
2019-03-06,12,0,101,12.88,12.88,0.0,-12880.0,0.0
2019-03-06,12,0,102,80.5,80.5,0.0,-33199.495852,0.0
2019-03-06,12,0,103,70.0,70.0,0.0,-28869.126827,0.0
2019-03-06,12,0,104,13.0,13.0,0.0,-5361.409268,0.0
2019-03-06,12,0,106,283.54,283.54,0.0,-108221.652156,0.0
2019-03-06,12,0,109,49.38,49.38,0.0,400.405496,0.0
2019-03-06,12,0,110,338.6,338.6,0.0,-338600.0,0.0
2019-03-06,12,0,111,21.42,21.42,0.0,-17.701236,0.0
2019-03-06,12,0,113,45.0,45.0,0.0,-11840.448696,0.0
2019-03-06,12,0,115,45.0,45.0,0.0,-11840.448696,0.0
2019-03-06,12,0,116,150.77,150.77,0.0,-150770.0,0.0
2019-03-06,12,0,117,3.0,3.0,0.0,-789.363246,0.0
2019-03-06,12,0,119,60.0,60.0,0.0,6766.54999,0.0
2019-03-06,12,0,120,35.28,35.28,0.0,3978.731394,0.0
2019-03-06,12,0,123,4.73,4.73,0.0,-1805.348151,0.0
2019-03-06,12,0,125,70.73,70.73,0.0,-26996.252582,0.0
2019-03-06,12,0,126,212.66,212.66,0.0,-81168.147519,0.0
2019-03-06,12,0,127,272.91,272.91,0.0,-104164.389822,0.0
2019-03-06,12,0,128,96.96,96.96,0.0,-37007.728691,0.0
2019-03-06,12,0,131,30.0,30.0,0.0,-11213.596083,0.0
2019-03-06,12,0,132,44.1,44.1,0.0,-16483.986243,0.0
2019-03-06,12,0,133,17.13,17.13,0.0,169.977267,0.0
2019-03-06,12,0,134,0.0,0.0,0.0,0.0,0.0
2019-03-06,12,0,135,22.96,22.96,0.0,227.82709,0.0
2019-03-06,12,0,136,20.32,20.32,0.0,200.27807,0.0
2019-03-06,12,0,139,44.94,44.94,0.0,-37.137887,0.0
2019-03-06,12,0,140,250.6,250.6,0.0,-250600.0,0.0
2019-03-06,12,0,141,230.0,230.0,0.0,-128123.481529,0.0
2019-03-06,12,0,142,496.53,496.53,0.0,-276596.314277,0.0
2019-03-06,12,0,143,74.14,74.14,0.0,-74140.0,0.0
2019-03-06,12,0,145,56.25,56.25,0.0,454.666586,0.0
2019-03-06,12,0,146,268.0,268.0,0.0,-268000.0,0.0
2019-03-06,12,0,152,10.41,10.41,0.0,88.167413,0.0
2019-03-06,12,0,153,13.45,13.45,0.0,113.088368,0.0
2019-03-06,12,0,154,88.34,88.34,0.0,-73.003136,0.0
2019-03-06,12,0,157,250.0,250.0,0.0,-139264.653836,0.0
2019-03-06,12,0,158,397.46,397.46,0.0,-221408.517255,0.0
2019-03-06,12,0,159,0.0,0.0,0.0,0.0,0.0
2019-03-06,12,0,160,3.58,3.58,0.0,32.947039,0.0
2019-03-06,12,0,161,71.95,71.95,0.0,-29673.338218,0.0
2019-03-06,12,0,162,108.21,108.21,0.0,2511.597167,0.0
2019-03-06,12,0,163,185.4,185.4,0.0,-185400.0,0.0
2019-03-06,12,0,164,23.43,23.43,0.0,-23430.0,0.0
2019-03-06,12,0,167,8.65,8.65,0.0,168.115311,0.0
2019-03-06,12,0,168,4.32,4.32,0.0,83.960479,0.0
2019-03-06,12,0,169,0.0,0.0,0.0,0.0,0.0
2019-03-06,12,0,170,9.46,9.46,0.0,183.857901,0.0
2019-03-06,12,0,172,11.4,11.4,0.0,191.117228,0.0
2019-03-06,12,0,173,17.38,17.38,0.0,291.36995,0.0
2019-03-06,12,0,188,14.94,14.94,0.0,369.089127,0.0
2019-03-06,12,0,190,10.22,10.22,0.0,331.409634,0.0
2019-03-06,12,0,191,26.4,26.4,0.0,856.087508,0.0
2019-03-06,12,0,192,332.6,332.6,0.0,10785.405497,0.0
2019-03-06,12,0,194,52.95,52.95,0.0,-6817.389881,0.0
2019-03-06,12,0,196,8.16,8.16,0.0,2166.068591,0.0
2019-03-06,12,0,198,15.45,15.45,0.0,155.310394,0.0
2019-03-06,12,0,199,30.72,30.72,0.0,-1335.887942,0.0
2019-03-06,12,0,200,27.0,27.0,0.0,-1174.120261,0.0
2019-03-06,12,0,204,215.1,215.1,0.0,1753.606488,0.0
2019-03-06,12,0,205,261.2,261.2,0.0,2117.981276,0.0
2019-03-06,12,0,206,539.95,539.95,0.0,29725.768486,0.0
2019-03-06,12,0,210,3.52,3.52,0.0,21.329673,0.0
2019-03-06,12,0,214,19.18,19.18,0.0,233.920957,0.0
2019-03-06,12,0,217,13.14,13.14,0.0,128.468781,0.0
2019-03-06,12,0,218,18.13,18.13,0.0,177.255632,0.0
2019-03-06,12,0,219,12.35,12.35,0.0,120.745011,0.0
2019-03-06,12,0,221,10.23,10.23,0.0,124.765974,0.0
2019-03-06,12,0,225,10.07,10.07,0.0,60.63265,0.0
2019-03-06,12,0,233,7.33,7.33,0.0,83.240983,0.0
2019-03-06,12,0,236,5.23,5.23,0.0,47.979307,0.0
2019-03-06,12,0,237,73.05,73.05,0.0,577.738268,0.0
2019-03-06,12,0,238,56.05,56.05,0.0,538.38407,0.0
2019-03-06,12,0,240,16.79,16.79,0.0,138.039155,0.0
2019-03-06,12,0,245,31.63,31.63,0.0,320.424,0.0
2019-03-06,12,0,247,36.86,36.86,0.0,373.405901,0.0
2019-03-06,12,0,248,7.33,7.33,0.0,57.971547,0.0
2019-03-06,12,0,249,60.84,60.84,0.0,616.332474,0.0
2019-03-06,12,0,251,63.67,63.67,0.0,621.690358,0.0
2019-03-06,12,0,252,98.53,98.53,0.0,971.445201,0.0
2019-03-06,12,0,254,24.97,24.97,0.0,218.05619,0.0
2019-03-06,12,0,255,11.44,11.44,0.0,99.902396,0.0
2019-03-06,12,0,258,20.46,20.46,0.0,169.380712,0.0
2019-03-06,12,0,260,8.7,8.7,0.0,80.066826,0.0
2019-03-06,12,0,265,91.47,91.47,0.0,-75.589732,0.0
2019-03-06,12,0,266,29.1,29.1,0.0,-24.047898,0.0
2019-03-06,12,0,267,35.76,35.76,0.0,-29.551643,0.0
2019-03-06,12,0,270,579.0,579.0,0.0,-579000.0,0.0
2019-03-06,12,0,272,150.39,150.39,0.0,-39570.779541,0.0
2019-03-06,12,0,273,36.05,36.05,0.0,-36050.0,0.0
2019-03-06,12,0,274,746.4,746.4,0.0,-746400.0,0.0
2019-03-06,12,0,275,1039.0,1039.0,0.0,-1039000.0,0.0
2019-03-06,12,0,276,7.95,7.95,0.0,-7163.749281,0.0
2019-03-06,12,0,277,9.64,9.64,0.0,-2647.103035,0.0
2019-03-06,12,0,278,15.42,15.42,0.0,-4234.266473,0.0
2019-03-06,12,0,279,264.6,264.6,0.0,-72658.035582,0.0
2019-03-06,12,0,281,31.93,31.93,0.0,-31930.0,0.0
2019-03-06,12,0,282,350.65,350.65,0.0,-350650.0,0.0
2019-03-06,13,0,9,3.31,3.31,0.0,-1296.369461,0.0
2019-03-06,13,0,17,28.82,28.82,0.0,168.333566,0.0
2019-03-06,13,0,19,104.28,104.28,0.0,609.084812,0.0
2019-03-06,13,0,20,126.48,126.48,0.0,738.751889,0.0
2019-03-06,13,0,21,75.79,75.79,0.0,-29683.33578,0.0
2019-03-06,13,0,22,269.37,269.37,0.0,-105499.408353,0.0
2019-03-06,13,0,23,90.35,90.35,0.0,-35385.794798,0.0
2019-03-06,13,0,24,157.79,157.79,0.0,-61798.832995,0.0
2019-03-06,13,0,29,12.51,12.51,0.0,64.006414,0.0
2019-03-06,13,0,30,781.97,781.97,0.0,-781970.0,0.0
2019-03-06,13,0,31,97.81,97.81,0.0,-97810.0,0.0
2019-03-06,13,0,32,7.99,7.99,0.0,334.792361,0.0
2019-03-06,13,0,33,2.2,2.2,0.0,20.721455,0.0
2019-03-06,13,0,34,3.52,3.52,0.0,33.154328,0.0
2019-03-06,13,0,35,3.52,3.52,0.0,33.154328,0.0
2019-03-06,13,0,36,14.05,14.05,0.0,12.464978,0.0
2019-03-06,13,0,37,6.36,6.36,0.0,5.966394,0.0
2019-03-06,13,0,38,8.18,8.18,0.0,7.673758,0.0
2019-03-06,13,0,39,5.45,5.45,0.0,5.112712,0.0
2019-03-06,13,0,40,5.45,5.45,0.0,5.112712,0.0
2019-03-06,13,0,41,34.8,34.8,0.0,-450.391776,0.0
2019-03-06,13,0,42,49.37,49.37,0.0,250.072768,0.0
2019-03-06,13,0,43,46.43,46.43,0.0,84.779736,0.0
2019-03-06,13,0,46,41.98,41.98,0.0,7.834999,0.0
2019-03-06,13,0,52,103.68,103.68,0.0,-103680.0,0.0
2019-03-06,13,0,53,164.72,164.72,0.0,-164720.0,0.0
2019-03-06,13,0,55,623.0,623.0,0.0,-243999.448356,0.0
2019-03-06,13,0,56,230.65,230.65,0.0,-230650.0,0.0
2019-03-06,13,0,57,219.4,219.4,0.0,-219400.0,0.0
2019-03-06,13,0,58,421.93,421.93,0.0,-421930.0,0.0
2019-03-06,13,0,59,414.89,414.89,0.0,-414890.0,0.0
2019-03-06,13,0,63,51.0,51.0,0.0,5634.784779,0.0
2019-03-06,13,0,64,60.0,60.0,0.0,6629.158564,0.0
2019-03-06,13,0,65,17.34,17.34,0.0,98.782265,0.0
2019-03-06,13,0,67,415.17,415.17,0.0,-231392.485155,0.0
2019-03-06,13,0,68,34.0,34.0,0.0,-14035.016401,0.0
2019-03-06,13,0,69,2.2,2.2,0.0,20.721455,0.0
2019-03-06,13,0,74,40.65,40.65,0.0,53.107025,0.0
2019-03-06,13,0,77,60.0,60.0,0.0,-17502.07872,0.0
2019-03-06,13,0,78,45.36,45.36,0.0,-13231.571513,0.0
2019-03-06,13,0,79,26.25,26.25,0.0,-7657.15944,0.0
2019-03-06,13,0,80,42.45,42.45,0.0,-12382.720695,0.0
2019-03-06,13,0,81,55.5,55.5,0.0,-16189.422816,0.0
2019-03-06,13,0,82,39.15,39.15,0.0,-11420.106365,0.0
2019-03-06,13,0,83,87.3,87.3,0.0,-25465.524538,0.0
2019-03-06,13,0,84,0.0,0.0,0.0,0.0,0.0
2019-03-06,13,0,86,11.14,11.14,0.0,104.925914,0.0
2019-03-06,13,0,87,56.87,56.87,0.0,535.649616,0.0
2019-03-06,13,0,88,51.18,51.18,0.0,-14929.273148,0.0
2019-03-06,13,0,89,49.2,49.2,0.0,-14351.704551,0.0
2019-03-06,13,0,90,66.06,66.06,0.0,-19269.788671,0.0
2019-03-06,13,0,91,235.65,235.65,0.0,-68739.414174,0.0
2019-03-06,13,0,92,84.75,84.75,0.0,-24721.686192,0.0
2019-03-06,13,0,95,120.0,120.0,0.0,2333.493576,0.0
2019-03-06,13,0,96,29.88,29.88,0.0,1130.169925,0.0
2019-03-06,13,0,97,183.75,183.75,0.0,6950.091157,0.0
2019-03-06,13,0,99,7.85,7.85,0.0,10.2556,0.0
2019-03-06,13,0,101,15.75,15.75,0.0,-15750.0,0.0
2019-03-06,13,0,102,80.5,80.5,0.0,-33229.965302,0.0
2019-03-06,13,0,103,70.0,70.0,0.0,-28895.622002,0.0
2019-03-06,13,0,104,13.0,13.0,0.0,-5366.3298,0.0
2019-03-06,13,0,106,265.17,265.17,0.0,-103854.468251,0.0
2019-03-06,13,0,109,60.0,60.0,0.0,-88.999048,0.0
2019-03-06,13,0,110,338.6,338.6,0.0,-338600.0,0.0
2019-03-06,13,0,111,21.8,21.8,0.0,-282.141975,0.0
2019-03-06,13,0,113,45.0,45.0,0.0,-11912.908276,0.0
2019-03-06,13,0,115,45.0,45.0,0.0,-11912.908276,0.0
2019-03-06,13,0,116,144.81,144.81,0.0,-144810.0,0.0
2019-03-06,13,0,117,3.0,3.0,0.0,-794.193885,0.0
2019-03-06,13,0,119,60.0,60.0,0.0,6629.158564,0.0
2019-03-06,13,0,120,35.28,35.28,0.0,3897.945236,0.0
2019-03-06,13,0,123,4.42,4.42,0.0,-1731.10363,0.0
2019-03-06,13,0,125,143.27,143.27,0.0,-56112.040074,0.0
2019-03-06,13,0,126,198.88,198.88,0.0,-77891.83032,0.0
2019-03-06,13,0,127,255.23,255.23,0.0,-99961.443345,0.0
2019-03-06,13,0,128,202.25,202.25,0.0,-79211.698925,0.0
2019-03-06,13,0,131,30.0,30.0,0.0,-11225.697675,0.0
2019-03-06,13,0,132,44.1,44.1,0.0,-16501.775583,0.0
2019-03-06,13,0,133,16.59,16.59,0.0,97.125048,0.0
2019-03-06,13,0,134,0.0,0.0,0.0,0.0,0.0
2019-03-06,13,0,135,22.23,22.23,0.0,130.144051,0.0
2019-03-06,13,0,136,22.46,22.46,0.0,127.772165,0.0
2019-03-06,13,0,139,44.94,44.94,0.0,-581.626621,0.0
2019-03-06,13,0,140,250.6,250.6,0.0,-250600.0,0.0
2019-03-06,13,0,141,230.0,230.0,0.0,-128189.107078,0.0
2019-03-06,13,0,142,547.51,547.51,0.0,-305151.38268,0.0
2019-03-06,13,0,143,91.56,91.56,0.0,-91560.0,0.0
2019-03-06,13,0,145,100.0,100.0,0.0,-578.015511,0.0
2019-03-06,13,0,146,268.0,268.0,0.0,-268000.0,0.0
2019-03-06,13,0,152,8.54,8.54,0.0,16.722251,0.0
2019-03-06,13,0,153,11.0,11.0,0.0,19.655738,0.0
2019-03-06,13,0,154,89.94,89.94,0.0,-1164.02978,0.0
2019-03-06,13,0,157,250.0,250.0,0.0,-139335.985955,0.0
2019-03-06,13,0,158,471.3,471.3,0.0,-262676.200722,0.0
2019-03-06,13,0,159,0.0,0.0,0.0,0.0,0.0
2019-03-06,13,0,160,3.79,3.79,0.0,16.56006,0.0
2019-03-06,13,0,161,67.45,67.45,0.0,-27842.995772,0.0
2019-03-06,13,0,162,162.5,162.5,0.0,3285.188457,0.0
2019-03-06,13,0,163,104.55,104.55,0.0,-104550.0,0.0
2019-03-06,13,0,164,28.42,28.42,0.0,-28420.0,0.0
2019-03-06,13,0,167,9.48,9.48,0.0,155.511752,0.0
2019-03-06,13,0,168,4.74,4.74,0.0,77.755876,0.0
2019-03-06,13,0,169,0.0,0.0,0.0,0.0,0.0
2019-03-06,13,0,170,10.37,10.37,0.0,170.111484,0.0
2019-03-06,13,0,172,12.46,12.46,0.0,196.918125,0.0
2019-03-06,13,0,173,18.98,18.98,0.0,299.960354,0.0
2019-03-06,13,0,188,16.26,16.26,0.0,375.668644,0.0
2019-03-06,13,0,190,12.49,12.49,0.0,405.020188,0.0
2019-03-06,13,0,191,32.26,32.26,0.0,1046.112993,0.0
2019-03-06,13,0,192,332.6,332.6,0.0,10785.405497,0.0
2019-03-06,13,0,194,52.95,52.95,0.0,-6987.89217,0.0
2019-03-06,13,0,196,8.35,8.35,0.0,2194.307432,0.0
2019-03-06,13,0,198,16.79,16.79,0.0,142.237607,0.0
2019-03-06,13,0,199,59.78,59.78,0.0,-4486.527701,0.0
2019-03-06,13,0,200,30.49,30.49,0.0,-2288.294239,0.0
2019-03-06,13,0,204,257.1,257.1,0.0,-449.125572,0.0
2019-03-06,13,0,205,317.4,317.4,0.0,-470.804963,0.0
2019-03-06,13,0,206,539.94,539.94,0.0,20422.488268,0.0
2019-03-06,13,0,210,3.77,3.77,0.0,17.983502,0.0
2019-03-06,13,0,214,16.53,16.53,0.0,190.49089,0.0
2019-03-06,13,0,217,13.45,13.45,0.0,125.860496,0.0
2019-03-06,13,0,218,18.57,18.57,0.0,173.771703,0.0
2019-03-06,13,0,219,12.65,12.65,0.0,118.374369,0.0
2019-03-06,13,0,221,8.81,8.81,0.0,101.525998,0.0
2019-03-06,13,0,225,10.0,10.0,0.0,51.498594,0.0
2019-03-06,13,0,233,6.3,6.3,0.0,59.338713,0.0
2019-03-06,13,0,236,14.24,14.24,0.0,55.838499,0.0
2019-03-06,13,0,237,97.51,97.51,0.0,127.391537,0.0
2019-03-06,13,0,238,64.26,64.26,0.0,325.494755,0.0
2019-03-06,13,0,240,15.93,15.93,0.0,14.13289,0.0
2019-03-06,13,0,245,30.73,30.73,0.0,195.770384,0.0
2019-03-06,13,0,247,37.78,37.78,0.0,240.683538,0.0
2019-03-06,13,0,248,9.79,9.79,0.0,12.790105,0.0
2019-03-06,13,0,249,59.1,59.1,0.0,376.506011,0.0
2019-03-06,13,0,251,79.52,79.52,0.0,434.198359,0.0
2019-03-06,13,0,252,111.83,111.83,0.0,637.071554,0.0
2019-03-06,13,0,254,22.98,22.98,0.0,56.627502,0.0
2019-03-06,13,0,255,10.53,10.53,0.0,25.948111,0.0
2019-03-06,13,0,258,20.24,20.24,0.0,21.025474,0.0
2019-03-06,13,0,260,9.21,9.21,0.0,40.242256,0.0
2019-03-06,13,0,265,93.12,93.12,0.0,-1205.18627,0.0
2019-03-06,13,0,266,29.1,29.1,0.0,-376.620709,0.0
2019-03-06,13,0,267,35.76,35.76,0.0,-462.816377,0.0
2019-03-06,13,0,270,325.32,325.32,0.0,-325320.0,0.0
2019-03-06,13,0,272,150.39,150.39,0.0,-39812.939459,0.0
2019-03-06,13,0,273,34.63,34.63,0.0,-34630.0,0.0
2019-03-06,13,0,274,419.18,419.18,0.0,-419180.0,0.0
2019-03-06,13,0,275,583.24,583.24,0.0,-583240.0,0.0
2019-03-06,13,0,276,7.63,7.63,0.0,-6875.883199,0.0
2019-03-06,13,0,277,9.7,9.7,0.0,-2672.776898,0.0
2019-03-06,13,0,278,15.53,15.53,0.0,-4279.198476,0.0
2019-03-06,13,0,279,378.16,378.16,0.0,-104199.722847,0.0
2019-03-06,13,0,281,43.9,43.9,0.0,-43900.0,0.0
2019-03-06,13,0,282,428.96,428.96,0.0,-428960.0,0.0
2019-03-06,14,0,9,3.45,3.45,0.0,-1682.192414,0.0
2019-03-06,14,0,17,29.51,29.51,0.0,520.225873,0.0
2019-03-06,14,0,19,90.17,90.17,0.0,1589.588849,0.0
2019-03-06,14,0,20,109.36,109.36,0.0,1927.885511,0.0
2019-03-06,14,0,21,78.86,78.86,0.0,-38451.505444,0.0
2019-03-06,14,0,22,280.28,280.28,0.0,-136662.286911,0.0
2019-03-06,14,0,23,42.61,42.61,0.0,-20776.295295,0.0
2019-03-06,14,0,24,73.27,73.27,0.0,-35725.866141,0.0
2019-03-06,14,0,29,12.55,12.55,0.0,52.535243,0.0
2019-03-06,14,0,30,833.63,833.63,0.0,-833630.0,0.0
2019-03-06,14,0,31,94.82,94.82,0.0,-94820.0,0.0
2019-03-06,14,0,32,7.98,7.98,0.0,422.416344,0.0
2019-03-06,14,0,33,2.24,2.24,0.0,122.706461,0.0
2019-03-06,14,0,34,3.59,3.59,0.0,196.659016,0.0
2019-03-06,14,0,35,3.59,3.59,0.0,196.659016,0.0
2019-03-06,14,0,36,14.62,14.62,0.0,-630.782711,0.0
2019-03-06,14,0,37,6.45,6.45,0.0,-286.417921,0.0
2019-03-06,14,0,38,8.3,8.3,0.0,-368.568797,0.0
2019-03-06,14,0,39,5.53,5.53,0.0,-245.564512,0.0
2019-03-06,14,0,40,5.53,5.53,0.0,-245.564512,0.0
2019-03-06,14,0,41,34.8,34.8,0.0,-4030.027506,0.0
2019-03-06,14,0,42,51.31,51.31,0.0,491.333945,0.0
2019-03-06,14,0,43,47.66,47.66,0.0,-1822.920444,0.0
2019-03-06,14,0,46,42.69,42.69,0.0,-2408.15707,0.0
2019-03-06,14,0,52,100.51,100.51,0.0,-100510.0,0.0
2019-03-06,14,0,53,159.67,159.67,0.0,-159670.0,0.0
2019-03-06,14,0,55,623.0,623.0,0.0,-303769.818557,0.0
2019-03-06,14,0,56,245.89,245.89,0.0,-245890.0,0.0
2019-03-06,14,0,57,233.9,233.9,0.0,-233900.0,0.0
2019-03-06,14,0,58,449.8,449.8,0.0,-449800.0,0.0
2019-03-06,14,0,59,442.3,442.3,0.0,-442300.0,0.0
2019-03-06,14,0,63,51.0,51.0,0.0,6619.866778,0.0
2019-03-06,14,0,64,60.0,60.0,0.0,7788.078563,0.0
2019-03-06,14,0,65,14.07,14.07,0.0,226.989298,0.0
2019-03-06,14,0,67,422.81,422.81,0.0,-221646.360942,0.0
2019-03-06,14,0,68,19.16,19.16,0.0,-7067.297515,0.0
2019-03-06,14,0,69,2.24,2.24,0.0,122.706461,0.0
2019-03-06,14,0,74,59.2,59.2,0.0,-1532.13475,0.0
2019-03-06,14,0,77,60.0,60.0,0.0,-13943.483268,0.0
2019-03-06,14,0,78,45.36,45.36,0.0,-10541.27335,0.0
2019-03-06,14,0,79,26.25,26.25,0.0,-6100.27393,0.0
2019-03-06,14,0,80,42.45,42.45,0.0,-9865.014412,0.0
2019-03-06,14,0,81,55.5,55.5,0.0,-12897.722022,0.0
2019-03-06,14,0,82,39.15,39.15,0.0,-9098.122832,0.0
2019-03-06,14,0,83,87.3,87.3,0.0,-20287.768154,0.0
2019-03-06,14,0,84,0.0,0.0,0.0,-0.0,0.0
2019-03-06,14,0,86,11.36,11.36,0.0,622.297053,0.0
2019-03-06,14,0,87,57.99,57.99,0.0,3176.673072,0.0
2019-03-06,14,0,88,51.18,51.18,0.0,-11893.791227,0.0
2019-03-06,14,0,89,49.2,49.2,0.0,-11433.656279,0.0
2019-03-06,14,0,90,66.06,66.06,0.0,-15351.775078,0.0
2019-03-06,14,0,91,235.65,235.65,0.0,-54763.030533,0.0
2019-03-06,14,0,92,84.75,84.75,0.0,-19695.170115,0.0
2019-03-06,14,0,95,120.0,120.0,0.0,2333.493576,0.0
2019-03-06,14,0,96,31.39,31.39,0.0,-4037.33577,0.0
2019-03-06,14,0,97,210.51,210.51,0.0,-27075.487508,0.0
2019-03-06,14,0,99,11.43,11.43,0.0,-295.815882,0.0
2019-03-06,14,0,101,16.79,16.79,0.0,-16790.0,0.0
2019-03-06,14,0,102,45.25,45.25,0.0,-16690.773097,0.0
2019-03-06,14,0,103,39.36,39.36,0.0,-14518.206168,0.0
2019-03-06,14,0,104,7.37,7.37,0.0,-2718.475088,0.0
2019-03-06,14,0,106,275.91,275.91,0.0,-134531.509853,0.0
2019-03-06,14,0,109,60.0,60.0,0.0,-4392.543772,0.0
2019-03-06,14,0,110,338.6,338.6,0.0,-338600.0,0.0
2019-03-06,14,0,111,22.87,22.87,0.0,-2648.469226,0.0
2019-03-06,14,0,113,45.0,45.0,0.0,-10085.903238,0.0
2019-03-06,14,0,115,45.0,45.0,0.0,-10085.903238,0.0
2019-03-06,14,0,116,151.45,151.45,0.0,-151450.0,0.0
2019-03-06,14,0,117,3.0,3.0,0.0,-672.393549,0.0
2019-03-06,14,0,119,60.0,60.0,0.0,7788.078563,0.0
2019-03-06,14,0,120,35.28,35.28,0.0,4579.390195,0.0
2019-03-06,14,0,123,4.6,4.6,0.0,-2242.923219,0.0
2019-03-06,14,0,125,66.79,66.79,0.0,-32566.269954,0.0
2019-03-06,14,0,126,206.93,206.93,0.0,-100897.413409,0.0
2019-03-06,14,0,127,265.56,265.56,0.0,-129484.93261,0.0
2019-03-06,14,0,128,92.7,92.7,0.0,-45199.778781,0.0
2019-03-06,14,0,131,30.0,30.0,0.0,-9820.907564,0.0
2019-03-06,14,0,132,44.1,44.1,0.0,-14436.734119,0.0
2019-03-06,14,0,133,14.2,14.2,0.0,252.330309,0.0
2019-03-06,14,0,134,0.0,0.0,0.0,0.0,0.0
2019-03-06,14,0,135,19.03,19.03,0.0,338.158153,0.0
2019-03-06,14,0,136,19.85,19.85,0.0,318.607045,0.0
2019-03-06,14,0,139,44.94,44.94,0.0,-5204.294141,0.0
2019-03-06,14,0,140,250.6,250.6,0.0,-250600.0,0.0
2019-03-06,14,0,141,230.0,230.0,0.0,-120571.091073,0.0
2019-03-06,14,0,142,557.58,557.58,0.0,-292295.77809,0.0
2019-03-06,14,0,143,87.05,87.05,0.0,-87050.0,0.0
2019-03-06,14,0,145,56.12,56.12,0.0,-7394.457337,0.0
2019-03-06,14,0,146,268.0,268.0,0.0,-268000.0,0.0
2019-03-06,14,0,152,8.82,8.82,0.0,-219.4427,0.0
2019-03-06,14,0,153,11.29,11.29,0.0,-302.5865,0.0
2019-03-06,14,0,154,94.34,94.34,0.0,-10925.080313,0.0
2019-03-06,14,0,157,250.0,250.0,0.0,-131055.533775,0.0
2019-03-06,14,0,158,484.54,484.54,0.0,-254006.593342,0.0
2019-03-06,14,0,159,0.0,0.0,0.0,-0.0,0.0
2019-03-06,14,0,160,3.93,3.93,0.0,-68.735959,0.0
2019-03-06,14,0,161,69.52,69.52,0.0,-25642.929187,0.0
2019-03-06,14,0,162,162.5,162.5,0.0,3314.284007,0.0
2019-03-06,14,0,163,130.61,130.61,0.0,-130610.0,0.0
2019-03-06,14,0,164,28.86,28.86,0.0,-28860.0,0.0
2019-03-06,14,0,167,9.4,9.4,0.0,148.355098,0.0
2019-03-06,14,0,168,4.7,4.7,0.0,74.177549,0.0
2019-03-06,14,0,169,0.0,0.0,0.0,0.0,0.0
2019-03-06,14,0,170,10.28,10.28,0.0,162.24366,0.0
2019-03-06,14,0,172,12.4,12.4,0.0,54.133543,0.0
2019-03-06,14,0,173,18.9,18.9,0.0,82.509998,0.0
2019-03-06,14,0,188,16.39,16.39,0.0,456.152398,0.0
2019-03-06,14,0,190,13.07,13.07,0.0,423.828172,0.0
2019-03-06,14,0,191,33.78,33.78,0.0,1095.402879,0.0
2019-03-06,14,0,192,332.6,332.6,0.0,10785.405497,0.0
2019-03-06,14,0,194,52.95,52.95,0.0,-5336.138417,0.0
2019-03-06,14,0,196,8.64,8.64,0.0,2537.354334,0.0
2019-03-06,14,0,198,17.33,17.33,0.0,198.375184,0.0
2019-03-06,14,0,199,114.91,114.91,0.0,-2335.643237,0.0
2019-03-06,14,0,200,31.02,31.02,0.0,-630.507817,0.0
2019-03-06,14,0,204,257.1,257.1,0.0,-20010.494763,0.0
2019-03-06,14,0,205,317.4,317.4,0.0,-23236.556555,0.0
2019-03-06,14,0,206,745.19,745.19,0.0,-95845.245053,0.0
2019-03-06,14,0,210,3.76,3.76,0.0,12.108909,0.0
2019-03-06,14,0,214,16.75,16.75,0.0,1285.837534,0.0
2019-03-06,14,0,217,13.31,13.31,0.0,681.631918,0.0
2019-03-06,14,0,218,18.37,18.37,0.0,940.764713,0.0
2019-03-06,14,0,219,12.51,12.51,0.0,640.662306,0.0
2019-03-06,14,0,221,8.94,8.94,0.0,686.291794,0.0
2019-03-06,14,0,225,10.14,10.14,0.0,43.392386,0.0
2019-03-06,14,0,233,6.43,6.43,0.0,352.233279,0.0
2019-03-06,14,0,236,9.82,9.82,0.0,-28.020627,0.0
2019-03-06,14,0,237,142.01,142.01,0.0,-3675.311753,0.0
2019-03-06,14,0,238,66.78,66.78,0.0,639.471464,0.0
2019-03-06,14,0,240,16.57,16.57,0.0,-714.915836,0.0
2019-03-06,14,0,245,25.62,25.62,0.0,592.58596,0.0
2019-03-06,14,0,247,29.65,29.65,0.0,685.79913,0.0
2019-03-06,14,0,248,14.26,14.26,0.0,-369.058134,0.0
2019-03-06,14,0,249,49.27,49.27,0.0,1139.606176,0.0
2019-03-06,14,0,251,58.2,58.2,0.0,795.987892,0.0
2019-03-06,14,0,252,90.75,90.75,0.0,1464.056771,0.0
2019-03-06,14,0,254,23.09,23.09,0.0,-762.880333,0.0
2019-03-06,14,0,255,10.59,10.59,0.0,-349.887515,0.0
2019-03-06,14,0,258,21.14,21.14,0.0,-895.370454,0.0
2019-03-06,14,0,260,9.54,9.54,0.0,-166.855229,0.0
2019-03-06,14,0,265,97.67,97.67,0.0,-11310.712256,0.0
2019-03-06,14,0,266,29.1,29.1,0.0,-3369.936794,0.0
2019-03-06,14,0,267,35.76,35.76,0.0,-4141.200678,0.0
2019-03-06,14,0,270,454.05,454.05,0.0,-454050.0,0.0
2019-03-06,14,0,272,150.39,150.39,0.0,-33707.088622,0.0
2019-03-06,14,0,273,36.22,36.22,0.0,-36220.0,0.0
2019-03-06,14,0,274,605.65,605.65,0.0,-605650.0,0.0
2019-03-06,14,0,275,880.86,880.86,0.0,-880860.0,0.0
2019-03-06,14,0,276,7.9,7.9,0.0,-7060.77388,0.0
2019-03-06,14,0,277,10.04,10.04,0.0,-2283.526038,0.0
2019-03-06,14,0,278,16.06,16.06,0.0,-3652.731889,0.0
2019-03-06,14,0,279,264.6,264.6,0.0,-60181.373465,0.0
2019-03-06,14,0,281,42.55,42.55,0.0,-42550.0,0.0
2019-03-06,14,0,282,457.3,457.3,0.0,-457300.0,0.0
2019-03-06,15,0,9,3.3,3.3,0.0,-1300.594937,0.0
2019-03-06,15,0,17,28.57,28.57,0.0,662.250753,0.0
2019-03-06,15,0,19,79.42,79.42,0.0,1840.950465,0.0
2019-03-06,15,0,20,96.32,96.32,0.0,2232.691373,0.0
2019-03-06,15,0,21,75.52,75.52,0.0,-29763.918082,0.0
2019-03-06,15,0,22,268.4,268.4,0.0,-105781.721573,0.0
2019-03-06,15,0,23,32.64,32.64,0.0,-12864.06629,0.0
2019-03-06,15,0,24,57.75,57.75,0.0,-22760.411404,0.0
2019-03-06,15,0,29,11.47,11.47,0.0,54.412066,0.0
2019-03-06,15,0,30,805.79,805.79,0.0,-805790.0,0.0
2019-03-06,15,0,31,92.05,92.05,0.0,-92050.0,0.0
2019-03-06,15,0,32,7.51,7.51,0.0,308.552003,0.0
2019-03-06,15,0,33,2.21,2.21,0.0,60.267698,0.0
2019-03-06,15,0,34,3.53,3.53,0.0,96.264695,0.0
2019-03-06,15,0,35,3.53,3.53,0.0,96.264695,0.0
2019-03-06,15,0,36,14.11,14.11,0.0,2.540335,0.0
2019-03-06,15,0,37,6.26,6.26,0.0,2.347603,0.0
2019-03-06,15,0,38,8.05,8.05,0.0,3.018882,0.0
2019-03-06,15,0,39,5.36,5.36,0.0,2.010088,0.0
2019-03-06,15,0,40,5.36,5.36,0.0,2.010088,0.0
2019-03-06,15,0,41,58.96,58.96,0.0,-858.001903,0.0
2019-03-06,15,0,42,49.45,49.45,0.0,1102.40145,0.0
2019-03-06,15,0,43,44.97,44.97,0.0,87.55781,0.0
2019-03-06,15,0,46,40.95,40.95,0.0,-21.063182,0.0
2019-03-06,15,0,52,97.57,97.57,0.0,-97570.0,0.0
2019-03-06,15,0,53,155.01,155.01,0.0,-155010.0,0.0
2019-03-06,15,0,55,623.0,623.0,0.0,-245536.559388,0.0
2019-03-06,15,0,56,237.68,237.68,0.0,-237680.0,0.0
2019-03-06,15,0,57,226.08,226.08,0.0,-226080.0,0.0
2019-03-06,15,0,58,434.78,434.78,0.0,-434780.0,0.0
2019-03-06,15,0,59,427.53,427.53,0.0,-427530.0,0.0
2019-03-06,15,0,63,51.0,51.0,0.0,5701.377242,0.0
2019-03-06,15,0,64,60.0,60.0,0.0,6707.502638,0.0
2019-03-06,15,0,65,11.61,11.61,0.0,267.206748,0.0
2019-03-06,15,0,67,399.51,399.51,0.0,-221367.790017,0.0
2019-03-06,15,0,68,34.0,34.0,0.0,-13888.626636,0.0
2019-03-06,15,0,69,2.21,2.21,0.0,60.267698,0.0
2019-03-06,15,0,74,83.34,83.34,0.0,850.865771,0.0
2019-03-06,15,0,77,60.0,60.0,0.0,-17177.753827,0.0
2019-03-06,15,0,78,45.36,45.36,0.0,-12986.381893,0.0
2019-03-06,15,0,79,26.25,26.25,0.0,-7515.267299,0.0
2019-03-06,15,0,80,42.45,42.45,0.0,-12153.260833,0.0
2019-03-06,15,0,81,55.5,55.5,0.0,-15889.42229,0.0
2019-03-06,15,0,82,39.15,39.15,0.0,-11208.484372,0.0
2019-03-06,15,0,83,87.3,87.3,0.0,-24993.631819,0.0
2019-03-06,15,0,84,0.0,0.0,0.0,-0.0,0.0
2019-03-06,15,0,86,11.17,11.17,0.0,304.610946,0.0
2019-03-06,15,0,87,57.04,57.04,0.0,1555.506567,0.0
2019-03-06,15,0,88,51.18,51.18,0.0,-14652.624015,0.0
2019-03-06,15,0,89,49.2,49.2,0.0,-14085.758138,0.0
2019-03-06,15,0,90,66.06,66.06,0.0,-18912.706964,0.0
2019-03-06,15,0,91,235.65,235.65,0.0,-67465.628157,0.0
2019-03-06,15,0,92,84.75,84.75,0.0,-24263.577281,0.0
2019-03-06,15,0,95,120.0,120.0,0.0,2333.493576,0.0
2019-03-06,15,0,96,29.88,29.88,0.0,1001.484673,0.0
2019-03-06,15,0,97,183.75,183.75,0.0,6158.728539,0.0
2019-03-06,15,0,99,16.09,16.09,0.0,164.272021,0.0
2019-03-06,15,0,101,16.23,16.23,0.0,-16230.0,0.0
2019-03-06,15,0,102,80.5,80.5,0.0,-32883.366007,0.0
2019-03-06,15,0,103,70.0,70.0,0.0,-28594.23131,0.0
2019-03-06,15,0,104,13.0,13.0,0.0,-5310.357243,0.0
2019-03-06,15,0,106,264.22,264.22,0.0,-104134.301319,0.0
2019-03-06,15,0,109,60.0,60.0,0.0,-187.937638,0.0
2019-03-06,15,0,110,338.6,338.6,0.0,-338600.0,0.0
2019-03-06,15,0,111,22.37,22.37,0.0,-325.534304,0.0
2019-03-06,15,0,113,45.0,45.0,0.0,-11692.087948,0.0
2019-03-06,15,0,115,45.0,45.0,0.0,-11692.087948,0.0
2019-03-06,15,0,116,145.28,145.28,0.0,-145280.0,0.0
2019-03-06,15,0,117,3.0,3.0,0.0,-779.47253,0.0
2019-03-06,15,0,119,60.0,60.0,0.0,6707.502638,0.0
2019-03-06,15,0,120,35.28,35.28,0.0,3944.011551,0.0
2019-03-06,15,0,123,4.4,4.4,0.0,-1734.126583,0.0
2019-03-06,15,0,125,52.26,52.26,0.0,-20596.694372,0.0
2019-03-06,15,0,126,198.16,198.16,0.0,-78098.755391,0.0
2019-03-06,15,0,127,254.31,254.31,0.0,-100228.57531,0.0
2019-03-06,15,0,128,74.85,74.85,0.0,-29499.857898,0.0
2019-03-06,15,0,131,73.62,73.62,0.0,-27210.04617,0.0
2019-03-06,15,0,132,108.35,108.35,0.0,-40046.298594,0.0
2019-03-06,15,0,133,12.93,12.93,0.0,299.917216,0.0
2019-03-06,15,0,134,0.0,0.0,0.0,0.0,0.0
2019-03-06,15,0,135,17.33,17.33,0.0,401.977212,0.0
2019-03-06,15,0,136,17.72,17.72,0.0,407.669536,0.0
2019-03-06,15,0,139,76.67,76.67,0.0,-1115.722623,0.0
2019-03-06,15,0,140,250.6,250.6,0.0,-250600.0,0.0
2019-03-06,15,0,141,230.0,230.0,0.0,-127442.59644,0.0
2019-03-06,15,0,142,526.86,526.86,0.0,-291932.201567,0.0
2019-03-06,15,0,143,84.32,84.32,0.0,-84320.0,0.0
2019-03-06,15,0,145,30.0,30.0,0.0,-266.183135,0.0
2019-03-06,15,0,146,268.0,268.0,0.0,-268000.0,0.0
2019-03-06,15,0,152,8.58,8.58,0.0,201.822647,0.0
2019-03-06,15,0,153,10.95,10.95,0.0,258.847956,0.0
2019-03-06,15,0,154,92.26,92.26,0.0,-1342.592529,0.0
2019-03-06,15,0,157,250.0,250.0,0.0,-138524.561348,0.0
2019-03-06,15,0,158,461.8,461.8,0.0,-255882.569722,0.0
2019-03-06,15,0,159,0.0,0.0,0.0,0.0,0.0
2019-03-06,15,0,160,3.74,3.74,0.0,23.366726,0.0
2019-03-06,15,0,161,66.44,66.44,0.0,-27140.010403,0.0
2019-03-06,15,0,162,162.5,162.5,0.0,3290.977699,0.0
2019-03-06,15,0,163,142.89,142.89,0.0,-142890.0,0.0
2019-03-06,15,0,164,28.09,28.09,0.0,-28090.0,0.0
2019-03-06,15,0,167,8.65,8.65,0.0,141.841741,0.0
2019-03-06,15,0,168,4.33,4.33,0.0,71.00286,0.0
2019-03-06,15,0,169,0.0,0.0,0.0,0.0,0.0
2019-03-06,15,0,170,9.46,9.46,0.0,155.124031,0.0
2019-03-06,15,0,172,11.61,11.61,0.0,131.9739,0.0
2019-03-06,15,0,173,17.69,17.69,0.0,201.086847,0.0
2019-03-06,15,0,188,15.52,15.52,0.0,337.903416,0.0
2019-03-06,15,0,190,12.57,12.57,0.0,407.614393,0.0
2019-03-06,15,0,191,32.48,32.48,0.0,1053.247055,0.0
2019-03-06,15,0,192,332.6,332.6,0.0,10785.405497,0.0
2019-03-06,15,0,194,52.95,52.95,0.0,-6710.90356,0.0
2019-03-06,15,0,196,8.18,8.18,0.0,2172.640498,0.0
2019-03-06,15,0,198,16.61,16.61,0.0,198.22334,0.0
2019-03-06,15,0,199,124.56,124.56,0.0,-3505.662241,0.0
2019-03-06,15,0,200,29.47,29.47,0.0,-829.414469,0.0
2019-03-06,15,0,204,257.1,257.1,0.0,-878.632869,0.0
2019-03-06,15,0,205,317.4,317.4,0.0,-994.190107,0.0
2019-03-06,15,0,206,539.94,539.94,0.0,18097.109591,0.0
2019-03-06,15,0,210,3.56,3.56,0.0,18.832873,0.0
2019-03-06,15,0,214,15.88,15.88,0.0,466.805919,0.0
2019-03-06,15,0,217,12.54,12.54,0.0,242.67824,0.0
2019-03-06,15,0,218,17.3,17.3,0.0,334.795339,0.0
2019-03-06,15,0,219,11.79,11.79,0.0,228.163991,0.0
2019-03-06,15,0,221,8.47,8.47,0.0,248.982754,0.0
2019-03-06,15,0,225,9.35,9.35,0.0,43.861823,0.0
2019-03-06,15,0,233,6.32,6.32,0.0,172.349255,0.0
2019-03-06,15,0,236,15.18,15.18,0.0,336.772206,0.0
2019-03-06,15,0,237,199.92,199.92,0.0,2041.097731,0.0
2019-03-06,15,0,238,64.36,64.36,0.0,1434.793879,0.0
2019-03-06,15,0,240,15.99,15.99,0.0,2.878806,0.0
2019-03-06,15,0,245,23.25,23.25,0.0,553.015851,0.0
2019-03-06,15,0,247,25.57,25.57,0.0,608.198508,0.0
2019-03-06,15,0,248,20.07,20.07,0.0,204.90612,0.0
2019-03-06,15,0,249,44.72,44.72,0.0,1063.693285,0.0
2019-03-06,15,0,251,43.23,43.23,0.0,983.25748,0.0
2019-03-06,15,0,252,74.9,74.9,0.0,1723.840263,0.0
2019-03-06,15,0,254,22.19,22.19,0.0,67.152271,0.0
2019-03-06,15,0,255,10.17,10.17,0.0,30.776863,0.0
2019-03-06,15,0,258,20.28,20.28,0.0,9.43874,0.0
2019-03-06,15,0,260,9.09,9.09,0.0,56.792389,0.0
2019-03-06,15,0,265,95.52,95.52,0.0,-1390.032933,0.0
2019-03-06,15,0,266,49.03,49.03,0.0,-713.497851,0.0
2019-03-06,15,0,267,60.63,60.63,0.0,-882.304195,0.0
2019-03-06,15,0,270,466.38,466.38,0.0,-466380.0,0.0
2019-03-06,15,0,272,150.39,150.39,0.0,-39074.957924,0.0
2019-03-06,15,0,273,34.74,34.74,0.0,-34740.0,0.0
2019-03-06,15,0,274,614.3,614.3,0.0,-614300.0,0.0
2019-03-06,15,0,275,881.73,881.73,0.0,-881730.0,0.0
2019-03-06,15,0,276,7.67,7.67,0.0,-6906.371351,0.0
2019-03-06,15,0,277,9.67,9.67,0.0,-2615.126917,0.0
2019-03-06,15,0,278,15.47,15.47,0.0,-4183.662193,0.0
2019-03-06,15,0,279,264.6,264.6,0.0,-71557.661044,0.0
2019-03-06,15,0,281,41.31,41.31,0.0,-41310.0,0.0
2019-03-06,15,0,282,442.02,442.02,0.0,-442020.0,0.0
2019-03-06,16,0,9,3.98,3.98,0.0,-1902.642802,0.0
2019-03-06,16,0,17,24.84,24.84,0.0,1999.924826,0.0
2019-03-06,16,0,19,124.3,124.3,0.0,10007.675357,0.0
2019-03-06,16,0,20,156.88,156.88,0.0,12630.765165,0.0
2019-03-06,16,0,21,91.01,91.01,0.0,-43507.417438,0.0
2019-03-06,16,0,22,323.44,323.44,0.0,-154620.800968,0.0
2019-03-06,16,0,23,32.64,32.64,0.0,-15603.58318,0.0
2019-03-06,16,0,24,57.75,57.75,0.0,-27607.442666,0.0
2019-03-06,16,0,29,7.05,7.05,0.0,23.807032,0.0
2019-03-06,16,0,30,758.28,758.28,0.0,-758280.0,0.0
2019-03-06,16,0,31,89.35,89.35,0.0,-89350.0,0.0
2019-03-06,16,0,32,6.36,6.36,0.0,286.060221,0.0
2019-03-06,16,0,33,1.74,1.74,0.0,226.244433,0.0
2019-03-06,16,0,34,2.78,2.78,0.0,361.470991,0.0
2019-03-06,16,0,35,2.78,2.78,0.0,361.470991,0.0
2019-03-06,16,0,36,10.08,10.08,0.0,-38.079288,0.0
2019-03-06,16,0,37,4.59,4.59,0.0,-27.527223,0.0
2019-03-06,16,0,38,5.9,5.9,0.0,-35.383577,0.0
2019-03-06,16,0,39,3.93,3.93,0.0,-23.56906,0.0
2019-03-06,16,0,40,3.93,3.93,0.0,-23.56906,0.0
2019-03-06,16,0,41,82.36,82.36,0.0,-7239.601418,0.0
2019-03-06,16,0,42,44.9,44.9,0.0,3133.100967,0.0
2019-03-06,16,0,43,30.74,30.74,0.0,-22.450818,0.0
2019-03-06,16,0,46,29.91,29.91,0.0,-630.162646,0.0
2019-03-06,16,0,52,94.71,94.71,0.0,-94710.0,0.0
2019-03-06,16,0,53,150.47,150.47,0.0,-150470.0,0.0
2019-03-06,16,0,55,623.0,623.0,0.0,-297825.745125,0.0
2019-03-06,16,0,56,223.66,223.66,0.0,-223660.0,0.0
2019-03-06,16,0,57,212.75,212.75,0.0,-212750.0,0.0
2019-03-06,16,0,58,409.14,409.14,0.0,-409140.0,0.0
2019-03-06,16,0,59,402.32,402.32,0.0,-402320.0,0.0
2019-03-06,16,0,63,51.0,51.0,0.0,6145.933502,0.0
2019-03-06,16,0,64,60.0,60.0,0.0,7230.510002,0.0
2019-03-06,16,0,65,9.99,9.99,0.0,784.400179,0.0
2019-03-06,16,0,67,410.76,410.76,0.0,-217060.714922,0.0
2019-03-06,16,0,68,34.0,34.0,0.0,-12731.227788,0.0
2019-03-06,16,0,69,1.74,1.74,0.0,226.244433,0.0
2019-03-06,16,0,74,71.09,71.09,0.0,1640.11381,0.0
2019-03-06,16,0,77,60.0,60.0,0.0,-14261.446787,0.0
2019-03-06,16,0,78,45.36,45.36,0.0,-10781.653771,0.0
2019-03-06,16,0,79,26.25,26.25,0.0,-6239.382969,0.0
2019-03-06,16,0,80,42.45,42.45,0.0,-10089.973602,0.0
2019-03-06,16,0,81,55.5,55.5,0.0,-13191.838278,0.0
2019-03-06,16,0,82,39.15,39.15,0.0,-9305.594029,0.0
2019-03-06,16,0,83,87.3,87.3,0.0,-20750.405075,0.0
2019-03-06,16,0,84,0.0,0.0,0.0,-0.0,0.0
2019-03-06,16,0,86,8.81,8.81,0.0,1145.524975,0.0
2019-03-06,16,0,87,44.99,44.99,0.0,5849.848881,0.0
2019-03-06,16,0,88,51.18,51.18,0.0,-12165.014109,0.0
2019-03-06,16,0,89,49.2,49.2,0.0,-11694.386365,0.0
2019-03-06,16,0,90,66.06,66.06,0.0,-15701.852913,0.0
2019-03-06,16,0,91,235.65,235.65,0.0,-56011.832256,0.0
2019-03-06,16,0,92,84.75,84.75,0.0,-20144.293587,0.0
2019-03-06,16,0,95,120.0,120.0,0.0,2333.493576,0.0
2019-03-06,16,0,96,29.88,29.88,0.0,-3375.118978,0.0
2019-03-06,16,0,97,183.75,183.75,0.0,-20755.626247,0.0
2019-03-06,16,0,99,15.59,15.59,0.0,359.676105,0.0
2019-03-06,16,0,101,15.27,15.27,0.0,-15270.0,0.0
2019-03-06,16,0,102,80.5,80.5,0.0,-30143.054028,0.0
2019-03-06,16,0,103,70.0,70.0,0.0,-26211.351329,0.0
2019-03-06,16,0,104,13.0,13.0,0.0,-4867.82239,0.0
2019-03-06,16,0,106,318.39,318.39,0.0,-152206.643644,0.0
2019-03-06,16,0,109,60.0,60.0,0.0,-2347.610856,0.0
2019-03-06,16,0,110,0.0,0.0,0.0,-0.0,0.0
2019-03-06,16,0,111,19.68,19.68,0.0,-1729.909615,0.0
2019-03-06,16,0,113,45.0,45.0,0.0,-10549.427696,0.0
2019-03-06,16,0,115,45.0,45.0,0.0,-10549.427696,0.0
2019-03-06,16,0,116,139.79,139.79,0.0,-139790.0,0.0
2019-03-06,16,0,117,3.0,3.0,0.0,-703.29518,0.0
2019-03-06,16,0,119,60.0,60.0,0.0,7230.510002,0.0
2019-03-06,16,0,120,35.28,35.28,0.0,4251.539881,0.0
2019-03-06,16,0,123,5.31,5.31,0.0,-2538.450572,0.0
2019-03-06,16,0,125,52.26,52.26,0.0,-24982.942922,0.0
2019-03-06,16,0,126,238.8,238.8,0.0,-114158.568115,0.0
2019-03-06,16,0,127,306.45,306.45,0.0,-146498.715239,0.0
2019-03-06,16,0,128,74.85,74.85,0.0,-35782.114001,0.0
2019-03-06,16,0,131,30.0,30.0,0.0,-9999.665034,0.0
2019-03-06,16,0,132,44.1,44.1,0.0,-14699.5076,0.0
2019-03-06,16,0,133,15.14,15.14,0.0,1221.799692,0.0
2019-03-06,16,0,134,0.0,0.0,0.0,0.0,0.0
2019-03-06,16,0,135,19.24,19.24,0.0,1552.670151,0.0
2019-03-06,16,0,136,16.04,16.04,0.0,1257.681714,0.0
2019-03-06,16,0,139,107.25,107.25,0.0,-9427.479991,0.0
2019-03-06,16,0,140,0.0,0.0,0.0,-0.0,0.0
2019-03-06,16,0,141,230.0,230.0,0.0,-121540.472373,0.0
2019-03-06,16,0,142,541.69,541.69,0.0,-286248.949913,0.0
2019-03-06,16,0,143,82.81,82.81,0.0,-82810.0,0.0
2019-03-06,16,0,145,30.0,30.0,0.0,-3286.259317,0.0
2019-03-06,16,0,146,268.0,268.0,0.0,-268000.0,0.0
2019-03-06,16,0,152,7.08,7.08,0.0,166.538968,0.0
2019-03-06,16,0,153,8.83,8.83,0.0,184.900933,0.0
2019-03-06,16,0,154,81.19,81.19,0.0,-7136.756181,0.0
2019-03-06,16,0,157,250.0,250.0,0.0,-132109.209102,0.0
2019-03-06,16,0,158,398.71,398.71,0.0,-210693.051044,0.0
2019-03-06,16,0,159,0.0,0.0,0.0,0.0,0.0
2019-03-06,16,0,160,2.41,2.41,0.0,46.34725,0.0
2019-03-06,16,0,161,76.05,76.05,0.0,-28476.760979,0.0
2019-03-06,16,0,162,162.5,162.5,0.0,3305.34248,0.0
2019-03-06,16,0,163,146.36,146.36,0.0,-146360.0,0.0
2019-03-06,16,0,164,26.87,26.87,0.0,-26870.0,0.0
2019-03-06,16,0,167,7.01,7.01,0.0,113.06319,0.0
2019-03-06,16,0,168,3.51,3.51,0.0,56.612239,0.0
2019-03-06,16,0,169,0.0,0.0,0.0,0.0,0.0
2019-03-06,16,0,170,7.67,7.67,0.0,123.708227,0.0
2019-03-06,16,0,172,9.44,9.44,0.0,61.02384,0.0
2019-03-06,16,0,173,14.38,14.38,0.0,92.957926,0.0
2019-03-06,16,0,188,12.94,12.94,0.0,297.419405,0.0
2019-03-06,16,0,190,11.89,11.89,0.0,385.563654,0.0
2019-03-06,16,0,191,30.71,30.71,0.0,995.850279,0.0
2019-03-06,16,0,192,332.6,332.6,0.0,10785.405497,0.0
2019-03-06,16,0,194,52.95,52.95,0.0,-6182.869057,0.0
2019-03-06,16,0,196,6.77,6.77,0.0,1905.783437,0.0
2019-03-06,16,0,198,10.54,10.54,0.0,429.089695,0.0
2019-03-06,16,0,199,130.0,130.0,0.0,-21363.224392,0.0
2019-03-06,16,0,200,24.43,24.43,0.0,-4014.642861,0.0
2019-03-06,16,0,204,257.1,257.1,0.0,-11584.107938,0.0
2019-03-06,16,0,205,317.4,317.4,0.0,-12418.861428,0.0
2019-03-06,16,0,206,539.94,539.94,0.0,-60989.348766,0.0
2019-03-06,16,0,210,2.77,2.77,0.0,-27.884447,0.0
2019-03-06,16,0,214,8.64,8.64,0.0,1376.769977,0.0
2019-03-06,16,0,217,6.42,6.42,0.0,655.389802,0.0
2019-03-06,16,0,218,8.86,8.86,0.0,904.478761,0.0
2019-03-06,16,0,219,6.03,6.03,0.0,615.576403,0.0
2019-03-06,16,0,221,4.61,4.61,0.0,734.596018,0.0
2019-03-06,16,0,225,5.1,5.1,0.0,23.843319,0.0
2019-03-06,16,0,233,4.99,4.99,0.0,648.827426,0.0
2019-03-06,16,0,236,18.01,18.01,0.0,956.873798,0.0
2019-03-06,16,0,237,162.59,162.59,0.0,3751.105701,0.0
2019-03-06,16,0,238,58.43,58.43,0.0,4077.218029,0.0
2019-03-06,16,0,240,11.42,11.42,0.0,-43.141415,0.0
2019-03-06,16,0,245,23.12,23.12,0.0,2030.949133,0.0
2019-03-06,16,0,247,24.84,24.84,0.0,2182.040504,0.0
2019-03-06,16,0,248,19.15,19.15,0.0,441.808686,0.0
2019-03-06,16,0,249,44.46,44.46,0.0,3905.536265,0.0
2019-03-06,16,0,251,33.76,33.76,0.0,2540.276416,0.0
2019-03-06,16,0,252,64.44,64.44,0.0,5059.734488,0.0
2019-03-06,16,0,254,14.24,14.24,0.0,60.928964,0.0
2019-03-06,16,0,255,6.53,6.53,0.0,27.940038,0.0
2019-03-06,16,0,258,14.23,14.23,0.0,-46.753139,0.0
2019-03-06,16,0,260,5.86,5.86,0.0,112.694972,0.0
2019-03-06,16,0,265,84.07,84.07,0.0,-7389.913686,0.0
2019-03-06,16,0,266,68.38,68.38,0.0,-6010.732697,0.0
2019-03-06,16,0,267,84.71,84.71,0.0,-7446.170909,0.0
2019-03-06,16,0,270,395.58,395.58,0.0,-395580.0,0.0
2019-03-06,16,0,272,150.39,150.39,0.0,-35256.18736,0.0
2019-03-06,16,0,273,33.43,33.43,0.0,-33430.0,0.0
2019-03-06,16,0,274,493.67,493.67,0.0,-493670.0,0.0
2019-03-06,16,0,275,661.83,661.83,0.0,-661830.0,0.0
2019-03-06,16,0,276,7.1,7.1,0.0,-6352.440286,0.0
2019-03-06,16,0,277,7.5,7.5,0.0,-1768.037502,0.0
2019-03-06,16,0,278,12.0,12.0,0.0,-2828.860003,0.0
2019-03-06,16,0,279,604.22,604.22,0.0,-142437.815929,0.0
2019-03-06,16,0,281,40.1,40.1,0.0,-40100.0,0.0
2019-03-06,16,0,282,415.96,415.96,0.0,-415960.0,0.0
2019-03-06,17,0,9,3.04,3.04,0.0,-1191.982031,0.0
2019-03-06,17,0,17,18.22,18.22,0.0,492.687149,0.0
2019-03-06,17,0,19,87.16,87.16,0.0,2356.894178,0.0
2019-03-06,17,0,20,104.96,104.96,0.0,2838.224104,0.0
2019-03-06,17,0,21,69.42,69.42,0.0,-27219.537036,0.0
2019-03-06,17,0,22,246.73,246.73,0.0,-96742.673192,0.0
2019-03-06,17,0,23,47.2,47.2,0.0,-18507.089428,0.0
2019-03-06,17,0,24,83.96,83.96,0.0,-32920.661619,0.0
2019-03-06,17,0,29,5.03,5.03,0.0,18.811149,0.0
2019-03-06,17,0,30,583.63,583.63,0.0,-583630.0,0.0
2019-03-06,17,0,31,115.3,115.3,0.0,-115300.0,0.0
2019-03-06,17,0,32,4.71,4.71,0.0,196.939713,0.0
2019-03-06,17,0,33,1.28,1.28,0.0,42.249851,0.0
2019-03-06,17,0,34,2.04,2.04,0.0,67.3357,0.0
2019-03-06,17,0,35,2.04,2.04,0.0,67.3357,0.0
2019-03-06,17,0,36,7.63,7.63,0.0,48.649548,0.0
2019-03-06,17,0,37,3.47,3.47,0.0,22.084964,0.0
2019-03-06,17,0,38,4.46,4.46,0.0,28.385861,0.0
2019-03-06,17,0,39,2.97,2.97,0.0,18.902692,0.0
2019-03-06,17,0,40,2.97,2.97,0.0,18.902692,0.0
2019-03-06,17,0,41,34.8,34.8,0.0,-347.962233,0.0
2019-03-06,17,0,42,33.59,33.59,0.0,864.863164,0.0
2019-03-06,17,0,43,23.4,23.4,0.0,177.071463,0.0
2019-03-06,17,0,46,22.58,22.58,0.0,113.074562,0.0
2019-03-06,17,0,52,122.22,122.22,0.0,-122220.0,0.0
2019-03-06,17,0,53,194.17,194.17,0.0,-194170.0,0.0
2019-03-06,17,0,55,623.0,623.0,0.0,-244277.896481,0.0
2019-03-06,17,0,56,172.15,172.15,0.0,-172150.0,0.0
2019-03-06,17,0,57,163.75,163.75,0.0,-163750.0,0.0
2019-03-06,17,0,58,314.91,314.91,0.0,-314910.0,0.0
2019-03-06,17,0,59,309.66,309.66,0.0,-309660.0,0.0
2019-03-06,17,0,63,95.49,95.49,0.0,10578.973627,0.0
2019-03-06,17,0,64,112.31,112.31,0.0,12442.397403,0.0
2019-03-06,17,0,65,8.02,8.02,0.0,214.942001,0.0
2019-03-06,17,0,67,309.44,309.44,0.0,-172047.630334,0.0
2019-03-06,17,0,68,19.11,19.11,0.0,-7854.352617,0.0
2019-03-06,17,0,69,1.28,1.28,0.0,42.249851,0.0
2019-03-06,17,0,74,40.95,40.95,0.0,600.533352,0.0
2019-03-06,17,0,77,60.0,60.0,0.0,-17349.726872,0.0
2019-03-06,17,0,78,45.36,45.36,0.0,-13116.393515,0.0
2019-03-06,17,0,79,26.25,26.25,0.0,-7590.505506,0.0
2019-03-06,17,0,80,42.45,42.45,0.0,-12274.931762,0.0
2019-03-06,17,0,81,55.5,55.5,0.0,-16048.497356,0.0
2019-03-06,17,0,82,39.15,39.15,0.0,-11320.696784,0.0
2019-03-06,17,0,83,87.3,87.3,0.0,-25243.852598,0.0
2019-03-06,17,0,84,0.0,0.0,0.0,0.0,0.0
2019-03-06,17,0,86,6.47,6.47,0.0,213.559793,0.0
2019-03-06,17,0,87,33.01,33.01,0.0,1089.584045,0.0
2019-03-06,17,0,88,51.18,51.18,0.0,-14799.317021,0.0
2019-03-06,17,0,89,49.2,49.2,0.0,-14226.776035,0.0
2019-03-06,17,0,90,66.06,66.06,0.0,-19102.049286,0.0
2019-03-06,17,0,91,235.65,235.65,0.0,-68141.052288,0.0
2019-03-06,17,0,92,84.75,84.75,0.0,-24506.489206,0.0
2019-03-06,17,0,95,120.0,120.0,0.0,2333.493576,0.0
2019-03-06,17,0,96,29.88,29.88,0.0,1102.363957,0.0
2019-03-06,17,0,97,183.75,183.75,0.0,6779.095621,0.0
2019-03-06,17,0,99,8.33,8.33,0.0,122.159776,0.0
2019-03-06,17,0,101,11.76,11.76,0.0,-11760.0,0.0
2019-03-06,17,0,102,45.19,45.19,0.0,-18573.427251,0.0
2019-03-06,17,0,103,39.3,39.3,0.0,-16152.593294,0.0
2019-03-06,17,0,104,7.33,7.33,0.0,-3012.684703,0.0
2019-03-06,17,0,106,242.88,242.88,0.0,-95233.090686,0.0
2019-03-06,17,0,109,60.0,60.0,0.0,149.126332,0.0
2019-03-06,17,0,110,338.6,338.6,0.0,-338600.0,0.0
2019-03-06,17,0,111,15.25,15.25,0.0,-152.48345,0.0
2019-03-06,17,0,113,45.0,45.0,0.0,-11851.63056,0.0
2019-03-06,17,0,115,45.0,45.0,0.0,-11851.63056,0.0
2019-03-06,17,0,116,104.41,104.41,0.0,-104410.0,0.0
2019-03-06,17,0,117,3.0,3.0,0.0,-790.108704,0.0
2019-03-06,17,0,119,112.31,112.31,0.0,12442.397403,0.0
2019-03-06,17,0,120,66.1,66.1,0.0,7322.967397,0.0
2019-03-06,17,0,123,4.05,4.05,0.0,-1588.002377,0.0
2019-03-06,17,0,125,75.89,75.89,0.0,-29756.419846,0.0
2019-03-06,17,0,126,182.16,182.16,0.0,-71424.818014,0.0
2019-03-06,17,0,127,233.77,233.77,0.0,-91661.065587,0.0
2019-03-06,17,0,128,109.23,109.23,0.0,-42829.012251,0.0
2019-03-06,17,0,131,30.0,30.0,0.0,-11168.558808,0.0
2019-03-06,17,0,132,44.1,44.1,0.0,-16417.781447,0.0
2019-03-06,17,0,133,27.04,27.04,0.0,731.80091,0.0
2019-03-06,17,0,134,0.0,0.0,0.0,0.0,0.0
2019-03-06,17,0,135,35.4,35.4,0.0,958.052967,0.0
2019-03-06,17,0,136,12.04,12.04,0.0,322.522205,0.0
2019-03-06,17,0,139,44.94,44.94,0.0,-449.351228,0.0
2019-03-06,17,0,140,250.6,250.6,0.0,-250600.0,0.0
2019-03-06,17,0,141,230.0,230.0,0.0,-127879.249537,0.0
2019-03-06,17,0,142,408.07,408.07,0.0,-226885.588516,0.0
2019-03-06,17,0,143,136.6,136.6,0.0,-136600.0,0.0
2019-03-06,17,0,145,30.0,30.0,0.0,-143.079632,0.0
2019-03-06,17,0,146,268.0,268.0,0.0,-268000.0,0.0
2019-03-06,17,0,152,5.31,5.31,0.0,124.904226,0.0
2019-03-06,17,0,153,6.63,6.63,0.0,155.341316,0.0
2019-03-06,17,0,154,62.91,62.91,0.0,-629.031726,0.0
2019-03-06,17,0,157,250.0,250.0,0.0,-138999.18428,0.0
2019-03-06,17,0,158,314.82,314.82,0.0,-175038.89278,0.0
2019-03-06,17,0,159,0.0,0.0,0.0,0.0,0.0
2019-03-06,17,0,160,1.81,1.81,0.0,20.213918,0.0
2019-03-06,17,0,161,57.03,57.03,0.0,-23439.755612,0.0
2019-03-06,17,0,162,162.5,162.5,0.0,3286.179118,0.0
2019-03-06,17,0,163,185.4,185.4,0.0,-185400.0,0.0
2019-03-06,17,0,164,20.64,20.64,0.0,-20640.0,0.0
2019-03-06,17,0,167,5.25,5.25,0.0,86.097701,0.0
2019-03-06,17,0,168,2.62,2.62,0.0,42.966853,0.0
2019-03-06,17,0,169,0.0,0.0,0.0,0.0,0.0
2019-03-06,17,0,170,5.74,5.74,0.0,94.133487,0.0
2019-03-06,17,0,172,7.09,7.09,0.0,107.450102,0.0
2019-03-06,17,0,173,10.81,10.81,0.0,163.827306,0.0
2019-03-06,17,0,188,9.78,9.78,0.0,224.130518,0.0
2019-03-06,17,0,190,8.91,8.91,0.0,288.929534,0.0
2019-03-06,17,0,191,23.02,23.02,0.0,746.482365,0.0
2019-03-06,17,0,192,332.6,332.6,0.0,10785.405497,0.0
2019-03-06,17,0,194,52.95,52.95,0.0,-6956.61984,0.0
2019-03-06,17,0,196,5.06,5.06,0.0,1333.255295,0.0
2019-03-06,17,0,198,7.93,7.93,0.0,120.174396,0.0
2019-03-06,17,0,199,122.98,122.98,0.0,-9793.522027,0.0
2019-03-06,17,0,200,18.26,18.26,0.0,-1454.136544,0.0
2019-03-06,17,0,204,257.1,257.1,0.0,511.369457,0.0
2019-03-06,17,0,205,317.4,317.4,0.0,788.878296,0.0
2019-03-06,17,0,206,539.94,539.94,0.0,19920.026609,0.0
2019-03-06,17,0,210,2.02,2.02,0.0,3.160293,0.0
2019-03-06,17,0,214,6.39,6.39,0.0,232.240009,0.0
2019-03-06,17,0,217,4.7,4.7,0.0,111.100962,0.0
2019-03-06,17,0,218,6.48,6.48,0.0,153.177497,0.0
2019-03-06,17,0,219,4.42,4.42,0.0,104.482181,0.0
2019-03-06,17,0,221,3.41,3.41,0.0,123.934027,0.0
2019-03-06,17,0,225,3.7,3.7,0.0,14.614501,0.0
2019-03-06,17,0,233,3.66,3.66,0.0,120.808167,0.0
2019-03-06,17,0,236,11.56,11.56,0.0,284.164889,0.0
2019-03-06,17,0,237,101.2,101.2,0.0,1484.10196,0.0
2019-03-06,17,0,238,43.71,43.71,0.0,1125.429261,0.0
2019-03-06,17,0,240,8.64,8.64,0.0,55.089396,0.0
2019-03-06,17,0,245,18.41,18.41,0.0,514.090214,0.0
2019-03-06,17,0,247,19.63,19.63,0.0,548.158115,0.0
2019-03-06,17,0,248,10.3,10.3,0.0,151.049903,0.0
2019-03-06,17,0,249,35.4,35.4,0.0,988.527624,0.0
2019-03-06,17,0,251,30.29,30.29,0.0,799.84632,0.0
2019-03-06,17,0,252,51.73,51.73,0.0,1386.402709,0.0
2019-03-06,17,0,254,10.7,10.7,0.0,90.636631,0.0
2019-03-06,17,0,255,4.91,4.91,0.0,41.591202,0.0
2019-03-06,17,0,258,10.81,10.81,0.0,71.004997,0.0
2019-03-06,17,0,260,4.4,4.4,0.0,49.138806,0.0
2019-03-06,17,0,265,65.13,65.13,0.0,-651.229317,0.0
2019-03-06,17,0,266,29.1,29.1,0.0,-290.968419,0.0
2019-03-06,17,0,267,35.76,35.76,0.0,-357.561191,0.0
2019-03-06,17,0,270,578.99,578.99,0.0,-578990.0,0.0
2019-03-06,17,0,272,150.39,150.39,0.0,-39608.14933,0.0
2019-03-06,17,0,273,24.97,24.97,0.0,-24970.0,0.0
2019-03-06,17,0,274,746.39,746.39,0.0,-746390.0,0.0
2019-03-06,17,0,275,1038.99,1038.99,0.0,-1038990.0,0.0
2019-03-06,17,0,276,5.23,5.23,0.0,-4711.515809,0.0
2019-03-06,17,0,277,5.61,5.61,0.0,-1535.514312,0.0
2019-03-06,17,0,278,8.98,8.98,0.0,-2457.917741,0.0
2019-03-06,17,0,279,264.6,264.6,0.0,-72423.723187,0.0
2019-03-06,17,0,281,51.75,51.75,0.0,-51750.0,0.0
2019-03-06,17,0,282,320.15,320.15,0.0,-320150.0,0.0
2019-03-06,18,0,9,1.83,1.83,0.0,9.99248,0.0
2019-03-06,18,0,17,10.86,10.86,0.0,114.593632,0.0
2019-03-06,18,0,19,88.84,88.84,0.0,937.430779,0.0
2019-03-06,18,0,20,108.19,108.19,0.0,1141.610041,0.0
2019-03-06,18,0,21,41.83,41.83,0.0,228.407336,0.0
2019-03-06,18,0,22,148.65,148.65,0.0,811.684208,0.0
2019-03-06,18,0,23,94.93,94.93,0.0,518.353057,0.0
2019-03-06,18,0,24,168.46,168.46,0.0,919.854166,0.0
2019-03-06,18,0,29,2.98,2.98,0.0,14.489871,0.0
2019-03-06,18,0,30,365.8,365.8,0.0,1986.549574,0.0
2019-03-06,18,0,31,92.34,92.34,0.0,501.470715,0.0
2019-03-06,18,0,32,2.82,2.82,0.0,121.572634,0.0
2019-03-06,18,0,33,0.76,0.76,0.0,8.80425,0.0
2019-03-06,18,0,34,1.22,1.22,0.0,14.133138,0.0
2019-03-06,18,0,35,1.22,1.22,0.0,14.133138,0.0
2019-03-06,18,0,36,4.63,4.63,0.0,40.847745,0.0
2019-03-06,18,0,37,2.05,2.05,0.0,17.999372,0.0
2019-03-06,18,0,38,2.63,2.63,0.0,23.091877,0.0
2019-03-06,18,0,39,1.75,1.75,0.0,15.365317,0.0
2019-03-06,18,0,40,1.75,1.75,0.0,15.365317,0.0
2019-03-06,18,0,41,34.8,34.8,0.0,244.920911,0.0
2019-03-06,18,0,42,19.34,19.34,0.0,199.744677,0.0
2019-03-06,18,0,43,13.79,13.79,0.0,123.110238,0.0
2019-03-06,18,0,46,13.77,13.77,0.0,116.249006,0.0
2019-03-06,18,0,52,97.89,97.89,0.0,531.611093,0.0
2019-03-06,18,0,53,155.55,155.55,0.0,844.745178,0.0
2019-03-06,18,0,55,460.54,460.54,0.0,2514.719443,0.0
2019-03-06,18,0,56,107.9,107.9,0.0,585.972387,0.0
2019-03-06,18,0,57,102.63,102.63,0.0,557.352605,0.0
2019-03-06,18,0,58,197.37,197.37,0.0,1071.856997,0.0
2019-03-06,18,0,59,194.08,194.08,0.0,1053.989998,0.0
2019-03-06,18,0,63,170.0,170.0,0.0,18942.833315,0.0
2019-03-06,18,0,64,200.0,200.0,0.0,22285.686253,0.0
2019-03-06,18,0,65,6.34,6.34,0.0,66.635422,0.0
2019-03-06,18,0,67,190.2,190.2,0.0,-106158.466513,0.0
2019-03-06,18,0,68,10.2,10.2,0.0,-4221.293173,0.0
2019-03-06,18,0,69,0.76,0.76,0.0,8.80425,0.0
2019-03-06,18,0,74,18.88,18.88,0.0,176.600233,0.0
2019-03-06,18,0,77,60.0,60.0,0.0,-17612.013434,0.0
2019-03-06,18,0,78,45.36,45.36,0.0,-13314.682156,0.0
2019-03-06,18,0,79,26.25,26.25,0.0,-7705.255877,0.0
2019-03-06,18,0,80,42.45,42.45,0.0,-12460.499505,0.0
2019-03-06,18,0,81,55.5,55.5,0.0,-16291.112427,0.0
2019-03-06,18,0,82,39.15,39.15,0.0,-11491.838766,0.0
2019-03-06,18,0,83,87.3,87.3,0.0,-25625.479547,0.0
2019-03-06,18,0,84,0.0,0.0,0.0,0.0,0.0
2019-03-06,18,0,86,3.86,3.86,0.0,44.716321,0.0
2019-03-06,18,0,87,19.7,19.7,0.0,228.215419,0.0
2019-03-06,18,0,88,51.18,51.18,0.0,-15023.047459,0.0
2019-03-06,18,0,89,49.2,49.2,0.0,-14441.851016,0.0
2019-03-06,18,0,90,66.06,66.06,0.0,-19390.826791,0.0
2019-03-06,18,0,91,235.65,235.65,0.0,-69171.182763,0.0
2019-03-06,18,0,92,84.75,84.75,0.0,-24876.968976,0.0
2019-03-06,18,0,95,120.0,120.0,0.0,2333.493576,0.0
2019-03-06,18,0,96,29.88,29.88,0.0,161.34267,0.0
2019-03-06,18,0,97,183.75,183.75,0.0,992.192625,0.0
2019-03-06,18,0,99,3.64,3.64,0.0,34.047926,0.0
2019-03-06,18,0,101,7.37,7.37,0.0,40.024249,0.0
2019-03-06,18,0,102,24.15,24.15,0.0,-9994.532366,0.0
2019-03-06,18,0,103,21.0,21.0,0.0,-8690.897709,0.0
2019-03-06,18,0,104,3.9,3.9,0.0,-1614.02386,0.0
2019-03-06,18,0,106,146.33,146.33,0.0,799.016147,0.0
2019-03-06,18,0,109,60.0,60.0,0.0,480.076654,0.0
2019-03-06,18,0,110,338.6,338.6,0.0,-338600.0,0.0
2019-03-06,18,0,111,9.76,9.76,0.0,68.690462,0.0
2019-03-06,18,0,113,45.0,45.0,0.0,-11915.306305,0.0
2019-03-06,18,0,115,45.0,45.0,0.0,-11915.306305,0.0
2019-03-06,18,0,116,62.68,62.68,0.0,-62680.0,0.0
2019-03-06,18,0,117,3.0,3.0,0.0,-794.353754,0.0
2019-03-06,18,0,119,200.0,200.0,0.0,22285.686253,0.0
2019-03-06,18,0,120,117.6,117.6,0.0,13103.983517,0.0
2019-03-06,18,0,123,2.44,2.44,0.0,13.323306,0.0
2019-03-06,18,0,125,152.35,152.35,0.0,831.887582,0.0
2019-03-06,18,0,126,109.75,109.75,0.0,599.275761,0.0
2019-03-06,18,0,127,140.84,140.84,0.0,769.038708,0.0
2019-03-06,18,0,128,218.77,218.77,0.0,1194.56545,0.0
2019-03-06,18,0,131,30.0,30.0,0.0,-11259.513869,0.0
2019-03-06,18,0,132,44.1,44.1,0.0,-16551.485387,0.0
2019-03-06,18,0,133,27.88,27.88,0.0,294.296188,0.0
2019-03-06,18,0,134,0.0,0.0,0.0,0.0,0.0
2019-03-06,18,0,135,37.36,37.36,0.0,394.365337,0.0
2019-03-06,18,0,136,8.96,8.96,0.0,94.152004,0.0
2019-03-06,18,0,139,44.94,44.94,0.0,316.285797,0.0
2019-03-06,18,0,140,250.6,250.6,0.0,-250600.0,0.0
2019-03-06,18,0,141,230.0,230.0,0.0,-128372.488423,0.0
2019-03-06,18,0,142,250.82,250.82,0.0,-139992.989332,0.0
2019-03-06,18,0,143,156.0,156.0,0.0,847.188993,0.0
2019-03-06,18,0,145,30.0,30.0,0.0,191.563698,0.0
2019-03-06,18,0,146,268.0,268.0,0.0,-268000.0,0.0
2019-03-06,18,0,152,3.18,3.18,0.0,29.775566,0.0
2019-03-06,18,0,153,3.97,3.97,0.0,36.95884,0.0
2019-03-06,18,0,154,40.25,40.25,0.0,283.277778,0.0
2019-03-06,18,0,157,250.0,250.0,0.0,-139535.313503,0.0
2019-03-06,18,0,158,196.19,196.19,0.0,-109501.732625,0.0
2019-03-06,18,0,159,0.0,0.0,0.0,0.0,0.0
2019-03-06,18,0,160,1.09,1.09,0.0,10.297742,0.0
2019-03-06,18,0,161,34.76,34.76,0.0,-14385.504971,0.0
2019-03-06,18,0,162,162.5,162.5,0.0,3285.25585,0.0
2019-03-06,18,0,163,185.4,185.4,0.0,-185400.0,0.0
2019-03-06,18,0,164,13.26,13.26,0.0,72.011064,0.0
2019-03-06,18,0,167,3.17,3.17,0.0,51.86506,0.0
2019-03-06,18,0,168,1.58,1.58,0.0,25.850724,0.0
2019-03-06,18,0,169,0.0,0.0,0.0,0.0,0.0
2019-03-06,18,0,170,3.47,3.47,0.0,56.773426,0.0
2019-03-06,18,0,172,4.24,4.24,0.0,69.569827,0.0
2019-03-06,18,0,173,6.47,6.47,0.0,106.159619,0.0
2019-03-06,18,0,188,5.87,5.87,0.0,140.883521,0.0
2019-03-06,18,0,190,5.24,5.24,0.0,169.920399,0.0
2019-03-06,18,0,191,13.54,13.54,0.0,439.069123,0.0
2019-03-06,18,0,192,332.6,332.6,0.0,10785.405497,0.0
2019-03-06,18,0,194,98.98,98.98,0.0,-12922.71319,0.0
2019-03-06,18,0,196,3.04,3.04,0.0,801.638848,0.0
2019-03-06,18,0,198,4.82,4.82,0.0,48.791644,0.0
2019-03-06,18,0,199,112.01,112.01,0.0,-5975.065026,0.0
2019-03-06,18,0,200,10.81,10.81,0.0,-576.648986,0.0
2019-03-06,18,0,204,257.1,257.1,0.0,2023.323793,0.0
2019-03-06,18,0,205,317.4,317.4,0.0,2539.605502,0.0
2019-03-06,18,0,206,539.94,539.94,0.0,2915.507405,0.0
2019-03-06,18,0,210,1.2,1.2,0.0,5.562773,0.0
2019-03-06,18,0,214,3.84,3.84,0.0,46.832976,0.0
2019-03-06,18,0,217,2.78,2.78,0.0,25.78383,0.0
2019-03-06,18,0,218,3.84,3.84,0.0,35.615075,0.0
2019-03-06,18,0,219,2.62,2.62,0.0,24.299869,0.0
2019-03-06,18,0,221,2.05,2.05,0.0,25.001979,0.0
2019-03-06,18,0,225,2.19,2.19,0.0,10.696548,0.0
2019-03-06,18,0,233,2.18,2.18,0.0,25.254295,0.0
2019-03-06,18,0,236,7.7,7.7,0.0,76.852444,0.0
2019-03-06,18,0,237,45.29,45.29,0.0,423.634775,0.0
2019-03-06,18,0,238,25.17,25.17,0.0,259.957266,0.0
2019-03-06,18,0,240,5.24,5.24,0.0,46.229414,0.0
2019-03-06,18,0,245,14.46,14.46,0.0,154.791483,0.0
2019-03-06,18,0,247,15.47,15.47,0.0,165.603337,0.0
2019-03-06,18,0,248,4.55,4.55,0.0,42.559908,0.0
2019-03-06,18,0,249,27.8,27.8,0.0,297.593585,0.0
2019-03-06,18,0,251,26.96,26.96,0.0,281.517663,0.0
2019-03-06,18,0,252,40.9,40.9,0.0,429.872041,0.0
2019-03-06,18,0,254,6.56,6.56,0.0,59.420346,0.0
2019-03-06,18,0,255,3.01,3.01,0.0,27.264519,0.0
2019-03-06,18,0,258,6.65,6.65,0.0,58.781882,0.0
2019-03-06,18,0,260,2.64,2.64,0.0,24.94132,0.0
2019-03-06,18,0,265,41.67,41.67,0.0,293.271677,0.0
2019-03-06,18,0,266,29.1,29.1,0.0,204.804555,0.0
2019-03-06,18,0,267,35.76,35.76,0.0,251.67735,0.0
2019-03-06,18,0,270,579.0,579.0,0.0,-579000.0,0.0
2019-03-06,18,0,272,150.39,150.39,0.0,-39820.953672,0.0
2019-03-06,18,0,273,14.99,14.99,0.0,-14990.0,0.0
2019-03-06,18,0,274,746.4,746.4,0.0,-746400.0,0.0
2019-03-06,18,0,275,1039.0,1039.0,0.0,-1039000.0,0.0
2019-03-06,18,0,276,3.15,3.15,0.0,-2839.228147,0.0
2019-03-06,18,0,277,3.4,3.4,0.0,-939.45574,0.0
2019-03-06,18,0,278,5.45,5.45,0.0,-1505.892288,0.0
2019-03-06,18,0,279,264.6,264.6,0.0,-73111.761382,0.0
2019-03-06,18,0,281,41.41,41.41,0.0,224.885232,0.0
2019-03-06,18,0,282,200.66,200.66,0.0,1089.723995,0.0
2019-03-06,19,0,9,0.49,0.49,0.0,5.779434,0.0
2019-03-06,19,0,17,2.61,2.61,0.0,28.190896,0.0
2019-03-06,19,0,19,154.38,154.38,0.0,1667.475305,0.0
2019-03-06,19,0,20,187.64,187.64,0.0,2026.720211,0.0
2019-03-06,19,0,21,11.17,11.17,0.0,131.747514,0.0
2019-03-06,19,0,22,39.7,39.7,0.0,468.252133,0.0
2019-03-06,19,0,23,108.8,108.8,0.0,1283.270329,0.0
2019-03-06,19,0,24,192.5,192.5,0.0,2270.49208,0.0
2019-03-06,19,0,29,0.37,0.37,0.0,3.864046,0.0
2019-03-06,19,0,30,109.08,109.08,0.0,1287.2602,0.0
2019-03-06,19,0,31,37.5,37.5,0.0,442.539948,0.0
2019-03-06,19,0,32,0.43,0.43,0.0,19.970923,0.0
2019-03-06,19,0,33,0.19,0.19,0.0,2.01898,0.0
2019-03-06,19,0,34,0.31,0.31,0.0,3.294125,0.0
2019-03-06,19,0,35,0.31,0.31,0.0,3.294125,0.0
2019-03-06,19,0,36,1.2,1.2,0.0,13.279676,0.0
2019-03-06,19,0,37,0.54,0.54,0.0,5.977307,0.0
2019-03-06,19,0,38,0.69,0.69,0.0,7.63767,0.0
2019-03-06,19,0,39,0.46,0.46,0.0,5.09178,0.0
2019-03-06,19,0,40,0.46,0.46,0.0,5.09178,0.0
2019-03-06,19,0,41,34.8,34.8,0.0,399.03605,0.0
2019-03-06,19,0,42,6.83,6.83,0.0,74.030518,0.0
2019-03-06,19,0,43,3.32,3.32,0.0,36.58019,0.0
2019-03-06,19,0,46,2.91,2.91,0.0,32.405306,0.0
2019-03-06,19,0,52,39.75,39.75,0.0,469.092345,0.0
2019-03-06,19,0,53,63.15,63.15,0.0,745.237272,0.0
2019-03-06,19,0,55,186.9,186.9,0.0,2204.441401,0.0
2019-03-06,19,0,56,32.17,32.17,0.0,379.64027,0.0
2019-03-06,19,0,57,30.6,30.6,0.0,361.112597,0.0
2019-03-06,19,0,58,58.85,58.85,0.0,694.492692,0.0
2019-03-06,19,0,59,57.87,57.87,0.0,682.927648,0.0
2019-03-06,19,0,63,170.0,170.0,0.0,19608.439973,0.0
2019-03-06,19,0,64,200.0,200.0,0.0,23068.752909,0.0
2019-03-06,19,0,65,4.94,4.94,0.0,53.392272,0.0
2019-03-06,19,0,67,51.37,51.37,0.0,-28590.020435,0.0
2019-03-06,19,0,68,12.55,12.55,0.0,-5167.369704,0.0
2019-03-06,19,0,69,0.19,0.19,0.0,2.01898,0.0
2019-03-06,19,0,74,13.73,13.73,0.0,151.141278,0.0
2019-03-06,19,0,77,60.0,60.0,0.0,-17473.388928,0.0
2019-03-06,19,0,78,45.36,45.36,0.0,-13209.88203,0.0
2019-03-06,19,0,79,26.25,26.25,0.0,-7644.607656,0.0
2019-03-06,19,0,80,42.45,42.45,0.0,-12362.422667,0.0
2019-03-06,19,0,81,55.5,55.5,0.0,-16162.884758,0.0
2019-03-06,19,0,82,39.15,39.15,0.0,-11401.386276,0.0
2019-03-06,19,0,83,87.3,87.3,0.0,-25423.78089,0.0
2019-03-06,19,0,84,0.0,0.0,0.0,0.0,0.0
2019-03-06,19,0,86,0.99,0.99,0.0,10.519948,0.0
2019-03-06,19,0,87,5.03,5.03,0.0,53.449839,0.0
2019-03-06,19,0,88,51.18,51.18,0.0,-14904.800756,0.0
2019-03-06,19,0,89,49.2,49.2,0.0,-14328.178921,0.0
2019-03-06,19,0,90,66.06,66.06,0.0,-19238.20121,0.0
2019-03-06,19,0,91,235.65,235.65,0.0,-68626.735015,0.0
2019-03-06,19,0,92,84.75,84.75,0.0,-24681.161861,0.0
2019-03-06,19,0,95,120.0,120.0,0.0,2691.568394,0.0
2019-03-06,19,0,96,29.88,29.88,0.0,352.812602,0.0
2019-03-06,19,0,97,183.75,183.75,0.0,2169.655812,0.0
2019-03-06,19,0,99,2.65,2.65,0.0,29.171478,0.0
2019-03-06,19,0,101,2.2,2.2,0.0,25.962344,0.0
2019-03-06,19,0,102,35.91,35.91,0.0,-14785.676977,0.0
2019-03-06,19,0,103,30.13,30.13,0.0,-12405.804715,0.0
2019-03-06,19,0,104,4.3,4.3,0.0,-1770.493205,0.0
2019-03-06,19,0,106,39.08,39.08,0.0,460.939379,0.0
2019-03-06,19,0,109,60.0,60.0,0.0,674.990172,0.0
2019-03-06,19,0,110,338.6,338.6,0.0,-338600.0,0.0
2019-03-06,19,0,111,2.99,2.99,0.0,34.284994,0.0
2019-03-06,19,0,113,45.0,45.0,0.0,-11772.348745,0.0
2019-03-06,19,0,115,45.0,45.0,0.0,-11772.348745,0.0
2019-03-06,19,0,116,15.6,15.6,0.0,-15600.0,0.0
2019-03-06,19,0,117,3.0,3.0,0.0,-784.82325,0.0
2019-03-06,19,0,119,200.0,200.0,0.0,23068.752909,0.0
2019-03-06,19,0,120,117.6,117.6,0.0,13564.426711,0.0
2019-03-06,19,0,123,0.65,0.65,0.0,7.666597,0.0
2019-03-06,19,0,125,174.2,174.2,0.0,2054.647898,0.0
2019-03-06,19,0,126,29.31,29.31,0.0,345.704534,0.0
2019-03-06,19,0,127,37.61,37.61,0.0,443.601076,0.0
2019-03-06,19,0,128,249.5,249.5,0.0,2942.793631,0.0
2019-03-06,19,0,131,30.0,30.0,0.0,-11192.063011,0.0
2019-03-06,19,0,132,44.1,44.1,0.0,-16452.332627,0.0
2019-03-06,19,0,133,23.35,23.35,0.0,252.190417,0.0
2019-03-06,19,0,134,0.0,0.0,0.0,0.0,0.0
2019-03-06,19,0,135,31.65,31.65,0.0,341.834119,0.0
2019-03-06,19,0,136,6.66,6.66,0.0,71.984869,0.0
2019-03-06,19,0,139,44.94,44.94,0.0,515.306899,0.0
2019-03-06,19,0,140,250.6,250.6,0.0,-250600.0,0.0
2019-03-06,19,0,141,230.0,230.0,0.0,-128006.710143,0.0
2019-03-06,19,0,142,67.74,67.74,0.0,-37700.758892,0.0
2019-03-06,19,0,143,71.55,71.55,0.0,844.366221,0.0
2019-03-06,19,0,145,30.0,30.0,0.0,347.893727,0.0
2019-03-06,19,0,146,268.0,268.0,0.0,-268000.0,0.0
2019-03-06,19,0,152,0.89,0.89,0.0,9.789917,0.0
2019-03-06,19,0,153,1.07,1.07,0.0,11.779485,0.0
2019-03-06,19,0,154,12.35,12.35,0.0,141.611932,0.0
2019-03-06,19,0,157,250.0,250.0,0.0,-139137.728417,0.0
2019-03-06,19,0,158,59.1,59.1,0.0,-32892.158998,0.0
2019-03-06,19,0,159,0.0,0.0,0.0,0.0,0.0
2019-03-06,19,0,160,0.24,0.24,0.0,2.606712,0.0
2019-03-06,19,0,161,9.03,9.03,0.0,-3718.035731,0.0
2019-03-06,19,0,162,162.5,162.5,0.0,3771.885755,0.0
2019-03-06,19,0,163,185.4,185.4,0.0,-185400.0,0.0
2019-03-06,19,0,164,4.29,4.29,0.0,50.62657,0.0
2019-03-06,19,0,167,0.48,0.48,0.0,9.272792,0.0
2019-03-06,19,0,168,0.24,0.24,0.0,4.636396,0.0
2019-03-06,19,0,169,0.0,0.0,0.0,0.0,0.0
2019-03-06,19,0,170,0.53,0.53,0.0,10.238708,0.0
2019-03-06,19,0,172,0.61,0.61,0.0,11.329351,0.0
2019-03-06,19,0,173,0.93,0.93,0.0,17.272617,0.0
2019-03-06,19,0,188,0.92,0.92,0.0,24.873316,0.0
2019-03-06,19,0,190,1.01,1.01,0.0,32.751833,0.0
2019-03-06,19,0,191,2.61,2.61,0.0,84.635924,0.0
2019-03-06,19,0,192,332.6,332.6,0.0,10785.405497,0.0
2019-03-06,19,0,194,176.5,176.5,0.0,-22272.014104,0.0
2019-03-06,19,0,196,0.78,0.78,0.0,209.327281,0.0
2019-03-06,19,0,198,0.85,0.85,0.0,9.005511,0.0
2019-03-06,19,0,199,101.4,101.4,0.0,-2926.311996,0.0
2019-03-06,19,0,200,1.74,1.74,0.0,-50.214821,0.0
2019-03-06,19,0,204,257.1,257.1,0.0,2898.721188,0.0
2019-03-06,19,0,205,317.4,317.4,0.0,3570.698011,0.0
2019-03-06,19,0,206,539.94,539.94,0.0,6375.422907,0.0
2019-03-06,19,0,210,0.14,0.14,0.0,1.457093,0.0
2019-03-06,19,0,214,0.74,0.74,0.0,7.786857,0.0
2019-03-06,19,0,217,0.45,0.45,0.0,4.711891,0.0
2019-03-06,19,0,218,0.62,0.62,0.0,6.491938,0.0
2019-03-06,19,0,219,0.42,0.42,0.0,4.397765,0.0
2019-03-06,19,0,221,0.4,0.4,0.0,4.209112,0.0
2019-03-06,19,0,225,0.3,0.3,0.0,3.13404,0.0
2019-03-06,19,0,233,0.56,0.56,0.0,5.950678,0.0
2019-03-06,19,0,236,5.77,5.77,0.0,62.876861,0.0
2019-03-06,19,0,237,32.93,32.93,0.0,362.496889,0.0
2019-03-06,19,0,238,8.9,8.9,0.0,96.467293,0.0
2019-03-06,19,0,240,1.36,1.36,0.0,15.050299,0.0
2019-03-06,19,0,245,11.35,11.35,0.0,122.298655,0.0
2019-03-06,19,0,247,11.93,11.93,0.0,128.548278,0.0
2019-03-06,19,0,248,3.31,3.31,0.0,36.436827,0.0
2019-03-06,19,0,249,21.83,21.83,0.0,235.222876,0.0
2019-03-06,19,0,251,23.95,23.95,0.0,259.132175,0.0
2019-03-06,19,0,252,31.86,31.86,0.0,344.34773,0.0
2019-03-06,19,0,254,1.47,1.47,0.0,16.1388,0.0
2019-03-06,19,0,255,0.67,0.67,0.0,7.35578,0.0
2019-03-06,19,0,258,1.66,1.66,0.0,18.357278,0.0
2019-03-06,19,0,260,0.57,0.57,0.0,6.190942,0.0
2019-03-06,19,0,265,12.79,12.79,0.0,146.657215,0.0
2019-03-06,19,0,266,29.1,29.1,0.0,333.676697,0.0
2019-03-06,19,0,267,35.76,35.76,0.0,410.043941,0.0
2019-03-06,19,0,270,579.0,579.0,0.0,-579000.0,0.0
2019-03-06,19,0,272,150.39,150.39,0.0,-39343.189507,0.0
2019-03-06,19,0,273,3.73,3.73,0.0,-3730.0,0.0
2019-03-06,19,0,274,746.4,746.4,0.0,-746400.0,0.0
2019-03-06,19,0,275,1039.0,1039.0,0.0,-1039000.0,0.0
2019-03-06,19,0,276,0.83,0.83,0.0,-747.819359,0.0
2019-03-06,19,0,277,1.01,1.01,0.0,-276.215852,0.0
2019-03-06,19,0,278,1.61,1.61,0.0,-440.304476,0.0
2019-03-06,19,0,279,264.6,264.6,0.0,-72363.083513,0.0
2019-03-06,19,0,281,16.83,16.83,0.0,198.611929,0.0
2019-03-06,19,0,282,59.83,59.83,0.0,706.057736,0.0
2019-03-06,20,0,9,0.0,0.0,0.0,0.0,0.0
2019-03-06,20,0,17,0.0,0.0,0.0,0.0,0.0
2019-03-06,20,0,19,111.07,111.07,0.0,1213.012183,0.0
2019-03-06,20,0,20,134.7,134.7,0.0,1471.078969,0.0
2019-03-06,20,0,21,0.0,0.0,0.0,0.0,0.0
2019-03-06,20,0,22,0.0,0.0,0.0,0.0,0.0
2019-03-06,20,0,23,108.8,108.8,0.0,1348.848295,0.0
2019-03-06,20,0,24,192.5,192.5,0.0,2386.519271,0.0
2019-03-06,20,0,29,0.0,0.0,0.0,0.0,0.0
2019-03-06,20,0,30,0.0,0.0,0.0,0.0,0.0
2019-03-06,20,0,31,37.5,37.5,0.0,465.257435,0.0
2019-03-06,20,0,32,0.0,0.0,0.0,0.0,0.0
2019-03-06,20,0,33,0.0,0.0,0.0,0.0,0.0
2019-03-06,20,0,34,0.0,0.0,0.0,0.0,0.0
2019-03-06,20,0,35,0.0,0.0,0.0,0.0,0.0
2019-03-06,20,0,36,0.0,0.0,0.0,0.0,0.0
2019-03-06,20,0,37,0.0,0.0,0.0,0.0,0.0
2019-03-06,20,0,38,0.0,0.0,0.0,0.0,0.0
2019-03-06,20,0,39,0.0,0.0,0.0,0.0,0.0
2019-03-06,20,0,40,0.0,0.0,0.0,0.0,0.0
2019-03-06,20,0,41,60.5,60.5,0.0,720.546132,0.0
2019-03-06,20,0,42,0.0,0.0,0.0,0.0,0.0
2019-03-06,20,0,43,0.0,0.0,0.0,0.0,0.0
2019-03-06,20,0,46,0.0,0.0,0.0,0.0,0.0
2019-03-06,20,0,52,39.75,39.75,0.0,493.172882,0.0
2019-03-06,20,0,53,63.15,63.15,0.0,783.493521,0.0
2019-03-06,20,0,55,186.9,186.9,0.0,2317.093256,0.0
2019-03-06,20,0,56,0.0,0.0,0.0,0.0,0.0
2019-03-06,20,0,57,0.0,0.0,0.0,0.0,0.0
2019-03-06,20,0,58,0.0,0.0,0.0,0.0,0.0
2019-03-06,20,0,59,0.0,0.0,0.0,0.0,0.0
2019-03-06,20,0,63,170.0,170.0,0.0,19496.844142,0.0
2019-03-06,20,0,64,200.0,200.0,0.0,22937.463697,0.0
2019-03-06,20,0,65,3.55,3.55,0.0,38.807231,0.0
2019-03-06,20,0,67,0.0,0.0,0.0,-0.0,0.0
2019-03-06,20,0,68,10.2,10.2,0.0,-4204.372975,0.0
2019-03-06,20,0,69,0.0,0.0,0.0,0.0,0.0
2019-03-06,20,0,74,9.83,9.83,0.0,110.378118,0.0
2019-03-06,20,0,77,84.7,84.7,0.0,-24714.283938,0.0
2019-03-06,20,0,78,64.3,64.3,0.0,-18761.847193,0.0
2019-03-06,20,0,79,37.43,37.43,0.0,-10921.554283,0.0
2019-03-06,20,0,80,60.23,60.23,0.0,-17574.277705,0.0
2019-03-06,20,0,81,78.45,78.45,0.0,-22890.62072,0.0
2019-03-06,20,0,82,55.6,55.6,0.0,-16223.307992,0.0
2019-03-06,20,0,83,122.29,122.29,0.0,-35682.524,0.0
2019-03-06,20,0,84,0.0,0.0,0.0,0.0,0.0
2019-03-06,20,0,86,0.0,0.0,0.0,0.0,0.0
2019-03-06,20,0,87,0.0,0.0,0.0,0.0,0.0
2019-03-06,20,0,88,95.98,95.98,0.0,-28005.631315,0.0
2019-03-06,20,0,89,92.28,92.28,0.0,-26926.02269,0.0
2019-03-06,20,0,90,123.8,123.8,0.0,-36123.121034,0.0
2019-03-06,20,0,91,440.78,440.78,0.0,-128613.483757,0.0
2019-03-06,20,0,92,158.74,158.74,0.0,-46318.127891,0.0
2019-03-06,20,0,95,104.6,104.6,0.0,2346.15045,0.0
2019-03-06,20,0,96,31.77,31.77,0.0,394.476952,0.0
2019-03-06,20,0,97,229.39,229.39,0.0,2848.255207,0.0
2019-03-06,20,0,99,1.9,1.9,0.0,21.334529,0.0
2019-03-06,20,0,101,0.0,0.0,0.0,0.0,0.0
2019-03-06,20,0,102,24.15,24.15,0.0,-9954.471309,0.0
2019-03-06,20,0,103,21.0,21.0,0.0,-8656.062008,0.0
2019-03-06,20,0,104,3.9,3.9,0.0,-1607.554373,0.0
2019-03-06,20,0,106,0.0,0.0,0.0,0.0,0.0
2019-03-06,20,0,109,60.0,60.0,0.0,695.271577,0.0
2019-03-06,20,0,110,338.6,338.6,0.0,-338600.0,0.0
2019-03-06,20,0,111,0.0,0.0,0.0,0.0,0.0
2019-03-06,20,0,113,45.0,45.0,0.0,-11795.780201,0.0
2019-03-06,20,0,115,45.0,45.0,0.0,-11795.780201,0.0
2019-03-06,20,0,116,0.0,0.0,0.0,-0.0,0.0
2019-03-06,20,0,117,3.0,3.0,0.0,-786.385347,0.0
2019-03-06,20,0,119,200.0,200.0,0.0,22937.463697,0.0
2019-03-06,20,0,120,117.6,117.6,0.0,13487.228654,0.0
2019-03-06,20,0,123,0.0,0.0,0.0,0.0,0.0
2019-03-06,20,0,125,174.2,174.2,0.0,2159.644972,0.0
2019-03-06,20,0,126,0.0,0.0,0.0,0.0,0.0
2019-03-06,20,0,127,0.0,0.0,0.0,0.0,0.0
2019-03-06,20,0,128,249.5,249.5,0.0,3093.176925,0.0
2019-03-06,20,0,131,30.0,30.0,0.0,-11206.476858,0.0
2019-03-06,20,0,132,44.1,44.1,0.0,-16473.520981,0.0
2019-03-06,20,0,133,11.95,11.95,0.0,130.495967,0.0
2019-03-06,20,0,134,0.0,0.0,0.0,0.0,0.0
2019-03-06,20,0,135,15.92,15.92,0.0,173.849021,0.0
2019-03-06,20,0,136,5.03,5.03,0.0,54.988909,0.0
2019-03-06,20,0,139,80.98,80.98,0.0,964.45993,0.0
2019-03-06,20,0,140,250.6,250.6,0.0,-250600.0,0.0
2019-03-06,20,0,141,230.0,230.0,0.0,-128084.874784,0.0
2019-03-06,20,0,142,0.0,0.0,0.0,-0.0,0.0
2019-03-06,20,0,143,67.31,67.31,0.0,835.106079,0.0
2019-03-06,20,0,145,30.0,30.0,0.0,363.085884,0.0
2019-03-06,20,0,146,268.0,268.0,0.0,-268000.0,0.0
2019-03-06,20,0,152,0.0,0.0,0.0,0.0,0.0
2019-03-06,20,0,153,0.0,0.0,0.0,0.0,0.0
2019-03-06,20,0,154,0.0,0.0,0.0,0.0,0.0
2019-03-06,20,0,157,250.0,250.0,0.0,-139222.689982,0.0
2019-03-06,20,0,158,0.0,0.0,0.0,-0.0,0.0
2019-03-06,20,0,159,0.0,0.0,0.0,0.0,0.0
2019-03-06,20,0,160,0.0,0.0,0.0,0.0,0.0
2019-03-06,20,0,161,0.0,0.0,0.0,-0.0,0.0
2019-03-06,20,0,162,150.61,150.61,0.0,3495.843561,0.0
2019-03-06,20,0,163,185.4,185.4,0.0,-185400.0,0.0
2019-03-06,20,0,164,0.0,0.0,0.0,0.0,0.0
2019-03-06,20,0,167,0.0,0.0,0.0,0.0,0.0
2019-03-06,20,0,168,0.0,0.0,0.0,0.0,0.0
2019-03-06,20,0,169,0.0,0.0,0.0,0.0,0.0
2019-03-06,20,0,170,0.0,0.0,0.0,0.0,0.0
2019-03-06,20,0,172,0.0,0.0,0.0,0.0,0.0
2019-03-06,20,0,173,0.0,0.0,0.0,0.0,0.0
2019-03-06,20,0,188,0.0,0.0,0.0,0.0,0.0
2019-03-06,20,0,190,0.0,0.0,0.0,0.0,0.0
2019-03-06,20,0,191,0.0,0.0,0.0,0.0,0.0
2019-03-06,20,0,192,332.6,332.6,0.0,10785.405497,0.0
2019-03-06,20,0,194,176.5,176.5,0.0,-22371.537128,0.0
2019-03-06,20,0,196,0.0,0.0,0.0,0.0,0.0
2019-03-06,20,0,198,0.0,0.0,0.0,0.0,0.0
2019-03-06,20,0,199,119.71,119.71,0.0,-3502.593421,0.0
2019-03-06,20,0,200,0.0,0.0,0.0,-0.0,0.0
2019-03-06,20,0,204,465.33,465.33,0.0,5409.357752,0.0
2019-03-06,20,0,205,317.4,317.4,0.0,3677.98664,0.0
2019-03-06,20,0,206,868.95,868.95,0.0,10789.447501,0.0
2019-03-06,20,0,210,0.0,0.0,0.0,0.0,0.0
2019-03-06,20,0,214,0.0,0.0,0.0,0.0,0.0
2019-03-06,20,0,217,0.0,0.0,0.0,0.0,0.0
2019-03-06,20,0,218,0.0,0.0,0.0,0.0,0.0
2019-03-06,20,0,219,0.0,0.0,0.0,0.0,0.0
2019-03-06,20,0,221,0.0,0.0,0.0,0.0,0.0
2019-03-06,20,0,225,0.0,0.0,0.0,0.0,0.0
2019-03-06,20,0,233,0.0,0.0,0.0,0.0,0.0
2019-03-06,20,0,236,0.0,0.0,0.0,0.0,0.0
2019-03-06,20,0,237,23.58,23.58,0.0,264.77274,0.0
2019-03-06,20,0,238,0.0,0.0,0.0,0.0,0.0
2019-03-06,20,0,240,0.0,0.0,0.0,0.0,0.0
2019-03-06,20,0,245,13.0,13.0,0.0,141.474738,0.0
2019-03-06,20,0,247,6.44,6.44,0.0,70.084408,0.0
2019-03-06,20,0,248,2.37,2.37,0.0,26.612018,0.0
2019-03-06,20,0,249,25.0,25.0,0.0,272.066803,0.0
2019-03-06,20,0,251,16.79,16.79,0.0,183.830252,0.0
2019-03-06,20,0,252,22.92,22.92,0.0,250.552598,0.0
2019-03-06,20,0,254,0.0,0.0,0.0,0.0,0.0
2019-03-06,20,0,255,0.0,0.0,0.0,0.0,0.0
2019-03-06,20,0,258,0.0,0.0,0.0,0.0,0.0
2019-03-06,20,0,260,0.0,0.0,0.0,0.0,0.0
2019-03-06,20,0,265,0.0,0.0,0.0,0.0,0.0
2019-03-06,20,0,266,49.35,49.35,0.0,587.751266,0.0
2019-03-06,20,0,267,62.41,62.41,0.0,743.293952,0.0
2019-03-06,20,0,270,579.0,579.0,0.0,-579000.0,0.0
2019-03-06,20,0,272,150.39,150.39,0.0,-39421.497433,0.0
2019-03-06,20,0,273,0.0,0.0,0.0,-0.0,0.0
2019-03-06,20,0,274,746.4,746.4,0.0,-746400.0,0.0
2019-03-06,20,0,275,1039.0,1039.0,0.0,-1039000.0,0.0
2019-03-06,20,0,276,0.0,0.0,0.0,-0.0,0.0
2019-03-06,20,0,277,0.0,0.0,0.0,-0.0,0.0
2019-03-06,20,0,278,0.0,0.0,0.0,-0.0,0.0
2019-03-06,20,0,279,651.99,651.99,0.0,-178657.442984,0.0
2019-03-06,20,0,281,16.83,16.83,0.0,208.807537,0.0
2019-03-06,20,0,282,0.0,0.0,0.0,0.0,0.0
2019-03-06,21,0,9,0.0,0.0,0.0,0.0,0.0
2019-03-06,21,0,17,0.0,0.0,0.0,0.0,0.0
2019-03-06,21,0,19,74.77,74.77,0.0,1021.077313,0.0
2019-03-06,21,0,20,90.68,90.68,0.0,1238.348144,0.0
2019-03-06,21,0,21,0.0,0.0,0.0,0.0,0.0
2019-03-06,21,0,22,0.0,0.0,0.0,0.0,0.0
2019-03-06,21,0,23,108.8,108.8,0.0,1676.356945,0.0
2019-03-06,21,0,24,192.5,192.5,0.0,2965.980809,0.0
2019-03-06,21,0,29,0.0,0.0,0.0,0.0,0.0
2019-03-06,21,0,30,0.0,0.0,0.0,0.0,0.0
2019-03-06,21,0,31,25.83,25.83,0.0,399.402748,0.0
2019-03-06,21,0,32,0.0,0.0,0.0,0.0,0.0
2019-03-06,21,0,33,0.0,0.0,0.0,0.0,0.0
2019-03-06,21,0,34,0.0,0.0,0.0,0.0,0.0
2019-03-06,21,0,35,0.0,0.0,0.0,0.0,0.0
2019-03-06,21,0,36,0.0,0.0,0.0,0.0,0.0
2019-03-06,21,0,37,0.0,0.0,0.0,0.0,0.0
2019-03-06,21,0,38,0.0,0.0,0.0,0.0,0.0
2019-03-06,21,0,39,0.0,0.0,0.0,0.0,0.0
2019-03-06,21,0,40,0.0,0.0,0.0,0.0,0.0
2019-03-06,21,0,41,111.37,111.37,0.0,1418.291331,0.0
2019-03-06,21,0,42,0.0,0.0,0.0,0.0,0.0
2019-03-06,21,0,43,0.0,0.0,0.0,0.0,0.0
2019-03-06,21,0,46,0.0,0.0,0.0,0.0,0.0
2019-03-06,21,0,52,27.38,27.38,0.0,423.370006,0.0
2019-03-06,21,0,53,43.5,43.5,0.0,672.629483,0.0
2019-03-06,21,0,55,186.9,186.9,0.0,2879.697731,0.0
2019-03-06,21,0,56,0.0,0.0,0.0,0.0,0.0
2019-03-06,21,0,57,0.0,0.0,0.0,0.0,0.0
2019-03-06,21,0,58,0.0,0.0,0.0,0.0,0.0
2019-03-06,21,0,59,0.0,0.0,0.0,0.0,0.0
2019-03-06,21,0,63,170.0,170.0,0.0,18761.532468,0.0
2019-03-06,21,0,64,200.0,200.0,0.0,22072.391139,0.0
2019-03-06,21,0,65,2.47,2.47,0.0,33.970234,0.0
2019-03-06,21,0,67,0.0,0.0,0.0,-0.0,0.0
2019-03-06,21,0,68,10.2,10.2,0.0,-4244.75675,0.0
2019-03-06,21,0,69,0.0,0.0,0.0,0.0,0.0
2019-03-06,21,0,74,6.72,6.72,0.0,83.194013,0.0
2019-03-06,21,0,77,172.48,172.48,0.0,-51201.453616,0.0
2019-03-06,21,0,78,130.65,130.65,0.0,-38784.032438,0.0
2019-03-06,21,0,79,75.79,75.79,0.0,-22498.597922,0.0
2019-03-06,21,0,80,122.31,122.31,0.0,-36308.266418,0.0
2019-03-06,21,0,81,159.64,159.64,0.0,-47389.842621,0.0
2019-03-06,21,0,82,112.85,112.85,0.0,-33500.023426,0.0
2019-03-06,21,0,83,250.05,250.05,0.0,-74228.452439,0.0
2019-03-06,21,0,84,0.0,0.0,0.0,0.0,0.0
2019-03-06,21,0,86,0.0,0.0,0.0,0.0,0.0
2019-03-06,21,0,87,0.0,0.0,0.0,0.0,0.0
2019-03-06,21,0,88,170.6,170.6,0.0,-50643.367271,0.0
2019-03-06,21,0,89,164.0,164.0,0.0,-48684.127975,0.0
2019-03-06,21,0,90,220.2,220.2,0.0,-65367.347439,0.0
2019-03-06,21,0,91,785.5,785.5,0.0,-233179.161732,0.0
2019-03-06,21,0,92,282.5,282.5,0.0,-83861.378981,0.0
2019-03-06,21,0,95,84.0,84.0,0.0,1884.097876,0.0
2019-03-06,21,0,96,29.88,29.88,0.0,463.74608,0.0
2019-03-06,21,0,97,183.75,183.75,0.0,2851.852151,0.0
2019-03-06,21,0,99,1.3,1.3,0.0,16.09408,0.0
2019-03-06,21,0,101,0.0,0.0,0.0,0.0,0.0
2019-03-06,21,0,102,24.15,24.15,0.0,-10050.085833,0.0
2019-03-06,21,0,103,21.0,21.0,0.0,-8739.205073,0.0
2019-03-06,21,0,104,3.9,3.9,0.0,-1622.995228,0.0
2019-03-06,21,0,106,0.0,0.0,0.0,0.0,0.0
2019-03-06,21,0,109,83.6,83.6,0.0,868.592641,0.0
2019-03-06,21,0,110,338.6,338.6,0.0,-338600.0,0.0
2019-03-06,21,0,111,0.0,0.0,0.0,0.0,0.0
2019-03-06,21,0,113,84.18,84.18,0.0,-22427.019835,0.0
2019-03-06,21,0,115,84.18,84.18,0.0,-22427.019835,0.0
2019-03-06,21,0,116,0.0,0.0,0.0,-0.0,0.0
2019-03-06,21,0,117,5.66,5.66,0.0,-1507.922693,0.0
2019-03-06,21,0,119,200.0,200.0,0.0,22072.391139,0.0
2019-03-06,21,0,120,117.6,117.6,0.0,12978.56599,0.0
2019-03-06,21,0,123,0.0,0.0,0.0,0.0,0.0
2019-03-06,21,0,125,174.2,174.2,0.0,2684.020036,0.0
2019-03-06,21,0,126,0.0,0.0,0.0,0.0,0.0
2019-03-06,21,0,127,0.0,0.0,0.0,0.0,0.0
2019-03-06,21,0,128,249.5,249.5,0.0,3844.219282,0.0
2019-03-06,21,0,131,30.0,30.0,0.0,-11333.06135,0.0
2019-03-06,21,0,132,44.1,44.1,0.0,-16659.600184,0.0
2019-03-06,21,0,133,7.13,7.13,0.0,97.30393,0.0
2019-03-06,21,0,134,0.0,0.0,0.0,0.0,0.0
2019-03-06,21,0,135,9.27,9.27,0.0,126.508756,0.0
2019-03-06,21,0,136,3.72,3.72,0.0,51.181434,0.0
2019-03-06,21,0,139,146.7,146.7,0.0,1868.217099,0.0
2019-03-06,21,0,140,250.6,250.6,0.0,-250600.0,0.0
2019-03-06,21,0,141,230.0,230.0,0.0,-128771.327996,0.0
2019-03-06,21,0,142,0.0,0.0,0.0,-0.0,0.0
2019-03-06,21,0,143,47.93,47.93,0.0,741.129451,0.0
2019-03-06,21,0,145,30.0,30.0,0.0,408.655572,0.0
2019-03-06,21,0,146,268.0,268.0,0.0,-268000.0,0.0
2019-03-06,21,0,152,0.0,0.0,0.0,0.0,0.0
2019-03-06,21,0,153,0.0,0.0,0.0,0.0,0.0
2019-03-06,21,0,154,0.0,0.0,0.0,0.0,0.0
2019-03-06,21,0,157,250.0,250.0,0.0,-139968.834778,0.0
2019-03-06,21,0,158,0.0,0.0,0.0,-0.0,0.0
2019-03-06,21,0,159,0.0,0.0,0.0,0.0,0.0
2019-03-06,21,0,160,0.0,0.0,0.0,0.0,0.0
2019-03-06,21,0,161,0.0,0.0,0.0,-0.0,0.0
2019-03-06,21,0,162,103.8,103.8,0.0,2408.439727,0.0
2019-03-06,21,0,163,185.4,185.4,0.0,-185400.0,0.0
2019-03-06,21,0,164,0.0,0.0,0.0,0.0,0.0
2019-03-06,21,0,167,0.0,0.0,0.0,0.0,0.0
2019-03-06,21,0,168,0.0,0.0,0.0,0.0,0.0
2019-03-06,21,0,169,0.0,0.0,0.0,0.0,0.0
2019-03-06,21,0,170,0.0,0.0,0.0,0.0,0.0
2019-03-06,21,0,172,0.0,0.0,0.0,0.0,0.0
2019-03-06,21,0,173,0.0,0.0,0.0,0.0,0.0
2019-03-06,21,0,188,0.0,0.0,0.0,0.0,0.0
2019-03-06,21,0,190,0.0,0.0,0.0,0.0,0.0
2019-03-06,21,0,191,0.0,0.0,0.0,0.0,0.0
2019-03-06,21,0,192,223.71,223.71,0.0,7254.368803,0.0
2019-03-06,21,0,194,176.5,176.5,0.0,-23128.249437,0.0
2019-03-06,21,0,196,0.0,0.0,0.0,0.0,0.0
2019-03-06,21,0,198,0.0,0.0,0.0,0.0,0.0
2019-03-06,21,0,199,130.0,130.0,0.0,-4544.996219,0.0
2019-03-06,21,0,200,0.0,0.0,0.0,-0.0,0.0
2019-03-06,21,0,204,841.64,841.64,0.0,9015.660438,0.0
2019-03-06,21,0,205,387.97,387.97,0.0,4030.955588,0.0
2019-03-06,21,0,206,539.94,539.94,0.0,8380.022043,0.0
2019-03-06,21,0,210,0.0,0.0,0.0,0.0,0.0
2019-03-06,21,0,214,0.0,0.0,0.0,0.0,0.0
2019-03-06,21,0,217,0.0,0.0,0.0,0.0,0.0
2019-03-06,21,0,218,0.0,0.0,0.0,0.0,0.0
2019-03-06,21,0,219,0.0,0.0,0.0,0.0,0.0
2019-03-06,21,0,221,0.0,0.0,0.0,0.0,0.0
2019-03-06,21,0,225,0.0,0.0,0.0,0.0,0.0
2019-03-06,21,0,233,0.0,0.0,0.0,0.0,0.0
2019-03-06,21,0,236,0.0,0.0,0.0,0.0,0.0
2019-03-06,21,0,237,16.11,16.11,0.0,199.442791,0.0
2019-03-06,21,0,238,0.0,0.0,0.0,0.0,0.0
2019-03-06,21,0,240,0.0,0.0,0.0,0.0,0.0
2019-03-06,21,0,245,13.92,13.92,0.0,185.135425,0.0
2019-03-06,21,0,247,0.0,0.0,0.0,0.0,0.0
2019-03-06,21,0,248,1.62,1.62,0.0,20.0557,0.0
2019-03-06,21,0,249,26.76,26.76,0.0,355.906894,0.0
2019-03-06,21,0,251,11.42,11.42,0.0,158.877377,0.0
2019-03-06,21,0,252,15.91,15.91,0.0,218.812315,0.0
2019-03-06,21,0,254,0.0,0.0,0.0,0.0,0.0
2019-03-06,21,0,255,0.0,0.0,0.0,0.0,0.0
2019-03-06,21,0,258,0.0,0.0,0.0,0.0,0.0
2019-03-06,21,0,260,0.0,0.0,0.0,0.0,0.0
2019-03-06,21,0,265,0.0,0.0,0.0,0.0,0.0
2019-03-06,21,0,266,91.87,91.87,0.0,1169.959815,0.0
2019-03-06,21,0,267,114.69,114.69,0.0,1460.571364,0.0
2019-03-06,21,0,270,579.0,579.0,0.0,-579000.0,0.0
2019-03-06,21,0,272,281.15,281.15,0.0,-74903.262373,0.0
2019-03-06,21,0,273,0.0,0.0,0.0,-0.0,0.0
2019-03-06,21,0,274,746.4,746.4,0.0,-746400.0,0.0
2019-03-06,21,0,275,1039.0,1039.0,0.0,-1039000.0,0.0
2019-03-06,21,0,276,0.0,0.0,0.0,-0.0,0.0
2019-03-06,21,0,277,0.0,0.0,0.0,-0.0,0.0
2019-03-06,21,0,278,0.0,0.0,0.0,-0.0,0.0
2019-03-06,21,0,279,651.69,651.69,0.0,-181573.947403,0.0
2019-03-06,21,0,281,11.59,11.59,0.0,179.213235,0.0
2019-03-06,21,0,282,0.0,0.0,0.0,0.0,0.0
2019-03-06,22,0,9,0.0,0.0,0.0,0.0,0.0
2019-03-06,22,0,17,0.0,0.0,0.0,0.0,0.0
2019-03-06,22,0,19,49.53,49.53,0.0,493.383334,0.0
2019-03-06,22,0,20,60.07,60.07,0.0,598.375466,0.0
2019-03-06,22,0,21,0.0,0.0,0.0,0.0,0.0
2019-03-06,22,0,22,0.0,0.0,0.0,0.0,0.0
2019-03-06,22,0,23,108.8,108.8,0.0,1232.669915,0.0
2019-03-06,22,0,24,192.5,192.5,0.0,2180.964694,0.0
2019-03-06,22,0,29,0.0,0.0,0.0,0.0,0.0
2019-03-06,22,0,30,0.0,0.0,0.0,0.0,0.0
2019-03-06,22,0,31,16.91,16.91,0.0,192.060353,0.0
2019-03-06,22,0,32,0.0,0.0,0.0,0.0,0.0
2019-03-06,22,0,33,0.0,0.0,0.0,0.0,0.0
2019-03-06,22,0,34,0.0,0.0,0.0,0.0,0.0
2019-03-06,22,0,35,0.0,0.0,0.0,0.0,0.0
2019-03-06,22,0,36,0.0,0.0,0.0,0.0,0.0
2019-03-06,22,0,37,0.0,0.0,0.0,0.0,0.0
2019-03-06,22,0,38,0.0,0.0,0.0,0.0,0.0
2019-03-06,22,0,39,0.0,0.0,0.0,0.0,0.0
2019-03-06,22,0,40,0.0,0.0,0.0,0.0,0.0
2019-03-06,22,0,41,116.0,116.0,0.0,1154.392166,0.0
2019-03-06,22,0,42,0.0,0.0,0.0,0.0,0.0
2019-03-06,22,0,43,0.0,0.0,0.0,0.0,0.0
2019-03-06,22,0,46,0.0,0.0,0.0,0.0,0.0
2019-03-06,22,0,52,17.92,17.92,0.0,203.531729,0.0
2019-03-06,22,0,53,28.47,28.47,0.0,323.356491,0.0
2019-03-06,22,0,55,343.11,343.11,0.0,3887.328811,0.0
2019-03-06,22,0,56,0.0,0.0,0.0,0.0,0.0
2019-03-06,22,0,57,0.0,0.0,0.0,0.0,0.0
2019-03-06,22,0,58,0.0,0.0,0.0,0.0,0.0
2019-03-06,22,0,59,0.0,0.0,0.0,0.0,0.0
2019-03-06,22,0,63,170.0,170.0,0.0,16533.44102,0.0
2019-03-06,22,0,64,200.0,200.0,0.0,19451.107083,0.0
2019-03-06,22,0,65,1.62,1.62,0.0,16.213535,0.0
2019-03-06,22,0,67,0.0,0.0,0.0,-0.0,0.0
2019-03-06,22,0,68,8.65,8.65,0.0,-3649.777896,0.0
2019-03-06,22,0,69,0.0,0.0,0.0,0.0,0.0
2019-03-06,22,0,74,4.44,4.44,0.0,42.271961,0.0
2019-03-06,22,0,77,200.0,200.0,0.0,-60730.402306,0.0
2019-03-06,22,0,78,151.2,151.2,0.0,-45912.184143,0.0
2019-03-06,22,0,79,87.5,87.5,0.0,-26569.551009,0.0
2019-03-06,22,0,80,141.5,141.5,0.0,-42966.759631,0.0
2019-03-06,22,0,81,185.0,185.0,0.0,-56175.622133,0.0
2019-03-06,22,0,82,130.5,130.5,0.0,-39626.587504,0.0
2019-03-06,22,0,83,291.0,291.0,0.0,-88362.735355,0.0
2019-03-06,22,0,84,0.0,0.0,0.0,0.0,0.0
2019-03-06,22,0,86,0.0,0.0,0.0,0.0,0.0
2019-03-06,22,0,87,0.0,0.0,0.0,0.0,0.0
2019-03-06,22,0,88,170.6,170.6,0.0,-51803.033167,0.0
2019-03-06,22,0,89,164.0,164.0,0.0,-49798.929891,0.0
2019-03-06,22,0,90,220.2,220.2,0.0,-66864.172939,0.0
2019-03-06,22,0,91,785.5,785.5,0.0,-238518.655056,0.0
2019-03-06,22,0,92,282.5,282.5,0.0,-85781.693257,0.0
2019-03-06,22,0,95,68.51,68.51,0.0,1536.661255,0.0
2019-03-06,22,0,96,29.88,29.88,0.0,340.248811,0.0
2019-03-06,22,0,97,183.75,183.75,0.0,2092.39354,0.0
2019-03-06,22,0,99,0.86,0.86,0.0,8.187812,0.0
2019-03-06,22,0,101,0.0,0.0,0.0,0.0,0.0
2019-03-06,22,0,102,20.48,20.48,0.0,-8641.323851,0.0
2019-03-06,22,0,103,17.81,17.81,0.0,-7514.745009,0.0
2019-03-06,22,0,104,3.31,3.31,0.0,-1396.620212,0.0
2019-03-06,22,0,106,0.0,0.0,0.0,0.0,0.0
2019-03-06,22,0,109,171.41,171.41,0.0,1505.863158,0.0
2019-03-06,22,0,110,338.6,338.6,0.0,-338600.0,0.0
2019-03-06,22,0,111,0.0,0.0,0.0,0.0,0.0
2019-03-06,22,0,113,139.63,139.63,0.0,-38269.97173,0.0
2019-03-06,22,0,115,139.63,139.63,0.0,-38269.97173,0.0
2019-03-06,22,0,116,0.0,0.0,0.0,-0.0,0.0
2019-03-06,22,0,117,9.31,9.31,0.0,-2551.69689,0.0
2019-03-06,22,0,119,200.0,200.0,0.0,19451.107083,0.0
2019-03-06,22,0,120,117.6,117.6,0.0,11437.250965,0.0
2019-03-06,22,0,123,0.0,0.0,0.0,0.0,0.0
2019-03-06,22,0,125,174.2,174.2,0.0,1973.631427,0.0
2019-03-06,22,0,126,0.0,0.0,0.0,0.0,0.0
2019-03-06,22,0,127,0.0,0.0,0.0,0.0,0.0
2019-03-06,22,0,128,249.5,249.5,0.0,2826.756837,0.0
2019-03-06,22,0,131,30.0,30.0,0.0,-11518.085598,0.0
2019-03-06,22,0,132,44.1,44.1,0.0,-16931.585828,0.0
2019-03-06,22,0,133,7.73,7.73,0.0,76.966604,0.0
2019-03-06,22,0,134,0.0,0.0,0.0,0.0,0.0
2019-03-06,22,0,135,10.36,10.36,0.0,103.153172,0.0
2019-03-06,22,0,136,2.63,2.63,0.0,26.328767,0.0
2019-03-06,22,0,139,149.8,149.8,0.0,1490.758159,0.0
2019-03-06,22,0,140,250.6,250.6,0.0,-250600.0,0.0
2019-03-06,22,0,141,218.34,218.34,0.0,-123195.680605,0.0
2019-03-06,22,0,142,0.0,0.0,0.0,-0.0,0.0
2019-03-06,22,0,143,33.5,33.5,0.0,380.486211,0.0
2019-03-06,22,0,145,73.71,73.71,0.0,768.167258,0.0
2019-03-06,22,0,146,268.0,268.0,0.0,-268000.0,0.0
2019-03-06,22,0,152,0.0,0.0,0.0,0.0,0.0
2019-03-06,22,0,153,0.0,0.0,0.0,0.0,0.0
2019-03-06,22,0,154,0.0,0.0,0.0,0.0,0.0
2019-03-06,22,0,157,250.0,250.0,0.0,-141059.449259,0.0
2019-03-06,22,0,158,0.0,0.0,0.0,-0.0,0.0
2019-03-06,22,0,159,0.0,0.0,0.0,0.0,0.0
2019-03-06,22,0,160,0.0,0.0,0.0,0.0,0.0
2019-03-06,22,0,161,0.0,0.0,0.0,-0.0,0.0
2019-03-06,22,0,162,40.9,40.9,0.0,950.03701,0.0
2019-03-06,22,0,163,124.28,124.28,0.0,-124280.0,0.0
2019-03-06,22,0,164,0.0,0.0,0.0,0.0,0.0
2019-03-06,22,0,167,0.0,0.0,0.0,0.0,0.0
2019-03-06,22,0,168,0.0,0.0,0.0,0.0,0.0
2019-03-06,22,0,169,0.0,0.0,0.0,0.0,0.0
2019-03-06,22,0,170,0.0,0.0,0.0,0.0,0.0
2019-03-06,22,0,172,0.0,0.0,0.0,0.0,0.0
2019-03-06,22,0,173,0.0,0.0,0.0,0.0,0.0
2019-03-06,22,0,188,0.0,0.0,0.0,0.0,0.0
2019-03-06,22,0,190,0.0,0.0,0.0,0.0,0.0
2019-03-06,22,0,191,0.0,0.0,0.0,0.0,0.0
2019-03-06,22,0,192,129.98,129.98,0.0,4214.933874,0.0
2019-03-06,22,0,194,176.5,176.5,0.0,-24810.735953,0.0
2019-03-06,22,0,196,0.0,0.0,0.0,0.0,0.0
2019-03-06,22,0,198,0.0,0.0,0.0,0.0,0.0
2019-03-06,22,0,199,130.0,130.0,0.0,-4754.306971,0.0
2019-03-06,22,0,200,0.0,0.0,0.0,-0.0,0.0
2019-03-06,22,0,204,857.0,857.0,0.0,7663.685237,0.0
2019-03-06,22,0,205,852.76,852.76,0.0,7491.627483,0.0
2019-03-06,22,0,206,539.94,539.94,0.0,6148.391663,0.0
2019-03-06,22,0,210,0.0,0.0,0.0,0.0,0.0
2019-03-06,22,0,214,0.0,0.0,0.0,0.0,0.0
2019-03-06,22,0,217,0.0,0.0,0.0,0.0,0.0
2019-03-06,22,0,218,0.0,0.0,0.0,0.0,0.0
2019-03-06,22,0,219,0.0,0.0,0.0,0.0,0.0
2019-03-06,22,0,221,0.0,0.0,0.0,0.0,0.0
2019-03-06,22,0,225,0.0,0.0,0.0,0.0,0.0
2019-03-06,22,0,233,0.0,0.0,0.0,0.0,0.0
2019-03-06,22,0,236,0.0,0.0,0.0,0.0,0.0
2019-03-06,22,0,237,10.65,10.65,0.0,101.395582,0.0
2019-03-06,22,0,238,0.0,0.0,0.0,0.0,0.0
2019-03-06,22,0,240,0.0,0.0,0.0,0.0,0.0
2019-03-06,22,0,245,8.65,8.65,0.0,84.66861,0.0
2019-03-06,22,0,247,0.0,0.0,0.0,0.0,0.0
2019-03-06,22,0,248,1.07,1.07,0.0,10.187162,0.0
2019-03-06,22,0,249,16.64,16.64,0.0,162.876957,0.0
2019-03-06,22,0,251,15.7,15.7,0.0,158.344025,0.0
2019-03-06,22,0,252,10.44,10.44,0.0,104.487226,0.0
2019-03-06,22,0,254,0.0,0.0,0.0,0.0,0.0
2019-03-06,22,0,255,0.0,0.0,0.0,0.0,0.0
2019-03-06,22,0,258,0.0,0.0,0.0,0.0,0.0
2019-03-06,22,0,260,0.0,0.0,0.0,0.0,0.0
2019-03-06,22,0,265,0.0,0.0,0.0,0.0,0.0
2019-03-06,22,0,266,97.0,97.0,0.0,965.310691,0.0
2019-03-06,22,0,267,119.2,119.2,0.0,1186.237467,0.0
2019-03-06,22,0,270,388.13,388.13,0.0,-388130.0,0.0
2019-03-06,22,0,272,466.66,466.66,0.0,-127902.778827,0.0
2019-03-06,22,0,273,0.0,0.0,0.0,-0.0,0.0
2019-03-06,22,0,274,500.35,500.35,0.0,-500350.0,0.0
2019-03-06,22,0,275,696.49,696.49,0.0,-696490.0,0.0
2019-03-06,22,0,276,0.0,0.0,0.0,-0.0,0.0
2019-03-06,22,0,277,0.0,0.0,0.0,-0.0,0.0
2019-03-06,22,0,278,0.0,0.0,0.0,-0.0,0.0
2019-03-06,22,0,279,208.12,208.12,0.0,-59509.140727,0.0
2019-03-06,22,0,281,7.59,7.59,0.0,86.205682,0.0
2019-03-06,22,0,282,0.0,0.0,0.0,0.0,0.0
2019-03-06,23,0,9,0.0,0.0,0.0,0.0,0.0
2019-03-06,23,0,17,0.0,0.0,0.0,0.0,0.0
2019-03-06,23,0,19,21.75,21.75,0.0,156.365558,0.0
2019-03-06,23,0,20,26.38,26.38,0.0,189.651652,0.0
2019-03-06,23,0,21,0.0,0.0,0.0,0.0,0.0
2019-03-06,23,0,22,0.0,0.0,0.0,0.0,0.0
2019-03-06,23,0,23,108.8,108.8,0.0,1232.207314,0.0
2019-03-06,23,0,24,192.5,192.5,0.0,2180.146212,0.0
2019-03-06,23,0,29,0.0,0.0,0.0,0.0,0.0
2019-03-06,23,0,30,0.0,0.0,0.0,0.0,0.0
2019-03-06,23,0,31,15.25,15.25,0.0,173.20641,0.0
2019-03-06,23,0,32,0.0,0.0,0.0,0.0,0.0
2019-03-06,23,0,33,0.0,0.0,0.0,0.0,0.0
2019-03-06,23,0,34,0.0,0.0,0.0,0.0,0.0
2019-03-06,23,0,35,0.0,0.0,0.0,0.0,0.0
2019-03-06,23,0,36,0.0,0.0,0.0,0.0,0.0
2019-03-06,23,0,37,0.0,0.0,0.0,0.0,0.0
2019-03-06,23,0,38,0.0,0.0,0.0,0.0,0.0
2019-03-06,23,0,39,0.0,0.0,0.0,0.0,0.0
2019-03-06,23,0,40,0.0,0.0,0.0,0.0,0.0
2019-03-06,23,0,41,116.0,116.0,0.0,1121.519268,0.0
2019-03-06,23,0,42,0.0,0.0,0.0,0.0,0.0
2019-03-06,23,0,43,0.0,0.0,0.0,0.0,0.0
2019-03-06,23,0,46,0.0,0.0,0.0,0.0,0.0
2019-03-06,23,0,52,16.17,16.17,0.0,183.655583,0.0
2019-03-06,23,0,53,25.69,25.69,0.0,291.781814,0.0
2019-03-06,23,0,55,483.14,483.14,0.0,5471.770603,0.0
2019-03-06,23,0,56,0.0,0.0,0.0,0.0,0.0
2019-03-06,23,0,57,0.0,0.0,0.0,0.0,0.0
2019-03-06,23,0,58,0.0,0.0,0.0,0.0,0.0
2019-03-06,23,0,59,0.0,0.0,0.0,0.0,0.0
2019-03-06,23,0,63,170.0,170.0,0.0,16335.377536,0.0
2019-03-06,23,0,64,200.0,200.0,0.0,19218.091219,0.0
2019-03-06,23,0,65,1.68,1.68,0.0,12.14582,0.0
2019-03-06,23,0,67,0.0,0.0,0.0,-0.0,0.0
2019-03-06,23,0,68,9.38,9.38,0.0,-3965.997771,0.0
2019-03-06,23,0,69,0.0,0.0,0.0,0.0,0.0
2019-03-06,23,0,74,1.78,1.78,0.0,13.9184,0.0
2019-03-06,23,0,77,200.0,200.0,0.0,-60946.490071,0.0
2019-03-06,23,0,78,151.2,151.2,0.0,-46075.546494,0.0
2019-03-06,23,0,79,87.5,87.5,0.0,-26664.089406,0.0
2019-03-06,23,0,80,141.5,141.5,0.0,-43119.641726,0.0
2019-03-06,23,0,81,185.0,185.0,0.0,-56375.503316,0.0
2019-03-06,23,0,82,130.5,130.5,0.0,-39767.584772,0.0
2019-03-06,23,0,83,291.0,291.0,0.0,-88677.143054,0.0
2019-03-06,23,0,84,0.0,0.0,0.0,-0.0,0.0
2019-03-06,23,0,86,0.0,0.0,0.0,0.0,0.0
2019-03-06,23,0,87,0.0,0.0,0.0,0.0,0.0
2019-03-06,23,0,88,170.6,170.6,0.0,-51987.356031,0.0
2019-03-06,23,0,89,164.0,164.0,0.0,-49976.121859,0.0
2019-03-06,23,0,90,220.2,220.2,0.0,-67102.085569,0.0
2019-03-06,23,0,91,785.5,785.5,0.0,-239367.339755,0.0
2019-03-06,23,0,92,282.5,282.5,0.0,-86086.917226,0.0
2019-03-06,23,0,95,90.11,90.11,0.0,2021.143566,0.0
2019-03-06,23,0,96,29.88,29.88,0.0,340.381586,0.0
2019-03-06,23,0,97,183.75,183.75,0.0,2093.210052,0.0
2019-03-06,23,0,99,0.34,0.34,0.0,2.658571,0.0
2019-03-06,23,0,101,0.0,0.0,0.0,0.0,0.0
2019-03-06,23,0,102,22.21,22.21,0.0,-9390.704744,0.0
2019-03-06,23,0,103,19.31,19.31,0.0,-8164.543386,0.0
2019-03-06,23,0,104,3.59,3.59,0.0,-1517.903198,0.0
2019-03-06,23,0,106,0.0,0.0,0.0,0.0,0.0
2019-03-06,23,0,109,200.0,200.0,0.0,1698.055465,0.0
2019-03-06,23,0,110,338.6,338.6,0.0,-338600.0,0.0
2019-03-06,23,0,111,0.0,0.0,0.0,0.0,0.0
2019-03-06,23,0,113,150.0,150.0,0.0,-41267.746414,0.0
2019-03-06,23,0,115,150.0,150.0,0.0,-41267.746414,0.0
2019-03-06,23,0,116,0.0,0.0,0.0,-0.0,0.0
2019-03-06,23,0,117,10.0,10.0,0.0,-2751.183094,0.0
2019-03-06,23,0,119,200.0,200.0,0.0,19218.091219,0.0
2019-03-06,23,0,120,117.6,117.6,0.0,11300.237637,0.0
2019-03-06,23,0,123,0.0,0.0,0.0,0.0,0.0
2019-03-06,23,0,125,174.2,174.2,0.0,1972.890754,0.0
2019-03-06,23,0,126,0.0,0.0,0.0,0.0,0.0
2019-03-06,23,0,127,0.0,0.0,0.0,0.0,0.0
2019-03-06,23,0,128,249.5,249.5,0.0,2825.696,0.0
2019-03-06,23,0,131,30.0,30.0,0.0,-11546.049209,0.0
2019-03-06,23,0,132,44.1,44.1,0.0,-16972.692337,0.0
2019-03-06,23,0,133,2.9,2.9,0.0,20.837694,0.0
2019-03-06,23,0,134,0.0,0.0,0.0,0.0,0.0
2019-03-06,23,0,135,3.89,3.89,0.0,27.951251,0.0
2019-03-06,23,0,136,2.16,2.16,0.0,15.620849,0.0
2019-03-06,23,0,139,149.8,149.8,0.0,1448.306779,0.0
2019-03-06,23,0,140,250.6,250.6,0.0,-250600.0,0.0
2019-03-06,23,0,141,213.1,213.1,0.0,-120379.575515,0.0
2019-03-06,23,0,142,0.0,0.0,0.0,-0.0,0.0
2019-03-06,23,0,143,26.18,26.18,0.0,297.347135,0.0
2019-03-06,23,0,145,30.0,30.0,0.0,308.975076,0.0
2019-03-06,23,0,146,268.0,268.0,0.0,-268000.0,0.0
2019-03-06,23,0,152,0.0,0.0,0.0,0.0,0.0
2019-03-06,23,0,153,0.0,0.0,0.0,0.0,0.0
2019-03-06,23,0,154,0.0,0.0,0.0,0.0,0.0
2019-03-06,23,0,157,250.0,250.0,0.0,-141224.279112,0.0
2019-03-06,23,0,158,0.0,0.0,0.0,-0.0,0.0
2019-03-06,23,0,159,0.0,0.0,0.0,0.0,0.0
2019-03-06,23,0,160,0.0,0.0,0.0,0.0,0.0
2019-03-06,23,0,161,0.0,0.0,0.0,-0.0,0.0
2019-03-06,23,0,162,26.57,26.57,0.0,617.017079,0.0
2019-03-06,23,0,163,133.79,133.79,0.0,-133790.0,0.0
2019-03-06,23,0,164,0.0,0.0,0.0,0.0,0.0
2019-03-06,23,0,167,0.0,0.0,0.0,0.0,0.0
2019-03-06,23,0,168,0.0,0.0,0.0,0.0,0.0
2019-03-06,23,0,169,0.0,0.0,0.0,0.0,0.0
2019-03-06,23,0,170,0.0,0.0,0.0,0.0,0.0
2019-03-06,23,0,172,0.0,0.0,0.0,0.0,0.0
2019-03-06,23,0,173,0.0,0.0,0.0,0.0,0.0
2019-03-06,23,0,188,0.0,0.0,0.0,0.0,0.0
2019-03-06,23,0,190,0.0,0.0,0.0,0.0,0.0
2019-03-06,23,0,191,0.0,0.0,0.0,0.0,0.0
2019-03-06,23,0,192,147.44,147.44,0.0,4781.119021,0.0
2019-03-06,23,0,194,176.5,176.5,0.0,-25014.90283,0.0
2019-03-06,23,0,196,0.0,0.0,0.0,0.0,0.0
2019-03-06,23,0,198,0.0,0.0,0.0,0.0,0.0
2019-03-06,23,0,199,95.85,95.85,0.0,-3737.177384,0.0
2019-03-06,23,0,200,0.0,0.0,0.0,-0.0,0.0
2019-03-06,23,0,204,857.0,857.0,0.0,7396.965693,0.0
2019-03-06,23,0,205,1058.0,1058.0,0.0,8982.713409,0.0
2019-03-06,23,0,206,539.94,539.94,0.0,6150.790942,0.0
2019-03-06,23,0,210,0.0,0.0,0.0,0.0,0.0
2019-03-06,23,0,214,0.0,0.0,0.0,0.0,0.0
2019-03-06,23,0,217,0.0,0.0,0.0,0.0,0.0
2019-03-06,23,0,218,0.0,0.0,0.0,0.0,0.0
2019-03-06,23,0,219,0.0,0.0,0.0,0.0,0.0
2019-03-06,23,0,221,0.0,0.0,0.0,0.0,0.0
2019-03-06,23,0,225,0.0,0.0,0.0,0.0,0.0
2019-03-06,23,0,233,0.0,0.0,0.0,0.0,0.0
2019-03-06,23,0,236,0.0,0.0,0.0,0.0,0.0
2019-03-06,23,0,237,4.28,4.28,0.0,33.466714,0.0
2019-03-06,23,0,238,0.0,0.0,0.0,0.0,0.0
2019-03-06,23,0,240,0.0,0.0,0.0,0.0,0.0
2019-03-06,23,0,245,0.0,0.0,0.0,0.0,0.0
2019-03-06,23,0,247,0.0,0.0,0.0,0.0,0.0
2019-03-06,23,0,248,0.43,0.43,0.0,3.36231,0.0
2019-03-06,23,0,249,0.0,0.0,0.0,0.0,0.0
2019-03-06,23,0,251,7.89,7.89,0.0,57.565759,0.0
2019-03-06,23,0,252,10.81,10.81,0.0,78.152569,0.0
2019-03-06,23,0,254,0.0,0.0,0.0,0.0,0.0
2019-03-06,23,0,255,0.0,0.0,0.0,0.0,0.0
2019-03-06,23,0,258,0.0,0.0,0.0,0.0,0.0
2019-03-06,23,0,260,0.0,0.0,0.0,0.0,0.0
2019-03-06,23,0,265,0.0,0.0,0.0,0.0,0.0
2019-03-06,23,0,266,97.0,97.0,0.0,937.822146,0.0
2019-03-06,23,0,267,119.2,119.2,0.0,1152.45773,0.0
2019-03-06,23,0,270,417.83,417.83,0.0,-417830.0,0.0
2019-03-06,23,0,272,501.3,501.3,0.0,-137916.808515,0.0
2019-03-06,23,0,273,0.0,0.0,0.0,-0.0,0.0
2019-03-06,23,0,274,538.63,538.63,0.0,-538630.0,0.0
2019-03-06,23,0,275,749.78,749.78,0.0,-749780.0,0.0
2019-03-06,23,0,276,0.0,0.0,0.0,-0.0,0.0
2019-03-06,23,0,277,0.0,0.0,0.0,-0.0,0.0
2019-03-06,23,0,278,0.0,0.0,0.0,-0.0,0.0
2019-03-06,23,0,279,257.38,257.38,0.0,-73865.768399,0.0
2019-03-06,23,0,281,6.85,6.85,0.0,77.800912,0.0
2019-03-06,23,0,282,0.0,0.0,0.0,0.0,0.0
2019-03-07,0,0,9,0.0,0.0,0.0,0.0,0.0
2019-03-07,0,0,17,0.0,0.0,0.0,0.0,0.0
2019-03-07,0,0,19,0.0,0.0,0.0,0.0,0.0
2019-03-07,0,0,20,0.0,0.0,0.0,0.0,0.0
2019-03-07,0,0,21,0.0,0.0,0.0,0.0,0.0
2019-03-07,0,0,22,0.0,0.0,0.0,0.0,0.0
2019-03-07,0,0,23,108.8,108.8,0.0,1344.680526,0.0
2019-03-07,0,0,24,192.5,192.5,0.0,2379.145233,0.0
2019-03-07,0,0,29,0.0,0.0,0.0,0.0,0.0
2019-03-07,0,0,30,0.0,0.0,0.0,0.0,0.0
2019-03-07,0,0,31,14.72,14.72,0.0,182.629052,0.0
2019-03-07,0,0,32,0.0,0.0,0.0,0.0,0.0
2019-03-07,0,0,33,0.0,0.0,0.0,0.0,0.0
2019-03-07,0,0,34,0.0,0.0,0.0,0.0,0.0
2019-03-07,0,0,35,0.0,0.0,0.0,0.0,0.0
2019-03-07,0,0,36,0.0,0.0,0.0,0.0,0.0
2019-03-07,0,0,37,0.0,0.0,0.0,0.0,0.0
2019-03-07,0,0,38,0.0,0.0,0.0,0.0,0.0
2019-03-07,0,0,39,0.0,0.0,0.0,0.0,0.0
2019-03-07,0,0,40,0.0,0.0,0.0,0.0,0.0
2019-03-07,0,0,41,116.0,116.0,0.0,1176.691265,0.0
2019-03-07,0,0,42,0.0,0.0,0.0,0.0,0.0
2019-03-07,0,0,43,0.0,0.0,0.0,0.0,0.0
2019-03-07,0,0,46,0.0,0.0,0.0,0.0,0.0
2019-03-07,0,0,52,15.61,15.61,0.0,193.671162,0.0
2019-03-07,0,0,53,24.79,24.79,0.0,307.566182,0.0
2019-03-07,0,0,55,402.24,402.24,0.0,4971.363005,0.0
2019-03-07,0,0,56,0.0,0.0,0.0,0.0,0.0
2019-03-07,0,0,57,0.0,0.0,0.0,0.0,0.0
2019-03-07,0,0,58,0.0,0.0,0.0,0.0,0.0
2019-03-07,0,0,59,0.0,0.0,0.0,0.0,0.0
2019-03-07,0,0,63,170.0,170.0,0.0,16237.314875,0.0
2019-03-07,0,0,64,200.0,200.0,0.0,19102.723382,0.0
2019-03-07,0,0,65,1.78,1.78,0.0,24.480573,0.0
2019-03-07,0,0,67,0.0,0.0,0.0,-0.0,0.0
2019-03-07,0,0,68,10.2,10.2,0.0,-4320.022598,0.0
2019-03-07,0,0,69,0.0,0.0,0.0,0.0,0.0
2019-03-07,0,0,74,0.0,0.0,0.0,0.0,0.0
2019-03-07,0,0,77,200.0,200.0,0.0,-61139.833791,0.0
2019-03-07,0,0,78,151.2,151.2,0.0,-46221.714346,0.0
2019-03-07,0,0,79,87.5,87.5,0.0,-26748.677284,0.0
2019-03-07,0,0,80,141.5,141.5,0.0,-43256.432407,0.0
2019-03-07,0,0,81,185.0,185.0,0.0,-56554.346257,0.0
2019-03-07,0,0,82,130.5,130.5,0.0,-39893.741549,0.0
2019-03-07,0,0,83,291.0,291.0,0.0,-88958.458167,0.0
2019-03-07,0,0,84,0.0,0.0,0.0,0.0,0.0
2019-03-07,0,0,86,0.0,0.0,0.0,0.0,0.0
2019-03-07,0,0,87,0.0,0.0,0.0,0.0,0.0
2019-03-07,0,0,88,170.6,170.6,0.0,-52152.278224,0.0
2019-03-07,0,0,89,164.0,164.0,0.0,-50134.663709,0.0
2019-03-07,0,0,90,220.2,220.2,0.0,-67314.957004,0.0
2019-03-07,0,0,91,785.5,785.5,0.0,-240126.697216,0.0
2019-03-07,0,0,92,282.5,282.5,0.0,-86360.01523,0.0
2019-03-07,0,0,95,67.24,67.24,0.0,1307.534234,0.0
2019-03-07,0,0,96,29.88,29.88,0.0,372.205708,0.0
2019-03-07,0,0,97,183.75,183.75,0.0,2288.915624,0.0
2019-03-07,0,0,99,0.0,0.0,0.0,0.0,0.0
2019-03-07,0,0,101,0.0,0.0,0.0,0.0,0.0
2019-03-07,0,0,102,24.15,24.15,0.0,-10228.288798,0.0
2019-03-07,0,0,103,21.0,21.0,0.0,-8894.164172,0.0
2019-03-07,0,0,104,3.9,3.9,0.0,-1651.773346,0.0
2019-03-07,0,0,106,0.0,0.0,0.0,0.0,0.0
2019-03-07,0,0,109,200.0,200.0,0.0,1580.090691,0.0
2019-03-07,0,0,110,338.6,338.6,0.0,-338600.0,0.0
2019-03-07,0,0,111,0.0,0.0,0.0,0.0,0.0
2019-03-07,0,0,113,150.0,150.0,0.0,-41367.734865,0.0
2019-03-07,0,0,115,150.0,150.0,0.0,-41367.734865,0.0
2019-03-07,0,0,116,0.0,0.0,0.0,-0.0,0.0
2019-03-07,0,0,117,10.0,10.0,0.0,-2757.848991,0.0
2019-03-07,0,0,119,200.0,200.0,0.0,19102.723382,0.0
2019-03-07,0,0,120,117.6,117.6,0.0,11232.401349,0.0
2019-03-07,0,0,123,0.0,0.0,0.0,0.0,0.0
2019-03-07,0,0,125,174.2,174.2,0.0,2152.971946,0.0
2019-03-07,0,0,126,0.0,0.0,0.0,0.0,0.0
2019-03-07,0,0,127,0.0,0.0,0.0,0.0,0.0
2019-03-07,0,0,128,249.5,249.5,0.0,3083.619405,0.0
2019-03-07,0,0,131,30.0,30.0,0.0,-11568.985042,0.0
2019-03-07,0,0,132,44.1,44.1,0.0,-17006.408012,0.0
2019-03-07,0,0,133,0.0,0.0,0.0,0.0,0.0
2019-03-07,0,0,134,0.0,0.0,0.0,0.0,0.0
2019-03-07,0,0,135,0.0,0.0,0.0,0.0,0.0
2019-03-07,0,0,136,1.88,1.88,0.0,25.864992,0.0
2019-03-07,0,0,139,149.8,149.8,0.0,1519.554754,0.0
2019-03-07,0,0,140,250.6,250.6,0.0,-250600.0,0.0
2019-03-07,0,0,141,216.05,216.05,0.0,-122162.856586,0.0
2019-03-07,0,0,142,0.0,0.0,0.0,-0.0,0.0
2019-03-07,0,0,143,55.65,55.65,0.0,690.442034,0.0
2019-03-07,0,0,145,30.0,30.0,0.0,323.577156,0.0
2019-03-07,0,0,146,268.0,268.0,0.0,-268000.0,0.0
2019-03-07,0,0,152,0.0,0.0,0.0,0.0,0.0
2019-03-07,0,0,153,0.0,0.0,0.0,0.0,0.0
2019-03-07,0,0,154,0.0,0.0,0.0,0.0,0.0
2019-03-07,0,0,157,250.0,250.0,0.0,-141359.473022,0.0
2019-03-07,0,0,158,0.0,0.0,0.0,-0.0,0.0
2019-03-07,0,0,159,0.0,0.0,0.0,0.0,0.0
2019-03-07,0,0,160,0.0,0.0,0.0,0.0,0.0
2019-03-07,0,0,161,0.0,0.0,0.0,-0.0,0.0
2019-03-07,0,0,162,34.58,34.58,0.0,699.904879,0.0
2019-03-07,0,0,163,144.49,144.49,0.0,-144490.0,0.0
2019-03-07,0,0,164,0.0,0.0,0.0,0.0,0.0
2019-03-07,0,0,167,0.0,0.0,0.0,0.0,0.0
2019-03-07,0,0,168,0.0,0.0,0.0,0.0,0.0
2019-03-07,0,0,169,0.0,0.0,0.0,0.0,0.0
2019-03-07,0,0,170,0.0,0.0,0.0,0.0,0.0
2019-03-07,0,0,172,0.0,0.0,0.0,0.0,0.0
2019-03-07,0,0,173,0.0,0.0,0.0,0.0,0.0
2019-03-07,0,0,188,0.0,0.0,0.0,0.0,0.0
2019-03-07,0,0,190,0.0,0.0,0.0,0.0,0.0
2019-03-07,0,0,191,0.0,0.0,0.0,0.0,0.0
2019-03-07,0,0,192,177.14,177.14,0.0,5744.217468,0.0
2019-03-07,0,0,194,176.5,176.5,0.0,-25106.332092,0.0
2019-03-07,0,0,196,0.0,0.0,0.0,0.0,0.0
2019-03-07,0,0,198,0.0,0.0,0.0,0.0,0.0
2019-03-07,0,0,199,39.0,39.0,0.0,-1552.005687,0.0
2019-03-07,0,0,200,0.0,0.0,0.0,-0.0,0.0
2019-03-07,0,0,204,857.0,857.0,0.0,7029.407593,0.0
2019-03-07,0,0,205,1058.0,1058.0,0.0,8358.679754,0.0
2019-03-07,0,0,206,539.94,539.94,0.0,6725.86178,0.0
2019-03-07,0,0,210,0.0,0.0,0.0,0.0,0.0
2019-03-07,0,0,214,0.0,0.0,0.0,0.0,0.0
2019-03-07,0,0,217,0.0,0.0,0.0,0.0,0.0
2019-03-07,0,0,218,0.0,0.0,0.0,0.0,0.0
2019-03-07,0,0,219,0.0,0.0,0.0,0.0,0.0
2019-03-07,0,0,221,0.0,0.0,0.0,0.0,0.0
2019-03-07,0,0,225,0.0,0.0,0.0,0.0,0.0
2019-03-07,0,0,233,0.0,0.0,0.0,0.0,0.0
2019-03-07,0,0,236,0.0,0.0,0.0,0.0,0.0
2019-03-07,0,0,237,0.0,0.0,0.0,0.0,0.0
2019-03-07,0,0,238,0.0,0.0,0.0,0.0,0.0
2019-03-07,0,0,240,0.0,0.0,0.0,0.0,0.0
2019-03-07,0,0,245,0.0,0.0,0.0,0.0,0.0
2019-03-07,0,0,247,0.0,0.0,0.0,0.0,0.0
2019-03-07,0,0,248,0.0,0.0,0.0,0.0,0.0
2019-03-07,0,0,249,0.0,0.0,0.0,0.0,0.0
2019-03-07,0,0,251,8.75,8.75,0.0,121.607327,0.0
2019-03-07,0,0,252,11.49,11.49,0.0,158.023476,0.0
2019-03-07,0,0,254,0.0,0.0,0.0,0.0,0.0
2019-03-07,0,0,255,0.0,0.0,0.0,0.0,0.0
2019-03-07,0,0,258,0.0,0.0,0.0,0.0,0.0
2019-03-07,0,0,260,0.0,0.0,0.0,0.0,0.0
2019-03-07,0,0,265,0.0,0.0,0.0,0.0,0.0
2019-03-07,0,0,266,97.0,97.0,0.0,983.957351,0.0
2019-03-07,0,0,267,119.2,119.2,0.0,1209.151713,0.0
2019-03-07,0,0,270,451.25,451.25,0.0,-451250.0,0.0
2019-03-07,0,0,272,501.3,501.3,0.0,-138250.969918,0.0
2019-03-07,0,0,273,0.0,0.0,0.0,-0.0,0.0
2019-03-07,0,0,274,581.71,581.71,0.0,-581710.0,0.0
2019-03-07,0,0,275,809.75,809.75,0.0,-809750.0,0.0
2019-03-07,0,0,276,0.0,0.0,0.0,-0.0,0.0
2019-03-07,0,0,277,0.0,0.0,0.0,-0.0,0.0
2019-03-07,0,0,278,0.0,0.0,0.0,-0.0,0.0
2019-03-07,0,0,279,264.6,264.6,0.0,-76146.062142,0.0
2019-03-07,0,0,281,6.61,6.61,0.0,82.009377,0.0
2019-03-07,0,0,282,0.0,0.0,0.0,0.0,0.0
2019-03-07,1,0,9,0.0,0.0,0.0,0.0,0.0
2019-03-07,1,0,17,0.0,0.0,0.0,0.0,0.0
2019-03-07,1,0,19,0.0,0.0,0.0,0.0,0.0
2019-03-07,1,0,20,0.0,0.0,0.0,0.0,0.0
2019-03-07,1,0,21,0.0,0.0,0.0,0.0,0.0
2019-03-07,1,0,22,0.0,0.0,0.0,0.0,0.0
2019-03-07,1,0,23,108.8,108.8,0.0,1344.607097,0.0
2019-03-07,1,0,24,192.5,192.5,0.0,2379.015314,0.0
2019-03-07,1,0,29,0.0,0.0,0.0,0.0,0.0
2019-03-07,1,0,30,0.0,0.0,0.0,0.0,0.0
2019-03-07,1,0,31,34.28,34.28,0.0,425.30733,0.0
2019-03-07,1,0,32,0.0,0.0,0.0,0.0,0.0
2019-03-07,1,0,33,0.0,0.0,0.0,0.0,0.0
2019-03-07,1,0,34,0.0,0.0,0.0,0.0,0.0
2019-03-07,1,0,35,0.0,0.0,0.0,0.0,0.0
2019-03-07,1,0,36,0.0,0.0,0.0,0.0,0.0
2019-03-07,1,0,37,0.0,0.0,0.0,0.0,0.0
2019-03-07,1,0,38,0.0,0.0,0.0,0.0,0.0
2019-03-07,1,0,39,0.0,0.0,0.0,0.0,0.0
2019-03-07,1,0,40,0.0,0.0,0.0,0.0,0.0
2019-03-07,1,0,41,116.0,116.0,0.0,1170.580112,0.0
2019-03-07,1,0,42,0.0,0.0,0.0,0.0,0.0
2019-03-07,1,0,43,0.0,0.0,0.0,0.0,0.0
2019-03-07,1,0,46,0.0,0.0,0.0,0.0,0.0
2019-03-07,1,0,52,36.49,36.49,0.0,452.726502,0.0
2019-03-07,1,0,53,59.65,59.65,0.0,740.069494,0.0
2019-03-07,1,0,55,296.43,296.43,0.0,3663.436413,0.0
2019-03-07,1,0,56,0.0,0.0,0.0,0.0,0.0
2019-03-07,1,0,57,0.0,0.0,0.0,0.0,0.0
2019-03-07,1,0,58,0.0,0.0,0.0,0.0,0.0
2019-03-07,1,0,59,0.0,0.0,0.0,0.0,0.0
2019-03-07,1,0,63,170.0,170.0,0.0,16252.836917,0.0
2019-03-07,1,0,64,200.0,200.0,0.0,19120.984608,0.0
2019-03-07,1,0,65,1.91,1.91,0.0,26.26848,0.0
2019-03-07,1,0,67,0.0,0.0,0.0,-0.0,0.0
2019-03-07,1,0,68,10.2,10.2,0.0,-4318.64688,0.0
2019-03-07,1,0,69,0.0,0.0,0.0,0.0,0.0
2019-03-07,1,0,74,0.0,0.0,0.0,0.0,0.0
2019-03-07,1,0,77,200.0,200.0,0.0,-61108.151048,0.0
2019-03-07,1,0,78,151.2,151.2,0.0,-46197.762192,0.0
2019-03-07,1,0,79,87.5,87.5,0.0,-26734.816084,0.0
2019-03-07,1,0,80,141.5,141.5,0.0,-43234.016867,0.0
2019-03-07,1,0,81,185.0,185.0,0.0,-56525.03972,0.0
2019-03-07,1,0,82,130.5,130.5,0.0,-39873.068559,0.0
2019-03-07,1,0,83,291.0,291.0,0.0,-88912.359775,0.0
2019-03-07,1,0,84,0.0,0.0,0.0,0.0,0.0
2019-03-07,1,0,86,0.0,0.0,0.0,0.0,0.0
2019-03-07,1,0,87,0.0,0.0,0.0,0.0,0.0
2019-03-07,1,0,88,170.6,170.6,0.0,-52125.252844,0.0
2019-03-07,1,0,89,164.0,164.0,0.0,-50108.68386,0.0
2019-03-07,1,0,90,220.2,220.2,0.0,-67280.074304,0.0
2019-03-07,1,0,91,785.5,785.5,0.0,-240002.263242,0.0
2019-03-07,1,0,92,282.5,282.5,0.0,-86315.263356,0.0
2019-03-07,1,0,95,88.63,88.63,0.0,1723.479464,0.0
2019-03-07,1,0,96,29.88,29.88,0.0,372.226784,0.0
2019-03-07,1,0,97,183.75,183.75,0.0,2289.04523,0.0
2019-03-07,1,0,99,0.0,0.0,0.0,0.0,0.0
2019-03-07,1,0,101,0.0,0.0,0.0,0.0,0.0
2019-03-07,1,0,102,24.15,24.15,0.0,-10225.031584,0.0
2019-03-07,1,0,103,21.0,21.0,0.0,-8891.331812,0.0
2019-03-07,1,0,104,3.9,3.9,0.0,-1651.247337,0.0
2019-03-07,1,0,106,0.0,0.0,0.0,0.0,0.0
2019-03-07,1,0,109,200.0,200.0,0.0,1569.467565,0.0
2019-03-07,1,0,110,338.6,338.6,0.0,-338600.0,0.0
2019-03-07,1,0,111,0.0,0.0,0.0,0.0,0.0
2019-03-07,1,0,113,84.36,84.36,0.0,-23250.143497,0.0
2019-03-07,1,0,115,84.36,84.36,0.0,-23250.143497,0.0
2019-03-07,1,0,116,0.0,0.0,0.0,-0.0,0.0
2019-03-07,1,0,117,5.76,5.76,0.0,-1587.492017,0.0
2019-03-07,1,0,119,200.0,200.0,0.0,19120.984608,0.0
2019-03-07,1,0,120,117.6,117.6,0.0,11243.138949,0.0
2019-03-07,1,0,123,0.0,0.0,0.0,0.0,0.0
2019-03-07,1,0,125,174.2,174.2,0.0,2152.854378,0.0
2019-03-07,1,0,126,0.0,0.0,0.0,0.0,0.0
2019-03-07,1,0,127,0.0,0.0,0.0,0.0,0.0
2019-03-07,1,0,128,249.5,249.5,0.0,3083.451017,0.0
2019-03-07,1,0,131,30.0,30.0,0.0,-11564.672801,0.0
2019-03-07,1,0,132,44.1,44.1,0.0,-17000.069018,0.0
2019-03-07,1,0,133,0.0,0.0,0.0,0.0,0.0
2019-03-07,1,0,134,0.0,0.0,0.0,0.0,0.0
2019-03-07,1,0,135,0.0,0.0,0.0,0.0,0.0
2019-03-07,1,0,136,1.76,1.76,0.0,24.215127,0.0
2019-03-07,1,0,139,149.8,149.8,0.0,1511.662938,0.0
2019-03-07,1,0,140,250.6,250.6,0.0,-250600.0,0.0
2019-03-07,1,0,141,224.76,224.76,0.0,-127064.968605,0.0
2019-03-07,1,0,142,0.0,0.0,0.0,-0.0,0.0
2019-03-07,1,0,143,67.82,67.82,0.0,841.433581,0.0
2019-03-07,1,0,145,30.0,30.0,0.0,323.057817,0.0
2019-03-07,1,0,146,268.0,268.0,0.0,-268000.0,0.0
2019-03-07,1,0,152,0.0,0.0,0.0,0.0,0.0
2019-03-07,1,0,153,0.0,0.0,0.0,0.0,0.0
2019-03-07,1,0,154,0.0,0.0,0.0,0.0,0.0
2019-03-07,1,0,157,250.0,250.0,0.0,-141334.054775,0.0
2019-03-07,1,0,158,0.0,0.0,0.0,-0.0,0.0
2019-03-07,1,0,159,0.0,0.0,0.0,0.0,0.0
2019-03-07,1,0,160,0.0,0.0,0.0,0.0,0.0
2019-03-07,1,0,161,0.0,0.0,0.0,-0.0,0.0
2019-03-07,1,0,162,45.39,45.39,0.0,918.759528,0.0
2019-03-07,1,0,163,155.87,155.87,0.0,-155870.0,0.0
2019-03-07,1,0,164,0.0,0.0,0.0,0.0,0.0
2019-03-07,1,0,167,0.0,0.0,0.0,0.0,0.0
2019-03-07,1,0,168,0.0,0.0,0.0,0.0,0.0
2019-03-07,1,0,169,0.0,0.0,0.0,0.0,0.0
2019-03-07,1,0,170,0.0,0.0,0.0,0.0,0.0
2019-03-07,1,0,172,0.0,0.0,0.0,0.0,0.0
2019-03-07,1,0,173,0.0,0.0,0.0,0.0,0.0
2019-03-07,1,0,188,0.0,0.0,0.0,0.0,0.0
2019-03-07,1,0,190,0.0,0.0,0.0,0.0,0.0
2019-03-07,1,0,191,0.0,0.0,0.0,0.0,0.0
2019-03-07,1,0,192,221.91,221.91,0.0,7195.9992,0.0
2019-03-07,1,0,194,176.5,176.5,0.0,-25067.107274,0.0
2019-03-07,1,0,196,0.0,0.0,0.0,0.0,0.0
2019-03-07,1,0,198,0.0,0.0,0.0,0.0,0.0
2019-03-07,1,0,199,95.96,95.96,0.0,-3630.288757,0.0
2019-03-07,1,0,200,0.0,0.0,0.0,-0.0,0.0
2019-03-07,1,0,204,857.0,857.0,0.0,7004.406575,0.0
2019-03-07,1,0,205,1058.0,1058.0,0.0,8302.483419,0.0
2019-03-07,1,0,206,539.94,539.94,0.0,6726.242621,0.0
2019-03-07,1,0,210,0.0,0.0,0.0,0.0,0.0
2019-03-07,1,0,214,0.0,0.0,0.0,0.0,0.0
2019-03-07,1,0,217,0.0,0.0,0.0,0.0,0.0
2019-03-07,1,0,218,0.0,0.0,0.0,0.0,0.0
2019-03-07,1,0,219,0.0,0.0,0.0,0.0,0.0
2019-03-07,1,0,221,0.0,0.0,0.0,0.0,0.0
2019-03-07,1,0,225,0.0,0.0,0.0,0.0,0.0
2019-03-07,1,0,233,0.0,0.0,0.0,0.0,0.0
2019-03-07,1,0,236,0.0,0.0,0.0,0.0,0.0
2019-03-07,1,0,237,0.0,0.0,0.0,0.0,0.0
2019-03-07,1,0,238,0.0,0.0,0.0,0.0,0.0
2019-03-07,1,0,240,0.0,0.0,0.0,0.0,0.0
2019-03-07,1,0,245,1.7,1.7,0.0,22.588905,0.0
2019-03-07,1,0,247,4.2,4.2,0.0,55.807883,0.0
2019-03-07,1,0,248,0.0,0.0,0.0,0.0,0.0
2019-03-07,1,0,249,3.27,3.27,0.0,43.450423,0.0
2019-03-07,1,0,251,10.13,10.13,0.0,140.97461,0.0
2019-03-07,1,0,252,12.34,12.34,0.0,169.713637,0.0
2019-03-07,1,0,254,0.0,0.0,0.0,0.0,0.0
2019-03-07,1,0,255,0.0,0.0,0.0,0.0,0.0
2019-03-07,1,0,258,0.0,0.0,0.0,0.0,0.0
2019-03-07,1,0,260,0.0,0.0,0.0,0.0,0.0
2019-03-07,1,0,265,0.0,0.0,0.0,0.0,0.0
2019-03-07,1,0,266,97.0,97.0,0.0,978.847163,0.0
2019-03-07,1,0,267,119.2,119.2,0.0,1202.871977,0.0
2019-03-07,1,0,270,486.78,486.78,0.0,-486780.0,0.0
2019-03-07,1,0,272,281.35,281.35,0.0,-77541.81926,0.0
2019-03-07,1,0,273,0.0,0.0,0.0,-0.0,0.0
2019-03-07,1,0,274,627.52,627.52,0.0,-627520.0,0.0
2019-03-07,1,0,275,873.52,873.52,0.0,-873520.0,0.0
2019-03-07,1,0,276,0.0,0.0,0.0,-0.0,0.0
2019-03-07,1,0,277,0.0,0.0,0.0,-0.0,0.0
2019-03-07,1,0,278,0.0,0.0,0.0,-0.0,0.0
2019-03-07,1,0,279,264.6,264.6,0.0,-76100.938672,0.0
2019-03-07,1,0,281,14.15,14.15,0.0,175.557139,0.0
2019-03-07,1,0,282,0.0,0.0,0.0,0.0,0.0
2019-03-07,2,0,9,0.0,0.0,0.0,0.0,0.0
2019-03-07,2,0,17,0.0,0.0,0.0,0.0,0.0
2019-03-07,2,0,19,0.0,0.0,0.0,0.0,0.0
2019-03-07,2,0,20,0.0,0.0,0.0,0.0,0.0
2019-03-07,2,0,21,0.0,0.0,0.0,0.0,0.0
2019-03-07,2,0,22,0.0,0.0,0.0,0.0,0.0
2019-03-07,2,0,23,108.8,108.8,0.0,1457.763343,0.0
2019-03-07,2,0,24,192.5,192.5,0.0,2579.222826,0.0
2019-03-07,2,0,29,0.0,0.0,0.0,0.0,0.0
2019-03-07,2,0,30,0.0,0.0,0.0,0.0,0.0
2019-03-07,2,0,31,13.76,13.76,0.0,185.153631,0.0
2019-03-07,2,0,32,0.0,0.0,0.0,0.0,0.0
2019-03-07,2,0,33,0.0,0.0,0.0,0.0,0.0
2019-03-07,2,0,34,0.0,0.0,0.0,0.0,0.0
2019-03-07,2,0,35,0.0,0.0,0.0,0.0,0.0
2019-03-07,2,0,36,0.0,0.0,0.0,0.0,0.0
2019-03-07,2,0,37,0.0,0.0,0.0,0.0,0.0
2019-03-07,2,0,38,0.0,0.0,0.0,0.0,0.0
2019-03-07,2,0,39,0.0,0.0,0.0,0.0,0.0
2019-03-07,2,0,40,0.0,0.0,0.0,0.0,0.0
2019-03-07,2,0,41,100.42,100.42,0.0,1065.81688,0.0
2019-03-07,2,0,42,0.0,0.0,0.0,0.0,0.0
2019-03-07,2,0,43,0.0,0.0,0.0,0.0,0.0
2019-03-07,2,0,46,0.0,0.0,0.0,0.0,0.0
2019-03-07,2,0,52,14.58,14.58,0.0,196.187496,0.0
2019-03-07,2,0,53,23.16,23.16,0.0,311.639397,0.0
2019-03-07,2,0,55,311.13,311.13,0.0,4168.694015,0.0
2019-03-07,2,0,56,0.0,0.0,0.0,0.0,0.0
2019-03-07,2,0,57,0.0,0.0,0.0,0.0,0.0
2019-03-07,2,0,58,0.0,0.0,0.0,0.0,0.0
2019-03-07,2,0,59,0.0,0.0,0.0,0.0,0.0
2019-03-07,2,0,63,170.0,170.0,0.0,16162.368587,0.0
2019-03-07,2,0,64,200.0,200.0,0.0,19014.551279,0.0
2019-03-07,2,0,65,0.98,0.98,0.0,11.45188,0.0
2019-03-07,2,0,67,0.0,0.0,0.0,-0.0,0.0
2019-03-07,2,0,68,10.04,10.04,0.0,-4257.964749,0.0
2019-03-07,2,0,69,0.0,0.0,0.0,0.0,0.0
2019-03-07,2,0,74,0.0,0.0,0.0,0.0,0.0
2019-03-07,2,0,77,200.0,200.0,0.0,-61289.152286,0.0
2019-03-07,2,0,78,151.2,151.2,0.0,-46334.599129,0.0
2019-03-07,2,0,79,87.5,87.5,0.0,-26814.004125,0.0
2019-03-07,2,0,80,141.5,141.5,0.0,-43362.075243,0.0
2019-03-07,2,0,81,185.0,185.0,0.0,-56692.465865,0.0
2019-03-07,2,0,82,130.5,130.5,0.0,-39991.171867,0.0
2019-03-07,2,0,83,291.0,291.0,0.0,-89175.716577,0.0
2019-03-07,2,0,84,0.0,0.0,0.0,0.0,0.0
2019-03-07,2,0,86,0.0,0.0,0.0,0.0,0.0
2019-03-07,2,0,87,0.0,0.0,0.0,0.0,0.0
2019-03-07,2,0,88,170.6,170.6,0.0,-52279.6469,0.0
2019-03-07,2,0,89,164.0,164.0,0.0,-50257.104875,0.0
2019-03-07,2,0,90,220.2,220.2,0.0,-67479.356667,0.0
2019-03-07,2,0,91,785.5,785.5,0.0,-240713.145605,0.0
2019-03-07,2,0,92,282.5,282.5,0.0,-86570.927605,0.0
2019-03-07,2,0,95,36.0,36.0,0.0,700.048073,0.0
2019-03-07,2,0,96,29.88,29.88,0.0,403.854862,0.0
2019-03-07,2,0,97,183.75,183.75,0.0,2483.545208,0.0
2019-03-07,2,0,99,0.0,0.0,0.0,0.0,0.0
2019-03-07,2,0,101,0.0,0.0,0.0,0.0,0.0
2019-03-07,2,0,102,23.76,23.76,0.0,-10076.617772,0.0
2019-03-07,2,0,103,20.66,20.66,0.0,-8761.907541,0.0
2019-03-07,2,0,104,3.84,3.84,0.0,-1628.544286,0.0
2019-03-07,2,0,106,0.0,0.0,0.0,0.0,0.0
2019-03-07,2,0,109,195.26,195.26,0.0,1595.08524,0.0
2019-03-07,2,0,110,338.6,338.6,0.0,-338600.0,0.0
2019-03-07,2,0,111,0.0,0.0,0.0,0.0,0.0
2019-03-07,2,0,113,92.76,92.76,0.0,-25634.924059,0.0
2019-03-07,2,0,115,92.76,92.76,0.0,-25634.924059,0.0
2019-03-07,2,0,116,0.0,0.0,0.0,-0.0,0.0
2019-03-07,2,0,117,4.96,4.96,0.0,-1370.733326,0.0
2019-03-07,2,0,119,200.0,200.0,0.0,19014.551279,0.0
2019-03-07,2,0,120,117.6,117.6,0.0,11180.556152,0.0
2019-03-07,2,0,123,0.0,0.0,0.0,0.0,0.0
2019-03-07,2,0,125,174.2,174.2,0.0,2334.029175,0.0
2019-03-07,2,0,126,0.0,0.0,0.0,0.0,0.0
2019-03-07,2,0,127,0.0,0.0,0.0,0.0,0.0
2019-03-07,2,0,128,249.5,249.5,0.0,3342.940754,0.0
2019-03-07,2,0,131,30.0,30.0,0.0,-11587.159605,0.0
2019-03-07,2,0,132,44.1,44.1,0.0,-17033.12462,0.0
2019-03-07,2,0,133,0.0,0.0,0.0,0.0,0.0
2019-03-07,2,0,134,0.0,0.0,0.0,0.0,0.0
2019-03-07,2,0,135,0.0,0.0,0.0,0.0,0.0
2019-03-07,2,0,136,0.0,0.0,0.0,0.0,0.0
2019-03-07,2,0,139,129.68,129.68,0.0,1376.370573,0.0
2019-03-07,2,0,140,250.6,250.6,0.0,-250600.0,0.0
2019-03-07,2,0,141,208.64,208.64,0.0,-118062.36729,0.0
2019-03-07,2,0,142,0.0,0.0,0.0,-0.0,0.0
2019-03-07,2,0,143,31.41,31.41,0.0,422.65084,0.0
2019-03-07,2,0,145,30.0,30.0,0.0,346.123142,0.0
2019-03-07,2,0,146,268.0,268.0,0.0,-268000.0,0.0
2019-03-07,2,0,152,0.0,0.0,0.0,0.0,0.0
2019-03-07,2,0,153,0.0,0.0,0.0,0.0,0.0
2019-03-07,2,0,154,0.0,0.0,0.0,0.0,0.0
2019-03-07,2,0,157,250.0,250.0,0.0,-141466.601911,0.0
2019-03-07,2,0,158,0.0,0.0,0.0,-0.0,0.0
2019-03-07,2,0,159,0.0,0.0,0.0,0.0,0.0
2019-03-07,2,0,160,0.0,0.0,0.0,0.0,0.0
2019-03-07,2,0,161,0.0,0.0,0.0,-0.0,0.0
2019-03-07,2,0,162,48.75,48.75,0.0,986.373489,0.0
2019-03-07,2,0,163,160.81,160.81,0.0,-160810.0,0.0
2019-03-07,2,0,164,0.0,0.0,0.0,0.0,0.0
2019-03-07,2,0,167,0.0,0.0,0.0,0.0,0.0
2019-03-07,2,0,168,0.0,0.0,0.0,0.0,0.0
2019-03-07,2,0,169,0.0,0.0,0.0,0.0,0.0
2019-03-07,2,0,170,0.0,0.0,0.0,0.0,0.0
2019-03-07,2,0,172,0.0,0.0,0.0,0.0,0.0
2019-03-07,2,0,173,0.0,0.0,0.0,0.0,0.0
2019-03-07,2,0,188,0.0,0.0,0.0,0.0,0.0
2019-03-07,2,0,190,0.0,0.0,0.0,0.0,0.0
2019-03-07,2,0,191,0.0,0.0,0.0,0.0,0.0
2019-03-07,2,0,192,226.66,226.66,0.0,7350.030096,0.0
2019-03-07,2,0,194,176.5,176.5,0.0,-25197.136669,0.0
2019-03-07,2,0,196,0.0,0.0,0.0,0.0,0.0
2019-03-07,2,0,198,0.0,0.0,0.0,0.0,0.0
2019-03-07,2,0,199,36.83,36.83,0.0,-1476.71466,0.0
2019-03-07,2,0,200,0.0,0.0,0.0,-0.0,0.0
2019-03-07,2,0,204,857.0,857.0,0.0,7288.71461,0.0
2019-03-07,2,0,205,958.56,958.56,0.0,7830.507567,0.0
2019-03-07,2,0,206,539.94,539.94,0.0,7297.770883,0.0
2019-03-07,2,0,210,0.0,0.0,0.0,0.0,0.0
2019-03-07,2,0,214,0.0,0.0,0.0,0.0,0.0
2019-03-07,2,0,217,0.0,0.0,0.0,0.0,0.0
2019-03-07,2,0,218,0.0,0.0,0.0,0.0,0.0
2019-03-07,2,0,219,0.0,0.0,0.0,0.0,0.0
2019-03-07,2,0,221,0.0,0.0,0.0,0.0,0.0
2019-03-07,2,0,225,0.0,0.0,0.0,0.0,0.0
2019-03-07,2,0,233,0.0,0.0,0.0,0.0,0.0
2019-03-07,2,0,236,0.0,0.0,0.0,0.0,0.0
2019-03-07,2,0,237,0.0,0.0,0.0,0.0,0.0
2019-03-07,2,0,238,0.0,0.0,0.0,0.0,0.0
2019-03-07,2,0,240,0.0,0.0,0.0,0.0,0.0
2019-03-07,2,0,245,0.0,0.0,0.0,0.0,0.0
2019-03-07,2,0,247,3.55,3.55,0.0,39.8064,0.0
2019-03-07,2,0,248,0.0,0.0,0.0,0.0,0.0
2019-03-07,2,0,249,0.0,0.0,0.0,0.0,0.0
2019-03-07,2,0,251,0.0,0.0,0.0,0.0,0.0
2019-03-07,2,0,252,6.3,6.3,0.0,73.619228,0.0
2019-03-07,2,0,254,0.0,0.0,0.0,0.0,0.0
2019-03-07,2,0,255,0.0,0.0,0.0,0.0,0.0
2019-03-07,2,0,258,0.0,0.0,0.0,0.0,0.0
2019-03-07,2,0,260,0.0,0.0,0.0,0.0,0.0
2019-03-07,2,0,265,0.0,0.0,0.0,0.0,0.0
2019-03-07,2,0,266,83.97,83.97,0.0,891.223296,0.0
2019-03-07,2,0,267,103.19,103.19,0.0,1095.216529,0.0
2019-03-07,2,0,270,502.22,502.22,0.0,-502220.0,0.0
2019-03-07,2,0,272,400.13,400.13,0.0,-110578.936649,0.0
2019-03-07,2,0,273,0.0,0.0,0.0,-0.0,0.0
2019-03-07,2,0,274,647.43,647.43,0.0,-647430.0,0.0
2019-03-07,2,0,275,901.23,901.23,0.0,-901230.0,0.0
2019-03-07,2,0,276,0.0,0.0,0.0,-0.0,0.0
2019-03-07,2,0,277,0.0,0.0,0.0,-0.0,0.0
2019-03-07,2,0,278,0.0,0.0,0.0,-0.0,0.0
2019-03-07,2,0,279,264.6,264.6,0.0,-76316.033817,0.0
2019-03-07,2,0,281,6.17,6.17,0.0,83.023104,0.0
2019-03-07,2,0,282,0.0,0.0,0.0,0.0,0.0
2019-03-07,3,0,9,0.0,0.0,0.0,0.0,0.0
2019-03-07,3,0,17,0.0,0.0,0.0,0.0,0.0
2019-03-07,3,0,19,0.0,0.0,0.0,0.0,0.0
2019-03-07,3,0,20,0.0,0.0,0.0,0.0,0.0
2019-03-07,3,0,21,0.0,0.0,0.0,0.0,0.0
2019-03-07,3,0,22,0.0,0.0,0.0,0.0,0.0
2019-03-07,3,0,23,108.8,108.8,0.0,1302.501364,0.0
2019-03-07,3,0,24,192.5,192.5,0.0,2304.51758,0.0
2019-03-07,3,0,29,0.0,0.0,0.0,0.0,0.0
2019-03-07,3,0,30,0.0,0.0,0.0,0.0,0.0
2019-03-07,3,0,31,12.51,12.51,0.0,150.178397,0.0
2019-03-07,3,0,32,0.0,0.0,0.0,0.0,0.0
2019-03-07,3,0,33,0.0,0.0,0.0,0.0,0.0
2019-03-07,3,0,34,0.0,0.0,0.0,0.0,0.0
2019-03-07,3,0,35,0.0,0.0,0.0,0.0,0.0
2019-03-07,3,0,36,0.0,0.0,0.0,0.0,0.0
2019-03-07,3,0,37,0.0,0.0,0.0,0.0,0.0
2019-03-07,3,0,38,0.0,0.0,0.0,0.0,0.0
2019-03-07,3,0,39,0.0,0.0,0.0,0.0,0.0
2019-03-07,3,0,40,0.0,0.0,0.0,0.0,0.0
2019-03-07,3,0,41,76.83,76.83,0.0,787.118505,0.0
2019-03-07,3,0,42,0.0,0.0,0.0,0.0,0.0
2019-03-07,3,0,43,0.0,0.0,0.0,0.0,0.0
2019-03-07,3,0,46,0.0,0.0,0.0,0.0,0.0
2019-03-07,3,0,52,13.26,13.26,0.0,159.181899,0.0
2019-03-07,3,0,53,21.06,21.06,0.0,252.818309,0.0
2019-03-07,3,0,55,276.8,276.8,0.0,3313.716707,0.0
2019-03-07,3,0,56,0.0,0.0,0.0,0.0,0.0
2019-03-07,3,0,57,0.0,0.0,0.0,0.0,0.0
2019-03-07,3,0,58,0.0,0.0,0.0,0.0,0.0
2019-03-07,3,0,59,0.0,0.0,0.0,0.0,0.0
2019-03-07,3,0,63,170.0,170.0,0.0,16275.435369,0.0
2019-03-07,3,0,64,200.0,200.0,0.0,19147.571022,0.0
2019-03-07,3,0,65,0.0,0.0,0.0,0.0,0.0
2019-03-07,3,0,67,0.0,0.0,0.0,-0.0,0.0
2019-03-07,3,0,68,8.77,8.77,0.0,-3708.820999,0.0
2019-03-07,3,0,69,0.0,0.0,0.0,0.0,0.0
2019-03-07,3,0,74,0.0,0.0,0.0,0.0,0.0
2019-03-07,3,0,77,200.0,200.0,0.0,-60967.750971,0.0
2019-03-07,3,0,78,151.2,151.2,0.0,-46091.619734,0.0
2019-03-07,3,0,79,87.5,87.5,0.0,-26673.39105,0.0
2019-03-07,3,0,80,141.5,141.5,0.0,-43134.683812,0.0
2019-03-07,3,0,81,185.0,185.0,0.0,-56395.169649,0.0
2019-03-07,3,0,82,130.5,130.5,0.0,-39781.457509,0.0
2019-03-07,3,0,83,291.0,291.0,0.0,-88708.077664,0.0
2019-03-07,3,0,84,0.0,0.0,0.0,0.0,0.0
2019-03-07,3,0,86,0.0,0.0,0.0,0.0,0.0
2019-03-07,3,0,87,0.0,0.0,0.0,0.0,0.0
2019-03-07,3,0,88,170.6,170.6,0.0,-52005.491579,0.0
2019-03-07,3,0,89,164.0,164.0,0.0,-49993.555797,0.0
2019-03-07,3,0,90,220.2,220.2,0.0,-67125.49382,0.0
2019-03-07,3,0,91,785.5,785.5,0.0,-239450.841941,0.0
2019-03-07,3,0,92,282.5,282.5,0.0,-86116.948247,0.0
2019-03-07,3,0,95,36.0,36.0,0.0,700.048073,0.0
2019-03-07,3,0,96,29.88,29.88,0.0,359.734617,0.0
2019-03-07,3,0,97,183.75,183.75,0.0,2212.223426,0.0
2019-03-07,3,0,99,0.0,0.0,0.0,0.0,0.0
2019-03-07,3,0,101,0.0,0.0,0.0,0.0,0.0
2019-03-07,3,0,102,20.77,20.77,0.0,-8783.604578,0.0
2019-03-07,3,0,103,18.06,18.06,0.0,-7637.549287,0.0
2019-03-07,3,0,104,3.35,3.35,0.0,-1416.710416,0.0
2019-03-07,3,0,106,0.0,0.0,0.0,0.0,0.0
2019-03-07,3,0,109,200.0,200.0,0.0,1820.975562,0.0
2019-03-07,3,0,110,338.6,338.6,0.0,-338600.0,0.0
2019-03-07,3,0,111,0.0,0.0,0.0,0.0,0.0
2019-03-07,3,0,113,78.82,78.82,0.0,-21692.335458,0.0
2019-03-07,3,0,115,78.82,78.82,0.0,-21692.335458,0.0
2019-03-07,3,0,116,0.0,0.0,0.0,-0.0,0.0
2019-03-07,3,0,117,4.05,4.05,0.0,-1114.615055,0.0
2019-03-07,3,0,119,200.0,200.0,0.0,19147.571022,0.0
2019-03-07,3,0,120,117.6,117.6,0.0,11258.771761,0.0
2019-03-07,3,0,123,0.0,0.0,0.0,0.0,0.0
2019-03-07,3,0,125,174.2,174.2,0.0,2085.438765,0.0
2019-03-07,3,0,126,0.0,0.0,0.0,0.0,0.0
2019-03-07,3,0,127,0.0,0.0,0.0,0.0,0.0
2019-03-07,3,0,128,249.5,249.5,0.0,2986.894213,0.0
2019-03-07,3,0,131,30.0,30.0,0.0,-11548.74672,0.0
2019-03-07,3,0,132,44.1,44.1,0.0,-16976.657679,0.0
2019-03-07,3,0,133,0.0,0.0,0.0,0.0,0.0
2019-03-07,3,0,134,0.0,0.0,0.0,0.0,0.0
2019-03-07,3,0,135,0.0,0.0,0.0,0.0,0.0
2019-03-07,3,0,136,0.0,0.0,0.0,0.0,0.0
2019-03-07,3,0,139,99.21,99.21,0.0,1016.400194,0.0
2019-03-07,3,0,140,250.6,250.6,0.0,-250600.0,0.0
2019-03-07,3,0,141,195.33,195.33,0.0,-110353.776993,0.0
2019-03-07,3,0,142,0.0,0.0,0.0,-0.0,0.0
2019-03-07,3,0,143,14.15,14.15,0.0,169.866053,0.0
2019-03-07,3,0,145,30.0,30.0,0.0,327.84932,0.0
2019-03-07,3,0,146,268.0,268.0,0.0,-268000.0,0.0
2019-03-07,3,0,152,0.0,0.0,0.0,0.0,0.0
2019-03-07,3,0,153,0.0,0.0,0.0,0.0,0.0
2019-03-07,3,0,154,0.0,0.0,0.0,0.0,0.0
2019-03-07,3,0,157,220.86,220.86,0.0,-124777.224117,0.0
2019-03-07,3,0,158,0.0,0.0,0.0,-0.0,0.0
2019-03-07,3,0,159,0.0,0.0,0.0,0.0,0.0
2019-03-07,3,0,160,0.0,0.0,0.0,0.0,0.0
2019-03-07,3,0,161,0.0,0.0,0.0,-0.0,0.0
2019-03-07,3,0,162,48.75,48.75,0.0,986.854531,0.0
2019-03-07,3,0,163,166.52,166.52,0.0,-166520.0,0.0
2019-03-07,3,0,164,0.0,0.0,0.0,0.0,0.0
2019-03-07,3,0,167,0.0,0.0,0.0,0.0,0.0
2019-03-07,3,0,168,0.0,0.0,0.0,0.0,0.0
2019-03-07,3,0,169,0.0,0.0,0.0,0.0,0.0
2019-03-07,3,0,170,0.0,0.0,0.0,0.0,0.0
2019-03-07,3,0,172,0.0,0.0,0.0,0.0,0.0
2019-03-07,3,0,173,0.0,0.0,0.0,0.0,0.0
2019-03-07,3,0,188,0.0,0.0,0.0,0.0,0.0
2019-03-07,3,0,190,0.0,0.0,0.0,0.0,0.0
2019-03-07,3,0,191,0.0,0.0,0.0,0.0,0.0
2019-03-07,3,0,192,233.41,233.41,0.0,7568.916107,0.0
2019-03-07,3,0,194,176.5,176.5,0.0,-25032.634362,0.0
2019-03-07,3,0,196,0.0,0.0,0.0,0.0,0.0
2019-03-07,3,0,198,0.0,0.0,0.0,0.0,0.0
2019-03-07,3,0,199,29.57,29.57,0.0,-1155.179187,0.0
2019-03-07,3,0,200,0.0,0.0,0.0,-0.0,0.0
2019-03-07,3,0,204,857.0,857.0,0.0,7914.901043,0.0
2019-03-07,3,0,205,1058.0,1058.0,0.0,9632.960722,0.0
2019-03-07,3,0,206,539.94,539.94,0.0,6500.505667,0.0
2019-03-07,3,0,210,0.0,0.0,0.0,0.0,0.0
2019-03-07,3,0,214,0.0,0.0,0.0,0.0,0.0
2019-03-07,3,0,217,0.0,0.0,0.0,0.0,0.0
2019-03-07,3,0,218,0.0,0.0,0.0,0.0,0.0
2019-03-07,3,0,219,0.0,0.0,0.0,0.0,0.0
2019-03-07,3,0,221,0.0,0.0,0.0,0.0,0.0
2019-03-07,3,0,225,0.0,0.0,0.0,0.0,0.0
2019-03-07,3,0,233,0.0,0.0,0.0,0.0,0.0
2019-03-07,3,0,236,0.0,0.0,0.0,0.0,0.0
2019-03-07,3,0,237,0.0,0.0,0.0,0.0,0.0
2019-03-07,3,0,238,0.0,0.0,0.0,0.0,0.0
2019-03-07,3,0,240,0.0,0.0,0.0,0.0,0.0
2019-03-07,3,0,245,0.0,0.0,0.0,0.0,0.0
2019-03-07,3,0,247,0.0,0.0,0.0,0.0,0.0
2019-03-07,3,0,248,0.0,0.0,0.0,0.0,0.0
2019-03-07,3,0,249,0.0,0.0,0.0,0.0,0.0
2019-03-07,3,0,251,0.0,0.0,0.0,0.0,0.0
2019-03-07,3,0,252,0.0,0.0,0.0,0.0,0.0
2019-03-07,3,0,254,0.0,0.0,0.0,0.0,0.0
2019-03-07,3,0,255,0.0,0.0,0.0,0.0,0.0
2019-03-07,3,0,258,0.0,0.0,0.0,0.0,0.0
2019-03-07,3,0,260,0.0,0.0,0.0,0.0,0.0
2019-03-07,3,0,265,0.0,0.0,0.0,0.0,0.0
2019-03-07,3,0,266,64.24,64.24,0.0,658.134749,0.0
2019-03-07,3,0,267,78.95,78.95,0.0,808.837772,0.0
2019-03-07,3,0,270,520.03,520.03,0.0,-520030.0,0.0
2019-03-07,3,0,272,321.97,321.97,0.0,-88610.520775,0.0
2019-03-07,3,0,273,0.0,0.0,0.0,-0.0,0.0
2019-03-07,3,0,274,670.38,670.38,0.0,-670380.0,0.0
2019-03-07,3,0,275,933.18,933.18,0.0,-933180.0,0.0
2019-03-07,3,0,276,0.0,0.0,0.0,-0.0,0.0
2019-03-07,3,0,277,0.0,0.0,0.0,-0.0,0.0
2019-03-07,3,0,278,0.0,0.0,0.0,-0.0,0.0
2019-03-07,3,0,279,264.6,264.6,0.0,-75964.225392,0.0
2019-03-07,3,0,281,5.61,5.61,0.0,67.346188,0.0
2019-03-07,3,0,282,0.0,0.0,0.0,0.0,0.0
2019-03-07,4,0,9,0.0,0.0,0.0,0.0,0.0
2019-03-07,4,0,17,0.0,0.0,0.0,0.0,0.0
2019-03-07,4,0,19,0.0,0.0,0.0,0.0,0.0
2019-03-07,4,0,20,0.0,0.0,0.0,0.0,0.0
2019-03-07,4,0,21,0.0,0.0,0.0,0.0,0.0
2019-03-07,4,0,22,0.0,0.0,0.0,0.0,0.0
2019-03-07,4,0,23,98.16,98.16,0.0,1214.562903,0.0
2019-03-07,4,0,24,162.22,162.22,0.0,2007.196353,0.0
2019-03-07,4,0,29,0.0,0.0,0.0,0.0,0.0
2019-03-07,4,0,30,0.0,0.0,0.0,0.0,0.0
2019-03-07,4,0,31,11.43,11.43,0.0,141.810466,0.0
2019-03-07,4,0,32,0.0,0.0,0.0,0.0,0.0
2019-03-07,4,0,33,0.0,0.0,0.0,0.0,0.0
2019-03-07,4,0,34,0.0,0.0,0.0,0.0,0.0
2019-03-07,4,0,35,0.0,0.0,0.0,0.0,0.0
2019-03-07,4,0,36,0.0,0.0,0.0,0.0,0.0
2019-03-07,4,0,37,0.0,0.0,0.0,0.0,0.0
2019-03-07,4,0,38,0.0,0.0,0.0,0.0,0.0
2019-03-07,4,0,39,0.0,0.0,0.0,0.0,0.0
2019-03-07,4,0,40,0.0,0.0,0.0,0.0,0.0
2019-03-07,4,0,41,58.02,58.02,0.0,616.455915,0.0
2019-03-07,4,0,42,0.0,0.0,0.0,0.0,0.0
2019-03-07,4,0,43,0.0,0.0,0.0,0.0,0.0
2019-03-07,4,0,46,0.0,0.0,0.0,0.0,0.0
2019-03-07,4,0,52,12.11,12.11,0.0,150.247134,0.0
2019-03-07,4,0,53,19.24,19.24,0.0,238.708082,0.0
2019-03-07,4,0,55,248.66,248.66,0.0,3076.744207,0.0
2019-03-07,4,0,56,0.0,0.0,0.0,0.0,0.0
2019-03-07,4,0,57,0.0,0.0,0.0,0.0,0.0
2019-03-07,4,0,58,0.0,0.0,0.0,0.0,0.0
2019-03-07,4,0,59,0.0,0.0,0.0,0.0,0.0
2019-03-07,4,0,63,170.0,170.0,0.0,16376.164322,0.0
2019-03-07,4,0,64,200.0,200.0,0.0,19266.075673,0.0
2019-03-07,4,0,65,0.0,0.0,0.0,0.0,0.0
2019-03-07,4,0,67,0.0,0.0,0.0,-0.0,0.0
2019-03-07,4,0,68,7.64,7.64,0.0,-3228.654272,0.0
2019-03-07,4,0,69,0.0,0.0,0.0,0.0,0.0
2019-03-07,4,0,74,0.0,0.0,0.0,0.0,0.0
2019-03-07,4,0,77,200.0,200.0,0.0,-60896.018001,0.0
2019-03-07,4,0,78,151.2,151.2,0.0,-46037.389609,0.0
2019-03-07,4,0,79,87.5,87.5,0.0,-26642.007875,0.0
2019-03-07,4,0,80,141.5,141.5,0.0,-43083.932736,0.0
2019-03-07,4,0,81,185.0,185.0,0.0,-56328.816651,0.0
2019-03-07,4,0,82,130.5,130.5,0.0,-39734.651746,0.0
2019-03-07,4,0,83,291.0,291.0,0.0,-88603.706192,0.0
2019-03-07,4,0,84,0.0,0.0,0.0,0.0,0.0
2019-03-07,4,0,86,0.0,0.0,0.0,0.0,0.0
2019-03-07,4,0,87,0.0,0.0,0.0,0.0,0.0
2019-03-07,4,0,88,170.6,170.6,0.0,-51944.303355,0.0
2019-03-07,4,0,89,164.0,164.0,0.0,-49934.734761,0.0
2019-03-07,4,0,90,220.2,220.2,0.0,-67046.515819,0.0
2019-03-07,4,0,91,785.5,785.5,0.0,-239169.110699,0.0
2019-03-07,4,0,92,282.5,282.5,0.0,-86015.625427,0.0
2019-03-07,4,0,95,84.17,84.17,0.0,1636.751286,0.0
2019-03-07,4,0,96,29.88,29.88,0.0,371.765347,0.0
2019-03-07,4,0,97,183.75,183.75,0.0,2286.207581,0.0
2019-03-07,4,0,99,0.0,0.0,0.0,0.0,0.0
2019-03-07,4,0,101,0.0,0.0,0.0,0.0,0.0
2019-03-07,4,0,102,18.09,18.09,0.0,-7644.810967,0.0
2019-03-07,4,0,103,15.73,15.73,0.0,-6647.477972,0.0
2019-03-07,4,0,104,2.92,2.92,0.0,-1233.988282,0.0
2019-03-07,4,0,106,0.0,0.0,0.0,0.0,0.0
2019-03-07,4,0,109,200.0,200.0,0.0,1894.082848,0.0
2019-03-07,4,0,110,302.68,302.68,0.0,-302680.0,0.0
2019-03-07,4,0,111,0.0,0.0,0.0,0.0,0.0
2019-03-07,4,0,113,41.82,41.82,0.0,-11493.433194,0.0
2019-03-07,4,0,115,41.82,41.82,0.0,-11493.433194,0.0
2019-03-07,4,0,116,0.0,0.0,0.0,-0.0,0.0
2019-03-07,4,0,117,2.79,2.79,0.0,-766.778542,0.0
2019-03-07,4,0,119,200.0,200.0,0.0,19266.075673,0.0
2019-03-07,4,0,120,117.6,117.6,0.0,11328.452496,0.0
2019-03-07,4,0,123,0.0,0.0,0.0,0.0,0.0
2019-03-07,4,0,125,148.85,148.85,0.0,1841.765363,0.0
2019-03-07,4,0,126,0.0,0.0,0.0,0.0,0.0
2019-03-07,4,0,127,0.0,0.0,0.0,0.0,0.0
2019-03-07,4,0,128,202.15,202.15,0.0,2501.262131,0.0
2019-03-07,4,0,131,30.0,30.0,0.0,-11539.158075,0.0
2019-03-07,4,0,132,44.1,44.1,0.0,-16962.56237,0.0
2019-03-07,4,0,133,0.0,0.0,0.0,0.0,0.0
2019-03-07,4,0,134,0.0,0.0,0.0,0.0,0.0
2019-03-07,4,0,135,0.0,0.0,0.0,0.0,0.0
2019-03-07,4,0,136,0.0,0.0,0.0,0.0,0.0
2019-03-07,4,0,139,74.93,74.93,0.0,796.122746,0.0
2019-03-07,4,0,140,224.01,224.01,0.0,-224010.0,0.0
2019-03-07,4,0,141,184.42,184.42,0.0,-104148.36211,0.0
2019-03-07,4,0,142,0.0,0.0,0.0,-0.0,0.0
2019-03-07,4,0,143,12.6,12.6,0.0,156.326498,0.0
2019-03-07,4,0,145,30.0,30.0,0.0,339.506993,0.0
2019-03-07,4,0,146,268.0,268.0,0.0,-268000.0,0.0
2019-03-07,4,0,152,0.0,0.0,0.0,0.0,0.0
2019-03-07,4,0,153,0.0,0.0,0.0,0.0,0.0
2019-03-07,4,0,154,0.0,0.0,0.0,0.0,0.0
2019-03-07,4,0,157,187.09,187.09,0.0,-105656.203596,0.0
2019-03-07,4,0,158,0.0,0.0,0.0,-0.0,0.0
2019-03-07,4,0,159,0.0,0.0,0.0,0.0,0.0
2019-03-07,4,0,160,0.0,0.0,0.0,0.0,0.0
2019-03-07,4,0,161,0.0,0.0,0.0,-0.0,0.0
2019-03-07,4,0,162,48.75,48.75,0.0,986.800247,0.0
2019-03-07,4,0,163,173.34,173.34,0.0,-173340.0,0.0
2019-03-07,4,0,164,0.0,0.0,0.0,0.0,0.0
2019-03-07,4,0,167,0.0,0.0,0.0,0.0,0.0
2019-03-07,4,0,168,0.0,0.0,0.0,0.0,0.0
2019-03-07,4,0,169,0.0,0.0,0.0,0.0,0.0
2019-03-07,4,0,170,0.0,0.0,0.0,0.0,0.0
2019-03-07,4,0,172,0.0,0.0,0.0,0.0,0.0
2019-03-07,4,0,173,0.0,0.0,0.0,0.0,0.0
2019-03-07,4,0,188,0.0,0.0,0.0,0.0,0.0
2019-03-07,4,0,190,0.0,0.0,0.0,0.0,0.0
2019-03-07,4,0,191,0.0,0.0,0.0,0.0,0.0
2019-03-07,4,0,192,242.61,242.61,0.0,7867.249632,0.0
2019-03-07,4,0,194,176.5,176.5,0.0,-24951.473156,0.0
2019-03-07,4,0,196,0.0,0.0,0.0,0.0,0.0
2019-03-07,4,0,198,0.0,0.0,0.0,0.0,0.0
2019-03-07,4,0,199,23.43,23.43,0.0,-907.664668,0.0
2019-03-07,4,0,200,0.0,0.0,0.0,-0.0,0.0
2019-03-07,4,0,204,857.0,857.0,0.0,8229.58198,0.0
2019-03-07,4,0,205,1058.0,1058.0,0.0,10019.698264,0.0
2019-03-07,4,0,206,539.94,539.94,0.0,6717.904332,0.0
2019-03-07,4,0,210,0.0,0.0,0.0,0.0,0.0
2019-03-07,4,0,214,0.0,0.0,0.0,0.0,0.0
2019-03-07,4,0,217,0.0,0.0,0.0,0.0,0.0
2019-03-07,4,0,218,0.0,0.0,0.0,0.0,0.0
2019-03-07,4,0,219,0.0,0.0,0.0,0.0,0.0
2019-03-07,4,0,221,0.0,0.0,0.0,0.0,0.0
2019-03-07,4,0,225,0.0,0.0,0.0,0.0,0.0
2019-03-07,4,0,233,0.0,0.0,0.0,0.0,0.0
2019-03-07,4,0,236,0.0,0.0,0.0,0.0,0.0
2019-03-07,4,0,237,0.0,0.0,0.0,0.0,0.0
2019-03-07,4,0,238,0.0,0.0,0.0,0.0,0.0
2019-03-07,4,0,240,0.0,0.0,0.0,0.0,0.0
2019-03-07,4,0,245,0.0,0.0,0.0,0.0,0.0
2019-03-07,4,0,247,0.0,0.0,0.0,0.0,0.0
2019-03-07,4,0,248,0.0,0.0,0.0,0.0,0.0
2019-03-07,4,0,249,0.0,0.0,0.0,0.0,0.0
2019-03-07,4,0,251,0.0,0.0,0.0,0.0,0.0
2019-03-07,4,0,252,0.0,0.0,0.0,0.0,0.0
2019-03-07,4,0,254,0.0,0.0,0.0,0.0,0.0
2019-03-07,4,0,255,0.0,0.0,0.0,0.0,0.0
2019-03-07,4,0,258,0.0,0.0,0.0,0.0,0.0
2019-03-07,4,0,260,0.0,0.0,0.0,0.0,0.0
2019-03-07,4,0,265,0.0,0.0,0.0,0.0,0.0
2019-03-07,4,0,266,48.52,48.52,0.0,515.519494,0.0
2019-03-07,4,0,267,59.62,59.62,0.0,633.455734,0.0
2019-03-07,4,0,270,541.34,541.34,0.0,-541340.0,0.0
2019-03-07,4,0,272,139.76,139.76,0.0,-38410.383146,0.0
2019-03-07,4,0,273,0.0,0.0,0.0,-0.0,0.0
2019-03-07,4,0,274,697.86,697.86,0.0,-697860.0,0.0
2019-03-07,4,0,275,971.43,971.43,0.0,-971430.0,0.0
2019-03-07,4,0,276,0.0,0.0,0.0,-0.0,0.0
2019-03-07,4,0,277,0.0,0.0,0.0,-0.0,0.0
2019-03-07,4,0,278,0.0,0.0,0.0,-0.0,0.0
2019-03-07,4,0,279,218.79,218.79,0.0,-62730.989592,0.0
2019-03-07,4,0,281,5.13,5.13,0.0,63.647217,0.0
2019-03-07,4,0,282,0.0,0.0,0.0,0.0,0.0
2019-03-07,5,0,9,0.0,0.0,0.0,0.0,0.0
2019-03-07,5,0,17,0.0,0.0,0.0,0.0,0.0
2019-03-07,5,0,19,0.0,0.0,0.0,0.0,0.0
2019-03-07,5,0,20,0.0,0.0,0.0,0.0,0.0
2019-03-07,5,0,21,0.0,0.0,0.0,0.0,0.0
2019-03-07,5,0,22,0.0,0.0,0.0,0.0,0.0
2019-03-07,5,0,23,107.52,107.52,0.0,1330.916627,0.0
2019-03-07,5,0,24,190.23,190.23,0.0,2354.727214,0.0
2019-03-07,5,0,29,0.0,0.0,0.0,0.0,0.0
2019-03-07,5,0,30,0.0,0.0,0.0,0.0,0.0
2019-03-07,5,0,31,11.13,11.13,0.0,138.088407,0.0
2019-03-07,5,0,32,0.0,0.0,0.0,0.0,0.0
2019-03-07,5,0,33,0.0,0.0,0.0,0.0,0.0
2019-03-07,5,0,34,0.0,0.0,0.0,0.0,0.0
2019-03-07,5,0,35,0.0,0.0,0.0,0.0,0.0
2019-03-07,5,0,36,0.0,0.0,0.0,0.0,0.0
2019-03-07,5,0,37,0.0,0.0,0.0,0.0,0.0
2019-03-07,5,0,38,0.0,0.0,0.0,0.0,0.0
2019-03-07,5,0,39,0.0,0.0,0.0,0.0,0.0
2019-03-07,5,0,40,0.0,0.0,0.0,0.0,0.0
2019-03-07,5,0,41,47.23,47.23,0.0,516.668758,0.0
2019-03-07,5,0,42,0.0,0.0,0.0,0.0,0.0
2019-03-07,5,0,43,0.0,0.0,0.0,0.0,0.0
2019-03-07,5,0,46,0.0,0.0,0.0,0.0,0.0
2019-03-07,5,0,52,11.79,11.79,0.0,146.276938,0.0
2019-03-07,5,0,53,18.74,18.74,0.0,232.504649,0.0
2019-03-07,5,0,55,188.17,188.17,0.0,2329.227881,0.0
2019-03-07,5,0,56,0.0,0.0,0.0,0.0,0.0
2019-03-07,5,0,57,0.0,0.0,0.0,0.0,0.0
2019-03-07,5,0,58,0.0,0.0,0.0,0.0,0.0
2019-03-07,5,0,59,0.0,0.0,0.0,0.0,0.0
2019-03-07,5,0,63,170.0,170.0,0.0,16530.105565,0.0
2019-03-07,5,0,64,200.0,200.0,0.0,19447.183018,0.0
2019-03-07,5,0,65,0.0,0.0,0.0,0.0,0.0
2019-03-07,5,0,67,0.0,0.0,0.0,-0.0,0.0
2019-03-07,5,0,68,7.03,7.03,0.0,-2966.501126,0.0
2019-03-07,5,0,69,0.0,0.0,0.0,0.0,0.0
2019-03-07,5,0,74,0.0,0.0,0.0,0.0,0.0
2019-03-07,5,0,77,200.0,200.0,0.0,-60739.952509,0.0
2019-03-07,5,0,78,151.2,151.2,0.0,-45919.404097,0.0
2019-03-07,5,0,79,87.5,87.5,0.0,-26573.729223,0.0
2019-03-07,5,0,80,141.5,141.5,0.0,-42973.5164,0.0
2019-03-07,5,0,81,185.0,185.0,0.0,-56184.456071,0.0
2019-03-07,5,0,82,130.5,130.5,0.0,-39632.819012,0.0
2019-03-07,5,0,83,291.0,291.0,0.0,-88376.6309,0.0
2019-03-07,5,0,84,0.0,0.0,0.0,0.0,0.0
2019-03-07,5,0,86,0.0,0.0,0.0,0.0,0.0
2019-03-07,5,0,87,0.0,0.0,0.0,0.0,0.0
2019-03-07,5,0,88,170.6,170.6,0.0,-51811.17949,0.0
2019-03-07,5,0,89,164.0,164.0,0.0,-49806.761057,0.0
2019-03-07,5,0,90,220.2,220.2,0.0,-66874.687712,0.0
2019-03-07,5,0,91,785.5,785.5,0.0,-238556.163479,0.0
2019-03-07,5,0,92,282.5,282.5,0.0,-85795.182919,0.0
2019-03-07,5,0,95,36.0,36.0,0.0,807.470518,0.0
2019-03-07,5,0,96,29.88,29.88,0.0,371.608611,0.0
2019-03-07,5,0,97,183.75,183.75,0.0,2285.24372,0.0
2019-03-07,5,0,99,0.0,0.0,0.0,0.0,0.0
2019-03-07,5,0,101,0.0,0.0,0.0,0.0,0.0
2019-03-07,5,0,102,16.65,16.65,0.0,-7025.923721,0.0
2019-03-07,5,0,103,14.48,14.48,0.0,-6110.232761,0.0
2019-03-07,5,0,104,2.69,2.69,0.0,-1135.119208,0.0
2019-03-07,5,0,106,0.0,0.0,0.0,0.0,0.0
2019-03-07,5,0,109,200.0,200.0,0.0,1969.623054,0.0
2019-03-07,5,0,110,217.25,217.25,0.0,-217250.0,0.0
2019-03-07,5,0,111,0.0,0.0,0.0,0.0,0.0
2019-03-07,5,0,113,86.56,86.56,0.0,-23728.133881,0.0
2019-03-07,5,0,115,86.56,86.56,0.0,-23728.133881,0.0
2019-03-07,5,0,116,0.0,0.0,0.0,-0.0,0.0
2019-03-07,5,0,117,4.17,4.17,0.0,-1143.095174,0.0
2019-03-07,5,0,119,200.0,200.0,0.0,19447.183018,0.0
2019-03-07,5,0,120,117.6,117.6,0.0,11434.943614,0.0
2019-03-07,5,0,123,0.0,0.0,0.0,0.0,0.0
2019-03-07,5,0,125,172.15,172.15,0.0,2130.927245,0.0
2019-03-07,5,0,126,0.0,0.0,0.0,0.0,0.0
2019-03-07,5,0,127,0.0,0.0,0.0,0.0,0.0
2019-03-07,5,0,128,246.56,246.56,0.0,3051.997802,0.0
2019-03-07,5,0,131,30.0,30.0,0.0,-11519.292855,0.0
2019-03-07,5,0,132,44.1,44.1,0.0,-16933.360497,0.0
2019-03-07,5,0,133,0.0,0.0,0.0,0.0,0.0
2019-03-07,5,0,134,0.0,0.0,0.0,0.0,0.0
2019-03-07,5,0,135,0.0,0.0,0.0,0.0,0.0
2019-03-07,5,0,136,0.0,0.0,0.0,0.0,0.0
2019-03-07,5,0,139,60.99,60.99,0.0,667.195163,0.0
2019-03-07,5,0,140,160.79,160.79,0.0,-160790.0,0.0
2019-03-07,5,0,141,161.06,161.06,0.0,-90880.724072,0.0
2019-03-07,5,0,142,0.0,0.0,0.0,-0.0,0.0
2019-03-07,5,0,143,28.97,28.97,0.0,359.426877,0.0
2019-03-07,5,0,145,30.0,30.0,0.0,344.002312,0.0
2019-03-07,5,0,146,268.0,268.0,0.0,-268000.0,0.0
2019-03-07,5,0,152,0.0,0.0,0.0,0.0,0.0
2019-03-07,5,0,153,0.0,0.0,0.0,0.0,0.0
2019-03-07,5,0,154,0.0,0.0,0.0,0.0,0.0
2019-03-07,5,0,157,180.96,180.96,0.0,-102109.622675,0.0
2019-03-07,5,0,158,0.0,0.0,0.0,-0.0,0.0
2019-03-07,5,0,159,0.0,0.0,0.0,0.0,0.0
2019-03-07,5,0,160,0.0,0.0,0.0,0.0,0.0
2019-03-07,5,0,161,0.0,0.0,0.0,-0.0,0.0
2019-03-07,5,0,162,48.75,48.75,0.0,1132.365806,0.0
2019-03-07,5,0,163,164.02,164.02,0.0,-164020.0,0.0
2019-03-07,5,0,164,0.0,0.0,0.0,0.0,0.0
2019-03-07,5,0,167,0.0,0.0,0.0,0.0,0.0
2019-03-07,5,0,168,0.0,0.0,0.0,0.0,0.0
2019-03-07,5,0,169,0.0,0.0,0.0,0.0,0.0
2019-03-07,5,0,170,0.0,0.0,0.0,0.0,0.0
2019-03-07,5,0,172,0.0,0.0,0.0,0.0,0.0
2019-03-07,5,0,173,0.0,0.0,0.0,0.0,0.0
2019-03-07,5,0,188,0.0,0.0,0.0,0.0,0.0
2019-03-07,5,0,190,0.0,0.0,0.0,0.0,0.0
2019-03-07,5,0,191,0.0,0.0,0.0,0.0,0.0
2019-03-07,5,0,192,227.72,227.72,0.0,7384.403307,0.0
2019-03-07,5,0,194,176.5,176.5,0.0,-24818.506437,0.0
2019-03-07,5,0,196,0.0,0.0,0.0,0.0,0.0
2019-03-07,5,0,198,0.0,0.0,0.0,0.0,0.0
2019-03-07,5,0,199,20.27,20.27,0.0,-747.446178,0.0
2019-03-07,5,0,200,0.0,0.0,0.0,-0.0,0.0
2019-03-07,5,0,204,857.0,857.0,0.0,8555.354501,0.0
2019-03-07,5,0,205,1058.0,1058.0,0.0,10419.305953,0.0
2019-03-07,5,0,206,539.94,539.94,0.0,6715.072077,0.0
2019-03-07,5,0,210,0.0,0.0,0.0,0.0,0.0
2019-03-07,5,0,214,0.0,0.0,0.0,0.0,0.0
2019-03-07,5,0,217,0.0,0.0,0.0,0.0,0.0
2019-03-07,5,0,218,0.0,0.0,0.0,0.0,0.0
2019-03-07,5,0,219,0.0,0.0,0.0,0.0,0.0
2019-03-07,5,0,221,0.0,0.0,0.0,0.0,0.0
2019-03-07,5,0,225,0.0,0.0,0.0,0.0,0.0
2019-03-07,5,0,233,0.0,0.0,0.0,0.0,0.0
2019-03-07,5,0,236,0.0,0.0,0.0,0.0,0.0
2019-03-07,5,0,237,0.0,0.0,0.0,0.0,0.0
2019-03-07,5,0,238,0.0,0.0,0.0,0.0,0.0
2019-03-07,5,0,240,0.0,0.0,0.0,0.0,0.0
2019-03-07,5,0,245,0.0,0.0,0.0,0.0,0.0
2019-03-07,5,0,247,0.0,0.0,0.0,0.0,0.0
2019-03-07,5,0,248,0.0,0.0,0.0,0.0,0.0
2019-03-07,5,0,249,0.0,0.0,0.0,0.0,0.0
2019-03-07,5,0,251,0.0,0.0,0.0,0.0,0.0
2019-03-07,5,0,252,0.0,0.0,0.0,0.0,0.0
2019-03-07,5,0,254,0.0,0.0,0.0,0.0,0.0
2019-03-07,5,0,255,0.0,0.0,0.0,0.0,0.0
2019-03-07,5,0,258,0.0,0.0,0.0,0.0,0.0
2019-03-07,5,0,260,0.0,0.0,0.0,0.0,0.0
2019-03-07,5,0,265,0.0,0.0,0.0,0.0,0.0
2019-03-07,5,0,266,39.49,39.49,0.0,431.997655,0.0
2019-03-07,5,0,267,48.53,48.53,0.0,530.890003,0.0
2019-03-07,5,0,270,512.24,512.24,0.0,-512240.0,0.0
2019-03-07,5,0,272,297.55,297.55,0.0,-81565.460215,0.0
2019-03-07,5,0,273,0.0,0.0,0.0,-0.0,0.0
2019-03-07,5,0,274,660.34,660.34,0.0,-660340.0,0.0
2019-03-07,5,0,275,919.2,919.2,0.0,-919200.0,0.0
2019-03-07,5,0,276,0.0,0.0,0.0,-0.0,0.0
2019-03-07,5,0,277,0.0,0.0,0.0,-0.0,0.0
2019-03-07,5,0,278,0.0,0.0,0.0,-0.0,0.0
2019-03-07,5,0,279,199.3,199.3,0.0,-56996.038551,0.0
2019-03-07,5,0,281,4.99,4.99,0.0,61.910256,0.0
2019-03-07,5,0,282,0.0,0.0,0.0,0.0,0.0
2019-03-07,6,0,9,0.0,0.0,0.0,0.0,0.0
2019-03-07,6,0,17,0.0,0.0,0.0,0.0,0.0
2019-03-07,6,0,19,0.0,0.0,0.0,0.0,0.0
2019-03-07,6,0,20,0.0,0.0,0.0,0.0,0.0
2019-03-07,6,0,21,0.0,0.0,0.0,0.0,0.0
2019-03-07,6,0,22,0.0,0.0,0.0,0.0,0.0
2019-03-07,6,0,23,98.78,98.78,0.0,1683.759795,0.0
2019-03-07,6,0,24,174.77,174.77,0.0,2979.051422,0.0
2019-03-07,6,0,29,0.0,0.0,0.0,0.0,0.0
2019-03-07,6,0,30,0.0,0.0,0.0,0.0,0.0
2019-03-07,6,0,31,11.83,11.83,0.0,202.545315,0.0
2019-03-07,6,0,32,0.0,0.0,0.0,0.0,0.0
2019-03-07,6,0,33,0.0,0.0,0.0,0.0,0.0
2019-03-07,6,0,34,0.0,0.0,0.0,0.0,0.0
2019-03-07,6,0,35,0.0,0.0,0.0,0.0,0.0
2019-03-07,6,0,36,0.0,0.0,0.0,0.0,0.0
2019-03-07,6,0,37,0.0,0.0,0.0,0.0,0.0
2019-03-07,6,0,38,0.0,0.0,0.0,0.0,0.0
2019-03-07,6,0,39,0.0,0.0,0.0,0.0,0.0
2019-03-07,6,0,40,0.0,0.0,0.0,0.0,0.0
2019-03-07,6,0,41,38.59,38.59,0.0,515.863805,0.0
2019-03-07,6,0,42,0.0,0.0,0.0,0.0,0.0
2019-03-07,6,0,43,0.0,0.0,0.0,0.0,0.0
2019-03-07,6,0,46,0.0,0.0,0.0,0.0,0.0
2019-03-07,6,0,52,12.54,12.54,0.0,214.701458,0.0
2019-03-07,6,0,53,19.91,19.91,0.0,340.885649,0.0
2019-03-07,6,0,55,79.89,79.89,0.0,1361.769286,0.0
2019-03-07,6,0,56,0.0,0.0,0.0,0.0,0.0
2019-03-07,6,0,57,0.0,0.0,0.0,0.0,0.0
2019-03-07,6,0,58,0.0,0.0,0.0,0.0,0.0
2019-03-07,6,0,59,0.0,0.0,0.0,0.0,0.0
2019-03-07,6,0,63,170.0,170.0,0.0,18913.34587,0.0
2019-03-07,6,0,64,200.0,200.0,0.0,22250.995142,0.0
2019-03-07,6,0,65,0.0,0.0,0.0,0.0,0.0
2019-03-07,6,0,67,0.0,0.0,0.0,-0.0,0.0
2019-03-07,6,0,68,6.49,6.49,0.0,-2702.915998,0.0
2019-03-07,6,0,69,0.0,0.0,0.0,0.0,0.0
2019-03-07,6,0,74,0.0,0.0,0.0,0.0,0.0
2019-03-07,6,0,77,200.0,200.0,0.0,-59475.285993,0.0
2019-03-07,6,0,78,151.2,151.2,0.0,-44963.316211,0.0
2019-03-07,6,0,79,87.5,87.5,0.0,-26020.437622,0.0
2019-03-07,6,0,80,141.5,141.5,0.0,-42078.76484,0.0
2019-03-07,6,0,81,185.0,185.0,0.0,-55014.639544,0.0
2019-03-07,6,0,82,130.5,130.5,0.0,-38807.624111,0.0
2019-03-07,6,0,83,291.0,291.0,0.0,-86536.54112,0.0
2019-03-07,6,0,84,0.0,0.0,0.0,0.0,0.0
2019-03-07,6,0,86,0.0,0.0,0.0,0.0,0.0
2019-03-07,6,0,87,0.0,0.0,0.0,0.0,0.0
2019-03-07,6,0,88,170.6,170.6,0.0,-50732.418952,0.0
2019-03-07,6,0,89,164.0,164.0,0.0,-48769.734515,0.0
2019-03-07,6,0,90,220.2,220.2,0.0,-65482.289879,0.0
2019-03-07,6,0,91,785.5,785.5,0.0,-233589.185739,0.0
2019-03-07,6,0,92,282.5,282.5,0.0,-84008.841466,0.0
2019-03-07,6,0,95,36.0,36.0,0.0,807.470518,0.0
2019-03-07,6,0,96,29.88,29.88,0.0,513.951552,0.0
2019-03-07,6,0,97,183.75,183.75,0.0,3160.595636,0.0
2019-03-07,6,0,99,0.0,0.0,0.0,0.0,0.0
2019-03-07,6,0,101,0.0,0.0,0.0,0.0,0.0
2019-03-07,6,0,102,15.36,15.36,0.0,-6397.040019,0.0
2019-03-07,6,0,103,13.36,13.36,0.0,-5564.0921,0.0
2019-03-07,6,0,104,2.48,2.48,0.0,-1032.85542,0.0
2019-03-07,6,0,106,0.0,0.0,0.0,0.0,0.0
2019-03-07,6,0,109,200.0,200.0,0.0,2027.670325,0.0
2019-03-07,6,0,110,155.62,155.62,0.0,-155620.0,0.0
2019-03-07,6,0,111,0.0,0.0,0.0,0.0,0.0
2019-03-07,6,0,113,97.76,97.76,0.0,-26054.294102,0.0
2019-03-07,6,0,115,97.76,97.76,0.0,-26054.294102,0.0
2019-03-07,6,0,116,0.0,0.0,0.0,-0.0,0.0
2019-03-07,6,0,117,3.88,3.88,0.0,-1034.069774,0.0
2019-03-07,6,0,119,200.0,200.0,0.0,22250.995142,0.0
2019-03-07,6,0,120,117.6,117.6,0.0,13083.585143,0.0
2019-03-07,6,0,123,0.0,0.0,0.0,0.0,0.0
2019-03-07,6,0,125,158.16,158.16,0.0,2695.924774,0.0
2019-03-07,6,0,126,0.0,0.0,0.0,0.0,0.0
2019-03-07,6,0,127,0.0,0.0,0.0,0.0,0.0
2019-03-07,6,0,128,226.52,226.52,0.0,3861.158826,0.0
2019-03-07,6,0,131,29.58,29.58,0.0,-11184.52854,0.0
2019-03-07,6,0,132,43.49,43.49,0.0,-16444.054976,0.0
2019-03-07,6,0,133,0.0,0.0,0.0,0.0,0.0
2019-03-07,6,0,134,0.0,0.0,0.0,0.0,0.0
2019-03-07,6,0,135,0.0,0.0,0.0,0.0,0.0
2019-03-07,6,0,136,0.0,0.0,0.0,0.0,0.0
2019-03-07,6,0,139,49.84,49.84,0.0,666.251673,0.0
2019-03-07,6,0,140,115.18,115.18,0.0,-115180.0,0.0
2019-03-07,6,0,141,143.34,143.34,0.0,-80287.253101,0.0
2019-03-07,6,0,142,0.0,0.0,0.0,-0.0,0.0
2019-03-07,6,0,143,73.58,73.58,0.0,1259.787346,0.0
2019-03-07,6,0,145,30.0,30.0,0.0,437.619963,0.0
2019-03-07,6,0,146,268.0,268.0,0.0,-268000.0,0.0
2019-03-07,6,0,152,0.0,0.0,0.0,0.0,0.0
2019-03-07,6,0,153,0.0,0.0,0.0,0.0,0.0
2019-03-07,6,0,154,0.0,0.0,0.0,0.0,0.0
2019-03-07,6,0,157,175.15,175.15,0.0,-98104.593139,0.0
2019-03-07,6,0,158,0.0,0.0,0.0,-0.0,0.0
2019-03-07,6,0,159,0.0,0.0,0.0,0.0,0.0
2019-03-07,6,0,160,0.0,0.0,0.0,0.0,0.0
2019-03-07,6,0,161,0.0,0.0,0.0,-0.0,0.0
2019-03-07,6,0,162,48.75,48.75,0.0,1130.881577,0.0
2019-03-07,6,0,163,157.1,157.1,0.0,-157100.0,0.0
2019-03-07,6,0,164,0.0,0.0,0.0,0.0,0.0
2019-03-07,6,0,167,0.0,0.0,0.0,0.0,0.0
2019-03-07,6,0,168,0.0,0.0,0.0,0.0,0.0
2019-03-07,6,0,169,0.0,0.0,0.0,0.0,0.0
2019-03-07,6,0,170,0.0,0.0,0.0,0.0,0.0
2019-03-07,6,0,172,0.0,0.0,0.0,0.0,0.0
2019-03-07,6,0,173,0.0,0.0,0.0,0.0,0.0
2019-03-07,6,0,188,0.0,0.0,0.0,0.0,0.0
2019-03-07,6,0,190,0.0,0.0,0.0,0.0,0.0
2019-03-07,6,0,191,0.0,0.0,0.0,0.0,0.0
2019-03-07,6,0,192,216.95,216.95,0.0,7035.158517,0.0
2019-03-07,6,0,194,176.5,176.5,0.0,-23085.227564,0.0
2019-03-07,6,0,196,0.0,0.0,0.0,0.0,0.0
2019-03-07,6,0,198,0.0,0.0,0.0,0.0,0.0
2019-03-07,6,0,199,17.42,17.42,0.0,-645.045572,0.0
2019-03-07,6,0,200,0.0,0.0,0.0,-0.0,0.0
2019-03-07,6,0,204,857.0,857.0,0.0,9068.372849,0.0
2019-03-07,6,0,205,1058.0,1058.0,0.0,10726.376019,0.0
2019-03-07,6,0,206,539.94,539.94,0.0,9287.249021,0.0
2019-03-07,6,0,210,0.0,0.0,0.0,0.0,0.0
2019-03-07,6,0,214,0.0,0.0,0.0,0.0,0.0
2019-03-07,6,0,217,0.0,0.0,0.0,0.0,0.0
2019-03-07,6,0,218,0.0,0.0,0.0,0.0,0.0
2019-03-07,6,0,219,0.0,0.0,0.0,0.0,0.0
2019-03-07,6,0,221,0.0,0.0,0.0,0.0,0.0
2019-03-07,6,0,225,0.0,0.0,0.0,0.0,0.0
2019-03-07,6,0,233,0.0,0.0,0.0,0.0,0.0
2019-03-07,6,0,236,0.0,0.0,0.0,0.0,0.0
2019-03-07,6,0,237,0.0,0.0,0.0,0.0,0.0
2019-03-07,6,0,238,0.0,0.0,0.0,0.0,0.0
2019-03-07,6,0,240,0.0,0.0,0.0,0.0,0.0
2019-03-07,6,0,245,0.0,0.0,0.0,0.0,0.0
2019-03-07,6,0,247,0.0,0.0,0.0,0.0,0.0
2019-03-07,6,0,248,0.0,0.0,0.0,0.0,0.0
2019-03-07,6,0,249,0.0,0.0,0.0,0.0,0.0
2019-03-07,6,0,251,0.0,0.0,0.0,0.0,0.0
2019-03-07,6,0,252,0.0,0.0,0.0,0.0,0.0
2019-03-07,6,0,254,0.0,0.0,0.0,0.0,0.0
2019-03-07,6,0,255,0.0,0.0,0.0,0.0,0.0
2019-03-07,6,0,258,0.0,0.0,0.0,0.0,0.0
2019-03-07,6,0,260,0.0,0.0,0.0,0.0,0.0
2019-03-07,6,0,265,0.0,0.0,0.0,0.0,0.0
2019-03-07,6,0,266,32.27,32.27,0.0,431.379243,0.0
2019-03-07,6,0,267,39.66,39.66,0.0,530.167363,0.0
2019-03-07,6,0,270,490.61,490.61,0.0,-490610.0,0.0
2019-03-07,6,0,272,344.97,344.97,0.0,-91938.930406,0.0
2019-03-07,6,0,273,0.0,0.0,0.0,-0.0,0.0
2019-03-07,6,0,274,632.46,632.46,0.0,-632460.0,0.0
2019-03-07,6,0,275,880.39,880.39,0.0,-880390.0,0.0
2019-03-07,6,0,276,0.0,0.0,0.0,-0.0,0.0
2019-03-07,6,0,277,0.0,0.0,0.0,-0.0,0.0
2019-03-07,6,0,278,0.0,0.0,0.0,-0.0,0.0
2019-03-07,6,0,279,181.81,181.81,0.0,-50704.362623,0.0
2019-03-07,6,0,281,5.32,5.32,0.0,91.085467,0.0
2019-03-07,6,0,282,0.0,0.0,0.0,0.0,0.0
2019-03-07,7,0,9,0.0,0.0,0.0,0.0,0.0
2019-03-07,7,0,17,0.0,0.0,0.0,0.0,0.0
2019-03-07,7,0,19,0.0,0.0,0.0,0.0,0.0
2019-03-07,7,0,20,0.0,0.0,0.0,0.0,0.0
2019-03-07,7,0,21,0.0,0.0,0.0,0.0,0.0
2019-03-07,7,0,22,0.0,0.0,0.0,0.0,0.0
2019-03-07,7,0,23,91.16,91.16,0.0,1599.287907,0.0
2019-03-07,7,0,24,161.29,161.29,0.0,2829.630831,0.0
2019-03-07,7,0,29,0.0,0.0,0.0,0.0,0.0
2019-03-07,7,0,30,0.0,0.0,0.0,0.0,0.0
2019-03-07,7,0,31,33.41,33.41,0.0,588.637056,0.0
2019-03-07,7,0,32,0.0,0.0,0.0,0.0,0.0
2019-03-07,7,0,33,0.0,0.0,0.0,0.0,0.0
2019-03-07,7,0,34,0.0,0.0,0.0,0.0,0.0
2019-03-07,7,0,35,0.0,0.0,0.0,0.0,0.0
2019-03-07,7,0,36,0.0,0.0,0.0,0.0,0.0
2019-03-07,7,0,37,0.0,0.0,0.0,0.0,0.0
2019-03-07,7,0,38,0.0,0.0,0.0,0.0,0.0
2019-03-07,7,0,39,0.0,0.0,0.0,0.0,0.0
2019-03-07,7,0,40,0.0,0.0,0.0,0.0,0.0
2019-03-07,7,0,41,23.68,23.68,0.0,329.105932,0.0
2019-03-07,7,0,42,0.0,0.0,0.0,0.0,0.0
2019-03-07,7,0,43,0.0,0.0,0.0,0.0,0.0
2019-03-07,7,0,46,0.0,0.0,0.0,0.0,0.0
2019-03-07,7,0,52,35.41,35.41,0.0,623.874233,0.0
2019-03-07,7,0,53,56.28,56.28,0.0,991.574184,0.0
2019-03-07,7,0,55,86.34,86.34,0.0,1514.727051,0.0
2019-03-07,7,0,56,0.0,0.0,0.0,0.0,0.0
2019-03-07,7,0,57,0.0,0.0,0.0,0.0,0.0
2019-03-07,7,0,58,0.0,0.0,0.0,0.0,0.0
2019-03-07,7,0,59,0.0,0.0,0.0,0.0,0.0
2019-03-07,7,0,63,170.0,170.0,0.0,18724.903491,0.0
2019-03-07,7,0,64,200.0,200.0,0.0,22029.298224,0.0
2019-03-07,7,0,65,0.0,0.0,0.0,0.0,0.0
2019-03-07,7,0,67,0.0,0.0,0.0,-0.0,0.0
2019-03-07,7,0,68,6.04,6.04,0.0,-2518.706317,0.0
2019-03-07,7,0,69,0.0,0.0,0.0,0.0,0.0
2019-03-07,7,0,74,0.0,0.0,0.0,0.0,0.0
2019-03-07,7,0,77,200.0,200.0,0.0,-59601.853842,0.0
2019-03-07,7,0,78,151.2,151.2,0.0,-45059.001505,0.0
2019-03-07,7,0,79,87.5,87.5,0.0,-26075.811056,0.0
2019-03-07,7,0,80,141.5,141.5,0.0,-42168.311593,0.0
2019-03-07,7,0,81,185.0,185.0,0.0,-55131.714804,0.0
2019-03-07,7,0,82,130.5,130.5,0.0,-38890.209632,0.0
2019-03-07,7,0,83,291.0,291.0,0.0,-86720.69734,0.0
2019-03-07,7,0,84,0.0,0.0,0.0,0.0,0.0
2019-03-07,7,0,86,0.0,0.0,0.0,0.0,0.0
2019-03-07,7,0,87,0.0,0.0,0.0,0.0,0.0
2019-03-07,7,0,88,170.6,170.6,0.0,-50840.381327,0.0
2019-03-07,7,0,89,164.0,164.0,0.0,-48873.52015,0.0
2019-03-07,7,0,90,220.2,220.2,0.0,-65621.64108,0.0
2019-03-07,7,0,91,785.5,785.5,0.0,-234086.280965,0.0
2019-03-07,7,0,92,282.5,282.5,0.0,-84187.618552,0.0
2019-03-07,7,0,95,36.0,36.0,0.0,807.470518,0.0
2019-03-07,7,0,96,28.03,28.03,0.0,496.041496,0.0
2019-03-07,7,0,97,172.38,172.38,0.0,3050.575568,0.0
2019-03-07,7,0,99,0.0,0.0,0.0,0.0,0.0
2019-03-07,7,0,101,0.0,0.0,0.0,0.0,0.0
2019-03-07,7,0,102,14.29,14.29,0.0,-5958.992262,0.0
2019-03-07,7,0,103,12.43,12.43,0.0,-5183.364158,0.0
2019-03-07,7,0,104,2.31,2.31,0.0,-963.280065,0.0
2019-03-07,7,0,106,0.0,0.0,0.0,0.0,0.0
2019-03-07,7,0,109,200.0,200.0,0.0,2148.026955,0.0
2019-03-07,7,0,110,111.1,111.1,0.0,-111100.0,0.0
2019-03-07,7,0,111,0.0,0.0,0.0,0.0,0.0
2019-03-07,7,0,113,47.45,47.45,0.0,-12678.298819,0.0
2019-03-07,7,0,115,47.45,47.45,0.0,-12678.298819,0.0
2019-03-07,7,0,116,0.0,0.0,0.0,-0.0,0.0
2019-03-07,7,0,117,1.95,1.95,0.0,-521.025979,0.0
2019-03-07,7,0,119,200.0,200.0,0.0,22029.298224,0.0
2019-03-07,7,0,120,117.6,117.6,0.0,12953.227356,0.0
2019-03-07,7,0,123,0.0,0.0,0.0,0.0,0.0
2019-03-07,7,0,125,145.95,145.95,0.0,2560.509764,0.0
2019-03-07,7,0,126,0.0,0.0,0.0,0.0,0.0
2019-03-07,7,0,127,0.0,0.0,0.0,0.0,0.0
2019-03-07,7,0,128,209.04,209.04,0.0,3667.344715,0.0
2019-03-07,7,0,131,26.67,26.67,0.0,-10099.300704,0.0
2019-03-07,7,0,132,39.21,39.21,0.0,-14847.903284,0.0
2019-03-07,7,0,133,0.0,0.0,0.0,0.0,0.0
2019-03-07,7,0,134,0.0,0.0,0.0,0.0,0.0
2019-03-07,7,0,135,0.0,0.0,0.0,0.0,0.0
2019-03-07,7,0,136,0.0,0.0,0.0,0.0,0.0
2019-03-07,7,0,139,30.58,30.58,0.0,425.002508,0.0
2019-03-07,7,0,140,82.22,82.22,0.0,-82220.0,0.0
2019-03-07,7,0,141,131.9,131.9,0.0,-73932.245922,0.0
2019-03-07,7,0,142,0.0,0.0,0.0,-0.0,0.0
2019-03-07,7,0,143,83.37,83.37,0.0,1468.861758,0.0
2019-03-07,7,0,145,30.0,30.0,0.0,453.580891,0.0
2019-03-07,7,0,146,268.0,268.0,0.0,-268000.0,0.0
2019-03-07,7,0,152,0.0,0.0,0.0,0.0,0.0
2019-03-07,7,0,153,0.0,0.0,0.0,0.0,0.0
2019-03-07,7,0,154,0.0,0.0,0.0,0.0,0.0
2019-03-07,7,0,157,170.09,170.09,0.0,-95338.405677,0.0
2019-03-07,7,0,158,0.0,0.0,0.0,-0.0,0.0
2019-03-07,7,0,159,0.0,0.0,0.0,0.0,0.0
2019-03-07,7,0,160,0.0,0.0,0.0,0.0,0.0
2019-03-07,7,0,161,0.0,0.0,0.0,-0.0,0.0
2019-03-07,7,0,162,48.75,48.75,0.0,1130.988122,0.0
2019-03-07,7,0,163,152.97,152.97,0.0,-152970.0,0.0
2019-03-07,7,0,164,0.0,0.0,0.0,0.0,0.0
2019-03-07,7,0,167,0.0,0.0,0.0,0.0,0.0
2019-03-07,7,0,168,0.0,0.0,0.0,0.0,0.0
2019-03-07,7,0,169,0.0,0.0,0.0,0.0,0.0
2019-03-07,7,0,170,0.0,0.0,0.0,0.0,0.0
2019-03-07,7,0,172,0.0,0.0,0.0,0.0,0.0
2019-03-07,7,0,173,0.0,0.0,0.0,0.0,0.0
2019-03-07,7,0,188,0.0,0.0,0.0,0.0,0.0
2019-03-07,7,0,190,0.0,0.0,0.0,0.0,0.0
2019-03-07,7,0,191,0.0,0.0,0.0,0.0,0.0
2019-03-07,7,0,192,209.6,209.6,0.0,6796.815972,0.0
2019-03-07,7,0,194,176.5,176.5,0.0,-23230.160994,0.0
2019-03-07,7,0,196,0.0,0.0,0.0,0.0,0.0
2019-03-07,7,0,198,0.0,0.0,0.0,0.0,0.0
2019-03-07,7,0,199,14.85,14.85,0.0,-551.939029,0.0
2019-03-07,7,0,200,0.0,0.0,0.0,-0.0,0.0
2019-03-07,7,0,204,857.0,857.0,0.0,9571.330174,0.0
2019-03-07,7,0,205,1058.0,1058.0,0.0,11363.062592,0.0
2019-03-07,7,0,206,506.52,506.52,0.0,8963.786614,0.0
2019-03-07,7,0,210,0.0,0.0,0.0,0.0,0.0
2019-03-07,7,0,214,0.0,0.0,0.0,0.0,0.0
2019-03-07,7,0,217,0.0,0.0,0.0,0.0,0.0
2019-03-07,7,0,218,0.0,0.0,0.0,0.0,0.0
2019-03-07,7,0,219,0.0,0.0,0.0,0.0,0.0
2019-03-07,7,0,221,0.0,0.0,0.0,0.0,0.0
2019-03-07,7,0,225,0.0,0.0,0.0,0.0,0.0
2019-03-07,7,0,233,0.0,0.0,0.0,0.0,0.0
2019-03-07,7,0,236,0.0,0.0,0.0,0.0,0.0
2019-03-07,7,0,237,0.0,0.0,0.0,0.0,0.0
2019-03-07,7,0,238,0.0,0.0,0.0,0.0,0.0
2019-03-07,7,0,240,0.0,0.0,0.0,0.0,0.0
2019-03-07,7,0,245,0.0,0.0,0.0,0.0,0.0
2019-03-07,7,0,247,0.0,0.0,0.0,0.0,0.0
2019-03-07,7,0,248,0.0,0.0,0.0,0.0,0.0
2019-03-07,7,0,249,0.0,0.0,0.0,0.0,0.0
2019-03-07,7,0,251,0.0,0.0,0.0,0.0,0.0
2019-03-07,7,0,252,0.0,0.0,0.0,0.0,0.0
2019-03-07,7,0,254,0.0,0.0,0.0,0.0,0.0
2019-03-07,7,0,255,0.0,0.0,0.0,0.0,0.0
2019-03-07,7,0,258,0.0,0.0,0.0,0.0,0.0
2019-03-07,7,0,260,0.0,0.0,0.0,0.0,0.0
2019-03-07,7,0,265,0.0,0.0,0.0,0.0,0.0
2019-03-07,7,0,266,19.8,19.8,0.0,275.18148,0.0
2019-03-07,7,0,267,24.33,24.33,0.0,338.139667,0.0
2019-03-07,7,0,270,477.71,477.71,0.0,-477710.0,0.0
2019-03-07,7,0,272,168.82,168.82,0.0,-45107.490129,0.0
2019-03-07,7,0,273,0.0,0.0,0.0,-0.0,0.0
2019-03-07,7,0,274,615.83,615.83,0.0,-615830.0,0.0
2019-03-07,7,0,275,857.24,857.24,0.0,-857240.0,0.0
2019-03-07,7,0,276,0.0,0.0,0.0,-0.0,0.0
2019-03-07,7,0,277,0.0,0.0,0.0,-0.0,0.0
2019-03-07,7,0,278,0.0,0.0,0.0,-0.0,0.0
2019-03-07,7,0,279,166.26,166.26,0.0,-46477.588233,0.0
2019-03-07,7,0,281,14.98,14.98,0.0,263.926462,0.0
2019-03-07,7,0,282,0.0,0.0,0.0,0.0,0.0
2019-03-07,8,0,9,0.0,0.0,0.0,0.0,0.0
2019-03-07,8,0,17,1.08,1.08,0.0,14.783551,0.0
2019-03-07,8,0,19,0.0,0.0,0.0,0.0,0.0
2019-03-07,8,0,20,0.0,0.0,0.0,0.0,0.0
2019-03-07,8,0,21,0.0,0.0,0.0,0.0,0.0
2019-03-07,8,0,22,0.0,0.0,0.0,0.0,0.0
2019-03-07,8,0,23,92.94,92.94,0.0,1247.133601,0.0
2019-03-07,8,0,24,164.44,164.44,0.0,2206.570361,0.0
2019-03-07,8,0,29,0.25,0.25,0.0,1.781214,0.0
2019-03-07,8,0,30,0.0,0.0,0.0,0.0,0.0
2019-03-07,8,0,31,10.41,10.41,0.0,140.076257,0.0
2019-03-07,8,0,32,0.18,0.18,0.0,8.149584,0.0
2019-03-07,8,0,33,0.06,0.06,0.0,0.724964,0.0
2019-03-07,8,0,34,0.09,0.09,0.0,1.087446,0.0
2019-03-07,8,0,35,0.09,0.09,0.0,1.087446,0.0
2019-03-07,8,0,36,0.14,0.14,0.0,1.248794,0.0
2019-03-07,8,0,37,0.07,0.07,0.0,0.63405,0.0
2019-03-07,8,0,38,0.09,0.09,0.0,0.815208,0.0
2019-03-07,8,0,39,0.06,0.06,0.0,0.543472,0.0
2019-03-07,8,0,40,0.06,0.06,0.0,0.543472,0.0
2019-03-07,8,0,41,10.59,10.59,0.0,123.563648,0.0
2019-03-07,8,0,42,0.16,0.16,0.0,2.245847,0.0
2019-03-07,8,0,43,0.58,0.58,0.0,5.275808,0.0
2019-03-07,8,0,46,0.28,0.28,0.0,2.687043,0.0
2019-03-07,8,0,52,11.03,11.03,0.0,148.418936,0.0
2019-03-07,8,0,53,17.53,17.53,0.0,235.882497,0.0
2019-03-07,8,0,55,88.69,88.69,0.0,1190.104143,0.0
2019-03-07,8,0,56,0.0,0.0,0.0,0.0,0.0
2019-03-07,8,0,57,0.0,0.0,0.0,0.0,0.0
2019-03-07,8,0,58,0.0,0.0,0.0,0.0,0.0
2019-03-07,8,0,59,0.0,0.0,0.0,0.0,0.0
2019-03-07,8,0,63,96.01,96.01,0.0,10943.424094,0.0
2019-03-07,8,0,64,112.86,112.86,0.0,12864.022948,0.0
2019-03-07,8,0,65,0.0,0.0,0.0,0.0,0.0
2019-03-07,8,0,67,0.0,0.0,0.0,-0.0,0.0
2019-03-07,8,0,68,7.13,7.13,0.0,-2949.577091,0.0
2019-03-07,8,0,69,0.06,0.06,0.0,0.724964,0.0
2019-03-07,8,0,74,0.0,0.0,0.0,0.0,0.0
2019-03-07,8,0,77,147.17,147.17,0.0,-43233.624038,0.0
2019-03-07,8,0,78,111.12,111.12,0.0,-32643.339696,0.0
2019-03-07,8,0,79,64.1,64.1,0.0,-18830.436236,0.0
2019-03-07,8,0,80,103.96,103.96,0.0,-30539.971156,0.0
2019-03-07,8,0,81,136.09,136.09,0.0,-39978.690598,0.0
2019-03-07,8,0,82,95.84,95.84,0.0,-28154.586722,0.0
2019-03-07,8,0,83,214.4,214.4,0.0,-62983.549594,0.0
2019-03-07,8,0,84,0.0,0.0,0.0,0.0,0.0
2019-03-07,8,0,86,0.3,0.3,0.0,3.624821,0.0
2019-03-07,8,0,87,1.51,1.51,0.0,18.244933,0.0
2019-03-07,8,0,88,123.33,123.33,0.0,-36230.229344,0.0
2019-03-07,8,0,89,119.02,119.02,0.0,-34964.095488,0.0
2019-03-07,8,0,90,155.3,155.3,0.0,-45621.946138,0.0
2019-03-07,8,0,91,486.84,486.84,0.0,-143017.310095,0.0
2019-03-07,8,0,92,194.81,194.81,0.0,-57228.662763,0.0
2019-03-07,8,0,95,36.0,36.0,0.0,807.470518,0.0
2019-03-07,8,0,96,29.88,29.88,0.0,403.22607,0.0
2019-03-07,8,0,97,183.75,183.75,0.0,2479.678391,0.0
2019-03-07,8,0,99,0.0,0.0,0.0,0.0,0.0
2019-03-07,8,0,101,0.0,0.0,0.0,0.0,0.0
2019-03-07,8,0,102,16.87,16.87,0.0,-6978.873146,0.0
2019-03-07,8,0,103,14.67,14.67,0.0,-6068.765208,0.0
2019-03-07,8,0,104,2.72,2.72,0.0,-1125.22436,0.0
2019-03-07,8,0,106,0.0,0.0,0.0,0.0,0.0
2019-03-07,8,0,109,200.0,200.0,0.0,1992.627764,0.0
2019-03-07,8,0,110,55.18,55.18,0.0,-55180.0,0.0
2019-03-07,8,0,111,0.0,0.0,0.0,0.0,0.0
2019-03-07,8,0,113,124.84,124.84,0.0,-32905.795235,0.0
2019-03-07,8,0,115,124.84,124.84,0.0,-32905.795235,0.0
2019-03-07,8,0,116,0.0,0.0,0.0,-0.0,0.0
2019-03-07,8,0,117,6.46,6.46,0.0,-1702.751019,0.0
2019-03-07,8,0,119,112.86,112.86,0.0,12864.022948,0.0
2019-03-07,8,0,120,66.59,66.59,0.0,7590.069893,0.0
2019-03-07,8,0,123,0.0,0.0,0.0,0.0,0.0
2019-03-07,8,0,125,148.81,148.81,0.0,1996.836144,0.0
2019-03-07,8,0,126,0.0,0.0,0.0,0.0,0.0
2019-03-07,8,0,127,0.0,0.0,0.0,0.0,0.0
2019-03-07,8,0,128,213.14,213.14,0.0,2860.060854,0.0
2019-03-07,8,0,131,29.63,29.63,0.0,-11115.377895,0.0
2019-03-07,8,0,132,43.56,43.56,0.0,-16341.068549,0.0
2019-03-07,8,0,133,0.0,0.0,0.0,0.0,0.0
2019-03-07,8,0,134,0.0,0.0,0.0,0.0,0.0
2019-03-07,8,0,135,0.0,0.0,0.0,0.0,0.0
2019-03-07,8,0,136,0.0,0.0,0.0,0.0,0.0
2019-03-07,8,0,139,13.67,13.67,0.0,159.50095,0.0
2019-03-07,8,0,140,40.84,40.84,0.0,-40840.0,0.0
2019-03-07,8,0,141,156.29,156.29,0.0,-87212.239393,0.0
2019-03-07,8,0,142,0.0,0.0,0.0,-0.0,0.0
2019-03-07,8,0,143,22.38,22.38,0.0,301.14377,0.0
2019-03-07,8,0,145,30.0,30.0,0.0,365.857592,0.0
2019-03-07,8,0,146,263.03,263.03,0.0,-263030.0,0.0
2019-03-07,8,0,152,0.06,0.06,0.0,1.057647,0.0
2019-03-07,8,0,153,0.08,0.08,0.0,1.427823,0.0
2019-03-07,8,0,154,0.0,0.0,0.0,0.0,0.0
2019-03-07,8,0,157,188.39,188.39,0.0,-105124.536305,0.0
2019-03-07,8,0,158,0.0,0.0,0.0,-0.0,0.0
2019-03-07,8,0,159,0.0,0.0,0.0,0.0,0.0
2019-03-07,8,0,160,0.06,0.06,0.0,0.53663,0.0
2019-03-07,8,0,161,0.0,0.0,0.0,-0.0,0.0
2019-03-07,8,0,162,48.75,48.75,0.0,1131.210129,0.0
2019-03-07,8,0,163,164.27,164.27,0.0,-164270.0,0.0
2019-03-07,8,0,164,0.0,0.0,0.0,0.0,0.0
2019-03-07,8,0,167,0.25,0.25,0.0,4.842559,0.0
2019-03-07,8,0,168,0.12,0.12,0.0,2.324428,0.0
2019-03-07,8,0,169,0.0,0.0,0.0,0.0,0.0
2019-03-07,8,0,170,0.27,0.27,0.0,5.229964,0.0
2019-03-07,8,0,172,0.32,0.32,0.0,5.949155,0.0
2019-03-07,8,0,173,0.49,0.49,0.0,9.109643,0.0
2019-03-07,8,0,188,0.35,0.35,0.0,9.20618,0.0
2019-03-07,8,0,190,0.0,0.0,0.0,0.0,0.0
2019-03-07,8,0,191,0.0,0.0,0.0,0.0,0.0
2019-03-07,8,0,192,190.67,190.67,0.0,6182.962316,0.0
2019-03-07,8,0,194,176.5,176.5,0.0,-22590.171999,0.0
2019-03-07,8,0,196,0.0,0.0,0.0,0.0,0.0
2019-03-07,8,0,198,0.28,0.28,0.0,2.365416,0.0
2019-03-07,8,0,199,20.72,20.72,0.0,-697.165742,0.0
2019-03-07,8,0,200,0.61,0.61,0.0,-20.524667,0.0
2019-03-07,8,0,204,856.99,856.99,0.0,8729.932278,0.0
2019-03-07,8,0,205,1058.0,1058.0,0.0,10541.000871,0.0
2019-03-07,8,0,206,539.94,539.94,0.0,7286.408438,0.0
2019-03-07,8,0,210,0.08,0.08,0.0,0.557455,0.0
2019-03-07,8,0,214,0.37,0.37,0.0,4.073254,0.0
2019-03-07,8,0,217,0.3,0.3,0.0,2.740893,0.0
2019-03-07,8,0,218,0.41,0.41,0.0,3.745888,0.0
2019-03-07,8,0,219,0.28,0.28,0.0,2.558167,0.0
2019-03-07,8,0,221,0.2,0.2,0.0,2.201759,0.0
2019-03-07,8,0,225,0.22,0.22,0.0,1.570797,0.0
2019-03-07,8,0,233,0.17,0.17,0.0,2.054065,0.0
2019-03-07,8,0,236,0.0,0.0,0.0,0.0,0.0
2019-03-07,8,0,237,0.0,0.0,0.0,0.0,0.0
2019-03-07,8,0,238,0.21,0.21,0.0,2.947674,0.0
2019-03-07,8,0,240,0.15,0.15,0.0,1.337994,0.0
2019-03-07,8,0,245,0.0,0.0,0.0,0.0,0.0
2019-03-07,8,0,247,0.0,0.0,0.0,0.0,0.0
2019-03-07,8,0,248,0.0,0.0,0.0,0.0,0.0
2019-03-07,8,0,249,0.0,0.0,0.0,0.0,0.0
2019-03-07,8,0,251,0.0,0.0,0.0,0.0,0.0
2019-03-07,8,0,252,0.0,0.0,0.0,0.0,0.0
2019-03-07,8,0,254,0.32,0.32,0.0,2.898553,0.0
2019-03-07,8,0,255,0.15,0.15,0.0,1.358697,0.0
2019-03-07,8,0,258,0.19,0.19,0.0,1.700201,0.0
2019-03-07,8,0,260,0.14,0.14,0.0,1.252136,0.0
2019-03-07,8,0,265,0.0,0.0,0.0,0.0,0.0
2019-03-07,8,0,266,8.85,8.85,0.0,103.261405,0.0
2019-03-07,8,0,267,10.88,10.88,0.0,126.947355,0.0
2019-03-07,8,0,270,513.01,513.01,0.0,-513010.0,0.0
2019-03-07,8,0,272,432.21,432.21,0.0,-113923.53219,0.0
2019-03-07,8,0,273,0.0,0.0,0.0,-0.0,0.0
2019-03-07,8,0,274,661.34,661.34,0.0,-661340.0,0.0
2019-03-07,8,0,275,920.59,920.59,0.0,-920590.0,0.0
2019-03-07,8,0,276,0.0,0.0,0.0,-0.0,0.0
2019-03-07,8,0,277,0.0,0.0,0.0,-0.0,0.0
2019-03-07,8,0,278,0.0,0.0,0.0,-0.0,0.0
2019-03-07,8,0,279,223.89,223.89,0.0,-61723.007951,0.0
2019-03-07,8,0,281,4.67,4.67,0.0,62.839205,0.0
2019-03-07,8,0,282,0.0,0.0,0.0,0.0,0.0
2019-03-07,9,0,9,0.8,0.8,0.0,9.068383,0.0
2019-03-07,9,0,17,10.17,10.17,0.0,139.430193,0.0
2019-03-07,9,0,19,0.0,0.0,0.0,0.0,0.0
2019-03-07,9,0,20,0.0,0.0,0.0,0.0,0.0
2019-03-07,9,0,21,18.35,18.35,0.0,208.006045,0.0
2019-03-07,9,0,22,65.23,65.23,0.0,739.413314,0.0
2019-03-07,9,0,23,94.56,94.56,0.0,1071.882921,0.0
2019-03-07,9,0,24,167.31,167.31,0.0,1896.539039,0.0
2019-03-07,9,0,29,1.17,1.17,0.0,8.057047,0.0
2019-03-07,9,0,30,145.34,145.34,0.0,1650.742267,0.0
2019-03-07,9,0,31,10.84,10.84,0.0,123.118523,0.0
2019-03-07,9,0,32,1.92,1.92,0.0,87.829303,0.0
2019-03-07,9,0,33,0.56,0.56,0.0,7.077044,0.0
2019-03-07,9,0,34,0.9,0.9,0.0,11.37382,0.0
2019-03-07,9,0,35,0.9,0.9,0.0,11.37382,0.0
2019-03-07,9,0,36,3.38,3.38,0.0,28.891332,0.0
2019-03-07,9,0,37,1.53,1.53,0.0,13.249293,0.0
2019-03-07,9,0,38,1.97,1.97,0.0,17.059547,0.0
2019-03-07,9,0,39,1.31,1.31,0.0,11.344166,0.0
2019-03-07,9,0,40,1.31,1.31,0.0,11.344166,0.0
2019-03-07,9,0,41,11.87,11.87,0.0,122.993379,0.0
2019-03-07,9,0,42,14.97,14.97,0.0,208.717771,0.0
2019-03-07,9,0,43,10.43,10.43,0.0,91.367834,0.0
2019-03-07,9,0,46,9.24,9.24,0.0,83.359298,0.0
2019-03-07,9,0,52,11.51,11.51,0.0,130.728248,0.0
2019-03-07,9,0,53,18.38,18.38,0.0,208.756315,0.0
2019-03-07,9,0,55,92.28,92.28,0.0,1046.038028,0.0
2019-03-07,9,0,56,42.87,42.87,0.0,486.908772,0.0
2019-03-07,9,0,57,40.78,40.78,0.0,463.170976,0.0
2019-03-07,9,0,58,78.42,78.42,0.0,890.678468,0.0
2019-03-07,9,0,59,77.12,77.12,0.0,875.913332,0.0
2019-03-07,9,0,63,51.0,51.0,0.0,5840.626501,0.0
2019-03-07,9,0,64,60.0,60.0,0.0,6871.325295,0.0
2019-03-07,9,0,65,0.0,0.0,0.0,0.0,0.0
2019-03-07,9,0,67,82.56,82.56,0.0,-46019.512034,0.0
2019-03-07,9,0,68,15.59,15.59,0.0,-6436.769397,0.0
2019-03-07,9,0,69,0.56,0.56,0.0,7.077044,0.0
2019-03-07,9,0,74,0.0,0.0,0.0,0.0,0.0
2019-03-07,9,0,77,60.0,60.0,0.0,-17561.85023,0.0
2019-03-07,9,0,78,45.36,45.36,0.0,-13276.758774,0.0
2019-03-07,9,0,79,26.25,26.25,0.0,-7683.309476,0.0
2019-03-07,9,0,80,42.45,42.45,0.0,-12425.009038,0.0
2019-03-07,9,0,81,55.5,55.5,0.0,-16244.711463,0.0
2019-03-07,9,0,82,39.15,39.15,0.0,-11459.107275,0.0
2019-03-07,9,0,83,87.3,87.3,0.0,-25552.492085,0.0
2019-03-07,9,0,84,0.0,0.0,0.0,0.0,0.0
2019-03-07,9,0,86,2.86,2.86,0.0,36.143474,0.0
2019-03-07,9,0,87,14.59,14.59,0.0,184.382266,0.0
2019-03-07,9,0,88,155.83,155.83,0.0,-45611.052024,0.0
2019-03-07,9,0,89,148.85,148.85,0.0,-43568.023447,0.0
2019-03-07,9,0,90,208.93,208.93,0.0,-61153.289478,0.0
2019-03-07,9,0,91,785.09,785.09,0.0,-229793.883291,0.0
2019-03-07,9,0,92,276.23,276.23,0.0,-80851.831486,0.0
2019-03-07,9,0,95,36.0,36.0,0.0,807.470518,0.0
2019-03-07,9,0,96,29.88,29.88,0.0,340.067923,0.0
2019-03-07,9,0,97,183.75,183.75,0.0,2091.281155,0.0
2019-03-07,9,0,99,0.0,0.0,0.0,0.0,0.0
2019-03-07,9,0,101,2.93,2.93,0.0,33.278346,0.0
2019-03-07,9,0,102,36.87,36.87,0.0,-15222.815118,0.0
2019-03-07,9,0,103,32.06,32.06,0.0,-13236.871513,0.0
2019-03-07,9,0,104,5.98,5.98,0.0,-2469.010968,0.0
2019-03-07,9,0,106,64.21,64.21,0.0,727.851125,0.0
2019-03-07,9,0,109,186.24,186.24,0.0,1708.923356,0.0
2019-03-07,9,0,110,31.69,31.69,0.0,-31690.0,0.0
2019-03-07,9,0,111,4.75,4.75,0.0,49.218075,0.0
2019-03-07,9,0,113,84.3,84.3,0.0,-22153.226926,0.0
2019-03-07,9,0,115,84.3,84.3,0.0,-22153.226926,0.0
2019-03-07,9,0,116,36.28,36.28,0.0,-36280.0,0.0
2019-03-07,9,0,117,5.73,5.73,0.0,-1505.788734,0.0
2019-03-07,9,0,119,60.0,60.0,0.0,6871.325295,0.0
2019-03-07,9,0,120,35.28,35.28,0.0,4040.339273,0.0
2019-03-07,9,0,123,1.07,1.07,0.0,12.128963,0.0
2019-03-07,9,0,125,151.41,151.41,0.0,1716.304918,0.0
2019-03-07,9,0,126,48.16,48.16,0.0,545.916682,0.0
2019-03-07,9,0,127,61.8,61.8,0.0,700.53262,0.0
2019-03-07,9,0,128,216.85,216.85,0.0,2458.098683,0.0
2019-03-07,9,0,131,30.0,30.0,0.0,-11228.366989,0.0
2019-03-07,9,0,132,44.1,44.1,0.0,-16505.699473,0.0
2019-03-07,9,0,133,0.0,0.0,0.0,0.0,0.0
2019-03-07,9,0,134,0.0,0.0,0.0,0.0,0.0
2019-03-07,9,0,135,0.0,0.0,0.0,0.0,0.0
2019-03-07,9,0,136,0.0,0.0,0.0,0.0,0.0
2019-03-07,9,0,139,15.33,15.33,0.0,158.844861,0.0
2019-03-07,9,0,140,23.45,23.45,0.0,-23450.0,0.0
2019-03-07,9,0,141,184.43,184.43,0.0,-102802.550925,0.0
2019-03-07,9,0,142,108.87,108.87,0.0,-60684.887053,0.0
2019-03-07,9,0,143,30.02,30.02,0.0,340.961077,0.0
2019-03-07,9,0,145,30.0,30.0,0.0,317.446923,0.0
2019-03-07,9,0,146,237.05,237.05,0.0,-237050.0,0.0
2019-03-07,9,0,152,2.13,2.13,0.0,35.989464,0.0
2019-03-07,9,0,153,2.79,2.79,0.0,47.653012,0.0
2019-03-07,9,0,154,19.58,19.58,0.0,202.882086,0.0
2019-03-07,9,0,157,208.11,208.11,0.0,-116001.945849,0.0
2019-03-07,9,0,158,69.53,69.53,0.0,-38756.500384,0.0
2019-03-07,9,0,159,0.0,0.0,0.0,0.0,0.0
2019-03-07,9,0,160,0.77,0.77,0.0,6.808795,0.0
2019-03-07,9,0,161,17.03,17.03,0.0,-7031.313845,0.0
2019-03-07,9,0,162,48.75,48.75,0.0,1131.345668,0.0
2019-03-07,9,0,163,185.4,185.4,0.0,-185400.0,0.0
2019-03-07,9,0,164,4.65,4.65,0.0,52.813758,0.0
2019-03-07,9,0,167,2.2,2.2,0.0,42.56885,0.0
2019-03-07,9,0,168,1.1,1.1,0.0,21.284425,0.0
2019-03-07,9,0,169,0.0,0.0,0.0,0.0,0.0
2019-03-07,9,0,170,2.41,2.41,0.0,46.63224,0.0
2019-03-07,9,0,172,2.92,2.92,0.0,54.321999,0.0
2019-03-07,9,0,173,4.45,4.45,0.0,82.785238,0.0
2019-03-07,9,0,188,3.88,3.88,0.0,103.210194,0.0
2019-03-07,9,0,190,2.96,2.96,0.0,95.985569,0.0
2019-03-07,9,0,191,7.65,7.65,0.0,248.070812,0.0
2019-03-07,9,0,192,173.97,173.97,0.0,5641.422112,0.0
2019-03-07,9,0,194,130.37,130.37,0.0,-16596.819101,0.0
2019-03-07,9,0,196,1.96,1.96,0.0,523.752285,0.0
2019-03-07,9,0,198,2.68,2.68,0.0,23.264016,0.0
2019-03-07,9,0,199,27.99,27.99,0.0,-909.644684,0.0
2019-03-07,9,0,200,6.39,6.39,0.0,-207.668079,0.0
2019-03-07,9,0,204,480.72,480.72,0.0,4485.099445,0.0
2019-03-07,9,0,205,1048.92,1048.92,0.0,9624.80609,0.0
2019-03-07,9,0,206,539.94,539.94,0.0,6145.122975,0.0
2019-03-07,9,0,210,0.41,0.41,0.0,2.814587,0.0
2019-03-07,9,0,214,2.32,2.32,0.0,27.579366,0.0
2019-03-07,9,0,217,1.64,1.64,0.0,15.737969,0.0
2019-03-07,9,0,218,2.26,2.26,0.0,21.687689,0.0
2019-03-07,9,0,219,1.54,1.54,0.0,14.778337,0.0
2019-03-07,9,0,221,1.24,1.24,0.0,14.740696,0.0
2019-03-07,9,0,225,1.09,1.09,0.0,7.508403,0.0
2019-03-07,9,0,233,1.62,1.62,0.0,20.472877,0.0
2019-03-07,9,0,236,0.0,0.0,0.0,0.0,0.0
2019-03-07,9,0,237,0.0,0.0,0.0,0.0,0.0
2019-03-07,9,0,238,19.48,19.48,0.0,271.598007,0.0
2019-03-07,9,0,240,3.83,3.83,0.0,32.737811,0.0
2019-03-07,9,0,245,0.0,0.0,0.0,0.0,0.0
2019-03-07,9,0,247,0.0,0.0,0.0,0.0,0.0
2019-03-07,9,0,248,0.0,0.0,0.0,0.0,0.0
2019-03-07,9,0,249,0.0,0.0,0.0,0.0,0.0
2019-03-07,9,0,251,0.0,0.0,0.0,0.0,0.0
2019-03-07,9,0,252,0.0,0.0,0.0,0.0,0.0
2019-03-07,9,0,254,4.0,4.0,0.0,35.123197,0.0
2019-03-07,9,0,255,1.83,1.83,0.0,16.068863,0.0
2019-03-07,9,0,258,4.76,4.76,0.0,40.850465,0.0
2019-03-07,9,0,260,1.86,1.86,0.0,16.447219,0.0
2019-03-07,9,0,265,20.27,20.27,0.0,210.031659,0.0
2019-03-07,9,0,266,9.93,9.93,0.0,102.891681,0.0
2019-03-07,9,0,267,12.2,12.2,0.0,126.41274,0.0
2019-03-07,9,0,270,579.0,579.0,0.0,-579000.0,0.0
2019-03-07,9,0,272,281.31,281.31,0.0,-73925.554764,0.0
2019-03-07,9,0,273,8.67,8.67,0.0,-8670.0,0.0
2019-03-07,9,0,274,746.4,746.4,0.0,-746400.0,0.0
2019-03-07,9,0,275,1039.0,1039.0,0.0,-1039000.0,0.0
2019-03-07,9,0,276,1.92,1.92,0.0,-1730.262333,0.0
2019-03-07,9,0,277,2.42,2.42,0.0,-664.969085,0.0
2019-03-07,9,0,278,3.88,3.88,0.0,-1066.148781,0.0
2019-03-07,9,0,279,264.6,264.6,0.0,-72706.950359,0.0
2019-03-07,9,0,281,4.83,4.83,0.0,54.858161,0.0
2019-03-07,9,0,282,79.73,79.73,0.0,905.557183,0.0
2019-03-07,10,0,9,1.8,1.8,0.0,-0.012261,0.0
2019-03-07,10,0,17,19.65,19.65,0.0,212.587627,0.0
2019-03-07,10,0,19,0.0,0.0,0.0,0.0,0.0
2019-03-07,10,0,20,0.0,0.0,0.0,0.0,0.0
2019-03-07,10,0,21,41.15,41.15,0.0,-0.280291,0.0
2019-03-07,10,0,22,146.26,146.26,0.0,-0.996242,0.0
2019-03-07,10,0,23,96.63,96.63,0.0,-0.65819,0.0
2019-03-07,10,0,24,170.97,170.97,0.0,-1.164553,0.0
2019-03-07,10,0,29,2.04,2.04,0.0,10.649225,0.0
2019-03-07,10,0,30,324.5,324.5,0.0,-22.342144,0.0
2019-03-07,10,0,31,19.15,19.15,0.0,-1.318496,0.0
2019-03-07,10,0,32,3.8,3.8,0.0,74.747098,0.0
2019-03-07,10,0,33,1.22,1.22,0.0,15.944279,0.0
2019-03-07,10,0,34,1.95,1.95,0.0,25.484709,0.0
2019-03-07,10,0,35,1.95,1.95,0.0,25.484709,0.0
2019-03-07,10,0,36,7.04,7.04,0.0,49.22968,0.0
2019-03-07,10,0,37,3.22,3.22,0.0,22.191119,0.0
2019-03-07,10,0,38,4.14,4.14,0.0,28.531438,0.0
2019-03-07,10,0,39,2.76,2.76,0.0,19.020959,0.0
2019-03-07,10,0,40,2.76,2.76,0.0,19.020959,0.0
2019-03-07,10,0,41,13.5,13.5,0.0,44.625452,0.0
2019-03-07,10,0,42,30.65,30.65,0.0,316.642295,0.0
2019-03-07,10,0,43,21.51,21.51,0.0,153.994096,0.0
2019-03-07,10,0,46,19.16,19.16,0.0,118.306592,0.0
2019-03-07,10,0,52,20.32,20.32,0.0,-1.399052,0.0
2019-03-07,10,0,53,32.39,32.39,0.0,-2.230083,0.0
2019-03-07,10,0,55,97.22,97.22,0.0,-0.662209,0.0
2019-03-07,10,0,56,95.72,95.72,0.0,-6.590416,0.0
2019-03-07,10,0,57,91.05,91.05,0.0,-6.268882,0.0
2019-03-07,10,0,58,175.09,175.09,0.0,-12.055119,0.0
2019-03-07,10,0,59,172.17,172.17,0.0,-11.854074,0.0
2019-03-07,10,0,63,51.0,51.0,0.0,1653.805413,0.0
2019-03-07,10,0,64,60.0,60.0,0.0,1945.653427,0.0
2019-03-07,10,0,65,0.0,0.0,0.0,0.0,0.0
2019-03-07,10,0,67,185.34,185.34,0.0,-14270.901155,0.0
2019-03-07,10,0,68,32.14,32.14,0.0,-1692.862164,0.0
2019-03-07,10,0,69,1.22,1.22,0.0,15.944279,0.0
2019-03-07,10,0,74,0.0,0.0,0.0,0.0,0.0
2019-03-07,10,0,77,60.0,60.0,0.0,-1921.140779,0.0
2019-03-07,10,0,78,45.36,45.36,0.0,-1452.382429,0.0
2019-03-07,10,0,79,26.25,26.25,0.0,-840.499091,0.0
2019-03-07,10,0,80,42.45,42.45,0.0,-1359.207101,0.0
2019-03-07,10,0,81,55.5,55.5,0.0,-1777.05522,0.0
2019-03-07,10,0,82,39.15,39.15,0.0,-1253.544358,0.0
2019-03-07,10,0,83,87.3,87.3,0.0,-2795.259833,0.0
2019-03-07,10,0,84,0.0,0.0,0.0,0.0,0.0
2019-03-07,10,0,86,6.17,6.17,0.0,80.636232,0.0
2019-03-07,10,0,87,31.48,31.48,0.0,411.41468,0.0
2019-03-07,10,0,88,103.48,103.48,0.0,-3313.327463,0.0
2019-03-07,10,0,89,99.0,99.0,0.0,-3169.882285,0.0
2019-03-07,10,0,90,137.47,137.47,0.0,-4401.653714,0.0
2019-03-07,10,0,91,509.29,509.29,0.0,-16306.963119,0.0
2019-03-07,10,0,92,180.45,180.45,0.0,-5777.830892,0.0
2019-03-07,10,0,95,88.65,88.65,0.0,1723.868379,0.0
2019-03-07,10,0,96,29.88,29.88,0.0,-3.99461,0.0
2019-03-07,10,0,97,183.75,183.75,0.0,-24.565244,0.0
2019-03-07,10,0,99,0.0,0.0,0.0,0.0,0.0
2019-03-07,10,0,101,6.54,6.54,0.0,-0.450285,0.0
2019-03-07,10,0,102,76.1,76.1,0.0,-4008.301516,0.0
2019-03-07,10,0,103,66.18,66.18,0.0,-3485.800188,0.0
2019-03-07,10,0,104,12.29,12.29,0.0,-647.332794,0.0
2019-03-07,10,0,106,143.98,143.98,0.0,-0.980712,0.0
2019-03-07,10,0,109,171.07,171.07,0.0,905.763527,0.0
2019-03-07,10,0,110,28.98,28.98,0.0,-4390.338917,0.0
2019-03-07,10,0,111,10.35,10.35,0.0,34.212846,0.0
2019-03-07,10,0,113,150.0,150.0,0.0,-4256.524318,0.0
2019-03-07,10,0,115,150.0,150.0,0.0,-4256.524318,0.0
2019-03-07,10,0,116,73.88,73.88,0.0,-11192.485823,0.0
2019-03-07,10,0,117,10.0,10.0,0.0,-283.768288,0.0
2019-03-07,10,0,119,60.0,60.0,0.0,1945.653427,0.0
2019-03-07,10,0,120,35.28,35.28,0.0,1144.044215,0.0
2019-03-07,10,0,123,2.4,2.4,0.0,-0.016347,0.0
2019-03-07,10,0,125,154.72,154.72,0.0,-1.053867,0.0
2019-03-07,10,0,126,107.98,107.98,0.0,-0.7355,0.0
2019-03-07,10,0,127,138.58,138.58,0.0,-0.94393,0.0
2019-03-07,10,0,128,221.59,221.59,0.0,-1.509349,0.0
2019-03-07,10,0,131,40.31,40.31,0.0,-1861.294695,0.0
2019-03-07,10,0,132,65.03,65.03,0.0,-3002.728703,0.0
2019-03-07,10,0,133,0.0,0.0,0.0,0.0,0.0
2019-03-07,10,0,134,0.0,0.0,0.0,0.0,0.0
2019-03-07,10,0,135,0.0,0.0,0.0,0.0,0.0
2019-03-07,10,0,136,0.0,0.0,0.0,0.0,0.0
2019-03-07,10,0,139,17.44,17.44,0.0,57.649473,0.0
2019-03-07,10,0,140,21.45,21.45,0.0,-3249.577977,0.0
2019-03-07,10,0,141,217.02,217.02,0.0,-16710.213492,0.0
2019-03-07,10,0,142,244.42,244.42,0.0,-18819.972269,0.0
2019-03-07,10,0,143,44.92,44.92,0.0,-3.092786,0.0
2019-03-07,10,0,145,56.19,56.19,0.0,108.083037,0.0
2019-03-07,10,0,146,213.1,213.1,0.0,-32283.686098,0.0
2019-03-07,10,0,152,4.71,4.71,0.0,38.732666,0.0
2019-03-07,10,0,153,6.07,6.07,0.0,49.202198,0.0
2019-03-07,10,0,154,42.7,42.7,0.0,141.148651,0.0
2019-03-07,10,0,157,230.03,230.03,0.0,-17711.963919,0.0
2019-03-07,10,0,158,172.99,172.99,0.0,-13319.969736,0.0
2019-03-07,10,0,159,0.0,0.0,0.0,0.0,0.0
2019-03-07,10,0,160,1.59,1.59,0.0,12.95984,0.0
2019-03-07,10,0,161,35.94,35.94,0.0,-1893.013883,0.0
2019-03-07,10,0,162,91.77,91.77,0.0,1797.32051,0.0
2019-03-07,10,0,163,104.02,104.02,0.0,-15758.559493,0.0
2019-03-07,10,0,164,11.64,11.64,0.0,-0.801425,0.0
2019-03-07,10,0,167,4.35,4.35,0.0,82.896532,0.0
2019-03-07,10,0,168,2.17,2.17,0.0,41.352983,0.0
2019-03-07,10,0,169,0.0,0.0,0.0,0.0,0.0
2019-03-07,10,0,170,4.75,4.75,0.0,90.519202,0.0
2019-03-07,10,0,172,5.74,5.74,0.0,89.047402,0.0
2019-03-07,10,0,173,8.74,8.74,0.0,135.587856,0.0
2019-03-07,10,0,188,7.75,7.75,0.0,133.26922,0.0
2019-03-07,10,0,190,6.2,6.2,0.0,201.050854,0.0
2019-03-07,10,0,191,16.01,16.01,0.0,519.165189,0.0
2019-03-07,10,0,192,158.42,158.42,0.0,5137.173599,0.0
2019-03-07,10,0,194,52.95,52.95,0.0,-363.80048,0.0
2019-03-07,10,0,196,4.06,4.06,0.0,235.634692,0.0
2019-03-07,10,0,198,5.28,5.28,0.0,49.152805,0.0
2019-03-07,10,0,199,36.71,36.71,0.0,251.388379,0.0
2019-03-07,10,0,200,12.87,12.87,0.0,88.133164,0.0
2019-03-07,10,0,204,257.1,257.1,0.0,1288.961282,0.0
2019-03-07,10,0,205,1010.31,1010.31,0.0,5349.28362,0.0
2019-03-07,10,0,206,539.94,539.94,0.0,-72.183717,0.0
2019-03-07,10,0,210,0.72,0.72,0.0,4.265827,0.0
2019-03-07,10,0,214,5.13,5.13,0.0,73.882759,0.0
2019-03-07,10,0,217,3.31,3.31,0.0,35.462819,0.0
2019-03-07,10,0,218,4.57,4.57,0.0,48.962261,0.0
2019-03-07,10,0,219,3.11,3.11,0.0,33.320051,0.0
2019-03-07,10,0,221,2.73,2.73,0.0,39.317726,0.0
2019-03-07,10,0,225,2.12,2.12,0.0,10.922595,0.0
2019-03-07,10,0,233,3.49,3.49,0.0,45.611094,0.0
2019-03-07,10,0,236,0.0,0.0,0.0,0.0,0.0
2019-03-07,10,0,237,0.0,0.0,0.0,0.0,0.0
2019-03-07,10,0,238,39.89,39.89,0.0,412.099874,0.0
2019-03-07,10,0,240,7.98,7.98,0.0,55.802961,0.0
2019-03-07,10,0,245,0.0,0.0,0.0,0.0,0.0
2019-03-07,10,0,247,0.0,0.0,0.0,0.0,0.0
2019-03-07,10,0,248,0.0,0.0,0.0,0.0,0.0
2019-03-07,10,0,249,0.0,0.0,0.0,0.0,0.0
2019-03-07,10,0,251,0.0,0.0,0.0,0.0,0.0
2019-03-07,10,0,252,0.0,0.0,0.0,0.0,0.0
2019-03-07,10,0,254,8.09,8.09,0.0,59.930946,0.0
2019-03-07,10,0,255,3.71,3.71,0.0,27.483784,0.0
2019-03-07,10,0,258,9.87,9.87,0.0,69.284602,0.0
2019-03-07,10,0,260,3.86,3.86,0.0,31.462253,0.0
2019-03-07,10,0,265,44.21,44.21,0.0,146.140091,0.0
2019-03-07,10,0,266,11.29,11.29,0.0,37.3201,0.0
2019-03-07,10,0,267,13.88,13.88,0.0,45.881576,0.0
2019-03-07,10,0,270,324.69,324.69,0.0,-49189.06635,0.0
2019-03-07,10,0,272,501.3,501.3,0.0,-14225.304271,0.0
2019-03-07,10,0,273,17.67,17.67,0.0,-2676.925074,0.0
2019-03-07,10,0,274,418.54,418.54,0.0,-63406.916844,0.0
2019-03-07,10,0,275,582.57,582.57,0.0,-88256.719897,0.0
2019-03-07,10,0,276,3.91,3.91,0.0,-527.309925,0.0
2019-03-07,10,0,277,4.9,4.9,0.0,-146.201492,0.0
2019-03-07,10,0,278,7.84,7.84,0.0,-233.922387,0.0
2019-03-07,10,0,279,264.6,264.6,0.0,-7894.880574,0.0
2019-03-07,10,0,281,8.54,8.54,0.0,-0.587987,0.0
2019-03-07,10,0,282,178.01,178.01,0.0,-12.256164,0.0
2019-03-07,11,0,9,2.8,2.8,0.0,-30.450062,0.0
2019-03-07,11,0,17,29.0,29.0,0.0,179.962036,0.0
2019-03-07,11,0,19,0.0,0.0,0.0,0.0,0.0
2019-03-07,11,0,20,0.0,0.0,0.0,0.0,0.0
2019-03-07,11,0,21,64.03,64.03,0.0,-696.327661,0.0
2019-03-07,11,0,22,227.56,227.56,0.0,-2474.720014,0.0
2019-03-07,11,0,23,61.07,61.07,0.0,-664.137596,0.0
2019-03-07,11,0,24,108.0,108.0,0.0,-1174.50238,0.0
2019-03-07,11,0,29,3.09,3.09,0.0,14.441096,0.0
2019-03-07,11,0,30,514.5,514.5,0.0,-5649.222993,0.0
2019-03-07,11,0,31,27.71,27.71,0.0,-304.2565,0.0
2019-03-07,11,0,32,5.68,5.68,0.0,263.423921,0.0
2019-03-07,11,0,33,1.81,1.81,0.0,16.986689,0.0
2019-03-07,11,0,34,2.89,2.89,0.0,27.122393,0.0
2019-03-07,11,0,35,2.89,2.89,0.0,27.122393,0.0
2019-03-07,11,0,36,10.72,10.72,0.0,12.611602,0.0
2019-03-07,11,0,37,4.92,4.92,0.0,5.383354,0.0
2019-03-07,11,0,38,6.33,6.33,0.0,6.926144,0.0
2019-03-07,11,0,39,4.22,4.22,0.0,4.61743,0.0
2019-03-07,11,0,40,4.22,4.22,0.0,4.61743,0.0
2019-03-07,11,0,41,16.68,16.68,0.0,-89.490913,0.0
2019-03-07,11,0,42,49.0,49.0,0.0,270.304657,0.0
2019-03-07,11,0,43,32.62,32.62,0.0,59.563106,0.0
2019-03-07,11,0,46,28.54,28.54,0.0,-1.375247,0.0
2019-03-07,11,0,52,29.46,29.46,0.0,-323.471544,0.0
2019-03-07,11,0,53,47.98,47.98,0.0,-526.821612,0.0
2019-03-07,11,0,55,317.77,317.77,0.0,-3455.755752,0.0
2019-03-07,11,0,56,151.76,151.76,0.0,-1666.328632,0.0
2019-03-07,11,0,57,144.36,144.36,0.0,-1585.076446,0.0
2019-03-07,11,0,58,277.61,277.61,0.0,-3048.164811,0.0
2019-03-07,11,0,59,272.98,272.98,0.0,-2997.327294,0.0
2019-03-07,11,0,63,51.0,51.0,0.0,5867.359183,0.0
2019-03-07,11,0,64,60.0,60.0,0.0,6902.77551,0.0
2019-03-07,11,0,65,0.0,0.0,0.0,0.0,0.0
2019-03-07,11,0,67,293.56,293.56,0.0,-162781.045057,0.0
2019-03-07,11,0,68,33.45,33.45,0.0,-13682.09087,0.0
2019-03-07,11,0,69,1.81,1.81,0.0,16.986689,0.0
2019-03-07,11,0,74,3.43,3.43,0.0,8.483457,0.0
2019-03-07,11,0,77,60.0,60.0,0.0,-17234.306102,0.0
2019-03-07,11,0,78,45.36,45.36,0.0,-13029.135413,0.0
2019-03-07,11,0,79,26.25,26.25,0.0,-7540.00892,0.0
2019-03-07,11,0,80,42.45,42.45,0.0,-12193.271567,0.0
2019-03-07,11,0,81,55.5,55.5,0.0,-15941.733145,0.0
2019-03-07,11,0,82,39.15,39.15,0.0,-11245.384732,0.0
2019-03-07,11,0,83,87.3,87.3,0.0,-25075.915379,0.0
2019-03-07,11,0,84,0.0,0.0,0.0,0.0,0.0
2019-03-07,11,0,86,9.16,9.16,0.0,85.965785,0.0
2019-03-07,11,0,87,46.75,46.75,0.0,438.744589,0.0
2019-03-07,11,0,88,51.18,51.18,0.0,-14700.863105,0.0
2019-03-07,11,0,89,49.2,49.2,0.0,-14132.131004,0.0
2019-03-07,11,0,90,66.06,66.06,0.0,-18974.971019,0.0
2019-03-07,11,0,91,235.65,235.65,0.0,-67687.737217,0.0
2019-03-07,11,0,92,84.75,84.75,0.0,-24343.45737,0.0
2019-03-07,11,0,95,96.29,96.29,0.0,1872.434137,0.0
2019-03-07,11,0,96,31.88,31.88,0.0,-353.541675,0.0
2019-03-07,11,0,97,234.28,234.28,0.0,-2598.109898,0.0
2019-03-07,11,0,99,0.74,0.74,0.0,1.83025,0.0
2019-03-07,11,0,101,10.36,10.36,0.0,-113.753062,0.0
2019-03-07,11,0,102,79.21,79.21,0.0,-32399.354794,0.0
2019-03-07,11,0,103,68.88,68.88,0.0,-28174.063353,0.0
2019-03-07,11,0,104,12.79,12.79,0.0,-5231.507989,0.0
2019-03-07,11,0,106,224.01,224.01,0.0,-2436.113686,0.0
2019-03-07,11,0,109,83.48,83.48,0.0,-152.457924,0.0
2019-03-07,11,0,110,8.29,8.29,0.0,-8290.0,0.0
2019-03-07,11,0,111,16.06,16.06,0.0,-86.164512,0.0
2019-03-07,11,0,113,84.2,84.2,0.0,-21878.833797,0.0
2019-03-07,11,0,115,84.2,84.2,0.0,-21878.833797,0.0
2019-03-07,11,0,116,113.69,113.69,0.0,-113690.0,0.0
2019-03-07,11,0,117,5.66,5.66,0.0,-1470.714956,0.0
2019-03-07,11,0,119,60.0,60.0,0.0,6902.77551,0.0
2019-03-07,11,0,120,35.28,35.28,0.0,4058.832,0.0
2019-03-07,11,0,123,3.73,3.73,0.0,-40.563832,0.0
2019-03-07,11,0,125,97.74,97.74,0.0,-1062.924654,0.0
2019-03-07,11,0,126,168.01,168.01,0.0,-1827.112452,0.0
2019-03-07,11,0,127,215.61,215.61,0.0,-2344.763501,0.0
2019-03-07,11,0,128,139.96,139.96,0.0,-1522.068084,0.0
2019-03-07,11,0,131,30.0,30.0,0.0,-11105.370505,0.0
2019-03-07,11,0,132,44.1,44.1,0.0,-16324.894642,0.0
2019-03-07,11,0,133,0.0,0.0,0.0,0.0,0.0
2019-03-07,11,0,134,0.0,0.0,0.0,0.0,0.0
2019-03-07,11,0,135,0.0,0.0,0.0,0.0,0.0
2019-03-07,11,0,136,0.0,0.0,0.0,0.0,0.0
2019-03-07,11,0,139,21.54,21.54,0.0,-115.565604,0.0
2019-03-07,11,0,140,6.14,6.14,0.0,-6140.0,0.0
2019-03-07,11,0,141,230.0,230.0,0.0,-127536.586603,0.0
2019-03-07,11,0,142,387.13,387.13,0.0,-214666.255528,0.0
2019-03-07,11,0,143,65.06,65.06,0.0,-714.360443,0.0
2019-03-07,11,0,145,100.0,100.0,0.0,-758.153811,0.0
2019-03-07,11,0,146,148.34,148.34,0.0,-148340.0,0.0
2019-03-07,11,0,152,7.25,7.25,0.0,18.655182,0.0
2019-03-07,11,0,153,9.13,9.13,0.0,21.994818,0.0
2019-03-07,11,0,154,66.25,66.25,0.0,-355.442027,0.0
2019-03-07,11,0,157,250.0,250.0,0.0,-138626.724568,0.0
2019-03-07,11,0,158,279.59,279.59,0.0,-155034.583688,0.0
2019-03-07,11,0,159,0.0,0.0,0.0,0.0,0.0
2019-03-07,11,0,160,2.44,2.44,0.0,10.156436,0.0
2019-03-07,11,0,161,56.4,56.4,0.0,-23069.35501,0.0
2019-03-07,11,0,162,162.5,162.5,0.0,3288.031562,0.0
2019-03-07,11,0,163,160.49,160.49,0.0,-160490.0,0.0
2019-03-07,11,0,164,18.48,18.48,0.0,-202.910867,0.0
2019-03-07,11,0,167,6.52,6.52,0.0,105.752914,0.0
2019-03-07,11,0,168,3.26,3.26,0.0,52.876457,0.0
2019-03-07,11,0,169,0.0,0.0,0.0,0.0,0.0
2019-03-07,11,0,170,7.13,7.13,0.0,115.646975,0.0
2019-03-07,11,0,172,8.71,8.71,0.0,145.517035,0.0
2019-03-07,11,0,173,13.27,13.27,0.0,221.700465,0.0
2019-03-07,11,0,188,11.6,11.6,0.0,302.939494,0.0
2019-03-07,11,0,190,9.37,9.37,0.0,303.84621,0.0
2019-03-07,11,0,191,24.2,24.2,0.0,784.746882,0.0
2019-03-07,11,0,192,118.17,118.17,0.0,3831.964425,0.0
2019-03-07,11,0,194,52.95,52.95,0.0,-6671.590359,0.0
2019-03-07,11,0,196,6.21,6.21,0.0,1668.390694,0.0
2019-03-07,11,0,198,7.98,7.98,0.0,62.802029,0.0
2019-03-07,11,0,199,56.82,56.82,0.0,-2397.887511,0.0
2019-03-07,11,0,200,18.94,18.94,0.0,-799.295837,0.0
2019-03-07,11,0,204,257.1,257.1,0.0,-580.706175,0.0
2019-03-07,11,0,205,545.8,545.8,0.0,-996.784079,0.0
2019-03-07,11,0,206,895.48,895.48,0.0,-9930.661822,0.0
2019-03-07,11,0,210,1.07,1.07,0.0,5.381072,0.0
2019-03-07,11,0,214,7.71,7.71,0.0,86.862333,0.0
2019-03-07,11,0,217,4.89,4.89,0.0,43.321058,0.0
2019-03-07,11,0,218,6.75,6.75,0.0,59.799007,0.0
2019-03-07,11,0,219,4.6,4.6,0.0,40.751916,0.0
2019-03-07,11,0,221,4.11,4.11,0.0,46.304045,0.0
2019-03-07,11,0,225,3.14,3.14,0.0,14.566955,0.0
2019-03-07,11,0,233,5.18,5.18,0.0,48.613839,0.0
2019-03-07,11,0,236,0.0,0.0,0.0,0.0,0.0
2019-03-07,11,0,237,7.65,7.65,0.0,18.92083,0.0
2019-03-07,11,0,238,63.78,63.78,0.0,351.837367,0.0
2019-03-07,11,0,240,12.15,12.15,0.0,14.293933,0.0
2019-03-07,11,0,245,0.0,0.0,0.0,0.0,0.0
2019-03-07,11,0,247,0.0,0.0,0.0,0.0,0.0
2019-03-07,11,0,248,0.91,0.91,0.0,2.250713,0.0
2019-03-07,11,0,249,0.0,0.0,0.0,0.0,0.0
2019-03-07,11,0,251,0.0,0.0,0.0,0.0,0.0
2019-03-07,11,0,252,0.0,0.0,0.0,0.0,0.0
2019-03-07,11,0,254,12.41,12.41,0.0,29.936403,0.0
2019-03-07,11,0,255,5.69,5.69,0.0,13.725877,0.0
2019-03-07,11,0,258,15.0,15.0,0.0,19.220357,0.0
2019-03-07,11,0,260,5.92,5.92,0.0,24.641844,0.0
2019-03-07,11,0,265,68.59,68.59,0.0,-367.996507,0.0
2019-03-07,11,0,266,13.95,13.95,0.0,-74.844019,0.0
2019-03-07,11,0,267,17.14,17.14,0.0,-91.958888,0.0
2019-03-07,11,0,270,542.91,542.91,0.0,-542910.0,0.0
2019-03-07,11,0,272,281.17,281.17,0.0,-73060.23395,0.0
2019-03-07,11,0,273,27.19,27.19,0.0,-27190.0,0.0
2019-03-07,11,0,274,708.99,708.99,0.0,-708990.0,0.0
2019-03-07,11,0,275,1000.33,1000.33,0.0,-1000330.0,0.0
2019-03-07,11,0,276,6.09,6.09,0.0,-5484.232535,0.0
2019-03-07,11,0,277,7.55,7.55,0.0,-2044.741211,0.0
2019-03-07,11,0,278,12.08,12.08,0.0,-3271.585938,0.0
2019-03-07,11,0,279,264.6,264.6,0.0,-71660.731722,0.0
2019-03-07,11,0,281,12.08,12.08,0.0,-132.638705,0.0
2019-03-07,11,0,282,282.23,282.23,0.0,-3098.892527,0.0
2019-03-07,12,0,9,3.61,3.61,0.0,-1423.008663,0.0
2019-03-07,12,0,17,36.48,36.48,0.0,178.323791,0.0
2019-03-07,12,0,19,0.0,0.0,0.0,0.0,0.0
2019-03-07,12,0,20,0.0,0.0,0.0,0.0,0.0
2019-03-07,12,0,21,82.64,82.64,0.0,-32575.467007,0.0
2019-03-07,12,0,22,293.7,293.7,0.0,-115772.20063,0.0
2019-03-07,12,0,23,46.17,46.17,0.0,-18199.531846,0.0
2019-03-07,12,0,24,77.3,77.3,0.0,-30470.517905,0.0
2019-03-07,12,0,29,3.83,3.83,0.0,15.073509,0.0
2019-03-07,12,0,30,660.68,660.68,0.0,-660680.0,0.0
2019-03-07,12,0,31,38.54,38.54,0.0,-38540.0,0.0
2019-03-07,12,0,32,6.97,6.97,0.0,291.854335,0.0
2019-03-07,12,0,33,2.35,2.35,0.0,21.301927,0.0
2019-03-07,12,0,34,3.77,3.77,0.0,34.17373,0.0
2019-03-07,12,0,35,3.77,3.77,0.0,34.17373,0.0
2019-03-07,12,0,36,14.1,14.1,0.0,-14.451467,0.0
2019-03-07,12,0,37,6.49,6.49,0.0,-6.436142,0.0
2019-03-07,12,0,38,8.34,8.34,0.0,-8.270789,0.0
2019-03-07,12,0,39,5.56,5.56,0.0,-5.513859,0.0
2019-03-07,12,0,40,5.56,5.56,0.0,-5.513859,0.0
2019-03-07,12,0,41,20.69,20.69,0.0,-331.518853,0.0
2019-03-07,12,0,42,65.7,65.7,0.0,261.680953,0.0
2019-03-07,12,0,43,42.49,42.49,0.0,1.029435,0.0
2019-03-07,12,0,46,36.59,36.59,0.0,-71.606466,0.0
2019-03-07,12,0,52,40.86,40.86,0.0,-40860.0,0.0
2019-03-07,12,0,53,64.91,64.91,0.0,-64910.0,0.0
2019-03-07,12,0,55,568.79,568.79,0.0,-224208.614219,0.0
2019-03-07,12,0,56,194.88,194.88,0.0,-194880.0,0.0
2019-03-07,12,0,57,185.37,185.37,0.0,-185370.0,0.0
2019-03-07,12,0,58,356.48,356.48,0.0,-356480.0,0.0
2019-03-07,12,0,59,350.54,350.54,0.0,-350540.0,0.0
2019-03-07,12,0,63,49.06,49.06,0.0,5425.193165,0.0
2019-03-07,12,0,64,57.72,57.72,0.0,6382.840389,0.0
2019-03-07,12,0,65,0.0,0.0,0.0,0.0,0.0
2019-03-07,12,0,67,383.54,383.54,0.0,-213597.016523,0.0
2019-03-07,12,0,68,34.0,34.0,0.0,-14015.415566,0.0
2019-03-07,12,0,69,2.35,2.35,0.0,21.301927,0.0
2019-03-07,12,0,74,13.05,13.05,0.0,-4.512124,0.0
2019-03-07,12,0,77,60.0,60.0,0.0,-17452.933022,0.0
2019-03-07,12,0,78,45.36,45.36,0.0,-13194.417364,0.0
2019-03-07,12,0,79,26.25,26.25,0.0,-7635.658197,0.0
2019-03-07,12,0,80,42.45,42.45,0.0,-12347.950113,0.0
2019-03-07,12,0,81,55.5,55.5,0.0,-16143.963045,0.0
2019-03-07,12,0,82,39.15,39.15,0.0,-11388.038797,0.0
2019-03-07,12,0,83,87.3,87.3,0.0,-25394.017547,0.0
2019-03-07,12,0,84,0.0,0.0,0.0,0.0,0.0
2019-03-07,12,0,86,11.93,11.93,0.0,108.141272,0.0
2019-03-07,12,0,87,60.9,60.9,0.0,552.037172,0.0
2019-03-07,12,0,88,51.18,51.18,0.0,-14887.351868,0.0
2019-03-07,12,0,89,49.2,49.2,0.0,-14311.405078,0.0
2019-03-07,12,0,90,66.06,66.06,0.0,-19215.679257,0.0
2019-03-07,12,0,91,235.65,235.65,0.0,-68546.394443,0.0
2019-03-07,12,0,92,84.75,84.75,0.0,-24652.267893,0.0
2019-03-07,12,0,95,120.0,120.0,0.0,2333.493576,0.0
2019-03-07,12,0,96,29.88,29.88,0.0,999.433394,0.0
2019-03-07,12,0,97,183.76,183.76,0.0,6146.448476,0.0
2019-03-07,12,0,99,2.52,2.52,0.0,-0.871307,0.0
2019-03-07,12,0,101,13.31,13.31,0.0,-13310.0,0.0
2019-03-07,12,0,102,80.5,80.5,0.0,-33183.557444,0.0
2019-03-07,12,0,103,70.0,70.0,0.0,-28855.267342,0.0
2019-03-07,12,0,104,13.0,13.0,0.0,-5358.835364,0.0
2019-03-07,12,0,106,289.12,289.12,0.0,-113966.832299,0.0
2019-03-07,12,0,109,60.0,60.0,0.0,-236.928391,0.0
2019-03-07,12,0,110,0.0,0.0,0.0,-0.0,0.0
2019-03-07,12,0,111,21.95,21.95,0.0,-351.708015,0.0
2019-03-07,12,0,113,45.0,45.0,0.0,-11893.141295,0.0
2019-03-07,12,0,115,45.0,45.0,0.0,-11893.141295,0.0
2019-03-07,12,0,116,146.22,146.22,0.0,-146220.0,0.0
2019-03-07,12,0,117,3.0,3.0,0.0,-792.876086,0.0
2019-03-07,12,0,119,57.72,57.72,0.0,6382.840389,0.0
2019-03-07,12,0,120,33.94,33.94,0.0,3753.180921,0.0
2019-03-07,12,0,123,4.82,4.82,0.0,-1899.972785,0.0
2019-03-07,12,0,125,70.73,70.73,0.0,-27880.720976,0.0
2019-03-07,12,0,126,216.84,216.84,0.0,-85475.124224,0.0
2019-03-07,12,0,127,278.28,278.28,0.0,-109693.864458,0.0
2019-03-07,12,0,128,96.96,96.96,0.0,-38220.199432,0.0
2019-03-07,12,0,131,30.0,30.0,0.0,-11207.265805,0.0
2019-03-07,12,0,132,44.1,44.1,0.0,-16474.680733,0.0
2019-03-07,12,0,133,0.0,0.0,0.0,0.0,0.0
2019-03-07,12,0,134,0.0,0.0,0.0,0.0,0.0
2019-03-07,12,0,135,0.0,0.0,0.0,0.0,0.0
2019-03-07,12,0,136,0.0,0.0,0.0,0.0,0.0
2019-03-07,12,0,139,26.72,26.72,0.0,-428.138413,0.0
2019-03-07,12,0,140,0.0,0.0,0.0,-0.0,0.0
2019-03-07,12,0,141,230.0,230.0,0.0,-128089.153153,0.0
2019-03-07,12,0,142,505.8,505.8,0.0,-281684.755064,0.0
2019-03-07,12,0,143,99.17,99.17,0.0,-99170.0,0.0
2019-03-07,12,0,145,56.25,56.25,0.0,-523.782104,0.0
2019-03-07,12,0,146,100.5,100.5,0.0,-100500.0,0.0
2019-03-07,12,0,152,9.53,9.53,0.0,3.050118,0.0
2019-03-07,12,0,153,12.07,12.07,0.0,1.422291,0.0
2019-03-07,12,0,154,90.53,90.53,0.0,-1450.575244,0.0
2019-03-07,12,0,157,250.0,250.0,0.0,-139227.340384,0.0
2019-03-07,12,0,158,374.21,374.21,0.0,-208401.05218,0.0
2019-03-07,12,0,159,0.0,0.0,0.0,0.0,0.0
2019-03-07,12,0,160,3.15,3.15,0.0,9.396333,0.0
2019-03-07,12,0,161,72.7,72.7,0.0,-29968.256225,0.0
2019-03-07,12,0,162,162.5,162.5,0.0,3285.508025,0.0
2019-03-07,12,0,163,163.58,163.58,0.0,-163580.0,0.0
2019-03-07,12,0,164,24.77,24.77,0.0,-24770.0,0.0
2019-03-07,12,0,167,8.16,8.16,0.0,133.846027,0.0
2019-03-07,12,0,168,4.08,4.08,0.0,66.923013,0.0
2019-03-07,12,0,169,0.0,0.0,0.0,0.0,0.0
2019-03-07,12,0,170,8.93,8.93,0.0,146.476105,0.0
2019-03-07,12,0,172,10.7,10.7,0.0,166.863432,0.0
2019-03-07,12,0,173,16.3,16.3,0.0,254.193827,0.0
2019-03-07,12,0,188,14.16,14.16,0.0,326.298115,0.0
2019-03-07,12,0,190,11.79,11.79,0.0,382.320898,0.0
2019-03-07,12,0,191,30.45,30.45,0.0,987.419114,0.0
2019-03-07,12,0,192,96.41,96.41,0.0,3126.340782,0.0
2019-03-07,12,0,194,52.95,52.95,0.0,-6977.804334,0.0
2019-03-07,12,0,196,8.09,8.09,0.0,2127.80293,0.0
2019-03-07,12,0,198,10.12,10.12,0.0,78.209817,0.0
2019-03-07,12,0,199,113.69,113.69,0.0,-8700.638236,0.0
2019-03-07,12,0,200,23.57,23.57,0.0,-1803.800187,0.0
2019-03-07,12,0,204,257.1,257.1,0.0,-1103.928039,0.0
2019-03-07,12,0,205,317.4,317.4,0.0,-1253.351191,0.0
2019-03-07,12,0,206,539.95,539.95,0.0,18060.376875,0.0
2019-03-07,12,0,210,1.33,1.33,0.0,4.887553,0.0
2019-03-07,12,0,214,10.0,10.0,0.0,115.239498,0.0
2019-03-07,12,0,217,6.19,6.19,0.0,55.255993,0.0
2019-03-07,12,0,218,8.55,8.55,0.0,76.322898,0.0
2019-03-07,12,0,219,5.82,5.82,0.0,51.953131,0.0
2019-03-07,12,0,221,5.33,5.33,0.0,61.422652,0.0
2019-03-07,12,0,225,3.93,3.93,0.0,15.566051,0.0
2019-03-07,12,0,233,6.75,6.75,0.0,61.186386,0.0
2019-03-07,12,0,236,6.59,6.59,0.0,17.387992,0.0
2019-03-07,12,0,237,31.3,31.3,0.0,-10.822184,0.0
2019-03-07,12,0,238,85.52,85.52,0.0,340.623365,0.0
2019-03-07,12,0,240,15.98,15.98,0.0,-16.37833,0.0
2019-03-07,12,0,245,0.0,0.0,0.0,0.0,0.0
2019-03-07,12,0,247,0.0,0.0,0.0,0.0,0.0
2019-03-07,12,0,248,3.14,3.14,0.0,-1.085676,0.0
2019-03-07,12,0,249,0.0,0.0,0.0,0.0,0.0
2019-03-07,12,0,251,0.0,0.0,0.0,0.0,0.0
2019-03-07,12,0,252,0.0,0.0,0.0,0.0,0.0
2019-03-07,12,0,254,16.51,16.51,0.0,12.657873,0.0
2019-03-07,12,0,255,7.56,7.56,0.0,5.796094,0.0
2019-03-07,12,0,258,19.54,19.54,0.0,-16.716074,0.0
2019-03-07,12,0,260,7.66,7.66,0.0,22.849495,0.0
2019-03-07,12,0,265,93.73,93.73,0.0,-1501.849305,0.0
2019-03-07,12,0,266,17.3,17.3,0.0,-277.200395,0.0
2019-03-07,12,0,267,21.27,21.27,0.0,-340.812277,0.0
2019-03-07,12,0,270,510.87,510.87,0.0,-510870.0,0.0
2019-03-07,12,0,272,150.39,150.39,0.0,-39746.878207,0.0
2019-03-07,12,0,273,34.97,34.97,0.0,-34970.0,0.0
2019-03-07,12,0,274,658.57,658.57,0.0,-658570.0,0.0
2019-03-07,12,0,275,916.74,916.74,0.0,-916740.0,0.0
2019-03-07,12,0,276,7.87,7.87,0.0,-7091.398968,0.0
2019-03-07,12,0,277,9.7,9.7,0.0,-2667.038904,0.0
2019-03-07,12,0,278,15.52,15.52,0.0,-4267.262247,0.0
2019-03-07,12,0,279,264.6,264.6,0.0,-72752.422066,0.0
2019-03-07,12,0,281,17.3,17.3,0.0,-17300.0,0.0
2019-03-07,12,0,282,362.42,362.42,0.0,-362420.0,0.0
2019-03-07,13,0,9,3.7,3.7,0.0,-1451.089049,0.0
2019-03-07,13,0,17,40.77,40.77,0.0,271.761071,0.0
2019-03-07,13,0,19,0.0,0.0,0.0,0.0,0.0
2019-03-07,13,0,20,0.0,0.0,0.0,0.0,0.0
2019-03-07,13,0,21,84.54,84.54,0.0,-33155.423838,0.0
2019-03-07,13,0,22,300.46,300.46,0.0,-117836.2745,0.0
2019-03-07,13,0,23,90.35,90.35,0.0,-35434.025831,0.0
2019-03-07,13,0,24,157.79,157.79,0.0,-61883.065145,0.0
2019-03-07,13,0,29,4.46,4.46,0.0,21.686182,0.0
2019-03-07,13,0,30,695.35,695.35,0.0,-695350.0,0.0
2019-03-07,13,0,31,53.23,53.23,0.0,-53230.0,0.0
2019-03-07,13,0,32,7.51,7.51,0.0,151.306911,0.0
2019-03-07,13,0,33,2.75,2.75,0.0,29.379258,0.0
2019-03-07,13,0,34,4.41,4.41,0.0,47.113646,0.0
2019-03-07,13,0,35,4.41,4.41,0.0,47.113646,0.0
2019-03-07,13,0,36,15.58,15.58,0.0,13.64255,0.0
2019-03-07,13,0,37,7.44,7.44,0.0,6.639605,0.0
2019-03-07,13,0,38,9.57,9.57,0.0,8.54046,0.0
2019-03-07,13,0,39,6.38,6.38,0.0,5.69364,0.0
2019-03-07,13,0,40,6.38,6.38,0.0,5.69364,0.0
2019-03-07,13,0,41,25.68,25.68,0.0,-342.974456,0.0
2019-03-07,13,0,42,82.51,82.51,0.0,478.131022,0.0
2019-03-07,13,0,43,48.02,48.02,0.0,84.007296,0.0
2019-03-07,13,0,46,40.69,40.69,0.0,1.251906,0.0
2019-03-07,13,0,52,56.43,56.43,0.0,-56430.0,0.0
2019-03-07,13,0,53,89.65,89.65,0.0,-89650.0,0.0
2019-03-07,13,0,55,623.0,623.0,0.0,-244332.020947,0.0
2019-03-07,13,0,56,205.1,205.1,0.0,-205100.0,0.0
2019-03-07,13,0,57,195.1,195.1,0.0,-195100.0,0.0
2019-03-07,13,0,58,375.19,375.19,0.0,-375190.0,0.0
2019-03-07,13,0,59,368.93,368.93,0.0,-368930.0,0.0
2019-03-07,13,0,63,25.08,25.08,0.0,521.029026,0.0
2019-03-07,13,0,64,29.5,29.5,0.0,612.85312,0.0
2019-03-07,13,0,65,0.0,0.0,0.0,0.0,0.0
2019-03-07,13,0,67,394.87,394.87,0.0,8923.479811,0.0
2019-03-07,13,0,68,34.0,34.0,0.0,802.164471,0.0
2019-03-07,13,0,69,2.75,2.75,0.0,29.379258,0.0
2019-03-07,13,0,74,26.63,26.63,0.0,43.570562,0.0
2019-03-07,13,0,77,60.0,60.0,0.0,1513.277564,0.0
2019-03-07,13,0,78,45.36,45.36,0.0,1144.037838,0.0
2019-03-07,13,0,79,26.25,26.25,0.0,662.058934,0.0
2019-03-07,13,0,80,42.45,42.45,0.0,1070.643877,0.0
2019-03-07,13,0,81,55.5,55.5,0.0,1399.781747,0.0
2019-03-07,13,0,82,39.15,39.15,0.0,987.413611,0.0
2019-03-07,13,0,83,87.3,87.3,0.0,2201.818856,0.0
2019-03-07,13,0,84,0.0,0.0,0.0,0.0,0.0
2019-03-07,13,0,86,13.95,13.95,0.0,149.032962,0.0
2019-03-07,13,0,87,71.22,71.22,0.0,760.869357,0.0
2019-03-07,13,0,88,51.18,51.18,0.0,1290.825762,0.0
2019-03-07,13,0,89,49.2,49.2,0.0,1240.887602,0.0
2019-03-07,13,0,90,66.06,66.06,0.0,1666.118598,0.0
2019-03-07,13,0,91,235.65,235.65,0.0,5943.397633,0.0
2019-03-07,13,0,92,84.75,84.75,0.0,2137.504559,0.0
2019-03-07,13,0,95,120.0,120.0,0.0,2333.493576,0.0
2019-03-07,13,0,96,29.88,29.88,0.0,1102.288407,0.0
2019-03-07,13,0,97,183.75,183.75,0.0,6778.631019,0.0
2019-03-07,13,0,99,5.14,5.14,0.0,8.409789,0.0
2019-03-07,13,0,101,14.01,14.01,0.0,-14010.0,0.0
2019-03-07,13,0,102,80.5,80.5,0.0,1899.24235,0.0
2019-03-07,13,0,103,70.0,70.0,0.0,1651.515087,0.0
2019-03-07,13,0,104,13.0,13.0,0.0,306.709945,0.0
2019-03-07,13,0,106,295.78,295.78,0.0,-116000.842946,0.0
2019-03-07,13,0,109,60.0,60.0,0.0,-101.150109,0.0
2019-03-07,13,0,110,13.82,13.82,0.0,270.221165,0.0
2019-03-07,13,0,111,24.79,24.79,0.0,-331.08788,0.0
2019-03-07,13,0,113,45.0,45.0,0.0,1025.807228,0.0
2019-03-07,13,0,115,45.0,45.0,0.0,1025.807228,0.0
2019-03-07,13,0,116,151.74,151.74,0.0,2966.958001,0.0
2019-03-07,13,0,117,3.0,3.0,0.0,68.387149,0.0
2019-03-07,13,0,119,29.5,29.5,0.0,612.85312,0.0
2019-03-07,13,0,120,17.35,17.35,0.0,360.440733,0.0
2019-03-07,13,0,123,4.93,4.93,0.0,-1933.478111,0.0
2019-03-07,13,0,125,143.27,143.27,0.0,-56188.521093,0.0
2019-03-07,13,0,126,221.83,221.83,0.0,-86998.671279,0.0
2019-03-07,13,0,127,284.69,284.69,0.0,-111651.497662,0.0
2019-03-07,13,0,128,202.25,202.25,0.0,-79319.664906,0.0
2019-03-07,13,0,131,30.0,30.0,0.0,715.760567,0.0
2019-03-07,13,0,132,44.1,44.1,0.0,1052.168033,0.0
2019-03-07,13,0,133,0.0,0.0,0.0,0.0,0.0
2019-03-07,13,0,134,0.0,0.0,0.0,0.0,0.0
2019-03-07,13,0,135,0.0,0.0,0.0,0.0,0.0
2019-03-07,13,0,136,0.0,0.0,0.0,0.0,0.0
2019-03-07,13,0,139,33.16,33.16,0.0,-442.875115,0.0
2019-03-07,13,0,140,10.23,10.23,0.0,200.026231,0.0
2019-03-07,13,0,141,230.0,230.0,0.0,5197.660893,0.0
2019-03-07,13,0,142,520.73,520.73,0.0,11767.730246,0.0
2019-03-07,13,0,143,151.46,151.46,0.0,-151460.0,0.0
2019-03-07,13,0,145,100.0,100.0,0.0,-641.025857,0.0
2019-03-07,13,0,146,66.99,66.99,0.0,1309.849193,0.0
2019-03-07,13,0,152,11.73,11.73,0.0,26.60058,0.0
2019-03-07,13,0,153,14.69,14.69,0.0,30.452162,0.0
2019-03-07,13,0,154,102.26,102.26,0.0,-1365.7542,0.0
2019-03-07,13,0,157,250.0,250.0,0.0,5649.631405,0.0
2019-03-07,13,0,158,426.09,426.09,0.0,9629.005781,0.0
2019-03-07,13,0,159,0.0,0.0,0.0,0.0,0.0
2019-03-07,13,0,160,3.76,3.76,0.0,16.044145,0.0
2019-03-07,13,0,161,74.39,74.39,0.0,1755.088676,0.0
2019-03-07,13,0,162,162.5,162.5,0.0,3161.979434,0.0
2019-03-07,13,0,163,79.16,79.16,0.0,1547.808062,0.0
2019-03-07,13,0,164,25.7,25.7,0.0,-25700.0,0.0
2019-03-07,13,0,167,8.97,8.97,0.0,174.048169,0.0
2019-03-07,13,0,168,4.48,4.48,0.0,86.927068,0.0
2019-03-07,13,0,169,0.0,0.0,0.0,0.0,0.0
2019-03-07,13,0,170,9.81,9.81,0.0,190.346994,0.0
2019-03-07,13,0,172,11.82,11.82,0.0,220.669513,0.0
2019-03-07,13,0,173,18.02,18.02,0.0,336.418328,0.0
2019-03-07,13,0,188,15.38,15.38,0.0,303.379406,0.0
2019-03-07,13,0,190,12.9,12.9,0.0,267.993398,0.0
2019-03-07,13,0,191,33.32,33.32,0.0,692.212406,0.0
2019-03-07,13,0,192,89.38,89.38,0.0,1856.841081,0.0
2019-03-07,13,0,194,52.95,52.95,0.0,1126.401551,0.0
2019-03-07,13,0,196,8.19,8.19,0.0,177.717329,0.0
2019-03-07,13,0,198,14.95,14.95,0.0,121.235912,0.0
2019-03-07,13,0,199,73.53,73.53,0.0,774.727484,0.0
2019-03-07,13,0,200,28.35,28.35,0.0,298.701539,0.0
2019-03-07,13,0,204,257.1,257.1,0.0,-513.2537,0.0
2019-03-07,13,0,205,317.4,317.4,0.0,-535.084077,0.0
2019-03-07,13,0,206,539.94,539.94,0.0,19918.6614,0.0
2019-03-07,13,0,210,1.67,1.67,0.0,9.475906,0.0
2019-03-07,13,0,214,12.22,12.22,0.0,159.4636,0.0
2019-03-07,13,0,217,6.98,6.98,0.0,69.844745,0.0
2019-03-07,13,0,218,9.64,9.64,0.0,96.461797,0.0
2019-03-07,13,0,219,6.56,6.56,0.0,65.642053,0.0
2019-03-07,13,0,221,6.52,6.52,0.0,85.082052,0.0
2019-03-07,13,0,225,4.51,4.51,0.0,21.575716,0.0
2019-03-07,13,0,233,7.89,7.89,0.0,84.291761,0.0
2019-03-07,13,0,236,32.83,32.83,0.0,147.756241,0.0
2019-03-07,13,0,237,63.88,63.88,0.0,104.516993,0.0
2019-03-07,13,0,238,107.39,107.39,0.0,622.306272,0.0
2019-03-07,13,0,240,17.65,17.65,0.0,15.455135,0.0
2019-03-07,13,0,245,0.0,0.0,0.0,0.0,0.0
2019-03-07,13,0,247,0.0,0.0,0.0,0.0,0.0
2019-03-07,13,0,248,6.41,6.41,0.0,10.487695,0.0
2019-03-07,13,0,249,0.0,0.0,0.0,0.0,0.0
2019-03-07,13,0,251,0.0,0.0,0.0,0.0,0.0
2019-03-07,13,0,252,0.0,0.0,0.0,0.0,0.0
2019-03-07,13,0,254,22.11,22.11,0.0,52.648051,0.0
2019-03-07,13,0,255,10.13,10.13,0.0,24.121427,0.0
2019-03-07,13,0,258,21.63,21.63,0.0,21.992678,0.0
2019-03-07,13,0,260,9.12,9.12,0.0,38.915585,0.0
2019-03-07,13,0,265,105.87,105.87,0.0,-1413.968288,0.0
2019-03-07,13,0,266,21.47,21.47,0.0,-286.746946,0.0
2019-03-07,13,0,267,26.39,26.39,0.0,-352.457005,0.0
2019-03-07,13,0,270,246.33,246.33,0.0,4816.467408,0.0
2019-03-07,13,0,272,150.39,150.39,0.0,3428.247755,0.0
2019-03-07,13,0,273,36.29,36.29,0.0,709.574969,0.0
2019-03-07,13,0,274,317.4,317.4,0.0,6206.092458,0.0
2019-03-07,13,0,275,441.63,441.63,0.0,8635.150007,0.0
2019-03-07,13,0,276,7.91,7.91,0.0,160.042467,0.0
2019-03-07,13,0,277,9.62,9.62,0.0,228.649785,0.0
2019-03-07,13,0,278,15.4,15.4,0.0,366.029802,0.0
2019-03-07,13,0,279,378.16,378.16,0.0,8988.170773,0.0
2019-03-07,13,0,281,23.89,23.89,0.0,-23890.0,0.0
2019-03-07,13,0,282,381.44,381.44,0.0,-381440.0,0.0
2019-03-07,14,0,9,3.83,3.83,0.0,-1892.755068,0.0
2019-03-07,14,0,17,41.73,41.73,0.0,508.94169,0.0
2019-03-07,14,0,19,5.04,5.04,0.0,61.468155,0.0
2019-03-07,14,0,20,6.12,6.12,0.0,74.639903,0.0
2019-03-07,14,0,21,87.55,87.55,0.0,-43266.50293,0.0
2019-03-07,14,0,22,311.16,311.16,0.0,-153772.759014,0.0
2019-03-07,14,0,23,42.61,42.61,0.0,-21057.517874,0.0
2019-03-07,14,0,24,73.27,73.27,0.0,-36209.442258,0.0
2019-03-07,14,0,29,4.48,4.48,0.0,15.268328,0.0
2019-03-07,14,0,30,740.74,740.74,0.0,-740740.0,0.0
2019-03-07,14,0,31,70.52,70.52,0.0,-70520.0,0.0
2019-03-07,14,0,32,7.47,7.47,0.0,299.630013,0.0
2019-03-07,14,0,33,2.8,2.8,0.0,139.380914,0.0
2019-03-07,14,0,34,4.48,4.48,0.0,223.009462,0.0
2019-03-07,14,0,35,4.48,4.48,0.0,223.009462,0.0
2019-03-07,14,0,36,16.17,16.17,0.0,-786.541902,0.0
2019-03-07,14,0,37,7.53,7.53,0.0,-375.101607,0.0
2019-03-07,14,0,38,9.68,9.68,0.0,-482.202331,0.0
2019-03-07,14,0,39,6.46,6.46,0.0,-321.800316,0.0
2019-03-07,14,0,40,6.46,6.46,0.0,-321.800316,0.0
2019-03-07,14,0,41,23.69,23.69,0.0,-2945.647794,0.0
2019-03-07,14,0,42,85.4,85.4,0.0,345.820589,0.0
2019-03-07,14,0,43,49.24,49.24,0.0,-2115.757659,0.0
2019-03-07,14,0,46,41.31,41.31,0.0,-2569.296983,0.0
2019-03-07,14,0,52,74.75,74.75,0.0,-74750.0,0.0
2019-03-07,14,0,53,118.76,118.76,0.0,-118760.0,0.0
2019-03-07,14,0,55,623.0,623.0,0.0,-307881.568535,0.0
2019-03-07,14,0,56,218.49,218.49,0.0,-218490.0,0.0
2019-03-07,14,0,57,207.83,207.83,0.0,-207830.0,0.0
2019-03-07,14,0,58,399.68,399.68,0.0,-399680.0,0.0
2019-03-07,14,0,59,393.02,393.02,0.0,-393020.0,0.0
2019-03-07,14,0,63,36.33,36.33,0.0,4200.128044,0.0
2019-03-07,14,0,64,42.74,42.74,0.0,4941.191098,0.0
2019-03-07,14,0,65,1.96,1.96,0.0,20.938143,0.0
2019-03-07,14,0,67,401.55,401.55,0.0,-214459.125225,0.0
2019-03-07,14,0,68,19.16,19.16,0.0,-7317.807663,0.0
2019-03-07,14,0,69,2.8,2.8,0.0,139.380914,0.0
2019-03-07,14,0,74,26.82,26.82,0.0,-855.807049,0.0
2019-03-07,14,0,77,60.0,60.0,0.0,-14871.900166,0.0
2019-03-07,14,0,78,45.36,45.36,0.0,-11243.156525,0.0
2019-03-07,14,0,79,26.25,26.25,0.0,-6506.456323,0.0
2019-03-07,14,0,80,42.45,42.45,0.0,-10521.869367,0.0
2019-03-07,14,0,81,55.5,55.5,0.0,-13756.507653,0.0
2019-03-07,14,0,82,39.15,39.15,0.0,-9703.914858,0.0
2019-03-07,14,0,83,87.3,87.3,0.0,-21638.614741,0.0
2019-03-07,14,0,84,0.0,0.0,0.0,-0.0,0.0
2019-03-07,14,0,86,14.18,14.18,0.0,705.864769,0.0
2019-03-07,14,0,87,72.4,72.4,0.0,3603.992193,0.0
2019-03-07,14,0,88,51.18,51.18,0.0,-12685.730842,0.0
2019-03-07,14,0,89,49.2,49.2,0.0,-12194.958136,0.0
2019-03-07,14,0,90,66.06,66.06,0.0,-16373.962083,0.0
2019-03-07,14,0,91,235.65,235.65,0.0,-58409.387902,0.0
2019-03-07,14,0,92,84.75,84.75,0.0,-21006.558984,0.0
2019-03-07,14,0,95,120.0,120.0,0.0,2333.493576,0.0
2019-03-07,14,0,96,31.39,31.39,0.0,-4394.606184,0.0
2019-03-07,14,0,97,210.51,210.51,0.0,-29471.441473,0.0
2019-03-07,14,0,99,5.18,5.18,0.0,-165.290101,0.0
2019-03-07,14,0,101,14.92,14.92,0.0,-14920.0,0.0
2019-03-07,14,0,102,45.25,45.25,0.0,-17282.400667,0.0
2019-03-07,14,0,103,39.36,39.36,0.0,-15032.824094,0.0
2019-03-07,14,0,104,7.37,7.37,0.0,-2814.835202,0.0
2019-03-07,14,0,106,306.31,306.31,0.0,-151375.928183,0.0
2019-03-07,14,0,109,60.0,60.0,0.0,-4807.868453,0.0
2019-03-07,14,0,110,9.31,9.31,0.0,-9310.0,0.0
2019-03-07,14,0,111,25.87,25.87,0.0,-3216.712048,0.0
2019-03-07,14,0,113,45.0,45.0,0.0,-10853.173104,0.0
2019-03-07,14,0,115,45.0,45.0,0.0,-10853.173104,0.0
2019-03-07,14,0,116,157.11,157.11,0.0,-157110.0,0.0
2019-03-07,14,0,117,3.0,3.0,0.0,-723.544874,0.0
2019-03-07,14,0,119,42.74,42.74,0.0,4941.191098,0.0
2019-03-07,14,0,120,25.13,25.13,0.0,2905.290882,0.0
2019-03-07,14,0,123,5.11,5.11,0.0,-2525.320731,0.0
2019-03-07,14,0,125,66.79,66.79,0.0,-33007.078591,0.0
2019-03-07,14,0,126,229.73,229.73,0.0,-113530.710657,0.0
2019-03-07,14,0,127,294.82,294.82,0.0,-145697.662978,0.0
2019-03-07,14,0,128,92.7,92.7,0.0,-45811.591337,0.0
2019-03-07,14,0,131,30.0,30.0,0.0,-10238.933845,0.0
2019-03-07,14,0,132,44.1,44.1,0.0,-15051.232753,0.0
2019-03-07,14,0,133,1.22,1.22,0.0,15.053143,0.0
2019-03-07,14,0,134,0.0,0.0,0.0,0.0,0.0
2019-03-07,14,0,135,1.64,1.64,0.0,20.235373,0.0
2019-03-07,14,0,136,2.55,2.55,0.0,27.0291,0.0
2019-03-07,14,0,139,30.59,30.59,0.0,-3803.603462,0.0
2019-03-07,14,0,140,6.89,6.89,0.0,-6890.0,0.0
2019-03-07,14,0,141,230.0,230.0,0.0,-122837.999755,0.0
2019-03-07,14,0,142,529.54,529.54,0.0,-282815.801697,0.0
2019-03-07,14,0,143,194.54,194.54,0.0,-194540.0,0.0
2019-03-07,14,0,145,56.12,56.12,0.0,-7920.997442,0.0
2019-03-07,14,0,146,118.36,118.36,0.0,-118360.0,0.0
2019-03-07,14,0,152,12.07,12.07,0.0,-371.174961,0.0
2019-03-07,14,0,153,15.03,15.03,0.0,-491.356971,0.0
2019-03-07,14,0,154,106.71,106.71,0.0,-13268.470918,0.0
2019-03-07,14,0,157,250.0,250.0,0.0,-133519.564951,0.0
2019-03-07,14,0,158,440.8,440.8,0.0,-235421.696922,0.0
2019-03-07,14,0,159,0.0,0.0,0.0,-0.0,0.0
2019-03-07,14,0,160,3.89,3.89,0.0,-79.091265,0.0
2019-03-07,14,0,161,76.15,76.15,0.0,-29084.084216,0.0
2019-03-07,14,0,162,162.5,162.5,0.0,3303.05429,0.0
2019-03-07,14,0,163,107.01,107.01,0.0,-107010.0,0.0
2019-03-07,14,0,164,26.2,26.2,0.0,-26200.0,0.0
2019-03-07,14,0,167,8.86,8.86,0.0,144.719932,0.0
2019-03-07,14,0,168,4.43,4.43,0.0,72.359966,0.0
2019-03-07,14,0,169,0.0,0.0,0.0,0.0,0.0
2019-03-07,14,0,170,9.69,9.69,0.0,158.277217,0.0
2019-03-07,14,0,172,11.73,11.73,0.0,103.495884,0.0
2019-03-07,14,0,173,17.87,17.87,0.0,157.670201,0.0
2019-03-07,14,0,188,15.44,15.44,0.0,303.756164,0.0
2019-03-07,14,0,190,13.41,13.41,0.0,434.853541,0.0
2019-03-07,14,0,191,34.65,34.65,0.0,1123.614854,0.0
2019-03-07,14,0,192,109.1,109.1,0.0,3537.846482,0.0
2019-03-07,14,0,194,52.95,52.95,0.0,-6443.712951,0.0
2019-03-07,14,0,196,8.41,8.41,0.0,2311.115716,0.0
2019-03-07,14,0,198,15.4,15.4,0.0,193.452947,0.0
2019-03-07,14,0,199,130.0,130.0,0.0,-19856.194551,0.0
2019-03-07,14,0,200,28.76,28.76,0.0,-4392.801194,0.0
2019-03-07,14,0,204,257.1,257.1,0.0,-21820.924037,0.0
2019-03-07,14,0,205,317.4,317.4,0.0,-25433.624119,0.0
2019-03-07,14,0,206,745.19,745.19,0.0,-104326.746813,0.0
2019-03-07,14,0,210,1.66,1.66,0.0,2.85092,0.0
2019-03-07,14,0,214,12.36,12.36,0.0,890.143014,0.0
2019-03-07,14,0,217,6.9,6.9,0.0,333.497287,0.0
2019-03-07,14,0,218,9.52,9.52,0.0,460.129591,0.0
2019-03-07,14,0,219,6.49,6.49,0.0,313.680782,0.0
2019-03-07,14,0,221,6.59,6.59,0.0,474.598904,0.0
2019-03-07,14,0,225,4.57,4.57,0.0,16.321224,0.0
2019-03-07,14,0,233,8.02,8.02,0.0,399.22676,0.0
2019-03-07,14,0,236,19.11,19.11,0.0,-162.634612,0.0
2019-03-07,14,0,237,64.34,64.34,0.0,-2053.043457,0.0
2019-03-07,14,0,238,111.16,111.16,0.0,450.133685,0.0
2019-03-07,14,0,240,18.33,18.33,0.0,-891.608724,0.0
2019-03-07,14,0,245,4.54,4.54,0.0,80.63514,0.0
2019-03-07,14,0,247,10.92,10.92,0.0,193.9506,0.0
2019-03-07,14,0,248,6.46,6.46,0.0,-206.133987,0.0
2019-03-07,14,0,249,8.73,8.73,0.0,155.053914,0.0
2019-03-07,14,0,251,19.56,19.56,0.0,160.354435,0.0
2019-03-07,14,0,252,12.66,12.66,0.0,135.243315,0.0
2019-03-07,14,0,254,22.14,22.14,0.0,-825.556649,0.0
2019-03-07,14,0,255,10.15,10.15,0.0,-378.473351,0.0
2019-03-07,14,0,258,22.56,22.56,0.0,-1076.691476,0.0
2019-03-07,14,0,260,9.44,9.44,0.0,-191.933557,0.0
2019-03-07,14,0,265,110.49,110.49,0.0,-13738.481414,0.0
2019-03-07,14,0,266,19.81,19.81,0.0,-2463.203157,0.0
2019-03-07,14,0,267,24.35,24.35,0.0,-3027.713118,0.0
2019-03-07,14,0,270,372.0,372.0,0.0,-372000.0,0.0
2019-03-07,14,0,272,150.39,150.39,0.0,-36271.304515,0.0
2019-03-07,14,0,273,37.57,37.57,0.0,-37570.0,0.0
2019-03-07,14,0,274,496.21,496.21,0.0,-496210.0,0.0
2019-03-07,14,0,275,721.68,721.68,0.0,-721680.0,0.0
2019-03-07,14,0,276,8.11,8.11,0.0,-7266.312727,0.0
2019-03-07,14,0,277,9.88,9.88,0.0,-2409.347655,0.0
2019-03-07,14,0,278,15.81,15.81,0.0,-3855.443971,0.0
2019-03-07,14,0,279,264.6,264.6,0.0,-64525.646723,0.0
2019-03-07,14,0,281,31.65,31.65,0.0,-31650.0,0.0
2019-03-07,14,0,282,406.34,406.34,0.0,-406340.0,0.0
2019-03-07,15,0,9,3.65,3.65,0.0,-1446.362358,0.0
2019-03-07,15,0,17,40.41,40.41,0.0,187.885488,0.0
2019-03-07,15,0,19,16.33,16.33,0.0,75.926009,0.0
2019-03-07,15,0,20,19.8,19.8,0.0,92.059705,0.0
2019-03-07,15,0,21,83.47,83.47,0.0,-33076.12767,0.0
2019-03-07,15,0,22,296.64,296.64,0.0,-117547.651996,0.0
2019-03-07,15,0,23,32.64,32.64,0.0,-12934.045851,0.0
2019-03-07,15,0,24,57.75,57.75,0.0,-22884.226344,0.0
2019-03-07,15,0,29,4.09,4.09,0.0,19.551446,0.0
2019-03-07,15,0,30,715.66,715.66,0.0,-715660.0,0.0
2019-03-07,15,0,31,91.52,91.52,0.0,-91520.0,0.0
2019-03-07,15,0,32,7.01,7.01,0.0,259.774414,0.0
2019-03-07,15,0,33,2.75,2.75,0.0,25.844984,0.0
2019-03-07,15,0,34,4.39,4.39,0.0,41.257993,0.0
2019-03-07,15,0,35,4.39,4.39,0.0,41.257993,0.0
2019-03-07,15,0,36,15.58,15.58,0.0,-33.60209,0.0
2019-03-07,15,0,37,7.29,7.29,0.0,-15.574753,0.0
2019-03-07,15,0,38,9.37,9.37,0.0,-20.018578,0.0
2019-03-07,15,0,39,6.25,6.25,0.0,-13.35284,0.0
2019-03-07,15,0,40,6.25,6.25,0.0,-13.35284,0.0
2019-03-07,15,0,41,41.27,41.27,0.0,-757.810078,0.0
2019-03-07,15,0,42,82.03,82.03,0.0,296.9592,0.0
2019-03-07,15,0,43,46.44,46.44,0.0,-45.288105,0.0
2019-03-07,15,0,46,39.58,39.58,0.0,-131.179306,0.0
2019-03-07,15,0,52,97.01,97.01,0.0,-97010.0,0.0
2019-03-07,15,0,53,154.12,154.12,0.0,-154120.0,0.0
2019-03-07,15,0,55,623.0,623.0,0.0,-246872.259956,0.0
2019-03-07,15,0,56,211.09,211.09,0.0,-211090.0,0.0
2019-03-07,15,0,57,200.8,200.8,0.0,-200800.0,0.0
2019-03-07,15,0,58,386.15,386.15,0.0,-386150.0,0.0
2019-03-07,15,0,59,379.71,379.71,0.0,-379710.0,0.0
2019-03-07,15,0,63,51.0,51.0,0.0,5442.066373,0.0
2019-03-07,15,0,64,60.0,60.0,0.0,6402.431027,0.0
2019-03-07,15,0,65,5.89,5.89,0.0,26.259185,0.0
2019-03-07,15,0,67,379.01,379.01,0.0,-211529.770339,0.0
2019-03-07,15,0,68,34.0,34.0,0.0,-14069.627014,0.0
2019-03-07,15,0,69,2.75,2.75,0.0,25.844984,0.0
2019-03-07,15,0,74,36.72,36.72,0.0,-46.171617,0.0
2019-03-07,15,0,77,60.0,60.0,0.0,-17560.628527,0.0
2019-03-07,15,0,78,45.36,45.36,0.0,-13275.835166,0.0
2019-03-07,15,0,79,26.25,26.25,0.0,-7682.774981,0.0
2019-03-07,15,0,80,42.45,42.45,0.0,-12424.144683,0.0
2019-03-07,15,0,81,55.5,55.5,0.0,-16243.581388,0.0
2019-03-07,15,0,82,39.15,39.15,0.0,-11458.310114,0.0
2019-03-07,15,0,83,87.3,87.3,0.0,-25550.714507,0.0
2019-03-07,15,0,84,0.0,0.0,0.0,0.0,0.0
2019-03-07,15,0,86,13.91,13.91,0.0,130.728628,0.0
2019-03-07,15,0,87,71.01,71.01,0.0,667.364479,0.0
2019-03-07,15,0,88,51.18,51.18,0.0,-14979.216134,0.0
2019-03-07,15,0,89,49.2,49.2,0.0,-14399.715392,0.0
2019-03-07,15,0,90,66.06,66.06,0.0,-19334.252008,0.0
2019-03-07,15,0,91,235.65,235.65,0.0,-68969.36854,0.0
2019-03-07,15,0,92,84.75,84.75,0.0,-24804.387795,0.0
2019-03-07,15,0,95,120.0,120.0,0.0,2282.283355,0.0
2019-03-07,15,0,96,29.88,29.88,0.0,891.843409,0.0
2019-03-07,15,0,97,183.75,183.75,0.0,5484.478793,0.0
2019-03-07,15,0,99,7.09,7.09,0.0,-8.914945,0.0
2019-03-07,15,0,101,14.42,14.42,0.0,-14420.0,0.0
2019-03-07,15,0,102,80.5,80.5,0.0,-33311.911018,0.0
2019-03-07,15,0,103,70.0,70.0,0.0,-28966.879146,0.0
2019-03-07,15,0,104,13.0,13.0,0.0,-5379.56327,0.0
2019-03-07,15,0,106,292.01,292.01,0.0,-115712.951252,0.0
2019-03-07,15,0,109,60.0,60.0,0.0,-338.892245,0.0
2019-03-07,15,0,110,17.36,17.36,0.0,-17360.0,0.0
2019-03-07,15,0,111,25.18,25.18,0.0,-462.361468,0.0
2019-03-07,15,0,113,45.0,45.0,0.0,-11996.175247,0.0
2019-03-07,15,0,115,45.0,45.0,0.0,-11996.175247,0.0
2019-03-07,15,0,116,149.25,149.25,0.0,-149250.0,0.0
2019-03-07,15,0,117,3.0,3.0,0.0,-799.745016,0.0
2019-03-07,15,0,119,60.0,60.0,0.0,6402.431027,0.0
2019-03-07,15,0,120,35.28,35.28,0.0,3764.629444,0.0
2019-03-07,15,0,123,4.87,4.87,0.0,-1929.804022,0.0
2019-03-07,15,0,125,52.26,52.26,0.0,-20708.738853,0.0
2019-03-07,15,0,126,219.01,219.01,0.0,-86785.704098,0.0
2019-03-07,15,0,127,281.06,281.06,0.0,-111373.864179,0.0
2019-03-07,15,0,128,74.85,74.85,0.0,-29660.334924,0.0
2019-03-07,15,0,131,73.62,73.62,0.0,-27627.731178,0.0
2019-03-07,15,0,132,108.35,108.35,0.0,-40661.025172,0.0
2019-03-07,15,0,133,3.81,3.81,0.0,17.783157,0.0
2019-03-07,15,0,134,0.0,0.0,0.0,0.0,0.0
2019-03-07,15,0,135,5.11,5.11,0.0,23.850901,0.0
2019-03-07,15,0,136,6.29,6.29,0.0,27.976464,0.0
2019-03-07,15,0,139,53.66,53.66,0.0,-985.318362,0.0
2019-03-07,15,0,140,12.85,12.85,0.0,-12850.0,0.0
2019-03-07,15,0,141,230.0,230.0,0.0,-128365.60296,0.0
2019-03-07,15,0,142,499.83,499.83,0.0,-278960.779685,0.0
2019-03-07,15,0,143,238.5,238.5,0.0,-238500.0,0.0
2019-03-07,15,0,145,30.0,30.0,0.0,-362.801117,0.0
2019-03-07,15,0,146,193.46,193.46,0.0,-193460.0,0.0
2019-03-07,15,0,152,11.71,11.71,0.0,-6.697903,0.0
2019-03-07,15,0,153,14.53,14.53,0.0,-11.677619,0.0
2019-03-07,15,0,154,103.86,103.86,0.0,-1907.103337,0.0
2019-03-07,15,0,157,250.0,250.0,0.0,-139527.829304,0.0
2019-03-07,15,0,158,422.94,422.94,0.0,-236047.600504,0.0
2019-03-07,15,0,159,0.0,0.0,0.0,0.0,0.0
2019-03-07,15,0,160,3.7,3.7,0.0,9.031602,0.0
2019-03-07,15,0,161,72.31,72.31,0.0,-29922.786157,0.0
2019-03-07,15,0,162,162.5,162.5,0.0,3216.441554,0.0
2019-03-07,15,0,163,132.42,132.42,0.0,-132420.0,0.0
2019-03-07,15,0,164,25.61,25.61,0.0,-25610.0,0.0
2019-03-07,15,0,167,8.12,8.12,0.0,131.041726,0.0
2019-03-07,15,0,168,4.06,4.06,0.0,65.520863,0.0
2019-03-07,15,0,169,0.0,0.0,0.0,0.0,0.0
2019-03-07,15,0,170,8.88,8.88,0.0,143.306715,0.0
2019-03-07,15,0,172,10.94,10.94,0.0,133.102959,0.0
2019-03-07,15,0,173,16.67,16.67,0.0,202.817763,0.0
2019-03-07,15,0,188,14.56,14.56,0.0,280.74754,0.0
2019-03-07,15,0,190,12.81,12.81,0.0,415.397007,0.0
2019-03-07,15,0,191,33.1,33.1,0.0,1073.352141,0.0
2019-03-07,15,0,192,132.82,132.82,0.0,4307.028136,0.0
2019-03-07,15,0,194,52.95,52.95,0.0,-7138.951306,0.0
2019-03-07,15,0,196,7.89,7.89,0.0,2040.670397,0.0
2019-03-07,15,0,198,14.73,14.73,0.0,116.879169,0.0
2019-03-07,15,0,199,130.0,130.0,0.0,-10571.077696,0.0
2019-03-07,15,0,200,27.26,27.26,0.0,-2216.673677,0.0
2019-03-07,15,0,204,257.1,257.1,0.0,-1561.404737,0.0
2019-03-07,15,0,205,317.4,317.4,0.0,-1792.739977,0.0
2019-03-07,15,0,206,539.94,539.94,0.0,16115.861113,0.0
2019-03-07,15,0,210,1.57,1.57,0.0,7.024459,0.0
2019-03-07,15,0,214,11.69,11.69,0.0,142.572262,0.0
2019-03-07,15,0,217,6.49,6.49,0.0,63.317123,0.0
2019-03-07,15,0,218,8.96,8.96,0.0,87.414703,0.0
2019-03-07,15,0,219,6.1,6.1,0.0,59.512242,0.0
2019-03-07,15,0,221,6.24,6.24,0.0,76.103585,0.0
2019-03-07,15,0,225,4.22,4.22,0.0,20.297644,0.0
2019-03-07,15,0,233,7.87,7.87,0.0,73.963645,0.0
2019-03-07,15,0,236,36.4,36.4,0.0,75.880619,0.0
2019-03-07,15,0,237,88.09,88.09,0.0,-110.7641,0.0
2019-03-07,15,0,238,106.76,106.76,0.0,386.484996,0.0
2019-03-07,15,0,240,17.66,17.66,0.0,-38.088121,0.0
2019-03-07,15,0,245,15.41,15.41,0.0,82.484043,0.0
2019-03-07,15,0,247,33.93,33.93,0.0,181.614768,0.0
2019-03-07,15,0,248,8.84,8.84,0.0,-11.115389,0.0
2019-03-07,15,0,249,29.63,29.63,0.0,158.598455,0.0
2019-03-07,15,0,251,54.82,54.82,0.0,227.191827,0.0
2019-03-07,15,0,252,37.99,37.99,0.0,169.369517,0.0
2019-03-07,15,0,254,21.2,21.2,0.0,-2.500711,0.0
2019-03-07,15,0,255,9.72,9.72,0.0,-1.146553,0.0
2019-03-07,15,0,258,21.62,21.62,0.0,-42.503091,0.0
2019-03-07,15,0,260,8.99,8.99,0.0,21.944353,0.0
2019-03-07,15,0,265,107.53,107.53,0.0,-1974.492796,0.0
2019-03-07,15,0,266,34.32,34.32,0.0,-630.192437,0.0
2019-03-07,15,0,267,42.44,42.44,0.0,-779.293911,0.0
2019-03-07,15,0,270,432.21,432.21,0.0,-432210.0,0.0
2019-03-07,15,0,272,150.39,150.39,0.0,-40091.217674,0.0
2019-03-07,15,0,273,35.69,35.69,0.0,-35690.0,0.0
2019-03-07,15,0,274,569.29,569.29,0.0,-569290.0,0.0
2019-03-07,15,0,275,817.13,817.13,0.0,-817130.0,0.0
2019-03-07,15,0,276,7.79,7.79,0.0,-7021.404204,0.0
2019-03-07,15,0,277,9.45,9.45,0.0,-2618.0636,0.0
2019-03-07,15,0,278,15.12,15.12,0.0,-4188.90176,0.0
2019-03-07,15,0,279,264.6,264.6,0.0,-73305.780796,0.0
2019-03-07,15,0,281,41.07,41.07,0.0,-41070.0,0.0
2019-03-07,15,0,282,392.58,392.58,0.0,-392580.0,0.0
2019-03-07,16,0,9,3.2,3.2,0.0,-1261.681297,0.0
2019-03-07,16,0,17,35.8,35.8,0.0,176.21931,0.0
2019-03-07,16,0,19,65.89,65.89,0.0,324.332133,0.0
2019-03-07,16,0,20,83.16,83.16,0.0,409.340722,0.0
2019-03-07,16,0,21,73.2,73.2,0.0,-28860.959659,0.0
2019-03-07,16,0,22,260.14,260.14,0.0,-102566.803902,0.0
2019-03-07,16,0,23,32.64,32.64,0.0,-12869.149225,0.0
2019-03-07,16,0,24,57.75,57.75,0.0,-22769.404649,0.0
2019-03-07,16,0,29,4.56,4.56,0.0,22.618385,0.0
2019-03-07,16,0,30,622.67,622.67,0.0,-622670.0,0.0
2019-03-07,16,0,31,116.19,116.19,0.0,-116190.0,0.0
2019-03-07,16,0,32,6.05,6.05,0.0,221.570112,0.0
2019-03-07,16,0,33,2.62,2.62,0.0,23.940035,0.0
2019-03-07,16,0,34,4.19,4.19,0.0,38.28578,0.0
2019-03-07,16,0,35,4.19,4.19,0.0,38.28578,0.0
2019-03-07,16,0,36,12.99,12.99,0.0,-13.741657,0.0
2019-03-07,16,0,37,6.19,6.19,0.0,-6.354519,0.0
2019-03-07,16,0,38,7.96,7.96,0.0,-8.171563,0.0
2019-03-07,16,0,39,5.31,5.31,0.0,-5.45113,0.0
2019-03-07,16,0,40,5.31,5.31,0.0,-5.45113,0.0
2019-03-07,16,0,41,65.18,65.18,0.0,-1050.351885,0.0
2019-03-07,16,0,42,71.58,71.58,0.0,286.938682,0.0
2019-03-07,16,0,43,39.28,39.28,0.0,-0.278549,0.0
2019-03-07,16,0,46,30.92,30.92,0.0,-61.960755,0.0
2019-03-07,16,0,52,123.17,123.17,0.0,-123170.0,0.0
2019-03-07,16,0,53,195.67,195.67,0.0,-195670.0,0.0
2019-03-07,16,0,55,623.0,623.0,0.0,-245633.577423,0.0
2019-03-07,16,0,56,183.66,183.66,0.0,-183660.0,0.0
2019-03-07,16,0,57,174.7,174.7,0.0,-174700.0,0.0
2019-03-07,16,0,58,335.97,335.97,0.0,-335970.0,0.0
2019-03-07,16,0,59,330.37,330.37,0.0,-330370.0,0.0
2019-03-07,16,0,63,51.0,51.0,0.0,5424.055417,0.0
2019-03-07,16,0,64,60.0,60.0,0.0,6381.241668,0.0
2019-03-07,16,0,65,13.21,13.21,0.0,62.781838,0.0
2019-03-07,16,0,67,328.72,328.72,0.0,-183638.29329,0.0
2019-03-07,16,0,68,34.0,34.0,0.0,-14093.767372,0.0
2019-03-07,16,0,69,2.62,2.62,0.0,23.940035,0.0
2019-03-07,16,0,74,36.54,36.54,0.0,-13.01694,0.0
2019-03-07,16,0,77,60.0,60.0,0.0,-17619.146066,0.0
2019-03-07,16,0,78,45.36,45.36,0.0,-13320.074426,0.0
2019-03-07,16,0,79,26.25,26.25,0.0,-7708.376404,0.0
2019-03-07,16,0,80,42.45,42.45,0.0,-12465.545842,0.0
2019-03-07,16,0,81,55.5,55.5,0.0,-16297.710111,0.0
2019-03-07,16,0,82,39.15,39.15,0.0,-11496.492808,0.0
2019-03-07,16,0,83,87.3,87.3,0.0,-25635.857527,0.0
2019-03-07,16,0,84,0.0,0.0,0.0,0.0,0.0
2019-03-07,16,0,86,13.27,13.27,0.0,121.253534,0.0
2019-03-07,16,0,87,67.73,67.73,0.0,618.877305,0.0
2019-03-07,16,0,88,51.18,51.18,0.0,-15029.131595,0.0
2019-03-07,16,0,89,49.2,49.2,0.0,-14447.699774,0.0
2019-03-07,16,0,90,66.06,66.06,0.0,-19398.679819,0.0
2019-03-07,16,0,91,235.65,235.65,0.0,-69199.196176,0.0
2019-03-07,16,0,92,84.75,84.75,0.0,-24887.043819,0.0
2019-03-07,16,0,95,120.0,120.0,0.0,2333.493576,0.0
2019-03-07,16,0,96,29.88,29.88,0.0,994.751523,0.0
2019-03-07,16,0,97,183.75,183.75,0.0,6117.322368,0.0
2019-03-07,16,0,99,8.01,8.01,0.0,-2.853467,0.0
2019-03-07,16,0,101,12.54,12.54,0.0,-12540.0,0.0
2019-03-07,16,0,102,80.5,80.5,0.0,-33369.066865,0.0
2019-03-07,16,0,103,70.0,70.0,0.0,-29016.579883,0.0
2019-03-07,16,0,104,13.0,13.0,0.0,-5388.793407,0.0
2019-03-07,16,0,106,256.09,256.09,0.0,-100969.988511,0.0
2019-03-07,16,0,109,60.0,60.0,0.0,-240.560247,0.0
2019-03-07,16,0,110,44.88,44.88,0.0,-44880.0,0.0
2019-03-07,16,0,111,20.51,20.51,0.0,-330.511156,0.0
2019-03-07,16,0,113,45.0,45.0,0.0,-12023.964069,0.0
2019-03-07,16,0,115,45.0,45.0,0.0,-12023.964069,0.0
2019-03-07,16,0,116,126.35,126.35,0.0,-126350.0,0.0
2019-03-07,16,0,117,3.0,3.0,0.0,-801.597605,0.0
2019-03-07,16,0,119,60.0,60.0,0.0,6381.241668,0.0
2019-03-07,16,0,120,35.28,35.28,0.0,3752.170101,0.0
2019-03-07,16,0,123,4.27,4.27,0.0,-1683.55598,0.0
2019-03-07,16,0,125,52.26,52.26,0.0,-20604.832674,0.0
2019-03-07,16,0,126,192.06,192.06,0.0,-75724.534318,0.0
2019-03-07,16,0,127,246.48,246.48,0.0,-97181.001867,0.0
2019-03-07,16,0,128,74.85,74.85,0.0,-29511.514077,0.0
2019-03-07,16,0,131,30.0,30.0,0.0,-11280.944828,0.0
2019-03-07,16,0,132,44.1,44.1,0.0,-16582.988897,0.0
2019-03-07,16,0,133,11.52,11.52,0.0,56.889424,0.0
2019-03-07,16,0,134,0.0,0.0,0.0,0.0,0.0
2019-03-07,16,0,135,14.65,14.65,0.0,72.346359,0.0
2019-03-07,16,0,136,12.6,12.6,0.0,59.765349,0.0
2019-03-07,16,0,139,84.88,84.88,0.0,-1367.810187,0.0
2019-03-07,16,0,140,33.22,33.22,0.0,-33220.0,0.0
2019-03-07,16,0,141,230.0,230.0,0.0,-128488.706062,0.0
2019-03-07,16,0,142,433.49,433.49,0.0,-242167.692135,0.0
2019-03-07,16,0,143,238.5,238.5,0.0,-238500.0,0.0
2019-03-07,16,0,145,30.0,30.0,0.0,-282.828558,0.0
2019-03-07,16,0,146,268.0,268.0,0.0,-268000.0,0.0
2019-03-07,16,0,152,10.01,10.01,0.0,3.096654,0.0
2019-03-07,16,0,153,12.45,12.45,0.0,1.308567,0.0
2019-03-07,16,0,154,84.61,84.61,0.0,-1363.459236,0.0
2019-03-07,16,0,157,250.0,250.0,0.0,-139661.637024,0.0
2019-03-07,16,0,158,373.67,373.67,0.0,-208749.455627,0.0
2019-03-07,16,0,159,0.0,0.0,0.0,0.0,0.0
2019-03-07,16,0,160,3.07,3.07,0.0,9.105554,0.0
2019-03-07,16,0,161,61.19,61.19,0.0,-25364.636043,0.0
2019-03-07,16,0,162,162.5,162.5,0.0,3285.53446,0.0
2019-03-07,16,0,163,146.36,146.36,0.0,-146360.0,0.0
2019-03-07,16,0,164,23.61,23.61,0.0,-23610.0,0.0
2019-03-07,16,0,167,6.7,6.7,0.0,111.210644,0.0
2019-03-07,16,0,168,3.35,3.35,0.0,55.605322,0.0
2019-03-07,16,0,169,0.0,0.0,0.0,0.0,0.0
2019-03-07,16,0,170,7.33,7.33,0.0,121.667764,0.0
2019-03-07,16,0,172,8.94,8.94,0.0,109.227018,0.0
2019-03-07,16,0,173,13.62,13.62,0.0,166.406262,0.0
2019-03-07,16,0,188,12.23,12.23,0.0,233.506215,0.0
2019-03-07,16,0,190,10.29,10.29,0.0,333.679563,0.0
2019-03-07,16,0,191,26.59,26.59,0.0,862.248744,0.0
2019-03-07,16,0,192,160.98,160.98,0.0,5220.188145,0.0
2019-03-07,16,0,194,52.95,52.95,0.0,-7160.863693,0.0
2019-03-07,16,0,196,6.65,6.65,0.0,1716.42993,0.0
2019-03-07,16,0,198,12.73,12.73,0.0,98.34105,0.0
2019-03-07,16,0,199,130.0,130.0,0.0,-10412.937251,0.0
2019-03-07,16,0,200,23.32,23.32,0.0,-1867.920744,0.0
2019-03-07,16,0,204,257.1,257.1,0.0,-1120.716318,0.0
2019-03-07,16,0,205,317.4,317.4,0.0,-1272.563705,0.0
2019-03-07,16,0,206,539.94,539.94,0.0,17975.439669,0.0
2019-03-07,16,0,210,1.67,1.67,0.0,6.997962,0.0
2019-03-07,16,0,214,11.12,11.12,0.0,129.21052,0.0
2019-03-07,16,0,217,7.26,7.26,0.0,68.955947,0.0
2019-03-07,16,0,218,10.02,10.02,0.0,95.170605,0.0
2019-03-07,16,0,219,6.83,6.83,0.0,64.871779,0.0
2019-03-07,16,0,221,5.93,5.93,0.0,68.904531,0.0
2019-03-07,16,0,225,4.95,4.95,0.0,24.920833,0.0
2019-03-07,16,0,233,7.51,7.51,0.0,68.622007,0.0
2019-03-07,16,0,236,59.99,59.99,0.0,159.042448,0.0
2019-03-07,16,0,237,83.58,83.58,0.0,-29.774379,0.0
2019-03-07,16,0,238,93.17,93.17,0.0,373.485289,0.0
2019-03-07,16,0,240,14.72,14.72,0.0,-15.571763,0.0
2019-03-07,16,0,245,38.52,38.52,0.0,213.649862,0.0
2019-03-07,16,0,247,80.53,80.53,0.0,446.65689,0.0
2019-03-07,16,0,248,9.84,9.84,0.0,-3.505383,0.0
2019-03-07,16,0,249,74.08,74.08,0.0,410.882186,0.0
2019-03-07,16,0,251,118.26,118.26,0.0,529.087508,0.0
2019-03-07,16,0,252,85.21,85.21,0.0,404.968992,0.0
2019-03-07,16,0,254,18.25,18.25,0.0,13.485968,0.0
2019-03-07,16,0,255,8.37,8.37,0.0,6.185071,0.0
2019-03-07,16,0,258,17.9,17.9,0.0,-15.897991,0.0
2019-03-07,16,0,260,7.45,7.45,0.0,22.09654,0.0
2019-03-07,16,0,265,87.61,87.61,0.0,-1411.803139,0.0
2019-03-07,16,0,266,54.12,54.12,0.0,-872.124026,0.0
2019-03-07,16,0,267,67.05,67.05,0.0,-1080.486252,0.0
2019-03-07,16,0,270,395.58,395.58,0.0,-395580.0,0.0
2019-03-07,16,0,272,150.39,150.39,0.0,-40184.08792,0.0
2019-03-07,16,0,273,30.21,30.21,0.0,-30210.0,0.0
2019-03-07,16,0,274,493.67,493.67,0.0,-493670.0,0.0
2019-03-07,16,0,275,661.83,661.83,0.0,-661830.0,0.0
2019-03-07,16,0,276,6.73,6.73,0.0,-6066.792758,0.0
2019-03-07,16,0,277,8.18,8.18,0.0,-2272.442687,0.0
2019-03-07,16,0,278,13.09,13.09,0.0,-3636.463909,0.0
2019-03-07,16,0,279,604.22,604.22,0.0,-167855.173661,0.0
2019-03-07,16,0,281,52.15,52.15,0.0,-52150.0,0.0
2019-03-07,16,0,282,341.57,341.57,0.0,-341570.0,0.0
2019-03-07,17,0,9,2.45,2.45,0.0,-25.675972,0.0
2019-03-07,17,0,17,26.36,26.36,0.0,158.856575,0.0
2019-03-07,17,0,19,72.93,72.93,0.0,439.507209,0.0
2019-03-07,17,0,20,87.82,87.82,0.0,529.240685,0.0
2019-03-07,17,0,21,55.97,55.97,0.0,-586.564967,0.0
2019-03-07,17,0,22,198.92,198.92,0.0,-2084.679352,0.0
2019-03-07,17,0,23,47.2,47.2,0.0,-494.655467,0.0
2019-03-07,17,0,24,83.96,83.96,0.0,-879.899851,0.0
2019-03-07,17,0,29,3.26,3.26,0.0,15.851335,0.0
2019-03-07,17,0,30,480.05,480.05,0.0,-5080.005689,0.0
2019-03-07,17,0,31,102.22,102.22,0.0,-1081.716866,0.0
2019-03-07,17,0,32,4.48,4.48,0.0,183.548813,0.0
2019-03-07,17,0,33,1.93,1.93,0.0,17.482188,0.0
2019-03-07,17,0,34,3.08,3.08,0.0,27.899035,0.0
2019-03-07,17,0,35,3.08,3.08,0.0,27.899035,0.0
2019-03-07,17,0,36,9.85,9.85,0.0,12.577266,0.0
2019-03-07,17,0,37,4.69,4.69,0.0,5.655482,0.0
2019-03-07,17,0,38,6.03,6.03,0.0,7.271334,0.0
2019-03-07,17,0,39,4.02,4.02,0.0,4.847556,0.0
2019-03-07,17,0,40,4.02,4.02,0.0,4.847556,0.0
2019-03-07,17,0,41,26.19,26.19,0.0,-134.203996,0.0
2019-03-07,17,0,42,53.59,53.59,0.0,287.738568,0.0
2019-03-07,17,0,43,29.95,29.95,0.0,58.313462,0.0
2019-03-07,17,0,46,23.38,23.38,0.0,2.353913,0.0
2019-03-07,17,0,52,108.35,108.35,0.0,-1146.586015,0.0
2019-03-07,17,0,53,172.13,172.13,0.0,-1821.521465,0.0
2019-03-07,17,0,55,623.0,623.0,0.0,-6529.032959,0.0
2019-03-07,17,0,56,141.6,141.6,0.0,-1498.44559,0.0
2019-03-07,17,0,57,134.69,134.69,0.0,-1425.322292,0.0
2019-03-07,17,0,58,259.02,259.02,0.0,-2741.012548,0.0
2019-03-07,17,0,59,254.7,254.7,0.0,-2695.297259,0.0
2019-03-07,17,0,63,95.49,95.49,0.0,10470.382983,0.0
2019-03-07,17,0,64,112.31,112.31,0.0,12314.679159,0.0
2019-03-07,17,0,65,16.84,16.84,0.0,99.429234,0.0
2019-03-07,17,0,67,248.19,248.19,0.0,-138483.915694,0.0
2019-03-07,17,0,68,19.11,19.11,0.0,-7904.512574,0.0
2019-03-07,17,0,69,1.93,1.93,0.0,17.482188,0.0
2019-03-07,17,0,74,30.99,30.99,0.0,76.255514,0.0
2019-03-07,17,0,77,60.0,60.0,0.0,-17568.008119,0.0
2019-03-07,17,0,78,45.36,45.36,0.0,-13281.414138,0.0
2019-03-07,17,0,79,26.25,26.25,0.0,-7686.003552,0.0
2019-03-07,17,0,80,42.45,42.45,0.0,-12429.365744,0.0
2019-03-07,17,0,81,55.5,55.5,0.0,-16250.40751,0.0
2019-03-07,17,0,82,39.15,39.15,0.0,-11463.125298,0.0
2019-03-07,17,0,83,87.3,87.3,0.0,-25561.451813,0.0
2019-03-07,17,0,84,0.0,0.0,0.0,0.0,0.0
2019-03-07,17,0,86,9.76,9.76,0.0,88.407332,0.0
2019-03-07,17,0,87,49.81,49.81,0.0,451.185369,0.0
2019-03-07,17,0,88,51.18,51.18,0.0,-14985.510926,0.0
2019-03-07,17,0,89,49.2,49.2,0.0,-14405.766658,0.0
2019-03-07,17,0,90,66.06,66.06,0.0,-19342.376939,0.0
2019-03-07,17,0,91,235.65,235.65,0.0,-68998.351888,0.0
2019-03-07,17,0,92,84.75,84.75,0.0,-24814.811468,0.0
2019-03-07,17,0,95,120.0,120.0,0.0,2333.493576,0.0
2019-03-07,17,0,96,29.88,29.88,0.0,-319.390563,0.0
2019-03-07,17,0,97,183.75,183.75,0.0,-1964.123694,0.0
2019-03-07,17,0,99,6.3,6.3,0.0,15.502089,0.0
2019-03-07,17,0,101,9.67,9.67,0.0,-102.330289,0.0
2019-03-07,17,0,102,45.19,45.19,0.0,-18692.042032,0.0
2019-03-07,17,0,103,39.3,39.3,0.0,-16255.747994,0.0
2019-03-07,17,0,104,7.33,7.33,0.0,-3031.924499,0.0
2019-03-07,17,0,106,195.82,195.82,0.0,-2052.191387,0.0
2019-03-07,17,0,109,60.0,60.0,0.0,-99.623596,0.0
2019-03-07,17,0,110,80.21,80.21,0.0,-80210.0,0.0
2019-03-07,17,0,111,15.9,15.9,0.0,-81.475508,0.0
2019-03-07,17,0,113,45.0,45.0,0.0,-11951.019678,0.0
2019-03-07,17,0,115,45.0,45.0,0.0,-11951.019678,0.0
2019-03-07,17,0,116,94.61,94.61,0.0,-94610.0,0.0
2019-03-07,17,0,117,3.0,3.0,0.0,-796.734645,0.0
2019-03-07,17,0,119,112.31,112.31,0.0,12314.679159,0.0
2019-03-07,17,0,120,66.1,66.1,0.0,7247.798882,0.0
2019-03-07,17,0,123,3.26,3.26,0.0,-34.164763,0.0
2019-03-07,17,0,125,75.89,75.89,0.0,-795.326342,0.0
2019-03-07,17,0,126,146.86,146.86,0.0,-1539.09114,0.0
2019-03-07,17,0,127,188.47,188.47,0.0,-1975.16347,0.0
2019-03-07,17,0,128,109.23,109.23,0.0,-1144.729166,0.0
2019-03-07,17,0,131,30.0,30.0,0.0,-11252.479728,0.0
2019-03-07,17,0,132,44.1,44.1,0.0,-16541.1452,0.0
2019-03-07,17,0,133,32.88,32.88,0.0,198.527038,0.0
2019-03-07,17,0,134,0.0,0.0,0.0,0.0,0.0
2019-03-07,17,0,135,43.04,43.04,0.0,259.872376,0.0
2019-03-07,17,0,136,16.35,16.35,0.0,96.42653,0.0
2019-03-07,17,0,139,33.82,33.82,0.0,-173.301991,0.0
2019-03-07,17,0,140,59.36,59.36,0.0,-59360.0,0.0
2019-03-07,17,0,141,230.0,230.0,0.0,-128334.343082,0.0
2019-03-07,17,0,142,327.31,327.31,0.0,-182630.929714,0.0
2019-03-07,17,0,143,238.5,238.5,0.0,-2523.864924,0.0
2019-03-07,17,0,145,30.0,30.0,0.0,-218.101073,0.0
2019-03-07,17,0,146,118.23,118.23,0.0,-118230.0,0.0
2019-03-07,17,0,152,7.51,7.51,0.0,19.276667,0.0
2019-03-07,17,0,153,9.37,9.37,0.0,22.587624,0.0
2019-03-07,17,0,154,65.59,65.59,0.0,-336.099279,0.0
2019-03-07,17,0,157,250.0,250.0,0.0,-139493.851177,0.0
2019-03-07,17,0,158,296.73,296.73,0.0,-165568.041838,0.0
2019-03-07,17,0,159,0.0,0.0,0.0,0.0,0.0
2019-03-07,17,0,160,2.31,2.31,0.0,9.909144,0.0
2019-03-07,17,0,161,46.01,46.01,0.0,-19031.220489,0.0
2019-03-07,17,0,162,162.5,162.5,0.0,3284.960426,0.0
2019-03-07,17,0,163,179.14,179.14,0.0,-179140.0,0.0
2019-03-07,17,0,164,18.15,18.15,0.0,-192.067708,0.0
2019-03-07,17,0,167,5.02,5.02,0.0,82.532751,0.0
2019-03-07,17,0,168,2.51,2.51,0.0,41.266376,0.0
2019-03-07,17,0,169,0.0,0.0,0.0,0.0,0.0
2019-03-07,17,0,170,5.49,5.49,0.0,90.259921,0.0
2019-03-07,17,0,172,6.72,6.72,0.0,103.114949,0.0
2019-03-07,17,0,173,10.24,10.24,0.0,157.127541,0.0
2019-03-07,17,0,188,9.25,9.25,0.0,207.493076,0.0
2019-03-07,17,0,190,7.71,7.71,0.0,250.016465,0.0
2019-03-07,17,0,191,19.93,19.93,0.0,646.281213,0.0
2019-03-07,17,0,192,113.01,113.01,0.0,3664.63823,0.0
2019-03-07,17,0,194,52.95,52.95,0.0,-7028.419097,0.0
2019-03-07,17,0,196,4.98,4.98,0.0,1303.455333,0.0
2019-03-07,17,0,198,9.58,9.58,0.0,77.394262,0.0
2019-03-07,17,0,199,130.0,130.0,0.0,-9700.633347,0.0
2019-03-07,17,0,200,17.46,17.46,0.0,-1302.869679,0.0
2019-03-07,17,0,204,257.1,257.1,0.0,-533.999611,0.0
2019-03-07,17,0,205,317.4,317.4,0.0,-527.008824,0.0
2019-03-07,17,0,206,539.94,539.94,0.0,-5771.477263,0.0
2019-03-07,17,0,210,1.22,1.22,0.0,4.95002,0.0
2019-03-07,17,0,214,8.24,8.24,0.0,89.418932,0.0
2019-03-07,17,0,217,5.31,5.31,0.0,47.054599,0.0
2019-03-07,17,0,218,7.33,7.33,0.0,64.954842,0.0
2019-03-07,17,0,219,5.0,5.0,0.0,44.307532,0.0
2019-03-07,17,0,221,4.39,4.39,0.0,47.639455,0.0
2019-03-07,17,0,225,3.6,3.6,0.0,17.784403,0.0
2019-03-07,17,0,233,5.52,5.52,0.0,50.000868,0.0
2019-03-07,17,0,236,64.52,64.52,0.0,281.133619,0.0
2019-03-07,17,0,237,76.58,76.58,0.0,188.436504,0.0
2019-03-07,17,0,238,69.75,69.75,0.0,374.505786,0.0
2019-03-07,17,0,240,11.16,11.16,0.0,14.249978,0.0
2019-03-07,17,0,245,43.29,43.29,0.0,280.317341,0.0
2019-03-07,17,0,247,92.05,92.05,0.0,596.054775,0.0
2019-03-07,17,0,248,7.79,7.79,0.0,19.168456,0.0
2019-03-07,17,0,249,83.25,83.25,0.0,539.071809,0.0
2019-03-07,17,0,251,164.98,164.98,0.0,941.032605,0.0
2019-03-07,17,0,252,108.61,108.61,0.0,641.271327,0.0
2019-03-07,17,0,254,13.73,13.73,0.0,34.8039,0.0
2019-03-07,17,0,255,6.29,6.29,0.0,15.944394,0.0
2019-03-07,17,0,258,13.62,13.62,0.0,18.865253,0.0
2019-03-07,17,0,260,5.61,5.61,0.0,24.065063,0.0
2019-03-07,17,0,265,67.9,67.9,0.0,-347.936287,0.0
2019-03-07,17,0,266,21.9,21.9,0.0,-112.220982,0.0
2019-03-07,17,0,267,26.91,26.91,0.0,-137.893453,0.0
2019-03-07,17,0,270,559.44,559.44,0.0,-559440.0,0.0
2019-03-07,17,0,272,150.39,150.39,0.0,-39940.307762,0.0
2019-03-07,17,0,273,22.62,22.62,0.0,-22620.0,0.0
2019-03-07,17,0,274,721.19,721.19,0.0,-721190.0,0.0
2019-03-07,17,0,275,1003.91,1003.91,0.0,-1003910.0,0.0
2019-03-07,17,0,276,4.98,4.98,0.0,-4488.500086,0.0
2019-03-07,17,0,277,6.13,6.13,0.0,-1694.895483,0.0
2019-03-07,17,0,278,9.81,9.81,0.0,-2712.385757,0.0
2019-03-07,17,0,279,264.6,264.6,0.0,-73159.762611,0.0
2019-03-07,17,0,281,45.88,45.88,0.0,-485.513303,0.0
2019-03-07,17,0,282,263.34,263.34,0.0,-2786.727837,0.0
2019-03-07,18,0,9,1.48,1.48,0.0,-14.471035,0.0
2019-03-07,18,0,17,15.78,15.78,0.0,103.3919,0.0
2019-03-07,18,0,19,108.95,108.95,0.0,713.849653,0.0
2019-03-07,18,0,20,132.67,132.67,0.0,869.265108,0.0
2019-03-07,18,0,21,33.85,33.85,0.0,-330.976038,0.0
2019-03-07,18,0,22,120.3,120.3,0.0,-1176.260482,0.0
2019-03-07,18,0,23,94.93,94.93,0.0,-928.199564,0.0
2019-03-07,18,0,24,168.46,168.46,0.0,-1647.155784,0.0
2019-03-07,18,0,29,1.94,1.94,0.0,11.771739,0.0
2019-03-07,18,0,30,301.8,301.8,0.0,-2980.833873,0.0
2019-03-07,18,0,31,68.55,68.55,0.0,-677.058191,0.0
2019-03-07,18,0,32,2.69,2.69,0.0,96.562812,0.0
2019-03-07,18,0,33,1.15,1.15,0.0,11.106148,0.0
2019-03-07,18,0,34,1.85,1.85,0.0,17.866412,0.0
2019-03-07,18,0,35,1.85,1.85,0.0,17.866412,0.0
2019-03-07,18,0,36,5.99,5.99,0.0,9.376424,0.0
2019-03-07,18,0,37,2.78,2.78,0.0,4.094821,0.0
2019-03-07,18,0,38,3.57,3.57,0.0,5.258458,0.0
2019-03-07,18,0,39,2.38,2.38,0.0,3.505639,0.0
2019-03-07,18,0,40,2.38,2.38,0.0,3.505639,0.0
2019-03-07,18,0,41,25.53,25.53,0.0,-116.425647,0.0
2019-03-07,18,0,42,30.91,30.91,0.0,181.717896,0.0
2019-03-07,18,0,43,17.71,17.71,0.0,37.503696,0.0
2019-03-07,18,0,46,14.31,14.31,0.0,5.477513,0.0
2019-03-07,18,0,52,72.66,72.66,0.0,-717.652052,0.0
2019-03-07,18,0,53,115.47,115.47,0.0,-1140.480077,0.0
2019-03-07,18,0,55,460.54,460.54,0.0,-4503.034103,0.0
2019-03-07,18,0,56,89.02,89.02,0.0,-879.237347,0.0
2019-03-07,18,0,57,84.68,84.68,0.0,-836.37181,0.0
2019-03-07,18,0,58,162.84,162.84,0.0,-1608.346547,0.0
2019-03-07,18,0,59,160.13,160.13,0.0,-1581.580279,0.0
2019-03-07,18,0,63,170.0,170.0,0.0,18278.451394,0.0
2019-03-07,18,0,64,200.0,200.0,0.0,21504.060463,0.0
2019-03-07,18,0,65,21.18,21.18,0.0,136.124693,0.0
2019-03-07,18,0,67,153.14,153.14,0.0,-85269.724583,0.0
2019-03-07,18,0,68,10.2,10.2,0.0,-4203.266195,0.0
2019-03-07,18,0,69,1.15,1.15,0.0,11.106148,0.0
2019-03-07,18,0,74,22.44,22.44,0.0,65.469435,0.0
2019-03-07,18,0,77,60.0,60.0,0.0,-17457.373609,0.0
2019-03-07,18,0,78,45.36,45.36,0.0,-13197.774449,0.0
2019-03-07,18,0,79,26.25,26.25,0.0,-7637.600954,0.0
2019-03-07,18,0,80,42.45,42.45,0.0,-12351.091829,0.0
2019-03-07,18,0,81,55.5,55.5,0.0,-16148.070589,0.0
2019-03-07,18,0,82,39.15,39.15,0.0,-11390.93628,0.0
2019-03-07,18,0,83,87.3,87.3,0.0,-25400.478602,0.0
2019-03-07,18,0,84,0.0,0.0,0.0,-0.0,0.0
2019-03-07,18,0,86,5.84,5.84,0.0,56.399917,0.0
2019-03-07,18,0,87,29.84,29.84,0.0,288.180396,0.0
2019-03-07,18,0,88,51.18,51.18,0.0,-14891.139689,0.0
2019-03-07,18,0,89,49.2,49.2,0.0,-14315.04636,0.0
2019-03-07,18,0,90,66.06,66.06,0.0,-19220.568344,0.0
2019-03-07,18,0,91,235.65,235.65,0.0,-68563.834851,0.0
2019-03-07,18,0,92,84.75,84.75,0.0,-24658.540223,0.0
2019-03-07,18,0,95,120.0,120.0,0.0,2333.493576,0.0
2019-03-07,18,0,96,29.88,29.88,0.0,-298.215775,0.0
2019-03-07,18,0,97,183.75,183.75,0.0,-1833.907251,0.0
2019-03-07,18,0,99,4.33,4.33,0.0,12.632917,0.0
2019-03-07,18,0,101,6.08,6.08,0.0,-60.051259,0.0
2019-03-07,18,0,102,24.15,24.15,0.0,-9951.850845,0.0
2019-03-07,18,0,103,21.0,21.0,0.0,-8653.783344,0.0
2019-03-07,18,0,104,3.9,3.9,0.0,-1607.131192,0.0
2019-03-07,18,0,106,118.43,118.43,0.0,-1157.976134,0.0
2019-03-07,18,0,109,60.0,60.0,0.0,-74.882806,0.0
2019-03-07,18,0,110,130.63,130.63,0.0,-130630.0,0.0
2019-03-07,18,0,111,10.19,10.19,0.0,-46.469931,0.0
2019-03-07,18,0,113,45.0,45.0,0.0,-11861.516386,0.0
2019-03-07,18,0,115,45.0,45.0,0.0,-11861.516386,0.0
2019-03-07,18,0,116,57.05,57.05,0.0,-57050.0,0.0
2019-03-07,18,0,117,3.0,3.0,0.0,-790.767759,0.0
2019-03-07,18,0,119,200.0,200.0,0.0,21504.060463,0.0
2019-03-07,18,0,120,117.6,117.6,0.0,12644.387552,0.0
2019-03-07,18,0,123,1.97,1.97,0.0,-19.262121,0.0
2019-03-07,18,0,125,152.35,152.35,0.0,-1489.636613,0.0
2019-03-07,18,0,126,88.82,88.82,0.0,-868.457656,0.0
2019-03-07,18,0,127,113.98,113.98,0.0,-1114.465252,0.0
2019-03-07,18,0,128,218.77,218.77,0.0,-2139.073198,0.0
2019-03-07,18,0,131,30.0,30.0,0.0,-11203.007614,0.0
2019-03-07,18,0,132,44.1,44.1,0.0,-16468.421193,0.0
2019-03-07,18,0,133,53.23,53.23,0.0,349.394594,0.0
2019-03-07,18,0,134,0.0,0.0,0.0,0.0,0.0
2019-03-07,18,0,135,71.33,71.33,0.0,468.200571,0.0
2019-03-07,18,0,136,20.78,20.78,0.0,133.411228,0.0
2019-03-07,18,0,139,32.97,32.97,0.0,-150.354625,0.0
2019-03-07,18,0,140,96.68,96.68,0.0,-96680.0,0.0
2019-03-07,18,0,141,230.0,230.0,0.0,-128066.061474,0.0
2019-03-07,18,0,142,201.96,201.96,0.0,-112453.138154,0.0
2019-03-07,18,0,143,169.05,169.05,0.0,-1669.681797,0.0
2019-03-07,18,0,145,24.73,24.73,0.0,-165.022262,0.0
2019-03-07,18,0,146,31.39,31.39,0.0,-31390.0,0.0
2019-03-07,18,0,152,4.52,4.52,0.0,13.547796,0.0
2019-03-07,18,0,153,5.62,5.62,0.0,15.941773,0.0
2019-03-07,18,0,154,42.04,42.04,0.0,-191.716968,0.0
2019-03-07,18,0,157,250.0,250.0,0.0,-139202.240733,0.0
2019-03-07,18,0,158,186.28,186.28,0.0,-103722.373615,0.0
2019-03-07,18,0,159,0.0,0.0,0.0,0.0,0.0
2019-03-07,18,0,160,1.39,1.39,0.0,5.858232,0.0
2019-03-07,18,0,161,28.17,28.17,0.0,-11608.432228,0.0
2019-03-07,18,0,162,162.5,162.5,0.0,3291.221468,0.0
2019-03-07,18,0,163,159.99,159.99,0.0,-159990.0,0.0
2019-03-07,18,0,164,11.69,11.69,0.0,-115.460398,0.0
2019-03-07,18,0,167,3.04,3.04,0.0,50.457301,0.0
2019-03-07,18,0,168,1.52,1.52,0.0,25.228651,0.0
2019-03-07,18,0,169,0.0,0.0,0.0,0.0,0.0
2019-03-07,18,0,170,3.32,3.32,0.0,55.104684,0.0
2019-03-07,18,0,172,4.03,4.03,0.0,57.740458,0.0
2019-03-07,18,0,173,6.14,6.14,0.0,87.971814,0.0
2019-03-07,18,0,188,5.56,5.56,0.0,99.81244,0.0
2019-03-07,18,0,190,4.55,4.55,0.0,147.545385,0.0
2019-03-07,18,0,191,11.74,11.74,0.0,380.699521,0.0
2019-03-07,18,0,192,77.56,77.56,0.0,2515.08133,0.0
2019-03-07,18,0,194,98.98,98.98,0.0,-12899.972236,0.0
2019-03-07,18,0,196,3.0,3.0,0.0,781.230379,0.0
2019-03-07,18,0,198,5.84,5.84,0.0,43.365776,0.0
2019-03-07,18,0,199,130.0,130.0,0.0,-3325.303957,0.0
2019-03-07,18,0,200,10.36,10.36,0.0,-265.001146,0.0
2019-03-07,18,0,204,257.1,257.1,0.0,-427.672456,0.0
2019-03-07,18,0,205,317.4,317.4,0.0,-396.130046,0.0
2019-03-07,18,0,206,539.94,539.94,0.0,-5388.842891,0.0
2019-03-07,18,0,210,0.72,0.72,0.0,4.942689,0.0
2019-03-07,18,0,214,4.96,4.96,0.0,57.017557,0.0
2019-03-07,18,0,217,3.16,3.16,0.0,30.013883,0.0
2019-03-07,18,0,218,4.36,4.36,0.0,41.41156,0.0
2019-03-07,18,0,219,2.97,2.97,0.0,28.209251,0.0
2019-03-07,18,0,221,2.64,2.64,0.0,30.348055,0.0
2019-03-07,18,0,225,2.14,2.14,0.0,12.82062,0.0
2019-03-07,18,0,233,3.31,3.31,0.0,31.966391,0.0
2019-03-07,18,0,236,69.42,69.42,0.0,335.965733,0.0
2019-03-07,18,0,237,53.84,53.84,0.0,157.079964,0.0
2019-03-07,18,0,238,40.24,40.24,0.0,236.568364,0.0
2019-03-07,18,0,240,6.79,6.79,0.0,10.6287,0.0
2019-03-07,18,0,245,48.72,48.72,0.0,341.620461,0.0
2019-03-07,18,0,247,105.22,105.22,0.0,737.793614,0.0
2019-03-07,18,0,248,5.4,5.4,0.0,15.754677,0.0
2019-03-07,18,0,249,93.69,93.69,0.0,656.946243,0.0
2019-03-07,18,0,251,224.03,224.03,0.0,1393.855354,0.0
2019-03-07,18,0,252,136.62,136.62,0.0,878.062116,0.0
2019-03-07,18,0,254,8.44,8.44,0.0,22.314033,0.0
2019-03-07,18,0,255,3.87,3.87,0.0,10.231671,0.0
2019-03-07,18,0,258,8.41,8.41,0.0,13.914755,0.0
2019-03-07,18,0,260,3.37,3.37,0.0,14.203053,0.0
2019-03-07,18,0,265,43.53,43.53,0.0,-198.511884,0.0
2019-03-07,18,0,266,21.35,21.35,0.0,-97.363398,0.0
2019-03-07,18,0,267,26.23,26.23,0.0,-119.617889,0.0
2019-03-07,18,0,270,499.66,499.66,0.0,-499660.0,0.0
2019-03-07,18,0,272,150.39,150.39,0.0,-39641.187763,0.0
2019-03-07,18,0,273,13.64,13.64,0.0,-13640.0,0.0
2019-03-07,18,0,274,644.12,644.12,0.0,-644120.0,0.0
2019-03-07,18,0,275,896.62,896.62,0.0,-896620.0,0.0
2019-03-07,18,0,276,3.01,3.01,0.0,-2712.144837,0.0
2019-03-07,18,0,277,3.74,3.74,0.0,-1026.858568,0.0
2019-03-07,18,0,278,5.98,5.98,0.0,-1641.875464,0.0
2019-03-07,18,0,279,255.89,255.89,0.0,-70257.443579,0.0
2019-03-07,18,0,281,30.74,30.74,0.0,-303.614424,0.0
2019-03-07,18,0,282,165.56,165.56,0.0,-1635.211584,0.0
2019-03-07,19,0,9,0.56,0.56,0.0,3.459173,0.0
2019-03-07,19,0,17,3.82,3.82,0.0,35.196315,0.0
2019-03-07,19,0,19,255.34,255.34,0.0,2352.624885,0.0
2019-03-07,19,0,20,310.36,310.36,0.0,2859.562384,0.0
2019-03-07,19,0,21,12.79,12.79,0.0,79.005033,0.0
2019-03-07,19,0,22,45.47,45.47,0.0,280.872467,0.0
2019-03-07,19,0,23,108.8,108.8,0.0,672.067835,0.0
2019-03-07,19,0,24,192.5,192.5,0.0,1189.090608,0.0
2019-03-07,19,0,29,0.36,0.36,0.0,3.041288,0.0
2019-03-07,19,0,30,122.84,122.84,0.0,756.587721,0.0
2019-03-07,19,0,31,26.14,26.14,0.0,160.999699,0.0
2019-03-07,19,0,32,0.48,0.48,0.0,9.772803,0.0
2019-03-07,19,0,33,0.3,0.3,0.0,2.944711,0.0
2019-03-07,19,0,34,0.48,0.48,0.0,4.711538,0.0
2019-03-07,19,0,35,0.48,0.48,0.0,4.711538,0.0
2019-03-07,19,0,36,1.67,1.67,0.0,13.727096,0.0
2019-03-07,19,0,37,0.76,0.76,0.0,6.230117,0.0
2019-03-07,19,0,38,0.97,0.97,0.0,7.951597,0.0
2019-03-07,19,0,39,0.65,0.65,0.0,5.32839,0.0
2019-03-07,19,0,40,0.65,0.65,0.0,5.32839,0.0
2019-03-07,19,0,41,25.32,25.32,0.0,180.494942,0.0
2019-03-07,19,0,42,8.83,8.83,0.0,80.20466,0.0
2019-03-07,19,0,43,4.75,4.75,0.0,39.410476,0.0
2019-03-07,19,0,46,3.97,3.97,0.0,31.742262,0.0
2019-03-07,19,0,52,27.7,27.7,0.0,170.607944,0.0
2019-03-07,19,0,53,44.01,44.01,0.0,271.06338,0.0
2019-03-07,19,0,55,186.9,186.9,0.0,1154.498881,0.0
2019-03-07,19,0,56,36.23,36.23,0.0,223.145337,0.0
2019-03-07,19,0,57,34.47,34.47,0.0,212.305265,0.0
2019-03-07,19,0,58,66.28,66.28,0.0,408.22724,0.0
2019-03-07,19,0,59,65.18,65.18,0.0,401.452195,0.0
2019-03-07,19,0,63,170.0,170.0,0.0,5067.417556,0.0
2019-03-07,19,0,64,200.0,200.0,0.0,5961.667712,0.0
2019-03-07,19,0,65,26.39,26.39,0.0,242.509693,0.0
2019-03-07,19,0,67,59.65,59.65,0.0,-3380.825926,0.0
2019-03-07,19,0,68,12.45,12.45,0.0,-471.983926,0.0
2019-03-07,19,0,69,0.3,0.3,0.0,2.944711,0.0
2019-03-07,19,0,74,26.97,26.97,0.0,229.598812,0.0
2019-03-07,19,0,77,60.0,60.0,0.0,-1330.196241,0.0
2019-03-07,19,0,78,45.36,45.36,0.0,-1005.628358,0.0
2019-03-07,19,0,79,26.25,26.25,0.0,-581.960856,0.0
2019-03-07,19,0,80,42.45,42.45,0.0,-941.113841,0.0
2019-03-07,19,0,81,55.5,55.5,0.0,-1230.431523,0.0
2019-03-07,19,0,82,39.15,39.15,0.0,-867.953047,0.0
2019-03-07,19,0,83,87.3,87.3,0.0,-1935.435531,0.0
2019-03-07,19,0,84,0.0,0.0,0.0,0.0,0.0
2019-03-07,19,0,86,1.52,1.52,0.0,14.919871,0.0
2019-03-07,19,0,87,7.78,7.78,0.0,76.366181,0.0
2019-03-07,19,0,88,51.18,51.18,0.0,-1134.657394,0.0
2019-03-07,19,0,89,49.2,49.2,0.0,-1090.760918,0.0
2019-03-07,19,0,90,66.06,66.06,0.0,-1464.546062,0.0
2019-03-07,19,0,91,235.65,235.65,0.0,-5224.345738,0.0
2019-03-07,19,0,92,84.75,84.75,0.0,-1878.902191,0.0
2019-03-07,19,0,95,120.0,120.0,0.0,2333.493576,0.0
2019-03-07,19,0,96,29.88,29.88,0.0,183.473926,0.0
2019-03-07,19,0,97,183.75,183.75,0.0,1128.290962,0.0
2019-03-07,19,0,99,5.21,5.21,0.0,44.353348,0.0
2019-03-07,19,0,101,2.47,2.47,0.0,15.213055,0.0
2019-03-07,19,0,102,35.62,35.62,0.0,-1350.366862,0.0
2019-03-07,19,0,103,29.89,29.89,0.0,-1133.140525,0.0
2019-03-07,19,0,104,4.26,4.26,0.0,-161.498114,0.0
2019-03-07,19,0,106,44.76,44.76,0.0,276.48673,0.0
2019-03-07,19,0,109,51.46,51.46,0.0,397.169561,0.0
2019-03-07,19,0,110,199.64,199.64,0.0,-22788.776854,0.0
2019-03-07,19,0,111,3.72,3.72,0.0,26.518214,0.0
2019-03-07,19,0,113,45.0,45.0,0.0,-842.799646,0.0
2019-03-07,19,0,115,45.0,45.0,0.0,-842.799646,0.0
2019-03-07,19,0,116,18.62,18.62,0.0,-2125.460955,0.0
2019-03-07,19,0,117,3.0,3.0,0.0,-56.186643,0.0
2019-03-07,19,0,119,200.0,200.0,0.0,5961.667712,0.0
2019-03-07,19,0,120,117.6,117.6,0.0,3505.460615,0.0
2019-03-07,19,0,123,0.75,0.75,0.0,4.632821,0.0
2019-03-07,19,0,125,174.2,174.2,0.0,1076.049786,0.0
2019-03-07,19,0,126,33.57,33.57,0.0,207.365048,0.0
2019-03-07,19,0,127,43.08,43.08,0.0,266.109212,0.0
2019-03-07,19,0,128,249.5,249.5,0.0,1541.18497,0.0
2019-03-07,19,0,131,30.0,30.0,0.0,-986.945124,0.0
2019-03-07,19,0,132,44.1,44.1,0.0,-1450.809332,0.0
2019-03-07,19,0,133,67.14,67.14,0.0,618.760822,0.0
2019-03-07,19,0,134,0.0,0.0,0.0,0.0,0.0
2019-03-07,19,0,135,90.99,90.99,0.0,838.561918,0.0
2019-03-07,19,0,136,26.05,26.05,0.0,239.350612,0.0
2019-03-07,19,0,139,32.69,32.69,0.0,233.032371,0.0
2019-03-07,19,0,140,147.76,147.76,0.0,-16866.708415,0.0
2019-03-07,19,0,141,230.0,230.0,0.0,-13035.875322,0.0
2019-03-07,19,0,142,78.67,78.67,0.0,-4458.836137,0.0
2019-03-07,19,0,143,59.44,59.44,0.0,366.09878,0.0
2019-03-07,19,0,145,20.07,20.07,0.0,135.232964,0.0
2019-03-07,19,0,146,0.0,0.0,0.0,-0.0,0.0
2019-03-07,19,0,152,1.31,1.31,0.0,11.163972,0.0
2019-03-07,19,0,153,1.58,1.58,0.0,13.415472,0.0
2019-03-07,19,0,154,15.36,15.36,0.0,109.494562,0.0
2019-03-07,19,0,157,250.0,250.0,0.0,-14169.429698,0.0
2019-03-07,19,0,158,60.13,60.13,0.0,-3408.031231,0.0
2019-03-07,19,0,159,0.0,0.0,0.0,0.0,0.0
2019-03-07,19,0,160,0.35,0.35,0.0,3.022551,0.0
2019-03-07,19,0,161,10.39,10.39,0.0,-393.888593,0.0
2019-03-07,19,0,162,162.5,162.5,0.0,3176.555232,0.0
2019-03-07,19,0,163,143.59,143.59,0.0,-16390.705613,0.0
2019-03-07,19,0,164,4.84,4.84,0.0,29.810197,0.0
2019-03-07,19,0,167,0.5,0.5,0.0,9.560814,0.0
2019-03-07,19,0,168,0.25,0.25,0.0,4.780407,0.0
2019-03-07,19,0,169,0.0,0.0,0.0,0.0,0.0
2019-03-07,19,0,170,0.55,0.55,0.0,10.516896,0.0
2019-03-07,19,0,172,0.7,0.7,0.0,12.274785,0.0
2019-03-07,19,0,173,1.07,1.07,0.0,18.762886,0.0
2019-03-07,19,0,188,1.07,1.07,0.0,19.661029,0.0
2019-03-07,19,0,190,1.17,1.17,0.0,34.875756,0.0
2019-03-07,19,0,191,3.02,3.02,0.0,90.021182,0.0
2019-03-07,19,0,192,51.56,51.56,0.0,1536.917936,0.0
2019-03-07,19,0,194,176.5,176.5,0.0,-273.345909,0.0
2019-03-07,19,0,196,0.96,0.96,0.0,47.579625,0.0
2019-03-07,19,0,198,1.23,1.23,0.0,11.203768,0.0
2019-03-07,19,0,199,130.0,130.0,0.0,907.00233,0.0
2019-03-07,19,0,200,1.89,1.89,0.0,13.186418,0.0
2019-03-07,19,0,204,242.39,242.39,0.0,1851.866917,0.0
2019-03-07,19,0,205,272.2,272.2,0.0,2100.846375,0.0
2019-03-07,19,0,206,539.94,539.94,0.0,3315.425427,0.0
2019-03-07,19,0,210,0.13,0.13,0.0,1.120441,0.0
2019-03-07,19,0,214,1.03,1.03,0.0,10.477314,0.0
2019-03-07,19,0,217,0.56,0.56,0.0,5.318916,0.0
2019-03-07,19,0,218,0.77,0.77,0.0,7.31351,0.0
2019-03-07,19,0,219,0.52,0.52,0.0,4.938993,0.0
2019-03-07,19,0,221,0.55,0.55,0.0,5.594682,0.0
2019-03-07,19,0,225,0.36,0.36,0.0,3.035351,0.0
2019-03-07,19,0,233,0.86,0.86,0.0,8.441506,0.0
2019-03-07,19,0,236,75.24,75.24,0.0,668.21418,0.0
2019-03-07,19,0,237,64.71,64.71,0.0,550.883912,0.0
2019-03-07,19,0,238,11.49,11.49,0.0,104.365973,0.0
2019-03-07,19,0,240,1.89,1.89,0.0,15.535456,0.0
2019-03-07,19,0,245,55.0,55.0,0.0,511.655981,0.0
2019-03-07,19,0,247,119.15,119.15,0.0,1108.432912,0.0
2019-03-07,19,0,248,6.5,6.5,0.0,55.335272,0.0
2019-03-07,19,0,249,105.76,105.76,0.0,983.867937,0.0
2019-03-07,19,0,251,297.01,297.01,0.0,2717.538885,0.0
2019-03-07,19,0,252,170.21,170.21,0.0,1564.13698,0.0
2019-03-07,19,0,254,2.25,2.25,0.0,18.859475,0.0
2019-03-07,19,0,255,1.03,1.03,0.0,8.633449,0.0
2019-03-07,19,0,258,2.33,2.33,0.0,19.181198,0.0
2019-03-07,19,0,260,0.86,0.86,0.0,7.426841,0.0
2019-03-07,19,0,265,15.91,15.91,0.0,113.415266,0.0
2019-03-07,19,0,266,21.17,21.17,0.0,150.91145,0.0
2019-03-07,19,0,267,26.01,26.01,0.0,185.413643,0.0
2019-03-07,19,0,270,448.43,448.43,0.0,-51187.994414,0.0
2019-03-07,19,0,272,150.39,150.39,0.0,-2816.636418,0.0
2019-03-07,19,0,273,4.45,4.45,0.0,-507.964621,0.0
2019-03-07,19,0,274,578.08,578.08,0.0,-65987.458044,0.0
2019-03-07,19,0,275,804.69,804.69,0.0,-91854.842952,0.0
2019-03-07,19,0,276,1.0,1.0,0.0,-101.31715,0.0
2019-03-07,19,0,277,1.24,1.24,0.0,-24.934485,0.0
2019-03-07,19,0,278,1.98,1.98,0.0,-39.814743,0.0
2019-03-07,19,0,279,236.92,236.92,0.0,-4764.095405,0.0
2019-03-07,19,0,281,11.73,11.73,0.0,72.246613,0.0
2019-03-07,19,0,282,67.39,67.39,0.0,415.063876,0.0
2019-03-07,20,0,9,0.0,0.0,0.0,0.0,0.0
2019-03-07,20,0,17,0.0,0.0,0.0,0.0,0.0
2019-03-07,20,0,19,224.09,224.09,0.0,1908.782861,0.0
2019-03-07,20,0,20,271.78,271.78,0.0,2315.002927,0.0
2019-03-07,20,0,21,0.0,0.0,0.0,0.0,0.0
2019-03-07,20,0,22,0.0,0.0,0.0,0.0,0.0
2019-03-07,20,0,23,108.8,108.8,0.0,1347.200637,0.0
2019-03-07,20,0,24,192.5,192.5,0.0,2383.604069,0.0
2019-03-07,20,0,29,0.0,0.0,0.0,0.0,0.0
2019-03-07,20,0,30,0.0,0.0,0.0,0.0,0.0
2019-03-07,20,0,31,20.57,20.57,0.0,255.209212,0.0
2019-03-07,20,0,32,0.0,0.0,0.0,0.0,0.0
2019-03-07,20,0,33,0.0,0.0,0.0,0.0,0.0
2019-03-07,20,0,34,0.0,0.0,0.0,0.0,0.0
2019-03-07,20,0,35,0.0,0.0,0.0,0.0,0.0
2019-03-07,20,0,36,0.0,0.0,0.0,0.0,0.0
2019-03-07,20,0,37,0.0,0.0,0.0,0.0,0.0
2019-03-07,20,0,38,0.0,0.0,0.0,0.0,0.0
2019-03-07,20,0,39,0.0,0.0,0.0,0.0,0.0
2019-03-07,20,0,40,0.0,0.0,0.0,0.0,0.0
2019-03-07,20,0,41,52.02,52.02,0.0,577.729506,0.0
2019-03-07,20,0,42,0.0,0.0,0.0,0.0,0.0
2019-03-07,20,0,43,0.0,0.0,0.0,0.0,0.0
2019-03-07,20,0,46,0.0,0.0,0.0,0.0,0.0
2019-03-07,20,0,52,21.8,21.8,0.0,270.469656,0.0
2019-03-07,20,0,53,34.64,34.64,0.0,429.773802,0.0
2019-03-07,20,0,55,181.96,181.96,0.0,2253.094007,0.0
2019-03-07,20,0,56,0.0,0.0,0.0,0.0,0.0
2019-03-07,20,0,57,0.0,0.0,0.0,0.0,0.0
2019-03-07,20,0,58,0.0,0.0,0.0,0.0,0.0
2019-03-07,20,0,59,0.0,0.0,0.0,0.0,0.0
2019-03-07,20,0,63,170.0,170.0,0.0,18225.949539,0.0
2019-03-07,20,0,64,200.0,200.0,0.0,21442.293576,0.0
2019-03-07,20,0,65,17.09,17.09,0.0,146.039504,0.0
2019-03-07,20,0,67,0.0,0.0,0.0,-0.0,0.0
2019-03-07,20,0,68,10.2,10.2,0.0,-4249.803184,0.0
2019-03-07,20,0,69,0.0,0.0,0.0,0.0,0.0
2019-03-07,20,0,74,21.04,21.04,0.0,196.154993,0.0
2019-03-07,20,0,77,84.7,84.7,0.0,-25177.123717,0.0
2019-03-07,20,0,78,64.3,64.3,0.0,-19113.211983,0.0
2019-03-07,20,0,79,37.43,37.43,0.0,-11126.089029,0.0
2019-03-07,20,0,80,60.23,60.23,0.0,-17903.402143,0.0
2019-03-07,20,0,81,78.45,78.45,0.0,-23319.307622,0.0
2019-03-07,20,0,82,55.6,55.6,0.0,-16527.131979,0.0
2019-03-07,20,0,83,122.29,122.29,0.0,-36350.772838,0.0
2019-03-07,20,0,84,0.0,0.0,0.0,0.0,0.0
2019-03-07,20,0,86,0.0,0.0,0.0,0.0,0.0
2019-03-07,20,0,87,0.0,0.0,0.0,0.0,0.0
2019-03-07,20,0,88,95.98,95.98,0.0,-28530.110205,0.0
2019-03-07,20,0,89,92.28,92.28,0.0,-27430.283077,0.0
2019-03-07,20,0,90,123.8,123.8,0.0,-36799.621206,0.0
2019-03-07,20,0,91,440.78,440.78,0.0,-131022.108524,0.0
2019-03-07,20,0,92,158.74,158.74,0.0,-47185.556303,0.0
2019-03-07,20,0,95,120.0,120.0,0.0,2333.493576,0.0
2019-03-07,20,0,96,31.77,31.77,0.0,394.979771,0.0
2019-03-07,20,0,97,229.39,229.39,0.0,2851.885734,0.0
2019-03-07,20,0,99,4.06,4.06,0.0,37.851201,0.0
2019-03-07,20,0,101,0.0,0.0,0.0,0.0,0.0
2019-03-07,20,0,102,24.15,24.15,0.0,-10062.034009,0.0
2019-03-07,20,0,103,21.0,21.0,0.0,-8749.59479,0.0
2019-03-07,20,0,104,3.9,3.9,0.0,-1624.924747,0.0
2019-03-07,20,0,106,0.0,0.0,0.0,0.0,0.0
2019-03-07,20,0,109,60.0,60.0,0.0,615.784541,0.0
2019-03-07,20,0,110,158.96,158.96,0.0,-158960.0,0.0
2019-03-07,20,0,111,0.0,0.0,0.0,0.0,0.0
2019-03-07,20,0,113,45.0,45.0,0.0,-12037.285685,0.0
2019-03-07,20,0,115,45.0,45.0,0.0,-12037.285685,0.0
2019-03-07,20,0,116,0.0,0.0,0.0,-0.0,0.0
2019-03-07,20,0,117,3.0,3.0,0.0,-802.485712,0.0
2019-03-07,20,0,119,200.0,200.0,0.0,21442.293576,0.0
2019-03-07,20,0,120,117.6,117.6,0.0,12608.068622,0.0
2019-03-07,20,0,123,0.0,0.0,0.0,0.0,0.0
2019-03-07,20,0,125,174.2,174.2,0.0,2157.006903,0.0
2019-03-07,20,0,126,0.0,0.0,0.0,0.0,0.0
2019-03-07,20,0,127,0.0,0.0,0.0,0.0,0.0
2019-03-07,20,0,128,249.5,249.5,0.0,3089.39852,0.0
2019-03-07,20,0,131,30.0,30.0,0.0,-11348.879592,0.0
2019-03-07,20,0,132,44.1,44.1,0.0,-16682.853,0.0
2019-03-07,20,0,133,37.37,37.37,0.0,318.218598,0.0
2019-03-07,20,0,134,0.0,0.0,0.0,0.0,0.0
2019-03-07,20,0,135,49.8,49.8,0.0,424.064389,0.0
2019-03-07,20,0,136,19.82,19.82,0.0,169.398027,0.0
2019-03-07,20,0,139,69.63,69.63,0.0,773.304604,0.0
2019-03-07,20,0,140,117.65,117.65,0.0,-117650.0,0.0
2019-03-07,20,0,141,230.0,230.0,0.0,-128857.108513,0.0
2019-03-07,20,0,142,0.0,0.0,0.0,-0.0,0.0
2019-03-07,20,0,143,37.76,37.76,0.0,468.48322,0.0
2019-03-07,20,0,145,21.26,21.26,0.0,246.852485,0.0
2019-03-07,20,0,146,7.51,7.51,0.0,-7510.0,0.0
2019-03-07,20,0,152,0.0,0.0,0.0,0.0,0.0
2019-03-07,20,0,153,0.0,0.0,0.0,0.0,0.0
2019-03-07,20,0,154,0.0,0.0,0.0,0.0,0.0
2019-03-07,20,0,157,250.0,250.0,0.0,-140062.07447,0.0
2019-03-07,20,0,158,0.0,0.0,0.0,-0.0,0.0
2019-03-07,20,0,159,0.0,0.0,0.0,0.0,0.0
2019-03-07,20,0,160,0.0,0.0,0.0,0.0,0.0
2019-03-07,20,0,161,0.0,0.0,0.0,-0.0,0.0
2019-03-07,20,0,162,162.5,162.5,0.0,3286.322603,0.0
2019-03-07,20,0,163,185.4,185.4,0.0,-185400.0,0.0
2019-03-07,20,0,164,0.0,0.0,0.0,0.0,0.0
2019-03-07,20,0,167,0.0,0.0,0.0,0.0,0.0
2019-03-07,20,0,168,0.0,0.0,0.0,0.0,0.0
2019-03-07,20,0,169,0.0,0.0,0.0,0.0,0.0
2019-03-07,20,0,170,0.0,0.0,0.0,0.0,0.0
2019-03-07,20,0,172,0.0,0.0,0.0,0.0,0.0
2019-03-07,20,0,173,0.0,0.0,0.0,0.0,0.0
2019-03-07,20,0,188,0.0,0.0,0.0,0.0,0.0
2019-03-07,20,0,190,0.0,0.0,0.0,0.0,0.0
2019-03-07,20,0,191,0.0,0.0,0.0,0.0,0.0
2019-03-07,20,0,192,80.68,80.68,0.0,2616.255308,0.0
2019-03-07,20,0,194,176.5,176.5,0.0,-23446.735794,0.0
2019-03-07,20,0,196,0.0,0.0,0.0,0.0,0.0
2019-03-07,20,0,198,0.0,0.0,0.0,0.0,0.0
2019-03-07,20,0,199,130.0,130.0,0.0,-4461.772799,0.0
2019-03-07,20,0,200,0.0,0.0,0.0,-0.0,0.0
2019-03-07,20,0,204,465.33,465.33,0.0,4820.68404,0.0
2019-03-07,20,0,205,317.4,317.4,0.0,3257.50022,0.0
2019-03-07,20,0,206,868.95,868.95,0.0,10803.200264,0.0
2019-03-07,20,0,210,0.0,0.0,0.0,0.0,0.0
2019-03-07,20,0,214,0.0,0.0,0.0,0.0,0.0
2019-03-07,20,0,217,0.0,0.0,0.0,0.0,0.0
2019-03-07,20,0,218,0.0,0.0,0.0,0.0,0.0
2019-03-07,20,0,219,0.0,0.0,0.0,0.0,0.0
2019-03-07,20,0,221,0.0,0.0,0.0,0.0,0.0
2019-03-07,20,0,225,0.0,0.0,0.0,0.0,0.0
2019-03-07,20,0,233,0.0,0.0,0.0,0.0,0.0
2019-03-07,20,0,236,55.07,55.07,0.0,489.663005,0.0
2019-03-07,20,0,237,50.46,50.46,0.0,470.436356,0.0
2019-03-07,20,0,238,0.0,0.0,0.0,0.0,0.0
2019-03-07,20,0,240,0.0,0.0,0.0,0.0,0.0
2019-03-07,20,0,245,66.28,66.28,0.0,557.892717,0.0
2019-03-07,20,0,247,69.01,69.01,0.0,580.871701,0.0
2019-03-07,20,0,248,5.07,5.07,0.0,47.267387,0.0
2019-03-07,20,0,249,127.41,127.41,0.0,1072.436799,0.0
2019-03-07,20,0,251,188.19,188.19,0.0,1616.606317,0.0
2019-03-07,20,0,252,110.27,110.27,0.0,942.292342,0.0
2019-03-07,20,0,254,0.0,0.0,0.0,0.0,0.0
2019-03-07,20,0,255,0.0,0.0,0.0,0.0,0.0
2019-03-07,20,0,258,0.0,0.0,0.0,0.0,0.0
2019-03-07,20,0,260,0.0,0.0,0.0,0.0,0.0
2019-03-07,20,0,265,0.0,0.0,0.0,0.0,0.0
2019-03-07,20,0,266,42.43,42.43,0.0,471.223817,0.0
2019-03-07,20,0,267,53.67,53.67,0.0,596.05426,0.0
2019-03-07,20,0,270,579.0,579.0,0.0,-579000.0,0.0
2019-03-07,20,0,272,150.39,150.39,0.0,-40228.608758,0.0
2019-03-07,20,0,273,0.0,0.0,0.0,-0.0,0.0
2019-03-07,20,0,274,746.4,746.4,0.0,-746400.0,0.0
2019-03-07,20,0,275,1039.0,1039.0,0.0,-1039000.0,0.0
2019-03-07,20,0,276,0.0,0.0,0.0,-0.0,0.0
2019-03-07,20,0,277,0.0,0.0,0.0,-0.0,0.0
2019-03-07,20,0,278,0.0,0.0,0.0,-0.0,0.0
2019-03-07,20,0,279,651.99,651.99,0.0,-182182.066154,0.0
2019-03-07,20,0,281,9.23,9.23,0.0,114.515363,0.0
2019-03-07,20,0,282,0.0,0.0,0.0,0.0,0.0
2019-03-07,21,0,9,0.0,0.0,0.0,0.0,0.0
2019-03-07,21,0,17,0.0,0.0,0.0,0.0,0.0
2019-03-07,21,0,19,190.29,190.29,0.0,1398.419503,0.0
2019-03-07,21,0,20,230.79,230.79,0.0,1696.049383,0.0
2019-03-07,21,0,21,0.0,0.0,0.0,0.0,0.0
2019-03-07,21,0,22,0.0,0.0,0.0,0.0,0.0
2019-03-07,21,0,23,108.8,108.8,0.0,1459.818443,0.0
2019-03-07,21,0,24,192.5,192.5,0.0,2582.858918,0.0
2019-03-07,21,0,29,0.0,0.0,0.0,0.0,0.0
2019-03-07,21,0,30,0.0,0.0,0.0,0.0,0.0
2019-03-07,21,0,31,17.72,17.72,0.0,238.439124,0.0
2019-03-07,21,0,32,0.0,0.0,0.0,0.0,0.0
2019-03-07,21,0,33,0.0,0.0,0.0,0.0,0.0
2019-03-07,21,0,34,0.0,0.0,0.0,0.0,0.0
2019-03-07,21,0,35,0.0,0.0,0.0,0.0,0.0
2019-03-07,21,0,36,0.0,0.0,0.0,0.0,0.0
2019-03-07,21,0,37,0.0,0.0,0.0,0.0,0.0
2019-03-07,21,0,38,0.0,0.0,0.0,0.0,0.0
2019-03-07,21,0,39,0.0,0.0,0.0,0.0,0.0
2019-03-07,21,0,40,0.0,0.0,0.0,0.0,0.0
2019-03-07,21,0,41,111.37,111.37,0.0,1271.061452,0.0
2019-03-07,21,0,42,0.0,0.0,0.0,0.0,0.0
2019-03-07,21,0,43,0.0,0.0,0.0,0.0,0.0
2019-03-07,21,0,46,0.0,0.0,0.0,0.0,0.0
2019-03-07,21,0,52,18.79,18.79,0.0,252.836972,0.0
2019-03-07,21,0,53,29.85,29.85,0.0,401.659585,0.0
2019-03-07,21,0,55,130.75,130.75,0.0,1754.331447,0.0
2019-03-07,21,0,56,0.0,0.0,0.0,0.0,0.0
2019-03-07,21,0,57,0.0,0.0,0.0,0.0,0.0
2019-03-07,21,0,58,0.0,0.0,0.0,0.0,0.0
2019-03-07,21,0,59,0.0,0.0,0.0,0.0,0.0
2019-03-07,21,0,63,170.0,170.0,0.0,16362.613714,0.0
2019-03-07,21,0,64,200.0,200.0,0.0,19250.133781,0.0
2019-03-07,21,0,65,10.36,10.36,0.0,76.580057,0.0
2019-03-07,21,0,67,0.0,0.0,0.0,-0.0,0.0
2019-03-07,21,0,68,10.2,10.2,0.0,-4312.716266,0.0
2019-03-07,21,0,69,0.0,0.0,0.0,0.0,0.0
2019-03-07,21,0,74,16.26,16.26,0.0,140.04853,0.0
2019-03-07,21,0,77,172.48,172.48,0.0,-52567.21132,0.0
2019-03-07,21,0,78,130.65,130.65,0.0,-39818.565393,0.0
2019-03-07,21,0,79,75.79,75.79,0.0,-23098.729974,0.0
2019-03-07,21,0,80,122.31,122.31,0.0,-37276.7603,0.0
2019-03-07,21,0,81,159.64,159.64,0.0,-48653.928659,0.0
2019-03-07,21,0,82,112.85,112.85,0.0,-34393.609679,0.0
2019-03-07,21,0,83,250.05,250.05,0.0,-76208.436865,0.0
2019-03-07,21,0,84,0.0,0.0,0.0,0.0,0.0
2019-03-07,21,0,86,0.0,0.0,0.0,0.0,0.0
2019-03-07,21,0,87,0.0,0.0,0.0,0.0,0.0
2019-03-07,21,0,88,170.6,170.6,0.0,-51994.238469,0.0
2019-03-07,21,0,89,164.0,164.0,0.0,-49982.738036,0.0
2019-03-07,21,0,90,220.2,220.2,0.0,-67110.968997,0.0
2019-03-07,21,0,91,785.5,785.5,0.0,-239399.028825,0.0
2019-03-07,21,0,92,282.5,282.5,0.0,-86098.313995,0.0
2019-03-07,21,0,95,120.0,120.0,0.0,2333.493576,0.0
2019-03-07,21,0,96,29.88,29.88,0.0,403.265011,0.0
2019-03-07,21,0,97,183.75,183.75,0.0,2479.917865,0.0
2019-03-07,21,0,99,3.14,3.14,0.0,27.045042,0.0
2019-03-07,21,0,101,0.0,0.0,0.0,0.0,0.0
2019-03-07,21,0,102,24.15,24.15,0.0,-10210.989982,0.0
2019-03-07,21,0,103,21.0,21.0,0.0,-8879.121724,0.0
2019-03-07,21,0,104,3.9,3.9,0.0,-1648.979749,0.0
2019-03-07,21,0,106,0.0,0.0,0.0,0.0,0.0
2019-03-07,21,0,109,83.6,83.6,0.0,843.473971,0.0
2019-03-07,21,0,110,127.96,127.96,0.0,-127960.0,0.0
2019-03-07,21,0,111,0.0,0.0,0.0,0.0,0.0
2019-03-07,21,0,113,84.18,84.18,0.0,-23152.05922,0.0
2019-03-07,21,0,115,84.18,84.18,0.0,-23152.05922,0.0
2019-03-07,21,0,116,0.0,0.0,0.0,-0.0,0.0
2019-03-07,21,0,117,5.66,5.66,0.0,-1556.672074,0.0
2019-03-07,21,0,119,200.0,200.0,0.0,19250.133781,0.0
2019-03-07,21,0,120,117.6,117.6,0.0,11319.078663,0.0
2019-03-07,21,0,123,0.0,0.0,0.0,0.0,0.0
2019-03-07,21,0,125,174.2,174.2,0.0,2337.319602,0.0
2019-03-07,21,0,126,0.0,0.0,0.0,0.0,0.0
2019-03-07,21,0,127,0.0,0.0,0.0,0.0,0.0
2019-03-07,21,0,128,249.5,249.5,0.0,3347.653506,0.0
2019-03-07,21,0,131,30.0,30.0,0.0,-11546.083063,0.0
2019-03-07,21,0,132,44.1,44.1,0.0,-16972.742102,0.0
2019-03-07,21,0,133,23.34,23.34,0.0,171.428416,0.0
2019-03-07,21,0,134,0.0,0.0,0.0,0.0,0.0
2019-03-07,21,0,135,30.34,30.34,0.0,222.842251,0.0
2019-03-07,21,0,136,14.7,14.7,0.0,108.695602,0.0
2019-03-07,21,0,139,146.7,146.7,0.0,1674.281359,0.0
2019-03-07,21,0,140,94.71,94.71,0.0,-94710.0,0.0
2019-03-07,21,0,141,230.0,230.0,0.0,-129926.520367,0.0
2019-03-07,21,0,142,0.0,0.0,0.0,-0.0,0.0
2019-03-07,21,0,143,25.84,25.84,0.0,347.701296,0.0
2019-03-07,21,0,145,22.5,22.5,0.0,274.642384,0.0
2019-03-07,21,0,146,21.99,21.99,0.0,-21990.0,0.0
2019-03-07,21,0,152,0.0,0.0,0.0,0.0,0.0
2019-03-07,21,0,153,0.0,0.0,0.0,0.0,0.0
2019-03-07,21,0,154,0.0,0.0,0.0,0.0,0.0
2019-03-07,21,0,157,250.0,250.0,0.0,-141224.47866,0.0
2019-03-07,21,0,158,0.0,0.0,0.0,-0.0,0.0
2019-03-07,21,0,159,0.0,0.0,0.0,0.0,0.0
2019-03-07,21,0,160,0.0,0.0,0.0,0.0,0.0
2019-03-07,21,0,161,0.0,0.0,0.0,-0.0,0.0
2019-03-07,21,0,162,162.5,162.5,0.0,3289.159826,0.0
2019-03-07,21,0,163,185.4,185.4,0.0,-185400.0,0.0
2019-03-07,21,0,164,0.0,0.0,0.0,0.0,0.0
2019-03-07,21,0,167,0.0,0.0,0.0,0.0,0.0
2019-03-07,21,0,168,0.0,0.0,0.0,0.0,0.0
2019-03-07,21,0,169,0.0,0.0,0.0,0.0,0.0
2019-03-07,21,0,170,0.0,0.0,0.0,0.0,0.0
2019-03-07,21,0,172,0.0,0.0,0.0,0.0,0.0
2019-03-07,21,0,173,0.0,0.0,0.0,0.0,0.0
2019-03-07,21,0,188,0.0,0.0,0.0,0.0,0.0
2019-03-07,21,0,190,0.0,0.0,0.0,0.0,0.0
2019-03-07,21,0,191,0.0,0.0,0.0,0.0,0.0
2019-03-07,21,0,192,122.68,122.68,0.0,3978.212707,0.0
2019-03-07,21,0,194,176.5,176.5,0.0,-24978.301606,0.0
2019-03-07,21,0,196,0.0,0.0,0.0,0.0,0.0
2019-03-07,21,0,198,0.0,0.0,0.0,0.0,0.0
2019-03-07,21,0,199,130.0,130.0,0.0,-5084.659811,0.0
2019-03-07,21,0,200,0.0,0.0,0.0,-0.0,0.0
2019-03-07,21,0,204,841.64,841.64,0.0,8619.364281,0.0
2019-03-07,21,0,205,387.97,387.97,0.0,3914.385126,0.0
2019-03-07,21,0,206,539.94,539.94,0.0,7287.112121,0.0
2019-03-07,21,0,210,0.0,0.0,0.0,0.0,0.0
2019-03-07,21,0,214,0.0,0.0,0.0,0.0,0.0
2019-03-07,21,0,217,0.0,0.0,0.0,0.0,0.0
2019-03-07,21,0,218,0.0,0.0,0.0,0.0,0.0
2019-03-07,21,0,219,0.0,0.0,0.0,0.0,0.0
2019-03-07,21,0,221,0.0,0.0,0.0,0.0,0.0
2019-03-07,21,0,225,0.0,0.0,0.0,0.0,0.0
2019-03-07,21,0,233,0.0,0.0,0.0,0.0,0.0
2019-03-07,21,0,236,39.02,39.02,0.0,309.653299,0.0
2019-03-07,21,0,237,39.01,39.01,0.0,335.995888,0.0
2019-03-07,21,0,238,0.0,0.0,0.0,0.0,0.0
2019-03-07,21,0,240,0.0,0.0,0.0,0.0,0.0
2019-03-07,21,0,245,71.45,71.45,0.0,513.776959,0.0
2019-03-07,21,0,247,36.11,36.11,0.0,259.656907,0.0
2019-03-07,21,0,248,3.92,3.92,0.0,33.763237,0.0
2019-03-07,21,0,249,137.4,137.4,0.0,988.004956,0.0
2019-03-07,21,0,251,109.33,109.33,0.0,815.876769,0.0
2019-03-07,21,0,252,66.85,66.85,0.0,494.14834,0.0
2019-03-07,21,0,254,0.0,0.0,0.0,0.0,0.0
2019-03-07,21,0,255,0.0,0.0,0.0,0.0,0.0
2019-03-07,21,0,258,0.0,0.0,0.0,0.0,0.0
2019-03-07,21,0,260,0.0,0.0,0.0,0.0,0.0
2019-03-07,21,0,265,0.0,0.0,0.0,0.0,0.0
2019-03-07,21,0,266,91.87,91.87,0.0,1048.508715,0.0
2019-03-07,21,0,267,114.69,114.69,0.0,1308.952482,0.0
2019-03-07,21,0,270,579.0,579.0,0.0,-579000.0,0.0
2019-03-07,21,0,272,281.15,281.15,0.0,-77324.797455,0.0
2019-03-07,21,0,273,0.0,0.0,0.0,-0.0,0.0
2019-03-07,21,0,274,746.4,746.4,0.0,-746400.0,0.0
2019-03-07,21,0,275,1039.0,1039.0,0.0,-1039000.0,0.0
2019-03-07,21,0,276,0.0,0.0,0.0,-0.0,0.0
2019-03-07,21,0,277,0.0,0.0,0.0,-0.0,0.0
2019-03-07,21,0,278,0.0,0.0,0.0,-0.0,0.0
2019-03-07,21,0,279,651.69,651.69,0.0,-187005.447407,0.0
2019-03-07,21,0,281,7.96,7.96,0.0,107.109223,0.0
2019-03-07,21,0,282,0.0,0.0,0.0,0.0,0.0
2019-03-07,22,0,9,0.0,0.0,0.0,0.0,0.0
2019-03-07,22,0,17,0.0,0.0,0.0,0.0,0.0
2019-03-07,22,0,19,162.35,162.35,0.0,1079.304809,0.0
2019-03-07,22,0,20,196.9,196.9,0.0,1308.993636,0.0
2019-03-07,22,0,21,0.0,0.0,0.0,0.0,0.0
2019-03-07,22,0,22,0.0,0.0,0.0,0.0,0.0
2019-03-07,22,0,23,108.8,108.8,0.0,1232.499305,0.0
2019-03-07,22,0,24,192.5,192.5,0.0,2180.662834,0.0
2019-03-07,22,0,29,0.0,0.0,0.0,0.0,0.0
2019-03-07,22,0,30,0.0,0.0,0.0,0.0,0.0
2019-03-07,22,0,31,17.27,17.27,0.0,196.14916,0.0
2019-03-07,22,0,32,0.0,0.0,0.0,0.0,0.0
2019-03-07,22,0,33,0.0,0.0,0.0,0.0,0.0
2019-03-07,22,0,34,0.0,0.0,0.0,0.0,0.0
2019-03-07,22,0,35,0.0,0.0,0.0,0.0,0.0
2019-03-07,22,0,36,0.0,0.0,0.0,0.0,0.0
2019-03-07,22,0,37,0.0,0.0,0.0,0.0,0.0
2019-03-07,22,0,38,0.0,0.0,0.0,0.0,0.0
2019-03-07,22,0,39,0.0,0.0,0.0,0.0,0.0
2019-03-07,22,0,40,0.0,0.0,0.0,0.0,0.0
2019-03-07,22,0,41,116.0,116.0,0.0,1134.740694,0.0
2019-03-07,22,0,42,0.0,0.0,0.0,0.0,0.0
2019-03-07,22,0,43,0.0,0.0,0.0,0.0,0.0
2019-03-07,22,0,46,0.0,0.0,0.0,0.0,0.0
2019-03-07,22,0,52,18.31,18.31,0.0,207.96127,0.0
2019-03-07,22,0,53,29.08,29.08,0.0,330.284747,0.0
2019-03-07,22,0,55,189.35,189.35,0.0,2144.97926,0.0
2019-03-07,22,0,56,0.0,0.0,0.0,0.0,0.0
2019-03-07,22,0,57,0.0,0.0,0.0,0.0,0.0
2019-03-07,22,0,58,0.0,0.0,0.0,0.0,0.0
2019-03-07,22,0,59,0.0,0.0,0.0,0.0,0.0
2019-03-07,22,0,63,170.0,170.0,0.0,16232.646603,0.0
2019-03-07,22,0,64,200.0,200.0,0.0,19097.231298,0.0
2019-03-07,22,0,65,5.7,5.7,0.0,38.082743,0.0
2019-03-07,22,0,67,0.0,0.0,0.0,-0.0,0.0
2019-03-07,22,0,68,10.2,10.2,0.0,-4313.871312,0.0
2019-03-07,22,0,69,0.0,0.0,0.0,0.0,0.0
2019-03-07,22,0,74,12.43,12.43,0.0,94.753368,0.0
2019-03-07,22,0,77,200.0,200.0,0.0,-60970.486474,0.0
2019-03-07,22,0,78,151.2,151.2,0.0,-46093.687774,0.0
2019-03-07,22,0,79,87.5,87.5,0.0,-26674.587832,0.0
2019-03-07,22,0,80,141.5,141.5,0.0,-43136.61918,0.0
2019-03-07,22,0,81,185.0,185.0,0.0,-56397.699988,0.0
2019-03-07,22,0,82,130.5,130.5,0.0,-39783.242424,0.0
2019-03-07,22,0,83,291.0,291.0,0.0,-88712.057819,0.0
2019-03-07,22,0,84,0.0,0.0,0.0,-0.0,0.0
2019-03-07,22,0,86,0.0,0.0,0.0,0.0,0.0
2019-03-07,22,0,87,0.0,0.0,0.0,0.0,0.0
2019-03-07,22,0,88,170.6,170.6,0.0,-52007.824962,0.0
2019-03-07,22,0,89,164.0,164.0,0.0,-49995.798908,0.0
2019-03-07,22,0,90,220.2,220.2,0.0,-67128.505607,0.0
2019-03-07,22,0,91,785.5,785.5,0.0,-239461.585625,0.0
2019-03-07,22,0,92,282.5,282.5,0.0,-86120.812144,0.0
2019-03-07,22,0,95,120.0,120.0,0.0,2333.493576,0.0
2019-03-07,22,0,96,29.88,29.88,0.0,340.297779,0.0
2019-03-07,22,0,97,183.75,183.75,0.0,2092.694674,0.0
2019-03-07,22,0,99,2.4,2.4,0.0,18.295099,0.0
2019-03-07,22,0,101,0.0,0.0,0.0,0.0,0.0
2019-03-07,22,0,102,24.15,24.15,0.0,-10213.724723,0.0
2019-03-07,22,0,103,21.0,21.0,0.0,-8881.499759,0.0
2019-03-07,22,0,104,3.9,3.9,0.0,-1649.421384,0.0
2019-03-07,22,0,106,0.0,0.0,0.0,0.0,0.0
2019-03-07,22,0,109,171.41,171.41,0.0,1501.810736,0.0
2019-03-07,22,0,110,106.41,106.41,0.0,-106410.0,0.0
2019-03-07,22,0,111,0.0,0.0,0.0,0.0,0.0
2019-03-07,22,0,113,149.99,149.99,0.0,-41292.589962,0.0
2019-03-07,22,0,115,149.99,149.99,0.0,-41292.589962,0.0
2019-03-07,22,0,116,0.0,0.0,0.0,-0.0,0.0
2019-03-07,22,0,117,10.0,10.0,0.0,-2753.022866,0.0
2019-03-07,22,0,119,200.0,200.0,0.0,19097.231298,0.0
2019-03-07,22,0,120,117.6,117.6,0.0,11229.172003,0.0
2019-03-07,22,0,123,0.0,0.0,0.0,0.0,0.0
2019-03-07,22,0,125,174.2,174.2,0.0,1973.358263,0.0
2019-03-07,22,0,126,0.0,0.0,0.0,0.0,0.0
2019-03-07,22,0,127,0.0,0.0,0.0,0.0,0.0
2019-03-07,22,0,128,249.5,249.5,0.0,2826.365595,0.0
2019-03-07,22,0,131,30.0,30.0,0.0,-11549.703598,0.0
2019-03-07,22,0,132,44.1,44.1,0.0,-16978.064289,0.0
2019-03-07,22,0,133,24.77,24.77,0.0,164.593856,0.0
2019-03-07,22,0,134,0.0,0.0,0.0,0.0,0.0
2019-03-07,22,0,135,33.19,33.19,0.0,220.543806,0.0
2019-03-07,22,0,136,10.69,10.69,0.0,71.441313,0.0
2019-03-07,22,0,139,149.8,149.8,0.0,1465.380655,0.0
2019-03-07,22,0,140,78.76,78.76,0.0,-78760.0,0.0
2019-03-07,22,0,141,230.0,230.0,0.0,-129946.154117,0.0
2019-03-07,22,0,142,0.0,0.0,0.0,-0.0,0.0
2019-03-07,22,0,143,20.97,20.97,0.0,238.17301,0.0
2019-03-07,22,0,145,58.47,58.47,0.0,607.742806,0.0
2019-03-07,22,0,146,52.7,52.7,0.0,-52700.0,0.0
2019-03-07,22,0,152,0.0,0.0,0.0,0.0,0.0
2019-03-07,22,0,153,0.0,0.0,0.0,0.0,0.0
2019-03-07,22,0,154,0.0,0.0,0.0,0.0,0.0
2019-03-07,22,0,157,164.48,164.48,0.0,-92928.449692,0.0
2019-03-07,22,0,158,0.0,0.0,0.0,-0.0,0.0
2019-03-07,22,0,159,0.0,0.0,0.0,0.0,0.0
2019-03-07,22,0,160,0.0,0.0,0.0,0.0,0.0
2019-03-07,22,0,161,0.0,0.0,0.0,-0.0,0.0
2019-03-07,22,0,162,96.21,96.21,0.0,1947.178898,0.0
2019-03-07,22,0,163,185.4,185.4,0.0,-185400.0,0.0
2019-03-07,22,0,164,0.0,0.0,0.0,0.0,0.0
2019-03-07,22,0,167,0.0,0.0,0.0,0.0,0.0
2019-03-07,22,0,168,0.0,0.0,0.0,0.0,0.0
2019-03-07,22,0,169,0.0,0.0,0.0,0.0,0.0
2019-03-07,22,0,170,0.0,0.0,0.0,0.0,0.0
2019-03-07,22,0,172,0.0,0.0,0.0,0.0,0.0
2019-03-07,22,0,173,0.0,0.0,0.0,0.0,0.0
2019-03-07,22,0,188,0.0,0.0,0.0,0.0,0.0
2019-03-07,22,0,190,0.0,0.0,0.0,0.0,0.0
2019-03-07,22,0,191,0.0,0.0,0.0,0.0,0.0
2019-03-07,22,0,192,180.47,180.47,0.0,5852.201233,0.0
2019-03-07,22,0,194,176.5,176.5,0.0,-25061.6098,0.0
2019-03-07,22,0,196,0.0,0.0,0.0,0.0,0.0
2019-03-07,22,0,198,0.0,0.0,0.0,0.0,0.0
2019-03-07,22,0,199,130.0,130.0,0.0,-5045.671427,0.0
2019-03-07,22,0,200,0.0,0.0,0.0,-0.0,0.0
2019-03-07,22,0,204,857.0,857.0,0.0,7608.911784,0.0
2019-03-07,22,0,205,852.76,852.76,0.0,7471.466794,0.0
2019-03-07,22,0,206,539.94,539.94,0.0,6149.276529,0.0
2019-03-07,22,0,210,0.0,0.0,0.0,0.0,0.0
2019-03-07,22,0,214,0.0,0.0,0.0,0.0,0.0
2019-03-07,22,0,217,0.0,0.0,0.0,0.0,0.0
2019-03-07,22,0,218,0.0,0.0,0.0,0.0,0.0
2019-03-07,22,0,219,0.0,0.0,0.0,0.0,0.0
2019-03-07,22,0,221,0.0,0.0,0.0,0.0,0.0
2019-03-07,22,0,225,0.0,0.0,0.0,0.0,0.0
2019-03-07,22,0,233,0.0,0.0,0.0,0.0,0.0
2019-03-07,22,0,236,26.42,26.42,0.0,187.598155,0.0
2019-03-07,22,0,237,29.81,29.81,0.0,227.240379,0.0
2019-03-07,22,0,238,0.0,0.0,0.0,0.0,0.0
2019-03-07,22,0,240,0.0,0.0,0.0,0.0,0.0
2019-03-07,22,0,245,40.02,40.02,0.0,261.171888,0.0
2019-03-07,22,0,247,16.18,16.18,0.0,105.591233,0.0
2019-03-07,22,0,248,2.99,2.99,0.0,22.792644,0.0
2019-03-07,22,0,249,76.95,76.95,0.0,502.17833,0.0
2019-03-07,22,0,251,117.23,117.23,0.0,789.619512,0.0
2019-03-07,22,0,252,36.78,36.78,0.0,245.733911,0.0
2019-03-07,22,0,254,0.0,0.0,0.0,0.0,0.0
2019-03-07,22,0,255,0.0,0.0,0.0,0.0,0.0
2019-03-07,22,0,258,0.0,0.0,0.0,0.0,0.0
2019-03-07,22,0,260,0.0,0.0,0.0,0.0,0.0
2019-03-07,22,0,265,0.0,0.0,0.0,0.0,0.0
2019-03-07,22,0,266,97.0,97.0,0.0,948.877994,0.0
2019-03-07,22,0,267,119.2,119.2,0.0,1166.043886,0.0
2019-03-07,22,0,270,579.0,579.0,0.0,-579000.0,0.0
2019-03-07,22,0,272,501.3,501.3,0.0,-138009.036256,0.0
2019-03-07,22,0,273,0.0,0.0,0.0,-0.0,0.0
2019-03-07,22,0,274,746.4,746.4,0.0,-746400.0,0.0
2019-03-07,22,0,275,1039.0,1039.0,0.0,-1039000.0,0.0
2019-03-07,22,0,276,0.0,0.0,0.0,-0.0,0.0
2019-03-07,22,0,277,0.0,0.0,0.0,-0.0,0.0
2019-03-07,22,0,278,0.0,0.0,0.0,-0.0,0.0
2019-03-07,22,0,279,264.61,264.61,0.0,-75982.607203,0.0
2019-03-07,22,0,281,7.75,7.75,0.0,88.022929,0.0
2019-03-07,22,0,282,0.0,0.0,0.0,0.0,0.0
2019-03-07,23,0,9,0.0,0.0,0.0,0.0,0.0
2019-03-07,23,0,17,0.0,0.0,0.0,0.0,0.0
2019-03-07,23,0,19,146.31,146.31,0.0,845.706272,0.0
2019-03-07,23,0,20,177.45,177.45,0.0,1025.702808,0.0
2019-03-07,23,0,21,0.0,0.0,0.0,0.0,0.0
2019-03-07,23,0,22,0.0,0.0,0.0,0.0,0.0
2019-03-07,23,0,23,108.8,108.8,0.0,986.725341,0.0
2019-03-07,23,0,24,192.5,192.5,0.0,1745.814596,0.0
2019-03-07,23,0,29,0.0,0.0,0.0,0.0,0.0
2019-03-07,23,0,30,0.0,0.0,0.0,0.0,0.0
2019-03-07,23,0,31,17.64,17.64,0.0,160.348012,0.0
2019-03-07,23,0,32,0.0,0.0,0.0,0.0,0.0
2019-03-07,23,0,33,0.0,0.0,0.0,0.0,0.0
2019-03-07,23,0,34,0.0,0.0,0.0,0.0,0.0
2019-03-07,23,0,35,0.0,0.0,0.0,0.0,0.0
2019-03-07,23,0,36,0.0,0.0,0.0,0.0,0.0
2019-03-07,23,0,37,0.0,0.0,0.0,0.0,0.0
2019-03-07,23,0,38,0.0,0.0,0.0,0.0,0.0
2019-03-07,23,0,39,0.0,0.0,0.0,0.0,0.0
2019-03-07,23,0,40,0.0,0.0,0.0,0.0,0.0
2019-03-07,23,0,41,116.0,116.0,0.0,926.005981,0.0
2019-03-07,23,0,42,0.0,0.0,0.0,0.0,0.0
2019-03-07,23,0,43,0.0,0.0,0.0,0.0,0.0
2019-03-07,23,0,46,0.0,0.0,0.0,0.0,0.0
2019-03-07,23,0,52,18.7,18.7,0.0,169.983437,0.0
2019-03-07,23,0,53,29.7,29.7,0.0,269.973694,0.0
2019-03-07,23,0,55,322.45,322.45,0.0,2924.352813,0.0
2019-03-07,23,0,56,0.0,0.0,0.0,0.0,0.0
2019-03-07,23,0,57,0.0,0.0,0.0,0.0,0.0
2019-03-07,23,0,58,0.0,0.0,0.0,0.0,0.0
2019-03-07,23,0,59,0.0,0.0,0.0,0.0,0.0
2019-03-07,23,0,63,170.0,170.0,0.0,13876.183476,0.0
2019-03-07,23,0,64,200.0,200.0,0.0,16324.921737,0.0
2019-03-07,23,0,65,6.16,6.16,0.0,35.749844,0.0
2019-03-07,23,0,67,0.0,0.0,0.0,-0.0,0.0
2019-03-07,23,0,68,10.2,10.2,0.0,-4381.345213,0.0
2019-03-07,23,0,69,0.0,0.0,0.0,0.0,0.0
2019-03-07,23,0,74,9.11,9.11,0.0,58.899574,0.0
2019-03-07,23,0,77,200.0,200.0,0.0,-62553.265439,0.0
2019-03-07,23,0,78,151.2,151.2,0.0,-47290.268672,0.0
2019-03-07,23,0,79,87.5,87.5,0.0,-27367.05363,0.0
2019-03-07,23,0,80,141.5,141.5,0.0,-44256.435298,0.0
2019-03-07,23,0,81,185.0,185.0,0.0,-57861.770531,0.0
2019-03-07,23,0,82,130.5,130.5,0.0,-40816.005699,0.0
2019-03-07,23,0,83,291.0,291.0,0.0,-91015.001214,0.0
2019-03-07,23,0,84,0.0,0.0,0.0,-0.0,0.0
2019-03-07,23,0,86,0.0,0.0,0.0,0.0,0.0
2019-03-07,23,0,87,0.0,0.0,0.0,0.0,0.0
2019-03-07,23,0,88,170.6,170.6,0.0,-53357.935419,0.0
2019-03-07,23,0,89,164.0,164.0,0.0,-51293.67766,0.0
2019-03-07,23,0,90,220.2,220.2,0.0,-68871.145248,0.0
2019-03-07,23,0,91,785.5,785.5,0.0,-245677.950012,0.0
2019-03-07,23,0,92,282.5,282.5,0.0,-88356.487433,0.0
2019-03-07,23,0,95,120.0,120.0,0.0,1254.904056,0.0
2019-03-07,23,0,96,29.88,29.88,0.0,272.2612,0.0
2019-03-07,23,0,97,183.75,183.75,0.0,1674.29704,0.0
2019-03-07,23,0,99,1.76,1.76,0.0,11.379061,0.0
2019-03-07,23,0,101,0.0,0.0,0.0,0.0,0.0
2019-03-07,23,0,102,24.15,24.15,0.0,-10373.479106,0.0
2019-03-07,23,0,103,21.0,21.0,0.0,-9020.416614,0.0
2019-03-07,23,0,104,3.9,3.9,0.0,-1675.220228,0.0
2019-03-07,23,0,106,0.0,0.0,0.0,0.0,0.0
2019-03-07,23,0,109,200.0,200.0,0.0,1453.098242,0.0
2019-03-07,23,0,110,78.24,78.24,0.0,-78240.0,0.0
2019-03-07,23,0,111,0.0,0.0,0.0,0.0,0.0
2019-03-07,23,0,113,150.0,150.0,0.0,-42560.197077,0.0
2019-03-07,23,0,115,150.0,150.0,0.0,-42560.197077,0.0
2019-03-07,23,0,116,0.0,0.0,0.0,-0.0,0.0
2019-03-07,23,0,117,10.0,10.0,0.0,-2837.346472,0.0
2019-03-07,23,0,119,200.0,200.0,0.0,16324.921737,0.0
2019-03-07,23,0,120,117.6,117.6,0.0,9599.053981,0.0
2019-03-07,23,0,123,0.0,0.0,0.0,0.0,0.0
2019-03-07,23,0,125,174.2,174.2,0.0,1579.848845,0.0
2019-03-07,23,0,126,0.0,0.0,0.0,0.0,0.0
2019-03-07,23,0,127,0.0,0.0,0.0,0.0,0.0
2019-03-07,23,0,128,249.5,249.5,0.0,2262.7571,0.0
2019-03-07,23,0,131,30.0,30.0,0.0,-11761.203132,0.0
2019-03-07,23,0,132,44.1,44.1,0.0,-17288.968604,0.0
2019-03-07,23,0,133,22.92,22.92,0.0,132.432663,0.0
2019-03-07,23,0,134,0.0,0.0,0.0,0.0,0.0
2019-03-07,23,0,135,30.72,30.72,0.0,177.50137,0.0
2019-03-07,23,0,136,10.56,10.56,0.0,61.298961,0.0
2019-03-07,23,0,139,149.8,149.8,0.0,1195.824965,0.0
2019-03-07,23,0,140,57.91,57.91,0.0,-57910.0,0.0
2019-03-07,23,0,141,230.0,230.0,0.0,-131093.091883,0.0
2019-03-07,23,0,142,0.0,0.0,0.0,-0.0,0.0
2019-03-07,23,0,143,21.12,21.12,0.0,191.981294,0.0
2019-03-07,23,0,145,30.0,30.0,0.0,252.383556,0.0
2019-03-07,23,0,146,32.76,32.76,0.0,-32760.0,0.0
2019-03-07,23,0,152,0.0,0.0,0.0,0.0,0.0
2019-03-07,23,0,153,0.0,0.0,0.0,0.0,0.0
2019-03-07,23,0,154,0.0,0.0,0.0,0.0,0.0
2019-03-07,23,0,157,165.59,165.59,0.0,-94381.326456,0.0
2019-03-07,23,0,158,0.0,0.0,0.0,-0.0,0.0
2019-03-07,23,0,159,0.0,0.0,0.0,0.0,0.0
2019-03-07,23,0,160,0.0,0.0,0.0,0.0,0.0
2019-03-07,23,0,161,0.0,0.0,0.0,-0.0,0.0
2019-03-07,23,0,162,48.75,48.75,0.0,548.539084,0.0
2019-03-07,23,0,163,185.4,185.4,0.0,-185400.0,0.0
2019-03-07,23,0,164,0.0,0.0,0.0,0.0,0.0
2019-03-07,23,0,167,0.0,0.0,0.0,0.0,0.0
2019-03-07,23,0,168,0.0,0.0,0.0,0.0,0.0
2019-03-07,23,0,169,0.0,0.0,0.0,0.0,0.0
2019-03-07,23,0,170,0.0,0.0,0.0,0.0,0.0
2019-03-07,23,0,172,0.0,0.0,0.0,0.0,0.0
2019-03-07,23,0,173,0.0,0.0,0.0,0.0,0.0
2019-03-07,23,0,188,0.0,0.0,0.0,-0.0,0.0
2019-03-07,23,0,190,0.0,0.0,0.0,0.0,0.0
2019-03-07,23,0,191,0.0,0.0,0.0,0.0,0.0
2019-03-07,23,0,192,215.51,215.51,0.0,6988.462834,0.0
2019-03-07,23,0,194,176.5,176.5,0.0,-26849.238669,0.0
2019-03-07,23,0,196,0.0,0.0,0.0,0.0,0.0
2019-03-07,23,0,198,0.0,0.0,0.0,0.0,0.0
2019-03-07,23,0,199,95.85,95.85,0.0,-3966.170979,0.0
2019-03-07,23,0,200,0.0,0.0,0.0,-0.0,0.0
2019-03-07,23,0,204,857.0,857.0,0.0,6297.008816,0.0
2019-03-07,23,0,205,1058.0,1058.0,0.0,7686.889699,0.0
2019-03-07,23,0,206,539.94,539.94,0.0,4919.836429,0.0
2019-03-07,23,0,210,0.0,0.0,0.0,0.0,0.0
2019-03-07,23,0,214,0.0,0.0,0.0,0.0,0.0
2019-03-07,23,0,217,0.0,0.0,0.0,0.0,0.0
2019-03-07,23,0,218,0.0,0.0,0.0,0.0,0.0
2019-03-07,23,0,219,0.0,0.0,0.0,0.0,0.0
2019-03-07,23,0,221,0.0,0.0,0.0,0.0,0.0
2019-03-07,23,0,225,0.0,0.0,0.0,0.0,0.0
2019-03-07,23,0,233,0.0,0.0,0.0,0.0,0.0
2019-03-07,23,0,236,19.48,19.48,0.0,118.794851,0.0
2019-03-07,23,0,237,21.84,21.84,0.0,141.203808,0.0
2019-03-07,23,0,238,0.0,0.0,0.0,0.0,0.0
2019-03-07,23,0,240,0.0,0.0,0.0,0.0,0.0
2019-03-07,23,0,245,37.69,37.69,0.0,214.6263,0.0
2019-03-07,23,0,247,15.91,15.91,0.0,90.599746,0.0
2019-03-07,23,0,248,2.19,2.19,0.0,14.159173,0.0
2019-03-07,23,0,249,72.48,72.48,0.0,412.738504,0.0
2019-03-07,23,0,251,65.77,65.77,0.0,384.216388,0.0
2019-03-07,23,0,252,39.72,39.72,0.0,230.516854,0.0
2019-03-07,23,0,254,0.0,0.0,0.0,0.0,0.0
2019-03-07,23,0,255,0.0,0.0,0.0,0.0,0.0
2019-03-07,23,0,258,0.0,0.0,0.0,0.0,0.0
2019-03-07,23,0,260,0.0,0.0,0.0,0.0,0.0
2019-03-07,23,0,265,0.0,0.0,0.0,0.0,0.0
2019-03-07,23,0,266,97.0,97.0,0.0,774.332588,0.0
2019-03-07,23,0,267,119.2,119.2,0.0,951.550974,0.0
2019-03-07,23,0,270,579.0,579.0,0.0,-579000.0,0.0
2019-03-07,23,0,272,501.3,501.3,0.0,-142236.178631,0.0
2019-03-07,23,0,273,0.0,0.0,0.0,-0.0,0.0
2019-03-07,23,0,274,746.4,746.4,0.0,-746400.0,0.0
2019-03-07,23,0,275,1039.0,1039.0,0.0,-1039000.0,0.0
2019-03-07,23,0,276,0.0,0.0,0.0,-0.0,0.0
2019-03-07,23,0,277,0.0,0.0,0.0,-0.0,0.0
2019-03-07,23,0,278,0.0,0.0,0.0,-0.0,0.0
2019-03-07,23,0,279,264.6,264.6,0.0,-78155.938227,0.0
2019-03-07,23,0,281,7.92,7.92,0.0,71.992985,0.0
2019-03-07,23,0,282,0.0,0.0,0.0,0.0,0.0
2019-03-08,0,0,9,0.0,0.0,0.0,0.0,0.0
2019-03-08,0,0,17,0.0,0.0,0.0,0.0,0.0
2019-03-08,0,0,19,132.09,132.09,0.0,1573.646036,0.0
2019-03-08,0,0,20,160.2,160.2,0.0,1908.532781,0.0
2019-03-08,0,0,21,0.0,0.0,0.0,0.0,0.0
2019-03-08,0,0,22,0.0,0.0,0.0,0.0,0.0
2019-03-08,0,0,23,108.8,108.8,0.0,1229.684021,0.0
2019-03-08,0,0,24,192.5,192.5,0.0,2175.681747,0.0
2019-03-08,0,0,29,0.0,0.0,0.0,0.0,0.0
2019-03-08,0,0,30,0.0,0.0,0.0,0.0,0.0
2019-03-08,0,0,31,18.12,18.12,0.0,205.803288,0.0
2019-03-08,0,0,32,0.0,0.0,0.0,0.0,0.0
2019-03-08,0,0,33,0.0,0.0,0.0,0.0,0.0
2019-03-08,0,0,34,0.0,0.0,0.0,0.0,0.0
2019-03-08,0,0,35,0.0,0.0,0.0,0.0,0.0
2019-03-08,0,0,36,0.0,0.0,0.0,0.0,0.0
2019-03-08,0,0,37,0.0,0.0,0.0,0.0,0.0
2019-03-08,0,0,38,0.0,0.0,0.0,0.0,0.0
2019-03-08,0,0,39,0.0,0.0,0.0,0.0,0.0
2019-03-08,0,0,40,0.0,0.0,0.0,0.0,0.0
2019-03-08,0,0,41,116.0,116.0,0.0,1005.96251,0.0
2019-03-08,0,0,42,0.0,0.0,0.0,0.0,0.0
2019-03-08,0,0,43,0.0,0.0,0.0,0.0,0.0
2019-03-08,0,0,46,0.0,0.0,0.0,0.0,0.0
2019-03-08,0,0,52,19.21,19.21,0.0,218.183287,0.0
2019-03-08,0,0,53,30.51,30.51,0.0,346.526397,0.0
2019-03-08,0,0,55,315.9,315.9,0.0,3570.378514,0.0
2019-03-08,0,0,56,0.0,0.0,0.0,0.0,0.0
2019-03-08,0,0,57,0.0,0.0,0.0,0.0,0.0
2019-03-08,0,0,58,0.0,0.0,0.0,0.0,0.0
2019-03-08,0,0,59,0.0,0.0,0.0,0.0,0.0
2019-03-08,0,0,63,170.0,170.0,0.0,15351.530203,0.0
2019-03-08,0,0,64,200.0,200.0,0.0,18060.623768,0.0
2019-03-08,0,0,65,6.63,6.63,0.0,79.714751,0.0
2019-03-08,0,0,67,0.0,0.0,0.0,-0.0,0.0
2019-03-08,0,0,68,10.2,10.2,0.0,-4350.917863,0.0
2019-03-08,0,0,69,0.0,0.0,0.0,0.0,0.0
2019-03-08,0,0,74,6.51,6.51,0.0,62.280721,0.0
2019-03-08,0,0,77,200.0,200.0,0.0,-61879.939638,0.0
2019-03-08,0,0,78,151.2,151.2,0.0,-46781.234366,0.0
2019-03-08,0,0,79,87.5,87.5,0.0,-27072.473591,0.0
2019-03-08,0,0,80,141.5,141.5,0.0,-43780.057294,0.0
2019-03-08,0,0,81,185.0,185.0,0.0,-57238.944165,0.0
2019-03-08,0,0,82,130.5,130.5,0.0,-40376.660614,0.0
2019-03-08,0,0,83,291.0,291.0,0.0,-90035.312173,0.0
2019-03-08,0,0,84,0.0,0.0,0.0,-0.0,0.0
2019-03-08,0,0,86,0.0,0.0,0.0,0.0,0.0
2019-03-08,0,0,87,0.0,0.0,0.0,0.0,0.0
2019-03-08,0,0,88,170.6,170.6,0.0,-52783.588511,0.0
2019-03-08,0,0,89,164.0,164.0,0.0,-50741.550503,0.0
2019-03-08,0,0,90,220.2,220.2,0.0,-68129.813541,0.0
2019-03-08,0,0,91,785.5,785.5,0.0,-243033.462927,0.0
2019-03-08,0,0,92,282.5,282.5,0.0,-87405.414738,0.0
2019-03-08,0,0,95,67.44,67.44,0.0,1311.42339,0.0
2019-03-08,0,0,96,29.88,29.88,0.0,341.105816,0.0
2019-03-08,0,0,97,183.75,183.75,0.0,2097.663775,0.0
2019-03-08,0,0,99,1.26,1.26,0.0,12.054333,0.0
2019-03-08,0,0,101,0.0,0.0,0.0,0.0,0.0
2019-03-08,0,0,102,24.15,24.15,0.0,-10301.437881,0.0
2019-03-08,0,0,103,21.0,21.0,0.0,-8957.77207,0.0
2019-03-08,0,0,104,3.9,3.9,0.0,-1663.586242,0.0
2019-03-08,0,0,106,0.0,0.0,0.0,0.0,0.0
2019-03-08,0,0,109,200.0,200.0,0.0,1230.138513,0.0
2019-03-08,0,0,110,66.34,66.34,0.0,-66340.0,0.0
2019-03-08,0,0,111,0.0,0.0,0.0,0.0,0.0
2019-03-08,0,0,113,150.0,150.0,0.0,-41920.551278,0.0
2019-03-08,0,0,115,150.0,150.0,0.0,-41920.551278,0.0
2019-03-08,0,0,116,0.0,0.0,0.0,-0.0,0.0
2019-03-08,0,0,117,10.0,10.0,0.0,-2794.703419,0.0
2019-03-08,0,0,119,200.0,200.0,0.0,18060.623768,0.0
2019-03-08,0,0,120,117.6,117.6,0.0,10619.646776,0.0
2019-03-08,0,0,123,0.0,0.0,0.0,0.0,0.0
2019-03-08,0,0,125,174.2,174.2,0.0,1968.850703,0.0
2019-03-08,0,0,126,0.0,0.0,0.0,0.0,0.0
2019-03-08,0,0,127,0.0,0.0,0.0,0.0,0.0
2019-03-08,0,0,128,249.5,249.5,0.0,2819.909589,0.0
2019-03-08,0,0,131,30.0,30.0,0.0,-11665.827435,0.0
2019-03-08,0,0,132,44.1,44.1,0.0,-17148.76633,0.0
2019-03-08,0,0,133,21.23,21.23,0.0,252.702464,0.0
2019-03-08,0,0,134,0.0,0.0,0.0,0.0,0.0
2019-03-08,0,0,135,28.45,28.45,0.0,338.642727,0.0
2019-03-08,0,0,136,10.47,10.47,0.0,125.947551,0.0
2019-03-08,0,0,139,149.8,149.8,0.0,1299.079172,0.0
2019-03-08,0,0,140,49.1,49.1,0.0,-49100.0,0.0
2019-03-08,0,0,141,230.0,230.0,0.0,-130575.880396,0.0
2019-03-08,0,0,142,0.0,0.0,0.0,-0.0,0.0
2019-03-08,0,0,143,55.01,55.01,0.0,624.792432,0.0
2019-03-08,0,0,145,30.0,30.0,0.0,284.457219,0.0
2019-03-08,0,0,146,26.93,26.93,0.0,-26930.0,0.0
2019-03-08,0,0,152,0.0,0.0,0.0,0.0,0.0
2019-03-08,0,0,153,0.0,0.0,0.0,0.0,0.0
2019-03-08,0,0,154,0.0,0.0,0.0,0.0,0.0
2019-03-08,0,0,157,167.49,167.49,0.0,-95087.626989,0.0
2019-03-08,0,0,158,0.0,0.0,0.0,-0.0,0.0
2019-03-08,0,0,159,0.0,0.0,0.0,0.0,0.0
2019-03-08,0,0,160,0.0,0.0,0.0,0.0,0.0
2019-03-08,0,0,161,0.0,0.0,0.0,-0.0,0.0
2019-03-08,0,0,162,48.75,48.75,0.0,986.108229,0.0
2019-03-08,0,0,163,185.4,185.4,0.0,-185400.0,0.0
2019-03-08,0,0,164,0.0,0.0,0.0,0.0,0.0
2019-03-08,0,0,167,0.0,0.0,0.0,0.0,0.0
2019-03-08,0,0,168,0.0,0.0,0.0,0.0,0.0
2019-03-08,0,0,169,0.0,0.0,0.0,0.0,0.0
2019-03-08,0,0,170,0.0,0.0,0.0,0.0,0.0
2019-03-08,0,0,172,0.0,0.0,0.0,0.0,0.0
2019-03-08,0,0,173,0.0,0.0,0.0,0.0,0.0
2019-03-08,0,0,188,0.0,0.0,0.0,0.0,0.0
2019-03-08,0,0,190,0.0,0.0,0.0,0.0,0.0
2019-03-08,0,0,191,0.0,0.0,0.0,0.0,0.0
2019-03-08,0,0,192,311.0,311.0,0.0,10084.970264,0.0
2019-03-08,0,0,194,176.5,176.5,0.0,-25852.287381,0.0
2019-03-08,0,0,196,0.0,0.0,0.0,0.0,0.0
2019-03-08,0,0,198,0.0,0.0,0.0,0.0,0.0
2019-03-08,0,0,199,39.0,39.0,0.0,-1607.272422,0.0
2019-03-08,0,0,200,0.0,0.0,0.0,-0.0,0.0
2019-03-08,0,0,204,857.0,857.0,0.0,5580.636867,0.0
2019-03-08,0,0,205,1058.0,1058.0,0.0,6507.432731,0.0
2019-03-08,0,0,206,539.94,539.94,0.0,6163.877981,0.0
2019-03-08,0,0,210,0.0,0.0,0.0,0.0,0.0
2019-03-08,0,0,214,0.0,0.0,0.0,0.0,0.0
2019-03-08,0,0,217,0.0,0.0,0.0,0.0,0.0
2019-03-08,0,0,218,0.0,0.0,0.0,0.0,0.0
2019-03-08,0,0,219,0.0,0.0,0.0,0.0,0.0
2019-03-08,0,0,221,0.0,0.0,0.0,0.0,0.0
2019-03-08,0,0,225,0.0,0.0,0.0,0.0,0.0
2019-03-08,0,0,233,0.0,0.0,0.0,0.0,0.0
2019-03-08,0,0,236,13.78,13.78,0.0,196.673898,0.0
2019-03-08,0,0,237,15.61,15.61,0.0,149.339794,0.0
2019-03-08,0,0,238,0.0,0.0,0.0,0.0,0.0
2019-03-08,0,0,240,0.0,0.0,0.0,0.0,0.0
2019-03-08,0,0,245,22.69,22.69,0.0,261.145848,0.0
2019-03-08,0,0,247,16.19,16.19,0.0,186.335446,0.0
2019-03-08,0,0,248,1.57,1.57,0.0,15.020082,0.0
2019-03-08,0,0,249,42.51,42.51,0.0,489.260026,0.0
2019-03-08,0,0,251,76.04,76.04,0.0,927.9757,0.0
2019-03-08,0,0,252,42.76,42.76,0.0,514.118064,0.0
2019-03-08,0,0,254,0.0,0.0,0.0,0.0,0.0
2019-03-08,0,0,255,0.0,0.0,0.0,0.0,0.0
2019-03-08,0,0,258,0.0,0.0,0.0,0.0,0.0
2019-03-08,0,0,260,0.0,0.0,0.0,0.0,0.0
2019-03-08,0,0,265,0.0,0.0,0.0,0.0,0.0
2019-03-08,0,0,266,97.0,97.0,0.0,841.192788,0.0
2019-03-08,0,0,267,119.2,119.2,0.0,1033.7132,0.0
2019-03-08,0,0,270,579.0,579.0,0.0,-579000.0,0.0
2019-03-08,0,0,272,501.3,501.3,0.0,-140098.48237,0.0
2019-03-08,0,0,273,0.0,0.0,0.0,-0.0,0.0
2019-03-08,0,0,274,746.4,746.4,0.0,-746400.0,0.0
2019-03-08,0,0,275,1039.0,1039.0,0.0,-1039000.0,0.0
2019-03-08,0,0,276,0.0,0.0,0.0,-0.0,0.0
2019-03-08,0,0,277,0.0,0.0,0.0,-0.0,0.0
2019-03-08,0,0,278,0.0,0.0,0.0,-0.0,0.0
2019-03-08,0,0,279,264.6,264.6,0.0,-77122.830705,0.0
2019-03-08,0,0,281,8.13,8.13,0.0,92.338892,0.0
2019-03-08,0,0,282,0.0,0.0,0.0,0.0,0.0
2019-03-08,1,0,9,0.0,0.0,0.0,0.0,0.0
2019-03-08,1,0,17,0.0,0.0,0.0,0.0,0.0
2019-03-08,1,0,19,118.14,118.14,0.0,775.972124,0.0
2019-03-08,1,0,20,143.28,143.28,0.0,941.09773,0.0
2019-03-08,1,0,21,0.0,0.0,0.0,0.0,0.0
2019-03-08,1,0,22,0.0,0.0,0.0,0.0,0.0
2019-03-08,1,0,23,108.8,108.8,0.0,1117.244951,0.0
2019-03-08,1,0,24,192.5,192.5,0.0,1976.743135,0.0
2019-03-08,1,0,29,0.0,0.0,0.0,0.0,0.0
2019-03-08,1,0,30,0.0,0.0,0.0,0.0,0.0
2019-03-08,1,0,31,41.85,41.85,0.0,430.812407,0.0
2019-03-08,1,0,32,0.0,0.0,0.0,0.0,0.0
2019-03-08,1,0,33,0.0,0.0,0.0,0.0,0.0
2019-03-08,1,0,34,0.0,0.0,0.0,0.0,0.0
2019-03-08,1,0,35,0.0,0.0,0.0,0.0,0.0
2019-03-08,1,0,36,0.0,0.0,0.0,0.0,0.0
2019-03-08,1,0,37,0.0,0.0,0.0,0.0,0.0
2019-03-08,1,0,38,0.0,0.0,0.0,0.0,0.0
2019-03-08,1,0,39,0.0,0.0,0.0,0.0,0.0
2019-03-08,1,0,40,0.0,0.0,0.0,0.0,0.0
2019-03-08,1,0,41,116.0,116.0,0.0,1038.66299,0.0
2019-03-08,1,0,42,0.0,0.0,0.0,0.0,0.0
2019-03-08,1,0,43,0.0,0.0,0.0,0.0,0.0
2019-03-08,1,0,46,0.0,0.0,0.0,0.0,0.0
2019-03-08,1,0,52,44.55,44.55,0.0,458.606755,0.0
2019-03-08,1,0,53,72.83,72.83,0.0,749.726824,0.0
2019-03-08,1,0,55,259.13,259.13,0.0,2660.95298,0.0
2019-03-08,1,0,56,0.0,0.0,0.0,0.0,0.0
2019-03-08,1,0,57,0.0,0.0,0.0,0.0,0.0
2019-03-08,1,0,58,0.0,0.0,0.0,0.0,0.0
2019-03-08,1,0,59,0.0,0.0,0.0,0.0,0.0
2019-03-08,1,0,63,170.0,170.0,0.0,16326.589711,0.0
2019-03-08,1,0,64,200.0,200.0,0.0,19207.752601,0.0
2019-03-08,1,0,65,7.16,7.16,0.0,47.243117,0.0
2019-03-08,1,0,67,0.0,0.0,0.0,-0.0,0.0
2019-03-08,1,0,68,10.2,10.2,0.0,-4311.638838,0.0
2019-03-08,1,0,69,0.0,0.0,0.0,0.0,0.0
2019-03-08,1,0,74,4.46,4.46,0.0,32.409295,0.0
2019-03-08,1,0,77,200.0,200.0,0.0,-60912.255777,0.0
2019-03-08,1,0,78,151.2,151.2,0.0,-46049.665367,0.0
2019-03-08,1,0,79,87.5,87.5,0.0,-26649.111902,0.0
2019-03-08,1,0,80,141.5,141.5,0.0,-43095.420962,0.0
2019-03-08,1,0,81,185.0,185.0,0.0,-56343.836594,0.0
2019-03-08,1,0,82,130.5,130.5,0.0,-39745.246894,0.0
2019-03-08,1,0,83,291.0,291.0,0.0,-88627.332155,0.0
2019-03-08,1,0,84,0.0,0.0,0.0,-0.0,0.0
2019-03-08,1,0,86,0.0,0.0,0.0,0.0,0.0
2019-03-08,1,0,87,0.0,0.0,0.0,0.0,0.0
2019-03-08,1,0,88,170.6,170.6,0.0,-51958.154178,0.0
2019-03-08,1,0,89,164.0,164.0,0.0,-49948.049737,0.0
2019-03-08,1,0,90,220.2,220.2,0.0,-67064.39361,0.0
2019-03-08,1,0,91,785.5,785.5,0.0,-239232.884564,0.0
2019-03-08,1,0,92,282.5,282.5,0.0,-86038.561285,0.0
2019-03-08,1,0,95,88.63,88.63,0.0,2194.621602,0.0
2019-03-08,1,0,96,29.88,29.88,0.0,308.384215,0.0
2019-03-08,1,0,97,183.75,183.75,0.0,1896.439076,0.0
2019-03-08,1,0,99,0.86,0.86,0.0,6.249326,0.0
2019-03-08,1,0,101,0.0,0.0,0.0,0.0,0.0
2019-03-08,1,0,102,24.15,24.15,0.0,-10208.439013,0.0
2019-03-08,1,0,103,21.0,21.0,0.0,-8876.903489,0.0
2019-03-08,1,0,104,3.9,3.9,0.0,-1648.567791,0.0
2019-03-08,1,0,106,0.0,0.0,0.0,0.0,0.0
2019-03-08,1,0,109,200.0,200.0,0.0,1612.040466,0.0
2019-03-08,1,0,110,68.62,68.62,0.0,-68620.0,0.0
2019-03-08,1,0,111,0.0,0.0,0.0,0.0,0.0
2019-03-08,1,0,113,84.36,84.36,0.0,-23206.612725,0.0
2019-03-08,1,0,115,84.36,84.36,0.0,-23206.612725,0.0
2019-03-08,1,0,116,0.0,0.0,0.0,-0.0,0.0
2019-03-08,1,0,117,5.76,5.76,0.0,-1584.519788,0.0
2019-03-08,1,0,119,200.0,200.0,0.0,19207.752601,0.0
2019-03-08,1,0,120,117.6,117.6,0.0,11294.15853,0.0
2019-03-08,1,0,123,0.0,0.0,0.0,0.0,0.0
2019-03-08,1,0,125,174.2,174.2,0.0,1788.824177,0.0
2019-03-08,1,0,126,0.0,0.0,0.0,0.0,0.0
2019-03-08,1,0,127,0.0,0.0,0.0,0.0,0.0
2019-03-08,1,0,128,249.5,249.5,0.0,2562.064479,0.0
2019-03-08,1,0,131,30.0,30.0,0.0,-11542.705823,0.0
2019-03-08,1,0,132,44.1,44.1,0.0,-16967.77756,0.0
2019-03-08,1,0,133,19.87,19.87,0.0,130.454887,0.0
2019-03-08,1,0,134,0.0,0.0,0.0,0.0,0.0
2019-03-08,1,0,135,26.62,26.62,0.0,174.771469,0.0
2019-03-08,1,0,136,10.38,10.38,0.0,68.506395,0.0
2019-03-08,1,0,139,149.8,149.8,0.0,1341.307896,0.0
2019-03-08,1,0,140,50.79,50.79,0.0,-50790.0,0.0
2019-03-08,1,0,141,230.0,230.0,0.0,-129908.205984,0.0
2019-03-08,1,0,142,0.0,0.0,0.0,-0.0,0.0
2019-03-08,1,0,143,75.27,75.27,0.0,774.84468,0.0
2019-03-08,1,0,145,30.0,30.0,0.0,284.00505,0.0
2019-03-08,1,0,146,33.02,33.02,0.0,-33020.0,0.0
2019-03-08,1,0,152,0.0,0.0,0.0,0.0,0.0
2019-03-08,1,0,153,0.0,0.0,0.0,0.0,0.0
2019-03-08,1,0,154,0.0,0.0,0.0,0.0,0.0
2019-03-08,1,0,157,168.87,168.87,0.0,-95380.864106,0.0
2019-03-08,1,0,158,0.0,0.0,0.0,-0.0,0.0
2019-03-08,1,0,159,0.0,0.0,0.0,0.0,0.0
2019-03-08,1,0,160,0.0,0.0,0.0,0.0,0.0
2019-03-08,1,0,161,0.0,0.0,0.0,-0.0,0.0
2019-03-08,1,0,162,48.75,48.75,0.0,1245.402992,0.0
2019-03-08,1,0,163,185.4,185.4,0.0,-185400.0,0.0
2019-03-08,1,0,164,0.0,0.0,0.0,0.0,0.0
2019-03-08,1,0,167,0.0,0.0,0.0,0.0,0.0
2019-03-08,1,0,168,0.0,0.0,0.0,0.0,0.0
2019-03-08,1,0,169,0.0,0.0,0.0,0.0,0.0
2019-03-08,1,0,170,0.0,0.0,0.0,0.0,0.0
2019-03-08,1,0,172,0.0,0.0,0.0,0.0,0.0
2019-03-08,1,0,173,0.0,0.0,0.0,0.0,0.0
2019-03-08,1,0,188,0.0,0.0,0.0,0.0,0.0
2019-03-08,1,0,190,0.0,0.0,0.0,0.0,0.0
2019-03-08,1,0,191,0.0,0.0,0.0,0.0,0.0
2019-03-08,1,0,192,332.6,332.6,0.0,10785.405497,0.0
2019-03-08,1,0,194,176.5,176.5,0.0,-25030.132467,0.0
2019-03-08,1,0,196,0.0,0.0,0.0,0.0,0.0
2019-03-08,1,0,198,0.0,0.0,0.0,0.0,0.0
2019-03-08,1,0,199,95.96,95.96,0.0,-3688.245328,0.0
2019-03-08,1,0,200,0.0,0.0,0.0,-0.0,0.0
2019-03-08,1,0,204,857.0,857.0,0.0,6997.432341,0.0
2019-03-08,1,0,205,1058.0,1058.0,0.0,8527.694063,0.0
2019-03-08,1,0,206,539.94,539.94,0.0,5572.589466,0.0
2019-03-08,1,0,210,0.0,0.0,0.0,0.0,0.0
2019-03-08,1,0,214,0.0,0.0,0.0,0.0,0.0
2019-03-08,1,0,217,0.0,0.0,0.0,0.0,0.0
2019-03-08,1,0,218,0.0,0.0,0.0,0.0,0.0
2019-03-08,1,0,219,0.0,0.0,0.0,0.0,0.0
2019-03-08,1,0,221,0.0,0.0,0.0,0.0,0.0
2019-03-08,1,0,225,0.0,0.0,0.0,0.0,0.0
2019-03-08,1,0,233,0.0,0.0,0.0,0.0,0.0
2019-03-08,1,0,236,9.42,9.42,0.0,65.987846,0.0
2019-03-08,1,0,237,10.71,10.71,0.0,77.825909,0.0
2019-03-08,1,0,238,0.0,0.0,0.0,0.0,0.0
2019-03-08,1,0,240,0.0,0.0,0.0,0.0,0.0
2019-03-08,1,0,245,10.44,10.44,0.0,67.42231,0.0
2019-03-08,1,0,247,17.22,17.22,0.0,111.208063,0.0
2019-03-08,1,0,248,1.08,1.08,0.0,7.847991,0.0
2019-03-08,1,0,249,20.07,20.07,0.0,129.613579,0.0
2019-03-08,1,0,251,87.91,87.91,0.0,584.371849,0.0
2019-03-08,1,0,252,46.17,46.17,0.0,304.638925,0.0
2019-03-08,1,0,254,0.0,0.0,0.0,0.0,0.0
2019-03-08,1,0,255,0.0,0.0,0.0,0.0,0.0
2019-03-08,1,0,258,0.0,0.0,0.0,0.0,0.0
2019-03-08,1,0,260,0.0,0.0,0.0,0.0,0.0
2019-03-08,1,0,265,0.0,0.0,0.0,0.0,0.0
2019-03-08,1,0,266,97.0,97.0,0.0,868.537156,0.0
2019-03-08,1,0,267,119.2,119.2,0.0,1067.315762,0.0
2019-03-08,1,0,270,579.0,579.0,0.0,-579000.0,0.0
2019-03-08,1,0,272,281.35,281.35,0.0,-77396.639285,0.0
2019-03-08,1,0,273,0.0,0.0,0.0,-0.0,0.0
2019-03-08,1,0,274,746.4,746.4,0.0,-746400.0,0.0
2019-03-08,1,0,275,1039.0,1039.0,0.0,-1039000.0,0.0
2019-03-08,1,0,276,0.0,0.0,0.0,-0.0,0.0
2019-03-08,1,0,277,0.0,0.0,0.0,-0.0,0.0
2019-03-08,1,0,278,0.0,0.0,0.0,-0.0,0.0
2019-03-08,1,0,279,264.6,264.6,0.0,-75915.236482,0.0
2019-03-08,1,0,281,17.28,17.28,0.0,177.883832,0.0
2019-03-08,1,0,282,0.0,0.0,0.0,0.0,0.0
2019-03-08,2,0,9,0.0,0.0,0.0,0.0,0.0
2019-03-08,2,0,17,0.0,0.0,0.0,0.0,0.0
2019-03-08,2,0,19,159.44,159.44,0.0,1145.595328,0.0
2019-03-08,2,0,20,193.37,193.37,0.0,1389.386406,0.0
2019-03-08,2,0,21,0.0,0.0,0.0,0.0,0.0
2019-03-08,2,0,22,0.0,0.0,0.0,0.0,0.0
2019-03-08,2,0,23,108.8,108.8,0.0,1231.969688,0.0
2019-03-08,2,0,24,192.5,192.5,0.0,2179.725781,0.0
2019-03-08,2,0,29,0.0,0.0,0.0,0.0,0.0
2019-03-08,2,0,30,0.0,0.0,0.0,0.0,0.0
2019-03-08,2,0,31,13.69,13.69,0.0,155.488246,0.0
2019-03-08,2,0,32,0.0,0.0,0.0,0.0,0.0
2019-03-08,2,0,33,0.0,0.0,0.0,0.0,0.0
2019-03-08,2,0,34,0.0,0.0,0.0,0.0,0.0
2019-03-08,2,0,35,0.0,0.0,0.0,0.0,0.0
2019-03-08,2,0,36,0.0,0.0,0.0,0.0,0.0
2019-03-08,2,0,37,0.0,0.0,0.0,0.0,0.0
2019-03-08,2,0,38,0.0,0.0,0.0,0.0,0.0
2019-03-08,2,0,39,0.0,0.0,0.0,0.0,0.0
2019-03-08,2,0,40,0.0,0.0,0.0,0.0,0.0
2019-03-08,2,0,41,116.0,116.0,0.0,1109.035729,0.0
2019-03-08,2,0,42,0.0,0.0,0.0,0.0,0.0
2019-03-08,2,0,43,0.0,0.0,0.0,0.0,0.0
2019-03-08,2,0,46,0.0,0.0,0.0,0.0,0.0
2019-03-08,2,0,52,14.51,14.51,0.0,164.80164,0.0
2019-03-08,2,0,53,23.05,23.05,0.0,261.797229,0.0
2019-03-08,2,0,55,277.81,277.81,0.0,3145.712307,0.0
2019-03-08,2,0,56,0.0,0.0,0.0,0.0,0.0
2019-03-08,2,0,57,0.0,0.0,0.0,0.0,0.0
2019-03-08,2,0,58,0.0,0.0,0.0,0.0,0.0
2019-03-08,2,0,59,0.0,0.0,0.0,0.0,0.0
2019-03-08,2,0,63,170.0,170.0,0.0,15905.184738,0.0
2019-03-08,2,0,64,200.0,200.0,0.0,18711.982045,0.0
2019-03-08,2,0,65,8.97,8.97,0.0,64.856788,0.0
2019-03-08,2,0,67,0.0,0.0,0.0,-0.0,0.0
2019-03-08,2,0,68,10.2,10.2,0.0,-4327.354031,0.0
2019-03-08,2,0,69,0.0,0.0,0.0,0.0,0.0
2019-03-08,2,0,74,3.99,3.99,0.0,30.870854,0.0
2019-03-08,2,0,77,200.0,200.0,0.0,-61295.425577,0.0
2019-03-08,2,0,78,151.2,151.2,0.0,-46339.341737,0.0
2019-03-08,2,0,79,87.5,87.5,0.0,-26816.74869,0.0
2019-03-08,2,0,80,141.5,141.5,0.0,-43366.513596,0.0
2019-03-08,2,0,81,185.0,185.0,0.0,-56698.268659,0.0
2019-03-08,2,0,82,130.5,130.5,0.0,-39995.265189,0.0
2019-03-08,2,0,83,291.0,291.0,0.0,-89184.844215,0.0
2019-03-08,2,0,84,0.0,0.0,0.0,-0.0,0.0
2019-03-08,2,0,86,0.0,0.0,0.0,0.0,0.0
2019-03-08,2,0,87,0.0,0.0,0.0,0.0,0.0
2019-03-08,2,0,88,170.6,170.6,0.0,-52284.998018,0.0
2019-03-08,2,0,89,164.0,164.0,0.0,-50262.248973,0.0
2019-03-08,2,0,90,220.2,220.2,0.0,-67486.263561,0.0
2019-03-08,2,0,91,785.5,785.5,0.0,-240737.783955,0.0
2019-03-08,2,0,92,282.5,282.5,0.0,-86579.788628,0.0
2019-03-08,2,0,95,36.0,36.0,0.0,807.470518,0.0
2019-03-08,2,0,96,29.88,29.88,0.0,340.449788,0.0
2019-03-08,2,0,97,183.75,183.75,0.0,2093.629472,0.0
2019-03-08,2,0,99,0.77,0.77,0.0,5.957533,0.0
2019-03-08,2,0,101,0.0,0.0,0.0,0.0,0.0
2019-03-08,2,0,102,24.15,24.15,0.0,-10245.647044,0.0
2019-03-08,2,0,103,21.0,21.0,0.0,-8909.258299,0.0
2019-03-08,2,0,104,3.9,3.9,0.0,-1654.576541,0.0
2019-03-08,2,0,106,0.0,0.0,0.0,0.0,0.0
2019-03-08,2,0,109,195.26,195.26,0.0,1618.150516,0.0
2019-03-08,2,0,110,63.21,63.21,0.0,-63210.0,0.0
2019-03-08,2,0,111,0.0,0.0,0.0,0.0,0.0
2019-03-08,2,0,113,92.76,92.76,0.0,-25684.156292,0.0
2019-03-08,2,0,115,92.76,92.76,0.0,-25684.156292,0.0
2019-03-08,2,0,116,0.0,0.0,0.0,-0.0,0.0
2019-03-08,2,0,117,4.96,4.96,0.0,-1373.365839,0.0
2019-03-08,2,0,119,200.0,200.0,0.0,18711.982045,0.0
2019-03-08,2,0,120,117.6,117.6,0.0,11002.645442,0.0
2019-03-08,2,0,123,0.0,0.0,0.0,0.0,0.0
2019-03-08,2,0,125,174.2,174.2,0.0,1972.510291,0.0
2019-03-08,2,0,126,0.0,0.0,0.0,0.0,0.0
2019-03-08,2,0,127,0.0,0.0,0.0,0.0,0.0
2019-03-08,2,0,128,249.5,249.5,0.0,2825.151077,0.0
2019-03-08,2,0,131,30.0,30.0,0.0,-11591.9657,0.0
2019-03-08,2,0,132,44.1,44.1,0.0,-17040.189579,0.0
2019-03-08,2,0,133,25.87,25.87,0.0,185.768628,0.0
2019-03-08,2,0,134,0.0,0.0,0.0,0.0,0.0
2019-03-08,2,0,135,34.67,34.67,0.0,248.960121,0.0
2019-03-08,2,0,136,13.39,13.39,0.0,96.848498,0.0
2019-03-08,2,0,139,149.8,149.8,0.0,1432.185795,0.0
2019-03-08,2,0,140,46.78,46.78,0.0,-46780.0,0.0
2019-03-08,2,0,141,230.0,230.0,0.0,-130175.336658,0.0
2019-03-08,2,0,142,0.0,0.0,0.0,-0.0,0.0
2019-03-08,2,0,143,33.55,33.55,0.0,381.054101,0.0
2019-03-08,2,0,145,30.0,30.0,0.0,306.779267,0.0
2019-03-08,2,0,146,6.62,6.62,0.0,-6620.0,0.0
2019-03-08,2,0,152,0.0,0.0,0.0,0.0,0.0
2019-03-08,2,0,153,0.0,0.0,0.0,0.0,0.0
2019-03-08,2,0,154,0.0,0.0,0.0,0.0,0.0
2019-03-08,2,0,157,139.59,139.59,0.0,-79005.109757,0.0
2019-03-08,2,0,158,0.0,0.0,0.0,-0.0,0.0
2019-03-08,2,0,159,0.0,0.0,0.0,0.0,0.0
2019-03-08,2,0,160,0.0,0.0,0.0,0.0,0.0
2019-03-08,2,0,161,0.0,0.0,0.0,-0.0,0.0
2019-03-08,2,0,162,48.75,48.75,0.0,1131.689832,0.0
2019-03-08,2,0,163,185.4,185.4,0.0,-185400.0,0.0
2019-03-08,2,0,164,0.0,0.0,0.0,0.0,0.0
2019-03-08,2,0,167,0.0,0.0,0.0,0.0,0.0
2019-03-08,2,0,168,0.0,0.0,0.0,0.0,0.0
2019-03-08,2,0,169,0.0,0.0,0.0,0.0,0.0
2019-03-08,2,0,170,0.0,0.0,0.0,0.0,0.0
2019-03-08,2,0,172,0.0,0.0,0.0,0.0,0.0
2019-03-08,2,0,173,0.0,0.0,0.0,0.0,0.0
2019-03-08,2,0,188,0.0,0.0,0.0,0.0,0.0
2019-03-08,2,0,190,0.0,0.0,0.0,0.0,0.0
2019-03-08,2,0,191,0.0,0.0,0.0,0.0,0.0
2019-03-08,2,0,192,327.52,327.52,0.0,10620.673507,0.0
2019-03-08,2,0,194,176.5,176.5,0.0,-25377.911667,0.0
2019-03-08,2,0,196,0.0,0.0,0.0,0.0,0.0
2019-03-08,2,0,198,0.0,0.0,0.0,0.0,0.0
2019-03-08,2,0,199,39.0,39.0,0.0,-1550.452495,0.0
2019-03-08,2,0,200,0.0,0.0,0.0,-0.0,0.0
2019-03-08,2,0,204,857.0,857.0,0.0,7235.85458,0.0
2019-03-08,2,0,205,958.56,958.56,0.0,7943.738391,0.0
2019-03-08,2,0,206,539.94,539.94,0.0,6152.023387,0.0
2019-03-08,2,0,210,0.0,0.0,0.0,0.0,0.0
2019-03-08,2,0,214,0.0,0.0,0.0,0.0,0.0
2019-03-08,2,0,217,0.0,0.0,0.0,0.0,0.0
2019-03-08,2,0,218,0.0,0.0,0.0,0.0,0.0
2019-03-08,2,0,219,0.0,0.0,0.0,0.0,0.0
2019-03-08,2,0,221,0.0,0.0,0.0,0.0,0.0
2019-03-08,2,0,225,0.0,0.0,0.0,0.0,0.0
2019-03-08,2,0,233,0.0,0.0,0.0,0.0,0.0
2019-03-08,2,0,236,10.25,10.25,0.0,81.212851,0.0
2019-03-08,2,0,237,9.58,9.58,0.0,74.120998,0.0
2019-03-08,2,0,238,0.0,0.0,0.0,0.0,0.0
2019-03-08,2,0,240,0.0,0.0,0.0,0.0,0.0
2019-03-08,2,0,245,12.89,12.89,0.0,90.469307,0.0
2019-03-08,2,0,247,19.47,19.47,0.0,136.651467,0.0
2019-03-08,2,0,248,0.96,0.96,0.0,7.427574,0.0
2019-03-08,2,0,249,24.8,24.8,0.0,174.06042,0.0
2019-03-08,2,0,251,108.0,108.0,0.0,788.915556,0.0
2019-03-08,2,0,252,57.84,57.84,0.0,418.206978,0.0
2019-03-08,2,0,254,0.0,0.0,0.0,0.0,0.0
2019-03-08,2,0,255,0.0,0.0,0.0,0.0,0.0
2019-03-08,2,0,258,0.0,0.0,0.0,0.0,0.0
2019-03-08,2,0,260,0.0,0.0,0.0,0.0,0.0
2019-03-08,2,0,265,0.0,0.0,0.0,0.0,0.0
2019-03-08,2,0,266,97.0,97.0,0.0,927.383325,0.0
2019-03-08,2,0,267,119.2,119.2,0.0,1139.629818,0.0
2019-03-08,2,0,270,579.0,579.0,0.0,-579000.0,0.0
2019-03-08,2,0,272,400.13,400.13,0.0,-110791.305059,0.0
2019-03-08,2,0,273,0.0,0.0,0.0,-0.0,0.0
2019-03-08,2,0,274,746.39,746.39,0.0,-746390.0,0.0
2019-03-08,2,0,275,1038.99,1038.99,0.0,-1038990.0,0.0
2019-03-08,2,0,276,0.0,0.0,0.0,-0.0,0.0
2019-03-08,2,0,277,0.0,0.0,0.0,-0.0,0.0
2019-03-08,2,0,278,0.0,0.0,0.0,-0.0,0.0
2019-03-08,2,0,279,264.6,264.6,0.0,-76403.494224,0.0
2019-03-08,2,0,281,6.14,6.14,0.0,69.736876,0.0
2019-03-08,2,0,282,0.0,0.0,0.0,0.0,0.0
2019-03-08,3,0,9,0.0,0.0,0.0,0.0,0.0
2019-03-08,3,0,17,0.0,0.0,0.0,0.0,0.0
2019-03-08,3,0,19,208.99,208.99,0.0,1443.087534,0.0
2019-03-08,3,0,20,253.46,253.46,0.0,1750.155349,0.0
2019-03-08,3,0,21,0.0,0.0,0.0,0.0,0.0
2019-03-08,3,0,22,0.0,0.0,0.0,0.0,0.0
2019-03-08,3,0,23,108.8,108.8,0.0,1231.989032,0.0
2019-03-08,3,0,24,192.5,192.5,0.0,2179.760005,0.0
2019-03-08,3,0,29,0.0,0.0,0.0,0.0,0.0
2019-03-08,3,0,30,0.0,0.0,0.0,0.0,0.0
2019-03-08,3,0,31,9.96,9.96,0.0,113.123662,0.0
2019-03-08,3,0,32,0.0,0.0,0.0,0.0,0.0
2019-03-08,3,0,33,0.0,0.0,0.0,0.0,0.0
2019-03-08,3,0,34,0.0,0.0,0.0,0.0,0.0
2019-03-08,3,0,35,0.0,0.0,0.0,0.0,0.0
2019-03-08,3,0,36,0.0,0.0,0.0,0.0,0.0
2019-03-08,3,0,37,0.0,0.0,0.0,0.0,0.0
2019-03-08,3,0,38,0.0,0.0,0.0,0.0,0.0
2019-03-08,3,0,39,0.0,0.0,0.0,0.0,0.0
2019-03-08,3,0,40,0.0,0.0,0.0,0.0,0.0
2019-03-08,3,0,41,103.21,103.21,0.0,986.834504,0.0
2019-03-08,3,0,42,0.0,0.0,0.0,0.0,0.0
2019-03-08,3,0,43,0.0,0.0,0.0,0.0,0.0
2019-03-08,3,0,46,0.0,0.0,0.0,0.0,0.0
2019-03-08,3,0,52,10.56,10.56,0.0,119.93834,0.0
2019-03-08,3,0,53,16.77,16.77,0.0,190.470262,0.0
2019-03-08,3,0,55,248.16,248.16,0.0,2810.022041,0.0
2019-03-08,3,0,56,0.0,0.0,0.0,0.0,0.0
2019-03-08,3,0,57,0.0,0.0,0.0,0.0,0.0
2019-03-08,3,0,58,0.0,0.0,0.0,0.0,0.0
2019-03-08,3,0,59,0.0,0.0,0.0,0.0,0.0
2019-03-08,3,0,63,170.0,170.0,0.0,15904.758584,0.0
2019-03-08,3,0,64,200.0,200.0,0.0,18711.480687,0.0
2019-03-08,3,0,65,11.08,11.08,0.0,76.990226,0.0
2019-03-08,3,0,67,0.0,0.0,0.0,-0.0,0.0
2019-03-08,3,0,68,10.2,10.2,0.0,-4327.367193,0.0
2019-03-08,3,0,69,0.0,0.0,0.0,0.0,0.0
2019-03-08,3,0,74,4.22,4.22,0.0,32.022925,0.0
2019-03-08,3,0,77,200.0,200.0,0.0,-61295.481213,0.0
2019-03-08,3,0,78,151.2,151.2,0.0,-46339.383797,0.0
2019-03-08,3,0,79,87.5,87.5,0.0,-26816.773031,0.0
2019-03-08,3,0,80,141.5,141.5,0.0,-43366.552958,0.0
2019-03-08,3,0,81,185.0,185.0,0.0,-56698.320122,0.0
2019-03-08,3,0,82,130.5,130.5,0.0,-39995.301491,0.0
2019-03-08,3,0,83,291.0,291.0,0.0,-89184.925164,0.0
2019-03-08,3,0,84,0.0,0.0,0.0,-0.0,0.0
2019-03-08,3,0,86,0.0,0.0,0.0,0.0,0.0
2019-03-08,3,0,87,0.0,0.0,0.0,0.0,0.0
2019-03-08,3,0,88,170.6,170.6,0.0,-52285.045474,0.0
2019-03-08,3,0,89,164.0,164.0,0.0,-50262.294594,0.0
2019-03-08,3,0,90,220.2,220.2,0.0,-67486.324815,0.0
2019-03-08,3,0,91,785.5,785.5,0.0,-240738.002462,0.0
2019-03-08,3,0,92,282.5,282.5,0.0,-86579.867213,0.0
2019-03-08,3,0,95,36.0,36.0,0.0,807.470518,0.0
2019-03-08,3,0,96,29.88,29.88,0.0,340.444236,0.0
2019-03-08,3,0,97,183.75,183.75,0.0,2093.59533,0.0
2019-03-08,3,0,99,0.82,0.82,0.0,6.222464,0.0
2019-03-08,3,0,101,0.0,0.0,0.0,0.0,0.0
2019-03-08,3,0,102,24.15,24.15,0.0,-10245.678208,0.0
2019-03-08,3,0,103,21.0,21.0,0.0,-8909.285398,0.0
2019-03-08,3,0,104,3.9,3.9,0.0,-1654.581574,0.0
2019-03-08,3,0,106,0.0,0.0,0.0,0.0,0.0
2019-03-08,3,0,109,200.0,200.0,0.0,1662.826572,0.0
2019-03-08,3,0,110,77.72,77.72,0.0,-77720.0,0.0
2019-03-08,3,0,111,0.0,0.0,0.0,0.0,0.0
2019-03-08,3,0,113,78.82,78.82,0.0,-21824.691276,0.0
2019-03-08,3,0,115,78.82,78.82,0.0,-21824.691276,0.0
2019-03-08,3,0,116,0.0,0.0,0.0,-0.0,0.0
2019-03-08,3,0,117,4.05,4.05,0.0,-1121.41588,0.0
2019-03-08,3,0,119,200.0,200.0,0.0,18711.480687,0.0
2019-03-08,3,0,120,117.6,117.6,0.0,11002.350644,0.0
2019-03-08,3,0,123,0.0,0.0,0.0,0.0,0.0
2019-03-08,3,0,125,174.2,174.2,0.0,1972.541262,0.0
2019-03-08,3,0,126,0.0,0.0,0.0,0.0,0.0
2019-03-08,3,0,127,0.0,0.0,0.0,0.0,0.0
2019-03-08,3,0,128,249.5,249.5,0.0,2825.195436,0.0
2019-03-08,3,0,131,30.0,30.0,0.0,-11592.006958,0.0
2019-03-08,3,0,132,44.1,44.1,0.0,-17040.250229,0.0
2019-03-08,3,0,133,18.77,18.77,0.0,129.530927,0.0
2019-03-08,3,0,134,0.0,0.0,0.0,0.0,0.0
2019-03-08,3,0,135,25.11,25.11,0.0,173.282982,0.0
2019-03-08,3,0,136,16.97,16.97,0.0,117.957886,0.0
2019-03-08,3,0,139,133.29,133.29,0.0,1274.442118,0.0
2019-03-08,3,0,140,57.52,57.52,0.0,-57520.0,0.0
2019-03-08,3,0,141,230.0,230.0,0.0,-130175.560398,0.0
2019-03-08,3,0,142,0.0,0.0,0.0,-0.0,0.0
2019-03-08,3,0,143,14.04,14.04,0.0,159.463475,0.0
2019-03-08,3,0,145,30.0,30.0,0.0,307.023487,0.0
2019-03-08,3,0,146,0.0,0.0,0.0,-0.0,0.0
2019-03-08,3,0,152,0.0,0.0,0.0,0.0,0.0
2019-03-08,3,0,153,0.0,0.0,0.0,0.0,0.0
2019-03-08,3,0,154,0.0,0.0,0.0,0.0,0.0
2019-03-08,3,0,157,113.95,113.95,0.0,-64493.500467,0.0
2019-03-08,3,0,158,0.0,0.0,0.0,-0.0,0.0
2019-03-08,3,0,159,0.0,0.0,0.0,0.0,0.0
2019-03-08,3,0,160,0.0,0.0,0.0,0.0,0.0
2019-03-08,3,0,161,0.0,0.0,0.0,-0.0,0.0
2019-03-08,3,0,162,48.75,48.75,0.0,1131.687515,0.0
2019-03-08,3,0,163,185.4,185.4,0.0,-185400.0,0.0
2019-03-08,3,0,164,0.0,0.0,0.0,0.0,0.0
2019-03-08,3,0,167,0.0,0.0,0.0,0.0,0.0
2019-03-08,3,0,168,0.0,0.0,0.0,0.0,0.0
2019-03-08,3,0,169,0.0,0.0,0.0,0.0,0.0
2019-03-08,3,0,170,0.0,0.0,0.0,0.0,0.0
2019-03-08,3,0,172,0.0,0.0,0.0,0.0,0.0
2019-03-08,3,0,173,0.0,0.0,0.0,0.0,0.0
2019-03-08,3,0,188,0.0,0.0,0.0,0.0,0.0
2019-03-08,3,0,190,0.0,0.0,0.0,0.0,0.0
2019-03-08,3,0,191,0.0,0.0,0.0,0.0,0.0
2019-03-08,3,0,192,215.85,215.85,0.0,6999.488204,0.0
2019-03-08,3,0,194,176.5,176.5,0.0,-25379.455146,0.0
2019-03-08,3,0,196,0.0,0.0,0.0,0.0,0.0
2019-03-08,3,0,198,0.0,0.0,0.0,0.0,0.0
2019-03-08,3,0,199,39.0,39.0,0.0,-1554.879383,0.0
2019-03-08,3,0,200,0.0,0.0,0.0,-0.0,0.0
2019-03-08,3,0,204,857.0,857.0,0.0,7254.366018,0.0
2019-03-08,3,0,205,1058.0,1058.0,0.0,8796.352563,0.0
2019-03-08,3,0,206,539.94,539.94,0.0,6151.923061,0.0
2019-03-08,3,0,210,0.0,0.0,0.0,0.0,0.0
2019-03-08,3,0,214,0.0,0.0,0.0,0.0,0.0
2019-03-08,3,0,217,0.0,0.0,0.0,0.0,0.0
2019-03-08,3,0,218,0.0,0.0,0.0,0.0,0.0
2019-03-08,3,0,219,0.0,0.0,0.0,0.0,0.0
2019-03-08,3,0,221,0.0,0.0,0.0,0.0,0.0
2019-03-08,3,0,225,0.0,0.0,0.0,0.0,0.0
2019-03-08,3,0,233,0.0,0.0,0.0,0.0,0.0
2019-03-08,3,0,236,12.04,12.04,0.0,91.392044,0.0
2019-03-08,3,0,237,10.13,10.13,0.0,76.870196,0.0
2019-03-08,3,0,238,0.0,0.0,0.0,0.0,0.0
2019-03-08,3,0,240,0.0,0.0,0.0,0.0,0.0
2019-03-08,3,0,245,16.05,16.05,0.0,108.257511,0.0
2019-03-08,3,0,247,22.54,22.54,0.0,152.032666,0.0
2019-03-08,3,0,248,1.02,1.02,0.0,7.740138,0.0
2019-03-08,3,0,249,30.87,30.87,0.0,208.218651,0.0
2019-03-08,3,0,251,130.71,130.71,0.0,917.588182,0.0
2019-03-08,3,0,252,71.47,71.47,0.0,496.614751,0.0
2019-03-08,3,0,254,0.0,0.0,0.0,0.0,0.0
2019-03-08,3,0,255,0.0,0.0,0.0,0.0,0.0
2019-03-08,3,0,258,0.0,0.0,0.0,0.0,0.0
2019-03-08,3,0,260,0.0,0.0,0.0,0.0,0.0
2019-03-08,3,0,265,0.0,0.0,0.0,0.0,0.0
2019-03-08,3,0,266,86.31,86.31,0.0,825.246449,0.0
2019-03-08,3,0,267,106.06,106.06,0.0,1014.08456,0.0
2019-03-08,3,0,270,579.0,579.0,0.0,-579000.0,0.0
2019-03-08,3,0,272,321.97,321.97,0.0,-89151.178001,0.0
2019-03-08,3,0,273,0.0,0.0,0.0,-0.0,0.0
2019-03-08,3,0,274,746.4,746.4,0.0,-746400.0,0.0
2019-03-08,3,0,275,1039.0,1039.0,0.0,-1039000.0,0.0
2019-03-08,3,0,276,0.0,0.0,0.0,-0.0,0.0
2019-03-08,3,0,277,0.0,0.0,0.0,-0.0,0.0
2019-03-08,3,0,278,0.0,0.0,0.0,-0.0,0.0
2019-03-08,3,0,279,264.6,264.6,0.0,-76404.242759,0.0
2019-03-08,3,0,281,4.47,4.47,0.0,50.769354,0.0
2019-03-08,3,0,282,0.0,0.0,0.0,0.0,0.0
2019-03-08,4,0,9,0.0,0.0,0.0,0.0,0.0
2019-03-08,4,0,17,0.0,0.0,0.0,0.0,0.0
2019-03-08,4,0,19,268.86,268.86,0.0,1825.002949,0.0
2019-03-08,4,0,20,326.08,326.08,0.0,2213.408323,0.0
2019-03-08,4,0,21,0.0,0.0,0.0,0.0,0.0
2019-03-08,4,0,22,0.0,0.0,0.0,0.0,0.0
2019-03-08,4,0,23,98.16,98.16,0.0,1111.717526,0.0
2019-03-08,4,0,24,162.22,162.22,0.0,1837.233263,0.0
2019-03-08,4,0,29,0.0,0.0,0.0,0.0,0.0
2019-03-08,4,0,30,0.0,0.0,0.0,0.0,0.0
2019-03-08,4,0,31,7.28,7.28,0.0,82.684765,0.0
2019-03-08,4,0,32,0.0,0.0,0.0,0.0,0.0
2019-03-08,4,0,33,0.0,0.0,0.0,0.0,0.0
2019-03-08,4,0,34,0.0,0.0,0.0,0.0,0.0
2019-03-08,4,0,35,0.0,0.0,0.0,0.0,0.0
2019-03-08,4,0,36,0.0,0.0,0.0,0.0,0.0
2019-03-08,4,0,37,0.0,0.0,0.0,0.0,0.0
2019-03-08,4,0,38,0.0,0.0,0.0,0.0,0.0
2019-03-08,4,0,39,0.0,0.0,0.0,0.0,0.0
2019-03-08,4,0,40,0.0,0.0,0.0,0.0,0.0
2019-03-08,4,0,41,89.95,89.95,0.0,869.100926,0.0
2019-03-08,4,0,42,0.0,0.0,0.0,0.0,0.0
2019-03-08,4,0,43,0.0,0.0,0.0,0.0,0.0
2019-03-08,4,0,46,0.0,0.0,0.0,0.0,0.0
2019-03-08,4,0,52,7.72,7.72,0.0,87.682196,0.0
2019-03-08,4,0,53,12.26,12.26,0.0,139.246596,0.0
2019-03-08,4,0,55,221.48,221.48,0.0,2508.386284,0.0
2019-03-08,4,0,56,0.0,0.0,0.0,0.0,0.0
2019-03-08,4,0,57,0.0,0.0,0.0,0.0,0.0
2019-03-08,4,0,58,0.0,0.0,0.0,0.0,0.0
2019-03-08,4,0,59,0.0,0.0,0.0,0.0,0.0
2019-03-08,4,0,63,170.0,170.0,0.0,15910.070321,0.0
2019-03-08,4,0,64,200.0,200.0,0.0,18717.72979,0.0
2019-03-08,4,0,65,13.49,13.49,0.0,92.092655,0.0
2019-03-08,4,0,67,0.0,0.0,0.0,-0.0,0.0
2019-03-08,4,0,68,10.2,10.2,0.0,-4326.355398,0.0
2019-03-08,4,0,69,0.0,0.0,0.0,0.0,0.0
2019-03-08,4,0,74,5.12,5.12,0.0,38.93315,0.0
2019-03-08,4,0,77,200.0,200.0,0.0,-61268.780151,0.0
2019-03-08,4,0,78,151.2,151.2,0.0,-46319.197794,0.0
2019-03-08,4,0,79,87.5,87.5,0.0,-26805.091316,0.0
2019-03-08,4,0,80,141.5,141.5,0.0,-43347.661956,0.0
2019-03-08,4,0,81,185.0,185.0,0.0,-56673.621639,0.0
2019-03-08,4,0,82,130.5,130.5,0.0,-39977.879048,0.0
2019-03-08,4,0,83,291.0,291.0,0.0,-89146.075119,0.0
2019-03-08,4,0,84,0.0,0.0,0.0,-0.0,0.0
2019-03-08,4,0,86,0.0,0.0,0.0,0.0,0.0
2019-03-08,4,0,87,0.0,0.0,0.0,0.0,0.0
2019-03-08,4,0,88,170.6,170.6,0.0,-52262.269468,0.0
2019-03-08,4,0,89,164.0,164.0,0.0,-50240.399723,0.0
2019-03-08,4,0,90,220.2,220.2,0.0,-67456.926946,0.0
2019-03-08,4,0,91,785.5,785.5,0.0,-240633.134041,0.0
2019-03-08,4,0,92,282.5,282.5,0.0,-86542.151963,0.0
2019-03-08,4,0,95,84.17,84.17,0.0,1887.910931,0.0
2019-03-08,4,0,96,29.88,29.88,0.0,340.377501,0.0
2019-03-08,4,0,97,183.75,183.75,0.0,2093.184934,0.0
2019-03-08,4,0,99,0.99,0.99,0.0,7.52809,0.0
2019-03-08,4,0,101,0.0,0.0,0.0,0.0,0.0
2019-03-08,4,0,102,24.15,24.15,0.0,-10243.282633,0.0
2019-03-08,4,0,103,21.0,21.0,0.0,-8907.20229,0.0
2019-03-08,4,0,104,3.9,3.9,0.0,-1654.194711,0.0
2019-03-08,4,0,106,0.0,0.0,0.0,0.0,0.0
2019-03-08,4,0,109,200.0,200.0,0.0,1703.597407,0.0
2019-03-08,4,0,110,114.43,114.43,0.0,-114430.0,0.0
2019-03-08,4,0,111,0.0,0.0,0.0,0.0,0.0
2019-03-08,4,0,113,45.0,45.0,0.0,-12456.011099,0.0
2019-03-08,4,0,115,45.0,45.0,0.0,-12456.011099,0.0
2019-03-08,4,0,116,0.0,0.0,0.0,-0.0,0.0
2019-03-08,4,0,117,3.0,3.0,0.0,-830.40074,0.0
2019-03-08,4,0,119,200.0,200.0,0.0,18717.72979,0.0
2019-03-08,4,0,120,117.6,117.6,0.0,11006.025116,0.0
2019-03-08,4,0,123,0.0,0.0,0.0,0.0,0.0
2019-03-08,4,0,125,148.85,148.85,0.0,1685.81045,0.0
2019-03-08,4,0,126,0.0,0.0,0.0,0.0,0.0
2019-03-08,4,0,127,0.0,0.0,0.0,0.0,0.0
2019-03-08,4,0,128,202.15,202.15,0.0,2289.4631,0.0
2019-03-08,4,0,131,30.0,30.0,0.0,-11588.835446,0.0
2019-03-08,4,0,132,44.1,44.1,0.0,-17035.588106,0.0
2019-03-08,4,0,133,33.65,33.65,0.0,228.290832,0.0
2019-03-08,4,0,134,0.0,0.0,0.0,0.0,0.0
2019-03-08,4,0,135,46.43,46.43,0.0,314.993858,0.0
2019-03-08,4,0,136,21.14,21.14,0.0,144.362213,0.0
2019-03-08,4,0,139,116.16,116.16,0.0,1122.343119,0.0
2019-03-08,4,0,140,84.69,84.69,0.0,-84690.0,0.0
2019-03-08,4,0,141,208.52,208.52,0.0,-118002.702485,0.0
2019-03-08,4,0,142,0.0,0.0,0.0,-0.0,0.0
2019-03-08,4,0,143,11.16,11.16,0.0,126.753018,0.0
2019-03-08,4,0,145,30.0,30.0,0.0,309.210397,0.0
2019-03-08,4,0,146,8.58,8.58,0.0,-8580.0,0.0
2019-03-08,4,0,152,0.0,0.0,0.0,0.0,0.0
2019-03-08,4,0,153,0.0,0.0,0.0,0.0,0.0
2019-03-08,4,0,154,0.0,0.0,0.0,0.0,0.0
2019-03-08,4,0,157,91.73,91.73,0.0,-51910.550062,0.0
2019-03-08,4,0,158,0.0,0.0,0.0,-0.0,0.0
2019-03-08,4,0,159,0.0,0.0,0.0,0.0,0.0
2019-03-08,4,0,160,0.0,0.0,0.0,0.0,0.0
2019-03-08,4,0,161,0.0,0.0,0.0,-0.0,0.0
2019-03-08,4,0,162,48.75,48.75,0.0,1131.714002,0.0
2019-03-08,4,0,163,185.4,185.4,0.0,-185400.0,0.0
2019-03-08,4,0,164,0.0,0.0,0.0,0.0,0.0
2019-03-08,4,0,167,0.0,0.0,0.0,0.0,0.0
2019-03-08,4,0,168,0.0,0.0,0.0,0.0,0.0
2019-03-08,4,0,169,0.0,0.0,0.0,0.0,0.0
2019-03-08,4,0,170,0.0,0.0,0.0,0.0,0.0
2019-03-08,4,0,172,0.0,0.0,0.0,0.0,0.0
2019-03-08,4,0,173,0.0,0.0,0.0,0.0,0.0
2019-03-08,4,0,188,0.0,0.0,0.0,0.0,0.0
2019-03-08,4,0,190,0.0,0.0,0.0,0.0,0.0
2019-03-08,4,0,191,0.0,0.0,0.0,0.0,0.0
2019-03-08,4,0,192,139.32,139.32,0.0,4517.807258,0.0
2019-03-08,4,0,194,176.5,176.5,0.0,-25366.65184,0.0
2019-03-08,4,0,196,0.0,0.0,0.0,0.0,0.0
2019-03-08,4,0,198,0.0,0.0,0.0,0.0,0.0
2019-03-08,4,0,199,39.0,39.0,0.0,-1544.419579,0.0
2019-03-08,4,0,200,0.0,0.0,0.0,-0.0,0.0
2019-03-08,4,0,204,857.0,857.0,0.0,7415.919523,0.0
2019-03-08,4,0,205,1058.0,1058.0,0.0,9012.030281,0.0
2019-03-08,4,0,206,539.94,539.94,0.0,6150.717133,0.0
2019-03-08,4,0,210,0.0,0.0,0.0,0.0,0.0
2019-03-08,4,0,214,0.0,0.0,0.0,0.0,0.0
2019-03-08,4,0,217,0.0,0.0,0.0,0.0,0.0
2019-03-08,4,0,218,0.0,0.0,0.0,0.0,0.0
2019-03-08,4,0,219,0.0,0.0,0.0,0.0,0.0
2019-03-08,4,0,221,0.0,0.0,0.0,0.0,0.0
2019-03-08,4,0,225,0.0,0.0,0.0,0.0,0.0
2019-03-08,4,0,233,0.0,0.0,0.0,0.0,0.0
2019-03-08,4,0,236,15.01,15.01,0.0,110.584454,0.0
2019-03-08,4,0,237,12.29,12.29,0.0,93.454769,0.0
2019-03-08,4,0,238,0.0,0.0,0.0,0.0,0.0
2019-03-08,4,0,240,0.0,0.0,0.0,0.0,0.0
2019-03-08,4,0,245,19.97,19.97,0.0,132.705326,0.0
2019-03-08,4,0,247,26.27,26.27,0.0,174.570301,0.0
2019-03-08,4,0,248,1.23,1.23,0.0,9.353081,0.0
2019-03-08,4,0,249,38.41,38.41,0.0,255.243443,0.0
2019-03-08,4,0,251,156.47,156.47,0.0,1078.148062,0.0
2019-03-08,4,0,252,87.03,87.03,0.0,594.130748,0.0
2019-03-08,4,0,254,0.0,0.0,0.0,0.0,0.0
2019-03-08,4,0,255,0.0,0.0,0.0,0.0,0.0
2019-03-08,4,0,258,0.0,0.0,0.0,0.0,0.0
2019-03-08,4,0,260,0.0,0.0,0.0,0.0,0.0
2019-03-08,4,0,265,0.0,0.0,0.0,0.0,0.0
2019-03-08,4,0,266,75.22,75.22,0.0,726.779006,0.0
2019-03-08,4,0,267,92.43,92.43,0.0,893.062797,0.0
2019-03-08,4,0,270,579.0,579.0,0.0,-579000.0,0.0
2019-03-08,4,0,272,150.39,150.39,0.0,-41627.989094,0.0
2019-03-08,4,0,273,0.0,0.0,0.0,-0.0,0.0
2019-03-08,4,0,274,746.4,746.4,0.0,-746400.0,0.0
2019-03-08,4,0,275,1039.0,1039.0,0.0,-1039000.0,0.0
2019-03-08,4,0,276,0.0,0.0,0.0,-0.0,0.0
2019-03-08,4,0,277,0.0,0.0,0.0,-0.0,0.0
2019-03-08,4,0,278,0.0,0.0,0.0,-0.0,0.0
2019-03-08,4,0,279,264.6,264.6,0.0,-76375.407293,0.0
2019-03-08,4,0,281,3.27,3.27,0.0,37.139997,0.0
2019-03-08,4,0,282,0.0,0.0,0.0,0.0,0.0
2019-03-08,5,0,9,0.0,0.0,0.0,0.0,0.0
2019-03-08,5,0,17,0.0,0.0,0.0,0.0,0.0
2019-03-08,5,0,19,258.04,258.04,0.0,1839.208605,0.0
2019-03-08,5,0,20,312.96,312.96,0.0,2230.656972,0.0
2019-03-08,5,0,21,0.0,0.0,0.0,0.0,0.0
2019-03-08,5,0,22,0.0,0.0,0.0,0.0,0.0
2019-03-08,5,0,23,108.21,108.21,0.0,1225.333771,0.0
2019-03-08,5,0,24,191.46,191.46,0.0,2168.028867,0.0
2019-03-08,5,0,29,0.0,0.0,0.0,0.0,0.0
2019-03-08,5,0,30,0.0,0.0,0.0,0.0,0.0
2019-03-08,5,0,31,4.39,4.39,0.0,49.86073,0.0
2019-03-08,5,0,32,0.0,0.0,0.0,0.0,0.0
2019-03-08,5,0,33,0.0,0.0,0.0,0.0,0.0
2019-03-08,5,0,34,0.0,0.0,0.0,0.0,0.0
2019-03-08,5,0,35,0.0,0.0,0.0,0.0,0.0
2019-03-08,5,0,36,0.0,0.0,0.0,0.0,0.0
2019-03-08,5,0,37,0.0,0.0,0.0,0.0,0.0
2019-03-08,5,0,38,0.0,0.0,0.0,0.0,0.0
2019-03-08,5,0,39,0.0,0.0,0.0,0.0,0.0
2019-03-08,5,0,40,0.0,0.0,0.0,0.0,0.0
2019-03-08,5,0,41,70.63,70.63,0.0,676.576593,0.0
2019-03-08,5,0,42,0.0,0.0,0.0,0.0,0.0
2019-03-08,5,0,43,0.0,0.0,0.0,0.0,0.0
2019-03-08,5,0,46,0.0,0.0,0.0,0.0,0.0
2019-03-08,5,0,52,4.65,4.65,0.0,52.813758,0.0
2019-03-08,5,0,53,7.39,7.39,0.0,83.934122,0.0
2019-03-08,5,0,55,143.29,143.29,0.0,1622.567933,0.0
2019-03-08,5,0,56,0.0,0.0,0.0,0.0,0.0
2019-03-08,5,0,57,0.0,0.0,0.0,0.0,0.0
2019-03-08,5,0,58,0.0,0.0,0.0,0.0,0.0
2019-03-08,5,0,59,0.0,0.0,0.0,0.0,0.0
2019-03-08,5,0,63,170.0,170.0,0.0,16302.681497,0.0
2019-03-08,5,0,64,200.0,200.0,0.0,19179.62529,0.0
2019-03-08,5,0,65,10.36,10.36,0.0,74.299968,0.0
2019-03-08,5,0,67,0.0,0.0,0.0,-0.0,0.0
2019-03-08,5,0,68,10.2,10.2,0.0,-4315.636876,0.0
2019-03-08,5,0,69,0.0,0.0,0.0,0.0,0.0
2019-03-08,5,0,74,6.16,6.16,0.0,47.560064,0.0
2019-03-08,5,0,77,200.0,200.0,0.0,-61018.047214,0.0
2019-03-08,5,0,78,151.2,151.2,0.0,-46129.643694,0.0
2019-03-08,5,0,79,87.5,87.5,0.0,-26695.395656,0.0
2019-03-08,5,0,80,141.5,141.5,0.0,-43170.268404,0.0
2019-03-08,5,0,81,185.0,185.0,0.0,-56441.693673,0.0
2019-03-08,5,0,82,130.5,130.5,0.0,-39814.275807,0.0
2019-03-08,5,0,83,291.0,291.0,0.0,-88781.258697,0.0
2019-03-08,5,0,84,0.0,0.0,0.0,-0.0,0.0
2019-03-08,5,0,86,0.0,0.0,0.0,0.0,0.0
2019-03-08,5,0,87,0.0,0.0,0.0,0.0,0.0
2019-03-08,5,0,88,170.6,170.6,0.0,-52048.394274,0.0
2019-03-08,5,0,89,164.0,164.0,0.0,-50034.798716,0.0
2019-03-08,5,0,90,220.2,220.2,0.0,-67180.869983,0.0
2019-03-08,5,0,91,785.5,785.5,0.0,-239648.380434,0.0
2019-03-08,5,0,92,282.5,282.5,0.0,-86187.99169,0.0
2019-03-08,5,0,95,36.0,36.0,0.0,890.350737,0.0
2019-03-08,5,0,96,28.29,28.29,0.0,322.321244,0.0
2019-03-08,5,0,97,173.94,173.94,0.0,1981.780033,0.0
2019-03-08,5,0,99,1.19,1.19,0.0,9.18774,0.0
2019-03-08,5,0,101,0.0,0.0,0.0,0.0,0.0
2019-03-08,5,0,102,24.15,24.15,0.0,-10217.904956,0.0
2019-03-08,5,0,103,21.0,21.0,0.0,-8885.134744,0.0
2019-03-08,5,0,104,3.9,3.9,0.0,-1650.096452,0.0
2019-03-08,5,0,106,0.0,0.0,0.0,0.0,0.0
2019-03-08,5,0,109,200.0,200.0,0.0,1665.58823,0.0
2019-03-08,5,0,110,118.23,118.23,0.0,-118230.0,0.0
2019-03-08,5,0,111,0.0,0.0,0.0,0.0,0.0
2019-03-08,5,0,113,106.15,106.15,0.0,-29239.309765,0.0
2019-03-08,5,0,115,106.15,106.15,0.0,-29239.309765,0.0
2019-03-08,5,0,116,0.0,0.0,0.0,-0.0,0.0
2019-03-08,5,0,117,5.11,5.11,0.0,-1407.563569,0.0
2019-03-08,5,0,119,200.0,200.0,0.0,19179.62529,0.0
2019-03-08,5,0,120,117.6,117.6,0.0,11277.619671,0.0
2019-03-08,5,0,123,0.0,0.0,0.0,0.0,0.0
2019-03-08,5,0,125,173.26,173.26,0.0,1961.938168,0.0
2019-03-08,5,0,126,0.0,0.0,0.0,0.0,0.0
2019-03-08,5,0,127,0.0,0.0,0.0,0.0,0.0
2019-03-08,5,0,128,248.15,248.15,0.0,2809.967426,0.0
2019-03-08,5,0,131,30.0,30.0,0.0,-11555.237827,0.0
2019-03-08,5,0,132,44.1,44.1,0.0,-16986.199605,0.0
2019-03-08,5,0,133,15.32,15.32,0.0,109.131194,0.0
2019-03-08,5,0,134,0.0,0.0,0.0,0.0,0.0
2019-03-08,5,0,135,21.83,21.83,0.0,155.504827,0.0
2019-03-08,5,0,136,16.49,16.49,0.0,118.303186,0.0
2019-03-08,5,0,139,91.21,91.21,0.0,873.715858,0.0
2019-03-08,5,0,140,87.5,87.5,0.0,-87500.0,0.0
2019-03-08,5,0,141,173.06,173.06,0.0,-97798.587911,0.0
2019-03-08,5,0,142,0.0,0.0,0.0,-0.0,0.0
2019-03-08,5,0,143,13.26,13.26,0.0,150.604393,0.0
2019-03-08,5,0,145,30.0,30.0,0.0,307.210963,0.0
2019-03-08,5,0,146,16.14,16.14,0.0,-16140.0,0.0
2019-03-08,5,0,152,0.0,0.0,0.0,0.0,0.0
2019-03-08,5,0,153,0.0,0.0,0.0,0.0,0.0
2019-03-08,5,0,154,0.0,0.0,0.0,0.0,0.0
2019-03-08,5,0,157,49.81,49.81,0.0,-28148.31656,0.0
2019-03-08,5,0,158,0.0,0.0,0.0,-0.0,0.0
2019-03-08,5,0,159,0.0,0.0,0.0,0.0,0.0
2019-03-08,5,0,160,0.0,0.0,0.0,0.0,0.0
2019-03-08,5,0,161,0.0,0.0,0.0,-0.0,0.0
2019-03-08,5,0,162,48.75,48.75,0.0,1243.867759,0.0
2019-03-08,5,0,163,182.29,182.29,0.0,-182290.0,0.0
2019-03-08,5,0,164,0.0,0.0,0.0,0.0,0.0
2019-03-08,5,0,167,0.0,0.0,0.0,0.0,0.0
2019-03-08,5,0,168,0.0,0.0,0.0,0.0,0.0
2019-03-08,5,0,169,0.0,0.0,0.0,0.0,0.0
2019-03-08,5,0,170,0.0,0.0,0.0,0.0,0.0
2019-03-08,5,0,172,0.0,0.0,0.0,0.0,0.0
2019-03-08,5,0,173,0.0,0.0,0.0,0.0,0.0
2019-03-08,5,0,188,0.0,0.0,0.0,0.0,0.0
2019-03-08,5,0,190,0.0,0.0,0.0,0.0,0.0
2019-03-08,5,0,191,0.0,0.0,0.0,0.0,0.0
2019-03-08,5,0,192,43.0,43.0,0.0,1394.384956,0.0
2019-03-08,5,0,194,176.5,176.5,0.0,-25079.382901,0.0
2019-03-08,5,0,196,0.0,0.0,0.0,0.0,0.0
2019-03-08,5,0,198,0.0,0.0,0.0,0.0,0.0
2019-03-08,5,0,199,39.0,39.0,0.0,-1530.468105,0.0
2019-03-08,5,0,200,0.0,0.0,0.0,-0.0,0.0
2019-03-08,5,0,204,857.0,857.0,0.0,7267.805736,0.0
2019-03-08,5,0,205,1058.0,1058.0,0.0,8810.961737,0.0
2019-03-08,5,0,206,511.13,511.13,0.0,5823.543913,0.0
2019-03-08,5,0,210,0.0,0.0,0.0,0.0,0.0
2019-03-08,5,0,214,0.0,0.0,0.0,0.0,0.0
2019-03-08,5,0,217,0.0,0.0,0.0,0.0,0.0
2019-03-08,5,0,218,0.0,0.0,0.0,0.0,0.0
2019-03-08,5,0,219,0.0,0.0,0.0,0.0,0.0
2019-03-08,5,0,221,0.0,0.0,0.0,0.0,0.0
2019-03-08,5,0,225,0.0,0.0,0.0,0.0,0.0
2019-03-08,5,0,233,0.0,0.0,0.0,0.0,0.0
2019-03-08,5,0,236,19.63,19.63,0.0,153.889536,0.0
2019-03-08,5,0,237,14.77,14.77,0.0,114.036063,0.0
2019-03-08,5,0,238,0.0,0.0,0.0,0.0,0.0
2019-03-08,5,0,240,0.0,0.0,0.0,0.0,0.0
2019-03-08,5,0,245,19.34,19.34,0.0,134.704457,0.0
2019-03-08,5,0,247,24.61,24.61,0.0,171.410377,0.0
2019-03-08,5,0,248,1.48,1.48,0.0,11.426769,0.0
2019-03-08,5,0,249,37.19,37.19,0.0,259.03096,0.0
2019-03-08,5,0,251,103.91,103.91,0.0,752.76377,0.0
2019-03-08,5,0,252,66.8,66.8,0.0,479.077011,0.0
2019-03-08,5,0,254,0.0,0.0,0.0,0.0,0.0
2019-03-08,5,0,255,0.0,0.0,0.0,0.0,0.0
2019-03-08,5,0,258,0.0,0.0,0.0,0.0,0.0
2019-03-08,5,0,260,0.0,0.0,0.0,0.0,0.0
2019-03-08,5,0,265,0.0,0.0,0.0,0.0,0.0
2019-03-08,5,0,266,59.06,59.06,0.0,565.745627,0.0
2019-03-08,5,0,267,72.58,72.58,0.0,695.25597,0.0
2019-03-08,5,0,270,569.3,569.3,0.0,-569300.0,0.0
2019-03-08,5,0,272,364.92,364.92,0.0,-100518.218741,0.0
2019-03-08,5,0,273,0.0,0.0,0.0,-0.0,0.0
2019-03-08,5,0,274,733.9,733.9,0.0,-733900.0,0.0
2019-03-08,5,0,275,1021.6,1021.6,0.0,-1021600.0,0.0
2019-03-08,5,0,276,0.0,0.0,0.0,-0.0,0.0
2019-03-08,5,0,277,0.0,0.0,0.0,-0.0,0.0
2019-03-08,5,0,278,0.0,0.0,0.0,-0.0,0.0
2019-03-08,5,0,279,264.6,264.6,0.0,-76028.814126,0.0
2019-03-08,5,0,281,1.97,1.97,0.0,22.374861,0.0
2019-03-08,5,0,282,0.0,0.0,0.0,0.0,0.0
2019-03-08,6,0,9,0.0,0.0,0.0,0.0,0.0
2019-03-08,6,0,17,0.0,0.0,0.0,0.0,0.0
2019-03-08,6,0,19,254.66,254.66,0.0,2184.781492,0.0
2019-03-08,6,0,20,308.85,308.85,0.0,2649.688856,0.0
2019-03-08,6,0,21,0.0,0.0,0.0,0.0,0.0
2019-03-08,6,0,22,0.0,0.0,0.0,0.0,0.0
2019-03-08,6,0,23,90.79,90.79,0.0,1217.255211,0.0
2019-03-08,6,0,24,160.63,160.63,0.0,2153.626,0.0
2019-03-08,6,0,29,0.0,0.0,0.0,0.0,0.0
2019-03-08,6,0,30,0.0,0.0,0.0,0.0,0.0
2019-03-08,6,0,31,3.33,3.33,0.0,44.808255,0.0
2019-03-08,6,0,32,0.0,0.0,0.0,0.0,0.0
2019-03-08,6,0,33,0.0,0.0,0.0,0.0,0.0
2019-03-08,6,0,34,0.0,0.0,0.0,0.0,0.0
2019-03-08,6,0,35,0.0,0.0,0.0,0.0,0.0
2019-03-08,6,0,36,0.0,0.0,0.0,0.0,0.0
2019-03-08,6,0,37,0.0,0.0,0.0,0.0,0.0
2019-03-08,6,0,38,0.0,0.0,0.0,0.0,0.0
2019-03-08,6,0,39,0.0,0.0,0.0,0.0,0.0
2019-03-08,6,0,40,0.0,0.0,0.0,0.0,0.0
2019-03-08,6,0,41,54.32,54.32,0.0,595.212231,0.0
2019-03-08,6,0,42,0.0,0.0,0.0,0.0,0.0
2019-03-08,6,0,43,0.0,0.0,0.0,0.0,0.0
2019-03-08,6,0,46,0.0,0.0,0.0,0.0,0.0
2019-03-08,6,0,52,3.53,3.53,0.0,47.499442,0.0
2019-03-08,6,0,53,5.61,5.61,0.0,75.487781,0.0
2019-03-08,6,0,55,56.08,56.08,0.0,751.885364,0.0
2019-03-08,6,0,56,0.0,0.0,0.0,0.0,0.0
2019-03-08,6,0,57,0.0,0.0,0.0,0.0,0.0
2019-03-08,6,0,58,0.0,0.0,0.0,0.0,0.0
2019-03-08,6,0,59,0.0,0.0,0.0,0.0,0.0
2019-03-08,6,0,63,160.19,160.19,0.0,15452.455846,0.0
2019-03-08,6,0,64,188.45,188.45,0.0,18178.508672,0.0
2019-03-08,6,0,65,7.83,7.83,0.0,67.713219,0.0
2019-03-08,6,0,67,0.0,0.0,0.0,-0.0,0.0
2019-03-08,6,0,68,9.32,9.32,0.0,-3945.531649,0.0
2019-03-08,6,0,69,0.0,0.0,0.0,0.0,0.0
2019-03-08,6,0,74,7.56,7.56,0.0,67.397063,0.0
2019-03-08,6,0,77,200.0,200.0,0.0,-61094.316677,0.0
2019-03-08,6,0,78,151.2,151.2,0.0,-46187.303408,0.0
2019-03-08,6,0,79,87.5,87.5,0.0,-26728.763546,0.0
2019-03-08,6,0,80,141.5,141.5,0.0,-43224.229049,0.0
2019-03-08,6,0,81,185.0,185.0,0.0,-56512.242926,0.0
2019-03-08,6,0,82,130.5,130.5,0.0,-39864.041632,0.0
2019-03-08,6,0,83,291.0,291.0,0.0,-88892.230765,0.0
2019-03-08,6,0,84,0.0,0.0,0.0,-0.0,0.0
2019-03-08,6,0,86,0.0,0.0,0.0,0.0,0.0
2019-03-08,6,0,87,0.0,0.0,0.0,0.0,0.0
2019-03-08,6,0,88,170.6,170.6,0.0,-52113.452126,0.0
2019-03-08,6,0,89,164.0,164.0,0.0,-50097.339675,0.0
2019-03-08,6,0,90,220.2,220.2,0.0,-67264.842662,0.0
2019-03-08,6,0,91,785.5,785.5,0.0,-239947.92875,0.0
2019-03-08,6,0,92,282.5,282.5,0.0,-86295.722307,0.0
2019-03-08,6,0,95,36.0,36.0,0.0,915.681109,0.0
2019-03-08,6,0,96,18.65,18.65,0.0,251.899658,0.0
2019-03-08,6,0,97,114.66,114.66,0.0,1548.676398,0.0
2019-03-08,6,0,99,1.46,1.46,0.0,13.015835,0.0
2019-03-08,6,0,101,0.0,0.0,0.0,0.0,0.0
2019-03-08,6,0,102,22.08,22.08,0.0,-9347.353949,0.0
2019-03-08,6,0,103,19.2,19.2,0.0,-8128.133869,0.0
2019-03-08,6,0,104,3.57,3.57,0.0,-1511.324891,0.0
2019-03-08,6,0,106,0.0,0.0,0.0,0.0,0.0
2019-03-08,6,0,109,200.0,200.0,0.0,1820.59014,0.0
2019-03-08,6,0,110,124.99,124.99,0.0,-124990.0,0.0
2019-03-08,6,0,111,0.0,0.0,0.0,0.0,0.0
2019-03-08,6,0,113,137.43,137.43,0.0,-37867.194032,0.0
2019-03-08,6,0,115,137.43,137.43,0.0,-37867.194032,0.0
2019-03-08,6,0,116,0.0,0.0,0.0,-0.0,0.0
2019-03-08,6,0,117,5.45,5.45,0.0,-1501.682365,0.0
2019-03-08,6,0,119,188.45,188.45,0.0,18178.508672,0.0
2019-03-08,6,0,120,110.81,110.81,0.0,10689.098147,0.0
2019-03-08,6,0,123,0.0,0.0,0.0,0.0,0.0
2019-03-08,6,0,125,145.36,145.36,0.0,1948.895445,0.0
2019-03-08,6,0,126,0.0,0.0,0.0,0.0,0.0
2019-03-08,6,0,127,0.0,0.0,0.0,0.0,0.0
2019-03-08,6,0,128,208.19,208.19,0.0,2791.280563,0.0
2019-03-08,6,0,131,30.0,30.0,0.0,-11562.868053,0.0
2019-03-08,6,0,132,44.1,44.1,0.0,-16997.416037,0.0
2019-03-08,6,0,133,13.28,13.28,0.0,113.845932,0.0
2019-03-08,6,0,134,0.0,0.0,0.0,0.0,0.0
2019-03-08,6,0,135,17.8,17.8,0.0,152.594698,0.0
2019-03-08,6,0,136,12.72,12.72,0.0,110.049532,0.0
2019-03-08,6,0,139,70.14,70.14,0.0,768.560123,0.0
2019-03-08,6,0,140,92.5,92.5,0.0,-92500.0,0.0
2019-03-08,6,0,141,145.81,145.81,0.0,-82425.469609,0.0
2019-03-08,6,0,142,0.0,0.0,0.0,-0.0,0.0
2019-03-08,6,0,143,18.32,18.32,0.0,246.512684,0.0
2019-03-08,6,0,145,24.04,24.04,0.0,285.05081,0.0
2019-03-08,6,0,146,33.85,33.85,0.0,-33850.0,0.0
2019-03-08,6,0,152,0.0,0.0,0.0,0.0,0.0
2019-03-08,6,0,153,0.0,0.0,0.0,0.0,0.0
2019-03-08,6,0,154,0.0,0.0,0.0,0.0,0.0
2019-03-08,6,0,157,23.45,23.45,0.0,-13256.136495,0.0
2019-03-08,6,0,158,0.0,0.0,0.0,-0.0,0.0
2019-03-08,6,0,159,0.0,0.0,0.0,0.0,0.0
2019-03-08,6,0,160,0.0,0.0,0.0,0.0,0.0
2019-03-08,6,0,161,0.0,0.0,0.0,-0.0,0.0
2019-03-08,6,0,162,48.75,48.75,0.0,1278.042423,0.0
2019-03-08,6,0,163,122.59,122.59,0.0,-122590.0,0.0
2019-03-08,6,0,164,0.0,0.0,0.0,0.0,0.0
2019-03-08,6,0,167,0.0,0.0,0.0,0.0,0.0
2019-03-08,6,0,168,0.0,0.0,0.0,0.0,0.0
2019-03-08,6,0,169,0.0,0.0,0.0,0.0,0.0
2019-03-08,6,0,170,0.0,0.0,0.0,0.0,0.0
2019-03-08,6,0,172,0.0,0.0,0.0,0.0,0.0
2019-03-08,6,0,173,0.0,0.0,0.0,0.0,0.0
2019-03-08,6,0,188,0.0,0.0,0.0,0.0,0.0
2019-03-08,6,0,190,0.0,0.0,0.0,0.0,0.0
2019-03-08,6,0,191,0.0,0.0,0.0,0.0,0.0
2019-03-08,6,0,192,13.95,13.95,0.0,1345.663019,0.0
2019-03-08,6,0,194,176.5,176.5,0.0,-25053.403013,0.0
2019-03-08,6,0,196,0.0,0.0,0.0,0.0,0.0
2019-03-08,6,0,198,0.0,0.0,0.0,0.0,0.0
2019-03-08,6,0,199,39.0,39.0,0.0,-1562.775993,0.0
2019-03-08,6,0,200,0.0,0.0,0.0,-0.0,0.0
2019-03-08,6,0,204,857.0,857.0,0.0,8002.098371,0.0
2019-03-08,6,0,205,1058.0,1058.0,0.0,9630.921842,0.0
2019-03-08,6,0,206,336.93,336.93,0.0,4550.807073,0.0
2019-03-08,6,0,210,0.0,0.0,0.0,0.0,0.0
2019-03-08,6,0,214,0.0,0.0,0.0,0.0,0.0
2019-03-08,6,0,217,0.0,0.0,0.0,0.0,0.0
2019-03-08,6,0,218,0.0,0.0,0.0,0.0,0.0
2019-03-08,6,0,219,0.0,0.0,0.0,0.0,0.0
2019-03-08,6,0,221,0.0,0.0,0.0,0.0,0.0
2019-03-08,6,0,225,0.0,0.0,0.0,0.0,0.0
2019-03-08,6,0,233,0.0,0.0,0.0,0.0,0.0
2019-03-08,6,0,236,25.95,25.95,0.0,253.692988,0.0
2019-03-08,6,0,237,18.14,18.14,0.0,161.717292,0.0
2019-03-08,6,0,238,0.0,0.0,0.0,0.0,0.0
2019-03-08,6,0,240,0.0,0.0,0.0,0.0,0.0
2019-03-08,6,0,245,19.6,19.6,0.0,163.200155,0.0
2019-03-08,6,0,247,24.04,24.04,0.0,200.169986,0.0
2019-03-08,6,0,248,1.82,1.82,0.0,16.225219,0.0
2019-03-08,6,0,249,37.68,37.68,0.0,313.743972,0.0
2019-03-08,6,0,251,65.02,65.02,0.0,569.622853,0.0
2019-03-08,6,0,252,50.49,50.49,0.0,436.633513,0.0
2019-03-08,6,0,254,0.0,0.0,0.0,0.0,0.0
2019-03-08,6,0,255,0.0,0.0,0.0,0.0,0.0
2019-03-08,6,0,258,0.0,0.0,0.0,0.0,0.0
2019-03-08,6,0,260,0.0,0.0,0.0,0.0,0.0
2019-03-08,6,0,265,0.0,0.0,0.0,0.0,0.0
2019-03-08,6,0,266,45.42,45.42,0.0,497.690345,0.0
2019-03-08,6,0,267,55.82,55.82,0.0,611.648504,0.0
2019-03-08,6,0,270,382.85,382.85,0.0,-382850.0,0.0
2019-03-08,6,0,272,484.95,484.95,0.0,-133622.176713,0.0
2019-03-08,6,0,273,0.0,0.0,0.0,-0.0,0.0
2019-03-08,6,0,274,493.54,493.54,0.0,-493540.0,0.0
2019-03-08,6,0,275,687.01,687.01,0.0,-687010.0,0.0
2019-03-08,6,0,276,0.0,0.0,0.0,-0.0,0.0
2019-03-08,6,0,277,0.0,0.0,0.0,-0.0,0.0
2019-03-08,6,0,278,0.0,0.0,0.0,-0.0,0.0
2019-03-08,6,0,279,264.6,264.6,0.0,-76082.789185,0.0
2019-03-08,6,0,281,1.5,1.5,0.0,20.183899,0.0
2019-03-08,6,0,282,0.0,0.0,0.0,0.0,0.0
2019-03-08,7,0,9,0.0,0.0,0.0,0.0,0.0
2019-03-08,7,0,17,0.0,0.0,0.0,0.0,0.0
2019-03-08,7,0,19,258.56,258.56,0.0,2463.40552,0.0
2019-03-08,7,0,20,313.59,313.59,0.0,2987.69855,0.0
2019-03-08,7,0,21,0.0,0.0,0.0,0.0,0.0
2019-03-08,7,0,22,0.0,0.0,0.0,0.0,0.0
2019-03-08,7,0,23,77.5,77.5,0.0,610.392812,0.0
2019-03-08,7,0,24,137.12,137.12,0.0,1079.962095,0.0
2019-03-08,7,0,29,0.0,0.0,0.0,0.0,0.0
2019-03-08,7,0,30,0.0,0.0,0.0,0.0,0.0
2019-03-08,7,0,31,9.08,9.08,0.0,71.438074,0.0
2019-03-08,7,0,32,0.0,0.0,0.0,0.0,0.0
2019-03-08,7,0,33,0.0,0.0,0.0,0.0,0.0
2019-03-08,7,0,34,0.0,0.0,0.0,0.0,0.0
2019-03-08,7,0,35,0.0,0.0,0.0,0.0,0.0
2019-03-08,7,0,36,0.0,0.0,0.0,0.0,0.0
2019-03-08,7,0,37,0.0,0.0,0.0,0.0,0.0
2019-03-08,7,0,38,0.0,0.0,0.0,0.0,0.0
2019-03-08,7,0,39,0.0,0.0,0.0,0.0,0.0
2019-03-08,7,0,40,0.0,0.0,0.0,0.0,0.0
2019-03-08,7,0,41,30.17,30.17,0.0,251.594332,0.0
2019-03-08,7,0,42,0.0,0.0,0.0,0.0,0.0
2019-03-08,7,0,43,0.0,0.0,0.0,0.0,0.0
2019-03-08,7,0,46,0.0,0.0,0.0,0.0,0.0
2019-03-08,7,0,52,9.62,9.62,0.0,75.686594,0.0
2019-03-08,7,0,53,15.29,15.29,0.0,120.296052,0.0
2019-03-08,7,0,55,60.21,60.21,0.0,474.216145,0.0
2019-03-08,7,0,56,0.0,0.0,0.0,0.0,0.0
2019-03-08,7,0,57,0.0,0.0,0.0,0.0,0.0
2019-03-08,7,0,58,0.0,0.0,0.0,0.0,0.0
2019-03-08,7,0,59,0.0,0.0,0.0,0.0,0.0
2019-03-08,7,0,63,90.87,90.87,0.0,1060.679379,0.0
2019-03-08,7,0,64,106.9,106.9,0.0,1247.789431,0.0
2019-03-08,7,0,65,5.8,5.8,0.0,55.165892,0.0
2019-03-08,7,0,67,0.0,0.0,0.0,0.0,0.0
2019-03-08,7,0,68,6.49,6.49,0.0,49.206084,0.0
2019-03-08,7,0,69,0.0,0.0,0.0,0.0,0.0
2019-03-08,7,0,74,9.36,9.36,0.0,84.940812,0.0
2019-03-08,7,0,77,200.0,200.0,0.0,1414.675342,0.0
2019-03-08,7,0,78,151.2,151.2,0.0,1069.494559,0.0
2019-03-08,7,0,79,87.5,87.5,0.0,618.920462,0.0
2019-03-08,7,0,80,141.5,141.5,0.0,1000.882805,0.0
2019-03-08,7,0,81,185.0,185.0,0.0,1308.574692,0.0
2019-03-08,7,0,82,130.5,130.5,0.0,923.075661,0.0
2019-03-08,7,0,83,291.0,291.0,0.0,2058.352623,0.0
2019-03-08,7,0,84,0.0,0.0,0.0,0.0,0.0
2019-03-08,7,0,86,0.0,0.0,0.0,0.0,0.0
2019-03-08,7,0,87,0.0,0.0,0.0,0.0,0.0
2019-03-08,7,0,88,170.6,170.6,0.0,1206.718067,0.0
2019-03-08,7,0,89,164.0,164.0,0.0,1160.033781,0.0
2019-03-08,7,0,90,220.2,220.2,0.0,1557.557552,0.0
2019-03-08,7,0,91,785.5,785.5,0.0,5556.137407,0.0
2019-03-08,7,0,92,282.5,282.5,0.0,1998.228921,0.0
2019-03-08,7,0,95,36.0,36.0,0.0,417.693693,0.0
2019-03-08,7,0,96,11.8,11.8,0.0,92.734349,0.0
2019-03-08,7,0,97,72.58,72.58,0.0,570.394836,0.0
2019-03-08,7,0,99,1.81,1.81,0.0,16.42552,0.0
2019-03-08,7,0,101,0.0,0.0,0.0,0.0,0.0
2019-03-08,7,0,102,15.37,15.37,0.0,116.532745,0.0
2019-03-08,7,0,103,13.37,13.37,0.0,101.369083,0.0
2019-03-08,7,0,104,2.48,2.48,0.0,18.802941,0.0
2019-03-08,7,0,106,0.0,0.0,0.0,0.0,0.0
2019-03-08,7,0,109,200.0,200.0,0.0,1716.636909,0.0
2019-03-08,7,0,110,137.14,137.14,0.0,1416.050823,0.0
2019-03-08,7,0,111,0.0,0.0,0.0,0.0,0.0
2019-03-08,7,0,113,61.55,61.55,0.0,416.014596,0.0
2019-03-08,7,0,115,61.55,61.55,0.0,416.014596,0.0
2019-03-08,7,0,116,0.0,0.0,0.0,0.0,0.0
2019-03-08,7,0,117,2.52,2.52,0.0,17.032604,0.0
2019-03-08,7,0,119,106.9,106.9,0.0,1247.789431,0.0
2019-03-08,7,0,120,62.86,62.86,0.0,733.732869,0.0
2019-03-08,7,0,123,0.0,0.0,0.0,0.0,0.0
2019-03-08,7,0,125,124.08,124.08,0.0,977.258582,0.0
2019-03-08,7,0,126,0.0,0.0,0.0,0.0,0.0
2019-03-08,7,0,127,0.0,0.0,0.0,0.0,0.0
2019-03-08,7,0,128,177.72,177.72,0.0,1399.729168,0.0
2019-03-08,7,0,131,24.44,24.44,0.0,180.891397,0.0
2019-03-08,7,0,132,35.93,35.93,0.0,265.934039,0.0
2019-03-08,7,0,133,14.24,14.24,0.0,135.691754,0.0
2019-03-08,7,0,134,0.0,0.0,0.0,0.0,0.0
2019-03-08,7,0,135,19.07,19.07,0.0,181.716414,0.0
2019-03-08,7,0,136,9.74,9.74,0.0,92.632075,0.0
2019-03-08,7,0,139,38.96,38.96,0.0,324.896095,0.0
2019-03-08,7,0,140,101.5,101.5,0.0,1048.046949,0.0
2019-03-08,7,0,141,125.55,125.55,0.0,1036.697379,0.0
2019-03-08,7,0,142,0.0,0.0,0.0,0.0,0.0
2019-03-08,7,0,143,14.87,14.87,0.0,116.991648,0.0
2019-03-08,7,0,145,17.88,17.88,0.0,145.430648,0.0
2019-03-08,7,0,146,66.64,66.64,0.0,688.097031,0.0
2019-03-08,7,0,152,0.0,0.0,0.0,0.0,0.0
2019-03-08,7,0,153,0.0,0.0,0.0,0.0,0.0
2019-03-08,7,0,154,0.0,0.0,0.0,0.0,0.0
2019-03-08,7,0,157,8.97,8.97,0.0,74.067507,0.0
2019-03-08,7,0,158,0.0,0.0,0.0,0.0,0.0
2019-03-08,7,0,159,0.0,0.0,0.0,0.0,0.0
2019-03-08,7,0,160,0.0,0.0,0.0,0.0,0.0
2019-03-08,7,0,161,0.0,0.0,0.0,0.0,0.0
2019-03-08,7,0,162,32.33,32.33,0.0,375.201718,0.0
2019-03-08,7,0,163,80.23,80.23,0.0,828.421741,0.0
2019-03-08,7,0,164,0.0,0.0,0.0,0.0,0.0
2019-03-08,7,0,167,0.0,0.0,0.0,0.0,0.0
2019-03-08,7,0,168,0.0,0.0,0.0,0.0,0.0
2019-03-08,7,0,169,0.0,0.0,0.0,0.0,0.0
2019-03-08,7,0,170,0.0,0.0,0.0,0.0,0.0
2019-03-08,7,0,172,0.0,0.0,0.0,0.0,0.0
2019-03-08,7,0,173,0.0,0.0,0.0,0.0,0.0
2019-03-08,7,0,188,0.0,0.0,0.0,0.0,0.0
2019-03-08,7,0,190,0.0,0.0,0.0,0.0,0.0
2019-03-08,7,0,191,0.0,0.0,0.0,0.0,0.0
2019-03-08,7,0,192,20.3,20.3,0.0,236.951595,0.0
2019-03-08,7,0,194,176.5,176.5,0.0,1052.447224,0.0
2019-03-08,7,0,196,0.0,0.0,0.0,0.0,0.0
2019-03-08,7,0,198,0.0,0.0,0.0,0.0,0.0
2019-03-08,7,0,199,39.0,39.0,0.0,299.482281,0.0
2019-03-08,7,0,200,0.0,0.0,0.0,0.0,0.0
2019-03-08,7,0,204,857.0,857.0,0.0,7317.58125,0.0
2019-03-08,7,0,205,1058.0,1058.0,0.0,9081.009249,0.0
2019-03-08,7,0,206,213.28,213.28,0.0,1676.134069,0.0
2019-03-08,7,0,210,0.0,0.0,0.0,0.0,0.0
2019-03-08,7,0,214,0.0,0.0,0.0,0.0,0.0
2019-03-08,7,0,217,0.0,0.0,0.0,0.0,0.0
2019-03-08,7,0,218,0.0,0.0,0.0,0.0,0.0
2019-03-08,7,0,219,0.0,0.0,0.0,0.0,0.0
2019-03-08,7,0,221,0.0,0.0,0.0,0.0,0.0
2019-03-08,7,0,225,0.0,0.0,0.0,0.0,0.0
2019-03-08,7,0,233,0.0,0.0,0.0,0.0,0.0
2019-03-08,7,0,236,34.26,34.26,0.0,318.808962,0.0
2019-03-08,7,0,237,22.46,22.46,0.0,203.82165,0.0
2019-03-08,7,0,238,0.0,0.0,0.0,0.0,0.0
2019-03-08,7,0,240,0.0,0.0,0.0,0.0,0.0
2019-03-08,7,0,245,20.89,20.89,0.0,200.259874,0.0
2019-03-08,7,0,247,25.13,25.13,0.0,240.906206,0.0
2019-03-08,7,0,248,2.25,2.25,0.0,20.418465,0.0
2019-03-08,7,0,249,40.18,40.18,0.0,385.18151,0.0
2019-03-08,7,0,251,37.88,37.88,0.0,359.29258,0.0
2019-03-08,7,0,252,37.4,37.4,0.0,355.724889,0.0
2019-03-08,7,0,254,0.0,0.0,0.0,0.0,0.0
2019-03-08,7,0,255,0.0,0.0,0.0,0.0,0.0
2019-03-08,7,0,258,0.0,0.0,0.0,0.0,0.0
2019-03-08,7,0,260,0.0,0.0,0.0,0.0,0.0
2019-03-08,7,0,265,0.0,0.0,0.0,0.0,0.0
2019-03-08,7,0,266,25.22,25.22,0.0,210.315183,0.0
2019-03-08,7,0,267,31.0,31.0,0.0,258.515887,0.0
2019-03-08,7,0,270,250.56,250.56,0.0,2587.178754,0.0
2019-03-08,7,0,272,218.98,218.98,0.0,1480.079224,0.0
2019-03-08,7,0,273,0.0,0.0,0.0,0.0,0.0
2019-03-08,7,0,274,323.0,323.0,0.0,3335.164182,0.0
2019-03-08,7,0,275,449.62,449.62,0.0,4642.589844,0.0
2019-03-08,7,0,276,0.0,0.0,0.0,0.0,0.0
2019-03-08,7,0,277,0.0,0.0,0.0,0.0,0.0
2019-03-08,7,0,278,0.0,0.0,0.0,0.0,0.0
2019-03-08,7,0,279,264.6,264.6,0.0,1821.776464,0.0
2019-03-08,7,0,281,4.07,4.07,0.0,32.021251,0.0
2019-03-08,7,0,282,0.0,0.0,0.0,0.0,0.0
2019-03-08,8,0,9,0.0,0.0,0.0,0.0,0.0
2019-03-08,8,0,17,1.89,1.89,0.0,18.101712,0.0
2019-03-08,8,0,19,324.94,324.94,0.0,3112.153587,0.0
2019-03-08,8,0,20,404.42,404.42,0.0,3873.383251,0.0
2019-03-08,8,0,21,0.0,0.0,0.0,0.0,0.0
2019-03-08,8,0,22,0.0,0.0,0.0,0.0,0.0
2019-03-08,8,0,23,65.62,65.62,0.0,464.163033,0.0
2019-03-08,8,0,24,116.1,116.1,0.0,821.233285,0.0
2019-03-08,8,0,29,0.62,0.62,0.0,5.055506,0.0
2019-03-08,8,0,30,0.0,0.0,0.0,0.0,0.0
2019-03-08,8,0,31,2.75,2.75,0.0,19.412905,0.0
2019-03-08,8,0,32,0.2,0.2,0.0,3.418832,0.0
2019-03-08,8,0,33,0.1,0.1,0.0,1.010284,0.0
2019-03-08,8,0,34,0.16,0.16,0.0,1.616455,0.0
2019-03-08,8,0,35,0.16,0.16,0.0,1.616455,0.0
2019-03-08,8,0,36,0.19,0.19,0.0,1.649195,0.0
2019-03-08,8,0,37,0.1,0.1,0.0,0.865559,0.0
2019-03-08,8,0,38,0.13,0.13,0.0,1.125227,0.0
2019-03-08,8,0,39,0.08,0.08,0.0,0.692447,0.0
2019-03-08,8,0,40,0.08,0.08,0.0,0.692447,0.0
2019-03-08,8,0,41,16.54,16.54,0.0,129.609898,0.0
2019-03-08,8,0,42,0.49,0.49,0.0,4.63725,0.0
2019-03-08,8,0,43,0.73,0.73,0.0,6.360915,0.0
2019-03-08,8,0,46,0.43,0.43,0.0,3.650648,0.0
2019-03-08,8,0,52,2.91,2.91,0.0,20.542383,0.0
2019-03-08,8,0,53,4.62,4.62,0.0,32.61368,0.0
2019-03-08,8,0,55,52.25,52.25,0.0,369.590346,0.0
2019-03-08,8,0,56,0.0,0.0,0.0,0.0,0.0
2019-03-08,8,0,57,0.0,0.0,0.0,0.0,0.0
2019-03-08,8,0,58,0.0,0.0,0.0,0.0,0.0
2019-03-08,8,0,59,0.0,0.0,0.0,0.0,0.0
2019-03-08,8,0,63,18.35,18.35,0.0,315.009722,0.0
2019-03-08,8,0,64,21.57,21.57,0.0,370.286633,0.0
2019-03-08,8,0,65,10.51,10.51,0.0,100.438569,0.0
2019-03-08,8,0,67,0.0,0.0,0.0,0.0,0.0
2019-03-08,8,0,68,4.98,4.98,0.0,34.923451,0.0
2019-03-08,8,0,69,0.1,0.1,0.0,1.010284,0.0
2019-03-08,8,0,74,7.47,7.47,0.0,67.012762,0.0
2019-03-08,8,0,77,138.3,138.3,0.0,789.25918,0.0
2019-03-08,8,0,78,104.43,104.43,0.0,595.967724,0.0
2019-03-08,8,0,79,60.23,60.23,0.0,343.72437,0.0
2019-03-08,8,0,80,97.7,97.7,0.0,557.560534,0.0
2019-03-08,8,0,81,127.89,127.89,0.0,729.850734,0.0
2019-03-08,8,0,82,90.06,90.06,0.0,513.960099,0.0
2019-03-08,8,0,83,201.48,201.48,0.0,1149.818797,0.0
2019-03-08,8,0,84,0.0,0.0,0.0,0.0,0.0
2019-03-08,8,0,86,0.52,0.52,0.0,5.253479,0.0
2019-03-08,8,0,87,2.67,2.67,0.0,26.974593,0.0
2019-03-08,8,0,88,123.33,123.33,0.0,703.827438,0.0
2019-03-08,8,0,89,119.02,119.02,0.0,679.230858,0.0
2019-03-08,8,0,90,155.3,155.3,0.0,886.275854,0.0
2019-03-08,8,0,91,486.84,486.84,0.0,2778.329279,0.0
2019-03-08,8,0,92,194.81,194.81,0.0,1111.754019,0.0
2019-03-08,8,0,95,36.0,36.0,0.0,613.063347,0.0
2019-03-08,8,0,96,13.19,13.19,0.0,92.914761,0.0
2019-03-08,8,0,97,81.09,81.09,0.0,571.225017,0.0
2019-03-08,8,0,99,1.44,1.44,0.0,12.918123,0.0
2019-03-08,8,0,101,0.0,0.0,0.0,0.0,0.0
2019-03-08,8,0,102,11.78,11.78,0.0,82.610091,0.0
2019-03-08,8,0,103,10.25,10.25,0.0,71.880597,0.0
2019-03-08,8,0,104,1.9,1.9,0.0,13.324208,0.0
2019-03-08,8,0,106,0.0,0.0,0.0,0.0,0.0
2019-03-08,8,0,109,200.0,200.0,0.0,1658.245423,0.0
2019-03-08,8,0,110,95.48,95.48,0.0,1320.69092,0.0
2019-03-08,8,0,111,0.0,0.0,0.0,0.0,0.0
2019-03-08,8,0,113,100.2,100.2,0.0,507.400627,0.0
2019-03-08,8,0,115,100.2,100.2,0.0,507.400627,0.0
2019-03-08,8,0,116,0.0,0.0,0.0,0.0,0.0
2019-03-08,8,0,117,5.19,5.19,0.0,26.281529,0.0
2019-03-08,8,0,119,21.57,21.57,0.0,370.286633,0.0
2019-03-08,8,0,120,12.73,12.73,0.0,218.53263,0.0
2019-03-08,8,0,123,0.0,0.0,0.0,0.0,0.0
2019-03-08,8,0,125,105.06,105.06,0.0,743.141851,0.0
2019-03-08,8,0,126,0.0,0.0,0.0,0.0,0.0
2019-03-08,8,0,127,0.0,0.0,0.0,0.0,0.0
2019-03-08,8,0,128,150.48,150.48,0.0,1064.420195,0.0
2019-03-08,8,0,131,20.89,20.89,0.0,137.130616,0.0
2019-03-08,8,0,132,30.72,30.72,0.0,201.658809,0.0
2019-03-08,8,0,133,19.32,19.32,0.0,185.078218,0.0
2019-03-08,8,0,134,0.0,0.0,0.0,0.0,0.0
2019-03-08,8,0,135,25.89,25.89,0.0,248.016308,0.0
2019-03-08,8,0,136,15.22,15.22,0.0,145.431902,0.0
2019-03-08,8,0,139,21.36,21.36,0.0,167.380134,0.0
2019-03-08,8,0,140,70.66,70.66,0.0,977.377675,0.0
2019-03-08,8,0,141,117.11,117.11,0.0,1017.853719,0.0
2019-03-08,8,0,142,0.0,0.0,0.0,0.0,0.0
2019-03-08,8,0,143,5.17,5.17,0.0,36.496261,0.0
2019-03-08,8,0,145,21.54,21.54,0.0,161.914112,0.0
2019-03-08,8,0,146,39.54,39.54,0.0,546.922067,0.0
2019-03-08,8,0,152,0.11,0.11,0.0,0.986865,0.0
2019-03-08,8,0,153,0.15,0.15,0.0,1.3416,0.0
2019-03-08,8,0,154,0.0,0.0,0.0,0.0,0.0
2019-03-08,8,0,157,0.0,0.0,0.0,0.0,0.0
2019-03-08,8,0,158,0.0,0.0,0.0,0.0,0.0
2019-03-08,8,0,159,0.0,0.0,0.0,0.0,0.0
2019-03-08,8,0,160,0.07,0.07,0.0,0.625328,0.0
2019-03-08,8,0,161,0.0,0.0,0.0,0.0,0.0
2019-03-08,8,0,162,24.5,24.5,0.0,417.375299,0.0
2019-03-08,8,0,163,16.17,16.17,0.0,223.665398,0.0
2019-03-08,8,0,164,0.0,0.0,0.0,0.0,0.0
2019-03-08,8,0,167,0.27,0.27,0.0,4.598799,0.0
2019-03-08,8,0,168,0.14,0.14,0.0,2.384563,0.0
2019-03-08,8,0,169,0.0,0.0,0.0,0.0,0.0
2019-03-08,8,0,170,0.3,0.3,0.0,5.109777,0.0
2019-03-08,8,0,172,0.36,0.36,0.0,5.835896,0.0
2019-03-08,8,0,173,0.54,0.54,0.0,8.753844,0.0
2019-03-08,8,0,188,0.4,0.4,0.0,6.681281,0.0
2019-03-08,8,0,190,0.0,0.0,0.0,0.0,0.0
2019-03-08,8,0,191,0.0,0.0,0.0,0.0,0.0
2019-03-08,8,0,192,18.43,18.43,0.0,316.383062,0.0
2019-03-08,8,0,194,176.5,176.5,0.0,567.345049,0.0
2019-03-08,8,0,196,0.0,0.0,0.0,0.0,0.0
2019-03-08,8,0,198,0.44,0.44,0.0,4.038137,0.0
2019-03-08,8,0,199,39.0,39.0,0.0,309.202845,0.0
2019-03-08,8,0,200,0.74,0.74,0.0,5.866926,0.0
2019-03-08,8,0,204,856.99,856.99,0.0,7049.6261,0.0
2019-03-08,8,0,205,1058.0,1058.0,0.0,8772.118289,0.0
2019-03-08,8,0,206,238.26,238.26,0.0,1678.382938,0.0
2019-03-08,8,0,210,0.19,0.19,0.0,1.581049,0.0
2019-03-08,8,0,214,0.83,0.83,0.0,8.643607,0.0
2019-03-08,8,0,217,0.64,0.64,0.0,6.082074,0.0
2019-03-08,8,0,218,0.88,0.88,0.0,8.362852,0.0
2019-03-08,8,0,219,0.6,0.6,0.0,5.701945,0.0
2019-03-08,8,0,221,0.44,0.44,0.0,4.582153,0.0
2019-03-08,8,0,225,0.55,0.55,0.0,4.475839,0.0
2019-03-08,8,0,233,0.3,0.3,0.0,3.030853,0.0
2019-03-08,8,0,236,23.28,23.28,0.0,216.195856,0.0
2019-03-08,8,0,237,17.92,17.92,0.0,160.758862,0.0
2019-03-08,8,0,238,0.63,0.63,0.0,5.962179,0.0
2019-03-08,8,0,240,0.22,0.22,0.0,1.909594,0.0
2019-03-08,8,0,245,32.88,32.88,0.0,317.469412,0.0
2019-03-08,8,0,247,40.19,40.19,0.0,388.050355,0.0
2019-03-08,8,0,248,1.8,1.8,0.0,16.147654,0.0
2019-03-08,8,0,249,63.23,63.23,0.0,610.510673,0.0
2019-03-08,8,0,251,76.82,76.82,0.0,731.461121,0.0
2019-03-08,8,0,252,67.8,67.8,0.0,647.929111,0.0
2019-03-08,8,0,254,0.53,0.53,0.0,4.647415,0.0
2019-03-08,8,0,255,0.24,0.24,0.0,2.10449,0.0
2019-03-08,8,0,258,0.27,0.27,0.0,2.345058,0.0
2019-03-08,8,0,260,0.17,0.17,0.0,1.518655,0.0
2019-03-08,8,0,265,0.0,0.0,0.0,0.0,0.0
2019-03-08,8,0,266,13.83,13.83,0.0,108.373935,0.0
2019-03-08,8,0,267,17.0,17.0,0.0,133.214526,0.0
2019-03-08,8,0,270,50.49,50.49,0.0,698.383793,0.0
2019-03-08,8,0,272,346.91,346.91,0.0,1756.710095,0.0
2019-03-08,8,0,273,0.0,0.0,0.0,0.0,0.0
2019-03-08,8,0,274,65.09,65.09,0.0,900.332761,0.0
2019-03-08,8,0,275,90.61,90.61,0.0,1253.328491,0.0
2019-03-08,8,0,276,0.0,0.0,0.0,0.0,0.0
2019-03-08,8,0,277,0.0,0.0,0.0,0.0,0.0
2019-03-08,8,0,278,0.0,0.0,0.0,0.0,0.0
2019-03-08,8,0,279,221.97,221.97,0.0,1181.249192,0.0
2019-03-08,8,0,281,1.23,1.23,0.0,8.682863,0.0
2019-03-08,8,0,282,0.0,0.0,0.0,0.0,0.0
2019-03-08,9,0,9,0.77,0.77,0.0,5.466282,0.0
2019-03-08,9,0,17,15.55,15.55,0.0,146.723374,0.0
2019-03-08,9,0,19,332.94,332.94,0.0,3141.484256,0.0
2019-03-08,9,0,20,413.42,413.42,0.0,3900.860278,0.0
2019-03-08,9,0,21,17.55,17.55,0.0,124.588638,0.0
2019-03-08,9,0,22,62.39,62.39,0.0,442.910833,0.0
2019-03-08,9,0,23,55.27,55.27,0.0,392.365471,0.0
2019-03-08,9,0,24,97.78,97.78,0.0,694.146839,0.0
2019-03-08,9,0,29,2.81,2.81,0.0,23.731893,0.0
2019-03-08,9,0,30,132.05,132.05,0.0,935.64364,0.0
2019-03-08,9,0,31,2.78,2.78,0.0,19.697761,0.0
2019-03-08,9,0,32,1.86,1.86,0.0,31.848025,0.0
2019-03-08,9,0,33,0.87,0.87,0.0,8.624629,0.0
2019-03-08,9,0,34,1.39,1.39,0.0,13.779579,0.0
2019-03-08,9,0,35,1.39,1.39,0.0,13.779579,0.0
2019-03-08,9,0,36,3.27,3.27,0.0,28.224489,0.0
2019-03-08,9,0,37,1.56,1.56,0.0,13.433398,0.0
2019-03-08,9,0,38,2.01,2.01,0.0,17.308416,0.0
2019-03-08,9,0,39,1.34,1.34,0.0,11.538944,0.0
2019-03-08,9,0,40,1.34,1.34,0.0,11.538944,0.0
2019-03-08,9,0,41,22.05,22.05,0.0,172.432118,0.0
2019-03-08,9,0,42,17.48,17.48,0.0,163.123725,0.0
2019-03-08,9,0,43,9.98,9.98,0.0,86.581559,0.0
2019-03-08,9,0,46,8.81,8.81,0.0,74.498815,0.0
2019-03-08,9,0,52,2.95,2.95,0.0,20.9023,0.0
2019-03-08,9,0,53,4.71,4.71,0.0,33.372825,0.0
2019-03-08,9,0,55,45.36,45.36,0.0,322.01371,0.0
2019-03-08,9,0,56,38.95,38.95,0.0,275.981218,0.0
2019-03-08,9,0,57,37.05,37.05,0.0,262.518719,0.0
2019-03-08,9,0,58,71.25,71.25,0.0,504.843691,0.0
2019-03-08,9,0,59,70.06,70.06,0.0,496.411916,0.0
2019-03-08,9,0,63,2.14,2.14,0.0,36.789873,0.0
2019-03-08,9,0,64,2.51,2.51,0.0,43.150739,0.0
2019-03-08,9,0,65,17.31,17.31,0.0,162.996987,0.0
2019-03-08,9,0,67,80.07,80.07,0.0,702.255944,0.0
2019-03-08,9,0,68,6.95,6.95,0.0,49.361297,0.0
2019-03-08,9,0,69,0.87,0.87,0.0,8.624629,0.0
2019-03-08,9,0,74,6.42,6.42,0.0,57.021546,0.0
2019-03-08,9,0,77,49.34,49.34,0.0,286.203654,0.0
2019-03-08,9,0,78,37.3,37.3,0.0,216.36393,0.0
2019-03-08,9,0,79,21.58,21.58,0.0,125.177845,0.0
2019-03-08,9,0,80,34.91,34.91,0.0,202.500397,0.0
2019-03-08,9,0,81,45.64,45.64,0.0,264.741281,0.0
2019-03-08,9,0,82,32.19,32.19,0.0,186.722652,0.0
2019-03-08,9,0,83,71.78,71.78,0.0,416.370051,0.0
2019-03-08,9,0,84,0.0,0.0,0.0,0.0,0.0
2019-03-08,9,0,86,4.4,4.4,0.0,43.618812,0.0
2019-03-08,9,0,87,22.44,22.44,0.0,222.455942,0.0
2019-03-08,9,0,88,155.83,155.83,0.0,903.913973,0.0
2019-03-08,9,0,89,148.85,148.85,0.0,863.425495,0.0
2019-03-08,9,0,90,208.93,208.93,0.0,1211.92804,0.0
2019-03-08,9,0,91,785.09,785.09,0.0,4554.025678,0.0
2019-03-08,9,0,92,276.23,276.23,0.0,1602.311217,0.0
2019-03-08,9,0,95,36.0,36.0,0.0,614.111366,0.0
2019-03-08,9,0,96,14.99,14.99,0.0,105.999875,0.0
2019-03-08,9,0,97,92.16,92.16,0.0,651.697694,0.0
2019-03-08,9,0,99,1.24,1.24,0.0,11.013507,0.0
2019-03-08,9,0,101,2.66,2.66,0.0,18.847498,0.0
2019-03-08,9,0,102,16.42,16.42,0.0,116.620502,0.0
2019-03-08,9,0,103,14.28,14.28,0.0,101.421484,0.0
2019-03-08,9,0,104,2.66,2.66,0.0,18.892237,0.0
2019-03-08,9,0,106,61.42,61.42,0.0,436.024738,0.0
2019-03-08,9,0,109,186.24,186.24,0.0,1537.954617,0.0
2019-03-08,9,0,110,64.94,64.94,0.0,901.303787,0.0
2019-03-08,9,0,111,4.41,4.41,0.0,34.486424,0.0
2019-03-08,9,0,113,51.65,51.65,0.0,267.279842,0.0
2019-03-08,9,0,115,51.65,51.65,0.0,267.279842,0.0
2019-03-08,9,0,116,34.09,34.09,0.0,473.135912,0.0
2019-03-08,9,0,117,3.51,3.51,0.0,18.163645,0.0
2019-03-08,9,0,119,2.51,2.51,0.0,43.150739,0.0
2019-03-08,9,0,120,1.48,1.48,0.0,25.443464,0.0
2019-03-08,9,0,123,1.02,1.02,0.0,7.241049,0.0
2019-03-08,9,0,125,88.49,88.49,0.0,628.1965,0.0
2019-03-08,9,0,126,46.06,46.06,0.0,326.983058,0.0
2019-03-08,9,0,127,59.11,59.11,0.0,419.625891,0.0
2019-03-08,9,0,128,126.74,126.74,0.0,899.735839,0.0
2019-03-08,9,0,131,17.81,17.81,0.0,118.558058,0.0
2019-03-08,9,0,132,26.18,26.18,0.0,174.275685,0.0
2019-03-08,9,0,133,25.49,25.49,0.0,240.559309,0.0
2019-03-08,9,0,134,0.0,0.0,0.0,0.0,0.0
2019-03-08,9,0,135,34.16,34.16,0.0,322.381561,0.0
2019-03-08,9,0,136,22.56,22.56,0.0,212.408987,0.0
2019-03-08,9,0,139,28.47,28.47,0.0,222.636844,0.0
2019-03-08,9,0,140,48.06,48.06,0.0,667.02587,0.0
2019-03-08,9,0,141,109.98,109.98,0.0,964.582349,0.0
2019-03-08,9,0,142,105.59,105.59,0.0,926.079744,0.0
2019-03-08,9,0,143,8.78,8.78,0.0,62.210914,0.0
2019-03-08,9,0,145,25.83,25.83,0.0,194.267205,0.0
2019-03-08,9,0,146,35.03,35.03,0.0,486.182194,0.0
2019-03-08,9,0,152,2.41,2.41,0.0,21.413623,0.0
2019-03-08,9,0,153,3.07,3.07,0.0,27.201366,0.0
2019-03-08,9,0,154,18.18,18.18,0.0,142.168522,0.0
2019-03-08,9,0,157,9.35,9.35,0.0,82.00441,0.0
2019-03-08,9,0,158,72.66,72.66,0.0,637.266353,0.0
2019-03-08,9,0,159,0.0,0.0,0.0,0.0,0.0
2019-03-08,9,0,160,0.8,0.8,0.0,7.124816,0.0
2019-03-08,9,0,161,15.8,15.8,0.0,112.217048,0.0
2019-03-08,9,0,162,17.96,17.96,0.0,306.482608,0.0
2019-03-08,9,0,163,0.0,0.0,0.0,0.0,0.0
2019-03-08,9,0,164,4.4,4.4,0.0,31.176312,0.0
2019-03-08,9,0,167,2.13,2.13,0.0,36.34151,0.0
2019-03-08,9,0,168,1.06,1.06,0.0,18.085446,0.0
2019-03-08,9,0,169,0.0,0.0,0.0,0.0,0.0
2019-03-08,9,0,170,2.32,2.32,0.0,39.583241,0.0
2019-03-08,9,0,172,2.81,2.81,0.0,45.668958,0.0
2019-03-08,9,0,173,4.28,4.28,0.0,69.559837,0.0
2019-03-08,9,0,188,3.75,3.75,0.0,62.759884,0.0
2019-03-08,9,0,190,2.95,2.95,0.0,50.715012,0.0
2019-03-08,9,0,191,7.61,7.61,0.0,130.827539,0.0
2019-03-08,9,0,192,27.97,27.97,0.0,480.847079,0.0
2019-03-08,9,0,194,130.37,130.37,0.0,436.636938,0.0
2019-03-08,9,0,196,1.87,1.87,0.0,29.817361,0.0
2019-03-08,9,0,198,3.65,3.65,0.0,33.566037,0.0
2019-03-08,9,0,199,37.07,37.07,0.0,299.382311,0.0
2019-03-08,9,0,200,6.58,6.58,0.0,53.140966,0.0
2019-03-08,9,0,204,480.72,480.72,0.0,3940.683055,0.0
2019-03-08,9,0,205,1048.92,1048.92,0.0,8661.895171,0.0
2019-03-08,9,0,206,270.81,270.81,0.0,1914.9984,0.0
2019-03-08,9,0,210,0.89,0.89,0.0,7.645359,0.0
2019-03-08,9,0,214,4.72,4.72,0.0,48.126716,0.0
2019-03-08,9,0,217,3.24,3.24,0.0,30.773728,0.0
2019-03-08,9,0,218,4.47,4.47,0.0,42.456348,0.0
2019-03-08,9,0,219,3.05,3.05,0.0,28.969096,0.0
2019-03-08,9,0,221,2.52,2.52,0.0,25.694772,0.0
2019-03-08,9,0,225,2.55,2.55,0.0,21.500406,0.0
2019-03-08,9,0,233,2.49,2.49,0.0,24.684282,0.0
2019-03-08,9,0,236,14.92,14.92,0.0,136.835445,0.0
2019-03-08,9,0,237,15.4,15.4,0.0,136.780656,0.0
2019-03-08,9,0,238,22.76,22.76,0.0,212.396795,0.0
2019-03-08,9,0,240,3.7,3.7,0.0,31.935967,0.0
2019-03-08,9,0,245,48.92,48.92,0.0,465.049798,0.0
2019-03-08,9,0,247,60.17,60.17,0.0,571.996041,0.0
2019-03-08,9,0,248,1.55,1.55,0.0,13.766884,0.0
2019-03-08,9,0,249,94.08,94.08,0.0,894.355785,0.0
2019-03-08,9,0,251,136.36,136.36,0.0,1279.706087,0.0
2019-03-08,9,0,252,111.63,111.63,0.0,1051.146945,0.0
2019-03-08,9,0,254,5.47,5.47,0.0,47.771429,0.0
2019-03-08,9,0,255,2.51,2.51,0.0,21.92071,0.0
2019-03-08,9,0,258,4.56,4.56,0.0,39.391447,0.0
2019-03-08,9,0,260,1.94,1.94,0.0,17.277678,0.0
2019-03-08,9,0,265,18.82,18.82,0.0,147.173354,0.0
2019-03-08,9,0,266,18.44,18.44,0.0,144.201735,0.0
2019-03-08,9,0,267,22.66,22.66,0.0,177.202349,0.0
2019-03-08,9,0,270,0.0,0.0,0.0,0.0,0.0
2019-03-08,9,0,272,172.35,172.35,0.0,891.881525,0.0
2019-03-08,9,0,273,8.15,8.15,0.0,113.114042,0.0
2019-03-08,9,0,274,0.0,0.0,0.0,0.0,0.0
2019-03-08,9,0,275,0.0,0.0,0.0,0.0,0.0
2019-03-08,9,0,276,1.79,1.79,0.0,22.801743,0.0
2019-03-08,9,0,277,2.22,2.22,0.0,12.045113,0.0
2019-03-08,9,0,278,3.56,3.56,0.0,19.315586,0.0
2019-03-08,9,0,279,166.16,166.16,0.0,901.538711,0.0
2019-03-08,9,0,281,1.24,1.24,0.0,8.786052,0.0
2019-03-08,9,0,282,72.44,72.44,0.0,513.275466,0.0
2019-03-08,10,0,9,1.64,1.64,0.0,11.207564,0.0
2019-03-08,10,0,17,31.04,31.04,0.0,268.57571,0.0
2019-03-08,10,0,19,313.76,313.76,0.0,2714.829731,0.0
2019-03-08,10,0,20,388.77,388.77,0.0,3363.858855,0.0
2019-03-08,10,0,21,37.46,37.46,0.0,255.997167,0.0
2019-03-08,10,0,22,133.14,133.14,0.0,909.862862,0.0
2019-03-08,10,0,23,46.3,46.3,0.0,316.408671,0.0
2019-03-08,10,0,24,81.93,81.93,0.0,559.899837,0.0
2019-03-08,10,0,29,5.27,5.27,0.0,48.165122,0.0
2019-03-08,10,0,30,288.26,288.26,0.0,1966.643556,0.0
2019-03-08,10,0,31,4.82,4.82,0.0,32.884278,0.0
2019-03-08,10,0,32,3.59,3.59,0.0,61.533934,0.0
2019-03-08,10,0,33,1.69,1.69,0.0,15.174143,0.0
2019-03-08,10,0,34,2.7,2.7,0.0,24.242714,0.0
2019-03-08,10,0,35,2.7,2.7,0.0,24.242714,0.0
2019-03-08,10,0,36,6.4,6.4,0.0,52.163033,0.0
2019-03-08,10,0,37,3.05,3.05,0.0,24.84005,0.0
2019-03-08,10,0,38,3.92,3.92,0.0,31.925573,0.0
2019-03-08,10,0,39,2.61,2.61,0.0,21.256568,0.0
2019-03-08,10,0,40,2.61,2.61,0.0,21.256568,0.0
2019-03-08,10,0,41,29.2,29.2,0.0,216.954558,0.0
2019-03-08,10,0,42,36.46,36.46,0.0,312.894471,0.0
2019-03-08,10,0,43,19.41,19.41,0.0,159.7921,0.0
2019-03-08,10,0,46,17.69,17.69,0.0,141.914059,0.0
2019-03-08,10,0,52,5.12,5.12,0.0,34.931017,0.0
2019-03-08,10,0,53,8.16,8.16,0.0,55.671309,0.0
2019-03-08,10,0,55,39.54,39.54,0.0,270.211639,0.0
2019-03-08,10,0,56,85.03,85.03,0.0,580.114139,0.0
2019-03-08,10,0,57,80.88,80.88,0.0,551.800912,0.0
2019-03-08,10,0,58,155.54,155.54,0.0,1061.166096,0.0
2019-03-08,10,0,59,152.94,152.94,0.0,1043.427689,0.0
2019-03-08,10,0,63,0.0,0.0,0.0,0.0,0.0
2019-03-08,10,0,64,0.0,0.0,0.0,0.0,0.0
2019-03-08,10,0,65,26.52,26.52,0.0,229.117747,0.0
2019-03-08,10,0,67,173.31,173.31,0.0,1514.132228,0.0
2019-03-08,10,0,68,9.07,9.07,0.0,64.028787,0.0
2019-03-08,10,0,69,1.69,1.69,0.0,15.174143,0.0
2019-03-08,10,0,74,9.96,9.96,0.0,82.344941,0.0
2019-03-08,10,0,77,43.24,43.24,0.0,248.056087,0.0
2019-03-08,10,0,78,32.69,32.69,0.0,187.533614,0.0
2019-03-08,10,0,79,18.92,18.92,0.0,108.53888,0.0
2019-03-08,10,0,80,30.59,30.59,0.0,175.486487,0.0
2019-03-08,10,0,81,39.99,39.99,0.0,229.411724,0.0
2019-03-08,10,0,82,28.21,28.21,0.0,161.833076,0.0
2019-03-08,10,0,83,62.91,62.91,0.0,360.897513,0.0
2019-03-08,10,0,84,0.0,0.0,0.0,0.0,0.0
2019-03-08,10,0,86,8.55,8.55,0.0,76.768593,0.0
2019-03-08,10,0,87,43.67,43.67,0.0,392.103447,0.0
2019-03-08,10,0,88,95.26,95.26,0.0,546.48064,0.0
2019-03-08,10,0,89,91.13,91.13,0.0,522.787956,0.0
2019-03-08,10,0,90,126.55,126.55,0.0,725.982836,0.0
2019-03-08,10,0,91,468.83,468.83,0.0,2689.549846,0.0
2019-03-08,10,0,92,166.11,166.11,0.0,952.927767,0.0
2019-03-08,10,0,95,65.94,65.94,0.0,1126.059742,0.0
2019-03-08,10,0,96,17.14,17.14,0.0,116.732538,0.0
2019-03-08,10,0,97,105.4,105.4,0.0,717.830192,0.0
2019-03-08,10,0,99,2.05,2.05,0.0,16.948507,0.0
2019-03-08,10,0,101,5.81,5.81,0.0,39.638518,0.0
2019-03-08,10,0,102,21.47,21.47,0.0,151.565387,0.0
2019-03-08,10,0,103,18.67,18.67,0.0,131.799058,0.0
2019-03-08,10,0,104,3.47,3.47,0.0,24.496129,0.0
2019-03-08,10,0,106,131.07,131.07,0.0,895.716729,0.0
2019-03-08,10,0,109,171.07,171.07,0.0,1337.773107,0.0
2019-03-08,10,0,110,44.47,44.47,0.0,616.911154,0.0
2019-03-08,10,0,111,9.37,9.37,0.0,69.618637,0.0
2019-03-08,10,0,113,79.34,79.34,0.0,408.873688,0.0
2019-03-08,10,0,115,79.34,79.34,0.0,408.873688,0.0
2019-03-08,10,0,116,70.46,70.46,0.0,977.458059,0.0
2019-03-08,10,0,117,5.29,5.29,0.0,27.261681,0.0
2019-03-08,10,0,119,0.0,0.0,0.0,0.0,0.0
2019-03-08,10,0,120,0.0,0.0,0.0,0.0,0.0
2019-03-08,10,0,123,2.18,2.18,0.0,14.89786,0.0
2019-03-08,10,0,125,74.14,74.14,0.0,506.663907,0.0
2019-03-08,10,0,126,98.3,98.3,0.0,671.770462,0.0
2019-03-08,10,0,127,126.15,126.15,0.0,862.094037,0.0
2019-03-08,10,0,128,106.18,106.18,0.0,725.621441,0.0
2019-03-08,10,0,131,20.3,20.3,0.0,134.213203,0.0
2019-03-08,10,0,132,32.76,32.76,0.0,216.592341,0.0
2019-03-08,10,0,133,32.94,32.94,0.0,285.056355,0.0
2019-03-08,10,0,134,0.0,0.0,0.0,0.0,0.0
2019-03-08,10,0,135,44.14,44.14,0.0,381.978977,0.0
2019-03-08,10,0,136,31.96,31.96,0.0,276.093212,0.0
2019-03-08,10,0,139,37.71,37.71,0.0,280.183438,0.0
2019-03-08,10,0,140,32.91,32.91,0.0,456.544773,0.0
2019-03-08,10,0,141,104.12,104.12,0.0,909.650035,0.0
2019-03-08,10,0,142,228.55,228.55,0.0,1996.739488,0.0
2019-03-08,10,0,143,15.34,15.34,0.0,104.656602,0.0
2019-03-08,10,0,145,56.19,56.19,0.0,404.161931,0.0
2019-03-08,10,0,146,51.5,51.5,0.0,714.434999,0.0
2019-03-08,10,0,152,4.77,4.77,0.0,39.500941,0.0
2019-03-08,10,0,153,6.01,6.01,0.0,49.668858,0.0
2019-03-08,10,0,154,38.67,38.67,0.0,287.31619,0.0
2019-03-08,10,0,157,33.45,33.45,0.0,292.237742,0.0
2019-03-08,10,0,158,173.69,173.69,0.0,1517.452119,0.0
2019-03-08,10,0,159,0.0,0.0,0.0,0.0,0.0
2019-03-08,10,0,160,1.55,1.55,0.0,13.185589,0.0
2019-03-08,10,0,161,33.27,33.27,0.0,234.866345,0.0
2019-03-08,10,0,162,23.9,23.9,0.0,408.281825,0.0
2019-03-08,10,0,163,2.26,2.26,0.0,31.351905,0.0
2019-03-08,10,0,164,10.56,10.56,0.0,72.045223,0.0
2019-03-08,10,0,167,4.08,4.08,0.0,69.687843,0.0
2019-03-08,10,0,168,2.04,2.04,0.0,34.843922,0.0
2019-03-08,10,0,169,0.0,0.0,0.0,0.0,0.0
2019-03-08,10,0,170,4.46,4.46,0.0,76.178378,0.0
2019-03-08,10,0,172,5.37,5.37,0.0,87.486002,0.0
2019-03-08,10,0,173,8.19,8.19,0.0,133.428372,0.0
2019-03-08,10,0,188,7.32,7.32,0.0,122.670391,0.0
2019-03-08,10,0,190,5.82,5.82,0.0,100.09546,0.0
2019-03-08,10,0,191,15.03,15.03,0.0,258.493945,0.0
2019-03-08,10,0,192,53.16,53.16,0.0,914.273994,0.0
2019-03-08,10,0,194,42.78,42.78,0.0,143.775891,0.0
2019-03-08,10,0,196,3.9,3.9,0.0,62.182014,0.0
2019-03-08,10,0,198,6.95,6.95,0.0,62.299095,0.0
2019-03-08,10,0,199,29.16,29.16,0.0,240.914459,0.0
2019-03-08,10,0,200,12.97,12.97,0.0,107.155711,0.0
2019-03-08,10,0,204,257.1,257.1,0.0,1998.790219,0.0
2019-03-08,10,0,205,1010.31,1010.31,0.0,7900.657907,0.0
2019-03-08,10,0,206,309.73,309.73,0.0,2109.426427,0.0
2019-03-08,10,0,210,1.64,1.64,0.0,15.104708,0.0
2019-03-08,10,0,214,9.01,9.01,0.0,82.637356,0.0
2019-03-08,10,0,217,6.18,6.18,0.0,56.803834,0.0
2019-03-08,10,0,218,8.53,8.53,0.0,78.403997,0.0
2019-03-08,10,0,219,5.81,5.81,0.0,53.402957,0.0
2019-03-08,10,0,221,4.81,4.81,0.0,44.116058,0.0
2019-03-08,10,0,225,4.72,4.72,0.0,43.106177,0.0
2019-03-08,10,0,233,4.84,4.84,0.0,43.457309,0.0
2019-03-08,10,0,236,8.83,8.83,0.0,74.818116,0.0
2019-03-08,10,0,237,23.28,23.28,0.0,192.468898,0.0
2019-03-08,10,0,238,47.46,47.46,0.0,407.294887,0.0
2019-03-08,10,0,240,7.25,7.25,0.0,59.090936,0.0
2019-03-08,10,0,245,69.69,69.69,0.0,606.363729,0.0
2019-03-08,10,0,247,86.1,86.1,0.0,749.145028,0.0
2019-03-08,10,0,248,2.54,2.54,0.0,20.999613,0.0
2019-03-08,10,0,249,134.02,134.02,0.0,1166.090786,0.0
2019-03-08,10,0,251,221.26,221.26,0.0,1906.789016,0.0
2019-03-08,10,0,252,171.05,171.05,0.0,1477.774911,0.0
2019-03-08,10,0,254,10.68,10.68,0.0,88.658008,0.0
2019-03-08,10,0,255,4.89,4.89,0.0,40.593414,0.0
2019-03-08,10,0,258,8.94,8.94,0.0,72.983619,0.0
2019-03-08,10,0,260,3.76,3.76,0.0,31.985687,0.0
2019-03-08,10,0,265,40.03,40.03,0.0,297.420923,0.0
2019-03-08,10,0,266,24.42,24.42,0.0,181.439394,0.0
2019-03-08,10,0,267,30.0,30.0,0.0,222.898518,0.0
2019-03-08,10,0,270,7.05,7.05,0.0,97.801296,0.0
2019-03-08,10,0,272,265.17,265.17,0.0,1366.536877,0.0
2019-03-08,10,0,273,16.85,16.85,0.0,233.752034,0.0
2019-03-08,10,0,274,9.09,9.09,0.0,126.101245,0.0
2019-03-08,10,0,275,12.65,12.65,0.0,175.487432,0.0
2019-03-08,10,0,276,3.76,3.76,0.0,47.848897,0.0
2019-03-08,10,0,277,4.69,4.69,0.0,25.266378,0.0
2019-03-08,10,0,278,7.5,7.5,0.0,40.404656,0.0
2019-03-08,10,0,279,121.08,121.08,0.0,652.292765,0.0
2019-03-08,10,0,281,2.15,2.15,0.0,14.668298,0.0
2019-03-08,10,0,282,158.13,158.13,0.0,1078.836278,0.0
2019-03-08,11,0,9,2.56,2.56,0.0,16.746642,0.0
2019-03-08,11,0,17,45.6,45.6,0.0,395.679466,0.0
2019-03-08,11,0,19,192.99,192.99,0.0,1674.609214,0.0
2019-03-08,11,0,20,234.06,234.06,0.0,2030.981048,0.0
2019-03-08,11,0,21,58.44,58.44,0.0,382.294432,0.0
2019-03-08,11,0,22,207.68,207.68,0.0,1358.571315,0.0
2019-03-08,11,0,23,31.51,31.51,0.0,206.12761,0.0
2019-03-08,11,0,24,55.73,55.73,0.0,364.566542,0.0
2019-03-08,11,0,29,7.97,7.97,0.0,67.283939,0.0
2019-03-08,11,0,30,458.23,458.23,0.0,2991.698159,0.0
2019-03-08,11,0,31,9.03,9.03,0.0,58.955185,0.0
2019-03-08,11,0,32,5.35,5.35,0.0,91.14778,0.0
2019-03-08,11,0,33,2.49,2.49,0.0,22.63293,0.0
2019-03-08,11,0,34,3.99,3.99,0.0,36.267225,0.0
2019-03-08,11,0,35,3.99,3.99,0.0,36.267225,0.0
2019-03-08,11,0,36,9.7,9.7,0.0,77.678799,0.0
2019-03-08,11,0,37,4.65,4.65,0.0,37.175548,0.0
2019-03-08,11,0,38,5.97,5.97,0.0,47.728607,0.0
2019-03-08,11,0,39,3.98,3.98,0.0,31.819071,0.0
2019-03-08,11,0,40,3.98,3.98,0.0,31.819071,0.0
2019-03-08,11,0,41,34.8,34.8,0.0,251.22801,0.0
2019-03-08,11,0,42,57.87,57.87,0.0,496.975899,0.0
2019-03-08,11,0,43,29.33,29.33,0.0,236.80604,0.0
2019-03-08,11,0,46,26.3,26.3,0.0,206.517063,0.0
2019-03-08,11,0,52,9.6,9.6,0.0,62.676609,0.0
2019-03-08,11,0,53,15.63,15.63,0.0,102.045353,0.0
2019-03-08,11,0,55,120.87,120.87,0.0,790.690075,0.0
2019-03-08,11,0,56,135.16,135.16,0.0,882.434418,0.0
2019-03-08,11,0,57,128.57,128.57,0.0,839.409537,0.0
2019-03-08,11,0,58,247.24,247.24,0.0,1614.183822,0.0
2019-03-08,11,0,59,243.12,243.12,0.0,1587.285111,0.0
2019-03-08,11,0,63,0.0,0.0,0.0,0.0,0.0
2019-03-08,11,0,64,0.0,0.0,0.0,0.0,0.0
2019-03-08,11,0,65,39.73,39.73,0.0,344.084738,0.0
2019-03-08,11,0,67,274.8,274.8,0.0,2305.520953,0.0
2019-03-08,11,0,68,9.13,9.13,0.0,60.837052,0.0
2019-03-08,11,0,69,2.49,2.49,0.0,22.63293,0.0
2019-03-08,11,0,74,10.73,10.73,0.0,87.938712,0.0
2019-03-08,11,0,77,47.61,47.61,0.0,252.754542,0.0
2019-03-08,11,0,78,35.99,35.99,0.0,191.065658,0.0
2019-03-08,11,0,79,20.83,20.83,0.0,110.58343,0.0
2019-03-08,11,0,80,33.68,33.68,0.0,178.802205,0.0
2019-03-08,11,0,81,44.04,44.04,0.0,233.801933,0.0
2019-03-08,11,0,82,31.07,31.07,0.0,164.946096,0.0
2019-03-08,11,0,83,69.27,69.27,0.0,367.744322,0.0
2019-03-08,11,0,84,0.0,0.0,0.0,0.0,0.0
2019-03-08,11,0,86,12.64,12.64,0.0,114.89166,0.0
2019-03-08,11,0,87,64.51,64.51,0.0,586.365586,0.0
2019-03-08,11,0,88,48.01,48.01,0.0,254.878084,0.0
2019-03-08,11,0,89,46.15,46.15,0.0,245.003616,0.0
2019-03-08,11,0,90,61.97,61.97,0.0,328.989687,0.0
2019-03-08,11,0,91,221.05,221.05,0.0,1173.522193,0.0
2019-03-08,11,0,92,79.5,79.5,0.0,422.053899,0.0
2019-03-08,11,0,95,79.84,79.84,0.0,1354.988555,0.0
2019-03-08,11,0,96,28.18,28.18,0.0,183.603707,0.0
2019-03-08,11,0,97,207.13,207.13,0.0,1349.532856,0.0
2019-03-08,11,0,99,2.3,2.3,0.0,18.849864,0.0
2019-03-08,11,0,101,9.23,9.23,0.0,60.260948,0.0
2019-03-08,11,0,102,21.62,21.62,0.0,144.063205,0.0
2019-03-08,11,0,103,18.8,18.8,0.0,125.272352,0.0
2019-03-08,11,0,104,3.49,3.49,0.0,23.255346,0.0
2019-03-08,11,0,106,204.44,204.44,0.0,1337.376346,0.0
2019-03-08,11,0,109,83.48,83.48,0.0,638.257567,0.0
2019-03-08,11,0,110,24.85,24.85,0.0,339.862845,0.0
2019-03-08,11,0,111,14.53,14.53,0.0,104.894913,0.0
2019-03-08,11,0,113,42.54,42.54,0.0,199.327388,0.0
2019-03-08,11,0,115,42.54,42.54,0.0,199.327388,0.0
2019-03-08,11,0,116,109.05,109.05,0.0,1491.430311,0.0
2019-03-08,11,0,117,2.86,2.86,0.0,13.400948,0.0
2019-03-08,11,0,119,0.0,0.0,0.0,0.0,0.0
2019-03-08,11,0,120,0.0,0.0,0.0,0.0,0.0
2019-03-08,11,0,123,3.41,3.41,0.0,22.30705,0.0
2019-03-08,11,0,125,50.43,50.43,0.0,329.89576,0.0
2019-03-08,11,0,126,153.33,153.33,0.0,1003.03226,0.0
2019-03-08,11,0,127,196.77,196.77,0.0,1287.201838,0.0
2019-03-08,11,0,128,72.22,72.22,0.0,472.438465,0.0
2019-03-08,11,0,131,17.02,17.02,0.0,105.564117,0.0
2019-03-08,11,0,132,25.02,25.02,0.0,155.182974,0.0
2019-03-08,11,0,133,41.94,41.94,0.0,363.986591,0.0
2019-03-08,11,0,134,0.0,0.0,0.0,0.0,0.0
2019-03-08,11,0,135,56.2,56.2,0.0,487.745503,0.0
2019-03-08,11,0,136,45.9,45.9,0.0,397.478662,0.0
2019-03-08,11,0,139,44.94,44.94,0.0,324.430655,0.0
2019-03-08,11,0,140,18.39,18.39,0.0,251.512182,0.0
2019-03-08,11,0,141,159.61,159.61,0.0,1339.098251,0.0
2019-03-08,11,0,142,362.4,362.4,0.0,3040.46868,0.0
2019-03-08,11,0,143,22.22,22.22,0.0,145.070234,0.0
2019-03-08,11,0,145,100.0,100.0,0.0,694.352013,0.0
2019-03-08,11,0,146,44.87,44.87,0.0,613.667841,0.0
2019-03-08,11,0,152,7.3,7.3,0.0,59.893151,0.0
2019-03-08,11,0,153,8.99,8.99,0.0,73.566645,0.0
2019-03-08,11,0,154,59.92,59.92,0.0,432.574206,0.0
2019-03-08,11,0,157,33.14,33.14,0.0,278.038444,0.0
2019-03-08,11,0,158,279.41,279.41,0.0,2344.197997,0.0
2019-03-08,11,0,159,0.0,0.0,0.0,0.0,0.0
2019-03-08,11,0,160,2.37,2.37,0.0,19.754206,0.0
2019-03-08,11,0,161,52.31,52.31,0.0,348.563656,0.0
2019-03-08,11,0,162,51.37,51.37,0.0,872.132782,0.0
2019-03-08,11,0,163,0.0,0.0,0.0,0.0,0.0
2019-03-08,11,0,164,16.72,16.72,0.0,109.16176,0.0
2019-03-08,11,0,167,6.12,6.12,0.0,103.884621,0.0
2019-03-08,11,0,168,3.06,3.06,0.0,51.94231,0.0
2019-03-08,11,0,169,0.0,0.0,0.0,0.0,0.0
2019-03-08,11,0,170,6.7,6.7,0.0,113.729895,0.0
2019-03-08,11,0,172,8.16,8.16,0.0,131.786226,0.0
2019-03-08,11,0,173,12.44,12.44,0.0,200.909394,0.0
2019-03-08,11,0,188,10.95,10.95,0.0,182.211925,0.0
2019-03-08,11,0,190,8.81,8.81,0.0,150.671901,0.0
2019-03-08,11,0,191,22.76,22.76,0.0,389.249996,0.0
2019-03-08,11,0,192,30.96,30.96,0.0,529.48945,0.0
2019-03-08,11,0,194,38.72,38.72,0.0,109.156854,0.0
2019-03-08,11,0,196,5.98,5.98,0.0,94.55436,0.0
2019-03-08,11,0,198,10.45,10.45,0.0,91.160218,0.0
2019-03-08,11,0,199,44.99,44.99,0.0,350.480332,0.0
2019-03-08,11,0,200,19.04,19.04,0.0,148.325084,0.0
2019-03-08,11,0,204,257.1,257.1,0.0,1951.677007,0.0
2019-03-08,11,0,205,545.8,545.8,0.0,4172.987302,0.0
2019-03-08,11,0,206,791.72,791.72,0.0,5158.365051,0.0
2019-03-08,11,0,210,2.41,2.41,0.0,20.610571,0.0
2019-03-08,11,0,214,13.47,13.47,0.0,125.723807,0.0
2019-03-08,11,0,217,9.08,9.08,0.0,81.679007,0.0
2019-03-08,11,0,218,12.53,12.53,0.0,112.713431,0.0
2019-03-08,11,0,219,8.53,8.53,0.0,76.73149,0.0
2019-03-08,11,0,221,7.18,7.18,0.0,67.015363,0.0
2019-03-08,11,0,225,6.97,6.97,0.0,58.767777,0.0
2019-03-08,11,0,233,7.15,7.15,0.0,64.99014,0.0
2019-03-08,11,0,236,27.85,27.85,0.0,235.322388,0.0
2019-03-08,11,0,237,23.92,23.92,0.0,196.038582,0.0
2019-03-08,11,0,238,75.33,75.33,0.0,646.918861,0.0
2019-03-08,11,0,240,11.0,11.0,0.0,88.08936,0.0
2019-03-08,11,0,245,78.0,78.0,0.0,681.582623,0.0
2019-03-08,11,0,247,130.83,130.83,0.0,1143.223777,0.0
2019-03-08,11,0,248,2.85,2.85,0.0,23.35744,0.0
2019-03-08,11,0,249,150.0,150.0,0.0,1310.735814,0.0
2019-03-08,11,0,251,321.9,321.9,0.0,2779.064572,0.0
2019-03-08,11,0,252,256.31,256.31,0.0,2219.792581,0.0
2019-03-08,11,0,254,16.29,16.29,0.0,132.590978,0.0
2019-03-08,11,0,255,7.46,7.46,0.0,60.719994,0.0
2019-03-08,11,0,258,13.53,13.53,0.0,108.493539,0.0
2019-03-08,11,0,260,5.75,5.75,0.0,47.92687,0.0
2019-03-08,11,0,265,62.04,62.04,0.0,447.878901,0.0
2019-03-08,11,0,266,29.1,29.1,0.0,210.078595,0.0
2019-03-08,11,0,267,35.76,35.76,0.0,258.158438,0.0
2019-03-08,11,0,270,0.0,0.0,0.0,0.0,0.0
2019-03-08,11,0,272,142.06,142.06,0.0,665.642893,0.0
2019-03-08,11,0,273,26.08,26.08,0.0,356.68503,0.0
2019-03-08,11,0,274,0.0,0.0,0.0,0.0,0.0
2019-03-08,11,0,275,0.0,0.0,0.0,0.0,0.0
2019-03-08,11,0,276,5.88,5.88,0.0,73.477371,0.0
2019-03-08,11,0,277,7.24,7.24,0.0,35.733022,0.0
2019-03-08,11,0,278,11.58,11.58,0.0,57.153093,0.0
2019-03-08,11,0,279,107.04,107.04,0.0,528.295949,0.0
2019-03-08,11,0,281,3.94,3.94,0.0,25.723525,0.0
2019-03-08,11,0,282,251.36,251.36,0.0,1641.082533,0.0
2019-03-08,12,0,9,3.31,3.31,0.0,-1290.359195,0.0
2019-03-08,12,0,17,57.19,57.19,0.0,353.754952,0.0
2019-03-08,12,0,19,192.99,192.99,0.0,1193.760592,0.0
2019-03-08,12,0,20,234.06,234.06,0.0,1447.803534,0.0
2019-03-08,12,0,21,75.79,75.79,0.0,-29545.717028,0.0
2019-03-08,12,0,22,269.34,269.34,0.0,-104998.593802,0.0
2019-03-08,12,0,23,29.35,29.35,0.0,-11441.704641,0.0
2019-03-08,12,0,24,49.14,49.14,0.0,-19156.571246,0.0
2019-03-08,12,0,29,9.84,9.84,0.0,62.938514,0.0
2019-03-08,12,0,30,591.43,591.43,0.0,-591430.0,0.0
2019-03-08,12,0,31,14.94,14.94,0.0,-14940.0,0.0
2019-03-08,12,0,32,6.58,6.58,0.0,177.865592,0.0
2019-03-08,12,0,33,3.24,3.24,0.0,30.344712,0.0
2019-03-08,12,0,34,5.18,5.18,0.0,48.514076,0.0
2019-03-08,12,0,35,5.18,5.18,0.0,48.514076,0.0
2019-03-08,12,0,36,12.72,12.72,0.0,22.436448,0.0
2019-03-08,12,0,37,6.1,6.1,0.0,11.037585,0.0
2019-03-08,12,0,38,7.85,7.85,0.0,14.204106,0.0
2019-03-08,12,0,39,5.23,5.23,0.0,9.463372,0.0
2019-03-08,12,0,40,5.23,5.23,0.0,9.463372,0.0
2019-03-08,12,0,41,34.8,34.8,0.0,-379.779859,0.0
2019-03-08,12,0,42,77.13,77.13,0.0,423.92859,0.0
2019-03-08,12,0,43,38.13,38.13,0.0,95.787068,0.0
2019-03-08,12,0,46,33.7,33.7,0.0,41.682098,0.0
2019-03-08,12,0,52,15.84,15.84,0.0,-15840.0,0.0
2019-03-08,12,0,53,25.16,25.16,0.0,-25160.0,0.0
2019-03-08,12,0,55,210.09,210.09,0.0,-81900.774381,0.0
2019-03-08,12,0,56,174.45,174.45,0.0,-174450.0,0.0
2019-03-08,12,0,57,165.94,165.94,0.0,-165940.0,0.0
2019-03-08,12,0,58,319.12,319.12,0.0,-319120.0,0.0
2019-03-08,12,0,59,313.8,313.8,0.0,-313800.0,0.0
2019-03-08,12,0,63,1.43,1.43,0.0,39.37814,0.0
2019-03-08,12,0,64,1.68,1.68,0.0,46.262431,0.0
2019-03-08,12,0,65,41.4,41.4,0.0,250.782932,0.0
2019-03-08,12,0,67,360.29,360.29,0.0,10841.116773,0.0
2019-03-08,12,0,68,9.47,9.47,0.0,290.124587,0.0
2019-03-08,12,0,69,3.24,3.24,0.0,30.344712,0.0
2019-03-08,12,0,74,40.1,40.1,0.0,85.4947,0.0
2019-03-08,12,0,77,52.72,52.72,0.0,1672.540158,0.0
2019-03-08,12,0,78,39.86,39.86,0.0,1264.557107,0.0
2019-03-08,12,0,79,23.06,23.06,0.0,731.577694,0.0
2019-03-08,12,0,80,37.3,37.3,0.0,1183.341197,0.0
2019-03-08,12,0,81,48.77,48.77,0.0,1547.226546,0.0
2019-03-08,12,0,82,34.4,34.4,0.0,1091.338798,0.0
2019-03-08,12,0,83,76.71,76.71,0.0,2433.62207,0.0
2019-03-08,12,0,84,0.0,0.0,0.0,0.0,0.0
2019-03-08,12,0,86,16.4,16.4,0.0,153.596688,0.0
2019-03-08,12,0,87,83.72,83.72,0.0,784.092361,0.0
2019-03-08,12,0,88,49.37,49.37,0.0,1566.261525,0.0
2019-03-08,12,0,89,47.46,47.46,0.0,1505.666842,0.0
2019-03-08,12,0,90,63.72,63.72,0.0,2021.514774,0.0
2019-03-08,12,0,91,227.29,227.29,0.0,7210.76731,0.0
2019-03-08,12,0,92,81.75,81.75,0.0,2593.515894,0.0
2019-03-08,12,0,95,120.0,120.0,0.0,3240.837019,0.0
2019-03-08,12,0,96,29.88,29.88,0.0,1224.216532,0.0
2019-03-08,12,0,97,183.76,183.76,0.0,7528.84973,0.0
2019-03-08,12,0,99,7.74,7.74,0.0,16.50197,0.0
2019-03-08,12,0,101,11.91,11.91,0.0,-11910.0,0.0
2019-03-08,12,0,102,22.41,22.41,0.0,686.556704,0.0
2019-03-08,12,0,103,19.49,19.49,0.0,597.09907,0.0
2019-03-08,12,0,104,3.62,3.62,0.0,110.902957,0.0
2019-03-08,12,0,106,265.14,265.14,0.0,-103361.28002,0.0
2019-03-08,12,0,109,60.0,60.0,0.0,-4.066661,0.0
2019-03-08,12,0,110,15.05,15.05,0.0,427.680821,0.0
2019-03-08,12,0,111,19.86,19.86,0.0,-216.736437,0.0
2019-03-08,12,0,113,21.66,21.66,0.0,644.46769,0.0
2019-03-08,12,0,115,21.66,21.66,0.0,644.46769,0.0
2019-03-08,12,0,116,141.39,141.39,0.0,4017.926329,0.0
2019-03-08,12,0,117,1.44,1.44,0.0,42.845497,0.0
2019-03-08,12,0,119,1.68,1.68,0.0,46.262431,0.0
2019-03-08,12,0,120,0.99,0.99,0.0,27.261789,0.0
2019-03-08,12,0,123,4.42,4.42,0.0,-1723.077837,0.0
2019-03-08,12,0,125,44.97,44.97,0.0,-17530.952563,0.0
2019-03-08,12,0,126,198.86,198.86,0.0,-77522.909198,0.0
2019-03-08,12,0,127,255.2,255.2,0.0,-99486.30407,0.0
2019-03-08,12,0,128,61.64,61.64,0.0,-24029.52893,0.0
2019-03-08,12,0,131,19.33,19.33,0.0,595.01702,0.0
2019-03-08,12,0,132,28.41,28.41,0.0,874.518032,0.0
2019-03-08,12,0,133,41.94,41.94,0.0,259.930396,0.0
2019-03-08,12,0,134,0.0,0.0,0.0,0.0,0.0
2019-03-08,12,0,135,56.2,56.2,0.0,348.30921,0.0
2019-03-08,12,0,136,45.9,45.9,0.0,277.719284,0.0
2019-03-08,12,0,139,44.94,44.94,0.0,-490.439853,0.0
2019-03-08,12,0,140,11.14,11.14,0.0,316.569059,0.0
2019-03-08,12,0,141,230.0,230.0,0.0,6920.694046,0.0
2019-03-08,12,0,142,475.13,475.13,0.0,14296.6494,0.0
2019-03-08,12,0,143,30.73,30.73,0.0,-30730.0,0.0
2019-03-08,12,0,145,56.25,56.25,0.0,-189.823229,0.0
2019-03-08,12,0,146,44.23,44.23,0.0,1256.898518,0.0
2019-03-08,12,0,152,9.56,9.56,0.0,26.281476,0.0
2019-03-08,12,0,153,11.85,11.85,0.0,30.784755,0.0
2019-03-08,12,0,154,81.93,81.93,0.0,-894.119651,0.0
2019-03-08,12,0,157,36.55,36.55,0.0,1099.788554,0.0
2019-03-08,12,0,158,373.28,373.28,0.0,11231.985536,0.0
2019-03-08,12,0,159,0.0,0.0,0.0,0.0,0.0
2019-03-08,12,0,160,3.05,3.05,0.0,13.770453,0.0
2019-03-08,12,0,161,67.7,67.7,0.0,2074.069114,0.0
2019-03-08,12,0,162,69.03,69.03,0.0,1864.910491,0.0
2019-03-08,12,0,163,0.0,0.0,0.0,0.0,0.0
2019-03-08,12,0,164,22.4,22.4,0.0,-22400.0,0.0
2019-03-08,12,0,167,7.68,7.68,0.0,207.329771,0.0
2019-03-08,12,0,168,3.84,3.84,0.0,103.664885,0.0
2019-03-08,12,0,169,0.0,0.0,0.0,0.0,0.0
2019-03-08,12,0,170,8.4,8.4,0.0,226.766937,0.0
2019-03-08,12,0,172,10.04,10.04,0.0,261.769053,0.0
2019-03-08,12,0,173,15.31,15.31,0.0,399.171733,0.0
2019-03-08,12,0,188,13.38,13.38,0.0,359.195234,0.0
2019-03-08,12,0,190,11.13,11.13,0.0,306.488602,0.0
2019-03-08,12,0,191,28.74,28.74,0.0,791.418008,0.0
2019-03-08,12,0,192,16.4,16.4,0.0,451.609441,0.0
2019-03-08,12,0,194,35.06,35.06,0.0,992.944332,0.0
2019-03-08,12,0,196,7.84,7.84,0.0,219.576875,0.0
2019-03-08,12,0,198,13.18,13.18,0.0,100.219835,0.0
2019-03-08,12,0,199,95.8,95.8,0.0,1889.611231,0.0
2019-03-08,12,0,200,23.68,23.68,0.0,467.077181,0.0
2019-03-08,12,0,204,257.1,257.1,0.0,-68.712952,0.0
2019-03-08,12,0,205,317.4,317.4,0.0,-21.512638,0.0
2019-03-08,12,0,206,539.95,539.95,0.0,22122.346602,0.0
2019-03-08,12,0,210,2.99,2.99,0.0,21.453463,0.0
2019-03-08,12,0,214,17.41,17.41,0.0,195.614964,0.0
2019-03-08,12,0,217,11.46,11.46,0.0,108.847817,0.0
2019-03-08,12,0,218,15.81,15.81,0.0,150.164397,0.0
2019-03-08,12,0,219,10.77,10.77,0.0,102.294153,0.0
2019-03-08,12,0,221,9.28,9.28,0.0,104.268057,0.0
2019-03-08,12,0,225,8.69,8.69,0.0,54.929243,0.0
2019-03-08,12,0,233,9.28,9.28,0.0,86.913248,0.0
2019-03-08,12,0,236,72.79,72.79,0.0,326.325396,0.0
2019-03-08,12,0,237,96.19,96.19,0.0,205.080679,0.0
2019-03-08,12,0,238,100.39,100.39,0.0,551.772218,0.0
2019-03-08,12,0,240,14.42,14.42,0.0,25.43503,0.0
2019-03-08,12,0,245,78.0,78.0,0.0,519.205848,0.0
2019-03-08,12,0,247,171.72,171.72,0.0,1143.051644,0.0
2019-03-08,12,0,248,9.66,9.66,0.0,20.595481,0.0
2019-03-08,12,0,249,150.0,150.0,0.0,998.472785,0.0
2019-03-08,12,0,251,326.4,326.4,0.0,1908.565975,0.0
2019-03-08,12,0,252,267.06,267.06,0.0,1617.731636,0.0
2019-03-08,12,0,254,21.57,21.57,0.0,65.026815,0.0
2019-03-08,12,0,255,9.89,9.89,0.0,29.815262,0.0
2019-03-08,12,0,258,17.59,17.59,0.0,33.152219,0.0
2019-03-08,12,0,260,7.42,7.42,0.0,33.500577,0.0
2019-03-08,12,0,265,84.83,84.83,0.0,-925.767973,0.0
2019-03-08,12,0,266,29.1,29.1,0.0,-317.574537,0.0
2019-03-08,12,0,267,35.76,35.76,0.0,-390.256545,0.0
2019-03-08,12,0,270,0.0,0.0,0.0,0.0,0.0
2019-03-08,12,0,272,72.4,72.4,0.0,2154.176398,0.0
2019-03-08,12,0,273,33.81,33.81,0.0,960.789937,0.0
2019-03-08,12,0,274,0.0,0.0,0.0,0.0,0.0
2019-03-08,12,0,275,0.0,0.0,0.0,0.0,0.0
2019-03-08,12,0,276,7.63,7.63,0.0,219.673776,0.0
2019-03-08,12,0,277,9.33,9.33,0.0,284.976289,0.0
2019-03-08,12,0,278,14.93,14.93,0.0,456.023151,0.0
2019-03-08,12,0,279,95.6,95.6,0.0,2920.014283,0.0
2019-03-08,12,0,281,6.71,6.71,0.0,-6710.0,0.0
2019-03-08,12,0,282,324.44,324.44,0.0,-324440.0,0.0
2019-03-08,13,0,9,3.51,3.51,0.0,-1373.634699,0.0
2019-03-08,13,0,17,64.82,64.82,0.0,403.554664,0.0
2019-03-08,13,0,19,192.99,192.99,0.0,1201.512103,0.0
2019-03-08,13,0,20,234.06,234.06,0.0,1457.204637,0.0
2019-03-08,13,0,21,80.37,80.37,0.0,-31452.712465,0.0
2019-03-08,13,0,22,285.63,285.63,0.0,-111780.991185,0.0
2019-03-08,13,0,23,71.39,71.39,0.0,-27938.39919,0.0
2019-03-08,13,0,24,124.67,124.67,0.0,-48789.469492,0.0
2019-03-08,13,0,29,11.12,11.12,0.0,68.872955,0.0
2019-03-08,13,0,30,677.48,677.48,0.0,-677480.0,0.0
2019-03-08,13,0,31,22.74,22.74,0.0,-22740.0,0.0
2019-03-08,13,0,32,7.26,7.26,0.0,148.140096,0.0
2019-03-08,13,0,33,3.72,3.72,0.0,36.689876,0.0
2019-03-08,13,0,34,5.95,5.95,0.0,58.684076,0.0
2019-03-08,13,0,35,5.95,5.95,0.0,58.684076,0.0
2019-03-08,13,0,36,14.57,14.57,0.0,15.86997,0.0
2019-03-08,13,0,37,7.07,7.07,0.0,7.948138,0.0
2019-03-08,13,0,38,9.09,9.09,0.0,10.219034,0.0
2019-03-08,13,0,39,6.06,6.06,0.0,6.812689,0.0
2019-03-08,13,0,40,6.06,6.06,0.0,6.812689,0.0
2019-03-08,13,0,41,34.8,34.8,0.0,-436.643601,0.0
2019-03-08,13,0,42,89.32,89.32,0.0,485.666691,0.0
2019-03-08,13,0,43,44.51,44.51,0.0,86.406049,0.0
2019-03-08,13,0,46,37.65,37.65,0.0,14.406336,0.0
2019-03-08,13,0,52,24.11,24.11,0.0,-24110.0,0.0
2019-03-08,13,0,53,38.3,38.3,0.0,-38300.0,0.0
2019-03-08,13,0,55,271.27,271.27,0.0,-106161.220735,0.0
2019-03-08,13,0,56,199.83,199.83,0.0,-199830.0,0.0
2019-03-08,13,0,57,190.08,190.08,0.0,-190080.0,0.0
2019-03-08,13,0,58,365.54,365.54,0.0,-365540.0,0.0
2019-03-08,13,0,59,359.45,359.45,0.0,-359450.0,0.0
2019-03-08,13,0,63,2.91,2.91,0.0,60.673881,0.0
2019-03-08,13,0,64,3.42,3.42,0.0,71.307448,0.0
2019-03-08,13,0,65,41.4,41.4,0.0,251.683852,0.0
2019-03-08,13,0,67,378.19,378.19,0.0,5412.089099,0.0
2019-03-08,13,0,68,10.05,10.05,0.0,121.98021,0.0
2019-03-08,13,0,69,3.72,3.72,0.0,36.689876,0.0
2019-03-08,13,0,74,113.69,113.69,0.0,185.886858,0.0
2019-03-08,13,0,77,58.74,58.74,0.0,1623.479963,0.0
2019-03-08,13,0,78,44.41,44.41,0.0,1227.421607,0.0
2019-03-08,13,0,79,25.7,25.7,0.0,710.307032,0.0
2019-03-08,13,0,80,41.56,41.56,0.0,1148.65215,0.0
2019-03-08,13,0,81,54.34,54.34,0.0,1501.870977,0.0
2019-03-08,13,0,82,38.33,38.33,0.0,1059.380099,0.0
2019-03-08,13,0,83,85.47,85.47,0.0,2362.254553,0.0
2019-03-08,13,0,84,0.0,0.0,0.0,0.0,0.0
2019-03-08,13,0,86,18.85,18.85,0.0,185.915097,0.0
2019-03-08,13,0,87,96.25,96.25,0.0,949.301225,0.0
2019-03-08,13,0,88,50.88,50.88,0.0,1406.242093,0.0
2019-03-08,13,0,89,48.91,48.91,0.0,1351.794433,0.0
2019-03-08,13,0,90,65.67,65.67,0.0,1815.014116,0.0
2019-03-08,13,0,91,234.25,234.25,0.0,6474.296585,0.0
2019-03-08,13,0,92,84.25,84.25,0.0,2328.535698,0.0
2019-03-08,13,0,95,120.0,120.0,0.0,2443.318851,0.0
2019-03-08,13,0,96,29.88,29.88,0.0,1145.824848,0.0
2019-03-08,13,0,97,183.75,183.75,0.0,7046.362645,0.0
2019-03-08,13,0,99,21.94,21.94,0.0,35.872616,0.0
2019-03-08,13,0,101,13.65,13.65,0.0,-13650.0,0.0
2019-03-08,13,0,102,23.79,23.79,0.0,288.747184,0.0
2019-03-08,13,0,103,20.69,20.69,0.0,251.121447,0.0
2019-03-08,13,0,104,3.84,3.84,0.0,46.607364,0.0
2019-03-08,13,0,106,281.18,281.18,0.0,-110039.488504,0.0
2019-03-08,13,0,109,60.0,60.0,0.0,-71.55462,0.0
2019-03-08,13,0,110,12.06,12.06,0.0,252.843161,0.0
2019-03-08,13,0,111,24.17,24.17,0.0,-303.266547,0.0
2019-03-08,13,0,113,20.78,20.78,0.0,515.014151,0.0
2019-03-08,13,0,115,20.78,20.78,0.0,515.014151,0.0
2019-03-08,13,0,116,156.66,156.66,0.0,3284.445235,0.0
2019-03-08,13,0,117,1.39,1.39,0.0,34.449936,0.0
2019-03-08,13,0,119,3.42,3.42,0.0,71.307448,0.0
2019-03-08,13,0,120,2.01,2.01,0.0,41.908763,0.0
2019-03-08,13,0,123,4.69,4.69,0.0,-1835.426421,0.0
2019-03-08,13,0,125,113.2,113.2,0.0,-44300.697413,0.0
2019-03-08,13,0,126,210.89,210.89,0.0,-82531.573122,0.0
2019-03-08,13,0,127,270.64,270.64,0.0,-105914.670918,0.0
2019-03-08,13,0,128,159.81,159.81,0.0,-62541.470438,0.0
2019-03-08,13,0,131,22.17,22.17,0.0,623.706758,0.0
2019-03-08,13,0,132,32.59,32.59,0.0,916.851747,0.0
2019-03-08,13,0,133,41.94,41.94,0.0,261.687653,0.0
2019-03-08,13,0,134,0.0,0.0,0.0,0.0,0.0
2019-03-08,13,0,135,56.2,56.2,0.0,350.66395,0.0
2019-03-08,13,0,136,45.9,45.9,0.0,278.671755,0.0
2019-03-08,13,0,139,44.94,44.94,0.0,-563.872512,0.0
2019-03-08,13,0,140,8.92,8.92,0.0,187.011691,0.0
2019-03-08,13,0,141,230.0,230.0,0.0,3291.415671,0.0
2019-03-08,13,0,142,498.74,498.74,0.0,7137.220225,0.0
2019-03-08,13,0,143,41.43,41.43,0.0,-41430.0,0.0
2019-03-08,13,0,145,100.0,100.0,0.0,-535.849953,0.0
2019-03-08,13,0,146,49.83,49.83,0.0,1044.707686,0.0
2019-03-08,13,0,152,11.01,11.01,0.0,24.964774,0.0
2019-03-08,13,0,153,13.74,13.74,0.0,28.753223,0.0
2019-03-08,13,0,154,99.69,99.69,0.0,-1250.833349,0.0
2019-03-08,13,0,157,43.51,43.51,0.0,622.649982,0.0
2019-03-08,13,0,158,435.69,435.69,0.0,6234.943016,0.0
2019-03-08,13,0,159,0.0,0.0,0.0,0.0,0.0
2019-03-08,13,0,160,3.47,3.47,0.0,14.937946,0.0
2019-03-08,13,0,161,70.83,70.83,0.0,859.68739,0.0
2019-03-08,13,0,162,98.06,98.06,0.0,1997.550343,0.0
2019-03-08,13,0,163,0.0,0.0,0.0,0.0,0.0
2019-03-08,13,0,164,25.26,25.26,0.0,-25260.0,0.0
2019-03-08,13,0,167,8.48,8.48,0.0,172.594273,0.0
2019-03-08,13,0,168,4.24,4.24,0.0,86.297137,0.0
2019-03-08,13,0,169,0.0,0.0,0.0,0.0,0.0
2019-03-08,13,0,170,9.27,9.27,0.0,188.673221,0.0
2019-03-08,13,0,172,11.28,11.28,0.0,215.946416,0.0
2019-03-08,13,0,173,17.18,17.18,0.0,328.897112,0.0
2019-03-08,13,0,188,14.8,14.8,0.0,298.845098,0.0
2019-03-08,13,0,190,12.82,12.82,0.0,267.298678,0.0
2019-03-08,13,0,191,33.11,33.11,0.0,690.347834,0.0
2019-03-08,13,0,192,7.67,7.67,0.0,159.920504,0.0
2019-03-08,13,0,194,31.8,31.8,0.0,723.212181,0.0
2019-03-08,13,0,196,8.54,8.54,0.0,179.244337,0.0
2019-03-08,13,0,198,15.04,15.04,0.0,120.04607,0.0
2019-03-08,13,0,199,66.32,66.32,0.0,998.654145,0.0
2019-03-08,13,0,200,26.87,26.87,0.0,404.611533,0.0
2019-03-08,13,0,204,257.1,257.1,0.0,-374.262644,0.0
2019-03-08,13,0,205,317.4,317.4,0.0,-378.523939,0.0
2019-03-08,13,0,206,539.94,539.94,0.0,20705.377123,0.0
2019-03-08,13,0,210,3.27,3.27,0.0,22.825176,0.0
2019-03-08,13,0,214,18.94,18.94,0.0,227.344894,0.0
2019-03-08,13,0,217,12.71,12.71,0.0,126.049441,0.0
2019-03-08,13,0,218,17.54,17.54,0.0,173.950212,0.0
2019-03-08,13,0,219,11.95,11.95,0.0,118.51226,0.0
2019-03-08,13,0,221,10.1,10.1,0.0,121.234606,0.0
2019-03-08,13,0,225,9.72,9.72,0.0,59.463559,0.0
2019-03-08,13,0,233,10.67,10.67,0.0,105.236821,0.0
2019-03-08,13,0,236,314.67,314.67,0.0,1344.137847,0.0
2019-03-08,13,0,237,272.73,272.73,0.0,445.922444,0.0
2019-03-08,13,0,238,116.26,116.26,0.0,632.149681,0.0
2019-03-08,13,0,240,16.51,16.51,0.0,17.983062,0.0
2019-03-08,13,0,245,78.0,78.0,0.0,527.617545,0.0
2019-03-08,13,0,247,171.72,171.72,0.0,1161.570319,0.0
2019-03-08,13,0,248,27.38,27.38,0.0,44.767193,0.0
2019-03-08,13,0,249,150.0,150.0,0.0,1014.649125,0.0
2019-03-08,13,0,251,326.4,326.4,0.0,1905.806275,0.0
2019-03-08,13,0,252,267.06,267.06,0.0,1623.543222,0.0
2019-03-08,13,0,254,25.11,25.11,0.0,63.638442,0.0
2019-03-08,13,0,255,11.51,11.51,0.0,29.170787,0.0
2019-03-08,13,0,258,20.14,20.14,0.0,24.708467,0.0
2019-03-08,13,0,260,8.44,8.44,0.0,36.333217,0.0
2019-03-08,13,0,265,103.21,103.21,0.0,-1294.999598,0.0
2019-03-08,13,0,266,29.1,29.1,0.0,-365.12439,0.0
2019-03-08,13,0,267,35.76,35.76,0.0,-448.688941,0.0
2019-03-08,13,0,270,0.0,0.0,0.0,0.0,0.0
2019-03-08,13,0,272,69.46,69.46,0.0,1721.505435,0.0
2019-03-08,13,0,273,37.46,37.46,0.0,785.36524,0.0
2019-03-08,13,0,274,0.0,0.0,0.0,0.0,0.0
2019-03-08,13,0,275,0.0,0.0,0.0,0.0,0.0
2019-03-08,13,0,276,8.11,8.11,0.0,157.978989,0.0
2019-03-08,13,0,277,9.94,9.94,0.0,257.728825,0.0
2019-03-08,13,0,278,15.9,15.9,0.0,412.262407,0.0
2019-03-08,13,0,279,121.33,121.33,0.0,3145.899233,0.0
2019-03-08,13,0,281,10.21,10.21,0.0,-10210.0,0.0
2019-03-08,13,0,282,371.64,371.64,0.0,-371640.0,0.0
2019-03-08,14,0,9,3.65,3.65,0.0,-1432.464016,0.0
2019-03-08,14,0,17,66.51,66.51,0.0,495.234029,0.0
2019-03-08,14,0,19,192.99,192.99,0.0,1437.005192,0.0
2019-03-08,14,0,20,234.06,234.06,0.0,1742.812763,0.0
2019-03-08,14,0,21,83.51,83.51,0.0,-32773.991772,0.0
2019-03-08,14,0,22,296.79,296.79,0.0,-116476.985007,0.0
2019-03-08,14,0,23,42.61,42.61,0.0,-16722.545676,0.0
2019-03-08,14,0,24,73.27,73.27,0.0,-28755.243409,0.0
2019-03-08,14,0,29,11.19,11.19,0.0,62.990395,0.0
2019-03-08,14,0,30,722.62,722.62,0.0,-722620.0,0.0
2019-03-08,14,0,31,28.5,28.5,0.0,-28500.0,0.0
2019-03-08,14,0,32,7.23,7.23,0.0,178.449857,0.0
2019-03-08,14,0,33,3.79,3.79,0.0,44.460475,0.0
2019-03-08,14,0,34,6.07,6.07,0.0,71.207145,0.0
2019-03-08,14,0,35,6.07,6.07,0.0,71.207145,0.0
2019-03-08,14,0,36,15.09,15.09,0.0,17.921266,0.0
2019-03-08,14,0,37,7.14,7.14,0.0,8.497551,0.0
2019-03-08,14,0,38,9.18,9.18,0.0,10.925423,0.0
2019-03-08,14,0,39,6.12,6.12,0.0,7.283615,0.0
2019-03-08,14,0,40,6.12,6.12,0.0,7.283615,0.0
2019-03-08,14,0,41,34.8,34.8,0.0,-467.397749,0.0
2019-03-08,14,0,42,92.43,92.43,0.0,602.382348,0.0
2019-03-08,14,0,43,45.53,45.53,0.0,94.073314,0.0
2019-03-08,14,0,46,38.16,38.16,0.0,9.45262,0.0
2019-03-08,14,0,52,30.21,30.21,0.0,-30210.0,0.0
2019-03-08,14,0,53,47.99,47.99,0.0,-47990.0,0.0
2019-03-08,14,0,55,372.72,372.72,0.0,-146276.161097,0.0
2019-03-08,14,0,56,213.15,213.15,0.0,-213150.0,0.0
2019-03-08,14,0,57,202.75,202.75,0.0,-202750.0,0.0
2019-03-08,14,0,58,389.9,389.9,0.0,-389900.0,0.0
2019-03-08,14,0,59,383.4,383.4,0.0,-383400.0,0.0
2019-03-08,14,0,63,1.19,1.19,0.0,32.355053,0.0
2019-03-08,14,0,64,1.41,1.41,0.0,38.336659,0.0
2019-03-08,14,0,65,41.4,41.4,0.0,301.121505,0.0
2019-03-08,14,0,67,385.89,385.89,0.0,4858.658375,0.0
2019-03-08,14,0,68,8.46,8.46,0.0,134.979228,0.0
2019-03-08,14,0,69,3.79,3.79,0.0,44.460475,0.0
2019-03-08,14,0,74,148.03,148.03,0.0,312.257625,0.0
2019-03-08,14,0,77,60.0,60.0,0.0,1446.621073,0.0
2019-03-08,14,0,78,45.36,45.36,0.0,1093.645531,0.0
2019-03-08,14,0,79,26.25,26.25,0.0,632.896719,0.0
2019-03-08,14,0,80,42.45,42.45,0.0,1023.484409,0.0
2019-03-08,14,0,81,55.5,55.5,0.0,1338.124492,0.0
2019-03-08,14,0,82,39.15,39.15,0.0,943.92025,0.0
2019-03-08,14,0,83,87.3,87.3,0.0,2104.833661,0.0
2019-03-08,14,0,84,0.0,0.0,0.0,0.0,0.0
2019-03-08,14,0,86,19.21,19.21,0.0,225.352432,0.0
2019-03-08,14,0,87,98.07,98.07,0.0,1150.458769,0.0
2019-03-08,14,0,88,51.18,51.18,0.0,1233.967775,0.0
2019-03-08,14,0,89,49.2,49.2,0.0,1186.22928,0.0
2019-03-08,14,0,90,66.06,66.06,0.0,1592.729801,0.0
2019-03-08,14,0,91,235.65,235.65,0.0,5681.604264,0.0
2019-03-08,14,0,92,84.75,84.75,0.0,2043.352265,0.0
2019-03-08,14,0,95,120.0,120.0,0.0,2965.189262,0.0
2019-03-08,14,0,96,31.39,31.39,0.0,1142.965114,0.0
2019-03-08,14,0,97,210.51,210.51,0.0,7665.03938,0.0
2019-03-08,14,0,99,28.57,28.57,0.0,60.266165,0.0
2019-03-08,14,0,101,14.56,14.56,0.0,-14560.0,0.0
2019-03-08,14,0,102,19.98,19.98,0.0,318.780729,0.0
2019-03-08,14,0,103,17.38,17.38,0.0,277.297751,0.0
2019-03-08,14,0,104,3.25,3.25,0.0,51.853722,0.0
2019-03-08,14,0,106,292.16,292.16,0.0,-114659.914214,0.0
2019-03-08,14,0,109,60.0,60.0,0.0,-93.262251,0.0
2019-03-08,14,0,110,34.48,34.48,0.0,78.908129,0.0
2019-03-08,14,0,111,25.19,25.19,0.0,-338.326129,0.0
2019-03-08,14,0,113,24.35,24.35,0.0,536.304891,0.0
2019-03-08,14,0,115,24.35,24.35,0.0,536.304891,0.0
2019-03-08,14,0,116,162.78,162.78,0.0,372.525093,0.0
2019-03-08,14,0,117,1.62,1.62,0.0,35.680243,0.0
2019-03-08,14,0,119,1.41,1.41,0.0,38.336659,0.0
2019-03-08,14,0,120,0.83,0.83,0.0,22.56697,0.0
2019-03-08,14,0,123,4.87,4.87,0.0,-1911.260208,0.0
2019-03-08,14,0,125,66.79,66.79,0.0,-26212.129211,0.0
2019-03-08,14,0,126,219.12,219.12,0.0,-85994.935661,0.0
2019-03-08,14,0,127,281.21,281.21,0.0,-110362.522167,0.0
2019-03-08,14,0,128,92.7,92.7,0.0,-36380.661445,0.0
2019-03-08,14,0,131,27.11,27.11,0.0,579.188781,0.0
2019-03-08,14,0,132,39.85,39.85,0.0,851.371189,0.0
2019-03-08,14,0,133,41.94,41.94,0.0,312.96738,0.0
2019-03-08,14,0,134,0.0,0.0,0.0,0.0,0.0
2019-03-08,14,0,135,56.2,56.2,0.0,419.379274,0.0
2019-03-08,14,0,136,45.9,45.9,0.0,333.417329,0.0
2019-03-08,14,0,139,44.94,44.94,0.0,-603.587783,0.0
2019-03-08,14,0,140,25.52,25.52,0.0,58.403,0.0
2019-03-08,14,0,141,230.0,230.0,0.0,2895.880759,0.0
2019-03-08,14,0,142,508.89,508.89,0.0,6407.325041,0.0
2019-03-08,14,0,143,66.24,66.24,0.0,-66240.0,0.0
2019-03-08,14,0,145,56.12,56.12,0.0,-372.8962,0.0
2019-03-08,14,0,146,125.48,125.48,0.0,287.163341,0.0
2019-03-08,14,0,152,11.31,11.31,0.0,30.97155,0.0
2019-03-08,14,0,153,14.04,14.04,0.0,35.515593,0.0
2019-03-08,14,0,154,103.92,103.92,0.0,-1395.746382,0.0
2019-03-08,14,0,157,166.78,166.78,0.0,2099.891274,0.0
2019-03-08,14,0,158,449.8,449.8,0.0,5663.335502,0.0
2019-03-08,14,0,159,0.0,0.0,0.0,0.0,0.0
2019-03-08,14,0,160,3.59,3.59,0.0,16.758367,0.0
2019-03-08,14,0,161,72.77,72.77,0.0,1161.044726,0.0
2019-03-08,14,0,162,79.43,79.43,0.0,1965.293315,0.0
2019-03-08,14,0,163,0.0,0.0,0.0,0.0,0.0
2019-03-08,14,0,164,25.78,25.78,0.0,-25780.0,0.0
2019-03-08,14,0,167,8.38,8.38,0.0,206.522033,0.0
2019-03-08,14,0,168,4.19,4.19,0.0,103.261017,0.0
2019-03-08,14,0,169,0.0,0.0,0.0,0.0,0.0
2019-03-08,14,0,170,9.17,9.17,0.0,225.991294,0.0
2019-03-08,14,0,172,11.18,11.18,0.0,253.411594,0.0
2019-03-08,14,0,173,17.04,17.04,0.0,386.237349,0.0
2019-03-08,14,0,188,14.87,14.87,0.0,358.165677,0.0
2019-03-08,14,0,190,13.36,13.36,0.0,363.246643,0.0
2019-03-08,14,0,191,34.5,34.5,0.0,938.02464,0.0
2019-03-08,14,0,192,0.0,0.0,0.0,0.0,0.0
2019-03-08,14,0,194,32.01,32.01,0.0,742.393528,0.0
2019-03-08,14,0,196,8.8,8.8,0.0,275.628608,0.0
2019-03-08,14,0,198,15.49,15.49,0.0,132.80681,0.0
2019-03-08,14,0,199,129.35,129.35,0.0,2326.606552,0.0
2019-03-08,14,0,200,27.23,27.23,0.0,489.783505,0.0
2019-03-08,14,0,204,257.1,257.1,0.0,-487.745928,0.0
2019-03-08,14,0,205,317.4,317.4,0.0,-493.357306,0.0
2019-03-08,14,0,206,745.19,745.19,0.0,27133.678666,0.0
2019-03-08,14,0,210,3.27,3.27,0.0,21.81983,0.0
2019-03-08,14,0,214,19.21,19.21,0.0,273.847326,0.0
2019-03-08,14,0,217,12.6,12.6,0.0,138.920301,0.0
2019-03-08,14,0,218,17.38,17.38,0.0,191.621813,0.0
2019-03-08,14,0,219,11.84,11.84,0.0,130.540982,0.0
2019-03-08,14,0,221,10.25,10.25,0.0,146.118433,0.0
2019-03-08,14,0,225,9.89,9.89,0.0,54.675762,0.0
2019-03-08,14,0,233,10.87,10.87,0.0,127.515926,0.0
2019-03-08,14,0,236,159.05,159.05,0.0,816.34344,0.0
2019-03-08,14,0,237,355.11,355.11,0.0,749.076574,0.0
2019-03-08,14,0,238,120.31,120.31,0.0,784.081146,0.0
2019-03-08,14,0,240,17.1,17.1,0.0,20.308392,0.0
2019-03-08,14,0,245,78.0,78.0,0.0,630.278767,0.0
2019-03-08,14,0,247,171.72,171.72,0.0,1387.582948,0.0
2019-03-08,14,0,248,35.65,35.65,0.0,75.200867,0.0
2019-03-08,14,0,249,150.0,150.0,0.0,1212.074552,0.0
2019-03-08,14,0,251,326.4,326.4,0.0,2281.59495,0.0
2019-03-08,14,0,252,267.06,267.06,0.0,1942.451914,0.0
2019-03-08,14,0,254,25.15,25.15,0.0,68.385071,0.0
2019-03-08,14,0,255,11.53,11.53,0.0,31.351088,0.0
2019-03-08,14,0,258,20.96,20.96,0.0,27.866729,0.0
2019-03-08,14,0,260,8.71,8.71,0.0,40.658878,0.0
2019-03-08,14,0,265,107.59,107.59,0.0,-1445.038041,0.0
2019-03-08,14,0,266,29.1,29.1,0.0,-390.841221,0.0
2019-03-08,14,0,267,35.76,35.76,0.0,-480.29148,0.0
2019-03-08,14,0,270,0.0,0.0,0.0,0.0,0.0
2019-03-08,14,0,272,81.39,81.39,0.0,1792.601851,0.0
2019-03-08,14,0,273,38.92,38.92,0.0,89.069152,0.0
2019-03-08,14,0,274,0.0,0.0,0.0,0.0,0.0
2019-03-08,14,0,275,0.0,0.0,0.0,0.0,0.0
2019-03-08,14,0,276,8.34,8.34,0.0,38.270572,0.0
2019-03-08,14,0,277,10.23,10.23,0.0,233.86758,0.0
2019-03-08,14,0,278,16.38,16.38,0.0,374.462459,0.0
2019-03-08,14,0,279,110.39,110.39,0.0,2523.620934,0.0
2019-03-08,14,0,281,12.79,12.79,0.0,-12790.0,0.0
2019-03-08,14,0,282,396.4,396.4,0.0,-396400.0,0.0
2019-03-08,15,0,9,3.49,3.49,0.0,-1370.884647,0.0
2019-03-08,15,0,17,64.58,64.58,0.0,470.183242,0.0
2019-03-08,15,0,19,192.99,192.99,0.0,1405.089253,0.0
2019-03-08,15,0,20,234.06,234.06,0.0,1704.104827,0.0
2019-03-08,15,0,21,79.91,79.91,0.0,-31388.937581,0.0
2019-03-08,15,0,22,284.0,284.0,0.0,-111556.22917,0.0
2019-03-08,15,0,23,32.64,32.64,0.0,-12821.110282,0.0
2019-03-08,15,0,24,57.75,57.75,0.0,-22684.409277,0.0
2019-03-08,15,0,29,10.27,10.27,0.0,57.814116,0.0
2019-03-08,15,0,30,699.26,699.26,0.0,-699260.0,0.0
2019-03-08,15,0,31,44.71,44.71,0.0,-44710.0,0.0
2019-03-08,15,0,32,6.79,6.79,0.0,166.427624,0.0
2019-03-08,15,0,33,3.73,3.73,0.0,43.389517,0.0
2019-03-08,15,0,34,5.97,5.97,0.0,69.446492,0.0
2019-03-08,15,0,35,5.97,5.97,0.0,69.446492,0.0
2019-03-08,15,0,36,14.51,14.51,0.0,13.413806,0.0
2019-03-08,15,0,37,6.9,6.9,0.0,6.392997,0.0
2019-03-08,15,0,38,8.87,8.87,0.0,8.218244,0.0
2019-03-08,15,0,39,5.91,5.91,0.0,5.475741,0.0
2019-03-08,15,0,40,5.91,5.91,0.0,5.475741,0.0
2019-03-08,15,0,41,58.96,58.96,0.0,-817.091077,0.0
2019-03-08,15,0,42,88.78,88.78,0.0,562.623997,0.0
2019-03-08,15,0,43,42.85,42.85,0.0,78.242768,0.0
2019-03-08,15,0,46,36.52,36.52,0.0,-1.57776,0.0
2019-03-08,15,0,52,47.39,47.39,0.0,-47390.0,0.0
2019-03-08,15,0,53,75.29,75.29,0.0,-75290.0,0.0
2019-03-08,15,0,55,519.83,519.83,0.0,-204191.10778,0.0
2019-03-08,15,0,56,206.26,206.26,0.0,-206260.0,0.0
2019-03-08,15,0,57,196.2,196.2,0.0,-196200.0,0.0
2019-03-08,15,0,58,377.3,377.3,0.0,-377300.0,0.0
2019-03-08,15,0,59,371.01,371.01,0.0,-371010.0,0.0
2019-03-08,15,0,63,4.12,4.12,0.0,112.019174,0.0
2019-03-08,15,0,64,4.85,4.85,0.0,131.867232,0.0
2019-03-08,15,0,65,41.4,41.4,0.0,294.163311,0.0
2019-03-08,15,0,67,365.62,365.62,0.0,5291.707675,0.0
2019-03-08,15,0,68,21.88,21.88,0.0,411.365228,0.0
2019-03-08,15,0,69,3.73,3.73,0.0,43.389517,0.0
2019-03-08,15,0,74,195.67,195.67,0.0,364.802469,0.0
2019-03-08,15,0,77,60.0,60.0,0.0,1395.864348,0.0
2019-03-08,15,0,78,45.36,45.36,0.0,1055.273447,0.0
2019-03-08,15,0,79,26.25,26.25,0.0,610.690652,0.0
2019-03-08,15,0,80,42.45,42.45,0.0,987.574027,0.0
2019-03-08,15,0,81,55.5,55.5,0.0,1291.174522,0.0
2019-03-08,15,0,82,39.15,39.15,0.0,910.801487,0.0
2019-03-08,15,0,83,87.3,87.3,0.0,2030.982627,0.0
2019-03-08,15,0,84,0.0,0.0,0.0,0.0,0.0
2019-03-08,15,0,86,18.89,18.89,0.0,219.739403,0.0
2019-03-08,15,0,87,96.45,96.45,0.0,1121.962173,0.0
2019-03-08,15,0,88,51.18,51.18,0.0,1190.672289,0.0
2019-03-08,15,0,89,49.2,49.2,0.0,1144.608766,0.0
2019-03-08,15,0,90,66.06,66.06,0.0,1536.846648,0.0
2019-03-08,15,0,91,235.65,235.65,0.0,5482.257228,0.0
2019-03-08,15,0,92,84.75,84.75,0.0,1971.658392,0.0
2019-03-08,15,0,95,103.09,103.09,0.0,2530.270767,0.0
2019-03-08,15,0,96,29.88,29.88,0.0,1070.038342,0.0
2019-03-08,15,0,97,183.75,183.75,0.0,6580.306071,0.0
2019-03-08,15,0,99,37.77,37.77,0.0,70.417485,0.0
2019-03-08,15,0,101,14.09,14.09,0.0,-14090.0,0.0
2019-03-08,15,0,102,51.8,51.8,0.0,973.890257,0.0
2019-03-08,15,0,103,45.04,45.04,0.0,846.795698,0.0
2019-03-08,15,0,104,8.36,8.36,0.0,157.176111,0.0
2019-03-08,15,0,106,279.57,279.57,0.0,-109816.109116,0.0
2019-03-08,15,0,109,60.0,60.0,0.0,-113.703024,0.0
2019-03-08,15,0,110,117.98,117.98,0.0,143.97954,0.0
2019-03-08,15,0,111,24.5,24.5,0.0,-339.530722,0.0
2019-03-08,15,0,113,31.38,31.38,0.0,669.015314,0.0
2019-03-08,15,0,115,31.38,31.38,0.0,669.015314,0.0
2019-03-08,15,0,116,155.23,155.23,0.0,189.438413,0.0
2019-03-08,15,0,117,2.09,2.09,0.0,44.558381,0.0
2019-03-08,15,0,119,4.85,4.85,0.0,131.867232,0.0
2019-03-08,15,0,120,2.85,2.85,0.0,77.488992,0.0
2019-03-08,15,0,123,4.66,4.66,0.0,-1830.464887,0.0
2019-03-08,15,0,125,52.26,52.26,0.0,-20527.917382,0.0
2019-03-08,15,0,126,209.68,209.68,0.0,-82363.063846,0.0
2019-03-08,15,0,127,269.09,269.09,0.0,-105699.527139,0.0
2019-03-08,15,0,128,74.85,74.85,0.0,-29401.351244,0.0
2019-03-08,15,0,131,73.62,73.62,0.0,1469.217586,0.0
2019-03-08,15,0,132,108.35,108.35,0.0,2162.316293,0.0
2019-03-08,15,0,133,41.94,41.94,0.0,306.042159,0.0
2019-03-08,15,0,134,0.0,0.0,0.0,0.0,0.0
2019-03-08,15,0,135,56.2,56.2,0.0,410.099412,0.0
2019-03-08,15,0,136,45.9,45.9,0.0,325.696015,0.0
2019-03-08,15,0,139,76.67,76.67,0.0,-1062.523285,0.0
2019-03-08,15,0,140,87.32,87.32,0.0,106.562921,0.0
2019-03-08,15,0,141,230.0,230.0,0.0,3328.846248,0.0
2019-03-08,15,0,142,482.16,482.16,0.0,6978.419596,0.0
2019-03-08,15,0,143,125.1,125.1,0.0,-125100.0,0.0
2019-03-08,15,0,145,30.0,30.0,0.0,-213.908136,0.0
2019-03-08,15,0,146,265.63,265.63,0.0,324.16753,0.0
2019-03-08,15,0,152,10.96,10.96,0.0,27.369288,0.0
2019-03-08,15,0,153,13.56,13.56,0.0,30.984116,0.0
2019-03-08,15,0,154,101.05,101.05,0.0,-1400.391,0.0
2019-03-08,15,0,157,250.0,250.0,0.0,3618.311139,0.0
2019-03-08,15,0,158,430.86,430.86,0.0,6235.94215,0.0
2019-03-08,15,0,159,0.0,0.0,0.0,0.0,0.0
2019-03-08,15,0,160,3.41,3.41,0.0,15.339287,0.0
2019-03-08,15,0,161,69.38,69.38,0.0,1304.411313,0.0
2019-03-08,15,0,162,78.66,78.66,0.0,1933.365725,0.0
2019-03-08,15,0,163,11.49,11.49,0.0,14.022079,0.0
2019-03-08,15,0,164,25.23,25.23,0.0,-25230.0,0.0
2019-03-08,15,0,167,7.69,7.69,0.0,188.207231,0.0
2019-03-08,15,0,168,3.85,3.85,0.0,94.225987,0.0
2019-03-08,15,0,169,0.0,0.0,0.0,0.0,0.0
2019-03-08,15,0,170,8.41,8.41,0.0,205.828714,0.0
2019-03-08,15,0,172,10.44,10.44,0.0,234.113806,0.0
2019-03-08,15,0,173,15.91,15.91,0.0,356.776882,0.0
2019-03-08,15,0,188,14.04,14.04,0.0,335.31145,0.0
2019-03-08,15,0,190,12.79,12.79,0.0,347.748845,0.0
2019-03-08,15,0,191,33.05,33.05,0.0,898.600416,0.0
2019-03-08,15,0,192,11.02,11.02,0.0,299.624102,0.0
2019-03-08,15,0,194,39.78,39.78,0.0,904.073716,0.0
2019-03-08,15,0,196,8.28,8.28,0.0,262.042485,0.0
2019-03-08,15,0,198,14.81,14.81,0.0,126.315195,0.0
2019-03-08,15,0,199,130.0,130.0,0.0,2285.979141,0.0
2019-03-08,15,0,200,25.78,25.78,0.0,453.327248,0.0
2019-03-08,15,0,204,257.1,257.1,0.0,-577.913429,0.0
2019-03-08,15,0,205,317.4,317.4,0.0,-601.488996,0.0
2019-03-08,15,0,206,539.94,539.94,0.0,19335.893658,0.0
2019-03-08,15,0,210,3.1,3.1,0.0,20.688328,0.0
2019-03-08,15,0,214,18.23,18.23,0.0,258.804412,0.0
2019-03-08,15,0,217,11.89,11.89,0.0,130.798646,0.0
2019-03-08,15,0,218,16.41,16.41,0.0,180.521933,0.0
2019-03-08,15,0,219,11.18,11.18,0.0,122.98813,0.0
2019-03-08,15,0,221,9.72,9.72,0.0,137.991162,0.0
2019-03-08,15,0,225,9.15,9.15,0.0,50.586436,0.0
2019-03-08,15,0,233,10.69,10.69,0.0,124.352262,0.0
2019-03-08,15,0,236,179.56,179.56,0.0,885.32454,0.0
2019-03-08,15,0,237,469.4,469.4,0.0,875.138134,0.0
2019-03-08,15,0,238,115.55,115.55,0.0,732.273067,0.0
2019-03-08,15,0,240,16.45,16.45,0.0,15.207244,0.0
2019-03-08,15,0,245,78.0,78.0,0.0,618.152776,0.0
2019-03-08,15,0,247,171.72,171.72,0.0,1360.887112,0.0
2019-03-08,15,0,248,47.12,47.12,0.0,87.849401,0.0
2019-03-08,15,0,249,150.0,150.0,0.0,1188.755339,0.0
2019-03-08,15,0,251,326.4,326.4,0.0,2225.291266,0.0
2019-03-08,15,0,252,267.06,267.06,0.0,1897.566518,0.0
2019-03-08,15,0,254,24.09,24.09,0.0,60.142074,0.0
2019-03-08,15,0,255,11.04,11.04,0.0,27.561996,0.0
2019-03-08,15,0,258,20.04,20.04,0.0,21.443897,0.0
2019-03-08,15,0,260,8.29,8.29,0.0,37.291112,0.0
2019-03-08,15,0,265,104.62,104.62,0.0,-1449.865477,0.0
2019-03-08,15,0,266,49.03,49.03,0.0,-679.477197,0.0
2019-03-08,15,0,267,60.63,60.63,0.0,-840.2346,0.0
2019-03-08,15,0,270,37.52,37.52,0.0,45.788374,0.0
2019-03-08,15,0,272,104.88,104.88,0.0,2236.020592,0.0
2019-03-08,15,0,273,37.12,37.12,0.0,45.300225,0.0
2019-03-08,15,0,274,49.42,49.42,0.0,60.310806,0.0
2019-03-08,15,0,275,70.93,70.93,0.0,86.561017,0.0
2019-03-08,15,0,276,8.05,8.05,0.0,33.644645,0.0
2019-03-08,15,0,277,9.81,9.81,0.0,216.795346,0.0
2019-03-08,15,0,278,15.7,15.7,0.0,346.960952,0.0
2019-03-08,15,0,279,152.55,152.55,0.0,3371.26708,0.0
2019-03-08,15,0,281,20.07,20.07,0.0,-20070.0,0.0
2019-03-08,15,0,282,383.59,383.59,0.0,-383590.0,0.0
2019-03-08,16,0,9,3.01,3.01,0.0,-1176.031465,0.0
2019-03-08,16,0,17,54.24,54.24,0.0,712.623237,0.0
2019-03-08,16,0,19,332.0,332.0,0.0,4361.926896,0.0
2019-03-08,16,0,20,419.03,419.03,0.0,5505.356106,0.0
2019-03-08,16,0,21,68.8,68.8,0.0,-26880.719192,0.0
2019-03-08,16,0,22,244.52,244.52,0.0,-95535.951409,0.0
2019-03-08,16,0,23,32.64,32.64,0.0,-12752.713291,0.0
2019-03-08,16,0,24,57.75,57.75,0.0,-22563.39438,0.0
2019-03-08,16,0,29,8.27,8.27,0.0,85.658771,0.0
2019-03-08,16,0,30,564.18,564.18,0.0,-564180.0,0.0
2019-03-08,16,0,31,75.52,75.52,0.0,-75520.0,0.0
2019-03-08,16,0,32,5.85,5.85,0.0,192.96704,0.0
2019-03-08,16,0,33,3.18,3.18,0.0,57.272905,0.0
2019-03-08,16,0,34,5.08,5.08,0.0,91.492565,0.0
2019-03-08,16,0,35,5.08,5.08,0.0,91.492565,0.0
2019-03-08,16,0,36,12.66,12.66,0.0,74.608166,0.0
2019-03-08,16,0,37,6.06,6.06,0.0,35.57967,0.0
2019-03-08,16,0,38,7.79,7.79,0.0,45.736903,0.0
2019-03-08,16,0,39,5.2,5.2,0.0,30.53041,0.0
2019-03-08,16,0,40,5.2,5.2,0.0,30.53041,0.0
2019-03-08,16,0,41,82.36,82.36,0.0,-802.05858,0.0
2019-03-08,16,0,42,75.53,75.53,0.0,912.572517,0.0
2019-03-08,16,0,43,37.64,37.64,0.0,256.92947,0.0
2019-03-08,16,0,46,30.54,30.54,0.0,144.763001,0.0
2019-03-08,16,0,52,80.05,80.05,0.0,-80050.0,0.0
2019-03-08,16,0,53,127.17,127.17,0.0,-127170.0,0.0
2019-03-08,16,0,55,623.0,623.0,0.0,-243411.163617,0.0
2019-03-08,16,0,56,166.41,166.41,0.0,-166410.0,0.0
2019-03-08,16,0,57,158.3,158.3,0.0,-158300.0,0.0
2019-03-08,16,0,58,304.42,304.42,0.0,-304420.0,0.0
2019-03-08,16,0,59,299.34,299.34,0.0,-299340.0,0.0
2019-03-08,16,0,63,16.17,16.17,0.0,605.203599,0.0
2019-03-08,16,0,64,19.03,19.03,0.0,712.246412,0.0
2019-03-08,16,0,65,41.4,41.4,0.0,535.805183,0.0
2019-03-08,16,0,67,308.89,308.89,0.0,3310.677299,0.0
2019-03-08,16,0,68,31.1,31.1,0.0,567.879087,0.0
2019-03-08,16,0,69,3.18,3.18,0.0,57.272905,0.0
2019-03-08,16,0,74,134.72,134.72,0.0,959.280029,0.0
2019-03-08,16,0,77,60.0,60.0,0.0,1529.346419,0.0
2019-03-08,16,0,78,45.36,45.36,0.0,1156.185893,0.0
2019-03-08,16,0,79,26.25,26.25,0.0,669.089058,0.0
2019-03-08,16,0,80,42.45,42.45,0.0,1082.012591,0.0
2019-03-08,16,0,81,55.5,55.5,0.0,1414.645437,0.0
2019-03-08,16,0,82,39.15,39.15,0.0,997.898538,0.0
2019-03-08,16,0,83,87.3,87.3,0.0,2225.19904,0.0
2019-03-08,16,0,84,0.0,0.0,0.0,0.0,0.0
2019-03-08,16,0,86,16.1,16.1,0.0,289.966594,0.0
2019-03-08,16,0,87,82.18,82.18,0.0,1480.090354,0.0
2019-03-08,16,0,88,51.18,51.18,0.0,1304.532495,0.0
2019-03-08,16,0,89,49.2,49.2,0.0,1254.064064,0.0
2019-03-08,16,0,90,66.06,66.06,0.0,1683.810407,0.0
2019-03-08,16,0,91,235.65,235.65,0.0,6006.50806,0.0
2019-03-08,16,0,92,84.75,84.75,0.0,2160.201817,0.0
2019-03-08,16,0,95,95.27,95.27,0.0,3151.434266,0.0
2019-03-08,16,0,96,29.88,29.88,0.0,1175.736975,0.0
2019-03-08,16,0,97,183.75,183.75,0.0,7230.310213,0.0
2019-03-08,16,0,99,29.54,29.54,0.0,210.340945,0.0
2019-03-08,16,0,101,11.36,11.36,0.0,-11360.0,0.0
2019-03-08,16,0,102,73.63,73.63,0.0,1344.467433,0.0
2019-03-08,16,0,103,64.02,64.02,0.0,1168.990969,0.0
2019-03-08,16,0,104,11.89,11.89,0.0,217.108757,0.0
2019-03-08,16,0,106,240.71,240.71,0.0,-94047.353442,0.0
2019-03-08,16,0,109,60.0,60.0,0.0,161.775084,0.0
2019-03-08,16,0,110,308.75,308.75,0.0,-3821.521271,0.0
2019-03-08,16,0,111,21.44,21.44,0.0,-208.792326,0.0
2019-03-08,16,0,113,42.64,42.64,0.0,1019.233137,0.0
2019-03-08,16,0,115,42.64,42.64,0.0,1019.233137,0.0
2019-03-08,16,0,116,125.67,125.67,0.0,-1555.46746,0.0
2019-03-08,16,0,117,2.84,2.84,0.0,67.885134,0.0
2019-03-08,16,0,119,19.03,19.03,0.0,712.246412,0.0
2019-03-08,16,0,120,11.19,11.19,0.0,418.814364,0.0
2019-03-08,16,0,123,4.01,4.01,0.0,-1566.739592,0.0
2019-03-08,16,0,125,52.26,52.26,0.0,-20418.406759,0.0
2019-03-08,16,0,126,180.53,180.53,0.0,-70534.538311,0.0
2019-03-08,16,0,127,231.68,231.68,0.0,-90519.259048,0.0
2019-03-08,16,0,128,74.85,74.85,0.0,-29244.503366,0.0
2019-03-08,16,0,131,30.0,30.0,0.0,608.218776,0.0
2019-03-08,16,0,132,44.1,44.1,0.0,894.081601,0.0
2019-03-08,16,0,133,50.5,50.5,0.0,664.419266,0.0
2019-03-08,16,0,134,0.0,0.0,0.0,0.0,0.0
2019-03-08,16,0,135,64.2,64.2,0.0,844.667661,0.0
2019-03-08,16,0,136,45.9,45.9,0.0,593.55054,0.0
2019-03-08,16,0,139,107.25,107.25,0.0,-1044.448552,0.0
2019-03-08,16,0,140,228.51,228.51,0.0,-2828.35895,0.0
2019-03-08,16,0,141,230.0,230.0,0.0,2465.13574,0.0
2019-03-08,16,0,142,407.35,407.35,0.0,4365.969755,0.0
2019-03-08,16,0,143,233.07,233.07,0.0,-233070.0,0.0
2019-03-08,16,0,145,30.0,30.0,0.0,-98.749038,0.0
2019-03-08,16,0,146,268.0,268.0,0.0,-3317.14235,0.0
2019-03-08,16,0,152,9.6,9.6,0.0,74.449823,0.0
2019-03-08,16,0,153,11.91,11.91,0.0,89.512696,0.0
2019-03-08,16,0,154,88.43,88.43,0.0,-861.17096,0.0
2019-03-08,16,0,157,250.0,250.0,0.0,2679.49537,0.0
2019-03-08,16,0,158,334.91,334.91,0.0,3589.559177,0.0
2019-03-08,16,0,159,0.0,0.0,0.0,0.0,0.0
2019-03-08,16,0,160,2.89,2.89,0.0,28.059972,0.0
2019-03-08,16,0,161,58.25,58.25,0.0,1063.632052,0.0
2019-03-08,16,0,162,95.57,95.57,0.0,3166.535104,0.0
2019-03-08,16,0,163,49.16,49.16,0.0,-608.472828,0.0
2019-03-08,16,0,164,20.6,20.6,0.0,-20600.0,0.0
2019-03-08,16,0,167,6.45,6.45,0.0,212.592354,0.0
2019-03-08,16,0,168,3.23,3.23,0.0,106.460977,0.0
2019-03-08,16,0,169,0.0,0.0,0.0,0.0,0.0
2019-03-08,16,0,170,7.06,7.06,0.0,232.697988,0.0
2019-03-08,16,0,172,8.65,8.65,0.0,261.378656,0.0
2019-03-08,16,0,173,13.17,13.17,0.0,397.960336,0.0
2019-03-08,16,0,188,11.84,11.84,0.0,379.188474,0.0
2019-03-08,16,0,190,10.58,10.58,0.0,395.983554,0.0
2019-03-08,16,0,191,27.34,27.34,0.0,1023.269412,0.0
2019-03-08,16,0,192,54.71,54.71,0.0,2047.66165,0.0
2019-03-08,16,0,194,52.95,52.95,0.0,1484.578288,0.0
2019-03-08,16,0,196,6.65,6.65,0.0,301.088233,0.0
2019-03-08,16,0,198,12.32,12.32,0.0,172.085303,0.0
2019-03-08,16,0,199,130.0,130.0,0.0,3330.376533,0.0
2019-03-08,16,0,200,21.96,21.96,0.0,562.577451,0.0
2019-03-08,16,0,204,257.1,257.1,0.0,586.168908,0.0
2019-03-08,16,0,205,317.4,317.4,0.0,855.790196,0.0
2019-03-08,16,0,206,539.94,539.94,0.0,21245.897668,0.0
2019-03-08,16,0,210,2.62,2.62,0.0,30.43625,0.0
2019-03-08,16,0,214,15.29,15.29,0.0,319.292685,0.0
2019-03-08,16,0,217,10.09,10.09,0.0,170.472101,0.0
2019-03-08,16,0,218,13.93,13.93,0.0,235.349491,0.0
2019-03-08,16,0,219,9.49,9.49,0.0,160.335009,0.0
2019-03-08,16,0,221,8.16,8.16,0.0,170.400805,0.0
2019-03-08,16,0,225,7.52,7.52,0.0,76.976034,0.0
2019-03-08,16,0,233,9.11,9.11,0.0,164.074265,0.0
2019-03-08,16,0,236,159.03,159.03,0.0,1669.86808,0.0
2019-03-08,16,0,237,308.11,308.11,0.0,2193.911593,0.0
2019-03-08,16,0,238,98.31,98.31,0.0,1187.806225,0.0
2019-03-08,16,0,240,14.35,14.35,0.0,84.567708,0.0
2019-03-08,16,0,245,78.0,78.0,0.0,1081.060099,0.0
2019-03-08,16,0,247,171.72,171.72,0.0,2379.995386,0.0
2019-03-08,16,0,248,36.28,36.28,0.0,258.333428,0.0
2019-03-08,16,0,249,150.0,150.0,0.0,2078.961728,0.0
2019-03-08,16,0,251,326.4,326.4,0.0,4119.187412,0.0
2019-03-08,16,0,252,267.06,267.06,0.0,3456.331696,0.0
2019-03-08,16,0,254,20.55,20.55,0.0,155.142371,0.0
2019-03-08,16,0,255,9.42,9.42,0.0,71.116357,0.0
2019-03-08,16,0,258,17.45,17.45,0.0,105.465473,0.0
2019-03-08,16,0,260,7.01,7.01,0.0,68.062424,0.0
2019-03-08,16,0,265,91.55,91.55,0.0,-891.554918,0.0
2019-03-08,16,0,266,68.38,68.38,0.0,-665.915077,0.0
2019-03-08,16,0,267,84.71,84.71,0.0,-824.943933,0.0
2019-03-08,16,0,270,132.86,132.86,0.0,-1644.460943,0.0
2019-03-08,16,0,272,142.51,142.51,0.0,3406.447333,0.0
2019-03-08,16,0,273,30.05,30.05,0.0,-371.940775,0.0
2019-03-08,16,0,274,165.81,165.81,0.0,-2052.296168,0.0
2019-03-08,16,0,275,222.29,222.29,0.0,-2751.371541,0.0
2019-03-08,16,0,276,6.48,6.48,0.0,-46.790048,0.0
2019-03-08,16,0,277,8.02,8.02,0.0,196.802984,0.0
2019-03-08,16,0,278,12.83,12.83,0.0,314.835696,0.0
2019-03-08,16,0,279,492.6,492.6,0.0,12087.9239,0.0
2019-03-08,16,0,281,33.89,33.89,0.0,-33890.0,0.0
2019-03-08,16,0,282,309.49,309.49,0.0,-309490.0,0.0
2019-03-08,17,0,9,2.3,2.3,0.0,-0.910241,0.0
2019-03-08,17,0,17,40.17,40.17,0.0,728.513335,0.0
2019-03-08,17,0,19,284.63,284.63,0.0,5161.980347,0.0
2019-03-08,17,0,20,342.76,342.76,0.0,6216.211868,0.0
2019-03-08,17,0,21,52.66,52.66,0.0,-20.84057,0.0
2019-03-08,17,0,22,187.16,187.16,0.0,-74.069903,0.0
2019-03-08,17,0,23,47.2,47.2,0.0,-18.679736,0.0
2019-03-08,17,0,24,83.96,83.96,0.0,-33.227768,0.0
2019-03-08,17,0,29,5.95,5.95,0.0,63.445541,0.0
2019-03-08,17,0,30,435.35,435.35,0.0,-219.16744,0.0
2019-03-08,17,0,31,90.3,90.3,0.0,-45.459561,0.0
2019-03-08,17,0,32,4.35,4.35,0.0,177.80456,0.0
2019-03-08,17,0,33,2.35,2.35,0.0,51.491667,0.0
2019-03-08,17,0,34,3.76,3.76,0.0,82.386668,0.0
2019-03-08,17,0,35,3.76,3.76,0.0,82.386668,0.0
2019-03-08,17,0,36,9.62,9.62,0.0,113.463318,0.0
2019-03-08,17,0,37,4.6,4.6,0.0,53.531427,0.0
2019-03-08,17,0,38,5.92,5.92,0.0,68.892619,0.0
2019-03-08,17,0,39,3.94,3.94,0.0,45.850831,0.0
2019-03-08,17,0,40,3.94,3.94,0.0,45.850831,0.0
2019-03-08,17,0,41,34.8,34.8,0.0,185.590946,0.0
2019-03-08,17,0,42,56.83,56.83,0.0,984.144464,0.0
2019-03-08,17,0,43,28.77,28.77,0.0,349.819788,0.0
2019-03-08,17,0,46,23.12,23.12,0.0,240.624009,0.0
2019-03-08,17,0,52,95.72,95.72,0.0,-48.188142,0.0
2019-03-08,17,0,53,152.07,152.07,0.0,-76.556317,0.0
2019-03-08,17,0,55,623.0,623.0,0.0,-246.556687,0.0
2019-03-08,17,0,56,128.41,128.41,0.0,-64.645207,0.0
2019-03-08,17,0,57,122.15,122.15,0.0,-61.493747,0.0
2019-03-08,17,0,58,234.9,234.9,0.0,-118.25527,0.0
2019-03-08,17,0,59,230.99,230.99,0.0,-116.286866,0.0
2019-03-08,17,0,63,38.5,38.5,0.0,4537.188441,0.0
2019-03-08,17,0,64,45.29,45.29,0.0,5337.383493,0.0
2019-03-08,17,0,65,41.4,41.4,0.0,744.52625,0.0
2019-03-08,17,0,67,233.66,233.66,0.0,-129200.081404,0.0
2019-03-08,17,0,68,17.03,17.03,0.0,-6930.413596,0.0
2019-03-08,17,0,69,2.35,2.35,0.0,51.491667,0.0
2019-03-08,17,0,74,104.24,104.24,0.0,1434.124975,0.0
2019-03-08,17,0,77,60.0,60.0,0.0,-17083.121217,0.0
2019-03-08,17,0,78,45.36,45.36,0.0,-12914.83964,0.0
2019-03-08,17,0,79,26.25,26.25,0.0,-7473.865532,0.0
2019-03-08,17,0,80,42.45,42.45,0.0,-12086.308261,0.0
2019-03-08,17,0,81,55.5,55.5,0.0,-15801.887125,0.0
2019-03-08,17,0,82,39.15,39.15,0.0,-11146.736594,0.0
2019-03-08,17,0,83,87.3,87.3,0.0,-24855.94137,0.0
2019-03-08,17,0,84,0.0,0.0,0.0,0.0,0.0
2019-03-08,17,0,86,11.92,11.92,0.0,261.183266,0.0
2019-03-08,17,0,87,60.84,60.84,0.0,1333.0864,0.0
2019-03-08,17,0,88,51.18,51.18,0.0,-14571.902398,0.0
2019-03-08,17,0,89,49.2,49.2,0.0,-14008.159398,0.0
2019-03-08,17,0,90,66.06,66.06,0.0,-18808.516459,0.0
2019-03-08,17,0,91,235.65,235.65,0.0,-67093.958578,0.0
2019-03-08,17,0,92,84.75,84.75,0.0,-24129.908718,0.0
2019-03-08,17,0,95,55.73,55.73,0.0,2449.833821,0.0
2019-03-08,17,0,96,29.88,29.88,0.0,-18.404734,0.0
2019-03-08,17,0,97,183.75,183.75,0.0,-113.181721,0.0
2019-03-08,17,0,99,21.2,21.2,0.0,291.667781,0.0
2019-03-08,17,0,101,8.77,8.77,0.0,-4.415065,0.0
2019-03-08,17,0,102,40.27,40.27,0.0,-16388.006783,0.0
2019-03-08,17,0,103,35.02,35.02,0.0,-14251.502298,0.0
2019-03-08,17,0,104,6.53,6.53,0.0,-2657.404626,0.0
2019-03-08,17,0,106,184.25,184.25,0.0,-72.91825,0.0
2019-03-08,17,0,109,60.0,60.0,0.0,529.247138,0.0
2019-03-08,17,0,110,338.6,338.6,0.0,-338600.0,0.0
2019-03-08,17,0,111,16.64,16.64,0.0,88.742338,0.0
2019-03-08,17,0,113,39.02,39.02,0.0,-10038.766889,0.0
2019-03-08,17,0,115,39.02,39.02,0.0,-10038.766889,0.0
2019-03-08,17,0,116,94.01,94.01,0.0,-94010.0,0.0
2019-03-08,17,0,117,2.6,2.6,0.0,-668.908096,0.0
2019-03-08,17,0,119,45.29,45.29,0.0,5337.383493,0.0
2019-03-08,17,0,120,26.65,26.65,0.0,3140.677193,0.0
2019-03-08,17,0,123,3.07,3.07,0.0,-1.214974,0.0
2019-03-08,17,0,125,75.89,75.89,0.0,-30.034008,0.0
2019-03-08,17,0,126,138.18,138.18,0.0,-54.685719,0.0
2019-03-08,17,0,127,177.34,177.34,0.0,-70.183568,0.0
2019-03-08,17,0,128,109.23,109.23,0.0,-43.22855,0.0
2019-03-08,17,0,131,30.0,30.0,0.0,-11038.935857,0.0
2019-03-08,17,0,132,44.1,44.1,0.0,-16227.235709,0.0
2019-03-08,17,0,133,111.85,111.85,0.0,2030.086449,0.0
2019-03-08,17,0,134,0.0,0.0,0.0,0.0,0.0
2019-03-08,17,0,135,146.43,146.43,0.0,2657.716215,0.0
2019-03-08,17,0,136,45.9,45.9,0.0,825.069927,0.0
2019-03-08,17,0,139,44.94,44.94,0.0,239.668308,0.0
2019-03-08,17,0,140,250.6,250.6,0.0,-250600.0,0.0
2019-03-08,17,0,141,230.0,230.0,0.0,-127176.319109,0.0
2019-03-08,17,0,142,308.14,308.14,0.0,-170383.091174,0.0
2019-03-08,17,0,143,238.5,238.5,0.0,-120.067611,0.0
2019-03-08,17,0,145,30.0,30.0,0.0,88.794909,0.0
2019-03-08,17,0,146,268.0,268.0,0.0,-268000.0,0.0
2019-03-08,17,0,152,7.23,7.23,0.0,99.691843,0.0
2019-03-08,17,0,153,8.99,8.99,0.0,122.188737,0.0
2019-03-08,17,0,154,68.65,68.65,0.0,366.115473,0.0
2019-03-08,17,0,157,250.0,250.0,0.0,-138235.129466,0.0
2019-03-08,17,0,158,266.43,266.43,0.0,-147319.942174,0.0
2019-03-08,17,0,159,0.0,0.0,0.0,0.0,0.0
2019-03-08,17,0,160,2.18,2.18,0.0,30.555143,0.0
2019-03-08,17,0,161,43.86,43.86,0.0,-17848.968898,0.0
2019-03-08,17,0,162,62.39,62.39,0.0,2793.817154,0.0
2019-03-08,17,0,163,82.59,82.59,0.0,-82590.0,0.0
2019-03-08,17,0,164,15.91,15.91,0.0,-8.009542,0.0
2019-03-08,17,0,167,4.84,4.84,0.0,202.249327,0.0
2019-03-08,17,0,168,2.42,2.42,0.0,101.124663,0.0
2019-03-08,17,0,169,0.0,0.0,0.0,0.0,0.0
2019-03-08,17,0,170,5.29,5.29,0.0,221.0535,0.0
2019-03-08,17,0,172,6.51,6.51,0.0,130.223594,0.0
2019-03-08,17,0,173,9.92,9.92,0.0,198.435952,0.0
2019-03-08,17,0,188,8.97,8.97,0.0,246.272588,0.0
2019-03-08,17,0,190,7.93,7.93,0.0,296.800528,0.0
2019-03-08,17,0,191,20.48,20.48,0.0,766.51637,0.0
2019-03-08,17,0,192,76.75,76.75,0.0,2872.565009,0.0
2019-03-08,17,0,194,52.95,52.95,0.0,-6512.73433,0.0
2019-03-08,17,0,196,4.98,4.98,0.0,1353.225455,0.0
2019-03-08,17,0,198,9.31,9.31,0.0,152.565344,0.0
2019-03-08,17,0,199,130.0,130.0,0.0,-2447.633041,0.0
2019-03-08,17,0,200,16.45,16.45,0.0,-309.719719,0.0
2019-03-08,17,0,204,257.1,257.1,0.0,2144.651601,0.0
2019-03-08,17,0,205,317.4,317.4,0.0,2799.717361,0.0
2019-03-08,17,0,206,539.94,539.94,0.0,-332.578714,0.0
2019-03-08,17,0,210,1.93,1.93,0.0,22.771482,0.0
2019-03-08,17,0,214,11.4,11.4,0.0,275.280573,0.0
2019-03-08,17,0,217,7.44,7.44,0.0,139.718776,0.0
2019-03-08,17,0,218,10.26,10.26,0.0,192.6767,0.0
2019-03-08,17,0,219,6.99,6.99,0.0,131.268044,0.0
2019-03-08,17,0,221,6.08,6.08,0.0,146.816306,0.0
2019-03-08,17,0,225,5.49,5.49,0.0,57.93844,0.0
2019-03-08,17,0,233,6.74,6.74,0.0,147.682484,0.0
2019-03-08,17,0,236,159.03,159.03,0.0,2552.018271,0.0
2019-03-08,17,0,237,257.58,257.58,0.0,3543.763536,0.0
2019-03-08,17,0,238,73.97,73.97,0.0,1280.963681,0.0
2019-03-08,17,0,240,10.9,10.9,0.0,128.560308,0.0
2019-03-08,17,0,245,78.0,78.0,0.0,1458.195755,0.0
2019-03-08,17,0,247,171.72,171.72,0.0,3210.274039,0.0
2019-03-08,17,0,248,26.21,26.21,0.0,360.594931,0.0
2019-03-08,17,0,249,150.0,150.0,0.0,2804.222606,0.0
2019-03-08,17,0,251,326.4,326.4,0.0,5788.415767,0.0
2019-03-08,17,0,252,267.06,267.06,0.0,4802.733827,0.0
2019-03-08,17,0,254,15.53,15.53,0.0,196.068685,0.0
2019-03-08,17,0,255,7.12,7.12,0.0,89.891117,0.0
2019-03-08,17,0,258,13.31,13.31,0.0,157.769015,0.0
2019-03-08,17,0,260,5.29,5.29,0.0,74.145277,0.0
2019-03-08,17,0,265,71.07,71.07,0.0,379.02151,0.0
2019-03-08,17,0,266,29.1,29.1,0.0,155.192429,0.0
2019-03-08,17,0,267,35.76,35.76,0.0,190.710697,0.0
2019-03-08,17,0,270,257.93,257.93,0.0,-257930.0,0.0
2019-03-08,17,0,272,130.4,130.4,0.0,-33548.313746,0.0
2019-03-08,17,0,273,22.48,22.48,0.0,-22480.0,0.0
2019-03-08,17,0,274,332.51,332.51,0.0,-332510.0,0.0
2019-03-08,17,0,275,462.85,462.85,0.0,-462850.0,0.0
2019-03-08,17,0,276,4.79,4.79,0.0,-4311.86725,0.0
2019-03-08,17,0,277,6.02,6.02,0.0,-1615.021678,0.0
2019-03-08,17,0,278,9.63,9.63,0.0,-2583.498132,0.0
2019-03-08,17,0,279,198.63,198.63,0.0,-53287.667086,0.0
2019-03-08,17,0,281,40.53,40.53,0.0,-20.403942,0.0
2019-03-08,17,0,282,238.82,238.82,0.0,-120.228708,0.0
2019-03-08,18,0,9,1.4,1.4,0.0,-15.468099,0.0
2019-03-08,18,0,17,24.24,24.24,0.0,337.769426,0.0
2019-03-08,18,0,19,332.94,332.94,0.0,4639.313227,0.0
2019-03-08,18,0,20,405.43,405.43,0.0,5649.416597,0.0
2019-03-08,18,0,21,31.93,31.93,0.0,-352.783145,0.0
2019-03-08,18,0,22,113.48,113.48,0.0,-1253.799915,0.0
2019-03-08,18,0,23,94.93,94.93,0.0,-1048.847603,0.0
2019-03-08,18,0,24,168.46,168.46,0.0,-1861.254262,0.0
2019-03-08,18,0,29,3.56,3.56,0.0,38.508086,0.0
2019-03-08,18,0,30,274.3,274.3,0.0,-3071.786952,0.0
2019-03-08,18,0,31,92.34,92.34,0.0,-1034.082418,0.0
2019-03-08,18,0,32,2.62,2.62,0.0,116.916673,0.0
2019-03-08,18,0,33,1.42,1.42,0.0,26.655847,0.0
2019-03-08,18,0,34,2.27,2.27,0.0,42.611812,0.0
2019-03-08,18,0,35,2.27,2.27,0.0,42.611812,0.0
2019-03-08,18,0,36,5.88,5.88,0.0,35.69732,0.0
2019-03-08,18,0,37,2.74,2.74,0.0,16.197877,0.0
2019-03-08,18,0,38,3.52,3.52,0.0,20.808951,0.0
2019-03-08,18,0,39,2.35,2.35,0.0,13.892339,0.0
2019-03-08,18,0,40,2.35,2.35,0.0,13.892339,0.0
2019-03-08,18,0,41,34.8,34.8,0.0,-109.009971,0.0
2019-03-08,18,0,42,32.99,32.99,0.0,425.103081,0.0
2019-03-08,18,0,43,17.08,17.08,0.0,116.587549,0.0
2019-03-08,18,0,46,14.2,14.2,0.0,60.298038,0.0
2019-03-08,18,0,52,97.89,97.89,0.0,-1096.23487,0.0
2019-03-08,18,0,53,155.55,155.55,0.0,-1741.948452,0.0
2019-03-08,18,0,55,460.54,460.54,0.0,-5088.341672,0.0
2019-03-08,18,0,56,80.91,80.91,0.0,-906.081963,0.0
2019-03-08,18,0,57,76.96,76.96,0.0,-861.847335,0.0
2019-03-08,18,0,58,148.01,148.01,0.0,-1657.510707,0.0
2019-03-08,18,0,59,145.54,145.54,0.0,-1629.850066,0.0
2019-03-08,18,0,63,88.29,88.29,0.0,10793.84219,0.0
2019-03-08,18,0,64,103.87,103.87,0.0,12698.565956,0.0
2019-03-08,18,0,65,41.4,41.4,0.0,568.81938,0.0
2019-03-08,18,0,67,144.66,144.66,0.0,-79588.3143,0.0
2019-03-08,18,0,68,8.85,8.85,0.0,-3569.068944,0.0
2019-03-08,18,0,69,1.42,1.42,0.0,26.655847,0.0
2019-03-08,18,0,74,65.28,65.28,0.0,540.970629,0.0
2019-03-08,18,0,77,60.0,60.0,0.0,-16801.492125,0.0
2019-03-08,18,0,78,45.36,45.36,0.0,-12701.928046,0.0
2019-03-08,18,0,79,26.25,26.25,0.0,-7350.652805,0.0
2019-03-08,18,0,80,42.45,42.45,0.0,-11887.055678,0.0
2019-03-08,18,0,81,55.5,55.5,0.0,-15541.380216,0.0
2019-03-08,18,0,82,39.15,39.15,0.0,-10962.973612,0.0
2019-03-08,18,0,83,87.3,87.3,0.0,-24446.171042,0.0
2019-03-08,18,0,84,0.0,0.0,0.0,0.0,0.0
2019-03-08,18,0,86,7.2,7.2,0.0,135.156407,0.0
2019-03-08,18,0,87,36.76,36.76,0.0,690.048544,0.0
2019-03-08,18,0,88,51.18,51.18,0.0,-14331.672783,0.0
2019-03-08,18,0,89,49.2,49.2,0.0,-13777.223542,0.0
2019-03-08,18,0,90,66.06,66.06,0.0,-18498.44283,0.0
2019-03-08,18,0,91,235.65,235.65,0.0,-65987.860321,0.0
2019-03-08,18,0,92,84.75,84.75,0.0,-23732.107627,0.0
2019-03-08,18,0,95,32.21,32.21,0.0,1536.565657,0.0
2019-03-08,18,0,96,29.88,29.88,0.0,-339.299426,0.0
2019-03-08,18,0,97,183.75,183.75,0.0,-2086.555205,0.0
2019-03-08,18,0,99,12.6,12.6,0.0,104.415287,0.0
2019-03-08,18,0,101,5.53,5.53,0.0,-61.928479,0.0
2019-03-08,18,0,102,20.96,20.96,0.0,-8452.845771,0.0
2019-03-08,18,0,103,18.23,18.23,0.0,-7351.87874,0.0
2019-03-08,18,0,104,3.39,3.39,0.0,-1367.134884,0.0
2019-03-08,18,0,106,111.71,111.71,0.0,-1234.243818,0.0
2019-03-08,18,0,109,60.0,60.0,0.0,110.515838,0.0
2019-03-08,18,0,110,338.6,338.6,0.0,-338600.0,0.0
2019-03-08,18,0,111,10.7,10.7,0.0,-33.517434,0.0
2019-03-08,18,0,113,36.34,36.34,0.0,-9204.645776,0.0
2019-03-08,18,0,115,36.34,36.34,0.0,-9204.645776,0.0
2019-03-08,18,0,116,56.73,56.73,0.0,-56730.0,0.0
2019-03-08,18,0,117,2.42,2.42,0.0,-612.967605,0.0
2019-03-08,18,0,119,103.87,103.87,0.0,12698.565956,0.0
2019-03-08,18,0,120,61.08,61.08,0.0,7467.299592,0.0
2019-03-08,18,0,123,1.86,1.86,0.0,-20.550474,0.0
2019-03-08,18,0,125,152.35,152.35,0.0,-1683.260637,0.0
2019-03-08,18,0,126,83.78,83.78,0.0,-925.655242,0.0
2019-03-08,18,0,127,107.52,107.52,0.0,-1187.950008,0.0
2019-03-08,18,0,128,218.77,218.77,0.0,-2417.111451,0.0
2019-03-08,18,0,131,30.0,30.0,0.0,-10921.642027,0.0
2019-03-08,18,0,132,44.1,44.1,0.0,-16054.813779,0.0
2019-03-08,18,0,133,139.8,139.8,0.0,1950.592191,0.0
2019-03-08,18,0,134,0.0,0.0,0.0,0.0,0.0
2019-03-08,18,0,135,187.33,187.33,0.0,2613.765631,0.0
2019-03-08,18,0,136,45.9,45.9,0.0,630.156755,0.0
2019-03-08,18,0,139,44.94,44.94,0.0,-140.773222,0.0
2019-03-08,18,0,140,250.6,250.6,0.0,-250600.0,0.0
2019-03-08,18,0,141,230.0,230.0,0.0,-126540.248092,0.0
2019-03-08,18,0,142,190.78,190.78,0.0,-104962.384917,0.0
2019-03-08,18,0,143,176.17,176.17,0.0,-1972.864409,0.0
2019-03-08,18,0,145,28.58,28.58,0.0,-181.661658,0.0
2019-03-08,18,0,146,268.0,268.0,0.0,-268000.0,0.0
2019-03-08,18,0,152,4.37,4.37,0.0,36.657457,0.0
2019-03-08,18,0,153,5.42,5.42,0.0,44.105622,0.0
2019-03-08,18,0,154,44.13,44.13,0.0,-138.235921,0.0
2019-03-08,18,0,157,250.0,250.0,0.0,-137543.747926,0.0
2019-03-08,18,0,158,167.83,167.83,0.0,-92335.868858,0.0
2019-03-08,18,0,159,0.0,0.0,0.0,0.0,0.0
2019-03-08,18,0,160,1.32,1.32,0.0,13.008047,0.0
2019-03-08,18,0,161,26.93,26.93,0.0,-10860.454991,0.0
2019-03-08,18,0,162,42.35,42.35,0.0,2055.456161,0.0
2019-03-08,18,0,163,106.59,106.59,0.0,-106590.0,0.0
2019-03-08,18,0,164,10.3,10.3,0.0,-115.345992,0.0
2019-03-08,18,0,167,2.94,2.94,0.0,133.818559,0.0
2019-03-08,18,0,168,1.47,1.47,0.0,66.90928,0.0
2019-03-08,18,0,169,0.0,0.0,0.0,0.0,0.0
2019-03-08,18,0,170,3.22,3.22,0.0,146.563184,0.0
2019-03-08,18,0,172,3.92,3.92,0.0,90.199115,0.0
2019-03-08,18,0,173,5.97,5.97,0.0,137.36957,0.0
2019-03-08,18,0,188,5.41,5.41,0.0,167.839189,0.0
2019-03-08,18,0,190,4.68,4.68,0.0,175.160967,0.0
2019-03-08,18,0,191,12.09,12.09,0.0,452.499166,0.0
2019-03-08,18,0,192,104.86,104.86,0.0,3924.653639,0.0
2019-03-08,18,0,194,98.98,98.98,0.0,-11779.778352,0.0
2019-03-08,18,0,196,3.01,3.01,0.0,833.993956,0.0
2019-03-08,18,0,198,5.7,5.7,0.0,81.682406,0.0
2019-03-08,18,0,199,110.83,110.83,0.0,-1664.429513,0.0
2019-03-08,18,0,200,9.8,9.8,0.0,-147.175036,0.0
2019-03-08,18,0,204,257.1,257.1,0.0,309.48988,0.0
2019-03-08,18,0,205,317.4,317.4,0.0,584.628784,0.0
2019-03-08,18,0,206,539.94,539.94,0.0,-6131.236014,0.0
2019-03-08,18,0,210,1.16,1.16,0.0,14.053964,0.0
2019-03-08,18,0,214,6.92,6.92,0.0,149.715708,0.0
2019-03-08,18,0,217,4.46,4.46,0.0,78.115493,0.0
2019-03-08,18,0,218,6.15,6.15,0.0,107.71531,0.0
2019-03-08,18,0,219,4.19,4.19,0.0,73.386528,0.0
2019-03-08,18,0,221,3.69,3.69,0.0,79.833954,0.0
2019-03-08,18,0,225,3.29,3.29,0.0,35.174928,0.0
2019-03-08,18,0,233,4.07,4.07,0.0,76.400913,0.0
2019-03-08,18,0,236,159.03,159.03,0.0,1791.422985,0.0
2019-03-08,18,0,237,156.6,156.6,0.0,1297.73285,0.0
2019-03-08,18,0,238,42.94,42.94,0.0,553.316953,0.0
2019-03-08,18,0,240,6.66,6.66,0.0,40.432679,0.0
2019-03-08,18,0,245,78.0,78.0,0.0,1142.751405,0.0
2019-03-08,18,0,247,171.72,171.72,0.0,2515.81117,0.0
2019-03-08,18,0,248,15.72,15.72,0.0,130.270501,0.0
2019-03-08,18,0,249,150.0,150.0,0.0,2197.598856,0.0
2019-03-08,18,0,251,326.4,326.4,0.0,4380.221443,0.0
2019-03-08,18,0,252,267.06,267.06,0.0,3669.297191,0.0
2019-03-08,18,0,254,9.61,9.61,0.0,72.901028,0.0
2019-03-08,18,0,255,4.41,4.41,0.0,33.454062,0.0
2019-03-08,18,0,258,8.25,8.25,0.0,51.091514,0.0
2019-03-08,18,0,260,3.2,3.2,0.0,31.53466,0.0
2019-03-08,18,0,265,45.69,45.69,0.0,-143.122574,0.0
2019-03-08,18,0,266,29.1,29.1,0.0,-91.15489,0.0
2019-03-08,18,0,267,35.76,35.76,0.0,-112.017143,0.0
2019-03-08,18,0,270,332.87,332.87,0.0,-332870.0,0.0
2019-03-08,18,0,272,121.45,121.45,0.0,-30762.361845,0.0
2019-03-08,18,0,273,13.57,13.57,0.0,-13570.0,0.0
2019-03-08,18,0,274,429.1,429.1,0.0,-429100.0,0.0
2019-03-08,18,0,275,597.32,597.32,0.0,-597320.0,0.0
2019-03-08,18,0,276,2.9,2.9,0.0,-2608.734355,0.0
2019-03-08,18,0,277,3.68,3.68,0.0,-971.556349,0.0
2019-03-08,18,0,278,5.88,5.88,0.0,-1552.378079,0.0
2019-03-08,18,0,279,185.23,185.23,0.0,-48902.549601,0.0
2019-03-08,18,0,281,41.41,41.41,0.0,-463.735682,0.0
2019-03-08,18,0,282,150.47,150.47,0.0,-1685.059361,0.0
2019-03-08,19,0,9,0.49,0.49,0.0,6.073414,0.0
2019-03-08,19,0,17,4.65,4.65,0.0,65.3938,0.0
2019-03-08,19,0,19,615.51,615.51,0.0,8656.029611,0.0
2019-03-08,19,0,20,748.14,748.14,0.0,10521.229539,0.0
2019-03-08,19,0,21,11.24,11.24,0.0,139.316682,0.0
2019-03-08,19,0,22,39.95,39.95,0.0,495.169168,0.0
2019-03-08,19,0,23,108.8,108.8,0.0,1348.545818,0.0
2019-03-08,19,0,24,192.5,192.5,0.0,2385.9841,0.0
2019-03-08,19,0,29,0.41,0.41,0.0,6.012188,0.0
2019-03-08,19,0,30,111.39,111.39,0.0,1379.46959,0.0
2019-03-08,19,0,31,37.5,37.5,0.0,464.405329,0.0
2019-03-08,19,0,32,0.51,0.51,0.0,39.184064,0.0
2019-03-08,19,0,33,0.27,0.27,0.0,3.876352,0.0
2019-03-08,19,0,34,0.43,0.43,0.0,6.173449,0.0
2019-03-08,19,0,35,0.43,0.43,0.0,6.173449,0.0
2019-03-08,19,0,36,1.27,1.27,0.0,17.294524,0.0
2019-03-08,19,0,37,0.57,0.57,0.0,7.759534,0.0
2019-03-08,19,0,38,0.74,0.74,0.0,10.073781,0.0
2019-03-08,19,0,39,0.49,0.49,0.0,6.670477,0.0
2019-03-08,19,0,40,0.49,0.49,0.0,6.670477,0.0
2019-03-08,19,0,41,34.8,34.8,0.0,450.51476,0.0
2019-03-08,19,0,42,7.77,7.77,0.0,108.776302,0.0
2019-03-08,19,0,43,3.56,3.56,0.0,48.767663,0.0
2019-03-08,19,0,46,3.32,3.32,0.0,44.823736,0.0
2019-03-08,19,0,52,39.75,39.75,0.0,492.269649,0.0
2019-03-08,19,0,53,63.15,63.15,0.0,782.058574,0.0
2019-03-08,19,0,55,186.9,186.9,0.0,2316.573653,0.0
2019-03-08,19,0,56,32.86,32.86,0.0,406.94291,0.0
2019-03-08,19,0,57,31.25,31.25,0.0,387.004441,0.0
2019-03-08,19,0,58,60.1,60.1,0.0,744.286941,0.0
2019-03-08,19,0,59,59.1,59.1,0.0,731.902799,0.0
2019-03-08,19,0,63,115.07,115.07,0.0,17776.452179,0.0
2019-03-08,19,0,64,135.38,135.38,0.0,20914.018388,0.0
2019-03-08,19,0,65,41.4,41.4,0.0,581.726196,0.0
2019-03-08,19,0,67,50.48,50.48,0.0,-27358.40574,0.0
2019-03-08,19,0,68,10.63,10.63,0.0,-4171.148128,0.0
2019-03-08,19,0,69,0.27,0.27,0.0,3.876352,0.0
2019-03-08,19,0,74,65.28,65.28,0.0,895.355292,0.0
2019-03-08,19,0,77,60.0,60.0,0.0,-16068.013374,0.0
2019-03-08,19,0,78,45.36,45.36,0.0,-12147.418111,0.0
2019-03-08,19,0,79,26.25,26.25,0.0,-7029.755851,0.0
2019-03-08,19,0,80,42.45,42.45,0.0,-11368.119462,0.0
2019-03-08,19,0,81,55.5,55.5,0.0,-14862.912371,0.0
2019-03-08,19,0,82,39.15,39.15,0.0,-10484.378727,0.0
2019-03-08,19,0,83,87.3,87.3,0.0,-23378.959459,0.0
2019-03-08,19,0,84,0.0,0.0,0.0,0.0,0.0
2019-03-08,19,0,86,1.35,1.35,0.0,19.381759,0.0
2019-03-08,19,0,87,6.88,6.88,0.0,98.775187,0.0
2019-03-08,19,0,88,48.46,48.46,0.0,-12977.598802,0.0
2019-03-08,19,0,89,46.59,46.59,0.0,-12476.812385,0.0
2019-03-08,19,0,90,62.55,62.55,0.0,-16750.903942,0.0
2019-03-08,19,0,91,223.13,223.13,0.0,-59754.263736,0.0
2019-03-08,19,0,92,80.25,80.25,0.0,-21490.967888,0.0
2019-03-08,19,0,95,20.1,20.1,0.0,1610.467541,0.0
2019-03-08,19,0,96,29.88,29.88,0.0,369.707764,0.0
2019-03-08,19,0,97,183.75,183.75,0.0,2273.55427,0.0
2019-03-08,19,0,99,12.6,12.6,0.0,172.816738,0.0
2019-03-08,19,0,101,2.24,2.24,0.0,27.740478,0.0
2019-03-08,19,0,102,30.41,30.41,0.0,-11932.701277,0.0
2019-03-08,19,0,103,25.51,25.51,0.0,-10009.970719,0.0
2019-03-08,19,0,104,3.64,3.64,0.0,-1428.314128,0.0
2019-03-08,19,0,106,39.33,39.33,0.0,487.48444,0.0
2019-03-08,19,0,109,60.0,60.0,0.0,798.583151,0.0
2019-03-08,19,0,110,338.6,338.6,0.0,-338600.0,0.0
2019-03-08,19,0,111,3.42,3.42,0.0,44.274726,0.0
2019-03-08,19,0,113,34.46,34.46,0.0,-8186.75999,0.0
2019-03-08,19,0,115,34.46,34.46,0.0,-8186.75999,0.0
2019-03-08,19,0,116,17.5,17.5,0.0,-17500.0,0.0
2019-03-08,19,0,117,2.3,2.3,0.0,-546.417527,0.0
2019-03-08,19,0,119,135.38,135.38,0.0,20914.018388,0.0
2019-03-08,19,0,120,79.6,79.6,0.0,12296.911388,0.0
2019-03-08,19,0,123,0.66,0.66,0.0,8.180517,0.0
2019-03-08,19,0,125,174.2,174.2,0.0,2159.160676,0.0
2019-03-08,19,0,126,29.49,29.49,0.0,365.520369,0.0
2019-03-08,19,0,127,37.85,37.85,0.0,469.14025,0.0
2019-03-08,19,0,128,249.5,249.5,0.0,3092.483288,0.0
2019-03-08,19,0,131,30.0,30.0,0.0,-10573.443464,0.0
2019-03-08,19,0,132,44.1,44.1,0.0,-15542.961892,0.0
2019-03-08,19,0,133,135.62,135.62,0.0,1907.399942,0.0
2019-03-08,19,0,134,0.0,0.0,0.0,0.0,0.0
2019-03-08,19,0,135,183.78,183.78,0.0,2584.736479,0.0
2019-03-08,19,0,136,45.9,45.9,0.0,644.927507,0.0
2019-03-08,19,0,139,44.94,44.94,0.0,581.785441,0.0
2019-03-08,19,0,140,250.6,250.6,0.0,-250600.0,0.0
2019-03-08,19,0,141,230.0,230.0,0.0,-124652.007136,0.0
2019-03-08,19,0,142,66.58,66.58,0.0,-36084.04624,0.0
2019-03-08,19,0,143,71.55,71.55,0.0,886.085368,0.0
2019-03-08,19,0,145,20.59,20.59,0.0,262.063385,0.0
2019-03-08,19,0,146,268.0,268.0,0.0,-268000.0,0.0
2019-03-08,19,0,152,0.98,0.98,0.0,13.454792,0.0
2019-03-08,19,0,153,1.18,1.18,0.0,16.18292,0.0
2019-03-08,19,0,154,14.11,14.11,0.0,182.665611,0.0
2019-03-08,19,0,157,250.0,250.0,0.0,-135491.312105,0.0
2019-03-08,19,0,158,64.06,64.06,0.0,-34718.293814,0.0
2019-03-08,19,0,159,0.0,0.0,0.0,0.0,0.0
2019-03-08,19,0,160,0.26,0.26,0.0,3.630149,0.0
2019-03-08,19,0,161,9.72,9.72,0.0,-3814.069596,0.0
2019-03-08,19,0,162,32.13,32.13,0.0,2600.489418,0.0
2019-03-08,19,0,163,134.92,134.92,0.0,-134920.0,0.0
2019-03-08,19,0,164,4.07,4.07,0.0,50.403458,0.0
2019-03-08,19,0,167,0.54,0.54,0.0,42.075794,0.0
2019-03-08,19,0,168,0.27,0.27,0.0,21.037897,0.0
2019-03-08,19,0,169,0.0,0.0,0.0,0.0,0.0
2019-03-08,19,0,170,0.59,0.59,0.0,45.9717,0.0
2019-03-08,19,0,172,0.69,0.69,0.0,40.773106,0.0
2019-03-08,19,0,173,1.06,1.06,0.0,62.636945,0.0
2019-03-08,19,0,188,1.11,1.11,0.0,70.692265,0.0
2019-03-08,19,0,190,1.3,1.3,0.0,48.655824,0.0
2019-03-08,19,0,191,3.36,3.36,0.0,125.756592,0.0
2019-03-08,19,0,192,138.18,138.18,0.0,5171.739843,0.0
2019-03-08,19,0,194,176.5,176.5,0.0,-17303.320019,0.0
2019-03-08,19,0,196,0.9,0.9,0.0,280.715607,0.0
2019-03-08,19,0,198,1.05,1.05,0.0,15.130224,0.0
2019-03-08,19,0,199,95.03,95.03,0.0,-1588.802205,0.0
2019-03-08,19,0,200,1.91,1.91,0.0,-31.933202,0.0
2019-03-08,19,0,204,257.1,257.1,0.0,3411.202109,0.0
2019-03-08,19,0,205,317.4,317.4,0.0,4224.504866,0.0
2019-03-08,19,0,206,539.94,539.94,0.0,6680.723226,0.0
2019-03-08,19,0,210,0.16,0.16,0.0,2.355774,0.0
2019-03-08,19,0,214,1.03,1.03,0.0,14.966448,0.0
2019-03-08,19,0,217,0.66,0.66,0.0,9.647679,0.0
2019-03-08,19,0,218,0.9,0.9,0.0,13.155926,0.0
2019-03-08,19,0,219,0.62,0.62,0.0,9.062972,0.0
2019-03-08,19,0,221,0.55,0.55,0.0,7.991792,0.0
2019-03-08,19,0,225,0.41,0.41,0.0,6.009824,0.0
2019-03-08,19,0,233,0.76,0.76,0.0,10.911212,0.0
2019-03-08,19,0,236,159.03,159.03,0.0,2210.808175,0.0
2019-03-08,19,0,237,156.6,156.6,0.0,2147.865176,0.0
2019-03-08,19,0,238,10.12,10.12,0.0,141.675184,0.0
2019-03-08,19,0,240,1.44,1.44,0.0,19.609539,0.0
2019-03-08,19,0,245,78.0,78.0,0.0,1100.320106,0.0
2019-03-08,19,0,247,171.72,171.72,0.0,2422.397034,0.0
2019-03-08,19,0,248,15.72,15.72,0.0,215.609454,0.0
2019-03-08,19,0,249,150.0,150.0,0.0,2116.000205,0.0
2019-03-08,19,0,251,326.4,326.4,0.0,4580.025911,0.0
2019-03-08,19,0,252,267.06,267.06,0.0,3752.555505,0.0
2019-03-08,19,0,254,1.86,1.86,0.0,25.602641,0.0
2019-03-08,19,0,255,0.85,0.85,0.0,11.700132,0.0
2019-03-08,19,0,258,1.77,1.77,0.0,24.12656,0.0
2019-03-08,19,0,260,0.64,0.64,0.0,8.935752,0.0
2019-03-08,19,0,265,14.61,14.61,0.0,189.138524,0.0
2019-03-08,19,0,266,29.1,29.1,0.0,376.72355,0.0
2019-03-08,19,0,267,35.76,35.76,0.0,462.942754,0.0
2019-03-08,19,0,270,421.35,421.35,0.0,-421350.0,0.0
2019-03-08,19,0,272,115.18,115.18,0.0,-27363.639457,0.0
2019-03-08,19,0,273,4.18,4.18,0.0,-4180.0,0.0
2019-03-08,19,0,274,543.17,543.17,0.0,-543170.0,0.0
2019-03-08,19,0,275,756.1,756.1,0.0,-756100.0,0.0
2019-03-08,19,0,276,0.94,0.94,0.0,-843.866678,0.0
2019-03-08,19,0,277,1.2,1.2,0.0,-299.629781,0.0
2019-03-08,19,0,278,1.92,1.92,0.0,-479.40765,0.0
2019-03-08,19,0,279,173.75,173.75,0.0,-43383.895394,0.0
2019-03-08,19,0,281,16.83,16.83,0.0,208.425112,0.0
2019-03-08,19,0,282,61.11,61.11,0.0,756.794924,0.0
2019-03-08,20,0,9,0.0,0.0,0.0,0.0,0.0
2019-03-08,20,0,17,0.0,0.0,0.0,0.0,0.0
2019-03-08,20,0,19,643.3,643.3,0.0,3551.863077,0.0
2019-03-08,20,0,20,780.2,780.2,0.0,4307.731342,0.0
2019-03-08,20,0,21,0.0,0.0,0.0,0.0,0.0
2019-03-08,20,0,22,0.0,0.0,0.0,0.0,0.0
2019-03-08,20,0,23,108.8,108.8,0.0,1376.185704,0.0
2019-03-08,20,0,24,192.5,192.5,0.0,2434.88739,0.0
2019-03-08,20,0,29,0.0,0.0,0.0,0.0,0.0
2019-03-08,20,0,30,0.0,0.0,0.0,0.0,0.0
2019-03-08,20,0,31,37.5,37.5,0.0,474.00807,0.0
2019-03-08,20,0,32,0.0,0.0,0.0,0.0,0.0
2019-03-08,20,0,33,0.0,0.0,0.0,0.0,0.0
2019-03-08,20,0,34,0.0,0.0,0.0,0.0,0.0
2019-03-08,20,0,35,0.0,0.0,0.0,0.0,0.0
2019-03-08,20,0,36,0.0,0.0,0.0,0.0,0.0
2019-03-08,20,0,37,0.0,0.0,0.0,0.0,0.0
2019-03-08,20,0,38,0.0,0.0,0.0,0.0,0.0
2019-03-08,20,0,39,0.0,0.0,0.0,0.0,0.0
2019-03-08,20,0,40,0.0,0.0,0.0,0.0,0.0
2019-03-08,20,0,41,60.5,60.5,0.0,792.081991,0.0
2019-03-08,20,0,42,0.0,0.0,0.0,0.0,0.0
2019-03-08,20,0,43,0.0,0.0,0.0,0.0,0.0
2019-03-08,20,0,46,0.0,0.0,0.0,0.0,0.0
2019-03-08,20,0,52,39.75,39.75,0.0,502.448554,0.0
2019-03-08,20,0,53,63.15,63.15,0.0,798.229589,0.0
2019-03-08,20,0,55,186.9,186.9,0.0,2364.054302,0.0
2019-03-08,20,0,56,0.0,0.0,0.0,0.0,0.0
2019-03-08,20,0,57,0.0,0.0,0.0,0.0,0.0
2019-03-08,20,0,58,0.0,0.0,0.0,0.0,0.0
2019-03-08,20,0,59,0.0,0.0,0.0,0.0,0.0
2019-03-08,20,0,63,123.34,123.34,0.0,14437.724993,0.0
2019-03-08,20,0,64,145.11,145.11,0.0,16986.040812,0.0
2019-03-08,20,0,65,41.4,41.4,0.0,401.941742,0.0
2019-03-08,20,0,67,0.0,0.0,0.0,-0.0,0.0
2019-03-08,20,0,68,8.77,8.77,0.0,-3602.776664,0.0
2019-03-08,20,0,69,0.0,0.0,0.0,0.0,0.0
2019-03-08,20,0,74,65.28,65.28,0.0,894.525285,0.0
2019-03-08,20,0,77,84.7,84.7,0.0,-24562.986955,0.0
2019-03-08,20,0,78,64.3,64.3,0.0,-18646.990097,0.0
2019-03-08,20,0,79,37.43,37.43,0.0,-10854.694235,0.0
2019-03-08,20,0,80,60.23,60.23,0.0,-17466.690724,0.0
2019-03-08,20,0,81,78.45,78.45,0.0,-22750.487917,0.0
2019-03-08,20,0,82,55.6,55.6,0.0,-16123.991437,0.0
2019-03-08,20,0,83,122.29,122.29,0.0,-35464.081165,0.0
2019-03-08,20,0,84,0.0,0.0,0.0,0.0,0.0
2019-03-08,20,0,86,0.0,0.0,0.0,0.0,0.0
2019-03-08,20,0,87,0.0,0.0,0.0,0.0,0.0
2019-03-08,20,0,88,95.34,95.34,0.0,-27648.585316,0.0
2019-03-08,20,0,89,91.66,91.66,0.0,-26581.385883,0.0
2019-03-08,20,0,90,122.98,122.98,0.0,-35664.181059,0.0
2019-03-08,20,0,91,437.84,437.84,0.0,-126973.532565,0.0
2019-03-08,20,0,92,157.68,157.68,0.0,-45727.175714,0.0
2019-03-08,20,0,95,33.21,33.21,0.0,1470.364811,0.0
2019-03-08,20,0,96,31.77,31.77,0.0,401.295737,0.0
2019-03-08,20,0,97,229.39,229.39,0.0,2897.489114,0.0
2019-03-08,20,0,99,12.6,12.6,0.0,172.656535,0.0
2019-03-08,20,0,101,0.0,0.0,0.0,0.0,0.0
2019-03-08,20,0,102,20.75,20.75,0.0,-8524.243532,0.0
2019-03-08,20,0,103,18.04,18.04,0.0,-7410.956786,0.0
2019-03-08,20,0,104,3.35,3.35,0.0,-1376.203173,0.0
2019-03-08,20,0,106,0.0,0.0,0.0,0.0,0.0
2019-03-08,20,0,109,60.0,60.0,0.0,803.38588,0.0
2019-03-08,20,0,110,338.6,338.6,0.0,-338600.0,0.0
2019-03-08,20,0,111,0.0,0.0,0.0,0.0,0.0
2019-03-08,20,0,113,32.38,32.38,0.0,-8439.922903,0.0
2019-03-08,20,0,115,32.38,32.38,0.0,-8439.922903,0.0
2019-03-08,20,0,116,0.0,0.0,0.0,-0.0,0.0
2019-03-08,20,0,117,2.16,2.16,0.0,-563.009063,0.0
2019-03-08,20,0,119,145.11,145.11,0.0,16986.040812,0.0
2019-03-08,20,0,120,85.32,85.32,0.0,9987.244174,0.0
2019-03-08,20,0,123,0.0,0.0,0.0,0.0,0.0
2019-03-08,20,0,125,174.2,174.2,0.0,2203.414978,0.0
2019-03-08,20,0,126,0.0,0.0,0.0,0.0,0.0
2019-03-08,20,0,127,0.0,0.0,0.0,0.0,0.0
2019-03-08,20,0,128,249.5,249.5,0.0,3155.867033,0.0
2019-03-08,20,0,131,30.0,30.0,0.0,-11162.1469,0.0
2019-03-08,20,0,132,44.1,44.1,0.0,-16408.355943,0.0
2019-03-08,20,0,133,103.8,103.8,0.0,1512.111079,0.0
2019-03-08,20,0,134,0.0,0.0,0.0,0.0,0.0
2019-03-08,20,0,135,138.32,138.32,0.0,2014.982702,0.0
2019-03-08,20,0,136,45.9,45.9,0.0,456.182598,0.0
2019-03-08,20,0,139,80.98,80.98,0.0,1060.211564,0.0
2019-03-08,20,0,140,250.6,250.6,0.0,-250600.0,0.0
2019-03-08,20,0,141,230.0,230.0,0.0,-127844.478495,0.0
2019-03-08,20,0,142,0.0,0.0,0.0,-0.0,0.0
2019-03-08,20,0,143,71.55,71.55,0.0,904.407397,0.0
2019-03-08,20,0,145,19.97,19.97,0.0,257.979823,0.0
2019-03-08,20,0,146,268.0,268.0,0.0,-268000.0,0.0
2019-03-08,20,0,152,0.0,0.0,0.0,0.0,0.0
2019-03-08,20,0,153,0.0,0.0,0.0,0.0,0.0
2019-03-08,20,0,154,0.0,0.0,0.0,0.0,0.0
2019-03-08,20,0,157,250.0,250.0,0.0,-138961.389668,0.0
2019-03-08,20,0,158,0.0,0.0,0.0,-0.0,0.0
2019-03-08,20,0,159,0.0,0.0,0.0,0.0,0.0
2019-03-08,20,0,160,0.0,0.0,0.0,0.0,0.0
2019-03-08,20,0,161,0.0,0.0,0.0,-0.0,0.0
2019-03-08,20,0,162,43.38,43.38,0.0,1955.443239,0.0
2019-03-08,20,0,163,120.5,120.5,0.0,-120500.0,0.0
2019-03-08,20,0,164,0.0,0.0,0.0,0.0,0.0
2019-03-08,20,0,167,0.0,0.0,0.0,0.0,0.0
2019-03-08,20,0,168,0.0,0.0,0.0,0.0,0.0
2019-03-08,20,0,169,0.0,0.0,0.0,0.0,0.0
2019-03-08,20,0,170,0.0,0.0,0.0,0.0,0.0
2019-03-08,20,0,172,0.0,0.0,0.0,0.0,0.0
2019-03-08,20,0,173,0.0,0.0,0.0,0.0,0.0
2019-03-08,20,0,188,0.0,0.0,0.0,0.0,0.0
2019-03-08,20,0,190,0.0,0.0,0.0,0.0,0.0
2019-03-08,20,0,191,0.0,0.0,0.0,0.0,0.0
2019-03-08,20,0,192,126.66,126.66,0.0,4740.574385,0.0
2019-03-08,20,0,194,176.5,176.5,0.0,-22117.24021,0.0
2019-03-08,20,0,196,0.0,0.0,0.0,0.0,0.0
2019-03-08,20,0,198,0.0,0.0,0.0,0.0,0.0
2019-03-08,20,0,199,130.0,130.0,0.0,-3212.167824,0.0
2019-03-08,20,0,200,0.0,0.0,0.0,-0.0,0.0
2019-03-08,20,0,204,465.33,465.33,0.0,6215.286003,0.0
2019-03-08,20,0,205,317.4,317.4,0.0,4249.911308,0.0
2019-03-08,20,0,206,868.95,868.95,0.0,10975.94998,0.0
2019-03-08,20,0,210,0.0,0.0,0.0,0.0,0.0
2019-03-08,20,0,214,0.0,0.0,0.0,0.0,0.0
2019-03-08,20,0,217,0.0,0.0,0.0,0.0,0.0
2019-03-08,20,0,218,0.0,0.0,0.0,0.0,0.0
2019-03-08,20,0,219,0.0,0.0,0.0,0.0,0.0
2019-03-08,20,0,221,0.0,0.0,0.0,0.0,0.0
2019-03-08,20,0,225,0.0,0.0,0.0,0.0,0.0
2019-03-08,20,0,233,0.0,0.0,0.0,0.0,0.0
2019-03-08,20,0,236,159.03,159.03,0.0,2203.451869,0.0
2019-03-08,20,0,237,156.6,156.6,0.0,2145.874076,0.0
2019-03-08,20,0,238,0.0,0.0,0.0,0.0,0.0
2019-03-08,20,0,240,0.0,0.0,0.0,0.0,0.0
2019-03-08,20,0,245,145.89,145.89,0.0,1923.841682,0.0
2019-03-08,20,0,247,171.72,171.72,0.0,2264.460166,0.0
2019-03-08,20,0,248,15.72,15.72,0.0,215.409582,0.0
2019-03-08,20,0,249,280.44,280.44,0.0,3698.143542,0.0
2019-03-08,20,0,251,326.4,326.4,0.0,3603.860416,0.0
2019-03-08,20,0,252,267.06,267.06,0.0,2592.815499,0.0
2019-03-08,20,0,254,0.0,0.0,0.0,0.0,0.0
2019-03-08,20,0,255,0.0,0.0,0.0,0.0,0.0
2019-03-08,20,0,258,0.0,0.0,0.0,0.0,0.0
2019-03-08,20,0,260,0.0,0.0,0.0,0.0,0.0
2019-03-08,20,0,265,0.0,0.0,0.0,0.0,0.0
2019-03-08,20,0,266,49.35,49.35,0.0,646.103244,0.0
2019-03-08,20,0,267,62.41,62.41,0.0,817.088216,0.0
2019-03-08,20,0,270,376.33,376.33,0.0,-376330.0,0.0
2019-03-08,20,0,272,108.21,108.21,0.0,-28205.190158,0.0
2019-03-08,20,0,273,0.0,0.0,0.0,-0.0,0.0
2019-03-08,20,0,274,485.13,485.13,0.0,-485130.0,0.0
2019-03-08,20,0,275,675.31,675.31,0.0,-675310.0,0.0
2019-03-08,20,0,276,0.0,0.0,0.0,-0.0,0.0
2019-03-08,20,0,277,0.0,0.0,0.0,-0.0,0.0
2019-03-08,20,0,278,0.0,0.0,0.0,-0.0,0.0
2019-03-08,20,0,279,421.8,421.8,0.0,-114906.009928,0.0
2019-03-08,20,0,281,16.83,16.83,0.0,212.734822,0.0
2019-03-08,20,0,282,0.0,0.0,0.0,0.0,0.0
2019-03-08,21,0,9,0.0,0.0,0.0,0.0,0.0
2019-03-08,21,0,17,0.0,0.0,0.0,0.0,0.0
2019-03-08,21,0,19,643.3,643.3,0.0,3575.291983,0.0
2019-03-08,21,0,20,780.2,780.2,0.0,4336.146129,0.0
2019-03-08,21,0,21,0.0,0.0,0.0,0.0,0.0
2019-03-08,21,0,22,0.0,0.0,0.0,0.0,0.0
2019-03-08,21,0,23,108.8,108.8,0.0,1777.617678,0.0
2019-03-08,21,0,24,192.5,192.5,0.0,3145.141572,0.0
2019-03-08,21,0,29,0.0,0.0,0.0,0.0,0.0
2019-03-08,21,0,30,0.0,0.0,0.0,0.0,0.0
2019-03-08,21,0,31,31.3,31.3,0.0,511.999057,0.0
2019-03-08,21,0,32,0.0,0.0,0.0,0.0,0.0
2019-03-08,21,0,33,0.0,0.0,0.0,0.0,0.0
2019-03-08,21,0,34,0.0,0.0,0.0,0.0,0.0
2019-03-08,21,0,35,0.0,0.0,0.0,0.0,0.0
2019-03-08,21,0,36,0.0,0.0,0.0,0.0,0.0
2019-03-08,21,0,37,0.0,0.0,0.0,0.0,0.0
2019-03-08,21,0,38,0.0,0.0,0.0,0.0,0.0
2019-03-08,21,0,39,0.0,0.0,0.0,0.0,0.0
2019-03-08,21,0,40,0.0,0.0,0.0,0.0,0.0
2019-03-08,21,0,41,111.37,111.37,0.0,1706.8826,0.0
2019-03-08,21,0,42,0.0,0.0,0.0,0.0,0.0
2019-03-08,21,0,43,0.0,0.0,0.0,0.0,0.0
2019-03-08,21,0,46,0.0,0.0,0.0,0.0,0.0
2019-03-08,21,0,52,33.18,33.18,0.0,542.751716,0.0
2019-03-08,21,0,53,52.71,52.71,0.0,862.219498,0.0
2019-03-08,21,0,55,186.9,186.9,0.0,3053.646544,0.0
2019-03-08,21,0,56,0.0,0.0,0.0,0.0,0.0
2019-03-08,21,0,57,0.0,0.0,0.0,0.0,0.0
2019-03-08,21,0,58,0.0,0.0,0.0,0.0,0.0
2019-03-08,21,0,59,0.0,0.0,0.0,0.0,0.0
2019-03-08,21,0,63,134.99,134.99,0.0,14946.467332,0.0
2019-03-08,21,0,64,158.81,158.81,0.0,17583.883821,0.0
2019-03-08,21,0,65,41.4,41.4,0.0,389.279685,0.0
2019-03-08,21,0,67,0.0,0.0,0.0,-0.0,0.0
2019-03-08,21,0,68,9.2,9.2,0.0,-3818.045479,0.0
2019-03-08,21,0,69,0.0,0.0,0.0,0.0,0.0
2019-03-08,21,0,74,65.28,65.28,0.0,907.677292,0.0
2019-03-08,21,0,77,172.48,172.48,0.0,-50922.748281,0.0
2019-03-08,21,0,78,130.65,130.65,0.0,-38572.918964,0.0
2019-03-08,21,0,79,75.79,75.79,0.0,-22376.1311,0.0
2019-03-08,21,0,80,122.31,122.31,0.0,-36110.629303,0.0
2019-03-08,21,0,81,159.64,159.64,0.0,-47131.885062,0.0
2019-03-08,21,0,82,112.85,112.85,0.0,-33317.672446,0.0
2019-03-08,21,0,83,250.05,250.05,0.0,-73824.404033,0.0
2019-03-08,21,0,84,0.0,0.0,0.0,0.0,0.0
2019-03-08,21,0,86,0.0,0.0,0.0,0.0,0.0
2019-03-08,21,0,87,0.0,0.0,0.0,0.0,0.0
2019-03-08,21,0,88,170.6,170.6,0.0,-50367.699772,0.0
2019-03-08,21,0,89,164.0,164.0,0.0,-48419.125221,0.0
2019-03-08,21,0,90,220.2,220.2,0.0,-65011.532766,0.0
2019-03-08,21,0,91,785.5,785.5,0.0,-231909.895493,0.0
2019-03-08,21,0,92,282.5,282.5,0.0,-83404.895578,0.0
2019-03-08,21,0,95,51.12,51.12,0.0,1972.268112,0.0
2019-03-08,21,0,96,28.1,28.1,0.0,460.223818,0.0
2019-03-08,21,0,97,172.81,172.81,0.0,2830.294591,0.0
2019-03-08,21,0,99,12.6,12.6,0.0,175.195066,0.0
2019-03-08,21,0,101,0.0,0.0,0.0,0.0,0.0
2019-03-08,21,0,102,21.78,21.78,0.0,-9038.807666,0.0
2019-03-08,21,0,103,18.94,18.94,0.0,-7860.193627,0.0
2019-03-08,21,0,104,3.52,3.52,0.0,-1460.817401,0.0
2019-03-08,21,0,106,0.0,0.0,0.0,0.0,0.0
2019-03-08,21,0,109,83.6,83.6,0.0,1225.755544,0.0
2019-03-08,21,0,110,338.6,338.6,0.0,-338600.0,0.0
2019-03-08,21,0,111,0.0,0.0,0.0,0.0,0.0
2019-03-08,21,0,113,57.8,57.8,0.0,-15346.432089,0.0
2019-03-08,21,0,115,57.8,57.8,0.0,-15346.432089,0.0
2019-03-08,21,0,116,0.0,0.0,0.0,-0.0,0.0
2019-03-08,21,0,117,3.89,3.89,0.0,-1032.83081,0.0
2019-03-08,21,0,119,158.81,158.81,0.0,17583.883821,0.0
2019-03-08,21,0,120,93.38,93.38,0.0,10339.292684,0.0
2019-03-08,21,0,123,0.0,0.0,0.0,0.0,0.0
2019-03-08,21,0,125,174.2,174.2,0.0,2846.148892,0.0
2019-03-08,21,0,126,0.0,0.0,0.0,0.0,0.0
2019-03-08,21,0,127,0.0,0.0,0.0,0.0,0.0
2019-03-08,21,0,128,249.5,249.5,0.0,4076.430245,0.0
2019-03-08,21,0,131,30.0,30.0,0.0,-11296.367417,0.0
2019-03-08,21,0,132,44.1,44.1,0.0,-16605.660102,0.0
2019-03-08,21,0,133,91.59,91.59,0.0,1263.57951,0.0
2019-03-08,21,0,134,0.0,0.0,0.0,0.0,0.0
2019-03-08,21,0,135,119.08,119.08,0.0,1642.832711,0.0
2019-03-08,21,0,136,45.9,45.9,0.0,441.281781,0.0
2019-03-08,21,0,139,146.7,146.7,0.0,2248.358421,0.0
2019-03-08,21,0,140,250.6,250.6,0.0,-250600.0,0.0
2019-03-08,21,0,141,230.0,230.0,0.0,-128572.340997,0.0
2019-03-08,21,0,142,0.0,0.0,0.0,-0.0,0.0
2019-03-08,21,0,143,71.55,71.55,0.0,1170.400401,0.0
2019-03-08,21,0,145,19.42,19.42,0.0,305.444298,0.0
2019-03-08,21,0,146,268.0,268.0,0.0,-268000.0,0.0
2019-03-08,21,0,152,0.0,0.0,0.0,0.0,0.0
2019-03-08,21,0,153,0.0,0.0,0.0,0.0,0.0
2019-03-08,21,0,154,0.0,0.0,0.0,0.0,0.0
2019-03-08,21,0,157,250.0,250.0,0.0,-139752.544561,0.0
2019-03-08,21,0,158,0.0,0.0,0.0,-0.0,0.0
2019-03-08,21,0,159,0.0,0.0,0.0,0.0,0.0
2019-03-08,21,0,160,0.0,0.0,0.0,0.0,0.0
2019-03-08,21,0,161,0.0,0.0,0.0,-0.0,0.0
2019-03-08,21,0,162,56.98,56.98,0.0,2243.592696,0.0
2019-03-08,21,0,163,115.09,115.09,0.0,-115090.0,0.0
2019-03-08,21,0,164,0.0,0.0,0.0,0.0,0.0
2019-03-08,21,0,167,0.0,0.0,0.0,0.0,0.0
2019-03-08,21,0,168,0.0,0.0,0.0,0.0,0.0
2019-03-08,21,0,169,0.0,0.0,0.0,0.0,0.0
2019-03-08,21,0,170,0.0,0.0,0.0,0.0,0.0
2019-03-08,21,0,172,0.0,0.0,0.0,0.0,0.0
2019-03-08,21,0,173,0.0,0.0,0.0,0.0,0.0
2019-03-08,21,0,188,0.0,0.0,0.0,0.0,0.0
2019-03-08,21,0,190,0.0,0.0,0.0,0.0,0.0
2019-03-08,21,0,191,0.0,0.0,0.0,0.0,0.0
2019-03-08,21,0,192,116.27,116.27,0.0,4351.702066,0.0
2019-03-08,21,0,194,176.5,176.5,0.0,-23047.360995,0.0
2019-03-08,21,0,196,0.0,0.0,0.0,0.0,0.0
2019-03-08,21,0,198,0.0,0.0,0.0,0.0,0.0
2019-03-08,21,0,199,130.0,130.0,0.0,-3860.44817,0.0
2019-03-08,21,0,200,0.0,0.0,0.0,-0.0,0.0
2019-03-08,21,0,204,841.64,841.64,0.0,12405.154978,0.0
2019-03-08,21,0,205,387.97,387.97,0.0,5688.473424,0.0
2019-03-08,21,0,206,507.79,507.79,0.0,8316.621089,0.0
2019-03-08,21,0,210,0.0,0.0,0.0,0.0,0.0
2019-03-08,21,0,214,0.0,0.0,0.0,0.0,0.0
2019-03-08,21,0,217,0.0,0.0,0.0,0.0,0.0
2019-03-08,21,0,218,0.0,0.0,0.0,0.0,0.0
2019-03-08,21,0,219,0.0,0.0,0.0,0.0,0.0
2019-03-08,21,0,221,0.0,0.0,0.0,0.0,0.0
2019-03-08,21,0,225,0.0,0.0,0.0,0.0,0.0
2019-03-08,21,0,233,0.0,0.0,0.0,0.0,0.0
2019-03-08,21,0,236,159.03,159.03,0.0,2157.230532,0.0
2019-03-08,21,0,237,156.6,156.6,0.0,2177.424387,0.0
2019-03-08,21,0,238,0.0,0.0,0.0,0.0,0.0
2019-03-08,21,0,240,0.0,0.0,0.0,0.0,0.0
2019-03-08,21,0,245,260.0,260.0,0.0,3231.647716,0.0
2019-03-08,21,0,247,171.72,171.72,0.0,2134.379022,0.0
2019-03-08,21,0,248,15.72,15.72,0.0,218.576701,0.0
2019-03-08,21,0,249,500.0,500.0,0.0,6214.707146,0.0
2019-03-08,21,0,251,326.4,326.4,0.0,3481.61088,0.0
2019-03-08,21,0,252,267.06,267.06,0.0,2511.136054,0.0
2019-03-08,21,0,254,0.0,0.0,0.0,0.0,0.0
2019-03-08,21,0,255,0.0,0.0,0.0,0.0,0.0
2019-03-08,21,0,258,0.0,0.0,0.0,0.0,0.0
2019-03-08,21,0,260,0.0,0.0,0.0,0.0,0.0
2019-03-08,21,0,265,0.0,0.0,0.0,0.0,0.0
2019-03-08,21,0,266,91.87,91.87,0.0,1408.021051,0.0
2019-03-08,21,0,267,114.69,114.69,0.0,1757.765694,0.0
2019-03-08,21,0,270,359.43,359.43,0.0,-359430.0,0.0
2019-03-08,21,0,272,193.06,193.06,0.0,-51259.207251,0.0
2019-03-08,21,0,273,0.0,0.0,0.0,-0.0,0.0
2019-03-08,21,0,274,463.35,463.35,0.0,-463350.0,0.0
2019-03-08,21,0,275,644.99,644.99,0.0,-644990.0,0.0
2019-03-08,21,0,276,0.0,0.0,0.0,-0.0,0.0
2019-03-08,21,0,277,0.0,0.0,0.0,-0.0,0.0
2019-03-08,21,0,278,0.0,0.0,0.0,-0.0,0.0
2019-03-08,21,0,279,429.99,429.99,0.0,-119291.346116,0.0
2019-03-08,21,0,281,14.05,14.05,0.0,229.827053,0.0
2019-03-08,21,0,282,0.0,0.0,0.0,0.0,0.0
2019-03-08,22,0,9,0.0,0.0,0.0,0.0,0.0
2019-03-08,22,0,17,0.0,0.0,0.0,0.0,0.0
2019-03-08,22,0,19,643.3,643.3,0.0,735.05872,0.0
2019-03-08,22,0,20,780.2,780.2,0.0,891.485797,0.0
2019-03-08,22,0,21,0.0,0.0,0.0,0.0,0.0
2019-03-08,22,0,22,0.0,0.0,0.0,0.0,0.0
2019-03-08,22,0,23,108.8,108.8,0.0,1146.78118,0.0
2019-03-08,22,0,24,192.5,192.5,0.0,2029.001629,0.0
2019-03-08,22,0,29,0.0,0.0,0.0,0.0,0.0
2019-03-08,22,0,30,0.0,0.0,0.0,0.0,0.0
2019-03-08,22,0,31,22.12,22.12,0.0,233.675122,0.0
2019-03-08,22,0,32,0.0,0.0,0.0,0.0,0.0
2019-03-08,22,0,33,0.0,0.0,0.0,0.0,0.0
2019-03-08,22,0,34,0.0,0.0,0.0,0.0,0.0
2019-03-08,22,0,35,0.0,0.0,0.0,0.0,0.0
2019-03-08,22,0,36,0.0,0.0,0.0,0.0,0.0
2019-03-08,22,0,37,0.0,0.0,0.0,0.0,0.0
2019-03-08,22,0,38,0.0,0.0,0.0,0.0,0.0
2019-03-08,22,0,39,0.0,0.0,0.0,0.0,0.0
2019-03-08,22,0,40,0.0,0.0,0.0,0.0,0.0
2019-03-08,22,0,41,116.0,116.0,0.0,1079.289591,0.0
2019-03-08,22,0,42,0.0,0.0,0.0,0.0,0.0
2019-03-08,22,0,43,0.0,0.0,0.0,0.0,0.0
2019-03-08,22,0,46,0.0,0.0,0.0,0.0,0.0
2019-03-08,22,0,52,23.45,23.45,0.0,247.725208,0.0
2019-03-08,22,0,53,37.25,37.25,0.0,393.50806,0.0
2019-03-08,22,0,55,356.65,356.65,0.0,3759.186654,0.0
2019-03-08,22,0,56,0.0,0.0,0.0,0.0,0.0
2019-03-08,22,0,57,0.0,0.0,0.0,0.0,0.0
2019-03-08,22,0,58,0.0,0.0,0.0,0.0,0.0
2019-03-08,22,0,59,0.0,0.0,0.0,0.0,0.0
2019-03-08,22,0,63,149.98,149.98,0.0,14565.48881,0.0
2019-03-08,22,0,64,176.44,176.44,0.0,17135.183662,0.0
2019-03-08,22,0,65,41.4,41.4,0.0,164.41829,0.0
2019-03-08,22,0,67,0.0,0.0,0.0,-0.0,0.0
2019-03-08,22,0,68,9.96,9.96,0.0,-4203.590724,0.0
2019-03-08,22,0,69,0.0,0.0,0.0,0.0,0.0
2019-03-08,22,0,74,49.46,49.46,0.0,374.500645,0.0
2019-03-08,22,0,77,200.0,200.0,0.0,-60750.393209,0.0
2019-03-08,22,0,78,151.2,151.2,0.0,-45927.297266,0.0
2019-03-08,22,0,79,87.5,87.5,0.0,-26578.297029,0.0
2019-03-08,22,0,80,141.5,141.5,0.0,-42980.903196,0.0
2019-03-08,22,0,81,185.0,185.0,0.0,-56194.113719,0.0
2019-03-08,22,0,82,130.5,130.5,0.0,-39639.631569,0.0
2019-03-08,22,0,83,291.0,291.0,0.0,-88391.82212,0.0
2019-03-08,22,0,84,0.0,0.0,0.0,-0.0,0.0
2019-03-08,22,0,86,0.0,0.0,0.0,0.0,0.0
2019-03-08,22,0,87,0.0,0.0,0.0,0.0,0.0
2019-03-08,22,0,88,170.6,170.6,0.0,-51820.085408,0.0
2019-03-08,22,0,89,164.0,164.0,0.0,-49815.322432,0.0
2019-03-08,22,0,90,220.2,220.2,0.0,-66886.182923,0.0
2019-03-08,22,0,91,785.5,785.5,0.0,-238597.16933,0.0
2019-03-08,22,0,92,282.5,282.5,0.0,-85809.930408,0.0
2019-03-08,22,0,95,74.54,74.54,0.0,1898.238888,0.0
2019-03-08,22,0,96,24.97,24.97,0.0,264.401099,0.0
2019-03-08,22,0,97,153.56,153.56,0.0,1626.008523,0.0
2019-03-08,22,0,99,9.55,9.55,0.0,72.310577,0.0
2019-03-08,22,0,101,0.0,0.0,0.0,0.0,0.0
2019-03-08,22,0,102,23.58,23.58,0.0,-9951.874426,0.0
2019-03-08,22,0,103,20.51,20.51,0.0,-8656.189333,0.0
2019-03-08,22,0,104,3.81,3.81,0.0,-1608.000066,0.0
2019-03-08,22,0,106,0.0,0.0,0.0,0.0,0.0
2019-03-08,22,0,109,171.41,171.41,0.0,1455.471768,0.0
2019-03-08,22,0,110,338.6,338.6,0.0,-338600.0,0.0
2019-03-08,22,0,111,0.0,0.0,0.0,0.0,0.0
2019-03-08,22,0,113,99.52,99.52,0.0,-27296.769572,0.0
2019-03-08,22,0,115,99.52,99.52,0.0,-27296.769572,0.0
2019-03-08,22,0,116,0.0,0.0,0.0,-0.0,0.0
2019-03-08,22,0,117,6.63,6.63,0.0,-1818.504645,0.0
2019-03-08,22,0,119,176.44,176.44,0.0,17135.183662,0.0
2019-03-08,22,0,120,103.75,103.75,0.0,10075.806534,0.0
2019-03-08,22,0,123,0.0,0.0,0.0,0.0,0.0
2019-03-08,22,0,125,174.2,174.2,0.0,1836.114721,0.0
2019-03-08,22,0,126,0.0,0.0,0.0,0.0,0.0
2019-03-08,22,0,127,0.0,0.0,0.0,0.0,0.0
2019-03-08,22,0,128,249.5,249.5,0.0,2629.796916,0.0
2019-03-08,22,0,131,30.0,30.0,0.0,-11521.526466,0.0
2019-03-08,22,0,132,44.1,44.1,0.0,-16936.643906,0.0
2019-03-08,22,0,133,139.8,139.8,0.0,1003.723236,0.0
2019-03-08,22,0,134,0.0,0.0,0.0,0.0,0.0
2019-03-08,22,0,135,187.33,187.33,0.0,1344.974777,0.0
2019-03-08,22,0,136,45.9,45.9,0.0,189.417951,0.0
2019-03-08,22,0,139,149.8,149.8,0.0,1393.772248,0.0
2019-03-08,22,0,140,250.6,250.6,0.0,-250600.0,0.0
2019-03-08,22,0,141,230.0,230.0,0.0,-129793.352756,0.0
2019-03-08,22,0,142,0.0,0.0,0.0,-0.0,0.0
2019-03-08,22,0,143,71.55,71.55,0.0,755.852395,0.0
2019-03-08,22,0,145,46.23,46.23,0.0,452.801451,0.0
2019-03-08,22,0,146,268.0,268.0,0.0,-268000.0,0.0
2019-03-08,22,0,152,0.0,0.0,0.0,0.0,0.0
2019-03-08,22,0,153,0.0,0.0,0.0,0.0,0.0
2019-03-08,22,0,154,0.0,0.0,0.0,0.0,0.0
2019-03-08,22,0,157,0.0,0.0,0.0,-0.0,0.0
2019-03-08,22,0,158,0.0,0.0,0.0,-0.0,0.0
2019-03-08,22,0,159,0.0,0.0,0.0,0.0,0.0
2019-03-08,22,0,160,0.0,0.0,0.0,0.0,0.0
2019-03-08,22,0,161,0.0,0.0,0.0,-0.0,0.0
2019-03-08,22,0,162,43.51,43.51,0.0,1142.599974,0.0
2019-03-08,22,0,163,118.42,118.42,0.0,-118420.0,0.0
2019-03-08,22,0,164,0.0,0.0,0.0,0.0,0.0
2019-03-08,22,0,167,0.0,0.0,0.0,0.0,0.0
2019-03-08,22,0,168,0.0,0.0,0.0,0.0,0.0
2019-03-08,22,0,169,0.0,0.0,0.0,0.0,0.0
2019-03-08,22,0,170,0.0,0.0,0.0,0.0,0.0
2019-03-08,22,0,172,0.0,0.0,0.0,0.0,0.0
2019-03-08,22,0,173,0.0,0.0,0.0,0.0,0.0
2019-03-08,22,0,188,0.0,0.0,0.0,0.0,0.0
2019-03-08,22,0,190,0.0,0.0,0.0,0.0,0.0
2019-03-08,22,0,191,0.0,0.0,0.0,0.0,0.0
2019-03-08,22,0,192,106.41,106.41,0.0,3450.616353,0.0
2019-03-08,22,0,194,176.5,176.5,0.0,-24867.002011,0.0
2019-03-08,22,0,196,0.0,0.0,0.0,0.0,0.0
2019-03-08,22,0,198,0.0,0.0,0.0,0.0,0.0
2019-03-08,22,0,199,130.0,130.0,0.0,-4904.934965,0.0
2019-03-08,22,0,200,0.0,0.0,0.0,-0.0,0.0
2019-03-08,22,0,204,857.0,857.0,0.0,7357.43713,0.0
2019-03-08,22,0,205,852.76,852.76,0.0,7240.931714,0.0
2019-03-08,22,0,206,451.23,451.23,0.0,4777.961876,0.0
2019-03-08,22,0,210,0.0,0.0,0.0,0.0,0.0
2019-03-08,22,0,214,0.0,0.0,0.0,0.0,0.0
2019-03-08,22,0,217,0.0,0.0,0.0,0.0,0.0
2019-03-08,22,0,218,0.0,0.0,0.0,0.0,0.0
2019-03-08,22,0,219,0.0,0.0,0.0,0.0,0.0
2019-03-08,22,0,221,0.0,0.0,0.0,0.0,0.0
2019-03-08,22,0,225,0.0,0.0,0.0,0.0,0.0
2019-03-08,22,0,233,0.0,0.0,0.0,0.0,0.0
2019-03-08,22,0,236,159.03,159.03,0.0,1138.020457,0.0
2019-03-08,22,0,237,118.65,118.65,0.0,898.392671,0.0
2019-03-08,22,0,238,0.0,0.0,0.0,0.0,0.0
2019-03-08,22,0,240,0.0,0.0,0.0,0.0,0.0
2019-03-08,22,0,245,260.0,260.0,0.0,1596.419341,0.0
2019-03-08,22,0,247,171.72,171.72,0.0,1054.373574,0.0
2019-03-08,22,0,248,11.91,11.91,0.0,90.179998,0.0
2019-03-08,22,0,249,500.0,500.0,0.0,3070.037194,0.0
2019-03-08,22,0,251,678.68,678.68,0.0,3335.811159,0.0
2019-03-08,22,0,252,267.06,267.06,0.0,1060.617117,0.0
2019-03-08,22,0,254,0.0,0.0,0.0,0.0,0.0
2019-03-08,22,0,255,0.0,0.0,0.0,0.0,0.0
2019-03-08,22,0,258,0.0,0.0,0.0,0.0,0.0
2019-03-08,22,0,260,0.0,0.0,0.0,0.0,0.0
2019-03-08,22,0,265,0.0,0.0,0.0,0.0,0.0
2019-03-08,22,0,266,97.0,97.0,0.0,902.509399,0.0
2019-03-08,22,0,267,119.2,119.2,0.0,1109.063097,0.0
2019-03-08,22,0,270,369.82,369.82,0.0,-369820.0,0.0
2019-03-08,22,0,272,332.61,332.61,0.0,-91229.687773,0.0
2019-03-08,22,0,273,0.0,0.0,0.0,-0.0,0.0
2019-03-08,22,0,274,476.74,476.74,0.0,-476740.0,0.0
2019-03-08,22,0,275,663.63,663.63,0.0,-663630.0,0.0
2019-03-08,22,0,276,0.0,0.0,0.0,-0.0,0.0
2019-03-08,22,0,277,0.0,0.0,0.0,-0.0,0.0
2019-03-08,22,0,278,0.0,0.0,0.0,-0.0,0.0
2019-03-08,22,0,279,183.37,183.37,0.0,-52461.852421,0.0
2019-03-08,22,0,281,9.93,9.93,0.0,104.900269,0.0
2019-03-08,22,0,282,0.0,0.0,0.0,0.0,0.0
2019-03-08,23,0,9,0.0,0.0,0.0,0.0,0.0
2019-03-08,23,0,17,0.0,0.0,0.0,0.0,0.0
2019-03-08,23,0,19,643.3,643.3,0.0,1147.59829,0.0
2019-03-08,23,0,20,780.2,780.2,0.0,1391.817482,0.0
2019-03-08,23,0,21,0.0,0.0,0.0,0.0,0.0
2019-03-08,23,0,22,0.0,0.0,0.0,0.0,0.0
2019-03-08,23,0,23,108.8,108.8,0.0,640.443877,0.0
2019-03-08,23,0,24,192.5,192.5,0.0,1133.138294,0.0
2019-03-08,23,0,29,0.0,0.0,0.0,0.0,0.0
2019-03-08,23,0,30,0.0,0.0,0.0,0.0,0.0
2019-03-08,23,0,31,16.61,16.61,0.0,97.781839,0.0
2019-03-08,23,0,32,0.0,0.0,0.0,0.0,0.0
2019-03-08,23,0,33,0.0,0.0,0.0,0.0,0.0
2019-03-08,23,0,34,0.0,0.0,0.0,0.0,0.0
2019-03-08,23,0,35,0.0,0.0,0.0,0.0,0.0
2019-03-08,23,0,36,0.0,0.0,0.0,0.0,0.0
2019-03-08,23,0,37,0.0,0.0,0.0,0.0,0.0
2019-03-08,23,0,38,0.0,0.0,0.0,0.0,0.0
2019-03-08,23,0,39,0.0,0.0,0.0,0.0,0.0
2019-03-08,23,0,40,0.0,0.0,0.0,0.0,0.0
2019-03-08,23,0,41,116.0,116.0,0.0,679.743393,0.0
2019-03-08,23,0,42,0.0,0.0,0.0,0.0,0.0
2019-03-08,23,0,43,0.0,0.0,0.0,0.0,0.0
2019-03-08,23,0,46,0.0,0.0,0.0,0.0,0.0
2019-03-08,23,0,52,17.61,17.61,0.0,103.668765,0.0
2019-03-08,23,0,53,27.98,27.98,0.0,164.716186,0.0
2019-03-08,23,0,55,623.0,623.0,0.0,3667.247571,0.0
2019-03-08,23,0,56,0.0,0.0,0.0,0.0,0.0
2019-03-08,23,0,57,0.0,0.0,0.0,0.0,0.0
2019-03-08,23,0,58,0.0,0.0,0.0,0.0,0.0
2019-03-08,23,0,59,0.0,0.0,0.0,0.0,0.0
2019-03-08,23,0,63,170.0,170.0,0.0,16401.183344,0.0
2019-03-08,23,0,64,200.0,200.0,0.0,19295.509816,0.0
2019-03-08,23,0,65,41.4,41.4,0.0,156.38491,0.0
2019-03-08,23,0,67,0.0,0.0,0.0,-0.0,0.0
2019-03-08,23,0,68,10.2,10.2,0.0,-4299.975232,0.0
2019-03-08,23,0,69,0.0,0.0,0.0,0.0,0.0
2019-03-08,23,0,74,35.43,35.43,0.0,206.150651,0.0
2019-03-08,23,0,77,200.0,200.0,0.0,-60604.509454,0.0
2019-03-08,23,0,78,151.2,151.2,0.0,-45817.009147,0.0
2019-03-08,23,0,79,87.5,87.5,0.0,-26514.472886,0.0
2019-03-08,23,0,80,141.5,141.5,0.0,-42877.690439,0.0
2019-03-08,23,0,81,185.0,185.0,0.0,-56059.171245,0.0
2019-03-08,23,0,82,130.5,130.5,0.0,-39544.442419,0.0
2019-03-08,23,0,83,291.0,291.0,0.0,-88179.561256,0.0
2019-03-08,23,0,84,0.0,0.0,0.0,-0.0,0.0
2019-03-08,23,0,86,0.0,0.0,0.0,0.0,0.0
2019-03-08,23,0,87,0.0,0.0,0.0,0.0,0.0
2019-03-08,23,0,88,170.6,170.6,0.0,-51695.646564,0.0
2019-03-08,23,0,89,164.0,164.0,0.0,-49695.697752,0.0
2019-03-08,23,0,90,220.2,220.2,0.0,-66725.564909,0.0
2019-03-08,23,0,91,785.5,785.5,0.0,-238024.210881,0.0
2019-03-08,23,0,92,282.5,282.5,0.0,-85603.869604,0.0
2019-03-08,23,0,95,120.0,120.0,0.0,2982.795691,0.0
2019-03-08,23,0,96,22.89,22.89,0.0,134.763532,0.0
2019-03-08,23,0,97,140.74,140.74,0.0,828.598491,0.0
2019-03-08,23,0,99,6.84,6.84,0.0,39.798771,0.0
2019-03-08,23,0,101,0.0,0.0,0.0,0.0,0.0
2019-03-08,23,0,102,24.15,24.15,0.0,-10180.823712,0.0
2019-03-08,23,0,103,21.0,21.0,0.0,-8852.890184,0.0
2019-03-08,23,0,104,3.9,3.9,0.0,-1644.108177,0.0
2019-03-08,23,0,106,0.0,0.0,0.0,0.0,0.0
2019-03-08,23,0,109,200.0,200.0,0.0,1168.904249,0.0
2019-03-08,23,0,110,338.6,338.6,0.0,-338600.0,0.0
2019-03-08,23,0,111,0.0,0.0,0.0,0.0,0.0
2019-03-08,23,0,113,119.54,119.54,0.0,-32756.660791,0.0
2019-03-08,23,0,115,119.54,119.54,0.0,-32756.660791,0.0
2019-03-08,23,0,116,0.0,0.0,0.0,-0.0,0.0
2019-03-08,23,0,117,7.97,7.97,0.0,-2183.960068,0.0
2019-03-08,23,0,119,200.0,200.0,0.0,19295.509816,0.0
2019-03-08,23,0,120,117.6,117.6,0.0,11345.759772,0.0
2019-03-08,23,0,123,0.0,0.0,0.0,0.0,0.0
2019-03-08,23,0,125,174.2,174.2,0.0,1025.416576,0.0
2019-03-08,23,0,126,0.0,0.0,0.0,0.0,0.0
2019-03-08,23,0,127,0.0,0.0,0.0,0.0,0.0
2019-03-08,23,0,128,249.5,249.5,0.0,1468.664958,0.0
2019-03-08,23,0,131,30.0,30.0,0.0,-11506.145804,0.0
2019-03-08,23,0,132,44.1,44.1,0.0,-16914.034332,0.0
2019-03-08,23,0,133,139.8,139.8,0.0,849.851576,0.0
2019-03-08,23,0,134,0.0,0.0,0.0,0.0,0.0
2019-03-08,23,0,135,187.33,187.33,0.0,1138.788953,0.0
2019-03-08,23,0,136,45.9,45.9,0.0,178.406499,0.0
2019-03-08,23,0,139,149.8,149.8,0.0,877.806555,0.0
2019-03-08,23,0,140,250.6,250.6,0.0,-250600.0,0.0
2019-03-08,23,0,141,230.0,230.0,0.0,-129709.945184,0.0
2019-03-08,23,0,142,0.0,0.0,0.0,-0.0,0.0
2019-03-08,23,0,143,71.55,71.55,0.0,421.209547,0.0
2019-03-08,23,0,145,24.07,24.07,0.0,141.318672,0.0
2019-03-08,23,0,146,268.0,268.0,0.0,-268000.0,0.0
2019-03-08,23,0,152,0.0,0.0,0.0,0.0,0.0
2019-03-08,23,0,153,0.0,0.0,0.0,0.0,0.0
2019-03-08,23,0,154,0.0,0.0,0.0,0.0,0.0
2019-03-08,23,0,157,0.0,0.0,0.0,-0.0,0.0
2019-03-08,23,0,158,0.0,0.0,0.0,-0.0,0.0
2019-03-08,23,0,159,0.0,0.0,0.0,0.0,0.0
2019-03-08,23,0,160,0.0,0.0,0.0,0.0,0.0
2019-03-08,23,0,161,0.0,0.0,0.0,-0.0,0.0
2019-03-08,23,0,162,32.95,32.95,0.0,845.092782,0.0
2019-03-08,23,0,163,160.32,160.32,0.0,-160320.0,0.0
2019-03-08,23,0,164,0.0,0.0,0.0,0.0,0.0
2019-03-08,23,0,167,0.0,0.0,0.0,0.0,0.0
2019-03-08,23,0,168,0.0,0.0,0.0,0.0,0.0
2019-03-08,23,0,169,0.0,0.0,0.0,0.0,0.0
2019-03-08,23,0,170,0.0,0.0,0.0,0.0,0.0
2019-03-08,23,0,172,0.0,0.0,0.0,0.0,0.0
2019-03-08,23,0,173,0.0,0.0,0.0,0.0,0.0
2019-03-08,23,0,188,0.0,0.0,0.0,0.0,0.0
2019-03-08,23,0,190,0.0,0.0,0.0,0.0,0.0
2019-03-08,23,0,191,0.0,0.0,0.0,0.0,0.0
2019-03-08,23,0,192,86.27,86.27,0.0,2797.525353,0.0
2019-03-08,23,0,194,176.5,176.5,0.0,-24882.287402,0.0
2019-03-08,23,0,196,0.0,0.0,0.0,0.0,0.0
2019-03-08,23,0,198,0.0,0.0,0.0,0.0,0.0
2019-03-08,23,0,199,95.85,95.85,0.0,-3451.142572,0.0
2019-03-08,23,0,200,0.0,0.0,0.0,-0.0,0.0
2019-03-08,23,0,204,857.0,857.0,0.0,5010.698018,0.0
2019-03-08,23,0,205,1058.0,1058.0,0.0,6183.503478,0.0
2019-03-08,23,0,206,413.56,413.56,0.0,2434.810232,0.0
2019-03-08,23,0,210,0.0,0.0,0.0,0.0,0.0
2019-03-08,23,0,214,0.0,0.0,0.0,0.0,0.0
2019-03-08,23,0,217,0.0,0.0,0.0,0.0,0.0
2019-03-08,23,0,218,0.0,0.0,0.0,0.0,0.0
2019-03-08,23,0,219,0.0,0.0,0.0,0.0,0.0
2019-03-08,23,0,221,0.0,0.0,0.0,0.0,0.0
2019-03-08,23,0,225,0.0,0.0,0.0,0.0,0.0
2019-03-08,23,0,233,0.0,0.0,0.0,0.0,0.0
2019-03-08,23,0,236,157.51,157.51,0.0,915.273502,0.0
2019-03-08,23,0,237,85.0,85.0,0.0,494.57537,0.0
2019-03-08,23,0,238,0.0,0.0,0.0,0.0,0.0
2019-03-08,23,0,240,0.0,0.0,0.0,0.0,0.0
2019-03-08,23,0,245,260.0,260.0,0.0,1405.360794,0.0
2019-03-08,23,0,247,171.72,171.72,0.0,928.186752,0.0
2019-03-08,23,0,248,8.53,8.53,0.0,49.632093,0.0
2019-03-08,23,0,249,500.0,500.0,0.0,2702.616911,0.0
2019-03-08,23,0,251,326.4,326.4,0.0,1442.201035,0.0
2019-03-08,23,0,252,267.06,267.06,0.0,1008.79599,0.0
2019-03-08,23,0,254,0.0,0.0,0.0,0.0,0.0
2019-03-08,23,0,255,0.0,0.0,0.0,0.0,0.0
2019-03-08,23,0,258,0.0,0.0,0.0,0.0,0.0
2019-03-08,23,0,260,0.0,0.0,0.0,0.0,0.0
2019-03-08,23,0,265,0.0,0.0,0.0,0.0,0.0
2019-03-08,23,0,266,97.0,97.0,0.0,568.406113,0.0
2019-03-08,23,0,267,119.2,119.2,0.0,698.494935,0.0
2019-03-08,23,0,270,500.67,500.67,0.0,-500670.0,0.0
2019-03-08,23,0,272,399.52,399.52,0.0,-109477.506435,0.0
2019-03-08,23,0,273,0.0,0.0,0.0,-0.0,0.0
2019-03-08,23,0,274,645.42,645.42,0.0,-645420.0,0.0
2019-03-08,23,0,275,898.43,898.43,0.0,-898430.0,0.0
2019-03-08,23,0,276,0.0,0.0,0.0,-0.0,0.0
2019-03-08,23,0,277,0.0,0.0,0.0,-0.0,0.0
2019-03-08,23,0,278,0.0,0.0,0.0,-0.0,0.0
2019-03-08,23,0,279,264.6,264.6,0.0,-75582.763179,0.0
2019-03-08,23,0,281,7.46,7.46,0.0,43.916467,0.0
2019-03-08,23,0,282,0.0,0.0,0.0,0.0,0.0
2019-03-09,0,0,9,0.0,0.0,0.0,0.0,0.0
2019-03-09,0,0,17,0.0,0.0,0.0,0.0,0.0
2019-03-09,0,0,19,643.3,643.3,0.0,1111.668564,0.0
2019-03-09,0,0,20,780.2,780.2,0.0,1348.241589,0.0
2019-03-09,0,0,21,0.0,0.0,0.0,0.0,0.0
2019-03-09,0,0,22,0.0,0.0,0.0,0.0,0.0
2019-03-09,0,0,23,108.8,108.8,0.0,640.149498,0.0
2019-03-09,0,0,24,192.5,192.5,0.0,1132.617448,0.0
2019-03-09,0,0,29,0.0,0.0,0.0,0.0,0.0
2019-03-09,0,0,30,0.0,0.0,0.0,0.0,0.0
2019-03-09,0,0,31,12.15,12.15,0.0,71.52615,0.0
2019-03-09,0,0,32,0.0,0.0,0.0,0.0,0.0
2019-03-09,0,0,33,0.0,0.0,0.0,0.0,0.0
2019-03-09,0,0,34,0.0,0.0,0.0,0.0,0.0
2019-03-09,0,0,35,0.0,0.0,0.0,0.0,0.0
2019-03-09,0,0,36,0.0,0.0,0.0,0.0,0.0
2019-03-09,0,0,37,0.0,0.0,0.0,0.0,0.0
2019-03-09,0,0,38,0.0,0.0,0.0,0.0,0.0
2019-03-09,0,0,39,0.0,0.0,0.0,0.0,0.0
2019-03-09,0,0,40,0.0,0.0,0.0,0.0,0.0
2019-03-09,0,0,41,116.0,116.0,0.0,663.091093,0.0
2019-03-09,0,0,42,0.0,0.0,0.0,0.0,0.0
2019-03-09,0,0,43,0.0,0.0,0.0,0.0,0.0
2019-03-09,0,0,46,0.0,0.0,0.0,0.0,0.0
2019-03-09,0,0,52,12.88,12.88,0.0,75.823605,0.0
2019-03-09,0,0,53,20.46,20.46,0.0,120.446504,0.0
2019-03-09,0,0,55,622.97,622.97,0.0,3665.385412,0.0
2019-03-09,0,0,56,0.0,0.0,0.0,0.0,0.0
2019-03-09,0,0,57,0.0,0.0,0.0,0.0,0.0
2019-03-09,0,0,58,0.0,0.0,0.0,0.0,0.0
2019-03-09,0,0,59,0.0,0.0,0.0,0.0,0.0
2019-03-09,0,0,63,170.0,170.0,0.0,15973.806692,0.0
2019-03-09,0,0,64,200.0,200.0,0.0,18792.713756,0.0
2019-03-09,0,0,65,41.4,41.4,0.0,146.540609,0.0
2019-03-09,0,0,67,0.0,0.0,0.0,-0.0,0.0
2019-03-09,0,0,68,10.2,10.2,0.0,-4313.652944,0.0
2019-03-09,0,0,69,0.0,0.0,0.0,0.0,0.0
2019-03-09,0,0,74,24.61,24.61,0.0,134.829097,0.0
2019-03-09,0,0,77,200.0,200.0,0.0,-60931.155654,0.0
2019-03-09,0,0,78,151.2,151.2,0.0,-46063.953674,0.0
2019-03-09,0,0,79,87.5,87.5,0.0,-26657.380599,0.0
2019-03-09,0,0,80,141.5,141.5,0.0,-43108.792625,0.0
2019-03-09,0,0,81,185.0,185.0,0.0,-56361.31898,0.0
2019-03-09,0,0,82,130.5,130.5,0.0,-39757.579064,0.0
2019-03-09,0,0,83,291.0,291.0,0.0,-88654.831476,0.0
2019-03-09,0,0,84,0.0,0.0,0.0,-0.0,0.0
2019-03-09,0,0,86,0.0,0.0,0.0,0.0,0.0
2019-03-09,0,0,87,0.0,0.0,0.0,0.0,0.0
2019-03-09,0,0,88,170.6,170.6,0.0,-51974.275773,0.0
2019-03-09,0,0,89,164.0,164.0,0.0,-49963.547636,0.0
2019-03-09,0,0,90,220.2,220.2,0.0,-67085.202375,0.0
2019-03-09,0,0,91,785.5,785.5,0.0,-239307.11383,0.0
2019-03-09,0,0,92,282.5,282.5,0.0,-86065.257361,0.0
2019-03-09,0,0,95,67.44,67.44,0.0,1512.661437,0.0
2019-03-09,0,0,96,21.17,21.17,0.0,124.696995,0.0
2019-03-09,0,0,97,130.16,130.16,0.0,766.677418,0.0
2019-03-09,0,0,99,4.75,4.75,0.0,26.023495,0.0
2019-03-09,0,0,101,0.0,0.0,0.0,0.0,0.0
2019-03-09,0,0,102,24.15,24.15,0.0,-10213.207705,0.0
2019-03-09,0,0,103,21.0,21.0,0.0,-8881.050178,0.0
2019-03-09,0,0,104,3.9,3.9,0.0,-1649.33789,0.0
2019-03-09,0,0,106,0.0,0.0,0.0,0.0,0.0
2019-03-09,0,0,109,200.0,200.0,0.0,1121.55191,0.0
2019-03-09,0,0,110,338.6,338.6,0.0,-338600.0,0.0
2019-03-09,0,0,111,0.0,0.0,0.0,0.0,0.0
2019-03-09,0,0,113,147.88,147.88,0.0,-40765.442665,0.0
2019-03-09,0,0,115,147.88,147.88,0.0,-40765.442665,0.0
2019-03-09,0,0,116,0.0,0.0,0.0,-0.0,0.0
2019-03-09,0,0,117,9.86,9.86,0.0,-2718.063732,0.0
2019-03-09,0,0,119,200.0,200.0,0.0,18792.713756,0.0
2019-03-09,0,0,120,117.6,117.6,0.0,11050.115688,0.0
2019-03-09,0,0,123,0.0,0.0,0.0,0.0,0.0
2019-03-09,0,0,125,174.2,174.2,0.0,1024.945244,0.0
2019-03-09,0,0,126,0.0,0.0,0.0,0.0,0.0
2019-03-09,0,0,127,0.0,0.0,0.0,0.0,0.0
2019-03-09,0,0,128,249.5,249.5,0.0,1467.989888,0.0
2019-03-09,0,0,131,30.0,30.0,0.0,-11549.019116,0.0
2019-03-09,0,0,132,44.1,44.1,0.0,-16977.058101,0.0
2019-03-09,0,0,133,139.8,139.8,0.0,786.276655,0.0
2019-03-09,0,0,134,0.0,0.0,0.0,0.0,0.0
2019-03-09,0,0,135,187.33,187.33,0.0,1053.599469,0.0
2019-03-09,0,0,136,45.9,45.9,0.0,167.033727,0.0
2019-03-09,0,0,139,149.8,149.8,0.0,856.302118,0.0
2019-03-09,0,0,140,250.6,250.6,0.0,-250600.0,0.0
2019-03-09,0,0,141,230.0,230.0,0.0,-129942.442248,0.0
2019-03-09,0,0,142,0.0,0.0,0.0,-0.0,0.0
2019-03-09,0,0,143,127.87,127.87,0.0,752.761213,0.0
2019-03-09,0,0,145,30.0,30.0,0.0,173.498235,0.0
2019-03-09,0,0,146,0.0,0.0,0.0,-0.0,0.0
2019-03-09,0,0,152,0.0,0.0,0.0,0.0,0.0
2019-03-09,0,0,153,0.0,0.0,0.0,0.0,0.0
2019-03-09,0,0,154,0.0,0.0,0.0,0.0,0.0
2019-03-09,0,0,157,0.0,0.0,0.0,-0.0,0.0
2019-03-09,0,0,158,0.0,0.0,0.0,-0.0,0.0
2019-03-09,0,0,159,0.0,0.0,0.0,0.0,0.0
2019-03-09,0,0,160,0.0,0.0,0.0,0.0,0.0
2019-03-09,0,0,161,0.0,0.0,0.0,-0.0,0.0
2019-03-09,0,0,162,48.75,48.75,0.0,1132.03024,0.0
2019-03-09,0,0,163,185.4,185.4,0.0,-185400.0,0.0
2019-03-09,0,0,164,0.0,0.0,0.0,0.0,0.0
2019-03-09,0,0,167,0.0,0.0,0.0,0.0,0.0
2019-03-09,0,0,168,0.0,0.0,0.0,0.0,0.0
2019-03-09,0,0,169,0.0,0.0,0.0,0.0,0.0
2019-03-09,0,0,170,0.0,0.0,0.0,0.0,0.0
2019-03-09,0,0,172,0.0,0.0,0.0,0.0,0.0
2019-03-09,0,0,173,0.0,0.0,0.0,0.0,0.0
2019-03-09,0,0,188,0.0,0.0,0.0,0.0,0.0
2019-03-09,0,0,190,0.0,0.0,0.0,0.0,0.0
2019-03-09,0,0,191,0.0,0.0,0.0,0.0,0.0
2019-03-09,0,0,192,101.31,101.31,0.0,3285.235812,0.0
2019-03-09,0,0,194,176.5,176.5,0.0,-25217.287298,0.0
2019-03-09,0,0,196,0.0,0.0,0.0,0.0,0.0
2019-03-09,0,0,198,0.0,0.0,0.0,0.0,0.0
2019-03-09,0,0,199,39.0,39.0,0.0,-1448.543998,0.0
2019-03-09,0,0,200,0.0,0.0,0.0,-0.0,0.0
2019-03-09,0,0,204,857.0,857.0,0.0,4816.911179,0.0
2019-03-09,0,0,205,1058.0,1058.0,0.0,5933.009606,0.0
2019-03-09,0,0,206,382.46,382.46,0.0,2252.792295,0.0
2019-03-09,0,0,210,0.0,0.0,0.0,0.0,0.0
2019-03-09,0,0,214,0.0,0.0,0.0,0.0,0.0
2019-03-09,0,0,217,0.0,0.0,0.0,0.0,0.0
2019-03-09,0,0,218,0.0,0.0,0.0,0.0,0.0
2019-03-09,0,0,219,0.0,0.0,0.0,0.0,0.0
2019-03-09,0,0,221,0.0,0.0,0.0,0.0,0.0
2019-03-09,0,0,225,0.0,0.0,0.0,0.0,0.0
2019-03-09,0,0,233,0.0,0.0,0.0,0.0,0.0
2019-03-09,0,0,236,139.93,139.93,0.0,758.878392,0.0
2019-03-09,0,0,237,59.03,59.03,0.0,323.40356,0.0
2019-03-09,0,0,238,0.0,0.0,0.0,0.0,0.0
2019-03-09,0,0,240,0.0,0.0,0.0,0.0,0.0
2019-03-09,0,0,245,164.49,164.49,0.0,822.777905,0.0
2019-03-09,0,0,247,171.72,171.72,0.0,858.942318,0.0
2019-03-09,0,0,248,5.93,5.93,0.0,32.488279,0.0
2019-03-09,0,0,249,308.16,308.16,0.0,1541.414306,0.0
2019-03-09,0,0,251,326.4,326.4,0.0,1346.815981,0.0
2019-03-09,0,0,252,267.06,267.06,0.0,945.293115,0.0
2019-03-09,0,0,254,0.0,0.0,0.0,0.0,0.0
2019-03-09,0,0,255,0.0,0.0,0.0,0.0,0.0
2019-03-09,0,0,258,0.0,0.0,0.0,0.0,0.0
2019-03-09,0,0,260,0.0,0.0,0.0,0.0,0.0
2019-03-09,0,0,265,0.0,0.0,0.0,0.0,0.0
2019-03-09,0,0,266,97.0,97.0,0.0,554.481345,0.0
2019-03-09,0,0,267,119.2,119.2,0.0,681.383261,0.0
2019-03-09,0,0,270,579.0,579.0,0.0,-579000.0,0.0
2019-03-09,0,0,272,494.2,494.2,0.0,-136233.985429,0.0
2019-03-09,0,0,273,0.0,0.0,0.0,-0.0,0.0
2019-03-09,0,0,274,746.4,746.4,0.0,-746400.0,0.0
2019-03-09,0,0,275,1039.0,1039.0,0.0,-1039000.0,0.0
2019-03-09,0,0,276,0.0,0.0,0.0,-0.0,0.0
2019-03-09,0,0,277,0.0,0.0,0.0,-0.0,0.0
2019-03-09,0,0,278,0.0,0.0,0.0,-0.0,0.0
2019-03-09,0,0,279,264.6,264.6,0.0,-76016.480463,0.0
2019-03-09,0,0,281,5.45,5.45,0.0,32.083746,0.0
2019-03-09,0,0,282,0.0,0.0,0.0,0.0,0.0
2019-03-09,1,0,9,0.0,0.0,0.0,0.0,0.0
2019-03-09,1,0,17,0.0,0.0,0.0,0.0,0.0
2019-03-09,1,0,19,643.3,643.3,0.0,1092.664353,0.0
2019-03-09,1,0,20,780.2,780.2,0.0,1325.19311,0.0
2019-03-09,1,0,21,0.0,0.0,0.0,0.0,0.0
2019-03-09,1,0,22,0.0,0.0,0.0,0.0,0.0
2019-03-09,1,0,23,108.8,108.8,0.0,669.627711,0.0
2019-03-09,1,0,24,192.5,192.5,0.0,1184.773293,0.0
2019-03-09,1,0,29,0.0,0.0,0.0,0.0,0.0
2019-03-09,1,0,30,0.0,0.0,0.0,0.0,0.0
2019-03-09,1,0,31,19.38,19.38,0.0,119.36397,0.0
2019-03-09,1,0,32,0.0,0.0,0.0,0.0,0.0
2019-03-09,1,0,33,0.0,0.0,0.0,0.0,0.0
2019-03-09,1,0,34,0.0,0.0,0.0,0.0,0.0
2019-03-09,1,0,35,0.0,0.0,0.0,0.0,0.0
2019-03-09,1,0,36,0.0,0.0,0.0,0.0,0.0
2019-03-09,1,0,37,0.0,0.0,0.0,0.0,0.0
2019-03-09,1,0,38,0.0,0.0,0.0,0.0,0.0
2019-03-09,1,0,39,0.0,0.0,0.0,0.0,0.0
2019-03-09,1,0,40,0.0,0.0,0.0,0.0,0.0
2019-03-09,1,0,41,116.0,116.0,0.0,686.866879,0.0
2019-03-09,1,0,42,0.0,0.0,0.0,0.0,0.0
2019-03-09,1,0,43,0.0,0.0,0.0,0.0,0.0
2019-03-09,1,0,46,0.0,0.0,0.0,0.0,0.0
2019-03-09,1,0,52,20.64,20.64,0.0,127.124475,0.0
2019-03-09,1,0,53,33.73,33.73,0.0,207.747508,0.0
2019-03-09,1,0,55,385.24,385.24,0.0,2371.023706,0.0
2019-03-09,1,0,56,0.0,0.0,0.0,0.0,0.0
2019-03-09,1,0,57,0.0,0.0,0.0,0.0,0.0
2019-03-09,1,0,58,0.0,0.0,0.0,0.0,0.0
2019-03-09,1,0,59,0.0,0.0,0.0,0.0,0.0
2019-03-09,1,0,63,170.0,170.0,0.0,15956.073418,0.0
2019-03-09,1,0,64,200.0,200.0,0.0,18771.85108,0.0
2019-03-09,1,0,65,41.4,41.4,0.0,147.442739,0.0
2019-03-09,1,0,67,0.0,0.0,0.0,-0.0,0.0
2019-03-09,1,0,68,10.2,10.2,0.0,-4314.795449,0.0
2019-03-09,1,0,69,0.0,0.0,0.0,0.0,0.0
2019-03-09,1,0,74,16.09,16.09,0.0,89.964553,0.0
2019-03-09,1,0,77,200.0,200.0,0.0,-60959.782738,0.0
2019-03-09,1,0,78,151.2,151.2,0.0,-46085.59575,0.0
2019-03-09,1,0,79,87.5,87.5,0.0,-26669.904948,0.0
2019-03-09,1,0,80,141.5,141.5,0.0,-43129.046287,0.0
2019-03-09,1,0,81,185.0,185.0,0.0,-56387.799033,0.0
2019-03-09,1,0,82,130.5,130.5,0.0,-39776.258237,0.0
2019-03-09,1,0,83,291.0,291.0,0.0,-88696.483884,0.0
2019-03-09,1,0,84,0.0,0.0,0.0,-0.0,0.0
2019-03-09,1,0,86,0.0,0.0,0.0,0.0,0.0
2019-03-09,1,0,87,0.0,0.0,0.0,0.0,0.0
2019-03-09,1,0,88,170.6,170.6,0.0,-51998.694676,0.0
2019-03-09,1,0,89,164.0,164.0,0.0,-49987.021845,0.0
2019-03-09,1,0,90,220.2,220.2,0.0,-67116.720795,0.0
2019-03-09,1,0,91,785.5,785.5,0.0,-239419.546705,0.0
2019-03-09,1,0,92,282.5,282.5,0.0,-86105.693118,0.0
2019-03-09,1,0,95,88.63,88.63,0.0,1987.947556,0.0
2019-03-09,1,0,96,19.79,19.79,0.0,121.981563,0.0
2019-03-09,1,0,97,121.7,121.7,0.0,750.134221,0.0
2019-03-09,1,0,99,3.11,3.11,0.0,17.389047,0.0
2019-03-09,1,0,101,0.0,0.0,0.0,0.0,0.0
2019-03-09,1,0,102,24.15,24.15,0.0,-10215.912754,0.0
2019-03-09,1,0,103,21.0,21.0,0.0,-8883.402394,0.0
2019-03-09,1,0,104,3.9,3.9,0.0,-1649.77473,0.0
2019-03-09,1,0,106,0.0,0.0,0.0,0.0,0.0
2019-03-09,1,0,109,200.0,200.0,0.0,1153.842995,0.0
2019-03-09,1,0,110,338.6,338.6,0.0,-338600.0,0.0
2019-03-09,1,0,111,0.0,0.0,0.0,0.0,0.0
2019-03-09,1,0,113,84.36,84.36,0.0,-23265.442988,0.0
2019-03-09,1,0,115,84.36,84.36,0.0,-23265.442988,0.0
2019-03-09,1,0,116,0.0,0.0,0.0,-0.0,0.0
2019-03-09,1,0,117,5.76,5.76,0.0,-1588.536648,0.0
2019-03-09,1,0,119,200.0,200.0,0.0,18771.85108,0.0
2019-03-09,1,0,120,117.6,117.6,0.0,11037.848435,0.0
2019-03-09,1,0,123,0.0,0.0,0.0,0.0,0.0
2019-03-09,1,0,125,174.2,174.2,0.0,1072.142897,0.0
2019-03-09,1,0,126,0.0,0.0,0.0,0.0,0.0
2019-03-09,1,0,127,0.0,0.0,0.0,0.0,0.0
2019-03-09,1,0,128,249.5,249.5,0.0,1535.589281,0.0
2019-03-09,1,0,131,30.0,30.0,0.0,-11552.600342,0.0
2019-03-09,1,0,132,44.1,44.1,0.0,-16982.322502,0.0
2019-03-09,1,0,133,139.8,139.8,0.0,797.167963,0.0
2019-03-09,1,0,134,0.0,0.0,0.0,0.0,0.0
2019-03-09,1,0,135,187.32,187.32,0.0,1068.136645,0.0
2019-03-09,1,0,136,45.9,45.9,0.0,168.163264,0.0
2019-03-09,1,0,139,149.8,149.8,0.0,887.005677,0.0
2019-03-09,1,0,140,250.6,250.6,0.0,-250600.0,0.0
2019-03-09,1,0,141,230.0,230.0,0.0,-129961.862826,0.0
2019-03-09,1,0,142,0.0,0.0,0.0,-0.0,0.0
2019-03-09,1,0,143,81.45,81.45,0.0,501.661266,0.0
2019-03-09,1,0,145,30.0,30.0,0.0,180.431117,0.0
2019-03-09,1,0,146,0.0,0.0,0.0,-0.0,0.0
2019-03-09,1,0,152,0.0,0.0,0.0,0.0,0.0
2019-03-09,1,0,153,0.0,0.0,0.0,0.0,0.0
2019-03-09,1,0,154,0.0,0.0,0.0,0.0,0.0
2019-03-09,1,0,157,0.0,0.0,0.0,-0.0,0.0
2019-03-09,1,0,158,0.0,0.0,0.0,-0.0,0.0
2019-03-09,1,0,159,0.0,0.0,0.0,0.0,0.0
2019-03-09,1,0,160,0.0,0.0,0.0,0.0,0.0
2019-03-09,1,0,161,0.0,0.0,0.0,-0.0,0.0
2019-03-09,1,0,162,48.75,48.75,0.0,1131.895774,0.0
2019-03-09,1,0,163,185.4,185.4,0.0,-185400.0,0.0
2019-03-09,1,0,164,0.0,0.0,0.0,0.0,0.0
2019-03-09,1,0,167,0.0,0.0,0.0,0.0,0.0
2019-03-09,1,0,168,0.0,0.0,0.0,0.0,0.0
2019-03-09,1,0,169,0.0,0.0,0.0,0.0,0.0
2019-03-09,1,0,170,0.0,0.0,0.0,0.0,0.0
2019-03-09,1,0,172,0.0,0.0,0.0,0.0,0.0
2019-03-09,1,0,173,0.0,0.0,0.0,0.0,0.0
2019-03-09,1,0,188,0.0,0.0,0.0,0.0,0.0
2019-03-09,1,0,190,0.0,0.0,0.0,0.0,0.0
2019-03-09,1,0,191,0.0,0.0,0.0,0.0,0.0
2019-03-09,1,0,192,157.35,157.35,0.0,5102.476112,0.0
2019-03-09,1,0,194,176.5,176.5,0.0,-25238.934877,0.0
2019-03-09,1,0,196,0.0,0.0,0.0,0.0,0.0
2019-03-09,1,0,198,0.0,0.0,0.0,0.0,0.0
2019-03-09,1,0,199,95.96,95.96,0.0,-3575.489536,0.0
2019-03-09,1,0,200,0.0,0.0,0.0,-0.0,0.0
2019-03-09,1,0,204,857.0,857.0,0.0,4959.564473,0.0
2019-03-09,1,0,205,1058.0,1058.0,0.0,6103.829442,0.0
2019-03-09,1,0,206,357.61,357.61,0.0,2204.235817,0.0
2019-03-09,1,0,210,0.0,0.0,0.0,0.0,0.0
2019-03-09,1,0,214,0.0,0.0,0.0,0.0,0.0
2019-03-09,1,0,217,0.0,0.0,0.0,0.0,0.0
2019-03-09,1,0,218,0.0,0.0,0.0,0.0,0.0
2019-03-09,1,0,219,0.0,0.0,0.0,0.0,0.0
2019-03-09,1,0,221,0.0,0.0,0.0,0.0,0.0
2019-03-09,1,0,225,0.0,0.0,0.0,0.0,0.0
2019-03-09,1,0,233,0.0,0.0,0.0,0.0,0.0
2019-03-09,1,0,236,124.17,124.17,0.0,684.637964,0.0
2019-03-09,1,0,237,38.6,38.6,0.0,215.825466,0.0
2019-03-09,1,0,238,0.0,0.0,0.0,0.0,0.0
2019-03-09,1,0,240,0.0,0.0,0.0,0.0,0.0
2019-03-09,1,0,245,78.0,78.0,0.0,394.524106,0.0
2019-03-09,1,0,247,171.72,171.72,0.0,868.559993,0.0
2019-03-09,1,0,248,3.88,3.88,0.0,21.694373,0.0
2019-03-09,1,0,249,150.01,150.01,0.0,758.750784,0.0
2019-03-09,1,0,251,326.4,326.4,0.0,1359.920603,0.0
2019-03-09,1,0,252,267.06,267.06,0.0,951.112511,0.0
2019-03-09,1,0,254,0.0,0.0,0.0,0.0,0.0
2019-03-09,1,0,255,0.0,0.0,0.0,0.0,0.0
2019-03-09,1,0,258,0.0,0.0,0.0,0.0,0.0
2019-03-09,1,0,260,0.0,0.0,0.0,0.0,0.0
2019-03-09,1,0,265,0.0,0.0,0.0,0.0,0.0
2019-03-09,1,0,266,97.0,97.0,0.0,574.362821,0.0
2019-03-09,1,0,267,119.2,119.2,0.0,705.814931,0.0
2019-03-09,1,0,270,579.0,579.0,0.0,-579000.0,0.0
2019-03-09,1,0,272,281.35,281.35,0.0,-77592.84477,0.0
2019-03-09,1,0,273,0.0,0.0,0.0,-0.0,0.0
2019-03-09,1,0,274,746.4,746.4,0.0,-746400.0,0.0
2019-03-09,1,0,275,1039.0,1039.0,0.0,-1039000.0,0.0
2019-03-09,1,0,276,0.0,0.0,0.0,-0.0,0.0
2019-03-09,1,0,277,0.0,0.0,0.0,-0.0,0.0
2019-03-09,1,0,278,0.0,0.0,0.0,-0.0,0.0
2019-03-09,1,0,279,264.6,264.6,0.0,-76050.991012,0.0
2019-03-09,1,0,281,8.0,8.0,0.0,49.273053,0.0
2019-03-09,1,0,282,0.0,0.0,0.0,0.0,0.0
2019-03-09,2,0,9,0.0,0.0,0.0,0.0,0.0
2019-03-09,2,0,17,0.0,0.0,0.0,0.0,0.0
2019-03-09,2,0,19,643.3,643.3,0.0,1096.222914,0.0
2019-03-09,2,0,20,780.2,780.2,0.0,1329.508966,0.0
2019-03-09,2,0,21,0.0,0.0,0.0,0.0,0.0
2019-03-09,2,0,22,0.0,0.0,0.0,0.0,0.0
2019-03-09,2,0,23,108.8,108.8,0.0,669.53165,0.0
2019-03-09,2,0,24,192.5,192.5,0.0,1184.603334,0.0
2019-03-09,2,0,29,0.0,0.0,0.0,0.0,0.0
2019-03-09,2,0,30,0.0,0.0,0.0,0.0,0.0
2019-03-09,2,0,31,9.63,9.63,0.0,59.312437,0.0
2019-03-09,2,0,32,0.0,0.0,0.0,0.0,0.0
2019-03-09,2,0,33,0.0,0.0,0.0,0.0,0.0
2019-03-09,2,0,34,0.0,0.0,0.0,0.0,0.0
2019-03-09,2,0,35,0.0,0.0,0.0,0.0,0.0
2019-03-09,2,0,36,0.0,0.0,0.0,0.0,0.0
2019-03-09,2,0,37,0.0,0.0,0.0,0.0,0.0
2019-03-09,2,0,38,0.0,0.0,0.0,0.0,0.0
2019-03-09,2,0,39,0.0,0.0,0.0,0.0,0.0
2019-03-09,2,0,40,0.0,0.0,0.0,0.0,0.0
2019-03-09,2,0,41,116.0,116.0,0.0,681.433606,0.0
2019-03-09,2,0,42,0.0,0.0,0.0,0.0,0.0
2019-03-09,2,0,43,0.0,0.0,0.0,0.0,0.0
2019-03-09,2,0,46,0.0,0.0,0.0,0.0,0.0
2019-03-09,2,0,52,10.21,10.21,0.0,62.884733,0.0
2019-03-09,2,0,53,16.22,16.22,0.0,99.901114,0.0
2019-03-09,2,0,55,518.59,518.59,0.0,3191.290612,0.0
2019-03-09,2,0,56,0.0,0.0,0.0,0.0,0.0
2019-03-09,2,0,57,0.0,0.0,0.0,0.0,0.0
2019-03-09,2,0,58,0.0,0.0,0.0,0.0,0.0
2019-03-09,2,0,59,0.0,0.0,0.0,0.0,0.0
2019-03-09,2,0,63,170.0,170.0,0.0,15953.416711,0.0
2019-03-09,2,0,64,200.0,200.0,0.0,18768.725543,0.0
2019-03-09,2,0,65,41.4,41.4,0.0,144.726925,0.0
2019-03-09,2,0,67,0.0,0.0,0.0,-0.0,0.0
2019-03-09,2,0,68,10.2,10.2,0.0,-4315.275976,0.0
2019-03-09,2,0,69,0.0,0.0,0.0,0.0,0.0
2019-03-09,2,0,74,13.61,13.61,0.0,74.588998,0.0
2019-03-09,2,0,77,200.0,200.0,0.0,-60972.275238,0.0
2019-03-09,2,0,78,151.2,151.2,0.0,-46095.04008,0.0
2019-03-09,2,0,79,87.5,87.5,0.0,-26675.370416,0.0
2019-03-09,2,0,80,141.5,141.5,0.0,-43137.884731,0.0
2019-03-09,2,0,81,185.0,185.0,0.0,-56399.354595,0.0
2019-03-09,2,0,82,130.5,130.5,0.0,-39784.409592,0.0
2019-03-09,2,0,83,291.0,291.0,0.0,-88714.660471,0.0
2019-03-09,2,0,84,0.0,0.0,0.0,-0.0,0.0
2019-03-09,2,0,86,0.0,0.0,0.0,0.0,0.0
2019-03-09,2,0,87,0.0,0.0,0.0,0.0,0.0
2019-03-09,2,0,88,170.6,170.6,0.0,-52009.350778,0.0
2019-03-09,2,0,89,164.0,164.0,0.0,-49997.265695,0.0
2019-03-09,2,0,90,220.2,220.2,0.0,-67130.475037,0.0
2019-03-09,2,0,91,785.5,785.5,0.0,-239468.610995,0.0
2019-03-09,2,0,92,282.5,282.5,0.0,-86123.338773,0.0
2019-03-09,2,0,95,36.0,36.0,0.0,807.470518,0.0
2019-03-09,2,0,96,23.56,23.56,0.0,145.240821,0.0
2019-03-09,2,0,97,144.88,144.88,0.0,893.144744,0.0
2019-03-09,2,0,99,2.63,2.63,0.0,14.413598,0.0
2019-03-09,2,0,101,0.0,0.0,0.0,0.0,0.0
2019-03-09,2,0,102,24.15,24.15,0.0,-10217.050473,0.0
2019-03-09,2,0,103,21.0,21.0,0.0,-8884.391716,0.0
2019-03-09,2,0,104,3.9,3.9,0.0,-1649.958461,0.0
2019-03-09,2,0,106,0.0,0.0,0.0,0.0,0.0
2019-03-09,2,0,109,195.26,195.26,0.0,1111.410533,0.0
2019-03-09,2,0,110,338.6,338.6,0.0,-338600.0,0.0
2019-03-09,2,0,111,0.0,0.0,0.0,0.0,0.0
2019-03-09,2,0,113,80.62,80.62,0.0,-22237.715002,0.0
2019-03-09,2,0,115,80.62,80.62,0.0,-22237.715002,0.0
2019-03-09,2,0,116,0.0,0.0,0.0,-0.0,0.0
2019-03-09,2,0,117,4.31,4.31,0.0,-1188.84336,0.0
2019-03-09,2,0,119,200.0,200.0,0.0,18768.725543,0.0
2019-03-09,2,0,120,117.6,117.6,0.0,11036.010619,0.0
2019-03-09,2,0,123,0.0,0.0,0.0,0.0,0.0
2019-03-09,2,0,125,174.2,174.2,0.0,1071.989095,0.0
2019-03-09,2,0,126,0.0,0.0,0.0,0.0,0.0
2019-03-09,2,0,127,0.0,0.0,0.0,0.0,0.0
2019-03-09,2,0,128,249.5,249.5,0.0,1535.368996,0.0
2019-03-09,2,0,131,30.0,30.0,0.0,-11554.106574,0.0
2019-03-09,2,0,132,44.1,44.1,0.0,-16984.536663,0.0
2019-03-09,2,0,133,139.8,139.8,0.0,776.199397,0.0
2019-03-09,2,0,134,0.0,0.0,0.0,0.0,0.0
2019-03-09,2,0,135,187.33,187.33,0.0,1040.096087,0.0
2019-03-09,2,0,136,45.9,45.9,0.0,164.973015,0.0
2019-03-09,2,0,139,149.8,149.8,0.0,879.98926,0.0
2019-03-09,2,0,140,250.6,250.6,0.0,-250600.0,0.0
2019-03-09,2,0,141,230.0,230.0,0.0,-129970.030948,0.0
2019-03-09,2,0,142,0.0,0.0,0.0,-0.0,0.0
2019-03-09,2,0,143,71.25,71.25,0.0,438.838124,0.0
2019-03-09,2,0,145,30.0,30.0,0.0,179.570786,0.0
2019-03-09,2,0,146,0.0,0.0,0.0,-0.0,0.0
2019-03-09,2,0,152,0.0,0.0,0.0,0.0,0.0
2019-03-09,2,0,153,0.0,0.0,0.0,0.0,0.0
2019-03-09,2,0,154,0.0,0.0,0.0,0.0,0.0
2019-03-09,2,0,157,0.0,0.0,0.0,-0.0,0.0
2019-03-09,2,0,158,0.0,0.0,0.0,-0.0,0.0
2019-03-09,2,0,159,0.0,0.0,0.0,0.0,0.0
2019-03-09,2,0,160,0.0,0.0,0.0,0.0,0.0
2019-03-09,2,0,161,0.0,0.0,0.0,-0.0,0.0
2019-03-09,2,0,162,48.75,48.75,0.0,1131.882844,0.0
2019-03-09,2,0,163,185.4,185.4,0.0,-185400.0,0.0
2019-03-09,2,0,164,0.0,0.0,0.0,0.0,0.0
2019-03-09,2,0,167,0.0,0.0,0.0,0.0,0.0
2019-03-09,2,0,168,0.0,0.0,0.0,0.0,0.0
2019-03-09,2,0,169,0.0,0.0,0.0,0.0,0.0
2019-03-09,2,0,170,0.0,0.0,0.0,0.0,0.0
2019-03-09,2,0,172,0.0,0.0,0.0,0.0,0.0
2019-03-09,2,0,173,0.0,0.0,0.0,0.0,0.0
2019-03-09,2,0,188,0.0,0.0,0.0,0.0,0.0
2019-03-09,2,0,190,0.0,0.0,0.0,0.0,0.0
2019-03-09,2,0,191,0.0,0.0,0.0,0.0,0.0
2019-03-09,2,0,192,123.46,123.46,0.0,4003.506202,0.0
2019-03-09,2,0,194,176.5,176.5,0.0,-25245.905277,0.0
2019-03-09,2,0,196,0.0,0.0,0.0,0.0,0.0
2019-03-09,2,0,198,0.0,0.0,0.0,0.0,0.0
2019-03-09,2,0,199,39.0,39.0,0.0,-1461.178642,0.0
2019-03-09,2,0,200,0.0,0.0,0.0,-0.0,0.0
2019-03-09,2,0,204,857.0,857.0,0.0,4896.323718,0.0
2019-03-09,2,0,205,958.56,958.56,0.0,5456.077438,0.0
2019-03-09,2,0,206,425.71,425.71,0.0,2624.383276,0.0
2019-03-09,2,0,210,0.0,0.0,0.0,0.0,0.0
2019-03-09,2,0,214,0.0,0.0,0.0,0.0,0.0
2019-03-09,2,0,217,0.0,0.0,0.0,0.0,0.0
2019-03-09,2,0,218,0.0,0.0,0.0,0.0,0.0
2019-03-09,2,0,219,0.0,0.0,0.0,0.0,0.0
2019-03-09,2,0,221,0.0,0.0,0.0,0.0,0.0
2019-03-09,2,0,225,0.0,0.0,0.0,0.0,0.0
2019-03-09,2,0,233,0.0,0.0,0.0,0.0,0.0
2019-03-09,2,0,236,127.28,127.28,0.0,685.690477,0.0
2019-03-09,2,0,237,32.66,32.66,0.0,178.991675,0.0
2019-03-09,2,0,238,0.0,0.0,0.0,0.0,0.0
2019-03-09,2,0,240,0.0,0.0,0.0,0.0,0.0
2019-03-09,2,0,245,78.01,78.01,0.0,384.494729,0.0
2019-03-09,2,0,247,171.72,171.72,0.0,846.371425,0.0
2019-03-09,2,0,248,3.28,3.28,0.0,17.975894,0.0
2019-03-09,2,0,249,150.01,150.01,0.0,739.367444,0.0
2019-03-09,2,0,251,326.4,326.4,0.0,1331.476276,0.0
2019-03-09,2,0,252,267.06,267.06,0.0,933.59354,0.0
2019-03-09,2,0,254,0.0,0.0,0.0,0.0,0.0
2019-03-09,2,0,255,0.0,0.0,0.0,0.0,0.0
2019-03-09,2,0,258,0.0,0.0,0.0,0.0,0.0
2019-03-09,2,0,260,0.0,0.0,0.0,0.0,0.0
2019-03-09,2,0,265,0.0,0.0,0.0,0.0,0.0
2019-03-09,2,0,266,97.0,97.0,0.0,569.819481,0.0
2019-03-09,2,0,267,119.2,119.2,0.0,700.231774,0.0
2019-03-09,2,0,270,579.0,579.0,0.0,-579000.0,0.0
2019-03-09,2,0,272,347.79,347.79,0.0,-95932.211618,0.0
2019-03-09,2,0,273,0.0,0.0,0.0,-0.0,0.0
2019-03-09,2,0,274,746.39,746.39,0.0,-746390.0,0.0
2019-03-09,2,0,275,1038.99,1038.99,0.0,-1038990.0,0.0
2019-03-09,2,0,276,0.0,0.0,0.0,-0.0,0.0
2019-03-09,2,0,277,0.0,0.0,0.0,-0.0,0.0
2019-03-09,2,0,278,0.0,0.0,0.0,-0.0,0.0
2019-03-09,2,0,279,264.6,264.6,0.0,-76064.927013,0.0
2019-03-09,2,0,281,4.32,4.32,0.0,26.607448,0.0
2019-03-09,2,0,282,0.0,0.0,0.0,0.0,0.0
2019-03-09,3,0,9,0.0,0.0,0.0,0.0,0.0
2019-03-09,3,0,17,0.0,0.0,0.0,0.0,0.0
2019-03-09,3,0,19,643.3,643.3,0.0,1132.887397,0.0
2019-03-09,3,0,20,780.2,780.2,0.0,1373.975979,0.0
2019-03-09,3,0,21,0.0,0.0,0.0,0.0,0.0
2019-03-09,3,0,22,0.0,0.0,0.0,0.0,0.0
2019-03-09,3,0,23,108.8,108.8,0.0,165.009887,0.0
2019-03-09,3,0,24,192.5,192.5,0.0,291.952236,0.0
2019-03-09,3,0,29,0.0,0.0,0.0,0.0,0.0
2019-03-09,3,0,30,0.0,0.0,0.0,0.0,0.0
2019-03-09,3,0,31,11.55,11.55,0.0,17.254187,0.0
2019-03-09,3,0,32,0.0,0.0,0.0,0.0,0.0
2019-03-09,3,0,33,0.0,0.0,0.0,0.0,0.0
2019-03-09,3,0,34,0.0,0.0,0.0,0.0,0.0
2019-03-09,3,0,35,0.0,0.0,0.0,0.0,0.0
2019-03-09,3,0,36,0.0,0.0,0.0,0.0,0.0
2019-03-09,3,0,37,0.0,0.0,0.0,0.0,0.0
2019-03-09,3,0,38,0.0,0.0,0.0,0.0,0.0
2019-03-09,3,0,39,0.0,0.0,0.0,0.0,0.0
2019-03-09,3,0,40,0.0,0.0,0.0,0.0,0.0
2019-03-09,3,0,41,116.0,116.0,0.0,313.397942,0.0
2019-03-09,3,0,42,0.0,0.0,0.0,0.0,0.0
2019-03-09,3,0,43,0.0,0.0,0.0,0.0,0.0
2019-03-09,3,0,46,0.0,0.0,0.0,0.0,0.0
2019-03-09,3,0,52,12.24,12.24,0.0,18.284956,0.0
2019-03-09,3,0,53,19.45,19.45,0.0,29.055752,0.0
2019-03-09,3,0,55,623.0,623.0,0.0,944.863602,0.0
2019-03-09,3,0,56,0.0,0.0,0.0,0.0,0.0
2019-03-09,3,0,57,0.0,0.0,0.0,0.0,0.0
2019-03-09,3,0,58,0.0,0.0,0.0,0.0,0.0
2019-03-09,3,0,59,0.0,0.0,0.0,0.0,0.0
2019-03-09,3,0,63,149.12,149.12,0.0,2749.746291,0.0
2019-03-09,3,0,64,175.44,175.44,0.0,3235.082412,0.0
2019-03-09,3,0,65,41.4,41.4,0.0,140.439579,0.0
2019-03-09,3,0,67,0.0,0.0,0.0,-0.0,0.0
2019-03-09,3,0,68,10.09,10.09,0.0,-68.804878,0.0
2019-03-09,3,0,69,0.0,0.0,0.0,0.0,0.0
2019-03-09,3,0,74,11.39,11.39,0.0,49.586753,0.0
2019-03-09,3,0,77,200.0,200.0,0.0,-134.410827,0.0
2019-03-09,3,0,78,151.2,151.2,0.0,-101.614585,0.0
2019-03-09,3,0,79,87.5,87.5,0.0,-58.804737,0.0
2019-03-09,3,0,80,141.5,141.5,0.0,-95.09566,0.0
2019-03-09,3,0,81,185.0,185.0,0.0,-124.330015,0.0
2019-03-09,3,0,82,130.5,130.5,0.0,-87.703065,0.0
2019-03-09,3,0,83,291.0,291.0,0.0,-195.567753,0.0
2019-03-09,3,0,84,0.0,0.0,0.0,0.0,0.0
2019-03-09,3,0,86,0.0,0.0,0.0,0.0,0.0
2019-03-09,3,0,87,0.0,0.0,0.0,0.0,0.0
2019-03-09,3,0,88,170.6,170.6,0.0,-114.652435,0.0
2019-03-09,3,0,89,164.0,164.0,0.0,-110.216878,0.0
2019-03-09,3,0,90,220.2,220.2,0.0,-147.986321,0.0
2019-03-09,3,0,91,785.5,785.5,0.0,-527.898523,0.0
2019-03-09,3,0,92,282.5,282.5,0.0,-189.855293,0.0
2019-03-09,3,0,95,36.0,36.0,0.0,533.340237,0.0
2019-03-09,3,0,96,27.85,27.85,0.0,40.941624,0.0
2019-03-09,3,0,97,171.29,171.29,0.0,251.809366,0.0
2019-03-09,3,0,99,2.2,2.2,0.0,9.577775,0.0
2019-03-09,3,0,101,0.0,0.0,0.0,0.0,0.0
2019-03-09,3,0,102,23.88,23.88,0.0,-162.840485,0.0
2019-03-09,3,0,103,20.76,20.76,0.0,-141.564844,0.0
2019-03-09,3,0,104,3.86,3.86,0.0,-26.321787,0.0
2019-03-09,3,0,106,0.0,0.0,0.0,0.0,0.0
2019-03-09,3,0,109,200.0,200.0,0.0,697.20913,0.0
2019-03-09,3,0,110,0.0,0.0,0.0,-0.0,0.0
2019-03-09,3,0,111,0.0,0.0,0.0,0.0,0.0
2019-03-09,3,0,113,46.18,46.18,0.0,14.444938,0.0
2019-03-09,3,0,115,46.18,46.18,0.0,14.444938,0.0
2019-03-09,3,0,116,0.0,0.0,0.0,-0.0,0.0
2019-03-09,3,0,117,2.37,2.37,0.0,0.741327,0.0
2019-03-09,3,0,119,175.44,175.44,0.0,3235.082412,0.0
2019-03-09,3,0,120,103.16,103.16,0.0,1902.252061,0.0
2019-03-09,3,0,123,0.0,0.0,0.0,0.0,0.0
2019-03-09,3,0,125,174.2,174.2,0.0,264.197816,0.0
2019-03-09,3,0,126,0.0,0.0,0.0,0.0,0.0
2019-03-09,3,0,127,0.0,0.0,0.0,0.0,0.0
2019-03-09,3,0,128,249.5,249.5,0.0,378.400431,0.0
2019-03-09,3,0,131,30.0,30.0,0.0,-146.830629,0.0
2019-03-09,3,0,132,44.1,44.1,0.0,-215.841024,0.0
2019-03-09,3,0,133,78.86,78.86,0.0,420.628466,0.0
2019-03-09,3,0,134,0.0,0.0,0.0,0.0,0.0
2019-03-09,3,0,135,105.53,105.53,0.0,562.882602,0.0
2019-03-09,3,0,136,45.9,45.9,0.0,159.815087,0.0
2019-03-09,3,0,139,149.8,149.8,0.0,404.715618,0.0
2019-03-09,3,0,140,0.0,0.0,0.0,-0.0,0.0
2019-03-09,3,0,141,230.0,230.0,0.0,-3226.001262,0.0
2019-03-09,3,0,142,0.0,0.0,0.0,-0.0,0.0
2019-03-09,3,0,143,65.38,65.38,0.0,97.669155,0.0
2019-03-09,3,0,145,30.0,30.0,0.0,66.999225,0.0
2019-03-09,3,0,146,0.0,0.0,0.0,-0.0,0.0
2019-03-09,3,0,152,0.0,0.0,0.0,0.0,0.0
2019-03-09,3,0,153,0.0,0.0,0.0,0.0,0.0
2019-03-09,3,0,154,0.0,0.0,0.0,0.0,0.0
2019-03-09,3,0,157,0.0,0.0,0.0,-0.0,0.0
2019-03-09,3,0,158,0.0,0.0,0.0,-0.0,0.0
2019-03-09,3,0,159,0.0,0.0,0.0,0.0,0.0
2019-03-09,3,0,160,0.0,0.0,0.0,0.0,0.0
2019-03-09,3,0,161,0.0,0.0,0.0,-0.0,0.0
2019-03-09,3,0,162,48.75,48.75,0.0,724.193099,0.0
2019-03-09,3,0,163,124.97,124.97,0.0,-4510.935459,0.0
2019-03-09,3,0,164,0.0,0.0,0.0,0.0,0.0
2019-03-09,3,0,167,0.0,0.0,0.0,0.0,0.0
2019-03-09,3,0,168,0.0,0.0,0.0,0.0,0.0
2019-03-09,3,0,169,0.0,0.0,0.0,0.0,0.0
2019-03-09,3,0,170,0.0,0.0,0.0,0.0,0.0
2019-03-09,3,0,172,0.0,0.0,0.0,0.0,0.0
2019-03-09,3,0,173,0.0,0.0,0.0,0.0,0.0
2019-03-09,3,0,188,0.0,0.0,0.0,0.0,0.0
2019-03-09,3,0,190,0.0,0.0,0.0,0.0,0.0
2019-03-09,3,0,191,0.0,0.0,0.0,0.0,0.0
2019-03-09,3,0,192,124.53,124.53,0.0,2296.311062,0.0
2019-03-09,3,0,194,176.5,176.5,0.0,1164.236948,0.0
2019-03-09,3,0,196,0.0,0.0,0.0,0.0,0.0
2019-03-09,3,0,198,0.0,0.0,0.0,0.0,0.0
2019-03-09,3,0,199,39.0,39.0,0.0,310.597937,0.0
2019-03-09,3,0,200,0.0,0.0,0.0,0.0,0.0
2019-03-09,3,0,204,857.0,857.0,0.0,2910.835751,0.0
2019-03-09,3,0,205,1058.0,1058.0,0.0,3688.236297,0.0
2019-03-09,3,0,206,503.33,503.33,0.0,739.933494,0.0
2019-03-09,3,0,210,0.0,0.0,0.0,0.0,0.0
2019-03-09,3,0,214,0.0,0.0,0.0,0.0,0.0
2019-03-09,3,0,217,0.0,0.0,0.0,0.0,0.0
2019-03-09,3,0,218,0.0,0.0,0.0,0.0,0.0
2019-03-09,3,0,219,0.0,0.0,0.0,0.0,0.0
2019-03-09,3,0,221,0.0,0.0,0.0,0.0,0.0
2019-03-09,3,0,225,0.0,0.0,0.0,0.0,0.0
2019-03-09,3,0,233,0.0,0.0,0.0,0.0,0.0
2019-03-09,3,0,236,131.12,131.12,0.0,623.48595,0.0
2019-03-09,3,0,237,27.33,27.33,0.0,118.982085,0.0
2019-03-09,3,0,238,0.0,0.0,0.0,0.0,0.0
2019-03-09,3,0,240,0.0,0.0,0.0,0.0,0.0
2019-03-09,3,0,245,78.0,78.0,0.0,379.591419,0.0
2019-03-09,3,0,247,171.72,171.72,0.0,835.685108,0.0
2019-03-09,3,0,248,2.74,2.74,0.0,11.928683,0.0
2019-03-09,3,0,249,150.0,150.0,0.0,729.983498,0.0
2019-03-09,3,0,251,326.4,326.4,0.0,1267.296454,0.0
2019-03-09,3,0,252,267.06,267.06,0.0,905.937049,0.0
2019-03-09,3,0,254,0.0,0.0,0.0,0.0,0.0
2019-03-09,3,0,255,0.0,0.0,0.0,0.0,0.0
2019-03-09,3,0,258,0.0,0.0,0.0,0.0,0.0
2019-03-09,3,0,260,0.0,0.0,0.0,0.0,0.0
2019-03-09,3,0,265,0.0,0.0,0.0,0.0,0.0
2019-03-09,3,0,266,97.0,97.0,0.0,262.06552,0.0
2019-03-09,3,0,267,119.2,119.2,0.0,322.043402,0.0
2019-03-09,3,0,270,390.27,390.27,0.0,-14087.243192,0.0
2019-03-09,3,0,272,188.63,188.63,0.0,59.002786,0.0
2019-03-09,3,0,273,0.0,0.0,0.0,-0.0,0.0
2019-03-09,3,0,274,503.11,503.11,0.0,-18160.332391,0.0
2019-03-09,3,0,275,700.33,700.33,0.0,-25279.214453,0.0
2019-03-09,3,0,276,0.0,0.0,0.0,-0.0,0.0
2019-03-09,3,0,277,0.0,0.0,0.0,-0.0,0.0
2019-03-09,3,0,278,0.0,0.0,0.0,-0.0,0.0
2019-03-09,3,0,279,198.82,198.82,0.0,-16.3124,0.0
2019-03-09,3,0,281,5.18,5.18,0.0,7.738241,0.0
2019-03-09,3,0,282,0.0,0.0,0.0,0.0,0.0
2019-03-09,4,0,9,0.0,0.0,0.0,0.0,0.0
2019-03-09,4,0,17,0.0,0.0,0.0,-0.0,0.0
2019-03-09,4,0,19,643.3,643.3,0.0,-377.00069,0.0
2019-03-09,4,0,20,780.2,780.2,0.0,-457.229812,0.0
2019-03-09,4,0,21,0.0,0.0,0.0,0.0,0.0
2019-03-09,4,0,22,0.0,0.0,0.0,0.0,0.0
2019-03-09,4,0,23,85.03,85.03,0.0,932.25659,0.0
2019-03-09,4,0,24,140.52,140.52,0.0,1540.640903,0.0
2019-03-09,4,0,29,0.0,0.0,0.0,0.0,0.0
2019-03-09,4,0,30,0.0,0.0,0.0,0.0,0.0
2019-03-09,4,0,31,14.68,14.68,0.0,160.951226,0.0
2019-03-09,4,0,32,0.0,0.0,0.0,0.0,0.0
2019-03-09,4,0,33,0.0,0.0,0.0,0.0,0.0
2019-03-09,4,0,34,0.0,0.0,0.0,0.0,0.0
2019-03-09,4,0,35,0.0,0.0,0.0,0.0,0.0
2019-03-09,4,0,36,0.0,0.0,0.0,0.0,0.0
2019-03-09,4,0,37,0.0,0.0,0.0,0.0,0.0
2019-03-09,4,0,38,0.0,0.0,0.0,0.0,0.0
2019-03-09,4,0,39,0.0,0.0,0.0,0.0,0.0
2019-03-09,4,0,40,0.0,0.0,0.0,0.0,0.0
2019-03-09,4,0,41,116.0,116.0,0.0,1270.75714,0.0
2019-03-09,4,0,42,0.0,0.0,0.0,0.0,0.0
2019-03-09,4,0,43,0.0,0.0,0.0,0.0,0.0
2019-03-09,4,0,46,0.0,0.0,0.0,0.0,0.0
2019-03-09,4,0,52,15.56,15.56,0.0,170.599529,0.0
2019-03-09,4,0,53,24.73,24.73,0.0,271.139225,0.0
2019-03-09,4,0,55,623.0,623.0,0.0,6830.48166,0.0
2019-03-09,4,0,56,0.0,0.0,0.0,0.0,0.0
2019-03-09,4,0,57,0.0,0.0,0.0,0.0,0.0
2019-03-09,4,0,58,0.0,0.0,0.0,0.0,0.0
2019-03-09,4,0,59,0.0,0.0,0.0,0.0,0.0
2019-03-09,4,0,63,68.67,68.67,0.0,754.023506,0.0
2019-03-09,4,0,64,80.79,80.79,0.0,887.105854,0.0
2019-03-09,4,0,65,41.4,41.4,0.0,212.114016,0.0
2019-03-09,4,0,67,0.0,0.0,0.0,0.0,0.0
2019-03-09,4,0,68,3.43,3.43,0.0,37.649861,0.0
2019-03-09,4,0,69,0.0,0.0,0.0,0.0,0.0
2019-03-09,4,0,74,9.59,9.59,0.0,104.819869,0.0
2019-03-09,4,0,77,111.08,111.08,0.0,1219.138148,0.0
2019-03-09,4,0,78,83.98,83.98,0.0,921.707073,0.0
2019-03-09,4,0,79,48.6,48.6,0.0,533.400378,0.0
2019-03-09,4,0,80,78.59,78.59,0.0,862.550118,0.0
2019-03-09,4,0,81,102.75,102.75,0.0,1127.713763,0.0
2019-03-09,4,0,82,72.48,72.48,0.0,795.490934,0.0
2019-03-09,4,0,83,161.63,161.63,0.0,1773.940394,0.0
2019-03-09,4,0,84,0.0,0.0,0.0,0.0,0.0
2019-03-09,4,0,86,0.0,0.0,0.0,0.0,0.0
2019-03-09,4,0,87,0.0,0.0,0.0,0.0,0.0
2019-03-09,4,0,88,126.76,126.76,0.0,1391.23111,0.0
2019-03-09,4,0,89,121.86,121.86,0.0,1337.452059,0.0
2019-03-09,4,0,90,163.62,163.62,0.0,1795.781273,0.0
2019-03-09,4,0,91,583.66,583.66,0.0,6405.853184,0.0
2019-03-09,4,0,92,209.91,209.91,0.0,2303.828671,0.0
2019-03-09,4,0,95,84.17,84.17,0.0,924.273663,0.0
2019-03-09,4,0,96,29.88,29.88,0.0,327.607625,0.0
2019-03-09,4,0,97,183.75,183.75,0.0,2014.655326,0.0
2019-03-09,4,0,99,1.85,1.85,0.0,20.220726,0.0
2019-03-09,4,0,101,0.0,0.0,0.0,0.0,0.0
2019-03-09,4,0,102,8.13,8.13,0.0,89.24005,0.0
2019-03-09,4,0,103,7.07,7.07,0.0,77.604816,0.0
2019-03-09,4,0,104,1.31,1.31,0.0,14.379393,0.0
2019-03-09,4,0,106,0.0,0.0,0.0,0.0,0.0
2019-03-09,4,0,109,200.0,200.0,0.0,2191.032801,0.0
2019-03-09,4,0,110,0.0,0.0,0.0,0.0,0.0
2019-03-09,4,0,111,0.0,0.0,0.0,0.0,0.0
2019-03-09,4,0,113,16.74,16.74,0.0,183.766787,0.0
2019-03-09,4,0,115,16.74,16.74,0.0,183.766787,0.0
2019-03-09,4,0,116,0.0,0.0,0.0,0.0,0.0
2019-03-09,4,0,117,1.12,1.12,0.0,12.29503,0.0
2019-03-09,4,0,119,80.79,80.79,0.0,887.105854,0.0
2019-03-09,4,0,120,47.5,47.5,0.0,521.568611,0.0
2019-03-09,4,0,123,0.0,0.0,0.0,0.0,0.0
2019-03-09,4,0,125,128.94,128.94,0.0,1413.679463,0.0
2019-03-09,4,0,126,0.0,0.0,0.0,0.0,0.0
2019-03-09,4,0,127,0.0,0.0,0.0,0.0,0.0
2019-03-09,4,0,128,175.11,175.11,0.0,1919.880648,0.0
2019-03-09,4,0,131,11.59,11.59,0.0,127.217162,0.0
2019-03-09,4,0,132,17.04,17.04,0.0,187.038865,0.0
2019-03-09,4,0,133,111.41,111.41,0.0,1305.603553,0.0
2019-03-09,4,0,134,0.0,0.0,0.0,0.0,0.0
2019-03-09,4,0,135,153.69,153.69,0.0,1801.078988,0.0
2019-03-09,4,0,136,45.9,45.9,0.0,249.556958,0.0
2019-03-09,4,0,139,149.8,149.8,0.0,1641.02948,0.0
2019-03-09,4,0,140,0.0,0.0,0.0,0.0,0.0
2019-03-09,4,0,141,230.0,230.0,0.0,2524.778527,0.0
2019-03-09,4,0,142,0.0,0.0,0.0,0.0,0.0
2019-03-09,4,0,143,71.55,71.55,0.0,784.472768,0.0
2019-03-09,4,0,145,30.0,30.0,0.0,328.818466,0.0
2019-03-09,4,0,146,0.0,0.0,0.0,0.0,0.0
2019-03-09,4,0,152,0.0,0.0,0.0,0.0,0.0
2019-03-09,4,0,153,0.0,0.0,0.0,0.0,0.0
2019-03-09,4,0,154,0.0,0.0,0.0,0.0,0.0
2019-03-09,4,0,157,0.0,0.0,0.0,0.0,0.0
2019-03-09,4,0,158,0.0,0.0,0.0,0.0,0.0
2019-03-09,4,0,159,0.0,0.0,0.0,0.0,0.0
2019-03-09,4,0,160,0.0,0.0,0.0,0.0,0.0
2019-03-09,4,0,161,0.0,0.0,0.0,0.0,0.0
2019-03-09,4,0,162,48.75,48.75,0.0,535.324896,0.0
2019-03-09,4,0,163,65.79,65.79,0.0,722.329798,0.0
2019-03-09,4,0,164,0.0,0.0,0.0,0.0,0.0
2019-03-09,4,0,167,0.0,0.0,0.0,0.0,0.0
2019-03-09,4,0,168,0.0,0.0,0.0,0.0,0.0
2019-03-09,4,0,169,0.0,0.0,0.0,0.0,0.0
2019-03-09,4,0,170,0.0,0.0,0.0,0.0,0.0
2019-03-09,4,0,172,0.0,0.0,0.0,0.0,0.0
2019-03-09,4,0,173,0.0,0.0,0.0,0.0,0.0
2019-03-09,4,0,188,0.0,0.0,0.0,0.0,0.0
2019-03-09,4,0,190,0.0,0.0,0.0,0.0,0.0
2019-03-09,4,0,191,0.0,0.0,0.0,0.0,0.0
2019-03-09,4,0,192,162.42,162.42,0.0,1783.435238,0.0
2019-03-09,4,0,194,176.5,176.5,0.0,1937.871424,0.0
2019-03-09,4,0,196,0.0,0.0,0.0,0.0,0.0
2019-03-09,4,0,198,0.0,0.0,0.0,0.0,0.0
2019-03-09,4,0,199,39.0,39.0,0.0,428.604551,0.0
2019-03-09,4,0,200,0.0,0.0,0.0,0.0,0.0
2019-03-09,4,0,204,857.0,857.0,0.0,9389.790441,0.0
2019-03-09,4,0,205,1058.0,1058.0,0.0,11590.563515,0.0
2019-03-09,4,0,206,539.94,539.94,0.0,5919.961886,0.0
2019-03-09,4,0,210,0.0,0.0,0.0,0.0,0.0
2019-03-09,4,0,214,0.0,0.0,0.0,0.0,0.0
2019-03-09,4,0,217,0.0,0.0,0.0,0.0,0.0
2019-03-09,4,0,218,0.0,0.0,0.0,0.0,0.0
2019-03-09,4,0,219,0.0,0.0,0.0,0.0,0.0
2019-03-09,4,0,221,0.0,0.0,0.0,0.0,0.0
2019-03-09,4,0,225,0.0,0.0,0.0,0.0,0.0
2019-03-09,4,0,233,0.0,0.0,0.0,0.0,0.0
2019-03-09,4,0,236,135.73,135.73,0.0,1483.650395,0.0
2019-03-09,4,0,237,23.0,23.0,0.0,251.392805,0.0
2019-03-09,4,0,238,0.0,0.0,0.0,0.0,0.0
2019-03-09,4,0,240,0.0,0.0,0.0,0.0,0.0
2019-03-09,4,0,245,78.0,78.0,0.0,763.90774,0.0
2019-03-09,4,0,247,171.72,171.72,0.0,1681.772271,0.0
2019-03-09,4,0,248,2.31,2.31,0.0,25.248582,0.0
2019-03-09,4,0,249,150.0,150.0,0.0,1469.053346,0.0
2019-03-09,4,0,251,326.4,326.4,0.0,2271.023083,0.0
2019-03-09,4,0,252,267.06,267.06,0.0,1368.289109,0.0
2019-03-09,4,0,254,0.0,0.0,0.0,0.0,0.0
2019-03-09,4,0,255,0.0,0.0,0.0,0.0,0.0
2019-03-09,4,0,258,0.0,0.0,0.0,0.0,0.0
2019-03-09,4,0,260,0.0,0.0,0.0,0.0,0.0
2019-03-09,4,0,265,0.0,0.0,0.0,0.0,0.0
2019-03-09,4,0,266,97.0,97.0,0.0,1062.615885,0.0
2019-03-09,4,0,267,119.2,119.2,0.0,1305.81251,0.0
2019-03-09,4,0,270,205.46,205.46,0.0,2255.812134,0.0
2019-03-09,4,0,272,55.95,55.95,0.0,614.202614,0.0
2019-03-09,4,0,273,0.0,0.0,0.0,0.0,0.0
2019-03-09,4,0,274,264.86,264.86,0.0,2907.984045,0.0
2019-03-09,4,0,275,368.69,368.69,0.0,4047.967369,0.0
2019-03-09,4,0,276,0.0,0.0,0.0,0.0,0.0
2019-03-09,4,0,277,0.0,0.0,0.0,0.0,0.0
2019-03-09,4,0,278,0.0,0.0,0.0,0.0,0.0
2019-03-09,4,0,279,99.87,99.87,0.0,1096.247782,0.0
2019-03-09,4,0,281,6.59,6.59,0.0,72.252628,0.0
2019-03-09,4,0,282,0.0,0.0,0.0,0.0,0.0
2019-03-09,5,0,9,0.0,0.0,0.0,0.0,0.0
2019-03-09,5,0,17,0.0,0.0,0.0,0.0,0.0
2019-03-09,5,0,19,643.3,643.3,0.0,1081.679014,0.0
2019-03-09,5,0,20,780.2,780.2,0.0,1311.869994,0.0
2019-03-09,5,0,21,0.0,0.0,0.0,0.0,0.0
2019-03-09,5,0,22,0.0,0.0,0.0,0.0,0.0
2019-03-09,5,0,23,108.8,108.8,0.0,610.63138,0.0
2019-03-09,5,0,24,192.5,192.5,0.0,1080.390999,0.0
2019-03-09,5,0,29,0.0,0.0,0.0,0.0,0.0
2019-03-09,5,0,30,0.0,0.0,0.0,0.0,0.0
2019-03-09,5,0,31,33.54,33.54,0.0,188.317717,0.0
2019-03-09,5,0,32,0.0,0.0,0.0,0.0,0.0
2019-03-09,5,0,33,0.0,0.0,0.0,0.0,0.0
2019-03-09,5,0,34,0.0,0.0,0.0,0.0,0.0
2019-03-09,5,0,35,0.0,0.0,0.0,0.0,0.0
2019-03-09,5,0,36,0.0,0.0,0.0,0.0,0.0
2019-03-09,5,0,37,0.0,0.0,0.0,0.0,0.0
2019-03-09,5,0,38,0.0,0.0,0.0,0.0,0.0
2019-03-09,5,0,39,0.0,0.0,0.0,0.0,0.0
2019-03-09,5,0,40,0.0,0.0,0.0,0.0,0.0
2019-03-09,5,0,41,116.0,116.0,0.0,637.056077,0.0
2019-03-09,5,0,42,0.0,0.0,0.0,0.0,0.0
2019-03-09,5,0,43,0.0,0.0,0.0,0.0,0.0
2019-03-09,5,0,46,0.0,0.0,0.0,0.0,0.0
2019-03-09,5,0,52,35.55,35.55,0.0,199.603304,0.0
2019-03-09,5,0,53,56.47,56.47,0.0,317.063251,0.0
2019-03-09,5,0,55,460.36,460.36,0.0,2583.734027,0.0
2019-03-09,5,0,56,0.0,0.0,0.0,0.0,0.0
2019-03-09,5,0,57,0.0,0.0,0.0,0.0,0.0
2019-03-09,5,0,58,0.0,0.0,0.0,0.0,0.0
2019-03-09,5,0,59,0.0,0.0,0.0,0.0,0.0
2019-03-09,5,0,63,113.56,113.56,0.0,10661.325926,0.0
2019-03-09,5,0,64,133.6,133.6,0.0,12542.736384,0.0
2019-03-09,5,0,65,41.4,41.4,0.0,142.870442,0.0
2019-03-09,5,0,67,0.0,0.0,0.0,-0.0,0.0
2019-03-09,5,0,68,10.2,10.2,0.0,-4313.920357,0.0
2019-03-09,5,0,69,0.0,0.0,0.0,0.0,0.0
2019-03-09,5,0,74,7.73,7.73,0.0,41.121596,0.0
2019-03-09,5,0,77,200.0,200.0,0.0,-60936.313118,0.0
2019-03-09,5,0,78,151.2,151.2,0.0,-46067.852717,0.0
2019-03-09,5,0,79,87.5,87.5,0.0,-26659.636989,0.0
2019-03-09,5,0,80,141.5,141.5,0.0,-43112.441531,0.0
2019-03-09,5,0,81,185.0,185.0,0.0,-56366.089634,0.0
2019-03-09,5,0,82,130.5,130.5,0.0,-39760.94431,0.0
2019-03-09,5,0,83,291.0,291.0,0.0,-88662.335587,0.0
2019-03-09,5,0,84,0.0,0.0,0.0,-0.0,0.0
2019-03-09,5,0,86,0.0,0.0,0.0,0.0,0.0
2019-03-09,5,0,87,0.0,0.0,0.0,0.0,0.0
2019-03-09,5,0,88,170.6,170.6,0.0,-51978.67509,0.0
2019-03-09,5,0,89,164.0,164.0,0.0,-49967.776757,0.0
2019-03-09,5,0,90,220.2,220.2,0.0,-67090.880743,0.0
2019-03-09,5,0,91,785.5,785.5,0.0,-239327.369772,0.0
2019-03-09,5,0,92,282.5,282.5,0.0,-86072.54228,0.0
2019-03-09,5,0,95,36.0,36.0,0.0,807.470518,0.0
2019-03-09,5,0,96,29.27,29.27,0.0,164.413202,0.0
2019-03-09,5,0,97,179.98,179.98,0.0,1010.969868,0.0
2019-03-09,5,0,99,1.49,1.49,0.0,7.926414,0.0
2019-03-09,5,0,101,0.0,0.0,0.0,0.0,0.0
2019-03-09,5,0,102,24.15,24.15,0.0,-10213.840846,0.0
2019-03-09,5,0,103,21.0,21.0,0.0,-8881.600736,0.0
2019-03-09,5,0,104,3.9,3.9,0.0,-1649.440137,0.0
2019-03-09,5,0,106,0.0,0.0,0.0,0.0,0.0
2019-03-09,5,0,109,200.0,200.0,0.0,1082.844007,0.0
2019-03-09,5,0,110,338.6,338.6,0.0,-338600.0,0.0
2019-03-09,5,0,111,0.0,0.0,0.0,0.0,0.0
2019-03-09,5,0,113,79.16,79.16,0.0,-21825.35017,0.0
2019-03-09,5,0,115,79.16,79.16,0.0,-21825.35017,0.0
2019-03-09,5,0,116,0.0,0.0,0.0,-0.0,0.0
2019-03-09,5,0,117,3.81,3.81,0.0,-1050.462154,0.0
2019-03-09,5,0,119,133.6,133.6,0.0,12542.736384,0.0
2019-03-09,5,0,120,78.56,78.56,0.0,7375.429418,0.0
2019-03-09,5,0,123,0.0,0.0,0.0,0.0,0.0
2019-03-09,5,0,125,174.2,174.2,0.0,977.683699,0.0
2019-03-09,5,0,126,0.0,0.0,0.0,0.0,0.0
2019-03-09,5,0,127,0.0,0.0,0.0,0.0,0.0
2019-03-09,5,0,128,249.5,249.5,0.0,1400.298983,0.0
2019-03-09,5,0,131,30.0,30.0,0.0,-11549.857335,0.0
2019-03-09,5,0,132,44.1,44.1,0.0,-16978.290282,0.0
2019-03-09,5,0,133,50.43,50.43,0.0,276.827909,0.0
2019-03-09,5,0,134,0.0,0.0,0.0,0.0,0.0
2019-03-09,5,0,135,71.85,71.85,0.0,394.409781,0.0
2019-03-09,5,0,136,45.9,45.9,0.0,162.858714,0.0
2019-03-09,5,0,139,149.8,149.8,0.0,822.681038,0.0
2019-03-09,5,0,140,250.6,250.6,0.0,-250600.0,0.0
2019-03-09,5,0,141,230.0,230.0,0.0,-129946.987812,0.0
2019-03-09,5,0,142,0.0,0.0,0.0,-0.0,0.0
2019-03-09,5,0,143,135.05,135.05,0.0,758.267967,0.0
2019-03-09,5,0,145,30.0,30.0,0.0,166.208074,0.0
2019-03-09,5,0,146,0.0,0.0,0.0,-0.0,0.0
2019-03-09,5,0,152,0.0,0.0,0.0,0.0,0.0
2019-03-09,5,0,153,0.0,0.0,0.0,0.0,0.0
2019-03-09,5,0,154,0.0,0.0,0.0,0.0,0.0
2019-03-09,5,0,157,0.0,0.0,0.0,-0.0,0.0
2019-03-09,5,0,158,0.0,0.0,0.0,-0.0,0.0
2019-03-09,5,0,159,0.0,0.0,0.0,0.0,0.0
2019-03-09,5,0,160,0.0,0.0,0.0,0.0,0.0
2019-03-09,5,0,161,0.0,0.0,0.0,-0.0,0.0
2019-03-09,5,0,162,48.75,48.75,0.0,1131.914818,0.0
2019-03-09,5,0,163,185.4,185.4,0.0,-185400.0,0.0
2019-03-09,5,0,164,0.0,0.0,0.0,0.0,0.0
2019-03-09,5,0,167,0.0,0.0,0.0,0.0,0.0
2019-03-09,5,0,168,0.0,0.0,0.0,0.0,0.0
2019-03-09,5,0,169,0.0,0.0,0.0,0.0,0.0
2019-03-09,5,0,170,0.0,0.0,0.0,0.0,0.0
2019-03-09,5,0,172,0.0,0.0,0.0,0.0,0.0
2019-03-09,5,0,173,0.0,0.0,0.0,0.0,0.0
2019-03-09,5,0,188,0.0,0.0,0.0,0.0,0.0
2019-03-09,5,0,190,0.0,0.0,0.0,0.0,0.0
2019-03-09,5,0,191,0.0,0.0,0.0,0.0,0.0
2019-03-09,5,0,192,328.07,328.07,0.0,10638.508664,0.0
2019-03-09,5,0,194,176.5,176.5,0.0,-25229.636867,0.0
2019-03-09,5,0,196,0.0,0.0,0.0,0.0,0.0
2019-03-09,5,0,198,0.0,0.0,0.0,0.0,0.0
2019-03-09,5,0,199,39.0,39.0,0.0,-1449.21918,0.0
2019-03-09,5,0,200,0.0,0.0,0.0,-0.0,0.0
2019-03-09,5,0,204,857.0,857.0,0.0,4648.002606,0.0
2019-03-09,5,0,205,1058.0,1058.0,0.0,5728.244796,0.0
2019-03-09,5,0,206,528.86,528.86,0.0,2970.671877,0.0
2019-03-09,5,0,210,0.0,0.0,0.0,0.0,0.0
2019-03-09,5,0,214,0.0,0.0,0.0,0.0,0.0
2019-03-09,5,0,217,0.0,0.0,0.0,0.0,0.0
2019-03-09,5,0,218,0.0,0.0,0.0,0.0,0.0
2019-03-09,5,0,219,0.0,0.0,0.0,0.0,0.0
2019-03-09,5,0,221,0.0,0.0,0.0,0.0,0.0
2019-03-09,5,0,225,0.0,0.0,0.0,0.0,0.0
2019-03-09,5,0,233,0.0,0.0,0.0,0.0,0.0
2019-03-09,5,0,236,80.05,80.05,0.0,422.679239,0.0
2019-03-09,5,0,237,18.55,18.55,0.0,98.681192,0.0
2019-03-09,5,0,238,0.0,0.0,0.0,0.0,0.0
2019-03-09,5,0,240,0.0,0.0,0.0,0.0,0.0
2019-03-09,5,0,245,78.0,78.0,0.0,380.989407,0.0
2019-03-09,5,0,247,171.72,171.72,0.0,838.762832,0.0
2019-03-09,5,0,248,1.86,1.86,0.0,9.894718,0.0
2019-03-09,5,0,249,150.0,150.0,0.0,732.671936,0.0
2019-03-09,5,0,251,326.4,326.4,0.0,1313.039735,0.0
2019-03-09,5,0,252,267.06,267.06,0.0,921.617881,0.0
2019-03-09,5,0,254,0.0,0.0,0.0,0.0,0.0
2019-03-09,5,0,255,0.0,0.0,0.0,0.0,0.0
2019-03-09,5,0,258,0.0,0.0,0.0,0.0,0.0
2019-03-09,5,0,260,0.0,0.0,0.0,0.0,0.0
2019-03-09,5,0,265,0.0,0.0,0.0,0.0,0.0
2019-03-09,5,0,266,97.0,97.0,0.0,532.710685,0.0
2019-03-09,5,0,267,119.2,119.2,0.0,654.630038,0.0
2019-03-09,5,0,270,579.0,579.0,0.0,-579000.0,0.0
2019-03-09,5,0,272,272.11,272.11,0.0,-75023.951931,0.0
2019-03-09,5,0,273,0.0,0.0,0.0,-0.0,0.0
2019-03-09,5,0,274,746.4,746.4,0.0,-746400.0,0.0
2019-03-09,5,0,275,1039.0,1039.0,0.0,-1039000.0,0.0
2019-03-09,5,0,276,0.0,0.0,0.0,-0.0,0.0
2019-03-09,5,0,277,0.0,0.0,0.0,-0.0,0.0
2019-03-09,5,0,278,0.0,0.0,0.0,-0.0,0.0
2019-03-09,5,0,279,264.6,264.6,0.0,-76026.533007,0.0
2019-03-09,5,0,281,15.05,15.05,0.0,84.501539,0.0
2019-03-09,5,0,282,0.0,0.0,0.0,0.0,0.0
2019-03-09,6,0,9,0.0,0.0,0.0,0.0,0.0
2019-03-09,6,0,17,0.0,0.0,0.0,0.0,0.0
2019-03-09,6,0,19,643.3,643.3,0.0,1076.660019,0.0
2019-03-09,6,0,20,780.2,780.2,0.0,1305.782911,0.0
2019-03-09,6,0,21,0.0,0.0,0.0,0.0,0.0
2019-03-09,6,0,22,0.0,0.0,0.0,0.0,0.0
2019-03-09,6,0,23,108.8,108.8,0.0,640.158059,0.0
2019-03-09,6,0,24,192.5,192.5,0.0,1132.632596,0.0
2019-03-09,6,0,29,0.0,0.0,0.0,0.0,0.0
2019-03-09,6,0,30,0.0,0.0,0.0,0.0,0.0
2019-03-09,6,0,31,37.57,37.57,0.0,221.171806,0.0
2019-03-09,6,0,32,0.0,0.0,0.0,0.0,0.0
2019-03-09,6,0,33,0.0,0.0,0.0,0.0,0.0
2019-03-09,6,0,34,0.0,0.0,0.0,0.0,0.0
2019-03-09,6,0,35,0.0,0.0,0.0,0.0,0.0
2019-03-09,6,0,36,0.0,0.0,0.0,0.0,0.0
2019-03-09,6,0,37,0.0,0.0,0.0,0.0,0.0
2019-03-09,6,0,38,0.0,0.0,0.0,0.0,0.0
2019-03-09,6,0,39,0.0,0.0,0.0,0.0,0.0
2019-03-09,6,0,40,0.0,0.0,0.0,0.0,0.0
2019-03-09,6,0,41,102.32,102.32,0.0,585.317979,0.0
2019-03-09,6,0,42,0.0,0.0,0.0,0.0,0.0
2019-03-09,6,0,43,0.0,0.0,0.0,0.0,0.0
2019-03-09,6,0,46,0.0,0.0,0.0,0.0,0.0
2019-03-09,6,0,52,39.83,39.83,0.0,234.476258,0.0
2019-03-09,6,0,53,63.23,63.23,0.0,372.230324,0.0
2019-03-09,6,0,55,186.9,186.9,0.0,1099.683284,0.0
2019-03-09,6,0,56,0.0,0.0,0.0,0.0,0.0
2019-03-09,6,0,57,0.0,0.0,0.0,0.0,0.0
2019-03-09,6,0,58,0.0,0.0,0.0,0.0,0.0
2019-03-09,6,0,59,0.0,0.0,0.0,0.0,0.0
2019-03-09,6,0,63,170.0,170.0,0.0,15974.058211,0.0
2019-03-09,6,0,64,200.0,200.0,0.0,18793.00966,0.0
2019-03-09,6,0,65,41.4,41.4,0.0,145.655576,0.0
2019-03-09,6,0,67,0.0,0.0,0.0,-0.0,0.0
2019-03-09,6,0,68,10.2,10.2,0.0,-4313.609403,0.0
2019-03-09,6,0,69,0.0,0.0,0.0,0.0,0.0
2019-03-09,6,0,74,6.24,6.24,0.0,34.247787,0.0
2019-03-09,6,0,77,200.0,200.0,0.0,-60930.025364,0.0
2019-03-09,6,0,78,151.2,151.2,0.0,-46063.099175,0.0
2019-03-09,6,0,79,87.5,87.5,0.0,-26656.886097,0.0
2019-03-09,6,0,80,141.5,141.5,0.0,-43107.992945,0.0
2019-03-09,6,0,81,185.0,185.0,0.0,-56360.273462,0.0
2019-03-09,6,0,82,130.5,130.5,0.0,-39756.84155,0.0
2019-03-09,6,0,83,291.0,291.0,0.0,-88653.186905,0.0
2019-03-09,6,0,84,0.0,0.0,0.0,-0.0,0.0
2019-03-09,6,0,86,0.0,0.0,0.0,0.0,0.0
2019-03-09,6,0,87,0.0,0.0,0.0,0.0,0.0
2019-03-09,6,0,88,170.6,170.6,0.0,-51973.311635,0.0
2019-03-09,6,0,89,164.0,164.0,0.0,-49962.620798,0.0
2019-03-09,6,0,90,220.2,220.2,0.0,-67083.957926,0.0
2019-03-09,6,0,91,785.5,785.5,0.0,-239302.674617,0.0
2019-03-09,6,0,92,282.5,282.5,0.0,-86063.660827,0.0
2019-03-09,6,0,95,36.0,36.0,0.0,807.470518,0.0
2019-03-09,6,0,96,29.88,29.88,0.0,175.998782,0.0
2019-03-09,6,0,97,183.75,183.75,0.0,1082.321824,0.0
2019-03-09,6,0,99,1.21,1.21,0.0,6.640997,0.0
2019-03-09,6,0,101,0.0,0.0,0.0,0.0,0.0
2019-03-09,6,0,102,24.15,24.15,0.0,-10213.104616,0.0
2019-03-09,6,0,103,21.0,21.0,0.0,-8880.960536,0.0
2019-03-09,6,0,104,3.9,3.9,0.0,-1649.321242,0.0
2019-03-09,6,0,106,0.0,0.0,0.0,0.0,0.0
2019-03-09,6,0,109,200.0,200.0,0.0,1122.931065,0.0
2019-03-09,6,0,110,338.6,338.6,0.0,-338600.0,0.0
2019-03-09,6,0,111,0.0,0.0,0.0,0.0,0.0
2019-03-09,6,0,113,137.43,137.43,0.0,-37884.159335,0.0
2019-03-09,6,0,115,137.43,137.43,0.0,-37884.159335,0.0
2019-03-09,6,0,116,0.0,0.0,0.0,-0.0,0.0
2019-03-09,6,0,117,5.45,5.45,0.0,-1502.355151,0.0
2019-03-09,6,0,119,200.0,200.0,0.0,18793.00966,0.0
2019-03-09,6,0,120,117.6,117.6,0.0,11050.28968,0.0
2019-03-09,6,0,123,0.0,0.0,0.0,0.0,0.0
2019-03-09,6,0,125,174.2,174.2,0.0,1024.958951,0.0
2019-03-09,6,0,126,0.0,0.0,0.0,0.0,0.0
2019-03-09,6,0,127,0.0,0.0,0.0,0.0,0.0
2019-03-09,6,0,128,249.5,249.5,0.0,1468.00952,0.0
2019-03-09,6,0,131,30.0,30.0,0.0,-11548.882636,0.0
2019-03-09,6,0,132,44.1,44.1,0.0,-16976.857475,0.0
2019-03-09,6,0,133,41.94,41.94,0.0,236.595604,0.0
2019-03-09,6,0,134,0.0,0.0,0.0,0.0,0.0
2019-03-09,6,0,135,56.2,56.2,0.0,317.040365,0.0
2019-03-09,6,0,136,45.9,45.9,0.0,166.135757,0.0
2019-03-09,6,0,139,132.13,132.13,0.0,755.84504,0.0
2019-03-09,6,0,140,250.6,250.6,0.0,-250600.0,0.0
2019-03-09,6,0,141,0.0,0.0,0.0,-0.0,0.0
2019-03-09,6,0,142,0.0,0.0,0.0,-0.0,0.0
2019-03-09,6,0,143,238.49,238.49,0.0,1403.972955,0.0
2019-03-09,6,0,145,30.0,30.0,0.0,173.575007,0.0
2019-03-09,6,0,146,0.0,0.0,0.0,-0.0,0.0
2019-03-09,6,0,152,0.0,0.0,0.0,0.0,0.0
2019-03-09,6,0,153,0.0,0.0,0.0,0.0,0.0
2019-03-09,6,0,154,0.0,0.0,0.0,0.0,0.0
2019-03-09,6,0,157,0.0,0.0,0.0,-0.0,0.0
2019-03-09,6,0,158,0.0,0.0,0.0,-0.0,0.0
2019-03-09,6,0,159,0.0,0.0,0.0,0.0,0.0
2019-03-09,6,0,160,0.0,0.0,0.0,0.0,0.0
2019-03-09,6,0,161,0.0,0.0,0.0,-0.0,0.0
2019-03-09,6,0,162,48.75,48.75,0.0,1132.031506,0.0
2019-03-09,6,0,163,185.4,185.4,0.0,-185400.0,0.0
2019-03-09,6,0,164,0.0,0.0,0.0,0.0,0.0
2019-03-09,6,0,167,0.0,0.0,0.0,0.0,0.0
2019-03-09,6,0,168,0.0,0.0,0.0,0.0,0.0
2019-03-09,6,0,169,0.0,0.0,0.0,0.0,0.0
2019-03-09,6,0,170,0.0,0.0,0.0,0.0,0.0
2019-03-09,6,0,172,0.0,0.0,0.0,0.0,0.0
2019-03-09,6,0,173,0.0,0.0,0.0,0.0,0.0
2019-03-09,6,0,188,0.0,0.0,0.0,0.0,0.0
2019-03-09,6,0,190,0.0,0.0,0.0,0.0,0.0
2019-03-09,6,0,191,0.0,0.0,0.0,0.0,0.0
2019-03-09,6,0,192,332.6,332.6,0.0,10785.405497,0.0
2019-03-09,6,0,194,176.5,176.5,0.0,-25216.647874,0.0
2019-03-09,6,0,196,0.0,0.0,0.0,0.0,0.0
2019-03-09,6,0,198,0.0,0.0,0.0,0.0,0.0
2019-03-09,6,0,199,39.0,39.0,0.0,-1447.818223,0.0
2019-03-09,6,0,200,0.0,0.0,0.0,-0.0,0.0
2019-03-09,6,0,204,857.0,857.0,0.0,4822.559543,0.0
2019-03-09,6,0,205,1058.0,1058.0,0.0,5940.305334,0.0
2019-03-09,6,0,206,539.94,539.94,0.0,3180.34746,0.0
2019-03-09,6,0,210,0.0,0.0,0.0,0.0,0.0
2019-03-09,6,0,214,0.0,0.0,0.0,0.0,0.0
2019-03-09,6,0,217,0.0,0.0,0.0,0.0,0.0
2019-03-09,6,0,218,0.0,0.0,0.0,0.0,0.0
2019-03-09,6,0,219,0.0,0.0,0.0,0.0,0.0
2019-03-09,6,0,221,0.0,0.0,0.0,0.0,0.0
2019-03-09,6,0,225,0.0,0.0,0.0,0.0,0.0
2019-03-09,6,0,233,0.0,0.0,0.0,0.0,0.0
2019-03-09,6,0,236,42.35,42.35,0.0,230.149831,0.0
2019-03-09,6,0,237,14.98,14.98,0.0,82.216643,0.0
2019-03-09,6,0,238,0.0,0.0,0.0,0.0,0.0
2019-03-09,6,0,240,0.0,0.0,0.0,0.0,0.0
2019-03-09,6,0,245,78.0,78.0,0.0,390.634215,0.0
2019-03-09,6,0,247,161.19,161.19,0.0,807.260629,0.0
2019-03-09,6,0,248,1.5,1.5,0.0,8.232641,0.0
2019-03-09,6,0,249,150.0,150.0,0.0,751.219644,0.0
2019-03-09,6,0,251,326.4,326.4,0.0,1343.264922,0.0
2019-03-09,6,0,252,267.06,267.06,0.0,939.584014,0.0
2019-03-09,6,0,254,0.0,0.0,0.0,0.0,0.0
2019-03-09,6,0,255,0.0,0.0,0.0,0.0,0.0
2019-03-09,6,0,258,0.0,0.0,0.0,0.0,0.0
2019-03-09,6,0,260,0.0,0.0,0.0,0.0,0.0
2019-03-09,6,0,265,0.0,0.0,0.0,0.0,0.0
2019-03-09,6,0,266,85.56,85.56,0.0,489.442985,0.0
2019-03-09,6,0,267,105.14,105.14,0.0,601.44969,0.0
2019-03-09,6,0,270,579.0,579.0,0.0,-579000.0,0.0
2019-03-09,6,0,272,484.95,484.95,0.0,-133682.042273,0.0
2019-03-09,6,0,273,0.0,0.0,0.0,-0.0,0.0
2019-03-09,6,0,274,746.4,746.4,0.0,-746400.0,0.0
2019-03-09,6,0,275,1039.0,1039.0,0.0,-1039000.0,0.0
2019-03-09,6,0,276,0.0,0.0,0.0,-0.0,0.0
2019-03-09,6,0,277,0.0,0.0,0.0,-0.0,0.0
2019-03-09,6,0,278,0.0,0.0,0.0,-0.0,0.0
2019-03-09,6,0,279,264.6,264.6,0.0,-76015.215593,0.0
2019-03-09,6,0,281,16.89,16.89,0.0,99.430178,0.0
2019-03-09,6,0,282,0.0,0.0,0.0,0.0,0.0
2019-03-09,7,0,9,0.0,0.0,0.0,0.0,0.0
2019-03-09,7,0,17,0.0,0.0,0.0,0.0,0.0
2019-03-09,7,0,19,643.3,643.3,0.0,795.905904,0.0
2019-03-09,7,0,20,780.2,780.2,0.0,965.281807,0.0
2019-03-09,7,0,21,0.0,0.0,0.0,0.0,0.0
2019-03-09,7,0,22,0.0,0.0,0.0,0.0,0.0
2019-03-09,7,0,23,0.0,0.0,0.0,0.0,0.0
2019-03-09,7,0,24,0.0,0.0,0.0,0.0,0.0
2019-03-09,7,0,29,0.0,0.0,0.0,0.0,0.0
2019-03-09,7,0,30,0.0,0.0,0.0,0.0,0.0
2019-03-09,7,0,31,92.33,92.33,0.0,1048.66543,0.0
2019-03-09,7,0,32,0.0,0.0,0.0,0.0,0.0
2019-03-09,7,0,33,0.0,0.0,0.0,0.0,0.0
2019-03-09,7,0,34,0.0,0.0,0.0,0.0,0.0
2019-03-09,7,0,35,0.0,0.0,0.0,0.0,0.0
2019-03-09,7,0,36,0.0,0.0,0.0,0.0,0.0
2019-03-09,7,0,37,0.0,0.0,0.0,0.0,0.0
2019-03-09,7,0,38,0.0,0.0,0.0,0.0,0.0
2019-03-09,7,0,39,0.0,0.0,0.0,0.0,0.0
2019-03-09,7,0,40,0.0,0.0,0.0,0.0,0.0
2019-03-09,7,0,41,58.48,58.48,0.0,570.074443,0.0
2019-03-09,7,0,42,0.0,0.0,0.0,0.0,0.0
2019-03-09,7,0,43,0.0,0.0,0.0,0.0,0.0
2019-03-09,7,0,46,0.0,0.0,0.0,0.0,0.0
2019-03-09,7,0,52,97.87,97.87,0.0,1111.587627,0.0
2019-03-09,7,0,53,155.54,155.54,0.0,1766.5918,0.0
2019-03-09,7,0,55,186.9,186.9,0.0,2117.109606,0.0
2019-03-09,7,0,56,0.0,0.0,0.0,0.0,0.0
2019-03-09,7,0,57,0.0,0.0,0.0,0.0,0.0
2019-03-09,7,0,58,0.0,0.0,0.0,0.0,0.0
2019-03-09,7,0,59,0.0,0.0,0.0,0.0,0.0
2019-03-09,7,0,63,170.0,170.0,0.0,16313.315863,0.0
2019-03-09,7,0,64,200.0,200.0,0.0,19192.13631,0.0
2019-03-09,7,0,65,41.4,41.4,0.0,161.529873,0.0
2019-03-09,7,0,67,0.0,0.0,0.0,-0.0,0.0
2019-03-09,7,0,68,0.0,0.0,0.0,-0.0,0.0
2019-03-09,7,0,69,0.0,0.0,0.0,0.0,0.0
2019-03-09,7,0,74,5.04,5.04,0.0,37.984767,0.0
2019-03-09,7,0,77,200.0,200.0,0.0,-60971.418464,0.0
2019-03-09,7,0,78,151.2,151.2,0.0,-46094.392359,0.0
2019-03-09,7,0,79,87.5,87.5,0.0,-26674.995578,0.0
2019-03-09,7,0,80,141.5,141.5,0.0,-43137.278564,0.0
2019-03-09,7,0,81,185.0,185.0,0.0,-56398.56208,0.0
2019-03-09,7,0,82,130.5,130.5,0.0,-39783.850548,0.0
2019-03-09,7,0,83,291.0,291.0,0.0,-88713.413866,0.0
2019-03-09,7,0,84,0.0,0.0,0.0,-0.0,0.0
2019-03-09,7,0,86,0.0,0.0,0.0,0.0,0.0
2019-03-09,7,0,87,0.0,0.0,0.0,0.0,0.0
2019-03-09,7,0,88,170.6,170.6,0.0,-52008.61995,0.0
2019-03-09,7,0,89,164.0,164.0,0.0,-49996.563141,0.0
2019-03-09,7,0,90,220.2,220.2,0.0,-67129.531729,0.0
2019-03-09,7,0,91,785.5,785.5,0.0,-239465.246019,0.0
2019-03-09,7,0,92,282.5,282.5,0.0,-86122.128581,0.0
2019-03-09,7,0,95,36.0,36.0,0.0,890.870095,0.0
2019-03-09,7,0,96,29.88,29.88,0.0,340.317121,0.0
2019-03-09,7,0,97,183.75,183.75,0.0,2092.813619,0.0
2019-03-09,7,0,99,0.97,0.97,0.0,7.31056,0.0
2019-03-09,7,0,101,0.0,0.0,0.0,0.0,0.0
2019-03-09,7,0,102,0.0,0.0,0.0,-0.0,0.0
2019-03-09,7,0,103,0.0,0.0,0.0,-0.0,0.0
2019-03-09,7,0,104,0.0,0.0,0.0,-0.0,0.0
2019-03-09,7,0,106,0.0,0.0,0.0,0.0,0.0
2019-03-09,7,0,109,200.0,200.0,0.0,1741.66079,0.0
2019-03-09,7,0,110,0.0,0.0,0.0,-0.0,0.0
2019-03-09,7,0,111,0.0,0.0,0.0,0.0,0.0
2019-03-09,7,0,113,75.93,75.93,0.0,-20903.066425,0.0
2019-03-09,7,0,115,75.93,75.93,0.0,-20903.066425,0.0
2019-03-09,7,0,116,0.0,0.0,0.0,-0.0,0.0
2019-03-09,7,0,117,3.11,3.11,0.0,-856.164053,0.0
2019-03-09,7,0,119,200.0,200.0,0.0,19192.13631,0.0
2019-03-09,7,0,120,117.6,117.6,0.0,11284.97615,0.0
2019-03-09,7,0,123,0.0,0.0,0.0,0.0,0.0
2019-03-09,7,0,125,0.0,0.0,0.0,0.0,0.0
2019-03-09,7,0,126,0.0,0.0,0.0,0.0,0.0
2019-03-09,7,0,127,0.0,0.0,0.0,0.0,0.0
2019-03-09,7,0,128,0.0,0.0,0.0,0.0,0.0
2019-03-09,7,0,131,0.0,0.0,0.0,-0.0,0.0
2019-03-09,7,0,132,0.0,0.0,0.0,-0.0,0.0
2019-03-09,7,0,133,41.94,41.94,0.0,289.533032,0.0
2019-03-09,7,0,134,0.0,0.0,0.0,0.0,0.0
2019-03-09,7,0,135,56.2,56.2,0.0,387.977024,0.0
2019-03-09,7,0,136,45.9,45.9,0.0,185.801431,0.0
2019-03-09,7,0,139,75.53,75.53,0.0,736.281167,0.0
2019-03-09,7,0,140,0.0,0.0,0.0,-0.0,0.0
2019-03-09,7,0,141,0.0,0.0,0.0,-0.0,0.0
2019-03-09,7,0,142,0.0,0.0,0.0,-0.0,0.0
2019-03-09,7,0,143,176.28,176.28,0.0,2002.152517,0.0
2019-03-09,7,0,145,30.0,30.0,0.0,311.229115,0.0
2019-03-09,7,0,146,0.0,0.0,0.0,-0.0,0.0
2019-03-09,7,0,152,0.0,0.0,0.0,0.0,0.0
2019-03-09,7,0,153,0.0,0.0,0.0,0.0,0.0
2019-03-09,7,0,154,0.0,0.0,0.0,0.0,0.0
2019-03-09,7,0,157,0.0,0.0,0.0,-0.0,0.0
2019-03-09,7,0,158,0.0,0.0,0.0,-0.0,0.0
2019-03-09,7,0,159,0.0,0.0,0.0,0.0,0.0
2019-03-09,7,0,160,0.0,0.0,0.0,0.0,0.0
2019-03-09,7,0,161,0.0,0.0,0.0,-0.0,0.0
2019-03-09,7,0,162,48.75,48.75,0.0,1244.609987,0.0
2019-03-09,7,0,163,185.4,185.4,0.0,-185400.0,0.0
2019-03-09,7,0,164,0.0,0.0,0.0,0.0,0.0
2019-03-09,7,0,167,0.0,0.0,0.0,0.0,0.0
2019-03-09,7,0,168,0.0,0.0,0.0,0.0,0.0
2019-03-09,7,0,169,0.0,0.0,0.0,0.0,0.0
2019-03-09,7,0,170,0.0,0.0,0.0,0.0,0.0
2019-03-09,7,0,172,0.0,0.0,0.0,0.0,0.0
2019-03-09,7,0,173,0.0,0.0,0.0,0.0,0.0
2019-03-09,7,0,188,0.0,0.0,0.0,0.0,0.0
2019-03-09,7,0,190,0.0,0.0,0.0,0.0,0.0
2019-03-09,7,0,191,0.0,0.0,0.0,0.0,0.0
2019-03-09,7,0,192,332.6,332.6,0.0,10785.405497,0.0
2019-03-09,7,0,194,176.5,176.5,0.0,-25058.002089,0.0
2019-03-09,7,0,196,0.0,0.0,0.0,0.0,0.0
2019-03-09,7,0,198,0.0,0.0,0.0,0.0,0.0
2019-03-09,7,0,199,39.0,39.0,0.0,-1517.904152,0.0
2019-03-09,7,0,200,0.0,0.0,0.0,-0.0,0.0
2019-03-09,7,0,204,857.0,857.0,0.0,7565.770958,0.0
2019-03-09,7,0,205,1058.0,1058.0,0.0,9213.385577,0.0
2019-03-09,7,0,206,539.94,539.94,0.0,6149.626044,0.0
2019-03-09,7,0,210,0.0,0.0,0.0,0.0,0.0
2019-03-09,7,0,214,0.0,0.0,0.0,0.0,0.0
2019-03-09,7,0,217,0.0,0.0,0.0,0.0,0.0
2019-03-09,7,0,218,0.0,0.0,0.0,0.0,0.0
2019-03-09,7,0,219,0.0,0.0,0.0,0.0,0.0
2019-03-09,7,0,221,0.0,0.0,0.0,0.0,0.0
2019-03-09,7,0,225,0.0,0.0,0.0,0.0,0.0
2019-03-09,7,0,233,0.0,0.0,0.0,0.0,0.0
2019-03-09,7,0,236,19.02,19.02,0.0,133.230956,0.0
2019-03-09,7,0,237,12.09,12.09,0.0,91.11822,0.0
2019-03-09,7,0,238,0.0,0.0,0.0,0.0,0.0
2019-03-09,7,0,240,0.0,0.0,0.0,0.0,0.0
2019-03-09,7,0,245,72.02,72.02,0.0,424.58414,0.0
2019-03-09,7,0,247,100.17,100.17,0.0,590.538646,0.0
2019-03-09,7,0,248,1.21,1.21,0.0,9.119359,0.0
2019-03-09,7,0,249,138.49,138.49,0.0,816.449008,0.0
2019-03-09,7,0,251,326.4,326.4,0.0,1567.474248,0.0
2019-03-09,7,0,252,267.06,267.06,0.0,1041.984729,0.0
2019-03-09,7,0,254,0.0,0.0,0.0,0.0,0.0
2019-03-09,7,0,255,0.0,0.0,0.0,0.0,0.0
2019-03-09,7,0,258,0.0,0.0,0.0,0.0,0.0
2019-03-09,7,0,260,0.0,0.0,0.0,0.0,0.0
2019-03-09,7,0,265,0.0,0.0,0.0,0.0,0.0
2019-03-09,7,0,266,48.9,48.9,0.0,476.686735,0.0
2019-03-09,7,0,267,60.1,60.1,0.0,585.866519,0.0
2019-03-09,7,0,270,579.0,579.0,0.0,-579000.0,0.0
2019-03-09,7,0,272,270.16,270.16,0.0,-74373.40215,0.0
2019-03-09,7,0,273,0.0,0.0,0.0,-0.0,0.0
2019-03-09,7,0,274,746.4,746.4,0.0,-746400.0,0.0
2019-03-09,7,0,275,1039.0,1039.0,0.0,-1039000.0,0.0
2019-03-09,7,0,276,0.0,0.0,0.0,-0.0,0.0
2019-03-09,7,0,277,0.0,0.0,0.0,-0.0,0.0
2019-03-09,7,0,278,0.0,0.0,0.0,-0.0,0.0
2019-03-09,7,0,279,264.6,264.6,0.0,-75978.901877,0.0
2019-03-09,7,0,281,41.4,41.4,0.0,470.21281,0.0
2019-03-09,7,0,282,0.0,0.0,0.0,0.0,0.0
2019-03-09,8,0,9,0.0,0.0,0.0,0.0,0.0
2019-03-09,8,0,17,2.17,2.17,0.0,2.720609,0.0
2019-03-09,8,0,19,605.38,605.38,0.0,758.987262,0.0
2019-03-09,8,0,20,753.44,753.44,0.0,944.615552,0.0
2019-03-09,8,0,21,0.0,0.0,0.0,0.0,0.0
2019-03-09,8,0,22,0.0,0.0,0.0,0.0,0.0
2019-03-09,8,0,23,108.8,108.8,0.0,1070.306202,0.0
2019-03-09,8,0,24,192.5,192.5,0.0,1893.694337,0.0
2019-03-09,8,0,29,0.48,0.48,0.0,2.495372,0.0
2019-03-09,8,0,30,0.0,0.0,0.0,0.0,0.0
2019-03-09,8,0,31,37.5,37.5,0.0,369.718139,0.0
2019-03-09,8,0,32,0.1,0.1,0.0,2.233558,0.0
2019-03-09,8,0,33,0.11,0.11,0.0,0.64199,0.0
2019-03-09,8,0,34,0.17,0.17,0.0,0.992166,0.0
2019-03-09,8,0,35,0.17,0.17,0.0,0.992166,0.0
2019-03-09,8,0,36,0.25,0.25,0.0,1.830599,0.0
2019-03-09,8,0,37,0.13,0.13,0.0,0.953233,0.0
2019-03-09,8,0,38,0.16,0.16,0.0,1.17321,0.0
2019-03-09,8,0,39,0.11,0.11,0.0,0.806582,0.0
2019-03-09,8,0,40,0.11,0.11,0.0,0.806582,0.0
2019-03-09,8,0,41,5.43,5.43,0.0,47.251501,0.0
2019-03-09,8,0,42,0.78,0.78,0.0,4.070492,0.0
2019-03-09,8,0,43,0.92,0.92,0.0,6.586451,0.0
2019-03-09,8,0,46,0.6,0.6,0.0,4.538362,0.0
2019-03-09,8,0,52,39.75,39.75,0.0,391.901227,0.0
2019-03-09,8,0,53,63.15,63.15,0.0,622.605345,0.0
2019-03-09,8,0,55,186.9,186.9,0.0,1838.605048,0.0
2019-03-09,8,0,56,0.0,0.0,0.0,0.0,0.0
2019-03-09,8,0,57,0.0,0.0,0.0,0.0,0.0
2019-03-09,8,0,58,0.0,0.0,0.0,0.0,0.0
2019-03-09,8,0,59,0.0,0.0,0.0,0.0,0.0
2019-03-09,8,0,63,96.01,96.01,0.0,9290.585975,0.0
2019-03-09,8,0,64,112.86,112.86,0.0,10921.107521,0.0
2019-03-09,8,0,65,41.4,41.4,0.0,158.478706,0.0
2019-03-09,8,0,67,0.0,0.0,0.0,-0.0,0.0
2019-03-09,8,0,68,10.2,10.2,0.0,-4306.596738,0.0
2019-03-09,8,0,69,0.11,0.11,0.0,0.64199,0.0
2019-03-09,8,0,74,2.06,2.06,0.0,14.647763,0.0
2019-03-09,8,0,77,147.17,147.17,0.0,-44731.155408,0.0
2019-03-09,8,0,78,111.12,111.12,0.0,-33774.043548,0.0
2019-03-09,8,0,79,64.1,64.1,0.0,-19482.687108,0.0
2019-03-09,8,0,80,103.96,103.96,0.0,-31597.81828,0.0
2019-03-09,8,0,81,136.09,136.09,0.0,-41363.477199,0.0
2019-03-09,8,0,82,95.84,95.84,0.0,-29129.808618,0.0
2019-03-09,8,0,83,214.4,214.4,0.0,-65165.181215,0.0
2019-03-09,8,0,84,0.0,0.0,0.0,-0.0,0.0
2019-03-09,8,0,86,0.54,0.54,0.0,3.151587,0.0
2019-03-09,8,0,87,2.74,2.74,0.0,15.991386,0.0
2019-03-09,8,0,88,123.33,123.33,0.0,-37485.176303,0.0
2019-03-09,8,0,89,119.02,119.02,0.0,-36175.185953,0.0
2019-03-09,8,0,90,155.3,155.3,0.0,-47202.20449,0.0
2019-03-09,8,0,91,486.84,486.84,0.0,-147971.160554,0.0
2019-03-09,8,0,92,194.81,194.81,0.0,-59210.955935,0.0
2019-03-09,8,0,95,36.0,36.0,0.0,914.892964,0.0
2019-03-09,8,0,96,29.88,29.88,0.0,295.271461,0.0
2019-03-09,8,0,97,183.75,183.75,0.0,1815.800899,0.0
2019-03-09,8,0,99,0.4,0.4,0.0,2.844226,0.0
2019-03-09,8,0,101,0.0,0.0,0.0,0.0,0.0
2019-03-09,8,0,102,24.15,24.15,0.0,-10196.501099,0.0
2019-03-09,8,0,103,21.0,21.0,0.0,-8866.522695,0.0
2019-03-09,8,0,104,3.9,3.9,0.0,-1646.639929,0.0
2019-03-09,8,0,106,0.0,0.0,0.0,0.0,0.0
2019-03-09,8,0,109,200.0,200.0,0.0,1591.007276,0.0
2019-03-09,8,0,110,0.0,0.0,0.0,-0.0,0.0
2019-03-09,8,0,111,0.0,0.0,0.0,0.0,0.0
2019-03-09,8,0,113,141.55,141.55,0.0,-38858.825901,0.0
2019-03-09,8,0,115,141.55,141.55,0.0,-38858.825901,0.0
2019-03-09,8,0,116,0.0,0.0,0.0,-0.0,0.0
2019-03-09,8,0,117,7.33,7.33,0.0,-2012.258522,0.0
2019-03-09,8,0,119,112.86,112.86,0.0,10921.107521,0.0
2019-03-09,8,0,120,66.59,66.59,0.0,6443.705031,0.0
2019-03-09,8,0,123,0.0,0.0,0.0,0.0,0.0
2019-03-09,8,0,125,174.2,174.2,0.0,1713.670408,0.0
2019-03-09,8,0,126,0.0,0.0,0.0,0.0,0.0
2019-03-09,8,0,127,0.0,0.0,0.0,0.0,0.0
2019-03-09,8,0,128,249.5,249.5,0.0,2454.424609,0.0
2019-03-09,8,0,131,30.0,30.0,0.0,-11526.901167,0.0
2019-03-09,8,0,132,44.1,44.1,0.0,-16944.544715,0.0
2019-03-09,8,0,133,36.56,36.56,0.0,246.670841,0.0
2019-03-09,8,0,134,0.0,0.0,0.0,0.0,0.0
2019-03-09,8,0,135,48.99,48.99,0.0,330.536228,0.0
2019-03-09,8,0,136,45.9,45.9,0.0,182.191295,0.0
2019-03-09,8,0,139,7.02,7.02,0.0,61.087576,0.0
2019-03-09,8,0,140,0.0,0.0,0.0,-0.0,0.0
2019-03-09,8,0,141,0.0,0.0,0.0,-0.0,0.0
2019-03-09,8,0,142,0.0,0.0,0.0,-0.0,0.0
2019-03-09,8,0,143,71.55,71.55,0.0,705.422208,0.0
2019-03-09,8,0,145,30.0,30.0,0.0,274.569945,0.0
2019-03-09,8,0,146,0.0,0.0,0.0,-0.0,0.0
2019-03-09,8,0,152,0.15,0.15,0.0,1.062994,0.0
2019-03-09,8,0,153,0.2,0.2,0.0,1.423571,0.0
2019-03-09,8,0,154,0.0,0.0,0.0,0.0,0.0
2019-03-09,8,0,157,0.0,0.0,0.0,-0.0,0.0
2019-03-09,8,0,158,0.0,0.0,0.0,-0.0,0.0
2019-03-09,8,0,159,0.0,0.0,0.0,0.0,0.0
2019-03-09,8,0,160,0.08,0.08,0.0,0.529893,0.0
2019-03-09,8,0,161,0.0,0.0,0.0,-0.0,0.0
2019-03-09,8,0,162,48.75,48.75,0.0,1277.240794,0.0
2019-03-09,8,0,163,185.4,185.4,0.0,-185400.0,0.0
2019-03-09,8,0,164,0.0,0.0,0.0,0.0,0.0
2019-03-09,8,0,167,0.14,0.14,0.0,3.262882,0.0
2019-03-09,8,0,168,0.07,0.07,0.0,1.631441,0.0
2019-03-09,8,0,169,0.0,0.0,0.0,0.0,0.0
2019-03-09,8,0,170,0.15,0.15,0.0,3.495945,0.0
2019-03-09,8,0,172,0.21,0.21,0.0,0.82281,0.0
2019-03-09,8,0,173,0.32,0.32,0.0,1.253806,0.0
2019-03-09,8,0,188,0.21,0.21,0.0,2.009396,0.0
2019-03-09,8,0,190,0.0,0.0,0.0,0.0,0.0
2019-03-09,8,0,191,0.01,0.01,0.0,0.324276,0.0
2019-03-09,8,0,192,332.6,332.6,0.0,10785.405497,0.0
2019-03-09,8,0,194,176.5,176.5,0.0,-24922.813943,0.0
2019-03-09,8,0,196,0.0,0.0,0.0,0.0,0.0
2019-03-09,8,0,198,0.39,0.39,0.0,2.228014,0.0
2019-03-09,8,0,199,39.0,39.0,0.0,-1478.201036,0.0
2019-03-09,8,0,200,0.81,0.81,0.0,-30.701098,0.0
2019-03-09,8,0,204,856.99,856.99,0.0,6891.333394,0.0
2019-03-09,8,0,205,1058.0,1058.0,0.0,8416.428488,0.0
2019-03-09,8,0,206,539.94,539.94,0.0,5335.6383,0.0
2019-03-09,8,0,210,0.12,0.12,0.0,0.609052,0.0
2019-03-09,8,0,214,0.55,0.55,0.0,3.011326,0.0
2019-03-09,8,0,217,0.45,0.45,0.0,2.382327,0.0
2019-03-09,8,0,218,0.62,0.62,0.0,3.282317,0.0
2019-03-09,8,0,219,0.43,0.43,0.0,2.276445,0.0
2019-03-09,8,0,221,0.29,0.29,0.0,1.58779,0.0
2019-03-09,8,0,225,0.44,0.44,0.0,2.292662,0.0
2019-03-09,8,0,233,0.3,0.3,0.0,1.750882,0.0
2019-03-09,8,0,236,13.42,13.42,0.0,90.29799,0.0
2019-03-09,8,0,237,4.95,4.95,0.0,35.197294,0.0
2019-03-09,8,0,238,1.02,1.02,0.0,5.322951,0.0
2019-03-09,8,0,240,0.28,0.28,0.0,2.050271,0.0
2019-03-09,8,0,245,58.25,58.25,0.0,337.861515,0.0
2019-03-09,8,0,247,80.53,80.53,0.0,467.08992,0.0
2019-03-09,8,0,248,0.5,0.5,0.0,3.555282,0.0
2019-03-09,8,0,249,112.01,112.01,0.0,649.680143,0.0
2019-03-09,8,0,251,326.4,326.4,0.0,1529.854851,0.0
2019-03-09,8,0,252,267.06,267.06,0.0,1022.302495,0.0
2019-03-09,8,0,254,0.48,0.48,0.0,3.371906,0.0
2019-03-09,8,0,255,0.22,0.22,0.0,1.545457,0.0
2019-03-09,8,0,258,0.35,0.35,0.0,2.553613,0.0
2019-03-09,8,0,260,0.18,0.18,0.0,1.192259,0.0
2019-03-09,8,0,265,0.0,0.0,0.0,0.0,0.0
2019-03-09,8,0,266,4.54,4.54,0.0,39.50678,0.0
2019-03-09,8,0,267,5.58,5.58,0.0,48.556791,0.0
2019-03-09,8,0,270,579.0,579.0,0.0,-579000.0,0.0
2019-03-09,8,0,272,490.05,490.05,0.0,-134530.325913,0.0
2019-03-09,8,0,273,0.0,0.0,0.0,-0.0,0.0
2019-03-09,8,0,274,746.4,746.4,0.0,-746400.0,0.0
2019-03-09,8,0,275,1039.0,1039.0,0.0,-1039000.0,0.0
2019-03-09,8,0,276,0.0,0.0,0.0,-0.0,0.0
2019-03-09,8,0,277,0.0,0.0,0.0,-0.0,0.0
2019-03-09,8,0,278,0.0,0.0,0.0,-0.0,0.0
2019-03-09,8,0,279,264.6,264.6,0.0,-75759.739012,0.0
2019-03-09,8,0,281,16.83,16.83,0.0,165.929501,0.0
2019-03-09,8,0,282,0.0,0.0,0.0,0.0,0.0
2019-03-09,9,0,9,0.82,0.82,0.0,5.542719,0.0
2019-03-09,9,0,17,16.01,16.01,0.0,135.432108,0.0
2019-03-09,9,0,19,430.2,430.2,0.0,3639.156327,0.0
2019-03-09,9,0,20,534.19,534.19,0.0,4518.830586,0.0
2019-03-09,9,0,21,18.73,18.73,0.0,126.603819,0.0
2019-03-09,9,0,22,66.57,66.57,0.0,449.974171,0.0
2019-03-09,9,0,23,108.8,108.8,0.0,735.424212,0.0
2019-03-09,9,0,24,192.5,192.5,0.0,1301.18714,0.0
2019-03-09,9,0,29,2.07,2.07,0.0,18.777377,0.0
2019-03-09,9,0,30,143.61,143.61,0.0,969.171393,0.0
2019-03-09,9,0,31,49.31,49.31,0.0,332.775165,0.0
2019-03-09,9,0,32,0.8,0.8,0.0,13.363705,0.0
2019-03-09,9,0,33,0.79,0.79,0.0,6.919146,0.0
2019-03-09,9,0,34,1.27,1.27,0.0,11.123184,0.0
2019-03-09,9,0,35,1.27,1.27,0.0,11.123184,0.0
2019-03-09,9,0,36,3.34,3.34,0.0,26.738048,0.0
2019-03-09,9,0,37,1.58,1.58,0.0,12.641266,0.0
2019-03-09,9,0,38,2.04,2.04,0.0,16.321634,0.0
2019-03-09,9,0,39,1.36,1.36,0.0,10.881089,0.0
2019-03-09,9,0,40,1.36,1.36,0.0,10.881089,0.0
2019-03-09,9,0,41,1.04,1.04,0.0,7.613706,0.0
2019-03-09,9,0,42,17.7,17.7,0.0,148.580263,0.0
2019-03-09,9,0,43,10.21,10.21,0.0,82.578199,0.0
2019-03-09,9,0,46,9.04,9.04,0.0,71.294888,0.0
2019-03-09,9,0,52,52.32,52.32,0.0,353.088554,0.0
2019-03-09,9,0,53,83.57,83.57,0.0,563.983381,0.0
2019-03-09,9,0,55,186.9,186.9,0.0,1263.334423,0.0
2019-03-09,9,0,56,42.36,42.36,0.0,285.872155,0.0
2019-03-09,9,0,57,40.29,40.29,0.0,271.902482,0.0
2019-03-09,9,0,58,77.49,77.49,0.0,522.951684,0.0
2019-03-09,9,0,59,76.2,76.2,0.0,514.245945,0.0
2019-03-09,9,0,63,51.0,51.0,0.0,854.737163,0.0
2019-03-09,9,0,64,60.0,60.0,0.0,1005.573133,0.0
2019-03-09,9,0,65,41.4,41.4,0.0,349.712929,0.0
2019-03-09,9,0,67,84.03,84.03,0.0,723.731242,0.0
2019-03-09,9,0,68,19.12,19.12,0.0,133.801957,0.0
2019-03-09,9,0,69,0.79,0.79,0.0,6.919146,0.0
2019-03-09,9,0,74,0.0,0.0,0.0,0.0,0.0
2019-03-09,9,0,77,60.0,60.0,0.0,343.391269,0.0
2019-03-09,9,0,78,45.36,45.36,0.0,259.603799,0.0
2019-03-09,9,0,79,26.25,26.25,0.0,150.23368,0.0
2019-03-09,9,0,80,42.45,42.45,0.0,242.949323,0.0
2019-03-09,9,0,81,55.5,55.5,0.0,317.636924,0.0
2019-03-09,9,0,82,39.15,39.15,0.0,224.062803,0.0
2019-03-09,9,0,83,87.3,87.3,0.0,499.634296,0.0
2019-03-09,9,0,84,0.0,0.0,0.0,0.0,0.0
2019-03-09,9,0,86,4.02,4.02,0.0,35.20882,0.0
2019-03-09,9,0,87,20.53,20.53,0.0,179.810217,0.0
2019-03-09,9,0,88,155.83,155.83,0.0,891.844357,0.0
2019-03-09,9,0,89,148.85,148.85,0.0,851.896506,0.0
2019-03-09,9,0,90,208.93,208.93,0.0,1195.74563,0.0
2019-03-09,9,0,91,785.09,785.09,0.0,4493.217521,0.0
2019-03-09,9,0,92,276.23,276.23,0.0,1580.91617,0.0
2019-03-09,9,0,95,36.0,36.0,0.0,599.174767,0.0
2019-03-09,9,0,96,29.88,29.88,0.0,201.312588,0.0
2019-03-09,9,0,97,183.75,183.75,0.0,1237.991565,0.0
2019-03-09,9,0,99,0.0,0.0,0.0,0.0,0.0
2019-03-09,9,0,101,2.89,2.89,0.0,19.503554,0.0
2019-03-09,9,0,102,45.2,45.2,0.0,316.310067,0.0
2019-03-09,9,0,103,39.31,39.31,0.0,275.091786,0.0
2019-03-09,9,0,104,7.33,7.33,0.0,51.295416,0.0
2019-03-09,9,0,106,65.53,65.53,0.0,442.944381,0.0
2019-03-09,9,0,109,186.24,186.24,0.0,1432.483698,0.0
2019-03-09,9,0,110,0.0,0.0,0.0,0.0,0.0
2019-03-09,9,0,111,4.58,4.58,0.0,33.529591,0.0
2019-03-09,9,0,113,84.3,84.3,0.0,435.496137,0.0
2019-03-09,9,0,115,84.3,84.3,0.0,435.496137,0.0
2019-03-09,9,0,116,34.26,34.26,0.0,464.486331,0.0
2019-03-09,9,0,117,5.73,5.73,0.0,29.601339,0.0
2019-03-09,9,0,119,60.0,60.0,0.0,1005.573133,0.0
2019-03-09,9,0,120,35.28,35.28,0.0,591.277002,0.0
2019-03-09,9,0,123,1.09,1.09,0.0,7.367761,0.0
2019-03-09,9,0,125,174.2,174.2,0.0,1177.489869,0.0
2019-03-09,9,0,126,49.15,49.15,0.0,332.225184,0.0
2019-03-09,9,0,127,63.08,63.08,0.0,426.383817,0.0
2019-03-09,9,0,128,249.5,249.5,0.0,1686.473721,0.0
2019-03-09,9,0,131,30.0,30.0,0.0,197.002715,0.0
2019-03-09,9,0,132,44.1,44.1,0.0,289.593992,0.0
2019-03-09,9,0,133,27.82,27.82,0.0,235.36707,0.0
2019-03-09,9,0,134,0.0,0.0,0.0,0.0,0.0
2019-03-09,9,0,135,37.27,37.27,0.0,315.317423,0.0
2019-03-09,9,0,136,45.9,45.9,0.0,387.694847,0.0
2019-03-09,9,0,139,1.34,1.34,0.0,9.809968,0.0
2019-03-09,9,0,140,0.0,0.0,0.0,0.0,0.0
2019-03-09,9,0,141,230.0,230.0,0.0,1980.93759,0.0
2019-03-09,9,0,142,110.82,110.82,0.0,954.467407,0.0
2019-03-09,9,0,143,133.82,133.82,0.0,903.102262,0.0
2019-03-09,9,0,145,30.0,30.0,0.0,212.959468,0.0
2019-03-09,9,0,146,0.0,0.0,0.0,0.0,0.0
2019-03-09,9,0,152,2.43,2.43,0.0,19.729524,0.0
2019-03-09,9,0,153,3.11,3.11,0.0,25.202886,0.0
2019-03-09,9,0,154,18.9,18.9,0.0,138.364468,0.0
2019-03-09,9,0,157,250.0,250.0,0.0,2153.193032,0.0
2019-03-09,9,0,158,73.76,73.76,0.0,635.278072,0.0
2019-03-09,9,0,159,0.0,0.0,0.0,0.0,0.0
2019-03-09,9,0,160,0.71,0.71,0.0,5.932938,0.0
2019-03-09,9,0,161,16.5,16.5,0.0,115.46717,0.0
2019-03-09,9,0,162,48.75,48.75,0.0,811.657665,0.0
2019-03-09,9,0,163,0.0,0.0,0.0,0.0,0.0
2019-03-09,9,0,164,5.19,5.19,0.0,35.025413,0.0
2019-03-09,9,0,167,0.94,0.94,0.0,15.648141,0.0
2019-03-09,9,0,168,0.47,0.47,0.0,7.82407,0.0
2019-03-09,9,0,169,0.0,0.0,0.0,0.0,0.0
2019-03-09,9,0,170,1.03,1.03,0.0,17.146367,0.0
2019-03-09,9,0,172,1.47,1.47,0.0,23.35828,0.0
2019-03-09,9,0,173,2.23,2.23,0.0,35.434669,0.0
2019-03-09,9,0,188,1.69,1.69,0.0,27.610139,0.0
2019-03-09,9,0,190,2.89,2.89,0.0,48.435106,0.0
2019-03-09,9,0,191,7.46,7.46,0.0,125.026259,0.0
2019-03-09,9,0,192,332.6,332.6,0.0,5574.227065,0.0
2019-03-09,9,0,194,130.37,130.37,0.0,449.024363,0.0
2019-03-09,9,0,196,1.87,1.87,0.0,29.081611,0.0
2019-03-09,9,0,198,2.83,2.83,0.0,24.938768,0.0
2019-03-09,9,0,199,39.0,39.0,0.0,318.913359,0.0
2019-03-09,9,0,200,6.31,6.31,0.0,51.598546,0.0
2019-03-09,9,0,204,480.72,480.72,0.0,3677.072903,0.0
2019-03-09,9,0,205,1048.92,1048.92,0.0,8067.873713,0.0
2019-03-09,9,0,206,539.94,539.94,0.0,3637.77505,0.0
2019-03-09,9,0,210,0.52,0.52,0.0,4.748657,0.0
2019-03-09,9,0,214,2.92,2.92,0.0,26.091219,0.0
2019-03-09,9,0,217,2.17,2.17,0.0,19.582407,0.0
2019-03-09,9,0,218,2.99,2.99,0.0,26.982211,0.0
2019-03-09,9,0,219,2.04,2.04,0.0,18.409268,0.0
2019-03-09,9,0,221,1.56,1.56,0.0,13.939144,0.0
2019-03-09,9,0,225,1.95,1.95,0.0,17.677377,0.0
2019-03-09,9,0,233,2.28,2.28,0.0,19.969181,0.0
2019-03-09,9,0,236,9.31,9.31,0.0,77.224928,0.0
2019-03-09,9,0,237,0.0,0.0,0.0,0.0,0.0
2019-03-09,9,0,238,23.03,23.03,0.0,193.322229,0.0
2019-03-09,9,0,240,3.78,3.78,0.0,30.260425,0.0
2019-03-09,9,0,245,46.69,46.69,0.0,397.029442,0.0
2019-03-09,9,0,247,63.9,63.9,0.0,543.375055,0.0
2019-03-09,9,0,248,0.0,0.0,0.0,0.0,0.0
2019-03-09,9,0,249,89.8,89.8,0.0,763.616274,0.0
2019-03-09,9,0,251,326.4,326.4,0.0,2750.70081,0.0
2019-03-09,9,0,252,267.06,267.06,0.0,2255.90181,0.0
2019-03-09,9,0,254,4.29,4.29,0.0,34.986207,0.0
2019-03-09,9,0,255,1.96,1.96,0.0,15.984374,0.0
2019-03-09,9,0,258,4.67,4.67,0.0,37.447511,0.0
2019-03-09,9,0,260,1.73,1.73,0.0,14.456314,0.0
2019-03-09,9,0,265,19.57,19.57,0.0,143.269452,0.0
2019-03-09,9,0,266,0.87,0.87,0.0,6.369158,0.0
2019-03-09,9,0,267,1.06,1.06,0.0,7.760124,0.0
2019-03-09,9,0,270,0.0,0.0,0.0,0.0,0.0
2019-03-09,9,0,272,281.31,281.31,0.0,1453.255257,0.0
2019-03-09,9,0,273,8.19,8.19,0.0,111.03745,0.0
2019-03-09,9,0,274,0.0,0.0,0.0,0.0,0.0
2019-03-09,9,0,275,0.0,0.0,0.0,0.0,0.0
2019-03-09,9,0,276,1.81,1.81,0.0,22.541,0.0
2019-03-09,9,0,277,2.28,2.28,0.0,12.287837,0.0
2019-03-09,9,0,278,3.64,3.64,0.0,19.617424,0.0
2019-03-09,9,0,279,264.6,264.6,0.0,1426.03582,0.0
2019-03-09,9,0,281,21.97,21.97,0.0,148.267499,0.0
2019-03-09,9,0,282,78.78,78.78,0.0,531.657422,0.0
2019-03-09,10,0,9,1.94,1.94,0.0,13.013647,0.0
2019-03-09,10,0,17,30.92,30.92,0.0,317.721458,0.0
2019-03-09,10,0,19,242.68,242.68,0.0,2493.681871,0.0
2019-03-09,10,0,20,300.69,300.69,0.0,3089.769251,0.0
2019-03-09,10,0,21,44.39,44.39,0.0,297.771033,0.0
2019-03-09,10,0,22,157.74,157.74,0.0,1058.130271,0.0
2019-03-09,10,0,23,108.8,108.8,0.0,729.83754,0.0
2019-03-09,10,0,24,192.5,192.5,0.0,1291.302633,0.0
2019-03-09,10,0,29,3.13,3.13,0.0,15.779239,0.0
2019-03-09,10,0,30,355.7,355.7,0.0,2379.625853,0.0
2019-03-09,10,0,31,103.87,103.87,0.0,694.888213,0.0
2019-03-09,10,0,32,3.43,3.43,0.0,50.074776,0.0
2019-03-09,10,0,33,1.59,1.59,0.0,17.71309,0.0
2019-03-09,10,0,34,2.55,2.55,0.0,28.407786,0.0
2019-03-09,10,0,35,2.55,2.55,0.0,28.407786,0.0
2019-03-09,10,0,36,6.35,6.35,0.0,55.12333,0.0
2019-03-09,10,0,37,2.99,2.99,0.0,25.779272,0.0
2019-03-09,10,0,38,3.84,3.84,0.0,33.107828,0.0
2019-03-09,10,0,39,2.56,2.56,0.0,22.071885,0.0
2019-03-09,10,0,40,2.56,2.56,0.0,22.071885,0.0
2019-03-09,10,0,41,2.88,2.88,0.0,22.192325,0.0
2019-03-09,10,0,42,37.31,37.31,0.0,376.389169,0.0
2019-03-09,10,0,43,18.91,18.91,0.0,162.764672,0.0
2019-03-09,10,0,46,17.09,17.09,0.0,143.371898,0.0
2019-03-09,10,0,52,110.17,110.17,0.0,737.035086,0.0
2019-03-09,10,0,53,175.67,175.67,0.0,1175.22877,0.0
2019-03-09,10,0,55,186.9,186.9,0.0,1253.737465,0.0
2019-03-09,10,0,56,104.92,104.92,0.0,701.912692,0.0
2019-03-09,10,0,57,99.8,99.8,0.0,667.659995,0.0
2019-03-09,10,0,58,191.92,191.92,0.0,1283.940944,0.0
2019-03-09,10,0,59,188.73,188.73,0.0,1262.599908,0.0
2019-03-09,10,0,63,0.0,0.0,0.0,0.0,0.0
2019-03-09,10,0,64,0.0,0.0,0.0,0.0,0.0
2019-03-09,10,0,65,41.4,41.4,0.0,423.968205,0.0
2019-03-09,10,0,67,202.81,202.81,0.0,1516.847595,0.0
2019-03-09,10,0,68,34.0,34.0,0.0,205.803312,0.0
2019-03-09,10,0,69,1.59,1.59,0.0,17.71309,0.0
2019-03-09,10,0,74,0.0,0.0,0.0,0.0,0.0
2019-03-09,10,0,77,60.0,60.0,0.0,298.894887,0.0
2019-03-09,10,0,78,45.36,45.36,0.0,225.964535,0.0
2019-03-09,10,0,79,26.25,26.25,0.0,130.766513,0.0
2019-03-09,10,0,80,42.45,42.45,0.0,211.468133,0.0
2019-03-09,10,0,81,55.5,55.5,0.0,276.477771,0.0
2019-03-09,10,0,82,39.15,39.15,0.0,195.028914,0.0
2019-03-09,10,0,83,87.3,87.3,0.0,434.892061,0.0
2019-03-09,10,0,84,0.0,0.0,0.0,0.0,0.0
2019-03-09,10,0,86,8.07,8.07,0.0,89.902289,0.0
2019-03-09,10,0,87,41.2,41.2,0.0,458.980706,0.0
2019-03-09,10,0,88,103.48,103.48,0.0,515.494049,0.0
2019-03-09,10,0,89,99.0,99.0,0.0,493.176564,0.0
2019-03-09,10,0,90,137.47,137.47,0.0,684.818003,0.0
2019-03-09,10,0,91,509.29,509.29,0.0,2537.069619,0.0
2019-03-09,10,0,92,180.45,180.45,0.0,898.926373,0.0
2019-03-09,10,0,95,88.65,88.65,0.0,1289.110325,0.0
2019-03-09,10,0,96,29.88,29.88,0.0,199.331827,0.0
2019-03-09,10,0,97,183.75,183.75,0.0,1225.810685,0.0
2019-03-09,10,0,99,0.0,0.0,0.0,0.0,0.0
2019-03-09,10,0,101,7.17,7.17,0.0,47.967156,0.0
2019-03-09,10,0,102,80.5,80.5,0.0,487.269606,0.0
2019-03-09,10,0,103,70.0,70.0,0.0,423.712701,0.0
2019-03-09,10,0,104,13.0,13.0,0.0,78.689502,0.0
2019-03-09,10,0,106,155.28,155.28,0.0,1041.62843,0.0
2019-03-09,10,0,109,171.07,171.07,0.0,1407.635394,0.0
2019-03-09,10,0,110,0.0,0.0,0.0,0.0,0.0
2019-03-09,10,0,111,9.5,9.5,0.0,73.203849,0.0
2019-03-09,10,0,113,150.0,150.0,0.0,646.610712,0.0
2019-03-09,10,0,115,150.0,150.0,0.0,646.610712,0.0
2019-03-09,10,0,116,76.99,76.99,0.0,912.052824,0.0
2019-03-09,10,0,117,10.0,10.0,0.0,43.107381,0.0
2019-03-09,10,0,119,0.0,0.0,0.0,0.0,0.0
2019-03-09,10,0,120,0.0,0.0,0.0,0.0,0.0
2019-03-09,10,0,123,2.59,2.59,0.0,17.37389,0.0
2019-03-09,10,0,125,174.2,174.2,0.0,1168.545032,0.0
2019-03-09,10,0,126,116.46,116.46,0.0,781.221323,0.0
2019-03-09,10,0,127,149.46,149.46,0.0,1002.587488,0.0
2019-03-09,10,0,128,249.5,249.5,0.0,1673.662373,0.0
2019-03-09,10,0,131,40.31,40.31,0.0,228.645035,0.0
2019-03-09,10,0,132,65.03,65.03,0.0,368.860993,0.0
2019-03-09,10,0,133,20.71,20.71,0.0,212.875552,0.0
2019-03-09,10,0,134,0.0,0.0,0.0,0.0,0.0
2019-03-09,10,0,135,27.76,27.76,0.0,285.341638,0.0
2019-03-09,10,0,136,45.9,45.9,0.0,469.963968,0.0
2019-03-09,10,0,139,3.71,3.71,0.0,28.588029,0.0
2019-03-09,10,0,140,0.0,0.0,0.0,0.0,0.0
2019-03-09,10,0,141,230.0,230.0,0.0,1720.205842,0.0
2019-03-09,10,0,142,267.46,267.46,0.0,2000.37502,0.0
2019-03-09,10,0,143,238.5,238.5,0.0,1595.560208,0.0
2019-03-09,10,0,145,56.19,56.19,0.0,408.055325,0.0
2019-03-09,10,0,146,0.0,0.0,0.0,0.0,0.0
2019-03-09,10,0,152,4.63,4.63,0.0,42.906627,0.0
2019-03-09,10,0,153,5.9,5.9,0.0,54.404649,0.0
2019-03-09,10,0,154,39.17,39.17,0.0,301.831028,0.0
2019-03-09,10,0,157,250.0,250.0,0.0,1869.788959,0.0
2019-03-09,10,0,158,192.11,192.11,0.0,1436.820628,0.0
2019-03-09,10,0,159,0.0,0.0,0.0,0.0,0.0
2019-03-09,10,0,160,1.48,1.48,0.0,12.843803,0.0
2019-03-09,10,0,161,38.55,38.55,0.0,233.344637,0.0
2019-03-09,10,0,162,91.77,91.77,0.0,1335.020133,0.0
2019-03-09,10,0,163,0.0,0.0,0.0,0.0,0.0
2019-03-09,10,0,164,13.16,13.16,0.0,88.040136,0.0
2019-03-09,10,0,167,3.95,3.95,0.0,57.44721,0.0
2019-03-09,10,0,168,1.97,1.97,0.0,28.650887,0.0
2019-03-09,10,0,169,0.0,0.0,0.0,0.0,0.0
2019-03-09,10,0,170,4.32,4.32,0.0,62.828341,0.0
2019-03-09,10,0,172,4.61,4.61,0.0,63.513903,0.0
2019-03-09,10,0,173,7.03,7.03,0.0,96.855257,0.0
2019-03-09,10,0,188,6.86,6.86,0.0,97.748487,0.0
2019-03-09,10,0,190,6.31,6.31,0.0,92.700101,0.0
2019-03-09,10,0,191,16.3,16.3,0.0,239.463019,0.0
2019-03-09,10,0,192,0.0,0.0,0.0,0.0,0.0
2019-03-09,10,0,194,0.0,0.0,0.0,0.0,0.0
2019-03-09,10,0,196,4.14,4.14,0.0,56.425295,0.0
2019-03-09,10,0,198,5.97,5.97,0.0,50.36788,0.0
2019-03-09,10,0,199,39.0,39.0,0.0,242.746824,0.0
2019-03-09,10,0,200,8.29,8.29,0.0,51.599261,0.0
2019-03-09,10,0,204,257.1,257.1,0.0,2090.732173,0.0
2019-03-09,10,0,205,1010.31,1010.31,0.0,8313.252554,0.0
2019-03-09,10,0,206,539.94,539.94,0.0,3601.982156,0.0
2019-03-09,10,0,210,1.22,1.22,0.0,6.571721,0.0
2019-03-09,10,0,214,7.94,7.94,0.0,92.526307,0.0
2019-03-09,10,0,217,4.95,4.95,0.0,44.15128,0.0
2019-03-09,10,0,218,6.83,6.83,0.0,60.919847,0.0
2019-03-09,10,0,219,4.65,4.65,0.0,41.475445,0.0
2019-03-09,10,0,221,4.23,4.23,0.0,49.292982,0.0
2019-03-09,10,0,225,3.12,3.12,0.0,15.624765,0.0
2019-03-09,10,0,233,4.57,4.57,0.0,50.911209,0.0
2019-03-09,10,0,236,6.33,6.33,0.0,61.996466,0.0
2019-03-09,10,0,237,0.0,0.0,0.0,0.0,0.0
2019-03-09,10,0,238,48.56,48.56,0.0,489.880945,0.0
2019-03-09,10,0,240,7.2,7.2,0.0,62.502044,0.0
2019-03-09,10,0,245,36.79,36.79,0.0,382.749801,0.0
2019-03-09,10,0,247,49.9,49.9,0.0,519.14148,0.0
2019-03-09,10,0,248,0.0,0.0,0.0,0.0,0.0
2019-03-09,10,0,249,70.75,70.75,0.0,736.057309,0.0
2019-03-09,10,0,251,316.13,316.13,0.0,3219.344875,0.0
2019-03-09,10,0,252,267.06,267.06,0.0,2734.902145,0.0
2019-03-09,10,0,254,9.97,9.97,0.0,85.992522,0.0
2019-03-09,10,0,255,4.57,4.57,0.0,39.416833,0.0
2019-03-09,10,0,258,8.9,8.9,0.0,77.153811,0.0
2019-03-09,10,0,260,3.59,3.59,0.0,31.154901,0.0
2019-03-09,10,0,265,40.56,40.56,0.0,312.541907,0.0
2019-03-09,10,0,266,2.4,2.4,0.0,18.493604,0.0
2019-03-09,10,0,267,2.95,2.95,0.0,22.731722,0.0
2019-03-09,10,0,270,0.0,0.0,0.0,0.0,0.0
2019-03-09,10,0,272,501.3,501.3,0.0,2160.972998,0.0
2019-03-09,10,0,273,18.41,18.41,0.0,218.091863,0.0
2019-03-09,10,0,274,0.0,0.0,0.0,0.0,0.0
2019-03-09,10,0,275,0.0,0.0,0.0,0.0,0.0
2019-03-09,10,0,276,4.06,4.06,0.0,44.137362,0.0
2019-03-09,10,0,277,5.11,5.11,0.0,23.402216,0.0
2019-03-09,10,0,278,8.18,8.18,0.0,37.461864,0.0
2019-03-09,10,0,279,264.6,264.6,0.0,1211.785977,0.0
2019-03-09,10,0,281,46.3,46.3,0.0,309.74607,0.0
2019-03-09,10,0,282,195.12,195.12,0.0,1305.34888,0.0
2019-03-09,11,0,9,3.06,3.06,0.0,-1192.182112,0.0
2019-03-09,11,0,17,45.29,45.29,0.0,488.185436,0.0
2019-03-09,11,0,19,137.59,137.59,0.0,1483.09636,0.0
2019-03-09,11,0,20,166.87,166.87,0.0,1798.708406,0.0
2019-03-09,11,0,21,69.87,69.87,0.0,-27221.491548,0.0
2019-03-09,11,0,22,248.3,248.3,0.0,-96738.175918,0.0
2019-03-09,11,0,23,61.07,61.07,0.0,-23792.993972,0.0
2019-03-09,11,0,24,108.0,108.0,0.0,-42077.015704,0.0
2019-03-09,11,0,29,4.73,4.73,0.0,20.746113,0.0
2019-03-09,11,0,30,569.85,569.85,0.0,-569850.0,0.0
2019-03-09,11,0,31,119.91,119.91,0.0,-119910.0,0.0
2019-03-09,11,0,32,5.13,5.13,0.0,115.232596,0.0
2019-03-09,11,0,33,2.35,2.35,0.0,33.658993,0.0
2019-03-09,11,0,34,3.76,3.76,0.0,53.854388,0.0
2019-03-09,11,0,35,3.76,3.76,0.0,53.854388,0.0
2019-03-09,11,0,36,9.63,9.63,0.0,60.302448,0.0
2019-03-09,11,0,37,4.55,4.55,0.0,29.008953,0.0
2019-03-09,11,0,38,5.84,5.84,0.0,37.23347,0.0
2019-03-09,11,0,39,3.9,3.9,0.0,24.864817,0.0
2019-03-09,11,0,40,3.9,3.9,0.0,24.864817,0.0
2019-03-09,11,0,41,13.15,13.15,0.0,-116.58779,0.0
2019-03-09,11,0,42,59.02,59.02,0.0,590.844022,0.0
2019-03-09,11,0,43,28.58,28.58,0.0,217.595235,0.0
2019-03-09,11,0,46,25.48,25.48,0.0,140.326535,0.0
2019-03-09,11,0,52,127.48,127.48,0.0,-127480.0,0.0
2019-03-09,11,0,53,207.62,207.62,0.0,-207620.0,0.0
2019-03-09,11,0,55,460.54,460.54,0.0,-179427.303816,0.0
2019-03-09,11,0,56,168.09,168.09,0.0,-168090.0,0.0
2019-03-09,11,0,57,159.89,159.89,0.0,-159890.0,0.0
2019-03-09,11,0,58,307.48,307.48,0.0,-307480.0,0.0
2019-03-09,11,0,59,302.35,302.35,0.0,-302350.0,0.0
2019-03-09,11,0,63,0.0,0.0,0.0,0.0,0.0
2019-03-09,11,0,64,0.0,0.0,0.0,0.0,0.0
2019-03-09,11,0,65,41.4,41.4,0.0,440.346952,0.0
2019-03-09,11,0,67,323.88,323.88,0.0,8612.273578,0.0
2019-03-09,11,0,68,33.99,33.99,0.0,928.884245,0.0
2019-03-09,11,0,69,2.35,2.35,0.0,33.658993,0.0
2019-03-09,11,0,74,0.0,0.0,0.0,0.0,0.0
2019-03-09,11,0,77,60.0,60.0,0.0,1727.863753,0.0
2019-03-09,11,0,78,45.36,45.36,0.0,1306.264998,0.0
2019-03-09,11,0,79,26.25,26.25,0.0,755.940392,0.0
2019-03-09,11,0,80,42.45,42.45,0.0,1222.463606,0.0
2019-03-09,11,0,81,55.5,55.5,0.0,1598.273972,0.0
2019-03-09,11,0,82,39.15,39.15,0.0,1127.431099,0.0
2019-03-09,11,0,83,87.3,87.3,0.0,2514.041761,0.0
2019-03-09,11,0,84,0.0,0.0,0.0,0.0,0.0
2019-03-09,11,0,86,11.91,11.91,0.0,170.586639,0.0
2019-03-09,11,0,87,60.81,60.81,0.0,870.980146,0.0
2019-03-09,11,0,88,51.18,51.18,0.0,1473.867782,0.0
2019-03-09,11,0,89,49.2,49.2,0.0,1416.848278,0.0
2019-03-09,11,0,90,66.06,66.06,0.0,1902.377993,0.0
2019-03-09,11,0,91,235.65,235.65,0.0,6786.184892,0.0
2019-03-09,11,0,92,84.75,84.75,0.0,2440.607552,0.0
2019-03-09,11,0,95,96.29,96.29,0.0,2159.759339,0.0
2019-03-09,11,0,96,31.88,31.88,0.0,1315.926024,0.0
2019-03-09,11,0,97,234.28,234.28,0.0,9670.487733,0.0
2019-03-09,11,0,99,0.0,0.0,0.0,0.0,0.0
2019-03-09,11,0,101,11.48,11.48,0.0,-11480.0,0.0
2019-03-09,11,0,102,80.49,80.49,0.0,2199.643803,0.0
2019-03-09,11,0,103,69.99,69.99,0.0,1912.698096,0.0
2019-03-09,11,0,104,12.99,12.99,0.0,354.992831,0.0
2019-03-09,11,0,106,244.43,244.43,0.0,-95230.416189,0.0
2019-03-09,11,0,109,83.48,83.48,0.0,276.882934,0.0
2019-03-09,11,0,110,0.0,0.0,0.0,0.0,0.0
2019-03-09,11,0,111,14.69,14.69,0.0,-130.241417,0.0
2019-03-09,11,0,113,84.2,84.2,0.0,2200.753987,0.0
2019-03-09,11,0,115,84.2,84.2,0.0,2200.753987,0.0
2019-03-09,11,0,116,119.46,119.46,0.0,2906.859517,0.0
2019-03-09,11,0,117,5.66,5.66,0.0,147.936669,0.0
2019-03-09,11,0,119,0.0,0.0,0.0,0.0,0.0
2019-03-09,11,0,120,0.0,0.0,0.0,0.0,0.0
2019-03-09,11,0,123,4.07,4.07,0.0,-1585.680129,0.0
2019-03-09,11,0,125,97.74,97.74,0.0,-38079.699212,0.0
2019-03-09,11,0,126,183.33,183.33,0.0,-71425.734157,0.0
2019-03-09,11,0,127,235.27,235.27,0.0,-91661.661894,0.0
2019-03-09,11,0,128,139.96,139.96,0.0,-54528.695536,0.0
2019-03-09,11,0,131,30.0,30.0,0.0,825.751561,0.0
2019-03-09,11,0,132,44.1,44.1,0.0,1213.854794,0.0
2019-03-09,11,0,133,24.49,24.49,0.0,264.309414,0.0
2019-03-09,11,0,134,0.0,0.0,0.0,0.0,0.0
2019-03-09,11,0,135,32.82,32.82,0.0,354.211309,0.0
2019-03-09,11,0,136,45.9,45.9,0.0,487.851173,0.0
2019-03-09,11,0,139,16.98,16.98,0.0,-150.544538,0.0
2019-03-09,11,0,140,0.0,0.0,0.0,0.0,0.0
2019-03-09,11,0,141,230.0,230.0,0.0,6115.916151,0.0
2019-03-09,11,0,142,427.11,427.11,0.0,11357.256292,0.0
2019-03-09,11,0,143,238.5,238.5,0.0,-238500.0,0.0
2019-03-09,11,0,145,100.0,100.0,0.0,-191.450503,0.0
2019-03-09,11,0,146,0.0,0.0,0.0,0.0,0.0
2019-03-09,11,0,152,7.09,7.09,0.0,49.420396,0.0
2019-03-09,11,0,153,8.81,8.81,0.0,59.936785,0.0
2019-03-09,11,0,154,60.61,60.61,0.0,-537.367753,0.0
2019-03-09,11,0,157,250.0,250.0,0.0,6647.734946,0.0
2019-03-09,11,0,158,309.18,309.18,0.0,8221.386763,0.0
2019-03-09,11,0,159,0.0,0.0,0.0,0.0,0.0
2019-03-09,11,0,160,2.26,2.26,0.0,25.035106,0.0
2019-03-09,11,0,161,61.04,61.04,0.0,1668.111041,0.0
2019-03-09,11,0,162,162.5,162.5,0.0,3646.798949,0.0
2019-03-09,11,0,163,0.0,0.0,0.0,0.0,0.0
2019-03-09,11,0,164,20.8,20.8,0.0,-20800.0,0.0
2019-03-09,11,0,167,5.93,5.93,0.0,132.921006,0.0
2019-03-09,11,0,168,2.97,2.97,0.0,66.572578,0.0
2019-03-09,11,0,169,0.0,0.0,0.0,0.0,0.0
2019-03-09,11,0,170,6.49,6.49,0.0,145.473411,0.0
2019-03-09,11,0,172,7.0,7.0,0.0,148.180245,0.0
2019-03-09,11,0,173,10.67,10.67,0.0,225.869031,0.0
2019-03-09,11,0,188,10.29,10.29,0.0,228.561851,0.0
2019-03-09,11,0,190,9.56,9.56,0.0,221.269471,0.0
2019-03-09,11,0,191,24.7,24.7,0.0,571.689951,0.0
2019-03-09,11,0,192,332.6,332.6,0.0,7698.140795,0.0
2019-03-09,11,0,194,0.0,0.0,0.0,0.0,0.0
2019-03-09,11,0,196,6.39,6.39,0.0,151.953173,0.0
2019-03-09,11,0,198,8.98,8.98,0.0,72.822641,0.0
2019-03-09,11,0,199,56.82,56.82,0.0,715.95759,0.0
2019-03-09,11,0,200,12.21,12.21,0.0,153.851499,0.0
2019-03-09,11,0,204,257.1,257.1,0.0,777.241256,0.0
2019-03-09,11,0,205,545.8,545.8,0.0,1810.286357,0.0
2019-03-09,11,0,206,895.48,895.48,0.0,36963.156716,0.0
2019-03-09,11,0,210,1.8,1.8,0.0,9.623128,0.0
2019-03-09,11,0,214,11.85,11.85,0.0,194.409129,0.0
2019-03-09,11,0,217,7.26,7.26,0.0,84.555065,0.0
2019-03-09,11,0,218,10.02,10.02,0.0,116.699965,0.0
2019-03-09,11,0,219,6.83,6.83,0.0,79.546982,0.0
2019-03-09,11,0,221,6.32,6.32,0.0,103.684869,0.0
2019-03-09,11,0,225,4.61,4.61,0.0,19.792341,0.0
2019-03-09,11,0,233,6.74,6.74,0.0,96.536856,0.0
2019-03-09,11,0,236,0.0,0.0,0.0,0.0,0.0
2019-03-09,11,0,237,0.0,0.0,0.0,0.0,0.0
2019-03-09,11,0,238,76.82,76.82,0.0,769.038255,0.0
2019-03-09,11,0,240,10.91,10.91,0.0,68.317727,0.0
2019-03-09,11,0,245,51.0,51.0,0.0,576.49636,0.0
2019-03-09,11,0,247,77.43,77.43,0.0,875.25712,0.0
2019-03-09,11,0,248,0.0,0.0,0.0,0.0,0.0
2019-03-09,11,0,249,98.08,98.08,0.0,1108.681627,0.0
2019-03-09,11,0,251,326.4,326.4,0.0,3395.248668,0.0
2019-03-09,11,0,252,267.06,267.06,0.0,2840.556932,0.0
2019-03-09,11,0,254,15.21,15.21,0.0,129.022965,0.0
2019-03-09,11,0,255,6.97,6.97,0.0,59.124922,0.0
2019-03-09,11,0,258,13.48,13.48,0.0,87.35354,0.0
2019-03-09,11,0,260,5.49,5.49,0.0,60.815368,0.0
2019-03-09,11,0,265,62.75,62.75,0.0,-556.340975,0.0
2019-03-09,11,0,266,10.99,10.99,0.0,-97.437248,0.0
2019-03-09,11,0,267,13.51,13.51,0.0,-119.779547,0.0
2019-03-09,11,0,270,0.0,0.0,0.0,0.0,0.0
2019-03-09,11,0,272,281.17,281.17,0.0,7349.002358,0.0
2019-03-09,11,0,273,28.57,28.57,0.0,695.203218,0.0
2019-03-09,11,0,274,0.0,0.0,0.0,0.0,0.0
2019-03-09,11,0,275,0.0,0.0,0.0,0.0,0.0
2019-03-09,11,0,276,6.39,6.39,0.0,158.711025,0.0
2019-03-09,11,0,277,7.94,7.94,0.0,215.998661,0.0
2019-03-09,11,0,278,12.7,12.7,0.0,345.489041,0.0
2019-03-09,11,0,279,264.6,264.6,0.0,7198.141761,0.0
2019-03-09,11,0,281,52.29,52.29,0.0,-52290.0,0.0
2019-03-09,11,0,282,312.6,312.6,0.0,-312600.0,0.0
2019-03-09,12,0,9,4.01,4.01,0.0,-1978.811138,0.0
2019-03-09,12,0,17,56.7,56.7,0.0,841.909489,0.0
2019-03-09,12,0,19,141.76,141.76,0.0,2104.922206,0.0
2019-03-09,12,0,20,171.93,171.93,0.0,2552.901206,0.0
2019-03-09,12,0,21,91.66,91.66,0.0,-45231.37879,0.0
2019-03-09,12,0,22,325.77,325.77,0.0,-160757.43256,0.0
2019-03-09,12,0,23,46.17,46.17,0.0,-22783.468893,0.0
2019-03-09,12,0,24,77.3,77.3,0.0,-38145.162344,0.0
2019-03-09,12,0,29,5.85,5.85,0.0,18.260213,0.0
2019-03-09,12,0,30,743.06,743.06,0.0,-743060.0,0.0
2019-03-09,12,0,31,125.0,125.0,0.0,-125000.0,0.0
2019-03-09,12,0,32,6.33,6.33,0.0,255.517568,0.0
2019-03-09,12,0,33,3.05,3.05,0.0,161.642244,0.0
2019-03-09,12,0,34,4.89,4.89,0.0,259.157565,0.0
2019-03-09,12,0,35,4.89,4.89,0.0,259.157565,0.0
2019-03-09,12,0,36,12.64,12.64,0.0,-596.766249,0.0
2019-03-09,12,0,37,5.98,5.98,0.0,-289.7443,0.0
2019-03-09,12,0,38,7.68,7.68,0.0,-372.113081,0.0
2019-03-09,12,0,39,5.12,5.12,0.0,-248.075388,0.0
2019-03-09,12,0,40,5.12,5.12,0.0,-248.075388,0.0
2019-03-09,12,0,41,34.8,34.8,0.0,-4277.668551,0.0
2019-03-09,12,0,42,78.51,78.51,0.0,516.527778,0.0
2019-03-09,12,0,43,37.21,37.21,0.0,-1554.806827,0.0
2019-03-09,12,0,46,32.81,32.81,0.0,-1998.893065,0.0
2019-03-09,12,0,52,132.5,132.5,0.0,-132500.0,0.0
2019-03-09,12,0,53,210.5,210.5,0.0,-210500.0,0.0
2019-03-09,12,0,55,623.0,623.0,0.0,-307431.256668,0.0
2019-03-09,12,0,56,219.18,219.18,0.0,-219180.0,0.0
2019-03-09,12,0,57,208.49,208.49,0.0,-208490.0,0.0
2019-03-09,12,0,58,400.93,400.93,0.0,-400930.0,0.0
2019-03-09,12,0,59,394.25,394.25,0.0,-394250.0,0.0
2019-03-09,12,0,63,0.0,0.0,0.0,0.0,0.0
2019-03-09,12,0,64,0.0,0.0,0.0,0.0,0.0
2019-03-09,12,0,65,41.4,41.4,0.0,551.13168,0.0
2019-03-09,12,0,67,428.74,428.74,0.0,-228743.678685,0.0
2019-03-09,12,0,68,34.0,34.0,0.0,-12960.735611,0.0
2019-03-09,12,0,69,3.05,3.05,0.0,161.642244,0.0
2019-03-09,12,0,74,0.0,0.0,0.0,-0.0,0.0
2019-03-09,12,0,77,60.0,60.0,0.0,-14817.568598,0.0
2019-03-09,12,0,78,45.36,45.36,0.0,-11202.08186,0.0
2019-03-09,12,0,79,26.25,26.25,0.0,-6482.686262,0.0
2019-03-09,12,0,80,42.45,42.45,0.0,-10483.429783,0.0
2019-03-09,12,0,81,55.5,55.5,0.0,-13706.250953,0.0
2019-03-09,12,0,82,39.15,39.15,0.0,-9668.46351,0.0
2019-03-09,12,0,83,87.3,87.3,0.0,-21559.56231,0.0
2019-03-09,12,0,84,0.0,0.0,0.0,-0.0,0.0
2019-03-09,12,0,86,15.47,15.47,0.0,819.870661,0.0
2019-03-09,12,0,87,78.98,78.98,0.0,4185.73916,0.0
2019-03-09,12,0,88,51.18,51.18,0.0,-12639.386014,0.0
2019-03-09,12,0,89,49.2,49.2,0.0,-12150.40625,0.0
2019-03-09,12,0,90,66.06,66.06,0.0,-16314.143027,0.0
2019-03-09,12,0,91,235.65,235.65,0.0,-58196.000669,0.0
2019-03-09,12,0,92,84.75,84.75,0.0,-20929.815645,0.0
2019-03-09,12,0,95,120.0,120.0,0.0,3049.643213,0.0
2019-03-09,12,0,96,29.88,29.88,0.0,-4146.641317,0.0
2019-03-09,12,0,97,183.76,183.76,0.0,-25501.566546,0.0
2019-03-09,12,0,99,0.0,0.0,0.0,-0.0,0.0
2019-03-09,12,0,101,14.97,14.97,0.0,-14970.0,0.0
2019-03-09,12,0,102,80.5,80.5,0.0,-30686.447549,0.0
2019-03-09,12,0,103,70.0,70.0,0.0,-26683.867434,0.0
2019-03-09,12,0,104,13.0,13.0,0.0,-4955.575381,0.0
2019-03-09,12,0,106,320.69,320.69,0.0,-158250.609472,0.0
2019-03-09,12,0,109,60.0,60.0,0.0,-4722.496385,0.0
2019-03-09,12,0,110,338.6,338.6,0.0,-338600.0,0.0
2019-03-09,12,0,111,20.09,20.09,0.0,-2469.493137,0.0
2019-03-09,12,0,113,45.0,45.0,0.0,-10813.995106,0.0
2019-03-09,12,0,115,45.0,45.0,0.0,-10813.995106,0.0
2019-03-09,12,0,116,155.59,155.59,0.0,-155590.0,0.0
2019-03-09,12,0,117,3.0,3.0,0.0,-720.933007,0.0
2019-03-09,12,0,119,0.0,0.0,0.0,0.0,0.0
2019-03-09,12,0,120,0.0,0.0,0.0,0.0,0.0
2019-03-09,12,0,123,5.34,5.34,0.0,-2635.125057,0.0
2019-03-09,12,0,125,70.73,70.73,0.0,-34903.07028,0.0
2019-03-09,12,0,126,240.52,240.52,0.0,-118689.190777,0.0
2019-03-09,12,0,127,308.67,308.67,0.0,-152319.110748,0.0
2019-03-09,12,0,128,96.96,96.96,0.0,-47846.765083,0.0
2019-03-09,12,0,131,30.0,30.0,0.0,-10215.485359,0.0
2019-03-09,12,0,132,44.1,44.1,0.0,-15016.763478,0.0
2019-03-09,12,0,133,28.82,28.82,0.0,432.10457,0.0
2019-03-09,12,0,134,0.0,0.0,0.0,0.0,0.0
2019-03-09,12,0,135,38.61,38.61,0.0,578.888183,0.0
2019-03-09,12,0,136,45.9,45.9,0.0,607.166524,0.0
2019-03-09,12,0,139,44.94,44.94,0.0,-5524.092663,0.0
2019-03-09,12,0,140,250.6,250.6,0.0,-250600.0,0.0
2019-03-09,12,0,141,230.0,230.0,0.0,-122710.841297,0.0
2019-03-09,12,0,142,565.41,565.41,0.0,-301660.594686,0.0
2019-03-09,12,0,143,238.5,238.5,0.0,-238500.0,0.0
2019-03-09,12,0,145,56.25,56.25,0.0,-7868.082679,0.0
2019-03-09,12,0,146,268.0,268.0,0.0,-268000.0,0.0
2019-03-09,12,0,152,9.29,9.29,0.0,-267.326544,0.0
2019-03-09,12,0,153,11.62,11.62,0.0,-357.277323,0.0
2019-03-09,12,0,154,82.88,82.88,0.0,-10187.734755,0.0
2019-03-09,12,0,157,250.0,250.0,0.0,-133381.349236,0.0
2019-03-09,12,0,158,414.35,414.35,0.0,-221066.248223,0.0
2019-03-09,12,0,159,0.0,0.0,0.0,-0.0,0.0
2019-03-09,12,0,160,2.92,2.92,0.0,-57.082826,0.0
2019-03-09,12,0,161,79.72,79.72,0.0,-30389.113027,0.0
2019-03-09,12,0,162,162.5,162.5,0.0,4272.834609,0.0
2019-03-09,12,0,163,185.4,185.4,0.0,-185400.0,0.0
2019-03-09,12,0,164,27.89,27.89,0.0,-27890.0,0.0
2019-03-09,12,0,167,7.46,7.46,0.0,167.867932,0.0
2019-03-09,12,0,168,3.73,3.73,0.0,83.933966,0.0
2019-03-09,12,0,169,0.0,0.0,0.0,0.0,0.0
2019-03-09,12,0,170,8.15,8.15,0.0,183.394591,0.0
2019-03-09,12,0,172,8.63,8.63,0.0,57.151409,0.0
2019-03-09,12,0,173,13.15,13.15,0.0,87.084708,0.0
2019-03-09,12,0,188,12.63,12.63,0.0,268.691666,0.0
2019-03-09,12,0,190,12.11,12.11,0.0,392.697717,0.0
2019-03-09,12,0,191,31.28,31.28,0.0,1014.333987,0.0
2019-03-09,12,0,192,332.6,332.6,0.0,10785.405497,0.0
2019-03-09,12,0,194,52.95,52.95,0.0,-6392.222205,0.0
2019-03-09,12,0,196,8.42,8.42,0.0,2328.266275,0.0
2019-03-09,12,0,198,11.35,11.35,0.0,138.441123,0.0
2019-03-09,12,0,199,113.69,113.69,0.0,-17383.929643,0.0
2019-03-09,12,0,200,15.23,15.23,0.0,-2328.76461,0.0
2019-03-09,12,0,204,257.1,257.1,0.0,-21466.961873,0.0
2019-03-09,12,0,205,317.4,317.4,0.0,-24982.005876,0.0
2019-03-09,12,0,206,539.95,539.95,0.0,-74932.362085,0.0
2019-03-09,12,0,210,2.24,2.24,0.0,-1.635303,0.0
2019-03-09,12,0,214,15.32,15.32,0.0,1157.783403,0.0
2019-03-09,12,0,217,9.17,9.17,0.0,464.624112,0.0
2019-03-09,12,0,218,12.66,12.66,0.0,641.454881,0.0
2019-03-09,12,0,219,8.62,8.62,0.0,436.756799,0.0
2019-03-09,12,0,221,8.17,8.17,0.0,617.434099,0.0
2019-03-09,12,0,225,5.76,5.76,0.0,20.121696,0.0
2019-03-09,12,0,233,8.75,8.75,0.0,463.727749,0.0
2019-03-09,12,0,236,3.45,3.45,0.0,-21.311669,0.0
2019-03-09,12,0,237,0.0,0.0,0.0,-0.0,0.0
2019-03-09,12,0,238,102.18,102.18,0.0,672.25587,0.0
2019-03-09,12,0,240,14.32,14.32,0.0,-676.083282,0.0
2019-03-09,12,0,245,68.88,68.88,0.0,1411.85413,0.0
2019-03-09,12,0,247,114.86,114.86,0.0,2354.320055,0.0
2019-03-09,12,0,248,0.0,0.0,0.0,-0.0,0.0
2019-03-09,12,0,249,132.47,132.47,0.0,2715.277535,0.0
2019-03-09,12,0,251,326.4,326.4,0.0,3521.949055,0.0
2019-03-09,12,0,252,267.06,267.06,0.0,3555.198704,0.0
2019-03-09,12,0,254,20.18,20.18,0.0,-730.615205,0.0
2019-03-09,12,0,255,9.25,9.25,0.0,-334.895473,0.0
2019-03-09,12,0,258,17.53,17.53,0.0,-812.267879,0.0
2019-03-09,12,0,260,7.1,7.1,0.0,-138.797283,0.0
2019-03-09,12,0,265,85.81,85.81,0.0,-10547.89478,0.0
2019-03-09,12,0,266,29.1,29.1,0.0,-3577.015943,0.0
2019-03-09,12,0,267,35.76,35.76,0.0,-4395.6732,0.0
2019-03-09,12,0,270,579.0,579.0,0.0,-579000.0,0.0
2019-03-09,12,0,272,150.39,150.39,0.0,-36140.371645,0.0
2019-03-09,12,0,273,37.21,37.21,0.0,-37210.0,0.0
2019-03-09,12,0,274,746.4,746.4,0.0,-746400.0,0.0
2019-03-09,12,0,275,1039.0,1039.0,0.0,-1039000.0,0.0
2019-03-09,12,0,276,8.35,8.35,0.0,-7480.314664,0.0
2019-03-09,12,0,277,10.31,10.31,0.0,-2505.08754,0.0
2019-03-09,12,0,278,16.5,16.5,0.0,-4009.111969,0.0
2019-03-09,12,0,279,264.6,264.6,0.0,-64291.577399,0.0
2019-03-09,12,0,281,56.1,56.1,0.0,-56100.0,0.0
2019-03-09,12,0,282,407.61,407.61,0.0,-407610.0,0.0
2019-03-09,13,0,9,4.57,4.57,0.0,-2196.226451,0.0
2019-03-09,13,0,17,63.22,63.22,0.0,5096.96029,0.0
2019-03-09,13,0,19,146.03,146.03,0.0,11773.317164,0.0
2019-03-09,13,0,20,177.11,177.11,0.0,14279.067335,0.0
2019-03-09,13,0,21,104.54,104.54,0.0,-50239.28078,0.0
2019-03-09,13,0,22,371.53,371.53,0.0,-178547.924128,0.0
2019-03-09,13,0,23,90.35,90.35,0.0,-43419.925564,0.0
2019-03-09,13,0,24,157.79,157.79,0.0,-75829.884392,0.0
2019-03-09,13,0,29,9.79,9.79,0.0,30.879061,0.0
2019-03-09,13,0,30,846.66,846.66,0.0,-846660.0,0.0
2019-03-09,13,0,31,125.0,125.0,0.0,-125000.0,0.0
2019-03-09,13,0,32,7.86,7.86,0.0,189.470763,0.0
2019-03-09,13,0,33,3.39,3.39,0.0,441.678057,0.0
2019-03-09,13,0,34,5.42,5.42,0.0,706.163737,0.0
2019-03-09,13,0,35,5.42,5.42,0.0,706.163737,0.0
2019-03-09,13,0,36,14.07,14.07,0.0,-44.947808,0.0
2019-03-09,13,0,37,6.58,6.58,0.0,-34.892904,0.0
2019-03-09,13,0,38,8.46,8.46,0.0,-44.862305,0.0
2019-03-09,13,0,39,5.64,5.64,0.0,-29.908203,0.0
2019-03-09,13,0,40,5.64,5.64,0.0,-29.908203,0.0
2019-03-09,13,0,41,34.8,34.8,0.0,-3137.108718,0.0
2019-03-09,13,0,42,87.0,87.0,0.0,6077.5383,0.0
2019-03-09,13,0,43,43.75,43.75,0.0,29.476185,0.0
2019-03-09,13,0,46,39.85,39.85,0.0,-824.026937,0.0
2019-03-09,13,0,52,132.5,132.5,0.0,-132500.0,0.0
2019-03-09,13,0,53,210.5,210.5,0.0,-210500.0,0.0
2019-03-09,13,0,55,623.0,623.0,0.0,-299398.047887,0.0
2019-03-09,13,0,56,249.73,249.73,0.0,-249730.0,0.0
2019-03-09,13,0,57,237.55,237.55,0.0,-237550.0,0.0
2019-03-09,13,0,58,456.83,456.83,0.0,-456830.0,0.0
2019-03-09,13,0,59,449.22,449.22,0.0,-449220.0,0.0
2019-03-09,13,0,63,51.0,51.0,0.0,5416.399977,0.0
2019-03-09,13,0,64,60.0,60.0,0.0,6372.235267,0.0
2019-03-09,13,0,65,41.4,41.4,0.0,3254.980207,0.0
2019-03-09,13,0,67,488.58,488.58,0.0,-260714.498649,0.0
2019-03-09,13,0,68,34.0,34.0,0.0,-12964.858367,0.0
2019-03-09,13,0,69,3.39,3.39,0.0,441.678057,0.0
2019-03-09,13,0,74,20.6,20.6,0.0,471.692509,0.0
2019-03-09,13,0,77,60.0,60.0,0.0,-14743.339021,0.0
2019-03-09,13,0,78,45.36,45.36,0.0,-11145.9643,0.0
2019-03-09,13,0,79,26.25,26.25,0.0,-6450.210822,0.0
2019-03-09,13,0,80,42.45,42.45,0.0,-10430.912358,0.0
2019-03-09,13,0,81,55.5,55.5,0.0,-13637.588595,0.0
2019-03-09,13,0,82,39.15,39.15,0.0,-9620.028712,0.0
2019-03-09,13,0,83,87.3,87.3,0.0,-21451.558276,0.0
2019-03-09,13,0,84,0.0,0.0,0.0,-0.0,0.0
2019-03-09,13,0,86,17.16,17.16,0.0,2235.750871,0.0
2019-03-09,13,0,87,87.62,87.62,0.0,11415.879448,0.0
2019-03-09,13,0,88,51.18,51.18,0.0,-12576.068185,0.0
2019-03-09,13,0,89,49.2,49.2,0.0,-12089.537998,0.0
2019-03-09,13,0,90,66.06,66.06,0.0,-16232.416263,0.0
2019-03-09,13,0,91,235.65,235.65,0.0,-57904.464007,0.0
2019-03-09,13,0,92,84.75,84.75,0.0,-20824.966368,0.0
2019-03-09,13,0,95,0.0,0.0,0.0,0.0,0.0
2019-03-09,13,0,96,29.88,29.88,0.0,-3506.942532,0.0
2019-03-09,13,0,97,183.75,183.75,0.0,-21566.288163,0.0
2019-03-09,13,0,99,3.98,3.98,0.0,91.132825,0.0
2019-03-09,13,0,101,17.05,17.05,0.0,-17050.0,0.0
2019-03-09,13,0,102,80.5,80.5,0.0,-30696.20878,0.0
2019-03-09,13,0,103,70.0,70.0,0.0,-26692.355461,0.0
2019-03-09,13,0,104,13.0,13.0,0.0,-4957.151729,0.0
2019-03-09,13,0,106,365.74,365.74,0.0,-175765.396524,0.0
2019-03-09,13,0,109,60.0,60.0,0.0,-2390.605732,0.0
2019-03-09,13,0,110,338.6,338.6,0.0,-338600.0,0.0
2019-03-09,13,0,111,23.71,23.71,0.0,-2137.380681,0.0
2019-03-09,13,0,113,45.0,45.0,0.0,-10963.028873,0.0
2019-03-09,13,0,115,45.0,45.0,0.0,-10963.028873,0.0
2019-03-09,13,0,116,178.08,178.08,0.0,-178080.0,0.0
2019-03-09,13,0,117,3.0,3.0,0.0,-730.868592,0.0
2019-03-09,13,0,119,60.0,60.0,0.0,6372.235267,0.0
2019-03-09,13,0,120,35.28,35.28,0.0,3746.874337,0.0
2019-03-09,13,0,123,6.1,6.1,0.0,-2931.505766,0.0
2019-03-09,13,0,125,143.27,143.27,0.0,-68851.93952,0.0
2019-03-09,13,0,126,274.31,274.31,0.0,-131826.450266,0.0
2019-03-09,13,0,127,352.03,352.03,0.0,-169176.717171,0.0
2019-03-09,13,0,128,202.25,202.25,0.0,-97196.236252,0.0
2019-03-09,13,0,131,30.0,30.0,0.0,-10219.36224,0.0
2019-03-09,13,0,132,44.1,44.1,0.0,-15022.462493,0.0
2019-03-09,13,0,133,33.54,33.54,0.0,2710.401333,0.0
2019-03-09,13,0,134,0.0,0.0,0.0,0.0,0.0
2019-03-09,13,0,135,44.95,44.95,0.0,3632.454977,0.0
2019-03-09,13,0,136,45.9,45.9,0.0,3603.743066,0.0
2019-03-09,13,0,139,44.94,44.94,0.0,-4051.197293,0.0
2019-03-09,13,0,140,250.6,250.6,0.0,-250600.0,0.0
2019-03-09,13,0,141,230.0,230.0,0.0,-122731.865179,0.0
2019-03-09,13,0,142,644.31,644.31,0.0,-343814.643712,0.0
2019-03-09,13,0,143,238.5,238.5,0.0,-238500.0,0.0
2019-03-09,13,0,145,100.0,100.0,0.0,-11243.713794,0.0
2019-03-09,13,0,146,268.0,268.0,0.0,-268000.0,0.0
2019-03-09,13,0,152,10.43,10.43,0.0,245.339185,0.0
2019-03-09,13,0,153,12.97,12.97,0.0,271.545017,0.0
2019-03-09,13,0,154,97.79,97.79,0.0,-8815.455792,0.0
2019-03-09,13,0,157,250.0,250.0,0.0,-133404.201282,0.0
2019-03-09,13,0,158,483.29,483.29,0.0,-257891.66575,0.0
2019-03-09,13,0,159,0.0,0.0,0.0,0.0,0.0
2019-03-09,13,0,160,3.49,3.49,0.0,78.63748,0.0
2019-03-09,13,0,161,90.84,90.84,0.0,-34639.051001,0.0
2019-03-09,13,0,162,162.5,162.5,0.0,4522.421841,0.0
2019-03-09,13,0,163,104.55,104.55,0.0,-104550.0,0.0
2019-03-09,13,0,164,30.32,30.32,0.0,-30320.0,0.0
2019-03-09,13,0,167,9.26,9.26,0.0,228.129353,0.0
2019-03-09,13,0,168,4.63,4.63,0.0,114.064676,0.0
2019-03-09,13,0,169,0.0,0.0,0.0,0.0,0.0
2019-03-09,13,0,170,10.13,10.13,0.0,249.562672,0.0
2019-03-09,13,0,172,11.98,11.98,0.0,43.533774,0.0
2019-03-09,13,0,173,18.25,18.25,0.0,66.318144,0.0
2019-03-09,13,0,188,15.9,15.9,0.0,142.134979,0.0
2019-03-09,13,0,190,13.98,13.98,0.0,453.337249,0.0
2019-03-09,13,0,191,36.12,36.12,0.0,1171.283363,0.0
2019-03-09,13,0,192,332.6,332.6,0.0,10785.405497,0.0
2019-03-09,13,0,194,52.95,52.95,0.0,-6793.496476,0.0
2019-03-09,13,0,196,9.71,9.71,0.0,2573.085635,0.0
2019-03-09,13,0,198,14.42,14.42,0.0,694.177409,0.0
2019-03-09,13,0,199,73.53,73.53,0.0,-12979.522044,0.0
2019-03-09,13,0,200,27.41,27.41,0.0,-4838.415602,0.0
2019-03-09,13,0,204,257.1,257.1,0.0,-11791.11966,0.0
2019-03-09,13,0,205,317.4,317.4,0.0,-12646.30432,0.0
2019-03-09,13,0,206,539.94,539.94,0.0,-63371.437447,0.0
2019-03-09,13,0,210,2.83,2.83,0.0,-4.414099,0.0
2019-03-09,13,0,214,15.62,15.62,0.0,2494.481391,0.0
2019-03-09,13,0,217,10.72,10.72,0.0,1081.486576,0.0
2019-03-09,13,0,218,14.79,14.79,0.0,1492.088289,0.0
2019-03-09,13,0,219,10.08,10.08,0.0,1016.920213,0.0
2019-03-09,13,0,221,8.33,8.33,0.0,1330.28361,0.0
2019-03-09,13,0,225,8.52,8.52,0.0,30.751902,0.0
2019-03-09,13,0,233,9.71,9.71,0.0,1265.101454,0.0
2019-03-09,13,0,236,21.6,21.6,0.0,1148.52483,0.0
2019-03-09,13,0,237,49.42,49.42,0.0,1131.604067,0.0
2019-03-09,13,0,238,113.23,113.23,0.0,7909.88117,0.0
2019-03-09,13,0,240,15.95,15.95,0.0,-50.953628,0.0
2019-03-09,13,0,245,78.0,78.0,0.0,6862.186144,0.0
2019-03-09,13,0,247,164.24,164.24,0.0,14449.300671,0.0
2019-03-09,13,0,248,4.96,4.96,0.0,113.572565,0.0
2019-03-09,13,0,249,150.0,150.0,0.0,13196.511816,0.0
2019-03-09,13,0,251,326.4,326.4,0.0,24590.726684,0.0
2019-03-09,13,0,252,267.06,267.06,0.0,20996.981016,0.0
2019-03-09,13,0,254,24.47,24.47,0.0,150.706086,0.0
2019-03-09,13,0,255,11.21,11.21,0.0,69.040263,0.0
2019-03-09,13,0,258,19.9,19.9,0.0,-51.139389,0.0
2019-03-09,13,0,260,8.48,8.48,0.0,191.073304,0.0
2019-03-09,13,0,265,101.24,101.24,0.0,-9126.46226,0.0
2019-03-09,13,0,266,29.1,29.1,0.0,-2623.271945,0.0
2019-03-09,13,0,267,35.76,35.76,0.0,-3223.649648,0.0
2019-03-09,13,0,270,325.32,325.32,0.0,-325320.0,0.0
2019-03-09,13,0,272,150.39,150.39,0.0,-36638.442493,0.0
2019-03-09,13,0,273,42.59,42.59,0.0,-42590.0,0.0
2019-03-09,13,0,274,419.18,419.18,0.0,-419180.0,0.0
2019-03-09,13,0,275,583.24,583.24,0.0,-583240.0,0.0
2019-03-09,13,0,276,9.63,9.63,0.0,-8627.194174,0.0
2019-03-09,13,0,277,12.0,12.0,0.0,-2933.574822,0.0
2019-03-09,13,0,278,19.2,19.2,0.0,-4693.719715,0.0
2019-03-09,13,0,279,378.16,378.16,0.0,-92446.721225,0.0
2019-03-09,13,0,281,56.1,56.1,0.0,-56100.0,0.0
2019-03-09,13,0,282,464.44,464.44,0.0,-464440.0,0.0
2019-03-09,14,0,9,4.76,4.76,0.0,-2729.918729,0.0
2019-03-09,14,0,17,64.62,64.62,0.0,-21.400416,0.0
2019-03-09,14,0,19,108.47,108.47,0.0,-35.922364,0.0
2019-03-09,14,0,20,131.55,131.55,0.0,-43.565843,0.0
2019-03-09,14,0,21,108.86,108.86,0.0,-62432.553119,0.0
2019-03-09,14,0,22,386.89,386.89,0.0,-221886.188463,0.0
2019-03-09,14,0,23,42.61,42.61,0.0,-24437.360724,0.0
2019-03-09,14,0,24,73.27,73.27,0.0,-42021.249008,0.0
2019-03-09,14,0,29,9.83,9.83,0.0,49.865676,0.0
2019-03-09,14,0,30,905.08,905.08,0.0,-905080.0,0.0
2019-03-09,14,0,31,125.0,125.0,0.0,-125000.0,0.0
2019-03-09,14,0,32,7.86,7.86,0.0,263.203288,0.0
2019-03-09,14,0,33,3.45,3.45,0.0,27.291912,0.0
2019-03-09,14,0,34,5.51,5.51,0.0,43.587953,0.0
2019-03-09,14,0,35,5.51,5.51,0.0,43.587953,0.0
2019-03-09,14,0,36,14.63,14.63,0.0,-85.42987,0.0
2019-03-09,14,0,37,6.67,6.67,0.0,-9.550259,0.0
2019-03-09,14,0,38,8.58,8.58,0.0,-12.285041,0.0
2019-03-09,14,0,39,5.72,5.72,0.0,-8.190027,0.0
2019-03-09,14,0,40,5.72,5.72,0.0,-8.190027,0.0
2019-03-09,14,0,41,34.8,34.8,0.0,-7188.75343,0.0
2019-03-09,14,0,42,90.04,90.04,0.0,-190.679714,0.0
2019-03-09,14,0,43,44.95,44.95,0.0,321.805421,0.0
2019-03-09,14,0,46,40.6,40.6,0.0,1355.232288,0.0
2019-03-09,14,0,52,132.5,132.5,0.0,-132500.0,0.0
2019-03-09,14,0,53,210.5,210.5,0.0,-210500.0,0.0
2019-03-09,14,0,55,623.0,623.0,0.0,-357298.186596,0.0
2019-03-09,14,0,56,266.97,266.97,0.0,-266970.0,0.0
2019-03-09,14,0,57,253.94,253.94,0.0,-253940.0,0.0
2019-03-09,14,0,58,488.35,488.35,0.0,-488350.0,0.0
2019-03-09,14,0,59,480.21,480.21,0.0,-480210.0,0.0
2019-03-09,14,0,63,51.0,51.0,0.0,5480.147517,0.0
2019-03-09,14,0,64,60.0,60.0,0.0,6447.232373,0.0
2019-03-09,14,0,65,41.4,41.4,0.0,-27.450111,0.0
2019-03-09,14,0,67,498.41,498.41,0.0,-276913.513109,0.0
2019-03-09,14,0,68,19.16,19.16,0.0,-7864.662029,0.0
2019-03-09,14,0,69,3.45,3.45,0.0,27.291912,0.0
2019-03-09,14,0,74,15.49,15.49,0.0,-408.652369,0.0
2019-03-09,14,0,77,60.0,60.0,0.0,-17315.8264,0.0
2019-03-09,14,0,78,45.36,45.36,0.0,-13090.764758,0.0
2019-03-09,14,0,79,26.25,26.25,0.0,-7575.67405,0.0
2019-03-09,14,0,80,42.45,42.45,0.0,-12250.947178,0.0
2019-03-09,14,0,81,55.5,55.5,0.0,-16017.13942,0.0
2019-03-09,14,0,82,39.15,39.15,0.0,-11298.576726,0.0
2019-03-09,14,0,83,87.3,87.3,0.0,-25194.527412,0.0
2019-03-09,14,0,84,0.0,0.0,0.0,-0.0,0.0
2019-03-09,14,0,86,17.46,17.46,0.0,138.120808,0.0
2019-03-09,14,0,87,89.14,89.14,0.0,705.159729,0.0
2019-03-09,14,0,88,51.18,51.18,0.0,-14770.399919,0.0
2019-03-09,14,0,89,49.2,49.2,0.0,-14198.977648,0.0
2019-03-09,14,0,90,66.06,66.06,0.0,-19064.724866,0.0
2019-03-09,14,0,91,235.65,235.65,0.0,-68007.908186,0.0
2019-03-09,14,0,92,84.75,84.75,0.0,-24458.60479,0.0
2019-03-09,14,0,95,120.0,120.0,0.0,3049.643213,0.0
2019-03-09,14,0,96,31.39,31.39,0.0,-8575.888403,0.0
2019-03-09,14,0,97,210.51,210.51,0.0,-57512.273581,0.0
2019-03-09,14,0,99,2.99,2.99,0.0,-78.881251,0.0
2019-03-09,14,0,101,18.23,18.23,0.0,-18230.0,0.0
2019-03-09,14,0,102,45.25,45.25,0.0,-18573.901712,0.0
2019-03-09,14,0,103,39.36,39.36,0.0,-16156.215942,0.0
2019-03-09,14,0,104,7.37,7.37,0.0,-3025.185759,0.0
2019-03-09,14,0,106,380.86,380.86,0.0,-218427.909064,0.0
2019-03-09,14,0,109,60.0,60.0,0.0,256.28279,0.0
2019-03-09,14,0,110,338.6,338.6,0.0,-338600.0,0.0
2019-03-09,14,0,111,24.87,24.87,0.0,-5137.479822,0.0
2019-03-09,14,0,113,45.0,45.0,0.0,-11813.319774,0.0
2019-03-09,14,0,115,45.0,45.0,0.0,-11813.319774,0.0
2019-03-09,14,0,116,185.96,185.96,0.0,-185960.0,0.0
2019-03-09,14,0,117,3.0,3.0,0.0,-787.554652,0.0
2019-03-09,14,0,119,60.0,60.0,0.0,6447.232373,0.0
2019-03-09,14,0,120,35.28,35.28,0.0,3790.972635,0.0
2019-03-09,14,0,123,6.35,6.35,0.0,-3641.803347,0.0
2019-03-09,14,0,125,66.79,66.79,0.0,-38304.889057,0.0
2019-03-09,14,0,126,285.65,285.65,0.0,-163823.79936,0.0
2019-03-09,14,0,127,366.58,366.58,0.0,-210238.152877,0.0
2019-03-09,14,0,128,92.7,92.7,0.0,-53164.593736,0.0
2019-03-09,14,0,131,30.0,30.0,0.0,-11151.469715,0.0
2019-03-09,14,0,132,44.1,44.1,0.0,-16392.660482,0.0
2019-03-09,14,0,133,25.18,25.18,0.0,-7.551628,0.0
2019-03-09,14,0,134,0.0,0.0,0.0,-0.0,0.0
2019-03-09,14,0,135,33.74,33.74,0.0,-10.118821,0.0
2019-03-09,14,0,136,45.9,45.9,0.0,-31.270078,0.0
2019-03-09,14,0,139,44.94,44.94,0.0,-9283.407447,0.0
2019-03-09,14,0,140,250.6,250.6,0.0,-250600.0,0.0
2019-03-09,14,0,141,230.0,230.0,0.0,-127786.577346,0.0
2019-03-09,14,0,142,657.28,657.28,0.0,-365180.702426,0.0
2019-03-09,14,0,143,238.5,238.5,0.0,-238500.0,0.0
2019-03-09,14,0,145,56.12,56.12,0.0,-17844.368514,0.0
2019-03-09,14,0,146,268.0,268.0,0.0,-268000.0,0.0
2019-03-09,14,0,152,10.75,10.75,0.0,3.310064,0.0
2019-03-09,14,0,153,13.3,13.3,0.0,7.17631,0.0
2019-03-09,14,0,154,102.59,102.59,0.0,-21192.362482,0.0
2019-03-09,14,0,157,250.0,250.0,0.0,-138898.453637,0.0
2019-03-09,14,0,158,500.11,500.11,0.0,-277858.022594,0.0
2019-03-09,14,0,159,0.0,0.0,0.0,-0.0,0.0
2019-03-09,14,0,160,3.62,3.62,0.0,30.672062,0.0
2019-03-09,14,0,161,93.62,93.62,0.0,-38428.479078,0.0
2019-03-09,14,0,162,162.5,162.5,0.0,4262.128437,0.0
2019-03-09,14,0,163,130.61,130.61,0.0,-130610.0,0.0
2019-03-09,14,0,164,30.85,30.85,0.0,-30850.0,0.0
2019-03-09,14,0,167,9.19,9.19,0.0,210.040975,0.0
2019-03-09,14,0,168,4.6,4.6,0.0,105.134764,0.0
2019-03-09,14,0,169,0.0,0.0,0.0,0.0,0.0
2019-03-09,14,0,170,10.05,10.05,0.0,229.696605,0.0
2019-03-09,14,0,172,11.94,11.94,0.0,97.099909,0.0
2019-03-09,14,0,173,18.19,18.19,0.0,147.926913,0.0
2019-03-09,14,0,188,16.04,16.04,0.0,278.82631,0.0
2019-03-09,14,0,190,14.63,14.63,0.0,474.415161,0.0
2019-03-09,14,0,191,37.8,37.8,0.0,1225.761659,0.0
2019-03-09,14,0,192,332.6,332.6,0.0,10785.405497,0.0
2019-03-09,14,0,194,52.95,52.95,0.0,-6892.20881,0.0
2019-03-09,14,0,196,10.04,10.04,0.0,2616.058661,0.0
2019-03-09,14,0,198,14.89,14.89,0.0,155.221078,0.0
2019-03-09,14,0,199,130.0,130.0,0.0,-3786.843017,0.0
2019-03-09,14,0,200,27.9,27.9,0.0,-812.714771,0.0
2019-03-09,14,0,204,257.1,257.1,0.0,16533.235092,0.0
2019-03-09,14,0,205,317.4,317.4,0.0,1355.735957,0.0
2019-03-09,14,0,206,745.19,745.19,0.0,-203589.241128,0.0
2019-03-09,14,0,210,2.82,2.82,0.0,17.616933,0.0
2019-03-09,14,0,214,15.83,15.83,0.0,193.064064,0.0
2019-03-09,14,0,217,10.62,10.62,0.0,106.221375,0.0
2019-03-09,14,0,218,14.65,14.65,0.0,146.529486,0.0
2019-03-09,14,0,219,9.98,9.98,0.0,99.820087,0.0
2019-03-09,14,0,221,8.44,8.44,0.0,102.934978,0.0
2019-03-09,14,0,225,8.65,8.65,0.0,42.898778,0.0
2019-03-09,14,0,233,9.88,9.88,0.0,78.157708,0.0
2019-03-09,14,0,236,0.0,0.0,0.0,-0.0,0.0
2019-03-09,14,0,237,37.17,37.17,0.0,-980.607394,0.0
2019-03-09,14,0,238,117.19,117.19,0.0,-248.175874,0.0
2019-03-09,14,0,240,16.59,16.59,0.0,-96.87502,0.0
2019-03-09,14,0,245,53.76,53.76,0.0,47.804508,0.0
2019-03-09,14,0,247,63.94,63.94,0.0,56.856775,0.0
2019-03-09,14,0,248,3.73,3.73,0.0,-98.403701,0.0
2019-03-09,14,0,249,103.39,103.39,0.0,91.936534,0.0
2019-03-09,14,0,251,326.4,326.4,0.0,-394.267157,0.0
2019-03-09,14,0,252,267.06,267.06,0.0,-177.073108,0.0
2019-03-09,14,0,254,24.55,24.55,0.0,183.851389,0.0
2019-03-09,14,0,255,11.25,11.25,0.0,84.249618,0.0
2019-03-09,14,0,258,20.8,20.8,0.0,-77.791805,0.0
2019-03-09,14,0,260,8.79,8.79,0.0,74.47719,0.0
2019-03-09,14,0,265,106.22,106.22,0.0,-21942.223831,0.0
2019-03-09,14,0,266,29.1,29.1,0.0,-6011.285196,0.0
2019-03-09,14,0,267,35.76,35.76,0.0,-7387.063869,0.0
2019-03-09,14,0,270,454.05,454.05,0.0,-454050.0,0.0
2019-03-09,14,0,272,150.39,150.39,0.0,-39480.114684,0.0
2019-03-09,14,0,273,44.47,44.47,0.0,-44470.0,0.0
2019-03-09,14,0,274,605.65,605.65,0.0,-605650.0,0.0
2019-03-09,14,0,275,880.86,880.86,0.0,-880860.0,0.0
2019-03-09,14,0,276,9.96,9.96,0.0,-8971.703855,0.0
2019-03-09,14,0,277,12.4,12.4,0.0,-3384.873444,0.0
2019-03-09,14,0,278,19.85,19.85,0.0,-5418.527247,0.0
2019-03-09,14,0,279,264.6,264.6,0.0,-72228.831715,0.0
2019-03-09,14,0,281,56.1,56.1,0.0,-56100.0,0.0
2019-03-09,14,0,282,496.49,496.49,0.0,-496490.0,0.0
2019-03-09,15,0,9,4.57,4.57,0.0,-2144.215653,0.0
2019-03-09,15,0,17,62.52,62.52,0.0,1815.947176,0.0
2019-03-09,15,0,19,82.06,82.06,0.0,2383.503283,0.0
2019-03-09,15,0,20,99.52,99.52,0.0,2890.644002,0.0
2019-03-09,15,0,21,104.44,104.44,0.0,-49002.60018,0.0
2019-03-09,15,0,22,371.19,371.19,0.0,-174160.045584,0.0
2019-03-09,15,0,23,32.64,32.64,0.0,-15314.485541,0.0
2019-03-09,15,0,24,57.75,57.75,0.0,-27095.941788,0.0
2019-03-09,15,0,29,9.0,9.0,0.0,50.280159,0.0
2019-03-09,15,0,30,878.14,878.14,0.0,-878140.0,0.0
2019-03-09,15,0,31,125.0,125.0,0.0,-125000.0,0.0
2019-03-09,15,0,32,7.41,7.41,0.0,256.64891,0.0
2019-03-09,15,0,33,3.39,3.39,0.0,93.484808,0.0
2019-03-09,15,0,34,5.42,5.42,0.0,149.465386,0.0
2019-03-09,15,0,35,5.42,5.42,0.0,149.465386,0.0
2019-03-09,15,0,36,14.14,14.14,0.0,109.375416,0.0
2019-03-09,15,0,37,6.47,6.47,0.0,18.758306,0.0
2019-03-09,15,0,38,8.32,8.32,0.0,24.121964,0.0
2019-03-09,15,0,39,5.55,5.55,0.0,16.090974,0.0
2019-03-09,15,0,40,5.55,5.55,0.0,16.090974,0.0
2019-03-09,15,0,41,57.44,57.44,0.0,-15283.281009,0.0
2019-03-09,15,0,42,86.51,86.51,0.0,2540.30868,0.0
2019-03-09,15,0,43,42.49,42.49,0.0,77.585419,0.0
2019-03-09,15,0,46,39.05,39.05,0.0,-636.036643,0.0
2019-03-09,15,0,52,132.5,132.5,0.0,-132500.0,0.0
2019-03-09,15,0,53,210.5,210.5,0.0,-210500.0,0.0
2019-03-09,15,0,55,623.0,623.0,0.0,-292307.735657,0.0
2019-03-09,15,0,56,259.02,259.02,0.0,-259020.0,0.0
2019-03-09,15,0,57,246.38,246.38,0.0,-246380.0,0.0
2019-03-09,15,0,58,473.81,473.81,0.0,-473810.0,0.0
2019-03-09,15,0,59,465.92,465.92,0.0,-465920.0,0.0
2019-03-09,15,0,63,51.0,51.0,0.0,5497.133967,0.0
2019-03-09,15,0,64,60.0,60.0,0.0,6467.216431,0.0
2019-03-09,15,0,65,24.42,24.42,0.0,710.744608,0.0
2019-03-09,15,0,67,472.28,472.28,0.0,-263044.462718,0.0
2019-03-09,15,0,68,34.0,34.0,0.0,-14018.023617,0.0
2019-03-09,15,0,69,3.39,3.39,0.0,93.484808,0.0
2019-03-09,15,0,74,20.24,20.24,0.0,860.17627,0.0
2019-03-09,15,0,77,60.0,60.0,0.0,-17471.679447,0.0
2019-03-09,15,0,78,45.36,45.36,0.0,-13208.589662,0.0
2019-03-09,15,0,79,26.25,26.25,0.0,-7643.859758,0.0
2019-03-09,15,0,80,42.45,42.45,0.0,-12361.213209,0.0
2019-03-09,15,0,81,55.5,55.5,0.0,-16161.303488,0.0
2019-03-09,15,0,82,39.15,39.15,0.0,-11400.270839,0.0
2019-03-09,15,0,83,87.3,87.3,0.0,-25421.293595,0.0
2019-03-09,15,0,84,0.0,0.0,0.0,-0.0,0.0
2019-03-09,15,0,86,17.15,17.15,0.0,472.939367,0.0
2019-03-09,15,0,87,87.57,87.57,0.0,2414.886319,0.0
2019-03-09,15,0,88,51.18,51.18,0.0,-14903.342568,0.0
2019-03-09,15,0,89,49.2,49.2,0.0,-14326.777146,0.0
2019-03-09,15,0,90,66.06,66.06,0.0,-19236.319071,0.0
2019-03-09,15,0,91,235.65,235.65,0.0,-68620.021027,0.0
2019-03-09,15,0,92,84.75,84.75,0.0,-24678.747219,0.0
2019-03-09,15,0,95,120.0,120.0,0.0,3049.643213,0.0
2019-03-09,15,0,96,29.88,29.88,0.0,-2800.777282,0.0
2019-03-09,15,0,97,183.75,183.75,0.0,-17223.655475,0.0
2019-03-09,15,0,99,3.91,3.91,0.0,166.170416,0.0
2019-03-09,15,0,101,17.69,17.69,0.0,-17690.0,0.0
2019-03-09,15,0,102,80.5,80.5,0.0,-33189.732387,0.0
2019-03-09,15,0,103,70.0,70.0,0.0,-28860.636858,0.0
2019-03-09,15,0,104,13.0,13.0,0.0,-5359.832559,0.0
2019-03-09,15,0,106,365.4,365.4,0.0,-171443.413498,0.0
2019-03-09,15,0,109,60.0,60.0,0.0,-1782.210436,0.0
2019-03-09,15,0,110,338.6,338.6,0.0,-338600.0,0.0
2019-03-09,15,0,111,24.35,24.35,0.0,-6478.897851,0.0
2019-03-09,15,0,113,45.0,45.0,0.0,-11874.858608,0.0
2019-03-09,15,0,115,45.0,45.0,0.0,-11874.858608,0.0
2019-03-09,15,0,116,178.3,178.3,0.0,-178300.0,0.0
2019-03-09,15,0,117,3.0,3.0,0.0,-791.657241,0.0
2019-03-09,15,0,119,60.0,60.0,0.0,6467.216431,0.0
2019-03-09,15,0,120,35.28,35.28,0.0,3802.723262,0.0
2019-03-09,15,0,123,6.09,6.09,0.0,-2857.390225,0.0
2019-03-09,15,0,125,52.26,52.26,0.0,-24520.067842,0.0
2019-03-09,15,0,126,274.05,274.05,0.0,-128582.560123,0.0
2019-03-09,15,0,127,351.7,351.7,0.0,-165015.458476,0.0
2019-03-09,15,0,128,74.85,74.85,0.0,-35119.155721,0.0
2019-03-09,15,0,131,73.62,73.62,0.0,-27508.648745,0.0
2019-03-09,15,0,132,108.35,108.35,0.0,-40485.765981,0.0
2019-03-09,15,0,133,18.66,18.66,0.0,541.891743,0.0
2019-03-09,15,0,134,0.0,0.0,0.0,0.0,0.0
2019-03-09,15,0,135,25.0,25.0,0.0,726.007158,0.0
2019-03-09,15,0,136,35.45,35.45,0.0,1031.888122,0.0
2019-03-09,15,0,139,74.69,74.69,0.0,-19873.054641,0.0
2019-03-09,15,0,140,250.6,250.6,0.0,-250600.0,0.0
2019-03-09,15,0,141,230.0,230.0,0.0,-128102.452836,0.0
2019-03-09,15,0,142,622.82,622.82,0.0,-346890.302935,0.0
2019-03-09,15,0,143,238.5,238.5,0.0,-238500.0,0.0
2019-03-09,15,0,145,30.0,30.0,0.0,-3287.115706,0.0
2019-03-09,15,0,146,268.0,268.0,0.0,-268000.0,0.0
2019-03-09,15,0,152,10.45,10.45,0.0,245.809634,0.0
2019-03-09,15,0,153,12.89,12.89,0.0,298.116651,0.0
2019-03-09,15,0,154,100.44,100.44,0.0,-26724.455859,0.0
2019-03-09,15,0,157,250.0,250.0,0.0,-139241.79656,0.0
2019-03-09,15,0,158,480.39,480.39,0.0,-267561.466599,0.0
2019-03-09,15,0,159,0.0,0.0,0.0,0.0,0.0
2019-03-09,15,0,160,3.46,3.46,0.0,27.606619,0.0
2019-03-09,15,0,161,89.58,89.58,0.0,-36933.369282,0.0
2019-03-09,15,0,162,162.5,162.5,0.0,4260.47788,0.0
2019-03-09,15,0,163,142.89,142.89,0.0,-142890.0,0.0
2019-03-09,15,0,164,30.11,30.11,0.0,-30110.0,0.0
2019-03-09,15,0,167,8.47,8.47,0.0,193.323907,0.0
2019-03-09,15,0,168,4.24,4.24,0.0,96.776076,0.0
2019-03-09,15,0,169,0.0,0.0,0.0,0.0,0.0
2019-03-09,15,0,170,9.27,9.27,0.0,211.583544,0.0
2019-03-09,15,0,172,11.2,11.2,0.0,110.971555,0.0
2019-03-09,15,0,173,17.07,17.07,0.0,169.13254,0.0
2019-03-09,15,0,188,15.21,15.21,0.0,280.614558,0.0
2019-03-09,15,0,190,14.08,14.08,0.0,456.580004,0.0
2019-03-09,15,0,191,36.38,36.38,0.0,1179.714528,0.0
2019-03-09,15,0,192,332.6,332.6,0.0,10785.405497,0.0
2019-03-09,15,0,194,52.95,52.95,0.0,-6921.528991,0.0
2019-03-09,15,0,196,9.5,9.5,0.0,2474.342499,0.0
2019-03-09,15,0,198,14.29,14.29,0.0,126.092364,0.0
2019-03-09,15,0,199,130.0,130.0,0.0,-3838.930497,0.0
2019-03-09,15,0,200,26.55,26.55,0.0,-784.027728,0.0
2019-03-09,15,0,204,257.1,257.1,0.0,-9680.369768,0.0
2019-03-09,15,0,205,317.4,317.4,0.0,-9427.893209,0.0
2019-03-09,15,0,206,539.94,539.94,0.0,-50610.832854,0.0
2019-03-09,15,0,210,2.68,2.68,0.0,17.460447,0.0
2019-03-09,15,0,214,15.01,15.01,0.0,407.235181,0.0
2019-03-09,15,0,217,10.02,10.02,0.0,177.745753,0.0
2019-03-09,15,0,218,13.83,13.83,0.0,245.331713,0.0
2019-03-09,15,0,219,9.42,9.42,0.0,167.102295,0.0
2019-03-09,15,0,221,8.01,8.01,0.0,217.318708,0.0
2019-03-09,15,0,225,7.99,7.99,0.0,43.921232,0.0
2019-03-09,15,0,233,9.71,9.71,0.0,267.769169,0.0
2019-03-09,15,0,236,0.0,0.0,0.0,0.0,0.0
2019-03-09,15,0,237,48.55,48.55,0.0,2063.318077,0.0
2019-03-09,15,0,238,112.6,112.6,0.0,3306.424197,0.0
2019-03-09,15,0,240,16.02,16.02,0.0,123.917551,0.0
2019-03-09,15,0,245,29.1,29.1,0.0,838.903794,0.0
2019-03-09,15,0,247,16.0,16.0,0.0,461.252945,0.0
2019-03-09,15,0,248,4.87,4.87,0.0,206.96929,0.0
2019-03-09,15,0,249,55.96,55.96,0.0,1613.232176,0.0
2019-03-09,15,0,251,106.12,106.12,0.0,3098.93245,0.0
2019-03-09,15,0,252,157.5,157.5,0.0,4584.040775,0.0
2019-03-09,15,0,254,23.58,23.58,0.0,79.462951,0.0
2019-03-09,15,0,255,10.81,10.81,0.0,36.428944,0.0
2019-03-09,15,0,258,19.98,19.98,0.0,135.480234,0.0
2019-03-09,15,0,260,8.4,8.4,0.0,67.021849,0.0
2019-03-09,15,0,265,104.0,104.0,0.0,-27671.678707,0.0
2019-03-09,15,0,266,47.77,47.77,0.0,-12710.347037,0.0
2019-03-09,15,0,267,59.07,59.07,0.0,-15716.981358,0.0
2019-03-09,15,0,270,466.38,466.38,0.0,-466380.0,0.0
2019-03-09,15,0,272,150.39,150.39,0.0,-39685.777468,0.0
2019-03-09,15,0,273,42.64,42.64,0.0,-42640.0,0.0
2019-03-09,15,0,274,614.3,614.3,0.0,-614300.0,0.0
2019-03-09,15,0,275,881.73,881.73,0.0,-881730.0,0.0
2019-03-09,15,0,276,9.66,9.66,0.0,-8704.434001,0.0
2019-03-09,15,0,277,11.95,11.95,0.0,-3284.270241,0.0
2019-03-09,15,0,278,19.11,19.11,0.0,-5252.084043,0.0
2019-03-09,15,0,279,264.6,264.6,0.0,-72721.163667,0.0
2019-03-09,15,0,281,56.1,56.1,0.0,-56100.0,0.0
2019-03-09,15,0,282,481.71,481.71,0.0,-481710.0,0.0
2019-03-09,16,0,9,3.99,3.99,0.0,-1509.930018,0.0
2019-03-09,16,0,17,51.33,51.33,0.0,880.839684,0.0
2019-03-09,16,0,19,110.71,110.71,0.0,1899.820015,0.0
2019-03-09,16,0,20,139.72,139.72,0.0,2397.641157,0.0
2019-03-09,16,0,21,91.22,91.22,0.0,-34520.254702,0.0
2019-03-09,16,0,22,324.19,324.19,0.0,-122682.760053,0.0
2019-03-09,16,0,23,32.64,32.64,0.0,-12351.908721,0.0
2019-03-09,16,0,24,57.75,57.75,0.0,-21854.250264,0.0
2019-03-09,16,0,29,6.39,6.39,0.0,31.268795,0.0
2019-03-09,16,0,30,737.55,737.55,0.0,-737550.0,0.0
2019-03-09,16,0,31,125.0,125.0,0.0,-125000.0,0.0
2019-03-09,16,0,32,6.42,6.42,0.0,173.153772,0.0
2019-03-09,16,0,33,2.91,2.91,0.0,44.885708,0.0
2019-03-09,16,0,34,4.65,4.65,0.0,71.724584,0.0
2019-03-09,16,0,35,4.65,4.65,0.0,71.724584,0.0
2019-03-09,16,0,36,13.07,13.07,0.0,83.126291,0.0
2019-03-09,16,0,37,6.17,6.17,0.0,41.758769,0.0
2019-03-09,16,0,38,7.94,7.94,0.0,53.738189,0.0
2019-03-09,16,0,39,5.29,5.29,0.0,35.802899,0.0
2019-03-09,16,0,40,5.29,5.29,0.0,35.802899,0.0
2019-03-09,16,0,41,45.82,45.82,0.0,75.627381,0.0
2019-03-09,16,0,42,75.17,75.17,0.0,1318.223595,0.0
2019-03-09,16,0,43,39.78,39.78,0.0,294.05474,0.0
2019-03-09,16,0,46,34.77,34.77,0.0,271.426214,0.0
2019-03-09,16,0,52,132.5,132.5,0.0,-132500.0,0.0
2019-03-09,16,0,53,210.5,210.5,0.0,-210500.0,0.0
2019-03-09,16,0,55,623.0,623.0,0.0,-235761.002846,0.0
2019-03-09,16,0,56,217.55,217.55,0.0,-217550.0,0.0
2019-03-09,16,0,57,206.94,206.94,0.0,-206940.0,0.0
2019-03-09,16,0,58,397.96,397.96,0.0,-397960.0,0.0
2019-03-09,16,0,59,391.33,391.33,0.0,-391330.0,0.0
2019-03-09,16,0,63,51.0,51.0,0.0,5057.295852,0.0
2019-03-09,16,0,64,60.0,60.0,0.0,5949.759826,0.0
2019-03-09,16,0,65,6.68,6.68,0.0,115.097865,0.0
2019-03-09,16,0,67,409.31,409.31,0.0,-231255.663943,0.0
2019-03-09,16,0,68,34.0,34.0,0.0,-14379.830883,0.0
2019-03-09,16,0,69,2.91,2.91,0.0,44.885708,0.0
2019-03-09,16,0,74,23.49,23.49,0.0,283.44843,0.0
2019-03-09,16,0,77,60.0,60.0,0.0,-18288.552451,0.0
2019-03-09,16,0,78,45.36,45.36,0.0,-13826.145653,0.0
2019-03-09,16,0,79,26.25,26.25,0.0,-8001.241697,0.0
2019-03-09,16,0,80,42.45,42.45,0.0,-12939.150859,0.0
2019-03-09,16,0,81,55.5,55.5,0.0,-16916.911017,0.0
2019-03-09,16,0,82,39.15,39.15,0.0,-11933.280474,0.0
2019-03-09,16,0,83,87.3,87.3,0.0,-26609.843816,0.0
2019-03-09,16,0,84,0.0,0.0,0.0,0.0,0.0
2019-03-09,16,0,86,14.73,14.73,0.0,227.204973,0.0
2019-03-09,16,0,87,75.2,75.2,0.0,1159.933061,0.0
2019-03-09,16,0,88,51.18,51.18,0.0,-15600.135241,0.0
2019-03-09,16,0,89,49.2,49.2,0.0,-14996.61301,0.0
2019-03-09,16,0,90,66.06,66.06,0.0,-20135.696249,0.0
2019-03-09,16,0,91,235.65,235.65,0.0,-71828.289751,0.0
2019-03-09,16,0,92,84.75,84.75,0.0,-25832.580337,0.0
2019-03-09,16,0,95,120.0,120.0,0.0,3049.643213,0.0
2019-03-09,16,0,96,29.88,29.88,0.0,1815.708566,0.0
2019-03-09,16,0,97,183.75,183.75,0.0,11165.878478,0.0
2019-03-09,16,0,99,5.15,5.15,0.0,62.143866,0.0
2019-03-09,16,0,101,14.86,14.86,0.0,-14860.0,0.0
2019-03-09,16,0,102,80.5,80.5,0.0,-34046.364297,0.0
2019-03-09,16,0,103,70.0,70.0,0.0,-29605.534172,0.0
2019-03-09,16,0,104,13.0,13.0,0.0,-5498.170632,0.0
2019-03-09,16,0,106,319.14,319.14,0.0,-120771.695744,0.0
2019-03-09,16,0,109,60.0,60.0,0.0,470.148042,0.0
2019-03-09,16,0,110,338.6,338.6,0.0,-338600.0,0.0
2019-03-09,16,0,111,21.7,21.7,0.0,35.816547,0.0
2019-03-09,16,0,113,45.0,45.0,0.0,-12394.424153,0.0
2019-03-09,16,0,115,45.0,45.0,0.0,-12394.424153,0.0
2019-03-09,16,0,116,152.85,152.85,0.0,-152850.0,0.0
2019-03-09,16,0,117,3.0,3.0,0.0,-826.294944,0.0
2019-03-09,16,0,119,60.0,60.0,0.0,5949.759826,0.0
2019-03-09,16,0,120,35.28,35.28,0.0,3498.458778,0.0
2019-03-09,16,0,123,5.32,5.32,0.0,-2013.240024,0.0
2019-03-09,16,0,125,52.26,52.26,0.0,-19776.677382,0.0
2019-03-09,16,0,126,239.36,239.36,0.0,-90580.663951,0.0
2019-03-09,16,0,127,307.17,307.17,0.0,-116241.905689,0.0
2019-03-09,16,0,128,74.85,74.85,0.0,-28325.378913,0.0
2019-03-09,16,0,131,30.0,30.0,0.0,-11549.947946,0.0
2019-03-09,16,0,132,44.1,44.1,0.0,-16978.423481,0.0
2019-03-09,16,0,133,16.41,16.41,0.0,281.492942,0.0
2019-03-09,16,0,134,0.0,0.0,0.0,0.0,0.0
2019-03-09,16,0,135,20.86,20.86,0.0,357.827104,0.0
2019-03-09,16,0,136,13.77,13.77,0.0,237.312953,0.0
2019-03-09,16,0,139,59.67,59.67,0.0,98.487251,0.0
2019-03-09,16,0,140,250.6,250.6,0.0,-250600.0,0.0
2019-03-09,16,0,141,230.0,230.0,0.0,-129947.479189,0.0
2019-03-09,16,0,142,539.77,539.77,0.0,-304964.134096,0.0
2019-03-09,16,0,143,238.5,238.5,0.0,-238500.0,0.0
2019-03-09,16,0,145,30.0,30.0,0.0,343.394678,0.0
2019-03-09,16,0,146,268.0,268.0,0.0,-268000.0,0.0
2019-03-09,16,0,152,9.49,9.49,0.0,223.228079,0.0
2019-03-09,16,0,153,11.9,11.9,0.0,284.387485,0.0
2019-03-09,16,0,154,89.51,89.51,0.0,147.739129,0.0
2019-03-09,16,0,157,250.0,250.0,0.0,-141247.259988,0.0
2019-03-09,16,0,158,414.0,414.0,0.0,-233905.462541,0.0
2019-03-09,16,0,159,0.0,0.0,0.0,0.0,0.0
2019-03-09,16,0,160,3.1,3.1,0.0,26.226881,0.0
2019-03-09,16,0,161,76.16,76.16,0.0,-32210.821179,0.0
2019-03-09,16,0,162,162.5,162.5,0.0,4253.455654,0.0
2019-03-09,16,0,163,146.36,146.36,0.0,-146360.0,0.0
2019-03-09,16,0,164,26.43,26.43,0.0,-26430.0,0.0
2019-03-09,16,0,167,7.09,7.09,0.0,164.18979,0.0
2019-03-09,16,0,168,3.55,3.55,0.0,82.210685,0.0
2019-03-09,16,0,169,0.0,0.0,0.0,0.0,0.0
2019-03-09,16,0,170,7.76,7.76,0.0,179.70561,0.0
2019-03-09,16,0,172,9.42,9.42,0.0,90.742232,0.0
2019-03-09,16,0,173,14.35,14.35,0.0,138.232593,0.0
2019-03-09,16,0,188,13.0,13.0,0.0,176.191497,0.0
2019-03-09,16,0,190,11.86,11.86,0.0,384.590827,0.0
2019-03-09,16,0,191,30.65,30.65,0.0,993.904626,0.0
2019-03-09,16,0,192,332.6,332.6,0.0,10785.405497,0.0
2019-03-09,16,0,194,52.95,52.95,0.0,-7533.93302,0.0
2019-03-09,16,0,196,8.01,8.01,0.0,1991.847341,0.0
2019-03-09,16,0,198,13.19,13.19,0.0,131.557113,0.0
2019-03-09,16,0,199,130.0,130.0,0.0,-9511.263016,0.0
2019-03-09,16,0,200,24.31,24.31,0.0,-1778.606184,0.0
2019-03-09,16,0,204,257.1,257.1,0.0,2132.642987,0.0
2019-03-09,16,0,205,317.4,317.4,0.0,2487.083142,0.0
2019-03-09,16,0,206,539.94,539.94,0.0,32810.36422,0.0
2019-03-09,16,0,210,2.34,2.34,0.0,9.225726,0.0
2019-03-09,16,0,214,14.85,14.85,0.0,209.978974,0.0
2019-03-09,16,0,217,9.51,9.51,0.0,95.829209,0.0
2019-03-09,16,0,218,13.12,13.12,0.0,132.206017,0.0
2019-03-09,16,0,219,8.94,8.94,0.0,90.085502,0.0
2019-03-09,16,0,221,7.92,7.92,0.0,111.988786,0.0
2019-03-09,16,0,225,6.11,6.11,0.0,30.459661,0.0
2019-03-09,16,0,233,8.33,8.33,0.0,128.487266,0.0
2019-03-09,16,0,236,8.31,8.31,0.0,159.680396,0.0
2019-03-09,16,0,237,53.71,53.71,0.0,648.106223,0.0
2019-03-09,16,0,238,97.84,97.84,0.0,1715.777525,0.0
2019-03-09,16,0,240,14.82,14.82,0.0,94.256437,0.0
2019-03-09,16,0,245,13.96,13.96,0.0,235.970368,0.0
2019-03-09,16,0,247,0.0,0.0,0.0,0.0,0.0
2019-03-09,16,0,248,6.33,6.33,0.0,76.382655,0.0
2019-03-09,16,0,249,26.84,26.84,0.0,453.68515,0.0
2019-03-09,16,0,251,16.8,16.8,0.0,291.395457,0.0
2019-03-09,16,0,252,43.1,43.1,0.0,742.622452,0.0
2019-03-09,16,0,254,20.95,20.95,0.0,160.47886,0.0
2019-03-09,16,0,255,9.6,9.6,0.0,73.536852,0.0
2019-03-09,16,0,258,18.17,18.17,0.0,118.591054,0.0
2019-03-09,16,0,260,7.54,7.54,0.0,63.790542,0.0
2019-03-09,16,0,265,92.67,92.67,0.0,152.95481,0.0
2019-03-09,16,0,266,38.05,38.05,0.0,62.802747,0.0
2019-03-09,16,0,267,47.13,47.13,0.0,77.789578,0.0
2019-03-09,16,0,270,395.58,395.58,0.0,-395580.0,0.0
2019-03-09,16,0,272,150.39,150.39,0.0,-41422.165519,0.0
2019-03-09,16,0,273,36.55,36.55,0.0,-36550.0,0.0
2019-03-09,16,0,274,493.67,493.67,0.0,-493670.0,0.0
2019-03-09,16,0,275,661.83,661.83,0.0,-661830.0,0.0
2019-03-09,16,0,276,8.23,8.23,0.0,-7430.630263,0.0
2019-03-09,16,0,277,10.19,10.19,0.0,-2926.665677,0.0
2019-03-09,16,0,278,16.31,16.31,0.0,-4684.388341,0.0
2019-03-09,16,0,279,604.22,604.22,0.0,-173537.775811,0.0
2019-03-09,16,0,281,56.1,56.1,0.0,-56100.0,0.0
2019-03-09,16,0,282,404.59,404.59,0.0,-404590.0,0.0
2019-03-09,17,0,9,3.06,3.06,0.0,-1151.478566,0.0
2019-03-09,17,0,17,38.08,38.08,0.0,657.097953,0.0
2019-03-09,17,0,19,104.0,104.0,0.0,1794.59525,0.0
2019-03-09,17,0,20,125.23,125.23,0.0,2160.934261,0.0
2019-03-09,17,0,21,69.89,69.89,0.0,-26299.619924,0.0
2019-03-09,17,0,22,248.38,248.38,0.0,-93465.43993,0.0
2019-03-09,17,0,23,47.2,47.2,0.0,-17761.368728,0.0
2019-03-09,17,0,24,83.96,83.96,0.0,-31594.163526,0.0
2019-03-09,17,0,29,4.6,4.6,0.0,19.365906,0.0
2019-03-09,17,0,30,568.65,568.65,0.0,-568650.0,0.0
2019-03-09,17,0,31,125.0,125.0,0.0,-125000.0,0.0
2019-03-09,17,0,32,4.8,4.8,0.0,151.3922,0.0
2019-03-09,17,0,33,2.15,2.15,0.0,32.813195,0.0
2019-03-09,17,0,34,3.44,3.44,0.0,52.501113,0.0
2019-03-09,17,0,35,3.44,3.44,0.0,52.501113,0.0
2019-03-09,17,0,36,9.95,9.95,0.0,80.852254,0.0
2019-03-09,17,0,37,4.69,4.69,0.0,39.918152,0.0
2019-03-09,17,0,38,6.04,6.04,0.0,51.408451,0.0
2019-03-09,17,0,39,4.02,4.02,0.0,34.215559,0.0
2019-03-09,17,0,40,4.02,4.02,0.0,34.215559,0.0
2019-03-09,17,0,41,11.24,11.24,0.0,48.229143,0.0
2019-03-09,17,0,42,56.56,56.56,0.0,1000.427821,0.0
2019-03-09,17,0,43,30.48,30.48,0.0,272.226992,0.0
2019-03-09,17,0,46,26.42,26.42,0.0,255.665067,0.0
2019-03-09,17,0,52,132.5,132.5,0.0,-132500.0,0.0
2019-03-09,17,0,53,210.5,210.5,0.0,-210500.0,0.0
2019-03-09,17,0,55,623.0,623.0,0.0,-234435.015204,0.0
2019-03-09,17,0,56,167.73,167.73,0.0,-167730.0,0.0
2019-03-09,17,0,57,159.55,159.55,0.0,-159550.0,0.0
2019-03-09,17,0,58,306.82,306.82,0.0,-306820.0,0.0
2019-03-09,17,0,59,301.71,301.71,0.0,-301710.0,0.0
2019-03-09,17,0,63,95.49,95.49,0.0,9812.231707,0.0
2019-03-09,17,0,64,112.31,112.31,0.0,11540.598418,0.0
2019-03-09,17,0,65,5.17,5.17,0.0,89.627152,0.0
2019-03-09,17,0,67,309.67,309.67,0.0,-174591.214983,0.0
2019-03-09,17,0,68,19.11,19.11,0.0,-8052.108382,0.0
2019-03-09,17,0,69,2.15,2.15,0.0,32.813195,0.0
2019-03-09,17,0,74,16.9,16.9,0.0,221.401234,0.0
2019-03-09,17,0,77,60.0,60.0,0.0,-18180.021139,0.0
2019-03-09,17,0,78,45.36,45.36,0.0,-13744.095981,0.0
2019-03-09,17,0,79,26.25,26.25,0.0,-7953.759248,0.0
2019-03-09,17,0,80,42.45,42.45,0.0,-12862.364956,0.0
2019-03-09,17,0,81,55.5,55.5,0.0,-16816.519554,0.0
2019-03-09,17,0,82,39.15,39.15,0.0,-11862.463793,0.0
2019-03-09,17,0,83,87.3,87.3,0.0,-26451.930758,0.0
2019-03-09,17,0,84,0.0,0.0,0.0,0.0,0.0
2019-03-09,17,0,86,10.88,10.88,0.0,166.050031,0.0
2019-03-09,17,0,87,55.53,55.53,0.0,847.496159,0.0
2019-03-09,17,0,88,47.83,47.83,0.0,-14492.506852,0.0
2019-03-09,17,0,89,45.98,45.98,0.0,-13931.9562,0.0
2019-03-09,17,0,90,61.74,61.74,0.0,-18707.241752,0.0
2019-03-09,17,0,91,220.25,220.25,0.0,-66735.827599,0.0
2019-03-09,17,0,92,79.21,79.21,0.0,-24000.657908,0.0
2019-03-09,17,0,95,120.0,120.0,0.0,3049.643213,0.0
2019-03-09,17,0,96,24.89,24.89,0.0,1603.90361,0.0
2019-03-09,17,0,97,153.04,153.04,0.0,9861.84847,0.0
2019-03-09,17,0,99,3.44,3.44,0.0,45.066287,0.0
2019-03-09,17,0,101,11.45,11.45,0.0,-11450.0,0.0
2019-03-09,17,0,102,45.19,45.19,0.0,-19041.066342,0.0
2019-03-09,17,0,103,39.3,39.3,0.0,-16559.280974,0.0
2019-03-09,17,0,104,7.33,7.33,0.0,-3088.537647,0.0
2019-03-09,17,0,106,244.51,244.51,0.0,-92009.158214,0.0
2019-03-09,17,0,109,30.03,30.03,0.0,301.960106,0.0
2019-03-09,17,0,110,321.01,321.01,0.0,-321010.0,0.0
2019-03-09,17,0,111,16.87,16.87,0.0,72.386623,0.0
2019-03-09,17,0,113,38.84,38.84,0.0,-10612.250673,0.0
2019-03-09,17,0,115,38.84,38.84,0.0,-10612.250673,0.0
2019-03-09,17,0,116,114.98,114.98,0.0,-114980.0,0.0
2019-03-09,17,0,117,2.59,2.59,0.0,-707.665532,0.0
2019-03-09,17,0,119,112.31,112.31,0.0,11540.598418,0.0
2019-03-09,17,0,120,66.1,66.1,0.0,6792.21401,0.0
2019-03-09,17,0,123,4.08,4.08,0.0,-1535.304754,0.0
2019-03-09,17,0,125,75.89,75.89,0.0,-28557.421033,0.0
2019-03-09,17,0,126,183.38,183.38,0.0,-69005.92791,0.0
2019-03-09,17,0,127,235.34,235.34,0.0,-88558.485519,0.0
2019-03-09,17,0,128,109.23,109.23,0.0,-41103.269199,0.0
2019-03-09,17,0,131,30.0,30.0,0.0,-11499.417259,0.0
2019-03-09,17,0,132,44.1,44.1,0.0,-16904.143371,0.0
2019-03-09,17,0,133,36.9,36.9,0.0,636.457094,0.0
2019-03-09,17,0,134,0.0,0.0,0.0,0.0,0.0
2019-03-09,17,0,135,48.3,48.3,0.0,833.086114,0.0
2019-03-09,17,0,136,12.24,12.24,0.0,212.246661,0.0
2019-03-09,17,0,139,14.51,14.51,0.0,62.260219,0.0
2019-03-09,17,0,140,237.58,237.58,0.0,-237580.0,0.0
2019-03-09,17,0,141,230.0,230.0,0.0,-129673.457055,0.0
2019-03-09,17,0,142,408.37,408.37,0.0,-230238.041989,0.0
2019-03-09,17,0,143,230.43,230.43,0.0,-230430.0,0.0
2019-03-09,17,0,145,14.69,14.69,0.0,212.436376,0.0
2019-03-09,17,0,146,268.0,268.0,0.0,-268000.0,0.0
2019-03-09,17,0,152,7.16,7.16,0.0,168.420764,0.0
2019-03-09,17,0,153,9.0,9.0,0.0,214.973361,0.0
2019-03-09,17,0,154,69.59,69.59,0.0,298.600182,0.0
2019-03-09,17,0,157,250.0,250.0,0.0,-140949.409842,0.0
2019-03-09,17,0,158,329.09,329.09,0.0,-185540.16514,0.0
2019-03-09,17,0,159,0.0,0.0,0.0,0.0,0.0
2019-03-09,17,0,160,2.35,2.35,0.0,22.174681,0.0
2019-03-09,17,0,161,57.42,57.42,0.0,-24194.247164,0.0
2019-03-09,17,0,162,146.98,146.98,0.0,3846.988542,0.0
2019-03-09,17,0,163,185.4,185.4,0.0,-185400.0,0.0
2019-03-09,17,0,164,20.32,20.32,0.0,-20320.0,0.0
2019-03-09,17,0,167,5.35,5.35,0.0,122.992667,0.0
2019-03-09,17,0,168,2.68,2.68,0.0,61.61128,0.0
2019-03-09,17,0,169,0.0,0.0,0.0,0.0,0.0
2019-03-09,17,0,170,5.85,5.85,0.0,134.487309,0.0
2019-03-09,17,0,172,7.13,7.13,0.0,90.621252,0.0
2019-03-09,17,0,173,10.87,10.87,0.0,138.156102,0.0
2019-03-09,17,0,188,9.9,9.9,0.0,168.49442,0.0
2019-03-09,17,0,190,8.94,8.94,0.0,289.902361,0.0
2019-03-09,17,0,191,23.1,23.1,0.0,749.076569,0.0
2019-03-09,17,0,192,313.09,313.09,0.0,10152.743858,0.0
2019-03-09,17,0,194,48.4,48.4,0.0,-6748.221438,0.0
2019-03-09,17,0,196,6.03,6.03,0.0,1524.135415,0.0
2019-03-09,17,0,198,9.99,9.99,0.0,99.75596,0.0
2019-03-09,17,0,199,82.72,82.72,0.0,-5707.916885,0.0
2019-03-09,17,0,200,18.33,18.33,0.0,-1264.822492,0.0
2019-03-09,17,0,204,134.65,134.65,0.0,1421.416681,0.0
2019-03-09,17,0,205,158.86,158.86,0.0,1597.382033,0.0
2019-03-09,17,0,206,449.69,449.69,0.0,28977.879236,0.0
2019-03-09,17,0,210,1.72,1.72,0.0,5.691742,0.0
2019-03-09,17,0,214,11.06,11.06,0.0,153.153903,0.0
2019-03-09,17,0,217,6.99,6.99,0.0,66.977899,0.0
2019-03-09,17,0,218,9.65,9.65,0.0,92.465912,0.0
2019-03-09,17,0,219,6.57,6.57,0.0,62.953476,0.0
2019-03-09,17,0,221,5.9,5.9,0.0,81.700545,0.0
2019-03-09,17,0,225,4.47,4.47,0.0,19.207478,0.0
2019-03-09,17,0,233,6.15,6.15,0.0,93.861001,0.0
2019-03-09,17,0,236,12.1,12.1,0.0,234.196551,0.0
2019-03-09,17,0,237,41.77,41.77,0.0,547.214767,0.0
2019-03-09,17,0,238,73.61,73.61,0.0,1302.006575,0.0
2019-03-09,17,0,240,11.28,11.28,0.0,91.65964,0.0
2019-03-09,17,0,245,16.04,16.04,0.0,272.046434,0.0
2019-03-09,17,0,247,3.98,3.98,0.0,67.502794,0.0
2019-03-09,17,0,248,4.25,4.25,0.0,55.677825,0.0
2019-03-09,17,0,249,30.85,30.85,0.0,523.231452,0.0
2019-03-09,17,0,251,13.87,13.87,0.0,242.27862,0.0
2019-03-09,17,0,252,33.34,33.34,0.0,577.982445,0.0
2019-03-09,17,0,254,15.84,15.84,0.0,143.478397,0.0
2019-03-09,17,0,255,7.26,7.26,0.0,65.760932,0.0
2019-03-09,17,0,258,13.9,13.9,0.0,114.757646,0.0
2019-03-09,17,0,260,5.71,5.71,0.0,53.879758,0.0
2019-03-09,17,0,265,72.05,72.05,0.0,309.155671,0.0
2019-03-09,17,0,266,9.4,9.4,0.0,40.333981,0.0
2019-03-09,17,0,267,11.55,11.55,0.0,49.559306,0.0
2019-03-09,17,0,270,578.99,578.99,0.0,-578990.0,0.0
2019-03-09,17,0,272,129.8,129.8,0.0,-35465.245556,0.0
2019-03-09,17,0,273,27.5,27.5,0.0,-27500.0,0.0
2019-03-09,17,0,274,746.39,746.39,0.0,-746390.0,0.0
2019-03-09,17,0,275,1038.99,1038.99,0.0,-1038990.0,0.0
2019-03-09,17,0,276,6.11,6.11,0.0,-5514.917896,0.0
2019-03-09,17,0,277,7.67,7.67,0.0,-2187.218432,0.0
2019-03-09,17,0,278,12.27,12.27,0.0,-3498.97916,0.0
2019-03-09,17,0,279,243.81,243.81,0.0,-69526.170249,0.0
2019-03-09,17,0,281,56.1,56.1,0.0,-56100.0,0.0
2019-03-09,17,0,282,311.94,311.94,0.0,-311940.0,0.0
2019-03-09,18,0,9,1.86,1.86,0.0,12.998391,0.0
2019-03-09,18,0,17,23.06,23.06,0.0,263.772316,0.0
2019-03-09,18,0,19,142.22,142.22,0.0,1626.786593,0.0
2019-03-09,18,0,20,173.19,173.19,0.0,1981.037618,0.0
2019-03-09,18,0,21,42.48,42.48,0.0,296.866481,0.0
2019-03-09,18,0,22,150.96,150.96,0.0,1054.966194,0.0
2019-03-09,18,0,23,94.93,94.93,0.0,663.407133,0.0
2019-03-09,18,0,24,168.46,168.46,0.0,1177.262885,0.0
2019-03-09,18,0,29,2.76,2.76,0.0,14.698778,0.0
2019-03-09,18,0,30,358.44,358.44,0.0,2496.72541,0.0
2019-03-09,18,0,31,80.22,80.22,0.0,558.775004,0.0
2019-03-09,18,0,32,2.91,2.91,0.0,38.222654,0.0
2019-03-09,18,0,33,1.3,1.3,0.0,16.252651,0.0
2019-03-09,18,0,34,2.07,2.07,0.0,25.879221,0.0
2019-03-09,18,0,35,2.07,2.07,0.0,25.879221,0.0
2019-03-09,18,0,36,6.11,6.11,0.0,57.985421,0.0
2019-03-09,18,0,37,2.8,2.8,0.0,26.375421,0.0
2019-03-09,18,0,38,3.6,3.6,0.0,33.911255,0.0
2019-03-09,18,0,39,2.4,2.4,0.0,22.607504,0.0
2019-03-09,18,0,40,2.4,2.4,0.0,22.607504,0.0
2019-03-09,18,0,41,5.81,5.81,0.0,47.899614,0.0
2019-03-09,18,0,42,32.87,32.87,0.0,368.406589,0.0
2019-03-09,18,0,43,18.18,18.18,0.0,171.152378,0.0
2019-03-09,18,0,46,16.31,16.31,0.0,148.897128,0.0
2019-03-09,18,0,52,85.03,85.03,0.0,592.279214,0.0
2019-03-09,18,0,53,135.13,135.13,0.0,941.252384,0.0
2019-03-09,18,0,55,460.54,460.54,0.0,3218.429591,0.0
2019-03-09,18,0,56,105.73,105.73,0.0,736.465734,0.0
2019-03-09,18,0,57,100.57,100.57,0.0,700.523587,0.0
2019-03-09,18,0,58,193.4,193.4,0.0,1347.133953,0.0
2019-03-09,18,0,59,190.18,190.18,0.0,1324.704939,0.0
2019-03-09,18,0,63,72.04,72.04,0.0,1105.759376,0.0
2019-03-09,18,0,64,84.76,84.76,0.0,1301.001731,0.0
2019-03-09,18,0,65,6.42,6.42,0.0,73.160379,0.0
2019-03-09,18,0,67,192.05,192.05,0.0,-577.772277,0.0
2019-03-09,18,0,68,6.46,6.46,0.0,7.596694,0.0
2019-03-09,18,0,69,1.3,1.3,0.0,16.252651,0.0
2019-03-09,18,0,74,10.09,10.09,0.0,103.21325,0.0
2019-03-09,18,0,77,37.77,37.77,0.0,181.527422,0.0
2019-03-09,18,0,78,28.56,28.56,0.0,137.262991,0.0
2019-03-09,18,0,79,16.53,16.53,0.0,79.445282,0.0
2019-03-09,18,0,80,26.72,26.72,0.0,128.419717,0.0
2019-03-09,18,0,81,34.94,34.94,0.0,167.926082,0.0
2019-03-09,18,0,82,24.65,24.65,0.0,118.471034,0.0
2019-03-09,18,0,83,54.96,54.96,0.0,264.144748,0.0
2019-03-09,18,0,84,0.0,0.0,0.0,0.0,0.0
2019-03-09,18,0,86,6.57,6.57,0.0,82.138397,0.0
2019-03-09,18,0,87,33.52,33.52,0.0,419.068352,0.0
2019-03-09,18,0,88,21.59,21.59,0.0,103.764285,0.0
2019-03-09,18,0,89,20.75,20.75,0.0,99.727138,0.0
2019-03-09,18,0,90,27.86,27.86,0.0,133.898702,0.0
2019-03-09,18,0,91,99.39,99.39,0.0,477.680976,0.0
2019-03-09,18,0,92,35.75,35.75,0.0,171.819045,0.0
2019-03-09,18,0,95,73.26,73.26,0.0,968.46611,0.0
2019-03-09,18,0,96,16.84,16.84,0.0,116.897417,0.0
2019-03-09,18,0,97,103.56,103.56,0.0,718.877466,0.0
2019-03-09,18,0,99,1.95,1.95,0.0,19.94706,0.0
2019-03-09,18,0,101,7.22,7.22,0.0,50.291143,0.0
2019-03-09,18,0,102,15.3,15.3,0.0,17.99217,0.0
2019-03-09,18,0,103,13.3,13.3,0.0,15.640252,0.0
2019-03-09,18,0,104,2.47,2.47,0.0,2.904618,0.0
2019-03-09,18,0,106,148.61,148.61,0.0,1038.543496,0.0
2019-03-09,18,0,109,11.29,11.29,0.0,100.624691,0.0
2019-03-09,18,0,110,114.41,114.41,0.0,-1810.244078,0.0
2019-03-09,18,0,111,10.88,10.88,0.0,89.698417,0.0
2019-03-09,18,0,113,15.92,15.92,0.0,82.419317,0.0
2019-03-09,18,0,115,15.92,15.92,0.0,82.419317,0.0
2019-03-09,18,0,116,69.89,69.89,0.0,-1105.829548,0.0
2019-03-09,18,0,117,1.06,1.06,0.0,5.487718,0.0
2019-03-09,18,0,119,84.76,84.76,0.0,1301.001731,0.0
2019-03-09,18,0,120,49.84,49.84,0.0,765.006209,0.0
2019-03-09,18,0,123,2.48,2.48,0.0,17.331188,0.0
2019-03-09,18,0,125,152.35,152.35,0.0,1064.680046,0.0
2019-03-09,18,0,126,111.46,111.46,0.0,778.925093,0.0
2019-03-09,18,0,127,143.04,143.04,0.0,999.618206,0.0
2019-03-09,18,0,128,218.77,218.77,0.0,1528.848399,0.0
2019-03-09,18,0,131,22.98,22.98,0.0,52.704279,0.0
2019-03-09,18,0,132,33.77,33.77,0.0,77.45098,0.0
2019-03-09,18,0,133,52.64,52.64,0.0,602.336183,0.0
2019-03-09,18,0,134,0.0,0.0,0.0,0.0,0.0
2019-03-09,18,0,135,70.53,70.53,0.0,807.043521,0.0
2019-03-09,18,0,136,13.74,13.74,0.0,156.544583,0.0
2019-03-09,18,0,139,7.5,7.5,0.0,61.832548,0.0
2019-03-09,18,0,140,84.68,84.68,0.0,-1339.84327,0.0
2019-03-09,18,0,141,230.0,230.0,0.0,-691.942847,0.0
2019-03-09,18,0,142,253.26,253.26,0.0,-761.919328,0.0
2019-03-09,18,0,143,155.4,155.4,0.0,1082.443725,0.0
2019-03-09,18,0,145,5.55,5.55,0.0,42.676895,0.0
2019-03-09,18,0,146,182.82,182.82,0.0,-2892.656432,0.0
2019-03-09,18,0,152,4.34,4.34,0.0,44.26513,0.0
2019-03-09,18,0,153,5.44,5.44,0.0,55.177301,0.0
2019-03-09,18,0,154,44.87,44.87,0.0,369.923525,0.0
2019-03-09,18,0,157,250.0,250.0,0.0,-752.11179,0.0
2019-03-09,18,0,158,207.45,207.45,0.0,-624.102363,0.0
2019-03-09,18,0,159,0.0,0.0,0.0,0.0,0.0
2019-03-09,18,0,160,1.43,1.43,0.0,13.633928,0.0
2019-03-09,18,0,161,35.36,35.36,0.0,41.581903,0.0
2019-03-09,18,0,162,54.4,54.4,0.0,720.447384,0.0
2019-03-09,18,0,163,82.6,82.6,0.0,-1306.932618,0.0
2019-03-09,18,0,164,13.11,13.11,0.0,91.318129,0.0
2019-03-09,18,0,167,3.28,3.28,0.0,43.156287,0.0
2019-03-09,18,0,168,1.64,1.64,0.0,21.578144,0.0
2019-03-09,18,0,169,0.0,0.0,0.0,0.0,0.0
2019-03-09,18,0,170,3.59,3.59,0.0,47.235083,0.0
2019-03-09,18,0,172,4.33,4.33,0.0,53.948401,0.0
2019-03-09,18,0,173,6.6,6.6,0.0,82.230819,0.0
2019-03-09,18,0,188,6.02,6.02,0.0,76.694615,0.0
2019-03-09,18,0,190,5.32,5.32,0.0,81.657966,0.0
2019-03-09,18,0,191,13.75,13.75,0.0,211.052074,0.0
2019-03-09,18,0,192,122.15,122.15,0.0,1874.90988,0.0
2019-03-09,18,0,194,33.78,33.78,0.0,291.788394,0.0
2019-03-09,18,0,196,3.67,3.67,0.0,72.395621,0.0
2019-03-09,18,0,198,6.14,6.14,0.0,57.16115,0.0
2019-03-09,18,0,199,40.89,40.89,0.0,350.750489,0.0
2019-03-09,18,0,200,11.0,11.0,0.0,94.356943,0.0
2019-03-09,18,0,204,50.98,50.98,0.0,448.261696,0.0
2019-03-09,18,0,205,59.73,59.73,0.0,532.357201,0.0
2019-03-09,18,0,206,304.29,304.29,0.0,2112.275243,0.0
2019-03-09,18,0,210,1.03,1.03,0.0,5.914825,0.0
2019-03-09,18,0,214,6.71,6.71,0.0,88.120847,0.0
2019-03-09,18,0,217,4.19,4.19,0.0,41.519668,0.0
2019-03-09,18,0,218,5.79,5.79,0.0,57.374434,0.0
2019-03-09,18,0,219,3.94,3.94,0.0,39.042361,0.0
2019-03-09,18,0,221,3.58,3.58,0.0,47.015295,0.0
2019-03-09,18,0,225,2.69,2.69,0.0,14.217678,0.0
2019-03-09,18,0,233,3.72,3.72,0.0,46.507586,0.0
2019-03-09,18,0,236,18.11,18.11,0.0,196.431678,0.0
2019-03-09,18,0,237,24.2,24.2,0.0,247.548131,0.0
2019-03-09,18,0,238,42.78,42.78,0.0,479.477757,0.0
2019-03-09,18,0,240,6.92,6.92,0.0,65.672522,0.0
2019-03-09,18,0,245,23.0,23.0,0.0,266.707989,0.0
2019-03-09,18,0,247,15.85,15.85,0.0,183.796592,0.0
2019-03-09,18,0,248,2.43,2.43,0.0,24.857106,0.0
2019-03-09,18,0,249,44.22,44.22,0.0,512.775099,0.0
2019-03-09,18,0,251,25.03,25.03,0.0,283.474442,0.0
2019-03-09,18,0,252,41.4,41.4,0.0,471.781882,0.0
2019-03-09,18,0,254,9.82,9.82,0.0,92.744083,0.0
2019-03-09,18,0,255,4.5,4.5,0.0,42.499834,0.0
2019-03-09,18,0,258,8.65,8.65,0.0,81.98458,0.0
2019-03-09,18,0,260,3.46,3.46,0.0,32.988385,0.0
2019-03-09,18,0,265,46.46,46.46,0.0,383.032026,0.0
2019-03-09,18,0,266,4.86,4.86,0.0,40.067491,0.0
2019-03-09,18,0,267,5.97,5.97,0.0,49.218708,0.0
2019-03-09,18,0,270,257.95,257.95,0.0,-4081.395507,0.0
2019-03-09,18,0,272,53.2,53.2,0.0,275.421335,0.0
2019-03-09,18,0,273,16.71,16.71,0.0,-264.392785,0.0
2019-03-09,18,0,274,332.53,332.53,0.0,-5261.432247,0.0
2019-03-09,18,0,275,462.88,462.88,0.0,-7323.88584,0.0
2019-03-09,18,0,276,3.72,3.72,0.0,-48.216174,0.0
2019-03-09,18,0,277,4.71,4.71,0.0,23.683607,0.0
2019-03-09,18,0,278,7.53,7.53,0.0,37.863601,0.0
2019-03-09,18,0,279,105.72,105.72,0.0,531.598923,0.0
2019-03-09,18,0,281,35.97,35.97,0.0,250.550198,0.0
2019-03-09,18,0,282,196.63,196.63,0.0,1369.632623,0.0
2019-03-09,19,0,9,0.66,0.66,0.0,7.129681,0.0
2019-03-09,19,0,17,4.74,4.74,0.0,52.701631,0.0
2019-03-09,19,0,19,322.28,322.28,0.0,3583.26618,0.0
2019-03-09,19,0,20,391.73,391.73,0.0,4355.445142,0.0
2019-03-09,19,0,21,15.04,15.04,0.0,162.470301,0.0
2019-03-09,19,0,22,53.47,53.47,0.0,577.612168,0.0
2019-03-09,19,0,23,90.84,90.84,0.0,981.303336,0.0
2019-03-09,19,0,24,160.73,160.73,0.0,1736.29332,0.0
2019-03-09,19,0,29,0.51,0.51,0.0,5.208127,0.0
2019-03-09,19,0,30,143.94,143.94,0.0,1554.732397,0.0
2019-03-09,19,0,31,28.33,28.33,0.0,305.999505,0.0
2019-03-09,19,0,32,0.5,0.5,0.0,5.309651,0.0
2019-03-09,19,0,33,0.33,0.33,0.0,3.699681,0.0
2019-03-09,19,0,34,0.52,0.52,0.0,5.8298,0.0
2019-03-09,19,0,35,0.52,0.52,0.0,5.8298,0.0
2019-03-09,19,0,36,1.82,1.82,0.0,19.899178,0.0
2019-03-09,19,0,37,0.84,0.84,0.0,9.17703,0.0
2019-03-09,19,0,38,1.08,1.08,0.0,11.799038,0.0
2019-03-09,19,0,39,0.72,0.72,0.0,7.866025,0.0
2019-03-09,19,0,40,0.72,0.72,0.0,7.866025,0.0
2019-03-09,19,0,41,2.49,2.49,0.0,27.087742,0.0
2019-03-09,19,0,42,8.44,8.44,0.0,93.670502,0.0
2019-03-09,19,0,43,4.9,4.9,0.0,53.460643,0.0
2019-03-09,19,0,46,3.88,3.88,0.0,42.311077,0.0
2019-03-09,19,0,52,30.03,30.03,0.0,324.361636,0.0
2019-03-09,19,0,53,47.71,47.71,0.0,515.327794,0.0
2019-03-09,19,0,55,186.9,186.9,0.0,2018.995966,0.0
2019-03-09,19,0,56,42.46,42.46,0.0,458.621214,0.0
2019-03-09,19,0,57,40.39,40.39,0.0,436.26262,0.0
2019-03-09,19,0,58,77.66,77.66,0.0,838.82533,0.0
2019-03-09,19,0,59,76.37,76.37,0.0,824.891713,0.0
2019-03-09,19,0,63,17.56,17.56,0.0,186.590028,0.0
2019-03-09,19,0,64,20.66,20.66,0.0,219.530181,0.0
2019-03-09,19,0,65,10.92,10.92,0.0,121.373138,0.0
2019-03-09,19,0,67,64.03,64.03,0.0,682.491238,0.0
2019-03-09,19,0,68,4.44,4.44,0.0,47.357065,0.0
2019-03-09,19,0,69,0.33,0.33,0.0,3.699681,0.0
2019-03-09,19,0,74,10.12,10.12,0.0,111.475357,0.0
2019-03-09,19,0,77,20.16,20.16,0.0,215.311051,0.0
2019-03-09,19,0,78,15.24,15.24,0.0,162.764901,0.0
2019-03-09,19,0,79,8.82,8.82,0.0,94.198585,0.0
2019-03-09,19,0,80,14.26,14.26,0.0,152.298392,0.0
2019-03-09,19,0,81,18.65,18.65,0.0,199.184082,0.0
2019-03-09,19,0,82,13.15,13.15,0.0,140.443468,0.0
2019-03-09,19,0,83,29.33,29.33,0.0,313.247674,0.0
2019-03-09,19,0,84,0.0,0.0,0.0,0.0,0.0
2019-03-09,19,0,86,1.65,1.65,0.0,18.498404,0.0
2019-03-09,19,0,87,8.41,8.41,0.0,94.285806,0.0
2019-03-09,19,0,88,7.54,7.54,0.0,80.528042,0.0
2019-03-09,19,0,89,7.25,7.25,0.0,77.430809,0.0
2019-03-09,19,0,90,9.73,9.73,0.0,103.917486,0.0
2019-03-09,19,0,91,34.72,34.72,0.0,370.813476,0.0
2019-03-09,19,0,92,12.49,12.49,0.0,133.394594,0.0
2019-03-09,19,0,95,26.24,26.24,0.0,278.642216,0.0
2019-03-09,19,0,96,11.08,11.08,0.0,119.66291,0.0
2019-03-09,19,0,97,68.14,68.14,0.0,735.905295,0.0
2019-03-09,19,0,99,1.95,1.95,0.0,21.479935,0.0
2019-03-09,19,0,101,2.9,2.9,0.0,31.323635,0.0
2019-03-09,19,0,102,12.71,12.71,0.0,135.564932,0.0
2019-03-09,19,0,103,10.67,10.67,0.0,113.80628,0.0
2019-03-09,19,0,104,1.52,1.52,0.0,16.212329,0.0
2019-03-09,19,0,106,52.63,52.63,0.0,568.538029,0.0
2019-03-09,19,0,109,3.14,3.14,0.0,34.249729,0.0
2019-03-09,19,0,110,23.92,23.92,0.0,254.443235,0.0
2019-03-09,19,0,111,3.28,3.28,0.0,35.681845,0.0
2019-03-09,19,0,113,4.61,4.61,0.0,49.117587,0.0
2019-03-09,19,0,115,4.61,4.61,0.0,49.117587,0.0
2019-03-09,19,0,116,16.96,16.96,0.0,180.407913,0.0
2019-03-09,19,0,117,0.31,0.31,0.0,3.302918,0.0
2019-03-09,19,0,119,20.66,20.66,0.0,219.530181,0.0
2019-03-09,19,0,120,12.15,12.15,0.0,129.104148,0.0
2019-03-09,19,0,123,0.88,0.88,0.0,9.506241,0.0
2019-03-09,19,0,125,145.45,145.45,0.0,1571.230408,0.0
2019-03-09,19,0,126,39.47,39.47,0.0,426.376516,0.0
2019-03-09,19,0,127,50.66,50.66,0.0,547.257012,0.0
2019-03-09,19,0,128,208.32,208.32,0.0,2250.386515,0.0
2019-03-09,19,0,131,15.13,15.13,0.0,161.405259,0.0
2019-03-09,19,0,132,22.24,22.24,0.0,237.253997,0.0
2019-03-09,19,0,133,63.93,63.93,0.0,710.827386,0.0
2019-03-09,19,0,134,0.0,0.0,0.0,0.0,0.0
2019-03-09,19,0,135,86.63,86.63,0.0,963.225035,0.0
2019-03-09,19,0,136,18.61,18.61,0.0,206.841801,0.0
2019-03-09,19,0,139,3.21,3.21,0.0,34.920342,0.0
2019-03-09,19,0,140,17.7,17.7,0.0,188.279484,0.0
2019-03-09,19,0,141,230.0,230.0,0.0,2451.553721,0.0
2019-03-09,19,0,142,84.44,84.44,0.0,900.039984,0.0
2019-03-09,19,0,143,57.85,57.85,0.0,624.852502,0.0
2019-03-09,19,0,145,1.3,1.3,0.0,14.093136,0.0
2019-03-09,19,0,146,99.62,99.62,0.0,1059.683741,0.0
2019-03-09,19,0,152,1.37,1.37,0.0,15.08253,0.0
2019-03-09,19,0,153,1.67,1.67,0.0,18.37691,0.0
2019-03-09,19,0,154,13.52,13.52,0.0,147.078824,0.0
2019-03-09,19,0,157,210.91,210.91,0.0,2248.074763,0.0
2019-03-09,19,0,158,63.79,63.79,0.0,679.933095,0.0
2019-03-09,19,0,159,0.0,0.0,0.0,0.0,0.0
2019-03-09,19,0,160,0.36,0.36,0.0,3.917943,0.0
2019-03-09,19,0,161,10.67,10.67,0.0,113.80628,0.0
2019-03-09,19,0,162,12.53,12.53,0.0,133.057361,0.0
2019-03-09,19,0,163,25.3,25.3,0.0,269.122652,0.0
2019-03-09,19,0,164,5.62,5.62,0.0,60.703043,0.0
2019-03-09,19,0,167,0.51,0.51,0.0,5.415611,0.0
2019-03-09,19,0,168,0.26,0.26,0.0,2.7609,0.0
2019-03-09,19,0,169,0.0,0.0,0.0,0.0,0.0
2019-03-09,19,0,170,0.56,0.56,0.0,5.946553,0.0
2019-03-09,19,0,172,0.72,0.72,0.0,7.636955,0.0
2019-03-09,19,0,173,1.1,1.1,0.0,11.66757,0.0
2019-03-09,19,0,188,1.11,1.11,0.0,11.784756,0.0
2019-03-09,19,0,190,1.15,1.15,0.0,12.219734,0.0
2019-03-09,19,0,191,2.96,2.96,0.0,31.452533,0.0
2019-03-09,19,0,192,30.9,30.9,0.0,328.338944,0.0
2019-03-09,19,0,194,14.03,14.03,0.0,149.223286,0.0
2019-03-09,19,0,196,0.87,0.87,0.0,9.249793,0.0
2019-03-09,19,0,198,1.59,1.59,0.0,17.140772,0.0
2019-03-09,19,0,199,18.66,18.66,0.0,196.389746,0.0
2019-03-09,19,0,200,2.42,2.42,0.0,25.469624,0.0
2019-03-09,19,0,204,15.36,15.36,0.0,167.401353,0.0
2019-03-09,19,0,205,16.59,16.59,0.0,180.956372,0.0
2019-03-09,19,0,206,200.22,200.22,0.0,2162.356297,0.0
2019-03-09,19,0,210,0.15,0.15,0.0,1.538609,0.0
2019-03-09,19,0,214,1.29,1.29,0.0,14.533386,0.0
2019-03-09,19,0,217,0.83,0.83,0.0,8.985314,0.0
2019-03-09,19,0,218,1.14,1.14,0.0,12.341275,0.0
2019-03-09,19,0,219,0.78,0.78,0.0,8.44403,0.0
2019-03-09,19,0,221,0.69,0.69,0.0,7.773672,0.0
2019-03-09,19,0,225,0.58,0.58,0.0,5.920426,0.0
2019-03-09,19,0,233,0.93,0.93,0.0,10.426373,0.0
2019-03-09,19,0,236,26.83,26.83,0.0,296.916004,0.0
2019-03-09,19,0,237,24.28,24.28,0.0,267.452734,0.0
2019-03-09,19,0,238,10.99,10.99,0.0,121.971424,0.0
2019-03-09,19,0,240,2.06,2.06,0.0,22.523245,0.0
2019-03-09,19,0,245,36.79,36.79,0.0,409.553967,0.0
2019-03-09,19,0,247,44.44,44.44,0.0,494.715365,0.0
2019-03-09,19,0,248,2.44,2.44,0.0,26.877458,0.0
2019-03-09,19,0,249,70.74,70.74,0.0,787.49246,0.0
2019-03-09,19,0,251,58.1,58.1,0.0,645.411398,0.0
2019-03-09,19,0,252,70.43,70.43,0.0,782.81228,0.0
2019-03-09,19,0,254,2.34,2.34,0.0,25.514237,0.0
2019-03-09,19,0,255,1.07,1.07,0.0,11.666766,0.0
2019-03-09,19,0,258,2.51,2.51,0.0,27.433935,0.0
2019-03-09,19,0,260,0.88,0.88,0.0,9.577195,0.0
2019-03-09,19,0,265,13.99,13.99,0.0,152.191772,0.0
2019-03-09,19,0,266,2.08,2.08,0.0,22.627511,0.0
2019-03-09,19,0,267,2.55,2.55,0.0,27.740459,0.0
2019-03-09,19,0,270,79.0,79.0,0.0,840.34346,0.0
2019-03-09,19,0,272,15.41,15.41,0.0,164.186987,0.0
2019-03-09,19,0,273,4.06,4.06,0.0,43.187272,0.0
2019-03-09,19,0,274,101.84,101.84,0.0,1083.298456,0.0
2019-03-09,19,0,275,141.76,141.76,0.0,1507.937835,0.0
2019-03-09,19,0,276,0.96,0.96,0.0,10.216414,0.0
2019-03-09,19,0,277,1.26,1.26,0.0,13.437664,0.0
2019-03-09,19,0,278,2.01,2.01,0.0,21.436273,0.0
2019-03-09,19,0,279,34.75,34.75,0.0,370.602235,0.0
2019-03-09,19,0,281,12.71,12.71,0.0,137.283929,0.0
2019-03-09,19,0,282,78.96,78.96,0.0,852.866959,0.0
2019-03-09,20,0,9,0.0,0.0,0.0,0.0,0.0
2019-03-09,20,0,17,0.0,0.0,0.0,0.0,0.0
2019-03-09,20,0,19,249.0,249.0,0.0,3435.302348,0.0
2019-03-09,20,0,20,301.99,301.99,0.0,4166.373318,0.0
2019-03-09,20,0,21,0.0,0.0,0.0,0.0,0.0
2019-03-09,20,0,22,0.0,0.0,0.0,0.0,0.0
2019-03-09,20,0,23,67.49,67.49,0.0,837.721651,0.0
2019-03-09,20,0,24,119.4,119.4,0.0,1482.056084,0.0
2019-03-09,20,0,29,0.0,0.0,0.0,0.0,0.0
2019-03-09,20,0,30,0.0,0.0,0.0,0.0,0.0
2019-03-09,20,0,31,14.47,14.47,0.0,179.527336,0.0
2019-03-09,20,0,32,0.0,0.0,0.0,0.0,0.0
2019-03-09,20,0,33,0.0,0.0,0.0,0.0,0.0
2019-03-09,20,0,34,0.0,0.0,0.0,0.0,0.0
2019-03-09,20,0,35,0.0,0.0,0.0,0.0,0.0
2019-03-09,20,0,36,0.0,0.0,0.0,0.0,0.0
2019-03-09,20,0,37,0.0,0.0,0.0,0.0,0.0
2019-03-09,20,0,38,0.0,0.0,0.0,0.0,0.0
2019-03-09,20,0,39,0.0,0.0,0.0,0.0,0.0
2019-03-09,20,0,40,0.0,0.0,0.0,0.0,0.0
2019-03-09,20,0,41,0.0,0.0,0.0,0.0,0.0
2019-03-09,20,0,42,0.0,0.0,0.0,0.0,0.0
2019-03-09,20,0,43,0.0,0.0,0.0,0.0,0.0
2019-03-09,20,0,46,0.0,0.0,0.0,0.0,0.0
2019-03-09,20,0,52,15.34,15.34,0.0,190.321308,0.0
2019-03-09,20,0,53,24.36,24.36,0.0,302.23123,0.0
2019-03-09,20,0,55,125.36,125.36,0.0,1556.034763,0.0
2019-03-09,20,0,56,0.0,0.0,0.0,0.0,0.0
2019-03-09,20,0,57,0.0,0.0,0.0,0.0,0.0
2019-03-09,20,0,58,0.0,0.0,0.0,0.0,0.0
2019-03-09,20,0,59,0.0,0.0,0.0,0.0,0.0
2019-03-09,20,0,63,7.52,7.52,0.0,87.522271,0.0
2019-03-09,20,0,64,8.85,8.85,0.0,103.001608,0.0
2019-03-09,20,0,65,9.3,9.3,0.0,128.154475,0.0
2019-03-09,20,0,67,0.0,0.0,0.0,0.0,0.0
2019-03-09,20,0,68,2.44,2.44,0.0,28.827286,0.0
2019-03-09,20,0,69,0.0,0.0,0.0,0.0,0.0
2019-03-09,20,0,74,11.36,11.36,0.0,151.595163,0.0
2019-03-09,20,0,77,21.82,21.82,0.0,259.139728,0.0
2019-03-09,20,0,78,16.56,16.56,0.0,196.670664,0.0
2019-03-09,20,0,79,9.64,9.64,0.0,114.487029,0.0
2019-03-09,20,0,80,15.52,15.52,0.0,184.319367,0.0
2019-03-09,20,0,81,20.21,20.21,0.0,240.018969,0.0
2019-03-09,20,0,82,14.32,14.32,0.0,170.067869,0.0
2019-03-09,20,0,83,31.5,31.5,0.0,374.101807,0.0
2019-03-09,20,0,84,0.0,0.0,0.0,0.0,0.0
2019-03-09,20,0,86,0.0,0.0,0.0,0.0,0.0
2019-03-09,20,0,87,0.0,0.0,0.0,0.0,0.0
2019-03-09,20,0,88,13.12,13.12,0.0,155.816372,0.0
2019-03-09,20,0,89,12.61,12.61,0.0,149.759485,0.0
2019-03-09,20,0,90,16.92,16.92,0.0,200.946114,0.0
2019-03-09,20,0,91,60.25,60.25,0.0,715.543933,0.0
2019-03-09,20,0,92,21.7,21.7,0.0,257.714578,0.0
2019-03-09,20,0,95,11.75,11.75,0.0,136.400028,0.0
2019-03-09,20,0,96,7.27,7.27,0.0,90.154866,0.0
2019-03-09,20,0,97,52.52,52.52,0.0,651.297599,0.0
2019-03-09,20,0,99,2.19,2.19,0.0,29.224772,0.0
2019-03-09,20,0,101,0.0,0.0,0.0,0.0,0.0
2019-03-09,20,0,102,5.77,5.77,0.0,68.169444,0.0
2019-03-09,20,0,103,5.02,5.02,0.0,59.308597,0.0
2019-03-09,20,0,104,0.93,0.93,0.0,10.987449,0.0
2019-03-09,20,0,106,0.0,0.0,0.0,0.0,0.0
2019-03-09,20,0,109,1.21,1.21,0.0,15.575713,0.0
2019-03-09,20,0,110,0.0,0.0,0.0,0.0,0.0
2019-03-09,20,0,111,0.0,0.0,0.0,0.0,0.0
2019-03-09,20,0,113,3.65,3.65,0.0,42.940023,0.0
2019-03-09,20,0,115,3.65,3.65,0.0,42.940023,0.0
2019-03-09,20,0,116,0.0,0.0,0.0,0.0,0.0
2019-03-09,20,0,117,0.24,0.24,0.0,2.823454,0.0
2019-03-09,20,0,119,8.85,8.85,0.0,103.001608,0.0
2019-03-09,20,0,120,5.2,5.2,0.0,60.520719,0.0
2019-03-09,20,0,123,0.0,0.0,0.0,0.0,0.0
2019-03-09,20,0,125,108.05,108.05,0.0,1341.173869,0.0
2019-03-09,20,0,126,0.0,0.0,0.0,0.0,0.0
2019-03-09,20,0,127,0.0,0.0,0.0,0.0,0.0
2019-03-09,20,0,128,154.76,154.76,0.0,1920.963146,0.0
2019-03-09,20,0,131,10.74,10.74,0.0,126.976224,0.0
2019-03-09,20,0,132,15.79,15.79,0.0,186.681059,0.0
2019-03-09,20,0,133,34.01,34.01,0.0,469.267763,0.0
2019-03-09,20,0,134,0.0,0.0,0.0,0.0,0.0
2019-03-09,20,0,135,45.32,45.32,0.0,625.322406,0.0
2019-03-09,20,0,136,15.97,15.97,0.0,220.053086,0.0
2019-03-09,20,0,139,0.0,0.0,0.0,0.0,0.0
2019-03-09,20,0,140,0.0,0.0,0.0,0.0,0.0
2019-03-09,20,0,141,162.5,162.5,0.0,1914.813218,0.0
2019-03-09,20,0,142,0.0,0.0,0.0,0.0,0.0
2019-03-09,20,0,143,29.7,29.7,0.0,368.483889,0.0
2019-03-09,20,0,145,0.69,0.69,0.0,8.680483,0.0
2019-03-09,20,0,146,15.96,15.96,0.0,186.549216,0.0
2019-03-09,20,0,152,0.0,0.0,0.0,0.0,0.0
2019-03-09,20,0,153,0.0,0.0,0.0,0.0,0.0
2019-03-09,20,0,154,0.0,0.0,0.0,0.0,0.0
2019-03-09,20,0,157,126.89,126.89,0.0,1495.203995,0.0
2019-03-09,20,0,158,0.0,0.0,0.0,0.0,0.0
2019-03-09,20,0,159,0.0,0.0,0.0,0.0,0.0
2019-03-09,20,0,160,0.0,0.0,0.0,0.0,0.0
2019-03-09,20,0,161,0.0,0.0,0.0,0.0,0.0
2019-03-09,20,0,162,3.18,3.18,0.0,36.91669,0.0
2019-03-09,20,0,163,15.66,15.66,0.0,183.042652,0.0
2019-03-09,20,0,164,0.0,0.0,0.0,0.0,0.0
2019-03-09,20,0,167,0.0,0.0,0.0,0.0,0.0
2019-03-09,20,0,168,0.0,0.0,0.0,0.0,0.0
2019-03-09,20,0,169,0.0,0.0,0.0,0.0,0.0
2019-03-09,20,0,170,0.0,0.0,0.0,0.0,0.0
2019-03-09,20,0,172,0.0,0.0,0.0,0.0,0.0
2019-03-09,20,0,173,0.0,0.0,0.0,0.0,0.0
2019-03-09,20,0,188,0.0,0.0,0.0,0.0,0.0
2019-03-09,20,0,190,0.0,0.0,0.0,0.0,0.0
2019-03-09,20,0,191,0.0,0.0,0.0,0.0,0.0
2019-03-09,20,0,192,0.0,0.0,0.0,0.0,0.0
2019-03-09,20,0,194,10.79,10.79,0.0,126.060618,0.0
2019-03-09,20,0,196,0.0,0.0,0.0,0.0,0.0
2019-03-09,20,0,198,0.0,0.0,0.0,0.0,0.0
2019-03-09,20,0,199,6.42,6.42,0.0,71.873519,0.0
2019-03-09,20,0,200,0.0,0.0,0.0,0.0,0.0
2019-03-09,20,0,204,10.7,10.7,0.0,137.312362,0.0
2019-03-09,20,0,205,6.4,6.4,0.0,82.383938,0.0
2019-03-09,20,0,206,198.96,198.96,0.0,2467.291895,0.0
2019-03-09,20,0,210,0.0,0.0,0.0,0.0,0.0
2019-03-09,20,0,214,0.0,0.0,0.0,0.0,0.0
2019-03-09,20,0,217,0.0,0.0,0.0,0.0,0.0
2019-03-09,20,0,218,0.0,0.0,0.0,0.0,0.0
2019-03-09,20,0,219,0.0,0.0,0.0,0.0,0.0
2019-03-09,20,0,221,0.0,0.0,0.0,0.0,0.0
2019-03-09,20,0,225,0.0,0.0,0.0,0.0,0.0
2019-03-09,20,0,233,0.0,0.0,0.0,0.0,0.0
2019-03-09,20,0,236,25.15,25.15,0.0,341.259786,0.0
2019-03-09,20,0,237,27.26,27.26,0.0,363.775013,0.0
2019-03-09,20,0,238,0.0,0.0,0.0,0.0,0.0
2019-03-09,20,0,240,0.0,0.0,0.0,0.0,0.0
2019-03-09,20,0,245,52.13,52.13,0.0,722.339157,0.0
2019-03-09,20,0,247,38.65,38.65,0.0,535.553585,0.0
2019-03-09,20,0,248,2.74,2.74,0.0,36.564326,0.0
2019-03-09,20,0,249,100.21,100.21,0.0,1388.559503,0.0
2019-03-09,20,0,251,59.1,59.1,0.0,812.815127,0.0
2019-03-09,20,0,252,60.02,60.02,0.0,827.078664,0.0
2019-03-09,20,0,254,0.0,0.0,0.0,0.0,0.0
2019-03-09,20,0,255,0.0,0.0,0.0,0.0,0.0
2019-03-09,20,0,258,0.0,0.0,0.0,0.0,0.0
2019-03-09,20,0,260,0.0,0.0,0.0,0.0,0.0
2019-03-09,20,0,265,0.0,0.0,0.0,0.0,0.0
2019-03-09,20,0,266,0.0,0.0,0.0,0.0,0.0
2019-03-09,20,0,267,0.0,0.0,0.0,0.0,0.0
2019-03-09,20,0,270,48.91,48.91,0.0,571.686851,0.0
2019-03-09,20,0,272,12.21,12.21,0.0,143.6432,0.0
2019-03-09,20,0,273,0.0,0.0,0.0,0.0,0.0
2019-03-09,20,0,274,63.05,63.05,0.0,736.962911,0.0
2019-03-09,20,0,275,87.76,87.76,0.0,1025.786916,0.0
2019-03-09,20,0,276,0.0,0.0,0.0,0.0,0.0
2019-03-09,20,0,277,0.0,0.0,0.0,0.0,0.0
2019-03-09,20,0,278,0.0,0.0,0.0,0.0,0.0
2019-03-09,20,0,279,68.99,68.99,0.0,814.71916,0.0
2019-03-09,20,0,281,6.49,6.49,0.0,80.520553,0.0
2019-03-09,20,0,282,0.0,0.0,0.0,0.0,0.0
2019-03-09,21,0,9,0.0,0.0,0.0,0.0,0.0
2019-03-09,21,0,17,0.0,0.0,0.0,0.0,0.0
2019-03-09,21,0,19,179.21,179.21,0.0,2468.377989,0.0
2019-03-09,21,0,20,217.35,217.35,0.0,2993.705462,0.0
2019-03-09,21,0,21,0.0,0.0,0.0,0.0,0.0
2019-03-09,21,0,22,0.0,0.0,0.0,0.0,0.0
2019-03-09,21,0,23,52.51,52.51,0.0,631.971821,0.0
2019-03-09,21,0,24,92.91,92.91,0.0,1118.19657,0.0
2019-03-09,21,0,29,0.0,0.0,0.0,0.0,0.0
2019-03-09,21,0,30,0.0,0.0,0.0,0.0,0.0
2019-03-09,21,0,31,6.27,6.27,0.0,75.416498,0.0
2019-03-09,21,0,32,0.0,0.0,0.0,0.0,0.0
2019-03-09,21,0,33,0.0,0.0,0.0,0.0,0.0
2019-03-09,21,0,34,0.0,0.0,0.0,0.0,0.0
2019-03-09,21,0,35,0.0,0.0,0.0,0.0,0.0
2019-03-09,21,0,36,0.0,0.0,0.0,0.0,0.0
2019-03-09,21,0,37,0.0,0.0,0.0,0.0,0.0
2019-03-09,21,0,38,0.0,0.0,0.0,0.0,0.0
2019-03-09,21,0,39,0.0,0.0,0.0,0.0,0.0
2019-03-09,21,0,40,0.0,0.0,0.0,0.0,0.0
2019-03-09,21,0,41,0.0,0.0,0.0,0.0,0.0
2019-03-09,21,0,42,0.0,0.0,0.0,0.0,0.0
2019-03-09,21,0,43,0.0,0.0,0.0,0.0,0.0
2019-03-09,21,0,46,0.0,0.0,0.0,0.0,0.0
2019-03-09,21,0,52,6.65,6.65,0.0,79.987195,0.0
2019-03-09,21,0,53,10.57,10.57,0.0,127.137542,0.0
2019-03-09,21,0,55,79.87,79.87,0.0,961.2567,0.0
2019-03-09,21,0,56,0.0,0.0,0.0,0.0,0.0
2019-03-09,21,0,57,0.0,0.0,0.0,0.0,0.0
2019-03-09,21,0,58,0.0,0.0,0.0,0.0,0.0
2019-03-09,21,0,59,0.0,0.0,0.0,0.0,0.0
2019-03-09,21,0,63,8.13,8.13,0.0,89.942705,0.0
2019-03-09,21,0,64,9.56,9.56,0.0,105.762886,0.0
2019-03-09,21,0,65,7.92,7.92,0.0,108.924798,0.0
2019-03-09,21,0,67,0.0,0.0,0.0,0.0,0.0
2019-03-09,21,0,68,1.97,1.97,0.0,22.229439,0.0
2019-03-09,21,0,69,0.0,0.0,0.0,0.0,0.0
2019-03-09,21,0,74,15.39,15.39,0.0,203.243084,0.0
2019-03-09,21,0,77,41.62,41.62,0.0,472.869553,0.0
2019-03-09,21,0,78,31.52,31.52,0.0,358.117451,0.0
2019-03-09,21,0,79,18.29,18.29,0.0,207.803559,0.0
2019-03-09,21,0,80,29.51,29.51,0.0,335.280646,0.0
2019-03-09,21,0,81,38.52,38.52,0.0,437.648611,0.0
2019-03-09,21,0,82,27.23,27.23,0.0,309.376211,0.0
2019-03-09,21,0,83,60.33,60.33,0.0,685.444981,0.0
2019-03-09,21,0,84,0.0,0.0,0.0,0.0,0.0
2019-03-09,21,0,86,0.0,0.0,0.0,0.0,0.0
2019-03-09,21,0,87,0.0,0.0,0.0,0.0,0.0
2019-03-09,21,0,88,29.31,29.31,0.0,333.008328,0.0
2019-03-09,21,0,89,28.17,28.17,0.0,320.05611,0.0
2019-03-09,21,0,90,37.83,37.83,0.0,429.809111,0.0
2019-03-09,21,0,91,134.95,134.95,0.0,1533.247144,0.0
2019-03-09,21,0,92,48.53,48.53,0.0,551.378169,0.0
2019-03-09,21,0,95,4.34,4.34,0.0,47.849666,0.0
2019-03-09,21,0,96,4.84,4.84,0.0,58.180248,0.0
2019-03-09,21,0,97,29.78,29.78,0.0,357.976813,0.0
2019-03-09,21,0,99,2.97,2.97,0.0,39.22235,0.0
2019-03-09,21,0,101,0.0,0.0,0.0,0.0,0.0
2019-03-09,21,0,102,4.67,4.67,0.0,52.696182,0.0
2019-03-09,21,0,103,4.06,4.06,0.0,45.812955,0.0
2019-03-09,21,0,104,0.75,0.75,0.0,8.462984,0.0
2019-03-09,21,0,106,0.0,0.0,0.0,0.0,0.0
2019-03-09,21,0,109,0.0,0.0,0.0,0.0,0.0
2019-03-09,21,0,110,27.33,27.33,0.0,304.068304,0.0
2019-03-09,21,0,111,0.0,0.0,0.0,0.0,0.0
2019-03-09,21,0,113,8.96,8.96,0.0,100.540872,0.0
2019-03-09,21,0,115,8.96,8.96,0.0,100.540872,0.0
2019-03-09,21,0,116,0.0,0.0,0.0,0.0,0.0
2019-03-09,21,0,117,0.6,0.6,0.0,6.732648,0.0
2019-03-09,21,0,119,9.56,9.56,0.0,105.762886,0.0
2019-03-09,21,0,120,5.62,5.62,0.0,62.174416,0.0
2019-03-09,21,0,123,0.0,0.0,0.0,0.0,0.0
2019-03-09,21,0,125,84.08,84.08,0.0,1011.925171,0.0
2019-03-09,21,0,126,0.0,0.0,0.0,0.0,0.0
2019-03-09,21,0,127,0.0,0.0,0.0,0.0,0.0
2019-03-09,21,0,128,120.42,120.42,0.0,1449.286739,0.0
2019-03-09,21,0,131,8.69,8.69,0.0,98.148143,0.0
2019-03-09,21,0,132,12.78,12.78,0.0,144.342148,0.0
2019-03-09,21,0,133,20.18,20.18,0.0,277.991537,0.0
2019-03-09,21,0,134,0.0,0.0,0.0,0.0,0.0
2019-03-09,21,0,135,26.24,26.24,0.0,361.471651,0.0
2019-03-09,21,0,136,13.55,13.55,0.0,186.339653,0.0
2019-03-09,21,0,139,0.0,0.0,0.0,0.0,0.0
2019-03-09,21,0,140,20.23,20.23,0.0,225.075074,0.0
2019-03-09,21,0,141,117.4,117.4,0.0,1320.168007,0.0
2019-03-09,21,0,142,0.0,0.0,0.0,0.0,0.0
2019-03-09,21,0,143,13.06,13.06,0.0,157.087635,0.0
2019-03-09,21,0,145,0.73,0.73,0.0,8.939693,0.0
2019-03-09,21,0,146,14.38,14.38,0.0,159.989104,0.0
2019-03-09,21,0,152,0.0,0.0,0.0,0.0,0.0
2019-03-09,21,0,153,0.0,0.0,0.0,0.0,0.0
2019-03-09,21,0,154,0.0,0.0,0.0,0.0,0.0
2019-03-09,21,0,157,89.21,89.21,0.0,1003.170255,0.0
2019-03-09,21,0,158,0.0,0.0,0.0,0.0,0.0
2019-03-09,21,0,159,0.0,0.0,0.0,0.0,0.0
2019-03-09,21,0,160,0.0,0.0,0.0,0.0,0.0
2019-03-09,21,0,161,0.0,0.0,0.0,0.0,0.0
2019-03-09,21,0,162,0.0,0.0,0.0,0.0,0.0
2019-03-09,21,0,163,17.84,17.84,0.0,198.484396,0.0
2019-03-09,21,0,164,0.0,0.0,0.0,0.0,0.0
2019-03-09,21,0,167,0.0,0.0,0.0,0.0,0.0
2019-03-09,21,0,168,0.0,0.0,0.0,0.0,0.0
2019-03-09,21,0,169,0.0,0.0,0.0,0.0,0.0
2019-03-09,21,0,170,0.0,0.0,0.0,0.0,0.0
2019-03-09,21,0,172,0.0,0.0,0.0,0.0,0.0
2019-03-09,21,0,173,0.0,0.0,0.0,0.0,0.0
2019-03-09,21,0,188,0.0,0.0,0.0,0.0,0.0
2019-03-09,21,0,190,0.0,0.0,0.0,0.0,0.0
2019-03-09,21,0,191,0.0,0.0,0.0,0.0,0.0
2019-03-09,21,0,192,0.0,0.0,0.0,0.0,0.0
2019-03-09,21,0,194,14.38,14.38,0.0,159.890651,0.0
2019-03-09,21,0,196,0.0,0.0,0.0,0.0,0.0
2019-03-09,21,0,198,0.0,0.0,0.0,0.0,0.0
2019-03-09,21,0,199,0.0,0.0,0.0,0.0,0.0
2019-03-09,21,0,200,0.0,0.0,0.0,0.0,0.0
2019-03-09,21,0,204,0.0,0.0,0.0,0.0,0.0
2019-03-09,21,0,205,0.0,0.0,0.0,0.0,0.0
2019-03-09,21,0,206,87.5,87.5,0.0,1051.812328,0.0
2019-03-09,21,0,210,0.0,0.0,0.0,0.0,0.0
2019-03-09,21,0,214,0.0,0.0,0.0,0.0,0.0
2019-03-09,21,0,217,0.0,0.0,0.0,0.0,0.0
2019-03-09,21,0,218,0.0,0.0,0.0,0.0,0.0
2019-03-09,21,0,219,0.0,0.0,0.0,0.0,0.0
2019-03-09,21,0,221,0.0,0.0,0.0,0.0,0.0
2019-03-09,21,0,225,0.0,0.0,0.0,0.0,0.0
2019-03-09,21,0,233,0.0,0.0,0.0,0.0,0.0
2019-03-09,21,0,236,26.15,26.15,0.0,352.710752,0.0
2019-03-09,21,0,237,36.93,36.93,0.0,487.704165,0.0
2019-03-09,21,0,238,0.0,0.0,0.0,0.0,0.0
2019-03-09,21,0,240,0.0,0.0,0.0,0.0,0.0
2019-03-09,21,0,245,69.7,69.7,0.0,965.286512,0.0
2019-03-09,21,0,247,33.64,33.64,0.0,465.885771,0.0
2019-03-09,21,0,248,3.71,3.71,0.0,48.994921,0.0
2019-03-09,21,0,249,134.05,134.05,0.0,1856.480014,0.0
2019-03-09,21,0,251,60.49,60.49,0.0,829.887865,0.0
2019-03-09,21,0,252,51.12,51.12,0.0,703.06006,0.0
2019-03-09,21,0,254,0.0,0.0,0.0,0.0,0.0
2019-03-09,21,0,255,0.0,0.0,0.0,0.0,0.0
2019-03-09,21,0,258,0.0,0.0,0.0,0.0,0.0
2019-03-09,21,0,260,0.0,0.0,0.0,0.0,0.0
2019-03-09,21,0,265,0.0,0.0,0.0,0.0,0.0
2019-03-09,21,0,266,0.0,0.0,0.0,0.0,0.0
2019-03-09,21,0,267,0.0,0.0,0.0,0.0,0.0
2019-03-09,21,0,270,55.72,55.72,0.0,619.929963,0.0
2019-03-09,21,0,272,29.91,29.91,0.0,335.622487,0.0
2019-03-09,21,0,273,0.0,0.0,0.0,0.0,0.0
2019-03-09,21,0,274,71.83,71.83,0.0,799.166712,0.0
2019-03-09,21,0,275,99.98,99.98,0.0,1112.358178,0.0
2019-03-09,21,0,276,0.0,0.0,0.0,0.0,0.0
2019-03-09,21,0,277,0.0,0.0,0.0,0.0,0.0
2019-03-09,21,0,278,0.0,0.0,0.0,0.0,0.0
2019-03-09,21,0,279,79.46,79.46,0.0,896.103326,0.0
2019-03-09,21,0,281,2.82,2.82,0.0,33.919382,0.0
2019-03-09,21,0,282,0.0,0.0,0.0,0.0,0.0
2019-03-09,22,0,9,0.0,0.0,0.0,0.0,0.0
2019-03-09,22,0,17,0.0,0.0,0.0,0.0,0.0
2019-03-09,22,0,19,124.78,124.78,0.0,1383.023356,0.0
2019-03-09,22,0,20,151.33,151.33,0.0,1677.295435,0.0
2019-03-09,22,0,21,0.0,0.0,0.0,0.0,0.0
2019-03-09,22,0,22,0.0,0.0,0.0,0.0,0.0
2019-03-09,22,0,23,44.47,44.47,0.0,475.532351,0.0
2019-03-09,22,0,24,78.67,78.67,0.0,841.244211,0.0
2019-03-09,22,0,29,0.0,0.0,0.0,0.0,0.0
2019-03-09,22,0,30,0.0,0.0,0.0,0.0,0.0
2019-03-09,22,0,31,2.19,2.19,0.0,23.414891,0.0
2019-03-09,22,0,32,0.0,0.0,0.0,0.0,0.0
2019-03-09,22,0,33,0.0,0.0,0.0,0.0,0.0
2019-03-09,22,0,34,0.0,0.0,0.0,0.0,0.0
2019-03-09,22,0,35,0.0,0.0,0.0,0.0,0.0
2019-03-09,22,0,36,0.0,0.0,0.0,0.0,0.0
2019-03-09,22,0,37,0.0,0.0,0.0,0.0,0.0
2019-03-09,22,0,38,0.0,0.0,0.0,0.0,0.0
2019-03-09,22,0,39,0.0,0.0,0.0,0.0,0.0
2019-03-09,22,0,40,0.0,0.0,0.0,0.0,0.0
2019-03-09,22,0,41,9.59,9.59,0.0,103.450321,0.0
2019-03-09,22,0,42,0.0,0.0,0.0,0.0,0.0
2019-03-09,22,0,43,0.0,0.0,0.0,0.0,0.0
2019-03-09,22,0,46,0.0,0.0,0.0,0.0,0.0
2019-03-09,22,0,52,2.32,2.32,0.0,24.804816,0.0
2019-03-09,22,0,53,3.69,3.69,0.0,39.452488,0.0
2019-03-09,22,0,55,95.05,95.05,0.0,1016.400944,0.0
2019-03-09,22,0,56,0.0,0.0,0.0,0.0,0.0
2019-03-09,22,0,57,0.0,0.0,0.0,0.0,0.0
2019-03-09,22,0,58,0.0,0.0,0.0,0.0,0.0
2019-03-09,22,0,59,0.0,0.0,0.0,0.0,0.0
2019-03-09,22,0,63,20.13,20.13,0.0,210.862084,0.0
2019-03-09,22,0,64,23.69,23.69,0.0,248.153144,0.0
2019-03-09,22,0,65,6.81,6.81,0.0,75.448561,0.0
2019-03-09,22,0,67,0.0,0.0,0.0,0.0,0.0
2019-03-09,22,0,68,2.11,2.11,0.0,22.206957,0.0
2019-03-09,22,0,69,0.0,0.0,0.0,0.0,0.0
2019-03-09,22,0,74,23.14,23.14,0.0,253.527926,0.0
2019-03-09,22,0,77,56.68,56.68,0.0,597.52357,0.0
2019-03-09,22,0,78,42.85,42.85,0.0,451.726976,0.0
2019-03-09,22,0,79,24.8,24.8,0.0,261.442917,0.0
2019-03-09,22,0,80,40.1,40.1,0.0,422.736329,0.0
2019-03-09,22,0,81,52.43,52.43,0.0,552.719844,0.0
2019-03-09,22,0,82,36.98,36.98,0.0,389.845124,0.0
2019-03-09,22,0,83,82.47,82.47,0.0,869.403119,0.0
2019-03-09,22,0,84,0.0,0.0,0.0,0.0,0.0
2019-03-09,22,0,86,0.0,0.0,0.0,0.0,0.0
2019-03-09,22,0,87,0.0,0.0,0.0,0.0,0.0
2019-03-09,22,0,88,44.83,44.83,0.0,472.600241,0.0
2019-03-09,22,0,89,43.09,43.09,0.0,454.257068,0.0
2019-03-09,22,0,90,57.86,57.86,0.0,609.963193,0.0
2019-03-09,22,0,91,206.39,206.39,0.0,2175.77434,0.0
2019-03-09,22,0,92,74.23,74.23,0.0,782.536602,0.0
2019-03-09,22,0,95,0.0,0.0,0.0,0.0,0.0
2019-03-09,22,0,96,4.57,4.57,0.0,48.853579,0.0
2019-03-09,22,0,97,28.12,28.12,0.0,300.604519,0.0
2019-03-09,22,0,99,4.47,4.47,0.0,48.974496,0.0
2019-03-09,22,0,101,0.0,0.0,0.0,0.0,0.0
2019-03-09,22,0,102,5.0,5.0,0.0,52.623121,0.0
2019-03-09,22,0,103,4.35,4.35,0.0,45.782116,0.0
2019-03-09,22,0,104,0.81,0.81,0.0,8.524946,0.0
2019-03-09,22,0,106,0.0,0.0,0.0,0.0,0.0
2019-03-09,22,0,109,0.0,0.0,0.0,0.0,0.0
2019-03-09,22,0,110,162.43,162.43,0.0,1703.745482,0.0
2019-03-09,22,0,111,0.0,0.0,0.0,0.0,0.0
2019-03-09,22,0,113,28.81,28.81,0.0,302.807501,0.0
2019-03-09,22,0,115,28.81,28.81,0.0,302.807501,0.0
2019-03-09,22,0,116,0.0,0.0,0.0,0.0,0.0
2019-03-09,22,0,117,1.92,1.92,0.0,20.18016,0.0
2019-03-09,22,0,119,23.69,23.69,0.0,248.153144,0.0
2019-03-09,22,0,120,13.93,13.93,0.0,145.916981,0.0
2019-03-09,22,0,123,0.0,0.0,0.0,0.0,0.0
2019-03-09,22,0,125,71.2,71.2,0.0,761.365042,0.0
2019-03-09,22,0,126,0.0,0.0,0.0,0.0,0.0
2019-03-09,22,0,127,0.0,0.0,0.0,0.0,0.0
2019-03-09,22,0,128,101.97,101.97,0.0,1090.398782,0.0
2019-03-09,22,0,131,8.57,8.57,0.0,90.216042,0.0
2019-03-09,22,0,132,12.6,12.6,0.0,132.639688,0.0
2019-03-09,22,0,133,19.78,19.78,0.0,219.244062,0.0
2019-03-09,22,0,134,0.0,0.0,0.0,0.0,0.0
2019-03-09,22,0,135,26.5,26.5,0.0,293.729406,0.0
2019-03-09,22,0,136,11.49,11.49,0.0,127.295765,0.0
2019-03-09,22,0,139,12.39,12.39,0.0,133.654794,0.0
2019-03-09,22,0,140,120.21,120.21,0.0,1260.895428,0.0
2019-03-09,22,0,141,91.05,91.05,0.0,957.470956,0.0
2019-03-09,22,0,142,0.0,0.0,0.0,0.0,0.0
2019-03-09,22,0,143,4.59,4.59,0.0,49.075046,0.0
2019-03-09,22,0,145,3.53,3.53,0.0,37.914619,0.0
2019-03-09,22,0,146,91.22,91.22,0.0,956.816246,0.0
2019-03-09,22,0,152,0.0,0.0,0.0,0.0,0.0
2019-03-09,22,0,153,0.0,0.0,0.0,0.0,0.0
2019-03-09,22,0,154,0.0,0.0,0.0,0.0,0.0
2019-03-09,22,0,157,87.58,87.58,0.0,920.980849,0.0
2019-03-09,22,0,158,0.0,0.0,0.0,0.0,0.0
2019-03-09,22,0,159,0.0,0.0,0.0,0.0,0.0
2019-03-09,22,0,160,0.0,0.0,0.0,0.0,0.0
2019-03-09,22,0,161,0.0,0.0,0.0,0.0,0.0
2019-03-09,22,0,162,0.0,0.0,0.0,0.0,0.0
2019-03-09,22,0,163,33.32,33.32,0.0,349.497011,0.0
2019-03-09,22,0,164,0.0,0.0,0.0,0.0,0.0
2019-03-09,22,0,167,0.0,0.0,0.0,0.0,0.0
2019-03-09,22,0,168,0.0,0.0,0.0,0.0,0.0
2019-03-09,22,0,169,0.0,0.0,0.0,0.0,0.0
2019-03-09,22,0,170,0.0,0.0,0.0,0.0,0.0
2019-03-09,22,0,172,0.0,0.0,0.0,0.0,0.0
2019-03-09,22,0,173,0.0,0.0,0.0,0.0,0.0
2019-03-09,22,0,188,0.0,0.0,0.0,0.0,0.0
2019-03-09,22,0,190,0.0,0.0,0.0,0.0,0.0
2019-03-09,22,0,191,0.0,0.0,0.0,0.0,0.0
2019-03-09,22,0,192,38.92,38.92,0.0,407.687647,0.0
2019-03-09,22,0,194,26.3,26.3,0.0,275.823053,0.0
2019-03-09,22,0,196,0.0,0.0,0.0,0.0,0.0
2019-03-09,22,0,198,0.0,0.0,0.0,0.0,0.0
2019-03-09,22,0,199,0.0,0.0,0.0,0.0,0.0
2019-03-09,22,0,200,0.0,0.0,0.0,0.0,0.0
2019-03-09,22,0,204,0.0,0.0,0.0,0.0,0.0
2019-03-09,22,0,205,0.0,0.0,0.0,0.0,0.0
2019-03-09,22,0,206,82.64,82.64,0.0,883.426652,0.0
2019-03-09,22,0,210,0.0,0.0,0.0,0.0,0.0
2019-03-09,22,0,214,0.0,0.0,0.0,0.0,0.0
2019-03-09,22,0,217,0.0,0.0,0.0,0.0,0.0
2019-03-09,22,0,218,0.0,0.0,0.0,0.0,0.0
2019-03-09,22,0,219,0.0,0.0,0.0,0.0,0.0
2019-03-09,22,0,221,0.0,0.0,0.0,0.0,0.0
2019-03-09,22,0,225,0.0,0.0,0.0,0.0,0.0
2019-03-09,22,0,233,0.0,0.0,0.0,0.0,0.0
2019-03-09,22,0,236,29.78,29.78,0.0,328.162007,0.0
2019-03-09,22,0,237,55.51,55.51,0.0,608.18216,0.0
2019-03-09,22,0,238,0.0,0.0,0.0,0.0,0.0
2019-03-09,22,0,240,0.0,0.0,0.0,0.0,0.0
2019-03-09,22,0,245,52.19,52.19,0.0,579.342806,0.0
2019-03-09,22,0,247,29.36,29.36,0.0,325.915018,0.0
2019-03-09,22,0,248,5.57,5.57,0.0,61.026385,0.0
2019-03-09,22,0,249,100.37,100.37,0.0,1114.172014,0.0
2019-03-09,22,0,251,128.95,128.95,0.0,1427.671779,0.0
2019-03-09,22,0,252,43.92,43.92,0.0,486.593361,0.0
2019-03-09,22,0,254,0.0,0.0,0.0,0.0,0.0
2019-03-09,22,0,255,0.0,0.0,0.0,0.0,0.0
2019-03-09,22,0,258,0.0,0.0,0.0,0.0,0.0
2019-03-09,22,0,260,0.0,0.0,0.0,0.0,0.0
2019-03-09,22,0,265,0.0,0.0,0.0,0.0,0.0
2019-03-09,22,0,266,8.02,8.02,0.0,86.514241,0.0
2019-03-09,22,0,267,9.86,9.86,0.0,106.362895,0.0
2019-03-09,22,0,270,104.07,104.07,0.0,1091.601258,0.0
2019-03-09,22,0,272,96.28,96.28,0.0,1011.950926,0.0
2019-03-09,22,0,273,0.0,0.0,0.0,0.0,0.0
2019-03-09,22,0,274,134.16,134.16,0.0,1407.218457,0.0
2019-03-09,22,0,275,186.75,186.75,0.0,1958.840539,0.0
2019-03-09,22,0,276,0.0,0.0,0.0,0.0,0.0
2019-03-09,22,0,277,0.0,0.0,0.0,0.0,0.0
2019-03-09,22,0,278,0.0,0.0,0.0,0.0,0.0
2019-03-09,22,0,279,48.98,48.98,0.0,515.42389,0.0
2019-03-09,22,0,281,0.98,0.98,0.0,10.477897,0.0
2019-03-09,22,0,282,0.0,0.0,0.0,0.0,0.0
2019-03-09,23,0,9,0.0,0.0,0.0,0.0,0.0
2019-03-09,23,0,17,0.0,0.0,0.0,0.0,0.0
2019-03-09,23,0,19,111.99,111.99,0.0,1173.839369,0.0
2019-03-09,23,0,20,135.82,135.82,0.0,1423.616958,0.0
2019-03-09,23,0,21,0.0,0.0,0.0,0.0,0.0
2019-03-09,23,0,22,0.0,0.0,0.0,0.0,0.0
2019-03-09,23,0,23,40.0,40.0,0.0,415.746263,0.0
2019-03-09,23,0,24,70.77,70.77,0.0,735.559076,0.0
2019-03-09,23,0,29,0.0,0.0,0.0,0.0,0.0
2019-03-09,23,0,30,0.0,0.0,0.0,0.0,0.0
2019-03-09,23,0,31,1.03,1.03,0.0,10.705095,0.0
2019-03-09,23,0,32,0.0,0.0,0.0,0.0,0.0
2019-03-09,23,0,33,0.0,0.0,0.0,0.0,0.0
2019-03-09,23,0,34,0.0,0.0,0.0,0.0,0.0
2019-03-09,23,0,35,0.0,0.0,0.0,0.0,0.0
2019-03-09,23,0,36,0.0,0.0,0.0,0.0,0.0
2019-03-09,23,0,37,0.0,0.0,0.0,0.0,0.0
2019-03-09,23,0,38,0.0,0.0,0.0,0.0,0.0
2019-03-09,23,0,39,0.0,0.0,0.0,0.0,0.0
2019-03-09,23,0,40,0.0,0.0,0.0,0.0,0.0
2019-03-09,23,0,41,15.31,15.31,0.0,159.451203,0.0
2019-03-09,23,0,42,0.0,0.0,0.0,0.0,0.0
2019-03-09,23,0,43,0.0,0.0,0.0,0.0,0.0
2019-03-09,23,0,46,0.0,0.0,0.0,0.0,0.0
2019-03-09,23,0,52,1.09,1.09,0.0,11.328693,0.0
2019-03-09,23,0,53,1.74,1.74,0.0,18.084336,0.0
2019-03-09,23,0,55,128.74,128.74,0.0,1338.079348,0.0
2019-03-09,23,0,56,0.0,0.0,0.0,0.0,0.0
2019-03-09,23,0,57,0.0,0.0,0.0,0.0,0.0
2019-03-09,23,0,58,0.0,0.0,0.0,0.0,0.0
2019-03-09,23,0,59,0.0,0.0,0.0,0.0,0.0
2019-03-09,23,0,63,25.16,25.16,0.0,260.266339,0.0
2019-03-09,23,0,64,29.59,29.59,0.0,306.092249,0.0
2019-03-09,23,0,65,5.97,5.97,0.0,62.569214,0.0
2019-03-09,23,0,67,0.0,0.0,0.0,0.0,0.0
2019-03-09,23,0,68,1.88,1.88,0.0,19.468586,0.0
2019-03-09,23,0,69,0.0,0.0,0.0,0.0,0.0
2019-03-09,23,0,74,20.81,20.81,0.0,217.525299,0.0
2019-03-09,23,0,77,52.25,52.25,0.0,541.286961,0.0
2019-03-09,23,0,78,39.5,39.5,0.0,409.202583,0.0
2019-03-09,23,0,79,22.86,22.86,0.0,236.81952,0.0
2019-03-09,23,0,80,36.96,36.96,0.0,382.889303,0.0
2019-03-09,23,0,81,48.33,48.33,0.0,500.677489,0.0
2019-03-09,23,0,82,34.09,34.09,0.0,353.157368,0.0
2019-03-09,23,0,83,76.02,76.02,0.0,787.53368,0.0
2019-03-09,23,0,84,0.0,0.0,0.0,0.0,0.0
2019-03-09,23,0,86,0.0,0.0,0.0,0.0,0.0
2019-03-09,23,0,87,0.0,0.0,0.0,0.0,0.0
2019-03-09,23,0,88,41.27,41.27,0.0,427.539002,0.0
2019-03-09,23,0,89,39.68,39.68,0.0,411.067304,0.0
2019-03-09,23,0,90,53.27,53.27,0.0,551.853711,0.0
2019-03-09,23,0,91,190.04,190.04,0.0,1968.730604,0.0
2019-03-09,23,0,92,68.35,68.35,0.0,708.075862,0.0
2019-03-09,23,0,95,0.0,0.0,0.0,0.0,0.0
2019-03-09,23,0,96,4.77,4.77,0.0,49.574228,0.0
2019-03-09,23,0,97,29.35,29.35,0.0,305.032201,0.0
2019-03-09,23,0,99,4.02,4.02,0.0,42.020745,0.0
2019-03-09,23,0,101,0.0,0.0,0.0,0.0,0.0
2019-03-09,23,0,102,4.46,4.46,0.0,46.186113,0.0
2019-03-09,23,0,103,3.88,3.88,0.0,40.179847,0.0
2019-03-09,23,0,104,0.72,0.72,0.0,7.456054,0.0
2019-03-09,23,0,106,0.0,0.0,0.0,0.0,0.0
2019-03-09,23,0,109,0.0,0.0,0.0,0.0,0.0
2019-03-09,23,0,110,206.21,206.21,0.0,2133.783714,0.0
2019-03-09,23,0,111,0.0,0.0,0.0,0.0,0.0
2019-03-09,23,0,113,29.29,29.29,0.0,303.223172,0.0
2019-03-09,23,0,115,29.29,29.29,0.0,303.223172,0.0
2019-03-09,23,0,116,0.0,0.0,0.0,0.0,0.0
2019-03-09,23,0,117,1.95,1.95,0.0,20.187272,0.0
2019-03-09,23,0,119,29.59,29.59,0.0,306.092249,0.0
2019-03-09,23,0,120,17.4,17.4,0.0,179.993414,0.0
2019-03-09,23,0,123,0.0,0.0,0.0,0.0,0.0
2019-03-09,23,0,125,64.05,64.05,0.0,665.713704,0.0
2019-03-09,23,0,126,0.0,0.0,0.0,0.0,0.0
2019-03-09,23,0,127,0.0,0.0,0.0,0.0,0.0
2019-03-09,23,0,128,91.73,91.73,0.0,953.410118,0.0
2019-03-09,23,0,131,7.63,7.63,0.0,79.017477,0.0
2019-03-09,23,0,132,11.22,11.22,0.0,116.196081,0.0
2019-03-09,23,0,133,16.95,16.95,0.0,177.665534,0.0
2019-03-09,23,0,134,0.0,0.0,0.0,0.0,0.0
2019-03-09,23,0,135,22.72,22.72,0.0,238.145188,0.0
2019-03-09,23,0,136,10.49,10.49,0.0,109.940952,0.0
2019-03-09,23,0,139,19.77,19.77,0.0,205.901391,0.0
2019-03-09,23,0,140,152.61,152.61,0.0,1579.151024,0.0
2019-03-09,23,0,141,77.75,77.75,0.0,804.997055,0.0
2019-03-09,23,0,142,0.0,0.0,0.0,0.0,0.0
2019-03-09,23,0,143,2.41,2.41,0.0,25.047844,0.0
2019-03-09,23,0,145,1.96,1.96,0.0,20.392488,0.0
2019-03-09,23,0,146,109.55,109.55,0.0,1133.582299,0.0
2019-03-09,23,0,152,0.0,0.0,0.0,0.0,0.0
2019-03-09,23,0,153,0.0,0.0,0.0,0.0,0.0
2019-03-09,23,0,154,0.0,0.0,0.0,0.0,0.0
2019-03-09,23,0,157,55.79,55.79,0.0,577.630684,0.0
2019-03-09,23,0,158,0.0,0.0,0.0,0.0,0.0
2019-03-09,23,0,159,0.0,0.0,0.0,0.0,0.0
2019-03-09,23,0,160,0.0,0.0,0.0,0.0,0.0
2019-03-09,23,0,161,0.0,0.0,0.0,0.0,0.0
2019-03-09,23,0,162,0.0,0.0,0.0,0.0,0.0
2019-03-09,23,0,163,31.12,31.12,0.0,322.018084,0.0
2019-03-09,23,0,164,0.0,0.0,0.0,0.0,0.0
2019-03-09,23,0,167,0.0,0.0,0.0,0.0,0.0
2019-03-09,23,0,168,0.0,0.0,0.0,0.0,0.0
2019-03-09,23,0,169,0.0,0.0,0.0,0.0,0.0
2019-03-09,23,0,170,0.0,0.0,0.0,0.0,0.0
2019-03-09,23,0,172,0.0,0.0,0.0,0.0,0.0
2019-03-09,23,0,173,0.0,0.0,0.0,0.0,0.0
2019-03-09,23,0,188,0.0,0.0,0.0,0.0,0.0
2019-03-09,23,0,190,0.0,0.0,0.0,0.0,0.0
2019-03-09,23,0,191,0.0,0.0,0.0,0.0,0.0
2019-03-09,23,0,192,50.0,50.0,0.0,517.222454,0.0
2019-03-09,23,0,194,25.95,25.95,0.0,268.511872,0.0
2019-03-09,23,0,196,0.0,0.0,0.0,0.0,0.0
2019-03-09,23,0,198,0.0,0.0,0.0,0.0,0.0
2019-03-09,23,0,199,0.0,0.0,0.0,0.0,0.0
2019-03-09,23,0,200,0.0,0.0,0.0,0.0,0.0
2019-03-09,23,0,204,0.0,0.0,0.0,0.0,0.0
2019-03-09,23,0,205,0.0,0.0,0.0,0.0,0.0
2019-03-09,23,0,206,86.26,86.26,0.0,896.493275,0.0
2019-03-09,23,0,210,0.0,0.0,0.0,0.0,0.0
2019-03-09,23,0,214,0.0,0.0,0.0,0.0,0.0
2019-03-09,23,0,217,0.0,0.0,0.0,0.0,0.0
2019-03-09,23,0,218,0.0,0.0,0.0,0.0,0.0
2019-03-09,23,0,219,0.0,0.0,0.0,0.0,0.0
2019-03-09,23,0,221,0.0,0.0,0.0,0.0,0.0
2019-03-09,23,0,225,0.0,0.0,0.0,0.0,0.0
2019-03-09,23,0,233,0.0,0.0,0.0,0.0,0.0
2019-03-09,23,0,236,26.3,26.3,0.0,275.286966,0.0
2019-03-09,23,0,237,49.92,49.92,0.0,521.809848,0.0
2019-03-09,23,0,238,0.0,0.0,0.0,0.0,0.0
2019-03-09,23,0,240,0.0,0.0,0.0,0.0,0.0
2019-03-09,23,0,245,39.83,39.83,0.0,417.636104,0.0
2019-03-09,23,0,247,23.97,23.97,0.0,251.336616,0.0
2019-03-09,23,0,248,5.01,5.01,0.0,52.369137,0.0
2019-03-09,23,0,249,76.6,76.6,0.0,803.186683,0.0
2019-03-09,23,0,251,52.53,52.53,0.0,550.456575,0.0
2019-03-09,23,0,252,38.49,38.49,0.0,403.3985,0.0
2019-03-09,23,0,254,0.0,0.0,0.0,0.0,0.0
2019-03-09,23,0,255,0.0,0.0,0.0,0.0,0.0
2019-03-09,23,0,258,0.0,0.0,0.0,0.0,0.0
2019-03-09,23,0,260,0.0,0.0,0.0,0.0,0.0
2019-03-09,23,0,265,0.0,0.0,0.0,0.0,0.0
2019-03-09,23,0,266,12.8,12.8,0.0,133.309954,0.0
2019-03-09,23,0,267,15.73,15.73,0.0,163.825436,0.0
2019-03-09,23,0,270,97.18,97.18,0.0,1005.58218,0.0
2019-03-09,23,0,272,97.9,97.9,0.0,1013.50456,0.0
2019-03-09,23,0,273,0.0,0.0,0.0,0.0,0.0
2019-03-09,23,0,274,125.28,125.28,0.0,1296.350437,0.0
2019-03-09,23,0,275,174.39,174.39,0.0,1804.522292,0.0
2019-03-09,23,0,276,0.0,0.0,0.0,0.0,0.0
2019-03-09,23,0,277,0.0,0.0,0.0,0.0,0.0
2019-03-09,23,0,278,0.0,0.0,0.0,0.0,0.0
2019-03-09,23,0,279,45.78,45.78,0.0,474.065558,0.0
2019-03-09,23,0,281,0.46,0.46,0.0,4.780916,0.0
2019-03-09,23,0,282,0.0,0.0,0.0,0.0,0.0
2019-03-10,0,0,9,0.0,0.0,0.0,0.0,0.0
2019-03-10,0,0,17,0.0,0.0,0.0,0.0,0.0
2019-03-10,0,0,19,99.84,99.84,0.0,1478.711856,0.0
2019-03-10,0,0,20,121.09,121.09,0.0,1793.441693,0.0
2019-03-10,0,0,21,0.0,0.0,0.0,0.0,0.0
2019-03-10,0,0,22,0.0,0.0,0.0,0.0,0.0
2019-03-10,0,0,23,38.18,38.18,0.0,480.994946,0.0
2019-03-10,0,0,24,67.54,67.54,0.0,850.874769,0.0
2019-03-10,0,0,29,0.0,0.0,0.0,0.0,0.0
2019-03-10,0,0,30,0.0,0.0,0.0,0.0,0.0
2019-03-10,0,0,31,0.0,0.0,0.0,0.0,0.0
2019-03-10,0,0,32,0.0,0.0,0.0,0.0,0.0
2019-03-10,0,0,33,0.0,0.0,0.0,0.0,0.0
2019-03-10,0,0,34,0.0,0.0,0.0,0.0,0.0
2019-03-10,0,0,35,0.0,0.0,0.0,0.0,0.0
2019-03-10,0,0,36,0.0,0.0,0.0,0.0,0.0
2019-03-10,0,0,37,0.0,0.0,0.0,0.0,0.0
2019-03-10,0,0,38,0.0,0.0,0.0,0.0,0.0
2019-03-10,0,0,39,0.0,0.0,0.0,0.0,0.0
2019-03-10,0,0,40,0.0,0.0,0.0,0.0,0.0
2019-03-10,0,0,41,26.38,26.38,0.0,346.390877,0.0
2019-03-10,0,0,42,0.0,0.0,0.0,0.0,0.0
2019-03-10,0,0,43,0.0,0.0,0.0,0.0,0.0
2019-03-10,0,0,46,0.0,0.0,0.0,0.0,0.0
2019-03-10,0,0,52,0.0,0.0,0.0,0.0,0.0
2019-03-10,0,0,53,0.0,0.0,0.0,0.0,0.0
2019-03-10,0,0,55,103.4,103.4,0.0,1302.642155,0.0
2019-03-10,0,0,56,0.0,0.0,0.0,0.0,0.0
2019-03-10,0,0,57,0.0,0.0,0.0,0.0,0.0
2019-03-10,0,0,58,0.0,0.0,0.0,0.0,0.0
2019-03-10,0,0,59,0.0,0.0,0.0,0.0,0.0
2019-03-10,0,0,63,33.43,33.43,0.0,379.785253,0.0
2019-03-10,0,0,64,39.33,39.33,0.0,446.812862,0.0
2019-03-10,0,0,65,5.2,5.2,0.0,76.88035,0.0
2019-03-10,0,0,67,0.0,0.0,0.0,0.0,0.0
2019-03-10,0,0,68,1.9,1.9,0.0,22.119431,0.0
2019-03-10,0,0,69,0.0,0.0,0.0,0.0,0.0
2019-03-10,0,0,74,18.97,18.97,0.0,267.258659,0.0
2019-03-10,0,0,77,53.12,53.12,0.0,623.660611,0.0
2019-03-10,0,0,78,40.16,40.16,0.0,471.50245,0.0
2019-03-10,0,0,79,23.24,23.24,0.0,272.851517,0.0
2019-03-10,0,0,80,37.58,37.58,0.0,441.211705,0.0
2019-03-10,0,0,81,49.13,49.13,0.0,576.815622,0.0
2019-03-10,0,0,82,34.66,34.66,0.0,406.929156,0.0
2019-03-10,0,0,83,77.28,77.28,0.0,907.313479,0.0
2019-03-10,0,0,84,0.0,0.0,0.0,0.0,0.0
2019-03-10,0,0,86,0.0,0.0,0.0,0.0,0.0
2019-03-10,0,0,87,0.0,0.0,0.0,0.0,0.0
2019-03-10,0,0,88,41.83,41.83,0.0,491.10925,0.0
2019-03-10,0,0,89,40.22,40.22,0.0,472.206886,0.0
2019-03-10,0,0,90,54.0,54.0,0.0,633.992338,0.0
2019-03-10,0,0,91,192.62,192.62,0.0,2261.474151,0.0
2019-03-10,0,0,92,69.27,69.27,0.0,813.271282,0.0
2019-03-10,0,0,95,0.0,0.0,0.0,0.0,0.0
2019-03-10,0,0,96,5.49,5.49,0.0,69.061794,0.0
2019-03-10,0,0,97,33.76,33.76,0.0,424.686005,0.0
2019-03-10,0,0,99,3.66,3.66,0.0,51.563874,0.0
2019-03-10,0,0,101,0.0,0.0,0.0,0.0,0.0
2019-03-10,0,0,102,4.5,4.5,0.0,52.388126,0.0
2019-03-10,0,0,103,3.91,3.91,0.0,45.519461,0.0
2019-03-10,0,0,104,0.73,0.73,0.0,8.498518,0.0
2019-03-10,0,0,106,0.0,0.0,0.0,0.0,0.0
2019-03-10,0,0,109,9.59,9.59,0.0,127.868644,0.0
2019-03-10,0,0,110,257.35,257.35,0.0,2944.206335,0.0
2019-03-10,0,0,111,0.0,0.0,0.0,0.0,0.0
2019-03-10,0,0,113,33.03,33.03,0.0,381.884393,0.0
2019-03-10,0,0,115,33.03,33.03,0.0,381.884393,0.0
2019-03-10,0,0,116,0.0,0.0,0.0,0.0,0.0
2019-03-10,0,0,117,2.2,2.2,0.0,25.435836,0.0
2019-03-10,0,0,119,39.33,39.33,0.0,446.812862,0.0
2019-03-10,0,0,120,23.12,23.12,0.0,262.657345,0.0
2019-03-10,0,0,123,0.0,0.0,0.0,0.0,0.0
2019-03-10,0,0,125,61.12,61.12,0.0,769.995053,0.0
2019-03-10,0,0,126,0.0,0.0,0.0,0.0,0.0
2019-03-10,0,0,127,0.0,0.0,0.0,0.0,0.0
2019-03-10,0,0,128,87.54,87.54,0.0,1102.836501,0.0
2019-03-10,0,0,131,7.46,7.46,0.0,86.946613,0.0
2019-03-10,0,0,132,10.97,10.97,0.0,127.85581,0.0
2019-03-10,0,0,133,14.47,14.47,0.0,214.348133,0.0
2019-03-10,0,0,134,0.0,0.0,0.0,0.0,0.0
2019-03-10,0,0,135,19.39,19.39,0.0,287.22946,0.0
2019-03-10,0,0,136,9.59,9.59,0.0,141.771349,0.0
2019-03-10,0,0,139,34.07,34.07,0.0,447.366838,0.0
2019-03-10,0,0,140,190.47,190.47,0.0,2179.067342,0.0
2019-03-10,0,0,141,69.92,69.92,0.0,810.529795,0.0
2019-03-10,0,0,142,0.0,0.0,0.0,0.0,0.0
2019-03-10,0,0,143,3.97,3.97,0.0,49.978443,0.0
2019-03-10,0,0,145,3.19,3.19,0.0,41.044193,0.0
2019-03-10,0,0,146,155.05,155.05,0.0,1773.845705,0.0
2019-03-10,0,0,152,0.0,0.0,0.0,0.0,0.0
2019-03-10,0,0,153,0.0,0.0,0.0,0.0,0.0
2019-03-10,0,0,154,0.0,0.0,0.0,0.0,0.0
2019-03-10,0,0,157,42.01,42.01,0.0,486.990227,0.0
2019-03-10,0,0,158,0.0,0.0,0.0,0.0,0.0
2019-03-10,0,0,159,0.0,0.0,0.0,0.0,0.0
2019-03-10,0,0,160,0.0,0.0,0.0,0.0,0.0
2019-03-10,0,0,161,0.0,0.0,0.0,0.0,0.0
2019-03-10,0,0,162,0.0,0.0,0.0,0.0,0.0
2019-03-10,0,0,163,33.26,33.26,0.0,380.510211,0.0
2019-03-10,0,0,164,0.0,0.0,0.0,0.0,0.0
2019-03-10,0,0,167,0.0,0.0,0.0,0.0,0.0
2019-03-10,0,0,168,0.0,0.0,0.0,0.0,0.0
2019-03-10,0,0,169,0.0,0.0,0.0,0.0,0.0
2019-03-10,0,0,170,0.0,0.0,0.0,0.0,0.0
2019-03-10,0,0,172,0.0,0.0,0.0,0.0,0.0
2019-03-10,0,0,173,0.0,0.0,0.0,0.0,0.0
2019-03-10,0,0,188,0.0,0.0,0.0,0.0,0.0
2019-03-10,0,0,190,0.0,0.0,0.0,0.0,0.0
2019-03-10,0,0,191,0.0,0.0,0.0,0.0,0.0
2019-03-10,0,0,192,74.01,74.01,0.0,840.79888,0.0
2019-03-10,0,0,194,30.13,30.13,0.0,344.438951,0.0
2019-03-10,0,0,196,0.0,0.0,0.0,0.0,0.0
2019-03-10,0,0,198,0.0,0.0,0.0,0.0,0.0
2019-03-10,0,0,199,0.0,0.0,0.0,0.0,0.0
2019-03-10,0,0,200,0.0,0.0,0.0,0.0,0.0
2019-03-10,0,0,204,36.88,36.88,0.0,489.408158,0.0
2019-03-10,0,0,205,50.72,50.72,0.0,676.277123,0.0
2019-03-10,0,0,206,99.19,99.19,0.0,1247.766732,0.0
2019-03-10,0,0,210,0.0,0.0,0.0,0.0,0.0
2019-03-10,0,0,214,0.0,0.0,0.0,0.0,0.0
2019-03-10,0,0,217,0.0,0.0,0.0,0.0,0.0
2019-03-10,0,0,218,0.0,0.0,0.0,0.0,0.0
2019-03-10,0,0,219,0.0,0.0,0.0,0.0,0.0
2019-03-10,0,0,221,0.0,0.0,0.0,0.0,0.0
2019-03-10,0,0,225,0.0,0.0,0.0,0.0,0.0
2019-03-10,0,0,233,0.0,0.0,0.0,0.0,0.0
2019-03-10,0,0,236,23.48,23.48,0.0,339.219952,0.0
2019-03-10,0,0,237,45.52,45.52,0.0,641.308074,0.0
2019-03-10,0,0,238,0.0,0.0,0.0,0.0,0.0
2019-03-10,0,0,240,0.0,0.0,0.0,0.0,0.0
2019-03-10,0,0,245,18.77,18.77,0.0,279.802794,0.0
2019-03-10,0,0,247,19.33,19.33,0.0,288.150666,0.0
2019-03-10,0,0,248,4.57,4.57,0.0,64.3844,0.0
2019-03-10,0,0,249,35.16,35.16,0.0,524.12713,0.0
2019-03-10,0,0,251,43.67,43.67,0.0,643.773382,0.0
2019-03-10,0,0,252,33.56,33.56,0.0,496.173953,0.0
2019-03-10,0,0,254,0.0,0.0,0.0,0.0,0.0
2019-03-10,0,0,255,0.0,0.0,0.0,0.0,0.0
2019-03-10,0,0,258,0.0,0.0,0.0,0.0,0.0
2019-03-10,0,0,260,0.0,0.0,0.0,0.0,0.0
2019-03-10,0,0,265,0.0,0.0,0.0,0.0,0.0
2019-03-10,0,0,266,22.06,22.06,0.0,289.66576,0.0
2019-03-10,0,0,267,27.11,27.11,0.0,355.976371,0.0
2019-03-10,0,0,270,103.87,103.87,0.0,1188.322176,0.0
2019-03-10,0,0,272,110.4,110.4,0.0,1276.416501,0.0
2019-03-10,0,0,273,0.0,0.0,0.0,0.0,0.0
2019-03-10,0,0,274,133.91,133.91,0.0,1531.994056,0.0
2019-03-10,0,0,275,186.4,186.4,0.0,2132.504608,0.0
2019-03-10,0,0,276,0.0,0.0,0.0,0.0,0.0
2019-03-10,0,0,277,0.0,0.0,0.0,0.0,0.0
2019-03-10,0,0,278,0.0,0.0,0.0,0.0,0.0
2019-03-10,0,0,279,47.78,47.78,0.0,555.846222,0.0
2019-03-10,0,0,281,0.0,0.0,0.0,0.0,0.0
2019-03-10,0,0,282,0.0,0.0,0.0,0.0,0.0
2019-03-10,1,0,9,0.0,0.0,0.0,0.0,0.0
2019-03-10,1,0,17,0.0,0.0,0.0,0.0,0.0
2019-03-10,1,0,19,89.01,89.01,0.0,1175.759735,0.0
2019-03-10,1,0,20,107.96,107.96,0.0,1426.075958,0.0
2019-03-10,1,0,21,0.0,0.0,0.0,0.0,0.0
2019-03-10,1,0,22,0.0,0.0,0.0,0.0,0.0
2019-03-10,1,0,23,38.62,38.62,0.0,438.98354,0.0
2019-03-10,1,0,24,68.33,68.33,0.0,776.689417,0.0
2019-03-10,1,0,29,0.0,0.0,0.0,0.0,0.0
2019-03-10,1,0,30,0.0,0.0,0.0,0.0,0.0
2019-03-10,1,0,31,2.42,2.42,0.0,27.48587,0.0
2019-03-10,1,0,32,0.0,0.0,0.0,0.0,0.0
2019-03-10,1,0,33,0.0,0.0,0.0,0.0,0.0
2019-03-10,1,0,34,0.0,0.0,0.0,0.0,0.0
2019-03-10,1,0,35,0.0,0.0,0.0,0.0,0.0
2019-03-10,1,0,36,0.0,0.0,0.0,0.0,0.0
2019-03-10,1,0,37,0.0,0.0,0.0,0.0,0.0
2019-03-10,1,0,38,0.0,0.0,0.0,0.0,0.0
2019-03-10,1,0,39,0.0,0.0,0.0,0.0,0.0
2019-03-10,1,0,40,0.0,0.0,0.0,0.0,0.0
2019-03-10,1,0,41,44.75,44.75,0.0,531.010609,0.0
2019-03-10,1,0,42,0.0,0.0,0.0,0.0,0.0
2019-03-10,1,0,43,0.0,0.0,0.0,0.0,0.0
2019-03-10,1,0,46,0.0,0.0,0.0,0.0,0.0
2019-03-10,1,0,52,2.57,2.57,0.0,29.189539,0.0
2019-03-10,1,0,53,4.21,4.21,0.0,47.816327,0.0
2019-03-10,1,0,55,74.15,74.15,0.0,842.84385,0.0
2019-03-10,1,0,56,0.0,0.0,0.0,0.0,0.0
2019-03-10,1,0,57,0.0,0.0,0.0,0.0,0.0
2019-03-10,1,0,58,0.0,0.0,0.0,0.0,0.0
2019-03-10,1,0,59,0.0,0.0,0.0,0.0,0.0
2019-03-10,1,0,63,46.21,46.21,0.0,629.251345,0.0
2019-03-10,1,0,64,54.37,54.37,0.0,740.367791,0.0
2019-03-10,1,0,65,4.5,4.5,0.0,59.357167,0.0
2019-03-10,1,0,67,0.0,0.0,0.0,0.0,0.0
2019-03-10,1,0,68,2.14,2.14,0.0,20.103896,0.0
2019-03-10,1,0,69,0.0,0.0,0.0,0.0,0.0
2019-03-10,1,0,74,17.45,17.45,0.0,221.290978,0.0
2019-03-10,1,0,77,58.99,58.99,0.0,620.238002,0.0
2019-03-10,1,0,78,44.6,44.6,0.0,468.937361,0.0
2019-03-10,1,0,79,25.81,25.81,0.0,271.37384,0.0
2019-03-10,1,0,80,41.74,41.74,0.0,438.866489,0.0
2019-03-10,1,0,81,54.57,54.57,0.0,573.764838,0.0
2019-03-10,1,0,82,38.49,38.49,0.0,404.695045,0.0
2019-03-10,1,0,83,85.83,85.83,0.0,902.441562,0.0
2019-03-10,1,0,84,0.0,0.0,0.0,0.0,0.0
2019-03-10,1,0,86,0.0,0.0,0.0,0.0,0.0
2019-03-10,1,0,87,0.0,0.0,0.0,0.0,0.0
2019-03-10,1,0,88,46.53,46.53,0.0,489.229941,0.0
2019-03-10,1,0,89,44.73,44.73,0.0,470.304218,0.0
2019-03-10,1,0,90,60.06,60.06,0.0,631.488293,0.0
2019-03-10,1,0,91,214.24,214.24,0.0,2252.581617,0.0
2019-03-10,1,0,92,77.05,77.05,0.0,810.12609,0.0
2019-03-10,1,0,95,0.0,0.0,0.0,0.0,0.0
2019-03-10,1,0,96,6.76,6.76,0.0,76.715524,0.0
2019-03-10,1,0,97,41.56,41.56,0.0,471.641594,0.0
2019-03-10,1,0,99,3.37,3.37,0.0,42.736424,0.0
2019-03-10,1,0,101,0.0,0.0,0.0,0.0,0.0
2019-03-10,1,0,102,5.06,5.06,0.0,47.535381,0.0
2019-03-10,1,0,103,4.4,4.4,0.0,41.335114,0.0
2019-03-10,1,0,104,0.82,0.82,0.0,7.703362,0.0
2019-03-10,1,0,106,0.0,0.0,0.0,0.0,0.0
2019-03-10,1,0,109,34.09,34.09,0.0,412.959386,0.0
2019-03-10,1,0,110,320.16,320.16,0.0,1347.495976,0.0
2019-03-10,1,0,111,0.0,0.0,0.0,0.0,0.0
2019-03-10,1,0,113,22.54,22.54,0.0,238.615462,0.0
2019-03-10,1,0,115,22.54,22.54,0.0,238.615462,0.0
2019-03-10,1,0,116,0.0,0.0,0.0,0.0,0.0
2019-03-10,1,0,117,1.54,1.54,0.0,16.30292,0.0
2019-03-10,1,0,119,54.37,54.37,0.0,740.367791,0.0
2019-03-10,1,0,120,31.97,31.97,0.0,435.342253,0.0
2019-03-10,1,0,123,0.0,0.0,0.0,0.0,0.0
2019-03-10,1,0,125,61.84,61.84,0.0,702.919268,0.0
2019-03-10,1,0,126,0.0,0.0,0.0,0.0,0.0
2019-03-10,1,0,127,0.0,0.0,0.0,0.0,0.0
2019-03-10,1,0,128,88.57,88.57,0.0,1006.752256,0.0
2019-03-10,1,0,131,7.99,7.99,0.0,77.784697,0.0
2019-03-10,1,0,132,11.74,11.74,0.0,114.291908,0.0
2019-03-10,1,0,133,12.26,12.26,0.0,161.967746,0.0
2019-03-10,1,0,134,0.0,0.0,0.0,0.0,0.0
2019-03-10,1,0,135,16.43,16.43,0.0,217.057918,0.0
2019-03-10,1,0,136,8.8,8.8,0.0,116.067146,0.0
2019-03-10,1,0,139,57.78,57.78,0.0,685.626659,0.0
2019-03-10,1,0,140,236.95,236.95,0.0,997.280021,0.0
2019-03-10,1,0,141,67.87,67.87,0.0,550.9585,0.0
2019-03-10,1,0,142,0.0,0.0,0.0,0.0,0.0
2019-03-10,1,0,143,5.46,5.46,0.0,62.013574,0.0
2019-03-10,1,0,145,5.35,5.35,0.0,62.268868,0.0
2019-03-10,1,0,146,236.96,236.96,0.0,997.322109,0.0
2019-03-10,1,0,152,0.0,0.0,0.0,0.0,0.0
2019-03-10,1,0,153,0.0,0.0,0.0,0.0,0.0
2019-03-10,1,0,154,0.0,0.0,0.0,0.0,0.0
2019-03-10,1,0,157,43.11,43.11,0.0,349.960527,0.0
2019-03-10,1,0,158,0.0,0.0,0.0,0.0,0.0
2019-03-10,1,0,159,0.0,0.0,0.0,0.0,0.0
2019-03-10,1,0,160,0.0,0.0,0.0,0.0,0.0
2019-03-10,1,0,161,0.0,0.0,0.0,0.0,0.0
2019-03-10,1,0,162,1.5,1.5,0.0,19.454731,0.0
2019-03-10,1,0,163,39.97,39.97,0.0,168.226556,0.0
2019-03-10,1,0,164,0.0,0.0,0.0,0.0,0.0
2019-03-10,1,0,167,0.0,0.0,0.0,0.0,0.0
2019-03-10,1,0,168,0.0,0.0,0.0,0.0,0.0
2019-03-10,1,0,169,0.0,0.0,0.0,0.0,0.0
2019-03-10,1,0,170,0.0,0.0,0.0,0.0,0.0
2019-03-10,1,0,172,0.0,0.0,0.0,0.0,0.0
2019-03-10,1,0,173,0.0,0.0,0.0,0.0,0.0
2019-03-10,1,0,188,0.0,0.0,0.0,0.0,0.0
2019-03-10,1,0,190,0.0,0.0,0.0,0.0,0.0
2019-03-10,1,0,191,0.0,0.0,0.0,0.0,0.0
2019-03-10,1,0,192,114.28,114.28,0.0,1556.174934,0.0
2019-03-10,1,0,194,39.36,39.36,0.0,456.720697,0.0
2019-03-10,1,0,196,0.0,0.0,0.0,0.0,0.0
2019-03-10,1,0,198,0.0,0.0,0.0,0.0,0.0
2019-03-10,1,0,199,2.01,2.01,0.0,22.934876,0.0
2019-03-10,1,0,200,0.0,0.0,0.0,0.0,0.0
2019-03-10,1,0,204,143.35,143.35,0.0,1729.28236,0.0
2019-03-10,1,0,205,180.35,180.35,0.0,2184.723531,0.0
2019-03-10,1,0,206,122.13,122.13,0.0,1385.986234,0.0
2019-03-10,1,0,210,0.0,0.0,0.0,0.0,0.0
2019-03-10,1,0,214,0.0,0.0,0.0,0.0,0.0
2019-03-10,1,0,217,0.0,0.0,0.0,0.0,0.0
2019-03-10,1,0,218,0.0,0.0,0.0,0.0,0.0
2019-03-10,1,0,219,0.0,0.0,0.0,0.0,0.0
2019-03-10,1,0,221,0.0,0.0,0.0,0.0,0.0
2019-03-10,1,0,225,0.0,0.0,0.0,0.0,0.0
2019-03-10,1,0,233,0.0,0.0,0.0,0.0,0.0
2019-03-10,1,0,236,21.03,21.03,0.0,272.31012,0.0
2019-03-10,1,0,237,41.87,41.87,0.0,530.971534,0.0
2019-03-10,1,0,238,0.0,0.0,0.0,0.0,0.0
2019-03-10,1,0,240,0.0,0.0,0.0,0.0,0.0
2019-03-10,1,0,245,6.51,6.51,0.0,86.443023,0.0
2019-03-10,1,0,247,15.72,15.72,0.0,208.737992,0.0
2019-03-10,1,0,248,4.2,4.2,0.0,53.262012,0.0
2019-03-10,1,0,249,12.53,12.53,0.0,166.379582,0.0
2019-03-10,1,0,251,35.91,35.91,0.0,472.560721,0.0
2019-03-10,1,0,252,29.06,29.06,0.0,383.315392,0.0
2019-03-10,1,0,254,0.0,0.0,0.0,0.0,0.0
2019-03-10,1,0,255,0.0,0.0,0.0,0.0,0.0
2019-03-10,1,0,258,0.0,0.0,0.0,0.0,0.0
2019-03-10,1,0,260,0.0,0.0,0.0,0.0,0.0
2019-03-10,1,0,265,0.0,0.0,0.0,0.0,0.0
2019-03-10,1,0,266,37.42,37.42,0.0,444.031664,0.0
2019-03-10,1,0,267,45.98,45.98,0.0,545.605984,0.0
2019-03-10,1,0,270,124.84,124.84,0.0,525.429153,0.0
2019-03-10,1,0,272,75.18,75.18,0.0,795.8789,0.0
2019-03-10,1,0,273,0.0,0.0,0.0,0.0,0.0
2019-03-10,1,0,274,160.93,160.93,0.0,677.325485,0.0
2019-03-10,1,0,275,224.02,224.02,0.0,942.859972,0.0
2019-03-10,1,0,276,0.0,0.0,0.0,0.0,0.0
2019-03-10,1,0,277,0.0,0.0,0.0,0.0,0.0
2019-03-10,1,0,278,0.0,0.0,0.0,0.0,0.0
2019-03-10,1,0,279,55.17,55.17,0.0,582.453808,0.0
2019-03-10,1,0,281,1.0,1.0,0.0,11.357797,0.0
2019-03-10,1,0,282,0.0,0.0,0.0,0.0,0.0
2019-03-10,2,0,9,0.0,0.0,0.0,0.0,0.0
2019-03-10,2,0,17,0.0,0.0,0.0,0.0,0.0
2019-03-10,2,0,19,80.19,80.19,0.0,910.78177,0.0
2019-03-10,2,0,20,97.25,97.25,0.0,1104.545793,0.0
2019-03-10,2,0,21,0.0,0.0,0.0,0.0,0.0
2019-03-10,2,0,22,0.0,0.0,0.0,0.0,0.0
2019-03-10,2,0,23,34.57,34.57,0.0,392.639054,0.0
2019-03-10,2,0,24,61.16,61.16,0.0,694.642886,0.0
2019-03-10,2,0,29,0.0,0.0,0.0,0.0,0.0
2019-03-10,2,0,30,0.0,0.0,0.0,0.0,0.0
2019-03-10,2,0,31,1.58,1.58,0.0,17.94532,0.0
2019-03-10,2,0,32,0.0,0.0,0.0,0.0,0.0
2019-03-10,2,0,33,0.0,0.0,0.0,0.0,0.0
2019-03-10,2,0,34,0.0,0.0,0.0,0.0,0.0
2019-03-10,2,0,35,0.0,0.0,0.0,0.0,0.0
2019-03-10,2,0,36,0.0,0.0,0.0,0.0,0.0
2019-03-10,2,0,37,0.0,0.0,0.0,0.0,0.0
2019-03-10,2,0,38,0.0,0.0,0.0,0.0,0.0
2019-03-10,2,0,39,0.0,0.0,0.0,0.0,0.0
2019-03-10,2,0,40,0.0,0.0,0.0,0.0,0.0
2019-03-10,2,0,41,46.91,46.91,0.0,532.794274,0.0
2019-03-10,2,0,42,0.0,0.0,0.0,0.0,0.0
2019-03-10,2,0,43,0.0,0.0,0.0,0.0,0.0
2019-03-10,2,0,46,0.0,0.0,0.0,0.0,0.0
2019-03-10,2,0,52,1.68,1.68,0.0,19.0811,0.0
2019-03-10,2,0,53,2.66,2.66,0.0,30.211741,0.0
2019-03-10,2,0,55,85.2,85.2,0.0,967.684334,0.0
2019-03-10,2,0,56,0.0,0.0,0.0,0.0,0.0
2019-03-10,2,0,57,0.0,0.0,0.0,0.0,0.0
2019-03-10,2,0,58,0.0,0.0,0.0,0.0,0.0
2019-03-10,2,0,59,0.0,0.0,0.0,0.0,0.0
2019-03-10,2,0,63,32.07,32.07,0.0,364.244561,0.0
2019-03-10,2,0,64,37.73,37.73,0.0,428.529694,0.0
2019-03-10,2,0,65,4.1,4.1,0.0,46.566969,0.0
2019-03-10,2,0,67,0.0,0.0,0.0,0.0,0.0
2019-03-10,2,0,68,1.8,1.8,0.0,20.444035,0.0
2019-03-10,2,0,69,0.0,0.0,0.0,0.0,0.0
2019-03-10,2,0,74,15.55,15.55,0.0,176.613749,0.0
2019-03-10,2,0,77,58.1,58.1,0.0,659.888026,0.0
2019-03-10,2,0,78,43.92,43.92,0.0,498.83446,0.0
2019-03-10,2,0,79,25.42,25.42,0.0,288.715209,0.0
2019-03-10,2,0,80,41.1,41.1,0.0,466.805471,0.0
2019-03-10,2,0,81,53.74,53.74,0.0,610.36803,0.0
2019-03-10,2,0,82,37.91,37.91,0.0,430.574098,0.0
2019-03-10,2,0,83,84.53,84.53,0.0,960.07461,0.0
2019-03-10,2,0,84,0.0,0.0,0.0,0.0,0.0
2019-03-10,2,0,86,0.0,0.0,0.0,0.0,0.0
2019-03-10,2,0,87,0.0,0.0,0.0,0.0,0.0
2019-03-10,2,0,88,49.04,49.04,0.0,556.986382,0.0
2019-03-10,2,0,89,47.15,47.15,0.0,535.520145,0.0
2019-03-10,2,0,90,63.3,63.3,0.0,718.948572,0.0
2019-03-10,2,0,91,225.82,225.82,0.0,2564.817798,0.0
2019-03-10,2,0,92,81.21,81.21,0.0,922.366723,0.0
2019-03-10,2,0,95,0.99,0.99,0.0,11.244219,0.0
2019-03-10,2,0,96,7.29,7.29,0.0,82.798343,0.0
2019-03-10,2,0,97,44.85,44.85,0.0,509.397211,0.0
2019-03-10,2,0,99,3.0,3.0,0.0,34.073392,0.0
2019-03-10,2,0,101,0.0,0.0,0.0,0.0,0.0
2019-03-10,2,0,102,4.27,4.27,0.0,48.497795,0.0
2019-03-10,2,0,103,3.71,3.71,0.0,42.137428,0.0
2019-03-10,2,0,104,0.69,0.69,0.0,7.83688,0.0
2019-03-10,2,0,106,0.0,0.0,0.0,0.0,0.0
2019-03-10,2,0,109,44.94,44.94,0.0,510.419413,0.0
2019-03-10,2,0,110,335.2,335.2,0.0,3807.133673,0.0
2019-03-10,2,0,111,0.0,0.0,0.0,0.0,0.0
2019-03-10,2,0,113,25.01,25.01,0.0,284.058512,0.0
2019-03-10,2,0,115,25.01,25.01,0.0,284.058512,0.0
2019-03-10,2,0,116,0.0,0.0,0.0,0.0,0.0
2019-03-10,2,0,117,1.34,1.34,0.0,15.219448,0.0
2019-03-10,2,0,119,37.73,37.73,0.0,428.529694,0.0
2019-03-10,2,0,120,22.18,22.18,0.0,251.915945,0.0
2019-03-10,2,0,123,0.0,0.0,0.0,0.0,0.0
2019-03-10,2,0,125,55.35,55.35,0.0,628.654083,0.0
2019-03-10,2,0,126,0.0,0.0,0.0,0.0,0.0
2019-03-10,2,0,127,0.0,0.0,0.0,0.0,0.0
2019-03-10,2,0,128,79.27,79.27,0.0,900.332596,0.0
2019-03-10,2,0,131,7.45,7.45,0.0,84.61559,0.0
2019-03-10,2,0,132,10.95,10.95,0.0,124.367881,0.0
2019-03-10,2,0,133,11.4,11.4,0.0,129.47889,0.0
2019-03-10,2,0,134,0.0,0.0,0.0,0.0,0.0
2019-03-10,2,0,135,15.28,15.28,0.0,173.547144,0.0
2019-03-10,2,0,136,7.91,7.91,0.0,89.840177,0.0
2019-03-10,2,0,139,60.58,60.58,0.0,688.055364,0.0
2019-03-10,2,0,140,248.08,248.08,0.0,2817.642367,0.0
2019-03-10,2,0,141,54.91,54.91,0.0,623.656653,0.0
2019-03-10,2,0,142,0.0,0.0,0.0,0.0,0.0
2019-03-10,2,0,143,4.38,4.38,0.0,49.747152,0.0
2019-03-10,2,0,145,6.9,6.9,0.0,78.368802,0.0
2019-03-10,2,0,146,268.0,268.0,0.0,3043.88969,0.0
2019-03-10,2,0,152,0.0,0.0,0.0,0.0,0.0
2019-03-10,2,0,153,0.0,0.0,0.0,0.0,0.0
2019-03-10,2,0,154,0.0,0.0,0.0,0.0,0.0
2019-03-10,2,0,157,55.69,55.69,0.0,632.515735,0.0
2019-03-10,2,0,158,0.0,0.0,0.0,0.0,0.0
2019-03-10,2,0,159,0.0,0.0,0.0,0.0,0.0
2019-03-10,2,0,160,0.0,0.0,0.0,0.0,0.0
2019-03-10,2,0,161,0.0,0.0,0.0,0.0,0.0
2019-03-10,2,0,162,2.37,2.37,0.0,26.91798,0.0
2019-03-10,2,0,163,29.36,29.36,0.0,333.46493,0.0
2019-03-10,2,0,164,0.0,0.0,0.0,0.0,0.0
2019-03-10,2,0,167,0.0,0.0,0.0,0.0,0.0
2019-03-10,2,0,168,0.0,0.0,0.0,0.0,0.0
2019-03-10,2,0,169,0.0,0.0,0.0,0.0,0.0
2019-03-10,2,0,170,0.0,0.0,0.0,0.0,0.0
2019-03-10,2,0,172,0.0,0.0,0.0,0.0,0.0
2019-03-10,2,0,173,0.0,0.0,0.0,0.0,0.0
2019-03-10,2,0,188,0.0,0.0,0.0,0.0,0.0
2019-03-10,2,0,190,0.0,0.0,0.0,0.0,0.0
2019-03-10,2,0,191,0.0,0.0,0.0,0.0,0.0
2019-03-10,2,0,192,101.75,101.75,0.0,1155.655881,0.0
2019-03-10,2,0,194,49.91,49.91,0.0,566.867666,0.0
2019-03-10,2,0,196,0.0,0.0,0.0,0.0,0.0
2019-03-10,2,0,198,0.0,0.0,0.0,0.0,0.0
2019-03-10,2,0,199,1.25,1.25,0.0,14.197247,0.0
2019-03-10,2,0,200,0.0,0.0,0.0,0.0,0.0
2019-03-10,2,0,204,202.88,202.88,0.0,2304.269927,0.0
2019-03-10,2,0,205,220.64,220.64,0.0,2505.984408,0.0
2019-03-10,2,0,206,131.78,131.78,0.0,1496.730535,0.0
2019-03-10,2,0,210,0.0,0.0,0.0,0.0,0.0
2019-03-10,2,0,214,0.0,0.0,0.0,0.0,0.0
2019-03-10,2,0,217,0.0,0.0,0.0,0.0,0.0
2019-03-10,2,0,218,0.0,0.0,0.0,0.0,0.0
2019-03-10,2,0,219,0.0,0.0,0.0,0.0,0.0
2019-03-10,2,0,221,0.0,0.0,0.0,0.0,0.0
2019-03-10,2,0,225,0.0,0.0,0.0,0.0,0.0
2019-03-10,2,0,233,0.0,0.0,0.0,0.0,0.0
2019-03-10,2,0,236,19.75,19.75,0.0,224.316498,0.0
2019-03-10,2,0,237,37.3,37.3,0.0,423.645841,0.0
2019-03-10,2,0,238,0.0,0.0,0.0,0.0,0.0
2019-03-10,2,0,240,0.0,0.0,0.0,0.0,0.0
2019-03-10,2,0,245,6.51,6.51,0.0,73.939261,0.0
2019-03-10,2,0,247,15.54,15.54,0.0,176.500171,0.0
2019-03-10,2,0,248,3.74,3.74,0.0,42.478162,0.0
2019-03-10,2,0,249,12.51,12.51,0.0,142.086045,0.0
2019-03-10,2,0,251,34.27,34.27,0.0,389.231715,0.0
2019-03-10,2,0,252,26.47,26.47,0.0,300.640896,0.0
2019-03-10,2,0,254,0.0,0.0,0.0,0.0,0.0
2019-03-10,2,0,255,0.0,0.0,0.0,0.0,0.0
2019-03-10,2,0,258,0.0,0.0,0.0,0.0,0.0
2019-03-10,2,0,260,0.0,0.0,0.0,0.0,0.0
2019-03-10,2,0,265,0.0,0.0,0.0,0.0,0.0
2019-03-10,2,0,266,39.22,39.22,0.0,445.452812,0.0
2019-03-10,2,0,267,48.2,48.2,0.0,547.445832,0.0
2019-03-10,2,0,270,91.71,91.71,0.0,1041.623595,0.0
2019-03-10,2,0,272,107.91,107.91,0.0,1225.619912,0.0
2019-03-10,2,0,273,0.0,0.0,0.0,0.0,0.0
2019-03-10,2,0,274,118.22,118.22,0.0,1342.718803,0.0
2019-03-10,2,0,275,164.57,164.57,0.0,1869.15271,0.0
2019-03-10,2,0,276,0.0,0.0,0.0,0.0,0.0
2019-03-10,2,0,277,0.0,0.0,0.0,0.0,0.0
2019-03-10,2,0,278,0.0,0.0,0.0,0.0,0.0
2019-03-10,2,0,279,50.64,50.64,0.0,575.158858,0.0
2019-03-10,2,0,281,0.71,0.71,0.0,8.064036,0.0
2019-03-10,2,0,282,0.0,0.0,0.0,0.0,0.0
2019-03-10,3,0,9,0.0,0.0,0.0,0.0,0.0
2019-03-10,3,0,17,0.0,0.0,0.0,0.0,0.0
2019-03-10,3,0,19,71.79,71.79,0.0,738.585524,0.0
2019-03-10,3,0,20,87.07,87.07,0.0,895.788293,0.0
2019-03-10,3,0,21,0.0,0.0,0.0,0.0,0.0
2019-03-10,3,0,22,0.0,0.0,0.0,0.0,0.0
2019-03-10,3,0,23,30.89,30.89,0.0,296.172824,0.0
2019-03-10,3,0,24,54.66,54.66,0.0,524.079202,0.0
2019-03-10,3,0,29,0.0,0.0,0.0,0.0,0.0
2019-03-10,3,0,30,0.0,0.0,0.0,0.0,0.0
2019-03-10,3,0,31,2.43,2.43,0.0,23.288012,0.0
2019-03-10,3,0,32,0.0,0.0,0.0,0.0,0.0
2019-03-10,3,0,33,0.0,0.0,0.0,0.0,0.0
2019-03-10,3,0,34,0.0,0.0,0.0,0.0,0.0
2019-03-10,3,0,35,0.0,0.0,0.0,0.0,0.0
2019-03-10,3,0,36,0.0,0.0,0.0,0.0,0.0
2019-03-10,3,0,37,0.0,0.0,0.0,0.0,0.0
2019-03-10,3,0,38,0.0,0.0,0.0,0.0,0.0
2019-03-10,3,0,39,0.0,0.0,0.0,0.0,0.0
2019-03-10,3,0,40,0.0,0.0,0.0,0.0,0.0
2019-03-10,3,0,41,48.91,48.91,0.0,480.259522,0.0
2019-03-10,3,0,42,0.0,0.0,0.0,0.0,0.0
2019-03-10,3,0,43,0.0,0.0,0.0,0.0,0.0
2019-03-10,3,0,46,0.0,0.0,0.0,0.0,0.0
2019-03-10,3,0,52,2.58,2.58,0.0,24.725543,0.0
2019-03-10,3,0,53,4.09,4.09,0.0,39.196695,0.0
2019-03-10,3,0,55,89.09,89.09,0.0,854.19349,0.0
2019-03-10,3,0,56,0.0,0.0,0.0,0.0,0.0
2019-03-10,3,0,57,0.0,0.0,0.0,0.0,0.0
2019-03-10,3,0,58,0.0,0.0,0.0,0.0,0.0
2019-03-10,3,0,59,0.0,0.0,0.0,0.0,0.0
2019-03-10,3,0,63,28.49,28.49,0.0,367.016682,0.0
2019-03-10,3,0,64,33.52,33.52,0.0,431.814643,0.0
2019-03-10,3,0,65,3.74,3.74,0.0,38.459082,0.0
2019-03-10,3,0,67,0.0,0.0,0.0,0.0,0.0
2019-03-10,3,0,68,1.5,1.5,0.0,11.946212,0.0
2019-03-10,3,0,69,0.0,0.0,0.0,0.0,0.0
2019-03-10,3,0,74,14.1,14.1,0.0,143.00622,0.0
2019-03-10,3,0,77,57.43,57.43,0.0,526.125376,0.0
2019-03-10,3,0,78,43.41,43.41,0.0,397.685923,0.0
2019-03-10,3,0,79,25.12,25.12,0.0,230.128321,0.0
2019-03-10,3,0,80,40.63,40.63,0.0,372.217901,0.0
2019-03-10,3,0,81,53.12,53.12,0.0,486.64078,0.0
2019-03-10,3,0,82,37.47,37.47,0.0,343.268637,0.0
2019-03-10,3,0,83,83.55,83.55,0.0,765.414856,0.0
2019-03-10,3,0,84,0.0,0.0,0.0,0.0,0.0
2019-03-10,3,0,86,0.0,0.0,0.0,0.0,0.0
2019-03-10,3,0,87,0.0,0.0,0.0,0.0,0.0
2019-03-10,3,0,88,51.65,51.65,0.0,473.173876,0.0
2019-03-10,3,0,89,49.65,49.65,0.0,454.851557,0.0
2019-03-10,3,0,90,66.67,66.67,0.0,610.774488,0.0
2019-03-10,3,0,91,237.82,237.82,0.0,2178.706895,0.0
2019-03-10,3,0,92,85.53,85.53,0.0,783.553951,0.0
2019-03-10,3,0,95,4.94,4.94,0.0,60.15164,0.0
2019-03-10,3,0,96,7.94,7.94,0.0,76.056495,0.0
2019-03-10,3,0,97,48.8,48.8,0.0,467.4505,0.0
2019-03-10,3,0,99,2.72,2.72,0.0,27.587015,0.0
2019-03-10,3,0,101,0.0,0.0,0.0,0.0,0.0
2019-03-10,3,0,102,3.56,3.56,0.0,28.352343,0.0
2019-03-10,3,0,103,3.09,3.09,0.0,24.609197,0.0
2019-03-10,3,0,104,0.57,0.57,0.0,4.539561,0.0
2019-03-10,3,0,106,0.0,0.0,0.0,0.0,0.0
2019-03-10,3,0,109,60.43,60.43,0.0,602.605219,0.0
2019-03-10,3,0,110,338.6,338.6,0.0,766.328014,0.0
2019-03-10,3,0,111,0.0,0.0,0.0,0.0,0.0
2019-03-10,3,0,113,21.57,21.57,0.0,201.739732,0.0
2019-03-10,3,0,115,21.57,21.57,0.0,201.739732,0.0
2019-03-10,3,0,116,0.0,0.0,0.0,0.0,0.0
2019-03-10,3,0,117,1.11,1.11,0.0,10.3816,0.0
2019-03-10,3,0,119,33.52,33.52,0.0,431.814643,0.0
2019-03-10,3,0,120,19.71,19.71,0.0,253.910102,0.0
2019-03-10,3,0,123,0.0,0.0,0.0,0.0,0.0
2019-03-10,3,0,125,49.46,49.46,0.0,474.221686,0.0
2019-03-10,3,0,126,0.0,0.0,0.0,0.0,0.0
2019-03-10,3,0,127,0.0,0.0,0.0,0.0,0.0
2019-03-10,3,0,128,70.84,70.84,0.0,679.212783,0.0
2019-03-10,3,0,131,6.95,6.95,0.0,57.955612,0.0
2019-03-10,3,0,132,10.22,10.22,0.0,85.223936,0.0
2019-03-10,3,0,133,5.98,5.98,0.0,61.525869,0.0
2019-03-10,3,0,134,0.0,0.0,0.0,0.0,0.0
2019-03-10,3,0,135,8.0,8.0,0.0,82.308855,0.0
2019-03-10,3,0,136,7.12,7.12,0.0,73.21428,0.0
2019-03-10,3,0,139,63.17,63.17,0.0,620.282028,0.0
2019-03-10,3,0,140,250.6,250.6,0.0,567.164206,0.0
2019-03-10,3,0,141,44.57,44.57,0.0,292.413785,0.0
2019-03-10,3,0,142,0.0,0.0,0.0,0.0,0.0
2019-03-10,3,0,143,3.63,3.63,0.0,34.788264,0.0
2019-03-10,3,0,145,8.77,8.77,0.0,85.312069,0.0
2019-03-10,3,0,146,268.0,268.0,0.0,606.544323,0.0
2019-03-10,3,0,152,0.0,0.0,0.0,0.0,0.0
2019-03-10,3,0,153,0.0,0.0,0.0,0.0,0.0
2019-03-10,3,0,154,0.0,0.0,0.0,0.0,0.0
2019-03-10,3,0,157,98.33,98.33,0.0,645.121101,0.0
2019-03-10,3,0,158,0.0,0.0,0.0,0.0,0.0
2019-03-10,3,0,159,0.0,0.0,0.0,0.0,0.0
2019-03-10,3,0,160,0.0,0.0,0.0,0.0,0.0
2019-03-10,3,0,161,0.0,0.0,0.0,0.0,0.0
2019-03-10,3,0,162,5.33,5.33,0.0,64.942216,0.0
2019-03-10,3,0,163,34.1,34.1,0.0,77.175975,0.0
2019-03-10,3,0,164,0.0,0.0,0.0,0.0,0.0
2019-03-10,3,0,167,0.0,0.0,0.0,0.0,0.0
2019-03-10,3,0,168,0.0,0.0,0.0,0.0,0.0
2019-03-10,3,0,169,0.0,0.0,0.0,0.0,0.0
2019-03-10,3,0,170,0.0,0.0,0.0,0.0,0.0
2019-03-10,3,0,172,0.0,0.0,0.0,0.0,0.0
2019-03-10,3,0,173,0.0,0.0,0.0,0.0,0.0
2019-03-10,3,0,188,0.0,0.0,0.0,0.0,0.0
2019-03-10,3,0,190,0.0,0.0,0.0,0.0,0.0
2019-03-10,3,0,191,0.0,0.0,0.0,0.0,0.0
2019-03-10,3,0,192,109.93,109.93,0.0,1416.151066,0.0
2019-03-10,3,0,194,62.53,62.53,0.0,661.329435,0.0
2019-03-10,3,0,196,0.0,0.0,0.0,0.0,0.0
2019-03-10,3,0,198,0.0,0.0,0.0,0.0,0.0
2019-03-10,3,0,199,1.85,1.85,0.0,20.057593,0.0
2019-03-10,3,0,200,0.0,0.0,0.0,0.0,0.0
2019-03-10,3,0,204,277.33,277.33,0.0,2760.666622,0.0
2019-03-10,3,0,205,319.69,319.69,0.0,3187.934179,0.0
2019-03-10,3,0,206,143.39,143.39,0.0,1373.518999,0.0
2019-03-10,3,0,210,0.0,0.0,0.0,0.0,0.0
2019-03-10,3,0,214,0.0,0.0,0.0,0.0,0.0
2019-03-10,3,0,217,0.0,0.0,0.0,0.0,0.0
2019-03-10,3,0,218,0.0,0.0,0.0,0.0,0.0
2019-03-10,3,0,219,0.0,0.0,0.0,0.0,0.0
2019-03-10,3,0,221,0.0,0.0,0.0,0.0,0.0
2019-03-10,3,0,225,0.0,0.0,0.0,0.0,0.0
2019-03-10,3,0,233,0.0,0.0,0.0,0.0,0.0
2019-03-10,3,0,236,19.06,19.06,0.0,194.801385,0.0
2019-03-10,3,0,237,33.83,33.83,0.0,343.113504,0.0
2019-03-10,3,0,238,0.0,0.0,0.0,0.0,0.0
2019-03-10,3,0,240,0.0,0.0,0.0,0.0,0.0
2019-03-10,3,0,245,6.5,6.5,0.0,66.991519,0.0
2019-03-10,3,0,247,15.43,15.43,0.0,159.027561,0.0
2019-03-10,3,0,248,3.4,3.4,0.0,34.483769,0.0
2019-03-10,3,0,249,12.5,12.5,0.0,128.829845,0.0
2019-03-10,3,0,251,33.04,33.04,0.0,339.486974,0.0
2019-03-10,3,0,252,24.12,24.12,0.0,248.030228,0.0
2019-03-10,3,0,254,0.0,0.0,0.0,0.0,0.0
2019-03-10,3,0,255,0.0,0.0,0.0,0.0,0.0
2019-03-10,3,0,258,0.0,0.0,0.0,0.0,0.0
2019-03-10,3,0,260,0.0,0.0,0.0,0.0,0.0
2019-03-10,3,0,265,0.0,0.0,0.0,0.0,0.0
2019-03-10,3,0,266,40.9,40.9,0.0,401.607329,0.0
2019-03-10,3,0,267,50.26,50.26,0.0,493.515509,0.0
2019-03-10,3,0,270,106.5,106.5,0.0,241.033472,0.0
2019-03-10,3,0,272,88.1,88.1,0.0,823.98101,0.0
2019-03-10,3,0,273,0.0,0.0,0.0,0.0,0.0
2019-03-10,3,0,274,137.29,137.29,0.0,310.718172,0.0
2019-03-10,3,0,275,191.12,191.12,0.0,432.547578,0.0
2019-03-10,3,0,276,0.0,0.0,0.0,0.0,0.0
2019-03-10,3,0,277,0.0,0.0,0.0,0.0,0.0
2019-03-10,3,0,278,0.0,0.0,0.0,0.0,0.0
2019-03-10,3,0,279,46.56,46.56,0.0,431.888864,0.0
2019-03-10,3,0,281,1.09,1.09,0.0,10.446063,0.0
2019-03-10,3,0,282,0.0,0.0,0.0,0.0,0.0
2019-03-10,4,0,9,0.0,0.0,0.0,0.0,0.0
2019-03-10,4,0,17,0.0,0.0,0.0,0.0,0.0
2019-03-10,4,0,19,64.66,64.66,0.0,609.051122,0.0
2019-03-10,4,0,20,78.42,78.42,0.0,738.660516,0.0
2019-03-10,4,0,21,0.0,0.0,0.0,0.0,0.0
2019-03-10,4,0,22,0.0,0.0,0.0,0.0,0.0
2019-03-10,4,0,23,24.94,24.94,0.0,189.879425,0.0
2019-03-10,4,0,24,41.22,41.22,0.0,313.826379,0.0
2019-03-10,4,0,29,0.0,0.0,0.0,0.0,0.0
2019-03-10,4,0,30,0.0,0.0,0.0,0.0,0.0
2019-03-10,4,0,31,3.75,3.75,0.0,28.507491,0.0
2019-03-10,4,0,32,0.0,0.0,0.0,0.0,0.0
2019-03-10,4,0,33,0.0,0.0,0.0,0.0,0.0
2019-03-10,4,0,34,0.0,0.0,0.0,0.0,0.0
2019-03-10,4,0,35,0.0,0.0,0.0,0.0,0.0
2019-03-10,4,0,36,0.0,0.0,0.0,0.0,0.0
2019-03-10,4,0,37,0.0,0.0,0.0,0.0,0.0
2019-03-10,4,0,38,0.0,0.0,0.0,0.0,0.0
2019-03-10,4,0,39,0.0,0.0,0.0,0.0,0.0
2019-03-10,4,0,40,0.0,0.0,0.0,0.0,0.0
2019-03-10,4,0,41,51.08,51.08,0.0,419.363225,0.0
2019-03-10,4,0,42,0.0,0.0,0.0,0.0,0.0
2019-03-10,4,0,43,0.0,0.0,0.0,0.0,0.0
2019-03-10,4,0,46,0.0,0.0,0.0,0.0,0.0
2019-03-10,4,0,52,3.98,3.98,0.0,30.255951,0.0
2019-03-10,4,0,53,6.32,6.32,0.0,48.044625,0.0
2019-03-10,4,0,55,100.16,100.16,0.0,762.563079,0.0
2019-03-10,4,0,56,0.0,0.0,0.0,0.0,0.0
2019-03-10,4,0,57,0.0,0.0,0.0,0.0,0.0
2019-03-10,4,0,58,0.0,0.0,0.0,0.0,0.0
2019-03-10,4,0,59,0.0,0.0,0.0,0.0,0.0
2019-03-10,4,0,63,34.22,34.22,0.0,551.288728,0.0
2019-03-10,4,0,64,40.26,40.26,0.0,648.593927,0.0
2019-03-10,4,0,65,3.42,3.42,0.0,32.17019,0.0
2019-03-10,4,0,67,0.0,0.0,0.0,-0.0,0.0
2019-03-10,4,0,68,1.25,1.25,0.0,4.281551,0.0
2019-03-10,4,0,69,0.0,0.0,0.0,0.0,0.0
2019-03-10,4,0,74,13.17,13.17,0.0,119.097635,0.0
2019-03-10,4,0,77,56.86,56.86,0.0,370.305567,0.0
2019-03-10,4,0,78,42.99,42.99,0.0,279.976017,0.0
2019-03-10,4,0,79,24.88,24.88,0.0,162.033108,0.0
2019-03-10,4,0,80,40.23,40.23,0.0,262.001283,0.0
2019-03-10,4,0,81,52.6,52.6,0.0,342.561956,0.0
2019-03-10,4,0,82,37.1,37.1,0.0,241.616893,0.0
2019-03-10,4,0,83,82.74,82.74,0.0,538.851259,0.0
2019-03-10,4,0,84,0.0,0.0,0.0,0.0,0.0
2019-03-10,4,0,86,0.0,0.0,0.0,0.0,0.0
2019-03-10,4,0,87,0.0,0.0,0.0,0.0,0.0
2019-03-10,4,0,88,54.98,54.98,0.0,358.061907,0.0
2019-03-10,4,0,89,52.86,52.86,0.0,344.255228,0.0
2019-03-10,4,0,90,70.97,70.97,0.0,462.198137,0.0
2019-03-10,4,0,91,253.16,253.16,0.0,1648.725946,0.0
2019-03-10,4,0,92,91.05,91.05,0.0,592.970838,0.0
2019-03-10,4,0,95,33.16,33.16,0.0,473.843097,0.0
2019-03-10,4,0,96,8.64,8.64,0.0,65.577855,0.0
2019-03-10,4,0,97,53.15,53.15,0.0,403.410068,0.0
2019-03-10,4,0,99,2.54,2.54,0.0,22.969476,0.0
2019-03-10,4,0,101,0.0,0.0,0.0,0.0,0.0
2019-03-10,4,0,102,2.95,2.95,0.0,10.10446,0.0
2019-03-10,4,0,103,2.57,2.57,0.0,8.802868,0.0
2019-03-10,4,0,104,0.48,0.48,0.0,1.644116,0.0
2019-03-10,4,0,106,0.0,0.0,0.0,0.0,0.0
2019-03-10,4,0,109,77.58,77.58,0.0,667.48164,0.0
2019-03-10,4,0,110,338.6,338.6,0.0,-3818.913707,0.0
2019-03-10,4,0,111,0.0,0.0,0.0,0.0,0.0
2019-03-10,4,0,113,12.45,12.45,0.0,87.23521,0.0
2019-03-10,4,0,115,12.45,12.45,0.0,87.23521,0.0
2019-03-10,4,0,116,0.0,0.0,0.0,-0.0,0.0
2019-03-10,4,0,117,0.83,0.83,0.0,5.815681,0.0
2019-03-10,4,0,119,40.26,40.26,0.0,648.593927,0.0
2019-03-10,4,0,120,23.67,23.67,0.0,381.326832,0.0
2019-03-10,4,0,123,0.0,0.0,0.0,0.0,0.0
2019-03-10,4,0,125,37.83,37.83,0.0,288.016786,0.0
2019-03-10,4,0,126,0.0,0.0,0.0,0.0,0.0
2019-03-10,4,0,127,0.0,0.0,0.0,0.0,0.0
2019-03-10,4,0,128,51.37,51.37,0.0,391.102889,0.0
2019-03-10,4,0,131,6.45,6.45,0.0,28.327833,0.0
2019-03-10,4,0,132,9.49,9.49,0.0,41.679246,0.0
2019-03-10,4,0,133,7.76,7.76,0.0,73.103028,0.0
2019-03-10,4,0,134,0.0,0.0,0.0,0.0,0.0
2019-03-10,4,0,135,10.7,10.7,0.0,100.799278,0.0
2019-03-10,4,0,136,6.39,6.39,0.0,60.102971,0.0
2019-03-10,4,0,139,65.97,65.97,0.0,541.609083,0.0
2019-03-10,4,0,140,250.6,250.6,0.0,-2826.402171,0.0
2019-03-10,4,0,141,36.84,36.84,0.0,-7.158518,0.0
2019-03-10,4,0,142,0.0,0.0,0.0,-0.0,0.0
2019-03-10,4,0,143,5.71,5.71,0.0,43.407406,0.0
2019-03-10,4,0,145,10.95,10.95,0.0,87.31361,0.0
2019-03-10,4,0,146,268.0,268.0,0.0,-3022.64877,0.0
2019-03-10,4,0,152,0.0,0.0,0.0,0.0,0.0
2019-03-10,4,0,153,0.0,0.0,0.0,0.0,0.0
2019-03-10,4,0,154,0.0,0.0,0.0,0.0,0.0
2019-03-10,4,0,157,183.97,183.97,0.0,-35.747896,0.0
2019-03-10,4,0,158,0.0,0.0,0.0,-0.0,0.0
2019-03-10,4,0,159,0.0,0.0,0.0,0.0,0.0
2019-03-10,4,0,160,0.0,0.0,0.0,0.0,0.0
2019-03-10,4,0,161,0.0,0.0,0.0,0.0,0.0
2019-03-10,4,0,162,11.61,11.61,0.0,166.136869,0.0
2019-03-10,4,0,163,56.89,56.89,0.0,-641.636151,0.0
2019-03-10,4,0,164,0.0,0.0,0.0,0.0,0.0
2019-03-10,4,0,167,0.0,0.0,0.0,0.0,0.0
2019-03-10,4,0,168,0.0,0.0,0.0,0.0,0.0
2019-03-10,4,0,169,0.0,0.0,0.0,0.0,0.0
2019-03-10,4,0,170,0.0,0.0,0.0,0.0,0.0
2019-03-10,4,0,172,0.0,0.0,0.0,0.0,0.0
2019-03-10,4,0,173,0.0,0.0,0.0,0.0,0.0
2019-03-10,4,0,188,0.0,0.0,0.0,0.0,0.0
2019-03-10,4,0,190,0.0,0.0,0.0,0.0,0.0
2019-03-10,4,0,191,0.0,0.0,0.0,0.0,0.0
2019-03-10,4,0,192,139.02,139.02,0.0,2239.630595,0.0
2019-03-10,4,0,194,76.72,76.72,0.0,779.646882,0.0
2019-03-10,4,0,196,0.0,0.0,0.0,0.0,0.0
2019-03-10,4,0,198,0.0,0.0,0.0,0.0,0.0
2019-03-10,4,0,199,2.66,2.66,0.0,28.854758,0.0
2019-03-10,4,0,200,0.0,0.0,0.0,0.0,0.0
2019-03-10,4,0,204,370.15,370.15,0.0,3167.976092,0.0
2019-03-10,4,0,205,410.4,410.4,0.0,3530.993363,0.0
2019-03-10,4,0,206,156.17,156.17,0.0,1185.334907,0.0
2019-03-10,4,0,210,0.0,0.0,0.0,0.0,0.0
2019-03-10,4,0,214,0.0,0.0,0.0,0.0,0.0
2019-03-10,4,0,217,0.0,0.0,0.0,0.0,0.0
2019-03-10,4,0,218,0.0,0.0,0.0,0.0,0.0
2019-03-10,4,0,219,0.0,0.0,0.0,0.0,0.0
2019-03-10,4,0,221,0.0,0.0,0.0,0.0,0.0
2019-03-10,4,0,225,0.0,0.0,0.0,0.0,0.0
2019-03-10,4,0,233,0.0,0.0,0.0,0.0,0.0
2019-03-10,4,0,236,19.0,19.0,0.0,175.648353,0.0
2019-03-10,4,0,237,31.59,31.59,0.0,285.671548,0.0
2019-03-10,4,0,238,0.0,0.0,0.0,0.0,0.0
2019-03-10,4,0,240,0.0,0.0,0.0,0.0,0.0
2019-03-10,4,0,245,6.49,6.49,0.0,61.436632,0.0
2019-03-10,4,0,247,15.35,15.35,0.0,145.308521,0.0
2019-03-10,4,0,248,3.17,3.17,0.0,28.666629,0.0
2019-03-10,4,0,249,12.49,12.49,0.0,118.234751,0.0
2019-03-10,4,0,251,31.91,31.91,0.0,299.49049,0.0
2019-03-10,4,0,252,22.05,22.05,0.0,207.413068,0.0
2019-03-10,4,0,254,0.0,0.0,0.0,0.0,0.0
2019-03-10,4,0,255,0.0,0.0,0.0,0.0,0.0
2019-03-10,4,0,258,0.0,0.0,0.0,0.0,0.0
2019-03-10,4,0,260,0.0,0.0,0.0,0.0,0.0
2019-03-10,4,0,265,0.0,0.0,0.0,0.0,0.0
2019-03-10,4,0,266,42.72,42.72,0.0,350.72821,0.0
2019-03-10,4,0,267,52.49,52.49,0.0,430.939226,0.0
2019-03-10,4,0,270,177.65,177.65,0.0,-2003.632664,0.0
2019-03-10,4,0,272,41.61,41.61,0.0,291.554785,0.0
2019-03-10,4,0,273,0.0,0.0,0.0,-0.0,0.0
2019-03-10,4,0,274,229.02,229.02,0.0,-2583.011273,0.0
2019-03-10,4,0,275,318.79,318.79,0.0,-3595.485826,0.0
2019-03-10,4,0,276,0.0,0.0,0.0,-0.0,0.0
2019-03-10,4,0,277,0.0,0.0,0.0,0.0,0.0
2019-03-10,4,0,278,0.0,0.0,0.0,0.0,0.0
2019-03-10,4,0,279,42.78,42.78,0.0,291.275654,0.0
2019-03-10,4,0,281,1.69,1.69,0.0,12.847376,0.0
2019-03-10,4,0,282,0.0,0.0,0.0,0.0,0.0
2019-03-10,5,0,9,0.0,0.0,0.0,0.0,0.0
2019-03-10,5,0,17,0.0,0.0,0.0,0.0,0.0
2019-03-10,5,0,19,79.73,79.73,0.0,750.750588,0.0
2019-03-10,5,0,20,96.7,96.7,0.0,910.542856,0.0
2019-03-10,5,0,21,0.0,0.0,0.0,0.0,0.0
2019-03-10,5,0,22,0.0,0.0,0.0,0.0,0.0
2019-03-10,5,0,23,15.35,15.35,0.0,114.031348,0.0
2019-03-10,5,0,24,27.16,27.16,0.0,201.764913,0.0
2019-03-10,5,0,29,0.0,0.0,0.0,0.0,0.0
2019-03-10,5,0,30,0.0,0.0,0.0,0.0,0.0
2019-03-10,5,0,31,4.29,4.29,0.0,31.81528,0.0
2019-03-10,5,0,32,0.0,0.0,0.0,0.0,0.0
2019-03-10,5,0,33,0.0,0.0,0.0,0.0,0.0
2019-03-10,5,0,34,0.0,0.0,0.0,0.0,0.0
2019-03-10,5,0,35,0.0,0.0,0.0,0.0,0.0
2019-03-10,5,0,36,0.0,0.0,0.0,0.0,0.0
2019-03-10,5,0,37,0.0,0.0,0.0,0.0,0.0
2019-03-10,5,0,38,0.0,0.0,0.0,0.0,0.0
2019-03-10,5,0,39,0.0,0.0,0.0,0.0,0.0
2019-03-10,5,0,40,0.0,0.0,0.0,0.0,0.0
2019-03-10,5,0,41,50.16,50.16,0.0,405.554001,0.0
2019-03-10,5,0,42,0.0,0.0,0.0,0.0,0.0
2019-03-10,5,0,43,0.0,0.0,0.0,0.0,0.0
2019-03-10,5,0,46,0.0,0.0,0.0,0.0,0.0
2019-03-10,5,0,52,4.54,4.54,0.0,33.669317,0.0
2019-03-10,5,0,53,7.22,7.22,0.0,53.544597,0.0
2019-03-10,5,0,55,48.03,48.03,0.0,356.802974,0.0
2019-03-10,5,0,56,0.0,0.0,0.0,0.0,0.0
2019-03-10,5,0,57,0.0,0.0,0.0,0.0,0.0
2019-03-10,5,0,58,0.0,0.0,0.0,0.0,0.0
2019-03-10,5,0,59,0.0,0.0,0.0,0.0,0.0
2019-03-10,5,0,63,47.18,47.18,0.0,791.668643,0.0
2019-03-10,5,0,64,55.51,55.51,0.0,931.443967,0.0
2019-03-10,5,0,65,4.3,4.3,0.0,40.428927,0.0
2019-03-10,5,0,67,0.0,0.0,0.0,-0.0,0.0
2019-03-10,5,0,68,0.44,0.44,0.0,1.24055,0.0
2019-03-10,5,0,69,0.0,0.0,0.0,0.0,0.0
2019-03-10,5,0,74,14.09,14.09,0.0,126.840304,0.0
2019-03-10,5,0,77,38.94,38.94,0.0,242.097736,0.0
2019-03-10,5,0,78,29.44,29.44,0.0,183.034344,0.0
2019-03-10,5,0,79,17.04,17.04,0.0,105.941074,0.0
2019-03-10,5,0,80,27.55,27.55,0.0,171.283838,0.0
2019-03-10,5,0,81,36.02,36.02,0.0,223.943515,0.0
2019-03-10,5,0,82,25.41,25.41,0.0,157.979031,0.0
2019-03-10,5,0,83,56.66,56.66,0.0,352.266506,0.0
2019-03-10,5,0,84,0.0,0.0,0.0,0.0,0.0
2019-03-10,5,0,86,0.0,0.0,0.0,0.0,0.0
2019-03-10,5,0,87,0.0,0.0,0.0,0.0,0.0
2019-03-10,5,0,88,41.53,41.53,0.0,258.200282,0.0
2019-03-10,5,0,89,39.92,39.92,0.0,248.190592,0.0
2019-03-10,5,0,90,53.6,53.6,0.0,333.241877,0.0
2019-03-10,5,0,91,191.2,191.2,0.0,1188.728485,0.0
2019-03-10,5,0,92,68.76,68.76,0.0,427.494616,0.0
2019-03-10,5,0,95,16.34,16.34,0.0,241.442589,0.0
2019-03-10,5,0,96,7.01,7.01,0.0,51.894874,0.0
2019-03-10,5,0,97,43.14,43.14,0.0,319.36446,0.0
2019-03-10,5,0,99,2.72,2.72,0.0,24.48585,0.0
2019-03-10,5,0,101,0.0,0.0,0.0,0.0,0.0
2019-03-10,5,0,102,1.04,1.04,0.0,2.932209,0.0
2019-03-10,5,0,103,0.9,0.9,0.0,2.537489,0.0
2019-03-10,5,0,104,0.17,0.17,0.0,0.479303,0.0
2019-03-10,5,0,106,0.0,0.0,0.0,0.0,0.0
2019-03-10,5,0,109,76.79,76.79,0.0,654.148151,0.0
2019-03-10,5,0,110,338.6,338.6,0.0,-4524.633515,0.0
2019-03-10,5,0,111,0.0,0.0,0.0,0.0,0.0
2019-03-10,5,0,113,15.74,15.74,0.0,106.420578,0.0
2019-03-10,5,0,115,15.74,15.74,0.0,106.420578,0.0
2019-03-10,5,0,116,0.0,0.0,0.0,-0.0,0.0
2019-03-10,5,0,117,0.76,0.76,0.0,5.138478,0.0
2019-03-10,5,0,119,55.51,55.51,0.0,931.443967,0.0
2019-03-10,5,0,120,32.64,32.64,0.0,547.691066,0.0
2019-03-10,5,0,123,0.0,0.0,0.0,0.0,0.0
2019-03-10,5,0,125,24.57,24.57,0.0,182.524444,0.0
2019-03-10,5,0,126,0.0,0.0,0.0,0.0,0.0
2019-03-10,5,0,127,0.0,0.0,0.0,0.0,0.0
2019-03-10,5,0,128,35.2,35.2,0.0,261.492081,0.0
2019-03-10,5,0,131,2.76,2.76,0.0,10.717907,0.0
2019-03-10,5,0,132,4.05,4.05,0.0,15.727363,0.0
2019-03-10,5,0,133,4.69,4.69,0.0,44.168023,0.0
2019-03-10,5,0,134,0.0,0.0,0.0,0.0,0.0
2019-03-10,5,0,135,6.68,6.68,0.0,62.908827,0.0
2019-03-10,5,0,136,8.52,8.52,0.0,80.099099,0.0
2019-03-10,5,0,139,64.77,64.77,0.0,523.67888,0.0
2019-03-10,5,0,140,250.6,250.6,0.0,-3348.709861,0.0
2019-03-10,5,0,141,14.49,14.49,0.0,-16.867191,0.0
2019-03-10,5,0,142,0.0,0.0,0.0,-0.0,0.0
2019-03-10,5,0,143,9.8,9.8,0.0,72.678262,0.0
2019-03-10,5,0,145,9.27,9.27,0.0,72.541323,0.0
2019-03-10,5,0,146,268.0,268.0,0.0,-3581.222038,0.0
2019-03-10,5,0,152,0.0,0.0,0.0,0.0,0.0
2019-03-10,5,0,153,0.0,0.0,0.0,0.0,0.0
2019-03-10,5,0,154,0.0,0.0,0.0,0.0,0.0
2019-03-10,5,0,157,240.71,240.71,0.0,-280.20024,0.0
2019-03-10,5,0,158,0.0,0.0,0.0,-0.0,0.0
2019-03-10,5,0,159,0.0,0.0,0.0,0.0,0.0
2019-03-10,5,0,160,0.0,0.0,0.0,0.0,0.0
2019-03-10,5,0,161,0.0,0.0,0.0,0.0,0.0
2019-03-10,5,0,162,13.28,13.28,0.0,196.522874,0.0
2019-03-10,5,0,163,76.07,76.07,0.0,-1016.505822,0.0
2019-03-10,5,0,164,0.0,0.0,0.0,0.0,0.0
2019-03-10,5,0,167,0.0,0.0,0.0,0.0,0.0
2019-03-10,5,0,168,0.0,0.0,0.0,0.0,0.0
2019-03-10,5,0,169,0.0,0.0,0.0,0.0,0.0
2019-03-10,5,0,170,0.0,0.0,0.0,0.0,0.0
2019-03-10,5,0,172,0.0,0.0,0.0,0.0,0.0
2019-03-10,5,0,173,0.0,0.0,0.0,0.0,0.0
2019-03-10,5,0,188,0.0,0.0,0.0,0.0,0.0
2019-03-10,5,0,190,0.0,0.0,0.0,0.0,0.0
2019-03-10,5,0,191,0.0,0.0,0.0,0.0,0.0
2019-03-10,5,0,192,174.89,174.89,0.0,2934.610618,0.0
2019-03-10,5,0,194,54.95,54.95,0.0,562.348062,0.0
2019-03-10,5,0,196,0.0,0.0,0.0,0.0,0.0
2019-03-10,5,0,198,0.0,0.0,0.0,0.0,0.0
2019-03-10,5,0,199,3.78,3.78,0.0,41.535191,0.0
2019-03-10,5,0,200,0.0,0.0,0.0,0.0,0.0
2019-03-10,5,0,204,361.52,361.52,0.0,3061.700472,0.0
2019-03-10,5,0,205,406.23,406.23,0.0,3460.536575,0.0
2019-03-10,5,0,206,126.75,126.75,0.0,938.32743,0.0
2019-03-10,5,0,210,0.0,0.0,0.0,0.0,0.0
2019-03-10,5,0,214,0.0,0.0,0.0,0.0,0.0
2019-03-10,5,0,217,0.0,0.0,0.0,0.0,0.0
2019-03-10,5,0,218,0.0,0.0,0.0,0.0,0.0
2019-03-10,5,0,219,0.0,0.0,0.0,0.0,0.0
2019-03-10,5,0,221,0.0,0.0,0.0,0.0,0.0
2019-03-10,5,0,225,0.0,0.0,0.0,0.0,0.0
2019-03-10,5,0,233,0.0,0.0,0.0,0.0,0.0
2019-03-10,5,0,236,22.86,22.86,0.0,210.85985,0.0
2019-03-10,5,0,237,33.79,33.79,0.0,304.182673,0.0
2019-03-10,5,0,238,0.0,0.0,0.0,0.0,0.0
2019-03-10,5,0,240,0.0,0.0,0.0,0.0,0.0
2019-03-10,5,0,245,8.03,8.03,0.0,76.027719,0.0
2019-03-10,5,0,247,17.37,17.37,0.0,164.458465,0.0
2019-03-10,5,0,248,3.39,3.39,0.0,30.517291,0.0
2019-03-10,5,0,249,15.45,15.45,0.0,146.279982,0.0
2019-03-10,5,0,251,33.27,33.27,0.0,312.03764,0.0
2019-03-10,5,0,252,27.72,27.72,0.0,260.625546,0.0
2019-03-10,5,0,254,0.0,0.0,0.0,0.0,0.0
2019-03-10,5,0,255,0.0,0.0,0.0,0.0,0.0
2019-03-10,5,0,258,0.0,0.0,0.0,0.0,0.0
2019-03-10,5,0,260,0.0,0.0,0.0,0.0,0.0
2019-03-10,5,0,265,0.0,0.0,0.0,0.0,0.0
2019-03-10,5,0,266,41.94,41.94,0.0,339.093597,0.0
2019-03-10,5,0,267,51.54,51.54,0.0,416.711587,0.0
2019-03-10,5,0,270,237.57,237.57,0.0,-3174.592983,0.0
2019-03-10,5,0,272,54.09,54.09,0.0,365.710868,0.0
2019-03-10,5,0,273,0.0,0.0,0.0,-0.0,0.0
2019-03-10,5,0,274,306.25,306.25,0.0,-4092.347944,0.0
2019-03-10,5,0,275,426.31,426.31,0.0,-5696.681966,0.0
2019-03-10,5,0,276,0.0,0.0,0.0,-0.0,0.0
2019-03-10,5,0,277,0.0,0.0,0.0,0.0,0.0
2019-03-10,5,0,278,0.0,0.0,0.0,0.0,0.0
2019-03-10,5,0,279,16.91,16.91,0.0,110.643386,0.0
2019-03-10,5,0,281,1.92,1.92,0.0,14.239007,0.0
2019-03-10,5,0,282,0.0,0.0,0.0,0.0,0.0
2019-03-10,6,0,9,0.0,0.0,0.0,0.0,0.0
2019-03-10,6,0,17,0.0,0.0,0.0,0.0,0.0
2019-03-10,6,0,19,99.47,99.47,0.0,1063.935491,0.0
2019-03-10,6,0,20,120.64,120.64,0.0,1290.370742,0.0
2019-03-10,6,0,21,0.0,0.0,0.0,0.0,0.0
2019-03-10,6,0,22,0.0,0.0,0.0,0.0,0.0
2019-03-10,6,0,23,10.99,10.99,0.0,112.806679,0.0
2019-03-10,6,0,24,19.45,19.45,0.0,199.644214,0.0
2019-03-10,6,0,29,0.0,0.0,0.0,0.0,0.0
2019-03-10,6,0,30,0.0,0.0,0.0,0.0,0.0
2019-03-10,6,0,31,5.76,5.76,0.0,59.107664,0.0
2019-03-10,6,0,32,0.0,0.0,0.0,0.0,0.0
2019-03-10,6,0,33,0.0,0.0,0.0,0.0,0.0
2019-03-10,6,0,34,0.0,0.0,0.0,0.0,0.0
2019-03-10,6,0,35,0.0,0.0,0.0,0.0,0.0
2019-03-10,6,0,36,0.0,0.0,0.0,0.0,0.0
2019-03-10,6,0,37,0.0,0.0,0.0,0.0,0.0
2019-03-10,6,0,38,0.0,0.0,0.0,0.0,0.0
2019-03-10,6,0,39,0.0,0.0,0.0,0.0,0.0
2019-03-10,6,0,40,0.0,0.0,0.0,0.0,0.0
2019-03-10,6,0,41,49.59,49.59,0.0,516.084679,0.0
2019-03-10,6,0,42,0.0,0.0,0.0,0.0,0.0
2019-03-10,6,0,43,0.0,0.0,0.0,0.0,0.0
2019-03-10,6,0,46,0.0,0.0,0.0,0.0,0.0
2019-03-10,6,0,52,6.11,6.11,0.0,62.699276,0.0
2019-03-10,6,0,53,9.7,9.7,0.0,99.538949,0.0
2019-03-10,6,0,55,21.0,21.0,0.0,215.554164,0.0
2019-03-10,6,0,56,0.0,0.0,0.0,0.0,0.0
2019-03-10,6,0,57,0.0,0.0,0.0,0.0,0.0
2019-03-10,6,0,58,0.0,0.0,0.0,0.0,0.0
2019-03-10,6,0,59,0.0,0.0,0.0,0.0,0.0
2019-03-10,6,0,63,75.32,75.32,0.0,926.061269,0.0
2019-03-10,6,0,64,88.61,88.61,0.0,1089.462149,0.0
2019-03-10,6,0,65,5.34,5.34,0.0,57.100541,0.0
2019-03-10,6,0,67,0.0,0.0,0.0,0.0,0.0
2019-03-10,6,0,68,0.3,0.3,0.0,2.779075,0.0
2019-03-10,6,0,69,0.0,0.0,0.0,0.0,0.0
2019-03-10,6,0,74,15.02,15.02,0.0,159.304263,0.0
2019-03-10,6,0,77,27.08,27.08,0.0,270.837884,0.0
2019-03-10,6,0,78,20.47,20.47,0.0,204.728637,0.0
2019-03-10,6,0,79,11.85,11.85,0.0,118.516578,0.0
2019-03-10,6,0,80,19.16,19.16,0.0,191.626804,0.0
2019-03-10,6,0,81,25.05,25.05,0.0,250.535044,0.0
2019-03-10,6,0,82,17.67,17.67,0.0,176.724719,0.0
2019-03-10,6,0,83,39.4,39.4,0.0,394.055119,0.0
2019-03-10,6,0,84,0.0,0.0,0.0,0.0,0.0
2019-03-10,6,0,86,0.0,0.0,0.0,0.0,0.0
2019-03-10,6,0,87,0.0,0.0,0.0,0.0,0.0
2019-03-10,6,0,88,31.57,31.57,0.0,315.744165,0.0
2019-03-10,6,0,89,30.35,30.35,0.0,303.542458,0.0
2019-03-10,6,0,90,40.75,40.75,0.0,407.557007,0.0
2019-03-10,6,0,91,145.37,145.37,0.0,1453.903366,0.0
2019-03-10,6,0,92,52.28,52.28,0.0,522.873137,0.0
2019-03-10,6,0,95,18.73,18.73,0.0,222.136919,0.0
2019-03-10,6,0,96,5.92,5.92,0.0,60.732612,0.0
2019-03-10,6,0,97,36.41,36.41,0.0,373.526081,0.0
2019-03-10,6,0,99,2.9,2.9,0.0,30.757814,0.0
2019-03-10,6,0,101,0.0,0.0,0.0,0.0,0.0
2019-03-10,6,0,102,0.7,0.7,0.0,6.484509,0.0
2019-03-10,6,0,103,0.61,0.61,0.0,5.650786,0.0
2019-03-10,6,0,104,0.11,0.11,0.0,1.018994,0.0
2019-03-10,6,0,106,0.0,0.0,0.0,0.0,0.0
2019-03-10,6,0,109,77.14,77.14,0.0,810.059085,0.0
2019-03-10,6,0,110,313.32,313.32,0.0,1801.486176,0.0
2019-03-10,6,0,111,0.0,0.0,0.0,0.0,0.0
2019-03-10,6,0,113,10.9,10.9,0.0,110.302738,0.0
2019-03-10,6,0,115,10.9,10.9,0.0,110.302738,0.0
2019-03-10,6,0,116,0.0,0.0,0.0,0.0,0.0
2019-03-10,6,0,117,0.43,0.43,0.0,4.351392,0.0
2019-03-10,6,0,119,88.61,88.61,0.0,1089.462149,0.0
2019-03-10,6,0,120,52.1,52.1,0.0,640.570793,0.0
2019-03-10,6,0,123,0.0,0.0,0.0,0.0,0.0
2019-03-10,6,0,125,17.6,17.6,0.0,180.654919,0.0
2019-03-10,6,0,126,0.0,0.0,0.0,0.0,0.0
2019-03-10,6,0,127,0.0,0.0,0.0,0.0,0.0
2019-03-10,6,0,128,25.21,25.21,0.0,258.767642,0.0
2019-03-10,6,0,131,1.28,1.28,0.0,12.153088,0.0
2019-03-10,6,0,132,1.88,1.88,0.0,17.849848,0.0
2019-03-10,6,0,133,5.11,5.11,0.0,54.658257,0.0
2019-03-10,6,0,134,0.0,0.0,0.0,0.0,0.0
2019-03-10,6,0,135,6.85,6.85,0.0,73.269875,0.0
2019-03-10,6,0,136,11.07,11.07,0.0,118.369488,0.0
2019-03-10,6,0,139,64.04,64.04,0.0,666.46628,0.0
2019-03-10,6,0,140,231.89,231.89,0.0,1333.290659,0.0
2019-03-10,6,0,141,11.48,11.48,0.0,96.415717,0.0
2019-03-10,6,0,142,0.0,0.0,0.0,0.0,0.0
2019-03-10,6,0,143,21.14,21.14,0.0,216.933338,0.0
2019-03-10,6,0,145,7.89,7.89,0.0,81.666326,0.0
2019-03-10,6,0,146,268.0,268.0,0.0,1540.911194,0.0
2019-03-10,6,0,152,0.0,0.0,0.0,0.0,0.0
2019-03-10,6,0,153,0.0,0.0,0.0,0.0,0.0
2019-03-10,6,0,154,0.0,0.0,0.0,0.0,0.0
2019-03-10,6,0,157,250.0,250.0,0.0,2099.645404,0.0
2019-03-10,6,0,158,0.0,0.0,0.0,0.0,0.0
2019-03-10,6,0,159,0.0,0.0,0.0,0.0,0.0
2019-03-10,6,0,160,0.0,0.0,0.0,0.0,0.0
2019-03-10,6,0,161,0.0,0.0,0.0,0.0,0.0
2019-03-10,6,0,162,15.86,15.86,0.0,188.175451,0.0
2019-03-10,6,0,163,109.57,109.57,0.0,629.991192,0.0
2019-03-10,6,0,164,0.0,0.0,0.0,0.0,0.0
2019-03-10,6,0,167,0.0,0.0,0.0,0.0,0.0
2019-03-10,6,0,168,0.0,0.0,0.0,0.0,0.0
2019-03-10,6,0,169,0.0,0.0,0.0,0.0,0.0
2019-03-10,6,0,170,0.0,0.0,0.0,0.0,0.0
2019-03-10,6,0,172,0.0,0.0,0.0,0.0,0.0
2019-03-10,6,0,173,0.0,0.0,0.0,0.0,0.0
2019-03-10,6,0,188,0.0,0.0,0.0,0.0,0.0
2019-03-10,6,0,190,0.0,0.0,0.0,0.0,0.0
2019-03-10,6,0,191,0.0,0.0,0.0,0.0,0.0
2019-03-10,6,0,192,217.57,217.57,0.0,2675.028549,0.0
2019-03-10,6,0,194,39.83,39.83,0.0,433.09527,0.0
2019-03-10,6,0,196,0.0,0.0,0.0,0.0,0.0
2019-03-10,6,0,198,0.0,0.0,0.0,0.0,0.0
2019-03-10,6,0,199,5.64,5.64,0.0,62.25091,0.0
2019-03-10,6,0,200,0.0,0.0,0.0,0.0,0.0
2019-03-10,6,0,204,355.91,355.91,0.0,3733.625158,0.0
2019-03-10,6,0,205,408.06,408.06,0.0,4285.10125,0.0
2019-03-10,6,0,206,106.98,106.98,0.0,1097.495747,0.0
2019-03-10,6,0,210,0.0,0.0,0.0,0.0,0.0
2019-03-10,6,0,214,0.0,0.0,0.0,0.0,0.0
2019-03-10,6,0,217,0.0,0.0,0.0,0.0,0.0
2019-03-10,6,0,218,0.0,0.0,0.0,0.0,0.0
2019-03-10,6,0,219,0.0,0.0,0.0,0.0,0.0
2019-03-10,6,0,221,0.0,0.0,0.0,0.0,0.0
2019-03-10,6,0,225,0.0,0.0,0.0,0.0,0.0
2019-03-10,6,0,233,0.0,0.0,0.0,0.0,0.0
2019-03-10,6,0,236,27.4,27.4,0.0,291.928069,0.0
2019-03-10,6,0,237,36.03,36.03,0.0,382.139321,0.0
2019-03-10,6,0,238,0.0,0.0,0.0,0.0,0.0
2019-03-10,6,0,240,0.0,0.0,0.0,0.0,0.0
2019-03-10,6,0,245,9.78,9.78,0.0,104.717313,0.0
2019-03-10,6,0,247,19.75,19.75,0.0,211.469012,0.0
2019-03-10,6,0,248,3.62,3.62,0.0,38.394237,0.0
2019-03-10,6,0,249,18.81,18.81,0.0,201.404158,0.0
2019-03-10,6,0,251,35.16,35.16,0.0,375.78879,0.0
2019-03-10,6,0,252,34.46,34.46,0.0,368.480271,0.0
2019-03-10,6,0,254,0.0,0.0,0.0,0.0,0.0
2019-03-10,6,0,255,0.0,0.0,0.0,0.0,0.0
2019-03-10,6,0,258,0.0,0.0,0.0,0.0,0.0
2019-03-10,6,0,260,0.0,0.0,0.0,0.0,0.0
2019-03-10,6,0,265,0.0,0.0,0.0,0.0,0.0
2019-03-10,6,0,266,41.47,41.47,0.0,431.579585,0.0
2019-03-10,6,0,267,50.96,50.96,0.0,530.342311,0.0
2019-03-10,6,0,270,342.2,342.2,0.0,1967.536606,0.0
2019-03-10,6,0,272,38.48,38.48,0.0,389.399025,0.0
2019-03-10,6,0,273,0.0,0.0,0.0,0.0,0.0
2019-03-10,6,0,274,441.13,441.13,0.0,2536.351324,0.0
2019-03-10,6,0,275,614.07,614.07,0.0,3530.699018,0.0
2019-03-10,6,0,276,0.0,0.0,0.0,0.0,0.0
2019-03-10,6,0,277,0.0,0.0,0.0,0.0,0.0
2019-03-10,6,0,278,0.0,0.0,0.0,0.0,0.0
2019-03-10,6,0,279,10.31,10.31,0.0,103.843987,0.0
2019-03-10,6,0,281,2.59,2.59,0.0,26.577925,0.0
2019-03-10,6,0,282,0.0,0.0,0.0,0.0,0.0
2019-03-10,7,0,9,0.0,0.0,0.0,0.0,0.0
2019-03-10,7,0,17,0.0,0.0,0.0,0.0,0.0
2019-03-10,7,0,19,122.95,122.95,0.0,936.650314,0.0
2019-03-10,7,0,20,149.11,149.11,0.0,1135.940856,0.0
2019-03-10,7,0,21,0.0,0.0,0.0,0.0,0.0
2019-03-10,7,0,22,0.0,0.0,0.0,0.0,0.0
2019-03-10,7,0,23,12.63,12.63,0.0,197.923459,0.0
2019-03-10,7,0,24,22.35,22.35,0.0,350.2446,0.0
2019-03-10,7,0,29,0.0,0.0,0.0,0.0,0.0
2019-03-10,7,0,30,0.0,0.0,0.0,0.0,0.0
2019-03-10,7,0,31,20.69,20.69,0.0,325.287469,0.0
2019-03-10,7,0,32,0.0,0.0,0.0,0.0,0.0
2019-03-10,7,0,33,0.0,0.0,0.0,0.0,0.0
2019-03-10,7,0,34,0.0,0.0,0.0,0.0,0.0
2019-03-10,7,0,35,0.0,0.0,0.0,0.0,0.0
2019-03-10,7,0,36,0.0,0.0,0.0,0.0,0.0
2019-03-10,7,0,37,0.0,0.0,0.0,0.0,0.0
2019-03-10,7,0,38,0.0,0.0,0.0,0.0,0.0
2019-03-10,7,0,39,0.0,0.0,0.0,0.0,0.0
2019-03-10,7,0,40,0.0,0.0,0.0,0.0,0.0
2019-03-10,7,0,41,36.39,36.39,0.0,473.47093,0.0
2019-03-10,7,0,42,0.0,0.0,0.0,0.0,0.0
2019-03-10,7,0,43,0.0,0.0,0.0,0.0,0.0
2019-03-10,7,0,46,0.0,0.0,0.0,0.0,0.0
2019-03-10,7,0,52,21.93,21.93,0.0,344.782707,0.0
2019-03-10,7,0,53,34.85,34.85,0.0,547.910503,0.0
2019-03-10,7,0,55,35.15,35.15,0.0,550.832112,0.0
2019-03-10,7,0,56,0.0,0.0,0.0,0.0,0.0
2019-03-10,7,0,57,0.0,0.0,0.0,0.0,0.0
2019-03-10,7,0,58,0.0,0.0,0.0,0.0,0.0
2019-03-10,7,0,59,0.0,0.0,0.0,0.0,0.0
2019-03-10,7,0,63,123.29,123.29,0.0,13433.712856,0.0
2019-03-10,7,0,64,145.05,145.05,0.0,15804.688538,0.0
2019-03-10,7,0,65,6.65,6.65,0.0,51.040177,0.0
2019-03-10,7,0,67,0.0,0.0,0.0,-0.0,0.0
2019-03-10,7,0,68,0.65,0.65,0.0,-271.021363,0.0
2019-03-10,7,0,69,0.0,0.0,0.0,0.0,0.0
2019-03-10,7,0,74,15.97,15.97,0.0,148.451796,0.0
2019-03-10,7,0,77,20.31,20.31,0.0,-6048.191081,0.0
2019-03-10,7,0,78,15.36,15.36,0.0,-4574.112014,0.0
2019-03-10,7,0,79,8.89,8.89,0.0,-2647.386446,0.0
2019-03-10,7,0,80,14.37,14.37,0.0,-4279.296201,0.0
2019-03-10,7,0,81,18.79,18.79,0.0,-5595.54458,0.0
2019-03-10,7,0,82,13.25,13.25,0.0,-3945.7672,0.0
2019-03-10,7,0,83,29.56,29.56,0.0,-8802.783277,0.0
2019-03-10,7,0,84,0.0,0.0,0.0,0.0,0.0
2019-03-10,7,0,86,0.0,0.0,0.0,0.0,0.0
2019-03-10,7,0,87,0.0,0.0,0.0,0.0,0.0
2019-03-10,7,0,88,24.21,24.21,0.0,-7209.58671,0.0
2019-03-10,7,0,89,23.27,23.27,0.0,-6929.660584,0.0
2019-03-10,7,0,90,31.25,31.25,0.0,-9306.054716,0.0
2019-03-10,7,0,91,111.47,111.47,0.0,-33195.069415,0.0
2019-03-10,7,0,92,40.09,40.09,0.0,-11938.551474,0.0
2019-03-10,7,0,95,21.38,21.38,0.0,543.344766,0.0
2019-03-10,7,0,96,5.22,5.22,0.0,82.347248,0.0
2019-03-10,7,0,97,32.1,32.1,0.0,506.388252,0.0
2019-03-10,7,0,99,3.08,3.08,0.0,28.630653,0.0
2019-03-10,7,0,101,0.0,0.0,0.0,0.0,0.0
2019-03-10,7,0,102,1.55,1.55,0.0,-646.281711,0.0
2019-03-10,7,0,103,1.35,1.35,0.0,-562.890523,0.0
2019-03-10,7,0,104,0.25,0.25,0.0,-104.238986,0.0
2019-03-10,7,0,106,0.0,0.0,0.0,0.0,0.0
2019-03-10,7,0,109,78.58,78.58,0.0,884.394578,0.0
2019-03-10,7,0,110,275.36,275.36,0.0,-275360.0,0.0
2019-03-10,7,0,111,0.0,0.0,0.0,0.0,0.0
2019-03-10,7,0,113,3.89,3.89,0.0,-1040.540311,0.0
2019-03-10,7,0,115,3.89,3.89,0.0,-1040.540311,0.0
2019-03-10,7,0,116,0.0,0.0,0.0,-0.0,0.0
2019-03-10,7,0,117,0.16,0.16,0.0,-42.798573,0.0
2019-03-10,7,0,119,145.05,145.05,0.0,15804.688538,0.0
2019-03-10,7,0,120,85.29,85.29,0.0,9293.222236,0.0
2019-03-10,7,0,123,0.0,0.0,0.0,0.0,0.0
2019-03-10,7,0,125,20.23,20.23,0.0,317.022294,0.0
2019-03-10,7,0,126,0.0,0.0,0.0,0.0,0.0
2019-03-10,7,0,127,0.0,0.0,0.0,0.0,0.0
2019-03-10,7,0,128,28.97,28.97,0.0,453.985954,0.0
2019-03-10,7,0,131,1.13,1.13,0.0,-427.846074,0.0
2019-03-10,7,0,132,1.66,1.66,0.0,-628.517242,0.0
2019-03-10,7,0,133,6.63,6.63,0.0,50.472617,0.0
2019-03-10,7,0,134,0.0,0.0,0.0,0.0,0.0
2019-03-10,7,0,135,8.88,8.88,0.0,67.601333,0.0
2019-03-10,7,0,136,14.19,14.19,0.0,108.955757,0.0
2019-03-10,7,0,139,46.99,46.99,0.0,611.387717,0.0
2019-03-10,7,0,140,203.8,203.8,0.0,-203800.0,0.0
2019-03-10,7,0,141,24.86,24.86,0.0,-13933.555424,0.0
2019-03-10,7,0,142,0.0,0.0,0.0,-0.0,0.0
2019-03-10,7,0,143,23.09,23.09,0.0,363.020187,0.0
2019-03-10,7,0,145,6.71,6.71,0.0,94.368009,0.0
2019-03-10,7,0,146,268.0,268.0,0.0,-268000.0,0.0
2019-03-10,7,0,152,0.0,0.0,0.0,0.0,0.0
2019-03-10,7,0,153,0.0,0.0,0.0,0.0,0.0
2019-03-10,7,0,154,0.0,0.0,0.0,0.0,0.0
2019-03-10,7,0,157,250.0,250.0,0.0,-140120.227516,0.0
2019-03-10,7,0,158,0.0,0.0,0.0,-0.0,0.0
2019-03-10,7,0,159,0.0,0.0,0.0,0.0,0.0
2019-03-10,7,0,160,0.0,0.0,0.0,0.0,0.0
2019-03-10,7,0,161,0.0,0.0,0.0,-0.0,0.0
2019-03-10,7,0,162,19.39,19.39,0.0,507.796424,0.0
2019-03-10,7,0,163,161.29,161.29,0.0,-161290.0,0.0
2019-03-10,7,0,164,0.0,0.0,0.0,0.0,0.0
2019-03-10,7,0,167,0.0,0.0,0.0,0.0,0.0
2019-03-10,7,0,168,0.0,0.0,0.0,0.0,0.0
2019-03-10,7,0,169,0.0,0.0,0.0,0.0,0.0
2019-03-10,7,0,170,0.0,0.0,0.0,0.0,0.0
2019-03-10,7,0,172,0.0,0.0,0.0,0.0,0.0
2019-03-10,7,0,173,0.0,0.0,0.0,0.0,0.0
2019-03-10,7,0,188,0.0,0.0,0.0,0.0,0.0
2019-03-10,7,0,190,0.0,0.0,0.0,0.0,0.0
2019-03-10,7,0,191,0.0,0.0,0.0,0.0,0.0
2019-03-10,7,0,192,265.63,265.63,0.0,8613.731997,0.0
2019-03-10,7,0,194,30.69,30.69,0.0,-4062.877759,0.0
2019-03-10,7,0,196,0.0,0.0,0.0,0.0,0.0
2019-03-10,7,0,198,0.0,0.0,0.0,0.0,0.0
2019-03-10,7,0,199,8.5,8.5,0.0,-320.084242,0.0
2019-03-10,7,0,200,0.0,0.0,0.0,-0.0,0.0
2019-03-10,7,0,204,355.55,355.55,0.0,4073.206469,0.0
2019-03-10,7,0,205,415.67,415.67,0.0,4678.242484,0.0
2019-03-10,7,0,206,94.31,94.31,0.0,1487.77184,0.0
2019-03-10,7,0,210,0.0,0.0,0.0,0.0,0.0
2019-03-10,7,0,214,0.0,0.0,0.0,0.0,0.0
2019-03-10,7,0,217,0.0,0.0,0.0,0.0,0.0
2019-03-10,7,0,218,0.0,0.0,0.0,0.0,0.0
2019-03-10,7,0,219,0.0,0.0,0.0,0.0,0.0
2019-03-10,7,0,221,0.0,0.0,0.0,0.0,0.0
2019-03-10,7,0,225,0.0,0.0,0.0,0.0,0.0
2019-03-10,7,0,233,0.0,0.0,0.0,0.0,0.0
2019-03-10,7,0,236,32.59,32.59,0.0,273.654917,0.0
2019-03-10,7,0,237,38.32,38.32,0.0,356.209944,0.0
2019-03-10,7,0,238,0.0,0.0,0.0,0.0,0.0
2019-03-10,7,0,240,0.0,0.0,0.0,0.0,0.0
2019-03-10,7,0,245,11.83,11.83,0.0,87.639715,0.0
2019-03-10,7,0,247,22.24,22.24,0.0,164.759701,0.0
2019-03-10,7,0,248,3.85,3.85,0.0,35.788316,0.0
2019-03-10,7,0,249,22.75,22.75,0.0,168.537913,0.0
2019-03-10,7,0,251,37.97,37.97,0.0,294.985955,0.0
2019-03-10,7,0,252,42.91,42.91,0.0,329.343459,0.0
2019-03-10,7,0,254,0.0,0.0,0.0,0.0,0.0
2019-03-10,7,0,255,0.0,0.0,0.0,0.0,0.0
2019-03-10,7,0,258,0.0,0.0,0.0,0.0,0.0
2019-03-10,7,0,260,0.0,0.0,0.0,0.0,0.0
2019-03-10,7,0,265,0.0,0.0,0.0,0.0,0.0
2019-03-10,7,0,266,30.42,30.42,0.0,395.795155,0.0
2019-03-10,7,0,267,37.39,37.39,0.0,486.481948,0.0
2019-03-10,7,0,270,503.69,503.69,0.0,-503690.0,0.0
2019-03-10,7,0,272,13.86,13.86,0.0,-3707.426405,0.0
2019-03-10,7,0,273,0.0,0.0,0.0,-0.0,0.0
2019-03-10,7,0,274,649.32,649.32,0.0,-649320.0,0.0
2019-03-10,7,0,275,903.86,903.86,0.0,-903860.0,0.0
2019-03-10,7,0,276,0.0,0.0,0.0,-0.0,0.0
2019-03-10,7,0,277,0.0,0.0,0.0,-0.0,0.0
2019-03-10,7,0,278,0.0,0.0,0.0,-0.0,0.0
2019-03-10,7,0,279,17.38,17.38,0.0,-4860.141659,0.0
2019-03-10,7,0,281,9.28,9.28,0.0,145.899841,0.0
2019-03-10,7,0,282,0.0,0.0,0.0,0.0,0.0
2019-03-10,8,0,9,0.0,0.0,0.0,0.0,0.0
2019-03-10,8,0,17,2.39,2.39,0.0,18.507567,0.0
2019-03-10,8,0,19,145.87,145.87,0.0,1129.581104,0.0
2019-03-10,8,0,20,181.54,181.54,0.0,1405.800738,0.0
2019-03-10,8,0,21,0.0,0.0,0.0,0.0,0.0
2019-03-10,8,0,22,0.0,0.0,0.0,0.0,0.0
2019-03-10,8,0,23,15.22,15.22,0.0,242.951598,0.0
2019-03-10,8,0,24,26.92,26.92,0.0,429.714653,0.0
2019-03-10,8,0,29,0.73,0.73,0.0,3.492847,0.0
2019-03-10,8,0,30,0.0,0.0,0.0,0.0,0.0
2019-03-10,8,0,31,8.23,8.23,0.0,131.801591,0.0
2019-03-10,8,0,32,0.28,0.28,0.0,11.233623,0.0
2019-03-10,8,0,33,0.13,0.13,0.0,0.818622,0.0
2019-03-10,8,0,34,0.21,0.21,0.0,1.32239,0.0
2019-03-10,8,0,35,0.21,0.21,0.0,1.32239,0.0
2019-03-10,8,0,36,0.31,0.31,0.0,3.080794,0.0
2019-03-10,8,0,37,0.16,0.16,0.0,1.593648,0.0
2019-03-10,8,0,38,0.2,0.2,0.0,1.99206,0.0
2019-03-10,8,0,39,0.13,0.13,0.0,1.294839,0.0
2019-03-10,8,0,40,0.13,0.13,0.0,1.294839,0.0
2019-03-10,8,0,41,15.15,15.15,0.0,200.7056,0.0
2019-03-10,8,0,42,1.08,1.08,0.0,8.701924,0.0
2019-03-10,8,0,43,1.11,1.11,0.0,10.588075,0.0
2019-03-10,8,0,46,0.76,0.76,0.0,7.989477,0.0
2019-03-10,8,0,52,8.72,8.72,0.0,139.648831,0.0
2019-03-10,8,0,53,13.85,13.85,0.0,221.804622,0.0
2019-03-10,8,0,55,41.4,41.4,0.0,660.853886,0.0
2019-03-10,8,0,56,0.0,0.0,0.0,0.0,0.0
2019-03-10,8,0,57,0.0,0.0,0.0,0.0,0.0
2019-03-10,8,0,58,0.0,0.0,0.0,0.0,0.0
2019-03-10,8,0,59,0.0,0.0,0.0,0.0,0.0
2019-03-10,8,0,63,75.92,75.92,0.0,8385.261747,0.0
2019-03-10,8,0,64,89.24,89.24,0.0,9856.437807,0.0
2019-03-10,8,0,65,8.25,8.25,0.0,64.366534,0.0
2019-03-10,8,0,67,0.0,0.0,0.0,-0.0,0.0
2019-03-10,8,0,68,1.96,1.96,0.0,-815.790264,0.0
2019-03-10,8,0,69,0.13,0.13,0.0,0.818622,0.0
2019-03-10,8,0,74,15.04,15.04,0.0,142.21657,0.0
2019-03-10,8,0,77,11.13,11.13,0.0,-3304.643951,0.0
2019-03-10,8,0,78,8.4,8.4,0.0,-2494.070906,0.0
2019-03-10,8,0,79,4.85,4.85,0.0,-1440.029035,0.0
2019-03-10,8,0,80,7.86,7.86,0.0,-2333.737777,0.0
2019-03-10,8,0,81,10.29,10.29,0.0,-3055.23686,0.0
2019-03-10,8,0,82,7.25,7.25,0.0,-2152.620723,0.0
2019-03-10,8,0,83,16.21,16.21,0.0,-4812.963023,0.0
2019-03-10,8,0,84,0.0,0.0,0.0,0.0,0.0
2019-03-10,8,0,86,0.67,0.67,0.0,4.219052,0.0
2019-03-10,8,0,87,3.42,3.42,0.0,21.536058,0.0
2019-03-10,8,0,88,7.94,7.94,0.0,-2357.490833,0.0
2019-03-10,8,0,89,7.67,7.67,0.0,-2277.324268,0.0
2019-03-10,8,0,90,10.0,10.0,0.0,-2969.132031,0.0
2019-03-10,8,0,91,31.36,31.36,0.0,-9311.19805,0.0
2019-03-10,8,0,92,12.55,12.55,0.0,-3726.260699,0.0
2019-03-10,8,0,95,24.58,24.58,0.0,624.668585,0.0
2019-03-10,8,0,96,2.43,2.43,0.0,39.048264,0.0
2019-03-10,8,0,97,14.96,14.96,0.0,240.395899,0.0
2019-03-10,8,0,99,2.9,2.9,0.0,27.422078,0.0
2019-03-10,8,0,101,0.0,0.0,0.0,0.0,0.0
2019-03-10,8,0,102,4.65,4.65,0.0,-1935.420779,0.0
2019-03-10,8,0,103,4.04,4.04,0.0,-1681.526871,0.0
2019-03-10,8,0,104,0.75,0.75,0.0,-312.164642,0.0
2019-03-10,8,0,106,0.0,0.0,0.0,0.0,0.0
2019-03-10,8,0,109,75.71,75.71,0.0,867.284098,0.0
2019-03-10,8,0,110,312.63,312.63,0.0,-312630.0,0.0
2019-03-10,8,0,111,0.0,0.0,0.0,0.0,0.0
2019-03-10,8,0,113,12.17,12.17,0.0,-3243.92935,0.0
2019-03-10,8,0,115,12.17,12.17,0.0,-3243.92935,0.0
2019-03-10,8,0,116,0.0,0.0,0.0,-0.0,0.0
2019-03-10,8,0,117,0.63,0.63,0.0,-167.927321,0.0
2019-03-10,8,0,119,89.24,89.24,0.0,9856.437807,0.0
2019-03-10,8,0,120,52.65,52.65,0.0,5815.121588,0.0
2019-03-10,8,0,123,0.0,0.0,0.0,0.0,0.0
2019-03-10,8,0,125,24.36,24.36,0.0,388.850258,0.0
2019-03-10,8,0,126,0.0,0.0,0.0,0.0,0.0
2019-03-10,8,0,127,0.0,0.0,0.0,0.0,0.0
2019-03-10,8,0,128,34.89,34.89,0.0,556.937007,0.0
2019-03-10,8,0,131,3.57,3.57,0.0,-1348.888835,0.0
2019-03-10,8,0,132,5.25,5.25,0.0,-1983.660052,0.0
2019-03-10,8,0,133,8.86,8.86,0.0,68.561017,0.0
2019-03-10,8,0,134,0.0,0.0,0.0,0.0,0.0
2019-03-10,8,0,135,11.87,11.87,0.0,91.853191,0.0
2019-03-10,8,0,136,14.91,14.91,0.0,116.375563,0.0
2019-03-10,8,0,139,19.56,19.56,0.0,259.128814,0.0
2019-03-10,8,0,140,231.38,231.38,0.0,-231380.0,0.0
2019-03-10,8,0,141,45.53,45.53,0.0,-25493.420337,0.0
2019-03-10,8,0,142,0.0,0.0,0.0,-0.0,0.0
2019-03-10,8,0,143,8.4,8.4,0.0,134.524103,0.0
2019-03-10,8,0,145,5.17,5.17,0.0,74.046726,0.0
2019-03-10,8,0,146,268.0,268.0,0.0,-268000.0,0.0
2019-03-10,8,0,152,0.19,0.19,0.0,1.783735,0.0
2019-03-10,8,0,153,0.26,0.26,0.0,2.460164,0.0
2019-03-10,8,0,154,0.0,0.0,0.0,0.0,0.0
2019-03-10,8,0,157,250.0,250.0,0.0,-139981.442661,0.0
2019-03-10,8,0,158,0.0,0.0,0.0,-0.0,0.0
2019-03-10,8,0,159,0.0,0.0,0.0,0.0,0.0
2019-03-10,8,0,160,0.1,0.1,0.0,0.824163,0.0
2019-03-10,8,0,161,0.0,0.0,0.0,-0.0,0.0
2019-03-10,8,0,162,25.47,25.47,0.0,667.002556,0.0
2019-03-10,8,0,163,185.4,185.4,0.0,-185400.0,0.0
2019-03-10,8,0,164,0.0,0.0,0.0,0.0,0.0
2019-03-10,8,0,167,0.36,0.36,0.0,8.155796,0.0
2019-03-10,8,0,168,0.18,0.18,0.0,4.077898,0.0
2019-03-10,8,0,169,0.0,0.0,0.0,0.0,0.0
2019-03-10,8,0,170,0.39,0.39,0.0,8.835446,0.0
2019-03-10,8,0,172,0.47,0.47,0.0,7.800726,0.0
2019-03-10,8,0,173,0.72,0.72,0.0,11.950049,0.0
2019-03-10,8,0,188,0.55,0.55,0.0,12.750746,0.0
2019-03-10,8,0,190,0.05,0.05,0.0,1.621378,0.0
2019-03-10,8,0,191,0.14,0.14,0.0,4.539858,0.0
2019-03-10,8,0,192,312.47,312.47,0.0,10132.638773,0.0
2019-03-10,8,0,194,18.9,18.9,0.0,-2480.708814,0.0
2019-03-10,8,0,196,0.01,0.01,0.0,2.621464,0.0
2019-03-10,8,0,198,0.59,0.59,0.0,3.561599,0.0
2019-03-10,8,0,199,7.13,7.13,0.0,-266.358583,0.0
2019-03-10,8,0,200,1.03,1.03,0.0,-38.478168,0.0
2019-03-10,8,0,204,342.68,342.68,0.0,3995.946122,0.0
2019-03-10,8,0,205,400.52,400.52,0.0,4588.094399,0.0
2019-03-10,8,0,206,43.95,43.95,0.0,706.243299,0.0
2019-03-10,8,0,210,0.22,0.22,0.0,0.987925,0.0
2019-03-10,8,0,214,0.98,0.98,0.0,5.332741,0.0
2019-03-10,8,0,217,0.75,0.75,0.0,3.759148,0.0
2019-03-10,8,0,218,1.04,1.04,0.0,5.212685,0.0
2019-03-10,8,0,219,0.71,0.71,0.0,3.55866,0.0
2019-03-10,8,0,221,0.52,0.52,0.0,2.829618,0.0
2019-03-10,8,0,225,0.64,0.64,0.0,3.080403,0.0
2019-03-10,8,0,233,0.38,0.38,0.0,2.392895,0.0
2019-03-10,8,0,236,30.6,30.6,0.0,261.280472,0.0
2019-03-10,8,0,237,36.08,36.08,0.0,341.168474,0.0
2019-03-10,8,0,238,1.41,1.41,0.0,11.360845,0.0
2019-03-10,8,0,240,0.36,0.36,0.0,3.577696,0.0
2019-03-10,8,0,245,16.88,16.88,0.0,127.098664,0.0
2019-03-10,8,0,247,26.21,26.21,0.0,197.349288,0.0
2019-03-10,8,0,248,3.62,3.62,0.0,34.230318,0.0
2019-03-10,8,0,249,32.47,32.47,0.0,244.484219,0.0
2019-03-10,8,0,251,52.22,52.22,0.0,412.414997,0.0
2019-03-10,8,0,252,53.19,53.19,0.0,414.988601,0.0
2019-03-10,8,0,254,0.75,0.75,0.0,6.909974,0.0
2019-03-10,8,0,255,0.34,0.34,0.0,3.132521,0.0
2019-03-10,8,0,258,0.44,0.44,0.0,4.344368,0.0
2019-03-10,8,0,260,0.25,0.25,0.0,2.060406,0.0
2019-03-10,8,0,265,0.0,0.0,0.0,0.0,0.0
2019-03-10,8,0,266,12.67,12.67,0.0,167.850822,0.0
2019-03-10,8,0,267,15.57,15.57,0.0,206.269715,0.0
2019-03-10,8,0,270,579.0,579.0,0.0,-579000.0,0.0
2019-03-10,8,0,272,42.13,42.13,0.0,-11229.80637,0.0
2019-03-10,8,0,273,0.0,0.0,0.0,-0.0,0.0
2019-03-10,8,0,274,746.4,746.4,0.0,-746400.0,0.0
2019-03-10,8,0,275,1039.0,1039.0,0.0,-1039000.0,0.0
2019-03-10,8,0,276,0.0,0.0,0.0,-0.0,0.0
2019-03-10,8,0,277,0.0,0.0,0.0,-0.0,0.0
2019-03-10,8,0,278,0.0,0.0,0.0,-0.0,0.0
2019-03-10,8,0,279,41.78,41.78,0.0,-11645.083638,0.0
2019-03-10,8,0,281,3.69,3.69,0.0,59.094517,0.0
2019-03-10,8,0,282,0.0,0.0,0.0,0.0,0.0
2019-03-10,9,0,9,0.38,0.38,0.0,5.598686,0.0
2019-03-10,9,0,17,16.05,16.05,0.0,123.388474,0.0
2019-03-10,9,0,19,144.62,144.62,0.0,1111.803186,0.0
2019-03-10,9,0,20,179.58,179.58,0.0,1380.567115,0.0
2019-03-10,9,0,21,8.67,8.67,0.0,127.738445,0.0
2019-03-10,9,0,22,30.82,30.82,0.0,454.082916,0.0
2019-03-10,9,0,23,24.09,24.09,0.0,354.927237,0.0
2019-03-10,9,0,24,42.62,42.62,0.0,627.936855,0.0
2019-03-10,9,0,29,2.95,2.95,0.0,15.19585,0.0
2019-03-10,9,0,30,74.88,74.88,0.0,1106.581456,0.0
2019-03-10,9,0,31,10.68,10.68,0.0,157.829727,0.0
2019-03-10,9,0,32,1.93,1.93,0.0,77.369295,0.0
2019-03-10,9,0,33,0.89,0.89,0.0,5.738374,0.0
2019-03-10,9,0,34,1.43,1.43,0.0,9.220084,0.0
2019-03-10,9,0,35,1.43,1.43,0.0,9.220084,0.0
2019-03-10,9,0,36,3.41,3.41,0.0,32.629628,0.0
2019-03-10,9,0,37,1.64,1.64,0.0,15.724128,0.0
2019-03-10,9,0,38,2.1,2.1,0.0,20.134554,0.0
2019-03-10,9,0,39,1.4,1.4,0.0,13.423036,0.0
2019-03-10,9,0,40,1.4,1.4,0.0,13.423036,0.0
2019-03-10,9,0,41,15.91,15.91,0.0,197.382084,0.0
2019-03-10,9,0,42,18.01,18.01,0.0,143.297918,0.0
2019-03-10,9,0,43,10.4,10.4,0.0,95.956231,0.0
2019-03-10,9,0,46,8.99,8.99,0.0,90.450466,0.0
2019-03-10,9,0,52,11.33,11.33,0.0,167.435469,0.0
2019-03-10,9,0,53,18.1,18.1,0.0,267.482964,0.0
2019-03-10,9,0,55,49.24,49.24,0.0,725.471862,0.0
2019-03-10,9,0,56,22.09,22.09,0.0,326.447441,0.0
2019-03-10,9,0,57,21.01,21.01,0.0,310.487131,0.0
2019-03-10,9,0,58,40.4,40.4,0.0,597.033798,0.0
2019-03-10,9,0,59,39.73,39.73,0.0,587.132495,0.0
2019-03-10,9,0,63,43.6,43.6,0.0,4818.572564,0.0
2019-03-10,9,0,64,51.3,51.3,0.0,5669.559003,0.0
2019-03-10,9,0,65,10.14,10.14,0.0,78.460196,0.0
2019-03-10,9,0,67,48.43,48.43,0.0,-27105.726919,0.0
2019-03-10,9,0,68,8.57,8.57,0.0,-3564.306908,0.0
2019-03-10,9,0,69,0.89,0.89,0.0,5.738374,0.0
2019-03-10,9,0,74,14.2,14.2,0.0,130.007812,0.0
2019-03-10,9,0,77,12.88,12.88,0.0,-3818.74439,0.0
2019-03-10,9,0,78,9.74,9.74,0.0,-2887.777202,0.0
2019-03-10,9,0,79,5.63,5.63,0.0,-1669.218239,0.0
2019-03-10,9,0,80,9.11,9.11,0.0,-2700.990792,0.0
2019-03-10,9,0,81,11.91,11.91,0.0,-3531.152616,0.0
2019-03-10,9,0,82,8.4,8.4,0.0,-2490.485472,0.0
2019-03-10,9,0,83,18.74,18.74,0.0,-5556.154493,0.0
2019-03-10,9,0,84,0.0,0.0,0.0,0.0,0.0
2019-03-10,9,0,86,4.53,4.53,0.0,29.20768,0.0
2019-03-10,9,0,87,23.11,23.11,0.0,149.0043,0.0
2019-03-10,9,0,88,24.13,24.13,0.0,-7154.216005,0.0
2019-03-10,9,0,89,23.05,23.05,0.0,-6834.01073,0.0
2019-03-10,9,0,90,32.35,32.35,0.0,-9591.333931,0.0
2019-03-10,9,0,91,121.56,121.56,0.0,-36040.882616,0.0
2019-03-10,9,0,92,42.77,42.77,0.0,-12680.721862,0.0
2019-03-10,9,0,95,28.03,28.03,0.0,712.345827,0.0
2019-03-10,9,0,96,1.88,1.88,0.0,27.870547,0.0
2019-03-10,9,0,97,11.55,11.55,0.0,171.225965,0.0
2019-03-10,9,0,99,2.74,2.74,0.0,25.086014,0.0
2019-03-10,9,0,101,1.51,1.51,0.0,22.314877,0.0
2019-03-10,9,0,102,20.26,20.26,0.0,-8426.237801,0.0
2019-03-10,9,0,103,17.62,17.62,0.0,-7328.248275,0.0
2019-03-10,9,0,104,3.29,3.29,0.0,-1368.327856,0.0
2019-03-10,9,0,106,30.34,30.34,0.0,447.010891,0.0
2019-03-10,9,0,109,70.27,70.27,0.0,763.800225,0.0
2019-03-10,9,0,110,338.6,338.6,0.0,-338600.0,0.0
2019-03-10,9,0,111,4.54,4.54,0.0,56.323989,0.0
2019-03-10,9,0,113,19.85,19.85,0.0,-5285.387315,0.0
2019-03-10,9,0,115,19.85,19.85,0.0,-5285.387315,0.0
2019-03-10,9,0,116,22.41,22.41,0.0,-22410.0,0.0
2019-03-10,9,0,117,1.35,1.35,0.0,-359.459591,0.0
2019-03-10,9,0,119,51.3,51.3,0.0,5669.559003,0.0
2019-03-10,9,0,120,30.16,30.16,0.0,3333.214416,0.0
2019-03-10,9,0,123,0.51,0.51,0.0,7.514026,0.0
2019-03-10,9,0,125,38.57,38.57,0.0,568.266647,0.0
2019-03-10,9,0,126,22.76,22.76,0.0,335.331836,0.0
2019-03-10,9,0,127,29.2,29.2,0.0,430.214833,0.0
2019-03-10,9,0,128,55.24,55.24,0.0,813.87217,0.0
2019-03-10,9,0,131,11.74,11.74,0.0,-4431.90801,0.0
2019-03-10,9,0,132,17.26,17.26,0.0,-6515.735286,0.0
2019-03-10,9,0,133,12.15,12.15,0.0,93.349065,0.0
2019-03-10,9,0,134,0.0,0.0,0.0,0.0,0.0
2019-03-10,9,0,135,16.28,16.28,0.0,125.080064,0.0
2019-03-10,9,0,136,15.71,15.71,0.0,121.602207,0.0
2019-03-10,9,0,139,20.54,20.54,0.0,254.822627,0.0
2019-03-10,9,0,140,250.6,250.6,0.0,-250600.0,0.0
2019-03-10,9,0,141,92.77,92.77,0.0,-51922.326786,0.0
2019-03-10,9,0,142,63.86,63.86,0.0,-35741.724572,0.0
2019-03-10,9,0,143,14.23,14.23,0.0,210.291855,0.0
2019-03-10,9,0,145,4.48,4.48,0.0,59.706161,0.0
2019-03-10,9,0,146,268.0,268.0,0.0,-268000.0,0.0
2019-03-10,9,0,152,2.4,2.4,0.0,21.833637,0.0
2019-03-10,9,0,153,3.13,3.13,0.0,28.673507,0.0
2019-03-10,9,0,154,18.74,18.74,0.0,232.491531,0.0
2019-03-10,9,0,157,250.0,250.0,0.0,-139922.191403,0.0
2019-03-10,9,0,158,57.87,57.87,0.0,-32389.188866,0.0
2019-03-10,9,0,159,0.0,0.0,0.0,0.0,0.0
2019-03-10,9,0,160,0.84,0.84,0.0,6.816227,0.0
2019-03-10,9,0,161,8.29,8.29,0.0,-3447.853473,0.0
2019-03-10,9,0,162,32.64,32.64,0.0,854.822958,0.0
2019-03-10,9,0,163,185.4,185.4,0.0,-185400.0,0.0
2019-03-10,9,0,164,3.95,3.95,0.0,58.373354,0.0
2019-03-10,9,0,167,2.21,2.21,0.0,50.066026,0.0
2019-03-10,9,0,168,1.11,1.11,0.0,25.146285,0.0
2019-03-10,9,0,169,0.0,0.0,0.0,0.0,0.0
2019-03-10,9,0,170,2.42,2.42,0.0,54.823431,0.0
2019-03-10,9,0,172,2.95,2.95,0.0,48.38875,0.0
2019-03-10,9,0,173,4.5,4.5,0.0,73.813347,0.0
2019-03-10,9,0,188,3.92,3.92,0.0,90.652865,0.0
2019-03-10,9,0,190,2.53,2.53,0.0,82.04172,0.0
2019-03-10,9,0,191,6.54,6.54,0.0,212.076224,0.0
2019-03-10,9,0,192,332.6,332.6,0.0,10785.405497,0.0
2019-03-10,9,0,194,27.03,27.03,0.0,-3542.126877,0.0
2019-03-10,9,0,196,1.24,1.24,0.0,325.252902,0.0
2019-03-10,9,0,198,3.87,3.87,0.0,24.088088,0.0
2019-03-10,9,0,199,6.31,6.31,0.0,-230.611903,0.0
2019-03-10,9,0,200,7.13,7.13,0.0,-260.580487,0.0
2019-03-10,9,0,204,191.28,191.28,0.0,2112.819779,0.0
2019-03-10,9,0,205,395.77,395.77,0.0,4301.824605,0.0
2019-03-10,9,0,206,33.95,33.95,0.0,503.300565,0.0
2019-03-10,9,0,210,0.92,0.92,0.0,4.507055,0.0
2019-03-10,9,0,214,4.86,4.86,0.0,27.771104,0.0
2019-03-10,9,0,217,3.4,3.4,0.0,18.17687,0.0
2019-03-10,9,0,218,4.69,4.69,0.0,25.073388,0.0
2019-03-10,9,0,219,3.19,3.19,0.0,17.054181,0.0
2019-03-10,9,0,221,2.59,2.59,0.0,14.799827,0.0
2019-03-10,9,0,225,2.66,2.66,0.0,13.766797,0.0
2019-03-10,9,0,233,2.56,2.56,0.0,16.505885,0.0
2019-03-10,9,0,236,29.03,29.03,0.0,242.955472,0.0
2019-03-10,9,0,237,34.07,34.07,0.0,311.927193,0.0
2019-03-10,9,0,238,23.45,23.45,0.0,186.581687,0.0
2019-03-10,9,0,240,3.86,3.86,0.0,36.935591,0.0
2019-03-10,9,0,245,24.93,24.93,0.0,187.077818,0.0
2019-03-10,9,0,247,32.43,32.43,0.0,243.35875,0.0
2019-03-10,9,0,248,3.42,3.42,0.0,31.311741,0.0
2019-03-10,9,0,249,47.95,47.95,0.0,359.822759,0.0
2019-03-10,9,0,251,69.94,69.94,0.0,546.908371,0.0
2019-03-10,9,0,252,65.43,65.43,0.0,506.27718,0.0
2019-03-10,9,0,254,5.78,5.78,0.0,51.716662,0.0
2019-03-10,9,0,255,2.65,2.65,0.0,23.710926,0.0
2019-03-10,9,0,258,4.76,4.76,0.0,45.284405,0.0
2019-03-10,9,0,260,2.04,2.04,0.0,16.553694,0.0
2019-03-10,9,0,265,19.4,19.4,0.0,240.679599,0.0
2019-03-10,9,0,266,13.3,13.3,0.0,165.001993,0.0
2019-03-10,9,0,267,16.35,16.35,0.0,202.840796,0.0
2019-03-10,9,0,270,579.0,579.0,0.0,-579000.0,0.0
2019-03-10,9,0,272,66.25,66.25,0.0,-17640.146581,0.0
2019-03-10,9,0,273,5.36,5.36,0.0,-5360.0,0.0
2019-03-10,9,0,274,746.4,746.4,0.0,-746400.0,0.0
2019-03-10,9,0,275,1039.0,1039.0,0.0,-1039000.0,0.0
2019-03-10,9,0,276,0.99,0.99,0.0,-892.670918,0.0
2019-03-10,9,0,277,0.98,0.98,0.0,-272.814409,0.0
2019-03-10,9,0,278,1.57,1.57,0.0,-437.059819,0.0
2019-03-10,9,0,279,88.59,88.59,0.0,-24661.865815,0.0
2019-03-10,9,0,281,4.76,4.76,0.0,70.343586,0.0
2019-03-10,9,0,282,41.07,41.07,0.0,606.935101,0.0
2019-03-10,10,0,9,1.13,1.13,0.0,13.984206,0.0
2019-03-10,10,0,17,31.16,31.16,0.0,231.028159,0.0
2019-03-10,10,0,19,133.68,133.68,0.0,991.137495,0.0
2019-03-10,10,0,20,165.64,165.64,0.0,1228.097058,0.0
2019-03-10,10,0,21,25.76,25.76,0.0,318.790407,0.0
2019-03-10,10,0,22,91.56,91.56,0.0,1133.091988,0.0
2019-03-10,10,0,23,41.57,41.57,0.0,514.445543,0.0
2019-03-10,10,0,24,73.55,73.55,0.0,910.210963,0.0
2019-03-10,10,0,29,5.37,5.37,0.0,30.222919,0.0
2019-03-10,10,0,30,204.13,204.13,0.0,2532.613341,0.0
2019-03-10,10,0,31,22.02,22.02,0.0,273.199166,0.0
2019-03-10,10,0,32,2.34,2.34,0.0,90.604476,0.0
2019-03-10,10,0,33,1.68,1.68,0.0,10.9889,0.0
2019-03-10,10,0,34,2.68,2.68,0.0,17.529912,0.0
2019-03-10,10,0,35,2.68,2.68,0.0,17.529912,0.0
2019-03-10,10,0,36,6.13,6.13,0.0,53.56877,0.0
2019-03-10,10,0,37,2.96,2.96,0.0,25.906574,0.0
2019-03-10,10,0,38,3.8,3.8,0.0,33.258439,0.0
2019-03-10,10,0,39,2.53,2.53,0.0,22.143119,0.0
2019-03-10,10,0,40,2.53,2.53,0.0,22.143119,0.0
2019-03-10,10,0,41,17.0,17.0,0.0,182.523936,0.0
2019-03-10,10,0,42,35.31,35.31,0.0,268.481083,0.0
2019-03-10,10,0,43,18.45,18.45,0.0,156.784361,0.0
2019-03-10,10,0,46,17.03,17.03,0.0,154.726521,0.0
2019-03-10,10,0,52,23.35,23.35,0.0,289.700296,0.0
2019-03-10,10,0,53,37.24,37.24,0.0,462.031651,0.0
2019-03-10,10,0,55,58.94,58.94,0.0,729.406311,0.0
2019-03-10,10,0,56,60.21,60.21,0.0,747.017338,0.0
2019-03-10,10,0,57,57.27,57.27,0.0,710.541155,0.0
2019-03-10,10,0,58,110.14,110.14,0.0,1366.492105,0.0
2019-03-10,10,0,59,108.31,108.31,0.0,1343.787542,0.0
2019-03-10,10,0,63,47.17,47.17,0.0,5169.901897,0.0
2019-03-10,10,0,64,55.5,55.5,0.0,6082.882241,0.0
2019-03-10,10,0,65,12.43,12.43,0.0,92.59625,0.0
2019-03-10,10,0,67,97.08,97.08,0.0,-54333.61351,0.0
2019-03-10,10,0,68,29.82,29.82,0.0,-12401.894773,0.0
2019-03-10,10,0,69,1.68,1.68,0.0,10.9889,0.0
2019-03-10,10,0,74,22.07,22.07,0.0,186.441753,0.0
2019-03-10,10,0,77,39.69,39.69,0.0,-11763.523763,0.0
2019-03-10,10,0,78,30.01,30.01,0.0,-8894.516204,0.0
2019-03-10,10,0,79,17.37,17.37,0.0,-5148.208812,0.0
2019-03-10,10,0,80,28.08,28.08,0.0,-8322.493003,0.0
2019-03-10,10,0,81,36.72,36.72,0.0,-10883.26008,0.0
2019-03-10,10,0,82,25.9,25.9,0.0,-7676.373532,0.0
2019-03-10,10,0,83,57.76,57.76,0.0,-17119.202131,0.0
2019-03-10,10,0,84,0.0,0.0,0.0,0.0,0.0
2019-03-10,10,0,86,8.49,8.49,0.0,55.533192,0.0
2019-03-10,10,0,87,43.35,43.35,0.0,283.552872,0.0
2019-03-10,10,0,88,54.78,54.78,0.0,-16235.974597,0.0
2019-03-10,10,0,89,52.41,52.41,0.0,-15533.541961,0.0
2019-03-10,10,0,90,72.78,72.78,0.0,-21570.906009,0.0
2019-03-10,10,0,91,269.62,269.62,0.0,-79911.344849,0.0
2019-03-10,10,0,92,95.53,95.53,0.0,-28313.666543,0.0
2019-03-10,10,0,95,78.34,78.34,0.0,1990.908744,0.0
2019-03-10,10,0,96,3.17,3.17,0.0,39.433991,0.0
2019-03-10,10,0,97,19.48,19.48,0.0,242.326228,0.0
2019-03-10,10,0,99,4.54,4.54,0.0,38.352767,0.0
2019-03-10,10,0,101,4.11,4.11,0.0,50.992215,0.0
2019-03-10,10,0,102,70.6,70.6,0.0,-29361.964151,0.0
2019-03-10,10,0,103,61.39,61.39,0.0,-25531.600273,0.0
2019-03-10,10,0,104,11.4,11.4,0.0,-4741.167016,0.0
2019-03-10,10,0,106,90.13,90.13,0.0,1115.395161,0.0
2019-03-10,10,0,109,66.34,66.34,0.0,640.490851,0.0
2019-03-10,10,0,110,338.6,338.6,0.0,-338600.0,0.0
2019-03-10,10,0,111,9.05,9.05,0.0,97.167154,0.0
2019-03-10,10,0,113,87.81,87.81,0.0,-23396.492148,0.0
2019-03-10,10,0,115,87.81,87.81,0.0,-23396.492148,0.0
2019-03-10,10,0,116,33.55,33.55,0.0,-33550.0,0.0
2019-03-10,10,0,117,5.85,5.85,0.0,-1558.700365,0.0
2019-03-10,10,0,119,55.5,55.5,0.0,6082.882241,0.0
2019-03-10,10,0,120,32.63,32.63,0.0,3576.296352,0.0
2019-03-10,10,0,123,1.5,1.5,0.0,18.563106,0.0
2019-03-10,10,0,125,66.55,66.55,0.0,823.583135,0.0
2019-03-10,10,0,126,67.6,67.6,0.0,836.577309,0.0
2019-03-10,10,0,127,86.75,86.75,0.0,1073.566295,0.0
2019-03-10,10,0,128,95.32,95.32,0.0,1179.623507,0.0
2019-03-10,10,0,131,39.89,39.89,0.0,-15058.107543,0.0
2019-03-10,10,0,132,64.36,64.36,0.0,-24295.307131,0.0
2019-03-10,10,0,133,16.86,16.86,0.0,124.94847,0.0
2019-03-10,10,0,134,0.0,0.0,0.0,0.0,0.0
2019-03-10,10,0,135,22.58,22.58,0.0,167.339055,0.0
2019-03-10,10,0,136,16.55,16.55,0.0,123.319794,0.0
2019-03-10,10,0,139,21.95,21.95,0.0,235.670611,0.0
2019-03-10,10,0,140,250.6,250.6,0.0,-250600.0,0.0
2019-03-10,10,0,141,179.89,179.89,0.0,-100680.61119,0.0
2019-03-10,10,0,142,128.03,128.03,0.0,-71655.67097,0.0
2019-03-10,10,0,143,22.87,22.87,0.0,283.745001,0.0
2019-03-10,10,0,145,8.48,8.48,0.0,96.547284,0.0
2019-03-10,10,0,146,268.0,268.0,0.0,-268000.0,0.0
2019-03-10,10,0,152,4.6,4.6,0.0,38.671342,0.0
2019-03-10,10,0,153,5.82,5.82,0.0,49.187951,0.0
2019-03-10,10,0,154,37.35,37.35,0.0,401.015824,0.0
2019-03-10,10,0,157,250.0,250.0,0.0,-139919.688685,0.0
2019-03-10,10,0,158,159.22,159.22,0.0,-89112.05133,0.0
2019-03-10,10,0,159,0.0,0.0,0.0,0.0,0.0
2019-03-10,10,0,160,1.47,1.47,0.0,11.340733,0.0
2019-03-10,10,0,161,16.64,16.64,0.0,-6920.440276,0.0
2019-03-10,10,0,162,77.59,77.59,0.0,2032.293129,0.0
2019-03-10,10,0,163,104.02,104.02,0.0,-104020.0,0.0
2019-03-10,10,0,164,9.6,9.6,0.0,119.105903,0.0
2019-03-10,10,0,167,2.87,2.87,0.0,65.153882,0.0
2019-03-10,10,0,168,1.44,1.44,0.0,32.69045,0.0
2019-03-10,10,0,169,0.0,0.0,0.0,0.0,0.0
2019-03-10,10,0,170,3.14,3.14,0.0,71.283342,0.0
2019-03-10,10,0,172,4.26,4.26,0.0,64.668193,0.0
2019-03-10,10,0,173,6.49,6.49,0.0,98.520322,0.0
2019-03-10,10,0,188,4.77,4.77,0.0,105.089521,0.0
2019-03-10,10,0,190,3.28,3.28,0.0,106.362387,0.0
2019-03-10,10,0,191,8.48,8.48,0.0,274.985684,0.0
2019-03-10,10,0,192,332.6,332.6,0.0,10785.405497,0.0
2019-03-10,10,0,194,30.02,30.02,0.0,-3947.05065,0.0
2019-03-10,10,0,196,1.56,1.56,0.0,407.751795,0.0
2019-03-10,10,0,198,6.83,6.83,0.0,43.601196,0.0
2019-03-10,10,0,199,5.98,5.98,0.0,-212.064287,0.0
2019-03-10,10,0,200,13.05,13.05,0.0,-462.782433,0.0
2019-03-10,10,0,204,105.43,105.43,0.0,1030.971526,0.0
2019-03-10,10,0,205,391.81,391.81,0.0,3782.79651,0.0
2019-03-10,10,0,206,57.23,57.23,0.0,711.926592,0.0
2019-03-10,10,0,210,1.67,1.67,0.0,9.10241,0.0
2019-03-10,10,0,214,9.05,9.05,0.0,54.522601,0.0
2019-03-10,10,0,217,6.27,6.27,0.0,36.149148,0.0
2019-03-10,10,0,218,8.66,8.66,0.0,49.928489,0.0
2019-03-10,10,0,219,5.9,5.9,0.0,34.015945,0.0
2019-03-10,10,0,221,4.83,4.83,0.0,29.098803,0.0
2019-03-10,10,0,225,4.82,4.82,0.0,27.210113,0.0
2019-03-10,10,0,233,4.8,4.8,0.0,31.396858,0.0
2019-03-10,10,0,236,28.22,28.22,0.0,222.769587,0.0
2019-03-10,10,0,237,51.58,51.58,0.0,435.734736,0.0
2019-03-10,10,0,238,45.96,45.96,0.0,349.45881,0.0
2019-03-10,10,0,240,6.95,6.95,0.0,60.734576,0.0
2019-03-10,10,0,245,36.64,36.64,0.0,266.920608,0.0
2019-03-10,10,0,247,40.99,40.99,0.0,298.610145,0.0
2019-03-10,10,0,248,5.63,5.63,0.0,47.56081,0.0
2019-03-10,10,0,249,70.46,70.46,0.0,513.297653,0.0
2019-03-10,10,0,251,92.4,92.4,0.0,693.660458,0.0
2019-03-10,10,0,252,80.16,80.16,0.0,597.145244,0.0
2019-03-10,10,0,254,10.87,10.87,0.0,90.235257,0.0
2019-03-10,10,0,255,4.98,4.98,0.0,41.340532,0.0
2019-03-10,10,0,258,8.56,8.56,0.0,74.470852,0.0
2019-03-10,10,0,260,3.58,3.58,0.0,27.618927,0.0
2019-03-10,10,0,265,38.67,38.67,0.0,415.18827,0.0
2019-03-10,10,0,266,14.21,14.21,0.0,152.568537,0.0
2019-03-10,10,0,267,17.47,17.47,0.0,187.570186,0.0
2019-03-10,10,0,270,324.69,324.69,0.0,-324690.0,0.0
2019-03-10,10,0,272,293.45,293.45,0.0,-78188.140539,0.0
2019-03-10,10,0,273,8.02,8.02,0.0,-8020.0,0.0
2019-03-10,10,0,274,418.54,418.54,0.0,-418540.0,0.0
2019-03-10,10,0,275,582.57,582.57,0.0,-582570.0,0.0
2019-03-10,10,0,276,1.55,1.55,0.0,-1397.612618,0.0
2019-03-10,10,0,277,1.69,1.69,0.0,-470.577399,0.0
2019-03-10,10,0,278,2.71,2.71,0.0,-754.594528,0.0
2019-03-10,10,0,279,166.63,166.63,0.0,-46397.817764,0.0
2019-03-10,10,0,281,9.81,9.81,0.0,121.711345,0.0
2019-03-10,10,0,282,111.98,111.98,0.0,1389.320737,0.0
2019-03-10,11,0,9,1.77,1.77,0.0,10.453258,0.0
2019-03-10,11,0,17,45.53,45.53,0.0,423.998536,0.0
2019-03-10,11,0,19,94.8,94.8,0.0,882.825856,0.0
2019-03-10,11,0,20,114.97,114.97,0.0,1070.659164,0.0
2019-03-10,11,0,21,40.5,40.5,0.0,239.184726,0.0
2019-03-10,11,0,22,143.95,143.95,0.0,850.139291,0.0
2019-03-10,11,0,23,43.25,43.25,0.0,255.425664,0.0
2019-03-10,11,0,24,76.48,76.48,0.0,451.675255,0.0
2019-03-10,11,0,29,8.07,8.07,0.0,53.357019,0.0
2019-03-10,11,0,30,324.0,324.0,0.0,1907.363988,0.0
2019-03-10,11,0,31,18.23,18.23,0.0,107.318659,0.0
2019-03-10,11,0,32,3.49,3.49,0.0,138.985544,0.0
2019-03-10,11,0,33,2.47,2.47,0.0,24.835327,0.0
2019-03-10,11,0,34,3.94,3.94,0.0,39.615865,0.0
2019-03-10,11,0,35,3.94,3.94,0.0,39.615865,0.0
2019-03-10,11,0,36,9.28,9.28,0.0,74.388725,0.0
2019-03-10,11,0,37,4.49,4.49,0.0,35.81705,0.0
2019-03-10,11,0,38,5.77,5.77,0.0,46.027701,0.0
2019-03-10,11,0,39,3.85,3.85,0.0,30.711724,0.0
2019-03-10,11,0,40,3.85,3.85,0.0,30.711724,0.0
2019-03-10,11,0,41,25.65,25.65,0.0,177.553043,0.0
2019-03-10,11,0,42,55.76,55.76,0.0,510.293714,0.0
2019-03-10,11,0,43,27.78,27.78,0.0,223.151806,0.0
2019-03-10,11,0,46,25.25,25.25,0.0,195.749613,0.0
2019-03-10,11,0,52,19.38,19.38,0.0,114.088624,0.0
2019-03-10,11,0,53,31.56,31.56,0.0,185.791381,0.0
2019-03-10,11,0,55,150.32,150.32,0.0,887.759209,0.0
2019-03-10,11,0,56,95.57,95.57,0.0,562.613507,0.0
2019-03-10,11,0,57,90.91,90.91,0.0,535.180432,0.0
2019-03-10,11,0,58,174.82,174.82,0.0,1029.152384,0.0
2019-03-10,11,0,59,171.9,171.9,0.0,1011.96256,0.0
2019-03-10,11,0,63,51.0,51.0,0.0,5665.519611,0.0
2019-03-10,11,0,64,60.0,60.0,0.0,6665.317189,0.0
2019-03-10,11,0,65,17.84,17.84,0.0,165.601939,0.0
2019-03-10,11,0,67,155.35,155.35,0.0,-86639.77186,0.0
2019-03-10,11,0,68,33.99,33.99,0.0,-14047.255379,0.0
2019-03-10,11,0,69,2.47,2.47,0.0,24.835327,0.0
2019-03-10,11,0,74,33.5,33.5,0.0,283.382264,0.0
2019-03-10,11,0,77,60.0,60.0,0.0,-17574.542978,0.0
2019-03-10,11,0,78,45.36,45.36,0.0,-13286.354491,0.0
2019-03-10,11,0,79,26.25,26.25,0.0,-7688.862553,0.0
2019-03-10,11,0,80,42.45,42.45,0.0,-12433.989157,0.0
2019-03-10,11,0,81,55.5,55.5,0.0,-16256.452255,0.0
2019-03-10,11,0,82,39.15,39.15,0.0,-11467.389293,0.0
2019-03-10,11,0,83,87.3,87.3,0.0,-25570.960033,0.0
2019-03-10,11,0,84,0.0,0.0,0.0,0.0,0.0
2019-03-10,11,0,86,12.49,12.49,0.0,125.584305,0.0
2019-03-10,11,0,87,63.77,63.77,0.0,641.193843,0.0
2019-03-10,11,0,88,51.18,51.18,0.0,-14991.08516,0.0
2019-03-10,11,0,89,49.2,49.2,0.0,-14411.125242,0.0
2019-03-10,11,0,90,66.06,66.06,0.0,-19349.571819,0.0
2019-03-10,11,0,91,235.65,235.65,0.0,-69024.017546,0.0
2019-03-10,11,0,92,84.75,84.75,0.0,-24824.041957,0.0
2019-03-10,11,0,95,84.74,84.74,0.0,2153.556383,0.0
2019-03-10,11,0,96,11.25,11.25,0.0,66.006057,0.0
2019-03-10,11,0,97,82.71,82.71,0.0,485.276532,0.0
2019-03-10,11,0,99,7.19,7.19,0.0,60.821447,0.0
2019-03-10,11,0,101,6.53,6.53,0.0,38.441626,0.0
2019-03-10,11,0,102,80.49,80.49,0.0,-33264.595042,0.0
2019-03-10,11,0,103,69.99,69.99,0.0,-28925.195764,0.0
2019-03-10,11,0,104,12.99,12.99,0.0,-5368.456822,0.0
2019-03-10,11,0,106,141.7,141.7,0.0,836.85125,0.0
2019-03-10,11,0,109,57.83,57.83,0.0,434.380005,0.0
2019-03-10,11,0,110,338.6,338.6,0.0,-338600.0,0.0
2019-03-10,11,0,111,13.96,13.96,0.0,96.633157,0.0
2019-03-10,11,0,113,84.2,84.2,0.0,-22220.567134,0.0
2019-03-10,11,0,115,84.2,84.2,0.0,-22220.567134,0.0
2019-03-10,11,0,116,52.23,52.23,0.0,-52230.0,0.0
2019-03-10,11,0,117,5.66,5.66,0.0,-1493.686579,0.0
2019-03-10,11,0,119,60.0,60.0,0.0,6665.317189,0.0
2019-03-10,11,0,120,35.28,35.28,0.0,3919.206507,0.0
2019-03-10,11,0,123,2.36,2.36,0.0,13.937678,0.0
2019-03-10,11,0,125,69.22,69.22,0.0,408.799178,0.0
2019-03-10,11,0,126,106.28,106.28,0.0,627.667967,0.0
2019-03-10,11,0,127,136.39,136.39,0.0,805.491475,0.0
2019-03-10,11,0,128,99.12,99.12,0.0,585.38247,0.0
2019-03-10,11,0,131,30.0,30.0,0.0,-11241.09303,0.0
2019-03-10,11,0,132,44.1,44.1,0.0,-16524.406753,0.0
2019-03-10,11,0,133,22.62,22.62,0.0,210.712653,0.0
2019-03-10,11,0,134,0.0,0.0,0.0,0.0,0.0
2019-03-10,11,0,135,30.31,30.31,0.0,282.347502,0.0
2019-03-10,11,0,136,20.67,20.67,0.0,191.837837,0.0
2019-03-10,11,0,139,33.12,33.12,0.0,229.261473,0.0
2019-03-10,11,0,140,250.6,250.6,0.0,-250600.0,0.0
2019-03-10,11,0,141,230.0,230.0,0.0,-128272.594321,0.0
2019-03-10,11,0,142,204.87,204.87,0.0,-114257.419125,0.0
2019-03-10,11,0,143,17.51,17.51,0.0,103.080072,0.0
2019-03-10,11,0,145,45.6,45.6,0.0,295.96699,0.0
2019-03-10,11,0,146,268.0,268.0,0.0,-268000.0,0.0
2019-03-10,11,0,152,7.02,7.02,0.0,59.342571,0.0
2019-03-10,11,0,153,8.68,8.68,0.0,73.036396,0.0
2019-03-10,11,0,154,57.58,57.58,0.0,398.577162,0.0
2019-03-10,11,0,157,240.21,240.21,0.0,-133966.782095,0.0
2019-03-10,11,0,158,255.84,255.84,0.0,-142683.74144,0.0
2019-03-10,11,0,159,0.0,0.0,0.0,0.0,0.0
2019-03-10,11,0,160,2.24,2.24,0.0,18.533766,0.0
2019-03-10,11,0,161,26.41,26.41,0.0,-10914.622376,0.0
2019-03-10,11,0,162,150.54,150.54,0.0,3944.606222,0.0
2019-03-10,11,0,163,160.49,160.49,0.0,-160490.0,0.0
2019-03-10,11,0,164,15.09,15.09,0.0,88.833712,0.0
2019-03-10,11,0,167,4.3,4.3,0.0,97.388872,0.0
2019-03-10,11,0,168,2.15,2.15,0.0,48.694436,0.0
2019-03-10,11,0,169,0.0,0.0,0.0,0.0,0.0
2019-03-10,11,0,170,4.7,4.7,0.0,106.448302,0.0
2019-03-10,11,0,172,6.45,6.45,0.0,95.529284,0.0
2019-03-10,11,0,173,9.83,9.83,0.0,145.589591,0.0
2019-03-10,11,0,188,7.14,7.14,0.0,161.759801,0.0
2019-03-10,11,0,190,4.98,4.98,0.0,161.489234,0.0
2019-03-10,11,0,191,12.86,12.86,0.0,417.018385,0.0
2019-03-10,11,0,192,332.6,332.6,0.0,10785.405497,0.0
2019-03-10,11,0,194,51.63,51.63,0.0,-6677.324338,0.0
2019-03-10,11,0,196,2.42,2.42,0.0,637.859791,0.0
2019-03-10,11,0,198,10.2,10.2,0.0,86.352299,0.0
2019-03-10,11,0,199,20.55,20.55,0.0,-625.342197,0.0
2019-03-10,11,0,200,19.07,19.07,0.0,-580.305387,0.0
2019-03-10,11,0,204,177.65,177.65,0.0,1318.479862,0.0
2019-03-10,11,0,205,378.09,378.09,0.0,2839.957392,0.0
2019-03-10,11,0,206,316.13,316.13,0.0,1854.799541,0.0
2019-03-10,11,0,210,2.45,2.45,0.0,16.818872,0.0
2019-03-10,11,0,214,13.46,13.46,0.0,141.258175,0.0
2019-03-10,11,0,217,9.16,9.16,0.0,81.646712,0.0
2019-03-10,11,0,218,12.64,12.64,0.0,112.665332,0.0
2019-03-10,11,0,219,8.61,8.61,0.0,76.744344,0.0
2019-03-10,11,0,221,7.18,7.18,0.0,75.351686,0.0
2019-03-10,11,0,225,7.07,7.07,0.0,46.572455,0.0
2019-03-10,11,0,233,7.07,7.07,0.0,71.087353,0.0
2019-03-10,11,0,236,33.52,33.52,0.0,298.355079,0.0
2019-03-10,11,0,237,74.69,74.69,0.0,631.815561,0.0
2019-03-10,11,0,238,72.58,72.58,0.0,664.223777,0.0
2019-03-10,11,0,240,10.52,10.52,0.0,84.328597,0.0
2019-03-10,11,0,245,51.3,51.3,0.0,483.370151,0.0
2019-03-10,11,0,247,62.5,62.5,0.0,588.901257,0.0
2019-03-10,11,0,248,8.89,8.89,0.0,75.20204,0.0
2019-03-10,11,0,249,98.65,98.65,0.0,929.521744,0.0
2019-03-10,11,0,251,138.01,138.01,0.0,1274.321813,0.0
2019-03-10,11,0,252,115.07,115.07,0.0,1068.151073,0.0
2019-03-10,11,0,254,16.52,16.52,0.0,133.702028,0.0
2019-03-10,11,0,255,7.57,7.57,0.0,61.266607,0.0
2019-03-10,11,0,258,12.93,12.93,0.0,103.682296,0.0
2019-03-10,11,0,260,5.44,5.44,0.0,45.010575,0.0
2019-03-10,11,0,265,59.62,59.62,0.0,412.69834,0.0
2019-03-10,11,0,266,21.45,21.45,0.0,148.48003,0.0
2019-03-10,11,0,267,26.35,26.35,0.0,182.398545,0.0
2019-03-10,11,0,270,542.91,542.91,0.0,-542910.0,0.0
2019-03-10,11,0,272,281.17,281.17,0.0,-74201.387899,0.0
2019-03-10,11,0,273,12.49,12.49,0.0,-12490.0,0.0
2019-03-10,11,0,274,708.99,708.99,0.0,-708990.0,0.0
2019-03-10,11,0,275,1000.33,1000.33,0.0,-1000330.0,0.0
2019-03-10,11,0,276,2.44,2.44,0.0,-2199.038517,0.0
2019-03-10,11,0,277,2.64,2.64,0.0,-727.403233,0.0
2019-03-10,11,0,278,4.22,4.22,0.0,-1162.743046,0.0
2019-03-10,11,0,279,264.6,264.6,0.0,-72905.642203,0.0
2019-03-10,11,0,281,7.95,7.95,0.0,46.801061,0.0
2019-03-10,11,0,282,177.73,177.73,0.0,1046.283338,0.0
2019-03-10,12,0,9,2.33,2.33,0.0,-5.580303,0.0
2019-03-10,12,0,17,56.95,56.95,0.0,430.851836,0.0
2019-03-10,12,0,19,119.49,119.49,0.0,903.994483,0.0
2019-03-10,12,0,20,144.92,144.92,0.0,1096.383635,0.0
2019-03-10,12,0,21,53.18,53.18,0.0,-127.36503,0.0
2019-03-10,12,0,22,189.01,189.01,0.0,-452.675145,0.0
2019-03-10,12,0,23,46.17,46.17,0.0,-110.576221,0.0
2019-03-10,12,0,24,77.3,77.3,0.0,-185.131944,0.0
2019-03-10,12,0,29,9.92,9.92,0.0,54.024073,0.0
2019-03-10,12,0,30,419.29,419.29,0.0,-1029.009762,0.0
2019-03-10,12,0,31,15.02,15.02,0.0,-36.861663,0.0
2019-03-10,12,0,32,4.3,4.3,0.0,170.630752,0.0
2019-03-10,12,0,33,3.2,3.2,0.0,30.48277,0.0
2019-03-10,12,0,34,5.11,5.11,0.0,48.677174,0.0
2019-03-10,12,0,35,5.11,5.11,0.0,48.677174,0.0
2019-03-10,12,0,36,12.17,12.17,0.0,52.866839,0.0
2019-03-10,12,0,37,5.9,5.9,0.0,25.215816,0.0
2019-03-10,12,0,38,7.59,7.59,0.0,32.438652,0.0
2019-03-10,12,0,39,5.06,5.06,0.0,21.625768,0.0
2019-03-10,12,0,40,5.06,5.06,0.0,21.625768,0.0
2019-03-10,12,0,41,34.8,34.8,0.0,25.640307,0.0
2019-03-10,12,0,42,74.15,74.15,0.0,529.467262,0.0
2019-03-10,12,0,43,36.07,36.07,0.0,166.349443,0.0
2019-03-10,12,0,46,32.37,32.37,0.0,116.884412,0.0
2019-03-10,12,0,52,15.92,15.92,0.0,-39.070418,0.0
2019-03-10,12,0,53,25.29,25.29,0.0,-62.066009,0.0
2019-03-10,12,0,55,216.57,216.57,0.0,-518.680791,0.0
2019-03-10,12,0,56,123.67,123.67,0.0,-303.507446,0.0
2019-03-10,12,0,57,117.64,117.64,0.0,-288.70879,0.0
2019-03-10,12,0,58,226.23,226.23,0.0,-555.207323,0.0
2019-03-10,12,0,59,222.46,222.46,0.0,-545.955095,0.0
2019-03-10,12,0,63,51.0,51.0,0.0,5682.104378,0.0
2019-03-10,12,0,64,60.0,60.0,0.0,6684.82868,0.0
2019-03-10,12,0,65,25.0,25.0,0.0,187.162516,0.0
2019-03-10,12,0,67,206.5,206.5,0.0,-114923.514719,0.0
2019-03-10,12,0,68,34.0,34.0,0.0,-13998.320564,0.0
2019-03-10,12,0,69,3.2,3.2,0.0,30.48277,0.0
2019-03-10,12,0,74,64.97,64.97,0.0,343.158925,0.0
2019-03-10,12,0,77,60.0,60.0,0.0,-17446.105775,0.0
2019-03-10,12,0,78,45.36,45.36,0.0,-13189.255966,0.0
2019-03-10,12,0,79,26.25,26.25,0.0,-7632.671277,0.0
2019-03-10,12,0,80,42.45,42.45,0.0,-12343.119836,0.0
2019-03-10,12,0,81,55.5,55.5,0.0,-16137.647842,0.0
2019-03-10,12,0,82,39.15,39.15,0.0,-11383.584018,0.0
2019-03-10,12,0,83,87.3,87.3,0.0,-25384.083903,0.0
2019-03-10,12,0,84,0.0,0.0,0.0,0.0,0.0
2019-03-10,12,0,86,16.19,16.19,0.0,154.223765,0.0
2019-03-10,12,0,87,82.65,82.65,0.0,787.312798,0.0
2019-03-10,12,0,88,51.18,51.18,0.0,-14881.528226,0.0
2019-03-10,12,0,89,49.2,49.2,0.0,-14305.806736,0.0
2019-03-10,12,0,90,66.06,66.06,0.0,-19208.162458,0.0
2019-03-10,12,0,91,235.65,235.65,0.0,-68519.580431,0.0
2019-03-10,12,0,92,84.75,84.75,0.0,-24642.624407,0.0
2019-03-10,12,0,95,105.37,105.37,0.0,2677.840878,0.0
2019-03-10,12,0,96,25.41,25.41,0.0,-63.932412,0.0
2019-03-10,12,0,97,156.24,156.24,0.0,-393.105077,0.0
2019-03-10,12,0,99,12.54,12.54,0.0,66.233845,0.0
2019-03-10,12,0,101,8.45,8.45,0.0,-20.737753,0.0
2019-03-10,12,0,102,80.5,80.5,0.0,-33143.082512,0.0
2019-03-10,12,0,103,70.0,70.0,0.0,-28820.07175,0.0
2019-03-10,12,0,104,13.0,13.0,0.0,-5352.299039,0.0
2019-03-10,12,0,106,186.07,186.07,0.0,-445.633904,0.0
2019-03-10,12,0,109,60.0,60.0,0.0,161.14129,0.0
2019-03-10,12,0,110,331.58,331.58,0.0,-331580.0,0.0
2019-03-10,12,0,111,19.05,19.05,0.0,14.035857,0.0
2019-03-10,12,0,113,45.0,45.0,0.0,-11814.166867,0.0
2019-03-10,12,0,115,45.0,45.0,0.0,-11814.166867,0.0
2019-03-10,12,0,116,68.38,68.38,0.0,-68380.0,0.0
2019-03-10,12,0,117,3.0,3.0,0.0,-787.611124,0.0
2019-03-10,12,0,119,60.0,60.0,0.0,6684.82868,0.0
2019-03-10,12,0,120,35.28,35.28,0.0,3930.679264,0.0
2019-03-10,12,0,123,3.1,3.1,0.0,-7.424438,0.0
2019-03-10,12,0,125,70.73,70.73,0.0,-169.396926,0.0
2019-03-10,12,0,126,139.55,139.55,0.0,-334.219441,0.0
2019-03-10,12,0,127,179.09,179.09,0.0,-428.916945,0.0
2019-03-10,12,0,128,96.96,96.96,0.0,-232.217248,0.0
2019-03-10,12,0,131,30.0,30.0,0.0,-11191.190323,0.0
2019-03-10,12,0,132,44.1,44.1,0.0,-16451.049774,0.0
2019-03-10,12,0,133,29.88,29.88,0.0,226.277589,0.0
2019-03-10,12,0,134,0.0,0.0,0.0,0.0,0.0
2019-03-10,12,0,135,40.04,40.04,0.0,303.218028,0.0
2019-03-10,12,0,136,25.59,25.59,0.0,191.468654,0.0
2019-03-10,12,0,139,44.94,44.94,0.0,33.111361,0.0
2019-03-10,12,0,140,245.4,245.4,0.0,-245400.0,0.0
2019-03-10,12,0,141,230.0,230.0,0.0,-128001.977653,0.0
2019-03-10,12,0,142,272.32,272.32,0.0,-151554.341541,0.0
2019-03-10,12,0,143,13.7,13.7,0.0,-33.622156,0.0
2019-03-10,12,0,145,56.25,56.25,0.0,-30.680209,0.0
2019-03-10,12,0,146,260.45,260.45,0.0,-260450.0,0.0
2019-03-10,12,0,152,9.2,9.2,0.0,48.895276,0.0
2019-03-10,12,0,153,11.45,11.45,0.0,59.686916,0.0
2019-03-10,12,0,154,78.6,78.6,0.0,57.911727,0.0
2019-03-10,12,0,157,191.26,191.26,0.0,-106441.992374,0.0
2019-03-10,12,0,158,343.23,343.23,0.0,-191017.907782,0.0
2019-03-10,12,0,159,0.0,0.0,0.0,0.0,0.0
2019-03-10,12,0,160,2.89,2.89,0.0,16.626582,0.0
2019-03-10,12,0,161,34.64,34.64,0.0,-14261.818363,0.0
2019-03-10,12,0,162,162.5,162.5,0.0,4259.227826,0.0
2019-03-10,12,0,163,185.4,185.4,0.0,-185400.0,0.0
2019-03-10,12,0,164,20.16,20.16,0.0,-49.476107,0.0
2019-03-10,12,0,167,5.39,5.39,0.0,122.056847,0.0
2019-03-10,12,0,168,2.7,2.7,0.0,61.141649,0.0
2019-03-10,12,0,169,0.0,0.0,0.0,0.0,0.0
2019-03-10,12,0,170,5.9,5.9,0.0,133.605825,0.0
2019-03-10,12,0,172,7.93,7.93,0.0,110.490844,0.0
2019-03-10,12,0,173,12.09,12.09,0.0,168.453255,0.0
2019-03-10,12,0,188,8.75,8.75,0.0,195.974122,0.0
2019-03-10,12,0,190,6.32,6.32,0.0,204.942161,0.0
2019-03-10,12,0,191,16.32,16.32,0.0,529.217732,0.0
2019-03-10,12,0,192,332.6,332.6,0.0,10785.405497,0.0
2019-03-10,12,0,194,52.95,52.95,0.0,-6798.919512,0.0
2019-03-10,12,0,196,3.21,3.21,0.0,848.436005,0.0
2019-03-10,12,0,198,12.82,12.82,0.0,94.565072,0.0
2019-03-10,12,0,199,81.16,81.16,0.0,-2285.992892,0.0
2019-03-10,12,0,200,23.67,23.67,0.0,-666.700983,0.0
2019-03-10,12,0,204,257.1,257.1,0.0,624.827731,0.0
2019-03-10,12,0,205,317.4,317.4,0.0,852.437422,0.0
2019-03-10,12,0,206,459.1,459.1,0.0,-1155.110989,0.0
2019-03-10,12,0,210,3.03,3.03,0.0,18.158746,0.0
2019-03-10,12,0,214,17.35,17.35,0.0,185.411404,0.0
2019-03-10,12,0,217,11.53,11.53,0.0,99.746844,0.0
2019-03-10,12,0,218,15.91,15.91,0.0,137.638534,0.0
2019-03-10,12,0,219,10.84,10.84,0.0,93.777606,0.0
2019-03-10,12,0,221,9.25,9.25,0.0,98.85046,0.0
2019-03-10,12,0,225,8.79,8.79,0.0,47.405777,0.0
2019-03-10,12,0,233,9.16,9.16,0.0,87.25693,0.0
2019-03-10,12,0,236,47.08,47.08,0.0,305.205899,0.0
2019-03-10,12,0,237,155.86,155.86,0.0,823.222257,0.0
2019-03-10,12,0,238,96.52,96.52,0.0,689.200001,0.0
2019-03-10,12,0,240,13.79,13.79,0.0,59.904167,0.0
2019-03-10,12,0,245,69.9,69.9,0.0,549.115205,0.0
2019-03-10,12,0,247,95.22,95.22,0.0,748.022172,0.0
2019-03-10,12,0,248,15.65,15.65,0.0,82.660261,0.0
2019-03-10,12,0,249,134.42,134.42,0.0,1055.966607,0.0
2019-03-10,12,0,251,201.37,201.37,0.0,1481.45786,0.0
2019-03-10,12,0,252,161.27,161.27,0.0,1207.347961,0.0
2019-03-10,12,0,254,21.87,21.87,0.0,107.12453,0.0
2019-03-10,12,0,255,10.02,10.02,0.0,49.080375,0.0
2019-03-10,12,0,258,16.8,16.8,0.0,73.706384,0.0
2019-03-10,12,0,260,7.02,7.02,0.0,40.38706,0.0
2019-03-10,12,0,265,81.38,81.38,0.0,59.960004,0.0
2019-03-10,12,0,266,29.1,29.1,0.0,21.440601,0.0
2019-03-10,12,0,267,35.76,35.76,0.0,26.347625,0.0
2019-03-10,12,0,270,579.0,579.0,0.0,-579000.0,0.0
2019-03-10,12,0,272,150.39,150.39,0.0,-39482.94567,0.0
2019-03-10,12,0,273,16.35,16.35,0.0,-16350.0,0.0
2019-03-10,12,0,274,746.4,746.4,0.0,-746400.0,0.0
2019-03-10,12,0,275,1039.0,1039.0,0.0,-1039000.0,0.0
2019-03-10,12,0,276,3.21,3.21,0.0,-2892.154099,0.0
2019-03-10,12,0,277,3.44,3.44,0.0,-942.062784,0.0
2019-03-10,12,0,278,5.51,5.51,0.0,-1508.943588,0.0
2019-03-10,12,0,279,264.6,264.6,0.0,-72462.154866,0.0
2019-03-10,12,0,281,6.74,6.74,0.0,-16.541119,0.0
2019-03-10,12,0,282,230.0,230.0,0.0,-564.459551,0.0
2019-03-10,13,0,9,2.61,2.61,0.0,-78.385086,0.0
2019-03-10,13,0,17,60.39,60.39,0.0,170.431999,0.0
2019-03-10,13,0,19,148.48,148.48,0.0,419.038635,0.0
2019-03-10,13,0,20,180.08,180.08,0.0,508.21981,0.0
2019-03-10,13,0,21,59.69,59.69,0.0,-1792.645888,0.0
2019-03-10,13,0,22,212.15,212.15,0.0,-6371.416069,0.0
2019-03-10,13,0,23,90.35,90.35,0.0,-2713.445401,0.0
2019-03-10,13,0,24,157.79,157.79,0.0,-4738.843938,0.0
2019-03-10,13,0,29,10.86,10.86,0.0,37.87449,0.0
2019-03-10,13,0,30,682.29,682.29,0.0,-20629.764579,0.0
2019-03-10,13,0,31,14.15,14.15,0.0,-427.840315,0.0
2019-03-10,13,0,32,5.03,5.03,0.0,148.599041,0.0
2019-03-10,13,0,33,3.64,3.64,0.0,32.250162,0.0
2019-03-10,13,0,34,5.83,5.83,0.0,51.653418,0.0
2019-03-10,13,0,35,5.83,5.83,0.0,51.653418,0.0
2019-03-10,13,0,36,13.8,13.8,0.0,-91.639742,0.0
2019-03-10,13,0,37,6.72,6.72,0.0,-45.579225,0.0
2019-03-10,13,0,38,8.64,8.64,0.0,-58.601861,0.0
2019-03-10,13,0,39,5.76,5.76,0.0,-39.067907,0.0
2019-03-10,13,0,40,5.76,5.76,0.0,-39.067907,0.0
2019-03-10,13,0,41,34.8,34.8,0.0,-674.2487,0.0
2019-03-10,13,0,42,85.03,85.03,0.0,128.685893,0.0
2019-03-10,13,0,43,42.82,42.82,0.0,-227.382418,0.0
2019-03-10,13,0,46,36.7,36.7,0.0,-329.650375,0.0
2019-03-10,13,0,52,15.0,15.0,0.0,-453.54097,0.0
2019-03-10,13,0,53,23.83,23.83,0.0,-720.525422,0.0
2019-03-10,13,0,55,235.96,235.96,0.0,-7086.492272,0.0
2019-03-10,13,0,56,201.25,201.25,0.0,-6085.008019,0.0
2019-03-10,13,0,57,191.43,191.43,0.0,-5788.089864,0.0
2019-03-10,13,0,58,368.14,368.14,0.0,-11131.104856,0.0
2019-03-10,13,0,59,362.01,362.01,0.0,-10945.757779,0.0
2019-03-10,13,0,63,51.0,51.0,0.0,5234.343674,0.0
2019-03-10,13,0,64,60.0,60.0,0.0,6158.051381,0.0
2019-03-10,13,0,65,34.06,34.06,0.0,87.843093,0.0
2019-03-10,13,0,67,356.9,356.9,0.0,-199488.804159,0.0
2019-03-10,13,0,68,34.0,34.0,0.0,-14107.396898,0.0
2019-03-10,13,0,69,3.64,3.64,0.0,32.250162,0.0
2019-03-10,13,0,74,91.34,91.34,0.0,-390.808621,0.0
2019-03-10,13,0,77,60.0,60.0,0.0,-17622.202571,0.0
2019-03-10,13,0,78,45.36,45.36,0.0,-13322.385143,0.0
2019-03-10,13,0,79,26.25,26.25,0.0,-7709.713625,0.0
2019-03-10,13,0,80,42.45,42.45,0.0,-12467.708319,0.0
2019-03-10,13,0,81,55.5,55.5,0.0,-16300.537378,0.0
2019-03-10,13,0,82,39.15,39.15,0.0,-11498.487177,0.0
2019-03-10,13,0,83,87.3,87.3,0.0,-25640.30474,0.0
2019-03-10,13,0,84,0.0,0.0,0.0,-0.0,0.0
2019-03-10,13,0,86,18.46,18.46,0.0,163.554391,0.0
2019-03-10,13,0,87,94.23,94.23,0.0,834.87163,0.0
2019-03-10,13,0,88,51.18,51.18,0.0,-15031.738793,0.0
2019-03-10,13,0,89,49.2,49.2,0.0,-14450.206108,0.0
2019-03-10,13,0,90,66.06,66.06,0.0,-19402.04503,0.0
2019-03-10,13,0,91,235.65,235.65,0.0,-69211.200596,0.0
2019-03-10,13,0,92,84.75,84.75,0.0,-24891.361131,0.0
2019-03-10,13,0,95,104.72,104.72,0.0,2661.321978,0.0
2019-03-10,13,0,96,29.88,29.88,0.0,-909.807318,0.0
2019-03-10,13,0,97,183.75,183.75,0.0,-5594.949621,0.0
2019-03-10,13,0,99,17.63,17.63,0.0,-75.431968,0.0
2019-03-10,13,0,101,13.74,13.74,0.0,-415.443529,0.0
2019-03-10,13,0,102,80.5,80.5,0.0,-33401.336773,0.0
2019-03-10,13,0,103,70.0,70.0,0.0,-29044.640672,0.0
2019-03-10,13,0,104,13.0,13.0,0.0,-5394.004696,0.0
2019-03-10,13,0,106,208.84,208.84,0.0,-6272.008163,0.0
2019-03-10,13,0,109,60.0,60.0,0.0,-749.043161,0.0
2019-03-10,13,0,110,326.08,326.08,0.0,-326080.0,0.0
2019-03-10,13,0,111,22.5,22.5,0.0,-435.93666,0.0
2019-03-10,13,0,113,45.0,45.0,0.0,-12091.017755,0.0
2019-03-10,13,0,115,45.0,45.0,0.0,-12091.017755,0.0
2019-03-10,13,0,116,55.15,55.15,0.0,-55150.0,0.0
2019-03-10,13,0,117,3.0,3.0,0.0,-806.06785,0.0
2019-03-10,13,0,119,60.0,60.0,0.0,6158.051381,0.0
2019-03-10,13,0,120,35.28,35.28,0.0,3620.934212,0.0
2019-03-10,13,0,123,3.48,3.48,0.0,-104.513448,0.0
2019-03-10,13,0,125,143.27,143.27,0.0,-4302.770588,0.0
2019-03-10,13,0,126,156.63,156.63,0.0,-4704.006122,0.0
2019-03-10,13,0,127,201.01,201.01,0.0,-6036.852906,0.0
2019-03-10,13,0,128,202.25,202.25,0.0,-6074.09333,0.0
2019-03-10,13,0,131,30.0,30.0,0.0,-11293.76151,0.0
2019-03-10,13,0,132,44.1,44.1,0.0,-16601.829419,0.0
2019-03-10,13,0,133,38.78,38.78,0.0,110.332772,0.0
2019-03-10,13,0,134,0.0,0.0,0.0,0.0,0.0
2019-03-10,13,0,135,51.96,51.96,0.0,147.83112,0.0
2019-03-10,13,0,136,31.3,31.3,0.0,80.307107,0.0
2019-03-10,13,0,139,44.94,44.94,0.0,-870.710822,0.0
2019-03-10,13,0,140,241.33,241.33,0.0,-241330.0,0.0
2019-03-10,13,0,141,230.0,230.0,0.0,-128558.209461,0.0
2019-03-10,13,0,142,470.66,470.66,0.0,-263074.812456,0.0
2019-03-10,13,0,143,11.39,11.39,0.0,-344.388777,0.0
2019-03-10,13,0,145,100.0,100.0,0.0,-2364.567389,0.0
2019-03-10,13,0,146,261.03,261.03,0.0,-261030.0,0.0
2019-03-10,13,0,152,10.35,10.35,0.0,-42.105142,0.0
2019-03-10,13,0,153,13.01,13.01,0.0,-56.972946,0.0
2019-03-10,13,0,154,92.83,92.83,0.0,-1798.577783,0.0
2019-03-10,13,0,157,150.8,150.8,0.0,-84289.469508,0.0
2019-03-10,13,0,158,445.47,445.47,0.0,-248994.893777,0.0
2019-03-10,13,0,159,0.0,0.0,0.0,-0.0,0.0
2019-03-10,13,0,160,3.4,3.4,0.0,-2.224717,0.0
2019-03-10,13,0,161,63.25,63.25,0.0,-26243.907464,0.0
2019-03-10,13,0,162,162.5,162.5,0.0,4257.175972,0.0
2019-03-10,13,0,163,104.55,104.55,0.0,-104550.0,0.0
2019-03-10,13,0,164,27.74,27.74,0.0,-838.748435,0.0
2019-03-10,13,0,167,5.55,5.55,0.0,127.828108,0.0
2019-03-10,13,0,168,2.78,2.78,0.0,64.029214,0.0
2019-03-10,13,0,169,0.0,0.0,0.0,0.0,0.0
2019-03-10,13,0,170,6.07,6.07,0.0,139.804795,0.0
2019-03-10,13,0,172,8.61,8.61,0.0,77.963392,0.0
2019-03-10,13,0,173,13.12,13.12,0.0,118.801359,0.0
2019-03-10,13,0,188,10.67,10.67,0.0,160.428009,0.0
2019-03-10,13,0,190,5.14,5.14,0.0,166.677644,0.0
2019-03-10,13,0,191,13.27,13.27,0.0,430.313683,0.0
2019-03-10,13,0,192,332.6,332.6,0.0,10785.405497,0.0
2019-03-10,13,0,194,52.95,52.95,0.0,-7314.750536,0.0
2019-03-10,13,0,196,3.31,3.31,0.0,840.792623,0.0
2019-03-10,13,0,198,14.84,14.84,0.0,101.957807,0.0
2019-03-10,13,0,199,73.53,73.53,0.0,-6505.373584,0.0
2019-03-10,13,0,200,26.87,26.87,0.0,-2377.252661,0.0
2019-03-10,13,0,204,257.1,257.1,0.0,-3422.875825,0.0
2019-03-10,13,0,205,317.4,317.4,0.0,-3962.43832,0.0
2019-03-10,13,0,206,539.94,539.94,0.0,-16440.474004,0.0
2019-03-10,13,0,210,3.28,3.28,0.0,10.987772,0.0
2019-03-10,13,0,214,18.84,18.84,0.0,234.221541,0.0
2019-03-10,13,0,217,12.67,12.67,0.0,120.340475,0.0
2019-03-10,13,0,218,17.48,17.48,0.0,166.026164,0.0
2019-03-10,13,0,219,11.91,11.91,0.0,113.121946,0.0
2019-03-10,13,0,221,10.05,10.05,0.0,124.94302,0.0
2019-03-10,13,0,225,9.64,9.64,0.0,33.747806,0.0
2019-03-10,13,0,233,10.44,10.44,0.0,92.497716,0.0
2019-03-10,13,0,236,144.17,144.17,0.0,-72.373764,0.0
2019-03-10,13,0,237,219.12,219.12,0.0,-937.529943,0.0
2019-03-10,13,0,238,110.68,110.68,0.0,167.505053,0.0
2019-03-10,13,0,240,15.64,15.64,0.0,-103.858375,0.0
2019-03-10,13,0,245,78.0,78.0,0.0,289.864589,0.0
2019-03-10,13,0,247,142.5,142.5,0.0,529.560306,0.0
2019-03-10,13,0,248,22.0,22.0,0.0,-94.129512,0.0
2019-03-10,13,0,249,150.0,150.0,0.0,557.431901,0.0
2019-03-10,13,0,251,285.66,285.66,0.0,622.712065,0.0
2019-03-10,13,0,252,219.74,219.74,0.0,566.724639,0.0
2019-03-10,13,0,254,24.76,24.76,0.0,-102.552722,0.0
2019-03-10,13,0,255,11.35,11.35,0.0,-47.010234,0.0
2019-03-10,13,0,258,19.1,19.1,0.0,-122.730785,0.0
2019-03-10,13,0,260,8.27,8.27,0.0,-5.411296,0.0
2019-03-10,13,0,265,96.11,96.11,0.0,-1862.127661,0.0
2019-03-10,13,0,266,29.1,29.1,0.0,-563.811413,0.0
2019-03-10,13,0,267,35.76,35.76,0.0,-692.848665,0.0
2019-03-10,13,0,270,325.32,325.32,0.0,-325320.0,0.0
2019-03-10,13,0,272,150.39,150.39,0.0,-40408.181339,0.0
2019-03-10,13,0,273,13.19,13.19,0.0,-13190.0,0.0
2019-03-10,13,0,274,419.18,419.18,0.0,-419180.0,0.0
2019-03-10,13,0,275,583.24,583.24,0.0,-583240.0,0.0
2019-03-10,13,0,276,4.34,4.34,0.0,-3912.607922,0.0
2019-03-10,13,0,277,7.83,7.83,0.0,-2182.360663,0.0
2019-03-10,13,0,278,12.52,12.52,0.0,-3489.547318,0.0
2019-03-10,13,0,279,378.16,378.16,0.0,-105399.937201,0.0
2019-03-10,13,0,281,6.35,6.35,0.0,-191.999011,0.0
2019-03-10,13,0,282,374.28,374.28,0.0,-11316.754293,0.0
2019-03-10,14,0,9,2.73,2.73,0.0,-1354.155321,0.0
2019-03-10,14,0,17,61.89,61.89,0.0,452.816539,0.0
2019-03-10,14,0,19,169.05,169.05,0.0,1236.849828,0.0
2019-03-10,14,0,20,205.03,205.03,0.0,1500.096541,0.0
2019-03-10,14,0,21,62.51,62.51,0.0,-31006.684659,0.0
2019-03-10,14,0,22,222.15,222.15,0.0,-110192.529149,0.0
2019-03-10,14,0,23,42.61,42.61,0.0,-21135.735616,0.0
2019-03-10,14,0,24,73.27,73.27,0.0,-36343.941529,0.0
2019-03-10,14,0,29,10.91,10.91,0.0,37.445335,0.0
2019-03-10,14,0,30,727.84,727.84,0.0,-727840.0,0.0
2019-03-10,14,0,31,27.79,27.79,0.0,-27790.0,0.0
2019-03-10,14,0,32,5.02,5.02,0.0,169.454714,0.0
2019-03-10,14,0,33,3.71,3.71,0.0,163.610508,0.0
2019-03-10,14,0,34,5.93,5.93,0.0,261.512214,0.0
2019-03-10,14,0,35,5.93,5.93,0.0,261.512214,0.0
2019-03-10,14,0,36,14.3,14.3,0.0,-740.109926,0.0
2019-03-10,14,0,37,6.79,6.79,0.0,-358.693244,0.0
2019-03-10,14,0,38,8.73,8.73,0.0,-461.177028,0.0
2019-03-10,14,0,39,5.82,5.82,0.0,-307.451352,0.0
2019-03-10,14,0,40,5.82,5.82,0.0,-307.451352,0.0
2019-03-10,14,0,41,34.8,34.8,0.0,-4439.571381,0.0
2019-03-10,14,0,42,88.0,88.0,0.0,-57.805168,0.0
2019-03-10,14,0,43,43.85,43.85,0.0,-2003.565992,0.0
2019-03-10,14,0,46,37.3,37.3,0.0,-2428.061116,0.0
2019-03-10,14,0,52,29.46,29.46,0.0,-29460.0,0.0
2019-03-10,14,0,53,46.8,46.8,0.0,-46800.0,0.0
2019-03-10,14,0,55,454.44,454.44,0.0,-225414.778061,0.0
2019-03-10,14,0,56,214.69,214.69,0.0,-214690.0,0.0
2019-03-10,14,0,57,204.21,204.21,0.0,-204210.0,0.0
2019-03-10,14,0,58,392.72,392.72,0.0,-392720.0,0.0
2019-03-10,14,0,59,386.17,386.17,0.0,-386170.0,0.0
2019-03-10,14,0,63,51.0,51.0,0.0,5707.896449,0.0
2019-03-10,14,0,64,60.0,60.0,0.0,6715.172292,0.0
2019-03-10,14,0,65,36.71,36.71,0.0,214.21489,0.0
2019-03-10,14,0,67,365.12,365.12,0.0,-195649.167741,0.0
2019-03-10,14,0,68,19.16,19.16,0.0,-7362.812701,0.0
2019-03-10,14,0,69,3.71,3.71,0.0,163.610508,0.0
2019-03-10,14,0,74,96.14,96.14,0.0,-3453.695396,0.0
2019-03-10,14,0,77,60.0,60.0,0.0,-15042.848451,0.0
2019-03-10,14,0,78,45.36,45.36,0.0,-11372.393429,0.0
2019-03-10,14,0,79,26.25,26.25,0.0,-6581.246198,0.0
2019-03-10,14,0,80,42.45,42.45,0.0,-10642.815279,0.0
2019-03-10,14,0,81,55.5,55.5,0.0,-13914.634818,0.0
2019-03-10,14,0,82,39.15,39.15,0.0,-9815.458615,0.0
2019-03-10,14,0,83,87.3,87.3,0.0,-21887.344497,0.0
2019-03-10,14,0,84,0.0,0.0,0.0,-0.0,0.0
2019-03-10,14,0,86,18.77,18.77,0.0,827.754512,0.0
2019-03-10,14,0,87,95.84,95.84,0.0,4226.531297,0.0
2019-03-10,14,0,88,51.18,51.18,0.0,-12831.549729,0.0
2019-03-10,14,0,89,49.2,49.2,0.0,-12335.13573,0.0
2019-03-10,14,0,90,66.06,66.06,0.0,-16562.176145,0.0
2019-03-10,14,0,91,235.65,235.65,0.0,-59080.787293,0.0
2019-03-10,14,0,92,84.75,84.75,0.0,-21248.023438,0.0
2019-03-10,14,0,95,120.0,120.0,0.0,3049.643213,0.0
2019-03-10,14,0,96,31.39,31.39,0.0,-4492.663214,0.0
2019-03-10,14,0,97,210.51,210.51,0.0,-30129.038969,0.0
2019-03-10,14,0,99,18.56,18.56,0.0,-666.742111,0.0
2019-03-10,14,0,101,14.66,14.66,0.0,-14660.0,0.0
2019-03-10,14,0,102,45.25,45.25,0.0,-17388.688659,0.0
2019-03-10,14,0,103,39.36,39.36,0.0,-15125.27703,0.0
2019-03-10,14,0,104,7.37,7.37,0.0,-2832.146639,0.0
2019-03-10,14,0,106,218.69,218.69,0.0,-108476.273687,0.0
2019-03-10,14,0,109,60.0,60.0,0.0,-4998.048835,0.0
2019-03-10,14,0,110,326.56,326.56,0.0,-326560.0,0.0
2019-03-10,14,0,111,23.53,23.53,0.0,-3001.813638,0.0
2019-03-10,14,0,113,45.0,45.0,0.0,-10983.897867,0.0
2019-03-10,14,0,115,45.0,45.0,0.0,-10983.897867,0.0
2019-03-10,14,0,116,58.12,58.12,0.0,-58120.0,0.0
2019-03-10,14,0,117,3.0,3.0,0.0,-732.259858,0.0
2019-03-10,14,0,119,60.0,60.0,0.0,6715.172292,0.0
2019-03-10,14,0,120,35.28,35.28,0.0,3948.521308,0.0
2019-03-10,14,0,123,3.64,3.64,0.0,-1805.540428,0.0
2019-03-10,14,0,125,66.79,66.79,0.0,-33129.682745,0.0
2019-03-10,14,0,126,164.01,164.01,0.0,-81353.485058,0.0
2019-03-10,14,0,127,210.48,210.48,0.0,-104403.887172,0.0
2019-03-10,14,0,128,92.7,92.7,0.0,-45981.757606,0.0
2019-03-10,14,0,131,30.0,30.0,0.0,-10314.03375,0.0
2019-03-10,14,0,132,44.1,44.1,0.0,-15161.629612,0.0
2019-03-10,14,0,133,41.94,41.94,0.0,312.705473,0.0
2019-03-10,14,0,134,0.0,0.0,0.0,0.0,0.0
2019-03-10,14,0,135,56.2,56.2,0.0,419.028316,0.0
2019-03-10,14,0,136,34.91,34.91,0.0,200.872701,0.0
2019-03-10,14,0,139,44.94,44.94,0.0,-5733.170629,0.0
2019-03-10,14,0,140,241.69,241.69,0.0,-241690.0,0.0
2019-03-10,14,0,141,230.0,230.0,0.0,-123245.257944,0.0
2019-03-10,14,0,142,481.51,481.51,0.0,-258016.62675,0.0
2019-03-10,14,0,143,33.7,33.7,0.0,-33700.0,0.0
2019-03-10,14,0,145,56.12,56.12,0.0,-8092.57438,0.0
2019-03-10,14,0,146,244.44,244.44,0.0,-244440.0,0.0
2019-03-10,14,0,152,10.63,10.63,0.0,-368.575166,0.0
2019-03-10,14,0,153,13.29,13.29,0.0,-485.999462,0.0
2019-03-10,14,0,154,97.05,97.05,0.0,-12381.046051,0.0
2019-03-10,14,0,157,112.29,112.29,0.0,-60170.478324,0.0
2019-03-10,14,0,158,460.6,460.6,0.0,-246812.025256,0.0
2019-03-10,14,0,159,0.0,0.0,0.0,-0.0,0.0
2019-03-10,14,0,160,3.52,3.52,0.0,-78.813873,0.0
2019-03-10,14,0,161,65.47,65.47,0.0,-25158.838596,0.0
2019-03-10,14,0,162,162.5,162.5,0.0,4272.958308,0.0
2019-03-10,14,0,163,130.61,130.61,0.0,-130610.0,0.0
2019-03-10,14,0,164,28.25,28.25,0.0,-28250.0,0.0
2019-03-10,14,0,167,5.5,5.5,0.0,125.124938,0.0
2019-03-10,14,0,168,2.75,2.75,0.0,62.562469,0.0
2019-03-10,14,0,169,0.0,0.0,0.0,0.0,0.0
2019-03-10,14,0,170,6.01,6.01,0.0,136.727432,0.0
2019-03-10,14,0,172,8.55,8.55,0.0,31.069596,0.0
2019-03-10,14,0,173,13.03,13.03,0.0,47.349338,0.0
2019-03-10,14,0,188,10.73,10.73,0.0,175.020066,0.0
2019-03-10,14,0,190,5.42,5.42,0.0,175.75736,0.0
2019-03-10,14,0,191,13.99,13.99,0.0,453.661524,0.0
2019-03-10,14,0,192,332.6,332.6,0.0,10785.405497,0.0
2019-03-10,14,0,194,52.95,52.95,0.0,-6623.081651,0.0
2019-03-10,14,0,196,3.43,3.43,0.0,927.143923,0.0
2019-03-10,14,0,198,15.28,15.28,0.0,188.600344,0.0
2019-03-10,14,0,199,130.0,130.0,0.0,-20335.090637,0.0
2019-03-10,14,0,200,27.3,27.3,0.0,-4270.369034,0.0
2019-03-10,14,0,204,257.1,257.1,0.0,-22620.133903,0.0
2019-03-10,14,0,205,317.4,317.4,0.0,-26439.678335,0.0
2019-03-10,14,0,206,745.19,745.19,0.0,-106654.593839,0.0
2019-03-10,14,0,210,3.27,3.27,0.0,15.125815,0.0
2019-03-10,14,0,214,19.06,19.06,0.0,1255.354886,0.0
2019-03-10,14,0,217,12.52,12.52,0.0,553.969214,0.0
2019-03-10,14,0,218,17.28,17.28,0.0,764.583707,0.0
2019-03-10,14,0,219,11.77,11.77,0.0,520.784157,0.0
2019-03-10,14,0,221,10.17,10.17,0.0,669.829968,0.0
2019-03-10,14,0,225,9.78,9.78,0.0,32.439771,0.0
2019-03-10,14,0,233,10.62,10.62,0.0,468.340592,0.0
2019-03-10,14,0,236,93.91,93.91,0.0,-1215.039594,0.0
2019-03-10,14,0,237,230.62,230.62,0.0,-8284.701812,0.0
2019-03-10,14,0,238,114.54,114.54,0.0,-75.238682,0.0
2019-03-10,14,0,240,16.2,16.2,0.0,-838.44621,0.0
2019-03-10,14,0,245,78.0,78.0,0.0,995.520213,0.0
2019-03-10,14,0,247,171.72,171.72,0.0,2191.676038,0.0
2019-03-10,14,0,248,23.15,23.15,0.0,-831.631458,0.0
2019-03-10,14,0,249,150.0,150.0,0.0,1914.461948,0.0
2019-03-10,14,0,251,282.13,282.13,0.0,960.238829,0.0
2019-03-10,14,0,252,236.8,236.8,0.0,1381.805665,0.0
2019-03-10,14,0,254,24.77,24.77,0.0,-986.943249,0.0
2019-03-10,14,0,255,11.35,11.35,0.0,-452.232776,0.0
2019-03-10,14,0,258,19.89,19.89,0.0,-1009.943777,0.0
2019-03-10,14,0,260,8.54,8.54,0.0,-191.213204,0.0
2019-03-10,14,0,265,100.48,100.48,0.0,-12818.624494,0.0
2019-03-10,14,0,266,29.1,29.1,0.0,-3712.400207,0.0
2019-03-10,14,0,267,35.76,35.76,0.0,-4562.042316,0.0
2019-03-10,14,0,270,454.05,454.05,0.0,-454050.0,0.0
2019-03-10,14,0,272,150.39,150.39,0.0,-36708.18667,0.0
2019-03-10,14,0,273,13.9,13.9,0.0,-13900.0,0.0
2019-03-10,14,0,274,605.65,605.65,0.0,-605650.0,0.0
2019-03-10,14,0,275,880.86,880.86,0.0,-880860.0,0.0
2019-03-10,14,0,276,4.5,4.5,0.0,-4033.641903,0.0
2019-03-10,14,0,277,8.08,8.08,0.0,-1993.689093,0.0
2019-03-10,14,0,278,12.93,12.93,0.0,-3190.396036,0.0
2019-03-10,14,0,279,264.6,264.6,0.0,-65288.382919,0.0
2019-03-10,14,0,281,12.47,12.47,0.0,-12470.0,0.0
2019-03-10,14,0,282,399.26,399.26,0.0,-399260.0,0.0
2019-03-10,15,0,9,2.64,2.64,0.0,-1305.717604,0.0
2019-03-10,15,0,17,60.05,60.05,0.0,895.619552,0.0
2019-03-10,15,0,19,191.28,191.28,0.0,2852.857751,0.0
2019-03-10,15,0,20,231.99,231.99,0.0,3460.02964,0.0
2019-03-10,15,0,21,60.31,60.31,0.0,-29828.723002,0.0
2019-03-10,15,0,22,214.35,214.35,0.0,-106015.366862,0.0
2019-03-10,15,0,23,32.64,32.64,0.0,-16143.417655,0.0
2019-03-10,15,0,24,57.75,57.75,0.0,-28562.572598,0.0
2019-03-10,15,0,29,9.99,9.99,0.0,31.606584,0.0
2019-03-10,15,0,30,704.84,704.84,0.0,-704840.0,0.0
2019-03-10,15,0,31,61.9,61.9,0.0,-61900.0,0.0
2019-03-10,15,0,32,4.72,4.72,0.0,159.147884,0.0
2019-03-10,15,0,33,3.64,3.64,0.0,194.496153,0.0
2019-03-10,15,0,34,5.82,5.82,0.0,310.980113,0.0
2019-03-10,15,0,35,5.82,5.82,0.0,310.980113,0.0
2019-03-10,15,0,36,13.77,13.77,0.0,-657.544807,0.0
2019-03-10,15,0,37,6.56,6.56,0.0,-321.470881,0.0
2019-03-10,15,0,38,8.44,8.44,0.0,-413.599731,0.0
2019-03-10,15,0,39,5.63,5.63,0.0,-275.896503,0.0
2019-03-10,15,0,40,5.63,5.63,0.0,-275.896503,0.0
2019-03-10,15,0,41,58.96,58.96,0.0,-7319.242598,0.0
2019-03-10,15,0,42,84.56,84.56,0.0,555.146134,0.0
2019-03-10,15,0,43,41.34,41.34,0.0,-1747.475259,0.0
2019-03-10,15,0,46,35.82,35.82,0.0,-2206.609439,0.0
2019-03-10,15,0,52,65.61,65.61,0.0,-65610.0,0.0
2019-03-10,15,0,53,104.24,104.24,0.0,-104240.0,0.0
2019-03-10,15,0,55,623.0,623.0,0.0,-308129.571052,0.0
2019-03-10,15,0,56,207.9,207.9,0.0,-207900.0,0.0
2019-03-10,15,0,57,197.76,197.76,0.0,-197760.0,0.0
2019-03-10,15,0,58,380.31,380.31,0.0,-380310.0,0.0
2019-03-10,15,0,59,373.97,373.97,0.0,-373970.0,0.0
2019-03-10,15,0,63,51.0,51.0,0.0,5712.28378,0.0
2019-03-10,15,0,64,60.0,60.0,0.0,6720.333858,0.0
2019-03-10,15,0,65,39.7,39.7,0.0,530.533076,0.0
2019-03-10,15,0,67,347.09,347.09,0.0,-185849.568227,0.0
2019-03-10,15,0,68,34.0,34.0,0.0,-13047.569999,0.0
2019-03-10,15,0,69,3.64,3.64,0.0,194.496153,0.0
2019-03-10,15,0,74,101.27,101.27,0.0,-3062.158788,0.0
2019-03-10,15,0,77,60.0,60.0,0.0,-14997.846409,0.0
2019-03-10,15,0,78,45.36,45.36,0.0,-11338.371885,0.0
2019-03-10,15,0,79,26.25,26.25,0.0,-6561.557804,0.0
2019-03-10,15,0,80,42.45,42.45,0.0,-10610.976334,0.0
2019-03-10,15,0,81,55.5,55.5,0.0,-13873.007928,0.0
2019-03-10,15,0,82,39.15,39.15,0.0,-9786.094782,0.0
2019-03-10,15,0,83,87.3,87.3,0.0,-21821.866525,0.0
2019-03-10,15,0,84,0.0,0.0,0.0,-0.0,0.0
2019-03-10,15,0,86,18.44,18.44,0.0,985.304688,0.0
2019-03-10,15,0,87,94.15,94.15,0.0,5030.71781,0.0
2019-03-10,15,0,88,51.18,51.18,0.0,-12793.162987,0.0
2019-03-10,15,0,89,49.2,49.2,0.0,-12298.234055,0.0
2019-03-10,15,0,90,66.06,66.06,0.0,-16512.628896,0.0
2019-03-10,15,0,91,235.65,235.65,0.0,-58904.04177,0.0
2019-03-10,15,0,92,84.75,84.75,0.0,-21184.458052,0.0
2019-03-10,15,0,95,120.0,120.0,0.0,3049.643213,0.0
2019-03-10,15,0,96,29.88,29.88,0.0,-4204.724217,0.0
2019-03-10,15,0,97,183.75,183.75,0.0,-25857.365292,0.0
2019-03-10,15,0,99,19.55,19.55,0.0,-591.144508,0.0
2019-03-10,15,0,101,14.2,14.2,0.0,-14200.0,0.0
2019-03-10,15,0,102,80.5,80.5,0.0,-30892.040732,0.0
2019-03-10,15,0,103,70.0,70.0,0.0,-26862.644115,0.0
2019-03-10,15,0,104,13.0,13.0,0.0,-4988.776764,0.0
2019-03-10,15,0,106,211.01,211.01,0.0,-104363.436256,0.0
2019-03-10,15,0,109,60.0,60.0,0.0,-4774.010527,0.0
2019-03-10,15,0,110,328.9,328.9,0.0,-328900.0,0.0
2019-03-10,15,0,111,22.96,22.96,0.0,-2850.234227,0.0
2019-03-10,15,0,113,45.0,45.0,0.0,-10965.713681,0.0
2019-03-10,15,0,115,45.0,45.0,0.0,-10965.713681,0.0
2019-03-10,15,0,116,56.27,56.27,0.0,-56270.0,0.0
2019-03-10,15,0,117,3.0,3.0,0.0,-731.047579,0.0
2019-03-10,15,0,119,60.0,60.0,0.0,6720.333858,0.0
2019-03-10,15,0,120,35.28,35.28,0.0,3951.556309,0.0
2019-03-10,15,0,123,3.52,3.52,0.0,-1740.956806,0.0
2019-03-10,15,0,125,52.26,52.26,0.0,-25847.273488,0.0
2019-03-10,15,0,126,158.26,158.26,0.0,-78273.813667,0.0
2019-03-10,15,0,127,203.1,203.1,0.0,-100451.229343,0.0
2019-03-10,15,0,128,74.85,74.85,0.0,-37020.061626,0.0
2019-03-10,15,0,131,73.62,73.62,0.0,-25269.1842,0.0
2019-03-10,15,0,132,108.35,108.35,0.0,-37189.841185,0.0
2019-03-10,15,0,133,41.94,41.94,0.0,631.645444,0.0
2019-03-10,15,0,134,0.0,0.0,0.0,0.0,0.0
2019-03-10,15,0,135,56.2,56.2,0.0,846.410919,0.0
2019-03-10,15,0,136,39.54,39.54,0.0,525.028181,0.0
2019-03-10,15,0,139,76.67,76.67,0.0,-9517.746438,0.0
2019-03-10,15,0,140,243.42,243.42,0.0,-243420.0,0.0
2019-03-10,15,0,141,230.0,230.0,0.0,-123153.650904,0.0
2019-03-10,15,0,142,457.72,457.72,0.0,-245086.474312,0.0
2019-03-10,15,0,143,81.41,81.41,0.0,-81410.0,0.0
2019-03-10,15,0,145,30.0,30.0,0.0,-4240.689483,0.0
2019-03-10,15,0,146,230.42,230.42,0.0,-230420.0,0.0
2019-03-10,15,0,152,10.3,10.3,0.0,-300.079914,0.0
2019-03-10,15,0,153,12.83,12.83,0.0,-399.323565,0.0
2019-03-10,15,0,154,94.71,94.71,0.0,-11757.216188,0.0
2019-03-10,15,0,157,81.41,81.41,0.0,-43591.037913,0.0
2019-03-10,15,0,158,442.24,442.24,0.0,-236797.698155,0.0
2019-03-10,15,0,159,0.0,0.0,0.0,-0.0,0.0
2019-03-10,15,0,160,3.35,3.35,0.0,-66.37207,0.0
2019-03-10,15,0,161,62.93,62.93,0.0,-24149.517059,0.0
2019-03-10,15,0,162,162.5,162.5,0.0,4273.285586,0.0
2019-03-10,15,0,163,142.89,142.89,0.0,-142890.0,0.0
2019-03-10,15,0,164,27.61,27.61,0.0,-27610.0,0.0
2019-03-10,15,0,167,5.06,5.06,0.0,115.110281,0.0
2019-03-10,15,0,168,2.53,2.53,0.0,57.55514,0.0
2019-03-10,15,0,169,0.0,0.0,0.0,0.0,0.0
2019-03-10,15,0,170,5.53,5.53,0.0,125.802342,0.0
2019-03-10,15,0,172,8.0,8.0,0.0,29.070967,0.0
2019-03-10,15,0,173,12.19,12.19,0.0,44.296887,0.0
2019-03-10,15,0,188,10.16,10.16,0.0,165.066279,0.0
2019-03-10,15,0,190,5.25,5.25,0.0,170.244675,0.0
2019-03-10,15,0,191,13.57,13.57,0.0,440.04195,0.0
2019-03-10,15,0,192,199.35,199.35,0.0,6464.433511,0.0
2019-03-10,15,0,194,52.95,52.95,0.0,-6613.649171,0.0
2019-03-10,15,0,196,3.25,3.25,0.0,879.154124,0.0
2019-03-10,15,0,198,14.62,14.62,0.0,179.181716,0.0
2019-03-10,15,0,199,130.0,130.0,0.0,-20502.539159,0.0
2019-03-10,15,0,200,25.93,25.93,0.0,-4089.468003,0.0
2019-03-10,15,0,204,257.1,257.1,0.0,-21700.252057,0.0
2019-03-10,15,0,205,317.4,317.4,0.0,-25254.515686,0.0
2019-03-10,15,0,206,539.94,539.94,0.0,-75980.548657,0.0
2019-03-10,15,0,210,3.1,3.1,0.0,-2.592251,0.0
2019-03-10,15,0,214,18.05,18.05,0.0,1375.908885,0.0
2019-03-10,15,0,217,11.8,11.8,0.0,603.407278,0.0
2019-03-10,15,0,218,16.29,16.29,0.0,833.00886,0.0
2019-03-10,15,0,219,11.09,11.09,0.0,567.100568,0.0
2019-03-10,15,0,221,9.63,9.63,0.0,734.072164,0.0
2019-03-10,15,0,225,9.04,9.04,0.0,32.093062,0.0
2019-03-10,15,0,233,10.43,10.43,0.0,557.306285,0.0
2019-03-10,15,0,236,137.66,137.66,0.0,-869.366246,0.0
2019-03-10,15,0,237,242.94,242.94,0.0,-7345.915432,0.0
2019-03-10,15,0,238,110.06,110.06,0.0,722.556569,0.0
2019-03-10,15,0,240,15.61,15.61,0.0,-745.408456,0.0
2019-03-10,15,0,245,78.0,78.0,0.0,1608.210493,0.0
2019-03-10,15,0,247,171.72,171.72,0.0,3540.537254,0.0
2019-03-10,15,0,248,24.39,24.39,0.0,-737.49435,0.0
2019-03-10,15,0,249,150.0,150.0,0.0,3092.712486,0.0
2019-03-10,15,0,251,280.33,280.33,0.0,3032.344311,0.0
2019-03-10,15,0,252,256.08,256.08,0.0,3422.13879,0.0
2019-03-10,15,0,254,23.72,23.72,0.0,-868.98786,0.0
2019-03-10,15,0,255,10.87,10.87,0.0,-398.225044,0.0
2019-03-10,15,0,258,19.06,19.06,0.0,-893.279851,0.0
2019-03-10,15,0,260,8.14,8.14,0.0,-161.274223,0.0
2019-03-10,15,0,265,98.06,98.06,0.0,-12173.082245,0.0
2019-03-10,15,0,266,49.03,49.03,0.0,-6086.541123,0.0
2019-03-10,15,0,267,60.63,60.63,0.0,-7526.554931,0.0
2019-03-10,15,0,270,466.38,466.38,0.0,-466380.0,0.0
2019-03-10,15,0,272,150.39,150.39,0.0,-36647.415121,0.0
2019-03-10,15,0,273,13.46,13.46,0.0,-13460.0,0.0
2019-03-10,15,0,274,614.3,614.3,0.0,-614300.0,0.0
2019-03-10,15,0,275,881.73,881.73,0.0,-881730.0,0.0
2019-03-10,15,0,276,4.38,4.38,0.0,-3925.688605,0.0
2019-03-10,15,0,277,7.78,7.78,0.0,-1915.443105,0.0
2019-03-10,15,0,278,12.45,12.45,0.0,-3065.20137,0.0
2019-03-10,15,0,279,264.6,264.6,0.0,-65144.761649,0.0
2019-03-10,15,0,281,27.78,27.78,0.0,-27780.0,0.0
2019-03-10,15,0,282,386.65,386.65,0.0,-386650.0,0.0
2019-03-10,16,0,9,2.81,2.81,0.0,-1136.129821,0.0
2019-03-10,16,0,17,53.64,53.64,0.0,134.581527,0.0
2019-03-10,16,0,19,332.0,332.0,0.0,832.980366,0.0
2019-03-10,16,0,20,419.03,419.03,0.0,1051.336635,0.0
2019-03-10,16,0,21,64.17,64.17,0.0,-25945.000218,0.0
2019-03-10,16,0,22,228.06,228.06,0.0,-92208.457998,0.0
2019-03-10,16,0,23,32.64,32.64,0.0,-13196.895857,0.0
2019-03-10,16,0,24,57.75,57.75,0.0,-23349.287246,0.0
2019-03-10,16,0,29,7.86,7.86,0.0,27.439644,0.0
2019-03-10,16,0,30,606.22,606.22,0.0,-606220.0,0.0
2019-03-10,16,0,31,125.0,125.0,0.0,-125000.0,0.0
2019-03-10,16,0,32,5.23,5.23,0.0,155.649423,0.0
2019-03-10,16,0,33,3.16,3.16,0.0,29.360308,0.0
2019-03-10,16,0,34,5.05,5.05,0.0,46.920745,0.0
2019-03-10,16,0,35,5.05,5.05,0.0,46.920745,0.0
2019-03-10,16,0,36,12.55,12.55,0.0,-94.319254,0.0
2019-03-10,16,0,37,5.97,5.97,0.0,-45.064242,0.0
2019-03-10,16,0,38,7.68,7.68,0.0,-57.97209,0.0
2019-03-10,16,0,39,5.12,5.12,0.0,-38.64806,0.0
2019-03-10,16,0,40,5.12,5.12,0.0,-38.64806,0.0
2019-03-10,16,0,41,82.36,82.36,0.0,-2293.47198,0.0
2019-03-10,16,0,42,75.04,75.04,0.0,77.953119,0.0
2019-03-10,16,0,43,37.16,37.16,0.0,-219.708918,0.0
2019-03-10,16,0,46,30.4,30.4,0.0,-287.791356,0.0
2019-03-10,16,0,52,132.5,132.5,0.0,-132500.0,0.0
2019-03-10,16,0,53,210.5,210.5,0.0,-210500.0,0.0
2019-03-10,16,0,55,623.0,623.0,0.0,-251889.280596,0.0
2019-03-10,16,0,56,178.81,178.81,0.0,-178810.0,0.0
2019-03-10,16,0,57,170.09,170.09,0.0,-170090.0,0.0
2019-03-10,16,0,58,327.1,327.1,0.0,-327100.0,0.0
2019-03-10,16,0,59,321.64,321.64,0.0,-321640.0,0.0
2019-03-10,16,0,63,51.0,51.0,0.0,5249.375408,0.0
2019-03-10,16,0,64,60.0,60.0,0.0,6175.735774,0.0
2019-03-10,16,0,65,41.4,41.4,0.0,92.565344,0.0
2019-03-10,16,0,67,274.87,274.87,0.0,-153497.276459,0.0
2019-03-10,16,0,68,34.0,34.0,0.0,-14084.266676,0.0
2019-03-10,16,0,69,3.16,3.16,0.0,29.360308,0.0
2019-03-10,16,0,74,66.77,66.77,0.0,-386.054367,0.0
2019-03-10,16,0,77,60.0,60.0,0.0,-17565.628057,0.0
2019-03-10,16,0,78,45.36,45.36,0.0,-13279.614811,0.0
2019-03-10,16,0,79,26.25,26.25,0.0,-7684.962275,0.0
2019-03-10,16,0,80,42.45,42.45,0.0,-12427.68185,0.0
2019-03-10,16,0,81,55.5,55.5,0.0,-16248.205953,0.0
2019-03-10,16,0,82,39.15,39.15,0.0,-11461.572307,0.0
2019-03-10,16,0,83,87.3,87.3,0.0,-25557.988823,0.0
2019-03-10,16,0,84,0.0,0.0,0.0,-0.0,0.0
2019-03-10,16,0,86,15.99,15.99,0.0,148.566874,0.0
2019-03-10,16,0,87,81.65,81.65,0.0,758.62947,0.0
2019-03-10,16,0,88,51.18,51.18,0.0,-14983.480732,0.0
2019-03-10,16,0,89,49.2,49.2,0.0,-14403.815007,0.0
2019-03-10,16,0,90,66.06,66.06,0.0,-19339.756491,0.0
2019-03-10,16,0,91,235.65,235.65,0.0,-68989.004193,0.0
2019-03-10,16,0,92,84.75,84.75,0.0,-24811.44963,0.0
2019-03-10,16,0,95,120.0,120.0,0.0,3049.643213,0.0
2019-03-10,16,0,96,29.88,29.88,0.0,475.66554,0.0
2019-03-10,16,0,97,183.75,183.75,0.0,2925.152039,0.0
2019-03-10,16,0,99,14.64,14.64,0.0,-84.646337,0.0
2019-03-10,16,0,101,12.21,12.21,0.0,-12210.0,0.0
2019-03-10,16,0,102,80.5,80.5,0.0,-33346.572572,0.0
2019-03-10,16,0,103,70.0,70.0,0.0,-28997.019628,0.0
2019-03-10,16,0,104,13.0,13.0,0.0,-5385.160788,0.0
2019-03-10,16,0,106,224.51,224.51,0.0,-90773.133847,0.0
2019-03-10,16,0,109,60.0,60.0,0.0,-777.225635,0.0
2019-03-10,16,0,110,334.62,334.62,0.0,-334620.0,0.0
2019-03-10,16,0,111,20.73,20.73,0.0,-577.266563,0.0
2019-03-10,16,0,113,45.0,45.0,0.0,-12065.257911,0.0
2019-03-10,16,0,115,45.0,45.0,0.0,-12065.257911,0.0
2019-03-10,16,0,116,52.49,52.49,0.0,-52490.0,0.0
2019-03-10,16,0,117,3.0,3.0,0.0,-804.350527,0.0
2019-03-10,16,0,119,60.0,60.0,0.0,6175.735774,0.0
2019-03-10,16,0,120,35.28,35.28,0.0,3631.332635,0.0
2019-03-10,16,0,123,3.74,3.74,0.0,-1512.144317,0.0
2019-03-10,16,0,125,52.26,52.26,0.0,-21129.58877,0.0
2019-03-10,16,0,126,168.38,168.38,0.0,-68078.839594,0.0
2019-03-10,16,0,127,216.09,216.09,0.0,-87368.787551,0.0
2019-03-10,16,0,128,74.85,74.85,0.0,-30263.102171,0.0
2019-03-10,16,0,131,30.0,30.0,0.0,-11272.010739,0.0
2019-03-10,16,0,132,44.1,44.1,0.0,-16569.855787,0.0
2019-03-10,16,0,133,50.5,50.5,0.0,128.002709,0.0
2019-03-10,16,0,134,0.0,0.0,0.0,0.0,0.0
2019-03-10,16,0,135,64.2,64.2,0.0,162.728196,0.0
2019-03-10,16,0,136,45.44,45.44,0.0,100.917027,0.0
2019-03-10,16,0,139,107.25,107.25,0.0,-2986.581712,0.0
2019-03-10,16,0,140,247.65,247.65,0.0,-247650.0,0.0
2019-03-10,16,0,141,230.0,230.0,0.0,-128440.257524,0.0
2019-03-10,16,0,142,362.48,362.48,0.0,-202421.845857,0.0
2019-03-10,16,0,143,164.41,164.41,0.0,-164410.0,0.0
2019-03-10,16,0,145,30.0,30.0,0.0,-693.905086,0.0
2019-03-10,16,0,146,216.48,216.48,0.0,-216480.0,0.0
2019-03-10,16,0,152,9.35,9.35,0.0,-47.104402,0.0
2019-03-10,16,0,153,11.7,11.7,0.0,-62.88375,0.0
2019-03-10,16,0,154,85.51,85.51,0.0,-2381.189764,0.0
2019-03-10,16,0,157,56.43,56.43,0.0,-31512.537965,0.0
2019-03-10,16,0,158,396.87,396.87,0.0,-221626.456536,0.0
2019-03-10,16,0,159,0.0,0.0,0.0,-0.0,0.0
2019-03-10,16,0,160,2.83,2.83,0.0,-2.776137,0.0
2019-03-10,16,0,161,51.17,51.17,0.0,-21196.821348,0.0
2019-03-10,16,0,162,162.5,162.5,0.0,4257.491835,0.0
2019-03-10,16,0,163,146.36,146.36,0.0,-146360.0,0.0
2019-03-10,16,0,164,23.69,23.69,0.0,-23690.0,0.0
2019-03-10,16,0,167,5.38,5.38,0.0,123.855168,0.0
2019-03-10,16,0,168,2.69,2.69,0.0,61.927584,0.0
2019-03-10,16,0,169,0.0,0.0,0.0,0.0,0.0
2019-03-10,16,0,170,5.89,5.89,0.0,135.596086,0.0
2019-03-10,16,0,172,8.45,8.45,0.0,76.099959,0.0
2019-03-10,16,0,173,12.88,12.88,0.0,115.996151,0.0
2019-03-10,16,0,188,11.14,11.14,0.0,168.896572,0.0
2019-03-10,16,0,190,3.68,3.68,0.0,119.33341,0.0
2019-03-10,16,0,191,9.52,9.52,0.0,308.710344,0.0
2019-03-10,16,0,192,126.69,126.69,0.0,4108.247211,0.0
2019-03-10,16,0,194,52.95,52.95,0.0,-7296.141479,0.0
2019-03-10,16,0,196,3.51,3.51,0.0,893.188891,0.0
2019-03-10,16,0,198,11.47,11.47,0.0,79.473881,0.0
2019-03-10,16,0,199,130.0,130.0,0.0,-11670.376043,0.0
2019-03-10,16,0,200,22.0,22.0,0.0,-1974.986715,0.0
2019-03-10,16,0,204,257.1,257.1,0.0,-3511.725583,0.0
2019-03-10,16,0,205,317.4,317.4,0.0,-4111.523611,0.0
2019-03-10,16,0,206,539.94,539.94,0.0,8595.410025,0.0
2019-03-10,16,0,210,2.57,2.57,0.0,8.910759,0.0
2019-03-10,16,0,214,15.11,15.11,0.0,200.850793,0.0
2019-03-10,16,0,217,9.91,9.91,0.0,99.85988,0.0
2019-03-10,16,0,218,13.68,13.68,0.0,137.848957,0.0
2019-03-10,16,0,219,9.32,9.32,0.0,93.91464,0.0
2019-03-10,16,0,221,8.06,8.06,0.0,107.138146,0.0
2019-03-10,16,0,225,7.24,7.24,0.0,25.291854,0.0
2019-03-10,16,0,233,9.05,9.05,0.0,84.085691,0.0
2019-03-10,16,0,236,157.23,157.23,0.0,-185.007278,0.0
2019-03-10,16,0,237,152.7,152.7,0.0,-882.889049,0.0
2019-03-10,16,0,238,97.68,97.68,0.0,101.472024,0.0
2019-03-10,16,0,240,14.22,14.22,0.0,-106.870103,0.0
2019-03-10,16,0,245,78.0,78.0,0.0,274.032924,0.0
2019-03-10,16,0,247,171.72,171.72,0.0,603.294022,0.0
2019-03-10,16,0,248,17.98,17.98,0.0,-103.957728,0.0
2019-03-10,16,0,249,150.0,150.0,0.0,526.986392,0.0
2019-03-10,16,0,251,278.57,278.57,0.0,497.942337,0.0
2019-03-10,16,0,252,267.06,267.06,0.0,597.113546,0.0
2019-03-10,16,0,254,19.9,19.9,0.0,-93.032742,0.0
2019-03-10,16,0,255,9.12,9.12,0.0,-42.636111,0.0
2019-03-10,16,0,258,17.33,17.33,0.0,-125.756638,0.0
2019-03-10,16,0,260,6.88,6.88,0.0,-6.749055,0.0
2019-03-10,16,0,265,88.54,88.54,0.0,-2465.565919,0.0
2019-03-10,16,0,266,68.38,68.38,0.0,-1904.172098,0.0
2019-03-10,16,0,267,84.71,84.71,0.0,-2358.912232,0.0
2019-03-10,16,0,270,395.58,395.58,0.0,-395580.0,0.0
2019-03-10,16,0,272,150.39,150.39,0.0,-40322.091938,0.0
2019-03-10,16,0,273,12.55,12.55,0.0,-12550.0,0.0
2019-03-10,16,0,274,493.67,493.67,0.0,-493670.0,0.0
2019-03-10,16,0,275,661.83,661.83,0.0,-661830.0,0.0
2019-03-10,16,0,276,5.09,5.09,0.0,-4588.167013,0.0
2019-03-10,16,0,277,9.4,9.4,0.0,-2613.170573,0.0
2019-03-10,16,0,278,15.04,15.04,0.0,-4181.072917,0.0
2019-03-10,16,0,279,604.22,604.22,0.0,-167971.268475,0.0
2019-03-10,16,0,281,56.1,56.1,0.0,-56100.0,0.0
2019-03-10,16,0,282,332.55,332.55,0.0,-332550.0,0.0
2019-03-10,17,0,9,2.16,2.16,0.0,-39.940848,0.0
2019-03-10,17,0,17,39.84,39.84,0.0,192.565543,0.0
2019-03-10,17,0,19,284.63,284.63,0.0,1375.751267,0.0
2019-03-10,17,0,20,342.76,342.76,0.0,1656.721022,0.0
2019-03-10,17,0,21,49.31,49.31,0.0,-911.797777,0.0
2019-03-10,17,0,22,175.24,175.24,0.0,-3240.386177,0.0
2019-03-10,17,0,23,47.2,47.2,0.0,-872.781486,0.0
2019-03-10,17,0,24,83.96,83.96,0.0,-1552.515541,0.0
2019-03-10,17,0,29,5.66,5.66,0.0,28.244217,0.0
2019-03-10,17,0,30,470.01,470.01,0.0,-8758.139599,0.0
2019-03-10,17,0,31,125.0,125.0,0.0,-2329.242888,0.0
2019-03-10,17,0,32,3.9,3.9,0.0,147.089875,0.0
2019-03-10,17,0,33,2.34,2.34,0.0,21.540184,0.0
2019-03-10,17,0,34,3.74,3.74,0.0,34.427473,0.0
2019-03-10,17,0,35,3.74,3.74,0.0,34.427473,0.0
2019-03-10,17,0,36,9.54,9.54,0.0,-20.18636,0.0
2019-03-10,17,0,37,4.54,4.54,0.0,-10.145154,0.0
2019-03-10,17,0,38,5.84,5.84,0.0,-13.050154,0.0
2019-03-10,17,0,39,3.89,3.89,0.0,-8.692654,0.0
2019-03-10,17,0,40,3.89,3.89,0.0,-8.692654,0.0
2019-03-10,17,0,41,34.8,34.8,0.0,-382.456405,0.0
2019-03-10,17,0,42,56.47,56.47,0.0,219.43303,0.0
2019-03-10,17,0,43,28.42,28.42,0.0,-35.822698,0.0
2019-03-10,17,0,46,23.06,23.06,0.0,-87.48229,0.0
2019-03-10,17,0,52,132.5,132.5,0.0,-2468.997461,0.0
2019-03-10,17,0,53,210.5,210.5,0.0,-3922.445024,0.0
2019-03-10,17,0,55,623.0,623.0,0.0,-11519.975966,0.0
2019-03-10,17,0,56,138.64,138.64,0.0,-2583.409872,0.0
2019-03-10,17,0,57,131.87,131.87,0.0,-2457.258077,0.0
2019-03-10,17,0,58,253.6,253.6,0.0,-4725.567971,0.0
2019-03-10,17,0,59,249.37,249.37,0.0,-4646.746392,0.0
2019-03-10,17,0,63,95.49,95.49,0.0,10563.071585,0.0
2019-03-10,17,0,64,112.31,112.31,0.0,12423.694311,0.0
2019-03-10,17,0,65,41.4,41.4,0.0,192.8179,0.0
2019-03-10,17,0,67,208.68,208.68,0.0,-115783.721484,0.0
2019-03-10,17,0,68,19.11,19.11,0.0,-7824.993707,0.0
2019-03-10,17,0,69,2.34,2.34,0.0,21.540184,0.0
2019-03-10,17,0,74,59.91,59.91,0.0,-17.587645,0.0
2019-03-10,17,0,77,60.0,60.0,0.0,-17251.50324,0.0
2019-03-10,17,0,78,45.36,45.36,0.0,-13042.13645,0.0
2019-03-10,17,0,79,26.25,26.25,0.0,-7547.532668,0.0
2019-03-10,17,0,80,42.45,42.45,0.0,-12205.438543,0.0
2019-03-10,17,0,81,55.5,55.5,0.0,-15957.640497,0.0
2019-03-10,17,0,82,39.15,39.15,0.0,-11256.605864,0.0
2019-03-10,17,0,83,87.3,87.3,0.0,-25100.937215,0.0
2019-03-10,17,0,84,0.0,0.0,0.0,-0.0,0.0
2019-03-10,17,0,86,11.85,11.85,0.0,109.0817,0.0
2019-03-10,17,0,87,60.51,60.51,0.0,557.007063,0.0
2019-03-10,17,0,88,51.18,51.18,0.0,-14715.532264,0.0
2019-03-10,17,0,89,49.2,49.2,0.0,-14146.232657,0.0
2019-03-10,17,0,90,66.06,66.06,0.0,-18993.905068,0.0
2019-03-10,17,0,91,235.65,235.65,0.0,-67755.278977,0.0
2019-03-10,17,0,92,84.75,84.75,0.0,-24367.748327,0.0
2019-03-10,17,0,95,120.0,120.0,0.0,3049.643213,0.0
2019-03-10,17,0,96,29.88,29.88,0.0,-561.241823,0.0
2019-03-10,17,0,97,183.75,183.75,0.0,-3451.411812,0.0
2019-03-10,17,0,99,12.18,12.18,0.0,-3.575655,0.0
2019-03-10,17,0,101,9.47,9.47,0.0,-176.463441,0.0
2019-03-10,17,0,102,45.19,45.19,0.0,-18504.001342,0.0
2019-03-10,17,0,103,39.3,39.3,0.0,-16092.216259,0.0
2019-03-10,17,0,104,7.33,7.33,0.0,-3001.423541,0.0
2019-03-10,17,0,106,172.51,172.51,0.0,-3189.905384,0.0
2019-03-10,17,0,109,60.0,60.0,0.0,-371.406658,0.0
2019-03-10,17,0,110,285.51,285.51,0.0,-285510.0,0.0
2019-03-10,17,0,111,16.13,16.13,0.0,-177.270742,0.0
2019-03-10,17,0,113,45.0,45.0,0.0,-11742.854916,0.0
2019-03-10,17,0,115,45.0,45.0,0.0,-11742.854916,0.0
2019-03-10,17,0,116,39.33,39.33,0.0,-39330.0,0.0
2019-03-10,17,0,117,3.0,3.0,0.0,-782.856994,0.0
2019-03-10,17,0,119,112.31,112.31,0.0,12423.694311,0.0
2019-03-10,17,0,120,66.1,66.1,0.0,7311.9597,0.0
2019-03-10,17,0,123,2.88,2.88,0.0,-53.254464,0.0
2019-03-10,17,0,125,75.89,75.89,0.0,-1403.292096,0.0
2019-03-10,17,0,126,129.38,129.38,0.0,-2392.38281,0.0
2019-03-10,17,0,127,166.04,166.04,0.0,-3070.267752,0.0
2019-03-10,17,0,128,109.23,109.23,0.0,-2019.786476,0.0
2019-03-10,17,0,131,30.0,30.0,0.0,-11119.439414,0.0
2019-03-10,17,0,132,44.1,44.1,0.0,-16345.575938,0.0
2019-03-10,17,0,133,111.85,111.85,0.0,542.47895,0.0
2019-03-10,17,0,134,0.0,0.0,0.0,0.0,0.0
2019-03-10,17,0,135,146.43,146.43,0.0,710.193944,0.0
2019-03-10,17,0,136,45.9,45.9,0.0,213.332791,0.0
2019-03-10,17,0,139,44.94,44.94,0.0,-493.896288,0.0
2019-03-10,17,0,140,211.31,211.31,0.0,-211310.0,0.0
2019-03-10,17,0,141,230.0,230.0,0.0,-127612.880685,0.0
2019-03-10,17,0,142,275.2,275.2,0.0,-152691.585932,0.0
2019-03-10,17,0,143,237.61,237.61,0.0,-4427.611221,0.0
2019-03-10,17,0,145,30.0,30.0,0.0,-420.414495,0.0
2019-03-10,17,0,146,180.33,180.33,0.0,-180330.0,0.0
2019-03-10,17,0,152,7.05,7.05,0.0,-1.159281,0.0
2019-03-10,17,0,153,8.84,8.84,0.0,-3.449603,0.0
2019-03-10,17,0,154,66.55,66.55,0.0,-731.392924,0.0
2019-03-10,17,0,157,53.0,53.0,0.0,-29406.446419,0.0
2019-03-10,17,0,158,315.29,315.29,0.0,-174935.065874,0.0
2019-03-10,17,0,159,0.0,0.0,0.0,0.0,0.0
2019-03-10,17,0,160,2.14,2.14,0.0,3.996322,0.0
2019-03-10,17,0,161,38.68,38.68,0.0,-15838.344145,0.0
2019-03-10,17,0,162,162.5,162.5,0.0,4261.429015,0.0
2019-03-10,17,0,163,165.41,165.41,0.0,-165410.0,0.0
2019-03-10,17,0,164,18.26,18.26,0.0,-340.255801,0.0
2019-03-10,17,0,167,4.06,4.06,0.0,92.171631,0.0
2019-03-10,17,0,168,2.03,2.03,0.0,46.085815,0.0
2019-03-10,17,0,169,0.0,0.0,0.0,0.0,0.0
2019-03-10,17,0,170,4.44,4.44,0.0,100.798532,0.0
2019-03-10,17,0,172,6.4,6.4,0.0,72.242616,0.0
2019-03-10,17,0,173,9.75,9.75,0.0,110.057111,0.0
2019-03-10,17,0,188,8.47,8.47,0.0,174.89715,0.0
2019-03-10,17,0,190,2.76,2.76,0.0,89.500058,0.0
2019-03-10,17,0,191,7.14,7.14,0.0,231.532758,0.0
2019-03-10,17,0,192,78.63,78.63,0.0,2549.778816,0.0
2019-03-10,17,0,194,52.95,52.95,0.0,-6775.178499,0.0
2019-03-10,17,0,196,2.64,2.64,0.0,697.083015,0.0
2019-03-10,17,0,198,8.67,8.67,0.0,58.760435,0.0
2019-03-10,17,0,199,130.0,130.0,0.0,-3643.639284,0.0
2019-03-10,17,0,200,16.57,16.57,0.0,-464.423869,0.0
2019-03-10,17,0,204,257.1,257.1,0.0,-1743.52283,0.0
2019-03-10,17,0,205,317.4,317.4,0.0,-1964.741222,0.0
2019-03-10,17,0,206,539.94,539.94,0.0,-10141.797518,0.0
2019-03-10,17,0,210,1.89,1.89,0.0,11.227399,0.0
2019-03-10,17,0,214,11.29,11.29,0.0,133.134456,0.0
2019-03-10,17,0,217,7.31,7.31,0.0,68.446309,0.0
2019-03-10,17,0,218,10.09,10.09,0.0,94.476506,0.0
2019-03-10,17,0,219,6.87,6.87,0.0,64.326422,0.0
2019-03-10,17,0,221,6.02,6.02,0.0,70.98932,0.0
2019-03-10,17,0,225,5.3,5.3,0.0,25.961377,0.0
2019-03-10,17,0,233,6.71,6.71,0.0,61.766938,0.0
2019-03-10,17,0,236,159.03,159.03,0.0,385.538249,0.0
2019-03-10,17,0,237,148.03,148.03,0.0,-43.456837,0.0
2019-03-10,17,0,238,73.5,73.5,0.0,285.608779,0.0
2019-03-10,17,0,240,10.81,10.81,0.0,-22.873643,0.0
2019-03-10,17,0,245,78.0,78.0,0.0,427.502849,0.0
2019-03-10,17,0,247,171.72,171.72,0.0,941.163964,0.0
2019-03-10,17,0,248,15.06,15.06,0.0,-4.421131,0.0
2019-03-10,17,0,249,150.0,150.0,0.0,822.120863,0.0
2019-03-10,17,0,251,326.4,326.4,0.0,1425.851162,0.0
2019-03-10,17,0,252,267.06,267.06,0.0,1243.81518,0.0
2019-03-10,17,0,254,15.05,15.05,0.0,-7.157332,0.0
2019-03-10,17,0,255,6.9,6.9,0.0,-3.281435,0.0
2019-03-10,17,0,258,13.23,13.23,0.0,-26.166309,0.0
2019-03-10,17,0,260,5.2,5.2,0.0,9.710689,0.0
2019-03-10,17,0,265,68.9,68.9,0.0,-757.219721,0.0
2019-03-10,17,0,266,29.1,29.1,0.0,-319.812683,0.0
2019-03-10,17,0,267,35.76,35.76,0.0,-393.006926,0.0
2019-03-10,17,0,270,516.58,516.58,0.0,-516580.0,0.0
2019-03-10,17,0,272,150.39,150.39,0.0,-39244.62113,0.0
2019-03-10,17,0,273,9.41,9.41,0.0,-9410.0,0.0
2019-03-10,17,0,274,665.94,665.94,0.0,-665940.0,0.0
2019-03-10,17,0,275,927.0,927.0,0.0,-927000.0,0.0
2019-03-10,17,0,276,3.78,3.78,0.0,-3404.286365,0.0
2019-03-10,17,0,277,7.08,7.08,0.0,-1922.968814,0.0
2019-03-10,17,0,278,11.32,11.32,0.0,-3074.577257,0.0
2019-03-10,17,0,279,264.6,264.6,0.0,-71866.885355,0.0
2019-03-10,17,0,281,56.1,56.1,0.0,-1045.364208,0.0
2019-03-10,17,0,282,257.83,257.83,0.0,-4804.389551,0.0
2019-03-10,18,0,9,1.32,1.32,0.0,-21.103164,0.0
2019-03-10,18,0,17,24.19,24.19,0.0,108.726938,0.0
2019-03-10,18,0,19,332.94,332.94,0.0,1496.46741,0.0
2019-03-10,18,0,20,405.43,405.43,0.0,1822.288647,0.0
2019-03-10,18,0,21,30.09,30.09,0.0,-481.056205,0.0
2019-03-10,18,0,22,106.93,106.93,0.0,-1709.516119,0.0
2019-03-10,18,0,23,94.93,94.93,0.0,-1517.669178,0.0
2019-03-10,18,0,24,168.46,168.46,0.0,-2693.21131,0.0
2019-03-10,18,0,29,3.41,3.41,0.0,20.716319,0.0
2019-03-10,18,0,30,298.3,298.3,0.0,-4806.699161,0.0
2019-03-10,18,0,31,92.34,92.34,0.0,-1487.933626,0.0
2019-03-10,18,0,32,2.37,2.37,0.0,93.599702,0.0
2019-03-10,18,0,33,1.42,1.42,0.0,11.760351,0.0
2019-03-10,18,0,34,2.27,2.27,0.0,18.799998,0.0
2019-03-10,18,0,35,2.27,2.27,0.0,18.799998,0.0
2019-03-10,18,0,36,5.85,5.85,0.0,-8.585018,0.0
2019-03-10,18,0,37,2.71,2.71,0.0,-4.230129,0.0
2019-03-10,18,0,38,3.49,3.49,0.0,-5.447656,0.0
2019-03-10,18,0,39,2.32,2.32,0.0,-3.621365,0.0
2019-03-10,18,0,40,2.32,2.32,0.0,-3.621365,0.0
2019-03-10,18,0,41,34.8,34.8,0.0,-325.760601,0.0
2019-03-10,18,0,42,32.87,32.87,0.0,120.756719,0.0
2019-03-10,18,0,43,16.94,16.94,0.0,-11.221002,0.0
2019-03-10,18,0,46,14.23,14.23,0.0,-41.715741,0.0
2019-03-10,18,0,52,97.89,97.89,0.0,-1577.364334,0.0
2019-03-10,18,0,53,155.55,155.55,0.0,-2506.476884,0.0
2019-03-10,18,0,55,460.54,460.54,0.0,-7362.765861,0.0
2019-03-10,18,0,56,87.99,87.99,0.0,-1417.839286,0.0
2019-03-10,18,0,57,83.7,83.7,0.0,-1348.711766,0.0
2019-03-10,18,0,58,160.95,160.95,0.0,-2593.490546,0.0
2019-03-10,18,0,59,158.27,158.27,0.0,-2550.305988,0.0
2019-03-10,18,0,63,170.0,170.0,0.0,19020.099108,0.0
2019-03-10,18,0,64,200.0,200.0,0.0,22376.587186,0.0
2019-03-10,18,0,65,41.4,41.4,0.0,179.767358,0.0
2019-03-10,18,0,67,130.04,130.04,0.0,-72136.81763,0.0
2019-03-10,18,0,68,10.2,10.2,0.0,-4175.107885,0.0
2019-03-10,18,0,69,1.42,1.42,0.0,11.760351,0.0
2019-03-10,18,0,74,43.78,43.78,0.0,1.952119,0.0
2019-03-10,18,0,77,60.0,60.0,0.0,-17247.22287,0.0
2019-03-10,18,0,78,45.36,45.36,0.0,-13038.90049,0.0
2019-03-10,18,0,79,26.25,26.25,0.0,-7545.660006,0.0
2019-03-10,18,0,80,42.45,42.45,0.0,-12202.41018,0.0
2019-03-10,18,0,81,55.5,55.5,0.0,-15953.681155,0.0
2019-03-10,18,0,82,39.15,39.15,0.0,-11253.812923,0.0
2019-03-10,18,0,83,87.3,87.3,0.0,-25094.709276,0.0
2019-03-10,18,0,84,0.0,0.0,0.0,-0.0,0.0
2019-03-10,18,0,86,7.19,7.19,0.0,59.547131,0.0
2019-03-10,18,0,87,36.71,36.71,0.0,304.029929,0.0
2019-03-10,18,0,88,51.18,51.18,0.0,-14711.881108,0.0
2019-03-10,18,0,89,49.2,49.2,0.0,-14142.722753,0.0
2019-03-10,18,0,90,66.06,66.06,0.0,-18989.19238,0.0
2019-03-10,18,0,91,235.65,235.65,0.0,-67738.467821,0.0
2019-03-10,18,0,92,84.75,84.75,0.0,-24361.702304,0.0
2019-03-10,18,0,95,117.28,117.28,0.0,2980.517967,0.0
2019-03-10,18,0,96,29.88,29.88,0.0,-485.422636,0.0
2019-03-10,18,0,97,183.75,183.75,0.0,-2985.154264,0.0
2019-03-10,18,0,99,8.45,8.45,0.0,0.376779,0.0
2019-03-10,18,0,101,6.01,6.01,0.0,-96.842983,0.0
2019-03-10,18,0,102,24.15,24.15,0.0,-9885.181905,0.0
2019-03-10,18,0,103,21.0,21.0,0.0,-8595.810352,0.0
2019-03-10,18,0,104,3.9,3.9,0.0,-1596.36478,0.0
2019-03-10,18,0,106,105.27,105.27,0.0,-1682.977292,0.0
2019-03-10,18,0,109,60.0,60.0,0.0,-305.409549,0.0
2019-03-10,18,0,110,251.74,251.74,0.0,-251740.0,0.0
2019-03-10,18,0,111,10.43,10.43,0.0,-97.634571,0.0
2019-03-10,18,0,113,45.0,45.0,0.0,-11723.706067,0.0
2019-03-10,18,0,115,45.0,45.0,0.0,-11723.706067,0.0
2019-03-10,18,0,116,23.86,23.86,0.0,-23860.0,0.0
2019-03-10,18,0,117,3.0,3.0,0.0,-781.580404,0.0
2019-03-10,18,0,119,200.0,200.0,0.0,22376.587186,0.0
2019-03-10,18,0,120,117.6,117.6,0.0,13157.433265,0.0
2019-03-10,18,0,123,1.75,1.75,0.0,-27.977679,0.0
2019-03-10,18,0,125,152.35,152.35,0.0,-2435.656792,0.0
2019-03-10,18,0,126,78.95,78.95,0.0,-1262.193001,0.0
2019-03-10,18,0,127,101.32,101.32,0.0,-1619.827674,0.0
2019-03-10,18,0,128,218.77,218.77,0.0,-3497.529612,0.0
2019-03-10,18,0,131,30.0,30.0,0.0,-11114.744311,0.0
2019-03-10,18,0,132,44.1,44.1,0.0,-16338.674137,0.0
2019-03-10,18,0,133,139.8,139.8,0.0,630.368508,0.0
2019-03-10,18,0,134,0.0,0.0,0.0,0.0,0.0
2019-03-10,18,0,135,187.33,187.33,0.0,844.684783,0.0
2019-03-10,18,0,136,45.9,45.9,0.0,198.923018,0.0
2019-03-10,18,0,139,44.94,44.94,0.0,-420.6805,0.0
2019-03-10,18,0,140,186.32,186.32,0.0,-186320.0,0.0
2019-03-10,18,0,141,230.0,230.0,0.0,-127587.419679,0.0
2019-03-10,18,0,142,171.5,171.5,0.0,-95135.836847,0.0
2019-03-10,18,0,143,176.17,176.17,0.0,-2838.740165,0.0
2019-03-10,18,0,145,30.0,30.0,0.0,-360.632875,0.0
2019-03-10,18,0,146,155.03,155.03,0.0,-155030.0,0.0
2019-03-10,18,0,152,4.28,4.28,0.0,0.72879,0.0
2019-03-10,18,0,153,5.35,5.35,0.0,-0.133642,0.0
2019-03-10,18,0,154,43.01,43.01,0.0,-402.613892,0.0
2019-03-10,18,0,157,56.38,56.38,0.0,-31275.559659,0.0
2019-03-10,18,0,158,198.95,198.95,0.0,-110363.118022,0.0
2019-03-10,18,0,159,0.0,0.0,0.0,0.0,0.0
2019-03-10,18,0,160,1.3,1.3,0.0,2.849313,0.0
2019-03-10,18,0,161,23.92,23.92,0.0,-9791.037316,0.0
2019-03-10,18,0,162,162.5,162.5,0.0,4260.94734,0.0
2019-03-10,18,0,163,144.3,144.3,0.0,-144300.0,0.0
2019-03-10,18,0,164,11.83,11.83,0.0,-190.624375,0.0
2019-03-10,18,0,167,2.49,2.49,0.0,56.372159,0.0
2019-03-10,18,0,168,1.24,1.24,0.0,28.072882,0.0
2019-03-10,18,0,169,0.0,0.0,0.0,0.0,0.0
2019-03-10,18,0,170,2.72,2.72,0.0,61.579226,0.0
2019-03-10,18,0,172,3.89,3.89,0.0,49.528753,0.0
2019-03-10,18,0,173,5.93,5.93,0.0,75.502701,0.0
2019-03-10,18,0,188,5.16,5.16,0.0,113.753169,0.0
2019-03-10,18,0,190,1.64,1.64,0.0,183.488015,0.0
2019-03-10,18,0,191,4.24,4.24,0.0,474.383648,0.0
2019-03-10,18,0,192,46.82,46.82,0.0,5238.35906,0.0
2019-03-10,18,0,194,98.98,98.98,0.0,-12587.42191,0.0
2019-03-10,18,0,196,1.6,1.6,0.0,424.600022,0.0
2019-03-10,18,0,198,5.33,5.33,0.0,36.058026,0.0
2019-03-10,18,0,199,130.0,130.0,0.0,-3586.391755,0.0
2019-03-10,18,0,200,9.95,9.95,0.0,-274.496907,0.0
2019-03-10,18,0,204,257.1,257.1,0.0,-1441.789173,0.0
2019-03-10,18,0,205,317.4,317.4,0.0,-1615.616514,0.0
2019-03-10,18,0,206,539.94,539.94,0.0,-8771.723502,0.0
2019-03-10,18,0,210,1.14,1.14,0.0,7.825924,0.0
2019-03-10,18,0,214,6.89,6.89,0.0,72.501948,0.0
2019-03-10,18,0,217,4.41,4.41,0.0,39.845852,0.0
2019-03-10,18,0,218,6.08,6.08,0.0,54.934871,0.0
2019-03-10,18,0,219,4.14,4.14,0.0,37.40631,0.0
2019-03-10,18,0,221,3.67,3.67,0.0,38.6186,0.0
2019-03-10,18,0,225,3.2,3.2,0.0,19.196497,0.0
2019-03-10,18,0,233,4.07,4.07,0.0,33.707486,0.0
2019-03-10,18,0,236,159.03,159.03,0.0,383.098584,0.0
2019-03-10,18,0,237,105.03,105.03,0.0,4.683212,0.0
2019-03-10,18,0,238,42.78,42.78,0.0,157.16375,0.0
2019-03-10,18,0,240,6.64,6.64,0.0,-9.744363,0.0
2019-03-10,18,0,245,78.0,78.0,0.0,394.328262,0.0
2019-03-10,18,0,247,171.72,171.72,0.0,868.128836,0.0
2019-03-10,18,0,248,10.54,10.54,0.0,0.469971,0.0
2019-03-10,18,0,249,150.0,150.0,0.0,758.323581,0.0
2019-03-10,18,0,251,326.4,326.4,0.0,1335.572738,0.0
2019-03-10,18,0,252,267.06,267.06,0.0,1159.629725,0.0
2019-03-10,18,0,254,9.35,9.35,0.0,0.503189,0.0
2019-03-10,18,0,255,4.29,4.29,0.0,0.230875,0.0
2019-03-10,18,0,258,8.23,8.23,0.0,-11.007541,0.0
2019-03-10,18,0,260,3.15,3.15,0.0,6.904104,0.0
2019-03-10,18,0,265,44.53,44.53,0.0,-416.842516,0.0
2019-03-10,18,0,266,29.1,29.1,0.0,-272.403261,0.0
2019-03-10,18,0,267,35.76,35.76,0.0,-334.7471,0.0
2019-03-10,18,0,270,450.65,450.65,0.0,-450650.0,0.0
2019-03-10,18,0,272,150.39,150.39,0.0,-39180.625675,0.0
2019-03-10,18,0,273,5.71,5.71,0.0,-5710.0,0.0
2019-03-10,18,0,274,580.95,580.95,0.0,-580950.0,0.0
2019-03-10,18,0,275,808.69,808.69,0.0,-808690.0,0.0
2019-03-10,18,0,276,2.31,2.31,0.0,-2080.340127,0.0
2019-03-10,18,0,277,4.35,4.35,0.0,-1180.251724,0.0
2019-03-10,18,0,278,6.96,6.96,0.0,-1888.402759,0.0
2019-03-10,18,0,279,264.6,264.6,0.0,-71791.863499,0.0
2019-03-10,18,0,281,41.41,41.41,0.0,-667.265881,0.0
2019-03-10,18,0,282,163.64,163.64,0.0,-2636.836241,0.0
2019-03-10,19,0,9,0.55,0.55,0.0,1.286732,0.0
2019-03-10,19,0,17,4.83,4.83,0.0,3.991377,0.0
2019-03-10,19,0,19,615.51,615.51,0.0,508.640254,0.0
2019-03-10,19,0,20,748.14,748.14,0.0,618.241978,0.0
2019-03-10,19,0,21,12.61,12.61,0.0,29.501266,0.0
2019-03-10,19,0,22,44.83,44.83,0.0,104.880394,0.0
2019-03-10,19,0,23,108.8,108.8,0.0,254.539077,0.0
2019-03-10,19,0,24,192.5,192.5,0.0,450.356364,0.0
2019-03-10,19,0,29,0.54,0.54,0.0,4.22115,0.0
2019-03-10,19,0,30,127.05,127.05,0.0,292.49457,0.0
2019-03-10,19,0,31,37.5,37.5,0.0,86.332518,0.0
2019-03-10,19,0,32,0.42,0.42,0.0,9.530979,0.0
2019-03-10,19,0,33,0.31,0.31,0.0,3.042838,0.0
2019-03-10,19,0,34,0.5,0.5,0.0,4.907803,0.0
2019-03-10,19,0,35,0.5,0.5,0.0,4.907803,0.0
2019-03-10,19,0,36,1.25,1.25,0.0,8.25171,0.0
2019-03-10,19,0,37,0.58,0.58,0.0,3.806506,0.0
2019-03-10,19,0,38,0.74,0.74,0.0,4.856577,0.0
2019-03-10,19,0,39,0.5,0.5,0.0,3.281471,0.0
2019-03-10,19,0,40,0.5,0.5,0.0,3.281471,0.0
2019-03-10,19,0,41,34.8,34.8,0.0,149.887549,0.0
2019-03-10,19,0,42,7.93,7.93,0.0,50.115024,0.0
2019-03-10,19,0,43,3.35,3.35,0.0,22.760643,0.0
2019-03-10,19,0,46,2.42,2.42,0.0,14.882059,0.0
2019-03-10,19,0,52,39.75,39.75,0.0,91.512469,0.0
2019-03-10,19,0,53,63.15,63.15,0.0,145.38396,0.0
2019-03-10,19,0,55,186.9,186.9,0.0,437.255088,0.0
2019-03-10,19,0,56,37.48,37.48,0.0,86.286474,0.0
2019-03-10,19,0,57,35.65,35.65,0.0,82.073447,0.0
2019-03-10,19,0,58,68.55,68.55,0.0,157.815842,0.0
2019-03-10,19,0,59,67.41,67.41,0.0,155.191334,0.0
2019-03-10,19,0,63,170.0,170.0,0.0,5067.417556,0.0
2019-03-10,19,0,64,200.0,200.0,0.0,5961.667712,0.0
2019-03-10,19,0,65,41.4,41.4,0.0,190.652039,0.0
2019-03-10,19,0,67,40.14,40.14,0.0,-1275.206203,0.0
2019-03-10,19,0,68,12.55,12.55,0.0,-227.977939,0.0
2019-03-10,19,0,69,0.31,0.31,0.0,3.042838,0.0
2019-03-10,19,0,74,51.14,51.14,0.0,365.026774,0.0
2019-03-10,19,0,77,60.0,60.0,0.0,-395.981572,0.0
2019-03-10,19,0,78,45.36,45.36,0.0,-299.362068,0.0
2019-03-10,19,0,79,26.25,26.25,0.0,-173.241938,0.0
2019-03-10,19,0,80,42.45,42.45,0.0,-280.156962,0.0
2019-03-10,19,0,81,55.5,55.5,0.0,-366.282954,0.0
2019-03-10,19,0,82,39.15,39.15,0.0,-258.377976,0.0
2019-03-10,19,0,83,87.3,87.3,0.0,-576.153187,0.0
2019-03-10,19,0,84,0.0,0.0,0.0,0.0,0.0
2019-03-10,19,0,86,1.58,1.58,0.0,15.508659,0.0
2019-03-10,19,0,87,8.05,8.05,0.0,79.015635,0.0
2019-03-10,19,0,88,51.18,51.18,0.0,-337.772281,0.0
2019-03-10,19,0,89,49.2,49.2,0.0,-324.704889,0.0
2019-03-10,19,0,90,66.06,66.06,0.0,-435.975711,0.0
2019-03-10,19,0,91,235.65,235.65,0.0,-1555.217624,0.0
2019-03-10,19,0,92,84.75,84.75,0.0,-559.32397,0.0
2019-03-10,19,0,95,77.47,77.47,0.0,1780.378029,0.0
2019-03-10,19,0,96,29.88,29.88,0.0,67.624553,0.0
2019-03-10,19,0,97,183.75,183.75,0.0,415.863845,0.0
2019-03-10,19,0,99,9.87,9.87,0.0,70.450025,0.0
2019-03-10,19,0,101,2.56,2.56,0.0,5.893633,0.0
2019-03-10,19,0,102,35.91,35.91,0.0,-652.32572,0.0
2019-03-10,19,0,103,30.13,30.13,0.0,-547.328709,0.0
2019-03-10,19,0,104,4.3,4.3,0.0,-78.111963,0.0
2019-03-10,19,0,106,44.13,44.13,0.0,103.242734,0.0
2019-03-10,19,0,109,60.0,60.0,0.0,332.849277,0.0
2019-03-10,19,0,110,230.37,230.37,0.0,-16915.348595,0.0
2019-03-10,19,0,111,2.77,2.77,0.0,11.930704,0.0
2019-03-10,19,0,113,45.0,45.0,0.0,-207.882316,0.0
2019-03-10,19,0,115,45.0,45.0,0.0,-207.882316,0.0
2019-03-10,19,0,116,10.5,10.5,0.0,-770.98216,0.0
2019-03-10,19,0,117,3.0,3.0,0.0,-13.858821,0.0
2019-03-10,19,0,119,200.0,200.0,0.0,5961.667712,0.0
2019-03-10,19,0,120,117.6,117.6,0.0,3505.460615,0.0
2019-03-10,19,0,123,0.74,0.74,0.0,1.73124,0.0
2019-03-10,19,0,125,174.2,174.2,0.0,407.543266,0.0
2019-03-10,19,0,126,33.1,33.1,0.0,77.437899,0.0
2019-03-10,19,0,127,42.48,42.48,0.0,99.382537,0.0
2019-03-10,19,0,128,249.5,249.5,0.0,583.708638,0.0
2019-03-10,19,0,131,30.0,30.0,0.0,-435.975783,0.0
2019-03-10,19,0,132,44.1,44.1,0.0,-640.884401,0.0
2019-03-10,19,0,133,135.62,135.62,0.0,1231.346003,0.0
2019-03-10,19,0,134,0.0,0.0,0.0,0.0,0.0
2019-03-10,19,0,135,183.78,183.78,0.0,1668.609117,0.0
2019-03-10,19,0,136,45.9,45.9,0.0,220.896846,0.0
2019-03-10,19,0,139,44.94,44.94,0.0,193.561679,0.0
2019-03-10,19,0,140,170.5,170.5,0.0,-12519.281744,0.0
2019-03-10,19,0,141,230.0,230.0,0.0,-7306.861653,0.0
2019-03-10,19,0,142,52.94,52.94,0.0,-1681.848939,0.0
2019-03-10,19,0,143,71.55,71.55,0.0,164.722444,0.0
2019-03-10,19,0,145,30.0,30.0,0.0,105.216639,0.0
2019-03-10,19,0,146,139.6,139.6,0.0,-10250.391387,0.0
2019-03-10,19,0,152,0.99,0.99,0.0,7.097865,0.0
2019-03-10,19,0,153,1.22,1.22,0.0,8.671178,0.0
2019-03-10,19,0,154,11.41,11.41,0.0,49.144165,0.0
2019-03-10,19,0,157,66.64,66.64,0.0,-2117.083741,0.0
2019-03-10,19,0,158,67.53,67.53,0.0,-2145.358119,0.0
2019-03-10,19,0,159,0.0,0.0,0.0,0.0,0.0
2019-03-10,19,0,160,0.24,0.24,0.0,1.813603,0.0
2019-03-10,19,0,161,9.03,9.03,0.0,-164.035122,0.0
2019-03-10,19,0,162,162.5,162.5,0.0,3746.780859,0.0
2019-03-10,19,0,163,131.33,131.33,0.0,-9643.151152,0.0
2019-03-10,19,0,164,4.92,4.92,0.0,11.326826,0.0
2019-03-10,19,0,167,0.47,0.47,0.0,10.706822,0.0
2019-03-10,19,0,168,0.23,0.23,0.0,5.239508,0.0
2019-03-10,19,0,169,0.0,0.0,0.0,0.0,0.0
2019-03-10,19,0,170,0.51,0.51,0.0,11.61804,0.0
2019-03-10,19,0,172,0.56,0.56,0.0,11.664629,0.0
2019-03-10,19,0,173,0.85,0.85,0.0,17.705241,0.0
2019-03-10,19,0,188,0.88,0.88,0.0,18.884936,0.0
2019-03-10,19,0,190,0.48,0.48,0.0,14.308003,0.0
2019-03-10,19,0,191,1.24,1.24,0.0,36.96234,0.0
2019-03-10,19,0,192,28.47,28.47,0.0,848.643399,0.0
2019-03-10,19,0,194,176.5,176.5,0.0,1297.9152,0.0
2019-03-10,19,0,196,0.87,0.87,0.0,38.346936,0.0
2019-03-10,19,0,198,0.85,0.85,0.0,7.381482,0.0
2019-03-10,19,0,199,130.0,130.0,0.0,1358.582646,0.0
2019-03-10,19,0,200,1.58,1.58,0.0,16.512004,0.0
2019-03-10,19,0,204,257.1,257.1,0.0,1385.593685,0.0
2019-03-10,19,0,205,317.4,317.4,0.0,1760.772676,0.0
2019-03-10,19,0,206,539.94,539.94,0.0,1221.994691,0.0
2019-03-10,19,0,210,0.18,0.18,0.0,1.465177,0.0
2019-03-10,19,0,214,1.28,1.28,0.0,13.469157,0.0
2019-03-10,19,0,217,0.83,0.83,0.0,7.876969,0.0
2019-03-10,19,0,218,1.14,1.14,0.0,10.818969,0.0
2019-03-10,19,0,219,0.78,0.78,0.0,7.402452,0.0
2019-03-10,19,0,221,0.68,0.68,0.0,7.15549,0.0
2019-03-10,19,0,225,0.55,0.55,0.0,4.282167,0.0
2019-03-10,19,0,233,0.89,0.89,0.0,8.73589,0.0
2019-03-10,19,0,236,159.03,159.03,0.0,1253.289642,0.0
2019-03-10,19,0,237,122.69,122.69,0.0,875.73592,0.0
2019-03-10,19,0,238,10.32,10.32,0.0,65.219048,0.0
2019-03-10,19,0,240,1.41,1.41,0.0,9.307929,0.0
2019-03-10,19,0,245,78.0,78.0,0.0,621.104766,0.0
2019-03-10,19,0,247,171.72,171.72,0.0,1367.386032,0.0
2019-03-10,19,0,248,12.32,12.32,0.0,87.937619,0.0
2019-03-10,19,0,249,150.0,150.0,0.0,1194.432243,0.0
2019-03-10,19,0,251,326.4,326.4,0.0,1878.413963,0.0
2019-03-10,19,0,252,267.06,267.06,0.0,1229.843805,0.0
2019-03-10,19,0,254,1.85,1.85,0.0,12.923266,0.0
2019-03-10,19,0,255,0.85,0.85,0.0,5.937717,0.0
2019-03-10,19,0,258,1.73,1.73,0.0,11.474252,0.0
2019-03-10,19,0,260,0.58,0.58,0.0,4.382873,0.0
2019-03-10,19,0,265,11.81,11.81,0.0,50.86701,0.0
2019-03-10,19,0,266,29.1,29.1,0.0,125.337002,0.0
2019-03-10,19,0,267,35.76,35.76,0.0,154.022378,0.0
2019-03-10,19,0,270,410.15,410.15,0.0,-30116.031715,0.0
2019-03-10,19,0,272,150.39,150.39,0.0,-694.7427,0.0
2019-03-10,19,0,273,2.51,2.51,0.0,-184.30145,0.0
2019-03-10,19,0,274,528.73,528.73,0.0,-38822.990244,0.0
2019-03-10,19,0,275,736.0,736.0,0.0,-54042.178087,0.0
2019-03-10,19,0,276,0.92,0.92,0.0,-58.995497,0.0
2019-03-10,19,0,277,1.2,1.2,0.0,-6.496146,0.0
2019-03-10,19,0,278,1.91,1.91,0.0,-10.3397,0.0
2019-03-10,19,0,279,264.6,264.6,0.0,-1432.400296,0.0
2019-03-10,19,0,281,16.83,16.83,0.0,38.746034,0.0
2019-03-10,19,0,282,69.7,69.7,0.0,160.463373,0.0
2019-03-10,20,0,9,0.0,0.0,0.0,0.0,0.0
2019-03-10,20,0,17,0.0,0.0,0.0,0.0,0.0
2019-03-10,20,0,19,581.67,581.67,0.0,571.139405,0.0
2019-03-10,20,0,20,705.45,705.45,0.0,692.678483,0.0
2019-03-10,20,0,21,0.0,0.0,0.0,0.0,0.0
2019-03-10,20,0,22,0.0,0.0,0.0,0.0,0.0
2019-03-10,20,0,23,108.8,108.8,0.0,671.611166,0.0
2019-03-10,20,0,24,192.5,192.5,0.0,1188.282624,0.0
2019-03-10,20,0,29,0.0,0.0,0.0,0.0,0.0
2019-03-10,20,0,30,0.0,0.0,0.0,0.0,0.0
2019-03-10,20,0,31,37.5,37.5,0.0,230.967434,0.0
2019-03-10,20,0,32,0.0,0.0,0.0,0.0,0.0
2019-03-10,20,0,33,0.0,0.0,0.0,0.0,0.0
2019-03-10,20,0,34,0.0,0.0,0.0,0.0,0.0
2019-03-10,20,0,35,0.0,0.0,0.0,0.0,0.0
2019-03-10,20,0,36,0.0,0.0,0.0,0.0,0.0
2019-03-10,20,0,37,0.0,0.0,0.0,0.0,0.0
2019-03-10,20,0,38,0.0,0.0,0.0,0.0,0.0
2019-03-10,20,0,39,0.0,0.0,0.0,0.0,0.0
2019-03-10,20,0,40,0.0,0.0,0.0,0.0,0.0
2019-03-10,20,0,41,60.5,60.5,0.0,416.739662,0.0
2019-03-10,20,0,42,0.0,0.0,0.0,0.0,0.0
2019-03-10,20,0,43,0.0,0.0,0.0,0.0,0.0
2019-03-10,20,0,46,0.0,0.0,0.0,0.0,0.0
2019-03-10,20,0,52,39.75,39.75,0.0,244.82548,0.0
2019-03-10,20,0,53,63.15,63.15,0.0,388.949158,0.0
2019-03-10,20,0,55,186.9,186.9,0.0,1153.714402,0.0
2019-03-10,20,0,56,0.0,0.0,0.0,0.0,0.0
2019-03-10,20,0,57,0.0,0.0,0.0,0.0,0.0
2019-03-10,20,0,58,0.0,0.0,0.0,0.0,0.0
2019-03-10,20,0,59,0.0,0.0,0.0,0.0,0.0
2019-03-10,20,0,63,162.85,162.85,0.0,2854.487225,0.0
2019-03-10,20,0,64,191.58,191.58,0.0,3358.075914,0.0
2019-03-10,20,0,65,38.14,38.14,0.0,175.894173,0.0
2019-03-10,20,0,67,0.0,0.0,0.0,0.0,0.0
2019-03-10,20,0,68,10.2,10.2,0.0,34.238966,0.0
2019-03-10,20,0,69,0.0,0.0,0.0,0.0,0.0
2019-03-10,20,0,74,41.97,41.97,0.0,330.715165,0.0
2019-03-10,20,0,77,84.7,84.7,0.0,410.733674,0.0
2019-03-10,20,0,78,64.3,64.3,0.0,311.808444,0.0
2019-03-10,20,0,79,37.43,37.43,0.0,181.508399,0.0
2019-03-10,20,0,80,60.23,60.23,0.0,292.071891,0.0
2019-03-10,20,0,81,78.45,78.45,0.0,380.425699,0.0
2019-03-10,20,0,82,55.6,55.6,0.0,269.619743,0.0
2019-03-10,20,0,83,122.29,122.29,0.0,593.017957,0.0
2019-03-10,20,0,84,0.0,0.0,0.0,0.0,0.0
2019-03-10,20,0,86,0.0,0.0,0.0,0.0,0.0
2019-03-10,20,0,87,0.0,0.0,0.0,0.0,0.0
2019-03-10,20,0,88,95.98,95.98,0.0,465.433506,0.0
2019-03-10,20,0,89,92.28,92.28,0.0,447.491185,0.0
2019-03-10,20,0,90,123.8,123.8,0.0,600.340363,0.0
2019-03-10,20,0,91,440.78,440.78,0.0,2137.463856,0.0
2019-03-10,20,0,92,158.74,158.74,0.0,769.774065,0.0
2019-03-10,20,0,95,95.76,95.76,0.0,1549.731247,0.0
2019-03-10,20,0,96,31.77,31.77,0.0,195.218567,0.0
2019-03-10,20,0,97,229.39,229.39,0.0,1409.543191,0.0
2019-03-10,20,0,99,8.1,8.1,0.0,63.826372,0.0
2019-03-10,20,0,101,0.0,0.0,0.0,0.0,0.0
2019-03-10,20,0,102,24.15,24.15,0.0,81.065787,0.0
2019-03-10,20,0,103,21.0,21.0,0.0,70.491989,0.0
2019-03-10,20,0,104,3.9,3.9,0.0,13.091369,0.0
2019-03-10,20,0,106,0.0,0.0,0.0,0.0,0.0
2019-03-10,20,0,109,60.0,60.0,0.0,441.879461,0.0
2019-03-10,20,0,110,111.53,111.53,0.0,-389.496787,0.0
2019-03-10,20,0,111,0.0,0.0,0.0,0.0,0.0
2019-03-10,20,0,113,45.0,45.0,0.0,220.534929,0.0
2019-03-10,20,0,115,45.0,45.0,0.0,220.534929,0.0
2019-03-10,20,0,116,0.0,0.0,0.0,-0.0,0.0
2019-03-10,20,0,117,3.0,3.0,0.0,14.702329,0.0
2019-03-10,20,0,119,191.58,191.58,0.0,3358.075914,0.0
2019-03-10,20,0,120,112.65,112.65,0.0,1974.565465,0.0
2019-03-10,20,0,123,0.0,0.0,0.0,0.0,0.0
2019-03-10,20,0,125,174.2,174.2,0.0,1075.318614,0.0
2019-03-10,20,0,126,0.0,0.0,0.0,0.0,0.0
2019-03-10,20,0,127,0.0,0.0,0.0,0.0,0.0
2019-03-10,20,0,128,249.5,249.5,0.0,1540.137739,0.0
2019-03-10,20,0,131,30.0,30.0,0.0,114.211198,0.0
2019-03-10,20,0,132,44.1,44.1,0.0,167.890462,0.0
2019-03-10,20,0,133,86.37,86.37,0.0,763.483137,0.0
2019-03-10,20,0,134,0.0,0.0,0.0,0.0,0.0
2019-03-10,20,0,135,115.09,115.09,0.0,1017.358739,0.0
2019-03-10,20,0,136,45.9,45.9,0.0,220.828469,0.0
2019-03-10,20,0,139,80.98,80.98,0.0,557.811203,0.0
2019-03-10,20,0,140,82.54,82.54,0.0,-288.254863,0.0
2019-03-10,20,0,141,230.0,230.0,0.0,384.275212,0.0
2019-03-10,20,0,142,0.0,0.0,0.0,0.0,0.0
2019-03-10,20,0,143,71.55,71.55,0.0,440.685863,0.0
2019-03-10,20,0,145,30.0,30.0,0.0,198.196364,0.0
2019-03-10,20,0,146,107.41,107.41,0.0,-375.10849,0.0
2019-03-10,20,0,152,0.0,0.0,0.0,0.0,0.0
2019-03-10,20,0,153,0.0,0.0,0.0,0.0,0.0
2019-03-10,20,0,154,0.0,0.0,0.0,0.0,0.0
2019-03-10,20,0,157,72.67,72.67,0.0,121.414259,0.0
2019-03-10,20,0,158,0.0,0.0,0.0,0.0,0.0
2019-03-10,20,0,159,0.0,0.0,0.0,0.0,0.0
2019-03-10,20,0,160,0.0,0.0,0.0,0.0,0.0
2019-03-10,20,0,161,0.0,0.0,0.0,0.0,0.0
2019-03-10,20,0,162,158.79,158.79,0.0,2572.517592,0.0
2019-03-10,20,0,163,82.11,82.11,0.0,-286.753171,0.0
2019-03-10,20,0,164,0.0,0.0,0.0,0.0,0.0
2019-03-10,20,0,167,0.0,0.0,0.0,0.0,0.0
2019-03-10,20,0,168,0.0,0.0,0.0,0.0,0.0
2019-03-10,20,0,169,0.0,0.0,0.0,0.0,0.0
2019-03-10,20,0,170,0.0,0.0,0.0,0.0,0.0
2019-03-10,20,0,172,0.0,0.0,0.0,0.0,0.0
2019-03-10,20,0,173,0.0,0.0,0.0,0.0,0.0
2019-03-10,20,0,188,0.0,0.0,0.0,0.0,0.0
2019-03-10,20,0,190,0.0,0.0,0.0,0.0,0.0
2019-03-10,20,0,191,0.0,0.0,0.0,0.0,0.0
2019-03-10,20,0,192,31.02,31.02,0.0,543.728546,0.0
2019-03-10,20,0,194,176.5,176.5,0.0,1094.973155,0.0
2019-03-10,20,0,196,0.0,0.0,0.0,0.0,0.0
2019-03-10,20,0,198,0.0,0.0,0.0,0.0,0.0
2019-03-10,20,0,199,130.0,130.0,0.0,1199.708862,0.0
2019-03-10,20,0,200,0.0,0.0,0.0,0.0,0.0
2019-03-10,20,0,204,465.33,465.33,0.0,3402.01276,0.0
2019-03-10,20,0,205,317.4,317.4,0.0,2337.542348,0.0
2019-03-10,20,0,206,868.95,868.95,0.0,5339.476681,0.0
2019-03-10,20,0,210,0.0,0.0,0.0,0.0,0.0
2019-03-10,20,0,214,0.0,0.0,0.0,0.0,0.0
2019-03-10,20,0,217,0.0,0.0,0.0,0.0,0.0
2019-03-10,20,0,218,0.0,0.0,0.0,0.0,0.0
2019-03-10,20,0,219,0.0,0.0,0.0,0.0,0.0
2019-03-10,20,0,221,0.0,0.0,0.0,0.0,0.0
2019-03-10,20,0,225,0.0,0.0,0.0,0.0,0.0
2019-03-10,20,0,233,0.0,0.0,0.0,0.0,0.0
2019-03-10,20,0,236,144.92,144.92,0.0,1177.324985,0.0
2019-03-10,20,0,237,100.68,100.68,0.0,793.338166,0.0
2019-03-10,20,0,238,0.0,0.0,0.0,0.0,0.0
2019-03-10,20,0,240,0.0,0.0,0.0,0.0,0.0
2019-03-10,20,0,245,145.89,145.89,0.0,1118.382796,0.0
2019-03-10,20,0,247,151.87,151.87,0.0,1164.225069,0.0
2019-03-10,20,0,248,10.11,10.11,0.0,79.664768,0.0
2019-03-10,20,0,249,280.44,280.44,0.0,2149.833926,0.0
2019-03-10,20,0,251,312.68,312.68,0.0,1800.260719,0.0
2019-03-10,20,0,252,246.05,246.05,0.0,1134.734169,0.0
2019-03-10,20,0,254,0.0,0.0,0.0,0.0,0.0
2019-03-10,20,0,255,0.0,0.0,0.0,0.0,0.0
2019-03-10,20,0,258,0.0,0.0,0.0,0.0,0.0
2019-03-10,20,0,260,0.0,0.0,0.0,0.0,0.0
2019-03-10,20,0,265,0.0,0.0,0.0,0.0,0.0
2019-03-10,20,0,266,49.35,49.35,0.0,339.935575,0.0
2019-03-10,20,0,267,62.41,62.41,0.0,429.896236,0.0
2019-03-10,20,0,270,256.44,256.44,0.0,-895.566719,0.0
2019-03-10,20,0,272,150.39,150.39,0.0,737.027732,0.0
2019-03-10,20,0,273,0.0,0.0,0.0,-0.0,0.0
2019-03-10,20,0,274,330.58,330.58,0.0,-1154.486218,0.0
2019-03-10,20,0,275,460.17,460.17,0.0,-1607.054036,0.0
2019-03-10,20,0,276,0.0,0.0,0.0,-0.0,0.0
2019-03-10,20,0,277,0.0,0.0,0.0,0.0,0.0
2019-03-10,20,0,278,0.0,0.0,0.0,0.0,0.0
2019-03-10,20,0,279,651.99,651.99,0.0,3181.795253,0.0
2019-03-10,20,0,281,16.83,16.83,0.0,103.658184,0.0
2019-03-10,20,0,282,0.0,0.0,0.0,0.0,0.0
2019-03-10,21,0,9,0.0,0.0,0.0,0.0,0.0
2019-03-10,21,0,17,0.0,0.0,0.0,0.0,0.0
2019-03-10,21,0,19,451.51,451.51,0.0,2588.079022,0.0
2019-03-10,21,0,20,547.59,547.59,0.0,3138.814626,0.0
2019-03-10,21,0,21,0.0,0.0,0.0,0.0,0.0
2019-03-10,21,0,22,0.0,0.0,0.0,0.0,0.0
2019-03-10,21,0,23,108.8,108.8,0.0,523.911708,0.0
2019-03-10,21,0,24,192.5,192.5,0.0,926.957755,0.0
2019-03-10,21,0,29,0.0,0.0,0.0,0.0,0.0
2019-03-10,21,0,30,0.0,0.0,0.0,0.0,0.0
2019-03-10,21,0,31,37.5,37.5,0.0,180.09364,0.0
2019-03-10,21,0,32,0.0,0.0,0.0,0.0,0.0
2019-03-10,21,0,33,0.0,0.0,0.0,0.0,0.0
2019-03-10,21,0,34,0.0,0.0,0.0,0.0,0.0
2019-03-10,21,0,35,0.0,0.0,0.0,0.0,0.0
2019-03-10,21,0,36,0.0,0.0,0.0,0.0,0.0
2019-03-10,21,0,37,0.0,0.0,0.0,0.0,0.0
2019-03-10,21,0,38,0.0,0.0,0.0,0.0,0.0
2019-03-10,21,0,39,0.0,0.0,0.0,0.0,0.0
2019-03-10,21,0,40,0.0,0.0,0.0,0.0,0.0
2019-03-10,21,0,41,95.16,95.16,0.0,521.987584,0.0
2019-03-10,21,0,42,0.0,0.0,0.0,0.0,0.0
2019-03-10,21,0,43,0.0,0.0,0.0,0.0,0.0
2019-03-10,21,0,46,0.0,0.0,0.0,0.0,0.0
2019-03-10,21,0,52,39.75,39.75,0.0,190.899258,0.0
2019-03-10,21,0,53,63.15,63.15,0.0,303.27769,0.0
2019-03-10,21,0,55,186.9,186.9,0.0,899.991712,0.0
2019-03-10,21,0,56,0.0,0.0,0.0,0.0,0.0
2019-03-10,21,0,57,0.0,0.0,0.0,0.0,0.0
2019-03-10,21,0,58,0.0,0.0,0.0,0.0,0.0
2019-03-10,21,0,59,0.0,0.0,0.0,0.0,0.0
2019-03-10,21,0,63,106.68,106.68,0.0,1788.591988,0.0
2019-03-10,21,0,64,125.51,125.51,0.0,2104.294905,0.0
2019-03-10,21,0,65,22.94,22.94,0.0,143.800302,0.0
2019-03-10,21,0,67,0.0,0.0,0.0,0.0,0.0
2019-03-10,21,0,68,6.25,6.25,0.0,31.885582,0.0
2019-03-10,21,0,69,0.0,0.0,0.0,0.0,0.0
2019-03-10,21,0,74,35.14,35.14,0.0,225.601368,0.0
2019-03-10,21,0,77,166.54,166.54,0.0,595.930463,0.0
2019-03-10,21,0,78,126.15,126.15,0.0,451.402834,0.0
2019-03-10,21,0,79,73.18,73.18,0.0,261.860162,0.0
2019-03-10,21,0,80,118.1,118.1,0.0,422.5975,0.0
2019-03-10,21,0,81,154.14,154.14,0.0,551.559515,0.0
2019-03-10,21,0,82,108.96,108.96,0.0,389.891817,0.0
2019-03-10,21,0,83,241.44,241.44,0.0,863.945305,0.0
2019-03-10,21,0,84,0.0,0.0,0.0,0.0,0.0
2019-03-10,21,0,86,0.0,0.0,0.0,0.0,0.0
2019-03-10,21,0,87,0.0,0.0,0.0,0.0,0.0
2019-03-10,21,0,88,158.5,158.5,0.0,567.160913,0.0
2019-03-10,21,0,89,152.36,152.36,0.0,545.190137,0.0
2019-03-10,21,0,90,204.58,204.58,0.0,732.049082,0.0
2019-03-10,21,0,91,729.77,729.77,0.0,2611.337662,0.0
2019-03-10,21,0,92,262.46,262.46,0.0,939.161219,0.0
2019-03-10,21,0,95,116.62,116.62,0.0,1939.115181,0.0
2019-03-10,21,0,96,29.88,29.88,0.0,143.09678,0.0
2019-03-10,21,0,97,183.75,183.75,0.0,879.987726,0.0
2019-03-10,21,0,99,6.78,6.78,0.0,43.528095,0.0
2019-03-10,21,0,101,0.0,0.0,0.0,0.0,0.0
2019-03-10,21,0,102,14.79,14.79,0.0,75.454041,0.0
2019-03-10,21,0,103,12.86,12.86,0.0,65.607773,0.0
2019-03-10,21,0,104,2.39,2.39,0.0,12.193047,0.0
2019-03-10,21,0,106,0.0,0.0,0.0,0.0,0.0
2019-03-10,21,0,109,83.6,83.6,0.0,495.612612,0.0
2019-03-10,21,0,110,54.56,54.56,0.0,706.006216,0.0
2019-03-10,21,0,111,0.0,0.0,0.0,0.0,0.0
2019-03-10,21,0,113,54.98,54.98,0.0,160.145291,0.0
2019-03-10,21,0,115,54.98,54.98,0.0,160.145291,0.0
2019-03-10,21,0,116,0.0,0.0,0.0,0.0,0.0
2019-03-10,21,0,117,3.7,3.7,0.0,10.77733,0.0
2019-03-10,21,0,119,125.51,125.51,0.0,2104.294905,0.0
2019-03-10,21,0,120,73.8,73.8,0.0,1237.327416,0.0
2019-03-10,21,0,123,0.0,0.0,0.0,0.0,0.0
2019-03-10,21,0,125,174.2,174.2,0.0,838.836577,0.0
2019-03-10,21,0,126,0.0,0.0,0.0,0.0,0.0
2019-03-10,21,0,127,0.0,0.0,0.0,0.0,0.0
2019-03-10,21,0,128,249.5,249.5,0.0,1201.433558,0.0
2019-03-10,21,0,131,29.24,29.24,0.0,134.105725,0.0
2019-03-10,21,0,132,42.98,42.98,0.0,197.122573,0.0
2019-03-10,21,0,133,55.25,55.25,0.0,382.365407,0.0
2019-03-10,21,0,134,0.0,0.0,0.0,0.0,0.0
2019-03-10,21,0,135,71.83,71.83,0.0,497.109632,0.0
2019-03-10,21,0,136,30.12,30.12,0.0,189.695514,0.0
2019-03-10,21,0,139,125.35,125.35,0.0,687.590832,0.0
2019-03-10,21,0,140,40.38,40.38,0.0,522.517063,0.0
2019-03-10,21,0,141,189.17,189.17,0.0,1330.093639,0.0
2019-03-10,21,0,142,0.0,0.0,0.0,0.0,0.0
2019-03-10,21,0,143,71.55,71.55,0.0,343.618665,0.0
2019-03-10,21,0,145,30.0,30.0,0.0,156.611962,0.0
2019-03-10,21,0,146,86.98,86.98,0.0,1125.520906,0.0
2019-03-10,21,0,152,0.0,0.0,0.0,0.0,0.0
2019-03-10,21,0,153,0.0,0.0,0.0,0.0,0.0
2019-03-10,21,0,154,0.0,0.0,0.0,0.0,0.0
2019-03-10,21,0,157,79.42,79.42,0.0,558.418549,0.0
2019-03-10,21,0,158,0.0,0.0,0.0,0.0,0.0
2019-03-10,21,0,159,0.0,0.0,0.0,0.0,0.0
2019-03-10,21,0,160,0.0,0.0,0.0,0.0,0.0
2019-03-10,21,0,161,0.0,0.0,0.0,0.0,0.0
2019-03-10,21,0,162,141.05,141.05,0.0,2346.279549,0.0
2019-03-10,21,0,163,48.04,48.04,0.0,621.637438,0.0
2019-03-10,21,0,164,0.0,0.0,0.0,0.0,0.0
2019-03-10,21,0,167,0.0,0.0,0.0,0.0,0.0
2019-03-10,21,0,168,0.0,0.0,0.0,0.0,0.0
2019-03-10,21,0,169,0.0,0.0,0.0,0.0,0.0
2019-03-10,21,0,170,0.0,0.0,0.0,0.0,0.0
2019-03-10,21,0,172,0.0,0.0,0.0,0.0,0.0
2019-03-10,21,0,173,0.0,0.0,0.0,0.0,0.0
2019-03-10,21,0,188,0.0,0.0,0.0,0.0,0.0
2019-03-10,21,0,190,0.0,0.0,0.0,0.0,0.0
2019-03-10,21,0,191,0.0,0.0,0.0,0.0,0.0
2019-03-10,21,0,192,33.84,33.84,0.0,567.359888,0.0
2019-03-10,21,0,194,176.24,176.24,0.0,150.793351,0.0
2019-03-10,21,0,196,0.0,0.0,0.0,0.0,0.0
2019-03-10,21,0,198,0.0,0.0,0.0,0.0,0.0
2019-03-10,21,0,199,130.0,130.0,0.0,846.565321,0.0
2019-03-10,21,0,200,0.0,0.0,0.0,0.0,0.0
2019-03-10,21,0,204,841.64,841.64,0.0,4946.930967,0.0
2019-03-10,21,0,205,387.97,387.97,0.0,2300.033793,0.0
2019-03-10,21,0,206,539.94,539.94,0.0,2585.799036,0.0
2019-03-10,21,0,210,0.0,0.0,0.0,0.0,0.0
2019-03-10,21,0,214,0.0,0.0,0.0,0.0,0.0
2019-03-10,21,0,217,0.0,0.0,0.0,0.0,0.0
2019-03-10,21,0,218,0.0,0.0,0.0,0.0,0.0
2019-03-10,21,0,219,0.0,0.0,0.0,0.0,0.0
2019-03-10,21,0,221,0.0,0.0,0.0,0.0,0.0
2019-03-10,21,0,225,0.0,0.0,0.0,0.0,0.0
2019-03-10,21,0,233,0.0,0.0,0.0,0.0,0.0
2019-03-10,21,0,236,93.31,93.31,0.0,620.216196,0.0
2019-03-10,21,0,237,84.29,84.29,0.0,541.14796,0.0
2019-03-10,21,0,238,0.0,0.0,0.0,0.0,0.0
2019-03-10,21,0,240,0.0,0.0,0.0,0.0,0.0
2019-03-10,21,0,245,169.62,169.62,0.0,1151.120625,0.0
2019-03-10,21,0,247,93.13,93.13,0.0,632.023723,0.0
2019-03-10,21,0,248,8.46,8.46,0.0,54.313818,0.0
2019-03-10,21,0,249,326.18,326.18,0.0,2213.609984,0.0
2019-03-10,21,0,251,190.75,190.75,0.0,1224.97405,0.0
2019-03-10,21,0,252,147.95,147.95,0.0,927.430457,0.0
2019-03-10,21,0,254,0.0,0.0,0.0,0.0,0.0
2019-03-10,21,0,255,0.0,0.0,0.0,0.0,0.0
2019-03-10,21,0,258,0.0,0.0,0.0,0.0,0.0
2019-03-10,21,0,260,0.0,0.0,0.0,0.0,0.0
2019-03-10,21,0,265,0.0,0.0,0.0,0.0,0.0
2019-03-10,21,0,266,78.5,78.5,0.0,430.601359,0.0
2019-03-10,21,0,267,98.0,98.0,0.0,537.566028,0.0
2019-03-10,21,0,270,150.04,150.04,0.0,1941.517093,0.0
2019-03-10,21,0,272,183.62,183.62,0.0,534.846823,0.0
2019-03-10,21,0,273,0.0,0.0,0.0,0.0,0.0
2019-03-10,21,0,274,193.42,193.42,0.0,2502.854146,0.0
2019-03-10,21,0,275,269.24,269.24,0.0,3483.96469,0.0
2019-03-10,21,0,276,0.0,0.0,0.0,0.0,0.0
2019-03-10,21,0,277,0.0,0.0,0.0,0.0,0.0
2019-03-10,21,0,278,0.0,0.0,0.0,0.0,0.0
2019-03-10,21,0,279,389.26,389.26,0.0,1237.693303,0.0
2019-03-10,21,0,281,16.83,16.83,0.0,80.826026,0.0
2019-03-10,21,0,282,0.0,0.0,0.0,0.0,0.0
2019-03-10,22,0,9,0.0,0.0,0.0,0.0,0.0
2019-03-10,22,0,17,0.0,0.0,0.0,0.0,0.0
2019-03-10,22,0,19,342.21,342.21,0.0,2817.340069,0.0
2019-03-10,22,0,20,415.04,415.04,0.0,3416.933526,0.0
2019-03-10,22,0,21,0.0,0.0,0.0,0.0,0.0
2019-03-10,22,0,22,0.0,0.0,0.0,0.0,0.0
2019-03-10,22,0,23,108.8,108.8,0.0,672.672198,0.0
2019-03-10,22,0,24,192.5,192.5,0.0,1190.159909,0.0
2019-03-10,22,0,29,0.0,0.0,0.0,0.0,0.0
2019-03-10,22,0,30,0.0,0.0,0.0,0.0,0.0
2019-03-10,22,0,31,37.5,37.5,0.0,231.392453,0.0
2019-03-10,22,0,32,0.0,0.0,0.0,0.0,0.0
2019-03-10,22,0,33,0.0,0.0,0.0,0.0,0.0
2019-03-10,22,0,34,0.0,0.0,0.0,0.0,0.0
2019-03-10,22,0,35,0.0,0.0,0.0,0.0,0.0
2019-03-10,22,0,36,0.0,0.0,0.0,0.0,0.0
2019-03-10,22,0,37,0.0,0.0,0.0,0.0,0.0
2019-03-10,22,0,38,0.0,0.0,0.0,0.0,0.0
2019-03-10,22,0,39,0.0,0.0,0.0,0.0,0.0
2019-03-10,22,0,40,0.0,0.0,0.0,0.0,0.0
2019-03-10,22,0,41,61.35,61.35,0.0,418.85223,0.0
2019-03-10,22,0,42,0.0,0.0,0.0,0.0,0.0
2019-03-10,22,0,43,0.0,0.0,0.0,0.0,0.0
2019-03-10,22,0,46,0.0,0.0,0.0,0.0,0.0
2019-03-10,22,0,52,39.75,39.75,0.0,245.276001,0.0
2019-03-10,22,0,53,63.15,63.15,0.0,389.664892,0.0
2019-03-10,22,0,55,356.65,356.65,0.0,2205.041722,0.0
2019-03-10,22,0,56,0.0,0.0,0.0,0.0,0.0
2019-03-10,22,0,57,0.0,0.0,0.0,0.0,0.0
2019-03-10,22,0,58,0.0,0.0,0.0,0.0,0.0
2019-03-10,22,0,59,0.0,0.0,0.0,0.0,0.0
2019-03-10,22,0,63,66.66,66.66,0.0,1059.966344,0.0
2019-03-10,22,0,64,78.42,78.42,0.0,1246.963107,0.0
2019-03-10,22,0,65,12.64,12.64,0.0,103.856982,0.0
2019-03-10,22,0,67,0.0,0.0,0.0,0.0,0.0
2019-03-10,22,0,68,3.38,3.38,0.0,21.166306,0.0
2019-03-10,22,0,69,0.0,0.0,0.0,0.0,0.0
2019-03-10,22,0,74,30.57,30.57,0.0,237.307238,0.0
2019-03-10,22,0,77,117.61,117.61,0.0,589.651841,0.0
2019-03-10,22,0,78,88.91,88.91,0.0,445.760949,0.0
2019-03-10,22,0,79,51.45,51.45,0.0,257.950746,0.0
2019-03-10,22,0,80,83.21,83.21,0.0,417.183315,0.0
2019-03-10,22,0,81,108.79,108.79,0.0,545.431713,0.0
2019-03-10,22,0,82,76.74,76.74,0.0,384.745194,0.0
2019-03-10,22,0,83,171.12,171.12,0.0,857.930644,0.0
2019-03-10,22,0,84,0.0,0.0,0.0,0.0,0.0
2019-03-10,22,0,86,0.0,0.0,0.0,0.0,0.0
2019-03-10,22,0,87,0.0,0.0,0.0,0.0,0.0
2019-03-10,22,0,88,96.12,96.12,0.0,481.909149,0.0
2019-03-10,22,0,89,92.4,92.4,0.0,463.258483,0.0
2019-03-10,22,0,90,124.06,124.06,0.0,621.98969,0.0
2019-03-10,22,0,91,442.55,442.55,0.0,2218.777505,0.0
2019-03-10,22,0,92,159.16,159.16,0.0,797.96775,0.0
2019-03-10,22,0,95,120.0,120.0,0.0,1893.393331,0.0
2019-03-10,22,0,96,29.88,29.88,0.0,183.993048,0.0
2019-03-10,22,0,97,183.75,183.75,0.0,1131.483351,0.0
2019-03-10,22,0,99,5.9,5.9,0.0,45.800219,0.0
2019-03-10,22,0,101,0.0,0.0,0.0,0.0,0.0
2019-03-10,22,0,102,8.0,8.0,0.0,50.097765,0.0
2019-03-10,22,0,103,6.96,6.96,0.0,43.585055,0.0
2019-03-10,22,0,104,1.29,1.29,0.0,8.078265,0.0
2019-03-10,22,0,106,0.0,0.0,0.0,0.0,0.0
2019-03-10,22,0,109,171.41,171.41,0.0,1239.019785,0.0
2019-03-10,22,0,110,37.3,37.3,0.0,475.105971,0.0
2019-03-10,22,0,111,0.0,0.0,0.0,0.0,0.0
2019-03-10,22,0,113,52.81,52.81,0.0,234.023876,0.0
2019-03-10,22,0,115,52.81,52.81,0.0,234.023876,0.0
2019-03-10,22,0,116,0.0,0.0,0.0,0.0,0.0
2019-03-10,22,0,117,3.52,3.52,0.0,15.598637,0.0
2019-03-10,22,0,119,78.42,78.42,0.0,1246.963107,0.0
2019-03-10,22,0,120,46.11,46.11,0.0,733.199042,0.0
2019-03-10,22,0,123,0.0,0.0,0.0,0.0,0.0
2019-03-10,22,0,125,174.2,174.2,0.0,1077.017434,0.0
2019-03-10,22,0,126,0.0,0.0,0.0,0.0,0.0
2019-03-10,22,0,127,0.0,0.0,0.0,0.0,0.0
2019-03-10,22,0,128,249.5,249.5,0.0,1542.570895,0.0
2019-03-10,22,0,131,17.79,17.79,0.0,103.831706,0.0
2019-03-10,22,0,132,26.15,26.15,0.0,152.62502,0.0
2019-03-10,22,0,133,59.64,59.64,0.0,491.09437,0.0
2019-03-10,22,0,134,0.0,0.0,0.0,0.0,0.0
2019-03-10,22,0,135,79.91,79.91,0.0,658.003875,0.0
2019-03-10,22,0,136,18.24,18.24,0.0,149.853299,0.0
2019-03-10,22,0,139,79.22,79.22,0.0,540.855317,0.0
2019-03-10,22,0,140,27.61,27.61,0.0,351.680318,0.0
2019-03-10,22,0,141,141.63,141.63,0.0,1112.671992,0.0
2019-03-10,22,0,142,0.0,0.0,0.0,0.0,0.0
2019-03-10,22,0,143,71.55,71.55,0.0,441.496801,0.0
2019-03-10,22,0,145,73.71,73.71,0.0,483.783864,0.0
2019-03-10,22,0,146,77.09,77.09,0.0,981.928131,0.0
2019-03-10,22,0,152,0.0,0.0,0.0,0.0,0.0
2019-03-10,22,0,153,0.0,0.0,0.0,0.0,0.0
2019-03-10,22,0,154,0.0,0.0,0.0,0.0,0.0
2019-03-10,22,0,157,86.7,86.7,0.0,681.131552,0.0
2019-03-10,22,0,158,0.0,0.0,0.0,0.0,0.0
2019-03-10,22,0,159,0.0,0.0,0.0,0.0,0.0
2019-03-10,22,0,160,0.0,0.0,0.0,0.0,0.0
2019-03-10,22,0,161,0.0,0.0,0.0,0.0,0.0
2019-03-10,22,0,162,74.11,74.11,0.0,1169.75311,0.0
2019-03-10,22,0,163,26.33,26.33,0.0,335.376413,0.0
2019-03-10,22,0,164,0.0,0.0,0.0,0.0,0.0
2019-03-10,22,0,167,0.0,0.0,0.0,0.0,0.0
2019-03-10,22,0,168,0.0,0.0,0.0,0.0,0.0
2019-03-10,22,0,169,0.0,0.0,0.0,0.0,0.0
2019-03-10,22,0,170,0.0,0.0,0.0,0.0,0.0
2019-03-10,22,0,172,0.0,0.0,0.0,0.0,0.0
2019-03-10,22,0,173,0.0,0.0,0.0,0.0,0.0
2019-03-10,22,0,188,0.0,0.0,0.0,0.0,0.0
2019-03-10,22,0,190,0.0,0.0,0.0,0.0,0.0
2019-03-10,22,0,191,0.0,0.0,0.0,0.0,0.0
2019-03-10,22,0,192,37.16,37.16,0.0,590.884328,0.0
2019-03-10,22,0,194,108.48,108.48,0.0,293.086932,0.0
2019-03-10,22,0,196,0.0,0.0,0.0,0.0,0.0
2019-03-10,22,0,198,0.0,0.0,0.0,0.0,0.0
2019-03-10,22,0,199,121.49,121.49,0.0,883.174859,0.0
2019-03-10,22,0,200,0.0,0.0,0.0,0.0,0.0
2019-03-10,22,0,204,828.53,828.53,0.0,5945.390981,0.0
2019-03-10,22,0,205,852.76,852.76,0.0,6164.089094,0.0
2019-03-10,22,0,206,539.94,539.94,0.0,3324.806098,0.0
2019-03-10,22,0,210,0.0,0.0,0.0,0.0,0.0
2019-03-10,22,0,214,0.0,0.0,0.0,0.0,0.0
2019-03-10,22,0,217,0.0,0.0,0.0,0.0,0.0
2019-03-10,22,0,218,0.0,0.0,0.0,0.0,0.0
2019-03-10,22,0,219,0.0,0.0,0.0,0.0,0.0
2019-03-10,22,0,221,0.0,0.0,0.0,0.0,0.0
2019-03-10,22,0,225,0.0,0.0,0.0,0.0,0.0
2019-03-10,22,0,233,0.0,0.0,0.0,0.0,0.0
2019-03-10,22,0,236,57.94,57.94,0.0,464.095154,0.0
2019-03-10,22,0,237,73.33,73.33,0.0,569.242386,0.0
2019-03-10,22,0,238,0.0,0.0,0.0,0.0,0.0
2019-03-10,22,0,240,0.0,0.0,0.0,0.0,0.0
2019-03-10,22,0,245,101.07,101.07,0.0,838.125952,0.0
2019-03-10,22,0,247,52.56,52.56,0.0,435.855348,0.0
2019-03-10,22,0,248,7.36,7.36,0.0,57.133833,0.0
2019-03-10,22,0,249,194.36,194.36,0.0,1611.736026,0.0
2019-03-10,22,0,251,223.13,223.13,0.0,1827.402802,0.0
2019-03-10,22,0,252,81.54,81.54,0.0,669.97613,0.0
2019-03-10,22,0,254,0.0,0.0,0.0,0.0,0.0
2019-03-10,22,0,255,0.0,0.0,0.0,0.0,0.0
2019-03-10,22,0,258,0.0,0.0,0.0,0.0,0.0
2019-03-10,22,0,260,0.0,0.0,0.0,0.0,0.0
2019-03-10,22,0,265,0.0,0.0,0.0,0.0,0.0
2019-03-10,22,0,266,51.3,51.3,0.0,350.238295,0.0
2019-03-10,22,0,267,63.04,63.04,0.0,430.390295,0.0
2019-03-10,22,0,270,82.23,82.23,0.0,1047.398498,0.0
2019-03-10,22,0,272,176.5,176.5,0.0,782.147587,0.0
2019-03-10,22,0,273,0.0,0.0,0.0,0.0,0.0
2019-03-10,22,0,274,106.01,106.01,0.0,1350.294476,0.0
2019-03-10,22,0,275,147.57,147.57,0.0,1879.661879,0.0
2019-03-10,22,0,276,0.0,0.0,0.0,0.0,0.0
2019-03-10,22,0,277,0.0,0.0,0.0,0.0,0.0
2019-03-10,22,0,278,0.0,0.0,0.0,0.0,0.0
2019-03-10,22,0,279,80.26,80.26,0.0,374.400058,0.0
2019-03-10,22,0,281,16.83,16.83,0.0,103.848933,0.0
2019-03-10,22,0,282,0.0,0.0,0.0,0.0,0.0
2019-03-10,23,0,9,0.0,0.0,0.0,0.0,0.0
2019-03-10,23,0,17,0.0,0.0,0.0,0.0,0.0
2019-03-10,23,0,19,258.67,258.67,0.0,2291.203434,0.0
2019-03-10,23,0,20,313.71,313.71,0.0,2778.727449,0.0
2019-03-10,23,0,21,0.0,0.0,0.0,0.0,0.0
2019-03-10,23,0,22,0.0,0.0,0.0,0.0,0.0
2019-03-10,23,0,23,97.6,97.6,0.0,623.514789,0.0
2019-03-10,23,0,24,172.68,172.68,0.0,1103.161207,0.0
2019-03-10,23,0,29,0.0,0.0,0.0,0.0,0.0
2019-03-10,23,0,30,0.0,0.0,0.0,0.0,0.0
2019-03-10,23,0,31,37.5,37.5,0.0,239.03129,0.0
2019-03-10,23,0,32,0.0,0.0,0.0,0.0,0.0
2019-03-10,23,0,33,0.0,0.0,0.0,0.0,0.0
2019-03-10,23,0,34,0.0,0.0,0.0,0.0,0.0
2019-03-10,23,0,35,0.0,0.0,0.0,0.0,0.0
2019-03-10,23,0,36,0.0,0.0,0.0,0.0,0.0
2019-03-10,23,0,37,0.0,0.0,0.0,0.0,0.0
2019-03-10,23,0,38,0.0,0.0,0.0,0.0,0.0
2019-03-10,23,0,39,0.0,0.0,0.0,0.0,0.0
2019-03-10,23,0,40,0.0,0.0,0.0,0.0,0.0
2019-03-10,23,0,41,61.45,61.45,0.0,439.372682,0.0
2019-03-10,23,0,42,0.0,0.0,0.0,0.0,0.0
2019-03-10,23,0,43,0.0,0.0,0.0,0.0,0.0
2019-03-10,23,0,46,0.0,0.0,0.0,0.0,0.0
2019-03-10,23,0,52,39.75,39.75,0.0,253.373167,0.0
2019-03-10,23,0,53,63.15,63.15,0.0,402.528692,0.0
2019-03-10,23,0,55,623.0,623.0,0.0,3980.017557,0.0
2019-03-10,23,0,56,0.0,0.0,0.0,0.0,0.0
2019-03-10,23,0,57,0.0,0.0,0.0,0.0,0.0
2019-03-10,23,0,58,0.0,0.0,0.0,0.0,0.0
2019-03-10,23,0,59,0.0,0.0,0.0,0.0,0.0
2019-03-10,23,0,63,63.34,63.34,0.0,1078.829251,0.0
2019-03-10,23,0,64,74.52,74.52,0.0,1269.250959,0.0
2019-03-10,23,0,65,8.3,8.3,0.0,73.349462,0.0
2019-03-10,23,0,67,0.0,0.0,0.0,0.0,0.0
2019-03-10,23,0,68,2.63,2.63,0.0,16.805759,0.0
2019-03-10,23,0,69,0.0,0.0,0.0,0.0,0.0
2019-03-10,23,0,74,27.27,27.27,0.0,225.579524,0.0
2019-03-10,23,0,77,91.07,91.07,0.0,456.905198,0.0
2019-03-10,23,0,78,68.85,68.85,0.0,345.425748,0.0
2019-03-10,23,0,79,39.84,39.84,0.0,199.880346,0.0
2019-03-10,23,0,80,64.43,64.43,0.0,323.250268,0.0
2019-03-10,23,0,81,84.24,84.24,0.0,422.638562,0.0
2019-03-10,23,0,82,59.42,59.42,0.0,298.114712,0.0
2019-03-10,23,0,83,132.5,132.5,0.0,664.762696,0.0
2019-03-10,23,0,84,0.0,0.0,0.0,0.0,0.0
2019-03-10,23,0,86,0.0,0.0,0.0,0.0,0.0
2019-03-10,23,0,87,0.0,0.0,0.0,0.0,0.0
2019-03-10,23,0,88,77.05,77.05,0.0,386.565779,0.0
2019-03-10,23,0,89,74.07,74.07,0.0,371.61489,0.0
2019-03-10,23,0,90,99.45,99.45,0.0,498.948303,0.0
2019-03-10,23,0,91,354.75,354.75,0.0,1779.808049,0.0
2019-03-10,23,0,92,127.58,127.58,0.0,640.078677,0.0
2019-03-10,23,0,95,120.0,120.0,0.0,2027.050113,0.0
2019-03-10,23,0,96,29.88,29.88,0.0,190.01347,0.0
2019-03-10,23,0,97,183.75,183.75,0.0,1168.506528,0.0
2019-03-10,23,0,99,5.26,5.26,0.0,43.511122,0.0
2019-03-10,23,0,101,0.0,0.0,0.0,0.0,0.0
2019-03-10,23,0,102,6.23,6.23,0.0,39.809839,0.0
2019-03-10,23,0,103,5.41,5.41,0.0,34.570021,0.0
2019-03-10,23,0,104,1.01,1.01,0.0,6.453923,0.0
2019-03-10,23,0,106,0.0,0.0,0.0,0.0,0.0
2019-03-10,23,0,109,193.5,193.5,0.0,1472.996719,0.0
2019-03-10,23,0,110,24.46,24.46,0.0,331.144668,0.0
2019-03-10,23,0,111,0.0,0.0,0.0,0.0,0.0
2019-03-10,23,0,113,43.53,43.53,0.0,189.641103,0.0
2019-03-10,23,0,115,43.53,43.53,0.0,189.641103,0.0
2019-03-10,23,0,116,0.0,0.0,0.0,0.0,0.0
2019-03-10,23,0,117,2.9,2.9,0.0,12.634027,0.0
2019-03-10,23,0,119,74.52,74.52,0.0,1269.250959,0.0
2019-03-10,23,0,120,43.82,43.82,0.0,746.357717,0.0
2019-03-10,23,0,123,0.0,0.0,0.0,0.0,0.0
2019-03-10,23,0,125,156.27,156.27,0.0,998.326394,0.0
2019-03-10,23,0,126,0.0,0.0,0.0,0.0,0.0
2019-03-10,23,0,127,0.0,0.0,0.0,0.0,0.0
2019-03-10,23,0,128,223.81,223.81,0.0,1429.803739,0.0
2019-03-10,23,0,131,13.39,13.39,0.0,79.269852,0.0
2019-03-10,23,0,132,19.69,19.69,0.0,116.566346,0.0
2019-03-10,23,0,133,42.61,42.61,0.0,377.505342,0.0
2019-03-10,23,0,134,0.0,0.0,0.0,0.0,0.0
2019-03-10,23,0,135,57.1,57.1,0.0,505.880193,0.0
2019-03-10,23,0,136,12.44,12.44,0.0,109.921925,0.0
2019-03-10,23,0,139,79.35,79.35,0.0,567.359191,0.0
2019-03-10,23,0,140,18.1,18.1,0.0,245.041639,0.0
2019-03-10,23,0,141,121.96,121.96,0.0,993.931998,0.0
2019-03-10,23,0,142,0.0,0.0,0.0,0.0,0.0
2019-03-10,23,0,143,71.55,71.55,0.0,456.071701,0.0
2019-03-10,23,0,145,30.0,30.0,0.0,205.022563,0.0
2019-03-10,23,0,146,61.94,61.94,0.0,838.556858,0.0
2019-03-10,23,0,152,0.0,0.0,0.0,0.0,0.0
2019-03-10,23,0,153,0.0,0.0,0.0,0.0,0.0
2019-03-10,23,0,154,0.0,0.0,0.0,0.0,0.0
2019-03-10,23,0,157,83.03,83.03,0.0,676.665905,0.0
2019-03-10,23,0,158,0.0,0.0,0.0,0.0,0.0
2019-03-10,23,0,159,0.0,0.0,0.0,0.0,0.0
2019-03-10,23,0,160,0.0,0.0,0.0,0.0,0.0
2019-03-10,23,0,161,0.0,0.0,0.0,0.0,0.0
2019-03-10,23,0,162,33.81,33.81,0.0,571.338418,0.0
2019-03-10,23,0,163,30.3,30.3,0.0,410.207827,0.0
2019-03-10,23,0,164,0.0,0.0,0.0,0.0,0.0
2019-03-10,23,0,167,0.0,0.0,0.0,0.0,0.0
2019-03-10,23,0,168,0.0,0.0,0.0,0.0,0.0
2019-03-10,23,0,169,0.0,0.0,0.0,0.0,0.0
2019-03-10,23,0,170,0.0,0.0,0.0,0.0,0.0
2019-03-10,23,0,172,0.0,0.0,0.0,0.0,0.0
2019-03-10,23,0,173,0.0,0.0,0.0,0.0,0.0
2019-03-10,23,0,188,0.0,0.0,0.0,0.0,0.0
2019-03-10,23,0,190,0.0,0.0,0.0,0.0,0.0
2019-03-10,23,0,191,0.0,0.0,0.0,0.0,0.0
2019-03-10,23,0,192,30.58,30.58,0.0,520.84936,0.0
2019-03-10,23,0,194,100.16,100.16,0.0,243.438466,0.0
2019-03-10,23,0,196,0.0,0.0,0.0,0.0,0.0
2019-03-10,23,0,198,0.0,0.0,0.0,0.0,0.0
2019-03-10,23,0,199,85.23,85.23,0.0,632.004465,0.0
2019-03-10,23,0,200,0.0,0.0,0.0,0.0,0.0
2019-03-10,23,0,204,741.95,741.95,0.0,5600.59803,0.0
2019-03-10,23,0,205,1023.63,1023.63,0.0,7792.26683,0.0
2019-03-10,23,0,206,539.94,539.94,0.0,3433.596814,0.0
2019-03-10,23,0,210,0.0,0.0,0.0,0.0,0.0
2019-03-10,23,0,214,0.0,0.0,0.0,0.0,0.0
2019-03-10,23,0,217,0.0,0.0,0.0,0.0,0.0
2019-03-10,23,0,218,0.0,0.0,0.0,0.0,0.0
2019-03-10,23,0,219,0.0,0.0,0.0,0.0,0.0
2019-03-10,23,0,221,0.0,0.0,0.0,0.0,0.0
2019-03-10,23,0,225,0.0,0.0,0.0,0.0,0.0
2019-03-10,23,0,233,0.0,0.0,0.0,0.0,0.0
2019-03-10,23,0,236,43.48,43.48,0.0,372.975372,0.0
2019-03-10,23,0,237,65.41,65.41,0.0,541.076518,0.0
2019-03-10,23,0,238,0.0,0.0,0.0,0.0,0.0
2019-03-10,23,0,240,0.0,0.0,0.0,0.0,0.0
2019-03-10,23,0,245,67.6,67.6,0.0,603.833703,0.0
2019-03-10,23,0,247,34.39,34.39,0.0,307.186997,0.0
2019-03-10,23,0,248,6.57,6.57,0.0,54.347542,0.0
2019-03-10,23,0,249,130.01,130.01,0.0,1161.307983,0.0
2019-03-10,23,0,251,70.44,70.44,0.0,620.145234,0.0
2019-03-10,23,0,252,53.52,53.52,0.0,472.97147,0.0
2019-03-10,23,0,254,0.0,0.0,0.0,0.0,0.0
2019-03-10,23,0,255,0.0,0.0,0.0,0.0,0.0
2019-03-10,23,0,258,0.0,0.0,0.0,0.0,0.0
2019-03-10,23,0,260,0.0,0.0,0.0,0.0,0.0
2019-03-10,23,0,265,0.0,0.0,0.0,0.0,0.0
2019-03-10,23,0,266,51.38,51.38,0.0,367.371333,0.0
2019-03-10,23,0,267,63.14,63.14,0.0,451.456324,0.0
2019-03-10,23,0,270,94.64,94.64,0.0,1281.256394,0.0
2019-03-10,23,0,272,145.48,145.48,0.0,633.792502,0.0
2019-03-10,23,0,273,0.0,0.0,0.0,0.0,0.0
2019-03-10,23,0,274,122.0,122.0,0.0,1651.661877,0.0
2019-03-10,23,0,275,169.82,169.82,0.0,2299.05918,0.0
2019-03-10,23,0,276,0.0,0.0,0.0,0.0,0.0
2019-03-10,23,0,277,0.0,0.0,0.0,0.0,0.0
2019-03-10,23,0,278,0.0,0.0,0.0,0.0,0.0
2019-03-10,23,0,279,67.81,67.81,0.0,313.375272,0.0
2019-03-10,23,0,281,16.83,16.83,0.0,107.277243,0.0
2019-03-10,23,0,282,0.0,0.0,0.0,0.0,0.0
2019-03-11,0,0,9,0.0,0.0,0.0,0.0,0.0
2019-03-11,0,0,17,0.0,0.0,0.0,0.0,0.0
2019-03-11,0,0,19,188.96,188.96,0.0,1645.963045,0.0
2019-03-11,0,0,20,229.17,229.17,0.0,1996.217988,0.0
2019-03-11,0,0,21,0.0,0.0,0.0,0.0,0.0
2019-03-11,0,0,22,0.0,0.0,0.0,0.0,0.0
2019-03-11,0,0,23,84.04,84.04,0.0,594.423868,0.0
2019-03-11,0,0,24,148.7,148.7,0.0,1051.770933,0.0
2019-03-11,0,0,29,0.0,0.0,0.0,0.0,0.0
2019-03-11,0,0,30,0.0,0.0,0.0,0.0,0.0
2019-03-11,0,0,31,37.5,37.5,0.0,264.874534,0.0
2019-03-11,0,0,32,0.0,0.0,0.0,0.0,0.0
2019-03-11,0,0,33,0.0,0.0,0.0,0.0,0.0
2019-03-11,0,0,34,0.0,0.0,0.0,0.0,0.0
2019-03-11,0,0,35,0.0,0.0,0.0,0.0,0.0
2019-03-11,0,0,36,0.0,0.0,0.0,0.0,0.0
2019-03-11,0,0,37,0.0,0.0,0.0,0.0,0.0
2019-03-11,0,0,38,0.0,0.0,0.0,0.0,0.0
2019-03-11,0,0,39,0.0,0.0,0.0,0.0,0.0
2019-03-11,0,0,40,0.0,0.0,0.0,0.0,0.0
2019-03-11,0,0,41,64.73,64.73,0.0,491.309753,0.0
2019-03-11,0,0,42,0.0,0.0,0.0,0.0,0.0
2019-03-11,0,0,43,0.0,0.0,0.0,0.0,0.0
2019-03-11,0,0,46,0.0,0.0,0.0,0.0,0.0
2019-03-11,0,0,52,39.75,39.75,0.0,280.767006,0.0
2019-03-11,0,0,53,63.15,63.15,0.0,446.048715,0.0
2019-03-11,0,0,55,622.97,622.97,0.0,4406.33314,0.0
2019-03-11,0,0,56,0.0,0.0,0.0,0.0,0.0
2019-03-11,0,0,57,0.0,0.0,0.0,0.0,0.0
2019-03-11,0,0,58,0.0,0.0,0.0,0.0,0.0
2019-03-11,0,0,59,0.0,0.0,0.0,0.0,0.0
2019-03-11,0,0,63,63.62,63.62,0.0,953.707259,0.0
2019-03-11,0,0,64,74.84,74.84,0.0,1121.902723,0.0
2019-03-11,0,0,65,5.14,5.14,0.0,44.706581,0.0
2019-03-11,0,0,67,0.0,0.0,0.0,0.0,0.0
2019-03-11,0,0,68,1.99,1.99,0.0,14.229375,0.0
2019-03-11,0,0,69,0.0,0.0,0.0,0.0,0.0
2019-03-11,0,0,74,25.06,25.06,0.0,208.951489,0.0
2019-03-11,0,0,77,69.69,69.69,0.0,427.478804,0.0
2019-03-11,0,0,78,52.69,52.69,0.0,323.20072,0.0
2019-03-11,0,0,79,30.49,30.49,0.0,187.025811,0.0
2019-03-11,0,0,80,49.31,49.31,0.0,302.467784,0.0
2019-03-11,0,0,81,64.47,64.47,0.0,395.459299,0.0
2019-03-11,0,0,82,45.48,45.48,0.0,278.974545,0.0
2019-03-11,0,0,83,101.41,101.41,0.0,622.049441,0.0
2019-03-11,0,0,84,0.0,0.0,0.0,0.0,0.0
2019-03-11,0,0,86,0.0,0.0,0.0,0.0,0.0
2019-03-11,0,0,87,0.0,0.0,0.0,0.0,0.0
2019-03-11,0,0,88,61.6,61.6,0.0,377.854704,0.0
2019-03-11,0,0,89,59.22,59.22,0.0,363.255773,0.0
2019-03-11,0,0,90,79.51,79.51,0.0,487.714733,0.0
2019-03-11,0,0,91,283.64,283.64,0.0,1739.849162,0.0
2019-03-11,0,0,92,102.01,102.01,0.0,625.729844,0.0
2019-03-11,0,0,95,61.04,61.04,0.0,908.975625,0.0
2019-03-11,0,0,96,28.8,28.8,0.0,203.129108,0.0
2019-03-11,0,0,97,177.12,177.12,0.0,1249.244012,0.0
2019-03-11,0,0,99,4.84,4.84,0.0,40.356153,0.0
2019-03-11,0,0,101,0.0,0.0,0.0,0.0,0.0
2019-03-11,0,0,102,4.72,4.72,0.0,33.750076,0.0
2019-03-11,0,0,103,4.1,4.1,0.0,29.316804,0.0
2019-03-11,0,0,104,0.76,0.76,0.0,5.434334,0.0
2019-03-11,0,0,106,0.0,0.0,0.0,0.0,0.0
2019-03-11,0,0,109,175.04,175.04,0.0,1385.195384,0.0
2019-03-11,0,0,110,15.24,15.24,0.0,189.243151,0.0
2019-03-11,0,0,111,0.0,0.0,0.0,0.0,0.0
2019-03-11,0,0,113,36.07,36.07,0.0,204.265917,0.0
2019-03-11,0,0,115,36.07,36.07,0.0,204.265917,0.0
2019-03-11,0,0,116,0.0,0.0,0.0,0.0,0.0
2019-03-11,0,0,117,2.4,2.4,0.0,13.5913,0.0
2019-03-11,0,0,119,74.84,74.84,0.0,1121.902723,0.0
2019-03-11,0,0,120,44.01,44.01,0.0,659.739963,0.0
2019-03-11,0,0,123,0.0,0.0,0.0,0.0,0.0
2019-03-11,0,0,125,134.56,134.56,0.0,951.757207,0.0
2019-03-11,0,0,126,0.0,0.0,0.0,0.0,0.0
2019-03-11,0,0,127,0.0,0.0,0.0,0.0,0.0
2019-03-11,0,0,128,192.73,192.73,0.0,1363.199811,0.0
2019-03-11,0,0,131,9.86,9.86,0.0,67.08907,0.0
2019-03-11,0,0,132,14.49,14.49,0.0,98.592356,0.0
2019-03-11,0,0,133,29.74,29.74,0.0,259.090559,0.0
2019-03-11,0,0,134,0.0,0.0,0.0,0.0,0.0
2019-03-11,0,0,135,39.85,39.85,0.0,347.16741,0.0
2019-03-11,0,0,136,8.15,8.15,0.0,70.881138,0.0
2019-03-11,0,0,139,83.6,83.6,0.0,634.535692,0.0
2019-03-11,0,0,140,11.28,11.28,0.0,140.069734,0.0
2019-03-11,0,0,141,105.48,105.48,0.0,890.990867,0.0
2019-03-11,0,0,142,0.0,0.0,0.0,0.0,0.0
2019-03-11,0,0,143,181.61,181.61,0.0,1282.769709,0.0
2019-03-11,0,0,145,30.0,30.0,0.0,221.37198,0.0
2019-03-11,0,0,146,50.44,50.44,0.0,626.340193,0.0
2019-03-11,0,0,152,0.0,0.0,0.0,0.0,0.0
2019-03-11,0,0,153,0.0,0.0,0.0,0.0,0.0
2019-03-11,0,0,154,0.0,0.0,0.0,0.0,0.0
2019-03-11,0,0,157,79.78,79.78,0.0,673.902648,0.0
2019-03-11,0,0,158,0.0,0.0,0.0,0.0,0.0
2019-03-11,0,0,159,0.0,0.0,0.0,0.0,0.0
2019-03-11,0,0,160,0.0,0.0,0.0,0.0,0.0
2019-03-11,0,0,161,0.0,0.0,0.0,0.0,0.0
2019-03-11,0,0,162,30.7,30.7,0.0,457.311065,0.0
2019-03-11,0,0,163,34.71,34.71,0.0,431.012452,0.0
2019-03-11,0,0,164,0.0,0.0,0.0,0.0,0.0
2019-03-11,0,0,167,0.0,0.0,0.0,0.0,0.0
2019-03-11,0,0,168,0.0,0.0,0.0,0.0,0.0
2019-03-11,0,0,169,0.0,0.0,0.0,0.0,0.0
2019-03-11,0,0,170,0.0,0.0,0.0,0.0,0.0
2019-03-11,0,0,172,0.0,0.0,0.0,0.0,0.0
2019-03-11,0,0,173,0.0,0.0,0.0,0.0,0.0
2019-03-11,0,0,188,0.0,0.0,0.0,0.0,0.0
2019-03-11,0,0,190,0.0,0.0,0.0,0.0,0.0
2019-03-11,0,0,191,0.0,0.0,0.0,0.0,0.0
2019-03-11,0,0,192,26.99,26.99,0.0,404.598537,0.0
2019-03-11,0,0,194,93.39,93.39,0.0,397.702644,0.0
2019-03-11,0,0,196,0.0,0.0,0.0,0.0,0.0
2019-03-11,0,0,198,0.0,0.0,0.0,0.0,0.0
2019-03-11,0,0,199,33.15,33.15,0.0,264.619248,0.0
2019-03-11,0,0,200,0.0,0.0,0.0,0.0,0.0
2019-03-11,0,0,204,659.88,659.88,0.0,5194.37155,0.0
2019-03-11,0,0,205,925.94,925.94,0.0,7327.512649,0.0
2019-03-11,0,0,206,520.46,520.46,0.0,3670.85331,0.0
2019-03-11,0,0,210,0.0,0.0,0.0,0.0,0.0
2019-03-11,0,0,214,0.0,0.0,0.0,0.0,0.0
2019-03-11,0,0,217,0.0,0.0,0.0,0.0,0.0
2019-03-11,0,0,218,0.0,0.0,0.0,0.0,0.0
2019-03-11,0,0,219,0.0,0.0,0.0,0.0,0.0
2019-03-11,0,0,221,0.0,0.0,0.0,0.0,0.0
2019-03-11,0,0,225,0.0,0.0,0.0,0.0,0.0
2019-03-11,0,0,233,0.0,0.0,0.0,0.0,0.0
2019-03-11,0,0,236,33.37,33.37,0.0,284.788443,0.0
2019-03-11,0,0,237,60.12,60.12,0.0,501.28346,0.0
2019-03-11,0,0,238,0.0,0.0,0.0,0.0,0.0
2019-03-11,0,0,240,0.0,0.0,0.0,0.0,0.0
2019-03-11,0,0,245,28.21,28.21,0.0,247.061728,0.0
2019-03-11,0,0,247,22.42,22.42,0.0,196.353206,0.0
2019-03-11,0,0,248,6.04,6.04,0.0,50.361811,0.0
2019-03-11,0,0,249,52.85,52.85,0.0,462.857579,0.0
2019-03-11,0,0,251,44.65,44.65,0.0,387.412751,0.0
2019-03-11,0,0,252,33.18,33.18,0.0,288.592287,0.0
2019-03-11,0,0,254,0.0,0.0,0.0,0.0,0.0
2019-03-11,0,0,255,0.0,0.0,0.0,0.0,0.0
2019-03-11,0,0,258,0.0,0.0,0.0,0.0,0.0
2019-03-11,0,0,260,0.0,0.0,0.0,0.0,0.0
2019-03-11,0,0,265,0.0,0.0,0.0,0.0,0.0
2019-03-11,0,0,266,54.13,54.13,0.0,410.854271,0.0
2019-03-11,0,0,267,66.52,66.52,0.0,504.896104,0.0
2019-03-11,0,0,270,108.39,108.39,0.0,1345.936033,0.0
2019-03-11,0,0,272,120.55,120.55,0.0,682.679687,0.0
2019-03-11,0,0,273,0.0,0.0,0.0,0.0,0.0
2019-03-11,0,0,274,139.73,139.73,0.0,1735.101411,0.0
2019-03-11,0,0,275,194.51,194.51,0.0,2415.333683,0.0
2019-03-11,0,0,276,0.0,0.0,0.0,0.0,0.0
2019-03-11,0,0,277,0.0,0.0,0.0,0.0,0.0
2019-03-11,0,0,278,0.0,0.0,0.0,0.0,0.0
2019-03-11,0,0,279,56.71,56.71,0.0,331.858896,0.0
2019-03-11,0,0,281,16.83,16.83,0.0,118.875691,0.0
2019-03-11,0,0,282,0.0,0.0,0.0,0.0,0.0
2019-03-11,1,0,9,0.0,0.0,0.0,0.0,0.0
2019-03-11,1,0,17,0.0,0.0,0.0,0.0,0.0
2019-03-11,1,0,19,134.32,134.32,0.0,1280.390813,0.0
2019-03-11,1,0,20,162.91,162.91,0.0,1552.921883,0.0
2019-03-11,1,0,21,0.0,0.0,0.0,0.0,0.0
2019-03-11,1,0,22,0.0,0.0,0.0,0.0,0.0
2019-03-11,1,0,23,71.93,71.93,0.0,610.291955,0.0
2019-03-11,1,0,24,127.26,127.26,0.0,1079.740779,0.0
2019-03-11,1,0,29,0.0,0.0,0.0,0.0,0.0
2019-03-11,1,0,30,0.0,0.0,0.0,0.0,0.0
2019-03-11,1,0,31,84.11,84.11,0.0,713.160623,0.0
2019-03-11,1,0,32,0.0,0.0,0.0,0.0,0.0
2019-03-11,1,0,33,0.0,0.0,0.0,0.0,0.0
2019-03-11,1,0,34,0.0,0.0,0.0,0.0,0.0
2019-03-11,1,0,35,0.0,0.0,0.0,0.0,0.0
2019-03-11,1,0,36,0.0,0.0,0.0,0.0,0.0
2019-03-11,1,0,37,0.0,0.0,0.0,0.0,0.0
2019-03-11,1,0,38,0.0,0.0,0.0,0.0,0.0
2019-03-11,1,0,39,0.0,0.0,0.0,0.0,0.0
2019-03-11,1,0,40,0.0,0.0,0.0,0.0,0.0
2019-03-11,1,0,41,71.36,71.36,0.0,627.246102,0.0
2019-03-11,1,0,42,0.0,0.0,0.0,0.0,0.0
2019-03-11,1,0,43,0.0,0.0,0.0,0.0,0.0
2019-03-11,1,0,46,0.0,0.0,0.0,0.0,0.0
2019-03-11,1,0,52,89.55,89.55,0.0,759.285861,0.0
2019-03-11,1,0,53,146.38,146.38,0.0,1241.141981,0.0
2019-03-11,1,0,55,524.08,524.08,0.0,4446.570385,0.0
2019-03-11,1,0,56,0.0,0.0,0.0,0.0,0.0
2019-03-11,1,0,57,0.0,0.0,0.0,0.0,0.0
2019-03-11,1,0,58,0.0,0.0,0.0,0.0,0.0
2019-03-11,1,0,59,0.0,0.0,0.0,0.0,0.0
2019-03-11,1,0,63,66.65,66.65,0.0,780.936,0.0
2019-03-11,1,0,64,78.41,78.41,0.0,918.727559,0.0
2019-03-11,1,0,65,2.93,2.93,0.0,27.901848,0.0
2019-03-11,1,0,67,0.0,0.0,0.0,0.0,0.0
2019-03-11,1,0,68,1.47,1.47,0.0,12.305397,0.0
2019-03-11,1,0,69,0.0,0.0,0.0,0.0,0.0
2019-03-11,1,0,74,23.81,23.81,0.0,220.488664,0.0
2019-03-11,1,0,77,53.1,53.1,0.0,421.975982,0.0
2019-03-11,1,0,78,40.14,40.14,0.0,318.985234,0.0
2019-03-11,1,0,79,23.23,23.23,0.0,184.604559,0.0
2019-03-11,1,0,80,37.57,37.57,0.0,298.561914,0.0
2019-03-11,1,0,81,49.12,49.12,0.0,390.347651,0.0
2019-03-11,1,0,82,34.65,34.65,0.0,275.357209,0.0
2019-03-11,1,0,83,77.26,77.26,0.0,613.971081,0.0
2019-03-11,1,0,84,0.0,0.0,0.0,0.0,0.0
2019-03-11,1,0,86,0.0,0.0,0.0,0.0,0.0
2019-03-11,1,0,87,0.0,0.0,0.0,0.0,0.0
2019-03-11,1,0,88,49.8,49.8,0.0,395.751486,0.0
2019-03-11,1,0,89,47.87,47.87,0.0,380.41413,0.0
2019-03-11,1,0,90,64.28,64.28,0.0,510.821396,0.0
2019-03-11,1,0,91,229.29,229.29,0.0,1822.125669,0.0
2019-03-11,1,0,92,82.46,82.46,0.0,655.294529,0.0
2019-03-11,1,0,95,72.91,72.91,0.0,850.618506,0.0
2019-03-11,1,0,96,23.13,23.13,0.0,195.981153,0.0
2019-03-11,1,0,97,142.24,142.24,0.0,1205.203594,0.0
2019-03-11,1,0,99,4.59,4.59,0.0,42.504955,0.0
2019-03-11,1,0,101,0.0,0.0,0.0,0.0,0.0
2019-03-11,1,0,102,3.49,3.49,0.0,29.214855,0.0
2019-03-11,1,0,103,3.03,3.03,0.0,25.364186,0.0
2019-03-11,1,0,104,0.56,0.56,0.0,4.68777,0.0
2019-03-11,1,0,106,0.0,0.0,0.0,0.0,0.0
2019-03-11,1,0,109,157.39,157.39,0.0,1410.348959,0.0
2019-03-11,1,0,110,9.16,9.16,0.0,97.251036,0.0
2019-03-11,1,0,111,0.0,0.0,0.0,0.0,0.0
2019-03-11,1,0,113,16.97,16.97,0.0,130.936252,0.0
2019-03-11,1,0,115,16.97,16.97,0.0,130.936252,0.0
2019-03-11,1,0,116,0.0,0.0,0.0,0.0,0.0
2019-03-11,1,0,117,1.16,1.16,0.0,8.950268,0.0
2019-03-11,1,0,119,78.41,78.41,0.0,918.727559,0.0
2019-03-11,1,0,120,46.1,46.1,0.0,540.152282,0.0
2019-03-11,1,0,123,0.0,0.0,0.0,0.0,0.0
2019-03-11,1,0,125,115.17,115.17,0.0,977.162859,0.0
2019-03-11,1,0,126,0.0,0.0,0.0,0.0,0.0
2019-03-11,1,0,127,0.0,0.0,0.0,0.0,0.0
2019-03-11,1,0,128,164.95,164.95,0.0,1399.522563,0.0
2019-03-11,1,0,131,7.02,7.02,0.0,57.728028,0.0
2019-03-11,1,0,132,10.32,10.32,0.0,84.865135,0.0
2019-03-11,1,0,133,20.43,20.43,0.0,194.765189,0.0
2019-03-11,1,0,134,0.0,0.0,0.0,0.0,0.0
2019-03-11,1,0,135,27.37,27.37,0.0,260.926247,0.0
2019-03-11,1,0,136,4.98,4.98,0.0,47.421001,0.0
2019-03-11,1,0,139,92.15,92.15,0.0,809.987785,0.0
2019-03-11,1,0,140,6.78,6.78,0.0,71.982754,0.0
2019-03-11,1,0,141,91.36,91.36,0.0,815.285852,0.0
2019-03-11,1,0,142,0.0,0.0,0.0,0.0,0.0
2019-03-11,1,0,143,238.49,238.49,0.0,2022.133837,0.0
2019-03-11,1,0,145,27.74,27.74,0.0,240.173781,0.0
2019-03-11,1,0,146,42.09,42.09,0.0,446.866388,0.0
2019-03-11,1,0,152,0.0,0.0,0.0,0.0,0.0
2019-03-11,1,0,153,0.0,0.0,0.0,0.0,0.0
2019-03-11,1,0,154,0.0,0.0,0.0,0.0,0.0
2019-03-11,1,0,157,76.9,76.9,0.0,686.246519,0.0
2019-03-11,1,0,158,0.0,0.0,0.0,0.0,0.0
2019-03-11,1,0,159,0.0,0.0,0.0,0.0,0.0
2019-03-11,1,0,160,0.0,0.0,0.0,0.0,0.0
2019-03-11,1,0,161,0.0,0.0,0.0,0.0,0.0
2019-03-11,1,0,162,27.69,27.69,0.0,323.109832,0.0
2019-03-11,1,0,163,39.22,39.22,0.0,416.395813,0.0
2019-03-11,1,0,164,0.0,0.0,0.0,0.0,0.0
2019-03-11,1,0,167,0.0,0.0,0.0,0.0,0.0
2019-03-11,1,0,168,0.0,0.0,0.0,0.0,0.0
2019-03-11,1,0,169,0.0,0.0,0.0,0.0,0.0
2019-03-11,1,0,170,0.0,0.0,0.0,0.0,0.0
2019-03-11,1,0,172,0.0,0.0,0.0,0.0,0.0
2019-03-11,1,0,173,0.0,0.0,0.0,0.0,0.0
2019-03-11,1,0,188,0.0,0.0,0.0,0.0,0.0
2019-03-11,1,0,190,0.0,0.0,0.0,0.0,0.0
2019-03-11,1,0,191,0.0,0.0,0.0,0.0,0.0
2019-03-11,1,0,192,26.31,26.31,0.0,308.273461,0.0
2019-03-11,1,0,194,89.27,89.27,0.0,632.802084,0.0
2019-03-11,1,0,196,0.0,0.0,0.0,0.0,0.0
2019-03-11,1,0,198,0.0,0.0,0.0,0.0,0.0
2019-03-11,1,0,199,78.42,78.42,0.0,672.730665,0.0
2019-03-11,1,0,200,0.0,0.0,0.0,0.0,0.0
2019-03-11,1,0,204,585.07,585.07,0.0,5226.443426,0.0
2019-03-11,1,0,205,832.58,832.58,0.0,7460.628608,0.0
2019-03-11,1,0,206,417.96,417.96,0.0,3541.387052,0.0
2019-03-11,1,0,210,0.0,0.0,0.0,0.0,0.0
2019-03-11,1,0,214,0.0,0.0,0.0,0.0,0.0
2019-03-11,1,0,217,0.0,0.0,0.0,0.0,0.0
2019-03-11,1,0,218,0.0,0.0,0.0,0.0,0.0
2019-03-11,1,0,219,0.0,0.0,0.0,0.0,0.0
2019-03-11,1,0,221,0.0,0.0,0.0,0.0,0.0
2019-03-11,1,0,225,0.0,0.0,0.0,0.0,0.0
2019-03-11,1,0,233,0.0,0.0,0.0,0.0,0.0
2019-03-11,1,0,236,26.52,26.52,0.0,249.295277,0.0
2019-03-11,1,0,237,57.11,57.11,0.0,528.857943,0.0
2019-03-11,1,0,238,0.0,0.0,0.0,0.0,0.0
2019-03-11,1,0,240,0.0,0.0,0.0,0.0,0.0
2019-03-11,1,0,245,8.99,8.99,0.0,86.012784,0.0
2019-03-11,1,0,247,15.33,15.33,0.0,146.671411,0.0
2019-03-11,1,0,248,5.73,5.73,0.0,53.061741,0.0
2019-03-11,1,0,249,17.28,17.28,0.0,165.328244,0.0
2019-03-11,1,0,251,27.6,27.6,0.0,262.395742,0.0
2019-03-11,1,0,252,18.91,18.91,0.0,180.076431,0.0
2019-03-11,1,0,254,0.0,0.0,0.0,0.0,0.0
2019-03-11,1,0,255,0.0,0.0,0.0,0.0,0.0
2019-03-11,1,0,258,0.0,0.0,0.0,0.0,0.0
2019-03-11,1,0,260,0.0,0.0,0.0,0.0,0.0
2019-03-11,1,0,265,0.0,0.0,0.0,0.0,0.0
2019-03-11,1,0,266,59.67,59.67,0.0,524.492361,0.0
2019-03-11,1,0,267,73.33,73.33,0.0,644.562173,0.0
2019-03-11,1,0,270,122.49,122.49,0.0,1300.467187,0.0
2019-03-11,1,0,272,56.59,56.59,0.0,436.634207,0.0
2019-03-11,1,0,273,0.0,0.0,0.0,0.0,0.0
2019-03-11,1,0,274,157.91,157.91,0.0,1676.518683,0.0
2019-03-11,1,0,275,219.81,219.81,0.0,2333.706363,0.0
2019-03-11,1,0,276,0.0,0.0,0.0,0.0,0.0
2019-03-11,1,0,277,0.0,0.0,0.0,0.0,0.0
2019-03-11,1,0,278,0.0,0.0,0.0,0.0,0.0
2019-03-11,1,0,279,46.7,46.7,0.0,364.6517,0.0
2019-03-11,1,0,281,34.73,34.73,0.0,294.472339,0.0
2019-03-11,1,0,282,0.0,0.0,0.0,0.0,0.0
2019-03-11,2,0,9,0.0,0.0,0.0,0.0,0.0
2019-03-11,2,0,17,0.0,0.0,0.0,0.0,0.0
2019-03-11,2,0,19,125.38,125.38,0.0,1154.376783,0.0
2019-03-11,2,0,20,152.06,152.06,0.0,1400.020208,0.0
2019-03-11,2,0,21,0.0,0.0,0.0,0.0,0.0
2019-03-11,2,0,22,0.0,0.0,0.0,0.0,0.0
2019-03-11,2,0,23,64.75,64.75,0.0,562.579184,0.0
2019-03-11,2,0,24,114.57,114.57,0.0,995.439337,0.0
2019-03-11,2,0,29,0.0,0.0,0.0,0.0,0.0
2019-03-11,2,0,30,0.0,0.0,0.0,0.0,0.0
2019-03-11,2,0,31,35.5,35.5,0.0,308.324361,0.0
2019-03-11,2,0,32,0.0,0.0,0.0,0.0,0.0
2019-03-11,2,0,33,0.0,0.0,0.0,0.0,0.0
2019-03-11,2,0,34,0.0,0.0,0.0,0.0,0.0
2019-03-11,2,0,35,0.0,0.0,0.0,0.0,0.0
2019-03-11,2,0,36,0.0,0.0,0.0,0.0,0.0
2019-03-11,2,0,37,0.0,0.0,0.0,0.0,0.0
2019-03-11,2,0,38,0.0,0.0,0.0,0.0,0.0
2019-03-11,2,0,39,0.0,0.0,0.0,0.0,0.0
2019-03-11,2,0,40,0.0,0.0,0.0,0.0,0.0
2019-03-11,2,0,41,65.47,65.47,0.0,580.048489,0.0
2019-03-11,2,0,42,0.0,0.0,0.0,0.0,0.0
2019-03-11,2,0,43,0.0,0.0,0.0,0.0,0.0
2019-03-11,2,0,46,0.0,0.0,0.0,0.0,0.0
2019-03-11,2,0,52,37.63,37.63,0.0,326.823823,0.0
2019-03-11,2,0,53,59.77,59.77,0.0,519.114002,0.0
2019-03-11,2,0,55,522.3,522.3,0.0,4537.993941,0.0
2019-03-11,2,0,56,0.0,0.0,0.0,0.0,0.0
2019-03-11,2,0,57,0.0,0.0,0.0,0.0,0.0
2019-03-11,2,0,58,0.0,0.0,0.0,0.0,0.0
2019-03-11,2,0,59,0.0,0.0,0.0,0.0,0.0
2019-03-11,2,0,63,80.37,80.37,0.0,943.473613,0.0
2019-03-11,2,0,64,94.56,94.56,0.0,1110.051821,0.0
2019-03-11,2,0,65,3.18,3.18,0.0,29.266652,0.0
2019-03-11,2,0,67,0.0,0.0,0.0,0.0,0.0
2019-03-11,2,0,68,1.86,1.86,0.0,16.295958,0.0
2019-03-11,2,0,69,0.0,0.0,0.0,0.0,0.0
2019-03-11,2,0,74,23.39,23.39,0.0,212.825693,0.0
2019-03-11,2,0,77,66.06,66.06,0.0,553.078778,0.0
2019-03-11,2,0,78,49.94,49.94,0.0,418.116169,0.0
2019-03-11,2,0,79,28.9,28.9,0.0,241.9615,0.0
2019-03-11,2,0,80,46.74,46.74,0.0,391.324585,0.0
2019-03-11,2,0,81,61.1,61.1,0.0,511.551821,0.0
2019-03-11,2,0,82,43.1,43.1,0.0,360.849157,0.0
2019-03-11,2,0,83,96.11,96.11,0.0,804.668503,0.0
2019-03-11,2,0,84,0.0,0.0,0.0,0.0,0.0
2019-03-11,2,0,86,0.0,0.0,0.0,0.0,0.0
2019-03-11,2,0,87,0.0,0.0,0.0,0.0,0.0
2019-03-11,2,0,88,58.85,58.85,0.0,492.713988,0.0
2019-03-11,2,0,89,56.57,56.57,0.0,473.624984,0.0
2019-03-11,2,0,90,75.96,75.96,0.0,635.965243,0.0
2019-03-11,2,0,91,270.97,270.97,0.0,2268.661162,0.0
2019-03-11,2,0,92,97.45,97.45,0.0,815.887479,0.0
2019-03-11,2,0,95,36.0,36.0,0.0,421.336731,0.0
2019-03-11,2,0,96,22.32,22.32,0.0,193.776809,0.0
2019-03-11,2,0,97,137.28,137.28,0.0,1191.831553,0.0
2019-03-11,2,0,99,4.51,4.51,0.0,41.036506,0.0
2019-03-11,2,0,101,0.0,0.0,0.0,0.0,0.0
2019-03-11,2,0,102,4.41,4.41,0.0,38.637192,0.0
2019-03-11,2,0,103,3.83,3.83,0.0,33.555656,0.0
2019-03-11,2,0,104,0.71,0.71,0.0,6.2205,0.0
2019-03-11,2,0,106,0.0,0.0,0.0,0.0,0.0
2019-03-11,2,0,109,132.1,132.1,0.0,1185.31412,0.0
2019-03-11,2,0,110,12.76,12.76,0.0,137.327772,0.0
2019-03-11,2,0,111,0.0,0.0,0.0,0.0,0.0
2019-03-11,2,0,113,21.31,21.31,0.0,174.793204,0.0
2019-03-11,2,0,115,21.31,21.31,0.0,174.793204,0.0
2019-03-11,2,0,116,0.0,0.0,0.0,0.0,0.0
2019-03-11,2,0,117,1.14,1.14,0.0,9.350739,0.0
2019-03-11,2,0,119,94.56,94.56,0.0,1110.051821,0.0
2019-03-11,2,0,120,55.6,55.6,0.0,652.695445,0.0
2019-03-11,2,0,123,0.0,0.0,0.0,0.0,0.0
2019-03-11,2,0,125,103.68,103.68,0.0,900.821773,0.0
2019-03-11,2,0,126,0.0,0.0,0.0,0.0,0.0
2019-03-11,2,0,127,0.0,0.0,0.0,0.0,0.0
2019-03-11,2,0,128,148.49,148.49,0.0,1290.152633,0.0
2019-03-11,2,0,131,8.92,8.92,0.0,76.977011,0.0
2019-03-11,2,0,132,13.11,13.11,0.0,113.135495,0.0
2019-03-11,2,0,133,20.07,20.07,0.0,184.791939,0.0
2019-03-11,2,0,134,0.0,0.0,0.0,0.0,0.0
2019-03-11,2,0,135,26.89,26.89,0.0,247.586211,0.0
2019-03-11,2,0,136,5.18,5.18,0.0,47.672306,0.0
2019-03-11,2,0,139,84.55,84.55,0.0,749.09271,0.0
2019-03-11,2,0,140,9.45,9.45,0.0,101.704345,0.0
2019-03-11,2,0,141,87.84,87.84,0.0,812.859734,0.0
2019-03-11,2,0,142,0.0,0.0,0.0,0.0,0.0
2019-03-11,2,0,143,107.77,107.77,0.0,936.003279,0.0
2019-03-11,2,0,145,25.25,25.25,0.0,221.997212,0.0
2019-03-11,2,0,146,37.72,37.72,0.0,405.956391,0.0
2019-03-11,2,0,152,0.0,0.0,0.0,0.0,0.0
2019-03-11,2,0,153,0.0,0.0,0.0,0.0,0.0
2019-03-11,2,0,154,0.0,0.0,0.0,0.0,0.0
2019-03-11,2,0,157,65.93,65.93,0.0,610.107494,0.0
2019-03-11,2,0,158,0.0,0.0,0.0,0.0,0.0
2019-03-11,2,0,159,0.0,0.0,0.0,0.0,0.0
2019-03-11,2,0,160,0.0,0.0,0.0,0.0,0.0
2019-03-11,2,0,161,0.0,0.0,0.0,0.0,0.0
2019-03-11,2,0,162,38.27,38.27,0.0,447.97025,0.0
2019-03-11,2,0,163,41.12,41.12,0.0,442.548431,0.0
2019-03-11,2,0,164,0.0,0.0,0.0,0.0,0.0
2019-03-11,2,0,167,0.0,0.0,0.0,0.0,0.0
2019-03-11,2,0,168,0.0,0.0,0.0,0.0,0.0
2019-03-11,2,0,169,0.0,0.0,0.0,0.0,0.0
2019-03-11,2,0,170,0.0,0.0,0.0,0.0,0.0
2019-03-11,2,0,172,0.0,0.0,0.0,0.0,0.0
2019-03-11,2,0,173,0.0,0.0,0.0,0.0,0.0
2019-03-11,2,0,188,0.0,0.0,0.0,0.0,0.0
2019-03-11,2,0,190,0.0,0.0,0.0,0.0,0.0
2019-03-11,2,0,191,0.0,0.0,0.0,0.0,0.0
2019-03-11,2,0,192,33.44,33.44,0.0,392.556397,0.0
2019-03-11,2,0,194,91.16,91.16,0.0,699.84908,0.0
2019-03-11,2,0,196,0.0,0.0,0.0,0.0,0.0
2019-03-11,2,0,198,0.0,0.0,0.0,0.0,0.0
2019-03-11,2,0,199,25.01,25.01,0.0,228.116508,0.0
2019-03-11,2,0,200,0.0,0.0,0.0,0.0,0.0
2019-03-11,2,0,204,489.82,489.82,0.0,4388.732341,0.0
2019-03-11,2,0,205,648.49,648.49,0.0,5818.806611,0.0
2019-03-11,2,0,206,403.38,403.38,0.0,3502.046999,0.0
2019-03-11,2,0,210,0.0,0.0,0.0,0.0,0.0
2019-03-11,2,0,214,0.0,0.0,0.0,0.0,0.0
2019-03-11,2,0,217,0.0,0.0,0.0,0.0,0.0
2019-03-11,2,0,218,0.0,0.0,0.0,0.0,0.0
2019-03-11,2,0,219,0.0,0.0,0.0,0.0,0.0
2019-03-11,2,0,221,0.0,0.0,0.0,0.0,0.0
2019-03-11,2,0,225,0.0,0.0,0.0,0.0,0.0
2019-03-11,2,0,233,0.0,0.0,0.0,0.0,0.0
2019-03-11,2,0,236,25.57,25.57,0.0,234.141374,0.0
2019-03-11,2,0,237,56.1,56.1,0.0,510.454098,0.0
2019-03-11,2,0,238,0.0,0.0,0.0,0.0,0.0
2019-03-11,2,0,240,0.0,0.0,0.0,0.0,0.0
2019-03-11,2,0,245,9.24,9.24,0.0,85.197787,0.0
2019-03-11,2,0,247,16.08,16.08,0.0,148.26628,0.0
2019-03-11,2,0,248,5.63,5.63,0.0,51.22739,0.0
2019-03-11,2,0,249,17.77,17.77,0.0,163.848992,0.0
2019-03-11,2,0,251,26.95,26.95,0.0,247.867655,0.0
2019-03-11,2,0,252,20.52,20.52,0.0,188.852736,0.0
2019-03-11,2,0,254,0.0,0.0,0.0,0.0,0.0
2019-03-11,2,0,255,0.0,0.0,0.0,0.0,0.0
2019-03-11,2,0,258,0.0,0.0,0.0,0.0,0.0
2019-03-11,2,0,260,0.0,0.0,0.0,0.0,0.0
2019-03-11,2,0,265,0.0,0.0,0.0,0.0,0.0
2019-03-11,2,0,266,54.75,54.75,0.0,485.071861,0.0
2019-03-11,2,0,267,67.28,67.28,0.0,596.084654,0.0
2019-03-11,2,0,270,128.42,128.42,0.0,1382.102857,0.0
2019-03-11,2,0,272,91.91,91.91,0.0,753.882843,0.0
2019-03-11,2,0,273,0.0,0.0,0.0,0.0,0.0
2019-03-11,2,0,274,165.56,165.56,0.0,1781.817077,0.0
2019-03-11,2,0,275,230.46,230.46,0.0,2480.294538,0.0
2019-03-11,2,0,276,0.0,0.0,0.0,0.0,0.0
2019-03-11,2,0,277,0.0,0.0,0.0,0.0,0.0
2019-03-11,2,0,278,0.0,0.0,0.0,0.0,0.0
2019-03-11,2,0,279,54.48,54.48,0.0,450.579319,0.0
2019-03-11,2,0,281,15.93,15.93,0.0,138.355129,0.0
2019-03-11,2,0,282,0.0,0.0,0.0,0.0,0.0
2019-03-11,3,0,9,0.0,0.0,0.0,0.0,0.0
2019-03-11,3,0,17,0.0,0.0,0.0,0.0,0.0
2019-03-11,3,0,19,117.96,117.96,0.0,1134.556536,0.0
2019-03-11,3,0,20,143.06,143.06,0.0,1375.972008,0.0
2019-03-11,3,0,21,0.0,0.0,0.0,0.0,0.0
2019-03-11,3,0,22,0.0,0.0,0.0,0.0,0.0
2019-03-11,3,0,23,58.39,58.39,0.0,526.592069,0.0
2019-03-11,3,0,24,103.31,103.31,0.0,931.704516,0.0
2019-03-11,3,0,29,0.0,0.0,0.0,0.0,0.0
2019-03-11,3,0,30,0.0,0.0,0.0,0.0,0.0
2019-03-11,3,0,31,25.53,25.53,0.0,230.153094,0.0
2019-03-11,3,0,32,0.0,0.0,0.0,0.0,0.0
2019-03-11,3,0,33,0.0,0.0,0.0,0.0,0.0
2019-03-11,3,0,34,0.0,0.0,0.0,0.0,0.0
2019-03-11,3,0,35,0.0,0.0,0.0,0.0,0.0
2019-03-11,3,0,36,0.0,0.0,0.0,0.0,0.0
2019-03-11,3,0,37,0.0,0.0,0.0,0.0,0.0
2019-03-11,3,0,38,0.0,0.0,0.0,0.0,0.0
2019-03-11,3,0,39,0.0,0.0,0.0,0.0,0.0
2019-03-11,3,0,40,0.0,0.0,0.0,0.0,0.0
2019-03-11,3,0,41,62.28,62.28,0.0,573.323551,0.0
2019-03-11,3,0,42,0.0,0.0,0.0,0.0,0.0
2019-03-11,3,0,43,0.0,0.0,0.0,0.0,0.0
2019-03-11,3,0,46,0.0,0.0,0.0,0.0,0.0
2019-03-11,3,0,52,27.06,27.06,0.0,243.946053,0.0
2019-03-11,3,0,53,42.99,42.99,0.0,387.555092,0.0
2019-03-11,3,0,55,398.32,398.32,0.0,3592.261571,0.0
2019-03-11,3,0,56,0.0,0.0,0.0,0.0,0.0
2019-03-11,3,0,57,0.0,0.0,0.0,0.0,0.0
2019-03-11,3,0,58,0.0,0.0,0.0,0.0,0.0
2019-03-11,3,0,59,0.0,0.0,0.0,0.0,0.0
2019-03-11,3,0,63,98.95,98.95,0.0,1163.077883,0.0
2019-03-11,3,0,64,116.41,116.41,0.0,1368.306178,0.0
2019-03-11,3,0,65,3.44,3.44,0.0,33.069807,0.0
2019-03-11,3,0,67,0.0,0.0,0.0,0.0,0.0
2019-03-11,3,0,68,2.31,2.31,0.0,20.864655,0.0
2019-03-11,3,0,69,0.0,0.0,0.0,0.0,0.0
2019-03-11,3,0,74,23.3,23.3,0.0,220.854082,0.0
2019-03-11,3,0,77,81.99,81.99,0.0,711.697685,0.0
2019-03-11,3,0,78,61.99,61.99,0.0,538.091713,0.0
2019-03-11,3,0,79,35.87,35.87,0.0,311.362312,0.0
2019-03-11,3,0,80,58.01,58.01,0.0,503.544124,0.0
2019-03-11,3,0,81,75.84,75.84,0.0,658.313849,0.0
2019-03-11,3,0,82,53.5,53.5,0.0,464.395977,0.0
2019-03-11,3,0,83,119.3,119.3,0.0,1035.559628,0.0
2019-03-11,3,0,84,0.0,0.0,0.0,0.0,0.0
2019-03-11,3,0,86,0.0,0.0,0.0,0.0,0.0
2019-03-11,3,0,87,0.0,0.0,0.0,0.0,0.0
2019-03-11,3,0,88,69.35,69.35,0.0,601.978711,0.0
2019-03-11,3,0,89,66.67,66.67,0.0,578.71551,0.0
2019-03-11,3,0,90,89.51,89.51,0.0,776.973531,0.0
2019-03-11,3,0,91,319.31,319.31,0.0,2771.706158,0.0
2019-03-11,3,0,92,114.84,114.84,0.0,996.845496,0.0
2019-03-11,3,0,95,36.0,36.0,0.0,421.885738,0.0
2019-03-11,3,0,96,21.74,21.74,0.0,195.906107,0.0
2019-03-11,3,0,97,133.66,133.66,0.0,1204.453097,0.0
2019-03-11,3,0,99,4.5,4.5,0.0,42.654222,0.0
2019-03-11,3,0,101,0.0,0.0,0.0,0.0,0.0
2019-03-11,3,0,102,5.48,5.48,0.0,49.497104,0.0
2019-03-11,3,0,103,4.76,4.76,0.0,42.993835,0.0
2019-03-11,3,0,104,0.88,0.88,0.0,7.94844,0.0
2019-03-11,3,0,106,0.0,0.0,0.0,0.0,0.0
2019-03-11,3,0,109,116.37,116.37,0.0,1084.662539,0.0
2019-03-11,3,0,110,17.44,17.44,0.0,189.410813,0.0
2019-03-11,3,0,111,0.0,0.0,0.0,0.0,0.0
2019-03-11,3,0,113,20.52,20.52,0.0,174.70962,0.0
2019-03-11,3,0,115,20.52,20.52,0.0,174.70962,0.0
2019-03-11,3,0,116,0.0,0.0,0.0,0.0,0.0
2019-03-11,3,0,117,1.05,1.05,0.0,8.93982,0.0
2019-03-11,3,0,119,116.41,116.41,0.0,1368.306178,0.0
2019-03-11,3,0,120,68.45,68.45,0.0,804.574847,0.0
2019-03-11,3,0,123,0.0,0.0,0.0,0.0,0.0
2019-03-11,3,0,125,93.49,93.49,0.0,843.142534,0.0
2019-03-11,3,0,126,0.0,0.0,0.0,0.0,0.0
2019-03-11,3,0,127,0.0,0.0,0.0,0.0,0.0
2019-03-11,3,0,128,133.9,133.9,0.0,1207.581403,0.0
2019-03-11,3,0,131,11.18,11.18,0.0,99.637435,0.0
2019-03-11,3,0,132,16.43,16.43,0.0,146.426033,0.0
2019-03-11,3,0,133,11.21,11.21,0.0,107.824521,0.0
2019-03-11,3,0,134,0.0,0.0,0.0,0.0,0.0
2019-03-11,3,0,135,15.0,15.0,0.0,144.279021,0.0
2019-03-11,3,0,136,5.37,5.37,0.0,51.622082,0.0
2019-03-11,3,0,139,80.42,80.42,0.0,740.312781,0.0
2019-03-11,3,0,140,12.9,12.9,0.0,140.103182,0.0
2019-03-11,3,0,141,86.19,86.19,0.0,817.288441,0.0
2019-03-11,3,0,142,0.0,0.0,0.0,0.0,0.0
2019-03-11,3,0,143,44.44,44.44,0.0,400.62685,0.0
2019-03-11,3,0,145,22.94,22.94,0.0,209.409588,0.0
2019-03-11,3,0,146,33.66,33.66,0.0,365.571558,0.0
2019-03-11,3,0,152,0.0,0.0,0.0,0.0,0.0
2019-03-11,3,0,153,0.0,0.0,0.0,0.0,0.0
2019-03-11,3,0,154,0.0,0.0,0.0,0.0,0.0
2019-03-11,3,0,157,55.79,55.79,0.0,529.023345,0.0
2019-03-11,3,0,158,0.0,0.0,0.0,0.0,0.0
2019-03-11,3,0,159,0.0,0.0,0.0,0.0,0.0
2019-03-11,3,0,160,0.0,0.0,0.0,0.0,0.0
2019-03-11,3,0,161,0.0,0.0,0.0,0.0,0.0
2019-03-11,3,0,162,48.75,48.75,0.0,571.382975,0.0
2019-03-11,3,0,163,43.59,43.59,0.0,473.418426,0.0
2019-03-11,3,0,164,0.0,0.0,0.0,0.0,0.0
2019-03-11,3,0,167,0.0,0.0,0.0,0.0,0.0
2019-03-11,3,0,168,0.0,0.0,0.0,0.0,0.0
2019-03-11,3,0,169,0.0,0.0,0.0,0.0,0.0
2019-03-11,3,0,170,0.0,0.0,0.0,0.0,0.0
2019-03-11,3,0,172,0.0,0.0,0.0,0.0,0.0
2019-03-11,3,0,173,0.0,0.0,0.0,0.0,0.0
2019-03-11,3,0,188,0.0,0.0,0.0,0.0,0.0
2019-03-11,3,0,190,0.0,0.0,0.0,0.0,0.0
2019-03-11,3,0,191,0.0,0.0,0.0,0.0,0.0
2019-03-11,3,0,192,42.21,42.21,0.0,496.144694,0.0
2019-03-11,3,0,194,94.01,94.01,0.0,754.3397,0.0
2019-03-11,3,0,196,0.0,0.0,0.0,0.0,0.0
2019-03-11,3,0,198,0.0,0.0,0.0,0.0,0.0
2019-03-11,3,0,199,19.19,19.19,0.0,178.620953,0.0
2019-03-11,3,0,200,0.0,0.0,0.0,0.0,0.0
2019-03-11,3,0,204,406.98,406.98,0.0,3787.101445,0.0
2019-03-11,3,0,205,615.62,615.62,0.0,5738.076414,0.0
2019-03-11,3,0,206,392.77,392.77,0.0,3539.376349,0.0
2019-03-11,3,0,210,0.0,0.0,0.0,0.0,0.0
2019-03-11,3,0,214,0.0,0.0,0.0,0.0,0.0
2019-03-11,3,0,217,0.0,0.0,0.0,0.0,0.0
2019-03-11,3,0,218,0.0,0.0,0.0,0.0,0.0
2019-03-11,3,0,219,0.0,0.0,0.0,0.0,0.0
2019-03-11,3,0,221,0.0,0.0,0.0,0.0,0.0
2019-03-11,3,0,225,0.0,0.0,0.0,0.0,0.0
2019-03-11,3,0,233,0.0,0.0,0.0,0.0,0.0
2019-03-11,3,0,236,25.15,25.15,0.0,240.228931,0.0
2019-03-11,3,0,237,55.9,55.9,0.0,529.860221,0.0
2019-03-11,3,0,238,0.0,0.0,0.0,0.0,0.0
2019-03-11,3,0,240,0.0,0.0,0.0,0.0,0.0
2019-03-11,3,0,245,9.57,9.57,0.0,92.215649,0.0
2019-03-11,3,0,247,16.9,16.9,0.0,162.846861,0.0
2019-03-11,3,0,248,5.61,5.61,0.0,53.175596,0.0
2019-03-11,3,0,249,18.4,18.4,0.0,177.300725,0.0
2019-03-11,3,0,251,26.55,26.55,0.0,255.022979,0.0
2019-03-11,3,0,252,22.19,22.19,0.0,213.31948,0.0
2019-03-11,3,0,254,0.0,0.0,0.0,0.0,0.0
2019-03-11,3,0,255,0.0,0.0,0.0,0.0,0.0
2019-03-11,3,0,258,0.0,0.0,0.0,0.0,0.0
2019-03-11,3,0,260,0.0,0.0,0.0,0.0,0.0
2019-03-11,3,0,265,0.0,0.0,0.0,0.0,0.0
2019-03-11,3,0,266,52.08,52.08,0.0,479.426631,0.0
2019-03-11,3,0,267,64.0,64.0,0.0,589.15715,0.0
2019-03-11,3,0,270,136.14,136.14,0.0,1478.5773,0.0
2019-03-11,3,0,272,83.81,83.81,0.0,713.567899,0.0
2019-03-11,3,0,273,0.0,0.0,0.0,0.0,0.0
2019-03-11,3,0,274,175.5,175.5,0.0,1906.054915,0.0
2019-03-11,3,0,275,244.3,244.3,0.0,2653.271885,0.0
2019-03-11,3,0,276,0.0,0.0,0.0,0.0,0.0
2019-03-11,3,0,277,0.0,0.0,0.0,0.0,0.0
2019-03-11,3,0,278,0.0,0.0,0.0,0.0,0.0
2019-03-11,3,0,279,62.95,62.95,0.0,540.157591,0.0
2019-03-11,3,0,281,11.46,11.46,0.0,103.311965,0.0
2019-03-11,3,0,282,0.0,0.0,0.0,0.0,0.0
2019-03-11,4,0,9,0.0,0.0,0.0,0.0,0.0
2019-03-11,4,0,17,0.0,0.0,0.0,0.0,0.0
2019-03-11,4,0,19,112.67,112.67,0.0,1241.254559,0.0
2019-03-11,4,0,20,136.65,136.65,0.0,1505.435657,0.0
2019-03-11,4,0,21,0.0,0.0,0.0,0.0,0.0
2019-03-11,4,0,22,0.0,0.0,0.0,0.0,0.0
2019-03-11,4,0,23,48.03,48.03,0.0,282.076011,0.0
2019-03-11,4,0,24,79.37,79.37,0.0,466.133104,0.0
2019-03-11,4,0,29,0.0,0.0,0.0,0.0,0.0
2019-03-11,4,0,30,0.0,0.0,0.0,0.0,0.0
2019-03-11,4,0,31,17.75,17.75,0.0,103.719641,0.0
2019-03-11,4,0,32,0.0,0.0,0.0,-0.0,0.0
2019-03-11,4,0,33,0.0,0.0,0.0,0.0,0.0
2019-03-11,4,0,34,0.0,0.0,0.0,0.0,0.0
2019-03-11,4,0,35,0.0,0.0,0.0,0.0,0.0
2019-03-11,4,0,36,0.0,0.0,0.0,0.0,0.0
2019-03-11,4,0,37,0.0,0.0,0.0,0.0,0.0
2019-03-11,4,0,38,0.0,0.0,0.0,0.0,0.0
2019-03-11,4,0,39,0.0,0.0,0.0,0.0,0.0
2019-03-11,4,0,40,0.0,0.0,0.0,0.0,0.0
2019-03-11,4,0,41,60.97,60.97,0.0,454.213498,0.0
2019-03-11,4,0,42,0.0,0.0,0.0,0.0,0.0
2019-03-11,4,0,43,0.0,0.0,0.0,0.0,0.0
2019-03-11,4,0,46,0.0,0.0,0.0,0.0,0.0
2019-03-11,4,0,52,18.82,18.82,0.0,109.972037,0.0
2019-03-11,4,0,53,29.9,29.9,0.0,174.716466,0.0
2019-03-11,4,0,55,299.67,299.67,0.0,1759.935837,0.0
2019-03-11,4,0,56,0.0,0.0,0.0,0.0,0.0
2019-03-11,4,0,57,0.0,0.0,0.0,0.0,0.0
2019-03-11,4,0,58,0.0,0.0,0.0,0.0,0.0
2019-03-11,4,0,59,0.0,0.0,0.0,0.0,0.0
2019-03-11,4,0,63,121.61,121.61,0.0,2271.443455,0.0
2019-03-11,4,0,64,143.07,143.07,0.0,2672.27543,0.0
2019-03-11,4,0,65,3.72,3.72,0.0,40.822634,0.0
2019-03-11,4,0,67,0.0,0.0,0.0,0.0,0.0
2019-03-11,4,0,68,2.83,2.83,0.0,12.913725,0.0
2019-03-11,4,0,69,0.0,0.0,0.0,0.0,0.0
2019-03-11,4,0,74,23.57,23.57,0.0,230.609844,0.0
2019-03-11,4,0,77,101.26,101.26,0.0,307.844545,0.0
2019-03-11,4,0,78,76.55,76.55,0.0,232.722693,0.0
2019-03-11,4,0,79,44.3,44.3,0.0,134.678188,0.0
2019-03-11,4,0,80,71.64,71.64,0.0,217.795608,0.0
2019-03-11,4,0,81,93.67,93.67,0.0,284.769885,0.0
2019-03-11,4,0,82,66.07,66.07,0.0,200.862029,0.0
2019-03-11,4,0,83,147.33,147.33,0.0,447.903781,0.0
2019-03-11,4,0,84,0.0,0.0,0.0,0.0,0.0
2019-03-11,4,0,86,0.0,0.0,0.0,0.0,0.0
2019-03-11,4,0,87,0.0,0.0,0.0,0.0,0.0
2019-03-11,4,0,88,81.74,81.74,0.0,248.501018,0.0
2019-03-11,4,0,89,78.57,78.57,0.0,238.863776,0.0
2019-03-11,4,0,90,105.5,105.5,0.0,320.734737,0.0
2019-03-11,4,0,91,376.34,376.34,0.0,1144.126172,0.0
2019-03-11,4,0,92,135.35,135.35,0.0,411.482907,0.0
2019-03-11,4,0,95,84.17,84.17,0.0,8073.508049,0.0
2019-03-11,4,0,96,21.27,21.27,0.0,123.63133,0.0
2019-03-11,4,0,97,130.83,130.83,0.0,760.446021,0.0
2019-03-11,4,0,99,4.55,4.55,0.0,44.517386,0.0
2019-03-11,4,0,101,0.0,0.0,0.0,0.0,0.0
2019-03-11,4,0,102,6.7,6.7,0.0,30.57313,0.0
2019-03-11,4,0,103,5.82,5.82,0.0,26.557555,0.0
2019-03-11,4,0,104,1.08,1.08,0.0,4.928206,0.0
2019-03-11,4,0,106,0.0,0.0,0.0,0.0,0.0
2019-03-11,4,0,109,99.66,99.66,0.0,837.055527,0.0
2019-03-11,4,0,110,22.76,22.76,0.0,294.107599,0.0
2019-03-11,4,0,111,0.0,0.0,0.0,0.0,0.0
2019-03-11,4,0,113,13.37,13.37,0.0,26.697814,0.0
2019-03-11,4,0,115,13.37,13.37,0.0,26.697814,0.0
2019-03-11,4,0,116,0.0,0.0,0.0,0.0,0.0
2019-03-11,4,0,117,0.89,0.89,0.0,1.777192,0.0
2019-03-11,4,0,119,143.07,143.07,0.0,2672.27543,0.0
2019-03-11,4,0,120,84.12,84.12,0.0,1571.201574,0.0
2019-03-11,4,0,123,0.0,0.0,0.0,0.0,0.0
2019-03-11,4,0,125,72.83,72.83,0.0,427.724253,0.0
2019-03-11,4,0,126,0.0,0.0,0.0,0.0,0.0
2019-03-11,4,0,127,0.0,0.0,0.0,0.0,0.0
2019-03-11,4,0,128,98.91,98.91,0.0,580.889824,0.0
2019-03-11,4,0,131,13.82,13.82,0.0,55.468081,0.0
2019-03-11,4,0,132,20.32,20.32,0.0,81.556542,0.0
2019-03-11,4,0,133,15.82,15.82,0.0,174.348553,0.0
2019-03-11,4,0,134,0.0,0.0,0.0,0.0,0.0
2019-03-11,4,0,135,21.83,21.83,0.0,240.583369,0.0
2019-03-11,4,0,136,5.55,5.55,0.0,60.891666,0.0
2019-03-11,4,0,139,78.73,78.73,0.0,586.52171,0.0
2019-03-11,4,0,140,16.85,16.85,0.0,217.737831,0.0
2019-03-11,4,0,141,85.72,85.72,0.0,567.538339,0.0
2019-03-11,4,0,142,0.0,0.0,0.0,0.0,0.0
2019-03-11,4,0,143,33.88,33.88,0.0,197.973039,0.0
2019-03-11,4,0,145,20.87,20.87,0.0,141.764022,0.0
2019-03-11,4,0,146,30.19,30.19,0.0,390.118999,0.0
2019-03-11,4,0,152,0.0,0.0,0.0,0.0,0.0
2019-03-11,4,0,153,0.0,0.0,0.0,0.0,0.0
2019-03-11,4,0,154,0.0,0.0,0.0,0.0,0.0
2019-03-11,4,0,157,46.61,46.61,0.0,308.597316,0.0
2019-03-11,4,0,158,0.0,0.0,0.0,0.0,0.0
2019-03-11,4,0,159,0.0,0.0,0.0,0.0,0.0
2019-03-11,4,0,160,0.0,0.0,0.0,0.0,0.0
2019-03-11,4,0,161,0.0,0.0,0.0,0.0,0.0
2019-03-11,4,0,162,48.75,48.75,0.0,4679.399827,0.0
2019-03-11,4,0,163,46.19,46.19,0.0,596.873023,0.0
2019-03-11,4,0,164,0.0,0.0,0.0,0.0,0.0
2019-03-11,4,0,167,0.0,0.0,0.0,0.0,0.0
2019-03-11,4,0,168,0.0,0.0,0.0,0.0,0.0
2019-03-11,4,0,169,0.0,0.0,0.0,0.0,0.0
2019-03-11,4,0,170,0.0,0.0,0.0,0.0,0.0
2019-03-11,4,0,172,0.0,0.0,0.0,0.0,0.0
2019-03-11,4,0,173,0.0,0.0,0.0,0.0,0.0
2019-03-11,4,0,188,0.0,0.0,0.0,0.0,0.0
2019-03-11,4,0,190,0.0,0.0,0.0,0.0,0.0
2019-03-11,4,0,191,0.0,0.0,0.0,0.0,0.0
2019-03-11,4,0,192,52.6,52.6,0.0,982.467936,0.0
2019-03-11,4,0,194,97.32,97.32,0.0,-49.45946,0.0
2019-03-11,4,0,196,0.0,0.0,0.0,0.0,0.0
2019-03-11,4,0,198,0.0,0.0,0.0,0.0,0.0
2019-03-11,4,0,199,14.41,14.41,0.0,119.778985,0.0
2019-03-11,4,0,200,0.0,0.0,0.0,0.0,0.0
2019-03-11,4,0,204,335.03,335.03,0.0,2769.224447,0.0
2019-03-11,4,0,205,527.23,527.23,0.0,4428.26395,0.0
2019-03-11,4,0,206,384.43,384.43,0.0,2234.489519,0.0
2019-03-11,4,0,210,0.0,0.0,0.0,0.0,0.0
2019-03-11,4,0,214,0.0,0.0,0.0,0.0,0.0
2019-03-11,4,0,217,0.0,0.0,0.0,0.0,0.0
2019-03-11,4,0,218,0.0,0.0,0.0,0.0,0.0
2019-03-11,4,0,219,0.0,0.0,0.0,0.0,0.0
2019-03-11,4,0,221,0.0,0.0,0.0,0.0,0.0
2019-03-11,4,0,225,0.0,0.0,0.0,0.0,0.0
2019-03-11,4,0,233,0.0,0.0,0.0,0.0,0.0
2019-03-11,4,0,236,25.14,25.14,0.0,262.135464,0.0
2019-03-11,4,0,237,56.54,56.54,0.0,553.189671,0.0
2019-03-11,4,0,238,0.0,0.0,0.0,0.0,0.0
2019-03-11,4,0,240,0.0,0.0,0.0,0.0,0.0
2019-03-11,4,0,245,9.97,9.97,0.0,111.409584,0.0
2019-03-11,4,0,247,17.71,17.71,0.0,197.900073,0.0
2019-03-11,4,0,248,5.68,5.68,0.0,55.573352,0.0
2019-03-11,4,0,249,19.17,19.17,0.0,214.214816,0.0
2019-03-11,4,0,251,26.2,26.2,0.0,285.66887,0.0
2019-03-11,4,0,252,24.01,24.01,0.0,263.481574,0.0
2019-03-11,4,0,254,0.0,0.0,0.0,0.0,0.0
2019-03-11,4,0,255,0.0,0.0,0.0,0.0,0.0
2019-03-11,4,0,258,0.0,0.0,0.0,0.0,0.0
2019-03-11,4,0,260,0.0,0.0,0.0,0.0,0.0
2019-03-11,4,0,265,0.0,0.0,0.0,0.0,0.0
2019-03-11,4,0,266,50.98,50.98,0.0,379.790128,0.0
2019-03-11,4,0,267,62.65,62.65,0.0,466.729139,0.0
2019-03-11,4,0,270,144.25,144.25,0.0,1864.016747,0.0
2019-03-11,4,0,272,44.69,44.69,0.0,89.238991,0.0
2019-03-11,4,0,273,0.0,0.0,0.0,0.0,0.0
2019-03-11,4,0,274,185.96,185.96,0.0,2402.998643,0.0
2019-03-11,4,0,275,258.85,258.85,0.0,3344.892444,0.0
2019-03-11,4,0,276,0.0,0.0,0.0,0.0,0.0
2019-03-11,4,0,277,0.0,0.0,0.0,0.0,0.0
2019-03-11,4,0,278,0.0,0.0,0.0,0.0,0.0
2019-03-11,4,0,279,72.26,72.26,0.0,174.516464,0.0
2019-03-11,4,0,281,7.97,7.97,0.0,46.57158,0.0
2019-03-11,4,0,282,0.0,0.0,0.0,0.0,0.0
2019-03-11,5,0,9,0.0,0.0,0.0,0.0,0.0
2019-03-11,5,0,17,0.0,0.0,0.0,0.0,0.0
2019-03-11,5,0,19,100.09,100.09,0.0,990.538153,0.0
2019-03-11,5,0,20,121.39,121.39,0.0,1201.333064,0.0
2019-03-11,5,0,21,0.0,0.0,0.0,0.0,0.0
2019-03-11,5,0,22,0.0,0.0,0.0,0.0,0.0
2019-03-11,5,0,23,36.75,36.75,0.0,293.013272,0.0
2019-03-11,5,0,24,65.03,65.03,0.0,518.493962,0.0
2019-03-11,5,0,29,0.0,0.0,0.0,0.0,0.0
2019-03-11,5,0,30,0.0,0.0,0.0,0.0,0.0
2019-03-11,5,0,31,15.25,15.25,0.0,121.42056,0.0
2019-03-11,5,0,32,0.0,0.0,0.0,0.0,0.0
2019-03-11,5,0,33,0.0,0.0,0.0,0.0,0.0
2019-03-11,5,0,34,0.0,0.0,0.0,0.0,0.0
2019-03-11,5,0,35,0.0,0.0,0.0,0.0,0.0
2019-03-11,5,0,36,0.0,0.0,0.0,0.0,0.0
2019-03-11,5,0,37,0.0,0.0,0.0,0.0,0.0
2019-03-11,5,0,38,0.0,0.0,0.0,0.0,0.0
2019-03-11,5,0,39,0.0,0.0,0.0,0.0,0.0
2019-03-11,5,0,40,0.0,0.0,0.0,0.0,0.0
2019-03-11,5,0,41,43.59,43.59,0.0,373.417752,0.0
2019-03-11,5,0,42,0.0,0.0,0.0,0.0,0.0
2019-03-11,5,0,43,0.0,0.0,0.0,0.0,0.0
2019-03-11,5,0,46,0.0,0.0,0.0,0.0,0.0
2019-03-11,5,0,52,16.17,16.17,0.0,128.745603,0.0
2019-03-11,5,0,53,25.69,25.69,0.0,204.543881,0.0
2019-03-11,5,0,55,175.62,175.62,0.0,1400.24465,0.0
2019-03-11,5,0,56,0.0,0.0,0.0,0.0,0.0
2019-03-11,5,0,57,0.0,0.0,0.0,0.0,0.0
2019-03-11,5,0,58,0.0,0.0,0.0,0.0,0.0
2019-03-11,5,0,59,0.0,0.0,0.0,0.0,0.0
2019-03-11,5,0,63,111.64,111.64,0.0,1817.26331,0.0
2019-03-11,5,0,64,131.34,131.34,0.0,2137.937685,0.0
2019-03-11,5,0,65,3.52,3.52,0.0,34.779839,0.0
2019-03-11,5,0,67,0.0,0.0,0.0,0.0,0.0
2019-03-11,5,0,68,2.35,2.35,0.0,18.742626,0.0
2019-03-11,5,0,69,0.0,0.0,0.0,0.0,0.0
2019-03-11,5,0,74,16.2,16.2,0.0,152.937988,0.0
2019-03-11,5,0,77,69.55,69.55,0.0,480.203955,0.0
2019-03-11,5,0,78,52.58,52.58,0.0,363.035571,0.0
2019-03-11,5,0,79,30.43,30.43,0.0,210.102176,0.0
2019-03-11,5,0,80,49.2,49.2,0.0,339.698557,0.0
2019-03-11,5,0,81,64.33,64.33,0.0,444.162767,0.0
2019-03-11,5,0,82,45.38,45.38,0.0,313.323587,0.0
2019-03-11,5,0,83,101.19,101.19,0.0,698.660507,0.0
2019-03-11,5,0,84,0.0,0.0,0.0,0.0,0.0
2019-03-11,5,0,86,0.0,0.0,0.0,0.0,0.0
2019-03-11,5,0,87,0.0,0.0,0.0,0.0,0.0
2019-03-11,5,0,88,57.5,57.5,0.0,397.005427,0.0
2019-03-11,5,0,89,55.28,55.28,0.0,381.677565,0.0
2019-03-11,5,0,90,74.22,74.22,0.0,512.447701,0.0
2019-03-11,5,0,91,264.77,264.77,0.0,1828.089163,0.0
2019-03-11,5,0,92,95.22,95.22,0.0,657.440987,0.0
2019-03-11,5,0,95,36.0,36.0,0.0,582.066963,0.0
2019-03-11,5,0,96,14.9,14.9,0.0,118.460288,0.0
2019-03-11,5,0,97,91.61,91.61,0.0,728.332012,0.0
2019-03-11,5,0,99,3.13,3.13,0.0,29.54913,0.0
2019-03-11,5,0,101,0.0,0.0,0.0,0.0,0.0
2019-03-11,5,0,102,5.56,5.56,0.0,44.344254,0.0
2019-03-11,5,0,103,4.84,4.84,0.0,38.601833,0.0
2019-03-11,5,0,104,0.9,0.9,0.0,7.178027,0.0
2019-03-11,5,0,106,0.0,0.0,0.0,0.0,0.0
2019-03-11,5,0,109,78.39,78.39,0.0,699.785022,0.0
2019-03-11,5,0,110,12.7,12.7,0.0,172.111054,0.0
2019-03-11,5,0,111,0.0,0.0,0.0,0.0,0.0
2019-03-11,5,0,113,27.23,27.23,0.0,173.983678,0.0
2019-03-11,5,0,115,27.23,27.23,0.0,173.983678,0.0
2019-03-11,5,0,116,0.0,0.0,0.0,0.0,0.0
2019-03-11,5,0,117,1.31,1.31,0.0,8.370129,0.0
2019-03-11,5,0,119,131.34,131.34,0.0,2137.937685,0.0
2019-03-11,5,0,120,77.23,77.23,0.0,1257.141217,0.0
2019-03-11,5,0,123,0.0,0.0,0.0,0.0,0.0
2019-03-11,5,0,125,58.85,58.85,0.0,469.219893,0.0
2019-03-11,5,0,126,0.0,0.0,0.0,0.0,0.0
2019-03-11,5,0,127,0.0,0.0,0.0,0.0,0.0
2019-03-11,5,0,128,84.28,84.28,0.0,671.977105,0.0
2019-03-11,5,0,131,10.87,10.87,0.0,82.709519,0.0
2019-03-11,5,0,132,15.97,15.97,0.0,121.515273,0.0
2019-03-11,5,0,133,5.89,5.89,0.0,58.299025,0.0
2019-03-11,5,0,134,0.0,0.0,0.0,0.0,0.0
2019-03-11,5,0,135,8.39,8.39,0.0,83.043943,0.0
2019-03-11,5,0,136,5.82,5.82,0.0,57.500242,0.0
2019-03-11,5,0,139,56.29,56.29,0.0,482.213473,0.0
2019-03-11,5,0,140,9.4,9.4,0.0,127.389284,0.0
2019-03-11,5,0,141,65.22,65.22,0.0,609.697132,0.0
2019-03-11,5,0,142,0.0,0.0,0.0,0.0,0.0
2019-03-11,5,0,143,54.48,54.48,0.0,433.769974,0.0
2019-03-11,5,0,145,14.13,14.13,0.0,117.567594,0.0
2019-03-11,5,0,146,33.53,33.53,0.0,454.400287,0.0
2019-03-11,5,0,152,0.0,0.0,0.0,0.0,0.0
2019-03-11,5,0,153,0.0,0.0,0.0,0.0,0.0
2019-03-11,5,0,154,0.0,0.0,0.0,0.0,0.0
2019-03-11,5,0,157,43.96,43.96,0.0,410.951946,0.0
2019-03-11,5,0,158,0.0,0.0,0.0,0.0,0.0
2019-03-11,5,0,159,0.0,0.0,0.0,0.0,0.0
2019-03-11,5,0,160,0.0,0.0,0.0,0.0,0.0
2019-03-11,5,0,161,0.0,0.0,0.0,0.0,0.0
2019-03-11,5,0,162,48.75,48.75,0.0,788.459764,0.0
2019-03-11,5,0,163,48.21,48.21,0.0,653.344403,0.0
2019-03-11,5,0,164,0.0,0.0,0.0,0.0,0.0
2019-03-11,5,0,167,0.0,0.0,0.0,0.0,0.0
2019-03-11,5,0,168,0.0,0.0,0.0,0.0,0.0
2019-03-11,5,0,169,0.0,0.0,0.0,0.0,0.0
2019-03-11,5,0,170,0.0,0.0,0.0,0.0,0.0
2019-03-11,5,0,172,0.0,0.0,0.0,0.0,0.0
2019-03-11,5,0,173,0.0,0.0,0.0,0.0,0.0
2019-03-11,5,0,188,0.0,0.0,0.0,0.0,0.0
2019-03-11,5,0,190,0.0,0.0,0.0,0.0,0.0
2019-03-11,5,0,191,0.0,0.0,0.0,0.0,0.0
2019-03-11,5,0,192,47.14,47.14,0.0,767.339596,0.0
2019-03-11,5,0,194,89.79,89.79,0.0,438.810926,0.0
2019-03-11,5,0,196,0.0,0.0,0.0,0.0,0.0
2019-03-11,5,0,198,0.0,0.0,0.0,0.0,0.0
2019-03-11,5,0,199,18.01,18.01,0.0,158.067375,0.0
2019-03-11,5,0,200,0.0,0.0,0.0,0.0,0.0
2019-03-11,5,0,204,272.98,272.98,0.0,2423.298099,0.0
2019-03-11,5,0,205,414.66,414.66,0.0,3701.656553,0.0
2019-03-11,5,0,206,269.2,269.2,0.0,2140.235539,0.0
2019-03-11,5,0,210,0.0,0.0,0.0,0.0,0.0
2019-03-11,5,0,214,0.0,0.0,0.0,0.0,0.0
2019-03-11,5,0,217,0.0,0.0,0.0,0.0,0.0
2019-03-11,5,0,218,0.0,0.0,0.0,0.0,0.0
2019-03-11,5,0,219,0.0,0.0,0.0,0.0,0.0
2019-03-11,5,0,221,0.0,0.0,0.0,0.0,0.0
2019-03-11,5,0,225,0.0,0.0,0.0,0.0,0.0
2019-03-11,5,0,233,0.0,0.0,0.0,0.0,0.0
2019-03-11,5,0,236,19.19,19.19,0.0,185.737603,0.0
2019-03-11,5,0,237,38.86,38.86,0.0,366.862359,0.0
2019-03-11,5,0,238,0.0,0.0,0.0,0.0,0.0
2019-03-11,5,0,240,0.0,0.0,0.0,0.0,0.0
2019-03-11,5,0,245,8.09,8.09,0.0,80.533667,0.0
2019-03-11,5,0,247,14.21,14.21,0.0,141.45654,0.0
2019-03-11,5,0,248,3.9,3.9,0.0,36.818405,0.0
2019-03-11,5,0,249,15.56,15.56,0.0,154.895409,0.0
2019-03-11,5,0,251,25.37,25.37,0.0,250.012009,0.0
2019-03-11,5,0,252,22.7,22.7,0.0,224.29044,0.0
2019-03-11,5,0,254,0.0,0.0,0.0,0.0,0.0
2019-03-11,5,0,255,0.0,0.0,0.0,0.0,0.0
2019-03-11,5,0,258,0.0,0.0,0.0,0.0,0.0
2019-03-11,5,0,260,0.0,0.0,0.0,0.0,0.0
2019-03-11,5,0,265,0.0,0.0,0.0,0.0,0.0
2019-03-11,5,0,266,36.45,36.45,0.0,312.252284,0.0
2019-03-11,5,0,267,44.79,44.79,0.0,383.697663,0.0
2019-03-11,5,0,270,150.57,150.57,0.0,2040.532395,0.0
2019-03-11,5,0,272,93.6,93.6,0.0,598.048927,0.0
2019-03-11,5,0,273,0.0,0.0,0.0,0.0,0.0
2019-03-11,5,0,274,194.1,194.1,0.0,2630.453197,0.0
2019-03-11,5,0,275,270.19,270.19,0.0,3661.628796,0.0
2019-03-11,5,0,276,0.0,0.0,0.0,0.0,0.0
2019-03-11,5,0,277,0.0,0.0,0.0,0.0,0.0
2019-03-11,5,0,278,0.0,0.0,0.0,0.0,0.0
2019-03-11,5,0,279,64.07,64.07,0.0,422.599037,0.0
2019-03-11,5,0,281,6.85,6.85,0.0,54.539727,0.0
2019-03-11,5,0,282,0.0,0.0,0.0,0.0,0.0
2019-03-11,6,0,9,0.0,0.0,0.0,0.0,0.0
2019-03-11,6,0,17,0.0,0.0,0.0,0.0,0.0
2019-03-11,6,0,19,88.89,88.89,0.0,1047.851344,0.0
2019-03-11,6,0,20,107.81,107.81,0.0,1270.883715,0.0
2019-03-11,6,0,21,0.0,0.0,0.0,0.0,0.0
2019-03-11,6,0,22,0.0,0.0,0.0,0.0,0.0
2019-03-11,6,0,23,24.22,24.22,0.0,325.648149,0.0
2019-03-11,6,0,24,42.85,42.85,0.0,576.136382,0.0
2019-03-11,6,0,29,0.0,0.0,0.0,0.0,0.0
2019-03-11,6,0,30,0.0,0.0,0.0,0.0,0.0
2019-03-11,6,0,31,13.12,13.12,0.0,176.541835,0.0
2019-03-11,6,0,32,0.0,0.0,0.0,0.0,0.0
2019-03-11,6,0,33,0.0,0.0,0.0,0.0,0.0
2019-03-11,6,0,34,0.0,0.0,0.0,0.0,0.0
2019-03-11,6,0,35,0.0,0.0,0.0,0.0,0.0
2019-03-11,6,0,36,0.0,0.0,0.0,0.0,0.0
2019-03-11,6,0,37,0.0,0.0,0.0,0.0,0.0
2019-03-11,6,0,38,0.0,0.0,0.0,0.0,0.0
2019-03-11,6,0,39,0.0,0.0,0.0,0.0,0.0
2019-03-11,6,0,40,0.0,0.0,0.0,0.0,0.0
2019-03-11,6,0,41,29.79,29.79,0.0,384.232148,0.0
2019-03-11,6,0,42,0.0,0.0,0.0,0.0,0.0
2019-03-11,6,0,43,0.0,0.0,0.0,0.0,0.0
2019-03-11,6,0,46,0.0,0.0,0.0,0.0,0.0
2019-03-11,6,0,52,13.91,13.91,0.0,187.172021,0.0
2019-03-11,6,0,53,22.08,22.08,0.0,297.10699,0.0
2019-03-11,6,0,55,56.19,56.19,0.0,755.498327,0.0
2019-03-11,6,0,56,0.0,0.0,0.0,0.0,0.0
2019-03-11,6,0,57,0.0,0.0,0.0,0.0,0.0
2019-03-11,6,0,58,0.0,0.0,0.0,0.0,0.0
2019-03-11,6,0,59,0.0,0.0,0.0,0.0,0.0
2019-03-11,6,0,63,102.76,102.76,0.0,1973.409878,0.0
2019-03-11,6,0,64,120.9,120.9,0.0,2321.771645,0.0
2019-03-11,6,0,65,3.34,3.34,0.0,39.411753,0.0
2019-03-11,6,0,67,0.0,0.0,0.0,0.0,0.0
2019-03-11,6,0,68,1.97,1.97,0.0,29.717069,0.0
2019-03-11,6,0,69,0.0,0.0,0.0,0.0,0.0
2019-03-11,6,0,74,10.73,10.73,0.0,130.191512,0.0
2019-03-11,6,0,77,45.39,45.39,0.0,656.144313,0.0
2019-03-11,6,0,78,34.31,34.31,0.0,495.975135,0.0
2019-03-11,6,0,79,19.86,19.86,0.0,287.090241,0.0
2019-03-11,6,0,80,32.11,32.11,0.0,464.172591,0.0
2019-03-11,6,0,81,41.98,41.98,0.0,606.850369,0.0
2019-03-11,6,0,82,29.62,29.62,0.0,428.177893,0.0
2019-03-11,6,0,83,66.04,66.04,0.0,954.654559,0.0
2019-03-11,6,0,84,0.0,0.0,0.0,0.0,0.0
2019-03-11,6,0,86,0.0,0.0,0.0,0.0,0.0
2019-03-11,6,0,87,0.0,0.0,0.0,0.0,0.0
2019-03-11,6,0,88,38.55,38.55,0.0,557.267311,0.0
2019-03-11,6,0,89,37.06,37.06,0.0,535.728315,0.0
2019-03-11,6,0,90,49.76,49.76,0.0,719.31573,0.0
2019-03-11,6,0,91,177.49,177.49,0.0,2565.742544,0.0
2019-03-11,6,0,92,63.83,63.83,0.0,922.707457,0.0
2019-03-11,6,0,95,36.0,36.0,0.0,700.048073,0.0
2019-03-11,6,0,96,10.01,10.01,0.0,134.803827,0.0
2019-03-11,6,0,97,61.54,61.54,0.0,828.753999,0.0
2019-03-11,6,0,99,2.07,2.07,0.0,25.116163,0.0
2019-03-11,6,0,101,0.0,0.0,0.0,0.0,0.0
2019-03-11,6,0,102,4.66,4.66,0.0,70.295199,0.0
2019-03-11,6,0,103,4.05,4.05,0.0,61.093467,0.0
2019-03-11,6,0,104,0.75,0.75,0.0,11.313605,0.0
2019-03-11,6,0,106,0.0,0.0,0.0,0.0,0.0
2019-03-11,6,0,109,61.54,61.54,0.0,771.501023,0.0
2019-03-11,6,0,110,7.26,7.26,0.0,129.399288,0.0
2019-03-11,6,0,111,0.0,0.0,0.0,0.0,0.0
2019-03-11,6,0,113,30.37,30.37,0.0,441.614082,0.0
2019-03-11,6,0,115,30.37,30.37,0.0,441.614082,0.0
2019-03-11,6,0,116,0.0,0.0,0.0,0.0,0.0
2019-03-11,6,0,117,1.2,1.2,0.0,17.449355,0.0
2019-03-11,6,0,119,120.9,120.9,0.0,2321.771645,0.0
2019-03-11,6,0,120,71.09,71.09,0.0,1365.217091,0.0
2019-03-11,6,0,123,0.0,0.0,0.0,0.0,0.0
2019-03-11,6,0,125,38.77,38.77,0.0,521.279056,0.0
2019-03-11,6,0,126,0.0,0.0,0.0,0.0,0.0
2019-03-11,6,0,127,0.0,0.0,0.0,0.0,0.0
2019-03-11,6,0,128,55.53,55.53,0.0,746.624348,0.0
2019-03-11,6,0,131,8.45,8.45,0.0,125.945142,0.0
2019-03-11,6,0,132,12.42,12.42,0.0,185.117001,0.0
2019-03-11,6,0,133,3.98,3.98,0.0,46.912553,0.0
2019-03-11,6,0,134,0.0,0.0,0.0,0.0,0.0
2019-03-11,6,0,135,5.34,5.34,0.0,62.942973,0.0
2019-03-11,6,0,136,6.1,6.1,0.0,71.983483,0.0
2019-03-11,6,0,139,38.47,38.47,0.0,496.187,0.0
2019-03-11,6,0,140,5.37,5.37,0.0,95.712696,0.0
2019-03-11,6,0,141,48.46,48.46,0.0,763.681129,0.0
2019-03-11,6,0,142,0.0,0.0,0.0,0.0,0.0
2019-03-11,6,0,143,82.16,82.16,0.0,1105.539415,0.0
2019-03-11,6,0,145,9.13,9.13,0.0,119.73705,0.0
2019-03-11,6,0,146,37.45,37.45,0.0,667.493571,0.0
2019-03-11,6,0,152,0.0,0.0,0.0,0.0,0.0
2019-03-11,6,0,153,0.0,0.0,0.0,0.0,0.0
2019-03-11,6,0,154,0.0,0.0,0.0,0.0,0.0
2019-03-11,6,0,157,41.79,41.79,0.0,658.5686,0.0
2019-03-11,6,0,158,0.0,0.0,0.0,0.0,0.0
2019-03-11,6,0,159,0.0,0.0,0.0,0.0,0.0
2019-03-11,6,0,160,0.0,0.0,0.0,0.0,0.0
2019-03-11,6,0,161,0.0,0.0,0.0,0.0,0.0
2019-03-11,6,0,162,48.75,48.75,0.0,947.827315,0.0
2019-03-11,6,0,163,51.48,51.48,0.0,917.558586,0.0
2019-03-11,6,0,164,0.0,0.0,0.0,0.0,0.0
2019-03-11,6,0,167,0.0,0.0,0.0,0.0,0.0
2019-03-11,6,0,168,0.0,0.0,0.0,0.0,0.0
2019-03-11,6,0,169,0.0,0.0,0.0,0.0,0.0
2019-03-11,6,0,170,0.0,0.0,0.0,0.0,0.0
2019-03-11,6,0,172,0.0,0.0,0.0,0.0,0.0
2019-03-11,6,0,173,0.0,0.0,0.0,0.0,0.0
2019-03-11,6,0,188,0.0,0.0,0.0,0.0,0.0
2019-03-11,6,0,190,0.0,0.0,0.0,0.0,0.0
2019-03-11,6,0,191,0.0,0.0,0.0,0.0,0.0
2019-03-11,6,0,192,45.28,45.28,0.0,869.560133,0.0
2019-03-11,6,0,194,83.04,83.04,0.0,1172.441082,0.0
2019-03-11,6,0,196,0.0,0.0,0.0,0.0,0.0
2019-03-11,6,0,198,0.0,0.0,0.0,0.0,0.0
2019-03-11,6,0,199,22.86,22.86,0.0,259.114112,0.0
2019-03-11,6,0,200,0.0,0.0,0.0,0.0,0.0
2019-03-11,6,0,204,227.62,227.62,0.0,2863.008815,0.0
2019-03-11,6,0,205,325.57,325.57,0.0,4081.533768,0.0
2019-03-11,6,0,206,180.82,180.82,0.0,2435.087718,0.0
2019-03-11,6,0,210,0.0,0.0,0.0,0.0,0.0
2019-03-11,6,0,214,0.0,0.0,0.0,0.0,0.0
2019-03-11,6,0,217,0.0,0.0,0.0,0.0,0.0
2019-03-11,6,0,218,0.0,0.0,0.0,0.0,0.0
2019-03-11,6,0,219,0.0,0.0,0.0,0.0,0.0
2019-03-11,6,0,221,0.0,0.0,0.0,0.0,0.0
2019-03-11,6,0,225,0.0,0.0,0.0,0.0,0.0
2019-03-11,6,0,233,0.0,0.0,0.0,0.0,0.0
2019-03-11,6,0,236,14.51,14.51,0.0,173.37197,0.0
2019-03-11,6,0,237,25.73,25.73,0.0,312.192694,0.0
2019-03-11,6,0,238,0.0,0.0,0.0,0.0,0.0
2019-03-11,6,0,240,0.0,0.0,0.0,0.0,0.0
2019-03-11,6,0,245,6.47,6.47,0.0,75.990068,0.0
2019-03-11,6,0,247,11.2,11.2,0.0,131.543858,0.0
2019-03-11,6,0,248,2.58,2.58,0.0,31.304203,0.0
2019-03-11,6,0,249,12.45,12.45,0.0,146.225092,0.0
2019-03-11,6,0,251,24.41,24.41,0.0,288.506937,0.0
2019-03-11,6,0,252,21.56,21.56,0.0,254.406407,0.0
2019-03-11,6,0,254,0.0,0.0,0.0,0.0,0.0
2019-03-11,6,0,255,0.0,0.0,0.0,0.0,0.0
2019-03-11,6,0,258,0.0,0.0,0.0,0.0,0.0
2019-03-11,6,0,260,0.0,0.0,0.0,0.0,0.0
2019-03-11,6,0,265,0.0,0.0,0.0,0.0,0.0
2019-03-11,6,0,266,24.91,24.91,0.0,321.289789,0.0
2019-03-11,6,0,267,30.61,30.61,0.0,394.808528,0.0
2019-03-11,6,0,270,160.78,160.78,0.0,2865.677339,0.0
2019-03-11,6,0,272,107.16,107.16,0.0,1558.227364,0.0
2019-03-11,6,0,273,0.0,0.0,0.0,0.0,0.0
2019-03-11,6,0,274,207.27,207.27,0.0,3694.296194,0.0
2019-03-11,6,0,275,288.52,288.52,0.0,5142.463153,0.0
2019-03-11,6,0,276,0.0,0.0,0.0,0.0,0.0
2019-03-11,6,0,277,0.0,0.0,0.0,0.0,0.0
2019-03-11,6,0,278,0.0,0.0,0.0,0.0,0.0
2019-03-11,6,0,279,57.86,57.86,0.0,839.368066,0.0
2019-03-11,6,0,281,5.9,5.9,0.0,79.390002,0.0
2019-03-11,6,0,282,0.0,0.0,0.0,0.0,0.0
2019-03-11,7,0,9,0.0,0.0,0.0,0.0,0.0
2019-03-11,7,0,17,0.0,0.0,0.0,0.0,0.0
2019-03-11,7,0,19,78.46,78.46,0.0,1158.464741,0.0
2019-03-11,7,0,20,95.15,95.15,0.0,1404.893195,0.0
2019-03-11,7,0,21,0.0,0.0,0.0,0.0,0.0
2019-03-11,7,0,22,0.0,0.0,0.0,0.0,0.0
2019-03-11,7,0,23,14.93,14.93,0.0,268.865159,0.0
2019-03-11,7,0,24,26.41,26.41,0.0,475.601397,0.0
2019-03-11,7,0,29,0.0,0.0,0.0,0.0,0.0
2019-03-11,7,0,30,0.0,0.0,0.0,0.0,0.0
2019-03-11,7,0,31,27.41,27.41,0.0,494.217122,0.0
2019-03-11,7,0,32,0.0,0.0,0.0,0.0,0.0
2019-03-11,7,0,33,0.0,0.0,0.0,0.0,0.0
2019-03-11,7,0,34,0.0,0.0,0.0,0.0,0.0
2019-03-11,7,0,35,0.0,0.0,0.0,0.0,0.0
2019-03-11,7,0,36,0.0,0.0,0.0,0.0,0.0
2019-03-11,7,0,37,0.0,0.0,0.0,0.0,0.0
2019-03-11,7,0,38,0.0,0.0,0.0,0.0,0.0
2019-03-11,7,0,39,0.0,0.0,0.0,0.0,0.0
2019-03-11,7,0,40,0.0,0.0,0.0,0.0,0.0
2019-03-11,7,0,41,14.41,14.41,0.0,243.150504,0.0
2019-03-11,7,0,42,0.0,0.0,0.0,0.0,0.0
2019-03-11,7,0,43,0.0,0.0,0.0,0.0,0.0
2019-03-11,7,0,46,0.0,0.0,0.0,0.0,0.0
2019-03-11,7,0,52,29.05,29.05,0.0,523.787209,0.0
2019-03-11,7,0,53,46.17,46.17,0.0,832.470067,0.0
2019-03-11,7,0,55,43.41,43.41,0.0,781.743909,0.0
2019-03-11,7,0,56,0.0,0.0,0.0,0.0,0.0
2019-03-11,7,0,57,0.0,0.0,0.0,0.0,0.0
2019-03-11,7,0,58,0.0,0.0,0.0,0.0,0.0
2019-03-11,7,0,59,0.0,0.0,0.0,0.0,0.0
2019-03-11,7,0,63,95.13,95.13,0.0,2087.809562,0.0
2019-03-11,7,0,64,111.91,111.91,0.0,2456.078714,0.0
2019-03-11,7,0,65,3.16,3.16,0.0,46.719598,0.0
2019-03-11,7,0,67,0.0,0.0,0.0,0.0,0.0
2019-03-11,7,0,68,1.68,1.68,0.0,34.401174,0.0
2019-03-11,7,0,69,0.0,0.0,0.0,0.0,0.0
2019-03-11,7,0,74,6.93,6.93,0.0,106.424828,0.0
2019-03-11,7,0,77,28.01,28.01,0.0,564.196528,0.0
2019-03-11,7,0,78,21.17,21.17,0.0,426.420582,0.0
2019-03-11,7,0,79,12.25,12.25,0.0,246.747857,0.0
2019-03-11,7,0,80,19.82,19.82,0.0,399.227961,0.0
2019-03-11,7,0,81,25.91,25.91,0.0,521.896895,0.0
2019-03-11,7,0,82,18.27,18.27,0.0,368.006803,0.0
2019-03-11,7,0,83,40.75,40.75,0.0,820.814298,0.0
2019-03-11,7,0,84,0.0,0.0,0.0,0.0,0.0
2019-03-11,7,0,86,0.0,0.0,0.0,0.0,0.0
2019-03-11,7,0,87,0.0,0.0,0.0,0.0,0.0
2019-03-11,7,0,88,24.81,24.81,0.0,499.739945,0.0
2019-03-11,7,0,89,23.85,23.85,0.0,480.40297,0.0
2019-03-11,7,0,90,32.03,32.03,0.0,645.17011,0.0
2019-03-11,7,0,91,114.24,114.24,0.0,2301.100011,0.0
2019-03-11,7,0,92,41.09,41.09,0.0,827.66281,0.0
2019-03-11,7,0,95,36.0,36.0,0.0,807.470518,0.0
2019-03-11,7,0,96,6.31,6.31,0.0,113.918833,0.0
2019-03-11,7,0,97,38.8,38.8,0.0,700.483472,0.0
2019-03-11,7,0,99,1.34,1.34,0.0,20.578538,0.0
2019-03-11,7,0,101,0.0,0.0,0.0,0.0,0.0
2019-03-11,7,0,102,3.99,3.99,0.0,81.702789,0.0
2019-03-11,7,0,103,3.47,3.47,0.0,71.054807,0.0
2019-03-11,7,0,104,0.64,0.64,0.0,13.105209,0.0
2019-03-11,7,0,106,0.0,0.0,0.0,0.0,0.0
2019-03-11,7,0,109,48.77,48.77,0.0,784.069486,0.0
2019-03-11,7,0,110,0.0,0.0,0.0,0.0,0.0
2019-03-11,7,0,111,0.0,0.0,0.0,0.0,0.0
2019-03-11,7,0,113,14.57,14.57,0.0,299.653204,0.0
2019-03-11,7,0,115,14.57,14.57,0.0,299.653204,0.0
2019-03-11,7,0,116,0.0,0.0,0.0,0.0,0.0
2019-03-11,7,0,117,0.6,0.6,0.0,12.339871,0.0
2019-03-11,7,0,119,111.91,111.91,0.0,2456.078714,0.0
2019-03-11,7,0,120,65.81,65.81,0.0,1444.326157,0.0
2019-03-11,7,0,123,0.0,0.0,0.0,0.0,0.0
2019-03-11,7,0,125,23.9,23.9,0.0,430.400355,0.0
2019-03-11,7,0,126,0.0,0.0,0.0,0.0,0.0
2019-03-11,7,0,127,0.0,0.0,0.0,0.0,0.0
2019-03-11,7,0,128,34.23,34.23,0.0,616.426952,0.0
2019-03-11,7,0,131,6.42,6.42,0.0,131.068368,0.0
2019-03-11,7,0,132,9.44,9.44,0.0,192.723581,0.0
2019-03-11,7,0,133,3.19,3.19,0.0,47.094561,0.0
2019-03-11,7,0,134,0.0,0.0,0.0,0.0,0.0
2019-03-11,7,0,135,4.27,4.27,0.0,63.038801,0.0
2019-03-11,7,0,136,6.36,6.36,0.0,94.037442,0.0
2019-03-11,7,0,139,18.61,18.61,0.0,314.020186,0.0
2019-03-11,7,0,140,0.0,0.0,0.0,0.0,0.0
2019-03-11,7,0,141,35.27,35.27,0.0,730.309535,0.0
2019-03-11,7,0,142,0.0,0.0,0.0,0.0,0.0
2019-03-11,7,0,143,51.54,51.54,0.0,929.294071,0.0
2019-03-11,7,0,145,5.48,5.48,0.0,94.835436,0.0
2019-03-11,7,0,146,41.62,41.62,0.0,891.027434,0.0
2019-03-11,7,0,152,0.0,0.0,0.0,0.0,0.0
2019-03-11,7,0,153,0.0,0.0,0.0,0.0,0.0
2019-03-11,7,0,154,0.0,0.0,0.0,0.0,0.0
2019-03-11,7,0,157,39.71,39.71,0.0,822.245297,0.0
2019-03-11,7,0,158,0.0,0.0,0.0,0.0,0.0
2019-03-11,7,0,159,0.0,0.0,0.0,0.0,0.0
2019-03-11,7,0,160,0.0,0.0,0.0,0.0,0.0
2019-03-11,7,0,161,0.0,0.0,0.0,0.0,0.0
2019-03-11,7,0,162,48.75,48.75,0.0,1093.025192,0.0
2019-03-11,7,0,163,56.95,56.95,0.0,1219.221825,0.0
2019-03-11,7,0,164,0.0,0.0,0.0,0.0,0.0
2019-03-11,7,0,167,0.0,0.0,0.0,0.0,0.0
2019-03-11,7,0,168,0.0,0.0,0.0,0.0,0.0
2019-03-11,7,0,169,0.0,0.0,0.0,0.0,0.0
2019-03-11,7,0,170,0.0,0.0,0.0,0.0,0.0
2019-03-11,7,0,172,0.0,0.0,0.0,0.0,0.0
2019-03-11,7,0,173,0.0,0.0,0.0,0.0,0.0
2019-03-11,7,0,188,0.0,0.0,0.0,0.0,0.0
2019-03-11,7,0,190,0.0,0.0,0.0,0.0,0.0
2019-03-11,7,0,191,0.0,0.0,0.0,0.0,0.0
2019-03-11,7,0,192,46.89,46.89,0.0,1029.090617,0.0
2019-03-11,7,0,194,76.59,76.59,0.0,1592.390724,0.0
2019-03-11,7,0,196,0.0,0.0,0.0,0.0,0.0
2019-03-11,7,0,198,0.0,0.0,0.0,0.0,0.0
2019-03-11,7,0,199,29.28,29.28,0.0,374.658993,0.0
2019-03-11,7,0,200,0.0,0.0,0.0,0.0,0.0
2019-03-11,7,0,204,194.59,194.59,0.0,3143.689476,0.0
2019-03-11,7,0,205,257.97,257.97,0.0,4147.35299,0.0
2019-03-11,7,0,206,114.01,114.01,0.0,2058.302079,0.0
2019-03-11,7,0,210,0.0,0.0,0.0,0.0,0.0
2019-03-11,7,0,214,0.0,0.0,0.0,0.0,0.0
2019-03-11,7,0,217,0.0,0.0,0.0,0.0,0.0
2019-03-11,7,0,218,0.0,0.0,0.0,0.0,0.0
2019-03-11,7,0,219,0.0,0.0,0.0,0.0,0.0
2019-03-11,7,0,221,0.0,0.0,0.0,0.0,0.0
2019-03-11,7,0,225,0.0,0.0,0.0,0.0,0.0
2019-03-11,7,0,233,0.0,0.0,0.0,0.0,0.0
2019-03-11,7,0,236,10.9,10.9,0.0,163.836262,0.0
2019-03-11,7,0,237,16.64,16.64,0.0,255.542444,0.0
2019-03-11,7,0,238,0.0,0.0,0.0,0.0,0.0
2019-03-11,7,0,240,0.0,0.0,0.0,0.0,0.0
2019-03-11,7,0,245,5.11,5.11,0.0,75.080157,0.0
2019-03-11,7,0,247,8.74,8.74,0.0,128.414985,0.0
2019-03-11,7,0,248,1.67,1.67,0.0,25.646387,0.0
2019-03-11,7,0,249,9.83,9.83,0.0,144.430126,0.0
2019-03-11,7,0,251,23.63,23.63,0.0,350.124272,0.0
2019-03-11,7,0,252,20.37,20.37,0.0,301.163988,0.0
2019-03-11,7,0,254,0.0,0.0,0.0,0.0,0.0
2019-03-11,7,0,255,0.0,0.0,0.0,0.0,0.0
2019-03-11,7,0,258,0.0,0.0,0.0,0.0,0.0
2019-03-11,7,0,260,0.0,0.0,0.0,0.0,0.0
2019-03-11,7,0,265,0.0,0.0,0.0,0.0,0.0
2019-03-11,7,0,266,12.05,12.05,0.0,203.328492,0.0
2019-03-11,7,0,267,14.81,14.81,0.0,249.899997,0.0
2019-03-11,7,0,270,177.85,177.85,0.0,3807.525928,0.0
2019-03-11,7,0,272,51.83,51.83,0.0,1065.959203,0.0
2019-03-11,7,0,273,0.0,0.0,0.0,0.0,0.0
2019-03-11,7,0,274,229.27,229.27,0.0,4908.357995,0.0
2019-03-11,7,0,275,319.15,319.15,0.0,6832.566206,0.0
2019-03-11,7,0,276,0.0,0.0,0.0,0.0,0.0
2019-03-11,7,0,277,0.0,0.0,0.0,0.0,0.0
2019-03-11,7,0,278,0.0,0.0,0.0,0.0,0.0
2019-03-11,7,0,279,52.91,52.91,0.0,1079.181767,0.0
2019-03-11,7,0,281,12.29,12.29,0.0,221.595346,0.0
2019-03-11,7,0,282,0.0,0.0,0.0,0.0,0.0
2019-03-11,8,0,9,0.0,0.0,0.0,0.0,0.0
2019-03-11,8,0,17,2.63,2.63,0.0,36.098316,0.0
2019-03-11,8,0,19,114.47,114.47,0.0,1571.168916,0.0
2019-03-11,8,0,20,142.46,142.46,0.0,1955.348334,0.0
2019-03-11,8,0,21,0.0,0.0,0.0,0.0,0.0
2019-03-11,8,0,22,0.0,0.0,0.0,0.0,0.0
2019-03-11,8,0,23,27.63,27.63,0.0,487.163901,0.0
2019-03-11,8,0,24,48.88,48.88,0.0,861.837549,0.0
2019-03-11,8,0,29,0.76,0.76,0.0,9.285087,0.0
2019-03-11,8,0,30,0.0,0.0,0.0,0.0,0.0
2019-03-11,8,0,31,15.19,15.19,0.0,268.202882,0.0
2019-03-11,8,0,32,0.16,0.16,0.0,3.583825,0.0
2019-03-11,8,0,33,0.14,0.14,0.0,1.825847,0.0
2019-03-11,8,0,34,0.23,0.23,0.0,2.999606,0.0
2019-03-11,8,0,35,0.23,0.23,0.0,2.999606,0.0
2019-03-11,8,0,36,0.33,0.33,0.0,4.87027,0.0
2019-03-11,8,0,37,0.16,0.16,0.0,2.362912,0.0
2019-03-11,8,0,38,0.21,0.21,0.0,3.101322,0.0
2019-03-11,8,0,39,0.14,0.14,0.0,2.067548,0.0
2019-03-11,8,0,40,0.14,0.14,0.0,2.067548,0.0
2019-03-11,8,0,41,6.5,6.5,0.0,106.20127,0.0
2019-03-11,8,0,42,1.36,1.36,0.0,18.868403,0.0
2019-03-11,8,0,43,1.11,1.11,0.0,16.166916,0.0
2019-03-11,8,0,46,0.78,0.78,0.0,11.723973,0.0
2019-03-11,8,0,52,16.1,16.1,0.0,284.270335,0.0
2019-03-11,8,0,53,25.58,25.58,0.0,451.654359,0.0
2019-03-11,8,0,55,63.59,63.59,0.0,1121.199872,0.0
2019-03-11,8,0,56,0.0,0.0,0.0,0.0,0.0
2019-03-11,8,0,57,0.0,0.0,0.0,0.0,0.0
2019-03-11,8,0,58,0.0,0.0,0.0,0.0,0.0
2019-03-11,8,0,59,0.0,0.0,0.0,0.0,0.0
2019-03-11,8,0,63,50.2,50.2,0.0,1101.079893,0.0
2019-03-11,8,0,64,59.0,59.0,0.0,1294.097882,0.0
2019-03-11,8,0,65,4.89,4.89,0.0,67.252811,0.0
2019-03-11,8,0,67,0.0,0.0,0.0,0.0,0.0
2019-03-11,8,0,68,2.76,2.76,0.0,56.257387,0.0
2019-03-11,8,0,69,0.14,0.14,0.0,1.825847,0.0
2019-03-11,8,0,74,10.74,10.74,0.0,156.11202,0.0
2019-03-11,8,0,77,39.41,39.41,0.0,788.985781,0.0
2019-03-11,8,0,78,29.76,29.76,0.0,595.793373,0.0
2019-03-11,8,0,79,17.17,17.17,0.0,343.742346,0.0
2019-03-11,8,0,80,27.84,27.84,0.0,557.355091,0.0
2019-03-11,8,0,81,36.45,36.45,0.0,729.726762,0.0
2019-03-11,8,0,82,25.67,25.67,0.0,513.911824,0.0
2019-03-11,8,0,83,57.42,57.42,0.0,1149.544875,0.0
2019-03-11,8,0,84,0.0,0.0,0.0,0.0,0.0
2019-03-11,8,0,86,0.73,0.73,0.0,9.520489,0.0
2019-03-11,8,0,87,3.71,3.71,0.0,48.38495,0.0
2019-03-11,8,0,88,33.4,33.4,0.0,668.66595,0.0
2019-03-11,8,0,89,32.24,32.24,0.0,645.442821,0.0
2019-03-11,8,0,90,42.06,42.06,0.0,842.038618,0.0
2019-03-11,8,0,91,131.86,131.86,0.0,2639.829105,0.0
2019-03-11,8,0,92,52.76,52.76,0.0,1056.251961,0.0
2019-03-11,8,0,95,36.0,36.0,0.0,807.470518,0.0
2019-03-11,8,0,96,9.55,9.55,0.0,168.867917,0.0
2019-03-11,8,0,97,58.74,58.74,0.0,1038.670307,0.0
2019-03-11,8,0,99,2.07,2.07,0.0,30.08863,0.0
2019-03-11,8,0,101,0.0,0.0,0.0,0.0,0.0
2019-03-11,8,0,102,6.54,6.54,0.0,133.305547,0.0
2019-03-11,8,0,103,5.69,5.69,0.0,115.979902,0.0
2019-03-11,8,0,104,1.06,1.06,0.0,21.606098,0.0
2019-03-11,8,0,106,0.0,0.0,0.0,0.0,0.0
2019-03-11,8,0,109,79.81,79.81,0.0,1235.676969,0.0
2019-03-11,8,0,110,0.0,0.0,0.0,0.0,0.0
2019-03-11,8,0,111,0.0,0.0,0.0,0.0,0.0
2019-03-11,8,0,113,40.08,40.08,0.0,821.509565,0.0
2019-03-11,8,0,115,40.08,40.08,0.0,821.509565,0.0
2019-03-11,8,0,116,0.0,0.0,0.0,0.0,0.0
2019-03-11,8,0,117,2.07,2.07,0.0,42.428263,0.0
2019-03-11,8,0,119,59.0,59.0,0.0,1294.097882,0.0
2019-03-11,8,0,120,34.81,34.81,0.0,763.51775,0.0
2019-03-11,8,0,123,0.0,0.0,0.0,0.0,0.0
2019-03-11,8,0,125,44.23,44.23,0.0,779.850139,0.0
2019-03-11,8,0,126,0.0,0.0,0.0,0.0,0.0
2019-03-11,8,0,127,0.0,0.0,0.0,0.0,0.0
2019-03-11,8,0,128,63.35,63.35,0.0,1116.968264,0.0
2019-03-11,8,0,131,10.43,10.43,0.0,211.917042,0.0
2019-03-11,8,0,132,15.34,15.34,0.0,311.678564,0.0
2019-03-11,8,0,133,5.14,5.14,0.0,70.536226,0.0
2019-03-11,8,0,134,0.0,0.0,0.0,0.0,0.0
2019-03-11,8,0,135,6.89,6.89,0.0,94.551478,0.0
2019-03-11,8,0,136,9.35,9.35,0.0,128.605909,0.0
2019-03-11,8,0,139,8.4,8.4,0.0,137.244718,0.0
2019-03-11,8,0,140,0.0,0.0,0.0,0.0,0.0
2019-03-11,8,0,141,55.44,55.44,0.0,1143.549867,0.0
2019-03-11,8,0,142,0.0,0.0,0.0,0.0,0.0
2019-03-11,8,0,143,28.33,28.33,0.0,500.209851,0.0
2019-03-11,8,0,145,10.09,10.09,0.0,170.013216,0.0
2019-03-11,8,0,146,40.58,40.58,0.0,867.318707,0.0
2019-03-11,8,0,152,0.22,0.22,0.0,3.190541,0.0
2019-03-11,8,0,153,0.29,0.29,0.0,4.215863,0.0
2019-03-11,8,0,154,0.0,0.0,0.0,0.0,0.0
2019-03-11,8,0,157,31.65,31.65,0.0,652.838263,0.0
2019-03-11,8,0,158,0.0,0.0,0.0,0.0,0.0
2019-03-11,8,0,159,0.0,0.0,0.0,0.0,0.0
2019-03-11,8,0,160,0.1,0.1,0.0,1.394059,0.0
2019-03-11,8,0,161,0.0,0.0,0.0,0.0,0.0
2019-03-11,8,0,162,48.75,48.75,0.0,1093.014521,0.0
2019-03-11,8,0,163,57.56,57.56,0.0,1230.233237,0.0
2019-03-11,8,0,164,0.0,0.0,0.0,0.0,0.0
2019-03-11,8,0,167,0.2,0.2,0.0,4.487825,0.0
2019-03-11,8,0,168,0.1,0.1,0.0,2.243912,0.0
2019-03-11,8,0,169,0.0,0.0,0.0,0.0,0.0
2019-03-11,8,0,170,0.22,0.22,0.0,4.936607,0.0
2019-03-11,8,0,172,0.28,0.28,0.0,6.562429,0.0
2019-03-11,8,0,173,0.43,0.43,0.0,10.078016,0.0
2019-03-11,8,0,188,0.32,0.32,0.0,7.228193,0.0
2019-03-11,8,0,190,0.09,0.09,0.0,1.974048,0.0
2019-03-11,8,0,191,0.22,0.22,0.0,4.82545,0.0
2019-03-11,8,0,192,44.65,44.65,0.0,979.346956,0.0
2019-03-11,8,0,194,91.68,91.68,0.0,1903.296834,0.0
2019-03-11,8,0,196,0.04,0.04,0.0,0.864212,0.0
2019-03-11,8,0,198,0.53,0.53,0.0,6.823149,0.0
2019-03-11,8,0,199,38.66,38.66,0.0,503.687882,0.0
2019-03-11,8,0,200,0.8,0.8,0.0,10.422926,0.0
2019-03-11,8,0,204,326.34,326.34,0.0,5084.474233,0.0
2019-03-11,8,0,205,422.18,422.18,0.0,6536.500471,0.0
2019-03-11,8,0,206,172.62,172.62,0.0,3052.353904,0.0
2019-03-11,8,0,210,0.23,0.23,0.0,2.778591,0.0
2019-03-11,8,0,214,1.04,1.04,0.0,13.142883,0.0
2019-03-11,8,0,217,0.79,0.79,0.0,9.786204,0.0
2019-03-11,8,0,218,1.1,1.1,0.0,13.62636,0.0
2019-03-11,8,0,219,0.75,0.75,0.0,9.2907,0.0
2019-03-11,8,0,221,0.56,0.56,0.0,7.076937,0.0
2019-03-11,8,0,225,0.66,0.66,0.0,8.072058,0.0
2019-03-11,8,0,233,0.41,0.41,0.0,5.347124,0.0
2019-03-11,8,0,236,15.76,15.76,0.0,222.235001,0.0
2019-03-11,8,0,237,25.76,25.76,0.0,374.436279,0.0
2019-03-11,8,0,238,1.76,1.76,0.0,24.417934,0.0
2019-03-11,8,0,240,0.37,0.37,0.0,5.460606,0.0
2019-03-11,8,0,245,8.95,8.95,0.0,121.937835,0.0
2019-03-11,8,0,247,14.01,14.01,0.0,190.876991,0.0
2019-03-11,8,0,248,2.59,2.59,0.0,37.647126,0.0
2019-03-11,8,0,249,17.22,17.22,0.0,234.61112,0.0
2019-03-11,8,0,251,30.12,30.12,0.0,415.605998,0.0
2019-03-11,8,0,252,31.52,31.52,0.0,433.498691,0.0
2019-03-11,8,0,254,0.66,0.66,0.0,9.509382,0.0
2019-03-11,8,0,255,0.3,0.3,0.0,4.322446,0.0
2019-03-11,8,0,258,0.46,0.46,0.0,6.774478,0.0
2019-03-11,8,0,260,0.24,0.24,0.0,3.345741,0.0
2019-03-11,8,0,265,0.0,0.0,0.0,0.0,0.0
2019-03-11,8,0,266,5.44,5.44,0.0,88.882294,0.0
2019-03-11,8,0,267,6.68,6.68,0.0,109.142228,0.0
2019-03-11,8,0,270,179.76,179.76,0.0,3842.020964,0.0
2019-03-11,8,0,272,138.76,138.76,0.0,2844.128423,0.0
2019-03-11,8,0,273,0.0,0.0,0.0,0.0,0.0
2019-03-11,8,0,274,231.73,231.73,0.0,4952.778805,0.0
2019-03-11,8,0,275,322.57,322.57,0.0,6894.307423,0.0
2019-03-11,8,0,276,0.0,0.0,0.0,0.0,0.0
2019-03-11,8,0,277,0.0,0.0,0.0,0.0,0.0
2019-03-11,8,0,278,0.0,0.0,0.0,0.0,0.0
2019-03-11,8,0,279,79.34,79.34,0.0,1611.045193,0.0
2019-03-11,8,0,281,6.82,6.82,0.0,120.41762,0.0
2019-03-11,8,0,282,0.0,0.0,0.0,0.0,0.0
2019-03-11,9,0,9,0.79,0.79,0.0,5.537561,0.0
2019-03-11,9,0,17,16.17,16.17,0.0,165.834308,0.0
2019-03-11,9,0,19,132.45,132.45,0.0,1358.364507,0.0
2019-03-11,9,0,20,164.47,164.47,0.0,1686.751305,0.0
2019-03-11,9,0,21,18.06,18.06,0.0,126.592857,0.0
2019-03-11,9,0,22,64.17,64.17,0.0,449.804187,0.0
2019-03-11,9,0,23,46.2,46.2,0.0,323.842192,0.0
2019-03-11,9,0,24,81.74,81.74,0.0,572.962354,0.0
2019-03-11,9,0,29,2.96,2.96,0.0,28.651598,0.0
2019-03-11,9,0,30,131.95,131.95,0.0,922.356984,0.0
2019-03-11,9,0,31,26.38,26.38,0.0,184.401495,0.0
2019-03-11,9,0,32,0.99,0.99,0.0,22.301925,0.0
2019-03-11,9,0,33,0.89,0.89,0.0,9.692471,0.0
2019-03-11,9,0,34,1.42,1.42,0.0,15.464392,0.0
2019-03-11,9,0,35,1.42,1.42,0.0,15.464392,0.0
2019-03-11,9,0,36,3.04,3.04,0.0,28.020029,0.0
2019-03-11,9,0,37,1.43,1.43,0.0,13.149017,0.0
2019-03-11,9,0,38,1.84,1.84,0.0,16.919015,0.0
2019-03-11,9,0,39,1.23,1.23,0.0,11.309994,0.0
2019-03-11,9,0,40,1.23,1.23,0.0,11.309994,0.0
2019-03-11,9,0,41,7.55,7.55,0.0,60.652143,0.0
2019-03-11,9,0,42,17.9,17.9,0.0,181.113783,0.0
2019-03-11,9,0,43,9.13,9.13,0.0,84.988782,0.0
2019-03-11,9,0,46,7.69,7.69,0.0,69.047946,0.0
2019-03-11,9,0,52,27.99,27.99,0.0,195.655718,0.0
2019-03-11,9,0,53,44.71,44.71,0.0,312.531874,0.0
2019-03-11,9,0,55,88.74,88.74,0.0,622.029353,0.0
2019-03-11,9,0,56,38.92,38.92,0.0,272.058612,0.0
2019-03-11,9,0,57,37.02,37.02,0.0,258.77723,0.0
2019-03-11,9,0,58,71.19,71.19,0.0,497.632388,0.0
2019-03-11,9,0,59,70.01,70.01,0.0,489.383952,0.0
2019-03-11,9,0,63,25.15,25.15,0.0,569.039638,0.0
2019-03-11,9,0,64,29.59,29.59,0.0,669.498325,0.0
2019-03-11,9,0,65,7.53,7.53,0.0,77.032795,0.0
2019-03-11,9,0,67,81.95,81.95,0.0,796.076542,0.0
2019-03-11,9,0,68,8.04,8.04,0.0,57.533142,0.0
2019-03-11,9,0,69,0.89,0.89,0.0,9.692471,0.0
2019-03-11,9,0,74,15.76,15.76,0.0,149.96639,0.0
2019-03-11,9,0,77,27.47,27.47,0.0,141.489666,0.0
2019-03-11,9,0,78,20.77,20.77,0.0,106.979991,0.0
2019-03-11,9,0,79,12.02,12.02,0.0,61.911386,0.0
2019-03-11,9,0,80,19.44,19.44,0.0,100.129563,0.0
2019-03-11,9,0,81,25.41,25.41,0.0,130.879228,0.0
2019-03-11,9,0,82,17.93,17.93,0.0,92.35201,0.0
2019-03-11,9,0,83,39.98,39.98,0.0,205.924894,0.0
2019-03-11,9,0,84,0.0,0.0,0.0,0.0,0.0
2019-03-11,9,0,86,4.5,4.5,0.0,49.006877,0.0
2019-03-11,9,0,87,22.96,22.96,0.0,250.043975,0.0
2019-03-11,9,0,88,70.56,70.56,0.0,363.433229,0.0
2019-03-11,9,0,89,67.4,67.4,0.0,347.157024,0.0
2019-03-11,9,0,90,94.61,94.61,0.0,487.307509,0.0
2019-03-11,9,0,91,355.51,355.51,0.0,1831.124537,0.0
2019-03-11,9,0,92,125.08,125.08,0.0,644.249267,0.0
2019-03-11,9,0,95,36.0,36.0,0.0,807.470518,0.0
2019-03-11,9,0,96,13.72,13.72,0.0,95.627804,0.0
2019-03-11,9,0,97,84.37,84.37,0.0,588.055237,0.0
2019-03-11,9,0,99,3.04,3.04,0.0,28.927527,0.0
2019-03-11,9,0,101,2.66,2.66,0.0,18.593934,0.0
2019-03-11,9,0,102,19.0,19.0,0.0,135.961406,0.0
2019-03-11,9,0,103,16.53,16.53,0.0,118.286423,0.0
2019-03-11,9,0,104,3.08,3.08,0.0,22.040059,0.0
2019-03-11,9,0,106,63.17,63.17,0.0,442.794616,0.0
2019-03-11,9,0,109,113.96,113.96,0.0,988.378958,0.0
2019-03-11,9,0,110,0.0,0.0,0.0,0.0,0.0
2019-03-11,9,0,111,4.52,4.52,0.0,36.310952,0.0
2019-03-11,9,0,113,34.18,34.18,0.0,144.243849,0.0
2019-03-11,9,0,115,34.18,34.18,0.0,144.243849,0.0
2019-03-11,9,0,116,25.28,25.28,0.0,443.626927,0.0
2019-03-11,9,0,117,2.32,2.32,0.0,9.790688,0.0
2019-03-11,9,0,119,29.59,29.59,0.0,669.498325,0.0
2019-03-11,9,0,120,17.4,17.4,0.0,393.689451,0.0
2019-03-11,9,0,123,1.05,1.05,0.0,7.36005,0.0
2019-03-11,9,0,125,73.97,73.97,0.0,518.497986,0.0
2019-03-11,9,0,126,47.38,47.38,0.0,332.113486,0.0
2019-03-11,9,0,127,60.8,60.8,0.0,426.181932,0.0
2019-03-11,9,0,128,105.95,105.95,0.0,742.664074,0.0
2019-03-11,9,0,131,15.76,15.76,0.0,102.008453,0.0
2019-03-11,9,0,132,23.16,23.16,0.0,149.905823,0.0
2019-03-11,9,0,133,7.94,7.94,0.0,81.4492,0.0
2019-03-11,9,0,134,0.0,0.0,0.0,0.0,0.0
2019-03-11,9,0,135,10.64,10.64,0.0,109.146032,0.0
2019-03-11,9,0,136,13.34,13.34,0.0,136.451067,0.0
2019-03-11,9,0,139,9.75,9.75,0.0,78.325615,0.0
2019-03-11,9,0,140,0.0,0.0,0.0,0.0,0.0
2019-03-11,9,0,141,82.53,82.53,0.0,801.710763,0.0
2019-03-11,9,0,142,108.07,108.07,0.0,1049.810761,0.0
2019-03-11,9,0,143,70.2,70.2,0.0,490.71209,0.0
2019-03-11,9,0,145,16.83,16.83,0.0,128.162478,0.0
2019-03-11,9,0,146,39.6,39.6,0.0,694.921927,0.0
2019-03-11,9,0,152,2.33,2.33,0.0,22.198716,0.0
2019-03-11,9,0,153,2.97,2.97,0.0,28.198332,0.0
2019-03-11,9,0,154,18.65,18.65,0.0,149.822843,0.0
2019-03-11,9,0,157,24.88,24.88,0.0,241.688644,0.0
2019-03-11,9,0,158,80.1,80.1,0.0,778.10532,0.0
2019-03-11,9,0,159,0.0,0.0,0.0,0.0,0.0
2019-03-11,9,0,160,0.72,0.72,0.0,6.976326,0.0
2019-03-11,9,0,161,15.98,15.98,0.0,114.350698,0.0
2019-03-11,9,0,162,48.75,48.75,0.0,1093.897365,0.0
2019-03-11,9,0,163,60.4,60.4,0.0,1059.931424,0.0
2019-03-11,9,0,164,4.71,4.71,0.0,32.923845,0.0
2019-03-11,9,0,167,1.13,1.13,0.0,25.351112,0.0
2019-03-11,9,0,168,0.56,0.56,0.0,12.563383,0.0
2019-03-11,9,0,169,0.0,0.0,0.0,0.0,0.0
2019-03-11,9,0,170,1.23,1.23,0.0,27.594573,0.0
2019-03-11,9,0,172,1.64,1.64,0.0,34.783067,0.0
2019-03-11,9,0,173,2.5,2.5,0.0,53.022968,0.0
2019-03-11,9,0,188,2.05,2.05,0.0,44.973834,0.0
2019-03-11,9,0,190,2.01,2.01,0.0,45.477919,0.0
2019-03-11,9,0,191,5.19,5.19,0.0,117.42806,0.0
2019-03-11,9,0,192,42.75,42.75,0.0,967.254255,0.0
2019-03-11,9,0,194,80.3,80.3,0.0,116.241559,0.0
2019-03-11,9,0,196,1.39,1.39,0.0,28.791769,0.0
2019-03-11,9,0,198,3.21,3.21,0.0,32.868579,0.0
2019-03-11,9,0,199,39.0,39.0,0.0,342.859213,0.0
2019-03-11,9,0,200,5.07,5.07,0.0,44.571698,0.0
2019-03-11,9,0,204,285.17,285.17,0.0,2449.589468,0.0
2019-03-11,9,0,205,641.84,641.84,0.0,5566.700161,0.0
2019-03-11,9,0,206,247.93,247.93,0.0,1728.061336,0.0
2019-03-11,9,0,210,0.91,0.91,0.0,8.967173,0.0
2019-03-11,9,0,214,4.87,4.87,0.0,54.86635,0.0
2019-03-11,9,0,217,3.4,3.4,0.0,36.224248,0.0
2019-03-11,9,0,218,4.69,4.69,0.0,49.968154,0.0
2019-03-11,9,0,219,3.2,3.2,0.0,34.09341,0.0
2019-03-11,9,0,221,2.6,2.6,0.0,29.292097,0.0
2019-03-11,9,0,225,2.62,2.62,0.0,25.316398,0.0
2019-03-11,9,0,233,2.55,2.55,0.0,27.770563,0.0
2019-03-11,9,0,236,22.38,22.38,0.0,221.678728,0.0
2019-03-11,9,0,237,37.8,37.8,0.0,359.690961,0.0
2019-03-11,9,0,238,23.3,23.3,0.0,235.75146,0.0
2019-03-11,9,0,240,3.44,3.44,0.0,31.706875,0.0
2019-03-11,9,0,245,14.93,14.93,0.0,154.520499,0.0
2019-03-11,9,0,247,23.14,23.14,0.0,239.491249,0.0
2019-03-11,9,0,248,3.79,3.79,0.0,36.064252,0.0
2019-03-11,9,0,249,28.71,28.71,0.0,297.138884,0.0
2019-03-11,9,0,251,40.75,40.75,0.0,415.167334,0.0
2019-03-11,9,0,252,48.56,48.56,0.0,496.77457,0.0
2019-03-11,9,0,254,4.6,4.6,0.0,43.259529,0.0
2019-03-11,9,0,255,2.11,2.11,0.0,19.842958,0.0
2019-03-11,9,0,258,4.26,4.26,0.0,39.327948,0.0
2019-03-11,9,0,260,1.75,1.75,0.0,16.956349,0.0
2019-03-11,9,0,265,19.31,19.31,0.0,155.124885,0.0
2019-03-11,9,0,266,6.32,6.32,0.0,50.771065,0.0
2019-03-11,9,0,267,7.76,7.76,0.0,62.339156,0.0
2019-03-11,9,0,270,188.64,188.64,0.0,3310.355362,0.0
2019-03-11,9,0,272,114.07,114.07,0.0,481.38958,0.0
2019-03-11,9,0,273,6.05,6.05,0.0,106.168628,0.0
2019-03-11,9,0,274,243.18,243.18,0.0,4267.45238,0.0
2019-03-11,9,0,275,338.51,338.51,0.0,5940.35408,0.0
2019-03-11,9,0,276,1.35,1.35,0.0,21.329037,0.0
2019-03-11,9,0,277,1.98,1.98,0.0,9.094548,0.0
2019-03-11,9,0,278,3.17,3.17,0.0,14.560464,0.0
2019-03-11,9,0,279,114.45,114.45,0.0,525.692449,0.0
2019-03-11,9,0,281,11.75,11.75,0.0,82.134858,0.0
2019-03-11,9,0,282,72.38,72.38,0.0,505.950727,0.0
2019-03-11,10,0,9,1.62,1.62,0.0,-4.947498,0.0
2019-03-11,10,0,17,30.15,30.15,0.0,368.245218,0.0
2019-03-11,10,0,19,137.65,137.65,0.0,1681.225678,0.0
2019-03-11,10,0,20,170.55,170.55,0.0,2083.058768,0.0
2019-03-11,10,0,21,36.95,36.95,0.0,-112.845715,0.0
2019-03-11,10,0,22,131.31,131.31,0.0,-401.022213,0.0
2019-03-11,10,0,23,71.46,71.46,0.0,-218.239642,0.0
2019-03-11,10,0,24,126.44,126.44,0.0,-386.149179,0.0
2019-03-11,10,0,29,5.29,5.29,0.0,45.038854,0.0
2019-03-11,10,0,30,291.1,291.1,0.0,-915.343455,0.0
2019-03-11,10,0,31,71.59,71.59,0.0,-225.109715,0.0
2019-03-11,10,0,32,2.46,2.46,0.0,167.180968,0.0
2019-03-11,10,0,33,1.57,1.57,0.0,23.919234,0.0
2019-03-11,10,0,34,2.52,2.52,0.0,38.392656,0.0
2019-03-11,10,0,35,2.52,2.52,0.0,38.392656,0.0
2019-03-11,10,0,36,5.31,5.31,0.0,38.398788,0.0
2019-03-11,10,0,37,2.51,2.51,0.0,17.872324,0.0
2019-03-11,10,0,38,3.23,3.23,0.0,22.999046,0.0
2019-03-11,10,0,39,2.15,2.15,0.0,15.308963,0.0
2019-03-11,10,0,40,2.15,2.15,0.0,15.308963,0.0
2019-03-11,10,0,41,8.98,8.98,0.0,15.571328,0.0
2019-03-11,10,0,42,35.81,35.81,0.0,413.921921,0.0
2019-03-11,10,0,43,15.64,15.64,0.0,119.252858,0.0
2019-03-11,10,0,46,13.27,13.27,0.0,81.009253,0.0
2019-03-11,10,0,52,75.93,75.93,0.0,-238.756539,0.0
2019-03-11,10,0,53,121.07,121.07,0.0,-380.696091,0.0
2019-03-11,10,0,55,119.99,119.99,0.0,-366.450806,0.0
2019-03-11,10,0,56,85.86,85.86,0.0,-269.980725,0.0
2019-03-11,10,0,57,81.68,81.68,0.0,-256.837009,0.0
2019-03-11,10,0,58,157.07,157.07,0.0,-493.895556,0.0
2019-03-11,10,0,59,154.45,154.45,0.0,-485.657151,0.0
2019-03-11,10,0,63,24.33,24.33,0.0,1664.661361,0.0
2019-03-11,10,0,64,28.62,28.62,0.0,1958.183648,0.0
2019-03-11,10,0,65,11.22,11.22,0.0,135.67347,0.0
2019-03-11,10,0,67,175.7,175.7,0.0,1615.226729,0.0
2019-03-11,10,0,68,21.08,21.08,0.0,-53.575095,0.0
2019-03-11,10,0,69,1.57,1.57,0.0,23.919234,0.0
2019-03-11,10,0,74,35.94,35.94,0.0,312.563548,0.0
2019-03-11,10,0,77,43.28,43.28,0.0,-507.629289,0.0
2019-03-11,10,0,78,32.72,32.72,0.0,-383.771496,0.0
2019-03-11,10,0,79,18.93,18.93,0.0,-222.029169,0.0
2019-03-11,10,0,80,30.62,30.62,0.0,-359.140685,0.0
2019-03-11,10,0,81,40.03,40.03,0.0,-469.510176,0.0
2019-03-11,10,0,82,28.24,28.24,0.0,-331.225765,0.0
2019-03-11,10,0,83,62.97,62.97,0.0,-738.572466,0.0
2019-03-11,10,0,84,0.0,0.0,0.0,0.0,0.0
2019-03-11,10,0,86,7.97,7.97,0.0,121.424393,0.0
2019-03-11,10,0,87,40.67,40.67,0.0,619.614812,0.0
2019-03-11,10,0,88,72.82,72.82,0.0,-854.102699,0.0
2019-03-11,10,0,89,69.67,69.67,0.0,-817.156482,0.0
2019-03-11,10,0,90,96.74,96.74,0.0,-1134.659367,0.0
2019-03-11,10,0,91,358.39,358.39,0.0,-4203.541147,0.0
2019-03-11,10,0,92,126.98,126.98,0.0,-1489.343048,0.0
2019-03-11,10,0,95,88.65,88.65,0.0,5984.941316,0.0
2019-03-11,10,0,96,18.92,18.92,0.0,-61.280474,0.0
2019-03-11,10,0,97,116.37,116.37,0.0,-376.913783,0.0
2019-03-11,10,0,99,7.39,7.39,0.0,64.269466,0.0
2019-03-11,10,0,101,5.86,5.86,0.0,-18.426357,0.0
2019-03-11,10,0,102,49.9,49.9,0.0,-126.821501,0.0
2019-03-11,10,0,103,43.39,43.39,0.0,-110.276251,0.0
2019-03-11,10,0,104,8.06,8.06,0.0,-20.484595,0.0
2019-03-11,10,0,106,129.27,129.27,0.0,-394.79203,0.0
2019-03-11,10,0,109,152.25,152.25,0.0,716.137451,0.0
2019-03-11,10,0,110,0.0,0.0,0.0,0.0,0.0
2019-03-11,10,0,111,8.31,8.31,0.0,14.409547,0.0
2019-03-11,10,0,113,83.58,83.58,0.0,-1339.795811,0.0
2019-03-11,10,0,115,83.58,83.58,0.0,-1339.795811,0.0
2019-03-11,10,0,116,56.29,56.29,0.0,2540.266092,0.0
2019-03-11,10,0,117,5.57,5.57,0.0,-89.287661,0.0
2019-03-11,10,0,119,28.62,28.62,0.0,1958.183648,0.0
2019-03-11,10,0,120,16.83,16.83,0.0,1151.51051,0.0
2019-03-11,10,0,123,2.15,2.15,0.0,-6.566124,0.0
2019-03-11,10,0,125,114.42,114.42,0.0,-349.439964,0.0
2019-03-11,10,0,126,96.95,96.95,0.0,-296.086388,0.0
2019-03-11,10,0,127,124.42,124.42,0.0,-379.980076,0.0
2019-03-11,10,0,128,163.88,163.88,0.0,-500.491359,0.0
2019-03-11,10,0,131,30.53,30.53,0.0,-173.271956,0.0
2019-03-11,10,0,132,49.25,49.25,0.0,-279.516667,0.0
2019-03-11,10,0,133,11.74,11.74,0.0,143.524249,0.0
2019-03-11,10,0,134,0.0,0.0,0.0,0.0,0.0
2019-03-11,10,0,135,15.73,15.73,0.0,192.302933,0.0
2019-03-11,10,0,136,18.32,18.32,0.0,221.405088,0.0
2019-03-11,10,0,139,11.6,11.6,0.0,20.11441,0.0
2019-03-11,10,0,140,0.0,0.0,0.0,0.0,0.0
2019-03-11,10,0,141,117.99,117.99,0.0,1084.693237,0.0
2019-03-11,10,0,142,231.7,231.7,0.0,2130.04003,0.0
2019-03-11,10,0,143,161.56,161.56,0.0,-508.014045,0.0
2019-03-11,10,0,145,48.8,48.8,0.0,-11.21724,0.0
2019-03-11,10,0,146,38.98,38.98,0.0,1759.097038,0.0
2019-03-11,10,0,152,4.14,4.14,0.0,36.197459,0.0
2019-03-11,10,0,153,5.26,5.26,0.0,45.163609,0.0
2019-03-11,10,0,154,34.26,34.26,0.0,59.406869,0.0
2019-03-11,10,0,157,19.13,19.13,0.0,175.863901,0.0
2019-03-11,10,0,158,181.25,181.25,0.0,1666.248405,0.0
2019-03-11,10,0,159,0.0,0.0,0.0,0.0,0.0
2019-03-11,10,0,160,1.13,1.13,0.0,10.554469,0.0
2019-03-11,10,0,161,33.34,33.34,0.0,-84.734045,0.0
2019-03-11,10,0,162,78.87,78.87,0.0,5328.009023,0.0
2019-03-11,10,0,163,37.18,37.18,0.0,1677.866287,0.0
2019-03-11,10,0,164,10.76,10.76,0.0,-33.834062,0.0
2019-03-11,10,0,167,2.61,2.61,0.0,176.264373,0.0
2019-03-11,10,0,168,1.31,1.31,0.0,88.469858,0.0
2019-03-11,10,0,169,0.0,0.0,0.0,0.0,0.0
2019-03-11,10,0,170,2.86,2.86,0.0,193.147934,0.0
2019-03-11,10,0,172,3.96,3.96,0.0,245.106234,0.0
2019-03-11,10,0,173,6.03,6.03,0.0,373.229947,0.0
2019-03-11,10,0,188,5.22,5.22,0.0,340.628883,0.0
2019-03-11,10,0,190,4.28,4.28,0.0,292.838086,0.0
2019-03-11,10,0,191,11.07,11.07,0.0,757.410656,0.0
2019-03-11,10,0,192,40.98,40.98,0.0,2803.856251,0.0
2019-03-11,10,0,194,38.41,38.41,0.0,-1105.357614,0.0
2019-03-11,10,0,196,3.48,3.48,0.0,207.580159,0.0
2019-03-11,10,0,198,5.26,5.26,0.0,61.781198,0.0
2019-03-11,10,0,199,39.0,39.0,0.0,187.218746,0.0
2019-03-11,10,0,200,9.51,9.51,0.0,45.652571,0.0
2019-03-11,10,0,204,224.24,224.24,0.0,966.857727,0.0
2019-03-11,10,0,205,899.13,899.13,0.0,4229.232622,0.0
2019-03-11,10,0,206,341.96,341.96,0.0,-1107.583031,0.0
2019-03-11,10,0,210,1.5,1.5,0.0,14.051256,0.0
2019-03-11,10,0,214,8.94,8.94,0.0,152.195463,0.0
2019-03-11,10,0,217,6.15,6.15,0.0,84.267416,0.0
2019-03-11,10,0,218,8.49,8.49,0.0,116.33014,0.0
2019-03-11,10,0,219,5.78,5.78,0.0,79.197669,0.0
2019-03-11,10,0,221,4.77,4.77,0.0,81.204962,0.0
2019-03-11,10,0,225,4.77,4.77,0.0,40.218407,0.0
2019-03-11,10,0,233,4.51,4.51,0.0,68.710666,0.0
2019-03-11,10,0,236,31.4,31.4,0.0,331.102493,0.0
2019-03-11,10,0,237,83.99,83.99,0.0,730.445531,0.0
2019-03-11,10,0,238,46.61,46.61,0.0,538.757351,0.0
2019-03-11,10,0,240,6.01,6.01,0.0,43.460775,0.0
2019-03-11,10,0,245,23.42,23.42,0.0,296.524347,0.0
2019-03-11,10,0,247,37.08,37.08,0.0,469.47578,0.0
2019-03-11,10,0,248,9.17,9.17,0.0,79.749798,0.0
2019-03-11,10,0,249,45.04,45.04,0.0,570.258607,0.0
2019-03-11,10,0,251,56.72,56.72,0.0,674.534691,0.0
2019-03-11,10,0,252,72.37,72.37,0.0,875.105971,0.0
2019-03-11,10,0,254,7.61,7.61,0.0,61.30092,0.0
2019-03-11,10,0,255,3.49,3.49,0.0,28.113037,0.0
2019-03-11,10,0,258,7.42,7.42,0.0,54.128573,0.0
2019-03-11,10,0,260,2.75,2.75,0.0,25.685654,0.0
2019-03-11,10,0,265,35.48,35.48,0.0,61.52235,0.0
2019-03-11,10,0,266,7.51,7.51,0.0,13.022346,0.0
2019-03-11,10,0,267,9.23,9.23,0.0,16.004828,0.0
2019-03-11,10,0,270,116.04,116.04,0.0,5236.675738,0.0
2019-03-11,10,0,272,279.34,279.34,0.0,-4477.848312,0.0
2019-03-11,10,0,273,13.46,13.46,0.0,607.425504,0.0
2019-03-11,10,0,274,149.59,149.59,0.0,6750.726677,0.0
2019-03-11,10,0,275,208.21,208.21,0.0,9396.141463,0.0
2019-03-11,10,0,276,3.24,3.24,0.0,120.219052,0.0
2019-03-11,10,0,277,4.29,4.29,0.0,-61.371466,0.0
2019-03-11,10,0,278,6.87,6.87,0.0,-98.28018,0.0
2019-03-11,10,0,279,159.57,159.57,0.0,-2282.761031,0.0
2019-03-11,10,0,281,31.91,31.91,0.0,-100.338748,0.0
2019-03-11,10,0,282,159.69,159.69,0.0,-502.133962,0.0
2019-03-11,11,0,9,2.51,2.51,0.0,14.962538,0.0
2019-03-11,11,0,17,43.92,43.92,0.0,444.764134,0.0
2019-03-11,11,0,19,96.92,96.92,0.0,981.478593,0.0
2019-03-11,11,0,20,117.54,117.54,0.0,1190.290898,0.0
2019-03-11,11,0,21,57.45,57.45,0.0,342.469253,0.0
2019-03-11,11,0,22,204.18,204.18,0.0,1217.151821,0.0
2019-03-11,11,0,23,34.55,34.55,0.0,205.958446,0.0
2019-03-11,11,0,24,61.1,61.1,0.0,364.227526,0.0
2019-03-11,11,0,29,7.94,7.94,0.0,75.756844,0.0
2019-03-11,11,0,30,460.31,460.31,0.0,2732.495292,0.0
2019-03-11,11,0,31,81.79,81.79,0.0,485.522344,0.0
2019-03-11,11,0,32,3.65,3.65,0.0,67.344445,0.0
2019-03-11,11,0,33,2.31,2.31,0.0,25.261292,0.0
2019-03-11,11,0,34,3.69,3.69,0.0,40.352453,0.0
2019-03-11,11,0,35,3.69,3.69,0.0,40.352453,0.0
2019-03-11,11,0,36,8.03,8.03,0.0,70.737189,0.0
2019-03-11,11,0,37,3.82,3.82,0.0,33.54743,0.0
2019-03-11,11,0,38,4.91,4.91,0.0,43.119864,0.0
2019-03-11,11,0,39,3.27,3.27,0.0,28.717302,0.0
2019-03-11,11,0,40,3.27,3.27,0.0,28.717302,0.0
2019-03-11,11,0,41,13.92,13.92,0.0,101.327049,0.0
2019-03-11,11,0,42,56.41,56.41,0.0,561.355029,0.0
2019-03-11,11,0,43,23.61,23.61,0.0,210.896547,0.0
2019-03-11,11,0,46,19.71,19.71,0.0,167.622911,0.0
2019-03-11,11,0,52,86.95,86.95,0.0,516.15317,0.0
2019-03-11,11,0,53,141.62,141.62,0.0,840.685589,0.0
2019-03-11,11,0,55,268.06,268.06,0.0,1597.951401,0.0
2019-03-11,11,0,56,135.77,135.77,0.0,805.95878,0.0
2019-03-11,11,0,57,129.15,129.15,0.0,766.661091,0.0
2019-03-11,11,0,58,248.37,248.37,0.0,1474.375651,0.0
2019-03-11,11,0,59,244.23,244.23,0.0,1449.799755,0.0
2019-03-11,11,0,63,30.44,30.44,0.0,674.579525,0.0
2019-03-11,11,0,64,35.81,35.81,0.0,793.583862,0.0
2019-03-11,11,0,65,21.19,21.19,0.0,213.894291,0.0
2019-03-11,11,0,67,277.33,277.33,0.0,-2648.644217,0.0
2019-03-11,11,0,68,17.64,17.64,0.0,-43.767685,0.0
2019-03-11,11,0,69,2.31,2.31,0.0,25.261292,0.0
2019-03-11,11,0,74,69.53,69.53,0.0,638.470439,0.0
2019-03-11,11,0,77,35.16,35.16,0.0,125.353356,0.0
2019-03-11,11,0,78,26.58,26.58,0.0,94.763714,0.0
2019-03-11,11,0,79,15.38,15.38,0.0,54.83318,0.0
2019-03-11,11,0,80,24.88,24.88,0.0,88.70283,0.0
2019-03-11,11,0,81,32.52,32.52,0.0,115.941158,0.0
2019-03-11,11,0,82,22.94,22.94,0.0,81.786291,0.0
2019-03-11,11,0,83,51.16,51.16,0.0,182.396976,0.0
2019-03-11,11,0,84,0.0,0.0,0.0,0.0,0.0
2019-03-11,11,0,86,11.69,11.69,0.0,127.837445,0.0
2019-03-11,11,0,87,59.68,59.68,0.0,652.638045,0.0
2019-03-11,11,0,88,28.87,28.87,0.0,102.928083,0.0
2019-03-11,11,0,89,27.76,27.76,0.0,98.970681,0.0
2019-03-11,11,0,90,37.27,37.27,0.0,132.875983,0.0
2019-03-11,11,0,91,132.95,132.95,0.0,473.996833,0.0
2019-03-11,11,0,92,47.81,47.81,0.0,170.453468,0.0
2019-03-11,11,0,95,96.29,96.29,0.0,1790.850269,0.0
2019-03-11,11,0,96,16.33,16.33,0.0,96.512208,0.0
2019-03-11,11,0,97,120.04,120.04,0.0,709.450429,0.0
2019-03-11,11,0,99,14.92,14.92,0.0,137.005306,0.0
2019-03-11,11,0,101,9.27,9.27,0.0,55.028636,0.0
2019-03-11,11,0,102,41.76,41.76,0.0,-103.613295,0.0
2019-03-11,11,0,103,36.32,36.32,0.0,-90.115778,0.0
2019-03-11,11,0,104,6.74,6.74,0.0,-16.723027,0.0
2019-03-11,11,0,106,200.99,200.99,0.0,1198.135687,0.0
2019-03-11,11,0,109,64.31,64.31,0.0,521.301284,0.0
2019-03-11,11,0,110,13.7,13.7,0.0,-427.427978,0.0
2019-03-11,11,0,111,12.77,12.77,0.0,92.955921,0.0
2019-03-11,11,0,113,39.02,39.02,0.0,174.668875,0.0
2019-03-11,11,0,115,39.02,39.02,0.0,174.668875,0.0
2019-03-11,11,0,116,86.53,86.53,0.0,-2699.660071,0.0
2019-03-11,11,0,117,2.62,2.62,0.0,11.728151,0.0
2019-03-11,11,0,119,35.81,35.81,0.0,793.583862,0.0
2019-03-11,11,0,120,21.06,21.06,0.0,466.70975,0.0
2019-03-11,11,0,123,3.35,3.35,0.0,19.969922,0.0
2019-03-11,11,0,125,55.29,55.29,0.0,329.593125,0.0
2019-03-11,11,0,126,150.74,150.74,0.0,898.586862,0.0
2019-03-11,11,0,127,193.46,193.46,0.0,1153.248072,0.0
2019-03-11,11,0,128,79.18,79.18,0.0,472.005491,0.0
2019-03-11,11,0,131,18.89,18.89,0.0,-11.204693,0.0
2019-03-11,11,0,132,27.77,27.77,0.0,-16.471907,0.0
2019-03-11,11,0,133,17.01,17.01,0.0,172.307163,0.0
2019-03-11,11,0,134,0.0,0.0,0.0,0.0,0.0
2019-03-11,11,0,135,22.79,22.79,0.0,230.857158,0.0
2019-03-11,11,0,136,27.25,27.25,0.0,275.015898,0.0
2019-03-11,11,0,139,17.98,17.98,0.0,130.880772,0.0
2019-03-11,11,0,140,10.14,10.14,0.0,-316.359102,0.0
2019-03-11,11,0,141,99.05,99.05,0.0,-945.978472,0.0
2019-03-11,11,0,142,365.72,365.72,0.0,-3492.814204,0.0
2019-03-11,11,0,143,154.52,154.52,0.0,917.262655,0.0
2019-03-11,11,0,145,67.35,67.35,0.0,454.070893,0.0
2019-03-11,11,0,146,75.51,75.51,0.0,-2355.845741,0.0
2019-03-11,11,0,152,6.31,6.31,0.0,58.045804,0.0
2019-03-11,11,0,153,7.84,7.84,0.0,71.791281,0.0
2019-03-11,11,0,154,52.7,52.7,0.0,383.616056,0.0
2019-03-11,11,0,157,25.1,25.1,0.0,-239.717917,0.0
2019-03-11,11,0,158,287.7,287.7,0.0,-2747.683054,0.0
2019-03-11,11,0,159,0.0,0.0,0.0,0.0,0.0
2019-03-11,11,0,160,1.73,1.73,0.0,16.318258,0.0
2019-03-11,11,0,161,52.24,52.24,0.0,-129.615865,0.0
2019-03-11,11,0,162,153.14,153.14,0.0,2854.243868,0.0
2019-03-11,11,0,163,60.7,60.7,0.0,-1893.786737,0.0
2019-03-11,11,0,164,16.83,16.83,0.0,99.906358,0.0
2019-03-11,11,0,167,3.9,3.9,0.0,72.126078,0.0
2019-03-11,11,0,168,1.95,1.95,0.0,36.063039,0.0
2019-03-11,11,0,169,0.0,0.0,0.0,0.0,0.0
2019-03-11,11,0,170,4.27,4.27,0.0,78.968809,0.0
2019-03-11,11,0,172,5.99,5.99,0.0,104.414877,0.0
2019-03-11,11,0,173,9.13,9.13,0.0,159.149888,0.0
2019-03-11,11,0,188,7.78,7.78,0.0,138.500608,0.0
2019-03-11,11,0,190,6.43,6.43,0.0,142.494952,0.0
2019-03-11,11,0,191,16.62,16.62,0.0,368.315102,0.0
2019-03-11,11,0,192,60.17,60.17,0.0,1333.42477,0.0
2019-03-11,11,0,194,34.42,34.42,0.0,364.461407,0.0
2019-03-11,11,0,196,5.31,5.31,0.0,157.017202,0.0
2019-03-11,11,0,198,7.89,7.89,0.0,80.2151,0.0
2019-03-11,11,0,199,56.82,56.82,0.0,664.621098,0.0
2019-03-11,11,0,200,13.93,13.93,0.0,162.938611,0.0
2019-03-11,11,0,204,185.18,185.18,0.0,1481.364688,0.0
2019-03-11,11,0,205,420.48,420.48,0.0,3408.439805,0.0
2019-03-11,11,0,206,458.81,458.81,0.0,2711.62072,0.0
2019-03-11,11,0,210,2.2,2.2,0.0,21.471739,0.0
2019-03-11,11,0,214,13.28,13.28,0.0,151.584465,0.0
2019-03-11,11,0,217,8.97,8.97,0.0,95.961202,0.0
2019-03-11,11,0,218,12.38,12.38,0.0,132.441436,0.0
2019-03-11,11,0,219,8.43,8.43,0.0,90.184274,0.0
2019-03-11,11,0,221,7.08,7.08,0.0,80.814609,0.0
2019-03-11,11,0,225,6.98,6.98,0.0,66.449893,0.0
2019-03-11,11,0,233,6.61,6.61,0.0,72.284475,0.0
2019-03-11,11,0,236,38.5,38.5,0.0,372.687023,0.0
2019-03-11,11,0,237,155.01,155.01,0.0,1423.404326,0.0
2019-03-11,11,0,238,73.42,73.42,0.0,730.627304,0.0
2019-03-11,11,0,240,9.11,9.11,0.0,80.251033,0.0
2019-03-11,11,0,245,41.9,41.9,0.0,429.327054,0.0
2019-03-11,11,0,247,75.44,75.44,0.0,772.993626,0.0
2019-03-11,11,0,248,18.46,18.46,0.0,169.511927,0.0
2019-03-11,11,0,249,80.58,80.58,0.0,825.660477,0.0
2019-03-11,11,0,251,141.59,141.59,0.0,1421.653509,0.0
2019-03-11,11,0,252,136.7,136.7,0.0,1379.865485,0.0
2019-03-11,11,0,254,11.6,11.6,0.0,105.072563,0.0
2019-03-11,11,0,255,5.32,5.32,0.0,48.188451,0.0
2019-03-11,11,0,258,11.22,11.22,0.0,99.061871,0.0
2019-03-11,11,0,260,4.2,4.2,0.0,39.616581,0.0
2019-03-11,11,0,265,54.56,54.56,0.0,397.155446,0.0
2019-03-11,11,0,266,11.64,11.64,0.0,84.730378,0.0
2019-03-11,11,0,267,14.3,14.3,0.0,104.093161,0.0
2019-03-11,11,0,270,205.35,205.35,0.0,-6406.739808,0.0
2019-03-11,11,0,272,130.29,130.29,0.0,583.229312,0.0
2019-03-11,11,0,273,20.69,20.69,0.0,-645.509845,0.0
2019-03-11,11,0,274,268.17,268.17,0.0,-8366.668685,0.0
2019-03-11,11,0,275,378.37,378.37,0.0,-11804.811986,0.0
2019-03-11,11,0,276,5.04,5.04,0.0,-132.881844,0.0
2019-03-11,11,0,277,6.59,6.59,0.0,27.092095,0.0
2019-03-11,11,0,278,10.55,10.55,0.0,43.372019,0.0
2019-03-11,11,0,279,133.44,133.44,0.0,548.584099,0.0
2019-03-11,11,0,281,35.66,35.66,0.0,211.68513,0.0
2019-03-11,11,0,282,252.51,252.51,0.0,1498.951546,0.0
2019-03-11,12,0,9,3.27,3.27,0.0,15.959781,0.0
2019-03-11,12,0,17,54.84,54.84,0.0,699.619641,0.0
2019-03-11,12,0,19,121.75,121.75,0.0,1553.221941,0.0
2019-03-11,12,0,20,147.65,147.65,0.0,1883.640408,0.0
2019-03-11,12,0,21,74.75,74.75,0.0,364.829847,0.0
2019-03-11,12,0,22,265.64,265.64,0.0,1296.500342,0.0
2019-03-11,12,0,23,23.3,23.3,0.0,113.719538,0.0
2019-03-11,12,0,24,39.01,39.01,0.0,190.394814,0.0
2019-03-11,12,0,29,9.75,9.75,0.0,61.148584,0.0
2019-03-11,12,0,30,594.81,594.81,0.0,2877.21801,0.0
2019-03-11,12,0,31,85.51,85.51,0.0,413.629415,0.0
2019-03-11,12,0,32,4.49,4.49,0.0,96.283003,0.0
2019-03-11,12,0,33,2.99,2.99,0.0,43.302645,0.0
2019-03-11,12,0,34,4.78,4.78,0.0,69.226302,0.0
2019-03-11,12,0,35,4.78,4.78,0.0,69.226302,0.0
2019-03-11,12,0,36,10.56,10.56,0.0,102.812573,0.0
2019-03-11,12,0,37,5.03,5.03,0.0,48.510036,0.0
2019-03-11,12,0,38,6.47,6.47,0.0,62.3976,0.0
2019-03-11,12,0,39,4.31,4.31,0.0,41.566253,0.0
2019-03-11,12,0,40,4.31,4.31,0.0,41.566253,0.0
2019-03-11,12,0,41,20.92,20.92,0.0,151.124394,0.0
2019-03-11,12,0,42,74.92,74.92,0.0,927.775255,0.0
2019-03-11,12,0,43,30.79,30.79,0.0,300.687032,0.0
2019-03-11,12,0,46,25.38,25.38,0.0,231.594306,0.0
2019-03-11,12,0,52,90.64,90.64,0.0,438.444277,0.0
2019-03-11,12,0,53,143.99,143.99,0.0,696.509173,0.0
2019-03-11,12,0,55,338.92,338.92,0.0,1654.155609,0.0
2019-03-11,12,0,56,175.45,175.45,0.0,848.687648,0.0
2019-03-11,12,0,57,166.89,166.89,0.0,807.281172,0.0
2019-03-11,12,0,58,320.94,320.94,0.0,1552.452629,0.0
2019-03-11,12,0,59,315.59,315.59,0.0,1526.573581,0.0
2019-03-11,12,0,63,38.75,38.75,0.0,1036.374318,0.0
2019-03-11,12,0,64,45.59,45.59,0.0,1219.311101,0.0
2019-03-11,12,0,65,36.21,36.21,0.0,459.432802,0.0
2019-03-11,12,0,67,364.37,364.37,0.0,-6561.119542,0.0
2019-03-11,12,0,68,15.04,15.04,0.0,-119.420265,0.0
2019-03-11,12,0,69,2.99,2.99,0.0,43.302645,0.0
2019-03-11,12,0,74,144.01,144.01,0.0,1551.794972,0.0
2019-03-11,12,0,77,29.46,29.46,0.0,21.210245,0.0
2019-03-11,12,0,78,22.27,22.27,0.0,16.033678,0.0
2019-03-11,12,0,79,12.89,12.89,0.0,9.280382,0.0
2019-03-11,12,0,80,20.84,20.84,0.0,15.004125,0.0
2019-03-11,12,0,81,27.25,27.25,0.0,19.619117,0.0
2019-03-11,12,0,82,19.22,19.22,0.0,13.837777,0.0
2019-03-11,12,0,83,42.87,42.87,0.0,30.865011,0.0
2019-03-11,12,0,84,0.0,0.0,0.0,0.0,0.0
2019-03-11,12,0,86,15.13,15.13,0.0,219.120072,0.0
2019-03-11,12,0,87,77.25,77.25,0.0,1118.772344,0.0
2019-03-11,12,0,88,24.26,24.26,0.0,17.466414,0.0
2019-03-11,12,0,89,23.33,23.33,0.0,16.796844,0.0
2019-03-11,12,0,90,31.32,31.32,0.0,22.549385,0.0
2019-03-11,12,0,91,111.72,111.72,0.0,80.434779,0.0
2019-03-11,12,0,92,40.18,40.18,0.0,28.928298,0.0
2019-03-11,12,0,95,120.0,120.0,0.0,2598.204219,0.0
2019-03-11,12,0,96,13.38,13.38,0.0,64.114063,0.0
2019-03-11,12,0,97,82.3,82.3,0.0,394.363778,0.0
2019-03-11,12,0,99,27.8,27.8,0.0,299.561837,0.0
2019-03-11,12,0,101,11.98,11.98,0.0,57.949718,0.0
2019-03-11,12,0,102,35.61,35.61,0.0,-282.74971,0.0
2019-03-11,12,0,103,30.97,30.97,0.0,-245.907287,0.0
2019-03-11,12,0,104,5.75,5.75,0.0,-45.656019,0.0
2019-03-11,12,0,106,261.5,261.5,0.0,1276.294381,0.0
2019-03-11,12,0,109,46.48,46.48,0.0,398.646637,0.0
2019-03-11,12,0,110,42.28,42.28,0.0,-2064.69296,0.0
2019-03-11,12,0,111,17.42,17.42,0.0,125.840676,0.0
2019-03-11,12,0,113,18.04,18.04,0.0,33.41766,0.0
2019-03-11,12,0,115,18.04,18.04,0.0,33.41766,0.0
2019-03-11,12,0,116,112.08,112.08,0.0,-5473.292027,0.0
2019-03-11,12,0,117,1.2,1.2,0.0,2.222904,0.0
2019-03-11,12,0,119,45.59,45.59,0.0,1219.311101,0.0
2019-03-11,12,0,120,26.81,26.81,0.0,717.037302,0.0
2019-03-11,12,0,123,4.36,4.36,0.0,21.279707,0.0
2019-03-11,12,0,125,35.7,35.7,0.0,174.239807,0.0
2019-03-11,12,0,126,196.12,196.12,0.0,957.196383,0.0
2019-03-11,12,0,127,251.69,251.69,0.0,1228.415039,0.0
2019-03-11,12,0,128,48.93,48.93,0.0,238.811029,0.0
2019-03-11,12,0,131,15.8,15.8,0.0,-82.976949,0.0
2019-03-11,12,0,132,23.22,23.22,0.0,-121.944604,0.0
2019-03-11,12,0,133,23.58,23.58,0.0,300.97545,0.0
2019-03-11,12,0,134,0.0,0.0,0.0,0.0,0.0
2019-03-11,12,0,135,31.59,31.59,0.0,403.215203,0.0
2019-03-11,12,0,136,38.86,38.86,0.0,492.907843,0.0
2019-03-11,12,0,139,27.01,27.01,0.0,195.118064,0.0
2019-03-11,12,0,140,31.29,31.29,0.0,-1528.009525,0.0
2019-03-11,12,0,141,86.08,86.08,0.0,-1550.02105,0.0
2019-03-11,12,0,142,480.51,480.51,0.0,-8652.423501,0.0
2019-03-11,12,0,143,147.78,147.78,0.0,714.842181,0.0
2019-03-11,12,0,145,32.64,32.64,0.0,203.241005,0.0
2019-03-11,12,0,146,134.06,134.06,0.0,-6546.658897,0.0
2019-03-11,12,0,152,8.28,8.28,0.0,89.093442,0.0
2019-03-11,12,0,153,10.36,10.36,0.0,110.534279,0.0
2019-03-11,12,0,154,71.87,71.87,0.0,519.183089,0.0
2019-03-11,12,0,157,36.48,36.48,0.0,-656.886244,0.0
2019-03-11,12,0,158,382.17,382.17,0.0,-6881.639694,0.0
2019-03-11,12,0,159,0.0,0.0,0.0,0.0,0.0
2019-03-11,12,0,160,2.24,2.24,0.0,23.083557,0.0
2019-03-11,12,0,161,67.79,67.79,0.0,-538.264612,0.0
2019-03-11,12,0,162,162.5,162.5,0.0,3527.648605,0.0
2019-03-11,12,0,163,77.27,77.27,0.0,-3773.387535,0.0
2019-03-11,12,0,164,22.45,22.45,0.0,108.595256,0.0
2019-03-11,12,0,167,4.9,4.9,0.0,105.36209,0.0
2019-03-11,12,0,168,2.45,2.45,0.0,52.681045,0.0
2019-03-11,12,0,169,0.0,0.0,0.0,0.0,0.0
2019-03-11,12,0,170,5.36,5.36,0.0,115.253224,0.0
2019-03-11,12,0,172,7.37,7.37,0.0,146.82308,0.0
2019-03-11,12,0,173,11.23,11.23,0.0,223.720922,0.0
2019-03-11,12,0,188,9.51,9.51,0.0,195.046525,0.0
2019-03-11,12,0,190,8.1,8.1,0.0,216.635664,0.0
2019-03-11,12,0,191,20.92,20.92,0.0,559.508406,0.0
2019-03-11,12,0,192,95.5,95.5,0.0,2554.161222,0.0
2019-03-11,12,0,194,32.87,32.87,0.0,341.918505,0.0
2019-03-11,12,0,196,6.95,6.95,0.0,259.146641,0.0
2019-03-11,12,0,198,10.0,10.0,0.0,107.04507,0.0
2019-03-11,12,0,199,107.16,107.16,0.0,1208.605603,0.0
2019-03-11,12,0,200,17.35,17.35,0.0,195.682225,0.0
2019-03-11,12,0,204,179.66,179.66,0.0,1503.652119,0.0
2019-03-11,12,0,205,245.86,245.86,0.0,2108.676034,0.0
2019-03-11,12,0,206,241.83,241.83,0.0,1158.796991,0.0
2019-03-11,12,0,210,2.73,2.73,0.0,18.741029,0.0
2019-03-11,12,0,214,17.1,17.1,0.0,265.13181,0.0
2019-03-11,12,0,217,11.29,11.29,0.0,132.550928,0.0
2019-03-11,12,0,218,15.58,15.58,0.0,182.917932,0.0
2019-03-11,12,0,219,10.61,10.61,0.0,124.567347,0.0
2019-03-11,12,0,221,9.12,9.12,0.0,141.403632,0.0
2019-03-11,12,0,225,8.66,8.66,0.0,53.816383,0.0
2019-03-11,12,0,233,8.56,8.56,0.0,123.970113,0.0
2019-03-11,12,0,236,47.16,47.16,0.0,556.51177,0.0
2019-03-11,12,0,237,345.46,345.46,0.0,3722.540733,0.0
2019-03-11,12,0,238,97.52,97.52,0.0,1207.643391,0.0
2019-03-11,12,0,240,11.97,11.97,0.0,116.540388,0.0
2019-03-11,12,0,245,68.55,68.55,0.0,892.034134,0.0
2019-03-11,12,0,247,136.82,136.82,0.0,1780.424657,0.0
2019-03-11,12,0,248,34.68,34.68,0.0,373.698004,0.0
2019-03-11,12,0,249,131.82,131.82,0.0,1715.360169,0.0
2019-03-11,12,0,251,296.55,296.55,0.0,3728.809536,0.0
2019-03-11,12,0,252,233.57,233.57,0.0,2963.538238,0.0
2019-03-11,12,0,254,15.44,15.44,0.0,152.872937,0.0
2019-03-11,12,0,255,7.08,7.08,0.0,70.099766,0.0
2019-03-11,12,0,258,14.62,14.62,0.0,142.411015,0.0
2019-03-11,12,0,260,5.45,5.45,0.0,56.163118,0.0
2019-03-11,12,0,265,74.41,74.41,0.0,537.531844,0.0
2019-03-11,12,0,266,17.49,17.49,0.0,126.346351,0.0
2019-03-11,12,0,267,21.49,21.49,0.0,155.242028,0.0
2019-03-11,12,0,270,241.31,241.31,0.0,-11784.083682,0.0
2019-03-11,12,0,272,60.28,60.28,0.0,111.663888,0.0
2019-03-11,12,0,273,26.8,26.8,0.0,-1308.745774,0.0
2019-03-11,12,0,274,311.07,311.07,0.0,-15190.729398,0.0
2019-03-11,12,0,275,433.02,433.02,0.0,-21146.011007,0.0
2019-03-11,12,0,276,6.55,6.55,0.0,-274.777534,0.0
2019-03-11,12,0,277,8.5,8.5,0.0,11.886414,0.0
2019-03-11,12,0,278,13.6,13.6,0.0,19.018263,0.0
2019-03-11,12,0,279,115.16,115.16,0.0,161.039935,0.0
2019-03-11,12,0,281,38.38,38.38,0.0,185.651935,0.0
2019-03-11,12,0,282,326.29,326.29,0.0,1578.331677,0.0
2019-03-11,13,0,9,3.64,3.64,0.0,-1432.496333,0.0
2019-03-11,13,0,17,61.39,61.39,0.0,481.912498,0.0
2019-03-11,13,0,19,150.09,150.09,0.0,1178.208941,0.0
2019-03-11,13,0,20,182.03,182.03,0.0,1428.938461,0.0
2019-03-11,13,0,21,83.23,83.23,0.0,-32754.579603,0.0
2019-03-11,13,0,22,295.78,295.78,0.0,-116402.133304,0.0
2019-03-11,13,0,23,42.38,42.38,0.0,-16678.350157,0.0
2019-03-11,13,0,24,74.01,74.01,0.0,-29126.113618,0.0
2019-03-11,13,0,29,10.91,10.91,0.0,55.000479,0.0
2019-03-11,13,0,30,675.8,675.8,0.0,-675800.0,0.0
2019-03-11,13,0,31,86.5,86.5,0.0,-86500.0,0.0
2019-03-11,13,0,32,5.65,5.65,0.0,114.576802,0.0
2019-03-11,13,0,33,3.43,3.43,0.0,43.089286,0.0
2019-03-11,13,0,34,5.49,5.49,0.0,68.967983,0.0
2019-03-11,13,0,35,5.49,5.49,0.0,68.967983,0.0
2019-03-11,13,0,36,11.66,11.66,0.0,10.36134,0.0
2019-03-11,13,0,37,5.63,5.63,0.0,4.930102,0.0
2019-03-11,13,0,38,7.23,7.23,0.0,6.331197,0.0
2019-03-11,13,0,39,4.82,4.82,0.0,4.220798,0.0
2019-03-11,13,0,40,4.82,4.82,0.0,4.220798,0.0
2019-03-11,13,0,41,30.46,30.46,0.0,-441.892242,0.0
2019-03-11,13,0,42,83.98,83.98,0.0,573.459159,0.0
2019-03-11,13,0,43,32.7,32.7,0.0,59.709183,0.0
2019-03-11,13,0,46,26.89,26.89,0.0,-5.714306,0.0
2019-03-11,13,0,52,91.69,91.69,0.0,-91690.0,0.0
2019-03-11,13,0,53,145.67,145.67,0.0,-145670.0,0.0
2019-03-11,13,0,55,328.03,328.03,0.0,-129093.893393,0.0
2019-03-11,13,0,56,199.34,199.34,0.0,-199340.0,0.0
2019-03-11,13,0,57,189.61,189.61,0.0,-189610.0,0.0
2019-03-11,13,0,58,364.64,364.64,0.0,-364640.0,0.0
2019-03-11,13,0,59,358.56,358.56,0.0,-358560.0,0.0
2019-03-11,13,0,63,49.3,49.3,0.0,1125.192053,0.0
2019-03-11,13,0,64,58.0,58.0,0.0,1323.755357,0.0
2019-03-11,13,0,65,41.4,41.4,0.0,317.134813,0.0
2019-03-11,13,0,67,387.26,387.26,0.0,4846.931344,0.0
2019-03-11,13,0,68,13.18,13.18,0.0,217.107308,0.0
2019-03-11,13,0,69,3.43,3.43,0.0,43.089286,0.0
2019-03-11,13,0,74,191.91,191.91,0.0,386.887561,0.0
2019-03-11,13,0,77,25.59,25.59,0.0,529.543879,0.0
2019-03-11,13,0,78,19.35,19.35,0.0,400.417118,0.0
2019-03-11,13,0,79,11.2,11.2,0.0,231.76598,0.0
2019-03-11,13,0,80,18.1,18.1,0.0,374.550379,0.0
2019-03-11,13,0,81,23.67,23.67,0.0,489.812568,0.0
2019-03-11,13,0,82,16.7,16.7,0.0,345.579632,0.0
2019-03-11,13,0,83,37.23,37.23,0.0,770.414951,0.0
2019-03-11,13,0,84,0.0,0.0,0.0,0.0,0.0
2019-03-11,13,0,86,17.4,17.4,0.0,218.587051,0.0
2019-03-11,13,0,87,88.83,88.83,0.0,1115.924582,0.0
2019-03-11,13,0,88,21.87,21.87,0.0,452.564464,0.0
2019-03-11,13,0,89,21.03,21.03,0.0,435.182015,0.0
2019-03-11,13,0,90,28.23,28.23,0.0,584.174431,0.0
2019-03-11,13,0,91,100.71,100.71,0.0,2084.031419,0.0
2019-03-11,13,0,92,36.22,36.22,0.0,749.514626,0.0
2019-03-11,13,0,95,120.0,120.0,0.0,2435.678315,0.0
2019-03-11,13,0,96,13.06,13.06,0.0,450.845469,0.0
2019-03-11,13,0,97,80.31,80.31,0.0,2772.388946,0.0
2019-03-11,13,0,99,37.04,37.04,0.0,74.672061,0.0
2019-03-11,13,0,101,13.61,13.61,0.0,-13610.0,0.0
2019-03-11,13,0,102,31.2,31.2,0.0,513.941428,0.0
2019-03-11,13,0,103,27.13,27.13,0.0,446.898427,0.0
2019-03-11,13,0,104,5.04,5.04,0.0,83.021308,0.0
2019-03-11,13,0,106,291.17,291.17,0.0,-114587.900312,0.0
2019-03-11,13,0,109,54.25,54.25,0.0,-120.321867,0.0
2019-03-11,13,0,110,101.19,101.19,0.0,40.459773,0.0
2019-03-11,13,0,111,20.97,20.97,0.0,-304.218001,0.0
2019-03-11,13,0,113,16.55,16.55,0.0,305.425964,0.0
2019-03-11,13,0,115,16.55,16.55,0.0,305.425964,0.0
2019-03-11,13,0,116,129.22,129.22,0.0,51.667278,0.0
2019-03-11,13,0,117,1.1,1.1,0.0,20.300215,0.0
2019-03-11,13,0,119,58.0,58.0,0.0,1323.755357,0.0
2019-03-11,13,0,120,34.1,34.1,0.0,778.276856,0.0
2019-03-11,13,0,123,4.85,4.85,0.0,-1908.6833,0.0
2019-03-11,13,0,125,67.2,67.2,0.0,-26446.086138,0.0
2019-03-11,13,0,126,218.38,218.38,0.0,-85941.909091,0.0
2019-03-11,13,0,127,280.25,280.25,0.0,-110290.411314,0.0
2019-03-11,13,0,128,94.87,94.87,0.0,-37335.419523,0.0
2019-03-11,13,0,131,13.43,13.43,0.0,235.416434,0.0
2019-03-11,13,0,132,19.74,19.74,0.0,346.025347,0.0
2019-03-11,13,0,133,31.81,31.81,0.0,250.277711,0.0
2019-03-11,13,0,134,0.0,0.0,0.0,0.0,0.0
2019-03-11,13,0,135,42.63,42.63,0.0,335.408325,0.0
2019-03-11,13,0,136,45.9,45.9,0.0,351.127841,0.0
2019-03-11,13,0,139,39.34,39.34,0.0,-570.717033,0.0
2019-03-11,13,0,140,74.89,74.89,0.0,29.94399,0.0
2019-03-11,13,0,141,78.05,78.05,0.0,976.870814,0.0
2019-03-11,13,0,142,510.7,510.7,0.0,6391.901662,0.0
2019-03-11,13,0,143,142.13,142.13,0.0,-142130.0,0.0
2019-03-11,13,0,145,57.35,57.35,0.0,-459.860239,0.0
2019-03-11,13,0,146,218.86,218.86,0.0,87.508903,0.0
2019-03-11,13,0,152,9.07,9.07,0.0,24.04773,0.0
2019-03-11,13,0,153,11.2,11.2,0.0,27.10729,0.0
2019-03-11,13,0,154,86.51,86.51,0.0,-1255.026195,0.0
2019-03-11,13,0,157,55.04,55.04,0.0,688.878534,0.0
2019-03-11,13,0,158,405.07,405.07,0.0,5069.840623,0.0
2019-03-11,13,0,159,0.0,0.0,0.0,0.0,0.0
2019-03-11,13,0,160,2.5,2.5,0.0,11.696494,0.0
2019-03-11,13,0,161,72.63,72.63,0.0,1196.396342,0.0
2019-03-11,13,0,162,162.5,162.5,0.0,3303.814431,0.0
2019-03-11,13,0,163,49.11,49.11,0.0,19.636125,0.0
2019-03-11,13,0,164,25.37,25.37,0.0,-25370.0,0.0
2019-03-11,13,0,167,6.51,6.51,0.0,131.709349,0.0
2019-03-11,13,0,168,3.25,3.25,0.0,65.753515,0.0
2019-03-11,13,0,169,0.0,0.0,0.0,0.0,0.0
2019-03-11,13,0,170,7.12,7.12,0.0,144.050778,0.0
2019-03-11,13,0,172,8.45,8.45,0.0,152.483677,0.0
2019-03-11,13,0,173,12.88,12.88,0.0,232.424823,0.0
2019-03-11,13,0,188,11.43,11.43,0.0,224.628505,0.0
2019-03-11,13,0,190,10.18,10.18,0.0,232.341888,0.0
2019-03-11,13,0,191,26.29,26.29,0.0,600.02635,0.0
2019-03-11,13,0,192,152.96,152.96,0.0,3491.062402,0.0
2019-03-11,13,0,194,33.67,33.67,0.0,650.205611,0.0
2019-03-11,13,0,196,7.32,7.32,0.0,196.852787,0.0
2019-03-11,13,0,198,10.52,10.52,0.0,94.071322,0.0
2019-03-11,13,0,199,55.72,55.72,0.0,794.468267,0.0
2019-03-11,13,0,200,18.13,18.13,0.0,258.50161,0.0
2019-03-11,13,0,204,206.93,206.93,0.0,-541.495928,0.0
2019-03-11,13,0,205,286.98,286.98,0.0,-636.497134,0.0
2019-03-11,13,0,206,235.99,235.99,0.0,8146.63264,0.0
2019-03-11,13,0,210,3.21,3.21,0.0,19.666135,0.0
2019-03-11,13,0,214,18.65,18.65,0.0,286.091697,0.0
2019-03-11,13,0,217,12.56,12.56,0.0,143.874018,0.0
2019-03-11,13,0,218,17.33,17.33,0.0,198.514071,0.0
2019-03-11,13,0,219,11.81,11.81,0.0,135.282815,0.0
2019-03-11,13,0,221,9.95,9.95,0.0,152.633372,0.0
2019-03-11,13,0,225,9.66,9.66,0.0,47.686458,0.0
2019-03-11,13,0,233,9.84,9.84,0.0,123.614746,0.0
2019-03-11,13,0,236,114.71,114.71,0.0,608.016008,0.0
2019-03-11,13,0,237,460.38,460.38,0.0,928.118886,0.0
2019-03-11,13,0,238,109.31,109.31,0.0,746.425586,0.0
2019-03-11,13,0,240,13.21,13.21,0.0,11.738705,0.0
2019-03-11,13,0,245,78.0,78.0,0.0,666.728503,0.0
2019-03-11,13,0,247,171.72,171.72,0.0,1467.828443,0.0
2019-03-11,13,0,248,46.21,46.21,0.0,93.158638,0.0
2019-03-11,13,0,249,150.0,150.0,0.0,1282.170199,0.0
2019-03-11,13,0,251,326.4,326.4,0.0,2398.620541,0.0
2019-03-11,13,0,252,267.06,267.06,0.0,2045.749355,0.0
2019-03-11,13,0,254,17.64,17.64,0.0,44.837256,0.0
2019-03-11,13,0,255,8.09,8.09,0.0,20.563118,0.0
2019-03-11,13,0,258,15.98,15.98,0.0,16.619387,0.0
2019-03-11,13,0,260,6.08,6.08,0.0,28.445874,0.0
2019-03-11,13,0,265,89.57,89.57,0.0,-1299.418521,0.0
2019-03-11,13,0,266,25.47,25.47,0.0,-369.500834,0.0
2019-03-11,13,0,267,31.3,31.3,0.0,-454.078371,0.0
2019-03-11,13,0,270,152.81,152.81,0.0,61.099495,0.0
2019-03-11,13,0,272,55.32,55.32,0.0,1020.916275,0.0
2019-03-11,13,0,273,30.9,30.9,0.0,12.355045,0.0
2019-03-11,13,0,274,196.9,196.9,0.0,78.728424,0.0
2019-03-11,13,0,275,273.96,273.96,0.0,109.540067,0.0
2019-03-11,13,0,276,7.14,7.14,0.0,22.170514,0.0
2019-03-11,13,0,277,9.65,9.65,0.0,186.749232,0.0
2019-03-11,13,0,278,15.44,15.44,0.0,298.798771,0.0
2019-03-11,13,0,279,148.88,148.88,0.0,2881.163276,0.0
2019-03-11,13,0,281,38.82,38.82,0.0,-38820.0,0.0
2019-03-11,13,0,282,370.72,370.72,0.0,-370720.0,0.0
2019-03-11,14,0,9,3.77,3.77,0.0,-1565.912101,0.0
2019-03-11,14,0,17,62.91,62.91,0.0,92.239995,0.0
2019-03-11,14,0,19,184.55,184.55,0.0,270.591178,0.0
2019-03-11,14,0,20,223.83,223.83,0.0,328.184358,0.0
2019-03-11,14,0,21,86.25,86.25,0.0,-35824.912115,0.0
2019-03-11,14,0,22,306.53,306.53,0.0,-127320.699253,0.0
2019-03-11,14,0,23,34.04,34.04,0.0,-14138.898648,0.0
2019-03-11,14,0,24,58.55,58.55,0.0,-24319.404108,0.0
2019-03-11,14,0,29,10.94,10.94,0.0,51.722201,0.0
2019-03-11,14,0,30,718.5,718.5,0.0,-718500.0,0.0
2019-03-11,14,0,31,125.0,125.0,0.0,-125000.0,0.0
2019-03-11,14,0,32,5.63,5.63,0.0,218.445514,0.0
2019-03-11,14,0,33,3.49,3.49,0.0,39.723014,0.0
2019-03-11,14,0,34,5.59,5.59,0.0,63.625114,0.0
2019-03-11,14,0,35,5.59,5.59,0.0,63.625114,0.0
2019-03-11,14,0,36,12.09,12.09,0.0,-163.29257,0.0
2019-03-11,14,0,37,5.69,5.69,0.0,-77.495868,0.0
2019-03-11,14,0,38,7.32,7.32,0.0,-99.695915,0.0
2019-03-11,14,0,39,4.88,4.88,0.0,-66.463943,0.0
2019-03-11,14,0,40,4.88,4.88,0.0,-66.463943,0.0
2019-03-11,14,0,41,34.8,34.8,0.0,-1400.430627,0.0
2019-03-11,14,0,42,86.99,86.99,0.0,-59.428206,0.0
2019-03-11,14,0,43,33.5,33.5,0.0,-376.65938,0.0
2019-03-11,14,0,46,27.29,27.29,0.0,-455.22623,0.0
2019-03-11,14,0,52,132.5,132.5,0.0,-132500.0,0.0
2019-03-11,14,0,53,210.5,210.5,0.0,-210500.0,0.0
2019-03-11,14,0,55,560.76,560.76,0.0,-232918.002523,0.0
2019-03-11,14,0,56,211.93,211.93,0.0,-211930.0,0.0
2019-03-11,14,0,57,201.59,201.59,0.0,-201590.0,0.0
2019-03-11,14,0,58,387.68,387.68,0.0,-387680.0,0.0
2019-03-11,14,0,59,381.22,381.22,0.0,-381220.0,0.0
2019-03-11,14,0,63,51.0,51.0,0.0,5773.142431,0.0
2019-03-11,14,0,64,60.0,60.0,0.0,6791.932272,0.0
2019-03-11,14,0,65,41.4,41.4,0.0,44.171642,0.0
2019-03-11,14,0,67,393.25,393.25,0.0,-216065.189078,0.0
2019-03-11,14,0,68,10.64,10.64,0.0,-4280.499344,0.0
2019-03-11,14,0,69,3.49,3.49,0.0,39.723014,0.0
2019-03-11,14,0,74,217.6,217.6,0.0,-2284.818306,0.0
2019-03-11,14,0,77,37.54,37.54,0.0,-10424.819773,0.0
2019-03-11,14,0,78,28.38,28.38,0.0,-7881.0971,0.0
2019-03-11,14,0,79,16.42,16.42,0.0,-4559.817279,0.0
2019-03-11,14,0,80,26.56,26.56,0.0,-7375.684954,0.0
2019-03-11,14,0,81,34.72,34.72,0.0,-9641.708644,0.0
2019-03-11,14,0,82,24.49,24.49,0.0,-6800.848062,0.0
2019-03-11,14,0,83,54.62,54.62,0.0,-15167.91838,0.0
2019-03-11,14,0,84,0.0,0.0,0.0,-0.0,0.0
2019-03-11,14,0,86,17.7,17.7,0.0,201.460558,0.0
2019-03-11,14,0,87,90.37,90.37,0.0,1028.587041,0.0
2019-03-11,14,0,88,30.01,30.01,0.0,-8333.746441,0.0
2019-03-11,14,0,89,28.85,28.85,0.0,-8011.615622,0.0
2019-03-11,14,0,90,38.74,38.74,0.0,-10758.058551,0.0
2019-03-11,14,0,91,138.18,138.18,0.0,-38372.44529,0.0
2019-03-11,14,0,92,49.69,49.69,0.0,-13798.8624,0.0
2019-03-11,14,0,95,120.0,120.0,0.0,3049.643213,0.0
2019-03-11,14,0,96,23.13,23.13,0.0,-74.386496,0.0
2019-03-11,14,0,97,155.12,155.12,0.0,-498.86871,0.0
2019-03-11,14,0,99,42.0,42.0,0.0,-441.003533,0.0
2019-03-11,14,0,101,14.47,14.47,0.0,-14470.0,0.0
2019-03-11,14,0,102,25.13,25.13,0.0,-10109.863581,0.0
2019-03-11,14,0,103,21.86,21.86,0.0,-8794.334178,0.0
2019-03-11,14,0,104,4.09,4.09,0.0,-1645.417511,0.0
2019-03-11,14,0,106,301.75,301.75,0.0,-125335.27224,0.0
2019-03-11,14,0,109,60.0,60.0,0.0,-1317.414547,0.0
2019-03-11,14,0,110,127.96,127.96,0.0,-127960.0,0.0
2019-03-11,14,0,111,21.93,21.93,0.0,-882.512748,0.0
2019-03-11,14,0,113,22.22,22.22,0.0,-5658.761013,0.0
2019-03-11,14,0,115,22.22,22.22,0.0,-5658.761013,0.0
2019-03-11,14,0,116,134.61,134.61,0.0,-134610.0,0.0
2019-03-11,14,0,117,1.48,1.48,0.0,-376.911175,0.0
2019-03-11,14,0,119,60.0,60.0,0.0,6791.932272,0.0
2019-03-11,14,0,120,35.28,35.28,0.0,3993.656176,0.0
2019-03-11,14,0,123,5.03,5.03,0.0,-2089.267338,0.0
2019-03-11,14,0,125,53.37,53.37,0.0,-22167.832575,0.0
2019-03-11,14,0,126,226.31,226.31,0.0,-94000.415777,0.0
2019-03-11,14,0,127,290.44,290.44,0.0,-120637.535938,0.0
2019-03-11,14,0,128,74.07,74.07,0.0,-30765.811482,0.0
2019-03-11,14,0,131,19.61,19.61,0.0,-7118.589121,0.0
2019-03-11,14,0,132,28.83,28.83,0.0,-10465.523934,0.0
2019-03-11,14,0,133,38.29,38.29,0.0,57.582001,0.0
2019-03-11,14,0,134,0.0,0.0,0.0,0.0,0.0
2019-03-11,14,0,135,51.31,51.31,0.0,77.161987,0.0
2019-03-11,14,0,136,45.9,45.9,0.0,47.96681,0.0
2019-03-11,14,0,139,44.94,44.94,0.0,-1808.487137,0.0
2019-03-11,14,0,140,94.71,94.71,0.0,-94710.0,0.0
2019-03-11,14,0,141,129.45,129.45,0.0,-71124.319711,0.0
2019-03-11,14,0,142,518.6,518.6,0.0,-284936.826589,0.0
2019-03-11,14,0,143,222.62,222.62,0.0,-222620.0,0.0
2019-03-11,14,0,145,45.48,45.48,0.0,-1723.779189,0.0
2019-03-11,14,0,146,207.9,207.9,0.0,-207900.0,0.0
2019-03-11,14,0,152,9.34,9.34,0.0,-90.248288,0.0
2019-03-11,14,0,153,11.47,11.47,0.0,-116.548322,0.0
2019-03-11,14,0,154,90.47,90.47,0.0,-3640.717207,0.0
2019-03-11,14,0,157,59.38,59.38,0.0,-32625.431475,0.0
2019-03-11,14,0,158,417.33,417.33,0.0,-229295.576244,0.0
2019-03-11,14,0,159,0.0,0.0,0.0,-0.0,0.0
2019-03-11,14,0,160,2.59,2.59,0.0,-10.242128,0.0
2019-03-11,14,0,161,74.55,74.55,0.0,-29991.656586,0.0
2019-03-11,14,0,162,162.5,162.5,0.0,4266.330906,0.0
2019-03-11,14,0,163,71.44,71.44,0.0,-71440.0,0.0
2019-03-11,14,0,164,25.76,25.76,0.0,-25760.0,0.0
2019-03-11,14,0,167,6.43,6.43,0.0,145.503528,0.0
2019-03-11,14,0,168,3.22,3.22,0.0,72.864908,0.0
2019-03-11,14,0,169,0.0,0.0,0.0,0.0,0.0
2019-03-11,14,0,170,7.04,7.04,0.0,159.307128,0.0
2019-03-11,14,0,172,8.39,8.39,0.0,100.433164,0.0
2019-03-11,14,0,173,12.79,12.79,0.0,153.103716,0.0
2019-03-11,14,0,188,11.49,11.49,0.0,240.35116,0.0
2019-03-11,14,0,190,10.63,10.63,0.0,344.704932,0.0
2019-03-11,14,0,191,27.46,27.46,0.0,890.460718,0.0
2019-03-11,14,0,192,179.27,179.27,0.0,5813.288165,0.0
2019-03-11,14,0,194,37.91,37.91,0.0,-4688.109549,0.0
2019-03-11,14,0,196,7.55,7.55,0.0,2026.65736,0.0
2019-03-11,14,0,198,10.85,10.85,0.0,83.851434,0.0
2019-03-11,14,0,199,102.09,102.09,0.0,-2792.714528,0.0
2019-03-11,14,0,200,18.43,18.43,0.0,-504.160337,0.0
2019-03-11,14,0,204,257.1,257.1,0.0,-5937.564564,0.0
2019-03-11,14,0,205,317.4,317.4,0.0,-6969.122953,0.0
2019-03-11,14,0,206,549.11,549.11,0.0,-1765.947635,0.0
2019-03-11,14,0,210,3.2,3.2,0.0,21.165457,0.0
2019-03-11,14,0,214,18.87,18.87,0.0,325.272482,0.0
2019-03-11,14,0,217,12.41,12.41,0.0,161.392336,0.0
2019-03-11,14,0,218,17.13,17.13,0.0,222.776045,0.0
2019-03-11,14,0,219,11.67,11.67,0.0,151.768619,0.0
2019-03-11,14,0,221,10.06,10.06,0.0,173.409707,0.0
2019-03-11,14,0,225,9.79,9.79,0.0,44.501728,0.0
2019-03-11,14,0,233,10.02,10.02,0.0,114.047163,0.0
2019-03-11,14,0,236,106.46,106.46,0.0,-420.102615,0.0
2019-03-11,14,0,237,522.0,522.0,0.0,-5481.043914,0.0
2019-03-11,14,0,238,113.22,113.22,0.0,-77.347528,0.0
2019-03-11,14,0,240,13.71,13.71,0.0,-185.172964,0.0
2019-03-11,14,0,245,78.0,78.0,0.0,228.888488,0.0
2019-03-11,14,0,247,171.72,171.72,0.0,503.90681,0.0
2019-03-11,14,0,248,52.4,52.4,0.0,-550.204408,0.0
2019-03-11,14,0,249,150.0,150.0,0.0,440.170169,0.0
2019-03-11,14,0,251,326.4,326.4,0.0,134.283205,0.0
2019-03-11,14,0,252,267.06,267.06,0.0,284.939097,0.0
2019-03-11,14,0,254,17.66,17.66,0.0,-166.25966,0.0
2019-03-11,14,0,255,8.1,8.1,0.0,-76.257262,0.0
2019-03-11,14,0,258,16.66,16.66,0.0,-218.928175,0.0
2019-03-11,14,0,260,6.28,6.28,0.0,-24.834195,0.0
2019-03-11,14,0,265,93.67,93.67,0.0,-3769.492437,0.0
2019-03-11,14,0,266,29.1,29.1,0.0,-1171.049748,0.0
2019-03-11,14,0,267,35.76,35.76,0.0,-1439.063196,0.0
2019-03-11,14,0,270,248.35,248.35,0.0,-248350.0,0.0
2019-03-11,14,0,272,74.27,74.27,0.0,-18914.319553,0.0
2019-03-11,14,0,273,32.19,32.19,0.0,-32190.0,0.0
2019-03-11,14,0,274,331.27,331.27,0.0,-331270.0,0.0
2019-03-11,14,0,275,481.8,481.8,0.0,-481800.0,0.0
2019-03-11,14,0,276,7.36,7.36,0.0,-6619.571306,0.0
2019-03-11,14,0,277,9.94,9.94,0.0,-2623.191031,0.0
2019-03-11,14,0,278,15.91,15.91,0.0,-4198.689065,0.0
2019-03-11,14,0,279,137.66,137.66,0.0,-36328.820656,0.0
2019-03-11,14,0,281,56.1,56.1,0.0,-56100.0,0.0
2019-03-11,14,0,282,394.14,394.14,0.0,-394140.0,0.0
2019-03-11,15,0,9,3.6,3.6,0.0,-1526.940525,0.0
2019-03-11,15,0,17,61.06,61.06,0.0,-141.828347,0.0
2019-03-11,15,0,19,192.99,192.99,0.0,-448.271415,0.0
2019-03-11,15,0,20,234.06,234.06,0.0,-543.667586,0.0
2019-03-11,15,0,21,82.4,82.4,0.0,-34949.972012,0.0
2019-03-11,15,0,22,292.84,292.84,0.0,-124208.12869,0.0
2019-03-11,15,0,23,32.64,32.64,0.0,-13844.260758,0.0
2019-03-11,15,0,24,57.75,57.75,0.0,-24494.670919,0.0
2019-03-11,15,0,29,10.02,10.02,0.0,49.848959,0.0
2019-03-11,15,0,30,693.71,693.71,0.0,-693710.0,0.0
2019-03-11,15,0,31,125.0,125.0,0.0,-125000.0,0.0
2019-03-11,15,0,32,5.29,5.29,0.0,222.720843,0.0
2019-03-11,15,0,33,3.43,3.43,0.0,32.273117,0.0
2019-03-11,15,0,34,5.49,5.49,0.0,51.655805,0.0
2019-03-11,15,0,35,5.49,5.49,0.0,51.655805,0.0
2019-03-11,15,0,36,11.66,11.66,0.0,-233.438022,0.0
2019-03-11,15,0,37,5.51,5.51,0.0,-111.066369,0.0
2019-03-11,15,0,38,7.08,7.08,0.0,-142.71323,0.0
2019-03-11,15,0,39,4.72,4.72,0.0,-95.142153,0.0
2019-03-11,15,0,40,4.72,4.72,0.0,-95.142153,0.0
2019-03-11,15,0,41,58.96,58.96,0.0,-3004.528765,0.0
2019-03-11,15,0,42,83.69,83.69,0.0,-407.220666,0.0
2019-03-11,15,0,43,31.61,31.61,0.0,-544.177199,0.0
2019-03-11,15,0,46,26.18,26.18,0.0,-626.575185,0.0
2019-03-11,15,0,52,132.5,132.5,0.0,-132500.0,0.0
2019-03-11,15,0,53,210.5,210.5,0.0,-210500.0,0.0
2019-03-11,15,0,55,623.0,623.0,0.0,-264245.54082,0.0
2019-03-11,15,0,56,204.62,204.62,0.0,-204620.0,0.0
2019-03-11,15,0,57,194.64,194.64,0.0,-194640.0,0.0
2019-03-11,15,0,58,374.31,374.31,0.0,-374310.0,0.0
2019-03-11,15,0,59,368.07,368.07,0.0,-368070.0,0.0
2019-03-11,15,0,63,51.0,51.0,0.0,5934.795739,0.0
2019-03-11,15,0,64,60.0,60.0,0.0,6982.112635,0.0
2019-03-11,15,0,65,41.4,41.4,0.0,-115.720145,0.0
2019-03-11,15,0,67,371.18,371.18,0.0,-202873.662387,0.0
2019-03-11,15,0,68,26.88,26.88,0.0,-10711.53477,0.0
2019-03-11,15,0,69,3.43,3.43,0.0,32.273117,0.0
2019-03-11,15,0,74,217.6,217.6,0.0,-3577.233163,0.0
2019-03-11,15,0,77,54.3,54.3,0.0,-14806.31939,0.0
2019-03-11,15,0,78,41.05,41.05,0.0,-11193.359318,0.0
2019-03-11,15,0,79,23.75,23.75,0.0,-6476.060507,0.0
2019-03-11,15,0,80,38.41,38.41,0.0,-10473.494066,0.0
2019-03-11,15,0,81,50.22,50.22,0.0,-13693.800364,0.0
2019-03-11,15,0,82,35.43,35.43,0.0,-9660.918895,0.0
2019-03-11,15,0,83,79.0,79.0,0.0,-21541.422318,0.0
2019-03-11,15,0,84,0.0,0.0,0.0,-0.0,0.0
2019-03-11,15,0,86,17.4,17.4,0.0,163.717853,0.0
2019-03-11,15,0,87,88.82,88.82,0.0,835.713777,0.0
2019-03-11,15,0,88,41.24,41.24,0.0,-11245.167802,0.0
2019-03-11,15,0,89,39.64,39.64,0.0,-10808.885831,0.0
2019-03-11,15,0,90,53.23,53.23,0.0,-14514.555822,0.0
2019-03-11,15,0,91,189.87,189.87,0.0,-51773.036145,0.0
2019-03-11,15,0,92,68.29,68.29,0.0,-18621.059874,0.0
2019-03-11,15,0,95,120.0,120.0,0.0,3049.643213,0.0
2019-03-11,15,0,96,29.88,29.88,0.0,-549.772511,0.0
2019-03-11,15,0,97,183.75,183.75,0.0,-3380.880151,0.0
2019-03-11,15,0,99,42.0,42.0,0.0,-690.458607,0.0
2019-03-11,15,0,101,13.97,13.97,0.0,-13970.0,0.0
2019-03-11,15,0,102,63.64,63.64,0.0,-25360.19616,0.0
2019-03-11,15,0,103,55.34,55.34,0.0,-22052.691004,0.0
2019-03-11,15,0,104,10.28,10.28,0.0,-4096.524458,0.0
2019-03-11,15,0,106,288.28,288.28,0.0,-122274.004025,0.0
2019-03-11,15,0,109,60.0,60.0,0.0,-1827.270974,0.0
2019-03-11,15,0,110,162.92,162.92,0.0,-162920.0,0.0
2019-03-11,15,0,111,21.42,21.42,0.0,-1091.536739,0.0
2019-03-11,15,0,113,29.91,29.91,0.0,-7503.899383,0.0
2019-03-11,15,0,115,29.91,29.91,0.0,-7503.899383,0.0
2019-03-11,15,0,116,128.85,128.85,0.0,-128850.0,0.0
2019-03-11,15,0,117,1.99,1.99,0.0,-499.256428,0.0
2019-03-11,15,0,119,60.0,60.0,0.0,6982.112635,0.0
2019-03-11,15,0,120,35.28,35.28,0.0,4105.482229,0.0
2019-03-11,15,0,123,4.8,4.8,0.0,-2035.9207,0.0
2019-03-11,15,0,125,52.26,52.26,0.0,-22166.086618,0.0
2019-03-11,15,0,126,216.21,216.21,0.0,-91705.503019,0.0
2019-03-11,15,0,127,277.47,277.47,0.0,-117688.940949,0.0
2019-03-11,15,0,128,74.85,74.85,0.0,-31747.638411,0.0
2019-03-11,15,0,131,69.32,69.32,0.0,-24882.399699,0.0
2019-03-11,15,0,132,102.02,102.02,0.0,-36620.057953,0.0
2019-03-11,15,0,133,41.94,41.94,0.0,-95.550336,0.0
2019-03-11,15,0,134,0.0,0.0,0.0,-0.0,0.0
2019-03-11,15,0,135,56.2,56.2,0.0,-128.038362,0.0
2019-03-11,15,0,136,45.9,45.9,0.0,-129.48879,0.0
2019-03-11,15,0,139,76.67,76.67,0.0,-3907.008488,0.0
2019-03-11,15,0,140,120.58,120.58,0.0,-120580.0,0.0
2019-03-11,15,0,141,200.19,200.19,0.0,-109416.667044,0.0
2019-03-11,15,0,142,489.49,489.49,0.0,-267537.660978,0.0
2019-03-11,15,0,143,238.5,238.5,0.0,-238500.0,0.0
2019-03-11,15,0,145,30.0,30.0,0.0,-1504.078478,0.0
2019-03-11,15,0,146,204.22,204.22,0.0,-204220.0,0.0
2019-03-11,15,0,152,9.07,9.07,0.0,-140.722663,0.0
2019-03-11,15,0,153,11.1,11.1,0.0,-178.784795,0.0
2019-03-11,15,0,154,88.35,88.35,0.0,-4502.206859,0.0
2019-03-11,15,0,157,65.5,65.5,0.0,-35799.948506,0.0
2019-03-11,15,0,158,399.36,399.36,0.0,-218275.838706,0.0
2019-03-11,15,0,159,0.0,0.0,0.0,-0.0,0.0
2019-03-11,15,0,160,2.47,2.47,0.0,-20.247009,0.0
2019-03-11,15,0,161,71.09,71.09,0.0,-28328.980908,0.0
2019-03-11,15,0,162,162.5,162.5,0.0,4267.516856,0.0
2019-03-11,15,0,163,92.13,92.13,0.0,-92130.0,0.0
2019-03-11,15,0,164,25.12,25.12,0.0,-25120.0,0.0
2019-03-11,15,0,167,5.91,5.91,0.0,132.935309,0.0
2019-03-11,15,0,168,2.96,2.96,0.0,66.580121,0.0
2019-03-11,15,0,169,0.0,0.0,0.0,0.0,0.0
2019-03-11,15,0,170,6.47,6.47,0.0,145.531548,0.0
2019-03-11,15,0,172,7.85,7.85,0.0,80.772592,0.0
2019-03-11,15,0,173,11.96,11.96,0.0,123.062446,0.0
2019-03-11,15,0,188,10.87,10.87,0.0,252.218757,0.0
2019-03-11,15,0,190,10.22,10.22,0.0,331.409634,0.0
2019-03-11,15,0,191,26.39,26.39,0.0,855.763232,0.0
2019-03-11,15,0,192,209.79,209.79,0.0,6802.977208,0.0
2019-03-11,15,0,194,43.85,43.85,0.0,-5276.568798,0.0
2019-03-11,15,0,196,7.13,7.13,0.0,1943.631157,0.0
2019-03-11,15,0,198,10.39,10.39,0.0,67.272656,0.0
2019-03-11,15,0,199,105.99,105.99,0.0,-2723.19358,0.0
2019-03-11,15,0,200,17.52,17.52,0.0,-450.140122,0.0
2019-03-11,15,0,204,257.1,257.1,0.0,-8190.426954,0.0
2019-03-11,15,0,205,317.4,317.4,0.0,-9666.26345,0.0
2019-03-11,15,0,206,539.94,539.94,0.0,-9934.54383,0.0
2019-03-11,15,0,210,3.03,3.03,0.0,21.559923,0.0
2019-03-11,15,0,214,17.87,17.87,0.0,291.971394,0.0
2019-03-11,15,0,217,11.7,11.7,0.0,149.761574,0.0
2019-03-11,15,0,218,16.15,16.15,0.0,206.722172,0.0
2019-03-11,15,0,219,11.0,11.0,0.0,140.80148,0.0
2019-03-11,15,0,221,9.53,9.53,0.0,155.707184,0.0
2019-03-11,15,0,225,9.04,9.04,0.0,43.104777,0.0
2019-03-11,15,0,233,9.84,9.84,0.0,92.585269,0.0
2019-03-11,15,0,236,179.56,179.56,0.0,-1568.052881,0.0
2019-03-11,15,0,237,522.0,522.0,0.0,-8581.414114,0.0
2019-03-11,15,0,238,108.93,108.93,0.0,-530.03402,0.0
2019-03-11,15,0,240,13.22,13.22,0.0,-264.669867,0.0
2019-03-11,15,0,245,78.0,78.0,0.0,-45.677415,0.0
2019-03-11,15,0,247,171.72,171.72,0.0,-100.560585,0.0
2019-03-11,15,0,248,52.4,52.4,0.0,-861.42931,0.0
2019-03-11,15,0,249,150.0,150.0,0.0,-87.841182,0.0
2019-03-11,15,0,251,326.4,326.4,0.0,-1165.502231,0.0
2019-03-11,15,0,252,267.06,267.06,0.0,-746.478792,0.0
2019-03-11,15,0,254,16.94,16.94,0.0,-253.293127,0.0
2019-03-11,15,0,255,7.76,7.76,0.0,-116.030382,0.0
2019-03-11,15,0,258,15.97,15.97,0.0,-312.490944,0.0
2019-03-11,15,0,260,5.99,5.99,0.0,-49.101046,0.0
2019-03-11,15,0,265,91.47,91.47,0.0,-4661.198205,0.0
2019-03-11,15,0,266,49.03,49.03,0.0,-2498.508232,0.0
2019-03-11,15,0,267,60.63,60.63,0.0,-3089.629902,0.0
2019-03-11,15,0,270,300.72,300.72,0.0,-300720.0,0.0
2019-03-11,15,0,272,99.94,99.94,0.0,-25073.209775,0.0
2019-03-11,15,0,273,30.81,30.81,0.0,-30810.0,0.0
2019-03-11,15,0,274,396.09,396.09,0.0,-396090.0,0.0
2019-03-11,15,0,275,568.53,568.53,0.0,-568530.0,0.0
2019-03-11,15,0,276,7.12,7.12,0.0,-6399.152222,0.0
2019-03-11,15,0,277,9.55,9.55,0.0,-2479.371335,0.0
2019-03-11,15,0,278,15.28,15.28,0.0,-3966.994136,0.0
2019-03-11,15,0,279,183.86,183.86,0.0,-47733.739651,0.0
2019-03-11,15,0,281,56.1,56.1,0.0,-56100.0,0.0
2019-03-11,15,0,282,380.54,380.54,0.0,-380540.0,0.0
2019-03-11,16,0,9,3.07,3.07,0.0,-1224.764673,0.0
2019-03-11,16,0,17,51.12,51.12,0.0,192.2038,0.0
2019-03-11,16,0,19,332.0,332.0,0.0,1248.27194,0.0
2019-03-11,16,0,20,419.03,419.03,0.0,1575.492142,0.0
2019-03-11,16,0,21,70.13,70.13,0.0,-27978.093332,0.0
2019-03-11,16,0,22,249.23,249.23,0.0,-99429.348369,0.0
2019-03-11,16,0,23,32.64,32.64,0.0,-13021.602258,0.0
2019-03-11,16,0,24,57.75,57.75,0.0,-23039.140024,0.0
2019-03-11,16,0,29,8.09,8.09,0.0,45.127782,0.0
2019-03-11,16,0,30,608.79,608.79,0.0,-608790.0,0.0
2019-03-11,16,0,31,125.0,125.0,0.0,-125000.0,0.0
2019-03-11,16,0,32,4.54,4.54,0.0,178.206193,0.0
2019-03-11,16,0,33,3.07,3.07,0.0,28.300672,0.0
2019-03-11,16,0,34,4.92,4.92,0.0,45.354823,0.0
2019-03-11,16,0,35,4.92,4.92,0.0,45.354823,0.0
2019-03-11,16,0,36,11.22,11.22,0.0,-47.618566,0.0
2019-03-11,16,0,37,5.58,5.58,0.0,-23.73932,0.0
2019-03-11,16,0,38,7.17,7.17,0.0,-30.50375,0.0
2019-03-11,16,0,39,4.78,4.78,0.0,-20.335834,0.0
2019-03-11,16,0,40,4.78,4.78,0.0,-20.335834,0.0
2019-03-11,16,0,41,82.36,82.36,0.0,-1781.263336,0.0
2019-03-11,16,0,42,72.06,72.06,0.0,185.671317,0.0
2019-03-11,16,0,43,29.25,29.25,0.0,-87.673197,0.0
2019-03-11,16,0,46,21.38,21.38,0.0,-121.117493,0.0
2019-03-11,16,0,52,132.5,132.5,0.0,-132500.0,0.0
2019-03-11,16,0,53,210.5,210.5,0.0,-210500.0,0.0
2019-03-11,16,0,55,623.0,623.0,0.0,-248543.44996,0.0
2019-03-11,16,0,56,179.57,179.57,0.0,-179570.0,0.0
2019-03-11,16,0,57,170.81,170.81,0.0,-170810.0,0.0
2019-03-11,16,0,58,328.48,328.48,0.0,-328480.0,0.0
2019-03-11,16,0,59,323.01,323.01,0.0,-323010.0,0.0
2019-03-11,16,0,63,51.0,51.0,0.0,5731.299332,0.0
2019-03-11,16,0,64,60.0,60.0,0.0,6742.705096,0.0
2019-03-11,16,0,65,41.4,41.4,0.0,146.55829,0.0
2019-03-11,16,0,67,306.31,306.31,0.0,-169414.366906,0.0
2019-03-11,16,0,68,34.0,34.0,0.0,-13842.764645,0.0
2019-03-11,16,0,69,3.07,3.07,0.0,28.300672,0.0
2019-03-11,16,0,74,134.72,134.72,0.0,-399.896345,0.0
2019-03-11,16,0,77,60.0,60.0,0.0,-17070.455069,0.0
2019-03-11,16,0,78,45.36,45.36,0.0,-12905.264032,0.0
2019-03-11,16,0,79,26.25,26.25,0.0,-7468.324093,0.0
2019-03-11,16,0,80,42.45,42.45,0.0,-12077.346961,0.0
2019-03-11,16,0,81,55.5,55.5,0.0,-15790.170939,0.0
2019-03-11,16,0,82,39.15,39.15,0.0,-11138.471933,0.0
2019-03-11,16,0,83,87.3,87.3,0.0,-24837.512125,0.0
2019-03-11,16,0,84,0.0,0.0,0.0,-0.0,0.0
2019-03-11,16,0,86,15.57,15.57,0.0,143.531421,0.0
2019-03-11,16,0,87,79.47,79.47,0.0,732.59101,0.0
2019-03-11,16,0,88,51.18,51.18,0.0,-14561.098174,0.0
2019-03-11,16,0,89,49.2,49.2,0.0,-13997.773157,0.0
2019-03-11,16,0,90,66.06,66.06,0.0,-18794.571031,0.0
2019-03-11,16,0,91,235.65,235.65,0.0,-67044.212284,0.0
2019-03-11,16,0,92,84.75,84.75,0.0,-24112.017785,0.0
2019-03-11,16,0,95,120.0,120.0,0.0,3049.643213,0.0
2019-03-11,16,0,96,29.88,29.88,0.0,753.406345,0.0
2019-03-11,16,0,97,183.75,183.75,0.0,4633.146449,0.0
2019-03-11,16,0,99,29.54,29.54,0.0,-87.68511,0.0
2019-03-11,16,0,101,12.26,12.26,0.0,-12260.0,0.0
2019-03-11,16,0,102,80.5,80.5,0.0,-32774.780997,0.0
2019-03-11,16,0,103,70.0,70.0,0.0,-28499.809563,0.0
2019-03-11,16,0,104,13.0,13.0,0.0,-5292.821776,0.0
2019-03-11,16,0,106,245.34,245.34,0.0,-97877.447854,0.0
2019-03-11,16,0,109,60.0,60.0,0.0,-497.732307,0.0
2019-03-11,16,0,110,206.42,206.42,0.0,-206420.0,0.0
2019-03-11,16,0,111,19.83,19.83,0.0,-428.878727,0.0
2019-03-11,16,0,113,40.24,40.24,0.0,-10402.182341,0.0
2019-03-11,16,0,115,40.24,40.24,0.0,-10402.182341,0.0
2019-03-11,16,0,116,111.1,111.1,0.0,-111100.0,0.0
2019-03-11,16,0,117,2.68,2.68,0.0,-692.78948,0.0
2019-03-11,16,0,119,60.0,60.0,0.0,6742.705096,0.0
2019-03-11,16,0,120,35.28,35.28,0.0,3964.710596,0.0
2019-03-11,16,0,123,4.09,4.09,0.0,-1631.689744,0.0
2019-03-11,16,0,125,52.26,52.26,0.0,-20848.925674,0.0
2019-03-11,16,0,126,184.01,184.01,0.0,-73410.080622,0.0
2019-03-11,16,0,127,236.14,236.14,0.0,-94207.143296,0.0
2019-03-11,16,0,128,74.85,74.85,0.0,-29861.119149,0.0
2019-03-11,16,0,131,30.0,30.0,0.0,-11044.911522,0.0
2019-03-11,16,0,132,44.1,44.1,0.0,-16236.019937,0.0
2019-03-11,16,0,133,50.5,50.5,0.0,190.918469,0.0
2019-03-11,16,0,134,0.0,0.0,0.0,0.0,0.0
2019-03-11,16,0,135,64.2,64.2,0.0,242.712192,0.0
2019-03-11,16,0,136,45.9,45.9,0.0,161.934683,0.0
2019-03-11,16,0,139,107.25,107.25,0.0,-2319.578592,0.0
2019-03-11,16,0,140,152.78,152.78,0.0,-152780.0,0.0
2019-03-11,16,0,141,230.0,230.0,0.0,-127208.724457,0.0
2019-03-11,16,0,142,403.94,403.94,0.0,-223411.70503,0.0
2019-03-11,16,0,143,238.5,238.5,0.0,-238500.0,0.0
2019-03-11,16,0,145,30.0,30.0,0.0,-475.393453,0.0
2019-03-11,16,0,146,205.16,205.16,0.0,-205160.0,0.0
2019-03-11,16,0,152,8.95,8.95,0.0,-20.406833,0.0
2019-03-11,16,0,153,11.01,11.01,0.0,-28.063581,0.0
2019-03-11,16,0,154,81.8,81.8,0.0,-1769.151784,0.0
2019-03-11,16,0,157,73.38,73.38,0.0,-40585.113916,0.0
2019-03-11,16,0,158,322.67,322.67,0.0,-178462.778784,0.0
2019-03-11,16,0,159,0.0,0.0,0.0,-0.0,0.0
2019-03-11,16,0,160,2.17,2.17,0.0,1.655095,0.0
2019-03-11,16,0,161,61.82,61.82,0.0,-25169.403245,0.0
2019-03-11,16,0,162,162.5,162.5,0.0,4262.909156,0.0
2019-03-11,16,0,163,111.66,111.66,0.0,-111660.0,0.0
2019-03-11,16,0,164,23.53,23.53,0.0,-23530.0,0.0
2019-03-11,16,0,167,4.91,4.91,0.0,111.137028,0.0
2019-03-11,16,0,168,2.46,2.46,0.0,55.681688,0.0
2019-03-11,16,0,169,0.0,0.0,0.0,0.0,0.0
2019-03-11,16,0,170,5.37,5.37,0.0,121.54905,0.0
2019-03-11,16,0,172,6.16,6.16,0.0,69.638923,0.0
2019-03-11,16,0,173,9.38,9.38,0.0,106.041087,0.0
2019-03-11,16,0,188,8.85,8.85,0.0,191.358148,0.0
2019-03-11,16,0,190,9.4,9.4,0.0,304.819037,0.0
2019-03-11,16,0,191,24.29,24.29,0.0,787.665362,0.0
2019-03-11,16,0,192,242.92,242.92,0.0,7877.302175,0.0
2019-03-11,16,0,194,51.33,51.33,0.0,-6447.50641,0.0
2019-03-11,16,0,196,5.93,5.93,0.0,1580.212529,0.0
2019-03-11,16,0,198,10.44,10.44,0.0,69.846058,0.0
2019-03-11,16,0,199,111.02,111.02,0.0,-2264.641675,0.0
2019-03-11,16,0,200,13.8,13.8,0.0,-281.499326,0.0
2019-03-11,16,0,204,257.1,257.1,0.0,-2265.394698,0.0
2019-03-11,16,0,205,317.4,317.4,0.0,-2633.003904,0.0
2019-03-11,16,0,206,539.94,539.94,0.0,13614.264454,0.0
2019-03-11,16,0,210,2.37,2.37,0.0,16.269684,0.0
2019-03-11,16,0,214,15.01,15.01,0.0,186.67751,0.0
2019-03-11,16,0,217,9.92,9.92,0.0,99.960647,0.0
2019-03-11,16,0,218,13.69,13.69,0.0,137.949723,0.0
2019-03-11,16,0,219,9.33,9.33,0.0,94.015407,0.0
2019-03-11,16,0,221,8.0,8.0,0.0,99.495008,0.0
2019-03-11,16,0,225,7.38,7.38,0.0,40.250257,0.0
2019-03-11,16,0,233,8.81,8.81,0.0,81.214632,0.0
2019-03-11,16,0,236,159.03,159.03,0.0,127.552058,0.0
2019-03-11,16,0,237,308.11,308.11,0.0,-914.578851,0.0
2019-03-11,16,0,238,93.8,93.8,0.0,241.68706,0.0
2019-03-11,16,0,240,12.71,12.71,0.0,-53.942244,0.0
2019-03-11,16,0,245,78.0,78.0,0.0,356.313676,0.0
2019-03-11,16,0,247,171.72,171.72,0.0,784.438263,0.0
2019-03-11,16,0,248,36.28,36.28,0.0,-107.691801,0.0
2019-03-11,16,0,249,150.0,150.0,0.0,685.218609,0.0
2019-03-11,16,0,251,326.4,326.4,0.0,1037.684464,0.0
2019-03-11,16,0,252,267.06,267.06,0.0,945.407172,0.0
2019-03-11,16,0,254,18.62,18.62,0.0,-38.242394,0.0
2019-03-11,16,0,255,8.53,8.53,0.0,-17.519206,0.0
2019-03-11,16,0,258,14.81,14.81,0.0,-59.872772,0.0
2019-03-11,16,0,260,5.26,5.26,0.0,4.01189,0.0
2019-03-11,16,0,265,84.69,84.69,0.0,-1831.656046,0.0
2019-03-11,16,0,266,68.38,68.38,0.0,-1478.907078,0.0
2019-03-11,16,0,267,84.71,84.71,0.0,-1832.088602,0.0
2019-03-11,16,0,270,301.79,301.79,0.0,-301790.0,0.0
2019-03-11,16,0,272,134.49,134.49,0.0,-34766.140732,0.0
2019-03-11,16,0,273,26.57,26.57,0.0,-26570.0,0.0
2019-03-11,16,0,274,376.62,376.62,0.0,-376620.0,0.0
2019-03-11,16,0,275,504.91,504.91,0.0,-504910.0,0.0
2019-03-11,16,0,276,6.06,6.06,0.0,-5455.287826,0.0
2019-03-11,16,0,277,8.0,8.0,0.0,-2151.431836,0.0
2019-03-11,16,0,278,12.79,12.79,0.0,-3439.601647,0.0
2019-03-11,16,0,279,555.14,555.14,0.0,-149293.23366,0.0
2019-03-11,16,0,281,56.1,56.1,0.0,-56100.0,0.0
2019-03-11,16,0,282,333.96,333.96,0.0,-333960.0,0.0
2019-03-11,17,0,9,2.35,2.35,0.0,-43.515331,0.0
2019-03-11,17,0,17,38.0,38.0,0.0,170.117679,0.0
2019-03-11,17,0,19,284.63,284.63,0.0,1274.226182,0.0
2019-03-11,17,0,20,342.76,342.76,0.0,1534.461463,0.0
2019-03-11,17,0,21,53.78,53.78,0.0,-995.852982,0.0
2019-03-11,17,0,22,191.13,191.13,0.0,-3539.185206,0.0
2019-03-11,17,0,23,47.2,47.2,0.0,-874.010055,0.0
2019-03-11,17,0,24,83.96,83.96,0.0,-1554.700936,0.0
2019-03-11,17,0,29,5.83,5.83,0.0,35.991116,0.0
2019-03-11,17,0,30,469.74,469.74,0.0,-8764.782713,0.0
2019-03-11,17,0,31,125.0,125.0,0.0,-2332.349468,0.0
2019-03-11,17,0,32,3.38,3.38,0.0,143.517842,0.0
2019-03-11,17,0,33,2.27,2.27,0.0,19.84498,0.0
2019-03-11,17,0,34,3.64,3.64,0.0,31.821906,0.0
2019-03-11,17,0,35,3.64,3.64,0.0,31.821906,0.0
2019-03-11,17,0,36,8.52,8.52,0.0,-19.204795,0.0
2019-03-11,17,0,37,4.23,4.23,0.0,-9.990508,0.0
2019-03-11,17,0,38,5.44,5.44,0.0,-12.848313,0.0
2019-03-11,17,0,39,3.63,3.63,0.0,-8.573415,0.0
2019-03-11,17,0,40,3.63,3.63,0.0,-8.573415,0.0
2019-03-11,17,0,41,34.8,34.8,0.0,-385.886852,0.0
2019-03-11,17,0,42,54.29,54.29,0.0,192.847307,0.0
2019-03-11,17,0,43,22.35,22.35,0.0,-30.498443,0.0
2019-03-11,17,0,46,16.2,16.2,0.0,-63.181756,0.0
2019-03-11,17,0,52,132.5,132.5,0.0,-2472.290436,0.0
2019-03-11,17,0,53,210.5,210.5,0.0,-3927.676504,0.0
2019-03-11,17,0,55,623.0,623.0,0.0,-11536.192034,0.0
2019-03-11,17,0,56,138.56,138.56,0.0,-2585.362738,0.0
2019-03-11,17,0,57,131.8,131.8,0.0,-2459.229279,0.0
2019-03-11,17,0,58,253.46,253.46,0.0,-4729.25837,0.0
2019-03-11,17,0,59,249.23,249.23,0.0,-4650.331664,0.0
2019-03-11,17,0,63,95.49,95.49,0.0,10928.789437,0.0
2019-03-11,17,0,64,112.31,112.31,0.0,12853.831204,0.0
2019-03-11,17,0,65,41.4,41.4,0.0,178.22797,0.0
2019-03-11,17,0,67,232.17,232.17,0.0,-128450.379178,0.0
2019-03-11,17,0,68,19.11,19.11,0.0,-7784.97586,0.0
2019-03-11,17,0,69,2.27,2.27,0.0,19.84498,0.0
2019-03-11,17,0,74,104.24,104.24,0.0,-55.560163,0.0
2019-03-11,17,0,77,60.0,60.0,0.0,-17100.55358,0.0
2019-03-11,17,0,78,45.36,45.36,0.0,-12928.018507,0.0
2019-03-11,17,0,79,26.25,26.25,0.0,-7481.492191,0.0
2019-03-11,17,0,80,42.45,42.45,0.0,-12098.641658,0.0
2019-03-11,17,0,81,55.5,55.5,0.0,-15818.012062,0.0
2019-03-11,17,0,82,39.15,39.15,0.0,-11158.111211,0.0
2019-03-11,17,0,83,87.3,87.3,0.0,-24881.305459,0.0
2019-03-11,17,0,84,0.0,0.0,0.0,-0.0,0.0
2019-03-11,17,0,86,11.52,11.52,0.0,100.711088,0.0
2019-03-11,17,0,87,58.82,58.82,0.0,514.221021,0.0
2019-03-11,17,0,88,51.18,51.18,0.0,-14586.772204,0.0
2019-03-11,17,0,89,49.2,49.2,0.0,-14022.453936,0.0
2019-03-11,17,0,90,66.06,66.06,0.0,-18827.709492,0.0
2019-03-11,17,0,91,235.65,235.65,0.0,-67162.424186,0.0
2019-03-11,17,0,92,84.75,84.75,0.0,-24154.531932,0.0
2019-03-11,17,0,95,120.0,120.0,0.0,3049.643213,0.0
2019-03-11,17,0,96,29.88,29.88,0.0,-561.947685,0.0
2019-03-11,17,0,97,183.75,183.75,0.0,-3455.75258,0.0
2019-03-11,17,0,99,21.2,21.2,0.0,-11.299649,0.0
2019-03-11,17,0,101,9.46,9.46,0.0,-176.512208,0.0
2019-03-11,17,0,102,45.19,45.19,0.0,-18409.369916,0.0
2019-03-11,17,0,103,39.3,39.3,0.0,-16009.918958,0.0
2019-03-11,17,0,104,7.33,7.33,0.0,-2986.073943,0.0
2019-03-11,17,0,106,188.15,188.15,0.0,-3484.004063,0.0
2019-03-11,17,0,109,60.0,60.0,0.0,-378.540439,0.0
2019-03-11,17,0,110,268.33,268.33,0.0,-268330.0,0.0
2019-03-11,17,0,111,15.44,15.44,0.0,-171.209569,0.0
2019-03-11,17,0,113,41.46,41.46,0.0,-10709.415746,0.0
2019-03-11,17,0,115,41.46,41.46,0.0,-10709.415746,0.0
2019-03-11,17,0,116,83.38,83.38,0.0,-83380.0,0.0
2019-03-11,17,0,117,2.76,2.76,0.0,-712.927821,0.0
2019-03-11,17,0,119,112.31,112.31,0.0,12853.831204,0.0
2019-03-11,17,0,120,66.1,66.1,0.0,7565.116575,0.0
2019-03-11,17,0,123,3.14,3.14,0.0,-58.143889,0.0
2019-03-11,17,0,125,75.89,75.89,0.0,-1405.267437,0.0
2019-03-11,17,0,126,141.11,141.11,0.0,-2612.956754,0.0
2019-03-11,17,0,127,181.1,181.1,0.0,-3353.45807,0.0
2019-03-11,17,0,128,109.23,109.23,0.0,-2022.629624,0.0
2019-03-11,17,0,131,30.0,30.0,0.0,-11052.486912,0.0
2019-03-11,17,0,132,44.1,44.1,0.0,-16247.155761,0.0
2019-03-11,17,0,133,111.85,111.85,0.0,502.537934,0.0
2019-03-11,17,0,134,0.0,0.0,0.0,0.0,0.0
2019-03-11,17,0,135,146.43,146.43,0.0,657.904602,0.0
2019-03-11,17,0,136,45.9,45.9,0.0,197.167778,0.0
2019-03-11,17,0,139,44.94,44.94,0.0,-498.326296,0.0
2019-03-11,17,0,140,198.59,198.59,0.0,-198590.0,0.0
2019-03-11,17,0,141,230.0,230.0,0.0,-127249.804932,0.0
2019-03-11,17,0,142,306.17,306.17,0.0,-169391.620765,0.0
2019-03-11,17,0,143,238.5,238.5,0.0,-4450.122785,0.0
2019-03-11,17,0,145,30.0,30.0,0.0,-422.213624,0.0
2019-03-11,17,0,146,268.0,268.0,0.0,-268000.0,0.0
2019-03-11,17,0,152,6.74,6.74,0.0,-2.663496,0.0
2019-03-11,17,0,153,8.32,8.32,0.0,-5.118349,0.0
2019-03-11,17,0,154,63.7,63.7,0.0,-706.350358,0.0
2019-03-11,17,0,157,151.51,151.51,0.0,-83824.425849,0.0
2019-03-11,17,0,158,256.67,256.67,0.0,-142005.249704,0.0
2019-03-11,17,0,159,0.0,0.0,0.0,0.0,0.0
2019-03-11,17,0,160,1.64,1.64,0.0,2.97001,0.0
2019-03-11,17,0,161,46.61,46.61,0.0,-18987.845359,0.0
2019-03-11,17,0,162,162.5,162.5,0.0,4261.427268,0.0
2019-03-11,17,0,163,155.31,155.31,0.0,-155310.0,0.0
2019-03-11,17,0,164,18.16,18.16,0.0,-338.843731,0.0
2019-03-11,17,0,167,3.69,3.69,0.0,83.117819,0.0
2019-03-11,17,0,168,1.85,1.85,0.0,41.671535,0.0
2019-03-11,17,0,169,0.0,0.0,0.0,0.0,0.0
2019-03-11,17,0,170,4.04,4.04,0.0,91.001623,0.0
2019-03-11,17,0,172,4.65,4.65,0.0,66.611216,0.0
2019-03-11,17,0,173,7.08,7.08,0.0,101.420949,0.0
2019-03-11,17,0,188,6.71,6.71,0.0,162.499685,0.0
2019-03-11,17,0,190,7.07,7.07,0.0,229.262829,0.0
2019-03-11,17,0,191,18.25,18.25,0.0,591.802917,0.0
2019-03-11,17,0,192,244.13,244.13,0.0,7916.539519,0.0
2019-03-11,17,0,194,51.83,51.83,0.0,-6468.630248,0.0
2019-03-11,17,0,196,4.45,4.45,0.0,1194.800745,0.0
2019-03-11,17,0,198,7.89,7.89,0.0,54.246992,0.0
2019-03-11,17,0,199,110.1,110.1,0.0,-2701.211835,0.0
2019-03-11,17,0,200,10.36,10.36,0.0,-254.173975,0.0
2019-03-11,17,0,204,257.1,257.1,0.0,-1771.588303,0.0
2019-03-11,17,0,205,317.4,317.4,0.0,-2002.478921,0.0
2019-03-11,17,0,206,539.94,539.94,0.0,-10154.552643,0.0
2019-03-11,17,0,210,1.75,1.75,0.0,12.452101,0.0
2019-03-11,17,0,214,11.2,11.2,0.0,126.181339,0.0
2019-03-11,17,0,217,7.32,7.32,0.0,69.883406,0.0
2019-03-11,17,0,218,10.09,10.09,0.0,96.328356,0.0
2019-03-11,17,0,219,6.88,6.88,0.0,65.682764,0.0
2019-03-11,17,0,221,5.97,5.97,0.0,67.25916,0.0
2019-03-11,17,0,225,5.4,5.4,0.0,32.845265,0.0
2019-03-11,17,0,233,6.52,6.52,0.0,56.999678,0.0
2019-03-11,17,0,236,159.03,159.03,0.0,338.303318,0.0
2019-03-11,17,0,237,257.58,257.58,0.0,-137.290739,0.0
2019-03-11,17,0,238,70.66,70.66,0.0,250.99633,0.0
2019-03-11,17,0,240,9.66,9.66,0.0,-21.774451,0.0
2019-03-11,17,0,245,78.0,78.0,0.0,398.453957,0.0
2019-03-11,17,0,247,171.72,171.72,0.0,877.211712,0.0
2019-03-11,17,0,248,26.21,26.21,0.0,-13.969991,0.0
2019-03-11,17,0,249,150.0,150.0,0.0,766.25761,0.0
2019-03-11,17,0,251,326.4,326.4,0.0,1313.115686,0.0
2019-03-11,17,0,252,267.06,267.06,0.0,1149.699558,0.0
2019-03-11,17,0,254,14.06,14.06,0.0,-7.982167,0.0
2019-03-11,17,0,255,6.44,6.44,0.0,-3.656128,0.0
2019-03-11,17,0,258,11.3,11.3,0.0,-23.847773,0.0
2019-03-11,17,0,260,3.97,3.97,0.0,7.189598,0.0
2019-03-11,17,0,265,65.95,65.95,0.0,-731.299939,0.0
2019-03-11,17,0,266,29.1,29.1,0.0,-322.681247,0.0
2019-03-11,17,0,267,35.76,35.76,0.0,-396.532006,0.0
2019-03-11,17,0,270,485.03,485.03,0.0,-485030.0,0.0
2019-03-11,17,0,272,138.55,138.55,0.0,-35788.460001,0.0
2019-03-11,17,0,273,19.94,19.94,0.0,-19940.0,0.0
2019-03-11,17,0,274,625.26,625.26,0.0,-625260.0,0.0
2019-03-11,17,0,275,870.38,870.38,0.0,-870380.0,0.0
2019-03-11,17,0,276,4.49,4.49,0.0,-4042.133243,0.0
2019-03-11,17,0,277,6.01,6.01,0.0,-1616.764898,0.0
2019-03-11,17,0,278,9.61,9.61,0.0,-2585.209762,0.0
2019-03-11,17,0,279,244.93,244.93,0.0,-65889.222368,0.0
2019-03-11,17,0,281,56.1,56.1,0.0,-1046.758441,0.0
2019-03-11,17,0,282,257.68,257.68,0.0,-4807.998488,0.0
2019-03-11,18,0,9,1.43,1.43,0.0,-12.692358,0.0
2019-03-11,18,0,17,23.12,23.12,0.0,121.68799,0.0
2019-03-11,18,0,19,332.94,332.94,0.0,1752.370215,0.0
2019-03-11,18,0,20,405.43,405.43,0.0,2133.90838,0.0
2019-03-11,18,0,21,32.81,32.81,0.0,-291.214178,0.0
2019-03-11,18,0,22,116.6,116.6,0.0,-1034.915368,0.0
2019-03-11,18,0,23,94.93,94.93,0.0,-842.577323,0.0
2019-03-11,18,0,24,168.46,168.46,0.0,-1495.21306,0.0
2019-03-11,18,0,29,3.52,3.52,0.0,27.076789,0.0
2019-03-11,18,0,30,297.06,297.06,0.0,-2662.835105,0.0
2019-03-11,18,0,31,92.34,92.34,0.0,-827.732423,0.0
2019-03-11,18,0,32,2.05,2.05,0.0,84.700468,0.0
2019-03-11,18,0,33,1.38,1.38,0.0,10.803921,0.0
2019-03-11,18,0,34,2.21,2.21,0.0,17.301932,0.0
2019-03-11,18,0,35,2.21,2.21,0.0,17.301932,0.0
2019-03-11,18,0,36,5.23,5.23,0.0,6.693569,0.0
2019-03-11,18,0,37,2.53,2.53,0.0,3.100589,0.0
2019-03-11,18,0,38,3.25,3.25,0.0,3.982971,0.0
2019-03-11,18,0,39,2.17,2.17,0.0,2.659399,0.0
2019-03-11,18,0,40,2.17,2.17,0.0,2.659399,0.0
2019-03-11,18,0,41,34.8,34.8,0.0,-148.395835,0.0
2019-03-11,18,0,42,31.67,31.67,0.0,149.076634,0.0
2019-03-11,18,0,43,13.34,13.34,0.0,25.165884,0.0
2019-03-11,18,0,46,10.0,10.0,0.0,2.779177,0.0
2019-03-11,18,0,52,97.89,97.89,0.0,-877.482422,0.0
2019-03-11,18,0,53,155.55,155.55,0.0,-1394.344579,0.0
2019-03-11,18,0,55,460.54,460.54,0.0,-4087.649429,0.0
2019-03-11,18,0,56,87.62,87.62,0.0,-785.422513,0.0
2019-03-11,18,0,57,83.35,83.35,0.0,-747.146388,0.0
2019-03-11,18,0,58,160.29,160.29,0.0,-1436.833767,0.0
2019-03-11,18,0,59,157.61,157.61,0.0,-1412.810344,0.0
2019-03-11,18,0,63,170.0,170.0,0.0,19204.37528,0.0
2019-03-11,18,0,64,200.0,200.0,0.0,22593.382683,0.0
2019-03-11,18,0,65,41.4,41.4,0.0,213.624533,0.0
2019-03-11,18,0,67,144.67,144.67,0.0,-80325.081556,0.0
2019-03-11,18,0,68,10.2,10.2,0.0,-4181.897569,0.0
2019-03-11,18,0,69,1.38,1.38,0.0,10.803921,0.0
2019-03-11,18,0,74,65.28,65.28,0.0,146.257211,0.0
2019-03-11,18,0,77,60.0,60.0,0.0,-17310.115965,0.0
2019-03-11,18,0,78,45.36,45.36,0.0,-13086.447669,0.0
2019-03-11,18,0,79,26.25,26.25,0.0,-7573.175735,0.0
2019-03-11,18,0,80,42.45,42.45,0.0,-12246.907045,0.0
2019-03-11,18,0,81,55.5,55.5,0.0,-16011.857267,0.0
2019-03-11,18,0,82,39.15,39.15,0.0,-11294.850667,0.0
2019-03-11,18,0,83,87.3,87.3,0.0,-25186.218729,0.0
2019-03-11,18,0,84,0.0,0.0,0.0,0.0,0.0
2019-03-11,18,0,86,6.99,6.99,0.0,54.72421,0.0
2019-03-11,18,0,87,35.71,35.71,0.0,279.571036,0.0
2019-03-11,18,0,88,51.18,51.18,0.0,-14765.528918,0.0
2019-03-11,18,0,89,49.2,49.2,0.0,-14194.295091,0.0
2019-03-11,18,0,90,66.06,66.06,0.0,-19058.437677,0.0
2019-03-11,18,0,91,235.65,235.65,0.0,-67985.480452,0.0
2019-03-11,18,0,92,84.75,84.75,0.0,-24450.5388,0.0
2019-03-11,18,0,95,120.0,120.0,0.0,3049.643213,0.0
2019-03-11,18,0,96,29.88,29.88,0.0,-270.597161,0.0
2019-03-11,18,0,97,183.75,183.75,0.0,-1664.063865,0.0
2019-03-11,18,0,99,12.6,12.6,0.0,28.229793,0.0
2019-03-11,18,0,101,5.98,5.98,0.0,-53.604504,0.0
2019-03-11,18,0,102,24.15,24.15,0.0,-9901.257479,0.0
2019-03-11,18,0,103,21.0,21.0,0.0,-8609.789112,0.0
2019-03-11,18,0,104,3.9,3.9,0.0,-1598.960835,0.0
2019-03-11,18,0,106,114.78,114.78,0.0,-1018.761457,0.0
2019-03-11,18,0,109,60.0,60.0,0.0,-75.805569,0.0
2019-03-11,18,0,110,338.6,338.6,0.0,-338600.0,0.0
2019-03-11,18,0,111,10.0,10.0,0.0,-42.642481,0.0
2019-03-11,18,0,113,43.13,43.13,0.0,-11248.30412,0.0
2019-03-11,18,0,115,43.13,43.13,0.0,-11248.30412,0.0
2019-03-11,18,0,116,50.73,50.73,0.0,-50730.0,0.0
2019-03-11,18,0,117,2.88,2.88,0.0,-751.104008,0.0
2019-03-11,18,0,119,200.0,200.0,0.0,22593.382683,0.0
2019-03-11,18,0,120,117.6,117.6,0.0,13284.909017,0.0
2019-03-11,18,0,123,1.91,1.91,0.0,-16.95273,0.0
2019-03-11,18,0,125,152.35,152.35,0.0,-1352.224325,0.0
2019-03-11,18,0,126,86.08,86.08,0.0,-764.026714,0.0
2019-03-11,18,0,127,110.47,110.47,0.0,-980.506867,0.0
2019-03-11,18,0,128,218.77,218.77,0.0,-1941.753302,0.0
2019-03-11,18,0,131,30.0,30.0,0.0,-11136.026833,0.0
2019-03-11,18,0,132,44.1,44.1,0.0,-16369.959445,0.0
2019-03-11,18,0,133,139.8,139.8,0.0,737.173033,0.0
2019-03-11,18,0,134,0.0,0.0,0.0,0.0,0.0
2019-03-11,18,0,135,187.33,187.33,0.0,987.801318,0.0
2019-03-11,18,0,136,45.9,45.9,0.0,236.584272,0.0
2019-03-11,18,0,139,44.94,44.94,0.0,-191.635311,0.0
2019-03-11,18,0,140,250.6,250.6,0.0,-250600.0,0.0
2019-03-11,18,0,141,230.0,230.0,0.0,-127702.832362,0.0
2019-03-11,18,0,142,190.79,190.79,0.0,-105932.275593,0.0
2019-03-11,18,0,143,176.17,176.17,0.0,-1579.181513,0.0
2019-03-11,18,0,145,30.0,30.0,0.0,-183.15917,0.0
2019-03-11,18,0,146,268.0,268.0,0.0,-268000.0,0.0
2019-03-11,18,0,152,4.1,4.1,0.0,9.589198,0.0
2019-03-11,18,0,153,5.04,5.04,0.0,11.122689,0.0
2019-03-11,18,0,154,41.25,41.25,0.0,-175.900236,0.0
2019-03-11,18,0,157,250.0,250.0,0.0,-138807.42648,0.0
2019-03-11,18,0,158,162.42,162.42,0.0,-90180.408836,0.0
2019-03-11,18,0,159,0.0,0.0,0.0,0.0,0.0
2019-03-11,18,0,160,0.99,0.99,0.0,3.918633,0.0
2019-03-11,18,0,161,28.8,28.8,0.0,-11807.710782,0.0
2019-03-11,18,0,162,162.5,162.5,0.0,4259.864138,0.0
2019-03-11,18,0,163,170.1,170.1,0.0,-170100.0,0.0
2019-03-11,18,0,164,11.78,11.78,0.0,-105.595494,0.0
2019-03-11,18,0,167,2.26,2.26,0.0,51.028865,0.0
2019-03-11,18,0,168,1.13,1.13,0.0,25.514432,0.0
2019-03-11,18,0,169,0.0,0.0,0.0,0.0,0.0
2019-03-11,18,0,170,2.48,2.48,0.0,55.996276,0.0
2019-03-11,18,0,172,2.82,2.82,0.0,41.133687,0.0
2019-03-11,18,0,173,4.3,4.3,0.0,62.721579,0.0
2019-03-11,18,0,188,4.09,4.09,0.0,96.316785,0.0
2019-03-11,18,0,190,4.21,4.21,0.0,136.520015,0.0
2019-03-11,18,0,191,10.88,10.88,0.0,352.811821,0.0
2019-03-11,18,0,192,247.78,247.78,0.0,8034.900103,0.0
2019-03-11,18,0,194,97.96,97.96,0.0,-12425.583482,0.0
2019-03-11,18,0,196,2.71,2.71,0.0,721.720148,0.0
2019-03-11,18,0,198,4.86,4.86,0.0,35.78064,0.0
2019-03-11,18,0,199,110.3,110.3,0.0,-3062.929324,0.0
2019-03-11,18,0,200,6.22,6.22,0.0,-172.723666,0.0
2019-03-11,18,0,204,257.1,257.1,0.0,-416.331921,0.0
2019-03-11,18,0,205,317.4,317.4,0.0,-401.011461,0.0
2019-03-11,18,0,206,539.94,539.94,0.0,-4889.766765,0.0
2019-03-11,18,0,210,1.05,1.05,0.0,8.601352,0.0
2019-03-11,18,0,214,6.84,6.84,0.0,63.93115,0.0
2019-03-11,18,0,217,4.41,4.41,0.0,39.334777,0.0
2019-03-11,18,0,218,6.09,6.09,0.0,54.319454,0.0
2019-03-11,18,0,219,4.15,4.15,0.0,37.01572,0.0
2019-03-11,18,0,221,3.65,3.65,0.0,34.115307,0.0
2019-03-11,18,0,225,3.27,3.27,0.0,24.995984,0.0
2019-03-11,18,0,233,3.96,3.96,0.0,31.002557,0.0
2019-03-11,18,0,236,159.03,159.03,0.0,612.524959,0.0
2019-03-11,18,0,237,156.6,156.6,0.0,350.855994,0.0
2019-03-11,18,0,238,41.22,41.22,0.0,194.030276,0.0
2019-03-11,18,0,240,5.93,5.93,0.0,7.589458,0.0
2019-03-11,18,0,245,78.0,78.0,0.0,440.170928,0.0
2019-03-11,18,0,247,171.72,171.72,0.0,969.053227,0.0
2019-03-11,18,0,248,15.72,15.72,0.0,35.220027,0.0
2019-03-11,18,0,249,150.0,150.0,0.0,846.482553,0.0
2019-03-11,18,0,251,326.4,326.4,0.0,1628.865734,0.0
2019-03-11,18,0,252,267.06,267.06,0.0,1378.033035,0.0
2019-03-11,18,0,254,8.74,8.74,0.0,21.031632,0.0
2019-03-11,18,0,255,4.0,4.0,0.0,9.625461,0.0
2019-03-11,18,0,258,7.04,7.04,0.0,9.699861,0.0
2019-03-11,18,0,260,2.41,2.41,0.0,9.539299,0.0
2019-03-11,18,0,265,42.71,42.71,0.0,-182.126038,0.0
2019-03-11,18,0,266,29.1,29.1,0.0,-124.089621,0.0
2019-03-11,18,0,267,35.76,35.76,0.0,-152.489513,0.0
2019-03-11,18,0,270,531.22,531.22,0.0,-531220.0,0.0
2019-03-11,18,0,272,144.15,144.15,0.0,-37594.3204,0.0
2019-03-11,18,0,273,12.13,12.13,0.0,-12130.0,0.0
2019-03-11,18,0,274,684.81,684.81,0.0,-684810.0,0.0
2019-03-11,18,0,275,953.26,953.26,0.0,-953260.0,0.0
2019-03-11,18,0,276,2.74,2.74,0.0,-2467.896578,0.0
2019-03-11,18,0,277,3.69,3.69,0.0,-1003.333707,0.0
2019-03-11,18,0,278,5.91,5.91,0.0,-1606.965367,0.0
2019-03-11,18,0,279,249.0,249.0,0.0,-67704.632233,0.0
2019-03-11,18,0,281,41.41,41.41,0.0,-371.197743,0.0
2019-03-11,18,0,282,162.96,162.96,0.0,-1460.767551,0.0
2019-03-11,19,0,9,0.6,0.6,0.0,4.662529,0.0
2019-03-11,19,0,17,4.93,4.93,0.0,44.315332,0.0
2019-03-11,19,0,19,615.51,615.51,0.0,5532.764694,0.0
2019-03-11,19,0,20,748.14,748.14,0.0,6724.963978,0.0
2019-03-11,19,0,21,13.77,13.77,0.0,107.005036,0.0
2019-03-11,19,0,22,48.94,48.94,0.0,380.306932,0.0
2019-03-11,19,0,23,108.8,108.8,0.0,845.471889,0.0
2019-03-11,19,0,24,192.5,192.5,0.0,1495.894656,0.0
2019-03-11,19,0,29,0.47,0.47,0.0,4.430895,0.0
2019-03-11,19,0,30,120.29,120.29,0.0,933.830184,0.0
2019-03-11,19,0,31,37.5,37.5,0.0,291.118396,0.0
2019-03-11,19,0,32,0.52,0.52,0.0,20.717025,0.0
2019-03-11,19,0,33,0.3,0.3,0.0,2.760991,0.0
2019-03-11,19,0,34,0.48,0.48,0.0,4.417586,0.0
2019-03-11,19,0,35,0.48,0.48,0.0,4.417586,0.0
2019-03-11,19,0,36,1.5,1.5,0.0,12.99558,0.0
2019-03-11,19,0,37,0.69,0.69,0.0,5.975691,0.0
2019-03-11,19,0,38,0.88,0.88,0.0,7.621171,0.0
2019-03-11,19,0,39,0.59,0.59,0.0,5.109649,0.0
2019-03-11,19,0,40,0.59,0.59,0.0,5.109649,0.0
2019-03-11,19,0,41,34.8,34.8,0.0,284.427532,0.0
2019-03-11,19,0,42,10.82,10.82,0.0,96.757182,0.0
2019-03-11,19,0,43,4.31,4.31,0.0,37.595641,0.0
2019-03-11,19,0,46,3.43,3.43,0.0,29.424567,0.0
2019-03-11,19,0,52,39.75,39.75,0.0,308.5855,0.0
2019-03-11,19,0,53,63.15,63.15,0.0,490.243379,0.0
2019-03-11,19,0,55,186.9,186.9,0.0,1452.37772,0.0
2019-03-11,19,0,56,35.48,35.48,0.0,275.436819,0.0
2019-03-11,19,0,57,33.75,33.75,0.0,262.006557,0.0
2019-03-11,19,0,58,64.9,64.9,0.0,503.828904,0.0
2019-03-11,19,0,59,63.82,63.82,0.0,495.444695,0.0
2019-03-11,19,0,63,170.0,170.0,0.0,18875.581639,0.0
2019-03-11,19,0,64,200.0,200.0,0.0,22206.566634,0.0
2019-03-11,19,0,65,41.4,41.4,0.0,371.783519,0.0
2019-03-11,19,0,67,39.84,39.84,0.0,-22228.997812,0.0
2019-03-11,19,0,68,12.55,12.55,0.0,-5190.774725,0.0
2019-03-11,19,0,69,0.3,0.3,0.0,2.760991,0.0
2019-03-11,19,0,74,65.28,65.28,0.0,570.232213,0.0
2019-03-11,19,0,77,60.0,60.0,0.0,-17602.788603,0.0
2019-03-11,19,0,78,45.36,45.36,0.0,-13307.708184,0.0
2019-03-11,19,0,79,26.25,26.25,0.0,-7701.220014,0.0
2019-03-11,19,0,80,42.45,42.45,0.0,-12453.972936,0.0
2019-03-11,19,0,81,55.5,55.5,0.0,-16282.579458,0.0
2019-03-11,19,0,82,39.15,39.15,0.0,-11485.819563,0.0
2019-03-11,19,0,83,87.3,87.3,0.0,-25612.057417,0.0
2019-03-11,19,0,84,0.0,0.0,0.0,0.0,0.0
2019-03-11,19,0,86,1.5,1.5,0.0,13.804956,0.0
2019-03-11,19,0,87,7.68,7.68,0.0,70.681374,0.0
2019-03-11,19,0,88,51.18,51.18,0.0,-15015.178678,0.0
2019-03-11,19,0,89,49.2,49.2,0.0,-14434.286654,0.0
2019-03-11,19,0,90,66.06,66.06,0.0,-19380.670252,0.0
2019-03-11,19,0,91,235.65,235.65,0.0,-69134.952237,0.0
2019-03-11,19,0,92,84.75,84.75,0.0,-24863.938901,0.0
2019-03-11,19,0,95,120.0,120.0,0.0,3049.643213,0.0
2019-03-11,19,0,96,29.88,29.88,0.0,231.721934,0.0
2019-03-11,19,0,97,183.75,183.75,0.0,1424.996831,0.0
2019-03-11,19,0,99,12.6,12.6,0.0,110.063203,0.0
2019-03-11,19,0,101,2.42,2.42,0.0,18.786841,0.0
2019-03-11,19,0,102,35.91,35.91,0.0,-14852.647041,0.0
2019-03-11,19,0,103,30.13,30.13,0.0,-12461.995415,0.0
2019-03-11,19,0,104,4.3,4.3,0.0,-1778.512455,0.0
2019-03-11,19,0,106,48.18,48.18,0.0,374.401062,0.0
2019-03-11,19,0,109,60.0,60.0,0.0,506.331503,0.0
2019-03-11,19,0,110,338.6,338.6,0.0,-338600.0,0.0
2019-03-11,19,0,111,3.69,3.69,0.0,30.159126,0.0
2019-03-11,19,0,113,45.0,45.0,0.0,-11886.977971,0.0
2019-03-11,19,0,115,45.0,45.0,0.0,-11886.977971,0.0
2019-03-11,19,0,116,10.48,10.48,0.0,-10480.0,0.0
2019-03-11,19,0,117,3.0,3.0,0.0,-792.465198,0.0
2019-03-11,19,0,119,200.0,200.0,0.0,22206.566634,0.0
2019-03-11,19,0,120,117.6,117.6,0.0,13057.461181,0.0
2019-03-11,19,0,123,0.8,0.8,0.0,6.216705,0.0
2019-03-11,19,0,125,174.2,174.2,0.0,1353.687527,0.0
2019-03-11,19,0,126,36.14,36.14,0.0,280.839651,0.0
2019-03-11,19,0,127,46.38,46.38,0.0,360.413476,0.0
2019-03-11,19,0,128,249.5,249.5,0.0,1938.834892,0.0
2019-03-11,19,0,131,30.0,30.0,0.0,-11251.689478,0.0
2019-03-11,19,0,132,44.1,44.1,0.0,-16539.983533,0.0
2019-03-11,19,0,133,135.62,135.62,0.0,1219.186435,0.0
2019-03-11,19,0,134,0.0,0.0,0.0,0.0,0.0
2019-03-11,19,0,135,183.78,183.78,0.0,1652.131566,0.0
2019-03-11,19,0,136,45.9,45.9,0.0,412.173018,0.0
2019-03-11,19,0,139,44.94,44.94,0.0,367.30383,0.0
2019-03-11,19,0,140,250.6,250.6,0.0,-250600.0,0.0
2019-03-11,19,0,141,230.0,230.0,0.0,-128330.057649,0.0
2019-03-11,19,0,142,52.54,52.54,0.0,-29315.048821,0.0
2019-03-11,19,0,143,71.55,71.55,0.0,555.4539,0.0
2019-03-11,19,0,145,30.0,30.0,0.0,240.419012,0.0
2019-03-11,19,0,146,268.0,268.0,0.0,-268000.0,0.0
2019-03-11,19,0,152,1.08,1.08,0.0,9.444842,0.0
2019-03-11,19,0,153,1.36,1.36,0.0,11.878572,0.0
2019-03-11,19,0,154,15.23,15.23,0.0,124.477911,0.0
2019-03-11,19,0,157,250.0,250.0,0.0,-139489.193097,0.0
2019-03-11,19,0,158,61.41,61.41,0.0,-34264.125392,0.0
2019-03-11,19,0,159,0.0,0.0,0.0,0.0,0.0
2019-03-11,19,0,160,0.31,0.31,0.0,2.763689,0.0
2019-03-11,19,0,161,7.52,7.52,0.0,-3110.328759,0.0
2019-03-11,19,0,162,158.23,158.23,0.0,4145.928106,0.0
2019-03-11,19,0,163,185.4,185.4,0.0,-185400.0,0.0
2019-03-11,19,0,164,4.95,4.95,0.0,38.427628,0.0
2019-03-11,19,0,167,0.55,0.55,0.0,12.457188,0.0
2019-03-11,19,0,168,0.27,0.27,0.0,6.115347,0.0
2019-03-11,19,0,169,0.0,0.0,0.0,0.0,0.0
2019-03-11,19,0,170,0.6,0.6,0.0,13.58966,0.0
2019-03-11,19,0,172,0.66,0.66,0.0,9.85487,0.0
2019-03-11,19,0,173,1.01,1.01,0.0,15.080938,0.0
2019-03-11,19,0,188,1.01,1.01,0.0,22.917114,0.0
2019-03-11,19,0,190,1.22,1.22,0.0,39.56162,0.0
2019-03-11,19,0,191,3.15,3.15,0.0,102.146805,0.0
2019-03-11,19,0,192,253.15,253.15,0.0,8209.036084,0.0
2019-03-11,19,0,194,176.5,176.5,0.0,-22846.260969,0.0
2019-03-11,19,0,196,0.59,0.59,0.0,155.434785,0.0
2019-03-11,19,0,198,1.26,1.26,0.0,11.644803,0.0
2019-03-11,19,0,199,111.97,111.97,0.0,-3313.32017,0.0
2019-03-11,19,0,200,1.33,1.33,0.0,-39.356219,0.0
2019-03-11,19,0,204,257.1,257.1,0.0,2161.799661,0.0
2019-03-11,19,0,205,317.4,317.4,0.0,2678.493653,0.0
2019-03-11,19,0,206,539.94,539.94,0.0,4187.280484,0.0
2019-03-11,19,0,210,0.17,0.17,0.0,1.610075,0.0
2019-03-11,19,0,214,1.18,1.18,0.0,11.009507,0.0
2019-03-11,19,0,217,0.7,0.7,0.0,6.575607,0.0
2019-03-11,19,0,218,0.97,0.97,0.0,9.111912,0.0
2019-03-11,19,0,219,0.66,0.66,0.0,6.199858,0.0
2019-03-11,19,0,221,0.63,0.63,0.0,5.877957,0.0
2019-03-11,19,0,225,0.47,0.47,0.0,4.428916,0.0
2019-03-11,19,0,233,0.85,0.85,0.0,7.822808,0.0
2019-03-11,19,0,236,159.03,159.03,0.0,1410.774072,0.0
2019-03-11,19,0,237,156.6,156.6,0.0,1367.928379,0.0
2019-03-11,19,0,238,14.08,14.08,0.0,125.909531,0.0
2019-03-11,19,0,240,1.69,1.69,0.0,14.641687,0.0
2019-03-11,19,0,245,78.0,78.0,0.0,703.61123,0.0
2019-03-11,19,0,247,171.72,171.72,0.0,1549.027186,0.0
2019-03-11,19,0,248,15.72,15.72,0.0,137.316948,0.0
2019-03-11,19,0,249,150.0,150.0,0.0,1353.09852,0.0
2019-03-11,19,0,251,326.4,326.4,0.0,2926.536502,0.0
2019-03-11,19,0,252,267.06,267.06,0.0,2398.273109,0.0
2019-03-11,19,0,254,1.92,1.92,0.0,16.840563,0.0
2019-03-11,19,0,255,0.88,0.88,0.0,7.718591,0.0
2019-03-11,19,0,258,2.1,2.1,0.0,18.213879,0.0
2019-03-11,19,0,260,0.76,0.76,0.0,6.775496,0.0
2019-03-11,19,0,265,15.77,15.77,0.0,128.891442,0.0
2019-03-11,19,0,266,29.1,29.1,0.0,237.840264,0.0
2019-03-11,19,0,267,35.76,35.76,0.0,292.273809,0.0
2019-03-11,19,0,270,579.0,579.0,0.0,-579000.0,0.0
2019-03-11,19,0,272,150.39,150.39,0.0,-39726.280379,0.0
2019-03-11,19,0,273,2.51,2.51,0.0,-2510.0,0.0
2019-03-11,19,0,274,746.4,746.4,0.0,-746400.0,0.0
2019-03-11,19,0,275,1039.0,1039.0,0.0,-1039000.0,0.0
2019-03-11,19,0,276,0.66,0.66,0.0,-594.858711,0.0
2019-03-11,19,0,277,0.9,0.9,0.0,-248.284564,0.0
2019-03-11,19,0,278,1.44,1.44,0.0,-397.255302,0.0
2019-03-11,19,0,279,254.59,254.59,0.0,-70234.185655,0.0
2019-03-11,19,0,281,16.83,16.83,0.0,130.653936,0.0
2019-03-11,19,0,282,65.99,65.99,0.0,512.290746,0.0
2019-03-11,20,0,9,0.0,0.0,0.0,0.0,0.0
2019-03-11,20,0,17,0.0,0.0,0.0,0.0,0.0
2019-03-11,20,0,19,643.3,643.3,0.0,646.300506,0.0
2019-03-11,20,0,20,780.2,780.2,0.0,783.83904,0.0
2019-03-11,20,0,21,0.0,0.0,0.0,0.0,0.0
2019-03-11,20,0,22,0.0,0.0,0.0,0.0,0.0
2019-03-11,20,0,23,108.8,108.8,0.0,1233.57062,0.0
2019-03-11,20,0,24,192.5,192.5,0.0,2182.558313,0.0
2019-03-11,20,0,29,0.0,0.0,0.0,0.0,0.0
2019-03-11,20,0,30,0.0,0.0,0.0,0.0,0.0
2019-03-11,20,0,31,37.5,37.5,0.0,425.917401,0.0
2019-03-11,20,0,32,0.0,0.0,0.0,0.0,0.0
2019-03-11,20,0,33,0.0,0.0,0.0,0.0,0.0
2019-03-11,20,0,34,0.0,0.0,0.0,0.0,0.0
2019-03-11,20,0,35,0.0,0.0,0.0,0.0,0.0
2019-03-11,20,0,36,0.0,0.0,0.0,0.0,0.0
2019-03-11,20,0,37,0.0,0.0,0.0,0.0,0.0
2019-03-11,20,0,38,0.0,0.0,0.0,0.0,0.0
2019-03-11,20,0,39,0.0,0.0,0.0,0.0,0.0
2019-03-11,20,0,40,0.0,0.0,0.0,0.0,0.0
2019-03-11,20,0,41,60.5,60.5,0.0,623.35486,0.0
2019-03-11,20,0,42,0.0,0.0,0.0,0.0,0.0
2019-03-11,20,0,43,0.0,0.0,0.0,0.0,0.0
2019-03-11,20,0,46,0.0,0.0,0.0,0.0,0.0
2019-03-11,20,0,52,39.75,39.75,0.0,451.472445,0.0
2019-03-11,20,0,53,63.15,63.15,0.0,717.244903,0.0
2019-03-11,20,0,55,186.9,186.9,0.0,2119.065707,0.0
2019-03-11,20,0,56,0.0,0.0,0.0,0.0,0.0
2019-03-11,20,0,57,0.0,0.0,0.0,0.0,0.0
2019-03-11,20,0,58,0.0,0.0,0.0,0.0,0.0
2019-03-11,20,0,59,0.0,0.0,0.0,0.0,0.0
2019-03-11,20,0,63,114.59,114.59,0.0,12610.719873,0.0
2019-03-11,20,0,64,134.82,134.82,0.0,14837.047328,0.0
2019-03-11,20,0,65,41.4,41.4,0.0,190.233364,0.0
2019-03-11,20,0,67,0.0,0.0,0.0,-0.0,0.0
2019-03-11,20,0,68,9.04,9.04,0.0,-3753.282603,0.0
2019-03-11,20,0,69,0.0,0.0,0.0,0.0,0.0
2019-03-11,20,0,74,65.28,65.28,0.0,577.777112,0.0
2019-03-11,20,0,77,84.7,84.7,0.0,-25025.434808,0.0
2019-03-11,20,0,78,64.3,64.3,0.0,-18998.057358,0.0
2019-03-11,20,0,79,37.43,37.43,0.0,-11059.055784,0.0
2019-03-11,20,0,80,60.23,60.23,0.0,-17795.536464,0.0
2019-03-11,20,0,81,78.45,78.45,0.0,-23178.811815,0.0
2019-03-11,20,0,82,55.6,55.6,0.0,-16427.558151,0.0
2019-03-11,20,0,83,122.29,122.29,0.0,-36131.764141,0.0
2019-03-11,20,0,84,0.0,0.0,0.0,0.0,0.0
2019-03-11,20,0,86,0.0,0.0,0.0,0.0,0.0
2019-03-11,20,0,87,0.0,0.0,0.0,0.0,0.0
2019-03-11,20,0,88,88.13,88.13,0.0,-26038.861507,0.0
2019-03-11,20,0,89,84.73,84.73,0.0,-25034.298599,0.0
2019-03-11,20,0,90,113.68,113.68,0.0,-33587.856305,0.0
2019-03-11,20,0,91,404.74,404.74,0.0,-119584.350465,0.0
2019-03-11,20,0,92,145.76,145.76,0.0,-43066.202806,0.0
2019-03-11,20,0,95,111.31,111.31,0.0,2828.798217,0.0
2019-03-11,20,0,96,31.77,31.77,0.0,361.495702,0.0
2019-03-11,20,0,97,229.39,229.39,0.0,2610.119584,0.0
2019-03-11,20,0,99,12.6,12.6,0.0,111.519479,0.0
2019-03-11,20,0,101,0.0,0.0,0.0,0.0,0.0
2019-03-11,20,0,102,21.39,21.39,0.0,-8880.831293,0.0
2019-03-11,20,0,103,18.6,18.6,0.0,-7722.461994,0.0
2019-03-11,20,0,104,3.46,3.46,0.0,-1436.544005,0.0
2019-03-11,20,0,106,0.0,0.0,0.0,0.0,0.0
2019-03-11,20,0,109,60.0,60.0,0.0,577.453004,0.0
2019-03-11,20,0,110,310.6,310.6,0.0,-310600.0,0.0
2019-03-11,20,0,111,0.0,0.0,0.0,0.0,0.0
2019-03-11,20,0,113,31.46,31.46,0.0,-8359.872924,0.0
2019-03-11,20,0,115,31.46,31.46,0.0,-8359.872924,0.0
2019-03-11,20,0,116,0.0,0.0,0.0,-0.0,0.0
2019-03-11,20,0,117,2.1,2.1,0.0,-558.033476,0.0
2019-03-11,20,0,119,134.82,134.82,0.0,14837.047328,0.0
2019-03-11,20,0,120,79.27,79.27,0.0,8723.726017,0.0
2019-03-11,20,0,123,0.0,0.0,0.0,0.0,0.0
2019-03-11,20,0,125,174.2,174.2,0.0,1975.073548,0.0
2019-03-11,20,0,126,0.0,0.0,0.0,0.0,0.0
2019-03-11,20,0,127,0.0,0.0,0.0,0.0,0.0
2019-03-11,20,0,128,249.5,249.5,0.0,2828.822332,0.0
2019-03-11,20,0,131,30.0,30.0,0.0,-11302.160328,0.0
2019-03-11,20,0,132,44.1,44.1,0.0,-16614.175682,0.0
2019-03-11,20,0,133,103.8,103.8,0.0,902.30397,0.0
2019-03-11,20,0,134,0.0,0.0,0.0,0.0,0.0
2019-03-11,20,0,135,138.32,138.32,0.0,1202.376542,0.0
2019-03-11,20,0,136,45.9,45.9,0.0,219.957917,0.0
2019-03-11,20,0,139,80.98,80.98,0.0,834.368207,0.0
2019-03-11,20,0,140,229.88,229.88,0.0,-229880.0,0.0
2019-03-11,20,0,141,230.0,230.0,0.0,-128603.755291,0.0
2019-03-11,20,0,142,0.0,0.0,0.0,-0.0,0.0
2019-03-11,20,0,143,71.55,71.55,0.0,812.650401,0.0
2019-03-11,20,0,145,30.0,30.0,0.0,321.427843,0.0
2019-03-11,20,0,146,268.0,268.0,0.0,-268000.0,0.0
2019-03-11,20,0,152,0.0,0.0,0.0,0.0,0.0
2019-03-11,20,0,153,0.0,0.0,0.0,0.0,0.0
2019-03-11,20,0,154,0.0,0.0,0.0,0.0,0.0
2019-03-11,20,0,157,250.0,250.0,0.0,-139786.690534,0.0
2019-03-11,20,0,158,0.0,0.0,0.0,-0.0,0.0
2019-03-11,20,0,159,0.0,0.0,0.0,0.0,0.0
2019-03-11,20,0,160,0.0,0.0,0.0,0.0,0.0
2019-03-11,20,0,161,0.0,0.0,0.0,-0.0,0.0
2019-03-11,20,0,162,133.71,133.71,0.0,3502.616076,0.0
2019-03-11,20,0,163,124.76,124.76,0.0,-124760.0,0.0
2019-03-11,20,0,164,0.0,0.0,0.0,0.0,0.0
2019-03-11,20,0,167,0.0,0.0,0.0,0.0,0.0
2019-03-11,20,0,168,0.0,0.0,0.0,0.0,0.0
2019-03-11,20,0,169,0.0,0.0,0.0,0.0,0.0
2019-03-11,20,0,170,0.0,0.0,0.0,0.0,0.0
2019-03-11,20,0,172,0.0,0.0,0.0,0.0,0.0
2019-03-11,20,0,173,0.0,0.0,0.0,0.0,0.0
2019-03-11,20,0,188,0.0,0.0,0.0,0.0,0.0
2019-03-11,20,0,190,0.0,0.0,0.0,0.0,0.0
2019-03-11,20,0,191,0.0,0.0,0.0,0.0,0.0
2019-03-11,20,0,192,154.66,154.66,0.0,5015.245984,0.0
2019-03-11,20,0,194,132.95,132.95,0.0,-17394.391655,0.0
2019-03-11,20,0,196,0.0,0.0,0.0,0.0,0.0
2019-03-11,20,0,198,0.0,0.0,0.0,0.0,0.0
2019-03-11,20,0,199,86.28,86.28,0.0,-2885.393179,0.0
2019-03-11,20,0,200,0.0,0.0,0.0,-0.0,0.0
2019-03-11,20,0,204,465.33,465.33,0.0,4515.096175,0.0
2019-03-11,20,0,205,317.4,317.4,0.0,3054.726393,0.0
2019-03-11,20,0,206,868.95,868.95,0.0,9887.368291,0.0
2019-03-11,20,0,210,0.0,0.0,0.0,0.0,0.0
2019-03-11,20,0,214,0.0,0.0,0.0,0.0,0.0
2019-03-11,20,0,217,0.0,0.0,0.0,0.0,0.0
2019-03-11,20,0,218,0.0,0.0,0.0,0.0,0.0
2019-03-11,20,0,219,0.0,0.0,0.0,0.0,0.0
2019-03-11,20,0,221,0.0,0.0,0.0,0.0,0.0
2019-03-11,20,0,225,0.0,0.0,0.0,0.0,0.0
2019-03-11,20,0,233,0.0,0.0,0.0,0.0,0.0
2019-03-11,20,0,236,159.03,159.03,0.0,1352.32195,0.0
2019-03-11,20,0,237,156.6,156.6,0.0,1386.027816,0.0
2019-03-11,20,0,238,0.0,0.0,0.0,0.0,0.0
2019-03-11,20,0,240,0.0,0.0,0.0,0.0,0.0
2019-03-11,20,0,245,145.89,145.89,0.0,1081.106012,0.0
2019-03-11,20,0,247,171.72,171.72,0.0,1272.517132,0.0
2019-03-11,20,0,248,15.72,15.72,0.0,139.133827,0.0
2019-03-11,20,0,249,280.44,280.44,0.0,2078.177873,0.0
2019-03-11,20,0,251,326.4,326.4,0.0,1885.809925,0.0
2019-03-11,20,0,252,267.06,267.06,0.0,1227.143051,0.0
2019-03-11,20,0,254,0.0,0.0,0.0,0.0,0.0
2019-03-11,20,0,255,0.0,0.0,0.0,0.0,0.0
2019-03-11,20,0,258,0.0,0.0,0.0,0.0,0.0
2019-03-11,20,0,260,0.0,0.0,0.0,0.0,0.0
2019-03-11,20,0,265,0.0,0.0,0.0,0.0,0.0
2019-03-11,20,0,266,49.35,49.35,0.0,508.472105,0.0
2019-03-11,20,0,267,62.41,62.41,0.0,643.034327,0.0
2019-03-11,20,0,270,389.62,389.62,0.0,-389620.0,0.0
2019-03-11,20,0,272,105.14,105.14,0.0,-27938.876008,0.0
2019-03-11,20,0,273,0.0,0.0,0.0,-0.0,0.0
2019-03-11,20,0,274,502.27,502.27,0.0,-502270.0,0.0
2019-03-11,20,0,275,699.17,699.17,0.0,-699170.0,0.0
2019-03-11,20,0,276,0.0,0.0,0.0,-0.0,0.0
2019-03-11,20,0,277,0.0,0.0,0.0,-0.0,0.0
2019-03-11,20,0,278,0.0,0.0,0.0,-0.0,0.0
2019-03-11,20,0,279,454.48,454.48,0.0,-126186.028287,0.0
2019-03-11,20,0,281,16.83,16.83,0.0,191.151729,0.0
2019-03-11,20,0,282,0.0,0.0,0.0,0.0,0.0
2019-03-11,21,0,9,0.0,0.0,0.0,0.0,0.0
2019-03-11,21,0,17,0.0,0.0,0.0,0.0,0.0
2019-03-11,21,0,19,633.42,633.42,0.0,805.887339,0.0
2019-03-11,21,0,20,768.22,768.22,0.0,977.390628,0.0
2019-03-11,21,0,21,0.0,0.0,0.0,0.0,0.0
2019-03-11,21,0,22,0.0,0.0,0.0,0.0,0.0
2019-03-11,21,0,23,108.8,108.8,0.0,406.837972,0.0
2019-03-11,21,0,24,192.5,192.5,0.0,719.819023,0.0
2019-03-11,21,0,29,0.0,0.0,0.0,0.0,0.0
2019-03-11,21,0,30,0.0,0.0,0.0,0.0,0.0
2019-03-11,21,0,31,37.5,37.5,0.0,139.296953,0.0
2019-03-11,21,0,32,0.0,0.0,0.0,0.0,0.0
2019-03-11,21,0,33,0.0,0.0,0.0,0.0,0.0
2019-03-11,21,0,34,0.0,0.0,0.0,0.0,0.0
2019-03-11,21,0,35,0.0,0.0,0.0,0.0,0.0
2019-03-11,21,0,36,0.0,0.0,0.0,0.0,0.0
2019-03-11,21,0,37,0.0,0.0,0.0,0.0,0.0
2019-03-11,21,0,38,0.0,0.0,0.0,0.0,0.0
2019-03-11,21,0,39,0.0,0.0,0.0,0.0,0.0
2019-03-11,21,0,40,0.0,0.0,0.0,0.0,0.0
2019-03-11,21,0,41,111.37,111.37,0.0,559.772537,0.0
2019-03-11,21,0,42,0.0,0.0,0.0,0.0,0.0
2019-03-11,21,0,43,0.0,0.0,0.0,0.0,0.0
2019-03-11,21,0,46,0.0,0.0,0.0,0.0,0.0
2019-03-11,21,0,52,39.75,39.75,0.0,147.65477,0.0
2019-03-11,21,0,53,63.15,63.15,0.0,234.576068,0.0
2019-03-11,21,0,55,186.9,186.9,0.0,698.878833,0.0
2019-03-11,21,0,56,0.0,0.0,0.0,0.0,0.0
2019-03-11,21,0,57,0.0,0.0,0.0,0.0,0.0
2019-03-11,21,0,58,0.0,0.0,0.0,0.0,0.0
2019-03-11,21,0,59,0.0,0.0,0.0,0.0,0.0
2019-03-11,21,0,63,73.17,73.17,0.0,1620.822758,0.0
2019-03-11,21,0,64,86.09,86.09,0.0,1907.019697,0.0
2019-03-11,21,0,65,30.04,30.04,0.0,132.104215,0.0
2019-03-11,21,0,67,0.0,0.0,0.0,-0.0,0.0
2019-03-11,21,0,68,7.3,7.3,0.0,-38.871675,0.0
2019-03-11,21,0,69,0.0,0.0,0.0,0.0,0.0
2019-03-11,21,0,74,65.28,65.28,0.0,445.025563,0.0
2019-03-11,21,0,77,170.42,170.42,0.0,231.989382,0.0
2019-03-11,21,0,78,129.08,129.08,0.0,175.714056,0.0
2019-03-11,21,0,79,74.88,74.88,0.0,101.932666,0.0
2019-03-11,21,0,80,120.85,120.85,0.0,164.51072,0.0
2019-03-11,21,0,81,157.73,157.73,0.0,214.714736,0.0
2019-03-11,21,0,82,111.5,111.5,0.0,151.782749,0.0
2019-03-11,21,0,83,247.05,247.05,0.0,336.304288,0.0
2019-03-11,21,0,84,0.0,0.0,0.0,0.0,0.0
2019-03-11,21,0,86,0.0,0.0,0.0,0.0,0.0
2019-03-11,21,0,87,0.0,0.0,0.0,0.0,0.0
2019-03-11,21,0,88,123.36,123.36,0.0,167.927533,0.0
2019-03-11,21,0,89,118.59,118.59,0.0,161.434226,0.0
2019-03-11,21,0,90,159.23,159.23,0.0,216.756656,0.0
2019-03-11,21,0,91,568.0,568.0,0.0,773.207188,0.0
2019-03-11,21,0,92,204.28,204.28,0.0,278.082332,0.0
2019-03-11,21,0,95,102.63,102.63,0.0,1868.760613,0.0
2019-03-11,21,0,96,29.88,29.88,0.0,110.219424,0.0
2019-03-11,21,0,97,183.75,183.75,0.0,677.805193,0.0
2019-03-11,21,0,99,12.6,12.6,0.0,85.896478,0.0
2019-03-11,21,0,101,0.0,0.0,0.0,0.0,0.0
2019-03-11,21,0,102,17.28,17.28,0.0,-92.014048,0.0
2019-03-11,21,0,103,15.02,15.02,0.0,-79.979804,0.0
2019-03-11,21,0,104,2.79,2.79,0.0,-14.856435,0.0
2019-03-11,21,0,106,0.0,0.0,0.0,0.0,0.0
2019-03-11,21,0,109,83.6,83.6,0.0,491.525685,0.0
2019-03-11,21,0,110,219.72,219.72,0.0,-8167.081225,0.0
2019-03-11,21,0,111,0.0,0.0,0.0,0.0,0.0
2019-03-11,21,0,113,40.27,40.27,0.0,97.981695,0.0
2019-03-11,21,0,115,40.27,40.27,0.0,97.981695,0.0
2019-03-11,21,0,116,0.0,0.0,0.0,-0.0,0.0
2019-03-11,21,0,117,2.71,2.71,0.0,6.593752,0.0
2019-03-11,21,0,119,86.09,86.09,0.0,1907.019697,0.0
2019-03-11,21,0,120,50.62,50.62,0.0,1121.307202,0.0
2019-03-11,21,0,123,0.0,0.0,0.0,0.0,0.0
2019-03-11,21,0,125,174.2,174.2,0.0,651.389474,0.0
2019-03-11,21,0,126,0.0,0.0,0.0,0.0,0.0
2019-03-11,21,0,127,0.0,0.0,0.0,0.0,0.0
2019-03-11,21,0,128,249.5,249.5,0.0,932.96024,0.0
2019-03-11,21,0,131,30.0,30.0,0.0,-96.937963,0.0
2019-03-11,21,0,132,44.1,44.1,0.0,-142.498806,0.0
2019-03-11,21,0,133,70.85,70.85,0.0,571.772033,0.0
2019-03-11,21,0,134,0.0,0.0,0.0,0.0,0.0
2019-03-11,21,0,135,92.12,92.12,0.0,743.424696,0.0
2019-03-11,21,0,136,34.45,34.45,0.0,157.408413,0.0
2019-03-11,21,0,139,146.7,146.7,0.0,737.349656,0.0
2019-03-11,21,0,140,162.61,162.61,0.0,-6044.279437,0.0
2019-03-11,21,0,141,230.0,230.0,0.0,-3027.751007,0.0
2019-03-11,21,0,142,0.0,0.0,0.0,-0.0,0.0
2019-03-11,21,0,143,71.55,71.55,0.0,265.778586,0.0
2019-03-11,21,0,145,25.28,25.28,0.0,114.217951,0.0
2019-03-11,21,0,146,240.2,240.2,0.0,-8928.331104,0.0
2019-03-11,21,0,152,0.0,0.0,0.0,0.0,0.0
2019-03-11,21,0,153,0.0,0.0,0.0,0.0,0.0
2019-03-11,21,0,154,0.0,0.0,0.0,0.0,0.0
2019-03-11,21,0,157,250.0,250.0,0.0,-3291.033703,0.0
2019-03-11,21,0,158,0.0,0.0,0.0,-0.0,0.0
2019-03-11,21,0,159,0.0,0.0,0.0,0.0,0.0
2019-03-11,21,0,160,0.0,0.0,0.0,0.0,0.0
2019-03-11,21,0,161,0.0,0.0,0.0,0.0,0.0
2019-03-11,21,0,162,112.68,112.68,0.0,2056.68963,0.0
2019-03-11,21,0,163,79.84,79.84,0.0,-2967.685076,0.0
2019-03-11,21,0,164,0.0,0.0,0.0,0.0,0.0
2019-03-11,21,0,167,0.0,0.0,0.0,0.0,0.0
2019-03-11,21,0,168,0.0,0.0,0.0,0.0,0.0
2019-03-11,21,0,169,0.0,0.0,0.0,0.0,0.0
2019-03-11,21,0,170,0.0,0.0,0.0,0.0,0.0
2019-03-11,21,0,172,0.0,0.0,0.0,0.0,0.0
2019-03-11,21,0,173,0.0,0.0,0.0,0.0,0.0
2019-03-11,21,0,188,0.0,0.0,0.0,0.0,0.0
2019-03-11,21,0,190,0.0,0.0,0.0,0.0,0.0
2019-03-11,21,0,191,0.0,0.0,0.0,0.0,0.0
2019-03-11,21,0,192,88.01,88.01,0.0,1949.550511,0.0
2019-03-11,21,0,194,96.6,96.6,0.0,895.323823,0.0
2019-03-11,21,0,196,0.0,0.0,0.0,0.0,0.0
2019-03-11,21,0,198,0.0,0.0,0.0,0.0,0.0
2019-03-11,21,0,199,67.14,67.14,0.0,722.336573,0.0
2019-03-11,21,0,200,0.0,0.0,0.0,0.0,0.0
2019-03-11,21,0,204,714.43,714.43,0.0,4131.170428,0.0
2019-03-11,21,0,205,387.97,387.97,0.0,2281.067225,0.0
2019-03-11,21,0,206,539.94,539.94,0.0,1991.695976,0.0
2019-03-11,21,0,210,0.0,0.0,0.0,0.0,0.0
2019-03-11,21,0,214,0.0,0.0,0.0,0.0,0.0
2019-03-11,21,0,217,0.0,0.0,0.0,0.0,0.0
2019-03-11,21,0,218,0.0,0.0,0.0,0.0,0.0
2019-03-11,21,0,219,0.0,0.0,0.0,0.0,0.0
2019-03-11,21,0,221,0.0,0.0,0.0,0.0,0.0
2019-03-11,21,0,225,0.0,0.0,0.0,0.0,0.0
2019-03-11,21,0,233,0.0,0.0,0.0,0.0,0.0
2019-03-11,21,0,236,122.48,122.48,0.0,888.48769,0.0
2019-03-11,21,0,237,156.6,156.6,0.0,1067.570514,0.0
2019-03-11,21,0,238,0.0,0.0,0.0,0.0,0.0
2019-03-11,21,0,240,0.0,0.0,0.0,0.0,0.0
2019-03-11,21,0,245,223.62,223.62,0.0,1589.115759,0.0
2019-03-11,21,0,247,136.24,136.24,0.0,968.16533,0.0
2019-03-11,21,0,248,15.72,15.72,0.0,107.166082,0.0
2019-03-11,21,0,249,430.03,430.03,0.0,3055.931714,0.0
2019-03-11,21,0,251,283.24,283.24,0.0,1519.596875,0.0
2019-03-11,21,0,252,193.79,193.79,0.0,852.212908,0.0
2019-03-11,21,0,254,0.0,0.0,0.0,0.0,0.0
2019-03-11,21,0,255,0.0,0.0,0.0,0.0,0.0
2019-03-11,21,0,258,0.0,0.0,0.0,0.0,0.0
2019-03-11,21,0,260,0.0,0.0,0.0,0.0,0.0
2019-03-11,21,0,265,0.0,0.0,0.0,0.0,0.0
2019-03-11,21,0,266,91.87,91.87,0.0,461.760824,0.0
2019-03-11,21,0,267,114.69,114.69,0.0,576.45966,0.0
2019-03-11,21,0,270,249.33,249.33,0.0,-9267.696895,0.0
2019-03-11,21,0,272,134.49,134.49,0.0,327.23015,0.0
2019-03-11,21,0,273,0.0,0.0,0.0,-0.0,0.0
2019-03-11,21,0,274,321.41,321.41,0.0,-11946.939634,0.0
2019-03-11,21,0,275,447.41,447.41,0.0,-16630.410572,0.0
2019-03-11,21,0,276,0.0,0.0,0.0,-0.0,0.0
2019-03-11,21,0,277,0.0,0.0,0.0,0.0,0.0
2019-03-11,21,0,278,0.0,0.0,0.0,0.0,0.0
2019-03-11,21,0,279,331.0,331.0,0.0,663.125878,0.0
2019-03-11,21,0,281,16.83,16.83,0.0,62.516472,0.0
2019-03-11,21,0,282,0.0,0.0,0.0,0.0,0.0
2019-03-11,22,0,9,0.0,0.0,0.0,0.0,0.0
2019-03-11,22,0,17,0.0,0.0,0.0,0.0,0.0
2019-03-11,22,0,19,494.87,494.87,0.0,4154.966075,0.0
2019-03-11,22,0,20,600.19,600.19,0.0,5039.240787,0.0
2019-03-11,22,0,21,0.0,0.0,0.0,0.0,0.0
2019-03-11,22,0,22,0.0,0.0,0.0,0.0,0.0
2019-03-11,22,0,23,108.8,108.8,0.0,742.158294,0.0
2019-03-11,22,0,24,192.5,192.5,0.0,1313.101761,0.0
2019-03-11,22,0,29,0.0,0.0,0.0,0.0,0.0
2019-03-11,22,0,30,0.0,0.0,0.0,0.0,0.0
2019-03-11,22,0,31,37.5,37.5,0.0,255.424557,0.0
2019-03-11,22,0,32,0.0,0.0,0.0,0.0,0.0
2019-03-11,22,0,33,0.0,0.0,0.0,0.0,0.0
2019-03-11,22,0,34,0.0,0.0,0.0,0.0,0.0
2019-03-11,22,0,35,0.0,0.0,0.0,0.0,0.0
2019-03-11,22,0,36,0.0,0.0,0.0,0.0,0.0
2019-03-11,22,0,37,0.0,0.0,0.0,0.0,0.0
2019-03-11,22,0,38,0.0,0.0,0.0,0.0,0.0
2019-03-11,22,0,39,0.0,0.0,0.0,0.0,0.0
2019-03-11,22,0,40,0.0,0.0,0.0,0.0,0.0
2019-03-11,22,0,41,116.0,116.0,0.0,851.609888,0.0
2019-03-11,22,0,42,0.0,0.0,0.0,0.0,0.0
2019-03-11,22,0,43,0.0,0.0,0.0,0.0,0.0
2019-03-11,22,0,46,0.0,0.0,0.0,0.0,0.0
2019-03-11,22,0,52,39.75,39.75,0.0,270.75003,0.0
2019-03-11,22,0,53,63.15,63.15,0.0,430.134954,0.0
2019-03-11,22,0,55,356.65,356.65,0.0,2432.819445,0.0
2019-03-11,22,0,56,0.0,0.0,0.0,0.0,0.0
2019-03-11,22,0,57,0.0,0.0,0.0,0.0,0.0
2019-03-11,22,0,58,0.0,0.0,0.0,0.0,0.0
2019-03-11,22,0,59,0.0,0.0,0.0,0.0,0.0
2019-03-11,22,0,63,45.24,45.24,0.0,727.723162,0.0
2019-03-11,22,0,64,53.22,53.22,0.0,856.088123,0.0
2019-03-11,22,0,65,19.24,19.24,0.0,161.325757,0.0
2019-03-11,22,0,67,0.0,0.0,0.0,0.0,0.0
2019-03-11,22,0,68,6.12,6.12,0.0,43.099202,0.0
2019-03-11,22,0,69,0.0,0.0,0.0,0.0,0.0
2019-03-11,22,0,74,65.28,65.28,0.0,526.680669,0.0
2019-03-11,22,0,77,173.07,173.07,0.0,1014.416382,0.0
2019-03-11,22,0,78,130.84,130.84,0.0,766.893392,0.0
2019-03-11,22,0,79,75.72,75.72,0.0,443.818157,0.0
2019-03-11,22,0,80,122.45,122.45,0.0,717.717027,0.0
2019-03-11,22,0,81,160.09,160.09,0.0,938.336618,0.0
2019-03-11,22,0,82,112.93,112.93,0.0,661.917386,0.0
2019-03-11,22,0,83,251.82,251.82,0.0,1475.994299,0.0
2019-03-11,22,0,84,0.0,0.0,0.0,0.0,0.0
2019-03-11,22,0,86,0.0,0.0,0.0,0.0,0.0
2019-03-11,22,0,87,0.0,0.0,0.0,0.0,0.0
2019-03-11,22,0,88,98.03,98.03,0.0,574.583913,0.0
2019-03-11,22,0,89,94.23,94.23,0.0,552.310947,0.0
2019-03-11,22,0,90,126.53,126.53,0.0,741.63116,0.0
2019-03-11,22,0,91,451.35,451.35,0.0,2645.50086,0.0
2019-03-11,22,0,92,162.33,162.33,0.0,951.465946,0.0
2019-03-11,22,0,95,94.49,94.49,0.0,1509.812709,0.0
2019-03-11,22,0,96,29.88,29.88,0.0,203.210438,0.0
2019-03-11,22,0,97,183.75,183.75,0.0,1249.662583,0.0
2019-03-11,22,0,99,12.6,12.6,0.0,101.657114,0.0
2019-03-11,22,0,101,0.0,0.0,0.0,0.0,0.0
2019-03-11,22,0,102,14.49,14.49,0.0,102.043699,0.0
2019-03-11,22,0,103,12.6,12.6,0.0,88.733651,0.0
2019-03-11,22,0,104,2.34,2.34,0.0,16.479107,0.0
2019-03-11,22,0,106,0.0,0.0,0.0,0.0,0.0
2019-03-11,22,0,109,132.67,132.67,0.0,1019.558727,0.0
2019-03-11,22,0,110,148.17,148.17,0.0,1943.916089,0.0
2019-03-11,22,0,111,0.0,0.0,0.0,0.0,0.0
2019-03-11,22,0,113,48.62,48.62,0.0,259.880297,0.0
2019-03-11,22,0,115,48.62,48.62,0.0,259.880297,0.0
2019-03-11,22,0,116,0.0,0.0,0.0,0.0,0.0
2019-03-11,22,0,117,3.24,3.24,0.0,17.318226,0.0
2019-03-11,22,0,119,53.22,53.22,0.0,856.088123,0.0
2019-03-11,22,0,120,31.29,31.29,0.0,503.325768,0.0
2019-03-11,22,0,123,0.0,0.0,0.0,0.0,0.0
2019-03-11,22,0,125,174.2,174.2,0.0,1188.271828,0.0
2019-03-11,22,0,126,0.0,0.0,0.0,0.0,0.0
2019-03-11,22,0,127,0.0,0.0,0.0,0.0,0.0
2019-03-11,22,0,128,249.5,249.5,0.0,1701.916309,0.0
2019-03-11,22,0,131,30.0,30.0,0.0,199.284695,0.0
2019-03-11,22,0,132,44.1,44.1,0.0,292.948501,0.0
2019-03-11,22,0,133,75.73,75.73,0.0,635.914462,0.0
2019-03-11,22,0,134,0.0,0.0,0.0,0.0,0.0
2019-03-11,22,0,135,101.48,101.48,0.0,852.140494,0.0
2019-03-11,22,0,136,22.76,22.76,0.0,190.82671,0.0
2019-03-11,22,0,139,149.8,149.8,0.0,1099.75139,0.0
2019-03-11,22,0,140,109.66,109.66,0.0,1438.684203,0.0
2019-03-11,22,0,141,230.0,230.0,0.0,1963.816579,0.0
2019-03-11,22,0,142,0.0,0.0,0.0,0.0,0.0
2019-03-11,22,0,143,71.55,71.55,0.0,487.350054,0.0
2019-03-11,22,0,145,43.55,43.55,0.0,310.754896,0.0
2019-03-11,22,0,146,145.03,145.03,0.0,1902.720864,0.0
2019-03-11,22,0,152,0.0,0.0,0.0,0.0,0.0
2019-03-11,22,0,153,0.0,0.0,0.0,0.0,0.0
2019-03-11,22,0,154,0.0,0.0,0.0,0.0,0.0
2019-03-11,22,0,157,211.25,211.25,0.0,1803.722836,0.0
2019-03-11,22,0,158,0.0,0.0,0.0,0.0,0.0
2019-03-11,22,0,159,0.0,0.0,0.0,0.0,0.0
2019-03-11,22,0,160,0.0,0.0,0.0,0.0,0.0
2019-03-11,22,0,161,0.0,0.0,0.0,0.0,0.0
2019-03-11,22,0,162,55.41,55.41,0.0,885.660928,0.0
2019-03-11,22,0,163,48.79,48.79,0.0,640.100331,0.0
2019-03-11,22,0,164,0.0,0.0,0.0,0.0,0.0
2019-03-11,22,0,167,0.0,0.0,0.0,0.0,0.0
2019-03-11,22,0,168,0.0,0.0,0.0,0.0,0.0
2019-03-11,22,0,169,0.0,0.0,0.0,0.0,0.0
2019-03-11,22,0,170,0.0,0.0,0.0,0.0,0.0
2019-03-11,22,0,172,0.0,0.0,0.0,0.0,0.0
2019-03-11,22,0,173,0.0,0.0,0.0,0.0,0.0
2019-03-11,22,0,188,0.0,0.0,0.0,0.0,0.0
2019-03-11,22,0,190,0.0,0.0,0.0,0.0,0.0
2019-03-11,22,0,191,0.0,0.0,0.0,0.0,0.0
2019-03-11,22,0,192,46.41,46.41,0.0,746.543589,0.0
2019-03-11,22,0,194,67.72,67.72,0.0,253.949338,0.0
2019-03-11,22,0,196,0.0,0.0,0.0,0.0,0.0
2019-03-11,22,0,198,0.0,0.0,0.0,0.0,0.0
2019-03-11,22,0,199,53.63,53.63,0.0,436.272668,0.0
2019-03-11,22,0,200,0.0,0.0,0.0,0.0,0.0
2019-03-11,22,0,204,516.81,516.81,0.0,3951.293577,0.0
2019-03-11,22,0,205,660.04,660.04,0.0,5072.356541,0.0
2019-03-11,22,0,206,539.94,539.94,0.0,3672.069742,0.0
2019-03-11,22,0,210,0.0,0.0,0.0,0.0,0.0
2019-03-11,22,0,214,0.0,0.0,0.0,0.0,0.0
2019-03-11,22,0,217,0.0,0.0,0.0,0.0,0.0
2019-03-11,22,0,218,0.0,0.0,0.0,0.0,0.0
2019-03-11,22,0,219,0.0,0.0,0.0,0.0,0.0
2019-03-11,22,0,221,0.0,0.0,0.0,0.0,0.0
2019-03-11,22,0,225,0.0,0.0,0.0,0.0,0.0
2019-03-11,22,0,233,0.0,0.0,0.0,0.0,0.0
2019-03-11,22,0,236,76.58,76.58,0.0,631.309038,0.0
2019-03-11,22,0,237,156.6,156.6,0.0,1263.452707,0.0
2019-03-11,22,0,238,0.0,0.0,0.0,0.0,0.0
2019-03-11,22,0,240,0.0,0.0,0.0,0.0,0.0
2019-03-11,22,0,245,135.82,135.82,0.0,1145.929539,0.0
2019-03-11,22,0,247,79.9,79.9,0.0,674.125829,0.0
2019-03-11,22,0,248,15.72,15.72,0.0,126.829352,0.0
2019-03-11,22,0,249,261.2,261.2,0.0,2203.775552,0.0
2019-03-11,22,0,251,386.22,386.22,0.0,3231.34423,0.0
2019-03-11,22,0,252,124.13,124.13,0.0,1040.819448,0.0
2019-03-11,22,0,254,0.0,0.0,0.0,0.0,0.0
2019-03-11,22,0,255,0.0,0.0,0.0,0.0,0.0
2019-03-11,22,0,258,0.0,0.0,0.0,0.0,0.0
2019-03-11,22,0,260,0.0,0.0,0.0,0.0,0.0
2019-03-11,22,0,265,0.0,0.0,0.0,0.0,0.0
2019-03-11,22,0,266,97.0,97.0,0.0,712.122062,0.0
2019-03-11,22,0,267,119.2,119.2,0.0,875.102575,0.0
2019-03-11,22,0,270,152.38,152.38,0.0,1999.149178,0.0
2019-03-11,22,0,272,162.48,162.48,0.0,868.476976,0.0
2019-03-11,22,0,273,0.0,0.0,0.0,0.0,0.0
2019-03-11,22,0,274,196.44,196.44,0.0,2577.194281,0.0
2019-03-11,22,0,275,273.45,273.45,0.0,3587.526858,0.0
2019-03-11,22,0,276,0.0,0.0,0.0,0.0,0.0
2019-03-11,22,0,277,0.0,0.0,0.0,0.0,0.0
2019-03-11,22,0,278,0.0,0.0,0.0,0.0,0.0
2019-03-11,22,0,279,102.25,102.25,0.0,567.699626,0.0
2019-03-11,22,0,281,16.83,16.83,0.0,114.634541,0.0
2019-03-11,22,0,282,0.0,0.0,0.0,0.0,0.0
2019-03-11,23,0,9,0.0,0.0,0.0,0.0,0.0
2019-03-11,23,0,17,0.0,0.0,0.0,0.0,0.0
2019-03-11,23,0,19,452.22,452.22,0.0,3662.530534,0.0
2019-03-11,23,0,20,548.46,548.46,0.0,4441.978455,0.0
2019-03-11,23,0,21,0.0,0.0,0.0,0.0,0.0
2019-03-11,23,0,22,0.0,0.0,0.0,0.0,0.0
2019-03-11,23,0,23,108.8,108.8,0.0,612.584794,0.0
2019-03-11,23,0,24,192.5,192.5,0.0,1083.847177,0.0
2019-03-11,23,0,29,0.0,0.0,0.0,0.0,0.0
2019-03-11,23,0,30,0.0,0.0,0.0,0.0,0.0
2019-03-11,23,0,31,37.5,37.5,0.0,210.552009,0.0
2019-03-11,23,0,32,0.0,0.0,0.0,0.0,0.0
2019-03-11,23,0,33,0.0,0.0,0.0,0.0,0.0
2019-03-11,23,0,34,0.0,0.0,0.0,0.0,0.0
2019-03-11,23,0,35,0.0,0.0,0.0,0.0,0.0
2019-03-11,23,0,36,0.0,0.0,0.0,0.0,0.0
2019-03-11,23,0,37,0.0,0.0,0.0,0.0,0.0
2019-03-11,23,0,38,0.0,0.0,0.0,0.0,0.0
2019-03-11,23,0,39,0.0,0.0,0.0,0.0,0.0
2019-03-11,23,0,40,0.0,0.0,0.0,0.0,0.0
2019-03-11,23,0,41,116.0,116.0,0.0,747.710401,0.0
2019-03-11,23,0,42,0.0,0.0,0.0,0.0,0.0
2019-03-11,23,0,43,0.0,0.0,0.0,0.0,0.0
2019-03-11,23,0,46,0.0,0.0,0.0,0.0,0.0
2019-03-11,23,0,52,39.75,39.75,0.0,223.185129,0.0
2019-03-11,23,0,53,63.15,63.15,0.0,354.569583,0.0
2019-03-11,23,0,55,623.0,623.0,0.0,3507.723591,0.0
2019-03-11,23,0,56,0.0,0.0,0.0,0.0,0.0
2019-03-11,23,0,57,0.0,0.0,0.0,0.0,0.0
2019-03-11,23,0,58,0.0,0.0,0.0,0.0,0.0
2019-03-11,23,0,59,0.0,0.0,0.0,0.0,0.0
2019-03-11,23,0,63,51.05,51.05,0.0,926.49522,0.0
2019-03-11,23,0,64,60.06,60.06,0.0,1090.015728,0.0
2019-03-11,23,0,65,16.31,16.31,0.0,131.809348,0.0
2019-03-11,23,0,67,0.0,0.0,0.0,0.0,0.0
2019-03-11,23,0,68,3.8,3.8,0.0,13.952755,0.0
2019-03-11,23,0,69,0.0,0.0,0.0,0.0,0.0
2019-03-11,23,0,74,65.28,65.28,0.0,495.132139,0.0
2019-03-11,23,0,77,116.97,116.97,0.0,482.555643,0.0
2019-03-11,23,0,78,88.43,88.43,0.0,364.814872,0.0
2019-03-11,23,0,79,51.17,51.17,0.0,211.100045,0.0
2019-03-11,23,0,80,82.75,82.75,0.0,341.38223,0.0
2019-03-11,23,0,81,108.19,108.19,0.0,446.33406,0.0
2019-03-11,23,0,82,76.32,76.32,0.0,314.85549,0.0
2019-03-11,23,0,83,170.19,170.19,0.0,702.112892,0.0
2019-03-11,23,0,84,0.0,0.0,0.0,0.0,0.0
2019-03-11,23,0,86,0.0,0.0,0.0,0.0,0.0
2019-03-11,23,0,87,0.0,0.0,0.0,0.0,0.0
2019-03-11,23,0,88,79.11,79.11,0.0,326.365538,0.0
2019-03-11,23,0,89,76.05,76.05,0.0,313.741615,0.0
2019-03-11,23,0,90,102.11,102.11,0.0,421.251233,0.0
2019-03-11,23,0,91,364.25,364.25,0.0,1502.700633,0.0
2019-03-11,23,0,92,131.0,131.0,0.0,540.435917,0.0
2019-03-11,23,0,95,93.27,93.27,0.0,2407.126005,0.0
2019-03-11,23,0,96,24.23,24.23,0.0,135.648251,0.0
2019-03-11,23,0,97,149.02,149.02,0.0,834.267535,0.0
2019-03-11,23,0,99,12.6,12.6,0.0,95.567784,0.0
2019-03-11,23,0,101,0.0,0.0,0.0,0.0,0.0
2019-03-11,23,0,102,9.0,9.0,0.0,33.045999,0.0
2019-03-11,23,0,103,7.83,7.83,0.0,28.750019,0.0
2019-03-11,23,0,104,1.45,1.45,0.0,5.324078,0.0
2019-03-11,23,0,106,0.0,0.0,0.0,0.0,0.0
2019-03-11,23,0,109,157.24,157.24,0.0,1098.193898,0.0
2019-03-11,23,0,110,148.86,148.86,0.0,290.410975,0.0
2019-03-11,23,0,111,0.0,0.0,0.0,0.0,0.0
2019-03-11,23,0,113,41.91,41.91,0.0,162.610626,0.0
2019-03-11,23,0,115,41.91,41.91,0.0,162.610626,0.0
2019-03-11,23,0,116,0.0,0.0,0.0,0.0,0.0
2019-03-11,23,0,117,2.79,2.79,0.0,10.825188,0.0
2019-03-11,23,0,119,60.06,60.06,0.0,1090.015728,0.0
2019-03-11,23,0,120,35.32,35.32,0.0,641.01491,0.0
2019-03-11,23,0,123,0.0,0.0,0.0,0.0,0.0
2019-03-11,23,0,125,174.2,174.2,0.0,980.811315,0.0
2019-03-11,23,0,126,0.0,0.0,0.0,0.0,0.0
2019-03-11,23,0,127,0.0,0.0,0.0,0.0,0.0
2019-03-11,23,0,128,249.5,249.5,0.0,1404.778549,0.0
2019-03-11,23,0,131,18.43,18.43,0.0,69.755955,0.0
2019-03-11,23,0,132,27.09,27.09,0.0,102.533305,0.0
2019-03-11,23,0,133,73.33,73.33,0.0,594.020673,0.0
2019-03-11,23,0,134,0.0,0.0,0.0,0.0,0.0
2019-03-11,23,0,135,98.25,98.25,0.0,795.888874,0.0
2019-03-11,23,0,136,20.12,20.12,0.0,162.580556,0.0
2019-03-11,23,0,139,149.8,149.8,0.0,965.577741,0.0
2019-03-11,23,0,140,110.17,110.17,0.0,214.930654,0.0
2019-03-11,23,0,141,188.82,188.82,0.0,613.317201,0.0
2019-03-11,23,0,142,0.0,0.0,0.0,0.0,0.0
2019-03-11,23,0,143,71.55,71.55,0.0,401.733233,0.0
2019-03-11,23,0,145,15.58,15.58,0.0,95.397056,0.0
2019-03-11,23,0,146,164.72,164.72,0.0,321.352249,0.0
2019-03-11,23,0,152,0.0,0.0,0.0,0.0,0.0
2019-03-11,23,0,153,0.0,0.0,0.0,0.0,0.0
2019-03-11,23,0,154,0.0,0.0,0.0,0.0,0.0
2019-03-11,23,0,157,157.89,157.89,0.0,512.851673,0.0
2019-03-11,23,0,158,0.0,0.0,0.0,0.0,0.0
2019-03-11,23,0,159,0.0,0.0,0.0,0.0,0.0
2019-03-11,23,0,160,0.0,0.0,0.0,0.0,0.0
2019-03-11,23,0,161,0.0,0.0,0.0,0.0,0.0
2019-03-11,23,0,162,24.86,24.86,0.0,642.120833,0.0
2019-03-11,23,0,163,50.28,50.28,0.0,98.091252,0.0
2019-03-11,23,0,164,0.0,0.0,0.0,0.0,0.0
2019-03-11,23,0,167,0.0,0.0,0.0,0.0,0.0
2019-03-11,23,0,168,0.0,0.0,0.0,0.0,0.0
2019-03-11,23,0,169,0.0,0.0,0.0,0.0,0.0
2019-03-11,23,0,170,0.0,0.0,0.0,0.0,0.0
2019-03-11,23,0,172,0.0,0.0,0.0,0.0,0.0
2019-03-11,23,0,173,0.0,0.0,0.0,0.0,0.0
2019-03-11,23,0,188,0.0,0.0,0.0,0.0,0.0
2019-03-11,23,0,190,0.0,0.0,0.0,0.0,0.0
2019-03-11,23,0,191,0.0,0.0,0.0,0.0,0.0
2019-03-11,23,0,192,60.26,60.26,0.0,1093.645484,0.0
2019-03-11,23,0,194,75.31,75.31,0.0,298.701704,0.0
2019-03-11,23,0,196,0.0,0.0,0.0,0.0,0.0
2019-03-11,23,0,198,0.0,0.0,0.0,0.0,0.0
2019-03-11,23,0,199,39.55,39.55,0.0,339.586406,0.0
2019-03-11,23,0,200,0.0,0.0,0.0,0.0,0.0
2019-03-11,23,0,204,566.16,566.16,0.0,3919.218895,0.0
2019-03-11,23,0,205,831.79,831.79,0.0,5809.378673,0.0
2019-03-11,23,0,206,437.88,437.88,0.0,2451.409665,0.0
2019-03-11,23,0,210,0.0,0.0,0.0,0.0,0.0
2019-03-11,23,0,214,0.0,0.0,0.0,0.0,0.0
2019-03-11,23,0,217,0.0,0.0,0.0,0.0,0.0
2019-03-11,23,0,218,0.0,0.0,0.0,0.0,0.0
2019-03-11,23,0,219,0.0,0.0,0.0,0.0,0.0
2019-03-11,23,0,221,0.0,0.0,0.0,0.0,0.0
2019-03-11,23,0,225,0.0,0.0,0.0,0.0,0.0
2019-03-11,23,0,233,0.0,0.0,0.0,0.0,0.0
2019-03-11,23,0,236,70.11,70.11,0.0,551.0834,0.0
2019-03-11,23,0,237,156.6,156.6,0.0,1187.771032,0.0
2019-03-11,23,0,238,0.0,0.0,0.0,0.0,0.0
2019-03-11,23,0,240,0.0,0.0,0.0,0.0,0.0
2019-03-11,23,0,245,124.42,124.42,0.0,1015.682986,0.0
2019-03-11,23,0,247,71.9,71.9,0.0,586.944275,0.0
2019-03-11,23,0,248,15.72,15.72,0.0,119.232188,0.0
2019-03-11,23,0,249,239.27,239.27,0.0,1953.242792,0.0
2019-03-11,23,0,251,155.77,155.77,0.0,1254.381316,0.0
2019-03-11,23,0,252,105.19,105.19,0.0,850.093518,0.0
2019-03-11,23,0,254,0.0,0.0,0.0,0.0,0.0
2019-03-11,23,0,255,0.0,0.0,0.0,0.0,0.0
2019-03-11,23,0,258,0.0,0.0,0.0,0.0,0.0
2019-03-11,23,0,260,0.0,0.0,0.0,0.0,0.0
2019-03-11,23,0,265,0.0,0.0,0.0,0.0,0.0
2019-03-11,23,0,266,97.0,97.0,0.0,625.240594,0.0
2019-03-11,23,0,267,119.2,119.2,0.0,768.336894,0.0
2019-03-11,23,0,270,157.02,157.02,0.0,306.330319,0.0
2019-03-11,23,0,272,140.05,140.05,0.0,543.393417,0.0
2019-03-11,23,0,273,0.0,0.0,0.0,0.0,0.0
2019-03-11,23,0,274,202.42,202.42,0.0,394.901179,0.0
2019-03-11,23,0,275,281.77,281.77,0.0,549.705095,0.0
2019-03-11,23,0,276,0.0,0.0,0.0,0.0,0.0
2019-03-11,23,0,277,0.0,0.0,0.0,0.0,0.0
2019-03-11,23,0,278,0.0,0.0,0.0,0.0,0.0
2019-03-11,23,0,279,70.22,70.22,0.0,279.363837,0.0
2019-03-11,23,0,281,16.83,16.83,0.0,94.495741,0.0
2019-03-11,23,0,282,0.0,0.0,0.0,0.0,0.0
2019-03-12,0,0,9,0.0,0.0,0.0,0.0,0.0
2019-03-12,0,0,17,0.0,0.0,0.0,0.0,0.0
2019-03-12,0,0,19,416.03,416.03,0.0,3537.703676,0.0
2019-03-12,0,0,20,504.56,504.56,0.0,4290.51695,0.0
2019-03-12,0,0,21,0.0,0.0,0.0,0.0,0.0
2019-03-12,0,0,22,0.0,0.0,0.0,0.0,0.0
2019-03-12,0,0,23,94.78,94.78,0.0,628.663263,0.0
2019-03-12,0,0,24,167.69,167.69,0.0,1112.265696,0.0
2019-03-12,0,0,29,0.0,0.0,0.0,0.0,0.0
2019-03-12,0,0,30,0.0,0.0,0.0,0.0,0.0
2019-03-12,0,0,31,37.5,37.5,0.0,248.287722,0.0
2019-03-12,0,0,32,0.0,0.0,0.0,0.0,0.0
2019-03-12,0,0,33,0.0,0.0,0.0,0.0,0.0
2019-03-12,0,0,34,0.0,0.0,0.0,0.0,0.0
2019-03-12,0,0,35,0.0,0.0,0.0,0.0,0.0
2019-03-12,0,0,36,0.0,0.0,0.0,0.0,0.0
2019-03-12,0,0,37,0.0,0.0,0.0,0.0,0.0
2019-03-12,0,0,38,0.0,0.0,0.0,0.0,0.0
2019-03-12,0,0,39,0.0,0.0,0.0,0.0,0.0
2019-03-12,0,0,40,0.0,0.0,0.0,0.0,0.0
2019-03-12,0,0,41,116.0,116.0,0.0,841.086414,0.0
2019-03-12,0,0,42,0.0,0.0,0.0,0.0,0.0
2019-03-12,0,0,43,0.0,0.0,0.0,0.0,0.0
2019-03-12,0,0,46,0.0,0.0,0.0,0.0,0.0
2019-03-12,0,0,52,39.75,39.75,0.0,263.184986,0.0
2019-03-12,0,0,53,63.15,63.15,0.0,418.116524,0.0
2019-03-12,0,0,55,622.97,622.97,0.0,4132.078004,0.0
2019-03-12,0,0,56,0.0,0.0,0.0,0.0,0.0
2019-03-12,0,0,57,0.0,0.0,0.0,0.0,0.0
2019-03-12,0,0,58,0.0,0.0,0.0,0.0,0.0
2019-03-12,0,0,59,0.0,0.0,0.0,0.0,0.0
2019-03-12,0,0,63,58.63,58.63,0.0,977.3572,0.0
2019-03-12,0,0,64,68.97,68.97,0.0,1149.724136,0.0
2019-03-12,0,0,65,13.66,13.66,0.0,115.97646,0.0
2019-03-12,0,0,67,0.0,0.0,0.0,0.0,0.0
2019-03-12,0,0,68,2.26,2.26,0.0,11.015976,0.0
2019-03-12,0,0,69,0.0,0.0,0.0,0.0,0.0
2019-03-12,0,0,74,65.28,65.28,0.0,529.668963,0.0
2019-03-12,0,0,77,81.83,81.83,0.0,449.452553,0.0
2019-03-12,0,0,78,61.86,61.86,0.0,339.767016,0.0
2019-03-12,0,0,79,35.8,35.8,0.0,196.632059,0.0
2019-03-12,0,0,80,57.89,57.89,0.0,317.961729,0.0
2019-03-12,0,0,81,75.69,75.69,0.0,415.728507,0.0
2019-03-12,0,0,82,53.39,53.39,0.0,293.245409,0.0
2019-03-12,0,0,83,119.06,119.06,0.0,653.93891,0.0
2019-03-12,0,0,84,0.0,0.0,0.0,0.0,0.0
2019-03-12,0,0,86,0.0,0.0,0.0,0.0,0.0
2019-03-12,0,0,87,0.0,0.0,0.0,0.0,0.0
2019-03-12,0,0,88,69.81,69.81,0.0,383.432516,0.0
2019-03-12,0,0,89,67.11,67.11,0.0,368.602723,0.0
2019-03-12,0,0,90,90.1,90.1,0.0,494.875658,0.0
2019-03-12,0,0,91,321.42,321.42,0.0,1765.404371,0.0
2019-03-12,0,0,92,115.6,115.6,0.0,634.934806,0.0
2019-03-12,0,0,95,54.22,54.22,0.0,855.052196,0.0
2019-03-12,0,0,96,19.75,19.75,0.0,130.520018,0.0
2019-03-12,0,0,97,121.45,121.45,0.0,802.615504,0.0
2019-03-12,0,0,99,12.6,12.6,0.0,102.233899,0.0
2019-03-12,0,0,101,0.0,0.0,0.0,0.0,0.0
2019-03-12,0,0,102,5.34,5.34,0.0,26.028899,0.0
2019-03-12,0,0,103,4.64,4.64,0.0,22.616871,0.0
2019-03-12,0,0,104,0.86,0.86,0.0,4.19192,0.0
2019-03-12,0,0,106,0.0,0.0,0.0,0.0,0.0
2019-03-12,0,0,109,161.9,161.9,0.0,1239.947994,0.0
2019-03-12,0,0,110,161.84,161.84,0.0,361.128659,0.0
2019-03-12,0,0,111,0.0,0.0,0.0,0.0,0.0
2019-03-12,0,0,113,39.92,39.92,0.0,214.514659,0.0
2019-03-12,0,0,115,39.92,39.92,0.0,214.514659,0.0
2019-03-12,0,0,116,0.0,0.0,0.0,0.0,0.0
2019-03-12,0,0,117,2.66,2.66,0.0,14.293812,0.0
2019-03-12,0,0,119,68.97,68.97,0.0,1149.724136,0.0
2019-03-12,0,0,120,40.56,40.56,0.0,676.13181,0.0
2019-03-12,0,0,123,0.0,0.0,0.0,0.0,0.0
2019-03-12,0,0,125,151.75,151.75,0.0,1006.537774,0.0
2019-03-12,0,0,126,0.0,0.0,0.0,0.0,0.0
2019-03-12,0,0,127,0.0,0.0,0.0,0.0,0.0
2019-03-12,0,0,128,217.35,217.35,0.0,1441.653939,0.0
2019-03-12,0,0,131,9.4,9.4,0.0,47.451953,0.0
2019-03-12,0,0,132,13.82,13.82,0.0,69.764468,0.0
2019-03-12,0,0,133,71.13,71.13,0.0,604.941535,0.0
2019-03-12,0,0,134,0.0,0.0,0.0,0.0,0.0
2019-03-12,0,0,135,95.31,95.31,0.0,810.585936,0.0
2019-03-12,0,0,136,17.81,17.81,0.0,151.197927,0.0
2019-03-12,0,0,139,149.8,149.8,0.0,1086.161593,0.0
2019-03-12,0,0,140,119.78,119.78,0.0,267.276265,0.0
2019-03-12,0,0,141,130.61,130.61,0.0,551.661181,0.0
2019-03-12,0,0,142,0.0,0.0,0.0,0.0,0.0
2019-03-12,0,0,143,181.61,181.61,0.0,1202.440887,0.0
2019-03-12,0,0,145,13.71,13.71,0.0,96.054895,0.0
2019-03-12,0,0,146,193.21,193.21,0.0,431.12746,0.0
2019-03-12,0,0,152,0.0,0.0,0.0,0.0,0.0
2019-03-12,0,0,153,0.0,0.0,0.0,0.0,0.0
2019-03-12,0,0,154,0.0,0.0,0.0,0.0,0.0
2019-03-12,0,0,157,123.6,123.6,0.0,522.052844,0.0
2019-03-12,0,0,158,0.0,0.0,0.0,0.0,0.0
2019-03-12,0,0,159,0.0,0.0,0.0,0.0,0.0
2019-03-12,0,0,160,0.0,0.0,0.0,0.0,0.0
2019-03-12,0,0,161,0.0,0.0,0.0,0.0,0.0
2019-03-12,0,0,162,22.59,22.59,0.0,356.531879,0.0
2019-03-12,0,0,163,54.46,54.46,0.0,121.521668,0.0
2019-03-12,0,0,164,0.0,0.0,0.0,0.0,0.0
2019-03-12,0,0,167,0.0,0.0,0.0,0.0,0.0
2019-03-12,0,0,168,0.0,0.0,0.0,0.0,0.0
2019-03-12,0,0,169,0.0,0.0,0.0,0.0,0.0
2019-03-12,0,0,170,0.0,0.0,0.0,0.0,0.0
2019-03-12,0,0,172,0.0,0.0,0.0,0.0,0.0
2019-03-12,0,0,173,0.0,0.0,0.0,0.0,0.0
2019-03-12,0,0,188,0.0,0.0,0.0,0.0,0.0
2019-03-12,0,0,190,0.0,0.0,0.0,0.0,0.0
2019-03-12,0,0,191,0.0,0.0,0.0,0.0,0.0
2019-03-12,0,0,192,79.34,79.34,0.0,1322.59117,0.0
2019-03-12,0,0,194,87.29,87.29,0.0,501.651642,0.0
2019-03-12,0,0,196,0.0,0.0,0.0,0.0,0.0
2019-03-12,0,0,198,0.0,0.0,0.0,0.0,0.0
2019-03-12,0,0,199,16.22,16.22,0.0,145.646691,0.0
2019-03-12,0,0,200,0.0,0.0,0.0,0.0,0.0
2019-03-12,0,0,204,627.67,627.67,0.0,4777.793042,0.0
2019-03-12,0,0,205,856.45,856.45,0.0,6559.31723,0.0
2019-03-12,0,0,206,356.87,356.87,0.0,2358.414121,0.0
2019-03-12,0,0,210,0.0,0.0,0.0,0.0,0.0
2019-03-12,0,0,214,0.0,0.0,0.0,0.0,0.0
2019-03-12,0,0,217,0.0,0.0,0.0,0.0,0.0
2019-03-12,0,0,218,0.0,0.0,0.0,0.0,0.0
2019-03-12,0,0,219,0.0,0.0,0.0,0.0,0.0
2019-03-12,0,0,221,0.0,0.0,0.0,0.0,0.0
2019-03-12,0,0,225,0.0,0.0,0.0,0.0,0.0
2019-03-12,0,0,233,0.0,0.0,0.0,0.0,0.0
2019-03-12,0,0,236,64.13,64.13,0.0,533.727098,0.0
2019-03-12,0,0,237,156.6,156.6,0.0,1270.621316,0.0
2019-03-12,0,0,238,0.0,0.0,0.0,0.0,0.0
2019-03-12,0,0,240,0.0,0.0,0.0,0.0,0.0
2019-03-12,0,0,245,71.47,71.47,0.0,611.22832,0.0
2019-03-12,0,0,247,64.13,64.13,0.0,548.454907,0.0
2019-03-12,0,0,248,15.72,15.72,0.0,127.54896,0.0
2019-03-12,0,0,249,133.9,133.9,0.0,1145.144425,0.0
2019-03-12,0,0,251,129.61,129.61,0.0,1097.596629,0.0
2019-03-12,0,0,252,88.11,88.11,0.0,748.073638,0.0
2019-03-12,0,0,254,0.0,0.0,0.0,0.0,0.0
2019-03-12,0,0,255,0.0,0.0,0.0,0.0,0.0
2019-03-12,0,0,258,0.0,0.0,0.0,0.0,0.0
2019-03-12,0,0,260,0.0,0.0,0.0,0.0,0.0
2019-03-12,0,0,265,0.0,0.0,0.0,0.0,0.0
2019-03-12,0,0,266,97.0,97.0,0.0,703.32226,0.0
2019-03-12,0,0,267,119.2,119.2,0.0,864.288798,0.0
2019-03-12,0,0,270,170.09,170.09,0.0,379.537652,0.0
2019-03-12,0,0,272,133.43,133.43,0.0,717.001276,0.0
2019-03-12,0,0,273,0.0,0.0,0.0,0.0,0.0
2019-03-12,0,0,274,219.27,219.27,0.0,489.277564,0.0
2019-03-12,0,0,275,305.22,305.22,0.0,681.065801,0.0
2019-03-12,0,0,276,0.0,0.0,0.0,0.0,0.0
2019-03-12,0,0,277,0.0,0.0,0.0,0.0,0.0
2019-03-12,0,0,278,0.0,0.0,0.0,0.0,0.0
2019-03-12,0,0,279,50.38,50.38,0.0,273.124258,0.0
2019-03-12,0,0,281,16.83,16.83,0.0,111.43153,0.0
2019-03-12,0,0,282,0.0,0.0,0.0,0.0,0.0
2019-03-12,1,0,9,0.0,0.0,0.0,0.0,0.0
2019-03-12,1,0,17,0.0,0.0,0.0,0.0,0.0
2019-03-12,1,0,19,388.16,388.16,0.0,3448.248731,0.0
2019-03-12,1,0,20,470.77,470.77,0.0,4182.120916,0.0
2019-03-12,1,0,21,0.0,0.0,0.0,0.0,0.0
2019-03-12,1,0,22,0.0,0.0,0.0,0.0,0.0
2019-03-12,1,0,23,70.61,70.61,0.0,436.108519,0.0
2019-03-12,1,0,24,124.93,124.93,0.0,771.605117,0.0
2019-03-12,1,0,29,0.0,0.0,0.0,0.0,0.0
2019-03-12,1,0,30,0.0,0.0,0.0,0.0,0.0
2019-03-12,1,0,31,84.11,84.11,0.0,518.044556,0.0
2019-03-12,1,0,32,0.0,0.0,0.0,0.0,0.0
2019-03-12,1,0,33,0.0,0.0,0.0,0.0,0.0
2019-03-12,1,0,34,0.0,0.0,0.0,0.0,0.0
2019-03-12,1,0,35,0.0,0.0,0.0,0.0,0.0
2019-03-12,1,0,36,0.0,0.0,0.0,0.0,0.0
2019-03-12,1,0,37,0.0,0.0,0.0,0.0,0.0
2019-03-12,1,0,38,0.0,0.0,0.0,0.0,0.0
2019-03-12,1,0,39,0.0,0.0,0.0,0.0,0.0
2019-03-12,1,0,40,0.0,0.0,0.0,0.0,0.0
2019-03-12,1,0,41,116.0,116.0,0.0,820.181657,0.0
2019-03-12,1,0,42,0.0,0.0,0.0,0.0,0.0
2019-03-12,1,0,43,0.0,0.0,0.0,0.0,0.0
2019-03-12,1,0,46,0.0,0.0,0.0,0.0,0.0
2019-03-12,1,0,52,89.55,89.55,0.0,551.550231,0.0
2019-03-12,1,0,53,146.38,146.38,0.0,901.573678,0.0
2019-03-12,1,0,55,524.08,524.08,0.0,3236.875127,0.0
2019-03-12,1,0,56,0.0,0.0,0.0,0.0,0.0
2019-03-12,1,0,57,0.0,0.0,0.0,0.0,0.0
2019-03-12,1,0,58,0.0,0.0,0.0,0.0,0.0
2019-03-12,1,0,59,0.0,0.0,0.0,0.0,0.0
2019-03-12,1,0,63,68.64,68.64,0.0,1298.281346,0.0
2019-03-12,1,0,64,80.75,80.75,0.0,1527.334188,0.0
2019-03-12,1,0,65,11.36,11.36,0.0,100.699443,0.0
2019-03-12,1,0,67,0.0,0.0,0.0,-0.0,0.0
2019-03-12,1,0,68,1.31,1.31,0.0,-0.134377,0.0
2019-03-12,1,0,69,0.0,0.0,0.0,0.0,0.0
2019-03-12,1,0,74,58.39,58.39,0.0,485.781682,0.0
2019-03-12,1,0,77,63.19,63.19,0.0,285.991984,0.0
2019-03-12,1,0,78,47.77,47.77,0.0,216.202517,0.0
2019-03-12,1,0,79,27.64,27.64,0.0,125.096035,0.0
2019-03-12,1,0,80,44.71,44.71,0.0,202.353246,0.0
2019-03-12,1,0,81,58.45,58.45,0.0,264.539191,0.0
2019-03-12,1,0,82,41.23,41.23,0.0,186.603094,0.0
2019-03-12,1,0,83,91.94,91.94,0.0,416.111774,0.0
2019-03-12,1,0,84,0.0,0.0,0.0,0.0,0.0
2019-03-12,1,0,86,0.0,0.0,0.0,0.0,0.0
2019-03-12,1,0,87,0.0,0.0,0.0,0.0,0.0
2019-03-12,1,0,88,69.6,69.6,0.0,315.00304,0.0
2019-03-12,1,0,89,66.9,66.9,0.0,302.783094,0.0
2019-03-12,1,0,90,89.83,89.83,0.0,406.562113,0.0
2019-03-12,1,0,91,320.44,320.44,0.0,1450.281237,0.0
2019-03-12,1,0,92,115.24,115.24,0.0,521.565378,0.0
2019-03-12,1,0,95,76.78,76.78,0.0,1242.688002,0.0
2019-03-12,1,0,96,16.59,16.59,0.0,101.882329,0.0
2019-03-12,1,0,97,102.01,102.01,0.0,626.462711,0.0
2019-03-12,1,0,99,11.27,11.27,0.0,93.761938,0.0
2019-03-12,1,0,101,0.0,0.0,0.0,0.0,0.0
2019-03-12,1,0,102,3.1,3.1,0.0,-0.317992,0.0
2019-03-12,1,0,103,2.7,2.7,0.0,-0.276961,0.0
2019-03-12,1,0,104,0.5,0.5,0.0,-0.051289,0.0
2019-03-12,1,0,106,0.0,0.0,0.0,0.0,0.0
2019-03-12,1,0,109,168.52,168.52,0.0,1291.030199,0.0
2019-03-12,1,0,110,185.66,185.66,0.0,-4111.661516,0.0
2019-03-12,1,0,111,0.0,0.0,0.0,0.0,0.0
2019-03-12,1,0,113,23.87,23.87,0.0,125.720652,0.0
2019-03-12,1,0,115,23.87,23.87,0.0,125.720652,0.0
2019-03-12,1,0,116,0.0,0.0,0.0,-0.0,0.0
2019-03-12,1,0,117,1.63,1.63,0.0,8.58503,0.0
2019-03-12,1,0,119,80.75,80.75,0.0,1527.334188,0.0
2019-03-12,1,0,120,47.48,47.48,0.0,898.053588,0.0
2019-03-12,1,0,123,0.0,0.0,0.0,0.0,0.0
2019-03-12,1,0,125,113.06,113.06,0.0,698.29244,0.0
2019-03-12,1,0,126,0.0,0.0,0.0,0.0,0.0
2019-03-12,1,0,127,0.0,0.0,0.0,0.0,0.0
2019-03-12,1,0,128,161.92,161.92,0.0,1000.066441,0.0
2019-03-12,1,0,131,4.45,4.45,0.0,5.992531,0.0
2019-03-12,1,0,132,6.55,6.55,0.0,8.820467,0.0
2019-03-12,1,0,133,69.1,69.1,0.0,613.979998,0.0
2019-03-12,1,0,134,0.0,0.0,0.0,0.0,0.0
2019-03-12,1,0,135,92.59,92.59,0.0,822.697656,0.0
2019-03-12,1,0,136,15.87,15.87,0.0,140.661114,0.0
2019-03-12,1,0,139,149.8,149.8,0.0,1059.165623,0.0
2019-03-12,1,0,140,137.41,137.41,0.0,-3043.107879,0.0
2019-03-12,1,0,141,91.48,91.48,0.0,-505.787516,0.0
2019-03-12,1,0,142,0.0,0.0,0.0,-0.0,0.0
2019-03-12,1,0,143,238.49,238.49,0.0,1468.891287,0.0
2019-03-12,1,0,145,12.05,12.05,0.0,80.935013,0.0
2019-03-12,1,0,146,229.63,229.63,0.0,-5085.429462,0.0
2019-03-12,1,0,152,0.0,0.0,0.0,0.0,0.0
2019-03-12,1,0,153,0.0,0.0,0.0,0.0,0.0
2019-03-12,1,0,154,0.0,0.0,0.0,0.0,0.0
2019-03-12,1,0,157,106.83,106.83,0.0,-590.656759,0.0
2019-03-12,1,0,158,0.0,0.0,0.0,-0.0,0.0
2019-03-12,1,0,159,0.0,0.0,0.0,0.0,0.0
2019-03-12,1,0,160,0.0,0.0,0.0,0.0,0.0
2019-03-12,1,0,161,0.0,0.0,0.0,0.0,0.0
2019-03-12,1,0,162,21.15,21.15,0.0,342.954549,0.0
2019-03-12,1,0,163,61.54,61.54,0.0,-1362.876493,0.0
2019-03-12,1,0,164,0.0,0.0,0.0,0.0,0.0
2019-03-12,1,0,167,0.0,0.0,0.0,0.0,0.0
2019-03-12,1,0,168,0.0,0.0,0.0,0.0,0.0
2019-03-12,1,0,169,0.0,0.0,0.0,0.0,0.0
2019-03-12,1,0,170,0.0,0.0,0.0,0.0,0.0
2019-03-12,1,0,172,0.0,0.0,0.0,0.0,0.0
2019-03-12,1,0,173,0.0,0.0,0.0,0.0,0.0
2019-03-12,1,0,188,0.0,0.0,0.0,0.0,0.0
2019-03-12,1,0,190,0.0,0.0,0.0,0.0,0.0
2019-03-12,1,0,191,0.0,0.0,0.0,0.0,0.0
2019-03-12,1,0,192,105.17,105.17,0.0,1989.222744,0.0
2019-03-12,1,0,194,104.42,104.42,0.0,1043.927663,0.0
2019-03-12,1,0,196,0.0,0.0,0.0,0.0,0.0
2019-03-12,1,0,198,0.0,0.0,0.0,0.0,0.0
2019-03-12,1,0,199,40.66,40.66,0.0,448.274604,0.0
2019-03-12,1,0,200,0.0,0.0,0.0,0.0,0.0
2019-03-12,1,0,204,702.48,702.48,0.0,5334.13595,0.0
2019-03-12,1,0,205,891.48,891.48,0.0,6829.620233,0.0
2019-03-12,1,0,206,299.75,299.75,0.0,1840.821466,0.0
2019-03-12,1,0,210,0.0,0.0,0.0,0.0,0.0
2019-03-12,1,0,214,0.0,0.0,0.0,0.0,0.0
2019-03-12,1,0,217,0.0,0.0,0.0,0.0,0.0
2019-03-12,1,0,218,0.0,0.0,0.0,0.0,0.0
2019-03-12,1,0,219,0.0,0.0,0.0,0.0,0.0
2019-03-12,1,0,221,0.0,0.0,0.0,0.0,0.0
2019-03-12,1,0,225,0.0,0.0,0.0,0.0,0.0
2019-03-12,1,0,233,0.0,0.0,0.0,0.0,0.0
2019-03-12,1,0,236,58.82,58.82,0.0,507.132105,0.0
2019-03-12,1,0,237,140.06,140.06,0.0,1165.243747,0.0
2019-03-12,1,0,238,0.0,0.0,0.0,0.0,0.0
2019-03-12,1,0,240,0.0,0.0,0.0,0.0,0.0
2019-03-12,1,0,245,30.81,30.81,0.0,275.876922,0.0
2019-03-12,1,0,247,57.31,57.31,0.0,513.161519,0.0
2019-03-12,1,0,248,14.06,14.06,0.0,116.973633,0.0
2019-03-12,1,0,249,59.26,59.26,0.0,530.622084,0.0
2019-03-12,1,0,251,107.09,107.09,0.0,945.913551,0.0
2019-03-12,1,0,252,73.28,73.28,0.0,649.582325,0.0
2019-03-12,1,0,254,0.0,0.0,0.0,0.0,0.0
2019-03-12,1,0,255,0.0,0.0,0.0,0.0,0.0
2019-03-12,1,0,258,0.0,0.0,0.0,0.0,0.0
2019-03-12,1,0,260,0.0,0.0,0.0,0.0,0.0
2019-03-12,1,0,265,0.0,0.0,0.0,0.0,0.0
2019-03-12,1,0,266,97.0,97.0,0.0,685.841558,0.0
2019-03-12,1,0,267,119.2,119.2,0.0,842.807358,0.0
2019-03-12,1,0,270,192.19,192.19,0.0,-4256.276132,0.0
2019-03-12,1,0,272,79.62,79.62,0.0,419.349742,0.0
2019-03-12,1,0,273,0.0,0.0,0.0,-0.0,0.0
2019-03-12,1,0,274,247.76,247.76,0.0,-5486.939875,0.0
2019-03-12,1,0,275,344.88,344.88,0.0,-7637.777785,0.0
2019-03-12,1,0,276,0.0,0.0,0.0,-0.0,0.0
2019-03-12,1,0,277,0.0,0.0,0.0,0.0,0.0
2019-03-12,1,0,278,0.0,0.0,0.0,0.0,0.0
2019-03-12,1,0,279,39.26,39.26,0.0,195.115021,0.0
2019-03-12,1,0,281,34.73,34.73,0.0,213.906639,0.0
2019-03-12,1,0,282,0.0,0.0,0.0,0.0,0.0
2019-03-12,2,0,9,0.0,0.0,0.0,0.0,0.0
2019-03-12,2,0,17,0.0,0.0,0.0,0.0,0.0
2019-03-12,2,0,19,415.08,415.08,0.0,3529.590205,0.0
2019-03-12,2,0,20,503.41,503.41,0.0,4280.6953,0.0
2019-03-12,2,0,21,0.0,0.0,0.0,0.0,0.0
2019-03-12,2,0,22,0.0,0.0,0.0,0.0,0.0
2019-03-12,2,0,23,74.92,74.92,0.0,496.952643,0.0
2019-03-12,2,0,24,132.55,132.55,0.0,879.218804,0.0
2019-03-12,2,0,29,0.0,0.0,0.0,0.0,0.0
2019-03-12,2,0,30,0.0,0.0,0.0,0.0,0.0
2019-03-12,2,0,31,37.5,37.5,0.0,248.296882,0.0
2019-03-12,2,0,32,0.0,0.0,0.0,0.0,0.0
2019-03-12,2,0,33,0.0,0.0,0.0,0.0,0.0
2019-03-12,2,0,34,0.0,0.0,0.0,0.0,0.0
2019-03-12,2,0,35,0.0,0.0,0.0,0.0,0.0
2019-03-12,2,0,36,0.0,0.0,0.0,0.0,0.0
2019-03-12,2,0,37,0.0,0.0,0.0,0.0,0.0
2019-03-12,2,0,38,0.0,0.0,0.0,0.0,0.0
2019-03-12,2,0,39,0.0,0.0,0.0,0.0,0.0
2019-03-12,2,0,40,0.0,0.0,0.0,0.0,0.0
2019-03-12,2,0,41,116.0,116.0,0.0,841.101983,0.0
2019-03-12,2,0,42,0.0,0.0,0.0,0.0,0.0
2019-03-12,2,0,43,0.0,0.0,0.0,0.0,0.0
2019-03-12,2,0,46,0.0,0.0,0.0,0.0,0.0
2019-03-12,2,0,52,39.75,39.75,0.0,263.194695,0.0
2019-03-12,2,0,53,63.15,63.15,0.0,418.13195,0.0
2019-03-12,2,0,55,623.0,623.0,0.0,4132.427877,0.0
2019-03-12,2,0,56,0.0,0.0,0.0,0.0,0.0
2019-03-12,2,0,57,0.0,0.0,0.0,0.0,0.0
2019-03-12,2,0,58,0.0,0.0,0.0,0.0,0.0
2019-03-12,2,0,59,0.0,0.0,0.0,0.0,0.0
2019-03-12,2,0,63,62.25,62.25,0.0,1037.636209,0.0
2019-03-12,2,0,64,73.24,73.24,0.0,1220.826923,0.0
2019-03-12,2,0,65,12.2,12.2,0.0,103.579728,0.0
2019-03-12,2,0,67,0.0,0.0,0.0,0.0,0.0
2019-03-12,2,0,68,1.63,1.63,0.0,7.947579,0.0
2019-03-12,2,0,69,0.0,0.0,0.0,0.0,0.0
2019-03-12,2,0,74,51.45,51.45,0.0,417.454233,0.0
2019-03-12,2,0,77,74.13,74.13,0.0,407.19291,0.0
2019-03-12,2,0,78,56.04,56.04,0.0,307.825316,0.0
2019-03-12,2,0,79,32.43,32.43,0.0,178.136599,0.0
2019-03-12,2,0,80,52.44,52.44,0.0,288.050671,0.0
2019-03-12,2,0,81,68.57,68.57,0.0,376.652069,0.0
2019-03-12,2,0,82,48.37,48.37,0.0,265.694335,0.0
2019-03-12,2,0,83,107.85,107.85,0.0,592.415424,0.0
2019-03-12,2,0,84,0.0,0.0,0.0,0.0,0.0
2019-03-12,2,0,86,0.0,0.0,0.0,0.0,0.0
2019-03-12,2,0,87,0.0,0.0,0.0,0.0,0.0
2019-03-12,2,0,88,74.02,74.02,0.0,406.588685,0.0
2019-03-12,2,0,89,71.15,71.15,0.0,390.823898,0.0
2019-03-12,2,0,90,95.54,95.54,0.0,524.797122,0.0
2019-03-12,2,0,91,340.8,340.8,0.0,1871.999782,0.0
2019-03-12,2,0,92,122.57,122.57,0.0,673.271753,0.0
2019-03-12,2,0,95,29.6,29.6,0.0,466.77739,0.0
2019-03-12,2,0,96,15.77,15.77,0.0,104.221643,0.0
2019-03-12,2,0,97,96.97,96.97,0.0,640.860665,0.0
2019-03-12,2,0,99,9.93,9.93,0.0,80.569884,0.0
2019-03-12,2,0,101,0.0,0.0,0.0,0.0,0.0
2019-03-12,2,0,102,3.85,3.85,0.0,18.771889,0.0
2019-03-12,2,0,103,3.35,3.35,0.0,16.333981,0.0
2019-03-12,2,0,104,0.62,0.62,0.0,3.023005,0.0
2019-03-12,2,0,106,0.0,0.0,0.0,0.0,0.0
2019-03-12,2,0,109,164.02,164.02,0.0,1256.194816,0.0
2019-03-12,2,0,110,174.83,174.83,0.0,391.257539,0.0
2019-03-12,2,0,111,0.0,0.0,0.0,0.0,0.0
2019-03-12,2,0,113,27.24,27.24,0.0,146.383567,0.0
2019-03-12,2,0,115,27.24,27.24,0.0,146.383567,0.0
2019-03-12,2,0,116,0.0,0.0,0.0,0.0,0.0
2019-03-12,2,0,117,1.46,1.46,0.0,7.845815,0.0
2019-03-12,2,0,119,73.24,73.24,0.0,1220.826923,0.0
2019-03-12,2,0,120,43.07,43.07,0.0,717.927574,0.0
2019-03-12,2,0,123,0.0,0.0,0.0,0.0,0.0
2019-03-12,2,0,125,119.95,119.95,0.0,795.641611,0.0
2019-03-12,2,0,126,0.0,0.0,0.0,0.0,0.0
2019-03-12,2,0,127,0.0,0.0,0.0,0.0,0.0
2019-03-12,2,0,128,171.8,171.8,0.0,1139.568394,0.0
2019-03-12,2,0,131,6.2,6.2,0.0,31.305274,0.0
2019-03-12,2,0,132,9.11,9.11,0.0,45.998556,0.0
2019-03-12,2,0,133,76.43,76.43,0.0,650.010119,0.0
2019-03-12,2,0,134,0.0,0.0,0.0,0.0,0.0
2019-03-12,2,0,135,102.41,102.41,0.0,870.960831,0.0
2019-03-12,2,0,136,18.55,18.55,0.0,157.478628,0.0
2019-03-12,2,0,139,149.8,149.8,0.0,1086.181699,0.0
2019-03-12,2,0,140,129.39,129.39,0.0,289.565938,0.0
2019-03-12,2,0,141,103.63,103.63,0.0,437.988142,0.0
2019-03-12,2,0,142,0.0,0.0,0.0,0.0,0.0
2019-03-12,2,0,143,135.14,135.14,0.0,894.795752,0.0
2019-03-12,2,0,145,11.85,11.85,0.0,83.025474,0.0
2019-03-12,2,0,146,220.19,220.19,0.0,492.770105,0.0
2019-03-12,2,0,152,0.0,0.0,0.0,0.0,0.0
2019-03-12,2,0,153,0.0,0.0,0.0,0.0,0.0
2019-03-12,2,0,154,0.0,0.0,0.0,0.0,0.0
2019-03-12,2,0,157,102.01,102.01,0.0,431.141275,0.0
2019-03-12,2,0,158,0.0,0.0,0.0,0.0,0.0
2019-03-12,2,0,159,0.0,0.0,0.0,0.0,0.0
2019-03-12,2,0,160,0.0,0.0,0.0,0.0,0.0
2019-03-12,2,0,161,0.0,0.0,0.0,0.0,0.0
2019-03-12,2,0,162,24.09,24.09,0.0,380.192716,0.0
2019-03-12,2,0,163,48.68,48.68,0.0,108.942498,0.0
2019-03-12,2,0,164,0.0,0.0,0.0,0.0,0.0
2019-03-12,2,0,167,0.0,0.0,0.0,0.0,0.0
2019-03-12,2,0,168,0.0,0.0,0.0,0.0,0.0
2019-03-12,2,0,169,0.0,0.0,0.0,0.0,0.0
2019-03-12,2,0,170,0.0,0.0,0.0,0.0,0.0
2019-03-12,2,0,172,0.0,0.0,0.0,0.0,0.0
2019-03-12,2,0,173,0.0,0.0,0.0,0.0,0.0
2019-03-12,2,0,188,0.0,0.0,0.0,0.0,0.0
2019-03-12,2,0,190,0.0,0.0,0.0,0.0,0.0
2019-03-12,2,0,191,0.0,0.0,0.0,0.0,0.0
2019-03-12,2,0,192,76.45,76.45,0.0,1274.333946,0.0
2019-03-12,2,0,194,100.1,100.1,0.0,575.181257,0.0
2019-03-12,2,0,196,0.0,0.0,0.0,0.0,0.0
2019-03-12,2,0,198,0.0,0.0,0.0,0.0,0.0
2019-03-12,2,0,199,11.48,11.48,0.0,103.077969,0.0
2019-03-12,2,0,200,0.0,0.0,0.0,0.0,0.0
2019-03-12,2,0,204,696.5,696.5,0.0,5301.773117,0.0
2019-03-12,2,0,205,805.2,805.2,0.0,6166.858102,0.0
2019-03-12,2,0,206,284.94,284.94,0.0,1883.12713,0.0
2019-03-12,2,0,210,0.0,0.0,0.0,0.0,0.0
2019-03-12,2,0,214,0.0,0.0,0.0,0.0,0.0
2019-03-12,2,0,217,0.0,0.0,0.0,0.0,0.0
2019-03-12,2,0,218,0.0,0.0,0.0,0.0,0.0
2019-03-12,2,0,219,0.0,0.0,0.0,0.0,0.0
2019-03-12,2,0,221,0.0,0.0,0.0,0.0,0.0
2019-03-12,2,0,225,0.0,0.0,0.0,0.0,0.0
2019-03-12,2,0,233,0.0,0.0,0.0,0.0,0.0
2019-03-12,2,0,236,55.68,55.68,0.0,463.398335,0.0
2019-03-12,2,0,237,123.43,123.43,0.0,1001.48447,0.0
2019-03-12,2,0,238,0.0,0.0,0.0,0.0,0.0
2019-03-12,2,0,240,0.0,0.0,0.0,0.0,0.0
2019-03-12,2,0,245,34.0,34.0,0.0,290.77286,0.0
2019-03-12,2,0,247,58.86,58.86,0.0,503.379134,0.0
2019-03-12,2,0,248,12.39,12.39,0.0,100.529795,0.0
2019-03-12,2,0,249,65.38,65.38,0.0,559.139106,0.0
2019-03-12,2,0,251,112.05,112.05,0.0,948.881729,0.0
2019-03-12,2,0,252,78.72,78.72,0.0,668.343948,0.0
2019-03-12,2,0,254,0.0,0.0,0.0,0.0,0.0
2019-03-12,2,0,255,0.0,0.0,0.0,0.0,0.0
2019-03-12,2,0,258,0.0,0.0,0.0,0.0,0.0
2019-03-12,2,0,260,0.0,0.0,0.0,0.0,0.0
2019-03-12,2,0,265,0.0,0.0,0.0,0.0,0.0
2019-03-12,2,0,266,97.0,97.0,0.0,703.335279,0.0
2019-03-12,2,0,267,119.2,119.2,0.0,864.304796,0.0
2019-03-12,2,0,270,152.02,152.02,0.0,340.210325,0.0
2019-03-12,2,0,272,117.5,117.5,0.0,631.426915,0.0
2019-03-12,2,0,273,0.0,0.0,0.0,0.0,0.0
2019-03-12,2,0,274,195.98,195.98,0.0,438.589787,0.0
2019-03-12,2,0,275,272.8,272.8,0.0,610.507674,0.0
2019-03-12,2,0,276,0.0,0.0,0.0,0.0,0.0
2019-03-12,2,0,277,0.0,0.0,0.0,0.0,0.0
2019-03-12,2,0,278,0.0,0.0,0.0,0.0,0.0
2019-03-12,2,0,279,45.29,45.29,0.0,245.544247,0.0
2019-03-12,2,0,281,16.83,16.83,0.0,111.435641,0.0
2019-03-12,2,0,282,0.0,0.0,0.0,0.0,0.0
2019-03-12,3,0,9,0.0,0.0,0.0,0.0,0.0
2019-03-12,3,0,17,0.0,0.0,0.0,0.0,0.0
2019-03-12,3,0,19,450.99,450.99,0.0,3652.721922,0.0
2019-03-12,3,0,20,546.96,546.96,0.0,4430.015704,0.0
2019-03-12,3,0,21,0.0,0.0,0.0,0.0,0.0
2019-03-12,3,0,22,0.0,0.0,0.0,0.0,0.0
2019-03-12,3,0,23,79.53,79.53,0.0,471.364624,0.0
2019-03-12,3,0,24,140.71,140.71,0.0,833.971033,0.0
2019-03-12,3,0,29,0.0,0.0,0.0,0.0,0.0
2019-03-12,3,0,30,0.0,0.0,0.0,0.0,0.0
2019-03-12,3,0,31,37.5,37.5,0.0,221.74131,0.0
2019-03-12,3,0,32,0.0,0.0,0.0,0.0,0.0
2019-03-12,3,0,33,0.0,0.0,0.0,0.0,0.0
2019-03-12,3,0,34,0.0,0.0,0.0,0.0,0.0
2019-03-12,3,0,35,0.0,0.0,0.0,0.0,0.0
2019-03-12,3,0,36,0.0,0.0,0.0,0.0,0.0
2019-03-12,3,0,37,0.0,0.0,0.0,0.0,0.0
2019-03-12,3,0,38,0.0,0.0,0.0,0.0,0.0
2019-03-12,3,0,39,0.0,0.0,0.0,0.0,0.0
2019-03-12,3,0,40,0.0,0.0,0.0,0.0,0.0
2019-03-12,3,0,41,116.0,116.0,0.0,770.757092,0.0
2019-03-12,3,0,42,0.0,0.0,0.0,0.0,0.0
2019-03-12,3,0,43,0.0,0.0,0.0,0.0,0.0
2019-03-12,3,0,46,0.0,0.0,0.0,0.0,0.0
2019-03-12,3,0,52,39.75,39.75,0.0,235.045789,0.0
2019-03-12,3,0,53,63.15,63.15,0.0,373.412367,0.0
2019-03-12,3,0,55,623.0,623.0,0.0,3692.445125,0.0
2019-03-12,3,0,56,0.0,0.0,0.0,0.0,0.0
2019-03-12,3,0,57,0.0,0.0,0.0,0.0,0.0
2019-03-12,3,0,58,0.0,0.0,0.0,0.0,0.0
2019-03-12,3,0,59,0.0,0.0,0.0,0.0,0.0
2019-03-12,3,0,63,59.27,59.27,0.0,1049.16791,0.0
2019-03-12,3,0,64,69.73,69.73,0.0,1234.3256,0.0
2019-03-12,3,0,65,13.44,13.44,0.0,108.648204,0.0
2019-03-12,3,0,67,0.0,0.0,0.0,0.0,0.0
2019-03-12,3,0,68,2.0,2.0,0.0,8.261731,0.0
2019-03-12,3,0,69,0.0,0.0,0.0,0.0,0.0
2019-03-12,3,0,74,45.12,45.12,0.0,345.022727,0.0
2019-03-12,3,0,77,86.09,86.09,0.0,396.230418,0.0
2019-03-12,3,0,78,65.08,65.08,0.0,299.531602,0.0
2019-03-12,3,0,79,37.66,37.66,0.0,173.330672,0.0
2019-03-12,3,0,80,60.91,60.91,0.0,280.339119,0.0
2019-03-12,3,0,81,79.63,79.63,0.0,366.498178,0.0
2019-03-12,3,0,82,56.17,56.17,0.0,258.523203,0.0
2019-03-12,3,0,83,125.26,125.26,0.0,576.510886,0.0
2019-03-12,3,0,84,0.0,0.0,0.0,0.0,0.0
2019-03-12,3,0,86,0.0,0.0,0.0,0.0,0.0
2019-03-12,3,0,87,0.0,0.0,0.0,0.0,0.0
2019-03-12,3,0,88,78.85,78.85,0.0,362.908218,0.0
2019-03-12,3,0,89,75.8,75.8,0.0,348.87055,0.0
2019-03-12,3,0,90,101.77,101.77,0.0,468.397835,0.0
2019-03-12,3,0,91,363.05,363.05,0.0,1670.942656,0.0
2019-03-12,3,0,92,130.57,130.57,0.0,600.950234,0.0
2019-03-12,3,0,95,28.39,28.39,0.0,475.548325,0.0
2019-03-12,3,0,96,15.04,15.04,0.0,88.716504,0.0
2019-03-12,3,0,97,92.5,92.5,0.0,545.630093,0.0
2019-03-12,3,0,99,8.71,8.71,0.0,66.603456,0.0
2019-03-12,3,0,101,0.0,0.0,0.0,0.0,0.0
2019-03-12,3,0,102,4.74,4.74,0.0,19.580303,0.0
2019-03-12,3,0,103,4.12,4.12,0.0,17.019167,0.0
2019-03-12,3,0,104,0.76,0.76,0.0,3.139458,0.0
2019-03-12,3,0,106,0.0,0.0,0.0,0.0,0.0
2019-03-12,3,0,109,167.38,167.38,0.0,1191.45669,0.0
2019-03-12,3,0,110,164.13,164.13,0.0,371.463133,0.0
2019-03-12,3,0,111,0.0,0.0,0.0,0.0,0.0
2019-03-12,3,0,113,24.01,24.01,0.0,105.744751,0.0
2019-03-12,3,0,115,24.01,24.01,0.0,105.744751,0.0
2019-03-12,3,0,116,0.0,0.0,0.0,0.0,0.0
2019-03-12,3,0,117,1.23,1.23,0.0,5.417161,0.0
2019-03-12,3,0,119,69.73,69.73,0.0,1234.3256,0.0
2019-03-12,3,0,120,41.0,41.0,0.0,725.761503,0.0
2019-03-12,3,0,123,0.0,0.0,0.0,0.0,0.0
2019-03-12,3,0,125,127.34,127.34,0.0,754.728671,0.0
2019-03-12,3,0,126,0.0,0.0,0.0,0.0,0.0
2019-03-12,3,0,127,0.0,0.0,0.0,0.0,0.0
2019-03-12,3,0,128,182.38,182.38,0.0,1080.944048,0.0
2019-03-12,3,0,131,8.39,8.39,0.0,35.688124,0.0
2019-03-12,3,0,132,12.33,12.33,0.0,52.447506,0.0
2019-03-12,3,0,133,48.69,48.69,0.0,394.42756,0.0
2019-03-12,3,0,134,0.0,0.0,0.0,0.0,0.0
2019-03-12,3,0,135,65.15,65.15,0.0,527.766596,0.0
2019-03-12,3,0,136,21.89,21.89,0.0,176.939025,0.0
2019-03-12,3,0,139,149.8,149.8,0.0,995.339762,0.0
2019-03-12,3,0,140,121.48,121.48,0.0,274.936583,0.0
2019-03-12,3,0,141,117.95,117.95,0.0,433.008388,0.0
2019-03-12,3,0,142,0.0,0.0,0.0,0.0,0.0
2019-03-12,3,0,143,71.55,71.55,0.0,423.08242,0.0
2019-03-12,3,0,145,11.68,11.68,0.0,74.289974,0.0
2019-03-12,3,0,146,214.73,214.73,0.0,485.982323,0.0
2019-03-12,3,0,152,0.0,0.0,0.0,0.0,0.0
2019-03-12,3,0,153,0.0,0.0,0.0,0.0,0.0
2019-03-12,3,0,154,0.0,0.0,0.0,0.0,0.0
2019-03-12,3,0,157,97.89,97.89,0.0,359.365758,0.0
2019-03-12,3,0,158,0.0,0.0,0.0,0.0,0.0
2019-03-12,3,0,159,0.0,0.0,0.0,0.0,0.0
2019-03-12,3,0,160,0.0,0.0,0.0,0.0,0.0
2019-03-12,3,0,161,0.0,0.0,0.0,0.0,0.0
2019-03-12,3,0,162,27.26,27.26,0.0,457.000107,0.0
2019-03-12,3,0,163,38.22,38.22,0.0,86.500463,0.0
2019-03-12,3,0,164,0.0,0.0,0.0,0.0,0.0
2019-03-12,3,0,167,0.0,0.0,0.0,0.0,0.0
2019-03-12,3,0,168,0.0,0.0,0.0,0.0,0.0
2019-03-12,3,0,169,0.0,0.0,0.0,0.0,0.0
2019-03-12,3,0,170,0.0,0.0,0.0,0.0,0.0
2019-03-12,3,0,172,0.0,0.0,0.0,0.0,0.0
2019-03-12,3,0,173,0.0,0.0,0.0,0.0,0.0
2019-03-12,3,0,188,0.0,0.0,0.0,0.0,0.0
2019-03-12,3,0,190,0.0,0.0,0.0,0.0,0.0
2019-03-12,3,0,191,0.0,0.0,0.0,0.0,0.0
2019-03-12,3,0,192,54.31,54.31,0.0,961.368469,0.0
2019-03-12,3,0,194,96.25,96.25,0.0,439.03289,0.0
2019-03-12,3,0,196,0.0,0.0,0.0,0.0,0.0
2019-03-12,3,0,198,0.0,0.0,0.0,0.0,0.0
2019-03-12,3,0,199,7.63,7.63,0.0,65.284569,0.0
2019-03-12,3,0,200,0.0,0.0,0.0,0.0,0.0
2019-03-12,3,0,204,691.83,691.83,0.0,4887.051741,0.0
2019-03-12,3,0,205,885.46,885.46,0.0,6302.946832,0.0
2019-03-12,3,0,206,271.8,271.8,0.0,1603.267667,0.0
2019-03-12,3,0,210,0.0,0.0,0.0,0.0,0.0
2019-03-12,3,0,214,0.0,0.0,0.0,0.0,0.0
2019-03-12,3,0,217,0.0,0.0,0.0,0.0,0.0
2019-03-12,3,0,218,0.0,0.0,0.0,0.0,0.0
2019-03-12,3,0,219,0.0,0.0,0.0,0.0,0.0
2019-03-12,3,0,221,0.0,0.0,0.0,0.0,0.0
2019-03-12,3,0,225,0.0,0.0,0.0,0.0,0.0
2019-03-12,3,0,233,0.0,0.0,0.0,0.0,0.0
2019-03-12,3,0,236,53.23,53.23,0.0,419.944717,0.0
2019-03-12,3,0,237,108.24,108.24,0.0,827.687501,0.0
2019-03-12,3,0,238,0.0,0.0,0.0,0.0,0.0
2019-03-12,3,0,240,0.0,0.0,0.0,0.0,0.0
2019-03-12,3,0,245,37.79,37.79,0.0,308.213821,0.0
2019-03-12,3,0,247,61.77,61.77,0.0,503.793801,0.0
2019-03-12,3,0,248,10.87,10.87,0.0,83.120502,0.0
2019-03-12,3,0,249,72.67,72.67,0.0,592.693792,0.0
2019-03-12,3,0,251,118.84,118.84,0.0,957.691582,0.0
2019-03-12,3,0,252,86.7,86.7,0.0,700.877924,0.0
2019-03-12,3,0,254,0.0,0.0,0.0,0.0,0.0
2019-03-12,3,0,255,0.0,0.0,0.0,0.0,0.0
2019-03-12,3,0,258,0.0,0.0,0.0,0.0,0.0
2019-03-12,3,0,260,0.0,0.0,0.0,0.0,0.0
2019-03-12,3,0,265,0.0,0.0,0.0,0.0,0.0
2019-03-12,3,0,266,97.0,97.0,0.0,644.512396,0.0
2019-03-12,3,0,267,119.2,119.2,0.0,792.019356,0.0
2019-03-12,3,0,270,119.36,119.36,0.0,270.138546,0.0
2019-03-12,3,0,272,98.07,98.07,0.0,431.919523,0.0
2019-03-12,3,0,273,0.0,0.0,0.0,0.0,0.0
2019-03-12,3,0,274,153.88,153.88,0.0,348.265076,0.0
2019-03-12,3,0,275,214.2,214.2,0.0,484.782813,0.0
2019-03-12,3,0,276,0.0,0.0,0.0,0.0,0.0
2019-03-12,3,0,277,0.0,0.0,0.0,0.0,0.0
2019-03-12,3,0,278,0.0,0.0,0.0,0.0,0.0
2019-03-12,3,0,279,51.58,51.58,0.0,231.269502,0.0
2019-03-12,3,0,281,16.83,16.83,0.0,99.5175,0.0
2019-03-12,3,0,282,0.0,0.0,0.0,0.0,0.0
2019-03-12,4,0,9,0.0,0.0,0.0,0.0,0.0
2019-03-12,4,0,17,0.0,0.0,0.0,0.0,0.0
2019-03-12,4,0,19,493.84,493.84,0.0,4914.870972,0.0
2019-03-12,4,0,20,598.93,598.93,0.0,5960.763954,0.0
2019-03-12,4,0,21,0.0,0.0,0.0,0.0,0.0
2019-03-12,4,0,22,0.0,0.0,0.0,0.0,0.0
2019-03-12,4,0,23,76.7,76.7,0.0,221.769469,0.0
2019-03-12,4,0,24,126.76,126.76,0.0,366.512358,0.0
2019-03-12,4,0,29,0.0,0.0,0.0,0.0,0.0
2019-03-12,4,0,30,0.0,0.0,0.0,0.0,0.0
2019-03-12,4,0,31,37.5,37.5,0.0,106.747921,0.0
2019-03-12,4,0,32,0.0,0.0,0.0,-0.0,0.0
2019-03-12,4,0,33,0.0,0.0,0.0,0.0,0.0
2019-03-12,4,0,34,0.0,0.0,0.0,0.0,0.0
2019-03-12,4,0,35,0.0,0.0,0.0,0.0,0.0
2019-03-12,4,0,36,0.0,0.0,0.0,0.0,0.0
2019-03-12,4,0,37,0.0,0.0,0.0,0.0,0.0
2019-03-12,4,0,38,0.0,0.0,0.0,0.0,0.0
2019-03-12,4,0,39,0.0,0.0,0.0,0.0,0.0
2019-03-12,4,0,40,0.0,0.0,0.0,0.0,0.0
2019-03-12,4,0,41,116.0,116.0,0.0,605.946182,0.0
2019-03-12,4,0,42,0.0,0.0,0.0,0.0,0.0
2019-03-12,4,0,43,0.0,0.0,0.0,0.0,0.0
2019-03-12,4,0,46,0.0,0.0,0.0,0.0,0.0
2019-03-12,4,0,52,39.75,39.75,0.0,113.152797,0.0
2019-03-12,4,0,53,63.15,63.15,0.0,179.7635,0.0
2019-03-12,4,0,55,623.0,623.0,0.0,1801.3348,0.0
2019-03-12,4,0,56,0.0,0.0,0.0,0.0,0.0
2019-03-12,4,0,57,0.0,0.0,0.0,0.0,0.0
2019-03-12,4,0,58,0.0,0.0,0.0,0.0,0.0
2019-03-12,4,0,59,0.0,0.0,0.0,0.0,0.0
2019-03-12,4,0,63,59.48,59.48,0.0,1507.545344,0.0
2019-03-12,4,0,64,69.97,69.97,0.0,1773.418758,0.0
2019-03-12,4,0,65,15.13,15.13,0.0,149.821947,0.0
2019-03-12,4,0,67,0.0,0.0,0.0,0.0,0.0
2019-03-12,4,0,68,2.44,2.44,0.0,2.753402,0.0
2019-03-12,4,0,69,0.0,0.0,0.0,0.0,0.0
2019-03-12,4,0,74,39.37,39.37,0.0,333.914119,0.0
2019-03-12,4,0,77,99.79,99.79,0.0,-141.011013,0.0
2019-03-12,4,0,78,75.44,75.44,0.0,-106.602573,0.0
2019-03-12,4,0,79,43.66,43.66,0.0,-61.694968,0.0
2019-03-12,4,0,80,70.6,70.6,0.0,-99.763278,0.0
2019-03-12,4,0,81,92.3,92.3,0.0,-130.427061,0.0
2019-03-12,4,0,82,65.11,65.11,0.0,-92.005482,0.0
2019-03-12,4,0,83,145.19,145.19,0.0,-205.164735,0.0
2019-03-12,4,0,84,0.0,0.0,0.0,0.0,0.0
2019-03-12,4,0,86,0.0,0.0,0.0,0.0,0.0
2019-03-12,4,0,87,0.0,0.0,0.0,0.0,0.0
2019-03-12,4,0,88,83.43,83.43,0.0,-117.893063,0.0
2019-03-12,4,0,89,80.2,80.2,0.0,-113.328823,0.0
2019-03-12,4,0,90,107.69,107.69,0.0,-152.174326,0.0
2019-03-12,4,0,91,384.14,384.14,0.0,-542.819625,0.0
2019-03-12,4,0,92,138.15,138.15,0.0,-195.216669,0.0
2019-03-12,4,0,95,63.91,63.91,0.0,12499.393655,0.0
2019-03-12,4,0,96,14.35,14.35,0.0,40.177345,0.0
2019-03-12,4,0,97,88.27,88.27,0.0,247.139669,0.0
2019-03-12,4,0,99,7.6,7.6,0.0,64.458911,0.0
2019-03-12,4,0,101,0.0,0.0,0.0,0.0,0.0
2019-03-12,4,0,102,5.77,5.77,0.0,6.51112,0.0
2019-03-12,4,0,103,5.02,5.02,0.0,5.664787,0.0
2019-03-12,4,0,104,0.93,0.93,0.0,1.049453,0.0
2019-03-12,4,0,106,0.0,0.0,0.0,0.0,0.0
2019-03-12,4,0,109,166.84,166.84,0.0,1128.451953,0.0
2019-03-12,4,0,110,155.42,155.42,0.0,2321.834984,0.0
2019-03-12,4,0,111,0.0,0.0,0.0,0.0,0.0
2019-03-12,4,0,113,14.22,14.22,0.0,-43.428287,0.0
2019-03-12,4,0,115,14.22,14.22,0.0,-43.428287,0.0
2019-03-12,4,0,116,0.0,0.0,0.0,0.0,0.0
2019-03-12,4,0,117,0.95,0.95,0.0,-2.901327,0.0
2019-03-12,4,0,119,69.97,69.97,0.0,1773.418758,0.0
2019-03-12,4,0,120,41.14,41.14,0.0,1042.710414,0.0
2019-03-12,4,0,123,0.0,0.0,0.0,0.0,0.0
2019-03-12,4,0,125,116.31,116.31,0.0,336.297352,0.0
2019-03-12,4,0,126,0.0,0.0,0.0,0.0,0.0
2019-03-12,4,0,127,0.0,0.0,0.0,0.0,0.0
2019-03-12,4,0,128,157.96,157.96,0.0,456.723668,0.0
2019-03-12,4,0,131,11.02,11.02,0.0,2.429787,0.0
2019-03-12,4,0,132,16.2,16.2,0.0,3.571919,0.0
2019-03-12,4,0,133,79.02,79.02,0.0,786.80767,0.0
2019-03-12,4,0,134,0.0,0.0,0.0,0.0,0.0
2019-03-12,4,0,135,109.01,109.01,0.0,1085.420198,0.0
2019-03-12,4,0,136,25.95,25.95,0.0,256.893644,0.0
2019-03-12,4,0,139,149.8,149.8,0.0,782.506363,0.0
2019-03-12,4,0,140,115.03,115.03,0.0,1718.444719,0.0
2019-03-12,4,0,141,135.57,135.57,0.0,613.880238,0.0
2019-03-12,4,0,142,0.0,0.0,0.0,0.0,0.0
2019-03-12,4,0,143,71.55,71.55,0.0,203.675034,0.0
2019-03-12,4,0,145,11.49,11.49,0.0,49.413501,0.0
2019-03-12,4,0,146,212.69,212.69,0.0,3177.397264,0.0
2019-03-12,4,0,152,0.0,0.0,0.0,0.0,0.0
2019-03-12,4,0,153,0.0,0.0,0.0,0.0,0.0
2019-03-12,4,0,154,0.0,0.0,0.0,0.0,0.0
2019-03-12,4,0,157,94.1,94.1,0.0,426.098181,0.0
2019-03-12,4,0,158,0.0,0.0,0.0,0.0,0.0
2019-03-12,4,0,159,0.0,0.0,0.0,0.0,0.0
2019-03-12,4,0,160,0.0,0.0,0.0,0.0,0.0
2019-03-12,4,0,161,0.0,0.0,0.0,0.0,0.0
2019-03-12,4,0,162,30.85,30.85,0.0,6038.081113,0.0
2019-03-12,4,0,163,29.8,29.8,0.0,445.185192,0.0
2019-03-12,4,0,164,0.0,0.0,0.0,0.0,0.0
2019-03-12,4,0,167,0.0,0.0,0.0,0.0,0.0
2019-03-12,4,0,168,0.0,0.0,0.0,0.0,0.0
2019-03-12,4,0,169,0.0,0.0,0.0,0.0,0.0
2019-03-12,4,0,170,0.0,0.0,0.0,0.0,0.0
2019-03-12,4,0,172,0.0,0.0,0.0,0.0,0.0
2019-03-12,4,0,173,0.0,0.0,0.0,0.0,0.0
2019-03-12,4,0,188,0.0,0.0,0.0,0.0,0.0
2019-03-12,4,0,190,0.0,0.0,0.0,0.0,0.0
2019-03-12,4,0,191,0.0,0.0,0.0,0.0,0.0
2019-03-12,4,0,192,37.9,37.9,0.0,960.591266,0.0
2019-03-12,4,0,194,93.68,93.68,0.0,-666.593675,0.0
2019-03-12,4,0,196,0.0,0.0,0.0,0.0,0.0
2019-03-12,4,0,198,0.0,0.0,0.0,0.0,0.0
2019-03-12,4,0,199,4.76,4.76,0.0,46.897959,0.0
2019-03-12,4,0,200,0.0,0.0,0.0,0.0,0.0
2019-03-12,4,0,204,689.95,689.95,0.0,4544.776189,0.0
2019-03-12,4,0,205,882.58,882.58,0.0,5969.486485,0.0
2019-03-12,4,0,206,259.38,259.38,0.0,726.216012,0.0
2019-03-12,4,0,210,0.0,0.0,0.0,0.0,0.0
2019-03-12,4,0,214,0.0,0.0,0.0,0.0,0.0
2019-03-12,4,0,217,0.0,0.0,0.0,0.0,0.0
2019-03-12,4,0,218,0.0,0.0,0.0,0.0,0.0
2019-03-12,4,0,219,0.0,0.0,0.0,0.0,0.0
2019-03-12,4,0,221,0.0,0.0,0.0,0.0,0.0
2019-03-12,4,0,225,0.0,0.0,0.0,0.0,0.0
2019-03-12,4,0,233,0.0,0.0,0.0,0.0,0.0
2019-03-12,4,0,236,51.05,51.05,0.0,473.208482,0.0
2019-03-12,4,0,237,94.44,94.44,0.0,800.986778,0.0
2019-03-12,4,0,238,0.0,0.0,0.0,0.0,0.0
2019-03-12,4,0,240,0.0,0.0,0.0,0.0,0.0
2019-03-12,4,0,245,42.2,42.2,0.0,427.755482,0.0
2019-03-12,4,0,247,65.26,65.26,0.0,661.500539,0.0
2019-03-12,4,0,248,9.48,9.48,0.0,80.404009,0.0
2019-03-12,4,0,249,81.16,81.16,0.0,822.669074,0.0
2019-03-12,4,0,251,127.95,127.95,0.0,1256.487407,0.0
2019-03-12,4,0,252,97.59,97.59,0.0,966.36641,0.0
2019-03-12,4,0,254,0.0,0.0,0.0,0.0,0.0
2019-03-12,4,0,255,0.0,0.0,0.0,0.0,0.0
2019-03-12,4,0,258,0.0,0.0,0.0,0.0,0.0
2019-03-12,4,0,260,0.0,0.0,0.0,0.0,0.0
2019-03-12,4,0,265,0.0,0.0,0.0,0.0,0.0
2019-03-12,4,0,266,97.0,97.0,0.0,506.696377,0.0
2019-03-12,4,0,267,119.2,119.2,0.0,622.661939,0.0
2019-03-12,4,0,270,93.08,93.08,0.0,1390.531465,0.0
2019-03-12,4,0,272,47.52,47.52,0.0,-145.127441,0.0
2019-03-12,4,0,273,0.0,0.0,0.0,0.0,0.0
2019-03-12,4,0,274,119.99,119.99,0.0,1792.542657,0.0
2019-03-12,4,0,275,167.02,167.02,0.0,2495.128548,0.0
2019-03-12,4,0,276,0.0,0.0,0.0,0.0,0.0
2019-03-12,4,0,277,0.0,0.0,0.0,-0.0,0.0
2019-03-12,4,0,278,0.0,0.0,0.0,-0.0,0.0
2019-03-12,4,0,279,58.77,58.77,0.0,-140.821435,0.0
2019-03-12,4,0,281,16.83,16.83,0.0,47.908467,0.0
2019-03-12,4,0,282,0.0,0.0,0.0,0.0,0.0
2019-03-12,5,0,9,0.0,0.0,0.0,0.0,0.0
2019-03-12,5,0,17,0.0,0.0,0.0,0.0,0.0
2019-03-12,5,0,19,392.07,392.07,0.0,3358.687465,0.0
2019-03-12,5,0,20,475.51,475.51,0.0,4073.480441,0.0
2019-03-12,5,0,21,0.0,0.0,0.0,0.0,0.0
2019-03-12,5,0,22,0.0,0.0,0.0,0.0,0.0
2019-03-12,5,0,23,76.43,76.43,0.0,493.168941,0.0
2019-03-12,5,0,24,135.23,135.23,0.0,872.579301,0.0
2019-03-12,5,0,29,0.0,0.0,0.0,0.0,0.0
2019-03-12,5,0,30,0.0,0.0,0.0,0.0,0.0
2019-03-12,5,0,31,37.5,37.5,0.0,241.468174,0.0
2019-03-12,5,0,32,0.0,0.0,0.0,0.0,0.0
2019-03-12,5,0,33,0.0,0.0,0.0,0.0,0.0
2019-03-12,5,0,34,0.0,0.0,0.0,0.0,0.0
2019-03-12,5,0,35,0.0,0.0,0.0,0.0,0.0
2019-03-12,5,0,36,0.0,0.0,0.0,0.0,0.0
2019-03-12,5,0,37,0.0,0.0,0.0,0.0,0.0
2019-03-12,5,0,38,0.0,0.0,0.0,0.0,0.0
2019-03-12,5,0,39,0.0,0.0,0.0,0.0,0.0
2019-03-12,5,0,40,0.0,0.0,0.0,0.0,0.0
2019-03-12,5,0,41,116.0,116.0,0.0,829.495546,0.0
2019-03-12,5,0,42,0.0,0.0,0.0,0.0,0.0
2019-03-12,5,0,43,0.0,0.0,0.0,0.0,0.0
2019-03-12,5,0,46,0.0,0.0,0.0,0.0,0.0
2019-03-12,5,0,52,39.75,39.75,0.0,255.956265,0.0
2019-03-12,5,0,53,63.15,63.15,0.0,406.632405,0.0
2019-03-12,5,0,55,460.36,460.36,0.0,2970.4992,0.0
2019-03-12,5,0,56,0.0,0.0,0.0,0.0,0.0
2019-03-12,5,0,57,0.0,0.0,0.0,0.0,0.0
2019-03-12,5,0,58,0.0,0.0,0.0,0.0,0.0
2019-03-12,5,0,59,0.0,0.0,0.0,0.0,0.0
2019-03-12,5,0,63,64.67,64.67,0.0,1154.952717,0.0
2019-03-12,5,0,64,76.08,76.08,0.0,1358.725881,0.0
2019-03-12,5,0,65,15.99,15.99,0.0,136.739563,0.0
2019-03-12,5,0,67,0.0,0.0,0.0,0.0,0.0
2019-03-12,5,0,68,1.96,1.96,0.0,9.012429,0.0
2019-03-12,5,0,69,0.0,0.0,0.0,0.0,0.0
2019-03-12,5,0,74,38.21,38.21,0.0,310.500947,0.0
2019-03-12,5,0,77,95.06,95.06,0.0,490.874318,0.0
2019-03-12,5,0,78,71.87,71.87,0.0,371.124945,0.0
2019-03-12,5,0,79,41.59,41.59,0.0,214.763969,0.0
2019-03-12,5,0,80,67.26,67.26,0.0,347.319658,0.0
2019-03-12,5,0,81,87.93,87.93,0.0,454.056162,0.0
2019-03-12,5,0,82,62.03,62.03,0.0,320.312792,0.0
2019-03-12,5,0,83,138.32,138.32,0.0,714.261895,0.0
2019-03-12,5,0,84,0.0,0.0,0.0,0.0,0.0
2019-03-12,5,0,86,0.0,0.0,0.0,0.0,0.0
2019-03-12,5,0,87,0.0,0.0,0.0,0.0,0.0
2019-03-12,5,0,88,88.24,88.24,0.0,455.656952,0.0
2019-03-12,5,0,89,84.82,84.82,0.0,437.99663,0.0
2019-03-12,5,0,90,113.89,113.89,0.0,588.109364,0.0
2019-03-12,5,0,91,406.28,406.28,0.0,2097.963581,0.0
2019-03-12,5,0,92,146.11,146.11,0.0,754.488183,0.0
2019-03-12,5,0,95,25.34,25.34,0.0,428.069742,0.0
2019-03-12,5,0,96,14.94,14.94,0.0,95.991605,0.0
2019-03-12,5,0,97,91.84,91.84,0.0,590.084941,0.0
2019-03-12,5,0,99,7.37,7.37,0.0,59.889871,0.0
2019-03-12,5,0,101,0.0,0.0,0.0,0.0,0.0
2019-03-12,5,0,102,4.65,4.65,0.0,21.381528,0.0
2019-03-12,5,0,103,4.04,4.04,0.0,18.576639,0.0
2019-03-12,5,0,104,0.75,0.75,0.0,3.448634,0.0
2019-03-12,5,0,106,0.0,0.0,0.0,0.0,0.0
2019-03-12,5,0,109,145.05,145.05,0.0,1104.1043,0.0
2019-03-12,5,0,110,201.2,201.2,0.0,454.742722,0.0
2019-03-12,5,0,111,0.0,0.0,0.0,0.0,0.0
2019-03-12,5,0,113,33.9,33.9,0.0,169.396612,0.0
2019-03-12,5,0,115,33.9,33.9,0.0,169.396612,0.0
2019-03-12,5,0,116,0.0,0.0,0.0,0.0,0.0
2019-03-12,5,0,117,1.63,1.63,0.0,8.145029,0.0
2019-03-12,5,0,119,76.08,76.08,0.0,1358.725881,0.0
2019-03-12,5,0,120,44.73,44.73,0.0,798.840808,0.0
2019-03-12,5,0,123,0.0,0.0,0.0,0.0,0.0
2019-03-12,5,0,125,122.38,122.38,0.0,789.663941,0.0
2019-03-12,5,0,126,0.0,0.0,0.0,0.0,0.0
2019-03-12,5,0,127,0.0,0.0,0.0,0.0,0.0
2019-03-12,5,0,128,175.27,175.27,0.0,1130.939688,0.0
2019-03-12,5,0,131,8.96,8.96,0.0,42.576907,0.0
2019-03-12,5,0,132,13.18,13.18,0.0,62.62987,0.0
2019-03-12,5,0,133,26.71,26.71,0.0,228.850269,0.0
2019-03-12,5,0,134,0.0,0.0,0.0,0.0,0.0
2019-03-12,5,0,135,38.06,38.06,0.0,326.09664,0.0
2019-03-12,5,0,136,26.38,26.38,0.0,225.56865,0.0
2019-03-12,5,0,139,149.8,149.8,0.0,1071.193386,0.0
2019-03-12,5,0,140,148.91,148.91,0.0,336.559338,0.0
2019-03-12,5,0,141,137.19,137.19,0.0,551.865752,0.0
2019-03-12,5,0,142,0.0,0.0,0.0,0.0,0.0
2019-03-12,5,0,143,127.52,127.52,0.0,821.120575,0.0
2019-03-12,5,0,145,10.4,10.4,0.0,71.494311,0.0
2019-03-12,5,0,146,268.0,268.0,0.0,605.720922,0.0
2019-03-12,5,0,152,0.0,0.0,0.0,0.0,0.0
2019-03-12,5,0,153,0.0,0.0,0.0,0.0,0.0
2019-03-12,5,0,154,0.0,0.0,0.0,0.0,0.0
2019-03-12,5,0,157,110.65,110.65,0.0,445.104931,0.0
2019-03-12,5,0,158,0.0,0.0,0.0,0.0,0.0
2019-03-12,5,0,159,0.0,0.0,0.0,0.0,0.0
2019-03-12,5,0,160,0.0,0.0,0.0,0.0,0.0
2019-03-12,5,0,161,0.0,0.0,0.0,0.0,0.0
2019-03-12,5,0,162,27.38,27.38,0.0,462.912215,0.0
2019-03-12,5,0,163,36.43,36.43,0.0,82.337363,0.0
2019-03-12,5,0,164,0.0,0.0,0.0,0.0,0.0
2019-03-12,5,0,167,0.0,0.0,0.0,0.0,0.0
2019-03-12,5,0,168,0.0,0.0,0.0,0.0,0.0
2019-03-12,5,0,169,0.0,0.0,0.0,0.0,0.0
2019-03-12,5,0,170,0.0,0.0,0.0,0.0,0.0
2019-03-12,5,0,172,0.0,0.0,0.0,0.0,0.0
2019-03-12,5,0,173,0.0,0.0,0.0,0.0,0.0
2019-03-12,5,0,188,0.0,0.0,0.0,0.0,0.0
2019-03-12,5,0,190,0.0,0.0,0.0,0.0,0.0
2019-03-12,5,0,191,0.0,0.0,0.0,0.0,0.0
2019-03-12,5,0,192,54.3,54.3,0.0,969.753093,0.0
2019-03-12,5,0,194,102.83,102.83,0.0,541.87822,0.0
2019-03-12,5,0,196,0.0,0.0,0.0,0.0,0.0
2019-03-12,5,0,198,0.0,0.0,0.0,0.0,0.0
2019-03-12,5,0,199,4.48,4.48,0.0,40.55619,0.0
2019-03-12,5,0,200,0.0,0.0,0.0,0.0,0.0
2019-03-12,5,0,204,646.57,646.57,0.0,4887.438576,0.0
2019-03-12,5,0,205,767.3,767.3,0.0,5840.601373,0.0
2019-03-12,5,0,206,269.88,269.88,0.0,1734.017029,0.0
2019-03-12,5,0,210,0.0,0.0,0.0,0.0,0.0
2019-03-12,5,0,214,0.0,0.0,0.0,0.0,0.0
2019-03-12,5,0,217,0.0,0.0,0.0,0.0,0.0
2019-03-12,5,0,218,0.0,0.0,0.0,0.0,0.0
2019-03-12,5,0,219,0.0,0.0,0.0,0.0,0.0
2019-03-12,5,0,221,0.0,0.0,0.0,0.0,0.0
2019-03-12,5,0,225,0.0,0.0,0.0,0.0,0.0
2019-03-12,5,0,233,0.0,0.0,0.0,0.0,0.0
2019-03-12,5,0,236,53.07,53.07,0.0,443.777312,0.0
2019-03-12,5,0,237,91.66,91.66,0.0,744.844722,0.0
2019-03-12,5,0,238,0.0,0.0,0.0,0.0,0.0
2019-03-12,5,0,240,0.0,0.0,0.0,0.0,0.0
2019-03-12,5,0,245,36.27,36.27,0.0,312.707166,0.0
2019-03-12,5,0,247,60.08,60.08,0.0,517.9886,0.0
2019-03-12,5,0,248,9.2,9.2,0.0,74.760762,0.0
2019-03-12,5,0,249,69.75,69.75,0.0,601.359934,0.0
2019-03-12,5,0,251,141.94,141.94,0.0,1210.317788,0.0
2019-03-12,5,0,252,103.17,103.17,0.0,882.265211,0.0
2019-03-12,5,0,254,0.0,0.0,0.0,0.0,0.0
2019-03-12,5,0,255,0.0,0.0,0.0,0.0,0.0
2019-03-12,5,0,258,0.0,0.0,0.0,0.0,0.0
2019-03-12,5,0,260,0.0,0.0,0.0,0.0,0.0
2019-03-12,5,0,265,0.0,0.0,0.0,0.0,0.0
2019-03-12,5,0,266,97.0,97.0,0.0,693.629896,0.0
2019-03-12,5,0,267,119.2,119.2,0.0,852.378182,0.0
2019-03-12,5,0,270,113.78,113.78,0.0,257.160174,0.0
2019-03-12,5,0,272,116.52,116.52,0.0,582.244637,0.0
2019-03-12,5,0,273,0.0,0.0,0.0,0.0,0.0
2019-03-12,5,0,274,146.68,146.68,0.0,331.519197,0.0
2019-03-12,5,0,275,204.18,204.18,0.0,461.477977,0.0
2019-03-12,5,0,276,0.0,0.0,0.0,0.0,0.0
2019-03-12,5,0,277,0.0,0.0,0.0,0.0,0.0
2019-03-12,5,0,278,0.0,0.0,0.0,0.0,0.0
2019-03-12,5,0,279,54.06,54.06,0.0,273.752147,0.0
2019-03-12,5,0,281,16.83,16.83,0.0,108.370917,0.0
2019-03-12,5,0,282,0.0,0.0,0.0,0.0,0.0
2019-03-12,6,0,9,0.0,0.0,0.0,0.0,0.0
2019-03-12,6,0,17,0.0,0.0,0.0,0.0,0.0
2019-03-12,6,0,19,307.68,307.68,0.0,3300.504813,0.0
2019-03-12,6,0,20,373.15,373.15,0.0,4002.806068,0.0
2019-03-12,6,0,21,0.0,0.0,0.0,0.0,0.0
2019-03-12,6,0,22,0.0,0.0,0.0,0.0,0.0
2019-03-12,6,0,23,78.85,78.85,0.0,526.327453,0.0
2019-03-12,6,0,24,139.51,139.51,0.0,931.235803,0.0
2019-03-12,6,0,29,0.0,0.0,0.0,0.0,0.0
2019-03-12,6,0,30,0.0,0.0,0.0,0.0,0.0
2019-03-12,6,0,31,37.57,37.57,0.0,249.91363,0.0
2019-03-12,6,0,32,0.0,0.0,0.0,0.0,0.0
2019-03-12,6,0,33,0.0,0.0,0.0,0.0,0.0
2019-03-12,6,0,34,0.0,0.0,0.0,0.0,0.0
2019-03-12,6,0,35,0.0,0.0,0.0,0.0,0.0
2019-03-12,6,0,36,0.0,0.0,0.0,0.0,0.0
2019-03-12,6,0,37,0.0,0.0,0.0,0.0,0.0
2019-03-12,6,0,38,0.0,0.0,0.0,0.0,0.0
2019-03-12,6,0,39,0.0,0.0,0.0,0.0,0.0
2019-03-12,6,0,40,0.0,0.0,0.0,0.0,0.0
2019-03-12,6,0,41,116.0,116.0,0.0,917.567325,0.0
2019-03-12,6,0,42,0.0,0.0,0.0,0.0,0.0
2019-03-12,6,0,43,0.0,0.0,0.0,0.0,0.0
2019-03-12,6,0,46,0.0,0.0,0.0,0.0,0.0
2019-03-12,6,0,52,39.83,39.83,0.0,264.947029,0.0
2019-03-12,6,0,53,63.23,63.23,0.0,420.602577,0.0
2019-03-12,6,0,55,184.26,184.26,0.0,1229.944154,0.0
2019-03-12,6,0,56,0.0,0.0,0.0,0.0,0.0
2019-03-12,6,0,57,0.0,0.0,0.0,0.0,0.0
2019-03-12,6,0,58,0.0,0.0,0.0,0.0,0.0
2019-03-12,6,0,59,0.0,0.0,0.0,0.0,0.0
2019-03-12,6,0,63,70.88,70.88,0.0,1482.38284,0.0
2019-03-12,6,0,64,83.38,83.38,0.0,1743.807579,0.0
2019-03-12,6,0,65,17.18,17.18,0.0,183.703984,0.0
2019-03-12,6,0,67,0.0,0.0,0.0,-0.0,0.0
2019-03-12,6,0,68,1.72,1.72,0.0,3.560537,0.0
2019-03-12,6,0,69,0.0,0.0,0.0,0.0,0.0
2019-03-12,6,0,74,37.99,37.99,0.0,370.272558,0.0
2019-03-12,6,0,77,102.41,102.41,0.0,456.881589,0.0
2019-03-12,6,0,78,77.42,77.42,0.0,345.393737,0.0
2019-03-12,6,0,79,44.8,44.8,0.0,199.866177,0.0
2019-03-12,6,0,80,72.45,72.45,0.0,323.221083,0.0
2019-03-12,6,0,81,94.73,94.73,0.0,422.618816,0.0
2019-03-12,6,0,82,66.82,66.82,0.0,298.103972,0.0
2019-03-12,6,0,83,149.01,149.01,0.0,664.778104,0.0
2019-03-12,6,0,84,0.0,0.0,0.0,0.0,0.0
2019-03-12,6,0,86,0.0,0.0,0.0,0.0,0.0
2019-03-12,6,0,87,0.0,0.0,0.0,0.0,0.0
2019-03-12,6,0,88,104.43,104.43,0.0,465.893412,0.0
2019-03-12,6,0,89,100.39,100.39,0.0,447.869766,0.0
2019-03-12,6,0,90,134.8,134.8,0.0,601.383051,0.0
2019-03-12,6,0,91,480.84,480.84,0.0,2145.170817,0.0
2019-03-12,6,0,92,172.93,172.93,0.0,771.492366,0.0
2019-03-12,6,0,95,23.94,23.94,0.0,454.066109,0.0
2019-03-12,6,0,96,17.81,17.81,0.0,118.041193,0.0
2019-03-12,6,0,97,109.54,109.54,0.0,726.009676,0.0
2019-03-12,6,0,99,7.33,7.33,0.0,71.442428,0.0
2019-03-12,6,0,101,0.0,0.0,0.0,0.0,0.0
2019-03-12,6,0,102,4.06,4.06,0.0,8.404524,0.0
2019-03-12,6,0,103,3.53,3.53,0.0,7.307382,0.0
2019-03-12,6,0,104,0.66,0.66,0.0,1.366253,0.0
2019-03-12,6,0,106,0.0,0.0,0.0,0.0,0.0
2019-03-12,6,0,109,136.1,136.1,0.0,1176.962424,0.0
2019-03-12,6,0,110,253.74,253.74,0.0,-2251.345853,0.0
2019-03-12,6,0,111,0.0,0.0,0.0,0.0,0.0
2019-03-12,6,0,113,47.42,47.42,0.0,214.42345,0.0
2019-03-12,6,0,115,47.42,47.42,0.0,214.42345,0.0
2019-03-12,6,0,116,0.0,0.0,0.0,-0.0,0.0
2019-03-12,6,0,117,1.88,1.88,0.0,8.500972,0.0
2019-03-12,6,0,119,83.38,83.38,0.0,1743.807579,0.0
2019-03-12,6,0,120,49.03,49.03,0.0,1025.412396,0.0
2019-03-12,6,0,123,0.0,0.0,0.0,0.0,0.0
2019-03-12,6,0,125,126.25,126.25,0.0,842.72468,0.0
2019-03-12,6,0,126,0.0,0.0,0.0,0.0,0.0
2019-03-12,6,0,127,0.0,0.0,0.0,0.0,0.0
2019-03-12,6,0,128,180.82,180.82,0.0,1206.981993,0.0
2019-03-12,6,0,131,8.08,8.08,0.0,22.539064,0.0
2019-03-12,6,0,132,11.87,11.87,0.0,33.111224,0.0
2019-03-12,6,0,133,16.07,16.07,0.0,172.435748,0.0
2019-03-12,6,0,134,0.0,0.0,0.0,0.0,0.0
2019-03-12,6,0,135,21.54,21.54,0.0,231.13043,0.0
2019-03-12,6,0,136,26.99,26.99,0.0,288.55068,0.0
2019-03-12,6,0,139,149.8,149.8,0.0,1184.927459,0.0
2019-03-12,6,0,140,187.8,187.8,0.0,-1666.283405,0.0
2019-03-12,6,0,141,150.93,150.93,0.0,-94.125321,0.0
2019-03-12,6,0,142,0.0,0.0,0.0,-0.0,0.0
2019-03-12,6,0,143,189.48,189.48,0.0,1260.410822,0.0
2019-03-12,6,0,145,11.01,11.01,0.0,81.400917,0.0
2019-03-12,6,0,146,268.0,268.0,0.0,-2377.869822,0.0
2019-03-12,6,0,152,0.0,0.0,0.0,0.0,0.0
2019-03-12,6,0,153,0.0,0.0,0.0,0.0,0.0
2019-03-12,6,0,154,0.0,0.0,0.0,0.0,0.0
2019-03-12,6,0,157,130.34,130.34,0.0,-81.284664,0.0
2019-03-12,6,0,158,0.0,0.0,0.0,-0.0,0.0
2019-03-12,6,0,159,0.0,0.0,0.0,0.0,0.0
2019-03-12,6,0,160,0.0,0.0,0.0,0.0,0.0
2019-03-12,6,0,161,0.0,0.0,0.0,0.0,0.0
2019-03-12,6,0,162,24.52,24.52,0.0,465.667261,0.0
2019-03-12,6,0,163,43.94,43.94,0.0,-389.864179,0.0
2019-03-12,6,0,164,0.0,0.0,0.0,0.0,0.0
2019-03-12,6,0,167,0.0,0.0,0.0,0.0,0.0
2019-03-12,6,0,168,0.0,0.0,0.0,0.0,0.0
2019-03-12,6,0,169,0.0,0.0,0.0,0.0,0.0
2019-03-12,6,0,170,0.0,0.0,0.0,0.0,0.0
2019-03-12,6,0,172,0.0,0.0,0.0,0.0,0.0
2019-03-12,6,0,173,0.0,0.0,0.0,0.0,0.0
2019-03-12,6,0,188,0.0,0.0,0.0,0.0,0.0
2019-03-12,6,0,190,0.0,0.0,0.0,0.0,0.0
2019-03-12,6,0,191,0.0,0.0,0.0,0.0,0.0
2019-03-12,6,0,192,74.62,74.62,0.0,1560.601122,0.0
2019-03-12,6,0,194,115.25,115.25,0.0,758.728188,0.0
2019-03-12,6,0,196,0.0,0.0,0.0,0.0,0.0
2019-03-12,6,0,198,0.0,0.0,0.0,0.0,0.0
2019-03-12,6,0,199,4.26,4.26,0.0,41.883445,0.0
2019-03-12,6,0,200,0.0,0.0,0.0,0.0,0.0
2019-03-12,6,0,204,651.66,651.66,0.0,5566.686825,0.0
2019-03-12,6,0,205,719.95,719.95,0.0,6225.966914,0.0
2019-03-12,6,0,206,321.88,321.88,0.0,2133.357627,0.0
2019-03-12,6,0,210,0.0,0.0,0.0,0.0,0.0
2019-03-12,6,0,214,0.0,0.0,0.0,0.0,0.0
2019-03-12,6,0,217,0.0,0.0,0.0,0.0,0.0
2019-03-12,6,0,218,0.0,0.0,0.0,0.0,0.0
2019-03-12,6,0,219,0.0,0.0,0.0,0.0,0.0
2019-03-12,6,0,221,0.0,0.0,0.0,0.0,0.0
2019-03-12,6,0,225,0.0,0.0,0.0,0.0,0.0
2019-03-12,6,0,233,0.0,0.0,0.0,0.0,0.0
2019-03-12,6,0,236,55.95,55.95,0.0,573.886316,0.0
2019-03-12,6,0,237,91.14,91.14,0.0,888.303262,0.0
2019-03-12,6,0,238,0.0,0.0,0.0,0.0,0.0
2019-03-12,6,0,240,0.0,0.0,0.0,0.0,0.0
2019-03-12,6,0,245,31.3,31.3,0.0,339.690445,0.0
2019-03-12,6,0,247,55.61,55.61,0.0,603.520308,0.0
2019-03-12,6,0,248,9.15,9.15,0.0,89.181203,0.0
2019-03-12,6,0,249,60.19,60.19,0.0,653.225811,0.0
2019-03-12,6,0,251,160.43,160.43,0.0,1706.460734,0.0
2019-03-12,6,0,252,110.79,110.79,0.0,1184.666149,0.0
2019-03-12,6,0,254,0.0,0.0,0.0,0.0,0.0
2019-03-12,6,0,255,0.0,0.0,0.0,0.0,0.0
2019-03-12,6,0,258,0.0,0.0,0.0,0.0,0.0
2019-03-12,6,0,260,0.0,0.0,0.0,0.0,0.0
2019-03-12,6,0,265,0.0,0.0,0.0,0.0,0.0
2019-03-12,6,0,266,97.0,97.0,0.0,767.276125,0.0
2019-03-12,6,0,267,119.2,119.2,0.0,942.879527,0.0
2019-03-12,6,0,270,137.23,137.23,0.0,-1217.593566,0.0
2019-03-12,6,0,272,167.33,167.33,0.0,756.631716,0.0
2019-03-12,6,0,273,0.0,0.0,0.0,-0.0,0.0
2019-03-12,6,0,274,176.91,176.91,0.0,-1569.660262,0.0
2019-03-12,6,0,275,246.26,246.26,0.0,-2184.978441,0.0
2019-03-12,6,0,276,0.0,0.0,0.0,-0.0,0.0
2019-03-12,6,0,277,0.0,0.0,0.0,0.0,0.0
2019-03-12,6,0,278,0.0,0.0,0.0,0.0,0.0
2019-03-12,6,0,279,54.1,54.1,0.0,243.316922,0.0
2019-03-12,6,0,281,16.89,16.89,0.0,112.351376,0.0
2019-03-12,6,0,282,0.0,0.0,0.0,0.0,0.0
2019-03-12,7,0,9,0.0,0.0,0.0,0.0,0.0
2019-03-12,7,0,17,0.0,0.0,0.0,0.0,0.0
2019-03-12,7,0,19,237.0,237.0,0.0,2497.924635,0.0
2019-03-12,7,0,20,287.44,287.44,0.0,3029.550452,0.0
2019-03-12,7,0,21,0.0,0.0,0.0,0.0,0.0
2019-03-12,7,0,22,0.0,0.0,0.0,0.0,0.0
2019-03-12,7,0,23,91.77,91.77,0.0,496.266414,0.0
2019-03-12,7,0,24,162.37,162.37,0.0,878.051406,0.0
2019-03-12,7,0,29,0.0,0.0,0.0,0.0,0.0
2019-03-12,7,0,30,0.0,0.0,0.0,0.0,0.0
2019-03-12,7,0,31,92.33,92.33,0.0,496.384537,0.0
2019-03-12,7,0,32,0.0,0.0,0.0,0.0,0.0
2019-03-12,7,0,33,0.0,0.0,0.0,0.0,0.0
2019-03-12,7,0,34,0.0,0.0,0.0,0.0,0.0
2019-03-12,7,0,35,0.0,0.0,0.0,0.0,0.0
2019-03-12,7,0,36,0.0,0.0,0.0,0.0,0.0
2019-03-12,7,0,37,0.0,0.0,0.0,0.0,0.0
2019-03-12,7,0,38,0.0,0.0,0.0,0.0,0.0
2019-03-12,7,0,39,0.0,0.0,0.0,0.0,0.0
2019-03-12,7,0,40,0.0,0.0,0.0,0.0,0.0
2019-03-12,7,0,41,85.72,85.72,0.0,605.357051,0.0
2019-03-12,7,0,42,0.0,0.0,0.0,0.0,0.0
2019-03-12,7,0,43,0.0,0.0,0.0,0.0,0.0
2019-03-12,7,0,46,0.0,0.0,0.0,0.0,0.0
2019-03-12,7,0,52,97.87,97.87,0.0,526.168685,0.0
2019-03-12,7,0,53,155.54,155.54,0.0,836.214133,0.0
2019-03-12,7,0,55,186.9,186.9,0.0,1010.702764,0.0
2019-03-12,7,0,56,0.0,0.0,0.0,0.0,0.0
2019-03-12,7,0,57,0.0,0.0,0.0,0.0,0.0
2019-03-12,7,0,58,0.0,0.0,0.0,0.0,0.0
2019-03-12,7,0,59,0.0,0.0,0.0,0.0,0.0
2019-03-12,7,0,63,78.12,78.12,0.0,2121.245404,0.0
2019-03-12,7,0,64,91.91,91.91,0.0,2495.694637,0.0
2019-03-12,7,0,65,18.6,18.6,0.0,195.323039,0.0
2019-03-12,7,0,67,0.0,0.0,0.0,-0.0,0.0
2019-03-12,7,0,68,1.68,1.68,0.0,-9.465432,0.0
2019-03-12,7,0,69,0.0,0.0,0.0,0.0,0.0
2019-03-12,7,0,74,38.48,38.48,0.0,362.358493,0.0
2019-03-12,7,0,77,122.03,122.03,0.0,290.485017,0.0
2019-03-12,7,0,78,92.25,92.25,0.0,219.595533,0.0
2019-03-12,7,0,79,53.39,53.39,0.0,127.091658,0.0
2019-03-12,7,0,80,86.33,86.33,0.0,205.503331,0.0
2019-03-12,7,0,81,112.88,112.88,0.0,268.703997,0.0
2019-03-12,7,0,82,79.62,79.62,0.0,189.530583,0.0
2019-03-12,7,0,83,177.55,177.55,0.0,422.647011,0.0
2019-03-12,7,0,84,0.0,0.0,0.0,0.0,0.0
2019-03-12,7,0,86,0.0,0.0,0.0,0.0,0.0
2019-03-12,7,0,87,0.0,0.0,0.0,0.0,0.0
2019-03-12,7,0,88,134.11,134.11,0.0,319.240725,0.0
2019-03-12,7,0,89,128.92,128.92,0.0,306.886244,0.0
2019-03-12,7,0,90,173.1,173.1,0.0,412.054056,0.0
2019-03-12,7,0,91,617.49,617.49,0.0,1469.897511,0.0
2019-03-12,7,0,92,222.07,222.07,0.0,528.624172,0.0
2019-03-12,7,0,95,23.2,23.2,0.0,520.369889,0.0
2019-03-12,7,0,96,23.21,23.21,0.0,124.017039,0.0
2019-03-12,7,0,97,142.75,142.75,0.0,762.750205,0.0
2019-03-12,7,0,99,7.43,7.43,0.0,69.96683,0.0
2019-03-12,7,0,101,0.0,0.0,0.0,0.0,0.0
2019-03-12,7,0,102,3.98,3.98,0.0,-22.424059,0.0
2019-03-12,7,0,103,3.46,3.46,0.0,-19.494283,0.0
2019-03-12,7,0,104,0.64,0.64,0.0,-3.605879,0.0
2019-03-12,7,0,106,0.0,0.0,0.0,0.0,0.0
2019-03-12,7,0,109,138.25,138.25,0.0,1123.094195,0.0
2019-03-12,7,0,110,317.13,317.13,0.0,-13874.167016,0.0
2019-03-12,7,0,111,0.0,0.0,0.0,0.0,0.0
2019-03-12,7,0,113,30.02,30.02,0.0,108.77427,0.0
2019-03-12,7,0,115,30.02,30.02,0.0,108.77427,0.0
2019-03-12,7,0,116,0.0,0.0,0.0,-0.0,0.0
2019-03-12,7,0,117,1.23,1.23,0.0,4.456774,0.0
2019-03-12,7,0,119,91.91,91.91,0.0,2495.694637,0.0
2019-03-12,7,0,120,54.04,54.04,0.0,1467.384813,0.0
2019-03-12,7,0,123,0.0,0.0,0.0,0.0,0.0
2019-03-12,7,0,125,146.94,146.94,0.0,794.610295,0.0
2019-03-12,7,0,126,0.0,0.0,0.0,0.0,0.0
2019-03-12,7,0,127,0.0,0.0,0.0,0.0,0.0
2019-03-12,7,0,128,210.45,210.45,0.0,1138.054557,0.0
2019-03-12,7,0,131,8.23,8.23,0.0,-25.746664,0.0
2019-03-12,7,0,132,12.1,12.1,0.0,-37.853539,0.0
2019-03-12,7,0,133,11.17,11.17,0.0,117.769737,0.0
2019-03-12,7,0,134,0.0,0.0,0.0,0.0,0.0
2019-03-12,7,0,135,14.97,14.97,0.0,157.834642,0.0
2019-03-12,7,0,136,27.78,27.78,0.0,291.665653,0.0
2019-03-12,7,0,139,110.71,110.71,0.0,781.837133,0.0
2019-03-12,7,0,140,234.71,234.71,0.0,-10268.362313,0.0
2019-03-12,7,0,141,177.42,177.42,0.0,-2664.271859,0.0
2019-03-12,7,0,142,0.0,0.0,0.0,-0.0,0.0
2019-03-12,7,0,143,125.2,125.2,0.0,673.100228,0.0
2019-03-12,7,0,145,13.26,13.26,0.0,84.814203,0.0
2019-03-12,7,0,146,268.0,268.0,0.0,-11724.77142,0.0
2019-03-12,7,0,152,0.0,0.0,0.0,0.0,0.0
2019-03-12,7,0,153,0.0,0.0,0.0,0.0,0.0
2019-03-12,7,0,154,0.0,0.0,0.0,0.0,0.0
2019-03-12,7,0,157,153.3,153.3,0.0,-2302.067839,0.0
2019-03-12,7,0,158,0.0,0.0,0.0,-0.0,0.0
2019-03-12,7,0,159,0.0,0.0,0.0,0.0,0.0
2019-03-12,7,0,160,0.0,0.0,0.0,0.0,0.0
2019-03-12,7,0,161,0.0,0.0,0.0,-0.0,0.0
2019-03-12,7,0,162,22.29,22.29,0.0,501.128968,0.0
2019-03-12,7,0,163,52.4,52.4,0.0,-2292.455307,0.0
2019-03-12,7,0,164,0.0,0.0,0.0,0.0,0.0
2019-03-12,7,0,167,0.0,0.0,0.0,0.0,0.0
2019-03-12,7,0,168,0.0,0.0,0.0,0.0,0.0
2019-03-12,7,0,169,0.0,0.0,0.0,0.0,0.0
2019-03-12,7,0,170,0.0,0.0,0.0,0.0,0.0
2019-03-12,7,0,172,0.0,0.0,0.0,0.0,0.0
2019-03-12,7,0,173,0.0,0.0,0.0,0.0,0.0
2019-03-12,7,0,188,0.0,0.0,0.0,0.0,0.0
2019-03-12,7,0,190,0.0,0.0,0.0,0.0,0.0
2019-03-12,7,0,191,0.0,0.0,0.0,0.0,0.0
2019-03-12,7,0,192,99.95,99.95,0.0,2714.010217,0.0
2019-03-12,7,0,194,131.25,131.25,0.0,1544.427945,0.0
2019-03-12,7,0,196,0.0,0.0,0.0,0.0,0.0
2019-03-12,7,0,198,0.0,0.0,0.0,0.0,0.0
2019-03-12,7,0,199,4.09,4.09,0.0,54.728642,0.0
2019-03-12,7,0,200,0.0,0.0,0.0,0.0,0.0
2019-03-12,7,0,204,704.32,704.32,0.0,5630.109594,0.0
2019-03-12,7,0,205,731.36,731.36,0.0,5941.310457,0.0
2019-03-12,7,0,206,419.47,419.47,0.0,2241.336802,0.0
2019-03-12,7,0,210,0.0,0.0,0.0,0.0,0.0
2019-03-12,7,0,214,0.0,0.0,0.0,0.0,0.0
2019-03-12,7,0,217,0.0,0.0,0.0,0.0,0.0
2019-03-12,7,0,218,0.0,0.0,0.0,0.0,0.0
2019-03-12,7,0,219,0.0,0.0,0.0,0.0,0.0
2019-03-12,7,0,221,0.0,0.0,0.0,0.0,0.0
2019-03-12,7,0,225,0.0,0.0,0.0,0.0,0.0
2019-03-12,7,0,233,0.0,0.0,0.0,0.0,0.0
2019-03-12,7,0,236,60.0,60.0,0.0,600.757094,0.0
2019-03-12,7,0,237,92.31,92.31,0.0,869.264878,0.0
2019-03-12,7,0,238,0.0,0.0,0.0,0.0,0.0
2019-03-12,7,0,240,0.0,0.0,0.0,0.0,0.0
2019-03-12,7,0,245,27.42,27.42,0.0,292.885199,0.0
2019-03-12,7,0,247,51.81,51.81,0.0,553.405623,0.0
2019-03-12,7,0,248,9.27,9.27,0.0,87.293743,0.0
2019-03-12,7,0,249,52.72,52.72,0.0,563.125737,0.0
2019-03-12,7,0,251,184.68,184.68,0.0,1927.686611,0.0
2019-03-12,7,0,252,119.97,119.97,0.0,1259.833602,0.0
2019-03-12,7,0,254,0.0,0.0,0.0,0.0,0.0
2019-03-12,7,0,255,0.0,0.0,0.0,0.0,0.0
2019-03-12,7,0,258,0.0,0.0,0.0,0.0,0.0
2019-03-12,7,0,260,0.0,0.0,0.0,0.0,0.0
2019-03-12,7,0,265,0.0,0.0,0.0,0.0,0.0
2019-03-12,7,0,266,71.67,71.67,0.0,506.135556,0.0
2019-03-12,7,0,267,88.09,88.09,0.0,622.094057,0.0
2019-03-12,7,0,270,163.63,163.63,0.0,-7158.672938,0.0
2019-03-12,7,0,272,106.81,106.81,0.0,387.01465,0.0
2019-03-12,7,0,273,0.0,0.0,0.0,-0.0,0.0
2019-03-12,7,0,274,210.94,210.94,0.0,-9228.445087,0.0
2019-03-12,7,0,275,293.63,293.63,0.0,-12846.062059,0.0
2019-03-12,7,0,276,0.0,0.0,0.0,-0.0,0.0
2019-03-12,7,0,277,0.0,0.0,0.0,0.0,0.0
2019-03-12,7,0,278,0.0,0.0,0.0,0.0,0.0
2019-03-12,7,0,279,58.77,58.77,0.0,183.660545,0.0
2019-03-12,7,0,281,41.4,41.4,0.0,222.574676,0.0
2019-03-12,7,0,282,0.0,0.0,0.0,0.0,0.0
2019-03-12,8,0,9,0.0,0.0,0.0,0.0,0.0
2019-03-12,8,0,17,2.96,2.96,0.0,26.244192,0.0
2019-03-12,8,0,19,298.82,298.82,0.0,2649.422101,0.0
2019-03-12,8,0,20,371.9,371.9,0.0,3297.369919,0.0
2019-03-12,8,0,21,0.0,0.0,0.0,0.0,0.0
2019-03-12,8,0,22,0.0,0.0,0.0,0.0,0.0
2019-03-12,8,0,23,106.63,106.63,0.0,311.458703,0.0
2019-03-12,8,0,24,188.65,188.65,0.0,551.033333,0.0
2019-03-12,8,0,29,0.77,0.77,0.0,8.475213,0.0
2019-03-12,8,0,30,0.0,0.0,0.0,0.0,0.0
2019-03-12,8,0,31,37.5,37.5,0.0,108.121018,0.0
2019-03-12,8,0,32,0.26,0.26,0.0,6.408935,0.0
2019-03-12,8,0,33,0.15,0.15,0.0,1.486914,0.0
2019-03-12,8,0,34,0.24,0.24,0.0,2.379062,0.0
2019-03-12,8,0,35,0.24,0.24,0.0,2.379062,0.0
2019-03-12,8,0,36,0.35,0.35,0.0,2.547644,0.0
2019-03-12,8,0,37,0.19,0.19,0.0,1.379948,0.0
2019-03-12,8,0,38,0.24,0.24,0.0,1.743093,0.0
2019-03-12,8,0,39,0.16,0.16,0.0,1.162062,0.0
2019-03-12,8,0,40,0.16,0.16,0.0,1.162062,0.0
2019-03-12,8,0,41,34.8,34.8,0.0,169.988253,0.0
2019-03-12,8,0,42,1.67,1.67,0.0,14.427867,0.0
2019-03-12,8,0,43,1.25,1.25,0.0,9.459728,0.0
2019-03-12,8,0,46,0.8,0.8,0.0,5.490767,0.0
2019-03-12,8,0,52,39.75,39.75,0.0,114.60828,0.0
2019-03-12,8,0,53,63.15,63.15,0.0,182.075795,0.0
2019-03-12,8,0,55,186.9,186.9,0.0,545.921706,0.0
2019-03-12,8,0,56,0.0,0.0,0.0,0.0,0.0
2019-03-12,8,0,57,0.0,0.0,0.0,0.0,0.0
2019-03-12,8,0,58,0.0,0.0,0.0,0.0,0.0
2019-03-12,8,0,59,0.0,0.0,0.0,0.0,0.0
2019-03-12,8,0,63,64.48,64.48,0.0,1992.078392,0.0
2019-03-12,8,0,64,75.79,75.79,0.0,2341.495368,0.0
2019-03-12,8,0,65,27.84,27.84,0.0,245.664137,0.0
2019-03-12,8,0,67,0.0,0.0,0.0,-0.0,0.0
2019-03-12,8,0,68,2.43,2.43,0.0,-26.40897,0.0
2019-03-12,8,0,69,0.15,0.15,0.0,1.486914,0.0
2019-03-12,8,0,74,48.82,48.82,0.0,372.387403,0.0
2019-03-12,8,0,77,103.78,103.78,0.0,-73.003151,0.0
2019-03-12,8,0,78,78.36,78.36,0.0,-55.12167,0.0
2019-03-12,8,0,79,45.2,45.2,0.0,-31.795552,0.0
2019-03-12,8,0,80,73.31,73.31,0.0,-51.569291,0.0
2019-03-12,8,0,81,95.97,95.97,0.0,-67.509274,0.0
2019-03-12,8,0,82,67.58,67.58,0.0,-47.538572,0.0
2019-03-12,8,0,83,151.19,151.19,0.0,-106.353309,0.0
2019-03-12,8,0,84,0.0,0.0,0.0,0.0,0.0
2019-03-12,8,0,86,0.77,0.77,0.0,7.632824,0.0
2019-03-12,8,0,87,3.93,3.93,0.0,38.957141,0.0
2019-03-12,8,0,88,109.81,109.81,0.0,-77.244903,0.0
2019-03-12,8,0,89,105.98,105.98,0.0,-74.550722,0.0
2019-03-12,8,0,90,138.28,138.28,0.0,-97.27188,0.0
2019-03-12,8,0,91,433.49,433.49,0.0,-304.934824,0.0
2019-03-12,8,0,92,173.46,173.46,0.0,-122.01895,0.0
2019-03-12,8,0,95,29.18,29.18,0.0,726.604841,0.0
2019-03-12,8,0,96,28.01,28.01,0.0,79.655527,0.0
2019-03-12,8,0,97,172.24,172.24,0.0,489.820349,0.0
2019-03-12,8,0,99,9.42,9.42,0.0,71.85353,0.0
2019-03-12,8,0,101,0.0,0.0,0.0,0.0,0.0
2019-03-12,8,0,102,5.76,5.76,0.0,-62.599039,0.0
2019-03-12,8,0,103,5.01,5.01,0.0,-54.448122,0.0
2019-03-12,8,0,104,0.93,0.93,0.0,-10.107136,0.0
2019-03-12,8,0,106,0.0,0.0,0.0,0.0,0.0
2019-03-12,8,0,109,167.23,167.23,0.0,1033.716641,0.0
2019-03-12,8,0,110,312.88,312.88,0.0,-18546.610255,0.0
2019-03-12,8,0,111,0.06,0.06,0.0,0.293083,0.0
2019-03-12,8,0,113,73.24,73.24,0.0,67.65958,0.0
2019-03-12,8,0,115,73.24,73.24,0.0,67.65958,0.0
2019-03-12,8,0,116,0.26,0.26,0.0,-15.412039,0.0
2019-03-12,8,0,117,3.79,3.79,0.0,3.501226,0.0
2019-03-12,8,0,119,75.79,75.79,0.0,2341.495368,0.0
2019-03-12,8,0,120,44.72,44.72,0.0,1381.602756,0.0
2019-03-12,8,0,123,0.0,0.0,0.0,0.0,0.0
2019-03-12,8,0,125,170.72,170.72,0.0,498.661068,0.0
2019-03-12,8,0,126,0.0,0.0,0.0,0.0,0.0
2019-03-12,8,0,127,0.0,0.0,0.0,0.0,0.0
2019-03-12,8,0,128,244.52,244.52,0.0,714.225658,0.0
2019-03-12,8,0,131,10.63,10.63,0.0,-81.694963,0.0
2019-03-12,8,0,132,15.62,15.62,0.0,-120.044715,0.0
2019-03-12,8,0,133,17.71,17.71,0.0,157.092147,0.0
2019-03-12,8,0,134,0.0,0.0,0.0,0.0,0.0
2019-03-12,8,0,135,23.73,23.73,0.0,210.491059,0.0
2019-03-12,8,0,136,35.84,35.84,0.0,316.174371,0.0
2019-03-12,8,0,139,44.94,44.94,0.0,219.519313,0.0
2019-03-12,8,0,140,231.56,231.56,0.0,-13726.198768,0.0
2019-03-12,8,0,141,201.1,201.1,0.0,-4581.968825,0.0
2019-03-12,8,0,142,0.0,0.0,0.0,-0.0,0.0
2019-03-12,8,0,143,59.78,59.78,0.0,172.35932,0.0
2019-03-12,8,0,145,19.94,19.94,0.0,81.902763,0.0
2019-03-12,8,0,146,268.0,268.0,0.0,-15886.255268,0.0
2019-03-12,8,0,152,0.27,0.27,0.0,2.07274,0.0
2019-03-12,8,0,153,0.35,0.35,0.0,2.668127,0.0
2019-03-12,8,0,154,0.26,0.26,0.0,1.270027,0.0
2019-03-12,8,0,157,145.91,145.91,0.0,-3324.490657,0.0
2019-03-12,8,0,158,0.0,0.0,0.0,-0.0,0.0
2019-03-12,8,0,159,0.0,0.0,0.0,0.0,0.0
2019-03-12,8,0,160,0.12,0.12,0.0,1.020736,0.0
2019-03-12,8,0,161,0.0,0.0,0.0,-0.0,0.0
2019-03-12,8,0,162,28.33,28.33,0.0,707.324082,0.0
2019-03-12,8,0,163,80.57,80.57,0.0,-4775.953683,0.0
2019-03-12,8,0,164,0.0,0.0,0.0,0.0,0.0
2019-03-12,8,0,167,0.34,0.34,0.0,8.406336,0.0
2019-03-12,8,0,168,0.17,0.17,0.0,4.203168,0.0
2019-03-12,8,0,169,0.0,0.0,0.0,0.0,0.0
2019-03-12,8,0,170,0.37,0.37,0.0,9.148072,0.0
2019-03-12,8,0,172,0.44,0.44,0.0,10.107416,0.0
2019-03-12,8,0,173,0.67,0.67,0.0,15.390838,0.0
2019-03-12,8,0,188,0.52,0.52,0.0,12.252666,0.0
2019-03-12,8,0,190,0.15,0.15,0.0,4.634177,0.0
2019-03-12,8,0,191,0.39,0.39,0.0,12.048861,0.0
2019-03-12,8,0,192,157.76,157.76,0.0,4873.918845,0.0
2019-03-12,8,0,194,159.8,159.8,0.0,1807.704404,0.0
2019-03-12,8,0,196,0.09,0.09,0.0,3.904965,0.0
2019-03-12,8,0,198,0.65,0.65,0.0,6.565771,0.0
2019-03-12,8,0,199,6.23,6.23,0.0,84.534146,0.0
2019-03-12,8,0,200,1.12,1.12,0.0,15.19715,0.0
2019-03-12,8,0,204,795.87,795.87,0.0,4801.273588,0.0
2019-03-12,8,0,205,884.66,884.66,0.0,5468.443242,0.0
2019-03-12,8,0,206,506.12,506.12,0.0,1439.316507,0.0
2019-03-12,8,0,210,0.24,0.24,0.0,2.692693,0.0
2019-03-12,8,0,214,1.13,1.13,0.0,11.900732,0.0
2019-03-12,8,0,217,0.85,0.85,0.0,9.215887,0.0
2019-03-12,8,0,218,1.18,1.18,0.0,12.79382,0.0
2019-03-12,8,0,219,0.8,0.8,0.0,8.673776,0.0
2019-03-12,8,0,221,0.6,0.6,0.0,6.318973,0.0
2019-03-12,8,0,225,0.7,0.7,0.0,7.690355,0.0
2019-03-12,8,0,233,0.44,0.44,0.0,4.361614,0.0
2019-03-12,8,0,236,72.35,72.35,0.0,599.877279,0.0
2019-03-12,8,0,237,117.11,117.11,0.0,893.287358,0.0
2019-03-12,8,0,238,2.17,2.17,0.0,18.747588,0.0
2019-03-12,8,0,240,0.4,0.4,0.0,2.911594,0.0
2019-03-12,8,0,245,44.05,44.05,0.0,397.385423,0.0
2019-03-12,8,0,247,79.41,79.41,0.0,716.37631,0.0
2019-03-12,8,0,248,11.76,11.76,0.0,89.702496,0.0
2019-03-12,8,0,249,84.72,84.72,0.0,764.279071,0.0
2019-03-12,8,0,251,283.96,283.96,0.0,2486.058149,0.0
2019-03-12,8,0,252,179.56,179.56,0.0,1584.463092,0.0
2019-03-12,8,0,254,0.93,0.93,0.0,7.25702,0.0
2019-03-12,8,0,255,0.43,0.43,0.0,3.355396,0.0
2019-03-12,8,0,258,0.48,0.48,0.0,3.516301,0.0
2019-03-12,8,0,260,0.28,0.28,0.0,2.381717,0.0
2019-03-12,8,0,265,0.27,0.27,0.0,1.318874,0.0
2019-03-12,8,0,266,29.1,29.1,0.0,142.145349,0.0
2019-03-12,8,0,267,35.76,35.76,0.0,174.677584,0.0
2019-03-12,8,0,270,251.63,251.63,0.0,-14915.889601,0.0
2019-03-12,8,0,272,253.54,253.54,0.0,234.221873,0.0
2019-03-12,8,0,273,0.06,0.06,0.0,-3.556624,0.0
2019-03-12,8,0,274,324.38,324.38,0.0,-19228.296582,0.0
2019-03-12,8,0,275,451.54,451.54,0.0,-26765.969044,0.0
2019-03-12,8,0,276,0.01,0.01,0.0,-0.511291,0.0
2019-03-12,8,0,277,0.04,0.04,0.0,0.010857,0.0
2019-03-12,8,0,278,0.07,0.07,0.0,0.018999,0.0
2019-03-12,8,0,279,80.75,80.75,0.0,21.916881,0.0
2019-03-12,8,0,281,16.83,16.83,0.0,48.524713,0.0
2019-03-12,8,0,282,0.0,0.0,0.0,0.0,0.0
2019-03-12,9,0,9,0.82,0.82,0.0,3.536964,0.0
2019-03-12,9,0,17,16.85,16.85,0.0,138.609003,0.0
2019-03-12,9,0,19,307.09,307.09,0.0,2526.138805,0.0
2019-03-12,9,0,20,381.32,381.32,0.0,3136.758765,0.0
2019-03-12,9,0,21,18.86,18.86,0.0,81.350174,0.0
2019-03-12,9,0,22,67.02,67.02,0.0,289.082114,0.0
2019-03-12,9,0,23,108.8,108.8,0.0,469.294748,0.0
2019-03-12,9,0,24,192.5,192.5,0.0,830.323889,0.0
2019-03-12,9,0,29,2.89,2.89,0.0,23.345596,0.0
2019-03-12,9,0,30,144.74,144.74,0.0,620.882826,0.0
2019-03-12,9,0,31,49.31,49.31,0.0,211.522262,0.0
2019-03-12,9,0,32,1.52,1.52,0.0,141.933603,0.0
2019-03-12,9,0,33,0.87,0.87,0.0,7.805021,0.0
2019-03-12,9,0,34,1.39,1.39,0.0,12.470092,0.0
2019-03-12,9,0,35,1.39,1.39,0.0,12.470092,0.0
2019-03-12,9,0,36,2.84,2.84,0.0,19.959695,0.0
2019-03-12,9,0,37,1.46,1.46,0.0,10.228297,0.0
2019-03-12,9,0,38,1.88,1.88,0.0,13.170683,0.0
2019-03-12,9,0,39,1.25,1.25,0.0,8.757103,0.0
2019-03-12,9,0,40,1.25,1.25,0.0,8.757103,0.0
2019-03-12,9,0,41,34.8,34.8,0.0,193.578038,0.0
2019-03-12,9,0,42,18.32,18.32,0.0,147.741873,0.0
2019-03-12,9,0,43,9.13,9.13,0.0,65.36337,0.0
2019-03-12,9,0,46,6.84,6.84,0.0,46.132419,0.0
2019-03-12,9,0,52,52.32,52.32,0.0,224.434085,0.0
2019-03-12,9,0,53,83.57,83.57,0.0,358.485407,0.0
2019-03-12,9,0,55,186.9,186.9,0.0,806.169012,0.0
2019-03-12,9,0,56,42.69,42.69,0.0,183.12483,0.0
2019-03-12,9,0,57,40.61,40.61,0.0,174.202374,0.0
2019-03-12,9,0,58,78.1,78.1,0.0,335.021063,0.0
2019-03-12,9,0,59,76.8,76.8,0.0,329.444528,0.0
2019-03-12,9,0,63,48.43,48.43,0.0,7431.605529,0.0
2019-03-12,9,0,64,56.97,56.97,0.0,8742.072414,0.0
2019-03-12,9,0,65,39.76,39.76,0.0,325.874768,0.0
2019-03-12,9,0,67,80.69,80.69,0.0,-43653.040935,0.0
2019-03-12,9,0,68,6.34,6.34,0.0,-2479.63389,0.0
2019-03-12,9,0,69,0.87,0.87,0.0,7.805021,0.0
2019-03-12,9,0,74,61.3,61.3,0.0,450.80214,0.0
2019-03-12,9,0,77,48.6,48.6,0.0,-12935.754387,0.0
2019-03-12,9,0,78,36.74,36.74,0.0,-9779.004448,0.0
2019-03-12,9,0,79,21.26,21.26,0.0,-5658.727125,0.0
2019-03-12,9,0,80,34.38,34.38,0.0,-9150.848474,0.0
2019-03-12,9,0,81,44.95,44.95,0.0,-11964.241969,0.0
2019-03-12,9,0,82,31.71,31.71,0.0,-8440.180486,0.0
2019-03-12,9,0,83,70.71,70.71,0.0,-18820.724129,0.0
2019-03-12,9,0,84,0.0,0.0,0.0,0.0,0.0
2019-03-12,9,0,86,4.4,4.4,0.0,39.473671,0.0
2019-03-12,9,0,87,22.46,22.46,0.0,201.495148,0.0
2019-03-12,9,0,88,155.83,155.83,0.0,-41476.926051,0.0
2019-03-12,9,0,89,148.85,148.85,0.0,-39619.074906,0.0
2019-03-12,9,0,90,208.93,208.93,0.0,-55610.435473,0.0
2019-03-12,9,0,91,785.09,785.09,0.0,-208965.666901,0.0
2019-03-12,9,0,92,276.23,276.23,0.0,-73523.527453,0.0
2019-03-12,9,0,95,36.0,36.0,0.0,914.892964,0.0
2019-03-12,9,0,96,29.88,29.88,0.0,127.433527,0.0
2019-03-12,9,0,97,183.75,183.75,0.0,783.665015,0.0
2019-03-12,9,0,99,11.83,11.83,0.0,86.998194,0.0
2019-03-12,9,0,101,2.92,2.92,0.0,12.525756,0.0
2019-03-12,9,0,102,15.0,15.0,0.0,-5866.641696,0.0
2019-03-12,9,0,103,13.05,13.05,0.0,-5103.978275,0.0
2019-03-12,9,0,104,2.43,2.43,0.0,-950.395955,0.0
2019-03-12,9,0,106,65.97,65.97,0.0,284.553075,0.0
2019-03-12,9,0,109,186.24,186.24,0.0,1183.550318,0.0
2019-03-12,9,0,110,314.0,314.0,0.0,-314000.0,0.0
2019-03-12,9,0,111,3.93,3.93,0.0,21.860968,0.0
2019-03-12,9,0,113,55.79,55.79,0.0,-13175.03006,0.0
2019-03-12,9,0,115,55.79,55.79,0.0,-13175.03006,0.0
2019-03-12,9,0,116,27.72,27.72,0.0,-27720.0,0.0
2019-03-12,9,0,117,3.79,3.79,0.0,-895.023551,0.0
2019-03-12,9,0,119,56.97,56.97,0.0,8742.072414,0.0
2019-03-12,9,0,120,33.5,33.5,0.0,5140.590238,0.0
2019-03-12,9,0,123,1.1,1.1,0.0,4.744708,0.0
2019-03-12,9,0,125,174.2,174.2,0.0,751.389202,0.0
2019-03-12,9,0,126,49.48,49.48,0.0,213.42559,0.0
2019-03-12,9,0,127,63.5,63.5,0.0,273.899049,0.0
2019-03-12,9,0,128,249.5,249.5,0.0,1076.186027,0.0
2019-03-12,9,0,131,13.46,13.46,0.0,-4725.524963,0.0
2019-03-12,9,0,132,19.79,19.79,0.0,-6947.855797,0.0
2019-03-12,9,0,133,26.47,26.47,0.0,217.818476,0.0
2019-03-12,9,0,134,0.0,0.0,0.0,0.0,0.0
2019-03-12,9,0,135,35.47,35.47,0.0,291.878403,0.0
2019-03-12,9,0,136,45.49,45.49,0.0,372.763168,0.0
2019-03-12,9,0,139,44.94,44.94,0.0,249.982673,0.0
2019-03-12,9,0,140,232.39,232.39,0.0,-232390.0,0.0
2019-03-12,9,0,141,230.0,230.0,0.0,-124429.290061,0.0
2019-03-12,9,0,142,106.41,106.41,0.0,-57567.481545,0.0
2019-03-12,9,0,143,133.75,133.75,0.0,573.739657,0.0
2019-03-12,9,0,145,28.54,28.54,0.0,144.312783,0.0
2019-03-12,9,0,146,268.0,268.0,0.0,-268000.0,0.0
2019-03-12,9,0,152,2.47,2.47,0.0,18.210984,0.0
2019-03-12,9,0,153,3.1,3.1,0.0,22.736328,0.0
2019-03-12,9,0,154,16.23,16.23,0.0,90.280792,0.0
2019-03-12,9,0,157,140.01,140.01,0.0,-75744.977832,0.0
2019-03-12,9,0,158,70.62,70.62,0.0,-38205.202018,0.0
2019-03-12,9,0,159,0.0,0.0,0.0,0.0,0.0
2019-03-12,9,0,160,0.77,0.77,0.0,5.897581,0.0
2019-03-12,9,0,161,16.44,16.44,0.0,-6429.839299,0.0
2019-03-12,9,0,162,36.16,36.16,0.0,946.92047,0.0
2019-03-12,9,0,163,117.61,117.61,0.0,-117610.0,0.0
2019-03-12,9,0,164,5.1,5.1,0.0,21.877176,0.0
2019-03-12,9,0,167,1.77,1.77,0.0,36.575556,0.0
2019-03-12,9,0,168,0.89,0.89,0.0,18.391099,0.0
2019-03-12,9,0,169,0.0,0.0,0.0,0.0,0.0
2019-03-12,9,0,170,1.94,1.94,0.0,40.088462,0.0
2019-03-12,9,0,172,2.34,2.34,0.0,119.071944,0.0
2019-03-12,9,0,173,3.57,3.57,0.0,181.661043,0.0
2019-03-12,9,0,188,3.03,3.03,0.0,191.646329,0.0
2019-03-12,9,0,190,2.38,2.38,0.0,77.177586,0.0
2019-03-12,9,0,191,6.14,6.14,0.0,199.105201,0.0
2019-03-12,9,0,192,236.28,236.28,0.0,7661.983196,0.0
2019-03-12,9,0,194,130.37,130.37,0.0,-12591.242964,0.0
2019-03-12,9,0,196,1.85,1.85,0.0,577.705198,0.0
2019-03-12,9,0,198,3.59,3.59,0.0,30.237512,0.0
2019-03-12,9,0,199,10.29,10.29,0.0,-205.693536,0.0
2019-03-12,9,0,200,6.45,6.45,0.0,-128.933266,0.0
2019-03-12,9,0,204,480.72,480.72,0.0,3007.099106,0.0
2019-03-12,9,0,205,1048.92,1048.92,0.0,6665.859103,0.0
2019-03-12,9,0,206,539.94,539.94,0.0,2302.759665,0.0
2019-03-12,9,0,210,0.92,0.92,0.0,7.608472,0.0
2019-03-12,9,0,214,4.99,4.99,0.0,46.967697,0.0
2019-03-12,9,0,217,3.48,3.48,0.0,31.039688,0.0
2019-03-12,9,0,218,4.81,4.81,0.0,42.902557,0.0
2019-03-12,9,0,219,3.28,3.28,0.0,29.255798,0.0
2019-03-12,9,0,221,2.66,2.66,0.0,25.036888,0.0
2019-03-12,9,0,225,2.67,2.67,0.0,21.518911,0.0
2019-03-12,9,0,233,2.49,2.49,0.0,22.338509,0.0
2019-03-12,9,0,236,86.47,86.47,0.0,675.768978,0.0
2019-03-12,9,0,237,147.04,147.04,0.0,1081.336814,0.0
2019-03-12,9,0,238,23.85,23.85,0.0,192.338629,0.0
2019-03-12,9,0,240,3.21,3.21,0.0,22.560077,0.0
2019-03-12,9,0,245,67.01,67.01,0.0,558.622325,0.0
2019-03-12,9,0,247,118.04,118.04,0.0,984.02894,0.0
2019-03-12,9,0,248,14.76,14.76,0.0,108.545507,0.0
2019-03-12,9,0,249,128.87,128.87,0.0,1074.312178,0.0
2019-03-12,9,0,251,326.4,326.4,0.0,2659.10803,0.0
2019-03-12,9,0,252,256.48,256.48,0.0,2102.12174,0.0
2019-03-12,9,0,254,5.89,5.89,0.0,42.906627,0.0
2019-03-12,9,0,255,2.7,2.7,0.0,19.668573,0.0
2019-03-12,9,0,258,3.85,3.85,0.0,27.139571,0.0
2019-03-12,9,0,260,1.86,1.86,0.0,14.246105,0.0
2019-03-12,9,0,265,16.8,16.8,0.0,93.451467,0.0
2019-03-12,9,0,266,29.1,29.1,0.0,161.87129,0.0
2019-03-12,9,0,267,35.76,35.76,0.0,198.918122,0.0
2019-03-12,9,0,270,367.3,367.3,0.0,-367300.0,0.0
2019-03-12,9,0,272,186.18,186.18,0.0,-43967.146379,0.0
2019-03-12,9,0,273,6.63,6.63,0.0,-6630.0,0.0
2019-03-12,9,0,274,473.5,473.5,0.0,-473500.0,0.0
2019-03-12,9,0,275,659.11,659.11,0.0,-659110.0,0.0
2019-03-12,9,0,276,1.76,1.76,0.0,-1579.625167,0.0
2019-03-12,9,0,277,2.35,2.35,0.0,-583.239436,0.0
2019-03-12,9,0,278,3.76,3.76,0.0,-933.183097,0.0
2019-03-12,9,0,279,107.66,107.66,0.0,-26719.81176,0.0
2019-03-12,9,0,281,21.97,21.97,0.0,94.243441,0.0
2019-03-12,9,0,282,79.4,79.4,0.0,340.597598,0.0
2019-03-12,10,0,9,1.69,1.69,0.0,-1.180521,0.0
2019-03-12,10,0,17,30.69,30.69,0.0,276.853219,0.0
2019-03-12,10,0,19,289.38,289.38,0.0,2610.484997,0.0
2019-03-12,10,0,20,358.57,358.57,0.0,3234.645121,0.0
2019-03-12,10,0,21,38.67,38.67,0.0,-27.012278,0.0
2019-03-12,10,0,22,137.42,137.42,0.0,-95.992429,0.0
2019-03-12,10,0,23,108.8,108.8,0.0,-76.00041,0.0
2019-03-12,10,0,24,192.5,192.5,0.0,-134.467637,0.0
2019-03-12,10,0,29,5.09,5.09,0.0,27.788807,0.0
2019-03-12,10,0,30,306.48,306.48,0.0,-231.470256,0.0
2019-03-12,10,0,31,103.87,103.87,0.0,-78.448237,0.0
2019-03-12,10,0,32,2.09,2.09,0.0,106.533726,0.0
2019-03-12,10,0,33,1.68,1.68,0.0,18.460178,0.0
2019-03-12,10,0,34,2.68,2.68,0.0,29.44838,0.0
2019-03-12,10,0,35,2.68,2.68,0.0,29.44838,0.0
2019-03-12,10,0,36,6.51,6.51,0.0,37.304488,0.0
2019-03-12,10,0,37,3.12,3.12,0.0,17.629766,0.0
2019-03-12,10,0,38,4.01,4.01,0.0,22.65877,0.0
2019-03-12,10,0,39,2.67,2.67,0.0,15.087012,0.0
2019-03-12,10,0,40,2.67,2.67,0.0,15.087012,0.0
2019-03-12,10,0,41,34.8,34.8,0.0,80.599324,0.0
2019-03-12,10,0,42,36.84,36.84,0.0,316.62246,0.0
2019-03-12,10,0,43,19.62,19.62,0.0,116.447506,0.0
2019-03-12,10,0,46,15.94,15.94,0.0,79.783579,0.0
2019-03-12,10,0,52,110.17,110.17,0.0,-83.206337,0.0
2019-03-12,10,0,53,175.67,175.67,0.0,-132.675476,0.0
2019-03-12,10,0,55,186.9,186.9,0.0,-130.555851,0.0
2019-03-12,10,0,56,90.4,90.4,0.0,-68.274965,0.0
2019-03-12,10,0,57,85.99,85.99,0.0,-64.944294,0.0
2019-03-12,10,0,58,165.37,165.37,0.0,-124.89636,0.0
2019-03-12,10,0,59,162.61,162.61,0.0,-122.811859,0.0
2019-03-12,10,0,63,51.0,51.0,0.0,6135.538592,0.0
2019-03-12,10,0,64,60.0,60.0,0.0,7218.280697,0.0
2019-03-12,10,0,65,41.4,41.4,0.0,370.188211,0.0
2019-03-12,10,0,67,177.36,177.36,0.0,-98101.032731,0.0
2019-03-12,10,0,68,15.21,15.21,0.0,-6193.342493,0.0
2019-03-12,10,0,69,1.68,1.68,0.0,18.460178,0.0
2019-03-12,10,0,74,106.28,106.28,0.0,716.107973,0.0
2019-03-12,10,0,77,55.61,55.61,0.0,-15867.224623,0.0
2019-03-12,10,0,78,42.04,42.04,0.0,-11995.290832,0.0
2019-03-12,10,0,79,24.33,24.33,0.0,-6942.089104,0.0
2019-03-12,10,0,80,39.34,39.34,0.0,-11224.898699,0.0
2019-03-12,10,0,81,51.44,51.44,0.0,-14677.396774,0.0
2019-03-12,10,0,82,36.28,36.28,0.0,-10351.787616,0.0
2019-03-12,10,0,83,80.91,80.91,0.0,-23086.084234,0.0
2019-03-12,10,0,84,0.0,0.0,0.0,0.0,0.0
2019-03-12,10,0,86,8.5,8.5,0.0,93.399712,0.0
2019-03-12,10,0,87,43.4,43.4,0.0,476.887942,0.0
2019-03-12,10,0,88,103.48,103.48,0.0,-29525.9918,0.0
2019-03-12,10,0,89,99.0,99.0,0.0,-28247.711521,0.0
2019-03-12,10,0,90,137.47,137.47,0.0,-39224.372755,0.0
2019-03-12,10,0,91,509.29,509.29,0.0,-145315.929298,0.0
2019-03-12,10,0,92,180.45,180.45,0.0,-51487.874181,0.0
2019-03-12,10,0,95,88.65,88.65,0.0,2252.923924,0.0
2019-03-12,10,0,96,29.88,29.88,0.0,-24.338243,0.0
2019-03-12,10,0,97,183.75,183.75,0.0,-149.670422,0.0
2019-03-12,10,0,99,21.85,21.85,0.0,147.223929,0.0
2019-03-12,10,0,101,6.17,6.17,0.0,-4.659917,0.0
2019-03-12,10,0,102,36.01,36.01,0.0,-14662.870688,0.0
2019-03-12,10,0,103,31.31,31.31,0.0,-12749.083067,0.0
2019-03-12,10,0,104,5.81,5.81,0.0,-2365.767251,0.0
2019-03-12,10,0,106,135.28,135.28,0.0,-94.497568,0.0
2019-03-12,10,0,109,171.07,171.07,0.0,711.538133,0.0
2019-03-12,10,0,110,316.36,316.36,0.0,-316360.0,0.0
2019-03-12,10,0,111,7.54,7.54,0.0,17.463187,0.0
2019-03-12,10,0,113,124.79,124.79,0.0,-32048.473689,0.0
2019-03-12,10,0,115,124.79,124.79,0.0,-32048.473689,0.0
2019-03-12,10,0,116,51.44,51.44,0.0,-51440.0,0.0
2019-03-12,10,0,117,8.32,8.32,0.0,-2136.736125,0.0
2019-03-12,10,0,119,60.0,60.0,0.0,7218.280697,0.0
2019-03-12,10,0,120,35.28,35.28,0.0,4244.34905,0.0
2019-03-12,10,0,123,2.25,2.25,0.0,-1.5717,0.0
2019-03-12,10,0,125,174.2,174.2,0.0,-121.68448,0.0
2019-03-12,10,0,126,101.46,101.46,0.0,-70.873176,0.0
2019-03-12,10,0,127,130.21,130.21,0.0,-90.956005,0.0
2019-03-12,10,0,128,249.5,249.5,0.0,-174.284028,0.0
2019-03-12,10,0,131,22.62,22.62,0.0,-8329.03776,0.0
2019-03-12,10,0,132,36.5,36.5,0.0,-13439.870833,0.0
2019-03-12,10,0,133,37.89,37.89,0.0,342.086902,0.0
2019-03-12,10,0,134,0.0,0.0,0.0,0.0,0.0
2019-03-12,10,0,135,50.77,50.77,0.0,458.372974,0.0
2019-03-12,10,0,136,45.9,45.9,0.0,410.226455,0.0
2019-03-12,10,0,139,44.94,44.94,0.0,104.0843,0.0
2019-03-12,10,0,140,234.14,234.14,0.0,-234140.0,0.0
2019-03-12,10,0,141,230.0,230.0,0.0,-127217.171448,0.0
2019-03-12,10,0,142,233.89,233.89,0.0,-129368.801,0.0
2019-03-12,10,0,143,238.5,238.5,0.0,-180.128087,0.0
2019-03-12,10,0,145,56.19,56.19,0.0,60.128488,0.0
2019-03-12,10,0,146,268.0,268.0,0.0,-268000.0,0.0
2019-03-12,10,0,152,4.91,4.91,0.0,33.177564,0.0
2019-03-12,10,0,153,6.21,6.21,0.0,41.324886,0.0
2019-03-12,10,0,154,31.11,31.11,0.0,72.053017,0.0
2019-03-12,10,0,157,134.96,134.96,0.0,-74648.823733,0.0
2019-03-12,10,0,158,109.05,109.05,0.0,-60317.532811,0.0
2019-03-12,10,0,159,0.0,0.0,0.0,0.0,0.0
2019-03-12,10,0,160,1.55,1.55,0.0,10.75094,0.0
2019-03-12,10,0,161,33.23,33.23,0.0,-13530.88567,0.0
2019-03-12,10,0,162,86.22,86.22,0.0,2259.527283,0.0
2019-03-12,10,0,163,92.45,92.45,0.0,-92450.0,0.0
2019-03-12,10,0,164,11.58,11.58,0.0,-8.745842,0.0
2019-03-12,10,0,167,2.5,2.5,0.0,55.568668,0.0
2019-03-12,10,0,168,1.25,1.25,0.0,27.784334,0.0
2019-03-12,10,0,169,0.0,0.0,0.0,0.0,0.0
2019-03-12,10,0,170,2.74,2.74,0.0,60.90326,0.0
2019-03-12,10,0,172,3.5,3.5,0.0,75.646202,0.0
2019-03-12,10,0,173,5.33,5.33,0.0,115.198358,0.0
2019-03-12,10,0,188,4.17,4.17,0.0,129.14609,0.0
2019-03-12,10,0,190,5.27,5.27,0.0,170.893226,0.0
2019-03-12,10,0,191,13.61,13.61,0.0,441.339052,0.0
2019-03-12,10,0,192,332.6,332.6,0.0,10785.405497,0.0
2019-03-12,10,0,194,52.95,52.95,0.0,-6438.423072,0.0
2019-03-12,10,0,196,3.25,3.25,0.0,892.116078,0.0
2019-03-12,10,0,198,6.96,6.96,0.0,57.388694,0.0
2019-03-12,10,0,199,16.98,16.98,0.0,-445.539388,0.0
2019-03-12,10,0,200,11.6,11.6,0.0,-304.373198,0.0
2019-03-12,10,0,204,257.1,257.1,0.0,1004.866049,0.0
2019-03-12,10,0,205,1010.31,1010.31,0.0,4202.221845,0.0
2019-03-12,10,0,206,539.94,539.94,0.0,-439.798899,0.0
2019-03-12,10,0,210,1.65,1.65,0.0,9.971173,0.0
2019-03-12,10,0,214,8.78,8.78,0.0,106.705249,0.0
2019-03-12,10,0,217,6.07,6.07,0.0,57.65325,0.0
2019-03-12,10,0,218,8.38,8.38,0.0,79.593779,0.0
2019-03-12,10,0,219,5.7,5.7,0.0,54.138967,0.0
2019-03-12,10,0,221,4.68,4.68,0.0,56.877058,0.0
2019-03-12,10,0,225,4.56,4.56,0.0,24.638256,0.0
2019-03-12,10,0,233,4.81,4.81,0.0,52.853249,0.0
2019-03-12,10,0,236,102.77,102.77,0.0,815.28906,0.0
2019-03-12,10,0,237,248.36,248.36,0.0,1673.434099,0.0
2019-03-12,10,0,238,47.95,47.95,0.0,412.10768,0.0
2019-03-12,10,0,240,7.38,7.38,0.0,42.289881,0.0
2019-03-12,10,0,245,78.0,78.0,0.0,726.355734,0.0
2019-03-12,10,0,247,169.56,169.56,0.0,1578.985619,0.0
2019-03-12,10,0,248,27.11,27.11,0.0,182.665479,0.0
2019-03-12,10,0,249,150.0,150.0,0.0,1396.83795,0.0
2019-03-12,10,0,251,326.4,326.4,0.0,2876.134777,0.0
2019-03-12,10,0,252,267.06,267.06,0.0,2387.982216,0.0
2019-03-12,10,0,254,10.68,10.68,0.0,66.069857,0.0
2019-03-12,10,0,255,4.9,4.9,0.0,30.31295,0.0
2019-03-12,10,0,258,9.07,9.07,0.0,52.274166,0.0
2019-03-12,10,0,260,3.76,3.76,0.0,26.079701,0.0
2019-03-12,10,0,265,32.21,32.21,0.0,74.600697,0.0
2019-03-12,10,0,266,29.1,29.1,0.0,67.397711,0.0
2019-03-12,10,0,267,35.76,35.76,0.0,82.822754,0.0
2019-03-12,10,0,270,288.58,288.58,0.0,-288580.0,0.0
2019-03-12,10,0,272,417.04,417.04,0.0,-107103.898286,0.0
2019-03-12,10,0,273,12.3,12.3,0.0,-12300.0,0.0
2019-03-12,10,0,274,371.99,371.99,0.0,-371990.0,0.0
2019-03-12,10,0,275,517.79,517.79,0.0,-517790.0,0.0
2019-03-12,10,0,276,3.19,3.19,0.0,-2871.704074,0.0
2019-03-12,10,0,277,4.64,4.64,0.0,-1244.679236,0.0
2019-03-12,10,0,278,7.43,7.43,0.0,-1993.096277,0.0
2019-03-12,10,0,279,139.45,139.45,0.0,-37407.43955,0.0
2019-03-12,10,0,281,46.3,46.3,0.0,-34.968262,0.0
2019-03-12,10,0,282,168.12,168.12,0.0,-126.973308,0.0
2019-03-12,11,0,9,2.62,2.62,0.0,-138.565035,0.0
2019-03-12,11,0,17,44.73,44.73,0.0,-113.562619,0.0
2019-03-12,11,0,19,192.99,192.99,0.0,-489.972051,0.0
2019-03-12,11,0,20,234.06,234.06,0.0,-594.242491,0.0
2019-03-12,11,0,21,59.8,59.8,0.0,-3162.667588,0.0
2019-03-12,11,0,22,212.52,212.52,0.0,-11239.634044,0.0
2019-03-12,11,0,23,61.07,61.07,0.0,-3229.834609,0.0
2019-03-12,11,0,24,108.0,108.0,0.0,-5711.841129,0.0
2019-03-12,11,0,29,7.63,7.63,0.0,35.855338,0.0
2019-03-12,11,0,30,483.89,483.89,0.0,-25742.523139,0.0
2019-03-12,11,0,31,119.91,119.91,0.0,-6379.106718,0.0
2019-03-12,11,0,32,3.1,3.1,0.0,130.191215,0.0
2019-03-12,11,0,33,2.46,2.46,0.0,16.528261,0.0
2019-03-12,11,0,34,3.94,3.94,0.0,26.472093,0.0
2019-03-12,11,0,35,3.94,3.94,0.0,26.472093,0.0
2019-03-12,11,0,36,9.78,9.78,0.0,-166.786613,0.0
2019-03-12,11,0,37,4.7,4.7,0.0,-81.181243,0.0
2019-03-12,11,0,38,6.05,6.05,0.0,-104.499259,0.0
2019-03-12,11,0,39,4.03,4.03,0.0,-69.608598,0.0
2019-03-12,11,0,40,4.03,4.03,0.0,-69.608598,0.0
2019-03-12,11,0,41,34.8,34.8,0.0,-1272.249953,0.0
2019-03-12,11,0,42,57.96,57.96,0.0,-263.461892,0.0
2019-03-12,11,0,43,29.34,29.34,0.0,-440.69823,0.0
2019-03-12,11,0,46,23.44,23.44,0.0,-483.880456,0.0
2019-03-12,11,0,52,127.48,127.48,0.0,-6781.824071,0.0
2019-03-12,11,0,53,207.62,207.62,0.0,-11045.201707,0.0
2019-03-12,11,0,55,460.54,460.54,0.0,-24356.771422,0.0
2019-03-12,11,0,56,142.73,142.73,0.0,-7593.110681,0.0
2019-03-12,11,0,57,135.77,135.77,0.0,-7222.844792,0.0
2019-03-12,11,0,58,261.09,261.09,0.0,-13889.75876,0.0
2019-03-12,11,0,59,256.74,256.74,0.0,-13658.342579,0.0
2019-03-12,11,0,63,51.0,51.0,0.0,5922.646015,0.0
2019-03-12,11,0,64,60.0,60.0,0.0,6967.818841,0.0
2019-03-12,11,0,65,41.4,41.4,0.0,-120.541144,0.0
2019-03-12,11,0,67,277.96,277.96,0.0,-152305.39198,0.0
2019-03-12,11,0,68,25.05,25.05,0.0,-10028.009699,0.0
2019-03-12,11,0,69,2.46,2.46,0.0,16.528261,0.0
2019-03-12,11,0,74,144.48,144.48,0.0,-1939.73449,0.0
2019-03-12,11,0,77,60.0,60.0,0.0,-16524.532996,0.0
2019-03-12,11,0,78,45.36,45.36,0.0,-12492.546945,0.0
2019-03-12,11,0,79,26.25,26.25,0.0,-7229.483186,0.0
2019-03-12,11,0,80,42.45,42.45,0.0,-11691.107095,0.0
2019-03-12,11,0,81,55.5,55.5,0.0,-15285.193021,0.0
2019-03-12,11,0,82,39.15,39.15,0.0,-10782.25778,0.0
2019-03-12,11,0,83,87.3,87.3,0.0,-24043.195509,0.0
2019-03-12,11,0,84,0.0,0.0,0.0,-0.0,0.0
2019-03-12,11,0,86,12.46,12.46,0.0,83.716316,0.0
2019-03-12,11,0,87,63.64,63.64,0.0,427.584778,0.0
2019-03-12,11,0,88,51.18,51.18,0.0,-14095.426646,0.0
2019-03-12,11,0,89,49.2,49.2,0.0,-13550.117057,0.0
2019-03-12,11,0,90,66.06,66.06,0.0,-18193.510829,0.0
2019-03-12,11,0,91,235.65,235.65,0.0,-64900.103342,0.0
2019-03-12,11,0,92,84.75,84.75,0.0,-23340.902857,0.0
2019-03-12,11,0,95,96.29,96.29,0.0,2447.084542,0.0
2019-03-12,11,0,96,31.88,31.88,0.0,-1706.373285,0.0
2019-03-12,11,0,97,234.28,234.28,0.0,-12539.809699,0.0
2019-03-12,11,0,99,31.0,31.0,0.0,-416.194416,0.0
2019-03-12,11,0,101,9.75,9.75,0.0,-518.691439,0.0
2019-03-12,11,0,102,59.32,59.32,0.0,-23746.967478,0.0
2019-03-12,11,0,103,51.59,51.59,0.0,-20652.495822,0.0
2019-03-12,11,0,104,9.58,9.58,0.0,-3835.06319,0.0
2019-03-12,11,0,106,209.2,209.2,0.0,-11064.047817,0.0
2019-03-12,11,0,109,83.48,83.48,0.0,-2170.842282,0.0
2019-03-12,11,0,110,338.6,338.6,0.0,-338600.0,0.0
2019-03-12,11,0,111,11.59,11.59,0.0,-423.717729,0.0
2019-03-12,11,0,113,84.2,84.2,0.0,-21214.594462,0.0
2019-03-12,11,0,115,84.2,84.2,0.0,-21214.594462,0.0
2019-03-12,11,0,116,78.79,78.79,0.0,-78790.0,0.0
2019-03-12,11,0,117,5.66,5.66,0.0,-1426.064188,0.0
2019-03-12,11,0,119,60.0,60.0,0.0,6967.818841,0.0
2019-03-12,11,0,120,35.28,35.28,0.0,4097.077479,0.0
2019-03-12,11,0,123,3.49,3.49,0.0,-184.577088,0.0
2019-03-12,11,0,125,97.74,97.74,0.0,-5169.216222,0.0
2019-03-12,11,0,126,156.9,156.9,0.0,-8298.035862,0.0
2019-03-12,11,0,127,201.36,201.36,0.0,-10649.410461,0.0
2019-03-12,11,0,128,139.96,139.96,0.0,-7402.123004,0.0
2019-03-12,11,0,131,30.0,30.0,0.0,-10826.848082,0.0
2019-03-12,11,0,132,44.1,44.1,0.0,-15915.466681,0.0
2019-03-12,11,0,133,41.94,41.94,0.0,-105.006258,0.0
2019-03-12,11,0,134,0.0,0.0,0.0,-0.0,0.0
2019-03-12,11,0,135,56.2,56.2,0.0,-140.709388,0.0
2019-03-12,11,0,136,45.9,45.9,0.0,-134.582767,0.0
2019-03-12,11,0,139,44.94,44.94,0.0,-1642.957267,0.0
2019-03-12,11,0,140,250.6,250.6,0.0,-250600.0,0.0
2019-03-12,11,0,141,230.0,230.0,0.0,-126026.191378,0.0
2019-03-12,11,0,142,366.56,366.56,0.0,-200852.872659,0.0
2019-03-12,11,0,143,238.5,238.5,0.0,-12687.990594,0.0
2019-03-12,11,0,145,100.0,100.0,0.0,-4310.310315,0.0
2019-03-12,11,0,146,242.21,242.21,0.0,-242210.0,0.0
2019-03-12,11,0,152,7.46,7.46,0.0,-97.757867,0.0
2019-03-12,11,0,153,9.21,9.21,0.0,-125.083004,0.0
2019-03-12,11,0,154,47.81,47.81,0.0,-1747.881329,0.0
2019-03-12,11,0,157,124.99,124.99,0.0,-68487.015915,0.0
2019-03-12,11,0,158,173.95,173.95,0.0,-95314.156479,0.0
2019-03-12,11,0,159,0.0,0.0,0.0,-0.0,0.0
2019-03-12,11,0,160,2.34,2.34,0.0,-18.476642,0.0
2019-03-12,11,0,161,51.69,51.69,0.0,-20692.527797,0.0
2019-03-12,11,0,162,162.5,162.5,0.0,4267.220924,0.0
2019-03-12,11,0,163,128.47,128.47,0.0,-128470.0,0.0
2019-03-12,11,0,164,18.09,18.09,0.0,-962.372117,0.0
2019-03-12,11,0,167,3.73,3.73,0.0,83.930746,0.0
2019-03-12,11,0,168,1.86,1.86,0.0,41.852865,0.0
2019-03-12,11,0,169,0.0,0.0,0.0,0.0,0.0
2019-03-12,11,0,170,4.08,4.08,0.0,91.806285,0.0
2019-03-12,11,0,172,5.26,5.26,0.0,54.210525,0.0
2019-03-12,11,0,173,8.01,8.01,0.0,82.552529,0.0
2019-03-12,11,0,188,6.19,6.19,0.0,143.34106,0.0
2019-03-12,11,0,190,7.88,7.88,0.0,255.52915,0.0
2019-03-12,11,0,191,20.36,20.36,0.0,660.225063,0.0
2019-03-12,11,0,192,320.17,320.17,0.0,10382.330962,0.0
2019-03-12,11,0,194,52.95,52.95,0.0,-6364.039816,0.0
2019-03-12,11,0,196,4.93,4.93,0.0,1341.281225,0.0
2019-03-12,11,0,198,10.36,10.36,0.0,37.397587,0.0
2019-03-12,11,0,199,37.73,37.73,0.0,-348.693911,0.0
2019-03-12,11,0,200,16.83,16.83,0.0,-155.539849,0.0
2019-03-12,11,0,204,257.1,257.1,0.0,-7012.515103,0.0
2019-03-12,11,0,205,545.8,545.8,0.0,-14193.16863,0.0
2019-03-12,11,0,206,895.48,895.48,0.0,-47930.46265,0.0
2019-03-12,11,0,210,2.4,2.4,0.0,16.47563,0.0
2019-03-12,11,0,214,13.02,13.02,0.0,158.793058,0.0
2019-03-12,11,0,217,8.84,8.84,0.0,87.94656,0.0
2019-03-12,11,0,218,12.19,12.19,0.0,121.274725,0.0
2019-03-12,11,0,219,8.31,8.31,0.0,82.673746,0.0
2019-03-12,11,0,221,6.94,6.94,0.0,84.640847,0.0
2019-03-12,11,0,225,6.68,6.68,0.0,29.994006,0.0
2019-03-12,11,0,233,7.05,7.05,0.0,47.367578,0.0
2019-03-12,11,0,236,159.03,159.03,0.0,-1214.345086,0.0
2019-03-12,11,0,237,322.11,322.11,0.0,-4324.528493,0.0
2019-03-12,11,0,238,75.43,75.43,0.0,-342.873198,0.0
2019-03-12,11,0,240,11.08,11.08,0.0,-188.956613,0.0
2019-03-12,11,0,245,78.0,78.0,0.0,-91.10742,0.0
2019-03-12,11,0,247,171.72,171.72,0.0,-200.576488,0.0
2019-03-12,11,0,248,38.35,38.35,0.0,-514.872769,0.0
2019-03-12,11,0,249,150.0,150.0,0.0,-175.206576,0.0
2019-03-12,11,0,251,326.4,326.4,0.0,-1150.12146,0.0
2019-03-12,11,0,252,267.06,267.06,0.0,-777.577725,0.0
2019-03-12,11,0,254,16.17,16.17,0.0,-213.971597,0.0
2019-03-12,11,0,255,7.41,7.41,0.0,-98.053774,0.0
2019-03-12,11,0,258,13.59,13.59,0.0,-227.298541,0.0
2019-03-12,11,0,260,5.69,5.69,0.0,-44.928246,0.0
2019-03-12,11,0,265,49.5,49.5,0.0,-1809.665881,0.0
2019-03-12,11,0,266,29.1,29.1,0.0,-1063.864185,0.0
2019-03-12,11,0,267,35.76,35.76,0.0,-1307.346503,0.0
2019-03-12,11,0,270,434.6,434.6,0.0,-434600.0,0.0
2019-03-12,11,0,272,281.17,281.17,0.0,-70842.132123,0.0
2019-03-12,11,0,273,18.84,18.84,0.0,-18840.0,0.0
2019-03-12,11,0,274,567.55,567.55,0.0,-567550.0,0.0
2019-03-12,11,0,275,800.78,800.78,0.0,-800780.0,0.0
2019-03-12,11,0,276,4.94,4.94,0.0,-4441.378807,0.0
2019-03-12,11,0,277,7.08,7.08,0.0,-1850.414092,0.0
2019-03-12,11,0,278,11.33,11.33,0.0,-2961.185263,0.0
2019-03-12,11,0,279,215.32,215.32,0.0,-56275.587899,0.0
2019-03-12,11,0,281,52.29,52.29,0.0,-2781.782089,0.0
2019-03-12,11,0,282,265.44,265.44,0.0,-14121.174941,0.0
2019-03-12,12,0,9,3.39,3.39,0.0,-1388.782909,0.0
2019-03-12,12,0,17,55.95,55.95,0.0,0.36608,0.0
2019-03-12,12,0,19,192.99,192.99,0.0,1.26273,0.0
2019-03-12,12,0,20,234.06,234.06,0.0,1.53145,0.0
2019-03-12,12,0,21,77.53,77.53,0.0,-31761.751901,0.0
2019-03-12,12,0,22,275.54,275.54,0.0,-112880.60259,0.0
2019-03-12,12,0,23,46.17,46.17,0.0,-18914.485815,0.0
2019-03-12,12,0,24,77.3,77.3,0.0,-31667.527692,0.0
2019-03-12,12,0,29,9.37,9.37,0.0,43.214268,0.0
2019-03-12,12,0,30,625.6,625.6,0.0,-625600.0,0.0
2019-03-12,12,0,31,125.0,125.0,0.0,-125000.0,0.0
2019-03-12,12,0,32,3.8,3.8,0.0,168.520122,0.0
2019-03-12,12,0,33,3.19,3.19,0.0,25.354673,0.0
2019-03-12,12,0,34,5.1,5.1,0.0,40.535684,0.0
2019-03-12,12,0,35,5.1,5.1,0.0,40.535684,0.0
2019-03-12,12,0,36,12.77,12.77,0.0,-151.492118,0.0
2019-03-12,12,0,37,6.16,6.16,0.0,-73.477618,0.0
2019-03-12,12,0,38,7.92,7.92,0.0,-94.471224,0.0
2019-03-12,12,0,39,5.28,5.28,0.0,-62.980816,0.0
2019-03-12,12,0,40,5.28,5.28,0.0,-62.980816,0.0
2019-03-12,12,0,41,34.8,34.8,0.0,-1200.769145,0.0
2019-03-12,12,0,42,76.99,76.99,0.0,-132.032005,0.0
2019-03-12,12,0,43,37.97,37.97,0.0,-380.865606,0.0
2019-03-12,12,0,46,29.91,29.91,0.0,-426.700054,0.0
2019-03-12,12,0,52,132.5,132.5,0.0,-132500.0,0.0
2019-03-12,12,0,53,210.5,210.5,0.0,-210500.0,0.0
2019-03-12,12,0,55,623.0,623.0,0.0,-255224.705717,0.0
2019-03-12,12,0,56,184.53,184.53,0.0,-184530.0,0.0
2019-03-12,12,0,57,175.53,175.53,0.0,-175530.0,0.0
2019-03-12,12,0,58,337.55,337.55,0.0,-337550.0,0.0
2019-03-12,12,0,59,331.93,331.93,0.0,-331930.0,0.0
2019-03-12,12,0,63,51.0,51.0,0.0,5963.731975,0.0
2019-03-12,12,0,64,60.0,60.0,0.0,7016.155264,0.0
2019-03-12,12,0,65,41.4,41.4,0.0,-12.968143,0.0
2019-03-12,12,0,67,363.29,363.29,0.0,-199640.923132,0.0
2019-03-12,12,0,68,34.0,34.0,0.0,-13682.855768,0.0
2019-03-12,12,0,69,3.19,3.19,0.0,25.354673,0.0
2019-03-12,12,0,74,217.6,217.6,0.0,-2098.010764,0.0
2019-03-12,12,0,77,60.0,60.0,0.0,-16697.353271,0.0
2019-03-12,12,0,78,45.36,45.36,0.0,-12623.199073,0.0
2019-03-12,12,0,79,26.25,26.25,0.0,-7305.092056,0.0
2019-03-12,12,0,80,42.45,42.45,0.0,-11813.377439,0.0
2019-03-12,12,0,81,55.5,55.5,0.0,-15445.051776,0.0
2019-03-12,12,0,82,39.15,39.15,0.0,-10895.02301,0.0
2019-03-12,12,0,83,87.3,87.3,0.0,-24294.64901,0.0
2019-03-12,12,0,84,0.0,0.0,0.0,-0.0,0.0
2019-03-12,12,0,86,16.14,16.14,0.0,128.283518,0.0
2019-03-12,12,0,87,82.42,82.42,0.0,655.088449,0.0
2019-03-12,12,0,88,51.18,51.18,0.0,-14242.84234,0.0
2019-03-12,12,0,89,49.2,49.2,0.0,-13691.829682,0.0
2019-03-12,12,0,90,66.06,66.06,0.0,-18383.785952,0.0
2019-03-12,12,0,91,235.65,235.65,0.0,-65578.854973,0.0
2019-03-12,12,0,92,84.75,84.75,0.0,-23585.011496,0.0
2019-03-12,12,0,95,120.0,120.0,0.0,3049.643213,0.0
2019-03-12,12,0,96,29.88,29.88,0.0,199.543456,0.0
2019-03-12,12,0,97,183.76,183.76,0.0,1227.178897,0.0
2019-03-12,12,0,99,42.0,42.0,0.0,-404.94693,0.0
2019-03-12,12,0,101,12.6,12.6,0.0,-12600.0,0.0
2019-03-12,12,0,102,80.5,80.5,0.0,-32396.173216,0.0
2019-03-12,12,0,103,70.0,70.0,0.0,-28170.585405,0.0
2019-03-12,12,0,104,13.0,13.0,0.0,-5231.680147,0.0
2019-03-12,12,0,106,271.24,271.24,0.0,-111119.019549,0.0
2019-03-12,12,0,109,60.0,60.0,0.0,-1103.834893,0.0
2019-03-12,12,0,110,338.6,338.6,0.0,-338600.0,0.0
2019-03-12,12,0,111,15.82,15.82,0.0,-545.866893,0.0
2019-03-12,12,0,113,45.0,45.0,0.0,-11423.697059,0.0
2019-03-12,12,0,115,45.0,45.0,0.0,-11423.697059,0.0
2019-03-12,12,0,116,101.89,101.89,0.0,-101890.0,0.0
2019-03-12,12,0,117,3.0,3.0,0.0,-761.579804,0.0
2019-03-12,12,0,119,60.0,60.0,0.0,7016.155264,0.0
2019-03-12,12,0,120,35.28,35.28,0.0,4125.499295,0.0
2019-03-12,12,0,123,4.52,4.52,0.0,-1851.710545,0.0
2019-03-12,12,0,125,70.73,70.73,0.0,-28975.992673,0.0
2019-03-12,12,0,126,203.43,203.43,0.0,-83339.264661,0.0
2019-03-12,12,0,127,261.07,261.07,0.0,-106952.670821,0.0
2019-03-12,12,0,128,96.96,96.96,0.0,-39721.649224,0.0
2019-03-12,12,0,131,30.0,30.0,0.0,-10894.539368,0.0
2019-03-12,12,0,132,44.1,44.1,0.0,-16014.972871,0.0
2019-03-12,12,0,133,41.94,41.94,0.0,1.538,0.0
2019-03-12,12,0,134,0.0,0.0,0.0,0.0,0.0
2019-03-12,12,0,135,56.2,56.2,0.0,2.060934,0.0
2019-03-12,12,0,136,45.9,45.9,0.0,-15.183519,0.0
2019-03-12,12,0,139,44.94,44.94,0.0,-1550.64843,0.0
2019-03-12,12,0,140,250.6,250.6,0.0,-250600.0,0.0
2019-03-12,12,0,141,230.0,230.0,0.0,-126393.273474,0.0
2019-03-12,12,0,142,479.1,479.1,0.0,-263282.684007,0.0
2019-03-12,12,0,143,238.5,238.5,0.0,-238500.0,0.0
2019-03-12,12,0,145,56.25,56.25,0.0,-1725.660493,0.0
2019-03-12,12,0,146,201.33,201.33,0.0,-201330.0,0.0
2019-03-12,12,0,152,9.74,9.74,0.0,-86.366758,0.0
2019-03-12,12,0,153,12.1,12.1,0.0,-112.094073,0.0
2019-03-12,12,0,154,65.27,65.27,0.0,-2252.132243,0.0
2019-03-12,12,0,157,114.97,114.97,0.0,-63180.150658,0.0
2019-03-12,12,0,158,232.84,232.84,0.0,-127953.955634,0.0
2019-03-12,12,0,159,0.0,0.0,0.0,-0.0,0.0
2019-03-12,12,0,160,3.01,3.01,0.0,-12.819241,0.0
2019-03-12,12,0,161,66.73,66.73,0.0,-26854.61663,0.0
2019-03-12,12,0,162,162.5,162.5,0.0,4264.066361,0.0
2019-03-12,12,0,163,154.44,154.44,0.0,-154440.0,0.0
2019-03-12,12,0,164,24.12,24.12,0.0,-24120.0,0.0
2019-03-12,12,0,167,4.66,4.66,0.0,104.546087,0.0
2019-03-12,12,0,168,2.33,2.33,0.0,52.273043,0.0
2019-03-12,12,0,169,0.0,0.0,0.0,0.0,0.0
2019-03-12,12,0,170,5.1,5.1,0.0,114.417391,0.0
2019-03-12,12,0,172,6.44,6.44,0.0,89.494516,0.0
2019-03-12,12,0,173,9.82,9.82,0.0,136.465241,0.0
2019-03-12,12,0,188,7.55,7.55,0.0,191.119402,0.0
2019-03-12,12,0,190,9.9,9.9,0.0,321.032815,0.0
2019-03-12,12,0,191,25.57,25.57,0.0,829.172636,0.0
2019-03-12,12,0,192,327.71,327.71,0.0,10626.834743,0.0
2019-03-12,12,0,194,52.95,52.95,0.0,-6437.28002,0.0
2019-03-12,12,0,196,6.43,6.43,0.0,1750.366119,0.0
2019-03-12,12,0,198,13.01,13.01,0.0,64.735074,0.0
2019-03-12,12,0,199,113.69,113.69,0.0,-2939.25258,0.0
2019-03-12,12,0,200,20.8,20.8,0.0,-537.746976,0.0
2019-03-12,12,0,204,257.1,257.1,0.0,-4952.172884,0.0
2019-03-12,12,0,205,317.4,317.4,0.0,-5839.286582,0.0
2019-03-12,12,0,206,539.95,539.95,0.0,3605.873125,0.0
2019-03-12,12,0,210,2.96,2.96,0.0,18.305925,0.0
2019-03-12,12,0,214,16.77,16.77,0.0,211.900208,0.0
2019-03-12,12,0,217,11.11,11.11,0.0,111.951894,0.0
2019-03-12,12,0,218,15.33,15.33,0.0,154.475475,0.0
2019-03-12,12,0,219,10.44,10.44,0.0,105.200519,0.0
2019-03-12,12,0,221,8.94,8.94,0.0,112.962902,0.0
2019-03-12,12,0,225,8.29,8.29,0.0,36.974438,0.0
2019-03-12,12,0,233,9.13,9.13,0.0,72.566823,0.0
2019-03-12,12,0,236,159.03,159.03,0.0,-686.750058,0.0
2019-03-12,12,0,237,522.0,522.0,0.0,-5032.91185,0.0
2019-03-12,12,0,238,100.21,100.21,0.0,-171.852542,0.0
2019-03-12,12,0,240,14.47,14.47,0.0,-171.659433,0.0
2019-03-12,12,0,245,78.0,78.0,0.0,92.233395,0.0
2019-03-12,12,0,247,171.72,171.72,0.0,203.055368,0.0
2019-03-12,12,0,248,52.4,52.4,0.0,-505.219504,0.0
2019-03-12,12,0,249,150.0,150.0,0.0,177.371914,0.0
2019-03-12,12,0,251,326.4,326.4,0.0,-273.611645,0.0
2019-03-12,12,0,252,267.06,267.06,0.0,-83.653918,0.0
2019-03-12,12,0,254,21.37,21.37,0.0,-183.404723,0.0
2019-03-12,12,0,255,9.79,9.79,0.0,-84.021162,0.0
2019-03-12,12,0,258,17.59,17.59,0.0,-203.466589,0.0
2019-03-12,12,0,260,7.31,7.31,0.0,-31.132442,0.0
2019-03-12,12,0,265,67.58,67.58,0.0,-2331.838471,0.0
2019-03-12,12,0,266,29.1,29.1,0.0,-1004.09144,0.0
2019-03-12,12,0,267,35.76,35.76,0.0,-1233.893811,0.0
2019-03-12,12,0,270,482.31,482.31,0.0,-482310.0,0.0
2019-03-12,12,0,272,150.39,150.39,0.0,-38177.995571,0.0
2019-03-12,12,0,273,24.37,24.37,0.0,-24370.0,0.0
2019-03-12,12,0,274,621.76,621.76,0.0,-621760.0,0.0
2019-03-12,12,0,275,865.5,865.5,0.0,-865500.0,0.0
2019-03-12,12,0,276,6.4,6.4,0.0,-5756.293702,0.0
2019-03-12,12,0,277,9.08,9.08,0.0,-2393.978591,0.0
2019-03-12,12,0,278,14.52,14.52,0.0,-3828.256513,0.0
2019-03-12,12,0,279,264.6,264.6,0.0,-69762.856299,0.0
2019-03-12,12,0,281,56.1,56.1,0.0,-56100.0,0.0
2019-03-12,12,0,282,343.18,343.18,0.0,-343180.0,0.0
2019-03-12,13,0,9,3.38,3.38,0.0,-1289.447871,0.0
2019-03-12,13,0,17,60.92,60.92,0.0,630.351719,0.0
2019-03-12,13,0,19,192.99,192.99,0.0,1996.907062,0.0
2019-03-12,13,0,20,234.06,234.06,0.0,2421.866765,0.0
2019-03-12,13,0,21,77.38,77.38,0.0,-29519.963382,0.0
2019-03-12,13,0,22,275.01,275.01,0.0,-104914.51447,0.0
2019-03-12,13,0,23,90.35,90.35,0.0,-34467.933466,0.0
2019-03-12,13,0,24,157.79,157.79,0.0,-60195.851926,0.0
2019-03-12,13,0,29,10.45,10.45,0.0,66.848072,0.0
2019-03-12,13,0,30,688.19,688.19,0.0,-688190.0,0.0
2019-03-12,13,0,31,125.0,125.0,0.0,-125000.0,0.0
2019-03-12,13,0,32,5.58,5.58,0.0,225.440462,0.0
2019-03-12,13,0,33,3.67,3.67,0.0,43.673261,0.0
2019-03-12,13,0,34,5.86,5.86,0.0,69.734416,0.0
2019-03-12,13,0,35,5.86,5.86,0.0,69.734416,0.0
2019-03-12,13,0,36,13.62,13.62,0.0,113.985031,0.0
2019-03-12,13,0,37,6.4,6.4,0.0,53.990256,0.0
2019-03-12,13,0,38,8.23,8.23,0.0,69.428095,0.0
2019-03-12,13,0,39,5.49,5.49,0.0,46.313517,0.0
2019-03-12,13,0,40,5.49,5.49,0.0,46.313517,0.0
2019-03-12,13,0,41,0.0,0.0,0.0,0.0,0.0
2019-03-12,13,0,42,87.02,87.02,0.0,871.122229,0.0
2019-03-12,13,0,43,43.83,43.83,0.0,378.389137,0.0
2019-03-12,13,0,46,30.65,30.65,0.0,260.637785,0.0
2019-03-12,13,0,52,132.5,132.5,0.0,-132500.0,0.0
2019-03-12,13,0,53,210.5,210.5,0.0,-210500.0,0.0
2019-03-12,13,0,55,0.0,0.0,0.0,-0.0,0.0
2019-03-12,13,0,56,202.99,202.99,0.0,-202990.0,0.0
2019-03-12,13,0,57,193.09,193.09,0.0,-193090.0,0.0
2019-03-12,13,0,58,371.33,371.33,0.0,-371330.0,0.0
2019-03-12,13,0,59,365.14,365.14,0.0,-365140.0,0.0
2019-03-12,13,0,63,51.0,51.0,0.0,5700.265925,0.0
2019-03-12,13,0,64,60.0,60.0,0.0,6706.195206,0.0
2019-03-12,13,0,65,41.4,41.4,0.0,425.785589,0.0
2019-03-12,13,0,67,386.83,386.83,0.0,-215433.581983,0.0
2019-03-12,13,0,68,34.0,34.0,0.0,-14015.920852,0.0
2019-03-12,13,0,69,3.67,3.67,0.0,43.673261,0.0
2019-03-12,13,0,74,217.6,217.6,0.0,1788.643652,0.0
2019-03-12,13,0,77,60.0,60.0,0.0,-17491.683202,0.0
2019-03-12,13,0,78,45.36,45.36,0.0,-13223.712501,0.0
2019-03-12,13,0,79,26.25,26.25,0.0,-7652.611401,0.0
2019-03-12,13,0,80,42.45,42.45,0.0,-12375.365865,0.0
2019-03-12,13,0,81,55.5,55.5,0.0,-16179.806962,0.0
2019-03-12,13,0,82,39.15,39.15,0.0,-11413.323289,0.0
2019-03-12,13,0,83,87.3,87.3,0.0,-25450.399059,0.0
2019-03-12,13,0,84,0.0,0.0,0.0,0.0,0.0
2019-03-12,13,0,86,18.57,18.57,0.0,220.984319,0.0
2019-03-12,13,0,87,94.8,94.8,0.0,1128.126731,0.0
2019-03-12,13,0,88,51.18,51.18,0.0,-14920.405771,0.0
2019-03-12,13,0,89,49.2,49.2,0.0,-14343.180225,0.0
2019-03-12,13,0,90,66.06,66.06,0.0,-19258.343205,0.0
2019-03-12,13,0,91,235.65,235.65,0.0,-68698.585775,0.0
2019-03-12,13,0,92,84.75,84.75,0.0,-24707.002522,0.0
2019-03-12,13,0,95,120.0,120.0,0.0,3049.643213,0.0
2019-03-12,13,0,96,0.0,0.0,0.0,0.0,0.0
2019-03-12,13,0,97,0.0,0.0,0.0,0.0,0.0
2019-03-12,13,0,99,42.0,42.0,0.0,345.234528,0.0
2019-03-12,13,0,101,13.86,13.86,0.0,-13860.0,0.0
2019-03-12,13,0,102,80.5,80.5,0.0,-33184.753783,0.0
2019-03-12,13,0,103,70.0,70.0,0.0,-28856.307637,0.0
2019-03-12,13,0,104,13.0,13.0,0.0,-5359.028561,0.0
2019-03-12,13,0,106,270.72,270.72,0.0,-103277.907558,0.0
2019-03-12,13,0,109,0.0,0.0,0.0,0.0,0.0
2019-03-12,13,0,110,338.6,338.6,0.0,-338600.0,0.0
2019-03-12,13,0,111,21.38,21.38,0.0,-11.819476,0.0
2019-03-12,13,0,113,45.0,45.0,0.0,-11829.436116,0.0
2019-03-12,13,0,115,45.0,45.0,0.0,-11829.436116,0.0
2019-03-12,13,0,116,128.64,128.64,0.0,-128640.0,0.0
2019-03-12,13,0,117,3.0,3.0,0.0,-788.629074,0.0
2019-03-12,13,0,119,60.0,60.0,0.0,6706.195206,0.0
2019-03-12,13,0,120,35.28,35.28,0.0,3943.242781,0.0
2019-03-12,13,0,123,4.51,4.51,0.0,-1720.535472,0.0
2019-03-12,13,0,125,143.27,143.27,0.0,-54656.566991,0.0
2019-03-12,13,0,126,203.04,203.04,0.0,-77458.430668,0.0
2019-03-12,13,0,127,260.57,260.57,0.0,-99405.749011,0.0
2019-03-12,13,0,128,202.25,202.25,0.0,-77157.050841,0.0
2019-03-12,13,0,131,30.0,30.0,0.0,-11207.740956,0.0
2019-03-12,13,0,132,44.1,44.1,0.0,-16475.379206,0.0
2019-03-12,13,0,133,41.94,41.94,0.0,434.208846,0.0
2019-03-12,13,0,134,0.0,0.0,0.0,0.0,0.0
2019-03-12,13,0,135,56.2,56.2,0.0,581.843995,0.0
2019-03-12,13,0,136,45.9,45.9,0.0,471.90907,0.0
2019-03-12,13,0,139,0.0,0.0,0.0,0.0,0.0
2019-03-12,13,0,140,250.6,250.6,0.0,-250600.0,0.0
2019-03-12,13,0,141,230.0,230.0,0.0,-128091.729845,0.0
2019-03-12,13,0,142,510.13,510.13,0.0,-284101.887591,0.0
2019-03-12,13,0,143,238.5,238.5,0.0,-238500.0,0.0
2019-03-12,13,0,145,100.0,100.0,0.0,835.18516,0.0
2019-03-12,13,0,146,166.56,166.56,0.0,-166560.0,0.0
2019-03-12,13,0,152,10.25,10.25,0.0,89.789339,0.0
2019-03-12,13,0,153,12.6,12.6,0.0,109.519417,0.0
2019-03-12,13,0,154,88.19,88.19,0.0,-48.753955,0.0
2019-03-12,13,0,157,106.31,106.31,0.0,-59206.225217,0.0
2019-03-12,13,0,158,419.84,419.84,0.0,-233817.529819,0.0
2019-03-12,13,0,159,0.0,0.0,0.0,0.0,0.0
2019-03-12,13,0,160,3.36,3.36,0.0,30.542821,0.0
2019-03-12,13,0,161,77.5,77.5,0.0,-31948.054884,0.0
2019-03-12,13,0,162,162.5,162.5,0.0,4258.597921,0.0
2019-03-12,13,0,163,104.55,104.55,0.0,-104550.0,0.0
2019-03-12,13,0,164,23.03,23.03,0.0,-23030.0,0.0
2019-03-12,13,0,167,7.08,7.08,0.0,160.168654,0.0
2019-03-12,13,0,168,3.54,3.54,0.0,80.084327,0.0
2019-03-12,13,0,169,0.0,0.0,0.0,0.0,0.0
2019-03-12,13,0,170,7.75,7.75,0.0,175.325857,0.0
2019-03-12,13,0,172,9.12,9.12,0.0,134.930949,0.0
2019-03-12,13,0,173,13.9,13.9,0.0,205.651337,0.0
2019-03-12,13,0,188,11.1,11.1,0.0,255.474017,0.0
2019-03-12,13,0,190,11.62,11.62,0.0,376.808214,0.0
2019-03-12,13,0,191,30.03,30.03,0.0,973.79954,0.0
2019-03-12,13,0,192,332.6,332.6,0.0,10785.405497,0.0
2019-03-12,13,0,194,52.95,52.95,0.0,-6801.144387,0.0
2019-03-12,13,0,196,7.34,7.34,0.0,1941.739942,0.0
2019-03-12,13,0,198,14.73,14.73,0.0,140.062907,0.0
2019-03-12,13,0,199,73.53,73.53,0.0,-2115.308985,0.0
2019-03-12,13,0,200,23.64,23.64,0.0,-680.074859,0.0
2019-03-12,13,0,204,0.0,0.0,0.0,0.0,0.0
2019-03-12,13,0,205,0.0,0.0,0.0,0.0,0.0
2019-03-12,13,0,206,0.0,0.0,0.0,0.0,0.0
2019-03-12,13,0,210,3.2,3.2,0.0,21.967506,0.0
2019-03-12,13,0,214,18.3,18.3,0.0,234.385351,0.0
2019-03-12,13,0,217,12.35,12.35,0.0,126.363129,0.0
2019-03-12,13,0,218,17.04,17.04,0.0,174.350422,0.0
2019-03-12,13,0,219,11.61,11.61,0.0,118.791573,0.0
2019-03-12,13,0,221,9.76,9.76,0.0,125.00552,0.0
2019-03-12,13,0,225,9.36,9.36,0.0,59.452455,0.0
2019-03-12,13,0,233,10.51,10.51,0.0,125.069746,0.0
2019-03-12,13,0,236,319.85,319.85,0.0,3050.933983,0.0
2019-03-12,13,0,237,522.0,522.0,0.0,4290.771996,0.0
2019-03-12,13,0,238,113.27,113.27,0.0,1133.900424,0.0
2019-03-12,13,0,240,15.44,15.44,0.0,129.216511,0.0
2019-03-12,13,0,245,78.0,78.0,0.0,825.017037,0.0
2019-03-12,13,0,247,171.72,171.72,0.0,1816.306737,0.0
2019-03-12,13,0,248,52.4,52.4,0.0,430.721174,0.0
2019-03-12,13,0,249,150.0,150.0,0.0,1586.571224,0.0
2019-03-12,13,0,251,326.4,326.4,0.0,3323.409435,0.0
2019-03-12,13,0,252,267.06,267.06,0.0,2746.62559,0.0
2019-03-12,13,0,254,24.71,24.71,0.0,216.157893,0.0
2019-03-12,13,0,255,11.32,11.32,0.0,99.024984,0.0
2019-03-12,13,0,258,19.31,19.31,0.0,162.42818,0.0
2019-03-12,13,0,260,8.15,8.15,0.0,74.084522,0.0
2019-03-12,13,0,265,91.3,91.3,0.0,-50.473252,0.0
2019-03-12,13,0,266,0.0,0.0,0.0,0.0,0.0
2019-03-12,13,0,267,0.0,0.0,0.0,0.0,0.0
2019-03-12,13,0,270,325.32,325.32,0.0,-325320.0,0.0
2019-03-12,13,0,272,150.39,150.39,0.0,-39533.9755,0.0
2019-03-12,13,0,273,30.76,30.76,0.0,-30760.0,0.0
2019-03-12,13,0,274,419.18,419.18,0.0,-419180.0,0.0
2019-03-12,13,0,275,583.24,583.24,0.0,-583240.0,0.0
2019-03-12,13,0,276,7.57,7.57,0.0,-6821.09774,0.0
2019-03-12,13,0,277,10.07,10.07,0.0,-2762.838281,0.0
2019-03-12,13,0,278,16.12,16.12,0.0,-4422.736156,0.0
2019-03-12,13,0,279,378.16,378.16,0.0,-103753.219903,0.0
2019-03-12,13,0,281,56.1,56.1,0.0,-56100.0,0.0
2019-03-12,13,0,282,377.52,377.52,0.0,-377520.0,0.0
2019-03-12,14,0,9,3.52,3.52,0.0,-1356.285862,0.0
2019-03-12,14,0,17,62.47,62.47,0.0,1439.965259,0.0
2019-03-12,14,0,19,192.99,192.99,0.0,4448.517613,0.0
2019-03-12,14,0,20,234.06,234.06,0.0,5395.201993,0.0
2019-03-12,14,0,21,80.5,80.5,0.0,-31017.332924,0.0
2019-03-12,14,0,22,286.08,286.08,0.0,-110229.050969,0.0
2019-03-12,14,0,23,0.0,0.0,0.0,-0.0,0.0
2019-03-12,14,0,24,0.0,0.0,0.0,-0.0,0.0
2019-03-12,14,0,29,10.49,10.49,0.0,54.759984,0.0
2019-03-12,14,0,30,734.9,734.9,0.0,-734900.0,0.0
2019-03-12,14,0,31,125.0,125.0,0.0,-125000.0,0.0
2019-03-12,14,0,32,5.52,5.52,0.0,218.313047,0.0
2019-03-12,14,0,33,3.73,3.73,0.0,95.832728,0.0
2019-03-12,14,0,34,5.98,5.98,0.0,153.640673,0.0
2019-03-12,14,0,35,5.98,5.98,0.0,153.640673,0.0
2019-03-12,14,0,36,14.13,14.13,0.0,107.34487,0.0
2019-03-12,14,0,37,6.48,6.48,0.0,50.24475,0.0
2019-03-12,14,0,38,8.33,8.33,0.0,64.589315,0.0
2019-03-12,14,0,39,5.55,5.55,0.0,43.033698,0.0
2019-03-12,14,0,40,5.55,5.55,0.0,43.033698,0.0
2019-03-12,14,0,41,0.0,0.0,0.0,-0.0,0.0
2019-03-12,14,0,42,90.17,90.17,0.0,2026.826337,0.0
2019-03-12,14,0,43,44.91,44.91,0.0,388.551944,0.0
2019-03-12,14,0,46,31.08,31.08,0.0,231.150504,0.0
2019-03-12,14,0,52,132.5,132.5,0.0,-132500.0,0.0
2019-03-12,14,0,53,210.5,210.5,0.0,-210500.0,0.0
2019-03-12,14,0,55,0.0,0.0,0.0,-0.0,0.0
2019-03-12,14,0,56,216.77,216.77,0.0,-216770.0,0.0
2019-03-12,14,0,57,206.2,206.2,0.0,-206200.0,0.0
2019-03-12,14,0,58,396.53,396.53,0.0,-396530.0,0.0
2019-03-12,14,0,59,389.92,389.92,0.0,-389920.0,0.0
2019-03-12,14,0,63,51.0,51.0,0.0,5696.352305,0.0
2019-03-12,14,0,64,60.0,60.0,0.0,6701.590948,0.0
2019-03-12,14,0,65,41.4,41.4,0.0,949.886872,0.0
2019-03-12,14,0,67,393.33,393.33,0.0,-218525.82122,0.0
2019-03-12,14,0,68,19.16,19.16,0.0,-7864.281172,0.0
2019-03-12,14,0,69,3.73,3.73,0.0,95.832728,0.0
2019-03-12,14,0,74,217.6,217.6,0.0,3104.09423,0.0
2019-03-12,14,0,77,60.0,60.0,0.0,-17343.441248,0.0
2019-03-12,14,0,78,45.36,45.36,0.0,-13111.641583,0.0
2019-03-12,14,0,79,26.25,26.25,0.0,-7587.755546,0.0
2019-03-12,14,0,80,42.45,42.45,0.0,-12270.484683,0.0
2019-03-12,14,0,81,55.5,55.5,0.0,-16042.683154,0.0
2019-03-12,14,0,82,39.15,39.15,0.0,-11316.595414,0.0
2019-03-12,14,0,83,87.3,87.3,0.0,-25234.707015,0.0
2019-03-12,14,0,84,0.0,0.0,0.0,-0.0,0.0
2019-03-12,14,0,86,18.92,18.92,0.0,486.100592,0.0
2019-03-12,14,0,87,96.6,96.6,0.0,2481.887799,0.0
2019-03-12,14,0,88,51.18,51.18,0.0,-14793.955384,0.0
2019-03-12,14,0,89,49.2,49.2,0.0,-14221.621823,0.0
2019-03-12,14,0,90,66.06,66.06,0.0,-19095.128814,0.0
2019-03-12,14,0,91,235.65,235.65,0.0,-68116.3655,0.0
2019-03-12,14,0,92,84.75,84.75,0.0,-24497.610762,0.0
2019-03-12,14,0,95,120.0,120.0,0.0,3049.643213,0.0
2019-03-12,14,0,96,0.0,0.0,0.0,0.0,0.0
2019-03-12,14,0,97,0.0,0.0,0.0,0.0,0.0
2019-03-12,14,0,99,42.0,42.0,0.0,599.135835,0.0
2019-03-12,14,0,101,14.8,14.8,0.0,-14800.0,0.0
2019-03-12,14,0,102,45.25,45.25,0.0,-18573.002246,0.0
2019-03-12,14,0,103,39.36,39.36,0.0,-16155.433556,0.0
2019-03-12,14,0,104,7.37,7.37,0.0,-3025.039261,0.0
2019-03-12,14,0,106,281.62,281.62,0.0,-108510.575132,0.0
2019-03-12,14,0,109,0.0,0.0,0.0,0.0,0.0
2019-03-12,14,0,110,338.6,338.6,0.0,-338600.0,0.0
2019-03-12,14,0,111,22.32,22.32,0.0,-81.982354,0.0
2019-03-12,14,0,113,45.0,45.0,0.0,-11762.426567,0.0
2019-03-12,14,0,115,45.0,45.0,0.0,-11762.426567,0.0
2019-03-12,14,0,116,133.49,133.49,0.0,-133490.0,0.0
2019-03-12,14,0,117,3.0,3.0,0.0,-784.161771,0.0
2019-03-12,14,0,119,60.0,60.0,0.0,6701.590948,0.0
2019-03-12,14,0,120,35.28,35.28,0.0,3940.535477,0.0
2019-03-12,14,0,123,4.69,4.69,0.0,-1807.096788,0.0
2019-03-12,14,0,125,0.0,0.0,0.0,-0.0,0.0
2019-03-12,14,0,126,211.22,211.22,0.0,-81384.857892,0.0
2019-03-12,14,0,127,271.06,271.06,0.0,-104441.717546,0.0
2019-03-12,14,0,128,0.0,0.0,0.0,-0.0,0.0
2019-03-12,14,0,131,30.0,30.0,0.0,-11150.83418,0.0
2019-03-12,14,0,132,44.1,44.1,0.0,-16391.726245,0.0
2019-03-12,14,0,133,41.94,41.94,0.0,967.158674,0.0
2019-03-12,14,0,134,0.0,0.0,0.0,0.0,0.0
2019-03-12,14,0,135,56.2,56.2,0.0,1296.001848,0.0
2019-03-12,14,0,136,45.9,45.9,0.0,1052.867384,0.0
2019-03-12,14,0,139,0.0,0.0,0.0,-0.0,0.0
2019-03-12,14,0,140,250.6,250.6,0.0,-250600.0,0.0
2019-03-12,14,0,141,230.0,230.0,0.0,-127783.13091,0.0
2019-03-12,14,0,142,518.71,518.71,0.0,-288184.294931,0.0
2019-03-12,14,0,143,238.5,238.5,0.0,-238500.0,0.0
2019-03-12,14,0,145,0.0,0.0,0.0,0.0,0.0
2019-03-12,14,0,146,268.0,268.0,0.0,-268000.0,0.0
2019-03-12,14,0,152,10.56,10.56,0.0,248.397104,0.0
2019-03-12,14,0,153,12.91,12.91,0.0,304.858807,0.0
2019-03-12,14,0,154,92.07,92.07,0.0,-338.17721,0.0
2019-03-12,14,0,157,250.0,250.0,0.0,-138894.707511,0.0
2019-03-12,14,0,158,431.04,431.04,0.0,-239476.698901,0.0
2019-03-12,14,0,159,0.0,0.0,0.0,0.0,0.0
2019-03-12,14,0,160,3.47,3.47,0.0,38.241355,0.0
2019-03-12,14,0,161,79.5,79.5,0.0,-32631.020521,0.0
2019-03-12,14,0,162,162.5,162.5,0.0,4260.320856,0.0
2019-03-12,14,0,163,130.61,130.61,0.0,-130610.0,0.0
2019-03-12,14,0,164,23.42,23.42,0.0,-23420.0,0.0
2019-03-12,14,0,167,6.95,6.95,0.0,157.364299,0.0
2019-03-12,14,0,168,3.48,3.48,0.0,78.795361,0.0
2019-03-12,14,0,169,0.0,0.0,0.0,0.0,0.0
2019-03-12,14,0,170,7.6,7.6,0.0,172.081824,0.0
2019-03-12,14,0,172,8.99,8.99,0.0,118.153815,0.0
2019-03-12,14,0,173,13.7,13.7,0.0,180.056426,0.0
2019-03-12,14,0,188,11.09,11.09,0.0,245.790549,0.0
2019-03-12,14,0,190,12.1,12.1,0.0,392.373441,0.0
2019-03-12,14,0,191,31.25,31.25,0.0,1013.36116,0.0
2019-03-12,14,0,192,332.6,332.6,0.0,10785.405497,0.0
2019-03-12,14,0,194,52.95,52.95,0.0,-6753.521377,0.0
2019-03-12,14,0,196,7.55,7.55,0.0,2000.251449,0.0
2019-03-12,14,0,198,15.16,15.16,0.0,208.447261,0.0
2019-03-12,14,0,199,130.0,130.0,0.0,-3211.657988,0.0
2019-03-12,14,0,200,23.91,23.91,0.0,-590.698019,0.0
2019-03-12,14,0,204,0.0,0.0,0.0,0.0,0.0
2019-03-12,14,0,205,0.0,0.0,0.0,0.0,0.0
2019-03-12,14,0,206,0.0,0.0,0.0,0.0,0.0
2019-03-12,14,0,210,3.19,3.19,0.0,20.551506,0.0
2019-03-12,14,0,214,18.54,18.54,0.0,501.514037,0.0
2019-03-12,14,0,217,12.21,12.21,0.0,218.8788,0.0
2019-03-12,14,0,218,16.86,16.86,0.0,302.235591,0.0
2019-03-12,14,0,219,11.48,11.48,0.0,205.79268,0.0
2019-03-12,14,0,221,9.89,9.89,0.0,267.528254,0.0
2019-03-12,14,0,225,9.49,9.49,0.0,48.419592,0.0
2019-03-12,14,0,233,10.71,10.71,0.0,275.165821,0.0
2019-03-12,14,0,236,159.05,159.05,0.0,3574.013019,0.0
2019-03-12,14,0,237,522.0,522.0,0.0,7446.40252,0.0
2019-03-12,14,0,238,117.37,117.37,0.0,2638.223436,0.0
2019-03-12,14,0,240,16.02,16.02,0.0,121.703101,0.0
2019-03-12,14,0,245,78.0,78.0,0.0,1828.452809,0.0
2019-03-12,14,0,247,171.72,171.72,0.0,4025.409184,0.0
2019-03-12,14,0,248,52.4,52.4,0.0,747.49328,0.0
2019-03-12,14,0,249,150.0,150.0,0.0,3516.255402,0.0
2019-03-12,14,0,251,0.0,0.0,0.0,0.0,0.0
2019-03-12,14,0,252,267.06,267.06,0.0,6127.458649,0.0
2019-03-12,14,0,254,24.78,24.78,0.0,229.120837,0.0
2019-03-12,14,0,255,11.36,11.36,0.0,105.036833,0.0
2019-03-12,14,0,258,20.12,20.12,0.0,156.278347,0.0
2019-03-12,14,0,260,8.42,8.42,0.0,92.793143,0.0
2019-03-12,14,0,265,95.33,95.33,0.0,-350.151336,0.0
2019-03-12,14,0,266,0.0,0.0,0.0,-0.0,0.0
2019-03-12,14,0,267,0.0,0.0,0.0,-0.0,0.0
2019-03-12,14,0,270,454.05,454.05,0.0,-454050.0,0.0
2019-03-12,14,0,272,150.39,150.39,0.0,-39310.029588,0.0
2019-03-12,14,0,273,31.92,31.92,0.0,-31920.0,0.0
2019-03-12,14,0,274,605.65,605.65,0.0,-605650.0,0.0
2019-03-12,14,0,275,880.86,880.86,0.0,-880860.0,0.0
2019-03-12,14,0,276,7.78,7.78,0.0,-7007.99164,0.0
2019-03-12,14,0,277,10.38,10.38,0.0,-2828.3491,0.0
2019-03-12,14,0,278,16.6,16.6,0.0,-4523.178715,0.0
2019-03-12,14,0,279,264.6,264.6,0.0,-72098.378799,0.0
2019-03-12,14,0,281,56.1,56.1,0.0,-56100.0,0.0
2019-03-12,14,0,282,403.14,403.14,0.0,-403140.0,0.0
2019-03-12,15,0,9,3.38,3.38,0.0,-1304.06022,0.0
2019-03-12,15,0,17,60.67,60.67,0.0,1404.846428,0.0
2019-03-12,15,0,19,192.99,192.99,0.0,4468.787081,0.0
2019-03-12,15,0,20,234.06,234.06,0.0,5419.784984,0.0
2019-03-12,15,0,21,77.22,77.22,0.0,-29792.760418,0.0
2019-03-12,15,0,22,274.44,274.44,0.0,-105883.516823,0.0
2019-03-12,15,0,23,0.0,0.0,0.0,-0.0,0.0
2019-03-12,15,0,24,0.0,0.0,0.0,-0.0,0.0
2019-03-12,15,0,29,9.61,9.61,0.0,51.481233,0.0
2019-03-12,15,0,30,712.93,712.93,0.0,-712930.0,0.0
2019-03-12,15,0,31,125.0,125.0,0.0,-125000.0,0.0
2019-03-12,15,0,32,5.16,5.16,0.0,215.228623,0.0
2019-03-12,15,0,33,3.68,3.68,0.0,95.42409,0.0
2019-03-12,15,0,34,5.88,5.88,0.0,152.4711,0.0
2019-03-12,15,0,35,5.88,5.88,0.0,152.4711,0.0
2019-03-12,15,0,36,13.64,13.64,0.0,100.021237,0.0
2019-03-12,15,0,37,6.28,6.28,0.0,47.031346,0.0
2019-03-12,15,0,38,8.08,8.08,0.0,60.511668,0.0
2019-03-12,15,0,39,5.38,5.38,0.0,40.291185,0.0
2019-03-12,15,0,40,5.38,5.38,0.0,40.291185,0.0
2019-03-12,15,0,41,0.0,0.0,0.0,-0.0,0.0
2019-03-12,15,0,42,86.81,86.81,0.0,1957.915441,0.0
2019-03-12,15,0,43,42.38,42.38,0.0,357.290938,0.0
2019-03-12,15,0,46,29.79,29.79,0.0,212.163551,0.0
2019-03-12,15,0,52,132.5,132.5,0.0,-132500.0,0.0
2019-03-12,15,0,53,210.5,210.5,0.0,-210500.0,0.0
2019-03-12,15,0,55,0.0,0.0,0.0,-0.0,0.0
2019-03-12,15,0,56,210.29,210.29,0.0,-210290.0,0.0
2019-03-12,15,0,57,200.03,200.03,0.0,-200030.0,0.0
2019-03-12,15,0,58,384.67,384.67,0.0,-384670.0,0.0
2019-03-12,15,0,59,378.26,378.26,0.0,-378260.0,0.0
2019-03-12,15,0,63,51.0,51.0,0.0,5786.470499,0.0
2019-03-12,15,0,64,60.0,60.0,0.0,6807.612352,0.0
2019-03-12,15,0,65,41.4,41.4,0.0,954.013322,0.0
2019-03-12,15,0,67,371.89,371.89,0.0,-206306.697948,0.0
2019-03-12,15,0,68,34.0,34.0,0.0,-13918.109905,0.0
2019-03-12,15,0,69,3.68,3.68,0.0,95.42409,0.0
2019-03-12,15,0,74,217.6,217.6,0.0,3076.338558,0.0
2019-03-12,15,0,77,60.0,60.0,0.0,-17262.23015,0.0
2019-03-12,15,0,78,45.36,45.36,0.0,-13050.245993,0.0
2019-03-12,15,0,79,26.25,26.25,0.0,-7552.225691,0.0
2019-03-12,15,0,80,42.45,42.45,0.0,-12213.027831,0.0
2019-03-12,15,0,81,55.5,55.5,0.0,-15967.562889,0.0
2019-03-12,15,0,82,39.15,39.15,0.0,-11263.605173,0.0
2019-03-12,15,0,83,87.3,87.3,0.0,-25116.544868,0.0
2019-03-12,15,0,84,0.0,0.0,0.0,0.0,0.0
2019-03-12,15,0,86,18.63,18.63,0.0,483.084455,0.0
2019-03-12,15,0,87,95.12,95.12,0.0,2466.50528,0.0
2019-03-12,15,0,88,0.0,0.0,0.0,-0.0,0.0
2019-03-12,15,0,89,0.0,0.0,0.0,-0.0,0.0
2019-03-12,15,0,90,0.0,0.0,0.0,-0.0,0.0
2019-03-12,15,0,91,0.0,0.0,0.0,-0.0,0.0
2019-03-12,15,0,92,0.0,0.0,0.0,-0.0,0.0
2019-03-12,15,0,95,120.0,120.0,0.0,3049.643213,0.0
2019-03-12,15,0,96,0.0,0.0,0.0,0.0,0.0
2019-03-12,15,0,97,0.0,0.0,0.0,0.0,0.0
2019-03-12,15,0,99,42.0,42.0,0.0,593.778582,0.0
2019-03-12,15,0,101,14.36,14.36,0.0,-14360.0,0.0
2019-03-12,15,0,102,80.5,80.5,0.0,-32953.171981,0.0
2019-03-12,15,0,103,70.0,70.0,0.0,-28654.932157,0.0
2019-03-12,15,0,104,13.0,13.0,0.0,-5321.630258,0.0
2019-03-12,15,0,106,270.16,270.16,0.0,-104232.221632,0.0
2019-03-12,15,0,109,0.0,0.0,0.0,0.0,0.0
2019-03-12,15,0,110,338.6,338.6,0.0,-338600.0,0.0
2019-03-12,15,0,111,21.77,21.77,0.0,-92.14469,0.0
2019-03-12,15,0,113,45.0,45.0,0.0,-11703.743664,0.0
2019-03-12,15,0,115,45.0,45.0,0.0,-11703.743664,0.0
2019-03-12,15,0,116,127.3,127.3,0.0,-127300.0,0.0
2019-03-12,15,0,117,3.0,3.0,0.0,-780.249578,0.0
2019-03-12,15,0,119,60.0,60.0,0.0,6807.612352,0.0
2019-03-12,15,0,120,35.28,35.28,0.0,4002.876063,0.0
2019-03-12,15,0,123,4.5,4.5,0.0,-1736.17485,0.0
2019-03-12,15,0,125,0.0,0.0,0.0,-0.0,0.0
2019-03-12,15,0,126,202.62,202.62,0.0,-78174.166224,0.0
2019-03-12,15,0,127,260.03,260.03,0.0,-100323.899138,0.0
2019-03-12,15,0,128,0.0,0.0,0.0,-0.0,0.0
2019-03-12,15,0,131,73.62,73.62,0.0,-27278.083151,0.0
2019-03-12,15,0,132,108.35,108.35,0.0,-40146.431804,0.0
2019-03-12,15,0,133,41.94,41.94,0.0,971.584737,0.0
2019-03-12,15,0,134,0.0,0.0,0.0,0.0,0.0
2019-03-12,15,0,135,56.2,56.2,0.0,1301.932813,0.0
2019-03-12,15,0,136,45.9,45.9,0.0,1057.428866,0.0
2019-03-12,15,0,139,0.0,0.0,0.0,-0.0,0.0
2019-03-12,15,0,140,250.6,250.6,0.0,-250600.0,0.0
2019-03-12,15,0,141,230.0,230.0,0.0,-127592.94557,0.0
2019-03-12,15,0,142,490.43,490.43,0.0,-272066.99259,0.0
2019-03-12,15,0,143,238.5,238.5,0.0,-238500.0,0.0
2019-03-12,15,0,145,0.0,0.0,0.0,0.0,0.0
2019-03-12,15,0,146,268.0,268.0,0.0,-268000.0,0.0
2019-03-12,15,0,152,10.27,10.27,0.0,241.575593,0.0
2019-03-12,15,0,153,12.5,12.5,0.0,295.12954,0.0
2019-03-12,15,0,154,89.79,89.79,0.0,-380.049228,0.0
2019-03-12,15,0,157,250.0,250.0,0.0,-138687.984315,0.0
2019-03-12,15,0,158,411.17,411.17,0.0,-228097.354043,0.0
2019-03-12,15,0,159,0.0,0.0,0.0,0.0,0.0
2019-03-12,15,0,160,3.31,3.31,0.0,36.180335,0.0
2019-03-12,15,0,161,75.79,75.79,0.0,-31025.104403,0.0
2019-03-12,15,0,162,162.5,162.5,0.0,4260.3767,0.0
2019-03-12,15,0,163,142.89,142.89,0.0,-142890.0,0.0
2019-03-12,15,0,164,22.87,22.87,0.0,-22870.0,0.0
2019-03-12,15,0,167,6.35,6.35,0.0,143.263054,0.0
2019-03-12,15,0,168,3.17,3.17,0.0,71.518721,0.0
2019-03-12,15,0,169,0.0,0.0,0.0,0.0,0.0
2019-03-12,15,0,170,6.94,6.94,0.0,156.574109,0.0
2019-03-12,15,0,172,8.36,8.36,0.0,121.179808,0.0
2019-03-12,15,0,173,12.73,12.73,0.0,184.523798,0.0
2019-03-12,15,0,188,10.43,10.43,0.0,248.045054,0.0
2019-03-12,15,0,190,11.59,11.59,0.0,375.835387,0.0
2019-03-12,15,0,191,29.94,29.94,0.0,970.88106,0.0
2019-03-12,15,0,192,332.6,332.6,0.0,10785.405497,0.0
2019-03-12,15,0,194,52.95,52.95,0.0,-6676.271742,0.0
2019-03-12,15,0,196,7.11,7.11,0.0,1898.447527,0.0
2019-03-12,15,0,198,14.52,14.52,0.0,201.377266,0.0
2019-03-12,15,0,199,130.0,130.0,0.0,-3100.280472,0.0
2019-03-12,15,0,200,22.63,22.63,0.0,-539.687285,0.0
2019-03-12,15,0,204,0.0,0.0,0.0,0.0,0.0
2019-03-12,15,0,205,0.0,0.0,0.0,0.0,0.0
2019-03-12,15,0,206,0.0,0.0,0.0,0.0,0.0
2019-03-12,15,0,210,3.03,3.03,0.0,20.041042,0.0
2019-03-12,15,0,214,17.59,17.59,0.0,481.339139,0.0
2019-03-12,15,0,217,11.53,11.53,0.0,209.582587,0.0
2019-03-12,15,0,218,15.91,15.91,0.0,289.198522,0.0
2019-03-12,15,0,219,10.84,10.84,0.0,197.04035,0.0
2019-03-12,15,0,221,9.38,9.38,0.0,256.677722,0.0
2019-03-12,15,0,225,8.78,8.78,0.0,45.968925,0.0
2019-03-12,15,0,233,10.54,10.54,0.0,273.30704,0.0
2019-03-12,15,0,236,179.56,179.56,0.0,4042.710031,0.0
2019-03-12,15,0,237,522.0,522.0,0.0,7379.819518,0.0
2019-03-12,15,0,238,112.99,112.99,0.0,2548.379976,0.0
2019-03-12,15,0,240,15.46,15.46,0.0,113.367179,0.0
2019-03-12,15,0,245,78.0,78.0,0.0,1838.181262,0.0
2019-03-12,15,0,247,171.72,171.72,0.0,4046.826747,0.0
2019-03-12,15,0,248,52.4,52.4,0.0,740.809469,0.0
2019-03-12,15,0,249,150.0,150.0,0.0,3534.963965,0.0
2019-03-12,15,0,251,0.0,0.0,0.0,0.0,0.0
2019-03-12,15,0,252,267.06,267.06,0.0,6154.077241,0.0
2019-03-12,15,0,254,23.81,23.81,0.0,215.670494,0.0
2019-03-12,15,0,255,10.91,10.91,0.0,98.822557,0.0
2019-03-12,15,0,258,19.3,19.3,0.0,144.947345,0.0
2019-03-12,15,0,260,8.03,8.03,0.0,87.772838,0.0
2019-03-12,15,0,265,92.97,92.97,0.0,-393.509041,0.0
2019-03-12,15,0,266,0.0,0.0,0.0,-0.0,0.0
2019-03-12,15,0,267,0.0,0.0,0.0,-0.0,0.0
2019-03-12,15,0,270,466.38,466.38,0.0,-466380.0,0.0
2019-03-12,15,0,272,150.39,150.39,0.0,-39113.911325,0.0
2019-03-12,15,0,273,30.44,30.44,0.0,-30440.0,0.0
2019-03-12,15,0,274,614.3,614.3,0.0,-614300.0,0.0
2019-03-12,15,0,275,881.73,881.73,0.0,-881730.0,0.0
2019-03-12,15,0,276,7.51,7.51,0.0,-6763.39715,0.0
2019-03-12,15,0,277,9.97,9.97,0.0,-2703.432839,0.0
2019-03-12,15,0,278,15.95,15.95,0.0,-4324.950229,0.0
2019-03-12,15,0,279,264.6,264.6,0.0,-71748.077152,0.0
2019-03-12,15,0,281,56.1,56.1,0.0,-56100.0,0.0
2019-03-12,15,0,282,391.08,391.08,0.0,-391080.0,0.0
2019-03-12,16,0,9,2.81,2.81,0.0,27.337634,0.0
2019-03-12,16,0,17,54.13,54.13,0.0,939.733733,0.0
2019-03-12,16,0,19,332.0,332.0,0.0,5763.746525,0.0
2019-03-12,16,0,20,419.03,419.03,0.0,7274.646706,0.0
2019-03-12,16,0,21,64.35,64.35,0.0,626.041542,0.0
2019-03-12,16,0,22,228.71,228.71,0.0,2225.049902,0.0
2019-03-12,16,0,23,0.0,0.0,0.0,0.0,0.0
2019-03-12,16,0,24,0.0,0.0,0.0,0.0,0.0
2019-03-12,16,0,29,8.39,8.39,0.0,53.562008,0.0
2019-03-12,16,0,30,490.52,490.52,0.0,4753.065624,0.0
2019-03-12,16,0,31,0.0,0.0,0.0,0.0,0.0
2019-03-12,16,0,32,5.79,5.79,0.0,561.610772,0.0
2019-03-12,16,0,33,3.17,3.17,0.0,60.871997,0.0
2019-03-12,16,0,34,5.07,5.07,0.0,97.35679,0.0
2019-03-12,16,0,35,5.07,5.07,0.0,97.35679,0.0
2019-03-12,16,0,36,11.92,11.92,0.0,166.532085,0.0
2019-03-12,16,0,37,5.75,5.75,0.0,79.615927,0.0
2019-03-12,16,0,38,7.39,7.39,0.0,102.323774,0.0
2019-03-12,16,0,39,4.93,4.93,0.0,68.262003,0.0
2019-03-12,16,0,40,4.93,4.93,0.0,68.262003,0.0
2019-03-12,16,0,41,0.0,0.0,0.0,0.0,0.0
2019-03-12,16,0,42,74.4,74.4,0.0,1261.93083,0.0
2019-03-12,16,0,43,35.06,35.06,0.0,484.596882,0.0
2019-03-12,16,0,46,26.12,26.12,0.0,348.660293,0.0
2019-03-12,16,0,52,0.0,0.0,0.0,0.0,0.0
2019-03-12,16,0,53,0.0,0.0,0.0,0.0,0.0
2019-03-12,16,0,55,0.0,0.0,0.0,0.0,0.0
2019-03-12,16,0,56,144.69,144.69,0.0,1402.024515,0.0
2019-03-12,16,0,57,137.63,137.63,0.0,1333.614168,0.0
2019-03-12,16,0,58,264.67,264.67,0.0,2564.612817,0.0
2019-03-12,16,0,59,260.26,260.26,0.0,2521.880574,0.0
2019-03-12,16,0,63,51.0,51.0,0.0,7941.351326,0.0
2019-03-12,16,0,64,60.0,60.0,0.0,9342.766266,0.0
2019-03-12,16,0,65,41.4,41.4,0.0,715.661824,0.0
2019-03-12,16,0,67,343.9,343.9,0.0,-185584.267536,0.0
2019-03-12,16,0,68,34.0,34.0,0.0,-13236.792406,0.0
2019-03-12,16,0,69,3.17,3.17,0.0,60.871997,0.0
2019-03-12,16,0,74,0.0,0.0,0.0,0.0,0.0
2019-03-12,16,0,77,0.0,0.0,0.0,-0.0,0.0
2019-03-12,16,0,78,0.0,0.0,0.0,-0.0,0.0
2019-03-12,16,0,79,0.0,0.0,0.0,-0.0,0.0
2019-03-12,16,0,80,0.0,0.0,0.0,-0.0,0.0
2019-03-12,16,0,81,0.0,0.0,0.0,-0.0,0.0
2019-03-12,16,0,82,0.0,0.0,0.0,-0.0,0.0
2019-03-12,16,0,83,0.0,0.0,0.0,-0.0,0.0
2019-03-12,16,0,84,0.0,0.0,0.0,0.0,0.0
2019-03-12,16,0,86,16.05,16.05,0.0,308.200489,0.0
2019-03-12,16,0,87,81.94,81.94,0.0,1573.454707,0.0
2019-03-12,16,0,88,0.0,0.0,0.0,-0.0,0.0
2019-03-12,16,0,89,0.0,0.0,0.0,-0.0,0.0
2019-03-12,16,0,90,0.0,0.0,0.0,-0.0,0.0
2019-03-12,16,0,91,0.0,0.0,0.0,-0.0,0.0
2019-03-12,16,0,92,0.0,0.0,0.0,-0.0,0.0
2019-03-12,16,0,95,120.0,120.0,0.0,2691.568394,0.0
2019-03-12,16,0,96,0.0,0.0,0.0,0.0,0.0
2019-03-12,16,0,97,0.0,0.0,0.0,0.0,0.0
2019-03-12,16,0,99,0.0,0.0,0.0,0.0,0.0
2019-03-12,16,0,101,9.88,9.88,0.0,95.735726,0.0
2019-03-12,16,0,102,80.5,80.5,0.0,-31340.052607,0.0
2019-03-12,16,0,103,70.0,70.0,0.0,-27252.219659,0.0
2019-03-12,16,0,104,13.0,13.0,0.0,-5061.126508,0.0
2019-03-12,16,0,106,225.14,225.14,0.0,2190.318459,0.0
2019-03-12,16,0,109,0.0,0.0,0.0,0.0,0.0
2019-03-12,16,0,110,338.6,338.6,0.0,-338600.0,0.0
2019-03-12,16,0,111,20.56,20.56,0.0,244.026388,0.0
2019-03-12,16,0,113,0.0,0.0,0.0,-0.0,0.0
2019-03-12,16,0,115,0.0,0.0,0.0,-0.0,0.0
2019-03-12,16,0,116,127.96,127.96,0.0,-127960.0,0.0
2019-03-12,16,0,117,0.0,0.0,0.0,-0.0,0.0
2019-03-12,16,0,119,60.0,60.0,0.0,9342.766266,0.0
2019-03-12,16,0,120,35.28,35.28,0.0,5493.546565,0.0
2019-03-12,16,0,123,3.75,3.75,0.0,36.482607,0.0
2019-03-12,16,0,125,0.0,0.0,0.0,0.0,0.0
2019-03-12,16,0,126,168.86,168.86,0.0,1642.787488,0.0
2019-03-12,16,0,127,216.7,216.7,0.0,2108.208271,0.0
2019-03-12,16,0,128,0.0,0.0,0.0,0.0,0.0
2019-03-12,16,0,131,0.0,0.0,0.0,-0.0,0.0
2019-03-12,16,0,132,0.0,0.0,0.0,-0.0,0.0
2019-03-12,16,0,133,50.5,50.5,0.0,877.067323,0.0
2019-03-12,16,0,134,0.0,0.0,0.0,0.0,0.0
2019-03-12,16,0,135,64.2,64.2,0.0,1115.004398,0.0
2019-03-12,16,0,136,45.9,45.9,0.0,793.264271,0.0
2019-03-12,16,0,139,0.0,0.0,0.0,0.0,0.0
2019-03-12,16,0,140,250.6,250.6,0.0,-250600.0,0.0
2019-03-12,16,0,141,0.0,0.0,0.0,-0.0,0.0
2019-03-12,16,0,142,453.52,453.52,0.0,-244740.26465,0.0
2019-03-12,16,0,143,238.5,238.5,0.0,2311.029421,0.0
2019-03-12,16,0,145,0.0,0.0,0.0,0.0,0.0
2019-03-12,16,0,146,268.0,268.0,0.0,-268000.0,0.0
2019-03-12,16,0,152,9.2,9.2,0.0,139.961331,0.0
2019-03-12,16,0,153,11.46,11.46,0.0,173.221658,0.0
2019-03-12,16,0,154,84.8,84.8,0.0,1006.490163,0.0
2019-03-12,16,0,157,250.0,250.0,0.0,-134911.505915,0.0
2019-03-12,16,0,158,351.53,351.53,0.0,-189701.766697,0.0
2019-03-12,16,0,159,0.0,0.0,0.0,0.0,0.0
2019-03-12,16,0,160,2.68,2.68,0.0,37.494061,0.0
2019-03-12,16,0,161,63.15,63.15,0.0,-24585.395306,0.0
2019-03-12,16,0,162,162.5,162.5,0.0,3770.475116,0.0
2019-03-12,16,0,163,146.36,146.36,0.0,-146360.0,0.0
2019-03-12,16,0,164,23.57,23.57,0.0,228.389784,0.0
2019-03-12,16,0,167,6.39,6.39,0.0,111.424632,0.0
2019-03-12,16,0,168,3.19,3.19,0.0,55.62513,0.0
2019-03-12,16,0,169,0.0,0.0,0.0,0.0,0.0
2019-03-12,16,0,170,6.98,6.98,0.0,121.712666,0.0
2019-03-12,16,0,172,8.39,8.39,0.0,435.949019,0.0
2019-03-12,16,0,173,12.79,12.79,0.0,664.575442,0.0
2019-03-12,16,0,188,11.75,11.75,0.0,766.41022,0.0
2019-03-12,16,0,190,10.14,10.14,0.0,328.815429,0.0
2019-03-12,16,0,191,26.19,26.19,0.0,849.277721,0.0
2019-03-12,16,0,192,332.6,332.6,0.0,10785.405497,0.0
2019-03-12,16,0,194,0.0,0.0,0.0,-0.0,0.0
2019-03-12,16,0,196,6.84,6.84,0.0,2155.241442,0.0
2019-03-12,16,0,198,11.56,11.56,0.0,156.227708,0.0
2019-03-12,16,0,199,130.0,130.0,0.0,-2381.763789,0.0
2019-03-12,16,0,200,19.39,19.39,0.0,-355.24923,0.0
2019-03-12,16,0,204,0.0,0.0,0.0,0.0,0.0
2019-03-12,16,0,205,0.0,0.0,0.0,0.0,0.0
2019-03-12,16,0,206,0.0,0.0,0.0,0.0,0.0
2019-03-12,16,0,210,2.55,2.55,0.0,18.14449,0.0
2019-03-12,16,0,214,14.8,14.8,0.0,300.364825,0.0
2019-03-12,16,0,217,9.92,9.92,0.0,144.293188,0.0
2019-03-12,16,0,218,13.69,13.69,0.0,199.130418,0.0
2019-03-12,16,0,219,9.33,9.33,0.0,135.711235,0.0
2019-03-12,16,0,221,7.89,7.89,0.0,160.126923,0.0
2019-03-12,16,0,225,7.61,7.61,0.0,48.044903,0.0
2019-03-12,16,0,233,9.08,9.08,0.0,174.358906,0.0
2019-03-12,16,0,236,0.0,0.0,0.0,0.0,0.0
2019-03-12,16,0,237,0.0,0.0,0.0,0.0,0.0
2019-03-12,16,0,238,96.84,96.84,0.0,1642.545451,0.0
2019-03-12,16,0,240,13.51,13.51,0.0,188.745677,0.0
2019-03-12,16,0,245,78.0,78.0,0.0,1375.405829,0.0
2019-03-12,16,0,247,0.0,0.0,0.0,0.0,0.0
2019-03-12,16,0,248,0.0,0.0,0.0,0.0,0.0
2019-03-12,16,0,249,150.0,150.0,0.0,2645.01121,0.0
2019-03-12,16,0,251,0.0,0.0,0.0,0.0,0.0
2019-03-12,16,0,252,267.06,267.06,0.0,4616.537362,0.0
2019-03-12,16,0,254,20.13,20.13,0.0,279.086057,0.0
2019-03-12,16,0,255,9.23,9.23,0.0,127.966434,0.0
2019-03-12,16,0,258,16.36,16.36,0.0,228.169105,0.0
2019-03-12,16,0,260,6.51,6.51,0.0,91.076991,0.0
2019-03-12,16,0,265,87.8,87.8,0.0,1042.097126,0.0
2019-03-12,16,0,266,0.0,0.0,0.0,0.0,0.0
2019-03-12,16,0,267,0.0,0.0,0.0,0.0,0.0
2019-03-12,16,0,270,395.58,395.58,0.0,-395580.0,0.0
2019-03-12,16,0,272,0.0,0.0,0.0,-0.0,0.0
2019-03-12,16,0,273,30.6,30.6,0.0,-30600.0,0.0
2019-03-12,16,0,274,493.67,493.67,0.0,-493670.0,0.0
2019-03-12,16,0,275,661.83,661.83,0.0,-661830.0,0.0
2019-03-12,16,0,276,6.5,6.5,0.0,-5831.882383,0.0
2019-03-12,16,0,277,8.01,8.01,0.0,-1970.994741,0.0
2019-03-12,16,0,278,12.82,12.82,0.0,-3154.575852,0.0
2019-03-12,16,0,279,604.22,604.22,0.0,-148678.457201,0.0
2019-03-12,16,0,281,0.0,0.0,0.0,0.0,0.0
2019-03-12,16,0,282,269.08,269.08,0.0,2607.345059,0.0
2019-03-12,17,0,9,2.16,2.16,0.0,7.383931,0.0
2019-03-12,17,0,17,40.21,40.21,0.0,353.859114,0.0
2019-03-12,17,0,19,284.63,284.63,0.0,2504.822674,0.0
2019-03-12,17,0,20,342.76,342.76,0.0,3016.382742,0.0
2019-03-12,17,0,21,49.5,49.5,0.0,169.215083,0.0
2019-03-12,17,0,22,175.93,175.93,0.0,601.414334,0.0
2019-03-12,17,0,23,0.0,0.0,0.0,0.0,0.0
2019-03-12,17,0,24,0.0,0.0,0.0,0.0,0.0
2019-03-12,17,0,29,6.06,6.06,0.0,65.071482,0.0
2019-03-12,17,0,30,379.84,379.84,0.0,1285.514574,0.0
2019-03-12,17,0,31,125.0,125.0,0.0,423.04476,0.0
2019-03-12,17,0,32,4.31,4.31,0.0,192.515238,0.0
2019-03-12,17,0,33,2.35,2.35,0.0,22.906761,0.0
2019-03-12,17,0,34,3.76,3.76,0.0,36.650818,0.0
2019-03-12,17,0,35,3.76,3.76,0.0,36.650818,0.0
2019-03-12,17,0,36,9.1,9.1,0.0,67.007302,0.0
2019-03-12,17,0,37,4.38,4.38,0.0,32.188041,0.0
2019-03-12,17,0,38,5.63,5.63,0.0,41.374125,0.0
2019-03-12,17,0,39,3.76,3.76,0.0,27.631743,0.0
2019-03-12,17,0,40,3.76,3.76,0.0,27.631743,0.0
2019-03-12,17,0,41,0.0,0.0,0.0,0.0,0.0
2019-03-12,17,0,42,56.11,56.11,0.0,482.262026,0.0
2019-03-12,17,0,43,26.91,26.91,0.0,205.185065,0.0
2019-03-12,17,0,46,19.87,19.87,0.0,138.837689,0.0
2019-03-12,17,0,52,132.5,132.5,0.0,448.427446,0.0
2019-03-12,17,0,53,210.5,210.5,0.0,712.407376,0.0
2019-03-12,17,0,55,0.0,0.0,0.0,0.0,0.0
2019-03-12,17,0,56,112.04,112.04,0.0,379.18348,0.0
2019-03-12,17,0,57,106.57,106.57,0.0,360.671041,0.0
2019-03-12,17,0,58,204.95,204.95,0.0,693.624189,0.0
2019-03-12,17,0,59,201.53,201.53,0.0,682.049684,0.0
2019-03-12,17,0,63,95.49,95.49,0.0,10998.463071,0.0
2019-03-12,17,0,64,112.31,112.31,0.0,12935.777438,0.0
2019-03-12,17,0,65,41.4,41.4,0.0,362.752286,0.0
2019-03-12,17,0,67,260.98,260.98,0.0,-144998.314932,0.0
2019-03-12,17,0,68,19.11,19.11,0.0,-7844.084102,0.0
2019-03-12,17,0,69,2.35,2.35,0.0,22.906761,0.0
2019-03-12,17,0,74,104.24,104.24,0.0,800.475444,0.0
2019-03-12,17,0,77,0.0,0.0,0.0,-0.0,0.0
2019-03-12,17,0,78,0.0,0.0,0.0,-0.0,0.0
2019-03-12,17,0,79,0.0,0.0,0.0,-0.0,0.0
2019-03-12,17,0,80,0.0,0.0,0.0,-0.0,0.0
2019-03-12,17,0,81,0.0,0.0,0.0,-0.0,0.0
2019-03-12,17,0,82,0.0,0.0,0.0,-0.0,0.0
2019-03-12,17,0,83,0.0,0.0,0.0,-0.0,0.0
2019-03-12,17,0,84,0.0,0.0,0.0,0.0,0.0
2019-03-12,17,0,86,11.91,11.91,0.0,116.093415,0.0
2019-03-12,17,0,87,60.83,60.83,0.0,592.943949,0.0
2019-03-12,17,0,88,0.0,0.0,0.0,-0.0,0.0
2019-03-12,17,0,89,0.0,0.0,0.0,-0.0,0.0
2019-03-12,17,0,90,0.0,0.0,0.0,-0.0,0.0
2019-03-12,17,0,91,0.0,0.0,0.0,-0.0,0.0
2019-03-12,17,0,92,0.0,0.0,0.0,-0.0,0.0
2019-03-12,17,0,95,120.0,120.0,0.0,3049.643213,0.0
2019-03-12,17,0,96,0.0,0.0,0.0,0.0,0.0
2019-03-12,17,0,97,0.0,0.0,0.0,0.0,0.0
2019-03-12,17,0,99,21.2,21.2,0.0,162.798153,0.0
2019-03-12,17,0,101,7.65,7.65,0.0,25.890339,0.0
2019-03-12,17,0,102,45.19,45.19,0.0,-18549.144981,0.0
2019-03-12,17,0,103,39.3,39.3,0.0,-16131.47594,0.0
2019-03-12,17,0,104,7.33,7.33,0.0,-3008.746021,0.0
2019-03-12,17,0,106,173.19,173.19,0.0,592.047681,0.0
2019-03-12,17,0,109,0.0,0.0,0.0,0.0,0.0
2019-03-12,17,0,110,338.6,338.6,0.0,-338600.0,0.0
2019-03-12,17,0,111,16.01,16.01,0.0,83.190021,0.0
2019-03-12,17,0,113,0.0,0.0,0.0,-0.0,0.0
2019-03-12,17,0,115,0.0,0.0,0.0,-0.0,0.0
2019-03-12,17,0,116,96.14,96.14,0.0,-96140.0,0.0
2019-03-12,17,0,117,0.0,0.0,0.0,-0.0,0.0
2019-03-12,17,0,119,112.31,112.31,0.0,12935.777438,0.0
2019-03-12,17,0,120,66.1,66.1,0.0,7613.345995,0.0
2019-03-12,17,0,123,2.89,2.89,0.0,9.879426,0.0
2019-03-12,17,0,125,0.0,0.0,0.0,0.0,0.0
2019-03-12,17,0,126,129.89,129.89,0.0,444.027214,0.0
2019-03-12,17,0,127,166.7,166.7,0.0,569.861703,0.0
2019-03-12,17,0,128,0.0,0.0,0.0,0.0,0.0
2019-03-12,17,0,131,0.0,0.0,0.0,-0.0,0.0
2019-03-12,17,0,132,0.0,0.0,0.0,-0.0,0.0
2019-03-12,17,0,133,111.85,111.85,0.0,984.712876,0.0
2019-03-12,17,0,134,0.0,0.0,0.0,0.0,0.0
2019-03-12,17,0,135,146.43,146.43,0.0,1289.150705,0.0
2019-03-12,17,0,136,45.9,45.9,0.0,402.085767,0.0
2019-03-12,17,0,139,0.0,0.0,0.0,0.0,0.0
2019-03-12,17,0,140,250.6,250.6,0.0,-250600.0,0.0
2019-03-12,17,0,141,0.0,0.0,0.0,-0.0,0.0
2019-03-12,17,0,142,344.17,344.17,0.0,-191217.986245,0.0
2019-03-12,17,0,143,0.0,0.0,0.0,0.0,0.0
2019-03-12,17,0,145,0.0,0.0,0.0,0.0,0.0
2019-03-12,17,0,146,268.0,268.0,0.0,-268000.0,0.0
2019-03-12,17,0,152,6.95,6.95,0.0,53.678751,0.0
2019-03-12,17,0,153,8.69,8.69,0.0,66.696138,0.0
2019-03-12,17,0,154,66.05,66.05,0.0,343.204301,0.0
2019-03-12,17,0,157,250.0,250.0,0.0,-138897.918358,0.0
2019-03-12,17,0,158,280.29,280.29,0.0,-155726.790146,0.0
2019-03-12,17,0,159,0.0,0.0,0.0,0.0,0.0
2019-03-12,17,0,160,2.03,2.03,0.0,17.202759,0.0
2019-03-12,17,0,161,47.78,47.78,0.0,-19612.262606,0.0
2019-03-12,17,0,162,162.5,162.5,0.0,4258.50278,0.0
2019-03-12,17,0,163,185.4,185.4,0.0,-185400.0,0.0
2019-03-12,17,0,164,18.14,18.14,0.0,61.392256,0.0
2019-03-12,17,0,167,4.8,4.8,0.0,107.827495,0.0
2019-03-12,17,0,168,2.4,2.4,0.0,53.913747,0.0
2019-03-12,17,0,169,0.0,0.0,0.0,0.0,0.0
2019-03-12,17,0,170,5.25,5.25,0.0,117.936322,0.0
2019-03-12,17,0,172,6.33,6.33,0.0,111.312615,0.0
2019-03-12,17,0,173,9.65,9.65,0.0,169.694587,0.0
2019-03-12,17,0,188,8.9,8.9,0.0,233.489553,0.0
2019-03-12,17,0,190,7.62,7.62,0.0,247.097985,0.0
2019-03-12,17,0,191,19.69,19.69,0.0,638.4986,0.0
2019-03-12,17,0,192,332.6,332.6,0.0,10785.405497,0.0
2019-03-12,17,0,194,0.0,0.0,0.0,-0.0,0.0
2019-03-12,17,0,196,5.14,5.14,0.0,1379.962932,0.0
2019-03-12,17,0,198,8.77,8.77,0.0,86.981953,0.0
2019-03-12,17,0,199,130.0,130.0,0.0,-3360.946671,0.0
2019-03-12,17,0,200,14.58,14.58,0.0,-376.943096,0.0
2019-03-12,17,0,204,0.0,0.0,0.0,0.0,0.0
2019-03-12,17,0,205,0.0,0.0,0.0,0.0,0.0
2019-03-12,17,0,206,0.0,0.0,0.0,0.0,0.0
2019-03-12,17,0,210,1.89,1.89,0.0,20.658611,0.0
2019-03-12,17,0,214,11.08,11.08,0.0,114.209963,0.0
2019-03-12,17,0,217,7.34,7.34,0.0,77.722643,0.0
2019-03-12,17,0,218,10.13,10.13,0.0,107.265719,0.0
2019-03-12,17,0,219,6.9,6.9,0.0,73.06352,0.0
2019-03-12,17,0,221,5.91,5.91,0.0,60.918852,0.0
2019-03-12,17,0,225,5.58,5.58,0.0,59.81351,0.0
2019-03-12,17,0,233,6.74,6.74,0.0,65.69854,0.0
2019-03-12,17,0,236,159.03,159.03,0.0,1316.739706,0.0
2019-03-12,17,0,237,257.58,257.58,0.0,1977.997553,0.0
2019-03-12,17,0,238,73.04,73.04,0.0,627.774344,0.0
2019-03-12,17,0,240,10.31,10.31,0.0,75.917064,0.0
2019-03-12,17,0,245,78.0,78.0,0.0,697.362329,0.0
2019-03-12,17,0,247,171.72,171.72,0.0,1535.269989,0.0
2019-03-12,17,0,248,26.21,26.21,0.0,201.270735,0.0
2019-03-12,17,0,249,150.0,150.0,0.0,1341.081402,0.0
2019-03-12,17,0,251,0.0,0.0,0.0,0.0,0.0
2019-03-12,17,0,252,267.06,267.06,0.0,2340.015111,0.0
2019-03-12,17,0,254,15.27,15.27,0.0,119.686386,0.0
2019-03-12,17,0,255,7.0,7.0,0.0,54.866058,0.0
2019-03-12,17,0,258,12.53,12.53,0.0,92.792941,0.0
2019-03-12,17,0,260,4.94,4.94,0.0,41.862872,0.0
2019-03-12,17,0,265,68.39,68.39,0.0,355.363242,0.0
2019-03-12,17,0,266,0.0,0.0,0.0,0.0,0.0
2019-03-12,17,0,267,0.0,0.0,0.0,0.0,0.0
2019-03-12,17,0,270,578.99,578.99,0.0,-578990.0,0.0
2019-03-12,17,0,272,0.0,0.0,0.0,-0.0,0.0
2019-03-12,17,0,273,22.99,22.99,0.0,-22990.0,0.0
2019-03-12,17,0,274,746.39,746.39,0.0,-746390.0,0.0
2019-03-12,17,0,275,1038.99,1038.99,0.0,-1038990.0,0.0
2019-03-12,17,0,276,4.83,4.83,0.0,-4350.733596,0.0
2019-03-12,17,0,277,6.04,6.04,0.0,-1643.85814,0.0
2019-03-12,17,0,278,9.67,9.67,0.0,-2631.805995,0.0
2019-03-12,17,0,279,264.6,264.6,0.0,-72014.050295,0.0
2019-03-12,17,0,281,56.1,56.1,0.0,189.862488,0.0
2019-03-12,17,0,282,208.37,208.37,0.0,705.198694,0.0
2019-03-12,18,0,9,1.33,1.33,0.0,21.456311,0.0
2019-03-12,18,0,17,24.49,24.49,0.0,336.694659,0.0
2019-03-12,18,0,19,332.94,332.94,0.0,4577.342582,0.0
2019-03-12,18,0,20,405.43,405.43,0.0,5573.953274,0.0
2019-03-12,18,0,21,30.33,30.33,0.0,489.300696,0.0
2019-03-12,18,0,22,107.81,107.81,0.0,1739.251832,0.0
2019-03-12,18,0,23,0.0,0.0,0.0,0.0,0.0
2019-03-12,18,0,24,0.0,0.0,0.0,0.0,0.0
2019-03-12,18,0,29,3.67,3.67,0.0,49.546826,0.0
2019-03-12,18,0,30,241.36,241.36,0.0,2741.317969,0.0
2019-03-12,18,0,31,92.34,92.34,0.0,1048.779008,0.0
2019-03-12,18,0,32,2.62,2.62,0.0,130.539239,0.0
2019-03-12,18,0,33,1.43,1.43,0.0,19.486681,0.0
2019-03-12,18,0,34,2.29,2.29,0.0,31.205943,0.0
2019-03-12,18,0,35,2.29,2.29,0.0,31.205943,0.0
2019-03-12,18,0,36,5.62,5.62,0.0,78.28188,0.0
2019-03-12,18,0,37,2.63,2.63,0.0,36.637003,0.0
2019-03-12,18,0,38,3.39,3.39,0.0,47.224122,0.0
2019-03-12,18,0,39,2.26,2.26,0.0,31.482748,0.0
2019-03-12,18,0,40,2.26,2.26,0.0,31.482748,0.0
2019-03-12,18,0,41,0.0,0.0,0.0,0.0,0.0
2019-03-12,18,0,42,32.81,32.81,0.0,451.942096,0.0
2019-03-12,18,0,43,16.16,16.16,0.0,224.543892,0.0
2019-03-12,18,0,46,12.33,12.33,0.0,172.301914,0.0
2019-03-12,18,0,52,97.89,97.89,0.0,1111.814783,0.0
2019-03-12,18,0,53,155.55,155.55,0.0,1766.705378,0.0
2019-03-12,18,0,55,0.0,0.0,0.0,0.0,0.0
2019-03-12,18,0,56,71.19,71.19,0.0,808.561594,0.0
2019-03-12,18,0,57,67.72,67.72,0.0,769.150037,0.0
2019-03-12,18,0,58,130.23,130.23,0.0,1479.125949,0.0
2019-03-12,18,0,59,128.06,128.06,0.0,1454.479529,0.0
2019-03-12,18,0,63,170.0,170.0,0.0,20209.887118,0.0
2019-03-12,18,0,64,200.0,200.0,0.0,23776.337786,0.0
2019-03-12,18,0,65,41.4,41.4,0.0,569.379626,0.0
2019-03-12,18,0,67,163.04,163.04,0.0,-90501.910889,0.0
2019-03-12,18,0,68,10.2,10.2,0.0,-4180.010329,0.0
2019-03-12,18,0,69,1.43,1.43,0.0,19.486681,0.0
2019-03-12,18,0,74,65.28,65.28,0.0,906.945326,0.0
2019-03-12,18,0,77,0.0,0.0,0.0,-0.0,0.0
2019-03-12,18,0,78,0.0,0.0,0.0,-0.0,0.0
2019-03-12,18,0,79,0.0,0.0,0.0,-0.0,0.0
2019-03-12,18,0,80,0.0,0.0,0.0,-0.0,0.0
2019-03-12,18,0,81,0.0,0.0,0.0,-0.0,0.0
2019-03-12,18,0,82,0.0,0.0,0.0,-0.0,0.0
2019-03-12,18,0,83,0.0,0.0,0.0,-0.0,0.0
2019-03-12,18,0,84,0.0,0.0,0.0,0.0,0.0
2019-03-12,18,0,86,7.26,7.26,0.0,98.932378,0.0
2019-03-12,18,0,87,37.09,37.09,0.0,505.427259,0.0
2019-03-12,18,0,88,0.0,0.0,0.0,-0.0,0.0
2019-03-12,18,0,89,0.0,0.0,0.0,-0.0,0.0
2019-03-12,18,0,90,0.0,0.0,0.0,-0.0,0.0
2019-03-12,18,0,91,0.0,0.0,0.0,-0.0,0.0
2019-03-12,18,0,92,0.0,0.0,0.0,-0.0,0.0
2019-03-12,18,0,95,120.0,120.0,0.0,3049.643213,0.0
2019-03-12,18,0,96,0.0,0.0,0.0,0.0,0.0
2019-03-12,18,0,97,0.0,0.0,0.0,0.0,0.0
2019-03-12,18,0,99,12.6,12.6,0.0,175.053785,0.0
2019-03-12,18,0,101,4.86,4.86,0.0,55.198895,0.0
2019-03-12,18,0,102,24.15,24.15,0.0,-9896.789161,0.0
2019-03-12,18,0,103,21.0,21.0,0.0,-8605.903618,0.0
2019-03-12,18,0,104,3.9,3.9,0.0,-1598.239243,0.0
2019-03-12,18,0,106,106.13,106.13,0.0,1712.149123,0.0
2019-03-12,18,0,109,0.0,0.0,0.0,0.0,0.0
2019-03-12,18,0,110,338.6,338.6,0.0,-338600.0,0.0
2019-03-12,18,0,111,10.38,10.38,0.0,147.755432,0.0
2019-03-12,18,0,113,0.0,0.0,0.0,-0.0,0.0
2019-03-12,18,0,115,0.0,0.0,0.0,-0.0,0.0
2019-03-12,18,0,116,58.67,58.67,0.0,-58670.0,0.0
2019-03-12,18,0,117,0.0,0.0,0.0,-0.0,0.0
2019-03-12,18,0,119,200.0,200.0,0.0,23776.337786,0.0
2019-03-12,18,0,120,117.6,117.6,0.0,13980.486618,0.0
2019-03-12,18,0,123,1.77,1.77,0.0,28.55464,0.0
2019-03-12,18,0,125,0.0,0.0,0.0,0.0,0.0
2019-03-12,18,0,126,79.59,79.59,0.0,1283.990848,0.0
2019-03-12,18,0,127,102.15,102.15,0.0,1647.941514,0.0
2019-03-12,18,0,128,0.0,0.0,0.0,0.0,0.0
2019-03-12,18,0,131,0.0,0.0,0.0,-0.0,0.0
2019-03-12,18,0,132,0.0,0.0,0.0,-0.0,0.0
2019-03-12,18,0,133,139.8,139.8,0.0,1921.941165,0.0
2019-03-12,18,0,134,0.0,0.0,0.0,0.0,0.0
2019-03-12,18,0,135,187.33,187.33,0.0,2575.373665,0.0
2019-03-12,18,0,136,45.9,45.9,0.0,631.281013,0.0
2019-03-12,18,0,139,0.0,0.0,0.0,0.0,0.0
2019-03-12,18,0,140,250.6,250.6,0.0,-250600.0,0.0
2019-03-12,18,0,141,0.0,0.0,0.0,-0.0,0.0
2019-03-12,18,0,142,215.01,215.01,0.0,-119349.950075,0.0
2019-03-12,18,0,143,0.0,0.0,0.0,0.0,0.0
2019-03-12,18,0,145,0.0,0.0,0.0,0.0,0.0
2019-03-12,18,0,146,268.0,268.0,0.0,-268000.0,0.0
2019-03-12,18,0,152,4.25,4.25,0.0,59.011734,0.0
2019-03-12,18,0,153,5.29,5.29,0.0,73.484779,0.0
2019-03-12,18,0,154,42.84,42.84,0.0,609.811436,0.0
2019-03-12,18,0,157,0.0,0.0,0.0,-0.0,0.0
2019-03-12,18,0,158,178.03,178.03,0.0,-98822.713417,0.0
2019-03-12,18,0,159,0.0,0.0,0.0,0.0,0.0
2019-03-12,18,0,160,1.24,1.24,0.0,17.096307,0.0
2019-03-12,18,0,161,29.66,29.66,0.0,-12154.814349,0.0
2019-03-12,18,0,162,162.5,162.5,0.0,4257.203923,0.0
2019-03-12,18,0,163,185.4,185.4,0.0,-185400.0,0.0
2019-03-12,18,0,164,11.76,11.76,0.0,133.567697,0.0
2019-03-12,18,0,167,2.95,2.95,0.0,65.727817,0.0
2019-03-12,18,0,168,1.47,1.47,0.0,32.752506,0.0
2019-03-12,18,0,169,0.0,0.0,0.0,0.0,0.0
2019-03-12,18,0,170,3.23,3.23,0.0,71.96639,0.0
2019-03-12,18,0,172,3.85,3.85,0.0,83.62099,0.0
2019-03-12,18,0,173,5.87,5.87,0.0,127.494861,0.0
2019-03-12,18,0,188,5.43,5.43,0.0,164.377766,0.0
2019-03-12,18,0,190,4.55,4.55,0.0,147.545385,0.0
2019-03-12,18,0,191,11.76,11.76,0.0,381.348072,0.0
2019-03-12,18,0,192,332.6,332.6,0.0,10785.405497,0.0
2019-03-12,18,0,194,0.0,0.0,0.0,-0.0,0.0
2019-03-12,18,0,196,3.14,3.14,0.0,855.382373,0.0
2019-03-12,18,0,198,5.44,5.44,0.0,74.007047,0.0
2019-03-12,18,0,199,130.0,130.0,0.0,-3346.722978,0.0
2019-03-12,18,0,200,8.78,8.78,0.0,-226.032521,0.0
2019-03-12,18,0,204,0.0,0.0,0.0,0.0,0.0
2019-03-12,18,0,205,0.0,0.0,0.0,0.0,0.0
2019-03-12,18,0,206,0.0,0.0,0.0,0.0,0.0
2019-03-12,18,0,210,1.15,1.15,0.0,15.49733,0.0
2019-03-12,18,0,214,6.8,6.8,0.0,92.1769,0.0
2019-03-12,18,0,217,4.45,4.45,0.0,60.161742,0.0
2019-03-12,18,0,218,6.14,6.14,0.0,83.009684,0.0
2019-03-12,18,0,219,4.18,4.18,0.0,56.511479,0.0
2019-03-12,18,0,221,3.63,3.63,0.0,49.206198,0.0
2019-03-12,18,0,225,3.39,3.39,0.0,45.774727,0.0
2019-03-12,18,0,233,4.11,4.11,0.0,56.007173,0.0
2019-03-12,18,0,236,159.03,159.03,0.0,2196.938344,0.0
2019-03-12,18,0,237,156.6,156.6,0.0,2175.668475,0.0
2019-03-12,18,0,238,42.7,42.7,0.0,588.172127,0.0
2019-03-12,18,0,240,6.37,6.37,0.0,88.728751,0.0
2019-03-12,18,0,245,78.0,78.0,0.0,1070.96372,0.0
2019-03-12,18,0,247,171.72,171.72,0.0,2357.76782,0.0
2019-03-12,18,0,248,15.72,15.72,0.0,218.400437,0.0
2019-03-12,18,0,249,150.0,150.0,0.0,2059.545615,0.0
2019-03-12,18,0,251,0.0,0.0,0.0,0.0,0.0
2019-03-12,18,0,252,267.06,267.06,0.0,3672.911181,0.0
2019-03-12,18,0,254,9.55,9.55,0.0,132.439567,0.0
2019-03-12,18,0,255,4.38,4.38,0.0,60.741916,0.0
2019-03-12,18,0,258,7.85,7.85,0.0,109.300652,0.0
2019-03-12,18,0,260,3.02,3.02,0.0,41.63778,0.0
2019-03-12,18,0,265,44.35,44.35,0.0,631.305723,0.0
2019-03-12,18,0,266,0.0,0.0,0.0,0.0,0.0
2019-03-12,18,0,267,0.0,0.0,0.0,0.0,0.0
2019-03-12,18,0,270,579.0,579.0,0.0,-579000.0,0.0
2019-03-12,18,0,272,0.0,0.0,0.0,-0.0,0.0
2019-03-12,18,0,273,14.03,14.03,0.0,-14030.0,0.0
2019-03-12,18,0,274,746.4,746.4,0.0,-746400.0,0.0
2019-03-12,18,0,275,1039.0,1039.0,0.0,-1039000.0,0.0
2019-03-12,18,0,276,2.96,2.96,0.0,-2665.956676,0.0
2019-03-12,18,0,277,3.73,3.73,0.0,-1011.204041,0.0
2019-03-12,18,0,278,5.97,5.97,0.0,-1618.468666,0.0
2019-03-12,18,0,279,264.6,264.6,0.0,-71733.133844,0.0
2019-03-12,18,0,281,41.41,41.41,0.0,470.326388,0.0
2019-03-12,18,0,282,132.4,132.4,0.0,1503.772369,0.0
2019-03-12,19,0,9,0.58,0.58,0.0,9.356888,0.0
2019-03-12,19,0,17,4.57,4.57,0.0,53.426969,0.0
2019-03-12,19,0,19,615.51,615.51,0.0,7195.806034,0.0
2019-03-12,19,0,20,748.14,748.14,0.0,8746.35721,0.0
2019-03-12,19,0,21,13.33,13.33,0.0,215.047091,0.0
2019-03-12,19,0,22,47.37,47.37,0.0,764.199604,0.0
2019-03-12,19,0,23,0.0,0.0,0.0,0.0,0.0
2019-03-12,19,0,24,0.0,0.0,0.0,0.0,0.0
2019-03-12,19,0,29,0.6,0.6,0.0,4.66937,0.0
2019-03-12,19,0,30,127.04,127.04,0.0,1709.441666,0.0
2019-03-12,19,0,31,37.5,37.5,0.0,504.597469,0.0
2019-03-12,19,0,32,0.71,0.71,0.0,35.810189,0.0
2019-03-12,19,0,33,0.35,0.35,0.0,3.910919,0.0
2019-03-12,19,0,34,0.56,0.56,0.0,6.257471,0.0
2019-03-12,19,0,35,0.56,0.56,0.0,6.257471,0.0
2019-03-12,19,0,36,1.9,1.9,0.0,23.479526,0.0
2019-03-12,19,0,37,0.87,0.87,0.0,10.741577,0.0
2019-03-12,19,0,38,1.11,1.11,0.0,13.704771,0.0
2019-03-12,19,0,39,0.74,0.74,0.0,9.136514,0.0
2019-03-12,19,0,40,0.74,0.74,0.0,9.136514,0.0
2019-03-12,19,0,41,0.0,0.0,0.0,0.0,0.0
2019-03-12,19,0,42,9.04,9.04,0.0,106.697452,0.0
2019-03-12,19,0,43,5.49,5.49,0.0,66.360674,0.0
2019-03-12,19,0,46,4.56,4.56,0.0,57.374636,0.0
2019-03-12,19,0,52,39.75,39.75,0.0,534.873317,0.0
2019-03-12,19,0,53,63.15,63.15,0.0,849.742138,0.0
2019-03-12,19,0,55,0.0,0.0,0.0,0.0,0.0
2019-03-12,19,0,56,37.47,37.47,0.0,504.193791,0.0
2019-03-12,19,0,57,35.64,35.64,0.0,479.569435,0.0
2019-03-12,19,0,58,68.55,68.55,0.0,922.404174,0.0
2019-03-12,19,0,59,67.4,67.4,0.0,906.929851,0.0
2019-03-12,19,0,63,170.0,170.0,0.0,20230.490461,0.0
2019-03-12,19,0,64,200.0,200.0,0.0,23800.577013,0.0
2019-03-12,19,0,65,41.4,41.4,0.0,484.860675,0.0
2019-03-12,19,0,67,55.57,55.57,0.0,-30881.88768,0.0
2019-03-12,19,0,68,12.55,12.55,0.0,-5153.694452,0.0
2019-03-12,19,0,69,0.35,0.35,0.0,3.910919,0.0
2019-03-12,19,0,74,65.28,65.28,0.0,804.263369,0.0
2019-03-12,19,0,77,0.0,0.0,0.0,-0.0,0.0
2019-03-12,19,0,78,0.0,0.0,0.0,-0.0,0.0
2019-03-12,19,0,79,0.0,0.0,0.0,-0.0,0.0
2019-03-12,19,0,80,0.0,0.0,0.0,-0.0,0.0
2019-03-12,19,0,81,0.0,0.0,0.0,-0.0,0.0
2019-03-12,19,0,82,0.0,0.0,0.0,-0.0,0.0
2019-03-12,19,0,83,0.0,0.0,0.0,-0.0,0.0
2019-03-12,19,0,84,0.0,0.0,0.0,0.0,0.0
2019-03-12,19,0,86,1.78,1.78,0.0,19.889819,0.0
2019-03-12,19,0,87,9.09,9.09,0.0,101.572165,0.0
2019-03-12,19,0,88,0.0,0.0,0.0,-0.0,0.0
2019-03-12,19,0,89,0.0,0.0,0.0,-0.0,0.0
2019-03-12,19,0,90,0.0,0.0,0.0,-0.0,0.0
2019-03-12,19,0,91,0.0,0.0,0.0,-0.0,0.0
2019-03-12,19,0,92,0.0,0.0,0.0,-0.0,0.0
2019-03-12,19,0,95,120.0,120.0,0.0,3049.643213,0.0
2019-03-12,19,0,96,0.0,0.0,0.0,0.0,0.0
2019-03-12,19,0,97,0.0,0.0,0.0,0.0,0.0
2019-03-12,19,0,99,12.6,12.6,0.0,155.234658,0.0
2019-03-12,19,0,101,2.56,2.56,0.0,34.447187,0.0
2019-03-12,19,0,102,35.91,35.91,0.0,-14746.547233,0.0
2019-03-12,19,0,103,30.13,30.13,0.0,-12372.973214,0.0
2019-03-12,19,0,104,4.3,4.3,0.0,-1765.807661,0.0
2019-03-12,19,0,106,46.63,46.63,0.0,752.261506,0.0
2019-03-12,19,0,109,0.0,0.0,0.0,0.0,0.0
2019-03-12,19,0,110,338.6,338.6,0.0,-338600.0,0.0
2019-03-12,19,0,111,3.16,3.16,0.0,44.127371,0.0
2019-03-12,19,0,113,0.0,0.0,0.0,-0.0,0.0
2019-03-12,19,0,115,0.0,0.0,0.0,-0.0,0.0
2019-03-12,19,0,116,19.49,19.49,0.0,-19490.0,0.0
2019-03-12,19,0,117,0.0,0.0,0.0,-0.0,0.0
2019-03-12,19,0,119,200.0,200.0,0.0,23800.577013,0.0
2019-03-12,19,0,120,117.6,117.6,0.0,13994.739283,0.0
2019-03-12,19,0,123,0.78,0.78,0.0,12.583401,0.0
2019-03-12,19,0,125,0.0,0.0,0.0,0.0,0.0
2019-03-12,19,0,126,34.97,34.97,0.0,564.155798,0.0
2019-03-12,19,0,127,44.88,44.88,0.0,724.029517,0.0
2019-03-12,19,0,128,0.0,0.0,0.0,0.0,0.0
2019-03-12,19,0,131,0.0,0.0,0.0,-0.0,0.0
2019-03-12,19,0,132,0.0,0.0,0.0,-0.0,0.0
2019-03-12,19,0,133,135.62,135.62,0.0,1585.240807,0.0
2019-03-12,19,0,134,0.0,0.0,0.0,0.0,0.0
2019-03-12,19,0,135,183.78,183.78,0.0,2148.175457,0.0
2019-03-12,19,0,136,45.9,45.9,0.0,537.615354,0.0
2019-03-12,19,0,139,0.0,0.0,0.0,0.0,0.0
2019-03-12,19,0,140,250.6,250.6,0.0,-250600.0,0.0
2019-03-12,19,0,141,0.0,0.0,0.0,-0.0,0.0
2019-03-12,19,0,142,73.29,73.29,0.0,-40729.414217,0.0
2019-03-12,19,0,143,0.0,0.0,0.0,0.0,0.0
2019-03-12,19,0,145,0.0,0.0,0.0,0.0,0.0
2019-03-12,19,0,146,0.0,0.0,0.0,-0.0,0.0
2019-03-12,19,0,152,1.3,1.3,0.0,15.947369,0.0
2019-03-12,19,0,153,1.63,1.63,0.0,20.03752,0.0
2019-03-12,19,0,154,13.02,13.02,0.0,181.815939,0.0
2019-03-12,19,0,157,0.0,0.0,0.0,-0.0,0.0
2019-03-12,19,0,158,68.59,68.59,0.0,-38117.485621,0.0
2019-03-12,19,0,159,0.0,0.0,0.0,0.0,0.0
2019-03-12,19,0,160,0.4,0.4,0.0,4.53516,0.0
2019-03-12,19,0,161,10.27,10.27,0.0,-4217.405739,0.0
2019-03-12,19,0,162,162.5,162.5,0.0,4256.129033,0.0
2019-03-12,19,0,163,185.4,185.4,0.0,-185400.0,0.0
2019-03-12,19,0,164,4.87,4.87,0.0,65.530391,0.0
2019-03-12,19,0,167,0.77,0.77,0.0,17.144021,0.0
2019-03-12,19,0,168,0.39,0.39,0.0,8.683335,0.0
2019-03-12,19,0,169,0.0,0.0,0.0,0.0,0.0
2019-03-12,19,0,170,0.84,0.84,0.0,18.702568,0.0
2019-03-12,19,0,172,0.99,0.99,0.0,22.591364,0.0
2019-03-12,19,0,173,1.51,1.51,0.0,34.457535,0.0
2019-03-12,19,0,188,1.5,1.5,0.0,46.29837,0.0
2019-03-12,19,0,190,1.51,1.51,0.0,48.965611,0.0
2019-03-12,19,0,191,3.91,3.91,0.0,126.791748,0.0
2019-03-12,19,0,192,332.6,332.6,0.0,10785.405497,0.0
2019-03-12,19,0,194,0.0,0.0,0.0,-0.0,0.0
2019-03-12,19,0,196,1.01,1.01,0.0,275.006455,0.0
2019-03-12,19,0,198,1.52,1.52,0.0,15.072607,0.0
2019-03-12,19,0,199,130.0,130.0,0.0,-4030.941635,0.0
2019-03-12,19,0,200,1.74,1.74,0.0,-53.952603,0.0
2019-03-12,19,0,204,0.0,0.0,0.0,0.0,0.0
2019-03-12,19,0,205,0.0,0.0,0.0,0.0,0.0
2019-03-12,19,0,206,0.0,0.0,0.0,0.0,0.0
2019-03-12,19,0,210,0.24,0.24,0.0,1.859112,0.0
2019-03-12,19,0,214,1.55,1.55,0.0,16.847116,0.0
2019-03-12,19,0,217,0.99,0.99,0.0,9.403084,0.0
2019-03-12,19,0,218,1.36,1.36,0.0,12.917367,0.0
2019-03-12,19,0,219,0.93,0.93,0.0,8.8332,0.0
2019-03-12,19,0,221,0.83,0.83,0.0,9.021359,0.0
2019-03-12,19,0,225,0.62,0.62,0.0,4.827171,0.0
2019-03-12,19,0,233,1.01,1.01,0.0,11.285796,0.0
2019-03-12,19,0,236,159.03,159.03,0.0,1903.901896,0.0
2019-03-12,19,0,237,156.6,156.6,0.0,1929.345031,0.0
2019-03-12,19,0,238,11.76,11.76,0.0,138.80111,0.0
2019-03-12,19,0,240,2.15,2.15,0.0,26.568938,0.0
2019-03-12,19,0,245,78.0,78.0,0.0,905.914369,0.0
2019-03-12,19,0,247,171.72,171.72,0.0,1994.405327,0.0
2019-03-12,19,0,248,15.72,15.72,0.0,193.673716,0.0
2019-03-12,19,0,249,150.0,150.0,0.0,1742.143018,0.0
2019-03-12,19,0,251,326.4,326.4,0.0,3833.820403,0.0
2019-03-12,19,0,252,267.06,267.06,0.0,3127.702702,0.0
2019-03-12,19,0,254,2.85,2.85,0.0,33.913403,0.0
2019-03-12,19,0,255,1.31,1.31,0.0,15.588266,0.0
2019-03-12,19,0,258,2.66,2.66,0.0,32.755303,0.0
2019-03-12,19,0,260,0.98,0.98,0.0,11.111142,0.0
2019-03-12,19,0,265,13.48,13.48,0.0,188.239543,0.0
2019-03-12,19,0,266,0.0,0.0,0.0,0.0,0.0
2019-03-12,19,0,267,0.0,0.0,0.0,0.0,0.0
2019-03-12,19,0,270,579.0,579.0,0.0,-579000.0,0.0
2019-03-12,19,0,272,0.0,0.0,0.0,-0.0,0.0
2019-03-12,19,0,273,4.66,4.66,0.0,-4660.0,0.0
2019-03-12,19,0,274,746.4,746.4,0.0,-746400.0,0.0
2019-03-12,19,0,275,1039.0,1039.0,0.0,-1039000.0,0.0
2019-03-12,19,0,276,0.94,0.94,0.0,-846.755546,0.0
2019-03-12,19,0,277,1.04,1.04,0.0,-282.905988,0.0
2019-03-12,19,0,278,1.67,1.67,0.0,-454.281731,0.0
2019-03-12,19,0,279,264.6,264.6,0.0,-71977.811963,0.0
2019-03-12,19,0,281,16.83,16.83,0.0,226.463344,0.0
2019-03-12,19,0,282,69.69,69.69,0.0,937.743937,0.0
2019-03-12,20,0,9,0.0,0.0,0.0,0.0,0.0
2019-03-12,20,0,17,0.0,0.0,0.0,0.0,0.0
2019-03-12,20,0,19,643.3,643.3,0.0,5351.311851,0.0
2019-03-12,20,0,20,780.2,780.2,0.0,6490.118927,0.0
2019-03-12,20,0,21,0.0,0.0,0.0,0.0,0.0
2019-03-12,20,0,22,0.0,0.0,0.0,0.0,0.0
2019-03-12,20,0,23,0.0,0.0,0.0,0.0,0.0
2019-03-12,20,0,24,0.0,0.0,0.0,0.0,0.0
2019-03-12,20,0,29,0.0,0.0,0.0,0.0,0.0
2019-03-12,20,0,30,0.0,0.0,0.0,0.0,0.0
2019-03-12,20,0,31,37.5,37.5,0.0,606.829403,0.0
2019-03-12,20,0,32,0.0,0.0,0.0,0.0,0.0
2019-03-12,20,0,33,0.0,0.0,0.0,0.0,0.0
2019-03-12,20,0,34,0.0,0.0,0.0,0.0,0.0
2019-03-12,20,0,35,0.0,0.0,0.0,0.0,0.0
2019-03-12,20,0,36,0.0,0.0,0.0,0.0,0.0
2019-03-12,20,0,37,0.0,0.0,0.0,0.0,0.0
2019-03-12,20,0,38,0.0,0.0,0.0,0.0,0.0
2019-03-12,20,0,39,0.0,0.0,0.0,0.0,0.0
2019-03-12,20,0,40,0.0,0.0,0.0,0.0,0.0
2019-03-12,20,0,41,0.0,0.0,0.0,0.0,0.0
2019-03-12,20,0,42,0.0,0.0,0.0,0.0,0.0
2019-03-12,20,0,43,0.0,0.0,0.0,0.0,0.0
2019-03-12,20,0,46,0.0,0.0,0.0,0.0,0.0
2019-03-12,20,0,52,39.75,39.75,0.0,643.239167,0.0
2019-03-12,20,0,53,63.15,63.15,0.0,1021.900715,0.0
2019-03-12,20,0,55,0.0,0.0,0.0,0.0,0.0
2019-03-12,20,0,56,0.0,0.0,0.0,0.0,0.0
2019-03-12,20,0,57,0.0,0.0,0.0,0.0,0.0
2019-03-12,20,0,58,0.0,0.0,0.0,0.0,0.0
2019-03-12,20,0,59,0.0,0.0,0.0,0.0,0.0
2019-03-12,20,0,63,170.0,170.0,0.0,19214.101157,0.0
2019-03-12,20,0,64,200.0,200.0,0.0,22604.824891,0.0
2019-03-12,20,0,65,41.4,41.4,0.0,346.680079,0.0
2019-03-12,20,0,67,0.0,0.0,0.0,-0.0,0.0
2019-03-12,20,0,68,0.0,0.0,0.0,-0.0,0.0
2019-03-12,20,0,69,0.0,0.0,0.0,0.0,0.0
2019-03-12,20,0,74,65.28,65.28,0.0,649.296298,0.0
2019-03-12,20,0,77,0.0,0.0,0.0,-0.0,0.0
2019-03-12,20,0,78,0.0,0.0,0.0,-0.0,0.0
2019-03-12,20,0,79,0.0,0.0,0.0,-0.0,0.0
2019-03-12,20,0,80,0.0,0.0,0.0,-0.0,0.0
2019-03-12,20,0,81,0.0,0.0,0.0,-0.0,0.0
2019-03-12,20,0,82,0.0,0.0,0.0,-0.0,0.0
2019-03-12,20,0,83,0.0,0.0,0.0,-0.0,0.0
2019-03-12,20,0,84,0.0,0.0,0.0,0.0,0.0
2019-03-12,20,0,86,0.0,0.0,0.0,0.0,0.0
2019-03-12,20,0,87,0.0,0.0,0.0,0.0,0.0
2019-03-12,20,0,88,0.0,0.0,0.0,-0.0,0.0
2019-03-12,20,0,89,0.0,0.0,0.0,-0.0,0.0
2019-03-12,20,0,90,0.0,0.0,0.0,-0.0,0.0
2019-03-12,20,0,91,0.0,0.0,0.0,-0.0,0.0
2019-03-12,20,0,92,0.0,0.0,0.0,-0.0,0.0
2019-03-12,20,0,95,120.0,120.0,0.0,2691.568394,0.0
2019-03-12,20,0,96,0.0,0.0,0.0,0.0,0.0
2019-03-12,20,0,97,0.0,0.0,0.0,0.0,0.0
2019-03-12,20,0,99,12.6,12.6,0.0,125.323734,0.0
2019-03-12,20,0,101,0.0,0.0,0.0,0.0,0.0
2019-03-12,20,0,102,0.0,0.0,0.0,-0.0,0.0
2019-03-12,20,0,103,0.0,0.0,0.0,-0.0,0.0
2019-03-12,20,0,104,0.0,0.0,0.0,-0.0,0.0
2019-03-12,20,0,106,0.0,0.0,0.0,0.0,0.0
2019-03-12,20,0,109,0.0,0.0,0.0,0.0,0.0
2019-03-12,20,0,110,338.6,338.6,0.0,-338600.0,0.0
2019-03-12,20,0,111,0.0,0.0,0.0,0.0,0.0
2019-03-12,20,0,113,0.0,0.0,0.0,-0.0,0.0
2019-03-12,20,0,115,0.0,0.0,0.0,-0.0,0.0
2019-03-12,20,0,116,0.0,0.0,0.0,-0.0,0.0
2019-03-12,20,0,117,0.0,0.0,0.0,-0.0,0.0
2019-03-12,20,0,119,200.0,200.0,0.0,22604.824891,0.0
2019-03-12,20,0,120,117.6,117.6,0.0,13291.637036,0.0
2019-03-12,20,0,123,0.0,0.0,0.0,0.0,0.0
2019-03-12,20,0,125,0.0,0.0,0.0,0.0,0.0
2019-03-12,20,0,126,0.0,0.0,0.0,0.0,0.0
2019-03-12,20,0,127,0.0,0.0,0.0,0.0,0.0
2019-03-12,20,0,128,0.0,0.0,0.0,0.0,0.0
2019-03-12,20,0,131,0.0,0.0,0.0,-0.0,0.0
2019-03-12,20,0,132,0.0,0.0,0.0,-0.0,0.0
2019-03-12,20,0,133,103.8,103.8,0.0,862.92204,0.0
2019-03-12,20,0,134,0.0,0.0,0.0,0.0,0.0
2019-03-12,20,0,135,138.32,138.32,0.0,1149.897655,0.0
2019-03-12,20,0,136,45.9,45.9,0.0,384.50225,0.0
2019-03-12,20,0,139,0.0,0.0,0.0,0.0,0.0
2019-03-12,20,0,140,250.6,250.6,0.0,-250600.0,0.0
2019-03-12,20,0,141,0.0,0.0,0.0,-0.0,0.0
2019-03-12,20,0,142,0.0,0.0,0.0,-0.0,0.0
2019-03-12,20,0,143,71.55,71.55,0.0,1157.830501,0.0
2019-03-12,20,0,145,0.0,0.0,0.0,0.0,0.0
2019-03-12,20,0,146,268.0,268.0,0.0,-268000.0,0.0
2019-03-12,20,0,152,0.0,0.0,0.0,0.0,0.0
2019-03-12,20,0,153,0.0,0.0,0.0,0.0,0.0
2019-03-12,20,0,154,0.0,0.0,0.0,0.0,0.0
2019-03-12,20,0,157,250.0,250.0,0.0,-129692.391576,0.0
2019-03-12,20,0,158,0.0,0.0,0.0,-0.0,0.0
2019-03-12,20,0,159,0.0,0.0,0.0,0.0,0.0
2019-03-12,20,0,160,0.0,0.0,0.0,0.0,0.0
2019-03-12,20,0,161,0.0,0.0,0.0,-0.0,0.0
2019-03-12,20,0,162,162.5,162.5,0.0,3765.374648,0.0
2019-03-12,20,0,163,185.4,185.4,0.0,-185400.0,0.0
2019-03-12,20,0,164,0.0,0.0,0.0,0.0,0.0
2019-03-12,20,0,167,0.0,0.0,0.0,0.0,0.0
2019-03-12,20,0,168,0.0,0.0,0.0,0.0,0.0
2019-03-12,20,0,169,0.0,0.0,0.0,0.0,0.0
2019-03-12,20,0,170,0.0,0.0,0.0,0.0,0.0
2019-03-12,20,0,172,0.0,0.0,0.0,0.0,0.0
2019-03-12,20,0,173,0.0,0.0,0.0,0.0,0.0
2019-03-12,20,0,188,0.0,0.0,0.0,0.0,0.0
2019-03-12,20,0,190,0.0,0.0,0.0,0.0,0.0
2019-03-12,20,0,191,0.0,0.0,0.0,0.0,0.0
2019-03-12,20,0,192,332.6,332.6,0.0,10785.405497,0.0
2019-03-12,20,0,194,0.0,0.0,0.0,-0.0,0.0
2019-03-12,20,0,196,0.0,0.0,0.0,0.0,0.0
2019-03-12,20,0,198,0.0,0.0,0.0,0.0,0.0
2019-03-12,20,0,199,130.0,130.0,0.0,-1770.817516,0.0
2019-03-12,20,0,200,0.0,0.0,0.0,-0.0,0.0
2019-03-12,20,0,204,0.0,0.0,0.0,0.0,0.0
2019-03-12,20,0,205,0.0,0.0,0.0,0.0,0.0
2019-03-12,20,0,206,0.0,0.0,0.0,0.0,0.0
2019-03-12,20,0,210,0.0,0.0,0.0,0.0,0.0
2019-03-12,20,0,214,0.0,0.0,0.0,0.0,0.0
2019-03-12,20,0,217,0.0,0.0,0.0,0.0,0.0
2019-03-12,20,0,218,0.0,0.0,0.0,0.0,0.0
2019-03-12,20,0,219,0.0,0.0,0.0,0.0,0.0
2019-03-12,20,0,221,0.0,0.0,0.0,0.0,0.0
2019-03-12,20,0,225,0.0,0.0,0.0,0.0,0.0
2019-03-12,20,0,233,0.0,0.0,0.0,0.0,0.0
2019-03-12,20,0,236,159.03,159.03,0.0,1443.070681,0.0
2019-03-12,20,0,237,156.6,156.6,0.0,1557.594981,0.0
2019-03-12,20,0,238,0.0,0.0,0.0,0.0,0.0
2019-03-12,20,0,240,0.0,0.0,0.0,0.0,0.0
2019-03-12,20,0,245,145.89,145.89,0.0,1183.878999,0.0
2019-03-12,20,0,247,171.72,171.72,0.0,1393.4862,0.0
2019-03-12,20,0,248,15.72,15.72,0.0,156.356278,0.0
2019-03-12,20,0,249,280.44,280.44,0.0,2275.735325,0.0
2019-03-12,20,0,251,326.4,326.4,0.0,2762.925082,0.0
2019-03-12,20,0,252,267.06,267.06,0.0,2236.337726,0.0
2019-03-12,20,0,254,0.0,0.0,0.0,0.0,0.0
2019-03-12,20,0,255,0.0,0.0,0.0,0.0,0.0
2019-03-12,20,0,258,0.0,0.0,0.0,0.0,0.0
2019-03-12,20,0,260,0.0,0.0,0.0,0.0,0.0
2019-03-12,20,0,265,0.0,0.0,0.0,0.0,0.0
2019-03-12,20,0,266,0.0,0.0,0.0,0.0,0.0
2019-03-12,20,0,267,0.0,0.0,0.0,0.0,0.0
2019-03-12,20,0,270,579.0,579.0,0.0,-579000.0,0.0
2019-03-12,20,0,272,0.0,0.0,0.0,-0.0,0.0
2019-03-12,20,0,273,0.0,0.0,0.0,-0.0,0.0
2019-03-12,20,0,274,746.4,746.4,0.0,-746400.0,0.0
2019-03-12,20,0,275,1039.0,1039.0,0.0,-1039000.0,0.0
2019-03-12,20,0,276,0.0,0.0,0.0,-0.0,0.0
2019-03-12,20,0,277,0.0,0.0,0.0,-0.0,0.0
2019-03-12,20,0,278,0.0,0.0,0.0,-0.0,0.0
2019-03-12,20,0,279,0.0,0.0,0.0,-0.0,0.0
2019-03-12,20,0,281,16.83,16.83,0.0,272.345036,0.0
2019-03-12,20,0,282,0.0,0.0,0.0,0.0,0.0
2019-03-12,21,0,9,0.0,0.0,0.0,0.0,0.0
2019-03-12,21,0,17,0.0,0.0,0.0,-0.0,0.0
2019-03-12,21,0,19,643.3,643.3,0.0,-624.125436,0.0
2019-03-12,21,0,20,780.2,780.2,0.0,-756.944918,0.0
2019-03-12,21,0,21,0.0,0.0,0.0,0.0,0.0
2019-03-12,21,0,22,0.0,0.0,0.0,0.0,0.0
2019-03-12,21,0,23,0.0,0.0,0.0,0.0,0.0
2019-03-12,21,0,24,0.0,0.0,0.0,0.0,0.0
2019-03-12,21,0,29,0.0,0.0,0.0,0.0,0.0
2019-03-12,21,0,30,0.0,0.0,0.0,0.0,0.0
2019-03-12,21,0,31,37.5,37.5,0.0,604.793621,0.0
2019-03-12,21,0,32,0.0,0.0,0.0,0.0,0.0
2019-03-12,21,0,33,0.0,0.0,0.0,0.0,0.0
2019-03-12,21,0,34,0.0,0.0,0.0,0.0,0.0
2019-03-12,21,0,35,0.0,0.0,0.0,0.0,0.0
2019-03-12,21,0,36,0.0,0.0,0.0,0.0,0.0
2019-03-12,21,0,37,0.0,0.0,0.0,0.0,0.0
2019-03-12,21,0,38,0.0,0.0,0.0,0.0,0.0
2019-03-12,21,0,39,0.0,0.0,0.0,0.0,0.0
2019-03-12,21,0,40,0.0,0.0,0.0,0.0,0.0
2019-03-12,21,0,41,0.0,0.0,0.0,0.0,0.0
2019-03-12,21,0,42,0.0,0.0,0.0,0.0,0.0
2019-03-12,21,0,43,0.0,0.0,0.0,0.0,0.0
2019-03-12,21,0,46,0.0,0.0,0.0,0.0,0.0
2019-03-12,21,0,52,39.75,39.75,0.0,641.081239,0.0
2019-03-12,21,0,53,63.15,63.15,0.0,1018.472458,0.0
2019-03-12,21,0,55,0.0,0.0,0.0,0.0,0.0
2019-03-12,21,0,56,0.0,0.0,0.0,0.0,0.0
2019-03-12,21,0,57,0.0,0.0,0.0,0.0,0.0
2019-03-12,21,0,58,0.0,0.0,0.0,0.0,0.0
2019-03-12,21,0,59,0.0,0.0,0.0,0.0,0.0
2019-03-12,21,0,63,0.0,0.0,0.0,0.0,0.0
2019-03-12,21,0,64,0.0,0.0,0.0,0.0,0.0
2019-03-12,21,0,65,41.4,41.4,0.0,245.514607,0.0
2019-03-12,21,0,67,0.0,0.0,0.0,0.0,0.0
2019-03-12,21,0,68,0.0,0.0,0.0,0.0,0.0
2019-03-12,21,0,69,0.0,0.0,0.0,0.0,0.0
2019-03-12,21,0,74,65.28,65.28,0.0,1136.555314,0.0
2019-03-12,21,0,77,0.0,0.0,0.0,0.0,0.0
2019-03-12,21,0,78,0.0,0.0,0.0,0.0,0.0
2019-03-12,21,0,79,0.0,0.0,0.0,0.0,0.0
2019-03-12,21,0,80,0.0,0.0,0.0,0.0,0.0
2019-03-12,21,0,81,0.0,0.0,0.0,0.0,0.0
2019-03-12,21,0,82,0.0,0.0,0.0,0.0,0.0
2019-03-12,21,0,83,0.0,0.0,0.0,0.0,0.0
2019-03-12,21,0,84,0.0,0.0,0.0,0.0,0.0
2019-03-12,21,0,86,0.0,0.0,0.0,0.0,0.0
2019-03-12,21,0,87,0.0,0.0,0.0,0.0,0.0
2019-03-12,21,0,88,0.0,0.0,0.0,0.0,0.0
2019-03-12,21,0,89,0.0,0.0,0.0,0.0,0.0
2019-03-12,21,0,90,0.0,0.0,0.0,0.0,0.0
2019-03-12,21,0,91,0.0,0.0,0.0,0.0,0.0
2019-03-12,21,0,92,0.0,0.0,0.0,0.0,0.0
2019-03-12,21,0,95,120.0,120.0,0.0,1857.811443,0.0
2019-03-12,21,0,96,0.0,0.0,0.0,0.0,0.0
2019-03-12,21,0,97,0.0,0.0,0.0,0.0,0.0
2019-03-12,21,0,99,12.6,12.6,0.0,219.37189,0.0
2019-03-12,21,0,101,0.0,0.0,0.0,0.0,0.0
2019-03-12,21,0,102,0.0,0.0,0.0,0.0,0.0
2019-03-12,21,0,103,0.0,0.0,0.0,0.0,0.0
2019-03-12,21,0,104,0.0,0.0,0.0,0.0,0.0
2019-03-12,21,0,106,0.0,0.0,0.0,0.0,0.0
2019-03-12,21,0,109,0.0,0.0,0.0,0.0,0.0
2019-03-12,21,0,110,338.6,338.6,0.0,5264.049665,0.0
2019-03-12,21,0,111,0.0,0.0,0.0,0.0,0.0
2019-03-12,21,0,113,0.0,0.0,0.0,0.0,0.0
2019-03-12,21,0,115,0.0,0.0,0.0,0.0,0.0
2019-03-12,21,0,116,0.0,0.0,0.0,0.0,0.0
2019-03-12,21,0,117,0.0,0.0,0.0,0.0,0.0
2019-03-12,21,0,119,0.0,0.0,0.0,0.0,0.0
2019-03-12,21,0,120,0.0,0.0,0.0,0.0,0.0
2019-03-12,21,0,123,0.0,0.0,0.0,0.0,0.0
2019-03-12,21,0,125,0.0,0.0,0.0,0.0,0.0
2019-03-12,21,0,126,0.0,0.0,0.0,0.0,0.0
2019-03-12,21,0,127,0.0,0.0,0.0,0.0,0.0
2019-03-12,21,0,128,0.0,0.0,0.0,0.0,0.0
2019-03-12,21,0,131,0.0,0.0,0.0,0.0,0.0
2019-03-12,21,0,132,0.0,0.0,0.0,0.0,0.0
2019-03-12,21,0,133,91.59,91.59,0.0,786.689197,0.0
2019-03-12,21,0,134,0.0,0.0,0.0,0.0,0.0
2019-03-12,21,0,135,119.08,119.08,0.0,1022.807616,0.0
2019-03-12,21,0,136,45.9,45.9,0.0,289.588973,0.0
2019-03-12,21,0,139,0.0,0.0,0.0,0.0,0.0
2019-03-12,21,0,140,250.6,250.6,0.0,3895.956427,0.0
2019-03-12,21,0,141,0.0,0.0,0.0,0.0,0.0
2019-03-12,21,0,142,0.0,0.0,0.0,0.0,0.0
2019-03-12,21,0,143,71.55,71.55,0.0,1153.94623,0.0
2019-03-12,21,0,145,0.0,0.0,0.0,0.0,0.0
2019-03-12,21,0,146,268.0,268.0,0.0,4166.465772,0.0
2019-03-12,21,0,152,0.0,0.0,0.0,0.0,0.0
2019-03-12,21,0,153,0.0,0.0,0.0,0.0,0.0
2019-03-12,21,0,154,0.0,0.0,0.0,0.0,0.0
2019-03-12,21,0,157,250.0,250.0,0.0,3905.827072,0.0
2019-03-12,21,0,158,0.0,0.0,0.0,0.0,0.0
2019-03-12,21,0,159,0.0,0.0,0.0,0.0,0.0
2019-03-12,21,0,160,0.0,0.0,0.0,0.0,0.0
2019-03-12,21,0,161,0.0,0.0,0.0,0.0,0.0
2019-03-12,21,0,162,162.5,162.5,0.0,2515.85323,0.0
2019-03-12,21,0,163,0.0,0.0,0.0,0.0,0.0
2019-03-12,21,0,164,0.0,0.0,0.0,0.0,0.0
2019-03-12,21,0,167,0.0,0.0,0.0,0.0,0.0
2019-03-12,21,0,168,0.0,0.0,0.0,0.0,0.0
2019-03-12,21,0,169,0.0,0.0,0.0,0.0,0.0
2019-03-12,21,0,170,0.0,0.0,0.0,0.0,0.0
2019-03-12,21,0,172,0.0,0.0,0.0,0.0,0.0
2019-03-12,21,0,173,0.0,0.0,0.0,0.0,0.0
2019-03-12,21,0,188,0.0,0.0,0.0,0.0,0.0
2019-03-12,21,0,190,0.0,0.0,0.0,0.0,0.0
2019-03-12,21,0,191,0.0,0.0,0.0,0.0,0.0
2019-03-12,21,0,192,332.6,332.6,0.0,5157.330142,0.0
2019-03-12,21,0,194,0.0,0.0,0.0,0.0,0.0
2019-03-12,21,0,196,0.0,0.0,0.0,0.0,0.0
2019-03-12,21,0,198,0.0,0.0,0.0,0.0,0.0
2019-03-12,21,0,199,130.0,130.0,0.0,1969.16355,0.0
2019-03-12,21,0,200,0.0,0.0,0.0,0.0,0.0
2019-03-12,21,0,204,0.0,0.0,0.0,0.0,0.0
2019-03-12,21,0,205,0.0,0.0,0.0,0.0,0.0
2019-03-12,21,0,206,0.0,0.0,0.0,0.0,0.0
2019-03-12,21,0,210,0.0,0.0,0.0,0.0,0.0
2019-03-12,21,0,214,0.0,0.0,0.0,0.0,0.0
2019-03-12,21,0,217,0.0,0.0,0.0,0.0,0.0
2019-03-12,21,0,218,0.0,0.0,0.0,0.0,0.0
2019-03-12,21,0,219,0.0,0.0,0.0,0.0,0.0
2019-03-12,21,0,221,0.0,0.0,0.0,0.0,0.0
2019-03-12,21,0,225,0.0,0.0,0.0,0.0,0.0
2019-03-12,21,0,233,0.0,0.0,0.0,0.0,0.0
2019-03-12,21,0,236,159.03,159.03,0.0,2764.128626,0.0
2019-03-12,21,0,237,156.6,156.6,0.0,2726.479201,0.0
2019-03-12,21,0,238,0.0,0.0,0.0,0.0,0.0
2019-03-12,21,0,240,0.0,0.0,0.0,0.0,0.0
2019-03-12,21,0,245,260.0,260.0,0.0,2358.578392,0.0
2019-03-12,21,0,247,171.72,171.72,0.0,1557.750314,0.0
2019-03-12,21,0,248,15.72,15.72,0.0,273.692548,0.0
2019-03-12,21,0,249,500.0,500.0,0.0,4535.727678,0.0
2019-03-12,21,0,251,326.4,326.4,0.0,2855.576176,0.0
2019-03-12,21,0,252,267.06,267.06,0.0,1583.747126,0.0
2019-03-12,21,0,254,0.0,0.0,0.0,0.0,0.0
2019-03-12,21,0,255,0.0,0.0,0.0,0.0,0.0
2019-03-12,21,0,258,0.0,0.0,0.0,0.0,0.0
2019-03-12,21,0,260,0.0,0.0,0.0,0.0,0.0
2019-03-12,21,0,265,0.0,0.0,0.0,0.0,0.0
2019-03-12,21,0,266,0.0,0.0,0.0,0.0,0.0
2019-03-12,21,0,267,0.0,0.0,0.0,0.0,0.0
2019-03-12,21,0,270,0.0,0.0,0.0,0.0,0.0
2019-03-12,21,0,272,0.0,0.0,0.0,0.0,0.0
2019-03-12,21,0,273,0.0,0.0,0.0,0.0,0.0
2019-03-12,21,0,274,0.0,0.0,0.0,0.0,0.0
2019-03-12,21,0,275,0.0,0.0,0.0,0.0,0.0
2019-03-12,21,0,276,0.0,0.0,0.0,0.0,0.0
2019-03-12,21,0,277,0.0,0.0,0.0,0.0,0.0
2019-03-12,21,0,278,0.0,0.0,0.0,0.0,0.0
2019-03-12,21,0,279,0.0,0.0,0.0,0.0,0.0
2019-03-12,21,0,281,16.83,16.83,0.0,271.431377,0.0
2019-03-12,21,0,282,0.0,0.0,0.0,0.0,0.0
2019-03-12,22,0,9,0.0,0.0,0.0,0.0,0.0
2019-03-12,22,0,17,0.0,0.0,0.0,-0.0,0.0
2019-03-12,22,0,19,643.3,643.3,0.0,-877.580104,0.0
2019-03-12,22,0,20,780.2,780.2,0.0,-1064.337008,0.0
2019-03-12,22,0,21,0.0,0.0,0.0,0.0,0.0
2019-03-12,22,0,22,0.0,0.0,0.0,0.0,0.0
2019-03-12,22,0,23,0.0,0.0,0.0,0.0,0.0
2019-03-12,22,0,24,0.0,0.0,0.0,0.0,0.0
2019-03-12,22,0,29,0.0,0.0,0.0,0.0,0.0
2019-03-12,22,0,30,0.0,0.0,0.0,0.0,0.0
2019-03-12,22,0,31,37.5,37.5,0.0,561.62441,0.0
2019-03-12,22,0,32,0.0,0.0,0.0,0.0,0.0
2019-03-12,22,0,33,0.0,0.0,0.0,0.0,0.0
2019-03-12,22,0,34,0.0,0.0,0.0,0.0,0.0
2019-03-12,22,0,35,0.0,0.0,0.0,0.0,0.0
2019-03-12,22,0,36,0.0,0.0,0.0,0.0,0.0
2019-03-12,22,0,37,0.0,0.0,0.0,0.0,0.0
2019-03-12,22,0,38,0.0,0.0,0.0,0.0,0.0
2019-03-12,22,0,39,0.0,0.0,0.0,0.0,0.0
2019-03-12,22,0,40,0.0,0.0,0.0,0.0,0.0
2019-03-12,22,0,41,0.0,0.0,0.0,0.0,0.0
2019-03-12,22,0,42,0.0,0.0,0.0,0.0,0.0
2019-03-12,22,0,43,0.0,0.0,0.0,0.0,0.0
2019-03-12,22,0,46,0.0,0.0,0.0,0.0,0.0
2019-03-12,22,0,52,39.75,39.75,0.0,595.321874,0.0
2019-03-12,22,0,53,63.15,63.15,0.0,945.775506,0.0
2019-03-12,22,0,55,0.0,0.0,0.0,0.0,0.0
2019-03-12,22,0,56,0.0,0.0,0.0,0.0,0.0
2019-03-12,22,0,57,0.0,0.0,0.0,0.0,0.0
2019-03-12,22,0,58,0.0,0.0,0.0,0.0,0.0
2019-03-12,22,0,59,0.0,0.0,0.0,0.0,0.0
2019-03-12,22,0,63,0.0,0.0,0.0,0.0,0.0
2019-03-12,22,0,64,0.0,0.0,0.0,0.0,0.0
2019-03-12,22,0,65,41.4,41.4,0.0,194.428826,0.0
2019-03-12,22,0,67,0.0,0.0,0.0,0.0,0.0
2019-03-12,22,0,68,0.0,0.0,0.0,0.0,0.0
2019-03-12,22,0,69,0.0,0.0,0.0,0.0,0.0
2019-03-12,22,0,74,65.28,65.28,0.0,879.064702,0.0
2019-03-12,22,0,77,0.0,0.0,0.0,0.0,0.0
2019-03-12,22,0,78,0.0,0.0,0.0,0.0,0.0
2019-03-12,22,0,79,0.0,0.0,0.0,0.0,0.0
2019-03-12,22,0,80,0.0,0.0,0.0,0.0,0.0
2019-03-12,22,0,81,0.0,0.0,0.0,0.0,0.0
2019-03-12,22,0,82,0.0,0.0,0.0,0.0,0.0
2019-03-12,22,0,83,0.0,0.0,0.0,0.0,0.0
2019-03-12,22,0,84,0.0,0.0,0.0,0.0,0.0
2019-03-12,22,0,86,0.0,0.0,0.0,0.0,0.0
2019-03-12,22,0,87,0.0,0.0,0.0,0.0,0.0
2019-03-12,22,0,88,0.0,0.0,0.0,0.0,0.0
2019-03-12,22,0,89,0.0,0.0,0.0,0.0,0.0
2019-03-12,22,0,90,0.0,0.0,0.0,0.0,0.0
2019-03-12,22,0,91,0.0,0.0,0.0,0.0,0.0
2019-03-12,22,0,92,0.0,0.0,0.0,0.0,0.0
2019-03-12,22,0,95,120.0,120.0,0.0,2108.029483,0.0
2019-03-12,22,0,96,0.0,0.0,0.0,0.0,0.0
2019-03-12,22,0,97,0.0,0.0,0.0,0.0,0.0
2019-03-12,22,0,99,12.6,12.6,0.0,169.672415,0.0
2019-03-12,22,0,101,0.0,0.0,0.0,0.0,0.0
2019-03-12,22,0,102,0.0,0.0,0.0,0.0,0.0
2019-03-12,22,0,103,0.0,0.0,0.0,0.0,0.0
2019-03-12,22,0,104,0.0,0.0,0.0,0.0,0.0
2019-03-12,22,0,106,0.0,0.0,0.0,0.0,0.0
2019-03-12,22,0,109,0.0,0.0,0.0,0.0,0.0
2019-03-12,22,0,110,338.6,338.6,0.0,5784.026514,0.0
2019-03-12,22,0,111,0.0,0.0,0.0,0.0,0.0
2019-03-12,22,0,113,0.0,0.0,0.0,0.0,0.0
2019-03-12,22,0,115,0.0,0.0,0.0,0.0,0.0
2019-03-12,22,0,116,0.0,0.0,0.0,0.0,0.0
2019-03-12,22,0,117,0.0,0.0,0.0,0.0,0.0
2019-03-12,22,0,119,0.0,0.0,0.0,0.0,0.0
2019-03-12,22,0,120,0.0,0.0,0.0,0.0,0.0
2019-03-12,22,0,123,0.0,0.0,0.0,0.0,0.0
2019-03-12,22,0,125,0.0,0.0,0.0,0.0,0.0
2019-03-12,22,0,126,0.0,0.0,0.0,0.0,0.0
2019-03-12,22,0,127,0.0,0.0,0.0,0.0,0.0
2019-03-12,22,0,128,0.0,0.0,0.0,0.0,0.0
2019-03-12,22,0,131,0.0,0.0,0.0,0.0,0.0
2019-03-12,22,0,132,0.0,0.0,0.0,0.0,0.0
2019-03-12,22,0,133,139.8,139.8,0.0,1278.079161,0.0
2019-03-12,22,0,134,0.0,0.0,0.0,0.0,0.0
2019-03-12,22,0,135,187.33,187.33,0.0,1712.607792,0.0
2019-03-12,22,0,136,45.9,45.9,0.0,230.833832,0.0
2019-03-12,22,0,139,0.0,0.0,0.0,0.0,0.0
2019-03-12,22,0,140,250.6,250.6,0.0,4280.794579,0.0
2019-03-12,22,0,141,0.0,0.0,0.0,0.0,0.0
2019-03-12,22,0,142,0.0,0.0,0.0,0.0,0.0
2019-03-12,22,0,143,71.55,71.55,0.0,1071.579374,0.0
2019-03-12,22,0,145,0.0,0.0,0.0,0.0,0.0
2019-03-12,22,0,146,268.0,268.0,0.0,4578.02453,0.0
2019-03-12,22,0,152,0.0,0.0,0.0,0.0,0.0
2019-03-12,22,0,153,0.0,0.0,0.0,0.0,0.0
2019-03-12,22,0,154,0.0,0.0,0.0,0.0,0.0
2019-03-12,22,0,157,250.0,250.0,0.0,4176.153971,0.0
2019-03-12,22,0,158,0.0,0.0,0.0,0.0,0.0
2019-03-12,22,0,159,0.0,0.0,0.0,0.0,0.0
2019-03-12,22,0,160,0.0,0.0,0.0,0.0,0.0
2019-03-12,22,0,161,0.0,0.0,0.0,0.0,0.0
2019-03-12,22,0,162,96.21,96.21,0.0,1689.733458,0.0
2019-03-12,22,0,163,0.0,0.0,0.0,0.0,0.0
2019-03-12,22,0,164,0.0,0.0,0.0,0.0,0.0
2019-03-12,22,0,167,0.0,0.0,0.0,0.0,0.0
2019-03-12,22,0,168,0.0,0.0,0.0,0.0,0.0
2019-03-12,22,0,169,0.0,0.0,0.0,0.0,0.0
2019-03-12,22,0,170,0.0,0.0,0.0,0.0,0.0
2019-03-12,22,0,172,0.0,0.0,0.0,0.0,0.0
2019-03-12,22,0,173,0.0,0.0,0.0,0.0,0.0
2019-03-12,22,0,188,0.0,0.0,0.0,0.0,0.0
2019-03-12,22,0,190,0.0,0.0,0.0,0.0,0.0
2019-03-12,22,0,191,0.0,0.0,0.0,0.0,0.0
2019-03-12,22,0,192,332.6,332.6,0.0,5769.377885,0.0
2019-03-12,22,0,194,0.0,0.0,0.0,0.0,0.0
2019-03-12,22,0,196,0.0,0.0,0.0,0.0,0.0
2019-03-12,22,0,198,0.0,0.0,0.0,0.0,0.0
2019-03-12,22,0,199,130.0,130.0,0.0,1857.307313,0.0
2019-03-12,22,0,200,0.0,0.0,0.0,0.0,0.0
2019-03-12,22,0,204,0.0,0.0,0.0,0.0,0.0
2019-03-12,22,0,205,0.0,0.0,0.0,0.0,0.0
2019-03-12,22,0,206,0.0,0.0,0.0,0.0,0.0
2019-03-12,22,0,210,0.0,0.0,0.0,0.0,0.0
2019-03-12,22,0,214,0.0,0.0,0.0,0.0,0.0
2019-03-12,22,0,217,0.0,0.0,0.0,0.0,0.0
2019-03-12,22,0,218,0.0,0.0,0.0,0.0,0.0
2019-03-12,22,0,219,0.0,0.0,0.0,0.0,0.0
2019-03-12,22,0,221,0.0,0.0,0.0,0.0,0.0
2019-03-12,22,0,225,0.0,0.0,0.0,0.0,0.0
2019-03-12,22,0,233,0.0,0.0,0.0,0.0,0.0
2019-03-12,22,0,236,159.03,159.03,0.0,2093.949984,0.0
2019-03-12,22,0,237,156.6,156.6,0.0,2108.785728,0.0
2019-03-12,22,0,238,0.0,0.0,0.0,0.0,0.0
2019-03-12,22,0,240,0.0,0.0,0.0,0.0,0.0
2019-03-12,22,0,245,260.0,260.0,0.0,2176.216537,0.0
2019-03-12,22,0,247,171.72,171.72,0.0,1437.307322,0.0
2019-03-12,22,0,248,15.72,15.72,0.0,211.686537,0.0
2019-03-12,22,0,249,500.0,500.0,0.0,4185.031801,0.0
2019-03-12,22,0,251,678.68,678.68,0.0,4718.053752,0.0
2019-03-12,22,0,252,267.06,267.06,0.0,1254.206819,0.0
2019-03-12,22,0,254,0.0,0.0,0.0,0.0,0.0
2019-03-12,22,0,255,0.0,0.0,0.0,0.0,0.0
2019-03-12,22,0,258,0.0,0.0,0.0,0.0,0.0
2019-03-12,22,0,260,0.0,0.0,0.0,0.0,0.0
2019-03-12,22,0,265,0.0,0.0,0.0,0.0,0.0
2019-03-12,22,0,266,0.0,0.0,0.0,0.0,0.0
2019-03-12,22,0,267,0.0,0.0,0.0,0.0,0.0
2019-03-12,22,0,270,0.0,0.0,0.0,0.0,0.0
2019-03-12,22,0,272,0.0,0.0,0.0,0.0,0.0
2019-03-12,22,0,273,0.0,0.0,0.0,0.0,0.0
2019-03-12,22,0,274,0.0,0.0,0.0,0.0,0.0
2019-03-12,22,0,275,0.0,0.0,0.0,0.0,0.0
2019-03-12,22,0,276,0.0,0.0,0.0,0.0,0.0
2019-03-12,22,0,277,0.0,0.0,0.0,0.0,0.0
2019-03-12,22,0,278,0.0,0.0,0.0,0.0,0.0
2019-03-12,22,0,279,0.0,0.0,0.0,0.0,0.0
2019-03-12,22,0,281,16.83,16.83,0.0,252.057035,0.0
2019-03-12,22,0,282,0.0,0.0,0.0,0.0,0.0
2019-03-12,23,0,9,0.0,0.0,0.0,0.0,0.0
2019-03-12,23,0,17,0.0,0.0,0.0,-0.0,0.0
2019-03-12,23,0,19,643.3,643.3,0.0,-646.810285,0.0
2019-03-12,23,0,20,780.2,780.2,0.0,-784.457305,0.0
2019-03-12,23,0,21,0.0,0.0,0.0,0.0,0.0
2019-03-12,23,0,22,0.0,0.0,0.0,0.0,0.0
2019-03-12,23,0,23,0.0,0.0,0.0,0.0,0.0
2019-03-12,23,0,24,0.0,0.0,0.0,0.0,0.0
2019-03-12,23,0,29,0.0,0.0,0.0,0.0,0.0
2019-03-12,23,0,30,0.0,0.0,0.0,0.0,0.0
2019-03-12,23,0,31,37.5,37.5,0.0,413.253401,0.0
2019-03-12,23,0,32,0.0,0.0,0.0,0.0,0.0
2019-03-12,23,0,33,0.0,0.0,0.0,0.0,0.0
2019-03-12,23,0,34,0.0,0.0,0.0,0.0,0.0
2019-03-12,23,0,35,0.0,0.0,0.0,0.0,0.0
2019-03-12,23,0,36,0.0,0.0,0.0,0.0,0.0
2019-03-12,23,0,37,0.0,0.0,0.0,0.0,0.0
2019-03-12,23,0,38,0.0,0.0,0.0,0.0,0.0
2019-03-12,23,0,39,0.0,0.0,0.0,0.0,0.0
2019-03-12,23,0,40,0.0,0.0,0.0,0.0,0.0
2019-03-12,23,0,41,0.0,0.0,0.0,0.0,0.0
2019-03-12,23,0,42,0.0,0.0,0.0,0.0,0.0
2019-03-12,23,0,43,0.0,0.0,0.0,0.0,0.0
2019-03-12,23,0,46,0.0,0.0,0.0,0.0,0.0
2019-03-12,23,0,52,39.75,39.75,0.0,438.048605,0.0
2019-03-12,23,0,53,63.15,63.15,0.0,695.918728,0.0
2019-03-12,23,0,55,623.0,623.0,0.0,6861.738975,0.0
2019-03-12,23,0,56,0.0,0.0,0.0,0.0,0.0
2019-03-12,23,0,57,0.0,0.0,0.0,0.0,0.0
2019-03-12,23,0,58,0.0,0.0,0.0,0.0,0.0
2019-03-12,23,0,59,0.0,0.0,0.0,0.0,0.0
2019-03-12,23,0,63,0.0,0.0,0.0,0.0,0.0
2019-03-12,23,0,64,0.0,0.0,0.0,0.0,0.0
2019-03-12,23,0,65,41.4,41.4,0.0,186.005924,0.0
2019-03-12,23,0,67,0.0,0.0,0.0,0.0,0.0
2019-03-12,23,0,68,0.0,0.0,0.0,0.0,0.0
2019-03-12,23,0,69,0.0,0.0,0.0,0.0,0.0
2019-03-12,23,0,74,65.28,65.28,0.0,669.281864,0.0
2019-03-12,23,0,77,0.0,0.0,0.0,0.0,0.0
2019-03-12,23,0,78,0.0,0.0,0.0,0.0,0.0
2019-03-12,23,0,79,0.0,0.0,0.0,0.0,0.0
2019-03-12,23,0,80,0.0,0.0,0.0,0.0,0.0
2019-03-12,23,0,81,0.0,0.0,0.0,0.0,0.0
2019-03-12,23,0,82,0.0,0.0,0.0,0.0,0.0
2019-03-12,23,0,83,0.0,0.0,0.0,0.0,0.0
2019-03-12,23,0,84,0.0,0.0,0.0,0.0,0.0
2019-03-12,23,0,86,0.0,0.0,0.0,0.0,0.0
2019-03-12,23,0,87,0.0,0.0,0.0,0.0,0.0
2019-03-12,23,0,88,0.0,0.0,0.0,0.0,0.0
2019-03-12,23,0,89,0.0,0.0,0.0,0.0,0.0
2019-03-12,23,0,90,0.0,0.0,0.0,0.0,0.0
2019-03-12,23,0,91,0.0,0.0,0.0,0.0,0.0
2019-03-12,23,0,92,0.0,0.0,0.0,0.0,0.0
2019-03-12,23,0,95,120.0,120.0,0.0,1434.551838,0.0
2019-03-12,23,0,96,0.0,0.0,0.0,0.0,0.0
2019-03-12,23,0,97,0.0,0.0,0.0,0.0,0.0
2019-03-12,23,0,99,12.6,12.6,0.0,129.181242,0.0
2019-03-12,23,0,101,0.0,0.0,0.0,0.0,0.0
2019-03-12,23,0,102,0.0,0.0,0.0,0.0,0.0
2019-03-12,23,0,103,0.0,0.0,0.0,0.0,0.0
2019-03-12,23,0,104,0.0,0.0,0.0,0.0,0.0
2019-03-12,23,0,106,0.0,0.0,0.0,0.0,0.0
2019-03-12,23,0,109,0.0,0.0,0.0,0.0,0.0
2019-03-12,23,0,110,338.6,338.6,0.0,4005.379374,0.0
2019-03-12,23,0,111,0.0,0.0,0.0,0.0,0.0
2019-03-12,23,0,113,0.0,0.0,0.0,0.0,0.0
2019-03-12,23,0,115,0.0,0.0,0.0,0.0,0.0
2019-03-12,23,0,116,0.0,0.0,0.0,0.0,0.0
2019-03-12,23,0,117,0.0,0.0,0.0,0.0,0.0
2019-03-12,23,0,119,0.0,0.0,0.0,0.0,0.0
2019-03-12,23,0,120,0.0,0.0,0.0,0.0,0.0
2019-03-12,23,0,123,0.0,0.0,0.0,0.0,0.0
2019-03-12,23,0,125,0.0,0.0,0.0,0.0,0.0
2019-03-12,23,0,126,0.0,0.0,0.0,0.0,0.0
2019-03-12,23,0,127,0.0,0.0,0.0,0.0,0.0
2019-03-12,23,0,128,0.0,0.0,0.0,0.0,0.0
2019-03-12,23,0,131,0.0,0.0,0.0,0.0,0.0
2019-03-12,23,0,132,0.0,0.0,0.0,0.0,0.0
2019-03-12,23,0,133,139.8,139.8,0.0,1514.12357,0.0
2019-03-12,23,0,134,0.0,0.0,0.0,0.0,0.0
2019-03-12,23,0,135,187.33,187.33,0.0,2028.903922,0.0
2019-03-12,23,0,136,45.9,45.9,0.0,220.078806,0.0
2019-03-12,23,0,139,0.0,0.0,0.0,0.0,0.0
2019-03-12,23,0,140,250.6,250.6,0.0,2964.406589,0.0
2019-03-12,23,0,141,0.0,0.0,0.0,0.0,0.0
2019-03-12,23,0,142,0.0,0.0,0.0,0.0,0.0
2019-03-12,23,0,143,71.55,71.55,0.0,788.48749,0.0
2019-03-12,23,0,145,0.0,0.0,0.0,0.0,0.0
2019-03-12,23,0,146,268.0,268.0,0.0,3170.235299,0.0
2019-03-12,23,0,152,0.0,0.0,0.0,0.0,0.0
2019-03-12,23,0,153,0.0,0.0,0.0,0.0,0.0
2019-03-12,23,0,154,0.0,0.0,0.0,0.0,0.0
2019-03-12,23,0,157,250.0,250.0,0.0,2927.082121,0.0
2019-03-12,23,0,158,0.0,0.0,0.0,0.0,0.0
2019-03-12,23,0,159,0.0,0.0,0.0,0.0,0.0
2019-03-12,23,0,160,0.0,0.0,0.0,0.0,0.0
2019-03-12,23,0,161,0.0,0.0,0.0,0.0,0.0
2019-03-12,23,0,162,48.75,48.75,0.0,582.741932,0.0
2019-03-12,23,0,163,0.0,0.0,0.0,0.0,0.0
2019-03-12,23,0,164,0.0,0.0,0.0,0.0,0.0
2019-03-12,23,0,167,0.0,0.0,0.0,0.0,0.0
2019-03-12,23,0,168,0.0,0.0,0.0,0.0,0.0
2019-03-12,23,0,169,0.0,0.0,0.0,0.0,0.0
2019-03-12,23,0,170,0.0,0.0,0.0,0.0,0.0
2019-03-12,23,0,172,0.0,0.0,0.0,0.0,0.0
2019-03-12,23,0,173,0.0,0.0,0.0,0.0,0.0
2019-03-12,23,0,188,0.0,0.0,0.0,0.0,0.0
2019-03-12,23,0,190,0.0,0.0,0.0,0.0,0.0
2019-03-12,23,0,191,0.0,0.0,0.0,0.0,0.0
2019-03-12,23,0,192,332.6,332.6,0.0,3958.627961,0.0
2019-03-12,23,0,194,0.0,0.0,0.0,0.0,0.0
2019-03-12,23,0,196,0.0,0.0,0.0,0.0,0.0
2019-03-12,23,0,198,0.0,0.0,0.0,0.0,0.0
2019-03-12,23,0,199,95.85,95.85,0.0,1129.885812,0.0
2019-03-12,23,0,200,0.0,0.0,0.0,0.0,0.0
2019-03-12,23,0,204,0.0,0.0,0.0,0.0,0.0
2019-03-12,23,0,205,0.0,0.0,0.0,0.0,0.0
2019-03-12,23,0,206,0.0,0.0,0.0,0.0,0.0
2019-03-12,23,0,210,0.0,0.0,0.0,0.0,0.0
2019-03-12,23,0,214,0.0,0.0,0.0,0.0,0.0
2019-03-12,23,0,217,0.0,0.0,0.0,0.0,0.0
2019-03-12,23,0,218,0.0,0.0,0.0,0.0,0.0
2019-03-12,23,0,219,0.0,0.0,0.0,0.0,0.0
2019-03-12,23,0,221,0.0,0.0,0.0,0.0,0.0
2019-03-12,23,0,225,0.0,0.0,0.0,0.0,0.0
2019-03-12,23,0,233,0.0,0.0,0.0,0.0,0.0
2019-03-12,23,0,236,159.03,159.03,0.0,1615.069433,0.0
2019-03-12,23,0,237,156.6,156.6,0.0,1605.538296,0.0
2019-03-12,23,0,238,0.0,0.0,0.0,0.0,0.0
2019-03-12,23,0,240,0.0,0.0,0.0,0.0,0.0
2019-03-12,23,0,245,260.0,260.0,0.0,2328.804492,0.0
2019-03-12,23,0,247,171.72,171.72,0.0,1538.085798,0.0
2019-03-12,23,0,248,15.72,15.72,0.0,161.168978,0.0
2019-03-12,23,0,249,500.0,500.0,0.0,4478.470178,0.0
2019-03-12,23,0,251,326.4,326.4,0.0,2045.653596,0.0
2019-03-12,23,0,252,267.06,267.06,0.0,1199.872994,0.0
2019-03-12,23,0,254,0.0,0.0,0.0,0.0,0.0
2019-03-12,23,0,255,0.0,0.0,0.0,0.0,0.0
2019-03-12,23,0,258,0.0,0.0,0.0,0.0,0.0
2019-03-12,23,0,260,0.0,0.0,0.0,0.0,0.0
2019-03-12,23,0,265,0.0,0.0,0.0,0.0,0.0
2019-03-12,23,0,266,0.0,0.0,0.0,0.0,0.0
2019-03-12,23,0,267,0.0,0.0,0.0,0.0,0.0
2019-03-12,23,0,270,0.0,0.0,0.0,0.0,0.0
2019-03-12,23,0,272,0.0,0.0,0.0,0.0,0.0
2019-03-12,23,0,273,0.0,0.0,0.0,0.0,0.0
2019-03-12,23,0,274,0.0,0.0,0.0,0.0,0.0
2019-03-12,23,0,275,0.0,0.0,0.0,0.0,0.0
2019-03-12,23,0,276,0.0,0.0,0.0,0.0,0.0
2019-03-12,23,0,277,0.0,0.0,0.0,0.0,0.0
2019-03-12,23,0,278,0.0,0.0,0.0,0.0,0.0
2019-03-12,23,0,279,0.0,0.0,0.0,0.0,0.0
2019-03-12,23,0,281,16.83,16.83,0.0,185.468127,0.0
2019-03-12,23,0,282,0.0,0.0,0.0,0.0,0.0
2019-03-13,0,0,9,0.0,0.0,0.0,-0.0,0.0
2019-03-13,0,0,17,0.0,0.0,0.0,0.0,0.0
2019-03-13,0,0,19,643.3,643.3,0.0,973.551253,0.0
2019-03-13,0,0,20,780.2,780.2,0.0,1180.731676,0.0
2019-03-13,0,0,21,0.0,0.0,0.0,-0.0,0.0
2019-03-13,0,0,22,0.0,0.0,0.0,-0.0,0.0
2019-03-13,0,0,23,108.8,108.8,0.0,-1077.122913,0.0
2019-03-13,0,0,24,192.5,192.5,0.0,-1905.755154,0.0
2019-03-13,0,0,29,0.0,0.0,0.0,0.0,0.0
2019-03-13,0,0,30,0.0,0.0,0.0,-0.0,0.0
2019-03-13,0,0,31,37.5,37.5,0.0,-375.021537,0.0
2019-03-13,0,0,32,0.0,0.0,0.0,0.0,0.0
2019-03-13,0,0,33,0.0,0.0,0.0,0.0,0.0
2019-03-13,0,0,34,0.0,0.0,0.0,0.0,0.0
2019-03-13,0,0,35,0.0,0.0,0.0,0.0,0.0
2019-03-13,0,0,36,0.0,0.0,0.0,0.0,0.0
2019-03-13,0,0,37,0.0,0.0,0.0,0.0,0.0
2019-03-13,0,0,38,0.0,0.0,0.0,0.0,0.0
2019-03-13,0,0,39,0.0,0.0,0.0,0.0,0.0
2019-03-13,0,0,40,0.0,0.0,0.0,0.0,0.0
2019-03-13,0,0,41,0.0,0.0,0.0,-0.0,0.0
2019-03-13,0,0,42,0.0,0.0,0.0,0.0,0.0
2019-03-13,0,0,43,0.0,0.0,0.0,0.0,0.0
2019-03-13,0,0,46,0.0,0.0,0.0,0.0,0.0
2019-03-13,0,0,52,39.75,39.75,0.0,-397.52283,0.0
2019-03-13,0,0,53,63.15,63.15,0.0,-631.536269,0.0
2019-03-13,0,0,55,622.97,622.97,0.0,-6167.419678,0.0
2019-03-13,0,0,56,0.0,0.0,0.0,-0.0,0.0
2019-03-13,0,0,57,0.0,0.0,0.0,-0.0,0.0
2019-03-13,0,0,58,0.0,0.0,0.0,-0.0,0.0
2019-03-13,0,0,59,0.0,0.0,0.0,-0.0,0.0
2019-03-13,0,0,63,0.0,0.0,0.0,0.0,0.0
2019-03-13,0,0,64,0.0,0.0,0.0,0.0,0.0
2019-03-13,0,0,65,41.4,41.4,0.0,164.646928,0.0
2019-03-13,0,0,67,0.0,0.0,0.0,-0.0,0.0
2019-03-13,0,0,68,10.2,10.2,0.0,-3814.190348,0.0
2019-03-13,0,0,69,0.0,0.0,0.0,0.0,0.0
2019-03-13,0,0,74,65.28,65.28,0.0,196.344623,0.0
2019-03-13,0,0,77,0.0,0.0,0.0,-0.0,0.0
2019-03-13,0,0,78,0.0,0.0,0.0,-0.0,0.0
2019-03-13,0,0,79,0.0,0.0,0.0,-0.0,0.0
2019-03-13,0,0,80,0.0,0.0,0.0,-0.0,0.0
2019-03-13,0,0,81,0.0,0.0,0.0,-0.0,0.0
2019-03-13,0,0,82,0.0,0.0,0.0,-0.0,0.0
2019-03-13,0,0,83,0.0,0.0,0.0,-0.0,0.0
2019-03-13,0,0,84,0.0,0.0,0.0,0.0,0.0
2019-03-13,0,0,86,0.0,0.0,0.0,0.0,0.0
2019-03-13,0,0,87,0.0,0.0,0.0,0.0,0.0
2019-03-13,0,0,88,0.0,0.0,0.0,-0.0,0.0
2019-03-13,0,0,89,0.0,0.0,0.0,-0.0,0.0
2019-03-13,0,0,90,0.0,0.0,0.0,-0.0,0.0
2019-03-13,0,0,91,0.0,0.0,0.0,-0.0,0.0
2019-03-13,0,0,92,0.0,0.0,0.0,-0.0,0.0
2019-03-13,0,0,95,67.44,67.44,0.0,7403.122937,0.0
2019-03-13,0,0,96,0.0,0.0,0.0,-0.0,0.0
2019-03-13,0,0,97,0.0,0.0,0.0,-0.0,0.0
2019-03-13,0,0,99,12.6,12.6,0.0,37.8974,0.0
2019-03-13,0,0,101,0.0,0.0,0.0,-0.0,0.0
2019-03-13,0,0,102,24.15,24.15,0.0,-9030.656559,0.0
2019-03-13,0,0,103,21.0,21.0,0.0,-7852.744834,0.0
2019-03-13,0,0,104,3.9,3.9,0.0,-1458.366898,0.0
2019-03-13,0,0,106,0.0,0.0,0.0,-0.0,0.0
2019-03-13,0,0,109,0.0,0.0,0.0,-0.0,0.0
2019-03-13,0,0,110,338.6,338.6,0.0,-338600.0,0.0
2019-03-13,0,0,111,0.0,0.0,0.0,-0.0,0.0
2019-03-13,0,0,113,0.0,0.0,0.0,-0.0,0.0
2019-03-13,0,0,115,0.0,0.0,0.0,-0.0,0.0
2019-03-13,0,0,116,0.0,0.0,0.0,-0.0,0.0
2019-03-13,0,0,117,0.0,0.0,0.0,-0.0,0.0
2019-03-13,0,0,119,0.0,0.0,0.0,0.0,0.0
2019-03-13,0,0,120,0.0,0.0,0.0,0.0,0.0
2019-03-13,0,0,123,0.0,0.0,0.0,-0.0,0.0
2019-03-13,0,0,125,174.2,174.2,0.0,-1724.584664,0.0
2019-03-13,0,0,126,0.0,0.0,0.0,-0.0,0.0
2019-03-13,0,0,127,0.0,0.0,0.0,-0.0,0.0
2019-03-13,0,0,128,249.5,249.5,0.0,-2470.05668,0.0
2019-03-13,0,0,131,0.0,0.0,0.0,-0.0,0.0
2019-03-13,0,0,132,0.0,0.0,0.0,-0.0,0.0
2019-03-13,0,0,133,139.8,139.8,0.0,994.274397,0.0
2019-03-13,0,0,134,0.0,0.0,0.0,0.0,0.0
2019-03-13,0,0,135,187.33,187.33,0.0,1332.313468,0.0
2019-03-13,0,0,136,45.9,45.9,0.0,188.751177,0.0
2019-03-13,0,0,139,0.0,0.0,0.0,-0.0,0.0
2019-03-13,0,0,140,250.6,250.6,0.0,-250600.0,0.0
2019-03-13,0,0,141,230.0,230.0,0.0,-121452.455664,0.0
2019-03-13,0,0,142,0.0,0.0,0.0,-0.0,0.0
2019-03-13,0,0,143,181.61,181.61,0.0,-1816.204304,0.0
2019-03-13,0,0,145,0.0,0.0,0.0,-0.0,0.0
2019-03-13,0,0,146,268.0,268.0,0.0,-268000.0,0.0
2019-03-13,0,0,152,0.0,0.0,0.0,0.0,0.0
2019-03-13,0,0,153,0.0,0.0,0.0,0.0,0.0
2019-03-13,0,0,154,0.0,0.0,0.0,-0.0,0.0
2019-03-13,0,0,157,250.0,250.0,0.0,-132013.538765,0.0
2019-03-13,0,0,158,0.0,0.0,0.0,-0.0,0.0
2019-03-13,0,0,159,0.0,0.0,0.0,0.0,0.0
2019-03-13,0,0,160,0.0,0.0,0.0,0.0,0.0
2019-03-13,0,0,161,0.0,0.0,0.0,-0.0,0.0
2019-03-13,0,0,162,48.75,48.75,0.0,5392.247326,0.0
2019-03-13,0,0,163,185.4,185.4,0.0,-185400.0,0.0
2019-03-13,0,0,164,0.0,0.0,0.0,-0.0,0.0
2019-03-13,0,0,167,0.0,0.0,0.0,0.0,0.0
2019-03-13,0,0,168,0.0,0.0,0.0,0.0,0.0
2019-03-13,0,0,169,0.0,0.0,0.0,0.0,0.0
2019-03-13,0,0,170,0.0,0.0,0.0,0.0,0.0
2019-03-13,0,0,172,0.0,0.0,0.0,0.0,0.0
2019-03-13,0,0,173,0.0,0.0,0.0,0.0,0.0
2019-03-13,0,0,188,0.0,0.0,0.0,0.0,0.0
2019-03-13,0,0,190,0.0,0.0,0.0,0.0,0.0
2019-03-13,0,0,191,0.0,0.0,0.0,0.0,0.0
2019-03-13,0,0,192,332.6,332.6,0.0,61951.378262,0.0
2019-03-13,0,0,194,0.0,0.0,0.0,-0.0,0.0
2019-03-13,0,0,196,0.0,0.0,0.0,0.0,0.0
2019-03-13,0,0,198,0.0,0.0,0.0,0.0,0.0
2019-03-13,0,0,199,39.0,39.0,0.0,-376.574034,0.0
2019-03-13,0,0,200,0.0,0.0,0.0,-0.0,0.0
2019-03-13,0,0,204,0.0,0.0,0.0,-0.0,0.0
2019-03-13,0,0,205,0.0,0.0,0.0,-0.0,0.0
2019-03-13,0,0,206,0.0,0.0,0.0,-0.0,0.0
2019-03-13,0,0,210,0.0,0.0,0.0,0.0,0.0
2019-03-13,0,0,214,0.0,0.0,0.0,0.0,0.0
2019-03-13,0,0,217,0.0,0.0,0.0,0.0,0.0
2019-03-13,0,0,218,0.0,0.0,0.0,0.0,0.0
2019-03-13,0,0,219,0.0,0.0,0.0,0.0,0.0
2019-03-13,0,0,221,0.0,0.0,0.0,0.0,0.0
2019-03-13,0,0,225,0.0,0.0,0.0,0.0,0.0
2019-03-13,0,0,233,0.0,0.0,0.0,0.0,0.0
2019-03-13,0,0,236,159.03,159.03,0.0,791.988671,0.0
2019-03-13,0,0,237,156.6,156.6,0.0,471.010539,0.0
2019-03-13,0,0,238,0.0,0.0,0.0,0.0,0.0
2019-03-13,0,0,240,0.0,0.0,0.0,0.0,0.0
2019-03-13,0,0,245,164.49,164.49,0.0,1101.902389,0.0
2019-03-13,0,0,247,171.72,171.72,0.0,1150.335451,0.0
2019-03-13,0,0,248,15.72,15.72,0.0,47.281518,0.0
2019-03-13,0,0,249,308.16,308.16,0.0,2064.333639,0.0
2019-03-13,0,0,251,326.4,326.4,0.0,1500.979001,0.0
2019-03-13,0,0,252,267.06,267.06,0.0,1062.091997,0.0
2019-03-13,0,0,254,0.0,0.0,0.0,0.0,0.0
2019-03-13,0,0,255,0.0,0.0,0.0,0.0,0.0
2019-03-13,0,0,258,0.0,0.0,0.0,0.0,0.0
2019-03-13,0,0,260,0.0,0.0,0.0,0.0,0.0
2019-03-13,0,0,265,0.0,0.0,0.0,-0.0,0.0
2019-03-13,0,0,266,0.0,0.0,0.0,-0.0,0.0
2019-03-13,0,0,267,0.0,0.0,0.0,-0.0,0.0
2019-03-13,0,0,270,579.0,579.0,0.0,-579000.0,0.0
2019-03-13,0,0,272,0.0,0.0,0.0,-0.0,0.0
2019-03-13,0,0,273,0.0,0.0,0.0,-0.0,0.0
2019-03-13,0,0,274,746.4,746.4,0.0,-746400.0,0.0
2019-03-13,0,0,275,1039.0,1039.0,0.0,-1039000.0,0.0
2019-03-13,0,0,276,0.0,0.0,0.0,-0.0,0.0
2019-03-13,0,0,277,0.0,0.0,0.0,-0.0,0.0
2019-03-13,0,0,278,0.0,0.0,0.0,-0.0,0.0
2019-03-13,0,0,279,0.0,0.0,0.0,-0.0,0.0
2019-03-13,0,0,281,16.83,16.83,0.0,-168.309666,0.0
2019-03-13,0,0,282,0.0,0.0,0.0,-0.0,0.0
2019-03-13,1,0,9,0.0,0.0,0.0,0.0,0.0
2019-03-13,1,0,17,0.0,0.0,0.0,0.0,0.0
2019-03-13,1,0,19,643.3,643.3,0.0,1050.49647,0.0
2019-03-13,1,0,20,780.2,780.2,0.0,1274.051525,0.0
2019-03-13,1,0,21,0.0,0.0,0.0,0.0,0.0
2019-03-13,1,0,22,0.0,0.0,0.0,0.0,0.0
2019-03-13,1,0,23,108.8,108.8,0.0,1074.543174,0.0
2019-03-13,1,0,24,192.5,192.5,0.0,1901.190818,0.0
2019-03-13,1,0,29,0.0,0.0,0.0,0.0,0.0
2019-03-13,1,0,30,0.0,0.0,0.0,0.0,0.0
2019-03-13,1,0,31,84.11,84.11,0.0,832.507776,0.0
2019-03-13,1,0,32,0.0,0.0,0.0,0.0,0.0
2019-03-13,1,0,33,0.0,0.0,0.0,0.0,0.0
2019-03-13,1,0,34,0.0,0.0,0.0,0.0,0.0
2019-03-13,1,0,35,0.0,0.0,0.0,0.0,0.0
2019-03-13,1,0,36,0.0,0.0,0.0,0.0,0.0
2019-03-13,1,0,37,0.0,0.0,0.0,0.0,0.0
2019-03-13,1,0,38,0.0,0.0,0.0,0.0,0.0
2019-03-13,1,0,39,0.0,0.0,0.0,0.0,0.0
2019-03-13,1,0,40,0.0,0.0,0.0,0.0,0.0
2019-03-13,1,0,41,0.0,0.0,0.0,0.0,0.0
2019-03-13,1,0,42,0.0,0.0,0.0,0.0,0.0
2019-03-13,1,0,43,0.0,0.0,0.0,0.0,0.0
2019-03-13,1,0,46,0.0,0.0,0.0,0.0,0.0
2019-03-13,1,0,52,89.55,89.55,0.0,886.352055,0.0
2019-03-13,1,0,53,146.38,146.38,0.0,1448.846609,0.0
2019-03-13,1,0,55,524.08,524.08,0.0,5175.979657,0.0
2019-03-13,1,0,56,0.0,0.0,0.0,0.0,0.0
2019-03-13,1,0,57,0.0,0.0,0.0,0.0,0.0
2019-03-13,1,0,58,0.0,0.0,0.0,0.0,0.0
2019-03-13,1,0,59,0.0,0.0,0.0,0.0,0.0
2019-03-13,1,0,63,0.0,0.0,0.0,0.0,0.0
2019-03-13,1,0,64,0.0,0.0,0.0,0.0,0.0
2019-03-13,1,0,65,41.4,41.4,0.0,160.994336,0.0
2019-03-13,1,0,67,0.0,0.0,0.0,-0.0,0.0
2019-03-13,1,0,68,10.2,10.2,0.0,-4200.02133,0.0
2019-03-13,1,0,69,0.0,0.0,0.0,0.0,0.0
2019-03-13,1,0,74,65.28,65.28,0.0,458.150799,0.0
2019-03-13,1,0,77,0.0,0.0,0.0,-0.0,0.0
2019-03-13,1,0,78,0.0,0.0,0.0,-0.0,0.0
2019-03-13,1,0,79,0.0,0.0,0.0,-0.0,0.0
2019-03-13,1,0,80,0.0,0.0,0.0,-0.0,0.0
2019-03-13,1,0,81,0.0,0.0,0.0,-0.0,0.0
2019-03-13,1,0,82,0.0,0.0,0.0,-0.0,0.0
2019-03-13,1,0,83,0.0,0.0,0.0,-0.0,0.0
2019-03-13,1,0,84,0.0,0.0,0.0,0.0,0.0
2019-03-13,1,0,86,0.0,0.0,0.0,0.0,0.0
2019-03-13,1,0,87,0.0,0.0,0.0,0.0,0.0
2019-03-13,1,0,88,0.0,0.0,0.0,-0.0,0.0
2019-03-13,1,0,89,0.0,0.0,0.0,-0.0,0.0
2019-03-13,1,0,90,0.0,0.0,0.0,-0.0,0.0
2019-03-13,1,0,91,0.0,0.0,0.0,-0.0,0.0
2019-03-13,1,0,92,0.0,0.0,0.0,-0.0,0.0
2019-03-13,1,0,95,88.63,88.63,0.0,1987.947556,0.0
2019-03-13,1,0,96,0.0,0.0,0.0,0.0,0.0
2019-03-13,1,0,97,0.0,0.0,0.0,0.0,0.0
2019-03-13,1,0,99,12.6,12.6,0.0,88.429842,0.0
2019-03-13,1,0,101,0.0,0.0,0.0,0.0,0.0
2019-03-13,1,0,102,24.15,24.15,0.0,-9944.16815,0.0
2019-03-13,1,0,103,21.0,21.0,0.0,-8647.102739,0.0
2019-03-13,1,0,104,3.9,3.9,0.0,-1605.890509,0.0
2019-03-13,1,0,106,0.0,0.0,0.0,0.0,0.0
2019-03-13,1,0,109,0.0,0.0,0.0,0.0,0.0
2019-03-13,1,0,110,338.6,338.6,0.0,-338600.0,0.0
2019-03-13,1,0,111,0.0,0.0,0.0,0.0,0.0
2019-03-13,1,0,113,0.0,0.0,0.0,-0.0,0.0
2019-03-13,1,0,115,0.0,0.0,0.0,-0.0,0.0
2019-03-13,1,0,116,0.0,0.0,0.0,-0.0,0.0
2019-03-13,1,0,117,0.0,0.0,0.0,-0.0,0.0
2019-03-13,1,0,119,0.0,0.0,0.0,0.0,0.0
2019-03-13,1,0,120,0.0,0.0,0.0,0.0,0.0
2019-03-13,1,0,123,0.0,0.0,0.0,0.0,0.0
2019-03-13,1,0,125,174.2,174.2,0.0,1720.454237,0.0
2019-03-13,1,0,126,0.0,0.0,0.0,0.0,0.0
2019-03-13,1,0,127,0.0,0.0,0.0,0.0,0.0
2019-03-13,1,0,128,249.5,249.5,0.0,2464.140827,0.0
2019-03-13,1,0,131,30.0,30.0,0.0,-11192.83646,0.0
2019-03-13,1,0,132,44.1,44.1,0.0,-16453.469596,0.0
2019-03-13,1,0,133,139.8,139.8,0.0,898.09556,0.0
2019-03-13,1,0,134,0.0,0.0,0.0,0.0,0.0
2019-03-13,1,0,135,187.32,187.32,0.0,1203.37096,0.0
2019-03-13,1,0,136,45.9,45.9,0.0,184.177853,0.0
2019-03-13,1,0,139,0.0,0.0,0.0,0.0,0.0
2019-03-13,1,0,140,250.6,250.6,0.0,-250600.0,0.0
2019-03-13,1,0,141,0.0,0.0,0.0,-0.0,0.0
2019-03-13,1,0,142,0.0,0.0,0.0,-0.0,0.0
2019-03-13,1,0,143,238.49,238.49,0.0,2360.537149,0.0
2019-03-13,1,0,145,0.0,0.0,0.0,0.0,0.0
2019-03-13,1,0,146,268.0,268.0,0.0,-268000.0,0.0
2019-03-13,1,0,152,0.0,0.0,0.0,0.0,0.0
2019-03-13,1,0,153,0.0,0.0,0.0,0.0,0.0
2019-03-13,1,0,154,0.0,0.0,0.0,0.0,0.0
2019-03-13,1,0,157,250.0,250.0,0.0,-139142.287465,0.0
2019-03-13,1,0,158,0.0,0.0,0.0,-0.0,0.0
2019-03-13,1,0,159,0.0,0.0,0.0,0.0,0.0
2019-03-13,1,0,160,0.0,0.0,0.0,0.0,0.0
2019-03-13,1,0,161,0.0,0.0,0.0,-0.0,0.0
2019-03-13,1,0,162,48.75,48.75,0.0,1130.444975,0.0
2019-03-13,1,0,163,185.4,185.4,0.0,-185400.0,0.0
2019-03-13,1,0,164,0.0,0.0,0.0,0.0,0.0
2019-03-13,1,0,167,0.0,0.0,0.0,0.0,0.0
2019-03-13,1,0,168,0.0,0.0,0.0,0.0,0.0
2019-03-13,1,0,169,0.0,0.0,0.0,0.0,0.0
2019-03-13,1,0,170,0.0,0.0,0.0,0.0,0.0
2019-03-13,1,0,172,0.0,0.0,0.0,0.0,0.0
2019-03-13,1,0,173,0.0,0.0,0.0,0.0,0.0
2019-03-13,1,0,188,0.0,0.0,0.0,0.0,0.0
2019-03-13,1,0,190,0.0,0.0,0.0,0.0,0.0
2019-03-13,1,0,191,0.0,0.0,0.0,0.0,0.0
2019-03-13,1,0,192,332.6,332.6,0.0,10785.405497,0.0
2019-03-13,1,0,194,0.0,0.0,0.0,-0.0,0.0
2019-03-13,1,0,196,0.0,0.0,0.0,0.0,0.0
2019-03-13,1,0,198,0.0,0.0,0.0,0.0,0.0
2019-03-13,1,0,199,95.96,95.96,0.0,-5435.597894,0.0
2019-03-13,1,0,200,0.0,0.0,0.0,-0.0,0.0
2019-03-13,1,0,204,0.0,0.0,0.0,0.0,0.0
2019-03-13,1,0,205,0.0,0.0,0.0,0.0,0.0
2019-03-13,1,0,206,0.0,0.0,0.0,0.0,0.0
2019-03-13,1,0,210,0.0,0.0,0.0,0.0,0.0
2019-03-13,1,0,214,0.0,0.0,0.0,0.0,0.0
2019-03-13,1,0,217,0.0,0.0,0.0,0.0,0.0
2019-03-13,1,0,218,0.0,0.0,0.0,0.0,0.0
2019-03-13,1,0,219,0.0,0.0,0.0,0.0,0.0
2019-03-13,1,0,221,0.0,0.0,0.0,0.0,0.0
2019-03-13,1,0,225,0.0,0.0,0.0,0.0,0.0
2019-03-13,1,0,233,0.0,0.0,0.0,0.0,0.0
2019-03-13,1,0,236,159.03,159.03,0.0,1041.649629,0.0
2019-03-13,1,0,237,156.6,156.6,0.0,1099.056605,0.0
2019-03-13,1,0,238,0.0,0.0,0.0,0.0,0.0
2019-03-13,1,0,240,0.0,0.0,0.0,0.0,0.0
2019-03-13,1,0,245,78.0,78.0,0.0,433.836101,0.0
2019-03-13,1,0,247,171.72,171.72,0.0,955.106862,0.0
2019-03-13,1,0,248,15.72,15.72,0.0,110.326755,0.0
2019-03-13,1,0,249,150.01,150.01,0.0,834.355814,0.0
2019-03-13,1,0,251,326.4,326.4,0.0,1519.309143,0.0
2019-03-13,1,0,252,267.06,267.06,0.0,1038.530132,0.0
2019-03-13,1,0,254,0.0,0.0,0.0,0.0,0.0
2019-03-13,1,0,255,0.0,0.0,0.0,0.0,0.0
2019-03-13,1,0,258,0.0,0.0,0.0,0.0,0.0
2019-03-13,1,0,260,0.0,0.0,0.0,0.0,0.0
2019-03-13,1,0,265,0.0,0.0,0.0,0.0,0.0
2019-03-13,1,0,266,0.0,0.0,0.0,0.0,0.0
2019-03-13,1,0,267,0.0,0.0,0.0,0.0,0.0
2019-03-13,1,0,270,579.0,579.0,0.0,-579000.0,0.0
2019-03-13,1,0,272,0.0,0.0,0.0,-0.0,0.0
2019-03-13,1,0,273,0.0,0.0,0.0,-0.0,0.0
2019-03-13,1,0,274,746.4,746.4,0.0,-746400.0,0.0
2019-03-13,1,0,275,1039.0,1039.0,0.0,-1039000.0,0.0
2019-03-13,1,0,276,0.0,0.0,0.0,-0.0,0.0
2019-03-13,1,0,277,0.0,0.0,0.0,-0.0,0.0
2019-03-13,1,0,278,0.0,0.0,0.0,-0.0,0.0
2019-03-13,1,0,279,264.6,264.6,0.0,-72345.945377,0.0
2019-03-13,1,0,281,34.73,34.73,0.0,343.752171,0.0
2019-03-13,1,0,282,0.0,0.0,0.0,0.0,0.0
2019-03-13,2,0,9,0.0,0.0,0.0,0.0,0.0
2019-03-13,2,0,17,0.0,0.0,0.0,0.0,0.0
2019-03-13,2,0,19,643.3,643.3,0.0,876.879437,0.0
2019-03-13,2,0,20,780.2,780.2,0.0,1063.487232,0.0
2019-03-13,2,0,21,0.0,0.0,0.0,0.0,0.0
2019-03-13,2,0,22,0.0,0.0,0.0,0.0,0.0
2019-03-13,2,0,23,108.8,108.8,0.0,1255.390307,0.0
2019-03-13,2,0,24,192.5,192.5,0.0,2221.163916,0.0
2019-03-13,2,0,29,0.0,0.0,0.0,0.0,0.0
2019-03-13,2,0,30,0.0,0.0,0.0,0.0,0.0
2019-03-13,2,0,31,37.5,37.5,0.0,433.957554,0.0
2019-03-13,2,0,32,0.0,0.0,0.0,0.0,0.0
2019-03-13,2,0,33,0.0,0.0,0.0,0.0,0.0
2019-03-13,2,0,34,0.0,0.0,0.0,0.0,0.0
2019-03-13,2,0,35,0.0,0.0,0.0,0.0,0.0
2019-03-13,2,0,36,0.0,0.0,0.0,0.0,0.0
2019-03-13,2,0,37,0.0,0.0,0.0,0.0,0.0
2019-03-13,2,0,38,0.0,0.0,0.0,0.0,0.0
2019-03-13,2,0,39,0.0,0.0,0.0,0.0,0.0
2019-03-13,2,0,40,0.0,0.0,0.0,0.0,0.0
2019-03-13,2,0,41,0.0,0.0,0.0,0.0,0.0
2019-03-13,2,0,42,0.0,0.0,0.0,0.0,0.0
2019-03-13,2,0,43,0.0,0.0,0.0,0.0,0.0
2019-03-13,2,0,46,0.0,0.0,0.0,0.0,0.0
2019-03-13,2,0,52,39.75,39.75,0.0,459.995007,0.0
2019-03-13,2,0,53,63.15,63.15,0.0,730.784521,0.0
2019-03-13,2,0,55,623.0,623.0,0.0,7188.494128,0.0
2019-03-13,2,0,56,0.0,0.0,0.0,0.0,0.0
2019-03-13,2,0,57,0.0,0.0,0.0,0.0,0.0
2019-03-13,2,0,58,0.0,0.0,0.0,0.0,0.0
2019-03-13,2,0,59,0.0,0.0,0.0,0.0,0.0
2019-03-13,2,0,63,0.0,0.0,0.0,0.0,0.0
2019-03-13,2,0,64,0.0,0.0,0.0,0.0,0.0
2019-03-13,2,0,65,41.4,41.4,0.0,157.686056,0.0
2019-03-13,2,0,67,0.0,0.0,0.0,-0.0,0.0
2019-03-13,2,0,68,10.2,10.2,0.0,-4327.214479,0.0
2019-03-13,2,0,69,0.0,0.0,0.0,0.0,0.0
2019-03-13,2,0,74,65.28,65.28,0.0,478.19113,0.0
2019-03-13,2,0,77,200.0,200.0,0.0,-61290.906737,0.0
2019-03-13,2,0,78,151.2,151.2,0.0,-46335.925493,0.0
2019-03-13,2,0,79,87.5,87.5,0.0,-26814.771697,0.0
2019-03-13,2,0,80,141.5,141.5,0.0,-43363.316516,0.0
2019-03-13,2,0,81,185.0,185.0,0.0,-56694.088732,0.0
2019-03-13,2,0,82,130.5,130.5,0.0,-39992.316646,0.0
2019-03-13,2,0,83,291.0,291.0,0.0,-89178.269302,0.0
2019-03-13,2,0,84,0.0,0.0,0.0,-0.0,0.0
2019-03-13,2,0,86,0.0,0.0,0.0,0.0,0.0
2019-03-13,2,0,87,0.0,0.0,0.0,0.0,0.0
2019-03-13,2,0,88,170.6,170.6,0.0,-52281.143447,0.0
2019-03-13,2,0,89,164.0,164.0,0.0,-50258.543524,0.0
2019-03-13,2,0,90,220.2,220.2,0.0,-67481.288317,0.0
2019-03-13,2,0,91,785.5,785.5,0.0,-240720.036209,0.0
2019-03-13,2,0,92,282.5,282.5,0.0,-86573.405766,0.0
2019-03-13,2,0,95,0.0,0.0,0.0,0.0,0.0
2019-03-13,2,0,96,29.88,29.88,0.0,346.82936,0.0
2019-03-13,2,0,97,183.75,183.75,0.0,2132.861275,0.0
2019-03-13,2,0,99,12.6,12.6,0.0,92.29792,0.0
2019-03-13,2,0,101,0.0,0.0,0.0,0.0,0.0
2019-03-13,2,0,102,24.15,24.15,0.0,-10245.316633,0.0
2019-03-13,2,0,103,21.0,21.0,0.0,-8908.970985,0.0
2019-03-13,2,0,104,3.9,3.9,0.0,-1654.523183,0.0
2019-03-13,2,0,106,0.0,0.0,0.0,0.0,0.0
2019-03-13,2,0,109,0.0,0.0,0.0,0.0,0.0
2019-03-13,2,0,110,338.6,338.6,0.0,-338600.0,0.0
2019-03-13,2,0,111,0.0,0.0,0.0,0.0,0.0
2019-03-13,2,0,113,92.76,92.76,0.0,-25683.857802,0.0
2019-03-13,2,0,115,92.76,92.76,0.0,-25683.857802,0.0
2019-03-13,2,0,116,0.0,0.0,0.0,-0.0,0.0
2019-03-13,2,0,117,4.96,4.96,0.0,-1373.349878,0.0
2019-03-13,2,0,119,0.0,0.0,0.0,0.0,0.0
2019-03-13,2,0,120,0.0,0.0,0.0,0.0,0.0
2019-03-13,2,0,123,0.0,0.0,0.0,0.0,0.0
2019-03-13,2,0,125,174.2,174.2,0.0,2010.009112,0.0
2019-03-13,2,0,126,0.0,0.0,0.0,0.0,0.0
2019-03-13,2,0,127,0.0,0.0,0.0,0.0,0.0
2019-03-13,2,0,128,249.5,249.5,0.0,2878.859205,0.0
2019-03-13,2,0,131,30.0,30.0,0.0,-11591.528267,0.0
2019-03-13,2,0,132,44.1,44.1,0.0,-17039.546553,0.0
2019-03-13,2,0,133,139.8,139.8,0.0,915.616686,0.0
2019-03-13,2,0,134,0.0,0.0,0.0,0.0,0.0
2019-03-13,2,0,135,187.33,187.33,0.0,1226.91326,0.0
2019-03-13,2,0,136,45.9,45.9,0.0,180.988679,0.0
2019-03-13,2,0,139,0.0,0.0,0.0,0.0,0.0
2019-03-13,2,0,140,250.6,250.6,0.0,-250600.0,0.0
2019-03-13,2,0,141,230.0,230.0,0.0,-130172.964512,0.0
2019-03-13,2,0,142,0.0,0.0,0.0,-0.0,0.0
2019-03-13,2,0,143,135.14,135.14,0.0,1563.867303,0.0
2019-03-13,2,0,145,30.0,30.0,0.0,314.35863,0.0
2019-03-13,2,0,146,268.0,268.0,0.0,-268000.0,0.0
2019-03-13,2,0,152,0.0,0.0,0.0,0.0,0.0
2019-03-13,2,0,153,0.0,0.0,0.0,0.0,0.0
2019-03-13,2,0,154,0.0,0.0,0.0,0.0,0.0
2019-03-13,2,0,157,250.0,250.0,0.0,-141492.35273,0.0
2019-03-13,2,0,158,0.0,0.0,0.0,-0.0,0.0
2019-03-13,2,0,159,0.0,0.0,0.0,0.0,0.0
2019-03-13,2,0,160,0.0,0.0,0.0,0.0,0.0
2019-03-13,2,0,161,0.0,0.0,0.0,-0.0,0.0
2019-03-13,2,0,162,0.0,0.0,0.0,0.0,0.0
2019-03-13,2,0,163,185.4,185.4,0.0,-185400.0,0.0
2019-03-13,2,0,164,0.0,0.0,0.0,0.0,0.0
2019-03-13,2,0,167,0.0,0.0,0.0,0.0,0.0
2019-03-13,2,0,168,0.0,0.0,0.0,0.0,0.0
2019-03-13,2,0,169,0.0,0.0,0.0,0.0,0.0
2019-03-13,2,0,170,0.0,0.0,0.0,0.0,0.0
2019-03-13,2,0,172,0.0,0.0,0.0,0.0,0.0
2019-03-13,2,0,173,0.0,0.0,0.0,0.0,0.0
2019-03-13,2,0,188,0.0,0.0,0.0,0.0,0.0
2019-03-13,2,0,190,0.0,0.0,0.0,0.0,0.0
2019-03-13,2,0,191,0.0,0.0,0.0,0.0,0.0
2019-03-13,2,0,192,332.6,332.6,0.0,10785.405497,0.0
2019-03-13,2,0,194,0.0,0.0,0.0,-0.0,0.0
2019-03-13,2,0,196,0.0,0.0,0.0,0.0,0.0
2019-03-13,2,0,198,0.0,0.0,0.0,0.0,0.0
2019-03-13,2,0,199,0.0,0.0,0.0,-0.0,0.0
2019-03-13,2,0,200,0.0,0.0,0.0,-0.0,0.0
2019-03-13,2,0,204,0.0,0.0,0.0,0.0,0.0
2019-03-13,2,0,205,0.0,0.0,0.0,0.0,0.0
2019-03-13,2,0,206,539.94,539.94,0.0,6267.304038,0.0
2019-03-13,2,0,210,0.0,0.0,0.0,0.0,0.0
2019-03-13,2,0,214,0.0,0.0,0.0,0.0,0.0
2019-03-13,2,0,217,0.0,0.0,0.0,0.0,0.0
2019-03-13,2,0,218,0.0,0.0,0.0,0.0,0.0
2019-03-13,2,0,219,0.0,0.0,0.0,0.0,0.0
2019-03-13,2,0,221,0.0,0.0,0.0,0.0,0.0
2019-03-13,2,0,225,0.0,0.0,0.0,0.0,0.0
2019-03-13,2,0,233,0.0,0.0,0.0,0.0,0.0
2019-03-13,2,0,236,159.03,159.03,0.0,1070.841725,0.0
2019-03-13,2,0,237,156.6,156.6,0.0,1147.131294,0.0
2019-03-13,2,0,238,0.0,0.0,0.0,0.0,0.0
2019-03-13,2,0,240,0.0,0.0,0.0,0.0,0.0
2019-03-13,2,0,245,78.01,78.01,0.0,437.072092,0.0
2019-03-13,2,0,247,171.72,171.72,0.0,962.107674,0.0
2019-03-13,2,0,248,15.72,15.72,0.0,115.152643,0.0
2019-03-13,2,0,249,150.01,150.01,0.0,840.471536,0.0
2019-03-13,2,0,251,326.4,326.4,0.0,1515.869896,0.0
2019-03-13,2,0,252,267.06,267.06,0.0,1017.189329,0.0
2019-03-13,2,0,254,0.0,0.0,0.0,0.0,0.0
2019-03-13,2,0,255,0.0,0.0,0.0,0.0,0.0
2019-03-13,2,0,258,0.0,0.0,0.0,0.0,0.0
2019-03-13,2,0,260,0.0,0.0,0.0,0.0,0.0
2019-03-13,2,0,265,0.0,0.0,0.0,0.0,0.0
2019-03-13,2,0,266,0.0,0.0,0.0,0.0,0.0
2019-03-13,2,0,267,0.0,0.0,0.0,0.0,0.0
2019-03-13,2,0,270,579.0,579.0,0.0,-579000.0,0.0
2019-03-13,2,0,272,400.13,400.13,0.0,-110790.017487,0.0
2019-03-13,2,0,273,0.0,0.0,0.0,-0.0,0.0
2019-03-13,2,0,274,746.39,746.39,0.0,-746390.0,0.0
2019-03-13,2,0,275,1038.99,1038.99,0.0,-1038990.0,0.0
2019-03-13,2,0,276,0.0,0.0,0.0,-0.0,0.0
2019-03-13,2,0,277,0.0,0.0,0.0,-0.0,0.0
2019-03-13,2,0,278,0.0,0.0,0.0,-0.0,0.0
2019-03-13,2,0,279,264.6,264.6,0.0,-76400.587286,0.0
2019-03-13,2,0,281,16.83,16.83,0.0,194.76015,0.0
2019-03-13,2,0,282,0.0,0.0,0.0,0.0,0.0
2019-03-13,3,0,9,0.0,0.0,0.0,0.0,0.0
2019-03-13,3,0,17,0.0,0.0,0.0,0.0,0.0
2019-03-13,3,0,19,643.3,643.3,0.0,824.695748,0.0
2019-03-13,3,0,20,780.2,780.2,0.0,1000.198388,0.0
2019-03-13,3,0,21,0.0,0.0,0.0,0.0,0.0
2019-03-13,3,0,22,0.0,0.0,0.0,0.0,0.0
2019-03-13,3,0,23,108.8,108.8,0.0,1232.267411,0.0
2019-03-13,3,0,24,192.5,192.5,0.0,2180.252542,0.0
2019-03-13,3,0,29,0.0,0.0,0.0,0.0,0.0
2019-03-13,3,0,30,0.0,0.0,0.0,0.0,0.0
2019-03-13,3,0,31,37.5,37.5,0.0,425.917401,0.0
2019-03-13,3,0,32,0.0,0.0,0.0,0.0,0.0
2019-03-13,3,0,33,0.0,0.0,0.0,0.0,0.0
2019-03-13,3,0,34,0.0,0.0,0.0,0.0,0.0
2019-03-13,3,0,35,0.0,0.0,0.0,0.0,0.0
2019-03-13,3,0,36,0.0,0.0,0.0,0.0,0.0
2019-03-13,3,0,37,0.0,0.0,0.0,0.0,0.0
2019-03-13,3,0,38,0.0,0.0,0.0,0.0,0.0
2019-03-13,3,0,39,0.0,0.0,0.0,0.0,0.0
2019-03-13,3,0,40,0.0,0.0,0.0,0.0,0.0
2019-03-13,3,0,41,116.0,116.0,0.0,1121.486915,0.0
2019-03-13,3,0,42,0.0,0.0,0.0,0.0,0.0
2019-03-13,3,0,43,0.0,0.0,0.0,0.0,0.0
2019-03-13,3,0,46,0.0,0.0,0.0,0.0,0.0
2019-03-13,3,0,52,39.75,39.75,0.0,451.472445,0.0
2019-03-13,3,0,53,63.15,63.15,0.0,717.244903,0.0
2019-03-13,3,0,55,623.0,623.0,0.0,7056.090045,0.0
2019-03-13,3,0,56,0.0,0.0,0.0,0.0,0.0
2019-03-13,3,0,57,0.0,0.0,0.0,0.0,0.0
2019-03-13,3,0,58,0.0,0.0,0.0,0.0,0.0
2019-03-13,3,0,59,0.0,0.0,0.0,0.0,0.0
2019-03-13,3,0,63,170.0,170.0,0.0,16311.016224,0.0
2019-03-13,3,0,64,200.0,200.0,0.0,19189.430852,0.0
2019-03-13,3,0,65,41.4,41.4,0.0,157.616329,0.0
2019-03-13,3,0,67,0.0,0.0,0.0,-0.0,0.0
2019-03-13,3,0,68,10.2,10.2,0.0,-4314.633951,0.0
2019-03-13,3,0,69,0.0,0.0,0.0,0.0,0.0
2019-03-13,3,0,74,65.28,65.28,0.0,479.601366,0.0
2019-03-13,3,0,77,200.0,200.0,0.0,-60991.251866,0.0
2019-03-13,3,0,78,151.2,151.2,0.0,-46109.386411,0.0
2019-03-13,3,0,79,87.5,87.5,0.0,-26683.672691,0.0
2019-03-13,3,0,80,141.5,141.5,0.0,-43151.310695,0.0
2019-03-13,3,0,81,185.0,185.0,0.0,-56416.907976,0.0
2019-03-13,3,0,82,130.5,130.5,0.0,-39796.791843,0.0
2019-03-13,3,0,83,291.0,291.0,0.0,-88742.271465,0.0
2019-03-13,3,0,84,0.0,0.0,0.0,-0.0,0.0
2019-03-13,3,0,86,0.0,0.0,0.0,0.0,0.0
2019-03-13,3,0,87,0.0,0.0,0.0,0.0,0.0
2019-03-13,3,0,88,170.6,170.6,0.0,-52025.537842,0.0
2019-03-13,3,0,89,164.0,164.0,0.0,-50012.82653,0.0
2019-03-13,3,0,90,220.2,220.2,0.0,-67151.368305,0.0
2019-03-13,3,0,91,785.5,785.5,0.0,-239543.141705,0.0
2019-03-13,3,0,92,282.5,282.5,0.0,-86150.143261,0.0
2019-03-13,3,0,95,0.0,0.0,0.0,0.0,0.0
2019-03-13,3,0,96,29.88,29.88,0.0,340.364337,0.0
2019-03-13,3,0,97,183.75,183.75,0.0,2093.103978,0.0
2019-03-13,3,0,99,12.6,12.6,0.0,92.570117,0.0
2019-03-13,3,0,101,0.0,0.0,0.0,0.0,0.0
2019-03-13,3,0,102,24.15,24.15,0.0,-10215.530385,0.0
2019-03-13,3,0,103,21.0,21.0,0.0,-8883.0699,0.0
2019-03-13,3,0,104,3.9,3.9,0.0,-1649.712981,0.0
2019-03-13,3,0,106,0.0,0.0,0.0,0.0,0.0
2019-03-13,3,0,109,0.0,0.0,0.0,0.0,0.0
2019-03-13,3,0,110,338.6,338.6,0.0,-338600.0,0.0
2019-03-13,3,0,111,0.0,0.0,0.0,0.0,0.0
2019-03-13,3,0,113,78.82,78.82,0.0,-21704.249774,0.0
2019-03-13,3,0,115,78.82,78.82,0.0,-21704.249774,0.0
2019-03-13,3,0,116,0.0,0.0,0.0,-0.0,0.0
2019-03-13,3,0,117,4.05,4.05,0.0,-1115.227247,0.0
2019-03-13,3,0,119,200.0,200.0,0.0,19189.430852,0.0
2019-03-13,3,0,120,117.6,117.6,0.0,11283.385341,0.0
2019-03-13,3,0,123,0.0,0.0,0.0,0.0,0.0
2019-03-13,3,0,125,174.2,174.2,0.0,1972.986976,0.0
2019-03-13,3,0,126,0.0,0.0,0.0,0.0,0.0
2019-03-13,3,0,127,0.0,0.0,0.0,0.0,0.0
2019-03-13,3,0,128,249.5,249.5,0.0,2825.833814,0.0
2019-03-13,3,0,131,30.0,30.0,0.0,-11552.094122,0.0
2019-03-13,3,0,132,44.1,44.1,0.0,-16981.578359,0.0
2019-03-13,3,0,133,78.86,78.86,0.0,523.967463,0.0
2019-03-13,3,0,134,0.0,0.0,0.0,0.0,0.0
2019-03-13,3,0,135,105.53,105.53,0.0,701.170256,0.0
2019-03-13,3,0,136,45.9,45.9,0.0,181.111533,0.0
2019-03-13,3,0,139,149.8,149.8,0.0,1448.264998,0.0
2019-03-13,3,0,140,250.6,250.6,0.0,-250600.0,0.0
2019-03-13,3,0,141,230.0,230.0,0.0,-129959.117653,0.0
2019-03-13,3,0,142,0.0,0.0,0.0,-0.0,0.0
2019-03-13,3,0,143,71.55,71.55,0.0,812.650401,0.0
2019-03-13,3,0,145,30.0,30.0,0.0,309.755716,0.0
2019-03-13,3,0,146,268.0,268.0,0.0,-268000.0,0.0
2019-03-13,3,0,152,0.0,0.0,0.0,0.0,0.0
2019-03-13,3,0,153,0.0,0.0,0.0,0.0,0.0
2019-03-13,3,0,154,0.0,0.0,0.0,0.0,0.0
2019-03-13,3,0,157,250.0,250.0,0.0,-141259.910492,0.0
2019-03-13,3,0,158,0.0,0.0,0.0,-0.0,0.0
2019-03-13,3,0,159,0.0,0.0,0.0,0.0,0.0
2019-03-13,3,0,160,0.0,0.0,0.0,0.0,0.0
2019-03-13,3,0,161,0.0,0.0,0.0,-0.0,0.0
2019-03-13,3,0,162,0.0,0.0,0.0,0.0,0.0
2019-03-13,3,0,163,185.4,185.4,0.0,-185400.0,0.0
2019-03-13,3,0,164,0.0,0.0,0.0,0.0,0.0
2019-03-13,3,0,167,0.0,0.0,0.0,0.0,0.0
2019-03-13,3,0,168,0.0,0.0,0.0,0.0,0.0
2019-03-13,3,0,169,0.0,0.0,0.0,0.0,0.0
2019-03-13,3,0,170,0.0,0.0,0.0,0.0,0.0
2019-03-13,3,0,172,0.0,0.0,0.0,0.0,0.0
2019-03-13,3,0,173,0.0,0.0,0.0,0.0,0.0
2019-03-13,3,0,188,0.0,0.0,0.0,0.0,0.0
2019-03-13,3,0,190,0.0,0.0,0.0,0.0,0.0
2019-03-13,3,0,191,0.0,0.0,0.0,0.0,0.0
2019-03-13,3,0,192,332.6,332.6,0.0,10785.405497,0.0
2019-03-13,3,0,194,0.0,0.0,0.0,-0.0,0.0
2019-03-13,3,0,196,0.0,0.0,0.0,0.0,0.0
2019-03-13,3,0,198,0.0,0.0,0.0,0.0,0.0
2019-03-13,3,0,199,0.0,0.0,0.0,-0.0,0.0
2019-03-13,3,0,200,0.0,0.0,0.0,-0.0,0.0
2019-03-13,3,0,204,0.0,0.0,0.0,0.0,0.0
2019-03-13,3,0,205,0.0,0.0,0.0,0.0,0.0
2019-03-13,3,0,206,539.94,539.94,0.0,6150.479249,0.0
2019-03-13,3,0,210,0.0,0.0,0.0,0.0,0.0
2019-03-13,3,0,214,0.0,0.0,0.0,0.0,0.0
2019-03-13,3,0,217,0.0,0.0,0.0,0.0,0.0
2019-03-13,3,0,218,0.0,0.0,0.0,0.0,0.0
2019-03-13,3,0,219,0.0,0.0,0.0,0.0,0.0
2019-03-13,3,0,221,0.0,0.0,0.0,0.0,0.0
2019-03-13,3,0,225,0.0,0.0,0.0,0.0,0.0
2019-03-13,3,0,233,0.0,0.0,0.0,0.0,0.0
2019-03-13,3,0,236,159.03,159.03,0.0,1079.538912,0.0
2019-03-13,3,0,237,156.6,156.6,0.0,1150.514306,0.0
2019-03-13,3,0,238,0.0,0.0,0.0,0.0,0.0
2019-03-13,3,0,240,0.0,0.0,0.0,0.0,0.0
2019-03-13,3,0,245,78.0,78.0,0.0,442.852924,0.0
2019-03-13,3,0,247,171.72,171.72,0.0,974.957745,0.0
2019-03-13,3,0,248,15.72,15.72,0.0,115.492241,0.0
2019-03-13,3,0,249,150.0,150.0,0.0,851.640238,0.0
2019-03-13,3,0,251,326.4,326.4,0.0,1522.744307,0.0
2019-03-13,3,0,252,267.06,267.06,0.0,1016.739534,0.0
2019-03-13,3,0,254,0.0,0.0,0.0,0.0,0.0
2019-03-13,3,0,255,0.0,0.0,0.0,0.0,0.0
2019-03-13,3,0,258,0.0,0.0,0.0,0.0,0.0
2019-03-13,3,0,260,0.0,0.0,0.0,0.0,0.0
2019-03-13,3,0,265,0.0,0.0,0.0,0.0,0.0
2019-03-13,3,0,266,97.0,97.0,0.0,937.795092,0.0
2019-03-13,3,0,267,119.2,119.2,0.0,1152.424485,0.0
2019-03-13,3,0,270,579.0,579.0,0.0,-579000.0,0.0
2019-03-13,3,0,272,321.97,321.97,0.0,-88659.18929,0.0
2019-03-13,3,0,273,0.0,0.0,0.0,-0.0,0.0
2019-03-13,3,0,274,746.4,746.4,0.0,-746400.0,0.0
2019-03-13,3,0,275,1039.0,1039.0,0.0,-1039000.0,0.0
2019-03-13,3,0,276,0.0,0.0,0.0,-0.0,0.0
2019-03-13,3,0,277,0.0,0.0,0.0,-0.0,0.0
2019-03-13,3,0,278,0.0,0.0,0.0,-0.0,0.0
2019-03-13,3,0,279,264.6,264.6,0.0,-76000.651837,0.0
2019-03-13,3,0,281,16.83,16.83,0.0,191.151729,0.0
2019-03-13,3,0,282,0.0,0.0,0.0,0.0,0.0
2019-03-13,4,0,9,0.0,0.0,0.0,0.0,0.0
2019-03-13,4,0,17,0.0,0.0,0.0,0.0,0.0
2019-03-13,4,0,19,643.3,643.3,0.0,236.69689,0.0
2019-03-13,4,0,20,780.2,780.2,0.0,287.068107,0.0
2019-03-13,4,0,21,0.0,0.0,0.0,0.0,0.0
2019-03-13,4,0,22,0.0,0.0,0.0,0.0,0.0
2019-03-13,4,0,23,98.16,98.16,0.0,1111.77388,0.0
2019-03-13,4,0,24,162.22,162.22,0.0,1837.326394,0.0
2019-03-13,4,0,29,0.0,0.0,0.0,0.0,0.0
2019-03-13,4,0,30,0.0,0.0,0.0,0.0,0.0
2019-03-13,4,0,31,37.5,37.5,0.0,425.917401,0.0
2019-03-13,4,0,32,0.0,0.0,0.0,0.0,0.0
2019-03-13,4,0,33,0.0,0.0,0.0,0.0,0.0
2019-03-13,4,0,34,0.0,0.0,0.0,0.0,0.0
2019-03-13,4,0,35,0.0,0.0,0.0,0.0,0.0
2019-03-13,4,0,36,0.0,0.0,0.0,0.0,0.0
2019-03-13,4,0,37,0.0,0.0,0.0,0.0,0.0
2019-03-13,4,0,38,0.0,0.0,0.0,0.0,0.0
2019-03-13,4,0,39,0.0,0.0,0.0,0.0,0.0
2019-03-13,4,0,40,0.0,0.0,0.0,0.0,0.0
2019-03-13,4,0,41,116.0,116.0,0.0,1122.40229,0.0
2019-03-13,4,0,42,0.0,0.0,0.0,0.0,0.0
2019-03-13,4,0,43,0.0,0.0,0.0,0.0,0.0
2019-03-13,4,0,46,0.0,0.0,0.0,0.0,0.0
2019-03-13,4,0,52,39.75,39.75,0.0,451.472445,0.0
2019-03-13,4,0,53,63.15,63.15,0.0,717.244903,0.0
2019-03-13,4,0,55,0.0,0.0,0.0,0.0,0.0
2019-03-13,4,0,56,0.0,0.0,0.0,0.0,0.0
2019-03-13,4,0,57,0.0,0.0,0.0,0.0,0.0
2019-03-13,4,0,58,0.0,0.0,0.0,0.0,0.0
2019-03-13,4,0,59,0.0,0.0,0.0,0.0,0.0
2019-03-13,4,0,63,170.0,170.0,0.0,16427.602416,0.0
2019-03-13,4,0,64,200.0,200.0,0.0,19326.591078,0.0
2019-03-13,4,0,65,41.4,41.4,0.0,139.002309,0.0
2019-03-13,4,0,67,0.0,0.0,0.0,-0.0,0.0
2019-03-13,4,0,68,10.2,10.2,0.0,-4311.135198,0.0
2019-03-13,4,0,69,0.0,0.0,0.0,0.0,0.0
2019-03-13,4,0,74,65.28,65.28,0.0,480.758198,0.0
2019-03-13,4,0,77,200.0,200.0,0.0,-60908.391595,0.0
2019-03-13,4,0,78,151.2,151.2,0.0,-46046.744046,0.0
2019-03-13,4,0,79,87.5,87.5,0.0,-26647.421323,0.0
2019-03-13,4,0,80,141.5,141.5,0.0,-43092.687054,0.0
2019-03-13,4,0,81,185.0,185.0,0.0,-56340.262226,0.0
2019-03-13,4,0,82,130.5,130.5,0.0,-39742.725516,0.0
2019-03-13,4,0,83,291.0,291.0,0.0,-88621.709771,0.0
2019-03-13,4,0,84,0.0,0.0,0.0,-0.0,0.0
2019-03-13,4,0,86,0.0,0.0,0.0,0.0,0.0
2019-03-13,4,0,87,0.0,0.0,0.0,0.0,0.0
2019-03-13,4,0,88,170.6,170.6,0.0,-51954.858031,0.0
2019-03-13,4,0,89,164.0,164.0,0.0,-49944.881108,0.0
2019-03-13,4,0,90,220.2,220.2,0.0,-67060.139146,0.0
2019-03-13,4,0,91,785.5,785.5,0.0,-239217.707991,0.0
2019-03-13,4,0,92,282.5,282.5,0.0,-86033.103128,0.0
2019-03-13,4,0,95,0.0,0.0,0.0,0.0,0.0
2019-03-13,4,0,96,29.88,29.88,0.0,340.359573,0.0
2019-03-13,4,0,97,183.75,183.75,0.0,2093.074685,0.0
2019-03-13,4,0,99,12.6,12.6,0.0,92.793402,0.0
2019-03-13,4,0,101,0.0,0.0,0.0,0.0,0.0
2019-03-13,4,0,102,24.15,24.15,0.0,-10207.246572,0.0
2019-03-13,4,0,103,21.0,21.0,0.0,-8875.866584,0.0
2019-03-13,4,0,104,3.9,3.9,0.0,-1648.375223,0.0
2019-03-13,4,0,106,0.0,0.0,0.0,0.0,0.0
2019-03-13,4,0,109,0.0,0.0,0.0,0.0,0.0
2019-03-13,4,0,110,338.6,338.6,0.0,-338600.0,0.0
2019-03-13,4,0,111,0.0,0.0,0.0,0.0,0.0
2019-03-13,4,0,113,45.0,45.0,0.0,-12372.142607,0.0
2019-03-13,4,0,115,45.0,45.0,0.0,-12372.142607,0.0
2019-03-13,4,0,116,0.0,0.0,0.0,-0.0,0.0
2019-03-13,4,0,117,3.0,3.0,0.0,-824.809507,0.0
2019-03-13,4,0,119,200.0,200.0,0.0,19326.591078,0.0
2019-03-13,4,0,120,117.6,117.6,0.0,11364.035554,0.0
2019-03-13,4,0,123,0.0,0.0,0.0,0.0,0.0
2019-03-13,4,0,125,148.85,148.85,0.0,1685.895905,0.0
2019-03-13,4,0,126,0.0,0.0,0.0,0.0,0.0
2019-03-13,4,0,127,0.0,0.0,0.0,0.0,0.0
2019-03-13,4,0,128,202.15,202.15,0.0,2289.579155,0.0
2019-03-13,4,0,131,30.0,30.0,0.0,-11541.127145,0.0
2019-03-13,4,0,132,44.1,44.1,0.0,-16965.456903,0.0
2019-03-13,4,0,133,111.41,111.41,0.0,749.961229,0.0
2019-03-13,4,0,134,0.0,0.0,0.0,0.0,0.0
2019-03-13,4,0,135,153.69,153.69,0.0,1034.570875,0.0
2019-03-13,4,0,136,45.9,45.9,0.0,161.644506,0.0
2019-03-13,4,0,139,149.8,149.8,0.0,1449.447095,0.0
2019-03-13,4,0,140,250.6,250.6,0.0,-250600.0,0.0
2019-03-13,4,0,141,0.0,0.0,0.0,-0.0,0.0
2019-03-13,4,0,142,0.0,0.0,0.0,-0.0,0.0
2019-03-13,4,0,143,71.55,71.55,0.0,812.650401,0.0
2019-03-13,4,0,145,30.0,30.0,0.0,309.906007,0.0
2019-03-13,4,0,146,268.0,268.0,0.0,-268000.0,0.0
2019-03-13,4,0,152,0.0,0.0,0.0,0.0,0.0
2019-03-13,4,0,153,0.0,0.0,0.0,0.0,0.0
2019-03-13,4,0,154,0.0,0.0,0.0,0.0,0.0
2019-03-13,4,0,157,250.0,250.0,0.0,-141195.266298,0.0
2019-03-13,4,0,158,0.0,0.0,0.0,-0.0,0.0
2019-03-13,4,0,159,0.0,0.0,0.0,0.0,0.0
2019-03-13,4,0,160,0.0,0.0,0.0,0.0,0.0
2019-03-13,4,0,161,0.0,0.0,0.0,-0.0,0.0
2019-03-13,4,0,162,0.0,0.0,0.0,0.0,0.0
2019-03-13,4,0,163,185.4,185.4,0.0,-185400.0,0.0
2019-03-13,4,0,164,0.0,0.0,0.0,0.0,0.0
2019-03-13,4,0,167,0.0,0.0,0.0,0.0,0.0
2019-03-13,4,0,168,0.0,0.0,0.0,0.0,0.0
2019-03-13,4,0,169,0.0,0.0,0.0,0.0,0.0
2019-03-13,4,0,170,0.0,0.0,0.0,0.0,0.0
2019-03-13,4,0,172,0.0,0.0,0.0,0.0,0.0
2019-03-13,4,0,173,0.0,0.0,0.0,0.0,0.0
2019-03-13,4,0,188,0.0,0.0,0.0,0.0,0.0
2019-03-13,4,0,190,0.0,0.0,0.0,0.0,0.0
2019-03-13,4,0,191,0.0,0.0,0.0,0.0,0.0
2019-03-13,4,0,192,332.6,332.6,0.0,10785.405497,0.0
2019-03-13,4,0,194,176.5,176.5,0.0,-24979.265336,0.0
2019-03-13,4,0,196,0.0,0.0,0.0,0.0,0.0
2019-03-13,4,0,198,0.0,0.0,0.0,0.0,0.0
2019-03-13,4,0,199,0.0,0.0,0.0,-0.0,0.0
2019-03-13,4,0,200,0.0,0.0,0.0,-0.0,0.0
2019-03-13,4,0,204,0.0,0.0,0.0,0.0,0.0
2019-03-13,4,0,205,0.0,0.0,0.0,0.0,0.0
2019-03-13,4,0,206,539.94,539.94,0.0,6150.393171,0.0
2019-03-13,4,0,210,0.0,0.0,0.0,0.0,0.0
2019-03-13,4,0,214,0.0,0.0,0.0,0.0,0.0
2019-03-13,4,0,217,0.0,0.0,0.0,0.0,0.0
2019-03-13,4,0,218,0.0,0.0,0.0,0.0,0.0
2019-03-13,4,0,219,0.0,0.0,0.0,0.0,0.0
2019-03-13,4,0,221,0.0,0.0,0.0,0.0,0.0
2019-03-13,4,0,225,0.0,0.0,0.0,0.0,0.0
2019-03-13,4,0,233,0.0,0.0,0.0,0.0,0.0
2019-03-13,4,0,236,159.03,159.03,0.0,1082.822525,0.0
2019-03-13,4,0,237,156.6,156.6,0.0,1153.289427,0.0
2019-03-13,4,0,238,0.0,0.0,0.0,0.0,0.0
2019-03-13,4,0,240,0.0,0.0,0.0,0.0,0.0
2019-03-13,4,0,245,78.0,78.0,0.0,437.491229,0.0
2019-03-13,4,0,247,171.72,171.72,0.0,963.153767,0.0
2019-03-13,4,0,248,15.72,15.72,0.0,115.770816,0.0
2019-03-13,4,0,249,150.0,150.0,0.0,841.329287,0.0
2019-03-13,4,0,251,326.4,326.4,0.0,1424.610994,0.0
2019-03-13,4,0,252,267.06,267.06,0.0,896.665616,0.0
2019-03-13,4,0,254,0.0,0.0,0.0,0.0,0.0
2019-03-13,4,0,255,0.0,0.0,0.0,0.0,0.0
2019-03-13,4,0,258,0.0,0.0,0.0,0.0,0.0
2019-03-13,4,0,260,0.0,0.0,0.0,0.0,0.0
2019-03-13,4,0,265,0.0,0.0,0.0,0.0,0.0
2019-03-13,4,0,266,97.0,97.0,0.0,938.560536,0.0
2019-03-13,4,0,267,119.2,119.2,0.0,1153.365112,0.0
2019-03-13,4,0,270,579.0,579.0,0.0,-579000.0,0.0
2019-03-13,4,0,272,150.39,150.39,0.0,-41347.700592,0.0
2019-03-13,4,0,273,0.0,0.0,0.0,-0.0,0.0
2019-03-13,4,0,274,746.4,746.4,0.0,-746400.0,0.0
2019-03-13,4,0,275,1039.0,1039.0,0.0,-1039000.0,0.0
2019-03-13,4,0,276,0.0,0.0,0.0,-0.0,0.0
2019-03-13,4,0,277,0.0,0.0,0.0,-0.0,0.0
2019-03-13,4,0,278,0.0,0.0,0.0,-0.0,0.0
2019-03-13,4,0,279,264.6,264.6,0.0,-75888.816609,0.0
2019-03-13,4,0,281,16.83,16.83,0.0,191.151729,0.0
2019-03-13,4,0,282,0.0,0.0,0.0,0.0,0.0
2019-03-13,5,0,9,0.0,0.0,0.0,0.0,0.0
2019-03-13,5,0,17,0.0,0.0,0.0,0.0,0.0
2019-03-13,5,0,19,643.3,643.3,0.0,31.376968,0.0
2019-03-13,5,0,20,780.2,780.2,0.0,38.054267,0.0
2019-03-13,5,0,21,0.0,0.0,0.0,0.0,0.0
2019-03-13,5,0,22,0.0,0.0,0.0,0.0,0.0
2019-03-13,5,0,23,0.0,0.0,0.0,0.0,0.0
2019-03-13,5,0,24,0.0,0.0,0.0,0.0,0.0
2019-03-13,5,0,29,0.0,0.0,0.0,0.0,0.0
2019-03-13,5,0,30,0.0,0.0,0.0,0.0,0.0
2019-03-13,5,0,31,37.5,37.5,0.0,504.597469,0.0
2019-03-13,5,0,32,0.0,0.0,0.0,0.0,0.0
2019-03-13,5,0,33,0.0,0.0,0.0,0.0,0.0
2019-03-13,5,0,34,0.0,0.0,0.0,0.0,0.0
2019-03-13,5,0,35,0.0,0.0,0.0,0.0,0.0
2019-03-13,5,0,36,0.0,0.0,0.0,0.0,0.0
2019-03-13,5,0,37,0.0,0.0,0.0,0.0,0.0
2019-03-13,5,0,38,0.0,0.0,0.0,0.0,0.0
2019-03-13,5,0,39,0.0,0.0,0.0,0.0,0.0
2019-03-13,5,0,40,0.0,0.0,0.0,0.0,0.0
2019-03-13,5,0,41,116.0,116.0,0.0,1319.54764,0.0
2019-03-13,5,0,42,0.0,0.0,0.0,0.0,0.0
2019-03-13,5,0,43,0.0,0.0,0.0,0.0,0.0
2019-03-13,5,0,46,0.0,0.0,0.0,0.0,0.0
2019-03-13,5,0,52,39.75,39.75,0.0,534.873317,0.0
2019-03-13,5,0,53,63.15,63.15,0.0,849.742138,0.0
2019-03-13,5,0,55,0.0,0.0,0.0,0.0,0.0
2019-03-13,5,0,56,0.0,0.0,0.0,0.0,0.0
2019-03-13,5,0,57,0.0,0.0,0.0,0.0,0.0
2019-03-13,5,0,58,0.0,0.0,0.0,0.0,0.0
2019-03-13,5,0,59,0.0,0.0,0.0,0.0,0.0
2019-03-13,5,0,63,170.0,170.0,0.0,16291.055016,0.0
2019-03-13,5,0,64,200.0,200.0,0.0,19165.947078,0.0
2019-03-13,5,0,65,41.4,41.4,0.0,151.280604,0.0
2019-03-13,5,0,67,0.0,0.0,0.0,-0.0,0.0
2019-03-13,5,0,68,10.2,10.2,0.0,-4317.683512,0.0
2019-03-13,5,0,69,0.0,0.0,0.0,0.0,0.0
2019-03-13,5,0,74,65.28,65.28,0.0,555.957616,0.0
2019-03-13,5,0,77,200.0,200.0,0.0,-61072.786001,0.0
2019-03-13,5,0,78,151.2,151.2,0.0,-46171.026217,0.0
2019-03-13,5,0,79,87.5,87.5,0.0,-26719.343875,0.0
2019-03-13,5,0,80,141.5,141.5,0.0,-43208.996096,0.0
2019-03-13,5,0,81,185.0,185.0,0.0,-56492.327051,0.0
2019-03-13,5,0,82,130.5,130.5,0.0,-39849.992866,0.0
2019-03-13,5,0,83,291.0,291.0,0.0,-88860.903631,0.0
2019-03-13,5,0,84,0.0,0.0,0.0,-0.0,0.0
2019-03-13,5,0,86,0.0,0.0,0.0,0.0,0.0
2019-03-13,5,0,87,0.0,0.0,0.0,0.0,0.0
2019-03-13,5,0,88,170.6,170.6,0.0,-52095.086459,0.0
2019-03-13,5,0,89,164.0,164.0,0.0,-50079.684521,0.0
2019-03-13,5,0,90,220.2,220.2,0.0,-67241.137387,0.0
2019-03-13,5,0,91,785.5,785.5,0.0,-239863.367018,0.0
2019-03-13,5,0,92,282.5,282.5,0.0,-86265.310226,0.0
2019-03-13,5,0,95,0.0,0.0,0.0,0.0,0.0
2019-03-13,5,0,96,29.88,29.88,0.0,403.286167,0.0
2019-03-13,5,0,97,183.75,183.75,0.0,2480.047964,0.0
2019-03-13,5,0,99,12.6,12.6,0.0,107.307996,0.0
2019-03-13,5,0,101,0.0,0.0,0.0,0.0,0.0
2019-03-13,5,0,102,24.15,24.15,0.0,-10222.750669,0.0
2019-03-13,5,0,103,21.0,21.0,0.0,-8889.348407,0.0
2019-03-13,5,0,104,3.9,3.9,0.0,-1650.87899,0.0
2019-03-13,5,0,106,0.0,0.0,0.0,0.0,0.0
2019-03-13,5,0,109,0.0,0.0,0.0,0.0,0.0
2019-03-13,5,0,110,338.6,338.6,0.0,-338600.0,0.0
2019-03-13,5,0,111,0.0,0.0,0.0,0.0,0.0
2019-03-13,5,0,113,106.15,106.15,0.0,-29258.301547,0.0
2019-03-13,5,0,115,106.15,106.15,0.0,-29258.301547,0.0
2019-03-13,5,0,116,0.0,0.0,0.0,-0.0,0.0
2019-03-13,5,0,117,5.11,5.11,0.0,-1408.477823,0.0
2019-03-13,5,0,119,200.0,200.0,0.0,19165.947078,0.0
2019-03-13,5,0,120,117.6,117.6,0.0,11269.576882,0.0
2019-03-13,5,0,123,0.0,0.0,0.0,0.0,0.0
2019-03-13,5,0,125,0.0,0.0,0.0,0.0,0.0
2019-03-13,5,0,126,0.0,0.0,0.0,0.0,0.0
2019-03-13,5,0,127,0.0,0.0,0.0,0.0,0.0
2019-03-13,5,0,128,0.0,0.0,0.0,0.0,0.0
2019-03-13,5,0,131,30.0,30.0,0.0,-11561.653088,0.0
2019-03-13,5,0,132,44.1,44.1,0.0,-16995.630039,0.0
2019-03-13,5,0,133,50.43,50.43,0.0,389.34802,0.0
2019-03-13,5,0,134,0.0,0.0,0.0,0.0,0.0
2019-03-13,5,0,135,71.85,71.85,0.0,554.722491,0.0
2019-03-13,5,0,136,45.9,45.9,0.0,176.808961,0.0
2019-03-13,5,0,139,149.8,149.8,0.0,1704.036522,0.0
2019-03-13,5,0,140,250.6,250.6,0.0,-250600.0,0.0
2019-03-13,5,0,141,0.0,0.0,0.0,-0.0,0.0
2019-03-13,5,0,142,0.0,0.0,0.0,-0.0,0.0
2019-03-13,5,0,143,135.05,135.05,0.0,1817.223686,0.0
2019-03-13,5,0,145,30.0,30.0,0.0,365.542891,0.0
2019-03-13,5,0,146,268.0,268.0,0.0,-268000.0,0.0
2019-03-13,5,0,152,0.0,0.0,0.0,0.0,0.0
2019-03-13,5,0,153,0.0,0.0,0.0,0.0,0.0
2019-03-13,5,0,154,0.0,0.0,0.0,0.0,0.0
2019-03-13,5,0,157,250.0,250.0,0.0,-141316.25525,0.0
2019-03-13,5,0,158,0.0,0.0,0.0,-0.0,0.0
2019-03-13,5,0,159,0.0,0.0,0.0,0.0,0.0
2019-03-13,5,0,160,0.0,0.0,0.0,0.0,0.0
2019-03-13,5,0,161,0.0,0.0,0.0,-0.0,0.0
2019-03-13,5,0,162,0.0,0.0,0.0,0.0,0.0
2019-03-13,5,0,163,185.4,185.4,0.0,-185400.0,0.0
2019-03-13,5,0,164,0.0,0.0,0.0,0.0,0.0
2019-03-13,5,0,167,0.0,0.0,0.0,0.0,0.0
2019-03-13,5,0,168,0.0,0.0,0.0,0.0,0.0
2019-03-13,5,0,169,0.0,0.0,0.0,0.0,0.0
2019-03-13,5,0,170,0.0,0.0,0.0,0.0,0.0
2019-03-13,5,0,172,0.0,0.0,0.0,0.0,0.0
2019-03-13,5,0,173,0.0,0.0,0.0,0.0,0.0
2019-03-13,5,0,188,0.0,0.0,0.0,0.0,0.0
2019-03-13,5,0,190,0.0,0.0,0.0,0.0,0.0
2019-03-13,5,0,191,0.0,0.0,0.0,0.0,0.0
2019-03-13,5,0,192,332.6,332.6,0.0,10785.405497,0.0
2019-03-13,5,0,194,176.5,176.5,0.0,-25101.842644,0.0
2019-03-13,5,0,196,0.0,0.0,0.0,0.0,0.0
2019-03-13,5,0,198,0.0,0.0,0.0,0.0,0.0
2019-03-13,5,0,199,0.0,0.0,0.0,-0.0,0.0
2019-03-13,5,0,200,0.0,0.0,0.0,-0.0,0.0
2019-03-13,5,0,204,0.0,0.0,0.0,0.0,0.0
2019-03-13,5,0,205,0.0,0.0,0.0,0.0,0.0
2019-03-13,5,0,206,539.94,539.94,0.0,7287.494411,0.0
2019-03-13,5,0,210,0.0,0.0,0.0,0.0,0.0
2019-03-13,5,0,214,0.0,0.0,0.0,0.0,0.0
2019-03-13,5,0,217,0.0,0.0,0.0,0.0,0.0
2019-03-13,5,0,218,0.0,0.0,0.0,0.0,0.0
2019-03-13,5,0,219,0.0,0.0,0.0,0.0,0.0
2019-03-13,5,0,221,0.0,0.0,0.0,0.0,0.0
2019-03-13,5,0,225,0.0,0.0,0.0,0.0,0.0
2019-03-13,5,0,233,0.0,0.0,0.0,0.0,0.0
2019-03-13,5,0,236,159.03,159.03,0.0,1245.065998,0.0
2019-03-13,5,0,237,156.6,156.6,0.0,1333.685091,0.0
2019-03-13,5,0,238,0.0,0.0,0.0,0.0,0.0
2019-03-13,5,0,240,0.0,0.0,0.0,0.0,0.0
2019-03-13,5,0,245,78.0,78.0,0.0,496.320689,0.0
2019-03-13,5,0,247,171.72,171.72,0.0,1092.669086,0.0
2019-03-13,5,0,248,15.72,15.72,0.0,133.8795,0.0
2019-03-13,5,0,249,150.0,150.0,0.0,954.462863,0.0
2019-03-13,5,0,251,326.4,326.4,0.0,1589.588915,0.0
2019-03-13,5,0,252,267.06,267.06,0.0,975.869519,0.0
2019-03-13,5,0,254,0.0,0.0,0.0,0.0,0.0
2019-03-13,5,0,255,0.0,0.0,0.0,0.0,0.0
2019-03-13,5,0,258,0.0,0.0,0.0,0.0,0.0
2019-03-13,5,0,260,0.0,0.0,0.0,0.0,0.0
2019-03-13,5,0,265,0.0,0.0,0.0,0.0,0.0
2019-03-13,5,0,266,97.0,97.0,0.0,1103.414837,0.0
2019-03-13,5,0,267,119.2,119.2,0.0,1355.948954,0.0
2019-03-13,5,0,270,579.0,579.0,0.0,-579000.0,0.0
2019-03-13,5,0,272,364.92,364.92,0.0,-100583.508247,0.0
2019-03-13,5,0,273,0.0,0.0,0.0,-0.0,0.0
2019-03-13,5,0,274,746.4,746.4,0.0,-746400.0,0.0
2019-03-13,5,0,275,1039.0,1039.0,0.0,-1039000.0,0.0
2019-03-13,5,0,276,0.0,0.0,0.0,-0.0,0.0
2019-03-13,5,0,277,0.0,0.0,0.0,-0.0,0.0
2019-03-13,5,0,278,0.0,0.0,0.0,-0.0,0.0
2019-03-13,5,0,279,264.6,264.6,0.0,-76086.209345,0.0
2019-03-13,5,0,281,16.83,16.83,0.0,226.463344,0.0
2019-03-13,5,0,282,0.0,0.0,0.0,0.0,0.0
2019-03-13,6,0,9,0.0,0.0,0.0,0.0,0.0
2019-03-13,6,0,17,0.0,0.0,0.0,0.0,0.0
2019-03-13,6,0,19,643.3,643.3,0.0,863.924715,0.0
2019-03-13,6,0,20,780.2,780.2,0.0,1047.77563,0.0
2019-03-13,6,0,21,0.0,0.0,0.0,0.0,0.0
2019-03-13,6,0,22,0.0,0.0,0.0,0.0,0.0
2019-03-13,6,0,23,0.0,0.0,0.0,0.0,0.0
2019-03-13,6,0,24,0.0,0.0,0.0,0.0,0.0
2019-03-13,6,0,29,0.0,0.0,0.0,0.0,0.0
2019-03-13,6,0,30,0.0,0.0,0.0,0.0,0.0
2019-03-13,6,0,31,37.57,37.57,0.0,414.866863,0.0
2019-03-13,6,0,32,0.0,0.0,0.0,0.0,0.0
2019-03-13,6,0,33,0.0,0.0,0.0,0.0,0.0
2019-03-13,6,0,34,0.0,0.0,0.0,0.0,0.0
2019-03-13,6,0,35,0.0,0.0,0.0,0.0,0.0
2019-03-13,6,0,36,0.0,0.0,0.0,0.0,0.0
2019-03-13,6,0,37,0.0,0.0,0.0,0.0,0.0
2019-03-13,6,0,38,0.0,0.0,0.0,0.0,0.0
2019-03-13,6,0,39,0.0,0.0,0.0,0.0,0.0
2019-03-13,6,0,40,0.0,0.0,0.0,0.0,0.0
2019-03-13,6,0,41,32.39,32.39,0.0,303.354476,0.0
2019-03-13,6,0,42,0.0,0.0,0.0,0.0,0.0
2019-03-13,6,0,43,0.0,0.0,0.0,0.0,0.0
2019-03-13,6,0,46,0.0,0.0,0.0,0.0,0.0
2019-03-13,6,0,52,39.83,39.83,0.0,439.822921,0.0
2019-03-13,6,0,53,63.23,63.23,0.0,698.217507,0.0
2019-03-13,6,0,55,0.0,0.0,0.0,0.0,0.0
2019-03-13,6,0,56,0.0,0.0,0.0,0.0,0.0
2019-03-13,6,0,57,0.0,0.0,0.0,0.0,0.0
2019-03-13,6,0,58,0.0,0.0,0.0,0.0,0.0
2019-03-13,6,0,59,0.0,0.0,0.0,0.0,0.0
2019-03-13,6,0,63,170.0,170.0,0.0,16536.1103,0.0
2019-03-13,6,0,64,200.0,200.0,0.0,19454.247412,0.0
2019-03-13,6,0,65,41.4,41.4,0.0,153.207246,0.0
2019-03-13,6,0,67,0.0,0.0,0.0,-0.0,0.0
2019-03-13,6,0,68,10.2,10.2,0.0,-4306.75892,0.0
2019-03-13,6,0,69,0.0,0.0,0.0,0.0,0.0
2019-03-13,6,0,74,23.31,23.31,0.0,164.63105,0.0
2019-03-13,6,0,77,0.0,0.0,0.0,-0.0,0.0
2019-03-13,6,0,78,0.0,0.0,0.0,-0.0,0.0
2019-03-13,6,0,79,0.0,0.0,0.0,-0.0,0.0
2019-03-13,6,0,80,0.0,0.0,0.0,-0.0,0.0
2019-03-13,6,0,81,0.0,0.0,0.0,-0.0,0.0
2019-03-13,6,0,82,0.0,0.0,0.0,-0.0,0.0
2019-03-13,6,0,83,0.0,0.0,0.0,-0.0,0.0
2019-03-13,6,0,84,0.0,0.0,0.0,0.0,0.0
2019-03-13,6,0,86,0.0,0.0,0.0,0.0,0.0
2019-03-13,6,0,87,0.0,0.0,0.0,0.0,0.0
2019-03-13,6,0,88,170.6,170.6,0.0,-51866.562559,0.0
2019-03-13,6,0,89,164.0,164.0,0.0,-49860.001522,0.0
2019-03-13,6,0,90,220.2,220.2,0.0,-66946.172776,0.0
2019-03-13,6,0,91,785.5,785.5,0.0,-238811.165828,0.0
2019-03-13,6,0,92,282.5,282.5,0.0,-85886.892866,0.0
2019-03-13,6,0,95,0.0,0.0,0.0,0.0,0.0
2019-03-13,6,0,96,29.88,29.88,0.0,330.935766,0.0
2019-03-13,6,0,97,183.75,183.75,0.0,2035.122058,0.0
2019-03-13,6,0,99,4.5,4.5,0.0,31.782056,0.0
2019-03-13,6,0,101,0.0,0.0,0.0,0.0,0.0
2019-03-13,6,0,102,24.15,24.15,0.0,-10196.885091,0.0
2019-03-13,6,0,103,21.0,21.0,0.0,-8866.856601,0.0
2019-03-13,6,0,104,3.9,3.9,0.0,-1646.70194,0.0
2019-03-13,6,0,106,0.0,0.0,0.0,0.0,0.0
2019-03-13,6,0,109,200.0,200.0,0.0,1656.380741,0.0
2019-03-13,6,0,110,338.6,338.6,0.0,-338600.0,0.0
2019-03-13,6,0,111,0.0,0.0,0.0,0.0,0.0
2019-03-13,6,0,113,137.43,137.43,0.0,-37710.702509,0.0
2019-03-13,6,0,115,137.43,137.43,0.0,-37710.702509,0.0
2019-03-13,6,0,116,0.0,0.0,0.0,-0.0,0.0
2019-03-13,6,0,117,5.45,5.45,0.0,-1495.476451,0.0
2019-03-13,6,0,119,200.0,200.0,0.0,19454.247412,0.0
2019-03-13,6,0,120,117.6,117.6,0.0,11439.097478,0.0
2019-03-13,6,0,123,0.0,0.0,0.0,0.0,0.0
2019-03-13,6,0,125,0.0,0.0,0.0,0.0,0.0
2019-03-13,6,0,126,0.0,0.0,0.0,0.0,0.0
2019-03-13,6,0,127,0.0,0.0,0.0,0.0,0.0
2019-03-13,6,0,128,0.0,0.0,0.0,0.0,0.0
2019-03-13,6,0,131,0.0,0.0,0.0,-0.0,0.0
2019-03-13,6,0,132,0.0,0.0,0.0,-0.0,0.0
2019-03-13,6,0,133,41.94,41.94,0.0,266.105638,0.0
2019-03-13,6,0,134,0.0,0.0,0.0,0.0,0.0
2019-03-13,6,0,135,56.2,56.2,0.0,356.584092,0.0
2019-03-13,6,0,136,45.9,45.9,0.0,175.801182,0.0
2019-03-13,6,0,139,41.82,41.82,0.0,391.672868,0.0
2019-03-13,6,0,140,250.6,250.6,0.0,-250600.0,0.0
2019-03-13,6,0,141,0.0,0.0,0.0,-0.0,0.0
2019-03-13,6,0,142,0.0,0.0,0.0,-0.0,0.0
2019-03-13,6,0,143,238.49,238.49,0.0,2633.526701,0.0
2019-03-13,6,0,145,30.0,30.0,0.0,300.533223,0.0
2019-03-13,6,0,146,0.0,0.0,0.0,-0.0,0.0
2019-03-13,6,0,152,0.0,0.0,0.0,0.0,0.0
2019-03-13,6,0,153,0.0,0.0,0.0,0.0,0.0
2019-03-13,6,0,154,0.0,0.0,0.0,0.0,0.0
2019-03-13,6,0,157,0.0,0.0,0.0,-0.0,0.0
2019-03-13,6,0,158,0.0,0.0,0.0,-0.0,0.0
2019-03-13,6,0,159,0.0,0.0,0.0,0.0,0.0
2019-03-13,6,0,160,0.0,0.0,0.0,0.0,0.0
2019-03-13,6,0,161,0.0,0.0,0.0,-0.0,0.0
2019-03-13,6,0,162,0.0,0.0,0.0,0.0,0.0
2019-03-13,6,0,163,185.4,185.4,0.0,-185400.0,0.0
2019-03-13,6,0,164,0.0,0.0,0.0,0.0,0.0
2019-03-13,6,0,167,0.0,0.0,0.0,0.0,0.0
2019-03-13,6,0,168,0.0,0.0,0.0,0.0,0.0
2019-03-13,6,0,169,0.0,0.0,0.0,0.0,0.0
2019-03-13,6,0,170,0.0,0.0,0.0,0.0,0.0
2019-03-13,6,0,172,0.0,0.0,0.0,0.0,0.0
2019-03-13,6,0,173,0.0,0.0,0.0,0.0,0.0
2019-03-13,6,0,188,0.0,0.0,0.0,0.0,0.0
2019-03-13,6,0,190,0.0,0.0,0.0,0.0,0.0
2019-03-13,6,0,191,0.0,0.0,0.0,0.0,0.0
2019-03-13,6,0,192,332.6,332.6,0.0,10785.405497,0.0
2019-03-13,6,0,194,176.5,176.5,0.0,-24867.355107,0.0
2019-03-13,6,0,196,0.0,0.0,0.0,0.0,0.0
2019-03-13,6,0,198,0.0,0.0,0.0,0.0,0.0
2019-03-13,6,0,199,0.0,0.0,0.0,-0.0,0.0
2019-03-13,6,0,200,0.0,0.0,0.0,-0.0,0.0
2019-03-13,6,0,204,857.0,857.0,0.0,7204.590874,0.0
2019-03-13,6,0,205,1058.0,1058.0,0.0,8762.254121,0.0
2019-03-13,6,0,206,539.94,539.94,0.0,5980.102334,0.0
2019-03-13,6,0,210,0.0,0.0,0.0,0.0,0.0
2019-03-13,6,0,214,0.0,0.0,0.0,0.0,0.0
2019-03-13,6,0,217,0.0,0.0,0.0,0.0,0.0
2019-03-13,6,0,218,0.0,0.0,0.0,0.0,0.0
2019-03-13,6,0,219,0.0,0.0,0.0,0.0,0.0
2019-03-13,6,0,221,0.0,0.0,0.0,0.0,0.0
2019-03-13,6,0,225,0.0,0.0,0.0,0.0,0.0
2019-03-13,6,0,233,0.0,0.0,0.0,0.0,0.0
2019-03-13,6,0,236,159.03,159.03,0.0,1035.016565,0.0
2019-03-13,6,0,237,55.92,55.92,0.0,394.945016,0.0
2019-03-13,6,0,238,0.0,0.0,0.0,0.0,0.0
2019-03-13,6,0,240,0.0,0.0,0.0,0.0,0.0
2019-03-13,6,0,245,78.0,78.0,0.0,423.975407,0.0
2019-03-13,6,0,247,171.72,171.72,0.0,933.398164,0.0
2019-03-13,6,0,248,5.61,5.61,0.0,39.62163,0.0
2019-03-13,6,0,249,150.0,150.0,0.0,815.33732,0.0
2019-03-13,6,0,251,326.4,326.4,0.0,1470.305485,0.0
2019-03-13,6,0,252,267.06,267.06,0.0,988.297756,0.0
2019-03-13,6,0,254,0.0,0.0,0.0,0.0,0.0
2019-03-13,6,0,255,0.0,0.0,0.0,0.0,0.0
2019-03-13,6,0,258,0.0,0.0,0.0,0.0,0.0
2019-03-13,6,0,260,0.0,0.0,0.0,0.0,0.0
2019-03-13,6,0,265,0.0,0.0,0.0,0.0,0.0
2019-03-13,6,0,266,27.08,27.08,0.0,253.622699,0.0
2019-03-13,6,0,267,33.28,33.28,0.0,311.689934,0.0
2019-03-13,6,0,270,579.0,579.0,0.0,-579000.0,0.0
2019-03-13,6,0,272,484.95,484.95,0.0,-133069.964213,0.0
2019-03-13,6,0,273,0.0,0.0,0.0,-0.0,0.0
2019-03-13,6,0,274,746.4,746.4,0.0,-746400.0,0.0
2019-03-13,6,0,275,1039.0,1039.0,0.0,-1039000.0,0.0
2019-03-13,6,0,276,0.0,0.0,0.0,-0.0,0.0
2019-03-13,6,0,277,0.0,0.0,0.0,-0.0,0.0
2019-03-13,6,0,278,0.0,0.0,0.0,-0.0,0.0
2019-03-13,6,0,279,264.6,264.6,0.0,-75748.764475,0.0
2019-03-13,6,0,281,16.89,16.89,0.0,186.507887,0.0
2019-03-13,6,0,282,0.0,0.0,0.0,0.0,0.0
2019-03-13,7,0,9,0.0,0.0,0.0,0.0,0.0
2019-03-13,7,0,17,0.0,0.0,0.0,-0.0,0.0
2019-03-13,7,0,19,643.3,643.3,0.0,-192.390078,0.0
2019-03-13,7,0,20,780.2,780.2,0.0,-233.332409,0.0
2019-03-13,7,0,21,0.0,0.0,0.0,0.0,0.0
2019-03-13,7,0,22,0.0,0.0,0.0,0.0,0.0
2019-03-13,7,0,23,0.0,0.0,0.0,0.0,0.0
2019-03-13,7,0,24,0.0,0.0,0.0,0.0,0.0
2019-03-13,7,0,29,0.0,0.0,0.0,0.0,0.0
2019-03-13,7,0,30,0.0,0.0,0.0,0.0,0.0
2019-03-13,7,0,31,92.33,92.33,0.0,568.672617,0.0
2019-03-13,7,0,32,0.0,0.0,0.0,0.0,0.0
2019-03-13,7,0,33,0.0,0.0,0.0,0.0,0.0
2019-03-13,7,0,34,0.0,0.0,0.0,0.0,0.0
2019-03-13,7,0,35,0.0,0.0,0.0,0.0,0.0
2019-03-13,7,0,36,0.0,0.0,0.0,0.0,0.0
2019-03-13,7,0,37,0.0,0.0,0.0,0.0,0.0
2019-03-13,7,0,38,0.0,0.0,0.0,0.0,0.0
2019-03-13,7,0,39,0.0,0.0,0.0,0.0,0.0
2019-03-13,7,0,40,0.0,0.0,0.0,0.0,0.0
2019-03-13,7,0,41,49.78,49.78,0.0,370.634113,0.0
2019-03-13,7,0,42,0.0,0.0,0.0,0.0,0.0
2019-03-13,7,0,43,0.0,0.0,0.0,0.0,0.0
2019-03-13,7,0,46,0.0,0.0,0.0,0.0,0.0
2019-03-13,7,0,52,97.87,97.87,0.0,602.794206,0.0
2019-03-13,7,0,53,155.54,155.54,0.0,957.991323,0.0
2019-03-13,7,0,55,0.0,0.0,0.0,0.0,0.0
2019-03-13,7,0,56,0.0,0.0,0.0,0.0,0.0
2019-03-13,7,0,57,0.0,0.0,0.0,0.0,0.0
2019-03-13,7,0,58,0.0,0.0,0.0,0.0,0.0
2019-03-13,7,0,59,0.0,0.0,0.0,0.0,0.0
2019-03-13,7,0,63,0.0,0.0,0.0,0.0,0.0
2019-03-13,7,0,64,0.0,0.0,0.0,0.0,0.0
2019-03-13,7,0,65,41.4,41.4,0.0,203.350544,0.0
2019-03-13,7,0,67,0.0,0.0,0.0,0.0,0.0
2019-03-13,7,0,68,0.0,0.0,0.0,0.0,0.0
2019-03-13,7,0,69,0.0,0.0,0.0,0.0,0.0
2019-03-13,7,0,74,10.18,10.18,0.0,94.652533,0.0
2019-03-13,7,0,77,0.0,0.0,0.0,0.0,0.0
2019-03-13,7,0,78,0.0,0.0,0.0,0.0,0.0
2019-03-13,7,0,79,0.0,0.0,0.0,0.0,0.0
2019-03-13,7,0,80,0.0,0.0,0.0,0.0,0.0
2019-03-13,7,0,81,0.0,0.0,0.0,0.0,0.0
2019-03-13,7,0,82,0.0,0.0,0.0,0.0,0.0
2019-03-13,7,0,83,0.0,0.0,0.0,0.0,0.0
2019-03-13,7,0,84,0.0,0.0,0.0,0.0,0.0
2019-03-13,7,0,86,0.0,0.0,0.0,0.0,0.0
2019-03-13,7,0,87,0.0,0.0,0.0,0.0,0.0
2019-03-13,7,0,88,0.0,0.0,0.0,0.0,0.0
2019-03-13,7,0,89,0.0,0.0,0.0,0.0,0.0
2019-03-13,7,0,90,0.0,0.0,0.0,0.0,0.0
2019-03-13,7,0,91,0.0,0.0,0.0,0.0,0.0
2019-03-13,7,0,92,0.0,0.0,0.0,0.0,0.0
2019-03-13,7,0,95,0.0,0.0,0.0,0.0,0.0
2019-03-13,7,0,96,29.88,29.88,0.0,183.293592,0.0
2019-03-13,7,0,97,183.75,183.75,0.0,1127.18198,0.0
2019-03-13,7,0,99,1.97,1.97,0.0,18.316846,0.0
2019-03-13,7,0,101,0.0,0.0,0.0,0.0,0.0
2019-03-13,7,0,102,0.0,0.0,0.0,0.0,0.0
2019-03-13,7,0,103,0.0,0.0,0.0,0.0,0.0
2019-03-13,7,0,104,0.0,0.0,0.0,0.0,0.0
2019-03-13,7,0,106,0.0,0.0,0.0,0.0,0.0
2019-03-13,7,0,109,200.0,200.0,0.0,1643.040192,0.0
2019-03-13,7,0,110,338.6,338.6,0.0,5890.181746,0.0
2019-03-13,7,0,111,0.0,0.0,0.0,0.0,0.0
2019-03-13,7,0,113,0.0,0.0,0.0,0.0,0.0
2019-03-13,7,0,115,0.0,0.0,0.0,0.0,0.0
2019-03-13,7,0,116,0.0,0.0,0.0,0.0,0.0
2019-03-13,7,0,117,0.0,0.0,0.0,0.0,0.0
2019-03-13,7,0,119,0.0,0.0,0.0,0.0,0.0
2019-03-13,7,0,120,0.0,0.0,0.0,0.0,0.0
2019-03-13,7,0,123,0.0,0.0,0.0,0.0,0.0
2019-03-13,7,0,125,0.0,0.0,0.0,0.0,0.0
2019-03-13,7,0,126,0.0,0.0,0.0,0.0,0.0
2019-03-13,7,0,127,0.0,0.0,0.0,0.0,0.0
2019-03-13,7,0,128,0.0,0.0,0.0,0.0,0.0
2019-03-13,7,0,131,0.0,0.0,0.0,0.0,0.0
2019-03-13,7,0,132,0.0,0.0,0.0,0.0,0.0
2019-03-13,7,0,133,41.94,41.94,0.0,461.67675,0.0
2019-03-13,7,0,134,0.0,0.0,0.0,0.0,0.0
2019-03-13,7,0,135,56.2,56.2,0.0,618.651249,0.0
2019-03-13,7,0,136,45.9,45.9,0.0,238.584422,0.0
2019-03-13,7,0,139,64.29,64.29,0.0,478.667479,0.0
2019-03-13,7,0,140,250.6,250.6,0.0,4359.360737,0.0
2019-03-13,7,0,141,0.0,0.0,0.0,0.0,0.0
2019-03-13,7,0,142,0.0,0.0,0.0,0.0,0.0
2019-03-13,7,0,143,176.28,176.28,0.0,1085.731712,0.0
2019-03-13,7,0,145,30.0,30.0,0.0,207.682831,0.0
2019-03-13,7,0,146,0.0,0.0,0.0,0.0,0.0
2019-03-13,7,0,152,0.0,0.0,0.0,0.0,0.0
2019-03-13,7,0,153,0.0,0.0,0.0,0.0,0.0
2019-03-13,7,0,154,0.0,0.0,0.0,0.0,0.0
2019-03-13,7,0,157,0.0,0.0,0.0,0.0,0.0
2019-03-13,7,0,158,0.0,0.0,0.0,0.0,0.0
2019-03-13,7,0,159,0.0,0.0,0.0,0.0,0.0
2019-03-13,7,0,160,0.0,0.0,0.0,0.0,0.0
2019-03-13,7,0,161,0.0,0.0,0.0,0.0,0.0
2019-03-13,7,0,162,0.0,0.0,0.0,0.0,0.0
2019-03-13,7,0,163,0.0,0.0,0.0,0.0,0.0
2019-03-13,7,0,164,0.0,0.0,0.0,0.0,0.0
2019-03-13,7,0,167,0.0,0.0,0.0,0.0,0.0
2019-03-13,7,0,168,0.0,0.0,0.0,0.0,0.0
2019-03-13,7,0,169,0.0,0.0,0.0,0.0,0.0
2019-03-13,7,0,170,0.0,0.0,0.0,0.0,0.0
2019-03-13,7,0,172,0.0,0.0,0.0,0.0,0.0
2019-03-13,7,0,173,0.0,0.0,0.0,0.0,0.0
2019-03-13,7,0,188,0.0,0.0,0.0,0.0,0.0
2019-03-13,7,0,190,0.0,0.0,0.0,0.0,0.0
2019-03-13,7,0,191,0.0,0.0,0.0,0.0,0.0
2019-03-13,7,0,192,332.6,332.6,0.0,5741.042163,0.0
2019-03-13,7,0,194,0.0,0.0,0.0,0.0,0.0
2019-03-13,7,0,196,0.0,0.0,0.0,0.0,0.0
2019-03-13,7,0,198,0.0,0.0,0.0,0.0,0.0
2019-03-13,7,0,199,0.0,0.0,0.0,0.0,0.0
2019-03-13,7,0,200,0.0,0.0,0.0,0.0,0.0
2019-03-13,7,0,204,857.0,857.0,0.0,6949.895516,0.0
2019-03-13,7,0,205,1058.0,1058.0,0.0,8691.682615,0.0
2019-03-13,7,0,206,539.94,539.94,0.0,3312.16674,0.0
2019-03-13,7,0,210,0.0,0.0,0.0,0.0,0.0
2019-03-13,7,0,214,0.0,0.0,0.0,0.0,0.0
2019-03-13,7,0,217,0.0,0.0,0.0,0.0,0.0
2019-03-13,7,0,218,0.0,0.0,0.0,0.0,0.0
2019-03-13,7,0,219,0.0,0.0,0.0,0.0,0.0
2019-03-13,7,0,221,0.0,0.0,0.0,0.0,0.0
2019-03-13,7,0,225,0.0,0.0,0.0,0.0,0.0
2019-03-13,7,0,233,0.0,0.0,0.0,0.0,0.0
2019-03-13,7,0,236,159.03,159.03,0.0,1560.346287,0.0
2019-03-13,7,0,237,24.43,24.43,0.0,227.147482,0.0
2019-03-13,7,0,238,0.0,0.0,0.0,0.0,0.0
2019-03-13,7,0,240,0.0,0.0,0.0,0.0,0.0
2019-03-13,7,0,245,78.0,78.0,0.0,730.220253,0.0
2019-03-13,7,0,247,171.72,171.72,0.0,1607.607973,0.0
2019-03-13,7,0,248,2.45,2.45,0.0,22.779833,0.0
2019-03-13,7,0,249,150.0,150.0,0.0,1404.269718,0.0
2019-03-13,7,0,251,326.4,326.4,0.0,2134.923034,0.0
2019-03-13,7,0,252,267.06,267.06,0.0,1311.758365,0.0
2019-03-13,7,0,254,0.0,0.0,0.0,0.0,0.0
2019-03-13,7,0,255,0.0,0.0,0.0,0.0,0.0
2019-03-13,7,0,258,0.0,0.0,0.0,0.0,0.0
2019-03-13,7,0,260,0.0,0.0,0.0,0.0,0.0
2019-03-13,7,0,265,0.0,0.0,0.0,0.0,0.0
2019-03-13,7,0,266,41.62,41.62,0.0,309.879305,0.0
2019-03-13,7,0,267,51.15,51.15,0.0,380.834369,0.0
2019-03-13,7,0,270,0.0,0.0,0.0,0.0,0.0
2019-03-13,7,0,272,0.0,0.0,0.0,0.0,0.0
2019-03-13,7,0,273,0.0,0.0,0.0,0.0,0.0
2019-03-13,7,0,274,0.0,0.0,0.0,0.0,0.0
2019-03-13,7,0,275,0.0,0.0,0.0,0.0,0.0
2019-03-13,7,0,276,0.0,0.0,0.0,0.0,0.0
2019-03-13,7,0,277,0.0,0.0,0.0,0.0,0.0
2019-03-13,7,0,278,0.0,0.0,0.0,0.0,0.0
2019-03-13,7,0,279,0.0,0.0,0.0,0.0,0.0
2019-03-13,7,0,281,41.4,41.4,0.0,254.988047,0.0
2019-03-13,7,0,282,0.0,0.0,0.0,0.0,0.0
2019-03-13,8,0,9,0.0,0.0,0.0,0.0,0.0
2019-03-13,8,0,17,2.98,2.98,0.0,0.998911,0.0
2019-03-13,8,0,19,605.38,605.38,0.0,202.92635,0.0
2019-03-13,8,0,20,753.44,753.44,0.0,252.556789,0.0
2019-03-13,8,0,21,0.0,0.0,0.0,0.0,0.0
2019-03-13,8,0,22,0.0,0.0,0.0,0.0,0.0
2019-03-13,8,0,23,0.0,0.0,0.0,0.0,0.0
2019-03-13,8,0,24,0.0,0.0,0.0,0.0,0.0
2019-03-13,8,0,29,0.84,0.84,0.0,7.816293,0.0
2019-03-13,8,0,30,0.0,0.0,0.0,0.0,0.0
2019-03-13,8,0,31,37.5,37.5,0.0,300.092258,0.0
2019-03-13,8,0,32,0.14,0.14,0.0,2.122118,0.0
2019-03-13,8,0,33,0.16,0.16,0.0,1.570823,0.0
2019-03-13,8,0,34,0.25,0.25,0.0,2.454411,0.0
2019-03-13,8,0,35,0.25,0.25,0.0,2.454411,0.0
2019-03-13,8,0,36,0.27,0.27,0.0,2.432623,0.0
2019-03-13,8,0,37,0.16,0.16,0.0,1.440268,0.0
2019-03-13,8,0,38,0.2,0.2,0.0,1.800335,0.0
2019-03-13,8,0,39,0.13,0.13,0.0,1.170218,0.0
2019-03-13,8,0,40,0.13,0.13,0.0,1.170218,0.0
2019-03-13,8,0,41,25.7,25.7,0.0,217.671032,0.0
2019-03-13,8,0,42,2.05,2.05,0.0,14.499615,0.0
2019-03-13,8,0,43,0.71,0.71,0.0,6.431684,0.0
2019-03-13,8,0,46,0.63,0.63,0.0,5.610651,0.0
2019-03-13,8,0,52,39.75,39.75,0.0,318.097793,0.0
2019-03-13,8,0,53,63.15,63.15,0.0,505.355362,0.0
2019-03-13,8,0,55,0.0,0.0,0.0,0.0,0.0
2019-03-13,8,0,56,0.0,0.0,0.0,0.0,0.0
2019-03-13,8,0,57,0.0,0.0,0.0,0.0,0.0
2019-03-13,8,0,58,0.0,0.0,0.0,0.0,0.0
2019-03-13,8,0,59,0.0,0.0,0.0,0.0,0.0
2019-03-13,8,0,63,0.0,0.0,0.0,0.0,0.0
2019-03-13,8,0,64,0.0,0.0,0.0,0.0,0.0
2019-03-13,8,0,65,41.4,41.4,0.0,200.625128,0.0
2019-03-13,8,0,67,0.0,0.0,0.0,0.0,0.0
2019-03-13,8,0,68,0.0,0.0,0.0,0.0,0.0
2019-03-13,8,0,69,0.16,0.16,0.0,1.570823,0.0
2019-03-13,8,0,74,1.41,1.41,0.0,12.86319,0.0
2019-03-13,8,0,77,0.0,0.0,0.0,0.0,0.0
2019-03-13,8,0,78,0.0,0.0,0.0,0.0,0.0
2019-03-13,8,0,79,0.0,0.0,0.0,0.0,0.0
2019-03-13,8,0,80,0.0,0.0,0.0,0.0,0.0
2019-03-13,8,0,81,0.0,0.0,0.0,0.0,0.0
2019-03-13,8,0,82,0.0,0.0,0.0,0.0,0.0
2019-03-13,8,0,83,0.0,0.0,0.0,0.0,0.0
2019-03-13,8,0,84,0.0,0.0,0.0,0.0,0.0
2019-03-13,8,0,86,0.79,0.79,0.0,7.755938,0.0
2019-03-13,8,0,87,4.05,4.05,0.0,39.761453,0.0
2019-03-13,8,0,88,0.0,0.0,0.0,0.0,0.0
2019-03-13,8,0,89,0.0,0.0,0.0,0.0,0.0
2019-03-13,8,0,90,0.0,0.0,0.0,0.0,0.0
2019-03-13,8,0,91,0.0,0.0,0.0,0.0,0.0
2019-03-13,8,0,92,0.0,0.0,0.0,0.0,0.0
2019-03-13,8,0,95,0.0,0.0,0.0,0.0,0.0
2019-03-13,8,0,96,29.88,29.88,0.0,238.841214,0.0
2019-03-13,8,0,97,183.75,183.75,0.0,1468.777549,0.0
2019-03-13,8,0,99,0.27,0.27,0.0,2.463164,0.0
2019-03-13,8,0,101,0.0,0.0,0.0,0.0,0.0
2019-03-13,8,0,102,0.0,0.0,0.0,0.0,0.0
2019-03-13,8,0,103,0.0,0.0,0.0,0.0,0.0
2019-03-13,8,0,104,0.0,0.0,0.0,0.0,0.0
2019-03-13,8,0,106,0.0,0.0,0.0,0.0,0.0
2019-03-13,8,0,109,200.0,200.0,0.0,1752.391062,0.0
2019-03-13,8,0,110,0.0,0.0,0.0,0.0,0.0
2019-03-13,8,0,111,0.17,0.17,0.0,1.439847,0.0
2019-03-13,8,0,113,141.55,141.55,0.0,955.470525,0.0
2019-03-13,8,0,115,141.55,141.55,0.0,955.470525,0.0
2019-03-13,8,0,116,1.15,1.15,0.0,14.800884,0.0
2019-03-13,8,0,117,7.33,7.33,0.0,49.477916,0.0
2019-03-13,8,0,119,0.0,0.0,0.0,0.0,0.0
2019-03-13,8,0,120,0.0,0.0,0.0,0.0,0.0
2019-03-13,8,0,123,0.0,0.0,0.0,0.0,0.0
2019-03-13,8,0,125,0.0,0.0,0.0,0.0,0.0
2019-03-13,8,0,126,0.0,0.0,0.0,0.0,0.0
2019-03-13,8,0,127,0.0,0.0,0.0,0.0,0.0
2019-03-13,8,0,128,0.0,0.0,0.0,0.0,0.0
2019-03-13,8,0,131,0.0,0.0,0.0,0.0,0.0
2019-03-13,8,0,132,0.0,0.0,0.0,0.0,0.0
2019-03-13,8,0,133,41.94,41.94,0.0,422.863362,0.0
2019-03-13,8,0,134,0.0,0.0,0.0,0.0,0.0
2019-03-13,8,0,135,56.2,56.2,0.0,566.640938,0.0
2019-03-13,8,0,136,45.9,45.9,0.0,233.798631,0.0
2019-03-13,8,0,139,33.19,33.19,0.0,281.10901,0.0
2019-03-13,8,0,140,0.0,0.0,0.0,0.0,0.0
2019-03-13,8,0,141,0.0,0.0,0.0,0.0,0.0
2019-03-13,8,0,142,0.0,0.0,0.0,0.0,0.0
2019-03-13,8,0,143,71.55,71.55,0.0,572.576028,0.0
2019-03-13,8,0,145,30.0,30.0,0.0,248.532558,0.0
2019-03-13,8,0,146,0.0,0.0,0.0,0.0,0.0
2019-03-13,8,0,152,0.22,0.22,0.0,2.00997,0.0
2019-03-13,8,0,153,0.32,0.32,0.0,2.919039,0.0
2019-03-13,8,0,154,0.72,0.72,0.0,6.098177,0.0
2019-03-13,8,0,157,0.0,0.0,0.0,0.0,0.0
2019-03-13,8,0,158,0.0,0.0,0.0,0.0,0.0
2019-03-13,8,0,159,0.0,0.0,0.0,0.0,0.0
2019-03-13,8,0,160,0.06,0.06,0.0,0.554637,0.0
2019-03-13,8,0,161,0.0,0.0,0.0,0.0,0.0
2019-03-13,8,0,162,0.0,0.0,0.0,0.0,0.0
2019-03-13,8,0,163,0.0,0.0,0.0,0.0,0.0
2019-03-13,8,0,164,0.0,0.0,0.0,0.0,0.0
2019-03-13,8,0,167,0.18,0.18,0.0,2.720798,0.0
2019-03-13,8,0,168,0.09,0.09,0.0,1.360399,0.0
2019-03-13,8,0,169,0.0,0.0,0.0,0.0,0.0
2019-03-13,8,0,170,0.2,0.2,0.0,3.023109,0.0
2019-03-13,8,0,172,0.22,0.22,0.0,3.202014,0.0
2019-03-13,8,0,173,0.34,0.34,0.0,4.948567,0.0
2019-03-13,8,0,188,0.27,0.27,0.0,4.019775,0.0
2019-03-13,8,0,190,0.23,0.23,0.0,3.496553,0.0
2019-03-13,8,0,191,0.59,0.59,0.0,8.969419,0.0
2019-03-13,8,0,192,332.6,332.6,0.0,5056.320178,0.0
2019-03-13,8,0,194,176.5,176.5,0.0,967.189009,0.0
2019-03-13,8,0,196,0.14,0.14,0.0,2.005334,0.0
2019-03-13,8,0,198,0.41,0.41,0.0,3.901848,0.0
2019-03-13,8,0,199,39.0,39.0,0.0,345.744336,0.0
2019-03-13,8,0,200,0.57,0.57,0.0,5.053186,0.0
2019-03-13,8,0,204,856.99,856.99,0.0,7477.613226,0.0
2019-03-13,8,0,205,1058.0,1058.0,0.0,9270.148719,0.0
2019-03-13,8,0,206,539.94,539.94,0.0,4315.92789,0.0
2019-03-13,8,0,210,0.26,0.26,0.0,2.439176,0.0
2019-03-13,8,0,214,0.96,0.96,0.0,9.579741,0.0
2019-03-13,8,0,217,0.84,0.84,0.0,8.163929,0.0
2019-03-13,8,0,218,1.16,1.16,0.0,11.273997,0.0
2019-03-13,8,0,219,0.79,0.79,0.0,7.677981,0.0
2019-03-13,8,0,221,0.51,0.51,0.0,5.089237,0.0
2019-03-13,8,0,225,0.74,0.74,0.0,6.880327,0.0
2019-03-13,8,0,233,0.45,0.45,0.0,4.417939,0.0
2019-03-13,8,0,236,74.1,74.1,0.0,689.084669,0.0
2019-03-13,8,0,237,3.37,3.37,0.0,30.743936,0.0
2019-03-13,8,0,238,2.67,2.67,0.0,18.884865,0.0
2019-03-13,8,0,240,0.31,0.31,0.0,2.793012,0.0
2019-03-13,8,0,245,78.0,78.0,0.0,670.719678,0.0
2019-03-13,8,0,247,171.72,171.72,0.0,1476.615168,0.0
2019-03-13,8,0,248,0.34,0.34,0.0,3.101762,0.0
2019-03-13,8,0,249,150.0,150.0,0.0,1289.845535,0.0
2019-03-13,8,0,251,326.4,326.4,0.0,2049.776296,0.0
2019-03-13,8,0,252,267.06,267.06,0.0,1294.177455,0.0
2019-03-13,8,0,254,0.37,0.37,0.0,3.368922,0.0
2019-03-13,8,0,255,0.17,0.17,0.0,1.547883,0.0
2019-03-13,8,0,258,0.32,0.32,0.0,2.885641,0.0
2019-03-13,8,0,260,0.14,0.14,0.0,1.294154,0.0
2019-03-13,8,0,265,0.74,0.74,0.0,6.267571,0.0
2019-03-13,8,0,266,21.49,21.49,0.0,182.013637,0.0
2019-03-13,8,0,267,26.41,26.41,0.0,223.684512,0.0
2019-03-13,8,0,270,0.0,0.0,0.0,0.0,0.0
2019-03-13,8,0,272,490.05,490.05,0.0,3307.865281,0.0
2019-03-13,8,0,273,0.27,0.27,0.0,3.47499,0.0
2019-03-13,8,0,274,0.0,0.0,0.0,0.0,0.0
2019-03-13,8,0,275,0.0,0.0,0.0,0.0,0.0
2019-03-13,8,0,276,0.06,0.06,0.0,0.724006,0.0
2019-03-13,8,0,277,0.1,0.1,0.0,0.691997,0.0
2019-03-13,8,0,278,0.16,0.16,0.0,1.107196,0.0
2019-03-13,8,0,279,0.0,0.0,0.0,0.0,0.0
2019-03-13,8,0,281,16.83,16.83,0.0,134.681405,0.0
2019-03-13,8,0,282,0.0,0.0,0.0,0.0,0.0
2019-03-13,9,0,9,0.9,0.9,0.0,4.708136,0.0
2019-03-13,9,0,17,15.83,15.83,0.0,145.606435,0.0
2019-03-13,9,0,19,475.02,475.02,0.0,4369.296841,0.0
2019-03-13,9,0,20,589.85,589.85,0.0,5425.518381,0.0
2019-03-13,9,0,21,20.66,20.66,0.0,108.077878,0.0
2019-03-13,9,0,22,73.41,73.41,0.0,384.026963,0.0
2019-03-13,9,0,23,0.0,0.0,0.0,0.0,0.0
2019-03-13,9,0,24,0.0,0.0,0.0,0.0,0.0
2019-03-13,9,0,29,3.0,3.0,0.0,25.356762,0.0
2019-03-13,9,0,30,159.43,159.43,0.0,830.250832,0.0
2019-03-13,9,0,31,49.31,49.31,0.0,256.787735,0.0
2019-03-13,9,0,32,0.75,0.75,0.0,18.083255,0.0
2019-03-13,9,0,33,0.83,0.83,0.0,8.279524,0.0
2019-03-13,9,0,34,1.33,1.33,0.0,13.267189,0.0
2019-03-13,9,0,35,1.33,1.33,0.0,13.267189,0.0
2019-03-13,9,0,36,1.98,1.98,0.0,15.691185,0.0
2019-03-13,9,0,37,1.1,1.1,0.0,8.687406,0.0
2019-03-13,9,0,38,1.42,1.42,0.0,11.214651,0.0
2019-03-13,9,0,39,0.95,0.95,0.0,7.502759,0.0
2019-03-13,9,0,40,0.95,0.95,0.0,7.502759,0.0
2019-03-13,9,0,41,34.25,34.25,0.0,221.983002,0.0
2019-03-13,9,0,42,19.37,19.37,0.0,174.904575,0.0
2019-03-13,9,0,43,4.7,4.7,0.0,37.765548,0.0
2019-03-13,9,0,46,4.81,4.81,0.0,36.717107,0.0
2019-03-13,9,0,52,52.32,52.32,0.0,272.46267,0.0
2019-03-13,9,0,53,83.57,83.57,0.0,435.200791,0.0
2019-03-13,9,0,55,0.0,0.0,0.0,0.0,0.0
2019-03-13,9,0,56,47.03,47.03,0.0,244.914361,0.0
2019-03-13,9,0,57,44.73,44.73,0.0,232.936836,0.0
2019-03-13,9,0,58,86.02,86.02,0.0,447.959459,0.0
2019-03-13,9,0,59,84.59,84.59,0.0,440.512563,0.0
2019-03-13,9,0,63,0.0,0.0,0.0,0.0,0.0
2019-03-13,9,0,64,0.0,0.0,0.0,0.0,0.0
2019-03-13,9,0,65,41.4,41.4,0.0,379.50706,0.0
2019-03-13,9,0,67,93.02,93.02,0.0,792.191457,0.0
2019-03-13,9,0,68,0.0,0.0,0.0,0.0,0.0
2019-03-13,9,0,69,0.83,0.83,0.0,8.279524,0.0
2019-03-13,9,0,74,0.0,0.0,0.0,0.0,0.0
2019-03-13,9,0,77,0.0,0.0,0.0,0.0,0.0
2019-03-13,9,0,78,0.0,0.0,0.0,0.0,0.0
2019-03-13,9,0,79,0.0,0.0,0.0,0.0,0.0
2019-03-13,9,0,80,0.0,0.0,0.0,0.0,0.0
2019-03-13,9,0,81,0.0,0.0,0.0,0.0,0.0
2019-03-13,9,0,82,0.0,0.0,0.0,0.0,0.0
2019-03-13,9,0,83,0.0,0.0,0.0,0.0,0.0
2019-03-13,9,0,84,0.0,0.0,0.0,0.0,0.0
2019-03-13,9,0,86,4.22,4.22,0.0,42.095893,0.0
2019-03-13,9,0,87,21.54,21.54,0.0,214.86861,0.0
2019-03-13,9,0,88,155.83,155.83,0.0,461.650407,0.0
2019-03-13,9,0,89,148.85,148.85,0.0,440.971976,0.0
2019-03-13,9,0,90,208.93,208.93,0.0,618.96053,0.0
2019-03-13,9,0,91,785.09,785.09,0.0,2325.849436,0.0
2019-03-13,9,0,92,276.23,276.23,0.0,818.338521,0.0
2019-03-13,9,0,95,36.0,36.0,0.0,863.724912,0.0
2019-03-13,9,0,96,29.88,29.88,0.0,154.865387,0.0
2019-03-13,9,0,97,183.75,183.75,0.0,952.359933,0.0
2019-03-13,9,0,99,0.0,0.0,0.0,0.0,0.0
2019-03-13,9,0,101,3.21,3.21,0.0,16.71646,0.0
2019-03-13,9,0,102,0.0,0.0,0.0,0.0,0.0
2019-03-13,9,0,103,0.0,0.0,0.0,0.0,0.0
2019-03-13,9,0,104,0.0,0.0,0.0,0.0,0.0
2019-03-13,9,0,106,72.26,72.26,0.0,378.011011,0.0
2019-03-13,9,0,109,186.24,186.24,0.0,1352.340322,0.0
2019-03-13,9,0,110,0.0,0.0,0.0,0.0,0.0
2019-03-13,9,0,111,4.96,4.96,0.0,32.147027,0.0
2019-03-13,9,0,113,84.3,84.3,0.0,154.145192,0.0
2019-03-13,9,0,115,84.3,84.3,0.0,154.145192,0.0
2019-03-13,9,0,116,37.67,37.67,0.0,680.005015,0.0
2019-03-13,9,0,117,5.73,5.73,0.0,10.477485,0.0
2019-03-13,9,0,119,0.0,0.0,0.0,0.0,0.0
2019-03-13,9,0,120,0.0,0.0,0.0,0.0,0.0
2019-03-13,9,0,123,1.2,1.2,0.0,6.277515,0.0
2019-03-13,9,0,125,0.0,0.0,0.0,0.0,0.0
2019-03-13,9,0,126,54.2,54.2,0.0,283.534415,0.0
2019-03-13,9,0,127,69.55,69.55,0.0,363.83429,0.0
2019-03-13,9,0,128,0.0,0.0,0.0,0.0,0.0
2019-03-13,9,0,131,0.0,0.0,0.0,0.0,0.0
2019-03-13,9,0,132,0.0,0.0,0.0,0.0,0.0
2019-03-13,9,0,133,41.94,41.94,0.0,385.893331,0.0
2019-03-13,9,0,134,0.0,0.0,0.0,0.0,0.0
2019-03-13,9,0,135,56.2,56.2,0.0,517.100744,0.0
2019-03-13,9,0,136,45.9,45.9,0.0,420.678969,0.0
2019-03-13,9,0,139,44.23,44.23,0.0,286.665933,0.0
2019-03-13,9,0,140,0.0,0.0,0.0,0.0,0.0
2019-03-13,9,0,141,0.0,0.0,0.0,0.0,0.0
2019-03-13,9,0,142,122.67,122.67,0.0,1044.70142,0.0
2019-03-13,9,0,143,133.82,133.82,0.0,696.883688,0.0
2019-03-13,9,0,145,30.0,30.0,0.0,179.107571,0.0
2019-03-13,9,0,146,0.0,0.0,0.0,0.0,0.0
2019-03-13,9,0,152,1.75,1.75,0.0,14.535829,0.0
2019-03-13,9,0,153,2.44,2.44,0.0,20.16861,0.0
2019-03-13,9,0,154,20.47,20.47,0.0,132.671301,0.0
2019-03-13,9,0,157,0.0,0.0,0.0,0.0,0.0
2019-03-13,9,0,158,80.57,80.57,0.0,686.162822,0.0
2019-03-13,9,0,159,0.0,0.0,0.0,0.0,0.0
2019-03-13,9,0,160,0.36,0.36,0.0,3.058983,0.0
2019-03-13,9,0,161,18.26,18.26,0.0,98.651685,0.0
2019-03-13,9,0,162,48.75,48.75,0.0,1170.172731,0.0
2019-03-13,9,0,163,0.0,0.0,0.0,0.0,0.0
2019-03-13,9,0,164,5.79,5.79,0.0,30.152119,0.0
2019-03-13,9,0,167,0.9,0.9,0.0,21.598458,0.0
2019-03-13,9,0,168,0.45,0.45,0.0,10.799229,0.0
2019-03-13,9,0,169,0.0,0.0,0.0,0.0,0.0
2019-03-13,9,0,170,0.99,0.99,0.0,23.758303,0.0
2019-03-13,9,0,172,1.11,1.11,0.0,24.981719,0.0
2019-03-13,9,0,173,1.69,1.69,0.0,38.03523,0.0
2019-03-13,9,0,188,1.47,1.47,0.0,34.389541,0.0
2019-03-13,9,0,190,2.79,2.79,0.0,67.605582,0.0
2019-03-13,9,0,191,7.21,7.21,0.0,174.708333,0.0
2019-03-13,9,0,192,0.0,0.0,0.0,0.0,0.0
2019-03-13,9,0,194,130.37,130.37,0.0,-201.713428,0.0
2019-03-13,9,0,196,2.02,2.02,0.0,44.245915,0.0
2019-03-13,9,0,198,2.15,2.15,0.0,19.697668,0.0
2019-03-13,9,0,199,39.0,39.0,0.0,288.066934,0.0
2019-03-13,9,0,200,3.05,3.05,0.0,22.528311,0.0
2019-03-13,9,0,204,408.61,408.61,0.0,2925.513143,0.0
2019-03-13,9,0,205,1048.92,1048.92,0.0,7616.499195,0.0
2019-03-13,9,0,206,539.94,539.94,0.0,2798.461073,0.0
2019-03-13,9,0,210,0.94,0.94,0.0,8.146818,0.0
2019-03-13,9,0,214,4.06,4.06,0.0,42.367927,0.0
2019-03-13,9,0,217,3.28,3.28,0.0,31.713665,0.0
2019-03-13,9,0,218,4.53,4.53,0.0,43.799665,0.0
2019-03-13,9,0,219,3.08,3.08,0.0,29.779905,0.0
2019-03-13,9,0,221,2.17,2.17,0.0,22.644927,0.0
2019-03-13,9,0,225,2.7,2.7,0.0,22.765136,0.0
2019-03-13,9,0,233,2.39,2.39,0.0,23.841039,0.0
2019-03-13,9,0,236,17.4,17.4,0.0,152.580199,0.0
2019-03-13,9,0,237,0.0,0.0,0.0,0.0,0.0
2019-03-13,9,0,238,25.22,25.22,0.0,227.728105,0.0
2019-03-13,9,0,240,2.24,2.24,0.0,17.751644,0.0
2019-03-13,9,0,245,78.0,78.0,0.0,726.430686,0.0
2019-03-13,9,0,247,140.24,140.24,0.0,1306.085121,0.0
2019-03-13,9,0,248,0.0,0.0,0.0,0.0,0.0
2019-03-13,9,0,249,150.0,150.0,0.0,1396.982088,0.0
2019-03-13,9,0,251,303.25,303.25,0.0,2764.261945,0.0
2019-03-13,9,0,252,267.06,267.06,0.0,2448.095542,0.0
2019-03-13,9,0,254,2.17,2.17,0.0,17.68798,0.0
2019-03-13,9,0,255,1.0,1.0,0.0,8.151143,0.0
2019-03-13,9,0,258,2.3,2.3,0.0,18.268138,0.0
2019-03-13,9,0,260,0.87,0.87,0.0,7.392541,0.0
2019-03-13,9,0,265,21.19,21.19,0.0,137.337805,0.0
2019-03-13,9,0,266,28.64,28.64,0.0,185.623159,0.0
2019-03-13,9,0,267,35.2,35.2,0.0,228.140195,0.0
2019-03-13,9,0,270,0.0,0.0,0.0,0.0,0.0
2019-03-13,9,0,272,281.31,281.31,0.0,514.384151,0.0
2019-03-13,9,0,273,9.01,9.01,0.0,162.645213,0.0
2019-03-13,9,0,274,0.0,0.0,0.0,0.0,0.0
2019-03-13,9,0,275,0.0,0.0,0.0,0.0,0.0
2019-03-13,9,0,276,1.99,1.99,0.0,31.685988,0.0
2019-03-13,9,0,277,2.55,2.55,0.0,5.822079,0.0
2019-03-13,9,0,278,4.09,4.09,0.0,9.338157,0.0
2019-03-13,9,0,279,264.6,264.6,0.0,604.126265,0.0
2019-03-13,9,0,281,21.97,21.97,0.0,114.411408,0.0
2019-03-13,9,0,282,87.46,87.46,0.0,455.458432,0.0
2019-03-13,10,0,9,2.02,2.02,0.0,12.086615,0.0
2019-03-13,10,0,17,31.89,31.89,0.0,252.496191,0.0
2019-03-13,10,0,19,349.46,349.46,0.0,2766.927532,0.0
2019-03-13,10,0,20,433.01,433.01,0.0,3428.453302,0.0
2019-03-13,10,0,21,46.3,46.3,0.0,277.034779,0.0
2019-03-13,10,0,22,164.55,164.55,0.0,984.580407,0.0
2019-03-13,10,0,23,0.0,0.0,0.0,0.0,0.0
2019-03-13,10,0,24,0.0,0.0,0.0,0.0,0.0
2019-03-13,10,0,29,3.59,3.59,0.0,30.29523,0.0
2019-03-13,10,0,30,371.69,371.69,0.0,2219.483128,0.0
2019-03-13,10,0,31,103.87,103.87,0.0,620.241902,0.0
2019-03-13,10,0,32,3.28,3.28,0.0,55.600013,0.0
2019-03-13,10,0,33,1.48,1.48,0.0,12.231534,0.0
2019-03-13,10,0,34,2.36,2.36,0.0,19.504339,0.0
2019-03-13,10,0,35,2.36,2.36,0.0,19.504339,0.0
2019-03-13,10,0,36,7.26,7.26,0.0,53.608129,0.0
2019-03-13,10,0,37,3.35,3.35,0.0,24.714542,0.0
2019-03-13,10,0,38,4.3,4.3,0.0,31.723144,0.0
2019-03-13,10,0,39,2.87,2.87,0.0,21.173354,0.0
2019-03-13,10,0,40,2.87,2.87,0.0,21.173354,0.0
2019-03-13,10,0,41,34.8,34.8,0.0,230.289234,0.0
2019-03-13,10,0,42,37.62,37.62,0.0,295.036474,0.0
2019-03-13,10,0,43,21.21,21.21,0.0,158.467531,0.0
2019-03-13,10,0,46,19.75,19.75,0.0,143.1424,0.0
2019-03-13,10,0,52,110.17,110.17,0.0,657.861272,0.0
2019-03-13,10,0,53,175.67,175.67,0.0,1048.983295,0.0
2019-03-13,10,0,55,0.0,0.0,0.0,0.0,0.0
2019-03-13,10,0,56,109.63,109.63,0.0,654.636754,0.0
2019-03-13,10,0,57,104.29,104.29,0.0,622.74986,0.0
2019-03-13,10,0,58,200.55,200.55,0.0,1197.549951,0.0
2019-03-13,10,0,59,197.21,197.21,0.0,1177.605713,0.0
2019-03-13,10,0,63,51.0,51.0,0.0,867.667675,0.0
2019-03-13,10,0,64,60.0,60.0,0.0,1020.7855,0.0
2019-03-13,10,0,65,41.4,41.4,0.0,327.215563,0.0
2019-03-13,10,0,67,210.71,210.71,0.0,1687.486835,0.0
2019-03-13,10,0,68,0.0,0.0,0.0,0.0,0.0
2019-03-13,10,0,69,1.48,1.48,0.0,12.231534,0.0
2019-03-13,10,0,74,0.0,0.0,0.0,0.0,0.0
2019-03-13,10,0,77,0.0,0.0,0.0,0.0,0.0
2019-03-13,10,0,78,0.0,0.0,0.0,0.0,0.0
2019-03-13,10,0,79,0.0,0.0,0.0,0.0,0.0
2019-03-13,10,0,80,0.0,0.0,0.0,0.0,0.0
2019-03-13,10,0,81,0.0,0.0,0.0,0.0,0.0
2019-03-13,10,0,82,0.0,0.0,0.0,0.0,0.0
2019-03-13,10,0,83,0.0,0.0,0.0,0.0,0.0
2019-03-13,10,0,84,0.0,0.0,0.0,0.0,0.0
2019-03-13,10,0,86,7.49,7.49,0.0,61.901482,0.0
2019-03-13,10,0,87,38.22,38.22,0.0,315.871114,0.0
2019-03-13,10,0,88,103.48,103.48,0.0,498.399418,0.0
2019-03-13,10,0,89,99.0,99.0,0.0,476.822018,0.0
2019-03-13,10,0,90,137.47,137.47,0.0,662.108311,0.0
2019-03-13,10,0,91,509.29,509.29,0.0,2452.936215,0.0
2019-03-13,10,0,92,180.45,180.45,0.0,869.116496,0.0
2019-03-13,10,0,95,88.65,88.65,0.0,1496.751423,0.0
2019-03-13,10,0,96,29.88,29.88,0.0,178.044073,0.0
2019-03-13,10,0,97,183.75,183.75,0.0,1094.899546,0.0
2019-03-13,10,0,99,0.0,0.0,0.0,0.0,0.0
2019-03-13,10,0,101,7.49,7.49,0.0,44.725251,0.0
2019-03-13,10,0,102,0.0,0.0,0.0,0.0,0.0
2019-03-13,10,0,103,0.0,0.0,0.0,0.0,0.0
2019-03-13,10,0,104,0.0,0.0,0.0,0.0,0.0
2019-03-13,10,0,106,161.99,161.99,0.0,969.262717,0.0
2019-03-13,10,0,109,96.34,96.34,0.0,677.511177,0.0
2019-03-13,10,0,110,0.0,0.0,0.0,0.0,0.0
2019-03-13,10,0,111,10.52,10.52,0.0,69.616171,0.0
2019-03-13,10,0,113,150.0,150.0,0.0,629.367874,0.0
2019-03-13,10,0,115,150.0,150.0,0.0,629.367874,0.0
2019-03-13,10,0,116,79.12,79.12,0.0,1066.050376,0.0
2019-03-13,10,0,117,10.0,10.0,0.0,41.957858,0.0
2019-03-13,10,0,119,60.0,60.0,0.0,1020.7855,0.0
2019-03-13,10,0,120,35.28,35.28,0.0,600.221874,0.0
2019-03-13,10,0,123,2.7,2.7,0.0,16.155376,0.0
2019-03-13,10,0,125,0.0,0.0,0.0,0.0,0.0
2019-03-13,10,0,126,121.49,121.49,0.0,726.932079,0.0
2019-03-13,10,0,127,155.91,155.91,0.0,932.883204,0.0
2019-03-13,10,0,128,0.0,0.0,0.0,0.0,0.0
2019-03-13,10,0,131,0.0,0.0,0.0,0.0,0.0
2019-03-13,10,0,132,0.0,0.0,0.0,0.0,0.0
2019-03-13,10,0,133,41.94,41.94,0.0,332.124492,0.0
2019-03-13,10,0,134,0.0,0.0,0.0,0.0,0.0
2019-03-13,10,0,135,56.2,56.2,0.0,445.049987,0.0
2019-03-13,10,0,136,45.9,45.9,0.0,362.747282,0.0
2019-03-13,10,0,139,44.94,44.94,0.0,297.390752,0.0
2019-03-13,10,0,140,0.0,0.0,0.0,0.0,0.0
2019-03-13,10,0,141,0.0,0.0,0.0,0.0,0.0
2019-03-13,10,0,142,277.88,277.88,0.0,2225.422816,0.0
2019-03-13,10,0,143,238.5,238.5,0.0,1424.161871,0.0
2019-03-13,10,0,145,56.19,56.19,0.0,357.663256,0.0
2019-03-13,10,0,146,0.0,0.0,0.0,0.0,0.0
2019-03-13,10,0,152,5.21,5.21,0.0,39.193876,0.0
2019-03-13,10,0,153,6.56,6.56,0.0,49.232855,0.0
2019-03-13,10,0,154,43.38,43.38,0.0,287.067442,0.0
2019-03-13,10,0,157,0.0,0.0,0.0,0.0,0.0
2019-03-13,10,0,158,188.46,188.46,0.0,1509.296041,0.0
2019-03-13,10,0,159,0.0,0.0,0.0,0.0,0.0
2019-03-13,10,0,160,1.54,1.54,0.0,11.955642,0.0
2019-03-13,10,0,161,40.2,40.2,0.0,250.200456,0.0
2019-03-13,10,0,162,91.77,91.77,0.0,1550.003693,0.0
2019-03-13,10,0,163,0.0,0.0,0.0,0.0,0.0
2019-03-13,10,0,164,13.97,13.97,0.0,83.419461,0.0
2019-03-13,10,0,167,3.23,3.23,0.0,54.546172,0.0
2019-03-13,10,0,168,1.62,1.62,0.0,27.357523,0.0
2019-03-13,10,0,169,0.0,0.0,0.0,0.0,0.0
2019-03-13,10,0,170,3.54,3.54,0.0,59.781254,0.0
2019-03-13,10,0,172,4.33,4.33,0.0,69.488298,0.0
2019-03-13,10,0,173,6.6,6.6,0.0,105.917497,0.0
2019-03-13,10,0,188,6.9,6.9,0.0,114.157843,0.0
2019-03-13,10,0,190,6.53,6.53,0.0,111.095489,0.0
2019-03-13,10,0,191,16.88,16.88,0.0,287.180987,0.0
2019-03-13,10,0,192,0.0,0.0,0.0,0.0,0.0
2019-03-13,10,0,194,52.95,52.95,0.0,121.16645,0.0
2019-03-13,10,0,196,4.32,4.32,0.0,67.729971,0.0
2019-03-13,10,0,198,4.03,4.03,0.0,33.247907,0.0
2019-03-13,10,0,199,27.63,27.63,0.0,207.330945,0.0
2019-03-13,10,0,200,10.83,10.83,0.0,81.266527,0.0
2019-03-13,10,0,204,92.61,92.61,0.0,646.782561,0.0
2019-03-13,10,0,205,568.97,568.97,0.0,4001.282275,0.0
2019-03-13,10,0,206,539.94,539.94,0.0,3217.306454,0.0
2019-03-13,10,0,210,1.17,1.17,0.0,9.961221,0.0
2019-03-13,10,0,214,5.96,5.96,0.0,50.479391,0.0
2019-03-13,10,0,217,4.12,4.12,0.0,34.9879,0.0
2019-03-13,10,0,218,5.68,5.68,0.0,48.235745,0.0
2019-03-13,10,0,219,3.87,3.87,0.0,32.864848,0.0
2019-03-13,10,0,221,3.18,3.18,0.0,26.933635,0.0
2019-03-13,10,0,225,3.27,3.27,0.0,27.571109,0.0
2019-03-13,10,0,233,4.24,4.24,0.0,35.041693,0.0
2019-03-13,10,0,236,0.0,0.0,0.0,0.0,0.0
2019-03-13,10,0,237,0.0,0.0,0.0,0.0,0.0
2019-03-13,10,0,238,48.97,48.97,0.0,384.049339,0.0
2019-03-13,10,0,240,8.23,8.23,0.0,60.770648,0.0
2019-03-13,10,0,245,60.12,60.12,0.0,479.101011,0.0
2019-03-13,10,0,247,64.19,64.19,0.0,511.535161,0.0
2019-03-13,10,0,248,0.0,0.0,0.0,0.0,0.0
2019-03-13,10,0,249,115.62,115.62,0.0,921.384878,0.0
2019-03-13,10,0,251,255.06,255.06,0.0,2010.084093,0.0
2019-03-13,10,0,252,267.06,267.06,0.0,2110.777496,0.0
2019-03-13,10,0,254,8.4,8.4,0.0,63.375006,0.0
2019-03-13,10,0,255,3.85,3.85,0.0,29.046878,0.0
2019-03-13,10,0,258,10.22,10.22,0.0,75.609018,0.0
2019-03-13,10,0,260,3.75,3.75,0.0,29.112763,0.0
2019-03-13,10,0,265,44.92,44.92,0.0,297.258402,0.0
2019-03-13,10,0,266,29.1,29.1,0.0,192.569446,0.0
2019-03-13,10,0,267,35.76,35.76,0.0,236.64204,0.0
2019-03-13,10,0,270,0.0,0.0,0.0,0.0,0.0
2019-03-13,10,0,272,501.3,501.3,0.0,2103.347434,0.0
2019-03-13,10,0,273,18.92,18.92,0.0,254.92509,0.0
2019-03-13,10,0,274,0.0,0.0,0.0,0.0,0.0
2019-03-13,10,0,275,0.0,0.0,0.0,0.0,0.0
2019-03-13,10,0,276,4.24,4.24,0.0,51.955108,0.0
2019-03-13,10,0,277,5.33,5.33,0.0,23.689684,0.0
2019-03-13,10,0,278,8.53,8.53,0.0,37.912384,0.0
2019-03-13,10,0,279,264.6,264.6,0.0,1176.039481,0.0
2019-03-13,10,0,281,46.3,46.3,0.0,276.472514,0.0
2019-03-13,10,0,282,203.89,203.89,0.0,1217.494188,0.0
2019-03-13,11,0,9,3.14,3.14,0.0,-1224.073553,0.0
2019-03-13,11,0,17,46.17,46.17,0.0,315.018346,0.0
2019-03-13,11,0,19,192.99,192.99,0.0,1316.772591,0.0
2019-03-13,11,0,20,234.06,234.06,0.0,1596.993588,0.0
2019-03-13,11,0,21,71.79,71.79,0.0,-27986.063823,0.0
2019-03-13,11,0,22,255.12,255.12,0.0,-99454.027058,0.0
2019-03-13,11,0,23,0.0,0.0,0.0,-0.0,0.0
2019-03-13,11,0,24,0.0,0.0,0.0,-0.0,0.0
2019-03-13,11,0,29,5.4,5.4,0.0,28.189124,0.0
2019-03-13,11,0,30,586.17,586.17,0.0,-586170.0,0.0
2019-03-13,11,0,31,119.91,119.91,0.0,-119910.0,0.0
2019-03-13,11,0,32,4.85,4.85,0.0,129.349939,0.0
2019-03-13,11,0,33,2.16,2.16,0.0,22.007028,0.0
2019-03-13,11,0,34,3.46,3.46,0.0,35.251999,0.0
2019-03-13,11,0,35,3.46,3.46,0.0,35.251999,0.0
2019-03-13,11,0,36,10.88,10.88,0.0,22.101899,0.0
2019-03-13,11,0,37,5.05,5.05,0.0,10.402147,0.0
2019-03-13,11,0,38,6.49,6.49,0.0,13.368304,0.0
2019-03-13,11,0,39,4.33,4.33,0.0,8.919068,0.0
2019-03-13,11,0,40,4.33,4.33,0.0,8.919068,0.0
2019-03-13,11,0,41,34.8,34.8,0.0,-374.299365,0.0
2019-03-13,11,0,42,58.98,58.98,0.0,359.394765,0.0
2019-03-13,11,0,43,31.62,31.62,0.0,86.42075,0.0
2019-03-13,11,0,46,29.02,29.02,0.0,41.991937,0.0
2019-03-13,11,0,52,127.48,127.48,0.0,-127480.0,0.0
2019-03-13,11,0,53,207.62,207.62,0.0,-207620.0,0.0
2019-03-13,11,0,55,0.0,0.0,0.0,-0.0,0.0
2019-03-13,11,0,56,172.9,172.9,0.0,-172900.0,0.0
2019-03-13,11,0,57,164.46,164.46,0.0,-164460.0,0.0
2019-03-13,11,0,58,316.28,316.28,0.0,-316280.0,0.0
2019-03-13,11,0,59,311.01,311.01,0.0,-311010.0,0.0
2019-03-13,11,0,63,0.0,0.0,0.0,0.0,0.0
2019-03-13,11,0,64,0.0,0.0,0.0,0.0,0.0
2019-03-13,11,0,65,41.4,41.4,0.0,276.862282,0.0
2019-03-13,11,0,67,331.42,331.42,0.0,9879.00147,0.0
2019-03-13,11,0,68,0.0,0.0,0.0,0.0,0.0
2019-03-13,11,0,69,2.16,2.16,0.0,22.007028,0.0
2019-03-13,11,0,74,0.0,0.0,0.0,0.0,0.0
2019-03-13,11,0,77,0.0,0.0,0.0,0.0,0.0
2019-03-13,11,0,78,0.0,0.0,0.0,0.0,0.0
2019-03-13,11,0,79,0.0,0.0,0.0,0.0,0.0
2019-03-13,11,0,80,0.0,0.0,0.0,0.0,0.0
2019-03-13,11,0,81,0.0,0.0,0.0,0.0,0.0
2019-03-13,11,0,82,0.0,0.0,0.0,0.0,0.0
2019-03-13,11,0,83,0.0,0.0,0.0,0.0,0.0
2019-03-13,11,0,84,0.0,0.0,0.0,0.0,0.0
2019-03-13,11,0,86,10.96,10.96,0.0,111.665292,0.0
2019-03-13,11,0,87,55.94,55.94,0.0,569.941279,0.0
2019-03-13,11,0,88,0.0,0.0,0.0,0.0,0.0
2019-03-13,11,0,89,0.0,0.0,0.0,0.0,0.0
2019-03-13,11,0,90,0.0,0.0,0.0,0.0,0.0
2019-03-13,11,0,91,0.0,0.0,0.0,0.0,0.0
2019-03-13,11,0,92,0.0,0.0,0.0,0.0,0.0
2019-03-13,11,0,95,96.29,96.29,0.0,2565.665493,0.0
2019-03-13,11,0,96,31.88,31.88,0.0,1306.164204,0.0
2019-03-13,11,0,97,234.28,234.28,0.0,9598.749995,0.0
2019-03-13,11,0,99,0.0,0.0,0.0,0.0,0.0
2019-03-13,11,0,101,11.81,11.81,0.0,-11810.0,0.0
2019-03-13,11,0,102,0.0,0.0,0.0,0.0,0.0
2019-03-13,11,0,103,0.0,0.0,0.0,0.0,0.0
2019-03-13,11,0,104,0.0,0.0,0.0,0.0,0.0
2019-03-13,11,0,106,251.15,251.15,0.0,-97906.39266,0.0
2019-03-13,11,0,109,83.48,83.48,0.0,12.325263,0.0
2019-03-13,11,0,110,0.0,0.0,0.0,0.0,0.0
2019-03-13,11,0,111,16.13,16.13,0.0,-173.489907,0.0
2019-03-13,11,0,113,0.0,0.0,0.0,0.0,0.0
2019-03-13,11,0,115,0.0,0.0,0.0,0.0,0.0
2019-03-13,11,0,116,121.04,121.04,0.0,3400.268216,0.0
2019-03-13,11,0,117,0.0,0.0,0.0,0.0,0.0
2019-03-13,11,0,119,0.0,0.0,0.0,0.0,0.0
2019-03-13,11,0,120,0.0,0.0,0.0,0.0,0.0
2019-03-13,11,0,123,4.19,4.19,0.0,-1633.397512,0.0
2019-03-13,11,0,125,0.0,0.0,0.0,-0.0,0.0
2019-03-13,11,0,126,188.36,188.36,0.0,-73428.819914,0.0
2019-03-13,11,0,127,241.73,241.73,0.0,-94234.172,0.0
2019-03-13,11,0,128,0.0,0.0,0.0,-0.0,0.0
2019-03-13,11,0,131,0.0,0.0,0.0,0.0,0.0
2019-03-13,11,0,132,0.0,0.0,0.0,0.0,0.0
2019-03-13,11,0,133,39.16,39.16,0.0,267.689027,0.0
2019-03-13,11,0,134,0.0,0.0,0.0,0.0,0.0
2019-03-13,11,0,135,52.47,52.47,0.0,358.673218,0.0
2019-03-13,11,0,136,45.9,45.9,0.0,306.614536,0.0
2019-03-13,11,0,139,44.94,44.94,0.0,-483.362456,0.0
2019-03-13,11,0,140,0.0,0.0,0.0,0.0,0.0
2019-03-13,11,0,141,0.0,0.0,0.0,0.0,0.0
2019-03-13,11,0,142,437.07,437.07,0.0,13028.227544,0.0
2019-03-13,11,0,143,238.5,238.5,0.0,-238500.0,0.0
2019-03-13,11,0,145,100.0,100.0,0.0,-329.262121,0.0
2019-03-13,11,0,146,0.0,0.0,0.0,0.0,0.0
2019-03-13,11,0,152,7.91,7.91,0.0,25.057012,0.0
2019-03-13,11,0,153,9.73,9.73,0.0,29.253301,0.0
2019-03-13,11,0,154,66.54,66.54,0.0,-715.686199,0.0
2019-03-13,11,0,157,0.0,0.0,0.0,0.0,0.0
2019-03-13,11,0,158,298.3,298.3,0.0,8891.757102,0.0
2019-03-13,11,0,159,0.0,0.0,0.0,0.0,0.0
2019-03-13,11,0,160,2.33,2.33,0.0,10.908038,0.0
2019-03-13,11,0,161,62.71,62.71,0.0,1904.406286,0.0
2019-03-13,11,0,162,162.5,162.5,0.0,4331.338542,0.0
2019-03-13,11,0,163,0.0,0.0,0.0,0.0,0.0
2019-03-13,11,0,164,21.72,21.72,0.0,-21720.0,0.0
2019-03-13,11,0,167,4.81,4.81,0.0,128.109528,0.0
2019-03-13,11,0,168,2.41,2.41,0.0,64.187934,0.0
2019-03-13,11,0,169,0.0,0.0,0.0,0.0,0.0
2019-03-13,11,0,170,5.26,5.26,0.0,140.094827,0.0
2019-03-13,11,0,172,6.51,6.51,0.0,167.219846,0.0
2019-03-13,11,0,173,9.93,9.93,0.0,255.06806,0.0
2019-03-13,11,0,188,10.25,10.25,0.0,271.417113,0.0
2019-03-13,11,0,190,9.77,9.77,0.0,265.637702,0.0
2019-03-13,11,0,191,25.24,25.24,0.0,686.253389,0.0
2019-03-13,11,0,192,0.0,0.0,0.0,0.0,0.0
2019-03-13,11,0,194,52.95,52.95,0.0,1482.25959,0.0
2019-03-13,11,0,196,6.57,6.57,0.0,181.801087,0.0
2019-03-13,11,0,198,6.03,6.03,0.0,45.616465,0.0
2019-03-13,11,0,199,55.16,55.16,0.0,1057.637634,0.0
2019-03-13,11,0,200,15.77,15.77,0.0,302.373921,0.0
2019-03-13,11,0,204,241.75,241.75,0.0,-16.900381,0.0
2019-03-13,11,0,205,545.8,545.8,0.0,80.583716,0.0
2019-03-13,11,0,206,895.48,895.48,0.0,36688.956143,0.0
2019-03-13,11,0,210,1.7,1.7,0.0,10.352772,0.0
2019-03-13,11,0,214,8.84,8.84,0.0,107.571085,0.0
2019-03-13,11,0,217,6.01,6.01,0.0,57.393806,0.0
2019-03-13,11,0,218,8.29,8.29,0.0,79.167163,0.0
2019-03-13,11,0,219,5.65,5.65,0.0,53.955908,0.0
2019-03-13,11,0,221,4.72,4.72,0.0,57.436145,0.0
2019-03-13,11,0,225,4.79,4.79,0.0,24.602507,0.0
2019-03-13,11,0,233,6.2,6.2,0.0,63.168322,0.0
2019-03-13,11,0,236,0.0,0.0,0.0,0.0,0.0
2019-03-13,11,0,237,0.0,0.0,0.0,0.0,0.0
2019-03-13,11,0,238,76.77,76.77,0.0,467.79817,0.0
2019-03-13,11,0,240,12.33,12.33,0.0,25.047465,0.0
2019-03-13,11,0,245,50.39,50.39,0.0,368.922159,0.0
2019-03-13,11,0,247,44.41,44.41,0.0,325.140565,0.0
2019-03-13,11,0,248,0.0,0.0,0.0,0.0,0.0
2019-03-13,11,0,249,96.91,96.91,0.0,709.510744,0.0
2019-03-13,11,0,251,158.19,158.19,0.0,1022.698683,0.0
2019-03-13,11,0,252,267.06,267.06,0.0,1785.962343,0.0
2019-03-13,11,0,254,12.7,12.7,0.0,40.919921,0.0
2019-03-13,11,0,255,5.82,5.82,0.0,18.752279,0.0
2019-03-13,11,0,258,15.27,15.27,0.0,32.750356,0.0
2019-03-13,11,0,260,5.66,5.66,0.0,26.497638,0.0
2019-03-13,11,0,265,68.89,68.89,0.0,-740.962162,0.0
2019-03-13,11,0,266,29.1,29.1,0.0,-312.99171,0.0
2019-03-13,11,0,267,35.76,35.76,0.0,-384.624865,0.0
2019-03-13,11,0,270,0.0,0.0,0.0,0.0,0.0
2019-03-13,11,0,272,0.0,0.0,0.0,0.0,0.0
2019-03-13,11,0,273,28.94,28.94,0.0,812.985477,0.0
2019-03-13,11,0,274,0.0,0.0,0.0,0.0,0.0
2019-03-13,11,0,275,0.0,0.0,0.0,0.0,0.0
2019-03-13,11,0,276,6.57,6.57,0.0,187.082393,0.0
2019-03-13,11,0,277,8.16,8.16,0.0,247.035692,0.0
2019-03-13,11,0,278,13.05,13.05,0.0,395.075464,0.0
2019-03-13,11,0,279,0.0,0.0,0.0,0.0,0.0
2019-03-13,11,0,281,52.29,52.29,0.0,-52290.0,0.0
2019-03-13,11,0,282,321.55,321.55,0.0,-321550.0,0.0
2019-03-13,12,0,9,4.09,4.09,0.0,-1586.088362,0.0
2019-03-13,12,0,17,57.43,57.43,0.0,1419.566942,0.0
2019-03-13,12,0,19,171.59,171.59,0.0,4241.398079,0.0
2019-03-13,12,0,20,208.11,208.11,0.0,5144.107198,0.0
2019-03-13,12,0,21,93.5,93.5,0.0,-36258.988234,0.0
2019-03-13,12,0,22,332.31,332.31,0.0,-128868.709948,0.0
2019-03-13,12,0,23,0.0,0.0,0.0,-0.0,0.0
2019-03-13,12,0,24,0.0,0.0,0.0,-0.0,0.0
2019-03-13,12,0,29,6.65,6.65,0.0,22.82415,0.0
2019-03-13,12,0,30,758.52,758.52,0.0,-758520.0,0.0
2019-03-13,12,0,31,0.0,0.0,0.0,-0.0,0.0
2019-03-13,12,0,32,5.96,5.96,0.0,151.692406,0.0
2019-03-13,12,0,33,2.8,2.8,0.0,80.338399,0.0
2019-03-13,12,0,34,4.48,4.48,0.0,128.541438,0.0
2019-03-13,12,0,35,4.48,4.48,0.0,128.541438,0.0
2019-03-13,12,0,36,14.2,14.2,0.0,105.231662,0.0
2019-03-13,12,0,37,6.61,6.61,0.0,49.550719,0.0
2019-03-13,12,0,38,8.5,8.5,0.0,63.718777,0.0
2019-03-13,12,0,39,5.66,5.66,0.0,42.429209,0.0
2019-03-13,12,0,40,5.66,5.66,0.0,42.429209,0.0
2019-03-13,12,0,41,34.8,34.8,0.0,-204.435992,0.0
2019-03-13,12,0,42,78.19,78.19,0.0,1865.361064,0.0
2019-03-13,12,0,43,40.83,40.83,0.0,347.023899,0.0
2019-03-13,12,0,46,37.05,37.05,0.0,250.674192,0.0
2019-03-13,12,0,52,0.0,0.0,0.0,-0.0,0.0
2019-03-13,12,0,53,0.0,0.0,0.0,-0.0,0.0
2019-03-13,12,0,55,0.0,0.0,0.0,-0.0,0.0
2019-03-13,12,0,56,223.74,223.74,0.0,-223740.0,0.0
2019-03-13,12,0,57,212.82,212.82,0.0,-212820.0,0.0
2019-03-13,12,0,58,409.27,409.27,0.0,-409270.0,0.0
2019-03-13,12,0,59,402.45,402.45,0.0,-402450.0,0.0
2019-03-13,12,0,63,0.0,0.0,0.0,0.0,0.0
2019-03-13,12,0,64,0.0,0.0,0.0,0.0,0.0
2019-03-13,12,0,65,34.15,34.15,0.0,838.662179,0.0
2019-03-13,12,0,67,435.72,435.72,0.0,6301.031765,0.0
2019-03-13,12,0,68,0.0,0.0,0.0,0.0,0.0
2019-03-13,12,0,69,2.8,2.8,0.0,80.338399,0.0
2019-03-13,12,0,74,20.87,20.87,0.0,304.831767,0.0
2019-03-13,12,0,77,0.0,0.0,0.0,0.0,0.0
2019-03-13,12,0,78,0.0,0.0,0.0,0.0,0.0
2019-03-13,12,0,79,0.0,0.0,0.0,0.0,0.0
2019-03-13,12,0,80,0.0,0.0,0.0,0.0,0.0
2019-03-13,12,0,81,0.0,0.0,0.0,0.0,0.0
2019-03-13,12,0,82,0.0,0.0,0.0,0.0,0.0
2019-03-13,12,0,83,0.0,0.0,0.0,0.0,0.0
2019-03-13,12,0,84,0.0,0.0,0.0,0.0,0.0
2019-03-13,12,0,86,14.19,14.19,0.0,407.143529,0.0
2019-03-13,12,0,87,72.43,72.43,0.0,2078.18223,0.0
2019-03-13,12,0,88,0.0,0.0,0.0,0.0,0.0
2019-03-13,12,0,89,0.0,0.0,0.0,0.0,0.0
2019-03-13,12,0,90,0.0,0.0,0.0,0.0,0.0
2019-03-13,12,0,91,0.0,0.0,0.0,0.0,0.0
2019-03-13,12,0,92,0.0,0.0,0.0,0.0,0.0
2019-03-13,12,0,95,120.0,120.0,0.0,2691.568394,0.0
2019-03-13,12,0,96,0.0,0.0,0.0,0.0,0.0
2019-03-13,12,0,97,0.0,0.0,0.0,0.0,0.0
2019-03-13,12,0,99,4.03,4.03,0.0,58.863058,0.0
2019-03-13,12,0,101,15.28,15.28,0.0,-15280.0,0.0
2019-03-13,12,0,102,0.0,0.0,0.0,0.0,0.0
2019-03-13,12,0,103,0.0,0.0,0.0,0.0,0.0
2019-03-13,12,0,104,0.0,0.0,0.0,0.0,0.0
2019-03-13,12,0,106,327.13,327.13,0.0,-126859.92322,0.0
2019-03-13,12,0,109,60.0,60.0,0.0,298.22331,0.0
2019-03-13,12,0,110,0.0,0.0,0.0,0.0,0.0
2019-03-13,12,0,111,22.01,22.01,0.0,-129.299891,0.0
2019-03-13,12,0,113,0.0,0.0,0.0,0.0,0.0
2019-03-13,12,0,115,0.0,0.0,0.0,0.0,0.0
2019-03-13,12,0,116,156.59,156.59,0.0,3878.598599,0.0
2019-03-13,12,0,117,0.0,0.0,0.0,0.0,0.0
2019-03-13,12,0,119,0.0,0.0,0.0,0.0,0.0
2019-03-13,12,0,120,0.0,0.0,0.0,0.0,0.0
2019-03-13,12,0,123,5.45,5.45,0.0,-2113.491828,0.0
2019-03-13,12,0,125,0.0,0.0,0.0,-0.0,0.0
2019-03-13,12,0,126,245.35,245.35,0.0,-95145.911906,0.0
2019-03-13,12,0,127,314.86,314.86,0.0,-122101.658133,0.0
2019-03-13,12,0,128,0.0,0.0,0.0,-0.0,0.0
2019-03-13,12,0,131,0.0,0.0,0.0,0.0,0.0
2019-03-13,12,0,132,0.0,0.0,0.0,0.0,0.0
2019-03-13,12,0,133,34.57,34.57,0.0,855.029803,0.0
2019-03-13,12,0,134,0.0,0.0,0.0,0.0,0.0
2019-03-13,12,0,135,46.32,46.32,0.0,1145.645949,0.0
2019-03-13,12,0,136,45.9,45.9,0.0,1126.81768,0.0
2019-03-13,12,0,139,44.94,44.94,0.0,-264.004411,0.0
2019-03-13,12,0,140,0.0,0.0,0.0,0.0,0.0
2019-03-13,12,0,141,0.0,0.0,0.0,0.0,0.0
2019-03-13,12,0,142,574.6,574.6,0.0,8309.402489,0.0
2019-03-13,12,0,143,0.0,0.0,0.0,-0.0,0.0
2019-03-13,12,0,145,56.25,56.25,0.0,34.749126,0.0
2019-03-13,12,0,146,0.0,0.0,0.0,0.0,0.0
2019-03-13,12,0,152,10.34,10.34,0.0,243.222165,0.0
2019-03-13,12,0,153,12.8,12.8,0.0,301.259539,0.0
2019-03-13,12,0,154,90.79,90.79,0.0,-533.354705,0.0
2019-03-13,12,0,157,0.0,0.0,0.0,0.0,0.0
2019-03-13,12,0,158,397.1,397.1,0.0,5742.540425,0.0
2019-03-13,12,0,159,0.0,0.0,0.0,0.0,0.0
2019-03-13,12,0,160,3.0,3.0,0.0,33.953772,0.0
2019-03-13,12,0,161,81.32,81.32,0.0,902.256553,0.0
2019-03-13,12,0,162,162.5,162.5,0.0,3645.823173,0.0
2019-03-13,12,0,163,0.0,0.0,0.0,0.0,0.0
2019-03-13,12,0,164,28.89,28.89,0.0,-28890.0,0.0
2019-03-13,12,0,167,6.02,6.02,0.0,134.360442,0.0
2019-03-13,12,0,168,3.01,3.01,0.0,67.180221,0.0
2019-03-13,12,0,169,0.0,0.0,0.0,0.0,0.0
2019-03-13,12,0,170,6.59,6.59,0.0,147.082278,0.0
2019-03-13,12,0,172,8.0,8.0,0.0,186.347523,0.0
2019-03-13,12,0,173,12.19,12.19,0.0,283.947039,0.0
2019-03-13,12,0,188,12.53,12.53,0.0,307.803035,0.0
2019-03-13,12,0,190,12.3,12.3,0.0,307.783886,0.0
2019-03-13,12,0,191,31.78,31.78,0.0,795.233488,0.0
2019-03-13,12,0,192,0.0,0.0,0.0,0.0,0.0
2019-03-13,12,0,194,0.0,0.0,0.0,0.0,0.0
2019-03-13,12,0,196,8.6,8.6,0.0,215.063527,0.0
2019-03-13,12,0,198,7.64,7.64,0.0,110.653577,0.0
2019-03-13,12,0,199,113.69,113.69,0.0,1817.965166,0.0
2019-03-13,12,0,200,19.58,19.58,0.0,313.094889,0.0
2019-03-13,12,0,204,257.1,257.1,0.0,1213.86048,0.0
2019-03-13,12,0,205,317.4,317.4,0.0,1577.601311,0.0
2019-03-13,12,0,206,0.0,0.0,0.0,0.0,0.0
2019-03-13,12,0,210,2.11,2.11,0.0,9.731344,0.0
2019-03-13,12,0,214,11.41,11.41,0.0,351.965237,0.0
2019-03-13,12,0,217,7.58,7.58,0.0,148.185601,0.0
2019-03-13,12,0,218,10.45,10.45,0.0,204.292814,0.0
2019-03-13,12,0,219,7.12,7.12,0.0,139.192808,0.0
2019-03-13,12,0,221,6.09,6.09,0.0,187.858746,0.0
2019-03-13,12,0,225,5.96,5.96,0.0,19.776861,0.0
2019-03-13,12,0,233,8.03,8.03,0.0,230.399052,0.0
2019-03-13,12,0,236,7.21,7.21,0.0,168.485175,0.0
2019-03-13,12,0,237,50.07,50.07,0.0,731.333328,0.0
2019-03-13,12,0,238,101.77,101.77,0.0,2427.903767,0.0
2019-03-13,12,0,240,16.09,16.09,0.0,119.237848,0.0
2019-03-13,12,0,245,44.93,44.93,0.0,1137.028372,0.0
2019-03-13,12,0,247,36.13,36.13,0.0,914.329737,0.0
2019-03-13,12,0,248,5.03,5.03,0.0,73.469276,0.0
2019-03-13,12,0,249,86.41,86.41,0.0,2186.748756,0.0
2019-03-13,12,0,251,107.42,107.42,0.0,2609.8182,0.0
2019-03-13,12,0,252,220.32,220.32,0.0,5410.66036,0.0
2019-03-13,12,0,254,16.79,16.79,0.0,154.577914,0.0
2019-03-13,12,0,255,7.7,7.7,0.0,70.890407,0.0
2019-03-13,12,0,258,19.72,19.72,0.0,149.605611,0.0
2019-03-13,12,0,260,7.27,7.27,0.0,82.281308,0.0
2019-03-13,12,0,265,94.0,94.0,0.0,-552.212163,0.0
2019-03-13,12,0,266,29.1,29.1,0.0,-170.950787,0.0
2019-03-13,12,0,267,35.76,35.76,0.0,-210.075606,0.0
2019-03-13,12,0,270,0.0,0.0,0.0,0.0,0.0
2019-03-13,12,0,272,0.0,0.0,0.0,0.0,0.0
2019-03-13,12,0,273,37.44,37.44,0.0,927.356354,0.0
2019-03-13,12,0,274,0.0,0.0,0.0,0.0,0.0
2019-03-13,12,0,275,0.0,0.0,0.0,0.0,0.0
2019-03-13,12,0,276,8.53,8.53,0.0,191.648528,0.0
2019-03-13,12,0,277,10.51,10.51,0.0,324.279043,0.0
2019-03-13,12,0,278,16.82,16.82,0.0,518.969886,0.0
2019-03-13,12,0,279,0.0,0.0,0.0,0.0,0.0
2019-03-13,12,0,281,0.0,0.0,0.0,-0.0,0.0
2019-03-13,12,0,282,416.1,416.1,0.0,-416100.0,0.0
2019-03-13,13,0,9,4.63,4.63,0.0,-1776.810128,0.0
2019-03-13,13,0,17,66.25,66.25,0.0,1994.922518,0.0
2019-03-13,13,0,19,152.32,152.32,0.0,4586.665629,0.0
2019-03-13,13,0,20,184.74,184.74,0.0,5562.897902,0.0
2019-03-13,13,0,21,105.91,105.91,0.0,-40644.051986,0.0
2019-03-13,13,0,22,376.39,376.39,0.0,-144443.534389,0.0
2019-03-13,13,0,23,0.0,0.0,0.0,-0.0,0.0
2019-03-13,13,0,24,0.0,0.0,0.0,-0.0,0.0
2019-03-13,13,0,29,6.28,6.28,0.0,21.901639,0.0
2019-03-13,13,0,30,876.99,876.99,0.0,-876990.0,0.0
2019-03-13,13,0,31,0.0,0.0,0.0,-0.0,0.0
2019-03-13,13,0,32,7.92,7.92,0.0,223.782437,0.0
2019-03-13,13,0,33,3.47,3.47,0.0,126.713931,0.0
2019-03-13,13,0,34,5.56,5.56,0.0,203.034425,0.0
2019-03-13,13,0,35,5.56,5.56,0.0,203.034425,0.0
2019-03-13,13,0,36,14.59,14.59,0.0,249.698198,0.0
2019-03-13,13,0,37,6.87,6.87,0.0,116.141017,0.0
2019-03-13,13,0,38,8.83,8.83,0.0,149.275863,0.0
2019-03-13,13,0,39,5.89,5.89,0.0,99.573594,0.0
2019-03-13,13,0,40,5.89,5.89,0.0,99.573594,0.0
2019-03-13,13,0,41,34.8,34.8,0.0,69.476582,0.0
2019-03-13,13,0,42,90.6,90.6,0.0,2602.364545,0.0
2019-03-13,13,0,43,46.79,46.79,0.0,809.449321,0.0
2019-03-13,13,0,46,42.33,42.33,0.0,660.262006,0.0
2019-03-13,13,0,52,0.0,0.0,0.0,-0.0,0.0
2019-03-13,13,0,53,0.0,0.0,0.0,-0.0,0.0
2019-03-13,13,0,55,0.0,0.0,0.0,-0.0,0.0
2019-03-13,13,0,56,258.68,258.68,0.0,-258680.0,0.0
2019-03-13,13,0,57,246.06,246.06,0.0,-246060.0,0.0
2019-03-13,13,0,58,473.2,473.2,0.0,-473200.0,0.0
2019-03-13,13,0,59,465.31,465.31,0.0,-465310.0,0.0
2019-03-13,13,0,63,0.0,0.0,0.0,0.0,0.0
2019-03-13,13,0,64,0.0,0.0,0.0,0.0,0.0
2019-03-13,13,0,65,30.45,30.45,0.0,909.058322,0.0
2019-03-13,13,0,67,493.38,493.38,0.0,6692.120476,0.0
2019-03-13,13,0,68,0.0,0.0,0.0,0.0,0.0
2019-03-13,13,0,69,3.47,3.47,0.0,126.713931,0.0
2019-03-13,13,0,74,71.76,71.76,0.0,1536.183725,0.0
2019-03-13,13,0,77,0.0,0.0,0.0,0.0,0.0
2019-03-13,13,0,78,0.0,0.0,0.0,0.0,0.0
2019-03-13,13,0,79,0.0,0.0,0.0,0.0,0.0
2019-03-13,13,0,80,0.0,0.0,0.0,0.0,0.0
2019-03-13,13,0,81,0.0,0.0,0.0,0.0,0.0
2019-03-13,13,0,82,0.0,0.0,0.0,0.0,0.0
2019-03-13,13,0,83,0.0,0.0,0.0,0.0,0.0
2019-03-13,13,0,84,0.0,0.0,0.0,0.0,0.0
2019-03-13,13,0,86,17.6,17.6,0.0,642.6989,0.0
2019-03-13,13,0,87,89.84,89.84,0.0,3280.68575,0.0
2019-03-13,13,0,88,0.0,0.0,0.0,0.0,0.0
2019-03-13,13,0,89,0.0,0.0,0.0,0.0,0.0
2019-03-13,13,0,90,0.0,0.0,0.0,0.0,0.0
2019-03-13,13,0,91,0.0,0.0,0.0,0.0,0.0
2019-03-13,13,0,92,0.0,0.0,0.0,0.0,0.0
2019-03-13,13,0,95,120.0,120.0,0.0,2691.568394,0.0
2019-03-13,13,0,96,0.0,0.0,0.0,0.0,0.0
2019-03-13,13,0,97,0.0,0.0,0.0,0.0,0.0
2019-03-13,13,0,99,13.85,13.85,0.0,296.490309,0.0
2019-03-13,13,0,101,17.67,17.67,0.0,-17670.0,0.0
2019-03-13,13,0,102,0.0,0.0,0.0,0.0,0.0
2019-03-13,13,0,103,0.0,0.0,0.0,0.0,0.0
2019-03-13,13,0,104,0.0,0.0,0.0,0.0,0.0
2019-03-13,13,0,106,370.52,370.52,0.0,-142190.861504,0.0
2019-03-13,13,0,109,60.0,60.0,0.0,846.518122,0.0
2019-03-13,13,0,110,0.0,0.0,0.0,0.0,0.0
2019-03-13,13,0,111,26.2,26.2,0.0,52.307082,0.0
2019-03-13,13,0,113,0.0,0.0,0.0,0.0,0.0
2019-03-13,13,0,115,0.0,0.0,0.0,0.0,0.0
2019-03-13,13,0,116,179.55,179.55,0.0,4820.841173,0.0
2019-03-13,13,0,117,0.0,0.0,0.0,0.0,0.0
2019-03-13,13,0,119,0.0,0.0,0.0,0.0,0.0
2019-03-13,13,0,120,0.0,0.0,0.0,0.0,0.0
2019-03-13,13,0,123,6.18,6.18,0.0,-2371.638573,0.0
2019-03-13,13,0,125,0.0,0.0,0.0,-0.0,0.0
2019-03-13,13,0,126,277.89,277.89,0.0,-106643.146128,0.0
2019-03-13,13,0,127,356.63,356.63,0.0,-136860.431119,0.0
2019-03-13,13,0,128,0.0,0.0,0.0,-0.0,0.0
2019-03-13,13,0,131,0.0,0.0,0.0,0.0,0.0
2019-03-13,13,0,132,0.0,0.0,0.0,0.0,0.0
2019-03-13,13,0,133,31.21,31.21,0.0,940.555068,0.0
2019-03-13,13,0,134,0.0,0.0,0.0,0.0,0.0
2019-03-13,13,0,135,41.83,41.83,0.0,1260.602963,0.0
2019-03-13,13,0,136,45.9,45.9,0.0,1369.654787,0.0
2019-03-13,13,0,139,44.94,44.94,0.0,89.720621,0.0
2019-03-13,13,0,140,0.0,0.0,0.0,0.0,0.0
2019-03-13,13,0,141,0.0,0.0,0.0,0.0,0.0
2019-03-13,13,0,142,650.64,650.64,0.0,8825.167754,0.0
2019-03-13,13,0,143,0.0,0.0,0.0,-0.0,0.0
2019-03-13,13,0,145,100.0,100.0,0.0,807.856251,0.0
2019-03-13,13,0,146,0.0,0.0,0.0,0.0,0.0
2019-03-13,13,0,152,10.6,10.6,0.0,249.338002,0.0
2019-03-13,13,0,153,13.2,13.2,0.0,306.761734,0.0
2019-03-13,13,0,154,108.09,108.09,0.0,215.796661,0.0
2019-03-13,13,0,157,0.0,0.0,0.0,0.0,0.0
2019-03-13,13,0,158,453.87,453.87,0.0,6156.213711,0.0
2019-03-13,13,0,159,0.0,0.0,0.0,0.0,0.0
2019-03-13,13,0,160,3.71,3.71,0.0,70.029279,0.0
2019-03-13,13,0,161,91.72,91.72,0.0,846.150427,0.0
2019-03-13,13,0,162,162.5,162.5,0.0,3645.822618,0.0
2019-03-13,13,0,163,0.0,0.0,0.0,0.0,0.0
2019-03-13,13,0,164,33.01,33.01,0.0,-33010.0,0.0
2019-03-13,13,0,167,9.33,9.33,0.0,207.301285,0.0
2019-03-13,13,0,168,4.67,4.67,0.0,103.761736,0.0
2019-03-13,13,0,169,0.0,0.0,0.0,0.0,0.0
2019-03-13,13,0,170,10.21,10.21,0.0,226.853817,0.0
2019-03-13,13,0,172,12.09,12.09,0.0,300.741019,0.0
2019-03-13,13,0,173,18.42,18.42,0.0,458.200957,0.0
2019-03-13,13,0,188,16.03,16.03,0.0,427.457805,0.0
2019-03-13,13,0,190,14.12,14.12,0.0,383.910374,0.0
2019-03-13,13,0,191,36.48,36.48,0.0,991.859098,0.0
2019-03-13,13,0,192,0.0,0.0,0.0,0.0,0.0
2019-03-13,13,0,194,0.0,0.0,0.0,0.0,0.0
2019-03-13,13,0,196,9.69,9.69,0.0,263.320238,0.0
2019-03-13,13,0,198,16.13,16.13,0.0,310.689615,0.0
2019-03-13,13,0,199,73.53,73.53,0.0,1183.553232,0.0
2019-03-13,13,0,200,29.04,29.04,0.0,467.433508,0.0
2019-03-13,13,0,204,257.1,257.1,0.0,3494.22965,0.0
2019-03-13,13,0,205,317.4,317.4,0.0,4478.080868,0.0
2019-03-13,13,0,206,0.0,0.0,0.0,0.0,0.0
2019-03-13,13,0,210,1.75,1.75,0.0,6.599156,0.0
2019-03-13,13,0,214,15.48,15.48,0.0,623.288277,0.0
2019-03-13,13,0,217,9.17,9.17,0.0,233.935593,0.0
2019-03-13,13,0,218,12.66,12.66,0.0,322.968878,0.0
2019-03-13,13,0,219,8.62,8.62,0.0,219.90456,0.0
2019-03-13,13,0,221,8.26,8.26,0.0,332.581471,0.0
2019-03-13,13,0,225,6.34,6.34,0.0,21.937357,0.0
2019-03-13,13,0,233,9.96,9.96,0.0,363.70915,0.0
2019-03-13,13,0,236,45.77,45.77,0.0,1225.093956,0.0
2019-03-13,13,0,237,172.14,172.14,0.0,3685.042731,0.0
2019-03-13,13,0,238,117.92,117.92,0.0,3387.095223,0.0
2019-03-13,13,0,240,16.53,16.53,0.0,282.900014,0.0
2019-03-13,13,0,245,43.57,43.57,0.0,1353.303097,0.0
2019-03-13,13,0,247,37.73,37.73,0.0,1171.910164,0.0
2019-03-13,13,0,248,17.28,17.28,0.0,369.917151,0.0
2019-03-13,13,0,249,83.79,83.79,0.0,2602.553742,0.0
2019-03-13,13,0,251,91.29,91.29,0.0,2686.728002,0.0
2019-03-13,13,0,252,196.41,196.41,0.0,5863.650084,0.0
2019-03-13,13,0,254,22.47,22.47,0.0,397.609912,0.0
2019-03-13,13,0,255,10.3,10.3,0.0,182.259995,0.0
2019-03-13,13,0,258,20.76,20.76,0.0,355.914905,0.0
2019-03-13,13,0,260,9.0,9.0,0.0,169.882349,0.0
2019-03-13,13,0,265,111.91,111.91,0.0,223.423113,0.0
2019-03-13,13,0,266,29.1,29.1,0.0,58.096797,0.0
2019-03-13,13,0,267,35.76,35.76,0.0,71.393178,0.0
2019-03-13,13,0,270,0.0,0.0,0.0,0.0,0.0
2019-03-13,13,0,272,0.0,0.0,0.0,0.0,0.0
2019-03-13,13,0,273,42.94,42.94,0.0,1152.920746,0.0
2019-03-13,13,0,274,0.0,0.0,0.0,0.0,0.0
2019-03-13,13,0,275,0.0,0.0,0.0,0.0,0.0
2019-03-13,13,0,276,9.71,9.71,0.0,231.905363,0.0
2019-03-13,13,0,277,12.09,12.09,0.0,417.470438,0.0
2019-03-13,13,0,278,19.34,19.34,0.0,667.814579,0.0
2019-03-13,13,0,279,0.0,0.0,0.0,0.0,0.0
2019-03-13,13,0,281,0.0,0.0,0.0,-0.0,0.0
2019-03-13,13,0,282,481.08,481.08,0.0,-481080.0,0.0
2019-03-13,14,0,9,4.81,4.81,0.0,-1837.346185,0.0
2019-03-13,14,0,17,67.7,67.7,0.0,2808.680407,0.0
2019-03-13,14,0,19,128.13,128.13,0.0,5315.749196,0.0
2019-03-13,14,0,20,155.39,155.39,0.0,6446.689047,0.0
2019-03-13,14,0,21,110.06,110.06,0.0,-42041.231013,0.0
2019-03-13,14,0,22,391.14,391.14,0.0,-149409.477543,0.0
2019-03-13,14,0,23,0.0,0.0,0.0,-0.0,0.0
2019-03-13,14,0,24,0.0,0.0,0.0,-0.0,0.0
2019-03-13,14,0,29,6.31,6.31,0.0,26.055742,0.0
2019-03-13,14,0,30,935.06,935.06,0.0,-935060.0,0.0
2019-03-13,14,0,31,0.0,0.0,0.0,-0.0,0.0
2019-03-13,14,0,32,7.9,7.9,0.0,222.195583,0.0
2019-03-13,14,0,33,3.53,3.53,0.0,184.175313,0.0
2019-03-13,14,0,34,5.65,5.65,0.0,294.78485,0.0
2019-03-13,14,0,35,5.65,5.65,0.0,294.78485,0.0
2019-03-13,14,0,36,15.17,15.17,0.0,325.696939,0.0
2019-03-13,14,0,37,6.97,6.97,0.0,144.424626,0.0
2019-03-13,14,0,38,8.96,8.96,0.0,185.659203,0.0
2019-03-13,14,0,39,5.97,5.97,0.0,123.703733,0.0
2019-03-13,14,0,40,5.97,5.97,0.0,123.703733,0.0
2019-03-13,14,0,41,34.8,34.8,0.0,225.428952,0.0
2019-03-13,14,0,42,93.89,93.89,0.0,3677.723387,0.0
2019-03-13,14,0,43,47.99,47.99,0.0,942.665051,0.0
2019-03-13,14,0,46,43.0,43.0,0.0,805.875384,0.0
2019-03-13,14,0,52,0.0,0.0,0.0,-0.0,0.0
2019-03-13,14,0,53,0.0,0.0,0.0,-0.0,0.0
2019-03-13,14,0,55,0.0,0.0,0.0,-0.0,0.0
2019-03-13,14,0,56,275.81,275.81,0.0,-275810.0,0.0
2019-03-13,14,0,57,262.36,262.36,0.0,-262360.0,0.0
2019-03-13,14,0,58,504.53,504.53,0.0,-504530.0,0.0
2019-03-13,14,0,59,496.12,496.12,0.0,-496120.0,0.0
2019-03-13,14,0,63,0.0,0.0,0.0,0.0,0.0
2019-03-13,14,0,64,0.0,0.0,0.0,0.0,0.0
2019-03-13,14,0,65,14.38,14.38,0.0,590.397056,0.0
2019-03-13,14,0,67,502.61,502.61,0.0,6819.916812,0.0
2019-03-13,14,0,68,0.0,0.0,0.0,0.0,0.0
2019-03-13,14,0,69,3.53,3.53,0.0,184.175313,0.0
2019-03-13,14,0,74,60.97,60.97,0.0,1778.287614,0.0
2019-03-13,14,0,77,0.0,0.0,0.0,0.0,0.0
2019-03-13,14,0,78,0.0,0.0,0.0,0.0,0.0
2019-03-13,14,0,79,0.0,0.0,0.0,0.0,0.0
2019-03-13,14,0,80,0.0,0.0,0.0,0.0,0.0
2019-03-13,14,0,81,0.0,0.0,0.0,0.0,0.0
2019-03-13,14,0,82,0.0,0.0,0.0,0.0,0.0
2019-03-13,14,0,83,0.0,0.0,0.0,0.0,0.0
2019-03-13,14,0,84,0.0,0.0,0.0,0.0,0.0
2019-03-13,14,0,86,17.9,17.9,0.0,933.920144,0.0
2019-03-13,14,0,87,91.38,91.38,0.0,4767.688422,0.0
2019-03-13,14,0,88,0.0,0.0,0.0,0.0,0.0
2019-03-13,14,0,89,0.0,0.0,0.0,0.0,0.0
2019-03-13,14,0,90,0.0,0.0,0.0,0.0,0.0
2019-03-13,14,0,91,0.0,0.0,0.0,0.0,0.0
2019-03-13,14,0,92,0.0,0.0,0.0,0.0,0.0
2019-03-13,14,0,95,120.0,120.0,0.0,2691.568394,0.0
2019-03-13,14,0,96,0.0,0.0,0.0,0.0,0.0
2019-03-13,14,0,97,0.0,0.0,0.0,0.0,0.0
2019-03-13,14,0,99,11.77,11.77,0.0,343.290884,0.0
2019-03-13,14,0,101,18.84,18.84,0.0,-18840.0,0.0
2019-03-13,14,0,102,0.0,0.0,0.0,0.0,0.0
2019-03-13,14,0,103,0.0,0.0,0.0,0.0,0.0
2019-03-13,14,0,104,0.0,0.0,0.0,0.0,0.0
2019-03-13,14,0,106,385.04,385.04,0.0,-147079.371154,0.0
2019-03-13,14,0,109,60.0,60.0,0.0,1112.854212,0.0
2019-03-13,14,0,110,0.0,0.0,0.0,0.0,0.0
2019-03-13,14,0,111,27.45,27.45,0.0,177.816803,0.0
2019-03-13,14,0,113,0.0,0.0,0.0,0.0,0.0
2019-03-13,14,0,115,0.0,0.0,0.0,0.0,0.0
2019-03-13,14,0,116,187.26,187.26,0.0,5052.323678,0.0
2019-03-13,14,0,117,0.0,0.0,0.0,0.0,0.0
2019-03-13,14,0,119,0.0,0.0,0.0,0.0,0.0
2019-03-13,14,0,120,0.0,0.0,0.0,0.0,0.0
2019-03-13,14,0,123,6.42,6.42,0.0,-2452.341478,0.0
2019-03-13,14,0,125,0.0,0.0,0.0,-0.0,0.0
2019-03-13,14,0,126,288.78,288.78,0.0,-110309.528366,0.0
2019-03-13,14,0,127,370.6,370.6,0.0,-141563.512751,0.0
2019-03-13,14,0,128,0.0,0.0,0.0,-0.0,0.0
2019-03-13,14,0,131,0.0,0.0,0.0,0.0,0.0
2019-03-13,14,0,132,0.0,0.0,0.0,0.0,0.0
2019-03-13,14,0,133,22.84,22.84,0.0,948.492655,0.0
2019-03-13,14,0,134,0.0,0.0,0.0,0.0,0.0
2019-03-13,14,0,135,30.6,30.6,0.0,1270.747603,0.0
2019-03-13,14,0,136,30.47,30.47,0.0,1250.28143,0.0
2019-03-13,14,0,139,44.94,44.94,0.0,291.114284,0.0
2019-03-13,14,0,140,0.0,0.0,0.0,0.0,0.0
2019-03-13,14,0,141,0.0,0.0,0.0,0.0,0.0
2019-03-13,14,0,142,662.82,662.82,0.0,8993.806851,0.0
2019-03-13,14,0,143,0.0,0.0,0.0,-0.0,0.0
2019-03-13,14,0,145,56.12,56.12,0.0,646.672882,0.0
2019-03-13,14,0,146,0.0,0.0,0.0,0.0,0.0
2019-03-13,14,0,152,10.95,10.95,0.0,319.065904,0.0
2019-03-13,14,0,153,13.56,13.56,0.0,387.516686,0.0
2019-03-13,14,0,154,113.22,113.22,0.0,733.421435,0.0
2019-03-13,14,0,157,0.0,0.0,0.0,0.0,0.0
2019-03-13,14,0,158,469.88,469.88,0.0,6375.80333,0.0
2019-03-13,14,0,159,0.0,0.0,0.0,0.0,0.0
2019-03-13,14,0,160,3.83,3.83,0.0,68.491535,0.0
2019-03-13,14,0,161,94.38,94.38,0.0,867.310389,0.0
2019-03-13,14,0,162,162.5,162.5,0.0,3646.126387,0.0
2019-03-13,14,0,163,0.0,0.0,0.0,0.0,0.0
2019-03-13,14,0,164,33.5,33.5,0.0,-33500.0,0.0
2019-03-13,14,0,167,9.24,9.24,0.0,205.327828,0.0
2019-03-13,14,0,168,4.62,4.62,0.0,102.663914,0.0
2019-03-13,14,0,169,0.0,0.0,0.0,0.0,0.0
2019-03-13,14,0,170,10.11,10.11,0.0,224.660643,0.0
2019-03-13,14,0,172,12.02,12.02,0.0,295.571067,0.0
2019-03-13,14,0,173,18.32,18.32,0.0,450.487683,0.0
2019-03-13,14,0,188,16.13,16.13,0.0,427.949531,0.0
2019-03-13,14,0,190,14.77,14.77,0.0,401.583302,0.0
2019-03-13,14,0,191,38.15,38.15,0.0,1037.264928,0.0
2019-03-13,14,0,192,0.0,0.0,0.0,0.0,0.0
2019-03-13,14,0,194,0.0,0.0,0.0,0.0,0.0
2019-03-13,14,0,196,10.0,10.0,0.0,272.472111,0.0
2019-03-13,14,0,198,16.57,16.57,0.0,237.733156,0.0
2019-03-13,14,0,199,130.0,130.0,0.0,1878.988282,0.0
2019-03-13,14,0,200,29.52,29.52,0.0,426.674878,0.0
2019-03-13,14,0,204,257.1,257.1,0.0,4544.966659,0.0
2019-03-13,14,0,205,317.4,317.4,0.0,5886.998782,0.0
2019-03-13,14,0,206,0.0,0.0,0.0,0.0,0.0
2019-03-13,14,0,210,1.75,1.75,0.0,7.688352,0.0
2019-03-13,14,0,214,15.67,15.67,0.0,916.793535,0.0
2019-03-13,14,0,217,9.08,9.08,0.0,336.0345,0.0
2019-03-13,14,0,218,12.53,12.53,0.0,463.712806,0.0
2019-03-13,14,0,219,8.53,8.53,0.0,315.679987,0.0
2019-03-13,14,0,221,8.36,8.36,0.0,489.112569,0.0
2019-03-13,14,0,225,6.43,6.43,0.0,26.38728,0.0
2019-03-13,14,0,233,10.13,10.13,0.0,528.525757,0.0
2019-03-13,14,0,236,26.55,26.55,0.0,944.247711,0.0
2019-03-13,14,0,237,146.26,146.26,0.0,4265.906945,0.0
2019-03-13,14,0,238,122.2,122.2,0.0,4786.641792,0.0
2019-03-13,14,0,240,17.2,17.2,0.0,369.280642,0.0
2019-03-13,14,0,245,29.71,29.71,0.0,1279.59865,0.0
2019-03-13,14,0,247,26.76,26.76,0.0,1152.543247,0.0
2019-03-13,14,0,248,14.68,14.68,0.0,428.165691,0.0
2019-03-13,14,0,249,57.13,57.13,0.0,2460.567851,0.0
2019-03-13,14,0,251,35.36,35.36,0.0,1426.785836,0.0
2019-03-13,14,0,252,92.76,92.76,0.0,3808.430521,0.0
2019-03-13,14,0,254,22.47,22.47,0.0,431.45301,0.0
2019-03-13,14,0,255,10.3,10.3,0.0,197.773298,0.0
2019-03-13,14,0,258,21.68,21.68,0.0,459.068633,0.0
2019-03-13,14,0,260,9.3,9.3,0.0,166.311037,0.0
2019-03-13,14,0,265,117.23,117.23,0.0,759.397587,0.0
2019-03-13,14,0,266,29.1,29.1,0.0,188.505244,0.0
2019-03-13,14,0,267,35.76,35.76,0.0,231.647682,0.0
2019-03-13,14,0,270,0.0,0.0,0.0,0.0,0.0
2019-03-13,14,0,272,0.0,0.0,0.0,0.0,0.0
2019-03-13,14,0,273,44.78,44.78,0.0,1208.176088,0.0
2019-03-13,14,0,274,0.0,0.0,0.0,0.0,0.0
2019-03-13,14,0,275,0.0,0.0,0.0,0.0,0.0
2019-03-13,14,0,276,10.03,10.03,0.0,240.577677,0.0
2019-03-13,14,0,277,12.48,12.48,0.0,439.877223,0.0
2019-03-13,14,0,278,19.97,19.97,0.0,703.87405,0.0
2019-03-13,14,0,279,0.0,0.0,0.0,0.0,0.0
2019-03-13,14,0,281,0.0,0.0,0.0,-0.0,0.0
2019-03-13,14,0,282,512.94,512.94,0.0,-512940.0,0.0
2019-03-13,15,0,9,4.61,4.61,0.0,-1767.230087,0.0
2019-03-13,15,0,17,65.56,65.56,0.0,2571.581016,0.0
2019-03-13,15,0,19,114.51,114.51,0.0,4491.637312,0.0
2019-03-13,15,0,20,138.88,138.88,0.0,5447.546851,0.0
2019-03-13,15,0,21,105.51,105.51,0.0,-40446.951504,0.0
2019-03-13,15,0,22,374.96,374.96,0.0,-143739.825001,0.0
2019-03-13,15,0,23,0.0,0.0,0.0,-0.0,0.0
2019-03-13,15,0,24,0.0,0.0,0.0,-0.0,0.0
2019-03-13,15,0,29,5.78,5.78,0.0,25.306671,0.0
2019-03-13,15,0,30,906.03,906.03,0.0,-906030.0,0.0
2019-03-13,15,0,31,0.0,0.0,0.0,-0.0,0.0
2019-03-13,15,0,32,7.45,7.45,0.0,202.876562,0.0
2019-03-13,15,0,33,3.47,3.47,0.0,167.473909,0.0
2019-03-13,15,0,34,5.56,5.56,0.0,268.344362,0.0
2019-03-13,15,0,35,5.56,5.56,0.0,268.344362,0.0
2019-03-13,15,0,36,14.68,14.68,0.0,131.368472,0.0
2019-03-13,15,0,37,6.77,6.77,0.0,64.558364,0.0
2019-03-13,15,0,38,8.71,8.71,0.0,83.058102,0.0
2019-03-13,15,0,39,5.8,5.8,0.0,55.308495,0.0
2019-03-13,15,0,40,5.8,5.8,0.0,55.308495,0.0
2019-03-13,15,0,41,58.96,58.96,0.0,284.16445,0.0
2019-03-13,15,0,42,90.42,90.42,0.0,3369.556636,0.0
2019-03-13,15,0,43,45.36,45.36,0.0,426.782676,0.0
2019-03-13,15,0,46,41.3,41.3,0.0,456.843928,0.0
2019-03-13,15,0,52,0.0,0.0,0.0,-0.0,0.0
2019-03-13,15,0,53,0.0,0.0,0.0,-0.0,0.0
2019-03-13,15,0,55,0.0,0.0,0.0,-0.0,0.0
2019-03-13,15,0,56,267.25,267.25,0.0,-267250.0,0.0
2019-03-13,15,0,57,254.21,254.21,0.0,-254210.0,0.0
2019-03-13,15,0,58,488.86,488.86,0.0,-488860.0,0.0
2019-03-13,15,0,59,480.72,480.72,0.0,-480720.0,0.0
2019-03-13,15,0,63,0.0,0.0,0.0,0.0,0.0
2019-03-13,15,0,64,0.0,0.0,0.0,0.0,0.0
2019-03-13,15,0,65,5.36,5.36,0.0,208.294404,0.0
2019-03-13,15,0,67,476.26,476.26,0.0,6459.248524,0.0
2019-03-13,15,0,68,0.0,0.0,0.0,0.0,0.0
2019-03-13,15,0,69,3.47,3.47,0.0,167.473909,0.0
2019-03-13,15,0,74,58.06,58.06,0.0,1638.624003,0.0
2019-03-13,15,0,77,0.0,0.0,0.0,0.0,0.0
2019-03-13,15,0,78,0.0,0.0,0.0,0.0,0.0
2019-03-13,15,0,79,0.0,0.0,0.0,0.0,0.0
2019-03-13,15,0,80,0.0,0.0,0.0,0.0,0.0
2019-03-13,15,0,81,0.0,0.0,0.0,0.0,0.0
2019-03-13,15,0,82,0.0,0.0,0.0,0.0,0.0
2019-03-13,15,0,83,0.0,0.0,0.0,0.0,0.0
2019-03-13,15,0,84,0.0,0.0,0.0,0.0,0.0
2019-03-13,15,0,86,17.6,17.6,0.0,849.43539,0.0
2019-03-13,15,0,87,89.86,89.86,0.0,4336.946827,0.0
2019-03-13,15,0,88,0.0,0.0,0.0,0.0,0.0
2019-03-13,15,0,89,0.0,0.0,0.0,0.0,0.0
2019-03-13,15,0,90,0.0,0.0,0.0,0.0,0.0
2019-03-13,15,0,91,0.0,0.0,0.0,0.0,0.0
2019-03-13,15,0,92,0.0,0.0,0.0,0.0,0.0
2019-03-13,15,0,95,0.0,0.0,0.0,0.0,0.0
2019-03-13,15,0,96,0.0,0.0,0.0,0.0,0.0
2019-03-13,15,0,97,0.0,0.0,0.0,0.0,0.0
2019-03-13,15,0,99,11.21,11.21,0.0,316.379178,0.0
2019-03-13,15,0,101,18.25,18.25,0.0,-18250.0,0.0
2019-03-13,15,0,102,0.0,0.0,0.0,0.0,0.0
2019-03-13,15,0,103,0.0,0.0,0.0,0.0,0.0
2019-03-13,15,0,104,0.0,0.0,0.0,0.0,0.0
2019-03-13,15,0,106,369.11,369.11,0.0,-141497.244522,0.0
2019-03-13,15,0,109,60.0,60.0,0.0,858.386695,0.0
2019-03-13,15,0,110,0.0,0.0,0.0,0.0,0.0
2019-03-13,15,0,111,26.86,26.86,0.0,129.454836,0.0
2019-03-13,15,0,113,0.0,0.0,0.0,0.0,0.0
2019-03-13,15,0,115,0.0,0.0,0.0,0.0,0.0
2019-03-13,15,0,116,179.58,179.58,0.0,4815.372134,0.0
2019-03-13,15,0,117,0.0,0.0,0.0,0.0,0.0
2019-03-13,15,0,119,0.0,0.0,0.0,0.0,0.0
2019-03-13,15,0,120,0.0,0.0,0.0,0.0,0.0
2019-03-13,15,0,123,6.15,6.15,0.0,-2357.584606,0.0
2019-03-13,15,0,125,0.0,0.0,0.0,-0.0,0.0
2019-03-13,15,0,126,276.84,276.84,0.0,-106125.808495,0.0
2019-03-13,15,0,127,355.27,355.27,0.0,-136191.720792,0.0
2019-03-13,15,0,128,0.0,0.0,0.0,-0.0,0.0
2019-03-13,15,0,131,0.0,0.0,0.0,0.0,0.0
2019-03-13,15,0,132,0.0,0.0,0.0,0.0,0.0
2019-03-13,15,0,133,16.88,16.88,0.0,662.694241,0.0
2019-03-13,15,0,134,0.0,0.0,0.0,0.0,0.0
2019-03-13,15,0,135,22.62,22.62,0.0,888.04169,0.0
2019-03-13,15,0,136,14.74,14.74,0.0,572.515102,0.0
2019-03-13,15,0,139,76.67,76.67,0.0,369.519816,0.0
2019-03-13,15,0,140,0.0,0.0,0.0,0.0,0.0
2019-03-13,15,0,141,0.0,0.0,0.0,0.0,0.0
2019-03-13,15,0,142,628.07,628.07,0.0,8518.162811,0.0
2019-03-13,15,0,143,0.0,0.0,0.0,-0.0,0.0
2019-03-13,15,0,145,0.0,0.0,0.0,0.0,0.0
2019-03-13,15,0,146,0.0,0.0,0.0,0.0,0.0
2019-03-13,15,0,152,10.68,10.68,0.0,311.198525,0.0
2019-03-13,15,0,153,13.18,13.18,0.0,378.104411,0.0
2019-03-13,15,0,154,110.81,110.81,0.0,534.061442,0.0
2019-03-13,15,0,157,0.0,0.0,0.0,0.0,0.0
2019-03-13,15,0,158,452.29,452.29,0.0,6134.156794,0.0
2019-03-13,15,0,159,0.0,0.0,0.0,0.0,0.0
2019-03-13,15,0,160,3.66,3.66,0.0,31.335356,0.0
2019-03-13,15,0,161,90.28,90.28,0.0,833.73019,0.0
2019-03-13,15,0,162,0.0,0.0,0.0,0.0,0.0
2019-03-13,15,0,163,0.0,0.0,0.0,0.0,0.0
2019-03-13,15,0,164,32.65,32.65,0.0,-32650.0,0.0
2019-03-13,15,0,167,8.51,8.51,0.0,215.68746,0.0
2019-03-13,15,0,168,4.26,4.26,0.0,107.970456,0.0
2019-03-13,15,0,169,0.0,0.0,0.0,0.0,0.0
2019-03-13,15,0,170,9.31,9.31,0.0,235.963602,0.0
2019-03-13,15,0,172,11.27,11.27,0.0,283.790285,0.0
2019-03-13,15,0,173,17.17,17.17,0.0,432.358403,0.0
2019-03-13,15,0,188,15.29,15.29,0.0,406.494478,0.0
2019-03-13,15,0,190,14.22,14.22,0.0,386.629286,0.0
2019-03-13,15,0,191,36.73,36.73,0.0,998.656378,0.0
2019-03-13,15,0,192,0.0,0.0,0.0,0.0,0.0
2019-03-13,15,0,194,0.0,0.0,0.0,0.0,0.0
2019-03-13,15,0,196,9.46,9.46,0.0,256.642231,0.0
2019-03-13,15,0,198,15.83,15.83,0.0,119.888882,0.0
2019-03-13,15,0,199,130.0,130.0,0.0,2037.439833,0.0
2019-03-13,15,0,200,28.09,28.09,0.0,440.24373,0.0
2019-03-13,15,0,204,257.1,257.1,0.0,3345.132289,0.0
2019-03-13,15,0,205,317.4,317.4,0.0,4540.865615,0.0
2019-03-13,15,0,206,0.0,0.0,0.0,0.0,0.0
2019-03-13,15,0,210,1.67,1.67,0.0,8.880079,0.0
2019-03-13,15,0,214,14.85,14.85,0.0,795.923527,0.0
2019-03-13,15,0,217,8.57,8.57,0.0,291.109729,0.0
2019-03-13,15,0,218,11.82,11.82,0.0,401.507234,0.0
2019-03-13,15,0,219,8.05,8.05,0.0,273.446128,0.0
2019-03-13,15,0,221,7.92,7.92,0.0,424.492548,0.0
2019-03-13,15,0,225,5.94,5.94,0.0,25.468496,0.0
2019-03-13,15,0,233,9.96,9.96,0.0,480.703209,0.0
2019-03-13,15,0,236,37.51,37.51,0.0,1286.812188,0.0
2019-03-13,15,0,237,139.27,139.27,0.0,3930.609111,0.0
2019-03-13,15,0,238,117.69,117.69,0.0,4385.789875,0.0
2019-03-13,15,0,240,16.63,16.63,0.0,148.818644,0.0
2019-03-13,15,0,245,19.44,19.44,0.0,788.548691,0.0
2019-03-13,15,0,247,18.35,18.35,0.0,744.334798,0.0
2019-03-13,15,0,248,13.98,13.98,0.0,394.556727,0.0
2019-03-13,15,0,249,37.39,37.39,0.0,1516.658207,0.0
2019-03-13,15,0,251,11.35,11.35,0.0,434.289002,0.0
2019-03-13,15,0,252,34.55,34.55,0.0,1342.643963,0.0
2019-03-13,15,0,254,21.54,21.54,0.0,198.085987,0.0
2019-03-13,15,0,255,9.87,9.87,0.0,90.76642,0.0
2019-03-13,15,0,258,20.84,20.84,0.0,188.041343,0.0
2019-03-13,15,0,260,8.88,8.88,0.0,76.026765,0.0
2019-03-13,15,0,265,114.72,114.72,0.0,552.906134,0.0
2019-03-13,15,0,266,49.03,49.03,0.0,236.305681,0.0
2019-03-13,15,0,267,60.63,60.63,0.0,292.213205,0.0
2019-03-13,15,0,270,0.0,0.0,0.0,0.0,0.0
2019-03-13,15,0,272,0.0,0.0,0.0,0.0,0.0
2019-03-13,15,0,273,42.94,42.94,0.0,1151.420422,0.0
2019-03-13,15,0,274,0.0,0.0,0.0,0.0,0.0
2019-03-13,15,0,275,0.0,0.0,0.0,0.0,0.0
2019-03-13,15,0,276,9.73,9.73,0.0,232.11596,0.0
2019-03-13,15,0,277,12.02,12.02,0.0,415.685564,0.0
2019-03-13,15,0,278,19.23,19.23,0.0,665.027736,0.0
2019-03-13,15,0,279,0.0,0.0,0.0,0.0,0.0
2019-03-13,15,0,281,0.0,0.0,0.0,-0.0,0.0
2019-03-13,15,0,282,497.01,497.01,0.0,-497010.0,0.0
2019-03-13,16,0,9,4.03,4.03,0.0,-1562.720311,0.0
2019-03-13,16,0,17,55.16,55.16,0.0,1476.738755,0.0
2019-03-13,16,0,19,188.85,188.85,0.0,5055.875886,0.0
2019-03-13,16,0,20,238.35,238.35,0.0,6381.08561,0.0
2019-03-13,16,0,21,92.23,92.23,0.0,-35764.192131,0.0
2019-03-13,16,0,22,327.79,327.79,0.0,-127107.714827,0.0
2019-03-13,16,0,23,0.0,0.0,0.0,-0.0,0.0
2019-03-13,16,0,24,0.0,0.0,0.0,-0.0,0.0
2019-03-13,16,0,29,5.38,5.38,0.0,16.76034,0.0
2019-03-13,16,0,30,771.93,771.93,0.0,-771930.0,0.0
2019-03-13,16,0,31,0.0,0.0,0.0,-0.0,0.0
2019-03-13,16,0,32,6.44,6.44,0.0,161.597772,0.0
2019-03-13,16,0,33,2.93,2.93,0.0,89.86415,0.0
2019-03-13,16,0,34,4.69,4.69,0.0,143.843981,0.0
2019-03-13,16,0,35,4.69,4.69,0.0,143.843981,0.0
2019-03-13,16,0,36,13.99,13.99,0.0,99.925542,0.0
2019-03-13,16,0,37,6.64,6.64,0.0,48.115094,0.0
2019-03-13,16,0,38,8.54,8.54,0.0,61.882967,0.0
2019-03-13,16,0,39,5.69,5.69,0.0,41.231157,0.0
2019-03-13,16,0,40,5.69,5.69,0.0,41.231157,0.0
2019-03-13,16,0,41,82.36,82.36,0.0,-480.776501,0.0
2019-03-13,16,0,42,78.46,78.46,0.0,2034.22202,0.0
2019-03-13,16,0,43,41.93,41.93,0.0,346.997081,0.0
2019-03-13,16,0,46,35.22,35.22,0.0,231.13373,0.0
2019-03-13,16,0,52,0.0,0.0,0.0,-0.0,0.0
2019-03-13,16,0,53,0.0,0.0,0.0,-0.0,0.0
2019-03-13,16,0,55,0.0,0.0,0.0,-0.0,0.0
2019-03-13,16,0,56,227.69,227.69,0.0,-227690.0,0.0
2019-03-13,16,0,57,216.58,216.58,0.0,-216580.0,0.0
2019-03-13,16,0,58,416.51,416.51,0.0,-416510.0,0.0
2019-03-13,16,0,59,409.57,409.57,0.0,-409570.0,0.0
2019-03-13,16,0,63,0.0,0.0,0.0,0.0,0.0
2019-03-13,16,0,64,0.0,0.0,0.0,0.0,0.0
2019-03-13,16,0,65,1.33,1.33,0.0,35.397865,0.0
2019-03-13,16,0,67,413.51,413.51,0.0,5984.160337,0.0
2019-03-13,16,0,68,0.0,0.0,0.0,0.0,0.0
2019-03-13,16,0,69,2.93,2.93,0.0,89.86415,0.0
2019-03-13,16,0,74,38.33,38.33,0.0,600.289079,0.0
2019-03-13,16,0,77,0.0,0.0,0.0,0.0,0.0
2019-03-13,16,0,78,0.0,0.0,0.0,0.0,0.0
2019-03-13,16,0,79,0.0,0.0,0.0,0.0,0.0
2019-03-13,16,0,80,0.0,0.0,0.0,0.0,0.0
2019-03-13,16,0,81,0.0,0.0,0.0,0.0,0.0
2019-03-13,16,0,82,0.0,0.0,0.0,0.0,0.0
2019-03-13,16,0,83,0.0,0.0,0.0,0.0,0.0
2019-03-13,16,0,84,0.0,0.0,0.0,0.0,0.0
2019-03-13,16,0,86,14.85,14.85,0.0,455.454823,0.0
2019-03-13,16,0,87,75.81,75.81,0.0,2325.119872,0.0
2019-03-13,16,0,88,0.0,0.0,0.0,0.0,0.0
2019-03-13,16,0,89,0.0,0.0,0.0,0.0,0.0
2019-03-13,16,0,90,0.0,0.0,0.0,0.0,0.0
2019-03-13,16,0,91,0.0,0.0,0.0,0.0,0.0
2019-03-13,16,0,92,0.0,0.0,0.0,0.0,0.0
2019-03-13,16,0,95,0.0,0.0,0.0,0.0,0.0
2019-03-13,16,0,96,0.0,0.0,0.0,0.0,0.0
2019-03-13,16,0,97,0.0,0.0,0.0,0.0,0.0
2019-03-13,16,0,99,8.4,8.4,0.0,131.553046,0.0
2019-03-13,16,0,101,15.55,15.55,0.0,-15550.0,0.0
2019-03-13,16,0,102,0.0,0.0,0.0,0.0,0.0
2019-03-13,16,0,103,0.0,0.0,0.0,0.0,0.0
2019-03-13,16,0,104,0.0,0.0,0.0,0.0,0.0
2019-03-13,16,0,106,322.68,322.68,0.0,-125126.200984,0.0
2019-03-13,16,0,109,60.0,60.0,0.0,286.230173,0.0
2019-03-13,16,0,110,0.0,0.0,0.0,0.0,0.0
2019-03-13,16,0,111,23.62,23.62,0.0,-137.88175,0.0
2019-03-13,16,0,113,0.0,0.0,0.0,0.0,0.0
2019-03-13,16,0,115,0.0,0.0,0.0,0.0,0.0
2019-03-13,16,0,116,154.37,154.37,0.0,3864.240706,0.0
2019-03-13,16,0,117,0.0,0.0,0.0,0.0,0.0
2019-03-13,16,0,119,0.0,0.0,0.0,0.0,0.0
2019-03-13,16,0,120,0.0,0.0,0.0,0.0,0.0
2019-03-13,16,0,123,5.38,5.38,0.0,-2086.212227,0.0
2019-03-13,16,0,125,0.0,0.0,0.0,-0.0,0.0
2019-03-13,16,0,126,242.01,242.01,0.0,-93844.650738,0.0
2019-03-13,16,0,127,310.58,310.58,0.0,-120434.162333,0.0
2019-03-13,16,0,128,0.0,0.0,0.0,-0.0,0.0
2019-03-13,16,0,131,0.0,0.0,0.0,0.0,0.0
2019-03-13,16,0,132,0.0,0.0,0.0,0.0,0.0
2019-03-13,16,0,133,15.57,15.57,0.0,417.06897,0.0
2019-03-13,16,0,134,0.0,0.0,0.0,0.0,0.0
2019-03-13,16,0,135,19.8,19.8,0.0,530.376725,0.0
2019-03-13,16,0,136,5.75,5.75,0.0,152.986331,0.0
2019-03-13,16,0,139,107.25,107.25,0.0,-626.071876,0.0
2019-03-13,16,0,140,0.0,0.0,0.0,0.0,0.0
2019-03-13,16,0,141,0.0,0.0,0.0,0.0,0.0
2019-03-13,16,0,142,545.32,545.32,0.0,7891.664808,0.0
2019-03-13,16,0,143,0.0,0.0,0.0,-0.0,0.0
2019-03-13,16,0,145,0.0,0.0,0.0,0.0,0.0
2019-03-13,16,0,146,0.0,0.0,0.0,0.0,0.0
2019-03-13,16,0,152,10.43,10.43,0.0,274.626551,0.0
2019-03-13,16,0,153,12.97,12.97,0.0,342.296858,0.0
2019-03-13,16,0,154,97.45,97.45,0.0,-568.864376,0.0
2019-03-13,16,0,157,0.0,0.0,0.0,0.0,0.0
2019-03-13,16,0,158,392.8,392.8,0.0,5684.453049,0.0
2019-03-13,16,0,159,0.0,0.0,0.0,0.0,0.0
2019-03-13,16,0,160,3.2,3.2,0.0,35.642727,0.0
2019-03-13,16,0,161,76.87,76.87,0.0,847.33974,0.0
2019-03-13,16,0,162,0.0,0.0,0.0,0.0,0.0
2019-03-13,16,0,163,0.0,0.0,0.0,0.0,0.0
2019-03-13,16,0,164,28.8,28.8,0.0,-28800.0,0.0
2019-03-13,16,0,167,7.1,7.1,0.0,177.817684,0.0
2019-03-13,16,0,168,3.55,3.55,0.0,88.908842,0.0
2019-03-13,16,0,169,0.0,0.0,0.0,0.0,0.0
2019-03-13,16,0,170,7.77,7.77,0.0,194.597663,0.0
2019-03-13,16,0,172,9.47,9.47,0.0,227.128493,0.0
2019-03-13,16,0,173,14.44,14.44,0.0,346.32898,0.0
2019-03-13,16,0,188,13.06,13.06,0.0,325.448073,0.0
2019-03-13,16,0,190,11.97,11.97,0.0,303.891901,0.0
2019-03-13,16,0,191,30.92,30.92,0.0,784.990607,0.0
2019-03-13,16,0,192,0.0,0.0,0.0,0.0,0.0
2019-03-13,16,0,194,0.0,0.0,0.0,0.0,0.0
2019-03-13,16,0,196,8.08,8.08,0.0,204.42015,0.0
2019-03-13,16,0,198,12.73,12.73,0.0,180.097859,0.0
2019-03-13,16,0,199,130.0,130.0,0.0,2151.328604,0.0
2019-03-13,16,0,200,24.46,24.46,0.0,404.780751,0.0
2019-03-13,16,0,204,257.1,257.1,0.0,1167.77069,0.0
2019-03-13,16,0,205,317.4,317.4,0.0,1514.157615,0.0
2019-03-13,16,0,206,0.0,0.0,0.0,0.0,0.0
2019-03-13,16,0,210,1.74,1.74,0.0,6.737663,0.0
2019-03-13,16,0,214,11.93,11.93,0.0,390.601547,0.0
2019-03-13,16,0,217,6.71,6.71,0.0,137.886971,0.0
2019-03-13,16,0,218,9.25,9.25,0.0,190.082635,0.0
2019-03-13,16,0,219,6.3,6.3,0.0,129.461686,0.0
2019-03-13,16,0,221,6.36,6.36,0.0,208.233515,0.0
2019-03-13,16,0,225,5.28,5.28,0.0,16.062855,0.0
2019-03-13,16,0,233,8.4,8.4,0.0,257.631011,0.0
2019-03-13,16,0,236,42.77,42.77,0.0,1096.247895,0.0
2019-03-13,16,0,237,87.65,87.65,0.0,1372.693394,0.0
2019-03-13,16,0,238,102.12,102.12,0.0,2647.651704,0.0
2019-03-13,16,0,240,15.85,15.85,0.0,113.210854,0.0
2019-03-13,16,0,245,12.2,12.2,0.0,333.659823,0.0
2019-03-13,16,0,247,12.21,12.21,0.0,333.933314,0.0
2019-03-13,16,0,248,10.32,10.32,0.0,161.622314,0.0
2019-03-13,16,0,249,23.47,23.47,0.0,641.884921,0.0
2019-03-13,16,0,251,0.0,0.0,0.0,0.0,0.0
2019-03-13,16,0,252,8.55,8.55,0.0,227.557704,0.0
2019-03-13,16,0,254,22.17,22.17,0.0,199.396689,0.0
2019-03-13,16,0,255,10.16,10.16,0.0,91.378907,0.0
2019-03-13,16,0,258,19.35,19.35,0.0,141.750888,0.0
2019-03-13,16,0,260,7.78,7.78,0.0,86.65638,0.0
2019-03-13,16,0,265,100.89,100.89,0.0,-588.945376,0.0
2019-03-13,16,0,266,68.38,68.38,0.0,-399.16825,0.0
2019-03-13,16,0,267,84.71,84.71,0.0,-494.494626,0.0
2019-03-13,16,0,270,0.0,0.0,0.0,0.0,0.0
2019-03-13,16,0,272,0.0,0.0,0.0,0.0,0.0
2019-03-13,16,0,273,36.92,36.92,0.0,924.193606,0.0
2019-03-13,16,0,274,0.0,0.0,0.0,0.0,0.0
2019-03-13,16,0,275,0.0,0.0,0.0,0.0,0.0
2019-03-13,16,0,276,8.3,8.3,0.0,188.197075,0.0
2019-03-13,16,0,277,10.25,10.25,0.0,318.711803,0.0
2019-03-13,16,0,278,16.4,16.4,0.0,509.938885,0.0
2019-03-13,16,0,279,0.0,0.0,0.0,0.0,0.0
2019-03-13,16,0,281,0.0,0.0,0.0,-0.0,0.0
2019-03-13,16,0,282,423.45,423.45,0.0,-423450.0,0.0
2019-03-13,17,0,9,3.09,3.09,0.0,52.848863,0.0
2019-03-13,17,0,17,40.94,40.94,0.0,1056.743071,0.0
2019-03-13,17,0,19,162.63,162.63,0.0,4197.804732,0.0
2019-03-13,17,0,20,195.83,195.83,0.0,5054.762962,0.0
2019-03-13,17,0,21,70.76,70.76,0.0,1210.221858,0.0
2019-03-13,17,0,22,251.47,251.47,0.0,4300.939664,0.0
2019-03-13,17,0,23,0.0,0.0,0.0,0.0,0.0
2019-03-13,17,0,24,0.0,0.0,0.0,0.0,0.0
2019-03-13,17,0,29,3.88,3.88,0.0,20.331287,0.0
2019-03-13,17,0,30,596.28,596.28,0.0,10179.477281,0.0
2019-03-13,17,0,31,0.0,0.0,0.0,0.0,0.0
2019-03-13,17,0,32,4.82,4.82,0.0,63.466681,0.0
2019-03-13,17,0,33,2.17,2.17,0.0,56.033746,0.0
2019-03-13,17,0,34,3.47,3.47,0.0,89.602349,0.0
2019-03-13,17,0,35,3.47,3.47,0.0,89.602349,0.0
2019-03-13,17,0,36,10.65,10.65,0.0,80.078823,0.0
2019-03-13,17,0,37,5.05,5.05,0.0,46.939152,0.0
2019-03-13,17,0,38,6.5,6.5,0.0,60.41673,0.0
2019-03-13,17,0,39,4.33,4.33,0.0,40.246837,0.0
2019-03-13,17,0,40,4.33,4.33,0.0,40.246837,0.0
2019-03-13,17,0,41,34.8,34.8,0.0,716.339976,0.0
2019-03-13,17,0,42,59.1,59.1,0.0,1525.360693,0.0
2019-03-13,17,0,43,32.14,32.14,0.0,341.085263,0.0
2019-03-13,17,0,46,26.79,26.79,0.0,368.482455,0.0
2019-03-13,17,0,52,0.0,0.0,0.0,0.0,0.0
2019-03-13,17,0,53,0.0,0.0,0.0,0.0,0.0
2019-03-13,17,0,55,0.0,0.0,0.0,0.0,0.0
2019-03-13,17,0,56,175.88,175.88,0.0,3002.559979,0.0
2019-03-13,17,0,57,167.3,167.3,0.0,2856.085311,0.0
2019-03-13,17,0,58,321.73,321.73,0.0,5492.45862,0.0
2019-03-13,17,0,59,316.37,316.37,0.0,5400.954631,0.0
2019-03-13,17,0,63,0.0,0.0,0.0,0.0,0.0
2019-03-13,17,0,64,0.0,0.0,0.0,0.0,0.0
2019-03-13,17,0,65,0.0,0.0,0.0,0.0,0.0
2019-03-13,17,0,67,313.44,313.44,0.0,4393.430546,0.0
2019-03-13,17,0,68,0.0,0.0,0.0,0.0,0.0
2019-03-13,17,0,69,2.17,2.17,0.0,56.033746,0.0
2019-03-13,17,0,74,30.37,30.37,0.0,774.410346,0.0
2019-03-13,17,0,77,0.0,0.0,0.0,0.0,0.0
2019-03-13,17,0,78,0.0,0.0,0.0,0.0,0.0
2019-03-13,17,0,79,0.0,0.0,0.0,0.0,0.0
2019-03-13,17,0,80,0.0,0.0,0.0,0.0,0.0
2019-03-13,17,0,81,0.0,0.0,0.0,0.0,0.0
2019-03-13,17,0,82,0.0,0.0,0.0,0.0,0.0
2019-03-13,17,0,83,0.0,0.0,0.0,0.0,0.0
2019-03-13,17,0,84,0.0,0.0,0.0,0.0,0.0
2019-03-13,17,0,86,10.99,10.99,0.0,283.783808,0.0
2019-03-13,17,0,87,56.1,56.1,0.0,1448.614344,0.0
2019-03-13,17,0,88,0.0,0.0,0.0,0.0,0.0
2019-03-13,17,0,89,0.0,0.0,0.0,0.0,0.0
2019-03-13,17,0,90,0.0,0.0,0.0,0.0,0.0
2019-03-13,17,0,91,0.0,0.0,0.0,0.0,0.0
2019-03-13,17,0,92,0.0,0.0,0.0,0.0,0.0
2019-03-13,17,0,95,0.0,0.0,0.0,0.0,0.0
2019-03-13,17,0,96,0.0,0.0,0.0,0.0,0.0
2019-03-13,17,0,97,0.0,0.0,0.0,0.0,0.0
2019-03-13,17,0,99,6.18,6.18,0.0,157.584983,0.0
2019-03-13,17,0,101,12.01,12.01,0.0,205.030392,0.0
2019-03-13,17,0,102,0.0,0.0,0.0,0.0,0.0
2019-03-13,17,0,103,0.0,0.0,0.0,0.0,0.0
2019-03-13,17,0,104,0.0,0.0,0.0,0.0,0.0
2019-03-13,17,0,106,247.55,247.55,0.0,4233.895152,0.0
2019-03-13,17,0,109,60.0,60.0,0.0,1101.230014,0.0
2019-03-13,17,0,110,0.0,0.0,0.0,0.0,0.0
2019-03-13,17,0,111,18.36,18.36,0.0,377.931091,0.0
2019-03-13,17,0,113,0.0,0.0,0.0,0.0,0.0
2019-03-13,17,0,115,0.0,0.0,0.0,0.0,0.0
2019-03-13,17,0,116,116.17,116.17,0.0,1574.370387,0.0
2019-03-13,17,0,117,0.0,0.0,0.0,0.0,0.0
2019-03-13,17,0,119,0.0,0.0,0.0,0.0,0.0
2019-03-13,17,0,120,0.0,0.0,0.0,0.0,0.0
2019-03-13,17,0,123,4.13,4.13,0.0,70.636183,0.0
2019-03-13,17,0,125,0.0,0.0,0.0,0.0,0.0
2019-03-13,17,0,126,185.66,185.66,0.0,3175.378606,0.0
2019-03-13,17,0,127,238.26,238.26,0.0,4075.0065,0.0
2019-03-13,17,0,128,0.0,0.0,0.0,0.0,0.0
2019-03-13,17,0,131,0.0,0.0,0.0,0.0,0.0
2019-03-13,17,0,132,0.0,0.0,0.0,0.0,0.0
2019-03-13,17,0,133,26.25,26.25,0.0,677.565863,0.0
2019-03-13,17,0,134,0.0,0.0,0.0,0.0,0.0
2019-03-13,17,0,135,34.37,34.37,0.0,887.15957,0.0
2019-03-13,17,0,136,3.87,3.87,0.0,99.890775,0.0
2019-03-13,17,0,139,44.94,44.94,0.0,925.066624,0.0
2019-03-13,17,0,140,0.0,0.0,0.0,0.0,0.0
2019-03-13,17,0,141,0.0,0.0,0.0,0.0,0.0
2019-03-13,17,0,142,413.34,413.34,0.0,5793.710381,0.0
2019-03-13,17,0,143,0.0,0.0,0.0,0.0,0.0
2019-03-13,17,0,145,30.0,30.0,0.0,527.825673,0.0
2019-03-13,17,0,146,0.0,0.0,0.0,0.0,0.0
2019-03-13,17,0,152,7.86,7.86,0.0,204.245511,0.0
2019-03-13,17,0,153,9.8,9.8,0.0,254.770558,0.0
2019-03-13,17,0,154,75.73,75.73,0.0,1558.862828,0.0
2019-03-13,17,0,157,0.0,0.0,0.0,0.0,0.0
2019-03-13,17,0,158,313.51,313.51,0.0,4394.411723,0.0
2019-03-13,17,0,159,0.0,0.0,0.0,0.0,0.0
2019-03-13,17,0,160,2.43,2.43,0.0,29.336184,0.0
2019-03-13,17,0,161,58.03,58.03,0.0,822.198256,0.0
2019-03-13,17,0,162,0.0,0.0,0.0,0.0,0.0
2019-03-13,17,0,163,0.0,0.0,0.0,0.0,0.0
2019-03-13,17,0,164,22.19,22.19,0.0,378.819683,0.0
2019-03-13,17,0,167,5.37,5.37,0.0,70.656263,0.0
2019-03-13,17,0,168,2.68,2.68,0.0,35.262343,0.0
2019-03-13,17,0,169,0.0,0.0,0.0,0.0,0.0
2019-03-13,17,0,170,5.87,5.87,0.0,77.235058,0.0
2019-03-13,17,0,172,7.18,7.18,0.0,92.630152,0.0
2019-03-13,17,0,173,10.94,10.94,0.0,141.138422,0.0
2019-03-13,17,0,188,9.95,9.95,0.0,130.502486,0.0
2019-03-13,17,0,190,9.02,9.02,0.0,120.03691,0.0
2019-03-13,17,0,191,23.31,23.31,0.0,310.20625,0.0
2019-03-13,17,0,192,0.0,0.0,0.0,0.0,0.0
2019-03-13,17,0,194,0.0,0.0,0.0,0.0,0.0
2019-03-13,17,0,196,6.08,6.08,0.0,81.705553,0.0
2019-03-13,17,0,198,9.63,9.63,0.0,128.415518,0.0
2019-03-13,17,0,199,130.0,130.0,0.0,1447.963733,0.0
2019-03-13,17,0,200,18.42,18.42,0.0,205.165323,0.0
2019-03-13,17,0,204,257.1,257.1,0.0,4489.051476,0.0
2019-03-13,17,0,205,317.4,317.4,0.0,5825.506776,0.0
2019-03-13,17,0,206,0.0,0.0,0.0,0.0,0.0
2019-03-13,17,0,210,1.28,1.28,0.0,7.693047,0.0
2019-03-13,17,0,214,8.91,8.91,0.0,230.029908,0.0
2019-03-13,17,0,217,4.95,4.95,0.0,84.033761,0.0
2019-03-13,17,0,218,6.83,6.83,0.0,115.949613,0.0
2019-03-13,17,0,219,4.65,4.65,0.0,78.940806,0.0
2019-03-13,17,0,221,4.75,4.75,0.0,122.630984,0.0
2019-03-13,17,0,225,3.86,3.86,0.0,19.939389,0.0
2019-03-13,17,0,233,6.22,6.22,0.0,160.612856,0.0
2019-03-13,17,0,236,29.19,29.19,0.0,754.64545,0.0
2019-03-13,17,0,237,75.05,75.05,0.0,1913.714075,0.0
2019-03-13,17,0,238,76.92,76.92,0.0,1985.291785,0.0
2019-03-13,17,0,240,12.07,12.07,0.0,90.756,0.0
2019-03-13,17,0,245,5.6,5.6,0.0,144.55547,0.0
2019-03-13,17,0,247,3.84,3.84,0.0,99.123751,0.0
2019-03-13,17,0,248,7.64,7.64,0.0,194.813798,0.0
2019-03-13,17,0,249,10.78,10.78,0.0,278.26928,0.0
2019-03-13,17,0,251,0.0,0.0,0.0,0.0,0.0
2019-03-13,17,0,252,0.0,0.0,0.0,0.0,0.0
2019-03-13,17,0,254,16.79,16.79,0.0,184.334981,0.0
2019-03-13,17,0,255,7.7,7.7,0.0,84.537186,0.0
2019-03-13,17,0,258,14.79,14.79,0.0,118.597151,0.0
2019-03-13,17,0,260,5.89,5.89,0.0,71.107048,0.0
2019-03-13,17,0,265,78.41,78.41,0.0,1614.02924,0.0
2019-03-13,17,0,266,29.1,29.1,0.0,599.008428,0.0
2019-03-13,17,0,267,35.76,35.76,0.0,736.101079,0.0
2019-03-13,17,0,270,0.0,0.0,0.0,0.0,0.0
2019-03-13,17,0,272,0.0,0.0,0.0,0.0,0.0
2019-03-13,17,0,273,27.78,27.78,0.0,376.482821,0.0
2019-03-13,17,0,274,0.0,0.0,0.0,0.0,0.0
2019-03-13,17,0,275,0.0,0.0,0.0,0.0,0.0
2019-03-13,17,0,276,6.17,6.17,0.0,84.257609,0.0
2019-03-13,17,0,277,7.71,7.71,0.0,109.041973,0.0
2019-03-13,17,0,278,12.34,12.34,0.0,174.523728,0.0
2019-03-13,17,0,279,0.0,0.0,0.0,0.0,0.0
2019-03-13,17,0,281,0.0,0.0,0.0,0.0,0.0
2019-03-13,17,0,282,327.09,327.09,0.0,5583.962608,0.0
2019-03-13,18,0,9,1.89,1.89,0.0,20.255009,0.0
2019-03-13,18,0,17,24.95,24.95,0.0,292.331452,0.0
2019-03-13,18,0,19,193.12,193.12,0.0,2262.727454,0.0
2019-03-13,18,0,20,235.16,235.16,0.0,2755.297163,0.0
2019-03-13,18,0,21,43.3,43.3,0.0,464.043338,0.0
2019-03-13,18,0,22,153.87,153.87,0.0,1649.014975,0.0
2019-03-13,18,0,23,0.0,0.0,0.0,0.0,0.0
2019-03-13,18,0,24,0.0,0.0,0.0,0.0,0.0
2019-03-13,18,0,29,2.35,2.35,0.0,20.30721,0.0
2019-03-13,18,0,30,378.4,378.4,0.0,4053.7945,0.0
2019-03-13,18,0,31,0.0,0.0,0.0,0.0,0.0
2019-03-13,18,0,32,2.95,2.95,0.0,50.676035,0.0
2019-03-13,18,0,33,1.32,1.32,0.0,15.863018,0.0
2019-03-13,18,0,34,2.11,2.11,0.0,25.356794,0.0
2019-03-13,18,0,35,2.11,2.11,0.0,25.356794,0.0
2019-03-13,18,0,36,6.57,6.57,0.0,73.001218,0.0
2019-03-13,18,0,37,3.03,3.03,0.0,33.580227,0.0
2019-03-13,18,0,38,3.9,3.9,0.0,43.222074,0.0
2019-03-13,18,0,39,2.6,2.6,0.0,28.814716,0.0
2019-03-13,18,0,40,2.6,2.6,0.0,28.814716,0.0
2019-03-13,18,0,41,34.8,34.8,0.0,381.125955,0.0
2019-03-13,18,0,42,34.55,34.55,0.0,402.559331,0.0
2019-03-13,18,0,43,19.29,19.29,0.0,212.764837,0.0
2019-03-13,18,0,46,16.66,16.66,0.0,183.578954,0.0
2019-03-13,18,0,52,0.0,0.0,0.0,0.0,0.0
2019-03-13,18,0,53,0.0,0.0,0.0,0.0,0.0
2019-03-13,18,0,55,0.0,0.0,0.0,0.0,0.0
2019-03-13,18,0,56,111.61,111.61,0.0,1195.676544,0.0
2019-03-13,18,0,57,106.17,106.17,0.0,1137.397891,0.0
2019-03-13,18,0,58,204.17,204.17,0.0,2187.270674,0.0
2019-03-13,18,0,59,200.77,200.77,0.0,2150.846516,0.0
2019-03-13,18,0,63,0.0,0.0,0.0,0.0,0.0
2019-03-13,18,0,64,0.0,0.0,0.0,0.0,0.0
2019-03-13,18,0,65,0.0,0.0,0.0,0.0,0.0
2019-03-13,18,0,67,195.84,195.84,0.0,2373.524592,0.0
2019-03-13,18,0,68,0.0,0.0,0.0,0.0,0.0
2019-03-13,18,0,69,1.32,1.32,0.0,15.863018,0.0
2019-03-13,18,0,74,20.01,20.01,0.0,227.76906,0.0
2019-03-13,18,0,77,0.0,0.0,0.0,0.0,0.0
2019-03-13,18,0,78,0.0,0.0,0.0,0.0,0.0
2019-03-13,18,0,79,0.0,0.0,0.0,0.0,0.0
2019-03-13,18,0,80,0.0,0.0,0.0,0.0,0.0
2019-03-13,18,0,81,0.0,0.0,0.0,0.0,0.0
2019-03-13,18,0,82,0.0,0.0,0.0,0.0,0.0
2019-03-13,18,0,83,0.0,0.0,0.0,0.0,0.0
2019-03-13,18,0,84,0.0,0.0,0.0,0.0,0.0
2019-03-13,18,0,86,6.69,6.69,0.0,80.39666,0.0
2019-03-13,18,0,87,34.15,34.15,0.0,410.395505,0.0
2019-03-13,18,0,88,0.0,0.0,0.0,0.0,0.0
2019-03-13,18,0,89,0.0,0.0,0.0,0.0,0.0
2019-03-13,18,0,90,0.0,0.0,0.0,0.0,0.0
2019-03-13,18,0,91,0.0,0.0,0.0,0.0,0.0
2019-03-13,18,0,92,0.0,0.0,0.0,0.0,0.0
2019-03-13,18,0,95,120.0,120.0,0.0,2058.004467,0.0
2019-03-13,18,0,96,0.0,0.0,0.0,0.0,0.0
2019-03-13,18,0,97,0.0,0.0,0.0,0.0,0.0
2019-03-13,18,0,99,3.86,3.86,0.0,43.93746,0.0
2019-03-13,18,0,101,7.62,7.62,0.0,81.632965,0.0
2019-03-13,18,0,102,0.0,0.0,0.0,0.0,0.0
2019-03-13,18,0,103,0.0,0.0,0.0,0.0,0.0
2019-03-13,18,0,104,0.0,0.0,0.0,0.0,0.0
2019-03-13,18,0,106,151.48,151.48,0.0,1623.401497,0.0
2019-03-13,18,0,109,60.0,60.0,0.0,662.12318,0.0
2019-03-13,18,0,110,0.0,0.0,0.0,0.0,0.0
2019-03-13,18,0,111,11.89,11.89,0.0,130.218035,0.0
2019-03-13,18,0,113,0.0,0.0,0.0,0.0,0.0
2019-03-13,18,0,115,0.0,0.0,0.0,0.0,0.0
2019-03-13,18,0,116,71.11,71.11,0.0,1075.846955,0.0
2019-03-13,18,0,117,0.0,0.0,0.0,0.0,0.0
2019-03-13,18,0,119,0.0,0.0,0.0,0.0,0.0
2019-03-13,18,0,120,0.0,0.0,0.0,0.0,0.0
2019-03-13,18,0,123,2.52,2.52,0.0,27.006679,0.0
2019-03-13,18,0,125,0.0,0.0,0.0,0.0,0.0
2019-03-13,18,0,126,113.61,113.61,0.0,1217.551123,0.0
2019-03-13,18,0,127,145.8,145.8,0.0,1562.5293,0.0
2019-03-13,18,0,128,0.0,0.0,0.0,0.0,0.0
2019-03-13,18,0,131,0.0,0.0,0.0,0.0,0.0
2019-03-13,18,0,132,0.0,0.0,0.0,0.0,0.0
2019-03-13,18,0,133,25.59,25.59,0.0,299.859331,0.0
2019-03-13,18,0,134,0.0,0.0,0.0,0.0,0.0
2019-03-13,18,0,135,34.29,34.29,0.0,401.804473,0.0
2019-03-13,18,0,136,2.68,2.68,0.0,31.366496,0.0
2019-03-13,18,0,139,44.94,44.94,0.0,492.178173,0.0
2019-03-13,18,0,140,0.0,0.0,0.0,0.0,0.0
2019-03-13,18,0,141,0.0,0.0,0.0,0.0,0.0
2019-03-13,18,0,142,258.26,258.26,0.0,3130.037077,0.0
2019-03-13,18,0,143,0.0,0.0,0.0,0.0,0.0
2019-03-13,18,0,145,30.0,30.0,0.0,324.996135,0.0
2019-03-13,18,0,146,0.0,0.0,0.0,0.0,0.0
2019-03-13,18,0,152,4.79,4.79,0.0,54.420809,0.0
2019-03-13,18,0,153,5.96,5.96,0.0,67.616509,0.0
2019-03-13,18,0,154,49.07,49.07,0.0,537.4095,0.0
2019-03-13,18,0,157,0.0,0.0,0.0,0.0,0.0
2019-03-13,18,0,158,199.64,199.64,0.0,2419.579502,0.0
2019-03-13,18,0,159,0.0,0.0,0.0,0.0,0.0
2019-03-13,18,0,160,1.48,1.48,0.0,16.173789,0.0
2019-03-13,18,0,161,35.99,35.99,0.0,400.817791,0.0
2019-03-13,18,0,162,162.5,162.5,0.0,2787.090175,0.0
2019-03-13,18,0,163,0.0,0.0,0.0,0.0,0.0
2019-03-13,18,0,164,14.41,14.41,0.0,154.374151,0.0
2019-03-13,18,0,167,3.32,3.32,0.0,56.951124,0.0
2019-03-13,18,0,168,1.66,1.66,0.0,28.475562,0.0
2019-03-13,18,0,169,0.0,0.0,0.0,0.0,0.0
2019-03-13,18,0,170,3.63,3.63,0.0,62.268849,0.0
2019-03-13,18,0,172,4.4,4.4,0.0,74.536706,0.0
2019-03-13,18,0,173,6.7,6.7,0.0,113.499075,0.0
2019-03-13,18,0,188,6.11,6.11,0.0,103.912192,0.0
2019-03-13,18,0,190,5.41,5.41,0.0,92.55239,0.0
2019-03-13,18,0,191,13.98,13.98,0.0,239.164956,0.0
2019-03-13,18,0,192,0.0,0.0,0.0,0.0,0.0
2019-03-13,18,0,194,0.0,0.0,0.0,0.0,0.0
2019-03-13,18,0,196,3.72,3.72,0.0,60.76983,0.0
2019-03-13,18,0,198,5.97,5.97,0.0,63.072136,0.0
2019-03-13,18,0,199,130.0,130.0,0.0,1219.658198,0.0
2019-03-13,18,0,200,11.13,11.13,0.0,104.421506,0.0
2019-03-13,18,0,204,257.1,257.1,0.0,2829.791176,0.0
2019-03-13,18,0,205,317.4,317.4,0.0,3502.631623,0.0
2019-03-13,18,0,206,0.0,0.0,0.0,0.0,0.0
2019-03-13,18,0,210,0.78,0.78,0.0,6.857653,0.0
2019-03-13,18,0,214,5.46,5.46,0.0,66.590637,0.0
2019-03-13,18,0,217,3.0,3.0,0.0,32.128384,0.0
2019-03-13,18,0,218,4.14,4.14,0.0,44.33717,0.0
2019-03-13,18,0,219,2.82,2.82,0.0,30.200681,0.0
2019-03-13,18,0,221,2.91,2.91,0.0,35.490614,0.0
2019-03-13,18,0,225,2.35,2.35,0.0,20.273055,0.0
2019-03-13,18,0,233,3.79,3.79,0.0,45.54609,0.0
2019-03-13,18,0,236,19.35,19.35,0.0,223.455029,0.0
2019-03-13,18,0,237,47.99,47.99,0.0,546.258731,0.0
2019-03-13,18,0,238,44.96,44.96,0.0,523.851447,0.0
2019-03-13,18,0,240,7.45,7.45,0.0,82.779159,0.0
2019-03-13,18,0,245,2.4,2.4,0.0,28.226937,0.0
2019-03-13,18,0,247,0.0,0.0,0.0,0.0,0.0
2019-03-13,18,0,248,4.82,4.82,0.0,54.864911,0.0
2019-03-13,18,0,249,4.61,4.61,0.0,54.219241,0.0
2019-03-13,18,0,251,12.01,12.01,0.0,140.333231,0.0
2019-03-13,18,0,252,0.0,0.0,0.0,0.0,0.0
2019-03-13,18,0,254,10.5,10.5,0.0,115.545294,0.0
2019-03-13,18,0,255,4.81,4.81,0.0,52.930749,0.0
2019-03-13,18,0,258,9.26,9.26,0.0,102.768722,0.0
2019-03-13,18,0,260,3.6,3.6,0.0,39.341648,0.0
2019-03-13,18,0,265,50.8,50.8,0.0,556.356279,0.0
2019-03-13,18,0,266,29.1,29.1,0.0,318.700152,0.0
2019-03-13,18,0,267,35.76,35.76,0.0,391.639774,0.0
2019-03-13,18,0,270,0.0,0.0,0.0,0.0,0.0
2019-03-13,18,0,272,0.0,0.0,0.0,0.0,0.0
2019-03-13,18,0,273,17.0,17.0,0.0,257.198682,0.0
2019-03-13,18,0,274,0.0,0.0,0.0,0.0,0.0
2019-03-13,18,0,275,0.0,0.0,0.0,0.0,0.0
2019-03-13,18,0,276,3.79,3.79,0.0,54.793354,0.0
2019-03-13,18,0,277,4.76,4.76,0.0,48.43111,0.0
2019-03-13,18,0,278,7.62,7.62,0.0,77.530475,0.0
2019-03-13,18,0,279,0.0,0.0,0.0,0.0,0.0
2019-03-13,18,0,281,0.0,0.0,0.0,0.0,0.0
2019-03-13,18,0,282,207.57,207.57,0.0,2223.694832,0.0
2019-03-13,19,0,9,0.57,0.57,0.0,7.666774,0.0
2019-03-13,19,0,17,4.52,4.52,0.0,59.147828,0.0
2019-03-13,19,0,19,366.72,366.72,0.0,4798.825513,0.0
2019-03-13,19,0,20,445.74,445.74,0.0,5832.865631,0.0
2019-03-13,19,0,21,13.09,13.09,0.0,176.066793,0.0
2019-03-13,19,0,22,46.51,46.51,0.0,625.581859,0.0
2019-03-13,19,0,23,0.0,0.0,0.0,0.0,0.0
2019-03-13,19,0,24,0.0,0.0,0.0,0.0,0.0
2019-03-13,19,0,29,0.47,0.47,0.0,3.969063,0.0
2019-03-13,19,0,30,124.16,124.16,0.0,1670.688581,0.0
2019-03-13,19,0,31,0.0,0.0,0.0,0.0,0.0
2019-03-13,19,0,32,0.51,0.51,0.0,9.899021,0.0
2019-03-13,19,0,33,0.28,0.28,0.0,3.691915,0.0
2019-03-13,19,0,34,0.45,0.45,0.0,5.933435,0.0
2019-03-13,19,0,35,0.45,0.45,0.0,5.933435,0.0
2019-03-13,19,0,36,1.43,1.43,0.0,18.216515,0.0
2019-03-13,19,0,37,0.64,0.64,0.0,8.131628,0.0
2019-03-13,19,0,38,0.83,0.83,0.0,10.545705,0.0
2019-03-13,19,0,39,0.55,0.55,0.0,6.988118,0.0
2019-03-13,19,0,40,0.55,0.55,0.0,6.988118,0.0
2019-03-13,19,0,41,34.8,34.8,0.0,459.532675,0.0
2019-03-13,19,0,42,8.63,8.63,0.0,112.744139,0.0
2019-03-13,19,0,43,4.19,4.19,0.0,52.586043,0.0
2019-03-13,19,0,46,3.52,3.52,0.0,44.827424,0.0
2019-03-13,19,0,52,0.0,0.0,0.0,0.0,0.0
2019-03-13,19,0,53,0.0,0.0,0.0,0.0,0.0
2019-03-13,19,0,55,0.0,0.0,0.0,0.0,0.0
2019-03-13,19,0,56,36.62,36.62,0.0,492.756249,0.0
2019-03-13,19,0,57,34.84,34.84,0.0,468.804689,0.0
2019-03-13,19,0,58,66.99,66.99,0.0,901.412919,0.0
2019-03-13,19,0,59,65.87,65.87,0.0,886.342275,0.0
2019-03-13,19,0,63,0.0,0.0,0.0,0.0,0.0
2019-03-13,19,0,64,0.0,0.0,0.0,0.0,0.0
2019-03-13,19,0,65,0.0,0.0,0.0,0.0,0.0
2019-03-13,19,0,67,57.87,57.87,0.0,889.845667,0.0
2019-03-13,19,0,68,0.0,0.0,0.0,0.0,0.0
2019-03-13,19,0,69,0.28,0.28,0.0,3.691915,0.0
2019-03-13,19,0,74,21.4,21.4,0.0,278.13161,0.0
2019-03-13,19,0,77,0.0,0.0,0.0,0.0,0.0
2019-03-13,19,0,78,0.0,0.0,0.0,0.0,0.0
2019-03-13,19,0,79,0.0,0.0,0.0,0.0,0.0
2019-03-13,19,0,80,0.0,0.0,0.0,0.0,0.0
2019-03-13,19,0,81,0.0,0.0,0.0,0.0,0.0
2019-03-13,19,0,82,0.0,0.0,0.0,0.0,0.0
2019-03-13,19,0,83,0.0,0.0,0.0,0.0,0.0
2019-03-13,19,0,84,0.0,0.0,0.0,0.0,0.0
2019-03-13,19,0,86,1.42,1.42,0.0,18.723284,0.0
2019-03-13,19,0,87,7.24,7.24,0.0,95.462379,0.0
2019-03-13,19,0,88,0.0,0.0,0.0,0.0,0.0
2019-03-13,19,0,89,0.0,0.0,0.0,0.0,0.0
2019-03-13,19,0,90,0.0,0.0,0.0,0.0,0.0
2019-03-13,19,0,91,0.0,0.0,0.0,0.0,0.0
2019-03-13,19,0,92,0.0,0.0,0.0,0.0,0.0
2019-03-13,19,0,95,120.0,120.0,0.0,2328.471425,0.0
2019-03-13,19,0,96,0.0,0.0,0.0,0.0,0.0
2019-03-13,19,0,97,0.0,0.0,0.0,0.0,0.0
2019-03-13,19,0,99,4.13,4.13,0.0,53.676801,0.0
2019-03-13,19,0,101,2.5,2.5,0.0,33.639831,0.0
2019-03-13,19,0,102,0.0,0.0,0.0,0.0,0.0
2019-03-13,19,0,103,0.0,0.0,0.0,0.0,0.0
2019-03-13,19,0,104,0.0,0.0,0.0,0.0,0.0
2019-03-13,19,0,106,45.78,45.78,0.0,615.763008,0.0
2019-03-13,19,0,109,60.0,60.0,0.0,776.927059,0.0
2019-03-13,19,0,110,0.0,0.0,0.0,0.0,0.0
2019-03-13,19,0,111,3.22,3.22,0.0,42.519977,0.0
2019-03-13,19,0,113,45.0,45.0,0.0,627.727502,0.0
2019-03-13,19,0,115,45.0,45.0,0.0,627.727502,0.0
2019-03-13,19,0,116,17.96,17.96,0.0,316.918991,0.0
2019-03-13,19,0,117,3.0,3.0,0.0,41.8485,0.0
2019-03-13,19,0,119,0.0,0.0,0.0,0.0,0.0
2019-03-13,19,0,120,0.0,0.0,0.0,0.0,0.0
2019-03-13,19,0,123,0.76,0.76,0.0,10.222365,0.0
2019-03-13,19,0,125,0.0,0.0,0.0,0.0,0.0
2019-03-13,19,0,126,34.34,34.34,0.0,461.889508,0.0
2019-03-13,19,0,127,44.07,44.07,0.0,592.762686,0.0
2019-03-13,19,0,128,0.0,0.0,0.0,0.0,0.0
2019-03-13,19,0,131,0.0,0.0,0.0,0.0,0.0
2019-03-13,19,0,132,0.0,0.0,0.0,0.0,0.0
2019-03-13,19,0,133,20.43,20.43,0.0,267.350666,0.0
2019-03-13,19,0,134,0.0,0.0,0.0,0.0,0.0
2019-03-13,19,0,135,27.69,27.69,0.0,362.356337,0.0
2019-03-13,19,0,136,2.01,2.01,0.0,26.293959,0.0
2019-03-13,19,0,139,44.94,44.94,0.0,593.430989,0.0
2019-03-13,19,0,140,0.0,0.0,0.0,0.0,0.0
2019-03-13,19,0,141,0.0,0.0,0.0,0.0,0.0
2019-03-13,19,0,142,76.32,76.32,0.0,1173.544519,0.0
2019-03-13,19,0,143,0.0,0.0,0.0,0.0,0.0
2019-03-13,19,0,145,30.0,30.0,0.0,398.052169,0.0
2019-03-13,19,0,146,0.0,0.0,0.0,0.0,0.0
2019-03-13,19,0,152,1.05,1.05,0.0,13.602585,0.0
2019-03-13,19,0,153,1.3,1.3,0.0,16.833157,0.0
2019-03-13,19,0,154,13.3,13.3,0.0,175.625994,0.0
2019-03-13,19,0,157,0.0,0.0,0.0,0.0,0.0
2019-03-13,19,0,158,67.71,67.71,0.0,1041.151721,0.0
2019-03-13,19,0,159,0.0,0.0,0.0,0.0,0.0
2019-03-13,19,0,160,0.3,0.3,0.0,3.645702,0.0
2019-03-13,19,0,161,10.24,10.24,0.0,149.868819,0.0
2019-03-13,19,0,162,162.5,162.5,0.0,3152.684111,0.0
2019-03-13,19,0,163,0.0,0.0,0.0,0.0,0.0
2019-03-13,19,0,164,4.98,4.98,0.0,67.010544,0.0
2019-03-13,19,0,167,0.57,0.57,0.0,11.063877,0.0
2019-03-13,19,0,168,0.28,0.28,0.0,5.434887,0.0
2019-03-13,19,0,169,0.0,0.0,0.0,0.0,0.0
2019-03-13,19,0,170,0.62,0.62,0.0,12.034393,0.0
2019-03-13,19,0,172,0.75,0.75,0.0,14.759188,0.0
2019-03-13,19,0,173,1.14,1.14,0.0,22.433966,0.0
2019-03-13,19,0,188,1.09,1.09,0.0,21.117576,0.0
2019-03-13,19,0,190,1.2,1.2,0.0,23.009058,0.0
2019-03-13,19,0,191,3.1,3.1,0.0,59.440066,0.0
2019-03-13,19,0,192,0.0,0.0,0.0,0.0,0.0
2019-03-13,19,0,194,176.5,176.5,0.0,2359.225057,0.0
2019-03-13,19,0,196,0.91,0.91,0.0,16.865614,0.0
2019-03-13,19,0,198,1.09,1.09,0.0,12.23563,0.0
2019-03-13,19,0,199,130.0,130.0,0.0,1294.921225,0.0
2019-03-13,19,0,200,1.88,1.88,0.0,18.726553,0.0
2019-03-13,19,0,204,257.1,257.1,0.0,3330.191634,0.0
2019-03-13,19,0,205,317.4,317.4,0.0,4109.944142,0.0
2019-03-13,19,0,206,0.0,0.0,0.0,0.0,0.0
2019-03-13,19,0,210,0.16,0.16,0.0,1.373177,0.0
2019-03-13,19,0,214,1.15,1.15,0.0,15.232166,0.0
2019-03-13,19,0,217,0.65,0.65,0.0,7.284001,0.0
2019-03-13,19,0,218,0.9,0.9,0.0,10.085539,0.0
2019-03-13,19,0,219,0.61,0.61,0.0,6.835755,0.0
2019-03-13,19,0,221,0.61,0.61,0.0,8.079671,0.0
2019-03-13,19,0,225,0.44,0.44,0.0,3.709874,0.0
2019-03-13,19,0,233,0.8,0.8,0.0,10.548329,0.0
2019-03-13,19,0,236,12.59,12.59,0.0,164.005186,0.0
2019-03-13,19,0,237,51.35,51.35,0.0,667.385897,0.0
2019-03-13,19,0,238,11.24,11.24,0.0,146.84173,0.0
2019-03-13,19,0,240,1.62,1.62,0.0,20.636891,0.0
2019-03-13,19,0,245,0.0,0.0,0.0,0.0,0.0
2019-03-13,19,0,247,0.0,0.0,0.0,0.0,0.0
2019-03-13,19,0,248,5.15,5.15,0.0,66.933542,0.0
2019-03-13,19,0,249,0.0,0.0,0.0,0.0,0.0
2019-03-13,19,0,251,27.53,27.53,0.0,359.960431,0.0
2019-03-13,19,0,252,0.0,0.0,0.0,0.0,0.0
2019-03-13,19,0,254,1.98,1.98,0.0,24.651968,0.0
2019-03-13,19,0,255,0.91,0.91,0.0,11.329945,0.0
2019-03-13,19,0,258,2.03,2.03,0.0,25.798021,0.0
2019-03-13,19,0,260,0.72,0.72,0.0,8.749685,0.0
2019-03-13,19,0,265,13.77,13.77,0.0,181.832326,0.0
2019-03-13,19,0,266,29.1,29.1,0.0,384.264392,0.0
2019-03-13,19,0,267,35.76,35.76,0.0,472.209438,0.0
2019-03-13,19,0,270,0.0,0.0,0.0,0.0,0.0
2019-03-13,19,0,272,150.39,150.39,0.0,2097.86531,0.0
2019-03-13,19,0,273,4.29,4.29,0.0,75.700583,0.0
2019-03-13,19,0,274,0.0,0.0,0.0,0.0,0.0
2019-03-13,19,0,275,0.0,0.0,0.0,0.0,0.0
2019-03-13,19,0,276,0.96,0.96,0.0,16.453594,0.0
2019-03-13,19,0,277,1.23,1.23,0.0,17.174382,0.0
2019-03-13,19,0,278,1.97,1.97,0.0,27.506937,0.0
2019-03-13,19,0,279,0.0,0.0,0.0,0.0,0.0
2019-03-13,19,0,281,0.0,0.0,0.0,0.0,0.0
2019-03-13,19,0,282,68.11,68.11,0.0,916.483563,0.0
2019-03-13,20,0,9,0.0,0.0,0.0,0.0,0.0
2019-03-13,20,0,17,0.0,0.0,0.0,0.0,0.0
2019-03-13,20,0,19,443.17,443.17,0.0,6107.772095,0.0
2019-03-13,20,0,20,537.48,537.48,0.0,7407.553187,0.0
2019-03-13,20,0,21,0.0,0.0,0.0,0.0,0.0
2019-03-13,20,0,22,0.0,0.0,0.0,0.0,0.0
2019-03-13,20,0,23,0.0,0.0,0.0,0.0,0.0
2019-03-13,20,0,24,0.0,0.0,0.0,0.0,0.0
2019-03-13,20,0,29,0.0,0.0,0.0,0.0,0.0
2019-03-13,20,0,30,0.0,0.0,0.0,0.0,0.0
2019-03-13,20,0,31,0.0,0.0,0.0,0.0,0.0
2019-03-13,20,0,32,0.0,0.0,0.0,0.0,0.0
2019-03-13,20,0,33,0.0,0.0,0.0,0.0,0.0
2019-03-13,20,0,34,0.0,0.0,0.0,0.0,0.0
2019-03-13,20,0,35,0.0,0.0,0.0,0.0,0.0
2019-03-13,20,0,36,0.0,0.0,0.0,0.0,0.0
2019-03-13,20,0,37,0.0,0.0,0.0,0.0,0.0
2019-03-13,20,0,38,0.0,0.0,0.0,0.0,0.0
2019-03-13,20,0,39,0.0,0.0,0.0,0.0,0.0
2019-03-13,20,0,40,0.0,0.0,0.0,0.0,0.0
2019-03-13,20,0,41,60.5,60.5,0.0,712.180868,0.0
2019-03-13,20,0,42,0.0,0.0,0.0,0.0,0.0
2019-03-13,20,0,43,0.0,0.0,0.0,0.0,0.0
2019-03-13,20,0,46,0.0,0.0,0.0,0.0,0.0
2019-03-13,20,0,52,0.0,0.0,0.0,0.0,0.0
2019-03-13,20,0,53,0.0,0.0,0.0,0.0,0.0
2019-03-13,20,0,55,0.0,0.0,0.0,0.0,0.0
2019-03-13,20,0,56,0.0,0.0,0.0,0.0,0.0
2019-03-13,20,0,57,0.0,0.0,0.0,0.0,0.0
2019-03-13,20,0,58,0.0,0.0,0.0,0.0,0.0
2019-03-13,20,0,59,0.0,0.0,0.0,0.0,0.0
2019-03-13,20,0,63,0.0,0.0,0.0,0.0,0.0
2019-03-13,20,0,64,0.0,0.0,0.0,0.0,0.0
2019-03-13,20,0,65,0.0,0.0,0.0,0.0,0.0
2019-03-13,20,0,67,0.0,0.0,0.0,0.0,0.0
2019-03-13,20,0,68,0.0,0.0,0.0,0.0,0.0
2019-03-13,20,0,69,0.0,0.0,0.0,0.0,0.0
2019-03-13,20,0,74,11.91,11.91,0.0,154.531407,0.0
2019-03-13,20,0,77,0.0,0.0,0.0,0.0,0.0
2019-03-13,20,0,78,0.0,0.0,0.0,0.0,0.0
2019-03-13,20,0,79,0.0,0.0,0.0,0.0,0.0
2019-03-13,20,0,80,0.0,0.0,0.0,0.0,0.0
2019-03-13,20,0,81,0.0,0.0,0.0,0.0,0.0
2019-03-13,20,0,82,0.0,0.0,0.0,0.0,0.0
2019-03-13,20,0,83,0.0,0.0,0.0,0.0,0.0
2019-03-13,20,0,84,0.0,0.0,0.0,0.0,0.0
2019-03-13,20,0,86,0.0,0.0,0.0,0.0,0.0
2019-03-13,20,0,87,0.0,0.0,0.0,0.0,0.0
2019-03-13,20,0,88,0.0,0.0,0.0,0.0,0.0
2019-03-13,20,0,89,0.0,0.0,0.0,0.0,0.0
2019-03-13,20,0,90,0.0,0.0,0.0,0.0,0.0
2019-03-13,20,0,91,0.0,0.0,0.0,0.0,0.0
2019-03-13,20,0,92,0.0,0.0,0.0,0.0,0.0
2019-03-13,20,0,95,120.0,120.0,0.0,2156.506434,0.0
2019-03-13,20,0,96,31.77,31.77,0.0,350.200397,0.0
2019-03-13,20,0,97,229.39,229.39,0.0,2528.563707,0.0
2019-03-13,20,0,99,2.3,2.3,0.0,29.842337,0.0
2019-03-13,20,0,101,0.0,0.0,0.0,0.0,0.0
2019-03-13,20,0,102,0.0,0.0,0.0,0.0,0.0
2019-03-13,20,0,103,0.0,0.0,0.0,0.0,0.0
2019-03-13,20,0,104,0.0,0.0,0.0,0.0,0.0
2019-03-13,20,0,106,0.0,0.0,0.0,0.0,0.0
2019-03-13,20,0,109,60.0,60.0,0.0,726.780423,0.0
2019-03-13,20,0,110,0.0,0.0,0.0,0.0,0.0
2019-03-13,20,0,111,0.0,0.0,0.0,0.0,0.0
2019-03-13,20,0,113,45.0,45.0,0.0,419.277723,0.0
2019-03-13,20,0,115,45.0,45.0,0.0,419.277723,0.0
2019-03-13,20,0,116,0.0,0.0,0.0,0.0,0.0
2019-03-13,20,0,117,3.0,3.0,0.0,27.951848,0.0
2019-03-13,20,0,119,0.0,0.0,0.0,0.0,0.0
2019-03-13,20,0,120,0.0,0.0,0.0,0.0,0.0
2019-03-13,20,0,123,0.0,0.0,0.0,0.0,0.0
2019-03-13,20,0,125,0.0,0.0,0.0,0.0,0.0
2019-03-13,20,0,126,0.0,0.0,0.0,0.0,0.0
2019-03-13,20,0,127,0.0,0.0,0.0,0.0,0.0
2019-03-13,20,0,128,0.0,0.0,0.0,0.0,0.0
2019-03-13,20,0,131,0.0,0.0,0.0,0.0,0.0
2019-03-13,20,0,132,0.0,0.0,0.0,0.0,0.0
2019-03-13,20,0,133,23.15,23.15,0.0,319.116446,0.0
2019-03-13,20,0,134,0.0,0.0,0.0,0.0,0.0
2019-03-13,20,0,135,30.85,30.85,0.0,425.258849,0.0
2019-03-13,20,0,136,6.07,6.07,0.0,83.471883,0.0
2019-03-13,20,0,139,80.98,80.98,0.0,953.262921,0.0
2019-03-13,20,0,140,0.0,0.0,0.0,0.0,0.0
2019-03-13,20,0,141,0.0,0.0,0.0,0.0,0.0
2019-03-13,20,0,142,0.0,0.0,0.0,0.0,0.0
2019-03-13,20,0,143,0.0,0.0,0.0,0.0,0.0
2019-03-13,20,0,145,30.0,30.0,0.0,343.111165,0.0
2019-03-13,20,0,146,0.0,0.0,0.0,0.0,0.0
2019-03-13,20,0,152,0.0,0.0,0.0,0.0,0.0
2019-03-13,20,0,153,0.0,0.0,0.0,0.0,0.0
2019-03-13,20,0,154,0.0,0.0,0.0,0.0,0.0
2019-03-13,20,0,157,0.0,0.0,0.0,0.0,0.0
2019-03-13,20,0,158,0.0,0.0,0.0,0.0,0.0
2019-03-13,20,0,159,0.0,0.0,0.0,0.0,0.0
2019-03-13,20,0,160,0.0,0.0,0.0,0.0,0.0
2019-03-13,20,0,161,0.0,0.0,0.0,0.0,0.0
2019-03-13,20,0,162,162.5,162.5,0.0,2920.872602,0.0
2019-03-13,20,0,163,0.0,0.0,0.0,0.0,0.0
2019-03-13,20,0,164,0.0,0.0,0.0,0.0,0.0
2019-03-13,20,0,167,0.0,0.0,0.0,0.0,0.0
2019-03-13,20,0,168,0.0,0.0,0.0,0.0,0.0
2019-03-13,20,0,169,0.0,0.0,0.0,0.0,0.0
2019-03-13,20,0,170,0.0,0.0,0.0,0.0,0.0
2019-03-13,20,0,172,0.0,0.0,0.0,0.0,0.0
2019-03-13,20,0,173,0.0,0.0,0.0,0.0,0.0
2019-03-13,20,0,188,0.0,0.0,0.0,0.0,0.0
2019-03-13,20,0,190,0.0,0.0,0.0,0.0,0.0
2019-03-13,20,0,191,0.0,0.0,0.0,0.0,0.0
2019-03-13,20,0,192,0.0,0.0,0.0,0.0,0.0
2019-03-13,20,0,194,176.5,176.5,0.0,1402.327913,0.0
2019-03-13,20,0,196,0.0,0.0,0.0,0.0,0.0
2019-03-13,20,0,198,0.0,0.0,0.0,0.0,0.0
2019-03-13,20,0,199,130.0,130.0,0.0,1260.616696,0.0
2019-03-13,20,0,200,0.0,0.0,0.0,0.0,0.0
2019-03-13,20,0,204,465.33,465.33,0.0,5601.392715,0.0
2019-03-13,20,0,205,317.4,317.4,0.0,3844.668437,0.0
2019-03-13,20,0,206,868.95,868.95,0.0,9578.427278,0.0
2019-03-13,20,0,210,0.0,0.0,0.0,0.0,0.0
2019-03-13,20,0,214,0.0,0.0,0.0,0.0,0.0
2019-03-13,20,0,217,0.0,0.0,0.0,0.0,0.0
2019-03-13,20,0,218,0.0,0.0,0.0,0.0,0.0
2019-03-13,20,0,219,0.0,0.0,0.0,0.0,0.0
2019-03-13,20,0,221,0.0,0.0,0.0,0.0,0.0
2019-03-13,20,0,225,0.0,0.0,0.0,0.0,0.0
2019-03-13,20,0,233,0.0,0.0,0.0,0.0,0.0
2019-03-13,20,0,236,7.55,7.55,0.0,101.030994,0.0
2019-03-13,20,0,237,28.57,28.57,0.0,370.693727,0.0
2019-03-13,20,0,238,0.0,0.0,0.0,0.0,0.0
2019-03-13,20,0,240,0.0,0.0,0.0,0.0,0.0
2019-03-13,20,0,245,7.2,7.2,0.0,99.994989,0.0
2019-03-13,20,0,247,0.0,0.0,0.0,0.0,0.0
2019-03-13,20,0,248,2.87,2.87,0.0,37.238047,0.0
2019-03-13,20,0,249,13.84,13.84,0.0,192.212589,0.0
2019-03-13,20,0,251,0.0,0.0,0.0,0.0,0.0
2019-03-13,20,0,252,0.0,0.0,0.0,0.0,0.0
2019-03-13,20,0,254,0.0,0.0,0.0,0.0,0.0
2019-03-13,20,0,255,0.0,0.0,0.0,0.0,0.0
2019-03-13,20,0,258,0.0,0.0,0.0,0.0,0.0
2019-03-13,20,0,260,0.0,0.0,0.0,0.0,0.0
2019-03-13,20,0,265,0.0,0.0,0.0,0.0,0.0
2019-03-13,20,0,266,49.35,49.35,0.0,580.9277,0.0
2019-03-13,20,0,267,62.41,62.41,0.0,734.664595,0.0
2019-03-13,20,0,270,0.0,0.0,0.0,0.0,0.0
2019-03-13,20,0,272,150.39,150.39,0.0,1401.226152,0.0
2019-03-13,20,0,273,0.0,0.0,0.0,0.0,0.0
2019-03-13,20,0,274,0.0,0.0,0.0,0.0,0.0
2019-03-13,20,0,275,0.0,0.0,0.0,0.0,0.0
2019-03-13,20,0,276,0.0,0.0,0.0,0.0,0.0
2019-03-13,20,0,277,0.0,0.0,0.0,0.0,0.0
2019-03-13,20,0,278,0.0,0.0,0.0,0.0,0.0
2019-03-13,20,0,279,651.99,651.99,0.0,6208.867089,0.0
2019-03-13,20,0,281,0.0,0.0,0.0,0.0,0.0
2019-03-13,20,0,282,0.0,0.0,0.0,0.0,0.0
2019-03-13,21,0,9,0.0,0.0,0.0,0.0,0.0
2019-03-13,21,0,17,0.0,0.0,0.0,0.0,0.0
2019-03-13,21,0,19,515.19,515.19,0.0,5210.458522,0.0
2019-03-13,21,0,20,624.83,624.83,0.0,6319.320635,0.0
2019-03-13,21,0,21,0.0,0.0,0.0,0.0,0.0
2019-03-13,21,0,22,0.0,0.0,0.0,0.0,0.0
2019-03-13,21,0,23,0.0,0.0,0.0,0.0,0.0
2019-03-13,21,0,24,0.0,0.0,0.0,0.0,0.0
2019-03-13,21,0,29,0.0,0.0,0.0,0.0,0.0
2019-03-13,21,0,30,0.0,0.0,0.0,0.0,0.0
2019-03-13,21,0,31,0.0,0.0,0.0,0.0,0.0
2019-03-13,21,0,32,0.0,0.0,0.0,0.0,0.0
2019-03-13,21,0,33,0.0,0.0,0.0,0.0,0.0
2019-03-13,21,0,34,0.0,0.0,0.0,0.0,0.0
2019-03-13,21,0,35,0.0,0.0,0.0,0.0,0.0
2019-03-13,21,0,36,0.0,0.0,0.0,0.0,0.0
2019-03-13,21,0,37,0.0,0.0,0.0,0.0,0.0
2019-03-13,21,0,38,0.0,0.0,0.0,0.0,0.0
2019-03-13,21,0,39,0.0,0.0,0.0,0.0,0.0
2019-03-13,21,0,40,0.0,0.0,0.0,0.0,0.0
2019-03-13,21,0,41,111.37,111.37,0.0,1006.235575,0.0
2019-03-13,21,0,42,0.0,0.0,0.0,0.0,0.0
2019-03-13,21,0,43,0.0,0.0,0.0,0.0,0.0
2019-03-13,21,0,46,0.0,0.0,0.0,0.0,0.0
2019-03-13,21,0,52,0.0,0.0,0.0,0.0,0.0
2019-03-13,21,0,53,0.0,0.0,0.0,0.0,0.0
2019-03-13,21,0,55,0.0,0.0,0.0,0.0,0.0
2019-03-13,21,0,56,0.0,0.0,0.0,0.0,0.0
2019-03-13,21,0,57,0.0,0.0,0.0,0.0,0.0
2019-03-13,21,0,58,0.0,0.0,0.0,0.0,0.0
2019-03-13,21,0,59,0.0,0.0,0.0,0.0,0.0
2019-03-13,21,0,63,170.0,170.0,0.0,1991.396047,0.0
2019-03-13,21,0,64,200.0,200.0,0.0,2342.818879,0.0
2019-03-13,21,0,65,2.02,2.02,0.0,20.39981,0.0
2019-03-13,21,0,67,0.0,0.0,0.0,0.0,0.0
2019-03-13,21,0,68,0.0,0.0,0.0,0.0,0.0
2019-03-13,21,0,69,0.0,0.0,0.0,0.0,0.0
2019-03-13,21,0,74,7.95,7.95,0.0,77.102741,0.0
2019-03-13,21,0,77,0.0,0.0,0.0,0.0,0.0
2019-03-13,21,0,78,0.0,0.0,0.0,0.0,0.0
2019-03-13,21,0,79,0.0,0.0,0.0,0.0,0.0
2019-03-13,21,0,80,0.0,0.0,0.0,0.0,0.0
2019-03-13,21,0,81,0.0,0.0,0.0,0.0,0.0
2019-03-13,21,0,82,0.0,0.0,0.0,0.0,0.0
2019-03-13,21,0,83,0.0,0.0,0.0,0.0,0.0
2019-03-13,21,0,84,0.0,0.0,0.0,0.0,0.0
2019-03-13,21,0,86,0.0,0.0,0.0,0.0,0.0
2019-03-13,21,0,87,0.0,0.0,0.0,0.0,0.0
2019-03-13,21,0,88,170.6,170.6,0.0,1348.993641,0.0
2019-03-13,21,0,89,164.0,164.0,0.0,1296.805142,0.0
2019-03-13,21,0,90,220.2,220.2,0.0,1741.198123,0.0
2019-03-13,21,0,91,785.5,785.5,0.0,6211.222188,0.0
2019-03-13,21,0,92,282.5,282.5,0.0,2233.82593,0.0
2019-03-13,21,0,95,120.0,120.0,0.0,1398.403606,0.0
2019-03-13,21,0,96,29.88,29.88,0.0,257.142514,0.0
2019-03-13,21,0,97,183.75,183.75,0.0,1581.323193,0.0
2019-03-13,21,0,99,1.53,1.53,0.0,14.838641,0.0
2019-03-13,21,0,101,0.0,0.0,0.0,0.0,0.0
2019-03-13,21,0,102,0.0,0.0,0.0,0.0,0.0
2019-03-13,21,0,103,0.0,0.0,0.0,0.0,0.0
2019-03-13,21,0,104,0.0,0.0,0.0,0.0,0.0
2019-03-13,21,0,106,0.0,0.0,0.0,0.0,0.0
2019-03-13,21,0,109,83.6,83.6,0.0,773.209895,0.0
2019-03-13,21,0,110,0.0,0.0,0.0,0.0,0.0
2019-03-13,21,0,111,0.0,0.0,0.0,0.0,0.0
2019-03-13,21,0,113,84.18,84.18,0.0,642.811319,0.0
2019-03-13,21,0,115,84.18,84.18,0.0,642.811319,0.0
2019-03-13,21,0,116,0.0,0.0,0.0,0.0,0.0
2019-03-13,21,0,117,5.66,5.66,0.0,43.220623,0.0
2019-03-13,21,0,119,200.0,200.0,0.0,2342.818879,0.0
2019-03-13,21,0,120,117.6,117.6,0.0,1377.577501,0.0
2019-03-13,21,0,123,0.0,0.0,0.0,0.0,0.0
2019-03-13,21,0,125,0.0,0.0,0.0,0.0,0.0
2019-03-13,21,0,126,0.0,0.0,0.0,0.0,0.0
2019-03-13,21,0,127,0.0,0.0,0.0,0.0,0.0
2019-03-13,21,0,128,0.0,0.0,0.0,0.0,0.0
2019-03-13,21,0,131,0.0,0.0,0.0,0.0,0.0
2019-03-13,21,0,132,0.0,0.0,0.0,0.0,0.0
2019-03-13,21,0,133,29.16,29.16,0.0,294.954958,0.0
2019-03-13,21,0,134,0.0,0.0,0.0,0.0,0.0
2019-03-13,21,0,135,37.92,37.92,0.0,383.562826,0.0
2019-03-13,21,0,136,13.59,13.59,0.0,137.233265,0.0
2019-03-13,21,0,139,146.7,146.7,0.0,1325.444544,0.0
2019-03-13,21,0,140,0.0,0.0,0.0,0.0,0.0
2019-03-13,21,0,141,0.0,0.0,0.0,0.0,0.0
2019-03-13,21,0,142,0.0,0.0,0.0,0.0,0.0
2019-03-13,21,0,143,0.0,0.0,0.0,0.0,0.0
2019-03-13,21,0,145,30.0,30.0,0.0,265.497381,0.0
2019-03-13,21,0,146,0.0,0.0,0.0,0.0,0.0
2019-03-13,21,0,152,0.0,0.0,0.0,0.0,0.0
2019-03-13,21,0,153,0.0,0.0,0.0,0.0,0.0
2019-03-13,21,0,154,0.0,0.0,0.0,0.0,0.0
2019-03-13,21,0,157,0.0,0.0,0.0,0.0,0.0
2019-03-13,21,0,158,0.0,0.0,0.0,0.0,0.0
2019-03-13,21,0,159,0.0,0.0,0.0,0.0,0.0
2019-03-13,21,0,160,0.0,0.0,0.0,0.0,0.0
2019-03-13,21,0,161,0.0,0.0,0.0,0.0,0.0
2019-03-13,21,0,162,162.5,162.5,0.0,1894.053281,0.0
2019-03-13,21,0,163,0.0,0.0,0.0,0.0,0.0
2019-03-13,21,0,164,0.0,0.0,0.0,0.0,0.0
2019-03-13,21,0,167,0.0,0.0,0.0,0.0,0.0
2019-03-13,21,0,168,0.0,0.0,0.0,0.0,0.0
2019-03-13,21,0,169,0.0,0.0,0.0,0.0,0.0
2019-03-13,21,0,170,0.0,0.0,0.0,0.0,0.0
2019-03-13,21,0,172,0.0,0.0,0.0,0.0,0.0
2019-03-13,21,0,173,0.0,0.0,0.0,0.0,0.0
2019-03-13,21,0,188,0.0,0.0,0.0,0.0,0.0
2019-03-13,21,0,190,0.0,0.0,0.0,0.0,0.0
2019-03-13,21,0,191,0.0,0.0,0.0,0.0,0.0
2019-03-13,21,0,192,332.6,332.6,0.0,3896.107795,0.0
2019-03-13,21,0,194,176.5,176.5,0.0,1229.629923,0.0
2019-03-13,21,0,196,0.0,0.0,0.0,0.0,0.0
2019-03-13,21,0,198,0.0,0.0,0.0,0.0,0.0
2019-03-13,21,0,199,130.0,130.0,0.0,1085.901112,0.0
2019-03-13,21,0,200,0.0,0.0,0.0,0.0,0.0
2019-03-13,21,0,204,841.64,841.64,0.0,7750.19082,0.0
2019-03-13,21,0,205,387.97,387.97,0.0,3588.304343,0.0
2019-03-13,21,0,206,539.94,539.94,0.0,4646.637523,0.0
2019-03-13,21,0,210,0.0,0.0,0.0,0.0,0.0
2019-03-13,21,0,214,0.0,0.0,0.0,0.0,0.0
2019-03-13,21,0,217,0.0,0.0,0.0,0.0,0.0
2019-03-13,21,0,218,0.0,0.0,0.0,0.0,0.0
2019-03-13,21,0,219,0.0,0.0,0.0,0.0,0.0
2019-03-13,21,0,221,0.0,0.0,0.0,0.0,0.0
2019-03-13,21,0,225,0.0,0.0,0.0,0.0,0.0
2019-03-13,21,0,233,0.0,0.0,0.0,0.0,0.0
2019-03-13,21,0,236,9.01,9.01,0.0,89.285676,0.0
2019-03-13,21,0,237,19.06,19.06,0.0,184.852609,0.0
2019-03-13,21,0,238,0.0,0.0,0.0,0.0,0.0
2019-03-13,21,0,240,0.0,0.0,0.0,0.0,0.0
2019-03-13,21,0,245,27.32,27.32,0.0,277.786933,0.0
2019-03-13,21,0,247,6.35,6.35,0.0,64.566143,0.0
2019-03-13,21,0,248,1.91,1.91,0.0,18.524055,0.0
2019-03-13,21,0,249,52.55,52.55,0.0,534.322962,0.0
2019-03-13,21,0,251,7.18,7.18,0.0,72.336362,0.0
2019-03-13,21,0,252,13.0,13.0,0.0,131.285908,0.0
2019-03-13,21,0,254,0.0,0.0,0.0,0.0,0.0
2019-03-13,21,0,255,0.0,0.0,0.0,0.0,0.0
2019-03-13,21,0,258,0.0,0.0,0.0,0.0,0.0
2019-03-13,21,0,260,0.0,0.0,0.0,0.0,0.0
2019-03-13,21,0,265,0.0,0.0,0.0,0.0,0.0
2019-03-13,21,0,266,91.87,91.87,0.0,830.05174,0.0
2019-03-13,21,0,267,114.69,114.69,0.0,1036.232002,0.0
2019-03-13,21,0,270,0.0,0.0,0.0,0.0,0.0
2019-03-13,21,0,272,281.15,281.15,0.0,2146.904281,0.0
2019-03-13,21,0,273,0.0,0.0,0.0,0.0,0.0
2019-03-13,21,0,274,0.0,0.0,0.0,0.0,0.0
2019-03-13,21,0,275,0.0,0.0,0.0,0.0,0.0
2019-03-13,21,0,276,0.0,0.0,0.0,0.0,0.0
2019-03-13,21,0,277,0.0,0.0,0.0,0.0,0.0
2019-03-13,21,0,278,0.0,0.0,0.0,0.0,0.0
2019-03-13,21,0,279,651.69,651.69,0.0,5047.260413,0.0
2019-03-13,21,0,281,0.0,0.0,0.0,0.0,0.0
2019-03-13,21,0,282,0.0,0.0,0.0,0.0,0.0
2019-03-13,22,0,9,0.0,0.0,0.0,0.0,0.0
2019-03-13,22,0,17,0.0,0.0,0.0,0.0,0.0
2019-03-13,22,0,19,596.91,596.91,0.0,3957.728126,0.0
2019-03-13,22,0,20,723.94,723.94,0.0,4799.982743,0.0
2019-03-13,22,0,21,0.0,0.0,0.0,0.0,0.0
2019-03-13,22,0,22,0.0,0.0,0.0,0.0,0.0
2019-03-13,22,0,23,0.0,0.0,0.0,0.0,0.0
2019-03-13,22,0,24,0.0,0.0,0.0,0.0,0.0
2019-03-13,22,0,29,0.0,0.0,0.0,0.0,0.0
2019-03-13,22,0,30,0.0,0.0,0.0,0.0,0.0
2019-03-13,22,0,31,0.0,0.0,0.0,0.0,0.0
2019-03-13,22,0,32,0.0,0.0,0.0,0.0,0.0
2019-03-13,22,0,33,0.0,0.0,0.0,0.0,0.0
2019-03-13,22,0,34,0.0,0.0,0.0,0.0,0.0
2019-03-13,22,0,35,0.0,0.0,0.0,0.0,0.0
2019-03-13,22,0,36,0.0,0.0,0.0,0.0,0.0
2019-03-13,22,0,37,0.0,0.0,0.0,0.0,0.0
2019-03-13,22,0,38,0.0,0.0,0.0,0.0,0.0
2019-03-13,22,0,39,0.0,0.0,0.0,0.0,0.0
2019-03-13,22,0,40,0.0,0.0,0.0,0.0,0.0
2019-03-13,22,0,41,82.38,82.38,0.0,862.886703,0.0
2019-03-13,22,0,42,0.0,0.0,0.0,0.0,0.0
2019-03-13,22,0,43,0.0,0.0,0.0,0.0,0.0
2019-03-13,22,0,46,0.0,0.0,0.0,0.0,0.0
2019-03-13,22,0,52,0.0,0.0,0.0,0.0,0.0
2019-03-13,22,0,53,0.0,0.0,0.0,0.0,0.0
2019-03-13,22,0,55,0.0,0.0,0.0,0.0,0.0
2019-03-13,22,0,56,0.0,0.0,0.0,0.0,0.0
2019-03-13,22,0,57,0.0,0.0,0.0,0.0,0.0
2019-03-13,22,0,58,0.0,0.0,0.0,0.0,0.0
2019-03-13,22,0,59,0.0,0.0,0.0,0.0,0.0
2019-03-13,22,0,63,170.0,170.0,0.0,16632.755266,0.0
2019-03-13,22,0,64,200.0,200.0,0.0,19567.947372,0.0
2019-03-13,22,0,65,8.35,8.35,0.0,55.703212,0.0
2019-03-13,22,0,67,0.0,0.0,0.0,-0.0,0.0
2019-03-13,22,0,68,0.0,0.0,0.0,-0.0,0.0
2019-03-13,22,0,69,0.0,0.0,0.0,0.0,0.0
2019-03-13,22,0,74,8.11,8.11,0.0,63.469843,0.0
2019-03-13,22,0,77,0.0,0.0,0.0,-0.0,0.0
2019-03-13,22,0,78,0.0,0.0,0.0,-0.0,0.0
2019-03-13,22,0,79,0.0,0.0,0.0,-0.0,0.0
2019-03-13,22,0,80,0.0,0.0,0.0,-0.0,0.0
2019-03-13,22,0,81,0.0,0.0,0.0,-0.0,0.0
2019-03-13,22,0,82,0.0,0.0,0.0,-0.0,0.0
2019-03-13,22,0,83,0.0,0.0,0.0,-0.0,0.0
2019-03-13,22,0,84,0.0,0.0,0.0,0.0,0.0
2019-03-13,22,0,86,0.0,0.0,0.0,0.0,0.0
2019-03-13,22,0,87,0.0,0.0,0.0,0.0,0.0
2019-03-13,22,0,88,170.6,170.6,0.0,-51782.708751,0.0
2019-03-13,22,0,89,164.0,164.0,0.0,-49779.391766,0.0
2019-03-13,22,0,90,220.2,220.2,0.0,-66837.939432,0.0
2019-03-13,22,0,91,785.5,785.5,0.0,-238425.074585,0.0
2019-03-13,22,0,92,282.5,282.5,0.0,-85748.037645,0.0
2019-03-13,22,0,95,120.0,120.0,0.0,2903.595385,0.0
2019-03-13,22,0,96,29.88,29.88,0.0,371.853828,0.0
2019-03-13,22,0,97,183.75,183.75,0.0,2286.751705,0.0
2019-03-13,22,0,99,1.56,1.56,0.0,12.208749,0.0
2019-03-13,22,0,101,0.0,0.0,0.0,0.0,0.0
2019-03-13,22,0,102,0.0,0.0,0.0,-0.0,0.0
2019-03-13,22,0,103,0.0,0.0,0.0,-0.0,0.0
2019-03-13,22,0,104,0.0,0.0,0.0,-0.0,0.0
2019-03-13,22,0,106,0.0,0.0,0.0,0.0,0.0
2019-03-13,22,0,109,171.41,171.41,0.0,1580.836642,0.0
2019-03-13,22,0,110,0.0,0.0,0.0,-0.0,0.0
2019-03-13,22,0,111,0.0,0.0,0.0,0.0,0.0
2019-03-13,22,0,113,149.99,149.99,0.0,-41064.803404,0.0
2019-03-13,22,0,115,149.99,149.99,0.0,-41064.803404,0.0
2019-03-13,22,0,116,0.0,0.0,0.0,-0.0,0.0
2019-03-13,22,0,117,10.0,10.0,0.0,-2737.836083,0.0
2019-03-13,22,0,119,200.0,200.0,0.0,19567.947372,0.0
2019-03-13,22,0,120,117.6,117.6,0.0,11505.953055,0.0
2019-03-13,22,0,123,0.0,0.0,0.0,0.0,0.0
2019-03-13,22,0,125,0.0,0.0,0.0,0.0,0.0
2019-03-13,22,0,126,0.0,0.0,0.0,0.0,0.0
2019-03-13,22,0,127,0.0,0.0,0.0,0.0,0.0
2019-03-13,22,0,128,0.0,0.0,0.0,0.0,0.0
2019-03-13,22,0,131,0.0,0.0,0.0,-0.0,0.0
2019-03-13,22,0,132,0.0,0.0,0.0,-0.0,0.0
2019-03-13,22,0,133,62.14,62.14,0.0,411.772381,0.0
2019-03-13,22,0,134,0.0,0.0,0.0,0.0,0.0
2019-03-13,22,0,135,83.26,83.26,0.0,551.724629,0.0
2019-03-13,22,0,136,25.8,25.8,0.0,172.170542,0.0
2019-03-13,22,0,139,106.39,106.39,0.0,1114.378688,0.0
2019-03-13,22,0,140,0.0,0.0,0.0,-0.0,0.0
2019-03-13,22,0,141,0.0,0.0,0.0,-0.0,0.0
2019-03-13,22,0,142,0.0,0.0,0.0,-0.0,0.0
2019-03-13,22,0,143,0.0,0.0,0.0,0.0,0.0
2019-03-13,22,0,145,73.71,73.71,0.0,827.387007,0.0
2019-03-13,22,0,146,0.0,0.0,0.0,-0.0,0.0
2019-03-13,22,0,152,0.0,0.0,0.0,0.0,0.0
2019-03-13,22,0,153,0.0,0.0,0.0,0.0,0.0
2019-03-13,22,0,154,0.0,0.0,0.0,0.0,0.0
2019-03-13,22,0,157,250.0,250.0,0.0,-141032.652015,0.0
2019-03-13,22,0,158,0.0,0.0,0.0,-0.0,0.0
2019-03-13,22,0,159,0.0,0.0,0.0,0.0,0.0
2019-03-13,22,0,160,0.0,0.0,0.0,0.0,0.0
2019-03-13,22,0,161,0.0,0.0,0.0,-0.0,0.0
2019-03-13,22,0,162,96.21,96.21,0.0,2410.089458,0.0
2019-03-13,22,0,163,185.4,185.4,0.0,-185400.0,0.0
2019-03-13,22,0,164,0.0,0.0,0.0,0.0,0.0
2019-03-13,22,0,167,0.0,0.0,0.0,0.0,0.0
2019-03-13,22,0,168,0.0,0.0,0.0,0.0,0.0
2019-03-13,22,0,169,0.0,0.0,0.0,0.0,0.0
2019-03-13,22,0,170,0.0,0.0,0.0,0.0,0.0
2019-03-13,22,0,172,0.0,0.0,0.0,0.0,0.0
2019-03-13,22,0,173,0.0,0.0,0.0,0.0,0.0
2019-03-13,22,0,188,0.0,0.0,0.0,0.0,0.0
2019-03-13,22,0,190,0.0,0.0,0.0,0.0,0.0
2019-03-13,22,0,191,0.0,0.0,0.0,0.0,0.0
2019-03-13,22,0,192,332.6,332.6,0.0,10785.405497,0.0
2019-03-13,22,0,194,176.5,176.5,0.0,-24724.191145,0.0
2019-03-13,22,0,196,0.0,0.0,0.0,0.0,0.0
2019-03-13,22,0,198,0.0,0.0,0.0,0.0,0.0
2019-03-13,22,0,199,130.0,130.0,0.0,-5069.435658,0.0
2019-03-13,22,0,200,0.0,0.0,0.0,-0.0,0.0
2019-03-13,22,0,204,857.0,857.0,0.0,8026.734361,0.0
2019-03-13,22,0,205,852.76,852.76,0.0,7864.618486,0.0
2019-03-13,22,0,206,539.94,539.94,0.0,6719.503213,0.0
2019-03-13,22,0,210,0.0,0.0,0.0,0.0,0.0
2019-03-13,22,0,214,0.0,0.0,0.0,0.0,0.0
2019-03-13,22,0,217,0.0,0.0,0.0,0.0,0.0
2019-03-13,22,0,218,0.0,0.0,0.0,0.0,0.0
2019-03-13,22,0,219,0.0,0.0,0.0,0.0,0.0
2019-03-13,22,0,221,0.0,0.0,0.0,0.0,0.0
2019-03-13,22,0,225,0.0,0.0,0.0,0.0,0.0
2019-03-13,22,0,233,0.0,0.0,0.0,0.0,0.0
2019-03-13,22,0,236,17.92,17.92,0.0,128.763591,0.0
2019-03-13,22,0,237,19.44,19.44,0.0,152.139795,0.0
2019-03-13,22,0,238,0.0,0.0,0.0,0.0,0.0
2019-03-13,22,0,240,0.0,0.0,0.0,0.0,0.0
2019-03-13,22,0,245,50.58,50.58,0.0,327.796579,0.0
2019-03-13,22,0,247,26.26,26.26,0.0,170.184622,0.0
2019-03-13,22,0,248,1.95,1.95,0.0,15.260936,0.0
2019-03-13,22,0,249,97.26,97.26,0.0,630.318215,0.0
2019-03-13,22,0,251,92.65,92.65,0.0,624.260772,0.0
2019-03-13,22,0,252,53.87,53.87,0.0,359.369106,0.0
2019-03-13,22,0,254,0.0,0.0,0.0,0.0,0.0
2019-03-13,22,0,255,0.0,0.0,0.0,0.0,0.0
2019-03-13,22,0,258,0.0,0.0,0.0,0.0,0.0
2019-03-13,22,0,260,0.0,0.0,0.0,0.0,0.0
2019-03-13,22,0,265,0.0,0.0,0.0,0.0,0.0
2019-03-13,22,0,266,68.89,68.89,0.0,721.586125,0.0
2019-03-13,22,0,267,84.66,84.66,0.0,886.76849,0.0
2019-03-13,22,0,270,579.0,579.0,0.0,-579000.0,0.0
2019-03-13,22,0,272,501.3,501.3,0.0,-137247.722825,0.0
2019-03-13,22,0,273,0.0,0.0,0.0,-0.0,0.0
2019-03-13,22,0,274,746.4,746.4,0.0,-746400.0,0.0
2019-03-13,22,0,275,1039.0,1039.0,0.0,-1039000.0,0.0
2019-03-13,22,0,276,0.0,0.0,0.0,-0.0,0.0
2019-03-13,22,0,277,0.0,0.0,0.0,-0.0,0.0
2019-03-13,22,0,278,0.0,0.0,0.0,-0.0,0.0
2019-03-13,22,0,279,264.61,264.61,0.0,-75601.873937,0.0
2019-03-13,22,0,281,0.0,0.0,0.0,0.0,0.0
2019-03-13,22,0,282,0.0,0.0,0.0,0.0,0.0
2019-03-13,23,0,9,0.0,0.0,0.0,0.0,0.0
2019-03-13,23,0,17,0.0,0.0,0.0,0.0,0.0
2019-03-13,23,0,19,562.57,562.57,0.0,4002.030461,0.0
2019-03-13,23,0,20,682.3,682.3,0.0,4853.76999,0.0
2019-03-13,23,0,21,0.0,0.0,0.0,0.0,0.0
2019-03-13,23,0,22,0.0,0.0,0.0,0.0,0.0
2019-03-13,23,0,23,0.0,0.0,0.0,0.0,0.0
2019-03-13,23,0,24,0.0,0.0,0.0,0.0,0.0
2019-03-13,23,0,29,0.0,0.0,0.0,0.0,0.0
2019-03-13,23,0,30,0.0,0.0,0.0,0.0,0.0
2019-03-13,23,0,31,37.5,37.5,0.0,465.257435,0.0
2019-03-13,23,0,32,0.0,0.0,0.0,0.0,0.0
2019-03-13,23,0,33,0.0,0.0,0.0,0.0,0.0
2019-03-13,23,0,34,0.0,0.0,0.0,0.0,0.0
2019-03-13,23,0,35,0.0,0.0,0.0,0.0,0.0
2019-03-13,23,0,36,0.0,0.0,0.0,0.0,0.0
2019-03-13,23,0,37,0.0,0.0,0.0,0.0,0.0
2019-03-13,23,0,38,0.0,0.0,0.0,0.0,0.0
2019-03-13,23,0,39,0.0,0.0,0.0,0.0,0.0
2019-03-13,23,0,40,0.0,0.0,0.0,0.0,0.0
2019-03-13,23,0,41,71.84,71.84,0.0,764.104894,0.0
2019-03-13,23,0,42,0.0,0.0,0.0,0.0,0.0
2019-03-13,23,0,43,0.0,0.0,0.0,0.0,0.0
2019-03-13,23,0,46,0.0,0.0,0.0,0.0,0.0
2019-03-13,23,0,52,39.75,39.75,0.0,493.172882,0.0
2019-03-13,23,0,53,63.15,63.15,0.0,783.493521,0.0
2019-03-13,23,0,55,0.0,0.0,0.0,0.0,0.0
2019-03-13,23,0,56,0.0,0.0,0.0,0.0,0.0
2019-03-13,23,0,57,0.0,0.0,0.0,0.0,0.0
2019-03-13,23,0,58,0.0,0.0,0.0,0.0,0.0
2019-03-13,23,0,59,0.0,0.0,0.0,0.0,0.0
2019-03-13,23,0,63,170.0,170.0,0.0,16338.031399,0.0
2019-03-13,23,0,64,200.0,200.0,0.0,19221.21341,0.0
2019-03-13,23,0,65,7.75,7.75,0.0,55.421133,0.0
2019-03-13,23,0,67,0.0,0.0,0.0,-0.0,0.0
2019-03-13,23,0,68,0.0,0.0,0.0,-0.0,0.0
2019-03-13,23,0,69,0.0,0.0,0.0,0.0,0.0
2019-03-13,23,0,74,6.46,6.46,0.0,53.033469,0.0
2019-03-13,23,0,77,0.0,0.0,0.0,-0.0,0.0
2019-03-13,23,0,78,0.0,0.0,0.0,-0.0,0.0
2019-03-13,23,0,79,0.0,0.0,0.0,-0.0,0.0
2019-03-13,23,0,80,0.0,0.0,0.0,-0.0,0.0
2019-03-13,23,0,81,0.0,0.0,0.0,-0.0,0.0
2019-03-13,23,0,82,0.0,0.0,0.0,-0.0,0.0
2019-03-13,23,0,83,0.0,0.0,0.0,-0.0,0.0
2019-03-13,23,0,84,0.0,0.0,0.0,-0.0,0.0
2019-03-13,23,0,86,0.0,0.0,0.0,0.0,0.0
2019-03-13,23,0,87,0.0,0.0,0.0,0.0,0.0
2019-03-13,23,0,88,170.6,170.6,0.0,-52016.819431,0.0
2019-03-13,23,0,89,164.0,164.0,0.0,-50004.445409,0.0
2019-03-13,23,0,90,220.2,220.2,0.0,-67140.115116,0.0
2019-03-13,23,0,91,785.5,785.5,0.0,-239502.999199,0.0
2019-03-13,23,0,92,282.5,282.5,0.0,-86135.706268,0.0
2019-03-13,23,0,95,120.0,120.0,0.0,2989.33511,0.0
2019-03-13,23,0,96,29.88,29.88,0.0,371.75869,0.0
2019-03-13,23,0,97,183.75,183.75,0.0,2286.166641,0.0
2019-03-13,23,0,99,1.25,1.25,0.0,10.261894,0.0
2019-03-13,23,0,101,0.0,0.0,0.0,0.0,0.0
2019-03-13,23,0,102,0.0,0.0,0.0,-0.0,0.0
2019-03-13,23,0,103,0.0,0.0,0.0,-0.0,0.0
2019-03-13,23,0,104,0.0,0.0,0.0,-0.0,0.0
2019-03-13,23,0,106,0.0,0.0,0.0,0.0,0.0
2019-03-13,23,0,109,200.0,200.0,0.0,1897.812768,0.0
2019-03-13,23,0,110,338.6,338.6,0.0,-338600.0,0.0
2019-03-13,23,0,111,0.0,0.0,0.0,0.0,0.0
2019-03-13,23,0,113,150.0,150.0,0.0,-41291.750659,0.0
2019-03-13,23,0,115,150.0,150.0,0.0,-41291.750659,0.0
2019-03-13,23,0,116,0.0,0.0,0.0,-0.0,0.0
2019-03-13,23,0,117,10.0,10.0,0.0,-2752.783377,0.0
2019-03-13,23,0,119,200.0,200.0,0.0,19221.21341,0.0
2019-03-13,23,0,120,117.6,117.6,0.0,11302.073485,0.0
2019-03-13,23,0,123,0.0,0.0,0.0,0.0,0.0
2019-03-13,23,0,125,0.0,0.0,0.0,0.0,0.0
2019-03-13,23,0,126,0.0,0.0,0.0,0.0,0.0
2019-03-13,23,0,127,0.0,0.0,0.0,0.0,0.0
2019-03-13,23,0,128,0.0,0.0,0.0,0.0,0.0
2019-03-13,23,0,131,0.0,0.0,0.0,-0.0,0.0
2019-03-13,23,0,132,0.0,0.0,0.0,-0.0,0.0
2019-03-13,23,0,133,57.62,57.62,0.0,409.696831,0.0
2019-03-13,23,0,134,0.0,0.0,0.0,0.0,0.0
2019-03-13,23,0,135,77.21,77.21,0.0,548.988066,0.0
2019-03-13,23,0,136,25.96,25.96,0.0,185.696045,0.0
2019-03-13,23,0,139,92.77,92.77,0.0,986.720643,0.0
2019-03-13,23,0,140,250.6,250.6,0.0,-250600.0,0.0
2019-03-13,23,0,141,0.0,0.0,0.0,-0.0,0.0
2019-03-13,23,0,142,0.0,0.0,0.0,-0.0,0.0
2019-03-13,23,0,143,0.0,0.0,0.0,0.0,0.0
2019-03-13,23,0,145,30.0,30.0,0.0,339.714666,0.0
2019-03-13,23,0,146,268.0,268.0,0.0,-268000.0,0.0
2019-03-13,23,0,152,0.0,0.0,0.0,0.0,0.0
2019-03-13,23,0,153,0.0,0.0,0.0,0.0,0.0
2019-03-13,23,0,154,0.0,0.0,0.0,0.0,0.0
2019-03-13,23,0,157,250.0,250.0,0.0,-141250.356942,0.0
2019-03-13,23,0,158,0.0,0.0,0.0,-0.0,0.0
2019-03-13,23,0,159,0.0,0.0,0.0,0.0,0.0
2019-03-13,23,0,160,0.0,0.0,0.0,0.0,0.0
2019-03-13,23,0,161,0.0,0.0,0.0,-0.0,0.0
2019-03-13,23,0,162,48.75,48.75,0.0,1252.622081,0.0
2019-03-13,23,0,163,185.4,185.4,0.0,-185400.0,0.0
2019-03-13,23,0,164,0.0,0.0,0.0,0.0,0.0
2019-03-13,23,0,167,0.0,0.0,0.0,0.0,0.0
2019-03-13,23,0,168,0.0,0.0,0.0,0.0,0.0
2019-03-13,23,0,169,0.0,0.0,0.0,0.0,0.0
2019-03-13,23,0,170,0.0,0.0,0.0,0.0,0.0
2019-03-13,23,0,172,0.0,0.0,0.0,0.0,0.0
2019-03-13,23,0,173,0.0,0.0,0.0,0.0,0.0
2019-03-13,23,0,188,0.0,0.0,0.0,0.0,0.0
2019-03-13,23,0,190,0.0,0.0,0.0,0.0,0.0
2019-03-13,23,0,191,0.0,0.0,0.0,0.0,0.0
2019-03-13,23,0,192,332.6,332.6,0.0,10785.405497,0.0
2019-03-13,23,0,194,176.5,176.5,0.0,-25045.535495,0.0
2019-03-13,23,0,196,0.0,0.0,0.0,0.0,0.0
2019-03-13,23,0,198,0.0,0.0,0.0,0.0,0.0
2019-03-13,23,0,199,95.85,95.85,0.0,-3723.221665,0.0
2019-03-13,23,0,200,0.0,0.0,0.0,-0.0,0.0
2019-03-13,23,0,204,857.0,857.0,0.0,8244.844242,0.0
2019-03-13,23,0,205,1058.0,1058.0,0.0,10039.429542,0.0
2019-03-13,23,0,206,539.94,539.94,0.0,6717.784032,0.0
2019-03-13,23,0,210,0.0,0.0,0.0,0.0,0.0
2019-03-13,23,0,214,0.0,0.0,0.0,0.0,0.0
2019-03-13,23,0,217,0.0,0.0,0.0,0.0,0.0
2019-03-13,23,0,218,0.0,0.0,0.0,0.0,0.0
2019-03-13,23,0,219,0.0,0.0,0.0,0.0,0.0
2019-03-13,23,0,221,0.0,0.0,0.0,0.0,0.0
2019-03-13,23,0,225,0.0,0.0,0.0,0.0,0.0
2019-03-13,23,0,233,0.0,0.0,0.0,0.0,0.0
2019-03-13,23,0,236,17.05,17.05,0.0,129.963336,0.0
2019-03-13,23,0,237,15.49,15.49,0.0,127.165392,0.0
2019-03-13,23,0,238,0.0,0.0,0.0,0.0,0.0
2019-03-13,23,0,240,0.0,0.0,0.0,0.0,0.0
2019-03-13,23,0,245,41.82,41.82,0.0,291.767767,0.0
2019-03-13,23,0,247,19.82,19.82,0.0,138.279224,0.0
2019-03-13,23,0,248,1.56,1.56,0.0,12.806844,0.0
2019-03-13,23,0,249,80.41,80.41,0.0,561.000625,0.0
2019-03-13,23,0,251,38.16,38.16,0.0,275.222088,0.0
2019-03-13,23,0,252,50.01,50.01,0.0,357.627208,0.0
2019-03-13,23,0,254,0.0,0.0,0.0,0.0,0.0
2019-03-13,23,0,255,0.0,0.0,0.0,0.0,0.0
2019-03-13,23,0,258,0.0,0.0,0.0,0.0,0.0
2019-03-13,23,0,260,0.0,0.0,0.0,0.0,0.0
2019-03-13,23,0,265,0.0,0.0,0.0,0.0,0.0
2019-03-13,23,0,266,60.07,60.07,0.0,638.916773,0.0
2019-03-13,23,0,267,73.82,73.82,0.0,785.164578,0.0
2019-03-13,23,0,270,579.0,579.0,0.0,-579000.0,0.0
2019-03-13,23,0,272,501.3,501.3,0.0,-137997.030701,0.0
2019-03-13,23,0,273,0.0,0.0,0.0,-0.0,0.0
2019-03-13,23,0,274,746.4,746.4,0.0,-746400.0,0.0
2019-03-13,23,0,275,1039.0,1039.0,0.0,-1039000.0,0.0
2019-03-13,23,0,276,0.0,0.0,0.0,-0.0,0.0
2019-03-13,23,0,277,0.0,0.0,0.0,-0.0,0.0
2019-03-13,23,0,278,0.0,0.0,0.0,-0.0,0.0
2019-03-13,23,0,279,264.6,264.6,0.0,-75981.532333,0.0
2019-03-13,23,0,281,16.83,16.83,0.0,208.807537,0.0
2019-03-13,23,0,282,0.0,0.0,0.0,0.0,0.0
2019-03-14,0,0,9,0.0,0.0,0.0,0.0,0.0
2019-03-14,0,0,17,0.0,0.0,0.0,0.0,0.0
2019-03-14,0,0,19,530.23,530.23,0.0,8975.721803,0.0
2019-03-14,0,0,20,643.06,643.06,0.0,10885.705567,0.0
2019-03-14,0,0,21,0.0,0.0,0.0,0.0,0.0
2019-03-14,0,0,22,0.0,0.0,0.0,0.0,0.0
2019-03-14,0,0,23,0.0,0.0,0.0,0.0,0.0
2019-03-14,0,0,24,0.0,0.0,0.0,0.0,0.0
2019-03-14,0,0,29,0.0,0.0,0.0,0.0,0.0
2019-03-14,0,0,30,0.0,0.0,0.0,0.0,0.0
2019-03-14,0,0,31,37.5,37.5,0.0,465.257435,0.0
2019-03-14,0,0,32,0.0,0.0,0.0,0.0,0.0
2019-03-14,0,0,33,0.0,0.0,0.0,0.0,0.0
2019-03-14,0,0,34,0.0,0.0,0.0,0.0,0.0
2019-03-14,0,0,35,0.0,0.0,0.0,0.0,0.0
2019-03-14,0,0,36,0.0,0.0,0.0,0.0,0.0
2019-03-14,0,0,37,0.0,0.0,0.0,0.0,0.0
2019-03-14,0,0,38,0.0,0.0,0.0,0.0,0.0
2019-03-14,0,0,39,0.0,0.0,0.0,0.0,0.0
2019-03-14,0,0,40,0.0,0.0,0.0,0.0,0.0
2019-03-14,0,0,41,69.14,69.14,0.0,724.4255,0.0
2019-03-14,0,0,42,0.0,0.0,0.0,0.0,0.0
2019-03-14,0,0,43,0.0,0.0,0.0,0.0,0.0
2019-03-14,0,0,46,0.0,0.0,0.0,0.0,0.0
2019-03-14,0,0,52,39.75,39.75,0.0,493.172882,0.0
2019-03-14,0,0,53,63.15,63.15,0.0,783.493521,0.0
2019-03-14,0,0,55,0.0,0.0,0.0,0.0,0.0
2019-03-14,0,0,56,0.0,0.0,0.0,0.0,0.0
2019-03-14,0,0,57,0.0,0.0,0.0,0.0,0.0
2019-03-14,0,0,58,0.0,0.0,0.0,0.0,0.0
2019-03-14,0,0,59,0.0,0.0,0.0,0.0,0.0
2019-03-14,0,0,63,170.0,170.0,0.0,16187.680439,0.0
2019-03-14,0,0,64,200.0,200.0,0.0,19044.329928,0.0
2019-03-14,0,0,65,7.44,7.44,0.0,126.722149,0.0
2019-03-14,0,0,67,0.0,0.0,0.0,-0.0,0.0
2019-03-14,0,0,68,0.0,0.0,0.0,-0.0,0.0
2019-03-14,0,0,69,0.0,0.0,0.0,0.0,0.0
2019-03-14,0,0,74,5.08,5.08,0.0,67.65349,0.0
2019-03-14,0,0,77,0.0,0.0,0.0,-0.0,0.0
2019-03-14,0,0,78,0.0,0.0,0.0,-0.0,0.0
2019-03-14,0,0,79,0.0,0.0,0.0,-0.0,0.0
2019-03-14,0,0,80,0.0,0.0,0.0,-0.0,0.0
2019-03-14,0,0,81,0.0,0.0,0.0,-0.0,0.0
2019-03-14,0,0,82,0.0,0.0,0.0,-0.0,0.0
2019-03-14,0,0,83,0.0,0.0,0.0,-0.0,0.0
2019-03-14,0,0,84,0.0,0.0,0.0,-0.0,0.0
2019-03-14,0,0,86,0.0,0.0,0.0,0.0,0.0
2019-03-14,0,0,87,0.0,0.0,0.0,0.0,0.0
2019-03-14,0,0,88,170.6,170.6,0.0,-52137.636039,0.0
2019-03-14,0,0,89,164.0,164.0,0.0,-50120.587986,0.0
2019-03-14,0,0,90,220.2,220.2,0.0,-67296.057771,0.0
2019-03-14,0,0,91,785.5,785.5,0.0,-240059.279651,0.0
2019-03-14,0,0,92,282.5,282.5,0.0,-86335.768939,0.0
2019-03-14,0,0,95,67.44,67.44,0.0,1617.984417,0.0
2019-03-14,0,0,96,29.88,29.88,0.0,372.037724,0.0
2019-03-14,0,0,97,183.75,183.75,0.0,2287.882591,0.0
2019-03-14,0,0,99,0.98,0.98,0.0,13.051264,0.0
2019-03-14,0,0,101,0.0,0.0,0.0,0.0,0.0
2019-03-14,0,0,102,0.0,0.0,0.0,-0.0,0.0
2019-03-14,0,0,103,0.0,0.0,0.0,-0.0,0.0
2019-03-14,0,0,104,0.0,0.0,0.0,-0.0,0.0
2019-03-14,0,0,106,0.0,0.0,0.0,0.0,0.0
2019-03-14,0,0,109,200.0,200.0,0.0,1658.248761,0.0
2019-03-14,0,0,110,338.6,338.6,0.0,-338600.0,0.0
2019-03-14,0,0,111,0.0,0.0,0.0,0.0,0.0
2019-03-14,0,0,113,150.0,150.0,0.0,-41371.279991,0.0
2019-03-14,0,0,115,150.0,150.0,0.0,-41371.279991,0.0
2019-03-14,0,0,116,0.0,0.0,0.0,-0.0,0.0
2019-03-14,0,0,117,10.0,10.0,0.0,-2758.085333,0.0
2019-03-14,0,0,119,200.0,200.0,0.0,19044.329928,0.0
2019-03-14,0,0,120,117.6,117.6,0.0,11198.065998,0.0
2019-03-14,0,0,123,0.0,0.0,0.0,0.0,0.0
2019-03-14,0,0,125,0.0,0.0,0.0,0.0,0.0
2019-03-14,0,0,126,0.0,0.0,0.0,0.0,0.0
2019-03-14,0,0,127,0.0,0.0,0.0,0.0,0.0
2019-03-14,0,0,128,0.0,0.0,0.0,0.0,0.0
2019-03-14,0,0,131,0.0,0.0,0.0,-0.0,0.0
2019-03-14,0,0,132,0.0,0.0,0.0,-0.0,0.0
2019-03-14,0,0,133,53.65,53.65,0.0,907.657464,0.0
2019-03-14,0,0,134,0.0,0.0,0.0,0.0,0.0
2019-03-14,0,0,135,71.89,71.89,0.0,1216.244084,0.0
2019-03-14,0,0,136,26.35,26.35,0.0,448.958875,0.0
2019-03-14,0,0,139,89.28,89.28,0.0,935.445597,0.0
2019-03-14,0,0,140,250.6,250.6,0.0,-250600.0,0.0
2019-03-14,0,0,141,0.0,0.0,0.0,-0.0,0.0
2019-03-14,0,0,142,0.0,0.0,0.0,-0.0,0.0
2019-03-14,0,0,143,181.61,181.61,0.0,2253.210743,0.0
2019-03-14,0,0,145,30.0,30.0,0.0,328.42241,0.0
2019-03-14,0,0,146,268.0,268.0,0.0,-268000.0,0.0
2019-03-14,0,0,152,0.0,0.0,0.0,0.0,0.0
2019-03-14,0,0,153,0.0,0.0,0.0,0.0,0.0
2019-03-14,0,0,154,0.0,0.0,0.0,0.0,0.0
2019-03-14,0,0,157,250.0,250.0,0.0,-141351.364802,0.0
2019-03-14,0,0,158,0.0,0.0,0.0,-0.0,0.0
2019-03-14,0,0,159,0.0,0.0,0.0,0.0,0.0
2019-03-14,0,0,160,0.0,0.0,0.0,0.0,0.0
2019-03-14,0,0,161,0.0,0.0,0.0,-0.0,0.0
2019-03-14,0,0,162,48.75,48.75,0.0,1207.860561,0.0
2019-03-14,0,0,163,185.4,185.4,0.0,-185400.0,0.0
2019-03-14,0,0,164,0.0,0.0,0.0,0.0,0.0
2019-03-14,0,0,167,0.0,0.0,0.0,0.0,0.0
2019-03-14,0,0,168,0.0,0.0,0.0,0.0,0.0
2019-03-14,0,0,169,0.0,0.0,0.0,0.0,0.0
2019-03-14,0,0,170,0.0,0.0,0.0,0.0,0.0
2019-03-14,0,0,172,0.0,0.0,0.0,0.0,0.0
2019-03-14,0,0,173,0.0,0.0,0.0,0.0,0.0
2019-03-14,0,0,188,0.0,0.0,0.0,0.0,0.0
2019-03-14,0,0,190,0.0,0.0,0.0,0.0,0.0
2019-03-14,0,0,191,0.0,0.0,0.0,0.0,0.0
2019-03-14,0,0,192,332.6,332.6,0.0,10785.405497,0.0
2019-03-14,0,0,194,176.5,176.5,0.0,-25127.137845,0.0
2019-03-14,0,0,196,0.0,0.0,0.0,0.0,0.0
2019-03-14,0,0,198,0.0,0.0,0.0,0.0,0.0
2019-03-14,0,0,199,39.0,39.0,0.0,-1383.366879,0.0
2019-03-14,0,0,200,0.0,0.0,0.0,-0.0,0.0
2019-03-14,0,0,204,857.0,857.0,0.0,7394.431663,0.0
2019-03-14,0,0,205,1058.0,1058.0,0.0,8772.135947,0.0
2019-03-14,0,0,206,539.94,539.94,0.0,6722.826264,0.0
2019-03-14,0,0,210,0.0,0.0,0.0,0.0,0.0
2019-03-14,0,0,214,0.0,0.0,0.0,0.0,0.0
2019-03-14,0,0,217,0.0,0.0,0.0,0.0,0.0
2019-03-14,0,0,218,0.0,0.0,0.0,0.0,0.0
2019-03-14,0,0,219,0.0,0.0,0.0,0.0,0.0
2019-03-14,0,0,221,0.0,0.0,0.0,0.0,0.0
2019-03-14,0,0,225,0.0,0.0,0.0,0.0,0.0
2019-03-14,0,0,233,0.0,0.0,0.0,0.0,0.0
2019-03-14,0,0,236,16.36,16.36,0.0,317.134967,0.0
2019-03-14,0,0,237,12.19,12.19,0.0,162.341741,0.0
2019-03-14,0,0,238,0.0,0.0,0.0,0.0,0.0
2019-03-14,0,0,240,0.0,0.0,0.0,0.0,0.0
2019-03-14,0,0,245,21.94,21.94,0.0,362.963247,0.0
2019-03-14,0,0,247,14.84,14.84,0.0,245.504767,0.0
2019-03-14,0,0,248,1.22,1.22,0.0,16.247492,0.0
2019-03-14,0,0,249,41.11,41.11,0.0,680.101143,0.0
2019-03-14,0,0,251,34.04,34.04,0.0,585.632039,0.0
2019-03-14,0,0,252,48.0,48.0,0.0,817.562249,0.0
2019-03-14,0,0,254,0.0,0.0,0.0,0.0,0.0
2019-03-14,0,0,255,0.0,0.0,0.0,0.0,0.0
2019-03-14,0,0,258,0.0,0.0,0.0,0.0,0.0
2019-03-14,0,0,260,0.0,0.0,0.0,0.0,0.0
2019-03-14,0,0,265,0.0,0.0,0.0,0.0,0.0
2019-03-14,0,0,266,57.81,57.81,0.0,605.713597,0.0
2019-03-14,0,0,267,71.05,71.05,0.0,744.437833,0.0
2019-03-14,0,0,270,579.0,579.0,0.0,-579000.0,0.0
2019-03-14,0,0,272,501.3,501.3,0.0,-138262.81773,0.0
2019-03-14,0,0,273,0.0,0.0,0.0,-0.0,0.0
2019-03-14,0,0,274,746.4,746.4,0.0,-746400.0,0.0
2019-03-14,0,0,275,1039.0,1039.0,0.0,-1039000.0,0.0
2019-03-14,0,0,276,0.0,0.0,0.0,-0.0,0.0
2019-03-14,0,0,277,0.0,0.0,0.0,-0.0,0.0
2019-03-14,0,0,278,0.0,0.0,0.0,-0.0,0.0
2019-03-14,0,0,279,264.6,264.6,0.0,-76140.703778,0.0
2019-03-14,0,0,281,16.83,16.83,0.0,208.807537,0.0
2019-03-14,0,0,282,0.0,0.0,0.0,0.0,0.0
2019-03-14,1,0,9,0.0,0.0,0.0,-0.0,0.0
2019-03-14,1,0,17,0.0,0.0,0.0,0.0,0.0
2019-03-14,1,0,19,501.55,501.55,0.0,16991.85535,0.0
2019-03-14,1,0,20,608.28,608.28,0.0,20607.727589,0.0
2019-03-14,1,0,21,0.0,0.0,0.0,-0.0,0.0
2019-03-14,1,0,22,0.0,0.0,0.0,-0.0,0.0
2019-03-14,1,0,23,0.0,0.0,0.0,-0.0,0.0
2019-03-14,1,0,24,0.0,0.0,0.0,-0.0,0.0
2019-03-14,1,0,29,0.0,0.0,0.0,0.0,0.0
2019-03-14,1,0,30,0.0,0.0,0.0,-0.0,0.0
2019-03-14,1,0,31,84.11,84.11,0.0,-4344.360415,0.0
2019-03-14,1,0,32,0.0,0.0,0.0,0.0,0.0
2019-03-14,1,0,33,0.0,0.0,0.0,0.0,0.0
2019-03-14,1,0,34,0.0,0.0,0.0,0.0,0.0
2019-03-14,1,0,35,0.0,0.0,0.0,0.0,0.0
2019-03-14,1,0,36,0.0,0.0,0.0,0.0,0.0
2019-03-14,1,0,37,0.0,0.0,0.0,0.0,0.0
2019-03-14,1,0,38,0.0,0.0,0.0,0.0,0.0
2019-03-14,1,0,39,0.0,0.0,0.0,0.0,0.0
2019-03-14,1,0,40,0.0,0.0,0.0,0.0,0.0
2019-03-14,1,0,41,73.9,73.9,0.0,-1702.580174,0.0
2019-03-14,1,0,42,0.0,0.0,0.0,0.0,0.0
2019-03-14,1,0,43,0.0,0.0,0.0,0.0,0.0
2019-03-14,1,0,46,0.0,0.0,0.0,0.0,0.0
2019-03-14,1,0,52,89.55,89.55,0.0,-4625.341519,0.0
2019-03-14,1,0,53,146.38,146.38,0.0,-7560.664338,0.0
2019-03-14,1,0,55,0.0,0.0,0.0,-0.0,0.0
2019-03-14,1,0,56,0.0,0.0,0.0,-0.0,0.0
2019-03-14,1,0,57,0.0,0.0,0.0,-0.0,0.0
2019-03-14,1,0,58,0.0,0.0,0.0,-0.0,0.0
2019-03-14,1,0,59,0.0,0.0,0.0,-0.0,0.0
2019-03-14,1,0,63,170.0,170.0,0.0,62915.68649,0.0
2019-03-14,1,0,64,200.0,200.0,0.0,74018.454694,0.0
2019-03-14,1,0,65,7.34,7.34,0.0,244.248103,0.0
2019-03-14,1,0,67,0.0,0.0,0.0,-0.0,0.0
2019-03-14,1,0,68,0.0,0.0,0.0,-0.0,0.0
2019-03-14,1,0,69,0.0,0.0,0.0,0.0,0.0
2019-03-14,1,0,74,3.96,3.96,0.0,64.047806,0.0
2019-03-14,1,0,77,0.0,0.0,0.0,-0.0,0.0
2019-03-14,1,0,78,0.0,0.0,0.0,-0.0,0.0
2019-03-14,1,0,79,0.0,0.0,0.0,-0.0,0.0
2019-03-14,1,0,80,0.0,0.0,0.0,-0.0,0.0
2019-03-14,1,0,81,0.0,0.0,0.0,-0.0,0.0
2019-03-14,1,0,82,0.0,0.0,0.0,-0.0,0.0
2019-03-14,1,0,83,0.0,0.0,0.0,-0.0,0.0
2019-03-14,1,0,84,0.0,0.0,0.0,0.0,0.0
2019-03-14,1,0,86,0.0,0.0,0.0,0.0,0.0
2019-03-14,1,0,87,0.0,0.0,0.0,0.0,0.0
2019-03-14,1,0,88,0.0,0.0,0.0,-0.0,0.0
2019-03-14,1,0,89,0.0,0.0,0.0,-0.0,0.0
2019-03-14,1,0,90,0.0,0.0,0.0,-0.0,0.0
2019-03-14,1,0,91,0.0,0.0,0.0,-0.0,0.0
2019-03-14,1,0,92,0.0,0.0,0.0,-0.0,0.0
2019-03-14,1,0,95,88.63,88.63,0.0,2431.097556,0.0
2019-03-14,1,0,96,29.88,29.88,0.0,-1560.160598,0.0
2019-03-14,1,0,97,183.75,183.75,0.0,-9594.361109,0.0
2019-03-14,1,0,99,0.76,0.76,0.0,12.292003,0.0
2019-03-14,1,0,101,0.0,0.0,0.0,-0.0,0.0
2019-03-14,1,0,102,0.0,0.0,0.0,-0.0,0.0
2019-03-14,1,0,103,0.0,0.0,0.0,-0.0,0.0
2019-03-14,1,0,104,0.0,0.0,0.0,-0.0,0.0
2019-03-14,1,0,106,0.0,0.0,0.0,-0.0,0.0
2019-03-14,1,0,109,200.0,200.0,0.0,-900.486226,0.0
2019-03-14,1,0,110,338.6,338.6,0.0,-338600.0,0.0
2019-03-14,1,0,111,0.0,0.0,0.0,-0.0,0.0
2019-03-14,1,0,113,84.36,84.36,0.0,-6510.597933,0.0
2019-03-14,1,0,115,84.36,84.36,0.0,-6510.597933,0.0
2019-03-14,1,0,116,0.0,0.0,0.0,-0.0,0.0
2019-03-14,1,0,117,5.76,5.76,0.0,-444.535847,0.0
2019-03-14,1,0,119,200.0,200.0,0.0,74018.454694,0.0
2019-03-14,1,0,120,117.6,117.6,0.0,43522.85136,0.0
2019-03-14,1,0,123,0.0,0.0,0.0,-0.0,0.0
2019-03-14,1,0,125,0.0,0.0,0.0,-0.0,0.0
2019-03-14,1,0,126,0.0,0.0,0.0,-0.0,0.0
2019-03-14,1,0,127,0.0,0.0,0.0,-0.0,0.0
2019-03-14,1,0,128,0.0,0.0,0.0,-0.0,0.0
2019-03-14,1,0,131,0.0,0.0,0.0,-0.0,0.0
2019-03-14,1,0,132,0.0,0.0,0.0,-0.0,0.0
2019-03-14,1,0,133,49.97,49.97,0.0,1695.753936,0.0
2019-03-14,1,0,134,0.0,0.0,0.0,0.0,0.0
2019-03-14,1,0,135,66.95,66.95,0.0,2271.977708,0.0
2019-03-14,1,0,136,26.85,26.85,0.0,892.580966,0.0
2019-03-14,1,0,139,95.44,95.44,0.0,-2198.839673,0.0
2019-03-14,1,0,140,250.6,250.6,0.0,-250600.0,0.0
2019-03-14,1,0,141,0.0,0.0,0.0,-0.0,0.0
2019-03-14,1,0,142,0.0,0.0,0.0,-0.0,0.0
2019-03-14,1,0,143,238.49,238.49,0.0,-12318.232259,0.0
2019-03-14,1,0,145,30.0,30.0,0.0,-1024.504198,0.0
2019-03-14,1,0,146,268.0,268.0,0.0,-268000.0,0.0
2019-03-14,1,0,152,0.0,0.0,0.0,0.0,0.0
2019-03-14,1,0,153,0.0,0.0,0.0,0.0,0.0
2019-03-14,1,0,154,0.0,0.0,0.0,-0.0,0.0
2019-03-14,1,0,157,169.1,169.1,0.0,-74564.334692,0.0
2019-03-14,1,0,158,0.0,0.0,0.0,-0.0,0.0
2019-03-14,1,0,159,0.0,0.0,0.0,0.0,0.0
2019-03-14,1,0,160,0.0,0.0,0.0,0.0,0.0
2019-03-14,1,0,161,0.0,0.0,0.0,-0.0,0.0
2019-03-14,1,0,162,48.75,48.75,0.0,1376.995954,0.0
2019-03-14,1,0,163,185.4,185.4,0.0,-185400.0,0.0
2019-03-14,1,0,164,0.0,0.0,0.0,-0.0,0.0
2019-03-14,1,0,167,0.0,0.0,0.0,0.0,0.0
2019-03-14,1,0,168,0.0,0.0,0.0,0.0,0.0
2019-03-14,1,0,169,0.0,0.0,0.0,0.0,0.0
2019-03-14,1,0,170,0.0,0.0,0.0,0.0,0.0
2019-03-14,1,0,172,0.0,0.0,0.0,0.0,0.0
2019-03-14,1,0,173,0.0,0.0,0.0,0.0,0.0
2019-03-14,1,0,188,0.0,0.0,0.0,0.0,0.0
2019-03-14,1,0,190,0.0,0.0,0.0,0.0,0.0
2019-03-14,1,0,191,0.0,0.0,0.0,0.0,0.0
2019-03-14,1,0,192,332.6,332.6,0.0,12448.405497,0.0
2019-03-14,1,0,194,176.5,176.5,0.0,14602.688338,0.0
2019-03-14,1,0,196,0.0,0.0,0.0,0.0,0.0
2019-03-14,1,0,198,0.0,0.0,0.0,0.0,0.0
2019-03-14,1,0,199,95.96,95.96,0.0,10081.290955,0.0
2019-03-14,1,0,200,0.0,0.0,0.0,0.0,0.0
2019-03-14,1,0,204,857.0,857.0,0.0,-5679.9606,0.0
2019-03-14,1,0,205,1058.0,1058.0,0.0,-4763.572133,0.0
2019-03-14,1,0,206,539.94,539.94,0.0,-28192.540611,0.0
2019-03-14,1,0,210,0.0,0.0,0.0,0.0,0.0
2019-03-14,1,0,214,0.0,0.0,0.0,0.0,0.0
2019-03-14,1,0,217,0.0,0.0,0.0,0.0,0.0
2019-03-14,1,0,218,0.0,0.0,0.0,0.0,0.0
2019-03-14,1,0,219,0.0,0.0,0.0,0.0,0.0
2019-03-14,1,0,221,0.0,0.0,0.0,0.0,0.0
2019-03-14,1,0,225,0.0,0.0,0.0,0.0,0.0
2019-03-14,1,0,233,0.0,0.0,0.0,0.0,0.0
2019-03-14,1,0,236,15.64,15.64,0.0,401.314481,0.0
2019-03-14,1,0,237,9.49,9.49,0.0,153.488303,0.0
2019-03-14,1,0,238,0.0,0.0,0.0,0.0,0.0
2019-03-14,1,0,240,0.0,0.0,0.0,0.0,0.0
2019-03-14,1,0,245,8.65,8.65,0.0,312.211448,0.0
2019-03-14,1,0,247,11.36,11.36,0.0,410.025671,0.0
2019-03-14,1,0,248,0.95,0.95,0.0,15.365004,0.0
2019-03-14,1,0,249,16.64,16.64,0.0,600.600983,0.0
2019-03-14,1,0,251,32.32,32.32,0.0,1043.525632,0.0
2019-03-14,1,0,252,47.37,47.37,0.0,1576.298725,0.0
2019-03-14,1,0,254,0.0,0.0,0.0,0.0,0.0
2019-03-14,1,0,255,0.0,0.0,0.0,0.0,0.0
2019-03-14,1,0,258,0.0,0.0,0.0,0.0,0.0
2019-03-14,1,0,260,0.0,0.0,0.0,0.0,0.0
2019-03-14,1,0,265,0.0,0.0,0.0,-0.0,0.0
2019-03-14,1,0,266,61.8,61.8,0.0,-1423.80859,0.0
2019-03-14,1,0,267,75.94,75.94,0.0,-1749.579681,0.0
2019-03-14,1,0,270,579.0,579.0,0.0,-579000.0,0.0
2019-03-14,1,0,272,281.35,281.35,0.0,-21713.569563,0.0
2019-03-14,1,0,273,0.0,0.0,0.0,-0.0,0.0
2019-03-14,1,0,274,746.4,746.4,0.0,-746400.0,0.0
2019-03-14,1,0,275,1039.0,1039.0,0.0,-1039000.0,0.0
2019-03-14,1,0,276,0.0,0.0,0.0,-0.0,0.0
2019-03-14,1,0,277,0.0,0.0,0.0,-0.0,0.0
2019-03-14,1,0,278,0.0,0.0,0.0,-0.0,0.0
2019-03-14,1,0,279,0.0,0.0,0.0,-0.0,0.0
2019-03-14,1,0,281,34.73,34.73,0.0,-1793.837085,0.0
2019-03-14,1,0,282,0.0,0.0,0.0,-0.0,0.0
2019-03-14,2,0,9,0.0,0.0,0.0,0.0,0.0
2019-03-14,2,0,17,0.0,0.0,0.0,0.0,0.0
2019-03-14,2,0,19,503.49,503.49,0.0,2823.83058,0.0
2019-03-14,2,0,20,610.64,610.64,0.0,3424.782827,0.0
2019-03-14,2,0,21,0.0,0.0,0.0,0.0,0.0
2019-03-14,2,0,22,0.0,0.0,0.0,0.0,0.0
2019-03-14,2,0,23,108.8,108.8,0.0,640.306656,0.0
2019-03-14,2,0,24,192.5,192.5,0.0,1132.895508,0.0
2019-03-14,2,0,29,0.0,0.0,0.0,0.0,0.0
2019-03-14,2,0,30,0.0,0.0,0.0,0.0,0.0
2019-03-14,2,0,31,37.5,37.5,0.0,220.759721,0.0
2019-03-14,2,0,32,0.0,0.0,0.0,0.0,0.0
2019-03-14,2,0,33,0.0,0.0,0.0,0.0,0.0
2019-03-14,2,0,34,0.0,0.0,0.0,0.0,0.0
2019-03-14,2,0,35,0.0,0.0,0.0,0.0,0.0
2019-03-14,2,0,36,0.0,0.0,0.0,0.0,0.0
2019-03-14,2,0,37,0.0,0.0,0.0,0.0,0.0
2019-03-14,2,0,38,0.0,0.0,0.0,0.0,0.0
2019-03-14,2,0,39,0.0,0.0,0.0,0.0,0.0
2019-03-14,2,0,40,0.0,0.0,0.0,0.0,0.0
2019-03-14,2,0,41,56.91,56.91,0.0,329.724562,0.0
2019-03-14,2,0,42,0.0,0.0,0.0,0.0,0.0
2019-03-14,2,0,43,0.0,0.0,0.0,0.0,0.0
2019-03-14,2,0,46,0.0,0.0,0.0,0.0,0.0
2019-03-14,2,0,52,39.75,39.75,0.0,234.005304,0.0
2019-03-14,2,0,53,63.15,63.15,0.0,371.75937,0.0
2019-03-14,2,0,55,623.0,623.0,0.0,3666.461827,0.0
2019-03-14,2,0,56,0.0,0.0,0.0,0.0,0.0
2019-03-14,2,0,57,0.0,0.0,0.0,0.0,0.0
2019-03-14,2,0,58,0.0,0.0,0.0,0.0,0.0
2019-03-14,2,0,59,0.0,0.0,0.0,0.0,0.0
2019-03-14,2,0,63,170.0,170.0,0.0,15466.161392,0.0
2019-03-14,2,0,64,200.0,200.0,0.0,18195.483991,0.0
2019-03-14,2,0,65,7.29,7.29,0.0,40.90036,0.0
2019-03-14,2,0,67,0.0,0.0,0.0,-0.0,0.0
2019-03-14,2,0,68,10.2,10.2,0.0,-4327.744364,0.0
2019-03-14,2,0,69,0.0,0.0,0.0,0.0,0.0
2019-03-14,2,0,74,1.78,1.78,0.0,10.08574,0.0
2019-03-14,2,0,77,200.0,200.0,0.0,-61262.223148,0.0
2019-03-14,2,0,78,151.2,151.2,0.0,-46314.2407,0.0
2019-03-14,2,0,79,87.5,87.5,0.0,-26802.222627,0.0
2019-03-14,2,0,80,141.5,141.5,0.0,-43343.022877,0.0
2019-03-14,2,0,81,185.0,185.0,0.0,-56667.556412,0.0
2019-03-14,2,0,82,130.5,130.5,0.0,-39973.600604,0.0
2019-03-14,2,0,83,291.0,291.0,0.0,-89136.53468,0.0
2019-03-14,2,0,84,0.0,0.0,0.0,-0.0,0.0
2019-03-14,2,0,86,0.0,0.0,0.0,0.0,0.0
2019-03-14,2,0,87,0.0,0.0,0.0,0.0,0.0
2019-03-14,2,0,88,170.6,170.6,0.0,-52256.676345,0.0
2019-03-14,2,0,89,164.0,164.0,0.0,-50235.022981,0.0
2019-03-14,2,0,90,220.2,220.2,0.0,-67449.707686,0.0
2019-03-14,2,0,91,785.5,785.5,0.0,-240607.381412,0.0
2019-03-14,2,0,92,282.5,282.5,0.0,-86532.890196,0.0
2019-03-14,2,0,95,36.0,36.0,0.0,700.048073,0.0
2019-03-14,2,0,96,29.88,29.88,0.0,175.956132,0.0
2019-03-14,2,0,97,183.75,183.75,0.0,1082.059544,0.0
2019-03-14,2,0,99,0.34,0.34,0.0,1.92649,0.0
2019-03-14,2,0,101,0.0,0.0,0.0,0.0,0.0
2019-03-14,2,0,102,24.15,24.15,0.0,-10246.571215,0.0
2019-03-14,2,0,103,21.0,21.0,0.0,-8910.061926,0.0
2019-03-14,2,0,104,3.9,3.9,0.0,-1654.725786,0.0
2019-03-14,2,0,106,0.0,0.0,0.0,0.0,0.0
2019-03-14,2,0,109,180.19,180.19,0.0,1033.110393,0.0
2019-03-14,2,0,110,338.6,338.6,0.0,-338600.0,0.0
2019-03-14,2,0,111,0.0,0.0,0.0,0.0,0.0
2019-03-14,2,0,113,92.76,92.76,0.0,-25733.556744,0.0
2019-03-14,2,0,115,92.76,92.76,0.0,-25733.556744,0.0
2019-03-14,2,0,116,0.0,0.0,0.0,-0.0,0.0
2019-03-14,2,0,117,4.96,4.96,0.0,-1376.007346,0.0
2019-03-14,2,0,119,200.0,200.0,0.0,18195.483991,0.0
2019-03-14,2,0,120,117.6,117.6,0.0,10698.944587,0.0
2019-03-14,2,0,123,0.0,0.0,0.0,0.0,0.0
2019-03-14,2,0,125,174.2,174.2,0.0,1025.19687,0.0
2019-03-14,2,0,126,0.0,0.0,0.0,0.0,0.0
2019-03-14,2,0,127,0.0,0.0,0.0,0.0,0.0
2019-03-14,2,0,128,249.5,249.5,0.0,1468.350282,0.0
2019-03-14,2,0,131,30.0,30.0,0.0,-11593.189214,0.0
2019-03-14,2,0,132,44.1,44.1,0.0,-17041.988144,0.0
2019-03-14,2,0,133,55.23,55.23,0.0,309.74801,0.0
2019-03-14,2,0,134,0.0,0.0,0.0,0.0,0.0
2019-03-14,2,0,135,74.01,74.01,0.0,415.072429,0.0
2019-03-14,2,0,136,23.66,23.66,0.0,132.746375,0.0
2019-03-14,2,0,139,73.49,73.49,0.0,425.785592,0.0
2019-03-14,2,0,140,250.6,250.6,0.0,-250600.0,0.0
2019-03-14,2,0,141,230.0,230.0,0.0,-130181.971634,0.0
2019-03-14,2,0,142,0.0,0.0,0.0,-0.0,0.0
2019-03-14,2,0,143,135.14,135.14,0.0,795.559164,0.0
2019-03-14,2,0,145,30.0,30.0,0.0,174.898742,0.0
2019-03-14,2,0,146,268.0,268.0,0.0,-268000.0,0.0
2019-03-14,2,0,152,0.0,0.0,0.0,0.0,0.0
2019-03-14,2,0,153,0.0,0.0,0.0,0.0,0.0
2019-03-14,2,0,154,0.0,0.0,0.0,0.0,0.0
2019-03-14,2,0,157,94.19,94.19,0.0,-53312.347427,0.0
2019-03-14,2,0,158,0.0,0.0,0.0,-0.0,0.0
2019-03-14,2,0,159,0.0,0.0,0.0,0.0,0.0
2019-03-14,2,0,160,0.0,0.0,0.0,0.0,0.0
2019-03-14,2,0,161,0.0,0.0,0.0,-0.0,0.0
2019-03-14,2,0,162,48.75,48.75,0.0,986.6782,0.0
2019-03-14,2,0,163,185.4,185.4,0.0,-185400.0,0.0
2019-03-14,2,0,164,0.0,0.0,0.0,0.0,0.0
2019-03-14,2,0,167,0.0,0.0,0.0,0.0,0.0
2019-03-14,2,0,168,0.0,0.0,0.0,0.0,0.0
2019-03-14,2,0,169,0.0,0.0,0.0,0.0,0.0
2019-03-14,2,0,170,0.0,0.0,0.0,0.0,0.0
2019-03-14,2,0,172,0.0,0.0,0.0,0.0,0.0
2019-03-14,2,0,173,0.0,0.0,0.0,0.0,0.0
2019-03-14,2,0,188,0.0,0.0,0.0,0.0,0.0
2019-03-14,2,0,190,0.0,0.0,0.0,0.0,0.0
2019-03-14,2,0,191,0.0,0.0,0.0,0.0,0.0
2019-03-14,2,0,192,332.6,332.6,0.0,10785.405497,0.0
2019-03-14,2,0,194,176.5,176.5,0.0,-25588.185061,0.0
2019-03-14,2,0,196,0.0,0.0,0.0,0.0,0.0
2019-03-14,2,0,198,0.0,0.0,0.0,0.0,0.0
2019-03-14,2,0,199,39.0,39.0,0.0,-1460.093529,0.0
2019-03-14,2,0,200,0.0,0.0,0.0,-0.0,0.0
2019-03-14,2,0,204,726.83,726.83,0.0,4172.271941,0.0
2019-03-14,2,0,205,884.57,884.57,0.0,5071.63805,0.0
2019-03-14,2,0,206,539.94,539.94,0.0,3179.576764,0.0
2019-03-14,2,0,210,0.0,0.0,0.0,0.0,0.0
2019-03-14,2,0,214,0.0,0.0,0.0,0.0,0.0
2019-03-14,2,0,217,0.0,0.0,0.0,0.0,0.0
2019-03-14,2,0,218,0.0,0.0,0.0,0.0,0.0
2019-03-14,2,0,219,0.0,0.0,0.0,0.0,0.0
2019-03-14,2,0,221,0.0,0.0,0.0,0.0,0.0
2019-03-14,2,0,225,0.0,0.0,0.0,0.0,0.0
2019-03-14,2,0,233,0.0,0.0,0.0,0.0,0.0
2019-03-14,2,0,236,9.22,9.22,0.0,51.957175,0.0
2019-03-14,2,0,237,4.27,4.27,0.0,24.194444,0.0
2019-03-14,2,0,238,0.0,0.0,0.0,0.0,0.0
2019-03-14,2,0,240,0.0,0.0,0.0,0.0,0.0
2019-03-14,2,0,245,11.51,11.51,0.0,64.470999,0.0
2019-03-14,2,0,247,14.01,14.01,0.0,78.474257,0.0
2019-03-14,2,0,248,0.43,0.43,0.0,2.436443,0.0
2019-03-14,2,0,249,22.13,22.13,0.0,123.956839,0.0
2019-03-14,2,0,251,34.91,34.91,0.0,195.974055,0.0
2019-03-14,2,0,252,47.0,47.0,0.0,263.692305,0.0
2019-03-14,2,0,254,0.0,0.0,0.0,0.0,0.0
2019-03-14,2,0,255,0.0,0.0,0.0,0.0,0.0
2019-03-14,2,0,258,0.0,0.0,0.0,0.0,0.0
2019-03-14,2,0,260,0.0,0.0,0.0,0.0,0.0
2019-03-14,2,0,265,0.0,0.0,0.0,0.0,0.0
2019-03-14,2,0,266,47.59,47.59,0.0,275.726443,0.0
2019-03-14,2,0,267,58.48,58.48,0.0,338.820811,0.0
2019-03-14,2,0,270,579.0,579.0,0.0,-579000.0,0.0
2019-03-14,2,0,272,400.13,400.13,0.0,-111004.399095,0.0
2019-03-14,2,0,273,0.0,0.0,0.0,-0.0,0.0
2019-03-14,2,0,274,746.39,746.39,0.0,-746390.0,0.0
2019-03-14,2,0,275,1038.99,1038.99,0.0,-1038990.0,0.0
2019-03-14,2,0,276,0.0,0.0,0.0,-0.0,0.0
2019-03-14,2,0,277,0.0,0.0,0.0,-0.0,0.0
2019-03-14,2,0,278,0.0,0.0,0.0,-0.0,0.0
2019-03-14,2,0,279,264.6,264.6,0.0,-76470.303701,0.0
2019-03-14,2,0,281,16.83,16.83,0.0,99.076963,0.0
2019-03-14,2,0,282,0.0,0.0,0.0,0.0,0.0
2019-03-14,3,0,9,0.0,0.0,0.0,0.0,0.0
2019-03-14,3,0,17,0.0,0.0,0.0,0.0,0.0
2019-03-14,3,0,19,510.86,510.86,0.0,3283.329862,0.0
2019-03-14,3,0,20,619.57,619.57,0.0,3982.015979,0.0
2019-03-14,3,0,21,0.0,0.0,0.0,0.0,0.0
2019-03-14,3,0,22,0.0,0.0,0.0,0.0,0.0
2019-03-14,3,0,23,108.8,108.8,0.0,1063.975387,0.0
2019-03-14,3,0,24,192.5,192.5,0.0,1882.493217,0.0
2019-03-14,3,0,29,0.0,0.0,0.0,0.0,0.0
2019-03-14,3,0,30,0.0,0.0,0.0,0.0,0.0
2019-03-14,3,0,31,37.5,37.5,0.0,367.516609,0.0
2019-03-14,3,0,32,0.0,0.0,0.0,0.0,0.0
2019-03-14,3,0,33,0.0,0.0,0.0,0.0,0.0
2019-03-14,3,0,34,0.0,0.0,0.0,0.0,0.0
2019-03-14,3,0,35,0.0,0.0,0.0,0.0,0.0
2019-03-14,3,0,36,0.0,0.0,0.0,0.0,0.0
2019-03-14,3,0,37,0.0,0.0,0.0,0.0,0.0
2019-03-14,3,0,38,0.0,0.0,0.0,0.0,0.0
2019-03-14,3,0,39,0.0,0.0,0.0,0.0,0.0
2019-03-14,3,0,40,0.0,0.0,0.0,0.0,0.0
2019-03-14,3,0,41,55.85,55.85,0.0,484.328783,0.0
2019-03-14,3,0,42,0.0,0.0,0.0,0.0,0.0
2019-03-14,3,0,43,0.0,0.0,0.0,0.0,0.0
2019-03-14,3,0,46,0.0,0.0,0.0,0.0,0.0
2019-03-14,3,0,52,39.75,39.75,0.0,389.567606,0.0
2019-03-14,3,0,53,63.15,63.15,0.0,618.89797,0.0
2019-03-14,3,0,55,623.0,623.0,0.0,6092.432594,0.0
2019-03-14,3,0,56,0.0,0.0,0.0,0.0,0.0
2019-03-14,3,0,57,0.0,0.0,0.0,0.0,0.0
2019-03-14,3,0,58,0.0,0.0,0.0,0.0,0.0
2019-03-14,3,0,59,0.0,0.0,0.0,0.0,0.0
2019-03-14,3,0,63,170.0,170.0,0.0,16352.095995,0.0
2019-03-14,3,0,64,200.0,200.0,0.0,19237.759995,0.0
2019-03-14,3,0,65,7.22,7.22,0.0,46.574937,0.0
2019-03-14,3,0,67,0.0,0.0,0.0,-0.0,0.0
2019-03-14,3,0,68,10.2,10.2,0.0,-4309.286708,0.0
2019-03-14,3,0,69,0.0,0.0,0.0,0.0,0.0
2019-03-14,3,0,74,1.86,1.86,0.0,13.253184,0.0
2019-03-14,3,0,77,200.0,200.0,0.0,-60851.302161,0.0
2019-03-14,3,0,78,151.2,151.2,0.0,-46003.584434,0.0
2019-03-14,3,0,79,87.5,87.5,0.0,-26622.444695,0.0
2019-03-14,3,0,80,141.5,141.5,0.0,-43052.296279,0.0
2019-03-14,3,0,81,185.0,185.0,0.0,-56287.454499,0.0
2019-03-14,3,0,82,130.5,130.5,0.0,-39705.47466,0.0
2019-03-14,3,0,83,291.0,291.0,0.0,-88538.644644,0.0
2019-03-14,3,0,84,0.0,0.0,0.0,-0.0,0.0
2019-03-14,3,0,86,0.0,0.0,0.0,0.0,0.0
2019-03-14,3,0,87,0.0,0.0,0.0,0.0,0.0
2019-03-14,3,0,88,170.6,170.6,0.0,-51906.160743,0.0
2019-03-14,3,0,89,164.0,164.0,0.0,-49898.067772,0.0
2019-03-14,3,0,90,220.2,220.2,0.0,-66997.283679,0.0
2019-03-14,3,0,91,785.5,785.5,0.0,-238993.489237,0.0
2019-03-14,3,0,92,282.5,282.5,0.0,-85952.464302,0.0
2019-03-14,3,0,95,36.0,36.0,0.0,894.713699,0.0
2019-03-14,3,0,96,29.88,29.88,0.0,293.501049,0.0
2019-03-14,3,0,97,183.75,183.75,0.0,1804.913582,0.0
2019-03-14,3,0,99,0.36,0.36,0.0,2.565132,0.0
2019-03-14,3,0,101,0.0,0.0,0.0,0.0,0.0
2019-03-14,3,0,102,24.15,24.15,0.0,-10202.869999,0.0
2019-03-14,3,0,103,21.0,21.0,0.0,-8872.060869,0.0
2019-03-14,3,0,104,3.9,3.9,0.0,-1647.668447,0.0
2019-03-14,3,0,106,0.0,0.0,0.0,0.0,0.0
2019-03-14,3,0,109,151.29,151.29,0.0,1201.372081,0.0
2019-03-14,3,0,110,338.6,338.6,0.0,-338600.0,0.0
2019-03-14,3,0,111,0.0,0.0,0.0,0.0,0.0
2019-03-14,3,0,113,78.82,78.82,0.0,-21664.645147,0.0
2019-03-14,3,0,115,78.82,78.82,0.0,-21664.645147,0.0
2019-03-14,3,0,116,0.0,0.0,0.0,-0.0,0.0
2019-03-14,3,0,117,4.05,4.05,0.0,-1113.192246,0.0
2019-03-14,3,0,119,200.0,200.0,0.0,19237.759995,0.0
2019-03-14,3,0,120,117.6,117.6,0.0,11311.802877,0.0
2019-03-14,3,0,123,0.0,0.0,0.0,0.0,0.0
2019-03-14,3,0,125,174.2,174.2,0.0,1703.534122,0.0
2019-03-14,3,0,126,0.0,0.0,0.0,0.0,0.0
2019-03-14,3,0,127,0.0,0.0,0.0,0.0,0.0
2019-03-14,3,0,128,249.5,249.5,0.0,2439.906793,0.0
2019-03-14,3,0,131,30.0,30.0,0.0,-11535.332981,0.0
2019-03-14,3,0,132,44.1,44.1,0.0,-16956.939483,0.0
2019-03-14,3,0,133,34.38,34.38,0.0,220.8855,0.0
2019-03-14,3,0,134,0.0,0.0,0.0,0.0,0.0
2019-03-14,3,0,135,46.01,46.01,0.0,295.606221,0.0
2019-03-14,3,0,136,20.78,20.78,0.0,134.075191,0.0
2019-03-14,3,0,139,72.12,72.12,0.0,625.421519,0.0
2019-03-14,3,0,140,250.6,250.6,0.0,-250600.0,0.0
2019-03-14,3,0,141,230.0,230.0,0.0,-129868.223906,0.0
2019-03-14,3,0,142,0.0,0.0,0.0,-0.0,0.0
2019-03-14,3,0,143,71.55,71.55,0.0,701.22169,0.0
2019-03-14,3,0,145,30.0,30.0,0.0,273.305787,0.0
2019-03-14,3,0,146,268.0,268.0,0.0,-268000.0,0.0
2019-03-14,3,0,152,0.0,0.0,0.0,0.0,0.0
2019-03-14,3,0,153,0.0,0.0,0.0,0.0,0.0
2019-03-14,3,0,154,0.0,0.0,0.0,0.0,0.0
2019-03-14,3,0,157,48.97,48.97,0.0,-27650.638803,0.0
2019-03-14,3,0,158,0.0,0.0,0.0,-0.0,0.0
2019-03-14,3,0,159,0.0,0.0,0.0,0.0,0.0
2019-03-14,3,0,160,0.0,0.0,0.0,0.0,0.0
2019-03-14,3,0,161,0.0,0.0,0.0,-0.0,0.0
2019-03-14,3,0,162,48.75,48.75,0.0,1249.91187,0.0
2019-03-14,3,0,163,185.4,185.4,0.0,-185400.0,0.0
2019-03-14,3,0,164,0.0,0.0,0.0,0.0,0.0
2019-03-14,3,0,167,0.0,0.0,0.0,0.0,0.0
2019-03-14,3,0,168,0.0,0.0,0.0,0.0,0.0
2019-03-14,3,0,169,0.0,0.0,0.0,0.0,0.0
2019-03-14,3,0,170,0.0,0.0,0.0,0.0,0.0
2019-03-14,3,0,172,0.0,0.0,0.0,0.0,0.0
2019-03-14,3,0,173,0.0,0.0,0.0,0.0,0.0
2019-03-14,3,0,188,0.0,0.0,0.0,0.0,0.0
2019-03-14,3,0,190,0.0,0.0,0.0,0.0,0.0
2019-03-14,3,0,191,0.0,0.0,0.0,0.0,0.0
2019-03-14,3,0,192,332.6,332.6,0.0,10785.405497,0.0
2019-03-14,3,0,194,176.5,176.5,0.0,-24995.088851,0.0
2019-03-14,3,0,196,0.0,0.0,0.0,0.0,0.0
2019-03-14,3,0,198,0.0,0.0,0.0,0.0,0.0
2019-03-14,3,0,199,32.87,32.87,0.0,-1248.032949,0.0
2019-03-14,3,0,200,0.0,0.0,0.0,-0.0,0.0
2019-03-14,3,0,204,619.83,619.83,0.0,4973.937218,0.0
2019-03-14,3,0,205,800.32,800.32,0.0,6355.22575,0.0
2019-03-14,3,0,206,539.94,539.94,0.0,5303.646474,0.0
2019-03-14,3,0,210,0.0,0.0,0.0,0.0,0.0
2019-03-14,3,0,214,0.0,0.0,0.0,0.0,0.0
2019-03-14,3,0,217,0.0,0.0,0.0,0.0,0.0
2019-03-14,3,0,218,0.0,0.0,0.0,0.0,0.0
2019-03-14,3,0,219,0.0,0.0,0.0,0.0,0.0
2019-03-14,3,0,221,0.0,0.0,0.0,0.0,0.0
2019-03-14,3,0,225,0.0,0.0,0.0,0.0,0.0
2019-03-14,3,0,233,0.0,0.0,0.0,0.0,0.0
2019-03-14,3,0,236,5.38,5.38,0.0,36.321658,0.0
2019-03-14,3,0,237,4.47,4.47,0.0,31.850394,0.0
2019-03-14,3,0,238,0.0,0.0,0.0,0.0,0.0
2019-03-14,3,0,240,0.0,0.0,0.0,0.0,0.0
2019-03-14,3,0,245,14.94,14.94,0.0,94.715075,0.0
2019-03-14,3,0,247,17.37,17.37,0.0,110.120539,0.0
2019-03-14,3,0,248,0.45,0.45,0.0,3.206416,0.0
2019-03-14,3,0,249,28.73,28.73,0.0,182.139498,0.0
2019-03-14,3,0,251,37.99,37.99,0.0,246.548633,0.0
2019-03-14,3,0,252,46.6,46.6,0.0,300.608321,0.0
2019-03-14,3,0,254,0.0,0.0,0.0,0.0,0.0
2019-03-14,3,0,255,0.0,0.0,0.0,0.0,0.0
2019-03-14,3,0,258,0.0,0.0,0.0,0.0,0.0
2019-03-14,3,0,260,0.0,0.0,0.0,0.0,0.0
2019-03-14,3,0,265,0.0,0.0,0.0,0.0,0.0
2019-03-14,3,0,266,46.7,46.7,0.0,404.980379,0.0
2019-03-14,3,0,267,57.39,57.39,0.0,497.683597,0.0
2019-03-14,3,0,270,579.0,579.0,0.0,-579000.0,0.0
2019-03-14,3,0,272,321.97,321.97,0.0,-88497.409262,0.0
2019-03-14,3,0,273,0.0,0.0,0.0,-0.0,0.0
2019-03-14,3,0,274,746.4,746.4,0.0,-746400.0,0.0
2019-03-14,3,0,275,1039.0,1039.0,0.0,-1039000.0,0.0
2019-03-14,3,0,276,0.0,0.0,0.0,-0.0,0.0
2019-03-14,3,0,277,0.0,0.0,0.0,-0.0,0.0
2019-03-14,3,0,278,0.0,0.0,0.0,-0.0,0.0
2019-03-14,3,0,279,264.6,264.6,0.0,-75846.77061,0.0
2019-03-14,3,0,281,16.83,16.83,0.0,164.941454,0.0
2019-03-14,3,0,282,0.0,0.0,0.0,0.0,0.0
2019-03-14,4,0,9,0.0,0.0,0.0,0.0,0.0
2019-03-14,4,0,17,0.0,0.0,0.0,0.0,0.0
2019-03-14,4,0,19,519.33,519.33,0.0,4016.377074,0.0
2019-03-14,4,0,20,629.85,629.85,0.0,4871.112972,0.0
2019-03-14,4,0,21,0.0,0.0,0.0,0.0,0.0
2019-03-14,4,0,22,0.0,0.0,0.0,0.0,0.0
2019-03-14,4,0,23,98.16,98.16,0.0,605.554354,0.0
2019-03-14,4,0,24,162.22,162.22,0.0,1000.743962,0.0
2019-03-14,4,0,29,0.0,0.0,0.0,0.0,0.0
2019-03-14,4,0,30,0.0,0.0,0.0,0.0,0.0
2019-03-14,4,0,31,37.5,37.5,0.0,230.967434,0.0
2019-03-14,4,0,32,0.0,0.0,0.0,0.0,0.0
2019-03-14,4,0,33,0.0,0.0,0.0,0.0,0.0
2019-03-14,4,0,34,0.0,0.0,0.0,0.0,0.0
2019-03-14,4,0,35,0.0,0.0,0.0,0.0,0.0
2019-03-14,4,0,36,0.0,0.0,0.0,0.0,0.0
2019-03-14,4,0,37,0.0,0.0,0.0,0.0,0.0
2019-03-14,4,0,38,0.0,0.0,0.0,0.0,0.0
2019-03-14,4,0,39,0.0,0.0,0.0,0.0,0.0
2019-03-14,4,0,40,0.0,0.0,0.0,0.0,0.0
2019-03-14,4,0,41,69.93,69.93,0.0,467.54425,0.0
2019-03-14,4,0,42,0.0,0.0,0.0,0.0,0.0
2019-03-14,4,0,43,0.0,0.0,0.0,0.0,0.0
2019-03-14,4,0,46,0.0,0.0,0.0,0.0,0.0
2019-03-14,4,0,52,39.75,39.75,0.0,244.82548,0.0
2019-03-14,4,0,53,63.15,63.15,0.0,388.949158,0.0
2019-03-14,4,0,55,623.0,623.0,0.0,3843.320726,0.0
2019-03-14,4,0,56,0.0,0.0,0.0,0.0,0.0
2019-03-14,4,0,57,0.0,0.0,0.0,0.0,0.0
2019-03-14,4,0,58,0.0,0.0,0.0,0.0,0.0
2019-03-14,4,0,59,0.0,0.0,0.0,0.0,0.0
2019-03-14,4,0,63,170.0,170.0,0.0,16531.17682,0.0
2019-03-14,4,0,64,200.0,200.0,0.0,19448.443318,0.0
2019-03-14,4,0,65,7.18,7.18,0.0,55.448819,0.0
2019-03-14,4,0,67,0.0,0.0,0.0,-0.0,0.0
2019-03-14,4,0,68,10.2,10.2,0.0,-4291.320918,0.0
2019-03-14,4,0,69,0.0,0.0,0.0,0.0,0.0
2019-03-14,4,0,74,4.34,4.34,0.0,32.149898,0.0
2019-03-14,4,0,77,200.0,200.0,0.0,-60386.601802,0.0
2019-03-14,4,0,78,151.2,151.2,0.0,-45652.270962,0.0
2019-03-14,4,0,79,87.5,87.5,0.0,-26419.138288,0.0
2019-03-14,4,0,80,141.5,141.5,0.0,-42723.520775,0.0
2019-03-14,4,0,81,185.0,185.0,0.0,-55857.606667,0.0
2019-03-14,4,0,82,130.5,130.5,0.0,-39402.257676,0.0
2019-03-14,4,0,83,291.0,291.0,0.0,-87862.505622,0.0
2019-03-14,4,0,84,0.0,0.0,0.0,-0.0,0.0
2019-03-14,4,0,86,0.0,0.0,0.0,0.0,0.0
2019-03-14,4,0,87,0.0,0.0,0.0,0.0,0.0
2019-03-14,4,0,88,170.6,170.6,0.0,-51509.771337,0.0
2019-03-14,4,0,89,164.0,164.0,0.0,-49517.013478,0.0
2019-03-14,4,0,90,220.2,220.2,0.0,-66485.648584,0.0
2019-03-14,4,0,91,785.5,785.5,0.0,-237168.378578,0.0
2019-03-14,4,0,92,282.5,282.5,0.0,-85296.075046,0.0
2019-03-14,4,0,95,84.17,84.17,0.0,2139.070577,0.0
2019-03-14,4,0,96,29.88,29.88,0.0,183.724994,0.0
2019-03-14,4,0,97,183.75,183.75,0.0,1129.834925,0.0
2019-03-14,4,0,99,0.84,0.84,0.0,6.222561,0.0
2019-03-14,4,0,101,0.0,0.0,0.0,0.0,0.0
2019-03-14,4,0,102,24.15,24.15,0.0,-10160.333349,0.0
2019-03-14,4,0,103,21.0,21.0,0.0,-8835.072478,0.0
2019-03-14,4,0,104,3.9,3.9,0.0,-1640.799174,0.0
2019-03-14,4,0,106,0.0,0.0,0.0,0.0,0.0
2019-03-14,4,0,109,158.16,158.16,0.0,1111.414794,0.0
2019-03-14,4,0,110,338.6,338.6,0.0,-338600.0,0.0
2019-03-14,4,0,111,0.0,0.0,0.0,0.0,0.0
2019-03-14,4,0,113,45.0,45.0,0.0,-12290.00369,0.0
2019-03-14,4,0,115,45.0,45.0,0.0,-12290.00369,0.0
2019-03-14,4,0,116,0.0,0.0,0.0,-0.0,0.0
2019-03-14,4,0,117,3.0,3.0,0.0,-819.333579,0.0
2019-03-14,4,0,119,200.0,200.0,0.0,19448.443318,0.0
2019-03-14,4,0,120,117.6,117.6,0.0,11435.684671,0.0
2019-03-14,4,0,123,0.0,0.0,0.0,0.0,0.0
2019-03-14,4,0,125,148.85,148.85,0.0,918.263708,0.0
2019-03-14,4,0,126,0.0,0.0,0.0,0.0,0.0
2019-03-14,4,0,127,0.0,0.0,0.0,0.0,0.0
2019-03-14,4,0,128,202.15,202.15,0.0,1247.074294,0.0
2019-03-14,4,0,131,30.0,30.0,0.0,-11479.018523,0.0
2019-03-14,4,0,132,44.1,44.1,0.0,-16874.157228,0.0
2019-03-14,4,0,133,53.61,53.61,0.0,414.663249,0.0
2019-03-14,4,0,134,0.0,0.0,0.0,0.0,0.0
2019-03-14,4,0,135,73.96,73.96,0.0,572.066664,0.0
2019-03-14,4,0,136,18.22,18.22,0.0,140.696077,0.0
2019-03-14,4,0,139,90.31,90.31,0.0,603.802677,0.0
2019-03-14,4,0,140,250.6,250.6,0.0,-250600.0,0.0
2019-03-14,4,0,141,230.0,230.0,0.0,-129562.837042,0.0
2019-03-14,4,0,142,0.0,0.0,0.0,-0.0,0.0
2019-03-14,4,0,143,71.55,71.55,0.0,440.685863,0.0
2019-03-14,4,0,145,30.0,30.0,0.0,194.439851,0.0
2019-03-14,4,0,146,268.0,268.0,0.0,-268000.0,0.0
2019-03-14,4,0,152,0.0,0.0,0.0,0.0,0.0
2019-03-14,4,0,153,0.0,0.0,0.0,0.0,0.0
2019-03-14,4,0,154,0.0,0.0,0.0,0.0,0.0
2019-03-14,4,0,157,25.72,25.72,0.0,-14488.505081,0.0
2019-03-14,4,0,158,0.0,0.0,0.0,-0.0,0.0
2019-03-14,4,0,159,0.0,0.0,0.0,0.0,0.0
2019-03-14,4,0,160,0.0,0.0,0.0,0.0,0.0
2019-03-14,4,0,161,0.0,0.0,0.0,-0.0,0.0
2019-03-14,4,0,162,48.75,48.75,0.0,1277.6401,0.0
2019-03-14,4,0,163,185.4,185.4,0.0,-185400.0,0.0
2019-03-14,4,0,164,0.0,0.0,0.0,0.0,0.0
2019-03-14,4,0,167,0.0,0.0,0.0,0.0,0.0
2019-03-14,4,0,168,0.0,0.0,0.0,0.0,0.0
2019-03-14,4,0,169,0.0,0.0,0.0,0.0,0.0
2019-03-14,4,0,170,0.0,0.0,0.0,0.0,0.0
2019-03-14,4,0,172,0.0,0.0,0.0,0.0,0.0
2019-03-14,4,0,173,0.0,0.0,0.0,0.0,0.0
2019-03-14,4,0,188,0.0,0.0,0.0,0.0,0.0
2019-03-14,4,0,190,0.0,0.0,0.0,0.0,0.0
2019-03-14,4,0,191,0.0,0.0,0.0,0.0,0.0
2019-03-14,4,0,192,283.61,283.61,0.0,9196.779474,0.0
2019-03-14,4,0,194,176.5,176.5,0.0,-24723.320342,0.0
2019-03-14,4,0,196,0.0,0.0,0.0,0.0,0.0
2019-03-14,4,0,198,0.0,0.0,0.0,0.0,0.0
2019-03-14,4,0,199,25.84,25.84,0.0,-860.0173,0.0
2019-03-14,4,0,200,0.0,0.0,0.0,-0.0,0.0
2019-03-14,4,0,204,720.73,720.73,0.0,5036.480854,0.0
2019-03-14,4,0,205,836.64,836.64,0.0,5879.198745,0.0
2019-03-14,4,0,206,539.94,539.94,0.0,3319.962284,0.0
2019-03-14,4,0,210,0.0,0.0,0.0,0.0,0.0
2019-03-14,4,0,214,0.0,0.0,0.0,0.0,0.0
2019-03-14,4,0,217,0.0,0.0,0.0,0.0,0.0
2019-03-14,4,0,218,0.0,0.0,0.0,0.0,0.0
2019-03-14,4,0,219,0.0,0.0,0.0,0.0,0.0
2019-03-14,4,0,221,0.0,0.0,0.0,0.0,0.0
2019-03-14,4,0,225,0.0,0.0,0.0,0.0,0.0
2019-03-14,4,0,233,0.0,0.0,0.0,0.0,0.0
2019-03-14,4,0,236,3.42,3.42,0.0,25.931972,0.0
2019-03-14,4,0,237,10.42,10.42,0.0,77.189385,0.0
2019-03-14,4,0,238,0.0,0.0,0.0,0.0,0.0
2019-03-14,4,0,240,0.0,0.0,0.0,0.0,0.0
2019-03-14,4,0,245,19.07,19.07,0.0,148.260631,0.0
2019-03-14,4,0,247,21.45,21.45,0.0,166.764055,0.0
2019-03-14,4,0,248,1.05,1.05,0.0,7.778201,0.0
2019-03-14,4,0,249,36.68,36.68,0.0,285.170422,0.0
2019-03-14,4,0,251,41.2,41.2,0.0,317.424111,0.0
2019-03-14,4,0,252,46.33,46.33,0.0,357.791611,0.0
2019-03-14,4,0,254,0.0,0.0,0.0,0.0,0.0
2019-03-14,4,0,255,0.0,0.0,0.0,0.0,0.0
2019-03-14,4,0,258,0.0,0.0,0.0,0.0,0.0
2019-03-14,4,0,260,0.0,0.0,0.0,0.0,0.0
2019-03-14,4,0,265,0.0,0.0,0.0,0.0,0.0
2019-03-14,4,0,266,58.48,58.48,0.0,390.990815,0.0
2019-03-14,4,0,267,71.86,71.86,0.0,480.448016,0.0
2019-03-14,4,0,270,579.0,579.0,0.0,-579000.0,0.0
2019-03-14,4,0,272,150.39,150.39,0.0,-41073.192331,0.0
2019-03-14,4,0,273,0.0,0.0,0.0,-0.0,0.0
2019-03-14,4,0,274,746.4,746.4,0.0,-746400.0,0.0
2019-03-14,4,0,275,1039.0,1039.0,0.0,-1039000.0,0.0
2019-03-14,4,0,276,0.0,0.0,0.0,-0.0,0.0
2019-03-14,4,0,277,0.0,0.0,0.0,-0.0,0.0
2019-03-14,4,0,278,0.0,0.0,0.0,-0.0,0.0
2019-03-14,4,0,279,264.6,264.6,0.0,-75322.709389,0.0
2019-03-14,4,0,281,16.83,16.83,0.0,103.658184,0.0
2019-03-14,4,0,282,0.0,0.0,0.0,0.0,0.0
2019-03-14,5,0,9,0.0,0.0,0.0,0.0,0.0
2019-03-14,5,0,17,0.0,0.0,0.0,0.0,0.0
2019-03-14,5,0,19,337.93,337.93,0.0,4629.809541,0.0
2019-03-14,5,0,20,409.85,409.85,0.0,5615.149411,0.0
2019-03-14,5,0,21,0.0,0.0,0.0,0.0,0.0
2019-03-14,5,0,22,0.0,0.0,0.0,0.0,0.0
2019-03-14,5,0,23,108.8,108.8,0.0,971.747355,0.0
2019-03-14,5,0,24,192.5,192.5,0.0,1719.314024,0.0
2019-03-14,5,0,29,0.0,0.0,0.0,0.0,0.0
2019-03-14,5,0,30,0.0,0.0,0.0,0.0,0.0
2019-03-14,5,0,31,37.5,37.5,0.0,335.483456,0.0
2019-03-14,5,0,32,0.0,0.0,0.0,0.0,0.0
2019-03-14,5,0,33,0.0,0.0,0.0,0.0,0.0
2019-03-14,5,0,34,0.0,0.0,0.0,0.0,0.0
2019-03-14,5,0,35,0.0,0.0,0.0,0.0,0.0
2019-03-14,5,0,36,0.0,0.0,0.0,0.0,0.0
2019-03-14,5,0,37,0.0,0.0,0.0,0.0,0.0
2019-03-14,5,0,38,0.0,0.0,0.0,0.0,0.0
2019-03-14,5,0,39,0.0,0.0,0.0,0.0,0.0
2019-03-14,5,0,40,0.0,0.0,0.0,0.0,0.0
2019-03-14,5,0,41,70.08,70.08,0.0,586.145326,0.0
2019-03-14,5,0,42,0.0,0.0,0.0,0.0,0.0
2019-03-14,5,0,43,0.0,0.0,0.0,0.0,0.0
2019-03-14,5,0,46,0.0,0.0,0.0,0.0,0.0
2019-03-14,5,0,52,39.75,39.75,0.0,355.612464,0.0
2019-03-14,5,0,53,63.15,63.15,0.0,564.954141,0.0
2019-03-14,5,0,55,460.36,460.36,0.0,4111.705995,0.0
2019-03-14,5,0,56,0.0,0.0,0.0,0.0,0.0
2019-03-14,5,0,57,0.0,0.0,0.0,0.0,0.0
2019-03-14,5,0,58,0.0,0.0,0.0,0.0,0.0
2019-03-14,5,0,59,0.0,0.0,0.0,0.0,0.0
2019-03-14,5,0,63,170.0,170.0,0.0,16489.386133,0.0
2019-03-14,5,0,64,200.0,200.0,0.0,19399.277804,0.0
2019-03-14,5,0,65,5.69,5.69,0.0,78.255316,0.0
2019-03-14,5,0,67,0.0,0.0,0.0,-0.0,0.0
2019-03-14,5,0,68,10.2,10.2,0.0,-4300.756251,0.0
2019-03-14,5,0,69,0.0,0.0,0.0,0.0,0.0
2019-03-14,5,0,74,6.12,6.12,0.0,67.491022,0.0
2019-03-14,5,0,77,200.0,200.0,0.0,-60641.92445,0.0
2019-03-14,5,0,78,151.2,151.2,0.0,-45845.294884,0.0
2019-03-14,5,0,79,87.5,87.5,0.0,-26530.841947,0.0
2019-03-14,5,0,80,141.5,141.5,0.0,-42904.161548,0.0
2019-03-14,5,0,81,185.0,185.0,0.0,-56093.780116,0.0
2019-03-14,5,0,82,130.5,130.5,0.0,-39568.855703,0.0
2019-03-14,5,0,83,291.0,291.0,0.0,-88234.000074,0.0
2019-03-14,5,0,84,0.0,0.0,0.0,-0.0,0.0
2019-03-14,5,0,86,0.0,0.0,0.0,0.0,0.0
2019-03-14,5,0,87,0.0,0.0,0.0,0.0,0.0
2019-03-14,5,0,88,170.6,170.6,0.0,-51727.561556,0.0
2019-03-14,5,0,89,164.0,164.0,0.0,-49726.378049,0.0
2019-03-14,5,0,90,220.2,220.2,0.0,-66766.758819,0.0
2019-03-14,5,0,91,785.5,785.5,0.0,-238171.158276,0.0
2019-03-14,5,0,92,282.5,282.5,0.0,-85656.718285,0.0
2019-03-14,5,0,95,36.0,36.0,0.0,914.892964,0.0
2019-03-14,5,0,96,29.88,29.88,0.0,267.773015,0.0
2019-03-14,5,0,97,183.75,183.75,0.0,1646.696503,0.0
2019-03-14,5,0,99,1.18,1.18,0.0,13.012975,0.0
2019-03-14,5,0,101,0.0,0.0,0.0,0.0,0.0
2019-03-14,5,0,102,24.15,24.15,0.0,-10182.672888,0.0
2019-03-14,5,0,103,21.0,21.0,0.0,-8854.498163,0.0
2019-03-14,5,0,104,3.9,3.9,0.0,-1644.406802,0.0
2019-03-14,5,0,106,0.0,0.0,0.0,0.0,0.0
2019-03-14,5,0,109,193.1,193.1,0.0,1428.062517,0.0
2019-03-14,5,0,110,338.6,338.6,0.0,-338600.0,0.0
2019-03-14,5,0,111,0.0,0.0,0.0,0.0,0.0
2019-03-14,5,0,113,106.15,106.15,0.0,-29074.710425,0.0
2019-03-14,5,0,115,106.15,106.15,0.0,-29074.710425,0.0
2019-03-14,5,0,116,0.0,0.0,0.0,-0.0,0.0
2019-03-14,5,0,117,5.11,5.11,0.0,-1399.639852,0.0
2019-03-14,5,0,119,200.0,200.0,0.0,19399.277804,0.0
2019-03-14,5,0,120,117.6,117.6,0.0,11406.775349,0.0
2019-03-14,5,0,123,0.0,0.0,0.0,0.0,0.0
2019-03-14,5,0,125,174.2,174.2,0.0,1555.867548,0.0
2019-03-14,5,0,126,0.0,0.0,0.0,0.0,0.0
2019-03-14,5,0,127,0.0,0.0,0.0,0.0,0.0
2019-03-14,5,0,128,249.5,249.5,0.0,2228.409605,0.0
2019-03-14,5,0,131,30.0,30.0,0.0,-11508.593937,0.0
2019-03-14,5,0,132,44.1,44.1,0.0,-16917.633087,0.0
2019-03-14,5,0,133,16.99,16.99,0.0,232.687224,0.0
2019-03-14,5,0,134,0.0,0.0,0.0,0.0,0.0
2019-03-14,5,0,135,24.21,24.21,0.0,331.569023,0.0
2019-03-14,5,0,136,14.41,14.41,0.0,198.224255,0.0
2019-03-14,5,0,139,90.5,90.5,0.0,756.9371,0.0
2019-03-14,5,0,140,250.6,250.6,0.0,-250600.0,0.0
2019-03-14,5,0,141,230.0,230.0,0.0,-129723.221128,0.0
2019-03-14,5,0,142,0.0,0.0,0.0,-0.0,0.0
2019-03-14,5,0,143,135.05,135.05,0.0,1208.187755,0.0
2019-03-14,5,0,145,30.0,30.0,0.0,252.409827,0.0
2019-03-14,5,0,146,268.0,268.0,0.0,-268000.0,0.0
2019-03-14,5,0,152,0.0,0.0,0.0,0.0,0.0
2019-03-14,5,0,153,0.0,0.0,0.0,0.0,0.0
2019-03-14,5,0,154,0.0,0.0,0.0,0.0,0.0
2019-03-14,5,0,157,21.71,21.71,0.0,-12244.744046,0.0
2019-03-14,5,0,158,0.0,0.0,0.0,-0.0,0.0
2019-03-14,5,0,159,0.0,0.0,0.0,0.0,0.0
2019-03-14,5,0,160,0.0,0.0,0.0,0.0,0.0
2019-03-14,5,0,161,0.0,0.0,0.0,-0.0,0.0
2019-03-14,5,0,162,48.75,48.75,0.0,1277.435865,0.0
2019-03-14,5,0,163,185.4,185.4,0.0,-185400.0,0.0
2019-03-14,5,0,164,0.0,0.0,0.0,0.0,0.0
2019-03-14,5,0,167,0.0,0.0,0.0,0.0,0.0
2019-03-14,5,0,168,0.0,0.0,0.0,0.0,0.0
2019-03-14,5,0,169,0.0,0.0,0.0,0.0,0.0
2019-03-14,5,0,170,0.0,0.0,0.0,0.0,0.0
2019-03-14,5,0,172,0.0,0.0,0.0,0.0,0.0
2019-03-14,5,0,173,0.0,0.0,0.0,0.0,0.0
2019-03-14,5,0,188,0.0,0.0,0.0,0.0,0.0
2019-03-14,5,0,190,0.0,0.0,0.0,0.0,0.0
2019-03-14,5,0,191,0.0,0.0,0.0,0.0,0.0
2019-03-14,5,0,192,183.71,183.71,0.0,5957.266518,0.0
2019-03-14,5,0,194,176.5,176.5,0.0,-24812.855603,0.0
2019-03-14,5,0,196,0.0,0.0,0.0,0.0,0.0
2019-03-14,5,0,198,0.0,0.0,0.0,0.0,0.0
2019-03-14,5,0,199,22.79,22.79,0.0,-761.130081,0.0
2019-03-14,5,0,200,0.0,0.0,0.0,-0.0,0.0
2019-03-14,5,0,204,857.0,857.0,0.0,6479.78527,0.0
2019-03-14,5,0,205,1021.49,1021.49,0.0,7554.384154,0.0
2019-03-14,5,0,206,539.94,539.94,0.0,4838.733659,0.0
2019-03-14,5,0,210,0.0,0.0,0.0,0.0,0.0
2019-03-14,5,0,214,0.0,0.0,0.0,0.0,0.0
2019-03-14,5,0,217,0.0,0.0,0.0,0.0,0.0
2019-03-14,5,0,218,0.0,0.0,0.0,0.0,0.0
2019-03-14,5,0,219,0.0,0.0,0.0,0.0,0.0
2019-03-14,5,0,221,0.0,0.0,0.0,0.0,0.0
2019-03-14,5,0,225,0.0,0.0,0.0,0.0,0.0
2019-03-14,5,0,233,0.0,0.0,0.0,0.0,0.0
2019-03-14,5,0,236,0.0,0.0,0.0,0.0,0.0
2019-03-14,5,0,237,14.69,14.69,0.0,162.000509,0.0
2019-03-14,5,0,238,0.0,0.0,0.0,0.0,0.0
2019-03-14,5,0,240,0.0,0.0,0.0,0.0,0.0
2019-03-14,5,0,245,11.63,11.63,0.0,157.085878,0.0
2019-03-14,5,0,247,10.36,10.36,0.0,139.932046,0.0
2019-03-14,5,0,248,1.47,1.47,0.0,16.211079,0.0
2019-03-14,5,0,249,22.37,22.37,0.0,302.150567,0.0
2019-03-14,5,0,251,32.22,32.22,0.0,445.910126,0.0
2019-03-14,5,0,252,36.73,36.73,0.0,505.152504,0.0
2019-03-14,5,0,254,0.0,0.0,0.0,0.0,0.0
2019-03-14,5,0,255,0.0,0.0,0.0,0.0,0.0
2019-03-14,5,0,258,0.0,0.0,0.0,0.0,0.0
2019-03-14,5,0,260,0.0,0.0,0.0,0.0,0.0
2019-03-14,5,0,265,0.0,0.0,0.0,0.0,0.0
2019-03-14,5,0,266,58.6,58.6,0.0,490.127227,0.0
2019-03-14,5,0,267,72.01,72.01,0.0,602.287741,0.0
2019-03-14,5,0,270,579.0,579.0,0.0,-579000.0,0.0
2019-03-14,5,0,272,364.92,364.92,0.0,-99952.362961,0.0
2019-03-14,5,0,273,0.0,0.0,0.0,-0.0,0.0
2019-03-14,5,0,274,746.4,746.4,0.0,-746400.0,0.0
2019-03-14,5,0,275,1039.0,1039.0,0.0,-1039000.0,0.0
2019-03-14,5,0,276,0.0,0.0,0.0,-0.0,0.0
2019-03-14,5,0,277,0.0,0.0,0.0,-0.0,0.0
2019-03-14,5,0,278,0.0,0.0,0.0,-0.0,0.0
2019-03-14,5,0,279,264.6,264.6,0.0,-75583.512,0.0
2019-03-14,5,0,281,16.83,16.83,0.0,150.564975,0.0
2019-03-14,5,0,282,0.0,0.0,0.0,0.0,0.0
2019-03-14,6,0,9,0.0,0.0,0.0,0.0,0.0
2019-03-14,6,0,17,0.0,0.0,0.0,0.0,0.0
2019-03-14,6,0,19,205.22,205.22,0.0,4045.943585,0.0
2019-03-14,6,0,20,248.89,248.89,0.0,4906.904293,0.0
2019-03-14,6,0,21,0.0,0.0,0.0,0.0,0.0
2019-03-14,6,0,22,0.0,0.0,0.0,0.0,0.0
2019-03-14,6,0,23,108.8,108.8,0.0,1789.022096,0.0
2019-03-14,6,0,24,192.5,192.5,0.0,3165.319426,0.0
2019-03-14,6,0,29,0.0,0.0,0.0,0.0,0.0
2019-03-14,6,0,30,0.0,0.0,0.0,0.0,0.0
2019-03-14,6,0,31,33.15,33.15,0.0,546.00392,0.0
2019-03-14,6,0,32,0.0,0.0,0.0,0.0,0.0
2019-03-14,6,0,33,0.0,0.0,0.0,0.0,0.0
2019-03-14,6,0,34,0.0,0.0,0.0,0.0,0.0
2019-03-14,6,0,35,0.0,0.0,0.0,0.0,0.0
2019-03-14,6,0,36,0.0,0.0,0.0,0.0,0.0
2019-03-14,6,0,37,0.0,0.0,0.0,0.0,0.0
2019-03-14,6,0,38,0.0,0.0,0.0,0.0,0.0
2019-03-14,6,0,39,0.0,0.0,0.0,0.0,0.0
2019-03-14,6,0,40,0.0,0.0,0.0,0.0,0.0
2019-03-14,6,0,41,81.79,81.79,0.0,1245.27714,0.0
2019-03-14,6,0,42,0.0,0.0,0.0,0.0,0.0
2019-03-14,6,0,43,0.0,0.0,0.0,0.0,0.0
2019-03-14,6,0,46,0.0,0.0,0.0,0.0,0.0
2019-03-14,6,0,52,35.14,35.14,0.0,578.780626,0.0
2019-03-14,6,0,53,55.79,55.79,0.0,918.900714,0.0
2019-03-14,6,0,55,186.9,186.9,0.0,3073.237406,0.0
2019-03-14,6,0,56,0.0,0.0,0.0,0.0,0.0
2019-03-14,6,0,57,0.0,0.0,0.0,0.0,0.0
2019-03-14,6,0,58,0.0,0.0,0.0,0.0,0.0
2019-03-14,6,0,59,0.0,0.0,0.0,0.0,0.0
2019-03-14,6,0,63,170.0,170.0,0.0,18419.929501,0.0
2019-03-14,6,0,64,200.0,200.0,0.0,21670.505295,0.0
2019-03-14,6,0,65,4.42,4.42,0.0,87.448298,0.0
2019-03-14,6,0,67,0.0,0.0,0.0,-0.0,0.0
2019-03-14,6,0,68,10.2,10.2,0.0,-4244.771967,0.0
2019-03-14,6,0,69,0.0,0.0,0.0,0.0,0.0
2019-03-14,6,0,74,11.84,11.84,0.0,204.030658,0.0
2019-03-14,6,0,77,200.0,200.0,0.0,-59335.734063,0.0
2019-03-14,6,0,78,151.2,151.2,0.0,-44857.814951,0.0
2019-03-14,6,0,79,87.5,87.5,0.0,-25959.383652,0.0
2019-03-14,6,0,80,141.5,141.5,0.0,-41980.031849,0.0
2019-03-14,6,0,81,185.0,185.0,0.0,-54885.554008,0.0
2019-03-14,6,0,82,130.5,130.5,0.0,-38716.566476,0.0
2019-03-14,6,0,83,291.0,291.0,0.0,-86333.493061,0.0
2019-03-14,6,0,84,0.0,0.0,0.0,0.0,0.0
2019-03-14,6,0,86,0.0,0.0,0.0,0.0,0.0
2019-03-14,6,0,87,0.0,0.0,0.0,0.0,0.0
2019-03-14,6,0,88,170.6,170.6,0.0,-50613.381155,0.0
2019-03-14,6,0,89,164.0,164.0,0.0,-48655.301931,0.0
2019-03-14,6,0,90,220.2,220.2,0.0,-65328.643203,0.0
2019-03-14,6,0,91,785.5,785.5,0.0,-233041.095531,0.0
2019-03-14,6,0,92,282.5,282.5,0.0,-83811.724363,0.0
2019-03-14,6,0,95,36.0,36.0,0.0,1094.892964,0.0
2019-03-14,6,0,96,29.6,29.6,0.0,488.383272,0.0
2019-03-14,6,0,97,182.02,182.02,0.0,3003.227131,0.0
2019-03-14,6,0,99,2.28,2.28,0.0,39.289688,0.0
2019-03-14,6,0,101,0.0,0.0,0.0,0.0,0.0
2019-03-14,6,0,102,24.15,24.15,0.0,-10050.121862,0.0
2019-03-14,6,0,103,21.0,21.0,0.0,-8739.236402,0.0
2019-03-14,6,0,104,3.9,3.9,0.0,-1623.001046,0.0
2019-03-14,6,0,106,0.0,0.0,0.0,0.0,0.0
2019-03-14,6,0,109,200.0,200.0,0.0,2756.836766,0.0
2019-03-14,6,0,110,338.6,338.6,0.0,-338600.0,0.0
2019-03-14,6,0,111,0.0,0.0,0.0,0.0,0.0
2019-03-14,6,0,113,137.43,137.43,0.0,-36669.747072,0.0
2019-03-14,6,0,115,137.43,137.43,0.0,-36669.747072,0.0
2019-03-14,6,0,116,0.0,0.0,0.0,-0.0,0.0
2019-03-14,6,0,117,5.45,5.45,0.0,-1454.195747,0.0
2019-03-14,6,0,119,200.0,200.0,0.0,21670.505295,0.0
2019-03-14,6,0,120,117.6,117.6,0.0,12742.257113,0.0
2019-03-14,6,0,123,0.0,0.0,0.0,0.0,0.0
2019-03-14,6,0,125,174.2,174.2,0.0,2864.40854,0.0
2019-03-14,6,0,126,0.0,0.0,0.0,0.0,0.0
2019-03-14,6,0,127,0.0,0.0,0.0,0.0,0.0
2019-03-14,6,0,128,249.5,249.5,0.0,4102.582841,0.0
2019-03-14,6,0,131,30.0,30.0,0.0,-11333.109048,0.0
2019-03-14,6,0,132,44.1,44.1,0.0,-16659.6703,0.0
2019-03-14,6,0,133,9.57,9.57,0.0,188.611318,0.0
2019-03-14,6,0,134,0.0,0.0,0.0,0.0,0.0
2019-03-14,6,0,135,12.82,12.82,0.0,252.664273,0.0
2019-03-14,6,0,136,11.21,11.21,0.0,221.829083,0.0
2019-03-14,6,0,139,105.62,105.62,0.0,1608.095997,0.0
2019-03-14,6,0,140,250.6,250.6,0.0,-250600.0,0.0
2019-03-14,6,0,141,230.0,230.0,0.0,-128771.586658,0.0
2019-03-14,6,0,142,0.0,0.0,0.0,-0.0,0.0
2019-03-14,6,0,143,235.01,235.01,0.0,3870.780729,0.0
2019-03-14,6,0,145,29.42,29.42,0.0,456.589575,0.0
2019-03-14,6,0,146,268.0,268.0,0.0,-268000.0,0.0
2019-03-14,6,0,152,0.0,0.0,0.0,0.0,0.0
2019-03-14,6,0,153,0.0,0.0,0.0,0.0,0.0
2019-03-14,6,0,154,0.0,0.0,0.0,0.0,0.0
2019-03-14,6,0,157,20.12,20.12,0.0,-11264.71445,0.0
2019-03-14,6,0,158,0.0,0.0,0.0,-0.0,0.0
2019-03-14,6,0,159,0.0,0.0,0.0,0.0,0.0
2019-03-14,6,0,160,0.0,0.0,0.0,0.0,0.0
2019-03-14,6,0,161,0.0,0.0,0.0,-0.0,0.0
2019-03-14,6,0,162,48.75,48.75,0.0,1521.12523,0.0
2019-03-14,6,0,163,185.4,185.4,0.0,-185400.0,0.0
2019-03-14,6,0,164,0.0,0.0,0.0,0.0,0.0
2019-03-14,6,0,167,0.0,0.0,0.0,0.0,0.0
2019-03-14,6,0,168,0.0,0.0,0.0,0.0,0.0
2019-03-14,6,0,169,0.0,0.0,0.0,0.0,0.0
2019-03-14,6,0,170,0.0,0.0,0.0,0.0,0.0
2019-03-14,6,0,172,0.0,0.0,0.0,0.0,0.0
2019-03-14,6,0,173,0.0,0.0,0.0,0.0,0.0
2019-03-14,6,0,188,0.0,0.0,0.0,0.0,0.0
2019-03-14,6,0,190,0.0,0.0,0.0,0.0,0.0
2019-03-14,6,0,191,0.0,0.0,0.0,0.0,0.0
2019-03-14,6,0,192,146.45,146.45,0.0,5481.26574,0.0
2019-03-14,6,0,194,176.5,176.5,0.0,-23296.261987,0.0
2019-03-14,6,0,196,0.0,0.0,0.0,0.0,0.0
2019-03-14,6,0,198,0.0,0.0,0.0,0.0,0.0
2019-03-14,6,0,199,35.51,35.51,0.0,-998.662382,0.0
2019-03-14,6,0,200,0.0,0.0,0.0,-0.0,0.0
2019-03-14,6,0,204,857.0,857.0,0.0,12004.763011,0.0
2019-03-14,6,0,205,1058.0,1058.0,0.0,14583.666492,0.0
2019-03-14,6,0,206,534.86,534.86,0.0,8824.887724,0.0
2019-03-14,6,0,210,0.0,0.0,0.0,0.0,0.0
2019-03-14,6,0,214,0.0,0.0,0.0,0.0,0.0
2019-03-14,6,0,217,0.0,0.0,0.0,0.0,0.0
2019-03-14,6,0,218,0.0,0.0,0.0,0.0,0.0
2019-03-14,6,0,219,0.0,0.0,0.0,0.0,0.0
2019-03-14,6,0,221,0.0,0.0,0.0,0.0,0.0
2019-03-14,6,0,225,0.0,0.0,0.0,0.0,0.0
2019-03-14,6,0,233,0.0,0.0,0.0,0.0,0.0
2019-03-14,6,0,236,0.0,0.0,0.0,0.0,0.0
2019-03-14,6,0,237,28.4,28.4,0.0,489.397862,0.0
2019-03-14,6,0,238,0.0,0.0,0.0,0.0,0.0
2019-03-14,6,0,240,0.0,0.0,0.0,0.0,0.0
2019-03-14,6,0,245,6.47,6.47,0.0,125.902765,0.0
2019-03-14,6,0,247,3.97,3.97,0.0,77.254092,0.0
2019-03-14,6,0,248,2.85,2.85,0.0,49.112109,0.0
2019-03-14,6,0,249,12.44,12.44,0.0,242.075796,0.0
2019-03-14,6,0,251,24.74,24.74,0.0,492.297301,0.0
2019-03-14,6,0,252,28.48,28.48,0.0,563.467765,0.0
2019-03-14,6,0,254,0.0,0.0,0.0,0.0,0.0
2019-03-14,6,0,255,0.0,0.0,0.0,0.0,0.0
2019-03-14,6,0,258,0.0,0.0,0.0,0.0,0.0
2019-03-14,6,0,260,0.0,0.0,0.0,0.0,0.0
2019-03-14,6,0,265,0.0,0.0,0.0,0.0,0.0
2019-03-14,6,0,266,68.39,68.39,0.0,1041.258144,0.0
2019-03-14,6,0,267,84.05,84.05,0.0,1279.686314,0.0
2019-03-14,6,0,270,579.0,579.0,0.0,-579000.0,0.0
2019-03-14,6,0,272,484.95,484.95,0.0,-129396.739013,0.0
2019-03-14,6,0,273,0.0,0.0,0.0,-0.0,0.0
2019-03-14,6,0,274,746.4,746.4,0.0,-746400.0,0.0
2019-03-14,6,0,275,1039.0,1039.0,0.0,-1039000.0,0.0
2019-03-14,6,0,276,0.0,0.0,0.0,-0.0,0.0
2019-03-14,6,0,277,0.0,0.0,0.0,-0.0,0.0
2019-03-14,6,0,278,0.0,0.0,0.0,-0.0,0.0
2019-03-14,6,0,279,264.6,264.6,0.0,-73768.829672,0.0
2019-03-14,6,0,281,14.91,14.91,0.0,245.578234,0.0
2019-03-14,6,0,282,0.0,0.0,0.0,0.0,0.0
2019-03-14,7,0,9,0.0,0.0,0.0,0.0,0.0
2019-03-14,7,0,17,0.0,0.0,0.0,0.0,0.0
2019-03-14,7,0,19,115.09,115.09,0.0,949.426117,0.0
2019-03-14,7,0,20,139.58,139.58,0.0,1151.454492,0.0
2019-03-14,7,0,21,0.0,0.0,0.0,0.0,0.0
2019-03-14,7,0,22,0.0,0.0,0.0,0.0,0.0
2019-03-14,7,0,23,108.8,108.8,0.0,1347.016548,0.0
2019-03-14,7,0,24,192.5,192.5,0.0,2383.27836,0.0
2019-03-14,7,0,29,0.0,0.0,0.0,0.0,0.0
2019-03-14,7,0,30,0.0,0.0,0.0,0.0,0.0
2019-03-14,7,0,31,54.06,54.06,0.0,670.715119,0.0
2019-03-14,7,0,32,0.0,0.0,0.0,0.0,0.0
2019-03-14,7,0,33,0.0,0.0,0.0,0.0,0.0
2019-03-14,7,0,34,0.0,0.0,0.0,0.0,0.0
2019-03-14,7,0,35,0.0,0.0,0.0,0.0,0.0
2019-03-14,7,0,36,0.0,0.0,0.0,0.0,0.0
2019-03-14,7,0,37,0.0,0.0,0.0,0.0,0.0
2019-03-14,7,0,38,0.0,0.0,0.0,0.0,0.0
2019-03-14,7,0,39,0.0,0.0,0.0,0.0,0.0
2019-03-14,7,0,40,0.0,0.0,0.0,0.0,0.0
2019-03-14,7,0,41,78.12,78.12,0.0,860.576846,0.0
2019-03-14,7,0,42,0.0,0.0,0.0,0.0,0.0
2019-03-14,7,0,43,0.0,0.0,0.0,0.0,0.0
2019-03-14,7,0,46,0.0,0.0,0.0,0.0,0.0
2019-03-14,7,0,52,57.31,57.31,0.0,711.03743,0.0
2019-03-14,7,0,53,91.07,91.07,0.0,1129.893191,0.0
2019-03-14,7,0,55,186.9,186.9,0.0,2313.946625,0.0
2019-03-14,7,0,56,0.0,0.0,0.0,0.0,0.0
2019-03-14,7,0,57,0.0,0.0,0.0,0.0,0.0
2019-03-14,7,0,58,0.0,0.0,0.0,0.0,0.0
2019-03-14,7,0,59,0.0,0.0,0.0,0.0,0.0
2019-03-14,7,0,63,170.0,170.0,0.0,18213.051831,0.0
2019-03-14,7,0,64,200.0,200.0,0.0,21427.119802,0.0
2019-03-14,7,0,65,3.35,3.35,0.0,27.733658,0.0
2019-03-14,7,0,67,0.0,0.0,0.0,-0.0,0.0
2019-03-14,7,0,68,10.2,10.2,0.0,-4250.966008,0.0
2019-03-14,7,0,69,0.0,0.0,0.0,0.0,0.0
2019-03-14,7,0,74,23.24,23.24,0.0,211.717131,0.0
2019-03-14,7,0,77,200.0,200.0,0.0,-59479.771666,0.0
2019-03-14,7,0,78,151.2,151.2,0.0,-44966.707379,0.0
2019-03-14,7,0,79,87.5,87.5,0.0,-26022.400104,0.0
2019-03-14,7,0,80,141.5,141.5,0.0,-42081.938453,0.0
2019-03-14,7,0,81,185.0,185.0,0.0,-55018.788791,0.0
2019-03-14,7,0,82,130.5,130.5,0.0,-38810.551012,0.0
2019-03-14,7,0,83,291.0,291.0,0.0,-86543.067773,0.0
2019-03-14,7,0,84,0.0,0.0,0.0,0.0,0.0
2019-03-14,7,0,86,0.0,0.0,0.0,0.0,0.0
2019-03-14,7,0,87,0.0,0.0,0.0,0.0,0.0
2019-03-14,7,0,88,170.6,170.6,0.0,-50736.245231,0.0
2019-03-14,7,0,89,164.0,164.0,0.0,-48773.412766,0.0
2019-03-14,7,0,90,220.2,220.2,0.0,-65487.228604,0.0
2019-03-14,7,0,91,785.5,785.5,0.0,-233606.803216,0.0
2019-03-14,7,0,92,282.5,282.5,0.0,-84015.177478,0.0
2019-03-14,7,0,95,36.0,36.0,0.0,700.048073,0.0
2019-03-14,7,0,96,19.56,19.56,0.0,243.213824,0.0
2019-03-14,7,0,97,120.26,120.26,0.0,1495.342253,0.0
2019-03-14,7,0,99,4.49,4.49,0.0,40.904041,0.0
2019-03-14,7,0,101,0.0,0.0,0.0,0.0,0.0
2019-03-14,7,0,102,24.15,24.15,0.0,-10064.787166,0.0
2019-03-14,7,0,103,21.0,21.0,0.0,-8751.98884,0.0
2019-03-14,7,0,104,3.9,3.9,0.0,-1625.369356,0.0
2019-03-14,7,0,106,0.0,0.0,0.0,0.0,0.0
2019-03-14,7,0,109,200.0,200.0,0.0,2023.012109,0.0
2019-03-14,7,0,110,338.6,338.6,0.0,-338600.0,0.0
2019-03-14,7,0,111,0.0,0.0,0.0,0.0,0.0
2019-03-14,7,0,113,75.93,75.93,0.0,-20319.884067,0.0
2019-03-14,7,0,115,75.93,75.93,0.0,-20319.884067,0.0
2019-03-14,7,0,116,0.0,0.0,0.0,-0.0,0.0
2019-03-14,7,0,117,3.11,3.11,0.0,-832.277617,0.0
2019-03-14,7,0,119,200.0,200.0,0.0,21427.119802,0.0
2019-03-14,7,0,120,117.6,117.6,0.0,12599.146443,0.0
2019-03-14,7,0,123,0.0,0.0,0.0,0.0,0.0
2019-03-14,7,0,125,174.2,174.2,0.0,2156.712157,0.0
2019-03-14,7,0,126,0.0,0.0,0.0,0.0,0.0
2019-03-14,7,0,127,0.0,0.0,0.0,0.0,0.0
2019-03-14,7,0,128,249.5,249.5,0.0,3088.976367,0.0
2019-03-14,7,0,131,30.0,30.0,0.0,-11352.524509,0.0
2019-03-14,7,0,132,44.1,44.1,0.0,-16688.211028,0.0
2019-03-14,7,0,133,6.26,6.26,0.0,51.62412,0.0
2019-03-14,7,0,134,0.0,0.0,0.0,0.0,0.0
2019-03-14,7,0,135,8.39,8.39,0.0,69.189515,0.0
2019-03-14,7,0,136,8.55,8.55,0.0,70.796661,0.0
2019-03-14,7,0,139,100.9,100.9,0.0,1111.523345,0.0
2019-03-14,7,0,140,250.6,250.6,0.0,-250600.0,0.0
2019-03-14,7,0,141,230.0,230.0,0.0,-128876.874483,0.0
2019-03-14,7,0,142,0.0,0.0,0.0,-0.0,0.0
2019-03-14,7,0,143,113.07,113.07,0.0,1402.844219,0.0
2019-03-14,7,0,145,26.89,26.89,0.0,310.745748,0.0
2019-03-14,7,0,146,268.0,268.0,0.0,-268000.0,0.0
2019-03-14,7,0,152,0.0,0.0,0.0,0.0,0.0
2019-03-14,7,0,153,0.0,0.0,0.0,0.0,0.0
2019-03-14,7,0,154,0.0,0.0,0.0,0.0,0.0
2019-03-14,7,0,157,20.46,20.46,0.0,-11464.438487,0.0
2019-03-14,7,0,158,0.0,0.0,0.0,-0.0,0.0
2019-03-14,7,0,159,0.0,0.0,0.0,0.0,0.0
2019-03-14,7,0,160,0.0,0.0,0.0,0.0,0.0
2019-03-14,7,0,161,0.0,0.0,0.0,-0.0,0.0
2019-03-14,7,0,162,48.75,48.75,0.0,985.872973,0.0
2019-03-14,7,0,163,113.56,113.56,0.0,-113560.0,0.0
2019-03-14,7,0,164,0.0,0.0,0.0,0.0,0.0
2019-03-14,7,0,167,0.0,0.0,0.0,0.0,0.0
2019-03-14,7,0,168,0.0,0.0,0.0,0.0,0.0
2019-03-14,7,0,169,0.0,0.0,0.0,0.0,0.0
2019-03-14,7,0,170,0.0,0.0,0.0,0.0,0.0
2019-03-14,7,0,172,0.0,0.0,0.0,0.0,0.0
2019-03-14,7,0,173,0.0,0.0,0.0,0.0,0.0
2019-03-14,7,0,188,0.0,0.0,0.0,0.0,0.0
2019-03-14,7,0,190,0.0,0.0,0.0,0.0,0.0
2019-03-14,7,0,191,0.0,0.0,0.0,0.0,0.0
2019-03-14,7,0,192,161.75,161.75,0.0,5245.157364,0.0
2019-03-14,7,0,194,176.5,176.5,0.0,-23466.312016,0.0
2019-03-14,7,0,196,0.0,0.0,0.0,0.0,0.0
2019-03-14,7,0,198,0.0,0.0,0.0,0.0,0.0
2019-03-14,7,0,199,39.0,39.0,0.0,-1354.266377,0.0
2019-03-14,7,0,200,0.0,0.0,0.0,-0.0,0.0
2019-03-14,7,0,204,857.0,857.0,0.0,8757.140762,0.0
2019-03-14,7,0,205,1058.0,1058.0,0.0,10701.734055,0.0
2019-03-14,7,0,206,353.38,353.38,0.0,4394.01335,0.0
2019-03-14,7,0,210,0.0,0.0,0.0,0.0,0.0
2019-03-14,7,0,214,0.0,0.0,0.0,0.0,0.0
2019-03-14,7,0,217,0.0,0.0,0.0,0.0,0.0
2019-03-14,7,0,218,0.0,0.0,0.0,0.0,0.0
2019-03-14,7,0,219,0.0,0.0,0.0,0.0,0.0
2019-03-14,7,0,221,0.0,0.0,0.0,0.0,0.0
2019-03-14,7,0,225,0.0,0.0,0.0,0.0,0.0
2019-03-14,7,0,233,0.0,0.0,0.0,0.0,0.0
2019-03-14,7,0,236,11.84,11.84,0.0,102.40349,0.0
2019-03-14,7,0,237,55.76,55.76,0.0,507.975353,0.0
2019-03-14,7,0,238,0.0,0.0,0.0,0.0,0.0
2019-03-14,7,0,240,0.0,0.0,0.0,0.0,0.0
2019-03-14,7,0,245,3.26,3.26,0.0,26.542105,0.0
2019-03-14,7,0,247,0.0,0.0,0.0,0.0,0.0
2019-03-14,7,0,248,5.6,5.6,0.0,51.016176,0.0
2019-03-14,7,0,249,6.26,6.26,0.0,50.967356,0.0
2019-03-14,7,0,251,18.44,18.44,0.0,153.545778,0.0
2019-03-14,7,0,252,21.58,21.58,0.0,178.654427,0.0
2019-03-14,7,0,254,0.0,0.0,0.0,0.0,0.0
2019-03-14,7,0,255,0.0,0.0,0.0,0.0,0.0
2019-03-14,7,0,258,0.0,0.0,0.0,0.0,0.0
2019-03-14,7,0,260,0.0,0.0,0.0,0.0,0.0
2019-03-14,7,0,265,0.0,0.0,0.0,0.0,0.0
2019-03-14,7,0,266,65.32,65.32,0.0,719.570911,0.0
2019-03-14,7,0,267,80.28,80.28,0.0,884.371597,0.0
2019-03-14,7,0,270,354.63,354.63,0.0,-354630.0,0.0
2019-03-14,7,0,272,270.16,270.16,0.0,-72298.43118,0.0
2019-03-14,7,0,273,0.0,0.0,0.0,-0.0,0.0
2019-03-14,7,0,274,457.16,457.16,0.0,-457160.0,0.0
2019-03-14,7,0,275,636.38,636.38,0.0,-636380.0,0.0
2019-03-14,7,0,276,0.0,0.0,0.0,-0.0,0.0
2019-03-14,7,0,277,0.0,0.0,0.0,-0.0,0.0
2019-03-14,7,0,278,0.0,0.0,0.0,-0.0,0.0
2019-03-14,7,0,279,264.6,264.6,0.0,-73970.21593,0.0
2019-03-14,7,0,281,24.24,24.24,0.0,300.742406,0.0
2019-03-14,7,0,282,0.0,0.0,0.0,0.0,0.0
2019-03-14,8,0,9,0.0,0.0,0.0,0.0,0.0
2019-03-14,8,0,17,3.45,3.45,0.0,30.932369,0.0
2019-03-14,8,0,19,0.0,0.0,0.0,0.0,0.0
2019-03-14,8,0,20,0.0,0.0,0.0,0.0,0.0
2019-03-14,8,0,21,0.0,0.0,0.0,0.0,0.0
2019-03-14,8,0,22,0.0,0.0,0.0,0.0,0.0
2019-03-14,8,0,23,108.8,108.8,0.0,586.534062,0.0
2019-03-14,8,0,24,192.5,192.5,0.0,1037.755578,0.0
2019-03-14,8,0,29,0.86,0.86,0.0,8.646934,0.0
2019-03-14,8,0,30,0.0,0.0,0.0,0.0,0.0
2019-03-14,8,0,31,22.24,22.24,0.0,119.393342,0.0
2019-03-14,8,0,32,0.44,0.44,0.0,8.006402,0.0
2019-03-14,8,0,33,0.2,0.2,0.0,1.920472,0.0
2019-03-14,8,0,34,0.31,0.31,0.0,2.976732,0.0
2019-03-14,8,0,35,0.31,0.31,0.0,2.976732,0.0
2019-03-14,8,0,36,0.61,0.61,0.0,4.875062,0.0
2019-03-14,8,0,37,0.3,0.3,0.0,2.394217,0.0
2019-03-14,8,0,38,0.38,0.38,0.0,3.032675,0.0
2019-03-14,8,0,39,0.25,0.25,0.0,1.995181,0.0
2019-03-14,8,0,40,0.25,0.25,0.0,1.995181,0.0
2019-03-14,8,0,41,34.8,34.8,0.0,228.506247,0.0
2019-03-14,8,0,42,2.36,2.36,0.0,20.833944,0.0
2019-03-14,8,0,43,2.02,2.02,0.0,16.47926,0.0
2019-03-14,8,0,46,1.59,1.59,0.0,12.307811,0.0
2019-03-14,8,0,52,23.57,23.57,0.0,126.533321,0.0
2019-03-14,8,0,53,37.45,37.45,0.0,201.046792,0.0
2019-03-14,8,0,55,186.9,186.9,0.0,1007.566325,0.0
2019-03-14,8,0,56,0.0,0.0,0.0,0.0,0.0
2019-03-14,8,0,57,0.0,0.0,0.0,0.0,0.0
2019-03-14,8,0,58,0.0,0.0,0.0,0.0,0.0
2019-03-14,8,0,59,0.0,0.0,0.0,0.0,0.0
2019-03-14,8,0,63,96.01,96.01,0.0,2101.477408,0.0
2019-03-14,8,0,64,112.86,112.86,0.0,2470.292056,0.0
2019-03-14,8,0,65,1.62,1.62,0.0,14.483247,0.0
2019-03-14,8,0,67,0.0,0.0,0.0,-0.0,0.0
2019-03-14,8,0,68,10.2,10.2,0.0,-28.400746,0.0
2019-03-14,8,0,69,0.2,0.2,0.0,1.920472,0.0
2019-03-14,8,0,74,26.97,26.97,0.0,221.529418,0.0
2019-03-14,8,0,77,147.17,147.17,0.0,474.657719,0.0
2019-03-14,8,0,78,111.12,111.12,0.0,358.388026,0.0
2019-03-14,8,0,79,64.1,64.1,0.0,206.737513,0.0
2019-03-14,8,0,80,103.96,103.96,0.0,335.295349,0.0
2019-03-14,8,0,81,136.09,136.09,0.0,438.922124,0.0
2019-03-14,8,0,82,95.84,95.84,0.0,309.106447,0.0
2019-03-14,8,0,83,214.4,214.4,0.0,691.490215,0.0
2019-03-14,8,0,84,0.0,0.0,0.0,0.0,0.0
2019-03-14,8,0,86,0.99,0.99,0.0,9.506339,0.0
2019-03-14,8,0,87,5.06,5.06,0.0,48.587953,0.0
2019-03-14,8,0,88,123.33,123.33,0.0,397.768135,0.0
2019-03-14,8,0,89,119.02,119.02,0.0,383.867376,0.0
2019-03-14,8,0,90,155.3,155.3,0.0,500.878873,0.0
2019-03-14,8,0,91,486.84,486.84,0.0,1570.173024,0.0
2019-03-14,8,0,92,194.81,194.81,0.0,628.307877,0.0
2019-03-14,8,0,95,36.0,36.0,0.0,660.407781,0.0
2019-03-14,8,0,96,22.14,22.14,0.0,118.335136,0.0
2019-03-14,8,0,97,136.13,136.13,0.0,727.595393,0.0
2019-03-14,8,0,99,5.21,5.21,0.0,42.794522,0.0
2019-03-14,8,0,101,0.0,0.0,0.0,0.0,0.0
2019-03-14,8,0,102,24.15,24.15,0.0,-67.242943,0.0
2019-03-14,8,0,103,21.0,21.0,0.0,-58.472124,0.0
2019-03-14,8,0,104,3.9,3.9,0.0,-10.859109,0.0
2019-03-14,8,0,106,0.0,0.0,0.0,0.0,0.0
2019-03-14,8,0,109,200.0,200.0,0.0,1467.640638,0.0
2019-03-14,8,0,110,338.6,338.6,0.0,-10631.47303,0.0
2019-03-14,8,0,111,0.29,0.29,0.0,1.904219,0.0
2019-03-14,8,0,113,141.55,141.55,0.0,591.950966,0.0
2019-03-14,8,0,115,141.55,141.55,0.0,591.950966,0.0
2019-03-14,8,0,116,2.05,2.05,0.0,-64.366567,0.0
2019-03-14,8,0,117,7.33,7.33,0.0,30.653483,0.0
2019-03-14,8,0,119,112.86,112.86,0.0,2470.292056,0.0
2019-03-14,8,0,120,66.59,66.59,0.0,1457.529222,0.0
2019-03-14,8,0,123,0.0,0.0,0.0,0.0,0.0
2019-03-14,8,0,125,174.2,174.2,0.0,939.101412,0.0
2019-03-14,8,0,126,0.0,0.0,0.0,0.0,0.0
2019-03-14,8,0,127,0.0,0.0,0.0,0.0,0.0
2019-03-14,8,0,128,249.5,249.5,0.0,1345.039048,0.0
2019-03-14,8,0,131,30.0,30.0,0.0,-27.096573,0.0
2019-03-14,8,0,132,44.1,44.1,0.0,-39.831962,0.0
2019-03-14,8,0,133,0.0,0.0,0.0,0.0,0.0
2019-03-14,8,0,134,0.0,0.0,0.0,0.0,0.0
2019-03-14,8,0,135,0.0,0.0,0.0,0.0,0.0
2019-03-14,8,0,136,4.03,4.03,0.0,36.023643,0.0
2019-03-14,8,0,139,44.94,44.94,0.0,295.08824,0.0
2019-03-14,8,0,140,250.6,250.6,0.0,-7868.420382,0.0
2019-03-14,8,0,141,230.0,230.0,0.0,-2260.470706,0.0
2019-03-14,8,0,142,0.0,0.0,0.0,-0.0,0.0
2019-03-14,8,0,143,43.99,43.99,0.0,236.156165,0.0
2019-03-14,8,0,145,30.0,30.0,0.0,182.987872,0.0
2019-03-14,8,0,146,268.0,268.0,0.0,-8414.751247,0.0
2019-03-14,8,0,152,0.41,0.41,0.0,3.379098,0.0
2019-03-14,8,0,153,0.53,0.53,0.0,4.350798,0.0
2019-03-14,8,0,154,1.19,1.19,0.0,7.813863,0.0
2019-03-14,8,0,157,44.71,44.71,0.0,-439.415849,0.0
2019-03-14,8,0,158,0.0,0.0,0.0,-0.0,0.0
2019-03-14,8,0,159,0.0,0.0,0.0,0.0,0.0
2019-03-14,8,0,160,0.18,0.18,0.0,1.567314,0.0
2019-03-14,8,0,161,0.01,0.01,0.0,-0.027844,0.0
2019-03-14,8,0,162,48.75,48.75,0.0,896.220132,0.0
2019-03-14,8,0,163,78.25,78.25,0.0,-2456.918974,0.0
2019-03-14,8,0,164,0.0,0.0,0.0,0.0,0.0
2019-03-14,8,0,167,0.54,0.54,0.0,9.849852,0.0
2019-03-14,8,0,168,0.27,0.27,0.0,4.924926,0.0
2019-03-14,8,0,169,0.0,0.0,0.0,0.0,0.0
2019-03-14,8,0,170,0.59,0.59,0.0,10.761875,0.0
2019-03-14,8,0,172,0.72,0.72,0.0,12.385512,0.0
2019-03-14,8,0,173,1.09,1.09,0.0,18.750289,0.0
2019-03-14,8,0,188,0.88,0.88,0.0,15.447131,0.0
2019-03-14,8,0,190,0.35,0.35,0.0,7.660838,0.0
2019-03-14,8,0,191,0.89,0.89,0.0,19.480418,0.0
2019-03-14,8,0,192,227.6,227.6,0.0,4981.733758,0.0
2019-03-14,8,0,194,176.5,176.5,0.0,1821.054623,0.0
2019-03-14,8,0,196,0.19,0.19,0.0,5.561843,0.0
2019-03-14,8,0,198,0.9,0.9,0.0,8.666942,0.0
2019-03-14,8,0,199,39.0,39.0,0.0,453.550709,0.0
2019-03-14,8,0,200,1.61,1.61,0.0,18.723504,0.0
2019-03-14,8,0,204,856.99,856.99,0.0,6211.966469,0.0
2019-03-14,8,0,205,1058.0,1058.0,0.0,7763.818976,0.0
2019-03-14,8,0,206,400.02,400.02,0.0,2138.049726,0.0
2019-03-14,8,0,210,0.28,0.28,0.0,2.852962,0.0
2019-03-14,8,0,214,1.29,1.29,0.0,12.872646,0.0
2019-03-14,8,0,217,0.97,0.97,0.0,9.774378,0.0
2019-03-14,8,0,218,1.34,1.34,0.0,13.502749,0.0
2019-03-14,8,0,219,0.91,0.91,0.0,9.169777,0.0
2019-03-14,8,0,221,0.69,0.69,0.0,6.885369,0.0
2019-03-14,8,0,225,0.76,0.76,0.0,7.6316,0.0
2019-03-14,8,0,233,0.56,0.56,0.0,5.377323,0.0
2019-03-14,8,0,236,20.61,20.61,0.0,177.576264,0.0
2019-03-14,8,0,237,64.71,64.71,0.0,531.522754,0.0
2019-03-14,8,0,238,3.08,3.08,0.0,27.190062,0.0
2019-03-14,8,0,240,0.69,0.69,0.0,5.514415,0.0
2019-03-14,8,0,245,0.0,0.0,0.0,0.0,0.0
2019-03-14,8,0,247,0.0,0.0,0.0,0.0,0.0
2019-03-14,8,0,248,6.5,6.5,0.0,53.390479,0.0
2019-03-14,8,0,249,0.0,0.0,0.0,0.0,0.0
2019-03-14,8,0,251,8.68,8.68,0.0,77.236368,0.0
2019-03-14,8,0,252,10.43,10.43,0.0,93.24708,0.0
2019-03-14,8,0,254,1.22,1.22,0.0,10.120969,0.0
2019-03-14,8,0,255,0.56,0.56,0.0,4.645691,0.0
2019-03-14,8,0,258,0.86,0.86,0.0,6.896116,0.0
2019-03-14,8,0,260,0.43,0.43,0.0,3.74414,0.0
2019-03-14,8,0,265,1.24,1.24,0.0,8.142177,0.0
2019-03-14,8,0,266,29.1,29.1,0.0,191.0785,0.0
2019-03-14,8,0,267,35.76,35.76,0.0,234.809868,0.0
2019-03-14,8,0,270,244.39,244.39,0.0,-7673.43678,0.0
2019-03-14,8,0,272,490.05,490.05,0.0,2049.350554,0.0
2019-03-14,8,0,273,0.49,0.49,0.0,-15.38518,0.0
2019-03-14,8,0,274,315.04,315.04,0.0,-9891.72848,0.0
2019-03-14,8,0,275,438.54,438.54,0.0,-13769.421685,0.0
2019-03-14,8,0,276,0.1,0.1,0.0,-2.658216,0.0
2019-03-14,8,0,277,0.16,0.16,0.0,0.607739,0.0
2019-03-14,8,0,278,0.25,0.25,0.0,0.949593,0.0
2019-03-14,8,0,279,264.6,264.6,0.0,1005.048711,0.0
2019-03-14,8,0,281,9.98,9.98,0.0,53.576688,0.0
2019-03-14,8,0,282,0.0,0.0,0.0,0.0,0.0
2019-03-14,9,0,9,0.95,0.95,0.0,-1.243893,0.0
2019-03-14,9,0,17,17.18,17.18,0.0,136.671316,0.0
2019-03-14,9,0,19,0.0,0.0,0.0,0.0,0.0
2019-03-14,9,0,20,0.0,0.0,0.0,0.0,0.0
2019-03-14,9,0,21,21.71,21.71,0.0,-28.426232,0.0
2019-03-14,9,0,22,77.17,77.17,0.0,-101.043406,0.0
2019-03-14,9,0,23,108.8,108.8,0.0,-142.458501,0.0
2019-03-14,9,0,24,192.5,192.5,0.0,-252.052035,0.0
2019-03-14,9,0,29,2.98,2.98,0.0,19.752053,0.0
2019-03-14,9,0,30,168.98,168.98,0.0,-230.635206,0.0
2019-03-14,9,0,31,29.85,29.85,0.0,-40.741276,0.0
2019-03-14,9,0,32,2.17,2.17,0.0,48.472095,0.0
2019-03-14,9,0,33,0.97,0.97,0.0,9.46267,0.0
2019-03-14,9,0,34,1.55,1.55,0.0,15.120761,0.0
2019-03-14,9,0,35,1.55,1.55,0.0,15.120761,0.0
2019-03-14,9,0,36,3.97,3.97,0.0,19.938817,0.0
2019-03-14,9,0,37,1.89,1.89,0.0,9.378159,0.0
2019-03-14,9,0,38,2.42,2.42,0.0,12.008013,0.0
2019-03-14,9,0,39,1.62,1.62,0.0,8.038422,0.0
2019-03-14,9,0,40,1.62,1.62,0.0,8.038422,0.0
2019-03-14,9,0,41,34.8,34.8,0.0,56.428312,0.0
2019-03-14,9,0,42,19.62,19.62,0.0,148.426564,0.0
2019-03-14,9,0,43,12.13,12.13,0.0,64.239016,0.0
2019-03-14,9,0,46,10.73,10.73,0.0,46.617805,0.0
2019-03-14,9,0,52,31.67,31.67,0.0,-43.225334,0.0
2019-03-14,9,0,53,50.59,50.59,0.0,-69.048616,0.0
2019-03-14,9,0,55,186.9,186.9,0.0,-244.719612,0.0
2019-03-14,9,0,56,49.84,49.84,0.0,-68.024965,0.0
2019-03-14,9,0,57,47.41,47.41,0.0,-64.708339,0.0
2019-03-14,9,0,58,91.18,91.18,0.0,-124.448562,0.0
2019-03-14,9,0,59,89.66,89.66,0.0,-122.373965,0.0
2019-03-14,9,0,63,49.29,49.29,0.0,1468.716651,0.0
2019-03-14,9,0,64,57.99,57.99,0.0,1727.954526,0.0
2019-03-14,9,0,65,0.0,0.0,0.0,0.0,0.0
2019-03-14,9,0,67,97.42,97.42,0.0,-3193.817962,0.0
2019-03-14,9,0,68,18.92,18.92,0.0,-354.007276,0.0
2019-03-14,9,0,69,0.97,0.97,0.0,9.46267,0.0
2019-03-14,9,0,74,33.65,33.65,0.0,197.011343,0.0
2019-03-14,9,0,77,60.0,60.0,0.0,-398.191778,0.0
2019-03-14,9,0,78,45.36,45.36,0.0,-301.032984,0.0
2019-03-14,9,0,79,26.25,26.25,0.0,-174.208903,0.0
2019-03-14,9,0,80,42.45,42.45,0.0,-281.720683,0.0
2019-03-14,9,0,81,55.5,55.5,0.0,-368.327395,0.0
2019-03-14,9,0,82,39.15,39.15,0.0,-259.820135,0.0
2019-03-14,9,0,83,87.3,87.3,0.0,-579.369037,0.0
2019-03-14,9,0,84,0.0,0.0,0.0,0.0,0.0
2019-03-14,9,0,86,4.92,4.92,0.0,47.996221,0.0
2019-03-14,9,0,87,25.12,25.12,0.0,245.053879,0.0
2019-03-14,9,0,88,155.83,155.83,0.0,-1034.170413,0.0
2019-03-14,9,0,89,148.85,148.85,0.0,-987.847436,0.0
2019-03-14,9,0,90,208.93,208.93,0.0,-1386.570137,0.0
2019-03-14,9,0,91,785.09,785.09,0.0,-5210.273052,0.0
2019-03-14,9,0,92,276.23,276.23,0.0,-1833.208581,0.0
2019-03-14,9,0,95,36.0,36.0,0.0,814.46477,0.0
2019-03-14,9,0,96,25.31,25.31,0.0,-36.012986,0.0
2019-03-14,9,0,97,155.63,155.63,0.0,-221.442155,0.0
2019-03-14,9,0,99,6.5,6.5,0.0,38.055683,0.0
2019-03-14,9,0,101,3.4,3.4,0.0,-4.640547,0.0
2019-03-14,9,0,102,44.74,44.74,0.0,-837.118685,0.0
2019-03-14,9,0,103,38.91,38.91,0.0,-728.035047,0.0
2019-03-14,9,0,104,7.26,7.26,0.0,-135.840001,0.0
2019-03-14,9,0,106,75.96,75.96,0.0,-99.459078,0.0
2019-03-14,9,0,109,186.24,186.24,0.0,644.296585,0.0
2019-03-14,9,0,110,338.6,338.6,0.0,-25693.243489,0.0
2019-03-14,9,0,111,5.41,5.41,0.0,8.772332,0.0
2019-03-14,9,0,113,84.3,84.3,0.0,-416.90581,0.0
2019-03-14,9,0,115,84.3,84.3,0.0,-416.90581,0.0
2019-03-14,9,0,116,39.74,39.74,0.0,-3015.503533,0.0
2019-03-14,9,0,117,5.73,5.73,0.0,-28.337726,0.0
2019-03-14,9,0,119,57.99,57.99,0.0,1727.954526,0.0
2019-03-14,9,0,120,34.1,34.1,0.0,1016.09328,0.0
2019-03-14,9,0,123,1.27,1.27,0.0,-1.662889,0.0
2019-03-14,9,0,125,174.2,174.2,0.0,-228.090725,0.0
2019-03-14,9,0,126,56.97,56.97,0.0,-74.594309,0.0
2019-03-14,9,0,127,73.11,73.11,0.0,-95.727399,0.0
2019-03-14,9,0,128,249.5,249.5,0.0,-326.685625,0.0
2019-03-14,9,0,131,30.0,30.0,0.0,-448.566266,0.0
2019-03-14,9,0,132,44.1,44.1,0.0,-659.392411,0.0
2019-03-14,9,0,133,0.0,0.0,0.0,0.0,0.0
2019-03-14,9,0,134,0.0,0.0,0.0,0.0,0.0
2019-03-14,9,0,135,0.0,0.0,0.0,0.0,0.0
2019-03-14,9,0,136,1.51,1.51,0.0,11.89698,0.0
2019-03-14,9,0,139,44.94,44.94,0.0,72.870355,0.0
2019-03-14,9,0,140,250.6,250.6,0.0,-19015.731892,0.0
2019-03-14,9,0,141,230.0,230.0,0.0,-7540.32161,0.0
2019-03-14,9,0,142,128.48,128.48,0.0,-4212.089219,0.0
2019-03-14,9,0,143,79.49,79.49,0.0,-108.493269,0.0
2019-03-14,9,0,145,30.0,30.0,0.0,12.79816,0.0
2019-03-14,9,0,146,268.0,268.0,0.0,-20336.058048,0.0
2019-03-14,9,0,152,2.88,2.88,0.0,16.965752,0.0
2019-03-14,9,0,153,3.67,3.67,0.0,21.276803,0.0
2019-03-14,9,0,154,22.33,22.33,0.0,36.208167,0.0
2019-03-14,9,0,157,114.37,114.37,0.0,-3749.50688,0.0
2019-03-14,9,0,158,49.12,49.12,0.0,-1610.350424,0.0
2019-03-14,9,0,159,0.0,0.0,0.0,0.0,0.0
2019-03-14,9,0,160,0.97,0.97,0.0,6.213909,0.0
2019-03-14,9,0,161,19.07,19.07,0.0,-356.813887,0.0
2019-03-14,9,0,162,48.75,48.75,0.0,1106.847558,0.0
2019-03-14,9,0,163,57.73,57.73,0.0,-4380.59937,0.0
2019-03-14,9,0,164,6.09,6.09,0.0,-8.312039,0.0
2019-03-14,9,0,167,2.49,2.49,0.0,55.811988,0.0
2019-03-14,9,0,168,1.24,1.24,0.0,27.793922,0.0
2019-03-14,9,0,169,0.0,0.0,0.0,0.0,0.0
2019-03-14,9,0,170,2.72,2.72,0.0,60.967312,0.0
2019-03-14,9,0,172,3.31,3.31,0.0,66.492093,0.0
2019-03-14,9,0,173,5.04,5.04,0.0,101.244758,0.0
2019-03-14,9,0,188,4.39,4.39,0.0,92.233776,0.0
2019-03-14,9,0,190,3.4,3.4,0.0,101.311353,0.0
2019-03-14,9,0,191,8.78,8.78,0.0,261.621672,0.0
2019-03-14,9,0,192,310.02,310.02,0.0,9237.807588,0.0
2019-03-14,9,0,194,130.37,130.37,0.0,926.642762,0.0
2019-03-14,9,0,196,2.19,2.19,0.0,97.590918,0.0
2019-03-14,9,0,198,4.35,4.35,0.0,34.949631,0.0
2019-03-14,9,0,199,39.0,39.0,0.0,425.014727,0.0
2019-03-14,9,0,200,7.97,7.97,0.0,86.855574,0.0
2019-03-14,9,0,204,480.72,480.72,0.0,1549.194392,0.0
2019-03-14,9,0,205,1048.92,1048.92,0.0,3628.734825,0.0
2019-03-14,9,0,206,457.32,457.32,0.0,-650.709543,0.0
2019-03-14,9,0,210,0.98,0.98,0.0,6.973176,0.0
2019-03-14,9,0,214,5.14,5.14,0.0,55.61958,0.0
2019-03-14,9,0,217,3.62,3.62,0.0,33.363004,0.0
2019-03-14,9,0,218,5.0,5.0,0.0,46.081497,0.0
2019-03-14,9,0,219,3.41,3.41,0.0,31.427581,0.0
2019-03-14,9,0,221,2.74,2.74,0.0,29.649348,0.0
2019-03-14,9,0,225,2.67,2.67,0.0,17.571664,0.0
2019-03-14,9,0,233,2.78,2.78,0.0,27.119816,0.0
2019-03-14,9,0,236,39.59,39.59,0.0,275.611942,0.0
2019-03-14,9,0,237,80.73,80.73,0.0,472.651581,0.0
2019-03-14,9,0,238,25.53,25.53,0.0,193.136095,0.0
2019-03-14,9,0,240,4.5,4.5,0.0,22.600674,0.0
2019-03-14,9,0,245,0.0,0.0,0.0,0.0,0.0
2019-03-14,9,0,247,0.0,0.0,0.0,0.0,0.0
2019-03-14,9,0,248,8.1,8.1,0.0,47.423236,0.0
2019-03-14,9,0,249,0.0,0.0,0.0,0.0,0.0
2019-03-14,9,0,251,0.0,0.0,0.0,0.0,0.0
2019-03-14,9,0,252,0.0,0.0,0.0,0.0,0.0
2019-03-14,9,0,254,6.54,6.54,0.0,36.45704,0.0
2019-03-14,9,0,255,3.0,3.0,0.0,16.723413,0.0
2019-03-14,9,0,258,5.57,5.57,0.0,28.220659,0.0
2019-03-14,9,0,260,2.35,2.35,0.0,15.054316,0.0
2019-03-14,9,0,265,23.12,23.12,0.0,37.489155,0.0
2019-03-14,9,0,266,29.1,29.1,0.0,47.185744,0.0
2019-03-14,9,0,267,35.76,35.76,0.0,57.984956,0.0
2019-03-14,9,0,270,180.28,180.28,0.0,-13679.793078,0.0
2019-03-14,9,0,272,281.31,281.31,0.0,-1391.219138,0.0
2019-03-14,9,0,273,9.5,9.5,0.0,-720.867729,0.0
2019-03-14,9,0,274,232.41,232.41,0.0,-17635.459892,0.0
2019-03-14,9,0,275,323.51,323.51,0.0,-24548.202012,0.0
2019-03-14,9,0,276,2.11,2.11,0.0,-139.804815,0.0
2019-03-14,9,0,277,2.68,2.68,0.0,-15.070879,0.0
2019-03-14,9,0,278,4.29,4.29,0.0,-24.124653,0.0
2019-03-14,9,0,279,264.6,264.6,0.0,-1487.9681,0.0
2019-03-14,9,0,281,13.3,13.3,0.0,-18.15273,0.0
2019-03-14,9,0,282,92.7,92.7,0.0,-126.52316,0.0
2019-03-14,10,0,9,2.07,2.07,0.0,13.432834,0.0
2019-03-14,10,0,17,32.19,32.19,0.0,290.276903,0.0
2019-03-14,10,0,19,32.41,32.41,0.0,292.260778,0.0
2019-03-14,10,0,20,40.15,40.15,0.0,362.057088,0.0
2019-03-14,10,0,21,47.36,47.36,0.0,307.332861,0.0
2019-03-14,10,0,22,168.31,168.31,0.0,1092.212709,0.0
2019-03-14,10,0,23,108.8,108.8,0.0,706.034952,0.0
2019-03-14,10,0,24,192.5,192.5,0.0,1249.188679,0.0
2019-03-14,10,0,29,5.39,5.39,0.0,48.537206,0.0
2019-03-14,10,0,30,371.78,371.78,0.0,2406.866901,0.0
2019-03-14,10,0,31,64.99,64.99,0.0,420.738824,0.0
2019-03-14,10,0,32,4.03,4.03,0.0,58.513488,0.0
2019-03-14,10,0,33,1.81,1.81,0.0,17.188039,0.0
2019-03-14,10,0,34,2.89,2.89,0.0,27.443886,0.0
2019-03-14,10,0,35,2.89,2.89,0.0,27.443886,0.0
2019-03-14,10,0,36,7.37,7.37,0.0,60.814812,0.0
2019-03-14,10,0,37,3.49,3.49,0.0,28.750057,0.0
2019-03-14,10,0,38,4.49,4.49,0.0,36.987895,0.0
2019-03-14,10,0,39,2.99,2.99,0.0,24.631137,0.0
2019-03-14,10,0,40,2.99,2.99,0.0,24.631137,0.0
2019-03-14,10,0,41,34.8,34.8,0.0,253.998977,0.0
2019-03-14,10,0,42,38.27,38.27,0.0,341.134179,0.0
2019-03-14,10,0,43,22.46,22.46,0.0,187.306213,0.0
2019-03-14,10,0,46,20.1,20.1,0.0,162.18649,0.0
2019-03-14,10,0,52,68.93,68.93,0.0,446.245994,0.0
2019-03-14,10,0,53,109.91,109.91,0.0,711.546455,0.0
2019-03-14,10,0,55,186.9,186.9,0.0,1212.848645,0.0
2019-03-14,10,0,56,109.66,109.66,0.0,709.92798,0.0
2019-03-14,10,0,57,104.31,104.31,0.0,675.29261,0.0
2019-03-14,10,0,58,200.6,200.6,0.0,1298.664534,0.0
2019-03-14,10,0,59,197.26,197.26,0.0,1277.041704,0.0
2019-03-14,10,0,63,46.71,46.71,0.0,788.505947,0.0
2019-03-14,10,0,64,54.95,54.95,0.0,927.604406,0.0
2019-03-14,10,0,65,0.0,0.0,0.0,0.0,0.0
2019-03-14,10,0,67,216.64,216.64,0.0,-722.821156,0.0
2019-03-14,10,0,68,32.53,32.53,0.0,37.889442,0.0
2019-03-14,10,0,69,1.81,1.81,0.0,17.188039,0.0
2019-03-14,10,0,74,71.52,71.52,0.0,604.856209,0.0
2019-03-14,10,0,77,60.0,60.0,0.0,300.687673,0.0
2019-03-14,10,0,78,45.36,45.36,0.0,227.31988,0.0
2019-03-14,10,0,79,26.25,26.25,0.0,131.550857,0.0
2019-03-14,10,0,80,42.45,42.45,0.0,212.736528,0.0
2019-03-14,10,0,81,55.5,55.5,0.0,278.136097,0.0
2019-03-14,10,0,82,39.15,39.15,0.0,196.198706,0.0
2019-03-14,10,0,83,87.3,87.3,0.0,437.500564,0.0
2019-03-14,10,0,84,0.0,0.0,0.0,0.0,0.0
2019-03-14,10,0,86,9.15,9.15,0.0,86.889812,0.0
2019-03-14,10,0,87,46.69,46.69,0.0,443.375447,0.0
2019-03-14,10,0,88,103.48,103.48,0.0,518.586006,0.0
2019-03-14,10,0,89,99.0,99.0,0.0,496.13466,0.0
2019-03-14,10,0,90,137.47,137.47,0.0,688.925572,0.0
2019-03-14,10,0,91,509.29,509.29,0.0,2552.287079,0.0
2019-03-14,10,0,92,180.45,180.45,0.0,904.318175,0.0
2019-03-14,10,0,95,88.65,88.65,0.0,1295.520427,0.0
2019-03-14,10,0,96,29.07,29.07,0.0,187.728711,0.0
2019-03-14,10,0,97,178.78,178.78,0.0,1154.528342,0.0
2019-03-14,10,0,99,14.7,14.7,0.0,124.320278,0.0
2019-03-14,10,0,101,7.49,7.49,0.0,48.489518,0.0
2019-03-14,10,0,102,77.03,77.03,0.0,89.720987,0.0
2019-03-14,10,0,103,66.98,66.98,0.0,78.015211,0.0
2019-03-14,10,0,104,12.44,12.44,0.0,14.489538,0.0
2019-03-14,10,0,106,165.69,165.69,0.0,1075.210765,0.0
2019-03-14,10,0,109,171.07,171.07,0.0,1336.7587,0.0
2019-03-14,10,0,110,338.6,338.6,0.0,-5797.104317,0.0
2019-03-14,10,0,111,10.44,10.44,0.0,76.199693,0.0
2019-03-14,10,0,113,150.0,150.0,0.0,840.321956,0.0
2019-03-14,10,0,115,150.0,150.0,0.0,840.321956,0.0
2019-03-14,10,0,116,79.97,79.97,0.0,-1369.150715,0.0
2019-03-14,10,0,117,10.0,10.0,0.0,56.021464,0.0
2019-03-14,10,0,119,54.95,54.95,0.0,927.604406,0.0
2019-03-14,10,0,120,32.31,32.31,0.0,545.421262,0.0
2019-03-14,10,0,123,2.76,2.76,0.0,17.910445,0.0
2019-03-14,10,0,125,174.2,174.2,0.0,1130.434638,0.0
2019-03-14,10,0,126,124.27,124.27,0.0,806.424297,0.0
2019-03-14,10,0,127,159.48,159.48,0.0,1034.912262,0.0
2019-03-14,10,0,128,249.5,249.5,0.0,1619.078314,0.0
2019-03-14,10,0,131,40.31,40.31,0.0,95.409831,0.0
2019-03-14,10,0,132,65.03,65.03,0.0,153.919656,0.0
2019-03-14,10,0,133,1.48,1.48,0.0,13.348751,0.0
2019-03-14,10,0,134,0.0,0.0,0.0,0.0,0.0
2019-03-14,10,0,135,1.98,1.98,0.0,17.858465,0.0
2019-03-14,10,0,136,0.0,0.0,0.0,0.0,0.0
2019-03-14,10,0,139,44.94,44.94,0.0,328.009023,0.0
2019-03-14,10,0,140,250.6,250.6,0.0,-4290.473544,0.0
2019-03-14,10,0,141,230.0,230.0,0.0,-767.396907,0.0
2019-03-14,10,0,142,285.7,285.7,0.0,-953.240419,0.0
2019-03-14,10,0,143,139.05,139.05,0.0,900.195929,0.0
2019-03-14,10,0,145,56.19,56.19,0.0,391.729179,0.0
2019-03-14,10,0,146,268.0,268.0,0.0,-4588.375538,0.0
2019-03-14,10,0,152,5.31,5.31,0.0,44.975971,0.0
2019-03-14,10,0,153,6.77,6.77,0.0,57.174711,0.0
2019-03-14,10,0,154,43.06,43.06,0.0,314.287239,0.0
2019-03-14,10,0,157,250.0,250.0,0.0,-834.127073,0.0
2019-03-14,10,0,158,139.16,139.16,0.0,-464.308494,0.0
2019-03-14,10,0,159,0.0,0.0,0.0,0.0,0.0
2019-03-14,10,0,160,1.78,1.78,0.0,15.430673,0.0
2019-03-14,10,0,161,41.15,41.15,0.0,47.92962,0.0
2019-03-14,10,0,162,91.77,91.77,0.0,1343.428441,0.0
2019-03-14,10,0,163,27.66,27.66,0.0,-473.561445,0.0
2019-03-14,10,0,164,13.6,13.6,0.0,88.045053,0.0
2019-03-14,10,0,167,4.6,4.6,0.0,66.917424,0.0
2019-03-14,10,0,168,2.3,2.3,0.0,33.458712,0.0
2019-03-14,10,0,169,0.0,0.0,0.0,0.0,0.0
2019-03-14,10,0,170,5.04,5.04,0.0,73.318222,0.0
2019-03-14,10,0,172,6.06,6.06,0.0,84.083604,0.0
2019-03-14,10,0,173,9.23,9.23,0.0,128.067932,0.0
2019-03-14,10,0,188,8.19,8.19,0.0,115.538951,0.0
2019-03-14,10,0,190,6.82,6.82,0.0,115.127608,0.0
2019-03-14,10,0,191,17.63,17.63,0.0,297.60993,0.0
2019-03-14,10,0,192,332.6,332.6,0.0,5614.580989,0.0
2019-03-14,10,0,194,52.95,52.95,0.0,503.226871,0.0
2019-03-14,10,0,196,4.46,4.46,0.0,96.331634,0.0
2019-03-14,10,0,198,7.86,7.86,0.0,72.13561,0.0
2019-03-14,10,0,199,39.0,39.0,0.0,399.915209,0.0
2019-03-14,10,0,200,14.55,14.55,0.0,149.199136,0.0
2019-03-14,10,0,204,257.1,257.1,0.0,1992.488196,0.0
2019-03-14,10,0,205,1010.31,1010.31,0.0,7894.666993,0.0
2019-03-14,10,0,206,525.35,525.35,0.0,3392.613629,0.0
2019-03-14,10,0,210,1.73,1.73,0.0,15.78859,0.0
2019-03-14,10,0,214,9.5,9.5,0.0,92.90399,0.0
2019-03-14,10,0,217,6.53,6.53,0.0,62.02236,0.0
2019-03-14,10,0,218,9.01,9.01,0.0,85.57756,0.0
2019-03-14,10,0,219,6.14,6.14,0.0,58.318115,0.0
2019-03-14,10,0,221,5.07,5.07,0.0,49.581392,0.0
2019-03-14,10,0,225,4.74,4.74,0.0,42.628397,0.0
2019-03-14,10,0,233,5.17,5.17,0.0,49.095118,0.0
2019-03-14,10,0,236,72.89,72.89,0.0,638.062893,0.0
2019-03-14,10,0,237,167.12,167.12,0.0,1413.360873,0.0
2019-03-14,10,0,238,49.82,49.82,0.0,444.08949,0.0
2019-03-14,10,0,240,8.35,8.35,0.0,68.901449,0.0
2019-03-14,10,0,245,0.0,0.0,0.0,0.0,0.0
2019-03-14,10,0,247,3.87,3.87,0.0,35.17238,0.0
2019-03-14,10,0,248,18.24,18.24,0.0,154.25863,0.0
2019-03-14,10,0,249,0.0,0.0,0.0,0.0,0.0
2019-03-14,10,0,251,0.0,0.0,0.0,0.0,0.0
2019-03-14,10,0,252,0.0,0.0,0.0,0.0,0.0
2019-03-14,10,0,254,11.9,11.9,0.0,100.224147,0.0
2019-03-14,10,0,255,5.45,5.45,0.0,45.900975,0.0
2019-03-14,10,0,258,10.34,10.34,0.0,85.469026,0.0
2019-03-14,10,0,260,4.31,4.31,0.0,37.363033,0.0
2019-03-14,10,0,265,44.58,44.58,0.0,325.381448,0.0
2019-03-14,10,0,266,29.1,29.1,0.0,212.395696,0.0
2019-03-14,10,0,267,35.76,35.76,0.0,261.005845,0.0
2019-03-14,10,0,270,86.34,86.34,0.0,-1478.210239,0.0
2019-03-14,10,0,272,501.3,501.3,0.0,2808.355976,0.0
2019-03-14,10,0,273,19.12,19.12,0.0,-327.349777,0.0
2019-03-14,10,0,274,111.3,111.3,0.0,-1905.545512,0.0
2019-03-14,10,0,275,154.91,154.91,0.0,-2652.183786,0.0
2019-03-14,10,0,276,4.25,4.25,0.0,-59.683013,0.0
2019-03-14,10,0,277,5.47,5.47,0.0,29.348361,0.0
2019-03-14,10,0,278,8.74,8.74,0.0,46.892994,0.0
2019-03-14,10,0,279,264.6,264.6,0.0,1419.666624,0.0
2019-03-14,10,0,281,28.97,28.97,0.0,187.548911,0.0
2019-03-14,10,0,282,203.95,203.95,0.0,1320.352102,0.0
2019-03-14,11,0,9,3.2,3.2,0.0,-1596.206657,0.0
2019-03-14,11,0,17,46.61,46.61,0.0,-1221.383517,0.0
2019-03-14,11,0,19,104.21,104.21,0.0,-2730.752549,0.0
2019-03-14,11,0,20,126.38,126.38,0.0,-3311.702401,0.0
2019-03-14,11,0,21,73.25,73.25,0.0,-36538.167999,0.0
2019-03-14,11,0,22,260.34,260.34,0.0,-129861.387809,0.0
2019-03-14,11,0,23,61.07,61.07,0.0,-30462.606413,0.0
2019-03-14,11,0,24,108.0,108.0,0.0,-53871.974661,0.0
2019-03-14,11,0,29,8.06,8.06,0.0,40.632801,0.0
2019-03-14,11,0,30,584.51,584.51,0.0,-584510.0,0.0
2019-03-14,11,0,31,96.98,96.98,0.0,-96980.0,0.0
2019-03-14,11,0,32,5.95,5.95,0.0,174.555253,0.0
2019-03-14,11,0,33,2.65,2.65,0.0,8.598163,0.0
2019-03-14,11,0,34,4.24,4.24,0.0,13.75706,0.0
2019-03-14,11,0,35,4.24,4.24,0.0,13.75706,0.0
2019-03-14,11,0,36,11.08,11.08,0.0,-792.292952,0.0
2019-03-14,11,0,37,5.28,5.28,0.0,-380.358837,0.0
2019-03-14,11,0,38,6.78,6.78,0.0,-488.415325,0.0
2019-03-14,11,0,39,4.52,4.52,0.0,-325.610217,0.0
2019-03-14,11,0,40,4.52,4.52,0.0,-325.610217,0.0
2019-03-14,11,0,41,34.8,34.8,0.0,-4868.461241,0.0
2019-03-14,11,0,42,60.0,60.0,0.0,-1955.268928,0.0
2019-03-14,11,0,43,33.61,33.61,0.0,-2169.448485,0.0
2019-03-14,11,0,46,29.59,29.59,0.0,-2438.827076,0.0
2019-03-14,11,0,52,103.09,103.09,0.0,-103090.0,0.0
2019-03-14,11,0,53,167.91,167.91,0.0,-167910.0,0.0
2019-03-14,11,0,55,460.54,460.54,0.0,-229724.066764,0.0
2019-03-14,11,0,56,172.41,172.41,0.0,-172410.0,0.0
2019-03-14,11,0,57,164.0,164.0,0.0,-164000.0,0.0
2019-03-14,11,0,58,315.38,315.38,0.0,-315380.0,0.0
2019-03-14,11,0,59,310.13,310.13,0.0,-310130.0,0.0
2019-03-14,11,0,63,51.0,51.0,0.0,5862.998477,0.0
2019-03-14,11,0,64,60.0,60.0,0.0,6897.645267,0.0
2019-03-14,11,0,65,0.99,0.99,0.0,-27.116232,0.0
2019-03-14,11,0,67,339.92,339.92,0.0,-180063.41395,0.0
2019-03-14,11,0,68,31.32,31.32,0.0,-11781.140974,0.0
2019-03-14,11,0,69,2.65,2.65,0.0,8.598163,0.0
2019-03-14,11,0,74,144.48,144.48,0.0,-8835.395627,0.0
2019-03-14,11,0,77,60.0,60.0,0.0,-14509.841751,0.0
2019-03-14,11,0,78,45.36,45.36,0.0,-10969.440364,0.0
2019-03-14,11,0,79,26.25,26.25,0.0,-6348.055766,0.0
2019-03-14,11,0,80,42.45,42.45,0.0,-10265.713039,0.0
2019-03-14,11,0,81,55.5,55.5,0.0,-13421.60362,0.0
2019-03-14,11,0,82,39.15,39.15,0.0,-9467.671743,0.0
2019-03-14,11,0,83,87.3,87.3,0.0,-21111.819748,0.0
2019-03-14,11,0,84,0.0,0.0,0.0,-0.0,0.0
2019-03-14,11,0,86,13.41,13.41,0.0,43.509948,0.0
2019-03-14,11,0,87,68.48,68.48,0.0,222.189503,0.0
2019-03-14,11,0,88,51.18,51.18,0.0,-12376.895014,0.0
2019-03-14,11,0,89,49.2,49.2,0.0,-11898.070236,0.0
2019-03-14,11,0,90,66.06,66.06,0.0,-15975.335768,0.0
2019-03-14,11,0,91,235.65,235.65,0.0,-56987.403478,0.0
2019-03-14,11,0,92,84.75,84.75,0.0,-20495.151474,0.0
2019-03-14,11,0,95,96.29,96.29,0.0,2447.084542,0.0
2019-03-14,11,0,96,31.88,31.88,0.0,-4701.956935,0.0
2019-03-14,11,0,97,234.28,234.28,0.0,-34553.778881,0.0
2019-03-14,11,0,99,31.0,31.0,0.0,-1895.745186,0.0
2019-03-14,11,0,101,11.77,11.77,0.0,-11770.0,0.0
2019-03-14,11,0,102,74.15,74.15,0.0,-27891.81364,0.0
2019-03-14,11,0,103,64.48,64.48,0.0,-24254.405172,0.0
2019-03-14,11,0,104,11.97,11.97,0.0,-4502.562499,0.0
2019-03-14,11,0,106,256.28,256.28,0.0,-127836.200613,0.0
2019-03-14,11,0,109,83.48,83.48,0.0,-8315.78135,0.0
2019-03-14,11,0,110,338.6,338.6,0.0,-338600.0,0.0
2019-03-14,11,0,111,15.97,15.97,0.0,-2234.176035,0.0
2019-03-14,11,0,113,84.2,84.2,0.0,-19518.581119,0.0
2019-03-14,11,0,115,84.2,84.2,0.0,-19518.581119,0.0
2019-03-14,11,0,116,122.13,122.13,0.0,-122130.0,0.0
2019-03-14,11,0,117,5.66,5.66,0.0,-1312.056641,0.0
2019-03-14,11,0,119,60.0,60.0,0.0,6897.645267,0.0
2019-03-14,11,0,120,35.28,35.28,0.0,4055.815417,0.0
2019-03-14,11,0,123,4.27,4.27,0.0,-2129.938257,0.0
2019-03-14,11,0,125,97.74,97.74,0.0,-48754.137068,0.0
2019-03-14,11,0,126,192.21,192.21,0.0,-95877.15046,0.0
2019-03-14,11,0,127,246.67,246.67,0.0,-123042.592497,0.0
2019-03-14,11,0,128,139.96,139.96,0.0,-69814.088644,0.0
2019-03-14,11,0,131,30.0,30.0,0.0,-10054.21137,0.0
2019-03-14,11,0,132,44.1,44.1,0.0,-14779.690714,0.0
2019-03-14,11,0,133,18.05,18.05,0.0,-470.971468,0.0
2019-03-14,11,0,134,0.0,0.0,0.0,-0.0,0.0
2019-03-14,11,0,135,24.18,24.18,0.0,-630.919119,0.0
2019-03-14,11,0,136,0.0,0.0,0.0,-0.0,0.0
2019-03-14,11,0,139,44.94,44.94,0.0,-6287.03012,0.0
2019-03-14,11,0,140,250.6,250.6,0.0,-250600.0,0.0
2019-03-14,11,0,141,230.0,230.0,0.0,-121836.270912,0.0
2019-03-14,11,0,142,448.26,448.26,0.0,-237453.594778,0.0
2019-03-14,11,0,143,179.36,179.36,0.0,-179360.0,0.0
2019-03-14,11,0,145,100.0,100.0,0.0,-15297.793191,0.0
2019-03-14,11,0,146,268.0,268.0,0.0,-268000.0,0.0
2019-03-14,11,0,152,8.06,8.06,0.0,-480.523682,0.0
2019-03-14,11,0,153,10.06,10.06,0.0,-614.894987,0.0
2019-03-14,11,0,154,65.88,65.88,0.0,-9216.500764,0.0
2019-03-14,11,0,157,250.0,250.0,0.0,-132430.729252,0.0
2019-03-14,11,0,158,220.56,220.56,0.0,-116835.686575,0.0
2019-03-14,11,0,159,0.0,0.0,0.0,-0.0,0.0
2019-03-14,11,0,160,2.69,2.69,0.0,-110.920912,0.0
2019-03-14,11,0,161,64.06,64.06,0.0,-24096.420523,0.0
2019-03-14,11,0,162,162.5,162.5,0.0,4294.983057,0.0
2019-03-14,11,0,163,99.43,99.43,0.0,-99430.0,0.0
2019-03-14,11,0,164,21.09,21.09,0.0,-21090.0,0.0
2019-03-14,11,0,167,6.84,6.84,0.0,156.055512,0.0
2019-03-14,11,0,168,3.42,3.42,0.0,78.027756,0.0
2019-03-14,11,0,169,0.0,0.0,0.0,0.0,0.0
2019-03-14,11,0,170,7.48,7.48,0.0,170.657197,0.0
2019-03-14,11,0,172,9.11,9.11,0.0,180.308724,0.0
2019-03-14,11,0,173,13.88,13.88,0.0,274.718451,0.0
2019-03-14,11,0,188,12.13,12.13,0.0,131.514791,0.0
2019-03-14,11,0,190,10.18,10.18,0.0,330.112531,0.0
2019-03-14,11,0,191,26.3,26.3,0.0,852.844752,0.0
2019-03-14,11,0,192,332.6,332.6,0.0,10785.405497,0.0
2019-03-14,11,0,194,52.95,52.95,0.0,-5726.774352,0.0
2019-03-14,11,0,196,6.76,6.76,0.0,1874.444254,0.0
2019-03-14,11,0,198,11.71,11.71,0.0,-36.252207,0.0
2019-03-14,11,0,199,56.82,56.82,0.0,2359.63537,0.0
2019-03-14,11,0,200,21.14,21.14,0.0,877.907281,0.0
2019-03-14,11,0,204,257.1,257.1,0.0,-26610.125917,0.0
2019-03-14,11,0,205,545.8,545.8,0.0,-54369.351473,0.0
2019-03-14,11,0,206,895.48,895.48,0.0,-132073.663617,0.0
2019-03-14,11,0,210,2.53,2.53,0.0,29.637914,0.0
2019-03-14,11,0,214,14.09,14.09,0.0,291.050703,0.0
2019-03-14,11,0,217,9.52,9.52,0.0,162.058629,0.0
2019-03-14,11,0,218,13.13,13.13,0.0,223.511534,0.0
2019-03-14,11,0,219,8.95,8.95,0.0,152.355539,0.0
2019-03-14,11,0,221,7.52,7.52,0.0,155.33721,0.0
2019-03-14,11,0,225,6.93,6.93,0.0,30.47003,0.0
2019-03-14,11,0,233,7.59,7.59,0.0,24.626436,0.0
2019-03-14,11,0,236,157.08,157.08,0.0,-6655.393687,0.0
2019-03-14,11,0,237,322.11,322.11,0.0,-19698.015541,0.0
2019-03-14,11,0,238,78.09,78.09,0.0,-2544.782509,0.0
2019-03-14,11,0,240,12.56,12.56,0.0,-898.122696,0.0
2019-03-14,11,0,245,27.33,27.33,0.0,-596.98973,0.0
2019-03-14,11,0,247,75.35,75.35,0.0,-1645.926681,0.0
2019-03-14,11,0,248,38.35,38.35,0.0,-2345.220254,0.0
2019-03-14,11,0,249,52.56,52.56,0.0,-1148.107582,0.0
2019-03-14,11,0,251,11.02,11.02,0.0,-323.294148,0.0
2019-03-14,11,0,252,6.37,6.37,0.0,-174.475151,0.0
2019-03-14,11,0,254,18.04,18.04,0.0,-1058.904862,0.0
2019-03-14,11,0,255,8.27,8.27,0.0,-485.429224,0.0
2019-03-14,11,0,258,15.5,15.5,0.0,-1090.931368,0.0
2019-03-14,11,0,260,6.53,6.53,0.0,-269.261544,0.0
2019-03-14,11,0,265,68.21,68.21,0.0,-9542.463829,0.0
2019-03-14,11,0,266,29.1,29.1,0.0,-4071.040866,0.0
2019-03-14,11,0,267,35.76,35.76,0.0,-5002.76362,0.0
2019-03-14,11,0,270,336.38,336.38,0.0,-336380.0,0.0
2019-03-14,11,0,272,281.17,281.17,0.0,-65178.615835,0.0
2019-03-14,11,0,273,29.2,29.2,0.0,-29200.0,0.0
2019-03-14,11,0,274,439.28,439.28,0.0,-439280.0,0.0
2019-03-14,11,0,275,619.79,619.79,0.0,-619790.0,0.0
2019-03-14,11,0,276,6.56,6.56,0.0,-5871.180674,0.0
2019-03-14,11,0,277,8.33,8.33,0.0,-1964.453347,0.0
2019-03-14,11,0,278,13.33,13.33,0.0,-3143.597012,0.0
2019-03-14,11,0,279,264.6,264.6,0.0,-62400.282782,0.0
2019-03-14,11,0,281,42.28,42.28,0.0,-42280.0,0.0
2019-03-14,11,0,282,320.64,320.64,0.0,-320640.0,0.0
2019-03-14,12,0,9,4.17,4.17,0.0,-2041.628,0.0
2019-03-14,12,0,17,58.07,58.07,0.0,251.922763,0.0
2019-03-14,12,0,19,192.99,192.99,0.0,837.240814,0.0
2019-03-14,12,0,20,234.06,234.06,0.0,1015.413156,0.0
2019-03-14,12,0,21,95.37,95.37,0.0,-46693.06051,0.0
2019-03-14,12,0,22,338.94,338.94,0.0,-165944.698848,0.0
2019-03-14,12,0,23,46.17,46.17,0.0,-22604.787708,0.0
2019-03-14,12,0,24,77.3,77.3,0.0,-37846.005845,0.0
2019-03-14,12,0,29,9.92,9.92,0.0,122.608582,0.0
2019-03-14,12,0,30,755.6,755.6,0.0,-755600.0,0.0
2019-03-14,12,0,31,125.0,125.0,0.0,-125000.0,0.0
2019-03-14,12,0,32,7.31,7.31,0.0,247.702271,0.0
2019-03-14,12,0,33,3.44,3.44,0.0,129.308714,0.0
2019-03-14,12,0,34,5.5,5.5,0.0,206.743583,0.0
2019-03-14,12,0,35,5.5,5.5,0.0,206.743583,0.0
2019-03-14,12,0,36,14.54,14.54,0.0,-697.563191,0.0
2019-03-14,12,0,37,6.94,6.94,0.0,-338.431484,0.0
2019-03-14,12,0,38,8.92,8.92,0.0,-434.986864,0.0
2019-03-14,12,0,39,5.95,5.95,0.0,-290.153794,0.0
2019-03-14,12,0,40,5.95,5.95,0.0,-290.153794,0.0
2019-03-14,12,0,41,34.8,34.8,0.0,-4201.068137,0.0
2019-03-14,12,0,42,79.64,79.64,0.0,-228.526627,0.0
2019-03-14,12,0,43,43.66,43.66,0.0,-1805.199459,0.0
2019-03-14,12,0,46,37.89,37.89,0.0,-2279.464136,0.0
2019-03-14,12,0,52,132.5,132.5,0.0,-132500.0,0.0
2019-03-14,12,0,53,210.5,210.5,0.0,-210500.0,0.0
2019-03-14,12,0,55,623.0,623.0,0.0,-305020.202343,0.0
2019-03-14,12,0,56,222.87,222.87,0.0,-222870.0,0.0
2019-03-14,12,0,57,212.0,212.0,0.0,-212000.0,0.0
2019-03-14,12,0,58,407.7,407.7,0.0,-407700.0,0.0
2019-03-14,12,0,59,400.9,400.9,0.0,-400900.0,0.0
2019-03-14,12,0,63,51.0,51.0,0.0,6177.844258,0.0
2019-03-14,12,0,64,60.0,60.0,0.0,7268.052068,0.0
2019-03-14,12,0,65,12.79,12.79,0.0,38.36147,0.0
2019-03-14,12,0,67,446.66,446.66,0.0,-234477.999409,0.0
2019-03-14,12,0,68,34.0,34.0,0.0,-12574.349037,0.0
2019-03-14,12,0,69,3.44,3.44,0.0,129.308714,0.0
2019-03-14,12,0,74,217.6,217.6,0.0,-7600.964712,0.0
2019-03-14,12,0,77,60.0,60.0,0.0,-14022.524809,0.0
2019-03-14,12,0,78,45.36,45.36,0.0,-10601.028756,0.0
2019-03-14,12,0,79,26.25,26.25,0.0,-6134.854604,0.0
2019-03-14,12,0,80,42.45,42.45,0.0,-9920.936303,0.0
2019-03-14,12,0,81,55.5,55.5,0.0,-12970.835449,0.0
2019-03-14,12,0,82,39.15,39.15,0.0,-9149.697438,0.0
2019-03-14,12,0,83,87.3,87.3,0.0,-20402.773598,0.0
2019-03-14,12,0,84,0.0,0.0,0.0,-0.0,0.0
2019-03-14,12,0,86,17.42,17.42,0.0,654.813311,0.0
2019-03-14,12,0,87,88.93,88.93,0.0,3342.855785,0.0
2019-03-14,12,0,88,51.18,51.18,0.0,-11961.213662,0.0
2019-03-14,12,0,89,49.2,49.2,0.0,-11498.470344,0.0
2019-03-14,12,0,90,66.06,66.06,0.0,-15438.799815,0.0
2019-03-14,12,0,91,235.65,235.65,0.0,-55073.466189,0.0
2019-03-14,12,0,92,84.75,84.75,0.0,-19806.816293,0.0
2019-03-14,12,0,95,120.0,120.0,0.0,3649.643213,0.0
2019-03-14,12,0,96,29.88,29.88,0.0,-3943.578789,0.0
2019-03-14,12,0,97,183.76,183.76,0.0,-24252.74559,0.0
2019-03-14,12,0,99,42.0,42.0,0.0,-1467.097968,0.0
2019-03-14,12,0,101,15.22,15.22,0.0,-15220.0,0.0
2019-03-14,12,0,102,80.5,80.5,0.0,-29771.620515,0.0
2019-03-14,12,0,103,70.0,70.0,0.0,-25888.365665,0.0
2019-03-14,12,0,104,13.0,13.0,0.0,-4807.839338,0.0
2019-03-14,12,0,106,333.65,333.65,0.0,-163354.719923,0.0
2019-03-14,12,0,109,60.0,60.0,0.0,-4682.560057,0.0
2019-03-14,12,0,110,338.6,338.6,0.0,-338600.0,0.0
2019-03-14,12,0,111,21.77,21.77,0.0,-2628.081993,0.0
2019-03-14,12,0,113,45.0,45.0,0.0,-10126.665911,0.0
2019-03-14,12,0,115,45.0,45.0,0.0,-10126.665911,0.0
2019-03-14,12,0,116,158.03,158.03,0.0,-158030.0,0.0
2019-03-14,12,0,117,3.0,3.0,0.0,-675.111061,0.0
2019-03-14,12,0,119,60.0,60.0,0.0,7268.052068,0.0
2019-03-14,12,0,120,35.28,35.28,0.0,4273.614616,0.0
2019-03-14,12,0,123,5.56,5.56,0.0,-2722.170666,0.0
2019-03-14,12,0,125,70.73,70.73,0.0,-34629.340147,0.0
2019-03-14,12,0,126,250.24,250.24,0.0,-122517.26394,0.0
2019-03-14,12,0,127,321.14,321.14,0.0,-157229.835924,0.0
2019-03-14,12,0,128,96.96,96.96,0.0,-47471.522984,0.0
2019-03-14,12,0,131,30.0,30.0,0.0,-9852.142293,0.0
2019-03-14,12,0,132,44.1,44.1,0.0,-14482.649171,0.0
2019-03-14,12,0,133,41.94,41.94,0.0,187.237246,0.0
2019-03-14,12,0,134,0.0,0.0,0.0,0.0,0.0
2019-03-14,12,0,135,56.2,56.2,0.0,250.899696,0.0
2019-03-14,12,0,136,6.79,6.79,0.0,19.866377,0.0
2019-03-14,12,0,139,44.94,44.94,0.0,-5425.172474,0.0
2019-03-14,12,0,140,250.6,250.6,0.0,-250600.0,0.0
2019-03-14,12,0,141,230.0,230.0,0.0,-120740.473434,0.0
2019-03-14,12,0,142,589.03,589.03,0.0,-309216.352464,0.0
2019-03-14,12,0,143,235.2,235.2,0.0,-235200.0,0.0
2019-03-14,12,0,145,56.25,56.25,0.0,-7627.459148,0.0
2019-03-14,12,0,146,268.0,268.0,0.0,-268000.0,0.0
2019-03-14,12,0,152,10.57,10.57,0.0,-354.183711,0.0
2019-03-14,12,0,153,13.27,13.27,0.0,-467.300489,0.0
2019-03-14,12,0,154,89.81,89.81,0.0,-10841.894524,0.0
2019-03-14,12,0,157,250.0,250.0,0.0,-131239.645037,0.0
2019-03-14,12,0,158,294.74,294.74,0.0,-154726.291913,0.0
2019-03-14,12,0,159,0.0,0.0,0.0,-0.0,0.0
2019-03-14,12,0,160,3.47,3.47,0.0,-61.577684,0.0
2019-03-14,12,0,161,83.05,83.05,0.0,-30714.696693,0.0
2019-03-14,12,0,162,162.5,162.5,0.0,5111.708788,0.0
2019-03-14,12,0,163,185.4,185.4,0.0,-185400.0,0.0
2019-03-14,12,0,164,28.05,28.05,0.0,-28050.0,0.0
2019-03-14,12,0,167,8.57,8.57,0.0,238.248883,0.0
2019-03-14,12,0,168,4.28,4.28,0.0,118.98544,0.0
2019-03-14,12,0,169,0.0,0.0,0.0,0.0,0.0
2019-03-14,12,0,170,9.37,9.37,0.0,260.489153,0.0
2019-03-14,12,0,172,11.2,11.2,0.0,292.844342,0.0
2019-03-14,12,0,173,17.06,17.06,0.0,446.064686,0.0
2019-03-14,12,0,188,14.82,14.82,0.0,223.248805,0.0
2019-03-14,12,0,190,12.8,12.8,0.0,479.072731,0.0
2019-03-14,12,0,191,33.08,33.08,0.0,1238.103589,0.0
2019-03-14,12,0,192,332.6,332.6,0.0,12448.405497,0.0
2019-03-14,12,0,194,52.95,52.95,0.0,-5373.250596,0.0
2019-03-14,12,0,196,8.85,8.85,0.0,2523.700423,0.0
2019-03-14,12,0,198,14.78,14.78,0.0,284.959638,0.0
2019-03-14,12,0,199,113.69,113.69,0.0,6467.073279,0.0
2019-03-14,12,0,200,26.23,26.23,0.0,1492.051474,0.0
2019-03-14,12,0,204,257.1,257.1,0.0,-21172.073611,0.0
2019-03-14,12,0,205,317.4,317.4,0.0,-24770.742704,0.0
2019-03-14,12,0,206,539.95,539.95,0.0,-71262.897155,0.0
2019-03-14,12,0,210,3.15,3.15,0.0,64.7529,0.0
2019-03-14,12,0,214,18.22,18.22,0.0,1043.221613,0.0
2019-03-14,12,0,217,12.01,12.01,0.0,498.580387,0.0
2019-03-14,12,0,218,16.58,16.58,0.0,688.298319,0.0
2019-03-14,12,0,219,11.29,11.29,0.0,468.690472,0.0
2019-03-14,12,0,221,9.72,9.72,0.0,556.537545,0.0
2019-03-14,12,0,225,8.6,8.6,0.0,99.486109,0.0
2019-03-14,12,0,233,9.86,9.86,0.0,370.634859,0.0
2019-03-14,12,0,236,159.03,159.03,0.0,-2217.485088,0.0
2019-03-14,12,0,237,522.0,522.0,0.0,-18233.931892,0.0
2019-03-14,12,0,238,103.66,103.66,0.0,-297.45191,0.0
2019-03-14,12,0,240,16.47,16.47,0.0,-790.155829,0.0
2019-03-14,12,0,245,78.0,78.0,0.0,722.427233,0.0
2019-03-14,12,0,247,171.72,171.72,0.0,1590.451339,0.0
2019-03-14,12,0,248,52.4,52.4,0.0,-1830.37937,0.0
2019-03-14,12,0,249,150.0,150.0,0.0,1389.28314,0.0
2019-03-14,12,0,251,137.7,137.7,0.0,110.302832,0.0
2019-03-14,12,0,252,82.53,82.53,0.0,247.534957,0.0
2019-03-14,12,0,254,23.95,23.95,0.0,-848.414961,0.0
2019-03-14,12,0,255,10.98,10.98,0.0,-388.960178,0.0
2019-03-14,12,0,258,20.13,20.13,0.0,-944.195047,0.0
2019-03-14,12,0,260,8.43,8.43,0.0,-149.596506,0.0
2019-03-14,12,0,265,92.99,92.99,0.0,-11225.785233,0.0
2019-03-14,12,0,266,29.1,29.1,0.0,-3512.962149,0.0
2019-03-14,12,0,267,35.76,35.76,0.0,-4316.959672,0.0
2019-03-14,12,0,270,579.0,579.0,0.0,-579000.0,0.0
2019-03-14,12,0,272,150.39,150.39,0.0,-33843.317475,0.0
2019-03-14,12,0,273,37.79,37.79,0.0,-37790.0,0.0
2019-03-14,12,0,274,746.4,746.4,0.0,-746400.0,0.0
2019-03-14,12,0,275,1039.0,1039.0,0.0,-1039000.0,0.0
2019-03-14,12,0,276,8.51,8.51,0.0,-7607.372197,0.0
2019-03-14,12,0,277,10.73,10.73,0.0,-2451.951522,0.0
2019-03-14,12,0,278,17.17,17.17,0.0,-3923.579463,0.0
2019-03-14,12,0,279,264.6,264.6,0.0,-60464.713212,0.0
2019-03-14,12,0,281,56.1,56.1,0.0,-56100.0,0.0
2019-03-14,12,0,282,414.49,414.49,0.0,-414490.0,0.0
2019-03-14,13,0,9,4.69,4.69,0.0,-2610.404197,0.0
2019-03-14,13,0,17,63.87,63.87,0.0,-756.495384,0.0
2019-03-14,13,0,19,192.99,192.99,0.0,-2285.831285,0.0
2019-03-14,13,0,20,234.06,234.06,0.0,-2772.276649,0.0
2019-03-14,13,0,21,107.14,107.14,0.0,-59632.986279,0.0
2019-03-14,13,0,22,380.77,380.77,0.0,-211932.538598,0.0
2019-03-14,13,0,23,90.35,90.35,0.0,-50287.850572,0.0
2019-03-14,13,0,24,157.79,157.79,0.0,-87824.238426,0.0
2019-03-14,13,0,29,10.48,10.48,0.0,58.072818,0.0
2019-03-14,13,0,30,865.56,865.56,0.0,-865560.0,0.0
2019-03-14,13,0,31,125.0,125.0,0.0,-125000.0,0.0
2019-03-14,13,0,32,8.05,8.05,0.0,205.134176,0.0
2019-03-14,13,0,33,3.87,3.87,0.0,10.989302,0.0
2019-03-14,13,0,34,6.2,6.2,0.0,17.6056,0.0
2019-03-14,13,0,35,6.2,6.2,0.0,17.6056,0.0
2019-03-14,13,0,36,15.55,15.55,0.0,-270.291883,0.0
2019-03-14,13,0,37,7.47,7.47,0.0,-106.890286,0.0
2019-03-14,13,0,38,9.61,9.61,0.0,-137.512134,0.0
2019-03-14,13,0,39,6.41,6.41,0.0,-91.722454,0.0
2019-03-14,13,0,40,6.41,6.41,0.0,-91.722454,0.0
2019-03-14,13,0,41,34.8,34.8,0.0,-6627.984147,0.0
2019-03-14,13,0,42,89.25,89.25,0.0,-1341.18264,0.0
2019-03-14,13,0,43,48.22,48.22,0.0,-309.46289,0.0
2019-03-14,13,0,46,41.91,41.91,0.0,416.022897,0.0
2019-03-14,13,0,52,132.5,132.5,0.0,-132500.0,0.0
2019-03-14,13,0,53,210.5,210.5,0.0,-210500.0,0.0
2019-03-14,13,0,55,623.0,623.0,0.0,-346755.184355,0.0
2019-03-14,13,0,56,255.31,255.31,0.0,-255310.0,0.0
2019-03-14,13,0,57,242.85,242.85,0.0,-242850.0,0.0
2019-03-14,13,0,58,467.03,467.03,0.0,-467030.0,0.0
2019-03-14,13,0,59,459.24,459.24,0.0,-459240.0,0.0
2019-03-14,13,0,63,51.0,51.0,0.0,5283.713955,0.0
2019-03-14,13,0,64,60.0,60.0,0.0,6216.134065,0.0
2019-03-14,13,0,65,41.4,41.4,0.0,-514.832664,0.0
2019-03-14,13,0,67,434.45,434.45,0.0,-239380.390439,0.0
2019-03-14,13,0,68,34.0,34.0,0.0,-13748.725495,0.0
2019-03-14,13,0,69,3.87,3.87,0.0,10.989302,0.0
2019-03-14,13,0,74,217.6,217.6,0.0,-7907.931692,0.0
2019-03-14,13,0,77,60.0,60.0,0.0,-16793.749713,0.0
2019-03-14,13,0,78,45.36,45.36,0.0,-12696.074783,0.0
2019-03-14,13,0,79,26.25,26.25,0.0,-7347.2655,0.0
2019-03-14,13,0,80,42.45,42.45,0.0,-11881.577922,0.0
2019-03-14,13,0,81,55.5,55.5,0.0,-15534.218485,0.0
2019-03-14,13,0,82,39.15,39.15,0.0,-10957.921688,0.0
2019-03-14,13,0,83,87.3,87.3,0.0,-24434.905833,0.0
2019-03-14,13,0,84,0.0,0.0,0.0,-0.0,0.0
2019-03-14,13,0,86,19.63,19.63,0.0,55.741602,0.0
2019-03-14,13,0,87,100.2,100.2,0.0,284.529218,0.0
2019-03-14,13,0,88,51.18,51.18,0.0,-14325.068505,0.0
2019-03-14,13,0,89,49.2,49.2,0.0,-13770.874765,0.0
2019-03-14,13,0,90,66.06,66.06,0.0,-18489.918434,0.0
2019-03-14,13,0,91,235.65,235.65,0.0,-65957.451999,0.0
2019-03-14,13,0,92,84.75,84.75,0.0,-23721.17147,0.0
2019-03-14,13,0,95,120.0,120.0,0.0,2691.568394,0.0
2019-03-14,13,0,96,29.88,29.88,0.0,-7313.942891,0.0
2019-03-14,13,0,97,183.75,183.75,0.0,-44977.811455,0.0
2019-03-14,13,0,99,42.0,42.0,0.0,-1526.34711,0.0
2019-03-14,13,0,101,17.44,17.44,0.0,-17440.0,0.0
2019-03-14,13,0,102,80.5,80.5,0.0,-32552.129481,0.0
2019-03-14,13,0,103,70.0,70.0,0.0,-28306.199548,0.0
2019-03-14,13,0,104,13.0,13.0,0.0,-5256.86563,0.0
2019-03-14,13,0,106,374.84,374.84,0.0,-208631.963569,0.0
2019-03-14,13,0,109,60.0,60.0,0.0,-979.951868,0.0
2019-03-14,13,0,110,0.0,0.0,0.0,-0.0,0.0
2019-03-14,13,0,111,25.16,25.16,0.0,-4791.956354,0.0
2019-03-14,13,0,113,45.0,45.0,0.0,-11607.922709,0.0
2019-03-14,13,0,115,45.0,45.0,0.0,-11607.922709,0.0
2019-03-14,13,0,116,185.8,185.8,0.0,-185800.0,0.0
2019-03-14,13,0,117,3.0,3.0,0.0,-773.861514,0.0
2019-03-14,13,0,119,60.0,60.0,0.0,6216.134065,0.0
2019-03-14,13,0,120,35.28,35.28,0.0,3655.08683,0.0
2019-03-14,13,0,123,6.25,6.25,0.0,-3478.683631,0.0
2019-03-14,13,0,125,143.27,143.27,0.0,-79742.560614,0.0
2019-03-14,13,0,126,281.13,281.13,0.0,-156473.972677,0.0
2019-03-14,13,0,127,360.78,360.78,0.0,-200806.316872,0.0
2019-03-14,13,0,128,202.25,202.25,0.0,-112570.202305,0.0
2019-03-14,13,0,131,30.0,30.0,0.0,-10956.480724,0.0
2019-03-14,13,0,132,44.1,44.1,0.0,-16106.026664,0.0
2019-03-14,13,0,133,41.94,41.94,0.0,-494.413558,0.0
2019-03-14,13,0,134,0.0,0.0,0.0,-0.0,0.0
2019-03-14,13,0,135,56.2,56.2,0.0,-662.518884,0.0
2019-03-14,13,0,136,29.42,29.42,0.0,-366.80948,0.0
2019-03-14,13,0,139,44.94,44.94,0.0,-8559.241597,0.0
2019-03-14,13,0,140,0.0,0.0,0.0,-0.0,0.0
2019-03-14,13,0,141,230.0,230.0,0.0,-126729.17436,0.0
2019-03-14,13,0,142,572.93,572.93,0.0,-315682.373332,0.0
2019-03-14,13,0,143,238.5,238.5,0.0,-238500.0,0.0
2019-03-14,13,0,145,100.0,100.0,0.0,-27998.637341,0.0
2019-03-14,13,0,146,268.0,268.0,0.0,-268000.0,0.0
2019-03-14,13,0,152,11.28,11.28,0.0,-272.560113,0.0
2019-03-14,13,0,153,14.21,14.21,0.0,-349.98659,0.0
2019-03-14,13,0,154,103.8,103.8,0.0,-19769.676852,0.0
2019-03-14,13,0,157,250.0,250.0,0.0,-137749.102566,0.0
2019-03-14,13,0,158,450.95,450.95,0.0,-248471.831208,0.0
2019-03-14,13,0,159,0.0,0.0,0.0,-0.0,0.0
2019-03-14,13,0,160,3.8,3.8,0.0,-4.150161,0.0
2019-03-14,13,0,161,88.08,88.08,0.0,-35617.286518,0.0
2019-03-14,13,0,162,162.5,162.5,0.0,3787.922856,0.0
2019-03-14,13,0,163,104.55,104.55,0.0,-104550.0,0.0
2019-03-14,13,0,164,31.76,31.76,0.0,-31760.0,0.0
2019-03-14,13,0,167,9.55,9.55,0.0,191.109469,0.0
2019-03-14,13,0,168,4.78,4.78,0.0,95.654792,0.0
2019-03-14,13,0,169,0.0,0.0,0.0,0.0,0.0
2019-03-14,13,0,170,10.45,10.45,0.0,209.119785,0.0
2019-03-14,13,0,172,12.13,12.13,0.0,206.152763,0.0
2019-03-14,13,0,173,18.48,18.48,0.0,314.0728,0.0
2019-03-14,13,0,188,16.17,16.17,0.0,156.666046,0.0
2019-03-14,13,0,190,14.7,14.7,0.0,476.68509,0.0
2019-03-14,13,0,191,37.97,37.97,0.0,1231.274344,0.0
2019-03-14,13,0,192,332.6,332.6,0.0,10785.405497,0.0
2019-03-14,13,0,194,52.95,52.95,0.0,-6795.72845,0.0
2019-03-14,13,0,196,10.11,10.11,0.0,2612.76899,0.0
2019-03-14,13,0,198,16.53,16.53,0.0,125.713903,0.0
2019-03-14,13,0,199,73.53,73.53,0.0,-467.32307,0.0
2019-03-14,13,0,200,29.3,29.3,0.0,-186.217407,0.0
2019-03-14,13,0,204,257.1,257.1,0.0,7508.357513,0.0
2019-03-14,13,0,205,317.4,317.4,0.0,-5183.945381,0.0
2019-03-14,13,0,206,539.94,539.94,0.0,-132165.004174,0.0
2019-03-14,13,0,210,3.47,3.47,0.0,28.624247,0.0
2019-03-14,13,0,214,19.47,19.47,0.0,219.352739,0.0
2019-03-14,13,0,217,13.48,13.48,0.0,139.972923,0.0
2019-03-14,13,0,218,18.61,18.61,0.0,193.24155,0.0
2019-03-14,13,0,219,12.67,12.67,0.0,131.562087,0.0
2019-03-14,13,0,221,10.38,10.38,0.0,116.943063,0.0
2019-03-14,13,0,225,9.54,9.54,0.0,50.369316,0.0
2019-03-14,13,0,233,11.1,11.1,0.0,31.519704,0.0
2019-03-14,13,0,236,319.85,319.85,0.0,-6017.956441,0.0
2019-03-14,13,0,237,522.0,522.0,0.0,-18970.314077,0.0
2019-03-14,13,0,238,116.17,116.17,0.0,-1745.716384,0.0
2019-03-14,13,0,240,17.62,17.62,0.0,-306.27286,0.0
2019-03-14,13,0,245,78.0,78.0,0.0,-754.261301,0.0
2019-03-14,13,0,247,171.72,171.72,0.0,-1660.535264,0.0
2019-03-14,13,0,248,52.4,52.4,0.0,-1904.299727,0.0
2019-03-14,13,0,249,150.0,150.0,0.0,-1450.502502,0.0
2019-03-14,13,0,251,326.4,326.4,0.0,-4375.830297,0.0
2019-03-14,13,0,252,267.06,267.06,0.0,-3321.043752,0.0
2019-03-14,13,0,254,27.13,27.13,0.0,-137.857079,0.0
2019-03-14,13,0,255,12.43,12.43,0.0,-63.161205,0.0
2019-03-14,13,0,258,21.66,21.66,0.0,-338.140257,0.0
2019-03-14,13,0,260,9.24,9.24,0.0,-10.091444,0.0
2019-03-14,13,0,265,107.47,107.47,0.0,-20468.662536,0.0
2019-03-14,13,0,266,29.1,29.1,0.0,-5542.366054,0.0
2019-03-14,13,0,267,35.76,35.76,0.0,-6810.825089,0.0
2019-03-14,13,0,270,325.32,325.32,0.0,-325320.0,0.0
2019-03-14,13,0,272,150.39,150.39,0.0,-38793.677694,0.0
2019-03-14,13,0,273,44.43,44.43,0.0,-44430.0,0.0
2019-03-14,13,0,274,419.18,419.18,0.0,-419180.0,0.0
2019-03-14,13,0,275,583.24,583.24,0.0,-583240.0,0.0
2019-03-14,13,0,276,10.0,10.0,0.0,-8997.46976,0.0
2019-03-14,13,0,277,12.22,12.22,0.0,-3259.693995,0.0
2019-03-14,13,0,278,19.55,19.55,0.0,-5214.976891,0.0
2019-03-14,13,0,279,378.16,378.16,0.0,-100874.458362,0.0
2019-03-14,13,0,281,56.1,56.1,0.0,-56100.0,0.0
2019-03-14,13,0,282,474.81,474.81,0.0,-474810.0,0.0
2019-03-14,14,0,9,4.89,4.89,0.0,-2664.436049,0.0
2019-03-14,14,0,17,65.62,65.62,0.0,-272.088458,0.0
2019-03-14,14,0,19,192.99,192.99,0.0,-800.218705,0.0
2019-03-14,14,0,20,234.06,234.06,0.0,-970.512411,0.0
2019-03-14,14,0,21,111.72,111.72,0.0,-60873.373297,0.0
2019-03-14,14,0,22,397.04,397.04,0.0,-216336.950715,0.0
2019-03-14,14,0,23,41.71,41.71,0.0,-22726.713214,0.0
2019-03-14,14,0,24,71.73,71.73,0.0,-39083.844134,0.0
2019-03-14,14,0,29,10.54,10.54,0.0,52.605067,0.0
2019-03-14,14,0,30,925.03,925.03,0.0,-925030.0,0.0
2019-03-14,14,0,31,94.6,94.6,0.0,-94600.0,0.0
2019-03-14,14,0,32,8.05,8.05,0.0,210.140718,0.0
2019-03-14,14,0,33,3.95,3.95,0.0,58.943739,0.0
2019-03-14,14,0,34,6.33,6.33,0.0,94.459207,0.0
2019-03-14,14,0,35,6.33,6.33,0.0,94.459207,0.0
2019-03-14,14,0,36,16.19,16.19,0.0,-326.138433,0.0
2019-03-14,14,0,37,7.59,7.59,0.0,-135.470452,0.0
2019-03-14,14,0,38,9.76,9.76,0.0,-174.201793,0.0
2019-03-14,14,0,39,6.51,6.51,0.0,-116.194024,0.0
2019-03-14,14,0,40,6.51,6.51,0.0,-116.194024,0.0
2019-03-14,14,0,41,34.8,34.8,0.0,-6161.522111,0.0
2019-03-14,14,0,42,92.78,92.78,0.0,-768.208463,0.0
2019-03-14,14,0,43,49.59,49.59,0.0,-512.830184,0.0
2019-03-14,14,0,46,42.72,42.72,0.0,10.582178,0.0
2019-03-14,14,0,52,100.27,100.27,0.0,-100270.0,0.0
2019-03-14,14,0,53,159.3,159.3,0.0,-159300.0,0.0
2019-03-14,14,0,55,489.01,489.01,0.0,-266449.053671,0.0
2019-03-14,14,0,56,272.85,272.85,0.0,-272850.0,0.0
2019-03-14,14,0,57,259.54,259.54,0.0,-259540.0,0.0
2019-03-14,14,0,58,499.12,499.12,0.0,-499120.0,0.0
2019-03-14,14,0,59,490.8,490.8,0.0,-490800.0,0.0
2019-03-14,14,0,63,51.0,51.0,0.0,5383.23309,0.0
2019-03-14,14,0,64,60.0,60.0,0.0,6333.2154,0.0
2019-03-14,14,0,65,41.4,41.4,0.0,-203.450647,0.0
2019-03-14,14,0,67,444.42,444.42,0.0,-243037.392072,0.0
2019-03-14,14,0,68,18.77,18.77,0.0,-7487.216139,0.0
2019-03-14,14,0,69,3.95,3.95,0.0,58.943739,0.0
2019-03-14,14,0,74,217.6,217.6,0.0,-7079.592439,0.0
2019-03-14,14,0,77,60.0,60.0,0.0,-16347.019314,0.0
2019-03-14,14,0,78,45.36,45.36,0.0,-12358.346601,0.0
2019-03-14,14,0,79,26.25,26.25,0.0,-7151.82095,0.0
2019-03-14,14,0,80,42.45,42.45,0.0,-11565.516165,0.0
2019-03-14,14,0,81,55.5,55.5,0.0,-15120.992865,0.0
2019-03-14,14,0,82,39.15,39.15,0.0,-10666.430102,0.0
2019-03-14,14,0,83,87.3,87.3,0.0,-23784.913102,0.0
2019-03-14,14,0,84,0.0,0.0,0.0,-0.0,0.0
2019-03-14,14,0,86,20.04,20.04,0.0,299.046211,0.0
2019-03-14,14,0,87,102.29,102.29,0.0,1526.419009,0.0
2019-03-14,14,0,88,51.18,51.18,0.0,-13944.007475,0.0
2019-03-14,14,0,89,49.2,49.2,0.0,-13404.555837,0.0
2019-03-14,14,0,90,66.06,66.06,0.0,-17998.068265,0.0
2019-03-14,14,0,91,235.65,235.65,0.0,-64202.918355,0.0
2019-03-14,14,0,92,84.75,84.75,0.0,-23090.164781,0.0
2019-03-14,14,0,95,120.0,120.0,0.0,2691.568394,0.0
2019-03-14,14,0,96,31.39,31.39,0.0,-7065.094327,0.0
2019-03-14,14,0,97,210.51,210.51,0.0,-47380.471702,0.0
2019-03-14,14,0,99,42.0,42.0,0.0,-1366.465452,0.0
2019-03-14,14,0,101,18.63,18.63,0.0,-18630.0,0.0
2019-03-14,14,0,102,44.32,44.32,0.0,-17678.924842,0.0
2019-03-14,14,0,103,38.55,38.55,0.0,-15377.313913,0.0
2019-03-14,14,0,104,7.22,7.22,0.0,-2880.005356,0.0
2019-03-14,14,0,106,390.85,390.85,0.0,-212964.177884,0.0
2019-03-14,14,0,109,60.0,60.0,0.0,-1466.476262,0.0
2019-03-14,14,0,110,338.6,338.6,0.0,-338600.0,0.0
2019-03-14,14,0,111,26.38,26.38,0.0,-4670.717049,0.0
2019-03-14,14,0,113,45.0,45.0,0.0,-11384.732179,0.0
2019-03-14,14,0,115,45.0,45.0,0.0,-11384.732179,0.0
2019-03-14,14,0,116,194.21,194.21,0.0,-194210.0,0.0
2019-03-14,14,0,117,3.0,3.0,0.0,-758.982145,0.0
2019-03-14,14,0,119,60.0,60.0,0.0,6333.2154,0.0
2019-03-14,14,0,120,35.28,35.28,0.0,3723.930655,0.0
2019-03-14,14,0,123,6.51,6.51,0.0,-3547.132655,0.0
2019-03-14,14,0,125,65.38,65.38,0.0,-35623.891391,0.0
2019-03-14,14,0,126,293.14,293.14,0.0,-159724.495599,0.0
2019-03-14,14,0,127,376.19,376.19,0.0,-204976.318481,0.0
2019-03-14,14,0,128,90.74,90.74,0.0,-49441.907384,0.0
2019-03-14,14,0,131,28.08,28.08,0.0,-10091.224115,0.0
2019-03-14,14,0,132,41.27,41.27,0.0,-14831.368206,0.0
2019-03-14,14,0,133,41.94,41.94,0.0,-170.867059,0.0
2019-03-14,14,0,134,0.0,0.0,0.0,-0.0,0.0
2019-03-14,14,0,135,56.2,56.2,0.0,-228.963489,0.0
2019-03-14,14,0,136,45.9,45.9,0.0,-227.499667,0.0
2019-03-14,14,0,139,44.94,44.94,0.0,-7956.862175,0.0
2019-03-14,14,0,140,250.6,250.6,0.0,-250600.0,0.0
2019-03-14,14,0,141,182.55,182.55,0.0,-99830.06148,0.0
2019-03-14,14,0,142,586.08,586.08,0.0,-320506.176018,0.0
2019-03-14,14,0,143,147.59,147.59,0.0,-147590.0,0.0
2019-03-14,14,0,145,56.12,56.12,0.0,-14293.476123,0.0
2019-03-14,14,0,146,268.0,268.0,0.0,-268000.0,0.0
2019-03-14,14,0,152,11.67,11.67,0.0,-259.619792,0.0
2019-03-14,14,0,153,14.62,14.62,0.0,-336.112554,0.0
2019-03-14,14,0,154,108.81,108.81,0.0,-19265.379911,0.0
2019-03-14,14,0,157,250.0,250.0,0.0,-136716.052424,0.0
2019-03-14,14,0,158,466.54,466.54,0.0,-255134.028391,0.0
2019-03-14,14,0,159,0.0,0.0,0.0,-0.0,0.0
2019-03-14,14,0,160,3.95,3.95,0.0,-10.421431,0.0
2019-03-14,14,0,161,91.0,91.0,0.0,-36299.236475,0.0
2019-03-14,14,0,162,162.5,162.5,0.0,3792.175394,0.0
2019-03-14,14,0,163,130.61,130.61,0.0,-130610.0,0.0
2019-03-14,14,0,164,32.23,32.23,0.0,-32230.0,0.0
2019-03-14,14,0,167,9.48,9.48,0.0,189.229562,0.0
2019-03-14,14,0,168,4.74,4.74,0.0,94.614781,0.0
2019-03-14,14,0,169,0.0,0.0,0.0,0.0,0.0
2019-03-14,14,0,170,10.37,10.37,0.0,206.994784,0.0
2019-03-14,14,0,172,12.1,12.1,0.0,215.311403,0.0
2019-03-14,14,0,173,18.43,18.43,0.0,327.949517,0.0
2019-03-14,14,0,188,16.32,16.32,0.0,158.119349,0.0
2019-03-14,14,0,190,15.38,15.38,0.0,498.735828,0.0
2019-03-14,14,0,191,39.73,39.73,0.0,1288.346844,0.0
2019-03-14,14,0,192,332.6,332.6,0.0,10785.405497,0.0
2019-03-14,14,0,194,52.95,52.95,0.0,-6602.725413,0.0
2019-03-14,14,0,196,10.47,10.47,0.0,2741.30502,0.0
2019-03-14,14,0,198,17.13,17.13,0.0,149.222932,0.0
2019-03-14,14,0,199,130.0,130.0,0.0,45.957704,0.0
2019-03-14,14,0,200,29.92,29.92,0.0,10.577342,0.0
2019-03-14,14,0,204,257.1,257.1,0.0,3274.720269,0.0
2019-03-14,14,0,205,317.4,317.4,0.0,-7757.659427,0.0
2019-03-14,14,0,206,745.19,745.19,0.0,-167723.403675,0.0
2019-03-14,14,0,210,3.47,3.47,0.0,21.538745,0.0
2019-03-14,14,0,214,19.77,19.77,0.0,513.805005,0.0
2019-03-14,14,0,217,13.37,13.37,0.0,260.257631,0.0
2019-03-14,14,0,218,18.45,18.45,0.0,359.143851,0.0
2019-03-14,14,0,219,12.57,12.57,0.0,244.684998,0.0
2019-03-14,14,0,221,10.54,10.54,0.0,273.925379,0.0
2019-03-14,14,0,225,9.69,9.69,0.0,47.224669,0.0
2019-03-14,14,0,233,11.34,11.34,0.0,169.22076,0.0
2019-03-14,14,0,236,159.05,159.05,0.0,-2183.178603,0.0
2019-03-14,14,0,237,522.0,522.0,0.0,-16983.21348,0.0
2019-03-14,14,0,238,120.77,120.77,0.0,-999.962666,0.0
2019-03-14,14,0,240,18.34,18.34,0.0,-369.448973,0.0
2019-03-14,14,0,245,78.0,78.0,0.0,-103.182208,0.0
2019-03-14,14,0,247,171.72,171.72,0.0,-227.159599,0.0
2019-03-14,14,0,248,52.4,52.4,0.0,-1704.828326,0.0
2019-03-14,14,0,249,150.0,150.0,0.0,-198.427322,0.0
2019-03-14,14,0,251,326.4,326.4,0.0,-2015.498571,0.0
2019-03-14,14,0,252,267.06,267.06,0.0,-1312.404101,0.0
2019-03-14,14,0,254,27.3,27.3,0.0,-229.550167,0.0
2019-03-14,14,0,255,12.51,12.51,0.0,-105.189472,0.0
2019-03-14,14,0,258,22.66,22.66,0.0,-420.596043,0.0
2019-03-14,14,0,260,9.59,9.59,0.0,-25.301651,0.0
2019-03-14,14,0,265,112.66,112.66,0.0,-19947.042559,0.0
2019-03-14,14,0,266,29.1,29.1,0.0,-5152.307283,0.0
2019-03-14,14,0,267,35.76,35.76,0.0,-6331.495135,0.0
2019-03-14,14,0,270,454.05,454.05,0.0,-454050.0,0.0
2019-03-14,14,0,272,150.39,150.39,0.0,-38047.774941,0.0
2019-03-14,14,0,273,46.44,46.44,0.0,-46440.0,0.0
2019-03-14,14,0,274,605.65,605.65,0.0,-605650.0,0.0
2019-03-14,14,0,275,880.86,880.86,0.0,-880860.0,0.0
2019-03-14,14,0,276,10.36,10.36,0.0,-9311.820192,0.0
2019-03-14,14,0,277,12.66,12.66,0.0,-3301.656882,0.0
2019-03-14,14,0,278,20.26,20.26,0.0,-5283.694188,0.0
2019-03-14,14,0,279,264.6,264.6,0.0,-69006.193591,0.0
2019-03-14,14,0,281,42.46,42.46,0.0,-42460.0,0.0
2019-03-14,14,0,282,507.44,507.44,0.0,-507440.0,0.0
2019-03-14,15,0,9,4.7,4.7,0.0,-2295.340915,0.0
2019-03-14,15,0,17,63.89,63.89,0.0,1098.220845,0.0
2019-03-14,15,0,19,192.99,192.99,0.0,3317.352338,0.0
2019-03-14,15,0,20,234.06,234.06,0.0,4023.314619,0.0
2019-03-14,15,0,21,107.5,107.5,0.0,-52499.818802,0.0
2019-03-14,15,0,22,382.05,382.05,0.0,-186581.91417,0.0
2019-03-14,15,0,23,14.25,14.25,0.0,-6959.278306,0.0
2019-03-14,15,0,24,25.21,25.21,0.0,-12311.817972,0.0
2019-03-14,15,0,29,9.68,9.68,0.0,40.143838,0.0
2019-03-14,15,0,30,898.67,898.67,0.0,-898670.0,0.0
2019-03-14,15,0,31,39.78,39.78,0.0,-39780.0,0.0
2019-03-14,15,0,32,7.61,7.61,0.0,272.889004,0.0
2019-03-14,15,0,33,3.9,3.9,0.0,212.336014,0.0
2019-03-14,15,0,34,6.25,6.25,0.0,340.282073,0.0
2019-03-14,15,0,35,6.25,6.25,0.0,340.282073,0.0
2019-03-14,15,0,36,15.68,15.68,0.0,-685.161364,0.0
2019-03-14,15,0,37,7.39,7.39,0.0,-332.189261,0.0
2019-03-14,15,0,38,9.5,9.5,0.0,-427.036262,0.0
2019-03-14,15,0,39,6.33,6.33,0.0,-284.541004,0.0
2019-03-14,15,0,40,6.33,6.33,0.0,-284.541004,0.0
2019-03-14,15,0,41,58.96,58.96,0.0,-6884.18296,0.0
2019-03-14,15,0,42,89.66,89.66,0.0,817.114124,0.0
2019-03-14,15,0,43,47.01,47.01,0.0,-1820.117107,0.0
2019-03-14,15,0,46,41.18,41.18,0.0,-2347.798526,0.0
2019-03-14,15,0,52,42.17,42.17,0.0,-42170.0,0.0
2019-03-14,15,0,53,66.99,66.99,0.0,-66990.0,0.0
2019-03-14,15,0,55,204.73,204.73,0.0,-99984.073519,0.0
2019-03-14,15,0,56,265.08,265.08,0.0,-265080.0,0.0
2019-03-14,15,0,57,252.15,252.15,0.0,-252150.0,0.0
2019-03-14,15,0,58,484.9,484.9,0.0,-484900.0,0.0
2019-03-14,15,0,59,476.81,476.81,0.0,-476810.0,0.0
2019-03-14,15,0,63,51.0,51.0,0.0,6105.903916,0.0
2019-03-14,15,0,64,60.0,60.0,0.0,7183.416372,0.0
2019-03-14,15,0,65,41.4,41.4,0.0,649.527646,0.0
2019-03-14,15,0,67,423.02,423.02,0.0,-222273.170324,0.0
2019-03-14,15,0,68,19.29,19.29,0.0,-7146.506284,0.0
2019-03-14,15,0,69,3.9,3.9,0.0,212.336014,0.0
2019-03-14,15,0,74,217.6,217.6,0.0,-5755.783033,0.0
2019-03-14,15,0,77,39.12,39.12,0.0,-9166.006941,0.0
2019-03-14,15,0,78,29.58,29.58,0.0,-6930.738377,0.0
2019-03-14,15,0,79,17.12,17.12,0.0,-4011.299561,0.0
2019-03-14,15,0,80,27.68,27.68,0.0,-6485.559104,0.0
2019-03-14,15,0,81,36.19,36.19,0.0,-8479.49364,0.0
2019-03-14,15,0,82,25.53,25.53,0.0,-5981.80361,0.0
2019-03-14,15,0,83,56.93,56.93,0.0,-13338.97687,0.0
2019-03-14,15,0,84,0.0,0.0,0.0,-0.0,0.0
2019-03-14,15,0,86,19.78,19.78,0.0,1076.924705,0.0
2019-03-14,15,0,87,100.97,100.97,0.0,5497.324947,0.0
2019-03-14,15,0,88,43.92,43.92,0.0,-10290.670369,0.0
2019-03-14,15,0,89,42.22,42.22,0.0,-9892.352072,0.0
2019-03-14,15,0,90,56.69,56.69,0.0,-13282.743699,0.0
2019-03-14,15,0,91,202.21,202.21,0.0,-47378.789968,0.0
2019-03-14,15,0,92,72.72,72.72,0.0,-17038.65094,0.0
2019-03-14,15,0,95,120.0,120.0,0.0,2691.568394,0.0
2019-03-14,15,0,96,20.8,20.8,0.0,-2703.239641,0.0
2019-03-14,15,0,97,127.93,127.93,0.0,-16626.223427,0.0
2019-03-14,15,0,99,42.0,42.0,0.0,-1110.950769,0.0
2019-03-14,15,0,101,18.1,18.1,0.0,-18100.0,0.0
2019-03-14,15,0,102,45.67,45.67,0.0,-16919.696318,0.0
2019-03-14,15,0,103,39.72,39.72,0.0,-14715.35664,0.0
2019-03-14,15,0,104,7.38,7.38,0.0,-2734.122155,0.0
2019-03-14,15,0,106,376.1,376.1,0.0,-183676.110246,0.0
2019-03-14,15,0,109,60.0,60.0,0.0,-4436.97415,0.0
2019-03-14,15,0,110,338.6,338.6,0.0,-338600.0,0.0
2019-03-14,15,0,111,25.84,25.84,0.0,-3017.084255,0.0
2019-03-14,15,0,113,43.02,43.02,0.0,-9733.444415,0.0
2019-03-14,15,0,115,43.02,43.02,0.0,-9733.444415,0.0
2019-03-14,15,0,116,186.73,186.73,0.0,-186730.0,0.0
2019-03-14,15,0,117,2.87,2.87,0.0,-649.348802,0.0
2019-03-14,15,0,119,60.0,60.0,0.0,7183.416372,0.0
2019-03-14,15,0,120,35.28,35.28,0.0,4223.848827,0.0
2019-03-14,15,0,123,6.27,6.27,0.0,-3062.082455,0.0
2019-03-14,15,0,125,22.81,22.81,0.0,-11139.728994,0.0
2019-03-14,15,0,126,282.07,282.07,0.0,-137754.640832,0.0
2019-03-14,15,0,127,361.99,361.99,0.0,-176785.203797,0.0
2019-03-14,15,0,128,32.68,32.68,0.0,-15959.944916,0.0
2019-03-14,15,0,131,36.03,36.03,0.0,-11857.130997,0.0
2019-03-14,15,0,132,53.03,53.03,0.0,-17451.66963,0.0
2019-03-14,15,0,133,41.94,41.94,0.0,726.84468,0.0
2019-03-14,15,0,134,0.0,0.0,0.0,0.0,0.0
2019-03-14,15,0,135,56.2,56.2,0.0,973.978803,0.0
2019-03-14,15,0,136,45.9,45.9,0.0,716.348319,0.0
2019-03-14,15,0,139,76.67,76.67,0.0,-8952.006574,0.0
2019-03-14,15,0,140,250.6,250.6,0.0,-250600.0,0.0
2019-03-14,15,0,141,85.16,85.16,0.0,-44746.780731,0.0
2019-03-14,15,0,142,557.85,557.85,0.0,-293118.736857,0.0
2019-03-14,15,0,143,55.22,55.22,0.0,-55220.0,0.0
2019-03-14,15,0,145,30.0,30.0,0.0,-3985.224084,0.0
2019-03-14,15,0,146,268.0,268.0,0.0,-268000.0,0.0
2019-03-14,15,0,152,11.4,11.4,0.0,-289.958127,0.0
2019-03-14,15,0,153,14.23,14.23,0.0,-389.349769,0.0
2019-03-14,15,0,154,106.61,106.61,0.0,-12447.807758,0.0
2019-03-14,15,0,157,240.25,240.25,0.0,-126237.835493,0.0
2019-03-14,15,0,158,448.85,448.85,0.0,-235845.379651,0.0
2019-03-14,15,0,159,0.0,0.0,0.0,-0.0,0.0
2019-03-14,15,0,160,3.79,3.79,0.0,-67.251754,0.0
2019-03-14,15,0,161,87.43,87.43,0.0,-32390.826562,0.0
2019-03-14,15,0,162,162.5,162.5,0.0,3809.177808,0.0
2019-03-14,15,0,163,142.89,142.89,0.0,-142890.0,0.0
2019-03-14,15,0,164,31.44,31.44,0.0,-31440.0,0.0
2019-03-14,15,0,167,8.76,8.76,0.0,170.506584,0.0
2019-03-14,15,0,168,4.38,4.38,0.0,85.253292,0.0
2019-03-14,15,0,169,0.0,0.0,0.0,0.0,0.0
2019-03-14,15,0,170,9.58,9.58,0.0,186.467246,0.0
2019-03-14,15,0,172,11.37,11.37,0.0,41.317112,0.0
2019-03-14,15,0,173,17.33,17.33,0.0,62.974983,0.0
2019-03-14,15,0,188,15.51,15.51,0.0,229.100714,0.0
2019-03-14,15,0,190,14.82,14.82,0.0,480.576396,0.0
2019-03-14,15,0,191,38.3,38.3,0.0,1241.975438,0.0
2019-03-14,15,0,192,332.6,332.6,0.0,10785.405497,0.0
2019-03-14,15,0,194,52.95,52.95,0.0,-5474.597943,0.0
2019-03-14,15,0,196,9.93,9.93,0.0,2815.43931,0.0
2019-03-14,15,0,198,16.51,16.51,0.0,191.835245,0.0
2019-03-14,15,0,199,130.0,130.0,0.0,5178.048957,0.0
2019-03-14,15,0,200,28.62,28.62,0.0,1139.967393,0.0
2019-03-14,15,0,204,257.1,257.1,0.0,-20205.950024,0.0
2019-03-14,15,0,205,317.4,317.4,0.0,-23471.593252,0.0
2019-03-14,15,0,206,375.92,375.92,0.0,-48855.857973,0.0
2019-03-14,15,0,210,3.31,3.31,0.0,10.180903,0.0
2019-03-14,15,0,214,18.8,18.8,0.0,1438.082373,0.0
2019-03-14,15,0,217,12.65,12.65,0.0,646.042882,0.0
2019-03-14,15,0,218,17.46,17.46,0.0,891.692389,0.0
2019-03-14,15,0,219,11.89,11.89,0.0,607.229239,0.0
2019-03-14,15,0,221,10.03,10.03,0.0,767.232245,0.0
2019-03-14,15,0,225,8.98,8.98,0.0,38.169924,0.0
2019-03-14,15,0,233,11.19,11.19,0.0,609.241024,0.0
2019-03-14,15,0,236,179.56,179.56,0.0,-601.461897,0.0
2019-03-14,15,0,237,522.0,522.0,0.0,-13807.53099,0.0
2019-03-14,15,0,238,116.71,116.71,0.0,1063.633609,0.0
2019-03-14,15,0,240,17.77,17.77,0.0,-776.487081,0.0
2019-03-14,15,0,245,78.0,78.0,0.0,1771.053503,0.0
2019-03-14,15,0,247,171.72,171.72,0.0,3899.042405,0.0
2019-03-14,15,0,248,52.4,52.4,0.0,-1386.043341,0.0
2019-03-14,15,0,249,150.0,150.0,0.0,3405.872122,0.0
2019-03-14,15,0,251,326.4,326.4,0.0,4316.980024,0.0
2019-03-14,15,0,252,267.06,267.06,0.0,4189.923988,0.0
2019-03-14,15,0,254,26.34,26.34,0.0,-881.198283,0.0
2019-03-14,15,0,255,12.07,12.07,0.0,-403.798909,0.0
2019-03-14,15,0,258,21.82,21.82,0.0,-935.911937,0.0
2019-03-14,15,0,260,9.2,9.2,0.0,-163.24964,0.0
2019-03-14,15,0,265,110.38,110.38,0.0,-12887.993812,0.0
2019-03-14,15,0,266,49.03,49.03,0.0,-5724.75391,0.0
2019-03-14,15,0,267,60.63,60.63,0.0,-7079.172539,0.0
2019-03-14,15,0,270,466.38,466.38,0.0,-466380.0,0.0
2019-03-14,15,0,272,143.76,143.76,0.0,-32526.266135,0.0
2019-03-14,15,0,273,44.65,44.65,0.0,-44650.0,0.0
2019-03-14,15,0,274,614.3,614.3,0.0,-614300.0,0.0
2019-03-14,15,0,275,881.73,881.73,0.0,-881730.0,0.0
2019-03-14,15,0,276,10.08,10.08,0.0,-9011.939154,0.0
2019-03-14,15,0,277,12.24,12.24,0.0,-2808.855897,0.0
2019-03-14,15,0,278,19.58,19.58,0.0,-4493.251509,0.0
2019-03-14,15,0,279,213.28,213.28,0.0,-48943.85505,0.0
2019-03-14,15,0,281,17.85,17.85,0.0,-17850.0,0.0
2019-03-14,15,0,282,492.98,492.98,0.0,-492980.0,0.0
2019-03-14,16,0,9,4.19,4.19,0.0,-1645.142465,0.0
2019-03-14,16,0,17,54.5,54.5,0.0,286.093687,0.0
2019-03-14,16,0,19,332.0,332.0,0.0,1742.809247,0.0
2019-03-14,16,0,20,419.03,419.03,0.0,2199.666744,0.0
2019-03-14,16,0,21,95.84,95.84,0.0,-37630.17991,0.0
2019-03-14,16,0,22,340.59,340.59,0.0,-133727.702164,0.0
2019-03-14,16,0,23,5.03,5.03,0.0,-1974.956229,0.0
2019-03-14,16,0,24,8.9,8.9,0.0,-3494.455355,0.0
2019-03-14,16,0,29,8.49,8.49,0.0,64.219958,0.0
2019-03-14,16,0,30,789.71,789.71,0.0,-789710.0,0.0
2019-03-14,16,0,31,12.44,12.44,0.0,-12440.0,0.0
2019-03-14,16,0,32,6.68,6.68,0.0,262.815039,0.0
2019-03-14,16,0,33,3.38,3.38,0.0,30.544872,0.0
2019-03-14,16,0,34,5.4,5.4,0.0,48.7995,0.0
2019-03-14,16,0,35,5.4,5.4,0.0,48.7995,0.0
2019-03-14,16,0,36,14.38,14.38,0.0,-0.890509,0.0
2019-03-14,16,0,37,6.84,6.84,0.0,-0.141633,0.0
2019-03-14,16,0,38,8.8,8.8,0.0,-0.182218,0.0
2019-03-14,16,0,39,5.87,5.87,0.0,-0.121548,0.0
2019-03-14,16,0,40,5.87,5.87,0.0,-0.121548,0.0
2019-03-14,16,0,41,82.36,82.36,0.0,-1171.418514,0.0
2019-03-14,16,0,42,77.37,77.37,0.0,342.627173,0.0
2019-03-14,16,0,43,43.21,43.21,0.0,38.529145,0.0
2019-03-14,16,0,46,36.1,36.1,0.0,-30.3134,0.0
2019-03-14,16,0,52,13.19,13.19,0.0,-13190.0,0.0
2019-03-14,16,0,53,20.95,20.95,0.0,-20950.0,0.0
2019-03-14,16,0,55,63.62,63.62,0.0,-24979.466255,0.0
2019-03-14,16,0,56,232.94,232.94,0.0,-232940.0,0.0
2019-03-14,16,0,57,221.57,221.57,0.0,-221570.0,0.0
2019-03-14,16,0,58,426.1,426.1,0.0,-426100.0,0.0
2019-03-14,16,0,59,419.0,419.0,0.0,-419000.0,0.0
2019-03-14,16,0,63,51.0,51.0,0.0,5668.624803,0.0
2019-03-14,16,0,64,60.0,60.0,0.0,6668.970357,0.0
2019-03-14,16,0,65,41.4,41.4,0.0,211.012264,0.0
2019-03-14,16,0,67,373.2,373.2,0.0,-207062.011487,0.0
2019-03-14,16,0,68,10.03,10.03,0.0,-4106.861657,0.0
2019-03-14,16,0,69,3.38,3.38,0.0,30.544872,0.0
2019-03-14,16,0,74,134.72,134.72,0.0,63.759858,0.0
2019-03-14,16,0,77,18.72,18.72,0.0,-5384.687375,0.0
2019-03-14,16,0,78,14.15,14.15,0.0,-4070.156322,0.0
2019-03-14,16,0,79,8.19,8.19,0.0,-2355.800726,0.0
2019-03-14,16,0,80,13.24,13.24,0.0,-3808.400686,0.0
2019-03-14,16,0,81,17.31,17.31,0.0,-4979.10996,0.0
2019-03-14,16,0,82,12.21,12.21,0.0,-3512.127823,0.0
2019-03-14,16,0,83,27.23,27.23,0.0,-7832.534039,0.0
2019-03-14,16,0,84,0.0,0.0,0.0,-0.0,0.0
2019-03-14,16,0,86,17.11,17.11,0.0,154.622119,0.0
2019-03-14,16,0,87,87.37,87.37,0.0,789.557835,0.0
2019-03-14,16,0,88,24.68,24.68,0.0,-7099.04297,0.0
2019-03-14,16,0,89,23.72,23.72,0.0,-6822.905156,0.0
2019-03-14,16,0,90,31.85,31.85,0.0,-9161.447269,0.0
2019-03-14,16,0,91,113.63,113.63,0.0,-32684.937306,0.0
2019-03-14,16,0,92,40.87,40.87,0.0,-11755.992147,0.0
2019-03-14,16,0,95,120.0,120.0,0.0,2691.568394,0.0
2019-03-14,16,0,96,10.88,10.88,0.0,393.096855,0.0
2019-03-14,16,0,97,66.92,66.92,0.0,2417.834698,0.0
2019-03-14,16,0,99,29.54,29.54,0.0,13.980598,0.0
2019-03-14,16,0,101,15.91,15.91,0.0,-15910.0,0.0
2019-03-14,16,0,102,23.74,23.74,0.0,-9720.52799,0.0
2019-03-14,16,0,103,20.64,20.64,0.0,-8451.208833,0.0
2019-03-14,16,0,104,3.83,3.83,0.0,-1568.223345,0.0
2019-03-14,16,0,106,335.29,335.29,0.0,-131646.734369,0.0
2019-03-14,16,0,109,60.0,60.0,0.0,-155.502266,0.0
2019-03-14,16,0,110,338.6,338.6,0.0,-338600.0,0.0
2019-03-14,16,0,111,24.1,24.1,0.0,-342.77788,0.0
2019-03-14,16,0,113,27.34,27.34,0.0,-7125.572555,0.0
2019-03-14,16,0,115,27.34,27.34,0.0,-7125.572555,0.0
2019-03-14,16,0,116,161.92,161.92,0.0,-161920.0,0.0
2019-03-14,16,0,117,1.82,1.82,0.0,-474.343162,0.0
2019-03-14,16,0,119,60.0,60.0,0.0,6668.970357,0.0
2019-03-14,16,0,120,35.28,35.28,0.0,3921.35457,0.0
2019-03-14,16,0,123,5.59,5.59,0.0,-2194.832071,0.0
2019-03-14,16,0,125,8.05,8.05,0.0,-3160.715237,0.0
2019-03-14,16,0,126,251.46,251.46,0.0,-98732.106011,0.0
2019-03-14,16,0,127,322.71,322.71,0.0,-126707.38062,0.0
2019-03-14,16,0,128,11.53,11.53,0.0,-4527.086544,0.0
2019-03-14,16,0,131,6.71,6.71,0.0,-2486.952415,0.0
2019-03-14,16,0,132,9.87,9.87,0.0,-3658.155042,0.0
2019-03-14,16,0,133,50.5,50.5,0.0,265.821612,0.0
2019-03-14,16,0,134,0.0,0.0,0.0,0.0,0.0
2019-03-14,16,0,135,64.2,64.2,0.0,337.935593,0.0
2019-03-14,16,0,136,45.9,45.9,0.0,233.564081,0.0
2019-03-14,16,0,139,107.25,107.25,0.0,-1525.432681,0.0
2019-03-14,16,0,140,250.6,250.6,0.0,-250600.0,0.0
2019-03-14,16,0,141,33.03,33.03,0.0,-18325.986708,0.0
2019-03-14,16,0,142,492.15,492.15,0.0,-273058.866434,0.0
2019-03-14,16,0,143,13.31,13.31,0.0,-13310.0,0.0
2019-03-14,16,0,145,29.84,29.84,0.0,-215.00267,0.0
2019-03-14,16,0,146,268.0,268.0,0.0,-268000.0,0.0
2019-03-14,16,0,152,10.67,10.67,0.0,12.000236,0.0
2019-03-14,16,0,153,13.31,13.31,0.0,12.544201,0.0
2019-03-14,16,0,154,99.42,99.42,0.0,-1414.065428,0.0
2019-03-14,16,0,157,196.86,196.86,0.0,-109223.546574,0.0
2019-03-14,16,0,158,431.48,431.48,0.0,-239397.418854,0.0
2019-03-14,16,0,159,0.0,0.0,0.0,0.0,0.0
2019-03-14,16,0,160,3.33,3.33,0.0,11.744362,0.0
2019-03-14,16,0,161,72.96,72.96,0.0,-29874.040527,0.0
2019-03-14,16,0,162,162.5,162.5,0.0,3776.220313,0.0
2019-03-14,16,0,163,122.24,122.24,0.0,-122240.0,0.0
2019-03-14,16,0,164,29.03,29.03,0.0,-29030.0,0.0
2019-03-14,16,0,167,7.38,7.38,0.0,144.300317,0.0
2019-03-14,16,0,168,3.69,3.69,0.0,72.150159,0.0
2019-03-14,16,0,169,0.0,0.0,0.0,0.0,0.0
2019-03-14,16,0,170,8.07,8.07,0.0,157.79181,0.0
2019-03-14,16,0,172,9.81,9.81,0.0,110.309205,0.0
2019-03-14,16,0,173,14.95,14.95,0.0,168.106281,0.0
2019-03-14,16,0,188,13.53,13.53,0.0,286.355686,0.0
2019-03-14,16,0,190,12.59,12.59,0.0,408.262944,0.0
2019-03-14,16,0,191,32.52,32.52,0.0,1054.544157,0.0
2019-03-14,16,0,192,332.6,332.6,0.0,10785.405497,0.0
2019-03-14,16,0,194,52.95,52.95,0.0,-6736.009632,0.0
2019-03-14,16,0,196,8.48,8.48,0.0,2244.707124,0.0
2019-03-14,16,0,198,14.17,14.17,0.0,109.609277,0.0
2019-03-14,16,0,199,130.0,130.0,0.0,-2892.523114,0.0
2019-03-14,16,0,200,25.19,25.19,0.0,-560.481979,0.0
2019-03-14,16,0,204,257.1,257.1,0.0,-740.910248,0.0
2019-03-14,16,0,205,317.4,317.4,0.0,-822.606986,0.0
2019-03-14,16,0,206,196.63,196.63,0.0,7104.286262,0.0
2019-03-14,16,0,210,2.78,2.78,0.0,23.479385,0.0
2019-03-14,16,0,214,16.28,16.28,0.0,183.413589,0.0
2019-03-14,16,0,217,10.73,10.73,0.0,108.122756,0.0
2019-03-14,16,0,218,14.81,14.81,0.0,149.235603,0.0
2019-03-14,16,0,219,10.09,10.09,0.0,101.673682,0.0
2019-03-14,16,0,221,8.68,8.68,0.0,97.790538,0.0
2019-03-14,16,0,225,7.78,7.78,0.0,58.186979,0.0
2019-03-14,16,0,233,9.68,9.68,0.0,87.477622,0.0
2019-03-14,16,0,236,159.03,159.03,0.0,511.078283,0.0
2019-03-14,16,0,237,308.11,308.11,0.0,145.821332,0.0
2019-03-14,16,0,238,100.7,100.7,0.0,445.942307,0.0
2019-03-14,16,0,240,16.29,16.29,0.0,-1.008789,0.0
2019-03-14,16,0,245,0.0,0.0,0.0,0.0,0.0
2019-03-14,16,0,247,171.72,171.72,0.0,997.736569,0.0
2019-03-14,16,0,248,36.28,36.28,0.0,17.170484,0.0
2019-03-14,16,0,249,0.0,0.0,0.0,0.0,0.0
2019-03-14,16,0,251,326.4,326.4,0.0,1581.903192,0.0
2019-03-14,16,0,252,267.06,267.06,0.0,1361.182013,0.0
2019-03-14,16,0,254,23.17,23.17,0.0,35.981337,0.0
2019-03-14,16,0,255,10.62,10.62,0.0,16.492093,0.0
2019-03-14,16,0,258,19.88,19.88,0.0,1.830691,0.0
2019-03-14,16,0,260,8.09,8.09,0.0,28.532098,0.0
2019-03-14,16,0,265,102.94,102.94,0.0,-1464.130911,0.0
2019-03-14,16,0,266,68.38,68.38,0.0,-972.578897,0.0
2019-03-14,16,0,267,84.71,84.71,0.0,-1204.842913,0.0
2019-03-14,16,0,270,330.39,330.39,0.0,-330390.0,0.0
2019-03-14,16,0,272,91.36,91.36,0.0,-23810.984223,0.0
2019-03-14,16,0,273,38.72,38.72,0.0,-38720.0,0.0
2019-03-14,16,0,274,412.31,412.31,0.0,-412310.0,0.0
2019-03-14,16,0,275,552.76,552.76,0.0,-552760.0,0.0
2019-03-14,16,0,276,8.7,8.7,0.0,-7835.242706,0.0
2019-03-14,16,0,277,10.61,10.61,0.0,-2880.180404,0.0
2019-03-14,16,0,278,16.97,16.97,0.0,-4606.659892,0.0
2019-03-14,16,0,279,296.67,296.67,0.0,-80533.753105,0.0
2019-03-14,16,0,281,5.58,5.58,0.0,-5580.0,0.0
2019-03-14,16,0,282,433.21,433.21,0.0,-433210.0,0.0
2019-03-14,17,0,9,3.22,3.22,0.0,1803.636133,0.0
2019-03-14,17,0,17,40.51,40.51,0.0,358.778794,0.0
2019-03-14,17,0,19,284.63,284.63,0.0,2520.839499,0.0
2019-03-14,17,0,20,342.76,342.76,0.0,3035.670683,0.0
2019-03-14,17,0,21,73.71,73.71,0.0,41287.583648,0.0
2019-03-14,17,0,22,261.97,261.97,0.0,146738.682515,0.0
2019-03-14,17,0,23,5.08,5.08,0.0,2845.48806,0.0
2019-03-14,17,0,24,9.04,9.04,0.0,5063.624422,0.0
2019-03-14,17,0,29,6.15,6.15,0.0,57.509226,0.0
2019-03-14,17,0,30,610.73,610.73,0.0,-610730.0,0.0
2019-03-14,17,0,31,4.62,4.62,0.0,-4620.0,0.0
2019-03-14,17,0,32,5.0,5.0,0.0,203.071613,0.0
2019-03-14,17,0,33,2.51,2.51,0.0,23.273285,0.0
2019-03-14,17,0,34,4.02,4.02,0.0,37.274344,0.0
2019-03-14,17,0,35,4.02,4.02,0.0,37.274344,0.0
2019-03-14,17,0,36,10.99,10.99,0.0,79.716668,0.0
2019-03-14,17,0,37,5.23,5.23,0.0,36.855412,0.0
2019-03-14,17,0,38,6.72,6.72,0.0,47.355329,0.0
2019-03-14,17,0,39,4.48,4.48,0.0,31.570219,0.0
2019-03-14,17,0,40,4.48,4.48,0.0,31.570219,0.0
2019-03-14,17,0,41,34.8,34.8,0.0,541.340884,0.0
2019-03-14,17,0,42,58.53,58.53,0.0,513.100017,0.0
2019-03-14,17,0,43,33.24,33.24,0.0,237.057829,0.0
2019-03-14,17,0,46,27.54,27.54,0.0,167.579257,0.0
2019-03-14,17,0,52,4.89,4.89,0.0,-4890.0,0.0
2019-03-14,17,0,53,7.77,7.77,0.0,-7770.0,0.0
2019-03-14,17,0,55,29.92,29.92,0.0,16759.252513,0.0
2019-03-14,17,0,56,180.14,180.14,0.0,-180140.0,0.0
2019-03-14,17,0,57,171.36,171.36,0.0,-171360.0,0.0
2019-03-14,17,0,58,329.53,329.53,0.0,-329530.0,0.0
2019-03-14,17,0,59,324.04,324.04,0.0,-324040.0,0.0
2019-03-14,17,0,63,95.49,95.49,0.0,10601.656675,0.0
2019-03-14,17,0,64,112.31,112.31,0.0,12469.075936,0.0
2019-03-14,17,0,65,41.4,41.4,0.0,365.968173,0.0
2019-03-14,17,0,67,283.33,283.33,0.0,-157969.705734,0.0
2019-03-14,17,0,68,5.01,5.01,0.0,-2069.448449,0.0
2019-03-14,17,0,69,2.51,2.51,0.0,23.273285,0.0
2019-03-14,17,0,74,104.24,104.24,0.0,921.985703,0.0
2019-03-14,17,0,77,15.76,15.76,0.0,-4612.007747,0.0
2019-03-14,17,0,78,11.92,11.92,0.0,-3488.269819,0.0
2019-03-14,17,0,79,6.9,6.9,0.0,-2019.21659,0.0
2019-03-14,17,0,80,11.15,11.15,0.0,-3262.936953,0.0
2019-03-14,17,0,81,14.58,14.58,0.0,-4266.692446,0.0
2019-03-14,17,0,82,10.28,10.28,0.0,-3008.340079,0.0
2019-03-14,17,0,83,22.93,22.93,0.0,-6710.23716,0.0
2019-03-14,17,0,84,0.0,0.0,0.0,0.0,0.0
2019-03-14,17,0,86,12.72,12.72,0.0,117.942701,0.0
2019-03-14,17,0,87,64.94,64.94,0.0,602.138285,0.0
2019-03-14,17,0,88,19.99,19.99,0.0,-5849.875309,0.0
2019-03-14,17,0,89,19.22,19.22,0.0,-5624.542443,0.0
2019-03-14,17,0,90,25.81,25.81,0.0,-7553.040607,0.0
2019-03-14,17,0,91,92.05,92.05,0.0,-26937.519869,0.0
2019-03-14,17,0,92,33.11,33.11,0.0,-9689.313231,0.0
2019-03-14,17,0,95,120.0,120.0,0.0,2691.568394,0.0
2019-03-14,17,0,96,7.75,7.75,0.0,-536.076502,0.0
2019-03-14,17,0,97,47.63,47.63,0.0,-3294.622423,0.0
2019-03-14,17,0,99,21.2,21.2,0.0,187.510523,0.0
2019-03-14,17,0,101,12.3,12.3,0.0,-12300.0,0.0
2019-03-14,17,0,102,11.86,11.86,0.0,-4898.933852,0.0
2019-03-14,17,0,103,10.31,10.31,0.0,-4258.68533,0.0
2019-03-14,17,0,104,1.92,1.92,0.0,-793.08204,0.0
2019-03-14,17,0,106,257.89,257.89,0.0,144453.3299,0.0
2019-03-14,17,0,109,60.0,60.0,0.0,314.503941,0.0
2019-03-14,17,0,110,338.6,338.6,0.0,-338600.0,0.0
2019-03-14,17,0,111,18.82,18.82,0.0,292.759639,0.0
2019-03-14,17,0,113,21.64,21.64,0.0,-5705.705877,0.0
2019-03-14,17,0,115,21.64,21.64,0.0,-5705.705877,0.0
2019-03-14,17,0,116,122.16,122.16,0.0,-122160.0,0.0
2019-03-14,17,0,117,1.44,1.44,0.0,-379.677286,0.0
2019-03-14,17,0,119,112.31,112.31,0.0,12469.075936,0.0
2019-03-14,17,0,120,66.1,66.1,0.0,7338.669036,0.0
2019-03-14,17,0,123,4.3,4.3,0.0,2408.582413,0.0
2019-03-14,17,0,125,8.17,8.17,0.0,4576.306585,0.0
2019-03-14,17,0,126,193.41,193.41,0.0,108335.796409,0.0
2019-03-14,17,0,127,248.22,248.22,0.0,139036.820147,0.0
2019-03-14,17,0,128,11.76,11.76,0.0,6587.192833,0.0
2019-03-14,17,0,131,5.99,5.99,0.0,-2243.114639,0.0
2019-03-14,17,0,132,8.8,8.8,0.0,-3295.393794,0.0
2019-03-14,17,0,133,111.85,111.85,0.0,990.781372,0.0
2019-03-14,17,0,134,0.0,0.0,0.0,0.0,0.0
2019-03-14,17,0,135,146.43,146.43,0.0,1297.095363,0.0
2019-03-14,17,0,136,45.9,45.9,0.0,405.705146,0.0
2019-03-14,17,0,139,44.94,44.94,0.0,699.076418,0.0
2019-03-14,17,0,140,250.6,250.6,0.0,-250600.0,0.0
2019-03-14,17,0,141,32.72,32.72,0.0,-18242.927934,0.0
2019-03-14,17,0,142,373.65,373.65,0.0,-208327.32343,0.0
2019-03-14,17,0,143,0.0,0.0,0.0,-0.0,0.0
2019-03-14,17,0,145,20.53,20.53,0.0,21.828073,0.0
2019-03-14,17,0,146,268.0,268.0,0.0,-268000.0,0.0
2019-03-14,17,0,152,8.09,8.09,0.0,65.441377,0.0
2019-03-14,17,0,153,10.11,10.11,0.0,81.371474,0.0
2019-03-14,17,0,154,77.63,77.63,0.0,1207.594622,0.0
2019-03-14,17,0,157,164.16,164.16,0.0,-91526.865822,0.0
2019-03-14,17,0,158,344.45,344.45,0.0,-192046.95987,0.0
2019-03-14,17,0,159,0.0,0.0,0.0,0.0,0.0
2019-03-14,17,0,160,2.53,2.53,0.0,19.691875,0.0
2019-03-14,17,0,161,55.22,55.22,0.0,-22809.369927,0.0
2019-03-14,17,0,162,162.5,162.5,0.0,3772.984808,0.0
2019-03-14,17,0,163,118.1,118.1,0.0,-118100.0,0.0
2019-03-14,17,0,164,22.38,22.38,0.0,-22380.0,0.0
2019-03-14,17,0,167,5.58,5.58,0.0,108.968844,0.0
2019-03-14,17,0,168,2.79,2.79,0.0,54.484422,0.0
2019-03-14,17,0,169,0.0,0.0,0.0,0.0,0.0
2019-03-14,17,0,170,6.11,6.11,0.0,119.318932,0.0
2019-03-14,17,0,172,7.45,7.45,0.0,105.251886,0.0
2019-03-14,17,0,173,11.35,11.35,0.0,160.350189,0.0
2019-03-14,17,0,188,10.32,10.32,0.0,232.37882,0.0
2019-03-14,17,0,190,9.51,9.51,0.0,308.386068,0.0
2019-03-14,17,0,191,24.57,24.57,0.0,796.745078,0.0
2019-03-14,17,0,192,305.67,305.67,0.0,9912.131384,0.0
2019-03-14,17,0,194,49.94,49.94,0.0,-6446.422049,0.0
2019-03-14,17,0,196,6.4,6.4,0.0,1687.310774,0.0
2019-03-14,17,0,198,10.78,10.78,0.0,95.491558,0.0
2019-03-14,17,0,199,130.0,130.0,0.0,-3727.367915,0.0
2019-03-14,17,0,200,19.05,19.05,0.0,-546.20276,0.0
2019-03-14,17,0,204,257.1,257.1,0.0,1247.018525,0.0
2019-03-14,17,0,205,317.4,317.4,0.0,1663.72585,0.0
2019-03-14,17,0,206,139.97,139.97,0.0,-9681.887477,0.0
2019-03-14,17,0,210,2.06,2.06,0.0,19.515566,0.0
2019-03-14,17,0,214,12.2,12.2,0.0,116.331806,0.0
2019-03-14,17,0,217,7.95,7.95,0.0,75.509611,0.0
2019-03-14,17,0,218,10.96,10.96,0.0,104.098785,0.0
2019-03-14,17,0,219,7.47,7.47,0.0,70.950541,0.0
2019-03-14,17,0,221,6.51,6.51,0.0,62.075415,0.0
2019-03-14,17,0,225,5.72,5.72,0.0,53.420597,0.0
2019-03-14,17,0,233,7.2,7.2,0.0,66.760019,0.0
2019-03-14,17,0,236,159.03,159.03,0.0,1360.36806,0.0
2019-03-14,17,0,237,257.58,257.58,0.0,2278.252853,0.0
2019-03-14,17,0,238,76.18,76.18,0.0,667.827769,0.0
2019-03-14,17,0,240,12.46,12.46,0.0,90.379407,0.0
2019-03-14,17,0,245,78.0,78.0,0.0,695.611723,0.0
2019-03-14,17,0,247,171.72,171.72,0.0,1531.415962,0.0
2019-03-14,17,0,248,26.21,26.21,0.0,231.823151,0.0
2019-03-14,17,0,249,150.0,150.0,0.0,1337.714851,0.0
2019-03-14,17,0,251,326.4,326.4,0.0,2876.344546,0.0
2019-03-14,17,0,252,267.06,267.06,0.0,2360.759912,0.0
2019-03-14,17,0,254,17.62,17.62,0.0,128.541859,0.0
2019-03-14,17,0,255,8.07,8.07,0.0,58.872463,0.0
2019-03-14,17,0,258,15.26,15.26,0.0,110.389048,0.0
2019-03-14,17,0,260,6.15,6.15,0.0,47.8676,0.0
2019-03-14,17,0,265,80.37,80.37,0.0,1250.217439,0.0
2019-03-14,17,0,266,29.1,29.1,0.0,452.672981,0.0
2019-03-14,17,0,267,35.76,35.76,0.0,556.274426,0.0
2019-03-14,17,0,270,368.83,368.83,0.0,-368830.0,0.0
2019-03-14,17,0,272,72.32,72.32,0.0,-19068.237014,0.0
2019-03-14,17,0,273,29.21,29.21,0.0,-29210.0,0.0
2019-03-14,17,0,274,475.47,475.47,0.0,-475470.0,0.0
2019-03-14,17,0,275,661.86,661.86,0.0,-661860.0,0.0
2019-03-14,17,0,276,6.48,6.48,0.0,-5839.837669,0.0
2019-03-14,17,0,277,8.01,8.01,0.0,-2205.004403,0.0
2019-03-14,17,0,278,12.82,12.82,0.0,-3529.108171,0.0
2019-03-14,17,0,279,108.5,108.5,0.0,-29868.037173,0.0
2019-03-14,17,0,281,2.07,2.07,0.0,-2070.0,0.0
2019-03-14,17,0,282,335.02,335.02,0.0,-335020.0,0.0
2019-03-14,18,0,9,1.98,1.98,0.0,5.256303,0.0
2019-03-14,18,0,17,24.76,24.76,0.0,246.695708,0.0
2019-03-14,18,0,19,332.94,332.94,0.0,3317.240273,0.0
2019-03-14,18,0,20,405.43,405.43,0.0,4039.492773,0.0
2019-03-14,18,0,21,45.28,45.28,0.0,120.204751,0.0
2019-03-14,18,0,22,160.93,160.93,0.0,427.220639,0.0
2019-03-14,18,0,23,10.52,10.52,0.0,27.927429,0.0
2019-03-14,18,0,24,18.67,18.67,0.0,49.563222,0.0
2019-03-14,18,0,29,3.75,3.75,0.0,24.958392,0.0
2019-03-14,18,0,30,388.45,388.45,0.0,1014.819602,0.0
2019-03-14,18,0,31,2.49,2.49,0.0,6.505086,0.0
2019-03-14,18,0,32,3.08,3.08,0.0,66.459228,0.0
2019-03-14,18,0,33,1.54,1.54,0.0,17.65712,0.0
2019-03-14,18,0,34,2.46,2.46,0.0,28.20553,0.0
2019-03-14,18,0,35,2.46,2.46,0.0,28.20553,0.0
2019-03-14,18,0,36,6.82,6.82,0.0,50.651941,0.0
2019-03-14,18,0,37,3.16,3.16,0.0,23.26461,0.0
2019-03-14,18,0,38,4.06,4.06,0.0,29.890606,0.0
2019-03-14,18,0,39,2.71,2.71,0.0,19.951612,0.0
2019-03-14,18,0,40,2.71,2.71,0.0,19.951612,0.0
2019-03-14,18,0,41,34.8,34.8,0.0,170.663738,0.0
2019-03-14,18,0,42,34.4,34.4,0.0,331.542271,0.0
2019-03-14,18,0,43,20.05,20.05,0.0,151.520574,0.0
2019-03-14,18,0,46,17.19,17.19,0.0,118.226591,0.0
2019-03-14,18,0,52,2.64,2.64,0.0,6.896959,0.0
2019-03-14,18,0,53,4.19,4.19,0.0,10.94631,0.0
2019-03-14,18,0,55,18.97,18.97,0.0,50.359632,0.0
2019-03-14,18,0,56,114.58,114.58,0.0,299.338473,0.0
2019-03-14,18,0,57,108.99,108.99,0.0,284.734685,0.0
2019-03-14,18,0,58,209.6,209.6,0.0,547.57675,0.0
2019-03-14,18,0,59,206.1,206.1,0.0,538.433054,0.0
2019-03-14,18,0,63,118.39,118.39,0.0,3239.244346,0.0
2019-03-14,18,0,64,139.28,139.28,0.0,3810.811322,0.0
2019-03-14,18,0,65,41.4,41.4,0.0,409.983774,0.0
2019-03-14,18,0,67,177.54,177.54,0.0,-3875.607552,0.0
2019-03-14,18,0,68,2.6,2.6,0.0,-28.146056,0.0
2019-03-14,18,0,69,1.54,1.54,0.0,17.65712,0.0
2019-03-14,18,0,74,65.28,65.28,0.0,536.841391,0.0
2019-03-14,18,0,77,15.7,15.7,0.0,-21.859986,0.0
2019-03-14,18,0,78,11.87,11.87,0.0,-16.527263,0.0
2019-03-14,18,0,79,6.87,6.87,0.0,-9.565484,0.0
2019-03-14,18,0,80,11.1,11.1,0.0,-15.455149,0.0
2019-03-14,18,0,81,14.52,14.52,0.0,-20.217006,0.0
2019-03-14,18,0,82,10.24,10.24,0.0,-14.257723,0.0
2019-03-14,18,0,83,22.84,22.84,0.0,-31.801406,0.0
2019-03-14,18,0,84,0.0,0.0,0.0,0.0,0.0
2019-03-14,18,0,86,7.79,7.79,0.0,89.317511,0.0
2019-03-14,18,0,87,39.76,39.76,0.0,455.874744,0.0
2019-03-14,18,0,88,18.4,18.4,0.0,-25.619346,0.0
2019-03-14,18,0,89,17.69,17.69,0.0,-24.630774,0.0
2019-03-14,18,0,90,23.75,23.75,0.0,-33.06845,0.0
2019-03-14,18,0,91,84.7,84.7,0.0,-117.932535,0.0
2019-03-14,18,0,92,30.46,30.46,0.0,-42.411157,0.0
2019-03-14,18,0,95,110.38,110.38,0.0,2407.032747,0.0
2019-03-14,18,0,96,7.46,7.46,0.0,19.160015,0.0
2019-03-14,18,0,97,45.87,45.87,0.0,117.810978,0.0
2019-03-14,18,0,99,12.6,12.6,0.0,103.618283,0.0
2019-03-14,18,0,101,7.82,7.82,0.0,20.429629,0.0
2019-03-14,18,0,102,6.16,6.16,0.0,-66.684503,0.0
2019-03-14,18,0,103,5.35,5.35,0.0,-57.915923,0.0
2019-03-14,18,0,104,0.99,0.99,0.0,-10.717152,0.0
2019-03-14,18,0,106,158.42,158.42,0.0,420.557346,0.0
2019-03-14,18,0,109,60.0,60.0,0.0,375.93275,0.0
2019-03-14,18,0,110,338.6,338.6,0.0,-18801.608557,0.0
2019-03-14,18,0,111,12.26,12.26,0.0,60.124639,0.0
2019-03-14,18,0,113,18.24,18.24,0.0,-0.802806,0.0
2019-03-14,18,0,115,18.24,18.24,0.0,-0.802806,0.0
2019-03-14,18,0,116,75.09,75.09,0.0,-4169.559322,0.0
2019-03-14,18,0,117,1.22,1.22,0.0,-0.053696,0.0
2019-03-14,18,0,119,139.28,139.28,0.0,3810.811322,0.0
2019-03-14,18,0,120,81.9,81.9,0.0,2240.84899,0.0
2019-03-14,18,0,123,2.64,2.64,0.0,7.008404,0.0
2019-03-14,18,0,125,16.88,16.88,0.0,44.811312,0.0
2019-03-14,18,0,126,118.82,118.82,0.0,315.431283,0.0
2019-03-14,18,0,127,152.48,152.48,0.0,404.788436,0.0
2019-03-14,18,0,128,24.25,24.25,0.0,64.37644,0.0
2019-03-14,18,0,131,6.33,6.33,0.0,-49.92189,0.0
2019-03-14,18,0,132,9.3,9.3,0.0,-73.344957,0.0
2019-03-14,18,0,133,139.8,139.8,0.0,1393.690891,0.0
2019-03-14,18,0,134,0.0,0.0,0.0,0.0,0.0
2019-03-14,18,0,135,187.33,187.33,0.0,1867.525855,0.0
2019-03-14,18,0,136,45.9,45.9,0.0,454.394809,0.0
2019-03-14,18,0,139,44.94,44.94,0.0,220.39162,0.0
2019-03-14,18,0,140,250.6,250.6,0.0,-13915.189322,0.0
2019-03-14,18,0,141,34.87,34.87,0.0,-761.194296,0.0
2019-03-14,18,0,142,234.13,234.13,0.0,-5110.938359,0.0
2019-03-14,18,0,143,0.0,0.0,0.0,0.0,0.0
2019-03-14,18,0,145,16.88,16.88,0.0,67.00332,0.0
2019-03-14,18,0,146,268.0,268.0,0.0,-14881.36767,0.0
2019-03-14,18,0,152,4.96,4.96,0.0,40.834065,0.0
2019-03-14,18,0,153,6.18,6.18,0.0,50.393024,0.0
2019-03-14,18,0,154,50.58,50.58,0.0,248.050916,0.0
2019-03-14,18,0,157,139.4,139.4,0.0,-3043.030826,0.0
2019-03-14,18,0,158,219.69,219.69,0.0,-4795.720531,0.0
2019-03-14,18,0,159,0.0,0.0,0.0,0.0,0.0
2019-03-14,18,0,160,1.56,1.56,0.0,12.889145,0.0
2019-03-14,18,0,161,34.39,34.39,0.0,-372.285721,0.0
2019-03-14,18,0,162,114.9,114.9,0.0,2512.710016,0.0
2019-03-14,18,0,163,89.45,89.45,0.0,-4966.934097,0.0
2019-03-14,18,0,164,14.55,14.55,0.0,38.011649,0.0
2019-03-14,18,0,167,3.47,3.47,0.0,75.103997,0.0
2019-03-14,18,0,168,1.73,1.73,0.0,37.44378,0.0
2019-03-14,18,0,169,0.0,0.0,0.0,0.0,0.0
2019-03-14,18,0,170,3.79,3.79,0.0,82.030014,0.0
2019-03-14,18,0,172,4.58,4.58,0.0,91.422974,0.0
2019-03-14,18,0,173,6.98,6.98,0.0,139.330209,0.0
2019-03-14,18,0,188,6.36,6.36,0.0,130.785378,0.0
2019-03-14,18,0,190,5.73,5.73,0.0,156.777347,0.0
2019-03-14,18,0,191,14.8,14.8,0.0,404.939744,0.0
2019-03-14,18,0,192,181.62,181.62,0.0,4969.26732,0.0
2019-03-14,18,0,194,70.17,70.17,0.0,659.947578,0.0
2019-03-14,18,0,196,3.94,3.94,0.0,153.227677,0.0
2019-03-14,18,0,198,6.72,6.72,0.0,61.361126,0.0
2019-03-14,18,0,199,130.0,130.0,0.0,1408.235518,0.0
2019-03-14,18,0,200,11.57,11.57,0.0,125.332961,0.0
2019-03-14,18,0,204,257.1,257.1,0.0,1562.190163,0.0
2019-03-14,18,0,205,317.4,317.4,0.0,1988.684248,0.0
2019-03-14,18,0,206,134.78,134.78,0.0,346.164456,0.0
2019-03-14,18,0,210,1.26,1.26,0.0,8.965513,0.0
2019-03-14,18,0,214,7.52,7.52,0.0,92.912566,0.0
2019-03-14,18,0,217,4.84,4.84,0.0,48.771122,0.0
2019-03-14,18,0,218,6.68,6.68,0.0,67.31221,0.0
2019-03-14,18,0,219,4.55,4.55,0.0,45.848885,0.0
2019-03-14,18,0,221,4.01,4.01,0.0,49.545132,0.0
2019-03-14,18,0,225,3.49,3.49,0.0,23.072934,0.0
2019-03-14,18,0,233,4.41,4.41,0.0,50.563572,0.0
2019-03-14,18,0,236,159.03,159.03,0.0,1452.306758,0.0
2019-03-14,18,0,237,156.6,156.6,0.0,1287.827235,0.0
2019-03-14,18,0,238,44.77,44.77,0.0,431.486845,0.0
2019-03-14,18,0,240,7.73,7.73,0.0,57.410484,0.0
2019-03-14,18,0,245,78.0,78.0,0.0,794.50097,0.0
2019-03-14,18,0,247,171.72,171.72,0.0,1749.124443,0.0
2019-03-14,18,0,248,15.72,15.72,0.0,129.276144,0.0
2019-03-14,18,0,249,150.0,150.0,0.0,1527.886481,0.0
2019-03-14,18,0,251,326.4,326.4,0.0,3199.920648,0.0
2019-03-14,18,0,252,267.06,267.06,0.0,2644.692433,0.0
2019-03-14,18,0,254,11.08,11.08,0.0,85.693602,0.0
2019-03-14,18,0,255,5.08,5.08,0.0,39.289124,0.0
2019-03-14,18,0,258,9.6,9.6,0.0,71.500738,0.0
2019-03-14,18,0,260,3.78,3.78,0.0,31.23139,0.0
2019-03-14,18,0,265,52.37,52.37,0.0,256.829309,0.0
2019-03-14,18,0,266,29.1,29.1,0.0,142.710195,0.0
2019-03-14,18,0,267,35.76,35.76,0.0,175.371703,0.0
2019-03-14,18,0,270,279.35,279.35,0.0,-15511.604697,0.0
2019-03-14,18,0,272,60.97,60.97,0.0,-2.683503,0.0
2019-03-14,18,0,273,17.96,17.96,0.0,-997.273744,0.0
2019-03-14,18,0,274,360.12,360.12,0.0,-19996.56017,0.0
2019-03-14,18,0,275,501.29,501.29,0.0,-27835.376117,0.0
2019-03-14,18,0,276,3.99,3.99,0.0,-191.533721,0.0
2019-03-14,18,0,277,4.97,4.97,0.0,-2.905391,0.0
2019-03-14,18,0,278,7.95,7.95,0.0,-4.647456,0.0
2019-03-14,18,0,279,96.56,96.56,0.0,-56.447594,0.0
2019-03-14,18,0,281,1.12,1.12,0.0,2.925983,0.0
2019-03-14,18,0,282,213.09,213.09,0.0,556.694321,0.0
2019-03-14,19,0,9,0.61,0.61,0.0,3.616871,0.0
2019-03-14,19,0,17,3.68,3.68,0.0,-0.841037,0.0
2019-03-14,19,0,19,615.51,615.51,0.0,-140.670245,0.0
2019-03-14,19,0,20,748.14,748.14,0.0,-170.981847,0.0
2019-03-14,19,0,21,13.93,13.93,0.0,82.595099,0.0
2019-03-14,19,0,22,49.51,49.51,0.0,293.559466,0.0
2019-03-14,19,0,23,17.75,17.75,0.0,105.245011,0.0
2019-03-14,19,0,24,31.4,31.4,0.0,186.179908,0.0
2019-03-14,19,0,29,0.66,0.66,0.0,7.221588,0.0
2019-03-14,19,0,30,133.99,133.99,0.0,788.7892,0.0
2019-03-14,19,0,31,2.25,2.25,0.0,13.245583,0.0
2019-03-14,19,0,32,0.58,0.58,0.0,-14.327532,0.0
2019-03-14,19,0,33,0.34,0.34,0.0,4.401883,0.0
2019-03-14,19,0,34,0.55,0.55,0.0,7.120694,0.0
2019-03-14,19,0,35,0.55,0.55,0.0,7.120694,0.0
2019-03-14,19,0,36,1.63,1.63,0.0,17.409083,0.0
2019-03-14,19,0,37,0.75,0.75,0.0,7.952467,0.0
2019-03-14,19,0,38,0.96,0.96,0.0,10.179157,0.0
2019-03-14,19,0,39,0.64,0.64,0.0,6.786105,0.0
2019-03-14,19,0,40,0.64,0.64,0.0,6.786105,0.0
2019-03-14,19,0,41,34.8,34.8,0.0,285.625628,0.0
2019-03-14,19,0,42,9.61,9.61,0.0,84.621343,0.0
2019-03-14,19,0,43,4.82,4.82,0.0,51.862687,0.0
2019-03-14,19,0,46,4.13,4.13,0.0,41.747231,0.0
2019-03-14,19,0,52,2.38,2.38,0.0,14.010884,0.0
2019-03-14,19,0,53,3.79,3.79,0.0,22.311449,0.0
2019-03-14,19,0,55,14.26,14.26,0.0,84.551767,0.0
2019-03-14,19,0,56,39.52,39.52,0.0,232.651311,0.0
2019-03-14,19,0,57,37.6,37.6,0.0,221.348413,0.0
2019-03-14,19,0,58,72.3,72.3,0.0,425.624742,0.0
2019-03-14,19,0,59,71.09,71.09,0.0,418.501561,0.0
2019-03-14,19,0,63,72.32,72.32,0.0,1970.424447,0.0
2019-03-14,19,0,64,85.08,85.08,0.0,2318.0823,0.0
2019-03-14,19,0,65,41.4,41.4,0.0,222.866465,0.0
2019-03-14,19,0,67,61.47,61.47,0.0,-684.822964,0.0
2019-03-14,19,0,68,3.42,3.42,0.0,-14.325013,0.0
2019-03-14,19,0,69,0.34,0.34,0.0,4.401883,0.0
2019-03-14,19,0,74,65.28,65.28,0.0,763.290789,0.0
2019-03-14,19,0,77,18.52,18.52,0.0,34.664393,0.0
2019-03-14,19,0,78,14.0,14.0,0.0,26.204185,0.0
2019-03-14,19,0,79,8.1,8.1,0.0,15.160993,0.0
2019-03-14,19,0,80,13.1,13.1,0.0,24.51963,0.0
2019-03-14,19,0,81,17.13,17.13,0.0,32.062692,0.0
2019-03-14,19,0,82,12.08,12.08,0.0,22.610468,0.0
2019-03-14,19,0,83,26.94,26.94,0.0,50.424338,0.0
2019-03-14,19,0,84,0.0,0.0,0.0,0.0,0.0
2019-03-14,19,0,86,1.74,1.74,0.0,22.527286,0.0
2019-03-14,19,0,87,8.88,8.88,0.0,114.966837,0.0
2019-03-14,19,0,88,19.55,19.55,0.0,36.592272,0.0
2019-03-14,19,0,89,18.79,18.79,0.0,35.169759,0.0
2019-03-14,19,0,90,25.23,25.23,0.0,47.223684,0.0
2019-03-14,19,0,91,89.99,89.99,0.0,168.436756,0.0
2019-03-14,19,0,92,32.37,32.37,0.0,60.587818,0.0
2019-03-14,19,0,95,58.44,58.44,0.0,9901.804482,0.0
2019-03-14,19,0,96,9.92,9.92,0.0,57.959034,0.0
2019-03-14,19,0,97,61.0,61.0,0.0,356.401315,0.0
2019-03-14,19,0,99,12.6,12.6,0.0,147.326347,0.0
2019-03-14,19,0,101,2.7,2.7,0.0,15.8947,0.0
2019-03-14,19,0,102,9.78,9.78,0.0,-40.964512,0.0
2019-03-14,19,0,103,8.2,8.2,0.0,-34.346523,0.0
2019-03-14,19,0,104,1.17,1.17,0.0,-4.900662,0.0
2019-03-14,19,0,106,48.74,48.74,0.0,288.993908,0.0
2019-03-14,19,0,109,60.0,60.0,0.0,572.120955,0.0
2019-03-14,19,0,110,338.6,338.6,0.0,-10980.971685,0.0
2019-03-14,19,0,111,3.53,3.53,0.0,28.972944,0.0
2019-03-14,19,0,113,16.92,16.92,0.0,40.486755,0.0
2019-03-14,19,0,115,16.92,16.92,0.0,40.486755,0.0
2019-03-14,19,0,116,19.2,19.2,0.0,-622.665849,0.0
2019-03-14,19,0,117,1.13,1.13,0.0,2.703903,0.0
2019-03-14,19,0,119,85.08,85.08,0.0,2318.0823,0.0
2019-03-14,19,0,120,50.03,50.03,0.0,1363.11304,0.0
2019-03-14,19,0,123,0.81,0.81,0.0,4.80273,0.0
2019-03-14,19,0,125,28.41,28.41,0.0,168.451311,0.0
2019-03-14,19,0,126,36.55,36.55,0.0,216.715784,0.0
2019-03-14,19,0,127,46.91,46.91,0.0,278.143295,0.0
2019-03-14,19,0,128,40.69,40.69,0.0,241.263071,0.0
2019-03-14,19,0,131,7.76,7.76,0.0,-18.095472,0.0
2019-03-14,19,0,132,11.41,11.41,0.0,-26.606874,0.0
2019-03-14,19,0,133,135.62,135.62,0.0,1299.009633,0.0
2019-03-14,19,0,134,0.0,0.0,0.0,0.0,0.0
2019-03-14,19,0,135,183.78,183.78,0.0,1760.30077,0.0
2019-03-14,19,0,136,45.9,45.9,0.0,261.231768,0.0
2019-03-14,19,0,139,44.94,44.94,0.0,368.851026,0.0
2019-03-14,19,0,140,250.6,250.6,0.0,-8127.086545,0.0
2019-03-14,19,0,141,39.46,39.46,0.0,-439.614677,0.0
2019-03-14,19,0,142,81.07,81.07,0.0,-903.182003,0.0
2019-03-14,19,0,143,2.45,2.45,0.0,14.422968,0.0
2019-03-14,19,0,145,18.04,18.04,0.0,130.668123,0.0
2019-03-14,19,0,146,268.0,268.0,0.0,-8691.37747,0.0
2019-03-14,19,0,152,1.23,1.23,0.0,14.214965,0.0
2019-03-14,19,0,153,1.49,1.49,0.0,17.099372,0.0
2019-03-14,19,0,154,14.55,14.55,0.0,119.42106,0.0
2019-03-14,19,0,157,122.84,122.84,0.0,-1368.531852,0.0
2019-03-14,19,0,158,75.76,75.76,0.0,-844.024529,0.0
2019-03-14,19,0,159,0.0,0.0,0.0,0.0,0.0
2019-03-14,19,0,160,0.36,0.36,0.0,4.094982,0.0
2019-03-14,19,0,161,11.08,11.08,0.0,-46.409693,0.0
2019-03-14,19,0,162,57.57,57.57,0.0,9763.282373,0.0
2019-03-14,19,0,163,67.66,67.66,0.0,-2194.248506,0.0
2019-03-14,19,0,164,5.11,5.11,0.0,30.082191,0.0
2019-03-14,19,0,167,0.64,0.64,0.0,112.799132,0.0
2019-03-14,19,0,168,0.32,0.32,0.0,56.399566,0.0
2019-03-14,19,0,169,0.0,0.0,0.0,0.0,0.0
2019-03-14,19,0,170,0.7,0.7,0.0,123.374051,0.0
2019-03-14,19,0,172,0.88,0.88,0.0,36.465381,0.0
2019-03-14,19,0,173,1.35,1.35,0.0,55.941209,0.0
2019-03-14,19,0,188,1.28,1.28,0.0,26.626492,0.0
2019-03-14,19,0,190,1.33,1.33,0.0,36.237065,0.0
2019-03-14,19,0,191,3.44,3.44,0.0,93.725942,0.0
2019-03-14,19,0,192,100.05,100.05,0.0,2725.953622,0.0
2019-03-14,19,0,194,98.44,98.44,0.0,792.829241,0.0
2019-03-14,19,0,196,1.0,1.0,0.0,31.525883,0.0
2019-03-14,19,0,198,1.42,1.42,0.0,17.395406,0.0
2019-03-14,19,0,199,95.7,95.7,0.0,1271.841997,0.0
2019-03-14,19,0,200,2.43,2.43,0.0,32.294421,0.0
2019-03-14,19,0,204,255.45,255.45,0.0,2385.838193,0.0
2019-03-14,19,0,205,317.4,317.4,0.0,3026.519853,0.0
2019-03-14,19,0,206,179.25,179.25,0.0,1047.294029,0.0
2019-03-14,19,0,210,0.24,0.24,0.0,2.716975,0.0
2019-03-14,19,0,214,1.48,1.48,0.0,20.56023,0.0
2019-03-14,19,0,217,0.91,0.91,0.0,11.651459,0.0
2019-03-14,19,0,218,1.25,1.25,0.0,16.004752,0.0
2019-03-14,19,0,219,0.85,0.85,0.0,10.883231,0.0
2019-03-14,19,0,221,0.79,0.79,0.0,10.974717,0.0
2019-03-14,19,0,225,0.62,0.62,0.0,6.761227,0.0
2019-03-14,19,0,233,0.98,0.98,0.0,12.687782,0.0
2019-03-14,19,0,236,159.03,159.03,0.0,1985.203153,0.0
2019-03-14,19,0,237,156.6,156.6,0.0,1831.056029,0.0
2019-03-14,19,0,238,12.5,12.5,0.0,110.069384,0.0
2019-03-14,19,0,240,1.84,1.84,0.0,19.651971,0.0
2019-03-14,19,0,245,78.0,78.0,0.0,712.060772,0.0
2019-03-14,19,0,247,171.72,171.72,0.0,1567.629177,0.0
2019-03-14,19,0,248,15.72,15.72,0.0,183.807157,0.0
2019-03-14,19,0,249,150.0,150.0,0.0,1369.347639,0.0
2019-03-14,19,0,251,326.4,326.4,0.0,2411.779595,0.0
2019-03-14,19,0,252,267.06,267.06,0.0,1437.650196,0.0
2019-03-14,19,0,254,2.52,2.52,0.0,27.503867,0.0
2019-03-14,19,0,255,1.16,1.16,0.0,12.66051,0.0
2019-03-14,19,0,258,2.27,2.27,0.0,24.273688,0.0
2019-03-14,19,0,260,0.88,0.88,0.0,10.009956,0.0
2019-03-14,19,0,265,15.07,15.07,0.0,123.689029,0.0
2019-03-14,19,0,266,29.1,29.1,0.0,238.84212,0.0
2019-03-14,19,0,267,35.76,35.76,0.0,293.504955,0.0
2019-03-14,19,0,270,211.3,211.3,0.0,-6852.567386,0.0
2019-03-14,19,0,272,56.54,56.54,0.0,135.290845,0.0
2019-03-14,19,0,273,4.59,4.59,0.0,-148.856054,0.0
2019-03-14,19,0,274,272.39,272.39,0.0,-8833.747422,0.0
2019-03-14,19,0,275,379.17,379.17,0.0,-12296.677595,0.0
2019-03-14,19,0,276,1.05,1.05,0.0,-29.06081,0.0
2019-03-14,19,0,277,1.32,1.32,0.0,2.882767,0.0
2019-03-14,19,0,278,2.12,2.12,0.0,4.629898,0.0
2019-03-14,19,0,279,93.0,93.0,0.0,203.104012,0.0
2019-03-14,19,0,281,1.01,1.01,0.0,5.945795,0.0
2019-03-14,19,0,282,73.5,73.5,0.0,432.689053,0.0
2019-03-14,20,0,9,0.0,0.0,0.0,0.0,0.0
2019-03-14,20,0,17,0.0,0.0,0.0,-0.0,0.0
2019-03-14,20,0,19,643.3,643.3,0.0,-30.627804,0.0
2019-03-14,20,0,20,780.2,780.2,0.0,-37.145675,0.0
2019-03-14,20,0,21,0.0,0.0,0.0,0.0,0.0
2019-03-14,20,0,22,0.0,0.0,0.0,0.0,0.0
2019-03-14,20,0,23,21.83,21.83,0.0,173.172405,0.0
2019-03-14,20,0,24,38.63,38.63,0.0,306.442969,0.0
2019-03-14,20,0,29,0.0,0.0,0.0,0.0,0.0
2019-03-14,20,0,30,0.0,0.0,0.0,0.0,0.0
2019-03-14,20,0,31,4.05,4.05,0.0,32.077981,0.0
2019-03-14,20,0,32,0.0,0.0,0.0,0.0,0.0
2019-03-14,20,0,33,0.0,0.0,0.0,0.0,0.0
2019-03-14,20,0,34,0.0,0.0,0.0,0.0,0.0
2019-03-14,20,0,35,0.0,0.0,0.0,0.0,0.0
2019-03-14,20,0,36,0.0,0.0,0.0,0.0,0.0
2019-03-14,20,0,37,0.0,0.0,0.0,0.0,0.0
2019-03-14,20,0,38,0.0,0.0,0.0,0.0,0.0
2019-03-14,20,0,39,0.0,0.0,0.0,0.0,0.0
2019-03-14,20,0,40,0.0,0.0,0.0,0.0,0.0
2019-03-14,20,0,41,53.65,53.65,0.0,459.799,0.0
2019-03-14,20,0,42,0.0,0.0,0.0,0.0,0.0
2019-03-14,20,0,43,0.0,0.0,0.0,0.0,0.0
2019-03-14,20,0,46,0.0,0.0,0.0,0.0,0.0
2019-03-14,20,0,52,4.29,4.29,0.0,33.978898,0.0
2019-03-14,20,0,53,6.81,6.81,0.0,53.938531,0.0
2019-03-14,20,0,55,23.68,23.68,0.0,187.848033,0.0
2019-03-14,20,0,56,0.0,0.0,0.0,0.0,0.0
2019-03-14,20,0,57,0.0,0.0,0.0,0.0,0.0
2019-03-14,20,0,58,0.0,0.0,0.0,0.0,0.0
2019-03-14,20,0,59,0.0,0.0,0.0,0.0,0.0
2019-03-14,20,0,63,69.64,69.64,0.0,995.837398,0.0
2019-03-14,20,0,64,81.92,81.92,0.0,1171.438823,0.0
2019-03-14,20,0,65,41.4,41.4,0.0,200.765455,0.0
2019-03-14,20,0,67,0.0,0.0,0.0,0.0,0.0
2019-03-14,20,0,68,2.67,2.67,0.0,12.726745,0.0
2019-03-14,20,0,69,0.0,0.0,0.0,0.0,0.0
2019-03-14,20,0,74,65.28,65.28,0.0,616.932598,0.0
2019-03-14,20,0,77,25.35,25.35,0.0,171.151934,0.0
2019-03-14,20,0,78,19.25,19.25,0.0,129.967445,0.0
2019-03-14,20,0,79,11.2,11.2,0.0,75.617423,0.0
2019-03-14,20,0,80,18.03,18.03,0.0,121.730547,0.0
2019-03-14,20,0,81,23.48,23.48,0.0,158.526525,0.0
2019-03-14,20,0,82,16.64,16.64,0.0,112.345885,0.0
2019-03-14,20,0,83,36.6,36.6,0.0,247.106935,0.0
2019-03-14,20,0,84,0.0,0.0,0.0,0.0,0.0
2019-03-14,20,0,86,0.0,0.0,0.0,0.0,0.0
2019-03-14,20,0,87,0.0,0.0,0.0,0.0,0.0
2019-03-14,20,0,88,33.94,33.94,0.0,229.147797,0.0
2019-03-14,20,0,89,32.63,32.63,0.0,220.303259,0.0
2019-03-14,20,0,90,43.78,43.78,0.0,295.583104,0.0
2019-03-14,20,0,91,155.88,155.88,0.0,1052.432485,0.0
2019-03-14,20,0,92,56.14,56.14,0.0,379.032331,0.0
2019-03-14,20,0,95,51.5,51.5,0.0,2398.630434,0.0
2019-03-14,20,0,96,9.73,9.73,0.0,76.94146,0.0
2019-03-14,20,0,97,70.24,70.24,0.0,555.43352,0.0
2019-03-14,20,0,99,12.6,12.6,0.0,119.077064,0.0
2019-03-14,20,0,101,0.0,0.0,0.0,0.0,0.0
2019-03-14,20,0,102,6.31,6.31,0.0,30.077064,0.0
2019-03-14,20,0,103,5.49,5.49,0.0,26.168476,0.0
2019-03-14,20,0,104,1.02,1.02,0.0,4.861903,0.0
2019-03-14,20,0,106,0.0,0.0,0.0,0.0,0.0
2019-03-14,20,0,109,47.59,47.59,0.0,428.156977,0.0
2019-03-14,20,0,110,338.6,338.6,0.0,-1534.559475,0.0
2019-03-14,20,0,111,0.0,0.0,0.0,0.0,0.0
2019-03-14,20,0,113,15.58,15.58,0.0,108.39334,0.0
2019-03-14,20,0,115,15.58,15.58,0.0,108.39334,0.0
2019-03-14,20,0,116,0.0,0.0,0.0,-0.0,0.0
2019-03-14,20,0,117,1.04,1.04,0.0,7.235499,0.0
2019-03-14,20,0,119,81.92,81.92,0.0,1171.438823,0.0
2019-03-14,20,0,120,48.17,48.17,0.0,688.8209,0.0
2019-03-14,20,0,123,0.0,0.0,0.0,0.0,0.0
2019-03-14,20,0,125,34.96,34.96,0.0,277.329697,0.0
2019-03-14,20,0,126,0.0,0.0,0.0,0.0,0.0
2019-03-14,20,0,127,0.0,0.0,0.0,0.0,0.0
2019-03-14,20,0,128,50.07,50.07,0.0,397.193877,0.0
2019-03-14,20,0,131,7.7,7.7,0.0,41.409772,0.0
2019-03-14,20,0,132,11.32,11.32,0.0,60.877742,0.0
2019-03-14,20,0,133,103.8,103.8,0.0,1093.77407,0.0
2019-03-14,20,0,134,0.0,0.0,0.0,0.0,0.0
2019-03-14,20,0,135,138.32,138.32,0.0,1457.522441,0.0
2019-03-14,20,0,136,45.9,45.9,0.0,234.927377,0.0
2019-03-14,20,0,139,71.81,71.81,0.0,615.436461,0.0
2019-03-14,20,0,140,250.6,250.6,0.0,-1135.737166,0.0
2019-03-14,20,0,141,41.23,41.23,0.0,102.150292,0.0
2019-03-14,20,0,142,0.0,0.0,0.0,0.0,0.0
2019-03-14,20,0,143,5.24,5.24,0.0,41.503363,0.0
2019-03-14,20,0,145,14.69,14.69,0.0,122.219539,0.0
2019-03-14,20,0,146,268.0,268.0,0.0,-1214.595213,0.0
2019-03-14,20,0,152,0.0,0.0,0.0,0.0,0.0
2019-03-14,20,0,153,0.0,0.0,0.0,0.0,0.0
2019-03-14,20,0,154,0.0,0.0,0.0,0.0,0.0
2019-03-14,20,0,157,87.16,87.16,0.0,215.945171,0.0
2019-03-14,20,0,158,0.0,0.0,0.0,0.0,0.0
2019-03-14,20,0,159,0.0,0.0,0.0,0.0,0.0
2019-03-14,20,0,160,0.0,0.0,0.0,0.0,0.0
2019-03-14,20,0,161,0.0,0.0,0.0,0.0,0.0
2019-03-14,20,0,162,54.99,54.99,0.0,2563.367959,0.0
2019-03-14,20,0,163,63.58,63.58,0.0,-288.149118,0.0
2019-03-14,20,0,164,0.0,0.0,0.0,0.0,0.0
2019-03-14,20,0,167,0.0,0.0,0.0,0.0,0.0
2019-03-14,20,0,168,0.0,0.0,0.0,0.0,0.0
2019-03-14,20,0,169,0.0,0.0,0.0,0.0,0.0
2019-03-14,20,0,170,0.0,0.0,0.0,0.0,0.0
2019-03-14,20,0,172,0.0,0.0,0.0,0.0,0.0
2019-03-14,20,0,173,0.0,0.0,0.0,0.0,0.0
2019-03-14,20,0,188,0.0,0.0,0.0,0.0,0.0
2019-03-14,20,0,190,0.0,0.0,0.0,0.0,0.0
2019-03-14,20,0,191,0.0,0.0,0.0,0.0,0.0
2019-03-14,20,0,192,103.49,103.49,0.0,1479.8853,0.0
2019-03-14,20,0,194,85.55,85.55,0.0,757.367633,0.0
2019-03-14,20,0,196,0.0,0.0,0.0,0.0,0.0
2019-03-14,20,0,198,0.0,0.0,0.0,0.0,0.0
2019-03-14,20,0,199,73.11,73.11,0.0,798.913218,0.0
2019-03-14,20,0,200,0.0,0.0,0.0,0.0,0.0
2019-03-14,20,0,204,346.46,346.46,0.0,3100.521231,0.0
2019-03-14,20,0,205,251.77,251.77,0.0,2265.120446,0.0
2019-03-14,20,0,206,266.08,266.08,0.0,2104.06821,0.0
2019-03-14,20,0,210,0.0,0.0,0.0,0.0,0.0
2019-03-14,20,0,214,0.0,0.0,0.0,0.0,0.0
2019-03-14,20,0,217,0.0,0.0,0.0,0.0,0.0
2019-03-14,20,0,218,0.0,0.0,0.0,0.0,0.0
2019-03-14,20,0,219,0.0,0.0,0.0,0.0,0.0
2019-03-14,20,0,221,0.0,0.0,0.0,0.0,0.0
2019-03-14,20,0,225,0.0,0.0,0.0,0.0,0.0
2019-03-14,20,0,233,0.0,0.0,0.0,0.0,0.0
2019-03-14,20,0,236,159.03,159.03,0.0,1537.707353,0.0
2019-03-14,20,0,237,156.6,156.6,0.0,1479.957795,0.0
2019-03-14,20,0,238,0.0,0.0,0.0,0.0,0.0
2019-03-14,20,0,240,0.0,0.0,0.0,0.0,0.0
2019-03-14,20,0,245,145.89,145.89,0.0,1302.949034,0.0
2019-03-14,20,0,247,171.72,171.72,0.0,1533.637728,0.0
2019-03-14,20,0,248,15.72,15.72,0.0,148.562813,0.0
2019-03-14,20,0,249,280.44,280.44,0.0,2504.620105,0.0
2019-03-14,20,0,251,326.4,326.4,0.0,2090.377567,0.0
2019-03-14,20,0,252,267.06,267.06,0.0,1295.082668,0.0
2019-03-14,20,0,254,0.0,0.0,0.0,0.0,0.0
2019-03-14,20,0,255,0.0,0.0,0.0,0.0,0.0
2019-03-14,20,0,258,0.0,0.0,0.0,0.0,0.0
2019-03-14,20,0,260,0.0,0.0,0.0,0.0,0.0
2019-03-14,20,0,265,0.0,0.0,0.0,0.0,0.0
2019-03-14,20,0,266,43.76,43.76,0.0,375.038289,0.0
2019-03-14,20,0,267,55.35,55.35,0.0,474.368586,0.0
2019-03-14,20,0,270,198.56,198.56,0.0,-899.888155,0.0
2019-03-14,20,0,272,52.06,52.06,0.0,362.19238,0.0
2019-03-14,20,0,273,0.0,0.0,0.0,-0.0,0.0
2019-03-14,20,0,274,255.97,255.97,0.0,-1160.074391,0.0
2019-03-14,20,0,275,356.31,356.31,0.0,-1614.822464,0.0
2019-03-14,20,0,276,0.0,0.0,0.0,-0.0,0.0
2019-03-14,20,0,277,0.0,0.0,0.0,0.0,0.0
2019-03-14,20,0,278,0.0,0.0,0.0,0.0,0.0
2019-03-14,20,0,279,211.2,211.2,0.0,1451.949343,0.0
2019-03-14,20,0,281,1.82,1.82,0.0,14.41529,0.0
2019-03-14,20,0,282,0.0,0.0,0.0,0.0,0.0
2019-03-14,21,0,9,0.0,0.0,0.0,0.0,0.0
2019-03-14,21,0,17,0.0,0.0,0.0,0.0,0.0
2019-03-14,21,0,19,643.3,643.3,0.0,2745.233059,0.0
2019-03-14,21,0,20,780.2,780.2,0.0,3329.443235,0.0
2019-03-14,21,0,21,0.0,0.0,0.0,0.0,0.0
2019-03-14,21,0,22,0.0,0.0,0.0,0.0,0.0
2019-03-14,21,0,23,26.78,26.78,0.0,331.970932,0.0
2019-03-14,21,0,24,47.38,47.38,0.0,587.333187,0.0
2019-03-14,21,0,29,0.0,0.0,0.0,0.0,0.0
2019-03-14,21,0,30,0.0,0.0,0.0,0.0,0.0
2019-03-14,21,0,31,6.84,6.84,0.0,84.701402,0.0
2019-03-14,21,0,32,0.0,0.0,0.0,0.0,0.0
2019-03-14,21,0,33,0.0,0.0,0.0,0.0,0.0
2019-03-14,21,0,34,0.0,0.0,0.0,0.0,0.0
2019-03-14,21,0,35,0.0,0.0,0.0,0.0,0.0
2019-03-14,21,0,36,0.0,0.0,0.0,0.0,0.0
2019-03-14,21,0,37,0.0,0.0,0.0,0.0,0.0
2019-03-14,21,0,38,0.0,0.0,0.0,0.0,0.0
2019-03-14,21,0,39,0.0,0.0,0.0,0.0,0.0
2019-03-14,21,0,40,0.0,0.0,0.0,0.0,0.0
2019-03-14,21,0,41,68.05,68.05,0.0,889.418284,0.0
2019-03-14,21,0,42,0.0,0.0,0.0,0.0,0.0
2019-03-14,21,0,43,0.0,0.0,0.0,0.0,0.0
2019-03-14,21,0,46,0.0,0.0,0.0,0.0,0.0
2019-03-14,21,0,52,7.25,7.25,0.0,89.778533,0.0
2019-03-14,21,0,53,11.52,11.52,0.0,142.654994,0.0
2019-03-14,21,0,55,37.22,37.22,0.0,461.387531,0.0
2019-03-14,21,0,56,0.0,0.0,0.0,0.0,0.0
2019-03-14,21,0,57,0.0,0.0,0.0,0.0,0.0
2019-03-14,21,0,58,0.0,0.0,0.0,0.0,0.0
2019-03-14,21,0,59,0.0,0.0,0.0,0.0,0.0
2019-03-14,21,0,63,67.16,67.16,0.0,1618.318407,0.0
2019-03-14,21,0,64,79.01,79.01,0.0,1903.861485,0.0
2019-03-14,21,0,65,41.4,41.4,0.0,384.672875,0.0
2019-03-14,21,0,67,0.0,0.0,0.0,0.0,0.0
2019-03-14,21,0,68,2.56,2.56,0.0,18.099404,0.0
2019-03-14,21,0,69,0.0,0.0,0.0,0.0,0.0
2019-03-14,21,0,74,53.85,53.85,0.0,753.936633,0.0
2019-03-14,21,0,77,50.24,50.24,0.0,560.073026,0.0
2019-03-14,21,0,78,38.06,38.06,0.0,424.29099,0.0
2019-03-14,21,0,79,22.08,22.08,0.0,246.146744,0.0
2019-03-14,21,0,80,35.63,35.63,0.0,397.201471,0.0
2019-03-14,21,0,81,46.5,46.5,0.0,518.379691,0.0
2019-03-14,21,0,82,32.87,32.87,0.0,366.433128,0.0
2019-03-14,21,0,83,72.84,72.84,0.0,812.016704,0.0
2019-03-14,21,0,84,0.0,0.0,0.0,0.0,0.0
2019-03-14,21,0,86,0.0,0.0,0.0,0.0,0.0
2019-03-14,21,0,87,0.0,0.0,0.0,0.0,0.0
2019-03-14,21,0,88,55.76,55.76,0.0,621.609712,0.0
2019-03-14,21,0,89,53.6,53.6,0.0,597.530139,0.0
2019-03-14,21,0,90,71.97,71.97,0.0,802.317987,0.0
2019-03-14,21,0,91,256.72,256.72,0.0,2861.901815,0.0
2019-03-14,21,0,92,92.33,92.33,0.0,1029.290256,0.0
2019-03-14,21,0,95,45.28,45.28,0.0,983.30214,0.0
2019-03-14,21,0,96,8.39,8.39,0.0,103.78162,0.0
2019-03-14,21,0,97,51.62,51.62,0.0,638.522912,0.0
2019-03-14,21,0,99,10.39,10.39,0.0,145.467068,0.0
2019-03-14,21,0,101,0.0,0.0,0.0,0.0,0.0
2019-03-14,21,0,102,6.06,6.06,0.0,42.844683,0.0
2019-03-14,21,0,103,5.27,5.27,0.0,37.25932,0.0
2019-03-14,21,0,104,0.98,0.98,0.0,6.928678,0.0
2019-03-14,21,0,106,0.0,0.0,0.0,0.0,0.0
2019-03-14,21,0,109,48.71,48.71,0.0,658.588515,0.0
2019-03-14,21,0,110,338.6,338.6,0.0,-4204.927321,0.0
2019-03-14,21,0,111,0.0,0.0,0.0,0.0,0.0
2019-03-14,21,0,113,26.99,26.99,0.0,319.818532,0.0
2019-03-14,21,0,115,26.99,26.99,0.0,319.818532,0.0
2019-03-14,21,0,116,0.0,0.0,0.0,-0.0,0.0
2019-03-14,21,0,117,1.82,1.82,0.0,21.566126,0.0
2019-03-14,21,0,119,79.01,79.01,0.0,1903.861485,0.0
2019-03-14,21,0,120,46.46,46.46,0.0,1119.521638,0.0
2019-03-14,21,0,123,0.0,0.0,0.0,0.0,0.0
2019-03-14,21,0,125,42.87,42.87,0.0,531.426208,0.0
2019-03-14,21,0,126,0.0,0.0,0.0,0.0,0.0
2019-03-14,21,0,127,0.0,0.0,0.0,0.0,0.0
2019-03-14,21,0,128,61.4,61.4,0.0,761.128275,0.0
2019-03-14,21,0,131,7.66,7.66,0.0,63.971135,0.0
2019-03-14,21,0,132,11.26,11.26,0.0,94.035898,0.0
2019-03-14,21,0,133,91.59,91.59,0.0,1385.591537,0.0
2019-03-14,21,0,134,0.0,0.0,0.0,0.0,0.0
2019-03-14,21,0,135,119.08,119.08,0.0,1801.465665,0.0
2019-03-14,21,0,136,45.9,45.9,0.0,439.145192,0.0
2019-03-14,21,0,139,89.64,89.64,0.0,1171.601102,0.0
2019-03-14,21,0,140,250.6,250.6,0.0,-3112.093286,0.0
2019-03-14,21,0,141,43.11,43.11,0.0,97.974333,0.0
2019-03-14,21,0,142,0.0,0.0,0.0,0.0,0.0
2019-03-14,21,0,143,9.71,9.71,0.0,120.241318,0.0
2019-03-14,21,0,145,11.74,11.74,0.0,150.334617,0.0
2019-03-14,21,0,146,268.0,268.0,0.0,-3328.176379,0.0
2019-03-14,21,0,152,0.0,0.0,0.0,0.0,0.0
2019-03-14,21,0,153,0.0,0.0,0.0,0.0,0.0
2019-03-14,21,0,154,0.0,0.0,0.0,0.0,0.0
2019-03-14,21,0,157,66.05,66.05,0.0,150.109132,0.0
2019-03-14,21,0,158,0.0,0.0,0.0,0.0,0.0
2019-03-14,21,0,159,0.0,0.0,0.0,0.0,0.0
2019-03-14,21,0,160,0.0,0.0,0.0,0.0,0.0
2019-03-14,21,0,161,0.0,0.0,0.0,0.0,0.0
2019-03-14,21,0,162,52.39,52.39,0.0,1139.071849,0.0
2019-03-14,21,0,163,60.14,60.14,0.0,-746.852714,0.0
2019-03-14,21,0,164,0.0,0.0,0.0,0.0,0.0
2019-03-14,21,0,167,0.0,0.0,0.0,0.0,0.0
2019-03-14,21,0,168,0.0,0.0,0.0,0.0,0.0
2019-03-14,21,0,169,0.0,0.0,0.0,0.0,0.0
2019-03-14,21,0,170,0.0,0.0,0.0,0.0,0.0
2019-03-14,21,0,172,0.0,0.0,0.0,0.0,0.0
2019-03-14,21,0,173,0.0,0.0,0.0,0.0,0.0
2019-03-14,21,0,188,0.0,0.0,0.0,0.0,0.0
2019-03-14,21,0,190,0.0,0.0,0.0,0.0,0.0
2019-03-14,21,0,191,0.0,0.0,0.0,0.0,0.0
2019-03-14,21,0,192,108.12,108.12,0.0,2605.309502,0.0
2019-03-14,21,0,194,75.1,75.1,0.0,1207.239226,0.0
2019-03-14,21,0,196,0.0,0.0,0.0,0.0,0.0
2019-03-14,21,0,198,0.0,0.0,0.0,0.0,0.0
2019-03-14,21,0,199,55.48,55.48,0.0,905.993963,0.0
2019-03-14,21,0,200,0.0,0.0,0.0,0.0,0.0
2019-03-14,21,0,204,459.94,459.94,0.0,6195.499457,0.0
2019-03-14,21,0,205,226.05,226.05,0.0,3056.332045,0.0
2019-03-14,21,0,206,151.67,151.67,0.0,1876.109455,0.0
2019-03-14,21,0,210,0.0,0.0,0.0,0.0,0.0
2019-03-14,21,0,214,0.0,0.0,0.0,0.0,0.0
2019-03-14,21,0,217,0.0,0.0,0.0,0.0,0.0
2019-03-14,21,0,218,0.0,0.0,0.0,0.0,0.0
2019-03-14,21,0,219,0.0,0.0,0.0,0.0,0.0
2019-03-14,21,0,221,0.0,0.0,0.0,0.0,0.0
2019-03-14,21,0,225,0.0,0.0,0.0,0.0,0.0
2019-03-14,21,0,233,0.0,0.0,0.0,0.0,0.0
2019-03-14,21,0,236,154.12,154.12,0.0,2193.397695,0.0
2019-03-14,21,0,237,129.19,129.19,0.0,1808.747885,0.0
2019-03-14,21,0,238,0.0,0.0,0.0,0.0,0.0
2019-03-14,21,0,240,0.0,0.0,0.0,0.0,0.0
2019-03-14,21,0,245,260.0,260.0,0.0,3505.208097,0.0
2019-03-14,21,0,247,171.72,171.72,0.0,2315.055132,0.0
2019-03-14,21,0,248,12.97,12.97,0.0,181.588823,0.0
2019-03-14,21,0,249,500.0,500.0,0.0,6740.784802,0.0
2019-03-14,21,0,251,326.4,326.4,0.0,3553.31252,0.0
2019-03-14,21,0,252,267.06,267.06,0.0,2481.418794,0.0
2019-03-14,21,0,254,0.0,0.0,0.0,0.0,0.0
2019-03-14,21,0,255,0.0,0.0,0.0,0.0,0.0
2019-03-14,21,0,258,0.0,0.0,0.0,0.0,0.0
2019-03-14,21,0,260,0.0,0.0,0.0,0.0,0.0
2019-03-14,21,0,265,0.0,0.0,0.0,0.0,0.0
2019-03-14,21,0,266,56.14,56.14,0.0,733.753747,0.0
2019-03-14,21,0,267,70.08,70.08,0.0,915.950527,0.0
2019-03-14,21,0,270,187.82,187.82,0.0,-2332.455551,0.0
2019-03-14,21,0,272,90.15,90.15,0.0,1068.234185,0.0
2019-03-14,21,0,273,0.0,0.0,0.0,-0.0,0.0
2019-03-14,21,0,274,242.13,242.13,0.0,-3006.90801,0.0
2019-03-14,21,0,275,337.04,337.04,0.0,-4185.554354,0.0
2019-03-14,21,0,276,0.0,0.0,0.0,-0.0,0.0
2019-03-14,21,0,277,0.0,0.0,0.0,0.0,0.0
2019-03-14,21,0,278,0.0,0.0,0.0,0.0,0.0
2019-03-14,21,0,279,194.26,194.26,0.0,2247.248074,0.0
2019-03-14,21,0,281,3.07,3.07,0.0,38.016565,0.0
2019-03-14,21,0,282,0.0,0.0,0.0,0.0,0.0
2019-03-14,22,0,9,0.0,0.0,0.0,0.0,0.0
2019-03-14,22,0,17,0.0,0.0,0.0,-0.0,0.0
2019-03-14,22,0,19,643.3,643.3,0.0,-902.428181,0.0
2019-03-14,22,0,20,780.2,780.2,0.0,-1094.472978,0.0
2019-03-14,22,0,21,0.0,0.0,0.0,0.0,0.0
2019-03-14,22,0,22,0.0,0.0,0.0,0.0,0.0
2019-03-14,22,0,23,32.74,32.74,0.0,398.305442,0.0
2019-03-14,22,0,24,57.92,57.92,0.0,704.638094,0.0
2019-03-14,22,0,29,0.0,0.0,0.0,0.0,0.0
2019-03-14,22,0,30,0.0,0.0,0.0,0.0,0.0
2019-03-14,22,0,31,10.95,10.95,0.0,133.064954,0.0
2019-03-14,22,0,32,0.0,0.0,0.0,0.0,0.0
2019-03-14,22,0,33,0.0,0.0,0.0,0.0,0.0
2019-03-14,22,0,34,0.0,0.0,0.0,0.0,0.0
2019-03-14,22,0,35,0.0,0.0,0.0,0.0,0.0
2019-03-14,22,0,36,0.0,0.0,0.0,0.0,0.0
2019-03-14,22,0,37,0.0,0.0,0.0,0.0,0.0
2019-03-14,22,0,38,0.0,0.0,0.0,0.0,0.0
2019-03-14,22,0,39,0.0,0.0,0.0,0.0,0.0
2019-03-14,22,0,40,0.0,0.0,0.0,0.0,0.0
2019-03-14,22,0,41,47.81,47.81,0.0,615.499948,0.0
2019-03-14,22,0,42,0.0,0.0,0.0,0.0,0.0
2019-03-14,22,0,43,0.0,0.0,0.0,0.0,0.0
2019-03-14,22,0,46,0.0,0.0,0.0,0.0,0.0
2019-03-14,22,0,52,11.61,11.61,0.0,141.085308,0.0
2019-03-14,22,0,53,18.44,18.44,0.0,224.083813,0.0
2019-03-14,22,0,55,106.54,106.54,0.0,1296.135058,0.0
2019-03-14,22,0,56,0.0,0.0,0.0,0.0,0.0
2019-03-14,22,0,57,0.0,0.0,0.0,0.0,0.0
2019-03-14,22,0,58,0.0,0.0,0.0,0.0,0.0
2019-03-14,22,0,59,0.0,0.0,0.0,0.0,0.0
2019-03-14,22,0,63,64.35,64.35,0.0,1444.763001,0.0
2019-03-14,22,0,64,75.7,75.7,0.0,1699.58911,0.0
2019-03-14,22,0,65,41.4,41.4,0.0,263.614396,0.0
2019-03-14,22,0,67,0.0,0.0,0.0,0.0,0.0
2019-03-14,22,0,68,2.45,2.45,0.0,17.454019,0.0
2019-03-14,22,0,69,0.0,0.0,0.0,0.0,0.0
2019-03-14,22,0,74,30.56,30.56,0.0,423.152965,0.0
2019-03-14,22,0,77,56.53,56.53,0.0,613.439686,0.0
2019-03-14,22,0,78,42.73,42.73,0.0,463.687914,0.0
2019-03-14,22,0,79,24.73,24.73,0.0,268.359516,0.0
2019-03-14,22,0,80,39.99,39.99,0.0,433.954591,0.0
2019-03-14,22,0,81,52.29,52.29,0.0,567.428997,0.0
2019-03-14,22,0,82,36.88,36.88,0.0,400.206185,0.0
2019-03-14,22,0,83,82.25,82.25,0.0,892.542264,0.0
2019-03-14,22,0,84,0.0,0.0,0.0,0.0,0.0
2019-03-14,22,0,86,0.0,0.0,0.0,0.0,0.0
2019-03-14,22,0,87,0.0,0.0,0.0,0.0,0.0
2019-03-14,22,0,88,51.38,51.38,0.0,557.554061,0.0
2019-03-14,22,0,89,49.39,49.39,0.0,535.959422,0.0
2019-03-14,22,0,90,66.31,66.31,0.0,719.568116,0.0
2019-03-14,22,0,91,236.56,236.56,0.0,2567.049216,0.0
2019-03-14,22,0,92,85.08,85.08,0.0,923.252229,0.0
2019-03-14,22,0,95,39.55,39.55,0.0,801.023686,0.0
2019-03-14,22,0,96,7.71,7.71,0.0,93.582223,0.0
2019-03-14,22,0,97,47.44,47.44,0.0,575.81591,0.0
2019-03-14,22,0,99,5.9,5.9,0.0,81.695108,0.0
2019-03-14,22,0,101,0.0,0.0,0.0,0.0,0.0
2019-03-14,22,0,102,5.8,5.8,0.0,41.319719,0.0
2019-03-14,22,0,103,5.05,5.05,0.0,35.976652,0.0
2019-03-14,22,0,104,0.94,0.94,0.0,6.696644,0.0
2019-03-14,22,0,106,0.0,0.0,0.0,0.0,0.0
2019-03-14,22,0,109,70.94,70.94,0.0,947.057178,0.0
2019-03-14,22,0,110,338.6,338.6,0.0,-3600.450072,0.0
2019-03-14,22,0,111,0.0,0.0,0.0,0.0,0.0
2019-03-14,22,0,113,44.77,44.77,0.0,512.699988,0.0
2019-03-14,22,0,115,44.77,44.77,0.0,512.699988,0.0
2019-03-14,22,0,116,0.0,0.0,0.0,-0.0,0.0
2019-03-14,22,0,117,2.98,2.98,0.0,34.126557,0.0
2019-03-14,22,0,119,75.7,75.7,0.0,1699.58911,0.0
2019-03-14,22,0,120,44.51,44.51,0.0,999.322474,0.0
2019-03-14,22,0,123,0.0,0.0,0.0,0.0,0.0
2019-03-14,22,0,125,52.42,52.42,0.0,637.726673,0.0
2019-03-14,22,0,126,0.0,0.0,0.0,0.0,0.0
2019-03-14,22,0,127,0.0,0.0,0.0,0.0,0.0
2019-03-14,22,0,128,75.07,75.07,0.0,913.280071,0.0
2019-03-14,22,0,131,7.65,7.65,0.0,63.430108,0.0
2019-03-14,22,0,132,11.24,11.24,0.0,93.196656,0.0
2019-03-14,22,0,133,139.8,139.8,0.0,2149.859478,0.0
2019-03-14,22,0,134,0.0,0.0,0.0,0.0,0.0
2019-03-14,22,0,135,187.33,187.33,0.0,2880.780944,0.0
2019-03-14,22,0,136,45.9,45.9,0.0,311.847892,0.0
2019-03-14,22,0,139,61.75,61.75,0.0,794.961761,0.0
2019-03-14,22,0,140,250.6,250.6,0.0,-2664.715854,0.0
2019-03-14,22,0,141,45.14,45.14,0.0,124.262894,0.0
2019-03-14,22,0,142,0.0,0.0,0.0,0.0,0.0
2019-03-14,22,0,143,16.33,16.33,0.0,198.442987,0.0
2019-03-14,22,0,145,22.68,22.68,0.0,285.691526,0.0
2019-03-14,22,0,146,268.0,268.0,0.0,-2849.736028,0.0
2019-03-14,22,0,152,0.0,0.0,0.0,0.0,0.0
2019-03-14,22,0,153,0.0,0.0,0.0,0.0,0.0
2019-03-14,22,0,154,0.0,0.0,0.0,0.0,0.0
2019-03-14,22,0,157,57.39,57.39,0.0,157.985102,0.0
2019-03-14,22,0,158,0.0,0.0,0.0,0.0,0.0
2019-03-14,22,0,159,0.0,0.0,0.0,0.0,0.0
2019-03-14,22,0,160,0.0,0.0,0.0,0.0,0.0
2019-03-14,22,0,161,0.0,0.0,0.0,0.0,0.0
2019-03-14,22,0,162,29.66,29.66,0.0,601.440721,0.0
2019-03-14,22,0,163,57.31,57.31,0.0,-609.39691,0.0
2019-03-14,22,0,164,0.0,0.0,0.0,0.0,0.0
2019-03-14,22,0,167,0.0,0.0,0.0,0.0,0.0
2019-03-14,22,0,168,0.0,0.0,0.0,0.0,0.0
2019-03-14,22,0,169,0.0,0.0,0.0,0.0,0.0
2019-03-14,22,0,170,0.0,0.0,0.0,0.0,0.0
2019-03-14,22,0,172,0.0,0.0,0.0,0.0,0.0
2019-03-14,22,0,173,0.0,0.0,0.0,0.0,0.0
2019-03-14,22,0,188,0.0,0.0,0.0,0.0,0.0
2019-03-14,22,0,190,0.0,0.0,0.0,0.0,0.0
2019-03-14,22,0,191,0.0,0.0,0.0,0.0,0.0
2019-03-14,22,0,192,113.14,113.14,0.0,2540.178492,0.0
2019-03-14,22,0,194,66.75,66.75,0.0,1018.986727,0.0
2019-03-14,22,0,196,0.0,0.0,0.0,0.0,0.0
2019-03-14,22,0,198,0.0,0.0,0.0,0.0,0.0
2019-03-14,22,0,199,42.31,42.31,0.0,681.523499,0.0
2019-03-14,22,0,200,0.0,0.0,0.0,0.0,0.0
2019-03-14,22,0,204,334.09,334.09,0.0,4442.562377,0.0
2019-03-14,22,0,205,352.96,352.96,0.0,4712.056688,0.0
2019-03-14,22,0,206,139.39,139.39,0.0,1691.884059,0.0
2019-03-14,22,0,210,0.0,0.0,0.0,0.0,0.0
2019-03-14,22,0,214,0.0,0.0,0.0,0.0,0.0
2019-03-14,22,0,217,0.0,0.0,0.0,0.0,0.0
2019-03-14,22,0,218,0.0,0.0,0.0,0.0,0.0
2019-03-14,22,0,219,0.0,0.0,0.0,0.0,0.0
2019-03-14,22,0,221,0.0,0.0,0.0,0.0,0.0
2019-03-14,22,0,225,0.0,0.0,0.0,0.0,0.0
2019-03-14,22,0,233,0.0,0.0,0.0,0.0,0.0
2019-03-14,22,0,236,96.42,96.42,0.0,1358.667717,0.0
2019-03-14,22,0,237,73.32,73.32,0.0,1015.234796,0.0
2019-03-14,22,0,238,0.0,0.0,0.0,0.0,0.0
2019-03-14,22,0,240,0.0,0.0,0.0,0.0,0.0
2019-03-14,22,0,245,260.0,260.0,0.0,3330.133781,0.0
2019-03-14,22,0,247,171.72,171.72,0.0,2199.42528,0.0
2019-03-14,22,0,248,7.36,7.36,0.0,101.911185,0.0
2019-03-14,22,0,249,500.0,500.0,0.0,6404.103425,0.0
2019-03-14,22,0,251,658.43,658.43,0.0,5822.747717,0.0
2019-03-14,22,0,252,267.06,267.06,0.0,1700.503876,0.0
2019-03-14,22,0,254,0.0,0.0,0.0,0.0,0.0
2019-03-14,22,0,255,0.0,0.0,0.0,0.0,0.0
2019-03-14,22,0,258,0.0,0.0,0.0,0.0,0.0
2019-03-14,22,0,260,0.0,0.0,0.0,0.0,0.0
2019-03-14,22,0,265,0.0,0.0,0.0,0.0,0.0
2019-03-14,22,0,266,39.98,39.98,0.0,514.69751,0.0
2019-03-14,22,0,267,49.13,49.13,0.0,632.493463,0.0
2019-03-14,22,0,270,178.97,178.97,0.0,-1903.049466,0.0
2019-03-14,22,0,272,149.63,149.63,0.0,1713.542532,0.0
2019-03-14,22,0,273,0.0,0.0,0.0,-0.0,0.0
2019-03-14,22,0,274,230.71,230.71,0.0,-2453.218653,0.0
2019-03-14,22,0,275,321.15,321.15,0.0,-3414.89823,0.0
2019-03-14,22,0,276,0.0,0.0,0.0,-0.0,0.0
2019-03-14,22,0,277,0.0,0.0,0.0,0.0,0.0
2019-03-14,22,0,278,0.0,0.0,0.0,0.0,0.0
2019-03-14,22,0,279,72.37,72.37,0.0,811.354545,0.0
2019-03-14,22,0,281,4.91,4.91,0.0,59.666569,0.0
2019-03-14,22,0,282,0.0,0.0,0.0,0.0,0.0
2019-03-14,23,0,9,0.0,0.0,0.0,0.0,0.0
2019-03-14,23,0,17,0.0,0.0,0.0,0.0,0.0
2019-03-14,23,0,19,643.3,643.3,0.0,192.5175,0.0
2019-03-14,23,0,20,780.2,780.2,0.0,233.486947,0.0
2019-03-14,23,0,21,0.0,0.0,0.0,0.0,0.0
2019-03-14,23,0,22,0.0,0.0,0.0,0.0,0.0
2019-03-14,23,0,23,34.33,34.33,0.0,212.005651,0.0
2019-03-14,23,0,24,60.74,60.74,0.0,375.101172,0.0
2019-03-14,23,0,29,0.0,0.0,0.0,0.0,0.0
2019-03-14,23,0,30,0.0,0.0,0.0,0.0,0.0
2019-03-14,23,0,31,13.47,13.47,0.0,82.963502,0.0
2019-03-14,23,0,32,0.0,0.0,0.0,0.0,0.0
2019-03-14,23,0,33,0.0,0.0,0.0,0.0,0.0
2019-03-14,23,0,34,0.0,0.0,0.0,0.0,0.0
2019-03-14,23,0,35,0.0,0.0,0.0,0.0,0.0
2019-03-14,23,0,36,0.0,0.0,0.0,0.0,0.0
2019-03-14,23,0,37,0.0,0.0,0.0,0.0,0.0
2019-03-14,23,0,38,0.0,0.0,0.0,0.0,0.0
2019-03-14,23,0,39,0.0,0.0,0.0,0.0,0.0
2019-03-14,23,0,40,0.0,0.0,0.0,0.0,0.0
2019-03-14,23,0,41,58.58,58.58,0.0,411.662319,0.0
2019-03-14,23,0,42,0.0,0.0,0.0,0.0,0.0
2019-03-14,23,0,43,0.0,0.0,0.0,0.0,0.0
2019-03-14,23,0,46,0.0,0.0,0.0,0.0,0.0
2019-03-14,23,0,52,14.28,14.28,0.0,87.952399,0.0
2019-03-14,23,0,53,22.68,22.68,0.0,139.689104,0.0
2019-03-14,23,0,55,220.84,220.84,0.0,1363.802153,0.0
2019-03-14,23,0,56,0.0,0.0,0.0,0.0,0.0
2019-03-14,23,0,57,0.0,0.0,0.0,0.0,0.0
2019-03-14,23,0,58,0.0,0.0,0.0,0.0,0.0
2019-03-14,23,0,59,0.0,0.0,0.0,0.0,0.0
2019-03-14,23,0,63,71.42,71.42,0.0,1550.35204,0.0
2019-03-14,23,0,64,84.02,84.02,0.0,1823.866962,0.0
2019-03-14,23,0,65,41.4,41.4,0.0,185.078969,0.0
2019-03-14,23,0,67,0.0,0.0,0.0,-0.0,0.0
2019-03-14,23,0,68,2.56,2.56,0.0,-1.945988,0.0
2019-03-14,23,0,69,0.0,0.0,0.0,0.0,0.0
2019-03-14,23,0,74,37.66,37.66,0.0,309.127095,0.0
2019-03-14,23,0,77,58.84,58.84,0.0,270.636541,0.0
2019-03-14,23,0,78,44.49,44.49,0.0,204.633238,0.0
2019-03-14,23,0,79,25.74,25.74,0.0,118.391988,0.0
2019-03-14,23,0,80,41.63,41.63,0.0,191.478572,0.0
2019-03-14,23,0,81,54.43,54.43,0.0,250.352599,0.0
2019-03-14,23,0,82,38.39,38.39,0.0,176.576084,0.0
2019-03-14,23,0,83,85.62,85.62,0.0,393.812043,0.0
2019-03-14,23,0,84,0.0,0.0,0.0,0.0,0.0
2019-03-14,23,0,86,0.0,0.0,0.0,0.0,0.0
2019-03-14,23,0,87,0.0,0.0,0.0,0.0,0.0
2019-03-14,23,0,88,52.84,52.84,0.0,243.039341,0.0
2019-03-14,23,0,89,50.79,50.79,0.0,233.610297,0.0
2019-03-14,23,0,90,68.2,68.2,0.0,313.688173,0.0
2019-03-14,23,0,91,243.28,243.28,0.0,1118.974467,0.0
2019-03-14,23,0,92,87.5,87.5,0.0,402.459166,0.0
2019-03-14,23,0,95,45.57,45.57,0.0,847.033124,0.0
2019-03-14,23,0,96,7.26,7.26,0.0,44.590938,0.0
2019-03-14,23,0,97,44.62,44.62,0.0,274.056153,0.0
2019-03-14,23,0,99,7.27,7.27,0.0,59.674827,0.0
2019-03-14,23,0,101,0.0,0.0,0.0,0.0,0.0
2019-03-14,23,0,102,6.07,6.07,0.0,-4.61412,0.0
2019-03-14,23,0,103,5.27,5.27,0.0,-4.005999,0.0
2019-03-14,23,0,104,0.98,0.98,0.0,-0.744949,0.0
2019-03-14,23,0,106,0.0,0.0,0.0,0.0,0.0
2019-03-14,23,0,109,81.67,81.67,0.0,620.240033,0.0
2019-03-14,23,0,110,338.6,338.6,0.0,-8937.660818,0.0
2019-03-14,23,0,111,0.0,0.0,0.0,0.0,0.0
2019-03-14,23,0,113,46.57,46.57,0.0,257.855547,0.0
2019-03-14,23,0,115,46.57,46.57,0.0,257.855547,0.0
2019-03-14,23,0,116,0.0,0.0,0.0,-0.0,0.0
2019-03-14,23,0,117,3.1,3.1,0.0,17.164531,0.0
2019-03-14,23,0,119,84.02,84.02,0.0,1823.866962,0.0
2019-03-14,23,0,120,49.41,49.41,0.0,1072.569229,0.0
2019-03-14,23,0,123,0.0,0.0,0.0,0.0,0.0
2019-03-14,23,0,125,54.97,54.97,0.0,339.468413,0.0
2019-03-14,23,0,126,0.0,0.0,0.0,0.0,0.0
2019-03-14,23,0,127,0.0,0.0,0.0,0.0,0.0
2019-03-14,23,0,128,78.73,78.73,0.0,486.198802,0.0
2019-03-14,23,0,131,8.0,8.0,0.0,7.401781,0.0
2019-03-14,23,0,132,11.76,11.76,0.0,10.880618,0.0
2019-03-14,23,0,133,139.8,139.8,0.0,1304.380215,0.0
2019-03-14,23,0,134,0.0,0.0,0.0,0.0,0.0
2019-03-14,23,0,135,187.33,187.33,0.0,1747.850827,0.0
2019-03-14,23,0,136,45.9,45.9,0.0,215.707014,0.0
2019-03-14,23,0,139,75.65,75.65,0.0,531.619228,0.0
2019-03-14,23,0,140,250.6,250.6,0.0,-6614.819259,0.0
2019-03-14,23,0,141,51.41,51.41,0.0,-363.508747,0.0
2019-03-14,23,0,142,0.0,0.0,0.0,-0.0,0.0
2019-03-14,23,0,143,20.3,20.3,0.0,125.030371,0.0
2019-03-14,23,0,145,8.83,8.83,0.0,59.088929,0.0
2019-03-14,23,0,146,268.0,268.0,0.0,-7074.108385,0.0
2019-03-14,23,0,152,0.0,0.0,0.0,0.0,0.0
2019-03-14,23,0,153,0.0,0.0,0.0,0.0,0.0
2019-03-14,23,0,154,0.0,0.0,0.0,0.0,0.0
2019-03-14,23,0,157,58.51,58.51,0.0,-413.711278,0.0
2019-03-14,23,0,158,0.0,0.0,0.0,-0.0,0.0
2019-03-14,23,0,159,0.0,0.0,0.0,0.0,0.0
2019-03-14,23,0,160,0.0,0.0,0.0,0.0,0.0
2019-03-14,23,0,161,0.0,0.0,0.0,-0.0,0.0
2019-03-14,23,0,162,16.38,16.38,0.0,305.022697,0.0
2019-03-14,23,0,163,61.37,61.37,0.0,-1619.918028,0.0
2019-03-14,23,0,164,0.0,0.0,0.0,0.0,0.0
2019-03-14,23,0,167,0.0,0.0,0.0,0.0,0.0
2019-03-14,23,0,168,0.0,0.0,0.0,0.0,0.0
2019-03-14,23,0,169,0.0,0.0,0.0,0.0,0.0
2019-03-14,23,0,170,0.0,0.0,0.0,0.0,0.0
2019-03-14,23,0,172,0.0,0.0,0.0,0.0,0.0
2019-03-14,23,0,173,0.0,0.0,0.0,0.0,0.0
2019-03-14,23,0,188,0.0,0.0,0.0,0.0,0.0
2019-03-14,23,0,190,0.0,0.0,0.0,0.0,0.0
2019-03-14,23,0,191,0.0,0.0,0.0,0.0,0.0
2019-03-14,23,0,192,120.69,120.69,0.0,2619.882215,0.0
2019-03-14,23,0,194,69.37,69.37,0.0,770.62626,0.0
2019-03-14,23,0,196,0.0,0.0,0.0,0.0,0.0
2019-03-14,23,0,198,0.0,0.0,0.0,0.0,0.0
2019-03-14,23,0,199,29.67,29.67,0.0,332.487984,0.0
2019-03-14,23,0,200,0.0,0.0,0.0,0.0,0.0
2019-03-14,23,0,204,328.04,328.04,0.0,2470.310003,0.0
2019-03-14,23,0,205,432.06,432.06,0.0,3281.264953,0.0
2019-03-14,23,0,206,131.12,131.12,0.0,805.339373,0.0
2019-03-14,23,0,210,0.0,0.0,0.0,0.0,0.0
2019-03-14,23,0,214,0.0,0.0,0.0,0.0,0.0
2019-03-14,23,0,217,0.0,0.0,0.0,0.0,0.0
2019-03-14,23,0,218,0.0,0.0,0.0,0.0,0.0
2019-03-14,23,0,219,0.0,0.0,0.0,0.0,0.0
2019-03-14,23,0,221,0.0,0.0,0.0,0.0,0.0
2019-03-14,23,0,225,0.0,0.0,0.0,0.0,0.0
2019-03-14,23,0,233,0.0,0.0,0.0,0.0,0.0
2019-03-14,23,0,236,111.95,111.95,0.0,951.464232,0.0
2019-03-14,23,0,237,90.35,90.35,0.0,741.625944,0.0
2019-03-14,23,0,238,0.0,0.0,0.0,0.0,0.0
2019-03-14,23,0,240,0.0,0.0,0.0,0.0,0.0
2019-03-14,23,0,245,260.0,260.0,0.0,2075.739765,0.0
2019-03-14,23,0,247,171.72,171.72,0.0,1370.946278,0.0
2019-03-14,23,0,248,9.07,9.07,0.0,74.449887,0.0
2019-03-14,23,0,249,500.0,500.0,0.0,3991.80724,0.0
2019-03-14,23,0,251,320.62,320.62,0.0,1855.184101,0.0
2019-03-14,23,0,252,267.06,267.06,0.0,1193.893463,0.0
2019-03-14,23,0,254,0.0,0.0,0.0,0.0,0.0
2019-03-14,23,0,255,0.0,0.0,0.0,0.0,0.0
2019-03-14,23,0,258,0.0,0.0,0.0,0.0,0.0
2019-03-14,23,0,260,0.0,0.0,0.0,0.0,0.0
2019-03-14,23,0,265,0.0,0.0,0.0,0.0,0.0
2019-03-14,23,0,266,48.98,48.98,0.0,344.199733,0.0
2019-03-14,23,0,267,60.19,60.19,0.0,422.976356,0.0
2019-03-14,23,0,270,191.65,191.65,0.0,-5058.779373,0.0
2019-03-14,23,0,272,155.65,155.65,0.0,861.825551,0.0
2019-03-14,23,0,273,0.0,0.0,0.0,-0.0,0.0
2019-03-14,23,0,274,247.06,247.06,0.0,-6521.377678,0.0
2019-03-14,23,0,275,343.92,343.92,0.0,-9078.087149,0.0
2019-03-14,23,0,276,0.0,0.0,0.0,-0.0,0.0
2019-03-14,23,0,277,0.0,0.0,0.0,0.0,0.0
2019-03-14,23,0,278,0.0,0.0,0.0,0.0,0.0
2019-03-14,23,0,279,74.87,74.87,0.0,386.413187,0.0
2019-03-14,23,0,281,6.04,6.04,0.0,37.201155,0.0
2019-03-14,23,0,282,0.0,0.0,0.0,0.0,0.0
2019-03-15,0,0,9,0.0,0.0,0.0,0.0,0.0
2019-03-15,0,0,17,0.0,0.0,0.0,0.0,0.0
2019-03-15,0,0,19,643.3,643.3,0.0,150.093206,0.0
2019-03-15,0,0,20,780.2,780.2,0.0,182.034384,0.0
2019-03-15,0,0,21,0.0,0.0,0.0,0.0,0.0
2019-03-15,0,0,22,0.0,0.0,0.0,0.0,0.0
2019-03-15,0,0,23,36.48,36.48,0.0,195.79173,0.0
2019-03-15,0,0,24,64.54,64.54,0.0,346.392497,0.0
2019-03-15,0,0,29,0.0,0.0,0.0,0.0,0.0
2019-03-15,0,0,30,0.0,0.0,0.0,0.0,0.0
2019-03-15,0,0,31,16.7,16.7,0.0,89.252188,0.0
2019-03-15,0,0,32,0.0,0.0,0.0,0.0,0.0
2019-03-15,0,0,33,0.0,0.0,0.0,0.0,0.0
2019-03-15,0,0,34,0.0,0.0,0.0,0.0,0.0
2019-03-15,0,0,35,0.0,0.0,0.0,0.0,0.0
2019-03-15,0,0,36,0.0,0.0,0.0,0.0,0.0
2019-03-15,0,0,37,0.0,0.0,0.0,0.0,0.0
2019-03-15,0,0,38,0.0,0.0,0.0,0.0,0.0
2019-03-15,0,0,39,0.0,0.0,0.0,0.0,0.0
2019-03-15,0,0,40,0.0,0.0,0.0,0.0,0.0
2019-03-15,0,0,41,71.76,71.76,0.0,469.685734,0.0
2019-03-15,0,0,42,0.0,0.0,0.0,0.0,0.0
2019-03-15,0,0,43,0.0,0.0,0.0,0.0,0.0
2019-03-15,0,0,46,0.0,0.0,0.0,0.0,0.0
2019-03-15,0,0,52,17.7,17.7,0.0,94.59663,0.0
2019-03-15,0,0,53,28.12,28.12,0.0,150.28572,0.0
2019-03-15,0,0,55,262.93,262.93,0.0,1411.171043,0.0
2019-03-15,0,0,56,0.0,0.0,0.0,0.0,0.0
2019-03-15,0,0,57,0.0,0.0,0.0,0.0,0.0
2019-03-15,0,0,58,0.0,0.0,0.0,0.0,0.0
2019-03-15,0,0,59,0.0,0.0,0.0,0.0,0.0
2019-03-15,0,0,63,79.53,79.53,0.0,1770.26478,0.0
2019-03-15,0,0,64,93.56,93.56,0.0,2082.559699,0.0
2019-03-15,0,0,65,41.4,41.4,0.0,187.092851,0.0
2019-03-15,0,0,67,0.0,0.0,0.0,-0.0,0.0
2019-03-15,0,0,68,2.7,2.7,0.0,-7.947558,0.0
2019-03-15,0,0,69,0.0,0.0,0.0,0.0,0.0
2019-03-15,0,0,74,45.77,45.77,0.0,374.479583,0.0
2019-03-15,0,0,77,61.58,61.58,0.0,196.364858,0.0
2019-03-15,0,0,78,46.55,46.55,0.0,148.437547,0.0
2019-03-15,0,0,79,26.94,26.94,0.0,85.905639,0.0
2019-03-15,0,0,80,43.57,43.57,0.0,138.934993,0.0
2019-03-15,0,0,81,56.96,56.96,0.0,181.632711,0.0
2019-03-15,0,0,82,40.18,40.18,0.0,128.125041,0.0
2019-03-15,0,0,83,89.6,89.6,0.0,285.714376,0.0
2019-03-15,0,0,84,0.0,0.0,0.0,0.0,0.0
2019-03-15,0,0,86,0.0,0.0,0.0,0.0,0.0
2019-03-15,0,0,87,0.0,0.0,0.0,0.0,0.0
2019-03-15,0,0,88,54.84,54.84,0.0,174.872504,0.0
2019-03-15,0,0,89,52.72,52.72,0.0,168.112298,0.0
2019-03-15,0,0,90,70.78,70.78,0.0,225.701602,0.0
2019-03-15,0,0,91,252.5,252.5,0.0,805.166071,0.0
2019-03-15,0,0,92,90.81,90.81,0.0,289.572796,0.0
2019-03-15,0,0,95,29.35,29.35,0.0,547.169058,0.0
2019-03-15,0,0,96,6.89,6.89,0.0,36.660072,0.0
2019-03-15,0,0,97,42.36,42.36,0.0,225.387614,0.0
2019-03-15,0,0,99,8.84,8.84,0.0,72.326841,0.0
2019-03-15,0,0,101,0.0,0.0,0.0,0.0,0.0
2019-03-15,0,0,102,6.4,6.4,0.0,-18.838656,0.0
2019-03-15,0,0,103,5.57,5.57,0.0,-16.395518,0.0
2019-03-15,0,0,104,1.03,1.03,0.0,-3.031846,0.0
2019-03-15,0,0,106,0.0,0.0,0.0,0.0,0.0
2019-03-15,0,0,109,81.11,81.11,0.0,594.368787,0.0
2019-03-15,0,0,110,338.6,338.6,0.0,-10886.67303,0.0
2019-03-15,0,0,111,0.0,0.0,0.0,0.0,0.0
2019-03-15,0,0,113,48.77,48.77,0.0,203.491624,0.0
2019-03-15,0,0,115,48.77,48.77,0.0,203.491624,0.0
2019-03-15,0,0,116,0.0,0.0,0.0,-0.0,0.0
2019-03-15,0,0,117,3.25,3.25,0.0,13.560545,0.0
2019-03-15,0,0,119,93.56,93.56,0.0,2082.559699,0.0
2019-03-15,0,0,120,55.01,55.01,0.0,1224.472093,0.0
2019-03-15,0,0,123,0.0,0.0,0.0,0.0,0.0
2019-03-15,0,0,125,58.4,58.4,0.0,313.438516,0.0
2019-03-15,0,0,126,0.0,0.0,0.0,0.0,0.0
2019-03-15,0,0,127,0.0,0.0,0.0,0.0,0.0
2019-03-15,0,0,128,83.65,83.65,0.0,448.957737,0.0
2019-03-15,0,0,131,8.39,8.39,0.0,-8.585364,0.0
2019-03-15,0,0,132,12.33,12.33,0.0,-12.617109,0.0
2019-03-15,0,0,133,139.8,139.8,0.0,1331.889207,0.0
2019-03-15,0,0,134,0.0,0.0,0.0,0.0,0.0
2019-03-15,0,0,135,187.33,187.33,0.0,1784.712483,0.0
2019-03-15,0,0,136,45.9,45.9,0.0,218.228548,0.0
2019-03-15,0,0,139,92.67,92.67,0.0,606.546501,0.0
2019-03-15,0,0,140,250.6,250.6,0.0,-8057.295515,0.0
2019-03-15,0,0,141,58.69,58.69,0.0,-594.743396,0.0
2019-03-15,0,0,142,0.0,0.0,0.0,-0.0,0.0
2019-03-15,0,0,143,64.91,64.91,0.0,346.907756,0.0
2019-03-15,0,0,145,8.52,8.52,0.0,51.806836,0.0
2019-03-15,0,0,146,268.0,268.0,0.0,-8616.740615,0.0
2019-03-15,0,0,152,0.0,0.0,0.0,0.0,0.0
2019-03-15,0,0,153,0.0,0.0,0.0,0.0,0.0
2019-03-15,0,0,154,0.0,0.0,0.0,0.0,0.0
2019-03-15,0,0,157,61.67,61.67,0.0,-624.941647,0.0
2019-03-15,0,0,158,0.0,0.0,0.0,-0.0,0.0
2019-03-15,0,0,159,0.0,0.0,0.0,0.0,0.0
2019-03-15,0,0,160,0.0,0.0,0.0,0.0,0.0
2019-03-15,0,0,161,0.0,0.0,0.0,-0.0,0.0
2019-03-15,0,0,162,17.9,17.9,0.0,334.426362,0.0
2019-03-15,0,0,163,67.19,67.19,0.0,-2160.294037,0.0
2019-03-15,0,0,164,0.0,0.0,0.0,0.0,0.0
2019-03-15,0,0,167,0.0,0.0,0.0,0.0,0.0
2019-03-15,0,0,168,0.0,0.0,0.0,0.0,0.0
2019-03-15,0,0,169,0.0,0.0,0.0,0.0,0.0
2019-03-15,0,0,170,0.0,0.0,0.0,0.0,0.0
2019-03-15,0,0,172,0.0,0.0,0.0,0.0,0.0
2019-03-15,0,0,173,0.0,0.0,0.0,0.0,0.0
2019-03-15,0,0,188,0.0,0.0,0.0,0.0,0.0
2019-03-15,0,0,190,0.0,0.0,0.0,0.0,0.0
2019-03-15,0,0,191,0.0,0.0,0.0,0.0,0.0
2019-03-15,0,0,192,132.32,132.32,0.0,2945.321712,0.0
2019-03-15,0,0,194,72.05,72.05,0.0,752.366732,0.0
2019-03-15,0,0,196,0.0,0.0,0.0,0.0,0.0
2019-03-15,0,0,198,0.0,0.0,0.0,0.0,0.0
2019-03-15,0,0,199,11.49,11.49,0.0,135.717575,0.0
2019-03-15,0,0,200,0.0,0.0,0.0,0.0,0.0
2019-03-15,0,0,204,323.53,323.53,0.0,2342.12944,0.0
2019-03-15,0,0,205,429.08,429.08,0.0,3144.270238,0.0
2019-03-15,0,0,206,124.48,124.48,0.0,662.328852,0.0
2019-03-15,0,0,210,0.0,0.0,0.0,0.0,0.0
2019-03-15,0,0,214,0.0,0.0,0.0,0.0,0.0
2019-03-15,0,0,217,0.0,0.0,0.0,0.0,0.0
2019-03-15,0,0,218,0.0,0.0,0.0,0.0,0.0
2019-03-15,0,0,219,0.0,0.0,0.0,0.0,0.0
2019-03-15,0,0,221,0.0,0.0,0.0,0.0,0.0
2019-03-15,0,0,225,0.0,0.0,0.0,0.0,0.0
2019-03-15,0,0,233,0.0,0.0,0.0,0.0,0.0
2019-03-15,0,0,236,128.98,128.98,0.0,1107.003248,0.0
2019-03-15,0,0,237,109.81,109.81,0.0,898.440093,0.0
2019-03-15,0,0,238,0.0,0.0,0.0,0.0,0.0
2019-03-15,0,0,240,0.0,0.0,0.0,0.0,0.0
2019-03-15,0,0,245,164.49,164.49,0.0,1342.976748,0.0
2019-03-15,0,0,247,171.72,171.72,0.0,1402.006001,0.0
2019-03-15,0,0,248,11.02,11.02,0.0,90.163098,0.0
2019-03-15,0,0,249,308.16,308.16,0.0,2515.96884,0.0
2019-03-15,0,0,251,326.4,326.4,0.0,1913.502533,0.0
2019-03-15,0,0,252,267.06,267.06,0.0,1206.884465,0.0
2019-03-15,0,0,254,0.0,0.0,0.0,0.0,0.0
2019-03-15,0,0,255,0.0,0.0,0.0,0.0,0.0
2019-03-15,0,0,258,0.0,0.0,0.0,0.0,0.0
2019-03-15,0,0,260,0.0,0.0,0.0,0.0,0.0
2019-03-15,0,0,265,0.0,0.0,0.0,0.0,0.0
2019-03-15,0,0,266,60.01,60.01,0.0,392.779276,0.0
2019-03-15,0,0,267,73.74,73.74,0.0,482.64529,0.0
2019-03-15,0,0,270,209.84,209.84,0.0,-6746.779293,0.0
2019-03-15,0,0,272,163.0,163.0,0.0,680.113488,0.0
2019-03-15,0,0,273,0.0,0.0,0.0,-0.0,0.0
2019-03-15,0,0,274,270.51,270.51,0.0,-8697.442178,0.0
2019-03-15,0,0,275,376.56,376.56,0.0,-12107.163604,0.0
2019-03-15,0,0,276,0.0,0.0,0.0,-0.0,0.0
2019-03-15,0,0,277,0.0,0.0,0.0,0.0,0.0
2019-03-15,0,0,278,0.0,0.0,0.0,0.0,0.0
2019-03-15,0,0,279,78.11,78.11,0.0,295.106972,0.0
2019-03-15,0,0,281,7.49,7.49,0.0,40.029874,0.0
2019-03-15,0,0,282,0.0,0.0,0.0,0.0,0.0
2019-03-15,1,0,9,0.0,0.0,0.0,0.0,0.0
2019-03-15,1,0,17,0.0,0.0,0.0,-0.0,0.0
2019-03-15,1,0,19,643.3,643.3,0.0,-226.011643,0.0
2019-03-15,1,0,20,780.2,780.2,0.0,-274.108944,0.0
2019-03-15,1,0,21,0.0,0.0,0.0,0.0,0.0
2019-03-15,1,0,22,0.0,0.0,0.0,0.0,0.0
2019-03-15,1,0,23,39.26,39.26,0.0,172.292464,0.0
2019-03-15,1,0,24,69.47,69.47,0.0,304.869014,0.0
2019-03-15,1,0,29,0.0,0.0,0.0,0.0,0.0
2019-03-15,1,0,30,0.0,0.0,0.0,0.0,0.0
2019-03-15,1,0,31,46.48,46.48,0.0,202.760761,0.0
2019-03-15,1,0,32,0.0,0.0,0.0,0.0,0.0
2019-03-15,1,0,33,0.0,0.0,0.0,0.0,0.0
2019-03-15,1,0,34,0.0,0.0,0.0,0.0,0.0
2019-03-15,1,0,35,0.0,0.0,0.0,0.0,0.0
2019-03-15,1,0,36,0.0,0.0,0.0,0.0,0.0
2019-03-15,1,0,37,0.0,0.0,0.0,0.0,0.0
2019-03-15,1,0,38,0.0,0.0,0.0,0.0,0.0
2019-03-15,1,0,39,0.0,0.0,0.0,0.0,0.0
2019-03-15,1,0,40,0.0,0.0,0.0,0.0,0.0
2019-03-15,1,0,41,87.3,87.3,0.0,501.972711,0.0
2019-03-15,1,0,42,0.0,0.0,0.0,0.0,0.0
2019-03-15,1,0,43,0.0,0.0,0.0,0.0,0.0
2019-03-15,1,0,46,0.0,0.0,0.0,0.0,0.0
2019-03-15,1,0,52,49.48,49.48,0.0,215.847729,0.0
2019-03-15,1,0,53,80.88,80.88,0.0,352.824663,0.0
2019-03-15,1,0,55,263.98,263.98,0.0,1158.475922,0.0
2019-03-15,1,0,56,0.0,0.0,0.0,0.0,0.0
2019-03-15,1,0,57,0.0,0.0,0.0,0.0,0.0
2019-03-15,1,0,58,0.0,0.0,0.0,0.0,0.0
2019-03-15,1,0,59,0.0,0.0,0.0,0.0,0.0
2019-03-15,1,0,63,89.09,89.09,0.0,2128.731858,0.0
2019-03-15,1,0,64,104.82,104.82,0.0,2504.587197,0.0
2019-03-15,1,0,65,41.4,41.4,0.0,166.030598,0.0
2019-03-15,1,0,67,0.0,0.0,0.0,-0.0,0.0
2019-03-15,1,0,68,2.9,2.9,0.0,-15.109562,0.0
2019-03-15,1,0,69,0.0,0.0,0.0,0.0,0.0
2019-03-15,1,0,74,55.23,55.23,0.0,422.091908,0.0
2019-03-15,1,0,77,64.59,64.59,0.0,120.894878,0.0
2019-03-15,1,0,78,48.83,48.83,0.0,91.396453,0.0
2019-03-15,1,0,79,28.26,28.26,0.0,52.895018,0.0
2019-03-15,1,0,80,45.7,45.7,0.0,85.537946,0.0
2019-03-15,1,0,81,59.75,59.75,0.0,111.835717,0.0
2019-03-15,1,0,82,42.15,42.15,0.0,78.893313,0.0
2019-03-15,1,0,83,93.98,93.98,0.0,175.904948,0.0
2019-03-15,1,0,84,0.0,0.0,0.0,0.0,0.0
2019-03-15,1,0,86,0.0,0.0,0.0,0.0,0.0
2019-03-15,1,0,87,0.0,0.0,0.0,0.0,0.0
2019-03-15,1,0,88,56.91,56.91,0.0,106.520011,0.0
2019-03-15,1,0,89,54.71,54.71,0.0,102.40221,0.0
2019-03-15,1,0,90,73.46,73.46,0.0,137.4971,0.0
2019-03-15,1,0,91,262.03,262.03,0.0,490.44875,0.0
2019-03-15,1,0,92,94.24,94.24,0.0,176.391597,0.0
2019-03-15,1,0,95,44.18,44.18,0.0,871.142469,0.0
2019-03-15,1,0,96,6.57,6.57,0.0,28.480728,0.0
2019-03-15,1,0,97,40.42,40.42,0.0,175.219332,0.0
2019-03-15,1,0,99,10.66,10.66,0.0,81.4684,0.0
2019-03-15,1,0,101,0.0,0.0,0.0,0.0,0.0
2019-03-15,1,0,102,6.86,6.86,0.0,-35.741928,0.0
2019-03-15,1,0,103,5.96,5.96,0.0,-31.052754,0.0
2019-03-15,1,0,104,1.11,1.11,0.0,-5.783315,0.0
2019-03-15,1,0,106,0.0,0.0,0.0,0.0,0.0
2019-03-15,1,0,109,81.38,81.38,0.0,541.48847,0.0
2019-03-15,1,0,110,338.6,338.6,0.0,-13185.526558,0.0
2019-03-15,1,0,111,0.0,0.0,0.0,0.0,0.0
2019-03-15,1,0,113,28.96,28.96,0.0,87.096821,0.0
2019-03-15,1,0,115,28.96,28.96,0.0,87.096821,0.0
2019-03-15,1,0,116,0.0,0.0,0.0,-0.0,0.0
2019-03-15,1,0,117,1.98,1.98,0.0,5.954824,0.0
2019-03-15,1,0,119,104.82,104.82,0.0,2504.587197,0.0
2019-03-15,1,0,120,61.63,61.63,0.0,1472.597872,0.0
2019-03-15,1,0,123,0.0,0.0,0.0,0.0,0.0
2019-03-15,1,0,125,62.86,62.86,0.0,275.861037,0.0
2019-03-15,1,0,126,0.0,0.0,0.0,0.0,0.0
2019-03-15,1,0,127,0.0,0.0,0.0,0.0,0.0
2019-03-15,1,0,128,90.03,90.03,0.0,395.09655,0.0
2019-03-15,1,0,131,8.89,8.89,0.0,-26.604278,0.0
2019-03-15,1,0,132,13.07,13.07,0.0,-39.113376,0.0
2019-03-15,1,0,133,139.8,139.8,0.0,1274.260816,0.0
2019-03-15,1,0,134,0.0,0.0,0.0,0.0,0.0
2019-03-15,1,0,135,187.32,187.32,0.0,1707.400115,0.0
2019-03-15,1,0,136,45.9,45.9,0.0,195.068172,0.0
2019-03-15,1,0,139,112.74,112.74,0.0,648.252044,0.0
2019-03-15,1,0,140,250.6,250.6,0.0,-9758.69154,0.0
2019-03-15,1,0,141,67.62,67.62,0.0,-913.790237,0.0
2019-03-15,1,0,142,0.0,0.0,0.0,-0.0,0.0
2019-03-15,1,0,143,107.77,107.77,0.0,470.127522,0.0
2019-03-15,1,0,145,8.29,8.29,0.0,43.214303,0.0
2019-03-15,1,0,146,255.18,255.18,0.0,-9937.042726,0.0
2019-03-15,1,0,152,0.0,0.0,0.0,0.0,0.0
2019-03-15,1,0,153,0.0,0.0,0.0,0.0,0.0
2019-03-15,1,0,154,0.0,0.0,0.0,0.0,0.0
2019-03-15,1,0,157,67.15,67.15,0.0,-907.438841,0.0
2019-03-15,1,0,158,0.0,0.0,0.0,-0.0,0.0
2019-03-15,1,0,159,0.0,0.0,0.0,0.0,0.0
2019-03-15,1,0,160,0.0,0.0,0.0,0.0,0.0
2019-03-15,1,0,161,0.0,0.0,0.0,-0.0,0.0
2019-03-15,1,0,162,19.6,19.6,0.0,387.381899,0.0
2019-03-15,1,0,163,74.65,74.65,0.0,-2906.968569,0.0
2019-03-15,1,0,164,0.0,0.0,0.0,0.0,0.0
2019-03-15,1,0,167,0.0,0.0,0.0,0.0,0.0
2019-03-15,1,0,168,0.0,0.0,0.0,0.0,0.0
2019-03-15,1,0,169,0.0,0.0,0.0,0.0,0.0
2019-03-15,1,0,170,0.0,0.0,0.0,0.0,0.0
2019-03-15,1,0,172,0.0,0.0,0.0,0.0,0.0
2019-03-15,1,0,173,0.0,0.0,0.0,0.0,0.0
2019-03-15,1,0,188,0.0,0.0,0.0,0.0,0.0
2019-03-15,1,0,190,0.0,0.0,0.0,0.0,0.0
2019-03-15,1,0,191,0.0,0.0,0.0,0.0,0.0
2019-03-15,1,0,192,149.33,149.33,0.0,3568.116829,0.0
2019-03-15,1,0,194,75.34,75.34,0.0,772.075003,0.0
2019-03-15,1,0,196,0.0,0.0,0.0,0.0,0.0
2019-03-15,1,0,198,0.0,0.0,0.0,0.0,0.0
2019-03-15,1,0,199,26.9,26.9,0.0,318.182862,0.0
2019-03-15,1,0,200,0.0,0.0,0.0,0.0,0.0
2019-03-15,1,0,204,320.12,320.12,0.0,2097.208158,0.0
2019-03-15,1,0,205,430.49,430.49,0.0,2864.406137,0.0
2019-03-15,1,0,206,118.76,118.76,0.0,514.82058,0.0
2019-03-15,1,0,210,0.0,0.0,0.0,0.0,0.0
2019-03-15,1,0,214,0.0,0.0,0.0,0.0,0.0
2019-03-15,1,0,217,0.0,0.0,0.0,0.0,0.0
2019-03-15,1,0,218,0.0,0.0,0.0,0.0,0.0
2019-03-15,1,0,219,0.0,0.0,0.0,0.0,0.0
2019-03-15,1,0,221,0.0,0.0,0.0,0.0,0.0
2019-03-15,1,0,225,0.0,0.0,0.0,0.0,0.0
2019-03-15,1,0,233,0.0,0.0,0.0,0.0,0.0
2019-03-15,1,0,236,147.78,147.78,0.0,1197.819773,0.0
2019-03-15,1,0,237,132.48,132.48,0.0,1012.470324,0.0
2019-03-15,1,0,238,0.0,0.0,0.0,0.0,0.0
2019-03-15,1,0,240,0.0,0.0,0.0,0.0,0.0
2019-03-15,1,0,245,78.0,78.0,0.0,603.677435,0.0
2019-03-15,1,0,247,171.72,171.72,0.0,1329.019092,0.0
2019-03-15,1,0,248,13.3,13.3,0.0,101.644439,0.0
2019-03-15,1,0,249,150.01,150.01,0.0,1160.995539,0.0
2019-03-15,1,0,251,326.4,326.4,0.0,1753.708376,0.0
2019-03-15,1,0,252,267.06,267.06,0.0,1071.01767,0.0
2019-03-15,1,0,254,0.0,0.0,0.0,0.0,0.0
2019-03-15,1,0,255,0.0,0.0,0.0,0.0,0.0
2019-03-15,1,0,258,0.0,0.0,0.0,0.0,0.0
2019-03-15,1,0,260,0.0,0.0,0.0,0.0,0.0
2019-03-15,1,0,265,0.0,0.0,0.0,0.0,0.0
2019-03-15,1,0,266,73.0,73.0,0.0,419.748086,0.0
2019-03-15,1,0,267,89.71,89.71,0.0,515.830147,0.0
2019-03-15,1,0,270,233.12,233.12,0.0,-9077.997493,0.0
2019-03-15,1,0,272,96.58,96.58,0.0,290.463086,0.0
2019-03-15,1,0,273,0.0,0.0,0.0,-0.0,0.0
2019-03-15,1,0,274,300.52,300.52,0.0,-11702.641587,0.0
2019-03-15,1,0,275,418.33,418.33,0.0,-16290.316967,0.0
2019-03-15,1,0,276,0.0,0.0,0.0,-0.0,0.0
2019-03-15,1,0,277,0.0,0.0,0.0,0.0,0.0
2019-03-15,1,0,278,0.0,0.0,0.0,0.0,0.0
2019-03-15,1,0,279,82.33,82.33,0.0,210.117902,0.0
2019-03-15,1,0,281,19.19,19.19,0.0,83.712973,0.0
2019-03-15,1,0,282,0.0,0.0,0.0,0.0,0.0
2019-03-15,2,0,9,0.0,0.0,0.0,-0.0,0.0
2019-03-15,2,0,17,0.0,0.0,0.0,0.0,0.0
2019-03-15,2,0,19,643.3,643.3,0.0,13.845481,0.0
2019-03-15,2,0,20,780.2,780.2,0.0,16.791923,0.0
2019-03-15,2,0,21,0.0,0.0,0.0,-0.0,0.0
2019-03-15,2,0,22,0.0,0.0,0.0,-0.0,0.0
2019-03-15,2,0,23,50.7,50.7,0.0,-412.539156,0.0
2019-03-15,2,0,24,89.7,89.7,0.0,-729.876969,0.0
2019-03-15,2,0,29,0.0,0.0,0.0,0.0,0.0
2019-03-15,2,0,30,0.0,0.0,0.0,-0.0,0.0
2019-03-15,2,0,31,19.92,19.92,0.0,-164.440459,0.0
2019-03-15,2,0,32,0.0,0.0,0.0,-0.0,0.0
2019-03-15,2,0,33,0.0,0.0,0.0,0.0,0.0
2019-03-15,2,0,34,0.0,0.0,0.0,0.0,0.0
2019-03-15,2,0,35,0.0,0.0,0.0,0.0,0.0
2019-03-15,2,0,36,0.0,0.0,0.0,0.0,0.0
2019-03-15,2,0,37,0.0,0.0,0.0,0.0,0.0
2019-03-15,2,0,38,0.0,0.0,0.0,0.0,0.0
2019-03-15,2,0,39,0.0,0.0,0.0,0.0,0.0
2019-03-15,2,0,40,0.0,0.0,0.0,0.0,0.0
2019-03-15,2,0,41,98.99,98.99,0.0,-196.372095,0.0
2019-03-15,2,0,42,0.0,0.0,0.0,0.0,0.0
2019-03-15,2,0,43,0.0,0.0,0.0,0.0,0.0
2019-03-15,2,0,46,0.0,0.0,0.0,0.0,0.0
2019-03-15,2,0,52,21.12,21.12,0.0,-174.346511,0.0
2019-03-15,2,0,53,33.55,33.55,0.0,-276.956697,0.0
2019-03-15,2,0,55,310.53,310.53,0.0,-2526.741307,0.0
2019-03-15,2,0,56,0.0,0.0,0.0,-0.0,0.0
2019-03-15,2,0,57,0.0,0.0,0.0,-0.0,0.0
2019-03-15,2,0,58,0.0,0.0,0.0,-0.0,0.0
2019-03-15,2,0,59,0.0,0.0,0.0,-0.0,0.0
2019-03-15,2,0,63,100.49,100.49,0.0,5278.81298,0.0
2019-03-15,2,0,64,118.23,118.23,0.0,6210.708117,0.0
2019-03-15,2,0,65,41.4,41.4,0.0,210.204193,0.0
2019-03-15,2,0,67,0.0,0.0,0.0,-0.0,0.0
2019-03-15,2,0,68,4.02,4.02,0.0,-154.60559,0.0
2019-03-15,2,0,69,0.0,0.0,0.0,0.0,0.0
2019-03-15,2,0,74,54.65,54.65,0.0,360.691908,0.0
2019-03-15,2,0,77,103.97,103.97,0.0,-2027.187317,0.0
2019-03-15,2,0,78,78.6,78.6,0.0,-1532.527874,0.0
2019-03-15,2,0,79,45.49,45.49,0.0,-886.955382,0.0
2019-03-15,2,0,80,73.56,73.56,0.0,-1434.258911,0.0
2019-03-15,2,0,81,96.17,96.17,0.0,-1875.104398,0.0
2019-03-15,2,0,82,67.84,67.84,0.0,-1322.731438,0.0
2019-03-15,2,0,83,151.28,151.28,0.0,-2949.628713,0.0
2019-03-15,2,0,84,0.0,0.0,0.0,0.0,0.0
2019-03-15,2,0,86,0.0,0.0,0.0,0.0,0.0
2019-03-15,2,0,87,0.0,0.0,0.0,0.0,0.0
2019-03-15,2,0,88,102.63,102.63,0.0,-2001.060251,0.0
2019-03-15,2,0,89,98.66,98.66,0.0,-1923.653945,0.0
2019-03-15,2,0,90,132.47,132.47,0.0,-2582.874905,0.0
2019-03-15,2,0,91,472.56,472.56,0.0,-9213.885144,0.0
2019-03-15,2,0,92,169.95,169.95,0.0,-3313.652827,0.0
2019-03-15,2,0,95,23.64,23.64,0.0,8525.700125,0.0
2019-03-15,2,0,96,7.3,7.3,0.0,-61.163406,0.0
2019-03-15,2,0,97,44.92,44.92,0.0,-376.364412,0.0
2019-03-15,2,0,99,10.55,10.55,0.0,69.630368,0.0
2019-03-15,2,0,101,0.0,0.0,0.0,-0.0,0.0
2019-03-15,2,0,102,9.51,9.51,0.0,-365.746059,0.0
2019-03-15,2,0,103,8.27,8.27,0.0,-318.056773,0.0
2019-03-15,2,0,104,1.54,1.54,0.0,-59.227017,0.0
2019-03-15,2,0,106,0.0,0.0,0.0,-0.0,0.0
2019-03-15,2,0,109,78.69,78.69,0.0,164.059847,0.0
2019-03-15,2,0,110,338.6,338.6,0.0,-43089.475405,0.0
2019-03-15,2,0,111,0.0,0.0,0.0,0.0,0.0
2019-03-15,2,0,113,48.54,48.54,0.0,-851.957685,0.0
2019-03-15,2,0,115,48.54,48.54,0.0,-851.957685,0.0
2019-03-15,2,0,116,0.0,0.0,0.0,-0.0,0.0
2019-03-15,2,0,117,2.59,2.59,0.0,-45.458805,0.0
2019-03-15,2,0,119,118.23,118.23,0.0,6210.708117,0.0
2019-03-15,2,0,120,69.52,69.52,0.0,3651.936296,0.0
2019-03-15,2,0,123,0.0,0.0,0.0,-0.0,0.0
2019-03-15,2,0,125,81.18,81.18,0.0,-660.550862,0.0
2019-03-15,2,0,126,0.0,0.0,0.0,-0.0,0.0
2019-03-15,2,0,127,0.0,0.0,0.0,-0.0,0.0
2019-03-15,2,0,128,116.26,116.26,0.0,-945.992156,0.0
2019-03-15,2,0,131,12.68,12.68,0.0,-413.636907,0.0
2019-03-15,2,0,132,18.64,18.64,0.0,-608.059302,0.0
2019-03-15,2,0,133,139.8,139.8,0.0,1567.86342,0.0
2019-03-15,2,0,134,0.0,0.0,0.0,0.0,0.0
2019-03-15,2,0,135,187.33,187.33,0.0,2100.914552,0.0
2019-03-15,2,0,136,45.9,45.9,0.0,245.792353,0.0
2019-03-15,2,0,139,127.84,127.84,0.0,-253.603482,0.0
2019-03-15,2,0,140,250.6,250.6,0.0,-31890.793079,0.0
2019-03-15,2,0,141,95.89,95.89,0.0,-5783.913246,0.0
2019-03-15,2,0,142,0.0,0.0,0.0,-0.0,0.0
2019-03-15,2,0,143,59.79,59.79,0.0,-493.569028,0.0
2019-03-15,2,0,145,8.57,8.57,0.0,-37.85458,0.0
2019-03-15,2,0,146,180.67,180.67,0.0,-22991.658362,0.0
2019-03-15,2,0,152,0.0,0.0,0.0,0.0,0.0
2019-03-15,2,0,153,0.0,0.0,0.0,0.0,0.0
2019-03-15,2,0,154,0.0,0.0,0.0,0.0,0.0
2019-03-15,2,0,157,58.56,58.56,0.0,-3532.234432,0.0
2019-03-15,2,0,158,0.0,0.0,0.0,-0.0,0.0
2019-03-15,2,0,159,0.0,0.0,0.0,0.0,0.0
2019-03-15,2,0,160,0.0,0.0,0.0,0.0,0.0
2019-03-15,2,0,161,0.0,0.0,0.0,-0.0,0.0
2019-03-15,2,0,162,20.91,20.91,0.0,7549.083473,0.0
2019-03-15,2,0,163,86.08,86.08,0.0,-10954.347439,0.0
2019-03-15,2,0,164,0.0,0.0,0.0,-0.0,0.0
2019-03-15,2,0,167,0.0,0.0,0.0,0.0,0.0
2019-03-15,2,0,168,0.0,0.0,0.0,0.0,0.0
2019-03-15,2,0,169,0.0,0.0,0.0,0.0,0.0
2019-03-15,2,0,170,0.0,0.0,0.0,0.0,0.0
2019-03-15,2,0,172,0.0,0.0,0.0,0.0,0.0
2019-03-15,2,0,173,0.0,0.0,0.0,0.0,0.0
2019-03-15,2,0,188,0.0,0.0,0.0,0.0,0.0
2019-03-15,2,0,190,0.0,0.0,0.0,0.0,0.0
2019-03-15,2,0,191,0.0,0.0,0.0,0.0,0.0
2019-03-15,2,0,192,131.38,131.38,0.0,6901.487206,0.0
2019-03-15,2,0,194,131.57,131.57,0.0,70.405511,0.0
2019-03-15,2,0,196,0.0,0.0,0.0,0.0,0.0
2019-03-15,2,0,198,0.0,0.0,0.0,0.0,0.0
2019-03-15,2,0,199,11.66,11.66,0.0,236.290908,0.0
2019-03-15,2,0,200,0.0,0.0,0.0,0.0,0.0
2019-03-15,2,0,204,315.66,315.66,0.0,511.282793,0.0
2019-03-15,2,0,205,386.32,386.32,0.0,805.433985,0.0
2019-03-15,2,0,206,132.0,132.0,0.0,-1105.968441,0.0
2019-03-15,2,0,210,0.0,0.0,0.0,0.0,0.0
2019-03-15,2,0,214,0.0,0.0,0.0,0.0,0.0
2019-03-15,2,0,217,0.0,0.0,0.0,0.0,0.0
2019-03-15,2,0,218,0.0,0.0,0.0,0.0,0.0
2019-03-15,2,0,219,0.0,0.0,0.0,0.0,0.0
2019-03-15,2,0,221,0.0,0.0,0.0,0.0,0.0
2019-03-15,2,0,225,0.0,0.0,0.0,0.0,0.0
2019-03-15,2,0,233,0.0,0.0,0.0,0.0,0.0
2019-03-15,2,0,236,143.08,143.08,0.0,1242.312032,0.0
2019-03-15,2,0,237,131.09,131.09,0.0,865.198576,0.0
2019-03-15,2,0,238,0.0,0.0,0.0,0.0,0.0
2019-03-15,2,0,240,0.0,0.0,0.0,0.0,0.0
2019-03-15,2,0,245,78.01,78.01,0.0,775.370827,0.0
2019-03-15,2,0,247,171.72,171.72,0.0,1706.789878,0.0
2019-03-15,2,0,248,13.16,13.16,0.0,86.856459,0.0
2019-03-15,2,0,249,150.01,150.01,0.0,1491.005996,0.0
2019-03-15,2,0,251,326.4,326.4,0.0,2130.433646,0.0
2019-03-15,2,0,252,267.06,267.06,0.0,1355.969367,0.0
2019-03-15,2,0,254,0.0,0.0,0.0,0.0,0.0
2019-03-15,2,0,255,0.0,0.0,0.0,0.0,0.0
2019-03-15,2,0,258,0.0,0.0,0.0,0.0,0.0
2019-03-15,2,0,260,0.0,0.0,0.0,0.0,0.0
2019-03-15,2,0,265,0.0,0.0,0.0,0.0,0.0
2019-03-15,2,0,266,82.78,82.78,0.0,-164.215396,0.0
2019-03-15,2,0,267,101.72,101.72,0.0,-201.787752,0.0
2019-03-15,2,0,270,268.84,268.84,0.0,-34211.974506,0.0
2019-03-15,2,0,272,209.39,209.39,0.0,-3675.142556,0.0
2019-03-15,2,0,273,0.0,0.0,0.0,-0.0,0.0
2019-03-15,2,0,274,346.57,346.57,0.0,-44103.719702,0.0
2019-03-15,2,0,275,482.43,482.43,0.0,-61392.95812,0.0
2019-03-15,2,0,276,0.0,0.0,0.0,-0.0,0.0
2019-03-15,2,0,277,0.0,0.0,0.0,-0.0,0.0
2019-03-15,2,0,278,0.0,0.0,0.0,-0.0,0.0
2019-03-15,2,0,279,140.24,140.24,0.0,-2570.866263,0.0
2019-03-15,2,0,281,8.94,8.94,0.0,-73.800085,0.0
2019-03-15,2,0,282,0.0,0.0,0.0,-0.0,0.0
2019-03-15,3,0,9,0.0,0.0,0.0,0.0,0.0
2019-03-15,3,0,17,0.0,0.0,0.0,0.0,0.0
2019-03-15,3,0,19,643.3,643.3,0.0,284.353341,0.0
2019-03-15,3,0,20,780.2,780.2,0.0,344.866278,0.0
2019-03-15,3,0,21,0.0,0.0,0.0,0.0,0.0
2019-03-15,3,0,22,0.0,0.0,0.0,0.0,0.0
2019-03-15,3,0,23,64.54,64.54,0.0,776.283162,0.0
2019-03-15,3,0,24,114.19,114.19,0.0,1373.470317,0.0
2019-03-15,3,0,29,0.0,0.0,0.0,0.0,0.0
2019-03-15,3,0,30,0.0,0.0,0.0,0.0,0.0
2019-03-15,3,0,31,19.26,19.26,0.0,232.347211,0.0
2019-03-15,3,0,32,0.0,0.0,0.0,0.0,0.0
2019-03-15,3,0,33,0.0,0.0,0.0,0.0,0.0
2019-03-15,3,0,34,0.0,0.0,0.0,0.0,0.0
2019-03-15,3,0,35,0.0,0.0,0.0,0.0,0.0
2019-03-15,3,0,36,0.0,0.0,0.0,0.0,0.0
2019-03-15,3,0,37,0.0,0.0,0.0,0.0,0.0
2019-03-15,3,0,38,0.0,0.0,0.0,0.0,0.0
2019-03-15,3,0,39,0.0,0.0,0.0,0.0,0.0
2019-03-15,3,0,40,0.0,0.0,0.0,0.0,0.0
2019-03-15,3,0,41,111.43,111.43,0.0,1132.462181,0.0
2019-03-15,3,0,42,0.0,0.0,0.0,0.0,0.0
2019-03-15,3,0,43,0.0,0.0,0.0,0.0,0.0
2019-03-15,3,0,46,0.0,0.0,0.0,0.0,0.0
2019-03-15,3,0,52,20.42,20.42,0.0,246.341124,0.0
2019-03-15,3,0,53,32.44,32.44,0.0,391.347015,0.0
2019-03-15,3,0,55,308.11,308.11,0.0,3705.928185,0.0
2019-03-15,3,0,56,0.0,0.0,0.0,0.0,0.0
2019-03-15,3,0,57,0.0,0.0,0.0,0.0,0.0
2019-03-15,3,0,58,0.0,0.0,0.0,0.0,0.0
2019-03-15,3,0,59,0.0,0.0,0.0,0.0,0.0
2019-03-15,3,0,63,115.13,115.13,0.0,3733.384651,0.0
2019-03-15,3,0,64,135.45,135.45,0.0,4392.312612,0.0
2019-03-15,3,0,65,41.4,41.4,0.0,141.803555,0.0
2019-03-15,3,0,67,0.0,0.0,0.0,-0.0,0.0
2019-03-15,3,0,68,5.61,5.61,0.0,-528.509695,0.0
2019-03-15,3,0,69,0.0,0.0,0.0,0.0,0.0
2019-03-15,3,0,74,54.3,54.3,0.0,410.063246,0.0
2019-03-15,3,0,77,159.25,159.25,0.0,-10530.246646,0.0
2019-03-15,3,0,78,120.4,120.4,0.0,-7961.329332,0.0
2019-03-15,3,0,79,69.67,69.67,0.0,-4606.858925,0.0
2019-03-15,3,0,80,112.67,112.67,0.0,-7450.190829,0.0
2019-03-15,3,0,81,147.31,147.31,0.0,-9740.726112,0.0
2019-03-15,3,0,82,103.91,103.91,0.0,-6870.944609,0.0
2019-03-15,3,0,83,231.71,231.71,0.0,-15321.591525,0.0
2019-03-15,3,0,84,0.0,0.0,0.0,0.0,0.0
2019-03-15,3,0,86,0.0,0.0,0.0,0.0,0.0
2019-03-15,3,0,87,0.0,0.0,0.0,0.0,0.0
2019-03-15,3,0,88,170.6,170.6,0.0,-11280.754021,0.0
2019-03-15,3,0,89,164.0,164.0,0.0,-10844.335635,0.0
2019-03-15,3,0,90,220.2,220.2,0.0,-14560.50431,0.0
2019-03-15,3,0,91,785.5,785.5,0.0,-51940.400254,0.0
2019-03-15,3,0,92,282.5,282.5,0.0,-18680.029372,0.0
2019-03-15,3,0,95,31.02,31.02,0.0,487.035297,0.0
2019-03-15,3,0,96,8.07,8.07,0.0,97.655967,0.0
2019-03-15,3,0,97,49.65,49.65,0.0,600.820167,0.0
2019-03-15,3,0,99,10.48,10.48,0.0,79.142962,0.0
2019-03-15,3,0,101,0.0,0.0,0.0,0.0,0.0
2019-03-15,3,0,102,13.29,13.29,0.0,-1252.03099,0.0
2019-03-15,3,0,103,11.55,11.55,0.0,-1088.108197,0.0
2019-03-15,3,0,104,2.15,2.15,0.0,-202.548279,0.0
2019-03-15,3,0,106,0.0,0.0,0.0,0.0,0.0
2019-03-15,3,0,109,80.15,80.15,0.0,716.127315,0.0
2019-03-15,3,0,110,294.12,294.12,0.0,-68344.510222,0.0
2019-03-15,3,0,111,0.0,0.0,0.0,0.0,0.0
2019-03-15,3,0,113,62.4,62.4,0.0,-3646.75951,0.0
2019-03-15,3,0,115,62.4,62.4,0.0,-3646.75951,0.0
2019-03-15,3,0,116,0.0,0.0,0.0,-0.0,0.0
2019-03-15,3,0,117,3.2,3.2,0.0,-187.013308,0.0
2019-03-15,3,0,119,135.45,135.45,0.0,4392.312612,0.0
2019-03-15,3,0,120,79.64,79.64,0.0,2582.530649,0.0
2019-03-15,3,0,123,0.0,0.0,0.0,0.0,0.0
2019-03-15,3,0,125,103.33,103.33,0.0,1242.846903,0.0
2019-03-15,3,0,126,0.0,0.0,0.0,0.0,0.0
2019-03-15,3,0,127,0.0,0.0,0.0,0.0,0.0
2019-03-15,3,0,128,148.0,148.0,0.0,1780.134924,0.0
2019-03-15,3,0,131,17.79,17.79,0.0,-1514.380461,0.0
2019-03-15,3,0,132,26.15,26.15,0.0,-2226.028614,0.0
2019-03-15,3,0,133,78.86,78.86,0.0,534.783505,0.0
2019-03-15,3,0,134,0.0,0.0,0.0,0.0,0.0
2019-03-15,3,0,135,105.53,105.53,0.0,715.644222,0.0
2019-03-15,3,0,136,45.9,45.9,0.0,164.734064,0.0
2019-03-15,3,0,139,143.89,143.89,0.0,1462.352896,0.0
2019-03-15,3,0,140,217.68,217.68,0.0,-50582.187492,0.0
2019-03-15,3,0,141,137.24,137.24,0.0,-17596.75919,0.0
2019-03-15,3,0,142,0.0,0.0,0.0,-0.0,0.0
2019-03-15,3,0,143,31.06,31.06,0.0,374.699084,0.0
2019-03-15,3,0,145,8.84,8.84,0.0,96.376145,0.0
2019-03-15,3,0,146,121.97,121.97,0.0,-28342.104963,0.0
2019-03-15,3,0,152,0.0,0.0,0.0,0.0,0.0
2019-03-15,3,0,153,0.0,0.0,0.0,0.0,0.0
2019-03-15,3,0,154,0.0,0.0,0.0,0.0,0.0
2019-03-15,3,0,157,50.93,50.93,0.0,-6530.187595,0.0
2019-03-15,3,0,158,0.0,0.0,0.0,-0.0,0.0
2019-03-15,3,0,159,0.0,0.0,0.0,0.0,0.0
2019-03-15,3,0,160,0.0,0.0,0.0,0.0,0.0
2019-03-15,3,0,161,0.0,0.0,0.0,-0.0,0.0
2019-03-15,3,0,162,22.63,22.63,0.0,359.404861,0.0
2019-03-15,3,0,163,101.56,101.56,0.0,-23599.443962,0.0
2019-03-15,3,0,164,0.0,0.0,0.0,0.0,0.0
2019-03-15,3,0,167,0.0,0.0,0.0,0.0,0.0
2019-03-15,3,0,168,0.0,0.0,0.0,0.0,0.0
2019-03-15,3,0,169,0.0,0.0,0.0,0.0,0.0
2019-03-15,3,0,170,0.0,0.0,0.0,0.0,0.0
2019-03-15,3,0,172,0.0,0.0,0.0,0.0,0.0
2019-03-15,3,0,173,0.0,0.0,0.0,0.0,0.0
2019-03-15,3,0,188,0.0,0.0,0.0,0.0,0.0
2019-03-15,3,0,190,0.0,0.0,0.0,0.0,0.0
2019-03-15,3,0,191,0.0,0.0,0.0,0.0,0.0
2019-03-15,3,0,192,115.33,115.33,0.0,3739.870162,0.0
2019-03-15,3,0,194,176.5,176.5,0.0,-4581.597333,0.0
2019-03-15,3,0,196,0.0,0.0,0.0,0.0,0.0
2019-03-15,3,0,198,0.0,0.0,0.0,0.0,0.0
2019-03-15,3,0,199,12.42,12.42,0.0,-81.934632,0.0
2019-03-15,3,0,200,0.0,0.0,0.0,-0.0,0.0
2019-03-15,3,0,204,312.29,312.29,0.0,2834.470131,0.0
2019-03-15,3,0,205,424.0,424.0,0.0,3788.37157,0.0
2019-03-15,3,0,206,145.9,145.9,0.0,1765.552112,0.0
2019-03-15,3,0,210,0.0,0.0,0.0,0.0,0.0
2019-03-15,3,0,214,0.0,0.0,0.0,0.0,0.0
2019-03-15,3,0,217,0.0,0.0,0.0,0.0,0.0
2019-03-15,3,0,218,0.0,0.0,0.0,0.0,0.0
2019-03-15,3,0,219,0.0,0.0,0.0,0.0,0.0
2019-03-15,3,0,221,0.0,0.0,0.0,0.0,0.0
2019-03-15,3,0,225,0.0,0.0,0.0,0.0,0.0
2019-03-15,3,0,233,0.0,0.0,0.0,0.0,0.0
2019-03-15,3,0,236,138.63,138.63,0.0,959.821876,0.0
2019-03-15,3,0,237,130.27,130.27,0.0,983.7742,0.0
2019-03-15,3,0,238,0.0,0.0,0.0,0.0,0.0
2019-03-15,3,0,240,0.0,0.0,0.0,0.0,0.0
2019-03-15,3,0,245,78.0,78.0,0.0,440.384726,0.0
2019-03-15,3,0,247,171.72,171.72,0.0,969.523911,0.0
2019-03-15,3,0,248,13.08,13.08,0.0,98.777666,0.0
2019-03-15,3,0,249,150.0,150.0,0.0,846.893703,0.0
2019-03-15,3,0,251,326.4,326.4,0.0,1448.008982,0.0
2019-03-15,3,0,252,267.06,267.06,0.0,914.735689,0.0
2019-03-15,3,0,254,0.0,0.0,0.0,0.0,0.0
2019-03-15,3,0,255,0.0,0.0,0.0,0.0,0.0
2019-03-15,3,0,258,0.0,0.0,0.0,0.0,0.0
2019-03-15,3,0,260,0.0,0.0,0.0,0.0,0.0
2019-03-15,3,0,265,0.0,0.0,0.0,0.0,0.0
2019-03-15,3,0,266,93.18,93.18,0.0,946.98758,0.0
2019-03-15,3,0,267,114.5,114.5,0.0,1163.662566,0.0
2019-03-15,3,0,270,317.17,317.17,0.0,-73700.626639,0.0
2019-03-15,3,0,272,254.88,254.88,0.0,-14895.609997,0.0
2019-03-15,3,0,273,0.0,0.0,0.0,-0.0,0.0
2019-03-15,3,0,274,408.87,408.87,0.0,-95008.90757,0.0
2019-03-15,3,0,275,569.15,569.15,0.0,-132253.087151,0.0
2019-03-15,3,0,276,0.0,0.0,0.0,-0.0,0.0
2019-03-15,3,0,277,0.0,0.0,0.0,-0.0,0.0
2019-03-15,3,0,278,0.0,0.0,0.0,-0.0,0.0
2019-03-15,3,0,279,231.36,231.36,0.0,-14233.644889,0.0
2019-03-15,3,0,281,8.65,8.65,0.0,104.351162,0.0
2019-03-15,3,0,282,0.0,0.0,0.0,0.0,0.0
2019-03-15,4,0,9,0.0,0.0,0.0,0.0,0.0
2019-03-15,4,0,17,0.0,0.0,0.0,0.0,0.0
2019-03-15,4,0,19,643.3,643.3,0.0,344.205297,0.0
2019-03-15,4,0,20,780.2,780.2,0.0,417.455266,0.0
2019-03-15,4,0,21,0.0,0.0,0.0,0.0,0.0
2019-03-15,4,0,22,0.0,0.0,0.0,0.0,0.0
2019-03-15,4,0,23,73.02,73.02,0.0,979.180761,0.0
2019-03-15,4,0,24,120.67,120.67,0.0,1618.155881,0.0
2019-03-15,4,0,29,0.0,0.0,0.0,0.0,0.0
2019-03-15,4,0,30,0.0,0.0,0.0,0.0,0.0
2019-03-15,4,0,31,18.67,18.67,0.0,251.22226,0.0
2019-03-15,4,0,32,0.0,0.0,0.0,0.0,0.0
2019-03-15,4,0,33,0.0,0.0,0.0,0.0,0.0
2019-03-15,4,0,34,0.0,0.0,0.0,0.0,0.0
2019-03-15,4,0,35,0.0,0.0,0.0,0.0,0.0
2019-03-15,4,0,36,0.0,0.0,0.0,0.0,0.0
2019-03-15,4,0,37,0.0,0.0,0.0,0.0,0.0
2019-03-15,4,0,38,0.0,0.0,0.0,0.0,0.0
2019-03-15,4,0,39,0.0,0.0,0.0,0.0,0.0
2019-03-15,4,0,40,0.0,0.0,0.0,0.0,0.0
2019-03-15,4,0,41,116.0,116.0,0.0,1276.418714,0.0
2019-03-15,4,0,42,0.0,0.0,0.0,0.0,0.0
2019-03-15,4,0,43,0.0,0.0,0.0,0.0,0.0
2019-03-15,4,0,46,0.0,0.0,0.0,0.0,0.0
2019-03-15,4,0,52,19.79,19.79,0.0,266.292904,0.0
2019-03-15,4,0,53,31.44,31.44,0.0,423.054518,0.0
2019-03-15,4,0,55,306.9,306.9,0.0,4115.455704,0.0
2019-03-15,4,0,56,0.0,0.0,0.0,0.0,0.0
2019-03-15,4,0,57,0.0,0.0,0.0,0.0,0.0
2019-03-15,4,0,58,0.0,0.0,0.0,0.0,0.0
2019-03-15,4,0,59,0.0,0.0,0.0,0.0,0.0
2019-03-15,4,0,63,133.32,133.32,0.0,12949.184775,0.0
2019-03-15,4,0,64,156.85,156.85,0.0,15234.620702,0.0
2019-03-15,4,0,65,41.4,41.4,0.0,138.962381,0.0
2019-03-15,4,0,67,0.0,0.0,0.0,-0.0,0.0
2019-03-15,4,0,68,7.82,7.82,0.0,-3306.750199,0.0
2019-03-15,4,0,69,0.0,0.0,0.0,0.0,0.0
2019-03-15,4,0,74,54.19,54.19,0.0,413.839919,0.0
2019-03-15,4,0,77,200.0,200.0,0.0,-60974.780093,0.0
2019-03-15,4,0,78,151.2,151.2,0.0,-46096.93375,0.0
2019-03-15,4,0,79,87.5,87.5,0.0,-26676.46629,0.0
2019-03-15,4,0,80,141.5,141.5,0.0,-43139.656915,0.0
2019-03-15,4,0,81,185.0,185.0,0.0,-56401.671586,0.0
2019-03-15,4,0,82,130.5,130.5,0.0,-39786.04401,0.0
2019-03-15,4,0,83,291.0,291.0,0.0,-88718.305035,0.0
2019-03-15,4,0,84,0.0,0.0,0.0,0.0,0.0
2019-03-15,4,0,86,0.0,0.0,0.0,0.0,0.0
2019-03-15,4,0,87,0.0,0.0,0.0,0.0,0.0
2019-03-15,4,0,88,170.6,170.6,0.0,-52011.487419,0.0
2019-03-15,4,0,89,164.0,164.0,0.0,-49999.319676,0.0
2019-03-15,4,0,90,220.2,220.2,0.0,-67133.232882,0.0
2019-03-15,4,0,91,785.5,785.5,0.0,-239478.448813,0.0
2019-03-15,4,0,92,282.5,282.5,0.0,-86126.876881,0.0
2019-03-15,4,0,95,84.17,84.17,0.0,2139.070577,0.0
2019-03-15,4,0,96,8.91,8.91,0.0,120.322298,0.0
2019-03-15,4,0,97,54.78,54.78,0.0,739.759315,0.0
2019-03-15,4,0,99,10.46,10.46,0.0,79.881261,0.0
2019-03-15,4,0,101,0.0,0.0,0.0,0.0,0.0
2019-03-15,4,0,102,18.51,18.51,0.0,-7827.103092,0.0
2019-03-15,4,0,103,16.09,16.09,0.0,-6803.786534,0.0
2019-03-15,4,0,104,2.99,2.99,0.0,-1264.345664,0.0
2019-03-15,4,0,106,0.0,0.0,0.0,0.0,0.0
2019-03-15,4,0,109,79.93,79.93,0.0,752.773357,0.0
2019-03-15,4,0,110,171.2,171.2,0.0,-171200.0,0.0
2019-03-15,4,0,111,0.0,0.0,0.0,0.0,0.0
2019-03-15,4,0,113,45.0,45.0,0.0,-12373.686617,0.0
2019-03-15,4,0,115,45.0,45.0,0.0,-12373.686617,0.0
2019-03-15,4,0,116,0.0,0.0,0.0,-0.0,0.0
2019-03-15,4,0,117,3.0,3.0,0.0,-824.912441,0.0
2019-03-15,4,0,119,156.85,156.85,0.0,15234.620702,0.0
2019-03-15,4,0,120,92.23,92.23,0.0,8958.170655,0.0
2019-03-15,4,0,123,0.0,0.0,0.0,0.0,0.0
2019-03-15,4,0,125,110.73,110.73,0.0,1484.862855,0.0
2019-03-15,4,0,126,0.0,0.0,0.0,0.0,0.0
2019-03-15,4,0,127,0.0,0.0,0.0,0.0,0.0
2019-03-15,4,0,128,150.38,150.38,0.0,2016.559885,0.0
2019-03-15,4,0,131,24.44,24.44,0.0,-9407.322801,0.0
2019-03-15,4,0,132,35.92,35.92,0.0,-13826.147095,0.0
2019-03-15,4,0,133,111.41,111.41,0.0,724.155945,0.0
2019-03-15,4,0,134,0.0,0.0,0.0,0.0,0.0
2019-03-15,4,0,135,153.69,153.69,0.0,998.972509,0.0
2019-03-15,4,0,136,45.9,45.9,0.0,161.176697,0.0
2019-03-15,4,0,139,149.8,149.8,0.0,1648.340718,0.0
2019-03-15,4,0,140,126.71,126.71,0.0,-126710.0,0.0
2019-03-15,4,0,141,195.07,195.07,0.0,-110200.924317,0.0
2019-03-15,4,0,142,0.0,0.0,0.0,-0.0,0.0
2019-03-15,4,0,143,30.67,30.67,0.0,412.69345,0.0
2019-03-15,4,0,145,9.1,9.1,0.0,108.809021,0.0
2019-03-15,4,0,146,78.75,78.75,0.0,-78750.0,0.0
2019-03-15,4,0,152,0.0,0.0,0.0,0.0,0.0
2019-03-15,4,0,153,0.0,0.0,0.0,0.0,0.0
2019-03-15,4,0,154,0.0,0.0,0.0,0.0,0.0
2019-03-15,4,0,157,44.25,44.25,0.0,-24998.159128,0.0
2019-03-15,4,0,158,0.0,0.0,0.0,-0.0,0.0
2019-03-15,4,0,159,0.0,0.0,0.0,0.0,0.0
2019-03-15,4,0,160,0.0,0.0,0.0,0.0,0.0
2019-03-15,4,0,161,0.0,0.0,0.0,-0.0,0.0
2019-03-15,4,0,162,24.97,24.97,0.0,654.556783,0.0
2019-03-15,4,0,163,121.16,121.16,0.0,-121160.0,0.0
2019-03-15,4,0,164,0.0,0.0,0.0,0.0,0.0
2019-03-15,4,0,167,0.0,0.0,0.0,0.0,0.0
2019-03-15,4,0,168,0.0,0.0,0.0,0.0,0.0
2019-03-15,4,0,169,0.0,0.0,0.0,0.0,0.0
2019-03-15,4,0,170,0.0,0.0,0.0,0.0,0.0
2019-03-15,4,0,172,0.0,0.0,0.0,0.0,0.0
2019-03-15,4,0,173,0.0,0.0,0.0,0.0,0.0
2019-03-15,4,0,188,0.0,0.0,0.0,0.0,0.0
2019-03-15,4,0,190,0.0,0.0,0.0,0.0,0.0
2019-03-15,4,0,191,0.0,0.0,0.0,0.0,0.0
2019-03-15,4,0,192,101.86,101.86,0.0,3303.070968,0.0
2019-03-15,4,0,194,176.5,176.5,0.0,-24942.704512,0.0
2019-03-15,4,0,196,0.0,0.0,0.0,0.0,0.0
2019-03-15,4,0,198,0.0,0.0,0.0,0.0,0.0
2019-03-15,4,0,199,13.27,13.27,0.0,-540.37154,0.0
2019-03-15,4,0,200,0.0,0.0,0.0,-0.0,0.0
2019-03-15,4,0,204,310.35,310.35,0.0,2979.49128,0.0
2019-03-15,4,0,205,422.83,422.83,0.0,3982.173887,0.0
2019-03-15,4,0,206,160.98,160.98,0.0,2173.903879,0.0
2019-03-15,4,0,210,0.0,0.0,0.0,0.0,0.0
2019-03-15,4,0,214,0.0,0.0,0.0,0.0,0.0
2019-03-15,4,0,217,0.0,0.0,0.0,0.0,0.0
2019-03-15,4,0,218,0.0,0.0,0.0,0.0,0.0
2019-03-15,4,0,219,0.0,0.0,0.0,0.0,0.0
2019-03-15,4,0,221,0.0,0.0,0.0,0.0,0.0
2019-03-15,4,0,225,0.0,0.0,0.0,0.0,0.0
2019-03-15,4,0,233,0.0,0.0,0.0,0.0,0.0
2019-03-15,4,0,236,134.69,134.69,0.0,919.347808,0.0
2019-03-15,4,0,237,129.98,129.98,0.0,992.635407,0.0
2019-03-15,4,0,238,0.0,0.0,0.0,0.0,0.0
2019-03-15,4,0,240,0.0,0.0,0.0,0.0,0.0
2019-03-15,4,0,245,78.0,78.0,0.0,419.737242,0.0
2019-03-15,4,0,247,171.72,171.72,0.0,924.067681,0.0
2019-03-15,4,0,248,13.05,13.05,0.0,99.660656,0.0
2019-03-15,4,0,249,150.0,150.0,0.0,807.187003,0.0
2019-03-15,4,0,251,326.4,326.4,0.0,1413.664831,0.0
2019-03-15,4,0,252,267.06,267.06,0.0,896.408056,0.0
2019-03-15,4,0,254,0.0,0.0,0.0,0.0,0.0
2019-03-15,4,0,255,0.0,0.0,0.0,0.0,0.0
2019-03-15,4,0,258,0.0,0.0,0.0,0.0,0.0
2019-03-15,4,0,260,0.0,0.0,0.0,0.0,0.0
2019-03-15,4,0,265,0.0,0.0,0.0,0.0,0.0
2019-03-15,4,0,266,97.0,97.0,0.0,1067.350131,0.0
2019-03-15,4,0,267,119.2,119.2,0.0,1311.630264,0.0
2019-03-15,4,0,270,378.39,378.39,0.0,-378390.0,0.0
2019-03-15,4,0,272,150.39,150.39,0.0,-41352.860674,0.0
2019-03-15,4,0,273,0.0,0.0,0.0,-0.0,0.0
2019-03-15,4,0,274,487.78,487.78,0.0,-487780.0,0.0
2019-03-15,4,0,275,679.0,679.0,0.0,-679000.0,0.0
2019-03-15,4,0,276,0.0,0.0,0.0,-0.0,0.0
2019-03-15,4,0,277,0.0,0.0,0.0,-0.0,0.0
2019-03-15,4,0,278,0.0,0.0,0.0,-0.0,0.0
2019-03-15,4,0,279,264.6,264.6,0.0,-75929.468818,0.0
2019-03-15,4,0,281,8.38,8.38,0.0,112.760714,0.0
2019-03-15,4,0,282,0.0,0.0,0.0,0.0,0.0
2019-03-15,5,0,9,0.0,0.0,0.0,0.0,0.0
2019-03-15,5,0,17,0.0,0.0,0.0,0.0,0.0
2019-03-15,5,0,19,643.3,643.3,0.0,310.954539,0.0
2019-03-15,5,0,20,780.2,780.2,0.0,377.12845,0.0
2019-03-15,5,0,21,0.0,0.0,0.0,0.0,0.0
2019-03-15,5,0,22,0.0,0.0,0.0,0.0,0.0
2019-03-15,5,0,23,92.97,92.97,0.0,380.438984,0.0
2019-03-15,5,0,24,164.49,164.49,0.0,673.103242,0.0
2019-03-15,5,0,29,0.0,0.0,0.0,0.0,0.0
2019-03-15,5,0,30,0.0,0.0,0.0,0.0,0.0
2019-03-15,5,0,31,19.34,19.34,0.0,78.60628,0.0
2019-03-15,5,0,32,0.0,0.0,0.0,0.0,0.0
2019-03-15,5,0,33,0.0,0.0,0.0,0.0,0.0
2019-03-15,5,0,34,0.0,0.0,0.0,0.0,0.0
2019-03-15,5,0,35,0.0,0.0,0.0,0.0,0.0
2019-03-15,5,0,36,0.0,0.0,0.0,0.0,0.0
2019-03-15,5,0,37,0.0,0.0,0.0,0.0,0.0
2019-03-15,5,0,38,0.0,0.0,0.0,0.0,0.0
2019-03-15,5,0,39,0.0,0.0,0.0,0.0,0.0
2019-03-15,5,0,40,0.0,0.0,0.0,0.0,0.0
2019-03-15,5,0,41,109.28,109.28,0.0,604.20997,0.0
2019-03-15,5,0,42,0.0,0.0,0.0,0.0,0.0
2019-03-15,5,0,43,0.0,0.0,0.0,0.0,0.0
2019-03-15,5,0,46,0.0,0.0,0.0,0.0,0.0
2019-03-15,5,0,52,20.5,20.5,0.0,83.321032,0.0
2019-03-15,5,0,53,32.57,32.57,0.0,132.378829,0.0
2019-03-15,5,0,55,290.31,290.31,0.0,1187.966455,0.0
2019-03-15,5,0,56,0.0,0.0,0.0,0.0,0.0
2019-03-15,5,0,57,0.0,0.0,0.0,0.0,0.0
2019-03-15,5,0,58,0.0,0.0,0.0,0.0,0.0
2019-03-15,5,0,59,0.0,0.0,0.0,0.0,0.0
2019-03-15,5,0,63,99.97,99.97,0.0,2979.939606,0.0
2019-03-15,5,0,64,117.61,117.61,0.0,3505.758698,0.0
2019-03-15,5,0,65,41.4,41.4,0.0,182.003641,0.0
2019-03-15,5,0,67,0.0,0.0,0.0,0.0,0.0
2019-03-15,5,0,68,6.47,6.47,0.0,30.500814,0.0
2019-03-15,5,0,69,0.0,0.0,0.0,0.0,0.0
2019-03-15,5,0,74,46.38,46.38,0.0,349.140977,0.0
2019-03-15,5,0,77,200.0,200.0,0.0,287.282391,0.0
2019-03-15,5,0,78,151.2,151.2,0.0,217.185488,0.0
2019-03-15,5,0,79,87.5,87.5,0.0,125.686046,0.0
2019-03-15,5,0,80,141.5,141.5,0.0,203.252292,0.0
2019-03-15,5,0,81,185.0,185.0,0.0,265.736212,0.0
2019-03-15,5,0,82,130.5,130.5,0.0,187.45176,0.0
2019-03-15,5,0,83,291.0,291.0,0.0,417.995879,0.0
2019-03-15,5,0,84,0.0,0.0,0.0,0.0,0.0
2019-03-15,5,0,86,0.0,0.0,0.0,0.0,0.0
2019-03-15,5,0,87,0.0,0.0,0.0,0.0,0.0
2019-03-15,5,0,88,170.6,170.6,0.0,245.051879,0.0
2019-03-15,5,0,89,164.0,164.0,0.0,235.571561,0.0
2019-03-15,5,0,90,220.2,220.2,0.0,316.297912,0.0
2019-03-15,5,0,91,785.5,785.5,0.0,1128.30159,0.0
2019-03-15,5,0,92,282.5,282.5,0.0,405.786377,0.0
2019-03-15,5,0,95,30.06,30.06,0.0,887.103725,0.0
2019-03-15,5,0,96,12.98,12.98,0.0,52.381746,0.0
2019-03-15,5,0,97,79.8,79.8,0.0,322.038779,0.0
2019-03-15,5,0,99,8.95,8.95,0.0,67.374121,0.0
2019-03-15,5,0,101,0.0,0.0,0.0,0.0,0.0
2019-03-15,5,0,102,15.32,15.32,0.0,72.221402,0.0
2019-03-15,5,0,103,13.32,13.32,0.0,62.79302,0.0
2019-03-15,5,0,104,2.47,2.47,0.0,11.644051,0.0
2019-03-15,5,0,106,0.0,0.0,0.0,0.0,0.0
2019-03-15,5,0,109,133.14,133.14,0.0,863.039871,0.0
2019-03-15,5,0,110,136.53,136.53,0.0,2945.957777,0.0
2019-03-15,5,0,111,0.0,0.0,0.0,0.0,0.0
2019-03-15,5,0,113,87.59,87.59,0.0,0.517658,0.0
2019-03-15,5,0,115,87.59,87.59,0.0,0.517658,0.0
2019-03-15,5,0,116,0.0,0.0,0.0,0.0,0.0
2019-03-15,5,0,117,4.22,4.22,0.0,0.02494,0.0
2019-03-15,5,0,119,117.61,117.61,0.0,3505.758698,0.0
2019-03-15,5,0,120,69.15,69.15,0.0,2061.246612,0.0
2019-03-15,5,0,123,0.0,0.0,0.0,0.0,0.0
2019-03-15,5,0,125,148.85,148.85,0.0,609.103396,0.0
2019-03-15,5,0,126,0.0,0.0,0.0,0.0,0.0
2019-03-15,5,0,127,0.0,0.0,0.0,0.0,0.0
2019-03-15,5,0,128,213.2,213.2,0.0,872.427571,0.0
2019-03-15,5,0,131,23.13,23.13,0.0,83.396465,0.0
2019-03-15,5,0,132,34.0,34.0,0.0,122.588837,0.0
2019-03-15,5,0,133,50.43,50.43,0.0,453.15336,0.0
2019-03-15,5,0,134,0.0,0.0,0.0,0.0,0.0
2019-03-15,5,0,135,71.85,71.85,0.0,645.628969,0.0
2019-03-15,5,0,136,45.9,45.9,0.0,211.646311,0.0
2019-03-15,5,0,139,141.13,141.13,0.0,780.308868,0.0
2019-03-15,5,0,140,101.04,101.04,0.0,2180.177059,0.0
2019-03-15,5,0,141,166.67,166.67,0.0,1477.581574,0.0
2019-03-15,5,0,142,0.0,0.0,0.0,0.0,0.0
2019-03-15,5,0,143,59.96,59.96,0.0,243.703856,0.0
2019-03-15,5,0,145,12.66,12.66,0.0,62.816531,0.0
2019-03-15,5,0,146,57.26,57.26,0.0,1235.519976,0.0
2019-03-15,5,0,152,0.0,0.0,0.0,0.0,0.0
2019-03-15,5,0,153,0.0,0.0,0.0,0.0,0.0
2019-03-15,5,0,154,0.0,0.0,0.0,0.0,0.0
2019-03-15,5,0,157,34.35,34.35,0.0,304.523472,0.0
2019-03-15,5,0,158,0.0,0.0,0.0,0.0,0.0
2019-03-15,5,0,159,0.0,0.0,0.0,0.0,0.0
2019-03-15,5,0,160,0.0,0.0,0.0,0.0,0.0
2019-03-15,5,0,161,0.0,0.0,0.0,0.0,0.0
2019-03-15,5,0,162,20.25,20.25,0.0,597.893467,0.0
2019-03-15,5,0,163,91.59,91.59,0.0,1976.27095,0.0
2019-03-15,5,0,164,0.0,0.0,0.0,0.0,0.0
2019-03-15,5,0,167,0.0,0.0,0.0,0.0,0.0
2019-03-15,5,0,168,0.0,0.0,0.0,0.0,0.0
2019-03-15,5,0,169,0.0,0.0,0.0,0.0,0.0
2019-03-15,5,0,170,0.0,0.0,0.0,0.0,0.0
2019-03-15,5,0,172,0.0,0.0,0.0,0.0,0.0
2019-03-15,5,0,173,0.0,0.0,0.0,0.0,0.0
2019-03-15,5,0,188,0.0,0.0,0.0,0.0,0.0
2019-03-15,5,0,190,0.0,0.0,0.0,0.0,0.0
2019-03-15,5,0,191,0.0,0.0,0.0,0.0,0.0
2019-03-15,5,0,192,90.93,90.93,0.0,2710.472225,0.0
2019-03-15,5,0,194,176.5,176.5,0.0,-779.897634,0.0
2019-03-15,5,0,196,0.0,0.0,0.0,0.0,0.0
2019-03-15,5,0,198,0.0,0.0,0.0,0.0,0.0
2019-03-15,5,0,199,19.41,19.41,0.0,150.515656,0.0
2019-03-15,5,0,200,0.0,0.0,0.0,0.0,0.0
2019-03-15,5,0,204,544.85,544.85,0.0,3472.829571,0.0
2019-03-15,5,0,205,704.33,704.33,0.0,4565.606675,0.0
2019-03-15,5,0,206,234.47,234.47,0.0,946.220959,0.0
2019-03-15,5,0,210,0.0,0.0,0.0,0.0,0.0
2019-03-15,5,0,214,0.0,0.0,0.0,0.0,0.0
2019-03-15,5,0,217,0.0,0.0,0.0,0.0,0.0
2019-03-15,5,0,218,0.0,0.0,0.0,0.0,0.0
2019-03-15,5,0,219,0.0,0.0,0.0,0.0,0.0
2019-03-15,5,0,221,0.0,0.0,0.0,0.0,0.0
2019-03-15,5,0,225,0.0,0.0,0.0,0.0,0.0
2019-03-15,5,0,233,0.0,0.0,0.0,0.0,0.0
2019-03-15,5,0,236,137.16,137.16,0.0,1099.477649,0.0
2019-03-15,5,0,237,111.26,111.26,0.0,837.546898,0.0
2019-03-15,5,0,238,0.0,0.0,0.0,0.0,0.0
2019-03-15,5,0,240,0.0,0.0,0.0,0.0,0.0
2019-03-15,5,0,245,78.0,78.0,0.0,605.820253,0.0
2019-03-15,5,0,247,171.72,171.72,0.0,1333.736588,0.0
2019-03-15,5,0,248,11.17,11.17,0.0,84.085915,0.0
2019-03-15,5,0,249,150.0,150.0,0.0,1165.038948,0.0
2019-03-15,5,0,251,326.4,326.4,0.0,1831.879501,0.0
2019-03-15,5,0,252,267.06,267.06,0.0,1174.055369,0.0
2019-03-15,5,0,254,0.0,0.0,0.0,0.0,0.0
2019-03-15,5,0,255,0.0,0.0,0.0,0.0,0.0
2019-03-15,5,0,258,0.0,0.0,0.0,0.0,0.0
2019-03-15,5,0,260,0.0,0.0,0.0,0.0,0.0
2019-03-15,5,0,265,0.0,0.0,0.0,0.0,0.0
2019-03-15,5,0,266,91.38,91.38,0.0,505.240731,0.0
2019-03-15,5,0,267,112.3,112.3,0.0,620.907574,0.0
2019-03-15,5,0,270,286.04,286.04,0.0,6171.989765,0.0
2019-03-15,5,0,272,301.11,301.11,0.0,1.779563,0.0
2019-03-15,5,0,273,0.0,0.0,0.0,0.0,0.0
2019-03-15,5,0,274,368.74,368.74,0.0,7956.437932,0.0
2019-03-15,5,0,275,513.29,513.29,0.0,11075.446185,0.0
2019-03-15,5,0,276,0.0,0.0,0.0,0.0,0.0
2019-03-15,5,0,277,0.0,0.0,0.0,0.0,0.0
2019-03-15,5,0,278,0.0,0.0,0.0,0.0,0.0
2019-03-15,5,0,279,246.37,246.37,0.0,142.752032,0.0
2019-03-15,5,0,281,8.68,8.68,0.0,35.279344,0.0
2019-03-15,5,0,282,0.0,0.0,0.0,0.0,0.0
2019-03-15,6,0,9,0.0,0.0,0.0,0.0,0.0
2019-03-15,6,0,17,0.0,0.0,0.0,0.0,0.0
2019-03-15,6,0,19,643.3,643.3,0.0,3004.184462,0.0
2019-03-15,6,0,20,780.2,780.2,0.0,3643.501815,0.0
2019-03-15,6,0,21,0.0,0.0,0.0,0.0,0.0
2019-03-15,6,0,22,0.0,0.0,0.0,0.0,0.0
2019-03-15,6,0,23,106.19,106.19,0.0,880.491092,0.0
2019-03-15,6,0,24,187.89,187.89,0.0,1557.919496,0.0
2019-03-15,6,0,29,0.0,0.0,0.0,0.0,0.0
2019-03-15,6,0,30,0.0,0.0,0.0,0.0,0.0
2019-03-15,6,0,31,20.11,20.11,0.0,166.115788,0.0
2019-03-15,6,0,32,0.0,0.0,0.0,0.0,0.0
2019-03-15,6,0,33,0.0,0.0,0.0,0.0,0.0
2019-03-15,6,0,34,0.0,0.0,0.0,0.0,0.0
2019-03-15,6,0,35,0.0,0.0,0.0,0.0,0.0
2019-03-15,6,0,36,0.0,0.0,0.0,0.0,0.0
2019-03-15,6,0,37,0.0,0.0,0.0,0.0,0.0
2019-03-15,6,0,38,0.0,0.0,0.0,0.0,0.0
2019-03-15,6,0,39,0.0,0.0,0.0,0.0,0.0
2019-03-15,6,0,40,0.0,0.0,0.0,0.0,0.0
2019-03-15,6,0,41,97.46,97.46,0.0,966.811446,0.0
2019-03-15,6,0,42,0.0,0.0,0.0,0.0,0.0
2019-03-15,6,0,43,0.0,0.0,0.0,0.0,0.0
2019-03-15,6,0,46,0.0,0.0,0.0,0.0,0.0
2019-03-15,6,0,52,21.31,21.31,0.0,176.028216,0.0
2019-03-15,6,0,53,33.84,33.84,0.0,279.530495,0.0
2019-03-15,6,0,55,148.38,148.38,0.0,1230.316115,0.0
2019-03-15,6,0,56,0.0,0.0,0.0,0.0,0.0
2019-03-15,6,0,57,0.0,0.0,0.0,0.0,0.0
2019-03-15,6,0,58,0.0,0.0,0.0,0.0,0.0
2019-03-15,6,0,59,0.0,0.0,0.0,0.0,0.0
2019-03-15,6,0,63,72.71,72.71,0.0,2721.357678,0.0
2019-03-15,6,0,64,85.54,85.54,0.0,3201.553236,0.0
2019-03-15,6,0,65,41.4,41.4,0.0,367.316943,0.0
2019-03-15,6,0,67,0.0,0.0,0.0,0.0,0.0
2019-03-15,6,0,68,5.32,5.32,0.0,47.858791,0.0
2019-03-15,6,0,69,0.0,0.0,0.0,0.0,0.0
2019-03-15,6,0,74,40.42,40.42,0.0,492.548238,0.0
2019-03-15,6,0,77,195.7,195.7,0.0,1033.753927,0.0
2019-03-15,6,0,78,147.95,147.95,0.0,781.522195,0.0
2019-03-15,6,0,79,85.62,85.62,0.0,452.273946,0.0
2019-03-15,6,0,80,138.46,138.46,0.0,731.392789,0.0
2019-03-15,6,0,81,181.02,181.02,0.0,956.209177,0.0
2019-03-15,6,0,82,127.69,127.69,0.0,674.501987,0.0
2019-03-15,6,0,83,284.74,284.74,0.0,1504.093476,0.0
2019-03-15,6,0,84,0.0,0.0,0.0,0.0,0.0
2019-03-15,6,0,86,0.0,0.0,0.0,0.0,0.0
2019-03-15,6,0,87,0.0,0.0,0.0,0.0,0.0
2019-03-15,6,0,88,170.6,170.6,0.0,901.167194,0.0
2019-03-15,6,0,89,164.0,164.0,0.0,866.303751,0.0
2019-03-15,6,0,90,220.2,220.2,0.0,1163.171256,0.0
2019-03-15,6,0,91,785.5,785.5,0.0,4149.278026,0.0
2019-03-15,6,0,92,282.5,282.5,0.0,1492.261034,0.0
2019-03-15,6,0,95,21.93,21.93,0.0,813.400405,0.0
2019-03-15,6,0,96,18.08,18.08,0.0,148.755838,0.0
2019-03-15,6,0,97,111.2,111.2,0.0,914.914226,0.0
2019-03-15,6,0,99,7.8,7.8,0.0,95.048893,0.0
2019-03-15,6,0,101,0.0,0.0,0.0,0.0,0.0
2019-03-15,6,0,102,12.6,12.6,0.0,113.349768,0.0
2019-03-15,6,0,103,10.96,10.96,0.0,98.596306,0.0
2019-03-15,6,0,104,2.03,2.03,0.0,18.261907,0.0
2019-03-15,6,0,106,0.0,0.0,0.0,0.0,0.0
2019-03-15,6,0,109,200.0,200.0,0.0,2200.007155,0.0
2019-03-15,6,0,110,108.65,108.65,0.0,3053.271407,0.0
2019-03-15,6,0,111,0.0,0.0,0.0,0.0,0.0
2019-03-15,6,0,113,76.87,76.87,0.0,281.458211,0.0
2019-03-15,6,0,115,76.87,76.87,0.0,281.458211,0.0
2019-03-15,6,0,116,0.0,0.0,0.0,0.0,0.0
2019-03-15,6,0,117,3.05,3.05,0.0,11.167524,0.0
2019-03-15,6,0,119,85.54,85.54,0.0,3201.553236,0.0
2019-03-15,6,0,120,50.3,50.3,0.0,1882.606123,0.0
2019-03-15,6,0,123,0.0,0.0,0.0,0.0,0.0
2019-03-15,6,0,125,170.03,170.03,0.0,1409.830496,0.0
2019-03-15,6,0,126,0.0,0.0,0.0,0.0,0.0
2019-03-15,6,0,127,0.0,0.0,0.0,0.0,0.0
2019-03-15,6,0,128,243.53,243.53,0.0,2019.26731,0.0
2019-03-15,6,0,131,21.89,21.89,0.0,169.427155,0.0
2019-03-15,6,0,132,32.18,32.18,0.0,249.071075,0.0
2019-03-15,6,0,133,41.94,41.94,0.0,579.012314,0.0
2019-03-15,6,0,134,0.0,0.0,0.0,0.0,0.0
2019-03-15,6,0,135,56.2,56.2,0.0,775.882023,0.0
2019-03-15,6,0,136,45.9,45.9,0.0,417.832057,0.0
2019-03-15,6,0,139,125.86,125.86,0.0,1248.541849,0.0
2019-03-15,6,0,140,80.41,80.41,0.0,2259.673759,0.0
2019-03-15,6,0,141,142.78,142.78,0.0,1955.973414,0.0
2019-03-15,6,0,142,0.0,0.0,0.0,0.0,0.0
2019-03-15,6,0,143,110.31,110.31,0.0,911.200026,0.0
2019-03-15,6,0,145,17.08,17.08,0.0,158.454839,0.0
2019-03-15,6,0,146,40.39,40.39,0.0,1135.035731,0.0
2019-03-15,6,0,152,0.0,0.0,0.0,0.0,0.0
2019-03-15,6,0,153,0.0,0.0,0.0,0.0,0.0
2019-03-15,6,0,154,0.0,0.0,0.0,0.0,0.0
2019-03-15,6,0,157,26.45,26.45,0.0,362.344143,0.0
2019-03-15,6,0,158,0.0,0.0,0.0,0.0,0.0
2019-03-15,6,0,159,0.0,0.0,0.0,0.0,0.0
2019-03-15,6,0,160,0.0,0.0,0.0,0.0,0.0
2019-03-15,6,0,161,0.0,0.0,0.0,0.0,0.0
2019-03-15,6,0,162,16.09,16.09,0.0,597.054723,0.0
2019-03-15,6,0,163,67.39,67.39,0.0,1893.787024,0.0
2019-03-15,6,0,164,0.0,0.0,0.0,0.0,0.0
2019-03-15,6,0,167,0.0,0.0,0.0,0.0,0.0
2019-03-15,6,0,168,0.0,0.0,0.0,0.0,0.0
2019-03-15,6,0,169,0.0,0.0,0.0,0.0,0.0
2019-03-15,6,0,170,0.0,0.0,0.0,0.0,0.0
2019-03-15,6,0,172,0.0,0.0,0.0,0.0,0.0
2019-03-15,6,0,173,0.0,0.0,0.0,0.0,0.0
2019-03-15,6,0,188,0.0,0.0,0.0,0.0,0.0
2019-03-15,6,0,190,0.0,0.0,0.0,0.0,0.0
2019-03-15,6,0,191,0.0,0.0,0.0,0.0,0.0
2019-03-15,6,0,192,85.36,85.36,0.0,3194.816276,0.0
2019-03-15,6,0,194,176.5,176.5,0.0,-238.567292,0.0
2019-03-15,6,0,196,0.0,0.0,0.0,0.0,0.0
2019-03-15,6,0,198,0.0,0.0,0.0,0.0,0.0
2019-03-15,6,0,199,27.3,27.3,0.0,339.617449,0.0
2019-03-15,6,0,200,0.0,0.0,0.0,0.0,0.0
2019-03-15,6,0,204,857.0,857.0,0.0,9321.844027,0.0
2019-03-15,6,0,205,1058.0,1058.0,0.0,11638.03785,0.0
2019-03-15,6,0,206,326.75,326.75,0.0,2688.383302,0.0
2019-03-15,6,0,210,0.0,0.0,0.0,0.0,0.0
2019-03-15,6,0,214,0.0,0.0,0.0,0.0,0.0
2019-03-15,6,0,217,0.0,0.0,0.0,0.0,0.0
2019-03-15,6,0,218,0.0,0.0,0.0,0.0,0.0
2019-03-15,6,0,219,0.0,0.0,0.0,0.0,0.0
2019-03-15,6,0,221,0.0,0.0,0.0,0.0,0.0
2019-03-15,6,0,225,0.0,0.0,0.0,0.0,0.0
2019-03-15,6,0,233,0.0,0.0,0.0,0.0,0.0
2019-03-15,6,0,236,139.91,139.91,0.0,1782.291309,0.0
2019-03-15,6,0,237,96.96,96.96,0.0,1181.530854,0.0
2019-03-15,6,0,238,0.0,0.0,0.0,0.0,0.0
2019-03-15,6,0,240,0.0,0.0,0.0,0.0,0.0
2019-03-15,6,0,245,78.0,78.0,0.0,975.202104,0.0
2019-03-15,6,0,247,171.72,171.72,0.0,2146.944939,0.0
2019-03-15,6,0,248,9.73,9.73,0.0,118.567401,0.0
2019-03-15,6,0,249,150.0,150.0,0.0,1875.388661,0.0
2019-03-15,6,0,251,326.4,326.4,0.0,3321.49051,0.0
2019-03-15,6,0,252,267.06,267.06,0.0,2369.460456,0.0
2019-03-15,6,0,254,0.0,0.0,0.0,0.0,0.0
2019-03-15,6,0,255,0.0,0.0,0.0,0.0,0.0
2019-03-15,6,0,258,0.0,0.0,0.0,0.0,0.0
2019-03-15,6,0,260,0.0,0.0,0.0,0.0,0.0
2019-03-15,6,0,265,0.0,0.0,0.0,0.0,0.0
2019-03-15,6,0,266,81.49,81.49,0.0,808.387695,0.0
2019-03-15,6,0,267,100.15,100.15,0.0,993.496474,0.0
2019-03-15,6,0,270,210.46,210.46,0.0,5914.325821,0.0
2019-03-15,6,0,272,271.26,271.26,0.0,993.213925,0.0
2019-03-15,6,0,273,0.0,0.0,0.0,0.0,0.0
2019-03-15,6,0,274,271.31,271.31,0.0,7624.32642,0.0
2019-03-15,6,0,275,377.67,377.67,0.0,10613.244477,0.0
2019-03-15,6,0,276,0.0,0.0,0.0,0.0,0.0
2019-03-15,6,0,277,0.0,0.0,0.0,0.0,0.0
2019-03-15,6,0,278,0.0,0.0,0.0,0.0,0.0
2019-03-15,6,0,279,156.25,156.25,0.0,673.642314,0.0
2019-03-15,6,0,281,9.04,9.04,0.0,74.673631,0.0
2019-03-15,6,0,282,0.0,0.0,0.0,0.0,0.0
2019-03-15,7,0,9,0.0,0.0,0.0,0.0,0.0
2019-03-15,7,0,17,0.0,0.0,0.0,0.0,0.0
2019-03-15,7,0,19,0.0,0.0,0.0,0.0,0.0
2019-03-15,7,0,20,0.0,0.0,0.0,0.0,0.0
2019-03-15,7,0,21,0.0,0.0,0.0,0.0,0.0
2019-03-15,7,0,22,0.0,0.0,0.0,0.0,0.0
2019-03-15,7,0,23,108.8,108.8,0.0,438.586829,0.0
2019-03-15,7,0,24,192.5,192.5,0.0,775.992322,0.0
2019-03-15,7,0,29,0.0,0.0,0.0,0.0,0.0
2019-03-15,7,0,30,0.0,0.0,0.0,0.0,0.0
2019-03-15,7,0,31,51.38,51.38,0.0,205.116174,0.0
2019-03-15,7,0,32,0.0,0.0,0.0,0.0,0.0
2019-03-15,7,0,33,0.0,0.0,0.0,0.0,0.0
2019-03-15,7,0,34,0.0,0.0,0.0,0.0,0.0
2019-03-15,7,0,35,0.0,0.0,0.0,0.0,0.0
2019-03-15,7,0,36,0.0,0.0,0.0,0.0,0.0
2019-03-15,7,0,37,0.0,0.0,0.0,0.0,0.0
2019-03-15,7,0,38,0.0,0.0,0.0,0.0,0.0
2019-03-15,7,0,39,0.0,0.0,0.0,0.0,0.0
2019-03-15,7,0,40,0.0,0.0,0.0,0.0,0.0
2019-03-15,7,0,41,66.07,66.07,0.0,403.534497,0.0
2019-03-15,7,0,42,0.0,0.0,0.0,0.0,0.0
2019-03-15,7,0,43,0.0,0.0,0.0,0.0,0.0
2019-03-15,7,0,46,0.0,0.0,0.0,0.0,0.0
2019-03-15,7,0,52,54.46,54.46,0.0,217.411967,0.0
2019-03-15,7,0,53,86.55,86.55,0.0,345.519753,0.0
2019-03-15,7,0,55,183.79,183.79,0.0,740.881189,0.0
2019-03-15,7,0,56,0.0,0.0,0.0,0.0,0.0
2019-03-15,7,0,57,0.0,0.0,0.0,0.0,0.0
2019-03-15,7,0,58,0.0,0.0,0.0,0.0,0.0
2019-03-15,7,0,59,0.0,0.0,0.0,0.0,0.0
2019-03-15,7,0,63,51.65,51.65,0.0,1702.325286,0.0
2019-03-15,7,0,64,60.77,60.77,0.0,2002.910119,0.0
2019-03-15,7,0,65,41.4,41.4,0.0,443.515641,0.0
2019-03-15,7,0,67,0.0,0.0,0.0,0.0,0.0
2019-03-15,7,0,68,4.31,4.31,0.0,17.348194,0.0
2019-03-15,7,0,69,0.0,0.0,0.0,0.0,0.0
2019-03-15,7,0,74,35.9,35.9,0.0,329.155078,0.0
2019-03-15,7,0,77,178.43,178.43,0.0,52.295567,0.0
2019-03-15,7,0,78,134.89,134.89,0.0,39.534546,0.0
2019-03-15,7,0,79,78.06,78.06,0.0,22.878395,0.0
2019-03-15,7,0,80,126.24,126.24,0.0,36.999341,0.0
2019-03-15,7,0,81,165.05,165.05,0.0,48.374059,0.0
2019-03-15,7,0,82,116.43,116.43,0.0,34.124154,0.0
2019-03-15,7,0,83,259.62,259.62,0.0,76.091325,0.0
2019-03-15,7,0,84,0.0,0.0,0.0,0.0,0.0
2019-03-15,7,0,86,0.0,0.0,0.0,0.0,0.0
2019-03-15,7,0,87,0.0,0.0,0.0,0.0,0.0
2019-03-15,7,0,88,156.97,156.97,0.0,46.005913,0.0
2019-03-15,7,0,89,150.9,150.9,0.0,44.226873,0.0
2019-03-15,7,0,90,202.61,202.61,0.0,59.382418,0.0
2019-03-15,7,0,91,722.75,722.75,0.0,211.828846,0.0
2019-03-15,7,0,92,259.93,259.93,0.0,76.182182,0.0
2019-03-15,7,0,95,15.31,15.31,0.0,498.753152,0.0
2019-03-15,7,0,96,24.46,24.46,0.0,96.651087,0.0
2019-03-15,7,0,97,150.44,150.44,0.0,594.447648,0.0
2019-03-15,7,0,99,6.93,6.93,0.0,63.538849,0.0
2019-03-15,7,0,101,0.0,0.0,0.0,0.0,0.0
2019-03-15,7,0,102,10.21,10.21,0.0,41.096303,0.0
2019-03-15,7,0,103,8.87,8.87,0.0,35.702664,0.0
2019-03-15,7,0,104,1.65,1.65,0.0,6.64142,0.0
2019-03-15,7,0,106,0.0,0.0,0.0,0.0,0.0
2019-03-15,7,0,109,200.0,200.0,0.0,1473.372668,0.0
2019-03-15,7,0,110,85.48,85.48,0.0,2005.280357,0.0
2019-03-15,7,0,111,0.0,0.0,0.0,0.0,0.0
2019-03-15,7,0,113,27.2,27.2,0.0,-40.930243,0.0
2019-03-15,7,0,115,27.2,27.2,0.0,-40.930243,0.0
2019-03-15,7,0,116,0.0,0.0,0.0,0.0,0.0
2019-03-15,7,0,117,1.12,1.12,0.0,-1.685363,0.0
2019-03-15,7,0,119,60.77,60.77,0.0,2002.910119,0.0
2019-03-15,7,0,120,35.73,35.73,0.0,1177.620184,0.0
2019-03-15,7,0,123,0.0,0.0,0.0,0.0,0.0
2019-03-15,7,0,125,174.2,174.2,0.0,702.222662,0.0
2019-03-15,7,0,126,0.0,0.0,0.0,0.0,0.0
2019-03-15,7,0,127,0.0,0.0,0.0,0.0,0.0
2019-03-15,7,0,128,249.5,249.5,0.0,1005.766672,0.0
2019-03-15,7,0,131,20.63,20.63,0.0,56.680006,0.0
2019-03-15,7,0,132,30.33,30.33,0.0,83.330324,0.0
2019-03-15,7,0,133,41.94,41.94,0.0,451.852311,0.0
2019-03-15,7,0,134,0.0,0.0,0.0,0.0,0.0
2019-03-15,7,0,135,56.2,56.2,0.0,605.486406,0.0
2019-03-15,7,0,136,45.9,45.9,0.0,491.583755,0.0
2019-03-15,7,0,139,85.34,85.34,0.0,521.229513,0.0
2019-03-15,7,0,140,63.27,63.27,0.0,1484.254658,0.0
2019-03-15,7,0,141,122.43,122.43,0.0,1078.493265,0.0
2019-03-15,7,0,142,0.0,0.0,0.0,0.0,0.0
2019-03-15,7,0,143,84.43,84.43,0.0,337.056415,0.0
2019-03-15,7,0,145,22.42,22.42,0.0,117.60727,0.0
2019-03-15,7,0,146,27.87,27.87,0.0,653.803972,0.0
2019-03-15,7,0,152,0.0,0.0,0.0,0.0,0.0
2019-03-15,7,0,153,0.0,0.0,0.0,0.0,0.0
2019-03-15,7,0,154,0.0,0.0,0.0,0.0,0.0
2019-03-15,7,0,157,19.9,19.9,0.0,175.300302,0.0
2019-03-15,7,0,158,0.0,0.0,0.0,0.0,0.0
2019-03-15,7,0,159,0.0,0.0,0.0,0.0,0.0
2019-03-15,7,0,160,0.0,0.0,0.0,0.0,0.0
2019-03-15,7,0,161,0.0,0.0,0.0,0.0,0.0
2019-03-15,7,0,162,12.69,12.69,0.0,413.623153,0.0
2019-03-15,7,0,163,48.19,48.19,0.0,1130.492049,0.0
2019-03-15,7,0,164,0.0,0.0,0.0,0.0,0.0
2019-03-15,7,0,167,0.0,0.0,0.0,0.0,0.0
2019-03-15,7,0,168,0.0,0.0,0.0,0.0,0.0
2019-03-15,7,0,169,0.0,0.0,0.0,0.0,0.0
2019-03-15,7,0,170,0.0,0.0,0.0,0.0,0.0
2019-03-15,7,0,172,0.0,0.0,0.0,0.0,0.0
2019-03-15,7,0,173,0.0,0.0,0.0,0.0,0.0
2019-03-15,7,0,188,0.0,0.0,0.0,0.0,0.0
2019-03-15,7,0,190,0.0,0.0,0.0,0.0,0.0
2019-03-15,7,0,191,0.0,0.0,0.0,0.0,0.0
2019-03-15,7,0,192,84.59,84.59,0.0,2787.990242,0.0
2019-03-15,7,0,194,146.29,146.29,0.0,-986.462972,0.0
2019-03-15,7,0,196,0.0,0.0,0.0,0.0,0.0
2019-03-15,7,0,198,0.0,0.0,0.0,0.0,0.0
2019-03-15,7,0,199,37.2,37.2,0.0,253.041997,0.0
2019-03-15,7,0,200,0.0,0.0,0.0,0.0,0.0
2019-03-15,7,0,204,857.0,857.0,0.0,6163.917132,0.0
2019-03-15,7,0,205,1058.0,1058.0,0.0,7794.141413,0.0
2019-03-15,7,0,206,442.06,442.06,0.0,1746.753039,0.0
2019-03-15,7,0,210,0.0,0.0,0.0,0.0,0.0
2019-03-15,7,0,214,0.0,0.0,0.0,0.0,0.0
2019-03-15,7,0,217,0.0,0.0,0.0,0.0,0.0
2019-03-15,7,0,218,0.0,0.0,0.0,0.0,0.0
2019-03-15,7,0,219,0.0,0.0,0.0,0.0,0.0
2019-03-15,7,0,221,0.0,0.0,0.0,0.0,0.0
2019-03-15,7,0,225,0.0,0.0,0.0,0.0,0.0
2019-03-15,7,0,233,0.0,0.0,0.0,0.0,0.0
2019-03-15,7,0,236,143.0,143.0,0.0,1430.653149,0.0
2019-03-15,7,0,237,86.12,86.12,0.0,789.605441,0.0
2019-03-15,7,0,238,0.0,0.0,0.0,0.0,0.0
2019-03-15,7,0,240,0.0,0.0,0.0,0.0,0.0
2019-03-15,7,0,245,78.0,78.0,0.0,855.894633,0.0
2019-03-15,7,0,247,171.72,171.72,0.0,1884.284954,0.0
2019-03-15,7,0,248,8.65,8.65,0.0,79.308953,0.0
2019-03-15,7,0,249,150.0,150.0,0.0,1645.951218,0.0
2019-03-15,7,0,251,326.4,326.4,0.0,3466.905865,0.0
2019-03-15,7,0,252,267.06,267.06,0.0,2860.997274,0.0
2019-03-15,7,0,254,0.0,0.0,0.0,0.0,0.0
2019-03-15,7,0,255,0.0,0.0,0.0,0.0,0.0
2019-03-15,7,0,258,0.0,0.0,0.0,0.0,0.0
2019-03-15,7,0,260,0.0,0.0,0.0,0.0,0.0
2019-03-15,7,0,265,0.0,0.0,0.0,0.0,0.0
2019-03-15,7,0,266,55.25,55.25,0.0,337.449386,0.0
2019-03-15,7,0,267,67.9,67.9,0.0,414.711553,0.0
2019-03-15,7,0,270,150.49,150.49,0.0,3530.353777,0.0
2019-03-15,7,0,272,96.78,96.78,0.0,-145.633416,0.0
2019-03-15,7,0,273,0.0,0.0,0.0,0.0,0.0
2019-03-15,7,0,274,194.0,194.0,0.0,4551.057431,0.0
2019-03-15,7,0,275,270.05,270.05,0.0,6335.118862,0.0
2019-03-15,7,0,276,0.0,0.0,0.0,0.0,0.0
2019-03-15,7,0,277,0.0,0.0,0.0,-0.0,0.0
2019-03-15,7,0,278,0.0,0.0,0.0,-0.0,0.0
2019-03-15,7,0,279,91.31,91.31,0.0,-71.586217,0.0
2019-03-15,7,0,281,23.04,23.04,0.0,91.978915,0.0
2019-03-15,7,0,282,0.0,0.0,0.0,0.0,0.0
2019-03-15,8,0,9,0.0,0.0,0.0,0.0,0.0
2019-03-15,8,0,17,1.29,1.29,0.0,14.378393,0.0
2019-03-15,8,0,19,0.0,0.0,0.0,0.0,0.0
2019-03-15,8,0,20,0.0,0.0,0.0,0.0,0.0
2019-03-15,8,0,21,0.0,0.0,0.0,0.0,0.0
2019-03-15,8,0,22,0.0,0.0,0.0,0.0,0.0
2019-03-15,8,0,23,108.49,108.49,0.0,482.401208,0.0
2019-03-15,8,0,24,191.95,191.95,0.0,853.506423,0.0
2019-03-15,8,0,29,0.91,0.91,0.0,7.12293,0.0
2019-03-15,8,0,30,0.0,0.0,0.0,0.0,0.0
2019-03-15,8,0,31,22.94,22.94,0.0,101.119706,0.0
2019-03-15,8,0,32,0.51,0.51,0.0,16.438124,0.0
2019-03-15,8,0,33,0.11,0.11,0.0,1.378675,0.0
2019-03-15,8,0,34,0.18,0.18,0.0,2.256014,0.0
2019-03-15,8,0,35,0.18,0.18,0.0,2.256014,0.0
2019-03-15,8,0,36,0.68,0.68,0.0,5.979066,0.0
2019-03-15,8,0,37,0.33,0.33,0.0,2.881303,0.0
2019-03-15,8,0,38,0.42,0.42,0.0,3.667113,0.0
2019-03-15,8,0,39,0.28,0.28,0.0,2.444742,0.0
2019-03-15,8,0,40,0.28,0.28,0.0,2.444742,0.0
2019-03-15,8,0,41,34.8,34.8,0.0,226.216839,0.0
2019-03-15,8,0,42,1.2,1.2,0.0,13.014369,0.0
2019-03-15,8,0,43,2.24,2.24,0.0,19.938717,0.0
2019-03-15,8,0,46,1.79,1.79,0.0,14.834346,0.0
2019-03-15,8,0,52,24.32,24.32,0.0,107.202757,0.0
2019-03-15,8,0,53,38.64,38.64,0.0,170.325433,0.0
2019-03-15,8,0,55,172.42,172.42,0.0,766.666202,0.0
2019-03-15,8,0,56,0.0,0.0,0.0,0.0,0.0
2019-03-15,8,0,57,0.0,0.0,0.0,0.0,0.0
2019-03-15,8,0,58,0.0,0.0,0.0,0.0,0.0
2019-03-15,8,0,59,0.0,0.0,0.0,0.0,0.0
2019-03-15,8,0,63,39.62,39.62,0.0,1284.779813,0.0
2019-03-15,8,0,64,46.57,46.57,0.0,1510.151335,0.0
2019-03-15,8,0,65,41.4,41.4,0.0,459.13328,0.0
2019-03-15,8,0,67,0.0,0.0,0.0,0.0,0.0
2019-03-15,8,0,68,4.36,4.36,0.0,19.056826,0.0
2019-03-15,8,0,69,0.11,0.11,0.0,1.378675,0.0
2019-03-15,8,0,74,51.48,51.48,0.0,491.159493,0.0
2019-03-15,8,0,77,133.3,133.3,0.0,100.842145,0.0
2019-03-15,8,0,78,100.65,100.65,0.0,76.14225,0.0
2019-03-15,8,0,79,58.05,58.05,0.0,43.915128,0.0
2019-03-15,8,0,80,94.16,94.16,0.0,71.232531,0.0
2019-03-15,8,0,81,123.26,123.26,0.0,93.246833,0.0
2019-03-15,8,0,82,86.81,86.81,0.0,65.672218,0.0
2019-03-15,8,0,83,194.19,194.19,0.0,146.905747,0.0
2019-03-15,8,0,84,0.0,0.0,0.0,0.0,0.0
2019-03-15,8,0,86,0.56,0.56,0.0,7.018711,0.0
2019-03-15,8,0,87,2.86,2.86,0.0,35.845559,0.0
2019-03-15,8,0,88,120.9,120.9,0.0,91.46148,0.0
2019-03-15,8,0,89,116.67,116.67,0.0,88.261463,0.0
2019-03-15,8,0,90,152.23,152.23,0.0,115.162789,0.0
2019-03-15,8,0,91,477.23,477.23,0.0,361.026983,0.0
2019-03-15,8,0,92,190.96,190.96,0.0,144.462235,0.0
2019-03-15,8,0,95,26.0,26.0,0.0,833.389433,0.0
2019-03-15,8,0,96,26.2,26.2,0.0,114.435737,0.0
2019-03-15,8,0,97,161.09,161.09,0.0,703.605073,0.0
2019-03-15,8,0,99,9.94,9.94,0.0,94.83538,0.0
2019-03-15,8,0,101,0.0,0.0,0.0,0.0,0.0
2019-03-15,8,0,102,10.32,10.32,0.0,45.106982,0.0
2019-03-15,8,0,103,8.98,8.98,0.0,39.250068,0.0
2019-03-15,8,0,104,1.67,1.67,0.0,7.299289,0.0
2019-03-15,8,0,106,0.0,0.0,0.0,0.0,0.0
2019-03-15,8,0,109,200.0,200.0,0.0,1547.438776,0.0
2019-03-15,8,0,110,86.43,86.43,0.0,2006.455096,0.0
2019-03-15,8,0,111,0.39,0.39,0.0,2.535189,0.0
2019-03-15,8,0,113,68.02,68.02,0.0,-68.102227,0.0
2019-03-15,8,0,115,68.02,68.02,0.0,-68.102227,0.0
2019-03-15,8,0,116,3.09,3.09,0.0,71.73373,0.0
2019-03-15,8,0,117,3.52,3.52,0.0,-3.524255,0.0
2019-03-15,8,0,119,46.57,46.57,0.0,1510.151335,0.0
2019-03-15,8,0,120,27.47,27.47,0.0,890.784994,0.0
2019-03-15,8,0,123,0.0,0.0,0.0,0.0,0.0
2019-03-15,8,0,125,173.71,173.71,0.0,772.402192,0.0
2019-03-15,8,0,126,0.0,0.0,0.0,0.0,0.0
2019-03-15,8,0,127,0.0,0.0,0.0,0.0,0.0
2019-03-15,8,0,128,248.79,248.79,0.0,1106.245705,0.0
2019-03-15,8,0,131,20.96,20.96,0.0,65.646124,0.0
2019-03-15,8,0,132,30.81,30.81,0.0,96.496044,0.0
2019-03-15,8,0,133,41.94,41.94,0.0,467.685691,0.0
2019-03-15,8,0,134,0.0,0.0,0.0,0.0,0.0
2019-03-15,8,0,135,56.2,56.2,0.0,626.703286,0.0
2019-03-15,8,0,136,45.9,45.9,0.0,508.898302,0.0
2019-03-15,8,0,139,44.94,44.94,0.0,292.131745,0.0
2019-03-15,8,0,140,63.97,63.97,0.0,1485.050705,0.0
2019-03-15,8,0,141,103.24,103.24,0.0,930.146409,0.0
2019-03-15,8,0,142,0.0,0.0,0.0,0.0,0.0
2019-03-15,8,0,143,38.58,38.58,0.0,170.060953,0.0
2019-03-15,8,0,145,28.42,28.42,0.0,160.421344,0.0
2019-03-15,8,0,146,18.22,18.22,0.0,422.973642,0.0
2019-03-15,8,0,152,0.45,0.45,0.0,4.295952,0.0
2019-03-15,8,0,153,0.59,0.59,0.0,5.589678,0.0
2019-03-15,8,0,154,1.61,1.61,0.0,10.465779,0.0
2019-03-15,8,0,157,5.65,5.65,0.0,50.903983,0.0
2019-03-15,8,0,158,0.0,0.0,0.0,0.0,0.0
2019-03-15,8,0,159,0.0,0.0,0.0,0.0,0.0
2019-03-15,8,0,160,0.19,0.19,0.0,1.809929,0.0
2019-03-15,8,0,161,0.33,0.33,0.0,1.442374,0.0
2019-03-15,8,0,162,23.16,23.16,0.0,742.751532,0.0
2019-03-15,8,0,163,47.58,47.58,0.0,1104.560146,0.0
2019-03-15,8,0,164,0.0,0.0,0.0,0.0,0.0
2019-03-15,8,0,167,0.63,0.63,0.0,20.199035,0.0
2019-03-15,8,0,168,0.31,0.31,0.0,9.939207,0.0
2019-03-15,8,0,169,0.0,0.0,0.0,0.0,0.0
2019-03-15,8,0,170,0.69,0.69,0.0,22.122752,0.0
2019-03-15,8,0,172,0.82,0.82,0.0,24.437289,0.0
2019-03-15,8,0,173,1.25,1.25,0.0,37.251965,0.0
2019-03-15,8,0,188,1.02,1.02,0.0,31.777094,0.0
2019-03-15,8,0,190,0.44,0.44,0.0,14.268125,0.0
2019-03-15,8,0,191,1.15,1.15,0.0,37.291691,0.0
2019-03-15,8,0,192,71.72,71.72,0.0,2325.704396,0.0
2019-03-15,8,0,194,176.5,176.5,0.0,-1075.598881,0.0
2019-03-15,8,0,196,0.25,0.25,0.0,7.240534,0.0
2019-03-15,8,0,198,1.01,1.01,0.0,10.37239,0.0
2019-03-15,8,0,199,39.0,39.0,0.0,272.743823,0.0
2019-03-15,8,0,200,1.8,1.8,0.0,12.588176,0.0
2019-03-15,8,0,204,856.99,856.99,0.0,6481.681735,0.0
2019-03-15,8,0,205,1058.0,1058.0,0.0,8185.951123,0.0
2019-03-15,8,0,206,473.35,473.35,0.0,2067.486878,0.0
2019-03-15,8,0,210,0.32,0.32,0.0,2.642733,0.0
2019-03-15,8,0,214,1.12,1.12,0.0,14.957822,0.0
2019-03-15,8,0,217,1.0,1.0,0.0,11.1381,0.0
2019-03-15,8,0,218,1.38,1.38,0.0,15.370578,0.0
2019-03-15,8,0,219,0.94,0.94,0.0,10.469814,0.0
2019-03-15,8,0,221,0.6,0.6,0.0,8.013119,0.0
2019-03-15,8,0,225,0.72,0.72,0.0,5.605746,0.0
2019-03-15,8,0,233,0.32,0.32,0.0,4.010692,0.0
2019-03-15,8,0,236,159.03,159.03,0.0,1650.434252,0.0
2019-03-15,8,0,237,123.5,123.5,0.0,1178.286663,0.0
2019-03-15,8,0,238,1.56,1.56,0.0,16.918679,0.0
2019-03-15,8,0,240,0.77,0.77,0.0,6.770413,0.0
2019-03-15,8,0,245,78.0,78.0,0.0,885.414829,0.0
2019-03-15,8,0,247,171.72,171.72,0.0,1949.2748,0.0
2019-03-15,8,0,248,12.4,12.4,0.0,118.305705,0.0
2019-03-15,8,0,249,150.0,150.0,0.0,1702.720825,0.0
2019-03-15,8,0,251,326.4,326.4,0.0,3589.895721,0.0
2019-03-15,8,0,252,267.06,267.06,0.0,2961.742361,0.0
2019-03-15,8,0,254,1.37,1.37,0.0,12.409432,0.0
2019-03-15,8,0,255,0.63,0.63,0.0,5.706527,0.0
2019-03-15,8,0,258,0.95,0.95,0.0,8.36975,0.0
2019-03-15,8,0,260,0.47,0.47,0.0,4.477193,0.0
2019-03-15,8,0,265,1.66,1.66,0.0,10.790803,0.0
2019-03-15,8,0,266,29.1,29.1,0.0,189.164081,0.0
2019-03-15,8,0,267,35.76,35.76,0.0,232.457303,0.0
2019-03-15,8,0,270,148.58,148.58,0.0,3449.254867,0.0
2019-03-15,8,0,272,235.47,235.47,0.0,-235.754651,0.0
2019-03-15,8,0,273,0.74,0.74,0.0,17.178951,0.0
2019-03-15,8,0,274,191.54,191.54,0.0,4446.562641,0.0
2019-03-15,8,0,275,266.62,266.62,0.0,6189.529765,0.0
2019-03-15,8,0,276,0.16,0.16,0.0,3.206891,0.0
2019-03-15,8,0,277,0.22,0.22,0.0,-0.065233,0.0
2019-03-15,8,0,278,0.35,0.35,0.0,-0.10378,0.0
2019-03-15,8,0,279,110.34,110.34,0.0,-32.717236,0.0
2019-03-15,8,0,281,10.3,10.3,0.0,45.402484,0.0
2019-03-15,8,0,282,0.0,0.0,0.0,0.0,0.0
2019-03-15,9,0,9,0.99,0.99,0.0,3.83713,0.0
2019-03-15,9,0,17,6.09,6.09,0.0,60.870525,0.0
2019-03-15,9,0,19,0.0,0.0,0.0,0.0,0.0
2019-03-15,9,0,20,0.0,0.0,0.0,0.0,0.0
2019-03-15,9,0,21,22.59,22.59,0.0,87.556323,0.0
2019-03-15,9,0,22,80.28,80.28,0.0,311.156334,0.0
2019-03-15,9,0,23,96.58,96.58,0.0,374.333317,0.0
2019-03-15,9,0,24,170.88,170.88,0.0,662.311838,0.0
2019-03-15,9,0,29,3.04,3.04,0.0,25.732757,0.0
2019-03-15,9,0,30,173.36,173.36,0.0,665.647327,0.0
2019-03-15,9,0,31,33.05,33.05,0.0,126.901501,0.0
2019-03-15,9,0,32,2.34,2.34,0.0,75.449118,0.0
2019-03-15,9,0,33,0.52,0.52,0.0,5.828086,0.0
2019-03-15,9,0,34,0.83,0.83,0.0,9.302522,0.0
2019-03-15,9,0,35,0.83,0.83,0.0,9.302522,0.0
2019-03-15,9,0,36,4.04,4.04,0.0,32.293986,0.0
2019-03-15,9,0,37,1.93,1.93,0.0,15.341044,0.0
2019-03-15,9,0,38,2.48,2.48,0.0,19.712844,0.0
2019-03-15,9,0,39,1.65,1.65,0.0,13.1154,0.0
2019-03-15,9,0,40,1.65,1.65,0.0,13.1154,0.0
2019-03-15,9,0,41,34.8,34.8,0.0,201.616833,0.0
2019-03-15,9,0,42,8.95,8.95,0.0,87.103993,0.0
2019-03-15,9,0,43,12.38,12.38,0.0,100.890248,0.0
2019-03-15,9,0,46,10.94,10.94,0.0,82.505845,0.0
2019-03-15,9,0,52,35.07,35.07,0.0,134.657659,0.0
2019-03-15,9,0,53,56.02,56.02,0.0,215.099004,0.0
2019-03-15,9,0,55,160.99,160.99,0.0,623.9793,0.0
2019-03-15,9,0,56,51.13,51.13,0.0,196.322957,0.0
2019-03-15,9,0,57,48.64,48.64,0.0,186.762148,0.0
2019-03-15,9,0,58,93.54,93.54,0.0,359.163884,0.0
2019-03-15,9,0,59,91.98,91.98,0.0,353.17398,0.0
2019-03-15,9,0,63,27.88,27.88,0.0,904.080292,0.0
2019-03-15,9,0,64,32.8,32.8,0.0,1063.623873,0.0
2019-03-15,9,0,65,41.4,41.4,0.0,411.77801,0.0
2019-03-15,9,0,67,103.2,103.2,0.0,904.210183,0.0
2019-03-15,9,0,68,8.29,8.29,0.0,33.764028,0.0
2019-03-15,9,0,69,0.52,0.52,0.0,5.828086,0.0
2019-03-15,9,0,74,65.28,65.28,0.0,560.352869,0.0
2019-03-15,9,0,77,55.46,55.46,0.0,22.310075,0.0
2019-03-15,9,0,78,41.93,41.93,0.0,16.867318,0.0
2019-03-15,9,0,79,24.27,24.27,0.0,9.763172,0.0
2019-03-15,9,0,80,39.24,39.24,0.0,15.785203,0.0
2019-03-15,9,0,81,51.3,51.3,0.0,20.636618,0.0
2019-03-15,9,0,82,36.19,36.19,0.0,14.558269,0.0
2019-03-15,9,0,83,80.7,80.7,0.0,32.463452,0.0
2019-03-15,9,0,84,0.0,0.0,0.0,0.0,0.0
2019-03-15,9,0,86,2.62,2.62,0.0,29.364587,0.0
2019-03-15,9,0,87,13.39,13.39,0.0,150.073212,0.0
2019-03-15,9,0,88,155.83,155.83,0.0,62.686242,0.0
2019-03-15,9,0,89,148.85,148.85,0.0,59.878375,0.0
2019-03-15,9,0,90,208.93,208.93,0.0,84.046952,0.0
2019-03-15,9,0,91,785.09,785.09,0.0,315.820714,0.0
2019-03-15,9,0,92,276.23,276.23,0.0,111.119943,0.0
2019-03-15,9,0,95,36.0,36.0,0.0,1154.314198,0.0
2019-03-15,9,0,96,28.22,28.22,0.0,107.288016,0.0
2019-03-15,9,0,97,173.53,173.53,0.0,659.733856,0.0
2019-03-15,9,0,99,12.6,12.6,0.0,108.156344,0.0
2019-03-15,9,0,101,3.49,3.49,0.0,13.400491,0.0
2019-03-15,9,0,102,19.59,19.59,0.0,79.78737,0.0
2019-03-15,9,0,103,17.04,17.04,0.0,69.401572,0.0
2019-03-15,9,0,104,3.18,3.18,0.0,12.951702,0.0
2019-03-15,9,0,106,79.03,79.03,0.0,306.311473,0.0
2019-03-15,9,0,109,186.24,186.24,0.0,1300.321391,0.0
2019-03-15,9,0,110,87.54,87.54,0.0,2023.970353,0.0
2019-03-15,9,0,111,5.48,5.48,0.0,31.748858,0.0
2019-03-15,9,0,113,52.74,52.74,0.0,-69.509813,0.0
2019-03-15,9,0,115,52.74,52.74,0.0,-69.509813,0.0
2019-03-15,9,0,116,43.15,43.15,0.0,997.650454,0.0
2019-03-15,9,0,117,3.58,3.58,0.0,-4.718338,0.0
2019-03-15,9,0,119,32.8,32.8,0.0,1063.623873,0.0
2019-03-15,9,0,120,19.29,19.29,0.0,625.527577,0.0
2019-03-15,9,0,123,1.32,1.32,0.0,5.116173,0.0
2019-03-15,9,0,125,154.63,154.63,0.0,599.328649,0.0
2019-03-15,9,0,126,59.27,59.27,0.0,229.723915,0.0
2019-03-15,9,0,127,76.07,76.07,0.0,294.838843,0.0
2019-03-15,9,0,128,221.48,221.48,0.0,858.431799,0.0
2019-03-15,9,0,131,21.33,21.33,0.0,60.163631,0.0
2019-03-15,9,0,132,31.35,31.35,0.0,88.426153,0.0
2019-03-15,9,0,133,41.94,41.94,0.0,419.389964,0.0
2019-03-15,9,0,134,0.0,0.0,0.0,0.0,0.0
2019-03-15,9,0,135,56.2,56.2,0.0,561.986552,0.0
2019-03-15,9,0,136,45.9,45.9,0.0,456.413444,0.0
2019-03-15,9,0,139,44.94,44.94,0.0,260.363806,0.0
2019-03-15,9,0,140,64.79,64.79,0.0,1497.978515,0.0
2019-03-15,9,0,141,85.82,85.82,0.0,751.931375,0.0
2019-03-15,9,0,142,136.09,136.09,0.0,1192.38337,0.0
2019-03-15,9,0,143,80.83,80.83,0.0,310.361522,0.0
2019-03-15,9,0,145,30.0,30.0,0.0,150.199339,0.0
2019-03-15,9,0,146,11.18,11.18,0.0,258.487418,0.0
2019-03-15,9,0,152,2.87,2.87,0.0,24.687958,0.0
2019-03-15,9,0,153,3.71,3.71,0.0,31.679712,0.0
2019-03-15,9,0,154,22.59,22.59,0.0,130.877134,0.0
2019-03-15,9,0,157,0.0,0.0,0.0,0.0,0.0
2019-03-15,9,0,158,91.2,91.2,0.0,799.069464,0.0
2019-03-15,9,0,159,0.0,0.0,0.0,0.0,0.0
2019-03-15,9,0,160,1.0,1.0,0.0,8.833379,0.0
2019-03-15,9,0,161,20.2,20.2,0.0,82.271816,0.0
2019-03-15,9,0,162,38.9,38.9,0.0,1247.958256,0.0
2019-03-15,9,0,163,46.94,46.94,0.0,1085.277226,0.0
2019-03-15,9,0,164,6.15,6.15,0.0,23.614046,0.0
2019-03-15,9,0,167,2.7,2.7,0.0,86.597511,0.0
2019-03-15,9,0,168,1.35,1.35,0.0,43.298755,0.0
2019-03-15,9,0,169,0.0,0.0,0.0,0.0,0.0
2019-03-15,9,0,170,2.95,2.95,0.0,94.615799,0.0
2019-03-15,9,0,172,3.55,3.55,0.0,105.858062,0.0
2019-03-15,9,0,173,5.4,5.4,0.0,161.023531,0.0
2019-03-15,9,0,188,4.74,4.74,0.0,147.708174,0.0
2019-03-15,9,0,190,3.69,3.69,0.0,119.657686,0.0
2019-03-15,9,0,191,9.54,9.54,0.0,309.358895,0.0
2019-03-15,9,0,192,60.35,60.35,0.0,1957.003072,0.0
2019-03-15,9,0,194,130.37,130.37,0.0,-836.085115,0.0
2019-03-15,9,0,196,2.37,2.37,0.0,68.547669,0.0
2019-03-15,9,0,198,4.58,4.58,0.0,44.831989,0.0
2019-03-15,9,0,199,39.0,39.0,0.0,272.949139,0.0
2019-03-15,9,0,200,8.32,8.32,0.0,58.22915,0.0
2019-03-15,9,0,204,480.72,480.72,0.0,3280.821423,0.0
2019-03-15,9,0,205,1048.92,1048.92,0.0,7323.524019,0.0
2019-03-15,9,0,206,509.92,509.92,0.0,1938.635902,0.0
2019-03-15,9,0,210,1.1,1.1,0.0,9.689249,0.0
2019-03-15,9,0,214,4.3,4.3,0.0,51.281296,0.0
2019-03-15,9,0,217,3.6,3.6,0.0,38.063147,0.0
2019-03-15,9,0,218,4.96,4.96,0.0,52.442559,0.0
2019-03-15,9,0,219,3.38,3.38,0.0,35.737066,0.0
2019-03-15,9,0,221,2.29,2.29,0.0,27.310272,0.0
2019-03-15,9,0,225,2.44,2.44,0.0,20.572938,0.0
2019-03-15,9,0,233,1.48,1.48,0.0,16.587629,0.0
2019-03-15,9,0,236,159.03,159.03,0.0,1482.985309,0.0
2019-03-15,9,0,237,156.6,156.6,0.0,1344.228851,0.0
2019-03-15,9,0,238,11.65,11.65,0.0,113.381176,0.0
2019-03-15,9,0,240,4.58,4.58,0.0,36.610509,0.0
2019-03-15,9,0,245,78.0,78.0,0.0,793.628715,0.0
2019-03-15,9,0,247,171.72,171.72,0.0,1747.20414,0.0
2019-03-15,9,0,248,15.72,15.72,0.0,134.937915,0.0
2019-03-15,9,0,249,150.0,150.0,0.0,1526.209067,0.0
2019-03-15,9,0,251,326.4,326.4,0.0,3220.31327,0.0
2019-03-15,9,0,252,267.06,267.06,0.0,2656.266556,0.0
2019-03-15,9,0,254,6.84,6.84,0.0,56.916157,0.0
2019-03-15,9,0,255,3.13,3.13,0.0,26.044966,0.0
2019-03-15,9,0,258,5.66,5.66,0.0,45.386063,0.0
2019-03-15,9,0,260,2.42,2.42,0.0,21.376778,0.0
2019-03-15,9,0,265,23.39,23.39,0.0,135.512003,0.0
2019-03-15,9,0,266,29.1,29.1,0.0,168.593386,0.0
2019-03-15,9,0,267,35.76,35.76,0.0,207.178676,0.0
2019-03-15,9,0,270,146.59,146.59,0.0,3389.23708,0.0
2019-03-15,9,0,272,176.01,176.01,0.0,-231.976149,0.0
2019-03-15,9,0,273,10.32,10.32,0.0,238.60377,0.0
2019-03-15,9,0,274,188.98,188.98,0.0,4369.315939,0.0
2019-03-15,9,0,275,263.06,263.06,0.0,6082.084088,0.0
2019-03-15,9,0,276,2.27,2.27,0.0,45.205926,0.0
2019-03-15,9,0,277,2.83,2.83,0.0,-1.778082,0.0
2019-03-15,9,0,278,4.53,4.53,0.0,-2.846188,0.0
2019-03-15,9,0,279,131.78,131.78,0.0,-82.797053,0.0
2019-03-15,9,0,281,14.73,14.73,0.0,56.558521,0.0
2019-03-15,9,0,282,95.1,95.1,0.0,365.153789,0.0
2019-03-15,10,0,9,2.12,2.12,0.0,6.464624,0.0
2019-03-15,10,0,17,10.07,10.07,0.0,81.476104,0.0
2019-03-15,10,0,19,0.0,0.0,0.0,0.0,0.0
2019-03-15,10,0,20,0.0,0.0,0.0,0.0,0.0
2019-03-15,10,0,21,48.55,48.55,0.0,148.045977,0.0
2019-03-15,10,0,22,172.55,172.55,0.0,526.165466,0.0
2019-03-15,10,0,23,85.47,85.47,0.0,260.628006,0.0
2019-03-15,10,0,24,151.23,151.23,0.0,461.153309,0.0
2019-03-15,10,0,29,3.56,3.56,0.0,30.094964,0.0
2019-03-15,10,0,30,376.54,376.54,0.0,1136.544753,0.0
2019-03-15,10,0,31,76.42,76.42,0.0,230.665401,0.0
2019-03-15,10,0,32,4.34,4.34,0.0,128.699743,0.0
2019-03-15,10,0,33,0.71,0.71,0.0,6.412106,0.0
2019-03-15,10,0,34,1.13,1.13,0.0,10.205183,0.0
2019-03-15,10,0,35,1.13,1.13,0.0,10.205183,0.0
2019-03-15,10,0,36,6.8,6.8,0.0,44.892537,0.0
2019-03-15,10,0,37,2.94,2.94,0.0,19.336959,0.0
2019-03-15,10,0,38,3.78,3.78,0.0,24.861805,0.0
2019-03-15,10,0,39,2.52,2.52,0.0,16.574537,0.0
2019-03-15,10,0,40,2.52,2.52,0.0,16.574537,0.0
2019-03-15,10,0,41,34.8,34.8,0.0,162.667513,0.0
2019-03-15,10,0,42,19.46,19.46,0.0,153.484512,0.0
2019-03-15,10,0,43,21.68,21.68,0.0,147.2452,0.0
2019-03-15,10,0,46,20.1,20.1,0.0,125.42523,0.0
2019-03-15,10,0,52,81.06,81.06,0.0,244.670733,0.0
2019-03-15,10,0,53,129.24,129.24,0.0,390.096786,0.0
2019-03-15,10,0,55,150.81,150.81,0.0,459.872582,0.0
2019-03-15,10,0,56,111.06,111.06,0.0,335.222447,0.0
2019-03-15,10,0,57,105.65,105.65,0.0,318.892955,0.0
2019-03-15,10,0,58,203.17,203.17,0.0,613.246395,0.0
2019-03-15,10,0,59,199.78,199.78,0.0,603.014051,0.0
2019-03-15,10,0,63,36.32,36.32,0.0,1082.772315,0.0
2019-03-15,10,0,64,42.72,42.72,0.0,1273.569198,0.0
2019-03-15,10,0,65,41.4,41.4,0.0,333.399018,0.0
2019-03-15,10,0,67,225.69,225.69,0.0,1772.009466,0.0
2019-03-15,10,0,68,15.03,15.03,0.0,52.597528,0.0
2019-03-15,10,0,69,0.71,0.71,0.0,6.412106,0.0
2019-03-15,10,0,74,106.28,106.28,0.0,742.640673,0.0
2019-03-15,10,0,77,56.55,56.55,0.0,4.28651,0.0
2019-03-15,10,0,78,42.75,42.75,0.0,3.240465,0.0
2019-03-15,10,0,79,24.74,24.74,0.0,1.875301,0.0
2019-03-15,10,0,80,40.01,40.01,0.0,3.032772,0.0
2019-03-15,10,0,81,52.31,52.31,0.0,3.965116,0.0
2019-03-15,10,0,82,36.9,36.9,0.0,2.797033,0.0
2019-03-15,10,0,83,82.28,82.28,0.0,6.236852,0.0
2019-03-15,10,0,84,0.0,0.0,0.0,0.0,0.0
2019-03-15,10,0,86,3.59,3.59,0.0,32.421776,0.0
2019-03-15,10,0,87,18.34,18.34,0.0,165.631022,0.0
2019-03-15,10,0,88,103.48,103.48,0.0,7.84382,0.0
2019-03-15,10,0,89,99.0,99.0,0.0,7.504234,0.0
2019-03-15,10,0,90,137.47,137.47,0.0,10.420273,0.0
2019-03-15,10,0,91,509.29,509.29,0.0,38.604358,0.0
2019-03-15,10,0,92,180.45,180.45,0.0,13.678172,0.0
2019-03-15,10,0,95,88.65,88.65,0.0,2614.234449,0.0
2019-03-15,10,0,96,29.88,29.88,0.0,89.222696,0.0
2019-03-15,10,0,97,183.75,183.75,0.0,548.683747,0.0
2019-03-15,10,0,99,21.85,21.85,0.0,152.678761,0.0
2019-03-15,10,0,101,7.58,7.58,0.0,22.8794,0.0
2019-03-15,10,0,102,35.58,35.58,0.0,124.512312,0.0
2019-03-15,10,0,103,30.94,30.94,0.0,108.274618,0.0
2019-03-15,10,0,104,5.75,5.75,0.0,20.122141,0.0
2019-03-15,10,0,106,169.86,169.86,0.0,517.962713,0.0
2019-03-15,10,0,109,171.07,171.07,0.0,978.014902,0.0
2019-03-15,10,0,110,88.81,88.81,0.0,1880.887353,0.0
2019-03-15,10,0,111,9.74,9.74,0.0,45.528206,0.0
2019-03-15,10,0,113,120.18,120.18,0.0,-176.142996,0.0
2019-03-15,10,0,115,120.18,120.18,0.0,-176.142996,0.0
2019-03-15,10,0,116,87.86,87.86,0.0,1860.767513,0.0
2019-03-15,10,0,117,8.01,8.01,0.0,-11.739935,0.0
2019-03-15,10,0,119,42.72,42.72,0.0,1273.569198,0.0
2019-03-15,10,0,120,25.12,25.12,0.0,748.877768,0.0
2019-03-15,10,0,123,2.83,2.83,0.0,8.629663,0.0
2019-03-15,10,0,125,136.85,136.85,0.0,417.303646,0.0
2019-03-15,10,0,126,127.39,127.39,0.0,388.456788,0.0
2019-03-15,10,0,127,163.49,163.49,0.0,498.538349,0.0
2019-03-15,10,0,128,196.01,196.01,0.0,597.703234,0.0
2019-03-15,10,0,131,29.2,29.2,0.0,68.246626,0.0
2019-03-15,10,0,132,47.12,47.12,0.0,110.129487,0.0
2019-03-15,10,0,133,41.94,41.94,0.0,339.48502,0.0
2019-03-15,10,0,134,0.0,0.0,0.0,0.0,0.0
2019-03-15,10,0,135,56.2,56.2,0.0,454.913164,0.0
2019-03-15,10,0,136,45.9,45.9,0.0,369.542648,0.0
2019-03-15,10,0,139,44.94,44.94,0.0,210.065461,0.0
2019-03-15,10,0,140,65.73,65.73,0.0,1392.081136,0.0
2019-03-15,10,0,141,70.88,70.88,0.0,556.515711,0.0
2019-03-15,10,0,142,297.63,297.63,0.0,2336.847788,0.0
2019-03-15,10,0,143,160.87,160.87,0.0,485.568477,0.0
2019-03-15,10,0,145,56.19,56.19,0.0,225.901831,0.0
2019-03-15,10,0,146,6.24,6.24,0.0,132.15558,0.0
2019-03-15,10,0,152,3.49,3.49,0.0,24.488064,0.0
2019-03-15,10,0,153,4.84,4.84,0.0,33.725662,0.0
2019-03-15,10,0,154,40.17,40.17,0.0,187.768793,0.0
2019-03-15,10,0,157,0.0,0.0,0.0,0.0,0.0
2019-03-15,10,0,158,213.44,213.44,0.0,1675.82835,0.0
2019-03-15,10,0,159,0.0,0.0,0.0,0.0,0.0
2019-03-15,10,0,160,1.73,1.73,0.0,12.936612,0.0
2019-03-15,10,0,161,42.96,42.96,0.0,150.338643,0.0
2019-03-15,10,0,162,91.77,91.77,0.0,2707.655826,0.0
2019-03-15,10,0,163,26.0,26.0,0.0,550.648251,0.0
2019-03-15,10,0,164,13.26,13.26,0.0,40.023858,0.0
2019-03-15,10,0,167,4.95,4.95,0.0,146.014472,0.0
2019-03-15,10,0,168,2.48,2.48,0.0,73.154725,0.0
2019-03-15,10,0,169,0.0,0.0,0.0,0.0,0.0
2019-03-15,10,0,170,5.42,5.42,0.0,159.878473,0.0
2019-03-15,10,0,172,6.47,6.47,0.0,177.510716,0.0
2019-03-15,10,0,173,9.86,9.86,0.0,270.51865,0.0
2019-03-15,10,0,188,8.81,8.81,0.0,252.483644,0.0
2019-03-15,10,0,190,7.26,7.26,0.0,216.435215,0.0
2019-03-15,10,0,191,18.75,18.75,0.0,558.975245,0.0
2019-03-15,10,0,192,51.25,51.25,0.0,1527.86567,0.0
2019-03-15,10,0,194,52.95,52.95,0.0,-325.288608,0.0
2019-03-15,10,0,196,4.75,4.75,0.0,126.149136,0.0
2019-03-15,10,0,198,7.67,7.67,0.0,65.680958,0.0
2019-03-15,10,0,199,39.0,39.0,0.0,252.870679,0.0
2019-03-15,10,0,200,14.97,14.97,0.0,97.063438,0.0
2019-03-15,10,0,204,257.1,257.1,0.0,1437.025228,0.0
2019-03-15,10,0,205,1010.31,1010.31,0.0,5775.987813,0.0
2019-03-15,10,0,206,539.94,539.94,0.0,1612.279197,0.0
2019-03-15,10,0,210,1.39,1.39,0.0,12.068791,0.0
2019-03-15,10,0,214,4.45,4.45,0.0,42.664203,0.0
2019-03-15,10,0,217,3.57,3.57,0.0,32.844745,0.0
2019-03-15,10,0,218,4.92,4.92,0.0,45.265027,0.0
2019-03-15,10,0,219,3.35,3.35,0.0,30.820699,0.0
2019-03-15,10,0,221,2.37,2.37,0.0,22.722284,0.0
2019-03-15,10,0,225,2.79,2.79,0.0,23.523974,0.0
2019-03-15,10,0,233,2.03,2.03,0.0,18.333205,0.0
2019-03-15,10,0,236,159.03,159.03,0.0,1204.333328,0.0
2019-03-15,10,0,237,248.36,248.36,0.0,1735.436936,0.0
2019-03-15,10,0,238,25.33,25.33,0.0,199.782256,0.0
2019-03-15,10,0,240,7.7,7.7,0.0,50.834196,0.0
2019-03-15,10,0,245,78.0,78.0,0.0,641.954477,0.0
2019-03-15,10,0,247,171.72,171.72,0.0,1413.287471,0.0
2019-03-15,10,0,248,27.11,27.11,0.0,189.433465,0.0
2019-03-15,10,0,249,150.0,150.0,0.0,1234.52784,0.0
2019-03-15,10,0,251,326.4,326.4,0.0,2608.249714,0.0
2019-03-15,10,0,252,267.06,267.06,0.0,2150.665257,0.0
2019-03-15,10,0,254,7.96,7.96,0.0,55.432715,0.0
2019-03-15,10,0,255,3.65,3.65,0.0,25.418267,0.0
2019-03-15,10,0,258,9.8,9.8,0.0,64.998652,0.0
2019-03-15,10,0,260,4.2,4.2,0.0,31.406803,0.0
2019-03-15,10,0,265,41.6,41.6,0.0,194.453119,0.0
2019-03-15,10,0,266,29.1,29.1,0.0,136.023696,0.0
2019-03-15,10,0,267,35.76,35.76,0.0,167.154893,0.0
2019-03-15,10,0,270,81.17,81.17,0.0,1719.081482,0.0
2019-03-15,10,0,272,401.64,401.64,0.0,-588.667606,0.0
2019-03-15,10,0,273,21.01,21.01,0.0,444.966144,0.0
2019-03-15,10,0,274,104.64,104.64,0.0,2216.147423,0.0
2019-03-15,10,0,275,145.65,145.65,0.0,3084.689145,0.0
2019-03-15,10,0,276,4.63,4.63,0.0,84.280275,0.0
2019-03-15,10,0,277,5.7,5.7,0.0,-4.831682,0.0
2019-03-15,10,0,278,9.12,9.12,0.0,-7.730692,0.0
2019-03-15,10,0,279,157.08,157.08,0.0,-133.150992,0.0
2019-03-15,10,0,281,34.06,34.06,0.0,102.80638,0.0
2019-03-15,10,0,282,206.55,206.55,0.0,623.448555,0.0
2019-03-15,11,0,9,3.27,3.27,0.0,-1267.625801,0.0
2019-03-15,11,0,17,14.67,14.67,0.0,177.91045,0.0
2019-03-15,11,0,19,0.0,0.0,0.0,0.0,0.0
2019-03-15,11,0,20,0.0,0.0,0.0,0.0,0.0
2019-03-15,11,0,21,74.75,74.75,0.0,-28977.072969,0.0
2019-03-15,11,0,22,265.67,265.67,0.0,-102987.812383,0.0
2019-03-15,11,0,23,35.42,35.42,0.0,-13730.674576,0.0
2019-03-15,11,0,24,62.64,62.64,0.0,-24282.593321,0.0
2019-03-15,11,0,29,5.33,5.33,0.0,54.47371,0.0
2019-03-15,11,0,30,589.87,589.87,0.0,-589870.0,0.0
2019-03-15,11,0,31,62.7,62.7,0.0,-62700.0,0.0
2019-03-15,11,0,32,6.36,6.36,0.0,225.125941,0.0
2019-03-15,11,0,33,1.04,1.04,0.0,16.473705,0.0
2019-03-15,11,0,34,1.66,1.66,0.0,26.294568,0.0
2019-03-15,11,0,35,1.66,1.66,0.0,26.294568,0.0
2019-03-15,11,0,36,10.19,10.19,0.0,68.992798,0.0
2019-03-15,11,0,37,4.44,4.44,0.0,30.136782,0.0
2019-03-15,11,0,38,5.7,5.7,0.0,38.689112,0.0
2019-03-15,11,0,39,3.8,3.8,0.0,25.792741,0.0
2019-03-15,11,0,40,3.8,3.8,0.0,25.792741,0.0
2019-03-15,11,0,41,34.8,34.8,0.0,-232.737937,0.0
2019-03-15,11,0,42,30.69,30.69,0.0,347.494901,0.0
2019-03-15,11,0,43,32.38,32.38,0.0,243.608997,0.0
2019-03-15,11,0,46,29.54,29.54,0.0,178.962421,0.0
2019-03-15,11,0,52,66.65,66.65,0.0,-66650.0,0.0
2019-03-15,11,0,53,108.56,108.56,0.0,-108560.0,0.0
2019-03-15,11,0,55,240.66,240.66,0.0,-93292.6071,0.0
2019-03-15,11,0,56,173.99,173.99,0.0,-173990.0,0.0
2019-03-15,11,0,57,165.5,165.5,0.0,-165500.0,0.0
2019-03-15,11,0,58,318.28,318.28,0.0,-318280.0,0.0
2019-03-15,11,0,59,312.97,312.97,0.0,-312970.0,0.0
2019-03-15,11,0,63,42.28,42.28,0.0,1582.437115,0.0
2019-03-15,11,0,64,49.74,49.74,0.0,1861.646691,0.0
2019-03-15,11,0,65,41.4,41.4,0.0,495.889516,0.0
2019-03-15,11,0,67,352.35,352.35,0.0,9570.017931,0.0
2019-03-15,11,0,68,16.17,16.17,0.0,494.77902,0.0
2019-03-15,11,0,69,1.04,1.04,0.0,16.473705,0.0
2019-03-15,11,0,74,144.48,144.48,0.0,1078.052615,0.0
2019-03-15,11,0,77,51.94,51.94,0.0,1775.291448,0.0
2019-03-15,11,0,78,39.27,39.27,0.0,1342.235178,0.0
2019-03-15,11,0,79,22.72,22.72,0.0,776.561835,0.0
2019-03-15,11,0,80,36.75,36.75,0.0,1256.10244,0.0
2019-03-15,11,0,81,48.05,48.05,0.0,1642.332577,0.0
2019-03-15,11,0,82,33.89,33.89,0.0,1158.348617,0.0
2019-03-15,11,0,83,75.57,75.57,0.0,2582.956772,0.0
2019-03-15,11,0,84,0.0,0.0,0.0,0.0,0.0
2019-03-15,11,0,86,5.27,5.27,0.0,83.477332,0.0
2019-03-15,11,0,87,26.9,26.9,0.0,426.098715,0.0
2019-03-15,11,0,88,51.18,51.18,0.0,1749.314908,0.0
2019-03-15,11,0,89,49.2,49.2,0.0,1681.639184,0.0
2019-03-15,11,0,90,66.06,66.06,0.0,2257.908222,0.0
2019-03-15,11,0,91,235.65,235.65,0.0,8054.436459,0.0
2019-03-15,11,0,92,84.75,84.75,0.0,2896.726034,0.0
2019-03-15,11,0,95,96.29,96.29,0.0,3411.779574,0.0
2019-03-15,11,0,96,29.16,29.16,0.0,1302.31167,0.0
2019-03-15,11,0,97,214.27,214.27,0.0,9569.489766,0.0
2019-03-15,11,0,99,31.0,31.0,0.0,231.309739,0.0
2019-03-15,11,0,101,11.88,11.88,0.0,-11880.0,0.0
2019-03-15,11,0,102,38.28,38.28,0.0,1171.313598,0.0
2019-03-15,11,0,103,33.29,33.29,0.0,1018.62669,0.0
2019-03-15,11,0,104,6.18,6.18,0.0,189.099217,0.0
2019-03-15,11,0,106,261.53,261.53,0.0,-101382.928342,0.0
2019-03-15,11,0,109,83.48,83.48,0.0,383.380043,0.0
2019-03-15,11,0,110,70.63,70.63,0.0,1174.731645,0.0
2019-03-15,11,0,111,14.85,14.85,0.0,-99.314896,0.0
2019-03-15,11,0,113,71.51,71.51,0.0,2325.441255,0.0
2019-03-15,11,0,115,71.51,71.51,0.0,2325.441255,0.0
2019-03-15,11,0,116,133.26,133.26,0.0,2216.405763,0.0
2019-03-15,11,0,117,4.81,4.81,0.0,156.416899,0.0
2019-03-15,11,0,119,49.74,49.74,0.0,1861.646691,0.0
2019-03-15,11,0,120,29.25,29.25,0.0,1094.756046,0.0
2019-03-15,11,0,123,4.36,4.36,0.0,-1690.167734,0.0
2019-03-15,11,0,125,56.69,56.69,0.0,-21976.057078,0.0
2019-03-15,11,0,126,196.15,196.15,0.0,-76038.165389,0.0
2019-03-15,11,0,127,251.72,251.72,0.0,-97580.05094,0.0
2019-03-15,11,0,128,81.17,81.17,0.0,-31465.806193,0.0
2019-03-15,11,0,131,20.22,20.22,0.0,637.269127,0.0
2019-03-15,11,0,132,29.73,29.73,0.0,936.993628,0.0
2019-03-15,11,0,133,41.94,41.94,0.0,509.21813,0.0
2019-03-15,11,0,134,0.0,0.0,0.0,0.0,0.0
2019-03-15,11,0,135,56.2,56.2,0.0,682.357151,0.0
2019-03-15,11,0,136,45.9,45.9,0.0,549.413852,0.0
2019-03-15,11,0,139,44.94,44.94,0.0,-300.552957,0.0
2019-03-15,11,0,140,52.27,52.27,0.0,869.36462,0.0
2019-03-15,11,0,141,49.64,49.64,0.0,1348.24944,0.0
2019-03-15,11,0,142,464.66,464.66,0.0,12620.418708,0.0
2019-03-15,11,0,143,114.68,114.68,0.0,-114680.0,0.0
2019-03-15,11,0,145,100.0,100.0,0.0,58.071869,0.0
2019-03-15,11,0,146,0.0,0.0,0.0,0.0,0.0
2019-03-15,11,0,152,5.3,5.3,0.0,42.795644,0.0
2019-03-15,11,0,153,7.18,7.18,0.0,56.689078,0.0
2019-03-15,11,0,154,61.25,61.25,0.0,-409.632145,0.0
2019-03-15,11,0,157,5.52,5.52,0.0,149.926207,0.0
2019-03-15,11,0,158,335.06,335.06,0.0,9100.412112,0.0
2019-03-15,11,0,159,0.0,0.0,0.0,0.0,0.0
2019-03-15,11,0,160,2.62,2.62,0.0,25.362564,0.0
2019-03-15,11,0,161,66.59,66.59,0.0,2037.559366,0.0
2019-03-15,11,0,162,162.5,162.5,0.0,5761.874978,0.0
2019-03-15,11,0,163,52.74,52.74,0.0,877.181749,0.0
2019-03-15,11,0,164,20.52,20.52,0.0,-20520.0,0.0
2019-03-15,11,0,167,7.31,7.31,0.0,258.617076,0.0
2019-03-15,11,0,168,3.65,3.65,0.0,129.131645,0.0
2019-03-15,11,0,169,0.0,0.0,0.0,0.0,0.0
2019-03-15,11,0,170,7.99,7.99,0.0,282.674479,0.0
2019-03-15,11,0,172,9.66,9.66,0.0,328.390858,0.0
2019-03-15,11,0,173,14.73,14.73,0.0,500.745067,0.0
2019-03-15,11,0,188,12.96,12.96,0.0,452.851401,0.0
2019-03-15,11,0,190,10.74,10.74,0.0,401.971963,0.0
2019-03-15,11,0,191,27.75,27.75,0.0,1038.61471,0.0
2019-03-15,11,0,192,63.37,63.37,0.0,2371.784295,0.0
2019-03-15,11,0,194,52.95,52.95,0.0,1775.356444,0.0
2019-03-15,11,0,196,7.16,7.16,0.0,293.02559,0.0
2019-03-15,11,0,198,11.41,11.41,0.0,146.797516,0.0
2019-03-15,11,0,199,56.82,56.82,0.0,1427.39273,0.0
2019-03-15,11,0,200,21.67,21.67,0.0,544.378748,0.0
2019-03-15,11,0,204,257.1,257.1,0.0,1113.305518,0.0
2019-03-15,11,0,205,545.8,545.8,0.0,2506.574357,0.0
2019-03-15,11,0,206,819.02,819.02,0.0,36578.165435,0.0
2019-03-15,11,0,210,2.02,2.02,0.0,22.593597,0.0
2019-03-15,11,0,214,6.6,6.6,0.0,118.970421,0.0
2019-03-15,11,0,217,5.19,5.19,0.0,78.247959,0.0
2019-03-15,11,0,218,7.17,7.17,0.0,108.099782,0.0
2019-03-15,11,0,219,4.88,4.88,0.0,73.574189,0.0
2019-03-15,11,0,221,3.52,3.52,0.0,63.450891,0.0
2019-03-15,11,0,225,4.08,4.08,0.0,41.318324,0.0
2019-03-15,11,0,233,2.98,2.98,0.0,47.203501,0.0
2019-03-15,11,0,236,159.03,159.03,0.0,1610.915889,0.0
2019-03-15,11,0,237,322.11,322.11,0.0,2403.457417,0.0
2019-03-15,11,0,238,39.94,39.94,0.0,452.230249,0.0
2019-03-15,11,0,240,11.55,11.55,0.0,78.200866,0.0
2019-03-15,11,0,245,78.0,78.0,0.0,988.82435,0.0
2019-03-15,11,0,247,171.72,171.72,0.0,2176.934839,0.0
2019-03-15,11,0,248,38.35,38.35,0.0,286.152532,0.0
2019-03-15,11,0,249,150.0,150.0,0.0,1901.585289,0.0
2019-03-15,11,0,251,326.4,326.4,0.0,3829.508626,0.0
2019-03-15,11,0,252,267.06,267.06,0.0,3198.846717,0.0
2019-03-15,11,0,254,12.06,12.06,0.0,97.26016,0.0
2019-03-15,11,0,255,5.53,5.53,0.0,44.597735,0.0
2019-03-15,11,0,258,14.66,14.66,0.0,101.039967,0.0
2019-03-15,11,0,260,6.36,6.36,0.0,61.56714,0.0
2019-03-15,11,0,265,63.41,63.41,0.0,-424.077948,0.0
2019-03-15,11,0,266,29.1,29.1,0.0,-194.617068,0.0
2019-03-15,11,0,267,35.76,35.76,0.0,-239.158294,0.0
2019-03-15,11,0,270,178.41,178.41,0.0,2967.349183,0.0
2019-03-15,11,0,272,238.79,238.79,0.0,7765.237272,0.0
2019-03-15,11,0,273,31.87,31.87,0.0,530.067925,0.0
2019-03-15,11,0,274,232.99,232.99,0.0,3875.134164,0.0
2019-03-15,11,0,275,328.74,328.74,0.0,5467.666445,0.0
2019-03-15,11,0,276,7.11,7.11,0.0,134.968775,0.0
2019-03-15,11,0,277,8.66,8.66,0.0,287.380784,0.0
2019-03-15,11,0,278,13.86,13.86,0.0,459.941994,0.0
2019-03-15,11,0,279,174.4,174.4,0.0,5787.437501,0.0
2019-03-15,11,0,281,27.34,27.34,0.0,-27340.0,0.0
2019-03-15,11,0,282,323.58,323.58,0.0,-323580.0,0.0
2019-03-15,12,0,9,4.24,4.24,0.0,-1672.967032,0.0
2019-03-15,12,0,17,18.41,18.41,0.0,343.948916,0.0
2019-03-15,12,0,19,192.99,192.99,0.0,3605.578562,0.0
2019-03-15,12,0,20,234.06,234.06,0.0,4372.877964,0.0
2019-03-15,12,0,21,97.06,97.06,0.0,-38296.74059,0.0
2019-03-15,12,0,22,344.94,344.94,0.0,-136102.181115,0.0
2019-03-15,12,0,23,19.22,19.22,0.0,-7583.59112,0.0
2019-03-15,12,0,24,32.18,32.18,0.0,-12697.188463,0.0
2019-03-15,12,0,29,6.55,6.55,0.0,22.48093,0.0
2019-03-15,12,0,30,761.28,761.28,0.0,-761280.0,0.0
2019-03-15,12,0,31,44.41,44.41,0.0,-44410.0,0.0
2019-03-15,12,0,32,7.77,7.77,0.0,196.311048,0.0
2019-03-15,12,0,33,1.35,1.35,0.0,35.554446,0.0
2019-03-15,12,0,34,2.16,2.16,0.0,56.887113,0.0
2019-03-15,12,0,35,2.16,2.16,0.0,56.887113,0.0
2019-03-15,12,0,36,13.35,13.35,0.0,85.165614,0.0
2019-03-15,12,0,37,5.83,5.83,0.0,36.024226,0.0
2019-03-15,12,0,38,7.5,7.5,0.0,46.343344,0.0
2019-03-15,12,0,39,5.0,5.0,0.0,30.895563,0.0
2019-03-15,12,0,40,5.0,5.0,0.0,30.895563,0.0
2019-03-15,12,0,41,34.8,34.8,0.0,-439.188394,0.0
2019-03-15,12,0,42,41.04,41.04,0.0,698.649534,0.0
2019-03-15,12,0,43,42.03,42.03,0.0,300.900597,0.0
2019-03-15,12,0,46,37.83,37.83,0.0,161.52492,0.0
2019-03-15,12,0,52,47.07,47.07,0.0,-47070.0,0.0
2019-03-15,12,0,53,74.79,74.79,0.0,-74790.0,0.0
2019-03-15,12,0,55,194.74,194.74,0.0,-76838.113151,0.0
2019-03-15,12,0,56,224.55,224.55,0.0,-224550.0,0.0
2019-03-15,12,0,57,213.6,213.6,0.0,-213600.0,0.0
2019-03-15,12,0,58,410.76,410.76,0.0,-410760.0,0.0
2019-03-15,12,0,59,403.92,403.92,0.0,-403920.0,0.0
2019-03-15,12,0,63,50.62,50.62,0.0,1615.77603,0.0
2019-03-15,12,0,64,59.55,59.55,0.0,1900.819094,0.0
2019-03-15,12,0,65,41.4,41.4,0.0,760.705329,0.0
2019-03-15,12,0,67,461.58,461.58,0.0,-4280.158947,0.0
2019-03-15,12,0,68,17.3,17.3,0.0,36.746749,0.0
2019-03-15,12,0,69,1.35,1.35,0.0,35.554446,0.0
2019-03-15,12,0,74,217.6,217.6,0.0,2066.697757,0.0
2019-03-15,12,0,77,47.67,47.67,0.0,617.75334,0.0
2019-03-15,12,0,78,36.04,36.04,0.0,467.040704,0.0
2019-03-15,12,0,79,20.86,20.86,0.0,270.323782,0.0
2019-03-15,12,0,80,33.73,33.73,0.0,437.10552,0.0
2019-03-15,12,0,81,44.1,44.1,0.0,571.489874,0.0
2019-03-15,12,0,82,31.11,31.11,0.0,403.153061,0.0
2019-03-15,12,0,83,69.36,69.36,0.0,898.833053,0.0
2019-03-15,12,0,84,0.0,0.0,0.0,0.0,0.0
2019-03-15,12,0,86,6.85,6.85,0.0,180.405891,0.0
2019-03-15,12,0,87,34.98,34.98,0.0,921.25519,0.0
2019-03-15,12,0,88,51.18,51.18,0.0,663.239269,0.0
2019-03-15,12,0,89,49.2,49.2,0.0,637.580539,0.0
2019-03-15,12,0,90,66.06,66.06,0.0,856.068505,0.0
2019-03-15,12,0,91,235.65,235.65,0.0,3053.777523,0.0
2019-03-15,12,0,92,84.75,84.75,0.0,1098.271356,0.0
2019-03-15,12,0,95,120.0,120.0,0.0,3049.643213,0.0
2019-03-15,12,0,96,24.53,24.53,0.0,799.491111,0.0
2019-03-15,12,0,97,150.82,150.82,0.0,4915.582935,0.0
2019-03-15,12,0,99,42.0,42.0,0.0,398.90306,0.0
2019-03-15,12,0,101,15.34,15.34,0.0,-15340.0,0.0
2019-03-15,12,0,102,40.97,40.97,0.0,87.023948,0.0
2019-03-15,12,0,103,35.63,35.63,0.0,75.68131,0.0
2019-03-15,12,0,104,6.62,6.62,0.0,14.061473,0.0
2019-03-15,12,0,106,339.56,339.56,0.0,-133979.406909,0.0
2019-03-15,12,0,109,60.0,60.0,0.0,95.818908,0.0
2019-03-15,12,0,110,56.11,56.11,0.0,-2478.596139,0.0
2019-03-15,12,0,111,20.2,20.2,0.0,-254.931194,0.0
2019-03-15,12,0,113,40.53,40.53,0.0,440.057764,0.0
2019-03-15,12,0,115,40.53,40.53,0.0,440.057764,0.0
2019-03-15,12,0,116,171.54,171.54,0.0,-7577.586556,0.0
2019-03-15,12,0,117,2.7,2.7,0.0,29.315469,0.0
2019-03-15,12,0,119,59.55,59.55,0.0,1900.819094,0.0
2019-03-15,12,0,120,35.02,35.02,0.0,1117.828458,0.0
2019-03-15,12,0,123,5.66,5.66,0.0,-2233.25316,0.0
2019-03-15,12,0,125,29.45,29.45,0.0,-11620.018652,0.0
2019-03-15,12,0,126,254.67,254.67,0.0,-100484.555182,0.0
2019-03-15,12,0,127,326.83,326.83,0.0,-128956.560137,0.0
2019-03-15,12,0,128,40.37,40.37,0.0,-15928.697894,0.0
2019-03-15,12,0,131,18.72,18.72,0.0,96.742325,0.0
2019-03-15,12,0,132,27.52,27.52,0.0,142.219486,0.0
2019-03-15,12,0,133,41.94,41.94,0.0,784.771177,0.0
2019-03-15,12,0,134,0.0,0.0,0.0,0.0,0.0
2019-03-15,12,0,135,56.2,56.2,0.0,1051.600862,0.0
2019-03-15,12,0,136,45.9,45.9,0.0,842.61409,0.0
2019-03-15,12,0,139,44.94,44.94,0.0,-567.158806,0.0
2019-03-15,12,0,140,41.53,41.53,0.0,-1834.541038,0.0
2019-03-15,12,0,141,33.48,33.48,0.0,-310.454789,0.0
2019-03-15,12,0,142,608.7,608.7,0.0,-5644.379633,0.0
2019-03-15,12,0,143,77.97,77.97,0.0,-77970.0,0.0
2019-03-15,12,0,145,56.25,56.25,0.0,-434.076093,0.0
2019-03-15,12,0,146,0.0,0.0,0.0,-0.0,0.0
2019-03-15,12,0,152,6.96,6.96,0.0,70.022631,0.0
2019-03-15,12,0,153,9.48,9.48,0.0,91.707551,0.0
2019-03-15,12,0,154,83.34,83.34,0.0,-1051.780482,0.0
2019-03-15,12,0,157,15.99,15.99,0.0,-148.272762,0.0
2019-03-15,12,0,158,444.49,444.49,0.0,-4121.686057,0.0
2019-03-15,12,0,159,0.0,0.0,0.0,0.0,0.0
2019-03-15,12,0,160,3.38,3.38,0.0,35.363722,0.0
2019-03-15,12,0,161,86.11,86.11,0.0,182.90535,0.0
2019-03-15,12,0,162,162.5,162.5,0.0,4142.797722,0.0
2019-03-15,12,0,163,81.25,81.25,0.0,-3589.127362,0.0
2019-03-15,12,0,164,27.28,27.28,0.0,-27280.0,0.0
2019-03-15,12,0,167,9.1,9.1,0.0,229.637197,0.0
2019-03-15,12,0,168,4.55,4.55,0.0,114.818598,0.0
2019-03-15,12,0,169,0.0,0.0,0.0,0.0,0.0
2019-03-15,12,0,170,9.95,9.95,0.0,251.086825,0.0
2019-03-15,12,0,172,11.81,11.81,0.0,251.327805,0.0
2019-03-15,12,0,173,18.0,18.0,0.0,383.056773,0.0
2019-03-15,12,0,188,15.75,15.75,0.0,375.586377,0.0
2019-03-15,12,0,190,13.43,13.43,0.0,428.681787,0.0
2019-03-15,12,0,191,34.69,34.69,0.0,1107.294952,0.0
2019-03-15,12,0,192,88.84,88.84,0.0,2835.747579,0.0
2019-03-15,12,0,194,52.95,52.95,0.0,920.29105,0.0
2019-03-15,12,0,196,9.32,9.32,0.0,408.089156,0.0
2019-03-15,12,0,198,14.37,14.37,0.0,206.479022,0.0
2019-03-15,12,0,199,113.69,113.69,0.0,1599.746471,0.0
2019-03-15,12,0,200,26.84,26.84,0.0,377.669059,0.0
2019-03-15,12,0,204,257.1,257.1,0.0,221.566582,0.0
2019-03-15,12,0,205,317.4,317.4,0.0,506.882023,0.0
2019-03-15,12,0,206,443.18,443.18,0.0,14444.291506,0.0
2019-03-15,12,0,210,2.5,2.5,0.0,10.940746,0.0
2019-03-15,12,0,214,8.53,8.53,0.0,263.222131,0.0
2019-03-15,12,0,217,6.56,6.56,0.0,132.140172,0.0
2019-03-15,12,0,218,9.05,9.05,0.0,182.297036,0.0
2019-03-15,12,0,219,6.16,6.16,0.0,124.082844,0.0
2019-03-15,12,0,221,4.55,4.55,0.0,140.405709,0.0
2019-03-15,12,0,225,5.07,5.07,0.0,16.939016,0.0
2019-03-15,12,0,233,3.88,3.88,0.0,102.18611,0.0
2019-03-15,12,0,236,159.03,159.03,0.0,2305.458604,0.0
2019-03-15,12,0,237,522.0,522.0,0.0,4957.795171,0.0
2019-03-15,12,0,238,53.42,53.42,0.0,909.402001,0.0
2019-03-15,12,0,240,15.13,15.13,0.0,96.52103,0.0
2019-03-15,12,0,245,78.0,78.0,0.0,1545.652239,0.0
2019-03-15,12,0,247,171.72,171.72,0.0,3402.812853,0.0
2019-03-15,12,0,248,52.4,52.4,0.0,497.679056,0.0
2019-03-15,12,0,249,150.0,150.0,0.0,2972.408152,0.0
2019-03-15,12,0,251,326.4,326.4,0.0,5832.283617,0.0
2019-03-15,12,0,252,267.06,267.06,0.0,4907.100609,0.0
2019-03-15,12,0,254,16.02,16.02,0.0,127.969998,0.0
2019-03-15,12,0,255,7.34,7.34,0.0,58.632945,0.0
2019-03-15,12,0,258,19.02,19.02,0.0,123.732348,0.0
2019-03-15,12,0,260,8.2,8.2,0.0,85.793645,0.0
2019-03-15,12,0,265,86.29,86.29,0.0,-1089.010533,0.0
2019-03-15,12,0,266,29.1,29.1,0.0,-367.252364,0.0
2019-03-15,12,0,267,35.76,35.76,0.0,-451.303936,0.0
2019-03-15,12,0,270,253.75,253.75,0.0,-11209.120838,0.0
2019-03-15,12,0,272,135.46,135.46,0.0,1470.767943,0.0
2019-03-15,12,0,273,41.02,41.02,0.0,-1812.012362,0.0
2019-03-15,12,0,274,327.12,327.12,0.0,-14450.158063,0.0
2019-03-15,12,0,275,455.35,455.35,0.0,-20114.574083,0.0
2019-03-15,12,0,276,9.18,9.18,0.0,-333.979521,0.0
2019-03-15,12,0,277,11.13,11.13,0.0,130.221617,0.0
2019-03-15,12,0,278,17.81,17.81,0.0,208.377988,0.0
2019-03-15,12,0,279,194.28,194.28,0.0,2273.086775,0.0
2019-03-15,12,0,281,19.93,19.93,0.0,-19930.0,0.0
2019-03-15,12,0,282,417.61,417.61,0.0,-417610.0,0.0
2019-03-15,13,0,9,4.69,4.69,0.0,-1859.622584,0.0
2019-03-15,13,0,17,23.83,23.83,0.0,246.126201,0.0
2019-03-15,13,0,19,192.99,192.99,0.0,1993.28139,0.0
2019-03-15,13,0,20,234.06,234.06,0.0,2417.469517,0.0
2019-03-15,13,0,21,107.21,107.21,0.0,-42509.624147,0.0
2019-03-15,13,0,22,381.03,381.03,0.0,-151081.448455,0.0
2019-03-15,13,0,23,26.05,26.05,0.0,-10329.033757,0.0
2019-03-15,13,0,24,45.49,45.49,0.0,-18037.149543,0.0
2019-03-15,13,0,29,4.42,4.42,0.0,21.913976,0.0
2019-03-15,13,0,30,823.33,823.33,0.0,-823330.0,0.0
2019-03-15,13,0,31,28.51,28.51,0.0,-28510.0,0.0
2019-03-15,13,0,32,8.59,8.59,0.0,191.678012,0.0
2019-03-15,13,0,33,1.38,1.38,0.0,22.855024,0.0
2019-03-15,13,0,34,2.21,2.21,0.0,36.601161,0.0
2019-03-15,13,0,35,2.21,2.21,0.0,36.601161,0.0
2019-03-15,13,0,36,10.41,10.41,0.0,8.095971,0.0
2019-03-15,13,0,37,3.8,3.8,0.0,2.643306,0.0
2019-03-15,13,0,38,4.89,4.89,0.0,3.401517,0.0
2019-03-15,13,0,39,3.26,3.26,0.0,2.267678,0.0
2019-03-15,13,0,40,3.26,3.26,0.0,2.267678,0.0
2019-03-15,13,0,41,28.15,28.15,0.0,-480.703029,0.0
2019-03-15,13,0,42,49.76,49.76,0.0,446.709461,0.0
2019-03-15,13,0,43,38.92,38.92,0.0,71.06671,0.0
2019-03-15,13,0,46,40.79,40.79,0.0,-35.878803,0.0
2019-03-15,13,0,52,30.22,30.22,0.0,-30220.0,0.0
2019-03-15,13,0,53,48.01,48.01,0.0,-48010.0,0.0
2019-03-15,13,0,55,105.71,105.71,0.0,-41914.862127,0.0
2019-03-15,13,0,56,242.85,242.85,0.0,-242850.0,0.0
2019-03-15,13,0,57,231.01,231.01,0.0,-231010.0,0.0
2019-03-15,13,0,58,444.24,444.24,0.0,-444240.0,0.0
2019-03-15,13,0,59,436.84,436.84,0.0,-436840.0,0.0
2019-03-15,13,0,63,51.0,51.0,0.0,1459.871299,0.0
2019-03-15,13,0,64,60.0,60.0,0.0,1717.495645,0.0
2019-03-15,13,0,65,41.4,41.4,0.0,417.205517,0.0
2019-03-15,13,0,67,518.1,518.1,0.0,-4360.055886,0.0
2019-03-15,13,0,68,18.62,18.62,0.0,37.539223,0.0
2019-03-15,13,0,69,1.38,1.38,0.0,22.855024,0.0
2019-03-15,13,0,74,217.6,217.6,0.0,595.65865,0.0
2019-03-15,13,0,77,43.5,43.5,0.0,517.535569,0.0
2019-03-15,13,0,78,32.88,32.88,0.0,391.185506,0.0
2019-03-15,13,0,79,19.03,19.03,0.0,226.40694,0.0
2019-03-15,13,0,80,30.77,30.77,0.0,366.082057,0.0
2019-03-15,13,0,81,40.23,40.23,0.0,478.631171,0.0
2019-03-15,13,0,82,28.38,28.38,0.0,337.647344,0.0
2019-03-15,13,0,83,63.29,63.29,0.0,752.98451,0.0
2019-03-15,13,0,84,0.0,0.0,0.0,0.0,0.0
2019-03-15,13,0,86,6.99,6.99,0.0,115.765664,0.0
2019-03-15,13,0,87,35.69,35.69,0.0,591.083914,0.0
2019-03-15,13,0,88,50.22,50.22,0.0,597.485892,0.0
2019-03-15,13,0,89,48.28,48.28,0.0,574.404995,0.0
2019-03-15,13,0,90,64.83,64.83,0.0,771.306459,0.0
2019-03-15,13,0,91,231.25,231.25,0.0,2751.266676,0.0
2019-03-15,13,0,92,83.17,83.17,0.0,989.504214,0.0
2019-03-15,13,0,95,120.0,120.0,0.0,2691.568394,0.0
2019-03-15,13,0,96,22.04,22.04,0.0,646.783308,0.0
2019-03-15,13,0,97,135.5,135.5,0.0,3976.367435,0.0
2019-03-15,13,0,99,42.0,42.0,0.0,114.970879,0.0
2019-03-15,13,0,101,16.59,16.59,0.0,-16590.0,0.0
2019-03-15,13,0,102,44.08,44.08,0.0,88.868366,0.0
2019-03-15,13,0,103,38.33,38.33,0.0,77.275963,0.0
2019-03-15,13,0,104,7.12,7.12,0.0,14.354418,0.0
2019-03-15,13,0,106,375.09,375.09,0.0,-148726.190854,0.0
2019-03-15,13,0,109,60.0,60.0,0.0,-208.84208,0.0
2019-03-15,13,0,110,45.87,45.87,0.0,-1851.320976,0.0
2019-03-15,13,0,111,20.04,20.04,0.0,-342.212743,0.0
2019-03-15,13,0,113,43.11,43.11,0.0,435.045452,0.0
2019-03-15,13,0,115,43.11,43.11,0.0,435.045452,0.0
2019-03-15,13,0,116,193.2,193.2,0.0,-7797.584752,0.0
2019-03-15,13,0,117,2.87,2.87,0.0,28.962664,0.0
2019-03-15,13,0,119,60.0,60.0,0.0,1717.495645,0.0
2019-03-15,13,0,120,35.28,35.28,0.0,1009.887439,0.0
2019-03-15,13,0,123,6.25,6.25,0.0,-2478.175086,0.0
2019-03-15,13,0,125,41.31,41.31,0.0,-16379.746045,0.0
2019-03-15,13,0,126,281.32,281.32,0.0,-111545.63441,0.0
2019-03-15,13,0,127,361.03,361.03,0.0,-143151.288181,0.0
2019-03-15,13,0,128,58.31,58.31,0.0,-23120.382278,0.0
2019-03-15,13,0,131,17.37,17.37,0.0,83.410974,0.0
2019-03-15,13,0,132,25.53,25.53,0.0,122.595404,0.0
2019-03-15,13,0,133,41.94,41.94,0.0,434.16561,0.0
2019-03-15,13,0,134,0.0,0.0,0.0,0.0,0.0
2019-03-15,13,0,135,56.2,56.2,0.0,581.786058,0.0
2019-03-15,13,0,136,45.9,45.9,0.0,461.921494,0.0
2019-03-15,13,0,139,36.35,36.35,0.0,-620.730199,0.0
2019-03-15,13,0,140,33.95,33.95,0.0,-1370.227755,0.0
2019-03-15,13,0,141,21.1,21.1,0.0,-177.566453,0.0
2019-03-15,13,0,142,683.24,683.24,0.0,-5749.786882,0.0
2019-03-15,13,0,143,50.43,50.43,0.0,-50430.0,0.0
2019-03-15,13,0,145,100.0,100.0,0.0,-1156.907521,0.0
2019-03-15,13,0,146,0.0,0.0,0.0,-0.0,0.0
2019-03-15,13,0,152,4.98,4.98,0.0,16.807147,0.0
2019-03-15,13,0,153,6.44,6.44,0.0,19.733895,0.0
2019-03-15,13,0,154,82.66,82.66,0.0,-1411.542181,0.0
2019-03-15,13,0,157,36.57,36.57,0.0,-307.7538,0.0
2019-03-15,13,0,158,517.03,517.03,0.0,-4351.051331,0.0
2019-03-15,13,0,159,0.0,0.0,0.0,0.0,0.0
2019-03-15,13,0,160,3.25,3.25,0.0,17.381348,0.0
2019-03-15,13,0,161,96.47,96.47,0.0,194.490273,0.0
2019-03-15,13,0,162,162.5,162.5,0.0,3657.557054,0.0
2019-03-15,13,0,163,61.42,61.42,0.0,-2478.921612,0.0
2019-03-15,13,0,164,29.95,29.95,0.0,-29950.0,0.0
2019-03-15,13,0,167,10.17,10.17,0.0,226.404864,0.0
2019-03-15,13,0,168,5.09,5.09,0.0,113.313742,0.0
2019-03-15,13,0,169,0.0,0.0,0.0,0.0,0.0
2019-03-15,13,0,170,11.13,11.13,0.0,247.776414,0.0
2019-03-15,13,0,172,13.08,13.08,0.0,236.384211,0.0
2019-03-15,13,0,173,19.93,19.93,0.0,360.178695,0.0
2019-03-15,13,0,188,17.31,17.31,0.0,362.019924,0.0
2019-03-15,13,0,190,15.23,15.23,0.0,435.957645,0.0
2019-03-15,13,0,191,39.35,39.35,0.0,1126.390894,0.0
2019-03-15,13,0,192,132.31,132.31,0.0,3787.364147,0.0
2019-03-15,13,0,194,52.95,52.95,0.0,856.27819,0.0
2019-03-15,13,0,196,10.52,10.52,0.0,416.313547,0.0
2019-03-15,13,0,198,14.14,14.14,0.0,146.949799,0.0
2019-03-15,13,0,199,73.53,73.53,0.0,1599.801578,0.0
2019-03-15,13,0,200,30.66,30.66,0.0,667.073526,0.0
2019-03-15,13,0,204,257.1,257.1,0.0,-1046.578522,0.0
2019-03-15,13,0,205,317.4,317.4,0.0,-1104.774603,0.0
2019-03-15,13,0,206,398.17,398.17,0.0,11684.651082,0.0
2019-03-15,13,0,210,1.52,1.52,0.0,10.099528,0.0
2019-03-15,13,0,214,7.88,7.88,0.0,159.49159,0.0
2019-03-15,13,0,217,5.29,5.29,0.0,75.953725,0.0
2019-03-15,13,0,218,7.3,7.3,0.0,104.813269,0.0
2019-03-15,13,0,219,4.97,4.97,0.0,71.359171,0.0
2019-03-15,13,0,221,4.2,4.2,0.0,85.008208,0.0
2019-03-15,13,0,225,3.84,3.84,0.0,18.412959,0.0
2019-03-15,13,0,233,3.96,3.96,0.0,65.583982,0.0
2019-03-15,13,0,236,319.85,319.85,0.0,2218.716213,0.0
2019-03-15,13,0,237,522.0,522.0,0.0,1428.923784,0.0
2019-03-15,13,0,238,64.76,64.76,0.0,581.368664,0.0
2019-03-15,13,0,240,11.8,11.8,0.0,9.176989,0.0
2019-03-15,13,0,245,78.0,78.0,0.0,877.607801,0.0
2019-03-15,13,0,247,171.72,171.72,0.0,1932.087327,0.0
2019-03-15,13,0,248,52.4,52.4,0.0,143.439859,0.0
2019-03-15,13,0,249,150.0,150.0,0.0,1687.707309,0.0
2019-03-15,13,0,251,326.4,326.4,0.0,3154.768272,0.0
2019-03-15,13,0,252,267.06,267.06,0.0,2691.277907,0.0
2019-03-15,13,0,254,12.27,12.27,0.0,33.249223,0.0
2019-03-15,13,0,255,5.62,5.62,0.0,15.229065,0.0
2019-03-15,13,0,258,16.47,16.47,0.0,15.597307,0.0
2019-03-15,13,0,260,7.89,7.89,0.0,42.196564,0.0
2019-03-15,13,0,265,85.58,85.58,0.0,-1461.405515,0.0
2019-03-15,13,0,266,23.54,23.54,0.0,-401.980437,0.0
2019-03-15,13,0,267,28.92,28.92,0.0,-493.851922,0.0
2019-03-15,13,0,270,191.12,191.12,0.0,-7713.6356,0.0
2019-03-15,13,0,272,144.08,144.08,0.0,1453.986285,0.0
2019-03-15,13,0,273,46.2,46.2,0.0,-1864.639832,0.0
2019-03-15,13,0,274,246.27,246.27,0.0,-9939.498949,0.0
2019-03-15,13,0,275,342.66,342.66,0.0,-13829.815689,0.0
2019-03-15,13,0,276,10.37,10.37,0.0,-344.570137,0.0
2019-03-15,13,0,277,12.63,12.63,0.0,136.599948,0.0
2019-03-15,13,0,278,20.21,20.21,0.0,218.581548,0.0
2019-03-15,13,0,279,308.82,308.82,0.0,3340.047193,0.0
2019-03-15,13,0,281,12.79,12.79,0.0,-12790.0,0.0
2019-03-15,13,0,282,451.65,451.65,0.0,-451650.0,0.0
2019-03-15,14,0,9,4.87,4.87,0.0,-1930.451021,0.0
2019-03-15,14,0,17,24.39,24.39,0.0,253.164515,0.0
2019-03-15,14,0,19,192.99,192.99,0.0,2003.207043,0.0
2019-03-15,14,0,20,234.06,234.06,0.0,2429.507438,0.0
2019-03-15,14,0,21,111.31,111.31,0.0,-44122.895926,0.0
2019-03-15,14,0,22,395.58,395.58,0.0,-156806.532841,0.0
2019-03-15,14,0,23,8.85,8.85,0.0,-3508.109145,0.0
2019-03-15,14,0,24,15.22,15.22,0.0,-6033.154937,0.0
2019-03-15,14,0,29,4.43,4.43,0.0,21.951245,0.0
2019-03-15,14,0,30,877.57,877.57,0.0,-877570.0,0.0
2019-03-15,14,0,31,34.04,34.04,0.0,-34040.0,0.0
2019-03-15,14,0,32,8.55,8.55,0.0,199.649027,0.0
2019-03-15,14,0,33,1.41,1.41,0.0,23.37674,0.0
2019-03-15,14,0,34,2.25,2.25,0.0,37.303309,0.0
2019-03-15,14,0,35,2.25,2.25,0.0,37.303309,0.0
2019-03-15,14,0,36,10.83,10.83,0.0,9.677947,0.0
2019-03-15,14,0,37,3.86,3.86,0.0,3.142733,0.0
2019-03-15,14,0,38,4.96,4.96,0.0,4.03833,0.0
2019-03-15,14,0,39,3.31,3.31,0.0,2.694934,0.0
2019-03-15,14,0,40,3.31,3.31,0.0,2.694934,0.0
2019-03-15,14,0,41,23.47,23.47,0.0,-397.366663,0.0
2019-03-15,14,0,42,51.7,51.7,0.0,467.163083,0.0
2019-03-15,14,0,43,39.92,39.92,0.0,77.725323,0.0
2019-03-15,14,0,46,41.41,41.41,0.0,-31.162432,0.0
2019-03-15,14,0,52,36.08,36.08,0.0,-36080.0,0.0
2019-03-15,14,0,53,57.32,57.32,0.0,-57320.0,0.0
2019-03-15,14,0,55,99.96,99.96,0.0,-39623.795497,0.0
2019-03-15,14,0,56,258.85,258.85,0.0,-258850.0,0.0
2019-03-15,14,0,57,246.23,246.23,0.0,-246230.0,0.0
2019-03-15,14,0,58,473.51,473.51,0.0,-473510.0,0.0
2019-03-15,14,0,59,465.62,465.62,0.0,-465620.0,0.0
2019-03-15,14,0,63,51.0,51.0,0.0,1520.225267,0.0
2019-03-15,14,0,64,60.0,60.0,0.0,1788.500314,0.0
2019-03-15,14,0,65,41.4,41.4,0.0,419.391093,0.0
2019-03-15,14,0,67,526.66,526.66,0.0,-4592.173967,0.0
2019-03-15,14,0,68,7.5,7.5,0.0,15.120525,0.0
2019-03-15,14,0,69,1.41,1.41,0.0,23.37674,0.0
2019-03-15,14,0,74,210.31,210.31,0.0,594.511832,0.0
2019-03-15,14,0,77,31.84,31.84,0.0,386.744796,0.0
2019-03-15,14,0,78,24.07,24.07,0.0,292.366434,0.0
2019-03-15,14,0,79,13.93,13.93,0.0,169.200848,0.0
2019-03-15,14,0,80,22.52,22.52,0.0,273.539347,0.0
2019-03-15,14,0,81,29.45,29.45,0.0,357.714644,0.0
2019-03-15,14,0,82,20.77,20.77,0.0,252.282959,0.0
2019-03-15,14,0,83,46.32,46.32,0.0,562.626224,0.0
2019-03-15,14,0,84,0.0,0.0,0.0,0.0,0.0
2019-03-15,14,0,86,7.12,7.12,0.0,118.044249,0.0
2019-03-15,14,0,87,36.35,36.35,0.0,602.655682,0.0
2019-03-15,14,0,88,37.93,37.93,0.0,460.717027,0.0
2019-03-15,14,0,89,36.46,36.46,0.0,442.861661,0.0
2019-03-15,14,0,90,48.96,48.96,0.0,594.693003,0.0
2019-03-15,14,0,91,174.64,174.64,0.0,2121.266057,0.0
2019-03-15,14,0,92,62.81,62.81,0.0,762.922131,0.0
2019-03-15,14,0,95,120.0,120.0,0.0,2816.910762,0.0
2019-03-15,14,0,96,16.91,16.91,0.0,499.485013,0.0
2019-03-15,14,0,97,113.37,113.37,0.0,3348.705852,0.0
2019-03-15,14,0,99,40.59,40.59,0.0,114.741264,0.0
2019-03-15,14,0,101,17.68,17.68,0.0,-17680.0,0.0
2019-03-15,14,0,102,17.72,17.72,0.0,35.72476,0.0
2019-03-15,14,0,103,15.41,15.41,0.0,31.067639,0.0
2019-03-15,14,0,104,2.89,2.89,0.0,5.826442,0.0
2019-03-15,14,0,106,389.41,389.41,0.0,-154360.766352,0.0
2019-03-15,14,0,109,60.0,60.0,0.0,-201.010478,0.0
2019-03-15,14,0,110,40.29,40.29,0.0,-1675.860004,0.0
2019-03-15,14,0,111,20.98,20.98,0.0,-355.208887,0.0
2019-03-15,14,0,113,33.01,33.01,0.0,343.81296,0.0
2019-03-15,14,0,115,33.01,33.01,0.0,343.81296,0.0
2019-03-15,14,0,116,201.23,201.23,0.0,-8370.149135,0.0
2019-03-15,14,0,117,2.2,2.2,0.0,22.91392,0.0
2019-03-15,14,0,119,60.0,60.0,0.0,1788.500314,0.0
2019-03-15,14,0,120,35.28,35.28,0.0,1051.638184,0.0
2019-03-15,14,0,123,6.49,6.49,0.0,-2572.613373,0.0
2019-03-15,14,0,125,13.87,13.87,0.0,-5498.019643,0.0
2019-03-15,14,0,126,292.06,292.06,0.0,-115771.565755,0.0
2019-03-15,14,0,127,374.81,374.81,0.0,-148573.377254,0.0
2019-03-15,14,0,128,19.25,19.25,0.0,-7630.632886,0.0
2019-03-15,14,0,131,12.32,12.32,0.0,60.160911,0.0
2019-03-15,14,0,132,18.12,18.12,0.0,88.483419,0.0
2019-03-15,14,0,133,41.94,41.94,0.0,436.317246,0.0
2019-03-15,14,0,134,0.0,0.0,0.0,0.0,0.0
2019-03-15,14,0,135,56.2,56.2,0.0,584.66927,0.0
2019-03-15,14,0,136,45.9,45.9,0.0,464.348061,0.0
2019-03-15,14,0,139,30.31,30.31,0.0,-513.173564,0.0
2019-03-15,14,0,140,29.82,29.82,0.0,-1240.361016,0.0
2019-03-15,14,0,141,12.53,12.53,0.0,-109.254433,0.0
2019-03-15,14,0,142,694.54,694.54,0.0,-6055.991545,0.0
2019-03-15,14,0,143,66.33,66.33,0.0,-66330.0,0.0
2019-03-15,14,0,145,55.29,55.29,0.0,-630.622807,0.0
2019-03-15,14,0,146,0.0,0.0,0.0,-0.0,0.0
2019-03-15,14,0,152,5.13,5.13,0.0,17.780554,0.0
2019-03-15,14,0,153,6.6,6.6,0.0,20.837164,0.0
2019-03-15,14,0,154,86.53,86.53,0.0,-1465.025024,0.0
2019-03-15,14,0,157,40.87,40.87,0.0,-356.363024,0.0
2019-03-15,14,0,158,532.84,532.84,0.0,-4646.060033,0.0
2019-03-15,14,0,159,0.0,0.0,0.0,0.0,0.0
2019-03-15,14,0,160,3.36,3.36,0.0,18.383973,0.0
2019-03-15,14,0,161,99.12,99.12,0.0,199.832859,0.0
2019-03-15,14,0,162,162.5,162.5,0.0,3827.520211,0.0
2019-03-15,14,0,163,61.46,61.46,0.0,-2556.424817,0.0
2019-03-15,14,0,164,30.44,30.44,0.0,-30440.0,0.0
2019-03-15,14,0,167,10.06,10.06,0.0,234.420765,0.0
2019-03-15,14,0,168,5.03,5.03,0.0,117.210383,0.0
2019-03-15,14,0,169,0.0,0.0,0.0,0.0,0.0
2019-03-15,14,0,170,11.0,11.0,0.0,256.324892,0.0
2019-03-15,14,0,172,12.98,12.98,0.0,247.986825,0.0
2019-03-15,14,0,173,19.78,19.78,0.0,377.902881,0.0
2019-03-15,14,0,188,17.39,17.39,0.0,381.350635,0.0
2019-03-15,14,0,190,15.9,15.9,0.0,473.952583,0.0
2019-03-15,14,0,191,41.08,41.08,0.0,1224.526548,0.0
2019-03-15,14,0,192,126.53,126.53,0.0,3771.649078,0.0
2019-03-15,14,0,194,52.95,52.95,0.0,889.101986,0.0
2019-03-15,14,0,196,10.85,10.85,0.0,445.654617,0.0
2019-03-15,14,0,198,14.58,14.58,0.0,153.620517,0.0
2019-03-15,14,0,199,130.0,130.0,0.0,2894.175348,0.0
2019-03-15,14,0,200,31.11,31.11,0.0,692.598424,0.0
2019-03-15,14,0,204,257.1,257.1,0.0,-1012.089164,0.0
2019-03-15,14,0,205,317.4,317.4,0.0,-1063.34543,0.0
2019-03-15,14,0,206,401.32,401.32,0.0,11854.129245,0.0
2019-03-15,14,0,210,1.51,1.51,0.0,10.017514,0.0
2019-03-15,14,0,214,7.98,7.98,0.0,161.496284,0.0
2019-03-15,14,0,217,5.23,5.23,0.0,75.063401,0.0
2019-03-15,14,0,218,7.22,7.22,0.0,103.62481,0.0
2019-03-15,14,0,219,4.92,4.92,0.0,70.614136,0.0
2019-03-15,14,0,221,4.25,4.25,0.0,86.009926,0.0
2019-03-15,14,0,225,3.89,3.89,0.0,18.644731,0.0
2019-03-15,14,0,233,4.03,4.03,0.0,66.814371,0.0
2019-03-15,14,0,236,159.05,159.05,0.0,1114.470485,0.0
2019-03-15,14,0,237,504.5,504.5,0.0,1426.138649,0.0
2019-03-15,14,0,238,67.29,67.29,0.0,608.034891,0.0
2019-03-15,14,0,240,12.28,12.28,0.0,10.973701,0.0
2019-03-15,14,0,245,78.0,78.0,0.0,881.229104,0.0
2019-03-15,14,0,247,171.72,171.72,0.0,1940.059766,0.0
2019-03-15,14,0,248,50.64,50.64,0.0,143.150964,0.0
2019-03-15,14,0,249,150.0,150.0,0.0,1694.671354,0.0
2019-03-15,14,0,251,326.4,326.4,0.0,3172.72871,0.0
2019-03-15,14,0,252,267.06,267.06,0.0,2705.376457,0.0
2019-03-15,14,0,254,12.31,12.31,0.0,34.854808,0.0
2019-03-15,14,0,255,5.64,5.64,0.0,15.969221,0.0
2019-03-15,14,0,258,17.19,17.19,0.0,18.285985,0.0
2019-03-15,14,0,260,8.16,8.16,0.0,44.646791,0.0
2019-03-15,14,0,265,89.59,89.59,0.0,-1516.833375,0.0
2019-03-15,14,0,266,19.63,19.63,0.0,-332.352262,0.0
2019-03-15,14,0,267,24.12,24.12,0.0,-408.371704,0.0
2019-03-15,14,0,270,213.66,213.66,0.0,-8887.1742,0.0
2019-03-15,14,0,272,110.33,110.33,0.0,1149.133106,0.0
2019-03-15,14,0,273,48.12,48.12,0.0,-2001.54836,0.0
2019-03-15,14,0,274,285.0,285.0,0.0,-11854.556992,0.0
2019-03-15,14,0,275,414.51,414.51,0.0,-17241.517259,0.0
2019-03-15,14,0,276,10.69,10.69,0.0,-366.180922,0.0
2019-03-15,14,0,277,13.02,13.02,0.0,144.644907,0.0
2019-03-15,14,0,278,20.84,20.84,0.0,231.520727,0.0
2019-03-15,14,0,279,162.81,162.81,0.0,1808.727909,0.0
2019-03-15,14,0,281,15.28,15.28,0.0,-15280.0,0.0
2019-03-15,14,0,282,481.4,481.4,0.0,-481400.0,0.0
2019-03-15,15,0,9,4.66,4.66,0.0,-1822.758539,0.0
2019-03-15,15,0,17,23.67,23.67,0.0,371.195167,0.0
2019-03-15,15,0,19,192.99,192.99,0.0,3026.487337,0.0
2019-03-15,15,0,20,234.06,234.06,0.0,3670.550941,0.0
2019-03-15,15,0,21,106.67,106.67,0.0,-41723.959939,0.0
2019-03-15,15,0,22,379.08,379.08,0.0,-148277.104468,0.0
2019-03-15,15,0,23,5.25,5.25,0.0,-2053.53698,0.0
2019-03-15,15,0,24,9.28,9.28,0.0,-3629.871081,0.0
2019-03-15,15,0,29,4.06,4.06,0.0,20.151795,0.0
2019-03-15,15,0,30,850.6,850.6,0.0,-850600.0,0.0
2019-03-15,15,0,31,44.18,44.18,0.0,-44180.0,0.0
2019-03-15,15,0,32,8.04,8.04,0.0,208.976834,0.0
2019-03-15,15,0,33,1.38,1.38,0.0,29.62163,0.0
2019-03-15,15,0,34,2.22,2.22,0.0,47.652188,0.0
2019-03-15,15,0,35,2.22,2.22,0.0,47.652188,0.0
2019-03-15,15,0,36,10.47,10.47,0.0,69.664733,0.0
2019-03-15,15,0,37,3.75,3.75,0.0,24.573338,0.0
2019-03-15,15,0,38,4.82,4.82,0.0,31.584931,0.0
2019-03-15,15,0,39,3.21,3.21,0.0,21.034778,0.0
2019-03-15,15,0,40,3.21,3.21,0.0,21.034778,0.0
2019-03-15,15,0,41,33.59,33.59,0.0,-323.666803,0.0
2019-03-15,15,0,42,49.93,49.93,0.0,720.418688,0.0
2019-03-15,15,0,43,37.74,37.74,0.0,279.106767,0.0
2019-03-15,15,0,46,39.77,39.77,0.0,207.271609,0.0
2019-03-15,15,0,52,46.83,46.83,0.0,-46830.0,0.0
2019-03-15,15,0,53,74.4,74.4,0.0,-74400.0,0.0
2019-03-15,15,0,55,112.09,112.09,0.0,-43843.992402,0.0
2019-03-15,15,0,56,250.9,250.9,0.0,-250900.0,0.0
2019-03-15,15,0,57,238.66,238.66,0.0,-238660.0,0.0
2019-03-15,15,0,58,458.96,458.96,0.0,-458960.0,0.0
2019-03-15,15,0,59,451.31,451.31,0.0,-451310.0,0.0
2019-03-15,15,0,63,49.41,49.41,0.0,1472.830008,0.0
2019-03-15,15,0,64,58.13,58.13,0.0,1732.758721,0.0
2019-03-15,15,0,65,41.4,41.4,0.0,639.598439,0.0
2019-03-15,15,0,67,498.29,498.29,0.0,5596.168426,0.0
2019-03-15,15,0,68,9.27,9.27,0.0,160.232798,0.0
2019-03-15,15,0,69,1.38,1.38,0.0,29.62163,0.0
2019-03-15,15,0,74,163.63,163.63,0.0,1414.699881,0.0
2019-03-15,15,0,77,22.82,22.82,0.0,533.238569,0.0
2019-03-15,15,0,78,17.25,17.25,0.0,403.083493,0.0
2019-03-15,15,0,79,9.98,9.98,0.0,233.204247,0.0
2019-03-15,15,0,80,16.14,16.14,0.0,377.145947,0.0
2019-03-15,15,0,81,21.11,21.11,0.0,493.280727,0.0
2019-03-15,15,0,82,14.89,14.89,0.0,347.936998,0.0
2019-03-15,15,0,83,33.2,33.2,0.0,775.78968,0.0
2019-03-15,15,0,84,0.0,0.0,0.0,0.0,0.0
2019-03-15,15,0,86,7.02,7.02,0.0,150.683945,0.0
2019-03-15,15,0,87,35.81,35.81,0.0,768.65984,0.0
2019-03-15,15,0,88,28.12,28.12,0.0,657.084512,0.0
2019-03-15,15,0,89,27.03,27.03,0.0,631.614309,0.0
2019-03-15,15,0,90,36.29,36.29,0.0,847.994202,0.0
2019-03-15,15,0,91,129.46,129.46,0.0,3025.11241,0.0
2019-03-15,15,0,92,46.56,46.56,0.0,1087.974925,0.0
2019-03-15,15,0,95,120.0,120.0,0.0,3124.363076,0.0
2019-03-15,15,0,96,11.92,11.92,0.0,459.580151,0.0
2019-03-15,15,0,97,73.29,73.29,0.0,2825.72393,0.0
2019-03-15,15,0,99,31.58,31.58,0.0,273.031976,0.0
2019-03-15,15,0,101,17.13,17.13,0.0,-17130.0,0.0
2019-03-15,15,0,102,21.95,21.95,0.0,379.407757,0.0
2019-03-15,15,0,103,19.09,19.09,0.0,329.972395,0.0
2019-03-15,15,0,104,3.54,3.54,0.0,61.189224,0.0
2019-03-15,15,0,106,373.18,373.18,0.0,-145969.320052,0.0
2019-03-15,15,0,109,60.0,60.0,0.0,188.674966,0.0
2019-03-15,15,0,110,34.82,34.82,0.0,-254.519747,0.0
2019-03-15,15,0,111,20.53,20.53,0.0,-197.823146,0.0
2019-03-15,15,0,113,24.76,24.76,0.0,524.396828,0.0
2019-03-15,15,0,115,24.76,24.76,0.0,524.396828,0.0
2019-03-15,15,0,116,192.86,192.86,0.0,-1409.726546,0.0
2019-03-15,15,0,117,1.65,1.65,0.0,34.945669,0.0
2019-03-15,15,0,119,58.13,58.13,0.0,1732.758721,0.0
2019-03-15,15,0,120,34.18,34.18,0.0,1018.849012,0.0
2019-03-15,15,0,123,6.22,6.22,0.0,-2432.952384,0.0
2019-03-15,15,0,125,8.4,8.4,0.0,-3285.659168,0.0
2019-03-15,15,0,126,279.88,279.88,0.0,-109475.03429,0.0
2019-03-15,15,0,127,359.18,359.18,0.0,-140493.221438,0.0
2019-03-15,15,0,128,12.03,12.03,0.0,-4705.533309,0.0
2019-03-15,15,0,131,21.22,21.22,0.0,401.100877,0.0
2019-03-15,15,0,132,31.24,31.24,0.0,590.499124,0.0
2019-03-15,15,0,133,41.94,41.94,0.0,658.627132,0.0
2019-03-15,15,0,134,0.0,0.0,0.0,0.0,0.0
2019-03-15,15,0,135,56.2,56.2,0.0,882.566638,0.0
2019-03-15,15,0,136,45.9,45.9,0.0,708.533253,0.0
2019-03-15,15,0,139,43.68,43.68,0.0,-420.892109,0.0
2019-03-15,15,0,140,25.77,25.77,0.0,-188.368003,0.0
2019-03-15,15,0,141,8.47,8.47,0.0,95.124419,0.0
2019-03-15,15,0,142,657.13,657.13,0.0,7380.060121,0.0
2019-03-15,15,0,143,91.74,91.74,0.0,-91740.0,0.0
2019-03-15,15,0,145,24.01,24.01,0.0,-86.22807,0.0
2019-03-15,15,0,146,0.0,0.0,0.0,-0.0,0.0
2019-03-15,15,0,152,5.0,5.0,0.0,46.135857,0.0
2019-03-15,15,0,153,6.41,6.41,0.0,57.297114,0.0
2019-03-15,15,0,154,84.69,84.69,0.0,-816.056611,0.0
2019-03-15,15,0,157,47.96,47.96,0.0,538.626578,0.0
2019-03-15,15,0,158,510.88,510.88,0.0,5737.563518,0.0
2019-03-15,15,0,159,0.0,0.0,0.0,0.0,0.0
2019-03-15,15,0,160,3.21,3.21,0.0,32.413689,0.0
2019-03-15,15,0,161,94.74,94.74,0.0,1637.589562,0.0
2019-03-15,15,0,162,162.5,162.5,0.0,4238.938222,0.0
2019-03-15,15,0,163,53.26,53.26,0.0,-389.308492,0.0
2019-03-15,15,0,164,29.74,29.74,0.0,-29740.0,0.0
2019-03-15,15,0,167,9.25,9.25,0.0,239.916226,0.0
2019-03-15,15,0,168,4.63,4.63,0.0,120.087797,0.0
2019-03-15,15,0,169,0.0,0.0,0.0,0.0,0.0
2019-03-15,15,0,170,10.12,10.12,0.0,262.48132,0.0
2019-03-15,15,0,172,12.15,12.15,0.0,278.875857,0.0
2019-03-15,15,0,173,18.51,18.51,0.0,424.855317,0.0
2019-03-15,15,0,188,16.46,16.46,0.0,412.96886,0.0
2019-03-15,15,0,190,15.3,15.3,0.0,456.06758,0.0
2019-03-15,15,0,191,39.52,39.52,0.0,1178.02554,0.0
2019-03-15,15,0,192,120.4,120.4,0.0,3588.923963,0.0
2019-03-15,15,0,194,52.95,52.95,0.0,1251.971019,0.0
2019-03-15,15,0,196,10.26,10.26,0.0,370.554948,0.0
2019-03-15,15,0,198,13.99,13.99,0.0,189.363004,0.0
2019-03-15,15,0,199,130.0,130.0,0.0,3005.787729,0.0
2019-03-15,15,0,200,29.57,29.57,0.0,683.701101,0.0
2019-03-15,15,0,204,257.1,257.1,0.0,677.74197,0.0
2019-03-15,15,0,205,317.4,317.4,0.0,998.09057,0.0
2019-03-15,15,0,206,215.36,215.36,0.0,8303.287018,0.0
2019-03-15,15,0,210,1.44,1.44,0.0,9.597806,0.0
2019-03-15,15,0,214,7.57,7.57,0.0,188.325329,0.0
2019-03-15,15,0,217,4.94,4.94,0.0,83.843469,0.0
2019-03-15,15,0,218,6.82,6.82,0.0,115.75151,0.0
2019-03-15,15,0,219,4.64,4.64,0.0,78.751761,0.0
2019-03-15,15,0,221,4.04,4.04,0.0,100.506516,0.0
2019-03-15,15,0,225,3.59,3.59,0.0,17.228996,0.0
2019-03-15,15,0,233,3.97,3.97,0.0,85.215849,0.0
2019-03-15,15,0,236,179.56,179.56,0.0,2250.695261,0.0
2019-03-15,15,0,237,392.52,392.52,0.0,3393.619736,0.0
2019-03-15,15,0,238,64.99,64.99,0.0,937.713009,0.0
2019-03-15,15,0,240,11.86,11.86,0.0,78.913442,0.0
2019-03-15,15,0,245,78.0,78.0,0.0,1289.993288,0.0
2019-03-15,15,0,247,171.72,171.72,0.0,2839.969838,0.0
2019-03-15,15,0,248,39.4,39.4,0.0,340.641541,0.0
2019-03-15,15,0,249,150.0,150.0,0.0,2480.756322,0.0
2019-03-15,15,0,251,326.4,326.4,0.0,4917.844672,0.0
2019-03-15,15,0,252,267.06,267.06,0.0,4125.873407,0.0
2019-03-15,15,0,254,11.84,11.84,0.0,95.591367,0.0
2019-03-15,15,0,255,5.43,5.43,0.0,43.839622,0.0
2019-03-15,15,0,258,16.51,16.51,0.0,111.831292,0.0
2019-03-15,15,0,260,7.8,7.8,0.0,78.762236,0.0
2019-03-15,15,0,265,87.68,87.68,0.0,-844.867678,0.0
2019-03-15,15,0,266,27.93,27.93,0.0,-269.128128,0.0
2019-03-15,15,0,267,34.55,34.55,0.0,-332.917179,0.0
2019-03-15,15,0,270,173.85,173.85,0.0,-1270.771337,0.0
2019-03-15,15,0,272,82.73,82.73,0.0,1752.154667,0.0
2019-03-15,15,0,273,46.12,46.12,0.0,-337.118056,0.0
2019-03-15,15,0,274,228.99,228.99,0.0,-1673.821849,0.0
2019-03-15,15,0,275,328.68,328.68,0.0,-2402.514368,0.0
2019-03-15,15,0,276,10.36,10.36,0.0,-32.840375,0.0
2019-03-15,15,0,277,12.53,12.53,0.0,276.366493,0.0
2019-03-15,15,0,278,20.05,20.05,0.0,442.230501,0.0
2019-03-15,15,0,279,119.95,119.95,0.0,2645.663274,0.0
2019-03-15,15,0,281,19.83,19.83,0.0,-19830.0,0.0
2019-03-15,15,0,282,466.61,466.61,0.0,-466610.0,0.0
2019-03-15,16,0,9,3.92,3.92,0.0,-1525.409392,0.0
2019-03-15,16,0,17,21.32,21.32,0.0,293.912026,0.0
2019-03-15,16,0,19,332.0,332.0,0.0,4576.866454,0.0
2019-03-15,16,0,20,419.03,419.03,0.0,5776.639609,0.0
2019-03-15,16,0,21,89.55,89.55,0.0,-34847.043646,0.0
2019-03-15,16,0,22,318.25,318.25,0.0,-123842.229373,0.0
2019-03-15,16,0,23,4.67,4.67,0.0,-1817.260679,0.0
2019-03-15,16,0,24,8.26,8.26,0.0,-3214.255505,0.0
2019-03-15,16,0,29,3.52,3.52,0.0,17.790766,0.0
2019-03-15,16,0,30,726.74,726.74,0.0,-726740.0,0.0
2019-03-15,16,0,31,59.37,59.37,0.0,-59370.0,0.0
2019-03-15,16,0,32,6.92,6.92,0.0,175.69138,0.0
2019-03-15,16,0,33,1.16,1.16,0.0,21.479143,0.0
2019-03-15,16,0,34,1.85,1.85,0.0,34.255531,0.0
2019-03-15,16,0,35,1.85,1.85,0.0,34.255531,0.0
2019-03-15,16,0,36,10.0,10.0,0.0,65.227723,0.0
2019-03-15,16,0,37,4.12,4.12,0.0,26.638143,0.0
2019-03-15,16,0,38,5.29,5.29,0.0,34.202859,0.0
2019-03-15,16,0,39,3.53,3.53,0.0,22.823458,0.0
2019-03-15,16,0,40,3.53,3.53,0.0,22.823458,0.0
2019-03-15,16,0,41,40.28,40.28,0.0,-321.182193,0.0
2019-03-15,16,0,42,45.11,45.11,0.0,575.616198,0.0
2019-03-15,16,0,43,34.33,34.33,0.0,245.774863,0.0
2019-03-15,16,0,46,33.53,33.53,0.0,183.418127,0.0
2019-03-15,16,0,52,62.93,62.93,0.0,-62930.0,0.0
2019-03-15,16,0,53,99.98,99.98,0.0,-99980.0,0.0
2019-03-15,16,0,55,145.52,145.52,0.0,-56626.932343,0.0
2019-03-15,16,0,56,214.36,214.36,0.0,-214360.0,0.0
2019-03-15,16,0,57,203.9,203.9,0.0,-203900.0,0.0
2019-03-15,16,0,58,392.12,392.12,0.0,-392120.0,0.0
2019-03-15,16,0,59,385.59,385.59,0.0,-385590.0,0.0
2019-03-15,16,0,63,44.24,44.24,0.0,1239.406615,0.0
2019-03-15,16,0,64,52.05,52.05,0.0,1458.207828,0.0
2019-03-15,16,0,65,41.4,41.4,0.0,562.843361,0.0
2019-03-15,16,0,67,430.56,430.56,0.0,5421.095494,0.0
2019-03-15,16,0,68,6.31,6.31,0.0,100.675315,0.0
2019-03-15,16,0,69,1.16,1.16,0.0,21.479143,0.0
2019-03-15,16,0,74,79.24,79.24,0.0,631.444457,0.0
2019-03-15,16,0,77,16.16,16.16,0.0,402.511714,0.0
2019-03-15,16,0,78,12.21,12.21,0.0,304.125497,0.0
2019-03-15,16,0,79,7.07,7.07,0.0,176.098875,0.0
2019-03-15,16,0,80,11.43,11.43,0.0,284.697333,0.0
2019-03-15,16,0,81,14.94,14.94,0.0,372.124073,0.0
2019-03-15,16,0,82,10.54,10.54,0.0,262.529299,0.0
2019-03-15,16,0,83,23.51,23.51,0.0,585.584802,0.0
2019-03-15,16,0,84,0.0,0.0,0.0,0.0,0.0
2019-03-15,16,0,86,5.85,5.85,0.0,108.321543,0.0
2019-03-15,16,0,87,29.88,29.88,0.0,553.273109,0.0
2019-03-15,16,0,88,20.47,20.47,0.0,509.864777,0.0
2019-03-15,16,0,89,19.67,19.67,0.0,489.938454,0.0
2019-03-15,16,0,90,26.42,26.42,0.0,658.066801,0.0
2019-03-15,16,0,91,94.24,94.24,0.0,2347.32079,0.0
2019-03-15,16,0,92,33.89,33.89,0.0,844.128837,0.0
2019-03-15,16,0,95,120.0,120.0,0.0,3049.643213,0.0
2019-03-15,16,0,96,9.19,9.19,0.0,386.685855,0.0
2019-03-15,16,0,97,56.54,56.54,0.0,2379.022659,0.0
2019-03-15,16,0,99,17.38,17.38,0.0,138.49703,0.0
2019-03-15,16,0,101,14.64,14.64,0.0,-14640.0,0.0
2019-03-15,16,0,102,14.93,14.93,0.0,238.206412,0.0
2019-03-15,16,0,103,12.99,12.99,0.0,207.253938,0.0
2019-03-15,16,0,104,2.41,2.41,0.0,38.451269,0.0
2019-03-15,16,0,106,313.29,313.29,0.0,-121912.119529,0.0
2019-03-15,16,0,109,60.0,60.0,0.0,231.126836,0.0
2019-03-15,16,0,110,29.84,29.84,0.0,68.301145,0.0
2019-03-15,16,0,111,14.0,14.0,0.0,-111.632341,0.0
2019-03-15,16,0,113,18.13,18.13,0.0,413.553301,0.0
2019-03-15,16,0,115,18.13,18.13,0.0,413.553301,0.0
2019-03-15,16,0,116,165.8,165.8,0.0,379.501673,0.0
2019-03-15,16,0,117,1.21,1.21,0.0,27.600634,0.0
2019-03-15,16,0,119,52.05,52.05,0.0,1458.207828,0.0
2019-03-15,16,0,120,30.6,30.6,0.0,857.274919,0.0
2019-03-15,16,0,123,5.22,5.22,0.0,-2031.284956,0.0
2019-03-15,16,0,125,7.48,7.48,0.0,-2910.730167,0.0
2019-03-15,16,0,126,234.97,234.97,0.0,-91435.062484,0.0
2019-03-15,16,0,127,301.54,301.54,0.0,-117339.782702,0.0
2019-03-15,16,0,128,10.71,10.71,0.0,-4167.636376,0.0
2019-03-15,16,0,131,5.95,5.95,0.0,131.842398,0.0
2019-03-15,16,0,132,8.75,8.75,0.0,193.88588,0.0
2019-03-15,16,0,133,50.5,50.5,0.0,697.086324,0.0
2019-03-15,16,0,134,0.0,0.0,0.0,0.0,0.0
2019-03-15,16,0,135,64.2,64.2,0.0,886.196871,0.0
2019-03-15,16,0,136,45.9,45.9,0.0,623.541982,0.0
2019-03-15,16,0,139,52.45,52.45,0.0,-418.222593,0.0
2019-03-15,16,0,140,22.08,22.08,0.0,50.539185,0.0
2019-03-15,16,0,141,7.73,7.73,0.0,97.326896,0.0
2019-03-15,16,0,142,567.8,567.8,0.0,7149.057092,0.0
2019-03-15,16,0,143,127.4,127.4,0.0,-127400.0,0.0
2019-03-15,16,0,145,19.79,19.79,0.0,-24.394297,0.0
2019-03-15,16,0,146,0.0,0.0,0.0,0.0,0.0
2019-03-15,16,0,152,5.28,5.28,0.0,45.1044,0.0
2019-03-15,16,0,153,6.71,6.71,0.0,55.753088,0.0
2019-03-15,16,0,154,57.74,57.74,0.0,-460.40367,0.0
2019-03-15,16,0,157,58.1,58.1,0.0,731.525567,0.0
2019-03-15,16,0,158,441.95,441.95,0.0,5564.504723,0.0
2019-03-15,16,0,159,0.0,0.0,0.0,0.0,0.0
2019-03-15,16,0,160,2.45,2.45,0.0,22.867421,0.0
2019-03-15,16,0,161,80.21,80.21,0.0,1279.741213,0.0
2019-03-15,16,0,162,162.5,162.5,0.0,4135.325797,0.0
2019-03-15,16,0,163,42.09,42.09,0.0,96.340322,0.0
2019-03-15,16,0,164,20.61,20.61,0.0,-20610.0,0.0
2019-03-15,16,0,167,7.68,7.68,0.0,194.65466,0.0
2019-03-15,16,0,168,3.84,3.84,0.0,97.32733,0.0
2019-03-15,16,0,169,0.0,0.0,0.0,0.0,0.0
2019-03-15,16,0,170,8.4,8.4,0.0,212.903535,0.0
2019-03-15,16,0,172,10.02,10.02,0.0,232.388642,0.0
2019-03-15,16,0,173,15.27,15.27,0.0,354.149159,0.0
2019-03-15,16,0,188,13.97,13.97,0.0,345.82866,0.0
2019-03-15,16,0,190,12.93,12.93,0.0,362.240676,0.0
2019-03-15,16,0,191,33.41,33.41,0.0,935.998531,0.0
2019-03-15,16,0,192,115.03,115.03,0.0,3222.625291,0.0
2019-03-15,16,0,194,47.35,47.35,0.0,1139.912319,0.0
2019-03-15,16,0,196,8.67,8.67,0.0,279.940284,0.0
2019-03-15,16,0,198,10.19,10.19,0.0,123.180559,0.0
2019-03-15,16,0,199,130.0,130.0,0.0,2719.877824,0.0
2019-03-15,16,0,200,24.65,24.65,0.0,515.73068,0.0
2019-03-15,16,0,204,257.1,257.1,0.0,894.260416,0.0
2019-03-15,16,0,205,317.4,317.4,0.0,1222.660965,0.0
2019-03-15,16,0,206,166.14,166.14,0.0,6990.640689,0.0
2019-03-15,16,0,210,1.24,1.24,0.0,7.987638,0.0
2019-03-15,16,0,214,6.66,6.66,0.0,141.89988,0.0
2019-03-15,16,0,217,4.49,4.49,0.0,66.70335,0.0
2019-03-15,16,0,218,6.2,6.2,0.0,92.107076,0.0
2019-03-15,16,0,219,4.22,4.22,0.0,62.692235,0.0
2019-03-15,16,0,221,3.55,3.55,0.0,75.637323,0.0
2019-03-15,16,0,225,3.17,3.17,0.0,15.597049,0.0
2019-03-15,16,0,233,3.31,3.31,0.0,61.289625,0.0
2019-03-15,16,0,236,159.03,159.03,0.0,1784.343142,0.0
2019-03-15,16,0,237,181.21,181.21,0.0,1444.018805,0.0
2019-03-15,16,0,238,58.72,58.72,0.0,749.283599,0.0
2019-03-15,16,0,240,11.33,11.33,0.0,73.90301,0.0
2019-03-15,16,0,245,78.0,78.0,0.0,1129.926527,0.0
2019-03-15,16,0,247,171.72,171.72,0.0,2487.576707,0.0
2019-03-15,16,0,248,21.34,21.34,0.0,170.053315,0.0
2019-03-15,16,0,249,150.0,150.0,0.0,2172.935628,0.0
2019-03-15,16,0,251,326.4,326.4,0.0,4335.406026,0.0
2019-03-15,16,0,252,267.06,267.06,0.0,3630.747537,0.0
2019-03-15,16,0,254,9.73,9.73,0.0,74.968034,0.0
2019-03-15,16,0,255,4.46,4.46,0.0,34.363559,0.0
2019-03-15,16,0,258,14.84,14.84,0.0,98.323285,0.0
2019-03-15,16,0,260,5.94,5.94,0.0,55.441828,0.0
2019-03-15,16,0,265,59.78,59.78,0.0,-476.670097,0.0
2019-03-15,16,0,266,33.44,33.44,0.0,-266.641821,0.0
2019-03-15,16,0,267,41.43,41.43,0.0,-330.351993,0.0
2019-03-15,16,0,270,113.75,113.75,0.0,260.363783,0.0
2019-03-15,16,0,272,60.6,60.6,0.0,1382.312745,0.0
2019-03-15,16,0,273,39.65,39.65,0.0,90.755376,0.0
2019-03-15,16,0,274,141.95,141.95,0.0,324.911113,0.0
2019-03-15,16,0,275,190.31,190.31,0.0,435.602915,0.0
2019-03-15,16,0,276,8.84,8.84,0.0,40.567704,0.0
2019-03-15,16,0,277,10.58,10.58,0.0,250.231258,0.0
2019-03-15,16,0,278,16.92,16.92,0.0,400.180802,0.0
2019-03-15,16,0,279,196.14,196.14,0.0,4638.975322,0.0
2019-03-15,16,0,281,26.65,26.65,0.0,-26650.0,0.0
2019-03-15,16,0,282,398.66,398.66,0.0,-398660.0,0.0
2019-03-15,17,0,9,3.01,3.01,0.0,45.204795,0.0
2019-03-15,17,0,17,15.79,15.79,0.0,248.890288,0.0
2019-03-15,17,0,19,284.63,284.63,0.0,4486.487825,0.0
2019-03-15,17,0,20,342.76,342.76,0.0,5402.763472,0.0
2019-03-15,17,0,21,68.84,68.84,0.0,1033.853186,0.0
2019-03-15,17,0,22,244.64,244.64,0.0,3674.053508,0.0
2019-03-15,17,0,23,8.21,8.21,0.0,123.299458,0.0
2019-03-15,17,0,24,14.6,14.6,0.0,219.265783,0.0
2019-03-15,17,0,29,2.54,2.54,0.0,40.717476,0.0
2019-03-15,17,0,30,562.43,562.43,0.0,8444.033942,0.0
2019-03-15,17,0,31,71.49,71.49,0.0,1073.313988,0.0
2019-03-15,17,0,32,5.19,5.19,0.0,92.06292,0.0
2019-03-15,17,0,33,0.85,0.85,0.0,13.509508,0.0
2019-03-15,17,0,34,1.37,1.37,0.0,21.774148,0.0
2019-03-15,17,0,35,1.37,1.37,0.0,21.774148,0.0
2019-03-15,17,0,36,7.62,7.62,0.0,118.596204,0.0
2019-03-15,17,0,37,3.13,3.13,0.0,48.708405,0.0
2019-03-15,17,0,38,4.03,4.03,0.0,62.714017,0.0
2019-03-15,17,0,39,2.69,2.69,0.0,41.861217,0.0
2019-03-15,17,0,40,2.69,2.69,0.0,41.861217,0.0
2019-03-15,17,0,41,16.03,16.03,0.0,244.682865,0.0
2019-03-15,17,0,42,34.22,34.22,0.0,538.421834,0.0
2019-03-15,17,0,43,26.33,26.33,0.0,410.747001,0.0
2019-03-15,17,0,46,25.52,25.52,0.0,395.860752,0.0
2019-03-15,17,0,52,75.78,75.78,0.0,1137.721836,0.0
2019-03-15,17,0,53,120.4,120.4,0.0,1807.623503,0.0
2019-03-15,17,0,55,185.55,185.55,0.0,2786.627814,0.0
2019-03-15,17,0,56,165.9,165.9,0.0,2490.737036,0.0
2019-03-15,17,0,57,157.81,157.81,0.0,2369.277948,0.0
2019-03-15,17,0,58,303.47,303.47,0.0,4556.142063,0.0
2019-03-15,17,0,59,298.41,298.41,0.0,4480.173833,0.0
2019-03-15,17,0,63,61.58,61.58,0.0,1140.481745,0.0
2019-03-15,17,0,64,72.44,72.44,0.0,1341.612498,0.0
2019-03-15,17,0,65,41.4,41.4,0.0,652.35018,0.0
2019-03-15,17,0,67,326.8,326.8,0.0,3856.252207,0.0
2019-03-15,17,0,68,3.44,3.44,0.0,45.724233,0.0
2019-03-15,17,0,69,0.85,0.85,0.0,13.509508,0.0
2019-03-15,17,0,74,60.87,60.87,0.0,950.026777,0.0
2019-03-15,17,0,77,15.27,15.27,0.0,222.39923,0.0
2019-03-15,17,0,78,11.55,11.55,0.0,168.219457,0.0
2019-03-15,17,0,79,6.68,6.68,0.0,97.29056,0.0
2019-03-15,17,0,80,10.81,10.81,0.0,157.44176,0.0
2019-03-15,17,0,81,14.13,14.13,0.0,205.795751,0.0
2019-03-15,17,0,82,9.97,9.97,0.0,145.207618,0.0
2019-03-15,17,0,83,22.22,22.22,0.0,323.622194,0.0
2019-03-15,17,0,84,0.0,0.0,0.0,0.0,0.0
2019-03-15,17,0,86,4.33,4.33,0.0,68.819023,0.0
2019-03-15,17,0,87,22.11,22.11,0.0,351.406142,0.0
2019-03-15,17,0,88,18.19,18.19,0.0,264.927439,0.0
2019-03-15,17,0,89,17.49,17.49,0.0,254.732321,0.0
2019-03-15,17,0,90,23.48,23.48,0.0,341.973407,0.0
2019-03-15,17,0,91,83.76,83.76,0.0,1219.918764,0.0
2019-03-15,17,0,92,30.12,30.12,0.0,438.68139,0.0
2019-03-15,17,0,95,118.99,118.99,0.0,2114.446137,0.0
2019-03-15,17,0,96,9.56,9.56,0.0,143.48175,0.0
2019-03-15,17,0,97,58.79,58.79,0.0,882.35273,0.0
2019-03-15,17,0,99,12.38,12.38,0.0,193.220495,0.0
2019-03-15,17,0,101,11.33,11.33,0.0,170.102776,0.0
2019-03-15,17,0,102,8.13,8.13,0.0,108.063376,0.0
2019-03-15,17,0,103,7.07,7.07,0.0,93.973933,0.0
2019-03-15,17,0,104,1.32,1.32,0.0,17.545345,0.0
2019-03-15,17,0,106,240.82,240.82,0.0,3616.683968,0.0
2019-03-15,17,0,109,60.0,60.0,0.0,925.583775,0.0
2019-03-15,17,0,110,16.51,16.51,0.0,119.3903,0.0
2019-03-15,17,0,111,10.92,10.92,0.0,166.683524,0.0
2019-03-15,17,0,113,15.53,15.53,0.0,229.349784,0.0
2019-03-15,17,0,115,15.53,15.53,0.0,229.349784,0.0
2019-03-15,17,0,116,125.09,125.09,0.0,904.574962,0.0
2019-03-15,17,0,117,1.04,1.04,0.0,15.358904,0.0
2019-03-15,17,0,119,72.44,72.44,0.0,1341.612498,0.0
2019-03-15,17,0,120,42.63,42.63,0.0,789.521546,0.0
2019-03-15,17,0,123,4.01,4.01,0.0,60.222999,0.0
2019-03-15,17,0,125,13.19,13.19,0.0,198.090115,0.0
2019-03-15,17,0,126,180.62,180.62,0.0,2712.588067,0.0
2019-03-15,17,0,127,231.79,231.79,0.0,3481.069583,0.0
2019-03-15,17,0,128,18.99,18.99,0.0,285.1957,0.0
2019-03-15,17,0,131,5.97,5.97,0.0,81.731487,0.0
2019-03-15,17,0,132,8.77,8.77,0.0,120.064513,0.0
2019-03-15,17,0,133,111.85,111.85,0.0,1763.094145,0.0
2019-03-15,17,0,134,0.0,0.0,0.0,0.0,0.0
2019-03-15,17,0,135,146.43,146.43,0.0,2308.179488,0.0
2019-03-15,17,0,136,45.9,45.9,0.0,723.244515,0.0
2019-03-15,17,0,139,20.7,20.7,0.0,315.96602,0.0
2019-03-15,17,0,140,12.22,12.22,0.0,88.367624,0.0
2019-03-15,17,0,141,10.44,10.44,0.0,123.19239,0.0
2019-03-15,17,0,142,430.97,430.97,0.0,5085.462098,0.0
2019-03-15,17,0,143,145.94,145.94,0.0,2191.06789,0.0
2019-03-15,17,0,145,17.98,17.98,0.0,272.69818,0.0
2019-03-15,17,0,146,0.0,0.0,0.0,0.0,0.0
2019-03-15,17,0,152,3.99,3.99,0.0,62.298314,0.0
2019-03-15,17,0,153,5.08,5.08,0.0,79.283064,0.0
2019-03-15,17,0,154,45.06,45.06,0.0,687.798496,0.0
2019-03-15,17,0,157,41.99,41.99,0.0,495.483568,0.0
2019-03-15,17,0,158,352.78,352.78,0.0,4162.817178,0.0
2019-03-15,17,0,159,0.0,0.0,0.0,0.0,0.0
2019-03-15,17,0,160,1.85,1.85,0.0,29.07726,0.0
2019-03-15,17,0,161,60.66,60.66,0.0,806.288366,0.0
2019-03-15,17,0,162,137.39,137.39,0.0,2442.557594,0.0
2019-03-15,17,0,163,44.5,44.5,0.0,321.796993,0.0
2019-03-15,17,0,164,15.93,15.93,0.0,239.164804,0.0
2019-03-15,17,0,167,5.81,5.81,0.0,103.115188,0.0
2019-03-15,17,0,168,2.91,2.91,0.0,51.646334,0.0
2019-03-15,17,0,169,0.0,0.0,0.0,0.0,0.0
2019-03-15,17,0,170,6.36,6.36,0.0,112.876523,0.0
2019-03-15,17,0,172,7.61,7.61,0.0,133.391133,0.0
2019-03-15,17,0,173,11.6,11.6,0.0,203.329454,0.0
2019-03-15,17,0,188,10.67,10.67,0.0,187.818069,0.0
2019-03-15,17,0,190,9.78,9.78,0.0,181.128799,0.0
2019-03-15,17,0,191,25.27,25.27,0.0,468.008667,0.0
2019-03-15,17,0,192,78.17,78.17,0.0,1447.733972,0.0
2019-03-15,17,0,194,38.42,38.42,0.0,617.361451,0.0
2019-03-15,17,0,196,6.55,6.55,0.0,131.553462,0.0
2019-03-15,17,0,198,7.73,7.73,0.0,123.039406,0.0
2019-03-15,17,0,199,130.0,130.0,0.0,2125.664244,0.0
2019-03-15,17,0,200,18.61,18.61,0.0,304.297012,0.0
2019-03-15,17,0,204,257.1,257.1,0.0,3961.341158,0.0
2019-03-15,17,0,205,317.4,317.4,0.0,4896.338169,0.0
2019-03-15,17,0,206,172.74,172.74,0.0,2592.577148,0.0
2019-03-15,17,0,210,0.91,0.91,0.0,14.611999,0.0
2019-03-15,17,0,214,4.97,4.97,0.0,79.375953,0.0
2019-03-15,17,0,217,3.31,3.31,0.0,52.992775,0.0
2019-03-15,17,0,218,4.57,4.57,0.0,73.165251,0.0
2019-03-15,17,0,219,3.11,3.11,0.0,49.790795,0.0
2019-03-15,17,0,221,2.65,2.65,0.0,42.323194,0.0
2019-03-15,17,0,225,2.32,2.32,0.0,37.184797,0.0
2019-03-15,17,0,233,2.45,2.45,0.0,38.93917,0.0
2019-03-15,17,0,236,141.68,141.68,0.0,2223.03642,0.0
2019-03-15,17,0,237,150.41,150.41,0.0,2347.519757,0.0
2019-03-15,17,0,238,44.54,44.54,0.0,700.798027,0.0
2019-03-15,17,0,240,8.64,8.64,0.0,134.471286,0.0
2019-03-15,17,0,245,78.0,78.0,0.0,1230.990191,0.0
2019-03-15,17,0,247,171.72,171.72,0.0,2710.072252,0.0
2019-03-15,17,0,248,15.3,15.3,0.0,238.794311,0.0
2019-03-15,17,0,249,150.0,150.0,0.0,2367.28883,0.0
2019-03-15,17,0,251,326.4,326.4,0.0,5140.339557,0.0
2019-03-15,17,0,252,267.06,267.06,0.0,4208.131381,0.0
2019-03-15,17,0,254,7.37,7.37,0.0,115.188979,0.0
2019-03-15,17,0,255,3.38,3.38,0.0,52.82751,0.0
2019-03-15,17,0,258,11.36,11.36,0.0,176.871175,0.0
2019-03-15,17,0,260,4.5,4.5,0.0,70.728469,0.0
2019-03-15,17,0,265,46.65,46.65,0.0,712.06835,0.0
2019-03-15,17,0,266,13.4,13.4,0.0,204.53839,0.0
2019-03-15,17,0,267,16.47,16.47,0.0,251.399051,0.0
2019-03-15,17,0,270,138.99,138.99,0.0,1005.091326,0.0
2019-03-15,17,0,272,51.9,51.9,0.0,766.46837,0.0
2019-03-15,17,0,273,29.91,29.91,0.0,216.290968,0.0
2019-03-15,17,0,274,179.17,179.17,0.0,1295.648701,0.0
2019-03-15,17,0,275,249.41,249.41,0.0,1803.581752,0.0
2019-03-15,17,0,276,6.58,6.58,0.0,54.294705,0.0
2019-03-15,17,0,277,7.98,7.98,0.0,117.198281,0.0
2019-03-15,17,0,278,12.77,12.77,0.0,187.546623,0.0
2019-03-15,17,0,279,74.8,74.8,0.0,1098.550308,0.0
2019-03-15,17,0,281,32.09,32.09,0.0,481.782709,0.0
2019-03-15,17,0,282,308.53,308.53,0.0,4632.110293,0.0
2019-03-15,18,0,9,1.85,1.85,0.0,15.363474,0.0
2019-03-15,18,0,17,9.63,9.63,0.0,93.238786,0.0
2019-03-15,18,0,19,332.94,332.94,0.0,3223.564003,0.0
2019-03-15,18,0,20,405.43,405.43,0.0,3925.420658,0.0
2019-03-15,18,0,21,42.31,42.31,0.0,351.36681,0.0
2019-03-15,18,0,22,150.38,150.38,0.0,1248.842848,0.0
2019-03-15,18,0,23,19.8,19.8,0.0,164.430698,0.0
2019-03-15,18,0,24,35.14,35.14,0.0,291.822966,0.0
2019-03-15,18,0,29,1.55,1.55,0.0,15.776005,0.0
2019-03-15,18,0,30,358.44,358.44,0.0,2973.562722,0.0
2019-03-15,18,0,31,63.24,63.24,0.0,524.629245,0.0
2019-03-15,18,0,32,3.2,3.2,0.0,52.365642,0.0
2019-03-15,18,0,33,0.52,0.52,0.0,5.160784,0.0
2019-03-15,18,0,34,0.83,0.83,0.0,8.237406,0.0
2019-03-15,18,0,35,0.83,0.83,0.0,8.237406,0.0
2019-03-15,18,0,36,4.73,4.73,0.0,44.056831,0.0
2019-03-15,18,0,37,1.89,1.89,0.0,17.597054,0.0
2019-03-15,18,0,38,2.43,2.43,0.0,22.624784,0.0
2019-03-15,18,0,39,1.62,1.62,0.0,15.083189,0.0
2019-03-15,18,0,40,1.62,1.62,0.0,15.083189,0.0
2019-03-15,18,0,41,15.39,15.39,0.0,134.810096,0.0
2019-03-15,18,0,42,20.19,20.19,0.0,194.420781,0.0
2019-03-15,18,0,43,15.87,15.87,0.0,148.88052,0.0
2019-03-15,18,0,46,15.92,15.92,0.0,146.751571,0.0
2019-03-15,18,0,52,67.04,67.04,0.0,556.153456,0.0
2019-03-15,18,0,53,106.54,106.54,0.0,883.839338,0.0
2019-03-15,18,0,55,172.87,172.87,0.0,1435.612868,0.0
2019-03-15,18,0,56,105.73,105.73,0.0,877.119704,0.0
2019-03-15,18,0,57,100.57,100.57,0.0,834.313143,0.0
2019-03-15,18,0,58,193.41,193.41,0.0,1604.499403,0.0
2019-03-15,18,0,59,190.18,190.18,0.0,1577.703824,0.0
2019-03-15,18,0,63,81.94,81.94,0.0,1344.53476,0.0
2019-03-15,18,0,64,96.4,96.4,0.0,1581.8056,0.0
2019-03-15,18,0,65,41.4,41.4,0.0,400.435435,0.0
2019-03-15,18,0,67,205.01,205.01,0.0,2010.442247,0.0
2019-03-15,18,0,68,1.81,1.81,0.0,15.381274,0.0
2019-03-15,18,0,69,0.52,0.52,0.0,5.160784,0.0
2019-03-15,18,0,74,38.57,38.57,0.0,362.37104,0.0
2019-03-15,18,0,77,14.7,14.7,0.0,109.732782,0.0
2019-03-15,18,0,78,11.11,11.11,0.0,82.934095,0.0
2019-03-15,18,0,79,6.43,6.43,0.0,47.998761,0.0
2019-03-15,18,0,80,10.4,10.4,0.0,77.634077,0.0
2019-03-15,18,0,81,13.6,13.6,0.0,101.521485,0.0
2019-03-15,18,0,82,9.59,9.59,0.0,71.587577,0.0
2019-03-15,18,0,83,21.39,21.39,0.0,159.672394,0.0
2019-03-15,18,0,84,0.0,0.0,0.0,0.0,0.0
2019-03-15,18,0,86,2.64,2.64,0.0,26.200906,0.0
2019-03-15,18,0,87,13.5,13.5,0.0,133.981903,0.0
2019-03-15,18,0,88,16.32,16.32,0.0,121.825782,0.0
2019-03-15,18,0,89,15.69,15.69,0.0,117.122949,0.0
2019-03-15,18,0,90,21.07,21.07,0.0,157.283654,0.0
2019-03-15,18,0,91,75.16,75.16,0.0,561.055501,0.0
2019-03-15,18,0,92,27.03,27.03,0.0,201.773951,0.0
2019-03-15,18,0,95,70.2,70.2,0.0,1145.307349,0.0
2019-03-15,18,0,96,9.96,9.96,0.0,82.535687,0.0
2019-03-15,18,0,97,61.28,61.28,0.0,507.809929,0.0
2019-03-15,18,0,99,7.44,7.44,0.0,69.899936,0.0
2019-03-15,18,0,101,7.22,7.22,0.0,59.896002,0.0
2019-03-15,18,0,102,4.29,4.29,0.0,36.456168,0.0
2019-03-15,18,0,103,3.73,3.73,0.0,31.697321,0.0
2019-03-15,18,0,104,0.69,0.69,0.0,5.863579,0.0
2019-03-15,18,0,106,148.04,148.04,0.0,1229.410129,0.0
2019-03-15,18,0,109,57.61,57.61,0.0,521.948462,0.0
2019-03-15,18,0,110,8.6,8.6,0.0,118.800008,0.0
2019-03-15,18,0,111,7.12,7.12,0.0,62.368284,0.0
2019-03-15,18,0,113,13.45,13.45,0.0,94.328726,0.0
2019-03-15,18,0,115,13.45,13.45,0.0,94.328726,0.0
2019-03-15,18,0,116,77.01,77.01,0.0,1063.812626,0.0
2019-03-15,18,0,117,0.9,0.9,0.0,6.311959,0.0
2019-03-15,18,0,119,96.4,96.4,0.0,1581.8056,0.0
2019-03-15,18,0,120,56.68,56.68,0.0,930.049185,0.0
2019-03-15,18,0,123,2.47,2.47,0.0,20.512314,0.0
2019-03-15,18,0,125,31.78,31.78,0.0,263.919575,0.0
2019-03-15,18,0,126,111.03,111.03,0.0,922.057597,0.0
2019-03-15,18,0,127,142.49,142.49,0.0,1183.319706,0.0
2019-03-15,18,0,128,45.63,45.63,0.0,378.938018,0.0
2019-03-15,18,0,131,6.04,6.04,0.0,49.21664,0.0
2019-03-15,18,0,132,8.88,8.88,0.0,72.358239,0.0
2019-03-15,18,0,133,139.8,139.8,0.0,1353.68854,0.0
2019-03-15,18,0,134,0.0,0.0,0.0,0.0,0.0
2019-03-15,18,0,135,187.33,187.33,0.0,1813.923278,0.0
2019-03-15,18,0,136,45.9,45.9,0.0,443.936424,0.0
2019-03-15,18,0,139,19.87,19.87,0.0,174.053061,0.0
2019-03-15,18,0,140,6.37,6.37,0.0,87.994889,0.0
2019-03-15,18,0,141,13.77,13.77,0.0,135.03629,0.0
2019-03-15,18,0,142,270.36,270.36,0.0,2651.300746,0.0
2019-03-15,18,0,143,123.42,123.42,0.0,1023.873204,0.0
2019-03-15,18,0,145,16.25,16.25,0.0,139.416869,0.0
2019-03-15,18,0,146,0.0,0.0,0.0,0.0,0.0
2019-03-15,18,0,152,2.44,2.44,0.0,22.951905,0.0
2019-03-15,18,0,153,3.1,3.1,0.0,29.121709,0.0
2019-03-15,18,0,154,29.39,29.39,0.0,257.444361,0.0
2019-03-15,18,0,157,30.06,30.06,0.0,294.785103,0.0
2019-03-15,18,0,158,225.27,225.27,0.0,2209.123092,0.0
2019-03-15,18,0,159,0.0,0.0,0.0,0.0,0.0
2019-03-15,18,0,160,1.14,1.14,0.0,10.942484,0.0
2019-03-15,18,0,161,37.8,37.8,0.0,321.222181,0.0
2019-03-15,18,0,162,85.95,85.95,0.0,1402.660495,0.0
2019-03-15,18,0,163,39.54,39.54,0.0,546.203756,0.0
2019-03-15,18,0,164,10.4,10.4,0.0,86.276789,0.0
2019-03-15,18,0,167,3.62,3.62,0.0,59.069439,0.0
2019-03-15,18,0,168,1.81,1.81,0.0,29.53472,0.0
2019-03-15,18,0,169,0.0,0.0,0.0,0.0,0.0
2019-03-15,18,0,170,3.96,3.96,0.0,64.617398,0.0
2019-03-15,18,0,172,4.69,4.69,0.0,73.652082,0.0
2019-03-15,18,0,173,7.15,7.15,0.0,112.28409,0.0
2019-03-15,18,0,188,6.59,6.59,0.0,105.879052,0.0
2019-03-15,18,0,190,5.9,5.9,0.0,96.811754,0.0
2019-03-15,18,0,191,15.25,15.25,0.0,250.23377,0.0
2019-03-15,18,0,192,55.2,55.2,0.0,905.764203,0.0
2019-03-15,18,0,194,58.44,58.44,0.0,328.311847,0.0
2019-03-15,18,0,196,4.03,4.03,0.0,62.182454,0.0
2019-03-15,18,0,198,4.81,4.81,0.0,47.947254,0.0
2019-03-15,18,0,199,95.85,95.85,0.0,906.129388,0.0
2019-03-15,18,0,200,11.31,11.31,0.0,106.920432,0.0
2019-03-15,18,0,204,236.72,236.72,0.0,2136.536568,0.0
2019-03-15,18,0,205,304.73,304.73,0.0,2760.86365,0.0
2019-03-15,18,0,206,180.06,180.06,0.0,1492.106002,0.0
2019-03-15,18,0,210,0.56,0.56,0.0,5.727327,0.0
2019-03-15,18,0,214,3.06,3.06,0.0,30.808006,0.0
2019-03-15,18,0,217,2.02,2.02,0.0,20.482682,0.0
2019-03-15,18,0,218,2.78,2.78,0.0,28.189037,0.0
2019-03-15,18,0,219,1.89,1.89,0.0,19.164489,0.0
2019-03-15,18,0,221,1.63,1.63,0.0,16.4108,0.0
2019-03-15,18,0,225,1.42,1.42,0.0,14.446095,0.0
2019-03-15,18,0,233,1.5,1.5,0.0,14.886878,0.0
2019-03-15,18,0,236,126.92,126.92,0.0,1211.946324,0.0
2019-03-15,18,0,237,92.51,92.51,0.0,869.145578,0.0
2019-03-15,18,0,238,26.28,26.28,0.0,253.06479,0.0
2019-03-15,18,0,240,5.36,5.36,0.0,49.924866,0.0
2019-03-15,18,0,245,78.0,78.0,0.0,758.005545,0.0
2019-03-15,18,0,247,171.72,171.72,0.0,1668.778361,0.0
2019-03-15,18,0,248,9.29,9.29,0.0,87.280969,0.0
2019-03-15,18,0,249,150.0,150.0,0.0,1457.702971,0.0
2019-03-15,18,0,251,326.4,326.4,0.0,3151.824029,0.0
2019-03-15,18,0,252,267.06,267.06,0.0,2583.098727,0.0
2019-03-15,18,0,254,4.62,4.62,0.0,43.593453,0.0
2019-03-15,18,0,255,2.12,2.12,0.0,20.003922,0.0
2019-03-15,18,0,258,7.14,7.14,0.0,66.581556,0.0
2019-03-15,18,0,260,2.77,2.77,0.0,26.588317,0.0
2019-03-15,18,0,265,30.42,30.42,0.0,266.466739,0.0
2019-03-15,18,0,266,12.87,12.87,0.0,112.735928,0.0
2019-03-15,18,0,267,15.81,15.81,0.0,138.489124,0.0
2019-03-15,18,0,270,123.49,123.49,0.0,1705.885226,0.0
2019-03-15,18,0,272,44.96,44.96,0.0,315.317435,0.0
2019-03-15,18,0,273,18.42,18.42,0.0,254.45304,0.0
2019-03-15,18,0,274,159.2,159.2,0.0,2199.181536,0.0
2019-03-15,18,0,275,221.6,221.6,0.0,3061.172289,0.0
2019-03-15,18,0,276,4.06,4.06,0.0,52.4519,0.0
2019-03-15,18,0,277,4.96,4.96,0.0,35.68379,0.0
2019-03-15,18,0,278,7.93,7.93,0.0,57.050899,0.0
2019-03-15,18,0,279,66.26,66.26,0.0,476.695151,0.0
2019-03-15,18,0,281,28.36,28.36,0.0,235.270167,0.0
2019-03-15,18,0,282,196.63,196.63,0.0,1631.212025,0.0
2019-03-15,19,0,9,0.66,0.66,0.0,12.993521,0.0
2019-03-15,19,0,17,2.87,2.87,0.0,-9.181984,0.0
2019-03-15,19,0,19,615.51,615.51,0.0,-1969.199641,0.0
2019-03-15,19,0,20,748.14,748.14,0.0,-2393.522476,0.0
2019-03-15,19,0,21,15.07,15.07,0.0,296.685393,0.0
2019-03-15,19,0,22,53.58,53.58,0.0,1054.837649,0.0
2019-03-15,19,0,23,27.02,27.02,0.0,531.946869,0.0
2019-03-15,19,0,24,47.81,47.81,0.0,941.242777,0.0
2019-03-15,19,0,29,0.32,0.32,0.0,4.803008,0.0
2019-03-15,19,0,30,142.82,142.82,0.0,1921.776281,0.0
2019-03-15,19,0,31,30.36,30.36,0.0,408.522111,0.0
2019-03-15,19,0,32,0.9,0.9,0.0,17.488514,0.0
2019-03-15,19,0,33,0.24,0.24,0.0,3.690899,0.0
2019-03-15,19,0,34,0.38,0.38,0.0,5.843923,0.0
2019-03-15,19,0,35,0.38,0.38,0.0,5.843923,0.0
2019-03-15,19,0,36,1.64,1.64,0.0,26.382046,0.0
2019-03-15,19,0,37,0.71,0.71,0.0,11.426817,0.0
2019-03-15,19,0,38,0.92,0.92,0.0,14.80658,0.0
2019-03-15,19,0,39,0.61,0.61,0.0,9.817407,0.0
2019-03-15,19,0,40,0.61,0.61,0.0,9.817407,0.0
2019-03-15,19,0,41,15.02,15.02,0.0,253.454979,0.0
2019-03-15,19,0,42,6.52,6.52,0.0,70.749436,0.0
2019-03-15,19,0,43,5.11,5.11,0.0,81.794601,0.0
2019-03-15,19,0,46,5.36,5.36,0.0,86.942764,0.0
2019-03-15,19,0,52,32.18,32.18,0.0,433.011908,0.0
2019-03-15,19,0,53,51.13,51.13,0.0,688.001829,0.0
2019-03-15,19,0,55,86.74,86.74,0.0,1707.663637,0.0
2019-03-15,19,0,56,42.13,42.13,0.0,566.898437,0.0
2019-03-15,19,0,57,40.07,40.07,0.0,539.179216,0.0
2019-03-15,19,0,58,77.06,77.06,0.0,1036.914159,0.0
2019-03-15,19,0,59,75.78,75.78,0.0,1019.690566,0.0
2019-03-15,19,0,63,62.49,62.49,0.0,1200.927633,0.0
2019-03-15,19,0,64,73.51,73.51,0.0,1412.709078,0.0
2019-03-15,19,0,65,41.4,41.4,0.0,253.000279,0.0
2019-03-15,19,0,67,66.42,66.42,0.0,1235.949597,0.0
2019-03-15,19,0,68,2.25,2.25,0.0,41.611135,0.0
2019-03-15,19,0,69,0.24,0.24,0.0,3.690899,0.0
2019-03-15,19,0,74,39.35,39.35,0.0,627.368753,0.0
2019-03-15,19,0,77,14.3,14.3,0.0,261.995621,0.0
2019-03-15,19,0,78,10.81,10.81,0.0,198.054033,0.0
2019-03-15,19,0,79,6.25,6.25,0.0,114.508576,0.0
2019-03-15,19,0,80,10.11,10.11,0.0,185.229072,0.0
2019-03-15,19,0,81,13.22,13.22,0.0,242.20854,0.0
2019-03-15,19,0,82,9.33,9.33,0.0,170.938402,0.0
2019-03-15,19,0,83,20.8,20.8,0.0,381.08454,0.0
2019-03-15,19,0,84,0.0,0.0,0.0,0.0,0.0
2019-03-15,19,0,86,1.21,1.21,0.0,18.608282,0.0
2019-03-15,19,0,87,6.18,6.18,0.0,95.040647,0.0
2019-03-15,19,0,88,14.77,14.77,0.0,270.606666,0.0
2019-03-15,19,0,89,14.2,14.2,0.0,260.163484,0.0
2019-03-15,19,0,90,19.06,19.06,0.0,349.205353,0.0
2019-03-15,19,0,91,68.0,68.0,0.0,1245.853305,0.0
2019-03-15,19,0,92,24.45,24.45,0.0,447.957549,0.0
2019-03-15,19,0,95,37.71,37.71,0.0,733.300356,0.0
2019-03-15,19,0,96,10.39,10.39,0.0,178.640661,0.0
2019-03-15,19,0,97,63.86,63.86,0.0,1097.978114,0.0
2019-03-15,19,0,99,7.6,7.6,0.0,121.16906,0.0
2019-03-15,19,0,101,2.88,2.88,0.0,38.753086,0.0
2019-03-15,19,0,102,6.45,6.45,0.0,119.285254,0.0
2019-03-15,19,0,103,5.41,5.41,0.0,100.051663,0.0
2019-03-15,19,0,104,0.77,0.77,0.0,14.240255,0.0
2019-03-15,19,0,106,52.74,52.74,0.0,1038.30044,0.0
2019-03-15,19,0,109,48.2,48.2,0.0,791.702499,0.0
2019-03-15,19,0,110,0.0,0.0,0.0,0.0,0.0
2019-03-15,19,0,111,2.45,2.45,0.0,41.342523,0.0
2019-03-15,19,0,113,11.79,11.79,0.0,218.729467,0.0
2019-03-15,19,0,115,11.79,11.79,0.0,218.729467,0.0
2019-03-15,19,0,116,20.86,20.86,0.0,395.463509,0.0
2019-03-15,19,0,117,0.79,0.79,0.0,14.656173,0.0
2019-03-15,19,0,119,73.51,73.51,0.0,1412.709078,0.0
2019-03-15,19,0,120,43.22,43.22,0.0,830.598372,0.0
2019-03-15,19,0,123,0.88,0.88,0.0,17.324694,0.0
2019-03-15,19,0,125,43.27,43.27,0.0,851.863103,0.0
2019-03-15,19,0,126,39.56,39.56,0.0,778.823766,0.0
2019-03-15,19,0,127,50.76,50.76,0.0,999.319878,0.0
2019-03-15,19,0,128,61.97,61.97,0.0,1220.012861,0.0
2019-03-15,19,0,131,6.22,6.22,0.0,114.841873,0.0
2019-03-15,19,0,132,9.14,9.14,0.0,168.754778,0.0
2019-03-15,19,0,133,135.62,135.62,0.0,2283.336936,0.0
2019-03-15,19,0,134,0.0,0.0,0.0,0.0,0.0
2019-03-15,19,0,135,183.78,183.78,0.0,3094.172409,0.0
2019-03-15,19,0,136,45.9,45.9,0.0,303.960856,0.0
2019-03-15,19,0,139,19.39,19.39,0.0,327.196541,0.0
2019-03-15,19,0,140,0.0,0.0,0.0,0.0,0.0
2019-03-15,19,0,141,17.79,17.79,0.0,331.037991,0.0
2019-03-15,19,0,142,87.59,87.59,0.0,1629.882945,0.0
2019-03-15,19,0,143,57.39,57.39,0.0,772.235967,0.0
2019-03-15,19,0,145,14.72,14.72,0.0,251.282639,0.0
2019-03-15,19,0,146,0.0,0.0,0.0,0.0,0.0
2019-03-15,19,0,152,1.0,1.0,0.0,15.940605,0.0
2019-03-15,19,0,153,1.34,1.34,0.0,21.38452,0.0
2019-03-15,19,0,154,10.11,10.11,0.0,170.601188,0.0
2019-03-15,19,0,157,21.86,21.86,0.0,406.772933,0.0
2019-03-15,19,0,158,75.41,75.41,0.0,1403.236362,0.0
2019-03-15,19,0,159,0.0,0.0,0.0,0.0,0.0
2019-03-15,19,0,160,0.39,0.39,0.0,6.135638,0.0
2019-03-15,19,0,161,12.08,12.08,0.0,223.405562,0.0
2019-03-15,19,0,162,50.92,50.92,0.0,989.970487,0.0
2019-03-15,19,0,163,37.42,37.42,0.0,709.407694,0.0
2019-03-15,19,0,164,3.82,3.82,0.0,51.401662,0.0
2019-03-15,19,0,167,0.99,0.99,0.0,19.255599,0.0
2019-03-15,19,0,168,0.5,0.5,0.0,9.72505,0.0
2019-03-15,19,0,169,0.0,0.0,0.0,0.0,0.0
2019-03-15,19,0,170,1.09,1.09,0.0,21.200609,0.0
2019-03-15,19,0,172,1.29,1.29,0.0,25.680817,0.0
2019-03-15,19,0,173,1.97,1.97,0.0,39.217992,0.0
2019-03-15,19,0,188,1.92,1.92,0.0,37.475498,0.0
2019-03-15,19,0,190,1.44,1.44,0.0,27.6738,0.0
2019-03-15,19,0,191,3.71,3.71,0.0,71.298472,0.0
2019-03-15,19,0,192,42.8,42.8,0.0,822.526847,0.0
2019-03-15,19,0,194,84.35,84.35,0.0,1575.856908,0.0
2019-03-15,19,0,196,1.08,1.08,0.0,20.591274,0.0
2019-03-15,19,0,198,1.34,1.34,0.0,20.45404,0.0
2019-03-15,19,0,199,61.77,61.77,0.0,942.853735,0.0
2019-03-15,19,0,200,3.24,3.24,0.0,49.455174,0.0
2019-03-15,19,0,204,193.57,193.57,0.0,3188.667788,0.0
2019-03-15,19,0,205,254.97,254.97,0.0,4187.974816,0.0
2019-03-15,19,0,206,187.66,187.66,0.0,3226.535748,0.0
2019-03-15,19,0,210,0.14,0.14,0.0,2.091651,0.0
2019-03-15,19,0,214,0.9,0.9,0.0,13.651259,0.0
2019-03-15,19,0,217,0.55,0.55,0.0,8.28463,0.0
2019-03-15,19,0,218,0.76,0.76,0.0,11.447852,0.0
2019-03-15,19,0,219,0.52,0.52,0.0,7.832741,0.0
2019-03-15,19,0,221,0.48,0.48,0.0,7.280671,0.0
2019-03-15,19,0,225,0.33,0.33,0.0,4.955302,0.0
2019-03-15,19,0,233,0.69,0.69,0.0,10.611334,0.0
2019-03-15,19,0,236,114.66,114.66,0.0,1804.097243,0.0
2019-03-15,19,0,237,94.4,94.4,0.0,1505.047276,0.0
2019-03-15,19,0,238,8.48,8.48,0.0,92.017672,0.0
2019-03-15,19,0,240,1.86,1.86,0.0,29.921101,0.0
2019-03-15,19,0,245,78.0,78.0,0.0,1065.012806,0.0
2019-03-15,19,0,247,171.72,171.72,0.0,2344.666655,0.0
2019-03-15,19,0,248,9.48,9.48,0.0,151.14246,0.0
2019-03-15,19,0,249,150.0,150.0,0.0,2048.101551,0.0
2019-03-15,19,0,251,326.4,326.4,0.0,2976.650758,0.0
2019-03-15,19,0,252,267.06,267.06,0.0,1632.03513,0.0
2019-03-15,19,0,254,1.9,1.9,0.0,30.282054,0.0
2019-03-15,19,0,255,0.87,0.87,0.0,13.865993,0.0
2019-03-15,19,0,258,2.36,2.36,0.0,37.933976,0.0
2019-03-15,19,0,260,0.95,0.95,0.0,14.945786,0.0
2019-03-15,19,0,265,10.47,10.47,0.0,176.676008,0.0
2019-03-15,19,0,266,12.56,12.56,0.0,211.943711,0.0
2019-03-15,19,0,267,15.43,15.43,0.0,260.373524,0.0
2019-03-15,19,0,270,116.88,116.88,0.0,2215.808958,0.0
2019-03-15,19,0,272,39.4,39.4,0.0,730.953436,0.0
2019-03-15,19,0,273,4.99,4.99,0.0,94.600331,0.0
2019-03-15,19,0,274,150.67,150.67,0.0,2856.399177,0.0
2019-03-15,19,0,275,209.73,209.73,0.0,3976.057605,0.0
2019-03-15,19,0,276,1.12,1.12,0.0,21.145443,0.0
2019-03-15,19,0,277,1.67,1.67,0.0,30.827545,0.0
2019-03-15,19,0,278,2.68,2.68,0.0,49.47175,0.0
2019-03-15,19,0,279,59.88,59.88,0.0,1105.36133,0.0
2019-03-15,19,0,281,13.63,13.63,0.0,183.40436,0.0
2019-03-15,19,0,282,78.35,78.35,0.0,1054.272312,0.0
2019-03-15,20,0,9,0.0,0.0,0.0,0.0,0.0
2019-03-15,20,0,17,0.0,0.0,0.0,0.0,0.0
2019-03-15,20,0,19,643.3,643.3,0.0,1506.481997,0.0
2019-03-15,20,0,20,780.2,780.2,0.0,1827.074854,0.0
2019-03-15,20,0,21,0.0,0.0,0.0,0.0,0.0
2019-03-15,20,0,22,0.0,0.0,0.0,0.0,0.0
2019-03-15,20,0,23,23.92,23.92,0.0,600.715366,0.0
2019-03-15,20,0,24,42.32,42.32,0.0,1062.804108,0.0
2019-03-15,20,0,29,0.0,0.0,0.0,0.0,0.0
2019-03-15,20,0,30,0.0,0.0,0.0,0.0,0.0
2019-03-15,20,0,31,27.79,27.79,0.0,698.194927,0.0
2019-03-15,20,0,32,0.0,0.0,0.0,0.0,0.0
2019-03-15,20,0,33,0.0,0.0,0.0,0.0,0.0
2019-03-15,20,0,34,0.0,0.0,0.0,0.0,0.0
2019-03-15,20,0,35,0.0,0.0,0.0,0.0,0.0
2019-03-15,20,0,36,0.0,0.0,0.0,0.0,0.0
2019-03-15,20,0,37,0.0,0.0,0.0,0.0,0.0
2019-03-15,20,0,38,0.0,0.0,0.0,0.0,0.0
2019-03-15,20,0,39,0.0,0.0,0.0,0.0,0.0
2019-03-15,20,0,40,0.0,0.0,0.0,0.0,0.0
2019-03-15,20,0,41,19.46,19.46,0.0,480.276365,0.0
2019-03-15,20,0,42,0.0,0.0,0.0,0.0,0.0
2019-03-15,20,0,43,0.0,0.0,0.0,0.0,0.0
2019-03-15,20,0,46,0.0,0.0,0.0,0.0,0.0
2019-03-15,20,0,52,29.46,29.46,0.0,740.151945,0.0
2019-03-15,20,0,53,46.8,46.8,0.0,1175.80146,0.0
2019-03-15,20,0,55,72.08,72.08,0.0,1810.182423,0.0
2019-03-15,20,0,56,0.0,0.0,0.0,0.0,0.0
2019-03-15,20,0,57,0.0,0.0,0.0,0.0,0.0
2019-03-15,20,0,58,0.0,0.0,0.0,0.0,0.0
2019-03-15,20,0,59,0.0,0.0,0.0,0.0,0.0
2019-03-15,20,0,63,53.31,53.31,0.0,1446.929094,0.0
2019-03-15,20,0,64,62.72,62.72,0.0,1702.333385,0.0
2019-03-15,20,0,65,41.4,41.4,0.0,438.412929,0.0
2019-03-15,20,0,67,0.0,0.0,0.0,0.0,0.0
2019-03-15,20,0,68,1.72,1.72,0.0,45.26381,0.0
2019-03-15,20,0,69,0.0,0.0,0.0,0.0,0.0
2019-03-15,20,0,74,23.76,23.76,0.0,584.473075,0.0
2019-03-15,20,0,77,17.88,17.88,0.0,467.41311,0.0
2019-03-15,20,0,78,13.58,13.58,0.0,355.003917,0.0
2019-03-15,20,0,79,7.9,7.9,0.0,206.519215,0.0
2019-03-15,20,0,80,12.71,12.71,0.0,332.260661,0.0
2019-03-15,20,0,81,16.56,16.56,0.0,432.906102,0.0
2019-03-15,20,0,82,11.74,11.74,0.0,306.903239,0.0
2019-03-15,20,0,83,25.82,25.82,0.0,674.977992,0.0
2019-03-15,20,0,84,0.0,0.0,0.0,0.0,0.0
2019-03-15,20,0,86,0.0,0.0,0.0,0.0,0.0
2019-03-15,20,0,87,0.0,0.0,0.0,0.0,0.0
2019-03-15,20,0,88,23.48,23.48,0.0,613.806477,0.0
2019-03-15,20,0,89,22.58,22.58,0.0,590.278972,0.0
2019-03-15,20,0,90,30.29,30.29,0.0,791.831269,0.0
2019-03-15,20,0,91,107.84,107.84,0.0,2819.117995,0.0
2019-03-15,20,0,92,38.84,38.84,0.0,1015.342572,0.0
2019-03-15,20,0,95,36.29,36.29,0.0,995.425142,0.0
2019-03-15,20,0,96,7.83,7.83,0.0,196.806095,0.0
2019-03-15,20,0,97,56.51,56.51,0.0,1420.371959,0.0
2019-03-15,20,0,99,4.59,4.59,0.0,112.909571,0.0
2019-03-15,20,0,101,0.0,0.0,0.0,0.0,0.0
2019-03-15,20,0,102,4.07,4.07,0.0,107.106807,0.0
2019-03-15,20,0,103,3.54,3.54,0.0,93.159237,0.0
2019-03-15,20,0,104,0.66,0.66,0.0,17.368671,0.0
2019-03-15,20,0,106,0.0,0.0,0.0,0.0,0.0
2019-03-15,20,0,109,33.39,33.39,0.0,805.302188,0.0
2019-03-15,20,0,110,0.0,0.0,0.0,0.0,0.0
2019-03-15,20,0,111,0.0,0.0,0.0,0.0,0.0
2019-03-15,20,0,113,9.72,9.72,0.0,256.050343,0.0
2019-03-15,20,0,115,9.72,9.72,0.0,256.050343,0.0
2019-03-15,20,0,116,0.0,0.0,0.0,0.0,0.0
2019-03-15,20,0,117,0.65,0.65,0.0,17.122708,0.0
2019-03-15,20,0,119,62.72,62.72,0.0,1702.333385,0.0
2019-03-15,20,0,120,36.88,36.88,0.0,1000.989401,0.0
2019-03-15,20,0,123,0.0,0.0,0.0,0.0,0.0
2019-03-15,20,0,125,38.3,38.3,0.0,961.847763,0.0
2019-03-15,20,0,126,0.0,0.0,0.0,0.0,0.0
2019-03-15,20,0,127,0.0,0.0,0.0,0.0,0.0
2019-03-15,20,0,128,54.85,54.85,0.0,1377.476497,0.0
2019-03-15,20,0,131,5.62,5.62,0.0,147.706752,0.0
2019-03-15,20,0,132,8.26,8.26,0.0,217.09213,0.0
2019-03-15,20,0,133,103.8,103.8,0.0,1449.478913,0.0
2019-03-15,20,0,134,0.0,0.0,0.0,0.0,0.0
2019-03-15,20,0,135,138.32,138.32,0.0,1931.521418,0.0
2019-03-15,20,0,136,45.9,45.9,0.0,506.849663,0.0
2019-03-15,20,0,139,26.05,26.05,0.0,642.918773,0.0
2019-03-15,20,0,140,0.0,0.0,0.0,0.0,0.0
2019-03-15,20,0,141,21.93,21.93,0.0,579.891358,0.0
2019-03-15,20,0,142,0.0,0.0,0.0,0.0,0.0
2019-03-15,20,0,143,49.89,49.89,0.0,1253.434506,0.0
2019-03-15,20,0,145,11.17,11.17,0.0,276.508878,0.0
2019-03-15,20,0,146,8.94,8.94,0.0,239.866682,0.0
2019-03-15,20,0,152,0.0,0.0,0.0,0.0,0.0
2019-03-15,20,0,153,0.0,0.0,0.0,0.0,0.0
2019-03-15,20,0,154,0.0,0.0,0.0,0.0,0.0
2019-03-15,20,0,157,27.01,27.01,0.0,714.220957,0.0
2019-03-15,20,0,158,0.0,0.0,0.0,0.0,0.0
2019-03-15,20,0,159,0.0,0.0,0.0,0.0,0.0
2019-03-15,20,0,160,0.0,0.0,0.0,0.0,0.0
2019-03-15,20,0,161,0.0,0.0,0.0,0.0,0.0
2019-03-15,20,0,162,43.38,43.38,0.0,1189.675834,0.0
2019-03-15,20,0,163,33.36,33.36,0.0,895.072986,0.0
2019-03-15,20,0,164,0.0,0.0,0.0,0.0,0.0
2019-03-15,20,0,167,0.0,0.0,0.0,0.0,0.0
2019-03-15,20,0,168,0.0,0.0,0.0,0.0,0.0
2019-03-15,20,0,169,0.0,0.0,0.0,0.0,0.0
2019-03-15,20,0,170,0.0,0.0,0.0,0.0,0.0
2019-03-15,20,0,172,0.0,0.0,0.0,0.0,0.0
2019-03-15,20,0,173,0.0,0.0,0.0,0.0,0.0
2019-03-15,20,0,188,0.0,0.0,0.0,0.0,0.0
2019-03-15,20,0,190,0.0,0.0,0.0,0.0,0.0
2019-03-15,20,0,191,0.0,0.0,0.0,0.0,0.0
2019-03-15,20,0,192,26.93,26.93,0.0,730.92854,0.0
2019-03-15,20,0,194,68.8,68.8,0.0,1818.785537,0.0
2019-03-15,20,0,196,0.0,0.0,0.0,0.0,0.0
2019-03-15,20,0,198,0.0,0.0,0.0,0.0,0.0
2019-03-15,20,0,199,51.17,51.17,0.0,1078.166949,0.0
2019-03-15,20,0,200,0.0,0.0,0.0,0.0,0.0
2019-03-15,20,0,204,247.87,247.87,0.0,5978.372339,0.0
2019-03-15,20,0,205,176.62,176.62,0.0,4259.732628,0.0
2019-03-15,20,0,206,214.05,214.05,0.0,5380.120647,0.0
2019-03-15,20,0,210,0.0,0.0,0.0,0.0,0.0
2019-03-15,20,0,214,0.0,0.0,0.0,0.0,0.0
2019-03-15,20,0,217,0.0,0.0,0.0,0.0,0.0
2019-03-15,20,0,218,0.0,0.0,0.0,0.0,0.0
2019-03-15,20,0,219,0.0,0.0,0.0,0.0,0.0
2019-03-15,20,0,221,0.0,0.0,0.0,0.0,0.0
2019-03-15,20,0,225,0.0,0.0,0.0,0.0,0.0
2019-03-15,20,0,233,0.0,0.0,0.0,0.0,0.0
2019-03-15,20,0,236,69.17,69.17,0.0,1679.84586,0.0
2019-03-15,20,0,237,57.0,57.0,0.0,1402.145004,0.0
2019-03-15,20,0,238,0.0,0.0,0.0,0.0,0.0
2019-03-15,20,0,240,0.0,0.0,0.0,0.0,0.0
2019-03-15,20,0,245,145.89,145.89,0.0,2094.679398,0.0
2019-03-15,20,0,247,115.35,115.35,0.0,1656.188009,0.0
2019-03-15,20,0,248,5.72,5.72,0.0,140.706481,0.0
2019-03-15,20,0,249,280.44,280.44,0.0,4026.539793,0.0
2019-03-15,20,0,251,326.4,326.4,0.0,4554.941519,0.0
2019-03-15,20,0,252,267.06,267.06,0.0,2828.081082,0.0
2019-03-15,20,0,254,0.0,0.0,0.0,0.0,0.0
2019-03-15,20,0,255,0.0,0.0,0.0,0.0,0.0
2019-03-15,20,0,258,0.0,0.0,0.0,0.0,0.0
2019-03-15,20,0,260,0.0,0.0,0.0,0.0,0.0
2019-03-15,20,0,265,0.0,0.0,0.0,0.0,0.0
2019-03-15,20,0,266,15.87,15.87,0.0,391.674508,0.0
2019-03-15,20,0,267,20.08,20.08,0.0,495.578079,0.0
2019-03-15,20,0,270,104.19,104.19,0.0,2795.493239,0.0
2019-03-15,20,0,272,32.49,32.49,0.0,855.871979,0.0
2019-03-15,20,0,273,0.0,0.0,0.0,0.0,0.0
2019-03-15,20,0,274,134.32,134.32,0.0,3603.902984,0.0
2019-03-15,20,0,275,186.97,186.97,0.0,5016.540656,0.0
2019-03-15,20,0,276,0.0,0.0,0.0,0.0,0.0
2019-03-15,20,0,277,0.0,0.0,0.0,0.0,0.0
2019-03-15,20,0,278,0.0,0.0,0.0,0.0,0.0
2019-03-15,20,0,279,125.93,125.93,0.0,3307.181434,0.0
2019-03-15,20,0,281,12.47,12.47,0.0,313.295816,0.0
2019-03-15,20,0,282,0.0,0.0,0.0,0.0,0.0
2019-03-15,21,0,9,0.0,0.0,0.0,0.0,0.0
2019-03-15,21,0,17,0.0,0.0,0.0,0.0,0.0
2019-03-15,21,0,19,643.3,643.3,0.0,1061.367626,0.0
2019-03-15,21,0,20,780.2,780.2,0.0,1287.23616,0.0
2019-03-15,21,0,21,0.0,0.0,0.0,0.0,0.0
2019-03-15,21,0,22,0.0,0.0,0.0,0.0,0.0
2019-03-15,21,0,23,21.42,21.42,0.0,492.545624,0.0
2019-03-15,21,0,24,37.89,37.89,0.0,871.267679,0.0
2019-03-15,21,0,29,0.0,0.0,0.0,0.0,0.0
2019-03-15,21,0,30,0.0,0.0,0.0,0.0,0.0
2019-03-15,21,0,31,25.55,25.55,0.0,587.844487,0.0
2019-03-15,21,0,32,0.0,0.0,0.0,0.0,0.0
2019-03-15,21,0,33,0.0,0.0,0.0,0.0,0.0
2019-03-15,21,0,34,0.0,0.0,0.0,0.0,0.0
2019-03-15,21,0,35,0.0,0.0,0.0,0.0,0.0
2019-03-15,21,0,36,0.0,0.0,0.0,0.0,0.0
2019-03-15,21,0,37,0.0,0.0,0.0,0.0,0.0
2019-03-15,21,0,38,0.0,0.0,0.0,0.0,0.0
2019-03-15,21,0,39,0.0,0.0,0.0,0.0,0.0
2019-03-15,21,0,40,0.0,0.0,0.0,0.0,0.0
2019-03-15,21,0,41,26.37,26.37,0.0,588.467437,0.0
2019-03-15,21,0,42,0.0,0.0,0.0,0.0,0.0
2019-03-15,21,0,43,0.0,0.0,0.0,0.0,0.0
2019-03-15,21,0,46,0.0,0.0,0.0,0.0,0.0
2019-03-15,21,0,52,27.08,27.08,0.0,623.046133,0.0
2019-03-15,21,0,53,43.02,43.02,0.0,989.787468,0.0
2019-03-15,21,0,55,58.87,58.87,0.0,1353.695652,0.0
2019-03-15,21,0,56,0.0,0.0,0.0,0.0,0.0
2019-03-15,21,0,57,0.0,0.0,0.0,0.0,0.0
2019-03-15,21,0,58,0.0,0.0,0.0,0.0,0.0
2019-03-15,21,0,59,0.0,0.0,0.0,0.0,0.0
2019-03-15,21,0,63,45.45,45.45,0.0,1146.554718,0.0
2019-03-15,21,0,64,53.47,53.47,0.0,1348.873064,0.0
2019-03-15,21,0,65,41.4,41.4,0.0,464.606023,0.0
2019-03-15,21,0,67,0.0,0.0,0.0,0.0,0.0
2019-03-15,21,0,68,1.72,1.72,0.0,42.01453,0.0
2019-03-15,21,0,69,0.0,0.0,0.0,0.0,0.0
2019-03-15,21,0,74,13.23,13.23,0.0,282.425983,0.0
2019-03-15,21,0,77,33.77,33.77,0.0,818.544227,0.0
2019-03-15,21,0,78,25.58,25.58,0.0,620.028467,0.0
2019-03-15,21,0,79,14.84,14.84,0.0,359.703771,0.0
2019-03-15,21,0,80,23.95,23.95,0.0,580.519225,0.0
2019-03-15,21,0,81,31.25,31.25,0.0,757.462455,0.0
2019-03-15,21,0,82,22.09,22.09,0.0,535.43506,0.0
2019-03-15,21,0,83,48.95,48.95,0.0,1186.489189,0.0
2019-03-15,21,0,84,0.0,0.0,0.0,0.0,0.0
2019-03-15,21,0,86,0.0,0.0,0.0,0.0,0.0
2019-03-15,21,0,87,0.0,0.0,0.0,0.0,0.0
2019-03-15,21,0,88,36.5,36.5,0.0,884.716147,0.0
2019-03-15,21,0,89,35.08,35.08,0.0,850.297053,0.0
2019-03-15,21,0,90,47.11,47.11,0.0,1141.8898,0.0
2019-03-15,21,0,91,168.04,168.04,0.0,4073.087709,0.0
2019-03-15,21,0,92,60.44,60.44,0.0,1464.992985,0.0
2019-03-15,21,0,95,35.81,35.81,0.0,912.481551,0.0
2019-03-15,21,0,96,5.26,5.26,0.0,121.091238,0.0
2019-03-15,21,0,97,32.36,32.36,0.0,744.964343,0.0
2019-03-15,21,0,99,2.55,2.55,0.0,54.435847,0.0
2019-03-15,21,0,101,0.0,0.0,0.0,0.0,0.0
2019-03-15,21,0,102,4.07,4.07,0.0,99.418102,0.0
2019-03-15,21,0,103,3.54,3.54,0.0,86.471764,0.0
2019-03-15,21,0,104,0.66,0.66,0.0,16.121854,0.0
2019-03-15,21,0,106,0.0,0.0,0.0,0.0,0.0
2019-03-15,21,0,109,30.53,30.53,0.0,667.939837,0.0
2019-03-15,21,0,110,7.28,7.28,0.0,181.549982,0.0
2019-03-15,21,0,111,0.0,0.0,0.0,0.0,0.0
2019-03-15,21,0,113,15.43,15.43,0.0,377.840778,0.0
2019-03-15,21,0,115,15.43,15.43,0.0,377.840778,0.0
2019-03-15,21,0,116,0.0,0.0,0.0,0.0,0.0
2019-03-15,21,0,117,1.04,1.04,0.0,25.466909,0.0
2019-03-15,21,0,119,53.47,53.47,0.0,1348.873064,0.0
2019-03-15,21,0,120,31.44,31.44,0.0,793.12828,0.0
2019-03-15,21,0,123,0.0,0.0,0.0,0.0,0.0
2019-03-15,21,0,125,34.29,34.29,0.0,788.486902,0.0
2019-03-15,21,0,126,0.0,0.0,0.0,0.0,0.0
2019-03-15,21,0,127,0.0,0.0,0.0,0.0,0.0
2019-03-15,21,0,128,49.11,49.11,0.0,1129.267767,0.0
2019-03-15,21,0,131,5.35,5.35,0.0,130.50495,0.0
2019-03-15,21,0,132,7.86,7.86,0.0,191.732506,0.0
2019-03-15,21,0,133,76.74,76.74,0.0,1707.307445,0.0
2019-03-15,21,0,134,0.0,0.0,0.0,0.0,0.0
2019-03-15,21,0,135,99.77,99.77,0.0,2219.677662,0.0
2019-03-15,21,0,136,45.9,45.9,0.0,539.2276,0.0
2019-03-15,21,0,139,34.73,34.73,0.0,775.027459,0.0
2019-03-15,21,0,140,5.39,5.39,0.0,134.416813,0.0
2019-03-15,21,0,141,27.4,27.4,0.0,672.748771,0.0
2019-03-15,21,0,142,0.0,0.0,0.0,0.0,0.0
2019-03-15,21,0,143,43.13,43.13,0.0,992.318306,0.0
2019-03-15,21,0,145,8.32,8.32,0.0,187.933973,0.0
2019-03-15,21,0,146,22.91,22.91,0.0,571.333802,0.0
2019-03-15,21,0,152,0.0,0.0,0.0,0.0,0.0
2019-03-15,21,0,153,0.0,0.0,0.0,0.0,0.0
2019-03-15,21,0,154,0.0,0.0,0.0,0.0,0.0
2019-03-15,21,0,157,35.58,35.58,0.0,873.591287,0.0
2019-03-15,21,0,158,0.0,0.0,0.0,0.0,0.0
2019-03-15,21,0,159,0.0,0.0,0.0,0.0,0.0
2019-03-15,21,0,160,0.0,0.0,0.0,0.0,0.0
2019-03-15,21,0,161,0.0,0.0,0.0,0.0,0.0
2019-03-15,21,0,162,38.07,38.07,0.0,969.894728,0.0
2019-03-15,21,0,163,30.69,30.69,0.0,765.352876,0.0
2019-03-15,21,0,164,0.0,0.0,0.0,0.0,0.0
2019-03-15,21,0,167,0.0,0.0,0.0,0.0,0.0
2019-03-15,21,0,168,0.0,0.0,0.0,0.0,0.0
2019-03-15,21,0,169,0.0,0.0,0.0,0.0,0.0
2019-03-15,21,0,170,0.0,0.0,0.0,0.0,0.0
2019-03-15,21,0,172,0.0,0.0,0.0,0.0,0.0
2019-03-15,21,0,173,0.0,0.0,0.0,0.0,0.0
2019-03-15,21,0,188,0.0,0.0,0.0,0.0,0.0
2019-03-15,21,0,190,0.0,0.0,0.0,0.0,0.0
2019-03-15,21,0,191,0.0,0.0,0.0,0.0,0.0
2019-03-15,21,0,192,16.05,16.05,0.0,404.88896,0.0
2019-03-15,21,0,194,55.27,55.27,0.0,1361.063267,0.0
2019-03-15,21,0,196,0.0,0.0,0.0,0.0,0.0
2019-03-15,21,0,198,0.0,0.0,0.0,0.0,0.0
2019-03-15,21,0,199,44.71,44.71,0.0,925.652747,0.0
2019-03-15,21,0,200,0.0,0.0,0.0,0.0,0.0
2019-03-15,21,0,204,304.52,304.52,0.0,6678.357365,0.0
2019-03-15,21,0,205,141.68,141.68,0.0,3099.695911,0.0
2019-03-15,21,0,206,95.09,95.09,0.0,2189.080946,0.0
2019-03-15,21,0,210,0.0,0.0,0.0,0.0,0.0
2019-03-15,21,0,214,0.0,0.0,0.0,0.0,0.0
2019-03-15,21,0,217,0.0,0.0,0.0,0.0,0.0
2019-03-15,21,0,218,0.0,0.0,0.0,0.0,0.0
2019-03-15,21,0,219,0.0,0.0,0.0,0.0,0.0
2019-03-15,21,0,221,0.0,0.0,0.0,0.0,0.0
2019-03-15,21,0,225,0.0,0.0,0.0,0.0,0.0
2019-03-15,21,0,233,0.0,0.0,0.0,0.0,0.0
2019-03-15,21,0,236,37.66,37.66,0.0,795.54557,0.0
2019-03-15,21,0,237,31.74,31.74,0.0,677.566189,0.0
2019-03-15,21,0,238,0.0,0.0,0.0,0.0,0.0
2019-03-15,21,0,240,0.0,0.0,0.0,0.0,0.0
2019-03-15,21,0,245,231.78,231.78,0.0,4397.783651,0.0
2019-03-15,21,0,247,50.71,50.71,0.0,962.169337,0.0
2019-03-15,21,0,248,3.19,3.19,0.0,68.098177,0.0
2019-03-15,21,0,249,445.73,445.73,0.0,8457.261656,0.0
2019-03-15,21,0,251,326.4,326.4,0.0,4672.888073,0.0
2019-03-15,21,0,252,267.06,267.06,0.0,2997.04552,0.0
2019-03-15,21,0,254,0.0,0.0,0.0,0.0,0.0
2019-03-15,21,0,255,0.0,0.0,0.0,0.0,0.0
2019-03-15,21,0,258,0.0,0.0,0.0,0.0,0.0
2019-03-15,21,0,260,0.0,0.0,0.0,0.0,0.0
2019-03-15,21,0,265,0.0,0.0,0.0,0.0,0.0
2019-03-15,21,0,266,21.75,21.75,0.0,485.368478,0.0
2019-03-15,21,0,267,27.15,27.15,0.0,605.873755,0.0
2019-03-15,21,0,270,95.85,95.85,0.0,2390.324964,0.0
2019-03-15,21,0,272,51.53,51.53,0.0,1261.836378,0.0
2019-03-15,21,0,273,0.0,0.0,0.0,0.0,0.0
2019-03-15,21,0,274,123.56,123.56,0.0,3081.362051,0.0
2019-03-15,21,0,275,172.0,172.0,0.0,4289.367698,0.0
2019-03-15,21,0,276,0.0,0.0,0.0,0.0,0.0
2019-03-15,21,0,277,0.0,0.0,0.0,0.0,0.0
2019-03-15,21,0,278,0.0,0.0,0.0,0.0,0.0
2019-03-15,21,0,279,112.68,112.68,0.0,2748.010463,0.0
2019-03-15,21,0,281,11.47,11.47,0.0,263.89731,0.0
2019-03-15,21,0,282,0.0,0.0,0.0,0.0,0.0
2019-03-15,22,0,9,0.0,0.0,0.0,0.0,0.0
2019-03-15,22,0,17,0.0,0.0,0.0,-0.0,0.0
2019-03-15,22,0,19,643.3,643.3,0.0,-14179.544026,0.0
2019-03-15,22,0,20,780.2,780.2,0.0,-17197.077956,0.0
2019-03-15,22,0,21,0.0,0.0,0.0,0.0,0.0
2019-03-15,22,0,22,0.0,0.0,0.0,0.0,0.0
2019-03-15,22,0,23,19.51,19.51,0.0,409.552971,0.0
2019-03-15,22,0,24,34.51,34.51,0.0,724.432242,0.0
2019-03-15,22,0,29,0.0,0.0,0.0,0.0,0.0
2019-03-15,22,0,30,0.0,0.0,0.0,0.0,0.0
2019-03-15,22,0,31,23.47,23.47,0.0,492.350781,0.0
2019-03-15,22,0,32,0.0,0.0,0.0,0.0,0.0
2019-03-15,22,0,33,0.0,0.0,0.0,0.0,0.0
2019-03-15,22,0,34,0.0,0.0,0.0,0.0,0.0
2019-03-15,22,0,35,0.0,0.0,0.0,0.0,0.0
2019-03-15,22,0,36,0.0,0.0,0.0,0.0,0.0
2019-03-15,22,0,37,0.0,0.0,0.0,0.0,0.0
2019-03-15,22,0,38,0.0,0.0,0.0,0.0,0.0
2019-03-15,22,0,39,0.0,0.0,0.0,0.0,0.0
2019-03-15,22,0,40,0.0,0.0,0.0,0.0,0.0
2019-03-15,22,0,41,20.01,20.01,0.0,437.669958,0.0
2019-03-15,22,0,42,0.0,0.0,0.0,0.0,0.0
2019-03-15,22,0,43,0.0,0.0,0.0,0.0,0.0
2019-03-15,22,0,46,0.0,0.0,0.0,0.0,0.0
2019-03-15,22,0,52,24.88,24.88,0.0,521.929588,0.0
2019-03-15,22,0,53,39.52,39.52,0.0,829.045711,0.0
2019-03-15,22,0,55,91.21,91.21,0.0,1914.675885,0.0
2019-03-15,22,0,56,0.0,0.0,0.0,0.0,0.0
2019-03-15,22,0,57,0.0,0.0,0.0,0.0,0.0
2019-03-15,22,0,58,0.0,0.0,0.0,0.0,0.0
2019-03-15,22,0,59,0.0,0.0,0.0,0.0,0.0
2019-03-15,22,0,63,38.33,38.33,0.0,743.252185,0.0
2019-03-15,22,0,64,45.09,45.09,0.0,874.33449,0.0
2019-03-15,22,0,65,41.4,41.4,0.0,54.486296,0.0
2019-03-15,22,0,67,0.0,0.0,0.0,0.0,0.0
2019-03-15,22,0,68,1.84,1.84,0.0,35.972689,0.0
2019-03-15,22,0,69,0.0,0.0,0.0,0.0,0.0
2019-03-15,22,0,74,6.76,6.76,0.0,159.583372,0.0
2019-03-15,22,0,77,38.96,38.96,0.0,766.388827,0.0
2019-03-15,22,0,78,29.46,29.46,0.0,579.512701,0.0
2019-03-15,22,0,79,17.05,17.05,0.0,335.393468,0.0
2019-03-15,22,0,80,27.57,27.57,0.0,542.334188,0.0
2019-03-15,22,0,81,36.04,36.04,0.0,708.949007,0.0
2019-03-15,22,0,82,25.42,25.42,0.0,500.04117,0.0
2019-03-15,22,0,83,56.69,56.69,0.0,1115.158691,0.0
2019-03-15,22,0,84,0.0,0.0,0.0,0.0,0.0
2019-03-15,22,0,86,0.0,0.0,0.0,0.0,0.0
2019-03-15,22,0,87,0.0,0.0,0.0,0.0,0.0
2019-03-15,22,0,88,33.46,33.46,0.0,658.197386,0.0
2019-03-15,22,0,89,32.17,32.17,0.0,632.821575,0.0
2019-03-15,22,0,90,43.19,43.19,0.0,849.597881,0.0
2019-03-15,22,0,91,154.08,154.08,0.0,3030.934046,0.0
2019-03-15,22,0,92,55.42,55.42,0.0,1090.176303,0.0
2019-03-15,22,0,95,36.66,36.66,0.0,712.882287,0.0
2019-03-15,22,0,96,3.9,3.9,0.0,81.756357,0.0
2019-03-15,22,0,97,23.96,23.96,0.0,502.277518,0.0
2019-03-15,22,0,99,1.3,1.3,0.0,30.68911,0.0
2019-03-15,22,0,101,0.0,0.0,0.0,0.0,0.0
2019-03-15,22,0,102,4.37,4.37,0.0,85.435137,0.0
2019-03-15,22,0,103,3.8,3.8,0.0,74.291423,0.0
2019-03-15,22,0,104,0.7,0.7,0.0,13.685262,0.0
2019-03-15,22,0,106,0.0,0.0,0.0,0.0,0.0
2019-03-15,22,0,109,38.66,38.66,0.0,854.137295,0.0
2019-03-15,22,0,110,21.29,21.29,0.0,412.882628,0.0
2019-03-15,22,0,111,0.0,0.0,0.0,0.0,0.0
2019-03-15,22,0,113,24.08,24.08,0.0,466.864735,0.0
2019-03-15,22,0,115,24.08,24.08,0.0,466.864735,0.0
2019-03-15,22,0,116,0.0,0.0,0.0,0.0,0.0
2019-03-15,22,0,117,1.6,1.6,0.0,31.020913,0.0
2019-03-15,22,0,119,45.09,45.09,0.0,874.33449,0.0
2019-03-15,22,0,120,26.51,26.51,0.0,514.052059,0.0
2019-03-15,22,0,123,0.0,0.0,0.0,0.0,0.0
2019-03-15,22,0,125,31.23,31.23,0.0,655.578641,0.0
2019-03-15,22,0,126,0.0,0.0,0.0,0.0,0.0
2019-03-15,22,0,127,0.0,0.0,0.0,0.0,0.0
2019-03-15,22,0,128,44.73,44.73,0.0,938.969985,0.0
2019-03-15,22,0,131,5.38,5.38,0.0,105.236584,0.0
2019-03-15,22,0,132,7.91,7.91,0.0,154.725163,0.0
2019-03-15,22,0,133,64.4,64.4,0.0,1830.763186,0.0
2019-03-15,22,0,134,0.0,0.0,0.0,0.0,0.0
2019-03-15,22,0,135,86.29,86.29,0.0,2453.052101,0.0
2019-03-15,22,0,136,45.9,45.9,0.0,119.26656,0.0
2019-03-15,22,0,139,25.84,25.84,0.0,565.186992,0.0
2019-03-15,22,0,140,15.75,15.75,0.0,305.443936,0.0
2019-03-15,22,0,141,34.33,34.33,0.0,669.836656,0.0
2019-03-15,22,0,142,0.0,0.0,0.0,0.0,0.0
2019-03-15,22,0,143,37.05,37.05,0.0,777.230355,0.0
2019-03-15,22,0,145,15.04,15.04,0.0,321.774469,0.0
2019-03-15,22,0,146,48.18,48.18,0.0,934.367544,0.0
2019-03-15,22,0,152,0.0,0.0,0.0,0.0,0.0
2019-03-15,22,0,153,0.0,0.0,0.0,0.0,0.0
2019-03-15,22,0,154,0.0,0.0,0.0,0.0,0.0
2019-03-15,22,0,157,48.71,48.71,0.0,950.4149,0.0
2019-03-15,22,0,158,0.0,0.0,0.0,0.0,0.0
2019-03-15,22,0,159,0.0,0.0,0.0,0.0,0.0
2019-03-15,22,0,160,0.0,0.0,0.0,0.0,0.0
2019-03-15,22,0,161,0.0,0.0,0.0,0.0,0.0
2019-03-15,22,0,162,20.6,20.6,0.0,400.559975,0.0
2019-03-15,22,0,163,29.13,29.13,0.0,564.925832,0.0
2019-03-15,22,0,164,0.0,0.0,0.0,0.0,0.0
2019-03-15,22,0,167,0.0,0.0,0.0,0.0,0.0
2019-03-15,22,0,168,0.0,0.0,0.0,0.0,0.0
2019-03-15,22,0,169,0.0,0.0,0.0,0.0,0.0
2019-03-15,22,0,170,0.0,0.0,0.0,0.0,0.0
2019-03-15,22,0,172,0.0,0.0,0.0,0.0,0.0
2019-03-15,22,0,173,0.0,0.0,0.0,0.0,0.0
2019-03-15,22,0,188,0.0,0.0,0.0,0.0,0.0
2019-03-15,22,0,190,0.0,0.0,0.0,0.0,0.0
2019-03-15,22,0,191,0.0,0.0,0.0,0.0,0.0
2019-03-15,22,0,192,8.74,8.74,0.0,169.476235,0.0
2019-03-15,22,0,194,43.5,43.5,0.0,833.143425,0.0
2019-03-15,22,0,196,0.0,0.0,0.0,0.0,0.0
2019-03-15,22,0,198,0.0,0.0,0.0,0.0,0.0
2019-03-15,22,0,199,41.72,41.72,0.0,601.625555,0.0
2019-03-15,22,0,200,0.0,0.0,0.0,0.0,0.0
2019-03-15,22,0,204,201.47,201.47,0.0,4426.389197,0.0
2019-03-15,22,0,205,192.32,192.32,0.0,4249.03478,0.0
2019-03-15,22,0,206,70.4,70.4,0.0,1475.807065,0.0
2019-03-15,22,0,210,0.0,0.0,0.0,0.0,0.0
2019-03-15,22,0,214,0.0,0.0,0.0,0.0,0.0
2019-03-15,22,0,217,0.0,0.0,0.0,0.0,0.0
2019-03-15,22,0,218,0.0,0.0,0.0,0.0,0.0
2019-03-15,22,0,219,0.0,0.0,0.0,0.0,0.0
2019-03-15,22,0,221,0.0,0.0,0.0,0.0,0.0
2019-03-15,22,0,225,0.0,0.0,0.0,0.0,0.0
2019-03-15,22,0,233,0.0,0.0,0.0,0.0,0.0
2019-03-15,22,0,236,17.53,17.53,0.0,427.445067,0.0
2019-03-15,22,0,237,16.21,16.21,0.0,382.669595,0.0
2019-03-15,22,0,238,0.0,0.0,0.0,0.0,0.0
2019-03-15,22,0,240,0.0,0.0,0.0,0.0,0.0
2019-03-15,22,0,245,135.44,135.44,0.0,2808.964237,0.0
2019-03-15,22,0,247,17.14,17.14,0.0,355.475834,0.0
2019-03-15,22,0,248,1.63,1.63,0.0,38.479423,0.0
2019-03-15,22,0,249,260.46,260.46,0.0,5401.822395,0.0
2019-03-15,22,0,251,678.68,678.68,0.0,5934.216556,0.0
2019-03-15,22,0,252,267.06,267.06,0.0,351.47609,0.0
2019-03-15,22,0,254,0.0,0.0,0.0,0.0,0.0
2019-03-15,22,0,255,0.0,0.0,0.0,0.0,0.0
2019-03-15,22,0,258,0.0,0.0,0.0,0.0,0.0
2019-03-15,22,0,260,0.0,0.0,0.0,0.0,0.0
2019-03-15,22,0,265,0.0,0.0,0.0,0.0,0.0
2019-03-15,22,0,266,16.73,16.73,0.0,365.927956,0.0
2019-03-15,22,0,267,20.56,20.56,0.0,449.699867,0.0
2019-03-15,22,0,270,90.97,90.97,0.0,1764.205386,0.0
2019-03-15,22,0,272,80.47,80.47,0.0,1560.158026,0.0
2019-03-15,22,0,273,0.0,0.0,0.0,0.0,0.0
2019-03-15,22,0,274,117.27,117.27,0.0,2274.248276,0.0
2019-03-15,22,0,275,163.24,163.24,0.0,3165.756703,0.0
2019-03-15,22,0,276,0.0,0.0,0.0,0.0,0.0
2019-03-15,22,0,277,0.0,0.0,0.0,0.0,0.0
2019-03-15,22,0,278,0.0,0.0,0.0,0.0,0.0
2019-03-15,22,0,279,43.31,43.31,0.0,844.612999,0.0
2019-03-15,22,0,281,10.53,10.53,0.0,220.897048,0.0
2019-03-15,22,0,282,0.0,0.0,0.0,0.0,0.0
2019-03-15,23,0,9,0.0,0.0,0.0,0.0,0.0
2019-03-15,23,0,17,0.0,0.0,0.0,0.0,0.0
2019-03-15,23,0,19,468.64,468.64,0.0,7697.337588,0.0
2019-03-15,23,0,20,568.37,568.37,0.0,9335.387002,0.0
2019-03-15,23,0,21,0.0,0.0,0.0,0.0,0.0
2019-03-15,23,0,22,0.0,0.0,0.0,0.0,0.0
2019-03-15,23,0,23,20.55,20.55,0.0,379.001092,0.0
2019-03-15,23,0,24,36.35,36.35,0.0,670.398524,0.0
2019-03-15,23,0,29,0.0,0.0,0.0,0.0,0.0
2019-03-15,23,0,30,0.0,0.0,0.0,0.0,0.0
2019-03-15,23,0,31,18.05,18.05,0.0,333.129582,0.0
2019-03-15,23,0,32,0.0,0.0,0.0,0.0,0.0
2019-03-15,23,0,33,0.0,0.0,0.0,0.0,0.0
2019-03-15,23,0,34,0.0,0.0,0.0,0.0,0.0
2019-03-15,23,0,35,0.0,0.0,0.0,0.0,0.0
2019-03-15,23,0,36,0.0,0.0,0.0,0.0,0.0
2019-03-15,23,0,37,0.0,0.0,0.0,0.0,0.0
2019-03-15,23,0,38,0.0,0.0,0.0,0.0,0.0
2019-03-15,23,0,39,0.0,0.0,0.0,0.0,0.0
2019-03-15,23,0,40,0.0,0.0,0.0,0.0,0.0
2019-03-15,23,0,41,23.29,23.29,0.0,413.769164,0.0
2019-03-15,23,0,42,0.0,0.0,0.0,0.0,0.0
2019-03-15,23,0,43,0.0,0.0,0.0,0.0,0.0
2019-03-15,23,0,46,0.0,0.0,0.0,0.0,0.0
2019-03-15,23,0,52,19.13,19.13,0.0,353.061989,0.0
2019-03-15,23,0,53,30.39,30.39,0.0,560.875789,0.0
2019-03-15,23,0,55,146.9,146.9,0.0,2709.258411,0.0
2019-03-15,23,0,56,0.0,0.0,0.0,0.0,0.0
2019-03-15,23,0,57,0.0,0.0,0.0,0.0,0.0
2019-03-15,23,0,58,0.0,0.0,0.0,0.0,0.0
2019-03-15,23,0,59,0.0,0.0,0.0,0.0,0.0
2019-03-15,23,0,63,31.23,31.23,0.0,722.673789,0.0
2019-03-15,23,0,64,36.74,36.74,0.0,850.177234,0.0
2019-03-15,23,0,65,41.4,41.4,0.0,680.557979,0.0
2019-03-15,23,0,67,0.0,0.0,0.0,0.0,0.0
2019-03-15,23,0,68,1.79,1.79,0.0,36.136202,0.0
2019-03-15,23,0,69,0.0,0.0,0.0,0.0,0.0
2019-03-15,23,0,74,7.51,7.51,0.0,126.405195,0.0
2019-03-15,23,0,77,39.74,39.74,0.0,782.828656,0.0
2019-03-15,23,0,78,30.04,30.04,0.0,591.7507,0.0
2019-03-15,23,0,79,17.39,17.39,0.0,342.561407,0.0
2019-03-15,23,0,80,28.12,28.12,0.0,553.929084,0.0
2019-03-15,23,0,81,36.76,36.76,0.0,724.126356,0.0
2019-03-15,23,0,82,25.93,25.93,0.0,510.788803,0.0
2019-03-15,23,0,83,57.82,57.82,0.0,1138.982206,0.0
2019-03-15,23,0,84,0.0,0.0,0.0,0.0,0.0
2019-03-15,23,0,86,0.0,0.0,0.0,0.0,0.0
2019-03-15,23,0,87,0.0,0.0,0.0,0.0,0.0
2019-03-15,23,0,88,33.58,33.58,0.0,661.484304,0.0
2019-03-15,23,0,89,32.28,32.28,0.0,635.875919,0.0
2019-03-15,23,0,90,43.34,43.34,0.0,853.744186,0.0
2019-03-15,23,0,91,154.6,154.6,0.0,3045.428036,0.0
2019-03-15,23,0,92,55.6,55.6,0.0,1095.250963,0.0
2019-03-15,23,0,95,33.93,33.93,0.0,791.432743,0.0
2019-03-15,23,0,96,4.19,4.19,0.0,77.387533,0.0
2019-03-15,23,0,97,25.77,25.77,0.0,475.961035,0.0
2019-03-15,23,0,99,1.45,1.45,0.0,24.405797,0.0
2019-03-15,23,0,101,0.0,0.0,0.0,0.0,0.0
2019-03-15,23,0,102,4.23,4.23,0.0,85.394489,0.0
2019-03-15,23,0,103,3.68,3.68,0.0,74.291186,0.0
2019-03-15,23,0,104,0.68,0.68,0.0,13.727719,0.0
2019-03-15,23,0,106,0.0,0.0,0.0,0.0,0.0
2019-03-15,23,0,109,50.93,50.93,0.0,881.659869,0.0
2019-03-15,23,0,110,36.58,36.58,0.0,810.717534,0.0
2019-03-15,23,0,111,0.0,0.0,0.0,0.0,0.0
2019-03-15,23,0,113,23.24,23.24,0.0,461.932227,0.0
2019-03-15,23,0,115,23.24,23.24,0.0,461.932227,0.0
2019-03-15,23,0,116,0.0,0.0,0.0,0.0,0.0
2019-03-15,23,0,117,1.55,1.55,0.0,30.808733,0.0
2019-03-15,23,0,119,36.74,36.74,0.0,850.177234,0.0
2019-03-15,23,0,120,21.6,21.6,0.0,499.832016,0.0
2019-03-15,23,0,123,0.0,0.0,0.0,0.0,0.0
2019-03-15,23,0,125,32.9,32.9,0.0,606.770604,0.0
2019-03-15,23,0,126,0.0,0.0,0.0,0.0,0.0
2019-03-15,23,0,127,0.0,0.0,0.0,0.0,0.0
2019-03-15,23,0,128,47.12,47.12,0.0,869.028294,0.0
2019-03-15,23,0,131,5.57,5.57,0.0,111.722933,0.0
2019-03-15,23,0,132,8.18,8.18,0.0,164.074253,0.0
2019-03-15,23,0,133,50.3,50.3,0.0,826.104317,0.0
2019-03-15,23,0,134,0.0,0.0,0.0,0.0,0.0
2019-03-15,23,0,135,67.4,67.4,0.0,1106.946938,0.0
2019-03-15,23,0,136,45.9,45.9,0.0,754.566338,0.0
2019-03-15,23,0,139,30.07,30.07,0.0,534.22236,0.0
2019-03-15,23,0,140,27.07,27.07,0.0,599.948706,0.0
2019-03-15,23,0,141,38.68,38.68,0.0,799.670632,0.0
2019-03-15,23,0,142,0.0,0.0,0.0,0.0,0.0
2019-03-15,23,0,143,30.58,30.58,0.0,564.382416,0.0
2019-03-15,23,0,145,6.43,6.43,0.0,115.939897,0.0
2019-03-15,23,0,146,59.67,59.67,0.0,1322.458045,0.0
2019-03-15,23,0,152,0.0,0.0,0.0,0.0,0.0
2019-03-15,23,0,153,0.0,0.0,0.0,0.0,0.0
2019-03-15,23,0,154,0.0,0.0,0.0,0.0,0.0
2019-03-15,23,0,157,53.04,53.04,0.0,1096.549387,0.0
2019-03-15,23,0,158,0.0,0.0,0.0,0.0,0.0
2019-03-15,23,0,159,0.0,0.0,0.0,0.0,0.0
2019-03-15,23,0,160,0.0,0.0,0.0,0.0,0.0
2019-03-15,23,0,161,0.0,0.0,0.0,0.0,0.0
2019-03-15,23,0,162,10.41,10.41,0.0,242.79206,0.0
2019-03-15,23,0,163,26.56,26.56,0.0,588.645645,0.0
2019-03-15,23,0,164,0.0,0.0,0.0,0.0,0.0
2019-03-15,23,0,167,0.0,0.0,0.0,0.0,0.0
2019-03-15,23,0,168,0.0,0.0,0.0,0.0,0.0
2019-03-15,23,0,169,0.0,0.0,0.0,0.0,0.0
2019-03-15,23,0,170,0.0,0.0,0.0,0.0,0.0
2019-03-15,23,0,172,0.0,0.0,0.0,0.0,0.0
2019-03-15,23,0,173,0.0,0.0,0.0,0.0,0.0
2019-03-15,23,0,188,0.0,0.0,0.0,0.0,0.0
2019-03-15,23,0,190,0.0,0.0,0.0,0.0,0.0
2019-03-15,23,0,191,0.0,0.0,0.0,0.0,0.0
2019-03-15,23,0,192,7.09,7.09,0.0,164.065231,0.0
2019-03-15,23,0,194,41.09,41.09,0.0,808.677308,0.0
2019-03-15,23,0,196,0.0,0.0,0.0,0.0,0.0
2019-03-15,23,0,198,0.0,0.0,0.0,0.0,0.0
2019-03-15,23,0,199,30.21,30.21,0.0,562.126983,0.0
2019-03-15,23,0,200,0.0,0.0,0.0,0.0,0.0
2019-03-15,23,0,204,221.27,221.27,0.0,3841.525706,0.0
2019-03-15,23,0,205,269.4,269.4,0.0,4663.639679,0.0
2019-03-15,23,0,206,75.71,75.71,0.0,1398.331779,0.0
2019-03-15,23,0,210,0.0,0.0,0.0,0.0,0.0
2019-03-15,23,0,214,0.0,0.0,0.0,0.0,0.0
2019-03-15,23,0,217,0.0,0.0,0.0,0.0,0.0
2019-03-15,23,0,218,0.0,0.0,0.0,0.0,0.0
2019-03-15,23,0,219,0.0,0.0,0.0,0.0,0.0
2019-03-15,23,0,221,0.0,0.0,0.0,0.0,0.0
2019-03-15,23,0,225,0.0,0.0,0.0,0.0,0.0
2019-03-15,23,0,233,0.0,0.0,0.0,0.0,0.0
2019-03-15,23,0,236,19.04,19.04,0.0,316.296012,0.0
2019-03-15,23,0,237,18.03,18.03,0.0,303.473457,0.0
2019-03-15,23,0,238,0.0,0.0,0.0,0.0,0.0
2019-03-15,23,0,240,0.0,0.0,0.0,0.0,0.0
2019-03-15,23,0,245,61.04,61.04,0.0,999.484314,0.0
2019-03-15,23,0,247,6.8,6.8,0.0,111.34491,0.0
2019-03-15,23,0,248,1.81,1.81,0.0,30.465167,0.0
2019-03-15,23,0,249,117.39,117.39,0.0,1922.173388,0.0
2019-03-15,23,0,251,326.4,326.4,0.0,5372.931031,0.0
2019-03-15,23,0,252,267.06,267.06,0.0,4390.092124,0.0
2019-03-15,23,0,254,0.0,0.0,0.0,0.0,0.0
2019-03-15,23,0,255,0.0,0.0,0.0,0.0,0.0
2019-03-15,23,0,258,0.0,0.0,0.0,0.0,0.0
2019-03-15,23,0,260,0.0,0.0,0.0,0.0,0.0
2019-03-15,23,0,265,0.0,0.0,0.0,0.0,0.0
2019-03-15,23,0,266,19.47,19.47,0.0,345.903204,0.0
2019-03-15,23,0,267,23.93,23.93,0.0,425.139377,0.0
2019-03-15,23,0,270,82.96,82.96,0.0,1838.631127,0.0
2019-03-15,23,0,272,77.66,77.66,0.0,1543.6169,0.0
2019-03-15,23,0,273,0.0,0.0,0.0,0.0,0.0
2019-03-15,23,0,274,106.95,106.95,0.0,2370.318215,0.0
2019-03-15,23,0,275,148.87,148.87,0.0,3299.385438,0.0
2019-03-15,23,0,276,0.0,0.0,0.0,0.0,0.0
2019-03-15,23,0,277,0.0,0.0,0.0,0.0,0.0
2019-03-15,23,0,278,0.0,0.0,0.0,0.0,0.0
2019-03-15,23,0,279,40.2,40.2,0.0,796.173121,0.0
2019-03-15,23,0,281,8.1,8.1,0.0,149.493053,0.0
2019-03-15,23,0,282,0.0,0.0,0.0,0.0,0.0
2019-03-16,0,0,9,0.0,0.0,0.0,0.0,0.0
2019-03-16,0,0,17,0.0,0.0,0.0,0.0,0.0
2019-03-16,0,0,19,268.89,268.89,0.0,2673.76509,0.0
2019-03-16,0,0,20,326.12,326.12,0.0,3242.843807,0.0
2019-03-16,0,0,21,0.0,0.0,0.0,0.0,0.0
2019-03-16,0,0,22,0.0,0.0,0.0,0.0,0.0
2019-03-16,0,0,23,21.56,21.56,0.0,225.984202,0.0
2019-03-16,0,0,24,38.15,38.15,0.0,399.874642,0.0
2019-03-16,0,0,29,0.0,0.0,0.0,0.0,0.0
2019-03-16,0,0,30,0.0,0.0,0.0,0.0,0.0
2019-03-16,0,0,31,13.59,13.59,0.0,142.49375,0.0
2019-03-16,0,0,32,0.0,0.0,0.0,0.0,0.0
2019-03-16,0,0,33,0.0,0.0,0.0,0.0,0.0
2019-03-16,0,0,34,0.0,0.0,0.0,0.0,0.0
2019-03-16,0,0,35,0.0,0.0,0.0,0.0,0.0
2019-03-16,0,0,36,0.0,0.0,0.0,0.0,0.0
2019-03-16,0,0,37,0.0,0.0,0.0,0.0,0.0
2019-03-16,0,0,38,0.0,0.0,0.0,0.0,0.0
2019-03-16,0,0,39,0.0,0.0,0.0,0.0,0.0
2019-03-16,0,0,40,0.0,0.0,0.0,0.0,0.0
2019-03-16,0,0,41,26.97,26.97,0.0,277.749465,0.0
2019-03-16,0,0,42,0.0,0.0,0.0,0.0,0.0
2019-03-16,0,0,43,0.0,0.0,0.0,0.0,0.0
2019-03-16,0,0,46,0.0,0.0,0.0,0.0,0.0
2019-03-16,0,0,52,14.4,14.4,0.0,150.986755,0.0
2019-03-16,0,0,53,22.88,22.88,0.0,239.901178,0.0
2019-03-16,0,0,55,136.34,136.34,0.0,1429.06707,0.0
2019-03-16,0,0,56,0.0,0.0,0.0,0.0,0.0
2019-03-16,0,0,57,0.0,0.0,0.0,0.0,0.0
2019-03-16,0,0,58,0.0,0.0,0.0,0.0,0.0
2019-03-16,0,0,59,0.0,0.0,0.0,0.0,0.0
2019-03-16,0,0,63,25.71,25.71,0.0,282.157748,0.0
2019-03-16,0,0,64,30.25,30.25,0.0,331.982571,0.0
2019-03-16,0,0,65,41.4,41.4,0.0,411.815566,0.0
2019-03-16,0,0,67,0.0,0.0,0.0,0.0,0.0
2019-03-16,0,0,68,1.72,1.72,0.0,18.683637,0.0
2019-03-16,0,0,69,0.0,0.0,0.0,0.0,0.0
2019-03-16,0,0,74,8.33,8.33,0.0,83.704151,0.0
2019-03-16,0,0,77,40.54,40.54,0.0,438.773031,0.0
2019-03-16,0,0,78,30.65,30.65,0.0,331.73146,0.0
2019-03-16,0,0,79,17.74,17.74,0.0,192.003788,0.0
2019-03-16,0,0,80,28.68,28.68,0.0,310.409732,0.0
2019-03-16,0,0,81,37.5,37.5,0.0,405.870465,0.0
2019-03-16,0,0,82,26.45,26.45,0.0,286.273968,0.0
2019-03-16,0,0,83,58.99,58.99,0.0,638.4613,0.0
2019-03-16,0,0,84,0.0,0.0,0.0,0.0,0.0
2019-03-16,0,0,86,0.0,0.0,0.0,0.0,0.0
2019-03-16,0,0,87,0.0,0.0,0.0,0.0,0.0
2019-03-16,0,0,88,33.79,33.79,0.0,365.716347,0.0
2019-03-16,0,0,89,32.48,32.48,0.0,351.537939,0.0
2019-03-16,0,0,90,43.61,43.61,0.0,472.000293,0.0
2019-03-16,0,0,91,155.58,155.58,0.0,1683.875386,0.0
2019-03-16,0,0,92,55.95,55.95,0.0,605.558734,0.0
2019-03-16,0,0,95,17.64,17.64,0.0,193.930637,0.0
2019-03-16,0,0,96,4.58,4.58,0.0,48.039165,0.0
2019-03-16,0,0,97,28.15,28.15,0.0,295.262555,0.0
2019-03-16,0,0,99,1.61,1.61,0.0,16.178113,0.0
2019-03-16,0,0,101,0.0,0.0,0.0,0.0,0.0
2019-03-16,0,0,102,4.07,4.07,0.0,44.210699,0.0
2019-03-16,0,0,103,3.54,3.54,0.0,38.453532,0.0
2019-03-16,0,0,104,0.66,0.66,0.0,7.169303,0.0
2019-03-16,0,0,106,0.0,0.0,0.0,0.0,0.0
2019-03-16,0,0,109,57.03,57.03,0.0,580.187188,0.0
2019-03-16,0,0,110,60.86,60.86,0.0,665.979188,0.0
2019-03-16,0,0,111,0.0,0.0,0.0,0.0,0.0
2019-03-16,0,0,113,22.51,22.51,0.0,245.234812,0.0
2019-03-16,0,0,115,22.51,22.51,0.0,245.234812,0.0
2019-03-16,0,0,116,0.0,0.0,0.0,0.0,0.0
2019-03-16,0,0,117,1.5,1.5,0.0,16.341724,0.0
2019-03-16,0,0,119,30.25,30.25,0.0,331.982571,0.0
2019-03-16,0,0,120,17.79,17.79,0.0,195.238675,0.0
2019-03-16,0,0,123,0.0,0.0,0.0,0.0,0.0
2019-03-16,0,0,125,34.53,34.53,0.0,361.931098,0.0
2019-03-16,0,0,126,0.0,0.0,0.0,0.0,0.0
2019-03-16,0,0,127,0.0,0.0,0.0,0.0,0.0
2019-03-16,0,0,128,49.45,49.45,0.0,518.317197,0.0
2019-03-16,0,0,131,5.73,5.73,0.0,62.212359,0.0
2019-03-16,0,0,132,8.42,8.42,0.0,91.418511,0.0
2019-03-16,0,0,133,38.64,38.64,0.0,384.212261,0.0
2019-03-16,0,0,134,0.0,0.0,0.0,0.0,0.0
2019-03-16,0,0,135,51.77,51.77,0.0,514.76886,0.0
2019-03-16,0,0,136,45.9,45.9,0.0,456.587004,0.0
2019-03-16,0,0,139,34.83,34.83,0.0,358.69536,0.0
2019-03-16,0,0,140,45.04,45.04,0.0,492.863993,0.0
2019-03-16,0,0,141,43.39,43.39,0.0,472.184239,0.0
2019-03-16,0,0,142,0.0,0.0,0.0,0.0,0.0
2019-03-16,0,0,143,63.06,63.06,0.0,661.196165,0.0
2019-03-16,0,0,145,6.79,6.79,0.0,70.408762,0.0
2019-03-16,0,0,146,73.1,73.1,0.0,799.919136,0.0
2019-03-16,0,0,152,0.0,0.0,0.0,0.0,0.0
2019-03-16,0,0,153,0.0,0.0,0.0,0.0,0.0
2019-03-16,0,0,154,0.0,0.0,0.0,0.0,0.0
2019-03-16,0,0,157,57.57,57.57,0.0,626.495658,0.0
2019-03-16,0,0,158,0.0,0.0,0.0,0.0,0.0
2019-03-16,0,0,159,0.0,0.0,0.0,0.0,0.0
2019-03-16,0,0,160,0.0,0.0,0.0,0.0,0.0
2019-03-16,0,0,161,0.0,0.0,0.0,0.0,0.0
2019-03-16,0,0,162,10.38,10.38,0.0,114.112282,0.0
2019-03-16,0,0,163,24.95,24.95,0.0,273.023016,0.0
2019-03-16,0,0,164,0.0,0.0,0.0,0.0,0.0
2019-03-16,0,0,167,0.0,0.0,0.0,0.0,0.0
2019-03-16,0,0,168,0.0,0.0,0.0,0.0,0.0
2019-03-16,0,0,169,0.0,0.0,0.0,0.0,0.0
2019-03-16,0,0,170,0.0,0.0,0.0,0.0,0.0
2019-03-16,0,0,172,0.0,0.0,0.0,0.0,0.0
2019-03-16,0,0,173,0.0,0.0,0.0,0.0,0.0
2019-03-16,0,0,188,0.0,0.0,0.0,0.0,0.0
2019-03-16,0,0,190,0.0,0.0,0.0,0.0,0.0
2019-03-16,0,0,191,0.0,0.0,0.0,0.0,0.0
2019-03-16,0,0,192,0.0,0.0,0.0,0.0,0.0
2019-03-16,0,0,194,38.97,38.97,0.0,426.576487,0.0
2019-03-16,0,0,196,0.0,0.0,0.0,0.0,0.0
2019-03-16,0,0,198,0.0,0.0,0.0,0.0,0.0
2019-03-16,0,0,199,12.07,12.07,0.0,135.873324,0.0
2019-03-16,0,0,200,0.0,0.0,0.0,0.0,0.0
2019-03-16,0,0,204,242.02,242.02,0.0,2465.3609,0.0
2019-03-16,0,0,205,301.69,301.69,0.0,3069.203451,0.0
2019-03-16,0,0,206,82.71,82.71,0.0,867.536978,0.0
2019-03-16,0,0,210,0.0,0.0,0.0,0.0,0.0
2019-03-16,0,0,214,0.0,0.0,0.0,0.0,0.0
2019-03-16,0,0,217,0.0,0.0,0.0,0.0,0.0
2019-03-16,0,0,218,0.0,0.0,0.0,0.0,0.0
2019-03-16,0,0,219,0.0,0.0,0.0,0.0,0.0
2019-03-16,0,0,221,0.0,0.0,0.0,0.0,0.0
2019-03-16,0,0,225,0.0,0.0,0.0,0.0,0.0
2019-03-16,0,0,233,0.0,0.0,0.0,0.0,0.0
2019-03-16,0,0,236,20.57,20.57,0.0,205.526819,0.0
2019-03-16,0,0,237,19.98,19.98,0.0,200.769379,0.0
2019-03-16,0,0,238,0.0,0.0,0.0,0.0,0.0
2019-03-16,0,0,240,0.0,0.0,0.0,0.0,0.0
2019-03-16,0,0,245,15.24,15.24,0.0,151.344783,0.0
2019-03-16,0,0,247,0.0,0.0,0.0,0.0,0.0
2019-03-16,0,0,248,2.01,2.01,0.0,20.19752,0.0
2019-03-16,0,0,249,28.56,28.56,0.0,283.622506,0.0
2019-03-16,0,0,251,326.4,326.4,0.0,3248.665502,0.0
2019-03-16,0,0,252,267.06,267.06,0.0,2656.508821,0.0
2019-03-16,0,0,254,0.0,0.0,0.0,0.0,0.0
2019-03-16,0,0,255,0.0,0.0,0.0,0.0,0.0
2019-03-16,0,0,258,0.0,0.0,0.0,0.0,0.0
2019-03-16,0,0,260,0.0,0.0,0.0,0.0,0.0
2019-03-16,0,0,265,0.0,0.0,0.0,0.0,0.0
2019-03-16,0,0,266,22.55,22.55,0.0,232.230272,0.0
2019-03-16,0,0,267,27.72,27.72,0.0,285.47331,0.0
2019-03-16,0,0,270,77.93,77.93,0.0,852.77289,0.0
2019-03-16,0,0,272,75.21,75.21,0.0,819.374066,0.0
2019-03-16,0,0,273,0.0,0.0,0.0,0.0,0.0
2019-03-16,0,0,274,100.46,100.46,0.0,1099.314314,0.0
2019-03-16,0,0,275,139.84,139.84,0.0,1530.242024,0.0
2019-03-16,0,0,276,0.0,0.0,0.0,0.0,0.0
2019-03-16,0,0,277,0.0,0.0,0.0,0.0,0.0
2019-03-16,0,0,278,0.0,0.0,0.0,0.0,0.0
2019-03-16,0,0,279,37.44,37.44,0.0,406.81965,0.0
2019-03-16,0,0,281,6.1,6.1,0.0,63.959667,0.0
2019-03-16,0,0,282,0.0,0.0,0.0,0.0,0.0
2019-03-16,1,0,9,0.0,0.0,0.0,0.0,0.0
2019-03-16,1,0,17,0.0,0.0,0.0,0.0,0.0
2019-03-16,1,0,19,137.19,137.19,0.0,1340.382951,0.0
2019-03-16,1,0,20,166.38,166.38,0.0,1625.577049,0.0
2019-03-16,1,0,21,0.0,0.0,0.0,0.0,0.0
2019-03-16,1,0,22,0.0,0.0,0.0,0.0,0.0
2019-03-16,1,0,23,22.66,22.66,0.0,230.466069,0.0
2019-03-16,1,0,24,40.1,40.1,0.0,407.841542,0.0
2019-03-16,1,0,29,0.0,0.0,0.0,0.0,0.0
2019-03-16,1,0,30,0.0,0.0,0.0,0.0,0.0
2019-03-16,1,0,31,22.35,22.35,0.0,227.402423,0.0
2019-03-16,1,0,32,0.0,0.0,0.0,0.0,0.0
2019-03-16,1,0,33,0.0,0.0,0.0,0.0,0.0
2019-03-16,1,0,34,0.0,0.0,0.0,0.0,0.0
2019-03-16,1,0,35,0.0,0.0,0.0,0.0,0.0
2019-03-16,1,0,36,0.0,0.0,0.0,0.0,0.0
2019-03-16,1,0,37,0.0,0.0,0.0,0.0,0.0
2019-03-16,1,0,38,0.0,0.0,0.0,0.0,0.0
2019-03-16,1,0,39,0.0,0.0,0.0,0.0,0.0
2019-03-16,1,0,40,0.0,0.0,0.0,0.0,0.0
2019-03-16,1,0,41,31.44,31.44,0.0,313.784976,0.0
2019-03-16,1,0,42,0.0,0.0,0.0,0.0,0.0
2019-03-16,1,0,43,0.0,0.0,0.0,0.0,0.0
2019-03-16,1,0,46,0.0,0.0,0.0,0.0,0.0
2019-03-16,1,0,52,23.8,23.8,0.0,242.155601,0.0
2019-03-16,1,0,53,38.9,38.9,0.0,395.792137,0.0
2019-03-16,1,0,55,105.33,105.33,0.0,1071.270565,0.0
2019-03-16,1,0,56,0.0,0.0,0.0,0.0,0.0
2019-03-16,1,0,57,0.0,0.0,0.0,0.0,0.0
2019-03-16,1,0,58,0.0,0.0,0.0,0.0,0.0
2019-03-16,1,0,59,0.0,0.0,0.0,0.0,0.0
2019-03-16,1,0,63,21.43,21.43,0.0,234.824436,0.0
2019-03-16,1,0,64,25.21,25.21,0.0,276.244705,0.0
2019-03-16,1,0,65,27.04,27.04,0.0,264.182128,0.0
2019-03-16,1,0,67,0.0,0.0,0.0,0.0,0.0
2019-03-16,1,0,68,1.66,1.66,0.0,17.639885,0.0
2019-03-16,1,0,69,0.0,0.0,0.0,0.0,0.0
2019-03-16,1,0,74,9.24,9.24,0.0,90.341721,0.0
2019-03-16,1,0,77,41.54,41.54,0.0,438.594026,0.0
2019-03-16,1,0,78,31.41,31.41,0.0,331.6379,0.0
2019-03-16,1,0,79,18.18,18.18,0.0,191.950876,0.0
2019-03-16,1,0,80,29.39,29.39,0.0,310.310025,0.0
2019-03-16,1,0,81,38.43,38.43,0.0,405.757545,0.0
2019-03-16,1,0,82,27.11,27.11,0.0,286.236977,0.0
2019-03-16,1,0,83,60.45,60.45,0.0,638.2525,0.0
2019-03-16,1,0,84,0.0,0.0,0.0,0.0,0.0
2019-03-16,1,0,86,0.0,0.0,0.0,0.0,0.0
2019-03-16,1,0,87,0.0,0.0,0.0,0.0,0.0
2019-03-16,1,0,88,34.12,34.12,0.0,360.251039,0.0
2019-03-16,1,0,89,32.8,32.8,0.0,346.314012,0.0
2019-03-16,1,0,90,44.04,44.04,0.0,464.989911,0.0
2019-03-16,1,0,91,157.11,157.11,0.0,1658.822999,0.0
2019-03-16,1,0,92,56.5,56.5,0.0,596.547002,0.0
2019-03-16,1,0,95,21.61,21.61,0.0,239.346921,0.0
2019-03-16,1,0,96,5.01,5.01,0.0,50.995679,0.0
2019-03-16,1,0,97,30.8,30.8,0.0,313.506369,0.0
2019-03-16,1,0,99,1.78,1.78,0.0,17.403492,0.0
2019-03-16,1,0,101,0.0,0.0,0.0,0.0,0.0
2019-03-16,1,0,102,3.93,3.93,0.0,41.761897,0.0
2019-03-16,1,0,103,3.42,3.42,0.0,36.342415,0.0
2019-03-16,1,0,104,0.63,0.63,0.0,6.694655,0.0
2019-03-16,1,0,106,0.0,0.0,0.0,0.0,0.0
2019-03-16,1,0,109,63.92,63.92,0.0,627.137734,0.0
2019-03-16,1,0,110,96.04,96.04,0.0,1040.270034,0.0
2019-03-16,1,0,111,0.0,0.0,0.0,0.0,0.0
2019-03-16,1,0,113,12.32,12.32,0.0,131.005404,0.0
2019-03-16,1,0,115,12.32,12.32,0.0,131.005404,0.0
2019-03-16,1,0,116,0.0,0.0,0.0,0.0,0.0
2019-03-16,1,0,117,0.84,0.84,0.0,8.932187,0.0
2019-03-16,1,0,119,25.21,25.21,0.0,276.244705,0.0
2019-03-16,1,0,120,14.82,14.82,0.0,162.393753,0.0
2019-03-16,1,0,123,0.0,0.0,0.0,0.0,0.0
2019-03-16,1,0,125,36.28,36.28,0.0,368.989804,0.0
2019-03-16,1,0,126,0.0,0.0,0.0,0.0,0.0
2019-03-16,1,0,127,0.0,0.0,0.0,0.0,0.0
2019-03-16,1,0,128,51.97,51.97,0.0,528.566707,0.0
2019-03-16,1,0,131,5.92,5.92,0.0,62.828645,0.0
2019-03-16,1,0,132,8.7,8.7,0.0,92.332637,0.0
2019-03-16,1,0,133,29.22,29.22,0.0,285.487806,0.0
2019-03-16,1,0,134,0.0,0.0,0.0,0.0,0.0
2019-03-16,1,0,135,39.15,39.15,0.0,382.506763,0.0
2019-03-16,1,0,136,45.9,45.9,0.0,448.444705,0.0
2019-03-16,1,0,139,40.6,40.6,0.0,405.205789,0.0
2019-03-16,1,0,140,71.08,71.08,0.0,769.912474,0.0
2019-03-16,1,0,141,48.75,48.75,0.0,520.501267,0.0
2019-03-16,1,0,142,0.0,0.0,0.0,0.0,0.0
2019-03-16,1,0,143,66.19,66.19,0.0,673.45711,0.0
2019-03-16,1,0,145,7.24,7.24,0.0,72.69019,0.0
2019-03-16,1,0,146,88.42,88.42,0.0,957.732991,0.0
2019-03-16,1,0,152,0.0,0.0,0.0,0.0,0.0
2019-03-16,1,0,153,0.0,0.0,0.0,0.0,0.0
2019-03-16,1,0,154,0.0,0.0,0.0,0.0,0.0
2019-03-16,1,0,157,62.36,62.36,0.0,665.814543,0.0
2019-03-16,1,0,158,0.0,0.0,0.0,0.0,0.0
2019-03-16,1,0,159,0.0,0.0,0.0,0.0,0.0
2019-03-16,1,0,160,0.0,0.0,0.0,0.0,0.0
2019-03-16,1,0,161,0.0,0.0,0.0,0.0,0.0
2019-03-16,1,0,162,10.36,10.36,0.0,114.72259,0.0
2019-03-16,1,0,163,24.41,24.41,0.0,264.400162,0.0
2019-03-16,1,0,164,0.0,0.0,0.0,0.0,0.0
2019-03-16,1,0,167,0.0,0.0,0.0,0.0,0.0
2019-03-16,1,0,168,0.0,0.0,0.0,0.0,0.0
2019-03-16,1,0,169,0.0,0.0,0.0,0.0,0.0
2019-03-16,1,0,170,0.0,0.0,0.0,0.0,0.0
2019-03-16,1,0,172,0.0,0.0,0.0,0.0,0.0
2019-03-16,1,0,173,0.0,0.0,0.0,0.0,0.0
2019-03-16,1,0,188,0.0,0.0,0.0,0.0,0.0
2019-03-16,1,0,190,0.0,0.0,0.0,0.0,0.0
2019-03-16,1,0,191,0.0,0.0,0.0,0.0,0.0
2019-03-16,1,0,192,0.0,0.0,0.0,0.0,0.0
2019-03-16,1,0,194,36.91,36.91,0.0,393.686499,0.0
2019-03-16,1,0,196,0.0,0.0,0.0,0.0,0.0
2019-03-16,1,0,198,0.0,0.0,0.0,0.0,0.0
2019-03-16,1,0,199,29.21,29.21,0.0,244.915236,0.0
2019-03-16,1,0,200,0.0,0.0,0.0,0.0,0.0
2019-03-16,1,0,204,264.39,264.39,0.0,2596.041774,0.0
2019-03-16,1,0,205,338.13,338.13,0.0,3317.491898,0.0
2019-03-16,1,0,206,90.51,90.51,0.0,921.281215,0.0
2019-03-16,1,0,210,0.0,0.0,0.0,0.0,0.0
2019-03-16,1,0,214,0.0,0.0,0.0,0.0,0.0
2019-03-16,1,0,217,0.0,0.0,0.0,0.0,0.0
2019-03-16,1,0,218,0.0,0.0,0.0,0.0,0.0
2019-03-16,1,0,219,0.0,0.0,0.0,0.0,0.0
2019-03-16,1,0,221,0.0,0.0,0.0,0.0,0.0
2019-03-16,1,0,225,0.0,0.0,0.0,0.0,0.0
2019-03-16,1,0,233,0.0,0.0,0.0,0.0,0.0
2019-03-16,1,0,236,22.17,22.17,0.0,216.495144,0.0
2019-03-16,1,0,237,22.17,22.17,0.0,216.761468,0.0
2019-03-16,1,0,238,0.0,0.0,0.0,0.0,0.0
2019-03-16,1,0,240,0.0,0.0,0.0,0.0,0.0
2019-03-16,1,0,245,3.33,3.33,0.0,32.537659,0.0
2019-03-16,1,0,247,0.0,0.0,0.0,0.0,0.0
2019-03-16,1,0,248,2.23,2.23,0.0,21.803251,0.0
2019-03-16,1,0,249,6.4,6.4,0.0,62.534841,0.0
2019-03-16,1,0,251,242.97,242.97,0.0,2373.741861,0.0
2019-03-16,1,0,252,174.42,174.42,0.0,1704.091968,0.0
2019-03-16,1,0,254,0.0,0.0,0.0,0.0,0.0
2019-03-16,1,0,255,0.0,0.0,0.0,0.0,0.0
2019-03-16,1,0,258,0.0,0.0,0.0,0.0,0.0
2019-03-16,1,0,260,0.0,0.0,0.0,0.0,0.0
2019-03-16,1,0,265,0.0,0.0,0.0,0.0,0.0
2019-03-16,1,0,266,26.29,26.29,0.0,262.385719,0.0
2019-03-16,1,0,267,32.31,32.31,0.0,322.467957,0.0
2019-03-16,1,0,270,76.22,76.22,0.0,825.587068,0.0
2019-03-16,1,0,272,41.08,41.08,0.0,436.826462,0.0
2019-03-16,1,0,273,0.0,0.0,0.0,0.0,0.0
2019-03-16,1,0,274,98.26,98.26,0.0,1064.316259,0.0
2019-03-16,1,0,275,136.78,136.78,0.0,1481.550763,0.0
2019-03-16,1,0,276,0.0,0.0,0.0,0.0,0.0
2019-03-16,1,0,277,0.0,0.0,0.0,0.0,0.0
2019-03-16,1,0,278,0.0,0.0,0.0,0.0,0.0
2019-03-16,1,0,279,35.11,35.11,0.0,372.285586,0.0
2019-03-16,1,0,281,9.23,9.23,0.0,93.911605,0.0
2019-03-16,1,0,282,0.0,0.0,0.0,0.0,0.0
2019-03-16,2,0,9,0.0,0.0,0.0,0.0,0.0
2019-03-16,2,0,17,0.0,0.0,0.0,0.0,0.0
2019-03-16,2,0,19,167.84,167.84,0.0,1670.949634,0.0
2019-03-16,2,0,20,203.56,203.56,0.0,2026.564034,0.0
2019-03-16,2,0,21,0.0,0.0,0.0,0.0,0.0
2019-03-16,2,0,22,0.0,0.0,0.0,0.0,0.0
2019-03-16,2,0,23,23.32,23.32,0.0,256.693607,0.0
2019-03-16,2,0,24,41.27,41.27,0.0,454.277236,0.0
2019-03-16,2,0,29,0.0,0.0,0.0,0.0,0.0
2019-03-16,2,0,30,0.0,0.0,0.0,0.0,0.0
2019-03-16,2,0,31,10.22,10.22,0.0,112.578765,0.0
2019-03-16,2,0,32,0.0,0.0,0.0,0.0,0.0
2019-03-16,2,0,33,0.0,0.0,0.0,0.0,0.0
2019-03-16,2,0,34,0.0,0.0,0.0,0.0,0.0
2019-03-16,2,0,35,0.0,0.0,0.0,0.0,0.0
2019-03-16,2,0,36,0.0,0.0,0.0,0.0,0.0
2019-03-16,2,0,37,0.0,0.0,0.0,0.0,0.0
2019-03-16,2,0,38,0.0,0.0,0.0,0.0,0.0
2019-03-16,2,0,39,0.0,0.0,0.0,0.0,0.0
2019-03-16,2,0,40,0.0,0.0,0.0,0.0,0.0
2019-03-16,2,0,41,28.69,28.69,0.0,304.212808,0.0
2019-03-16,2,0,42,0.0,0.0,0.0,0.0,0.0
2019-03-16,2,0,43,0.0,0.0,0.0,0.0,0.0
2019-03-16,2,0,46,0.0,0.0,0.0,0.0,0.0
2019-03-16,2,0,52,10.83,10.83,0.0,119.298241,0.0
2019-03-16,2,0,53,17.21,17.21,0.0,189.577353,0.0
2019-03-16,2,0,55,119.99,119.99,0.0,1320.78327,0.0
2019-03-16,2,0,56,0.0,0.0,0.0,0.0,0.0
2019-03-16,2,0,57,0.0,0.0,0.0,0.0,0.0
2019-03-16,2,0,58,0.0,0.0,0.0,0.0,0.0
2019-03-16,2,0,59,0.0,0.0,0.0,0.0,0.0
2019-03-16,2,0,63,25.95,25.95,0.0,324.403317,0.0
2019-03-16,2,0,64,30.53,30.53,0.0,381.658315,0.0
2019-03-16,2,0,65,22.58,22.58,0.0,224.898646,0.0
2019-03-16,2,0,67,0.0,0.0,0.0,0.0,0.0
2019-03-16,2,0,68,1.23,1.23,0.0,14.657457,0.0
2019-03-16,2,0,69,0.0,0.0,0.0,0.0,0.0
2019-03-16,2,0,74,7.82,7.82,0.0,78.982799,0.0
2019-03-16,2,0,77,37.28,37.28,0.0,439.492397,0.0
2019-03-16,2,0,78,28.18,28.18,0.0,332.212869,0.0
2019-03-16,2,0,79,16.31,16.31,0.0,192.277924,0.0
2019-03-16,2,0,80,26.37,26.37,0.0,310.874853,0.0
2019-03-16,2,0,81,34.48,34.48,0.0,406.483311,0.0
2019-03-16,2,0,82,24.32,24.32,0.0,286.707486,0.0
2019-03-16,2,0,83,54.24,54.24,0.0,639.433144,0.0
2019-03-16,2,0,84,0.0,0.0,0.0,0.0,0.0
2019-03-16,2,0,86,0.0,0.0,0.0,0.0,0.0
2019-03-16,2,0,87,0.0,0.0,0.0,0.0,0.0
2019-03-16,2,0,88,32.88,32.88,0.0,387.620977,0.0
2019-03-16,2,0,89,31.6,31.6,0.0,372.531109,0.0
2019-03-16,2,0,90,42.44,42.44,0.0,500.323426,0.0
2019-03-16,2,0,91,151.38,151.38,0.0,1784.612636,0.0
2019-03-16,2,0,92,54.44,54.44,0.0,641.790936,0.0
2019-03-16,2,0,95,9.5,9.5,0.0,120.646782,0.0
2019-03-16,2,0,96,4.57,4.57,0.0,50.379633,0.0
2019-03-16,2,0,97,28.11,28.11,0.0,309.884352,0.0
2019-03-16,2,0,99,1.51,1.51,0.0,15.251154,0.0
2019-03-16,2,0,101,0.0,0.0,0.0,0.0,0.0
2019-03-16,2,0,102,2.92,2.92,0.0,34.796564,0.0
2019-03-16,2,0,103,2.54,2.54,0.0,30.268244,0.0
2019-03-16,2,0,104,0.47,0.47,0.0,5.600817,0.0
2019-03-16,2,0,106,0.0,0.0,0.0,0.0,0.0
2019-03-16,2,0,109,62.79,62.79,0.0,646.368683,0.0
2019-03-16,2,0,110,82.52,82.52,0.0,1013.645384,0.0
2019-03-16,2,0,111,0.0,0.0,0.0,0.0,0.0
2019-03-16,2,0,113,12.23,12.23,0.0,146.061019,0.0
2019-03-16,2,0,115,12.23,12.23,0.0,146.061019,0.0
2019-03-16,2,0,116,0.0,0.0,0.0,0.0,0.0
2019-03-16,2,0,117,0.65,0.65,0.0,7.762851,0.0
2019-03-16,2,0,119,30.53,30.53,0.0,381.658315,0.0
2019-03-16,2,0,120,17.95,17.95,0.0,224.394587,0.0
2019-03-16,2,0,123,0.0,0.0,0.0,0.0,0.0
2019-03-16,2,0,125,37.35,37.35,0.0,411.128054,0.0
2019-03-16,2,0,126,0.0,0.0,0.0,0.0,0.0
2019-03-16,2,0,127,0.0,0.0,0.0,0.0,0.0
2019-03-16,2,0,128,53.49,53.49,0.0,588.788208,0.0
2019-03-16,2,0,131,4.83,4.83,0.0,57.440793,0.0
2019-03-16,2,0,132,7.1,7.1,0.0,84.436776,0.0
2019-03-16,2,0,133,29.3,29.3,0.0,291.687039,0.0
2019-03-16,2,0,134,0.0,0.0,0.0,0.0,0.0
2019-03-16,2,0,135,39.26,39.26,0.0,390.840721,0.0
2019-03-16,2,0,136,42.35,42.35,0.0,421.819857,0.0
2019-03-16,2,0,139,37.05,37.05,0.0,392.857599,0.0
2019-03-16,2,0,140,61.07,61.07,0.0,750.161459,0.0
2019-03-16,2,0,141,46.29,46.29,0.0,555.80284,0.0
2019-03-16,2,0,142,0.0,0.0,0.0,0.0,0.0
2019-03-16,2,0,143,34.43,34.43,0.0,379.264861,0.0
2019-03-16,2,0,145,7.09,7.09,0.0,76.203937,0.0
2019-03-16,2,0,146,87.11,87.11,0.0,1070.027258,0.0
2019-03-16,2,0,152,0.0,0.0,0.0,0.0,0.0
2019-03-16,2,0,153,0.0,0.0,0.0,0.0,0.0
2019-03-16,2,0,154,0.0,0.0,0.0,0.0,0.0
2019-03-16,2,0,157,62.6,62.6,0.0,751.636591,0.0
2019-03-16,2,0,158,0.0,0.0,0.0,0.0,0.0
2019-03-16,2,0,159,0.0,0.0,0.0,0.0,0.0
2019-03-16,2,0,160,0.0,0.0,0.0,0.0,0.0
2019-03-16,2,0,161,0.0,0.0,0.0,0.0,0.0
2019-03-16,2,0,162,10.78,10.78,0.0,136.86366,0.0
2019-03-16,2,0,163,19.99,19.99,0.0,245.549821,0.0
2019-03-16,2,0,164,0.0,0.0,0.0,0.0,0.0
2019-03-16,2,0,167,0.0,0.0,0.0,0.0,0.0
2019-03-16,2,0,168,0.0,0.0,0.0,0.0,0.0
2019-03-16,2,0,169,0.0,0.0,0.0,0.0,0.0
2019-03-16,2,0,170,0.0,0.0,0.0,0.0,0.0
2019-03-16,2,0,172,0.0,0.0,0.0,0.0,0.0
2019-03-16,2,0,173,0.0,0.0,0.0,0.0,0.0
2019-03-16,2,0,188,0.0,0.0,0.0,0.0,0.0
2019-03-16,2,0,190,0.0,0.0,0.0,0.0,0.0
2019-03-16,2,0,191,0.0,0.0,0.0,0.0,0.0
2019-03-16,2,0,192,0.0,0.0,0.0,0.0,0.0
2019-03-16,2,0,194,40.75,40.75,0.0,489.781526,0.0
2019-03-16,2,0,196,0.0,0.0,0.0,0.0,0.0
2019-03-16,2,0,198,0.0,0.0,0.0,0.0,0.0
2019-03-16,2,0,199,13.3,13.3,0.0,112.991668,0.0
2019-03-16,2,0,200,0.0,0.0,0.0,0.0,0.0
2019-03-16,2,0,204,264.35,264.35,0.0,2727.609563,0.0
2019-03-16,2,0,205,308.26,308.26,0.0,3173.26979,0.0
2019-03-16,2,0,206,82.59,82.59,0.0,910.471315,0.0
2019-03-16,2,0,210,0.0,0.0,0.0,0.0,0.0
2019-03-16,2,0,214,0.0,0.0,0.0,0.0,0.0
2019-03-16,2,0,217,0.0,0.0,0.0,0.0,0.0
2019-03-16,2,0,218,0.0,0.0,0.0,0.0,0.0
2019-03-16,2,0,219,0.0,0.0,0.0,0.0,0.0
2019-03-16,2,0,221,0.0,0.0,0.0,0.0,0.0
2019-03-16,2,0,225,0.0,0.0,0.0,0.0,0.0
2019-03-16,2,0,233,0.0,0.0,0.0,0.0,0.0
2019-03-16,2,0,236,26.44,26.44,0.0,264.786212,0.0
2019-03-16,2,0,237,18.75,18.75,0.0,189.376916,0.0
2019-03-16,2,0,238,0.0,0.0,0.0,0.0,0.0
2019-03-16,2,0,240,0.0,0.0,0.0,0.0,0.0
2019-03-16,2,0,245,4.48,4.48,0.0,44.527471,0.0
2019-03-16,2,0,247,0.0,0.0,0.0,0.0,0.0
2019-03-16,2,0,248,1.88,1.88,0.0,18.988192,0.0
2019-03-16,2,0,249,8.62,8.62,0.0,85.675624,0.0
2019-03-16,2,0,251,192.11,192.11,0.0,1914.841648,0.0
2019-03-16,2,0,252,145.65,145.65,0.0,1450.685905,0.0
2019-03-16,2,0,254,0.0,0.0,0.0,0.0,0.0
2019-03-16,2,0,255,0.0,0.0,0.0,0.0,0.0
2019-03-16,2,0,258,0.0,0.0,0.0,0.0,0.0
2019-03-16,2,0,260,0.0,0.0,0.0,0.0,0.0
2019-03-16,2,0,265,0.0,0.0,0.0,0.0,0.0
2019-03-16,2,0,266,23.99,23.99,0.0,254.376621,0.0
2019-03-16,2,0,267,29.48,29.48,0.0,312.589529,0.0
2019-03-16,2,0,270,62.43,62.43,0.0,766.867199,0.0
2019-03-16,2,0,272,52.76,52.76,0.0,630.10461,0.0
2019-03-16,2,0,273,0.0,0.0,0.0,0.0,0.0
2019-03-16,2,0,274,80.48,80.48,0.0,988.586773,0.0
2019-03-16,2,0,275,112.03,112.03,0.0,1376.135389,0.0
2019-03-16,2,0,276,0.0,0.0,0.0,0.0,0.0
2019-03-16,2,0,277,0.0,0.0,0.0,0.0,0.0
2019-03-16,2,0,278,0.0,0.0,0.0,0.0,0.0
2019-03-16,2,0,279,28.25,28.25,0.0,335.642513,0.0
2019-03-16,2,0,281,4.59,4.59,0.0,50.561304,0.0
2019-03-16,2,0,282,0.0,0.0,0.0,0.0,0.0
2019-03-16,3,0,9,0.0,0.0,0.0,0.0,0.0
2019-03-16,3,0,17,0.0,0.0,0.0,0.0,0.0
2019-03-16,3,0,19,202.01,202.01,0.0,2103.92451,0.0
2019-03-16,3,0,20,245.0,245.0,0.0,2551.663309,0.0
2019-03-16,3,0,21,0.0,0.0,0.0,0.0,0.0
2019-03-16,3,0,22,0.0,0.0,0.0,0.0,0.0
2019-03-16,3,0,23,24.0,24.0,0.0,296.628999,0.0
2019-03-16,3,0,24,42.46,42.46,0.0,524.786138,0.0
2019-03-16,3,0,29,0.0,0.0,0.0,0.0,0.0
2019-03-16,3,0,30,0.0,0.0,0.0,0.0,0.0
2019-03-16,3,0,31,10.56,10.56,0.0,130.66299,0.0
2019-03-16,3,0,32,0.0,0.0,0.0,0.0,0.0
2019-03-16,3,0,33,0.0,0.0,0.0,0.0,0.0
2019-03-16,3,0,34,0.0,0.0,0.0,0.0,0.0
2019-03-16,3,0,35,0.0,0.0,0.0,0.0,0.0
2019-03-16,3,0,36,0.0,0.0,0.0,0.0,0.0
2019-03-16,3,0,37,0.0,0.0,0.0,0.0,0.0
2019-03-16,3,0,38,0.0,0.0,0.0,0.0,0.0
2019-03-16,3,0,39,0.0,0.0,0.0,0.0,0.0
2019-03-16,3,0,40,0.0,0.0,0.0,0.0,0.0
2019-03-16,3,0,41,26.2,26.2,0.0,305.409024,0.0
2019-03-16,3,0,42,0.0,0.0,0.0,0.0,0.0
2019-03-16,3,0,43,0.0,0.0,0.0,0.0,0.0
2019-03-16,3,0,46,0.0,0.0,0.0,0.0,0.0
2019-03-16,3,0,52,11.2,11.2,0.0,138.581959,0.0
2019-03-16,3,0,53,17.79,17.79,0.0,220.122594,0.0
2019-03-16,3,0,55,113.83,113.83,0.0,1406.886624,0.0
2019-03-16,3,0,56,0.0,0.0,0.0,0.0,0.0
2019-03-16,3,0,57,0.0,0.0,0.0,0.0,0.0
2019-03-16,3,0,58,0.0,0.0,0.0,0.0,0.0
2019-03-16,3,0,59,0.0,0.0,0.0,0.0,0.0
2019-03-16,3,0,63,33.56,33.56,0.0,498.552214,0.0
2019-03-16,3,0,64,39.48,39.48,0.0,586.497062,0.0
2019-03-16,3,0,65,18.66,18.66,0.0,194.540753,0.0
2019-03-16,3,0,67,0.0,0.0,0.0,0.0,0.0
2019-03-16,3,0,68,0.92,0.92,0.0,12.794584,0.0
2019-03-16,3,0,69,0.0,0.0,0.0,0.0,0.0
2019-03-16,3,0,74,7.96,7.96,0.0,85.493384,0.0
2019-03-16,3,0,77,34.43,34.43,0.0,471.511223,0.0
2019-03-16,3,0,78,26.03,26.03,0.0,356.475084,0.0
2019-03-16,3,0,79,15.06,15.06,0.0,206.243364,0.0
2019-03-16,3,0,80,24.36,24.36,0.0,333.604804,0.0
2019-03-16,3,0,81,31.85,31.85,0.0,436.178695,0.0
2019-03-16,3,0,82,22.47,22.47,0.0,307.721672,0.0
2019-03-16,3,0,83,50.09,50.09,0.0,685.971454,0.0
2019-03-16,3,0,84,0.0,0.0,0.0,0.0,0.0
2019-03-16,3,0,86,0.0,0.0,0.0,0.0,0.0
2019-03-16,3,0,87,0.0,0.0,0.0,0.0,0.0
2019-03-16,3,0,88,32.82,32.82,0.0,449.46263,0.0
2019-03-16,3,0,89,31.55,31.55,0.0,432.070261,0.0
2019-03-16,3,0,90,42.37,42.37,0.0,580.247764,0.0
2019-03-16,3,0,91,151.13,151.13,0.0,2069.691872,0.0
2019-03-16,3,0,92,54.35,54.35,0.0,744.31121,0.0
2019-03-16,3,0,95,10.23,10.23,0.0,155.200929,0.0
2019-03-16,3,0,96,4.33,4.33,0.0,53.639439,0.0
2019-03-16,3,0,97,26.65,26.65,0.0,330.136503,0.0
2019-03-16,3,0,99,1.54,1.54,0.0,16.540177,0.0
2019-03-16,3,0,101,0.0,0.0,0.0,0.0,0.0
2019-03-16,3,0,102,2.18,2.18,0.0,30.317601,0.0
2019-03-16,3,0,103,1.89,1.89,0.0,26.284526,0.0
2019-03-16,3,0,104,0.35,0.35,0.0,4.867505,0.0
2019-03-16,3,0,106,0.0,0.0,0.0,0.0,0.0
2019-03-16,3,0,109,65.41,65.41,0.0,729.152085,0.0
2019-03-16,3,0,110,81.24,81.24,0.0,1178.478232,0.0
2019-03-16,3,0,111,0.0,0.0,0.0,0.0,0.0
2019-03-16,3,0,113,10.09,10.09,0.0,140.847259,0.0
2019-03-16,3,0,115,10.09,10.09,0.0,140.847259,0.0
2019-03-16,3,0,116,0.0,0.0,0.0,0.0,0.0
2019-03-16,3,0,117,0.52,0.52,0.0,7.258729,0.0
2019-03-16,3,0,119,39.48,39.48,0.0,586.497062,0.0
2019-03-16,3,0,120,23.21,23.21,0.0,344.797285,0.0
2019-03-16,3,0,123,0.0,0.0,0.0,0.0,0.0
2019-03-16,3,0,125,38.43,38.43,0.0,474.977185,0.0
2019-03-16,3,0,126,0.0,0.0,0.0,0.0,0.0
2019-03-16,3,0,127,0.0,0.0,0.0,0.0,0.0
2019-03-16,3,0,128,55.04,55.04,0.0,680.269172,0.0
2019-03-16,3,0,131,4.0,4.0,0.0,55.471112,0.0
2019-03-16,3,0,132,5.87,5.87,0.0,81.403857,0.0
2019-03-16,3,0,133,16.66,16.66,0.0,173.496471,0.0
2019-03-16,3,0,134,0.0,0.0,0.0,0.0,0.0
2019-03-16,3,0,135,22.29,22.29,0.0,232.127032,0.0
2019-03-16,3,0,136,37.5,37.5,0.0,390.979921,0.0
2019-03-16,3,0,139,33.83,33.83,0.0,394.350659,0.0
2019-03-16,3,0,140,60.13,60.13,0.0,872.253768,0.0
2019-03-16,3,0,141,44.27,44.27,0.0,622.197295,0.0
2019-03-16,3,0,142,0.0,0.0,0.0,0.0,0.0
2019-03-16,3,0,143,16.79,16.79,0.0,207.749205,0.0
2019-03-16,3,0,145,7.23,7.23,0.0,86.171996,0.0
2019-03-16,3,0,146,93.8,93.8,0.0,1360.67526,0.0
2019-03-16,3,0,152,0.0,0.0,0.0,0.0,0.0
2019-03-16,3,0,153,0.0,0.0,0.0,0.0,0.0
2019-03-16,3,0,154,0.0,0.0,0.0,0.0,0.0
2019-03-16,3,0,157,63.73,63.73,0.0,895.699878,0.0
2019-03-16,3,0,158,0.0,0.0,0.0,0.0,0.0
2019-03-16,3,0,159,0.0,0.0,0.0,0.0,0.0
2019-03-16,3,0,160,0.0,0.0,0.0,0.0,0.0
2019-03-16,3,0,161,0.0,0.0,0.0,0.0,0.0
2019-03-16,3,0,162,11.17,11.17,0.0,169.398186,0.0
2019-03-16,3,0,163,17.48,17.48,0.0,253.567202,0.0
2019-03-16,3,0,164,0.0,0.0,0.0,0.0,0.0
2019-03-16,3,0,167,0.0,0.0,0.0,0.0,0.0
2019-03-16,3,0,168,0.0,0.0,0.0,0.0,0.0
2019-03-16,3,0,169,0.0,0.0,0.0,0.0,0.0
2019-03-16,3,0,170,0.0,0.0,0.0,0.0,0.0
2019-03-16,3,0,172,0.0,0.0,0.0,0.0,0.0
2019-03-16,3,0,173,0.0,0.0,0.0,0.0,0.0
2019-03-16,3,0,188,0.0,0.0,0.0,0.0,0.0
2019-03-16,3,0,190,0.0,0.0,0.0,0.0,0.0
2019-03-16,3,0,191,0.0,0.0,0.0,0.0,0.0
2019-03-16,3,0,192,0.0,0.0,0.0,0.0,0.0
2019-03-16,3,0,194,45.77,45.77,0.0,645.171626,0.0
2019-03-16,3,0,196,0.0,0.0,0.0,0.0,0.0
2019-03-16,3,0,198,0.0,0.0,0.0,0.0,0.0
2019-03-16,3,0,199,14.9,14.9,0.0,129.975948,0.0
2019-03-16,3,0,200,0.0,0.0,0.0,0.0,0.0
2019-03-16,3,0,204,268.76,268.76,0.0,3008.39794,0.0
2019-03-16,3,0,205,346.01,346.01,0.0,3857.115319,0.0
2019-03-16,3,0,206,78.31,78.31,0.0,970.093417,0.0
2019-03-16,3,0,210,0.0,0.0,0.0,0.0,0.0
2019-03-16,3,0,214,0.0,0.0,0.0,0.0,0.0
2019-03-16,3,0,217,0.0,0.0,0.0,0.0,0.0
2019-03-16,3,0,218,0.0,0.0,0.0,0.0,0.0
2019-03-16,3,0,219,0.0,0.0,0.0,0.0,0.0
2019-03-16,3,0,221,0.0,0.0,0.0,0.0,0.0
2019-03-16,3,0,225,0.0,0.0,0.0,0.0,0.0
2019-03-16,3,0,233,0.0,0.0,0.0,0.0,0.0
2019-03-16,3,0,236,31.65,31.65,0.0,334.14159,0.0
2019-03-16,3,0,237,19.11,19.11,0.0,205.248563,0.0
2019-03-16,3,0,238,0.0,0.0,0.0,0.0,0.0
2019-03-16,3,0,240,0.0,0.0,0.0,0.0,0.0
2019-03-16,3,0,245,6.87,6.87,0.0,71.283005,0.0
2019-03-16,3,0,247,0.0,0.0,0.0,0.0,0.0
2019-03-16,3,0,248,1.92,1.92,0.0,20.62152,0.0
2019-03-16,3,0,249,13.21,13.21,0.0,137.06674,0.0
2019-03-16,3,0,251,148.67,148.67,0.0,1552.553121,0.0
2019-03-16,3,0,252,120.34,120.34,0.0,1254.610623,0.0
2019-03-16,3,0,254,0.0,0.0,0.0,0.0,0.0
2019-03-16,3,0,255,0.0,0.0,0.0,0.0,0.0
2019-03-16,3,0,258,0.0,0.0,0.0,0.0,0.0
2019-03-16,3,0,260,0.0,0.0,0.0,0.0,0.0
2019-03-16,3,0,265,0.0,0.0,0.0,0.0,0.0
2019-03-16,3,0,266,21.91,21.91,0.0,255.40121,0.0
2019-03-16,3,0,267,26.92,26.92,0.0,313.801943,0.0
2019-03-16,3,0,270,54.58,54.58,0.0,791.74473,0.0
2019-03-16,3,0,272,41.23,41.23,0.0,575.53345,0.0
2019-03-16,3,0,273,0.0,0.0,0.0,0.0,0.0
2019-03-16,3,0,274,70.36,70.36,0.0,1020.651507,0.0
2019-03-16,3,0,275,97.94,97.94,0.0,1420.73065,0.0
2019-03-16,3,0,276,0.0,0.0,0.0,0.0,0.0
2019-03-16,3,0,277,0.0,0.0,0.0,0.0,0.0
2019-03-16,3,0,278,0.0,0.0,0.0,0.0,0.0
2019-03-16,3,0,279,24.44,24.44,0.0,338.570392,0.0
2019-03-16,3,0,281,4.74,4.74,0.0,58.649865,0.0
2019-03-16,3,0,282,0.0,0.0,0.0,0.0,0.0
2019-03-16,4,0,9,0.0,0.0,0.0,0.0,0.0
2019-03-16,4,0,17,0.0,0.0,0.0,0.0,0.0
2019-03-16,4,0,19,241.48,241.48,0.0,2746.452681,0.0
2019-03-16,4,0,20,292.86,292.86,0.0,3330.818835,0.0
2019-03-16,4,0,21,0.0,0.0,0.0,0.0,0.0
2019-03-16,4,0,22,0.0,0.0,0.0,0.0,0.0
2019-03-16,4,0,23,22.35,22.35,0.0,331.450424,0.0
2019-03-16,4,0,24,36.93,36.93,0.0,547.671774,0.0
2019-03-16,4,0,29,0.0,0.0,0.0,0.0,0.0
2019-03-16,4,0,30,0.0,0.0,0.0,0.0,0.0
2019-03-16,4,0,31,10.83,10.83,0.0,160.860301,0.0
2019-03-16,4,0,32,0.0,0.0,0.0,0.0,0.0
2019-03-16,4,0,33,0.0,0.0,0.0,0.0,0.0
2019-03-16,4,0,34,0.0,0.0,0.0,0.0,0.0
2019-03-16,4,0,35,0.0,0.0,0.0,0.0,0.0
2019-03-16,4,0,36,0.0,0.0,0.0,0.0,0.0
2019-03-16,4,0,37,0.0,0.0,0.0,0.0,0.0
2019-03-16,4,0,38,0.0,0.0,0.0,0.0,0.0
2019-03-16,4,0,39,0.0,0.0,0.0,0.0,0.0
2019-03-16,4,0,40,0.0,0.0,0.0,0.0,0.0
2019-03-16,4,0,41,24.1,24.1,0.0,328.641838,0.0
2019-03-16,4,0,42,0.0,0.0,0.0,0.0,0.0
2019-03-16,4,0,43,0.0,0.0,0.0,0.0,0.0
2019-03-16,4,0,46,0.0,0.0,0.0,0.0,0.0
2019-03-16,4,0,52,11.48,11.48,0.0,170.51489,0.0
2019-03-16,4,0,53,18.24,18.24,0.0,270.922613,0.0
2019-03-16,4,0,55,108.91,108.91,0.0,1615.134928,0.0
2019-03-16,4,0,56,0.0,0.0,0.0,0.0,0.0
2019-03-16,4,0,57,0.0,0.0,0.0,0.0,0.0
2019-03-16,4,0,58,0.0,0.0,0.0,0.0,0.0
2019-03-16,4,0,59,0.0,0.0,0.0,0.0,0.0
2019-03-16,4,0,63,44.84,44.84,0.0,848.925737,0.0
2019-03-16,4,0,64,52.75,52.75,0.0,998.680478,0.0
2019-03-16,4,0,65,15.2,15.2,0.0,173.206894,0.0
2019-03-16,4,0,67,0.0,0.0,0.0,0.0,0.0
2019-03-16,4,0,68,0.72,0.72,0.0,12.537381,0.0
2019-03-16,4,0,69,0.0,0.0,0.0,0.0,0.0
2019-03-16,4,0,74,9.69,9.69,0.0,116.525349,0.0
2019-03-16,4,0,77,32.88,32.88,0.0,561.108023,0.0
2019-03-16,4,0,78,24.86,24.86,0.0,424.244083,0.0
2019-03-16,4,0,79,14.38,14.38,0.0,245.399433,0.0
2019-03-16,4,0,80,23.26,23.26,0.0,396.939556,0.0
2019-03-16,4,0,81,30.41,30.41,0.0,518.95666,0.0
2019-03-16,4,0,82,21.45,21.45,0.0,366.051311,0.0
2019-03-16,4,0,83,47.84,47.84,0.0,816.405347,0.0
2019-03-16,4,0,84,0.0,0.0,0.0,0.0,0.0
2019-03-16,4,0,86,0.0,0.0,0.0,0.0,0.0
2019-03-16,4,0,87,0.0,0.0,0.0,0.0,0.0
2019-03-16,4,0,88,33.97,33.97,0.0,579.709232,0.0
2019-03-16,4,0,89,32.65,32.65,0.0,557.182997,0.0
2019-03-16,4,0,90,43.84,43.84,0.0,748.144031,0.0
2019-03-16,4,0,91,156.4,156.4,0.0,2669.017482,0.0
2019-03-16,4,0,92,56.25,56.25,0.0,959.924766,0.0
2019-03-16,4,0,95,25.72,25.72,0.0,499.699485,0.0
2019-03-16,4,0,96,4.26,4.26,0.0,63.378053,0.0
2019-03-16,4,0,97,26.21,26.21,0.0,389.93868,0.0
2019-03-16,4,0,99,1.87,1.87,0.0,22.487348,0.0
2019-03-16,4,0,101,0.0,0.0,0.0,0.0,0.0
2019-03-16,4,0,102,1.71,1.71,0.0,29.776279,0.0
2019-03-16,4,0,103,1.49,1.49,0.0,25.945413,0.0
2019-03-16,4,0,104,0.28,0.28,0.0,4.875648,0.0
2019-03-16,4,0,106,0.0,0.0,0.0,0.0,0.0
2019-03-16,4,0,109,67.61,67.61,0.0,866.065357,0.0
2019-03-16,4,0,110,92.03,92.03,0.0,1691.283889,0.0
2019-03-16,4,0,111,0.0,0.0,0.0,0.0,0.0
2019-03-16,4,0,113,6.09,6.09,0.0,106.634217,0.0
2019-03-16,4,0,115,6.09,6.09,0.0,106.634217,0.0
2019-03-16,4,0,116,0.0,0.0,0.0,0.0,0.0
2019-03-16,4,0,117,0.41,0.41,0.0,7.178987,0.0
2019-03-16,4,0,119,52.75,52.75,0.0,998.680478,0.0
2019-03-16,4,0,120,31.02,31.02,0.0,587.280918,0.0
2019-03-16,4,0,123,0.0,0.0,0.0,0.0,0.0
2019-03-16,4,0,125,33.89,33.89,0.0,502.588584,0.0
2019-03-16,4,0,126,0.0,0.0,0.0,0.0,0.0
2019-03-16,4,0,127,0.0,0.0,0.0,0.0,0.0
2019-03-16,4,0,128,46.02,46.02,0.0,682.476443,0.0
2019-03-16,4,0,131,3.38,3.38,0.0,58.641714,0.0
2019-03-16,4,0,132,4.97,4.97,0.0,86.227609,0.0
2019-03-16,4,0,133,23.81,23.81,0.0,270.752209,0.0
2019-03-16,4,0,134,0.0,0.0,0.0,0.0,0.0
2019-03-16,4,0,135,32.85,32.85,0.0,373.549352,0.0
2019-03-16,4,0,136,33.07,33.07,0.0,376.878476,0.0
2019-03-16,4,0,139,31.12,31.12,0.0,424.370706,0.0
2019-03-16,4,0,140,68.11,68.11,0.0,1251.693423,0.0
2019-03-16,4,0,141,42.13,42.13,0.0,743.613649,0.0
2019-03-16,4,0,142,0.0,0.0,0.0,0.0,0.0
2019-03-16,4,0,143,15.33,15.33,0.0,227.699762,0.0
2019-03-16,4,0,145,7.73,7.73,0.0,108.954336,0.0
2019-03-16,4,0,146,108.14,108.14,0.0,1987.345863,0.0
2019-03-16,4,0,152,0.0,0.0,0.0,0.0,0.0
2019-03-16,4,0,153,0.0,0.0,0.0,0.0,0.0
2019-03-16,4,0,154,0.0,0.0,0.0,0.0,0.0
2019-03-16,4,0,157,66.22,66.22,0.0,1168.813099,0.0
2019-03-16,4,0,158,0.0,0.0,0.0,0.0,0.0
2019-03-16,4,0,159,0.0,0.0,0.0,0.0,0.0
2019-03-16,4,0,160,0.0,0.0,0.0,0.0,0.0
2019-03-16,4,0,161,0.0,0.0,0.0,0.0,0.0
2019-03-16,4,0,162,11.64,11.64,0.0,226.042949,0.0
2019-03-16,4,0,163,16.72,16.72,0.0,307.272266,0.0
2019-03-16,4,0,164,0.0,0.0,0.0,0.0,0.0
2019-03-16,4,0,167,0.0,0.0,0.0,0.0,0.0
2019-03-16,4,0,168,0.0,0.0,0.0,0.0,0.0
2019-03-16,4,0,169,0.0,0.0,0.0,0.0,0.0
2019-03-16,4,0,170,0.0,0.0,0.0,0.0,0.0
2019-03-16,4,0,172,0.0,0.0,0.0,0.0,0.0
2019-03-16,4,0,173,0.0,0.0,0.0,0.0,0.0
2019-03-16,4,0,188,0.0,0.0,0.0,0.0,0.0
2019-03-16,4,0,190,0.0,0.0,0.0,0.0,0.0
2019-03-16,4,0,191,0.0,0.0,0.0,0.0,0.0
2019-03-16,4,0,192,9.06,9.06,0.0,171.526922,0.0
2019-03-16,4,0,194,52.45,52.45,0.0,930.862583,0.0
2019-03-16,4,0,196,0.0,0.0,0.0,0.0,0.0
2019-03-16,4,0,198,0.0,0.0,0.0,0.0,0.0
2019-03-16,4,0,199,16.66,16.66,0.0,160.531854,0.0
2019-03-16,4,0,200,0.0,0.0,0.0,0.0,0.0
2019-03-16,4,0,204,275.57,275.57,0.0,3553.225221,0.0
2019-03-16,4,0,205,357.68,357.68,0.0,4581.781643,0.0
2019-03-16,4,0,206,77.02,77.02,0.0,1145.863302,0.0
2019-03-16,4,0,210,0.0,0.0,0.0,0.0,0.0
2019-03-16,4,0,214,0.0,0.0,0.0,0.0,0.0
2019-03-16,4,0,217,0.0,0.0,0.0,0.0,0.0
2019-03-16,4,0,218,0.0,0.0,0.0,0.0,0.0
2019-03-16,4,0,219,0.0,0.0,0.0,0.0,0.0
2019-03-16,4,0,221,0.0,0.0,0.0,0.0,0.0
2019-03-16,4,0,225,0.0,0.0,0.0,0.0,0.0
2019-03-16,4,0,233,0.0,0.0,0.0,0.0,0.0
2019-03-16,4,0,236,38.34,38.34,0.0,447.376764,0.0
2019-03-16,4,0,237,23.26,23.26,0.0,279.708939,0.0
2019-03-16,4,0,238,0.0,0.0,0.0,0.0,0.0
2019-03-16,4,0,240,0.0,0.0,0.0,0.0,0.0
2019-03-16,4,0,245,10.84,10.84,0.0,122.419901,0.0
2019-03-16,4,0,247,0.0,0.0,0.0,0.0,0.0
2019-03-16,4,0,248,2.33,2.33,0.0,28.018995,0.0
2019-03-16,4,0,249,20.84,20.84,0.0,235.353389,0.0
2019-03-16,4,0,251,112.95,112.95,0.0,1291.124566,0.0
2019-03-16,4,0,252,98.04,98.04,0.0,1117.184465,0.0
2019-03-16,4,0,254,0.0,0.0,0.0,0.0,0.0
2019-03-16,4,0,255,0.0,0.0,0.0,0.0,0.0
2019-03-16,4,0,258,0.0,0.0,0.0,0.0,0.0
2019-03-16,4,0,260,0.0,0.0,0.0,0.0,0.0
2019-03-16,4,0,265,0.0,0.0,0.0,0.0,0.0
2019-03-16,4,0,266,20.15,20.15,0.0,274.777305,0.0
2019-03-16,4,0,267,24.76,24.76,0.0,337.641988,0.0
2019-03-16,4,0,270,52.22,52.22,0.0,959.674505,0.0
2019-03-16,4,0,272,20.37,20.37,0.0,356.673071,0.0
2019-03-16,4,0,273,0.0,0.0,0.0,0.0,0.0
2019-03-16,4,0,274,67.31,67.31,0.0,1236.9914,0.0
2019-03-16,4,0,275,93.7,93.7,0.0,1721.974361,0.0
2019-03-16,4,0,276,0.0,0.0,0.0,0.0,0.0
2019-03-16,4,0,277,0.0,0.0,0.0,0.0,0.0
2019-03-16,4,0,278,0.0,0.0,0.0,0.0,0.0
2019-03-16,4,0,279,23.16,23.16,0.0,401.398901,0.0
2019-03-16,4,0,281,4.86,4.86,0.0,72.186617,0.0
2019-03-16,4,0,282,0.0,0.0,0.0,0.0,0.0
2019-03-16,5,0,9,0.0,0.0,0.0,0.0,0.0
2019-03-16,5,0,17,0.0,0.0,0.0,0.0,0.0
2019-03-16,5,0,19,362.83,362.83,0.0,4210.615925,0.0
2019-03-16,5,0,20,440.04,440.04,0.0,5106.632395,0.0
2019-03-16,5,0,21,0.0,0.0,0.0,0.0,0.0
2019-03-16,5,0,22,0.0,0.0,0.0,0.0,0.0
2019-03-16,5,0,23,23.18,23.18,0.0,364.005112,0.0
2019-03-16,5,0,24,41.02,41.02,0.0,644.153999,0.0
2019-03-16,5,0,29,0.0,0.0,0.0,0.0,0.0
2019-03-16,5,0,30,0.0,0.0,0.0,0.0,0.0
2019-03-16,5,0,31,10.71,10.71,0.0,168.470372,0.0
2019-03-16,5,0,32,0.0,0.0,0.0,0.0,0.0
2019-03-16,5,0,33,0.0,0.0,0.0,0.0,0.0
2019-03-16,5,0,34,0.0,0.0,0.0,0.0,0.0
2019-03-16,5,0,35,0.0,0.0,0.0,0.0,0.0
2019-03-16,5,0,36,0.0,0.0,0.0,0.0,0.0
2019-03-16,5,0,37,0.0,0.0,0.0,0.0,0.0
2019-03-16,5,0,38,0.0,0.0,0.0,0.0,0.0
2019-03-16,5,0,39,0.0,0.0,0.0,0.0,0.0
2019-03-16,5,0,40,0.0,0.0,0.0,0.0,0.0
2019-03-16,5,0,41,33.18,33.18,0.0,475.077141,0.0
2019-03-16,5,0,42,0.0,0.0,0.0,0.0,0.0
2019-03-16,5,0,43,0.0,0.0,0.0,0.0,0.0
2019-03-16,5,0,46,0.0,0.0,0.0,0.0,0.0
2019-03-16,5,0,52,11.35,11.35,0.0,178.537696,0.0
2019-03-16,5,0,53,18.03,18.03,0.0,283.615388,0.0
2019-03-16,5,0,55,70.74,70.74,0.0,1110.859432,0.0
2019-03-16,5,0,56,0.0,0.0,0.0,0.0,0.0
2019-03-16,5,0,57,0.0,0.0,0.0,0.0,0.0
2019-03-16,5,0,58,0.0,0.0,0.0,0.0,0.0
2019-03-16,5,0,59,0.0,0.0,0.0,0.0,0.0
2019-03-16,5,0,63,44.41,44.41,0.0,905.460267,0.0
2019-03-16,5,0,64,52.24,52.24,0.0,1065.103453,0.0
2019-03-16,5,0,65,16.12,16.12,0.0,187.512934,0.0
2019-03-16,5,0,67,0.0,0.0,0.0,0.0,0.0
2019-03-16,5,0,68,0.88,0.88,0.0,16.435137,0.0
2019-03-16,5,0,69,0.0,0.0,0.0,0.0,0.0
2019-03-16,5,0,74,8.72,8.72,0.0,108.277907,0.0
2019-03-16,5,0,77,37.03,37.03,0.0,676.907377,0.0
2019-03-16,5,0,78,28.0,28.0,0.0,511.839226,0.0
2019-03-16,5,0,79,16.2,16.2,0.0,296.135552,0.0
2019-03-16,5,0,80,26.2,26.2,0.0,478.935276,0.0
2019-03-16,5,0,81,34.25,34.25,0.0,626.089053,0.0
2019-03-16,5,0,82,24.16,24.16,0.0,441.644132,0.0
2019-03-16,5,0,83,53.88,53.88,0.0,984.924911,0.0
2019-03-16,5,0,84,0.0,0.0,0.0,0.0,0.0
2019-03-16,5,0,86,0.0,0.0,0.0,0.0,0.0
2019-03-16,5,0,87,0.0,0.0,0.0,0.0,0.0
2019-03-16,5,0,88,36.64,36.64,0.0,669.778187,0.0
2019-03-16,5,0,89,35.22,35.22,0.0,643.820627,0.0
2019-03-16,5,0,90,47.29,47.29,0.0,864.459893,0.0
2019-03-16,5,0,91,168.68,168.68,0.0,3083.465738,0.0
2019-03-16,5,0,92,60.67,60.67,0.0,1109.045923,0.0
2019-03-16,5,0,95,10.73,10.73,0.0,224.709549,0.0
2019-03-16,5,0,96,4.65,4.65,0.0,73.275545,0.0
2019-03-16,5,0,97,28.62,28.62,0.0,450.999161,0.0
2019-03-16,5,0,99,1.68,1.68,0.0,20.860881,0.0
2019-03-16,5,0,101,0.0,0.0,0.0,0.0,0.0
2019-03-16,5,0,102,2.07,2.07,0.0,38.659925,0.0
2019-03-16,5,0,103,1.8,1.8,0.0,33.617326,0.0
2019-03-16,5,0,104,0.34,0.34,0.0,6.349939,0.0
2019-03-16,5,0,106,0.0,0.0,0.0,0.0,0.0
2019-03-16,5,0,109,80.52,80.52,0.0,1077.34435,0.0
2019-03-16,5,0,110,88.41,88.41,0.0,1747.538007,0.0
2019-03-16,5,0,111,0.0,0.0,0.0,0.0,0.0
2019-03-16,5,0,113,16.83,16.83,0.0,316.290976,0.0
2019-03-16,5,0,115,16.83,16.83,0.0,316.290976,0.0
2019-03-16,5,0,116,0.0,0.0,0.0,0.0,0.0
2019-03-16,5,0,117,0.81,0.81,0.0,15.22256,0.0
2019-03-16,5,0,119,52.24,52.24,0.0,1065.103453,0.0
2019-03-16,5,0,120,30.72,30.72,0.0,626.33955,0.0
2019-03-16,5,0,123,0.0,0.0,0.0,0.0,0.0
2019-03-16,5,0,125,37.12,37.12,0.0,582.910689,0.0
2019-03-16,5,0,126,0.0,0.0,0.0,0.0,0.0
2019-03-16,5,0,127,0.0,0.0,0.0,0.0,0.0
2019-03-16,5,0,128,53.16,53.16,0.0,834.793433,0.0
2019-03-16,5,0,131,4.21,4.21,0.0,78.325503,0.0
2019-03-16,5,0,132,6.18,6.18,0.0,114.976629,0.0
2019-03-16,5,0,133,18.05,18.05,0.0,209.422369,0.0
2019-03-16,5,0,134,0.0,0.0,0.0,0.0,0.0
2019-03-16,5,0,135,25.71,25.71,0.0,298.29635,0.0
2019-03-16,5,0,136,34.63,34.63,0.0,402.879172,0.0
2019-03-16,5,0,139,42.84,42.84,0.0,613.39074,0.0
2019-03-16,5,0,140,65.43,65.43,0.0,1293.308583,0.0
2019-03-16,5,0,141,32.31,32.31,0.0,612.100428,0.0
2019-03-16,5,0,142,0.0,0.0,0.0,0.0,0.0
2019-03-16,5,0,143,24.52,24.52,0.0,385.704344,0.0
2019-03-16,5,0,145,7.8,7.8,0.0,115.89207,0.0
2019-03-16,5,0,146,106.39,106.39,0.0,2102.935964,0.0
2019-03-16,5,0,152,0.0,0.0,0.0,0.0,0.0
2019-03-16,5,0,153,0.0,0.0,0.0,0.0,0.0
2019-03-16,5,0,154,0.0,0.0,0.0,0.0,0.0
2019-03-16,5,0,157,67.32,67.32,0.0,1275.35131,0.0
2019-03-16,5,0,158,0.0,0.0,0.0,0.0,0.0
2019-03-16,5,0,159,0.0,0.0,0.0,0.0,0.0
2019-03-16,5,0,160,0.0,0.0,0.0,0.0,0.0
2019-03-16,5,0,161,0.0,0.0,0.0,0.0,0.0
2019-03-16,5,0,162,11.63,11.63,0.0,243.441545,0.0
2019-03-16,5,0,163,18.52,18.52,0.0,366.071755,0.0
2019-03-16,5,0,164,0.0,0.0,0.0,0.0,0.0
2019-03-16,5,0,167,0.0,0.0,0.0,0.0,0.0
2019-03-16,5,0,168,0.0,0.0,0.0,0.0,0.0
2019-03-16,5,0,169,0.0,0.0,0.0,0.0,0.0
2019-03-16,5,0,170,0.0,0.0,0.0,0.0,0.0
2019-03-16,5,0,172,0.0,0.0,0.0,0.0,0.0
2019-03-16,5,0,173,0.0,0.0,0.0,0.0,0.0
2019-03-16,5,0,188,0.0,0.0,0.0,0.0,0.0
2019-03-16,5,0,190,0.0,0.0,0.0,0.0,0.0
2019-03-16,5,0,191,0.0,0.0,0.0,0.0,0.0
2019-03-16,5,0,192,6.99,6.99,0.0,142.516714,0.0
2019-03-16,5,0,194,53.2,53.2,0.0,1014.656122,0.0
2019-03-16,5,0,196,0.0,0.0,0.0,0.0,0.0
2019-03-16,5,0,198,0.0,0.0,0.0,0.0,0.0
2019-03-16,5,0,199,16.72,16.72,0.0,170.941533,0.0
2019-03-16,5,0,200,0.0,0.0,0.0,0.0,0.0
2019-03-16,5,0,204,343.5,343.5,0.0,4630.745722,0.0
2019-03-16,5,0,205,425.95,425.95,0.0,5699.140905,0.0
2019-03-16,5,0,206,84.11,84.11,0.0,1325.420666,0.0
2019-03-16,5,0,210,0.0,0.0,0.0,0.0,0.0
2019-03-16,5,0,214,0.0,0.0,0.0,0.0,0.0
2019-03-16,5,0,217,0.0,0.0,0.0,0.0,0.0
2019-03-16,5,0,218,0.0,0.0,0.0,0.0,0.0
2019-03-16,5,0,219,0.0,0.0,0.0,0.0,0.0
2019-03-16,5,0,221,0.0,0.0,0.0,0.0,0.0
2019-03-16,5,0,225,0.0,0.0,0.0,0.0,0.0
2019-03-16,5,0,233,0.0,0.0,0.0,0.0,0.0
2019-03-16,5,0,236,48.08,48.08,0.0,575.878619,0.0
2019-03-16,5,0,237,20.92,20.92,0.0,259.767638,0.0
2019-03-16,5,0,238,0.0,0.0,0.0,0.0,0.0
2019-03-16,5,0,240,0.0,0.0,0.0,0.0,0.0
2019-03-16,5,0,245,20.29,20.29,0.0,233.42048,0.0
2019-03-16,5,0,247,7.81,7.81,0.0,89.847903,0.0
2019-03-16,5,0,248,2.1,2.1,0.0,26.076101,0.0
2019-03-16,5,0,249,39.03,39.03,0.0,449.009429,0.0
2019-03-16,5,0,251,117.26,117.26,0.0,1369.278213,0.0
2019-03-16,5,0,252,103.98,103.98,0.0,1209.52822,0.0
2019-03-16,5,0,254,0.0,0.0,0.0,0.0,0.0
2019-03-16,5,0,255,0.0,0.0,0.0,0.0,0.0
2019-03-16,5,0,258,0.0,0.0,0.0,0.0,0.0
2019-03-16,5,0,260,0.0,0.0,0.0,0.0,0.0
2019-03-16,5,0,265,0.0,0.0,0.0,0.0,0.0
2019-03-16,5,0,266,27.74,27.74,0.0,397.186254,0.0
2019-03-16,5,0,267,34.09,34.09,0.0,488.106683,0.0
2019-03-16,5,0,270,57.82,57.82,0.0,1142.88709,0.0
2019-03-16,5,0,272,57.84,57.84,0.0,1087.00357,0.0
2019-03-16,5,0,273,0.0,0.0,0.0,0.0,0.0
2019-03-16,5,0,274,74.54,74.54,0.0,1473.379517,0.0
2019-03-16,5,0,275,103.76,103.76,0.0,2050.950612,0.0
2019-03-16,5,0,276,0.0,0.0,0.0,0.0,0.0
2019-03-16,5,0,277,0.0,0.0,0.0,0.0,0.0
2019-03-16,5,0,278,0.0,0.0,0.0,0.0,0.0
2019-03-16,5,0,279,27.34,27.34,0.0,508.181958,0.0
2019-03-16,5,0,281,4.81,4.81,0.0,75.662231,0.0
2019-03-16,5,0,282,0.0,0.0,0.0,0.0,0.0
2019-03-16,6,0,9,0.0,0.0,0.0,0.0,0.0
2019-03-16,6,0,17,0.0,0.0,0.0,0.0,0.0
2019-03-16,6,0,19,518.23,518.23,0.0,2802.024007,0.0
2019-03-16,6,0,20,628.51,628.51,0.0,3398.298263,0.0
2019-03-16,6,0,21,0.0,0.0,0.0,0.0,0.0
2019-03-16,6,0,22,0.0,0.0,0.0,0.0,0.0
2019-03-16,6,0,23,23.21,23.21,0.0,424.879064,0.0
2019-03-16,6,0,24,41.07,41.07,0.0,751.821765,0.0
2019-03-16,6,0,29,0.0,0.0,0.0,0.0,0.0
2019-03-16,6,0,30,0.0,0.0,0.0,0.0,0.0
2019-03-16,6,0,31,10.94,10.94,0.0,200.686121,0.0
2019-03-16,6,0,32,0.0,0.0,0.0,0.0,0.0
2019-03-16,6,0,33,0.0,0.0,0.0,0.0,0.0
2019-03-16,6,0,34,0.0,0.0,0.0,0.0,0.0
2019-03-16,6,0,35,0.0,0.0,0.0,0.0,0.0
2019-03-16,6,0,36,0.0,0.0,0.0,0.0,0.0
2019-03-16,6,0,37,0.0,0.0,0.0,0.0,0.0
2019-03-16,6,0,38,0.0,0.0,0.0,0.0,0.0
2019-03-16,6,0,39,0.0,0.0,0.0,0.0,0.0
2019-03-16,6,0,40,0.0,0.0,0.0,0.0,0.0
2019-03-16,6,0,41,44.42,44.42,0.0,724.383532,0.0
2019-03-16,6,0,42,0.0,0.0,0.0,0.0,0.0
2019-03-16,6,0,43,0.0,0.0,0.0,0.0,0.0
2019-03-16,6,0,46,0.0,0.0,0.0,0.0,0.0
2019-03-16,6,0,52,11.6,11.6,0.0,212.793328,0.0
2019-03-16,6,0,53,18.42,18.42,0.0,337.901129,0.0
2019-03-16,6,0,55,26.48,26.48,0.0,484.739234,0.0
2019-03-16,6,0,56,0.0,0.0,0.0,0.0,0.0
2019-03-16,6,0,57,0.0,0.0,0.0,0.0,0.0
2019-03-16,6,0,58,0.0,0.0,0.0,0.0,0.0
2019-03-16,6,0,59,0.0,0.0,0.0,0.0,0.0
2019-03-16,6,0,63,44.31,44.31,0.0,1096.169998,0.0
2019-03-16,6,0,64,52.13,52.13,0.0,1289.626315,0.0
2019-03-16,6,0,65,17.11,17.11,0.0,151.54134,0.0
2019-03-16,6,0,67,0.0,0.0,0.0,0.0,0.0
2019-03-16,6,0,68,1.08,1.08,0.0,24.338572,0.0
2019-03-16,6,0,69,0.0,0.0,0.0,0.0,0.0
2019-03-16,6,0,74,7.95,7.95,0.0,107.478292,0.0
2019-03-16,6,0,77,42.05,42.05,0.0,924.959149,0.0
2019-03-16,6,0,78,31.79,31.79,0.0,699.273516,0.0
2019-03-16,6,0,79,18.4,18.4,0.0,404.738367,0.0
2019-03-16,6,0,80,29.75,29.75,0.0,654.400349,0.0
2019-03-16,6,0,81,38.9,38.9,0.0,855.6697,0.0
2019-03-16,6,0,82,27.44,27.44,0.0,603.588087,0.0
2019-03-16,6,0,83,61.18,61.18,0.0,1345.755071,0.0
2019-03-16,6,0,84,0.0,0.0,0.0,0.0,0.0
2019-03-16,6,0,86,0.0,0.0,0.0,0.0,0.0
2019-03-16,6,0,87,0.0,0.0,0.0,0.0,0.0
2019-03-16,6,0,88,39.66,39.66,0.0,872.387155,0.0
2019-03-16,6,0,89,38.13,38.13,0.0,838.732279,0.0
2019-03-16,6,0,90,51.2,51.2,0.0,1126.2285,0.0
2019-03-16,6,0,91,182.63,182.63,0.0,4017.248261,0.0
2019-03-16,6,0,92,65.68,65.68,0.0,1444.739998,0.0
2019-03-16,6,0,95,10.53,10.53,0.0,267.606192,0.0
2019-03-16,6,0,96,5.18,5.18,0.0,95.231056,0.0
2019-03-16,6,0,97,31.87,31.87,0.0,585.909993,0.0
2019-03-16,6,0,99,1.54,1.54,0.0,20.819694,0.0
2019-03-16,6,0,101,0.0,0.0,0.0,0.0,0.0
2019-03-16,6,0,102,2.56,2.56,0.0,57.69143,0.0
2019-03-16,6,0,103,2.23,2.23,0.0,50.254644,0.0
2019-03-16,6,0,104,0.41,0.41,0.0,9.239643,0.0
2019-03-16,6,0,106,0.0,0.0,0.0,0.0,0.0
2019-03-16,6,0,109,95.76,95.76,0.0,1434.954908,0.0
2019-03-16,6,0,110,90.07,90.07,0.0,2157.837789,0.0
2019-03-16,6,0,111,0.0,0.0,0.0,0.0,0.0
2019-03-16,6,0,113,25.31,25.31,0.0,575.522415,0.0
2019-03-16,6,0,115,25.31,25.31,0.0,575.522415,0.0
2019-03-16,6,0,116,0.0,0.0,0.0,0.0,0.0
2019-03-16,6,0,117,1.0,1.0,0.0,22.738934,0.0
2019-03-16,6,0,119,52.13,52.13,0.0,1289.626315,0.0
2019-03-16,6,0,120,30.65,30.65,0.0,758.239911,0.0
2019-03-16,6,0,123,0.0,0.0,0.0,0.0,0.0
2019-03-16,6,0,125,37.17,37.17,0.0,680.428902,0.0
2019-03-16,6,0,126,0.0,0.0,0.0,0.0,0.0
2019-03-16,6,0,127,0.0,0.0,0.0,0.0,0.0
2019-03-16,6,0,128,53.23,53.23,0.0,974.421051,0.0
2019-03-16,6,0,131,5.32,5.32,0.0,119.392785,0.0
2019-03-16,6,0,132,7.83,7.83,0.0,175.72284,0.0
2019-03-16,6,0,133,23.38,23.38,0.0,298.036105,0.0
2019-03-16,6,0,134,0.0,0.0,0.0,0.0,0.0
2019-03-16,6,0,135,31.33,31.33,0.0,399.378579,0.0
2019-03-16,6,0,136,36.37,36.37,0.0,329.013344,0.0
2019-03-16,6,0,139,57.36,57.36,0.0,935.403859,0.0
2019-03-16,6,0,140,66.66,66.66,0.0,1596.996414,0.0
2019-03-16,6,0,141,25.71,25.71,0.0,588.390565,0.0
2019-03-16,6,0,142,0.0,0.0,0.0,0.0,0.0
2019-03-16,6,0,143,37.22,37.22,0.0,682.773074,0.0
2019-03-16,6,0,145,7.87,7.87,0.0,134.555867,0.0
2019-03-16,6,0,146,108.63,108.63,0.0,2602.486055,0.0
2019-03-16,6,0,152,0.0,0.0,0.0,0.0,0.0
2019-03-16,6,0,153,0.0,0.0,0.0,0.0,0.0
2019-03-16,6,0,154,0.0,0.0,0.0,0.0,0.0
2019-03-16,6,0,157,69.62,69.62,0.0,1593.300316,0.0
2019-03-16,6,0,158,0.0,0.0,0.0,0.0,0.0
2019-03-16,6,0,159,0.0,0.0,0.0,0.0,0.0
2019-03-16,6,0,160,0.0,0.0,0.0,0.0,0.0
2019-03-16,6,0,161,0.0,0.0,0.0,0.0,0.0
2019-03-16,6,0,162,11.65,11.65,0.0,295.928399,0.0
2019-03-16,6,0,163,20.37,20.37,0.0,488.011055,0.0
2019-03-16,6,0,164,0.0,0.0,0.0,0.0,0.0
2019-03-16,6,0,167,0.0,0.0,0.0,0.0,0.0
2019-03-16,6,0,168,0.0,0.0,0.0,0.0,0.0
2019-03-16,6,0,169,0.0,0.0,0.0,0.0,0.0
2019-03-16,6,0,170,0.0,0.0,0.0,0.0,0.0
2019-03-16,6,0,172,0.0,0.0,0.0,0.0,0.0
2019-03-16,6,0,173,0.0,0.0,0.0,0.0,0.0
2019-03-16,6,0,188,0.0,0.0,0.0,0.0,0.0
2019-03-16,6,0,190,0.0,0.0,0.0,0.0,0.0
2019-03-16,6,0,191,0.0,0.0,0.0,0.0,0.0
2019-03-16,6,0,192,0.0,0.0,0.0,0.0,0.0
2019-03-16,6,0,194,54.16,54.16,0.0,1254.941363,0.0
2019-03-16,6,0,196,0.0,0.0,0.0,0.0,0.0
2019-03-16,6,0,198,0.0,0.0,0.0,0.0,0.0
2019-03-16,6,0,199,16.86,16.86,0.0,231.345624,0.0
2019-03-16,6,0,200,0.0,0.0,0.0,0.0,0.0
2019-03-16,6,0,204,426.18,426.18,0.0,6450.467267,0.0
2019-03-16,6,0,205,506.55,506.55,0.0,7590.605769,0.0
2019-03-16,6,0,206,93.66,93.66,0.0,1721.88045,0.0
2019-03-16,6,0,210,0.0,0.0,0.0,0.0,0.0
2019-03-16,6,0,214,0.0,0.0,0.0,0.0,0.0
2019-03-16,6,0,217,0.0,0.0,0.0,0.0,0.0
2019-03-16,6,0,218,0.0,0.0,0.0,0.0,0.0
2019-03-16,6,0,219,0.0,0.0,0.0,0.0,0.0
2019-03-16,6,0,221,0.0,0.0,0.0,0.0,0.0
2019-03-16,6,0,225,0.0,0.0,0.0,0.0,0.0
2019-03-16,6,0,233,0.0,0.0,0.0,0.0,0.0
2019-03-16,6,0,236,60.52,60.52,0.0,777.971338,0.0
2019-03-16,6,0,237,19.08,19.08,0.0,257.9479,0.0
2019-03-16,6,0,238,0.0,0.0,0.0,0.0,0.0
2019-03-16,6,0,240,0.0,0.0,0.0,0.0,0.0
2019-03-16,6,0,245,34.5,34.5,0.0,394.943111,0.0
2019-03-16,6,0,247,15.86,15.86,0.0,181.559355,0.0
2019-03-16,6,0,248,1.92,1.92,0.0,25.957021,0.0
2019-03-16,6,0,249,66.34,66.34,0.0,759.435535,0.0
2019-03-16,6,0,251,122.86,122.86,0.0,1231.153836,0.0
2019-03-16,6,0,252,110.37,110.37,0.0,977.534639,0.0
2019-03-16,6,0,254,0.0,0.0,0.0,0.0,0.0
2019-03-16,6,0,255,0.0,0.0,0.0,0.0,0.0
2019-03-16,6,0,258,0.0,0.0,0.0,0.0,0.0
2019-03-16,6,0,260,0.0,0.0,0.0,0.0,0.0
2019-03-16,6,0,265,0.0,0.0,0.0,0.0,0.0
2019-03-16,6,0,266,37.14,37.14,0.0,605.664214,0.0
2019-03-16,6,0,267,45.64,45.64,0.0,744.278803,0.0
2019-03-16,6,0,270,63.62,63.62,0.0,1524.166094,0.0
2019-03-16,6,0,272,89.3,89.3,0.0,2030.586789,0.0
2019-03-16,6,0,273,0.0,0.0,0.0,0.0,0.0
2019-03-16,6,0,274,82.01,82.01,0.0,1964.741613,0.0
2019-03-16,6,0,275,114.16,114.16,0.0,2734.970156,0.0
2019-03-16,6,0,276,0.0,0.0,0.0,0.0,0.0
2019-03-16,6,0,277,0.0,0.0,0.0,0.0,0.0
2019-03-16,6,0,278,0.0,0.0,0.0,0.0,0.0
2019-03-16,6,0,279,32.41,32.41,0.0,727.323843,0.0
2019-03-16,6,0,281,4.92,4.92,0.0,90.253722,0.0
2019-03-16,6,0,282,0.0,0.0,0.0,0.0,0.0
2019-03-16,7,0,9,0.0,0.0,0.0,0.0,0.0
2019-03-16,7,0,17,0.0,0.0,0.0,-0.0,0.0
2019-03-16,7,0,19,643.3,643.3,0.0,-809.922226,0.0
2019-03-16,7,0,20,780.2,780.2,0.0,-982.280927,0.0
2019-03-16,7,0,21,0.0,0.0,0.0,0.0,0.0
2019-03-16,7,0,22,0.0,0.0,0.0,0.0,0.0
2019-03-16,7,0,23,24.77,24.77,0.0,459.627023,0.0
2019-03-16,7,0,24,43.82,43.82,0.0,813.114904,0.0
2019-03-16,7,0,29,0.0,0.0,0.0,0.0,0.0
2019-03-16,7,0,30,0.0,0.0,0.0,0.0,0.0
2019-03-16,7,0,31,28.09,28.09,0.0,522.262221,0.0
2019-03-16,7,0,32,0.0,0.0,0.0,0.0,0.0
2019-03-16,7,0,33,0.0,0.0,0.0,0.0,0.0
2019-03-16,7,0,34,0.0,0.0,0.0,0.0,0.0
2019-03-16,7,0,35,0.0,0.0,0.0,0.0,0.0
2019-03-16,7,0,36,0.0,0.0,0.0,0.0,0.0
2019-03-16,7,0,37,0.0,0.0,0.0,0.0,0.0
2019-03-16,7,0,38,0.0,0.0,0.0,0.0,0.0
2019-03-16,7,0,39,0.0,0.0,0.0,0.0,0.0
2019-03-16,7,0,40,0.0,0.0,0.0,0.0,0.0
2019-03-16,7,0,41,42.92,42.92,0.0,714.398047,0.0
2019-03-16,7,0,42,0.0,0.0,0.0,0.0,0.0
2019-03-16,7,0,43,0.0,0.0,0.0,0.0,0.0
2019-03-16,7,0,46,0.0,0.0,0.0,0.0,0.0
2019-03-16,7,0,52,29.77,29.77,0.0,553.497555,0.0
2019-03-16,7,0,53,47.31,47.31,0.0,879.609315,0.0
2019-03-16,7,0,55,25.86,25.86,0.0,479.852839,0.0
2019-03-16,7,0,56,0.0,0.0,0.0,0.0,0.0
2019-03-16,7,0,57,0.0,0.0,0.0,0.0,0.0
2019-03-16,7,0,58,0.0,0.0,0.0,0.0,0.0
2019-03-16,7,0,59,0.0,0.0,0.0,0.0,0.0
2019-03-16,7,0,63,44.6,44.6,0.0,1103.769401,0.0
2019-03-16,7,0,64,52.47,52.47,0.0,1298.537679,0.0
2019-03-16,7,0,65,18.2,18.2,0.0,104.521891,0.0
2019-03-16,7,0,67,0.0,0.0,0.0,0.0,0.0
2019-03-16,7,0,68,1.36,1.36,0.0,30.73629,0.0
2019-03-16,7,0,69,0.0,0.0,0.0,0.0,0.0
2019-03-16,7,0,74,7.43,7.43,0.0,103.782873,0.0
2019-03-16,7,0,77,48.34,48.34,0.0,1067.364458,0.0
2019-03-16,7,0,78,36.54,36.54,0.0,806.816245,0.0
2019-03-16,7,0,79,21.15,21.15,0.0,466.999551,0.0
2019-03-16,7,0,80,34.2,34.2,0.0,755.14821,0.0
2019-03-16,7,0,81,44.71,44.71,0.0,987.212762,0.0
2019-03-16,7,0,82,31.54,31.54,0.0,696.41446,0.0
2019-03-16,7,0,83,70.33,70.33,0.0,1552.911508,0.0
2019-03-16,7,0,84,0.0,0.0,0.0,0.0,0.0
2019-03-16,7,0,86,0.0,0.0,0.0,0.0,0.0
2019-03-16,7,0,87,0.0,0.0,0.0,0.0,0.0
2019-03-16,7,0,88,43.09,43.09,0.0,951.442583,0.0
2019-03-16,7,0,89,41.42,41.42,0.0,914.568387,0.0
2019-03-16,7,0,90,55.61,55.61,0.0,1227.888653,0.0
2019-03-16,7,0,91,198.38,198.38,0.0,4380.301223,0.0
2019-03-16,7,0,92,71.35,71.35,0.0,1575.433472,0.0
2019-03-16,7,0,95,10.4,10.4,0.0,264.302412,0.0
2019-03-16,7,0,96,5.85,5.85,0.0,108.990067,0.0
2019-03-16,7,0,97,35.95,35.95,0.0,669.776568,0.0
2019-03-16,7,0,99,1.44,1.44,0.0,20.114043,0.0
2019-03-16,7,0,101,0.0,0.0,0.0,0.0,0.0
2019-03-16,7,0,102,3.21,3.21,0.0,72.546684,0.0
2019-03-16,7,0,103,2.8,2.8,0.0,63.280596,0.0
2019-03-16,7,0,104,0.52,0.52,0.0,11.752111,0.0
2019-03-16,7,0,106,0.0,0.0,0.0,0.0,0.0
2019-03-16,7,0,109,113.17,113.17,0.0,1741.22091,0.0
2019-03-16,7,0,110,95.65,95.65,0.0,2293.931297,0.0
2019-03-16,7,0,111,0.0,0.0,0.0,0.0,0.0
2019-03-16,7,0,113,16.21,16.21,0.0,369.392947,0.0
2019-03-16,7,0,115,16.21,16.21,0.0,369.392947,0.0
2019-03-16,7,0,116,0.0,0.0,0.0,0.0,0.0
2019-03-16,7,0,117,0.66,0.66,0.0,15.040058,0.0
2019-03-16,7,0,119,52.47,52.47,0.0,1298.537679,0.0
2019-03-16,7,0,120,30.85,30.85,0.0,763.48175,0.0
2019-03-16,7,0,123,0.0,0.0,0.0,0.0,0.0
2019-03-16,7,0,125,39.66,39.66,0.0,735.9228,0.0
2019-03-16,7,0,126,0.0,0.0,0.0,0.0,0.0
2019-03-16,7,0,127,0.0,0.0,0.0,0.0,0.0
2019-03-16,7,0,128,56.8,56.8,0.0,1053.969113,0.0
2019-03-16,7,0,131,6.73,6.73,0.0,151.487816,0.0
2019-03-16,7,0,132,9.9,9.9,0.0,222.842404,0.0
2019-03-16,7,0,133,34.41,34.41,0.0,472.81588,0.0
2019-03-16,7,0,134,0.0,0.0,0.0,0.0,0.0
2019-03-16,7,0,135,46.11,46.11,0.0,633.581524,0.0
2019-03-16,7,0,136,38.47,38.47,0.0,235.719355,0.0
2019-03-16,7,0,139,55.43,55.43,0.0,922.625437,0.0
2019-03-16,7,0,140,70.79,70.79,0.0,1697.725003,0.0
2019-03-16,7,0,141,21.86,21.86,0.0,501.479261,0.0
2019-03-16,7,0,142,0.0,0.0,0.0,0.0,0.0
2019-03-16,7,0,143,23.93,23.93,0.0,444.917584,0.0
2019-03-16,7,0,145,7.95,7.95,0.0,138.347138,0.0
2019-03-16,7,0,146,114.22,114.22,0.0,2739.287327,0.0
2019-03-16,7,0,152,0.0,0.0,0.0,0.0,0.0
2019-03-16,7,0,153,0.0,0.0,0.0,0.0,0.0
2019-03-16,7,0,154,0.0,0.0,0.0,0.0,0.0
2019-03-16,7,0,157,72.45,72.45,0.0,1662.038996,0.0
2019-03-16,7,0,158,0.0,0.0,0.0,0.0,0.0
2019-03-16,7,0,159,0.0,0.0,0.0,0.0,0.0
2019-03-16,7,0,160,0.0,0.0,0.0,0.0,0.0
2019-03-16,7,0,161,0.0,0.0,0.0,0.0,0.0
2019-03-16,7,0,162,11.68,11.68,0.0,296.692333,0.0
2019-03-16,7,0,163,22.29,22.29,0.0,534.57113,0.0
2019-03-16,7,0,164,0.0,0.0,0.0,0.0,0.0
2019-03-16,7,0,167,0.0,0.0,0.0,0.0,0.0
2019-03-16,7,0,168,0.0,0.0,0.0,0.0,0.0
2019-03-16,7,0,169,0.0,0.0,0.0,0.0,0.0
2019-03-16,7,0,170,0.0,0.0,0.0,0.0,0.0
2019-03-16,7,0,172,0.0,0.0,0.0,0.0,0.0
2019-03-16,7,0,173,0.0,0.0,0.0,0.0,0.0
2019-03-16,7,0,188,0.0,0.0,0.0,0.0,0.0
2019-03-16,7,0,190,0.0,0.0,0.0,0.0,0.0
2019-03-16,7,0,191,0.0,0.0,0.0,0.0,0.0
2019-03-16,7,0,192,0.0,0.0,0.0,0.0,0.0
2019-03-16,7,0,194,55.47,55.47,0.0,1286.620069,0.0
2019-03-16,7,0,196,0.0,0.0,0.0,0.0,0.0
2019-03-16,7,0,198,0.0,0.0,0.0,0.0,0.0
2019-03-16,7,0,199,17.1,17.1,0.0,232.555886,0.0
2019-03-16,7,0,200,0.0,0.0,0.0,0.0,0.0
2019-03-16,7,0,204,526.08,526.08,0.0,8170.384779,0.0
2019-03-16,7,0,205,598.66,598.66,0.0,9210.915527,0.0
2019-03-16,7,0,206,105.63,105.63,0.0,1967.96937,0.0
2019-03-16,7,0,210,0.0,0.0,0.0,0.0,0.0
2019-03-16,7,0,214,0.0,0.0,0.0,0.0,0.0
2019-03-16,7,0,217,0.0,0.0,0.0,0.0,0.0
2019-03-16,7,0,218,0.0,0.0,0.0,0.0,0.0
2019-03-16,7,0,219,0.0,0.0,0.0,0.0,0.0
2019-03-16,7,0,221,0.0,0.0,0.0,0.0,0.0
2019-03-16,7,0,225,0.0,0.0,0.0,0.0,0.0
2019-03-16,7,0,233,0.0,0.0,0.0,0.0,0.0
2019-03-16,7,0,236,76.46,76.46,0.0,1019.440023,0.0
2019-03-16,7,0,237,17.84,17.84,0.0,249.19064,0.0
2019-03-16,7,0,238,0.0,0.0,0.0,0.0,0.0
2019-03-16,7,0,240,0.0,0.0,0.0,0.0,0.0
2019-03-16,7,0,245,53.99,53.99,0.0,607.328298,0.0
2019-03-16,7,0,247,28.12,28.12,0.0,316.319165,0.0
2019-03-16,7,0,248,1.79,1.79,0.0,25.002873,0.0
2019-03-16,7,0,249,103.83,103.83,0.0,1167.973647,0.0
2019-03-16,7,0,251,128.8,128.8,0.0,1036.275473,0.0
2019-03-16,7,0,252,117.38,117.38,0.0,674.108767,0.0
2019-03-16,7,0,254,0.0,0.0,0.0,0.0,0.0
2019-03-16,7,0,255,0.0,0.0,0.0,0.0,0.0
2019-03-16,7,0,258,0.0,0.0,0.0,0.0,0.0
2019-03-16,7,0,260,0.0,0.0,0.0,0.0,0.0
2019-03-16,7,0,265,0.0,0.0,0.0,0.0,0.0
2019-03-16,7,0,266,35.89,35.89,0.0,597.384574,0.0
2019-03-16,7,0,267,44.1,44.1,0.0,734.039,0.0
2019-03-16,7,0,270,69.61,69.61,0.0,1669.425589,0.0
2019-03-16,7,0,272,57.69,57.69,0.0,1314.637822,0.0
2019-03-16,7,0,273,0.0,0.0,0.0,0.0,0.0
2019-03-16,7,0,274,89.74,89.74,0.0,2152.194403,0.0
2019-03-16,7,0,275,124.92,124.92,0.0,2995.900655,0.0
2019-03-16,7,0,276,0.0,0.0,0.0,0.0,0.0
2019-03-16,7,0,277,0.0,0.0,0.0,0.0,0.0
2019-03-16,7,0,278,0.0,0.0,0.0,0.0,0.0
2019-03-16,7,0,279,38.45,38.45,0.0,865.289366,0.0
2019-03-16,7,0,281,12.59,12.59,0.0,234.07908,0.0
2019-03-16,7,0,282,0.0,0.0,0.0,0.0,0.0
2019-03-16,8,0,9,0.0,0.0,0.0,0.0,0.0
2019-03-16,8,0,17,0.96,0.96,0.0,-2.020525,0.0
2019-03-16,8,0,19,605.38,605.38,0.0,-1274.151685,0.0
2019-03-16,8,0,20,753.44,753.44,0.0,-1585.775621,0.0
2019-03-16,8,0,21,0.06,0.06,0.0,1.346603,0.0
2019-03-16,8,0,22,0.22,0.22,0.0,4.937546,0.0
2019-03-16,8,0,23,16.24,16.24,0.0,364.480635,0.0
2019-03-16,8,0,24,28.74,28.74,0.0,645.022995,0.0
2019-03-16,8,0,29,1.05,1.05,0.0,14.076561,0.0
2019-03-16,8,0,30,0.0,0.0,0.0,0.0,0.0
2019-03-16,8,0,31,12.57,12.57,0.0,282.64981,0.0
2019-03-16,8,0,32,0.56,0.56,0.0,17.13474,0.0
2019-03-16,8,0,33,0.14,0.14,0.0,2.052644,0.0
2019-03-16,8,0,34,0.23,0.23,0.0,3.372201,0.0
2019-03-16,8,0,35,0.23,0.23,0.0,3.372201,0.0
2019-03-16,8,0,36,0.61,0.61,0.0,10.686131,0.0
2019-03-16,8,0,37,0.29,0.29,0.0,5.086408,0.0
2019-03-16,8,0,38,0.37,0.37,0.0,6.489555,0.0
2019-03-16,8,0,39,0.25,0.25,0.0,4.384834,0.0
2019-03-16,8,0,40,0.25,0.25,0.0,4.384834,0.0
2019-03-16,8,0,41,19.58,19.58,0.0,395.845778,0.0
2019-03-16,8,0,42,1.09,1.09,0.0,12.446849,0.0
2019-03-16,8,0,43,2.11,2.11,0.0,36.299001,0.0
2019-03-16,8,0,46,2.03,2.03,0.0,36.527069,0.0
2019-03-16,8,0,52,13.32,13.32,0.0,299.514357,0.0
2019-03-16,8,0,53,21.16,21.16,0.0,475.805089,0.0
2019-03-16,8,0,55,29.95,29.95,0.0,672.179496,0.0
2019-03-16,8,0,56,0.0,0.0,0.0,0.0,0.0
2019-03-16,8,0,57,0.0,0.0,0.0,0.0,0.0
2019-03-16,8,0,58,0.0,0.0,0.0,0.0,0.0
2019-03-16,8,0,59,0.0,0.0,0.0,0.0,0.0
2019-03-16,8,0,63,11.72,11.72,0.0,349.353728,0.0
2019-03-16,8,0,64,13.77,13.77,0.0,410.460822,0.0
2019-03-16,8,0,65,17.57,17.57,0.0,118.898819,0.0
2019-03-16,8,0,67,0.0,0.0,0.0,0.0,0.0
2019-03-16,8,0,68,0.56,0.56,0.0,15.21305,0.0
2019-03-16,8,0,69,0.14,0.14,0.0,2.052644,0.0
2019-03-16,8,0,74,12.23,12.23,0.0,208.99412,0.0
2019-03-16,8,0,77,17.77,17.77,0.0,471.702361,0.0
2019-03-16,8,0,78,13.42,13.42,0.0,356.232172,0.0
2019-03-16,8,0,79,7.74,7.74,0.0,205.457303,0.0
2019-03-16,8,0,80,12.55,12.55,0.0,333.138134,0.0
2019-03-16,8,0,81,16.43,16.43,0.0,436.132234,0.0
2019-03-16,8,0,82,11.57,11.57,0.0,307.12416,0.0
2019-03-16,8,0,83,25.89,25.89,0.0,687.246715,0.0
2019-03-16,8,0,84,0.0,0.0,0.0,0.0,0.0
2019-03-16,8,0,86,0.73,0.73,0.0,10.703072,0.0
2019-03-16,8,0,87,3.73,3.73,0.0,54.6883,0.0
2019-03-16,8,0,88,17.57,17.57,0.0,466.393387,0.0
2019-03-16,8,0,89,16.96,16.96,0.0,450.201016,0.0
2019-03-16,8,0,90,22.12,22.12,0.0,587.172551,0.0
2019-03-16,8,0,91,69.36,69.36,0.0,1841.152267,0.0
2019-03-16,8,0,92,27.75,27.75,0.0,736.620176,0.0
2019-03-16,8,0,95,7.07,7.07,0.0,216.695652,0.0
2019-03-16,8,0,96,3.17,3.17,0.0,71.422196,0.0
2019-03-16,8,0,97,19.48,19.48,0.0,438.897283,0.0
2019-03-16,8,0,99,2.36,2.36,0.0,40.329201,0.0
2019-03-16,8,0,101,0.0,0.0,0.0,0.0,0.0
2019-03-16,8,0,102,1.33,1.33,0.0,36.130993,0.0
2019-03-16,8,0,103,1.15,1.15,0.0,31.241084,0.0
2019-03-16,8,0,104,0.21,0.21,0.0,5.704894,0.0
2019-03-16,8,0,106,0.21,0.21,0.0,4.713112,0.0
2019-03-16,8,0,109,109.72,109.72,0.0,2057.922289,0.0
2019-03-16,8,0,110,82.77,82.77,0.0,2388.287209,0.0
2019-03-16,8,0,111,0.48,0.48,0.0,9.704084,0.0
2019-03-16,8,0,113,15.57,15.57,0.0,426.062278,0.0
2019-03-16,8,0,115,15.57,15.57,0.0,426.062278,0.0
2019-03-16,8,0,116,3.92,3.92,0.0,113.109652,0.0
2019-03-16,8,0,117,0.81,0.81,0.0,22.16509,0.0
2019-03-16,8,0,119,13.77,13.77,0.0,410.460822,0.0
2019-03-16,8,0,120,8.13,8.13,0.0,242.341793,0.0
2019-03-16,8,0,123,0.0,0.0,0.0,0.0,0.0
2019-03-16,8,0,125,26.0,26.0,0.0,583.52811,0.0
2019-03-16,8,0,126,0.16,0.16,0.0,3.590942,0.0
2019-03-16,8,0,127,0.2,0.2,0.0,4.488678,0.0
2019-03-16,8,0,128,37.24,37.24,0.0,835.791801,0.0
2019-03-16,8,0,131,2.78,2.78,0.0,75.213354,0.0
2019-03-16,8,0,132,4.08,4.08,0.0,110.385066,0.0
2019-03-16,8,0,133,35.34,35.34,0.0,597.554245,0.0
2019-03-16,8,0,134,0.0,0.0,0.0,0.0,0.0
2019-03-16,8,0,135,47.35,47.35,0.0,800.627999,0.0
2019-03-16,8,0,136,33.61,33.61,0.0,243.813562,0.0
2019-03-16,8,0,139,25.28,25.28,0.0,511.08178,0.0
2019-03-16,8,0,140,61.26,61.26,0.0,1767.626851,0.0
2019-03-16,8,0,141,15.27,15.27,0.0,421.17364,0.0
2019-03-16,8,0,142,0.0,0.0,0.0,0.0,0.0
2019-03-16,8,0,143,14.52,14.52,0.0,326.497632,0.0
2019-03-16,8,0,145,5.43,5.43,0.0,114.580757,0.0
2019-03-16,8,0,146,115.58,115.58,0.0,3335.003451,0.0
2019-03-16,8,0,152,0.26,0.26,0.0,4.432538,0.0
2019-03-16,8,0,153,0.41,0.41,0.0,7.015004,0.0
2019-03-16,8,0,154,1.96,1.96,0.0,39.625011,0.0
2019-03-16,8,0,157,56.02,56.02,0.0,1545.130799,0.0
2019-03-16,8,0,158,0.0,0.0,0.0,0.0,0.0
2019-03-16,8,0,159,0.0,0.0,0.0,0.0,0.0
2019-03-16,8,0,160,0.2,0.2,0.0,3.232543,0.0
2019-03-16,8,0,161,0.74,0.74,0.0,20.102958,0.0
2019-03-16,8,0,162,7.06,7.06,0.0,216.282216,0.0
2019-03-16,8,0,163,7.55,7.55,0.0,217.851497,0.0
2019-03-16,8,0,164,0.0,0.0,0.0,0.0,0.0
2019-03-16,8,0,167,0.68,0.68,0.0,20.852852,0.0
2019-03-16,8,0,168,0.34,0.34,0.0,10.426426,0.0
2019-03-16,8,0,169,0.0,0.0,0.0,0.0,0.0
2019-03-16,8,0,170,0.75,0.75,0.0,22.99947,0.0
2019-03-16,8,0,172,0.9,0.9,0.0,29.123238,0.0
2019-03-16,8,0,173,1.37,1.37,0.0,44.33204,0.0
2019-03-16,8,0,188,1.11,1.11,0.0,34.319839,0.0
2019-03-16,8,0,190,0.51,0.51,0.0,15.202253,0.0
2019-03-16,8,0,191,1.32,1.32,0.0,39.347007,0.0
2019-03-16,8,0,192,0.0,0.0,0.0,0.0,0.0
2019-03-16,8,0,194,34.89,34.89,0.0,970.621927,0.0
2019-03-16,8,0,196,0.29,0.29,0.0,8.482453,0.0
2019-03-16,8,0,198,1.08,1.08,0.0,15.542595,0.0
2019-03-16,8,0,199,16.33,16.33,0.0,241.894848,0.0
2019-03-16,8,0,200,2.0,2.0,0.0,29.625823,0.0
2019-03-16,8,0,204,469.29,469.29,0.0,8881.675398,0.0
2019-03-16,8,0,205,580.44,580.44,0.0,10886.806537,0.0
2019-03-16,8,0,206,57.25,57.25,0.0,1289.880361,0.0
2019-03-16,8,0,210,0.35,0.35,0.0,4.60858,0.0
2019-03-16,8,0,214,1.54,1.54,0.0,21.481583,0.0
2019-03-16,8,0,217,1.14,1.14,0.0,15.495016,0.0
2019-03-16,8,0,218,1.57,1.57,0.0,21.339627,0.0
2019-03-16,8,0,219,1.07,1.07,0.0,14.543568,0.0
2019-03-16,8,0,221,0.82,0.82,0.0,11.438246,0.0
2019-03-16,8,0,225,0.94,0.94,0.0,12.623559,0.0
2019-03-16,8,0,233,0.41,0.41,0.0,6.011314,0.0
2019-03-16,8,0,236,72.85,72.85,0.0,1190.559421,0.0
2019-03-16,8,0,237,29.35,29.35,0.0,501.551711,0.0
2019-03-16,8,0,238,1.42,1.42,0.0,16.215162,0.0
2019-03-16,8,0,240,0.7,0.7,0.0,12.262773,0.0
2019-03-16,8,0,245,57.84,57.84,0.0,796.063861,0.0
2019-03-16,8,0,247,40.86,40.86,0.0,562.364615,0.0
2019-03-16,8,0,248,2.95,2.95,0.0,50.411501,0.0
2019-03-16,8,0,249,111.23,111.23,0.0,1530.881452,0.0
2019-03-16,8,0,251,126.85,126.85,0.0,1227.906773,0.0
2019-03-16,8,0,252,113.32,113.32,0.0,766.853394,0.0
2019-03-16,8,0,254,1.22,1.22,0.0,20.669476,0.0
2019-03-16,8,0,255,0.56,0.56,0.0,9.487628,0.0
2019-03-16,8,0,258,0.86,0.86,0.0,15.02195,0.0
2019-03-16,8,0,260,0.48,0.48,0.0,7.758103,0.0
2019-03-16,8,0,265,2.03,2.03,0.0,41.04019,0.0
2019-03-16,8,0,266,16.37,16.37,0.0,330.949713,0.0
2019-03-16,8,0,267,20.12,20.12,0.0,406.762873,0.0
2019-03-16,8,0,270,23.59,23.59,0.0,680.677725,0.0
2019-03-16,8,0,272,53.9,53.9,0.0,1474.936208,0.0
2019-03-16,8,0,273,0.94,0.94,0.0,27.123233,0.0
2019-03-16,8,0,274,30.41,30.41,0.0,877.465435,0.0
2019-03-16,8,0,275,42.33,42.33,0.0,1221.41111,0.0
2019-03-16,8,0,276,0.2,0.2,0.0,5.714066,0.0
2019-03-16,8,0,277,0.28,0.28,0.0,7.570019,0.0
2019-03-16,8,0,278,0.44,0.44,0.0,11.895744,0.0
2019-03-16,8,0,279,19.2,19.2,0.0,519.087027,0.0
2019-03-16,8,0,281,5.64,5.64,0.0,126.821394,0.0
2019-03-16,8,0,282,0.0,0.0,0.0,0.0,0.0
2019-03-16,9,0,9,1.0,1.0,0.0,17.196278,0.0
2019-03-16,9,0,17,4.3,4.3,0.0,24.647826,0.0
2019-03-16,9,0,19,475.02,475.02,0.0,2722.839577,0.0
2019-03-16,9,0,20,589.85,589.85,0.0,3381.051165,0.0
2019-03-16,9,0,21,22.91,22.91,0.0,393.966719,0.0
2019-03-16,9,0,22,81.42,81.42,0.0,1400.120918,0.0
2019-03-16,9,0,23,11.52,11.52,0.0,198.101117,0.0
2019-03-16,9,0,24,20.38,20.38,0.0,350.460136,0.0
2019-03-16,9,0,29,3.39,3.39,0.0,38.521807,0.0
2019-03-16,9,0,30,151.45,151.45,0.0,2608.544753,0.0
2019-03-16,9,0,31,19.33,19.33,0.0,332.936085,0.0
2019-03-16,9,0,32,2.4,2.4,0.0,53.753384,0.0
2019-03-16,9,0,33,0.64,0.64,0.0,7.780723,0.0
2019-03-16,9,0,34,1.02,1.02,0.0,12.400526,0.0
2019-03-16,9,0,35,1.02,1.02,0.0,12.400526,0.0
2019-03-16,9,0,36,3.37,3.37,0.0,47.235311,0.0
2019-03-16,9,0,37,1.56,1.56,0.0,21.884801,0.0
2019-03-16,9,0,38,2.01,2.01,0.0,28.197725,0.0
2019-03-16,9,0,39,1.34,1.34,0.0,18.798483,0.0
2019-03-16,9,0,40,1.34,1.34,0.0,18.798483,0.0
2019-03-16,9,0,41,23.94,23.94,0.0,377.33658,0.0
2019-03-16,9,0,42,7.37,7.37,0.0,82.596085,0.0
2019-03-16,9,0,43,10.82,10.82,0.0,149.401548,0.0
2019-03-16,9,0,46,11.35,11.35,0.0,162.540162,0.0
2019-03-16,9,0,52,20.51,20.51,0.0,353.260171,0.0
2019-03-16,9,0,53,32.75,32.75,0.0,564.079503,0.0
2019-03-16,9,0,55,38.29,38.29,0.0,658.445467,0.0
2019-03-16,9,0,56,44.67,44.67,0.0,769.387218,0.0
2019-03-16,9,0,57,42.49,42.49,0.0,731.83933,0.0
2019-03-16,9,0,58,81.72,81.72,0.0,1407.529067,0.0
2019-03-16,9,0,59,80.36,80.36,0.0,1384.104697,0.0
2019-03-16,9,0,63,2.23,2.23,0.0,48.847582,0.0
2019-03-16,9,0,64,2.62,2.62,0.0,57.390432,0.0
2019-03-16,9,0,65,17.57,17.57,0.0,163.306709,0.0
2019-03-16,9,0,67,97.1,97.1,0.0,1990.674666,0.0
2019-03-16,9,0,68,0.0,0.0,0.0,0.0,0.0
2019-03-16,9,0,69,0.64,0.64,0.0,7.780723,0.0
2019-03-16,9,0,74,18.92,18.92,0.0,260.207016,0.0
2019-03-16,9,0,77,3.55,3.55,0.0,70.439148,0.0
2019-03-16,9,0,78,2.69,2.69,0.0,53.375016,0.0
2019-03-16,9,0,79,1.55,1.55,0.0,30.755121,0.0
2019-03-16,9,0,80,2.51,2.51,0.0,49.803454,0.0
2019-03-16,9,0,81,3.29,3.29,0.0,65.280224,0.0
2019-03-16,9,0,82,2.32,2.32,0.0,46.033471,0.0
2019-03-16,9,0,83,5.17,5.17,0.0,102.583209,0.0
2019-03-16,9,0,84,0.0,0.0,0.0,0.0,0.0
2019-03-16,9,0,86,3.24,3.24,0.0,39.389908,0.0
2019-03-16,9,0,87,16.53,16.53,0.0,200.961473,0.0
2019-03-16,9,0,88,12.72,12.72,0.0,252.39041,0.0
2019-03-16,9,0,89,12.15,12.15,0.0,241.080463,0.0
2019-03-16,9,0,90,17.05,17.05,0.0,338.306328,0.0
2019-03-16,9,0,91,64.08,64.08,0.0,1271.476218,0.0
2019-03-16,9,0,92,22.54,22.54,0.0,447.238982,0.0
2019-03-16,9,0,95,4.63,4.63,0.0,103.849681,0.0
2019-03-16,9,0,96,1.81,1.81,0.0,31.227146,0.0
2019-03-16,9,0,97,11.15,11.15,0.0,192.366121,0.0
2019-03-16,9,0,99,3.65,3.65,0.0,50.198499,0.0
2019-03-16,9,0,101,3.05,3.05,0.0,52.532595,0.0
2019-03-16,9,0,102,0.0,0.0,0.0,0.0,0.0
2019-03-16,9,0,103,0.0,0.0,0.0,0.0,0.0
2019-03-16,9,0,104,0.0,0.0,0.0,0.0,0.0
2019-03-16,9,0,106,80.15,80.15,0.0,1378.281646,0.0
2019-03-16,9,0,109,105.28,105.28,0.0,1559.909444,0.0
2019-03-16,9,0,110,71.49,71.49,0.0,1523.183034,0.0
2019-03-16,9,0,111,5.39,5.39,0.0,84.955897,0.0
2019-03-16,9,0,113,4.46,4.46,0.0,90.857668,0.0
2019-03-16,9,0,115,4.46,4.46,0.0,90.857668,0.0
2019-03-16,9,0,116,43.11,43.11,0.0,918.511968,0.0
2019-03-16,9,0,117,0.3,0.3,0.0,6.111502,0.0
2019-03-16,9,0,119,2.62,2.62,0.0,57.390432,0.0
2019-03-16,9,0,120,1.54,1.54,0.0,33.733308,0.0
2019-03-16,9,0,123,1.34,1.34,0.0,23.043012,0.0
2019-03-16,9,0,125,18.44,18.44,0.0,317.099358,0.0
2019-03-16,9,0,126,60.11,60.11,0.0,1033.668243,0.0
2019-03-16,9,0,127,77.15,77.15,0.0,1326.692813,0.0
2019-03-16,9,0,128,26.41,26.41,0.0,454.15369,0.0
2019-03-16,9,0,131,0.94,0.94,0.0,18.958131,0.0
2019-03-16,9,0,132,1.38,1.38,0.0,27.83215,0.0
2019-03-16,9,0,133,36.86,36.86,0.0,491.761885,0.0
2019-03-16,9,0,134,0.0,0.0,0.0,0.0,0.0
2019-03-16,9,0,135,49.39,49.39,0.0,658.928907,0.0
2019-03-16,9,0,136,30.44,30.44,0.0,288.88205,0.0
2019-03-16,9,0,139,30.91,30.91,0.0,487.19606,0.0
2019-03-16,9,0,140,52.91,52.91,0.0,1127.313112,0.0
2019-03-16,9,0,141,12.45,12.45,0.0,255.240984,0.0
2019-03-16,9,0,142,128.05,128.05,0.0,2625.189403,0.0
2019-03-16,9,0,143,39.7,39.7,0.0,683.784924,0.0
2019-03-16,9,0,145,3.84,3.84,0.0,62.708369,0.0
2019-03-16,9,0,146,118.26,118.26,0.0,2519.675838,0.0
2019-03-16,9,0,152,1.55,1.55,0.0,21.270128,0.0
2019-03-16,9,0,153,2.35,2.35,0.0,32.340484,0.0
2019-03-16,9,0,154,22.22,22.22,0.0,350.226349,0.0
2019-03-16,9,0,157,42.68,42.68,0.0,874.994797,0.0
2019-03-16,9,0,158,92.61,92.61,0.0,1898.623901,0.0
2019-03-16,9,0,159,0.0,0.0,0.0,0.0,0.0
2019-03-16,9,0,160,0.95,0.95,0.0,12.470729,0.0
2019-03-16,9,0,161,19.78,19.78,0.0,400.316061,0.0
2019-03-16,9,0,162,3.88,3.88,0.0,86.99075,0.0
2019-03-16,9,0,163,0.0,0.0,0.0,0.0,0.0
2019-03-16,9,0,164,6.36,6.36,0.0,109.543378,0.0
2019-03-16,9,0,167,2.77,2.77,0.0,62.157938,0.0
2019-03-16,9,0,168,1.38,1.38,0.0,30.966771,0.0
2019-03-16,9,0,169,0.0,0.0,0.0,0.0,0.0
2019-03-16,9,0,170,3.03,3.03,0.0,67.992257,0.0
2019-03-16,9,0,172,3.67,3.67,0.0,86.222898,0.0
2019-03-16,9,0,173,5.59,5.59,0.0,131.331335,0.0
2019-03-16,9,0,188,4.86,4.86,0.0,109.822715,0.0
2019-03-16,9,0,190,3.7,3.7,0.0,81.047557,0.0
2019-03-16,9,0,191,9.56,9.56,0.0,209.409364,0.0
2019-03-16,9,0,192,0.0,0.0,0.0,0.0,0.0
2019-03-16,9,0,194,15.31,15.31,0.0,316.460651,0.0
2019-03-16,9,0,196,2.37,2.37,0.0,51.085061,0.0
2019-03-16,9,0,198,4.64,4.64,0.0,55.515601,0.0
2019-03-16,9,0,199,15.63,15.63,0.0,199.618114,0.0
2019-03-16,9,0,200,8.7,8.7,0.0,111.11181,0.0
2019-03-16,9,0,204,246.69,246.69,0.0,3681.986664,0.0
2019-03-16,9,0,205,592.96,592.96,0.0,8785.751367,0.0
2019-03-16,9,0,206,32.78,32.78,0.0,565.539145,0.0
2019-03-16,9,0,210,1.14,1.14,0.0,12.79554,0.0
2019-03-16,9,0,214,5.63,5.63,0.0,65.889063,0.0
2019-03-16,9,0,217,3.92,3.92,0.0,44.986584,0.0
2019-03-16,9,0,218,5.42,5.42,0.0,62.200838,0.0
2019-03-16,9,0,219,3.69,3.69,0.0,42.347065,0.0
2019-03-16,9,0,221,3.0,3.0,0.0,35.109625,0.0
2019-03-16,9,0,225,3.09,3.09,0.0,35.154338,0.0
2019-03-16,9,0,233,1.83,1.83,0.0,22.248003,0.0
2019-03-16,9,0,236,69.71,69.71,0.0,925.240602,0.0
2019-03-16,9,0,237,45.38,45.38,0.0,624.111754,0.0
2019-03-16,9,0,238,9.6,9.6,0.0,107.587845,0.0
2019-03-16,9,0,240,3.82,3.82,0.0,53.542696,0.0
2019-03-16,9,0,245,63.52,63.52,0.0,764.850278,0.0
2019-03-16,9,0,247,57.18,57.18,0.0,688.509743,0.0
2019-03-16,9,0,248,4.56,4.56,0.0,62.713742,0.0
2019-03-16,9,0,249,122.15,122.15,0.0,1470.819608,0.0
2019-03-16,9,0,251,127.16,127.16,0.0,1332.5632,0.0
2019-03-16,9,0,252,113.36,113.36,0.0,1053.639641,0.0
2019-03-16,9,0,254,5.73,5.73,0.0,78.140375,0.0
2019-03-16,9,0,255,2.63,2.63,0.0,35.865478,0.0
2019-03-16,9,0,258,4.7,4.7,0.0,65.718865,0.0
2019-03-16,9,0,260,2.31,2.31,0.0,30.323561,0.0
2019-03-16,9,0,265,23.0,23.0,0.0,362.520523,0.0
2019-03-16,9,0,266,20.02,20.02,0.0,315.550473,0.0
2019-03-16,9,0,267,24.6,24.6,0.0,387.739342,0.0
2019-03-16,9,0,270,0.0,0.0,0.0,0.0,0.0
2019-03-16,9,0,272,14.87,14.87,0.0,302.926798,0.0
2019-03-16,9,0,273,10.31,10.31,0.0,219.667325,0.0
2019-03-16,9,0,274,0.0,0.0,0.0,0.0,0.0
2019-03-16,9,0,275,0.0,0.0,0.0,0.0,0.0
2019-03-16,9,0,276,2.23,2.23,0.0,47.112116,0.0
2019-03-16,9,0,277,2.88,2.88,0.0,58.058855,0.0
2019-03-16,9,0,278,4.6,4.6,0.0,92.732894,0.0
2019-03-16,9,0,279,8.41,8.41,0.0,169.539921,0.0
2019-03-16,9,0,281,8.61,8.61,0.0,148.296932,0.0
2019-03-16,9,0,282,83.08,83.08,0.0,1430.953437,0.0
2019-03-16,10,0,9,2.06,2.06,0.0,18.591611,0.0
2019-03-16,10,0,17,8.4,8.4,0.0,82.440573,0.0
2019-03-16,10,0,19,349.46,349.46,0.0,3429.72414,0.0
2019-03-16,10,0,20,433.01,433.01,0.0,4249.713414,0.0
2019-03-16,10,0,21,47.11,47.11,0.0,425.170288,0.0
2019-03-16,10,0,22,167.44,167.44,0.0,1511.155022,0.0
2019-03-16,10,0,23,9.83,9.83,0.0,88.71628,0.0
2019-03-16,10,0,24,17.4,17.4,0.0,157.035938,0.0
2019-03-16,10,0,29,5.87,5.87,0.0,59.278334,0.0
2019-03-16,10,0,30,364.37,364.37,0.0,3286.635094,0.0
2019-03-16,10,0,31,49.66,49.66,0.0,447.935611,0.0
2019-03-16,10,0,32,4.33,4.33,0.0,84.423032,0.0
2019-03-16,10,0,33,0.59,0.59,0.0,5.872437,0.0
2019-03-16,10,0,34,0.95,0.95,0.0,9.455619,0.0
2019-03-16,10,0,35,0.95,0.95,0.0,9.455619,0.0
2019-03-16,10,0,36,5.12,5.12,0.0,49.170564,0.0
2019-03-16,10,0,37,2.0,2.0,0.0,19.202977,0.0
2019-03-16,10,0,38,2.57,2.57,0.0,24.675826,0.0
2019-03-16,10,0,39,1.71,1.71,0.0,16.418545,0.0
2019-03-16,10,0,40,1.71,1.71,0.0,16.418545,0.0
2019-03-16,10,0,41,30.78,30.78,0.0,285.815851,0.0
2019-03-16,10,0,42,14.31,14.31,0.0,140.012459,0.0
2019-03-16,10,0,43,18.8,18.8,0.0,181.268968,0.0
2019-03-16,10,0,46,19.77,19.77,0.0,188.773071,0.0
2019-03-16,10,0,52,52.67,52.67,0.0,475.085958,0.0
2019-03-16,10,0,53,83.98,83.98,0.0,757.503678,0.0
2019-03-16,10,0,55,52.03,52.03,0.0,469.573553,0.0
2019-03-16,10,0,56,107.48,107.48,0.0,969.474819,0.0
2019-03-16,10,0,57,102.23,102.23,0.0,922.119564,0.0
2019-03-16,10,0,58,196.6,196.6,0.0,1773.341547,0.0
2019-03-16,10,0,59,193.33,193.33,0.0,1743.845988,0.0
2019-03-16,10,0,63,0.0,0.0,0.0,0.0,0.0
2019-03-16,10,0,64,0.0,0.0,0.0,0.0,0.0
2019-03-16,10,0,65,18.42,18.42,0.0,180.677354,0.0
2019-03-16,10,0,67,203.18,203.18,0.0,2320.755116,0.0
2019-03-16,10,0,68,0.0,0.0,0.0,0.0,0.0
2019-03-16,10,0,69,0.59,0.59,0.0,5.872437,0.0
2019-03-16,10,0,74,45.05,45.05,0.0,434.729317,0.0
2019-03-16,10,0,77,2.23,2.23,0.0,19.052864,0.0
2019-03-16,10,0,78,1.69,1.69,0.0,14.439166,0.0
2019-03-16,10,0,79,0.98,0.98,0.0,8.373008,0.0
2019-03-16,10,0,80,1.58,1.58,0.0,13.499339,0.0
2019-03-16,10,0,81,2.06,2.06,0.0,17.600404,0.0
2019-03-16,10,0,82,1.46,1.46,0.0,12.474073,0.0
2019-03-16,10,0,83,3.25,3.25,0.0,27.767627,0.0
2019-03-16,10,0,84,0.0,0.0,0.0,0.0,0.0
2019-03-16,10,0,86,3.0,3.0,0.0,29.85985,0.0
2019-03-16,10,0,87,15.31,15.31,0.0,152.38477,0.0
2019-03-16,10,0,88,5.73,5.73,0.0,48.956463,0.0
2019-03-16,10,0,89,5.49,5.49,0.0,46.90593,0.0
2019-03-16,10,0,90,7.62,7.62,0.0,65.104406,0.0
2019-03-16,10,0,91,28.22,28.22,0.0,241.108444,0.0
2019-03-16,10,0,92,10.0,10.0,0.0,85.438853,0.0
2019-03-16,10,0,95,7.13,7.13,0.0,138.64841,0.0
2019-03-16,10,0,96,1.36,1.36,0.0,12.260152,0.0
2019-03-16,10,0,97,8.38,8.38,0.0,75.544171,0.0
2019-03-16,10,0,99,9.26,9.26,0.0,89.358346,0.0
2019-03-16,10,0,101,7.34,7.34,0.0,66.207156,0.0
2019-03-16,10,0,102,0.0,0.0,0.0,0.0,0.0
2019-03-16,10,0,103,0.0,0.0,0.0,0.0,0.0
2019-03-16,10,0,104,0.0,0.0,0.0,0.0,0.0
2019-03-16,10,0,106,164.83,164.83,0.0,1487.599631,0.0
2019-03-16,10,0,109,105.01,105.01,0.0,993.175362,0.0
2019-03-16,10,0,110,61.79,61.79,0.0,1006.307681,0.0
2019-03-16,10,0,111,6.63,6.63,0.0,61.564623,0.0
2019-03-16,10,0,113,3.97,3.97,0.0,32.214433,0.0
2019-03-16,10,0,115,3.97,3.97,0.0,32.214433,0.0
2019-03-16,10,0,116,67.87,67.87,0.0,1105.326141,0.0
2019-03-16,10,0,117,0.26,0.26,0.0,2.109761,0.0
2019-03-16,10,0,119,0.0,0.0,0.0,0.0,0.0
2019-03-16,10,0,120,0.0,0.0,0.0,0.0,0.0
2019-03-16,10,0,123,2.75,2.75,0.0,24.818898,0.0
2019-03-16,10,0,125,15.74,15.74,0.0,142.054348,0.0
2019-03-16,10,0,126,123.62,123.62,0.0,1115.677161,0.0
2019-03-16,10,0,127,158.65,158.65,0.0,1431.824798,0.0
2019-03-16,10,0,128,22.55,22.55,0.0,203.514965,0.0
2019-03-16,10,0,131,0.0,0.0,0.0,0.0,0.0
2019-03-16,10,0,132,0.0,0.0,0.0,0.0,0.0
2019-03-16,10,0,133,38.96,38.96,0.0,382.387765,0.0
2019-03-16,10,0,134,0.0,0.0,0.0,0.0,0.0
2019-03-16,10,0,135,52.21,52.21,0.0,512.434939,0.0
2019-03-16,10,0,136,28.91,28.91,0.0,283.562366,0.0
2019-03-16,10,0,139,39.74,39.74,0.0,369.016306,0.0
2019-03-16,10,0,140,45.73,45.73,0.0,744.755628,0.0
2019-03-16,10,0,141,12.85,12.85,0.0,146.774797,0.0
2019-03-16,10,0,142,267.94,267.94,0.0,3060.454404,0.0
2019-03-16,10,0,143,100.37,100.37,0.0,905.342274,0.0
2019-03-16,10,0,145,5.59,5.59,0.0,51.330604,0.0
2019-03-16,10,0,146,121.6,121.6,0.0,1980.369218,0.0
2019-03-16,10,0,152,2.09,2.09,0.0,20.181963,0.0
2019-03-16,10,0,153,2.84,2.84,0.0,27.404086,0.0
2019-03-16,10,0,154,27.36,27.36,0.0,254.058534,0.0
2019-03-16,10,0,157,32.42,32.42,0.0,370.306531,0.0
2019-03-16,10,0,158,209.22,209.22,0.0,2389.744982,0.0
2019-03-16,10,0,159,0.0,0.0,0.0,0.0,0.0
2019-03-16,10,0,160,1.68,1.68,0.0,16.407789,0.0
2019-03-16,10,0,161,39.01,39.01,0.0,383.620427,0.0
2019-03-16,10,0,162,3.46,3.46,0.0,67.294479,0.0
2019-03-16,10,0,163,0.0,0.0,0.0,0.0,0.0
2019-03-16,10,0,164,14.61,14.61,0.0,131.782909,0.0
2019-03-16,10,0,167,4.97,4.97,0.0,96.670561,0.0
2019-03-16,10,0,168,2.48,2.48,0.0,48.238027,0.0
2019-03-16,10,0,169,0.0,0.0,0.0,0.0,0.0
2019-03-16,10,0,170,5.43,5.43,0.0,105.617937,0.0
2019-03-16,10,0,172,6.53,6.53,0.0,123.68229,0.0
2019-03-16,10,0,173,9.94,9.94,0.0,188.269827,0.0
2019-03-16,10,0,188,8.75,8.75,0.0,167.891016,0.0
2019-03-16,10,0,190,6.86,6.86,0.0,133.437463,0.0
2019-03-16,10,0,191,17.71,17.71,0.0,344.486512,0.0
2019-03-16,10,0,192,0.0,0.0,0.0,0.0,0.0
2019-03-16,10,0,194,3.58,3.58,0.0,23.38305,0.0
2019-03-16,10,0,196,3.66,3.66,0.0,66.731562,0.0
2019-03-16,10,0,198,8.09,8.09,0.0,80.724439,0.0
2019-03-16,10,0,199,15.1,15.1,0.0,142.119266,0.0
2019-03-16,10,0,200,15.4,15.4,0.0,144.942828,0.0
2019-03-16,10,0,204,131.42,131.42,0.0,1240.364934,0.0
2019-03-16,10,0,205,620.18,620.18,0.0,5865.607999,0.0
2019-03-16,10,0,206,24.62,24.62,0.0,221.944807,0.0
2019-03-16,10,0,210,1.91,1.91,0.0,19.342136,0.0
2019-03-16,10,0,214,8.6,8.6,0.0,86.304811,0.0
2019-03-16,10,0,217,6.9,6.9,0.0,69.529079,0.0
2019-03-16,10,0,218,9.53,9.53,0.0,96.030742,0.0
2019-03-16,10,0,219,6.49,6.49,0.0,65.397641,0.0
2019-03-16,10,0,221,4.59,4.59,0.0,46.062684,0.0
2019-03-16,10,0,225,5.3,5.3,0.0,53.507716,0.0
2019-03-16,10,0,233,1.7,1.7,0.0,16.920582,0.0
2019-03-16,10,0,236,66.71,66.71,0.0,649.623522,0.0
2019-03-16,10,0,237,105.27,105.27,0.0,1015.848063,0.0
2019-03-16,10,0,238,18.62,18.62,0.0,182.182529,0.0
2019-03-16,10,0,240,5.8,5.8,0.0,55.701029,0.0
2019-03-16,10,0,245,71.02,71.02,0.0,698.476416,0.0
2019-03-16,10,0,247,77.46,77.46,0.0,761.813337,0.0
2019-03-16,10,0,248,11.49,11.49,0.0,110.877688,0.0
2019-03-16,10,0,249,136.58,136.58,0.0,1343.254139,0.0
2019-03-16,10,0,251,130.74,130.74,0.0,1281.196428,0.0
2019-03-16,10,0,252,118.83,118.83,0.0,1165.57492,0.0
2019-03-16,10,0,254,6.81,6.81,0.0,65.874673,0.0
2019-03-16,10,0,255,3.12,3.12,0.0,30.180467,0.0
2019-03-16,10,0,258,7.9,7.9,0.0,75.917562,0.0
2019-03-16,10,0,260,4.09,4.09,0.0,39.945152,0.0
2019-03-16,10,0,265,28.33,28.33,0.0,263.065726,0.0
2019-03-16,10,0,266,25.74,25.74,0.0,239.015594,0.0
2019-03-16,10,0,267,31.63,31.63,0.0,293.708751,0.0
2019-03-16,10,0,270,0.0,0.0,0.0,0.0,0.0
2019-03-16,10,0,272,13.28,13.28,0.0,107.760119,0.0
2019-03-16,10,0,273,16.23,16.23,0.0,264.320661,0.0
2019-03-16,10,0,274,0.0,0.0,0.0,0.0,0.0
2019-03-16,10,0,275,0.0,0.0,0.0,0.0,0.0
2019-03-16,10,0,276,3.77,3.77,0.0,57.303828,0.0
2019-03-16,10,0,277,5.57,5.57,0.0,46.156516,0.0
2019-03-16,10,0,278,8.91,8.91,0.0,73.833852,0.0
2019-03-16,10,0,279,0.0,0.0,0.0,0.0,0.0
2019-03-16,10,0,281,22.13,22.13,0.0,199.613675,0.0
2019-03-16,10,0,282,199.88,199.88,0.0,1802.927306,0.0
2019-03-16,11,0,9,3.16,3.16,0.0,39.690579,0.0
2019-03-16,11,0,17,12.16,12.16,0.0,202.961853,0.0
2019-03-16,11,0,19,192.99,192.99,0.0,3221.184872,0.0
2019-03-16,11,0,20,234.06,234.06,0.0,3906.681854,0.0
2019-03-16,11,0,21,72.17,72.17,0.0,906.477548,0.0
2019-03-16,11,0,22,256.48,256.48,0.0,3221.468222,0.0
2019-03-16,11,0,23,7.23,7.23,0.0,90.811039,0.0
2019-03-16,11,0,24,12.79,12.79,0.0,160.646361,0.0
2019-03-16,11,0,29,8.72,8.72,0.0,72.076319,0.0
2019-03-16,11,0,30,568.17,568.17,0.0,7125.428739,0.0
2019-03-16,11,0,31,57.21,57.21,0.0,717.471493,0.0
2019-03-16,11,0,32,6.31,6.31,0.0,106.619583,0.0
2019-03-16,11,0,33,0.86,0.86,0.0,15.289109,0.0
2019-03-16,11,0,34,1.38,1.38,0.0,24.533686,0.0
2019-03-16,11,0,35,1.38,1.38,0.0,24.533686,0.0
2019-03-16,11,0,36,7.65,7.65,0.0,111.777668,0.0
2019-03-16,11,0,37,3.0,3.0,0.0,43.575702,0.0
2019-03-16,11,0,38,3.86,3.86,0.0,56.067403,0.0
2019-03-16,11,0,39,2.57,2.57,0.0,37.329851,0.0
2019-03-16,11,0,40,2.57,2.57,0.0,37.329851,0.0
2019-03-16,11,0,41,22.14,22.14,0.0,302.206421,0.0
2019-03-16,11,0,42,22.46,22.46,0.0,369.586006,0.0
2019-03-16,11,0,43,27.94,27.94,0.0,403.364713,0.0
2019-03-16,11,0,46,28.89,28.89,0.0,411.927598,0.0
2019-03-16,11,0,52,60.82,60.82,0.0,762.744559,0.0
2019-03-16,11,0,53,99.05,99.05,0.0,1242.187579,0.0
2019-03-16,11,0,55,137.77,137.77,0.0,1730.433862,0.0
2019-03-16,11,0,56,167.59,167.59,0.0,2101.748777,0.0
2019-03-16,11,0,57,159.41,159.41,0.0,1999.16327,0.0
2019-03-16,11,0,58,306.57,306.57,0.0,3844.699102,0.0
2019-03-16,11,0,59,301.46,301.46,0.0,3780.614513,0.0
2019-03-16,11,0,63,0.0,0.0,0.0,0.0,0.0
2019-03-16,11,0,64,0.0,0.0,0.0,0.0,0.0
2019-03-16,11,0,65,19.65,19.65,0.0,327.116857,0.0
2019-03-16,11,0,67,315.49,315.49,0.0,3817.060286,0.0
2019-03-16,11,0,68,0.72,0.72,0.0,8.122565,0.0
2019-03-16,11,0,69,0.86,0.86,0.0,15.289109,0.0
2019-03-16,11,0,74,56.6,56.6,0.0,875.48078,0.0
2019-03-16,11,0,77,3.74,3.74,0.0,40.10761,0.0
2019-03-16,11,0,78,2.83,2.83,0.0,30.348807,0.0
2019-03-16,11,0,79,1.64,1.64,0.0,17.587294,0.0
2019-03-16,11,0,80,2.65,2.65,0.0,28.418494,0.0
2019-03-16,11,0,81,3.46,3.46,0.0,37.104901,0.0
2019-03-16,11,0,82,2.44,2.44,0.0,26.166462,0.0
2019-03-16,11,0,83,5.45,5.45,0.0,58.445582,0.0
2019-03-16,11,0,84,0.0,0.0,0.0,0.0,0.0
2019-03-16,11,0,86,4.38,4.38,0.0,77.867785,0.0
2019-03-16,11,0,87,22.35,22.35,0.0,397.339041,0.0
2019-03-16,11,0,88,4.08,4.08,0.0,43.753757,0.0
2019-03-16,11,0,89,3.92,3.92,0.0,42.037923,0.0
2019-03-16,11,0,90,5.26,5.26,0.0,56.408029,0.0
2019-03-16,11,0,91,18.78,18.78,0.0,201.395968,0.0
2019-03-16,11,0,92,6.75,6.75,0.0,72.38673,0.0
2019-03-16,11,0,95,7.02,7.02,0.0,118.350721,0.0
2019-03-16,11,0,96,2.59,2.59,0.0,32.429004,0.0
2019-03-16,11,0,97,19.0,19.0,0.0,237.89617,0.0
2019-03-16,11,0,99,12.15,12.15,0.0,187.934478,0.0
2019-03-16,11,0,101,11.45,11.45,0.0,143.594627,0.0
2019-03-16,11,0,102,1.7,1.7,0.0,19.178279,0.0
2019-03-16,11,0,103,1.48,1.48,0.0,16.696384,0.0
2019-03-16,11,0,104,0.27,0.27,0.0,3.045962,0.0
2019-03-16,11,0,106,252.48,252.48,0.0,3171.226984,0.0
2019-03-16,11,0,109,43.4,43.4,0.0,614.649268,0.0
2019-03-16,11,0,110,120.61,120.61,0.0,1761.177078,0.0
2019-03-16,11,0,111,10.11,10.11,0.0,137.999409,0.0
2019-03-16,11,0,113,4.12,4.12,0.0,41.829708,0.0
2019-03-16,11,0,115,4.12,4.12,0.0,41.829708,0.0
2019-03-16,11,0,116,102.54,102.54,0.0,1497.314465,0.0
2019-03-16,11,0,117,0.28,0.28,0.0,2.842796,0.0
2019-03-16,11,0,119,0.0,0.0,0.0,0.0,0.0
2019-03-16,11,0,120,0.0,0.0,0.0,0.0,0.0
2019-03-16,11,0,123,4.21,4.21,0.0,52.878904,0.0
2019-03-16,11,0,125,11.57,11.57,0.0,145.322783,0.0
2019-03-16,11,0,126,189.36,189.36,0.0,2378.420238,0.0
2019-03-16,11,0,127,243.01,243.01,0.0,3052.280851,0.0
2019-03-16,11,0,128,16.57,16.57,0.0,208.124331,0.0
2019-03-16,11,0,131,0.96,0.96,0.0,10.620494,0.0
2019-03-16,11,0,132,1.4,1.4,0.0,15.48822,0.0
2019-03-16,11,0,133,34.47,34.47,0.0,575.478925,0.0
2019-03-16,11,0,134,0.0,0.0,0.0,0.0,0.0
2019-03-16,11,0,135,46.19,46.19,0.0,771.145099,0.0
2019-03-16,11,0,136,31.43,31.43,0.0,523.144971,0.0
2019-03-16,11,0,139,28.59,28.59,0.0,390.247587,0.0
2019-03-16,11,0,140,89.26,89.26,0.0,1303.396617,0.0
2019-03-16,11,0,141,20.33,20.33,0.0,245.96924,0.0
2019-03-16,11,0,142,416.05,416.05,0.0,5033.718762,0.0
2019-03-16,11,0,143,104.89,104.89,0.0,1315.427109,0.0
2019-03-16,11,0,145,12.53,12.53,0.0,164.699803,0.0
2019-03-16,11,0,146,147.81,147.81,0.0,2158.358212,0.0
2019-03-16,11,0,152,3.16,3.16,0.0,48.715569,0.0
2019-03-16,11,0,153,4.19,4.19,0.0,64.350415,0.0
2019-03-16,11,0,154,41.69,41.69,0.0,569.059878,0.0
2019-03-16,11,0,157,53.97,53.97,0.0,652.973925,0.0
2019-03-16,11,0,158,326.07,326.07,0.0,3945.065922,0.0
2019-03-16,11,0,159,0.0,0.0,0.0,0.0,0.0
2019-03-16,11,0,160,2.53,2.53,0.0,36.281175,0.0
2019-03-16,11,0,161,60.15,60.15,0.0,678.572641,0.0
2019-03-16,11,0,162,5.46,5.46,0.0,92.077729,0.0
2019-03-16,11,0,163,0.0,0.0,0.0,0.0,0.0
2019-03-16,11,0,164,22.5,22.5,0.0,282.172847,0.0
2019-03-16,11,0,167,7.28,7.28,0.0,122.729237,0.0
2019-03-16,11,0,168,3.64,3.64,0.0,61.364618,0.0
2019-03-16,11,0,169,0.0,0.0,0.0,0.0,0.0
2019-03-16,11,0,170,7.96,7.96,0.0,134.192957,0.0
2019-03-16,11,0,172,9.68,9.68,0.0,157.550627,0.0
2019-03-16,11,0,173,14.75,14.75,0.0,240.069395,0.0
2019-03-16,11,0,188,12.8,12.8,0.0,213.064918,0.0
2019-03-16,11,0,190,10.1,10.1,0.0,172.071665,0.0
2019-03-16,11,0,191,26.09,26.09,0.0,444.490074,0.0
2019-03-16,11,0,192,0.0,0.0,0.0,0.0,0.0
2019-03-16,11,0,194,4.85,4.85,0.0,43.705664,0.0
2019-03-16,11,0,196,5.48,5.48,0.0,90.188886,0.0
2019-03-16,11,0,198,11.93,11.93,0.0,162.559013,0.0
2019-03-16,11,0,199,18.7,18.7,0.0,201.670478,0.0
2019-03-16,11,0,200,22.14,22.14,0.0,238.769218,0.0
2019-03-16,11,0,204,115.47,115.47,0.0,1622.139311,0.0
2019-03-16,11,0,205,283.73,283.73,0.0,4018.304993,0.0
2019-03-16,11,0,206,72.63,72.63,0.0,909.389413,0.0
2019-03-16,11,0,210,2.76,2.76,0.0,24.134769,0.0
2019-03-16,11,0,214,12.66,12.66,0.0,233.23781,0.0
2019-03-16,11,0,217,9.97,9.97,0.0,141.560411,0.0
2019-03-16,11,0,218,13.76,13.76,0.0,195.373246,0.0
2019-03-16,11,0,219,9.37,9.37,0.0,133.041229,0.0
2019-03-16,11,0,221,6.75,6.75,0.0,124.356652,0.0
2019-03-16,11,0,225,7.69,7.69,0.0,63.207101,0.0
2019-03-16,11,0,233,2.48,2.48,0.0,44.089522,0.0
2019-03-16,11,0,236,57.14,57.14,0.0,919.033176,0.0
2019-03-16,11,0,237,126.18,126.18,0.0,1951.734361,0.0
2019-03-16,11,0,238,29.23,29.23,0.0,480.988378,0.0
2019-03-16,11,0,240,8.67,8.67,0.0,126.681357,0.0
2019-03-16,11,0,245,63.93,63.93,0.0,1077.342613,0.0
2019-03-16,11,0,247,73.96,73.96,0.0,1246.367272,0.0
2019-03-16,11,0,248,15.02,15.02,0.0,232.327232,0.0
2019-03-16,11,0,249,122.93,122.93,0.0,2071.60531,0.0
2019-03-16,11,0,251,121.44,121.44,0.0,2012.904357,0.0
2019-03-16,11,0,252,126.75,126.75,0.0,2110.028583,0.0
2019-03-16,11,0,254,10.25,10.25,0.0,147.729357,0.0
2019-03-16,11,0,255,4.7,4.7,0.0,67.739315,0.0
2019-03-16,11,0,258,11.77,11.77,0.0,171.644898,0.0
2019-03-16,11,0,260,6.14,6.14,0.0,88.049967,0.0
2019-03-16,11,0,265,43.16,43.16,0.0,589.125074,0.0
2019-03-16,11,0,266,18.51,18.51,0.0,252.657672,0.0
2019-03-16,11,0,267,22.75,22.75,0.0,310.532795,0.0
2019-03-16,11,0,270,0.0,0.0,0.0,0.0,0.0
2019-03-16,11,0,272,13.74,13.74,0.0,139.500047,0.0
2019-03-16,11,0,273,24.52,24.52,0.0,358.04711,0.0
2019-03-16,11,0,274,0.0,0.0,0.0,0.0,0.0
2019-03-16,11,0,275,0.0,0.0,0.0,0.0,0.0
2019-03-16,11,0,276,5.76,5.76,0.0,80.889336,0.0
2019-03-16,11,0,277,8.41,8.41,0.0,87.311041,0.0
2019-03-16,11,0,278,13.46,13.46,0.0,139.739193,0.0
2019-03-16,11,0,279,7.86,7.86,0.0,81.601045,0.0
2019-03-16,11,0,281,24.94,24.94,0.0,312.772925,0.0
2019-03-16,11,0,282,311.67,311.67,0.0,3908.65828,0.0
2019-03-16,12,0,9,4.08,4.08,0.0,-1577.370029,0.0
2019-03-16,12,0,17,15.2,15.2,0.0,215.93346,0.0
2019-03-16,12,0,19,192.99,192.99,0.0,2741.644632,0.0
2019-03-16,12,0,20,234.06,234.06,0.0,3325.091158,0.0
2019-03-16,12,0,21,93.38,93.38,0.0,-36101.66993,0.0
2019-03-16,12,0,22,331.87,331.87,0.0,-128304.360674,0.0
2019-03-16,12,0,23,7.52,7.52,0.0,-2907.309465,0.0
2019-03-16,12,0,24,12.6,12.6,0.0,-4871.289796,0.0
2019-03-16,12,0,29,10.67,10.67,0.0,56.995693,0.0
2019-03-16,12,0,30,731.09,731.09,0.0,-731090.0,0.0
2019-03-16,12,0,31,67.58,67.58,0.0,-67580.0,0.0
2019-03-16,12,0,32,7.66,7.66,0.0,225.314861,0.0
2019-03-16,12,0,33,1.12,1.12,0.0,20.433785,0.0
2019-03-16,12,0,34,1.79,1.79,0.0,32.657567,0.0
2019-03-16,12,0,35,1.79,1.79,0.0,32.657567,0.0
2019-03-16,12,0,36,10.0,10.0,0.0,80.481358,0.0
2019-03-16,12,0,37,3.94,3.94,0.0,31.561477,0.0
2019-03-16,12,0,38,5.07,5.07,0.0,40.613373,0.0
2019-03-16,12,0,39,3.38,3.38,0.0,27.075582,0.0
2019-03-16,12,0,40,3.38,3.38,0.0,27.075582,0.0
2019-03-16,12,0,41,16.88,16.88,0.0,-85.653514,0.0
2019-03-16,12,0,42,29.94,29.94,0.0,399.123744,0.0
2019-03-16,12,0,43,36.14,36.14,0.0,309.043558,0.0
2019-03-16,12,0,46,36.84,36.84,0.0,267.60514,0.0
2019-03-16,12,0,52,71.63,71.63,0.0,-71630.0,0.0
2019-03-16,12,0,53,113.8,113.8,0.0,-113800.0,0.0
2019-03-16,12,0,55,224.72,224.72,0.0,-86879.066896,0.0
2019-03-16,12,0,56,215.64,215.64,0.0,-215640.0,0.0
2019-03-16,12,0,57,205.12,205.12,0.0,-205120.0,0.0
2019-03-16,12,0,58,394.47,394.47,0.0,-394470.0,0.0
2019-03-16,12,0,59,387.9,387.9,0.0,-387900.0,0.0
2019-03-16,12,0,63,1.08,1.08,0.0,32.193006,0.0
2019-03-16,12,0,64,1.27,1.27,0.0,37.85659,0.0
2019-03-16,12,0,65,22.42,22.42,0.0,314.856158,0.0
2019-03-16,12,0,67,411.8,411.8,0.0,5564.940849,0.0
2019-03-16,12,0,68,1.76,1.76,0.0,16.846815,0.0
2019-03-16,12,0,69,1.12,1.12,0.0,20.433785,0.0
2019-03-16,12,0,74,82.76,82.76,0.0,761.365275,0.0
2019-03-16,12,0,77,5.89,5.89,0.0,213.303116,0.0
2019-03-16,12,0,78,4.45,4.45,0.0,161.154306,0.0
2019-03-16,12,0,79,2.58,2.58,0.0,93.433283,0.0
2019-03-16,12,0,80,4.17,4.17,0.0,151.01426,0.0
2019-03-16,12,0,81,5.45,5.45,0.0,197.368757,0.0
2019-03-16,12,0,82,3.84,3.84,0.0,139.063491,0.0
2019-03-16,12,0,83,8.57,8.57,0.0,310.357844,0.0
2019-03-16,12,0,84,0.0,0.0,0.0,0.0,0.0
2019-03-16,12,0,86,5.67,5.67,0.0,103.446035,0.0
2019-03-16,12,0,87,28.97,28.97,0.0,528.541734,0.0
2019-03-16,12,0,88,5.73,5.73,0.0,207.508803,0.0
2019-03-16,12,0,89,5.51,5.51,0.0,199.541624,0.0
2019-03-16,12,0,90,7.4,7.4,0.0,267.986936,0.0
2019-03-16,12,0,91,26.39,26.39,0.0,955.699358,0.0
2019-03-16,12,0,92,9.49,9.49,0.0,343.675139,0.0
2019-03-16,12,0,95,10.21,10.21,0.0,299.97458,0.0
2019-03-16,12,0,96,4.15,4.15,0.0,192.75666,0.0
2019-03-16,12,0,97,25.52,25.52,0.0,1185.337339,0.0
2019-03-16,12,0,99,15.97,15.97,0.0,146.918843,0.0
2019-03-16,12,0,101,14.73,14.73,0.0,-14730.0,0.0
2019-03-16,12,0,102,4.17,4.17,0.0,39.915464,0.0
2019-03-16,12,0,103,3.62,3.62,0.0,34.650835,0.0
2019-03-16,12,0,104,0.67,0.67,0.0,6.413276,0.0
2019-03-16,12,0,106,326.7,326.7,0.0,-126305.585417,0.0
2019-03-16,12,0,109,27.4,27.4,0.0,165.085629,0.0
2019-03-16,12,0,110,208.65,208.65,0.0,5338.157149,0.0
2019-03-16,12,0,111,13.77,13.77,0.0,-69.872565,0.0
2019-03-16,12,0,113,3.72,3.72,0.0,123.159423,0.0
2019-03-16,12,0,115,3.72,3.72,0.0,123.159423,0.0
2019-03-16,12,0,116,131.69,131.69,0.0,3369.19202,0.0
2019-03-16,12,0,117,0.25,0.25,0.0,8.276843,0.0
2019-03-16,12,0,119,1.27,1.27,0.0,37.85659,0.0
2019-03-16,12,0,120,0.75,0.75,0.0,22.356254,0.0
2019-03-16,12,0,123,5.44,5.44,0.0,-2103.160039,0.0
2019-03-16,12,0,125,11.53,11.53,0.0,-4457.616773,0.0
2019-03-16,12,0,126,245.02,245.02,0.0,-94727.256011,0.0
2019-03-16,12,0,127,314.45,314.45,0.0,-121569.609226,0.0
2019-03-16,12,0,128,15.8,15.8,0.0,-6108.44276,0.0
2019-03-16,12,0,131,1.99,1.99,0.0,75.105895,0.0
2019-03-16,12,0,132,2.93,2.93,0.0,110.583051,0.0
2019-03-16,12,0,133,30.92,30.92,0.0,439.727819,0.0
2019-03-16,12,0,134,0.0,0.0,0.0,0.0,0.0
2019-03-16,12,0,135,41.43,41.43,0.0,589.195457,0.0
2019-03-16,12,0,136,35.34,35.34,0.0,495.983214,0.0
2019-03-16,12,0,139,21.8,21.8,0.0,-110.618875,0.0
2019-03-16,12,0,140,154.42,154.42,0.0,3950.722391,0.0
2019-03-16,12,0,141,32.0,32.0,0.0,432.438337,0.0
2019-03-16,12,0,142,543.06,543.06,0.0,7338.748853,0.0
2019-03-16,12,0,143,118.48,118.48,0.0,-118480.0,0.0
2019-03-16,12,0,145,9.52,9.52,0.0,20.804283,0.0
2019-03-16,12,0,146,177.99,177.99,0.0,4553.743546,0.0
2019-03-16,12,0,152,4.14,4.14,0.0,40.387853,0.0
2019-03-16,12,0,153,5.52,5.52,0.0,52.759069,0.0
2019-03-16,12,0,154,56.79,56.79,0.0,-288.167244,0.0
2019-03-16,12,0,157,84.14,84.14,0.0,1137.042552,0.0
2019-03-16,12,0,158,430.38,430.38,0.0,5816.025359,0.0
2019-03-16,12,0,159,0.0,0.0,0.0,0.0,0.0
2019-03-16,12,0,160,3.25,3.25,0.0,33.257377,0.0
2019-03-16,12,0,161,77.51,77.51,0.0,741.929886,0.0
2019-03-16,12,0,162,7.84,7.84,0.0,230.407101,0.0
2019-03-16,12,0,163,4.93,4.93,0.0,126.130433,0.0
2019-03-16,12,0,164,29.83,29.83,0.0,-29830.0,0.0
2019-03-16,12,0,167,9.02,9.02,0.0,264.945494,0.0
2019-03-16,12,0,168,4.51,4.51,0.0,132.472747,0.0
2019-03-16,12,0,169,0.0,0.0,0.0,0.0,0.0
2019-03-16,12,0,170,9.86,9.86,0.0,289.61891,0.0
2019-03-16,12,0,172,11.77,11.77,0.0,334.144382,0.0
2019-03-16,12,0,173,17.93,17.93,0.0,509.023685,0.0
2019-03-16,12,0,188,15.47,15.47,0.0,452.296086,0.0
2019-03-16,12,0,190,12.59,12.59,0.0,375.286982,0.0
2019-03-16,12,0,191,32.52,32.52,0.0,969.36717,0.0
2019-03-16,12,0,192,0.0,0.0,0.0,0.0,0.0
2019-03-16,12,0,194,6.69,6.69,0.0,208.87376,0.0
2019-03-16,12,0,196,7.12,7.12,0.0,213.533703,0.0
2019-03-16,12,0,198,14.93,14.93,0.0,182.394248,0.0
2019-03-16,12,0,199,34.98,34.98,0.0,753.997968,0.0
2019-03-16,12,0,200,27.27,27.27,0.0,587.808021,0.0
2019-03-16,12,0,204,107.15,107.15,0.0,615.647283,0.0
2019-03-16,12,0,205,144.96,144.96,0.0,873.387328,0.0
2019-03-16,12,0,206,74.98,74.98,0.0,3482.625144,0.0
2019-03-16,12,0,210,3.4,3.4,0.0,22.294377,0.0
2019-03-16,12,0,214,16.27,16.27,0.0,335.559084,0.0
2019-03-16,12,0,217,12.5,12.5,0.0,181.458108,0.0
2019-03-16,12,0,218,17.24,17.24,0.0,250.267022,0.0
2019-03-16,12,0,219,11.75,11.75,0.0,170.570621,0.0
2019-03-16,12,0,221,8.68,8.68,0.0,179.019843,0.0
2019-03-16,12,0,225,9.52,9.52,0.0,49.735271,0.0
2019-03-16,12,0,233,3.21,3.21,0.0,58.564686,0.0
2019-03-16,12,0,236,50.13,50.13,0.0,602.683669,0.0
2019-03-16,12,0,237,198.53,198.53,0.0,1826.411891,0.0
2019-03-16,12,0,238,38.96,38.96,0.0,519.367437,0.0
2019-03-16,12,0,240,11.33,11.33,0.0,91.185378,0.0
2019-03-16,12,0,245,59.4,59.4,0.0,879.364123,0.0
2019-03-16,12,0,247,72.93,72.93,0.0,1079.663729,0.0
2019-03-16,12,0,248,19.93,19.93,0.0,183.349564,0.0
2019-03-16,12,0,249,114.22,114.22,0.0,1690.925423,0.0
2019-03-16,12,0,251,127.05,127.05,0.0,1750.312278,0.0
2019-03-16,12,0,252,144.62,144.62,0.0,2030.976701,0.0
2019-03-16,12,0,254,13.56,13.56,0.0,121.677936,0.0
2019-03-16,12,0,255,6.21,6.21,0.0,55.724187,0.0
2019-03-16,12,0,258,15.23,15.23,0.0,123.810747,0.0
2019-03-16,12,0,260,7.88,7.88,0.0,80.636347,0.0
2019-03-16,12,0,265,58.8,58.8,0.0,-298.366507,0.0
2019-03-16,12,0,266,14.11,14.11,0.0,-71.597813,0.0
2019-03-16,12,0,267,17.34,17.34,0.0,-87.987674,0.0
2019-03-16,12,0,270,15.39,15.39,0.0,393.741857,0.0
2019-03-16,12,0,272,12.43,12.43,0.0,411.52463,0.0
2019-03-16,12,0,273,31.49,31.49,0.0,805.648544,0.0
2019-03-16,12,0,274,19.84,19.84,0.0,507.591842,0.0
2019-03-16,12,0,275,27.62,27.62,0.0,706.637433,0.0
2019-03-16,12,0,276,7.42,7.42,0.0,169.83759,0.0
2019-03-16,12,0,277,10.77,10.77,0.0,369.982347,0.0
2019-03-16,12,0,278,17.22,17.22,0.0,591.559519,0.0
2019-03-16,12,0,279,15.81,15.81,0.0,543.121718,0.0
2019-03-16,12,0,281,30.33,30.33,0.0,-30330.0,0.0
2019-03-16,12,0,282,401.05,401.05,0.0,-401050.0,0.0
2019-03-16,13,0,9,4.23,4.23,0.0,-1649.235249,0.0
2019-03-16,13,0,17,20.77,20.77,0.0,310.840934,0.0
2019-03-16,13,0,19,176.96,176.96,0.0,2648.358772,0.0
2019-03-16,13,0,20,214.62,214.62,0.0,3211.9731,0.0
2019-03-16,13,0,21,96.77,96.77,0.0,-37729.667863,0.0
2019-03-16,13,0,22,343.93,343.93,0.0,-134094.912352,0.0
2019-03-16,13,0,23,20.84,20.84,0.0,-8125.310306,0.0
2019-03-16,13,0,24,36.39,36.39,0.0,-14188.101824,0.0
2019-03-16,13,0,29,9.26,9.26,0.0,51.114655,0.0
2019-03-16,13,0,30,900.41,900.41,0.0,-900410.0,0.0
2019-03-16,13,0,31,84.1,84.1,0.0,-84100.0,0.0
2019-03-16,13,0,32,8.46,8.46,0.0,228.706685,0.0
2019-03-16,13,0,33,1.38,1.38,0.0,27.836034,0.0
2019-03-16,13,0,34,2.21,2.21,0.0,44.577997,0.0
2019-03-16,13,0,35,2.21,2.21,0.0,44.577997,0.0
2019-03-16,13,0,36,7.26,7.26,0.0,50.261898,0.0
2019-03-16,13,0,37,3.05,3.05,0.0,20.889071,0.0
2019-03-16,13,0,38,3.92,3.92,0.0,26.847592,0.0
2019-03-16,13,0,39,2.62,2.62,0.0,17.944054,0.0
2019-03-16,13,0,40,2.62,2.62,0.0,17.944054,0.0
2019-03-16,13,0,41,14.28,14.28,0.0,-120.532213,0.0
2019-03-16,13,0,42,39.27,39.27,0.0,543.401015,0.0
2019-03-16,13,0,43,29.69,29.69,0.0,226.382184,0.0
2019-03-16,13,0,46,38.11,38.11,0.0,216.930482,0.0
2019-03-16,13,0,52,89.15,89.15,0.0,-89150.0,0.0
2019-03-16,13,0,53,141.63,141.63,0.0,-141630.0,0.0
2019-03-16,13,0,55,293.65,293.65,0.0,-114491.236624,0.0
2019-03-16,13,0,56,265.59,265.59,0.0,-265590.0,0.0
2019-03-16,13,0,57,252.63,252.63,0.0,-252630.0,0.0
2019-03-16,13,0,58,485.83,485.83,0.0,-485830.0,0.0
2019-03-16,13,0,59,477.74,477.74,0.0,-477740.0,0.0
2019-03-16,13,0,63,2.25,2.25,0.0,67.068762,0.0
2019-03-16,13,0,64,2.64,2.64,0.0,78.694014,0.0
2019-03-16,13,0,65,26.78,26.78,0.0,395.172797,0.0
2019-03-16,13,0,67,413.78,413.78,0.0,4803.461446,0.0
2019-03-16,13,0,68,3.51,3.51,0.0,51.49487,0.0
2019-03-16,13,0,69,1.38,1.38,0.0,27.836034,0.0
2019-03-16,13,0,74,85.07,85.07,0.0,731.309638,0.0
2019-03-16,13,0,77,8.8,8.8,0.0,238.004047,0.0
2019-03-16,13,0,78,6.65,6.65,0.0,179.855331,0.0
2019-03-16,13,0,79,3.85,3.85,0.0,104.126771,0.0
2019-03-16,13,0,80,6.22,6.22,0.0,168.225588,0.0
2019-03-16,13,0,81,8.14,8.14,0.0,220.153744,0.0
2019-03-16,13,0,82,5.74,5.74,0.0,155.243549,0.0
2019-03-16,13,0,83,12.8,12.8,0.0,346.187705,0.0
2019-03-16,13,0,84,0.0,0.0,0.0,0.0,0.0
2019-03-16,13,0,86,7.01,7.01,0.0,141.398987,0.0
2019-03-16,13,0,87,35.77,35.77,0.0,721.518082,0.0
2019-03-16,13,0,88,7.8,7.8,0.0,210.958133,0.0
2019-03-16,13,0,89,7.5,7.5,0.0,202.844358,0.0
2019-03-16,13,0,90,10.07,10.07,0.0,272.352358,0.0
2019-03-16,13,0,91,35.93,35.93,0.0,971.759706,0.0
2019-03-16,13,0,92,12.92,12.92,0.0,349.433215,0.0
2019-03-16,13,0,95,14.29,14.29,0.0,386.655755,0.0
2019-03-16,13,0,96,6.73,6.73,0.0,274.239108,0.0
2019-03-16,13,0,97,41.41,41.41,0.0,1687.405865,0.0
2019-03-16,13,0,99,16.42,16.42,0.0,141.155569,0.0
2019-03-16,13,0,101,18.14,18.14,0.0,-18140.0,0.0
2019-03-16,13,0,102,8.31,8.31,0.0,121.915206,0.0
2019-03-16,13,0,103,7.22,7.22,0.0,105.923921,0.0
2019-03-16,13,0,104,1.34,1.34,0.0,19.65901,0.0
2019-03-16,13,0,106,338.57,338.57,0.0,-132005.101256,0.0
2019-03-16,13,0,109,25.33,25.33,0.0,97.488874,0.0
2019-03-16,13,0,110,330.17,330.17,0.0,736.739059,0.0
2019-03-16,13,0,111,12.32,12.32,0.0,-103.988576,0.0
2019-03-16,13,0,113,5.83,5.83,0.0,143.320594,0.0
2019-03-16,13,0,115,5.83,5.83,0.0,143.320594,0.0
2019-03-16,13,0,116,149.98,149.98,0.0,334.664337,0.0
2019-03-16,13,0,117,0.39,0.39,0.0,9.587484,0.0
2019-03-16,13,0,119,2.64,2.64,0.0,78.694014,0.0
2019-03-16,13,0,120,1.55,1.55,0.0,46.202925,0.0
2019-03-16,13,0,123,5.64,5.64,0.0,-2198.980332,0.0
2019-03-16,13,0,125,33.04,33.04,0.0,-12881.96989,0.0
2019-03-16,13,0,126,253.93,253.93,0.0,-99004.800667,0.0
2019-03-16,13,0,127,325.87,325.87,0.0,-127053.496607,0.0
2019-03-16,13,0,128,46.64,46.64,0.0,-18184.475655,0.0
2019-03-16,13,0,131,3.57,3.57,0.0,87.017508,0.0
2019-03-16,13,0,132,5.25,5.25,0.0,127.966923,0.0
2019-03-16,13,0,133,27.97,27.97,0.0,419.147459,0.0
2019-03-16,13,0,134,0.0,0.0,0.0,0.0,0.0
2019-03-16,13,0,135,37.48,37.48,0.0,561.660592,0.0
2019-03-16,13,0,136,40.74,40.74,0.0,600.701498,0.0
2019-03-16,13,0,139,18.45,18.45,0.0,-155.729645,0.0
2019-03-16,13,0,140,244.36,244.36,0.0,545.263217,0.0
2019-03-16,13,0,141,48.74,48.74,0.0,565.809635,0.0
2019-03-16,13,0,142,545.67,545.67,0.0,6334.537211,0.0
2019-03-16,13,0,143,142.33,142.33,0.0,-142330.0,0.0
2019-03-16,13,0,145,23.53,23.53,0.0,-47.590634,0.0
2019-03-16,13,0,146,212.54,212.54,0.0,474.260289,0.0
2019-03-16,13,0,152,5.18,5.18,0.0,47.540747,0.0
2019-03-16,13,0,153,6.01,6.01,0.0,53.606433,0.0
2019-03-16,13,0,154,50.81,50.81,0.0,-428.868469,0.0
2019-03-16,13,0,157,123.51,123.51,0.0,1433.794584,0.0
2019-03-16,13,0,158,501.2,501.2,0.0,5818.296864,0.0
2019-03-16,13,0,159,0.0,0.0,0.0,0.0,0.0
2019-03-16,13,0,160,2.84,2.84,0.0,28.619709,0.0
2019-03-16,13,0,161,90.42,90.42,0.0,1326.543069,0.0
2019-03-16,13,0,162,14.24,14.24,0.0,385.823862,0.0
2019-03-16,13,0,163,6.97,6.97,0.0,15.55281,0.0
2019-03-16,13,0,164,33.9,33.9,0.0,-33900.0,0.0
2019-03-16,13,0,167,10.04,10.04,0.0,270.940362,0.0
2019-03-16,13,0,168,5.02,5.02,0.0,135.470181,0.0
2019-03-16,13,0,169,0.0,0.0,0.0,0.0,0.0
2019-03-16,13,0,170,10.99,10.99,0.0,296.57715,0.0
2019-03-16,13,0,172,12.9,12.9,0.0,318.269935,0.0
2019-03-16,13,0,173,19.65,19.65,0.0,484.806529,0.0
2019-03-16,13,0,188,17.06,17.06,0.0,449.691868,0.0
2019-03-16,13,0,190,13.96,13.96,0.0,416.124406,0.0
2019-03-16,13,0,191,36.06,36.06,0.0,1074.888689,0.0
2019-03-16,13,0,192,13.99,13.99,0.0,417.018656,0.0
2019-03-16,13,0,194,9.19,9.19,0.0,236.783152,0.0
2019-03-16,13,0,196,8.51,8.51,0.0,291.844084,0.0
2019-03-16,13,0,198,14.9,14.9,0.0,197.110135,0.0
2019-03-16,13,0,199,23.59,23.59,0.0,508.448436,0.0
2019-03-16,13,0,200,30.68,30.68,0.0,661.263163,0.0
2019-03-16,13,0,204,105.47,105.47,0.0,359.942056,0.0
2019-03-16,13,0,205,133.99,133.99,0.0,515.694208,0.0
2019-03-16,13,0,206,121.69,121.69,0.0,4958.715763,0.0
2019-03-16,13,0,210,2.76,2.76,0.0,19.343701,0.0
2019-03-16,13,0,214,7.68,7.68,0.0,178.496375,0.0
2019-03-16,13,0,217,7.12,7.12,0.0,115.477638,0.0
2019-03-16,13,0,218,9.83,9.83,0.0,159.430503,0.0
2019-03-16,13,0,219,6.7,6.7,0.0,108.665755,0.0
2019-03-16,13,0,221,4.1,4.1,0.0,95.291034,0.0
2019-03-16,13,0,225,7.26,7.26,0.0,39.031053,0.0
2019-03-16,13,0,233,3.96,3.96,0.0,79.877316,0.0
2019-03-16,13,0,236,91.94,91.94,0.0,1115.987767,0.0
2019-03-16,13,0,237,204.07,204.07,0.0,1754.300668,0.0
2019-03-16,13,0,238,51.11,51.11,0.0,707.237735,0.0
2019-03-16,13,0,240,8.23,8.23,0.0,56.977331,0.0
2019-03-16,13,0,245,56.95,56.95,0.0,896.199622,0.0
2019-03-16,13,0,247,75.23,75.23,0.0,1183.864751,0.0
2019-03-16,13,0,248,20.48,20.48,0.0,176.057616,0.0
2019-03-16,13,0,249,109.52,109.52,0.0,1723.472917,0.0
2019-03-16,13,0,251,147.96,147.96,0.0,2132.420991,0.0
2019-03-16,13,0,252,172.76,172.76,0.0,2549.292474,0.0
2019-03-16,13,0,254,10.03,10.03,0.0,82.650028,0.0
2019-03-16,13,0,255,4.6,4.6,0.0,37.905297,0.0
2019-03-16,13,0,258,11.04,11.04,0.0,77.682548,0.0
2019-03-16,13,0,260,6.89,6.89,0.0,69.433025,0.0
2019-03-16,13,0,265,52.6,52.6,0.0,-443.977199,0.0
2019-03-16,13,0,266,11.94,11.94,0.0,-100.781136,0.0
2019-03-16,13,0,267,14.68,14.68,0.0,-123.908465,0.0
2019-03-16,13,0,270,21.67,21.67,0.0,48.354288,0.0
2019-03-16,13,0,272,19.48,19.48,0.0,478.882533,0.0
2019-03-16,13,0,273,35.87,35.87,0.0,80.04007,0.0
2019-03-16,13,0,274,27.93,27.93,0.0,62.322809,0.0
2019-03-16,13,0,275,38.86,38.86,0.0,86.711936,0.0
2019-03-16,13,0,276,9.14,9.14,0.0,39.531918,0.0
2019-03-16,13,0,277,12.62,12.62,0.0,322.700937,0.0
2019-03-16,13,0,278,20.19,20.19,0.0,516.270358,0.0
2019-03-16,13,0,279,40.83,40.83,0.0,1044.047485,0.0
2019-03-16,13,0,281,37.75,37.75,0.0,-37750.0,0.0
2019-03-16,13,0,282,493.93,493.93,0.0,-493930.0,0.0
2019-03-16,14,0,9,4.4,4.4,0.0,-1715.208161,0.0
2019-03-16,14,0,17,21.24,21.24,0.0,299.634104,0.0
2019-03-16,14,0,19,173.8,173.8,0.0,2451.808253,0.0
2019-03-16,14,0,20,210.79,210.79,0.0,2973.628663,0.0
2019-03-16,14,0,21,100.57,100.57,0.0,-39204.201078,0.0
2019-03-16,14,0,22,357.42,357.42,0.0,-139329.47747,0.0
2019-03-16,14,0,23,13.0,13.0,0.0,-5067.660475,0.0
2019-03-16,14,0,24,22.35,22.35,0.0,-8712.477817,0.0
2019-03-16,14,0,29,9.29,9.29,0.0,48.495734,0.0
2019-03-16,14,0,30,960.74,960.74,0.0,-960740.0,0.0
2019-03-16,14,0,31,111.27,111.27,0.0,-111270.0,0.0
2019-03-16,14,0,32,8.43,8.43,0.0,214.00617,0.0
2019-03-16,14,0,33,1.41,1.41,0.0,26.920553,0.0
2019-03-16,14,0,34,2.25,2.25,0.0,42.958329,0.0
2019-03-16,14,0,35,2.25,2.25,0.0,42.958329,0.0
2019-03-16,14,0,36,7.55,7.55,0.0,48.734389,0.0
2019-03-16,14,0,37,3.09,3.09,0.0,19.755235,0.0
2019-03-16,14,0,38,3.98,3.98,0.0,25.445254,0.0
2019-03-16,14,0,39,2.65,2.65,0.0,16.942191,0.0
2019-03-16,14,0,40,2.65,2.65,0.0,16.942191,0.0
2019-03-16,14,0,41,9.88,9.88,0.0,-85.067828,0.0
2019-03-16,14,0,42,40.76,40.76,0.0,530.955263,0.0
2019-03-16,14,0,43,30.48,30.48,0.0,218.211996,0.0
2019-03-16,14,0,46,38.7,38.7,0.0,205.141452,0.0
2019-03-16,14,0,52,117.94,117.94,0.0,-117940.0,0.0
2019-03-16,14,0,53,187.38,187.38,0.0,-187380.0,0.0
2019-03-16,14,0,55,388.86,388.86,0.0,-151585.419419,0.0
2019-03-16,14,0,56,283.38,283.38,0.0,-283380.0,0.0
2019-03-16,14,0,57,269.56,269.56,0.0,-269560.0,0.0
2019-03-16,14,0,58,518.38,518.38,0.0,-518380.0,0.0
2019-03-16,14,0,59,509.74,509.74,0.0,-509740.0,0.0
2019-03-16,14,0,63,1.79,1.79,0.0,50.096033,0.0
2019-03-16,14,0,64,2.1,2.1,0.0,58.771882,0.0
2019-03-16,14,0,65,25.29,25.29,0.0,351.690745,0.0
2019-03-16,14,0,67,421.49,421.49,0.0,5306.896925,0.0
2019-03-16,14,0,68,2.49,2.49,0.0,39.72766,0.0
2019-03-16,14,0,69,1.41,1.41,0.0,26.920553,0.0
2019-03-16,14,0,74,72.82,72.82,0.0,581.776643,0.0
2019-03-16,14,0,77,10.28,10.28,0.0,258.188031,0.0
2019-03-16,14,0,78,7.77,7.77,0.0,195.147957,0.0
2019-03-16,14,0,79,4.5,4.5,0.0,113.020052,0.0
2019-03-16,14,0,80,7.28,7.28,0.0,182.841329,0.0
2019-03-16,14,0,81,9.51,9.51,0.0,238.849044,0.0
2019-03-16,14,0,82,6.71,6.71,0.0,168.525456,0.0
2019-03-16,14,0,83,14.96,14.96,0.0,375.728885,0.0
2019-03-16,14,0,84,0.0,0.0,0.0,0.0,0.0
2019-03-16,14,0,86,7.12,7.12,0.0,135.939244,0.0
2019-03-16,14,0,87,36.37,36.37,0.0,694.397515,0.0
2019-03-16,14,0,88,8.15,8.15,0.0,204.691873,0.0
2019-03-16,14,0,89,7.83,7.83,0.0,196.654891,0.0
2019-03-16,14,0,90,10.52,10.52,0.0,264.215767,0.0
2019-03-16,14,0,91,37.51,37.51,0.0,942.084925,0.0
2019-03-16,14,0,92,13.49,13.49,0.0,338.809001,0.0
2019-03-16,14,0,95,10.24,10.24,0.0,260.236221,0.0
2019-03-16,14,0,96,7.75,7.75,0.0,316.842223,0.0
2019-03-16,14,0,97,51.98,51.98,0.0,2125.091455,0.0
2019-03-16,14,0,99,14.06,14.06,0.0,112.32875,0.0
2019-03-16,14,0,101,19.35,19.35,0.0,-19350.0,0.0
2019-03-16,14,0,102,5.88,5.88,0.0,93.814716,0.0
2019-03-16,14,0,103,5.12,5.12,0.0,81.689004,0.0
2019-03-16,14,0,104,0.96,0.96,0.0,15.316688,0.0
2019-03-16,14,0,106,351.85,351.85,0.0,-137158.179866,0.0
2019-03-16,14,0,109,14.63,14.63,0.0,51.483754,0.0
2019-03-16,14,0,110,240.09,240.09,0.0,549.544974,0.0
2019-03-16,14,0,111,12.9,12.9,0.0,-111.070342,0.0
2019-03-16,14,0,113,5.78,5.78,0.0,131.931535,0.0
2019-03-16,14,0,115,5.78,5.78,0.0,131.931535,0.0
2019-03-16,14,0,116,156.19,156.19,0.0,357.505225,0.0
2019-03-16,14,0,117,0.39,0.39,0.0,8.901955,0.0
2019-03-16,14,0,119,2.1,2.1,0.0,58.771882,0.0
2019-03-16,14,0,120,1.24,1.24,0.0,34.703397,0.0
2019-03-16,14,0,123,5.86,5.86,0.0,-2284.345414,0.0
2019-03-16,14,0,125,20.37,20.37,0.0,-7940.634145,0.0
2019-03-16,14,0,126,263.89,263.89,0.0,-102869.60945,0.0
2019-03-16,14,0,127,338.65,338.65,0.0,-132012.555383,0.0
2019-03-16,14,0,128,28.28,28.28,0.0,-11024.110634,0.0
2019-03-16,14,0,131,4.59,4.59,0.0,102.391022,0.0
2019-03-16,14,0,132,6.75,6.75,0.0,150.575032,0.0
2019-03-16,14,0,133,28.51,28.51,0.0,402.731713,0.0
2019-03-16,14,0,134,0.0,0.0,0.0,0.0,0.0
2019-03-16,14,0,135,38.2,38.2,0.0,539.612467,0.0
2019-03-16,14,0,136,38.83,38.83,0.0,539.554333,0.0
2019-03-16,14,0,139,12.76,12.76,0.0,-109.864928,0.0
2019-03-16,14,0,140,177.69,177.69,0.0,406.716841,0.0
2019-03-16,14,0,141,54.54,54.54,0.0,686.702314,0.0
2019-03-16,14,0,142,555.84,555.84,0.0,6998.471106,0.0
2019-03-16,14,0,143,195.51,195.51,0.0,-195510.0,0.0
2019-03-16,14,0,145,10.21,10.21,0.0,-21.113002,0.0
2019-03-16,14,0,146,140.42,140.42,0.0,321.409077,0.0
2019-03-16,14,0,152,5.33,5.33,0.0,45.698558,0.0
2019-03-16,14,0,153,6.16,6.16,0.0,51.295664,0.0
2019-03-16,14,0,154,53.22,53.22,0.0,-458.229737,0.0
2019-03-16,14,0,157,75.88,75.88,0.0,955.390018,0.0
2019-03-16,14,0,158,517.64,517.64,0.0,6517.502489,0.0
2019-03-16,14,0,159,0.0,0.0,0.0,0.0,0.0
2019-03-16,14,0,160,2.94,2.94,0.0,28.098314,0.0
2019-03-16,14,0,161,92.96,92.96,0.0,1483.165979,0.0
2019-03-16,14,0,162,10.86,10.86,0.0,276.360726,0.0
2019-03-16,14,0,163,7.7,7.7,0.0,17.624625,0.0
2019-03-16,14,0,164,34.43,34.43,0.0,-34430.0,0.0
2019-03-16,14,0,167,9.93,9.93,0.0,251.686956,0.0
2019-03-16,14,0,168,4.97,4.97,0.0,125.970209,0.0
2019-03-16,14,0,169,0.0,0.0,0.0,0.0,0.0
2019-03-16,14,0,170,10.87,10.87,0.0,275.512307,0.0
2019-03-16,14,0,172,12.81,12.81,0.0,298.031339,0.0
2019-03-16,14,0,173,19.52,19.52,0.0,454.142992,0.0
2019-03-16,14,0,188,17.15,17.15,0.0,424.721997,0.0
2019-03-16,14,0,190,14.57,14.57,0.0,407.764913,0.0
2019-03-16,14,0,191,37.65,37.65,0.0,1053.69588,0.0
2019-03-16,14,0,192,12.18,12.18,0.0,340.876914,0.0
2019-03-16,14,0,194,7.57,7.57,0.0,181.147925,0.0
2019-03-16,14,0,196,8.77,8.77,0.0,282.851915,0.0
2019-03-16,14,0,198,15.38,15.38,0.0,195.164011,0.0
2019-03-16,14,0,199,31.85,31.85,0.0,571.517657,0.0
2019-03-16,14,0,200,31.16,31.16,0.0,559.13627,0.0
2019-03-16,14,0,204,60.35,60.35,0.0,187.624255,0.0
2019-03-16,14,0,205,77.38,77.38,0.0,272.304368,0.0
2019-03-16,14,0,206,183.99,183.99,0.0,7522.038798,0.0
2019-03-16,14,0,210,2.76,2.76,0.0,18.138382,0.0
2019-03-16,14,0,214,7.79,7.79,0.0,171.637545,0.0
2019-03-16,14,0,217,7.05,7.05,0.0,108.476573,0.0
2019-03-16,14,0,218,9.74,9.74,0.0,149.866924,0.0
2019-03-16,14,0,219,6.63,6.63,0.0,102.014139,0.0
2019-03-16,14,0,221,4.15,4.15,0.0,91.437203,0.0
2019-03-16,14,0,225,7.36,7.36,0.0,37.459996,0.0
2019-03-16,14,0,233,4.03,4.03,0.0,76.94314,0.0
2019-03-16,14,0,236,44.86,44.86,0.0,511.467508,0.0
2019-03-16,14,0,237,174.69,174.69,0.0,1395.640782,0.0
2019-03-16,14,0,238,53.06,53.06,0.0,691.179741,0.0
2019-03-16,14,0,240,8.56,8.56,0.0,55.253823,0.0
2019-03-16,14,0,245,56.88,56.88,0.0,844.399844,0.0
2019-03-16,14,0,247,76.29,76.29,0.0,1132.546837,0.0
2019-03-16,14,0,248,17.54,17.54,0.0,140.131314,0.0
2019-03-16,14,0,249,109.39,109.39,0.0,1623.925789,0.0
2019-03-16,14,0,251,135.17,135.17,0.0,1835.16491,0.0
2019-03-16,14,0,252,163.15,163.15,0.0,2268.815543,0.0
2019-03-16,14,0,254,10.06,10.06,0.0,78.075109,0.0
2019-03-16,14,0,255,4.61,4.61,0.0,35.777958,0.0
2019-03-16,14,0,258,11.53,11.53,0.0,75.736375,0.0
2019-03-16,14,0,260,7.14,7.14,0.0,68.238762,0.0
2019-03-16,14,0,265,55.1,55.1,0.0,-474.416733,0.0
2019-03-16,14,0,266,8.26,8.26,0.0,-71.119459,0.0
2019-03-16,14,0,267,10.15,10.15,0.0,-87.392556,0.0
2019-03-16,14,0,270,26.76,26.76,0.0,61.251295,0.0
2019-03-16,14,0,272,19.33,19.33,0.0,441.2174,0.0
2019-03-16,14,0,273,37.35,37.35,0.0,85.490877,0.0
2019-03-16,14,0,274,35.7,35.7,0.0,81.714172,0.0
2019-03-16,14,0,275,51.92,51.92,0.0,118.840331,0.0
2019-03-16,14,0,276,9.42,9.42,0.0,43.229386,0.0
2019-03-16,14,0,277,13.02,13.02,0.0,309.142192,0.0
2019-03-16,14,0,278,20.83,20.83,0.0,494.58002,0.0
2019-03-16,14,0,279,31.49,31.49,0.0,747.687221,0.0
2019-03-16,14,0,281,49.94,49.94,0.0,-49940.0,0.0
2019-03-16,14,0,282,527.02,527.02,0.0,-527020.0,0.0
2019-03-16,15,0,9,4.22,4.22,0.0,-1640.519631,0.0
2019-03-16,15,0,17,20.59,20.59,0.0,295.337855,0.0
2019-03-16,15,0,19,170.18,170.18,0.0,2441.01973,0.0
2019-03-16,15,0,20,206.4,206.4,0.0,2960.55043,0.0
2019-03-16,15,0,21,96.51,96.51,0.0,-37518.139707,0.0
2019-03-16,15,0,22,342.98,342.98,0.0,-133333.038614,0.0
2019-03-16,15,0,23,13.11,13.11,0.0,-5096.49582,0.0
2019-03-16,15,0,24,23.19,23.19,0.0,-9015.082995,0.0
2019-03-16,15,0,29,8.52,8.52,0.0,49.016309,0.0
2019-03-16,15,0,30,932.49,932.49,0.0,-932490.0,0.0
2019-03-16,15,0,31,125.0,125.0,0.0,-125000.0,0.0
2019-03-16,15,0,32,7.94,7.94,0.0,201.972209,0.0
2019-03-16,15,0,33,1.38,1.38,0.0,26.297861,0.0
2019-03-16,15,0,34,2.21,2.21,0.0,42.11469,0.0
2019-03-16,15,0,35,2.21,2.21,0.0,42.11469,0.0
2019-03-16,15,0,36,7.3,7.3,0.0,51.945579,0.0
2019-03-16,15,0,37,3.0,3.0,0.0,21.180463,0.0
2019-03-16,15,0,38,3.86,3.86,0.0,27.252196,0.0
2019-03-16,15,0,39,2.57,2.57,0.0,18.144597,0.0
2019-03-16,15,0,40,2.57,2.57,0.0,18.144597,0.0
2019-03-16,15,0,41,11.07,11.07,0.0,-81.572212,0.0
2019-03-16,15,0,42,39.34,39.34,0.0,524.09577,0.0
2019-03-16,15,0,43,28.86,28.86,0.0,223.817341,0.0
2019-03-16,15,0,46,37.18,37.18,0.0,225.669066,0.0
2019-03-16,15,0,52,132.5,132.5,0.0,-132500.0,0.0
2019-03-16,15,0,53,210.5,210.5,0.0,-210500.0,0.0
2019-03-16,15,0,55,518.06,518.06,0.0,-201395.165854,0.0
2019-03-16,15,0,56,275.05,275.05,0.0,-275050.0,0.0
2019-03-16,15,0,57,261.63,261.63,0.0,-261630.0,0.0
2019-03-16,15,0,58,503.14,503.14,0.0,-503140.0,0.0
2019-03-16,15,0,59,494.76,494.76,0.0,-494760.0,0.0
2019-03-16,15,0,63,1.51,1.51,0.0,40.619913,0.0
2019-03-16,15,0,64,1.78,1.78,0.0,47.883077,0.0
2019-03-16,15,0,65,24.05,24.05,0.0,340.403424,0.0
2019-03-16,15,0,67,399.75,399.75,0.0,5235.902874,0.0
2019-03-16,15,0,68,5.5,5.5,0.0,68.460962,0.0
2019-03-16,15,0,69,1.38,1.38,0.0,26.297861,0.0
2019-03-16,15,0,74,62.44,62.44,0.0,533.669212,0.0
2019-03-16,15,0,77,11.97,11.97,0.0,364.039256,0.0
2019-03-16,15,0,78,9.05,9.05,0.0,275.234358,0.0
2019-03-16,15,0,79,5.24,5.24,0.0,159.362214,0.0
2019-03-16,15,0,80,8.47,8.47,0.0,257.595029,0.0
2019-03-16,15,0,81,11.08,11.08,0.0,336.97201,0.0
2019-03-16,15,0,82,7.81,7.81,0.0,237.522689,0.0
2019-03-16,15,0,83,17.42,17.42,0.0,529.788124,0.0
2019-03-16,15,0,84,0.0,0.0,0.0,0.0,0.0
2019-03-16,15,0,86,7.01,7.01,0.0,133.585509,0.0
2019-03-16,15,0,87,35.78,35.78,0.0,681.838734,0.0
2019-03-16,15,0,88,8.46,8.46,0.0,257.290903,0.0
2019-03-16,15,0,89,8.13,8.13,0.0,247.254733,0.0
2019-03-16,15,0,90,10.92,10.92,0.0,332.105988,0.0
2019-03-16,15,0,91,38.94,38.94,0.0,1184.268057,0.0
2019-03-16,15,0,92,14.01,14.01,0.0,426.081034,0.0
2019-03-16,15,0,95,8.69,8.69,0.0,220.844996,0.0
2019-03-16,15,0,96,8.05,8.05,0.0,344.032455,0.0
2019-03-16,15,0,97,49.49,49.49,0.0,2115.051704,0.0
2019-03-16,15,0,99,12.05,12.05,0.0,102.990295,0.0
2019-03-16,15,0,101,18.78,18.78,0.0,-18780.0,0.0
2019-03-16,15,0,102,13.02,13.02,0.0,162.065769,0.0
2019-03-16,15,0,103,11.32,11.32,0.0,140.905108,0.0
2019-03-16,15,0,104,2.1,2.1,0.0,26.13964,0.0
2019-03-16,15,0,106,337.64,337.64,0.0,-131257.120408,0.0
2019-03-16,15,0,109,7.48,7.48,0.0,33.310672,0.0
2019-03-16,15,0,110,167.8,167.8,0.0,2532.09666,0.0
2019-03-16,15,0,111,12.64,12.64,0.0,-93.141171,0.0
2019-03-16,15,0,113,5.71,5.71,0.0,157.051293,0.0
2019-03-16,15,0,115,5.71,5.71,0.0,157.051293,0.0
2019-03-16,15,0,116,149.69,149.69,0.0,2258.817336,0.0
2019-03-16,15,0,117,0.38,0.38,0.0,10.45175,0.0
2019-03-16,15,0,119,1.78,1.78,0.0,47.883077,0.0
2019-03-16,15,0,120,1.05,1.05,0.0,28.245635,0.0
2019-03-16,15,0,123,5.63,5.63,0.0,-2188.655337,0.0
2019-03-16,15,0,125,20.99,20.99,0.0,-8159.835794,0.0
2019-03-16,15,0,126,253.23,253.23,0.0,-98442.840306,0.0
2019-03-16,15,0,127,324.97,324.97,0.0,-126331.674029,0.0
2019-03-16,15,0,128,30.06,30.06,0.0,-11685.786754,0.0
2019-03-16,15,0,131,14.19,14.19,0.0,424.782555,0.0
2019-03-16,15,0,132,20.89,20.89,0.0,625.349371,0.0
2019-03-16,15,0,133,29.14,29.14,0.0,418.497919,0.0
2019-03-16,15,0,134,0.0,0.0,0.0,0.0,0.0
2019-03-16,15,0,135,39.05,39.05,0.0,560.821679,0.0
2019-03-16,15,0,136,37.15,37.15,0.0,525.433659,0.0
2019-03-16,15,0,139,14.39,14.39,0.0,-106.036507,0.0
2019-03-16,15,0,140,124.19,124.19,0.0,1874.023147,0.0
2019-03-16,15,0,141,64.56,64.56,0.0,845.603226,0.0
2019-03-16,15,0,142,527.17,527.17,0.0,6904.842822,0.0
2019-03-16,15,0,143,238.5,238.5,0.0,-238500.0,0.0
2019-03-16,15,0,145,4.14,4.14,0.0,-2.538356,0.0
2019-03-16,15,0,146,86.88,86.88,0.0,1311.016435,0.0
2019-03-16,15,0,152,5.19,5.19,0.0,47.342415,0.0
2019-03-16,15,0,153,5.97,5.97,0.0,53.069032,0.0
2019-03-16,15,0,154,52.13,52.13,0.0,-384.133641,0.0
2019-03-16,15,0,157,43.46,43.46,0.0,569.23662,0.0
2019-03-16,15,0,158,497.57,497.57,0.0,6517.143697,0.0
2019-03-16,15,0,159,0.0,0.0,0.0,0.0,0.0
2019-03-16,15,0,160,2.81,2.81,0.0,27.906865,0.0
2019-03-16,15,0,161,88.93,88.93,0.0,1106.951521,0.0
2019-03-16,15,0,162,9.02,9.02,0.0,229.431765,0.0
2019-03-16,15,0,163,7.89,7.89,0.0,119.059849,0.0
2019-03-16,15,0,164,33.63,33.63,0.0,-33630.0,0.0
2019-03-16,15,0,167,9.15,9.15,0.0,232.214335,0.0
2019-03-16,15,0,168,4.57,4.57,0.0,115.980275,0.0
2019-03-16,15,0,169,0.0,0.0,0.0,0.0,0.0
2019-03-16,15,0,170,10.01,10.01,0.0,254.039945,0.0
2019-03-16,15,0,172,12.0,12.0,0.0,282.284692,0.0
2019-03-16,15,0,173,18.29,18.29,0.0,430.248917,0.0
2019-03-16,15,0,188,16.24,16.24,0.0,406.03928,0.0
2019-03-16,15,0,190,14.02,14.02,0.0,377.14648,0.0
2019-03-16,15,0,191,36.22,36.22,0.0,974.339909,0.0
2019-03-16,15,0,192,10.8,10.8,0.0,290.526533,0.0
2019-03-16,15,0,194,6.15,6.15,0.0,164.161412,0.0
2019-03-16,15,0,196,8.28,8.28,0.0,238.68282,0.0
2019-03-16,15,0,198,14.78,14.78,0.0,187.673697,0.0
2019-03-16,15,0,199,24.07,24.07,0.0,532.643182,0.0
2019-03-16,15,0,200,29.66,29.66,0.0,656.343863,0.0
2019-03-16,15,0,204,30.46,30.46,0.0,124.322121,0.0
2019-03-16,15,0,205,39.56,39.56,0.0,176.172487,0.0
2019-03-16,15,0,206,145.43,145.43,0.0,6215.23478,0.0
2019-03-16,15,0,210,2.62,2.62,0.0,18.687251,0.0
2019-03-16,15,0,214,7.4,7.4,0.0,161.582412,0.0
2019-03-16,15,0,217,6.68,6.68,0.0,103.244397,0.0
2019-03-16,15,0,218,9.22,9.22,0.0,142.501997,0.0
2019-03-16,15,0,219,6.28,6.28,0.0,97.062098,0.0
2019-03-16,15,0,221,3.95,3.95,0.0,86.250071,0.0
2019-03-16,15,0,225,6.81,6.81,0.0,38.271316,0.0
2019-03-16,15,0,233,3.96,3.96,0.0,75.463426,0.0
2019-03-16,15,0,236,49.69,49.69,0.0,585.761235,0.0
2019-03-16,15,0,237,149.78,149.78,0.0,1280.156543,0.0
2019-03-16,15,0,238,51.21,51.21,0.0,682.230412,0.0
2019-03-16,15,0,240,8.27,8.27,0.0,58.847937,0.0
2019-03-16,15,0,245,56.95,56.95,0.0,856.617317,0.0
2019-03-16,15,0,247,77.38,77.38,0.0,1163.916559,0.0
2019-03-16,15,0,248,15.04,15.04,0.0,128.545563,0.0
2019-03-16,15,0,249,109.52,109.52,0.0,1647.352566,0.0
2019-03-16,15,0,251,127.7,127.7,0.0,1767.678093,0.0
2019-03-16,15,0,252,155.16,155.16,0.0,2196.13286,0.0
2019-03-16,15,0,254,9.69,9.69,0.0,80.439709,0.0
2019-03-16,15,0,255,4.44,4.44,0.0,36.857823,0.0
2019-03-16,15,0,258,11.09,11.09,0.0,80.059913,0.0
2019-03-16,15,0,260,6.83,6.83,0.0,67.830564,0.0
2019-03-16,15,0,265,53.98,53.98,0.0,-397.765854,0.0
2019-03-16,15,0,266,9.2,9.2,0.0,-67.792624,0.0
2019-03-16,15,0,267,11.38,11.38,0.0,-83.856529,0.0
2019-03-16,15,0,270,25.75,25.75,0.0,388.56668,0.0
2019-03-16,15,0,272,19.08,19.08,0.0,524.787858,0.0
2019-03-16,15,0,273,35.79,35.79,0.0,540.069961,0.0
2019-03-16,15,0,274,33.92,33.92,0.0,511.85172,0.0
2019-03-16,15,0,275,48.68,48.68,0.0,734.579651,0.0
2019-03-16,15,0,276,9.13,9.13,0.0,133.710595,0.0
2019-03-16,15,0,277,12.53,12.53,0.0,359.241133,0.0
2019-03-16,15,0,278,20.05,20.05,0.0,574.843154,0.0
2019-03-16,15,0,279,34.29,34.29,0.0,983.110811,0.0
2019-03-16,15,0,281,56.1,56.1,0.0,-56100.0,0.0
2019-03-16,15,0,282,511.53,511.53,0.0,-511530.0,0.0
2019-03-16,16,0,9,3.63,3.63,0.0,-1407.150021,0.0
2019-03-16,16,0,17,13.28,13.28,0.0,180.155579,0.0
2019-03-16,16,0,19,287.42,287.42,0.0,3899.12022,0.0
2019-03-16,16,0,20,362.76,362.76,0.0,4921.177548,0.0
2019-03-16,16,0,21,83.01,83.01,0.0,-32178.381069,0.0
2019-03-16,16,0,22,295.01,295.01,0.0,-114359.043479,0.0
2019-03-16,16,0,23,16.97,16.97,0.0,-6578.329439,0.0
2019-03-16,16,0,24,30.03,30.03,0.0,-11640.968359,0.0
2019-03-16,16,0,29,3.36,3.36,0.0,20.425521,0.0
2019-03-16,16,0,30,763.06,763.06,0.0,-763060.0,0.0
2019-03-16,16,0,31,125.0,125.0,0.0,-125000.0,0.0
2019-03-16,16,0,32,6.86,6.86,0.0,174.700479,0.0
2019-03-16,16,0,33,1.36,1.36,0.0,24.141553,0.0
2019-03-16,16,0,34,2.17,2.17,0.0,38.519977,0.0
2019-03-16,16,0,35,2.17,2.17,0.0,38.519977,0.0
2019-03-16,16,0,36,6.46,6.46,0.0,46.689782,0.0
2019-03-16,16,0,37,3.06,3.06,0.0,22.015018,0.0
2019-03-16,16,0,38,3.94,3.94,0.0,28.346134,0.0
2019-03-16,16,0,39,2.63,2.63,0.0,18.921404,0.0
2019-03-16,16,0,40,2.63,2.63,0.0,18.921404,0.0
2019-03-16,16,0,41,9.47,9.47,0.0,-60.366755,0.0
2019-03-16,16,0,42,40.6,40.6,0.0,513.944254,0.0
2019-03-16,16,0,43,19.9,19.9,0.0,155.597409,0.0
2019-03-16,16,0,46,25.28,25.28,0.0,161.182771,0.0
2019-03-16,16,0,52,132.5,132.5,0.0,-132500.0,0.0
2019-03-16,16,0,53,210.5,210.5,0.0,-210500.0,0.0
2019-03-16,16,0,55,623.0,623.0,0.0,-241502.606988,0.0
2019-03-16,16,0,56,225.08,225.08,0.0,-225080.0,0.0
2019-03-16,16,0,57,214.1,214.1,0.0,-214100.0,0.0
2019-03-16,16,0,58,411.73,411.73,0.0,-411730.0,0.0
2019-03-16,16,0,59,404.86,404.86,0.0,-404860.0,0.0
2019-03-16,16,0,63,1.38,1.38,0.0,35.676998,0.0
2019-03-16,16,0,64,1.62,1.62,0.0,41.881693,0.0
2019-03-16,16,0,65,23.32,23.32,0.0,312.427546,0.0
2019-03-16,16,0,67,322.35,322.35,0.0,4671.224042,0.0
2019-03-16,16,0,68,6.73,6.73,0.0,73.275732,0.0
2019-03-16,16,0,69,1.36,1.36,0.0,24.141553,0.0
2019-03-16,16,0,74,32.86,32.86,0.0,275.357935,0.0
2019-03-16,16,0,77,13.8,13.8,0.0,465.606439,0.0
2019-03-16,16,0,78,10.43,10.43,0.0,351.903997,0.0
2019-03-16,16,0,79,6.04,6.04,0.0,203.787166,0.0
2019-03-16,16,0,80,9.76,9.76,0.0,329.298467,0.0
2019-03-16,16,0,81,12.77,12.77,0.0,430.854654,0.0
2019-03-16,16,0,82,9.0,9.0,0.0,303.656373,0.0
2019-03-16,16,0,83,20.08,20.08,0.0,677.491109,0.0
2019-03-16,16,0,84,0.0,0.0,0.0,0.0,0.0
2019-03-16,16,0,86,6.87,6.87,0.0,121.950343,0.0
2019-03-16,16,0,87,35.07,35.07,0.0,622.532536,0.0
2019-03-16,16,0,88,8.77,8.77,0.0,295.896266,0.0
2019-03-16,16,0,89,8.43,8.43,0.0,284.424803,0.0
2019-03-16,16,0,90,11.32,11.32,0.0,381.932239,0.0
2019-03-16,16,0,91,40.39,40.39,0.0,1362.742325,0.0
2019-03-16,16,0,92,14.52,14.52,0.0,489.898949,0.0
2019-03-16,16,0,95,9.29,9.29,0.0,236.093212,0.0
2019-03-16,16,0,96,8.76,8.76,0.0,391.240764,0.0
2019-03-16,16,0,97,53.9,53.9,0.0,2407.291917,0.0
2019-03-16,16,0,99,7.2,7.2,0.0,60.334058,0.0
2019-03-16,16,0,101,15.37,15.37,0.0,-15370.0,0.0
2019-03-16,16,0,102,15.93,15.93,0.0,173.444637,0.0
2019-03-16,16,0,103,13.85,13.85,0.0,150.797754,0.0
2019-03-16,16,0,104,2.57,2.57,0.0,27.981966,0.0
2019-03-16,16,0,106,290.41,290.41,0.0,-112575.878163,0.0
2019-03-16,16,0,109,3.15,3.15,0.0,15.682437,0.0
2019-03-16,16,0,110,111.72,111.72,0.0,2851.697186,0.0
2019-03-16,16,0,111,12.13,12.13,0.0,-77.322993,0.0
2019-03-16,16,0,113,5.65,5.65,0.0,172.58545,0.0
2019-03-16,16,0,115,5.65,5.65,0.0,172.58545,0.0
2019-03-16,16,0,116,128.46,128.46,0.0,3278.992306,0.0
2019-03-16,16,0,117,0.38,0.38,0.0,11.607517,0.0
2019-03-16,16,0,119,1.62,1.62,0.0,41.881693,0.0
2019-03-16,16,0,120,0.95,0.95,0.0,24.560252,0.0
2019-03-16,16,0,123,4.84,4.84,0.0,-1876.200029,0.0
2019-03-16,16,0,125,27.17,27.17,0.0,-10532.304706,0.0
2019-03-16,16,0,126,217.81,217.81,0.0,-84432.877734,0.0
2019-03-16,16,0,127,279.52,279.52,0.0,-108354.428098,0.0
2019-03-16,16,0,128,38.92,38.92,0.0,-15087.129156,0.0
2019-03-16,16,0,131,7.13,7.13,0.0,249.750661,0.0
2019-03-16,16,0,132,10.48,10.48,0.0,367.094941,0.0
2019-03-16,16,0,133,35.88,35.88,0.0,487.315333,0.0
2019-03-16,16,0,134,0.0,0.0,0.0,0.0,0.0
2019-03-16,16,0,135,45.62,45.62,0.0,619.60216,0.0
2019-03-16,16,0,136,35.7,35.7,0.0,477.957168,0.0
2019-03-16,16,0,139,12.33,12.33,0.0,-78.597898,0.0
2019-03-16,16,0,140,82.69,82.69,0.0,2110.694954,0.0
2019-03-16,16,0,141,79.66,79.66,0.0,1154.365464,0.0
2019-03-16,16,0,142,425.1,425.1,0.0,6160.190291,0.0
2019-03-16,16,0,143,238.5,238.5,0.0,-238500.0,0.0
2019-03-16,16,0,145,3.06,3.06,0.0,2.230106,0.0
2019-03-16,16,0,146,49.31,49.31,0.0,1258.657252,0.0
2019-03-16,16,0,152,5.05,5.05,0.0,45.207214,0.0
2019-03-16,16,0,153,6.25,6.25,0.0,54.668232,0.0
2019-03-16,16,0,154,50.04,50.04,0.0,-318.98125,0.0
2019-03-16,16,0,157,23.18,23.18,0.0,335.904989,0.0
2019-03-16,16,0,158,436.94,436.94,0.0,6331.765574,0.0
2019-03-16,16,0,159,0.0,0.0,0.0,0.0,0.0
2019-03-16,16,0,160,1.7,1.7,0.0,16.559969,0.0
2019-03-16,16,0,161,73.79,73.79,0.0,803.419948,0.0
2019-03-16,16,0,162,8.61,8.61,0.0,218.894552,0.0
2019-03-16,16,0,163,8.23,8.23,0.0,210.074005,0.0
2019-03-16,16,0,164,29.4,29.4,0.0,-29400.0,0.0
2019-03-16,16,0,167,7.57,7.57,0.0,192.338198,0.0
2019-03-16,16,0,168,3.79,3.79,0.0,96.296139,0.0
2019-03-16,16,0,169,0.0,0.0,0.0,0.0,0.0
2019-03-16,16,0,170,8.28,8.28,0.0,210.377844,0.0
2019-03-16,16,0,172,10.08,10.08,0.0,242.94439,0.0
2019-03-16,16,0,173,15.36,15.36,0.0,370.200975,0.0
2019-03-16,16,0,188,13.89,13.89,0.0,350.720089,0.0
2019-03-16,16,0,190,11.62,11.62,0.0,300.410663,0.0
2019-03-16,16,0,191,30.03,30.03,0.0,776.362496,0.0
2019-03-16,16,0,192,9.74,9.74,0.0,251.807217,0.0
2019-03-16,16,0,194,5.0,5.0,0.0,141.376425,0.0
2019-03-16,16,0,196,8.14,8.14,0.0,209.970345,0.0
2019-03-16,16,0,198,8.02,8.02,0.0,97.756705,0.0
2019-03-16,16,0,199,18.01,18.01,0.0,389.351804,0.0
2019-03-16,16,0,200,25.72,25.72,0.0,556.03156,0.0
2019-03-16,16,0,204,12.59,12.59,0.0,58.843945,0.0
2019-03-16,16,0,205,16.67,16.67,0.0,82.992454,0.0
2019-03-16,16,0,206,158.38,158.38,0.0,7073.597289,0.0
2019-03-16,16,0,210,1.26,1.26,0.0,9.195917,0.0
2019-03-16,16,0,214,6.28,6.28,0.0,126.967551,0.0
2019-03-16,16,0,217,3.93,3.93,0.0,57.431154,0.0
2019-03-16,16,0,218,5.42,5.42,0.0,79.205307,0.0
2019-03-16,16,0,219,3.69,3.69,0.0,53.923908,0.0
2019-03-16,16,0,221,3.35,3.35,0.0,67.729506,0.0
2019-03-16,16,0,225,2.86,2.86,0.0,17.049234,0.0
2019-03-16,16,0,233,3.89,3.89,0.0,69.051941,0.0
2019-03-16,16,0,236,43.48,43.48,0.0,491.427832,0.0
2019-03-16,16,0,237,75.14,75.14,0.0,629.652929,0.0
2019-03-16,16,0,238,52.85,52.85,0.0,669.013641,0.0
2019-03-16,16,0,240,7.32,7.32,0.0,52.905449,0.0
2019-03-16,16,0,245,56.93,56.93,0.0,807.588841,0.0
2019-03-16,16,0,247,78.58,78.58,0.0,1114.708083,0.0
2019-03-16,16,0,248,8.85,8.85,0.0,74.160613,0.0
2019-03-16,16,0,249,109.47,109.47,0.0,1552.902696,0.0
2019-03-16,16,0,251,125.69,125.69,0.0,1649.143091,0.0
2019-03-16,16,0,252,150.45,150.45,0.0,2015.639978,0.0
2019-03-16,16,0,254,9.75,9.75,0.0,80.937788,0.0
2019-03-16,16,0,255,4.47,4.47,0.0,37.106863,0.0
2019-03-16,16,0,258,8.97,8.97,0.0,65.687701,0.0
2019-03-16,16,0,260,4.14,4.14,0.0,40.328395,0.0
2019-03-16,16,0,265,51.81,51.81,0.0,-330.264159,0.0
2019-03-16,16,0,266,7.86,7.86,0.0,-50.103769,0.0
2019-03-16,16,0,267,9.74,9.74,0.0,-62.087877,0.0
2019-03-16,16,0,270,22.23,22.23,0.0,567.429542,0.0
2019-03-16,16,0,272,18.87,18.87,0.0,576.404855,0.0
2019-03-16,16,0,273,30.72,30.72,0.0,784.14015,0.0
2019-03-16,16,0,274,27.75,27.75,0.0,708.329725,0.0
2019-03-16,16,0,275,37.2,37.2,0.0,949.544713,0.0
2019-03-16,16,0,276,7.89,7.89,0.0,181.956676,0.0
2019-03-16,16,0,277,10.63,10.63,0.0,338.314875,0.0
2019-03-16,16,0,278,17.01,17.01,0.0,541.367453,0.0
2019-03-16,16,0,279,85.96,85.96,0.0,2735.79931,0.0
2019-03-16,16,0,281,56.1,56.1,0.0,-56100.0,0.0
2019-03-16,16,0,282,418.59,418.59,0.0,-418590.0,0.0
2019-03-16,17,0,9,2.79,2.79,0.0,-1082.461142,0.0
2019-03-16,17,0,17,9.84,9.84,0.0,138.609437,0.0
2019-03-16,17,0,19,220.47,220.47,0.0,3105.61205,0.0
2019-03-16,17,0,20,265.49,265.49,0.0,3739.778397,0.0
2019-03-16,17,0,21,63.88,63.88,0.0,-24784.09239,0.0
2019-03-16,17,0,22,227.01,227.01,0.0,-88075.091007,0.0
2019-03-16,17,0,23,21.33,21.33,0.0,-8275.590023,0.0
2019-03-16,17,0,24,37.94,37.94,0.0,-14719.919619,0.0
2019-03-16,17,0,29,2.43,2.43,0.0,11.815566,0.0
2019-03-16,17,0,30,591.58,591.58,0.0,-591580.0,0.0
2019-03-16,17,0,31,125.0,125.0,0.0,-125000.0,0.0
2019-03-16,17,0,32,5.14,5.14,0.0,135.930031,0.0
2019-03-16,17,0,33,1.0,1.0,0.0,18.536142,0.0
2019-03-16,17,0,34,1.61,1.61,0.0,29.843189,0.0
2019-03-16,17,0,35,1.61,1.61,0.0,29.843189,0.0
2019-03-16,17,0,36,4.92,4.92,0.0,35.69002,0.0
2019-03-16,17,0,37,2.33,2.33,0.0,16.780621,0.0
2019-03-16,17,0,38,3.0,3.0,0.0,21.60595,0.0
2019-03-16,17,0,39,2.0,2.0,0.0,14.403967,0.0
2019-03-16,17,0,40,2.0,2.0,0.0,14.403967,0.0
2019-03-16,17,0,41,2.65,2.65,0.0,-17.55226,0.0
2019-03-16,17,0,42,30.6,30.6,0.0,401.52587,0.0
2019-03-16,17,0,43,15.26,15.26,0.0,119.285977,0.0
2019-03-16,17,0,46,19.24,19.24,0.0,121.478093,0.0
2019-03-16,17,0,52,132.5,132.5,0.0,-132500.0,0.0
2019-03-16,17,0,53,210.5,210.5,0.0,-210500.0,0.0
2019-03-16,17,0,55,586.12,586.12,0.0,-227402.195238,0.0
2019-03-16,17,0,56,174.49,174.49,0.0,-174490.0,0.0
2019-03-16,17,0,57,165.98,165.98,0.0,-165980.0,0.0
2019-03-16,17,0,58,319.2,319.2,0.0,-319200.0,0.0
2019-03-16,17,0,59,313.88,313.88,0.0,-313880.0,0.0
2019-03-16,17,0,63,2.51,2.51,0.0,68.244691,0.0
2019-03-16,17,0,64,2.95,2.95,0.0,80.207904,0.0
2019-03-16,17,0,65,21.13,21.13,0.0,293.857984,0.0
2019-03-16,17,0,67,244.91,244.91,0.0,7487.986923,0.0
2019-03-16,17,0,68,3.61,3.61,0.0,112.942744,0.0
2019-03-16,17,0,69,1.0,1.0,0.0,18.536142,0.0
2019-03-16,17,0,74,21.36,21.36,0.0,183.711473,0.0
2019-03-16,17,0,77,12.68,12.68,0.0,414.146362,0.0
2019-03-16,17,0,78,9.59,9.59,0.0,313.222683,0.0
2019-03-16,17,0,79,5.55,5.55,0.0,181.270687,0.0
2019-03-16,17,0,80,8.97,8.97,0.0,292.972624,0.0
2019-03-16,17,0,81,11.73,11.73,0.0,383.118047,0.0
2019-03-16,17,0,82,8.27,8.27,0.0,270.109654,0.0
2019-03-16,17,0,83,18.45,18.45,0.0,602.602554,0.0
2019-03-16,17,0,84,0.0,0.0,0.0,0.0,0.0
2019-03-16,17,0,86,5.08,5.08,0.0,94.163604,0.0
2019-03-16,17,0,87,25.95,25.95,0.0,481.012897,0.0
2019-03-16,17,0,88,8.23,8.23,0.0,268.803199,0.0
2019-03-16,17,0,89,7.92,7.92,0.0,258.67817,0.0
2019-03-16,17,0,90,10.63,10.63,0.0,347.190523,0.0
2019-03-16,17,0,91,37.91,37.91,0.0,1238.193107,0.0
2019-03-16,17,0,92,13.63,13.63,0.0,445.174678,0.0
2019-03-16,17,0,95,5.03,5.03,0.0,132.826471,0.0
2019-03-16,17,0,96,7.64,7.64,0.0,336.749935,0.0
2019-03-16,17,0,97,47.01,47.01,0.0,2072.069953,0.0
2019-03-16,17,0,99,4.34,4.34,0.0,37.327144,0.0
2019-03-16,17,0,101,11.92,11.92,0.0,-11920.0,0.0
2019-03-16,17,0,102,8.54,8.54,0.0,267.183112,0.0
2019-03-16,17,0,103,7.43,7.43,0.0,232.455565,0.0
2019-03-16,17,0,104,1.39,1.39,0.0,43.487649,0.0
2019-03-16,17,0,106,223.47,223.47,0.0,-86701.645687,0.0
2019-03-16,17,0,109,3.85,3.85,0.0,18.768088,0.0
2019-03-16,17,0,110,110.67,110.67,0.0,3142.495628,0.0
2019-03-16,17,0,111,9.45,9.45,0.0,-62.592021,0.0
2019-03-16,17,0,113,5.42,5.42,0.0,163.875192,0.0
2019-03-16,17,0,115,5.42,5.42,0.0,163.875192,0.0
2019-03-16,17,0,116,97.04,97.04,0.0,2755.469195,0.0
2019-03-16,17,0,117,0.36,0.36,0.0,10.884699,0.0
2019-03-16,17,0,119,2.95,2.95,0.0,80.207904,0.0
2019-03-16,17,0,120,1.74,1.74,0.0,47.309069,0.0
2019-03-16,17,0,123,3.72,3.72,0.0,-1443.281523,0.0
2019-03-16,17,0,125,34.29,34.29,0.0,-13303.79662,0.0
2019-03-16,17,0,126,167.6,167.6,0.0,-65025.264318,0.0
2019-03-16,17,0,127,215.09,215.09,0.0,-83450.382471,0.0
2019-03-16,17,0,128,49.36,49.36,0.0,-19150.638704,0.0
2019-03-16,17,0,131,6.64,6.64,0.0,209.001534,0.0
2019-03-16,17,0,132,9.75,9.75,0.0,306.892313,0.0
2019-03-16,17,0,133,69.79,69.79,0.0,984.26277,0.0
2019-03-16,17,0,134,0.0,0.0,0.0,0.0,0.0
2019-03-16,17,0,135,91.37,91.37,0.0,1288.609962,0.0
2019-03-16,17,0,136,30.88,30.88,0.0,429.148899,0.0
2019-03-16,17,0,139,3.42,3.42,0.0,-22.652351,0.0
2019-03-16,17,0,140,81.91,81.91,0.0,2325.849977,0.0
2019-03-16,17,0,141,73.19,73.19,0.0,2237.743509,0.0
2019-03-16,17,0,142,322.98,322.98,0.0,9874.933716,0.0
2019-03-16,17,0,143,238.5,238.5,0.0,-238500.0,0.0
2019-03-16,17,0,145,3.08,3.08,0.0,1.054913,0.0
2019-03-16,17,0,146,41.19,41.19,0.0,1169.597858,0.0
2019-03-16,17,0,152,3.82,3.82,0.0,35.003036,0.0
2019-03-16,17,0,153,4.73,4.73,0.0,42.305059,0.0
2019-03-16,17,0,154,38.99,38.99,0.0,-258.250044,0.0
2019-03-16,17,0,157,24.62,24.62,0.0,752.742795,0.0
2019-03-16,17,0,158,349.3,349.3,0.0,10679.653065,0.0
2019-03-16,17,0,159,0.0,0.0,0.0,0.0,0.0
2019-03-16,17,0,160,1.29,1.29,0.0,12.574026,0.0
2019-03-16,17,0,161,55.89,55.89,0.0,1748.57894,0.0
2019-03-16,17,0,162,5.33,5.33,0.0,140.820059,0.0
2019-03-16,17,0,163,11.07,11.07,0.0,314.334748,0.0
2019-03-16,17,0,164,22.74,22.74,0.0,-22740.0,0.0
2019-03-16,17,0,167,5.73,5.73,0.0,151.220675,0.0
2019-03-16,17,0,168,2.87,2.87,0.0,75.742293,0.0
2019-03-16,17,0,169,0.0,0.0,0.0,0.0,0.0
2019-03-16,17,0,170,6.27,6.27,0.0,165.471839,0.0
2019-03-16,17,0,172,7.66,7.66,0.0,191.35522,0.0
2019-03-16,17,0,173,11.66,11.66,0.0,291.279616,0.0
2019-03-16,17,0,188,10.6,10.6,0.0,277.361953,0.0
2019-03-16,17,0,190,8.79,8.79,0.0,238.992365,0.0
2019-03-16,17,0,191,22.72,22.72,0.0,617.736806,0.0
2019-03-16,17,0,192,14.85,14.85,0.0,403.758432,0.0
2019-03-16,17,0,194,5.0,5.0,0.0,142.507012,0.0
2019-03-16,17,0,196,6.14,6.14,0.0,170.959201,0.0
2019-03-16,17,0,198,6.09,6.09,0.0,73.636978,0.0
2019-03-16,17,0,199,12.91,12.91,0.0,276.042183,0.0
2019-03-16,17,0,200,19.43,19.43,0.0,415.453108,0.0
2019-03-16,17,0,204,15.26,15.26,0.0,69.295858,0.0
2019-03-16,17,0,205,20.38,20.38,0.0,99.348997,0.0
2019-03-16,17,0,206,138.14,138.14,0.0,6088.826703,0.0
2019-03-16,17,0,210,0.93,0.93,0.0,5.75732,0.0
2019-03-16,17,0,214,4.69,4.69,0.0,99.2392,0.0
2019-03-16,17,0,217,2.9,2.9,0.0,42.517425,0.0
2019-03-16,17,0,218,4.0,4.0,0.0,58.644725,0.0
2019-03-16,17,0,219,2.73,2.73,0.0,40.025024,0.0
2019-03-16,17,0,221,2.5,2.5,0.0,52.89936,0.0
2019-03-16,17,0,225,2.1,2.1,0.0,9.9416,0.0
2019-03-16,17,0,233,2.88,2.88,0.0,53.38409,0.0
2019-03-16,17,0,236,35.55,35.55,0.0,415.056122,0.0
2019-03-16,17,0,237,52.78,52.78,0.0,453.946233,0.0
2019-03-16,17,0,238,39.83,39.83,0.0,522.639719,0.0
2019-03-16,17,0,240,5.58,5.58,0.0,40.477706,0.0
2019-03-16,17,0,245,51.73,51.73,0.0,762.770239,0.0
2019-03-16,17,0,247,67.31,67.31,0.0,992.500769,0.0
2019-03-16,17,0,248,5.37,5.37,0.0,46.18589,0.0
2019-03-16,17,0,249,99.48,99.48,0.0,1466.854502,0.0
2019-03-16,17,0,251,121.74,121.74,0.0,1657.242073,0.0
2019-03-16,17,0,252,136.3,136.3,0.0,1895.54393,0.0
2019-03-16,17,0,254,7.38,7.38,0.0,61.263679,0.0
2019-03-16,17,0,255,3.38,3.38,0.0,28.058433,0.0
2019-03-16,17,0,258,6.87,6.87,0.0,50.459956,0.0
2019-03-16,17,0,260,3.14,3.14,0.0,30.606544,0.0
2019-03-16,17,0,265,40.36,40.36,0.0,-267.324231,0.0
2019-03-16,17,0,266,2.22,2.22,0.0,-14.704157,0.0
2019-03-16,17,0,267,2.72,2.72,0.0,-18.015905,0.0
2019-03-16,17,0,270,34.59,34.59,0.0,982.189607,0.0
2019-03-16,17,0,272,18.13,18.13,0.0,548.165541,0.0
2019-03-16,17,0,273,23.21,23.21,0.0,659.05235,0.0
2019-03-16,17,0,274,44.59,44.59,0.0,1266.141502,0.0
2019-03-16,17,0,275,62.06,62.06,0.0,1762.205464,0.0
2019-03-16,17,0,276,5.88,5.88,0.0,169.824813,0.0
2019-03-16,17,0,277,8.03,8.03,0.0,250.599773,0.0
2019-03-16,17,0,278,12.85,12.85,0.0,401.022053,0.0
2019-03-16,17,0,279,35.43,35.43,0.0,1105.69738,0.0
2019-03-16,17,0,281,56.1,56.1,0.0,-56100.0,0.0
2019-03-16,17,0,282,324.52,324.52,0.0,-324520.0,0.0
2019-03-16,18,0,9,1.72,1.72,0.0,28.456699,0.0
2019-03-16,18,0,17,6.01,6.01,0.0,132.807832,0.0
2019-03-16,18,0,19,230.01,230.01,0.0,5082.71703,0.0
2019-03-16,18,0,20,280.08,280.08,0.0,6189.154322,0.0
2019-03-16,18,0,21,39.35,39.35,0.0,651.029721,0.0
2019-03-16,18,0,22,139.86,139.86,0.0,2313.926727,0.0
2019-03-16,18,0,23,37.22,37.22,0.0,615.789738,0.0
2019-03-16,18,0,24,66.05,66.05,0.0,1092.770344,0.0
2019-03-16,18,0,29,1.48,1.48,0.0,9.124121,0.0
2019-03-16,18,0,30,378.08,378.08,0.0,6246.5847,0.0
2019-03-16,18,0,31,92.34,92.34,0.0,1525.628521,0.0
2019-03-16,18,0,32,3.17,3.17,0.0,42.23624,0.0
2019-03-16,18,0,33,0.61,0.61,0.0,14.473217,0.0
2019-03-16,18,0,34,0.98,0.98,0.0,23.252053,0.0
2019-03-16,18,0,35,0.98,0.98,0.0,23.252053,0.0
2019-03-16,18,0,36,3.05,3.05,0.0,57.487421,0.0
2019-03-16,18,0,37,1.41,1.41,0.0,26.363537,0.0
2019-03-16,18,0,38,1.81,1.81,0.0,33.842555,0.0
2019-03-16,18,0,39,1.21,1.21,0.0,22.624028,0.0
2019-03-16,18,0,40,1.21,1.21,0.0,22.624028,0.0
2019-03-16,18,0,41,1.88,1.88,0.0,33.617337,0.0
2019-03-16,18,0,42,17.96,17.96,0.0,390.535663,0.0
2019-03-16,18,0,43,9.21,9.21,0.0,169.824725,0.0
2019-03-16,18,0,46,12.02,12.02,0.0,220.493976,0.0
2019-03-16,18,0,52,97.89,97.89,0.0,1617.324842,0.0
2019-03-16,18,0,53,155.55,155.55,0.0,2569.97527,0.0
2019-03-16,18,0,55,365.96,365.96,0.0,6054.659124,0.0
2019-03-16,18,0,56,111.52,111.52,0.0,1842.517789,0.0
2019-03-16,18,0,57,106.08,106.08,0.0,1752.638873,0.0
2019-03-16,18,0,58,204.0,204.0,0.0,3370.45937,0.0
2019-03-16,18,0,59,200.6,200.6,0.0,3314.285048,0.0
2019-03-16,18,0,63,4.65,4.65,0.0,62.491078,0.0
2019-03-16,18,0,64,5.47,5.47,0.0,73.51101,0.0
2019-03-16,18,0,65,19.19,19.19,0.0,422.798369,0.0
2019-03-16,18,0,67,154.0,154.0,0.0,2159.120785,0.0
2019-03-16,18,0,68,1.86,1.86,0.0,26.30904,0.0
2019-03-16,18,0,69,0.61,0.61,0.0,14.473217,0.0
2019-03-16,18,0,74,11.07,11.07,0.0,224.555074,0.0
2019-03-16,18,0,77,11.79,11.79,0.0,169.688552,0.0
2019-03-16,18,0,78,8.91,8.91,0.0,128.237914,0.0
2019-03-16,18,0,79,5.16,5.16,0.0,74.265728,0.0
2019-03-16,18,0,80,8.34,8.34,0.0,120.034141,0.0
2019-03-16,18,0,81,10.9,10.9,0.0,156.879154,0.0
2019-03-16,18,0,82,7.69,7.69,0.0,110.678962,0.0
2019-03-16,18,0,83,17.15,17.15,0.0,246.832797,0.0
2019-03-16,18,0,84,0.0,0.0,0.0,0.0,0.0
2019-03-16,18,0,86,3.11,3.11,0.0,73.789679,0.0
2019-03-16,18,0,87,15.86,15.86,0.0,376.303639,0.0
2019-03-16,18,0,88,7.83,7.83,0.0,112.693924,0.0
2019-03-16,18,0,89,7.53,7.53,0.0,108.376149,0.0
2019-03-16,18,0,90,10.11,10.11,0.0,145.509013,0.0
2019-03-16,18,0,91,36.06,36.06,0.0,518.996539,0.0
2019-03-16,18,0,92,12.97,12.97,0.0,186.6718,0.0
2019-03-16,18,0,95,2.6,2.6,0.0,34.627341,0.0
2019-03-16,18,0,96,6.83,6.83,0.0,112.682033,0.0
2019-03-16,18,0,97,41.97,41.97,0.0,692.425318,0.0
2019-03-16,18,0,99,2.14,2.14,0.0,43.409924,0.0
2019-03-16,18,0,101,7.62,7.62,0.0,125.896571,0.0
2019-03-16,18,0,102,4.41,4.41,0.0,62.377885,0.0
2019-03-16,18,0,103,3.83,3.83,0.0,54.173991,0.0
2019-03-16,18,0,104,0.71,0.71,0.0,10.042698,0.0
2019-03-16,18,0,106,137.68,137.68,0.0,2277.859515,0.0
2019-03-16,18,0,109,4.97,4.97,0.0,91.399967,0.0
2019-03-16,18,0,110,115.7,115.7,0.0,1578.0754,0.0
2019-03-16,18,0,111,6.16,6.16,0.0,110.150422,0.0
2019-03-16,18,0,113,5.29,5.29,0.0,73.762256,0.0
2019-03-16,18,0,115,5.29,5.29,0.0,73.762256,0.0
2019-03-16,18,0,116,59.91,59.91,0.0,817.134808,0.0
2019-03-16,18,0,117,0.35,0.35,0.0,4.880301,0.0
2019-03-16,18,0,119,5.47,5.47,0.0,73.51101,0.0
2019-03-16,18,0,120,3.21,3.21,0.0,43.139002,0.0
2019-03-16,18,0,123,2.29,2.29,0.0,37.887117,0.0
2019-03-16,18,0,125,59.73,59.73,0.0,988.208519,0.0
2019-03-16,18,0,126,103.26,103.26,0.0,1708.394636,0.0
2019-03-16,18,0,127,132.52,132.52,0.0,2192.489417,0.0
2019-03-16,18,0,128,85.78,85.78,0.0,1419.195157,0.0
2019-03-16,18,0,131,6.24,6.24,0.0,88.469868,0.0
2019-03-16,18,0,132,9.17,9.17,0.0,130.011007,0.0
2019-03-16,18,0,133,76.48,76.48,0.0,1690.513007,0.0
2019-03-16,18,0,134,0.0,0.0,0.0,0.0,0.0
2019-03-16,18,0,135,102.48,102.48,0.0,2265.216697,0.0
2019-03-16,18,0,136,26.53,26.53,0.0,584.419368,0.0
2019-03-16,18,0,139,2.43,2.43,0.0,43.452196,0.0
2019-03-16,18,0,140,85.63,85.63,0.0,1167.939469,0.0
2019-03-16,18,0,141,66.99,66.99,0.0,939.217542,0.0
2019-03-16,18,0,142,203.09,203.09,0.0,2847.375586,0.0
2019-03-16,18,0,143,176.17,176.17,0.0,2910.656016,0.0
2019-03-16,18,0,145,3.26,3.26,0.0,56.13155,0.0
2019-03-16,18,0,146,37.54,37.54,0.0,512.022044,0.0
2019-03-16,18,0,152,2.34,2.34,0.0,47.211696,0.0
2019-03-16,18,0,153,2.89,2.89,0.0,58.054058,0.0
2019-03-16,18,0,154,25.41,25.41,0.0,454.370491,0.0
2019-03-16,18,0,157,27.84,27.84,0.0,390.324173,0.0
2019-03-16,18,0,158,223.7,223.7,0.0,3136.333245,0.0
2019-03-16,18,0,159,0.0,0.0,0.0,0.0,0.0
2019-03-16,18,0,160,0.79,0.79,0.0,14.189813,0.0
2019-03-16,18,0,161,34.93,34.93,0.0,494.072458,0.0
2019-03-16,18,0,162,3.55,3.55,0.0,47.286888,0.0
2019-03-16,18,0,163,11.83,11.83,0.0,161.353777,0.0
2019-03-16,18,0,164,14.87,14.87,0.0,245.680053,0.0
2019-03-16,18,0,167,3.58,3.58,0.0,47.67029,0.0
2019-03-16,18,0,168,1.79,1.79,0.0,23.835145,0.0
2019-03-16,18,0,169,0.0,0.0,0.0,0.0,0.0
2019-03-16,18,0,170,3.91,3.91,0.0,52.064479,0.0
2019-03-16,18,0,172,4.73,4.73,0.0,61.988717,0.0
2019-03-16,18,0,173,7.2,7.2,0.0,94.359146,0.0
2019-03-16,18,0,188,6.56,6.56,0.0,87.126502,0.0
2019-03-16,18,0,190,5.32,5.32,0.0,71.495169,0.0
2019-03-16,18,0,191,13.74,13.74,0.0,184.651056,0.0
2019-03-16,18,0,192,22.33,22.33,0.0,300.091564,0.0
2019-03-16,18,0,194,9.28,9.28,0.0,126.370416,0.0
2019-03-16,18,0,196,3.79,3.79,0.0,51.339304,0.0
2019-03-16,18,0,198,3.8,3.8,0.0,61.387567,0.0
2019-03-16,18,0,199,8.9,8.9,0.0,103.772773,0.0
2019-03-16,18,0,200,11.83,11.83,0.0,137.936169,0.0
2019-03-16,18,0,204,19.22,19.22,0.0,350.411175,0.0
2019-03-16,18,0,205,26.28,26.28,0.0,483.298014,0.0
2019-03-16,18,0,206,123.34,123.34,0.0,2034.875833,0.0
2019-03-16,18,0,210,0.57,0.57,0.0,3.968635,0.0
2019-03-16,18,0,214,2.89,2.89,0.0,71.365531,0.0
2019-03-16,18,0,217,1.77,1.77,0.0,30.003628,0.0
2019-03-16,18,0,218,2.44,2.44,0.0,41.360933,0.0
2019-03-16,18,0,219,1.66,1.66,0.0,28.138996,0.0
2019-03-16,18,0,221,1.54,1.54,0.0,38.028691,0.0
2019-03-16,18,0,225,1.28,1.28,0.0,7.792541,0.0
2019-03-16,18,0,233,1.76,1.76,0.0,41.75879,0.0
2019-03-16,18,0,236,28.78,28.78,0.0,609.710669,0.0
2019-03-16,18,0,237,26.55,26.55,0.0,538.567047,0.0
2019-03-16,18,0,238,23.37,23.37,0.0,508.174746,0.0
2019-03-16,18,0,240,3.46,3.46,0.0,65.215238,0.0
2019-03-16,18,0,245,46.99,46.99,0.0,1049.70894,0.0
2019-03-16,18,0,247,57.72,57.72,0.0,1289.406257,0.0
2019-03-16,18,0,248,2.66,2.66,0.0,53.95813,0.0
2019-03-16,18,0,249,90.37,90.37,0.0,2018.774142,0.0
2019-03-16,18,0,251,118.55,118.55,0.0,2599.154589,0.0
2019-03-16,18,0,252,123.76,123.76,0.0,2726.707981,0.0
2019-03-16,18,0,254,4.64,4.64,0.0,85.001902,0.0
2019-03-16,18,0,255,2.13,2.13,0.0,39.02027,0.0
2019-03-16,18,0,258,4.32,4.32,0.0,81.139323,0.0
2019-03-16,18,0,260,1.93,1.93,0.0,34.666252,0.0
2019-03-16,18,0,265,26.31,26.31,0.0,470.463897,0.0
2019-03-16,18,0,266,1.57,1.57,0.0,28.074052,0.0
2019-03-16,18,0,267,1.93,1.93,0.0,34.511415,0.0
2019-03-16,18,0,270,36.96,36.96,0.0,504.111208,0.0
2019-03-16,18,0,272,17.67,17.67,0.0,246.385457,0.0
2019-03-16,18,0,273,14.33,14.33,0.0,195.452208,0.0
2019-03-16,18,0,274,47.64,47.64,0.0,649.779707,0.0
2019-03-16,18,0,275,66.32,66.32,0.0,904.563185,0.0
2019-03-16,18,0,276,3.64,3.64,0.0,49.956881,0.0
2019-03-16,18,0,277,5.0,5.0,0.0,70.618369,0.0
2019-03-16,18,0,278,8.0,8.0,0.0,112.989391,0.0
2019-03-16,18,0,279,33.76,33.76,0.0,476.815228,0.0
2019-03-16,18,0,281,41.41,41.41,0.0,684.170208,0.0
2019-03-16,18,0,282,207.4,207.4,0.0,3426.633693,0.0
2019-03-16,19,0,9,0.55,0.55,0.0,6.82215,0.0
2019-03-16,19,0,17,2.6,2.6,0.0,25.387061,0.0
2019-03-16,19,0,19,378.06,378.06,0.0,3691.473987,0.0
2019-03-16,19,0,20,459.53,459.53,0.0,4486.967786,0.0
2019-03-16,19,0,21,12.55,12.55,0.0,155.669048,0.0
2019-03-16,19,0,22,44.6,44.6,0.0,553.214307,0.0
2019-03-16,19,0,23,37.32,37.32,0.0,462.913855,0.0
2019-03-16,19,0,24,66.04,66.04,0.0,819.1541,0.0
2019-03-16,19,0,29,0.27,0.27,0.0,2.708936,0.0
2019-03-16,19,0,30,128.35,128.35,0.0,1592.421116,0.0
2019-03-16,19,0,31,34.74,34.74,0.0,431.014488,0.0
2019-03-16,19,0,32,0.78,0.78,0.0,12.98389,0.0
2019-03-16,19,0,33,0.25,0.25,0.0,2.797782,0.0
2019-03-16,19,0,34,0.4,0.4,0.0,4.476452,0.0
2019-03-16,19,0,35,0.4,0.4,0.0,4.476452,0.0
2019-03-16,19,0,36,1.2,1.2,0.0,14.386096,0.0
2019-03-16,19,0,37,0.57,0.57,0.0,6.817487,0.0
2019-03-16,19,0,38,0.73,0.73,0.0,8.731167,0.0
2019-03-16,19,0,39,0.49,0.49,0.0,5.860646,0.0
2019-03-16,19,0,40,0.49,0.49,0.0,5.860646,0.0
2019-03-16,19,0,41,1.51,1.51,0.0,18.55196,0.0
2019-03-16,19,0,42,7.79,7.79,0.0,87.140041,0.0
2019-03-16,19,0,43,3.39,3.39,0.0,40.153007,0.0
2019-03-16,19,0,46,3.15,3.15,0.0,37.702884,0.0
2019-03-16,19,0,52,36.82,36.82,0.0,456.820767,0.0
2019-03-16,19,0,53,58.5,58.5,0.0,725.801599,0.0
2019-03-16,19,0,55,125.19,125.19,0.0,1552.845272,0.0
2019-03-16,19,0,56,37.86,37.86,0.0,469.723907,0.0
2019-03-16,19,0,57,36.01,36.01,0.0,446.771207,0.0
2019-03-16,19,0,58,69.25,69.25,0.0,859.175397,0.0
2019-03-16,19,0,59,68.1,68.1,0.0,844.907503,0.0
2019-03-16,19,0,63,5.19,5.19,0.0,85.686494,0.0
2019-03-16,19,0,64,6.1,6.1,0.0,100.710523,0.0
2019-03-16,19,0,65,17.34,17.34,0.0,180.210589,0.0
2019-03-16,19,0,67,48.39,48.39,0.0,663.803493,0.0
2019-03-16,19,0,68,2.22,2.22,0.0,29.239462,0.0
2019-03-16,19,0,69,0.25,0.25,0.0,2.797782,0.0
2019-03-16,19,0,74,9.25,9.25,0.0,113.592994,0.0
2019-03-16,19,0,77,11.24,11.24,0.0,142.703362,0.0
2019-03-16,19,0,78,8.5,8.5,0.0,107.916244,0.0
2019-03-16,19,0,79,4.92,4.92,0.0,62.464461,0.0
2019-03-16,19,0,80,7.96,7.96,0.0,101.060388,0.0
2019-03-16,19,0,81,10.4,10.4,0.0,132.038698,0.0
2019-03-16,19,0,82,7.34,7.34,0.0,93.18885,0.0
2019-03-16,19,0,83,16.36,16.36,0.0,207.707029,0.0
2019-03-16,19,0,84,0.0,0.0,0.0,0.0,0.0
2019-03-16,19,0,86,1.27,1.27,0.0,14.212735,0.0
2019-03-16,19,0,87,6.5,6.5,0.0,72.742345,0.0
2019-03-16,19,0,88,7.6,7.6,0.0,96.489818,0.0
2019-03-16,19,0,89,7.3,7.3,0.0,92.681009,0.0
2019-03-16,19,0,90,9.81,9.81,0.0,124.548041,0.0
2019-03-16,19,0,91,34.99,34.99,0.0,444.234043,0.0
2019-03-16,19,0,92,12.58,12.58,0.0,159.716041,0.0
2019-03-16,19,0,95,0.0,0.0,0.0,0.0,0.0
2019-03-16,19,0,96,6.25,6.25,0.0,77.562219,0.0
2019-03-16,19,0,97,38.45,38.45,0.0,477.16277,0.0
2019-03-16,19,0,99,1.79,1.79,0.0,21.981779,0.0
2019-03-16,19,0,101,2.59,2.59,0.0,32.13378,0.0
2019-03-16,19,0,102,6.36,6.36,0.0,83.767107,0.0
2019-03-16,19,0,103,5.34,5.34,0.0,70.33276,0.0
2019-03-16,19,0,104,0.76,0.76,0.0,10.009906,0.0
2019-03-16,19,0,106,43.9,43.9,0.0,544.531572,0.0
2019-03-16,19,0,109,6.5,6.5,0.0,78.77056,0.0
2019-03-16,19,0,110,126.54,126.54,0.0,1947.757099,0.0
2019-03-16,19,0,111,2.63,2.63,0.0,32.312354,0.0
2019-03-16,19,0,113,5.25,5.25,0.0,66.407885,0.0
2019-03-16,19,0,115,5.25,5.25,0.0,66.407885,0.0
2019-03-16,19,0,116,16.13,16.13,0.0,248.279769,0.0
2019-03-16,19,0,117,0.35,0.35,0.0,4.427192,0.0
2019-03-16,19,0,119,6.1,6.1,0.0,100.710523,0.0
2019-03-16,19,0,120,3.59,3.59,0.0,59.270619,0.0
2019-03-16,19,0,123,0.73,0.73,0.0,9.054853,0.0
2019-03-16,19,0,125,59.76,59.76,0.0,741.257556,0.0
2019-03-16,19,0,126,32.93,32.93,0.0,408.460698,0.0
2019-03-16,19,0,127,42.25,42.25,0.0,524.065123,0.0
2019-03-16,19,0,128,85.59,85.59,0.0,1061.650506,0.0
2019-03-16,19,0,131,5.95,5.95,0.0,77.498042,0.0
2019-03-16,19,0,132,8.74,8.74,0.0,113.83746,0.0
2019-03-16,19,0,133,64.75,64.75,0.0,628.401262,0.0
2019-03-16,19,0,134,0.0,0.0,0.0,0.0,0.0
2019-03-16,19,0,135,87.74,87.74,0.0,851.520104,0.0
2019-03-16,19,0,136,22.55,22.55,0.0,235.134976,0.0
2019-03-16,19,0,139,1.95,1.95,0.0,23.957829,0.0
2019-03-16,19,0,140,93.65,93.65,0.0,1441.500334,0.0
2019-03-16,19,0,141,61.8,61.8,0.0,847.758955,0.0
2019-03-16,19,0,142,63.81,63.81,0.0,875.331698,0.0
2019-03-16,19,0,143,68.42,68.42,0.0,848.8777,0.0
2019-03-16,19,0,145,3.64,3.64,0.0,44.775566,0.0
2019-03-16,19,0,146,37.21,37.21,0.0,572.752028,0.0
2019-03-16,19,0,152,1.0,1.0,0.0,12.166285,0.0
2019-03-16,19,0,153,1.25,1.25,0.0,15.200824,0.0
2019-03-16,19,0,154,10.83,10.83,0.0,133.058097,0.0
2019-03-16,19,0,157,33.11,33.11,0.0,454.195777,0.0
2019-03-16,19,0,158,74.2,74.2,0.0,1017.859458,0.0
2019-03-16,19,0,159,0.0,0.0,0.0,0.0,0.0
2019-03-16,19,0,160,0.26,0.26,0.0,3.003896,0.0
2019-03-16,19,0,161,11.21,11.21,0.0,147.646112,0.0
2019-03-16,19,0,162,0.0,0.0,0.0,0.0,0.0
2019-03-16,19,0,163,12.65,12.65,0.0,194.71414,0.0
2019-03-16,19,0,164,5.29,5.29,0.0,65.632316,0.0
2019-03-16,19,0,167,0.87,0.87,0.0,14.478937,0.0
2019-03-16,19,0,168,0.43,0.43,0.0,7.156256,0.0
2019-03-16,19,0,169,0.0,0.0,0.0,0.0,0.0
2019-03-16,19,0,170,0.95,0.95,0.0,15.810334,0.0
2019-03-16,19,0,172,1.32,1.32,0.0,22.111412,0.0
2019-03-16,19,0,173,2.01,2.01,0.0,33.66965,0.0
2019-03-16,19,0,188,1.69,1.69,0.0,28.054903,0.0
2019-03-16,19,0,190,1.44,1.44,0.0,23.774287,0.0
2019-03-16,19,0,191,3.73,3.73,0.0,61.582008,0.0
2019-03-16,19,0,192,32.91,32.91,0.0,543.341526,0.0
2019-03-16,19,0,194,16.54,16.54,0.0,201.759891,0.0
2019-03-16,19,0,196,0.96,0.96,0.0,15.408329,0.0
2019-03-16,19,0,198,1.02,1.02,0.0,11.224148,0.0
2019-03-16,19,0,199,5.94,5.94,0.0,62.960557,0.0
2019-03-16,19,0,200,3.47,3.47,0.0,36.779989,0.0
2019-03-16,19,0,204,24.69,24.69,0.0,299.147981,0.0
2019-03-16,19,0,205,34.38,34.38,0.0,416.635669,0.0
2019-03-16,19,0,206,112.98,112.98,0.0,1402.076716,0.0
2019-03-16,19,0,210,0.13,0.13,0.0,1.308929,0.0
2019-03-16,19,0,214,0.86,0.86,0.0,9.688924,0.0
2019-03-16,19,0,217,0.46,0.46,0.0,4.948206,0.0
2019-03-16,19,0,218,0.63,0.63,0.0,6.776891,0.0
2019-03-16,19,0,219,0.43,0.43,0.0,4.625497,0.0
2019-03-16,19,0,221,0.46,0.46,0.0,5.182448,0.0
2019-03-16,19,0,225,0.28,0.28,0.0,2.808305,0.0
2019-03-16,19,0,233,0.72,0.72,0.0,8.057614,0.0
2019-03-16,19,0,236,22.93,22.93,0.0,280.451933,0.0
2019-03-16,19,0,237,22.2,22.2,0.0,272.623185,0.0
2019-03-16,19,0,238,10.13,10.13,0.0,113.315612,0.0
2019-03-16,19,0,240,1.37,1.37,0.0,16.424126,0.0
2019-03-16,19,0,245,42.9,42.9,0.0,438.928444,0.0
2019-03-16,19,0,247,49.01,49.01,0.0,501.442496,0.0
2019-03-16,19,0,248,2.23,2.23,0.0,27.385122,0.0
2019-03-16,19,0,249,82.5,82.5,0.0,844.093162,0.0
2019-03-16,19,0,251,117.35,117.35,0.0,1262.333758,0.0
2019-03-16,19,0,252,111.85,111.85,0.0,1162.43105,0.0
2019-03-16,19,0,254,1.77,1.77,0.0,20.835551,0.0
2019-03-16,19,0,255,0.81,0.81,0.0,9.534913,0.0
2019-03-16,19,0,258,1.65,1.65,0.0,19.742542,0.0
2019-03-16,19,0,260,0.63,0.63,0.0,7.278672,0.0
2019-03-16,19,0,265,11.22,11.22,0.0,137.849662,0.0
2019-03-16,19,0,266,1.26,1.26,0.0,15.480443,0.0
2019-03-16,19,0,267,1.55,1.55,0.0,19.043403,0.0
2019-03-16,19,0,270,39.51,39.51,0.0,608.154599,0.0
2019-03-16,19,0,272,17.55,17.55,0.0,221.992071,0.0
2019-03-16,19,0,273,3.86,3.86,0.0,59.414749,0.0
2019-03-16,19,0,274,50.93,50.93,0.0,783.93606,0.0
2019-03-16,19,0,275,70.9,70.9,0.0,1091.32273,0.0
2019-03-16,19,0,276,0.93,0.93,0.0,13.967215,0.0
2019-03-16,19,0,277,1.36,1.36,0.0,17.228381,0.0
2019-03-16,19,0,278,2.17,2.17,0.0,27.489402,0.0
2019-03-16,19,0,279,32.23,32.23,0.0,408.287286,0.0
2019-03-16,19,0,281,15.59,15.59,0.0,193.423024,0.0
2019-03-16,19,0,282,70.41,70.41,0.0,873.567361,0.0
2019-03-16,20,0,9,0.0,0.0,0.0,0.0,0.0
2019-03-16,20,0,17,0.0,0.0,0.0,0.0,0.0
2019-03-16,20,0,19,357.06,357.06,0.0,3121.519327,0.0
2019-03-16,20,0,20,433.05,433.05,0.0,3785.845361,0.0
2019-03-16,20,0,21,0.0,0.0,0.0,0.0,0.0
2019-03-16,20,0,22,0.0,0.0,0.0,0.0,0.0
2019-03-16,20,0,23,25.3,25.3,0.0,423.007637,0.0
2019-03-16,20,0,24,44.76,44.76,0.0,748.372404,0.0
2019-03-16,20,0,29,0.0,0.0,0.0,0.0,0.0
2019-03-16,20,0,30,0.0,0.0,0.0,0.0,0.0
2019-03-16,20,0,31,23.8,23.8,0.0,397.950586,0.0
2019-03-16,20,0,32,0.0,0.0,0.0,0.0,0.0
2019-03-16,20,0,33,0.0,0.0,0.0,0.0,0.0
2019-03-16,20,0,34,0.0,0.0,0.0,0.0,0.0
2019-03-16,20,0,35,0.0,0.0,0.0,0.0,0.0
2019-03-16,20,0,36,0.0,0.0,0.0,0.0,0.0
2019-03-16,20,0,37,0.0,0.0,0.0,0.0,0.0
2019-03-16,20,0,38,0.0,0.0,0.0,0.0,0.0
2019-03-16,20,0,39,0.0,0.0,0.0,0.0,0.0
2019-03-16,20,0,40,0.0,0.0,0.0,0.0,0.0
2019-03-16,20,0,41,1.83,1.83,0.0,30.781888,0.0
2019-03-16,20,0,42,0.0,0.0,0.0,0.0,0.0
2019-03-16,20,0,43,0.0,0.0,0.0,0.0,0.0
2019-03-16,20,0,46,0.0,0.0,0.0,0.0,0.0
2019-03-16,20,0,52,25.23,25.23,0.0,421.861062,0.0
2019-03-16,20,0,53,40.08,40.08,0.0,670.162163,0.0
2019-03-16,20,0,55,80.21,80.21,0.0,1341.084685,0.0
2019-03-16,20,0,56,0.0,0.0,0.0,0.0,0.0
2019-03-16,20,0,57,0.0,0.0,0.0,0.0,0.0
2019-03-16,20,0,58,0.0,0.0,0.0,0.0,0.0
2019-03-16,20,0,59,0.0,0.0,0.0,0.0,0.0
2019-03-16,20,0,63,4.97,4.97,0.0,86.311587,0.0
2019-03-16,20,0,64,5.84,5.84,0.0,101.420456,0.0
2019-03-16,20,0,65,14.83,14.83,0.0,163.897793,0.0
2019-03-16,20,0,67,0.0,0.0,0.0,0.0,0.0
2019-03-16,20,0,68,1.7,1.7,0.0,28.73948,0.0
2019-03-16,20,0,69,0.0,0.0,0.0,0.0,0.0
2019-03-16,20,0,74,5.99,5.99,0.0,105.465759,0.0
2019-03-16,20,0,77,14.62,14.62,0.0,246.246357,0.0
2019-03-16,20,0,78,11.1,11.1,0.0,186.958589,0.0
2019-03-16,20,0,79,6.46,6.46,0.0,108.80653,0.0
2019-03-16,20,0,80,10.39,10.39,0.0,174.999976,0.0
2019-03-16,20,0,81,13.54,13.54,0.0,228.055792,0.0
2019-03-16,20,0,82,9.6,9.6,0.0,161.693915,0.0
2019-03-16,20,0,83,21.1,21.1,0.0,355.38975,0.0
2019-03-16,20,0,84,0.0,0.0,0.0,0.0,0.0
2019-03-16,20,0,86,0.0,0.0,0.0,0.0,0.0
2019-03-16,20,0,87,0.0,0.0,0.0,0.0,0.0
2019-03-16,20,0,88,14.06,14.06,0.0,236.814212,0.0
2019-03-16,20,0,89,13.51,13.51,0.0,227.550499,0.0
2019-03-16,20,0,90,18.13,18.13,0.0,305.365695,0.0
2019-03-16,20,0,91,64.55,64.55,0.0,1087.223144,0.0
2019-03-16,20,0,92,23.25,23.25,0.0,391.602449,0.0
2019-03-16,20,0,95,0.0,0.0,0.0,0.0,0.0
2019-03-16,20,0,96,4.99,4.99,0.0,83.440778,0.0
2019-03-16,20,0,97,36.06,36.06,0.0,602.980853,0.0
2019-03-16,20,0,99,1.16,1.16,0.0,20.424087,0.0
2019-03-16,20,0,101,0.0,0.0,0.0,0.0,0.0
2019-03-16,20,0,102,4.03,4.03,0.0,68.129474,0.0
2019-03-16,20,0,103,3.51,3.51,0.0,59.338574,0.0
2019-03-16,20,0,104,0.65,0.65,0.0,10.988625,0.0
2019-03-16,20,0,106,0.0,0.0,0.0,0.0,0.0
2019-03-16,20,0,109,4.99,4.99,0.0,82.41211,0.0
2019-03-16,20,0,110,128.62,128.62,0.0,2208.364922,0.0
2019-03-16,20,0,111,0.0,0.0,0.0,0.0,0.0
2019-03-16,20,0,113,4.96,4.96,0.0,83.611945,0.0
2019-03-16,20,0,115,4.96,4.96,0.0,83.611945,0.0
2019-03-16,20,0,116,0.0,0.0,0.0,0.0,0.0
2019-03-16,20,0,117,0.33,0.33,0.0,5.562891,0.0
2019-03-16,20,0,119,5.84,5.84,0.0,101.420456,0.0
2019-03-16,20,0,120,3.44,3.44,0.0,59.740817,0.0
2019-03-16,20,0,123,0.0,0.0,0.0,0.0,0.0
2019-03-16,20,0,125,40.51,40.51,0.0,677.313809,0.0
2019-03-16,20,0,126,0.0,0.0,0.0,0.0,0.0
2019-03-16,20,0,127,0.0,0.0,0.0,0.0,0.0
2019-03-16,20,0,128,58.02,58.02,0.0,970.07522,0.0
2019-03-16,20,0,131,5.15,5.15,0.0,86.974299,0.0
2019-03-16,20,0,132,7.57,7.57,0.0,127.843775,0.0
2019-03-16,20,0,133,41.06,41.06,0.0,350.0239,0.0
2019-03-16,20,0,134,0.0,0.0,0.0,0.0,0.0
2019-03-16,20,0,135,54.71,54.71,0.0,466.385962,0.0
2019-03-16,20,0,136,21.69,21.69,0.0,242.462952,0.0
2019-03-16,20,0,139,2.45,2.45,0.0,41.210725,0.0
2019-03-16,20,0,140,95.19,95.19,0.0,1634.382342,0.0
2019-03-16,20,0,141,49.56,49.56,0.0,841.062487,0.0
2019-03-16,20,0,142,0.0,0.0,0.0,0.0,0.0
2019-03-16,20,0,143,48.97,48.97,0.0,818.808411,0.0
2019-03-16,20,0,145,2.86,2.86,0.0,47.616026,0.0
2019-03-16,20,0,146,47.52,47.52,0.0,815.903445,0.0
2019-03-16,20,0,152,0.0,0.0,0.0,0.0,0.0
2019-03-16,20,0,153,0.0,0.0,0.0,0.0,0.0
2019-03-16,20,0,154,0.0,0.0,0.0,0.0,0.0
2019-03-16,20,0,157,40.7,40.7,0.0,690.703052,0.0
2019-03-16,20,0,158,0.0,0.0,0.0,0.0,0.0
2019-03-16,20,0,159,0.0,0.0,0.0,0.0,0.0
2019-03-16,20,0,160,0.0,0.0,0.0,0.0,0.0
2019-03-16,20,0,161,0.0,0.0,0.0,0.0,0.0
2019-03-16,20,0,162,3.21,3.21,0.0,56.392889,0.0
2019-03-16,20,0,163,14.28,14.28,0.0,245.183106,0.0
2019-03-16,20,0,164,0.0,0.0,0.0,0.0,0.0
2019-03-16,20,0,167,0.0,0.0,0.0,0.0,0.0
2019-03-16,20,0,168,0.0,0.0,0.0,0.0,0.0
2019-03-16,20,0,169,0.0,0.0,0.0,0.0,0.0
2019-03-16,20,0,170,0.0,0.0,0.0,0.0,0.0
2019-03-16,20,0,172,0.0,0.0,0.0,0.0,0.0
2019-03-16,20,0,173,0.0,0.0,0.0,0.0,0.0
2019-03-16,20,0,188,0.0,0.0,0.0,0.0,0.0
2019-03-16,20,0,190,0.0,0.0,0.0,0.0,0.0
2019-03-16,20,0,191,0.0,0.0,0.0,0.0,0.0
2019-03-16,20,0,192,29.0,29.0,0.0,503.628977,0.0
2019-03-16,20,0,194,16.19,16.19,0.0,272.348784,0.0
2019-03-16,20,0,196,0.0,0.0,0.0,0.0,0.0
2019-03-16,20,0,198,0.0,0.0,0.0,0.0,0.0
2019-03-16,20,0,199,8.5,8.5,0.0,97.841543,0.0
2019-03-16,20,0,200,0.0,0.0,0.0,0.0,0.0
2019-03-16,20,0,204,33.95,33.95,0.0,558.810129,0.0
2019-03-16,20,0,205,26.4,26.4,0.0,436.007956,0.0
2019-03-16,20,0,206,136.59,136.59,0.0,2284.003182,0.0
2019-03-16,20,0,210,0.0,0.0,0.0,0.0,0.0
2019-03-16,20,0,214,0.0,0.0,0.0,0.0,0.0
2019-03-16,20,0,217,0.0,0.0,0.0,0.0,0.0
2019-03-16,20,0,218,0.0,0.0,0.0,0.0,0.0
2019-03-16,20,0,219,0.0,0.0,0.0,0.0,0.0
2019-03-16,20,0,221,0.0,0.0,0.0,0.0,0.0
2019-03-16,20,0,225,0.0,0.0,0.0,0.0,0.0
2019-03-16,20,0,233,0.0,0.0,0.0,0.0,0.0
2019-03-16,20,0,236,13.48,13.48,0.0,237.96601,0.0
2019-03-16,20,0,237,14.36,14.36,0.0,252.836111,0.0
2019-03-16,20,0,238,0.0,0.0,0.0,0.0,0.0
2019-03-16,20,0,240,0.0,0.0,0.0,0.0,0.0
2019-03-16,20,0,245,68.9,68.9,0.0,725.335844,0.0
2019-03-16,20,0,247,35.17,35.17,0.0,370.247629,0.0
2019-03-16,20,0,248,1.44,1.44,0.0,25.354039,0.0
2019-03-16,20,0,249,132.45,132.45,0.0,1394.350255,0.0
2019-03-16,20,0,251,87.2,87.2,0.0,1078.987134,0.0
2019-03-16,20,0,252,95.66,95.66,0.0,1057.212601,0.0
2019-03-16,20,0,254,0.0,0.0,0.0,0.0,0.0
2019-03-16,20,0,255,0.0,0.0,0.0,0.0,0.0
2019-03-16,20,0,258,0.0,0.0,0.0,0.0,0.0
2019-03-16,20,0,260,0.0,0.0,0.0,0.0,0.0
2019-03-16,20,0,265,0.0,0.0,0.0,0.0,0.0
2019-03-16,20,0,266,1.49,1.49,0.0,25.062849,0.0
2019-03-16,20,0,267,1.89,1.89,0.0,31.79113,0.0
2019-03-16,20,0,270,44.58,44.58,0.0,765.42457,0.0
2019-03-16,20,0,272,16.57,16.57,0.0,279.324582,0.0
2019-03-16,20,0,273,0.0,0.0,0.0,0.0,0.0
2019-03-16,20,0,274,57.47,57.47,0.0,986.741813,0.0
2019-03-16,20,0,275,80.0,80.0,0.0,1373.574823,0.0
2019-03-16,20,0,276,0.0,0.0,0.0,0.0,0.0
2019-03-16,20,0,277,0.0,0.0,0.0,0.0,0.0
2019-03-16,20,0,278,0.0,0.0,0.0,0.0,0.0
2019-03-16,20,0,279,82.57,82.57,0.0,1391.435098,0.0
2019-03-16,20,0,281,10.68,10.68,0.0,178.576145,0.0
2019-03-16,20,0,282,0.0,0.0,0.0,0.0,0.0
2019-03-16,21,0,9,0.0,0.0,0.0,0.0,0.0
2019-03-16,21,0,17,0.0,0.0,0.0,0.0,0.0
2019-03-16,21,0,19,323.33,323.33,0.0,3055.419216,0.0
2019-03-16,21,0,20,392.14,392.14,0.0,3705.663228,0.0
2019-03-16,21,0,21,0.0,0.0,0.0,0.0,0.0
2019-03-16,21,0,22,0.0,0.0,0.0,0.0,0.0
2019-03-16,21,0,23,16.39,16.39,0.0,212.760442,0.0
2019-03-16,21,0,24,29.0,29.0,0.0,376.452276,0.0
2019-03-16,21,0,29,0.0,0.0,0.0,0.0,0.0
2019-03-16,21,0,30,0.0,0.0,0.0,0.0,0.0
2019-03-16,21,0,31,15.59,15.59,0.0,202.370669,0.0
2019-03-16,21,0,32,0.0,0.0,0.0,0.0,0.0
2019-03-16,21,0,33,0.0,0.0,0.0,0.0,0.0
2019-03-16,21,0,34,0.0,0.0,0.0,0.0,0.0
2019-03-16,21,0,35,0.0,0.0,0.0,0.0,0.0
2019-03-16,21,0,36,0.0,0.0,0.0,0.0,0.0
2019-03-16,21,0,37,0.0,0.0,0.0,0.0,0.0
2019-03-16,21,0,38,0.0,0.0,0.0,0.0,0.0
2019-03-16,21,0,39,0.0,0.0,0.0,0.0,0.0
2019-03-16,21,0,40,0.0,0.0,0.0,0.0,0.0
2019-03-16,21,0,41,2.93,2.93,0.0,38.313259,0.0
2019-03-16,21,0,42,0.0,0.0,0.0,0.0,0.0
2019-03-16,21,0,43,0.0,0.0,0.0,0.0,0.0
2019-03-16,21,0,46,0.0,0.0,0.0,0.0,0.0
2019-03-16,21,0,52,16.52,16.52,0.0,214.442813,0.0
2019-03-16,21,0,53,26.25,26.25,0.0,340.745995,0.0
2019-03-16,21,0,55,48.23,48.23,0.0,626.079079,0.0
2019-03-16,21,0,56,0.0,0.0,0.0,0.0,0.0
2019-03-16,21,0,57,0.0,0.0,0.0,0.0,0.0
2019-03-16,21,0,58,0.0,0.0,0.0,0.0,0.0
2019-03-16,21,0,59,0.0,0.0,0.0,0.0,0.0
2019-03-16,21,0,63,4.81,4.81,0.0,63.483972,0.0
2019-03-16,21,0,64,5.66,5.66,0.0,74.702553,0.0
2019-03-16,21,0,65,12.77,12.77,0.0,134.518046,0.0
2019-03-16,21,0,67,0.0,0.0,0.0,0.0,0.0
2019-03-16,21,0,68,1.61,1.61,0.0,20.915468,0.0
2019-03-16,21,0,69,0.0,0.0,0.0,0.0,0.0
2019-03-16,21,0,74,3.79,3.79,0.0,51.320481,0.0
2019-03-16,21,0,77,27.46,27.46,0.0,356.106447,0.0
2019-03-16,21,0,78,20.8,20.8,0.0,269.738314,0.0
2019-03-16,21,0,79,12.07,12.07,0.0,156.526031,0.0
2019-03-16,21,0,80,19.48,19.48,0.0,252.620306,0.0
2019-03-16,21,0,81,25.42,25.42,0.0,329.651343,0.0
2019-03-16,21,0,82,17.97,17.97,0.0,233.038342,0.0
2019-03-16,21,0,83,39.82,39.82,0.0,516.393253,0.0
2019-03-16,21,0,84,0.0,0.0,0.0,0.0,0.0
2019-03-16,21,0,86,0.0,0.0,0.0,0.0,0.0
2019-03-16,21,0,87,0.0,0.0,0.0,0.0,0.0
2019-03-16,21,0,88,24.68,24.68,0.0,320.054884,0.0
2019-03-16,21,0,89,23.73,23.73,0.0,307.735105,0.0
2019-03-16,21,0,90,31.86,31.86,0.0,413.166475,0.0
2019-03-16,21,0,91,113.65,113.65,0.0,1473.834586,0.0
2019-03-16,21,0,92,40.87,40.87,0.0,530.009851,0.0
2019-03-16,21,0,95,2.43,2.43,0.0,32.312563,0.0
2019-03-16,21,0,96,3.46,3.46,0.0,44.912435,0.0
2019-03-16,21,0,97,21.3,21.3,0.0,276.484065,0.0
2019-03-16,21,0,99,0.73,0.73,0.0,9.884948,0.0
2019-03-16,21,0,101,0.0,0.0,0.0,0.0,0.0
2019-03-16,21,0,102,3.82,3.82,0.0,49.625521,0.0
2019-03-16,21,0,103,3.32,3.32,0.0,43.130034,0.0
2019-03-16,21,0,104,0.62,0.62,0.0,8.054404,0.0
2019-03-16,21,0,106,0.0,0.0,0.0,0.0,0.0
2019-03-16,21,0,109,5.28,5.28,0.0,68.344939,0.0
2019-03-16,21,0,110,129.98,129.98,0.0,1703.552335,0.0
2019-03-16,21,0,111,0.0,0.0,0.0,0.0,0.0
2019-03-16,21,0,113,8.77,8.77,0.0,113.656074,0.0
2019-03-16,21,0,115,8.77,8.77,0.0,113.656074,0.0
2019-03-16,21,0,116,0.0,0.0,0.0,0.0,0.0
2019-03-16,21,0,117,0.59,0.59,0.0,7.64619,0.0
2019-03-16,21,0,119,5.66,5.66,0.0,74.702553,0.0
2019-03-16,21,0,120,3.33,3.33,0.0,43.950442,0.0
2019-03-16,21,0,123,0.0,0.0,0.0,0.0,0.0
2019-03-16,21,0,125,26.24,26.24,0.0,340.624405,0.0
2019-03-16,21,0,126,0.0,0.0,0.0,0.0,0.0
2019-03-16,21,0,127,0.0,0.0,0.0,0.0,0.0
2019-03-16,21,0,128,37.59,37.59,0.0,487.960037,0.0
2019-03-16,21,0,131,4.4,4.4,0.0,57.126936,0.0
2019-03-16,21,0,132,6.46,6.46,0.0,83.872728,0.0
2019-03-16,21,0,133,29.84,29.84,0.0,278.935734,0.0
2019-03-16,21,0,134,0.0,0.0,0.0,0.0,0.0
2019-03-16,21,0,135,38.8,38.8,0.0,362.691236,0.0
2019-03-16,21,0,136,21.31,21.31,0.0,225.745867,0.0
2019-03-16,21,0,139,3.86,3.86,0.0,50.474123,0.0
2019-03-16,21,0,140,96.2,96.2,0.0,1260.822701,0.0
2019-03-16,21,0,141,39.97,39.97,0.0,520.383605,0.0
2019-03-16,21,0,142,0.0,0.0,0.0,0.0,0.0
2019-03-16,21,0,143,33.89,33.89,0.0,439.919306,0.0
2019-03-16,21,0,145,2.22,2.22,0.0,28.792185,0.0
2019-03-16,21,0,146,60.34,60.34,0.0,790.832035,0.0
2019-03-16,21,0,152,0.0,0.0,0.0,0.0,0.0
2019-03-16,21,0,153,0.0,0.0,0.0,0.0,0.0
2019-03-16,21,0,154,0.0,0.0,0.0,0.0,0.0
2019-03-16,21,0,157,49.48,49.48,0.0,644.197668,0.0
2019-03-16,21,0,158,0.0,0.0,0.0,0.0,0.0
2019-03-16,21,0,159,0.0,0.0,0.0,0.0,0.0
2019-03-16,21,0,160,0.0,0.0,0.0,0.0,0.0
2019-03-16,21,0,161,0.0,0.0,0.0,0.0,0.0
2019-03-16,21,0,162,3.87,3.87,0.0,51.453692,0.0
2019-03-16,21,0,163,18.99,18.99,0.0,248.887974,0.0
2019-03-16,21,0,164,0.0,0.0,0.0,0.0,0.0
2019-03-16,21,0,167,0.0,0.0,0.0,0.0,0.0
2019-03-16,21,0,168,0.0,0.0,0.0,0.0,0.0
2019-03-16,21,0,169,0.0,0.0,0.0,0.0,0.0
2019-03-16,21,0,170,0.0,0.0,0.0,0.0,0.0
2019-03-16,21,0,172,0.0,0.0,0.0,0.0,0.0
2019-03-16,21,0,173,0.0,0.0,0.0,0.0,0.0
2019-03-16,21,0,188,0.0,0.0,0.0,0.0,0.0
2019-03-16,21,0,190,0.0,0.0,0.0,0.0,0.0
2019-03-16,21,0,191,0.0,0.0,0.0,0.0,0.0
2019-03-16,21,0,192,25.89,25.89,0.0,341.704787,0.0
2019-03-16,21,0,194,15.97,15.97,0.0,206.500818,0.0
2019-03-16,21,0,196,0.0,0.0,0.0,0.0,0.0
2019-03-16,21,0,198,0.0,0.0,0.0,0.0,0.0
2019-03-16,21,0,199,12.25,12.25,0.0,124.819315,0.0
2019-03-16,21,0,200,0.0,0.0,0.0,0.0,0.0
2019-03-16,21,0,204,45.77,45.77,0.0,590.949268,0.0
2019-03-16,21,0,205,24.52,24.52,0.0,317.389757,0.0
2019-03-16,21,0,206,62.59,62.59,0.0,812.447775,0.0
2019-03-16,21,0,210,0.0,0.0,0.0,0.0,0.0
2019-03-16,21,0,214,0.0,0.0,0.0,0.0,0.0
2019-03-16,21,0,217,0.0,0.0,0.0,0.0,0.0
2019-03-16,21,0,218,0.0,0.0,0.0,0.0,0.0
2019-03-16,21,0,219,0.0,0.0,0.0,0.0,0.0
2019-03-16,21,0,221,0.0,0.0,0.0,0.0,0.0
2019-03-16,21,0,225,0.0,0.0,0.0,0.0,0.0
2019-03-16,21,0,233,0.0,0.0,0.0,0.0,0.0
2019-03-16,21,0,236,7.14,7.14,0.0,97.122557,0.0
2019-03-16,21,0,237,9.1,9.1,0.0,123.223319,0.0
2019-03-16,21,0,238,0.0,0.0,0.0,0.0,0.0
2019-03-16,21,0,240,0.0,0.0,0.0,0.0,0.0
2019-03-16,21,0,245,105.36,105.36,0.0,1085.311788,0.0
2019-03-16,21,0,247,24.26,24.26,0.0,249.901898,0.0
2019-03-16,21,0,248,0.91,0.91,0.0,12.322332,0.0
2019-03-16,21,0,249,202.62,202.62,0.0,2087.185596,0.0
2019-03-16,21,0,251,63.96,63.96,0.0,713.233415,0.0
2019-03-16,21,0,252,82.39,82.39,0.0,867.888942,0.0
2019-03-16,21,0,254,0.0,0.0,0.0,0.0,0.0
2019-03-16,21,0,255,0.0,0.0,0.0,0.0,0.0
2019-03-16,21,0,258,0.0,0.0,0.0,0.0,0.0
2019-03-16,21,0,260,0.0,0.0,0.0,0.0,0.0
2019-03-16,21,0,265,0.0,0.0,0.0,0.0,0.0
2019-03-16,21,0,266,2.42,2.42,0.0,31.644398,0.0
2019-03-16,21,0,267,3.02,3.02,0.0,39.490117,0.0
2019-03-16,21,0,270,59.32,59.32,0.0,777.463645,0.0
2019-03-16,21,0,272,29.28,29.28,0.0,379.458362,0.0
2019-03-16,21,0,273,0.0,0.0,0.0,0.0,0.0
2019-03-16,21,0,274,76.47,76.47,0.0,1002.236091,0.0
2019-03-16,21,0,275,106.45,106.45,0.0,1395.161918,0.0
2019-03-16,21,0,276,0.0,0.0,0.0,0.0,0.0
2019-03-16,21,0,277,0.0,0.0,0.0,0.0,0.0
2019-03-16,21,0,278,0.0,0.0,0.0,0.0,0.0
2019-03-16,21,0,279,86.18,86.18,0.0,1117.157304,0.0
2019-03-16,21,0,281,7.0,7.0,0.0,90.865599,0.0
2019-03-16,21,0,282,0.0,0.0,0.0,0.0,0.0
2019-03-16,22,0,9,0.0,0.0,0.0,0.0,0.0
2019-03-16,22,0,17,0.0,0.0,0.0,0.0,0.0
2019-03-16,22,0,19,292.15,292.15,0.0,2859.211726,0.0
2019-03-16,22,0,20,354.32,354.32,0.0,3467.656679,0.0
2019-03-16,22,0,21,0.0,0.0,0.0,0.0,0.0
2019-03-16,22,0,22,0.0,0.0,0.0,0.0,0.0
2019-03-16,22,0,23,10.24,10.24,0.0,120.114266,0.0
2019-03-16,22,0,24,18.12,18.12,0.0,212.545947,0.0
2019-03-16,22,0,29,0.0,0.0,0.0,0.0,0.0
2019-03-16,22,0,30,0.0,0.0,0.0,0.0,0.0
2019-03-16,22,0,31,9.52,9.52,0.0,111.686251,0.0
2019-03-16,22,0,32,0.0,0.0,0.0,0.0,0.0
2019-03-16,22,0,33,0.0,0.0,0.0,0.0,0.0
2019-03-16,22,0,34,0.0,0.0,0.0,0.0,0.0
2019-03-16,22,0,35,0.0,0.0,0.0,0.0,0.0
2019-03-16,22,0,36,0.0,0.0,0.0,0.0,0.0
2019-03-16,22,0,37,0.0,0.0,0.0,0.0,0.0
2019-03-16,22,0,38,0.0,0.0,0.0,0.0,0.0
2019-03-16,22,0,39,0.0,0.0,0.0,0.0,0.0
2019-03-16,22,0,40,0.0,0.0,0.0,0.0,0.0
2019-03-16,22,0,41,3.62,3.62,0.0,42.28468,0.0
2019-03-16,22,0,42,0.0,0.0,0.0,0.0,0.0
2019-03-16,22,0,43,0.0,0.0,0.0,0.0,0.0
2019-03-16,22,0,46,0.0,0.0,0.0,0.0,0.0
2019-03-16,22,0,52,10.09,10.09,0.0,118.373348,0.0
2019-03-16,22,0,53,16.03,16.03,0.0,188.059937,0.0
2019-03-16,22,0,55,51.39,51.39,0.0,602.800012,0.0
2019-03-16,22,0,56,0.0,0.0,0.0,0.0,0.0
2019-03-16,22,0,57,0.0,0.0,0.0,0.0,0.0
2019-03-16,22,0,58,0.0,0.0,0.0,0.0,0.0
2019-03-16,22,0,59,0.0,0.0,0.0,0.0,0.0
2019-03-16,22,0,63,4.66,4.66,0.0,56.970609,0.0
2019-03-16,22,0,64,5.48,5.48,0.0,66.99548,0.0
2019-03-16,22,0,65,11.13,11.13,0.0,114.850527,0.0
2019-03-16,22,0,67,0.0,0.0,0.0,0.0,0.0
2019-03-16,22,0,68,1.53,1.53,0.0,18.301527,0.0
2019-03-16,22,0,69,0.0,0.0,0.0,0.0,0.0
2019-03-16,22,0,74,2.42,2.42,0.0,28.56518,0.0
2019-03-16,22,0,77,29.24,29.24,0.0,348.45368,0.0
2019-03-16,22,0,78,22.11,22.11,0.0,263.485324,0.0
2019-03-16,22,0,79,12.79,12.79,0.0,152.418692,0.0
2019-03-16,22,0,80,20.69,20.69,0.0,246.563154,0.0
2019-03-16,22,0,81,27.05,27.05,0.0,322.355405,0.0
2019-03-16,22,0,82,19.08,19.08,0.0,227.376751,0.0
2019-03-16,22,0,83,42.55,42.55,0.0,507.069223,0.0
2019-03-16,22,0,84,0.0,0.0,0.0,0.0,0.0
2019-03-16,22,0,86,0.0,0.0,0.0,0.0,0.0
2019-03-16,22,0,87,0.0,0.0,0.0,0.0,0.0
2019-03-16,22,0,88,24.41,24.41,0.0,290.894471,0.0
2019-03-16,22,0,89,23.46,23.46,0.0,279.573301,0.0
2019-03-16,22,0,90,31.5,31.5,0.0,375.386146,0.0
2019-03-16,22,0,91,112.38,112.38,0.0,1339.234765,0.0
2019-03-16,22,0,92,40.42,40.42,0.0,481.685969,0.0
2019-03-16,22,0,95,3.18,3.18,0.0,39.213615,0.0
2019-03-16,22,0,96,2.5,2.5,0.0,29.334181,0.0
2019-03-16,22,0,97,15.35,15.35,0.0,180.111869,0.0
2019-03-16,22,0,99,0.47,0.47,0.0,5.547783,0.0
2019-03-16,22,0,101,0.0,0.0,0.0,0.0,0.0
2019-03-16,22,0,102,3.62,3.62,0.0,43.301653,0.0
2019-03-16,22,0,103,3.15,3.15,0.0,37.679615,0.0
2019-03-16,22,0,104,0.58,0.58,0.0,6.937834,0.0
2019-03-16,22,0,106,0.0,0.0,0.0,0.0,0.0
2019-03-16,22,0,109,8.07,8.07,0.0,93.070669,0.0
2019-03-16,22,0,110,132.22,132.22,0.0,1602.353693,0.0
2019-03-16,22,0,111,0.0,0.0,0.0,0.0,0.0
2019-03-16,22,0,113,14.78,14.78,0.0,176.627523,0.0
2019-03-16,22,0,115,14.78,14.78,0.0,176.627523,0.0
2019-03-16,22,0,116,0.0,0.0,0.0,0.0,0.0
2019-03-16,22,0,117,0.99,0.99,0.0,11.830937,0.0
2019-03-16,22,0,119,5.48,5.48,0.0,66.99548,0.0
2019-03-16,22,0,120,3.22,3.22,0.0,39.365957,0.0
2019-03-16,22,0,123,0.0,0.0,0.0,0.0,0.0
2019-03-16,22,0,125,16.4,16.4,0.0,192.370504,0.0
2019-03-16,22,0,126,0.0,0.0,0.0,0.0,0.0
2019-03-16,22,0,127,0.0,0.0,0.0,0.0,0.0
2019-03-16,22,0,128,23.48,23.48,0.0,275.418258,0.0
2019-03-16,22,0,131,3.73,3.73,0.0,44.578934,0.0
2019-03-16,22,0,132,5.48,5.48,0.0,65.493983,0.0
2019-03-16,22,0,133,36.94,36.94,0.0,359.671891,0.0
2019-03-16,22,0,134,0.0,0.0,0.0,0.0,0.0
2019-03-16,22,0,135,49.49,49.49,0.0,481.866862,0.0
2019-03-16,22,0,136,21.42,21.42,0.0,221.658926,0.0
2019-03-16,22,0,139,4.67,4.67,0.0,54.549574,0.0
2019-03-16,22,0,140,97.86,97.86,0.0,1185.950177,0.0
2019-03-16,22,0,141,32.39,32.39,0.0,388.694441,0.0
2019-03-16,22,0,142,0.0,0.0,0.0,0.0,0.0
2019-03-16,22,0,143,22.5,22.5,0.0,263.964353,0.0
2019-03-16,22,0,145,4.1,4.1,0.0,47.802772,0.0
2019-03-16,22,0,146,76.55,76.55,0.0,927.697589,0.0
2019-03-16,22,0,152,0.0,0.0,0.0,0.0,0.0
2019-03-16,22,0,153,0.0,0.0,0.0,0.0,0.0
2019-03-16,22,0,154,0.0,0.0,0.0,0.0,0.0
2019-03-16,22,0,157,59.36,59.36,0.0,712.346466,0.0
2019-03-16,22,0,158,0.0,0.0,0.0,0.0,0.0
2019-03-16,22,0,159,0.0,0.0,0.0,0.0,0.0
2019-03-16,22,0,160,0.0,0.0,0.0,0.0,0.0
2019-03-16,22,0,161,0.0,0.0,0.0,0.0,0.0
2019-03-16,22,0,162,2.77,2.77,0.0,34.152418,0.0
2019-03-16,22,0,163,27.32,27.32,0.0,331.086847,0.0
2019-03-16,22,0,164,0.0,0.0,0.0,0.0,0.0
2019-03-16,22,0,167,0.0,0.0,0.0,0.0,0.0
2019-03-16,22,0,168,0.0,0.0,0.0,0.0,0.0
2019-03-16,22,0,169,0.0,0.0,0.0,0.0,0.0
2019-03-16,22,0,170,0.0,0.0,0.0,0.0,0.0
2019-03-16,22,0,172,0.0,0.0,0.0,0.0,0.0
2019-03-16,22,0,173,0.0,0.0,0.0,0.0,0.0
2019-03-16,22,0,188,0.0,0.0,0.0,0.0,0.0
2019-03-16,22,0,190,0.0,0.0,0.0,0.0,0.0
2019-03-16,22,0,191,0.0,0.0,0.0,0.0,0.0
2019-03-16,22,0,192,23.4,23.4,0.0,286.075591,0.0
2019-03-16,22,0,194,15.58,15.58,0.0,186.22531,0.0
2019-03-16,22,0,196,0.0,0.0,0.0,0.0,0.0
2019-03-16,22,0,198,0.0,0.0,0.0,0.0,0.0
2019-03-16,22,0,199,17.51,17.51,0.0,166.57284,0.0
2019-03-16,22,0,200,0.0,0.0,0.0,0.0,0.0
2019-03-16,22,0,204,33.61,33.61,0.0,387.220491,0.0
2019-03-16,22,0,205,40.14,40.14,0.0,462.93143,0.0
2019-03-16,22,0,206,45.11,45.11,0.0,529.305956,0.0
2019-03-16,22,0,210,0.0,0.0,0.0,0.0,0.0
2019-03-16,22,0,214,0.0,0.0,0.0,0.0,0.0
2019-03-16,22,0,217,0.0,0.0,0.0,0.0,0.0
2019-03-16,22,0,218,0.0,0.0,0.0,0.0,0.0
2019-03-16,22,0,219,0.0,0.0,0.0,0.0,0.0
2019-03-16,22,0,221,0.0,0.0,0.0,0.0,0.0
2019-03-16,22,0,225,0.0,0.0,0.0,0.0,0.0
2019-03-16,22,0,233,0.0,0.0,0.0,0.0,0.0
2019-03-16,22,0,236,3.25,3.25,0.0,38.432925,0.0
2019-03-16,22,0,237,5.8,5.8,0.0,68.462002,0.0
2019-03-16,22,0,238,0.0,0.0,0.0,0.0,0.0
2019-03-16,22,0,240,0.0,0.0,0.0,0.0,0.0
2019-03-16,22,0,245,89.1,89.1,0.0,909.197809,0.0
2019-03-16,22,0,247,15.98,15.98,0.0,163.06376,0.0
2019-03-16,22,0,248,0.58,0.58,0.0,6.8462,0.0
2019-03-16,22,0,249,171.35,171.35,0.0,1748.496572,0.0
2019-03-16,22,0,251,94.99,94.99,0.0,1009.000609,0.0
2019-03-16,22,0,252,71.81,71.81,0.0,741.00776,0.0
2019-03-16,22,0,254,0.0,0.0,0.0,0.0,0.0
2019-03-16,22,0,255,0.0,0.0,0.0,0.0,0.0
2019-03-16,22,0,258,0.0,0.0,0.0,0.0,0.0
2019-03-16,22,0,260,0.0,0.0,0.0,0.0,0.0
2019-03-16,22,0,265,0.0,0.0,0.0,0.0,0.0
2019-03-16,22,0,266,3.03,3.03,0.0,35.392978,0.0
2019-03-16,22,0,267,3.72,3.72,0.0,43.452766,0.0
2019-03-16,22,0,270,85.32,85.32,0.0,1033.97986,0.0
2019-03-16,22,0,272,49.4,49.4,0.0,590.351804,0.0
2019-03-16,22,0,273,0.0,0.0,0.0,0.0,0.0
2019-03-16,22,0,274,109.99,109.99,0.0,1332.951767,0.0
2019-03-16,22,0,275,153.11,153.11,0.0,1855.516366,0.0
2019-03-16,22,0,276,0.0,0.0,0.0,0.0,0.0
2019-03-16,22,0,277,0.0,0.0,0.0,0.0,0.0
2019-03-16,22,0,278,0.0,0.0,0.0,0.0,0.0
2019-03-16,22,0,279,36.59,36.59,0.0,436.776382,0.0
2019-03-16,22,0,281,4.27,4.27,0.0,50.094568,0.0
2019-03-16,22,0,282,0.0,0.0,0.0,0.0,0.0
2019-03-16,23,0,9,0.0,0.0,0.0,0.0,0.0
2019-03-16,23,0,17,0.0,0.0,0.0,0.0,0.0
2019-03-16,23,0,19,257.17,257.17,0.0,2856.745517,0.0
2019-03-16,23,0,20,311.9,311.9,0.0,3464.707885,0.0
2019-03-16,23,0,21,0.0,0.0,0.0,0.0,0.0
2019-03-16,23,0,22,0.0,0.0,0.0,0.0,0.0
2019-03-16,23,0,23,10.84,10.84,0.0,121.655041,0.0
2019-03-16,23,0,24,19.17,19.17,0.0,215.140879,0.0
2019-03-16,23,0,29,0.0,0.0,0.0,0.0,0.0
2019-03-16,23,0,30,0.0,0.0,0.0,0.0,0.0
2019-03-16,23,0,31,8.19,8.19,0.0,91.939239,0.0
2019-03-16,23,0,32,0.0,0.0,0.0,0.0,0.0
2019-03-16,23,0,33,0.0,0.0,0.0,0.0,0.0
2019-03-16,23,0,34,0.0,0.0,0.0,0.0,0.0
2019-03-16,23,0,35,0.0,0.0,0.0,0.0,0.0
2019-03-16,23,0,36,0.0,0.0,0.0,0.0,0.0
2019-03-16,23,0,37,0.0,0.0,0.0,0.0,0.0
2019-03-16,23,0,38,0.0,0.0,0.0,0.0,0.0
2019-03-16,23,0,39,0.0,0.0,0.0,0.0,0.0
2019-03-16,23,0,40,0.0,0.0,0.0,0.0,0.0
2019-03-16,23,0,41,2.39,2.39,0.0,26.515339,0.0
2019-03-16,23,0,42,0.0,0.0,0.0,0.0,0.0
2019-03-16,23,0,43,0.0,0.0,0.0,0.0,0.0
2019-03-16,23,0,46,0.0,0.0,0.0,0.0,0.0
2019-03-16,23,0,52,8.68,8.68,0.0,97.439877,0.0
2019-03-16,23,0,53,13.78,13.78,0.0,154.691418,0.0
2019-03-16,23,0,55,90.13,90.13,0.0,1011.510038,0.0
2019-03-16,23,0,56,0.0,0.0,0.0,0.0,0.0
2019-03-16,23,0,57,0.0,0.0,0.0,0.0,0.0
2019-03-16,23,0,58,0.0,0.0,0.0,0.0,0.0
2019-03-16,23,0,59,0.0,0.0,0.0,0.0,0.0
2019-03-16,23,0,63,4.66,4.66,0.0,55.421825,0.0
2019-03-16,23,0,64,5.48,5.48,0.0,65.174163,0.0
2019-03-16,23,0,65,11.92,11.92,0.0,132.364683,0.0
2019-03-16,23,0,67,0.0,0.0,0.0,0.0,0.0
2019-03-16,23,0,68,1.24,1.24,0.0,14.355074,0.0
2019-03-16,23,0,69,0.0,0.0,0.0,0.0,0.0
2019-03-16,23,0,74,0.0,0.0,0.0,0.0,0.0
2019-03-16,23,0,77,26.8,26.8,0.0,308.669406,0.0
2019-03-16,23,0,78,20.26,20.26,0.0,233.344857,0.0
2019-03-16,23,0,79,11.73,11.73,0.0,135.100453,0.0
2019-03-16,23,0,80,18.96,18.96,0.0,218.372087,0.0
2019-03-16,23,0,81,24.79,24.79,0.0,285.5192,0.0
2019-03-16,23,0,82,17.49,17.49,0.0,201.44134,0.0
2019-03-16,23,0,83,39.0,39.0,0.0,449.183091,0.0
2019-03-16,23,0,84,0.0,0.0,0.0,0.0,0.0
2019-03-16,23,0,86,0.0,0.0,0.0,0.0,0.0
2019-03-16,23,0,87,0.0,0.0,0.0,0.0,0.0
2019-03-16,23,0,88,20.71,20.71,0.0,238.527739,0.0
2019-03-16,23,0,89,19.91,19.91,0.0,229.313727,0.0
2019-03-16,23,0,90,26.74,26.74,0.0,307.978355,0.0
2019-03-16,23,0,91,95.37,95.37,0.0,1098.425419,0.0
2019-03-16,23,0,92,34.3,34.3,0.0,395.050769,0.0
2019-03-16,23,0,95,3.32,3.32,0.0,39.883977,0.0
2019-03-16,23,0,96,2.26,2.26,0.0,25.377382,0.0
2019-03-16,23,0,97,13.89,13.89,0.0,155.969842,0.0
2019-03-16,23,0,99,0.0,0.0,0.0,0.0,0.0
2019-03-16,23,0,101,0.0,0.0,0.0,0.0,0.0
2019-03-16,23,0,102,2.93,2.93,0.0,33.919651,0.0
2019-03-16,23,0,103,2.55,2.55,0.0,29.520515,0.0
2019-03-16,23,0,104,0.47,0.47,0.0,5.441036,0.0
2019-03-16,23,0,106,0.0,0.0,0.0,0.0,0.0
2019-03-16,23,0,109,5.31,5.31,0.0,58.097773,0.0
2019-03-16,23,0,110,127.0,127.0,0.0,1494.63291,0.0
2019-03-16,23,0,111,0.0,0.0,0.0,0.0,0.0
2019-03-16,23,0,113,12.2,12.2,0.0,141.18915,0.0
2019-03-16,23,0,115,12.2,12.2,0.0,141.18915,0.0
2019-03-16,23,0,116,0.0,0.0,0.0,0.0,0.0
2019-03-16,23,0,117,0.81,0.81,0.0,9.374034,0.0
2019-03-16,23,0,119,5.48,5.48,0.0,65.174163,0.0
2019-03-16,23,0,120,3.22,3.22,0.0,38.295767,0.0
2019-03-16,23,0,123,0.0,0.0,0.0,0.0,0.0
2019-03-16,23,0,125,17.35,17.35,0.0,194.715402,0.0
2019-03-16,23,0,126,0.0,0.0,0.0,0.0,0.0
2019-03-16,23,0,127,0.0,0.0,0.0,0.0,0.0
2019-03-16,23,0,128,24.85,24.85,0.0,278.886325,0.0
2019-03-16,23,0,131,3.34,3.34,0.0,38.623907,0.0
2019-03-16,23,0,132,4.9,4.9,0.0,56.663815,0.0
2019-03-16,23,0,133,36.64,36.64,0.0,407.025249,0.0
2019-03-16,23,0,134,0.0,0.0,0.0,0.0,0.0
2019-03-16,23,0,135,49.09,49.09,0.0,545.329407,0.0
2019-03-16,23,0,136,23.48,23.48,0.0,260.726653,0.0
2019-03-16,23,0,139,3.08,3.08,0.0,34.170395,0.0
2019-03-16,23,0,140,93.99,93.99,0.0,1106.146041,0.0
2019-03-16,23,0,141,29.6,29.6,0.0,344.069172,0.0
2019-03-16,23,0,142,0.0,0.0,0.0,0.0,0.0
2019-03-16,23,0,143,18.56,18.56,0.0,208.350705,0.0
2019-03-16,23,0,145,1.25,1.25,0.0,13.900847,0.0
2019-03-16,23,0,146,88.87,88.87,0.0,1045.889974,0.0
2019-03-16,23,0,152,0.0,0.0,0.0,0.0,0.0
2019-03-16,23,0,153,0.0,0.0,0.0,0.0,0.0
2019-03-16,23,0,154,0.0,0.0,0.0,0.0,0.0
2019-03-16,23,0,157,64.49,64.49,0.0,749.629084,0.0
2019-03-16,23,0,158,0.0,0.0,0.0,0.0,0.0
2019-03-16,23,0,159,0.0,0.0,0.0,0.0,0.0
2019-03-16,23,0,160,0.0,0.0,0.0,0.0,0.0
2019-03-16,23,0,161,0.0,0.0,0.0,0.0,0.0
2019-03-16,23,0,162,1.45,1.45,0.0,17.416036,0.0
2019-03-16,23,0,163,23.69,23.69,0.0,278.801997,0.0
2019-03-16,23,0,164,0.0,0.0,0.0,0.0,0.0
2019-03-16,23,0,167,0.0,0.0,0.0,0.0,0.0
2019-03-16,23,0,168,0.0,0.0,0.0,0.0,0.0
2019-03-16,23,0,169,0.0,0.0,0.0,0.0,0.0
2019-03-16,23,0,170,0.0,0.0,0.0,0.0,0.0
2019-03-16,23,0,172,0.0,0.0,0.0,0.0,0.0
2019-03-16,23,0,173,0.0,0.0,0.0,0.0,0.0
2019-03-16,23,0,188,0.0,0.0,0.0,0.0,0.0
2019-03-16,23,0,190,0.0,0.0,0.0,0.0,0.0
2019-03-16,23,0,191,0.0,0.0,0.0,0.0,0.0
2019-03-16,23,0,192,17.32,17.32,0.0,205.988413,0.0
2019-03-16,23,0,194,13.02,13.02,0.0,150.893213,0.0
2019-03-16,23,0,196,0.0,0.0,0.0,0.0,0.0
2019-03-16,23,0,198,0.0,0.0,0.0,0.0,0.0
2019-03-16,23,0,199,12.75,12.75,0.0,115.026729,0.0
2019-03-16,23,0,200,0.0,0.0,0.0,0.0,0.0
2019-03-16,23,0,204,18.91,18.91,0.0,206.883612,0.0
2019-03-16,23,0,205,28.11,28.11,0.0,307.557139,0.0
2019-03-16,23,0,206,40.82,40.82,0.0,458.364935,0.0
2019-03-16,23,0,210,0.0,0.0,0.0,0.0,0.0
2019-03-16,23,0,214,0.0,0.0,0.0,0.0,0.0
2019-03-16,23,0,217,0.0,0.0,0.0,0.0,0.0
2019-03-16,23,0,218,0.0,0.0,0.0,0.0,0.0
2019-03-16,23,0,219,0.0,0.0,0.0,0.0,0.0
2019-03-16,23,0,221,0.0,0.0,0.0,0.0,0.0
2019-03-16,23,0,225,0.0,0.0,0.0,0.0,0.0
2019-03-16,23,0,233,0.0,0.0,0.0,0.0,0.0
2019-03-16,23,0,236,0.0,0.0,0.0,0.0,0.0
2019-03-16,23,0,237,0.0,0.0,0.0,0.0,0.0
2019-03-16,23,0,238,0.0,0.0,0.0,0.0,0.0
2019-03-16,23,0,240,0.0,0.0,0.0,0.0,0.0
2019-03-16,23,0,245,76.86,76.86,0.0,854.9142,0.0
2019-03-16,23,0,247,14.68,14.68,0.0,163.28572,0.0
2019-03-16,23,0,248,0.0,0.0,0.0,0.0,0.0
2019-03-16,23,0,249,147.81,147.81,0.0,1644.091438,0.0
2019-03-16,23,0,251,53.52,53.52,0.0,593.95938,0.0
2019-03-16,23,0,252,76.88,76.88,0.0,853.70779,0.0
2019-03-16,23,0,254,0.0,0.0,0.0,0.0,0.0
2019-03-16,23,0,255,0.0,0.0,0.0,0.0,0.0
2019-03-16,23,0,258,0.0,0.0,0.0,0.0,0.0
2019-03-16,23,0,260,0.0,0.0,0.0,0.0,0.0
2019-03-16,23,0,265,0.0,0.0,0.0,0.0,0.0
2019-03-16,23,0,266,2.0,2.0,0.0,22.188568,0.0
2019-03-16,23,0,267,2.45,2.45,0.0,27.180996,0.0
2019-03-16,23,0,270,73.99,73.99,0.0,870.77078,0.0
2019-03-16,23,0,272,40.79,40.79,0.0,472.057821,0.0
2019-03-16,23,0,273,0.0,0.0,0.0,0.0,0.0
2019-03-16,23,0,274,95.38,95.38,0.0,1122.504622,0.0
2019-03-16,23,0,275,132.77,132.77,0.0,1562.538673,0.0
2019-03-16,23,0,276,0.0,0.0,0.0,0.0,0.0
2019-03-16,23,0,277,0.0,0.0,0.0,0.0,0.0
2019-03-16,23,0,278,0.0,0.0,0.0,0.0,0.0
2019-03-16,23,0,279,28.06,28.06,0.0,324.112193,0.0
2019-03-16,23,0,281,3.67,3.67,0.0,41.198658,0.0
2019-03-16,23,0,282,0.0,0.0,0.0,0.0,0.0
2019-03-17,0,0,9,0.0,0.0,0.0,0.0,0.0
2019-03-17,0,0,17,0.0,0.0,0.0,0.0,0.0
2019-03-17,0,0,19,229.2,229.2,0.0,3356.644053,0.0
2019-03-17,0,0,20,277.98,277.98,0.0,4071.029293,0.0
2019-03-17,0,0,21,0.0,0.0,0.0,0.0,0.0
2019-03-17,0,0,22,0.0,0.0,0.0,0.0,0.0
2019-03-17,0,0,23,11.49,11.49,0.0,147.106045,0.0
2019-03-17,0,0,24,20.34,20.34,0.0,260.412268,0.0
2019-03-17,0,0,29,0.0,0.0,0.0,0.0,0.0
2019-03-17,0,0,30,0.0,0.0,0.0,0.0,0.0
2019-03-17,0,0,31,6.97,6.97,0.0,89.188459,0.0
2019-03-17,0,0,32,0.0,0.0,0.0,0.0,0.0
2019-03-17,0,0,33,0.0,0.0,0.0,0.0,0.0
2019-03-17,0,0,34,0.0,0.0,0.0,0.0,0.0
2019-03-17,0,0,35,0.0,0.0,0.0,0.0,0.0
2019-03-17,0,0,36,0.0,0.0,0.0,0.0,0.0
2019-03-17,0,0,37,0.0,0.0,0.0,0.0,0.0
2019-03-17,0,0,38,0.0,0.0,0.0,0.0,0.0
2019-03-17,0,0,39,0.0,0.0,0.0,0.0,0.0
2019-03-17,0,0,40,0.0,0.0,0.0,0.0,0.0
2019-03-17,0,0,41,0.0,0.0,0.0,0.0,0.0
2019-03-17,0,0,42,0.0,0.0,0.0,0.0,0.0
2019-03-17,0,0,43,0.0,0.0,0.0,0.0,0.0
2019-03-17,0,0,46,0.0,0.0,0.0,0.0,0.0
2019-03-17,0,0,52,7.39,7.39,0.0,94.562799,0.0
2019-03-17,0,0,53,11.74,11.74,0.0,150.225611,0.0
2019-03-17,0,0,55,91.3,91.3,0.0,1168.910525,0.0
2019-03-17,0,0,56,0.0,0.0,0.0,0.0,0.0
2019-03-17,0,0,57,0.0,0.0,0.0,0.0,0.0
2019-03-17,0,0,58,0.0,0.0,0.0,0.0,0.0
2019-03-17,0,0,59,0.0,0.0,0.0,0.0,0.0
2019-03-17,0,0,63,5.24,5.24,0.0,62.474665,0.0
2019-03-17,0,0,64,6.16,6.16,0.0,73.4435,0.0
2019-03-17,0,0,65,12.87,12.87,0.0,188.184781,0.0
2019-03-17,0,0,67,0.0,0.0,0.0,0.0,0.0
2019-03-17,0,0,68,0.98,0.98,0.0,11.840476,0.0
2019-03-17,0,0,69,0.0,0.0,0.0,0.0,0.0
2019-03-17,0,0,74,0.0,0.0,0.0,0.0,0.0
2019-03-17,0,0,77,24.91,24.91,0.0,302.681481,0.0
2019-03-17,0,0,78,18.83,18.83,0.0,228.803384,0.0
2019-03-17,0,0,79,10.9,10.9,0.0,132.445931,0.0
2019-03-17,0,0,80,17.62,17.62,0.0,214.10067,0.0
2019-03-17,0,0,81,23.04,23.04,0.0,279.959106,0.0
2019-03-17,0,0,82,16.25,16.25,0.0,197.453796,0.0
2019-03-17,0,0,83,36.24,36.24,0.0,440.352343,0.0
2019-03-17,0,0,84,0.0,0.0,0.0,0.0,0.0
2019-03-17,0,0,86,0.0,0.0,0.0,0.0,0.0
2019-03-17,0,0,87,0.0,0.0,0.0,0.0,0.0
2019-03-17,0,0,88,17.96,17.96,0.0,218.232011,0.0
2019-03-17,0,0,89,17.26,17.26,0.0,209.726309,0.0
2019-03-17,0,0,90,23.18,23.18,0.0,281.660246,0.0
2019-03-17,0,0,91,82.68,82.68,0.0,1004.644915,0.0
2019-03-17,0,0,92,29.73,29.73,0.0,361.249315,0.0
2019-03-17,0,0,95,2.34,2.34,0.0,27.873334,0.0
2019-03-17,0,0,96,2.07,2.07,0.0,26.472862,0.0
2019-03-17,0,0,97,12.74,12.74,0.0,162.929597,0.0
2019-03-17,0,0,99,0.0,0.0,0.0,0.0,0.0
2019-03-17,0,0,101,0.0,0.0,0.0,0.0,0.0
2019-03-17,0,0,102,2.32,2.32,0.0,28.030515,0.0
2019-03-17,0,0,103,2.02,2.02,0.0,24.405879,0.0
2019-03-17,0,0,104,0.37,0.37,0.0,4.470384,0.0
2019-03-17,0,0,106,0.0,0.0,0.0,0.0,0.0
2019-03-17,0,0,109,0.0,0.0,0.0,0.0,0.0
2019-03-17,0,0,110,125.02,125.02,0.0,1495.166704,0.0
2019-03-17,0,0,111,0.0,0.0,0.0,0.0,0.0
2019-03-17,0,0,113,10.22,10.22,0.0,122.778041,0.0
2019-03-17,0,0,115,10.22,10.22,0.0,122.778041,0.0
2019-03-17,0,0,116,0.0,0.0,0.0,0.0,0.0
2019-03-17,0,0,117,0.68,0.68,0.0,8.169185,0.0
2019-03-17,0,0,119,6.16,6.16,0.0,73.4435,0.0
2019-03-17,0,0,120,3.62,3.62,0.0,43.159979,0.0
2019-03-17,0,0,123,0.0,0.0,0.0,0.0,0.0
2019-03-17,0,0,125,18.4,18.4,0.0,235.57452,0.0
2019-03-17,0,0,126,0.0,0.0,0.0,0.0,0.0
2019-03-17,0,0,127,0.0,0.0,0.0,0.0,0.0
2019-03-17,0,0,128,26.36,26.36,0.0,337.486106,0.0
2019-03-17,0,0,131,2.98,2.98,0.0,36.028751,0.0
2019-03-17,0,0,132,4.38,4.38,0.0,52.95501,0.0
2019-03-17,0,0,133,36.74,36.74,0.0,538.138774,0.0
2019-03-17,0,0,134,0.0,0.0,0.0,0.0,0.0
2019-03-17,0,0,135,49.23,49.23,0.0,721.082521,0.0
2019-03-17,0,0,136,26.0,26.0,0.0,380.138343,0.0
2019-03-17,0,0,139,0.0,0.0,0.0,0.0,0.0
2019-03-17,0,0,140,92.53,92.53,0.0,1106.605144,0.0
2019-03-17,0,0,141,27.37,27.37,0.0,329.860897,0.0
2019-03-17,0,0,142,0.0,0.0,0.0,0.0,0.0
2019-03-17,0,0,143,38.1,38.1,0.0,487.529452,0.0
2019-03-17,0,0,145,0.94,0.94,0.0,12.224343,0.0
2019-03-17,0,0,146,104.9,104.9,0.0,1254.543171,0.0
2019-03-17,0,0,152,0.0,0.0,0.0,0.0,0.0
2019-03-17,0,0,153,0.0,0.0,0.0,0.0,0.0
2019-03-17,0,0,154,0.0,0.0,0.0,0.0,0.0
2019-03-17,0,0,157,70.13,70.13,0.0,845.200756,0.0
2019-03-17,0,0,158,0.0,0.0,0.0,0.0,0.0
2019-03-17,0,0,159,0.0,0.0,0.0,0.0,0.0
2019-03-17,0,0,160,0.0,0.0,0.0,0.0,0.0
2019-03-17,0,0,161,0.0,0.0,0.0,0.0,0.0
2019-03-17,0,0,162,1.61,1.61,0.0,19.178044,0.0
2019-03-17,0,0,163,20.33,20.33,0.0,243.135011,0.0
2019-03-17,0,0,164,0.0,0.0,0.0,0.0,0.0
2019-03-17,0,0,167,0.0,0.0,0.0,0.0,0.0
2019-03-17,0,0,168,0.0,0.0,0.0,0.0,0.0
2019-03-17,0,0,169,0.0,0.0,0.0,0.0,0.0
2019-03-17,0,0,170,0.0,0.0,0.0,0.0,0.0
2019-03-17,0,0,172,0.0,0.0,0.0,0.0,0.0
2019-03-17,0,0,173,0.0,0.0,0.0,0.0,0.0
2019-03-17,0,0,188,0.0,0.0,0.0,0.0,0.0
2019-03-17,0,0,190,0.0,0.0,0.0,0.0,0.0
2019-03-17,0,0,191,0.0,0.0,0.0,0.0,0.0
2019-03-17,0,0,192,12.51,12.51,0.0,149.152302,0.0
2019-03-17,0,0,194,12.19,12.19,0.0,145.154917,0.0
2019-03-17,0,0,196,0.0,0.0,0.0,0.0,0.0
2019-03-17,0,0,198,0.0,0.0,0.0,0.0,0.0
2019-03-17,0,0,199,5.42,5.42,0.0,57.526224,0.0
2019-03-17,0,0,200,0.0,0.0,0.0,0.0,0.0
2019-03-17,0,0,204,0.0,0.0,0.0,0.0,0.0
2019-03-17,0,0,205,0.0,0.0,0.0,0.0,0.0
2019-03-17,0,0,206,37.43,37.43,0.0,478.68562,0.0
2019-03-17,0,0,210,0.0,0.0,0.0,0.0,0.0
2019-03-17,0,0,214,0.0,0.0,0.0,0.0,0.0
2019-03-17,0,0,217,0.0,0.0,0.0,0.0,0.0
2019-03-17,0,0,218,0.0,0.0,0.0,0.0,0.0
2019-03-17,0,0,219,0.0,0.0,0.0,0.0,0.0
2019-03-17,0,0,221,0.0,0.0,0.0,0.0,0.0
2019-03-17,0,0,225,0.0,0.0,0.0,0.0,0.0
2019-03-17,0,0,233,0.0,0.0,0.0,0.0,0.0
2019-03-17,0,0,236,0.0,0.0,0.0,0.0,0.0
2019-03-17,0,0,237,0.0,0.0,0.0,0.0,0.0
2019-03-17,0,0,238,0.0,0.0,0.0,0.0,0.0
2019-03-17,0,0,240,0.0,0.0,0.0,0.0,0.0
2019-03-17,0,0,245,43.15,43.15,0.0,635.594559,0.0
2019-03-17,0,0,247,13.84,13.84,0.0,203.861615,0.0
2019-03-17,0,0,248,0.0,0.0,0.0,0.0,0.0
2019-03-17,0,0,249,80.83,80.83,0.0,1190.616645,0.0
2019-03-17,0,0,251,61.83,61.83,0.0,901.734415,0.0
2019-03-17,0,0,252,83.02,83.02,0.0,1213.916124,0.0
2019-03-17,0,0,254,0.0,0.0,0.0,0.0,0.0
2019-03-17,0,0,255,0.0,0.0,0.0,0.0,0.0
2019-03-17,0,0,258,0.0,0.0,0.0,0.0,0.0
2019-03-17,0,0,260,0.0,0.0,0.0,0.0,0.0
2019-03-17,0,0,265,0.0,0.0,0.0,0.0,0.0
2019-03-17,0,0,266,0.0,0.0,0.0,0.0,0.0
2019-03-17,0,0,267,0.0,0.0,0.0,0.0,0.0
2019-03-17,0,0,270,63.48,63.48,0.0,759.183989,0.0
2019-03-17,0,0,272,34.15,34.15,0.0,410.261262,0.0
2019-03-17,0,0,273,0.0,0.0,0.0,0.0,0.0
2019-03-17,0,0,274,81.83,81.83,0.0,978.639349,0.0
2019-03-17,0,0,275,113.91,113.91,0.0,1362.297546,0.0
2019-03-17,0,0,276,0.0,0.0,0.0,0.0,0.0
2019-03-17,0,0,277,0.0,0.0,0.0,0.0,0.0
2019-03-17,0,0,278,0.0,0.0,0.0,0.0,0.0
2019-03-17,0,0,279,21.08,21.08,0.0,254.406747,0.0
2019-03-17,0,0,281,3.13,3.13,0.0,40.051632,0.0
2019-03-17,0,0,282,0.0,0.0,0.0,0.0,0.0
2019-03-17,1,0,9,0.0,0.0,0.0,0.0,0.0
2019-03-17,1,0,17,0.0,0.0,0.0,0.0,0.0
2019-03-17,1,0,19,207.7,207.7,0.0,2860.021408,0.0
2019-03-17,1,0,20,251.9,251.9,0.0,3468.653793,0.0
2019-03-17,1,0,21,0.0,0.0,0.0,0.0,0.0
2019-03-17,1,0,22,0.0,0.0,0.0,0.0,0.0
2019-03-17,1,0,23,12.11,12.11,0.0,151.039801,0.0
2019-03-17,1,0,24,21.42,21.42,0.0,267.157104,0.0
2019-03-17,1,0,29,0.0,0.0,0.0,0.0,0.0
2019-03-17,1,0,30,0.0,0.0,0.0,0.0,0.0
2019-03-17,1,0,31,13.26,13.26,0.0,165.32204,0.0
2019-03-17,1,0,32,0.0,0.0,0.0,0.0,0.0
2019-03-17,1,0,33,0.0,0.0,0.0,0.0,0.0
2019-03-17,1,0,34,0.0,0.0,0.0,0.0,0.0
2019-03-17,1,0,35,0.0,0.0,0.0,0.0,0.0
2019-03-17,1,0,36,0.0,0.0,0.0,0.0,0.0
2019-03-17,1,0,37,0.0,0.0,0.0,0.0,0.0
2019-03-17,1,0,38,0.0,0.0,0.0,0.0,0.0
2019-03-17,1,0,39,0.0,0.0,0.0,0.0,0.0
2019-03-17,1,0,40,0.0,0.0,0.0,0.0,0.0
2019-03-17,1,0,41,0.0,0.0,0.0,0.0,0.0
2019-03-17,1,0,42,0.0,0.0,0.0,0.0,0.0
2019-03-17,1,0,43,0.0,0.0,0.0,0.0,0.0
2019-03-17,1,0,46,0.0,0.0,0.0,0.0,0.0
2019-03-17,1,0,52,14.11,14.11,0.0,175.919607,0.0
2019-03-17,1,0,53,23.07,23.07,0.0,287.630427,0.0
2019-03-17,1,0,55,77.59,77.59,0.0,967.727343,0.0
2019-03-17,1,0,56,0.0,0.0,0.0,0.0,0.0
2019-03-17,1,0,57,0.0,0.0,0.0,0.0,0.0
2019-03-17,1,0,58,0.0,0.0,0.0,0.0,0.0
2019-03-17,1,0,59,0.0,0.0,0.0,0.0,0.0
2019-03-17,1,0,63,6.51,6.51,0.0,77.58741,0.0
2019-03-17,1,0,64,7.66,7.66,0.0,91.293327,0.0
2019-03-17,1,0,65,14.0,14.0,0.0,192.543835,0.0
2019-03-17,1,0,67,0.0,0.0,0.0,0.0,0.0
2019-03-17,1,0,68,0.77,0.77,0.0,9.238203,0.0
2019-03-17,1,0,69,0.0,0.0,0.0,0.0,0.0
2019-03-17,1,0,74,0.0,0.0,0.0,0.0,0.0
2019-03-17,1,0,77,23.19,23.19,0.0,279.214739,0.0
2019-03-17,1,0,78,17.53,17.53,0.0,211.066596,0.0
2019-03-17,1,0,79,10.14,10.14,0.0,122.088721,0.0
2019-03-17,1,0,80,16.41,16.41,0.0,197.581452,0.0
2019-03-17,1,0,81,21.45,21.45,0.0,258.264603,0.0
2019-03-17,1,0,82,15.13,15.13,0.0,182.169858,0.0
2019-03-17,1,0,83,33.74,33.74,0.0,406.239986,0.0
2019-03-17,1,0,84,0.0,0.0,0.0,0.0,0.0
2019-03-17,1,0,86,0.0,0.0,0.0,0.0,0.0
2019-03-17,1,0,87,0.0,0.0,0.0,0.0,0.0
2019-03-17,1,0,88,15.94,15.94,0.0,191.922507,0.0
2019-03-17,1,0,89,15.33,15.33,0.0,184.577919,0.0
2019-03-17,1,0,90,20.58,20.58,0.0,247.789535,0.0
2019-03-17,1,0,91,73.41,73.41,0.0,883.878998,0.0
2019-03-17,1,0,92,26.4,26.4,0.0,317.864127,0.0
2019-03-17,1,0,95,4.39,4.39,0.0,52.343169,0.0
2019-03-17,1,0,96,1.9,1.9,0.0,23.679554,0.0
2019-03-17,1,0,97,11.68,11.68,0.0,145.566944,0.0
2019-03-17,1,0,99,0.0,0.0,0.0,0.0,0.0
2019-03-17,1,0,101,0.0,0.0,0.0,0.0,0.0
2019-03-17,1,0,102,1.81,1.81,0.0,21.715776,0.0
2019-03-17,1,0,103,1.58,1.58,0.0,18.956313,0.0
2019-03-17,1,0,104,0.29,0.29,0.0,3.479323,0.0
2019-03-17,1,0,106,0.0,0.0,0.0,0.0,0.0
2019-03-17,1,0,109,0.0,0.0,0.0,0.0,0.0
2019-03-17,1,0,110,126.41,126.41,0.0,1508.198893,0.0
2019-03-17,1,0,111,0.0,0.0,0.0,0.0,0.0
2019-03-17,1,0,113,4.92,4.92,0.0,58.786472,0.0
2019-03-17,1,0,115,4.92,4.92,0.0,58.786472,0.0
2019-03-17,1,0,116,0.0,0.0,0.0,0.0,0.0
2019-03-17,1,0,117,0.34,0.34,0.0,4.06248,0.0
2019-03-17,1,0,119,7.66,7.66,0.0,91.293327,0.0
2019-03-17,1,0,120,4.5,4.5,0.0,53.63185,0.0
2019-03-17,1,0,123,0.0,0.0,0.0,0.0,0.0
2019-03-17,1,0,125,19.39,19.39,0.0,241.838293,0.0
2019-03-17,1,0,126,0.0,0.0,0.0,0.0,0.0
2019-03-17,1,0,127,0.0,0.0,0.0,0.0,0.0
2019-03-17,1,0,128,27.76,27.76,0.0,346.231615,0.0
2019-03-17,1,0,131,2.66,2.66,0.0,31.925449,0.0
2019-03-17,1,0,132,3.91,3.91,0.0,46.92801,0.0
2019-03-17,1,0,133,37.42,37.42,0.0,515.331375,0.0
2019-03-17,1,0,134,0.0,0.0,0.0,0.0,0.0
2019-03-17,1,0,135,50.14,50.14,0.0,690.505483,0.0
2019-03-17,1,0,136,29.09,29.09,0.0,400.051701,0.0
2019-03-17,1,0,139,0.0,0.0,0.0,0.0,0.0
2019-03-17,1,0,140,93.55,93.55,0.0,1116.145925,0.0
2019-03-17,1,0,141,25.15,25.15,0.0,301.32863,0.0
2019-03-17,1,0,142,0.0,0.0,0.0,0.0,0.0
2019-03-17,1,0,143,40.11,40.11,0.0,500.080469,0.0
2019-03-17,1,0,145,0.73,0.73,0.0,9.201484,0.0
2019-03-17,1,0,146,124.41,124.41,0.0,1484.336874,0.0
2019-03-17,1,0,152,0.0,0.0,0.0,0.0,0.0
2019-03-17,1,0,153,0.0,0.0,0.0,0.0,0.0
2019-03-17,1,0,154,0.0,0.0,0.0,0.0,0.0
2019-03-17,1,0,157,76.33,76.33,0.0,914.529397,0.0
2019-03-17,1,0,158,0.0,0.0,0.0,0.0,0.0
2019-03-17,1,0,159,0.0,0.0,0.0,0.0,0.0
2019-03-17,1,0,160,0.0,0.0,0.0,0.0,0.0
2019-03-17,1,0,161,0.0,0.0,0.0,0.0,0.0
2019-03-17,1,0,162,1.88,1.88,0.0,22.41551,0.0
2019-03-17,1,0,163,17.44,17.44,0.0,208.076803,0.0
2019-03-17,1,0,164,0.0,0.0,0.0,0.0,0.0
2019-03-17,1,0,167,0.0,0.0,0.0,0.0,0.0
2019-03-17,1,0,168,0.0,0.0,0.0,0.0,0.0
2019-03-17,1,0,169,0.0,0.0,0.0,0.0,0.0
2019-03-17,1,0,170,0.0,0.0,0.0,0.0,0.0
2019-03-17,1,0,172,0.0,0.0,0.0,0.0,0.0
2019-03-17,1,0,173,0.0,0.0,0.0,0.0,0.0
2019-03-17,1,0,188,0.0,0.0,0.0,0.0,0.0
2019-03-17,1,0,190,0.0,0.0,0.0,0.0,0.0
2019-03-17,1,0,191,0.0,0.0,0.0,0.0,0.0
2019-03-17,1,0,192,8.76,8.76,0.0,104.403335,0.0
2019-03-17,1,0,194,13.04,13.04,0.0,154.849978,0.0
2019-03-17,1,0,196,0.0,0.0,0.0,0.0,0.0
2019-03-17,1,0,198,0.0,0.0,0.0,0.0,0.0
2019-03-17,1,0,199,14.6,14.6,0.0,155.921398,0.0
2019-03-17,1,0,200,0.0,0.0,0.0,0.0,0.0
2019-03-17,1,0,204,0.0,0.0,0.0,0.0,0.0
2019-03-17,1,0,205,0.0,0.0,0.0,0.0,0.0
2019-03-17,1,0,206,34.33,34.33,0.0,427.852157,0.0
2019-03-17,1,0,210,0.0,0.0,0.0,0.0,0.0
2019-03-17,1,0,214,0.0,0.0,0.0,0.0,0.0
2019-03-17,1,0,217,0.0,0.0,0.0,0.0,0.0
2019-03-17,1,0,218,0.0,0.0,0.0,0.0,0.0
2019-03-17,1,0,219,0.0,0.0,0.0,0.0,0.0
2019-03-17,1,0,221,0.0,0.0,0.0,0.0,0.0
2019-03-17,1,0,225,0.0,0.0,0.0,0.0,0.0
2019-03-17,1,0,233,0.0,0.0,0.0,0.0,0.0
2019-03-17,1,0,236,4.37,4.37,0.0,59.148557,0.0
2019-03-17,1,0,237,0.0,0.0,0.0,0.0,0.0
2019-03-17,1,0,238,0.0,0.0,0.0,0.0,0.0
2019-03-17,1,0,240,0.0,0.0,0.0,0.0,0.0
2019-03-17,1,0,245,18.8,18.8,0.0,260.038988,0.0
2019-03-17,1,0,247,13.54,13.54,0.0,187.283399,0.0
2019-03-17,1,0,248,0.0,0.0,0.0,0.0,0.0
2019-03-17,1,0,249,36.16,36.16,0.0,500.160097,0.0
2019-03-17,1,0,251,71.54,71.54,0.0,981.921918,0.0
2019-03-17,1,0,252,90.33,90.33,0.0,1242.320329,0.0
2019-03-17,1,0,254,0.0,0.0,0.0,0.0,0.0
2019-03-17,1,0,255,0.0,0.0,0.0,0.0,0.0
2019-03-17,1,0,258,0.0,0.0,0.0,0.0,0.0
2019-03-17,1,0,260,0.0,0.0,0.0,0.0,0.0
2019-03-17,1,0,265,0.0,0.0,0.0,0.0,0.0
2019-03-17,1,0,266,0.0,0.0,0.0,0.0,0.0
2019-03-17,1,0,267,0.0,0.0,0.0,0.0,0.0
2019-03-17,1,0,270,54.45,54.45,0.0,649.64346,0.0
2019-03-17,1,0,272,16.42,16.42,0.0,196.193878,0.0
2019-03-17,1,0,273,0.0,0.0,0.0,0.0,0.0
2019-03-17,1,0,274,70.19,70.19,0.0,837.437547,0.0
2019-03-17,1,0,275,97.71,97.71,0.0,1165.778924,0.0
2019-03-17,1,0,276,0.0,0.0,0.0,0.0,0.0
2019-03-17,1,0,277,0.0,0.0,0.0,0.0,0.0
2019-03-17,1,0,278,0.0,0.0,0.0,0.0,0.0
2019-03-17,1,0,279,15.36,15.36,0.0,184.094043,0.0
2019-03-17,1,0,281,5.47,5.47,0.0,68.198458,0.0
2019-03-17,1,0,282,0.0,0.0,0.0,0.0,0.0
2019-03-17,2,0,9,0.0,0.0,0.0,0.0,0.0
2019-03-17,2,0,17,0.0,0.0,0.0,0.0,0.0
2019-03-17,2,0,19,328.36,328.36,0.0,3627.624082,0.0
2019-03-17,2,0,20,398.24,398.24,0.0,4399.637636,0.0
2019-03-17,2,0,21,0.0,0.0,0.0,0.0,0.0
2019-03-17,2,0,22,0.0,0.0,0.0,0.0,0.0
2019-03-17,2,0,23,6.32,6.32,0.0,80.580807,0.0
2019-03-17,2,0,24,11.18,11.18,0.0,142.546428,0.0
2019-03-17,2,0,29,0.0,0.0,0.0,0.0,0.0
2019-03-17,2,0,30,0.0,0.0,0.0,0.0,0.0
2019-03-17,2,0,31,4.03,4.03,0.0,51.426644,0.0
2019-03-17,2,0,32,0.0,0.0,0.0,0.0,0.0
2019-03-17,2,0,33,0.0,0.0,0.0,0.0,0.0
2019-03-17,2,0,34,0.0,0.0,0.0,0.0,0.0
2019-03-17,2,0,35,0.0,0.0,0.0,0.0,0.0
2019-03-17,2,0,36,0.0,0.0,0.0,0.0,0.0
2019-03-17,2,0,37,0.0,0.0,0.0,0.0,0.0
2019-03-17,2,0,38,0.0,0.0,0.0,0.0,0.0
2019-03-17,2,0,39,0.0,0.0,0.0,0.0,0.0
2019-03-17,2,0,40,0.0,0.0,0.0,0.0,0.0
2019-03-17,2,0,41,0.0,0.0,0.0,0.0,0.0
2019-03-17,2,0,42,0.0,0.0,0.0,0.0,0.0
2019-03-17,2,0,43,0.0,0.0,0.0,0.0,0.0
2019-03-17,2,0,46,0.0,0.0,0.0,0.0,0.0
2019-03-17,2,0,52,4.28,4.28,0.0,54.616883,0.0
2019-03-17,2,0,53,6.79,6.79,0.0,86.646877,0.0
2019-03-17,2,0,55,53.02,53.02,0.0,676.011772,0.0
2019-03-17,2,0,56,0.0,0.0,0.0,0.0,0.0
2019-03-17,2,0,57,0.0,0.0,0.0,0.0,0.0
2019-03-17,2,0,58,0.0,0.0,0.0,0.0,0.0
2019-03-17,2,0,59,0.0,0.0,0.0,0.0,0.0
2019-03-17,2,0,63,0.0,0.0,0.0,0.0,0.0
2019-03-17,2,0,64,0.0,0.0,0.0,0.0,0.0
2019-03-17,2,0,65,11.23,11.23,0.0,124.200503,0.0
2019-03-17,2,0,67,0.0,0.0,0.0,0.0,0.0
2019-03-17,2,0,68,0.29,0.29,0.0,4.04442,0.0
2019-03-17,2,0,69,0.0,0.0,0.0,0.0,0.0
2019-03-17,2,0,74,0.0,0.0,0.0,0.0,0.0
2019-03-17,2,0,77,9.31,9.31,0.0,128.393659,0.0
2019-03-17,2,0,78,7.04,7.04,0.0,97.088223,0.0
2019-03-17,2,0,79,4.07,4.07,0.0,56.129129,0.0
2019-03-17,2,0,80,6.59,6.59,0.0,90.8823,0.0
2019-03-17,2,0,81,8.61,8.61,0.0,118.74,0.0
2019-03-17,2,0,82,6.07,6.07,0.0,83.711011,0.0
2019-03-17,2,0,83,13.54,13.54,0.0,186.729339,0.0
2019-03-17,2,0,84,0.0,0.0,0.0,0.0,0.0
2019-03-17,2,0,86,0.0,0.0,0.0,0.0,0.0
2019-03-17,2,0,87,0.0,0.0,0.0,0.0,0.0
2019-03-17,2,0,88,6.8,6.8,0.0,93.778398,0.0
2019-03-17,2,0,89,6.54,6.54,0.0,90.192753,0.0
2019-03-17,2,0,90,8.78,8.78,0.0,121.08446,0.0
2019-03-17,2,0,91,31.31,31.31,0.0,431.794357,0.0
2019-03-17,2,0,92,11.26,11.26,0.0,155.285994,0.0
2019-03-17,2,0,95,1.36,1.36,0.0,20.128635,0.0
2019-03-17,2,0,96,0.76,0.76,0.0,9.706924,0.0
2019-03-17,2,0,97,4.65,4.65,0.0,59.391047,0.0
2019-03-17,2,0,99,0.0,0.0,0.0,0.0,0.0
2019-03-17,2,0,101,0.0,0.0,0.0,0.0,0.0
2019-03-17,2,0,102,0.68,0.68,0.0,9.483467,0.0
2019-03-17,2,0,103,0.59,0.59,0.0,8.228302,0.0
2019-03-17,2,0,104,0.11,0.11,0.0,1.53409,0.0
2019-03-17,2,0,106,0.0,0.0,0.0,0.0,0.0
2019-03-17,2,0,109,0.0,0.0,0.0,0.0,0.0
2019-03-17,2,0,110,115.7,115.7,0.0,1661.840926,0.0
2019-03-17,2,0,111,0.0,0.0,0.0,0.0,0.0
2019-03-17,2,0,113,2.35,2.35,0.0,32.898721,0.0
2019-03-17,2,0,115,2.35,2.35,0.0,32.898721,0.0
2019-03-17,2,0,116,0.0,0.0,0.0,0.0,0.0
2019-03-17,2,0,117,0.13,0.13,0.0,1.819929,0.0
2019-03-17,2,0,119,0.0,0.0,0.0,0.0,0.0
2019-03-17,2,0,120,0.0,0.0,0.0,0.0,0.0
2019-03-17,2,0,123,0.0,0.0,0.0,0.0,0.0
2019-03-17,2,0,125,10.12,10.12,0.0,129.031293,0.0
2019-03-17,2,0,126,0.0,0.0,0.0,0.0,0.0
2019-03-17,2,0,127,0.0,0.0,0.0,0.0,0.0
2019-03-17,2,0,128,14.49,14.49,0.0,184.749351,0.0
2019-03-17,2,0,131,1.03,1.03,0.0,14.33642,0.0
2019-03-17,2,0,132,1.52,1.52,0.0,21.156659,0.0
2019-03-17,2,0,133,45.15,45.15,0.0,498.752779,0.0
2019-03-17,2,0,134,0.0,0.0,0.0,0.0,0.0
2019-03-17,2,0,135,60.5,60.5,0.0,668.317677,0.0
2019-03-17,2,0,136,21.77,21.77,0.0,240.784154,0.0
2019-03-17,2,0,139,0.0,0.0,0.0,0.0,0.0
2019-03-17,2,0,140,85.63,85.63,0.0,1229.934646,0.0
2019-03-17,2,0,141,18.05,18.05,0.0,253.583498,0.0
2019-03-17,2,0,142,0.0,0.0,0.0,0.0,0.0
2019-03-17,2,0,143,17.37,17.37,0.0,221.657769,0.0
2019-03-17,2,0,145,0.0,0.0,0.0,0.0,0.0
2019-03-17,2,0,146,113.0,113.0,0.0,1623.05985,0.0
2019-03-17,2,0,152,0.0,0.0,0.0,0.0,0.0
2019-03-17,2,0,153,0.0,0.0,0.0,0.0,0.0
2019-03-17,2,0,154,0.0,0.0,0.0,0.0,0.0
2019-03-17,2,0,157,65.25,65.25,0.0,916.693808,0.0
2019-03-17,2,0,158,0.0,0.0,0.0,0.0,0.0
2019-03-17,2,0,159,0.0,0.0,0.0,0.0,0.0
2019-03-17,2,0,160,0.0,0.0,0.0,0.0,0.0
2019-03-17,2,0,161,0.0,0.0,0.0,0.0,0.0
2019-03-17,2,0,162,1.34,1.34,0.0,19.827712,0.0
2019-03-17,2,0,163,8.32,8.32,0.0,119.503168,0.0
2019-03-17,2,0,164,0.0,0.0,0.0,0.0,0.0
2019-03-17,2,0,167,0.0,0.0,0.0,0.0,0.0
2019-03-17,2,0,168,0.0,0.0,0.0,0.0,0.0
2019-03-17,2,0,169,0.0,0.0,0.0,0.0,0.0
2019-03-17,2,0,170,0.0,0.0,0.0,0.0,0.0
2019-03-17,2,0,172,0.0,0.0,0.0,0.0,0.0
2019-03-17,2,0,173,0.0,0.0,0.0,0.0,0.0
2019-03-17,2,0,188,0.0,0.0,0.0,0.0,0.0
2019-03-17,2,0,190,0.0,0.0,0.0,0.0,0.0
2019-03-17,2,0,191,0.0,0.0,0.0,0.0,0.0
2019-03-17,2,0,192,0.0,0.0,0.0,0.0,0.0
2019-03-17,2,0,194,7.09,7.09,0.0,100.093626,0.0
2019-03-17,2,0,196,0.0,0.0,0.0,0.0,0.0
2019-03-17,2,0,198,0.0,0.0,0.0,0.0,0.0
2019-03-17,2,0,199,5.73,5.73,0.0,63.483735,0.0
2019-03-17,2,0,200,0.0,0.0,0.0,0.0,0.0
2019-03-17,2,0,204,0.0,0.0,0.0,0.0,0.0
2019-03-17,2,0,205,0.0,0.0,0.0,0.0,0.0
2019-03-17,2,0,206,13.67,13.67,0.0,174.596907,0.0
2019-03-17,2,0,210,0.0,0.0,0.0,0.0,0.0
2019-03-17,2,0,214,0.0,0.0,0.0,0.0,0.0
2019-03-17,2,0,217,0.0,0.0,0.0,0.0,0.0
2019-03-17,2,0,218,0.0,0.0,0.0,0.0,0.0
2019-03-17,2,0,219,0.0,0.0,0.0,0.0,0.0
2019-03-17,2,0,221,0.0,0.0,0.0,0.0,0.0
2019-03-17,2,0,225,0.0,0.0,0.0,0.0,0.0
2019-03-17,2,0,233,0.0,0.0,0.0,0.0,0.0
2019-03-17,2,0,236,4.62,4.62,0.0,51.796804,0.0
2019-03-17,2,0,237,0.0,0.0,0.0,0.0,0.0
2019-03-17,2,0,238,0.0,0.0,0.0,0.0,0.0
2019-03-17,2,0,240,0.0,0.0,0.0,0.0,0.0
2019-03-17,2,0,245,39.85,39.85,0.0,438.492162,0.0
2019-03-17,2,0,247,18.69,18.69,0.0,205.656675,0.0
2019-03-17,2,0,248,0.0,0.0,0.0,0.0,0.0
2019-03-17,2,0,249,76.64,76.64,0.0,843.313407,0.0
2019-03-17,2,0,251,64.36,64.36,0.0,713.070988,0.0
2019-03-17,2,0,252,72.42,72.42,0.0,800.943941,0.0
2019-03-17,2,0,254,0.0,0.0,0.0,0.0,0.0
2019-03-17,2,0,255,0.0,0.0,0.0,0.0,0.0
2019-03-17,2,0,258,0.0,0.0,0.0,0.0,0.0
2019-03-17,2,0,260,0.0,0.0,0.0,0.0,0.0
2019-03-17,2,0,265,0.0,0.0,0.0,0.0,0.0
2019-03-17,2,0,266,0.0,0.0,0.0,0.0,0.0
2019-03-17,2,0,267,0.0,0.0,0.0,0.0,0.0
2019-03-17,2,0,270,25.99,25.99,0.0,373.303765,0.0
2019-03-17,2,0,272,10.15,10.15,0.0,142.094477,0.0
2019-03-17,2,0,273,0.0,0.0,0.0,0.0,0.0
2019-03-17,2,0,274,33.51,33.51,0.0,481.316244,0.0
2019-03-17,2,0,275,46.64,46.64,0.0,669.907181,0.0
2019-03-17,2,0,276,0.0,0.0,0.0,0.0,0.0
2019-03-17,2,0,277,0.0,0.0,0.0,0.0,0.0
2019-03-17,2,0,278,0.0,0.0,0.0,0.0,0.0
2019-03-17,2,0,279,6.39,6.39,0.0,88.922338,0.0
2019-03-17,2,0,281,1.81,1.81,0.0,23.097327,0.0
2019-03-17,2,0,282,0.0,0.0,0.0,0.0,0.0
2019-03-17,3,0,9,0.0,0.0,0.0,0.0,0.0
2019-03-17,3,0,17,0.0,0.0,0.0,0.0,0.0
2019-03-17,3,0,19,493.23,493.23,0.0,2747.035724,0.0
2019-03-17,3,0,20,598.19,598.19,0.0,3331.60858,0.0
2019-03-17,3,0,21,0.0,0.0,0.0,0.0,0.0
2019-03-17,3,0,22,0.0,0.0,0.0,0.0,0.0
2019-03-17,3,0,23,2.77,2.77,0.0,41.384322,0.0
2019-03-17,3,0,24,4.9,4.9,0.0,73.206923,0.0
2019-03-17,3,0,29,0.0,0.0,0.0,0.0,0.0
2019-03-17,3,0,30,0.0,0.0,0.0,0.0,0.0
2019-03-17,3,0,31,2.61,2.61,0.0,39.055372,0.0
2019-03-17,3,0,32,0.0,0.0,0.0,0.0,0.0
2019-03-17,3,0,33,0.0,0.0,0.0,0.0,0.0
2019-03-17,3,0,34,0.0,0.0,0.0,0.0,0.0
2019-03-17,3,0,35,0.0,0.0,0.0,0.0,0.0
2019-03-17,3,0,36,0.0,0.0,0.0,0.0,0.0
2019-03-17,3,0,37,0.0,0.0,0.0,0.0,0.0
2019-03-17,3,0,38,0.0,0.0,0.0,0.0,0.0
2019-03-17,3,0,39,0.0,0.0,0.0,0.0,0.0
2019-03-17,3,0,40,0.0,0.0,0.0,0.0,0.0
2019-03-17,3,0,41,0.0,0.0,0.0,0.0,0.0
2019-03-17,3,0,42,0.0,0.0,0.0,0.0,0.0
2019-03-17,3,0,43,0.0,0.0,0.0,0.0,0.0
2019-03-17,3,0,46,0.0,0.0,0.0,0.0,0.0
2019-03-17,3,0,52,2.77,2.77,0.0,41.449572,0.0
2019-03-17,3,0,53,4.4,4.4,0.0,65.840475,0.0
2019-03-17,3,0,55,26.87,26.87,0.0,401.442863,0.0
2019-03-17,3,0,56,0.0,0.0,0.0,0.0,0.0
2019-03-17,3,0,57,0.0,0.0,0.0,0.0,0.0
2019-03-17,3,0,58,0.0,0.0,0.0,0.0,0.0
2019-03-17,3,0,59,0.0,0.0,0.0,0.0,0.0
2019-03-17,3,0,63,0.0,0.0,0.0,0.0,0.0
2019-03-17,3,0,64,0.0,0.0,0.0,0.0,0.0
2019-03-17,3,0,65,9.01,9.01,0.0,75.758624,0.0
2019-03-17,3,0,67,0.0,0.0,0.0,0.0,0.0
2019-03-17,3,0,68,0.0,0.0,0.0,0.0,0.0
2019-03-17,3,0,69,0.0,0.0,0.0,0.0,0.0
2019-03-17,3,0,74,0.0,0.0,0.0,0.0,0.0
2019-03-17,3,0,77,0.0,0.0,0.0,0.0,0.0
2019-03-17,3,0,78,0.0,0.0,0.0,0.0,0.0
2019-03-17,3,0,79,0.0,0.0,0.0,0.0,0.0
2019-03-17,3,0,80,0.0,0.0,0.0,0.0,0.0
2019-03-17,3,0,81,0.0,0.0,0.0,0.0,0.0
2019-03-17,3,0,82,0.0,0.0,0.0,0.0,0.0
2019-03-17,3,0,83,0.0,0.0,0.0,0.0,0.0
2019-03-17,3,0,84,0.0,0.0,0.0,0.0,0.0
2019-03-17,3,0,86,0.0,0.0,0.0,0.0,0.0
2019-03-17,3,0,87,0.0,0.0,0.0,0.0,0.0
2019-03-17,3,0,88,0.0,0.0,0.0,0.0,0.0
2019-03-17,3,0,89,0.0,0.0,0.0,0.0,0.0
2019-03-17,3,0,90,0.0,0.0,0.0,0.0,0.0
2019-03-17,3,0,91,0.0,0.0,0.0,0.0,0.0
2019-03-17,3,0,92,0.0,0.0,0.0,0.0,0.0
2019-03-17,3,0,95,1.01,1.01,0.0,19.477749,0.0
2019-03-17,3,0,96,0.0,0.0,0.0,0.0,0.0
2019-03-17,3,0,97,0.0,0.0,0.0,0.0,0.0
2019-03-17,3,0,99,0.0,0.0,0.0,0.0,0.0
2019-03-17,3,0,101,0.0,0.0,0.0,0.0,0.0
2019-03-17,3,0,102,0.0,0.0,0.0,0.0,0.0
2019-03-17,3,0,103,0.0,0.0,0.0,0.0,0.0
2019-03-17,3,0,104,0.0,0.0,0.0,0.0,0.0
2019-03-17,3,0,106,0.0,0.0,0.0,0.0,0.0
2019-03-17,3,0,109,0.0,0.0,0.0,0.0,0.0
2019-03-17,3,0,110,110.84,110.84,0.0,2039.546043,0.0
2019-03-17,3,0,111,0.0,0.0,0.0,0.0,0.0
2019-03-17,3,0,113,0.0,0.0,0.0,0.0,0.0
2019-03-17,3,0,115,0.0,0.0,0.0,0.0,0.0
2019-03-17,3,0,116,0.0,0.0,0.0,0.0,0.0
2019-03-17,3,0,117,0.0,0.0,0.0,0.0,0.0
2019-03-17,3,0,119,0.0,0.0,0.0,0.0,0.0
2019-03-17,3,0,120,0.0,0.0,0.0,0.0,0.0
2019-03-17,3,0,123,0.0,0.0,0.0,0.0,0.0
2019-03-17,3,0,125,4.43,4.43,0.0,66.185035,0.0
2019-03-17,3,0,126,0.0,0.0,0.0,0.0,0.0
2019-03-17,3,0,127,0.0,0.0,0.0,0.0,0.0
2019-03-17,3,0,128,6.35,6.35,0.0,94.870197,0.0
2019-03-17,3,0,131,0.0,0.0,0.0,0.0,0.0
2019-03-17,3,0,132,0.0,0.0,0.0,0.0,0.0
2019-03-17,3,0,133,30.53,30.53,0.0,355.050969,0.0
2019-03-17,3,0,134,0.0,0.0,0.0,0.0,0.0
2019-03-17,3,0,135,40.85,40.85,0.0,475.068198,0.0
2019-03-17,3,0,136,15.99,15.99,0.0,136.940388,0.0
2019-03-17,3,0,139,0.0,0.0,0.0,0.0,0.0
2019-03-17,3,0,140,82.03,82.03,0.0,1509.418638,0.0
2019-03-17,3,0,141,12.94,12.94,0.0,229.654513,0.0
2019-03-17,3,0,142,0.0,0.0,0.0,0.0,0.0
2019-03-17,3,0,143,6.86,6.86,0.0,102.651285,0.0
2019-03-17,3,0,145,0.0,0.0,0.0,0.0,0.0
2019-03-17,3,0,146,108.06,108.06,0.0,1988.391784,0.0
2019-03-17,3,0,152,0.0,0.0,0.0,0.0,0.0
2019-03-17,3,0,153,0.0,0.0,0.0,0.0,0.0
2019-03-17,3,0,154,0.0,0.0,0.0,0.0,0.0
2019-03-17,3,0,157,58.65,58.65,0.0,1040.899318,0.0
2019-03-17,3,0,158,0.0,0.0,0.0,0.0,0.0
2019-03-17,3,0,159,0.0,0.0,0.0,0.0,0.0
2019-03-17,3,0,160,0.0,0.0,0.0,0.0,0.0
2019-03-17,3,0,161,0.0,0.0,0.0,0.0,0.0
2019-03-17,3,0,162,0.0,0.0,0.0,0.0,0.0
2019-03-17,3,0,163,0.0,0.0,0.0,0.0,0.0
2019-03-17,3,0,164,0.0,0.0,0.0,0.0,0.0
2019-03-17,3,0,167,0.0,0.0,0.0,0.0,0.0
2019-03-17,3,0,168,0.0,0.0,0.0,0.0,0.0
2019-03-17,3,0,169,0.0,0.0,0.0,0.0,0.0
2019-03-17,3,0,170,0.0,0.0,0.0,0.0,0.0
2019-03-17,3,0,172,0.0,0.0,0.0,0.0,0.0
2019-03-17,3,0,173,0.0,0.0,0.0,0.0,0.0
2019-03-17,3,0,188,0.0,0.0,0.0,0.0,0.0
2019-03-17,3,0,190,0.0,0.0,0.0,0.0,0.0
2019-03-17,3,0,191,0.0,0.0,0.0,0.0,0.0
2019-03-17,3,0,192,0.0,0.0,0.0,0.0,0.0
2019-03-17,3,0,194,0.0,0.0,0.0,0.0,0.0
2019-03-17,3,0,196,0.0,0.0,0.0,0.0,0.0
2019-03-17,3,0,198,0.0,0.0,0.0,0.0,0.0
2019-03-17,3,0,199,5.65,5.65,0.0,69.288239,0.0
2019-03-17,3,0,200,0.0,0.0,0.0,0.0,0.0
2019-03-17,3,0,204,0.0,0.0,0.0,0.0,0.0
2019-03-17,3,0,205,0.0,0.0,0.0,0.0,0.0
2019-03-17,3,0,206,0.0,0.0,0.0,0.0,0.0
2019-03-17,3,0,210,0.0,0.0,0.0,0.0,0.0
2019-03-17,3,0,214,0.0,0.0,0.0,0.0,0.0
2019-03-17,3,0,217,0.0,0.0,0.0,0.0,0.0
2019-03-17,3,0,218,0.0,0.0,0.0,0.0,0.0
2019-03-17,3,0,219,0.0,0.0,0.0,0.0,0.0
2019-03-17,3,0,221,0.0,0.0,0.0,0.0,0.0
2019-03-17,3,0,225,0.0,0.0,0.0,0.0,0.0
2019-03-17,3,0,233,0.0,0.0,0.0,0.0,0.0
2019-03-17,3,0,236,5.13,5.13,0.0,59.482105,0.0
2019-03-17,3,0,237,0.0,0.0,0.0,0.0,0.0
2019-03-17,3,0,238,0.0,0.0,0.0,0.0,0.0
2019-03-17,3,0,240,0.0,0.0,0.0,0.0,0.0
2019-03-17,3,0,245,72.85,72.85,0.0,771.391064,0.0
2019-03-17,3,0,247,24.99,24.99,0.0,264.613077,0.0
2019-03-17,3,0,248,0.0,0.0,0.0,0.0,0.0
2019-03-17,3,0,249,140.09,140.09,0.0,1483.379192,0.0
2019-03-17,3,0,251,57.41,57.41,0.0,537.029841,0.0
2019-03-17,3,0,252,58.12,58.12,0.0,488.689373,0.0
2019-03-17,3,0,254,0.0,0.0,0.0,0.0,0.0
2019-03-17,3,0,255,0.0,0.0,0.0,0.0,0.0
2019-03-17,3,0,258,0.0,0.0,0.0,0.0,0.0
2019-03-17,3,0,260,0.0,0.0,0.0,0.0,0.0
2019-03-17,3,0,265,0.0,0.0,0.0,0.0,0.0
2019-03-17,3,0,266,0.0,0.0,0.0,0.0,0.0
2019-03-17,3,0,267,0.0,0.0,0.0,0.0,0.0
2019-03-17,3,0,270,0.0,0.0,0.0,0.0,0.0
2019-03-17,3,0,272,0.0,0.0,0.0,0.0,0.0
2019-03-17,3,0,273,0.0,0.0,0.0,0.0,0.0
2019-03-17,3,0,274,0.0,0.0,0.0,0.0,0.0
2019-03-17,3,0,275,0.0,0.0,0.0,0.0,0.0
2019-03-17,3,0,276,0.0,0.0,0.0,0.0,0.0
2019-03-17,3,0,277,0.0,0.0,0.0,0.0,0.0
2019-03-17,3,0,278,0.0,0.0,0.0,0.0,0.0
2019-03-17,3,0,279,0.0,0.0,0.0,0.0,0.0
2019-03-17,3,0,281,1.17,1.17,0.0,17.507581,0.0
2019-03-17,3,0,282,0.0,0.0,0.0,0.0,0.0
2019-03-17,4,0,9,0.0,0.0,0.0,0.0,0.0
2019-03-17,4,0,17,0.0,0.0,0.0,-0.0,0.0
2019-03-17,4,0,19,643.3,643.3,0.0,-541.422566,0.0
2019-03-17,4,0,20,780.2,780.2,0.0,-656.642136,0.0
2019-03-17,4,0,21,0.0,0.0,0.0,0.0,0.0
2019-03-17,4,0,22,0.0,0.0,0.0,0.0,0.0
2019-03-17,4,0,23,0.0,0.0,0.0,0.0,0.0
2019-03-17,4,0,24,0.0,0.0,0.0,0.0,0.0
2019-03-17,4,0,29,0.0,0.0,0.0,0.0,0.0
2019-03-17,4,0,30,0.0,0.0,0.0,0.0,0.0
2019-03-17,4,0,31,1.58,1.58,0.0,24.172235,0.0
2019-03-17,4,0,32,0.0,0.0,0.0,0.0,0.0
2019-03-17,4,0,33,0.0,0.0,0.0,0.0,0.0
2019-03-17,4,0,34,0.0,0.0,0.0,0.0,0.0
2019-03-17,4,0,35,0.0,0.0,0.0,0.0,0.0
2019-03-17,4,0,36,0.0,0.0,0.0,0.0,0.0
2019-03-17,4,0,37,0.0,0.0,0.0,0.0,0.0
2019-03-17,4,0,38,0.0,0.0,0.0,0.0,0.0
2019-03-17,4,0,39,0.0,0.0,0.0,0.0,0.0
2019-03-17,4,0,40,0.0,0.0,0.0,0.0,0.0
2019-03-17,4,0,41,0.0,0.0,0.0,0.0,0.0
2019-03-17,4,0,42,0.0,0.0,0.0,0.0,0.0
2019-03-17,4,0,43,0.0,0.0,0.0,0.0,0.0
2019-03-17,4,0,46,0.0,0.0,0.0,0.0,0.0
2019-03-17,4,0,52,1.67,1.67,0.0,25.549135,0.0
2019-03-17,4,0,53,2.66,2.66,0.0,40.695029,0.0
2019-03-17,4,0,55,0.0,0.0,0.0,0.0,0.0
2019-03-17,4,0,56,0.0,0.0,0.0,0.0,0.0
2019-03-17,4,0,57,0.0,0.0,0.0,0.0,0.0
2019-03-17,4,0,58,0.0,0.0,0.0,0.0,0.0
2019-03-17,4,0,59,0.0,0.0,0.0,0.0,0.0
2019-03-17,4,0,63,0.0,0.0,0.0,0.0,0.0
2019-03-17,4,0,64,0.0,0.0,0.0,0.0,0.0
2019-03-17,4,0,65,7.26,7.26,0.0,39.458784,0.0
2019-03-17,4,0,67,0.0,0.0,0.0,0.0,0.0
2019-03-17,4,0,68,0.0,0.0,0.0,0.0,0.0
2019-03-17,4,0,69,0.0,0.0,0.0,0.0,0.0
2019-03-17,4,0,74,1.75,1.75,0.0,21.85313,0.0
2019-03-17,4,0,77,0.0,0.0,0.0,0.0,0.0
2019-03-17,4,0,78,0.0,0.0,0.0,0.0,0.0
2019-03-17,4,0,79,0.0,0.0,0.0,0.0,0.0
2019-03-17,4,0,80,0.0,0.0,0.0,0.0,0.0
2019-03-17,4,0,81,0.0,0.0,0.0,0.0,0.0
2019-03-17,4,0,82,0.0,0.0,0.0,0.0,0.0
2019-03-17,4,0,83,0.0,0.0,0.0,0.0,0.0
2019-03-17,4,0,84,0.0,0.0,0.0,0.0,0.0
2019-03-17,4,0,86,0.0,0.0,0.0,0.0,0.0
2019-03-17,4,0,87,0.0,0.0,0.0,0.0,0.0
2019-03-17,4,0,88,0.0,0.0,0.0,0.0,0.0
2019-03-17,4,0,89,0.0,0.0,0.0,0.0,0.0
2019-03-17,4,0,90,0.0,0.0,0.0,0.0,0.0
2019-03-17,4,0,91,0.0,0.0,0.0,0.0,0.0
2019-03-17,4,0,92,0.0,0.0,0.0,0.0,0.0
2019-03-17,4,0,95,1.71,1.71,0.0,33.252283,0.0
2019-03-17,4,0,96,0.0,0.0,0.0,0.0,0.0
2019-03-17,4,0,97,0.0,0.0,0.0,0.0,0.0
2019-03-17,4,0,99,0.34,0.34,0.0,4.245751,0.0
2019-03-17,4,0,101,0.0,0.0,0.0,0.0,0.0
2019-03-17,4,0,102,0.0,0.0,0.0,0.0,0.0
2019-03-17,4,0,103,0.0,0.0,0.0,0.0,0.0
2019-03-17,4,0,104,0.0,0.0,0.0,0.0,0.0
2019-03-17,4,0,106,0.0,0.0,0.0,0.0,0.0
2019-03-17,4,0,109,0.0,0.0,0.0,0.0,0.0
2019-03-17,4,0,110,109.86,109.86,0.0,2040.288246,0.0
2019-03-17,4,0,111,0.0,0.0,0.0,0.0,0.0
2019-03-17,4,0,113,0.0,0.0,0.0,0.0,0.0
2019-03-17,4,0,115,0.0,0.0,0.0,0.0,0.0
2019-03-17,4,0,116,0.0,0.0,0.0,0.0,0.0
2019-03-17,4,0,117,0.0,0.0,0.0,0.0,0.0
2019-03-17,4,0,119,0.0,0.0,0.0,0.0,0.0
2019-03-17,4,0,120,0.0,0.0,0.0,0.0,0.0
2019-03-17,4,0,123,0.0,0.0,0.0,0.0,0.0
2019-03-17,4,0,125,0.0,0.0,0.0,0.0,0.0
2019-03-17,4,0,126,0.0,0.0,0.0,0.0,0.0
2019-03-17,4,0,127,0.0,0.0,0.0,0.0,0.0
2019-03-17,4,0,128,0.0,0.0,0.0,0.0,0.0
2019-03-17,4,0,131,0.0,0.0,0.0,0.0,0.0
2019-03-17,4,0,132,0.0,0.0,0.0,0.0,0.0
2019-03-17,4,0,133,51.43,51.43,0.0,649.597987,0.0
2019-03-17,4,0,134,0.0,0.0,0.0,0.0,0.0
2019-03-17,4,0,135,70.95,70.95,0.0,896.149663,0.0
2019-03-17,4,0,136,11.55,11.55,0.0,66.755233,0.0
2019-03-17,4,0,139,0.0,0.0,0.0,0.0,0.0
2019-03-17,4,0,140,81.31,81.31,0.0,1510.065877,0.0
2019-03-17,4,0,141,9.56,9.56,0.0,171.477347,0.0
2019-03-17,4,0,142,0.0,0.0,0.0,0.0,0.0
2019-03-17,4,0,143,4.97,4.97,0.0,76.035449,0.0
2019-03-17,4,0,145,0.0,0.0,0.0,0.0,0.0
2019-03-17,4,0,146,110.29,110.29,0.0,2048.274082,0.0
2019-03-17,4,0,152,0.0,0.0,0.0,0.0,0.0
2019-03-17,4,0,153,0.0,0.0,0.0,0.0,0.0
2019-03-17,4,0,154,0.0,0.0,0.0,0.0,0.0
2019-03-17,4,0,157,56.46,56.46,0.0,1012.720819,0.0
2019-03-17,4,0,158,0.0,0.0,0.0,0.0,0.0
2019-03-17,4,0,159,0.0,0.0,0.0,0.0,0.0
2019-03-17,4,0,160,0.0,0.0,0.0,0.0,0.0
2019-03-17,4,0,161,0.0,0.0,0.0,0.0,0.0
2019-03-17,4,0,162,0.0,0.0,0.0,0.0,0.0
2019-03-17,4,0,163,0.0,0.0,0.0,0.0,0.0
2019-03-17,4,0,164,0.0,0.0,0.0,0.0,0.0
2019-03-17,4,0,167,0.0,0.0,0.0,0.0,0.0
2019-03-17,4,0,168,0.0,0.0,0.0,0.0,0.0
2019-03-17,4,0,169,0.0,0.0,0.0,0.0,0.0
2019-03-17,4,0,170,0.0,0.0,0.0,0.0,0.0
2019-03-17,4,0,172,0.0,0.0,0.0,0.0,0.0
2019-03-17,4,0,173,0.0,0.0,0.0,0.0,0.0
2019-03-17,4,0,188,0.0,0.0,0.0,0.0,0.0
2019-03-17,4,0,190,0.0,0.0,0.0,0.0,0.0
2019-03-17,4,0,191,0.0,0.0,0.0,0.0,0.0
2019-03-17,4,0,192,0.0,0.0,0.0,0.0,0.0
2019-03-17,4,0,194,0.0,0.0,0.0,0.0,0.0
2019-03-17,4,0,196,0.0,0.0,0.0,0.0,0.0
2019-03-17,4,0,198,0.0,0.0,0.0,0.0,0.0
2019-03-17,4,0,199,5.76,5.76,0.0,70.162677,0.0
2019-03-17,4,0,200,0.0,0.0,0.0,0.0,0.0
2019-03-17,4,0,204,0.0,0.0,0.0,0.0,0.0
2019-03-17,4,0,205,0.0,0.0,0.0,0.0,0.0
2019-03-17,4,0,206,0.0,0.0,0.0,0.0,0.0
2019-03-17,4,0,210,0.0,0.0,0.0,0.0,0.0
2019-03-17,4,0,214,0.0,0.0,0.0,0.0,0.0
2019-03-17,4,0,217,0.0,0.0,0.0,0.0,0.0
2019-03-17,4,0,218,0.0,0.0,0.0,0.0,0.0
2019-03-17,4,0,219,0.0,0.0,0.0,0.0,0.0
2019-03-17,4,0,221,0.0,0.0,0.0,0.0,0.0
2019-03-17,4,0,225,0.0,0.0,0.0,0.0,0.0
2019-03-17,4,0,233,0.0,0.0,0.0,0.0,0.0
2019-03-17,4,0,236,5.94,5.94,0.0,71.891958,0.0
2019-03-17,4,0,237,4.19,4.19,0.0,52.322636,0.0
2019-03-17,4,0,238,0.0,0.0,0.0,0.0,0.0
2019-03-17,4,0,240,0.0,0.0,0.0,0.0,0.0
2019-03-17,4,0,245,78.0,78.0,0.0,813.932488,0.0
2019-03-17,4,0,247,32.9,32.9,0.0,343.312549,0.0
2019-03-17,4,0,248,0.42,0.42,0.0,5.244751,0.0
2019-03-17,4,0,249,150.0,150.0,0.0,1565.254784,0.0
2019-03-17,4,0,251,51.62,51.62,0.0,386.313684,0.0
2019-03-17,4,0,252,46.84,46.84,0.0,254.579812,0.0
2019-03-17,4,0,254,0.0,0.0,0.0,0.0,0.0
2019-03-17,4,0,255,0.0,0.0,0.0,0.0,0.0
2019-03-17,4,0,258,0.0,0.0,0.0,0.0,0.0
2019-03-17,4,0,260,0.0,0.0,0.0,0.0,0.0
2019-03-17,4,0,265,0.0,0.0,0.0,0.0,0.0
2019-03-17,4,0,266,0.0,0.0,0.0,0.0,0.0
2019-03-17,4,0,267,0.0,0.0,0.0,0.0,0.0
2019-03-17,4,0,270,0.0,0.0,0.0,0.0,0.0
2019-03-17,4,0,272,0.0,0.0,0.0,0.0,0.0
2019-03-17,4,0,273,0.0,0.0,0.0,0.0,0.0
2019-03-17,4,0,274,0.0,0.0,0.0,0.0,0.0
2019-03-17,4,0,275,0.0,0.0,0.0,0.0,0.0
2019-03-17,4,0,276,0.0,0.0,0.0,0.0,0.0
2019-03-17,4,0,277,0.0,0.0,0.0,0.0,0.0
2019-03-17,4,0,278,0.0,0.0,0.0,0.0,0.0
2019-03-17,4,0,279,0.0,0.0,0.0,0.0,0.0
2019-03-17,4,0,281,0.71,0.71,0.0,10.862207,0.0
2019-03-17,4,0,282,0.0,0.0,0.0,0.0,0.0
2019-03-17,5,0,9,0.0,0.0,0.0,0.0,0.0
2019-03-17,5,0,17,0.0,0.0,0.0,-0.0,0.0
2019-03-17,5,0,19,598.64,598.64,0.0,-1928.248407,0.0
2019-03-17,5,0,20,726.03,726.03,0.0,-2338.577761,0.0
2019-03-17,5,0,21,0.0,0.0,0.0,0.0,0.0
2019-03-17,5,0,22,0.0,0.0,0.0,0.0,0.0
2019-03-17,5,0,23,0.0,0.0,0.0,0.0,0.0
2019-03-17,5,0,24,0.0,0.0,0.0,0.0,0.0
2019-03-17,5,0,29,0.0,0.0,0.0,0.0,0.0
2019-03-17,5,0,30,0.0,0.0,0.0,0.0,0.0
2019-03-17,5,0,31,1.98,1.98,0.0,38.823511,0.0
2019-03-17,5,0,32,0.0,0.0,0.0,0.0,0.0
2019-03-17,5,0,33,0.0,0.0,0.0,0.0,0.0
2019-03-17,5,0,34,0.0,0.0,0.0,0.0,0.0
2019-03-17,5,0,35,0.0,0.0,0.0,0.0,0.0
2019-03-17,5,0,36,0.0,0.0,0.0,0.0,0.0
2019-03-17,5,0,37,0.0,0.0,0.0,0.0,0.0
2019-03-17,5,0,38,0.0,0.0,0.0,0.0,0.0
2019-03-17,5,0,39,0.0,0.0,0.0,0.0,0.0
2019-03-17,5,0,40,0.0,0.0,0.0,0.0,0.0
2019-03-17,5,0,41,0.0,0.0,0.0,0.0,0.0
2019-03-17,5,0,42,0.0,0.0,0.0,0.0,0.0
2019-03-17,5,0,43,0.0,0.0,0.0,0.0,0.0
2019-03-17,5,0,46,0.0,0.0,0.0,0.0,0.0
2019-03-17,5,0,52,2.1,2.1,0.0,41.176451,0.0
2019-03-17,5,0,53,3.34,3.34,0.0,65.490165,0.0
2019-03-17,5,0,55,9.21,9.21,0.0,180.474178,0.0
2019-03-17,5,0,56,0.0,0.0,0.0,0.0,0.0
2019-03-17,5,0,57,0.0,0.0,0.0,0.0,0.0
2019-03-17,5,0,58,0.0,0.0,0.0,0.0,0.0
2019-03-17,5,0,59,0.0,0.0,0.0,0.0,0.0
2019-03-17,5,0,63,0.0,0.0,0.0,0.0,0.0
2019-03-17,5,0,64,0.0,0.0,0.0,0.0,0.0
2019-03-17,5,0,65,8.52,8.52,0.0,65.706064,0.0
2019-03-17,5,0,67,0.0,0.0,0.0,0.0,0.0
2019-03-17,5,0,68,0.0,0.0,0.0,0.0,0.0
2019-03-17,5,0,69,0.0,0.0,0.0,0.0,0.0
2019-03-17,5,0,74,0.0,0.0,0.0,0.0,0.0
2019-03-17,5,0,77,0.0,0.0,0.0,0.0,0.0
2019-03-17,5,0,78,0.0,0.0,0.0,0.0,0.0
2019-03-17,5,0,79,0.0,0.0,0.0,0.0,0.0
2019-03-17,5,0,80,0.0,0.0,0.0,0.0,0.0
2019-03-17,5,0,81,0.0,0.0,0.0,0.0,0.0
2019-03-17,5,0,82,0.0,0.0,0.0,0.0,0.0
2019-03-17,5,0,83,0.0,0.0,0.0,0.0,0.0
2019-03-17,5,0,84,0.0,0.0,0.0,0.0,0.0
2019-03-17,5,0,86,0.0,0.0,0.0,0.0,0.0
2019-03-17,5,0,87,0.0,0.0,0.0,0.0,0.0
2019-03-17,5,0,88,0.0,0.0,0.0,0.0,0.0
2019-03-17,5,0,89,0.0,0.0,0.0,0.0,0.0
2019-03-17,5,0,90,0.0,0.0,0.0,0.0,0.0
2019-03-17,5,0,91,0.0,0.0,0.0,0.0,0.0
2019-03-17,5,0,92,0.0,0.0,0.0,0.0,0.0
2019-03-17,5,0,95,0.0,0.0,0.0,0.0,0.0
2019-03-17,5,0,96,0.0,0.0,0.0,0.0,0.0
2019-03-17,5,0,97,0.0,0.0,0.0,0.0,0.0
2019-03-17,5,0,99,0.0,0.0,0.0,0.0,0.0
2019-03-17,5,0,101,0.0,0.0,0.0,0.0,0.0
2019-03-17,5,0,102,0.0,0.0,0.0,0.0,0.0
2019-03-17,5,0,103,0.0,0.0,0.0,0.0,0.0
2019-03-17,5,0,104,0.0,0.0,0.0,0.0,0.0
2019-03-17,5,0,106,0.0,0.0,0.0,0.0,0.0
2019-03-17,5,0,109,4.46,4.46,0.0,82.303918,0.0
2019-03-17,5,0,110,93.06,93.06,0.0,2015.870329,0.0
2019-03-17,5,0,111,0.0,0.0,0.0,0.0,0.0
2019-03-17,5,0,113,0.0,0.0,0.0,0.0,0.0
2019-03-17,5,0,115,0.0,0.0,0.0,0.0,0.0
2019-03-17,5,0,116,0.0,0.0,0.0,0.0,0.0
2019-03-17,5,0,117,0.0,0.0,0.0,0.0,0.0
2019-03-17,5,0,119,0.0,0.0,0.0,0.0,0.0
2019-03-17,5,0,120,0.0,0.0,0.0,0.0,0.0
2019-03-17,5,0,123,0.0,0.0,0.0,0.0,0.0
2019-03-17,5,0,125,0.0,0.0,0.0,0.0,0.0
2019-03-17,5,0,126,0.0,0.0,0.0,0.0,0.0
2019-03-17,5,0,127,0.0,0.0,0.0,0.0,0.0
2019-03-17,5,0,128,0.0,0.0,0.0,0.0,0.0
2019-03-17,5,0,131,0.0,0.0,0.0,0.0,0.0
2019-03-17,5,0,132,0.0,0.0,0.0,0.0,0.0
2019-03-17,5,0,133,19.02,19.02,0.0,387.390043,0.0
2019-03-17,5,0,134,0.0,0.0,0.0,0.0,0.0
2019-03-17,5,0,135,27.1,27.1,0.0,551.959525,0.0
2019-03-17,5,0,136,12.91,12.91,0.0,107.310251,0.0
2019-03-17,5,0,139,0.0,0.0,0.0,0.0,0.0
2019-03-17,5,0,140,68.88,68.88,0.0,1492.081971,0.0
2019-03-17,5,0,141,6.52,6.52,0.0,138.071759,0.0
2019-03-17,5,0,142,0.0,0.0,0.0,0.0,0.0
2019-03-17,5,0,143,8.25,8.25,0.0,161.76463,0.0
2019-03-17,5,0,145,0.62,0.62,0.0,11.892277,0.0
2019-03-17,5,0,146,99.02,99.02,0.0,2144.976144,0.0
2019-03-17,5,0,152,0.0,0.0,0.0,0.0,0.0
2019-03-17,5,0,153,0.0,0.0,0.0,0.0,0.0
2019-03-17,5,0,154,0.0,0.0,0.0,0.0,0.0
2019-03-17,5,0,157,47.29,47.29,0.0,1001.443783,0.0
2019-03-17,5,0,158,0.0,0.0,0.0,0.0,0.0
2019-03-17,5,0,159,0.0,0.0,0.0,0.0,0.0
2019-03-17,5,0,160,0.0,0.0,0.0,0.0,0.0
2019-03-17,5,0,161,0.0,0.0,0.0,0.0,0.0
2019-03-17,5,0,162,0.0,0.0,0.0,0.0,0.0
2019-03-17,5,0,163,0.0,0.0,0.0,0.0,0.0
2019-03-17,5,0,164,0.0,0.0,0.0,0.0,0.0
2019-03-17,5,0,167,0.0,0.0,0.0,0.0,0.0
2019-03-17,5,0,168,0.0,0.0,0.0,0.0,0.0
2019-03-17,5,0,169,0.0,0.0,0.0,0.0,0.0
2019-03-17,5,0,170,0.0,0.0,0.0,0.0,0.0
2019-03-17,5,0,172,0.0,0.0,0.0,0.0,0.0
2019-03-17,5,0,173,0.0,0.0,0.0,0.0,0.0
2019-03-17,5,0,188,0.0,0.0,0.0,0.0,0.0
2019-03-17,5,0,190,0.0,0.0,0.0,0.0,0.0
2019-03-17,5,0,191,0.0,0.0,0.0,0.0,0.0
2019-03-17,5,0,192,0.0,0.0,0.0,0.0,0.0
2019-03-17,5,0,194,0.0,0.0,0.0,0.0,0.0
2019-03-17,5,0,196,0.0,0.0,0.0,0.0,0.0
2019-03-17,5,0,198,0.0,0.0,0.0,0.0,0.0
2019-03-17,5,0,199,5.3,5.3,0.0,73.861502,0.0
2019-03-17,5,0,200,0.0,0.0,0.0,0.0,0.0
2019-03-17,5,0,204,24.71,24.71,0.0,456.169583,0.0
2019-03-17,5,0,205,23.62,23.62,0.0,435.878597,0.0
2019-03-17,5,0,206,0.0,0.0,0.0,0.0,0.0
2019-03-17,5,0,210,0.0,0.0,0.0,0.0,0.0
2019-03-17,5,0,214,0.0,0.0,0.0,0.0,0.0
2019-03-17,5,0,217,0.0,0.0,0.0,0.0,0.0
2019-03-17,5,0,218,0.0,0.0,0.0,0.0,0.0
2019-03-17,5,0,219,0.0,0.0,0.0,0.0,0.0
2019-03-17,5,0,221,0.0,0.0,0.0,0.0,0.0
2019-03-17,5,0,225,0.0,0.0,0.0,0.0,0.0
2019-03-17,5,0,233,0.0,0.0,0.0,0.0,0.0
2019-03-17,5,0,236,4.1,4.1,0.0,76.609417,0.0
2019-03-17,5,0,237,0.0,0.0,0.0,0.0,0.0
2019-03-17,5,0,238,0.0,0.0,0.0,0.0,0.0
2019-03-17,5,0,240,0.0,0.0,0.0,0.0,0.0
2019-03-17,5,0,245,78.0,78.0,0.0,1304.076503,0.0
2019-03-17,5,0,247,30.08,30.08,0.0,502.9054,0.0
2019-03-17,5,0,248,0.0,0.0,0.0,0.0,0.0
2019-03-17,5,0,249,150.0,150.0,0.0,2507.839428,0.0
2019-03-17,5,0,251,52.39,52.39,0.0,587.234368,0.0
2019-03-17,5,0,252,54.94,54.94,0.0,423.696148,0.0
2019-03-17,5,0,254,0.0,0.0,0.0,0.0,0.0
2019-03-17,5,0,255,0.0,0.0,0.0,0.0,0.0
2019-03-17,5,0,258,0.0,0.0,0.0,0.0,0.0
2019-03-17,5,0,260,0.0,0.0,0.0,0.0,0.0
2019-03-17,5,0,265,0.0,0.0,0.0,0.0,0.0
2019-03-17,5,0,266,0.0,0.0,0.0,0.0,0.0
2019-03-17,5,0,267,0.0,0.0,0.0,0.0,0.0
2019-03-17,5,0,270,0.0,0.0,0.0,0.0,0.0
2019-03-17,5,0,272,0.0,0.0,0.0,0.0,0.0
2019-03-17,5,0,273,0.0,0.0,0.0,0.0,0.0
2019-03-17,5,0,274,0.0,0.0,0.0,0.0,0.0
2019-03-17,5,0,275,0.0,0.0,0.0,0.0,0.0
2019-03-17,5,0,276,0.0,0.0,0.0,0.0,0.0
2019-03-17,5,0,277,0.0,0.0,0.0,0.0,0.0
2019-03-17,5,0,278,0.0,0.0,0.0,0.0,0.0
2019-03-17,5,0,279,0.0,0.0,0.0,0.0,0.0
2019-03-17,5,0,281,0.89,0.89,0.0,17.450972,0.0
2019-03-17,5,0,282,0.0,0.0,0.0,0.0,0.0
2019-03-17,6,0,9,0.0,0.0,0.0,0.0,0.0
2019-03-17,6,0,17,0.0,0.0,0.0,0.0,0.0
2019-03-17,6,0,19,509.5,509.5,0.0,2837.6512,0.0
2019-03-17,6,0,20,617.93,617.93,0.0,3441.550159,0.0
2019-03-17,6,0,21,0.0,0.0,0.0,0.0,0.0
2019-03-17,6,0,22,0.0,0.0,0.0,0.0,0.0
2019-03-17,6,0,23,4.16,4.16,0.0,76.743212,0.0
2019-03-17,6,0,24,7.37,7.37,0.0,135.96093,0.0
2019-03-17,6,0,29,0.0,0.0,0.0,0.0,0.0
2019-03-17,6,0,30,0.0,0.0,0.0,0.0,0.0
2019-03-17,6,0,31,2.87,2.87,0.0,53.0538,0.0
2019-03-17,6,0,32,0.0,0.0,0.0,0.0,0.0
2019-03-17,6,0,33,0.0,0.0,0.0,0.0,0.0
2019-03-17,6,0,34,0.0,0.0,0.0,0.0,0.0
2019-03-17,6,0,35,0.0,0.0,0.0,0.0,0.0
2019-03-17,6,0,36,0.0,0.0,0.0,0.0,0.0
2019-03-17,6,0,37,0.0,0.0,0.0,0.0,0.0
2019-03-17,6,0,38,0.0,0.0,0.0,0.0,0.0
2019-03-17,6,0,39,0.0,0.0,0.0,0.0,0.0
2019-03-17,6,0,40,0.0,0.0,0.0,0.0,0.0
2019-03-17,6,0,41,0.0,0.0,0.0,0.0,0.0
2019-03-17,6,0,42,0.0,0.0,0.0,0.0,0.0
2019-03-17,6,0,43,0.0,0.0,0.0,0.0,0.0
2019-03-17,6,0,46,0.0,0.0,0.0,0.0,0.0
2019-03-17,6,0,52,3.04,3.04,0.0,56.196359,0.0
2019-03-17,6,0,53,4.82,4.82,0.0,89.100806,0.0
2019-03-17,6,0,55,6.36,6.36,0.0,117.328564,0.0
2019-03-17,6,0,56,0.0,0.0,0.0,0.0,0.0
2019-03-17,6,0,57,0.0,0.0,0.0,0.0,0.0
2019-03-17,6,0,58,0.0,0.0,0.0,0.0,0.0
2019-03-17,6,0,59,0.0,0.0,0.0,0.0,0.0
2019-03-17,6,0,63,0.0,0.0,0.0,0.0,0.0
2019-03-17,6,0,64,0.0,0.0,0.0,0.0,0.0
2019-03-17,6,0,65,10.13,10.13,0.0,92.011844,0.0
2019-03-17,6,0,67,0.0,0.0,0.0,0.0,0.0
2019-03-17,6,0,68,0.0,0.0,0.0,0.0,0.0
2019-03-17,6,0,69,0.0,0.0,0.0,0.0,0.0
2019-03-17,6,0,74,1.34,1.34,0.0,18.444246,0.0
2019-03-17,6,0,77,4.45,4.45,0.0,98.250263,0.0
2019-03-17,6,0,78,3.37,3.37,0.0,74.405255,0.0
2019-03-17,6,0,79,1.95,1.95,0.0,43.053486,0.0
2019-03-17,6,0,80,3.15,3.15,0.0,69.547939,0.0
2019-03-17,6,0,81,4.12,4.12,0.0,90.964288,0.0
2019-03-17,6,0,82,2.91,2.91,0.0,64.249048,0.0
2019-03-17,6,0,83,6.48,6.48,0.0,143.070045,0.0
2019-03-17,6,0,84,0.0,0.0,0.0,0.0,0.0
2019-03-17,6,0,86,0.0,0.0,0.0,0.0,0.0
2019-03-17,6,0,87,0.0,0.0,0.0,0.0,0.0
2019-03-17,6,0,88,4.44,4.44,0.0,98.029475,0.0
2019-03-17,6,0,89,4.27,4.27,0.0,94.276095,0.0
2019-03-17,6,0,90,5.73,5.73,0.0,126.511012,0.0
2019-03-17,6,0,91,20.45,20.45,0.0,451.509633,0.0
2019-03-17,6,0,92,7.35,7.35,0.0,162.278523,0.0
2019-03-17,6,0,95,0.0,0.0,0.0,0.0,0.0
2019-03-17,6,0,96,0.92,0.92,0.0,17.043096,0.0
2019-03-17,6,0,97,5.65,5.65,0.0,104.666839,0.0
2019-03-17,6,0,99,0.26,0.26,0.0,3.578734,0.0
2019-03-17,6,0,101,0.0,0.0,0.0,0.0,0.0
2019-03-17,6,0,102,0.0,0.0,0.0,0.0,0.0
2019-03-17,6,0,103,0.0,0.0,0.0,0.0,0.0
2019-03-17,6,0,104,0.0,0.0,0.0,0.0,0.0
2019-03-17,6,0,106,0.0,0.0,0.0,0.0,0.0
2019-03-17,6,0,109,11.37,11.37,0.0,172.579258,0.0
2019-03-17,6,0,110,81.15,81.15,0.0,1947.297742,0.0
2019-03-17,6,0,111,0.0,0.0,0.0,0.0,0.0
2019-03-17,6,0,113,0.0,0.0,0.0,0.0,0.0
2019-03-17,6,0,115,0.0,0.0,0.0,0.0,0.0
2019-03-17,6,0,116,0.0,0.0,0.0,0.0,0.0
2019-03-17,6,0,117,0.0,0.0,0.0,0.0,0.0
2019-03-17,6,0,119,0.0,0.0,0.0,0.0,0.0
2019-03-17,6,0,120,0.0,0.0,0.0,0.0,0.0
2019-03-17,6,0,123,0.0,0.0,0.0,0.0,0.0
2019-03-17,6,0,125,6.67,6.67,0.0,123.047409,0.0
2019-03-17,6,0,126,0.0,0.0,0.0,0.0,0.0
2019-03-17,6,0,127,0.0,0.0,0.0,0.0,0.0
2019-03-17,6,0,128,9.55,9.55,0.0,176.177325,0.0
2019-03-17,6,0,131,0.0,0.0,0.0,0.0,0.0
2019-03-17,6,0,132,0.0,0.0,0.0,0.0,0.0
2019-03-17,6,0,133,13.28,13.28,0.0,173.32048,0.0
2019-03-17,6,0,134,0.0,0.0,0.0,0.0,0.0
2019-03-17,6,0,135,17.8,17.8,0.0,232.312089,0.0
2019-03-17,6,0,136,14.46,14.46,0.0,134.130884,0.0
2019-03-17,6,0,139,0.0,0.0,0.0,0.0,0.0
2019-03-17,6,0,140,60.06,60.06,0.0,1441.216295,0.0
2019-03-17,6,0,141,5.05,5.05,0.0,115.892788,0.0
2019-03-17,6,0,142,0.0,0.0,0.0,0.0,0.0
2019-03-17,6,0,143,13.37,13.37,0.0,247.153067,0.0
2019-03-17,6,0,145,1.44,1.44,0.0,24.851734,0.0
2019-03-17,6,0,146,93.02,93.02,0.0,2232.13353,0.0
2019-03-17,6,0,152,0.0,0.0,0.0,0.0,0.0
2019-03-17,6,0,153,0.0,0.0,0.0,0.0,0.0
2019-03-17,6,0,154,0.0,0.0,0.0,0.0,0.0
2019-03-17,6,0,157,41.8,41.8,0.0,959.270996,0.0
2019-03-17,6,0,158,0.0,0.0,0.0,0.0,0.0
2019-03-17,6,0,159,0.0,0.0,0.0,0.0,0.0
2019-03-17,6,0,160,0.0,0.0,0.0,0.0,0.0
2019-03-17,6,0,161,0.0,0.0,0.0,0.0,0.0
2019-03-17,6,0,162,0.0,0.0,0.0,0.0,0.0
2019-03-17,6,0,163,0.0,0.0,0.0,0.0,0.0
2019-03-17,6,0,164,0.0,0.0,0.0,0.0,0.0
2019-03-17,6,0,167,0.0,0.0,0.0,0.0,0.0
2019-03-17,6,0,168,0.0,0.0,0.0,0.0,0.0
2019-03-17,6,0,169,0.0,0.0,0.0,0.0,0.0
2019-03-17,6,0,170,0.0,0.0,0.0,0.0,0.0
2019-03-17,6,0,172,0.0,0.0,0.0,0.0,0.0
2019-03-17,6,0,173,0.0,0.0,0.0,0.0,0.0
2019-03-17,6,0,188,0.0,0.0,0.0,0.0,0.0
2019-03-17,6,0,190,0.0,0.0,0.0,0.0,0.0
2019-03-17,6,0,191,0.0,0.0,0.0,0.0,0.0
2019-03-17,6,0,192,0.0,0.0,0.0,0.0,0.0
2019-03-17,6,0,194,5.62,5.62,0.0,130.589744,0.0
2019-03-17,6,0,196,0.0,0.0,0.0,0.0,0.0
2019-03-17,6,0,198,0.0,0.0,0.0,0.0,0.0
2019-03-17,6,0,199,4.93,4.93,0.0,69.793078,0.0
2019-03-17,6,0,200,0.0,0.0,0.0,0.0,0.0
2019-03-17,6,0,204,52.25,52.25,0.0,800.719271,0.0
2019-03-17,6,0,205,60.14,60.14,0.0,912.833471,0.0
2019-03-17,6,0,206,16.61,16.61,0.0,307.701983,0.0
2019-03-17,6,0,210,0.0,0.0,0.0,0.0,0.0
2019-03-17,6,0,214,0.0,0.0,0.0,0.0,0.0
2019-03-17,6,0,217,0.0,0.0,0.0,0.0,0.0
2019-03-17,6,0,218,0.0,0.0,0.0,0.0,0.0
2019-03-17,6,0,219,0.0,0.0,0.0,0.0,0.0
2019-03-17,6,0,221,0.0,0.0,0.0,0.0,0.0
2019-03-17,6,0,225,0.0,0.0,0.0,0.0,0.0
2019-03-17,6,0,233,0.0,0.0,0.0,0.0,0.0
2019-03-17,6,0,236,3.54,3.54,0.0,46.460616,0.0
2019-03-17,6,0,237,3.23,3.23,0.0,44.458891,0.0
2019-03-17,6,0,238,0.0,0.0,0.0,0.0,0.0
2019-03-17,6,0,240,0.0,0.0,0.0,0.0,0.0
2019-03-17,6,0,245,67.51,67.51,0.0,792.279088,0.0
2019-03-17,6,0,247,29.03,29.03,0.0,340.688223,0.0
2019-03-17,6,0,248,0.32,0.32,0.0,4.404596,0.0
2019-03-17,6,0,249,129.84,129.84,0.0,1523.767098,0.0
2019-03-17,6,0,251,54.15,54.15,0.0,555.854581,0.0
2019-03-17,6,0,252,65.38,65.38,0.0,593.85334,0.0
2019-03-17,6,0,254,0.0,0.0,0.0,0.0,0.0
2019-03-17,6,0,255,0.0,0.0,0.0,0.0,0.0
2019-03-17,6,0,258,0.0,0.0,0.0,0.0,0.0
2019-03-17,6,0,260,0.0,0.0,0.0,0.0,0.0
2019-03-17,6,0,265,0.0,0.0,0.0,0.0,0.0
2019-03-17,6,0,266,0.0,0.0,0.0,0.0,0.0
2019-03-17,6,0,267,0.0,0.0,0.0,0.0,0.0
2019-03-17,6,0,270,0.0,0.0,0.0,0.0,0.0
2019-03-17,6,0,272,0.0,0.0,0.0,0.0,0.0
2019-03-17,6,0,273,0.0,0.0,0.0,0.0,0.0
2019-03-17,6,0,274,0.0,0.0,0.0,0.0,0.0
2019-03-17,6,0,275,0.0,0.0,0.0,0.0,0.0
2019-03-17,6,0,276,0.0,0.0,0.0,0.0,0.0
2019-03-17,6,0,277,0.0,0.0,0.0,0.0,0.0
2019-03-17,6,0,278,0.0,0.0,0.0,0.0,0.0
2019-03-17,6,0,279,0.0,0.0,0.0,0.0,0.0
2019-03-17,6,0,281,1.29,1.29,0.0,23.846481,0.0
2019-03-17,6,0,282,0.0,0.0,0.0,0.0,0.0
2019-03-17,7,0,9,0.0,0.0,0.0,0.0,0.0
2019-03-17,7,0,17,0.0,0.0,0.0,0.0,0.0
2019-03-17,7,0,19,441.32,441.32,0.0,7367.872259,0.0
2019-03-17,7,0,20,535.23,535.23,0.0,8935.707127,0.0
2019-03-17,7,0,21,0.0,0.0,0.0,0.0,0.0
2019-03-17,7,0,22,0.0,0.0,0.0,0.0,0.0
2019-03-17,7,0,23,9.65,9.65,0.0,226.272114,0.0
2019-03-17,7,0,24,17.07,17.07,0.0,400.255439,0.0
2019-03-17,7,0,29,0.0,0.0,0.0,0.0,0.0
2019-03-17,7,0,30,0.0,0.0,0.0,0.0,0.0
2019-03-17,7,0,31,10.7,10.7,0.0,251.355167,0.0
2019-03-17,7,0,32,0.0,0.0,0.0,0.0,0.0
2019-03-17,7,0,33,0.0,0.0,0.0,0.0,0.0
2019-03-17,7,0,34,0.0,0.0,0.0,0.0,0.0
2019-03-17,7,0,35,0.0,0.0,0.0,0.0,0.0
2019-03-17,7,0,36,0.0,0.0,0.0,0.0,0.0
2019-03-17,7,0,37,0.0,0.0,0.0,0.0,0.0
2019-03-17,7,0,38,0.0,0.0,0.0,0.0,0.0
2019-03-17,7,0,39,0.0,0.0,0.0,0.0,0.0
2019-03-17,7,0,40,0.0,0.0,0.0,0.0,0.0
2019-03-17,7,0,41,4.37,4.37,0.0,92.645665,0.0
2019-03-17,7,0,42,0.0,0.0,0.0,0.0,0.0
2019-03-17,7,0,43,0.0,0.0,0.0,0.0,0.0
2019-03-17,7,0,46,0.0,0.0,0.0,0.0,0.0
2019-03-17,7,0,52,11.34,11.34,0.0,266.389494,0.0
2019-03-17,7,0,53,18.02,18.02,0.0,423.31029,0.0
2019-03-17,7,0,55,12.27,12.27,0.0,287.705579,0.0
2019-03-17,7,0,56,0.0,0.0,0.0,0.0,0.0
2019-03-17,7,0,57,0.0,0.0,0.0,0.0,0.0
2019-03-17,7,0,58,0.0,0.0,0.0,0.0,0.0
2019-03-17,7,0,59,0.0,0.0,0.0,0.0,0.0
2019-03-17,7,0,63,4.67,4.67,0.0,142.694848,0.0
2019-03-17,7,0,64,5.5,5.5,0.0,168.056031,0.0
2019-03-17,7,0,65,12.13,12.13,0.0,203.080983,0.0
2019-03-17,7,0,67,0.0,0.0,0.0,0.0,0.0
2019-03-17,7,0,68,0.0,0.0,0.0,0.0,0.0
2019-03-17,7,0,69,0.0,0.0,0.0,0.0,0.0
2019-03-17,7,0,74,1.99,1.99,0.0,35.977946,0.0
2019-03-17,7,0,77,10.18,10.18,0.0,281.035947,0.0
2019-03-17,7,0,78,7.69,7.69,0.0,212.295327,0.0
2019-03-17,7,0,79,4.45,4.45,0.0,122.849702,0.0
2019-03-17,7,0,80,7.2,7.2,0.0,198.768057,0.0
2019-03-17,7,0,81,9.41,9.41,0.0,259.778808,0.0
2019-03-17,7,0,82,6.64,6.64,0.0,183.308319,0.0
2019-03-17,7,0,83,14.81,14.81,0.0,408.85485,0.0
2019-03-17,7,0,84,0.0,0.0,0.0,0.0,0.0
2019-03-17,7,0,86,0.0,0.0,0.0,0.0,0.0
2019-03-17,7,0,87,0.0,0.0,0.0,0.0,0.0
2019-03-17,7,0,88,9.4,9.4,0.0,259.502741,0.0
2019-03-17,7,0,89,9.04,9.04,0.0,249.564338,0.0
2019-03-17,7,0,90,12.13,12.13,0.0,334.868962,0.0
2019-03-17,7,0,91,43.28,43.28,0.0,1194.816875,0.0
2019-03-17,7,0,92,15.57,15.57,0.0,429.835923,0.0
2019-03-17,7,0,95,0.0,0.0,0.0,0.0,0.0
2019-03-17,7,0,96,2.05,2.05,0.0,48.249491,0.0
2019-03-17,7,0,97,12.59,12.59,0.0,296.322485,0.0
2019-03-17,7,0,99,0.38,0.38,0.0,6.87016,0.0
2019-03-17,7,0,101,0.0,0.0,0.0,0.0,0.0
2019-03-17,7,0,102,0.0,0.0,0.0,0.0,0.0
2019-03-17,7,0,103,0.0,0.0,0.0,0.0,0.0
2019-03-17,7,0,104,0.0,0.0,0.0,0.0,0.0
2019-03-17,7,0,106,0.0,0.0,0.0,0.0,0.0
2019-03-17,7,0,109,26.95,26.95,0.0,531.011088,0.0
2019-03-17,7,0,110,73.22,73.22,0.0,2176.898068,0.0
2019-03-17,7,0,111,0.0,0.0,0.0,0.0,0.0
2019-03-17,7,0,113,1.52,1.52,0.0,43.238867,0.0
2019-03-17,7,0,115,1.52,1.52,0.0,43.238867,0.0
2019-03-17,7,0,116,0.0,0.0,0.0,0.0,0.0
2019-03-17,7,0,117,0.06,0.06,0.0,1.706797,0.0
2019-03-17,7,0,119,5.5,5.5,0.0,168.056031,0.0
2019-03-17,7,0,120,3.23,3.23,0.0,98.694724,0.0
2019-03-17,7,0,123,0.0,0.0,0.0,0.0,0.0
2019-03-17,7,0,125,15.45,15.45,0.0,362.269861,0.0
2019-03-17,7,0,126,0.0,0.0,0.0,0.0,0.0
2019-03-17,7,0,127,0.0,0.0,0.0,0.0,0.0
2019-03-17,7,0,128,22.13,22.13,0.0,518.901749,0.0
2019-03-17,7,0,131,0.99,0.99,0.0,27.817965,0.0
2019-03-17,7,0,132,1.45,1.45,0.0,40.743484,0.0
2019-03-17,7,0,133,11.72,11.72,0.0,195.614468,0.0
2019-03-17,7,0,134,0.0,0.0,0.0,0.0,0.0
2019-03-17,7,0,135,15.7,15.7,0.0,262.043272,0.0
2019-03-17,7,0,136,16.3,16.3,0.0,272.937328,0.0
2019-03-17,7,0,139,5.65,5.65,0.0,119.782152,0.0
2019-03-17,7,0,140,54.19,54.19,0.0,1611.118633,0.0
2019-03-17,7,0,141,4.86,4.86,0.0,138.882166,0.0
2019-03-17,7,0,142,0.0,0.0,0.0,0.0,0.0
2019-03-17,7,0,143,9.59,9.59,0.0,225.280004,0.0
2019-03-17,7,0,145,2.85,2.85,0.0,62.943238,0.0
2019-03-17,7,0,146,92.98,92.98,0.0,2764.381075,0.0
2019-03-17,7,0,152,0.0,0.0,0.0,0.0,0.0
2019-03-17,7,0,153,0.0,0.0,0.0,0.0,0.0
2019-03-17,7,0,154,0.0,0.0,0.0,0.0,0.0
2019-03-17,7,0,157,39.27,39.27,0.0,1122.202192,0.0
2019-03-17,7,0,158,0.0,0.0,0.0,0.0,0.0
2019-03-17,7,0,159,0.0,0.0,0.0,0.0,0.0
2019-03-17,7,0,160,0.0,0.0,0.0,0.0,0.0
2019-03-17,7,0,161,0.0,0.0,0.0,0.0,0.0
2019-03-17,7,0,162,0.0,0.0,0.0,0.0,0.0
2019-03-17,7,0,163,0.0,0.0,0.0,0.0,0.0
2019-03-17,7,0,164,0.0,0.0,0.0,0.0,0.0
2019-03-17,7,0,167,0.0,0.0,0.0,0.0,0.0
2019-03-17,7,0,168,0.0,0.0,0.0,0.0,0.0
2019-03-17,7,0,169,0.0,0.0,0.0,0.0,0.0
2019-03-17,7,0,170,0.0,0.0,0.0,0.0,0.0
2019-03-17,7,0,172,0.0,0.0,0.0,0.0,0.0
2019-03-17,7,0,173,0.0,0.0,0.0,0.0,0.0
2019-03-17,7,0,188,0.0,0.0,0.0,0.0,0.0
2019-03-17,7,0,190,0.0,0.0,0.0,0.0,0.0
2019-03-17,7,0,191,0.0,0.0,0.0,0.0,0.0
2019-03-17,7,0,192,0.0,0.0,0.0,0.0,0.0
2019-03-17,7,0,194,9.66,9.66,0.0,279.654262,0.0
2019-03-17,7,0,196,0.0,0.0,0.0,0.0,0.0
2019-03-17,7,0,198,0.0,0.0,0.0,0.0,0.0
2019-03-17,7,0,199,4.64,4.64,0.0,92.484778,0.0
2019-03-17,7,0,200,0.0,0.0,0.0,0.0,0.0
2019-03-17,7,0,204,109.84,109.84,0.0,2182.712762,0.0
2019-03-17,7,0,205,142.56,142.56,0.0,2808.940283,0.0
2019-03-17,7,0,206,37.01,37.01,0.0,871.079838,0.0
2019-03-17,7,0,210,0.0,0.0,0.0,0.0,0.0
2019-03-17,7,0,214,0.0,0.0,0.0,0.0,0.0
2019-03-17,7,0,217,0.0,0.0,0.0,0.0,0.0
2019-03-17,7,0,218,0.0,0.0,0.0,0.0,0.0
2019-03-17,7,0,219,0.0,0.0,0.0,0.0,0.0
2019-03-17,7,0,221,0.0,0.0,0.0,0.0,0.0
2019-03-17,7,0,225,0.0,0.0,0.0,0.0,0.0
2019-03-17,7,0,233,0.0,0.0,0.0,0.0,0.0
2019-03-17,7,0,236,4.04,4.04,0.0,70.034527,0.0
2019-03-17,7,0,237,4.77,4.77,0.0,86.238593,0.0
2019-03-17,7,0,238,0.0,0.0,0.0,0.0,0.0
2019-03-17,7,0,240,0.0,0.0,0.0,0.0,0.0
2019-03-17,7,0,245,52.65,52.65,0.0,869.903203,0.0
2019-03-17,7,0,247,29.57,29.57,0.0,488.566718,0.0
2019-03-17,7,0,248,0.48,0.48,0.0,8.678097,0.0
2019-03-17,7,0,249,101.24,101.24,0.0,1672.725551,0.0
2019-03-17,7,0,251,56.74,56.74,0.0,954.318598,0.0
2019-03-17,7,0,252,78.28,78.28,0.0,1310.567137,0.0
2019-03-17,7,0,254,0.0,0.0,0.0,0.0,0.0
2019-03-17,7,0,255,0.0,0.0,0.0,0.0,0.0
2019-03-17,7,0,258,0.0,0.0,0.0,0.0,0.0
2019-03-17,7,0,260,0.0,0.0,0.0,0.0,0.0
2019-03-17,7,0,265,0.0,0.0,0.0,0.0,0.0
2019-03-17,7,0,266,3.66,3.66,0.0,77.593394,0.0
2019-03-17,7,0,267,4.49,4.49,0.0,95.18971,0.0
2019-03-17,7,0,270,0.0,0.0,0.0,0.0,0.0
2019-03-17,7,0,272,5.39,5.39,0.0,153.327298,0.0
2019-03-17,7,0,273,0.0,0.0,0.0,0.0,0.0
2019-03-17,7,0,274,0.0,0.0,0.0,0.0,0.0
2019-03-17,7,0,275,0.0,0.0,0.0,0.0,0.0
2019-03-17,7,0,276,0.0,0.0,0.0,0.0,0.0
2019-03-17,7,0,277,0.0,0.0,0.0,0.0,0.0
2019-03-17,7,0,278,0.0,0.0,0.0,0.0,0.0
2019-03-17,7,0,279,0.0,0.0,0.0,0.0,0.0
2019-03-17,7,0,281,4.8,4.8,0.0,112.757458,0.0
2019-03-17,7,0,282,0.0,0.0,0.0,0.0,0.0
2019-03-17,8,0,9,0.02,0.02,0.0,0.367984,0.0
2019-03-17,8,0,17,1.27,1.27,0.0,15.746867,0.0
2019-03-17,8,0,19,295.87,295.87,0.0,3668.524124,0.0
2019-03-17,8,0,20,368.23,368.23,0.0,4565.723589,0.0
2019-03-17,8,0,21,0.48,0.48,0.0,8.831606,0.0
2019-03-17,8,0,22,1.7,1.7,0.0,31.278606,0.0
2019-03-17,8,0,23,5.59,5.59,0.0,102.851416,0.0
2019-03-17,8,0,24,9.9,9.9,0.0,182.151882,0.0
2019-03-17,8,0,29,0.81,0.81,0.0,8.353952,0.0
2019-03-17,8,0,30,0.0,0.0,0.0,0.0,0.0
2019-03-17,8,0,31,3.03,3.03,0.0,55.865736,0.0
2019-03-17,8,0,32,0.58,0.58,0.0,14.716976,0.0
2019-03-17,8,0,33,0.15,0.15,0.0,1.703854,0.0
2019-03-17,8,0,34,0.24,0.24,0.0,2.726167,0.0
2019-03-17,8,0,35,0.24,0.24,0.0,2.726167,0.0
2019-03-17,8,0,36,0.76,0.76,0.0,10.607721,0.0
2019-03-17,8,0,37,0.37,0.37,0.0,5.16906,0.0
2019-03-17,8,0,38,0.48,0.48,0.0,6.705807,0.0
2019-03-17,8,0,39,0.32,0.32,0.0,4.470538,0.0
2019-03-17,8,0,40,0.32,0.32,0.0,4.470538,0.0
2019-03-17,8,0,41,1.57,1.57,0.0,25.755968,0.0
2019-03-17,8,0,42,1.54,1.54,0.0,19.441823,0.0
2019-03-17,8,0,43,2.4,2.4,0.0,32.758465,0.0
2019-03-17,8,0,46,1.97,1.97,0.0,28.316809,0.0
2019-03-17,8,0,52,3.21,3.21,0.0,59.184492,0.0
2019-03-17,8,0,53,5.11,5.11,0.0,94.215811,0.0
2019-03-17,8,0,55,8.16,8.16,0.0,150.137309,0.0
2019-03-17,8,0,56,0.0,0.0,0.0,0.0,0.0
2019-03-17,8,0,57,0.0,0.0,0.0,0.0,0.0
2019-03-17,8,0,58,0.0,0.0,0.0,0.0,0.0
2019-03-17,8,0,59,0.0,0.0,0.0,0.0,0.0
2019-03-17,8,0,63,0.0,0.0,0.0,0.0,0.0
2019-03-17,8,0,64,0.0,0.0,0.0,0.0,0.0
2019-03-17,8,0,65,13.69,13.69,0.0,170.317135,0.0
2019-03-17,8,0,67,0.42,0.42,0.0,9.643881,0.0
2019-03-17,8,0,68,0.0,0.0,0.0,0.0,0.0
2019-03-17,8,0,69,0.15,0.15,0.0,1.703854,0.0
2019-03-17,8,0,74,1.48,1.48,0.0,20.176662,0.0
2019-03-17,8,0,77,3.6,3.6,0.0,79.514151,0.0
2019-03-17,8,0,78,2.72,2.72,0.0,60.077359,0.0
2019-03-17,8,0,79,1.57,1.57,0.0,34.677005,0.0
2019-03-17,8,0,80,2.54,2.54,0.0,56.101651,0.0
2019-03-17,8,0,81,3.33,3.33,0.0,73.55059,0.0
2019-03-17,8,0,82,2.34,2.34,0.0,51.684198,0.0
2019-03-17,8,0,83,5.24,5.24,0.0,115.737264,0.0
2019-03-17,8,0,84,0.0,0.0,0.0,0.0,0.0
2019-03-17,8,0,86,0.76,0.76,0.0,8.632863,0.0
2019-03-17,8,0,87,3.89,3.89,0.0,44.186626,0.0
2019-03-17,8,0,88,3.44,3.44,0.0,75.980189,0.0
2019-03-17,8,0,89,3.32,3.32,0.0,73.329717,0.0
2019-03-17,8,0,90,4.33,4.33,0.0,95.637854,0.0
2019-03-17,8,0,91,13.58,13.58,0.0,299.945048,0.0
2019-03-17,8,0,92,5.43,5.43,0.0,119.933844,0.0
2019-03-17,8,0,95,0.0,0.0,0.0,0.0,0.0
2019-03-17,8,0,96,1.06,1.06,0.0,19.58628,0.0
2019-03-17,8,0,97,6.5,6.5,0.0,120.104548,0.0
2019-03-17,8,0,99,0.28,0.28,0.0,3.817206,0.0
2019-03-17,8,0,101,0.0,0.0,0.0,0.0,0.0
2019-03-17,8,0,102,0.0,0.0,0.0,0.0,0.0
2019-03-17,8,0,103,0.0,0.0,0.0,0.0,0.0
2019-03-17,8,0,104,0.0,0.0,0.0,0.0,0.0
2019-03-17,8,0,106,1.67,1.67,0.0,30.726631,0.0
2019-03-17,8,0,109,22.27,22.27,0.0,335.813032,0.0
2019-03-17,8,0,110,49.43,49.43,0.0,1186.769653,0.0
2019-03-17,8,0,111,0.53,0.53,0.0,8.69469,0.0
2019-03-17,8,0,113,0.0,0.0,0.0,0.0,0.0
2019-03-17,8,0,115,0.0,0.0,0.0,0.0,0.0
2019-03-17,8,0,116,4.67,4.67,0.0,112.122482,0.0
2019-03-17,8,0,117,0.0,0.0,0.0,0.0,0.0
2019-03-17,8,0,119,0.0,0.0,0.0,0.0,0.0
2019-03-17,8,0,120,0.0,0.0,0.0,0.0,0.0
2019-03-17,8,0,123,0.03,0.03,0.0,0.551975,0.0
2019-03-17,8,0,125,8.96,8.96,0.0,164.856653,0.0
2019-03-17,8,0,126,1.25,1.25,0.0,22.998975,0.0
2019-03-17,8,0,127,1.61,1.61,0.0,29.62268,0.0
2019-03-17,8,0,128,12.83,12.83,0.0,236.061479,0.0
2019-03-17,8,0,131,0.0,0.0,0.0,0.0,0.0
2019-03-17,8,0,132,0.0,0.0,0.0,0.0,0.0
2019-03-17,8,0,133,8.03,8.03,0.0,99.533154,0.0
2019-03-17,8,0,134,0.0,0.0,0.0,0.0,0.0
2019-03-17,8,0,135,10.76,10.76,0.0,133.371947,0.0
2019-03-17,8,0,136,19.0,19.0,0.0,236.422468,0.0
2019-03-17,8,0,139,2.03,2.03,0.0,33.302303,0.0
2019-03-17,8,0,140,36.58,36.58,0.0,878.25276,0.0
2019-03-17,8,0,141,0.0,0.0,0.0,0.0,0.0
2019-03-17,8,0,142,0.55,0.55,0.0,12.628892,0.0
2019-03-17,8,0,143,4.1,4.1,0.0,75.5939,0.0
2019-03-17,8,0,145,1.71,1.71,0.0,29.396664,0.0
2019-03-17,8,0,146,70.91,70.91,0.0,1702.485052,0.0
2019-03-17,8,0,152,0.47,0.47,0.0,6.382395,0.0
2019-03-17,8,0,153,0.67,0.67,0.0,9.133922,0.0
2019-03-17,8,0,154,2.17,2.17,0.0,35.599013,0.0
2019-03-17,8,0,157,25.14,25.14,0.0,577.255182,0.0
2019-03-17,8,0,158,0.0,0.0,0.0,0.0,0.0
2019-03-17,8,0,159,0.0,0.0,0.0,0.0,0.0
2019-03-17,8,0,160,0.21,0.21,0.0,2.660501,0.0
2019-03-17,8,0,161,1.18,1.18,0.0,26.691092,0.0
2019-03-17,8,0,162,0.0,0.0,0.0,0.0,0.0
2019-03-17,8,0,163,0.0,0.0,0.0,0.0,0.0
2019-03-17,8,0,164,0.0,0.0,0.0,0.0,0.0
2019-03-17,8,0,167,0.71,0.71,0.0,18.052487,0.0
2019-03-17,8,0,168,0.35,0.35,0.0,8.899113,0.0
2019-03-17,8,0,169,0.0,0.0,0.0,0.0,0.0
2019-03-17,8,0,170,0.78,0.78,0.0,19.832309,0.0
2019-03-17,8,0,172,0.95,0.95,0.0,25.383305,0.0
2019-03-17,8,0,173,1.44,1.44,0.0,38.475746,0.0
2019-03-17,8,0,188,1.18,1.18,0.0,30.231713,0.0
2019-03-17,8,0,190,0.57,0.57,0.0,14.11625,0.0
2019-03-17,8,0,191,1.48,1.48,0.0,36.652719,0.0
2019-03-17,8,0,192,0.0,0.0,0.0,0.0,0.0
2019-03-17,8,0,194,5.25,5.25,0.0,122.164655,0.0
2019-03-17,8,0,196,0.33,0.33,0.0,8.027589,0.0
2019-03-17,8,0,198,1.03,1.03,0.0,11.307514,0.0
2019-03-17,8,0,199,2.98,2.98,0.0,43.341304,0.0
2019-03-17,8,0,200,2.12,2.12,0.0,30.833411,0.0
2019-03-17,8,0,204,86.59,86.59,0.0,1318.654517,0.0
2019-03-17,8,0,205,117.83,117.83,0.0,1776.778156,0.0
2019-03-17,8,0,206,19.11,19.11,0.0,353.107371,0.0
2019-03-17,8,0,210,0.27,0.27,0.0,2.750418,0.0
2019-03-17,8,0,214,1.29,1.29,0.0,13.859829,0.0
2019-03-17,8,0,217,0.94,0.94,0.0,9.81267,0.0
2019-03-17,8,0,218,1.3,1.3,0.0,13.570714,0.0
2019-03-17,8,0,219,0.89,0.89,0.0,9.29072,0.0
2019-03-17,8,0,221,0.69,0.69,0.0,7.413397,0.0
2019-03-17,8,0,225,0.75,0.75,0.0,7.744324,0.0
2019-03-17,8,0,233,0.43,0.43,0.0,4.884383,0.0
2019-03-17,8,0,236,3.39,3.39,0.0,43.968686,0.0
2019-03-17,8,0,237,3.54,3.54,0.0,48.260395,0.0
2019-03-17,8,0,238,2.0,2.0,0.0,25.249121,0.0
2019-03-17,8,0,240,0.86,0.86,0.0,12.003473,0.0
2019-03-17,8,0,245,36.53,36.53,0.0,447.313548,0.0
2019-03-17,8,0,247,21.71,21.71,0.0,265.841148,0.0
2019-03-17,8,0,248,0.36,0.36,0.0,4.907837,0.0
2019-03-17,8,0,249,70.24,70.24,0.0,860.09591,0.0
2019-03-17,8,0,251,66.48,66.48,0.0,831.648145,0.0
2019-03-17,8,0,252,88.28,88.28,0.0,1098.290477,0.0
2019-03-17,8,0,254,1.32,1.32,0.0,17.692444,0.0
2019-03-17,8,0,255,0.6,0.6,0.0,8.04202,0.0
2019-03-17,8,0,258,1.05,1.05,0.0,14.603143,0.0
2019-03-17,8,0,260,0.5,0.5,0.0,6.334527,0.0
2019-03-17,8,0,265,2.25,2.25,0.0,36.911419,0.0
2019-03-17,8,0,266,1.32,1.32,0.0,21.654699,0.0
2019-03-17,8,0,267,1.62,1.62,0.0,26.576222,0.0
2019-03-17,8,0,270,0.0,0.0,0.0,0.0,0.0
2019-03-17,8,0,272,0.0,0.0,0.0,0.0,0.0
2019-03-17,8,0,273,1.12,1.12,0.0,26.890188,0.0
2019-03-17,8,0,274,0.0,0.0,0.0,0.0,0.0
2019-03-17,8,0,275,0.0,0.0,0.0,0.0,0.0
2019-03-17,8,0,276,0.24,0.24,0.0,5.706052,0.0
2019-03-17,8,0,277,0.33,0.33,0.0,7.435746,0.0
2019-03-17,8,0,278,0.52,0.52,0.0,11.716932,0.0
2019-03-17,8,0,279,0.0,0.0,0.0,0.0,0.0
2019-03-17,8,0,281,1.36,1.36,0.0,25.07505,0.0
2019-03-17,8,0,282,0.0,0.0,0.0,0.0,0.0
2019-03-17,9,0,9,0.94,0.94,0.0,16.025252,0.0
2019-03-17,9,0,17,5.37,5.37,0.0,67.242229,0.0
2019-03-17,9,0,19,160.01,160.01,0.0,2003.618086,0.0
2019-03-17,9,0,20,198.69,198.69,0.0,2487.962487,0.0
2019-03-17,9,0,21,21.41,21.41,0.0,365.000677,0.0
2019-03-17,9,0,22,76.08,76.08,0.0,1297.022489,0.0
2019-03-17,9,0,23,3.42,3.42,0.0,58.304639,0.0
2019-03-17,9,0,24,6.06,6.06,0.0,103.311728,0.0
2019-03-17,9,0,29,2.53,2.53,0.0,27.647373,0.0
2019-03-17,9,0,30,164.6,164.6,0.0,2810.872543,0.0
2019-03-17,9,0,31,2.98,2.98,0.0,50.88943,0.0
2019-03-17,9,0,32,2.39,2.39,0.0,53.530752,0.0
2019-03-17,9,0,33,0.63,0.63,0.0,7.391647,0.0
2019-03-17,9,0,34,1.01,1.01,0.0,11.850101,0.0
2019-03-17,9,0,35,1.01,1.01,0.0,11.850101,0.0
2019-03-17,9,0,36,3.88,3.88,0.0,53.192974,0.0
2019-03-17,9,0,37,1.86,1.86,0.0,25.519556,0.0
2019-03-17,9,0,38,2.39,2.39,0.0,32.791258,0.0
2019-03-17,9,0,39,1.59,1.59,0.0,21.815104,0.0
2019-03-17,9,0,40,1.59,1.59,0.0,21.815104,0.0
2019-03-17,9,0,41,1.52,1.52,0.0,23.631792,0.0
2019-03-17,9,0,42,9.57,9.57,0.0,121.47077,0.0
2019-03-17,9,0,43,11.52,11.52,0.0,155.309091,0.0
2019-03-17,9,0,46,10.2,10.2,0.0,143.050021,0.0
2019-03-17,9,0,52,3.16,3.16,0.0,53.963288,0.0
2019-03-17,9,0,53,5.05,5.05,0.0,86.238799,0.0
2019-03-17,9,0,55,6.36,6.36,0.0,108.42617,0.0
2019-03-17,9,0,56,48.55,48.55,0.0,829.087861,0.0
2019-03-17,9,0,57,46.18,46.18,0.0,788.615395,0.0
2019-03-17,9,0,58,88.81,88.81,0.0,1516.607476,0.0
2019-03-17,9,0,59,87.33,87.33,0.0,1491.333531,0.0
2019-03-17,9,0,63,0.0,0.0,0.0,0.0,0.0
2019-03-17,9,0,64,0.0,0.0,0.0,0.0,0.0
2019-03-17,9,0,65,15.37,15.37,0.0,192.948881,0.0
2019-03-17,9,0,67,100.55,100.55,0.0,2060.910866,0.0
2019-03-17,9,0,68,0.0,0.0,0.0,0.0,0.0
2019-03-17,9,0,69,0.63,0.63,0.0,7.391647,0.0
2019-03-17,9,0,74,0.0,0.0,0.0,0.0,0.0
2019-03-17,9,0,77,0.0,0.0,0.0,0.0,0.0
2019-03-17,9,0,78,0.0,0.0,0.0,0.0,0.0
2019-03-17,9,0,79,0.0,0.0,0.0,0.0,0.0
2019-03-17,9,0,80,0.0,0.0,0.0,0.0,0.0
2019-03-17,9,0,81,0.0,0.0,0.0,0.0,0.0
2019-03-17,9,0,82,0.0,0.0,0.0,0.0,0.0
2019-03-17,9,0,83,0.0,0.0,0.0,0.0,0.0
2019-03-17,9,0,84,0.0,0.0,0.0,0.0,0.0
2019-03-17,9,0,86,3.21,3.21,0.0,37.662201,0.0
2019-03-17,9,0,87,16.37,16.37,0.0,192.065491,0.0
2019-03-17,9,0,88,0.0,0.0,0.0,0.0,0.0
2019-03-17,9,0,89,0.0,0.0,0.0,0.0,0.0
2019-03-17,9,0,90,0.0,0.0,0.0,0.0,0.0
2019-03-17,9,0,91,0.0,0.0,0.0,0.0,0.0
2019-03-17,9,0,92,0.0,0.0,0.0,0.0,0.0
2019-03-17,9,0,95,0.0,0.0,0.0,0.0,0.0
2019-03-17,9,0,96,0.0,0.0,0.0,0.0,0.0
2019-03-17,9,0,97,0.0,0.0,0.0,0.0,0.0
2019-03-17,9,0,99,0.0,0.0,0.0,0.0,0.0
2019-03-17,9,0,101,3.32,3.32,0.0,56.695607,0.0
2019-03-17,9,0,102,0.0,0.0,0.0,0.0,0.0
2019-03-17,9,0,103,0.0,0.0,0.0,0.0,0.0
2019-03-17,9,0,104,0.0,0.0,0.0,0.0,0.0
2019-03-17,9,0,106,74.89,74.89,0.0,1276.735202,0.0
2019-03-17,9,0,109,17.44,17.44,0.0,253.783285,0.0
2019-03-17,9,0,110,31.68,31.68,0.0,675.175315,0.0
2019-03-17,9,0,111,5.01,5.01,0.0,77.891629,0.0
2019-03-17,9,0,113,0.0,0.0,0.0,0.0,0.0
2019-03-17,9,0,115,0.0,0.0,0.0,0.0,0.0
2019-03-17,9,0,116,42.78,42.78,0.0,911.742423,0.0
2019-03-17,9,0,117,0.0,0.0,0.0,0.0,0.0
2019-03-17,9,0,119,0.0,0.0,0.0,0.0,0.0
2019-03-17,9,0,120,0.0,0.0,0.0,0.0,0.0
2019-03-17,9,0,123,1.25,1.25,0.0,21.310175,0.0
2019-03-17,9,0,125,5.48,5.48,0.0,93.423807,0.0
2019-03-17,9,0,126,56.17,56.17,0.0,957.594022,0.0
2019-03-17,9,0,127,72.09,72.09,0.0,1229.00041,0.0
2019-03-17,9,0,128,7.85,7.85,0.0,133.827899,0.0
2019-03-17,9,0,131,0.0,0.0,0.0,0.0,0.0
2019-03-17,9,0,132,0.0,0.0,0.0,0.0,0.0
2019-03-17,9,0,133,5.48,5.48,0.0,68.603226,0.0
2019-03-17,9,0,134,0.0,0.0,0.0,0.0,0.0
2019-03-17,9,0,135,7.35,7.35,0.0,92.013452,0.0
2019-03-17,9,0,136,22.11,22.11,0.0,277.598731,0.0
2019-03-17,9,0,139,1.96,1.96,0.0,30.472573,0.0
2019-03-17,9,0,140,23.45,23.45,0.0,499.774657,0.0
2019-03-17,9,0,141,0.0,0.0,0.0,0.0,0.0
2019-03-17,9,0,142,132.6,132.6,0.0,2717.8198,0.0
2019-03-17,9,0,143,8.8,8.8,0.0,150.277511,0.0
2019-03-17,9,0,145,1.0,1.0,0.0,16.13971,0.0
2019-03-17,9,0,146,52.37,52.37,0.0,1116.12788,0.0
2019-03-17,9,0,152,2.55,2.55,0.0,34.21558,0.0
2019-03-17,9,0,153,3.57,3.57,0.0,48.045893,0.0
2019-03-17,9,0,154,20.66,20.66,0.0,321.205798,0.0
2019-03-17,9,0,157,15.05,15.05,0.0,308.470498,0.0
2019-03-17,9,0,158,94.58,94.58,0.0,1938.547486,0.0
2019-03-17,9,0,159,0.0,0.0,0.0,0.0,0.0
2019-03-17,9,0,160,0.93,0.93,0.0,11.858818,0.0
2019-03-17,9,0,161,20.46,20.46,0.0,413.904212,0.0
2019-03-17,9,0,162,0.0,0.0,0.0,0.0,0.0
2019-03-17,9,0,163,0.0,0.0,0.0,0.0,0.0
2019-03-17,9,0,164,6.4,6.4,0.0,109.292736,0.0
2019-03-17,9,0,167,2.74,2.74,0.0,61.484498,0.0
2019-03-17,9,0,168,1.37,1.37,0.0,30.742249,0.0
2019-03-17,9,0,169,0.0,0.0,0.0,0.0,0.0
2019-03-17,9,0,170,2.99,2.99,0.0,67.094398,0.0
2019-03-17,9,0,172,3.68,3.68,0.0,86.402161,0.0
2019-03-17,9,0,173,5.61,5.61,0.0,131.716337,0.0
2019-03-17,9,0,188,4.86,4.86,0.0,109.812746,0.0
2019-03-17,9,0,190,3.71,3.71,0.0,81.288318,0.0
2019-03-17,9,0,191,9.57,9.57,0.0,209.684422,0.0
2019-03-17,9,0,192,0.0,0.0,0.0,0.0,0.0
2019-03-17,9,0,194,0.0,0.0,0.0,0.0,0.0
2019-03-17,9,0,196,2.36,2.36,0.0,50.886122,0.0
2019-03-17,9,0,198,4.2,4.2,0.0,48.293149,0.0
2019-03-17,9,0,199,1.88,1.88,0.0,24.957586,0.0
2019-03-17,9,0,200,8.71,8.71,0.0,115.627965,0.0
2019-03-17,9,0,204,38.57,38.57,0.0,565.619266,0.0
2019-03-17,9,0,205,98.21,98.21,0.0,1429.131673,0.0
2019-03-17,9,0,206,0.0,0.0,0.0,0.0,0.0
2019-03-17,9,0,210,0.87,0.87,0.0,9.402759,0.0
2019-03-17,9,0,214,4.55,4.55,0.0,51.261169,0.0
2019-03-17,9,0,217,3.15,3.15,0.0,34.756279,0.0
2019-03-17,9,0,218,4.35,4.35,0.0,47.996766,0.0
2019-03-17,9,0,219,2.96,2.96,0.0,32.659868,0.0
2019-03-17,9,0,221,2.43,2.43,0.0,27.376844,0.0
2019-03-17,9,0,225,2.38,2.38,0.0,26.035793,0.0
2019-03-17,9,0,233,1.81,1.81,0.0,21.236319,0.0
2019-03-17,9,0,236,0.0,0.0,0.0,0.0,0.0
2019-03-17,9,0,237,0.0,0.0,0.0,0.0,0.0
2019-03-17,9,0,238,12.46,12.46,0.0,158.153166,0.0
2019-03-17,9,0,240,4.39,4.39,0.0,60.184834,0.0
2019-03-17,9,0,245,24.43,24.43,0.0,303.053973,0.0
2019-03-17,9,0,247,15.39,15.39,0.0,190.912838,0.0
2019-03-17,9,0,248,0.0,0.0,0.0,0.0,0.0
2019-03-17,9,0,249,46.97,46.97,0.0,582.662509,0.0
2019-03-17,9,0,251,77.49,77.49,0.0,976.821018,0.0
2019-03-17,9,0,252,99.12,99.12,0.0,1244.313145,0.0
2019-03-17,9,0,254,5.82,5.82,0.0,77.396921,0.0
2019-03-17,9,0,255,2.67,2.67,0.0,35.506835,0.0
2019-03-17,9,0,258,5.35,5.35,0.0,73.149115,0.0
2019-03-17,9,0,260,2.26,2.26,0.0,28.818202,0.0
2019-03-17,9,0,265,21.39,21.39,0.0,332.555277,0.0
2019-03-17,9,0,266,1.27,1.27,0.0,19.744984,0.0
2019-03-17,9,0,267,1.56,1.56,0.0,24.253681,0.0
2019-03-17,9,0,270,0.0,0.0,0.0,0.0,0.0
2019-03-17,9,0,272,0.0,0.0,0.0,0.0,0.0
2019-03-17,9,0,273,10.23,10.23,0.0,218.025362,0.0
2019-03-17,9,0,274,0.0,0.0,0.0,0.0,0.0
2019-03-17,9,0,275,0.0,0.0,0.0,0.0,0.0
2019-03-17,9,0,276,2.27,2.27,0.0,47.965469,0.0
2019-03-17,9,0,277,2.88,2.88,0.0,58.048423,0.0
2019-03-17,9,0,278,4.6,4.6,0.0,92.716231,0.0
2019-03-17,9,0,279,0.0,0.0,0.0,0.0,0.0
2019-03-17,9,0,281,1.33,1.33,0.0,22.712397,0.0
2019-03-17,9,0,282,90.29,90.29,0.0,1541.881421,0.0
2019-03-17,10,0,9,1.96,1.96,0.0,37.887193,0.0
2019-03-17,10,0,17,12.23,12.23,0.0,167.961409,0.0
2019-03-17,10,0,19,77.57,77.57,0.0,1065.31206,0.0
2019-03-17,10,0,20,96.11,96.11,0.0,1319.932218,0.0
2019-03-17,10,0,21,44.85,44.85,0.0,866.959482,0.0
2019-03-17,10,0,22,159.39,159.39,0.0,3081.040621,0.0
2019-03-17,10,0,23,2.53,2.53,0.0,48.905407,0.0
2019-03-17,10,0,24,4.47,4.47,0.0,86.405995,0.0
2019-03-17,10,0,29,4.88,4.88,0.0,62.168973,0.0
2019-03-17,10,0,30,373.19,373.19,0.0,4238.616394,0.0
2019-03-17,10,0,31,5.26,5.26,0.0,59.742014,0.0
2019-03-17,10,0,32,4.31,4.31,0.0,83.721101,0.0
2019-03-17,10,0,33,1.13,1.13,0.0,14.969631,0.0
2019-03-17,10,0,34,1.81,1.81,0.0,23.977905,0.0
2019-03-17,10,0,35,1.81,1.81,0.0,23.977905,0.0
2019-03-17,10,0,36,7.19,7.19,0.0,104.010342,0.0
2019-03-17,10,0,37,3.37,3.37,0.0,48.772116,0.0
2019-03-17,10,0,38,4.33,4.33,0.0,62.665657,0.0
2019-03-17,10,0,39,2.89,2.89,0.0,41.825346,0.0
2019-03-17,10,0,40,2.89,2.89,0.0,41.825346,0.0
2019-03-17,10,0,41,1.56,1.56,0.0,24.375338,0.0
2019-03-17,10,0,42,17.27,17.27,0.0,238.998256,0.0
2019-03-17,10,0,43,22.23,22.23,0.0,318.571562,0.0
2019-03-17,10,0,46,20.75,20.75,0.0,304.067018,0.0
2019-03-17,10,0,52,5.57,5.57,0.0,63.262931,0.0
2019-03-17,10,0,53,8.89,8.89,0.0,100.970818,0.0
2019-03-17,10,0,55,6.56,6.56,0.0,126.806114,0.0
2019-03-17,10,0,56,110.08,110.08,0.0,1250.266333,0.0
2019-03-17,10,0,57,104.71,104.71,0.0,1189.274961,0.0
2019-03-17,10,0,58,201.36,201.36,0.0,2287.006075,0.0
2019-03-17,10,0,59,198.01,198.01,0.0,2248.957454,0.0
2019-03-17,10,0,63,0.0,0.0,0.0,0.0,0.0
2019-03-17,10,0,64,0.0,0.0,0.0,0.0,0.0
2019-03-17,10,0,65,17.22,17.22,0.0,236.828917,0.0
2019-03-17,10,0,67,209.67,209.67,0.0,3817.847598,0.0
2019-03-17,10,0,68,0.0,0.0,0.0,0.0,0.0
2019-03-17,10,0,69,1.13,1.13,0.0,14.969631,0.0
2019-03-17,10,0,74,0.0,0.0,0.0,0.0,0.0
2019-03-17,10,0,77,0.0,0.0,0.0,0.0,0.0
2019-03-17,10,0,78,0.0,0.0,0.0,0.0,0.0
2019-03-17,10,0,79,0.0,0.0,0.0,0.0,0.0
2019-03-17,10,0,80,0.0,0.0,0.0,0.0,0.0
2019-03-17,10,0,81,0.0,0.0,0.0,0.0,0.0
2019-03-17,10,0,82,0.0,0.0,0.0,0.0,0.0
2019-03-17,10,0,83,0.0,0.0,0.0,0.0,0.0
2019-03-17,10,0,84,0.0,0.0,0.0,0.0,0.0
2019-03-17,10,0,86,5.73,5.73,0.0,75.907952,0.0
2019-03-17,10,0,87,29.24,29.24,0.0,387.355762,0.0
2019-03-17,10,0,88,0.0,0.0,0.0,0.0,0.0
2019-03-17,10,0,89,0.0,0.0,0.0,0.0,0.0
2019-03-17,10,0,90,0.0,0.0,0.0,0.0,0.0
2019-03-17,10,0,91,0.0,0.0,0.0,0.0,0.0
2019-03-17,10,0,92,0.0,0.0,0.0,0.0,0.0
2019-03-17,10,0,95,0.0,0.0,0.0,0.0,0.0
2019-03-17,10,0,96,0.0,0.0,0.0,0.0,0.0
2019-03-17,10,0,97,0.0,0.0,0.0,0.0,0.0
2019-03-17,10,0,99,0.0,0.0,0.0,0.0,0.0
2019-03-17,10,0,101,7.52,7.52,0.0,85.410636,0.0
2019-03-17,10,0,102,0.0,0.0,0.0,0.0,0.0
2019-03-17,10,0,103,0.0,0.0,0.0,0.0,0.0
2019-03-17,10,0,104,0.0,0.0,0.0,0.0,0.0
2019-03-17,10,0,106,156.91,156.91,0.0,3033.101724,0.0
2019-03-17,10,0,109,13.85,13.85,0.0,207.301255,0.0
2019-03-17,10,0,110,19.08,19.08,0.0,357.252323,0.0
2019-03-17,10,0,111,9.32,9.32,0.0,145.62702,0.0
2019-03-17,10,0,113,0.0,0.0,0.0,0.0,0.0
2019-03-17,10,0,115,0.0,0.0,0.0,0.0,0.0
2019-03-17,10,0,116,85.79,85.79,0.0,1606.324779,0.0
2019-03-17,10,0,117,0.0,0.0,0.0,0.0,0.0
2019-03-17,10,0,119,0.0,0.0,0.0,0.0,0.0
2019-03-17,10,0,120,0.0,0.0,0.0,0.0,0.0
2019-03-17,10,0,123,2.62,2.62,0.0,50.645125,0.0
2019-03-17,10,0,125,4.04,4.04,0.0,78.094009,0.0
2019-03-17,10,0,126,117.68,117.68,0.0,2274.777967,0.0
2019-03-17,10,0,127,151.02,151.02,0.0,2919.246844,0.0
2019-03-17,10,0,128,5.79,5.79,0.0,111.92186,0.0
2019-03-17,10,0,131,0.0,0.0,0.0,0.0,0.0
2019-03-17,10,0,132,0.0,0.0,0.0,0.0,0.0
2019-03-17,10,0,133,3.85,3.85,0.0,52.867097,0.0
2019-03-17,10,0,134,0.0,0.0,0.0,0.0,0.0
2019-03-17,10,0,135,5.16,5.16,0.0,70.855641,0.0
2019-03-17,10,0,136,25.54,25.54,0.0,351.282411,0.0
2019-03-17,10,0,139,2.01,2.01,0.0,31.406686,0.0
2019-03-17,10,0,140,14.12,14.12,0.0,264.381698,0.0
2019-03-17,10,0,141,4.89,4.89,0.0,89.04123,0.0
2019-03-17,10,0,142,276.5,276.5,0.0,5034.744412,0.0
2019-03-17,10,0,143,19.03,19.03,0.0,216.138884,0.0
2019-03-17,10,0,145,1.15,1.15,0.0,18.300594,0.0
2019-03-17,10,0,146,37.74,37.74,0.0,706.640601,0.0
2019-03-17,10,0,152,4.27,4.27,0.0,60.995114,0.0
2019-03-17,10,0,153,5.99,5.99,0.0,85.713115,0.0
2019-03-17,10,0,154,38.46,38.46,0.0,600.945834,0.0
2019-03-17,10,0,157,8.5,8.5,0.0,154.775145,0.0
2019-03-17,10,0,158,213.84,213.84,0.0,3893.778463,0.0
2019-03-17,10,0,159,0.0,0.0,0.0,0.0,0.0
2019-03-17,10,0,160,1.84,1.84,0.0,25.569509,0.0
2019-03-17,10,0,161,42.0,42.0,0.0,757.706987,0.0
2019-03-17,10,0,162,0.0,0.0,0.0,0.0,0.0
2019-03-17,10,0,163,0.0,0.0,0.0,0.0,0.0
2019-03-17,10,0,164,13.45,13.45,0.0,152.762374,0.0
2019-03-17,10,0,167,4.93,4.93,0.0,95.899244,0.0
2019-03-17,10,0,168,2.46,2.46,0.0,47.852361,0.0
2019-03-17,10,0,169,0.0,0.0,0.0,0.0,0.0
2019-03-17,10,0,170,5.39,5.39,0.0,104.847247,0.0
2019-03-17,10,0,172,6.51,6.51,0.0,131.051871,0.0
2019-03-17,10,0,173,9.91,9.91,0.0,199.496781,0.0
2019-03-17,10,0,188,8.78,8.78,0.0,171.680406,0.0
2019-03-17,10,0,190,7.18,7.18,0.0,137.195818,0.0
2019-03-17,10,0,191,18.54,18.54,0.0,354.263297,0.0
2019-03-17,10,0,192,0.0,0.0,0.0,0.0,0.0
2019-03-17,10,0,194,0.0,0.0,0.0,0.0,0.0
2019-03-17,10,0,196,4.65,4.65,0.0,87.80761,0.0
2019-03-17,10,0,198,8.35,8.35,0.0,109.871646,0.0
2019-03-17,10,0,199,1.19,1.19,0.0,15.681916,0.0
2019-03-17,10,0,200,15.36,15.36,0.0,202.415313,0.0
2019-03-17,10,0,204,16.97,16.97,0.0,255.143073,0.0
2019-03-17,10,0,205,81.78,81.78,0.0,1224.050297,0.0
2019-03-17,10,0,206,0.0,0.0,0.0,0.0,0.0
2019-03-17,10,0,210,1.67,1.67,0.0,21.110216,0.0
2019-03-17,10,0,214,8.23,8.23,0.0,106.661485,0.0
2019-03-17,10,0,217,5.92,5.92,0.0,75.869969,0.0
2019-03-17,10,0,218,8.16,8.16,0.0,104.577524,0.0
2019-03-17,10,0,219,5.56,5.56,0.0,71.256254,0.0
2019-03-17,10,0,221,4.39,4.39,0.0,56.894765,0.0
2019-03-17,10,0,225,4.33,4.33,0.0,55.203495,0.0
2019-03-17,10,0,233,3.24,3.24,0.0,42.921774,0.0
2019-03-17,10,0,236,0.0,0.0,0.0,0.0,0.0
2019-03-17,10,0,237,0.0,0.0,0.0,0.0,0.0
2019-03-17,10,0,238,22.48,22.48,0.0,311.099062,0.0
2019-03-17,10,0,240,8.15,8.15,0.0,117.897675,0.0
2019-03-17,10,0,245,15.6,15.6,0.0,213.120649,0.0
2019-03-17,10,0,247,10.56,10.56,0.0,144.266286,0.0
2019-03-17,10,0,248,0.0,0.0,0.0,0.0,0.0
2019-03-17,10,0,249,30.01,30.01,0.0,409.984018,0.0
2019-03-17,10,0,251,89.79,89.79,0.0,1237.779168,0.0
2019-03-17,10,0,252,111.08,111.08,0.0,1527.697798,0.0
2019-03-17,10,0,254,12.26,12.26,0.0,174.358536,0.0
2019-03-17,10,0,255,5.62,5.62,0.0,79.92618,0.0
2019-03-17,10,0,258,10.1,10.1,0.0,145.885668,0.0
2019-03-17,10,0,260,4.46,4.46,0.0,61.978267,0.0
2019-03-17,10,0,265,39.82,39.82,0.0,622.196129,0.0
2019-03-17,10,0,266,1.3,1.3,0.0,20.312782,0.0
2019-03-17,10,0,267,1.6,1.6,0.0,25.000347,0.0
2019-03-17,10,0,270,0.0,0.0,0.0,0.0,0.0
2019-03-17,10,0,272,0.0,0.0,0.0,0.0,0.0
2019-03-17,10,0,273,20.52,20.52,0.0,384.214762,0.0
2019-03-17,10,0,274,0.0,0.0,0.0,0.0,0.0
2019-03-17,10,0,275,0.0,0.0,0.0,0.0,0.0
2019-03-17,10,0,276,4.5,4.5,0.0,83.740098,0.0
2019-03-17,10,0,277,5.62,5.62,0.0,101.09934,0.0
2019-03-17,10,0,278,9.0,9.0,0.0,161.902857,0.0
2019-03-17,10,0,279,0.0,0.0,0.0,0.0,0.0
2019-03-17,10,0,281,2.34,2.34,0.0,26.577246,0.0
2019-03-17,10,0,282,204.72,204.72,0.0,2325.168274,0.0
2019-03-17,11,0,9,3.0,3.0,0.0,42.97518,0.0
2019-03-17,11,0,17,17.62,17.62,0.0,281.467491,0.0
2019-03-17,11,0,19,37.82,37.82,0.0,604.148723,0.0
2019-03-17,11,0,20,45.87,45.87,0.0,732.741987,0.0
2019-03-17,11,0,21,68.52,68.52,0.0,981.553106,0.0
2019-03-17,11,0,22,243.53,243.53,0.0,3488.581842,0.0
2019-03-17,11,0,23,2.99,2.99,0.0,42.831929,0.0
2019-03-17,11,0,24,5.29,5.29,0.0,75.779567,0.0
2019-03-17,11,0,29,7.25,7.25,0.0,100.985096,0.0
2019-03-17,11,0,30,579.34,579.34,0.0,8296.613824,0.0
2019-03-17,11,0,31,10.61,10.61,0.0,151.943716,0.0
2019-03-17,11,0,32,6.27,6.27,0.0,88.075927,0.0
2019-03-17,11,0,33,1.64,1.64,0.0,24.45188,0.0
2019-03-17,11,0,34,2.63,2.63,0.0,39.212467,0.0
2019-03-17,11,0,35,2.63,2.63,0.0,39.212467,0.0
2019-03-17,11,0,36,10.72,10.72,0.0,74.805743,0.0
2019-03-17,11,0,37,5.05,5.05,0.0,41.197505,0.0
2019-03-17,11,0,38,6.49,6.49,0.0,52.944913,0.0
2019-03-17,11,0,39,4.33,4.33,0.0,35.323802,0.0
2019-03-17,11,0,40,4.33,4.33,0.0,35.323802,0.0
2019-03-17,11,0,41,1.31,1.31,0.0,20.389807,0.0
2019-03-17,11,0,42,27.08,27.08,0.0,438.833947,0.0
2019-03-17,11,0,43,32.98,32.98,0.0,301.094721,0.0
2019-03-17,11,0,46,30.28,30.28,0.0,336.238768,0.0
2019-03-17,11,0,52,11.28,11.28,0.0,161.538654,0.0
2019-03-17,11,0,53,18.37,18.37,0.0,263.073145,0.0
2019-03-17,11,0,55,29.23,29.23,0.0,418.721501,0.0
2019-03-17,11,0,56,170.89,170.89,0.0,2447.28197,0.0
2019-03-17,11,0,57,162.55,162.55,0.0,2327.846475,0.0
2019-03-17,11,0,58,312.59,312.59,0.0,4476.539709,0.0
2019-03-17,11,0,59,307.38,307.38,0.0,4401.928327,0.0
2019-03-17,11,0,63,1.02,1.02,0.0,14.338105,0.0
2019-03-17,11,0,64,1.21,1.21,0.0,17.008929,0.0
2019-03-17,11,0,65,15.06,15.06,0.0,241.218848,0.0
2019-03-17,11,0,67,324.72,324.72,0.0,4580.583582,0.0
2019-03-17,11,0,68,0.0,0.0,0.0,0.0,0.0
2019-03-17,11,0,69,1.64,1.64,0.0,24.45188,0.0
2019-03-17,11,0,74,0.0,0.0,0.0,0.0,0.0
2019-03-17,11,0,77,1.98,1.98,0.0,27.992894,0.0
2019-03-17,11,0,78,1.5,1.5,0.0,21.206738,0.0
2019-03-17,11,0,79,0.87,0.87,0.0,12.299908,0.0
2019-03-17,11,0,80,1.4,1.4,0.0,19.792956,0.0
2019-03-17,11,0,81,1.83,1.83,0.0,25.872221,0.0
2019-03-17,11,0,82,1.29,1.29,0.0,18.237795,0.0
2019-03-17,11,0,83,2.88,2.88,0.0,40.716937,0.0
2019-03-17,11,0,84,0.0,0.0,0.0,0.0,0.0
2019-03-17,11,0,86,8.33,8.33,0.0,124.19766,0.0
2019-03-17,11,0,87,42.53,42.53,0.0,634.108824,0.0
2019-03-17,11,0,88,1.86,1.86,0.0,26.296355,0.0
2019-03-17,11,0,89,1.78,1.78,0.0,25.165329,0.0
2019-03-17,11,0,90,2.4,2.4,0.0,33.930781,0.0
2019-03-17,11,0,91,8.54,8.54,0.0,120.737029,0.0
2019-03-17,11,0,92,3.07,3.07,0.0,43.403124,0.0
2019-03-17,11,0,95,0.0,0.0,0.0,0.0,0.0
2019-03-17,11,0,96,1.38,1.38,0.0,19.756568,0.0
2019-03-17,11,0,97,10.14,10.14,0.0,145.167824,0.0
2019-03-17,11,0,99,0.0,0.0,0.0,0.0,0.0
2019-03-17,11,0,101,11.67,11.67,0.0,167.123767,0.0
2019-03-17,11,0,102,0.0,0.0,0.0,0.0,0.0
2019-03-17,11,0,103,0.0,0.0,0.0,0.0,0.0
2019-03-17,11,0,104,0.0,0.0,0.0,0.0,0.0
2019-03-17,11,0,106,239.73,239.73,0.0,3434.146614,0.0
2019-03-17,11,0,109,10.89,10.89,0.0,151.074748,0.0
2019-03-17,11,0,110,40.83,40.83,0.0,574.639801,0.0
2019-03-17,11,0,111,14.13,14.13,0.0,219.929754,0.0
2019-03-17,11,0,113,2.12,2.12,0.0,29.891503,0.0
2019-03-17,11,0,115,2.12,2.12,0.0,29.891503,0.0
2019-03-17,11,0,116,129.06,129.06,0.0,1816.385324,0.0
2019-03-17,11,0,117,0.14,0.14,0.0,1.973967,0.0
2019-03-17,11,0,119,1.21,1.21,0.0,17.008929,0.0
2019-03-17,11,0,120,0.71,0.71,0.0,9.980446,0.0
2019-03-17,11,0,123,4.0,4.0,0.0,57.30024,0.0
2019-03-17,11,0,125,4.79,4.79,0.0,68.617037,0.0
2019-03-17,11,0,126,179.8,179.8,0.0,2575.645773,0.0
2019-03-17,11,0,127,230.74,230.74,0.0,3305.364325,0.0
2019-03-17,11,0,128,6.86,6.86,0.0,98.269911,0.0
2019-03-17,11,0,131,0.65,0.65,0.0,9.177753,0.0
2019-03-17,11,0,132,0.95,0.95,0.0,13.413638,0.0
2019-03-17,11,0,133,3.97,3.97,0.0,63.40201,0.0
2019-03-17,11,0,134,0.0,0.0,0.0,0.0,0.0
2019-03-17,11,0,135,5.32,5.32,0.0,84.961887,0.0
2019-03-17,11,0,136,22.88,22.88,0.0,366.527103,0.0
2019-03-17,11,0,139,1.69,1.69,0.0,26.304408,0.0
2019-03-17,11,0,140,30.22,30.22,0.0,425.315082,0.0
2019-03-17,11,0,141,9.96,9.96,0.0,140.498314,0.0
2019-03-17,11,0,142,428.23,428.23,0.0,6040.722183,0.0
2019-03-17,11,0,143,28.3,28.3,0.0,405.278716,0.0
2019-03-17,11,0,145,5.36,5.36,0.0,76.010167,0.0
2019-03-17,11,0,146,48.35,48.35,0.0,680.475983,0.0
2019-03-17,11,0,152,6.43,6.43,0.0,111.517205,0.0
2019-03-17,11,0,153,8.8,8.8,0.0,153.191908,0.0
2019-03-17,11,0,154,58.28,58.28,0.0,907.112954,0.0
2019-03-17,11,0,157,15.13,15.13,0.0,213.42766,0.0
2019-03-17,11,0,158,331.61,331.61,0.0,4677.775689,0.0
2019-03-17,11,0,159,0.0,0.0,0.0,0.0,0.0
2019-03-17,11,0,160,2.76,2.76,0.0,28.516167,0.0
2019-03-17,11,0,161,64.55,64.55,0.0,911.239614,0.0
2019-03-17,11,0,162,0.0,0.0,0.0,0.0,0.0
2019-03-17,11,0,163,3.68,3.68,0.0,51.792174,0.0
2019-03-17,11,0,164,20.6,20.6,0.0,295.008535,0.0
2019-03-17,11,0,167,7.21,7.21,0.0,101.275395,0.0
2019-03-17,11,0,168,3.6,3.6,0.0,50.567465,0.0
2019-03-17,11,0,169,0.0,0.0,0.0,0.0,0.0
2019-03-17,11,0,170,7.88,7.88,0.0,110.686562,0.0
2019-03-17,11,0,172,9.63,9.63,0.0,135.096262,0.0
2019-03-17,11,0,173,14.68,14.68,0.0,205.941135,0.0
2019-03-17,11,0,188,12.81,12.81,0.0,179.8987,0.0
2019-03-17,11,0,190,10.53,10.53,0.0,148.019849,0.0
2019-03-17,11,0,191,27.21,27.21,0.0,382.490037,0.0
2019-03-17,11,0,192,0.0,0.0,0.0,0.0,0.0
2019-03-17,11,0,194,1.93,1.93,0.0,27.159164,0.0
2019-03-17,11,0,196,6.94,6.94,0.0,97.618335,0.0
2019-03-17,11,0,198,12.32,12.32,0.0,151.390767,0.0
2019-03-17,11,0,199,2.19,2.19,0.0,30.454395,0.0
2019-03-17,11,0,200,22.04,22.04,0.0,306.490811,0.0
2019-03-17,11,0,204,29.05,29.05,0.0,390.240328,0.0
2019-03-17,11,0,205,71.19,71.19,0.0,987.604345,0.0
2019-03-17,11,0,206,38.78,38.78,0.0,555.188187,0.0
2019-03-17,11,0,210,2.41,2.41,0.0,33.434813,0.0
2019-03-17,11,0,214,12.11,12.11,0.0,172.818642,0.0
2019-03-17,11,0,217,8.55,8.55,0.0,119.534759,0.0
2019-03-17,11,0,218,11.8,11.8,0.0,164.971948,0.0
2019-03-17,11,0,219,8.04,8.04,0.0,112.404616,0.0
2019-03-17,11,0,221,6.46,6.46,0.0,92.18897,0.0
2019-03-17,11,0,225,6.29,6.29,0.0,87.647058,0.0
2019-03-17,11,0,233,4.71,4.71,0.0,70.224608,0.0
2019-03-17,11,0,236,3.28,3.28,0.0,54.445095,0.0
2019-03-17,11,0,237,0.0,0.0,0.0,0.0,0.0
2019-03-17,11,0,238,35.24,35.24,0.0,571.067514,0.0
2019-03-17,11,0,240,12.14,12.14,0.0,84.714713,0.0
2019-03-17,11,0,245,12.92,12.92,0.0,204.351445,0.0
2019-03-17,11,0,247,9.19,9.19,0.0,145.355246,0.0
2019-03-17,11,0,248,0.0,0.0,0.0,0.0,0.0
2019-03-17,11,0,249,24.84,24.84,0.0,392.886215,0.0
2019-03-17,11,0,251,87.53,87.53,0.0,1408.145186,0.0
2019-03-17,11,0,252,97.12,97.12,0.0,1555.589277,0.0
2019-03-17,11,0,254,18.39,18.39,0.0,173.442021,0.0
2019-03-17,11,0,255,8.43,8.43,0.0,79.506049,0.0
2019-03-17,11,0,258,15.01,15.01,0.0,109.957666,0.0
2019-03-17,11,0,260,6.7,6.7,0.0,69.224029,0.0
2019-03-17,11,0,265,60.34,60.34,0.0,939.176315,0.0
2019-03-17,11,0,266,1.1,1.1,0.0,17.121212,0.0
2019-03-17,11,0,267,1.35,1.35,0.0,21.012397,0.0
2019-03-17,11,0,270,12.44,12.44,0.0,175.080067,0.0
2019-03-17,11,0,272,7.08,7.08,0.0,99.826342,0.0
2019-03-17,11,0,273,30.86,30.86,0.0,434.322417,0.0
2019-03-17,11,0,274,16.25,16.25,0.0,228.701856,0.0
2019-03-17,11,0,275,22.92,22.92,0.0,322.575171,0.0
2019-03-17,11,0,276,6.87,6.87,0.0,96.737647,0.0
2019-03-17,11,0,277,8.47,8.47,0.0,119.554258,0.0
2019-03-17,11,0,278,13.55,13.55,0.0,191.258582,0.0
2019-03-17,11,0,279,0.0,0.0,0.0,0.0,0.0
2019-03-17,11,0,281,4.63,4.63,0.0,66.305316,0.0
2019-03-17,11,0,282,317.8,317.8,0.0,4551.151091,0.0
2019-03-17,12,0,9,3.87,3.87,0.0,-1498.364413,0.0
2019-03-17,12,0,17,21.91,21.91,0.0,524.898946,0.0
2019-03-17,12,0,19,33.9,33.9,0.0,812.143965,0.0
2019-03-17,12,0,20,41.12,41.12,0.0,985.11386,0.0
2019-03-17,12,0,21,88.61,88.61,0.0,-34307.511798,0.0
2019-03-17,12,0,22,314.9,314.9,0.0,-121921.176677,0.0
2019-03-17,12,0,23,4.12,4.12,0.0,-1595.15798,0.0
2019-03-17,12,0,24,6.89,6.89,0.0,-2667.6307,0.0
2019-03-17,12,0,29,8.87,8.87,0.0,44.716246,0.0
2019-03-17,12,0,30,743.63,743.63,0.0,-743630.0,0.0
2019-03-17,12,0,31,17.84,17.84,0.0,-17840.0,0.0
2019-03-17,12,0,32,7.62,7.62,0.0,204.995028,0.0
2019-03-17,12,0,33,2.13,2.13,0.0,58.332115,0.0
2019-03-17,12,0,34,3.4,3.4,0.0,93.112297,0.0
2019-03-17,12,0,35,3.4,3.4,0.0,93.112297,0.0
2019-03-17,12,0,36,13.98,13.98,0.0,100.708413,0.0
2019-03-17,12,0,37,6.6,6.6,0.0,48.380693,0.0
2019-03-17,12,0,38,8.48,8.48,0.0,62.16186,0.0
2019-03-17,12,0,39,5.66,5.66,0.0,41.490109,0.0
2019-03-17,12,0,40,5.66,5.66,0.0,41.490109,0.0
2019-03-17,12,0,41,2.07,2.07,0.0,-11.302712,0.0
2019-03-17,12,0,42,36.09,36.09,0.0,837.785297,0.0
2019-03-17,12,0,43,42.62,42.62,0.0,356.074828,0.0
2019-03-17,12,0,46,38.59,38.59,0.0,260.457284,0.0
2019-03-17,12,0,52,18.91,18.91,0.0,-18910.0,0.0
2019-03-17,12,0,53,30.04,30.04,0.0,-30040.0,0.0
2019-03-17,12,0,55,65.83,65.83,0.0,-25487.681996,0.0
2019-03-17,12,0,56,219.34,219.34,0.0,-219340.0,0.0
2019-03-17,12,0,57,208.64,208.64,0.0,-208640.0,0.0
2019-03-17,12,0,58,401.24,401.24,0.0,-401240.0,0.0
2019-03-17,12,0,59,394.55,394.55,0.0,-394550.0,0.0
2019-03-17,12,0,63,3.52,3.52,0.0,95.705702,0.0
2019-03-17,12,0,64,4.14,4.14,0.0,112.562957,0.0
2019-03-17,12,0,65,13.26,13.26,0.0,315.839646,0.0
2019-03-17,12,0,67,423.61,423.61,0.0,6157.648998,0.0
2019-03-17,12,0,68,1.95,1.95,0.0,20.624946,0.0
2019-03-17,12,0,69,2.13,2.13,0.0,58.332115,0.0
2019-03-17,12,0,74,7.08,7.08,0.0,100.95927,0.0
2019-03-17,12,0,77,5.21,5.21,0.0,182.106931,0.0
2019-03-17,12,0,78,3.94,3.94,0.0,137.716182,0.0
2019-03-17,12,0,79,2.28,2.28,0.0,79.693628,0.0
2019-03-17,12,0,80,3.68,3.68,0.0,128.628312,0.0
2019-03-17,12,0,81,4.82,4.82,0.0,168.475126,0.0
2019-03-17,12,0,82,3.4,3.4,0.0,118.841376,0.0
2019-03-17,12,0,83,7.57,7.57,0.0,264.596827,0.0
2019-03-17,12,0,84,0.0,0.0,0.0,0.0,0.0
2019-03-17,12,0,86,10.77,10.77,0.0,294.946893,0.0
2019-03-17,12,0,87,54.98,54.98,0.0,1505.680611,0.0
2019-03-17,12,0,88,4.63,4.63,0.0,161.833991,0.0
2019-03-17,12,0,89,4.45,4.45,0.0,155.542389,0.0
2019-03-17,12,0,90,5.98,5.98,0.0,209.021008,0.0
2019-03-17,12,0,91,21.33,21.33,0.0,745.554865,0.0
2019-03-17,12,0,92,7.67,7.67,0.0,268.092162,0.0
2019-03-17,12,0,95,0.0,0.0,0.0,0.0,0.0
2019-03-17,12,0,96,3.01,3.01,0.0,136.878153,0.0
2019-03-17,12,0,97,18.52,18.52,0.0,842.187172,0.0
2019-03-17,12,0,99,1.37,1.37,0.0,19.535904,0.0
2019-03-17,12,0,101,14.98,14.98,0.0,-14980.0,0.0
2019-03-17,12,0,102,4.62,4.62,0.0,48.865256,0.0
2019-03-17,12,0,103,4.02,4.02,0.0,42.519119,0.0
2019-03-17,12,0,104,0.75,0.75,0.0,7.932672,0.0
2019-03-17,12,0,106,309.99,309.99,0.0,-120020.151026,0.0
2019-03-17,12,0,109,12.8,12.8,0.0,64.543078,0.0
2019-03-17,12,0,110,80.54,80.54,0.0,2147.241152,0.0
2019-03-17,12,0,111,19.16,19.16,0.0,-104.618338,0.0
2019-03-17,12,0,113,3.32,3.32,0.0,105.502238,0.0
2019-03-17,12,0,115,3.32,3.32,0.0,105.502238,0.0
2019-03-17,12,0,116,165.32,165.32,0.0,4407.52306,0.0
2019-03-17,12,0,117,0.22,0.22,0.0,6.991112,0.0
2019-03-17,12,0,119,4.14,4.14,0.0,112.562957,0.0
2019-03-17,12,0,120,2.44,2.44,0.0,66.341453,0.0
2019-03-17,12,0,123,5.17,5.17,0.0,-2001.69096,0.0
2019-03-17,12,0,125,6.31,6.31,0.0,-2443.069625,0.0
2019-03-17,12,0,126,232.49,232.49,0.0,-90014.145334,0.0
2019-03-17,12,0,127,298.37,298.37,0.0,-115521.186043,0.0
2019-03-17,12,0,128,8.65,8.65,0.0,-3349.05741,0.0
2019-03-17,12,0,131,2.02,2.02,0.0,73.670883,0.0
2019-03-17,12,0,132,2.96,2.96,0.0,107.953372,0.0
2019-03-17,12,0,133,4.52,4.52,0.0,108.34466,0.0
2019-03-17,12,0,134,0.0,0.0,0.0,0.0,0.0
2019-03-17,12,0,135,6.06,6.06,0.0,145.258549,0.0
2019-03-17,12,0,136,20.62,20.62,0.0,490.991027,0.0
2019-03-17,12,0,139,2.67,2.67,0.0,-14.57886,0.0
2019-03-17,12,0,140,59.61,59.61,0.0,1589.235722,0.0
2019-03-17,12,0,141,17.8,17.8,0.0,258.743071,0.0
2019-03-17,12,0,142,558.63,558.63,0.0,8120.316941,0.0
2019-03-17,12,0,143,40.16,40.16,0.0,-40160.0,0.0
2019-03-17,12,0,145,6.53,6.53,0.0,8.459739,0.0
2019-03-17,12,0,146,63.91,63.91,0.0,1703.876111,0.0
2019-03-17,12,0,152,8.39,8.39,0.0,197.353381,0.0
2019-03-17,12,0,153,11.55,11.55,0.0,272.268939,0.0
2019-03-17,12,0,154,79.04,79.04,0.0,-431.577944,0.0
2019-03-17,12,0,157,24.6,24.6,0.0,357.588738,0.0
2019-03-17,12,0,158,436.44,436.44,0.0,6344.147514,0.0
2019-03-17,12,0,159,0.0,0.0,0.0,0.0,0.0
2019-03-17,12,0,160,3.54,3.54,0.0,39.497571,0.0
2019-03-17,12,0,161,83.07,83.07,0.0,878.622696,0.0
2019-03-17,12,0,162,0.0,0.0,0.0,0.0,0.0
2019-03-17,12,0,163,12.94,12.94,0.0,344.98759,0.0
2019-03-17,12,0,164,27.22,27.22,0.0,-27220.0,0.0
2019-03-17,12,0,167,8.92,8.92,0.0,239.499083,0.0
2019-03-17,12,0,168,4.46,4.46,0.0,119.749541,0.0
2019-03-17,12,0,169,0.0,0.0,0.0,0.0,0.0
2019-03-17,12,0,170,9.76,9.76,0.0,262.052808,0.0
2019-03-17,12,0,172,11.7,11.7,0.0,300.784368,0.0
2019-03-17,12,0,173,17.83,17.83,0.0,458.37481,0.0
2019-03-17,12,0,188,15.48,15.48,0.0,413.624072,0.0
2019-03-17,12,0,190,13.1,13.1,0.0,356.177472,0.0
2019-03-17,12,0,191,33.84,33.84,0.0,920.079821,0.0
2019-03-17,12,0,192,18.44,18.44,0.0,501.367373,0.0
2019-03-17,12,0,194,5.21,5.21,0.0,153.738945,0.0
2019-03-17,12,0,196,9.0,9.0,0.0,243.242952,0.0
2019-03-17,12,0,198,15.45,15.45,0.0,223.798923,0.0
2019-03-17,12,0,199,10.3,10.3,0.0,223.128741,0.0
2019-03-17,12,0,200,27.13,27.13,0.0,587.71677,0.0
2019-03-17,12,0,204,51.1,51.1,0.0,248.139818,0.0
2019-03-17,12,0,205,67.73,67.73,0.0,341.523644,0.0
2019-03-17,12,0,206,54.41,54.41,0.0,2474.265877,0.0
2019-03-17,12,0,210,2.98,2.98,0.0,19.336727,0.0
2019-03-17,12,0,214,15.58,15.58,0.0,455.092633,0.0
2019-03-17,12,0,217,10.73,10.73,0.0,205.678339,0.0
2019-03-17,12,0,218,14.81,14.81,0.0,283.885946,0.0
2019-03-17,12,0,219,10.09,10.09,0.0,193.410479,0.0
2019-03-17,12,0,221,8.31,8.31,0.0,242.735544,0.0
2019-03-17,12,0,225,7.78,7.78,0.0,38.133645,0.0
2019-03-17,12,0,233,6.09,6.09,0.0,166.780555,0.0
2019-03-17,12,0,236,6.48,6.48,0.0,148.665024,0.0
2019-03-17,12,0,237,16.98,16.98,0.0,242.13113,0.0
2019-03-17,12,0,238,46.97,46.97,0.0,1090.351217,0.0
2019-03-17,12,0,240,15.84,15.84,0.0,114.107386,0.0
2019-03-17,12,0,245,10.53,10.53,0.0,257.614109,0.0
2019-03-17,12,0,247,8.19,8.19,0.0,200.366529,0.0
2019-03-17,12,0,248,1.7,1.7,0.0,24.241633,0.0
2019-03-17,12,0,249,20.25,20.25,0.0,495.411748,0.0
2019-03-17,12,0,251,87.19,87.19,0.0,2057.01157,0.0
2019-03-17,12,0,252,85.56,85.56,0.0,2037.951745,0.0
2019-03-17,12,0,254,24.25,24.25,0.0,219.656005,0.0
2019-03-17,12,0,255,11.11,11.11,0.0,100.634153,0.0
2019-03-17,12,0,258,19.4,19.4,0.0,143.358777,0.0
2019-03-17,12,0,260,8.6,8.6,0.0,95.954551,0.0
2019-03-17,12,0,265,81.84,81.84,0.0,-446.866636,0.0
2019-03-17,12,0,266,1.73,1.73,0.0,-9.446228,0.0
2019-03-17,12,0,267,2.13,2.13,0.0,-11.630327,0.0
2019-03-17,12,0,270,40.41,40.41,0.0,1077.353054,0.0
2019-03-17,12,0,272,11.11,11.11,0.0,353.051163,0.0
2019-03-17,12,0,273,39.53,39.53,0.0,1053.891765,0.0
2019-03-17,12,0,274,52.09,52.09,0.0,1388.748344,0.0
2019-03-17,12,0,275,72.51,72.51,0.0,1933.15689,0.0
2019-03-17,12,0,276,8.83,8.83,0.0,211.508758,0.0
2019-03-17,12,0,277,10.82,10.82,0.0,357.610922,0.0
2019-03-17,12,0,278,17.31,17.31,0.0,572.111373,0.0
2019-03-17,12,0,279,16.39,16.39,0.0,541.70453,0.0
2019-03-17,12,0,281,8.01,8.01,0.0,-8010.0,0.0
2019-03-17,12,0,282,407.92,407.92,0.0,-407920.0,0.0
2019-03-17,13,0,9,4.38,4.38,0.0,-1707.615237,0.0
2019-03-17,13,0,17,26.24,26.24,0.0,656.351848,0.0
2019-03-17,13,0,19,30.82,30.82,0.0,770.913261,0.0
2019-03-17,13,0,20,37.37,37.37,0.0,934.751089,0.0
2019-03-17,13,0,21,100.11,100.11,0.0,-39029.534557,0.0
2019-03-17,13,0,22,355.77,355.77,0.0,-138702.80201,0.0
2019-03-17,13,0,23,13.21,13.21,0.0,-5150.136365,0.0
2019-03-17,13,0,24,23.06,23.06,0.0,-8990.321315,0.0
2019-03-17,13,0,29,9.95,9.95,0.0,50.16084,0.0
2019-03-17,13,0,30,821.71,821.71,0.0,-821710.0,0.0
2019-03-17,13,0,31,27.1,27.1,0.0,-27100.0,0.0
2019-03-17,13,0,32,8.36,8.36,0.0,225.025474,0.0
2019-03-17,13,0,33,2.66,2.66,0.0,78.306438,0.0
2019-03-17,13,0,34,4.26,4.26,0.0,125.408056,0.0
2019-03-17,13,0,35,4.26,4.26,0.0,125.408056,0.0
2019-03-17,13,0,36,13.98,13.98,0.0,88.294456,0.0
2019-03-17,13,0,37,6.67,6.67,0.0,42.757694,0.0
2019-03-17,13,0,38,8.58,8.58,0.0,55.001651,0.0
2019-03-17,13,0,39,5.72,5.72,0.0,36.667768,0.0
2019-03-17,13,0,40,5.72,5.72,0.0,36.667768,0.0
2019-03-17,13,0,41,4.21,4.21,0.0,-34.445117,0.0
2019-03-17,13,0,42,43.69,43.69,0.0,1050.928081,0.0
2019-03-17,13,0,43,43.87,43.87,0.0,334.502742,0.0
2019-03-17,13,0,46,39.8,39.8,0.0,218.418557,0.0
2019-03-17,13,0,52,28.72,28.72,0.0,-28720.0,0.0
2019-03-17,13,0,53,45.63,45.63,0.0,-45630.0,0.0
2019-03-17,13,0,55,101.8,101.8,0.0,-39688.408929,0.0
2019-03-17,13,0,56,242.37,242.37,0.0,-242370.0,0.0
2019-03-17,13,0,57,230.55,230.55,0.0,-230550.0,0.0
2019-03-17,13,0,58,443.37,443.37,0.0,-443370.0,0.0
2019-03-17,13,0,59,435.98,435.98,0.0,-435980.0,0.0
2019-03-17,13,0,63,8.51,8.51,0.0,253.325158,0.0
2019-03-17,13,0,64,10.02,10.02,0.0,298.274745,0.0
2019-03-17,13,0,65,11.92,11.92,0.0,296.035878,0.0
2019-03-17,13,0,67,437.14,437.14,0.0,5932.248355,0.0
2019-03-17,13,0,68,4.84,4.84,0.0,83.51238,0.0
2019-03-17,13,0,69,2.66,2.66,0.0,78.306438,0.0
2019-03-17,13,0,74,15.57,15.57,0.0,218.190067,0.0
2019-03-17,13,0,77,10.82,10.82,0.0,287.238719,0.0
2019-03-17,13,0,78,8.18,8.18,0.0,217.154595,0.0
2019-03-17,13,0,79,4.73,4.73,0.0,125.567388,0.0
2019-03-17,13,0,80,7.65,7.65,0.0,203.084676,0.0
2019-03-17,13,0,81,10.01,10.01,0.0,265.735635,0.0
2019-03-17,13,0,82,7.06,7.06,0.0,187.421937,0.0
2019-03-17,13,0,83,15.74,15.74,0.0,417.85004,0.0
2019-03-17,13,0,84,0.0,0.0,0.0,0.0,0.0
2019-03-17,13,0,86,13.49,13.49,0.0,397.125509,0.0
2019-03-17,13,0,87,68.86,68.86,0.0,2027.135847,0.0
2019-03-17,13,0,88,9.38,9.38,0.0,249.011015,0.0
2019-03-17,13,0,89,9.01,9.01,0.0,239.188619,0.0
2019-03-17,13,0,90,12.1,12.1,0.0,321.2189,0.0
2019-03-17,13,0,91,43.17,43.17,0.0,1146.034703,0.0
2019-03-17,13,0,92,15.52,15.52,0.0,412.009696,0.0
2019-03-17,13,0,95,0.0,0.0,0.0,0.0,0.0
2019-03-17,13,0,96,5.78,5.78,0.0,235.797214,0.0
2019-03-17,13,0,97,35.56,35.56,0.0,1450.683207,0.0
2019-03-17,13,0,99,3.01,3.01,0.0,42.18061,0.0
2019-03-17,13,0,101,16.55,16.55,0.0,-16550.0,0.0
2019-03-17,13,0,102,11.46,11.46,0.0,197.737991,0.0
2019-03-17,13,0,103,9.96,9.96,0.0,171.856055,0.0
2019-03-17,13,0,104,1.85,1.85,0.0,31.921054,0.0
2019-03-17,13,0,106,350.22,350.22,0.0,-136539.042977,0.0
2019-03-17,13,0,109,20.42,20.42,0.0,67.072148,0.0
2019-03-17,13,0,110,145.29,145.29,0.0,332.55608,0.0
2019-03-17,13,0,111,19.92,19.92,0.0,-162.980221,0.0
2019-03-17,13,0,113,7.39,7.39,0.0,179.399188,0.0
2019-03-17,13,0,115,7.39,7.39,0.0,179.399188,0.0
2019-03-17,13,0,116,185.26,185.26,0.0,424.043908,0.0
2019-03-17,13,0,117,0.49,0.49,0.0,11.89521,0.0
2019-03-17,13,0,119,10.02,10.02,0.0,298.274745,0.0
2019-03-17,13,0,120,5.89,5.89,0.0,175.333159,0.0
2019-03-17,13,0,123,5.84,5.84,0.0,-2276.820316,0.0
2019-03-17,13,0,125,20.94,20.94,0.0,-8163.804351,0.0
2019-03-17,13,0,126,262.67,262.67,0.0,-102406.231565,0.0
2019-03-17,13,0,127,337.09,337.09,0.0,-131420.095932,0.0
2019-03-17,13,0,128,29.56,29.56,0.0,-11524.453516,0.0
2019-03-17,13,0,131,4.6,4.6,0.0,108.30183,0.0
2019-03-17,13,0,132,6.76,6.76,0.0,159.156602,0.0
2019-03-17,13,0,133,5.49,5.49,0.0,137.415779,0.0
2019-03-17,13,0,134,0.0,0.0,0.0,0.0,0.0
2019-03-17,13,0,135,7.35,7.35,0.0,183.971944,0.0
2019-03-17,13,0,136,18.98,18.98,0.0,471.186903,0.0
2019-03-17,13,0,139,5.44,5.44,0.0,-44.508655,0.0
2019-03-17,13,0,140,107.53,107.53,0.0,246.126748,0.0
2019-03-17,13,0,141,28.8,28.8,0.0,390.833034,0.0
2019-03-17,13,0,142,576.47,576.47,0.0,7823.038864,0.0
2019-03-17,13,0,143,54.9,54.9,0.0,-54900.0,0.0
2019-03-17,13,0,145,21.69,21.69,0.0,-46.563459,0.0
2019-03-17,13,0,146,85.63,85.63,0.0,195.999567,0.0
2019-03-17,13,0,152,9.16,9.16,0.0,215.46567,0.0
2019-03-17,13,0,153,12.02,12.02,0.0,282.794639,0.0
2019-03-17,13,0,154,82.19,82.19,0.0,-672.457044,0.0
2019-03-17,13,0,157,37.32,37.32,0.0,506.454474,0.0
2019-03-17,13,0,158,506.48,506.48,0.0,6873.233167,0.0
2019-03-17,13,0,159,0.0,0.0,0.0,0.0,0.0
2019-03-17,13,0,160,3.52,3.52,0.0,38.915103,0.0
2019-03-17,13,0,161,91.18,91.18,0.0,1573.276616,0.0
2019-03-17,13,0,162,6.09,6.09,0.0,164.302311,0.0
2019-03-17,13,0,163,16.63,16.63,0.0,38.064613,0.0
2019-03-17,13,0,164,28.95,28.95,0.0,-28950.0,0.0
2019-03-17,13,0,167,9.9,9.9,0.0,265.990865,0.0
2019-03-17,13,0,168,4.95,4.95,0.0,132.995432,0.0
2019-03-17,13,0,169,0.0,0.0,0.0,0.0,0.0
2019-03-17,13,0,170,10.83,10.83,0.0,290.977886,0.0
2019-03-17,13,0,172,12.8,12.8,0.0,313.459969,0.0
2019-03-17,13,0,173,19.5,19.5,0.0,477.536672,0.0
2019-03-17,13,0,188,16.87,16.87,0.0,442.394622,0.0
2019-03-17,13,0,190,14.83,14.83,0.0,441.45853,0.0
2019-03-17,13,0,191,38.31,38.31,0.0,1140.409729,0.0
2019-03-17,13,0,192,52.47,52.47,0.0,1561.92374,0.0
2019-03-17,13,0,194,11.08,11.08,0.0,283.82404,0.0
2019-03-17,13,0,196,10.13,10.13,0.0,348.239637,0.0
2019-03-17,13,0,198,15.69,15.69,0.0,239.675632,0.0
2019-03-17,13,0,199,15.96,15.96,0.0,363.331176,0.0
2019-03-17,13,0,200,30.14,30.14,0.0,686.140454,0.0
2019-03-17,13,0,204,86.45,86.45,0.0,256.535618,0.0
2019-03-17,13,0,205,108.02,108.02,0.0,354.805749,0.0
2019-03-17,13,0,206,104.5,104.5,0.0,4263.115725,0.0
2019-03-17,13,0,210,3.36,3.36,0.0,22.493285,0.0
2019-03-17,13,0,214,17.7,17.7,0.0,563.696258,0.0
2019-03-17,13,0,217,12.28,12.28,0.0,255.323005,0.0
2019-03-17,13,0,218,16.94,16.94,0.0,352.21268,0.0
2019-03-17,13,0,219,11.54,11.54,0.0,239.937091,0.0
2019-03-17,13,0,221,9.44,9.44,0.0,300.638004,0.0
2019-03-17,13,0,225,8.99,8.99,0.0,43.88596,0.0
2019-03-17,13,0,233,7.63,7.63,0.0,224.615837,0.0
2019-03-17,13,0,236,26.11,26.11,0.0,612.807605,0.0
2019-03-17,13,0,237,37.35,37.35,0.0,523.403919,0.0
2019-03-17,13,0,238,56.87,56.87,0.0,1367.962462,0.0
2019-03-17,13,0,240,15.84,15.84,0.0,100.041787,0.0
2019-03-17,13,0,245,8.47,8.47,0.0,217.413418,0.0
2019-03-17,13,0,247,7.44,7.44,0.0,190.974714,0.0
2019-03-17,13,0,248,3.75,3.75,0.0,52.550594,0.0
2019-03-17,13,0,249,16.29,16.29,0.0,418.142217,0.0
2019-03-17,13,0,251,87.81,87.81,0.0,2155.092363,0.0
2019-03-17,13,0,252,76.91,76.91,0.0,1910.077128,0.0
2019-03-17,13,0,254,23.98,23.98,0.0,203.4874,0.0
2019-03-17,13,0,255,10.99,10.99,0.0,93.257987,0.0
2019-03-17,13,0,258,19.48,19.48,0.0,127.14983,0.0
2019-03-17,13,0,260,8.54,8.54,0.0,94.413347,0.0
2019-03-17,13,0,265,85.09,85.09,0.0,-696.184085,0.0
2019-03-17,13,0,266,3.52,3.52,0.0,-28.799718,0.0
2019-03-17,13,0,267,4.33,4.33,0.0,-35.426925,0.0
2019-03-17,13,0,270,51.74,51.74,0.0,118.428327,0.0
2019-03-17,13,0,272,24.71,24.71,0.0,599.858447,0.0
2019-03-17,13,0,273,44.3,44.3,0.0,101.398818,0.0
2019-03-17,13,0,274,66.67,66.67,0.0,152.601788,0.0
2019-03-17,13,0,275,92.77,92.77,0.0,212.342402,0.0
2019-03-17,13,0,276,9.96,9.96,0.0,47.886417,0.0
2019-03-17,13,0,277,12.11,12.11,0.0,305.007916,0.0
2019-03-17,13,0,278,19.38,19.38,0.0,488.113411,0.0
2019-03-17,13,0,279,55.77,55.77,0.0,1404.648344,0.0
2019-03-17,13,0,281,12.16,12.16,0.0,-12160.0,0.0
2019-03-17,13,0,282,450.76,450.76,0.0,-450760.0,0.0
2019-03-17,14,0,9,4.55,4.55,0.0,-1769.496542,0.0
2019-03-17,14,0,17,26.8,26.8,0.0,654.311745,0.0
2019-03-17,14,0,19,33.82,33.82,0.0,825.702359,0.0
2019-03-17,14,0,20,41.02,41.02,0.0,1001.487603,0.0
2019-03-17,14,0,21,103.97,103.97,0.0,-40433.968242,0.0
2019-03-17,14,0,22,369.49,369.49,0.0,-143694.786244,0.0
2019-03-17,14,0,23,4.61,4.61,0.0,-1792.830563,0.0
2019-03-17,14,0,24,7.92,7.92,0.0,-3080.090685,0.0
2019-03-17,14,0,29,9.96,9.96,0.0,49.055574,0.0
2019-03-17,14,0,30,875.78,875.78,0.0,-875780.0,0.0
2019-03-17,14,0,31,26.31,26.31,0.0,-26310.0,0.0
2019-03-17,14,0,32,8.32,8.32,0.0,211.224006,0.0
2019-03-17,14,0,33,2.71,2.71,0.0,76.856841,0.0
2019-03-17,14,0,34,4.33,4.33,0.0,122.800783,0.0
2019-03-17,14,0,35,4.33,4.33,0.0,122.800783,0.0
2019-03-17,14,0,36,14.5,14.5,0.0,92.151474,0.0
2019-03-17,14,0,37,6.75,6.75,0.0,43.683259,0.0
2019-03-17,14,0,38,8.68,8.68,0.0,56.173435,0.0
2019-03-17,14,0,39,5.79,5.79,0.0,37.470529,0.0
2019-03-17,14,0,40,5.79,5.79,0.0,37.470529,0.0
2019-03-17,14,0,41,2.94,2.94,0.0,-21.548363,0.0
2019-03-17,14,0,42,45.3,45.3,0.0,1067.236173,0.0
2019-03-17,14,0,43,44.95,44.95,0.0,342.737594,0.0
2019-03-17,14,0,46,40.41,40.41,0.0,230.605668,0.0
2019-03-17,14,0,52,27.89,27.89,0.0,-27890.0,0.0
2019-03-17,14,0,53,44.31,44.31,0.0,-44310.0,0.0
2019-03-17,14,0,55,92.88,92.88,0.0,-36121.063483,0.0
2019-03-17,14,0,56,258.32,258.32,0.0,-258320.0,0.0
2019-03-17,14,0,57,245.72,245.72,0.0,-245720.0,0.0
2019-03-17,14,0,58,472.55,472.55,0.0,-472550.0,0.0
2019-03-17,14,0,59,464.67,464.67,0.0,-464670.0,0.0
2019-03-17,14,0,63,5.43,5.43,0.0,152.276768,0.0
2019-03-17,14,0,64,6.38,6.38,0.0,178.918191,0.0
2019-03-17,14,0,65,9.64,9.64,0.0,233.825251,0.0
2019-03-17,14,0,67,444.96,444.96,0.0,6038.363442,0.0
2019-03-17,14,0,68,1.89,1.89,0.0,32.611443,0.0
2019-03-17,14,0,69,2.71,2.71,0.0,76.856841,0.0
2019-03-17,14,0,74,12.63,12.63,0.0,175.479961,0.0
2019-03-17,14,0,77,7.35,7.35,0.0,180.980717,0.0
2019-03-17,14,0,78,5.56,5.56,0.0,136.905141,0.0
2019-03-17,14,0,79,3.22,3.22,0.0,79.28679,0.0
2019-03-17,14,0,80,5.2,5.2,0.0,128.040779,0.0
2019-03-17,14,0,81,6.8,6.8,0.0,167.437942,0.0
2019-03-17,14,0,82,4.8,4.8,0.0,118.191489,0.0
2019-03-17,14,0,83,10.7,10.7,0.0,263.468527,0.0
2019-03-17,14,0,84,0.0,0.0,0.0,0.0,0.0
2019-03-17,14,0,86,13.71,13.71,0.0,388.821879,0.0
2019-03-17,14,0,87,69.99,69.99,0.0,1984.948456,0.0
2019-03-17,14,0,88,6.45,6.45,0.0,158.819813,0.0
2019-03-17,14,0,89,6.2,6.2,0.0,152.664006,0.0
2019-03-17,14,0,90,8.32,8.32,0.0,204.865247,0.0
2019-03-17,14,0,91,29.68,29.68,0.0,730.817371,0.0
2019-03-17,14,0,92,10.67,10.67,0.0,262.72983,0.0
2019-03-17,14,0,95,0.0,0.0,0.0,0.0,0.0
2019-03-17,14,0,96,4.42,4.42,0.0,187.767363,0.0
2019-03-17,14,0,97,29.64,29.64,0.0,1259.145845,0.0
2019-03-17,14,0,99,2.44,2.44,0.0,33.901117,0.0
2019-03-17,14,0,101,17.64,17.64,0.0,-17640.0,0.0
2019-03-17,14,0,102,4.47,4.47,0.0,77.128651,0.0
2019-03-17,14,0,103,3.89,3.89,0.0,67.120907,0.0
2019-03-17,14,0,104,0.73,0.73,0.0,12.595954,0.0
2019-03-17,14,0,106,363.73,363.73,0.0,-141454.720292,0.0
2019-03-17,14,0,109,15.49,15.49,0.0,57.308028,0.0
2019-03-17,14,0,110,155.95,155.95,0.0,356.894509,0.0
2019-03-17,14,0,111,20.84,20.84,0.0,-152.744176,0.0
2019-03-17,14,0,113,5.12,5.12,0.0,115.907406,0.0
2019-03-17,14,0,115,5.12,5.12,0.0,115.907406,0.0
2019-03-17,14,0,116,192.91,192.91,0.0,441.478165,0.0
2019-03-17,14,0,117,0.34,0.34,0.0,7.696976,0.0
2019-03-17,14,0,119,6.38,6.38,0.0,178.918191,0.0
2019-03-17,14,0,120,3.75,3.75,0.0,105.163513,0.0
2019-03-17,14,0,123,6.06,6.06,0.0,-2356.736054,0.0
2019-03-17,14,0,125,7.22,7.22,0.0,-2807.860447,0.0
2019-03-17,14,0,126,272.8,272.8,0.0,-106092.01247,0.0
2019-03-17,14,0,127,350.09,350.09,0.0,-136150.119668,0.0
2019-03-17,14,0,128,10.03,10.03,0.0,-3900.6704,0.0
2019-03-17,14,0,131,3.08,3.08,0.0,66.857859,0.0
2019-03-17,14,0,132,4.52,4.52,0.0,98.116079,0.0
2019-03-17,14,0,133,6.23,6.23,0.0,152.196326,0.0
2019-03-17,14,0,134,0.0,0.0,0.0,0.0,0.0
2019-03-17,14,0,135,8.34,8.34,0.0,203.742754,0.0
2019-03-17,14,0,136,15.9,15.9,0.0,385.527441,0.0
2019-03-17,14,0,139,3.8,3.8,0.0,-27.851625,0.0
2019-03-17,14,0,140,115.42,115.42,0.0,264.140842,0.0
2019-03-17,14,0,141,23.86,23.86,0.0,323.79394,0.0
2019-03-17,14,0,142,586.79,586.79,0.0,7963.078219,0.0
2019-03-17,14,0,143,53.93,53.93,0.0,-53930.0,0.0
2019-03-17,14,0,145,9.18,9.18,0.0,-9.067725,0.0
2019-03-17,14,0,146,104.04,104.04,0.0,238.097497,0.0
2019-03-17,14,0,152,9.42,9.42,0.0,221.581508,0.0
2019-03-17,14,0,153,12.3,12.3,0.0,289.727549,0.0
2019-03-17,14,0,154,85.97,85.97,0.0,-630.106372,0.0
2019-03-17,14,0,157,48.24,48.24,0.0,654.64458,0.0
2019-03-17,14,0,158,522.27,522.27,0.0,7087.504663,0.0
2019-03-17,14,0,159,0.0,0.0,0.0,0.0,0.0
2019-03-17,14,0,160,3.64,3.64,0.0,39.427248,0.0
2019-03-17,14,0,161,93.73,93.73,0.0,1617.286015,0.0
2019-03-17,14,0,162,0.0,0.0,0.0,0.0,0.0
2019-03-17,14,0,163,15.58,15.58,0.0,35.655123,0.0
2019-03-17,14,0,164,29.38,29.38,0.0,-29380.0,0.0
2019-03-17,14,0,167,9.78,9.78,0.0,247.87222,0.0
2019-03-17,14,0,168,4.89,4.89,0.0,123.93611,0.0
2019-03-17,14,0,169,0.0,0.0,0.0,0.0,0.0
2019-03-17,14,0,170,10.7,10.7,0.0,271.189443,0.0
2019-03-17,14,0,172,12.69,12.69,0.0,294.25014,0.0
2019-03-17,14,0,173,19.34,19.34,0.0,448.447415,0.0
2019-03-17,14,0,188,16.94,16.94,0.0,419.249017,0.0
2019-03-17,14,0,190,15.47,15.47,0.0,433.834548,0.0
2019-03-17,14,0,191,39.96,39.96,0.0,1120.6224,0.0
2019-03-17,14,0,192,39.07,39.07,0.0,1095.663593,0.0
2019-03-17,14,0,194,7.22,7.22,0.0,173.257843,0.0
2019-03-17,14,0,196,10.45,10.45,0.0,338.354633,0.0
2019-03-17,14,0,198,16.18,16.18,0.0,238.776366,0.0
2019-03-17,14,0,199,19.16,19.16,0.0,408.005514,0.0
2019-03-17,14,0,200,30.58,30.58,0.0,651.190429,0.0
2019-03-17,14,0,204,65.0,65.0,0.0,223.872428,0.0
2019-03-17,14,0,205,81.94,81.94,0.0,303.151696,0.0
2019-03-17,14,0,206,104.94,104.94,0.0,4457.988021,0.0
2019-03-17,14,0,210,3.34,3.34,0.0,21.787689,0.0
2019-03-17,14,0,214,17.9,17.9,0.0,545.638366,0.0
2019-03-17,14,0,217,12.12,12.12,0.0,241.167745,0.0
2019-03-17,14,0,218,16.73,16.73,0.0,332.899041,0.0
2019-03-17,14,0,219,11.4,11.4,0.0,226.840948,0.0
2019-03-17,14,0,221,9.54,9.54,0.0,290.803911,0.0
2019-03-17,14,0,225,9.09,9.09,0.0,43.367795,0.0
2019-03-17,14,0,233,7.76,7.76,0.0,220.077154,0.0
2019-03-17,14,0,236,12.7,12.7,0.0,293.983586,0.0
2019-03-17,14,0,237,30.29,30.29,0.0,420.84624,0.0
2019-03-17,14,0,238,58.96,58.96,0.0,1389.056176,0.0
2019-03-17,14,0,240,16.43,16.43,0.0,104.417153,0.0
2019-03-17,14,0,245,8.57,8.57,0.0,214.240466,0.0
2019-03-17,14,0,247,7.71,7.71,0.0,192.741423,0.0
2019-03-17,14,0,248,3.04,3.04,0.0,42.237457,0.0
2019-03-17,14,0,249,16.49,16.49,0.0,412.231655,0.0
2019-03-17,14,0,251,67.39,67.39,0.0,1617.014094,0.0
2019-03-17,14,0,252,62.21,62.21,0.0,1508.949051,0.0
2019-03-17,14,0,254,24.04,24.04,0.0,202.64668,0.0
2019-03-17,14,0,255,11.02,11.02,0.0,92.893778,0.0
2019-03-17,14,0,258,20.3,20.3,0.0,133.174558,0.0
2019-03-17,14,0,260,8.84,8.84,0.0,95.751889,0.0
2019-03-17,14,0,265,89.01,89.01,0.0,-652.387672,0.0
2019-03-17,14,0,266,2.46,2.46,0.0,-18.030263,0.0
2019-03-17,14,0,267,3.02,3.02,0.0,-22.134713,0.0
2019-03-17,14,0,270,54.16,54.16,0.0,123.946179,0.0
2019-03-17,14,0,272,17.12,17.12,0.0,387.565388,0.0
2019-03-17,14,0,273,46.13,46.13,0.0,105.569373,0.0
2019-03-17,14,0,274,72.25,72.25,0.0,165.345484,0.0
2019-03-17,14,0,275,105.07,105.07,0.0,240.454672,0.0
2019-03-17,14,0,276,10.27,10.27,0.0,49.373682,0.0
2019-03-17,14,0,277,12.49,12.49,0.0,292.690765,0.0
2019-03-17,14,0,278,19.98,19.98,0.0,468.211488,0.0
2019-03-17,14,0,279,27.17,27.17,0.0,636.702008,0.0
2019-03-17,14,0,281,11.81,11.81,0.0,-11810.0,0.0
2019-03-17,14,0,282,480.42,480.42,0.0,-480420.0,0.0
2019-03-17,15,0,9,4.36,4.36,0.0,-1694.434691,0.0
2019-03-17,15,0,17,25.96,25.96,0.0,640.276786,0.0
2019-03-17,15,0,19,38.61,38.61,0.0,952.276067,0.0
2019-03-17,15,0,20,46.83,46.83,0.0,1155.01394,0.0
2019-03-17,15,0,21,99.73,99.73,0.0,-38758.2504,0.0
2019-03-17,15,0,22,354.45,354.45,0.0,-137750.545013,0.0
2019-03-17,15,0,23,2.65,2.65,0.0,-1029.874296,0.0
2019-03-17,15,0,24,4.69,4.69,0.0,-1822.683188,0.0
2019-03-17,15,0,29,9.12,9.12,0.0,42.202462,0.0
2019-03-17,15,0,30,849.33,849.33,0.0,-849330.0,0.0
2019-03-17,15,0,31,25.56,25.56,0.0,-25560.0,0.0
2019-03-17,15,0,32,7.83,7.83,0.0,198.78394,0.0
2019-03-17,15,0,33,2.66,2.66,0.0,76.374778,0.0
2019-03-17,15,0,34,4.26,4.26,0.0,122.314494,0.0
2019-03-17,15,0,35,4.26,4.26,0.0,122.314494,0.0
2019-03-17,15,0,36,14.01,14.01,0.0,95.955561,0.0
2019-03-17,15,0,37,6.55,6.55,0.0,45.524928,0.0
2019-03-17,15,0,38,8.42,8.42,0.0,58.522121,0.0
2019-03-17,15,0,39,5.61,5.61,0.0,38.99158,0.0
2019-03-17,15,0,40,5.61,5.61,0.0,38.99158,0.0
2019-03-17,15,0,41,3.39,3.39,0.0,-23.295015,0.0
2019-03-17,15,0,42,43.67,43.67,0.0,1038.753612,0.0
2019-03-17,15,0,43,42.49,42.49,0.0,342.646439,0.0
2019-03-17,15,0,46,38.83,38.83,0.0,239.391656,0.0
2019-03-17,15,0,52,27.09,27.09,0.0,-27090.0,0.0
2019-03-17,15,0,53,43.04,43.04,0.0,-43040.0,0.0
2019-03-17,15,0,55,85.31,85.31,0.0,-33154.179701,0.0
2019-03-17,15,0,56,250.52,250.52,0.0,-250520.0,0.0
2019-03-17,15,0,57,238.3,238.3,0.0,-238300.0,0.0
2019-03-17,15,0,58,458.27,458.27,0.0,-458270.0,0.0
2019-03-17,15,0,59,450.63,450.63,0.0,-450630.0,0.0
2019-03-17,15,0,63,3.18,3.18,0.0,89.180183,0.0
2019-03-17,15,0,64,3.74,3.74,0.0,104.88487,0.0
2019-03-17,15,0,65,7.71,7.71,0.0,188.902411,0.0
2019-03-17,15,0,67,421.82,421.82,0.0,5724.346894,0.0
2019-03-17,15,0,68,2.34,2.34,0.0,40.37582,0.0
2019-03-17,15,0,69,2.66,2.66,0.0,76.374778,0.0
2019-03-17,15,0,74,10.15,10.15,0.0,144.518445,0.0
2019-03-17,15,0,77,4.87,4.87,0.0,120.009672,0.0
2019-03-17,15,0,78,3.68,3.68,0.0,90.684927,0.0
2019-03-17,15,0,79,2.13,2.13,0.0,52.48883,0.0
2019-03-17,15,0,80,3.44,3.44,0.0,84.770692,0.0
2019-03-17,15,0,81,4.5,4.5,0.0,110.891894,0.0
2019-03-17,15,0,82,3.18,3.18,0.0,78.363605,0.0
2019-03-17,15,0,83,7.08,7.08,0.0,174.469913,0.0
2019-03-17,15,0,84,0.0,0.0,0.0,0.0,0.0
2019-03-17,15,0,86,13.48,13.48,0.0,387.042109,0.0
2019-03-17,15,0,87,68.82,68.82,0.0,1975.982045,0.0
2019-03-17,15,0,88,4.27,4.27,0.0,105.224086,0.0
2019-03-17,15,0,89,4.11,4.11,0.0,101.281263,0.0
2019-03-17,15,0,90,5.51,5.51,0.0,135.780964,0.0
2019-03-17,15,0,91,19.67,19.67,0.0,484.720791,0.0
2019-03-17,15,0,92,7.08,7.08,0.0,174.469913,0.0
2019-03-17,15,0,95,0.0,0.0,0.0,0.0,0.0
2019-03-17,15,0,96,3.0,3.0,0.0,128.814124,0.0
2019-03-17,15,0,97,18.43,18.43,0.0,791.348101,0.0
2019-03-17,15,0,99,1.96,1.96,0.0,27.90701,0.0
2019-03-17,15,0,101,17.11,17.11,0.0,-17110.0,0.0
2019-03-17,15,0,102,5.54,5.54,0.0,95.590617,0.0
2019-03-17,15,0,103,4.82,4.82,0.0,83.167288,0.0
2019-03-17,15,0,104,0.89,0.89,0.0,15.356615,0.0
2019-03-17,15,0,106,348.92,348.92,0.0,-135601.411104,0.0
2019-03-17,15,0,109,11.41,11.41,0.0,47.820914,0.0
2019-03-17,15,0,110,171.45,171.45,0.0,392.434028,0.0
2019-03-17,15,0,111,20.39,20.39,0.0,-140.113674,0.0
2019-03-17,15,0,113,3.42,3.42,0.0,77.448573,0.0
2019-03-17,15,0,115,3.42,3.42,0.0,77.448573,0.0
2019-03-17,15,0,116,184.95,184.95,0.0,423.334345,0.0
2019-03-17,15,0,117,0.23,0.23,0.0,5.20853,0.0
2019-03-17,15,0,119,3.74,3.74,0.0,104.88487,0.0
2019-03-17,15,0,120,2.2,2.2,0.0,61.696982,0.0
2019-03-17,15,0,123,5.82,5.82,0.0,-2261.837134,0.0
2019-03-17,15,0,125,4.24,4.24,0.0,-1647.798874,0.0
2019-03-17,15,0,126,261.69,261.69,0.0,-101701.058328,0.0
2019-03-17,15,0,127,335.84,335.84,0.0,-130518.107031,0.0
2019-03-17,15,0,128,6.08,6.08,0.0,-2362.881404,0.0
2019-03-17,15,0,131,5.0,5.0,0.0,108.614989,0.0
2019-03-17,15,0,132,7.35,7.35,0.0,159.664035,0.0
2019-03-17,15,0,133,7.22,7.22,0.0,178.184785,0.0
2019-03-17,15,0,134,0.0,0.0,0.0,0.0,0.0
2019-03-17,15,0,135,9.68,9.68,0.0,238.895945,0.0
2019-03-17,15,0,136,13.2,13.2,0.0,323.29456,0.0
2019-03-17,15,0,139,4.41,4.41,0.0,-30.304134,0.0
2019-03-17,15,0,140,126.89,126.89,0.0,290.440092,0.0
2019-03-17,15,0,141,21.51,21.51,0.0,291.903423,0.0
2019-03-17,15,0,142,556.27,556.27,0.0,7548.912917,0.0
2019-03-17,15,0,143,52.99,52.99,0.0,-52990.0,0.0
2019-03-17,15,0,145,3.6,3.6,0.0,-1.9175,0.0
2019-03-17,15,0,146,125.65,125.65,0.0,287.601841,0.0
2019-03-17,15,0,152,9.16,9.16,0.0,215.46567,0.0
2019-03-17,15,0,153,11.93,11.93,0.0,280.845995,0.0
2019-03-17,15,0,154,84.12,84.12,0.0,-578.046212,0.0
2019-03-17,15,0,157,61.0,61.0,0.0,827.80608,0.0
2019-03-17,15,0,158,501.39,501.39,0.0,6804.158857,0.0
2019-03-17,15,0,159,0.0,0.0,0.0,0.0,0.0
2019-03-17,15,0,160,3.48,3.48,0.0,38.915278,0.0
2019-03-17,15,0,161,89.69,89.69,0.0,1547.567226,0.0
2019-03-17,15,0,162,0.0,0.0,0.0,0.0,0.0
2019-03-17,15,0,163,12.54,12.54,0.0,28.702961,0.0
2019-03-17,15,0,164,28.69,28.69,0.0,-28690.0,0.0
2019-03-17,15,0,167,9.0,9.0,0.0,228.103139,0.0
2019-03-17,15,0,168,4.5,4.5,0.0,114.051569,0.0
2019-03-17,15,0,169,0.0,0.0,0.0,0.0,0.0
2019-03-17,15,0,170,9.84,9.84,0.0,249.392765,0.0
2019-03-17,15,0,172,11.88,11.88,0.0,275.467218,0.0
2019-03-17,15,0,173,18.1,18.1,0.0,419.693321,0.0
2019-03-17,15,0,188,16.03,16.03,0.0,396.725724,0.0
2019-03-17,15,0,190,14.88,14.88,0.0,417.295953,0.0
2019-03-17,15,0,191,38.43,38.43,0.0,1077.734104,0.0
2019-03-17,15,0,192,28.17,28.17,0.0,790.001814,0.0
2019-03-17,15,0,194,4.41,4.41,0.0,105.820653,0.0
2019-03-17,15,0,196,9.87,9.87,0.0,319.590309,0.0
2019-03-17,15,0,198,15.53,15.53,0.0,231.714147,0.0
2019-03-17,15,0,199,12.52,12.52,0.0,265.150826,0.0
2019-03-17,15,0,200,29.08,29.08,0.0,615.861502,0.0
2019-03-17,15,0,204,47.46,47.46,0.0,186.293457,0.0
2019-03-17,15,0,205,60.33,60.33,0.0,252.851509,0.0
2019-03-17,15,0,206,54.15,54.15,0.0,2325.094936,0.0
2019-03-17,15,0,210,3.17,3.17,0.0,19.786753,0.0
2019-03-17,15,0,214,16.97,16.97,0.0,524.422041,0.0
2019-03-17,15,0,217,11.44,11.44,0.0,229.122646,0.0
2019-03-17,15,0,218,15.78,15.78,0.0,316.045048,0.0
2019-03-17,15,0,219,10.75,10.75,0.0,215.303186,0.0
2019-03-17,15,0,221,9.05,9.05,0.0,279.671153,0.0
2019-03-17,15,0,225,8.4,8.4,0.0,37.561054,0.0
2019-03-17,15,0,233,7.63,7.63,0.0,219.075022,0.0
2019-03-17,15,0,236,13.91,13.91,0.0,324.214478,0.0
2019-03-17,15,0,237,24.35,24.35,0.0,346.701886,0.0
2019-03-17,15,0,238,56.84,56.84,0.0,1352.02096,0.0
2019-03-17,15,0,240,15.87,15.87,0.0,108.694843,0.0
2019-03-17,15,0,245,9.1,9.1,0.0,229.897154,0.0
2019-03-17,15,0,247,8.4,8.4,0.0,212.212757,0.0
2019-03-17,15,0,248,2.44,2.44,0.0,34.74138,0.0
2019-03-17,15,0,249,17.51,17.51,0.0,442.362545,0.0
2019-03-17,15,0,251,50.87,50.87,0.0,1232.748991,0.0
2019-03-17,15,0,252,49.76,49.76,0.0,1219.167831,0.0
2019-03-17,15,0,254,23.12,23.12,0.0,204.535235,0.0
2019-03-17,15,0,255,10.6,10.6,0.0,93.774805,0.0
2019-03-17,15,0,258,19.49,19.49,0.0,137.313353,0.0
2019-03-17,15,0,260,8.45,8.45,0.0,94.492556,0.0
2019-03-17,15,0,265,87.1,87.1,0.0,-598.523835,0.0
2019-03-17,15,0,266,2.82,2.82,0.0,-19.378154,0.0
2019-03-17,15,0,267,3.49,3.49,0.0,-23.982184,0.0
2019-03-17,15,0,270,40.94,40.94,0.0,93.708073,0.0
2019-03-17,15,0,272,11.43,11.43,0.0,258.841282,0.0
2019-03-17,15,0,273,44.23,44.23,0.0,101.238595,0.0
2019-03-17,15,0,274,53.92,53.92,0.0,123.418156,0.0
2019-03-17,15,0,275,77.39,77.39,0.0,177.138929,0.0
2019-03-17,15,0,276,9.95,9.95,0.0,47.838338,0.0
2019-03-17,15,0,277,12.02,12.02,0.0,281.825194,0.0
2019-03-17,15,0,278,19.24,19.24,0.0,451.107881,0.0
2019-03-17,15,0,279,18.46,18.46,0.0,432.819723,0.0
2019-03-17,15,0,281,11.47,11.47,0.0,-11470.0,0.0
2019-03-17,15,0,282,465.91,465.91,0.0,-465910.0,0.0
2019-03-17,16,0,9,3.93,3.93,0.0,-1527.620972,0.0
2019-03-17,16,0,17,31.59,31.59,0.0,474.94216,0.0
2019-03-17,16,0,19,77.32,77.32,0.0,1162.473182,0.0
2019-03-17,16,0,20,97.59,97.59,0.0,1467.223976,0.0
2019-03-17,16,0,21,89.81,89.81,0.0,-34909.831944,0.0
2019-03-17,16,0,22,319.18,319.18,0.0,-124067.700255,0.0
2019-03-17,16,0,23,2.09,2.09,0.0,-812.39894,0.0
2019-03-17,16,0,24,3.69,3.69,0.0,-1434.331142,0.0
2019-03-17,16,0,29,8.43,8.43,0.0,40.989802,0.0
2019-03-17,16,0,30,730.49,730.49,0.0,-730490.0,0.0
2019-03-17,16,0,31,24.95,24.95,0.0,-24950.0,0.0
2019-03-17,16,0,32,6.81,6.81,0.0,174.479226,0.0
2019-03-17,16,0,33,2.69,2.69,0.0,53.592953,0.0
2019-03-17,16,0,34,4.31,4.31,0.0,85.868262,0.0
2019-03-17,16,0,35,4.31,4.31,0.0,85.868262,0.0
2019-03-17,16,0,36,12.08,12.08,0.0,90.135773,0.0
2019-03-17,16,0,37,5.79,5.79,0.0,42.791155,0.0
2019-03-17,16,0,38,7.45,7.45,0.0,55.05943,0.0
2019-03-17,16,0,39,4.97,4.97,0.0,36.730922,0.0
2019-03-17,16,0,40,4.97,4.97,0.0,36.730922,0.0
2019-03-17,16,0,41,3.06,3.06,0.0,-21.871472,0.0
2019-03-17,16,0,42,53.31,53.31,0.0,745.003343,0.0
2019-03-17,16,0,43,36.49,36.49,0.0,294.219565,0.0
2019-03-17,16,0,46,27.8,27.8,0.0,176.806828,0.0
2019-03-17,16,0,52,26.44,26.44,0.0,-26440.0,0.0
2019-03-17,16,0,53,42.01,42.01,0.0,-42010.0,0.0
2019-03-17,16,0,55,79.03,79.03,0.0,-30719.563729,0.0
2019-03-17,16,0,56,215.47,215.47,0.0,-215470.0,0.0
2019-03-17,16,0,57,204.96,204.96,0.0,-204960.0,0.0
2019-03-17,16,0,58,394.15,394.15,0.0,-394150.0,0.0
2019-03-17,16,0,59,387.58,387.58,0.0,-387580.0,0.0
2019-03-17,16,0,63,1.68,1.68,0.0,45.677722,0.0
2019-03-17,16,0,64,1.97,1.97,0.0,53.562566,0.0
2019-03-17,16,0,65,6.06,6.06,0.0,89.91665,0.0
2019-03-17,16,0,67,355.83,355.83,0.0,5001.312312,0.0
2019-03-17,16,0,68,1.68,1.68,0.0,23.355443,0.0
2019-03-17,16,0,69,2.69,2.69,0.0,53.592953,0.0
2019-03-17,16,0,74,5.04,5.04,0.0,45.567847,0.0
2019-03-17,16,0,77,3.19,3.19,0.0,96.413358,0.0
2019-03-17,16,0,78,2.41,2.41,0.0,72.838932,0.0
2019-03-17,16,0,79,1.4,1.4,0.0,42.313073,0.0
2019-03-17,16,0,80,2.26,2.26,0.0,68.305389,0.0
2019-03-17,16,0,81,2.95,2.95,0.0,89.159689,0.0
2019-03-17,16,0,82,2.08,2.08,0.0,62.865136,0.0
2019-03-17,16,0,83,4.64,4.64,0.0,140.237612,0.0
2019-03-17,16,0,84,0.0,0.0,0.0,0.0,0.0
2019-03-17,16,0,86,13.65,13.65,0.0,271.949369,0.0
2019-03-17,16,0,87,69.7,69.7,0.0,1388.635241,0.0
2019-03-17,16,0,88,2.74,2.74,0.0,82.812728,0.0
2019-03-17,16,0,89,2.64,2.64,0.0,79.790365,0.0
2019-03-17,16,0,90,3.54,3.54,0.0,106.991626,0.0
2019-03-17,16,0,91,12.63,12.63,0.0,381.724362,0.0
2019-03-17,16,0,92,4.54,4.54,0.0,137.21525,0.0
2019-03-17,16,0,95,0.0,0.0,0.0,0.0,0.0
2019-03-17,16,0,96,2.1,2.1,0.0,89.879224,0.0
2019-03-17,16,0,97,12.92,12.92,0.0,552.971229,0.0
2019-03-17,16,0,99,1.11,1.11,0.0,10.035776,0.0
2019-03-17,16,0,101,14.71,14.71,0.0,-14710.0,0.0
2019-03-17,16,0,102,3.97,3.97,0.0,55.191136,0.0
2019-03-17,16,0,103,3.45,3.45,0.0,47.96207,0.0
2019-03-17,16,0,104,0.64,0.64,0.0,8.897312,0.0
2019-03-17,16,0,106,314.2,314.2,0.0,-122131.936274,0.0
2019-03-17,16,0,109,8.12,8.12,0.0,38.494605,0.0
2019-03-17,16,0,110,190.63,190.63,0.0,2768.857424,0.0
2019-03-17,16,0,111,17.21,17.21,0.0,-123.009162,0.0
2019-03-17,16,0,113,2.18,2.18,0.0,59.645092,0.0
2019-03-17,16,0,115,2.18,2.18,0.0,59.645092,0.0
2019-03-17,16,0,116,160.47,160.47,0.0,2330.790279,0.0
2019-03-17,16,0,117,0.15,0.15,0.0,4.10402,0.0
2019-03-17,16,0,119,1.97,1.97,0.0,53.562566,0.0
2019-03-17,16,0,120,1.16,1.16,0.0,31.539379,0.0
2019-03-17,16,0,123,5.24,5.24,0.0,-2036.827963,0.0
2019-03-17,16,0,125,3.34,3.34,0.0,-1298.283473,0.0
2019-03-17,16,0,126,235.65,235.65,0.0,-91598.952206,0.0
2019-03-17,16,0,127,302.42,302.42,0.0,-117552.960433,0.0
2019-03-17,16,0,128,4.78,4.78,0.0,-1858.022455,0.0
2019-03-17,16,0,131,1.38,1.38,0.0,40.638122,0.0
2019-03-17,16,0,132,2.04,2.04,0.0,60.073745,0.0
2019-03-17,16,0,133,10.15,10.15,0.0,152.789153,0.0
2019-03-17,16,0,134,0.0,0.0,0.0,0.0,0.0
2019-03-17,16,0,135,12.9,12.9,0.0,194.185228,0.0
2019-03-17,16,0,136,10.79,10.79,0.0,159.982518,0.0
2019-03-17,16,0,139,3.99,3.99,0.0,-28.518684,0.0
2019-03-17,16,0,140,141.09,141.09,0.0,2049.300184,0.0
2019-03-17,16,0,141,21.9,21.9,0.0,307.811988,0.0
2019-03-17,16,0,142,469.26,469.26,0.0,6595.609745,0.0
2019-03-17,16,0,143,52.06,52.06,0.0,-52060.0,0.0
2019-03-17,16,0,145,2.59,2.59,0.0,-1.209006,0.0
2019-03-17,16,0,146,151.48,151.48,0.0,2200.212572,0.0
2019-03-17,16,0,152,8.86,8.86,0.0,85.10712,0.0
2019-03-17,16,0,153,11.22,11.22,0.0,105.061111,0.0
2019-03-17,16,0,154,71.0,71.0,0.0,-507.475335,0.0
2019-03-17,16,0,157,75.87,75.87,0.0,1066.378791,0.0
2019-03-17,16,0,158,438.47,438.47,0.0,6162.845767,0.0
2019-03-17,16,0,159,0.0,0.0,0.0,0.0,0.0
2019-03-17,16,0,160,2.79,2.79,0.0,28.461795,0.0
2019-03-17,16,0,161,74.77,74.77,0.0,1039.456224,0.0
2019-03-17,16,0,162,0.0,0.0,0.0,0.0,0.0
2019-03-17,16,0,163,9.28,9.28,0.0,134.789891,0.0
2019-03-17,16,0,164,26.24,26.24,0.0,-26240.0,0.0
2019-03-17,16,0,167,7.54,7.54,0.0,192.745975,0.0
2019-03-17,16,0,168,3.77,3.77,0.0,96.372988,0.0
2019-03-17,16,0,169,0.0,0.0,0.0,0.0,0.0
2019-03-17,16,0,170,8.24,8.24,0.0,210.640164,0.0
2019-03-17,16,0,172,9.97,9.97,0.0,235.989074,0.0
2019-03-17,16,0,173,15.19,15.19,0.0,359.546042,0.0
2019-03-17,16,0,188,13.76,13.76,0.0,346.295098,0.0
2019-03-17,16,0,190,12.62,12.62,0.0,343.126694,0.0
2019-03-17,16,0,191,32.6,32.6,0.0,886.365312,0.0
2019-03-17,16,0,192,20.01,20.01,0.0,544.054291,0.0
2019-03-17,16,0,194,2.43,2.43,0.0,64.831989,0.0
2019-03-17,16,0,196,8.43,8.43,0.0,247.154296,0.0
2019-03-17,16,0,198,12.09,12.09,0.0,154.795315,0.0
2019-03-17,16,0,199,7.88,7.88,0.0,172.221614,0.0
2019-03-17,16,0,200,24.94,24.94,0.0,545.077036,0.0
2019-03-17,16,0,204,33.57,33.57,0.0,146.071973,0.0
2019-03-17,16,0,205,42.98,42.98,0.0,203.755925,0.0
2019-03-17,16,0,206,37.97,37.97,0.0,1625.101978,0.0
2019-03-17,16,0,210,2.7,2.7,0.0,17.07631,0.0
2019-03-17,16,0,214,15.33,15.33,0.0,349.622817,0.0
2019-03-17,16,0,217,10.3,10.3,0.0,161.195314,0.0
2019-03-17,16,0,218,14.21,14.21,0.0,222.386934,0.0
2019-03-17,16,0,219,9.68,9.68,0.0,151.492296,0.0
2019-03-17,16,0,221,8.18,8.18,0.0,186.556728,0.0
2019-03-17,16,0,225,7.65,7.65,0.0,36.116912,0.0
2019-03-17,16,0,233,7.73,7.73,0.0,154.005027,0.0
2019-03-17,16,0,236,11.95,11.95,0.0,147.950204,0.0
2019-03-17,16,0,237,11.53,11.53,0.0,104.245491,0.0
2019-03-17,16,0,238,69.39,69.39,0.0,969.720164,0.0
2019-03-17,16,0,240,13.69,13.69,0.0,102.148902,0.0
2019-03-17,16,0,245,10.04,10.04,0.0,158.214524,0.0
2019-03-17,16,0,247,9.69,9.69,0.0,152.699078,0.0
2019-03-17,16,0,248,1.36,1.36,0.0,12.296086,0.0
2019-03-17,16,0,249,19.31,19.31,0.0,304.295066,0.0
2019-03-17,16,0,251,37.4,37.4,0.0,542.844137,0.0
2019-03-17,16,0,252,39.09,39.09,0.0,580.006904,0.0
2019-03-17,16,0,254,19.99,19.99,0.0,171.906096,0.0
2019-03-17,16,0,255,9.16,9.16,0.0,78.772378,0.0
2019-03-17,16,0,258,16.73,16.73,0.0,126.457209,0.0
2019-03-17,16,0,260,6.77,6.77,0.0,69.06321,0.0
2019-03-17,16,0,265,73.51,73.51,0.0,-525.41566,0.0
2019-03-17,16,0,266,2.54,2.54,0.0,-18.154751,0.0
2019-03-17,16,0,267,3.15,3.15,0.0,-22.514751,0.0
2019-03-17,16,0,270,25.09,25.09,0.0,364.426548,0.0
2019-03-17,16,0,272,7.29,7.29,0.0,199.455377,0.0
2019-03-17,16,0,273,38.37,38.37,0.0,557.315529,0.0
2019-03-17,16,0,274,31.31,31.31,0.0,454.770634,0.0
2019-03-17,16,0,275,41.97,41.97,0.0,609.604711,0.0
2019-03-17,16,0,276,8.57,8.57,0.0,123.579046,0.0
2019-03-17,16,0,277,10.21,10.21,0.0,291.068243,0.0
2019-03-17,16,0,278,16.34,16.34,0.0,465.823221,0.0
2019-03-17,16,0,279,27.9,27.9,0.0,795.377471,0.0
2019-03-17,16,0,281,11.2,11.2,0.0,-11200.0,0.0
2019-03-17,16,0,282,400.72,400.72,0.0,-400720.0,0.0
2019-03-17,17,0,9,3.03,3.03,0.0,30.749664,0.0
2019-03-17,17,0,17,23.39,23.39,0.0,268.188394,0.0
2019-03-17,17,0,19,74.2,74.2,0.0,850.772929,0.0
2019-03-17,17,0,20,89.35,89.35,0.0,1024.481958,0.0
2019-03-17,17,0,21,69.2,69.2,0.0,702.269564,0.0
2019-03-17,17,0,22,245.94,245.94,0.0,2495.898504,0.0
2019-03-17,17,0,23,5.63,5.63,0.0,57.135515,0.0
2019-03-17,17,0,24,10.01,10.01,0.0,101.585525,0.0
2019-03-17,17,0,29,6.1,6.1,0.0,67.28119,0.0
2019-03-17,17,0,30,566.44,566.44,0.0,5744.94137,0.0
2019-03-17,17,0,31,36.46,36.46,0.0,369.7842,0.0
2019-03-17,17,0,32,5.11,5.11,0.0,65.347016,0.0
2019-03-17,17,0,33,2.0,2.0,0.0,22.460702,0.0
2019-03-17,17,0,34,3.2,3.2,0.0,35.937124,0.0
2019-03-17,17,0,35,3.2,3.2,0.0,35.937124,0.0
2019-03-17,17,0,36,9.24,9.24,0.0,75.417929,0.0
2019-03-17,17,0,37,4.43,4.43,0.0,37.952478,0.0
2019-03-17,17,0,38,5.69,5.69,0.0,48.747087,0.0
2019-03-17,17,0,39,3.79,3.79,0.0,32.469501,0.0
2019-03-17,17,0,40,3.79,3.79,0.0,32.469501,0.0
2019-03-17,17,0,41,3.27,3.27,0.0,35.39241,0.0
2019-03-17,17,0,42,40.18,40.18,0.0,462.753477,0.0
2019-03-17,17,0,43,28.07,28.07,0.0,250.968372,0.0
2019-03-17,17,0,46,21.21,21.21,0.0,202.20503,0.0
2019-03-17,17,0,52,38.65,38.65,0.0,391.995593,0.0
2019-03-17,17,0,53,61.4,61.4,0.0,622.730386,0.0
2019-03-17,17,0,55,122.58,122.58,0.0,1243.991375,0.0
2019-03-17,17,0,56,167.08,167.08,0.0,1694.556889,0.0
2019-03-17,17,0,57,158.93,158.93,0.0,1611.898051,0.0
2019-03-17,17,0,58,305.63,305.63,0.0,3099.757134,0.0
2019-03-17,17,0,59,300.54,300.54,0.0,3048.133393,0.0
2019-03-17,17,0,63,6.67,6.67,0.0,90.562704,0.0
2019-03-17,17,0,64,7.85,7.85,0.0,106.584291,0.0
2019-03-17,17,0,65,5.55,5.55,0.0,63.688631,0.0
2019-03-17,17,0,67,270.71,270.71,0.0,1850.773579,0.0
2019-03-17,17,0,68,2.0,2.0,0.0,16.681229,0.0
2019-03-17,17,0,69,2.0,2.0,0.0,22.460702,0.0
2019-03-17,17,0,74,10.65,10.65,0.0,124.131251,0.0
2019-03-17,17,0,77,7.02,7.02,0.0,67.585148,0.0
2019-03-17,17,0,78,5.31,5.31,0.0,51.122099,0.0
2019-03-17,17,0,79,3.07,3.07,0.0,29.556468,0.0
2019-03-17,17,0,80,4.97,4.97,0.0,47.848745,0.0
2019-03-17,17,0,81,6.5,6.5,0.0,62.578841,0.0
2019-03-17,17,0,82,4.58,4.58,0.0,44.094014,0.0
2019-03-17,17,0,83,10.22,10.22,0.0,98.393193,0.0
2019-03-17,17,0,84,0.0,0.0,0.0,0.0,0.0
2019-03-17,17,0,86,10.12,10.12,0.0,113.651153,0.0
2019-03-17,17,0,87,51.69,51.69,0.0,580.496849,0.0
2019-03-17,17,0,88,6.1,6.1,0.0,58.727835,0.0
2019-03-17,17,0,89,5.86,5.86,0.0,56.417232,0.0
2019-03-17,17,0,90,7.87,7.87,0.0,75.768535,0.0
2019-03-17,17,0,91,28.08,28.08,0.0,270.340594,0.0
2019-03-17,17,0,92,10.1,10.1,0.0,97.237892,0.0
2019-03-17,17,0,95,0.0,0.0,0.0,0.0,0.0
2019-03-17,17,0,96,4.43,4.43,0.0,44.90112,0.0
2019-03-17,17,0,97,27.26,27.26,0.0,276.298991,0.0
2019-03-17,17,0,99,2.17,2.17,0.0,25.292471,0.0
2019-03-17,17,0,101,11.41,11.41,0.0,115.722373,0.0
2019-03-17,17,0,102,4.72,4.72,0.0,39.367701,0.0
2019-03-17,17,0,103,4.11,4.11,0.0,34.279926,0.0
2019-03-17,17,0,104,0.77,0.77,0.0,6.422273,0.0
2019-03-17,17,0,106,242.1,242.1,0.0,2456.928633,0.0
2019-03-17,17,0,109,14.24,14.24,0.0,148.136335,0.0
2019-03-17,17,0,110,183.71,183.71,0.0,409.929226,0.0
2019-03-17,17,0,111,13.45,13.45,0.0,145.574287,0.0
2019-03-17,17,0,113,4.96,4.96,0.0,48.703447,0.0
2019-03-17,17,0,115,4.96,4.96,0.0,48.703447,0.0
2019-03-17,17,0,116,121.4,121.4,0.0,270.891122,0.0
2019-03-17,17,0,117,0.33,0.33,0.0,3.24035,0.0
2019-03-17,17,0,119,7.85,7.85,0.0,106.584291,0.0
2019-03-17,17,0,120,4.62,4.62,0.0,62.728589,0.0
2019-03-17,17,0,123,4.04,4.04,0.0,40.999553,0.0
2019-03-17,17,0,125,9.05,9.05,0.0,91.843057,0.0
2019-03-17,17,0,126,181.58,181.58,0.0,1842.747217,0.0
2019-03-17,17,0,127,233.02,233.02,0.0,2364.781123,0.0
2019-03-17,17,0,128,13.03,13.03,0.0,132.233705,0.0
2019-03-17,17,0,131,3.01,3.01,0.0,26.314183,0.0
2019-03-17,17,0,132,4.43,4.43,0.0,38.728183,0.0
2019-03-17,17,0,133,27.09,27.09,0.0,310.588169,0.0
2019-03-17,17,0,134,0.0,0.0,0.0,0.0,0.0
2019-03-17,17,0,135,35.46,35.46,0.0,406.550626,0.0
2019-03-17,17,0,136,9.74,9.74,0.0,111.77575,0.0
2019-03-17,17,0,139,4.22,4.22,0.0,45.674609,0.0
2019-03-17,17,0,140,135.96,135.96,0.0,303.380205,0.0
2019-03-17,17,0,141,30.66,30.66,0.0,209.614414,0.0
2019-03-17,17,0,142,356.99,356.99,0.0,2440.647409,0.0
2019-03-17,17,0,143,73.02,73.02,0.0,740.582619,0.0
2019-03-17,17,0,145,5.42,5.42,0.0,55.544573,0.0
2019-03-17,17,0,146,125.82,125.82,0.0,280.753879,0.0
2019-03-17,17,0,152,6.71,6.71,0.0,79.101045,0.0
2019-03-17,17,0,153,8.52,8.52,0.0,100.571597,0.0
2019-03-17,17,0,154,55.48,55.48,0.0,600.480404,0.0
2019-03-17,17,0,157,59.11,59.11,0.0,404.119635,0.0
2019-03-17,17,0,158,350.93,350.93,0.0,2399.216771,0.0
2019-03-17,17,0,159,0.0,0.0,0.0,0.0,0.0
2019-03-17,17,0,160,2.12,2.12,0.0,20.08442,0.0
2019-03-17,17,0,161,56.69,56.69,0.0,472.829443,0.0
2019-03-17,17,0,162,0.0,0.0,0.0,0.0,0.0
2019-03-17,17,0,163,22.99,22.99,0.0,51.299727,0.0
2019-03-17,17,0,164,20.29,20.29,0.0,205.785009,0.0
2019-03-17,17,0,167,5.71,5.71,0.0,73.072266,0.0
2019-03-17,17,0,168,2.86,2.86,0.0,36.600119,0.0
2019-03-17,17,0,169,0.0,0.0,0.0,0.0,0.0
2019-03-17,17,0,170,6.25,6.25,0.0,79.982778,0.0
2019-03-17,17,0,172,7.58,7.58,0.0,95.283517,0.0
2019-03-17,17,0,173,11.55,11.55,0.0,145.187944,0.0
2019-03-17,17,0,188,10.52,10.52,0.0,133.077908,0.0
2019-03-17,17,0,190,9.57,9.57,0.0,129.937792,0.0
2019-03-17,17,0,191,24.73,24.73,0.0,335.774462,0.0
2019-03-17,17,0,192,26.69,26.69,0.0,362.386591,0.0
2019-03-17,17,0,194,5.84,5.84,0.0,64.926496,0.0
2019-03-17,17,0,196,6.38,6.38,0.0,96.680414,0.0
2019-03-17,17,0,198,9.19,9.19,0.0,95.112573,0.0
2019-03-17,17,0,199,7.73,7.73,0.0,87.691983,0.0
2019-03-17,17,0,200,18.87,18.87,0.0,214.06827,0.0
2019-03-17,17,0,204,57.41,57.41,0.0,587.448354,0.0
2019-03-17,17,0,205,75.31,75.31,0.0,783.437314,0.0
2019-03-17,17,0,206,80.09,80.09,0.0,811.767653,0.0
2019-03-17,17,0,210,2.0,2.0,0.0,22.074606,0.0
2019-03-17,17,0,214,11.48,11.48,0.0,127.287988,0.0
2019-03-17,17,0,217,7.62,7.62,0.0,84.024398,0.0
2019-03-17,17,0,218,10.52,10.52,0.0,116.002187,0.0
2019-03-17,17,0,219,7.16,7.16,0.0,78.952059,0.0
2019-03-17,17,0,221,6.12,6.12,0.0,67.857359,0.0
2019-03-17,17,0,225,5.62,5.62,0.0,61.982808,0.0
2019-03-17,17,0,233,5.73,5.73,0.0,64.349912,0.0
2019-03-17,17,0,236,20.77,20.77,0.0,241.12174,0.0
2019-03-17,17,0,237,26.31,26.31,0.0,306.656639,0.0
2019-03-17,17,0,238,52.3,52.3,0.0,602.339643,0.0
2019-03-17,17,0,240,10.47,10.47,0.0,85.457328,0.0
2019-03-17,17,0,245,12.26,12.26,0.0,140.144769,0.0
2019-03-17,17,0,247,11.96,11.96,0.0,136.715452,0.0
2019-03-17,17,0,248,2.68,2.68,0.0,31.236784,0.0
2019-03-17,17,0,249,23.58,23.58,0.0,269.544344,0.0
2019-03-17,17,0,251,33.88,33.88,0.0,389.315221,0.0
2019-03-17,17,0,252,35.82,35.82,0.0,411.049864,0.0
2019-03-17,17,0,254,15.19,15.19,0.0,137.842375,0.0
2019-03-17,17,0,255,6.96,6.96,0.0,63.15885,0.0
2019-03-17,17,0,258,12.84,12.84,0.0,106.416358,0.0
2019-03-17,17,0,260,5.14,5.14,0.0,48.695245,0.0
2019-03-17,17,0,265,57.44,57.44,0.0,621.694203,0.0
2019-03-17,17,0,266,2.73,2.73,0.0,29.547792,0.0
2019-03-17,17,0,267,3.36,3.36,0.0,36.366513,0.0
2019-03-17,17,0,270,71.8,71.8,0.0,160.214024,0.0
2019-03-17,17,0,272,16.58,16.58,0.0,162.803054,0.0
2019-03-17,17,0,273,29.03,29.03,0.0,64.777342,0.0
2019-03-17,17,0,274,92.56,92.56,0.0,206.537745,0.0
2019-03-17,17,0,275,128.84,128.84,0.0,287.492687,0.0
2019-03-17,17,0,276,6.39,6.39,0.0,20.829289,0.0
2019-03-17,17,0,277,7.72,7.72,0.0,75.211142,0.0
2019-03-17,17,0,278,12.36,12.36,0.0,120.415766,0.0
2019-03-17,17,0,279,26.85,26.85,0.0,261.582793,0.0
2019-03-17,17,0,281,16.36,16.36,0.0,165.926207,0.0
2019-03-17,17,0,282,310.73,310.73,0.0,3151.482296,0.0
2019-03-17,18,0,9,1.87,1.87,0.0,14.640079,0.0
2019-03-17,18,0,17,14.3,14.3,0.0,136.967493,0.0
2019-03-17,18,0,19,101.19,101.19,0.0,969.212629,0.0
2019-03-17,18,0,20,123.21,123.21,0.0,1180.123411,0.0
2019-03-17,18,0,21,42.74,42.74,0.0,334.608012,0.0
2019-03-17,18,0,22,151.91,151.91,0.0,1189.291134,0.0
2019-03-17,18,0,23,19.46,19.46,0.0,152.35077,0.0
2019-03-17,18,0,24,34.53,34.53,0.0,270.332584,0.0
2019-03-17,18,0,29,3.73,3.73,0.0,38.075527,0.0
2019-03-17,18,0,30,362.5,362.5,0.0,2833.962162,0.0
2019-03-17,18,0,31,38.01,38.01,0.0,297.155591,0.0
2019-03-17,18,0,32,3.17,3.17,0.0,51.072644,0.0
2019-03-17,18,0,33,1.23,1.23,0.0,12.159827,0.0
2019-03-17,18,0,34,1.96,1.96,0.0,19.376635,0.0
2019-03-17,18,0,35,1.96,1.96,0.0,19.376635,0.0
2019-03-17,18,0,36,5.76,5.76,0.0,52.480141,0.0
2019-03-17,18,0,37,2.69,2.69,0.0,24.496214,0.0
2019-03-17,18,0,38,3.45,3.45,0.0,31.417078,0.0
2019-03-17,18,0,39,2.3,2.3,0.0,20.944718,0.0
2019-03-17,18,0,40,2.3,2.3,0.0,20.944718,0.0
2019-03-17,18,0,41,6.77,6.77,0.0,56.913366,0.0
2019-03-17,18,0,42,23.6,23.6,0.0,224.469185,0.0
2019-03-17,18,0,43,17.01,17.01,0.0,156.425751,0.0
2019-03-17,18,0,46,13.31,13.31,0.0,119.642002,0.0
2019-03-17,18,0,52,40.29,40.29,0.0,314.980236,0.0
2019-03-17,18,0,53,64.03,64.03,0.0,500.575441,0.0
2019-03-17,18,0,55,134.5,134.5,0.0,1052.989648,0.0
2019-03-17,18,0,56,106.93,106.93,0.0,835.960204,0.0
2019-03-17,18,0,57,101.71,101.71,0.0,795.151149,0.0
2019-03-17,18,0,58,195.6,195.6,0.0,1529.166894,0.0
2019-03-17,18,0,59,192.34,192.34,0.0,1503.680779,0.0
2019-03-17,18,0,63,22.27,22.27,0.0,380.209062,0.0
2019-03-17,18,0,64,26.2,26.2,0.0,447.304779,0.0
2019-03-17,18,0,65,5.29,5.29,0.0,50.60281,0.0
2019-03-17,18,0,67,170.64,170.64,0.0,840.185003,0.0
2019-03-17,18,0,68,1.97,1.97,0.0,11.599567,0.0
2019-03-17,18,0,69,1.23,1.23,0.0,12.159827,0.0
2019-03-17,18,0,74,14.49,14.49,0.0,133.507276,0.0
2019-03-17,18,0,77,13.13,13.13,0.0,88.792487,0.0
2019-03-17,18,0,78,9.92,9.92,0.0,67.084651,0.0
2019-03-17,18,0,79,5.74,5.74,0.0,38.817127,0.0
2019-03-17,18,0,80,9.29,9.29,0.0,62.824235,0.0
2019-03-17,18,0,81,12.14,12.14,0.0,82.097547,0.0
2019-03-17,18,0,82,8.56,8.56,0.0,57.887562,0.0
2019-03-17,18,0,83,19.1,19.1,0.0,129.165004,0.0
2019-03-17,18,0,84,0.0,0.0,0.0,0.0,0.0
2019-03-17,18,0,86,6.21,6.21,0.0,61.392299,0.0
2019-03-17,18,0,87,31.72,31.72,0.0,313.585139,0.0
2019-03-17,18,0,88,11.49,11.49,0.0,77.70188,0.0
2019-03-17,18,0,89,11.05,11.05,0.0,74.726351,0.0
2019-03-17,18,0,90,14.83,14.83,0.0,100.288849,0.0
2019-03-17,18,0,91,52.91,52.91,0.0,357.80735,0.0
2019-03-17,18,0,92,19.03,19.03,0.0,128.691625,0.0
2019-03-17,18,0,95,0.0,0.0,0.0,0.0,0.0
2019-03-17,18,0,96,8.0,8.0,0.0,62.44987,0.0
2019-03-17,18,0,97,49.18,49.18,0.0,383.910575,0.0
2019-03-17,18,0,99,2.8,2.8,0.0,25.798507,0.0
2019-03-17,18,0,101,7.3,7.3,0.0,57.070135,0.0
2019-03-17,18,0,102,4.65,4.65,0.0,27.379689,0.0
2019-03-17,18,0,103,4.05,4.05,0.0,23.846826,0.0
2019-03-17,18,0,104,0.75,0.75,0.0,4.416079,0.0
2019-03-17,18,0,106,149.54,149.54,0.0,1170.736595,0.0
2019-03-17,18,0,109,23.09,23.09,0.0,202.919748,0.0
2019-03-17,18,0,110,183.54,183.54,0.0,361.665567,0.0
2019-03-17,18,0,111,8.8,8.8,0.0,73.978969,0.0
2019-03-17,18,0,113,9.46,9.46,0.0,63.607696,0.0
2019-03-17,18,0,115,9.46,9.46,0.0,63.607696,0.0
2019-03-17,18,0,116,75.17,75.17,0.0,148.122484,0.0
2019-03-17,18,0,117,0.63,0.63,0.0,4.23603,0.0
2019-03-17,18,0,119,26.2,26.2,0.0,447.304779,0.0
2019-03-17,18,0,120,15.4,15.4,0.0,262.919603,0.0
2019-03-17,18,0,123,2.49,2.49,0.0,19.494009,0.0
2019-03-17,18,0,125,31.22,31.22,0.0,244.418861,0.0
2019-03-17,18,0,126,112.16,112.16,0.0,878.091591,0.0
2019-03-17,18,0,127,143.94,143.94,0.0,1126.894647,0.0
2019-03-17,18,0,128,44.84,44.84,0.0,351.048742,0.0
2019-03-17,18,0,131,5.59,5.59,0.0,34.354242,0.0
2019-03-17,18,0,132,8.22,8.22,0.0,50.517329,0.0
2019-03-17,18,0,133,42.03,42.03,0.0,402.618585,0.0
2019-03-17,18,0,134,0.0,0.0,0.0,0.0,0.0
2019-03-17,18,0,135,56.32,56.32,0.0,539.506987,0.0
2019-03-17,18,0,136,9.16,9.16,0.0,87.616022,0.0
2019-03-17,18,0,139,8.74,8.74,0.0,73.474567,0.0
2019-03-17,18,0,140,135.84,135.84,0.0,267.672718,0.0
2019-03-17,18,0,141,43.42,43.42,0.0,213.788284,0.0
2019-03-17,18,0,142,225.03,225.03,0.0,1107.986587,0.0
2019-03-17,18,0,143,73.26,73.26,0.0,572.733981,0.0
2019-03-17,18,0,145,9.93,9.93,0.0,81.207715,0.0
2019-03-17,18,0,146,104.6,104.6,0.0,206.114298,0.0
2019-03-17,18,0,152,4.13,4.13,0.0,38.112403,0.0
2019-03-17,18,0,153,5.23,5.23,0.0,48.180934,0.0
2019-03-17,18,0,154,36.31,36.31,0.0,305.247314,0.0
2019-03-17,18,0,157,45.21,45.21,0.0,222.601758,0.0
2019-03-17,18,0,158,225.29,225.29,0.0,1109.266756,0.0
2019-03-17,18,0,159,0.0,0.0,0.0,0.0,0.0
2019-03-17,18,0,160,1.31,1.31,0.0,12.408561,0.0
2019-03-17,18,0,161,35.51,35.51,0.0,209.086612,0.0
2019-03-17,18,0,162,0.0,0.0,0.0,0.0,0.0
2019-03-17,18,0,163,40.67,40.67,0.0,80.140234,0.0
2019-03-17,18,0,164,13.28,13.28,0.0,103.820738,0.0
2019-03-17,18,0,167,3.58,3.58,0.0,57.613773,0.0
2019-03-17,18,0,168,1.79,1.79,0.0,28.806886,0.0
2019-03-17,18,0,169,0.0,0.0,0.0,0.0,0.0
2019-03-17,18,0,170,3.91,3.91,0.0,62.924539,0.0
2019-03-17,18,0,172,4.7,4.7,0.0,72.605561,0.0
2019-03-17,18,0,173,7.16,7.16,0.0,110.607621,0.0
2019-03-17,18,0,188,6.53,6.53,0.0,102.931393,0.0
2019-03-17,18,0,190,5.81,5.81,0.0,99.192396,0.0
2019-03-17,18,0,191,15.02,15.02,0.0,256.431976,0.0
2019-03-17,18,0,192,37.33,37.33,0.0,637.323946,0.0
2019-03-17,18,0,194,21.6,21.6,0.0,159.960634,0.0
2019-03-17,18,0,196,3.95,3.95,0.0,72.400856,0.0
2019-03-17,18,0,198,5.75,5.75,0.0,57.163494,0.0
2019-03-17,18,0,199,7.95,7.95,0.0,80.601305,0.0
2019-03-17,18,0,200,11.53,11.53,0.0,116.897238,0.0
2019-03-17,18,0,204,91.93,91.93,0.0,803.878902,0.0
2019-03-17,18,0,205,122.14,122.14,0.0,1073.391858,0.0
2019-03-17,18,0,206,144.52,144.52,0.0,1128.156898,0.0
2019-03-17,18,0,210,1.23,1.23,0.0,12.632741,0.0
2019-03-17,18,0,214,7.11,7.11,0.0,71.584324,0.0
2019-03-17,18,0,217,4.66,4.66,0.0,47.343282,0.0
2019-03-17,18,0,218,6.44,6.44,0.0,65.427196,0.0
2019-03-17,18,0,219,4.39,4.39,0.0,44.600216,0.0
2019-03-17,18,0,221,3.79,3.79,0.0,38.15817,0.0
2019-03-17,18,0,225,3.45,3.45,0.0,35.196452,0.0
2019-03-17,18,0,233,3.52,3.52,0.0,34.798855,0.0
2019-03-17,18,0,236,33.91,33.91,0.0,319.058641,0.0
2019-03-17,18,0,237,34.76,34.76,0.0,320.270042,0.0
2019-03-17,18,0,238,30.72,30.72,0.0,292.190397,0.0
2019-03-17,18,0,240,6.53,6.53,0.0,59.495716,0.0
2019-03-17,18,0,245,16.03,16.03,0.0,154.268499,0.0
2019-03-17,18,0,247,16.29,16.29,0.0,156.77067,0.0
2019-03-17,18,0,248,3.49,3.49,0.0,32.155997,0.0
2019-03-17,18,0,249,30.82,30.82,0.0,296.603564,0.0
2019-03-17,18,0,251,31.85,31.85,0.0,304.020781,0.0
2019-03-17,18,0,252,34.14,34.14,0.0,326.574656,0.0
2019-03-17,18,0,254,9.59,9.59,0.0,88.855025,0.0
2019-03-17,18,0,255,4.4,4.4,0.0,40.767686,0.0
2019-03-17,18,0,258,8.12,8.12,0.0,74.093854,0.0
2019-03-17,18,0,260,3.17,3.17,0.0,30.026823,0.0
2019-03-17,18,0,265,37.59,37.59,0.0,316.007892,0.0
2019-03-17,18,0,266,5.66,5.66,0.0,47.581928,0.0
2019-03-17,18,0,267,6.95,6.95,0.0,58.426572,0.0
2019-03-17,18,0,270,127.0,127.0,0.0,250.253498,0.0
2019-03-17,18,0,272,31.6,31.6,0.0,212.47391,0.0
2019-03-17,18,0,273,17.98,17.98,0.0,35.42959,0.0
2019-03-17,18,0,274,163.72,163.72,0.0,322.610258,0.0
2019-03-17,18,0,275,227.91,227.91,0.0,449.096652,0.0
2019-03-17,18,0,276,3.97,3.97,0.0,10.440677,0.0
2019-03-17,18,0,277,4.82,4.82,0.0,32.483795,0.0
2019-03-17,18,0,278,7.71,7.71,0.0,51.960593,0.0
2019-03-17,18,0,279,50.13,50.13,0.0,337.844943,0.0
2019-03-17,18,0,281,17.05,17.05,0.0,133.293944,0.0
2019-03-17,18,0,282,198.85,198.85,0.0,1554.57483,0.0
2019-03-17,19,0,9,0.76,0.76,0.0,7.537458,0.0
2019-03-17,19,0,17,5.2,5.2,0.0,56.942499,0.0
2019-03-17,19,0,19,223.76,223.76,0.0,2450.279546,0.0
2019-03-17,19,0,20,271.98,271.98,0.0,2978.311722,0.0
2019-03-17,19,0,21,17.34,17.34,0.0,171.973061,0.0
2019-03-17,19,0,22,61.62,61.62,0.0,611.129183,0.0
2019-03-17,19,0,23,35.36,35.36,0.0,350.690164,0.0
2019-03-17,19,0,24,62.57,62.57,0.0,620.551006,0.0
2019-03-17,19,0,29,0.67,0.67,0.0,7.280889,0.0
2019-03-17,19,0,30,155.23,155.23,0.0,1538.558405,0.0
2019-03-17,19,0,31,21.1,21.1,0.0,209.132142,0.0
2019-03-17,19,0,32,0.71,0.71,0.0,13.734262,0.0
2019-03-17,19,0,33,0.37,0.37,0.0,4.125057,0.0
2019-03-17,19,0,34,0.59,0.59,0.0,6.577794,0.0
2019-03-17,19,0,35,0.59,0.59,0.0,6.577794,0.0
2019-03-17,19,0,36,1.84,1.84,0.0,19.558994,0.0
2019-03-17,19,0,37,0.84,0.84,0.0,8.923862,0.0
2019-03-17,19,0,38,1.08,1.08,0.0,11.473536,0.0
2019-03-17,19,0,39,0.72,0.72,0.0,7.649024,0.0
2019-03-17,19,0,40,0.72,0.72,0.0,7.649024,0.0
2019-03-17,19,0,41,12.16,12.16,0.0,124.593955,0.0
2019-03-17,19,0,42,9.73,9.73,0.0,106.129891,0.0
2019-03-17,19,0,43,5.4,5.4,0.0,57.579213,0.0
2019-03-17,19,0,46,4.26,4.26,0.0,44.963252,0.0
2019-03-17,19,0,52,22.37,22.37,0.0,221.719716,0.0
2019-03-17,19,0,53,35.54,35.54,0.0,352.253854,0.0
2019-03-17,19,0,55,77.79,77.79,0.0,771.498525,0.0
2019-03-17,19,0,56,45.79,45.79,0.0,453.846482,0.0
2019-03-17,19,0,57,43.55,43.55,0.0,431.644776,0.0
2019-03-17,19,0,58,83.76,83.76,0.0,830.185222,0.0
2019-03-17,19,0,59,82.36,82.36,0.0,816.309156,0.0
2019-03-17,19,0,63,37.82,37.82,0.0,812.359687,0.0
2019-03-17,19,0,64,44.5,44.5,0.0,955.84363,0.0
2019-03-17,19,0,65,5.3,5.3,0.0,57.995223,0.0
2019-03-17,19,0,67,66.52,66.52,0.0,95.179308,0.0
2019-03-17,19,0,68,4.01,4.01,0.0,22.911678,0.0
2019-03-17,19,0,69,0.37,0.37,0.0,4.125057,0.0
2019-03-17,19,0,74,27.2,27.2,0.0,291.548128,0.0
2019-03-17,19,0,77,22.13,22.13,0.0,206.238987,0.0
2019-03-17,19,0,78,16.73,16.73,0.0,155.914064,0.0
2019-03-17,19,0,79,9.68,9.68,0.0,90.212083,0.0
2019-03-17,19,0,80,15.66,15.66,0.0,145.942274,0.0
2019-03-17,19,0,81,20.47,20.47,0.0,190.768733,0.0
2019-03-17,19,0,82,14.44,14.44,0.0,134.57257,0.0
2019-03-17,19,0,83,32.2,32.2,0.0,300.085647,0.0
2019-03-17,19,0,84,0.0,0.0,0.0,0.0,0.0
2019-03-17,19,0,86,1.87,1.87,0.0,20.848261,0.0
2019-03-17,19,0,87,9.56,9.56,0.0,106.582553,0.0
2019-03-17,19,0,88,19.42,19.42,0.0,180.983331,0.0
2019-03-17,19,0,89,18.67,18.67,0.0,173.993759,0.0
2019-03-17,19,0,90,25.06,25.06,0.0,233.544916,0.0
2019-03-17,19,0,91,89.41,89.41,0.0,833.250239,0.0
2019-03-17,19,0,92,32.16,32.16,0.0,299.71287,0.0
2019-03-17,19,0,95,0.0,0.0,0.0,0.0,0.0
2019-03-17,19,0,96,13.1,13.1,0.0,129.755009,0.0
2019-03-17,19,0,97,80.58,80.58,0.0,798.141877,0.0
2019-03-17,19,0,99,5.25,5.25,0.0,56.273076,0.0
2019-03-17,19,0,101,3.13,3.13,0.0,31.02292,0.0
2019-03-17,19,0,102,11.49,11.49,0.0,65.64967,0.0
2019-03-17,19,0,103,9.64,9.64,0.0,55.079445,0.0
2019-03-17,19,0,104,1.37,1.37,0.0,7.82768,0.0
2019-03-17,19,0,106,60.66,60.66,0.0,601.608183,0.0
2019-03-17,19,0,109,35.22,35.22,0.0,368.176777,0.0
2019-03-17,19,0,110,191.13,191.13,0.0,-2233.249237,0.0
2019-03-17,19,0,111,3.6,3.6,0.0,36.886368,0.0
2019-03-17,19,0,113,16.07,16.07,0.0,161.656259,0.0
2019-03-17,19,0,115,16.07,16.07,0.0,161.656259,0.0
2019-03-17,19,0,116,21.23,21.23,0.0,-248.060908,0.0
2019-03-17,19,0,117,1.07,1.07,0.0,10.763671,0.0
2019-03-17,19,0,119,44.5,44.5,0.0,955.84363,0.0
2019-03-17,19,0,120,26.17,26.17,0.0,562.121973,0.0
2019-03-17,19,0,123,1.01,1.01,0.0,10.016885,0.0
2019-03-17,19,0,125,56.62,56.62,0.0,561.540642,0.0
2019-03-17,19,0,126,45.5,45.5,0.0,451.255726,0.0
2019-03-17,19,0,127,58.39,58.39,0.0,579.094985,0.0
2019-03-17,19,0,128,81.09,81.09,0.0,804.226963,0.0
2019-03-17,19,0,131,9.38,9.38,0.0,64.322776,0.0
2019-03-17,19,0,132,13.78,13.78,0.0,94.495506,0.0
2019-03-17,19,0,133,51.54,51.54,0.0,564.426549,0.0
2019-03-17,19,0,134,0.0,0.0,0.0,0.0,0.0
2019-03-17,19,0,135,69.84,69.84,0.0,764.834114,0.0
2019-03-17,19,0,136,9.14,9.14,0.0,100.010396,0.0
2019-03-17,19,0,139,15.7,15.7,0.0,160.865551,0.0
2019-03-17,19,0,140,141.45,141.45,0.0,-1652.765681,0.0
2019-03-17,19,0,141,60.9,60.9,0.0,87.138002,0.0
2019-03-17,19,0,142,87.73,87.73,0.0,125.527371,0.0
2019-03-17,19,0,143,39.43,39.43,0.0,390.809495,0.0
2019-03-17,19,0,145,16.52,16.52,0.0,167.06324,0.0
2019-03-17,19,0,146,87.27,87.27,0.0,-1019.702092,0.0
2019-03-17,19,0,152,1.36,1.36,0.0,14.583646,0.0
2019-03-17,19,0,153,1.66,1.66,0.0,17.783572,0.0
2019-03-17,19,0,154,14.84,14.84,0.0,152.053807,0.0
2019-03-17,19,0,157,34.05,34.05,0.0,48.720016,0.0
2019-03-17,19,0,158,76.12,76.12,0.0,108.915348,0.0
2019-03-17,19,0,159,0.0,0.0,0.0,0.0,0.0
2019-03-17,19,0,160,0.41,0.41,0.0,4.424492,0.0
2019-03-17,19,0,161,12.39,12.39,0.0,70.791942,0.0
2019-03-17,19,0,162,5.51,5.51,0.0,107.264594,0.0
2019-03-17,19,0,163,65.99,65.99,0.0,-771.056962,0.0
2019-03-17,19,0,164,5.32,5.32,0.0,52.729052,0.0
2019-03-17,19,0,167,0.74,0.74,0.0,14.344382,0.0
2019-03-17,19,0,168,0.37,0.37,0.0,7.172191,0.0
2019-03-17,19,0,169,0.0,0.0,0.0,0.0,0.0
2019-03-17,19,0,170,0.81,0.81,0.0,15.701283,0.0
2019-03-17,19,0,172,1.0,1.0,0.0,19.063278,0.0
2019-03-17,19,0,173,1.53,1.53,0.0,29.166816,0.0
2019-03-17,19,0,188,1.54,1.54,0.0,29.270893,0.0
2019-03-17,19,0,190,1.48,1.48,0.0,31.789856,0.0
2019-03-17,19,0,191,3.81,3.81,0.0,81.837398,0.0
2019-03-17,19,0,192,52.68,52.68,0.0,1131.54702,0.0
2019-03-17,19,0,194,67.19,67.19,0.0,936.490148,0.0
2019-03-17,19,0,196,1.12,1.12,0.0,29.059038,0.0
2019-03-17,19,0,198,1.65,1.65,0.0,18.124935,0.0
2019-03-17,19,0,199,8.54,8.54,0.0,104.170868,0.0
2019-03-17,19,0,200,2.84,2.84,0.0,34.642303,0.0
2019-03-17,19,0,204,138.22,138.22,0.0,1441.261061,0.0
2019-03-17,19,0,205,186.32,186.32,0.0,1947.719965,0.0
2019-03-17,19,0,206,236.77,236.77,0.0,2345.197968,0.0
2019-03-17,19,0,210,0.25,0.25,0.0,2.729791,0.0
2019-03-17,19,0,214,1.81,1.81,0.0,20.391806,0.0
2019-03-17,19,0,217,1.06,1.06,0.0,11.783157,0.0
2019-03-17,19,0,218,1.46,1.46,0.0,16.229632,0.0
2019-03-17,19,0,219,1.0,1.0,0.0,11.116186,0.0
2019-03-17,19,0,221,0.96,0.96,0.0,10.815543,0.0
2019-03-17,19,0,225,0.69,0.69,0.0,7.494753,0.0
2019-03-17,19,0,233,1.06,1.06,0.0,11.817731,0.0
2019-03-17,19,0,236,52.67,52.67,0.0,570.999093,0.0
2019-03-17,19,0,237,65.26,65.26,0.0,699.501133,0.0
2019-03-17,19,0,238,12.66,12.66,0.0,138.088841,0.0
2019-03-17,19,0,240,2.08,2.08,0.0,22.110167,0.0
2019-03-17,19,0,245,21.59,21.59,0.0,237.054889,0.0
2019-03-17,19,0,247,23.09,23.09,0.0,253.524659,0.0
2019-03-17,19,0,248,6.55,6.55,0.0,70.207362,0.0
2019-03-17,19,0,249,41.53,41.53,0.0,455.993031,0.0
2019-03-17,19,0,251,31.17,31.17,0.0,340.668885,0.0
2019-03-17,19,0,252,34.2,34.2,0.0,374.233324,0.0
2019-03-17,19,0,254,2.65,2.65,0.0,28.342,0.0
2019-03-17,19,0,255,1.21,1.21,0.0,12.941064,0.0
2019-03-17,19,0,258,2.59,2.59,0.0,27.545184,0.0
2019-03-17,19,0,260,0.99,0.99,0.0,10.68353,0.0
2019-03-17,19,0,265,15.36,15.36,0.0,157.381838,0.0
2019-03-17,19,0,266,10.17,10.17,0.0,104.20399,0.0
2019-03-17,19,0,267,12.49,12.49,0.0,127.975206,0.0
2019-03-17,19,0,270,206.07,206.07,0.0,-2407.814944,0.0
2019-03-17,19,0,272,53.72,53.72,0.0,540.396656,0.0
2019-03-17,19,0,273,5.08,5.08,0.0,-59.357014,0.0
2019-03-17,19,0,274,265.65,265.65,0.0,-3103.974572,0.0
2019-03-17,19,0,275,369.79,369.79,0.0,-4320.793363,0.0
2019-03-17,19,0,276,1.19,1.19,0.0,-10.41974,0.0
2019-03-17,19,0,277,1.68,1.68,0.0,16.4015,0.0
2019-03-17,19,0,278,2.69,2.69,0.0,26.261925,0.0
2019-03-17,19,0,279,83.77,83.77,0.0,817.829549,0.0
2019-03-17,19,0,281,9.47,9.47,0.0,93.861677,0.0
2019-03-17,19,0,282,85.15,85.15,0.0,843.962173,0.0
2019-03-17,20,0,9,0.0,0.0,0.0,0.0,0.0
2019-03-17,20,0,17,0.0,0.0,0.0,0.0,0.0
2019-03-17,20,0,19,222.85,222.85,0.0,2529.561086,0.0
2019-03-17,20,0,20,270.27,270.27,0.0,3067.823535,0.0
2019-03-17,20,0,21,0.0,0.0,0.0,0.0,0.0
2019-03-17,20,0,22,0.0,0.0,0.0,0.0,0.0
2019-03-17,20,0,23,31.99,31.99,0.0,380.116691,0.0
2019-03-17,20,0,24,56.6,56.6,0.0,672.541566,0.0
2019-03-17,20,0,29,0.0,0.0,0.0,0.0,0.0
2019-03-17,20,0,30,0.0,0.0,0.0,0.0,0.0
2019-03-17,20,0,31,16.4,16.4,0.0,194.938573,0.0
2019-03-17,20,0,32,0.0,0.0,0.0,0.0,0.0
2019-03-17,20,0,33,0.0,0.0,0.0,0.0,0.0
2019-03-17,20,0,34,0.0,0.0,0.0,0.0,0.0
2019-03-17,20,0,35,0.0,0.0,0.0,0.0,0.0
2019-03-17,20,0,36,0.0,0.0,0.0,0.0,0.0
2019-03-17,20,0,37,0.0,0.0,0.0,0.0,0.0
2019-03-17,20,0,38,0.0,0.0,0.0,0.0,0.0
2019-03-17,20,0,39,0.0,0.0,0.0,0.0,0.0
2019-03-17,20,0,40,0.0,0.0,0.0,0.0,0.0
2019-03-17,20,0,41,17.38,17.38,0.0,202.93255,0.0
2019-03-17,20,0,42,0.0,0.0,0.0,0.0,0.0
2019-03-17,20,0,43,0.0,0.0,0.0,0.0,0.0
2019-03-17,20,0,46,0.0,0.0,0.0,0.0,0.0
2019-03-17,20,0,52,17.39,17.39,0.0,206.706207,0.0
2019-03-17,20,0,53,27.62,27.62,0.0,328.305085,0.0
2019-03-17,20,0,55,62.82,62.82,0.0,746.449845,0.0
2019-03-17,20,0,56,0.0,0.0,0.0,0.0,0.0
2019-03-17,20,0,57,0.0,0.0,0.0,0.0,0.0
2019-03-17,20,0,58,0.0,0.0,0.0,0.0,0.0
2019-03-17,20,0,59,0.0,0.0,0.0,0.0,0.0
2019-03-17,20,0,63,43.34,43.34,0.0,817.595652,0.0
2019-03-17,20,0,64,50.99,50.99,0.0,961.910529,0.0
2019-03-17,20,0,65,4.62,4.62,0.0,52.451367,0.0
2019-03-17,20,0,67,0.0,0.0,0.0,0.0,0.0
2019-03-17,20,0,68,3.0,3.0,0.0,31.799733,0.0
2019-03-17,20,0,69,0.0,0.0,0.0,0.0,0.0
2019-03-17,20,0,74,21.49,21.49,0.0,245.442969,0.0
2019-03-17,20,0,77,27.49,27.49,0.0,337.639219,0.0
2019-03-17,20,0,78,20.87,20.87,0.0,256.330684,0.0
2019-03-17,20,0,79,12.14,12.14,0.0,149.106589,0.0
2019-03-17,20,0,80,19.54,19.54,0.0,239.995283,0.0
2019-03-17,20,0,81,25.46,25.46,0.0,312.706239,0.0
2019-03-17,20,0,82,18.04,18.04,0.0,221.571899,0.0
2019-03-17,20,0,83,39.68,39.68,0.0,487.35992,0.0
2019-03-17,20,0,84,0.0,0.0,0.0,0.0,0.0
2019-03-17,20,0,86,0.0,0.0,0.0,0.0,0.0
2019-03-17,20,0,87,0.0,0.0,0.0,0.0,0.0
2019-03-17,20,0,88,32.96,32.96,0.0,404.82316,0.0
2019-03-17,20,0,89,31.69,31.69,0.0,389.224694,0.0
2019-03-17,20,0,90,42.52,42.52,0.0,522.241528,0.0
2019-03-17,20,0,91,151.38,151.38,0.0,1859.287922,0.0
2019-03-17,20,0,92,54.52,54.52,0.0,669.6286,0.0
2019-03-17,20,0,95,0.0,0.0,0.0,0.0,0.0
2019-03-17,20,0,96,10.84,10.84,0.0,128.896527,0.0
2019-03-17,20,0,97,78.28,78.28,0.0,930.813666,0.0
2019-03-17,20,0,99,4.15,4.15,0.0,47.398247,0.0
2019-03-17,20,0,101,0.0,0.0,0.0,0.0,0.0
2019-03-17,20,0,102,7.1,7.1,0.0,75.259367,0.0
2019-03-17,20,0,103,6.17,6.17,0.0,65.40145,0.0
2019-03-17,20,0,104,1.15,1.15,0.0,12.189897,0.0
2019-03-17,20,0,106,0.0,0.0,0.0,0.0,0.0
2019-03-17,20,0,109,26.16,26.16,0.0,301.286274,0.0
2019-03-17,20,0,110,176.26,176.26,0.0,398.374514,0.0
2019-03-17,20,0,111,0.0,0.0,0.0,0.0,0.0
2019-03-17,20,0,113,15.1,15.1,0.0,193.104508,0.0
2019-03-17,20,0,115,15.1,15.1,0.0,193.104508,0.0
2019-03-17,20,0,116,0.0,0.0,0.0,0.0,0.0
2019-03-17,20,0,117,1.01,1.01,0.0,12.916262,0.0
2019-03-17,20,0,119,50.99,50.99,0.0,961.910529,0.0
2019-03-17,20,0,120,29.98,29.98,0.0,565.563398,0.0
2019-03-17,20,0,123,0.0,0.0,0.0,0.0,0.0
2019-03-17,20,0,125,51.22,51.22,0.0,608.614471,0.0
2019-03-17,20,0,126,0.0,0.0,0.0,0.0,0.0
2019-03-17,20,0,127,0.0,0.0,0.0,0.0,0.0
2019-03-17,20,0,128,73.37,73.37,0.0,871.808741,0.0
2019-03-17,20,0,131,8.36,8.36,0.0,93.198885,0.0
2019-03-17,20,0,132,12.29,12.29,0.0,137.01128,0.0
2019-03-17,20,0,133,35.52,35.52,0.0,403.178844,0.0
2019-03-17,20,0,134,0.0,0.0,0.0,0.0,0.0
2019-03-17,20,0,135,47.34,47.34,0.0,537.344777,0.0
2019-03-17,20,0,136,8.31,8.31,0.0,94.345324,0.0
2019-03-17,20,0,139,23.26,23.26,0.0,271.588671,0.0
2019-03-17,20,0,140,130.45,130.45,0.0,294.836919,0.0
2019-03-17,20,0,141,53.96,53.96,0.0,461.193709,0.0
2019-03-17,20,0,142,0.0,0.0,0.0,0.0,0.0
2019-03-17,20,0,143,30.08,30.08,0.0,357.545871,0.0
2019-03-17,20,0,145,12.62,12.62,0.0,148.279249,0.0
2019-03-17,20,0,146,88.39,88.39,0.0,199.774897,0.0
2019-03-17,20,0,152,0.0,0.0,0.0,0.0,0.0
2019-03-17,20,0,153,0.0,0.0,0.0,0.0,0.0
2019-03-17,20,0,154,0.0,0.0,0.0,0.0,0.0
2019-03-17,20,0,157,38.8,38.8,0.0,331.621867,0.0
2019-03-17,20,0,158,0.0,0.0,0.0,0.0,0.0
2019-03-17,20,0,159,0.0,0.0,0.0,0.0,0.0
2019-03-17,20,0,160,0.0,0.0,0.0,0.0,0.0
2019-03-17,20,0,161,0.0,0.0,0.0,0.0,0.0
2019-03-17,20,0,162,3.5,3.5,0.0,63.024322,0.0
2019-03-17,20,0,163,63.72,63.72,0.0,144.01693,0.0
2019-03-17,20,0,164,0.0,0.0,0.0,0.0,0.0
2019-03-17,20,0,167,0.0,0.0,0.0,0.0,0.0
2019-03-17,20,0,168,0.0,0.0,0.0,0.0,0.0
2019-03-17,20,0,169,0.0,0.0,0.0,0.0,0.0
2019-03-17,20,0,170,0.0,0.0,0.0,0.0,0.0
2019-03-17,20,0,172,0.0,0.0,0.0,0.0,0.0
2019-03-17,20,0,173,0.0,0.0,0.0,0.0,0.0
2019-03-17,20,0,188,0.0,0.0,0.0,0.0,0.0
2019-03-17,20,0,190,0.0,0.0,0.0,0.0,0.0
2019-03-17,20,0,191,0.0,0.0,0.0,0.0,0.0
2019-03-17,20,0,192,64.34,64.34,0.0,1213.754137,0.0
2019-03-17,20,0,194,61.14,61.14,0.0,904.182886,0.0
2019-03-17,20,0,196,0.0,0.0,0.0,0.0,0.0
2019-03-17,20,0,198,0.0,0.0,0.0,0.0,0.0
2019-03-17,20,0,199,4.76,4.76,0.0,55.822513,0.0
2019-03-17,20,0,200,0.0,0.0,0.0,0.0,0.0
2019-03-17,20,0,204,180.85,180.85,0.0,2085.041995,0.0
2019-03-17,20,0,205,138.41,138.41,0.0,1594.076191,0.0
2019-03-17,20,0,206,296.51,296.51,0.0,3525.748086,0.0
2019-03-17,20,0,210,0.0,0.0,0.0,0.0,0.0
2019-03-17,20,0,214,0.0,0.0,0.0,0.0,0.0
2019-03-17,20,0,217,0.0,0.0,0.0,0.0,0.0
2019-03-17,20,0,218,0.0,0.0,0.0,0.0,0.0
2019-03-17,20,0,219,0.0,0.0,0.0,0.0,0.0
2019-03-17,20,0,221,0.0,0.0,0.0,0.0,0.0
2019-03-17,20,0,225,0.0,0.0,0.0,0.0,0.0
2019-03-17,20,0,233,0.0,0.0,0.0,0.0,0.0
2019-03-17,20,0,236,37.77,37.77,0.0,429.79323,0.0
2019-03-17,20,0,237,51.55,51.55,0.0,588.766174,0.0
2019-03-17,20,0,238,0.0,0.0,0.0,0.0,0.0
2019-03-17,20,0,240,0.0,0.0,0.0,0.0,0.0
2019-03-17,20,0,245,44.02,44.02,0.0,499.320943,0.0
2019-03-17,20,0,247,22.23,22.23,0.0,252.155942,0.0
2019-03-17,20,0,248,5.17,5.17,0.0,59.047936,0.0
2019-03-17,20,0,249,84.61,84.61,0.0,959.735234,0.0
2019-03-17,20,0,251,27.07,27.07,0.0,307.424297,0.0
2019-03-17,20,0,252,29.8,29.8,0.0,338.322671,0.0
2019-03-17,20,0,254,0.0,0.0,0.0,0.0,0.0
2019-03-17,20,0,255,0.0,0.0,0.0,0.0,0.0
2019-03-17,20,0,258,0.0,0.0,0.0,0.0,0.0
2019-03-17,20,0,260,0.0,0.0,0.0,0.0,0.0
2019-03-17,20,0,265,0.0,0.0,0.0,0.0,0.0
2019-03-17,20,0,266,14.17,14.17,0.0,165.451912,0.0
2019-03-17,20,0,267,17.93,17.93,0.0,209.354466,0.0
2019-03-17,20,0,270,198.98,198.98,0.0,449.725183,0.0
2019-03-17,20,0,272,50.46,50.46,0.0,645.301554,0.0
2019-03-17,20,0,273,0.0,0.0,0.0,0.0,0.0
2019-03-17,20,0,274,256.51,256.51,0.0,579.751768,0.0
2019-03-17,20,0,275,357.07,357.07,0.0,807.032723,0.0
2019-03-17,20,0,276,0.0,0.0,0.0,0.0,0.0
2019-03-17,20,0,277,0.0,0.0,0.0,0.0,0.0
2019-03-17,20,0,278,0.0,0.0,0.0,0.0,0.0
2019-03-17,20,0,279,205.83,205.83,0.0,2590.466373,0.0
2019-03-17,20,0,281,7.36,7.36,0.0,87.484628,0.0
2019-03-17,20,0,282,0.0,0.0,0.0,0.0,0.0
2019-03-17,21,0,9,0.0,0.0,0.0,0.0,0.0
2019-03-17,21,0,17,0.0,0.0,0.0,0.0,0.0
2019-03-17,21,0,19,212.11,212.11,0.0,2160.406085,0.0
2019-03-17,21,0,20,257.24,257.24,0.0,2620.069122,0.0
2019-03-17,21,0,21,0.0,0.0,0.0,0.0,0.0
2019-03-17,21,0,22,0.0,0.0,0.0,0.0,0.0
2019-03-17,21,0,23,29.1,29.1,0.0,267.842507,0.0
2019-03-17,21,0,24,51.48,51.48,0.0,473.832724,0.0
2019-03-17,21,0,29,0.0,0.0,0.0,0.0,0.0
2019-03-17,21,0,30,0.0,0.0,0.0,0.0,0.0
2019-03-17,21,0,31,12.71,12.71,0.0,116.915983,0.0
2019-03-17,21,0,32,0.0,0.0,0.0,0.0,0.0
2019-03-17,21,0,33,0.0,0.0,0.0,0.0,0.0
2019-03-17,21,0,34,0.0,0.0,0.0,0.0,0.0
2019-03-17,21,0,35,0.0,0.0,0.0,0.0,0.0
2019-03-17,21,0,36,0.0,0.0,0.0,0.0,0.0
2019-03-17,21,0,37,0.0,0.0,0.0,0.0,0.0
2019-03-17,21,0,38,0.0,0.0,0.0,0.0,0.0
2019-03-17,21,0,39,0.0,0.0,0.0,0.0,0.0
2019-03-17,21,0,40,0.0,0.0,0.0,0.0,0.0
2019-03-17,21,0,41,26.79,26.79,0.0,254.460333,0.0
2019-03-17,21,0,42,0.0,0.0,0.0,0.0,0.0
2019-03-17,21,0,43,0.0,0.0,0.0,0.0,0.0
2019-03-17,21,0,46,0.0,0.0,0.0,0.0,0.0
2019-03-17,21,0,52,13.47,13.47,0.0,123.907025,0.0
2019-03-17,21,0,53,21.4,21.4,0.0,196.853032,0.0
2019-03-17,21,0,55,51.46,51.46,0.0,473.64864,0.0
2019-03-17,21,0,56,0.0,0.0,0.0,0.0,0.0
2019-03-17,21,0,57,0.0,0.0,0.0,0.0,0.0
2019-03-17,21,0,58,0.0,0.0,0.0,0.0,0.0
2019-03-17,21,0,59,0.0,0.0,0.0,0.0,0.0
2019-03-17,21,0,63,49.84,49.84,0.0,601.083709,0.0
2019-03-17,21,0,64,58.64,58.64,0.0,707.214059,0.0
2019-03-17,21,0,65,4.02,4.02,0.0,40.910644,0.0
2019-03-17,21,0,67,0.0,0.0,0.0,0.0,0.0
2019-03-17,21,0,68,2.74,2.74,0.0,20.713656,0.0
2019-03-17,21,0,69,0.0,0.0,0.0,0.0,0.0
2019-03-17,21,0,74,16.87,16.87,0.0,167.712017,0.0
2019-03-17,21,0,77,49.21,49.21,0.0,427.161135,0.0
2019-03-17,21,0,78,37.28,37.28,0.0,323.60429,0.0
2019-03-17,21,0,79,21.62,21.62,0.0,187.669655,0.0
2019-03-17,21,0,80,34.9,34.9,0.0,302.945003,0.0
2019-03-17,21,0,81,45.55,45.55,0.0,395.390971,0.0
2019-03-17,21,0,82,32.2,32.2,0.0,279.507997,0.0
2019-03-17,21,0,83,71.34,71.34,0.0,619.257781,0.0
2019-03-17,21,0,84,0.0,0.0,0.0,0.0,0.0
2019-03-17,21,0,86,0.0,0.0,0.0,0.0,0.0
2019-03-17,21,0,87,0.0,0.0,0.0,0.0,0.0
2019-03-17,21,0,88,53.28,53.28,0.0,462.490252,0.0
2019-03-17,21,0,89,51.22,51.22,0.0,444.608684,0.0
2019-03-17,21,0,90,68.77,68.77,0.0,596.949223,0.0
2019-03-17,21,0,91,245.33,245.33,0.0,2129.555808,0.0
2019-03-17,21,0,92,88.23,88.23,0.0,765.869274,0.0
2019-03-17,21,0,95,0.0,0.0,0.0,0.0,0.0
2019-03-17,21,0,96,7.76,7.76,0.0,71.337859,0.0
2019-03-17,21,0,97,47.7,47.7,0.0,438.5072,0.0
2019-03-17,21,0,99,3.26,3.26,0.0,32.40908,0.0
2019-03-17,21,0,101,0.0,0.0,0.0,0.0,0.0
2019-03-17,21,0,102,6.49,6.49,0.0,49.062639,0.0
2019-03-17,21,0,103,5.64,5.64,0.0,42.63687,0.0
2019-03-17,21,0,104,1.05,1.05,0.0,7.937715,0.0
2019-03-17,21,0,106,0.0,0.0,0.0,0.0,0.0
2019-03-17,21,0,109,26.36,26.36,0.0,254.901782,0.0
2019-03-17,21,0,110,164.16,164.16,0.0,371.53103,0.0
2019-03-17,21,0,111,0.0,0.0,0.0,0.0,0.0
2019-03-17,21,0,113,26.38,26.38,0.0,232.944991,0.0
2019-03-17,21,0,115,26.38,26.38,0.0,232.944991,0.0
2019-03-17,21,0,116,0.0,0.0,0.0,0.0,0.0
2019-03-17,21,0,117,1.77,1.77,0.0,15.629744,0.0
2019-03-17,21,0,119,58.64,58.64,0.0,707.214059,0.0
2019-03-17,21,0,120,34.48,34.48,0.0,415.838007,0.0
2019-03-17,21,0,123,0.0,0.0,0.0,0.0,0.0
2019-03-17,21,0,125,46.59,46.59,0.0,428.824138,0.0
2019-03-17,21,0,126,0.0,0.0,0.0,0.0,0.0
2019-03-17,21,0,127,0.0,0.0,0.0,0.0,0.0
2019-03-17,21,0,128,66.73,66.73,0.0,614.196925,0.0
2019-03-17,21,0,131,7.47,7.47,0.0,59.072289,0.0
2019-03-17,21,0,132,10.99,10.99,0.0,86.908227,0.0
2019-03-17,21,0,133,28.02,28.02,0.0,285.414909,0.0
2019-03-17,21,0,134,0.0,0.0,0.0,0.0,0.0
2019-03-17,21,0,135,36.43,36.43,0.0,371.080126,0.0
2019-03-17,21,0,136,7.51,7.51,0.0,76.424079,0.0
2019-03-17,21,0,139,35.29,35.29,0.0,335.196161,0.0
2019-03-17,21,0,140,121.49,121.49,0.0,274.959216,0.0
2019-03-17,21,0,141,49.49,49.49,0.0,309.605258,0.0
2019-03-17,21,0,142,0.0,0.0,0.0,0.0,0.0
2019-03-17,21,0,143,22.65,22.65,0.0,208.351457,0.0
2019-03-17,21,0,145,9.4,9.4,0.0,88.114139,0.0
2019-03-17,21,0,146,93.99,93.99,0.0,212.720526,0.0
2019-03-17,21,0,152,0.0,0.0,0.0,0.0,0.0
2019-03-17,21,0,153,0.0,0.0,0.0,0.0,0.0
2019-03-17,21,0,154,0.0,0.0,0.0,0.0,0.0
2019-03-17,21,0,157,46.71,46.71,0.0,292.213813,0.0
2019-03-17,21,0,158,0.0,0.0,0.0,0.0,0.0
2019-03-17,21,0,159,0.0,0.0,0.0,0.0,0.0
2019-03-17,21,0,160,0.0,0.0,0.0,0.0,0.0
2019-03-17,21,0,161,0.0,0.0,0.0,0.0,0.0
2019-03-17,21,0,162,0.0,0.0,0.0,0.0,0.0
2019-03-17,21,0,163,61.54,61.54,0.0,139.278872,0.0
2019-03-17,21,0,164,0.0,0.0,0.0,0.0,0.0
2019-03-17,21,0,167,0.0,0.0,0.0,0.0,0.0
2019-03-17,21,0,168,0.0,0.0,0.0,0.0,0.0
2019-03-17,21,0,169,0.0,0.0,0.0,0.0,0.0
2019-03-17,21,0,170,0.0,0.0,0.0,0.0,0.0
2019-03-17,21,0,172,0.0,0.0,0.0,0.0,0.0
2019-03-17,21,0,173,0.0,0.0,0.0,0.0,0.0
2019-03-17,21,0,188,0.0,0.0,0.0,0.0,0.0
2019-03-17,21,0,190,0.0,0.0,0.0,0.0,0.0
2019-03-17,21,0,191,0.0,0.0,0.0,0.0,0.0
2019-03-17,21,0,192,77.44,77.44,0.0,933.947079,0.0
2019-03-17,21,0,194,56.12,56.12,0.0,557.878288,0.0
2019-03-17,21,0,196,0.0,0.0,0.0,0.0,0.0
2019-03-17,21,0,198,0.0,0.0,0.0,0.0,0.0
2019-03-17,21,0,199,3.02,3.02,0.0,30.406637,0.0
2019-03-17,21,0,200,0.0,0.0,0.0,0.0,0.0
2019-03-17,21,0,204,229.36,229.36,0.0,2212.014715,0.0
2019-03-17,21,0,205,122.34,122.34,0.0,1183.030502,0.0
2019-03-17,21,0,206,140.16,140.16,0.0,1288.494112,0.0
2019-03-17,21,0,210,0.0,0.0,0.0,0.0,0.0
2019-03-17,21,0,214,0.0,0.0,0.0,0.0,0.0
2019-03-17,21,0,217,0.0,0.0,0.0,0.0,0.0
2019-03-17,21,0,218,0.0,0.0,0.0,0.0,0.0
2019-03-17,21,0,219,0.0,0.0,0.0,0.0,0.0
2019-03-17,21,0,221,0.0,0.0,0.0,0.0,0.0
2019-03-17,21,0,225,0.0,0.0,0.0,0.0,0.0
2019-03-17,21,0,233,0.0,0.0,0.0,0.0,0.0
2019-03-17,21,0,236,25.92,25.92,0.0,260.957877,0.0
2019-03-17,21,0,237,40.47,40.47,0.0,402.329894,0.0
2019-03-17,21,0,238,0.0,0.0,0.0,0.0,0.0
2019-03-17,21,0,240,0.0,0.0,0.0,0.0,0.0
2019-03-17,21,0,245,85.49,85.49,0.0,873.424578,0.0
2019-03-17,21,0,247,21.23,21.23,0.0,216.900267,0.0
2019-03-17,21,0,248,4.06,4.06,0.0,40.362228,0.0
2019-03-17,21,0,249,164.41,164.41,0.0,1679.725522,0.0
2019-03-17,21,0,251,24.1,24.1,0.0,244.922709,0.0
2019-03-17,21,0,252,25.94,25.94,0.0,263.985601,0.0
2019-03-17,21,0,254,0.0,0.0,0.0,0.0,0.0
2019-03-17,21,0,255,0.0,0.0,0.0,0.0,0.0
2019-03-17,21,0,258,0.0,0.0,0.0,0.0,0.0
2019-03-17,21,0,260,0.0,0.0,0.0,0.0,0.0
2019-03-17,21,0,265,0.0,0.0,0.0,0.0,0.0
2019-03-17,21,0,266,22.1,22.1,0.0,209.913153,0.0
2019-03-17,21,0,267,27.59,27.59,0.0,262.058999,0.0
2019-03-17,21,0,270,192.18,192.18,0.0,434.946597,0.0
2019-03-17,21,0,272,88.11,88.11,0.0,778.043335,0.0
2019-03-17,21,0,273,0.0,0.0,0.0,0.0,0.0
2019-03-17,21,0,274,247.74,247.74,0.0,560.691383,0.0
2019-03-17,21,0,275,344.86,344.86,0.0,780.495803,0.0
2019-03-17,21,0,276,0.0,0.0,0.0,0.0,0.0
2019-03-17,21,0,277,0.0,0.0,0.0,0.0,0.0
2019-03-17,21,0,278,0.0,0.0,0.0,0.0,0.0
2019-03-17,21,0,279,205.41,205.41,0.0,1801.492897,0.0
2019-03-17,21,0,281,5.7,5.7,0.0,52.432817,0.0
2019-03-17,21,0,282,0.0,0.0,0.0,0.0,0.0
2019-03-17,22,0,9,0.0,0.0,0.0,0.0,0.0
2019-03-17,22,0,17,0.0,0.0,0.0,0.0,0.0
2019-03-17,22,0,19,202.08,202.08,0.0,1948.256782,0.0
2019-03-17,22,0,20,245.08,245.08,0.0,2362.820527,0.0
2019-03-17,22,0,21,0.0,0.0,0.0,0.0,0.0
2019-03-17,22,0,22,0.0,0.0,0.0,0.0,0.0
2019-03-17,22,0,23,26.62,26.62,0.0,228.239682,0.0
2019-03-17,22,0,24,47.1,47.1,0.0,403.83505,0.0
2019-03-17,22,0,29,0.0,0.0,0.0,0.0,0.0
2019-03-17,22,0,30,0.0,0.0,0.0,0.0,0.0
2019-03-17,22,0,31,9.7,9.7,0.0,83.112794,0.0
2019-03-17,22,0,32,0.0,0.0,0.0,0.0,0.0
2019-03-17,22,0,33,0.0,0.0,0.0,0.0,0.0
2019-03-17,22,0,34,0.0,0.0,0.0,0.0,0.0
2019-03-17,22,0,35,0.0,0.0,0.0,0.0,0.0
2019-03-17,22,0,36,0.0,0.0,0.0,0.0,0.0
2019-03-17,22,0,37,0.0,0.0,0.0,0.0,0.0
2019-03-17,22,0,38,0.0,0.0,0.0,0.0,0.0
2019-03-17,22,0,39,0.0,0.0,0.0,0.0,0.0
2019-03-17,22,0,40,0.0,0.0,0.0,0.0,0.0
2019-03-17,22,0,41,23.72,23.72,0.0,210.692596,0.0
2019-03-17,22,0,42,0.0,0.0,0.0,0.0,0.0
2019-03-17,22,0,43,0.0,0.0,0.0,0.0,0.0
2019-03-17,22,0,46,0.0,0.0,0.0,0.0,0.0
2019-03-17,22,0,52,10.28,10.28,0.0,88.082425,0.0
2019-03-17,22,0,53,16.34,16.34,0.0,140.0065,0.0
2019-03-17,22,0,55,80.97,80.97,0.0,694.236178,0.0
2019-03-17,22,0,56,0.0,0.0,0.0,0.0,0.0
2019-03-17,22,0,57,0.0,0.0,0.0,0.0,0.0
2019-03-17,22,0,58,0.0,0.0,0.0,0.0,0.0
2019-03-17,22,0,59,0.0,0.0,0.0,0.0,0.0
2019-03-17,22,0,63,57.37,57.37,0.0,631.686972,0.0
2019-03-17,22,0,64,67.49,67.49,0.0,743.115805,0.0
2019-03-17,22,0,65,3.51,3.51,0.0,33.80529,0.0
2019-03-17,22,0,67,0.0,0.0,0.0,0.0,0.0
2019-03-17,22,0,68,2.51,2.51,0.0,17.633889,0.0
2019-03-17,22,0,69,0.0,0.0,0.0,0.0,0.0
2019-03-17,22,0,74,13.08,13.08,0.0,122.438786,0.0
2019-03-17,22,0,77,49.67,49.67,0.0,398.975217,0.0
2019-03-17,22,0,78,37.55,37.55,0.0,301.621087,0.0
2019-03-17,22,0,79,21.73,21.73,0.0,174.546637,0.0
2019-03-17,22,0,80,35.14,35.14,0.0,282.262717,0.0
2019-03-17,22,0,81,45.95,45.95,0.0,369.094247,0.0
2019-03-17,22,0,82,32.41,32.41,0.0,260.33394,0.0
2019-03-17,22,0,83,72.28,72.28,0.0,580.590471,0.0
2019-03-17,22,0,84,0.0,0.0,0.0,0.0,0.0
2019-03-17,22,0,86,0.0,0.0,0.0,0.0,0.0
2019-03-17,22,0,87,0.0,0.0,0.0,0.0,0.0
2019-03-17,22,0,88,48.24,48.24,0.0,387.488715,0.0
2019-03-17,22,0,89,46.37,46.37,0.0,372.467905,0.0
2019-03-17,22,0,90,62.26,62.26,0.0,500.104631,0.0
2019-03-17,22,0,91,222.1,222.1,0.0,1784.022463,0.0
2019-03-17,22,0,92,79.88,79.88,0.0,641.637615,0.0
2019-03-17,22,0,95,0.0,0.0,0.0,0.0,0.0
2019-03-17,22,0,96,5.77,5.77,0.0,49.405109,0.0
2019-03-17,22,0,97,35.49,35.49,0.0,303.879951,0.0
2019-03-17,22,0,99,2.52,2.52,0.0,23.589124,0.0
2019-03-17,22,0,101,0.0,0.0,0.0,0.0,0.0
2019-03-17,22,0,102,5.94,5.94,0.0,41.731196,0.0
2019-03-17,22,0,103,5.17,5.17,0.0,36.321596,0.0
2019-03-17,22,0,104,0.96,0.96,0.0,6.744436,0.0
2019-03-17,22,0,106,0.0,0.0,0.0,0.0,0.0
2019-03-17,22,0,109,37.71,37.71,0.0,341.393503,0.0
2019-03-17,22,0,110,154.76,154.76,0.0,354.23208,0.0
2019-03-17,22,0,111,0.0,0.0,0.0,0.0,0.0
2019-03-17,22,0,113,44.19,44.19,0.0,360.173389,0.0
2019-03-17,22,0,115,44.19,44.19,0.0,360.173389,0.0
2019-03-17,22,0,116,0.0,0.0,0.0,0.0,0.0
2019-03-17,22,0,117,2.95,2.95,0.0,24.044162,0.0
2019-03-17,22,0,119,67.49,67.49,0.0,743.115805,0.0
2019-03-17,22,0,120,39.69,39.69,0.0,437.016836,0.0
2019-03-17,22,0,123,0.0,0.0,0.0,0.0,0.0
2019-03-17,22,0,125,42.62,42.62,0.0,365.423563,0.0
2019-03-17,22,0,126,0.0,0.0,0.0,0.0,0.0
2019-03-17,22,0,127,0.0,0.0,0.0,0.0,0.0
2019-03-17,22,0,128,61.05,61.05,0.0,523.442246,0.0
2019-03-17,22,0,131,6.59,6.59,0.0,48.349832,0.0
2019-03-17,22,0,132,9.68,9.68,0.0,71.020694,0.0
2019-03-17,22,0,133,37.98,37.98,0.0,366.201194,0.0
2019-03-17,22,0,134,0.0,0.0,0.0,0.0,0.0
2019-03-17,22,0,135,50.89,50.89,0.0,490.678745,0.0
2019-03-17,22,0,136,6.82,6.82,0.0,65.680654,0.0
2019-03-17,22,0,139,30.63,30.63,0.0,272.070582,0.0
2019-03-17,22,0,140,114.54,114.54,0.0,262.172024,0.0
2019-03-17,22,0,141,46.31,46.31,0.0,271.352691,0.0
2019-03-17,22,0,142,0.0,0.0,0.0,0.0,0.0
2019-03-17,22,0,143,16.74,16.74,0.0,143.433832,0.0
2019-03-17,22,0,145,16.87,16.87,0.0,147.587737,0.0
2019-03-17,22,0,146,106.03,106.03,0.0,242.69338,0.0
2019-03-17,22,0,152,0.0,0.0,0.0,0.0,0.0
2019-03-17,22,0,153,0.0,0.0,0.0,0.0,0.0
2019-03-17,22,0,154,0.0,0.0,0.0,0.0,0.0
2019-03-17,22,0,157,58.3,58.3,0.0,341.607901,0.0
2019-03-17,22,0,158,0.0,0.0,0.0,0.0,0.0
2019-03-17,22,0,159,0.0,0.0,0.0,0.0,0.0
2019-03-17,22,0,160,0.0,0.0,0.0,0.0,0.0
2019-03-17,22,0,161,0.0,0.0,0.0,0.0,0.0
2019-03-17,22,0,162,0.0,0.0,0.0,0.0,0.0
2019-03-17,22,0,163,59.53,59.53,0.0,136.258954,0.0
2019-03-17,22,0,164,0.0,0.0,0.0,0.0,0.0
2019-03-17,22,0,167,0.0,0.0,0.0,0.0,0.0
2019-03-17,22,0,168,0.0,0.0,0.0,0.0,0.0
2019-03-17,22,0,169,0.0,0.0,0.0,0.0,0.0
2019-03-17,22,0,170,0.0,0.0,0.0,0.0,0.0
2019-03-17,22,0,172,0.0,0.0,0.0,0.0,0.0
2019-03-17,22,0,173,0.0,0.0,0.0,0.0,0.0
2019-03-17,22,0,188,0.0,0.0,0.0,0.0,0.0
2019-03-17,22,0,190,0.0,0.0,0.0,0.0,0.0
2019-03-17,22,0,191,0.0,0.0,0.0,0.0,0.0
2019-03-17,22,0,192,92.31,92.31,0.0,1016.402725,0.0
2019-03-17,22,0,194,51.62,51.62,0.0,471.218283,0.0
2019-03-17,22,0,196,0.0,0.0,0.0,0.0,0.0
2019-03-17,22,0,198,0.0,0.0,0.0,0.0,0.0
2019-03-17,22,0,199,2.71,2.71,0.0,24.862339,0.0
2019-03-17,22,0,200,0.0,0.0,0.0,0.0,0.0
2019-03-17,22,0,204,156.25,156.25,0.0,1410.107815,0.0
2019-03-17,22,0,205,187.61,187.61,0.0,1698.457574,0.0
2019-03-17,22,0,206,104.28,104.28,0.0,892.888174,0.0
2019-03-17,22,0,210,0.0,0.0,0.0,0.0,0.0
2019-03-17,22,0,214,0.0,0.0,0.0,0.0,0.0
2019-03-17,22,0,217,0.0,0.0,0.0,0.0,0.0
2019-03-17,22,0,218,0.0,0.0,0.0,0.0,0.0
2019-03-17,22,0,219,0.0,0.0,0.0,0.0,0.0
2019-03-17,22,0,221,0.0,0.0,0.0,0.0,0.0
2019-03-17,22,0,225,0.0,0.0,0.0,0.0,0.0
2019-03-17,22,0,233,0.0,0.0,0.0,0.0,0.0
2019-03-17,22,0,236,16.85,16.85,0.0,160.153137,0.0
2019-03-17,22,0,237,31.38,31.38,0.0,293.740758,0.0
2019-03-17,22,0,238,0.0,0.0,0.0,0.0,0.0
2019-03-17,22,0,240,0.0,0.0,0.0,0.0,0.0
2019-03-17,22,0,245,93.14,93.14,0.0,901.348465,0.0
2019-03-17,22,0,247,20.45,20.45,0.0,197.901826,0.0
2019-03-17,22,0,248,3.15,3.15,0.0,29.486405,0.0
2019-03-17,22,0,249,179.11,179.11,0.0,1733.310325,0.0
2019-03-17,22,0,251,45.37,45.37,0.0,436.228676,0.0
2019-03-17,22,0,252,22.65,22.65,0.0,218.145249,0.0
2019-03-17,22,0,254,0.0,0.0,0.0,0.0,0.0
2019-03-17,22,0,255,0.0,0.0,0.0,0.0,0.0
2019-03-17,22,0,258,0.0,0.0,0.0,0.0,0.0
2019-03-17,22,0,260,0.0,0.0,0.0,0.0,0.0
2019-03-17,22,0,265,0.0,0.0,0.0,0.0,0.0
2019-03-17,22,0,266,19.84,19.84,0.0,176.228545,0.0
2019-03-17,22,0,267,24.38,24.38,0.0,216.555037,0.0
2019-03-17,22,0,270,185.92,185.92,0.0,425.55459,0.0
2019-03-17,22,0,272,147.7,147.7,0.0,1203.83819,0.0
2019-03-17,22,0,273,0.0,0.0,0.0,0.0,0.0
2019-03-17,22,0,274,239.68,239.68,0.0,548.60652,0.0
2019-03-17,22,0,275,333.63,333.63,0.0,763.649838,0.0
2019-03-17,22,0,276,0.0,0.0,0.0,0.0,0.0
2019-03-17,22,0,277,0.0,0.0,0.0,0.0,0.0
2019-03-17,22,0,278,0.0,0.0,0.0,0.0,0.0
2019-03-17,22,0,279,83.17,83.17,0.0,673.946253,0.0
2019-03-17,22,0,281,4.35,4.35,0.0,37.272232,0.0
2019-03-17,22,0,282,0.0,0.0,0.0,0.0,0.0
2019-03-17,23,0,9,0.0,0.0,0.0,0.0,0.0
2019-03-17,23,0,17,0.0,0.0,0.0,0.0,0.0
2019-03-17,23,0,19,149.83,149.83,0.0,1440.543448,0.0
2019-03-17,23,0,20,181.71,181.71,0.0,1747.054327,0.0
2019-03-17,23,0,21,0.0,0.0,0.0,0.0,0.0
2019-03-17,23,0,22,0.0,0.0,0.0,0.0,0.0
2019-03-17,23,0,23,27.46,27.46,0.0,231.934909,0.0
2019-03-17,23,0,24,48.59,48.59,0.0,410.404852,0.0
2019-03-17,23,0,29,0.0,0.0,0.0,0.0,0.0
2019-03-17,23,0,30,0.0,0.0,0.0,0.0,0.0
2019-03-17,23,0,31,10.34,10.34,0.0,87.274065,0.0
2019-03-17,23,0,32,0.0,0.0,0.0,0.0,0.0
2019-03-17,23,0,33,0.0,0.0,0.0,0.0,0.0
2019-03-17,23,0,34,0.0,0.0,0.0,0.0,0.0
2019-03-17,23,0,35,0.0,0.0,0.0,0.0,0.0
2019-03-17,23,0,36,0.0,0.0,0.0,0.0,0.0
2019-03-17,23,0,37,0.0,0.0,0.0,0.0,0.0
2019-03-17,23,0,38,0.0,0.0,0.0,0.0,0.0
2019-03-17,23,0,39,0.0,0.0,0.0,0.0,0.0
2019-03-17,23,0,40,0.0,0.0,0.0,0.0,0.0
2019-03-17,23,0,41,25.97,25.97,0.0,227.759284,0.0
2019-03-17,23,0,42,0.0,0.0,0.0,0.0,0.0
2019-03-17,23,0,43,0.0,0.0,0.0,0.0,0.0
2019-03-17,23,0,46,0.0,0.0,0.0,0.0,0.0
2019-03-17,23,0,52,10.96,10.96,0.0,92.507133,0.0
2019-03-17,23,0,53,17.41,17.41,0.0,146.947918,0.0
2019-03-17,23,0,55,151.9,151.9,0.0,1282.990267,0.0
2019-03-17,23,0,56,0.0,0.0,0.0,0.0,0.0
2019-03-17,23,0,57,0.0,0.0,0.0,0.0,0.0
2019-03-17,23,0,58,0.0,0.0,0.0,0.0,0.0
2019-03-17,23,0,59,0.0,0.0,0.0,0.0,0.0
2019-03-17,23,0,63,56.0,56.0,0.0,576.479525,0.0
2019-03-17,23,0,64,65.89,65.89,0.0,678.289927,0.0
2019-03-17,23,0,65,2.23,2.23,0.0,21.414615,0.0
2019-03-17,23,0,67,0.0,0.0,0.0,0.0,0.0
2019-03-17,23,0,68,2.49,2.49,0.0,17.541462,0.0
2019-03-17,23,0,69,0.0,0.0,0.0,0.0,0.0
2019-03-17,23,0,74,12.98,12.98,0.0,120.574917,0.0
2019-03-17,23,0,77,51.68,51.68,0.0,407.65374,0.0
2019-03-17,23,0,78,39.07,39.07,0.0,308.185596,0.0
2019-03-17,23,0,79,22.61,22.61,0.0,178.348511,0.0
2019-03-17,23,0,80,36.56,36.56,0.0,288.386624,0.0
2019-03-17,23,0,81,47.8,47.8,0.0,377.048157,0.0
2019-03-17,23,0,82,33.72,33.72,0.0,265.984599,0.0
2019-03-17,23,0,83,75.19,75.19,0.0,593.101484,0.0
2019-03-17,23,0,84,0.0,0.0,0.0,0.0,0.0
2019-03-17,23,0,86,0.0,0.0,0.0,0.0,0.0
2019-03-17,23,0,87,0.0,0.0,0.0,0.0,0.0
2019-03-17,23,0,88,49.01,49.01,0.0,386.592681,0.0
2019-03-17,23,0,89,47.11,47.11,0.0,371.605412,0.0
2019-03-17,23,0,90,63.25,63.25,0.0,498.918325,0.0
2019-03-17,23,0,91,225.64,225.64,0.0,1779.856614,0.0
2019-03-17,23,0,92,81.15,81.15,0.0,640.114183,0.0
2019-03-17,23,0,95,0.0,0.0,0.0,0.0,0.0
2019-03-17,23,0,96,5.96,5.96,0.0,50.268533,0.0
2019-03-17,23,0,97,36.68,36.68,0.0,309.370768,0.0
2019-03-17,23,0,99,2.51,2.51,0.0,23.316105,0.0
2019-03-17,23,0,101,0.0,0.0,0.0,0.0,0.0
2019-03-17,23,0,102,5.89,5.89,0.0,41.493658,0.0
2019-03-17,23,0,103,5.12,5.12,0.0,36.06919,0.0
2019-03-17,23,0,104,0.95,0.95,0.0,6.692525,0.0
2019-03-17,23,0,106,0.0,0.0,0.0,0.0,0.0
2019-03-17,23,0,109,44.55,44.55,0.0,398.153188,0.0
2019-03-17,23,0,110,149.64,149.64,0.0,465.815527,0.0
2019-03-17,23,0,111,0.0,0.0,0.0,0.0,0.0
2019-03-17,23,0,113,43.86,43.86,0.0,349.216008,0.0
2019-03-17,23,0,115,43.86,43.86,0.0,349.216008,0.0
2019-03-17,23,0,116,0.0,0.0,0.0,0.0,0.0
2019-03-17,23,0,117,2.92,2.92,0.0,23.249219,0.0
2019-03-17,23,0,119,65.89,65.89,0.0,678.289927,0.0
2019-03-17,23,0,120,38.74,38.74,0.0,398.8003,0.0
2019-03-17,23,0,123,0.0,0.0,0.0,0.0,0.0
2019-03-17,23,0,125,43.97,43.97,0.0,371.383029,0.0
2019-03-17,23,0,126,0.0,0.0,0.0,0.0,0.0
2019-03-17,23,0,127,0.0,0.0,0.0,0.0,0.0
2019-03-17,23,0,128,62.97,62.97,0.0,531.862391,0.0
2019-03-17,23,0,131,6.86,6.86,0.0,50.100335,0.0
2019-03-17,23,0,132,10.08,10.08,0.0,73.616819,0.0
2019-03-17,23,0,133,28.9,28.9,0.0,277.891069,0.0
2019-03-17,23,0,134,0.0,0.0,0.0,0.0,0.0
2019-03-17,23,0,135,38.73,38.73,0.0,372.412495,0.0
2019-03-17,23,0,136,5.31,5.31,0.0,50.988382,0.0
2019-03-17,23,0,139,33.54,33.54,0.0,294.148879,0.0
2019-03-17,23,0,140,110.75,110.75,0.0,344.754542,0.0
2019-03-17,23,0,141,50.76,50.76,0.0,308.462371,0.0
2019-03-17,23,0,142,0.0,0.0,0.0,0.0,0.0
2019-03-17,23,0,143,18.09,18.09,0.0,152.687411,0.0
2019-03-17,23,0,145,7.04,7.04,0.0,60.72133,0.0
2019-03-17,23,0,146,110.1,110.1,0.0,342.731152,0.0
2019-03-17,23,0,152,0.0,0.0,0.0,0.0,0.0
2019-03-17,23,0,153,0.0,0.0,0.0,0.0,0.0
2019-03-17,23,0,154,0.0,0.0,0.0,0.0,0.0
2019-03-17,23,0,157,55.52,55.52,0.0,337.388314,0.0
2019-03-17,23,0,158,0.0,0.0,0.0,0.0,0.0
2019-03-17,23,0,159,0.0,0.0,0.0,0.0,0.0
2019-03-17,23,0,160,0.0,0.0,0.0,0.0,0.0
2019-03-17,23,0,161,0.0,0.0,0.0,0.0,0.0
2019-03-17,23,0,162,0.0,0.0,0.0,0.0,0.0
2019-03-17,23,0,163,58.29,58.29,0.0,181.451397,0.0
2019-03-17,23,0,164,0.0,0.0,0.0,0.0,0.0
2019-03-17,23,0,167,0.0,0.0,0.0,0.0,0.0
2019-03-17,23,0,168,0.0,0.0,0.0,0.0,0.0
2019-03-17,23,0,169,0.0,0.0,0.0,0.0,0.0
2019-03-17,23,0,170,0.0,0.0,0.0,0.0,0.0
2019-03-17,23,0,172,0.0,0.0,0.0,0.0,0.0
2019-03-17,23,0,173,0.0,0.0,0.0,0.0,0.0
2019-03-17,23,0,188,0.0,0.0,0.0,0.0,0.0
2019-03-17,23,0,190,0.0,0.0,0.0,0.0,0.0
2019-03-17,23,0,191,0.0,0.0,0.0,0.0,0.0
2019-03-17,23,0,192,80.26,80.26,0.0,826.218691,0.0
2019-03-17,23,0,194,54.15,54.15,0.0,473.898046,0.0
2019-03-17,23,0,196,0.0,0.0,0.0,0.0,0.0
2019-03-17,23,0,198,0.0,0.0,0.0,0.0,0.0
2019-03-17,23,0,199,3.17,3.17,0.0,27.539666,0.0
2019-03-17,23,0,200,0.0,0.0,0.0,0.0,0.0
2019-03-17,23,0,204,173.0,173.0,0.0,1540.656079,0.0
2019-03-17,23,0,205,235.69,235.69,0.0,2106.413576,0.0
2019-03-17,23,0,206,107.77,107.77,0.0,908.966404,0.0
2019-03-17,23,0,210,0.0,0.0,0.0,0.0,0.0
2019-03-17,23,0,214,0.0,0.0,0.0,0.0,0.0
2019-03-17,23,0,217,0.0,0.0,0.0,0.0,0.0
2019-03-17,23,0,218,0.0,0.0,0.0,0.0,0.0
2019-03-17,23,0,219,0.0,0.0,0.0,0.0,0.0
2019-03-17,23,0,221,0.0,0.0,0.0,0.0,0.0
2019-03-17,23,0,225,0.0,0.0,0.0,0.0,0.0
2019-03-17,23,0,233,0.0,0.0,0.0,0.0,0.0
2019-03-17,23,0,236,14.31,14.31,0.0,135.296331,0.0
2019-03-17,23,0,237,31.14,31.14,0.0,289.268329,0.0
2019-03-17,23,0,238,0.0,0.0,0.0,0.0,0.0
2019-03-17,23,0,240,0.0,0.0,0.0,0.0,0.0
2019-03-17,23,0,245,52.16,52.16,0.0,503.709344,0.0
2019-03-17,23,0,247,8.52,8.52,0.0,82.277677,0.0
2019-03-17,23,0,248,3.13,3.13,0.0,29.075461,0.0
2019-03-17,23,0,249,100.3,100.3,0.0,968.597531,0.0
2019-03-17,23,0,251,22.36,22.36,0.0,214.298185,0.0
2019-03-17,23,0,252,14.4,14.4,0.0,138.282712,0.0
2019-03-17,23,0,254,0.0,0.0,0.0,0.0,0.0
2019-03-17,23,0,255,0.0,0.0,0.0,0.0,0.0
2019-03-17,23,0,258,0.0,0.0,0.0,0.0,0.0
2019-03-17,23,0,260,0.0,0.0,0.0,0.0,0.0
2019-03-17,23,0,265,0.0,0.0,0.0,0.0,0.0
2019-03-17,23,0,266,21.72,21.72,0.0,190.486394,0.0
2019-03-17,23,0,267,26.69,26.69,0.0,234.07375,0.0
2019-03-17,23,0,270,182.02,182.02,0.0,566.611483,0.0
2019-03-17,23,0,272,146.6,146.6,0.0,1167.238183,0.0
2019-03-17,23,0,273,0.0,0.0,0.0,0.0,0.0
2019-03-17,23,0,274,234.65,234.65,0.0,730.443822,0.0
2019-03-17,23,0,275,326.64,326.64,0.0,1016.800213,0.0
2019-03-17,23,0,276,0.0,0.0,0.0,0.0,0.0
2019-03-17,23,0,277,0.0,0.0,0.0,0.0,0.0
2019-03-17,23,0,278,0.0,0.0,0.0,0.0,0.0
2019-03-17,23,0,279,77.62,77.62,0.0,615.711619,0.0
2019-03-17,23,0,281,4.64,4.64,0.0,39.163604,0.0
2019-03-17,23,0,282,0.0,0.0,0.0,0.0,0.0
2019-03-18,0,0,9,0.0,0.0,0.0,0.0,0.0
2019-03-18,0,0,17,0.0,0.0,0.0,0.0,0.0
2019-03-18,0,0,19,108.77,108.77,0.0,1057.33468,0.0
2019-03-18,0,0,20,131.91,131.91,0.0,1282.274686,0.0
2019-03-18,0,0,21,0.0,0.0,0.0,0.0,0.0
2019-03-18,0,0,22,0.0,0.0,0.0,0.0,0.0
2019-03-18,0,0,23,28.54,28.54,0.0,240.632274,0.0
2019-03-18,0,0,24,50.5,50.5,0.0,425.785908,0.0
2019-03-18,0,0,29,0.0,0.0,0.0,0.0,0.0
2019-03-18,0,0,30,0.0,0.0,0.0,0.0,0.0
2019-03-18,0,0,31,11.09,11.09,0.0,93.432019,0.0
2019-03-18,0,0,32,0.0,0.0,0.0,0.0,0.0
2019-03-18,0,0,33,0.0,0.0,0.0,0.0,0.0
2019-03-18,0,0,34,0.0,0.0,0.0,0.0,0.0
2019-03-18,0,0,35,0.0,0.0,0.0,0.0,0.0
2019-03-18,0,0,36,0.0,0.0,0.0,0.0,0.0
2019-03-18,0,0,37,0.0,0.0,0.0,0.0,0.0
2019-03-18,0,0,38,0.0,0.0,0.0,0.0,0.0
2019-03-18,0,0,39,0.0,0.0,0.0,0.0,0.0
2019-03-18,0,0,40,0.0,0.0,0.0,0.0,0.0
2019-03-18,0,0,41,28.85,28.85,0.0,253.623521,0.0
2019-03-18,0,0,42,0.0,0.0,0.0,0.0,0.0
2019-03-18,0,0,43,0.0,0.0,0.0,0.0,0.0
2019-03-18,0,0,46,0.0,0.0,0.0,0.0,0.0
2019-03-18,0,0,52,11.76,11.76,0.0,99.076694,0.0
2019-03-18,0,0,53,18.68,18.68,0.0,157.376926,0.0
2019-03-18,0,0,55,162.97,162.97,0.0,1374.06593,0.0
2019-03-18,0,0,56,0.0,0.0,0.0,0.0,0.0
2019-03-18,0,0,57,0.0,0.0,0.0,0.0,0.0
2019-03-18,0,0,58,0.0,0.0,0.0,0.0,0.0
2019-03-18,0,0,59,0.0,0.0,0.0,0.0,0.0
2019-03-18,0,0,63,54.8,54.8,0.0,581.243201,0.0
2019-03-18,0,0,64,64.47,64.47,0.0,683.809291,0.0
2019-03-18,0,0,65,5.92,5.92,0.0,57.472543,0.0
2019-03-18,0,0,67,0.0,0.0,0.0,0.0,0.0
2019-03-18,0,0,68,2.49,2.49,0.0,17.021432,0.0
2019-03-18,0,0,69,0.0,0.0,0.0,0.0,0.0
2019-03-18,0,0,74,12.78,12.78,0.0,119.683392,0.0
2019-03-18,0,0,77,54.07,54.07,0.0,422.261338,0.0
2019-03-18,0,0,78,40.87,40.87,0.0,319.175529,0.0
2019-03-18,0,0,79,23.65,23.65,0.0,184.695407,0.0
2019-03-18,0,0,80,38.25,38.25,0.0,298.714558,0.0
2019-03-18,0,0,81,50.01,50.01,0.0,390.554642,0.0
2019-03-18,0,0,82,35.28,35.28,0.0,275.520251,0.0
2019-03-18,0,0,83,78.67,78.67,0.0,614.375798,0.0
2019-03-18,0,0,84,0.0,0.0,0.0,0.0,0.0
2019-03-18,0,0,86,0.0,0.0,0.0,0.0,0.0
2019-03-18,0,0,87,0.0,0.0,0.0,0.0,0.0
2019-03-18,0,0,88,49.76,49.76,0.0,388.602259,0.0
2019-03-18,0,0,89,47.84,47.84,0.0,373.60796,0.0
2019-03-18,0,0,90,64.23,64.23,0.0,501.606172,0.0
2019-03-18,0,0,91,229.13,229.13,0.0,1789.397823,0.0
2019-03-18,0,0,92,82.41,82.41,0.0,643.583444,0.0
2019-03-18,0,0,95,0.0,0.0,0.0,0.0,0.0
2019-03-18,0,0,96,6.16,6.16,0.0,51.855373,0.0
2019-03-18,0,0,97,37.91,37.91,0.0,319.129412,0.0
2019-03-18,0,0,99,2.47,2.47,0.0,23.131297,0.0
2019-03-18,0,0,101,0.0,0.0,0.0,0.0,0.0
2019-03-18,0,0,102,5.89,5.89,0.0,40.263549,0.0
2019-03-18,0,0,103,5.12,5.12,0.0,34.999893,0.0
2019-03-18,0,0,104,0.95,0.95,0.0,6.494121,0.0
2019-03-18,0,0,106,0.0,0.0,0.0,0.0,0.0
2019-03-18,0,0,109,45.33,45.33,0.0,407.010474,0.0
2019-03-18,0,0,110,145.87,145.87,0.0,333.883649,0.0
2019-03-18,0,0,111,0.0,0.0,0.0,0.0,0.0
2019-03-18,0,0,113,43.58,43.58,0.0,344.297751,0.0
2019-03-18,0,0,115,43.58,43.58,0.0,344.297751,0.0
2019-03-18,0,0,116,0.0,0.0,0.0,0.0,0.0
2019-03-18,0,0,117,2.91,2.91,0.0,22.990052,0.0
2019-03-18,0,0,119,64.47,64.47,0.0,683.809291,0.0
2019-03-18,0,0,120,37.91,37.91,0.0,402.097258,0.0
2019-03-18,0,0,123,0.0,0.0,0.0,0.0,0.0
2019-03-18,0,0,125,45.7,45.7,0.0,385.315168,0.0
2019-03-18,0,0,126,0.0,0.0,0.0,0.0,0.0
2019-03-18,0,0,127,0.0,0.0,0.0,0.0,0.0
2019-03-18,0,0,128,65.45,65.45,0.0,551.8354,0.0
2019-03-18,0,0,131,7.12,7.12,0.0,50.800136,0.0
2019-03-18,0,0,132,10.47,10.47,0.0,74.701885,0.0
2019-03-18,0,0,133,21.62,21.62,0.0,210.190072,0.0
2019-03-18,0,0,134,0.0,0.0,0.0,0.0,0.0
2019-03-18,0,0,135,28.97,28.97,0.0,281.646918,0.0
2019-03-18,0,0,136,9.74,9.74,0.0,94.551113,0.0
2019-03-18,0,0,139,37.26,37.26,0.0,327.556755,0.0
2019-03-18,0,0,140,107.96,107.96,0.0,247.110981,0.0
2019-03-18,0,0,141,56.15,56.15,0.0,320.987306,0.0
2019-03-18,0,0,142,0.0,0.0,0.0,0.0,0.0
2019-03-18,0,0,143,49.39,49.39,0.0,416.105266,0.0
2019-03-18,0,0,145,7.22,7.22,0.0,62.314987,0.0
2019-03-18,0,0,146,114.29,114.29,0.0,261.599796,0.0
2019-03-18,0,0,152,0.0,0.0,0.0,0.0,0.0
2019-03-18,0,0,153,0.0,0.0,0.0,0.0,0.0
2019-03-18,0,0,154,0.0,0.0,0.0,0.0,0.0
2019-03-18,0,0,157,53.3,53.3,0.0,304.694985,0.0
2019-03-18,0,0,158,0.0,0.0,0.0,0.0,0.0
2019-03-18,0,0,159,0.0,0.0,0.0,0.0,0.0
2019-03-18,0,0,160,0.0,0.0,0.0,0.0,0.0
2019-03-18,0,0,161,0.0,0.0,0.0,0.0,0.0
2019-03-18,0,0,162,0.0,0.0,0.0,0.0,0.0
2019-03-18,0,0,163,57.99,57.99,0.0,132.734029,0.0
2019-03-18,0,0,164,0.0,0.0,0.0,0.0,0.0
2019-03-18,0,0,167,0.0,0.0,0.0,0.0,0.0
2019-03-18,0,0,168,0.0,0.0,0.0,0.0,0.0
2019-03-18,0,0,169,0.0,0.0,0.0,0.0,0.0
2019-03-18,0,0,170,0.0,0.0,0.0,0.0,0.0
2019-03-18,0,0,172,0.0,0.0,0.0,0.0,0.0
2019-03-18,0,0,173,0.0,0.0,0.0,0.0,0.0
2019-03-18,0,0,188,0.0,0.0,0.0,0.0,0.0
2019-03-18,0,0,190,0.0,0.0,0.0,0.0,0.0
2019-03-18,0,0,191,0.0,0.0,0.0,0.0,0.0
2019-03-18,0,0,192,70.58,70.58,0.0,748.615787,0.0
2019-03-18,0,0,194,57.21,57.21,0.0,504.493609,0.0
2019-03-18,0,0,196,0.0,0.0,0.0,0.0,0.0
2019-03-18,0,0,198,0.0,0.0,0.0,0.0,0.0
2019-03-18,0,0,199,2.11,2.11,0.0,18.497309,0.0
2019-03-18,0,0,200,0.0,0.0,0.0,0.0,0.0
2019-03-18,0,0,204,191.33,191.33,0.0,1711.244495,0.0
2019-03-18,0,0,205,239.8,239.8,0.0,2153.124017,0.0
2019-03-18,0,0,206,111.39,111.39,0.0,937.689928,0.0
2019-03-18,0,0,210,0.0,0.0,0.0,0.0,0.0
2019-03-18,0,0,214,0.0,0.0,0.0,0.0,0.0
2019-03-18,0,0,217,0.0,0.0,0.0,0.0,0.0
2019-03-18,0,0,218,0.0,0.0,0.0,0.0,0.0
2019-03-18,0,0,219,0.0,0.0,0.0,0.0,0.0
2019-03-18,0,0,221,0.0,0.0,0.0,0.0,0.0
2019-03-18,0,0,225,0.0,0.0,0.0,0.0,0.0
2019-03-18,0,0,233,0.0,0.0,0.0,0.0,0.0
2019-03-18,0,0,236,12.09,12.09,0.0,115.412828,0.0
2019-03-18,0,0,237,30.66,30.66,0.0,287.127762,0.0
2019-03-18,0,0,238,0.0,0.0,0.0,0.0,0.0
2019-03-18,0,0,240,0.0,0.0,0.0,0.0,0.0
2019-03-18,0,0,245,16.96,16.96,0.0,165.652984,0.0
2019-03-18,0,0,247,0.0,0.0,0.0,0.0,0.0
2019-03-18,0,0,248,3.08,3.08,0.0,28.843885,0.0
2019-03-18,0,0,249,31.76,31.76,0.0,310.208654,0.0
2019-03-18,0,0,251,80.56,80.56,0.0,780.422027,0.0
2019-03-18,0,0,252,38.21,38.21,0.0,370.950314,0.0
2019-03-18,0,0,254,0.0,0.0,0.0,0.0,0.0
2019-03-18,0,0,255,0.0,0.0,0.0,0.0,0.0
2019-03-18,0,0,258,0.0,0.0,0.0,0.0,0.0
2019-03-18,0,0,260,0.0,0.0,0.0,0.0,0.0
2019-03-18,0,0,265,0.0,0.0,0.0,0.0,0.0
2019-03-18,0,0,266,24.13,24.13,0.0,212.129482,0.0
2019-03-18,0,0,267,29.65,29.65,0.0,260.656409,0.0
2019-03-18,0,0,270,181.09,181.09,0.0,414.499143,0.0
2019-03-18,0,0,272,145.66,145.66,0.0,1150.766645,0.0
2019-03-18,0,0,273,0.0,0.0,0.0,0.0,0.0
2019-03-18,0,0,274,233.45,233.45,0.0,534.346595,0.0
2019-03-18,0,0,275,324.96,324.96,0.0,743.804967,0.0
2019-03-18,0,0,276,0.0,0.0,0.0,0.0,0.0
2019-03-18,0,0,277,0.0,0.0,0.0,0.0,0.0
2019-03-18,0,0,278,0.0,0.0,0.0,0.0,0.0
2019-03-18,0,0,279,73.09,73.09,0.0,574.775814,0.0
2019-03-18,0,0,281,4.98,4.98,0.0,41.955947,0.0
2019-03-18,0,0,282,0.0,0.0,0.0,0.0,0.0
2019-03-18,1,0,9,0.0,0.0,0.0,0.0,0.0
2019-03-18,1,0,17,0.0,0.0,0.0,0.0,0.0
2019-03-18,1,0,19,76.4,76.4,0.0,735.569402,0.0
2019-03-18,1,0,20,92.66,92.66,0.0,892.118596,0.0
2019-03-18,1,0,21,0.0,0.0,0.0,0.0,0.0
2019-03-18,1,0,22,0.0,0.0,0.0,0.0,0.0
2019-03-18,1,0,23,29.62,29.62,0.0,248.065089,0.0
2019-03-18,1,0,24,52.41,52.41,0.0,438.929484,0.0
2019-03-18,1,0,29,0.0,0.0,0.0,0.0,0.0
2019-03-18,1,0,30,0.0,0.0,0.0,0.0,0.0
2019-03-18,1,0,31,26.84,26.84,0.0,224.612183,0.0
2019-03-18,1,0,32,0.0,0.0,0.0,0.0,0.0
2019-03-18,1,0,33,0.0,0.0,0.0,0.0,0.0
2019-03-18,1,0,34,0.0,0.0,0.0,0.0,0.0
2019-03-18,1,0,35,0.0,0.0,0.0,0.0,0.0
2019-03-18,1,0,36,0.0,0.0,0.0,0.0,0.0
2019-03-18,1,0,37,0.0,0.0,0.0,0.0,0.0
2019-03-18,1,0,38,0.0,0.0,0.0,0.0,0.0
2019-03-18,1,0,39,0.0,0.0,0.0,0.0,0.0
2019-03-18,1,0,40,0.0,0.0,0.0,0.0,0.0
2019-03-18,1,0,41,32.27,32.27,0.0,281.572089,0.0
2019-03-18,1,0,42,0.0,0.0,0.0,0.0,0.0
2019-03-18,1,0,43,0.0,0.0,0.0,0.0,0.0
2019-03-18,1,0,46,0.0,0.0,0.0,0.0,0.0
2019-03-18,1,0,52,28.58,28.58,0.0,239.17348,0.0
2019-03-18,1,0,53,46.71,46.71,0.0,390.895494,0.0
2019-03-18,1,0,55,149.1,149.1,0.0,1248.700365,0.0
2019-03-18,1,0,56,0.0,0.0,0.0,0.0,0.0
2019-03-18,1,0,57,0.0,0.0,0.0,0.0,0.0
2019-03-18,1,0,58,0.0,0.0,0.0,0.0,0.0
2019-03-18,1,0,59,0.0,0.0,0.0,0.0,0.0
2019-03-18,1,0,63,53.86,53.86,0.0,568.262141,0.0
2019-03-18,1,0,64,63.37,63.37,0.0,668.599552,0.0
2019-03-18,1,0,65,18.55,18.55,0.0,178.370391,0.0
2019-03-18,1,0,67,0.0,0.0,0.0,0.0,0.0
2019-03-18,1,0,68,2.52,2.52,0.0,17.141785,0.0
2019-03-18,1,0,69,0.0,0.0,0.0,0.0,0.0
2019-03-18,1,0,74,12.72,12.72,0.0,118.084861,0.0
2019-03-18,1,0,77,56.61,56.61,0.0,439.747351,0.0
2019-03-18,1,0,78,42.8,42.8,0.0,332.471058,0.0
2019-03-18,1,0,79,24.77,24.77,0.0,192.413741,0.0
2019-03-18,1,0,80,40.05,40.05,0.0,311.109016,0.0
2019-03-18,1,0,81,52.36,52.36,0.0,406.733285,0.0
2019-03-18,1,0,82,36.94,36.94,0.0,286.950488,0.0
2019-03-18,1,0,83,82.37,82.37,0.0,639.851427,0.0
2019-03-18,1,0,84,0.0,0.0,0.0,0.0,0.0
2019-03-18,1,0,86,0.0,0.0,0.0,0.0,0.0
2019-03-18,1,0,87,0.0,0.0,0.0,0.0,0.0
2019-03-18,1,0,88,50.67,50.67,0.0,393.605339,0.0
2019-03-18,1,0,89,48.71,48.71,0.0,378.380029,0.0
2019-03-18,1,0,90,65.4,65.4,0.0,508.028206,0.0
2019-03-18,1,0,91,233.28,233.28,0.0,1812.122628,0.0
2019-03-18,1,0,92,83.9,83.9,0.0,651.73649,0.0
2019-03-18,1,0,95,3.08,3.08,0.0,30.752276,0.0
2019-03-18,1,0,96,6.33,6.33,0.0,52.930935,0.0
2019-03-18,1,0,97,38.95,38.95,0.0,325.696671,0.0
2019-03-18,1,0,99,2.46,2.46,0.0,22.837167,0.0
2019-03-18,1,0,101,0.0,0.0,0.0,0.0,0.0
2019-03-18,1,0,102,5.96,5.96,0.0,40.541683,0.0
2019-03-18,1,0,103,5.19,5.19,0.0,35.303915,0.0
2019-03-18,1,0,104,0.96,0.96,0.0,6.530204,0.0
2019-03-18,1,0,106,0.0,0.0,0.0,0.0,0.0
2019-03-18,1,0,109,46.38,46.38,0.0,413.218495,0.0
2019-03-18,1,0,110,141.47,141.47,0.0,323.812435,0.0
2019-03-18,1,0,111,0.0,0.0,0.0,0.0,0.0
2019-03-18,1,0,113,24.59,24.59,0.0,193.288703,0.0
2019-03-18,1,0,115,24.59,24.59,0.0,193.288703,0.0
2019-03-18,1,0,116,0.0,0.0,0.0,0.0,0.0
2019-03-18,1,0,117,1.68,1.68,0.0,13.205572,0.0
2019-03-18,1,0,119,63.37,63.37,0.0,668.599552,0.0
2019-03-18,1,0,120,37.26,37.26,0.0,393.120077,0.0
2019-03-18,1,0,123,0.0,0.0,0.0,0.0,0.0
2019-03-18,1,0,125,47.42,47.42,0.0,397.138641,0.0
2019-03-18,1,0,126,0.0,0.0,0.0,0.0,0.0
2019-03-18,1,0,127,0.0,0.0,0.0,0.0,0.0
2019-03-18,1,0,128,67.92,67.92,0.0,568.824472,0.0
2019-03-18,1,0,131,7.42,7.42,0.0,52.674724,0.0
2019-03-18,1,0,132,10.9,10.9,0.0,77.379312,0.0
2019-03-18,1,0,133,15.96,15.96,0.0,153.679204,0.0
2019-03-18,1,0,134,0.0,0.0,0.0,0.0,0.0
2019-03-18,1,0,135,21.38,21.38,0.0,205.868507,0.0
2019-03-18,1,0,136,23.2,23.2,0.0,223.067625,0.0
2019-03-18,1,0,139,41.67,41.67,0.0,363.591849,0.0
2019-03-18,1,0,140,104.7,104.7,0.0,239.649126,0.0
2019-03-18,1,0,141,63.07,63.07,0.0,358.947727,0.0
2019-03-18,1,0,142,0.0,0.0,0.0,0.0,0.0
2019-03-18,1,0,143,70.27,70.27,0.0,588.058797,0.0
2019-03-18,1,0,145,7.41,7.41,0.0,63.501329,0.0
2019-03-18,1,0,146,117.8,117.8,0.0,269.633879,0.0
2019-03-18,1,0,152,0.0,0.0,0.0,0.0,0.0
2019-03-18,1,0,153,0.0,0.0,0.0,0.0,0.0
2019-03-18,1,0,154,0.0,0.0,0.0,0.0,0.0
2019-03-18,1,0,157,50.79,50.79,0.0,289.059062,0.0
2019-03-18,1,0,158,0.0,0.0,0.0,0.0,0.0
2019-03-18,1,0,159,0.0,0.0,0.0,0.0,0.0
2019-03-18,1,0,160,0.0,0.0,0.0,0.0,0.0
2019-03-18,1,0,161,0.0,0.0,0.0,0.0,0.0
2019-03-18,1,0,162,1.43,1.43,0.0,14.286958,0.0
2019-03-18,1,0,163,57.43,57.43,0.0,131.452238,0.0
2019-03-18,1,0,164,0.0,0.0,0.0,0.0,0.0
2019-03-18,1,0,167,0.0,0.0,0.0,0.0,0.0
2019-03-18,1,0,168,0.0,0.0,0.0,0.0,0.0
2019-03-18,1,0,169,0.0,0.0,0.0,0.0,0.0
2019-03-18,1,0,170,0.0,0.0,0.0,0.0,0.0
2019-03-18,1,0,172,0.0,0.0,0.0,0.0,0.0
2019-03-18,1,0,173,0.0,0.0,0.0,0.0,0.0
2019-03-18,1,0,188,0.0,0.0,0.0,0.0,0.0
2019-03-18,1,0,190,0.0,0.0,0.0,0.0,0.0
2019-03-18,1,0,191,0.0,0.0,0.0,0.0,0.0
2019-03-18,1,0,192,62.92,62.92,0.0,663.851725,0.0
2019-03-18,1,0,194,60.36,60.36,0.0,529.581745,0.0
2019-03-18,1,0,196,0.0,0.0,0.0,0.0,0.0
2019-03-18,1,0,198,0.0,0.0,0.0,0.0,0.0
2019-03-18,1,0,199,8.3,8.3,0.0,72.475954,0.0
2019-03-18,1,0,200,0.0,0.0,0.0,0.0,0.0
2019-03-18,1,0,204,209.9,209.9,0.0,1862.97802,0.0
2019-03-18,1,0,205,245.37,245.37,0.0,2186.102244,0.0
2019-03-18,1,0,206,114.46,114.46,0.0,957.105032,0.0
2019-03-18,1,0,210,0.0,0.0,0.0,0.0,0.0
2019-03-18,1,0,214,0.0,0.0,0.0,0.0,0.0
2019-03-18,1,0,217,0.0,0.0,0.0,0.0,0.0
2019-03-18,1,0,218,0.0,0.0,0.0,0.0,0.0
2019-03-18,1,0,219,0.0,0.0,0.0,0.0,0.0
2019-03-18,1,0,221,0.0,0.0,0.0,0.0,0.0
2019-03-18,1,0,225,0.0,0.0,0.0,0.0,0.0
2019-03-18,1,0,233,0.0,0.0,0.0,0.0,0.0
2019-03-18,1,0,236,10.14,10.14,0.0,95.913455,0.0
2019-03-18,1,0,237,30.52,30.52,0.0,283.3294,0.0
2019-03-18,1,0,238,0.0,0.0,0.0,0.0,0.0
2019-03-18,1,0,240,0.0,0.0,0.0,0.0,0.0
2019-03-18,1,0,245,3.82,3.82,0.0,36.950089,0.0
2019-03-18,1,0,247,0.0,0.0,0.0,0.0,0.0
2019-03-18,1,0,248,3.06,3.06,0.0,28.407207,0.0
2019-03-18,1,0,249,7.35,7.35,0.0,71.095066,0.0
2019-03-18,1,0,251,252.72,252.72,0.0,2424.998986,0.0
2019-03-18,1,0,252,119.64,119.64,0.0,1150.416907,0.0
2019-03-18,1,0,254,0.0,0.0,0.0,0.0,0.0
2019-03-18,1,0,255,0.0,0.0,0.0,0.0,0.0
2019-03-18,1,0,258,0.0,0.0,0.0,0.0,0.0
2019-03-18,1,0,260,0.0,0.0,0.0,0.0,0.0
2019-03-18,1,0,265,0.0,0.0,0.0,0.0,0.0
2019-03-18,1,0,266,26.98,26.98,0.0,235.414161,0.0
2019-03-18,1,0,267,33.16,33.16,0.0,289.33779,0.0
2019-03-18,1,0,270,179.34,179.34,0.0,410.493546,0.0
2019-03-18,1,0,272,82.02,82.02,0.0,644.714901,0.0
2019-03-18,1,0,273,0.0,0.0,0.0,0.0,0.0
2019-03-18,1,0,274,231.19,231.19,0.0,529.173653,0.0
2019-03-18,1,0,275,321.82,321.82,0.0,736.617783,0.0
2019-03-18,1,0,276,0.0,0.0,0.0,0.0,0.0
2019-03-18,1,0,277,0.0,0.0,0.0,0.0,0.0
2019-03-18,1,0,278,0.0,0.0,0.0,0.0,0.0
2019-03-18,1,0,279,69.2,69.2,0.0,541.37909,0.0
2019-03-18,1,0,281,11.08,11.08,0.0,92.723658,0.0
2019-03-18,1,0,282,0.0,0.0,0.0,0.0,0.0
2019-03-18,2,0,9,0.0,0.0,0.0,0.0,0.0
2019-03-18,2,0,17,0.0,0.0,0.0,0.0,0.0
2019-03-18,2,0,19,57.99,57.99,0.0,564.471089,0.0
2019-03-18,2,0,20,70.33,70.33,0.0,684.587889,0.0
2019-03-18,2,0,21,0.0,0.0,0.0,0.0,0.0
2019-03-18,2,0,22,0.0,0.0,0.0,0.0,0.0
2019-03-18,2,0,23,26.58,26.58,0.0,255.937272,0.0
2019-03-18,2,0,24,47.02,47.02,0.0,452.752841,0.0
2019-03-18,2,0,29,0.0,0.0,0.0,0.0,0.0
2019-03-18,2,0,30,0.0,0.0,0.0,0.0,0.0
2019-03-18,2,0,31,10.28,10.28,0.0,98.980652,0.0
2019-03-18,2,0,32,0.0,0.0,0.0,0.0,0.0
2019-03-18,2,0,33,0.0,0.0,0.0,0.0,0.0
2019-03-18,2,0,34,0.0,0.0,0.0,0.0,0.0
2019-03-18,2,0,35,0.0,0.0,0.0,0.0,0.0
2019-03-18,2,0,36,0.0,0.0,0.0,0.0,0.0
2019-03-18,2,0,37,0.0,0.0,0.0,0.0,0.0
2019-03-18,2,0,38,0.0,0.0,0.0,0.0,0.0
2019-03-18,2,0,39,0.0,0.0,0.0,0.0,0.0
2019-03-18,2,0,40,0.0,0.0,0.0,0.0,0.0
2019-03-18,2,0,41,29.18,29.18,0.0,281.761148,0.0
2019-03-18,2,0,42,0.0,0.0,0.0,0.0,0.0
2019-03-18,2,0,43,0.0,0.0,0.0,0.0,0.0
2019-03-18,2,0,46,0.0,0.0,0.0,0.0,0.0
2019-03-18,2,0,52,10.9,10.9,0.0,104.950302,0.0
2019-03-18,2,0,53,17.31,17.31,0.0,166.668782,0.0
2019-03-18,2,0,55,159.08,159.08,0.0,1531.772054,0.0
2019-03-18,2,0,56,0.0,0.0,0.0,0.0,0.0
2019-03-18,2,0,57,0.0,0.0,0.0,0.0,0.0
2019-03-18,2,0,58,0.0,0.0,0.0,0.0,0.0
2019-03-18,2,0,59,0.0,0.0,0.0,0.0,0.0
2019-03-18,2,0,63,32.59,32.59,0.0,315.991237,0.0
2019-03-18,2,0,64,38.34,38.34,0.0,371.742989,0.0
2019-03-18,2,0,65,15.77,15.77,0.0,153.486107,0.0
2019-03-18,2,0,67,0.0,0.0,0.0,0.0,0.0
2019-03-18,2,0,68,1.67,1.67,0.0,16.023215,0.0
2019-03-18,2,0,69,0.0,0.0,0.0,0.0,0.0
2019-03-18,2,0,74,9.87,9.87,0.0,95.75843,0.0
2019-03-18,2,0,77,46.49,46.49,0.0,445.556368,0.0
2019-03-18,2,0,78,35.15,35.15,0.0,336.874733,0.0
2019-03-18,2,0,79,20.34,20.34,0.0,194.936901,0.0
2019-03-18,2,0,80,32.89,32.89,0.0,315.215077,0.0
2019-03-18,2,0,81,43.0,43.0,0.0,412.108492,0.0
2019-03-18,2,0,82,30.34,30.34,0.0,290.776085,0.0
2019-03-18,2,0,83,67.64,67.64,0.0,648.256243,0.0
2019-03-18,2,0,84,0.0,0.0,0.0,0.0,0.0
2019-03-18,2,0,86,0.0,0.0,0.0,0.0,0.0
2019-03-18,2,0,87,0.0,0.0,0.0,0.0,0.0
2019-03-18,2,0,88,42.53,42.53,0.0,407.604051,0.0
2019-03-18,2,0,89,40.88,40.88,0.0,391.790585,0.0
2019-03-18,2,0,90,54.89,54.89,0.0,526.061283,0.0
2019-03-18,2,0,91,195.81,195.81,0.0,1876.627068,0.0
2019-03-18,2,0,92,70.42,70.42,0.0,674.899536,0.0
2019-03-18,2,0,95,1.02,1.02,0.0,9.886624,0.0
2019-03-18,2,0,96,5.33,5.33,0.0,51.317096,0.0
2019-03-18,2,0,97,32.76,32.76,0.0,315.412396,0.0
2019-03-18,2,0,99,1.91,1.91,0.0,18.53076,0.0
2019-03-18,2,0,101,0.0,0.0,0.0,0.0,0.0
2019-03-18,2,0,102,3.95,3.95,0.0,37.89922,0.0
2019-03-18,2,0,103,3.43,3.43,0.0,32.909956,0.0
2019-03-18,2,0,104,0.64,0.64,0.0,6.140633,0.0
2019-03-18,2,0,106,0.0,0.0,0.0,0.0,0.0
2019-03-18,2,0,109,31.89,31.89,0.0,308.314312,0.0
2019-03-18,2,0,110,125.68,125.68,0.0,1214.355204,0.0
2019-03-18,2,0,111,0.0,0.0,0.0,0.0,0.0
2019-03-18,2,0,113,21.24,21.24,0.0,203.279796,0.0
2019-03-18,2,0,115,21.24,21.24,0.0,203.279796,0.0
2019-03-18,2,0,116,0.0,0.0,0.0,0.0,0.0
2019-03-18,2,0,117,1.13,1.13,0.0,10.814791,0.0
2019-03-18,2,0,119,38.34,38.34,0.0,371.742989,0.0
2019-03-18,2,0,120,22.54,22.54,0.0,218.54687,0.0
2019-03-18,2,0,123,0.0,0.0,0.0,0.0,0.0
2019-03-18,2,0,125,42.55,42.55,0.0,409.711472,0.0
2019-03-18,2,0,126,0.0,0.0,0.0,0.0,0.0
2019-03-18,2,0,127,0.0,0.0,0.0,0.0,0.0
2019-03-18,2,0,128,60.95,60.95,0.0,586.884,0.0
2019-03-18,2,0,131,5.6,5.6,0.0,53.705674,0.0
2019-03-18,2,0,132,8.23,8.23,0.0,78.928161,0.0
2019-03-18,2,0,133,12.3,12.3,0.0,119.728773,0.0
2019-03-18,2,0,134,0.0,0.0,0.0,0.0,0.0
2019-03-18,2,0,135,16.48,16.48,0.0,160.417088,0.0
2019-03-18,2,0,136,21.57,21.57,0.0,209.934933,0.0
2019-03-18,2,0,139,37.68,37.68,0.0,363.836877,0.0
2019-03-18,2,0,140,93.02,93.02,0.0,898.785177,0.0
2019-03-18,2,0,141,59.19,59.19,0.0,568.896703,0.0
2019-03-18,2,0,142,0.0,0.0,0.0,0.0,0.0
2019-03-18,2,0,143,34.39,34.39,0.0,331.123017,0.0
2019-03-18,2,0,145,4.96,4.96,0.0,47.830305,0.0
2019-03-18,2,0,146,100.94,100.94,0.0,975.310426,0.0
2019-03-18,2,0,152,0.0,0.0,0.0,0.0,0.0
2019-03-18,2,0,153,0.0,0.0,0.0,0.0,0.0
2019-03-18,2,0,154,0.0,0.0,0.0,0.0,0.0
2019-03-18,2,0,157,39.5,39.5,0.0,379.648923,0.0
2019-03-18,2,0,158,0.0,0.0,0.0,0.0,0.0
2019-03-18,2,0,159,0.0,0.0,0.0,0.0,0.0
2019-03-18,2,0,160,0.0,0.0,0.0,0.0,0.0
2019-03-18,2,0,161,0.0,0.0,0.0,0.0,0.0
2019-03-18,2,0,162,1.06,1.06,0.0,10.274437,0.0
2019-03-18,2,0,163,39.64,39.64,0.0,383.012733,0.0
2019-03-18,2,0,164,0.0,0.0,0.0,0.0,0.0
2019-03-18,2,0,167,0.0,0.0,0.0,0.0,0.0
2019-03-18,2,0,168,0.0,0.0,0.0,0.0,0.0
2019-03-18,2,0,169,0.0,0.0,0.0,0.0,0.0
2019-03-18,2,0,170,0.0,0.0,0.0,0.0,0.0
2019-03-18,2,0,172,0.0,0.0,0.0,0.0,0.0
2019-03-18,2,0,173,0.0,0.0,0.0,0.0,0.0
2019-03-18,2,0,188,0.0,0.0,0.0,0.0,0.0
2019-03-18,2,0,190,0.0,0.0,0.0,0.0,0.0
2019-03-18,2,0,191,0.0,0.0,0.0,0.0,0.0
2019-03-18,2,0,192,33.75,33.75,0.0,327.238547,0.0
2019-03-18,2,0,194,48.36,48.36,0.0,461.635909,0.0
2019-03-18,2,0,196,0.0,0.0,0.0,0.0,0.0
2019-03-18,2,0,198,0.0,0.0,0.0,0.0,0.0
2019-03-18,2,0,199,2.9,2.9,0.0,27.753091,0.0
2019-03-18,2,0,200,0.0,0.0,0.0,0.0,0.0
2019-03-18,2,0,204,142.38,142.38,0.0,1376.120444,0.0
2019-03-18,2,0,205,156.56,156.56,0.0,1513.630878,0.0
2019-03-18,2,0,206,96.27,96.27,0.0,926.884961,0.0
2019-03-18,2,0,210,0.0,0.0,0.0,0.0,0.0
2019-03-18,2,0,214,0.0,0.0,0.0,0.0,0.0
2019-03-18,2,0,217,0.0,0.0,0.0,0.0,0.0
2019-03-18,2,0,218,0.0,0.0,0.0,0.0,0.0
2019-03-18,2,0,219,0.0,0.0,0.0,0.0,0.0
2019-03-18,2,0,221,0.0,0.0,0.0,0.0,0.0
2019-03-18,2,0,225,0.0,0.0,0.0,0.0,0.0
2019-03-18,2,0,233,0.0,0.0,0.0,0.0,0.0
2019-03-18,2,0,236,7.74,7.74,0.0,75.217349,0.0
2019-03-18,2,0,237,23.68,23.68,0.0,229.742617,0.0
2019-03-18,2,0,238,0.0,0.0,0.0,0.0,0.0
2019-03-18,2,0,240,0.0,0.0,0.0,0.0,0.0
2019-03-18,2,0,245,0.0,0.0,0.0,0.0,0.0
2019-03-18,2,0,247,0.0,0.0,0.0,0.0,0.0
2019-03-18,2,0,248,2.38,2.38,0.0,23.090685,0.0
2019-03-18,2,0,249,0.0,0.0,0.0,0.0,0.0
2019-03-18,2,0,251,161.61,161.61,0.0,1572.611708,0.0
2019-03-18,2,0,252,101.71,101.71,0.0,989.922127,0.0
2019-03-18,2,0,254,0.0,0.0,0.0,0.0,0.0
2019-03-18,2,0,255,0.0,0.0,0.0,0.0,0.0
2019-03-18,2,0,258,0.0,0.0,0.0,0.0,0.0
2019-03-18,2,0,260,0.0,0.0,0.0,0.0,0.0
2019-03-18,2,0,265,0.0,0.0,0.0,0.0,0.0
2019-03-18,2,0,266,24.4,24.4,0.0,235.605621,0.0
2019-03-18,2,0,267,29.98,29.98,0.0,289.485923,0.0
2019-03-18,2,0,270,123.78,123.78,0.0,1195.996874,0.0
2019-03-18,2,0,272,91.63,91.63,0.0,876.955165,0.0
2019-03-18,2,0,273,0.0,0.0,0.0,0.0,0.0
2019-03-18,2,0,274,159.57,159.57,0.0,1541.809834,0.0
2019-03-18,2,0,275,222.13,222.13,0.0,2146.281998,0.0
2019-03-18,2,0,276,0.0,0.0,0.0,0.0,0.0
2019-03-18,2,0,277,0.0,0.0,0.0,0.0,0.0
2019-03-18,2,0,278,0.0,0.0,0.0,0.0,0.0
2019-03-18,2,0,279,46.89,46.89,0.0,449.01614,0.0
2019-03-18,2,0,281,4.61,4.61,0.0,44.387238,0.0
2019-03-18,2,0,282,0.0,0.0,0.0,0.0,0.0
2019-03-18,3,0,9,0.0,0.0,0.0,0.0,0.0
2019-03-18,3,0,17,0.0,0.0,0.0,0.0,0.0
2019-03-18,3,0,19,44.94,44.94,0.0,477.623797,0.0
2019-03-18,3,0,20,54.51,54.51,0.0,579.334071,0.0
2019-03-18,3,0,21,0.0,0.0,0.0,0.0,0.0
2019-03-18,3,0,22,0.0,0.0,0.0,0.0,0.0
2019-03-18,3,0,23,24.49,24.49,0.0,274.97105,0.0
2019-03-18,3,0,24,43.33,43.33,0.0,486.504516,0.0
2019-03-18,3,0,29,0.0,0.0,0.0,0.0,0.0
2019-03-18,3,0,30,0.0,0.0,0.0,0.0,0.0
2019-03-18,3,0,31,8.76,8.76,0.0,98.396244,0.0
2019-03-18,3,0,32,0.0,0.0,0.0,0.0,0.0
2019-03-18,3,0,33,0.0,0.0,0.0,0.0,0.0
2019-03-18,3,0,34,0.0,0.0,0.0,0.0,0.0
2019-03-18,3,0,35,0.0,0.0,0.0,0.0,0.0
2019-03-18,3,0,36,0.0,0.0,0.0,0.0,0.0
2019-03-18,3,0,37,0.0,0.0,0.0,0.0,0.0
2019-03-18,3,0,38,0.0,0.0,0.0,0.0,0.0
2019-03-18,3,0,39,0.0,0.0,0.0,0.0,0.0
2019-03-18,3,0,40,0.0,0.0,0.0,0.0,0.0
2019-03-18,3,0,41,26.26,26.26,0.0,288.85362,0.0
2019-03-18,3,0,42,0.0,0.0,0.0,0.0,0.0
2019-03-18,3,0,43,0.0,0.0,0.0,0.0,0.0
2019-03-18,3,0,46,0.0,0.0,0.0,0.0,0.0
2019-03-18,3,0,52,9.29,9.29,0.0,104.349441,0.0
2019-03-18,3,0,53,14.76,14.76,0.0,165.790931,0.0
2019-03-18,3,0,55,144.74,144.74,0.0,1625.124939,0.0
2019-03-18,3,0,56,0.0,0.0,0.0,0.0,0.0
2019-03-18,3,0,57,0.0,0.0,0.0,0.0,0.0
2019-03-18,3,0,58,0.0,0.0,0.0,0.0,0.0
2019-03-18,3,0,59,0.0,0.0,0.0,0.0,0.0
2019-03-18,3,0,63,17.76,17.76,0.0,211.431247,0.0
2019-03-18,3,0,64,20.89,20.89,0.0,248.693623,0.0
2019-03-18,3,0,65,13.36,13.36,0.0,142.026184,0.0
2019-03-18,3,0,67,0.0,0.0,0.0,0.0,0.0
2019-03-18,3,0,68,1.05,1.05,0.0,12.309142,0.0
2019-03-18,3,0,69,0.0,0.0,0.0,0.0,0.0
2019-03-18,3,0,74,7.71,7.71,0.0,82.600513,0.0
2019-03-18,3,0,77,39.45,39.45,0.0,460.301245,0.0
2019-03-18,3,0,78,29.83,29.83,0.0,348.055415,0.0
2019-03-18,3,0,79,17.26,17.26,0.0,201.389087,0.0
2019-03-18,3,0,80,27.91,27.91,0.0,325.652921,0.0
2019-03-18,3,0,81,36.49,36.49,0.0,425.764067,0.0
2019-03-18,3,0,82,25.74,25.74,0.0,300.333436,0.0
2019-03-18,3,0,83,57.4,57.4,0.0,669.741229,0.0
2019-03-18,3,0,84,0.0,0.0,0.0,0.0,0.0
2019-03-18,3,0,86,0.0,0.0,0.0,0.0,0.0
2019-03-18,3,0,87,0.0,0.0,0.0,0.0,0.0
2019-03-18,3,0,88,36.81,36.81,0.0,429.497816,0.0
2019-03-18,3,0,89,35.38,35.38,0.0,412.812625,0.0
2019-03-18,3,0,90,47.51,47.51,0.0,554.345048,0.0
2019-03-18,3,0,91,169.47,169.47,0.0,1977.37014,0.0
2019-03-18,3,0,92,60.95,60.95,0.0,711.162507,0.0
2019-03-18,3,0,95,1.02,1.02,0.0,12.186264,0.0
2019-03-18,3,0,96,4.67,4.67,0.0,52.477772,0.0
2019-03-18,3,0,97,28.71,28.71,0.0,322.620308,0.0
2019-03-18,3,0,99,1.49,1.49,0.0,15.963004,0.0
2019-03-18,3,0,101,0.0,0.0,0.0,0.0,0.0
2019-03-18,3,0,102,2.49,2.49,0.0,29.19025,0.0
2019-03-18,3,0,103,2.16,2.16,0.0,25.321663,0.0
2019-03-18,3,0,104,0.4,0.4,0.0,4.689197,0.0
2019-03-18,3,0,106,0.0,0.0,0.0,0.0,0.0
2019-03-18,3,0,109,23.16,23.16,0.0,250.743123,0.0
2019-03-18,3,0,110,114.49,114.49,0.0,1356.403637,0.0
2019-03-18,3,0,111,0.0,0.0,0.0,0.0,0.0
2019-03-18,3,0,113,14.15,14.15,0.0,166.386236,0.0
2019-03-18,3,0,115,14.15,14.15,0.0,166.386236,0.0
2019-03-18,3,0,116,0.0,0.0,0.0,0.0,0.0
2019-03-18,3,0,117,0.73,0.73,0.0,8.583884,0.0
2019-03-18,3,0,119,20.89,20.89,0.0,248.693623,0.0
2019-03-18,3,0,120,12.28,12.28,0.0,146.192326,0.0
2019-03-18,3,0,123,0.0,0.0,0.0,0.0,0.0
2019-03-18,3,0,125,39.21,39.21,0.0,440.245605,0.0
2019-03-18,3,0,126,0.0,0.0,0.0,0.0,0.0
2019-03-18,3,0,127,0.0,0.0,0.0,0.0,0.0
2019-03-18,3,0,128,56.16,56.16,0.0,630.558357,0.0
2019-03-18,3,0,131,4.22,4.22,0.0,49.436523,0.0
2019-03-18,3,0,132,6.21,6.21,0.0,72.749007,0.0
2019-03-18,3,0,133,5.31,5.31,0.0,56.433519,0.0
2019-03-18,3,0,134,0.0,0.0,0.0,0.0,0.0
2019-03-18,3,0,135,7.11,7.11,0.0,75.563525,0.0
2019-03-18,3,0,136,20.27,20.27,0.0,215.487309,0.0
2019-03-18,3,0,139,33.91,33.91,0.0,373.001761,0.0
2019-03-18,3,0,140,84.73,84.73,0.0,1003.826362,0.0
2019-03-18,3,0,141,55.81,55.81,0.0,655.968732,0.0
2019-03-18,3,0,142,0.0,0.0,0.0,0.0,0.0
2019-03-18,3,0,143,15.74,15.74,0.0,176.79873,0.0
2019-03-18,3,0,145,3.24,3.24,0.0,35.905553,0.0
2019-03-18,3,0,146,87.02,87.02,0.0,1030.956804,0.0
2019-03-18,3,0,152,0.0,0.0,0.0,0.0,0.0
2019-03-18,3,0,153,0.0,0.0,0.0,0.0,0.0
2019-03-18,3,0,154,0.0,0.0,0.0,0.0,0.0
2019-03-18,3,0,157,30.17,30.17,0.0,354.606283,0.0
2019-03-18,3,0,158,0.0,0.0,0.0,0.0,0.0
2019-03-18,3,0,159,0.0,0.0,0.0,0.0,0.0
2019-03-18,3,0,160,0.0,0.0,0.0,0.0,0.0
2019-03-18,3,0,161,0.0,0.0,0.0,0.0,0.0
2019-03-18,3,0,162,0.98,0.98,0.0,11.707643,0.0
2019-03-18,3,0,163,26.13,26.13,0.0,309.571378,0.0
2019-03-18,3,0,164,0.0,0.0,0.0,0.0,0.0
2019-03-18,3,0,167,0.0,0.0,0.0,0.0,0.0
2019-03-18,3,0,168,0.0,0.0,0.0,0.0,0.0
2019-03-18,3,0,169,0.0,0.0,0.0,0.0,0.0
2019-03-18,3,0,170,0.0,0.0,0.0,0.0,0.0
2019-03-18,3,0,172,0.0,0.0,0.0,0.0,0.0
2019-03-18,3,0,173,0.0,0.0,0.0,0.0,0.0
2019-03-18,3,0,188,0.0,0.0,0.0,0.0,0.0
2019-03-18,3,0,190,0.0,0.0,0.0,0.0,0.0
2019-03-18,3,0,191,0.0,0.0,0.0,0.0,0.0
2019-03-18,3,0,192,15.34,15.34,0.0,182.621359,0.0
2019-03-18,3,0,194,38.78,38.78,0.0,458.404989,0.0
2019-03-18,3,0,196,0.0,0.0,0.0,0.0,0.0
2019-03-18,3,0,198,0.0,0.0,0.0,0.0,0.0
2019-03-18,3,0,199,2.57,2.57,0.0,30.162834,0.0
2019-03-18,3,0,200,0.0,0.0,0.0,0.0,0.0
2019-03-18,3,0,204,94.6,94.6,0.0,1025.498126,0.0
2019-03-18,3,0,205,122.52,122.52,0.0,1326.470095,0.0
2019-03-18,3,0,206,84.37,84.37,0.0,948.083435,0.0
2019-03-18,3,0,210,0.0,0.0,0.0,0.0,0.0
2019-03-18,3,0,214,0.0,0.0,0.0,0.0,0.0
2019-03-18,3,0,217,0.0,0.0,0.0,0.0,0.0
2019-03-18,3,0,218,0.0,0.0,0.0,0.0,0.0
2019-03-18,3,0,219,0.0,0.0,0.0,0.0,0.0
2019-03-18,3,0,221,0.0,0.0,0.0,0.0,0.0
2019-03-18,3,0,225,0.0,0.0,0.0,0.0,0.0
2019-03-18,3,0,233,0.0,0.0,0.0,0.0,0.0
2019-03-18,3,0,236,6.15,6.15,0.0,65.57985,0.0
2019-03-18,3,0,237,18.5,18.5,0.0,198.198377,0.0
2019-03-18,3,0,238,0.0,0.0,0.0,0.0,0.0
2019-03-18,3,0,240,0.0,0.0,0.0,0.0,0.0
2019-03-18,3,0,245,0.0,0.0,0.0,0.0,0.0
2019-03-18,3,0,247,0.0,0.0,0.0,0.0,0.0
2019-03-18,3,0,248,1.86,1.86,0.0,19.926972,0.0
2019-03-18,3,0,249,0.0,0.0,0.0,0.0,0.0
2019-03-18,3,0,251,96.6,96.6,0.0,1027.349252,0.0
2019-03-18,3,0,252,86.21,86.21,0.0,916.472856,0.0
2019-03-18,3,0,254,0.0,0.0,0.0,0.0,0.0
2019-03-18,3,0,255,0.0,0.0,0.0,0.0,0.0
2019-03-18,3,0,258,0.0,0.0,0.0,0.0,0.0
2019-03-18,3,0,260,0.0,0.0,0.0,0.0,0.0
2019-03-18,3,0,265,0.0,0.0,0.0,0.0,0.0
2019-03-18,3,0,266,21.96,21.96,0.0,241.554665,0.0
2019-03-18,3,0,267,26.98,26.98,0.0,296.773445,0.0
2019-03-18,3,0,270,81.6,81.6,0.0,966.744142,0.0
2019-03-18,3,0,272,57.82,57.82,0.0,679.890614,0.0
2019-03-18,3,0,273,0.0,0.0,0.0,0.0,0.0
2019-03-18,3,0,274,105.19,105.19,0.0,1246.223239,0.0
2019-03-18,3,0,275,146.43,146.43,0.0,1734.808146,0.0
2019-03-18,3,0,276,0.0,0.0,0.0,0.0,0.0
2019-03-18,3,0,277,0.0,0.0,0.0,0.0,0.0
2019-03-18,3,0,278,0.0,0.0,0.0,0.0,0.0
2019-03-18,3,0,279,30.72,30.72,0.0,360.110588,0.0
2019-03-18,3,0,281,3.93,3.93,0.0,44.14352,0.0
2019-03-18,3,0,282,0.0,0.0,0.0,0.0,0.0
2019-03-18,4,0,9,0.0,0.0,0.0,0.0,0.0
2019-03-18,4,0,17,0.0,0.0,0.0,0.0,0.0
2019-03-18,4,0,19,36.06,36.06,0.0,365.71328,0.0
2019-03-18,4,0,20,43.73,43.73,0.0,443.50088,0.0
2019-03-18,4,0,21,0.0,0.0,0.0,0.0,0.0
2019-03-18,4,0,22,0.0,0.0,0.0,0.0,0.0
2019-03-18,4,0,23,20.94,20.94,0.0,230.014933,0.0
2019-03-18,4,0,24,34.61,34.61,0.0,380.172723,0.0
2019-03-18,4,0,29,0.0,0.0,0.0,0.0,0.0
2019-03-18,4,0,30,0.0,0.0,0.0,0.0,0.0
2019-03-18,4,0,31,7.41,7.41,0.0,81.436082,0.0
2019-03-18,4,0,32,0.0,0.0,0.0,0.0,0.0
2019-03-18,4,0,33,0.0,0.0,0.0,0.0,0.0
2019-03-18,4,0,34,0.0,0.0,0.0,0.0,0.0
2019-03-18,4,0,35,0.0,0.0,0.0,0.0,0.0
2019-03-18,4,0,36,0.0,0.0,0.0,0.0,0.0
2019-03-18,4,0,37,0.0,0.0,0.0,0.0,0.0
2019-03-18,4,0,38,0.0,0.0,0.0,0.0,0.0
2019-03-18,4,0,39,0.0,0.0,0.0,0.0,0.0
2019-03-18,4,0,40,0.0,0.0,0.0,0.0,0.0
2019-03-18,4,0,41,23.79,23.79,0.0,254.505068,0.0
2019-03-18,4,0,42,0.0,0.0,0.0,0.0,0.0
2019-03-18,4,0,43,0.0,0.0,0.0,0.0,0.0
2019-03-18,4,0,46,0.0,0.0,0.0,0.0,0.0
2019-03-18,4,0,52,7.86,7.86,0.0,86.381593,0.0
2019-03-18,4,0,53,12.48,12.48,0.0,137.155507,0.0
2019-03-18,4,0,55,132.26,132.26,0.0,1452.806829,0.0
2019-03-18,4,0,56,0.0,0.0,0.0,0.0,0.0
2019-03-18,4,0,57,0.0,0.0,0.0,0.0,0.0
2019-03-18,4,0,58,0.0,0.0,0.0,0.0,0.0
2019-03-18,4,0,59,0.0,0.0,0.0,0.0,0.0
2019-03-18,4,0,63,8.29,8.29,0.0,98.619944,0.0
2019-03-18,4,0,64,9.75,9.75,0.0,115.988474,0.0
2019-03-18,4,0,65,11.25,11.25,0.0,114.157597,0.0
2019-03-18,4,0,67,0.0,0.0,0.0,0.0,0.0
2019-03-18,4,0,68,0.63,0.63,0.0,7.3045,0.0
2019-03-18,4,0,69,0.0,0.0,0.0,0.0,0.0
2019-03-18,4,0,74,6.04,6.04,0.0,62.251828,0.0
2019-03-18,4,0,77,34.76,34.76,0.0,400.379376,0.0
2019-03-18,4,0,78,26.28,26.28,0.0,302.703395,0.0
2019-03-18,4,0,79,15.21,15.21,0.0,175.194773,0.0
2019-03-18,4,0,80,24.59,24.59,0.0,283.237309,0.0
2019-03-18,4,0,81,32.15,32.15,0.0,370.316368,0.0
2019-03-18,4,0,82,22.68,22.68,0.0,261.237176,0.0
2019-03-18,4,0,83,50.57,50.57,0.0,582.485186,0.0
2019-03-18,4,0,84,0.0,0.0,0.0,0.0,0.0
2019-03-18,4,0,86,0.0,0.0,0.0,0.0,0.0
2019-03-18,4,0,87,0.0,0.0,0.0,0.0,0.0
2019-03-18,4,0,88,33.25,33.25,0.0,382.986601,0.0
2019-03-18,4,0,89,31.96,31.96,0.0,368.127873,0.0
2019-03-18,4,0,90,42.91,42.91,0.0,494.254287,0.0
2019-03-18,4,0,91,153.08,153.08,0.0,1763.235757,0.0
2019-03-18,4,0,92,55.05,55.05,0.0,634.087591,0.0
2019-03-18,4,0,95,2.95,2.95,0.0,35.358546,0.0
2019-03-18,4,0,96,4.35,4.35,0.0,47.831831,0.0
2019-03-18,4,0,97,26.76,26.76,0.0,294.248228,0.0
2019-03-18,4,0,99,1.17,1.17,0.0,12.058715,0.0
2019-03-18,4,0,101,0.0,0.0,0.0,0.0,0.0
2019-03-18,4,0,102,1.49,1.49,0.0,17.275721,0.0
2019-03-18,4,0,103,1.3,1.3,0.0,15.072777,0.0
2019-03-18,4,0,104,0.24,0.24,0.0,2.782666,0.0
2019-03-18,4,0,106,0.0,0.0,0.0,0.0,0.0
2019-03-18,4,0,109,17.03,17.03,0.0,178.860755,0.0
2019-03-18,4,0,110,105.92,105.92,0.0,1248.867358,0.0
2019-03-18,4,0,111,0.0,0.0,0.0,0.0,0.0
2019-03-18,4,0,113,6.44,6.44,0.0,74.873047,0.0
2019-03-18,4,0,115,6.44,6.44,0.0,74.873047,0.0
2019-03-18,4,0,116,0.0,0.0,0.0,0.0,0.0
2019-03-18,4,0,117,0.43,0.43,0.0,4.999287,0.0
2019-03-18,4,0,119,9.75,9.75,0.0,115.988474,0.0
2019-03-18,4,0,120,5.73,5.73,0.0,68.165534,0.0
2019-03-18,4,0,123,0.0,0.0,0.0,0.0,0.0
2019-03-18,4,0,125,31.76,31.76,0.0,348.866966,0.0
2019-03-18,4,0,126,0.0,0.0,0.0,0.0,0.0
2019-03-18,4,0,127,0.0,0.0,0.0,0.0,0.0
2019-03-18,4,0,128,43.13,43.13,0.0,473.760461,0.0
2019-03-18,4,0,131,3.24,3.24,0.0,37.524201,0.0
2019-03-18,4,0,132,4.76,4.76,0.0,55.128147,0.0
2019-03-18,4,0,133,5.81,5.81,0.0,58.920819,0.0
2019-03-18,4,0,134,0.0,0.0,0.0,0.0,0.0
2019-03-18,4,0,135,8.02,8.02,0.0,81.333042,0.0
2019-03-18,4,0,136,19.11,19.11,0.0,193.921521,0.0
2019-03-18,4,0,139,30.72,30.72,0.0,328.642105,0.0
2019-03-18,4,0,140,78.39,78.39,0.0,924.270319,0.0
2019-03-18,4,0,141,53.76,53.76,0.0,625.914068,0.0
2019-03-18,4,0,142,0.0,0.0,0.0,0.0,0.0
2019-03-18,4,0,143,13.49,13.49,0.0,148.255432,0.0
2019-03-18,4,0,145,2.08,2.08,0.0,22.483093,0.0
2019-03-18,4,0,146,76.37,76.37,0.0,900.453174,0.0
2019-03-18,4,0,152,0.0,0.0,0.0,0.0,0.0
2019-03-18,4,0,153,0.0,0.0,0.0,0.0,0.0
2019-03-18,4,0,154,0.0,0.0,0.0,0.0,0.0
2019-03-18,4,0,157,22.95,22.95,0.0,267.201039,0.0
2019-03-18,4,0,158,0.0,0.0,0.0,0.0,0.0
2019-03-18,4,0,159,0.0,0.0,0.0,0.0,0.0
2019-03-18,4,0,160,0.0,0.0,0.0,0.0,0.0
2019-03-18,4,0,161,0.0,0.0,0.0,0.0,0.0
2019-03-18,4,0,162,1.19,1.19,0.0,14.261367,0.0
2019-03-18,4,0,163,16.23,16.23,0.0,191.362512,0.0
2019-03-18,4,0,164,0.0,0.0,0.0,0.0,0.0
2019-03-18,4,0,167,0.0,0.0,0.0,0.0,0.0
2019-03-18,4,0,168,0.0,0.0,0.0,0.0,0.0
2019-03-18,4,0,169,0.0,0.0,0.0,0.0,0.0
2019-03-18,4,0,170,0.0,0.0,0.0,0.0,0.0
2019-03-18,4,0,172,0.0,0.0,0.0,0.0,0.0
2019-03-18,4,0,173,0.0,0.0,0.0,0.0,0.0
2019-03-18,4,0,188,0.0,0.0,0.0,0.0,0.0
2019-03-18,4,0,190,0.0,0.0,0.0,0.0,0.0
2019-03-18,4,0,191,0.0,0.0,0.0,0.0,0.0
2019-03-18,4,0,192,0.0,0.0,0.0,0.0,0.0
2019-03-18,4,0,194,31.25,31.25,0.0,365.341412,0.0
2019-03-18,4,0,196,0.0,0.0,0.0,0.0,0.0
2019-03-18,4,0,198,0.0,0.0,0.0,0.0,0.0
2019-03-18,4,0,199,2.37,2.37,0.0,24.984083,0.0
2019-03-18,4,0,200,0.0,0.0,0.0,0.0,0.0
2019-03-18,4,0,204,62.64,62.64,0.0,659.18785,0.0
2019-03-18,4,0,205,90.1,90.1,0.0,946.292073,0.0
2019-03-18,4,0,206,78.64,78.64,0.0,864.711535,0.0
2019-03-18,4,0,210,0.0,0.0,0.0,0.0,0.0
2019-03-18,4,0,214,0.0,0.0,0.0,0.0,0.0
2019-03-18,4,0,217,0.0,0.0,0.0,0.0,0.0
2019-03-18,4,0,218,0.0,0.0,0.0,0.0,0.0
2019-03-18,4,0,219,0.0,0.0,0.0,0.0,0.0
2019-03-18,4,0,221,0.0,0.0,0.0,0.0,0.0
2019-03-18,4,0,225,0.0,0.0,0.0,0.0,0.0
2019-03-18,4,0,233,0.0,0.0,0.0,0.0,0.0
2019-03-18,4,0,236,5.17,5.17,0.0,52.822603,0.0
2019-03-18,4,0,237,14.49,14.49,0.0,149.342547,0.0
2019-03-18,4,0,238,0.0,0.0,0.0,0.0,0.0
2019-03-18,4,0,240,0.0,0.0,0.0,0.0,0.0
2019-03-18,4,0,245,0.0,0.0,0.0,0.0,0.0
2019-03-18,4,0,247,0.0,0.0,0.0,0.0,0.0
2019-03-18,4,0,248,1.45,1.45,0.0,14.944561,0.0
2019-03-18,4,0,249,0.0,0.0,0.0,0.0,0.0
2019-03-18,4,0,251,51.66,51.66,0.0,524.68181,0.0
2019-03-18,4,0,252,72.59,72.59,0.0,736.595556,0.0
2019-03-18,4,0,254,0.0,0.0,0.0,0.0,0.0
2019-03-18,4,0,255,0.0,0.0,0.0,0.0,0.0
2019-03-18,4,0,258,0.0,0.0,0.0,0.0,0.0
2019-03-18,4,0,260,0.0,0.0,0.0,0.0,0.0
2019-03-18,4,0,265,0.0,0.0,0.0,0.0,0.0
2019-03-18,4,0,266,19.89,19.89,0.0,212.782926,0.0
2019-03-18,4,0,267,24.44,24.44,0.0,261.458758,0.0
2019-03-18,4,0,270,50.68,50.68,0.0,597.55096,0.0
2019-03-18,4,0,272,21.54,21.54,0.0,250.429417,0.0
2019-03-18,4,0,273,0.0,0.0,0.0,0.0,0.0
2019-03-18,4,0,274,65.34,65.34,0.0,770.402126,0.0
2019-03-18,4,0,275,90.95,90.95,0.0,1072.361086,0.0
2019-03-18,4,0,276,0.0,0.0,0.0,0.0,0.0
2019-03-18,4,0,277,0.0,0.0,0.0,0.0,0.0
2019-03-18,4,0,278,0.0,0.0,0.0,0.0,0.0
2019-03-18,4,0,279,19.21,19.21,0.0,222.509594,0.0
2019-03-18,4,0,281,3.33,3.33,0.0,36.596782,0.0
2019-03-18,4,0,282,0.0,0.0,0.0,0.0,0.0
2019-03-18,5,0,9,0.0,0.0,0.0,0.0,0.0
2019-03-18,5,0,17,0.0,0.0,0.0,0.0,0.0
2019-03-18,5,0,19,71.08,71.08,0.0,977.826493,0.0
2019-03-18,5,0,20,86.21,86.21,0.0,1185.965419,0.0
2019-03-18,5,0,21,0.0,0.0,0.0,0.0,0.0
2019-03-18,5,0,22,0.0,0.0,0.0,0.0,0.0
2019-03-18,5,0,23,16.75,16.75,0.0,240.362287,0.0
2019-03-18,5,0,24,29.64,29.64,0.0,425.333623,0.0
2019-03-18,5,0,29,0.0,0.0,0.0,0.0,0.0
2019-03-18,5,0,30,0.0,0.0,0.0,0.0,0.0
2019-03-18,5,0,31,6.73,6.73,0.0,96.625647,0.0
2019-03-18,5,0,32,0.0,0.0,0.0,0.0,0.0
2019-03-18,5,0,33,0.0,0.0,0.0,0.0,0.0
2019-03-18,5,0,34,0.0,0.0,0.0,0.0,0.0
2019-03-18,5,0,35,0.0,0.0,0.0,0.0,0.0
2019-03-18,5,0,36,0.0,0.0,0.0,0.0,0.0
2019-03-18,5,0,37,0.0,0.0,0.0,0.0,0.0
2019-03-18,5,0,38,0.0,0.0,0.0,0.0,0.0
2019-03-18,5,0,39,0.0,0.0,0.0,0.0,0.0
2019-03-18,5,0,40,0.0,0.0,0.0,0.0,0.0
2019-03-18,5,0,41,18.13,18.13,0.0,253.938715,0.0
2019-03-18,5,0,42,0.0,0.0,0.0,0.0,0.0
2019-03-18,5,0,43,0.0,0.0,0.0,0.0,0.0
2019-03-18,5,0,46,0.0,0.0,0.0,0.0,0.0
2019-03-18,5,0,52,7.13,7.13,0.0,102.368628,0.0
2019-03-18,5,0,53,11.33,11.33,0.0,162.669923,0.0
2019-03-18,5,0,55,89.5,89.5,0.0,1284.323863,0.0
2019-03-18,5,0,56,0.0,0.0,0.0,0.0,0.0
2019-03-18,5,0,57,0.0,0.0,0.0,0.0,0.0
2019-03-18,5,0,58,0.0,0.0,0.0,0.0,0.0
2019-03-18,5,0,59,0.0,0.0,0.0,0.0,0.0
2019-03-18,5,0,63,0.0,0.0,0.0,0.0,0.0
2019-03-18,5,0,64,0.0,0.0,0.0,0.0,0.0
2019-03-18,5,0,65,13.52,13.52,0.0,185.942332,0.0
2019-03-18,5,0,67,0.0,0.0,0.0,0.0,0.0
2019-03-18,5,0,68,0.31,0.31,0.0,4.363238,0.0
2019-03-18,5,0,69,0.0,0.0,0.0,0.0,0.0
2019-03-18,5,0,74,4.67,4.67,0.0,63.91253,0.0
2019-03-18,5,0,77,17.91,17.91,0.0,270.036245,0.0
2019-03-18,5,0,78,13.54,13.54,0.0,204.148005,0.0
2019-03-18,5,0,79,7.83,7.83,0.0,118.056047,0.0
2019-03-18,5,0,80,12.67,12.67,0.0,191.030666,0.0
2019-03-18,5,0,81,16.56,16.56,0.0,249.681754,0.0
2019-03-18,5,0,82,11.68,11.68,0.0,176.104039,0.0
2019-03-18,5,0,83,26.05,26.05,0.0,392.766286,0.0
2019-03-18,5,0,84,0.0,0.0,0.0,0.0,0.0
2019-03-18,5,0,86,0.0,0.0,0.0,0.0,0.0
2019-03-18,5,0,87,0.0,0.0,0.0,0.0,0.0
2019-03-18,5,0,88,16.29,16.29,0.0,245.610856,0.0
2019-03-18,5,0,89,15.66,15.66,0.0,236.112094,0.0
2019-03-18,5,0,90,21.03,21.03,0.0,317.077735,0.0
2019-03-18,5,0,91,75.01,75.01,0.0,1130.955821,0.0
2019-03-18,5,0,92,26.98,26.98,0.0,406.788269,0.0
2019-03-18,5,0,95,1.99,1.99,0.0,38.550037,0.0
2019-03-18,5,0,96,1.96,1.96,0.0,28.155894,0.0
2019-03-18,5,0,97,12.06,12.06,0.0,173.244938,0.0
2019-03-18,5,0,99,0.9,0.9,0.0,12.31719,0.0
2019-03-18,5,0,101,0.0,0.0,0.0,0.0,0.0
2019-03-18,5,0,102,0.73,0.73,0.0,10.274722,0.0
2019-03-18,5,0,103,0.63,0.63,0.0,8.867226,0.0
2019-03-18,5,0,104,0.12,0.12,0.0,1.688995,0.0
2019-03-18,5,0,106,0.0,0.0,0.0,0.0,0.0
2019-03-18,5,0,109,5.63,5.63,0.0,76.955672,0.0
2019-03-18,5,0,110,71.22,71.22,0.0,637.091944,0.0
2019-03-18,5,0,111,0.0,0.0,0.0,0.0,0.0
2019-03-18,5,0,113,7.07,7.07,0.0,109.548697,0.0
2019-03-18,5,0,115,7.07,7.07,0.0,109.548697,0.0
2019-03-18,5,0,116,0.0,0.0,0.0,0.0,0.0
2019-03-18,5,0,117,0.34,0.34,0.0,5.268254,0.0
2019-03-18,5,0,119,0.0,0.0,0.0,0.0,0.0
2019-03-18,5,0,120,0.0,0.0,0.0,0.0,0.0
2019-03-18,5,0,123,0.0,0.0,0.0,0.0,0.0
2019-03-18,5,0,125,26.82,26.82,0.0,384.866659,0.0
2019-03-18,5,0,126,0.0,0.0,0.0,0.0,0.0
2019-03-18,5,0,127,0.0,0.0,0.0,0.0,0.0
2019-03-18,5,0,128,38.42,38.42,0.0,551.326512,0.0
2019-03-18,5,0,131,1.62,1.62,0.0,23.347755,0.0
2019-03-18,5,0,132,2.39,2.39,0.0,34.445145,0.0
2019-03-18,5,0,133,4.28,4.28,0.0,58.880132,0.0
2019-03-18,5,0,134,0.0,0.0,0.0,0.0,0.0
2019-03-18,5,0,135,6.1,6.1,0.0,83.917945,0.0
2019-03-18,5,0,136,22.33,22.33,0.0,307.103037,0.0
2019-03-18,5,0,139,23.42,23.42,0.0,328.033354,0.0
2019-03-18,5,0,140,52.71,52.71,0.0,471.512445,0.0
2019-03-18,5,0,141,36.86,36.86,0.0,472.259384,0.0
2019-03-18,5,0,142,0.0,0.0,0.0,0.0,0.0
2019-03-18,5,0,143,23.01,23.01,0.0,330.364954,0.0
2019-03-18,5,0,145,0.65,0.65,0.0,9.166757,0.0
2019-03-18,5,0,146,47.54,47.54,0.0,425.264687,0.0
2019-03-18,5,0,152,0.0,0.0,0.0,0.0,0.0
2019-03-18,5,0,153,0.0,0.0,0.0,0.0,0.0
2019-03-18,5,0,154,0.0,0.0,0.0,0.0,0.0
2019-03-18,5,0,157,14.14,14.14,0.0,181.165157,0.0
2019-03-18,5,0,158,0.0,0.0,0.0,0.0,0.0
2019-03-18,5,0,159,0.0,0.0,0.0,0.0,0.0
2019-03-18,5,0,160,0.0,0.0,0.0,0.0,0.0
2019-03-18,5,0,161,0.0,0.0,0.0,0.0,0.0
2019-03-18,5,0,162,1.82,1.82,0.0,35.261731,0.0
2019-03-18,5,0,163,7.84,7.84,0.0,70.131997,0.0
2019-03-18,5,0,164,0.0,0.0,0.0,0.0,0.0
2019-03-18,5,0,167,0.0,0.0,0.0,0.0,0.0
2019-03-18,5,0,168,0.0,0.0,0.0,0.0,0.0
2019-03-18,5,0,169,0.0,0.0,0.0,0.0,0.0
2019-03-18,5,0,170,0.0,0.0,0.0,0.0,0.0
2019-03-18,5,0,172,0.0,0.0,0.0,0.0,0.0
2019-03-18,5,0,173,0.0,0.0,0.0,0.0,0.0
2019-03-18,5,0,188,0.0,0.0,0.0,0.0,0.0
2019-03-18,5,0,190,0.0,0.0,0.0,0.0,0.0
2019-03-18,5,0,191,0.0,0.0,0.0,0.0,0.0
2019-03-18,5,0,192,0.0,0.0,0.0,0.0,0.0
2019-03-18,5,0,194,12.02,12.02,0.0,202.227807,0.0
2019-03-18,5,0,196,0.0,0.0,0.0,0.0,0.0
2019-03-18,5,0,198,0.0,0.0,0.0,0.0,0.0
2019-03-18,5,0,199,3.56,3.56,0.0,43.476133,0.0
2019-03-18,5,0,200,0.0,0.0,0.0,0.0,0.0
2019-03-18,5,0,204,17.94,17.94,0.0,245.37971,0.0
2019-03-18,5,0,205,29.77,29.77,0.0,406.921913,0.0
2019-03-18,5,0,206,35.45,35.45,0.0,509.24818,0.0
2019-03-18,5,0,210,0.0,0.0,0.0,0.0,0.0
2019-03-18,5,0,214,0.0,0.0,0.0,0.0,0.0
2019-03-18,5,0,217,0.0,0.0,0.0,0.0,0.0
2019-03-18,5,0,218,0.0,0.0,0.0,0.0,0.0
2019-03-18,5,0,219,0.0,0.0,0.0,0.0,0.0
2019-03-18,5,0,221,0.0,0.0,0.0,0.0,0.0
2019-03-18,5,0,225,0.0,0.0,0.0,0.0,0.0
2019-03-18,5,0,233,0.0,0.0,0.0,0.0,0.0
2019-03-18,5,0,236,5.17,5.17,0.0,70.842999,0.0
2019-03-18,5,0,237,11.2,11.2,0.0,153.280586,0.0
2019-03-18,5,0,238,0.0,0.0,0.0,0.0,0.0
2019-03-18,5,0,240,0.0,0.0,0.0,0.0,0.0
2019-03-18,5,0,245,1.7,1.7,0.0,23.40873,0.0
2019-03-18,5,0,247,0.0,0.0,0.0,0.0,0.0
2019-03-18,5,0,248,1.12,1.12,0.0,15.328059,0.0
2019-03-18,5,0,249,3.27,3.27,0.0,45.02738,0.0
2019-03-18,5,0,251,77.25,77.25,0.0,1061.976261,0.0
2019-03-18,5,0,252,87.23,87.23,0.0,1199.685622,0.0
2019-03-18,5,0,254,0.0,0.0,0.0,0.0,0.0
2019-03-18,5,0,255,0.0,0.0,0.0,0.0,0.0
2019-03-18,5,0,258,0.0,0.0,0.0,0.0,0.0
2019-03-18,5,0,260,0.0,0.0,0.0,0.0,0.0
2019-03-18,5,0,265,0.0,0.0,0.0,0.0,0.0
2019-03-18,5,0,266,15.16,15.16,0.0,212.339268,0.0
2019-03-18,5,0,267,18.63,18.63,0.0,260.941989,0.0
2019-03-18,5,0,270,24.48,24.48,0.0,218.983583,0.0
2019-03-18,5,0,272,24.31,24.31,0.0,376.680174,0.0
2019-03-18,5,0,273,0.0,0.0,0.0,0.0,0.0
2019-03-18,5,0,274,31.56,31.56,0.0,282.31707,0.0
2019-03-18,5,0,275,43.93,43.93,0.0,392.971765,0.0
2019-03-18,5,0,276,0.0,0.0,0.0,0.0,0.0
2019-03-18,5,0,277,0.0,0.0,0.0,0.0,0.0
2019-03-18,5,0,278,0.0,0.0,0.0,0.0,0.0
2019-03-18,5,0,279,9.0,9.0,0.0,137.947472,0.0
2019-03-18,5,0,281,3.02,3.02,0.0,43.359503,0.0
2019-03-18,5,0,282,0.0,0.0,0.0,0.0,0.0
2019-03-18,6,0,9,0.0,0.0,0.0,0.0,0.0
2019-03-18,6,0,17,0.0,0.0,0.0,0.0,0.0
2019-03-18,6,0,19,124.16,124.16,0.0,1931.759514,0.0
2019-03-18,6,0,20,150.58,150.58,0.0,2342.818521,0.0
2019-03-18,6,0,21,0.0,0.0,0.0,0.0,0.0
2019-03-18,6,0,22,0.0,0.0,0.0,0.0,0.0
2019-03-18,6,0,23,13.0,13.0,0.0,209.723345,0.0
2019-03-18,6,0,24,23.0,23.0,0.0,371.048995,0.0
2019-03-18,6,0,29,0.0,0.0,0.0,0.0,0.0
2019-03-18,6,0,30,0.0,0.0,0.0,0.0,0.0
2019-03-18,6,0,31,6.34,6.34,0.0,102.333214,0.0
2019-03-18,6,0,32,0.0,0.0,0.0,0.0,0.0
2019-03-18,6,0,33,0.0,0.0,0.0,0.0,0.0
2019-03-18,6,0,34,0.0,0.0,0.0,0.0,0.0
2019-03-18,6,0,35,0.0,0.0,0.0,0.0,0.0
2019-03-18,6,0,36,0.0,0.0,0.0,0.0,0.0
2019-03-18,6,0,37,0.0,0.0,0.0,0.0,0.0
2019-03-18,6,0,38,0.0,0.0,0.0,0.0,0.0
2019-03-18,6,0,39,0.0,0.0,0.0,0.0,0.0
2019-03-18,6,0,40,0.0,0.0,0.0,0.0,0.0
2019-03-18,6,0,41,14.79,14.79,0.0,233.03877,0.0
2019-03-18,6,0,42,0.0,0.0,0.0,0.0,0.0
2019-03-18,6,0,43,0.0,0.0,0.0,0.0,0.0
2019-03-18,6,0,46,0.0,0.0,0.0,0.0,0.0
2019-03-18,6,0,52,6.72,6.72,0.0,108.46675,0.0
2019-03-18,6,0,53,10.67,10.67,0.0,172.223247,0.0
2019-03-18,6,0,55,35.79,35.79,0.0,577.384501,0.0
2019-03-18,6,0,56,0.0,0.0,0.0,0.0,0.0
2019-03-18,6,0,57,0.0,0.0,0.0,0.0,0.0
2019-03-18,6,0,58,0.0,0.0,0.0,0.0,0.0
2019-03-18,6,0,59,0.0,0.0,0.0,0.0,0.0
2019-03-18,6,0,63,0.0,0.0,0.0,0.0,0.0
2019-03-18,6,0,64,0.0,0.0,0.0,0.0,0.0
2019-03-18,6,0,65,16.76,16.76,0.0,260.665988,0.0
2019-03-18,6,0,67,0.0,0.0,0.0,0.0,0.0
2019-03-18,6,0,68,0.0,0.0,0.0,0.0,0.0
2019-03-18,6,0,69,0.0,0.0,0.0,0.0,0.0
2019-03-18,6,0,74,3.77,3.77,0.0,58.179427,0.0
2019-03-18,6,0,77,8.18,8.18,0.0,138.609471,0.0
2019-03-18,6,0,78,6.18,6.18,0.0,104.719625,0.0
2019-03-18,6,0,79,3.58,3.58,0.0,60.662825,0.0
2019-03-18,6,0,80,5.79,5.79,0.0,98.111105,0.0
2019-03-18,6,0,81,7.57,7.57,0.0,128.273068,0.0
2019-03-18,6,0,82,5.34,5.34,0.0,90.485889,0.0
2019-03-18,6,0,83,11.9,11.9,0.0,201.644584,0.0
2019-03-18,6,0,84,0.0,0.0,0.0,0.0,0.0
2019-03-18,6,0,86,0.0,0.0,0.0,0.0,0.0
2019-03-18,6,0,87,0.0,0.0,0.0,0.0,0.0
2019-03-18,6,0,88,6.92,6.92,0.0,117.258868,0.0
2019-03-18,6,0,89,6.65,6.65,0.0,112.683738,0.0
2019-03-18,6,0,90,8.93,8.93,0.0,151.318163,0.0
2019-03-18,6,0,91,31.87,31.87,0.0,540.034698,0.0
2019-03-18,6,0,92,11.46,11.46,0.0,194.188818,0.0
2019-03-18,6,0,95,3.29,3.29,0.0,73.793833,0.0
2019-03-18,6,0,96,1.07,1.07,0.0,17.280052,0.0
2019-03-18,6,0,97,6.57,6.57,0.0,106.102748,0.0
2019-03-18,6,0,99,0.73,0.73,0.0,11.265512,0.0
2019-03-18,6,0,101,0.0,0.0,0.0,0.0,0.0
2019-03-18,6,0,102,0.0,0.0,0.0,0.0,0.0
2019-03-18,6,0,103,0.0,0.0,0.0,0.0,0.0
2019-03-18,6,0,104,0.0,0.0,0.0,0.0,0.0
2019-03-18,6,0,106,0.0,0.0,0.0,0.0,0.0
2019-03-18,6,0,109,7.44,7.44,0.0,114.337508,0.0
2019-03-18,6,0,110,47.19,47.19,0.0,422.133794,0.0
2019-03-18,6,0,111,0.0,0.0,0.0,0.0,0.0
2019-03-18,6,0,113,3.42,3.42,0.0,59.709907,0.0
2019-03-18,6,0,115,3.42,3.42,0.0,59.709907,0.0
2019-03-18,6,0,116,0.0,0.0,0.0,0.0,0.0
2019-03-18,6,0,117,0.14,0.14,0.0,2.444265,0.0
2019-03-18,6,0,119,0.0,0.0,0.0,0.0,0.0
2019-03-18,6,0,120,0.0,0.0,0.0,0.0,0.0
2019-03-18,6,0,123,0.0,0.0,0.0,0.0,0.0
2019-03-18,6,0,125,20.82,20.82,0.0,335.880003,0.0
2019-03-18,6,0,126,0.0,0.0,0.0,0.0,0.0
2019-03-18,6,0,127,0.0,0.0,0.0,0.0,0.0
2019-03-18,6,0,128,29.81,29.81,0.0,480.911762,0.0
2019-03-18,6,0,131,0.72,0.72,0.0,11.569692,0.0
2019-03-18,6,0,132,1.06,1.06,0.0,17.033158,0.0
2019-03-18,6,0,133,5.52,5.52,0.0,85.886637,0.0
2019-03-18,6,0,134,0.0,0.0,0.0,0.0,0.0
2019-03-18,6,0,135,7.4,7.4,0.0,115.137883,0.0
2019-03-18,6,0,136,26.27,26.27,0.0,408.5654,0.0
2019-03-18,6,0,139,19.1,19.1,0.0,300.949325,0.0
2019-03-18,6,0,140,34.93,34.93,0.0,312.463094,0.0
2019-03-18,6,0,141,23.93,23.93,0.0,334.64121,0.0
2019-03-18,6,0,142,0.0,0.0,0.0,0.0,0.0
2019-03-18,6,0,143,37.67,37.67,0.0,608.027154,0.0
2019-03-18,6,0,145,0.0,0.0,0.0,0.0,0.0
2019-03-18,6,0,146,27.41,27.41,0.0,245.193628,0.0
2019-03-18,6,0,152,0.0,0.0,0.0,0.0,0.0
2019-03-18,6,0,153,0.0,0.0,0.0,0.0,0.0
2019-03-18,6,0,154,0.0,0.0,0.0,0.0,0.0
2019-03-18,6,0,157,7.96,7.96,0.0,111.314001,0.0
2019-03-18,6,0,158,0.0,0.0,0.0,0.0,0.0
2019-03-18,6,0,159,0.0,0.0,0.0,0.0,0.0
2019-03-18,6,0,160,0.0,0.0,0.0,0.0,0.0
2019-03-18,6,0,161,0.0,0.0,0.0,0.0,0.0
2019-03-18,6,0,162,3.03,3.03,0.0,67.97334,0.0
2019-03-18,6,0,163,0.0,0.0,0.0,0.0,0.0
2019-03-18,6,0,164,0.0,0.0,0.0,0.0,0.0
2019-03-18,6,0,167,0.0,0.0,0.0,0.0,0.0
2019-03-18,6,0,168,0.0,0.0,0.0,0.0,0.0
2019-03-18,6,0,169,0.0,0.0,0.0,0.0,0.0
2019-03-18,6,0,170,0.0,0.0,0.0,0.0,0.0
2019-03-18,6,0,172,0.0,0.0,0.0,0.0,0.0
2019-03-18,6,0,173,0.0,0.0,0.0,0.0,0.0
2019-03-18,6,0,188,0.0,0.0,0.0,0.0,0.0
2019-03-18,6,0,190,0.0,0.0,0.0,0.0,0.0
2019-03-18,6,0,191,0.0,0.0,0.0,0.0,0.0
2019-03-18,6,0,192,0.0,0.0,0.0,0.0,0.0
2019-03-18,6,0,194,3.68,3.68,0.0,70.521619,0.0
2019-03-18,6,0,196,0.0,0.0,0.0,0.0,0.0
2019-03-18,6,0,198,0.0,0.0,0.0,0.0,0.0
2019-03-18,6,0,199,5.51,5.51,0.0,72.710996,0.0
2019-03-18,6,0,200,0.0,0.0,0.0,0.0,0.0
2019-03-18,6,0,204,29.21,29.21,0.0,449.09913,0.0
2019-03-18,6,0,205,39.34,39.34,0.0,604.57494,0.0
2019-03-18,6,0,206,19.29,19.29,0.0,311.525419,0.0
2019-03-18,6,0,210,0.0,0.0,0.0,0.0,0.0
2019-03-18,6,0,214,0.0,0.0,0.0,0.0,0.0
2019-03-18,6,0,217,0.0,0.0,0.0,0.0,0.0
2019-03-18,6,0,218,0.0,0.0,0.0,0.0,0.0
2019-03-18,6,0,219,0.0,0.0,0.0,0.0,0.0
2019-03-18,6,0,221,0.0,0.0,0.0,0.0,0.0
2019-03-18,6,0,225,0.0,0.0,0.0,0.0,0.0
2019-03-18,6,0,233,0.0,0.0,0.0,0.0,0.0
2019-03-18,6,0,236,5.84,5.84,0.0,90.364101,0.0
2019-03-18,6,0,237,9.05,9.05,0.0,139.661489,0.0
2019-03-18,6,0,238,0.0,0.0,0.0,0.0,0.0
2019-03-18,6,0,240,0.0,0.0,0.0,0.0,0.0
2019-03-18,6,0,245,6.55,6.55,0.0,102.04793,0.0
2019-03-18,6,0,247,0.0,0.0,0.0,0.0,0.0
2019-03-18,6,0,248,0.91,0.91,0.0,14.04331,0.0
2019-03-18,6,0,249,12.6,12.6,0.0,196.305941,0.0
2019-03-18,6,0,251,113.49,113.49,0.0,1764.019894,0.0
2019-03-18,6,0,252,108.15,108.15,0.0,1682.042157,0.0
2019-03-18,6,0,254,0.0,0.0,0.0,0.0,0.0
2019-03-18,6,0,255,0.0,0.0,0.0,0.0,0.0
2019-03-18,6,0,258,0.0,0.0,0.0,0.0,0.0
2019-03-18,6,0,260,0.0,0.0,0.0,0.0,0.0
2019-03-18,6,0,265,0.0,0.0,0.0,0.0,0.0
2019-03-18,6,0,266,12.37,12.37,0.0,194.908018,0.0
2019-03-18,6,0,267,15.2,15.2,0.0,239.498939,0.0
2019-03-18,6,0,270,0.0,0.0,0.0,0.0,0.0
2019-03-18,6,0,272,12.08,12.08,0.0,210.905168,0.0
2019-03-18,6,0,273,0.0,0.0,0.0,0.0,0.0
2019-03-18,6,0,274,0.0,0.0,0.0,0.0,0.0
2019-03-18,6,0,275,0.0,0.0,0.0,0.0,0.0
2019-03-18,6,0,276,0.0,0.0,0.0,0.0,0.0
2019-03-18,6,0,277,0.0,0.0,0.0,0.0,0.0
2019-03-18,6,0,278,0.0,0.0,0.0,0.0,0.0
2019-03-18,6,0,279,0.0,0.0,0.0,0.0,0.0
2019-03-18,6,0,281,2.85,2.85,0.0,46.001523,0.0
2019-03-18,6,0,282,0.0,0.0,0.0,0.0,0.0
2019-03-18,7,0,9,0.0,0.0,0.0,0.0,0.0
2019-03-18,7,0,17,0.0,0.0,0.0,0.0,0.0
2019-03-18,7,0,19,198.07,198.07,0.0,2721.954897,0.0
2019-03-18,7,0,20,240.22,240.22,0.0,3301.196573,0.0
2019-03-18,7,0,21,0.0,0.0,0.0,0.0,0.0
2019-03-18,7,0,22,0.0,0.0,0.0,0.0,0.0
2019-03-18,7,0,23,11.39,11.39,0.0,183.749915,0.0
2019-03-18,7,0,24,20.15,20.15,0.0,325.071185,0.0
2019-03-18,7,0,29,0.0,0.0,0.0,0.0,0.0
2019-03-18,7,0,30,0.0,0.0,0.0,0.0,0.0
2019-03-18,7,0,31,15.01,15.01,0.0,242.42159,0.0
2019-03-18,7,0,32,0.0,0.0,0.0,0.0,0.0
2019-03-18,7,0,33,0.0,0.0,0.0,0.0,0.0
2019-03-18,7,0,34,0.0,0.0,0.0,0.0,0.0
2019-03-18,7,0,35,0.0,0.0,0.0,0.0,0.0
2019-03-18,7,0,36,0.0,0.0,0.0,0.0,0.0
2019-03-18,7,0,37,0.0,0.0,0.0,0.0,0.0
2019-03-18,7,0,38,0.0,0.0,0.0,0.0,0.0
2019-03-18,7,0,39,0.0,0.0,0.0,0.0,0.0
2019-03-18,7,0,40,0.0,0.0,0.0,0.0,0.0
2019-03-18,7,0,41,9.9,9.9,0.0,150.732931,0.0
2019-03-18,7,0,42,0.0,0.0,0.0,0.0,0.0
2019-03-18,7,0,43,0.0,0.0,0.0,0.0,0.0
2019-03-18,7,0,46,0.0,0.0,0.0,0.0,0.0
2019-03-18,7,0,52,15.91,15.91,0.0,256.957194,0.0
2019-03-18,7,0,53,25.29,25.29,0.0,408.4505,0.0
2019-03-18,7,0,55,38.14,38.14,0.0,615.296029,0.0
2019-03-18,7,0,56,0.0,0.0,0.0,0.0,0.0
2019-03-18,7,0,57,0.0,0.0,0.0,0.0,0.0
2019-03-18,7,0,58,0.0,0.0,0.0,0.0,0.0
2019-03-18,7,0,59,0.0,0.0,0.0,0.0,0.0
2019-03-18,7,0,63,0.0,0.0,0.0,0.0,0.0
2019-03-18,7,0,64,0.0,0.0,0.0,0.0,0.0
2019-03-18,7,0,65,21.11,21.11,0.0,290.328597,0.0
2019-03-18,7,0,67,0.0,0.0,0.0,0.0,0.0
2019-03-18,7,0,68,0.0,0.0,0.0,0.0,0.0
2019-03-18,7,0,69,0.0,0.0,0.0,0.0,0.0
2019-03-18,7,0,74,3.26,3.26,0.0,45.918011,0.0
2019-03-18,7,0,77,0.0,0.0,0.0,0.0,0.0
2019-03-18,7,0,78,0.0,0.0,0.0,0.0,0.0
2019-03-18,7,0,79,0.0,0.0,0.0,0.0,0.0
2019-03-18,7,0,80,0.0,0.0,0.0,0.0,0.0
2019-03-18,7,0,81,0.0,0.0,0.0,0.0,0.0
2019-03-18,7,0,82,0.0,0.0,0.0,0.0,0.0
2019-03-18,7,0,83,0.0,0.0,0.0,0.0,0.0
2019-03-18,7,0,84,0.0,0.0,0.0,0.0,0.0
2019-03-18,7,0,86,0.0,0.0,0.0,0.0,0.0
2019-03-18,7,0,87,0.0,0.0,0.0,0.0,0.0
2019-03-18,7,0,88,0.0,0.0,0.0,0.0,0.0
2019-03-18,7,0,89,0.0,0.0,0.0,0.0,0.0
2019-03-18,7,0,90,0.0,0.0,0.0,0.0,0.0
2019-03-18,7,0,91,0.0,0.0,0.0,0.0,0.0
2019-03-18,7,0,92,0.0,0.0,0.0,0.0,0.0
2019-03-18,7,0,95,5.37,5.37,0.0,111.5469,0.0
2019-03-18,7,0,96,1.15,1.15,0.0,18.595035,0.0
2019-03-18,7,0,97,7.04,7.04,0.0,113.833956,0.0
2019-03-18,7,0,99,0.63,0.63,0.0,8.873726,0.0
2019-03-18,7,0,101,0.0,0.0,0.0,0.0,0.0
2019-03-18,7,0,102,0.0,0.0,0.0,0.0,0.0
2019-03-18,7,0,103,0.0,0.0,0.0,0.0,0.0
2019-03-18,7,0,104,0.0,0.0,0.0,0.0,0.0
2019-03-18,7,0,106,0.0,0.0,0.0,0.0,0.0
2019-03-18,7,0,109,24.91,24.91,0.0,362.147937,0.0
2019-03-18,7,0,110,31.94,31.94,0.0,531.228889,0.0
2019-03-18,7,0,111,0.0,0.0,0.0,0.0,0.0
2019-03-18,7,0,113,0.0,0.0,0.0,0.0,0.0
2019-03-18,7,0,115,0.0,0.0,0.0,0.0,0.0
2019-03-18,7,0,116,0.0,0.0,0.0,0.0,0.0
2019-03-18,7,0,117,0.0,0.0,0.0,0.0,0.0
2019-03-18,7,0,119,0.0,0.0,0.0,0.0,0.0
2019-03-18,7,0,120,0.0,0.0,0.0,0.0,0.0
2019-03-18,7,0,123,0.0,0.0,0.0,0.0,0.0
2019-03-18,7,0,125,18.24,18.24,0.0,294.257985,0.0
2019-03-18,7,0,126,0.0,0.0,0.0,0.0,0.0
2019-03-18,7,0,127,0.0,0.0,0.0,0.0,0.0
2019-03-18,7,0,128,26.12,26.12,0.0,421.382598,0.0
2019-03-18,7,0,131,0.0,0.0,0.0,0.0,0.0
2019-03-18,7,0,132,0.0,0.0,0.0,0.0,0.0
2019-03-18,7,0,133,8.16,8.16,0.0,112.129632,0.0
2019-03-18,7,0,134,0.0,0.0,0.0,0.0,0.0
2019-03-18,7,0,135,10.94,10.94,0.0,150.330658,0.0
2019-03-18,7,0,136,31.21,31.21,0.0,429.253626,0.0
2019-03-18,7,0,139,12.78,12.78,0.0,194.582511,0.0
2019-03-18,7,0,140,23.64,23.64,0.0,393.182559,0.0
2019-03-18,7,0,141,14.65,14.65,0.0,256.183508,0.0
2019-03-18,7,0,142,0.0,0.0,0.0,0.0,0.0
2019-03-18,7,0,143,26.93,26.93,0.0,434.937602,0.0
2019-03-18,7,0,145,1.77,1.77,0.0,27.528533,0.0
2019-03-18,7,0,146,14.75,14.75,0.0,245.323297,0.0
2019-03-18,7,0,152,0.0,0.0,0.0,0.0,0.0
2019-03-18,7,0,153,0.0,0.0,0.0,0.0,0.0
2019-03-18,7,0,154,0.0,0.0,0.0,0.0,0.0
2019-03-18,7,0,157,0.0,0.0,0.0,0.0,0.0
2019-03-18,7,0,158,0.0,0.0,0.0,0.0,0.0
2019-03-18,7,0,159,0.0,0.0,0.0,0.0,0.0
2019-03-18,7,0,160,0.0,0.0,0.0,0.0,0.0
2019-03-18,7,0,161,0.0,0.0,0.0,0.0,0.0
2019-03-18,7,0,162,4.99,4.99,0.0,103.631999,0.0
2019-03-18,7,0,163,0.0,0.0,0.0,0.0,0.0
2019-03-18,7,0,164,0.0,0.0,0.0,0.0,0.0
2019-03-18,7,0,167,0.0,0.0,0.0,0.0,0.0
2019-03-18,7,0,168,0.0,0.0,0.0,0.0,0.0
2019-03-18,7,0,169,0.0,0.0,0.0,0.0,0.0
2019-03-18,7,0,170,0.0,0.0,0.0,0.0,0.0
2019-03-18,7,0,172,0.0,0.0,0.0,0.0,0.0
2019-03-18,7,0,173,0.0,0.0,0.0,0.0,0.0
2019-03-18,7,0,188,0.0,0.0,0.0,0.0,0.0
2019-03-18,7,0,190,0.0,0.0,0.0,0.0,0.0
2019-03-18,7,0,191,0.0,0.0,0.0,0.0,0.0
2019-03-18,7,0,192,0.0,0.0,0.0,0.0,0.0
2019-03-18,7,0,194,0.0,0.0,0.0,0.0,0.0
2019-03-18,7,0,196,0.0,0.0,0.0,0.0,0.0
2019-03-18,7,0,198,0.0,0.0,0.0,0.0,0.0
2019-03-18,7,0,199,8.44,8.44,0.0,110.808399,0.0
2019-03-18,7,0,200,0.0,0.0,0.0,0.0,0.0
2019-03-18,7,0,204,115.37,115.37,0.0,1683.632056,0.0
2019-03-18,7,0,205,131.77,131.77,0.0,1915.705885,0.0
2019-03-18,7,0,206,20.69,20.69,0.0,334.548941,0.0
2019-03-18,7,0,210,0.0,0.0,0.0,0.0,0.0
2019-03-18,7,0,214,0.0,0.0,0.0,0.0,0.0
2019-03-18,7,0,217,0.0,0.0,0.0,0.0,0.0
2019-03-18,7,0,218,0.0,0.0,0.0,0.0,0.0
2019-03-18,7,0,219,0.0,0.0,0.0,0.0,0.0
2019-03-18,7,0,221,0.0,0.0,0.0,0.0,0.0
2019-03-18,7,0,225,0.0,0.0,0.0,0.0,0.0
2019-03-18,7,0,233,0.0,0.0,0.0,0.0,0.0
2019-03-18,7,0,236,7.36,7.36,0.0,102.191995,0.0
2019-03-18,7,0,237,7.82,7.82,0.0,110.146886,0.0
2019-03-18,7,0,238,0.0,0.0,0.0,0.0,0.0
2019-03-18,7,0,240,0.0,0.0,0.0,0.0,0.0
2019-03-18,7,0,245,16.9,16.9,0.0,231.578758,0.0
2019-03-18,7,0,247,9.3,9.3,0.0,127.436832,0.0
2019-03-18,7,0,248,0.79,0.79,0.0,11.127371,0.0
2019-03-18,7,0,249,32.5,32.5,0.0,445.343766,0.0
2019-03-18,7,0,251,161.73,161.73,0.0,2227.14639,0.0
2019-03-18,7,0,252,136.18,136.18,0.0,1872.901388,0.0
2019-03-18,7,0,254,0.0,0.0,0.0,0.0,0.0
2019-03-18,7,0,255,0.0,0.0,0.0,0.0,0.0
2019-03-18,7,0,258,0.0,0.0,0.0,0.0,0.0
2019-03-18,7,0,260,0.0,0.0,0.0,0.0,0.0
2019-03-18,7,0,265,0.0,0.0,0.0,0.0,0.0
2019-03-18,7,0,266,8.27,8.27,0.0,125.915287,0.0
2019-03-18,7,0,267,10.17,10.17,0.0,154.843829,0.0
2019-03-18,7,0,270,0.0,0.0,0.0,0.0,0.0
2019-03-18,7,0,272,0.0,0.0,0.0,0.0,0.0
2019-03-18,7,0,273,0.0,0.0,0.0,0.0,0.0
2019-03-18,7,0,274,0.0,0.0,0.0,0.0,0.0
2019-03-18,7,0,275,0.0,0.0,0.0,0.0,0.0
2019-03-18,7,0,276,0.0,0.0,0.0,0.0,0.0
2019-03-18,7,0,277,0.0,0.0,0.0,0.0,0.0
2019-03-18,7,0,278,0.0,0.0,0.0,0.0,0.0
2019-03-18,7,0,279,0.0,0.0,0.0,0.0,0.0
2019-03-18,7,0,281,6.73,6.73,0.0,108.694024,0.0
2019-03-18,7,0,282,0.0,0.0,0.0,0.0,0.0
2019-03-18,8,0,9,0.04,0.04,0.0,0.636927,0.0
2019-03-18,8,0,17,4.3,4.3,0.0,59.099088,0.0
2019-03-18,8,0,19,224.71,224.71,0.0,3088.408378,0.0
2019-03-18,8,0,20,279.66,279.66,0.0,3843.639744,0.0
2019-03-18,8,0,21,1.02,1.02,0.0,16.241646,0.0
2019-03-18,8,0,22,3.63,3.63,0.0,57.801152,0.0
2019-03-18,8,0,23,5.96,5.96,0.0,94.902167,0.0
2019-03-18,8,0,24,10.54,10.54,0.0,167.830342,0.0
2019-03-18,8,0,29,1.14,1.14,0.0,10.253515,0.0
2019-03-18,8,0,30,0.0,0.0,0.0,0.0,0.0
2019-03-18,8,0,31,4.67,4.67,0.0,74.439775,0.0
2019-03-18,8,0,32,0.62,0.62,0.0,11.876559,0.0
2019-03-18,8,0,33,0.26,0.26,0.0,3.514306,0.0
2019-03-18,8,0,34,0.41,0.41,0.0,5.54179,0.0
2019-03-18,8,0,35,0.41,0.41,0.0,5.54179,0.0
2019-03-18,8,0,36,0.88,0.88,0.0,12.233892,0.0
2019-03-18,8,0,37,0.43,0.43,0.0,5.966466,0.0
2019-03-18,8,0,38,0.55,0.55,0.0,7.631526,0.0
2019-03-18,8,0,39,0.37,0.37,0.0,5.133936,0.0
2019-03-18,8,0,40,0.37,0.37,0.0,5.133936,0.0
2019-03-18,8,0,41,2.71,2.71,0.0,40.878023,0.0
2019-03-18,8,0,42,2.68,2.68,0.0,36.965961,0.0
2019-03-18,8,0,43,2.81,2.81,0.0,38.310173,0.0
2019-03-18,8,0,46,2.25,2.25,0.0,31.559792,0.0
2019-03-18,8,0,52,4.95,4.95,0.0,78.902973,0.0
2019-03-18,8,0,53,7.87,7.87,0.0,125.447757,0.0
2019-03-18,8,0,55,25.76,25.76,0.0,410.181178,0.0
2019-03-18,8,0,56,0.0,0.0,0.0,0.0,0.0
2019-03-18,8,0,57,0.0,0.0,0.0,0.0,0.0
2019-03-18,8,0,58,0.0,0.0,0.0,0.0,0.0
2019-03-18,8,0,59,0.0,0.0,0.0,0.0,0.0
2019-03-18,8,0,63,0.0,0.0,0.0,0.0,0.0
2019-03-18,8,0,64,0.0,0.0,0.0,0.0,0.0
2019-03-18,8,0,65,18.37,18.37,0.0,252.645018,0.0
2019-03-18,8,0,67,2.69,2.69,0.0,48.308495,0.0
2019-03-18,8,0,68,0.0,0.0,0.0,0.0,0.0
2019-03-18,8,0,69,0.26,0.26,0.0,3.514306,0.0
2019-03-18,8,0,74,3.01,3.01,0.0,42.262394,0.0
2019-03-18,8,0,77,0.0,0.0,0.0,0.0,0.0
2019-03-18,8,0,78,0.0,0.0,0.0,0.0,0.0
2019-03-18,8,0,79,0.0,0.0,0.0,0.0,0.0
2019-03-18,8,0,80,0.0,0.0,0.0,0.0,0.0
2019-03-18,8,0,81,0.0,0.0,0.0,0.0,0.0
2019-03-18,8,0,82,0.0,0.0,0.0,0.0,0.0
2019-03-18,8,0,83,0.0,0.0,0.0,0.0,0.0
2019-03-18,8,0,84,0.0,0.0,0.0,0.0,0.0
2019-03-18,8,0,86,1.31,1.31,0.0,17.706695,0.0
2019-03-18,8,0,87,6.7,6.7,0.0,90.560961,0.0
2019-03-18,8,0,88,0.0,0.0,0.0,0.0,0.0
2019-03-18,8,0,89,0.0,0.0,0.0,0.0,0.0
2019-03-18,8,0,90,0.0,0.0,0.0,0.0,0.0
2019-03-18,8,0,91,0.0,0.0,0.0,0.0,0.0
2019-03-18,8,0,92,0.0,0.0,0.0,0.0,0.0
2019-03-18,8,0,95,2.59,2.59,0.0,49.66716,0.0
2019-03-18,8,0,96,0.7,0.7,0.0,11.170296,0.0
2019-03-18,8,0,97,4.3,4.3,0.0,68.61753,0.0
2019-03-18,8,0,99,0.58,0.58,0.0,8.143584,0.0
2019-03-18,8,0,101,0.0,0.0,0.0,0.0,0.0
2019-03-18,8,0,102,0.0,0.0,0.0,0.0,0.0
2019-03-18,8,0,103,0.0,0.0,0.0,0.0,0.0
2019-03-18,8,0,104,0.0,0.0,0.0,0.0,0.0
2019-03-18,8,0,106,3.57,3.57,0.0,56.845761,0.0
2019-03-18,8,0,109,18.53,18.53,0.0,267.581472,0.0
2019-03-18,8,0,110,0.0,0.0,0.0,0.0,0.0
2019-03-18,8,0,111,0.7,0.7,0.0,10.558899,0.0
2019-03-18,8,0,113,0.0,0.0,0.0,0.0,0.0
2019-03-18,8,0,115,0.0,0.0,0.0,0.0,0.0
2019-03-18,8,0,116,5.65,5.65,0.0,104.318719,0.0
2019-03-18,8,0,117,0.0,0.0,0.0,0.0,0.0
2019-03-18,8,0,119,0.0,0.0,0.0,0.0,0.0
2019-03-18,8,0,120,0.0,0.0,0.0,0.0,0.0
2019-03-18,8,0,123,0.06,0.06,0.0,0.955391,0.0
2019-03-18,8,0,125,9.54,9.54,0.0,151.90716,0.0
2019-03-18,8,0,126,2.68,2.68,0.0,42.674129,0.0
2019-03-18,8,0,127,3.44,3.44,0.0,54.775747,0.0
2019-03-18,8,0,128,13.66,13.66,0.0,217.510671,0.0
2019-03-18,8,0,131,0.0,0.0,0.0,0.0,0.0
2019-03-18,8,0,132,0.0,0.0,0.0,0.0,0.0
2019-03-18,8,0,133,11.58,11.58,0.0,159.145227,0.0
2019-03-18,8,0,134,0.0,0.0,0.0,0.0,0.0
2019-03-18,8,0,135,15.52,15.52,0.0,213.293085,0.0
2019-03-18,8,0,136,29.11,29.11,0.0,400.368279,0.0
2019-03-18,8,0,139,3.51,3.51,0.0,52.945336,0.0
2019-03-18,8,0,140,0.0,0.0,0.0,0.0,0.0
2019-03-18,8,0,141,0.0,0.0,0.0,0.0,0.0
2019-03-18,8,0,142,3.55,3.55,0.0,63.752846,0.0
2019-03-18,8,0,143,7.13,7.13,0.0,113.652161,0.0
2019-03-18,8,0,145,1.17,1.17,0.0,17.999363,0.0
2019-03-18,8,0,146,0.0,0.0,0.0,0.0,0.0
2019-03-18,8,0,152,0.62,0.62,0.0,8.671038,0.0
2019-03-18,8,0,153,0.8,0.8,0.0,11.19687,0.0
2019-03-18,8,0,154,2.9,2.9,0.0,43.744009,0.0
2019-03-18,8,0,157,0.0,0.0,0.0,0.0,0.0
2019-03-18,8,0,158,0.0,0.0,0.0,0.0,0.0
2019-03-18,8,0,159,0.0,0.0,0.0,0.0,0.0
2019-03-18,8,0,160,0.23,0.23,0.0,2.981943,0.0
2019-03-18,8,0,161,1.62,1.62,0.0,28.825728,0.0
2019-03-18,8,0,162,2.51,2.51,0.0,48.117937,0.0
2019-03-18,8,0,163,0.0,0.0,0.0,0.0,0.0
2019-03-18,8,0,164,0.0,0.0,0.0,0.0,0.0
2019-03-18,8,0,167,0.75,0.75,0.0,14.38713,0.0
2019-03-18,8,0,168,0.38,0.38,0.0,7.289479,0.0
2019-03-18,8,0,169,0.0,0.0,0.0,0.0,0.0
2019-03-18,8,0,170,0.82,0.82,0.0,15.729929,0.0
2019-03-18,8,0,172,0.99,0.99,0.0,19.656956,0.0
2019-03-18,8,0,173,1.51,1.51,0.0,29.981822,0.0
2019-03-18,8,0,188,1.25,1.25,0.0,24.104087,0.0
2019-03-18,8,0,190,0.65,0.65,0.0,12.247415,0.0
2019-03-18,8,0,191,1.67,1.67,0.0,31.466434,0.0
2019-03-18,8,0,192,0.0,0.0,0.0,0.0,0.0
2019-03-18,8,0,194,0.0,0.0,0.0,0.0,0.0
2019-03-18,8,0,196,0.39,0.39,0.0,7.261961,0.0
2019-03-18,8,0,198,1.16,1.16,0.0,13.444184,0.0
2019-03-18,8,0,199,5.07,5.07,0.0,65.268863,0.0
2019-03-18,8,0,200,2.16,2.16,0.0,27.806853,0.0
2019-03-18,8,0,204,85.09,85.09,0.0,1232.968881,0.0
2019-03-18,8,0,205,98.03,98.03,0.0,1415.596961,0.0
2019-03-18,8,0,206,12.65,12.65,0.0,201.863198,0.0
2019-03-18,8,0,210,0.36,0.36,0.0,3.278645,0.0
2019-03-18,8,0,214,1.68,1.68,0.0,22.483557,0.0
2019-03-18,8,0,217,1.26,1.26,0.0,14.460798,0.0
2019-03-18,8,0,218,1.73,1.73,0.0,19.854905,0.0
2019-03-18,8,0,219,1.18,1.18,0.0,13.542652,0.0
2019-03-18,8,0,221,0.9,0.9,0.0,12.044763,0.0
2019-03-18,8,0,225,1.01,1.01,0.0,9.073229,0.0
2019-03-18,8,0,233,0.74,0.74,0.0,10.002255,0.0
2019-03-18,8,0,236,7.78,7.78,0.0,107.867169,0.0
2019-03-18,8,0,237,7.23,7.23,0.0,101.51399,0.0
2019-03-18,8,0,238,3.49,3.49,0.0,48.138509,0.0
2019-03-18,8,0,240,1.0,1.0,0.0,13.90215,0.0
2019-03-18,8,0,245,17.94,17.94,0.0,245.962789,0.0
2019-03-18,8,0,247,12.18,12.18,0.0,166.991459,0.0
2019-03-18,8,0,248,0.73,0.73,0.0,10.249684,0.0
2019-03-18,8,0,249,34.51,34.51,0.0,473.142467,0.0
2019-03-18,8,0,251,140.15,140.15,0.0,1929.608405,0.0
2019-03-18,8,0,252,118.51,118.51,0.0,1629.883562,0.0
2019-03-18,8,0,254,1.67,1.67,0.0,22.487806,0.0
2019-03-18,8,0,255,0.77,0.77,0.0,10.368629,0.0
2019-03-18,8,0,258,1.23,1.23,0.0,17.046278,0.0
2019-03-18,8,0,260,0.57,0.57,0.0,7.390033,0.0
2019-03-18,8,0,265,3.0,3.0,0.0,45.252424,0.0
2019-03-18,8,0,266,2.27,2.27,0.0,34.241,0.0
2019-03-18,8,0,267,2.79,2.79,0.0,42.084754,0.0
2019-03-18,8,0,270,0.0,0.0,0.0,0.0,0.0
2019-03-18,8,0,272,0.0,0.0,0.0,0.0,0.0
2019-03-18,8,0,273,1.35,1.35,0.0,24.925712,0.0
2019-03-18,8,0,274,0.0,0.0,0.0,0.0,0.0
2019-03-18,8,0,275,0.0,0.0,0.0,0.0,0.0
2019-03-18,8,0,276,0.29,0.29,0.0,5.321717,0.0
2019-03-18,8,0,277,0.4,0.4,0.0,7.096699,0.0
2019-03-18,8,0,278,0.63,0.63,0.0,11.177301,0.0
2019-03-18,8,0,279,0.0,0.0,0.0,0.0,0.0
2019-03-18,8,0,281,2.1,2.1,0.0,33.473989,0.0
2019-03-18,8,0,282,0.0,0.0,0.0,0.0,0.0
2019-03-18,9,0,9,1.04,1.04,0.0,11.807772,0.0
2019-03-18,9,0,17,17.32,17.32,0.0,188.901203,0.0
2019-03-18,9,0,19,219.5,219.5,0.0,2393.984642,0.0
2019-03-18,9,0,20,272.56,272.56,0.0,2972.685439,0.0
2019-03-18,9,0,21,23.77,23.77,0.0,269.875717,0.0
2019-03-18,9,0,22,84.48,84.48,0.0,959.15442,0.0
2019-03-18,9,0,23,2.79,2.79,0.0,31.67662,0.0
2019-03-18,9,0,24,4.94,4.94,0.0,56.086918,0.0
2019-03-18,9,0,29,3.43,3.43,0.0,30.850488,0.0
2019-03-18,9,0,30,180.89,180.89,0.0,2054.511963,0.0
2019-03-18,9,0,31,4.62,4.62,0.0,52.473024,0.0
2019-03-18,9,0,32,2.4,2.4,0.0,39.475853,0.0
2019-03-18,9,0,33,1.03,1.03,0.0,11.224425,0.0
2019-03-18,9,0,34,1.65,1.65,0.0,17.980874,0.0
2019-03-18,9,0,35,1.65,1.65,0.0,17.980874,0.0
2019-03-18,9,0,36,4.21,4.21,0.0,45.623491,0.0
2019-03-18,9,0,37,2.02,2.02,0.0,21.863723,0.0
2019-03-18,9,0,38,2.6,2.6,0.0,28.141426,0.0
2019-03-18,9,0,39,1.73,1.73,0.0,18.724872,0.0
2019-03-18,9,0,40,1.73,1.73,0.0,18.724872,0.0
2019-03-18,9,0,41,1.73,1.73,0.0,19.294282,0.0
2019-03-18,9,0,42,15.4,15.4,0.0,167.990818,0.0
2019-03-18,9,0,43,12.67,12.67,0.0,136.108811,0.0
2019-03-18,9,0,46,10.89,10.89,0.0,118.219051,0.0
2019-03-18,9,0,52,4.9,4.9,0.0,55.653207,0.0
2019-03-18,9,0,53,7.83,7.83,0.0,88.931553,0.0
2019-03-18,9,0,55,16.73,16.73,0.0,189.946182,0.0
2019-03-18,9,0,56,53.35,53.35,0.0,605.938489,0.0
2019-03-18,9,0,57,50.75,50.75,0.0,576.408216,0.0
2019-03-18,9,0,58,97.6,97.6,0.0,1108.521022,0.0
2019-03-18,9,0,59,95.97,95.97,0.0,1090.007812,0.0
2019-03-18,9,0,63,0.0,0.0,0.0,0.0,0.0
2019-03-18,9,0,64,0.0,0.0,0.0,0.0,0.0
2019-03-18,9,0,65,16.12,16.12,0.0,175.819225,0.0
2019-03-18,9,0,67,106.34,106.34,0.0,1381.12681,0.0
2019-03-18,9,0,68,0.0,0.0,0.0,0.0,0.0
2019-03-18,9,0,69,1.03,1.03,0.0,11.224425,0.0
2019-03-18,9,0,74,2.92,2.92,0.0,31.914189,0.0
2019-03-18,9,0,77,0.0,0.0,0.0,0.0,0.0
2019-03-18,9,0,78,0.0,0.0,0.0,0.0,0.0
2019-03-18,9,0,79,0.0,0.0,0.0,0.0,0.0
2019-03-18,9,0,80,0.0,0.0,0.0,0.0,0.0
2019-03-18,9,0,81,0.0,0.0,0.0,0.0,0.0
2019-03-18,9,0,82,0.0,0.0,0.0,0.0,0.0
2019-03-18,9,0,83,0.0,0.0,0.0,0.0,0.0
2019-03-18,9,0,84,0.0,0.0,0.0,0.0,0.0
2019-03-18,9,0,86,5.24,5.24,0.0,57.102898,0.0
2019-03-18,9,0,87,26.73,26.73,0.0,291.290166,0.0
2019-03-18,9,0,88,0.0,0.0,0.0,0.0,0.0
2019-03-18,9,0,89,0.0,0.0,0.0,0.0,0.0
2019-03-18,9,0,90,0.0,0.0,0.0,0.0,0.0
2019-03-18,9,0,91,0.0,0.0,0.0,0.0,0.0
2019-03-18,9,0,92,0.0,0.0,0.0,0.0,0.0
2019-03-18,9,0,95,0.99,0.99,0.0,16.271733,0.0
2019-03-18,9,0,96,0.0,0.0,0.0,0.0,0.0
2019-03-18,9,0,97,0.0,0.0,0.0,0.0,0.0
2019-03-18,9,0,99,0.56,0.56,0.0,6.120529,0.0
2019-03-18,9,0,101,3.64,3.64,0.0,41.342382,0.0
2019-03-18,9,0,102,0.0,0.0,0.0,0.0,0.0
2019-03-18,9,0,103,0.0,0.0,0.0,0.0,0.0
2019-03-18,9,0,104,0.0,0.0,0.0,0.0,0.0
2019-03-18,9,0,106,83.17,83.17,0.0,944.281168,0.0
2019-03-18,9,0,109,12.51,12.51,0.0,137.361454,0.0
2019-03-18,9,0,110,0.0,0.0,0.0,0.0,0.0
2019-03-18,9,0,111,5.79,5.79,0.0,64.574503,0.0
2019-03-18,9,0,113,0.0,0.0,0.0,0.0,0.0
2019-03-18,9,0,115,0.0,0.0,0.0,0.0,0.0
2019-03-18,9,0,116,44.37,44.37,0.0,665.438033,0.0
2019-03-18,9,0,117,0.0,0.0,0.0,0.0,0.0
2019-03-18,9,0,119,0.0,0.0,0.0,0.0,0.0
2019-03-18,9,0,120,0.0,0.0,0.0,0.0,0.0
2019-03-18,9,0,123,1.39,1.39,0.0,15.781542,0.0
2019-03-18,9,0,125,4.47,4.47,0.0,50.750713,0.0
2019-03-18,9,0,126,62.37,62.37,0.0,708.125724,0.0
2019-03-18,9,0,127,80.05,80.05,0.0,908.857851,0.0
2019-03-18,9,0,128,6.41,6.41,0.0,72.77675,0.0
2019-03-18,9,0,131,0.0,0.0,0.0,0.0,0.0
2019-03-18,9,0,132,0.0,0.0,0.0,0.0,0.0
2019-03-18,9,0,133,16.6,16.6,0.0,181.047928,0.0
2019-03-18,9,0,134,0.0,0.0,0.0,0.0,0.0
2019-03-18,9,0,135,22.24,22.24,0.0,242.560597,0.0
2019-03-18,9,0,136,27.39,27.39,0.0,298.740533,0.0
2019-03-18,9,0,139,2.23,2.23,0.0,24.870663,0.0
2019-03-18,9,0,140,0.0,0.0,0.0,0.0,0.0
2019-03-18,9,0,141,0.0,0.0,0.0,0.0,0.0
2019-03-18,9,0,142,140.24,140.24,0.0,1821.414555,0.0
2019-03-18,9,0,143,8.26,8.26,0.0,93.815406,0.0
2019-03-18,9,0,145,0.73,0.73,0.0,8.189081,0.0
2019-03-18,9,0,146,0.0,0.0,0.0,0.0,0.0
2019-03-18,9,0,152,3.14,3.14,0.0,34.255084,0.0
2019-03-18,9,0,153,3.99,3.99,0.0,43.527836,0.0
2019-03-18,9,0,154,23.88,23.88,0.0,266.328001,0.0
2019-03-18,9,0,157,0.0,0.0,0.0,0.0,0.0
2019-03-18,9,0,158,94.12,94.12,0.0,1222.415416,0.0
2019-03-18,9,0,159,0.0,0.0,0.0,0.0,0.0
2019-03-18,9,0,160,1.0,1.0,0.0,10.527248,0.0
2019-03-18,9,0,161,21.0,21.0,0.0,258.963431,0.0
2019-03-18,9,0,162,1.04,1.04,0.0,17.09273,0.0
2019-03-18,9,0,163,0.0,0.0,0.0,0.0,0.0
2019-03-18,9,0,164,4.37,4.37,0.0,49.633574,0.0
2019-03-18,9,0,167,2.76,2.76,0.0,45.374937,0.0
2019-03-18,9,0,168,1.38,1.38,0.0,22.687469,0.0
2019-03-18,9,0,169,0.0,0.0,0.0,0.0,0.0
2019-03-18,9,0,170,3.02,3.02,0.0,49.649388,0.0
2019-03-18,9,0,172,3.67,3.67,0.0,60.487436,0.0
2019-03-18,9,0,173,5.59,5.59,0.0,92.13209,0.0
2019-03-18,9,0,188,4.87,4.87,0.0,79.750935,0.0
2019-03-18,9,0,190,3.78,3.78,0.0,61.697105,0.0
2019-03-18,9,0,191,9.76,9.76,0.0,159.302579,0.0
2019-03-18,9,0,192,0.0,0.0,0.0,0.0,0.0
2019-03-18,9,0,194,0.0,0.0,0.0,0.0,0.0
2019-03-18,9,0,196,2.44,2.44,0.0,38.51676,0.0
2019-03-18,9,0,198,4.48,4.48,0.0,45.04498,0.0
2019-03-18,9,0,199,2.78,2.78,0.0,29.240819,0.0
2019-03-18,9,0,200,8.46,8.46,0.0,88.984651,0.0
2019-03-18,9,0,204,33.89,33.89,0.0,372.423519,0.0
2019-03-18,9,0,205,70.44,70.44,0.0,773.440515,0.0
2019-03-18,9,0,206,0.0,0.0,0.0,0.0,0.0
2019-03-18,9,0,210,1.11,1.11,0.0,10.063254,0.0
2019-03-18,9,0,214,5.7,5.7,0.0,62.087818,0.0
2019-03-18,9,0,217,4.03,4.03,0.0,40.609013,0.0
2019-03-18,9,0,218,5.57,5.57,0.0,56.127097,0.0
2019-03-18,9,0,219,3.79,3.79,0.0,38.19061,0.0
2019-03-18,9,0,221,3.04,3.04,0.0,33.113503,0.0
2019-03-18,9,0,225,3.11,3.11,0.0,27.950779,0.0
2019-03-18,9,0,233,2.96,2.96,0.0,32.256599,0.0
2019-03-18,9,0,236,9.42,9.42,0.0,102.768501,0.0
2019-03-18,9,0,237,7.01,7.01,0.0,76.615912,0.0
2019-03-18,9,0,238,20.04,20.04,0.0,218.606234,0.0
2019-03-18,9,0,240,4.77,4.77,0.0,51.692173,0.0
2019-03-18,9,0,245,22.52,22.52,0.0,245.585057,0.0
2019-03-18,9,0,247,20.28,20.28,0.0,221.157414,0.0
2019-03-18,9,0,248,0.7,0.7,0.0,7.650662,0.0
2019-03-18,9,0,249,43.3,43.3,0.0,472.19507,0.0
2019-03-18,9,0,251,121.63,121.63,0.0,1326.678886,0.0
2019-03-18,9,0,252,103.96,103.96,0.0,1133.881305,0.0
2019-03-18,9,0,254,6.98,6.98,0.0,74.606181,0.0
2019-03-18,9,0,255,3.2,3.2,0.0,34.203407,0.0
2019-03-18,9,0,258,5.85,5.85,0.0,63.306938,0.0
2019-03-18,9,0,260,2.43,2.43,0.0,25.581213,0.0
2019-03-18,9,0,265,24.73,24.73,0.0,275.807851,0.0
2019-03-18,9,0,266,1.44,1.44,0.0,16.05998,0.0
2019-03-18,9,0,267,1.77,1.77,0.0,19.740392,0.0
2019-03-18,9,0,270,0.0,0.0,0.0,0.0,0.0
2019-03-18,9,0,272,0.0,0.0,0.0,0.0,0.0
2019-03-18,9,0,273,10.61,10.61,0.0,159.123226,0.0
2019-03-18,9,0,274,0.0,0.0,0.0,0.0,0.0
2019-03-18,9,0,275,0.0,0.0,0.0,0.0,0.0
2019-03-18,9,0,276,2.34,2.34,0.0,34.044115,0.0
2019-03-18,9,0,277,3.02,3.02,0.0,35.42901,0.0
2019-03-18,9,0,278,4.83,4.83,0.0,56.662954,0.0
2019-03-18,9,0,279,0.0,0.0,0.0,0.0,0.0
2019-03-18,9,0,281,2.06,2.06,0.0,23.397063,0.0
2019-03-18,9,0,282,99.23,99.23,0.0,1127.034231,0.0
2019-03-18,10,0,9,2.12,2.12,0.0,24.045822,0.0
2019-03-18,10,0,17,30.04,30.04,0.0,445.235038,0.0
2019-03-18,10,0,19,202.99,202.99,0.0,3008.597215,0.0
2019-03-18,10,0,20,251.52,251.52,0.0,3727.88005,0.0
2019-03-18,10,0,21,48.49,48.49,0.0,549.991466,0.0
2019-03-18,10,0,22,172.34,172.34,0.0,1954.743849,0.0
2019-03-18,10,0,23,0.0,0.0,0.0,0.0,0.0
2019-03-18,10,0,24,0.0,0.0,0.0,0.0,0.0
2019-03-18,10,0,29,5.35,5.35,0.0,41.860476,0.0
2019-03-18,10,0,30,350.97,350.97,0.0,3975.103477,0.0
2019-03-18,10,0,31,7.15,7.15,0.0,80.981252,0.0
2019-03-18,10,0,32,4.27,4.27,0.0,69.375306,0.0
2019-03-18,10,0,33,1.84,1.84,0.0,28.949471,0.0
2019-03-18,10,0,34,2.94,2.94,0.0,46.256219,0.0
2019-03-18,10,0,35,2.94,2.94,0.0,46.256219,0.0
2019-03-18,10,0,36,7.44,7.44,0.0,97.313212,0.0
2019-03-18,10,0,37,3.57,3.57,0.0,46.43806,0.0
2019-03-18,10,0,38,4.6,4.6,0.0,59.836156,0.0
2019-03-18,10,0,39,3.06,3.06,0.0,39.804051,0.0
2019-03-18,10,0,40,3.06,3.06,0.0,39.804051,0.0
2019-03-18,10,0,41,1.0,1.0,0.0,12.262741,0.0
2019-03-18,10,0,42,18.86,18.86,0.0,275.803284,0.0
2019-03-18,10,0,43,21.58,21.58,0.0,279.167453,0.0
2019-03-18,10,0,46,19.46,19.46,0.0,248.758758,0.0
2019-03-18,10,0,52,7.58,7.58,0.0,85.851453,0.0
2019-03-18,10,0,53,12.08,12.08,0.0,136.818674,0.0
2019-03-18,10,0,55,10.39,10.39,0.0,117.847212,0.0
2019-03-18,10,0,56,103.52,103.52,0.0,1172.47261,0.0
2019-03-18,10,0,57,98.47,98.47,0.0,1115.276062,0.0
2019-03-18,10,0,58,189.37,189.37,0.0,2144.813931,0.0
2019-03-18,10,0,59,186.22,186.22,0.0,2109.136876,0.0
2019-03-18,10,0,63,0.0,0.0,0.0,0.0,0.0
2019-03-18,10,0,64,0.0,0.0,0.0,0.0,0.0
2019-03-18,10,0,65,14.34,14.34,0.0,212.012351,0.0
2019-03-18,10,0,67,225.32,225.32,0.0,2001.91628,0.0
2019-03-18,10,0,68,0.0,0.0,0.0,0.0,0.0
2019-03-18,10,0,69,1.84,1.84,0.0,28.949471,0.0
2019-03-18,10,0,74,4.8,4.8,0.0,66.215472,0.0
2019-03-18,10,0,77,0.0,0.0,0.0,0.0,0.0
2019-03-18,10,0,78,0.0,0.0,0.0,0.0,0.0
2019-03-18,10,0,79,0.0,0.0,0.0,0.0,0.0
2019-03-18,10,0,80,0.0,0.0,0.0,0.0,0.0
2019-03-18,10,0,81,0.0,0.0,0.0,0.0,0.0
2019-03-18,10,0,82,0.0,0.0,0.0,0.0,0.0
2019-03-18,10,0,83,0.0,0.0,0.0,0.0,0.0
2019-03-18,10,0,84,0.0,0.0,0.0,0.0,0.0
2019-03-18,10,0,86,9.31,9.31,0.0,146.478028,0.0
2019-03-18,10,0,87,47.51,47.51,0.0,747.494212,0.0
2019-03-18,10,0,88,0.0,0.0,0.0,0.0,0.0
2019-03-18,10,0,89,0.0,0.0,0.0,0.0,0.0
2019-03-18,10,0,90,0.0,0.0,0.0,0.0,0.0
2019-03-18,10,0,91,0.0,0.0,0.0,0.0,0.0
2019-03-18,10,0,92,0.0,0.0,0.0,0.0,0.0
2019-03-18,10,0,95,0.0,0.0,0.0,0.0,0.0
2019-03-18,10,0,96,0.0,0.0,0.0,0.0,0.0
2019-03-18,10,0,97,0.0,0.0,0.0,0.0,0.0
2019-03-18,10,0,99,0.99,0.99,0.0,13.656941,0.0
2019-03-18,10,0,101,7.07,7.07,0.0,80.075168,0.0
2019-03-18,10,0,102,0.0,0.0,0.0,0.0,0.0
2019-03-18,10,0,103,0.0,0.0,0.0,0.0,0.0
2019-03-18,10,0,104,0.0,0.0,0.0,0.0,0.0
2019-03-18,10,0,106,169.65,169.65,0.0,1924.232877,0.0
2019-03-18,10,0,109,8.05,8.05,0.0,102.22207,0.0
2019-03-18,10,0,110,7.45,7.45,0.0,56.233668,0.0
2019-03-18,10,0,111,10.4,10.4,0.0,127.532509,0.0
2019-03-18,10,0,113,0.0,0.0,0.0,0.0,0.0
2019-03-18,10,0,115,0.0,0.0,0.0,0.0,0.0
2019-03-18,10,0,116,87.6,87.6,0.0,661.217362,0.0
2019-03-18,10,0,117,0.0,0.0,0.0,0.0,0.0
2019-03-18,10,0,119,0.0,0.0,0.0,0.0,0.0
2019-03-18,10,0,120,0.0,0.0,0.0,0.0,0.0
2019-03-18,10,0,123,2.83,2.83,0.0,32.098904,0.0
2019-03-18,10,0,125,0.0,0.0,0.0,0.0,0.0
2019-03-18,10,0,126,127.24,127.24,0.0,1443.203014,0.0
2019-03-18,10,0,127,163.29,163.29,0.0,1852.095411,0.0
2019-03-18,10,0,128,0.0,0.0,0.0,0.0,0.0
2019-03-18,10,0,131,0.0,0.0,0.0,0.0,0.0
2019-03-18,10,0,132,0.0,0.0,0.0,0.0,0.0
2019-03-18,10,0,133,23.41,23.41,0.0,347.050112,0.0
2019-03-18,10,0,134,0.0,0.0,0.0,0.0,0.0
2019-03-18,10,0,135,31.36,31.36,0.0,464.907796,0.0
2019-03-18,10,0,136,26.08,26.08,0.0,385.531948,0.0
2019-03-18,10,0,139,1.29,1.29,0.0,15.818936,0.0
2019-03-18,10,0,140,5.51,5.51,0.0,41.59027,0.0
2019-03-18,10,0,141,0.0,0.0,0.0,0.0,0.0
2019-03-18,10,0,142,297.14,297.14,0.0,2640.02043,0.0
2019-03-18,10,0,143,8.57,8.57,0.0,97.064241,0.0
2019-03-18,10,0,145,0.0,0.0,0.0,0.0,0.0
2019-03-18,10,0,146,0.0,0.0,0.0,0.0,0.0
2019-03-18,10,0,152,5.68,5.68,0.0,78.11328,0.0
2019-03-18,10,0,153,7.16,7.16,0.0,98.117118,0.0
2019-03-18,10,0,154,42.88,42.88,0.0,525.826345,0.0
2019-03-18,10,0,157,0.0,0.0,0.0,0.0,0.0
2019-03-18,10,0,158,211.05,211.05,0.0,1875.130618,0.0
2019-03-18,10,0,159,0.0,0.0,0.0,0.0,0.0
2019-03-18,10,0,160,1.63,1.63,0.0,20.966148,0.0
2019-03-18,10,0,161,43.17,43.17,0.0,402.398141,0.0
2019-03-18,10,0,162,0.0,0.0,0.0,0.0,0.0
2019-03-18,10,0,163,0.0,0.0,0.0,0.0,0.0
2019-03-18,10,0,164,9.11,9.11,0.0,103.180308,0.0
2019-03-18,10,0,167,4.88,4.88,0.0,79.200126,0.0
2019-03-18,10,0,168,2.44,2.44,0.0,39.600063,0.0
2019-03-18,10,0,169,0.0,0.0,0.0,0.0,0.0
2019-03-18,10,0,170,5.34,5.34,0.0,86.665712,0.0
2019-03-18,10,0,172,6.39,6.39,0.0,100.596348,0.0
2019-03-18,10,0,173,9.73,9.73,0.0,153.177225,0.0
2019-03-18,10,0,188,8.67,8.67,0.0,138.674037,0.0
2019-03-18,10,0,190,7.23,7.23,0.0,121.774206,0.0
2019-03-18,10,0,191,18.67,18.67,0.0,314.457044,0.0
2019-03-18,10,0,192,0.0,0.0,0.0,0.0,0.0
2019-03-18,10,0,194,0.0,0.0,0.0,0.0,0.0
2019-03-18,10,0,196,4.75,4.75,0.0,83.045933,0.0
2019-03-18,10,0,198,7.09,7.09,0.0,87.060067,0.0
2019-03-18,10,0,199,1.31,1.31,0.0,13.458161,0.0
2019-03-18,10,0,200,14.39,14.39,0.0,147.834304,0.0
2019-03-18,10,0,204,12.51,12.51,0.0,157.654157,0.0
2019-03-18,10,0,205,47.53,47.53,0.0,603.554659,0.0
2019-03-18,10,0,206,0.0,0.0,0.0,0.0,0.0
2019-03-18,10,0,210,1.7,1.7,0.0,13.981457,0.0
2019-03-18,10,0,214,9.21,9.21,0.0,149.889563,0.0
2019-03-18,10,0,217,6.3,6.3,0.0,80.393952,0.0
2019-03-18,10,0,218,8.69,8.69,0.0,110.89261,0.0
2019-03-18,10,0,219,5.92,5.92,0.0,75.544793,0.0
2019-03-18,10,0,221,4.91,4.91,0.0,79.908551,0.0
2019-03-18,10,0,225,4.82,4.82,0.0,37.527358,0.0
2019-03-18,10,0,233,5.26,5.26,0.0,82.757726,0.0
2019-03-18,10,0,236,12.67,12.67,0.0,181.335428,0.0
2019-03-18,10,0,237,11.22,11.22,0.0,154.778665,0.0
2019-03-18,10,0,238,24.55,24.55,0.0,359.012228,0.0
2019-03-18,10,0,240,8.44,8.44,0.0,110.392945,0.0
2019-03-18,10,0,245,31.39,31.39,0.0,469.482915,0.0
2019-03-18,10,0,247,36.01,36.01,0.0,538.581706,0.0
2019-03-18,10,0,248,1.22,1.22,0.0,16.829766,0.0
2019-03-18,10,0,249,60.37,60.37,0.0,902.920789,0.0
2019-03-18,10,0,251,104.63,104.63,0.0,1540.612843,0.0
2019-03-18,10,0,252,92.52,92.52,0.0,1367.878849,0.0
2019-03-18,10,0,254,11.45,11.45,0.0,147.909907,0.0
2019-03-18,10,0,255,5.25,5.25,0.0,67.818953,0.0
2019-03-18,10,0,258,10.27,10.27,0.0,134.091106,0.0
2019-03-18,10,0,260,3.97,3.97,0.0,51.064789,0.0
2019-03-18,10,0,265,44.4,44.4,0.0,544.465712,0.0
2019-03-18,10,0,266,0.83,0.83,0.0,10.178075,0.0
2019-03-18,10,0,267,1.02,1.02,0.0,12.507996,0.0
2019-03-18,10,0,270,0.0,0.0,0.0,0.0,0.0
2019-03-18,10,0,272,0.0,0.0,0.0,0.0,0.0
2019-03-18,10,0,273,20.95,20.95,0.0,158.133604,0.0
2019-03-18,10,0,274,0.0,0.0,0.0,0.0,0.0
2019-03-18,10,0,275,0.0,0.0,0.0,0.0,0.0
2019-03-18,10,0,276,4.63,4.63,0.0,36.329683,0.0
2019-03-18,10,0,277,5.68,5.68,0.0,54.738236,0.0
2019-03-18,10,0,278,9.09,9.09,0.0,87.600451,0.0
2019-03-18,10,0,279,0.0,0.0,0.0,0.0,0.0
2019-03-18,10,0,281,3.19,3.19,0.0,36.130097,0.0
2019-03-18,10,0,282,192.53,192.53,0.0,2180.604247,0.0
2019-03-18,11,0,9,3.22,3.22,0.0,23.218095,0.0
2019-03-18,11,0,17,43.22,43.22,0.0,428.801587,0.0
2019-03-18,11,0,19,136.04,136.04,0.0,1349.703098,0.0
2019-03-18,11,0,20,164.99,164.99,0.0,1636.926744,0.0
2019-03-18,11,0,21,73.68,73.68,0.0,531.276155,0.0
2019-03-18,11,0,22,261.84,261.84,0.0,1888.020472,0.0
2019-03-18,11,0,23,0.0,0.0,0.0,0.0,0.0
2019-03-18,11,0,24,0.0,0.0,0.0,0.0,0.0
2019-03-18,11,0,29,7.9,7.9,0.0,74.155305,0.0
2019-03-18,11,0,30,542.3,542.3,0.0,3192.479909,0.0
2019-03-18,11,0,31,8.65,8.65,0.0,50.921909,0.0
2019-03-18,11,0,32,6.19,6.19,0.0,96.726543,0.0
2019-03-18,11,0,33,2.66,2.66,0.0,27.395676,0.0
2019-03-18,11,0,34,4.25,4.25,0.0,43.771287,0.0
2019-03-18,11,0,35,4.25,4.25,0.0,43.771287,0.0
2019-03-18,11,0,36,11.04,11.04,0.0,102.638216,0.0
2019-03-18,11,0,37,5.33,5.33,0.0,49.477793,0.0
2019-03-18,11,0,38,6.85,6.85,0.0,63.587783,0.0
2019-03-18,11,0,39,4.57,4.57,0.0,42.422798,0.0
2019-03-18,11,0,40,4.57,4.57,0.0,42.422798,0.0
2019-03-18,11,0,41,1.83,1.83,0.0,15.749671,0.0
2019-03-18,11,0,42,29.42,29.42,0.0,289.477649,0.0
2019-03-18,11,0,43,31.89,31.89,0.0,297.956112,0.0
2019-03-18,11,0,46,28.3,28.3,0.0,259.173803,0.0
2019-03-18,11,0,52,9.19,9.19,0.0,54.100849,0.0
2019-03-18,11,0,53,14.97,14.97,0.0,88.127281,0.0
2019-03-18,11,0,55,23.99,23.99,0.0,172.982016,0.0
2019-03-18,11,0,56,159.96,159.96,0.0,941.672665,0.0
2019-03-18,11,0,57,152.15,152.15,0.0,895.695774,0.0
2019-03-18,11,0,58,292.61,292.61,0.0,1722.573384,0.0
2019-03-18,11,0,59,287.73,287.73,0.0,1693.845186,0.0
2019-03-18,11,0,63,0.0,0.0,0.0,0.0,0.0
2019-03-18,11,0,64,0.0,0.0,0.0,0.0,0.0
2019-03-18,11,0,65,15.88,15.88,0.0,157.309796,0.0
2019-03-18,11,0,67,346.89,346.89,0.0,2498.414397,0.0
2019-03-18,11,0,68,0.0,0.0,0.0,0.0,0.0
2019-03-18,11,0,69,2.66,2.66,0.0,27.395676,0.0
2019-03-18,11,0,74,12.05,12.05,0.0,114.250642,0.0
2019-03-18,11,0,77,0.0,0.0,0.0,0.0,0.0
2019-03-18,11,0,78,0.0,0.0,0.0,0.0,0.0
2019-03-18,11,0,79,0.0,0.0,0.0,0.0,0.0
2019-03-18,11,0,80,0.0,0.0,0.0,0.0,0.0
2019-03-18,11,0,81,0.0,0.0,0.0,0.0,0.0
2019-03-18,11,0,82,0.0,0.0,0.0,0.0,0.0
2019-03-18,11,0,83,0.0,0.0,0.0,0.0,0.0
2019-03-18,11,0,84,0.0,0.0,0.0,0.0,0.0
2019-03-18,11,0,86,13.46,13.46,0.0,138.62624,0.0
2019-03-18,11,0,87,68.72,68.72,0.0,707.755959,0.0
2019-03-18,11,0,88,0.0,0.0,0.0,0.0,0.0
2019-03-18,11,0,89,0.0,0.0,0.0,0.0,0.0
2019-03-18,11,0,90,0.0,0.0,0.0,0.0,0.0
2019-03-18,11,0,91,0.0,0.0,0.0,0.0,0.0
2019-03-18,11,0,92,0.0,0.0,0.0,0.0,0.0
2019-03-18,11,0,95,0.0,0.0,0.0,0.0,0.0
2019-03-18,11,0,96,0.0,0.0,0.0,0.0,0.0
2019-03-18,11,0,97,0.0,0.0,0.0,0.0,0.0
2019-03-18,11,0,99,2.59,2.59,0.0,24.556777,0.0
2019-03-18,11,0,101,10.92,10.92,0.0,64.285231,0.0
2019-03-18,11,0,102,0.0,0.0,0.0,0.0,0.0
2019-03-18,11,0,103,0.0,0.0,0.0,0.0,0.0
2019-03-18,11,0,104,0.0,0.0,0.0,0.0,0.0
2019-03-18,11,0,106,257.76,257.76,0.0,1858.601272,0.0
2019-03-18,11,0,109,4.79,4.79,0.0,43.052233,0.0
2019-03-18,11,0,110,0.0,0.0,0.0,0.0,0.0
2019-03-18,11,0,111,15.7,15.7,0.0,135.120128,0.0
2019-03-18,11,0,113,0.0,0.0,0.0,0.0,0.0
2019-03-18,11,0,115,0.0,0.0,0.0,0.0,0.0
2019-03-18,11,0,116,131.17,131.17,0.0,990.08997,0.0
2019-03-18,11,0,117,0.0,0.0,0.0,0.0,0.0
2019-03-18,11,0,119,0.0,0.0,0.0,0.0,0.0
2019-03-18,11,0,120,0.0,0.0,0.0,0.0,0.0
2019-03-18,11,0,123,4.3,4.3,0.0,31.00553,0.0
2019-03-18,11,0,125,0.0,0.0,0.0,0.0,0.0
2019-03-18,11,0,126,193.32,193.32,0.0,1393.950954,0.0
2019-03-18,11,0,127,248.09,248.09,0.0,1788.874882,0.0
2019-03-18,11,0,128,0.0,0.0,0.0,0.0,0.0
2019-03-18,11,0,131,0.0,0.0,0.0,0.0,0.0
2019-03-18,11,0,132,0.0,0.0,0.0,0.0,0.0
2019-03-18,11,0,133,25.61,25.61,0.0,254.122973,0.0
2019-03-18,11,0,134,0.0,0.0,0.0,0.0,0.0
2019-03-18,11,0,135,34.31,34.31,0.0,340.451355,0.0
2019-03-18,11,0,136,28.43,28.43,0.0,281.608343,0.0
2019-03-18,11,0,139,2.36,2.36,0.0,20.311051,0.0
2019-03-18,11,0,140,0.0,0.0,0.0,0.0,0.0
2019-03-18,11,0,141,0.0,0.0,0.0,0.0,0.0
2019-03-18,11,0,142,457.46,457.46,0.0,3294.775433,0.0
2019-03-18,11,0,143,10.81,10.81,0.0,63.637669,0.0
2019-03-18,11,0,145,2.1,2.1,0.0,17.605984,0.0
2019-03-18,11,0,146,0.0,0.0,0.0,0.0,0.0
2019-03-18,11,0,152,8.51,8.51,0.0,80.739838,0.0
2019-03-18,11,0,153,10.47,10.47,0.0,99.130071,0.0
2019-03-18,11,0,154,64.75,64.75,0.0,557.262949,0.0
2019-03-18,11,0,157,0.0,0.0,0.0,0.0,0.0
2019-03-18,11,0,158,326.54,326.54,0.0,2351.847091,0.0
2019-03-18,11,0,159,0.0,0.0,0.0,0.0,0.0
2019-03-18,11,0,160,2.45,2.45,0.0,23.397506,0.0
2019-03-18,11,0,161,66.03,66.03,0.0,468.112919,0.0
2019-03-18,11,0,162,0.0,0.0,0.0,0.0,0.0
2019-03-18,11,0,163,0.0,0.0,0.0,0.0,0.0
2019-03-18,11,0,164,13.96,13.96,0.0,82.181485,0.0
2019-03-18,11,0,167,7.11,7.11,0.0,110.884173,0.0
2019-03-18,11,0,168,3.56,3.56,0.0,55.520064,0.0
2019-03-18,11,0,169,0.0,0.0,0.0,0.0,0.0
2019-03-18,11,0,170,7.78,7.78,0.0,121.333173,0.0
2019-03-18,11,0,172,9.42,9.42,0.0,141.143425,0.0
2019-03-18,11,0,173,14.35,14.35,0.0,215.011481,0.0
2019-03-18,11,0,188,12.59,12.59,0.0,192.834605,0.0
2019-03-18,11,0,190,10.56,10.56,0.0,170.304178,0.0
2019-03-18,11,0,191,27.27,27.27,0.0,439.791187,0.0
2019-03-18,11,0,192,0.0,0.0,0.0,0.0,0.0
2019-03-18,11,0,194,0.0,0.0,0.0,0.0,0.0
2019-03-18,11,0,196,7.06,7.06,0.0,115.124743,0.0
2019-03-18,11,0,198,10.4,10.4,0.0,102.272675,0.0
2019-03-18,11,0,199,1.14,1.14,0.0,10.739415,0.0
2019-03-18,11,0,200,20.58,20.58,0.0,193.874696,0.0
2019-03-18,11,0,204,12.4,12.4,0.0,110.852217,0.0
2019-03-18,11,0,205,31.34,31.34,0.0,281.682041,0.0
2019-03-18,11,0,206,0.0,0.0,0.0,0.0,0.0
2019-03-18,11,0,210,2.44,2.44,0.0,23.1682,0.0
2019-03-18,11,0,214,13.46,13.46,0.0,141.636607,0.0
2019-03-18,11,0,217,9.05,9.05,0.0,91.193937,0.0
2019-03-18,11,0,218,12.49,12.49,0.0,125.85771,0.0
2019-03-18,11,0,219,8.51,8.51,0.0,85.752531,0.0
2019-03-18,11,0,221,7.18,7.18,0.0,75.553554,0.0
2019-03-18,11,0,225,6.95,6.95,0.0,65.165128,0.0
2019-03-18,11,0,233,7.62,7.62,0.0,78.479342,0.0
2019-03-18,11,0,236,18.67,18.67,0.0,181.336649,0.0
2019-03-18,11,0,237,26.86,26.86,0.0,254.669895,0.0
2019-03-18,11,0,238,38.29,38.29,0.0,376.75388,0.0
2019-03-18,11,0,240,12.52,12.52,0.0,116.397687,0.0
2019-03-18,11,0,245,34.71,34.71,0.0,346.31225,0.0
2019-03-18,11,0,247,40.69,40.69,0.0,405.976533,0.0
2019-03-18,11,0,248,3.2,3.2,0.0,30.340419,0.0
2019-03-18,11,0,249,66.75,66.75,0.0,665.985096,0.0
2019-03-18,11,0,251,110.72,110.72,0.0,1094.044743,0.0
2019-03-18,11,0,252,102.41,102.41,0.0,1014.489684,0.0
2019-03-18,11,0,254,17.09,17.09,0.0,160.562745,0.0
2019-03-18,11,0,255,7.83,7.83,0.0,73.563856,0.0
2019-03-18,11,0,258,15.2,15.2,0.0,141.427163,0.0
2019-03-18,11,0,260,5.94,5.94,0.0,56.727015,0.0
2019-03-18,11,0,265,67.04,67.04,0.0,576.971554,0.0
2019-03-18,11,0,266,1.53,1.53,0.0,13.167758,0.0
2019-03-18,11,0,267,1.88,1.88,0.0,16.17999,0.0
2019-03-18,11,0,270,0.0,0.0,0.0,0.0,0.0
2019-03-18,11,0,272,0.0,0.0,0.0,0.0,0.0
2019-03-18,11,0,273,31.37,31.37,0.0,236.785258,0.0
2019-03-18,11,0,274,0.0,0.0,0.0,0.0,0.0
2019-03-18,11,0,275,0.0,0.0,0.0,0.0,0.0
2019-03-18,11,0,276,7.03,7.03,0.0,52.520633,0.0
2019-03-18,11,0,277,8.53,8.53,0.0,58.960107,0.0
2019-03-18,11,0,278,13.64,13.64,0.0,94.280874,0.0
2019-03-18,11,0,279,0.0,0.0,0.0,0.0,0.0
2019-03-18,11,0,281,3.77,3.77,0.0,22.193711,0.0
2019-03-18,11,0,282,297.48,297.48,0.0,1751.242713,0.0
2019-03-18,12,0,9,4.15,4.15,0.0,-1620.56417,0.0
2019-03-18,12,0,17,53.74,53.74,0.0,384.198669,0.0
2019-03-18,12,0,19,162.51,162.51,0.0,1161.81849,0.0
2019-03-18,12,0,20,197.1,197.1,0.0,1409.109743,0.0
2019-03-18,12,0,21,94.89,94.89,0.0,-37054.297362,0.0
2019-03-18,12,0,22,337.24,337.24,0.0,-131691.339891,0.0
2019-03-18,12,0,23,1.0,1.0,0.0,-390.49739,0.0
2019-03-18,12,0,24,1.68,1.68,0.0,-656.035616,0.0
2019-03-18,12,0,29,9.63,9.63,0.0,42.048657,0.0
2019-03-18,12,0,30,694.04,694.04,0.0,-694040.0,0.0
2019-03-18,12,0,31,9.55,9.55,0.0,-9550.0,0.0
2019-03-18,12,0,32,7.49,7.49,0.0,182.571861,0.0
2019-03-18,12,0,33,3.42,3.42,0.0,36.968894,0.0
2019-03-18,12,0,34,5.47,5.47,0.0,59.128612,0.0
2019-03-18,12,0,35,5.47,5.47,0.0,59.128612,0.0
2019-03-18,12,0,36,14.36,14.36,0.0,26.61531,0.0
2019-03-18,12,0,37,6.94,6.94,0.0,12.964654,0.0
2019-03-18,12,0,38,8.93,8.93,0.0,16.682185,0.0
2019-03-18,12,0,39,5.95,5.95,0.0,11.11523,0.0
2019-03-18,12,0,40,5.95,5.95,0.0,11.11523,0.0
2019-03-18,12,0,41,3.07,3.07,0.0,-35.007428,0.0
2019-03-18,12,0,42,39.06,39.06,0.0,248.256166,0.0
2019-03-18,12,0,43,41.1,41.1,0.0,105.814672,0.0
2019-03-18,12,0,46,35.99,35.99,0.0,41.797478,0.0
2019-03-18,12,0,52,10.13,10.13,0.0,-10130.0,0.0
2019-03-18,12,0,53,16.09,16.09,0.0,-16090.0,0.0
2019-03-18,12,0,55,30.74,30.74,0.0,-12003.889777,0.0
2019-03-18,12,0,56,204.72,204.72,0.0,-204720.0,0.0
2019-03-18,12,0,57,194.73,194.73,0.0,-194730.0,0.0
2019-03-18,12,0,58,374.48,374.48,0.0,-374480.0,0.0
2019-03-18,12,0,59,368.24,368.24,0.0,-368240.0,0.0
2019-03-18,12,0,63,0.0,0.0,0.0,0.0,0.0
2019-03-18,12,0,64,0.0,0.0,0.0,0.0,0.0
2019-03-18,12,0,65,18.4,18.4,0.0,128.833486,0.0
2019-03-18,12,0,67,450.63,450.63,0.0,12510.863728,0.0
2019-03-18,12,0,68,0.0,0.0,0.0,0.0,0.0
2019-03-18,12,0,69,3.42,3.42,0.0,36.968894,0.0
2019-03-18,12,0,74,30.65,30.65,0.0,78.121567,0.0
2019-03-18,12,0,77,0.0,0.0,0.0,0.0,0.0
2019-03-18,12,0,78,0.0,0.0,0.0,0.0,0.0
2019-03-18,12,0,79,0.0,0.0,0.0,0.0,0.0
2019-03-18,12,0,80,0.0,0.0,0.0,0.0,0.0
2019-03-18,12,0,81,0.0,0.0,0.0,0.0,0.0
2019-03-18,12,0,82,0.0,0.0,0.0,0.0,0.0
2019-03-18,12,0,83,0.0,0.0,0.0,0.0,0.0
2019-03-18,12,0,84,0.0,0.0,0.0,0.0,0.0
2019-03-18,12,0,86,17.33,17.33,0.0,187.330684,0.0
2019-03-18,12,0,87,88.46,88.46,0.0,956.21883,0.0
2019-03-18,12,0,88,0.0,0.0,0.0,0.0,0.0
2019-03-18,12,0,89,0.0,0.0,0.0,0.0,0.0
2019-03-18,12,0,90,0.0,0.0,0.0,0.0,0.0
2019-03-18,12,0,91,0.0,0.0,0.0,0.0,0.0
2019-03-18,12,0,92,0.0,0.0,0.0,0.0,0.0
2019-03-18,12,0,95,0.0,0.0,0.0,0.0,0.0
2019-03-18,12,0,96,0.75,0.75,0.0,29.860674,0.0
2019-03-18,12,0,97,4.62,4.62,0.0,183.941755,0.0
2019-03-18,12,0,99,5.92,5.92,0.0,15.08906,0.0
2019-03-18,12,0,101,13.98,13.98,0.0,-13980.0,0.0
2019-03-18,12,0,102,0.0,0.0,0.0,0.0,0.0
2019-03-18,12,0,103,0.0,0.0,0.0,0.0,0.0
2019-03-18,12,0,104,0.0,0.0,0.0,0.0,0.0
2019-03-18,12,0,106,331.98,331.98,0.0,-129637.323619,0.0
2019-03-18,12,0,109,6.56,6.56,0.0,-1.646359,0.0
2019-03-18,12,0,110,0.0,0.0,0.0,0.0,0.0
2019-03-18,12,0,111,21.25,21.25,0.0,-242.31526,0.0
2019-03-18,12,0,113,0.0,0.0,0.0,0.0,0.0
2019-03-18,12,0,115,0.0,0.0,0.0,0.0,0.0
2019-03-18,12,0,116,167.54,167.54,0.0,4341.053048,0.0
2019-03-18,12,0,117,0.0,0.0,0.0,0.0,0.0
2019-03-18,12,0,119,0.0,0.0,0.0,0.0,0.0
2019-03-18,12,0,120,0.0,0.0,0.0,0.0,0.0
2019-03-18,12,0,123,5.53,5.53,0.0,-2159.450568,0.0
2019-03-18,12,0,125,1.54,1.54,0.0,-601.365981,0.0
2019-03-18,12,0,126,248.99,248.99,0.0,-97229.945201,0.0
2019-03-18,12,0,127,319.53,319.53,0.0,-124775.63111,0.0
2019-03-18,12,0,128,2.11,2.11,0.0,-823.949493,0.0
2019-03-18,12,0,131,0.0,0.0,0.0,0.0,0.0
2019-03-18,12,0,132,0.0,0.0,0.0,0.0,0.0
2019-03-18,12,0,133,27.94,27.94,0.0,200.136983,0.0
2019-03-18,12,0,134,0.0,0.0,0.0,0.0,0.0
2019-03-18,12,0,135,37.43,37.43,0.0,268.114792,0.0
2019-03-18,12,0,136,32.45,32.45,0.0,226.946484,0.0
2019-03-18,12,0,139,3.97,3.97,0.0,-45.270192,0.0
2019-03-18,12,0,140,0.0,0.0,0.0,0.0,0.0
2019-03-18,12,0,141,0.0,0.0,0.0,0.0,0.0
2019-03-18,12,0,142,594.27,594.27,0.0,16498.748392,0.0
2019-03-18,12,0,143,13.34,13.34,0.0,-13340.0,0.0
2019-03-18,12,0,145,2.7,2.7,0.0,-11.152241,0.0
2019-03-18,12,0,146,0.0,0.0,0.0,0.0,0.0
2019-03-18,12,0,152,11.06,11.06,0.0,34.87647,0.0
2019-03-18,12,0,153,13.7,13.7,0.0,40.78046,0.0
2019-03-18,12,0,154,87.66,87.66,0.0,-999.593211,0.0
2019-03-18,12,0,157,0.0,0.0,0.0,0.0,0.0
2019-03-18,12,0,158,429.76,429.76,0.0,11931.448851,0.0
2019-03-18,12,0,159,0.0,0.0,0.0,0.0,0.0
2019-03-18,12,0,160,3.13,3.13,0.0,14.549241,0.0
2019-03-18,12,0,161,84.72,84.72,0.0,2403.335806,0.0
2019-03-18,12,0,162,0.0,0.0,0.0,0.0,0.0
2019-03-18,12,0,163,0.0,0.0,0.0,0.0,0.0
2019-03-18,12,0,164,18.47,18.47,0.0,-18470.0,0.0
2019-03-18,12,0,167,8.78,8.78,0.0,213.674041,0.0
2019-03-18,12,0,168,4.39,4.39,0.0,106.83702,0.0
2019-03-18,12,0,169,0.0,0.0,0.0,0.0,0.0
2019-03-18,12,0,170,9.6,9.6,0.0,233.629931,0.0
2019-03-18,12,0,172,11.41,11.41,0.0,266.009352,0.0
2019-03-18,12,0,173,17.38,17.38,0.0,405.19216,0.0
2019-03-18,12,0,188,15.17,15.17,0.0,366.657373,0.0
2019-03-18,12,0,190,13.09,13.09,0.0,326.408741,0.0
2019-03-18,12,0,191,33.82,33.82,0.0,843.326479,0.0
2019-03-18,12,0,192,0.0,0.0,0.0,0.0,0.0
2019-03-18,12,0,194,0.0,0.0,0.0,0.0,0.0
2019-03-18,12,0,196,9.12,9.12,0.0,232.162144,0.0
2019-03-18,12,0,198,13.0,13.0,0.0,99.74908,0.0
2019-03-18,12,0,199,4.79,4.79,0.0,77.995665,0.0
2019-03-18,12,0,200,25.26,25.26,0.0,411.309082,0.0
2019-03-18,12,0,204,24.57,24.57,0.0,-12.418962,0.0
2019-03-18,12,0,205,34.7,34.7,0.0,-8.708637,0.0
2019-03-18,12,0,206,13.58,13.58,0.0,540.677279,0.0
2019-03-18,12,0,210,3.0,3.0,0.0,15.819844,0.0
2019-03-18,12,0,214,17.23,17.23,0.0,223.380194,0.0
2019-03-18,12,0,217,11.3,11.3,0.0,109.413509,0.0
2019-03-18,12,0,218,15.6,15.6,0.0,151.048738,0.0
2019-03-18,12,0,219,10.63,10.63,0.0,102.926159,0.0
2019-03-18,12,0,221,9.19,9.19,0.0,119.144746,0.0
2019-03-18,12,0,225,8.57,8.57,0.0,36.669705,0.0
2019-03-18,12,0,233,9.8,9.8,0.0,105.934259,0.0
2019-03-18,12,0,236,26.53,26.53,0.0,137.410686,0.0
2019-03-18,12,0,237,73.54,73.54,0.0,187.440783,0.0
2019-03-18,12,0,238,50.83,50.83,0.0,323.063515,0.0
2019-03-18,12,0,240,16.28,16.28,0.0,30.173903,0.0
2019-03-18,12,0,245,38.51,38.51,0.0,296.188785,0.0
2019-03-18,12,0,247,48.01,48.01,0.0,369.255351,0.0
2019-03-18,12,0,248,7.38,7.38,0.0,18.810348,0.0
2019-03-18,12,0,249,74.05,74.05,0.0,569.534654,0.0
2019-03-18,12,0,251,122.77,122.77,0.0,829.903838,0.0
2019-03-18,12,0,252,118.69,118.69,0.0,831.046001,0.0
2019-03-18,12,0,254,22.46,22.46,0.0,69.512452,0.0
2019-03-18,12,0,255,10.29,10.29,0.0,31.846978,0.0
2019-03-18,12,0,258,19.59,19.59,0.0,38.590392,0.0
2019-03-18,12,0,260,7.6,7.6,0.0,35.32723,0.0
2019-03-18,12,0,265,90.76,90.76,0.0,-1034.942731,0.0
2019-03-18,12,0,266,2.57,2.57,0.0,-29.305893,0.0
2019-03-18,12,0,267,3.16,3.16,0.0,-36.033705,0.0
2019-03-18,12,0,270,0.0,0.0,0.0,0.0,0.0
2019-03-18,12,0,272,0.0,0.0,0.0,0.0,0.0
2019-03-18,12,0,273,40.06,40.06,0.0,1037.976514,0.0
2019-03-18,12,0,274,0.0,0.0,0.0,0.0,0.0
2019-03-18,12,0,275,0.0,0.0,0.0,0.0,0.0
2019-03-18,12,0,276,9.01,9.01,0.0,237.18079,0.0
2019-03-18,12,0,277,10.87,10.87,0.0,307.251311,0.0
2019-03-18,12,0,278,17.4,17.4,0.0,491.828226,0.0
2019-03-18,12,0,279,0.0,0.0,0.0,0.0,0.0
2019-03-18,12,0,281,4.29,4.29,0.0,-4290.0,0.0
2019-03-18,12,0,282,380.72,380.72,0.0,-380720.0,0.0
2019-03-18,13,0,9,4.59,4.59,0.0,-1788.908916,0.0
2019-03-18,13,0,17,50.3,50.3,0.0,784.527625,0.0
2019-03-18,13,0,19,192.55,192.55,0.0,3003.196702,0.0
2019-03-18,13,0,20,233.53,233.53,0.0,3642.36056,0.0
2019-03-18,13,0,21,104.97,104.97,0.0,-40911.060761,0.0
2019-03-18,13,0,22,373.05,373.05,0.0,-145392.695216,0.0
2019-03-18,13,0,23,2.71,2.71,0.0,-1056.196767,0.0
2019-03-18,13,0,24,4.74,4.74,0.0,-1847.369991,0.0
2019-03-18,13,0,29,10.61,10.61,0.0,35.828739,0.0
2019-03-18,13,0,30,730.08,730.08,0.0,-730080.0,0.0
2019-03-18,13,0,31,10.13,10.13,0.0,-10130.0,0.0
2019-03-18,13,0,32,8.27,8.27,0.0,208.554328,0.0
2019-03-18,13,0,33,3.85,3.85,0.0,80.802443,0.0
2019-03-18,13,0,34,6.16,6.16,0.0,129.283909,0.0
2019-03-18,13,0,35,6.16,6.16,0.0,129.283909,0.0
2019-03-18,13,0,36,15.91,15.91,0.0,113.485939,0.0
2019-03-18,13,0,37,7.64,7.64,0.0,53.734553,0.0
2019-03-18,13,0,38,9.83,9.83,0.0,69.13752,0.0
2019-03-18,13,0,39,6.55,6.55,0.0,46.068236,0.0
2019-03-18,13,0,40,6.55,6.55,0.0,46.068236,0.0
2019-03-18,13,0,41,4.82,4.82,0.0,-39.333939,0.0
2019-03-18,13,0,42,45.9,45.9,0.0,662.266355,0.0
2019-03-18,13,0,43,50.68,50.68,0.0,391.836984,0.0
2019-03-18,13,0,46,43.79,43.79,0.0,256.354885,0.0
2019-03-18,13,0,52,10.74,10.74,0.0,-10740.0,0.0
2019-03-18,13,0,53,17.06,17.06,0.0,-17060.0,0.0
2019-03-18,13,0,55,30.07,30.07,0.0,-11719.496971,0.0
2019-03-18,13,0,56,215.35,215.35,0.0,-215350.0,0.0
2019-03-18,13,0,57,204.84,204.84,0.0,-204840.0,0.0
2019-03-18,13,0,58,393.93,393.93,0.0,-393930.0,0.0
2019-03-18,13,0,59,387.36,387.36,0.0,-387360.0,0.0
2019-03-18,13,0,63,0.0,0.0,0.0,0.0,0.0
2019-03-18,13,0,64,0.0,0.0,0.0,0.0,0.0
2019-03-18,13,0,65,21.95,21.95,0.0,337.588936,0.0
2019-03-18,13,0,67,504.35,504.35,0.0,5961.097995,0.0
2019-03-18,13,0,68,0.0,0.0,0.0,0.0,0.0
2019-03-18,13,0,69,3.85,3.85,0.0,80.802443,0.0
2019-03-18,13,0,74,47.71,47.71,0.0,430.759548,0.0
2019-03-18,13,0,77,1.38,1.38,0.0,37.654695,0.0
2019-03-18,13,0,78,1.04,1.04,0.0,28.377451,0.0
2019-03-18,13,0,79,0.6,0.6,0.0,16.371606,0.0
2019-03-18,13,0,80,0.97,0.97,0.0,26.46743,0.0
2019-03-18,13,0,81,1.27,1.27,0.0,34.653233,0.0
2019-03-18,13,0,82,0.9,0.9,0.0,24.557409,0.0
2019-03-18,13,0,83,2.0,2.0,0.0,54.572021,0.0
2019-03-18,13,0,84,0.0,0.0,0.0,0.0,0.0
2019-03-18,13,0,86,19.5,19.5,0.0,409.259127,0.0
2019-03-18,13,0,87,99.56,99.56,0.0,2089.530191,0.0
2019-03-18,13,0,88,1.23,1.23,0.0,33.561793,0.0
2019-03-18,13,0,89,1.18,1.18,0.0,32.197492,0.0
2019-03-18,13,0,90,1.59,1.59,0.0,43.384757,0.0
2019-03-18,13,0,91,5.67,5.67,0.0,154.71168,0.0
2019-03-18,13,0,92,2.04,2.04,0.0,55.663462,0.0
2019-03-18,13,0,95,0.0,0.0,0.0,0.0,0.0
2019-03-18,13,0,96,1.27,1.27,0.0,52.074426,0.0
2019-03-18,13,0,97,7.78,7.78,0.0,319.007112,0.0
2019-03-18,13,0,99,9.21,9.21,0.0,83.154379,0.0
2019-03-18,13,0,101,14.71,14.71,0.0,-14710.0,0.0
2019-03-18,13,0,102,0.0,0.0,0.0,0.0,0.0
2019-03-18,13,0,103,0.0,0.0,0.0,0.0,0.0
2019-03-18,13,0,104,0.0,0.0,0.0,0.0,0.0
2019-03-18,13,0,106,367.24,367.24,0.0,-143128.302885,0.0
2019-03-18,13,0,109,13.57,13.57,0.0,55.489236,0.0
2019-03-18,13,0,110,12.97,12.97,0.0,97.89942,0.0
2019-03-18,13,0,111,21.28,21.28,0.0,-173.656895,0.0
2019-03-18,13,0,113,0.0,0.0,0.0,0.0,0.0
2019-03-18,13,0,115,0.0,0.0,0.0,0.0,0.0
2019-03-18,13,0,116,188.17,188.17,0.0,1420.334144,0.0
2019-03-18,13,0,117,0.0,0.0,0.0,0.0,0.0
2019-03-18,13,0,119,0.0,0.0,0.0,0.0,0.0
2019-03-18,13,0,120,0.0,0.0,0.0,0.0,0.0
2019-03-18,13,0,123,6.12,6.12,0.0,-2385.211888,0.0
2019-03-18,13,0,125,4.3,4.3,0.0,-1675.884169,0.0
2019-03-18,13,0,126,275.43,275.43,0.0,-107346.227163,0.0
2019-03-18,13,0,127,353.47,353.47,0.0,-137761.576137,0.0
2019-03-18,13,0,128,6.07,6.07,0.0,-2365.724863,0.0
2019-03-18,13,0,131,0.6,0.6,0.0,15.333977,0.0
2019-03-18,13,0,132,0.89,0.89,0.0,22.745399,0.0
2019-03-18,13,0,133,30.36,30.36,0.0,474.144916,0.0
2019-03-18,13,0,134,0.0,0.0,0.0,0.0,0.0
2019-03-18,13,0,135,40.68,40.68,0.0,635.316705,0.0
2019-03-18,13,0,136,38.32,38.32,0.0,588.90136,0.0
2019-03-18,13,0,139,6.23,6.23,0.0,-50.840341,0.0
2019-03-18,13,0,140,9.6,9.6,0.0,72.462177,0.0
2019-03-18,13,0,141,0.0,0.0,0.0,0.0,0.0
2019-03-18,13,0,142,665.11,665.11,0.0,7861.179513,0.0
2019-03-18,13,0,143,16.39,16.39,0.0,-16390.0,0.0
2019-03-18,13,0,145,10.89,10.89,0.0,-19.380305,0.0
2019-03-18,13,0,146,9.43,9.43,0.0,71.178992,0.0
2019-03-18,13,0,152,10.63,10.63,0.0,101.892616,0.0
2019-03-18,13,0,153,13.81,13.81,0.0,128.665641,0.0
2019-03-18,13,0,154,87.77,87.77,0.0,-716.253084,0.0
2019-03-18,13,0,157,7.39,7.39,0.0,87.345126,0.0
2019-03-18,13,0,158,500.45,500.45,0.0,5915.002462,0.0
2019-03-18,13,0,159,0.0,0.0,0.0,0.0,0.0
2019-03-18,13,0,160,3.98,3.98,0.0,39.807884,0.0
2019-03-18,13,0,161,94.89,94.89,0.0,1253.889346,0.0
2019-03-18,13,0,162,0.0,0.0,0.0,0.0,0.0
2019-03-18,13,0,163,0.0,0.0,0.0,0.0,0.0
2019-03-18,13,0,164,18.3,18.3,0.0,-18300.0,0.0
2019-03-18,13,0,167,9.76,9.76,0.0,245.763853,0.0
2019-03-18,13,0,168,4.88,4.88,0.0,122.881926,0.0
2019-03-18,13,0,169,0.0,0.0,0.0,0.0,0.0
2019-03-18,13,0,170,10.68,10.68,0.0,268.930118,0.0
2019-03-18,13,0,172,12.67,12.67,0.0,297.371557,0.0
2019-03-18,13,0,173,19.31,19.31,0.0,453.215846,0.0
2019-03-18,13,0,188,16.74,16.74,0.0,413.993094,0.0
2019-03-18,13,0,190,14.8,14.8,0.0,402.398976,0.0
2019-03-18,13,0,191,38.24,38.24,0.0,1039.711949,0.0
2019-03-18,13,0,192,0.0,0.0,0.0,0.0,0.0
2019-03-18,13,0,194,2.1,2.1,0.0,51.488387,0.0
2019-03-18,13,0,196,10.27,10.27,0.0,311.487426,0.0
2019-03-18,13,0,198,16.53,16.53,0.0,209.351251,0.0
2019-03-18,13,0,199,9.0,9.0,0.0,123.260298,0.0
2019-03-18,13,0,200,30.29,30.29,0.0,414.839381,0.0
2019-03-18,13,0,204,56.08,56.08,0.0,204.123738,0.0
2019-03-18,13,0,205,71.79,71.79,0.0,293.557276,0.0
2019-03-18,13,0,206,22.86,22.86,0.0,937.339663,0.0
2019-03-18,13,0,210,3.18,3.18,0.0,13.992499,0.0
2019-03-18,13,0,214,19.44,19.44,0.0,469.840817,0.0
2019-03-18,13,0,217,12.97,12.97,0.0,206.791707,0.0
2019-03-18,13,0,218,17.9,17.9,0.0,285.394877,0.0
2019-03-18,13,0,219,12.19,12.19,0.0,194.355506,0.0
2019-03-18,13,0,221,10.37,10.37,0.0,250.630106,0.0
2019-03-18,13,0,225,9.69,9.69,0.0,31.764435,0.0
2019-03-18,13,0,233,11.03,11.03,0.0,231.493753,0.0
2019-03-18,13,0,236,73.31,73.31,0.0,928.415473,0.0
2019-03-18,13,0,237,114.44,114.44,0.0,1033.245078,0.0
2019-03-18,13,0,238,59.74,59.74,0.0,861.956254,0.0
2019-03-18,13,0,240,18.03,18.03,0.0,128.607887,0.0
2019-03-18,13,0,245,42.57,42.57,0.0,697.942866,0.0
2019-03-18,13,0,247,58.02,58.02,0.0,951.248416,0.0
2019-03-18,13,0,248,11.49,11.49,0.0,103.739828,0.0
2019-03-18,13,0,249,81.87,81.87,0.0,1342.273489,0.0
2019-03-18,13,0,251,141.45,141.45,0.0,2125.077157,0.0
2019-03-18,13,0,252,141.62,141.62,0.0,2178.102283,0.0
2019-03-18,13,0,254,28.41,28.41,0.0,235.840262,0.0
2019-03-18,13,0,255,13.02,13.02,0.0,108.083077,0.0
2019-03-18,13,0,258,22.39,22.39,0.0,161.872364,0.0
2019-03-18,13,0,260,9.66,9.66,0.0,96.619137,0.0
2019-03-18,13,0,265,90.87,90.87,0.0,-741.550846,0.0
2019-03-18,13,0,266,4.03,4.03,0.0,-32.88709,0.0
2019-03-18,13,0,267,4.95,4.95,0.0,-40.394813,0.0
2019-03-18,13,0,270,0.0,0.0,0.0,0.0,0.0
2019-03-18,13,0,272,0.0,0.0,0.0,0.0,0.0
2019-03-18,13,0,273,45.0,45.0,0.0,339.666453,0.0
2019-03-18,13,0,274,0.0,0.0,0.0,0.0,0.0
2019-03-18,13,0,275,0.0,0.0,0.0,0.0,0.0
2019-03-18,13,0,276,10.18,10.18,0.0,86.548503,0.0
2019-03-18,13,0,277,12.26,12.26,0.0,313.921559,0.0
2019-03-18,13,0,278,19.61,19.61,0.0,502.120862,0.0
2019-03-18,13,0,279,0.0,0.0,0.0,0.0,0.0
2019-03-18,13,0,281,4.55,4.55,0.0,-4550.0,0.0
2019-03-18,13,0,282,400.49,400.49,0.0,-400490.0,0.0
2019-03-18,14,0,9,4.76,4.76,0.0,-1855.501565,0.0
2019-03-18,14,0,17,51.48,51.48,0.0,885.404478,0.0
2019-03-18,14,0,19,192.99,192.99,0.0,3319.234852,0.0
2019-03-18,14,0,20,234.06,234.06,0.0,4025.597748,0.0
2019-03-18,14,0,21,108.95,108.95,0.0,-42469.93604,0.0
2019-03-18,14,0,22,387.21,387.21,0.0,-150938.815366,0.0
2019-03-18,14,0,23,2.99,2.99,0.0,-1165.535647,0.0
2019-03-18,14,0,24,5.14,5.14,0.0,-2003.629842,0.0
2019-03-18,14,0,29,10.62,10.62,0.0,46.987765,0.0
2019-03-18,14,0,30,778.33,778.33,0.0,-778330.0,0.0
2019-03-18,14,0,31,15.39,15.39,0.0,-15390.0,0.0
2019-03-18,14,0,32,8.23,8.23,0.0,199.740882,0.0
2019-03-18,14,0,33,3.91,3.91,0.0,90.002064,0.0
2019-03-18,14,0,34,6.26,6.26,0.0,144.095376,0.0
2019-03-18,14,0,35,6.26,6.26,0.0,144.095376,0.0
2019-03-18,14,0,36,16.48,16.48,0.0,130.757824,0.0
2019-03-18,14,0,37,7.73,7.73,0.0,60.32329,0.0
2019-03-18,14,0,38,9.94,9.94,0.0,77.569664,0.0
2019-03-18,14,0,39,6.62,6.62,0.0,51.661084,0.0
2019-03-18,14,0,40,6.62,6.62,0.0,51.661084,0.0
2019-03-18,14,0,41,6.37,6.37,0.0,-49.730455,0.0
2019-03-18,14,0,42,47.58,47.58,0.0,758.30865,0.0
2019-03-18,14,0,43,51.85,51.85,0.0,439.977697,0.0
2019-03-18,14,0,46,44.39,44.39,0.0,289.096499,0.0
2019-03-18,14,0,52,16.32,16.32,0.0,-16320.0,0.0
2019-03-18,14,0,53,25.92,25.92,0.0,-25920.0,0.0
2019-03-18,14,0,55,52.52,52.52,0.0,-20472.88702,0.0
2019-03-18,14,0,56,229.58,229.58,0.0,-229580.0,0.0
2019-03-18,14,0,57,218.38,218.38,0.0,-218380.0,0.0
2019-03-18,14,0,58,419.96,419.96,0.0,-419960.0,0.0
2019-03-18,14,0,59,412.96,412.96,0.0,-412960.0,0.0
2019-03-18,14,0,63,1.66,1.66,0.0,43.745551,0.0
2019-03-18,14,0,64,1.96,1.96,0.0,51.651374,0.0
2019-03-18,14,0,65,16.49,16.49,0.0,279.747408,0.0
2019-03-18,14,0,67,512.98,512.98,0.0,6034.702773,0.0
2019-03-18,14,0,68,1.07,1.07,0.0,14.548769,0.0
2019-03-18,14,0,69,3.91,3.91,0.0,90.002064,0.0
2019-03-18,14,0,74,62.35,62.35,0.0,632.572058,0.0
2019-03-18,14,0,77,4.11,4.11,0.0,108.287607,0.0
2019-03-18,14,0,78,3.11,3.11,0.0,81.940258,0.0
2019-03-18,14,0,79,1.8,1.8,0.0,47.425229,0.0
2019-03-18,14,0,80,2.91,2.91,0.0,76.670788,0.0
2019-03-18,14,0,81,3.8,3.8,0.0,100.119929,0.0
2019-03-18,14,0,82,2.68,2.68,0.0,70.610897,0.0
2019-03-18,14,0,83,5.98,5.98,0.0,157.557151,0.0
2019-03-18,14,0,84,0.0,0.0,0.0,0.0,0.0
2019-03-18,14,0,86,19.81,19.81,0.0,455.995111,0.0
2019-03-18,14,0,87,101.13,101.13,0.0,2327.853891,0.0
2019-03-18,14,0,88,3.44,3.44,0.0,90.634883,0.0
2019-03-18,14,0,89,3.31,3.31,0.0,87.209728,0.0
2019-03-18,14,0,90,4.44,4.44,0.0,116.982233,0.0
2019-03-18,14,0,91,15.85,15.85,0.0,417.605493,0.0
2019-03-18,14,0,92,5.7,5.7,0.0,150.179893,0.0
2019-03-18,14,0,95,2.45,2.45,0.0,59.496808,0.0
2019-03-18,14,0,96,2.46,2.46,0.0,100.513948,0.0
2019-03-18,14,0,97,16.51,16.51,0.0,674.587516,0.0
2019-03-18,14,0,99,12.04,12.04,0.0,122.151846,0.0
2019-03-18,14,0,101,15.68,15.68,0.0,-15680.0,0.0
2019-03-18,14,0,102,2.53,2.53,0.0,34.40036,0.0
2019-03-18,14,0,103,2.2,2.2,0.0,29.913357,0.0
2019-03-18,14,0,104,0.41,0.41,0.0,5.574762,0.0
2019-03-18,14,0,106,381.18,381.18,0.0,-148588.253509,0.0
2019-03-18,14,0,109,15.26,15.26,0.0,71.444546,0.0
2019-03-18,14,0,110,34.63,34.63,0.0,213.00494,0.0
2019-03-18,14,0,111,22.25,22.25,0.0,-173.705279,0.0
2019-03-18,14,0,113,2.57,2.57,0.0,60.272263,0.0
2019-03-18,14,0,115,2.57,2.57,0.0,60.272263,0.0
2019-03-18,14,0,116,195.84,195.84,0.0,1204.588143,0.0
2019-03-18,14,0,117,0.17,0.17,0.0,3.986881,0.0
2019-03-18,14,0,119,1.96,1.96,0.0,51.651374,0.0
2019-03-18,14,0,120,1.15,1.15,0.0,30.305653,0.0
2019-03-18,14,0,123,6.35,6.35,0.0,-2475.301458,0.0
2019-03-18,14,0,125,4.69,4.69,0.0,-1828.214778,0.0
2019-03-18,14,0,126,285.88,285.88,0.0,-111439.241076,0.0
2019-03-18,14,0,127,366.88,366.88,0.0,-143013.952588,0.0
2019-03-18,14,0,128,6.51,6.51,0.0,-2537.671259,0.0
2019-03-18,14,0,131,1.9,1.9,0.0,46.199812,0.0
2019-03-18,14,0,132,2.8,2.8,0.0,68.083934,0.0
2019-03-18,14,0,133,32.57,32.57,0.0,560.890464,0.0
2019-03-18,14,0,134,0.0,0.0,0.0,0.0,0.0
2019-03-18,14,0,135,43.64,43.64,0.0,751.527781,0.0
2019-03-18,14,0,136,32.59,32.59,0.0,552.459349,0.0
2019-03-18,14,0,139,8.23,8.23,0.0,-64.251436,0.0
2019-03-18,14,0,140,25.63,25.63,0.0,157.647029,0.0
2019-03-18,14,0,141,12.64,12.64,0.0,148.697109,0.0
2019-03-18,14,0,142,676.49,676.49,0.0,7958.236342,0.0
2019-03-18,14,0,143,25.67,25.67,0.0,-25670.0,0.0
2019-03-18,14,0,145,8.12,8.12,0.0,-13.319638,0.0
2019-03-18,14,0,146,39.3,39.3,0.0,241.729545,0.0
2019-03-18,14,0,152,10.93,10.93,0.0,116.802767,0.0
2019-03-18,14,0,153,14.13,14.13,0.0,146.882071,0.0
2019-03-18,14,0,154,91.78,91.78,0.0,-716.524516,0.0
2019-03-18,14,0,157,31.27,31.27,0.0,367.860649,0.0
2019-03-18,14,0,158,516.02,516.02,0.0,6070.465369,0.0
2019-03-18,14,0,159,0.0,0.0,0.0,0.0,0.0
2019-03-18,14,0,160,4.11,4.11,0.0,44.250816,0.0
2019-03-18,14,0,161,97.47,97.47,0.0,1325.297682,0.0
2019-03-18,14,0,162,4.7,4.7,0.0,114.267103,0.0
2019-03-18,14,0,163,5.59,5.59,0.0,34.383414,0.0
2019-03-18,14,0,164,18.59,18.59,0.0,-18590.0,0.0
2019-03-18,14,0,167,9.64,9.64,0.0,233.585331,0.0
2019-03-18,14,0,168,4.82,4.82,0.0,116.792665,0.0
2019-03-18,14,0,169,0.0,0.0,0.0,0.0,0.0
2019-03-18,14,0,170,10.55,10.55,0.0,255.635398,0.0
2019-03-18,14,0,172,12.56,12.56,0.0,281.775816,0.0
2019-03-18,14,0,173,19.14,19.14,0.0,429.394038,0.0
2019-03-18,14,0,188,16.81,16.81,0.0,399.340328,0.0
2019-03-18,14,0,190,15.44,15.44,0.0,406.88633,0.0
2019-03-18,14,0,191,39.89,39.89,0.0,1051.210863,0.0
2019-03-18,14,0,192,7.76,7.76,0.0,204.497275,0.0
2019-03-18,14,0,194,4.44,4.44,0.0,104.327662,0.0
2019-03-18,14,0,196,10.58,10.58,0.0,314.007938,0.0
2019-03-18,14,0,198,17.02,17.02,0.0,225.609936,0.0
2019-03-18,14,0,199,18.92,18.92,0.0,224.658463,0.0
2019-03-18,14,0,200,30.71,30.71,0.0,364.654408,0.0
2019-03-18,14,0,204,63.83,63.83,0.0,267.169896,0.0
2019-03-18,14,0,205,80.73,80.73,0.0,377.963183,0.0
2019-03-18,14,0,206,58.43,58.43,0.0,2387.410572,0.0
2019-03-18,14,0,210,3.17,3.17,0.0,14.788144,0.0
2019-03-18,14,0,214,19.64,19.64,0.0,519.554734,0.0
2019-03-18,14,0,217,12.8,12.8,0.0,228.887578,0.0
2019-03-18,14,0,218,17.66,17.66,0.0,315.79333,0.0
2019-03-18,14,0,219,12.03,12.03,0.0,215.118559,0.0
2019-03-18,14,0,221,10.47,10.47,0.0,276.972406,0.0
2019-03-18,14,0,225,9.8,9.8,0.0,43.132029,0.0
2019-03-18,14,0,233,11.21,11.21,0.0,258.036607,0.0
2019-03-18,14,0,236,44.54,44.54,0.0,624.775068,0.0
2019-03-18,14,0,237,149.58,149.58,0.0,1517.564208,0.0
2019-03-18,14,0,238,61.93,61.93,0.0,987.012499,0.0
2019-03-18,14,0,240,18.68,18.68,0.0,148.213359,0.0
2019-03-18,14,0,245,44.21,44.21,0.0,798.463392,0.0
2019-03-18,14,0,247,54.51,54.51,0.0,984.488566,0.0
2019-03-18,14,0,248,15.02,15.02,0.0,152.385442,0.0
2019-03-18,14,0,249,85.01,85.01,0.0,1535.339809,0.0
2019-03-18,14,0,251,102.52,102.52,0.0,1699.775478,0.0
2019-03-18,14,0,252,106.37,106.37,0.0,1804.531943,0.0
2019-03-18,14,0,254,28.43,28.43,0.0,257.51836,0.0
2019-03-18,14,0,255,13.03,13.03,0.0,118.025474,0.0
2019-03-18,14,0,258,23.3,23.3,0.0,186.944425,0.0
2019-03-18,14,0,260,9.97,9.97,0.0,107.34322,0.0
2019-03-18,14,0,265,95.03,95.03,0.0,-741.897197,0.0
2019-03-18,14,0,266,5.33,5.33,0.0,-41.611197,0.0
2019-03-18,14,0,267,6.55,6.55,0.0,-51.135711,0.0
2019-03-18,14,0,270,19.42,19.42,0.0,119.45007,0.0
2019-03-18,14,0,272,8.58,8.58,0.0,201.22024,0.0
2019-03-18,14,0,273,46.83,46.83,0.0,288.045664,0.0
2019-03-18,14,0,274,25.91,25.91,0.0,159.369275,0.0
2019-03-18,14,0,275,37.68,37.68,0.0,231.765121,0.0
2019-03-18,14,0,276,10.49,10.49,0.0,77.669776,0.0
2019-03-18,14,0,277,12.63,12.63,0.0,310.861403,0.0
2019-03-18,14,0,278,20.21,20.21,0.0,497.42747,0.0
2019-03-18,14,0,279,13.95,13.95,0.0,343.35048,0.0
2019-03-18,14,0,281,6.91,6.91,0.0,-6910.0,0.0
2019-03-18,14,0,282,426.96,426.96,0.0,-426960.0,0.0
2019-03-18,15,0,9,4.57,4.57,0.0,-1784.360973,0.0
2019-03-18,15,0,17,49.96,49.96,0.0,814.572467,0.0
2019-03-18,15,0,19,192.99,192.99,0.0,3146.604092,0.0
2019-03-18,15,0,20,234.06,234.06,0.0,3816.229617,0.0
2019-03-18,15,0,21,104.49,104.49,0.0,-40798.222768,0.0
2019-03-18,15,0,22,371.35,371.35,0.0,-144993.970954,0.0
2019-03-18,15,0,23,4.79,4.79,0.0,-1870.260188,0.0
2019-03-18,15,0,24,8.47,8.47,0.0,-3307.11979,0.0
2019-03-18,15,0,29,9.72,9.72,0.0,33.898715,0.0
2019-03-18,15,0,30,755.25,755.25,0.0,-755250.0,0.0
2019-03-18,15,0,31,23.04,23.04,0.0,-23040.0,0.0
2019-03-18,15,0,32,7.75,7.75,0.0,191.545968,0.0
2019-03-18,15,0,33,3.84,3.84,0.0,84.905528,0.0
2019-03-18,15,0,34,6.15,6.15,0.0,135.981509,0.0
2019-03-18,15,0,35,6.15,6.15,0.0,135.981509,0.0
2019-03-18,15,0,36,15.91,15.91,0.0,113.040263,0.0
2019-03-18,15,0,37,7.49,7.49,0.0,52.294542,0.0
2019-03-18,15,0,38,9.63,9.63,0.0,67.23584,0.0
2019-03-18,15,0,39,6.42,6.42,0.0,44.823893,0.0
2019-03-18,15,0,40,6.42,6.42,0.0,44.823893,0.0
2019-03-18,15,0,41,13.92,13.92,0.0,-121.974551,0.0
2019-03-18,15,0,42,45.89,45.89,0.0,690.455707,0.0
2019-03-18,15,0,43,48.94,48.94,0.0,376.99074,0.0
2019-03-18,15,0,46,42.62,42.62,0.0,242.055198,0.0
2019-03-18,15,0,52,24.42,24.42,0.0,-24420.0,0.0
2019-03-18,15,0,53,38.79,38.79,0.0,-38790.0,0.0
2019-03-18,15,0,55,87.84,87.84,0.0,-34297.213972,0.0
2019-03-18,15,0,56,222.77,222.77,0.0,-222770.0,0.0
2019-03-18,15,0,57,211.91,211.91,0.0,-211910.0,0.0
2019-03-18,15,0,58,407.51,407.51,0.0,-407510.0,0.0
2019-03-18,15,0,59,400.72,400.72,0.0,-400720.0,0.0
2019-03-18,15,0,63,4.3,4.3,0.0,116.913216,0.0
2019-03-18,15,0,64,5.05,5.05,0.0,137.305056,0.0
2019-03-18,15,0,65,12.55,12.55,0.0,201.68718,0.0
2019-03-18,15,0,67,486.12,486.12,0.0,5643.363093,0.0
2019-03-18,15,0,68,5.13,5.13,0.0,75.252543,0.0
2019-03-18,15,0,69,3.84,3.84,0.0,84.905528,0.0
2019-03-18,15,0,74,81.38,81.38,0.0,753.58514,0.0
2019-03-18,15,0,77,9.91,9.91,0.0,248.677438,0.0
2019-03-18,15,0,78,7.49,7.49,0.0,187.95096,0.0
2019-03-18,15,0,79,4.34,4.34,0.0,108.906164,0.0
2019-03-18,15,0,80,7.01,7.01,0.0,175.906038,0.0
2019-03-18,15,0,81,9.17,9.17,0.0,230.108184,0.0
2019-03-18,15,0,82,6.47,6.47,0.0,162.355502,0.0
2019-03-18,15,0,83,14.42,14.42,0.0,361.849511,0.0
2019-03-18,15,0,84,0.0,0.0,0.0,0.0,0.0
2019-03-18,15,0,86,19.47,19.47,0.0,430.497559,0.0
2019-03-18,15,0,87,99.42,99.42,0.0,2198.257182,0.0
2019-03-18,15,0,88,7.89,7.89,0.0,197.988394,0.0
2019-03-18,15,0,89,7.59,7.59,0.0,190.460318,0.0
2019-03-18,15,0,90,10.19,10.19,0.0,255.703642,0.0
2019-03-18,15,0,91,36.34,36.34,0.0,911.900918,0.0
2019-03-18,15,0,92,13.07,13.07,0.0,327.97317,0.0
2019-03-18,15,0,95,5.37,5.37,0.0,132.884424,0.0
2019-03-18,15,0,96,4.42,4.42,0.0,175.752857,0.0
2019-03-18,15,0,97,27.17,27.17,0.0,1080.36315,0.0
2019-03-18,15,0,99,15.71,15.71,0.0,145.475824,0.0
2019-03-18,15,0,101,15.21,15.21,0.0,-15210.0,0.0
2019-03-18,15,0,102,12.15,12.15,0.0,178.229708,0.0
2019-03-18,15,0,103,10.57,10.57,0.0,155.052511,0.0
2019-03-18,15,0,104,1.96,1.96,0.0,28.751459,0.0
2019-03-18,15,0,106,365.56,365.56,0.0,-142733.259787,0.0
2019-03-18,15,0,109,17.64,17.64,0.0,66.878433,0.0
2019-03-18,15,0,110,77.34,77.34,0.0,173.081611,0.0
2019-03-18,15,0,111,21.77,21.77,0.0,-190.760487,0.0
2019-03-18,15,0,113,6.31,6.31,0.0,141.425026,0.0
2019-03-18,15,0,115,6.31,6.31,0.0,141.425026,0.0
2019-03-18,15,0,116,187.72,187.72,0.0,420.104474,0.0
2019-03-18,15,0,117,0.42,0.42,0.0,9.413393,0.0
2019-03-18,15,0,119,5.05,5.05,0.0,137.305056,0.0
2019-03-18,15,0,120,2.97,2.97,0.0,80.751686,0.0
2019-03-18,15,0,123,6.09,6.09,0.0,-2377.846461,0.0
2019-03-18,15,0,125,7.67,7.67,0.0,-2994.759007,0.0
2019-03-18,15,0,126,274.17,274.17,0.0,-107049.94484,0.0
2019-03-18,15,0,127,351.86,351.86,0.0,-137384.081379,0.0
2019-03-18,15,0,128,10.98,10.98,0.0,-4287.151747,0.0
2019-03-18,15,0,131,11.55,11.55,0.0,258.225598,0.0
2019-03-18,15,0,132,17.0,17.0,0.0,380.072308,0.0
2019-03-18,15,0,133,37.45,37.45,0.0,611.428196,0.0
2019-03-18,15,0,134,0.0,0.0,0.0,0.0,0.0
2019-03-18,15,0,135,50.19,50.19,0.0,819.428068,0.0
2019-03-18,15,0,136,28.1,28.1,0.0,451.225764,0.0
2019-03-18,15,0,139,18.1,18.1,0.0,-158.601967,0.0
2019-03-18,15,0,140,57.24,57.24,0.0,128.099191,0.0
2019-03-18,15,0,141,34.2,34.2,0.0,397.027519,0.0
2019-03-18,15,0,142,641.08,641.08,0.0,7442.292461,0.0
2019-03-18,15,0,143,39.31,39.31,0.0,-39310.0,0.0
2019-03-18,15,0,145,5.98,5.98,0.0,-15.719244,0.0
2019-03-18,15,0,146,103.17,103.17,0.0,230.887378,0.0
2019-03-18,15,0,152,10.64,10.64,0.0,104.386737,0.0
2019-03-18,15,0,153,13.69,13.69,0.0,130.333266,0.0
2019-03-18,15,0,154,89.8,89.8,0.0,-786.876056,0.0
2019-03-18,15,0,157,82.45,82.45,0.0,957.161374,0.0
2019-03-18,15,0,158,495.56,495.56,0.0,5752.951975,0.0
2019-03-18,15,0,159,0.0,0.0,0.0,0.0,0.0
2019-03-18,15,0,160,3.92,3.92,0.0,39.540898,0.0
2019-03-18,15,0,161,93.23,93.23,0.0,1367.60129,0.0
2019-03-18,15,0,162,9.78,9.78,0.0,242.325089,0.0
2019-03-18,15,0,163,17.6,17.6,0.0,39.387592,0.0
2019-03-18,15,0,164,18.17,18.17,0.0,-18170.0,0.0
2019-03-18,15,0,167,8.87,8.87,0.0,218.921552,0.0
2019-03-18,15,0,168,4.44,4.44,0.0,109.584182,0.0
2019-03-18,15,0,169,0.0,0.0,0.0,0.0,0.0
2019-03-18,15,0,170,9.7,9.7,0.0,239.406883,0.0
2019-03-18,15,0,172,11.76,11.76,0.0,267.799403,0.0
2019-03-18,15,0,173,17.92,17.92,0.0,408.075281,0.0
2019-03-18,15,0,188,15.91,15.91,0.0,383.964264,0.0
2019-03-18,15,0,190,14.85,14.85,0.0,403.758432,0.0
2019-03-18,15,0,191,38.37,38.37,0.0,1043.246534,0.0
2019-03-18,15,0,192,22.28,22.28,0.0,605.773594,0.0
2019-03-18,15,0,194,8.34,8.34,0.0,192.800903,0.0
2019-03-18,15,0,196,10.0,10.0,0.0,312.952498,0.0
2019-03-18,15,0,198,16.31,16.31,0.0,208.921573,0.0
2019-03-18,15,0,199,22.52,22.52,0.0,266.147404,0.0
2019-03-18,15,0,200,29.2,29.2,0.0,345.093437,0.0
2019-03-18,15,0,204,73.76,73.76,0.0,242.851818,0.0
2019-03-18,15,0,205,93.29,93.29,0.0,353.689855,0.0
2019-03-18,15,0,206,79.83,79.83,0.0,3174.287459,0.0
2019-03-18,15,0,210,3.0,3.0,0.0,12.338829,0.0
2019-03-18,15,0,214,18.6,18.6,0.0,475.012485,0.0
2019-03-18,15,0,217,12.06,12.06,0.0,203.782682,0.0
2019-03-18,15,0,218,16.65,16.65,0.0,281.341762,0.0
2019-03-18,15,0,219,11.34,11.34,0.0,191.616551,0.0
2019-03-18,15,0,221,9.92,9.92,0.0,253.339992,0.0
2019-03-18,15,0,225,9.05,9.05,0.0,31.015466,0.0
2019-03-18,15,0,233,11.02,11.02,0.0,243.661176,0.0
2019-03-18,15,0,236,62.37,62.37,0.0,819.6022,0.0
2019-03-18,15,0,237,195.21,195.21,0.0,1807.659809,0.0
2019-03-18,15,0,238,59.73,59.73,0.0,898.690769,0.0
2019-03-18,15,0,240,18.03,18.03,0.0,128.102825,0.0
2019-03-18,15,0,245,51.15,51.15,0.0,877.951339,0.0
2019-03-18,15,0,247,59.53,59.53,0.0,1021.787746,0.0
2019-03-18,15,0,248,19.6,19.6,0.0,181.497527,0.0
2019-03-18,15,0,249,98.36,98.36,0.0,1688.275536,0.0
2019-03-18,15,0,251,71.74,71.74,0.0,1125.373087,0.0
2019-03-18,15,0,252,80.95,80.95,0.0,1300.922485,0.0
2019-03-18,15,0,254,27.3,27.3,0.0,226.625806,0.0
2019-03-18,15,0,255,12.51,12.51,0.0,103.849408,0.0
2019-03-18,15,0,258,22.35,22.35,0.0,160.955454,0.0
2019-03-18,15,0,260,9.51,9.51,0.0,95.927026,0.0
2019-03-18,15,0,265,92.98,92.98,0.0,-814.740932,0.0
2019-03-18,15,0,266,11.58,11.58,0.0,-101.470209,0.0
2019-03-18,15,0,267,14.32,14.32,0.0,-125.479567,0.0
2019-03-18,15,0,270,57.43,57.43,0.0,128.524398,0.0
2019-03-18,15,0,272,21.08,21.08,0.0,472.462687,0.0
2019-03-18,15,0,273,44.89,44.89,0.0,100.460739,0.0
2019-03-18,15,0,274,75.65,75.65,0.0,169.299507,0.0
2019-03-18,15,0,275,108.58,108.58,0.0,242.994587,0.0
2019-03-18,15,0,276,10.17,10.17,0.0,44.039063,0.0
2019-03-18,15,0,277,12.16,12.16,0.0,285.609154,0.0
2019-03-18,15,0,278,19.46,19.46,0.0,457.068597,0.0
2019-03-18,15,0,279,36.22,36.22,0.0,850.720688,0.0
2019-03-18,15,0,281,10.34,10.34,0.0,-10340.0,0.0
2019-03-18,15,0,282,414.3,414.3,0.0,-414300.0,0.0
2019-03-18,16,0,9,3.87,3.87,0.0,-5.099924,0.0
2019-03-18,16,0,17,36.21,36.21,0.0,297.104401,0.0
2019-03-18,16,0,19,332.0,332.0,0.0,2724.072389,0.0
2019-03-18,16,0,20,419.03,419.03,0.0,3438.156787,0.0
2019-03-18,16,0,21,88.38,88.38,0.0,-116.468027,0.0
2019-03-18,16,0,22,314.11,314.11,0.0,-413.937226,0.0
2019-03-18,16,0,23,8.88,8.88,0.0,-11.702151,0.0
2019-03-18,16,0,24,15.71,15.71,0.0,-20.702791,0.0
2019-03-18,16,0,29,8.44,8.44,0.0,40.924578,0.0
2019-03-18,16,0,30,504.8,504.8,0.0,-693.330588,0.0
2019-03-18,16,0,31,33.85,33.85,0.0,-46.492156,0.0
2019-03-18,16,0,32,6.75,6.75,0.0,165.971773,0.0
2019-03-18,16,0,33,3.19,3.19,0.0,32.307168,0.0
2019-03-18,16,0,34,5.11,5.11,0.0,51.752234,0.0
2019-03-18,16,0,35,5.11,5.11,0.0,51.752234,0.0
2019-03-18,16,0,36,12.75,12.75,0.0,63.67504,0.0
2019-03-18,16,0,37,5.84,5.84,0.0,28.715125,0.0
2019-03-18,16,0,38,7.51,7.51,0.0,36.926471,0.0
2019-03-18,16,0,39,5.0,5.0,0.0,24.584868,0.0
2019-03-18,16,0,40,5.0,5.0,0.0,24.584868,0.0
2019-03-18,16,0,41,24.59,24.59,0.0,40.315305,0.0
2019-03-18,16,0,42,29.15,29.15,0.0,227.0285,0.0
2019-03-18,16,0,43,40.59,40.59,0.0,211.061069,0.0
2019-03-18,16,0,46,35.97,35.97,0.0,154.115704,0.0
2019-03-18,16,0,52,35.88,35.88,0.0,-49.280312,0.0
2019-03-18,16,0,53,57.01,57.01,0.0,-78.301856,0.0
2019-03-18,16,0,55,139.93,139.93,0.0,-184.401121,0.0
2019-03-18,16,0,56,148.9,148.9,0.0,-204.510548,0.0
2019-03-18,16,0,57,141.63,141.63,0.0,-194.525379,0.0
2019-03-18,16,0,58,272.37,272.37,0.0,-374.093606,0.0
2019-03-18,16,0,59,267.83,267.83,0.0,-367.858026,0.0
2019-03-18,16,0,63,8.86,8.86,0.0,287.308156,0.0
2019-03-18,16,0,64,10.42,10.42,0.0,337.895145,0.0
2019-03-18,16,0,65,9.86,9.86,0.0,80.138338,0.0
2019-03-18,16,0,67,424.98,424.98,0.0,-14603.119315,0.0
2019-03-18,16,0,68,10.98,10.98,0.0,-213.43897,0.0
2019-03-18,16,0,69,3.19,3.19,0.0,32.307168,0.0
2019-03-18,16,0,74,65.23,65.23,0.0,389.624056,0.0
2019-03-18,16,0,77,19.93,19.93,0.0,-132.663043,0.0
2019-03-18,16,0,78,15.07,15.07,0.0,-100.312697,0.0
2019-03-18,16,0,79,8.72,8.72,0.0,-58.044242,0.0
2019-03-18,16,0,80,14.1,14.1,0.0,-93.855941,0.0
2019-03-18,16,0,81,18.44,18.44,0.0,-122.744933,0.0
2019-03-18,16,0,82,13.01,13.01,0.0,-86.600411,0.0
2019-03-18,16,0,83,29.01,29.01,0.0,-193.103607,0.0
2019-03-18,16,0,84,0.0,0.0,0.0,0.0,0.0
2019-03-18,16,0,86,16.17,16.17,0.0,163.763919,0.0
2019-03-18,16,0,87,82.57,82.57,0.0,836.239133,0.0
2019-03-18,16,0,88,15.5,15.5,0.0,-103.174971,0.0
2019-03-18,16,0,89,14.9,14.9,0.0,-99.181101,0.0
2019-03-18,16,0,90,20.01,20.01,0.0,-133.195559,0.0
2019-03-18,16,0,91,71.37,71.37,0.0,-475.070817,0.0
2019-03-18,16,0,92,25.67,25.67,0.0,-170.871065,0.0
2019-03-18,16,0,95,10.0,10.0,0.0,248.996943,0.0
2019-03-18,16,0,96,7.92,7.92,0.0,-11.338686,0.0
2019-03-18,16,0,97,48.7,48.7,0.0,-69.721467,0.0
2019-03-18,16,0,99,14.3,14.3,0.0,85.415055,0.0
2019-03-18,16,0,101,10.17,10.17,0.0,-13.968249,0.0
2019-03-18,16,0,102,26.0,26.0,0.0,-505.41104,0.0
2019-03-18,16,0,103,22.6,22.6,0.0,-439.318827,0.0
2019-03-18,16,0,104,4.2,4.2,0.0,-81.643322,0.0
2019-03-18,16,0,106,309.21,309.21,0.0,-407.479958,0.0
2019-03-18,16,0,109,20.69,20.69,0.0,71.394842,0.0
2019-03-18,16,0,110,147.39,147.39,0.0,-11800.176755,0.0
2019-03-18,16,0,111,19.19,19.19,0.0,31.462005,0.0
2019-03-18,16,0,113,12.8,12.8,0.0,-61.375095,0.0
2019-03-18,16,0,115,12.8,12.8,0.0,-61.375095,0.0
2019-03-18,16,0,116,162.33,162.33,0.0,-12996.286673,0.0
2019-03-18,16,0,117,0.85,0.85,0.0,-4.07569,0.0
2019-03-18,16,0,119,10.42,10.42,0.0,337.895145,0.0
2019-03-18,16,0,120,6.13,6.13,0.0,198.780925,0.0
2019-03-18,16,0,123,5.15,5.15,0.0,-6.78672,0.0
2019-03-18,16,0,125,14.22,14.22,0.0,-18.739255,0.0
2019-03-18,16,0,126,231.91,231.91,0.0,-305.613263,0.0
2019-03-18,16,0,127,297.62,297.62,0.0,-392.206543,0.0
2019-03-18,16,0,128,20.36,20.36,0.0,-26.830607,0.0
2019-03-18,16,0,131,9.56,9.56,0.0,-147.734594,0.0
2019-03-18,16,0,132,14.05,14.05,0.0,-217.120402,0.0
2019-03-18,16,0,133,50.5,50.5,0.0,414.722723,0.0
2019-03-18,16,0,134,0.0,0.0,0.0,0.0,0.0
2019-03-18,16,0,135,64.2,64.2,0.0,527.23166,0.0
2019-03-18,16,0,136,24.88,24.88,0.0,202.109458,0.0
2019-03-18,16,0,139,32.02,32.02,0.0,52.49679,0.0
2019-03-18,16,0,140,109.08,109.08,0.0,-8733.043493,0.0
2019-03-18,16,0,141,72.72,72.72,0.0,-2498.797206,0.0
2019-03-18,16,0,142,560.45,560.45,0.0,-19258.125606,0.0
2019-03-18,16,0,143,57.81,57.81,0.0,-79.400636,0.0
2019-03-18,16,0,145,8.33,8.33,0.0,3.484127,0.0
2019-03-18,16,0,146,213.64,213.64,0.0,-17104.211697,0.0
2019-03-18,16,0,152,9.24,9.24,0.0,55.375758,0.0
2019-03-18,16,0,153,11.46,11.46,0.0,67.531882,0.0
2019-03-18,16,0,154,79.15,79.15,0.0,129.766426,0.0
2019-03-18,16,0,157,171.92,171.92,0.0,-5907.497465,0.0
2019-03-18,16,0,158,433.87,433.87,0.0,-14908.596586,0.0
2019-03-18,16,0,159,0.0,0.0,0.0,0.0,0.0
2019-03-18,16,0,160,3.31,3.31,0.0,20.490841,0.0
2019-03-18,16,0,161,79.21,79.21,0.0,-1539.754171,0.0
2019-03-18,16,0,162,17.83,17.83,0.0,445.456223,0.0
2019-03-18,16,0,163,39.26,39.26,0.0,-3143.191122,0.0
2019-03-18,16,0,164,16.13,16.13,0.0,-22.154165,0.0
2019-03-18,16,0,167,7.44,7.44,0.0,183.609656,0.0
2019-03-18,16,0,168,3.72,3.72,0.0,91.804828,0.0
2019-03-18,16,0,169,0.0,0.0,0.0,0.0,0.0
2019-03-18,16,0,170,8.14,8.14,0.0,200.884757,0.0
2019-03-18,16,0,172,9.95,9.95,0.0,222.986239,0.0
2019-03-18,16,0,173,15.17,15.17,0.0,339.969974,0.0
2019-03-18,16,0,188,13.72,13.72,0.0,318.517634,0.0
2019-03-18,16,0,190,12.59,12.59,0.0,408.262944,0.0
2019-03-18,16,0,191,32.52,32.52,0.0,1054.544157,0.0
2019-03-18,16,0,192,48.05,48.05,0.0,1558.14412,0.0
2019-03-18,16,0,194,14.29,14.29,0.0,115.033824,0.0
2019-03-18,16,0,196,8.51,8.51,0.0,409.03086,0.0
2019-03-18,16,0,198,14.46,14.46,0.0,108.421178,0.0
2019-03-18,16,0,199,26.81,26.81,0.0,271.485015,0.0
2019-03-18,16,0,200,25.83,25.83,0.0,261.561281,0.0
2019-03-18,16,0,204,85.95,85.95,0.0,275.473309,0.0
2019-03-18,16,0,205,109.47,109.47,0.0,377.747385,0.0
2019-03-18,16,0,206,143.1,143.1,0.0,-204.869444,0.0
2019-03-18,16,0,210,2.69,2.69,0.0,14.569766,0.0
2019-03-18,16,0,214,15.96,15.96,0.0,179.808408,0.0
2019-03-18,16,0,217,10.96,10.96,0.0,95.619986,0.0
2019-03-18,16,0,218,15.12,15.12,0.0,131.913703,0.0
2019-03-18,16,0,219,10.3,10.3,0.0,89.861848,0.0
2019-03-18,16,0,221,8.51,8.51,0.0,95.875285,0.0
2019-03-18,16,0,225,7.75,7.75,0.0,37.154193,0.0
2019-03-18,16,0,233,9.15,9.15,0.0,92.667895,0.0
2019-03-18,16,0,236,69.17,69.17,0.0,494.013578,0.0
2019-03-18,16,0,237,149.18,149.18,0.0,891.064184,0.0
2019-03-18,16,0,238,37.95,37.95,0.0,295.565405,0.0
2019-03-18,16,0,240,14.44,14.44,0.0,72.115104,0.0
2019-03-18,16,0,245,64.09,64.09,0.0,544.106256,0.0
2019-03-18,16,0,247,74.59,74.59,0.0,633.248332,0.0
2019-03-18,16,0,248,17.57,17.57,0.0,104.947029,0.0
2019-03-18,16,0,249,123.24,123.24,0.0,1046.273286,0.0
2019-03-18,16,0,251,48.39,48.39,0.0,387.144922,0.0
2019-03-18,16,0,252,63.62,63.62,0.0,517.079218,0.0
2019-03-18,16,0,254,20.2,20.2,0.0,110.058595,0.0
2019-03-18,16,0,255,9.26,9.26,0.0,50.452603,0.0
2019-03-18,16,0,258,18.23,18.23,0.0,91.648488,0.0
2019-03-18,16,0,260,8.05,8.05,0.0,49.83422,0.0
2019-03-18,16,0,265,81.94,81.94,0.0,134.340631,0.0
2019-03-18,16,0,266,20.42,20.42,0.0,33.47859,0.0
2019-03-18,16,0,267,25.29,25.29,0.0,41.462955,0.0
2019-03-18,16,0,270,106.11,106.11,0.0,-8495.262606,0.0
2019-03-18,16,0,272,42.77,42.77,0.0,-205.079124,0.0
2019-03-18,16,0,273,38.82,38.82,0.0,-3107.964323,0.0
2019-03-18,16,0,274,132.42,132.42,0.0,-10601.665011,0.0
2019-03-18,16,0,275,177.52,177.52,0.0,-14212.411816,0.0
2019-03-18,16,0,276,8.72,8.72,0.0,-609.155491,0.0
2019-03-18,16,0,277,10.43,10.43,0.0,-57.795163,0.0
2019-03-18,16,0,278,16.68,16.68,0.0,-92.427931,0.0
2019-03-18,16,0,279,172.83,172.83,0.0,-957.693003,0.0
2019-03-18,16,0,281,15.19,15.19,0.0,-20.863098,0.0
2019-03-18,16,0,282,276.91,276.91,0.0,-380.329186,0.0
2019-03-18,17,0,9,2.98,2.98,0.0,-1.168385,0.0
2019-03-18,17,0,17,26.87,26.87,0.0,189.916942,0.0
2019-03-18,17,0,19,284.63,284.63,0.0,2011.762527,0.0
2019-03-18,17,0,20,342.76,342.76,0.0,2422.624894,0.0
2019-03-18,17,0,21,68.2,68.2,0.0,-26.739542,0.0
2019-03-18,17,0,22,242.38,242.38,0.0,-95.031236,0.0
2019-03-18,17,0,23,17.59,17.59,0.0,-6.896606,0.0
2019-03-18,17,0,24,31.29,31.29,0.0,-12.268039,0.0
2019-03-18,17,0,29,6.12,6.12,0.0,41.29849,0.0
2019-03-18,17,0,30,392.31,392.31,0.0,-171.553595,0.0
2019-03-18,17,0,31,43.98,43.98,0.0,-19.232054,0.0
2019-03-18,17,0,32,5.08,5.08,0.0,116.489181,0.0
2019-03-18,17,0,33,2.37,2.37,0.0,20.121904,0.0
2019-03-18,17,0,34,3.8,3.8,0.0,32.262968,0.0
2019-03-18,17,0,35,3.8,3.8,0.0,32.262968,0.0
2019-03-18,17,0,36,9.76,9.76,0.0,46.654169,0.0
2019-03-18,17,0,37,4.47,4.47,0.0,21.175224,0.0
2019-03-18,17,0,38,5.74,5.74,0.0,27.191451,0.0
2019-03-18,17,0,39,3.83,3.83,0.0,18.143425,0.0
2019-03-18,17,0,40,3.83,3.83,0.0,18.143425,0.0
2019-03-18,17,0,41,14.78,14.78,0.0,29.392717,0.0
2019-03-18,17,0,42,22.02,22.02,0.0,148.848487,0.0
2019-03-18,17,0,43,31.27,31.27,0.0,157.248078,0.0
2019-03-18,17,0,46,27.47,27.47,0.0,116.452411,0.0
2019-03-18,17,0,52,46.62,46.62,0.0,-20.386502,0.0
2019-03-18,17,0,53,74.07,74.07,0.0,-32.390137,0.0
2019-03-18,17,0,55,195.74,195.74,0.0,-76.744839,0.0
2019-03-18,17,0,56,115.72,115.72,0.0,-50.603304,0.0
2019-03-18,17,0,57,110.07,110.07,0.0,-48.13261,0.0
2019-03-18,17,0,58,211.68,211.68,0.0,-92.565739,0.0
2019-03-18,17,0,59,208.15,208.15,0.0,-91.022102,0.0
2019-03-18,17,0,63,21.22,21.22,0.0,632.532944,0.0
2019-03-18,17,0,64,24.96,24.96,0.0,744.016131,0.0
2019-03-18,17,0,65,7.65,7.65,0.0,53.632024,0.0
2019-03-18,17,0,67,324.02,324.02,0.0,-9411.248329,0.0
2019-03-18,17,0,68,8.14,8.14,0.0,-129.730497,0.0
2019-03-18,17,0,69,2.37,2.37,0.0,20.121904,0.0
2019-03-18,17,0,74,61.47,61.47,0.0,332.182832,0.0
2019-03-18,17,0,77,26.32,26.32,0.0,-124.575644,0.0
2019-03-18,17,0,78,19.9,19.9,0.0,-94.189032,0.0
2019-03-18,17,0,79,11.52,11.52,0.0,-54.52551,0.0
2019-03-18,17,0,80,18.62,18.62,0.0,-88.130642,0.0
2019-03-18,17,0,81,24.35,24.35,0.0,-115.251403,0.0
2019-03-18,17,0,82,17.18,17.18,0.0,-81.314953,0.0
2019-03-18,17,0,83,38.3,38.3,0.0,-181.278388,0.0
2019-03-18,17,0,84,0.0,0.0,0.0,0.0,0.0
2019-03-18,17,0,86,12.02,12.02,0.0,102.052862,0.0
2019-03-18,17,0,87,61.38,61.38,0.0,521.131837,0.0
2019-03-18,17,0,88,20.63,20.63,0.0,-97.644207,0.0
2019-03-18,17,0,89,19.83,19.83,0.0,-93.857714,0.0
2019-03-18,17,0,90,26.63,26.63,0.0,-126.04291,0.0
2019-03-18,17,0,91,95.0,95.0,0.0,-449.646131,0.0
2019-03-18,17,0,92,34.17,34.17,0.0,-161.730614,0.0
2019-03-18,17,0,95,7.98,7.98,0.0,185.181515,0.0
2019-03-18,17,0,96,10.93,10.93,0.0,-5.296083,0.0
2019-03-18,17,0,97,67.2,67.2,0.0,-32.561461,0.0
2019-03-18,17,0,99,12.5,12.5,0.0,67.549787,0.0
2019-03-18,17,0,101,7.9,7.9,0.0,-3.454598,0.0
2019-03-18,17,0,102,19.24,19.24,0.0,-306.63572,0.0
2019-03-18,17,0,103,16.73,16.73,0.0,-266.632827,0.0
2019-03-18,17,0,104,3.12,3.12,0.0,-49.724711,0.0
2019-03-18,17,0,106,238.61,238.61,0.0,-93.553112,0.0
2019-03-18,17,0,109,27.85,27.85,0.0,97.419262,0.0
2019-03-18,17,0,110,197.55,197.55,0.0,-13667.63752,0.0
2019-03-18,17,0,111,14.99,14.99,0.0,29.81034,0.0
2019-03-18,17,0,113,17.08,17.08,0.0,-51.603611,0.0
2019-03-18,17,0,115,17.08,17.08,0.0,-51.603611,0.0
2019-03-18,17,0,116,122.99,122.99,0.0,-8509.15079,0.0
2019-03-18,17,0,117,1.14,1.14,0.0,-3.444269,0.0
2019-03-18,17,0,119,24.96,24.96,0.0,744.016131,0.0
2019-03-18,17,0,120,14.69,14.69,0.0,437.884493,0.0
2019-03-18,17,0,123,3.98,3.98,0.0,-1.56046,0.0
2019-03-18,17,0,125,28.29,28.29,0.0,-11.091813,0.0
2019-03-18,17,0,126,178.95,178.95,0.0,-70.161893,0.0
2019-03-18,17,0,127,229.66,229.66,0.0,-90.044037,0.0
2019-03-18,17,0,128,40.71,40.71,0.0,-15.96139,0.0
2019-03-18,17,0,131,12.58,12.58,0.0,-156.453701,0.0
2019-03-18,17,0,132,18.49,18.49,0.0,-229.954604,0.0
2019-03-18,17,0,133,108.61,108.61,0.0,768.240623,0.0
2019-03-18,17,0,134,0.0,0.0,0.0,0.0,0.0
2019-03-18,17,0,135,142.19,142.19,0.0,1005.764977,0.0
2019-03-18,17,0,136,19.63,19.63,0.0,137.558757,0.0
2019-03-18,17,0,139,19.08,19.08,0.0,37.944048,0.0
2019-03-18,17,0,140,146.21,146.21,0.0,-10115.643036,0.0
2019-03-18,17,0,141,97.67,97.67,0.0,-2836.851504,0.0
2019-03-18,17,0,142,427.3,427.3,0.0,-12411.043797,0.0
2019-03-18,17,0,143,77.49,77.49,0.0,-33.885672,0.0
2019-03-18,17,0,145,11.61,11.61,0.0,11.887559,0.0
2019-03-18,17,0,146,237.97,237.97,0.0,-16464.124023,0.0
2019-03-18,17,0,152,7.01,7.01,0.0,38.131394,0.0
2019-03-18,17,0,153,8.71,8.71,0.0,46.737469,0.0
2019-03-18,17,0,154,61.85,61.85,0.0,122.999968,0.0
2019-03-18,17,0,157,173.47,173.47,0.0,-5038.482957,0.0
2019-03-18,17,0,158,347.78,347.78,0.0,-10101.36394,0.0
2019-03-18,17,0,159,0.0,0.0,0.0,0.0,0.0
2019-03-18,17,0,160,2.52,2.52,0.0,15.067613,0.0
2019-03-18,17,0,161,60.18,60.18,0.0,-959.113181,0.0
2019-03-18,17,0,162,15.5,15.5,0.0,360.826273,0.0
2019-03-18,17,0,163,65.91,65.91,0.0,-4560.030316,0.0
2019-03-18,17,0,164,12.49,12.49,0.0,-5.461763,0.0
2019-03-18,17,0,167,5.65,5.65,0.0,130.016168,0.0
2019-03-18,17,0,168,2.83,2.83,0.0,65.123143,0.0
2019-03-18,17,0,169,0.0,0.0,0.0,0.0,0.0
2019-03-18,17,0,170,6.18,6.18,0.0,142.212375,0.0
2019-03-18,17,0,172,7.59,7.59,0.0,159.778349,0.0
2019-03-18,17,0,173,11.56,11.56,0.0,243.351478,0.0
2019-03-18,17,0,188,10.51,10.51,0.0,228.384161,0.0
2019-03-18,17,0,190,9.56,9.56,0.0,284.967717,0.0
2019-03-18,17,0,191,24.69,24.69,0.0,735.967879,0.0
2019-03-18,17,0,192,59.22,59.22,0.0,1765.24981,0.0
2019-03-18,17,0,194,19.05,19.05,0.0,158.739993,0.0
2019-03-18,17,0,196,6.45,6.45,0.0,280.880368,0.0
2019-03-18,17,0,198,11.01,11.01,0.0,81.782436,0.0
2019-03-18,17,0,199,22.32,22.32,0.0,233.978251,0.0
2019-03-18,17,0,200,19.58,19.58,0.0,205.255115,0.0
2019-03-18,17,0,204,114.45,114.45,0.0,378.614163,0.0
2019-03-18,17,0,205,147.3,147.3,0.0,515.255201,0.0
2019-03-18,17,0,206,197.45,197.45,0.0,-95.67352,0.0
2019-03-18,17,0,210,2.0,2.0,0.0,14.230972,0.0
2019-03-18,17,0,214,11.97,11.97,0.0,111.704564,0.0
2019-03-18,17,0,217,8.12,8.12,0.0,68.007814,0.0
2019-03-18,17,0,218,11.21,11.21,0.0,93.887635,0.0
2019-03-18,17,0,219,7.64,7.64,0.0,63.987648,0.0
2019-03-18,17,0,221,6.39,6.39,0.0,59.63176,0.0
2019-03-18,17,0,225,5.7,5.7,0.0,38.262057,0.0
2019-03-18,17,0,233,6.8,6.8,0.0,57.733732,0.0
2019-03-18,17,0,236,77.5,77.5,0.0,486.979214,0.0
2019-03-18,17,0,237,151.89,151.89,0.0,820.810971,0.0
2019-03-18,17,0,238,28.66,28.66,0.0,193.732863,0.0
2019-03-18,17,0,240,11.06,11.06,0.0,52.868352,0.0
2019-03-18,17,0,245,56.35,56.35,0.0,410.148534,0.0
2019-03-18,17,0,247,65.09,65.09,0.0,473.763409,0.0
2019-03-18,17,0,248,15.45,15.45,0.0,83.491537,0.0
2019-03-18,17,0,249,108.37,108.37,0.0,788.780775,0.0
2019-03-18,17,0,251,40.36,40.36,0.0,279.157791,0.0
2019-03-18,17,0,252,49.34,49.34,0.0,345.909026,0.0
2019-03-18,17,0,254,15.38,15.38,0.0,81.01003,0.0
2019-03-18,17,0,255,7.05,7.05,0.0,37.133986,0.0
2019-03-18,17,0,258,14.02,14.02,0.0,67.580437,0.0
2019-03-18,17,0,260,6.12,6.12,0.0,36.592775,0.0
2019-03-18,17,0,265,64.04,64.04,0.0,127.355181,0.0
2019-03-18,17,0,266,12.36,12.36,0.0,24.580107,0.0
2019-03-18,17,0,267,15.18,15.18,0.0,30.188189,0.0
2019-03-18,17,0,270,205.83,205.83,0.0,-14240.49522,0.0
2019-03-18,17,0,272,57.08,57.08,0.0,-172.455158,0.0
2019-03-18,17,0,273,29.41,29.41,0.0,-2034.751807,0.0
2019-03-18,17,0,274,265.33,265.33,0.0,-18357.045119,0.0
2019-03-18,17,0,275,369.35,369.35,0.0,-25553.742941,0.0
2019-03-18,17,0,276,6.52,6.52,0.0,-392.655257,0.0
2019-03-18,17,0,277,7.9,7.9,0.0,-29.289948,0.0
2019-03-18,17,0,278,12.63,12.63,0.0,-46.826841,0.0
2019-03-18,17,0,279,99.06,99.06,0.0,-367.273702,0.0
2019-03-18,17,0,281,19.74,19.74,0.0,-8.632122,0.0
2019-03-18,17,0,282,215.21,215.21,0.0,-94.109376,0.0
2019-03-18,18,0,9,1.85,1.85,0.0,3.592022,0.0
2019-03-18,18,0,17,16.48,16.48,0.0,140.982233,0.0
2019-03-18,18,0,19,332.94,332.94,0.0,2848.217513,0.0
2019-03-18,18,0,20,405.43,405.43,0.0,3468.351133,0.0
2019-03-18,18,0,21,42.24,42.24,0.0,82.014602,0.0
2019-03-18,18,0,22,150.11,150.11,0.0,291.458614,0.0
2019-03-18,18,0,23,47.36,47.36,0.0,91.955766,0.0
2019-03-18,18,0,24,84.04,84.04,0.0,163.174885,0.0
2019-03-18,18,0,29,3.76,3.76,0.0,33.62514,0.0
2019-03-18,18,0,30,251.84,251.84,0.0,478.76897,0.0
2019-03-18,18,0,31,42.11,42.11,0.0,80.054643,0.0
2019-03-18,18,0,32,3.16,3.16,0.0,74.25236,0.0
2019-03-18,18,0,33,1.46,1.46,0.0,14.295068,0.0
2019-03-18,18,0,34,2.34,2.34,0.0,22.911273,0.0
2019-03-18,18,0,35,2.34,2.34,0.0,22.911273,0.0
2019-03-18,18,0,36,6.1,6.1,0.0,40.216195,0.0
2019-03-18,18,0,37,2.72,2.72,0.0,17.842728,0.0
2019-03-18,18,0,38,3.49,3.49,0.0,22.893795,0.0
2019-03-18,18,0,39,2.33,2.33,0.0,15.284396,0.0
2019-03-18,18,0,40,2.33,2.33,0.0,15.284396,0.0
2019-03-18,18,0,41,20.63,20.63,0.0,83.979081,0.0
2019-03-18,18,0,42,12.98,12.98,0.0,107.561885,0.0
2019-03-18,18,0,43,19.01,19.01,0.0,130.00191,0.0
2019-03-18,18,0,46,17.28,17.28,0.0,105.713846,0.0
2019-03-18,18,0,52,44.64,44.64,0.0,84.864385,0.0
2019-03-18,18,0,53,70.93,70.93,0.0,134.843881,0.0
2019-03-18,18,0,55,197.92,197.92,0.0,384.288115,0.0
2019-03-18,18,0,56,74.29,74.29,0.0,141.231523,0.0
2019-03-18,18,0,57,70.66,70.66,0.0,134.330589,0.0
2019-03-18,18,0,58,135.89,135.89,0.0,258.338292,0.0
2019-03-18,18,0,59,133.62,133.62,0.0,254.022831,0.0
2019-03-18,18,0,63,48.17,48.17,0.0,1435.867669,0.0
2019-03-18,18,0,64,56.68,56.68,0.0,1689.53663,0.0
2019-03-18,18,0,65,5.83,5.83,0.0,49.583926,0.0
2019-03-18,18,0,67,204.95,204.95,0.0,-4972.759797,0.0
2019-03-18,18,0,68,5.61,5.61,0.0,-68.617746,0.0
2019-03-18,18,0,69,1.46,1.46,0.0,14.295068,0.0
2019-03-18,18,0,74,46.91,46.91,0.0,333.259232,0.0
2019-03-18,18,0,77,34.04,34.04,0.0,-66.47186,0.0
2019-03-18,18,0,78,25.73,25.73,0.0,-50.244447,0.0
2019-03-18,18,0,79,14.89,14.89,0.0,-29.076557,0.0
2019-03-18,18,0,80,24.08,24.08,0.0,-47.022397,0.0
2019-03-18,18,0,81,31.48,31.48,0.0,-61.472802,0.0
2019-03-18,18,0,82,22.21,22.21,0.0,-43.370741,0.0
2019-03-18,18,0,83,49.52,49.52,0.0,-96.700544,0.0
2019-03-18,18,0,84,0.0,0.0,0.0,0.0,0.0
2019-03-18,18,0,86,7.4,7.4,0.0,72.454453,0.0
2019-03-18,18,0,87,37.8,37.8,0.0,370.105181,0.0
2019-03-18,18,0,88,26.7,26.7,0.0,-52.138621,0.0
2019-03-18,18,0,89,25.67,25.67,0.0,-50.127281,0.0
2019-03-18,18,0,90,34.47,34.47,0.0,-67.311546,0.0
2019-03-18,18,0,91,122.95,122.95,0.0,-240.091517,0.0
2019-03-18,18,0,92,44.22,44.22,0.0,-86.35093,0.0
2019-03-18,18,0,95,7.04,7.04,0.0,167.200988,0.0
2019-03-18,18,0,96,14.71,14.71,0.0,27.341558,0.0
2019-03-18,18,0,97,90.48,90.48,0.0,168.175676,0.0
2019-03-18,18,0,99,9.05,9.05,0.0,64.293243,0.0
2019-03-18,18,0,101,5.07,5.07,0.0,9.638495,0.0
2019-03-18,18,0,102,13.27,13.27,0.0,-162.309712,0.0
2019-03-18,18,0,103,11.54,11.54,0.0,-141.149516,0.0
2019-03-18,18,0,104,2.14,2.14,0.0,-26.17504,0.0
2019-03-18,18,0,106,147.77,147.77,0.0,286.915192,0.0
2019-03-18,18,0,109,36.54,36.54,0.0,198.594768,0.0
2019-03-18,18,0,110,260.62,260.62,0.0,-15926.216263,0.0
2019-03-18,18,0,111,9.83,9.83,0.0,40.015238,0.0
2019-03-18,18,0,113,22.12,22.12,0.0,-7.997106,0.0
2019-03-18,18,0,115,22.12,22.12,0.0,-7.997106,0.0
2019-03-18,18,0,116,76.37,76.37,0.0,-4666.891014,0.0
2019-03-18,18,0,117,1.48,1.48,0.0,-0.535069,0.0
2019-03-18,18,0,119,56.68,56.68,0.0,1689.53663,0.0
2019-03-18,18,0,120,33.33,33.33,0.0,993.511924,0.0
2019-03-18,18,0,123,2.46,2.46,0.0,4.776419,0.0
2019-03-18,18,0,125,76.0,76.0,0.0,147.564151,0.0
2019-03-18,18,0,126,110.83,110.83,0.0,215.191248,0.0
2019-03-18,18,0,127,142.23,142.23,0.0,276.158542,0.0
2019-03-18,18,0,128,109.13,109.13,0.0,211.890471,0.0
2019-03-18,18,0,131,16.25,16.25,0.0,-146.541891,0.0
2019-03-18,18,0,132,23.88,23.88,0.0,-215.348945,0.0
2019-03-18,18,0,133,123.42,123.42,0.0,1056.4058,0.0
2019-03-18,18,0,134,0.0,0.0,0.0,0.0,0.0
2019-03-18,18,0,135,165.38,165.38,0.0,1415.559806,0.0
2019-03-18,18,0,136,15.13,15.13,0.0,128.638717,0.0
2019-03-18,18,0,139,26.64,26.64,0.0,108.444145,0.0
2019-03-18,18,0,140,192.89,192.89,0.0,-11787.306634,0.0
2019-03-18,18,0,141,128.42,128.42,0.0,-3115.890769,0.0
2019-03-18,18,0,142,270.28,270.28,0.0,-6557.880059,0.0
2019-03-18,18,0,143,76.27,76.27,0.0,144.995669,0.0
2019-03-18,18,0,145,15.6,15.6,0.0,50.12491,0.0
2019-03-18,18,0,146,266.48,266.48,0.0,-16284.314749,0.0
2019-03-18,18,0,152,4.32,4.32,0.0,30.851605,0.0
2019-03-18,18,0,153,5.36,5.36,0.0,37.936681,0.0
2019-03-18,18,0,154,40.53,40.53,0.0,164.986531,0.0
2019-03-18,18,0,157,175.75,175.75,0.0,-4264.271941,0.0
2019-03-18,18,0,158,223.9,223.9,0.0,-5432.549005,0.0
2019-03-18,18,0,159,0.0,0.0,0.0,0.0,0.0
2019-03-18,18,0,160,1.56,1.56,0.0,12.061758,0.0
2019-03-18,18,0,161,37.81,37.81,0.0,-462.466482,0.0
2019-03-18,18,0,162,14.62,14.62,0.0,348.21138,0.0
2019-03-18,18,0,163,85.52,85.52,0.0,-5226.037966,0.0
2019-03-18,18,0,164,8.19,8.19,0.0,15.569877,0.0
2019-03-18,18,0,167,3.55,3.55,0.0,83.68095,0.0
2019-03-18,18,0,168,1.78,1.78,0.0,41.958335,0.0
2019-03-18,18,0,169,0.0,0.0,0.0,0.0,0.0
2019-03-18,18,0,170,3.88,3.88,0.0,91.459742,0.0
2019-03-18,18,0,172,4.72,4.72,0.0,102.80481,0.0
2019-03-18,18,0,173,7.19,7.19,0.0,156.603089,0.0
2019-03-18,18,0,188,6.55,6.55,0.0,146.698379,0.0
2019-03-18,18,0,190,5.82,5.82,0.0,173.48453,0.0
2019-03-18,18,0,191,15.04,15.04,0.0,448.317412,0.0
2019-03-18,18,0,192,72.9,72.9,0.0,2173.027881,0.0
2019-03-18,18,0,194,46.84,46.84,0.0,472.108754,0.0
2019-03-18,18,0,196,4.0,4.0,0.0,169.682521,0.0
2019-03-18,18,0,198,6.91,6.91,0.0,63.155374,0.0
2019-03-18,18,0,199,18.81,18.81,0.0,228.305203,0.0
2019-03-18,18,0,200,12.01,12.01,0.0,145.770627,0.0
2019-03-18,18,0,204,148.33,148.33,0.0,781.316153,0.0
2019-03-18,18,0,205,193.3,193.3,0.0,1050.584804,0.0
2019-03-18,18,0,206,265.88,265.88,0.0,494.192624,0.0
2019-03-18,18,0,210,1.23,1.23,0.0,11.372686,0.0
2019-03-18,18,0,214,7.44,7.44,0.0,78.289477,0.0
2019-03-18,18,0,217,4.99,4.99,0.0,49.778123,0.0
2019-03-18,18,0,218,6.88,6.88,0.0,68.631961,0.0
2019-03-18,18,0,219,4.69,4.69,0.0,46.78545,0.0
2019-03-18,18,0,221,3.97,3.97,0.0,41.775433,0.0
2019-03-18,18,0,225,3.51,3.51,0.0,31.286639,0.0
2019-03-18,18,0,233,4.19,4.19,0.0,41.024886,0.0
2019-03-18,18,0,236,88.77,88.77,0.0,698.928614,0.0
2019-03-18,18,0,237,112.54,112.54,0.0,799.50957,0.0
2019-03-18,18,0,238,16.89,16.89,0.0,139.963039,0.0
2019-03-18,18,0,240,6.91,6.91,0.0,45.556378,0.0
2019-03-18,18,0,245,49.78,49.78,0.0,434.968838,0.0
2019-03-18,18,0,247,57.39,57.39,0.0,501.463672,0.0
2019-03-18,18,0,248,11.3,11.3,0.0,80.277751,0.0
2019-03-18,18,0,249,95.73,95.73,0.0,836.471813,0.0
2019-03-18,18,0,251,34.11,34.11,0.0,287.316103,0.0
2019-03-18,18,0,252,37.6,37.6,0.0,319.786556,0.0
2019-03-18,18,0,254,9.74,9.74,0.0,68.791327,0.0
2019-03-18,18,0,255,4.46,4.46,0.0,31.49993,0.0
2019-03-18,18,0,258,8.89,8.89,0.0,58.963063,0.0
2019-03-18,18,0,260,3.79,3.79,0.0,29.303887,0.0
2019-03-18,18,0,265,41.97,41.97,0.0,170.848377,0.0
2019-03-18,18,0,266,17.25,17.25,0.0,70.220026,0.0
2019-03-18,18,0,267,21.2,21.2,0.0,86.299395,0.0
2019-03-18,18,0,270,267.06,267.06,0.0,-16319.757943,0.0
2019-03-18,18,0,272,73.94,73.94,0.0,-26.731738,0.0
2019-03-18,18,0,273,18.26,18.26,0.0,-1115.849547,0.0
2019-03-18,18,0,274,344.28,344.28,0.0,-21038.59157,0.0
2019-03-18,18,0,275,479.24,479.24,0.0,-29285.85635,0.0
2019-03-18,18,0,276,4.06,4.06,0.0,-214.701307,0.0
2019-03-18,18,0,277,4.94,4.94,0.0,-4.937433,0.0
2019-03-18,18,0,278,7.91,7.91,0.0,-7.90589,0.0
2019-03-18,18,0,279,126.47,126.47,0.0,-126.404289,0.0
2019-03-18,18,0,281,18.88,18.88,0.0,35.892464,0.0
2019-03-18,18,0,282,138.15,138.15,0.0,262.634741,0.0
2019-03-18,19,0,9,0.66,0.66,0.0,0.739094,0.0
2019-03-18,19,0,17,6.11,6.11,0.0,34.029536,0.0
2019-03-18,19,0,19,615.51,615.51,0.0,3428.072012,0.0
2019-03-18,19,0,20,748.14,748.14,0.0,4166.752441,0.0
2019-03-18,19,0,21,15.18,15.18,0.0,16.999169,0.0
2019-03-18,19,0,22,53.94,53.94,0.0,60.404163,0.0
2019-03-18,19,0,23,71.25,71.25,0.0,79.788591,0.0
2019-03-18,19,0,24,126.07,126.07,0.0,141.178213,0.0
2019-03-18,19,0,29,0.54,0.54,0.0,4.39706,0.0
2019-03-18,19,0,30,69.75,69.75,0.0,74.76509,0.0
2019-03-18,19,0,31,21.95,21.95,0.0,23.528225,0.0
2019-03-18,19,0,32,0.65,0.65,0.0,16.422872,0.0
2019-03-18,19,0,33,0.33,0.33,0.0,3.52227,0.0
2019-03-18,19,0,34,0.53,0.53,0.0,5.656979,0.0
2019-03-18,19,0,35,0.53,0.53,0.0,5.656979,0.0
2019-03-18,19,0,36,1.37,1.37,0.0,9.0325,0.0
2019-03-18,19,0,37,0.64,0.64,0.0,4.187426,0.0
2019-03-18,19,0,38,0.83,0.83,0.0,5.430569,0.0
2019-03-18,19,0,39,0.55,0.55,0.0,3.59857,0.0
2019-03-18,19,0,40,0.55,0.55,0.0,3.59857,0.0
2019-03-18,19,0,41,28.35,28.35,0.0,103.446932,0.0
2019-03-18,19,0,42,4.6,4.6,0.0,36.179039,0.0
2019-03-18,19,0,43,3.96,3.96,0.0,27.075805,0.0
2019-03-18,19,0,46,3.77,3.77,0.0,22.662148,0.0
2019-03-18,19,0,52,23.26,23.26,0.0,24.932416,0.0
2019-03-18,19,0,53,36.96,36.96,0.0,39.617458,0.0
2019-03-18,19,0,55,108.99,108.99,0.0,122.051348,0.0
2019-03-18,19,0,56,20.57,20.57,0.0,22.049002,0.0
2019-03-18,19,0,57,19.57,19.57,0.0,20.977101,0.0
2019-03-18,19,0,58,37.64,37.64,0.0,40.346351,0.0
2019-03-18,19,0,59,37.01,37.01,0.0,39.671053,0.0
2019-03-18,19,0,63,61.24,61.24,0.0,1985.863598,0.0
2019-03-18,19,0,64,72.05,72.05,0.0,2336.40549,0.0
2019-03-18,19,0,65,4.42,4.42,0.0,32.075107,0.0
2019-03-18,19,0,67,66.57,66.57,0.0,-1917.021056,0.0
2019-03-18,19,0,68,8.77,8.77,0.0,-132.876427,0.0
2019-03-18,19,0,69,0.33,0.33,0.0,3.52227,0.0
2019-03-18,19,0,74,57.6,57.6,0.0,420.083987,0.0
2019-03-18,19,0,77,43.05,43.05,0.0,-149.882868,0.0
2019-03-18,19,0,78,32.54,32.54,0.0,-113.291255,0.0
2019-03-18,19,0,79,18.83,18.83,0.0,-65.558523,0.0
2019-03-18,19,0,80,30.46,30.46,0.0,-106.049527,0.0
2019-03-18,19,0,81,39.82,39.82,0.0,-138.637301,0.0
2019-03-18,19,0,82,28.09,28.09,0.0,-97.798136,0.0
2019-03-18,19,0,83,62.63,62.63,0.0,-218.05259,0.0
2019-03-18,19,0,84,0.0,0.0,0.0,0.0,0.0
2019-03-18,19,0,86,1.68,1.68,0.0,17.931555,0.0
2019-03-18,19,0,87,8.57,8.57,0.0,91.47228,0.0
2019-03-18,19,0,88,33.96,33.96,0.0,-118.235126,0.0
2019-03-18,19,0,89,32.65,32.65,0.0,-113.674231,0.0
2019-03-18,19,0,90,43.84,43.84,0.0,-152.633331,0.0
2019-03-18,19,0,91,156.37,156.37,0.0,-544.417747,0.0
2019-03-18,19,0,92,56.24,56.24,0.0,-195.805168,0.0
2019-03-18,19,0,95,7.07,7.07,0.0,180.650369,0.0
2019-03-18,19,0,96,19.3,19.3,0.0,19.72074,0.0
2019-03-18,19,0,97,118.71,118.71,0.0,121.297879,0.0
2019-03-18,19,0,99,11.12,11.12,0.0,81.099548,0.0
2019-03-18,19,0,101,1.41,1.41,0.0,1.51138,0.0
2019-03-18,19,0,102,25.09,25.09,0.0,-380.14476,0.0
2019-03-18,19,0,103,21.06,21.06,0.0,-319.085239,0.0
2019-03-18,19,0,104,3.0,3.0,0.0,-45.453738,0.0
2019-03-18,19,0,106,53.1,53.1,0.0,59.463497,0.0
2019-03-18,19,0,109,46.85,46.85,0.0,245.512147,0.0
2019-03-18,19,0,110,336.9,336.9,0.0,-23780.062624,0.0
2019-03-18,19,0,111,2.48,2.48,0.0,9.049326,0.0
2019-03-18,19,0,113,28.07,28.07,0.0,-48.214058,0.0
2019-03-18,19,0,115,28.07,28.07,0.0,-48.214058,0.0
2019-03-18,19,0,116,20.91,20.91,0.0,-1475.930868,0.0
2019-03-18,19,0,117,1.87,1.87,0.0,-3.21198,0.0
2019-03-18,19,0,119,72.05,72.05,0.0,2336.40549,0.0
2019-03-18,19,0,120,42.36,42.36,0.0,1373.63132,0.0
2019-03-18,19,0,123,0.89,0.89,0.0,0.996657,0.0
2019-03-18,19,0,125,114.08,114.08,0.0,127.751333,0.0
2019-03-18,19,0,126,39.83,39.83,0.0,44.603222,0.0
2019-03-18,19,0,127,51.11,51.11,0.0,57.235016,0.0
2019-03-18,19,0,128,163.4,163.4,0.0,182.981835,0.0
2019-03-18,19,0,131,20.48,20.48,0.0,-235.660619,0.0
2019-03-18,19,0,132,30.11,30.11,0.0,-346.47174,0.0
2019-03-18,19,0,133,109.81,109.81,0.0,1026.280986,0.0
2019-03-18,19,0,134,0.0,0.0,0.0,0.0,0.0
2019-03-18,19,0,135,148.8,148.8,0.0,1390.680363,0.0
2019-03-18,19,0,136,11.42,11.42,0.0,83.930635,0.0
2019-03-18,19,0,139,36.6,36.6,0.0,133.550536,0.0
2019-03-18,19,0,140,249.34,249.34,0.0,-17599.64623,0.0
2019-03-18,19,0,141,165.16,165.16,0.0,-4756.124345,0.0
2019-03-18,19,0,142,87.79,87.79,0.0,-2528.094916,0.0
2019-03-18,19,0,143,40.99,40.99,0.0,43.937219,0.0
2019-03-18,19,0,145,20.51,20.51,0.0,53.731381,0.0
2019-03-18,19,0,146,268.0,268.0,0.0,-18916.761007,0.0
2019-03-18,19,0,152,1.2,1.2,0.0,8.794441,0.0
2019-03-18,19,0,153,1.41,1.41,0.0,10.220746,0.0
2019-03-18,19,0,154,10.21,10.21,0.0,37.255491,0.0
2019-03-18,19,0,157,178.12,178.12,0.0,-5129.334393,0.0
2019-03-18,19,0,158,77.26,77.26,0.0,-2224.861752,0.0
2019-03-18,19,0,159,0.0,0.0,0.0,0.0,0.0
2019-03-18,19,0,160,0.32,0.32,0.0,2.499387,0.0
2019-03-18,19,0,161,11.63,11.63,0.0,-176.20899,0.0
2019-03-18,19,0,162,15.0,15.0,0.0,384.422323,0.0
2019-03-18,19,0,163,109.32,109.32,0.0,-7716.344453,0.0
2019-03-18,19,0,164,3.61,3.61,0.0,3.869562,0.0
2019-03-18,19,0,167,0.69,0.69,0.0,17.491293,0.0
2019-03-18,19,0,168,0.35,0.35,0.0,8.872395,0.0
2019-03-18,19,0,169,0.0,0.0,0.0,0.0,0.0
2019-03-18,19,0,170,0.75,0.75,0.0,19.012275,0.0
2019-03-18,19,0,172,0.93,0.93,0.0,21.670137,0.0
2019-03-18,19,0,173,1.42,1.42,0.0,33.087737,0.0
2019-03-18,19,0,188,1.41,1.41,0.0,33.86074,0.0
2019-03-18,19,0,190,1.49,1.49,0.0,48.31706,0.0
2019-03-18,19,0,191,3.86,3.86,0.0,125.17037,0.0
2019-03-18,19,0,192,89.86,89.86,0.0,2913.940283,0.0
2019-03-18,19,0,194,107.49,107.49,0.0,1084.094668,0.0
2019-03-18,19,0,196,1.04,1.04,0.0,48.598701,0.0
2019-03-18,19,0,198,1.51,1.51,0.0,13.968332,0.0
2019-03-18,19,0,199,16.06,16.06,0.0,196.683691,0.0
2019-03-18,19,0,200,2.66,2.66,0.0,32.576502,0.0
2019-03-18,19,0,204,188.73,188.73,0.0,950.590587,0.0
2019-03-18,19,0,205,247.83,247.83,0.0,1298.725194,0.0
2019-03-18,19,0,206,348.83,348.83,0.0,356.434496,0.0
2019-03-18,19,0,210,0.24,0.24,0.0,2.053663,0.0
2019-03-18,19,0,214,1.35,1.35,0.0,15.64068,0.0
2019-03-18,19,0,217,0.87,0.87,0.0,8.938666,0.0
2019-03-18,19,0,218,1.2,1.2,0.0,12.329194,0.0
2019-03-18,19,0,219,0.81,0.81,0.0,8.322206,0.0
2019-03-18,19,0,221,0.72,0.72,0.0,8.341696,0.0
2019-03-18,19,0,225,0.57,0.57,0.0,4.618539,0.0
2019-03-18,19,0,233,0.95,0.95,0.0,10.139868,0.0
2019-03-18,19,0,236,103.36,103.36,0.0,852.233977,0.0
2019-03-18,19,0,237,138.18,138.18,0.0,1007.763982,0.0
2019-03-18,19,0,238,5.98,5.98,0.0,47.032751,0.0
2019-03-18,19,0,240,1.55,1.55,0.0,10.219252,0.0
2019-03-18,19,0,245,44.35,44.35,0.0,398.223517,0.0
2019-03-18,19,0,247,51.44,51.44,0.0,461.885405,0.0
2019-03-18,19,0,248,13.87,13.87,0.0,101.155641,0.0
2019-03-18,19,0,249,85.3,85.3,0.0,765.918061,0.0
2019-03-18,19,0,251,29.18,29.18,0.0,225.172285,0.0
2019-03-18,19,0,252,28.52,28.52,0.0,206.964268,0.0
2019-03-18,19,0,254,2.18,2.18,0.0,15.437779,0.0
2019-03-18,19,0,255,1.0,1.0,0.0,7.08155,0.0
2019-03-18,19,0,258,1.89,1.89,0.0,12.535454,0.0
2019-03-18,19,0,260,0.77,0.77,0.0,6.01415,0.0
2019-03-18,19,0,265,10.57,10.57,0.0,38.569103,0.0
2019-03-18,19,0,266,23.7,23.7,0.0,86.479445,0.0
2019-03-18,19,0,267,29.13,29.13,0.0,106.29309,0.0
2019-03-18,19,0,270,341.41,341.41,0.0,-24098.400655,0.0
2019-03-18,19,0,272,93.8,93.8,0.0,-161.114308,0.0
2019-03-18,19,0,273,5.0,5.0,0.0,-352.924646,0.0
2019-03-18,19,0,274,440.12,440.12,0.0,-31065.839009,0.0
2019-03-18,19,0,275,612.66,612.66,0.0,-43244.562682,0.0
2019-03-18,19,0,276,1.12,1.12,0.0,-68.605133,0.0
2019-03-18,19,0,277,1.47,1.47,0.0,-3.564512,0.0
2019-03-18,19,0,278,2.35,2.35,0.0,-5.698369,0.0
2019-03-18,19,0,279,158.93,158.93,0.0,-385.379478,0.0
2019-03-18,19,0,281,9.85,9.85,0.0,10.558224,0.0
2019-03-18,19,0,282,38.26,38.26,0.0,41.010929,0.0
2019-03-18,20,0,9,0.0,0.0,0.0,0.0,0.0
2019-03-18,20,0,17,0.0,0.0,0.0,0.0,0.0
2019-03-18,20,0,19,531.88,531.88,0.0,5253.645983,0.0
2019-03-18,20,0,20,645.07,645.07,0.0,6371.68048,0.0
2019-03-18,20,0,21,0.0,0.0,0.0,0.0,0.0
2019-03-18,20,0,22,0.0,0.0,0.0,0.0,0.0
2019-03-18,20,0,23,52.67,52.67,0.0,248.129001,0.0
2019-03-18,20,0,24,93.2,93.2,0.0,439.066316,0.0
2019-03-18,20,0,29,0.0,0.0,0.0,0.0,0.0
2019-03-18,20,0,30,0.0,0.0,0.0,0.0,0.0
2019-03-18,20,0,31,17.62,17.62,0.0,82.471163,0.0
2019-03-18,20,0,32,0.0,0.0,0.0,0.0,0.0
2019-03-18,20,0,33,0.0,0.0,0.0,0.0,0.0
2019-03-18,20,0,34,0.0,0.0,0.0,0.0,0.0
2019-03-18,20,0,35,0.0,0.0,0.0,0.0,0.0
2019-03-18,20,0,36,0.0,0.0,0.0,0.0,0.0
2019-03-18,20,0,37,0.0,0.0,0.0,0.0,0.0
2019-03-18,20,0,38,0.0,0.0,0.0,0.0,0.0
2019-03-18,20,0,39,0.0,0.0,0.0,0.0,0.0
2019-03-18,20,0,40,0.0,0.0,0.0,0.0,0.0
2019-03-18,20,0,41,38.09,38.09,0.0,240.963166,0.0
2019-03-18,20,0,42,0.0,0.0,0.0,0.0,0.0
2019-03-18,20,0,43,0.0,0.0,0.0,0.0,0.0
2019-03-18,20,0,46,0.0,0.0,0.0,0.0,0.0
2019-03-18,20,0,52,18.68,18.68,0.0,87.432538,0.0
2019-03-18,20,0,53,29.68,29.68,0.0,138.918508,0.0
2019-03-18,20,0,55,76.72,76.72,0.0,361.428839,0.0
2019-03-18,20,0,56,0.0,0.0,0.0,0.0,0.0
2019-03-18,20,0,57,0.0,0.0,0.0,0.0,0.0
2019-03-18,20,0,58,0.0,0.0,0.0,0.0,0.0
2019-03-18,20,0,59,0.0,0.0,0.0,0.0,0.0
2019-03-18,20,0,63,56.81,56.81,0.0,1343.425913,0.0
2019-03-18,20,0,64,66.84,66.84,0.0,1580.612358,0.0
2019-03-18,20,0,65,4.2,4.2,0.0,41.311473,0.0
2019-03-18,20,0,67,0.0,0.0,0.0,-0.0,0.0
2019-03-18,20,0,68,5.19,5.19,0.0,-27.743983,0.0
2019-03-18,20,0,69,0.0,0.0,0.0,0.0,0.0
2019-03-18,20,0,74,39.6,39.6,0.0,343.755313,0.0
2019-03-18,20,0,77,45.51,45.51,0.0,81.375835,0.0
2019-03-18,20,0,78,34.55,34.55,0.0,61.778402,0.0
2019-03-18,20,0,79,20.11,20.11,0.0,35.958428,0.0
2019-03-18,20,0,80,32.36,32.36,0.0,57.862492,0.0
2019-03-18,20,0,81,42.15,42.15,0.0,75.367863,0.0
2019-03-18,20,0,82,29.87,29.87,0.0,53.410156,0.0
2019-03-18,20,0,83,65.7,65.7,0.0,117.477309,0.0
2019-03-18,20,0,84,0.0,0.0,0.0,0.0,0.0
2019-03-18,20,0,86,0.0,0.0,0.0,0.0,0.0
2019-03-18,20,0,87,0.0,0.0,0.0,0.0,0.0
2019-03-18,20,0,88,49.1,49.1,0.0,87.795067,0.0
2019-03-18,20,0,89,47.2,47.2,0.0,84.397702,0.0
2019-03-18,20,0,90,63.33,63.33,0.0,113.239543,0.0
2019-03-18,20,0,91,225.48,225.48,0.0,403.177834,0.0
2019-03-18,20,0,92,81.2,81.2,0.0,145.192656,0.0
2019-03-18,20,0,95,5.84,5.84,0.0,113.563354,0.0
2019-03-18,20,0,96,15.18,15.18,0.0,70.567256,0.0
2019-03-18,20,0,97,109.6,109.6,0.0,509.497449,0.0
2019-03-18,20,0,99,7.64,7.64,0.0,66.320469,0.0
2019-03-18,20,0,101,0.0,0.0,0.0,0.0,0.0
2019-03-18,20,0,102,12.28,12.28,0.0,-65.644722,0.0
2019-03-18,20,0,103,10.68,10.68,0.0,-57.091664,0.0
2019-03-18,20,0,104,1.99,1.99,0.0,-10.637866,0.0
2019-03-18,20,0,106,0.0,0.0,0.0,0.0,0.0
2019-03-18,20,0,109,30.5,30.5,0.0,223.378767,0.0
2019-03-18,20,0,110,266.59,266.59,0.0,-10449.447562,0.0
2019-03-18,20,0,111,0.0,0.0,0.0,0.0,0.0
2019-03-18,20,0,113,22.33,22.33,0.0,63.425301,0.0
2019-03-18,20,0,115,22.33,22.33,0.0,63.425301,0.0
2019-03-18,20,0,116,0.0,0.0,0.0,-0.0,0.0
2019-03-18,20,0,117,1.49,1.49,0.0,4.232141,0.0
2019-03-18,20,0,119,66.84,66.84,0.0,1580.612358,0.0
2019-03-18,20,0,120,39.3,39.3,0.0,929.354663,0.0
2019-03-18,20,0,123,0.0,0.0,0.0,0.0,0.0
2019-03-18,20,0,125,84.34,84.34,0.0,397.32675,0.0
2019-03-18,20,0,126,0.0,0.0,0.0,0.0,0.0
2019-03-18,20,0,127,0.0,0.0,0.0,0.0,0.0
2019-03-18,20,0,128,120.79,120.79,0.0,569.043136,0.0
2019-03-18,20,0,131,14.9,14.9,0.0,-46.490844,0.0
2019-03-18,20,0,132,21.91,21.91,0.0,-68.363381,0.0
2019-03-18,20,0,133,64.6,64.6,0.0,638.338857,0.0
2019-03-18,20,0,134,0.0,0.0,0.0,0.0,0.0
2019-03-18,20,0,135,86.08,86.08,0.0,850.591468,0.0
2019-03-18,20,0,136,10.92,10.92,0.0,107.384988,0.0
2019-03-18,20,0,139,50.98,50.98,0.0,322.507277,0.0
2019-03-18,20,0,140,197.31,197.31,0.0,-7733.900366,0.0
2019-03-18,20,0,141,126.62,126.62,0.0,-1731.984008,0.0
2019-03-18,20,0,142,0.0,0.0,0.0,-0.0,0.0
2019-03-18,20,0,143,34.48,34.48,0.0,161.385113,0.0
2019-03-18,20,0,145,13.94,13.94,0.0,78.931613,0.0
2019-03-18,20,0,146,268.0,268.0,0.0,-10504.714905,0.0
2019-03-18,20,0,152,0.0,0.0,0.0,0.0,0.0
2019-03-18,20,0,153,0.0,0.0,0.0,0.0,0.0
2019-03-18,20,0,154,0.0,0.0,0.0,0.0,0.0
2019-03-18,20,0,157,152.69,152.69,0.0,-2088.585043,0.0
2019-03-18,20,0,158,0.0,0.0,0.0,-0.0,0.0
2019-03-18,20,0,159,0.0,0.0,0.0,0.0,0.0
2019-03-18,20,0,160,0.0,0.0,0.0,0.0,0.0
2019-03-18,20,0,161,0.0,0.0,0.0,-0.0,0.0
2019-03-18,20,0,162,12.34,12.34,0.0,240.538098,0.0
2019-03-18,20,0,163,89.94,89.94,0.0,-3525.350965,0.0
2019-03-18,20,0,164,0.0,0.0,0.0,0.0,0.0
2019-03-18,20,0,167,0.0,0.0,0.0,0.0,0.0
2019-03-18,20,0,168,0.0,0.0,0.0,0.0,0.0
2019-03-18,20,0,169,0.0,0.0,0.0,0.0,0.0
2019-03-18,20,0,170,0.0,0.0,0.0,0.0,0.0
2019-03-18,20,0,172,0.0,0.0,0.0,0.0,0.0
2019-03-18,20,0,173,0.0,0.0,0.0,0.0,0.0
2019-03-18,20,0,188,0.0,0.0,0.0,0.0,0.0
2019-03-18,20,0,190,0.0,0.0,0.0,0.0,0.0
2019-03-18,20,0,191,0.0,0.0,0.0,0.0,0.0
2019-03-18,20,0,192,91.1,91.1,0.0,2154.305592,0.0
2019-03-18,20,0,194,85.21,85.21,0.0,854.216213,0.0
2019-03-18,20,0,196,0.0,0.0,0.0,0.0,0.0
2019-03-18,20,0,198,0.0,0.0,0.0,0.0,0.0
2019-03-18,20,0,199,11.93,11.93,0.0,134.077958,0.0
2019-03-18,20,0,200,0.0,0.0,0.0,0.0,0.0
2019-03-18,20,0,204,226.23,226.23,0.0,1626.830436,0.0
2019-03-18,20,0,205,161.35,161.35,0.0,1181.710297,0.0
2019-03-18,20,0,206,415.16,415.16,0.0,1929.954025,0.0
2019-03-18,20,0,210,0.0,0.0,0.0,0.0,0.0
2019-03-18,20,0,214,0.0,0.0,0.0,0.0,0.0
2019-03-18,20,0,217,0.0,0.0,0.0,0.0,0.0
2019-03-18,20,0,218,0.0,0.0,0.0,0.0,0.0
2019-03-18,20,0,219,0.0,0.0,0.0,0.0,0.0
2019-03-18,20,0,221,0.0,0.0,0.0,0.0,0.0
2019-03-18,20,0,225,0.0,0.0,0.0,0.0,0.0
2019-03-18,20,0,233,0.0,0.0,0.0,0.0,0.0
2019-03-18,20,0,236,66.44,66.44,0.0,618.480165,0.0
2019-03-18,20,0,237,94.99,94.99,0.0,824.578716,0.0
2019-03-18,20,0,238,0.0,0.0,0.0,0.0,0.0
2019-03-18,20,0,240,0.0,0.0,0.0,0.0,0.0
2019-03-18,20,0,245,63.48,63.48,0.0,636.696796,0.0
2019-03-18,20,0,247,31.24,31.24,0.0,313.333458,0.0
2019-03-18,20,0,248,9.54,9.54,0.0,82.81378,0.0
2019-03-18,20,0,249,122.04,122.04,0.0,1224.046582,0.0
2019-03-18,20,0,251,25.3,25.3,0.0,247.131196,0.0
2019-03-18,20,0,252,27.07,27.07,0.0,266.262277,0.0
2019-03-18,20,0,254,0.0,0.0,0.0,0.0,0.0
2019-03-18,20,0,255,0.0,0.0,0.0,0.0,0.0
2019-03-18,20,0,258,0.0,0.0,0.0,0.0,0.0
2019-03-18,20,0,260,0.0,0.0,0.0,0.0,0.0
2019-03-18,20,0,265,0.0,0.0,0.0,0.0,0.0
2019-03-18,20,0,266,31.07,31.07,0.0,196.553572,0.0
2019-03-18,20,0,267,39.29,39.29,0.0,248.554549,0.0
2019-03-18,20,0,270,280.89,280.89,0.0,-11009.960335,0.0
2019-03-18,20,0,272,74.62,74.62,0.0,211.947872,0.0
2019-03-18,20,0,273,0.0,0.0,0.0,-0.0,0.0
2019-03-18,20,0,274,362.1,362.1,0.0,-14193.124131,0.0
2019-03-18,20,0,275,504.05,504.05,0.0,-19757.095329,0.0
2019-03-18,20,0,276,0.0,0.0,0.0,-0.0,0.0
2019-03-18,20,0,277,0.0,0.0,0.0,0.0,0.0
2019-03-18,20,0,278,0.0,0.0,0.0,0.0,0.0
2019-03-18,20,0,279,309.02,309.02,0.0,747.361289,0.0
2019-03-18,20,0,281,7.91,7.91,0.0,37.023093,0.0
2019-03-18,20,0,282,0.0,0.0,0.0,0.0,0.0
2019-03-18,21,0,9,0.0,0.0,0.0,0.0,0.0
2019-03-18,21,0,17,0.0,0.0,0.0,0.0,0.0
2019-03-18,21,0,19,431.39,431.39,0.0,4410.292977,0.0
2019-03-18,21,0,20,523.2,523.2,0.0,5348.907684,0.0
2019-03-18,21,0,21,0.0,0.0,0.0,0.0,0.0
2019-03-18,21,0,22,0.0,0.0,0.0,0.0,0.0
2019-03-18,21,0,23,38.89,38.89,0.0,253.956095,0.0
2019-03-18,21,0,24,68.81,68.81,0.0,449.337076,0.0
2019-03-18,21,0,29,0.0,0.0,0.0,0.0,0.0
2019-03-18,21,0,30,0.0,0.0,0.0,0.0,0.0
2019-03-18,21,0,31,14.01,14.01,0.0,91.190464,0.0
2019-03-18,21,0,32,0.0,0.0,0.0,0.0,0.0
2019-03-18,21,0,33,0.0,0.0,0.0,0.0,0.0
2019-03-18,21,0,34,0.0,0.0,0.0,0.0,0.0
2019-03-18,21,0,35,0.0,0.0,0.0,0.0,0.0
2019-03-18,21,0,36,0.0,0.0,0.0,0.0,0.0
2019-03-18,21,0,37,0.0,0.0,0.0,0.0,0.0
2019-03-18,21,0,38,0.0,0.0,0.0,0.0,0.0
2019-03-18,21,0,39,0.0,0.0,0.0,0.0,0.0
2019-03-18,21,0,40,0.0,0.0,0.0,0.0,0.0
2019-03-18,21,0,41,53.35,53.35,0.0,408.654178,0.0
2019-03-18,21,0,42,0.0,0.0,0.0,0.0,0.0
2019-03-18,21,0,43,0.0,0.0,0.0,0.0,0.0
2019-03-18,21,0,46,0.0,0.0,0.0,0.0,0.0
2019-03-18,21,0,52,14.85,14.85,0.0,96.657986,0.0
2019-03-18,21,0,53,23.59,23.59,0.0,153.546256,0.0
2019-03-18,21,0,55,52.73,52.73,0.0,344.332859,0.0
2019-03-18,21,0,56,0.0,0.0,0.0,0.0,0.0
2019-03-18,21,0,57,0.0,0.0,0.0,0.0,0.0
2019-03-18,21,0,58,0.0,0.0,0.0,0.0,0.0
2019-03-18,21,0,59,0.0,0.0,0.0,0.0,0.0
2019-03-18,21,0,63,56.78,56.78,0.0,1056.486115,0.0
2019-03-18,21,0,64,66.8,66.8,0.0,1242.924842,0.0
2019-03-18,21,0,65,3.97,3.97,0.0,40.464284,0.0
2019-03-18,21,0,67,0.0,0.0,0.0,-0.0,0.0
2019-03-18,21,0,68,3.8,3.8,0.0,-0.514755,0.0
2019-03-18,21,0,69,0.0,0.0,0.0,0.0,0.0
2019-03-18,21,0,74,25.79,25.79,0.0,240.752654,0.0
2019-03-18,21,0,77,70.61,70.61,0.0,317.903147,0.0
2019-03-18,21,0,78,53.48,53.48,0.0,240.779781,0.0
2019-03-18,21,0,79,31.02,31.02,0.0,139.659476,0.0
2019-03-18,21,0,80,50.07,50.07,0.0,225.427143,0.0
2019-03-18,21,0,81,65.35,65.35,0.0,294.221366,0.0
2019-03-18,21,0,82,46.2,46.2,0.0,208.003475,0.0
2019-03-18,21,0,83,102.36,102.36,0.0,460.849258,0.0
2019-03-18,21,0,84,0.0,0.0,0.0,0.0,0.0
2019-03-18,21,0,86,0.0,0.0,0.0,0.0,0.0
2019-03-18,21,0,87,0.0,0.0,0.0,0.0,0.0
2019-03-18,21,0,88,70.36,70.36,0.0,316.777587,0.0
2019-03-18,21,0,89,67.64,67.64,0.0,304.531495,0.0
2019-03-18,21,0,90,90.82,90.82,0.0,408.893412,0.0
2019-03-18,21,0,91,323.96,323.96,0.0,1458.545581,0.0
2019-03-18,21,0,92,116.51,116.51,0.0,524.55595,0.0
2019-03-18,21,0,95,4.88,4.88,0.0,77.477492,0.0
2019-03-18,21,0,96,10.62,10.62,0.0,68.890277,0.0
2019-03-18,21,0,97,65.32,65.32,0.0,423.720613,0.0
2019-03-18,21,0,99,4.98,4.98,0.0,46.48888,0.0
2019-03-18,21,0,101,0.0,0.0,0.0,0.0,0.0
2019-03-18,21,0,102,8.99,8.99,0.0,-1.217803,0.0
2019-03-18,21,0,103,7.82,7.82,0.0,-1.059312,0.0
2019-03-18,21,0,104,1.45,1.45,0.0,-0.19642,0.0
2019-03-18,21,0,106,0.0,0.0,0.0,0.0,0.0
2019-03-18,21,0,109,27.18,27.18,0.0,226.627598,0.0
2019-03-18,21,0,110,209.94,209.94,0.0,-4639.773796,0.0
2019-03-18,21,0,111,0.0,0.0,0.0,0.0,0.0
2019-03-18,21,0,113,34.59,34.59,0.0,178.349799,0.0
2019-03-18,21,0,115,34.59,34.59,0.0,178.349799,0.0
2019-03-18,21,0,116,0.0,0.0,0.0,-0.0,0.0
2019-03-18,21,0,117,2.33,2.33,0.0,12.013733,0.0
2019-03-18,21,0,119,66.8,66.8,0.0,1242.924842,0.0
2019-03-18,21,0,120,39.28,39.28,0.0,730.869577,0.0
2019-03-18,21,0,123,0.0,0.0,0.0,0.0,0.0
2019-03-18,21,0,125,62.27,62.27,0.0,406.630137,0.0
2019-03-18,21,0,126,0.0,0.0,0.0,0.0,0.0
2019-03-18,21,0,127,0.0,0.0,0.0,0.0,0.0
2019-03-18,21,0,128,89.19,89.19,0.0,582.420779,0.0
2019-03-18,21,0,131,10.92,10.92,0.0,14.28975,0.0
2019-03-18,21,0,132,16.05,16.05,0.0,21.002793,0.0
2019-03-18,21,0,133,43.35,43.35,0.0,443.31278,0.0
2019-03-18,21,0,134,0.0,0.0,0.0,0.0,0.0
2019-03-18,21,0,135,56.37,56.37,0.0,576.46001,0.0
2019-03-18,21,0,136,10.49,10.49,0.0,106.901668,0.0
2019-03-18,21,0,139,70.27,70.27,0.0,538.259214,0.0
2019-03-18,21,0,140,155.38,155.38,0.0,-3433.971861,0.0
2019-03-18,21,0,141,97.5,97.5,0.0,-540.391477,0.0
2019-03-18,21,0,142,0.0,0.0,0.0,-0.0,0.0
2019-03-18,21,0,143,28.91,28.91,0.0,188.173898,0.0
2019-03-18,21,0,145,9.48,9.48,0.0,68.146004,0.0
2019-03-18,21,0,146,251.33,251.33,0.0,-5554.512471,0.0
2019-03-18,21,0,152,0.0,0.0,0.0,0.0,0.0
2019-03-18,21,0,153,0.0,0.0,0.0,0.0,0.0
2019-03-18,21,0,154,0.0,0.0,0.0,0.0,0.0
2019-03-18,21,0,157,130.52,130.52,0.0,-723.404058,0.0
2019-03-18,21,0,158,0.0,0.0,0.0,-0.0,0.0
2019-03-18,21,0,159,0.0,0.0,0.0,0.0,0.0
2019-03-18,21,0,160,0.0,0.0,0.0,0.0,0.0
2019-03-18,21,0,161,0.0,0.0,0.0,-0.0,0.0
2019-03-18,21,0,162,10.45,10.45,0.0,166.22782,0.0
2019-03-18,21,0,163,76.48,76.48,0.0,-1690.244355,0.0
2019-03-18,21,0,164,0.0,0.0,0.0,0.0,0.0
2019-03-18,21,0,167,0.0,0.0,0.0,0.0,0.0
2019-03-18,21,0,168,0.0,0.0,0.0,0.0,0.0
2019-03-18,21,0,169,0.0,0.0,0.0,0.0,0.0
2019-03-18,21,0,170,0.0,0.0,0.0,0.0,0.0
2019-03-18,21,0,172,0.0,0.0,0.0,0.0,0.0
2019-03-18,21,0,173,0.0,0.0,0.0,0.0,0.0
2019-03-18,21,0,188,0.0,0.0,0.0,0.0,0.0
2019-03-18,21,0,190,0.0,0.0,0.0,0.0,0.0
2019-03-18,21,0,191,0.0,0.0,0.0,0.0,0.0
2019-03-18,21,0,192,94.55,94.55,0.0,1759.259637,0.0
2019-03-18,21,0,194,72.11,72.11,0.0,706.023979,0.0
2019-03-18,21,0,196,0.0,0.0,0.0,0.0,0.0
2019-03-18,21,0,198,0.0,0.0,0.0,0.0,0.0
2019-03-18,21,0,199,9.14,9.14,0.0,95.563987,0.0
2019-03-18,21,0,200,0.0,0.0,0.0,0.0,0.0
2019-03-18,21,0,204,269.66,269.66,0.0,2222.555732,0.0
2019-03-18,21,0,205,126.15,126.15,0.0,1051.842216,0.0
2019-03-18,21,0,206,191.95,191.95,0.0,1245.149597,0.0
2019-03-18,21,0,210,0.0,0.0,0.0,0.0,0.0
2019-03-18,21,0,214,0.0,0.0,0.0,0.0,0.0
2019-03-18,21,0,217,0.0,0.0,0.0,0.0,0.0
2019-03-18,21,0,218,0.0,0.0,0.0,0.0,0.0
2019-03-18,21,0,219,0.0,0.0,0.0,0.0,0.0
2019-03-18,21,0,221,0.0,0.0,0.0,0.0,0.0
2019-03-18,21,0,225,0.0,0.0,0.0,0.0,0.0
2019-03-18,21,0,233,0.0,0.0,0.0,0.0,0.0
2019-03-18,21,0,236,39.74,39.74,0.0,389.37956,0.0
2019-03-18,21,0,237,61.86,61.86,0.0,577.470304,0.0
2019-03-18,21,0,238,0.0,0.0,0.0,0.0,0.0
2019-03-18,21,0,240,0.0,0.0,0.0,0.0,0.0
2019-03-18,21,0,245,86.09,86.09,0.0,889.929133,0.0
2019-03-18,21,0,247,17.76,17.76,0.0,183.588586,0.0
2019-03-18,21,0,248,6.21,6.21,0.0,57.971073,0.0
2019-03-18,21,0,249,165.55,165.55,0.0,1711.322662,0.0
2019-03-18,21,0,251,21.53,21.53,0.0,218.351424,0.0
2019-03-18,21,0,252,25.64,25.64,0.0,261.336083,0.0
2019-03-18,21,0,254,0.0,0.0,0.0,0.0,0.0
2019-03-18,21,0,255,0.0,0.0,0.0,0.0,0.0
2019-03-18,21,0,258,0.0,0.0,0.0,0.0,0.0
2019-03-18,21,0,260,0.0,0.0,0.0,0.0,0.0
2019-03-18,21,0,265,0.0,0.0,0.0,0.0,0.0
2019-03-18,21,0,266,44.01,44.01,0.0,337.110972,0.0
2019-03-18,21,0,267,54.94,54.94,0.0,420.833374,0.0
2019-03-18,21,0,270,238.83,238.83,0.0,-5278.256529,0.0
2019-03-18,21,0,272,115.51,115.51,0.0,595.582111,0.0
2019-03-18,21,0,273,0.0,0.0,0.0,-0.0,0.0
2019-03-18,21,0,274,307.88,307.88,0.0,-6804.294353,0.0
2019-03-18,21,0,275,428.58,428.58,0.0,-9471.821728,0.0
2019-03-18,21,0,276,0.0,0.0,0.0,-0.0,0.0
2019-03-18,21,0,277,0.0,0.0,0.0,0.0,0.0
2019-03-18,21,0,278,0.0,0.0,0.0,0.0,0.0
2019-03-18,21,0,279,252.93,252.93,0.0,1237.829822,0.0
2019-03-18,21,0,281,6.29,6.29,0.0,40.941329,0.0
2019-03-18,21,0,282,0.0,0.0,0.0,0.0,0.0
2019-03-18,22,0,9,0.0,0.0,0.0,0.0,0.0
2019-03-18,22,0,17,0.0,0.0,0.0,0.0,0.0
2019-03-18,22,0,19,352.67,352.67,0.0,3663.605925,0.0
2019-03-18,22,0,20,427.72,427.72,0.0,4443.240214,0.0
2019-03-18,22,0,21,0.0,0.0,0.0,0.0,0.0
2019-03-18,22,0,22,0.0,0.0,0.0,0.0,0.0
2019-03-18,22,0,23,29.0,29.0,0.0,272.04213,0.0
2019-03-18,22,0,24,51.32,51.32,0.0,481.420763,0.0
2019-03-18,22,0,29,0.0,0.0,0.0,0.0,0.0
2019-03-18,22,0,30,0.0,0.0,0.0,0.0,0.0
2019-03-18,22,0,31,10.93,10.93,0.0,102.474525,0.0
2019-03-18,22,0,32,0.0,0.0,0.0,0.0,0.0
2019-03-18,22,0,33,0.0,0.0,0.0,0.0,0.0
2019-03-18,22,0,34,0.0,0.0,0.0,0.0,0.0
2019-03-18,22,0,35,0.0,0.0,0.0,0.0,0.0
2019-03-18,22,0,36,0.0,0.0,0.0,0.0,0.0
2019-03-18,22,0,37,0.0,0.0,0.0,0.0,0.0
2019-03-18,22,0,38,0.0,0.0,0.0,0.0,0.0
2019-03-18,22,0,39,0.0,0.0,0.0,0.0,0.0
2019-03-18,22,0,40,0.0,0.0,0.0,0.0,0.0
2019-03-18,22,0,41,41.31,41.31,0.0,399.366788,0.0
2019-03-18,22,0,42,0.0,0.0,0.0,0.0,0.0
2019-03-18,22,0,43,0.0,0.0,0.0,0.0,0.0
2019-03-18,22,0,46,0.0,0.0,0.0,0.0,0.0
2019-03-18,22,0,52,11.59,11.59,0.0,108.662374,0.0
2019-03-18,22,0,53,18.41,18.41,0.0,172.603477,0.0
2019-03-18,22,0,55,67.52,67.52,0.0,633.389126,0.0
2019-03-18,22,0,56,0.0,0.0,0.0,0.0,0.0
2019-03-18,22,0,57,0.0,0.0,0.0,0.0,0.0
2019-03-18,22,0,58,0.0,0.0,0.0,0.0,0.0
2019-03-18,22,0,59,0.0,0.0,0.0,0.0,0.0
2019-03-18,22,0,63,61.3,61.3,0.0,699.956308,0.0
2019-03-18,22,0,64,72.12,72.12,0.0,823.504877,0.0
2019-03-18,22,0,65,3.75,3.75,0.0,38.919877,0.0
2019-03-18,22,0,67,0.0,0.0,0.0,0.0,0.0
2019-03-18,22,0,68,2.83,2.83,0.0,22.676638,0.0
2019-03-18,22,0,69,0.0,0.0,0.0,0.0,0.0
2019-03-18,22,0,74,15.77,15.77,0.0,159.556075,0.0
2019-03-18,22,0,77,65.75,65.75,0.0,583.900768,0.0
2019-03-18,22,0,78,49.71,49.71,0.0,441.455623,0.0
2019-03-18,22,0,79,28.76,28.76,0.0,255.406633,0.0
2019-03-18,22,0,80,46.52,46.52,0.0,413.126445,0.0
2019-03-18,22,0,81,60.82,60.82,0.0,540.119311,0.0
2019-03-18,22,0,82,42.9,42.9,0.0,380.9786,0.0
2019-03-18,22,0,83,95.66,95.66,0.0,849.520114,0.0
2019-03-18,22,0,84,0.0,0.0,0.0,0.0,0.0
2019-03-18,22,0,86,0.0,0.0,0.0,0.0,0.0
2019-03-18,22,0,87,0.0,0.0,0.0,0.0,0.0
2019-03-18,22,0,88,61.26,61.26,0.0,544.026784,0.0
2019-03-18,22,0,89,58.89,58.89,0.0,522.979715,0.0
2019-03-18,22,0,90,79.08,79.08,0.0,702.279433,0.0
2019-03-18,22,0,91,282.08,282.08,0.0,2505.045303,0.0
2019-03-18,22,0,92,101.45,101.45,0.0,900.938904,0.0
2019-03-18,22,0,95,4.05,4.05,0.0,44.18244,0.0
2019-03-18,22,0,96,8.15,8.15,0.0,76.365969,0.0
2019-03-18,22,0,97,50.1,50.1,0.0,469.439881,0.0
2019-03-18,22,0,99,3.04,3.04,0.0,30.757798,0.0
2019-03-18,22,0,101,0.0,0.0,0.0,0.0,0.0
2019-03-18,22,0,102,6.7,6.7,0.0,53.68674,0.0
2019-03-18,22,0,103,5.83,5.83,0.0,46.715476,0.0
2019-03-18,22,0,104,1.08,1.08,0.0,8.653982,0.0
2019-03-18,22,0,106,0.0,0.0,0.0,0.0,0.0
2019-03-18,22,0,109,36.33,36.33,0.0,356.846082,0.0
2019-03-18,22,0,110,167.3,167.3,0.0,659.665627,0.0
2019-03-18,22,0,111,0.0,0.0,0.0,0.0,0.0
2019-03-18,22,0,113,54.65,54.65,0.0,490.449136,0.0
2019-03-18,22,0,115,54.65,54.65,0.0,490.449136,0.0
2019-03-18,22,0,116,0.0,0.0,0.0,0.0,0.0
2019-03-18,22,0,117,3.64,3.64,0.0,32.666695,0.0
2019-03-18,22,0,119,72.12,72.12,0.0,823.504877,0.0
2019-03-18,22,0,120,42.41,42.41,0.0,484.260147,0.0
2019-03-18,22,0,123,0.0,0.0,0.0,0.0,0.0
2019-03-18,22,0,125,46.44,46.44,0.0,435.642639,0.0
2019-03-18,22,0,126,0.0,0.0,0.0,0.0,0.0
2019-03-18,22,0,127,0.0,0.0,0.0,0.0,0.0
2019-03-18,22,0,128,66.51,66.51,0.0,623.914555,0.0
2019-03-18,22,0,131,8.28,8.28,0.0,68.562674,0.0
2019-03-18,22,0,132,12.17,12.17,0.0,100.773882,0.0
2019-03-18,22,0,133,50.15,50.15,0.0,521.013341,0.0
2019-03-18,22,0,134,0.0,0.0,0.0,0.0,0.0
2019-03-18,22,0,135,67.2,67.2,0.0,698.147487,0.0
2019-03-18,22,0,136,10.02,10.02,0.0,103.988649,0.0
2019-03-18,22,0,139,53.34,53.34,0.0,515.667502,0.0
2019-03-18,22,0,140,123.82,123.82,0.0,488.223538,0.0
2019-03-18,22,0,141,76.45,76.45,0.0,535.996374,0.0
2019-03-18,22,0,142,0.0,0.0,0.0,0.0,0.0
2019-03-18,22,0,143,24.06,24.06,0.0,225.575212,0.0
2019-03-18,22,0,145,16.48,16.48,0.0,157.246341,0.0
2019-03-18,22,0,146,231.72,231.72,0.0,913.674352,0.0
2019-03-18,22,0,152,0.0,0.0,0.0,0.0,0.0
2019-03-18,22,0,153,0.0,0.0,0.0,0.0,0.0
2019-03-18,22,0,154,0.0,0.0,0.0,0.0,0.0
2019-03-18,22,0,157,111.09,111.09,0.0,778.859871,0.0
2019-03-18,22,0,158,0.0,0.0,0.0,0.0,0.0
2019-03-18,22,0,159,0.0,0.0,0.0,0.0,0.0
2019-03-18,22,0,160,0.0,0.0,0.0,0.0,0.0
2019-03-18,22,0,161,0.0,0.0,0.0,0.0,0.0
2019-03-18,22,0,162,5.48,5.48,0.0,59.813996,0.0
2019-03-18,22,0,163,67.28,67.28,0.0,265.285735,0.0
2019-03-18,22,0,164,0.0,0.0,0.0,0.0,0.0
2019-03-18,22,0,167,0.0,0.0,0.0,0.0,0.0
2019-03-18,22,0,168,0.0,0.0,0.0,0.0,0.0
2019-03-18,22,0,169,0.0,0.0,0.0,0.0,0.0
2019-03-18,22,0,170,0.0,0.0,0.0,0.0,0.0
2019-03-18,22,0,172,0.0,0.0,0.0,0.0,0.0
2019-03-18,22,0,173,0.0,0.0,0.0,0.0,0.0
2019-03-18,22,0,188,0.0,0.0,0.0,0.0,0.0
2019-03-18,22,0,190,0.0,0.0,0.0,0.0,0.0
2019-03-18,22,0,191,0.0,0.0,0.0,0.0,0.0
2019-03-18,22,0,192,100.49,100.49,0.0,1147.448767,0.0
2019-03-18,22,0,194,67.4,67.4,0.0,661.031371,0.0
2019-03-18,22,0,196,0.0,0.0,0.0,0.0,0.0
2019-03-18,22,0,198,0.0,0.0,0.0,0.0,0.0
2019-03-18,22,0,199,7.39,7.39,0.0,72.526722,0.0
2019-03-18,22,0,200,0.0,0.0,0.0,0.0,0.0
2019-03-18,22,0,204,188.24,188.24,0.0,1843.871634,0.0
2019-03-18,22,0,205,180.76,180.76,0.0,1775.488517,0.0
2019-03-18,22,0,206,147.22,147.22,0.0,1379.459866,0.0
2019-03-18,22,0,210,0.0,0.0,0.0,0.0,0.0
2019-03-18,22,0,214,0.0,0.0,0.0,0.0,0.0
2019-03-18,22,0,217,0.0,0.0,0.0,0.0,0.0
2019-03-18,22,0,218,0.0,0.0,0.0,0.0,0.0
2019-03-18,22,0,219,0.0,0.0,0.0,0.0,0.0
2019-03-18,22,0,221,0.0,0.0,0.0,0.0,0.0
2019-03-18,22,0,225,0.0,0.0,0.0,0.0,0.0
2019-03-18,22,0,233,0.0,0.0,0.0,0.0,0.0
2019-03-18,22,0,236,21.53,21.53,0.0,220.812913,0.0
2019-03-18,22,0,237,37.82,37.82,0.0,382.651284,0.0
2019-03-18,22,0,238,0.0,0.0,0.0,0.0,0.0
2019-03-18,22,0,240,0.0,0.0,0.0,0.0,0.0
2019-03-18,22,0,245,65.7,65.7,0.0,684.815422,0.0
2019-03-18,22,0,247,9.73,9.73,0.0,101.419392,0.0
2019-03-18,22,0,248,3.8,3.8,0.0,38.447247,0.0
2019-03-18,22,0,249,126.35,126.35,0.0,1316.992824,0.0
2019-03-18,22,0,251,38.39,38.39,0.0,397.832895,0.0
2019-03-18,22,0,252,24.2,24.2,0.0,251.162938,0.0
2019-03-18,22,0,254,0.0,0.0,0.0,0.0,0.0
2019-03-18,22,0,255,0.0,0.0,0.0,0.0,0.0
2019-03-18,22,0,258,0.0,0.0,0.0,0.0,0.0
2019-03-18,22,0,260,0.0,0.0,0.0,0.0,0.0
2019-03-18,22,0,265,0.0,0.0,0.0,0.0,0.0
2019-03-18,22,0,266,34.54,34.54,0.0,333.917426,0.0
2019-03-18,22,0,267,42.45,42.45,0.0,410.387804,0.0
2019-03-18,22,0,270,210.11,210.11,0.0,828.465899,0.0
2019-03-18,22,0,272,182.66,182.66,0.0,1639.257809,0.0
2019-03-18,22,0,273,0.0,0.0,0.0,0.0,0.0
2019-03-18,22,0,274,270.86,270.86,0.0,1068.003776,0.0
2019-03-18,22,0,275,377.04,377.04,0.0,1486.672613,0.0
2019-03-18,22,0,276,0.0,0.0,0.0,0.0,0.0
2019-03-18,22,0,277,0.0,0.0,0.0,0.0,0.0
2019-03-18,22,0,278,0.0,0.0,0.0,0.0,0.0
2019-03-18,22,0,279,87.95,87.95,0.0,785.989987,0.0
2019-03-18,22,0,281,4.91,4.91,0.0,46.033844,0.0
2019-03-18,22,0,282,0.0,0.0,0.0,0.0,0.0
2019-03-18,23,0,9,0.0,0.0,0.0,0.0,0.0
2019-03-18,23,0,17,0.0,0.0,0.0,0.0,0.0
2019-03-18,23,0,19,307.58,307.58,0.0,4239.953388,0.0
2019-03-18,23,0,20,373.04,373.04,0.0,5142.311632,0.0
2019-03-18,23,0,21,0.0,0.0,0.0,0.0,0.0
2019-03-18,23,0,22,0.0,0.0,0.0,0.0,0.0
2019-03-18,23,0,23,27.58,27.58,0.0,298.246405,0.0
2019-03-18,23,0,24,48.8,48.8,0.0,527.716627,0.0
2019-03-18,23,0,29,0.0,0.0,0.0,0.0,0.0
2019-03-18,23,0,30,0.0,0.0,0.0,0.0,0.0
2019-03-18,23,0,31,9.34,9.34,0.0,100.873059,0.0
2019-03-18,23,0,32,0.0,0.0,0.0,0.0,0.0
2019-03-18,23,0,33,0.0,0.0,0.0,0.0,0.0
2019-03-18,23,0,34,0.0,0.0,0.0,0.0,0.0
2019-03-18,23,0,35,0.0,0.0,0.0,0.0,0.0
2019-03-18,23,0,36,0.0,0.0,0.0,0.0,0.0
2019-03-18,23,0,37,0.0,0.0,0.0,0.0,0.0
2019-03-18,23,0,38,0.0,0.0,0.0,0.0,0.0
2019-03-18,23,0,39,0.0,0.0,0.0,0.0,0.0
2019-03-18,23,0,40,0.0,0.0,0.0,0.0,0.0
2019-03-18,23,0,41,37.18,37.18,0.0,431.008484,0.0
2019-03-18,23,0,42,0.0,0.0,0.0,0.0,0.0
2019-03-18,23,0,43,0.0,0.0,0.0,0.0,0.0
2019-03-18,23,0,46,0.0,0.0,0.0,0.0,0.0
2019-03-18,23,0,52,9.91,9.91,0.0,107.029124,0.0
2019-03-18,23,0,53,15.74,15.74,0.0,169.993785,0.0
2019-03-18,23,0,55,119.87,119.87,0.0,1296.258035,0.0
2019-03-18,23,0,56,0.0,0.0,0.0,0.0,0.0
2019-03-18,23,0,57,0.0,0.0,0.0,0.0,0.0
2019-03-18,23,0,58,0.0,0.0,0.0,0.0,0.0
2019-03-18,23,0,59,0.0,0.0,0.0,0.0,0.0
2019-03-18,23,0,63,55.76,55.76,0.0,717.916169,0.0
2019-03-18,23,0,64,65.6,65.6,0.0,844.607258,0.0
2019-03-18,23,0,65,3.44,3.44,0.0,47.310771,0.0
2019-03-18,23,0,67,0.0,0.0,0.0,0.0,0.0
2019-03-18,23,0,68,2.66,2.66,0.0,21.799729,0.0
2019-03-18,23,0,69,0.0,0.0,0.0,0.0,0.0
2019-03-18,23,0,74,11.32,11.32,0.0,146.011613,0.0
2019-03-18,23,0,77,62.59,62.59,0.0,594.947286,0.0
2019-03-18,23,0,78,47.31,47.31,0.0,449.703724,0.0
2019-03-18,23,0,79,27.38,27.38,0.0,260.259733,0.0
2019-03-18,23,0,80,44.28,44.28,0.0,420.902154,0.0
2019-03-18,23,0,81,57.89,57.89,0.0,550.271583,0.0
2019-03-18,23,0,82,40.84,40.84,0.0,388.203342,0.0
2019-03-18,23,0,83,91.06,91.06,0.0,865.56798,0.0
2019-03-18,23,0,84,0.0,0.0,0.0,0.0,0.0
2019-03-18,23,0,86,0.0,0.0,0.0,0.0,0.0
2019-03-18,23,0,87,0.0,0.0,0.0,0.0,0.0
2019-03-18,23,0,88,58.23,58.23,0.0,553.503442,0.0
2019-03-18,23,0,89,55.97,55.97,0.0,532.021083,0.0
2019-03-18,23,0,90,75.16,75.16,0.0,714.431027,0.0
2019-03-18,23,0,91,268.1,268.1,0.0,2548.416158,0.0
2019-03-18,23,0,92,96.42,96.42,0.0,916.517292,0.0
2019-03-18,23,0,95,3.83,3.83,0.0,46.392674,0.0
2019-03-18,23,0,96,6.93,6.93,0.0,74.745187,0.0
2019-03-18,23,0,97,42.61,42.61,0.0,459.580437,0.0
2019-03-18,23,0,99,2.18,2.18,0.0,28.118844,0.0
2019-03-18,23,0,101,0.0,0.0,0.0,0.0,0.0
2019-03-18,23,0,102,6.29,6.29,0.0,51.548984,0.0
2019-03-18,23,0,103,5.47,5.47,0.0,44.828767,0.0
2019-03-18,23,0,104,1.02,1.02,0.0,8.359295,0.0
2019-03-18,23,0,106,0.0,0.0,0.0,0.0,0.0
2019-03-18,23,0,109,35.4,35.4,0.0,423.176013,0.0
2019-03-18,23,0,110,184.47,184.47,0.0,411.625084,0.0
2019-03-18,23,0,111,0.0,0.0,0.0,0.0,0.0
2019-03-18,23,0,113,51.12,51.12,0.0,486.45966,0.0
2019-03-18,23,0,115,51.12,51.12,0.0,486.45966,0.0
2019-03-18,23,0,116,0.0,0.0,0.0,0.0,0.0
2019-03-18,23,0,117,3.41,3.41,0.0,32.449676,0.0
2019-03-18,23,0,119,65.6,65.6,0.0,844.607258,0.0
2019-03-18,23,0,120,38.57,38.57,0.0,496.593018,0.0
2019-03-18,23,0,123,0.0,0.0,0.0,0.0,0.0
2019-03-18,23,0,125,44.16,44.16,0.0,477.540292,0.0
2019-03-18,23,0,126,0.0,0.0,0.0,0.0,0.0
2019-03-18,23,0,127,0.0,0.0,0.0,0.0,0.0
2019-03-18,23,0,128,63.25,63.25,0.0,683.976981,0.0
2019-03-18,23,0,131,7.65,7.65,0.0,65.694208,0.0
2019-03-18,23,0,132,11.24,11.24,0.0,96.523255,0.0
2019-03-18,23,0,133,41.52,41.52,0.0,572.472413,0.0
2019-03-18,23,0,134,0.0,0.0,0.0,0.0,0.0
2019-03-18,23,0,135,55.63,55.63,0.0,767.019276,0.0
2019-03-18,23,0,136,8.16,8.16,0.0,112.211327,0.0
2019-03-18,23,0,139,48.02,48.02,0.0,556.67099,0.0
2019-03-18,23,0,140,136.53,136.53,0.0,304.652099,0.0
2019-03-18,23,0,141,74.04,74.04,0.0,498.086418,0.0
2019-03-18,23,0,142,0.0,0.0,0.0,0.0,0.0
2019-03-18,23,0,143,19.99,19.99,0.0,215.894267,0.0
2019-03-18,23,0,145,5.96,5.96,0.0,66.928592,0.0
2019-03-18,23,0,146,268.0,268.0,0.0,598.01335,0.0
2019-03-18,23,0,152,0.0,0.0,0.0,0.0,0.0
2019-03-18,23,0,153,0.0,0.0,0.0,0.0,0.0
2019-03-18,23,0,154,0.0,0.0,0.0,0.0,0.0
2019-03-18,23,0,157,135.45,135.45,0.0,911.207528,0.0
2019-03-18,23,0,158,0.0,0.0,0.0,0.0,0.0
2019-03-18,23,0,159,0.0,0.0,0.0,0.0,0.0
2019-03-18,23,0,160,0.0,0.0,0.0,0.0,0.0
2019-03-18,23,0,161,0.0,0.0,0.0,0.0,0.0
2019-03-18,23,0,162,2.29,2.29,0.0,27.75873,0.0
2019-03-18,23,0,163,62.18,62.18,0.0,138.748023,0.0
2019-03-18,23,0,164,0.0,0.0,0.0,0.0,0.0
2019-03-18,23,0,167,0.0,0.0,0.0,0.0,0.0
2019-03-18,23,0,168,0.0,0.0,0.0,0.0,0.0
2019-03-18,23,0,169,0.0,0.0,0.0,0.0,0.0
2019-03-18,23,0,170,0.0,0.0,0.0,0.0,0.0
2019-03-18,23,0,172,0.0,0.0,0.0,0.0,0.0
2019-03-18,23,0,173,0.0,0.0,0.0,0.0,0.0
2019-03-18,23,0,188,0.0,0.0,0.0,0.0,0.0
2019-03-18,23,0,190,0.0,0.0,0.0,0.0,0.0
2019-03-18,23,0,191,0.0,0.0,0.0,0.0,0.0
2019-03-18,23,0,192,90.93,90.93,0.0,1170.733811,0.0
2019-03-18,23,0,194,63.46,63.46,0.0,673.862891,0.0
2019-03-18,23,0,196,0.0,0.0,0.0,0.0,0.0
2019-03-18,23,0,198,0.0,0.0,0.0,0.0,0.0
2019-03-18,23,0,199,2.56,2.56,0.0,25.827975,0.0
2019-03-18,23,0,200,0.0,0.0,0.0,0.0,0.0
2019-03-18,23,0,204,161.05,161.05,0.0,1911.94157,0.0
2019-03-18,23,0,205,187.24,187.24,0.0,2238.290303,0.0
2019-03-18,23,0,206,125.21,125.21,0.0,1350.48267,0.0
2019-03-18,23,0,210,0.0,0.0,0.0,0.0,0.0
2019-03-18,23,0,214,0.0,0.0,0.0,0.0,0.0
2019-03-18,23,0,217,0.0,0.0,0.0,0.0,0.0
2019-03-18,23,0,218,0.0,0.0,0.0,0.0,0.0
2019-03-18,23,0,219,0.0,0.0,0.0,0.0,0.0
2019-03-18,23,0,221,0.0,0.0,0.0,0.0,0.0
2019-03-18,23,0,225,0.0,0.0,0.0,0.0,0.0
2019-03-18,23,0,233,0.0,0.0,0.0,0.0,0.0
2019-03-18,23,0,236,11.55,11.55,0.0,154.128544,0.0
2019-03-18,23,0,237,27.14,27.14,0.0,350.066711,0.0
2019-03-18,23,0,238,0.0,0.0,0.0,0.0,0.0
2019-03-18,23,0,240,0.0,0.0,0.0,0.0,0.0
2019-03-18,23,0,245,53.39,53.39,0.0,742.208033,0.0
2019-03-18,23,0,247,7.52,7.52,0.0,104.540259,0.0
2019-03-18,23,0,248,2.72,2.72,0.0,35.084062,0.0
2019-03-18,23,0,249,102.67,102.67,0.0,1427.280366,0.0
2019-03-18,23,0,251,19.87,19.87,0.0,272.238961,0.0
2019-03-18,23,0,252,22.19,22.19,0.0,305.181978,0.0
2019-03-18,23,0,254,0.0,0.0,0.0,0.0,0.0
2019-03-18,23,0,255,0.0,0.0,0.0,0.0,0.0
2019-03-18,23,0,258,0.0,0.0,0.0,0.0,0.0
2019-03-18,23,0,260,0.0,0.0,0.0,0.0,0.0
2019-03-18,23,0,265,0.0,0.0,0.0,0.0,0.0
2019-03-18,23,0,266,31.09,31.09,0.0,360.410268,0.0
2019-03-18,23,0,267,38.21,38.21,0.0,442.948741,0.0
2019-03-18,23,0,270,194.18,194.18,0.0,433.291911,0.0
2019-03-18,23,0,272,170.83,170.83,0.0,1625.624096,0.0
2019-03-18,23,0,273,0.0,0.0,0.0,0.0,0.0
2019-03-18,23,0,274,250.32,250.32,0.0,558.56232,0.0
2019-03-18,23,0,275,348.45,348.45,0.0,777.528924,0.0
2019-03-18,23,0,276,0.0,0.0,0.0,0.0,0.0
2019-03-18,23,0,277,0.0,0.0,0.0,0.0,0.0
2019-03-18,23,0,278,0.0,0.0,0.0,0.0,0.0
2019-03-18,23,0,279,81.15,81.15,0.0,771.882426,0.0
2019-03-18,23,0,281,4.19,4.19,0.0,45.252475,0.0
2019-03-18,23,0,282,0.0,0.0,0.0,0.0,0.0
2019-03-19,0,0,9,0.0,0.0,0.0,0.0,0.0
2019-03-19,0,0,17,0.0,0.0,0.0,0.0,0.0
2019-03-19,0,0,19,270.25,270.25,0.0,5075.023025,0.0
2019-03-19,0,0,20,327.76,327.76,0.0,6155.002948,0.0
2019-03-19,0,0,21,0.0,0.0,0.0,0.0,0.0
2019-03-19,0,0,22,0.0,0.0,0.0,0.0,0.0
2019-03-19,0,0,23,28.08,28.08,0.0,459.638758,0.0
2019-03-19,0,0,24,49.68,49.68,0.0,813.207033,0.0
2019-03-19,0,0,29,0.0,0.0,0.0,0.0,0.0
2019-03-19,0,0,30,0.0,0.0,0.0,0.0,0.0
2019-03-19,0,0,31,8.13,8.13,0.0,132.988892,0.0
2019-03-19,0,0,32,0.0,0.0,0.0,0.0,0.0
2019-03-19,0,0,33,0.0,0.0,0.0,0.0,0.0
2019-03-19,0,0,34,0.0,0.0,0.0,0.0,0.0
2019-03-19,0,0,35,0.0,0.0,0.0,0.0,0.0
2019-03-19,0,0,36,0.0,0.0,0.0,0.0,0.0
2019-03-19,0,0,37,0.0,0.0,0.0,0.0,0.0
2019-03-19,0,0,38,0.0,0.0,0.0,0.0,0.0
2019-03-19,0,0,39,0.0,0.0,0.0,0.0,0.0
2019-03-19,0,0,40,0.0,0.0,0.0,0.0,0.0
2019-03-19,0,0,41,33.6,33.6,0.0,571.148703,0.0
2019-03-19,0,0,42,0.0,0.0,0.0,0.0,0.0
2019-03-19,0,0,43,0.0,0.0,0.0,0.0,0.0
2019-03-19,0,0,46,0.0,0.0,0.0,0.0,0.0
2019-03-19,0,0,52,8.62,8.62,0.0,141.004213,0.0
2019-03-19,0,0,53,13.69,13.69,0.0,223.938246,0.0
2019-03-19,0,0,55,127.29,127.29,0.0,2083.597488,0.0
2019-03-19,0,0,56,0.0,0.0,0.0,0.0,0.0
2019-03-19,0,0,57,0.0,0.0,0.0,0.0,0.0
2019-03-19,0,0,58,0.0,0.0,0.0,0.0,0.0
2019-03-19,0,0,59,0.0,0.0,0.0,0.0,0.0
2019-03-19,0,0,63,54.77,54.77,0.0,981.525223,0.0
2019-03-19,0,0,64,64.43,64.43,0.0,1154.640682,0.0
2019-03-19,0,0,65,3.22,3.22,0.0,60.385082,0.0
2019-03-19,0,0,67,0.0,0.0,0.0,0.0,0.0
2019-03-19,0,0,68,2.68,2.68,0.0,38.29144,0.0
2019-03-19,0,0,69,0.0,0.0,0.0,0.0,0.0
2019-03-19,0,0,74,7.86,7.86,0.0,141.930438,0.0
2019-03-19,0,0,77,62.98,62.98,0.0,964.387308,0.0
2019-03-19,0,0,78,47.61,47.61,0.0,729.032705,0.0
2019-03-19,0,0,79,27.55,27.55,0.0,421.862025,0.0
2019-03-19,0,0,80,44.56,44.56,0.0,682.329286,0.0
2019-03-19,0,0,81,58.25,58.25,0.0,891.958728,0.0
2019-03-19,0,0,82,41.09,41.09,0.0,629.194578,0.0
2019-03-19,0,0,83,91.63,91.63,0.0,1403.093189,0.0
2019-03-19,0,0,84,0.0,0.0,0.0,0.0,0.0
2019-03-19,0,0,86,0.0,0.0,0.0,0.0,0.0
2019-03-19,0,0,87,0.0,0.0,0.0,0.0,0.0
2019-03-19,0,0,88,58.97,58.97,0.0,902.983798,0.0
2019-03-19,0,0,89,56.69,56.69,0.0,868.071078,0.0
2019-03-19,0,0,90,76.12,76.12,0.0,1165.594822,0.0
2019-03-19,0,0,91,271.52,271.52,0.0,4157.676118,0.0
2019-03-19,0,0,92,97.65,97.65,0.0,1495.275018,0.0
2019-03-19,0,0,95,2.37,2.37,0.0,41.060521,0.0
2019-03-19,0,0,96,6.21,6.21,0.0,101.509854,0.0
2019-03-19,0,0,97,38.22,38.22,0.0,624.75147,0.0
2019-03-19,0,0,99,1.52,1.52,0.0,27.447108,0.0
2019-03-19,0,0,101,0.0,0.0,0.0,0.0,0.0
2019-03-19,0,0,102,6.35,6.35,0.0,90.727853,0.0
2019-03-19,0,0,103,5.52,5.52,0.0,78.868937,0.0
2019-03-19,0,0,104,1.03,1.03,0.0,14.716486,0.0
2019-03-19,0,0,106,0.0,0.0,0.0,0.0,0.0
2019-03-19,0,0,109,31.98,31.98,0.0,552.900686,0.0
2019-03-19,0,0,110,210.36,210.36,0.0,2026.519988,0.0
2019-03-19,0,0,111,0.0,0.0,0.0,0.0,0.0
2019-03-19,0,0,113,50.33,50.33,0.0,770.707138,0.0
2019-03-19,0,0,115,50.33,50.33,0.0,770.707138,0.0
2019-03-19,0,0,116,0.0,0.0,0.0,0.0,0.0
2019-03-19,0,0,117,3.36,3.36,0.0,51.451937,0.0
2019-03-19,0,0,119,64.43,64.43,0.0,1154.640682,0.0
2019-03-19,0,0,120,37.89,37.89,0.0,679.021193,0.0
2019-03-19,0,0,123,0.0,0.0,0.0,0.0,0.0
2019-03-19,0,0,125,44.96,44.96,0.0,735.945817,0.0
2019-03-19,0,0,126,0.0,0.0,0.0,0.0,0.0
2019-03-19,0,0,127,0.0,0.0,0.0,0.0,0.0
2019-03-19,0,0,128,64.4,64.4,0.0,1054.157265,0.0
2019-03-19,0,0,131,7.61,7.61,0.0,111.059098,0.0
2019-03-19,0,0,132,11.19,11.19,0.0,163.305034,0.0
2019-03-19,0,0,133,34.7,34.7,0.0,651.71563,0.0
2019-03-19,0,0,134,0.0,0.0,0.0,0.0,0.0
2019-03-19,0,0,135,46.5,46.5,0.0,873.336507,0.0
2019-03-19,0,0,136,6.8,6.8,0.0,127.511637,0.0
2019-03-19,0,0,139,43.39,43.39,0.0,737.563756,0.0
2019-03-19,0,0,140,155.69,155.69,0.0,1499.852143,0.0
2019-03-19,0,0,141,76.05,76.05,0.0,999.459211,0.0
2019-03-19,0,0,142,0.0,0.0,0.0,0.0,0.0
2019-03-19,0,0,143,42.0,42.0,0.0,687.027489,0.0
2019-03-19,0,0,145,5.56,5.56,0.0,92.876377,0.0
2019-03-19,0,0,146,268.0,268.0,0.0,2581.799566,0.0
2019-03-19,0,0,152,0.0,0.0,0.0,0.0,0.0
2019-03-19,0,0,153,0.0,0.0,0.0,0.0,0.0
2019-03-19,0,0,154,0.0,0.0,0.0,0.0,0.0
2019-03-19,0,0,157,163.03,163.03,0.0,2142.561934,0.0
2019-03-19,0,0,158,0.0,0.0,0.0,0.0,0.0
2019-03-19,0,0,159,0.0,0.0,0.0,0.0,0.0
2019-03-19,0,0,160,0.0,0.0,0.0,0.0,0.0
2019-03-19,0,0,161,0.0,0.0,0.0,0.0,0.0
2019-03-19,0,0,162,2.23,2.23,0.0,38.650276,0.0
2019-03-19,0,0,163,61.92,61.92,0.0,596.511303,0.0
2019-03-19,0,0,164,0.0,0.0,0.0,0.0,0.0
2019-03-19,0,0,167,0.0,0.0,0.0,0.0,0.0
2019-03-19,0,0,168,0.0,0.0,0.0,0.0,0.0
2019-03-19,0,0,169,0.0,0.0,0.0,0.0,0.0
2019-03-19,0,0,170,0.0,0.0,0.0,0.0,0.0
2019-03-19,0,0,172,0.0,0.0,0.0,0.0,0.0
2019-03-19,0,0,173,0.0,0.0,0.0,0.0,0.0
2019-03-19,0,0,188,0.0,0.0,0.0,0.0,0.0
2019-03-19,0,0,190,0.0,0.0,0.0,0.0,0.0
2019-03-19,0,0,191,0.0,0.0,0.0,0.0,0.0
2019-03-19,0,0,192,87.3,87.3,0.0,1564.490634,0.0
2019-03-19,0,0,194,64.42,64.42,0.0,1041.4362,0.0
2019-03-19,0,0,196,0.0,0.0,0.0,0.0,0.0
2019-03-19,0,0,198,0.0,0.0,0.0,0.0,0.0
2019-03-19,0,0,199,0.0,0.0,0.0,0.0,0.0
2019-03-19,0,0,200,0.0,0.0,0.0,0.0,0.0
2019-03-19,0,0,204,146.66,146.66,0.0,2525.782756,0.0
2019-03-19,0,0,205,169.2,169.2,0.0,2925.290681,0.0
2019-03-19,0,0,206,112.3,112.3,0.0,1835.677395,0.0
2019-03-19,0,0,210,0.0,0.0,0.0,0.0,0.0
2019-03-19,0,0,214,0.0,0.0,0.0,0.0,0.0
2019-03-19,0,0,217,0.0,0.0,0.0,0.0,0.0
2019-03-19,0,0,218,0.0,0.0,0.0,0.0,0.0
2019-03-19,0,0,219,0.0,0.0,0.0,0.0,0.0
2019-03-19,0,0,221,0.0,0.0,0.0,0.0,0.0
2019-03-19,0,0,225,0.0,0.0,0.0,0.0,0.0
2019-03-19,0,0,233,0.0,0.0,0.0,0.0,0.0
2019-03-19,0,0,236,5.92,5.92,0.0,109.047484,0.0
2019-03-19,0,0,237,18.86,18.86,0.0,340.560822,0.0
2019-03-19,0,0,238,0.0,0.0,0.0,0.0,0.0
2019-03-19,0,0,240,0.0,0.0,0.0,0.0,0.0
2019-03-19,0,0,245,28.85,28.85,0.0,544.517723,0.0
2019-03-19,0,0,247,6.87,6.87,0.0,129.665052,0.0
2019-03-19,0,0,248,1.89,1.89,0.0,34.128311,0.0
2019-03-19,0,0,249,54.04,54.04,0.0,1019.956247,0.0
2019-03-19,0,0,251,21.59,21.59,0.0,403.963344,0.0
2019-03-19,0,0,252,20.8,20.8,0.0,390.065126,0.0
2019-03-19,0,0,254,0.0,0.0,0.0,0.0,0.0
2019-03-19,0,0,255,0.0,0.0,0.0,0.0,0.0
2019-03-19,0,0,258,0.0,0.0,0.0,0.0,0.0
2019-03-19,0,0,260,0.0,0.0,0.0,0.0,0.0
2019-03-19,0,0,265,0.0,0.0,0.0,0.0,0.0
2019-03-19,0,0,266,28.1,28.1,0.0,477.6571,0.0
2019-03-19,0,0,267,34.53,34.53,0.0,586.957283,0.0
2019-03-19,0,0,270,193.39,193.39,0.0,1863.038127,0.0
2019-03-19,0,0,272,168.2,168.2,0.0,2575.659461,0.0
2019-03-19,0,0,273,0.0,0.0,0.0,0.0,0.0
2019-03-19,0,0,274,249.3,249.3,0.0,2401.651611,0.0
2019-03-19,0,0,275,347.03,347.03,0.0,3343.14143,0.0
2019-03-19,0,0,276,0.0,0.0,0.0,0.0,0.0
2019-03-19,0,0,277,0.0,0.0,0.0,0.0,0.0
2019-03-19,0,0,278,0.0,0.0,0.0,0.0,0.0
2019-03-19,0,0,279,80.49,80.49,0.0,1232.534026,0.0
2019-03-19,0,0,281,3.65,3.65,0.0,59.70596,0.0
2019-03-19,0,0,282,0.0,0.0,0.0,0.0,0.0
2019-03-19,1,0,9,0.0,0.0,0.0,0.0,0.0
2019-03-19,1,0,17,0.0,0.0,0.0,0.0,0.0
2019-03-19,1,0,19,236.99,236.99,0.0,4454.981672,0.0
2019-03-19,1,0,20,287.43,287.43,0.0,5403.162083,0.0
2019-03-19,1,0,21,0.0,0.0,0.0,0.0,0.0
2019-03-19,1,0,22,0.0,0.0,0.0,0.0,0.0
2019-03-19,1,0,23,30.62,30.62,0.0,427.608754,0.0
2019-03-19,1,0,24,54.17,54.17,0.0,756.484854,0.0
2019-03-19,1,0,29,0.0,0.0,0.0,0.0,0.0
2019-03-19,1,0,30,0.0,0.0,0.0,0.0,0.0
2019-03-19,1,0,31,15.99,15.99,0.0,222.892679,0.0
2019-03-19,1,0,32,0.0,0.0,0.0,0.0,0.0
2019-03-19,1,0,33,0.0,0.0,0.0,0.0,0.0
2019-03-19,1,0,34,0.0,0.0,0.0,0.0,0.0
2019-03-19,1,0,35,0.0,0.0,0.0,0.0,0.0
2019-03-19,1,0,36,0.0,0.0,0.0,0.0,0.0
2019-03-19,1,0,37,0.0,0.0,0.0,0.0,0.0
2019-03-19,1,0,38,0.0,0.0,0.0,0.0,0.0
2019-03-19,1,0,39,0.0,0.0,0.0,0.0,0.0
2019-03-19,1,0,40,0.0,0.0,0.0,0.0,0.0
2019-03-19,1,0,41,30.33,30.33,0.0,465.768823,0.0
2019-03-19,1,0,42,0.0,0.0,0.0,0.0,0.0
2019-03-19,1,0,43,0.0,0.0,0.0,0.0,0.0
2019-03-19,1,0,46,0.0,0.0,0.0,0.0,0.0
2019-03-19,1,0,52,17.02,17.02,0.0,237.250368,0.0
2019-03-19,1,0,53,27.82,27.82,0.0,387.797018,0.0
2019-03-19,1,0,55,118.82,118.82,0.0,1659.323063,0.0
2019-03-19,1,0,56,0.0,0.0,0.0,0.0,0.0
2019-03-19,1,0,57,0.0,0.0,0.0,0.0,0.0
2019-03-19,1,0,58,0.0,0.0,0.0,0.0,0.0
2019-03-19,1,0,59,0.0,0.0,0.0,0.0,0.0
2019-03-19,1,0,63,58.15,58.15,0.0,1434.545123,0.0
2019-03-19,1,0,64,68.42,68.42,0.0,1687.903307,0.0
2019-03-19,1,0,65,3.11,3.11,0.0,58.322238,0.0
2019-03-19,1,0,67,0.0,0.0,0.0,0.0,0.0
2019-03-19,1,0,68,2.9,2.9,0.0,20.503231,0.0
2019-03-19,1,0,69,0.0,0.0,0.0,0.0,0.0
2019-03-19,1,0,74,5.26,5.26,0.0,92.161966,0.0
2019-03-19,1,0,77,66.97,66.97,0.0,771.923552,0.0
2019-03-19,1,0,78,50.63,50.63,0.0,583.582044,0.0
2019-03-19,1,0,79,29.3,29.3,0.0,337.723758,0.0
2019-03-19,1,0,80,47.38,47.38,0.0,546.121217,0.0
2019-03-19,1,0,81,61.94,61.94,0.0,713.94572,0.0
2019-03-19,1,0,82,43.7,43.7,0.0,503.704035,0.0
2019-03-19,1,0,83,97.44,97.44,0.0,1123.133208,0.0
2019-03-19,1,0,84,0.0,0.0,0.0,0.0,0.0
2019-03-19,1,0,86,0.0,0.0,0.0,0.0,0.0
2019-03-19,1,0,87,0.0,0.0,0.0,0.0,0.0
2019-03-19,1,0,88,63.24,63.24,0.0,728.93005,0.0
2019-03-19,1,0,89,60.79,60.79,0.0,700.69035,0.0
2019-03-19,1,0,90,81.62,81.62,0.0,940.785432,0.0
2019-03-19,1,0,91,291.16,291.16,0.0,3356.028991,0.0
2019-03-19,1,0,92,104.71,104.71,0.0,1206.930195,0.0
2019-03-19,1,0,95,3.86,3.86,0.0,85.122382,0.0
2019-03-19,1,0,96,5.97,5.97,0.0,83.059678,0.0
2019-03-19,1,0,97,36.69,36.69,0.0,510.462243,0.0
2019-03-19,1,0,99,1.02,1.02,0.0,17.871712,0.0
2019-03-19,1,0,101,0.0,0.0,0.0,0.0,0.0
2019-03-19,1,0,102,6.86,6.86,0.0,48.500747,0.0
2019-03-19,1,0,103,5.97,5.97,0.0,42.208376,0.0
2019-03-19,1,0,104,1.11,1.11,0.0,7.847789,0.0
2019-03-19,1,0,106,0.0,0.0,0.0,0.0,0.0
2019-03-19,1,0,109,31.4,31.4,0.0,506.219636,0.0
2019-03-19,1,0,110,243.6,243.6,0.0,-3380.070199,0.0
2019-03-19,1,0,111,0.0,0.0,0.0,0.0,0.0
2019-03-19,1,0,113,29.49,29.49,0.0,355.020899,0.0
2019-03-19,1,0,115,29.49,29.49,0.0,355.020899,0.0
2019-03-19,1,0,116,0.0,0.0,0.0,-0.0,0.0
2019-03-19,1,0,117,2.02,2.02,0.0,24.318149,0.0
2019-03-19,1,0,119,68.42,68.42,0.0,1687.903307,0.0
2019-03-19,1,0,120,40.23,40.23,0.0,992.463462,0.0
2019-03-19,1,0,123,0.0,0.0,0.0,0.0,0.0
2019-03-19,1,0,125,49.02,49.02,0.0,684.565027,0.0
2019-03-19,1,0,126,0.0,0.0,0.0,0.0,0.0
2019-03-19,1,0,127,0.0,0.0,0.0,0.0,0.0
2019-03-19,1,0,128,70.21,70.21,0.0,980.483692,0.0
2019-03-19,1,0,131,8.1,8.1,0.0,68.421557,0.0
2019-03-19,1,0,132,11.91,11.91,0.0,100.605029,0.0
2019-03-19,1,0,133,29.14,29.14,0.0,547.902778,0.0
2019-03-19,1,0,134,0.0,0.0,0.0,0.0,0.0
2019-03-19,1,0,135,39.04,39.04,0.0,734.046824,0.0
2019-03-19,1,0,136,5.96,5.96,0.0,111.75392,0.0
2019-03-19,1,0,139,39.16,39.16,0.0,601.368517,0.0
2019-03-19,1,0,140,180.29,180.29,0.0,-2501.61271,0.0
2019-03-19,1,0,141,82.17,82.17,0.0,157.274641,0.0
2019-03-19,1,0,142,0.0,0.0,0.0,0.0,0.0
2019-03-19,1,0,143,45.51,45.51,0.0,634.386855,0.0
2019-03-19,1,0,145,5.54,5.54,0.0,81.718644,0.0
2019-03-19,1,0,146,268.0,268.0,0.0,-3718.632239,0.0
2019-03-19,1,0,152,0.0,0.0,0.0,0.0,0.0
2019-03-19,1,0,153,0.0,0.0,0.0,0.0,0.0
2019-03-19,1,0,154,0.0,0.0,0.0,0.0,0.0
2019-03-19,1,0,157,193.52,193.52,0.0,370.400251,0.0
2019-03-19,1,0,158,0.0,0.0,0.0,0.0,0.0
2019-03-19,1,0,159,0.0,0.0,0.0,0.0,0.0
2019-03-19,1,0,160,0.0,0.0,0.0,0.0,0.0
2019-03-19,1,0,161,0.0,0.0,0.0,0.0,0.0
2019-03-19,1,0,162,2.55,2.55,0.0,56.308521,0.0
2019-03-19,1,0,163,66.77,66.77,0.0,-926.466696,0.0
2019-03-19,1,0,164,0.0,0.0,0.0,0.0,0.0
2019-03-19,1,0,167,0.0,0.0,0.0,0.0,0.0
2019-03-19,1,0,168,0.0,0.0,0.0,0.0,0.0
2019-03-19,1,0,169,0.0,0.0,0.0,0.0,0.0
2019-03-19,1,0,170,0.0,0.0,0.0,0.0,0.0
2019-03-19,1,0,172,0.0,0.0,0.0,0.0,0.0
2019-03-19,1,0,173,0.0,0.0,0.0,0.0,0.0
2019-03-19,1,0,188,0.0,0.0,0.0,0.0,0.0
2019-03-19,1,0,190,0.0,0.0,0.0,0.0,0.0
2019-03-19,1,0,191,0.0,0.0,0.0,0.0,0.0
2019-03-19,1,0,192,89.5,89.5,0.0,2207.941333,0.0
2019-03-19,1,0,194,69.73,69.73,0.0,1140.406813,0.0
2019-03-19,1,0,196,0.0,0.0,0.0,0.0,0.0
2019-03-19,1,0,198,0.0,0.0,0.0,0.0,0.0
2019-03-19,1,0,199,0.0,0.0,0.0,0.0,0.0
2019-03-19,1,0,200,0.0,0.0,0.0,0.0,0.0
2019-03-19,1,0,204,144.07,144.07,0.0,2304.053968,0.0
2019-03-19,1,0,205,166.12,166.12,0.0,2678.127577,0.0
2019-03-19,1,0,206,107.82,107.82,0.0,1500.08283,0.0
2019-03-19,1,0,210,0.0,0.0,0.0,0.0,0.0
2019-03-19,1,0,214,0.0,0.0,0.0,0.0,0.0
2019-03-19,1,0,217,0.0,0.0,0.0,0.0,0.0
2019-03-19,1,0,218,0.0,0.0,0.0,0.0,0.0
2019-03-19,1,0,219,0.0,0.0,0.0,0.0,0.0
2019-03-19,1,0,221,0.0,0.0,0.0,0.0,0.0
2019-03-19,1,0,225,0.0,0.0,0.0,0.0,0.0
2019-03-19,1,0,233,0.0,0.0,0.0,0.0,0.0
2019-03-19,1,0,236,3.24,3.24,0.0,58.890775,0.0
2019-03-19,1,0,237,12.62,12.62,0.0,221.118633,0.0
2019-03-19,1,0,238,0.0,0.0,0.0,0.0,0.0
2019-03-19,1,0,240,0.0,0.0,0.0,0.0,0.0
2019-03-19,1,0,245,12.44,12.44,0.0,235.910391,0.0
2019-03-19,1,0,247,7.77,7.77,0.0,147.349175,0.0
2019-03-19,1,0,248,1.27,1.27,0.0,22.252034,0.0
2019-03-19,1,0,249,23.92,23.92,0.0,453.615478,0.0
2019-03-19,1,0,251,23.29,23.29,0.0,435.037667,0.0
2019-03-19,1,0,252,20.07,20.07,0.0,376.37534,0.0
2019-03-19,1,0,254,0.0,0.0,0.0,0.0,0.0
2019-03-19,1,0,255,0.0,0.0,0.0,0.0,0.0
2019-03-19,1,0,258,0.0,0.0,0.0,0.0,0.0
2019-03-19,1,0,260,0.0,0.0,0.0,0.0,0.0
2019-03-19,1,0,265,0.0,0.0,0.0,0.0,0.0
2019-03-19,1,0,266,25.36,25.36,0.0,389.446006,0.0
2019-03-19,1,0,267,31.16,31.16,0.0,478.514887,0.0
2019-03-19,1,0,270,208.53,208.53,0.0,-2893.456645,0.0
2019-03-19,1,0,272,98.36,98.36,0.0,1184.125319,0.0
2019-03-19,1,0,273,0.0,0.0,0.0,-0.0,0.0
2019-03-19,1,0,274,268.82,268.82,0.0,-3730.010144,0.0
2019-03-19,1,0,275,374.21,374.21,0.0,-5192.348396,0.0
2019-03-19,1,0,276,0.0,0.0,0.0,-0.0,0.0
2019-03-19,1,0,277,0.0,0.0,0.0,0.0,0.0
2019-03-19,1,0,278,0.0,0.0,0.0,0.0,0.0
2019-03-19,1,0,279,85.67,85.67,0.0,1013.759371,0.0
2019-03-19,1,0,281,6.6,6.6,0.0,92.00073,0.0
2019-03-19,1,0,282,0.0,0.0,0.0,0.0,0.0
2019-03-19,2,0,9,0.0,0.0,0.0,0.0,0.0
2019-03-19,2,0,17,0.0,0.0,0.0,0.0,0.0
2019-03-19,2,0,19,221.88,221.88,0.0,3307.065292,0.0
2019-03-19,2,0,20,269.09,269.09,0.0,4010.718403,0.0
2019-03-19,2,0,21,0.0,0.0,0.0,0.0,0.0
2019-03-19,2,0,22,0.0,0.0,0.0,0.0,0.0
2019-03-19,2,0,23,28.7,28.7,0.0,367.405838,0.0
2019-03-19,2,0,24,50.78,50.78,0.0,650.065102,0.0
2019-03-19,2,0,29,0.0,0.0,0.0,0.0,0.0
2019-03-19,2,0,30,0.0,0.0,0.0,0.0,0.0
2019-03-19,2,0,31,6.91,6.91,0.0,88.369935,0.0
2019-03-19,2,0,32,0.0,0.0,0.0,0.0,0.0
2019-03-19,2,0,33,0.0,0.0,0.0,0.0,0.0
2019-03-19,2,0,34,0.0,0.0,0.0,0.0,0.0
2019-03-19,2,0,35,0.0,0.0,0.0,0.0,0.0
2019-03-19,2,0,36,0.0,0.0,0.0,0.0,0.0
2019-03-19,2,0,37,0.0,0.0,0.0,0.0,0.0
2019-03-19,2,0,38,0.0,0.0,0.0,0.0,0.0
2019-03-19,2,0,39,0.0,0.0,0.0,0.0,0.0
2019-03-19,2,0,40,0.0,0.0,0.0,0.0,0.0
2019-03-19,2,0,41,27.29,27.29,0.0,367.832404,0.0
2019-03-19,2,0,42,0.0,0.0,0.0,0.0,0.0
2019-03-19,2,0,43,0.0,0.0,0.0,0.0,0.0
2019-03-19,2,0,46,0.0,0.0,0.0,0.0,0.0
2019-03-19,2,0,52,7.32,7.32,0.0,93.613303,0.0
2019-03-19,2,0,53,11.63,11.63,0.0,148.732611,0.0
2019-03-19,2,0,55,139.11,139.11,0.0,1780.830176,0.0
2019-03-19,2,0,56,0.0,0.0,0.0,0.0,0.0
2019-03-19,2,0,57,0.0,0.0,0.0,0.0,0.0
2019-03-19,2,0,58,0.0,0.0,0.0,0.0,0.0
2019-03-19,2,0,59,0.0,0.0,0.0,0.0,0.0
2019-03-19,2,0,63,56.92,56.92,0.0,1232.929582,0.0
2019-03-19,2,0,64,66.97,66.97,0.0,1450.620065,0.0
2019-03-19,2,0,65,3.6,3.6,0.0,53.60008,0.0
2019-03-19,2,0,67,0.0,0.0,0.0,0.0,0.0
2019-03-19,2,0,68,2.58,2.58,0.0,21.402043,0.0
2019-03-19,2,0,69,0.0,0.0,0.0,0.0,0.0
2019-03-19,2,0,74,4.5,4.5,0.0,64.995163,0.0
2019-03-19,2,0,77,64.01,64.01,0.0,740.161126,0.0
2019-03-19,2,0,78,48.4,48.4,0.0,559.659405,0.0
2019-03-19,2,0,79,28.01,28.01,0.0,323.885536,0.0
2019-03-19,2,0,80,45.29,45.29,0.0,523.697819,0.0
2019-03-19,2,0,81,59.21,59.21,0.0,684.657714,0.0
2019-03-19,2,0,82,41.77,41.77,0.0,482.995317,0.0
2019-03-19,2,0,83,93.14,93.14,0.0,1076.997458,0.0
2019-03-19,2,0,84,0.0,0.0,0.0,0.0,0.0
2019-03-19,2,0,86,0.0,0.0,0.0,0.0,0.0
2019-03-19,2,0,87,0.0,0.0,0.0,0.0,0.0
2019-03-19,2,0,88,58.94,58.94,0.0,681.535647,0.0
2019-03-19,2,0,89,56.66,56.66,0.0,655.171526,0.0
2019-03-19,2,0,90,76.07,76.07,0.0,879.613449,0.0
2019-03-19,2,0,91,271.37,271.37,0.0,3137.908526,0.0
2019-03-19,2,0,92,97.6,97.6,0.0,1128.569378,0.0
2019-03-19,2,0,95,2.81,2.81,0.0,55.454441,0.0
2019-03-19,2,0,96,5.22,5.22,0.0,66.686683,0.0
2019-03-19,2,0,97,32.13,32.13,0.0,410.46803,0.0
2019-03-19,2,0,99,0.87,0.87,0.0,12.565732,0.0
2019-03-19,2,0,101,0.0,0.0,0.0,0.0,0.0
2019-03-19,2,0,102,6.1,6.1,0.0,50.601728,0.0
2019-03-19,2,0,103,5.3,5.3,0.0,43.965436,0.0
2019-03-19,2,0,104,0.98,0.98,0.0,8.129458,0.0
2019-03-19,2,0,106,0.0,0.0,0.0,0.0,0.0
2019-03-19,2,0,109,27.68,27.68,0.0,385.096596,0.0
2019-03-19,2,0,110,215.83,215.83,0.0,-1563.498737,0.0
2019-03-19,2,0,111,0.0,0.0,0.0,0.0,0.0
2019-03-19,2,0,113,29.87,29.87,0.0,360.502419,0.0
2019-03-19,2,0,115,29.87,29.87,0.0,360.502419,0.0
2019-03-19,2,0,116,0.0,0.0,0.0,-0.0,0.0
2019-03-19,2,0,117,1.6,1.6,0.0,19.310474,0.0
2019-03-19,2,0,119,66.97,66.97,0.0,1450.620065,0.0
2019-03-19,2,0,120,39.38,39.38,0.0,853.000122,0.0
2019-03-19,2,0,123,0.0,0.0,0.0,0.0,0.0
2019-03-19,2,0,125,45.95,45.95,0.0,588.233388,0.0
2019-03-19,2,0,126,0.0,0.0,0.0,0.0,0.0
2019-03-19,2,0,127,0.0,0.0,0.0,0.0,0.0
2019-03-19,2,0,128,65.82,65.82,0.0,842.601123,0.0
2019-03-19,2,0,131,7.77,7.77,0.0,72.392924,0.0
2019-03-19,2,0,132,11.43,11.43,0.0,106.493066,0.0
2019-03-19,2,0,133,30.41,30.41,0.0,453.298732,0.0
2019-03-19,2,0,134,0.0,0.0,0.0,0.0,0.0
2019-03-19,2,0,135,40.75,40.75,0.0,607.429244,0.0
2019-03-19,2,0,136,6.87,6.87,0.0,102.280847,0.0
2019-03-19,2,0,139,35.24,35.24,0.0,474.987685,0.0
2019-03-19,2,0,140,159.74,159.74,0.0,-1157.175963,0.0
2019-03-19,2,0,141,75.2,75.2,0.0,336.15073,0.0
2019-03-19,2,0,142,0.0,0.0,0.0,0.0,0.0
2019-03-19,2,0,143,24.77,24.77,0.0,316.776164,0.0
2019-03-19,2,0,145,5.01,5.01,0.0,66.161666,0.0
2019-03-19,2,0,146,268.0,268.0,0.0,-1941.424554,0.0
2019-03-19,2,0,152,0.0,0.0,0.0,0.0,0.0
2019-03-19,2,0,153,0.0,0.0,0.0,0.0,0.0
2019-03-19,2,0,154,0.0,0.0,0.0,0.0,0.0
2019-03-19,2,0,157,177.7,177.7,0.0,794.334903,0.0
2019-03-19,2,0,158,0.0,0.0,0.0,0.0,0.0
2019-03-19,2,0,159,0.0,0.0,0.0,0.0,0.0
2019-03-19,2,0,160,0.0,0.0,0.0,0.0,0.0
2019-03-19,2,0,161,0.0,0.0,0.0,0.0,0.0
2019-03-19,2,0,162,2.9,2.9,0.0,57.292638,0.0
2019-03-19,2,0,163,61.69,61.69,0.0,-446.889853,0.0
2019-03-19,2,0,164,0.0,0.0,0.0,0.0,0.0
2019-03-19,2,0,167,0.0,0.0,0.0,0.0,0.0
2019-03-19,2,0,168,0.0,0.0,0.0,0.0,0.0
2019-03-19,2,0,169,0.0,0.0,0.0,0.0,0.0
2019-03-19,2,0,170,0.0,0.0,0.0,0.0,0.0
2019-03-19,2,0,172,0.0,0.0,0.0,0.0,0.0
2019-03-19,2,0,173,0.0,0.0,0.0,0.0,0.0
2019-03-19,2,0,188,0.0,0.0,0.0,0.0,0.0
2019-03-19,2,0,190,0.0,0.0,0.0,0.0,0.0
2019-03-19,2,0,191,0.0,0.0,0.0,0.0,0.0
2019-03-19,2,0,192,77.39,77.39,0.0,1676.325024,0.0
2019-03-19,2,0,194,66.96,66.96,0.0,1030.405341,0.0
2019-03-19,2,0,196,0.0,0.0,0.0,0.0,0.0
2019-03-19,2,0,198,0.0,0.0,0.0,0.0,0.0
2019-03-19,2,0,199,0.0,0.0,0.0,0.0,0.0
2019-03-19,2,0,200,0.0,0.0,0.0,0.0,0.0
2019-03-19,2,0,204,132.87,132.87,0.0,1841.465617,0.0
2019-03-19,2,0,205,135.91,135.91,0.0,1890.840981,0.0
2019-03-19,2,0,206,94.4,94.4,0.0,1205.981388,0.0
2019-03-19,2,0,210,0.0,0.0,0.0,0.0,0.0
2019-03-19,2,0,214,0.0,0.0,0.0,0.0,0.0
2019-03-19,2,0,217,0.0,0.0,0.0,0.0,0.0
2019-03-19,2,0,218,0.0,0.0,0.0,0.0,0.0
2019-03-19,2,0,219,0.0,0.0,0.0,0.0,0.0
2019-03-19,2,0,221,0.0,0.0,0.0,0.0,0.0
2019-03-19,2,0,225,0.0,0.0,0.0,0.0,0.0
2019-03-19,2,0,233,0.0,0.0,0.0,0.0,0.0
2019-03-19,2,0,236,4.03,4.03,0.0,59.192815,0.0
2019-03-19,2,0,237,10.79,10.79,0.0,155.843958,0.0
2019-03-19,2,0,238,0.0,0.0,0.0,0.0,0.0
2019-03-19,2,0,240,0.0,0.0,0.0,0.0,0.0
2019-03-19,2,0,245,12.24,12.24,0.0,183.146886,0.0
2019-03-19,2,0,247,9.77,9.77,0.0,146.188324,0.0
2019-03-19,2,0,248,1.08,1.08,0.0,15.598839,0.0
2019-03-19,2,0,249,23.54,23.54,0.0,352.228571,0.0
2019-03-19,2,0,251,26.6,26.6,0.0,395.35343,0.0
2019-03-19,2,0,252,23.24,23.24,0.0,346.018293,0.0
2019-03-19,2,0,254,0.0,0.0,0.0,0.0,0.0
2019-03-19,2,0,255,0.0,0.0,0.0,0.0,0.0
2019-03-19,2,0,258,0.0,0.0,0.0,0.0,0.0
2019-03-19,2,0,260,0.0,0.0,0.0,0.0,0.0
2019-03-19,2,0,265,0.0,0.0,0.0,0.0,0.0
2019-03-19,2,0,266,22.82,22.82,0.0,307.582831,0.0
2019-03-19,2,0,267,28.04,28.04,0.0,377.941393,0.0
2019-03-19,2,0,270,192.66,192.66,0.0,-1395.652442,0.0
2019-03-19,2,0,272,128.86,128.86,0.0,1555.21733,0.0
2019-03-19,2,0,273,0.0,0.0,0.0,-0.0,0.0
2019-03-19,2,0,274,248.36,248.36,0.0,-1799.150008,0.0
2019-03-19,2,0,275,345.73,345.73,0.0,-2504.510115,0.0
2019-03-19,2,0,276,0.0,0.0,0.0,-0.0,0.0
2019-03-19,2,0,277,0.0,0.0,0.0,0.0,0.0
2019-03-19,2,0,278,0.0,0.0,0.0,0.0,0.0
2019-03-19,2,0,279,75.79,75.79,0.0,899.342998,0.0
2019-03-19,2,0,281,3.1,3.1,0.0,39.644978,0.0
2019-03-19,2,0,282,0.0,0.0,0.0,0.0,0.0
2019-03-19,3,0,9,0.0,0.0,0.0,0.0,0.0
2019-03-19,3,0,17,0.0,0.0,0.0,0.0,0.0
2019-03-19,3,0,19,212.24,212.24,0.0,3985.343561,0.0
2019-03-19,3,0,20,257.41,257.41,0.0,4833.524717,0.0
2019-03-19,3,0,21,0.0,0.0,0.0,0.0,0.0
2019-03-19,3,0,22,0.0,0.0,0.0,0.0,0.0
2019-03-19,3,0,23,26.81,26.81,0.0,438.868337,0.0
2019-03-19,3,0,24,47.44,47.44,0.0,776.572693,0.0
2019-03-19,3,0,29,0.0,0.0,0.0,0.0,0.0
2019-03-19,3,0,30,0.0,0.0,0.0,0.0,0.0
2019-03-19,3,0,31,6.81,6.81,0.0,111.3966,0.0
2019-03-19,3,0,32,0.0,0.0,0.0,0.0,0.0
2019-03-19,3,0,33,0.0,0.0,0.0,0.0,0.0
2019-03-19,3,0,34,0.0,0.0,0.0,0.0,0.0
2019-03-19,3,0,35,0.0,0.0,0.0,0.0,0.0
2019-03-19,3,0,36,0.0,0.0,0.0,0.0,0.0
2019-03-19,3,0,37,0.0,0.0,0.0,0.0,0.0
2019-03-19,3,0,38,0.0,0.0,0.0,0.0,0.0
2019-03-19,3,0,39,0.0,0.0,0.0,0.0,0.0
2019-03-19,3,0,40,0.0,0.0,0.0,0.0,0.0
2019-03-19,3,0,41,24.58,24.58,0.0,418.495516,0.0
2019-03-19,3,0,42,0.0,0.0,0.0,0.0,0.0
2019-03-19,3,0,43,0.0,0.0,0.0,0.0,0.0
2019-03-19,3,0,46,0.0,0.0,0.0,0.0,0.0
2019-03-19,3,0,52,7.22,7.22,0.0,118.103297,0.0
2019-03-19,3,0,53,11.47,11.47,0.0,187.623936,0.0
2019-03-19,3,0,55,138.06,138.06,0.0,2259.983685,0.0
2019-03-19,3,0,56,0.0,0.0,0.0,0.0,0.0
2019-03-19,3,0,57,0.0,0.0,0.0,0.0,0.0
2019-03-19,3,0,58,0.0,0.0,0.0,0.0,0.0
2019-03-19,3,0,59,0.0,0.0,0.0,0.0,0.0
2019-03-19,3,0,63,55.87,55.87,0.0,1090.747921,0.0
2019-03-19,3,0,64,65.72,65.72,0.0,1283.049102,0.0
2019-03-19,3,0,65,4.21,4.21,0.0,78.950682,0.0
2019-03-19,3,0,67,0.0,0.0,0.0,0.0,0.0
2019-03-19,3,0,68,2.35,2.35,0.0,32.232177,0.0
2019-03-19,3,0,69,0.0,0.0,0.0,0.0,0.0
2019-03-19,3,0,74,3.95,3.95,0.0,71.46518,0.0
2019-03-19,3,0,77,61.76,61.76,0.0,941.629311,0.0
2019-03-19,3,0,78,46.69,46.69,0.0,711.863221,0.0
2019-03-19,3,0,79,27.02,27.02,0.0,411.962823,0.0
2019-03-19,3,0,80,43.69,43.69,0.0,666.123455,0.0
2019-03-19,3,0,81,57.13,57.13,0.0,871.037605,0.0
2019-03-19,3,0,82,40.3,40.3,0.0,614.43752,0.0
2019-03-19,3,0,83,89.86,89.86,0.0,1370.05845,0.0
2019-03-19,3,0,84,0.0,0.0,0.0,0.0,0.0
2019-03-19,3,0,86,0.0,0.0,0.0,0.0,0.0
2019-03-19,3,0,87,0.0,0.0,0.0,0.0,0.0
2019-03-19,3,0,88,55.4,55.4,0.0,844.661007,0.0
2019-03-19,3,0,89,53.26,53.26,0.0,812.033308,0.0
2019-03-19,3,0,90,71.51,71.51,0.0,1090.283549,0.0
2019-03-19,3,0,91,255.08,255.08,0.0,3889.099815,0.0
2019-03-19,3,0,92,91.74,91.74,0.0,1398.722036,0.0
2019-03-19,3,0,95,4.92,4.92,0.0,91.646947,0.0
2019-03-19,3,0,96,4.57,4.57,0.0,74.698877,0.0
2019-03-19,3,0,97,28.1,28.1,0.0,459.308194,0.0
2019-03-19,3,0,99,0.76,0.76,0.0,13.750262,0.0
2019-03-19,3,0,101,0.0,0.0,0.0,0.0,0.0
2019-03-19,3,0,102,5.56,5.56,0.0,76.25996,0.0
2019-03-19,3,0,103,4.83,4.83,0.0,66.247411,0.0
2019-03-19,3,0,104,0.9,0.9,0.0,12.344238,0.0
2019-03-19,3,0,106,0.0,0.0,0.0,0.0,0.0
2019-03-19,3,0,109,25.6,25.6,0.0,444.277398,0.0
2019-03-19,3,0,110,192.05,192.05,0.0,1270.281339,0.0
2019-03-19,3,0,111,0.0,0.0,0.0,0.0,0.0
2019-03-19,3,0,113,23.41,23.41,0.0,359.460787,0.0
2019-03-19,3,0,115,23.41,23.41,0.0,359.460787,0.0
2019-03-19,3,0,116,0.0,0.0,0.0,0.0,0.0
2019-03-19,3,0,117,1.2,1.2,0.0,18.426012,0.0
2019-03-19,3,0,119,65.72,65.72,0.0,1283.049102,0.0
2019-03-19,3,0,120,38.65,38.65,0.0,754.562505,0.0
2019-03-19,3,0,123,0.0,0.0,0.0,0.0,0.0
2019-03-19,3,0,125,42.93,42.93,0.0,702.745905,0.0
2019-03-19,3,0,126,0.0,0.0,0.0,0.0,0.0
2019-03-19,3,0,127,0.0,0.0,0.0,0.0,0.0
2019-03-19,3,0,128,61.48,61.48,0.0,1006.401542,0.0
2019-03-19,3,0,131,7.66,7.66,0.0,108.639436,0.0
2019-03-19,3,0,132,11.26,11.26,0.0,159.697135,0.0
2019-03-19,3,0,133,18.19,18.19,0.0,341.605141,0.0
2019-03-19,3,0,134,0.0,0.0,0.0,0.0,0.0
2019-03-19,3,0,135,24.34,24.34,0.0,457.101106,0.0
2019-03-19,3,0,136,7.93,7.93,0.0,148.701706,0.0
2019-03-19,3,0,139,31.74,31.74,0.0,540.400638,0.0
2019-03-19,3,0,140,142.14,142.14,0.0,940.16032,0.0
2019-03-19,3,0,141,70.22,70.22,0.0,840.370613,0.0
2019-03-19,3,0,142,0.0,0.0,0.0,0.0,0.0
2019-03-19,3,0,143,12.83,12.83,0.0,209.87054,0.0
2019-03-19,3,0,145,4.5,4.5,0.0,75.278651,0.0
2019-03-19,3,0,146,268.0,268.0,0.0,1772.639411,0.0
2019-03-19,3,0,152,0.0,0.0,0.0,0.0,0.0
2019-03-19,3,0,153,0.0,0.0,0.0,0.0,0.0
2019-03-19,3,0,154,0.0,0.0,0.0,0.0,0.0
2019-03-19,3,0,157,169.02,169.02,0.0,2022.777569,0.0
2019-03-19,3,0,158,0.0,0.0,0.0,0.0,0.0
2019-03-19,3,0,159,0.0,0.0,0.0,0.0,0.0
2019-03-19,3,0,160,0.0,0.0,0.0,0.0,0.0
2019-03-19,3,0,161,0.0,0.0,0.0,0.0,0.0
2019-03-19,3,0,162,3.51,3.51,0.0,65.417855,0.0
2019-03-19,3,0,163,59.31,59.31,0.0,392.295685,0.0
2019-03-19,3,0,164,0.0,0.0,0.0,0.0,0.0
2019-03-19,3,0,167,0.0,0.0,0.0,0.0,0.0
2019-03-19,3,0,168,0.0,0.0,0.0,0.0,0.0
2019-03-19,3,0,169,0.0,0.0,0.0,0.0,0.0
2019-03-19,3,0,170,0.0,0.0,0.0,0.0,0.0
2019-03-19,3,0,172,0.0,0.0,0.0,0.0,0.0
2019-03-19,3,0,173,0.0,0.0,0.0,0.0,0.0
2019-03-19,3,0,188,0.0,0.0,0.0,0.0,0.0
2019-03-19,3,0,190,0.0,0.0,0.0,0.0,0.0
2019-03-19,3,0,191,0.0,0.0,0.0,0.0,0.0
2019-03-19,3,0,192,67.03,67.03,0.0,1308.624183,0.0
2019-03-19,3,0,194,64.52,64.52,0.0,1081.188059,0.0
2019-03-19,3,0,196,0.0,0.0,0.0,0.0,0.0
2019-03-19,3,0,198,0.0,0.0,0.0,0.0,0.0
2019-03-19,3,0,199,0.0,0.0,0.0,0.0,0.0
2019-03-19,3,0,200,0.0,0.0,0.0,0.0,0.0
2019-03-19,3,0,204,122.74,122.74,0.0,2122.02878,0.0
2019-03-19,3,0,205,135.4,135.4,0.0,2349.810926,0.0
2019-03-19,3,0,206,82.58,82.58,0.0,1349.810345,0.0
2019-03-19,3,0,210,0.0,0.0,0.0,0.0,0.0
2019-03-19,3,0,214,0.0,0.0,0.0,0.0,0.0
2019-03-19,3,0,217,0.0,0.0,0.0,0.0,0.0
2019-03-19,3,0,218,0.0,0.0,0.0,0.0,0.0
2019-03-19,3,0,219,0.0,0.0,0.0,0.0,0.0
2019-03-19,3,0,221,0.0,0.0,0.0,0.0,0.0
2019-03-19,3,0,225,0.0,0.0,0.0,0.0,0.0
2019-03-19,3,0,233,0.0,0.0,0.0,0.0,0.0
2019-03-19,3,0,236,5.07,5.07,0.0,93.488926,0.0
2019-03-19,3,0,237,9.48,9.48,0.0,171.516432,0.0
2019-03-19,3,0,238,0.0,0.0,0.0,0.0,0.0
2019-03-19,3,0,240,0.0,0.0,0.0,0.0,0.0
2019-03-19,3,0,245,12.77,12.77,0.0,240.934976,0.0
2019-03-19,3,0,247,12.64,12.64,0.0,238.482231,0.0
2019-03-19,3,0,248,0.95,0.95,0.0,17.187828,0.0
2019-03-19,3,0,249,24.57,24.57,0.0,463.568704,0.0
2019-03-19,3,0,251,30.03,30.03,0.0,561.953416,0.0
2019-03-19,3,0,252,27.13,27.13,0.0,508.772446,0.0
2019-03-19,3,0,254,0.0,0.0,0.0,0.0,0.0
2019-03-19,3,0,255,0.0,0.0,0.0,0.0,0.0
2019-03-19,3,0,258,0.0,0.0,0.0,0.0,0.0
2019-03-19,3,0,260,0.0,0.0,0.0,0.0,0.0
2019-03-19,3,0,265,0.0,0.0,0.0,0.0,0.0
2019-03-19,3,0,266,20.55,20.55,0.0,349.881321,0.0
2019-03-19,3,0,267,25.26,25.26,0.0,430.073098,0.0
2019-03-19,3,0,270,185.21,185.21,0.0,1225.039348,0.0
2019-03-19,3,0,272,95.64,95.64,0.0,1468.553167,0.0
2019-03-19,3,0,273,0.0,0.0,0.0,0.0,0.0
2019-03-19,3,0,274,238.76,238.76,0.0,1579.236514,0.0
2019-03-19,3,0,275,332.36,332.36,0.0,2198.337442,0.0
2019-03-19,3,0,276,0.0,0.0,0.0,0.0,0.0
2019-03-19,3,0,277,0.0,0.0,0.0,0.0,0.0
2019-03-19,3,0,278,0.0,0.0,0.0,0.0,0.0
2019-03-19,3,0,279,67.98,67.98,0.0,1040.878637,0.0
2019-03-19,3,0,281,3.06,3.06,0.0,50.05486,0.0
2019-03-19,3,0,282,0.0,0.0,0.0,0.0,0.0
2019-03-19,4,0,9,0.0,0.0,0.0,0.0,0.0
2019-03-19,4,0,17,0.0,0.0,0.0,0.0,0.0
2019-03-19,4,0,19,208.21,208.21,0.0,4126.885159,0.0
2019-03-19,4,0,20,252.52,252.52,0.0,5005.144039,0.0
2019-03-19,4,0,21,0.0,0.0,0.0,0.0,0.0
2019-03-19,4,0,22,0.0,0.0,0.0,0.0,0.0
2019-03-19,4,0,23,22.76,22.76,0.0,372.674503,0.0
2019-03-19,4,0,24,37.61,37.61,0.0,615.82988,0.0
2019-03-19,4,0,29,0.0,0.0,0.0,0.0,0.0
2019-03-19,4,0,30,0.0,0.0,0.0,0.0,0.0
2019-03-19,4,0,31,6.9,6.9,0.0,112.868802,0.0
2019-03-19,4,0,32,0.0,0.0,0.0,0.0,0.0
2019-03-19,4,0,33,0.0,0.0,0.0,0.0,0.0
2019-03-19,4,0,34,0.0,0.0,0.0,0.0,0.0
2019-03-19,4,0,35,0.0,0.0,0.0,0.0,0.0
2019-03-19,4,0,36,0.0,0.0,0.0,0.0,0.0
2019-03-19,4,0,37,0.0,0.0,0.0,0.0,0.0
2019-03-19,4,0,38,0.0,0.0,0.0,0.0,0.0
2019-03-19,4,0,39,0.0,0.0,0.0,0.0,0.0
2019-03-19,4,0,40,0.0,0.0,0.0,0.0,0.0
2019-03-19,4,0,41,22.17,22.17,0.0,383.347177,0.0
2019-03-19,4,0,42,0.0,0.0,0.0,0.0,0.0
2019-03-19,4,0,43,0.0,0.0,0.0,0.0,0.0
2019-03-19,4,0,46,0.0,0.0,0.0,0.0,0.0
2019-03-19,4,0,52,7.31,7.31,0.0,119.575499,0.0
2019-03-19,4,0,53,11.62,11.62,0.0,190.077605,0.0
2019-03-19,4,0,55,139.37,139.37,0.0,2282.058238,0.0
2019-03-19,4,0,56,0.0,0.0,0.0,0.0,0.0
2019-03-19,4,0,57,0.0,0.0,0.0,0.0,0.0
2019-03-19,4,0,58,0.0,0.0,0.0,0.0,0.0
2019-03-19,4,0,59,0.0,0.0,0.0,0.0,0.0
2019-03-19,4,0,63,55.71,55.71,0.0,1276.005743,0.0
2019-03-19,4,0,64,65.54,65.54,0.0,1501.156281,0.0
2019-03-19,4,0,65,4.86,4.86,0.0,96.153558,0.0
2019-03-19,4,0,67,0.0,0.0,0.0,0.0,0.0
2019-03-19,4,0,68,2.19,2.19,0.0,29.331295,0.0
2019-03-19,4,0,69,0.0,0.0,0.0,0.0,0.0
2019-03-19,4,0,74,3.73,3.73,0.0,70.164519,0.0
2019-03-19,4,0,77,60.46,60.46,0.0,896.125792,0.0
2019-03-19,4,0,78,45.7,45.7,0.0,677.356082,0.0
2019-03-19,4,0,79,26.45,26.45,0.0,392.036507,0.0
2019-03-19,4,0,80,42.77,42.77,0.0,633.928219,0.0
2019-03-19,4,0,81,55.92,55.92,0.0,828.834838,0.0
2019-03-19,4,0,82,39.45,39.45,0.0,584.719856,0.0
2019-03-19,4,0,83,87.96,87.96,0.0,1303.725185,0.0
2019-03-19,4,0,84,0.0,0.0,0.0,0.0,0.0
2019-03-19,4,0,86,0.0,0.0,0.0,0.0,0.0
2019-03-19,4,0,87,0.0,0.0,0.0,0.0,0.0
2019-03-19,4,0,88,52.1,52.1,0.0,772.215577,0.0
2019-03-19,4,0,89,50.08,50.08,0.0,742.275548,0.0
2019-03-19,4,0,90,67.25,67.25,0.0,996.765787,0.0
2019-03-19,4,0,91,239.88,239.88,0.0,3555.452448,0.0
2019-03-19,4,0,92,86.27,86.27,0.0,1278.676349,0.0
2019-03-19,4,0,95,19.24,19.24,0.0,420.85974,0.0
2019-03-19,4,0,96,3.99,3.99,0.0,65.199633,0.0
2019-03-19,4,0,97,24.51,24.51,0.0,400.512029,0.0
2019-03-19,4,0,99,0.72,0.72,0.0,13.543821,0.0
2019-03-19,4,0,101,0.0,0.0,0.0,0.0,0.0
2019-03-19,4,0,102,5.2,5.2,0.0,69.645085,0.0
2019-03-19,4,0,103,4.52,4.52,0.0,60.537651,0.0
2019-03-19,4,0,104,0.84,0.84,0.0,11.25036,0.0
2019-03-19,4,0,106,0.0,0.0,0.0,0.0,0.0
2019-03-19,4,0,109,23.49,23.49,0.0,416.487274,0.0
2019-03-19,4,0,110,174.36,174.36,0.0,1208.541473,0.0
2019-03-19,4,0,111,0.0,0.0,0.0,0.0,0.0
2019-03-19,4,0,113,12.47,12.47,0.0,184.600431,0.0
2019-03-19,4,0,115,12.47,12.47,0.0,184.600431,0.0
2019-03-19,4,0,116,0.0,0.0,0.0,0.0,0.0
2019-03-19,4,0,117,0.83,0.83,0.0,12.286957,0.0
2019-03-19,4,0,119,65.54,65.54,0.0,1501.156281,0.0
2019-03-19,4,0,120,38.54,38.54,0.0,882.736696,0.0
2019-03-19,4,0,123,0.0,0.0,0.0,0.0,0.0
2019-03-19,4,0,125,34.51,34.51,0.0,565.070171,0.0
2019-03-19,4,0,126,0.0,0.0,0.0,0.0,0.0
2019-03-19,4,0,127,0.0,0.0,0.0,0.0,0.0
2019-03-19,4,0,128,46.87,46.87,0.0,767.45404,0.0
2019-03-19,4,0,131,7.7,7.7,0.0,106.399495,0.0
2019-03-19,4,0,132,11.32,11.32,0.0,156.421076,0.0
2019-03-19,4,0,133,27.69,27.69,0.0,548.93165,0.0
2019-03-19,4,0,134,0.0,0.0,0.0,0.0,0.0
2019-03-19,4,0,135,38.2,38.2,0.0,757.283822,0.0
2019-03-19,4,0,136,9.05,9.05,0.0,179.033444,0.0
2019-03-19,4,0,139,28.63,28.63,0.0,495.048699,0.0
2019-03-19,4,0,140,129.05,129.05,0.0,894.484268,0.0
2019-03-19,4,0,141,66.93,66.93,0.0,789.946127,0.0
2019-03-19,4,0,142,0.0,0.0,0.0,0.0,0.0
2019-03-19,4,0,143,12.67,12.67,0.0,207.253292,0.0
2019-03-19,4,0,145,4.06,4.06,0.0,68.486357,0.0
2019-03-19,4,0,146,268.0,268.0,0.0,1857.588407,0.0
2019-03-19,4,0,152,0.0,0.0,0.0,0.0,0.0
2019-03-19,4,0,153,0.0,0.0,0.0,0.0,0.0
2019-03-19,4,0,154,0.0,0.0,0.0,0.0,0.0
2019-03-19,4,0,157,166.07,166.07,0.0,1960.053089,0.0
2019-03-19,4,0,158,0.0,0.0,0.0,0.0,0.0
2019-03-19,4,0,159,0.0,0.0,0.0,0.0,0.0
2019-03-19,4,0,160,0.0,0.0,0.0,0.0,0.0
2019-03-19,4,0,161,0.0,0.0,0.0,0.0,0.0
2019-03-19,4,0,162,4.38,4.38,0.0,95.863794,0.0
2019-03-19,4,0,163,58.61,58.61,0.0,406.243495,0.0
2019-03-19,4,0,164,0.0,0.0,0.0,0.0,0.0
2019-03-19,4,0,167,0.0,0.0,0.0,0.0,0.0
2019-03-19,4,0,168,0.0,0.0,0.0,0.0,0.0
2019-03-19,4,0,169,0.0,0.0,0.0,0.0,0.0
2019-03-19,4,0,170,0.0,0.0,0.0,0.0,0.0
2019-03-19,4,0,172,0.0,0.0,0.0,0.0,0.0
2019-03-19,4,0,173,0.0,0.0,0.0,0.0,0.0
2019-03-19,4,0,188,0.0,0.0,0.0,0.0,0.0
2019-03-19,4,0,190,0.0,0.0,0.0,0.0,0.0
2019-03-19,4,0,191,0.0,0.0,0.0,0.0,0.0
2019-03-19,4,0,192,58.55,58.55,0.0,1341.054322,0.0
2019-03-19,4,0,194,62.24,62.24,0.0,994.010905,0.0
2019-03-19,4,0,196,0.0,0.0,0.0,0.0,0.0
2019-03-19,4,0,198,0.0,0.0,0.0,0.0,0.0
2019-03-19,4,0,199,0.97,0.97,0.0,15.336965,0.0
2019-03-19,4,0,200,0.0,0.0,0.0,0.0,0.0
2019-03-19,4,0,204,115.36,115.36,0.0,2034.416545,0.0
2019-03-19,4,0,205,124.27,124.27,0.0,2203.357748,0.0
2019-03-19,4,0,206,72.02,72.02,0.0,1176.861541,0.0
2019-03-19,4,0,210,0.0,0.0,0.0,0.0,0.0
2019-03-19,4,0,214,0.0,0.0,0.0,0.0,0.0
2019-03-19,4,0,217,0.0,0.0,0.0,0.0,0.0
2019-03-19,4,0,218,0.0,0.0,0.0,0.0,0.0
2019-03-19,4,0,219,0.0,0.0,0.0,0.0,0.0
2019-03-19,4,0,221,0.0,0.0,0.0,0.0,0.0
2019-03-19,4,0,225,0.0,0.0,0.0,0.0,0.0
2019-03-19,4,0,233,0.0,0.0,0.0,0.0,0.0
2019-03-19,4,0,236,6.45,6.45,0.0,124.616173,0.0
2019-03-19,4,0,237,8.95,8.95,0.0,168.357223,0.0
2019-03-19,4,0,238,0.0,0.0,0.0,0.0,0.0
2019-03-19,4,0,240,0.0,0.0,0.0,0.0,0.0
2019-03-19,4,0,245,14.1,14.1,0.0,281.34481,0.0
2019-03-19,4,0,247,16.83,16.83,0.0,335.817954,0.0
2019-03-19,4,0,248,0.9,0.9,0.0,16.929777,0.0
2019-03-19,4,0,249,27.11,27.11,0.0,540.940269,0.0
2019-03-19,4,0,251,34.23,34.23,0.0,675.200877,0.0
2019-03-19,4,0,252,31.37,31.37,0.0,620.645498,0.0
2019-03-19,4,0,254,0.0,0.0,0.0,0.0,0.0
2019-03-19,4,0,255,0.0,0.0,0.0,0.0,0.0
2019-03-19,4,0,258,0.0,0.0,0.0,0.0,0.0
2019-03-19,4,0,260,0.0,0.0,0.0,0.0,0.0
2019-03-19,4,0,265,0.0,0.0,0.0,0.0,0.0
2019-03-19,4,0,266,18.54,18.54,0.0,320.579912,0.0
2019-03-19,4,0,267,22.78,22.78,0.0,393.894844,0.0
2019-03-19,4,0,270,183.05,183.05,0.0,1268.77447,0.0
2019-03-19,4,0,272,41.67,41.67,0.0,616.864472,0.0
2019-03-19,4,0,273,0.0,0.0,0.0,0.0,0.0
2019-03-19,4,0,274,235.97,235.97,0.0,1635.578867,0.0
2019-03-19,4,0,275,328.48,328.48,0.0,2276.793433,0.0
2019-03-19,4,0,276,0.0,0.0,0.0,0.0,0.0
2019-03-19,4,0,277,0.0,0.0,0.0,0.0,0.0
2019-03-19,4,0,278,0.0,0.0,0.0,0.0,0.0
2019-03-19,4,0,279,61.73,61.73,0.0,914.275189,0.0
2019-03-19,4,0,281,3.1,3.1,0.0,50.709172,0.0
2019-03-19,4,0,282,0.0,0.0,0.0,0.0,0.0
2019-03-19,5,0,9,0.0,0.0,0.0,0.0,0.0
2019-03-19,5,0,17,0.0,0.0,0.0,0.0,0.0
2019-03-19,5,0,19,249.63,249.63,0.0,3695.190988,0.0
2019-03-19,5,0,20,302.76,302.76,0.0,4481.656946,0.0
2019-03-19,5,0,21,0.0,0.0,0.0,0.0,0.0
2019-03-19,5,0,22,0.0,0.0,0.0,0.0,0.0
2019-03-19,5,0,23,22.7,22.7,0.0,305.551315,0.0
2019-03-19,5,0,24,40.16,40.16,0.0,540.570081,0.0
2019-03-19,5,0,29,0.0,0.0,0.0,0.0,0.0
2019-03-19,5,0,30,0.0,0.0,0.0,0.0,0.0
2019-03-19,5,0,31,5.56,5.56,0.0,74.814985,0.0
2019-03-19,5,0,32,0.0,0.0,0.0,0.0,0.0
2019-03-19,5,0,33,0.0,0.0,0.0,0.0,0.0
2019-03-19,5,0,34,0.0,0.0,0.0,0.0,0.0
2019-03-19,5,0,35,0.0,0.0,0.0,0.0,0.0
2019-03-19,5,0,36,0.0,0.0,0.0,0.0,0.0
2019-03-19,5,0,37,0.0,0.0,0.0,0.0,0.0
2019-03-19,5,0,38,0.0,0.0,0.0,0.0,0.0
2019-03-19,5,0,39,0.0,0.0,0.0,0.0,0.0
2019-03-19,5,0,40,0.0,0.0,0.0,0.0,0.0
2019-03-19,5,0,41,24.23,24.23,0.0,332.994222,0.0
2019-03-19,5,0,42,0.0,0.0,0.0,0.0,0.0
2019-03-19,5,0,43,0.0,0.0,0.0,0.0,0.0
2019-03-19,5,0,46,0.0,0.0,0.0,0.0,0.0
2019-03-19,5,0,52,5.9,5.9,0.0,79.390002,0.0
2019-03-19,5,0,53,9.37,9.37,0.0,126.082088,0.0
2019-03-19,5,0,55,83.45,83.45,0.0,1123.271246,0.0
2019-03-19,5,0,56,0.0,0.0,0.0,0.0,0.0
2019-03-19,5,0,57,0.0,0.0,0.0,0.0,0.0
2019-03-19,5,0,58,0.0,0.0,0.0,0.0,0.0
2019-03-19,5,0,59,0.0,0.0,0.0,0.0,0.0
2019-03-19,5,0,63,53.48,53.48,0.0,1087.250489,0.0
2019-03-19,5,0,64,62.92,62.92,0.0,1279.166058,0.0
2019-03-19,5,0,65,4.83,4.83,0.0,71.410018,0.0
2019-03-19,5,0,67,0.0,0.0,0.0,0.0,0.0
2019-03-19,5,0,68,2.17,2.17,0.0,24.154559,0.0
2019-03-19,5,0,69,0.0,0.0,0.0,0.0,0.0
2019-03-19,5,0,74,4.56,4.56,0.0,65.25845,0.0
2019-03-19,5,0,77,56.65,56.65,0.0,738.756981,0.0
2019-03-19,5,0,78,42.83,42.83,0.0,558.534183,0.0
2019-03-19,5,0,79,24.79,24.79,0.0,323.279533,0.0
2019-03-19,5,0,80,40.08,40.08,0.0,522.672194,0.0
2019-03-19,5,0,81,52.41,52.41,0.0,683.464314,0.0
2019-03-19,5,0,82,36.97,36.97,0.0,482.115544,0.0
2019-03-19,5,0,83,82.43,82.43,0.0,1074.94683,0.0
2019-03-19,5,0,84,0.0,0.0,0.0,0.0,0.0
2019-03-19,5,0,86,0.0,0.0,0.0,0.0,0.0
2019-03-19,5,0,87,0.0,0.0,0.0,0.0,0.0
2019-03-19,5,0,88,49.5,49.5,0.0,645.515809,0.0
2019-03-19,5,0,89,47.58,47.58,0.0,620.47762,0.0
2019-03-19,5,0,90,63.89,63.89,0.0,833.171818,0.0
2019-03-19,5,0,91,227.91,227.91,0.0,2972.111271,0.0
2019-03-19,5,0,92,81.96,81.96,0.0,1068.81769,0.0
2019-03-19,5,0,95,6.3,6.3,0.0,121.594648,0.0
2019-03-19,5,0,96,4.03,4.03,0.0,54.208548,0.0
2019-03-19,5,0,97,24.8,24.8,0.0,333.591067,0.0
2019-03-19,5,0,99,0.88,0.88,0.0,12.593736,0.0
2019-03-19,5,0,101,0.0,0.0,0.0,0.0,0.0
2019-03-19,5,0,102,5.13,5.13,0.0,57.102714,0.0
2019-03-19,5,0,103,4.46,4.46,0.0,49.644855,0.0
2019-03-19,5,0,104,0.83,0.83,0.0,9.238841,0.0
2019-03-19,5,0,106,0.0,0.0,0.0,0.0,0.0
2019-03-19,5,0,109,21.78,21.78,0.0,300.755865,0.0
2019-03-19,5,0,110,167.01,167.01,0.0,325.81981,0.0
2019-03-19,5,0,111,0.0,0.0,0.0,0.0,0.0
2019-03-19,5,0,113,27.74,27.74,0.0,371.947782,0.0
2019-03-19,5,0,115,27.74,27.74,0.0,371.947782,0.0
2019-03-19,5,0,116,0.0,0.0,0.0,0.0,0.0
2019-03-19,5,0,117,1.34,1.34,0.0,17.967196,0.0
2019-03-19,5,0,119,62.92,62.92,0.0,1279.166058,0.0
2019-03-19,5,0,120,37.0,37.0,0.0,752.211446,0.0
2019-03-19,5,0,123,0.0,0.0,0.0,0.0,0.0
2019-03-19,5,0,125,36.34,36.34,0.0,489.151313,0.0
2019-03-19,5,0,126,0.0,0.0,0.0,0.0,0.0
2019-03-19,5,0,127,0.0,0.0,0.0,0.0,0.0
2019-03-19,5,0,128,52.05,52.05,0.0,700.61436,0.0
2019-03-19,5,0,131,7.54,7.54,0.0,88.479411,0.0
2019-03-19,5,0,132,11.08,11.08,0.0,130.020143,0.0
2019-03-19,5,0,133,13.34,13.34,0.0,197.490253,0.0
2019-03-19,5,0,134,0.0,0.0,0.0,0.0,0.0
2019-03-19,5,0,135,19.0,19.0,0.0,281.282968,0.0
2019-03-19,5,0,136,9.09,9.09,0.0,134.383789,0.0
2019-03-19,5,0,139,31.29,31.29,0.0,430.02019,0.0
2019-03-19,5,0,140,123.6,123.6,0.0,241.131241,0.0
2019-03-19,5,0,141,62.95,62.95,0.0,558.447224,0.0
2019-03-19,5,0,142,0.0,0.0,0.0,0.0,0.0
2019-03-19,5,0,143,18.41,18.41,0.0,247.723718,0.0
2019-03-19,5,0,145,3.46,3.46,0.0,47.013921,0.0
2019-03-19,5,0,146,268.0,268.0,0.0,522.841202,0.0
2019-03-19,5,0,152,0.0,0.0,0.0,0.0,0.0
2019-03-19,5,0,153,0.0,0.0,0.0,0.0,0.0
2019-03-19,5,0,154,0.0,0.0,0.0,0.0,0.0
2019-03-19,5,0,157,149.17,149.17,0.0,1323.329188,0.0
2019-03-19,5,0,158,0.0,0.0,0.0,0.0,0.0
2019-03-19,5,0,159,0.0,0.0,0.0,0.0,0.0
2019-03-19,5,0,160,0.0,0.0,0.0,0.0,0.0
2019-03-19,5,0,161,0.0,0.0,0.0,0.0,0.0
2019-03-19,5,0,162,2.71,2.71,0.0,52.333006,0.0
2019-03-19,5,0,163,57.45,57.45,0.0,112.079205,0.0
2019-03-19,5,0,164,0.0,0.0,0.0,0.0,0.0
2019-03-19,5,0,167,0.0,0.0,0.0,0.0,0.0
2019-03-19,5,0,168,0.0,0.0,0.0,0.0,0.0
2019-03-19,5,0,169,0.0,0.0,0.0,0.0,0.0
2019-03-19,5,0,170,0.0,0.0,0.0,0.0,0.0
2019-03-19,5,0,172,0.0,0.0,0.0,0.0,0.0
2019-03-19,5,0,173,0.0,0.0,0.0,0.0,0.0
2019-03-19,5,0,188,0.0,0.0,0.0,0.0,0.0
2019-03-19,5,0,190,0.0,0.0,0.0,0.0,0.0
2019-03-19,5,0,191,0.0,0.0,0.0,0.0,0.0
2019-03-19,5,0,192,51.93,51.93,0.0,1055.738929,0.0
2019-03-19,5,0,194,55.1,55.1,0.0,850.385758,0.0
2019-03-19,5,0,196,0.0,0.0,0.0,0.0,0.0
2019-03-19,5,0,198,0.0,0.0,0.0,0.0,0.0
2019-03-19,5,0,199,0.0,0.0,0.0,0.0,0.0
2019-03-19,5,0,200,0.0,0.0,0.0,0.0,0.0
2019-03-19,5,0,204,99.86,99.86,0.0,1374.954337,0.0
2019-03-19,5,0,205,115.22,115.22,0.0,1591.050998,0.0
2019-03-19,5,0,206,72.88,72.88,0.0,980.327297,0.0
2019-03-19,5,0,210,0.0,0.0,0.0,0.0,0.0
2019-03-19,5,0,214,0.0,0.0,0.0,0.0,0.0
2019-03-19,5,0,217,0.0,0.0,0.0,0.0,0.0
2019-03-19,5,0,218,0.0,0.0,0.0,0.0,0.0
2019-03-19,5,0,219,0.0,0.0,0.0,0.0,0.0
2019-03-19,5,0,221,0.0,0.0,0.0,0.0,0.0
2019-03-19,5,0,225,0.0,0.0,0.0,0.0,0.0
2019-03-19,5,0,233,0.0,0.0,0.0,0.0,0.0
2019-03-19,5,0,236,7.16,7.16,0.0,104.188716,0.0
2019-03-19,5,0,237,10.94,10.94,0.0,156.563035,0.0
2019-03-19,5,0,238,0.0,0.0,0.0,0.0,0.0
2019-03-19,5,0,240,0.0,0.0,0.0,0.0,0.0
2019-03-19,5,0,245,17.75,17.75,0.0,263.921613,0.0
2019-03-19,5,0,247,17.78,17.78,0.0,264.367678,0.0
2019-03-19,5,0,248,1.1,1.1,0.0,15.74217,0.0
2019-03-19,5,0,249,34.14,34.14,0.0,507.621627,0.0
2019-03-19,5,0,251,30.44,30.44,0.0,449.146692,0.0
2019-03-19,5,0,252,31.16,31.16,0.0,460.690715,0.0
2019-03-19,5,0,254,0.0,0.0,0.0,0.0,0.0
2019-03-19,5,0,255,0.0,0.0,0.0,0.0,0.0
2019-03-19,5,0,258,0.0,0.0,0.0,0.0,0.0
2019-03-19,5,0,260,0.0,0.0,0.0,0.0,0.0
2019-03-19,5,0,265,0.0,0.0,0.0,0.0,0.0
2019-03-19,5,0,266,20.26,20.26,0.0,278.434294,0.0
2019-03-19,5,0,267,24.9,24.9,0.0,342.202069,0.0
2019-03-19,5,0,270,179.43,179.43,0.0,350.049988,0.0
2019-03-19,5,0,272,95.35,95.35,0.0,1278.486697,0.0
2019-03-19,5,0,273,0.0,0.0,0.0,0.0,0.0
2019-03-19,5,0,274,231.3,231.3,0.0,451.243171,0.0
2019-03-19,5,0,275,321.98,321.98,0.0,628.150784,0.0
2019-03-19,5,0,276,0.0,0.0,0.0,0.0,0.0
2019-03-19,5,0,277,0.0,0.0,0.0,0.0,0.0
2019-03-19,5,0,278,0.0,0.0,0.0,0.0,0.0
2019-03-19,5,0,279,60.14,60.14,0.0,797.514487,0.0
2019-03-19,5,0,281,2.5,2.5,0.0,33.639831,0.0
2019-03-19,5,0,282,0.0,0.0,0.0,0.0,0.0
2019-03-19,6,0,9,0.0,0.0,0.0,0.0,0.0
2019-03-19,6,0,17,0.0,0.0,0.0,0.0,0.0
2019-03-19,6,0,19,296.63,296.63,0.0,4697.684526,0.0
2019-03-19,6,0,20,359.75,359.75,0.0,5697.306437,0.0
2019-03-19,6,0,21,0.0,0.0,0.0,0.0,0.0
2019-03-19,6,0,22,0.0,0.0,0.0,0.0,0.0
2019-03-19,6,0,23,22.03,22.03,0.0,322.251702,0.0
2019-03-19,6,0,24,38.97,38.97,0.0,570.04761,0.0
2019-03-19,6,0,29,0.0,0.0,0.0,0.0,0.0
2019-03-19,6,0,30,0.0,0.0,0.0,0.0,0.0
2019-03-19,6,0,31,4.42,4.42,0.0,64.646584,0.0
2019-03-19,6,0,32,0.0,0.0,0.0,0.0,0.0
2019-03-19,6,0,33,0.0,0.0,0.0,0.0,0.0
2019-03-19,6,0,34,0.0,0.0,0.0,0.0,0.0
2019-03-19,6,0,35,0.0,0.0,0.0,0.0,0.0
2019-03-19,6,0,36,0.0,0.0,0.0,0.0,0.0
2019-03-19,6,0,37,0.0,0.0,0.0,0.0,0.0
2019-03-19,6,0,38,0.0,0.0,0.0,0.0,0.0
2019-03-19,6,0,39,0.0,0.0,0.0,0.0,0.0
2019-03-19,6,0,40,0.0,0.0,0.0,0.0,0.0
2019-03-19,6,0,41,26.51,26.51,0.0,392.31591,0.0
2019-03-19,6,0,42,0.0,0.0,0.0,0.0,0.0
2019-03-19,6,0,43,0.0,0.0,0.0,0.0,0.0
2019-03-19,6,0,46,0.0,0.0,0.0,0.0,0.0
2019-03-19,6,0,52,4.68,4.68,0.0,68.449324,0.0
2019-03-19,6,0,53,7.43,7.43,0.0,108.670615,0.0
2019-03-19,6,0,55,27.49,27.49,0.0,402.119805,0.0
2019-03-19,6,0,56,0.0,0.0,0.0,0.0,0.0
2019-03-19,6,0,57,0.0,0.0,0.0,0.0,0.0
2019-03-19,6,0,58,0.0,0.0,0.0,0.0,0.0
2019-03-19,6,0,59,0.0,0.0,0.0,0.0,0.0
2019-03-19,6,0,63,52.29,52.29,0.0,1151.692903,0.0
2019-03-19,6,0,64,61.51,61.51,0.0,1354.7644,0.0
2019-03-19,6,0,65,4.82,4.82,0.0,76.23425,0.0
2019-03-19,6,0,67,0.0,0.0,0.0,0.0,0.0
2019-03-19,6,0,68,2.21,2.21,0.0,27.336521,0.0
2019-03-19,6,0,69,0.0,0.0,0.0,0.0,0.0
2019-03-19,6,0,74,5.52,5.52,0.0,84.366089,0.0
2019-03-19,6,0,77,55.0,55.0,0.0,795.15116,0.0
2019-03-19,6,0,78,41.58,41.58,0.0,601.134277,0.0
2019-03-19,6,0,79,24.06,24.06,0.0,347.842489,0.0
2019-03-19,6,0,80,38.91,38.91,0.0,562.533303,0.0
2019-03-19,6,0,81,50.87,50.87,0.0,735.442537,0.0
2019-03-19,6,0,82,35.89,35.89,0.0,518.872275,0.0
2019-03-19,6,0,83,80.02,80.02,0.0,1156.872652,0.0
2019-03-19,6,0,84,0.0,0.0,0.0,0.0,0.0
2019-03-19,6,0,86,0.0,0.0,0.0,0.0,0.0
2019-03-19,6,0,87,0.0,0.0,0.0,0.0,0.0
2019-03-19,6,0,88,47.99,47.99,0.0,693.805531,0.0
2019-03-19,6,0,89,46.14,46.14,0.0,667.059537,0.0
2019-03-19,6,0,90,61.95,61.95,0.0,895.629352,0.0
2019-03-19,6,0,91,220.98,220.98,0.0,3194.772789,0.0
2019-03-19,6,0,92,79.48,79.48,0.0,1149.065713,0.0
2019-03-19,6,0,95,4.84,4.84,0.0,101.38373,0.0
2019-03-19,6,0,96,4.22,4.22,0.0,61.712871,0.0
2019-03-19,6,0,97,25.94,25.94,0.0,379.344049,0.0
2019-03-19,6,0,99,1.07,1.07,0.0,16.353572,0.0
2019-03-19,6,0,101,0.0,0.0,0.0,0.0,0.0
2019-03-19,6,0,102,5.23,5.23,0.0,64.692309,0.0
2019-03-19,6,0,103,4.55,4.55,0.0,56.281072,0.0
2019-03-19,6,0,104,0.84,0.84,0.0,10.390352,0.0
2019-03-19,6,0,106,0.0,0.0,0.0,0.0,0.0
2019-03-19,6,0,109,20.01,20.01,0.0,294.944745,0.0
2019-03-19,6,0,110,159.1,159.1,0.0,356.054879,0.0
2019-03-19,6,0,111,0.0,0.0,0.0,0.0,0.0
2019-03-19,6,0,113,34.43,34.43,0.0,513.955083,0.0
2019-03-19,6,0,115,34.43,34.43,0.0,513.955083,0.0
2019-03-19,6,0,116,0.0,0.0,0.0,0.0,0.0
2019-03-19,6,0,117,1.37,1.37,0.0,20.450725,0.0
2019-03-19,6,0,119,61.51,61.51,0.0,1354.7644,0.0
2019-03-19,6,0,120,36.17,36.17,0.0,796.64816,0.0
2019-03-19,6,0,123,0.0,0.0,0.0,0.0,0.0
2019-03-19,6,0,125,35.27,35.27,0.0,515.924537,0.0
2019-03-19,6,0,126,0.0,0.0,0.0,0.0,0.0
2019-03-19,6,0,127,0.0,0.0,0.0,0.0,0.0
2019-03-19,6,0,128,50.51,50.51,0.0,738.853086,0.0
2019-03-19,6,0,131,7.72,7.72,0.0,100.634403,0.0
2019-03-19,6,0,132,11.36,11.36,0.0,148.083785,0.0
2019-03-19,6,0,133,11.81,11.81,0.0,187.056124,0.0
2019-03-19,6,0,134,0.0,0.0,0.0,0.0,0.0
2019-03-19,6,0,135,15.83,15.83,0.0,250.728065,0.0
2019-03-19,6,0,136,9.2,9.2,0.0,145.498945,0.0
2019-03-19,6,0,139,34.23,34.23,0.0,506.562564,0.0
2019-03-19,6,0,140,117.75,117.75,0.0,263.516417,0.0
2019-03-19,6,0,141,64.11,64.11,0.0,633.114352,0.0
2019-03-19,6,0,142,0.0,0.0,0.0,0.0,0.0
2019-03-19,6,0,143,24.35,24.35,0.0,356.141249,0.0
2019-03-19,6,0,145,2.95,2.95,0.0,43.275115,0.0
2019-03-19,6,0,146,268.0,268.0,0.0,599.765603,0.0
2019-03-19,6,0,152,0.0,0.0,0.0,0.0,0.0
2019-03-19,6,0,153,0.0,0.0,0.0,0.0,0.0
2019-03-19,6,0,154,0.0,0.0,0.0,0.0,0.0
2019-03-19,6,0,157,138.43,138.43,0.0,1367.056929,0.0
2019-03-19,6,0,158,0.0,0.0,0.0,0.0,0.0
2019-03-19,6,0,159,0.0,0.0,0.0,0.0,0.0
2019-03-19,6,0,160,0.0,0.0,0.0,0.0,0.0
2019-03-19,6,0,161,0.0,0.0,0.0,0.0,0.0
2019-03-19,6,0,162,1.56,1.56,0.0,32.693623,0.0
2019-03-19,6,0,163,56.77,56.77,0.0,127.047363,0.0
2019-03-19,6,0,164,0.0,0.0,0.0,0.0,0.0
2019-03-19,6,0,167,0.0,0.0,0.0,0.0,0.0
2019-03-19,6,0,168,0.0,0.0,0.0,0.0,0.0
2019-03-19,6,0,169,0.0,0.0,0.0,0.0,0.0
2019-03-19,6,0,170,0.0,0.0,0.0,0.0,0.0
2019-03-19,6,0,172,0.0,0.0,0.0,0.0,0.0
2019-03-19,6,0,173,0.0,0.0,0.0,0.0,0.0
2019-03-19,6,0,188,0.0,0.0,0.0,0.0,0.0
2019-03-19,6,0,190,0.0,0.0,0.0,0.0,0.0
2019-03-19,6,0,191,0.0,0.0,0.0,0.0,0.0
2019-03-19,6,0,192,46.0,46.0,0.0,1013.154973,0.0
2019-03-19,6,0,194,50.04,50.04,0.0,861.825294,0.0
2019-03-19,6,0,196,0.0,0.0,0.0,0.0,0.0
2019-03-19,6,0,198,0.0,0.0,0.0,0.0,0.0
2019-03-19,6,0,199,0.0,0.0,0.0,0.0,0.0
2019-03-19,6,0,200,0.0,0.0,0.0,0.0,0.0
2019-03-19,6,0,204,86.13,86.13,0.0,1266.154439,0.0
2019-03-19,6,0,205,105.87,105.87,0.0,1560.509753,0.0
2019-03-19,6,0,206,76.21,76.21,0.0,1114.487662,0.0
2019-03-19,6,0,210,0.0,0.0,0.0,0.0,0.0
2019-03-19,6,0,214,0.0,0.0,0.0,0.0,0.0
2019-03-19,6,0,217,0.0,0.0,0.0,0.0,0.0
2019-03-19,6,0,218,0.0,0.0,0.0,0.0,0.0
2019-03-19,6,0,219,0.0,0.0,0.0,0.0,0.0
2019-03-19,6,0,221,0.0,0.0,0.0,0.0,0.0
2019-03-19,6,0,225,0.0,0.0,0.0,0.0,0.0
2019-03-19,6,0,233,0.0,0.0,0.0,0.0,0.0
2019-03-19,6,0,236,7.9,7.9,0.0,122.824785,0.0
2019-03-19,6,0,237,13.24,13.24,0.0,202.356343,0.0
2019-03-19,6,0,238,0.0,0.0,0.0,0.0,0.0
2019-03-19,6,0,240,0.0,0.0,0.0,0.0,0.0
2019-03-19,6,0,245,22.02,22.02,0.0,350.39666,0.0
2019-03-19,6,0,247,19.25,19.25,0.0,306.318606,0.0
2019-03-19,6,0,248,1.33,1.33,0.0,20.327337,0.0
2019-03-19,6,0,249,42.35,42.35,0.0,673.900934,0.0
2019-03-19,6,0,251,26.94,26.94,0.0,425.177553,0.0
2019-03-19,6,0,252,31.06,31.06,0.0,491.252242,0.0
2019-03-19,6,0,254,0.0,0.0,0.0,0.0,0.0
2019-03-19,6,0,255,0.0,0.0,0.0,0.0,0.0
2019-03-19,6,0,258,0.0,0.0,0.0,0.0,0.0
2019-03-19,6,0,260,0.0,0.0,0.0,0.0,0.0
2019-03-19,6,0,265,0.0,0.0,0.0,0.0,0.0
2019-03-19,6,0,266,22.16,22.16,0.0,327.941175,0.0
2019-03-19,6,0,267,27.24,27.24,0.0,403.119026,0.0
2019-03-19,6,0,270,177.3,177.3,0.0,396.785229,0.0
2019-03-19,6,0,272,121.5,121.5,0.0,1813.695689,0.0
2019-03-19,6,0,273,0.0,0.0,0.0,0.0,0.0
2019-03-19,6,0,274,228.56,228.56,0.0,511.501591,0.0
2019-03-19,6,0,275,318.15,318.15,0.0,711.997861,0.0
2019-03-19,6,0,276,0.0,0.0,0.0,0.0,0.0
2019-03-19,6,0,277,0.0,0.0,0.0,0.0,0.0
2019-03-19,6,0,278,0.0,0.0,0.0,0.0,0.0
2019-03-19,6,0,279,60.15,60.15,0.0,886.55137,0.0
2019-03-19,6,0,281,1.99,1.99,0.0,29.105589,0.0
2019-03-19,6,0,282,0.0,0.0,0.0,0.0,0.0
2019-03-19,7,0,9,0.0,0.0,0.0,0.0,0.0
2019-03-19,7,0,17,0.0,0.0,0.0,0.0,0.0
2019-03-19,7,0,19,346.98,346.98,0.0,5135.991622,0.0
2019-03-19,7,0,20,420.82,420.82,0.0,6228.969953,0.0
2019-03-19,7,0,21,0.0,0.0,0.0,0.0,0.0
2019-03-19,7,0,22,0.0,0.0,0.0,0.0,0.0
2019-03-19,7,0,23,22.86,22.86,0.0,313.849007,0.0
2019-03-19,7,0,24,40.45,40.45,0.0,555.345246,0.0
2019-03-19,7,0,29,0.0,0.0,0.0,0.0,0.0
2019-03-19,7,0,30,0.0,0.0,0.0,0.0,0.0
2019-03-19,7,0,31,8.48,8.48,0.0,116.404869,0.0
2019-03-19,7,0,32,0.0,0.0,0.0,0.0,0.0
2019-03-19,7,0,33,0.0,0.0,0.0,0.0,0.0
2019-03-19,7,0,34,0.0,0.0,0.0,0.0,0.0
2019-03-19,7,0,35,0.0,0.0,0.0,0.0,0.0
2019-03-19,7,0,36,0.0,0.0,0.0,0.0,0.0
2019-03-19,7,0,37,0.0,0.0,0.0,0.0,0.0
2019-03-19,7,0,38,0.0,0.0,0.0,0.0,0.0
2019-03-19,7,0,39,0.0,0.0,0.0,0.0,0.0
2019-03-19,7,0,40,0.0,0.0,0.0,0.0,0.0
2019-03-19,7,0,41,21.21,21.21,0.0,294.812481,0.0
2019-03-19,7,0,42,0.0,0.0,0.0,0.0,0.0
2019-03-19,7,0,43,0.0,0.0,0.0,0.0,0.0
2019-03-19,7,0,46,0.0,0.0,0.0,0.0,0.0
2019-03-19,7,0,52,8.99,8.99,0.0,123.405634,0.0
2019-03-19,7,0,53,14.29,14.29,0.0,196.158677,0.0
2019-03-19,7,0,55,22.71,22.71,0.0,311.78963,0.0
2019-03-19,7,0,56,0.0,0.0,0.0,0.0,0.0
2019-03-19,7,0,57,0.0,0.0,0.0,0.0,0.0
2019-03-19,7,0,58,0.0,0.0,0.0,0.0,0.0
2019-03-19,7,0,59,0.0,0.0,0.0,0.0,0.0
2019-03-19,7,0,63,51.86,51.86,0.0,1059.529677,0.0
2019-03-19,7,0,64,61.01,61.01,0.0,1246.469448,0.0
2019-03-19,7,0,65,4.77,4.77,0.0,70.522937,0.0
2019-03-19,7,0,67,0.0,0.0,0.0,0.0,0.0
2019-03-19,7,0,68,2.34,2.34,0.0,27.151154,0.0
2019-03-19,7,0,69,0.0,0.0,0.0,0.0,0.0
2019-03-19,7,0,74,6.63,6.63,0.0,95.047686,0.0
2019-03-19,7,0,77,54.91,54.91,0.0,742.993233,0.0
2019-03-19,7,0,78,41.51,41.51,0.0,561.676364,0.0
2019-03-19,7,0,79,24.02,24.02,0.0,325.017255,0.0
2019-03-19,7,0,80,38.85,38.85,0.0,525.683612,0.0
2019-03-19,7,0,81,50.79,50.79,0.0,687.245062,0.0
2019-03-19,7,0,82,35.83,35.83,0.0,484.81966,0.0
2019-03-19,7,0,83,79.9,79.9,0.0,1081.135665,0.0
2019-03-19,7,0,84,0.0,0.0,0.0,0.0,0.0
2019-03-19,7,0,86,0.0,0.0,0.0,0.0,0.0
2019-03-19,7,0,87,0.0,0.0,0.0,0.0,0.0
2019-03-19,7,0,88,47.7,47.7,0.0,645.433933,0.0
2019-03-19,7,0,89,45.86,45.86,0.0,620.536691,0.0
2019-03-19,7,0,90,61.57,61.57,0.0,833.110424,0.0
2019-03-19,7,0,91,219.64,219.64,0.0,2971.972934,0.0
2019-03-19,7,0,92,78.99,78.99,0.0,1068.822355,0.0
2019-03-19,7,0,95,3.75,3.75,0.0,72.827636,0.0
2019-03-19,7,0,96,4.53,4.53,0.0,62.1729,0.0
2019-03-19,7,0,97,27.83,27.83,0.0,381.958455,0.0
2019-03-19,7,0,99,1.28,1.28,0.0,18.350081,0.0
2019-03-19,7,0,101,0.0,0.0,0.0,0.0,0.0
2019-03-19,7,0,102,5.53,5.53,0.0,64.164907,0.0
2019-03-19,7,0,103,4.81,4.81,0.0,55.810706,0.0
2019-03-19,7,0,104,0.89,0.89,0.0,10.326721,0.0
2019-03-19,7,0,106,0.0,0.0,0.0,0.0,0.0
2019-03-19,7,0,109,18.51,18.51,0.0,256.808003,0.0
2019-03-19,7,0,110,153.16,153.16,0.0,346.164987,0.0
2019-03-19,7,0,111,0.0,0.0,0.0,0.0,0.0
2019-03-19,7,0,113,18.75,18.75,0.0,261.67034,0.0
2019-03-19,7,0,115,18.75,18.75,0.0,261.67034,0.0
2019-03-19,7,0,116,0.0,0.0,0.0,0.0,0.0
2019-03-19,7,0,117,0.77,0.77,0.0,10.745929,0.0
2019-03-19,7,0,119,61.01,61.01,0.0,1246.469448,0.0
2019-03-19,7,0,120,35.87,35.87,0.0,732.844765,0.0
2019-03-19,7,0,123,0.0,0.0,0.0,0.0,0.0
2019-03-19,7,0,125,36.6,36.6,0.0,502.487911,0.0
2019-03-19,7,0,126,0.0,0.0,0.0,0.0,0.0
2019-03-19,7,0,127,0.0,0.0,0.0,0.0,0.0
2019-03-19,7,0,128,52.42,52.42,0.0,719.683505,0.0
2019-03-19,7,0,131,8.23,8.23,0.0,100.548284,0.0
2019-03-19,7,0,132,12.11,12.11,0.0,147.951363,0.0
2019-03-19,7,0,133,12.62,12.62,0.0,186.821578,0.0
2019-03-19,7,0,134,0.0,0.0,0.0,0.0,0.0
2019-03-19,7,0,135,16.9,16.9,0.0,250.181035,0.0
2019-03-19,7,0,136,9.23,9.23,0.0,136.453856,0.0
2019-03-19,7,0,139,27.39,27.39,0.0,380.712581,0.0
2019-03-19,7,0,140,113.35,113.35,0.0,256.188308,0.0
2019-03-19,7,0,141,69.83,69.83,0.0,649.639831,0.0
2019-03-19,7,0,142,0.0,0.0,0.0,0.0,0.0
2019-03-19,7,0,143,13.1,13.1,0.0,179.823559,0.0
2019-03-19,7,0,145,2.51,2.51,0.0,34.594374,0.0
2019-03-19,7,0,146,268.0,268.0,0.0,605.720922,0.0
2019-03-19,7,0,152,0.0,0.0,0.0,0.0,0.0
2019-03-19,7,0,153,0.0,0.0,0.0,0.0,0.0
2019-03-19,7,0,154,0.0,0.0,0.0,0.0,0.0
2019-03-19,7,0,157,134.07,134.07,0.0,1247.274985,0.0
2019-03-19,7,0,158,0.0,0.0,0.0,0.0,0.0
2019-03-19,7,0,159,0.0,0.0,0.0,0.0,0.0
2019-03-19,7,0,160,0.0,0.0,0.0,0.0,0.0
2019-03-19,7,0,161,0.0,0.0,0.0,0.0,0.0
2019-03-19,7,0,162,0.0,0.0,0.0,0.0,0.0
2019-03-19,7,0,163,57.25,57.25,0.0,129.393742,0.0
2019-03-19,7,0,164,0.0,0.0,0.0,0.0,0.0
2019-03-19,7,0,167,0.0,0.0,0.0,0.0,0.0
2019-03-19,7,0,168,0.0,0.0,0.0,0.0,0.0
2019-03-19,7,0,169,0.0,0.0,0.0,0.0,0.0
2019-03-19,7,0,170,0.0,0.0,0.0,0.0,0.0
2019-03-19,7,0,172,0.0,0.0,0.0,0.0,0.0
2019-03-19,7,0,173,0.0,0.0,0.0,0.0,0.0
2019-03-19,7,0,188,0.0,0.0,0.0,0.0,0.0
2019-03-19,7,0,190,0.0,0.0,0.0,0.0,0.0
2019-03-19,7,0,191,0.0,0.0,0.0,0.0,0.0
2019-03-19,7,0,192,40.5,40.5,0.0,827.438332,0.0
2019-03-19,7,0,194,46.64,46.64,0.0,749.219921,0.0
2019-03-19,7,0,196,0.0,0.0,0.0,0.0,0.0
2019-03-19,7,0,198,0.0,0.0,0.0,0.0,0.0
2019-03-19,7,0,199,0.0,0.0,0.0,0.0,0.0
2019-03-19,7,0,200,0.0,0.0,0.0,0.0,0.0
2019-03-19,7,0,204,74.06,74.06,0.0,1024.978428,0.0
2019-03-19,7,0,205,97.91,97.91,0.0,1358.404731,0.0
2019-03-19,7,0,206,81.77,81.77,0.0,1122.268879,0.0
2019-03-19,7,0,210,0.0,0.0,0.0,0.0,0.0
2019-03-19,7,0,214,0.0,0.0,0.0,0.0,0.0
2019-03-19,7,0,217,0.0,0.0,0.0,0.0,0.0
2019-03-19,7,0,218,0.0,0.0,0.0,0.0,0.0
2019-03-19,7,0,219,0.0,0.0,0.0,0.0,0.0
2019-03-19,7,0,221,0.0,0.0,0.0,0.0,0.0
2019-03-19,7,0,225,0.0,0.0,0.0,0.0,0.0
2019-03-19,7,0,233,0.0,0.0,0.0,0.0,0.0
2019-03-19,7,0,236,8.73,8.73,0.0,127.103564,0.0
2019-03-19,7,0,237,15.91,15.91,0.0,228.085775,0.0
2019-03-19,7,0,238,0.0,0.0,0.0,0.0,0.0
2019-03-19,7,0,240,0.0,0.0,0.0,0.0,0.0
2019-03-19,7,0,245,27.09,27.09,0.0,402.708972,0.0
2019-03-19,7,0,247,20.94,20.94,0.0,311.285562,0.0
2019-03-19,7,0,248,1.6,1.6,0.0,22.937602,0.0
2019-03-19,7,0,249,52.1,52.1,0.0,774.497507,0.0
2019-03-19,7,0,251,23.65,23.65,0.0,348.986039,0.0
2019-03-19,7,0,252,30.77,30.77,0.0,454.924688,0.0
2019-03-19,7,0,254,0.0,0.0,0.0,0.0,0.0
2019-03-19,7,0,255,0.0,0.0,0.0,0.0,0.0
2019-03-19,7,0,258,0.0,0.0,0.0,0.0,0.0
2019-03-19,7,0,260,0.0,0.0,0.0,0.0,0.0
2019-03-19,7,0,265,0.0,0.0,0.0,0.0,0.0
2019-03-19,7,0,266,17.73,17.73,0.0,246.44155,0.0
2019-03-19,7,0,267,21.79,21.79,0.0,302.874302,0.0
2019-03-19,7,0,270,178.78,178.78,0.0,404.070099,0.0
2019-03-19,7,0,272,66.71,66.71,0.0,930.988181,0.0
2019-03-19,7,0,273,0.0,0.0,0.0,0.0,0.0
2019-03-19,7,0,274,230.47,230.47,0.0,520.897392,0.0
2019-03-19,7,0,275,320.81,320.81,0.0,725.079586,0.0
2019-03-19,7,0,276,0.0,0.0,0.0,0.0,0.0
2019-03-19,7,0,277,0.0,0.0,0.0,0.0,0.0
2019-03-19,7,0,278,0.0,0.0,0.0,0.0,0.0
2019-03-19,7,0,279,61.66,61.66,0.0,850.014284,0.0
2019-03-19,7,0,281,3.8,3.8,0.0,52.162559,0.0
2019-03-19,7,0,282,0.0,0.0,0.0,0.0,0.0
2019-03-19,8,0,9,0.07,0.07,0.0,1.291173,0.0
2019-03-19,8,0,17,1.33,1.33,0.0,22.316462,0.0
2019-03-19,8,0,19,347.36,347.36,0.0,5828.455748,0.0
2019-03-19,8,0,20,432.32,432.32,0.0,7254.024611,0.0
2019-03-19,8,0,21,1.49,1.49,0.0,27.483535,0.0
2019-03-19,8,0,22,5.31,5.31,0.0,97.94468,0.0
2019-03-19,8,0,23,26.27,26.27,0.0,484.558709,0.0
2019-03-19,8,0,24,46.48,46.48,0.0,857.338743,0.0
2019-03-19,8,0,29,0.96,0.96,0.0,15.542002,0.0
2019-03-19,8,0,30,1.58,1.58,0.0,29.160373,0.0
2019-03-19,8,0,31,4.19,4.19,0.0,77.330357,0.0
2019-03-19,8,0,32,0.63,0.63,0.0,16.372458,0.0
2019-03-19,8,0,33,0.13,0.13,0.0,2.143468,0.0
2019-03-19,8,0,34,0.21,0.21,0.0,3.462526,0.0
2019-03-19,8,0,35,0.21,0.21,0.0,3.462526,0.0
2019-03-19,8,0,36,0.8,0.8,0.0,13.774561,0.0
2019-03-19,8,0,37,0.38,0.38,0.0,6.544459,0.0
2019-03-19,8,0,38,0.49,0.49,0.0,8.438907,0.0
2019-03-19,8,0,39,0.33,0.33,0.0,5.683346,0.0
2019-03-19,8,0,40,0.33,0.33,0.0,5.683346,0.0
2019-03-19,8,0,41,8.75,8.75,0.0,156.566951,0.0
2019-03-19,8,0,42,1.18,1.18,0.0,19.87402,0.0
2019-03-19,8,0,43,2.34,2.34,0.0,40.095921,0.0
2019-03-19,8,0,46,1.64,1.64,0.0,28.428176,0.0
2019-03-19,8,0,52,4.44,4.44,0.0,81.94434,0.0
2019-03-19,8,0,53,7.06,7.06,0.0,130.298884,0.0
2019-03-19,8,0,55,26.47,26.47,0.0,488.247774,0.0
2019-03-19,8,0,56,0.46,0.46,0.0,8.489729,0.0
2019-03-19,8,0,57,0.44,0.44,0.0,8.12061,0.0
2019-03-19,8,0,58,0.85,0.85,0.0,15.687543,0.0
2019-03-19,8,0,59,0.84,0.84,0.0,15.502983,0.0
2019-03-19,8,0,63,25.22,25.22,0.0,677.635603,0.0
2019-03-19,8,0,64,29.65,29.65,0.0,796.665171,0.0
2019-03-19,8,0,65,4.33,4.33,0.0,72.705096,0.0
2019-03-19,8,0,67,5.0,5.0,0.0,78.256013,0.0
2019-03-19,8,0,68,2.39,2.39,0.0,42.469664,0.0
2019-03-19,8,0,69,0.13,0.13,0.0,2.143468,0.0
2019-03-19,8,0,74,5.95,5.95,0.0,101.888809,0.0
2019-03-19,8,0,77,47.94,47.94,0.0,933.155696,0.0
2019-03-19,8,0,78,36.2,36.2,0.0,704.635716,0.0
2019-03-19,8,0,79,20.88,20.88,0.0,406.430766,0.0
2019-03-19,8,0,80,33.86,33.86,0.0,659.08744,0.0
2019-03-19,8,0,81,44.33,44.33,0.0,862.886776,0.0
2019-03-19,8,0,82,31.22,31.22,0.0,607.699642,0.0
2019-03-19,8,0,83,69.83,69.83,0.0,1359.246189,0.0
2019-03-19,8,0,84,0.0,0.0,0.0,0.0,0.0
2019-03-19,8,0,86,0.65,0.65,0.0,10.717342,0.0
2019-03-19,8,0,87,3.34,3.34,0.0,55.070649,0.0
2019-03-19,8,0,88,42.07,42.07,0.0,818.895706,0.0
2019-03-19,8,0,89,40.6,40.6,0.0,790.282046,0.0
2019-03-19,8,0,90,52.97,52.97,0.0,1031.065024,0.0
2019-03-19,8,0,91,166.05,166.05,0.0,3232.175707,0.0
2019-03-19,8,0,92,66.44,66.44,0.0,1293.259584,0.0
2019-03-19,8,0,95,3.75,3.75,0.0,97.714658,0.0
2019-03-19,8,0,96,6.3,6.3,0.0,116.342211,0.0
2019-03-19,8,0,97,38.76,38.76,0.0,715.781601,0.0
2019-03-19,8,0,99,1.15,1.15,0.0,19.692795,0.0
2019-03-19,8,0,101,0.03,0.03,0.0,0.553678,0.0
2019-03-19,8,0,102,5.66,5.66,0.0,100.576693,0.0
2019-03-19,8,0,103,4.92,4.92,0.0,87.42709,0.0
2019-03-19,8,0,104,0.91,0.91,0.0,16.170458,0.0
2019-03-19,8,0,106,5.23,5.23,0.0,96.469054,0.0
2019-03-19,8,0,109,27.29,27.29,0.0,478.329855,0.0
2019-03-19,8,0,110,206.32,206.32,0.0,1890.63113,0.0
2019-03-19,8,0,111,0.81,0.81,0.0,14.493626,0.0
2019-03-19,8,0,113,38.85,38.85,0.0,781.707357,0.0
2019-03-19,8,0,115,38.85,38.85,0.0,781.707357,0.0
2019-03-19,8,0,116,6.43,6.43,0.0,58.92186,0.0
2019-03-19,8,0,117,2.01,2.01,0.0,40.443547,0.0
2019-03-19,8,0,119,29.65,29.65,0.0,796.665171,0.0
2019-03-19,8,0,120,17.49,17.49,0.0,469.93841,0.0
2019-03-19,8,0,123,0.09,0.09,0.0,1.660079,0.0
2019-03-19,8,0,125,42.06,42.06,0.0,775.810403,0.0
2019-03-19,8,0,126,3.92,3.92,0.0,72.305677,0.0
2019-03-19,8,0,127,5.03,5.03,0.0,92.779989,0.0
2019-03-19,8,0,128,60.24,60.24,0.0,1111.146426,0.0
2019-03-19,8,0,131,8.71,8.71,0.0,159.702451,0.0
2019-03-19,8,0,132,12.8,12.8,0.0,234.694761,0.0
2019-03-19,8,0,133,14.91,14.91,0.0,250.162817,0.0
2019-03-19,8,0,134,0.0,0.0,0.0,0.0,0.0
2019-03-19,8,0,135,19.98,19.98,0.0,335.228241,0.0
2019-03-19,8,0,136,7.5,7.5,0.0,125.93744,0.0
2019-03-19,8,0,139,11.29,11.29,0.0,202.0161,0.0
2019-03-19,8,0,140,152.7,152.7,0.0,1399.279631,0.0
2019-03-19,8,0,141,76.35,76.35,0.0,1194.969315,0.0
2019-03-19,8,0,142,6.6,6.6,0.0,103.297937,0.0
2019-03-19,8,0,143,5.89,5.89,0.0,108.705442,0.0
2019-03-19,8,0,145,3.71,3.71,0.0,67.193226,0.0
2019-03-19,8,0,146,268.0,268.0,0.0,2455.841135,0.0
2019-03-19,8,0,152,0.58,0.58,0.0,9.923746,0.0
2019-03-19,8,0,153,0.73,0.73,0.0,12.501104,0.0
2019-03-19,8,0,154,3.33,3.33,0.0,59.584908,0.0
2019-03-19,8,0,157,122.45,122.45,0.0,1916.489753,0.0
2019-03-19,8,0,158,0.0,0.0,0.0,0.0,0.0
2019-03-19,8,0,159,0.0,0.0,0.0,0.0,0.0
2019-03-19,8,0,160,0.18,0.18,0.0,3.036158,0.0
2019-03-19,8,0,161,2.03,2.03,0.0,36.07256,0.0
2019-03-19,8,0,162,1.17,1.17,0.0,30.494784,0.0
2019-03-19,8,0,163,58.44,58.44,0.0,535.519985,0.0
2019-03-19,8,0,164,0.0,0.0,0.0,0.0,0.0
2019-03-19,8,0,167,0.77,0.77,0.0,20.042964,0.0
2019-03-19,8,0,168,0.38,0.38,0.0,9.891333,0.0
2019-03-19,8,0,169,0.0,0.0,0.0,0.0,0.0
2019-03-19,8,0,170,0.84,0.84,0.0,21.865052,0.0
2019-03-19,8,0,172,0.93,0.93,0.0,24.528398,0.0
2019-03-19,8,0,173,1.42,1.42,0.0,37.451962,0.0
2019-03-19,8,0,188,1.23,1.23,0.0,31.867551,0.0
2019-03-19,8,0,190,0.71,0.71,0.0,19.076974,0.0
2019-03-19,8,0,191,1.83,1.83,0.0,49.170228,0.0
2019-03-19,8,0,192,36.14,36.14,0.0,971.044833,0.0
2019-03-19,8,0,194,51.57,51.57,0.0,1150.539808,0.0
2019-03-19,8,0,196,0.42,0.42,0.0,12.197753,0.0
2019-03-19,8,0,198,0.79,0.79,0.0,12.963567,0.0
2019-03-19,8,0,199,0.0,0.0,0.0,0.0,0.0
2019-03-19,8,0,200,0.91,0.91,0.0,16.061601,0.0
2019-03-19,8,0,204,108.44,108.44,0.0,1905.210047,0.0
2019-03-19,8,0,205,144.35,144.35,0.0,2530.117792,0.0
2019-03-19,8,0,206,113.9,113.9,0.0,2103.393301,0.0
2019-03-19,8,0,210,0.19,0.19,0.0,3.066956,0.0
2019-03-19,8,0,214,1.5,1.5,0.0,24.474145,0.0
2019-03-19,8,0,217,1.07,1.07,0.0,17.366313,0.0
2019-03-19,8,0,218,1.48,1.48,0.0,24.020695,0.0
2019-03-19,8,0,219,1.01,1.01,0.0,16.392501,0.0
2019-03-19,8,0,221,0.8,0.8,0.0,13.052877,0.0
2019-03-19,8,0,225,0.93,0.93,0.0,15.0606,0.0
2019-03-19,8,0,233,0.37,0.37,0.0,6.100641,0.0
2019-03-19,8,0,236,8.41,8.41,0.0,142.458328,0.0
2019-03-19,8,0,237,14.27,14.27,0.0,244.3619,0.0
2019-03-19,8,0,238,1.54,1.54,0.0,25.93728,0.0
2019-03-19,8,0,240,0.91,0.91,0.0,15.668563,0.0
2019-03-19,8,0,245,27.93,27.93,0.0,467.441903,0.0
2019-03-19,8,0,247,23.03,23.03,0.0,385.434552,0.0
2019-03-19,8,0,248,1.43,1.43,0.0,24.487563,0.0
2019-03-19,8,0,249,53.71,53.71,0.0,898.900989,0.0
2019-03-19,8,0,251,25.37,25.37,0.0,426.476261,0.0
2019-03-19,8,0,252,27.96,27.96,0.0,469.476785,0.0
2019-03-19,8,0,254,1.28,1.28,0.0,21.846903,0.0
2019-03-19,8,0,255,0.59,0.59,0.0,10.070057,0.0
2019-03-19,8,0,258,1.09,1.09,0.0,18.753194,0.0
2019-03-19,8,0,260,0.44,0.44,0.0,7.42172,0.0
2019-03-19,8,0,265,3.45,3.45,0.0,61.732112,0.0
2019-03-19,8,0,266,7.31,7.31,0.0,130.800504,0.0
2019-03-19,8,0,267,8.99,8.99,0.0,160.861359,0.0
2019-03-19,8,0,270,182.51,182.51,0.0,1672.44614,0.0
2019-03-19,8,0,272,134.48,134.48,0.0,2705.894602,0.0
2019-03-19,8,0,273,1.54,1.54,0.0,14.111923,0.0
2019-03-19,8,0,274,235.28,235.28,0.0,2156.00859,0.0
2019-03-19,8,0,275,327.52,327.52,0.0,3001.257792,0.0
2019-03-19,8,0,276,0.33,0.33,0.0,3.502004,0.0
2019-03-19,8,0,277,0.41,0.41,0.0,8.141833,0.0
2019-03-19,8,0,278,0.66,0.66,0.0,13.106365,0.0
2019-03-19,8,0,279,64.87,64.87,0.0,1288.196856,0.0
2019-03-19,8,0,281,1.88,1.88,0.0,34.697153,0.0
2019-03-19,8,0,282,0.86,0.86,0.0,15.872102,0.0
2019-03-19,9,0,9,1.04,1.04,0.0,5.915206,0.0
2019-03-19,9,0,17,5.14,5.14,0.0,51.634015,0.0
2019-03-19,9,0,19,296.0,296.0,0.0,2973.476366,0.0
2019-03-19,9,0,20,367.55,367.55,0.0,3692.233913,0.0
2019-03-19,9,0,21,23.8,23.8,0.0,135.367215,0.0
2019-03-19,9,0,22,84.59,84.59,0.0,481.122384,0.0
2019-03-19,9,0,23,30.67,30.67,0.0,174.441701,0.0
2019-03-19,9,0,24,54.26,54.26,0.0,308.6145,0.0
2019-03-19,9,0,29,2.82,2.82,0.0,32.752796,0.0
2019-03-19,9,0,30,184.35,184.35,0.0,1043.432631,0.0
2019-03-19,9,0,31,6.63,6.63,0.0,37.526218,0.0
2019-03-19,9,0,32,2.32,2.32,0.0,50.145666,0.0
2019-03-19,9,0,33,0.49,0.49,0.0,5.298162,0.0
2019-03-19,9,0,34,0.79,0.79,0.0,8.541935,0.0
2019-03-19,9,0,35,0.79,0.79,0.0,8.541935,0.0
2019-03-19,9,0,36,3.59,3.59,0.0,31.88663,0.0
2019-03-19,9,0,37,1.71,1.71,0.0,15.168162,0.0
2019-03-19,9,0,38,2.19,2.19,0.0,19.425892,0.0
2019-03-19,9,0,39,1.46,1.46,0.0,12.950594,0.0
2019-03-19,9,0,40,1.46,1.46,0.0,12.950594,0.0
2019-03-19,9,0,41,8.9,8.9,0.0,63.431362,0.0
2019-03-19,9,0,42,6.34,6.34,0.0,62.634503,0.0
2019-03-19,9,0,43,10.02,10.02,0.0,91.11941,0.0
2019-03-19,9,0,46,7.5,7.5,0.0,64.331229,0.0
2019-03-19,9,0,52,7.03,7.03,0.0,39.790244,0.0
2019-03-19,9,0,53,11.23,11.23,0.0,63.562508,0.0
2019-03-19,9,0,55,31.12,31.12,0.0,177.001166,0.0
2019-03-19,9,0,56,54.38,54.38,0.0,307.794231,0.0
2019-03-19,9,0,57,51.72,51.72,0.0,292.738463,0.0
2019-03-19,9,0,58,99.47,99.47,0.0,563.006476,0.0
2019-03-19,9,0,59,97.81,97.81,0.0,553.610771,0.0
2019-03-19,9,0,63,11.53,11.53,0.0,301.991538,0.0
2019-03-19,9,0,64,13.56,13.56,0.0,355.160906,0.0
2019-03-19,9,0,65,4.02,4.02,0.0,40.25886,0.0
2019-03-19,9,0,67,107.91,107.91,0.0,-1419.439094,0.0
2019-03-19,9,0,68,4.6,4.6,0.0,-20.328524,0.0
2019-03-19,9,0,69,0.49,0.49,0.0,5.298162,0.0
2019-03-19,9,0,74,5.32,5.32,0.0,48.612661,0.0
2019-03-19,9,0,77,23.1,23.1,0.0,70.018478,0.0
2019-03-19,9,0,78,17.46,17.46,0.0,52.923058,0.0
2019-03-19,9,0,79,10.11,10.11,0.0,30.644451,0.0
2019-03-19,9,0,80,16.34,16.34,0.0,49.528222,0.0
2019-03-19,9,0,81,21.37,21.37,0.0,64.77467,0.0
2019-03-19,9,0,82,15.07,15.07,0.0,45.678721,0.0
2019-03-19,9,0,83,33.61,33.61,0.0,101.87537,0.0
2019-03-19,9,0,84,0.0,0.0,0.0,0.0,0.0
2019-03-19,9,0,86,2.5,2.5,0.0,27.031441,0.0
2019-03-19,9,0,87,12.77,12.77,0.0,138.076601,0.0
2019-03-19,9,0,88,64.35,64.35,0.0,195.051475,0.0
2019-03-19,9,0,89,61.47,61.47,0.0,186.321898,0.0
2019-03-19,9,0,90,86.28,86.28,0.0,261.523563,0.0
2019-03-19,9,0,91,324.21,324.21,0.0,982.713888,0.0
2019-03-19,9,0,92,114.07,114.07,0.0,345.757914,0.0
2019-03-19,9,0,95,3.76,3.76,0.0,81.962414,0.0
2019-03-19,9,0,96,8.58,8.58,0.0,48.31554,0.0
2019-03-19,9,0,97,52.75,52.75,0.0,297.044838,0.0
2019-03-19,9,0,99,1.03,1.03,0.0,9.41185,0.0
2019-03-19,9,0,101,3.71,3.71,0.0,20.998834,0.0
2019-03-19,9,0,102,10.88,10.88,0.0,-48.081379,0.0
2019-03-19,9,0,103,9.46,9.46,0.0,-41.806052,0.0
2019-03-19,9,0,104,1.77,1.77,0.0,-7.822063,0.0
2019-03-19,9,0,106,83.27,83.27,0.0,473.614623,0.0
2019-03-19,9,0,109,35.67,35.67,0.0,288.126787,0.0
2019-03-19,9,0,110,269.32,269.32,0.0,-10746.47633,0.0
2019-03-19,9,0,111,5.88,5.88,0.0,41.907462,0.0
2019-03-19,9,0,113,25.6,25.6,0.0,108.130426,0.0
2019-03-19,9,0,115,25.6,25.6,0.0,108.130426,0.0
2019-03-19,9,0,116,44.44,44.44,0.0,-1773.256379,0.0
2019-03-19,9,0,117,1.74,1.74,0.0,7.34949,0.0
2019-03-19,9,0,119,13.56,13.56,0.0,355.160906,0.0
2019-03-19,9,0,120,7.98,7.98,0.0,209.010622,0.0
2019-03-19,9,0,123,1.39,1.39,0.0,7.9059,0.0
2019-03-19,9,0,125,49.1,49.1,0.0,279.265978,0.0
2019-03-19,9,0,126,62.45,62.45,0.0,355.196748,0.0
2019-03-19,9,0,127,80.15,80.15,0.0,455.869005,0.0
2019-03-19,9,0,128,70.33,70.33,0.0,400.015809,0.0
2019-03-19,9,0,131,9.2,9.2,0.0,-19.19564,0.0
2019-03-19,9,0,132,13.52,13.52,0.0,-28.209244,0.0
2019-03-19,9,0,133,18.0,18.0,0.0,180.871888,0.0
2019-03-19,9,0,134,0.0,0.0,0.0,0.0,0.0
2019-03-19,9,0,135,24.12,24.12,0.0,242.36833,0.0
2019-03-19,9,0,136,6.12,6.12,0.0,61.279231,0.0
2019-03-19,9,0,139,11.49,11.49,0.0,81.890601,0.0
2019-03-19,9,0,140,199.33,199.33,0.0,-7953.717239,0.0
2019-03-19,9,0,141,83.92,83.92,0.0,-1103.876645,0.0
2019-03-19,9,0,142,142.31,142.31,0.0,-1871.93381,0.0
2019-03-19,9,0,143,12.18,12.18,0.0,68.939568,0.0
2019-03-19,9,0,145,5.25,5.25,0.0,34.426365,0.0
2019-03-19,9,0,146,268.0,268.0,0.0,-10693.805349,0.0
2019-03-19,9,0,152,2.73,2.73,0.0,25.044127,0.0
2019-03-19,9,0,153,3.43,3.43,0.0,31.330949,0.0
2019-03-19,9,0,154,24.26,24.26,0.0,172.903916,0.0
2019-03-19,9,0,157,111.75,111.75,0.0,-1469.950132,0.0
2019-03-19,9,0,158,91.6,91.6,0.0,-1204.898721,0.0
2019-03-19,9,0,159,0.0,0.0,0.0,0.0,0.0
2019-03-19,9,0,160,0.73,0.73,0.0,7.140528,0.0
2019-03-19,9,0,161,21.14,21.14,0.0,-93.422826,0.0
2019-03-19,9,0,162,1.57,1.57,0.0,34.300233,0.0
2019-03-19,9,0,163,59.7,59.7,0.0,-2382.164848,0.0
2019-03-19,9,0,164,6.67,6.67,0.0,37.752621,0.0
2019-03-19,9,0,167,2.7,2.7,0.0,58.507153,0.0
2019-03-19,9,0,168,1.35,1.35,0.0,29.253576,0.0
2019-03-19,9,0,169,0.0,0.0,0.0,0.0,0.0
2019-03-19,9,0,170,2.95,2.95,0.0,63.924482,0.0
2019-03-19,9,0,172,3.3,3.3,0.0,67.268234,0.0
2019-03-19,9,0,173,5.03,5.03,0.0,102.533096,0.0
2019-03-19,9,0,188,4.61,4.61,0.0,95.970113,0.0
2019-03-19,9,0,190,3.78,3.78,0.0,99.005031,0.0
2019-03-19,9,0,191,9.77,9.77,0.0,255.893957,0.0
2019-03-19,9,0,192,32.5,32.5,0.0,851.233736,0.0
2019-03-19,9,0,194,42.12,42.12,0.0,498.633771,0.0
2019-03-19,9,0,196,2.44,2.44,0.0,86.253175,0.0
2019-03-19,9,0,198,2.93,2.93,0.0,32.085523,0.0
2019-03-19,9,0,199,0.0,0.0,0.0,0.0,0.0
2019-03-19,9,0,200,3.41,3.41,0.0,46.009244,0.0
2019-03-19,9,0,204,85.33,85.33,0.0,679.960075,0.0
2019-03-19,9,0,205,200.91,200.91,0.0,1622.863828,0.0
2019-03-19,9,0,206,155.01,155.01,0.0,872.889485,0.0
2019-03-19,9,0,210,0.56,0.56,0.0,6.591442,0.0
2019-03-19,9,0,214,4.9,4.9,0.0,55.204336,0.0
2019-03-19,9,0,217,3.34,3.34,0.0,38.389474,0.0
2019-03-19,9,0,218,4.62,4.62,0.0,53.101608,0.0
2019-03-19,9,0,219,3.14,3.14,0.0,36.090703,0.0
2019-03-19,9,0,221,2.61,2.61,0.0,29.404759,0.0
2019-03-19,9,0,225,2.78,2.78,0.0,32.246344,0.0
2019-03-19,9,0,233,1.42,1.42,0.0,15.353858,0.0
2019-03-19,9,0,236,8.4,8.4,0.0,80.842402,0.0
2019-03-19,9,0,237,12.77,12.77,0.0,116.688661,0.0
2019-03-19,9,0,238,8.26,8.26,0.0,81.60268,0.0
2019-03-19,9,0,240,4.07,4.07,0.0,36.150023,0.0
2019-03-19,9,0,245,29.65,29.65,0.0,301.217521,0.0
2019-03-19,9,0,247,26.07,26.07,0.0,264.847918,0.0
2019-03-19,9,0,248,1.28,1.28,0.0,11.696279,0.0
2019-03-19,9,0,249,57.02,57.02,0.0,579.272278,0.0
2019-03-19,9,0,251,27.29,27.29,0.0,271.915685,0.0
2019-03-19,9,0,252,25.92,25.92,0.0,259.579515,0.0
2019-03-19,9,0,254,5.1,5.1,0.0,47.258359,0.0
2019-03-19,9,0,255,2.34,2.34,0.0,21.683247,0.0
2019-03-19,9,0,258,4.88,4.88,0.0,43.51134,0.0
2019-03-19,9,0,260,1.78,1.78,0.0,17.411151,0.0
2019-03-19,9,0,265,25.12,25.12,0.0,179.033238,0.0
2019-03-19,9,0,266,7.44,7.44,0.0,53.025768,0.0
2019-03-19,9,0,267,9.14,9.14,0.0,65.141871,0.0
2019-03-19,9,0,270,186.44,186.44,0.0,-7439.377124,0.0
2019-03-19,9,0,272,85.41,85.41,0.0,360.758583,0.0
2019-03-19,9,0,273,10.63,10.63,0.0,-424.161011,0.0
2019-03-19,9,0,274,240.34,240.34,0.0,-9590.108871,0.0
2019-03-19,9,0,275,334.56,334.56,0.0,-13349.699692,0.0
2019-03-19,9,0,276,2.34,2.34,0.0,-79.396009,0.0
2019-03-19,9,0,277,2.77,2.77,0.0,10.375465,0.0
2019-03-19,9,0,278,4.43,4.43,0.0,16.593253,0.0
2019-03-19,9,0,279,68.04,68.04,0.0,254.854389,0.0
2019-03-19,9,0,281,2.95,2.95,0.0,16.697186,0.0
2019-03-19,9,0,282,101.13,101.13,0.0,572.40218,0.0
2019-03-19,10,0,9,2.16,2.16,0.0,18.235749,0.0
2019-03-19,10,0,17,8.46,8.46,0.0,81.80001,0.0
2019-03-19,10,0,19,241.08,241.08,0.0,2331.010224,0.0
2019-03-19,10,0,20,298.71,298.71,0.0,2888.236536,0.0
2019-03-19,10,0,21,49.33,49.33,0.0,416.467357,0.0
2019-03-19,10,0,22,175.31,175.31,0.0,1480.050525,0.0
2019-03-19,10,0,23,35.86,35.86,0.0,302.747201,0.0
2019-03-19,10,0,24,63.44,63.44,0.0,535.590698,0.0
2019-03-19,10,0,29,4.61,4.61,0.0,46.609984,0.0
2019-03-19,10,0,30,396.27,396.27,0.0,3342.417842,0.0
2019-03-19,10,0,31,16.66,16.66,0.0,140.522071,0.0
2019-03-19,10,0,32,3.7,3.7,0.0,47.823388,0.0
2019-03-19,10,0,33,0.76,0.76,0.0,7.512543,0.0
2019-03-19,10,0,34,1.21,1.21,0.0,11.96076,0.0
2019-03-19,10,0,35,1.21,1.21,0.0,11.96076,0.0
2019-03-19,10,0,36,4.35,4.35,0.0,40.635806,0.0
2019-03-19,10,0,37,1.6,1.6,0.0,14.94119,0.0
2019-03-19,10,0,38,2.05,2.05,0.0,19.143399,0.0
2019-03-19,10,0,39,1.37,1.37,0.0,12.793394,0.0
2019-03-19,10,0,40,1.37,1.37,0.0,12.793394,0.0
2019-03-19,10,0,41,9.13,9.13,0.0,80.778735,0.0
2019-03-19,10,0,42,12.86,12.86,0.0,123.741927,0.0
2019-03-19,10,0,43,15.34,15.34,0.0,144.213568,0.0
2019-03-19,10,0,46,16.11,16.11,0.0,149.111577,0.0
2019-03-19,10,0,52,17.67,17.67,0.0,149.041117,0.0
2019-03-19,10,0,53,28.18,28.18,0.0,237.689794,0.0
2019-03-19,10,0,55,36.39,36.39,0.0,307.221714,0.0
2019-03-19,10,0,56,116.89,116.89,0.0,985.931869,0.0
2019-03-19,10,0,57,111.18,111.18,0.0,937.769742,0.0
2019-03-19,10,0,58,213.82,213.82,0.0,1803.507162,0.0
2019-03-19,10,0,59,210.25,210.25,0.0,1773.395289,0.0
2019-03-19,10,0,63,9.94,9.94,0.0,141.282851,0.0
2019-03-19,10,0,64,11.7,11.7,0.0,166.298727,0.0
2019-03-19,10,0,65,3.81,3.81,0.0,36.80589,0.0
2019-03-19,10,0,67,226.33,226.33,0.0,710.520551,0.0
2019-03-19,10,0,68,8.41,8.41,0.0,47.077284,0.0
2019-03-19,10,0,69,0.76,0.76,0.0,7.512543,0.0
2019-03-19,10,0,74,7.9,7.9,0.0,74.366805,0.0
2019-03-19,10,0,77,27.07,27.07,0.0,208.296898,0.0
2019-03-19,10,0,78,20.47,20.47,0.0,157.511545,0.0
2019-03-19,10,0,79,11.84,11.84,0.0,91.105847,0.0
2019-03-19,10,0,80,19.15,19.15,0.0,147.354474,0.0
2019-03-19,10,0,81,25.04,25.04,0.0,192.676555,0.0
2019-03-19,10,0,82,17.66,17.66,0.0,135.889295,0.0
2019-03-19,10,0,83,39.39,39.39,0.0,303.096226,0.0
2019-03-19,10,0,84,0.0,0.0,0.0,0.0,0.0
2019-03-19,10,0,86,3.84,3.84,0.0,37.958114,0.0
2019-03-19,10,0,87,19.6,19.6,0.0,193.744539,0.0
2019-03-19,10,0,88,51.12,51.12,0.0,393.35565,0.0
2019-03-19,10,0,89,48.9,48.9,0.0,376.273304,0.0
2019-03-19,10,0,90,67.91,67.91,0.0,522.550512,0.0
2019-03-19,10,0,91,251.59,251.59,0.0,1935.9223,0.0
2019-03-19,10,0,92,89.14,89.14,0.0,685.910067,0.0
2019-03-19,10,0,95,9.24,9.24,0.0,119.907752,0.0
2019-03-19,10,0,96,11.37,11.37,0.0,95.810092,0.0
2019-03-19,10,0,97,69.93,69.93,0.0,589.269986,0.0
2019-03-19,10,0,99,1.62,1.62,0.0,15.249902,0.0
2019-03-19,10,0,101,7.98,7.98,0.0,67.308891,0.0
2019-03-19,10,0,102,19.92,19.92,0.0,111.507669,0.0
2019-03-19,10,0,103,17.32,17.32,0.0,96.953455,0.0
2019-03-19,10,0,104,3.22,3.22,0.0,18.024834,0.0
2019-03-19,10,0,106,172.57,172.57,0.0,1456.91814,0.0
2019-03-19,10,0,109,44.73,44.73,0.0,407.719721,0.0
2019-03-19,10,0,110,338.6,338.6,0.0,-1486.210503,0.0
2019-03-19,10,0,111,11.54,11.54,0.0,102.10149,0.0
2019-03-19,10,0,113,50.31,50.31,0.0,404.012438,0.0
2019-03-19,10,0,115,50.31,50.31,0.0,404.012438,0.0
2019-03-19,10,0,116,86.93,86.93,0.0,-381.560186,0.0
2019-03-19,10,0,117,3.35,3.35,0.0,26.902041,0.0
2019-03-19,10,0,119,11.7,11.7,0.0,166.298727,0.0
2019-03-19,10,0,120,6.88,6.88,0.0,97.789337,0.0
2019-03-19,10,0,123,2.88,2.88,0.0,24.314332,0.0
2019-03-19,10,0,125,57.41,57.41,0.0,484.682566,0.0
2019-03-19,10,0,126,129.43,129.43,0.0,1092.709711,0.0
2019-03-19,10,0,127,166.1,166.1,0.0,1402.295318,0.0
2019-03-19,10,0,128,82.22,82.22,0.0,694.140404,0.0
2019-03-19,10,0,131,13.11,13.11,0.0,81.994582,0.0
2019-03-19,10,0,132,21.15,21.15,0.0,132.279589,0.0
2019-03-19,10,0,133,22.01,22.01,0.0,212.83342,0.0
2019-03-19,10,0,134,0.0,0.0,0.0,0.0,0.0
2019-03-19,10,0,135,29.49,29.49,0.0,285.163906,0.0
2019-03-19,10,0,136,5.09,5.09,0.0,49.168694,0.0
2019-03-19,10,0,139,11.79,11.79,0.0,104.313394,0.0
2019-03-19,10,0,140,250.6,250.6,0.0,-1099.953786,0.0
2019-03-19,10,0,141,93.2,93.2,0.0,292.583905,0.0
2019-03-19,10,0,142,298.47,298.47,0.0,936.990539,0.0
2019-03-19,10,0,143,23.95,23.95,0.0,202.011021,0.0
2019-03-19,10,0,145,13.44,13.44,0.0,116.756823,0.0
2019-03-19,10,0,146,268.0,268.0,0.0,-1176.327273,0.0
2019-03-19,10,0,152,3.34,3.34,0.0,31.474956,0.0
2019-03-19,10,0,153,4.28,4.28,0.0,40.285851,0.0
2019-03-19,10,0,154,47.59,47.59,0.0,421.058049,0.0
2019-03-19,10,0,157,102.66,102.66,0.0,322.2818,0.0
2019-03-19,10,0,158,165.46,165.46,0.0,519.430612,0.0
2019-03-19,10,0,159,0.0,0.0,0.0,0.0,0.0
2019-03-19,10,0,160,1.19,1.19,0.0,11.41773,0.0
2019-03-19,10,0,161,43.02,43.02,0.0,240.81626,0.0
2019-03-19,10,0,162,3.85,3.85,0.0,50.01441,0.0
2019-03-19,10,0,163,34.3,34.3,0.0,-150.552334,0.0
2019-03-19,10,0,164,14.75,14.75,0.0,124.411798,0.0
2019-03-19,10,0,167,4.39,4.39,0.0,56.80952,0.0
2019-03-19,10,0,168,2.2,2.2,0.0,28.469463,0.0
2019-03-19,10,0,169,0.0,0.0,0.0,0.0,0.0
2019-03-19,10,0,170,4.81,4.81,0.0,62.2446,0.0
2019-03-19,10,0,172,4.87,4.87,0.0,61.259672,0.0
2019-03-19,10,0,173,7.43,7.43,0.0,93.461882,0.0
2019-03-19,10,0,188,7.22,7.22,0.0,91.701226,0.0
2019-03-19,10,0,190,7.18,7.18,0.0,102.053407,0.0
2019-03-19,10,0,191,18.54,18.54,0.0,263.519522,0.0
2019-03-19,10,0,192,29.45,29.45,0.0,418.589532,0.0
2019-03-19,10,0,194,19.05,19.05,0.0,193.808154,0.0
2019-03-19,10,0,196,4.7,4.7,0.0,78.918348,0.0
2019-03-19,10,0,198,5.15,5.15,0.0,51.107565,0.0
2019-03-19,10,0,199,0.9,0.9,0.0,9.575282,0.0
2019-03-19,10,0,200,7.62,7.62,0.0,81.070721,0.0
2019-03-19,10,0,204,62.1,62.1,0.0,564.144811,0.0
2019-03-19,10,0,205,264.17,264.17,0.0,2407.943632,0.0
2019-03-19,10,0,206,205.49,205.49,0.0,1731.575709,0.0
2019-03-19,10,0,210,1.12,1.12,0.0,11.373067,0.0
2019-03-19,10,0,214,8.06,8.06,0.0,80.701555,0.0
2019-03-19,10,0,217,5.51,5.51,0.0,55.522496,0.0
2019-03-19,10,0,218,7.6,7.6,0.0,76.582754,0.0
2019-03-19,10,0,219,5.18,5.18,0.0,52.197193,0.0
2019-03-19,10,0,221,4.3,4.3,0.0,43.05418,0.0
2019-03-19,10,0,225,4.45,4.45,0.0,44.973419,0.0
2019-03-19,10,0,233,2.17,2.17,0.0,21.450288,0.0
2019-03-19,10,0,236,8.54,8.54,0.0,81.560548,0.0
2019-03-19,10,0,237,18.45,18.45,0.0,173.679436,0.0
2019-03-19,10,0,238,16.73,16.73,0.0,160.979972,0.0
2019-03-19,10,0,240,4.93,4.93,0.0,46.053914,0.0
2019-03-19,10,0,245,32.23,32.23,0.0,312.663225,0.0
2019-03-19,10,0,247,29.93,29.93,0.0,290.350925,0.0
2019-03-19,10,0,248,2.01,2.01,0.0,18.921174,0.0
2019-03-19,10,0,249,61.99,61.99,0.0,601.364979,0.0
2019-03-19,10,0,251,29.54,29.54,0.0,284.94478,0.0
2019-03-19,10,0,252,24.61,24.61,0.0,237.740934,0.0
2019-03-19,10,0,254,6.58,6.58,0.0,62.179176,0.0
2019-03-19,10,0,255,3.01,3.01,0.0,28.443666,0.0
2019-03-19,10,0,258,6.95,6.95,0.0,64.990753,0.0
2019-03-19,10,0,260,2.88,2.88,0.0,27.632826,0.0
2019-03-19,10,0,265,49.27,49.27,0.0,435.922044,0.0
2019-03-19,10,0,266,7.63,7.63,0.0,67.507311,0.0
2019-03-19,10,0,267,9.38,9.38,0.0,82.990639,0.0
2019-03-19,10,0,270,107.07,107.07,0.0,-469.960303,0.0
2019-03-19,10,0,272,168.14,168.14,0.0,1350.241529,0.0
2019-03-19,10,0,273,20.79,20.79,0.0,-91.253149,0.0
2019-03-19,10,0,274,138.01,138.01,0.0,-605.764653,0.0
2019-03-19,10,0,275,192.1,192.1,0.0,-843.180855,0.0
2019-03-19,10,0,276,4.59,4.59,0.0,-12.43112,0.0
2019-03-19,10,0,277,5.37,5.37,0.0,42.400815,0.0
2019-03-19,10,0,278,8.59,8.59,0.0,67.825511,0.0
2019-03-19,10,0,279,71.01,71.01,0.0,560.685631,0.0
2019-03-19,10,0,281,7.43,7.43,0.0,62.669807,0.0
2019-03-19,10,0,282,217.38,217.38,0.0,1833.534687,0.0
2019-03-19,11,0,9,3.27,3.27,0.0,-54.650084,0.0
2019-03-19,11,0,17,12.14,12.14,0.0,101.152888,0.0
2019-03-19,11,0,19,124.31,124.31,0.0,1035.775574,0.0
2019-03-19,11,0,20,150.76,150.76,0.0,1256.16222,0.0
2019-03-19,11,0,21,74.7,74.7,0.0,-1248.428516,0.0
2019-03-19,11,0,22,265.48,265.48,0.0,-4436.851437,0.0
2019-03-19,11,0,23,30.66,30.66,0.0,-512.407206,0.0
2019-03-19,11,0,24,54.22,54.22,0.0,-906.155209,0.0
2019-03-19,11,0,29,6.79,6.79,0.0,34.118709,0.0
2019-03-19,11,0,30,610.1,610.1,0.0,-10287.997634,0.0
2019-03-19,11,0,31,18.66,18.66,0.0,-314.659951,0.0
2019-03-19,11,0,32,5.35,5.35,0.0,229.589584,0.0
2019-03-19,11,0,33,1.1,1.1,0.0,14.50692,0.0
2019-03-19,11,0,34,1.75,1.75,0.0,23.079191,0.0
2019-03-19,11,0,35,1.75,1.75,0.0,23.079191,0.0
2019-03-19,11,0,36,6.45,6.45,0.0,2.782596,0.0
2019-03-19,11,0,37,2.38,2.38,0.0,0.64331,0.0
2019-03-19,11,0,38,3.06,3.06,0.0,0.827113,0.0
2019-03-19,11,0,39,2.04,2.04,0.0,0.551409,0.0
2019-03-19,11,0,40,2.04,2.04,0.0,0.551409,0.0
2019-03-19,11,0,41,13.15,13.15,0.0,-115.481734,0.0
2019-03-19,11,0,42,20.04,20.04,0.0,145.883327,0.0
2019-03-19,11,0,43,22.65,22.65,0.0,26.758167,0.0
2019-03-19,11,0,46,23.37,23.37,0.0,-32.692576,0.0
2019-03-19,11,0,52,19.84,19.84,0.0,-334.558061,0.0
2019-03-19,11,0,53,32.31,32.31,0.0,-544.837246,0.0
2019-03-19,11,0,55,120.57,120.57,0.0,-2015.033817,0.0
2019-03-19,11,0,56,179.96,179.96,0.0,-3034.630477,0.0
2019-03-19,11,0,57,171.18,171.18,0.0,-2886.575045,0.0
2019-03-19,11,0,58,329.19,329.19,0.0,-5551.066942,0.0
2019-03-19,11,0,59,323.71,323.71,0.0,-5458.658768,0.0
2019-03-19,11,0,63,26.56,26.56,0.0,3054.939917,0.0
2019-03-19,11,0,64,31.25,31.25,0.0,3594.385257,0.0
2019-03-19,11,0,65,3.53,3.53,0.0,28.722434,0.0
2019-03-19,11,0,67,346.88,346.88,0.0,-191711.625943,0.0
2019-03-19,11,0,68,16.04,16.04,0.0,-6521.863184,0.0
2019-03-19,11,0,69,1.1,1.1,0.0,14.50692,0.0
2019-03-19,11,0,74,10.95,10.95,0.0,29.172166,0.0
2019-03-19,11,0,77,41.24,41.24,0.0,-11712.906531,0.0
2019-03-19,11,0,78,31.18,31.18,0.0,-8855.684423,0.0
2019-03-19,11,0,79,18.04,18.04,0.0,-5123.686562,0.0
2019-03-19,11,0,80,29.18,29.18,0.0,-8287.648219,0.0
2019-03-19,11,0,81,38.15,38.15,0.0,-10835.290595,0.0
2019-03-19,11,0,82,26.91,26.91,0.0,-7642.927127,0.0
2019-03-19,11,0,83,60.01,60.01,0.0,-17043.926307,0.0
2019-03-19,11,0,84,0.0,0.0,0.0,-0.0,0.0
2019-03-19,11,0,86,5.55,5.55,0.0,73.194004,0.0
2019-03-19,11,0,87,28.32,28.32,0.0,373.487245,0.0
2019-03-19,11,0,88,38.64,38.64,0.0,-10974.459465,0.0
2019-03-19,11,0,89,37.14,37.14,0.0,-10548.432312,0.0
2019-03-19,11,0,90,49.87,49.87,0.0,-14163.982752,0.0
2019-03-19,11,0,91,177.9,177.9,0.0,-50526.820363,0.0
2019-03-19,11,0,92,63.98,63.98,0.0,-18171.478172,0.0
2019-03-19,11,0,95,16.68,16.68,0.0,423.900407,0.0
2019-03-19,11,0,96,18.26,18.26,0.0,-310.781965,0.0
2019-03-19,11,0,97,134.22,134.22,0.0,-2284.400624,0.0
2019-03-19,11,0,99,2.35,2.35,0.0,6.260693,0.0
2019-03-19,11,0,101,12.29,12.29,0.0,-207.24388,0.0
2019-03-19,11,0,102,37.99,37.99,0.0,-15446.732068,0.0
2019-03-19,11,0,103,33.03,33.03,0.0,-13429.996321,0.0
2019-03-19,11,0,104,6.13,6.13,0.0,-2492.457688,0.0
2019-03-19,11,0,106,261.34,261.34,0.0,-4367.661423,0.0
2019-03-19,11,0,109,42.95,42.95,0.0,-163.309713,0.0
2019-03-19,11,0,110,338.6,338.6,0.0,-338600.0,0.0
2019-03-19,11,0,111,17.35,17.35,0.0,-152.365634,0.0
2019-03-19,11,0,113,50.12,50.12,0.0,-12903.738135,0.0
2019-03-19,11,0,115,50.12,50.12,0.0,-12903.738135,0.0
2019-03-19,11,0,116,129.51,129.51,0.0,-129510.0,0.0
2019-03-19,11,0,117,3.37,3.37,0.0,-867.629639,0.0
2019-03-19,11,0,119,31.25,31.25,0.0,3594.385257,0.0
2019-03-19,11,0,120,18.38,18.38,0.0,2114.073633,0.0
2019-03-19,11,0,123,4.36,4.36,0.0,-72.866778,0.0
2019-03-19,11,0,125,49.06,49.06,0.0,-819.91838,0.0
2019-03-19,11,0,126,196.0,196.0,0.0,-3275.662504,0.0
2019-03-19,11,0,127,251.54,251.54,0.0,-4203.878298,0.0
2019-03-19,11,0,128,70.26,70.26,0.0,-1174.224732,0.0
2019-03-19,11,0,131,16.33,16.33,0.0,-6002.712307,0.0
2019-03-19,11,0,132,24.0,24.0,0.0,-8822.112393,0.0
2019-03-19,11,0,133,20.04,20.04,0.0,167.346432,0.0
2019-03-19,11,0,134,0.0,0.0,0.0,0.0,0.0
2019-03-19,11,0,135,26.85,26.85,0.0,224.214157,0.0
2019-03-19,11,0,136,4.97,4.97,0.0,40.385885,0.0
2019-03-19,11,0,139,16.99,16.99,0.0,-149.204157,0.0
2019-03-19,11,0,140,250.6,250.6,0.0,-250600.0,0.0
2019-03-19,11,0,141,141.99,141.99,0.0,-78474.209432,0.0
2019-03-19,11,0,142,457.45,457.45,0.0,-252820.81206,0.0
2019-03-19,11,0,143,21.84,21.84,0.0,-368.283672,0.0
2019-03-19,11,0,145,44.77,44.77,0.0,-537.821623,0.0
2019-03-19,11,0,146,268.0,268.0,0.0,-268000.0,0.0
2019-03-19,11,0,152,5.0,5.0,0.0,13.821545,0.0
2019-03-19,11,0,153,6.26,6.26,0.0,15.727861,0.0
2019-03-19,11,0,154,71.58,71.58,0.0,-628.607038,0.0
2019-03-19,11,0,157,81.62,81.62,0.0,-45109.268074,0.0
2019-03-19,11,0,158,254.73,254.73,0.0,-140782.69856,0.0
2019-03-19,11,0,159,0.0,0.0,0.0,0.0,0.0
2019-03-19,11,0,160,1.77,1.77,0.0,7.440587,0.0
2019-03-19,11,0,161,65.51,65.51,0.0,-26636.362669,0.0
2019-03-19,11,0,162,19.36,19.36,0.0,507.770711,0.0
2019-03-19,11,0,163,101.94,101.94,0.0,-101940.0,0.0
2019-03-19,11,0,164,22.37,22.37,0.0,-377.220959,0.0
2019-03-19,11,0,167,6.39,6.39,0.0,143.802493,0.0
2019-03-19,11,0,168,3.19,3.19,0.0,71.788725,0.0
2019-03-19,11,0,169,0.0,0.0,0.0,0.0,0.0
2019-03-19,11,0,170,6.98,6.98,0.0,157.080032,0.0
2019-03-19,11,0,172,7.18,7.18,0.0,102.101291,0.0
2019-03-19,11,0,173,10.94,10.94,0.0,155.569377,0.0
2019-03-19,11,0,188,10.48,10.48,0.0,256.599685,0.0
2019-03-19,11,0,190,10.44,10.44,0.0,338.543696,0.0
2019-03-19,11,0,191,26.97,26.97,0.0,874.571215,0.0
2019-03-19,11,0,192,92.11,92.11,0.0,2986.902286,0.0
2019-03-19,11,0,194,37.07,37.07,0.0,-4594.582424,0.0
2019-03-19,11,0,196,6.95,6.95,0.0,1871.653769,0.0
2019-03-19,11,0,198,7.55,7.55,0.0,65.360031,0.0
2019-03-19,11,0,199,3.08,3.08,0.0,-63.222427,0.0
2019-03-19,11,0,200,10.89,10.89,0.0,-223.536437,0.0
2019-03-19,11,0,204,129.8,129.8,0.0,-576.605191,0.0
2019-03-19,11,0,205,280.8,280.8,0.0,-1067.691908,0.0
2019-03-19,11,0,206,513.01,513.01,0.0,-8731.339323,0.0
2019-03-19,11,0,210,1.61,1.61,0.0,10.195722,0.0
2019-03-19,11,0,214,11.77,11.77,0.0,189.057208,0.0
2019-03-19,11,0,217,7.9,7.9,0.0,93.617573,0.0
2019-03-19,11,0,218,10.9,10.9,0.0,129.16855,0.0
2019-03-19,11,0,219,7.42,7.42,0.0,87.929416,0.0
2019-03-19,11,0,221,6.28,6.28,0.0,100.873344,0.0
2019-03-19,11,0,225,6.42,6.42,0.0,31.448619,0.0
2019-03-19,11,0,233,3.14,3.14,0.0,41.410662,0.0
2019-03-19,11,0,236,9.1,9.1,0.0,51.434019,0.0
2019-03-19,11,0,237,24.41,24.41,0.0,65.031286,0.0
2019-03-19,11,0,238,26.09,26.09,0.0,189.92495,0.0
2019-03-19,11,0,240,7.31,7.31,0.0,3.153608,0.0
2019-03-19,11,0,245,24.44,24.44,0.0,221.211933,0.0
2019-03-19,11,0,247,23.64,23.64,0.0,213.970954,0.0
2019-03-19,11,0,248,2.91,2.91,0.0,7.752603,0.0
2019-03-19,11,0,249,46.99,46.99,0.0,425.317052,0.0
2019-03-19,11,0,251,25.54,25.54,0.0,199.611363,0.0
2019-03-19,11,0,252,22.79,22.79,0.0,185.434639,0.0
2019-03-19,11,0,254,9.82,9.82,0.0,19.048733,0.0
2019-03-19,11,0,255,4.5,4.5,0.0,8.729053,0.0
2019-03-19,11,0,258,10.28,10.28,0.0,5.680068,0.0
2019-03-19,11,0,260,4.3,4.3,0.0,18.076001,0.0
2019-03-19,11,0,265,74.11,74.11,0.0,-650.825197,0.0
2019-03-19,11,0,266,11.0,11.0,0.0,-96.60069,0.0
2019-03-19,11,0,267,13.52,13.52,0.0,-118.73103,0.0
2019-03-19,11,0,270,344.86,344.86,0.0,-344860.0,0.0
2019-03-19,11,0,272,167.38,167.38,0.0,-43093.13027,0.0
2019-03-19,11,0,273,30.97,30.97,0.0,-30970.0,0.0
2019-03-19,11,0,274,450.36,450.36,0.0,-450360.0,0.0
2019-03-19,11,0,275,635.42,635.42,0.0,-635420.0,0.0
2019-03-19,11,0,276,6.93,6.93,0.0,-6237.842624,0.0
2019-03-19,11,0,277,8.03,8.03,0.0,-2152.888725,0.0
2019-03-19,11,0,278,12.85,12.85,0.0,-3445.158172,0.0
2019-03-19,11,0,279,135.47,135.47,0.0,-36320.27841,0.0
2019-03-19,11,0,281,8.14,8.14,0.0,-137.263237,0.0
2019-03-19,11,0,282,334.68,334.68,0.0,-5643.643744,0.0
2019-03-19,12,0,9,4.2,4.2,0.0,-1694.70093,0.0
2019-03-19,12,0,17,15.08,15.08,0.0,314.83117,0.0
2019-03-19,12,0,19,121.45,121.45,0.0,2535.560051,0.0
2019-03-19,12,0,20,147.29,147.29,0.0,3075.032029,0.0
2019-03-19,12,0,21,96.06,96.06,0.0,-38760.231272,0.0
2019-03-19,12,0,22,341.38,341.38,0.0,-137746.905596,0.0
2019-03-19,12,0,23,33.61,33.61,0.0,-13561.642443,0.0
2019-03-19,12,0,24,56.27,56.27,0.0,-22704.957461,0.0
2019-03-19,12,0,29,8.28,8.28,0.0,38.732432,0.0
2019-03-19,12,0,30,779.39,779.39,0.0,-779390.0,0.0
2019-03-19,12,0,31,23.38,23.38,0.0,-23380.0,0.0
2019-03-19,12,0,32,6.47,6.47,0.0,217.210981,0.0
2019-03-19,12,0,33,1.41,1.41,0.0,35.383787,0.0
2019-03-19,12,0,34,2.26,2.26,0.0,56.714439,0.0
2019-03-19,12,0,35,2.26,2.26,0.0,56.714439,0.0
2019-03-19,12,0,36,8.41,8.41,0.0,-86.416484,0.0
2019-03-19,12,0,37,3.12,3.12,0.0,-30.905222,0.0
2019-03-19,12,0,38,4.01,4.01,0.0,-39.721135,0.0
2019-03-19,12,0,39,2.67,2.67,0.0,-26.447738,0.0
2019-03-19,12,0,40,2.67,2.67,0.0,-26.447738,0.0
2019-03-19,12,0,41,21.72,21.72,0.0,-593.894505,0.0
2019-03-19,12,0,42,26.64,26.64,0.0,531.819527,0.0
2019-03-19,12,0,43,29.23,29.23,0.0,-217.164012,0.0
2019-03-19,12,0,46,29.7,29.7,0.0,-327.945852,0.0
2019-03-19,12,0,52,24.78,24.78,0.0,-24780.0,0.0
2019-03-19,12,0,53,39.37,39.37,0.0,-39370.0,0.0
2019-03-19,12,0,55,230.12,230.12,0.0,-92853.470958,0.0
2019-03-19,12,0,56,229.89,229.89,0.0,-229890.0,0.0
2019-03-19,12,0,57,218.68,218.68,0.0,-218680.0,0.0
2019-03-19,12,0,58,420.53,420.53,0.0,-420530.0,0.0
2019-03-19,12,0,59,413.52,413.52,0.0,-413520.0,0.0
2019-03-19,12,0,63,51.0,51.0,0.0,5661.599075,0.0
2019-03-19,12,0,64,60.0,60.0,0.0,6660.704795,0.0
2019-03-19,12,0,65,3.29,3.29,0.0,68.12792,0.0
2019-03-19,12,0,67,449.36,449.36,0.0,-248656.694606,0.0
2019-03-19,12,0,68,27.28,27.28,0.0,-11116.771581,0.0
2019-03-19,12,0,69,1.41,1.41,0.0,35.383787,0.0
2019-03-19,12,0,74,21.04,21.04,0.0,79.366254,0.0
2019-03-19,12,0,77,59.62,59.62,0.0,-16982.211537,0.0
2019-03-19,12,0,78,45.07,45.07,0.0,-12837.777155,0.0
2019-03-19,12,0,79,26.08,26.08,0.0,-7428.649394,0.0
2019-03-19,12,0,80,42.18,42.18,0.0,-12014.587095,0.0
2019-03-19,12,0,81,55.15,55.15,0.0,-15708.972933,0.0
2019-03-19,12,0,82,38.9,38.9,0.0,-11080.309104,0.0
2019-03-19,12,0,83,86.74,86.74,0.0,-24707.095416,0.0
2019-03-19,12,0,84,0.0,0.0,0.0,-0.0,0.0
2019-03-19,12,0,86,7.14,7.14,0.0,179.177474,0.0
2019-03-19,12,0,87,36.46,36.46,0.0,914.959482,0.0
2019-03-19,12,0,88,51.18,51.18,0.0,-14578.154755,0.0
2019-03-19,12,0,89,49.2,49.2,0.0,-14014.16987,0.0
2019-03-19,12,0,90,66.06,66.06,0.0,-18816.586617,0.0
2019-03-19,12,0,91,235.65,235.65,0.0,-67122.74654,0.0
2019-03-19,12,0,92,84.75,84.75,0.0,-24140.262123,0.0
2019-03-19,12,0,95,39.37,39.37,0.0,1440.51706,0.0
2019-03-19,12,0,96,24.5,24.5,0.0,426.115944,0.0
2019-03-19,12,0,97,150.68,150.68,0.0,2620.700019,0.0
2019-03-19,12,0,99,4.06,4.06,0.0,15.314971,0.0
2019-03-19,12,0,101,15.7,15.7,0.0,-15700.0,0.0
2019-03-19,12,0,102,64.58,64.58,0.0,-26316.756185,0.0
2019-03-19,12,0,103,56.16,56.16,0.0,-22885.553226,0.0
2019-03-19,12,0,104,10.43,10.43,0.0,-4250.290601,0.0
2019-03-19,12,0,106,336.06,336.06,0.0,-135600.284418,0.0
2019-03-19,12,0,109,55.66,55.66,0.0,-832.801272,0.0
2019-03-19,12,0,110,338.6,338.6,0.0,-338600.0,0.0
2019-03-19,12,0,111,23.43,23.43,0.0,-640.651393,0.0
2019-03-19,12,0,113,43.55,43.55,0.0,-11288.578569,0.0
2019-03-19,12,0,115,43.55,43.55,0.0,-11288.578569,0.0
2019-03-19,12,0,116,164.82,164.82,0.0,-164820.0,0.0
2019-03-19,12,0,117,2.9,2.9,0.0,-751.707873,0.0
2019-03-19,12,0,119,60.0,60.0,0.0,6660.704795,0.0
2019-03-19,12,0,120,35.28,35.28,0.0,3916.494419,0.0
2019-03-19,12,0,123,5.6,5.6,0.0,-2259.60124,0.0
2019-03-19,12,0,125,51.49,51.49,0.0,-20776.226402,0.0
2019-03-19,12,0,126,252.04,252.04,0.0,-101698.195812,0.0
2019-03-19,12,0,127,323.45,323.45,0.0,-130512.146625,0.0
2019-03-19,12,0,128,70.58,70.58,0.0,-28479.045629,0.0
2019-03-19,12,0,131,25.39,25.39,0.0,-9357.584598,0.0
2019-03-19,12,0,132,37.33,37.33,0.0,-13758.118671,0.0
2019-03-19,12,0,133,19.32,19.32,0.0,403.66046,0.0
2019-03-19,12,0,134,0.0,0.0,0.0,0.0,0.0
2019-03-19,12,0,135,25.88,25.88,0.0,540.721154,0.0
2019-03-19,12,0,136,4.87,4.87,0.0,100.800484,0.0
2019-03-19,12,0,139,28.05,28.05,0.0,-766.97702,0.0
2019-03-19,12,0,140,250.6,250.6,0.0,-250600.0,0.0
2019-03-19,12,0,141,205.65,205.65,0.0,-113797.955416,0.0
2019-03-19,12,0,142,592.59,592.59,0.0,-327914.079261,0.0
2019-03-19,12,0,143,23.32,23.32,0.0,-23320.0,0.0
2019-03-19,12,0,145,42.89,42.89,0.0,-981.526898,0.0
2019-03-19,12,0,146,268.0,268.0,0.0,-268000.0,0.0
2019-03-19,12,0,152,6.51,6.51,0.0,153.131169,0.0
2019-03-19,12,0,153,8.19,8.19,0.0,194.860058,0.0
2019-03-19,12,0,154,96.65,96.65,0.0,-2642.721175,0.0
2019-03-19,12,0,157,66.59,66.59,0.0,-36848.071243,0.0
2019-03-19,12,0,158,334.25,334.25,0.0,-184959.720875,0.0
2019-03-19,12,0,159,0.0,0.0,0.0,0.0,0.0
2019-03-19,12,0,160,2.27,2.27,0.0,-1.763558,0.0
2019-03-19,12,0,161,83.81,83.81,0.0,-34153.102134,0.0
2019-03-19,12,0,162,52.11,52.11,0.0,1950.058339,0.0
2019-03-19,12,0,163,185.4,185.4,0.0,-185400.0,0.0
2019-03-19,12,0,164,29.36,29.36,0.0,-29360.0,0.0
2019-03-19,12,0,167,7.88,7.88,0.0,271.155786,0.0
2019-03-19,12,0,168,3.94,3.94,0.0,135.577893,0.0
2019-03-19,12,0,169,0.0,0.0,0.0,0.0,0.0
2019-03-19,12,0,170,8.62,8.62,0.0,296.619655,0.0
2019-03-19,12,0,172,8.7,8.7,0.0,95.630906,0.0
2019-03-19,12,0,173,13.26,13.26,0.0,145.754692,0.0
2019-03-19,12,0,188,12.62,12.62,0.0,250.933924,0.0
2019-03-19,12,0,190,12.9,12.9,0.0,418.315487,0.0
2019-03-19,12,0,191,33.33,33.33,0.0,1080.810479,0.0
2019-03-19,12,0,192,231.63,231.63,0.0,7511.195055,0.0
2019-03-19,12,0,194,52.95,52.95,0.0,-6710.34977,0.0
2019-03-19,12,0,196,8.96,8.96,0.0,2372.445612,0.0
2019-03-19,12,0,198,9.43,9.43,0.0,85.111686,0.0
2019-03-19,12,0,199,13.07,13.07,0.0,-238.383406,0.0
2019-03-19,12,0,200,13.37,13.37,0.0,-243.855099,0.0
2019-03-19,12,0,204,242.91,242.91,0.0,-3717.178067,0.0
2019-03-19,12,0,205,294.45,294.45,0.0,-4405.647406,0.0
2019-03-19,12,0,206,442.74,442.74,0.0,7700.349922,0.0
2019-03-19,12,0,210,1.98,1.98,0.0,12.728958,0.0
2019-03-19,12,0,214,15.05,15.05,0.0,408.628908,0.0
2019-03-19,12,0,217,9.86,9.86,0.0,175.735488,0.0
2019-03-19,12,0,218,13.61,13.61,0.0,242.572007,0.0
2019-03-19,12,0,219,9.27,9.27,0.0,165.219876,0.0
2019-03-19,12,0,221,8.03,8.03,0.0,218.025922,0.0
2019-03-19,12,0,225,7.91,7.91,0.0,35.664108,0.0
2019-03-19,12,0,233,4.04,4.04,0.0,101.383333,0.0
2019-03-19,12,0,236,10.94,10.94,0.0,223.471422,0.0
2019-03-19,12,0,237,50.48,50.48,0.0,190.418654,0.0
2019-03-19,12,0,238,34.67,34.67,0.0,692.123986,0.0
2019-03-19,12,0,240,9.53,9.53,0.0,-97.924981,0.0
2019-03-19,12,0,245,18.62,18.62,0.0,400.365226,0.0
2019-03-19,12,0,247,18.61,18.61,0.0,400.150208,0.0
2019-03-19,12,0,248,5.07,5.07,0.0,19.124853,0.0
2019-03-19,12,0,249,35.8,35.8,0.0,769.767729,0.0
2019-03-19,12,0,251,22.2,22.2,0.0,453.518278,0.0
2019-03-19,12,0,252,21.25,21.25,0.0,440.035955,0.0
2019-03-19,12,0,254,12.91,12.91,0.0,-74.363143,0.0
2019-03-19,12,0,255,5.92,5.92,0.0,-34.099907,0.0
2019-03-19,12,0,258,13.26,13.26,0.0,-130.157499,0.0
2019-03-19,12,0,260,5.51,5.51,0.0,-4.280707,0.0
2019-03-19,12,0,265,100.07,100.07,0.0,-2736.234951,0.0
2019-03-19,12,0,266,18.16,18.16,0.0,-496.55268,0.0
2019-03-19,12,0,267,22.32,22.32,0.0,-610.300431,0.0
2019-03-19,12,0,270,579.0,579.0,0.0,-579000.0,0.0
2019-03-19,12,0,272,145.55,145.55,0.0,-37727.958914,0.0
2019-03-19,12,0,273,39.41,39.41,0.0,-39410.0,0.0
2019-03-19,12,0,274,746.4,746.4,0.0,-746400.0,0.0
2019-03-19,12,0,275,1039.0,1039.0,0.0,-1039000.0,0.0
2019-03-19,12,0,276,8.86,8.86,0.0,-7976.428897,0.0
2019-03-19,12,0,277,10.23,10.23,0.0,-2756.837574,0.0
2019-03-19,12,0,278,16.36,16.36,0.0,-4408.784234,0.0
2019-03-19,12,0,279,230.02,230.02,0.0,-61987.075154,0.0
2019-03-19,12,0,281,10.49,10.49,0.0,-10490.0,0.0
2019-03-19,12,0,282,427.54,427.54,0.0,-427540.0,0.0
2019-03-19,13,0,9,4.74,4.74,0.0,-2249.237359,0.0
2019-03-19,13,0,17,24.05,24.05,0.0,1892.656265,0.0
2019-03-19,13,0,19,124.35,124.35,0.0,9785.937903,0.0
2019-03-19,13,0,20,150.81,150.81,0.0,11868.253279,0.0
2019-03-19,13,0,21,108.28,108.28,0.0,-51381.312487,0.0
2019-03-19,13,0,22,384.8,384.8,0.0,-182596.315523,0.0
2019-03-19,13,0,23,90.35,90.35,0.0,-42873.121381,0.0
2019-03-19,13,0,24,157.79,157.79,0.0,-74874.928863,0.0
2019-03-19,13,0,29,10.53,10.53,0.0,33.825937,0.0
2019-03-19,13,0,30,895.65,895.65,0.0,-895650.0,0.0
2019-03-19,13,0,31,32.9,32.9,0.0,-32900.0,0.0
2019-03-19,13,0,32,6.33,6.33,0.0,183.479135,0.0
2019-03-19,13,0,33,1.55,1.55,0.0,196.287008,0.0
2019-03-19,13,0,34,2.49,2.49,0.0,315.325581,0.0
2019-03-19,13,0,35,2.49,2.49,0.0,315.325581,0.0
2019-03-19,13,0,36,7.28,7.28,0.0,-21.213093,0.0
2019-03-19,13,0,37,2.8,2.8,0.0,-14.17278,0.0
2019-03-19,13,0,38,3.6,3.6,0.0,-18.222146,0.0
2019-03-19,13,0,39,2.4,2.4,0.0,-12.148097,0.0
2019-03-19,13,0,40,2.4,2.4,0.0,-12.148097,0.0
2019-03-19,13,0,41,34.8,34.8,0.0,-2940.616835,0.0
2019-03-19,13,0,42,35.02,35.02,0.0,2392.041216,0.0
2019-03-19,13,0,43,27.29,27.29,0.0,0.520673,0.0
2019-03-19,13,0,46,24.87,24.87,0.0,-488.172042,0.0
2019-03-19,13,0,52,34.88,34.88,0.0,-34880.0,0.0
2019-03-19,13,0,53,55.41,55.41,0.0,-55410.0,0.0
2019-03-19,13,0,55,326.62,326.62,0.0,-154988.587776,0.0
2019-03-19,13,0,56,264.18,264.18,0.0,-264180.0,0.0
2019-03-19,13,0,57,251.3,251.3,0.0,-251300.0,0.0
2019-03-19,13,0,58,483.26,483.26,0.0,-483260.0,0.0
2019-03-19,13,0,59,475.21,475.21,0.0,-475210.0,0.0
2019-03-19,13,0,63,51.0,51.0,0.0,5993.337408,0.0
2019-03-19,13,0,64,60.0,60.0,0.0,7050.985186,0.0
2019-03-19,13,0,65,3.07,3.07,0.0,235.672661,0.0
2019-03-19,13,0,67,504.56,504.56,0.0,-263318.070573,0.0
2019-03-19,13,0,68,34.0,34.0,0.0,-12435.344596,0.0
2019-03-19,13,0,69,1.55,1.55,0.0,196.287008,0.0
2019-03-19,13,0,74,31.24,31.24,0.0,720.792357,0.0
2019-03-19,13,0,77,60.0,60.0,0.0,-13649.021384,0.0
2019-03-19,13,0,78,45.36,45.36,0.0,-10318.660167,0.0
2019-03-19,13,0,79,26.25,26.25,0.0,-5971.446856,0.0
2019-03-19,13,0,80,42.45,42.45,0.0,-9656.682629,0.0
2019-03-19,13,0,81,55.5,55.5,0.0,-12625.34478,0.0
2019-03-19,13,0,82,39.15,39.15,0.0,-8905.986453,0.0
2019-03-19,13,0,83,87.3,87.3,0.0,-19859.326114,0.0
2019-03-19,13,0,84,0.0,0.0,0.0,-0.0,0.0
2019-03-19,13,0,86,7.87,7.87,0.0,996.631454,0.0
2019-03-19,13,0,87,40.19,40.19,0.0,5089.532165,0.0
2019-03-19,13,0,88,51.18,51.18,0.0,-11642.615241,0.0
2019-03-19,13,0,89,49.2,49.2,0.0,-11192.197535,0.0
2019-03-19,13,0,90,66.06,66.06,0.0,-15027.572544,0.0
2019-03-19,13,0,91,235.65,235.65,0.0,-53606.531487,0.0
2019-03-19,13,0,92,84.75,84.75,0.0,-19279.242705,0.0
2019-03-19,13,0,95,72.87,72.87,0.0,1851.895841,0.0
2019-03-19,13,0,96,29.88,29.88,0.0,-3191.645669,0.0
2019-03-19,13,0,97,183.75,183.75,0.0,-19627.339076,0.0
2019-03-19,13,0,99,6.03,6.03,0.0,139.128614,0.0
2019-03-19,13,0,101,18.04,18.04,0.0,-18040.0,0.0
2019-03-19,13,0,102,80.5,80.5,0.0,-29442.507059,0.0
2019-03-19,13,0,103,70.0,70.0,0.0,-25602.180051,0.0
2019-03-19,13,0,104,13.0,13.0,0.0,-4754.690581,0.0
2019-03-19,13,0,106,378.81,378.81,0.0,-179753.924853,0.0
2019-03-19,13,0,109,60.0,60.0,0.0,-2224.254581,0.0
2019-03-19,13,0,110,338.6,338.6,0.0,-338600.0,0.0
2019-03-19,13,0,111,24.52,24.52,0.0,-2071.951862,0.0
2019-03-19,13,0,113,45.0,45.0,0.0,-10029.267363,0.0
2019-03-19,13,0,115,45.0,45.0,0.0,-10029.267363,0.0
2019-03-19,13,0,116,184.53,184.53,0.0,-184530.0,0.0
2019-03-19,13,0,117,3.0,3.0,0.0,-668.617824,0.0
2019-03-19,13,0,119,60.0,60.0,0.0,7050.985186,0.0
2019-03-19,13,0,120,35.28,35.28,0.0,4145.97929,0.0
2019-03-19,13,0,123,6.31,6.31,0.0,-2994.237918,0.0
2019-03-19,13,0,125,143.27,143.27,0.0,-67984.859992,0.0
2019-03-19,13,0,126,284.11,284.11,0.0,-134816.629946,0.0
2019-03-19,13,0,127,364.6,364.6,0.0,-173010.958004,0.0
2019-03-19,13,0,128,202.25,202.25,0.0,-95972.205859,0.0
2019-03-19,13,0,131,30.0,30.0,0.0,-9721.427866,0.0
2019-03-19,13,0,132,44.1,44.1,0.0,-14290.498962,0.0
2019-03-19,13,0,133,19.73,19.73,0.0,1556.27474,0.0
2019-03-19,13,0,134,0.0,0.0,0.0,0.0,0.0
2019-03-19,13,0,135,26.43,26.43,0.0,2084.761347,0.0
2019-03-19,13,0,136,4.82,4.82,0.0,369.502958,0.0
2019-03-19,13,0,139,44.94,44.94,0.0,-3797.45174,0.0
2019-03-19,13,0,140,250.6,250.6,0.0,-250600.0,0.0
2019-03-19,13,0,141,230.0,230.0,0.0,-120031.624052,0.0
2019-03-19,13,0,142,665.38,665.38,0.0,-347246.269617,0.0
2019-03-19,13,0,143,29.03,29.03,0.0,-29030.0,0.0
2019-03-19,13,0,145,100.0,100.0,0.0,-10511.808476,0.0
2019-03-19,13,0,146,268.0,268.0,0.0,-268000.0,0.0
2019-03-19,13,0,152,5.55,5.55,0.0,130.549614,0.0
2019-03-19,13,0,153,7.15,7.15,0.0,150.31049,0.0
2019-03-19,13,0,154,101.16,101.16,0.0,-8548.068937,0.0
2019-03-19,13,0,157,57.05,57.05,0.0,-29773.061531,0.0
2019-03-19,13,0,158,296.24,296.24,0.0,-154600.731779,0.0
2019-03-19,13,0,159,0.0,0.0,0.0,0.0,0.0
2019-03-19,13,0,160,2.17,2.17,0.0,41.855806,0.0
2019-03-19,13,0,161,93.95,93.95,0.0,-34361.783083,0.0
2019-03-19,13,0,162,116.74,116.74,0.0,3091.551709,0.0
2019-03-19,13,0,163,104.55,104.55,0.0,-104550.0,0.0
2019-03-19,13,0,164,33.35,33.35,0.0,-33350.0,0.0
2019-03-19,13,0,167,7.97,7.97,0.0,181.520068,0.0
2019-03-19,13,0,168,3.99,3.99,0.0,90.873911,0.0
2019-03-19,13,0,169,0.0,0.0,0.0,0.0,0.0
2019-03-19,13,0,170,8.72,8.72,0.0,198.60163,0.0
2019-03-19,13,0,172,9.26,9.26,0.0,206.633405,0.0
2019-03-19,13,0,173,14.1,14.1,0.0,314.636179,0.0
2019-03-19,13,0,188,12.02,12.02,0.0,116.458001,0.0
2019-03-19,13,0,190,14.55,14.55,0.0,471.820956,0.0
2019-03-19,13,0,191,37.58,37.58,0.0,1218.627596,0.0
2019-03-19,13,0,192,332.6,332.6,0.0,10785.405497,0.0
2019-03-19,13,0,194,52.95,52.95,0.0,-5419.586025,0.0
2019-03-19,13,0,196,9.85,9.85,0.0,2782.412569,0.0
2019-03-19,13,0,198,13.08,13.08,0.0,522.687954,0.0
2019-03-19,13,0,199,15.98,15.98,0.0,736.128517,0.0
2019-03-19,13,0,200,20.9,20.9,0.0,962.771339,0.0
2019-03-19,13,0,204,257.1,257.1,0.0,-11004.656474,0.0
2019-03-19,13,0,205,317.4,317.4,0.0,-11766.306733,0.0
2019-03-19,13,0,206,539.94,539.94,0.0,-57673.934481,0.0
2019-03-19,13,0,210,2.9,2.9,0.0,-8.321473,0.0
2019-03-19,13,0,214,17.64,17.64,0.0,2734.687722,0.0
2019-03-19,13,0,217,12.84,12.84,0.0,1260.475536,0.0
2019-03-19,13,0,218,17.71,17.71,0.0,1738.553096,0.0
2019-03-19,13,0,219,12.07,12.07,0.0,1184.886271,0.0
2019-03-19,13,0,221,9.41,9.41,0.0,1458.810174,0.0
2019-03-19,13,0,225,9.86,9.86,0.0,37.464832,0.0
2019-03-19,13,0,233,4.45,4.45,0.0,563.533668,0.0
2019-03-19,13,0,236,28.97,28.97,0.0,1511.823189,0.0
2019-03-19,13,0,237,74.93,74.93,0.0,1728.84031,0.0
2019-03-19,13,0,238,45.58,45.58,0.0,3113.342051,0.0
2019-03-19,13,0,240,8.25,8.25,0.0,-24.039563,0.0
2019-03-19,13,0,245,14.52,14.52,0.0,1245.748134,0.0
2019-03-19,13,0,247,14.45,14.45,0.0,1239.742461,0.0
2019-03-19,13,0,248,7.52,7.52,0.0,173.506995,0.0
2019-03-19,13,0,249,27.92,27.92,0.0,2395.405502,0.0
2019-03-19,13,0,251,19.09,19.09,0.0,1404.966044,0.0
2019-03-19,13,0,252,19.79,19.79,0.0,1519.20585,0.0
2019-03-19,13,0,254,12.61,12.61,0.0,61.214385,0.0
2019-03-19,13,0,255,5.78,5.78,0.0,28.058616,0.0
2019-03-19,13,0,258,11.67,11.67,0.0,-28.477001,0.0
2019-03-19,13,0,260,5.27,5.27,0.0,101.649815,0.0
2019-03-19,13,0,265,104.74,104.74,0.0,-8850.580668,0.0
2019-03-19,13,0,266,29.1,29.1,0.0,-2458.964077,0.0
2019-03-19,13,0,267,35.76,35.76,0.0,-3021.737299,0.0
2019-03-19,13,0,270,325.32,325.32,0.0,-325320.0,0.0
2019-03-19,13,0,272,150.39,150.39,0.0,-33517.811526,0.0
2019-03-19,13,0,273,44.13,44.13,0.0,-44130.0,0.0
2019-03-19,13,0,274,419.18,419.18,0.0,-419180.0,0.0
2019-03-19,13,0,275,583.24,583.24,0.0,-583240.0,0.0
2019-03-19,13,0,276,9.99,9.99,0.0,-8923.518978,0.0
2019-03-19,13,0,277,11.64,11.64,0.0,-2615.755526,0.0
2019-03-19,13,0,278,18.63,18.63,0.0,-4186.557169,0.0
2019-03-19,13,0,279,378.16,378.16,0.0,-84980.593616,0.0
2019-03-19,13,0,281,14.77,14.77,0.0,-14770.0,0.0
2019-03-19,13,0,282,491.32,491.32,0.0,-491320.0,0.0
2019-03-19,14,0,9,4.91,4.91,0.0,-2401.78838,0.0
2019-03-19,14,0,17,24.52,24.52,0.0,423.889944,0.0
2019-03-19,14,0,19,145.64,145.64,0.0,2517.754137,0.0
2019-03-19,14,0,20,176.64,176.64,0.0,3053.667198,0.0
2019-03-19,14,0,21,112.28,112.28,0.0,-54923.177048,0.0
2019-03-19,14,0,22,399.04,399.04,0.0,-195195.445041,0.0
2019-03-19,14,0,23,37.12,37.12,0.0,-18157.715818,0.0
2019-03-19,14,0,24,63.83,63.83,0.0,-31223.24894,0.0
2019-03-19,14,0,29,10.54,10.54,0.0,46.877326,0.0
2019-03-19,14,0,30,952.57,952.57,0.0,-952570.0,0.0
2019-03-19,14,0,31,31.99,31.99,0.0,-31990.0,0.0
2019-03-19,14,0,32,6.31,6.31,0.0,182.341573,0.0
2019-03-19,14,0,33,1.58,1.58,0.0,86.616613,0.0
2019-03-19,14,0,34,2.52,2.52,0.0,138.148016,0.0
2019-03-19,14,0,35,2.52,2.52,0.0,138.148016,0.0
2019-03-19,14,0,36,7.57,7.57,0.0,-333.526716,0.0
2019-03-19,14,0,37,2.83,2.83,0.0,-128.268287,0.0
2019-03-19,14,0,38,3.64,3.64,0.0,-164.981118,0.0
2019-03-19,14,0,39,2.43,2.43,0.0,-110.138494,0.0
2019-03-19,14,0,40,2.43,2.43,0.0,-110.138494,0.0
2019-03-19,14,0,41,34.8,34.8,0.0,-4092.799154,0.0
2019-03-19,14,0,42,36.26,36.26,0.0,331.838931,0.0
2019-03-19,14,0,43,27.97,27.97,0.0,-1092.152168,0.0
2019-03-19,14,0,46,25.28,25.28,0.0,-1453.078251,0.0
2019-03-19,14,0,52,33.91,33.91,0.0,-33910.0,0.0
2019-03-19,14,0,53,53.88,53.88,0.0,-53880.0,0.0
2019-03-19,14,0,55,287.09,287.09,0.0,-140433.691652,0.0
2019-03-19,14,0,56,280.97,280.97,0.0,-280970.0,0.0
2019-03-19,14,0,57,267.27,267.27,0.0,-267270.0,0.0
2019-03-19,14,0,58,513.98,513.98,0.0,-513980.0,0.0
2019-03-19,14,0,59,505.41,505.41,0.0,-505410.0,0.0
2019-03-19,14,0,63,51.0,51.0,0.0,5897.479107,0.0
2019-03-19,14,0,64,60.0,60.0,0.0,6938.210714,0.0
2019-03-19,14,0,65,3.04,3.04,0.0,47.959598,0.0
2019-03-19,14,0,67,512.52,512.52,0.0,-270004.045183,0.0
2019-03-19,14,0,68,19.16,19.16,0.0,-7133.240313,0.0
2019-03-19,14,0,69,1.58,1.58,0.0,86.616613,0.0
2019-03-19,14,0,74,44.83,44.83,0.0,-1195.831634,0.0
2019-03-19,14,0,77,60.0,60.0,0.0,-14186.808575,0.0
2019-03-19,14,0,78,45.36,45.36,0.0,-10725.227282,0.0
2019-03-19,14,0,79,26.25,26.25,0.0,-6206.728751,0.0
2019-03-19,14,0,80,42.45,42.45,0.0,-10037.167067,0.0
2019-03-19,14,0,81,55.5,55.5,0.0,-13122.797932,0.0
2019-03-19,14,0,82,39.15,39.15,0.0,-9256.892595,0.0
2019-03-19,14,0,83,87.3,87.3,0.0,-20641.806476,0.0
2019-03-19,14,0,84,0.0,0.0,0.0,-0.0,0.0
2019-03-19,14,0,86,7.99,7.99,0.0,438.016924,0.0
2019-03-19,14,0,87,40.8,40.8,0.0,2236.682164,0.0
2019-03-19,14,0,88,51.18,51.18,0.0,-12101.347714,0.0
2019-03-19,14,0,89,49.2,49.2,0.0,-11633.183031,0.0
2019-03-19,14,0,90,66.06,66.06,0.0,-15619.676241,0.0
2019-03-19,14,0,91,235.65,235.65,0.0,-55718.690677,0.0
2019-03-19,14,0,92,84.75,84.75,0.0,-20038.867112,0.0
2019-03-19,14,0,95,80.3,80.3,0.0,2040.719584,0.0
2019-03-19,14,0,96,31.39,31.39,0.0,-4122.694166,0.0
2019-03-19,14,0,97,210.51,210.51,0.0,-27647.92446,0.0
2019-03-19,14,0,99,8.65,8.65,0.0,-230.737088,0.0
2019-03-19,14,0,101,19.19,19.19,0.0,-19190.0,0.0
2019-03-19,14,0,102,45.25,45.25,0.0,-16846.509613,0.0
2019-03-19,14,0,103,39.36,39.36,0.0,-14653.671124,0.0
2019-03-19,14,0,104,7.37,7.37,0.0,-2743.84035,0.0
2019-03-19,14,0,106,392.83,392.83,0.0,-192157.745277,0.0
2019-03-19,14,0,109,60.0,60.0,0.0,-4472.462353,0.0
2019-03-19,14,0,110,338.6,338.6,0.0,-338600.0,0.0
2019-03-19,14,0,111,25.62,25.62,0.0,-3013.146964,0.0
2019-03-19,14,0,113,45.0,45.0,0.0,-10289.700369,0.0
2019-03-19,14,0,115,45.0,45.0,0.0,-10289.700369,0.0
2019-03-19,14,0,116,192.1,192.1,0.0,-192100.0,0.0
2019-03-19,14,0,117,3.0,3.0,0.0,-685.980025,0.0
2019-03-19,14,0,119,60.0,60.0,0.0,6938.210714,0.0
2019-03-19,14,0,120,35.28,35.28,0.0,4079.6679,0.0
2019-03-19,14,0,123,6.55,6.55,0.0,-3204.015049,0.0
2019-03-19,14,0,125,58.19,58.19,0.0,-28464.37186,0.0
2019-03-19,14,0,126,294.62,294.62,0.0,-144117.086051,0.0
2019-03-19,14,0,127,378.09,378.09,0.0,-184947.488511,0.0
2019-03-19,14,0,128,80.76,80.76,0.0,-39504.771806,0.0
2019-03-19,14,0,131,30.0,30.0,0.0,-9930.946311,0.0
2019-03-19,14,0,132,44.1,44.1,0.0,-14598.491078,0.0
2019-03-19,14,0,133,25.78,25.78,0.0,449.34305,0.0
2019-03-19,14,0,134,0.0,0.0,0.0,0.0,0.0
2019-03-19,14,0,135,34.54,34.54,0.0,602.029051,0.0
2019-03-19,14,0,136,4.99,4.99,0.0,78.30914,0.0
2019-03-19,14,0,139,44.94,44.94,0.0,-5285.356149,0.0
2019-03-19,14,0,140,250.6,250.6,0.0,-250600.0,0.0
2019-03-19,14,0,141,230.0,230.0,0.0,-121167.818606,0.0
2019-03-19,14,0,142,675.89,675.89,0.0,-356070.073555,0.0
2019-03-19,14,0,143,30.7,30.7,0.0,-30700.0,0.0
2019-03-19,14,0,145,56.12,56.12,0.0,-7513.389265,0.0
2019-03-19,14,0,146,82.52,82.52,0.0,-82520.0,0.0
2019-03-19,14,0,152,5.71,5.71,0.0,-146.493468,0.0
2019-03-19,14,0,153,7.32,7.32,0.0,-202.005041,0.0
2019-03-19,14,0,154,105.69,105.69,0.0,-12430.113294,0.0
2019-03-19,14,0,157,5.46,5.46,0.0,-2876.41865,0.0
2019-03-19,14,0,158,305.86,305.86,0.0,-161132.126082,0.0
2019-03-19,14,0,159,0.0,0.0,0.0,-0.0,0.0
2019-03-19,14,0,160,2.25,2.25,0.0,-40.32737,0.0
2019-03-19,14,0,161,96.48,96.48,0.0,-35919.364585,0.0
2019-03-19,14,0,162,134.42,134.42,0.0,3555.331135,0.0
2019-03-19,14,0,163,130.61,130.61,0.0,-130610.0,0.0
2019-03-19,14,0,164,33.78,33.78,0.0,-33780.0,0.0
2019-03-19,14,0,167,7.88,7.88,0.0,179.761228,0.0
2019-03-19,14,0,168,3.94,3.94,0.0,89.880614,0.0
2019-03-19,14,0,169,0.0,0.0,0.0,0.0,0.0
2019-03-19,14,0,170,8.62,8.62,0.0,196.642358,0.0
2019-03-19,14,0,172,9.19,9.19,0.0,191.977226,0.0
2019-03-19,14,0,173,14.0,14.0,0.0,292.457145,0.0
2019-03-19,14,0,188,12.09,12.09,0.0,123.267961,0.0
2019-03-19,14,0,190,15.18,15.18,0.0,492.250317,0.0
2019-03-19,14,0,191,39.21,39.21,0.0,1271.484515,0.0
2019-03-19,14,0,192,332.6,332.6,0.0,10785.405497,0.0
2019-03-19,14,0,194,52.95,52.95,0.0,-5632.719458,0.0
2019-03-19,14,0,196,10.16,10.16,0.0,2833.609041,0.0
2019-03-19,14,0,198,13.46,13.46,0.0,156.76405,0.0
2019-03-19,14,0,199,39.84,39.84,0.0,1572.902031,0.0
2019-03-19,14,0,200,21.18,21.18,0.0,836.196411,0.0
2019-03-19,14,0,204,257.1,257.1,0.0,-20367.275586,0.0
2019-03-19,14,0,205,317.4,317.4,0.0,-23659.32585,0.0
2019-03-19,14,0,206,745.19,745.19,0.0,-97871.629987,0.0
2019-03-19,14,0,210,2.88,2.88,0.0,9.329854,0.0
2019-03-19,14,0,214,17.82,17.82,0.0,1372.73571,0.0
2019-03-19,14,0,217,12.67,12.67,0.0,653.355567,0.0
2019-03-19,14,0,218,17.48,17.48,0.0,901.393474,0.0
2019-03-19,14,0,219,11.91,11.91,0.0,614.164546,0.0
2019-03-19,14,0,221,9.51,9.51,0.0,732.587913,0.0
2019-03-19,14,0,225,9.97,9.97,0.0,45.505347,0.0
2019-03-19,14,0,233,4.52,4.52,0.0,247.789299,0.0
2019-03-19,14,0,236,20.44,20.44,0.0,-69.59106,0.0
2019-03-19,14,0,237,107.53,107.53,0.0,-2868.342085,0.0
2019-03-19,14,0,238,47.19,47.19,0.0,431.866496,0.0
2019-03-19,14,0,240,8.58,8.58,0.0,-378.026317,0.0
2019-03-19,14,0,245,22.06,22.06,0.0,503.963757,0.0
2019-03-19,14,0,247,22.21,22.21,0.0,507.390527,0.0
2019-03-19,14,0,248,10.79,10.79,0.0,-287.821176,0.0
2019-03-19,14,0,249,42.42,42.42,0.0,969.090778,0.0
2019-03-19,14,0,251,16.82,16.82,0.0,223.618928,0.0
2019-03-19,14,0,252,19.61,19.61,0.0,309.37096,0.0
2019-03-19,14,0,254,12.63,12.63,0.0,-426.21845,0.0
2019-03-19,14,0,255,5.79,5.79,0.0,-195.392306,0.0
2019-03-19,14,0,258,12.17,12.17,0.0,-526.34732,0.0
2019-03-19,14,0,260,5.46,5.46,0.0,-97.861085,0.0
2019-03-19,14,0,265,109.43,109.43,0.0,-12869.971594,0.0
2019-03-19,14,0,266,29.1,29.1,0.0,-3422.426879,0.0
2019-03-19,14,0,267,35.76,35.76,0.0,-4205.703959,0.0
2019-03-19,14,0,270,454.05,454.05,0.0,-454050.0,0.0
2019-03-19,14,0,272,150.39,150.39,0.0,-34388.178634,0.0
2019-03-19,14,0,273,45.94,45.94,0.0,-45940.0,0.0
2019-03-19,14,0,274,605.65,605.65,0.0,-605650.0,0.0
2019-03-19,14,0,275,880.86,880.86,0.0,-880860.0,0.0
2019-03-19,14,0,276,10.29,10.29,0.0,-9202.842313,0.0
2019-03-19,14,0,277,12.0,12.0,0.0,-2781.38235,0.0
2019-03-19,14,0,278,19.2,19.2,0.0,-4450.211761,0.0
2019-03-19,14,0,279,264.6,264.6,0.0,-61329.480827,0.0
2019-03-19,14,0,281,14.36,14.36,0.0,-14360.0,0.0
2019-03-19,14,0,282,522.54,522.54,0.0,-522540.0,0.0
2019-03-19,15,0,9,4.71,4.71,0.0,-2317.35307,0.0
2019-03-19,15,0,17,23.72,23.72,0.0,-6.149064,0.0
2019-03-19,15,0,19,171.5,171.5,0.0,-44.45887,0.0
2019-03-19,15,0,20,207.99,207.99,0.0,-53.918369,0.0
2019-03-19,15,0,21,107.62,107.62,0.0,-52949.795634,0.0
2019-03-19,15,0,22,382.48,382.48,0.0,-188182.845514,0.0
2019-03-19,15,0,23,25.07,25.07,0.0,-12334.616024,0.0
2019-03-19,15,0,24,44.36,44.36,0.0,-21825.431466,0.0
2019-03-19,15,0,29,9.65,9.65,0.0,73.848516,0.0
2019-03-19,15,0,30,922.37,922.37,0.0,-922370.0,0.0
2019-03-19,15,0,31,32.35,32.35,0.0,-32350.0,0.0
2019-03-19,15,0,32,5.95,5.95,0.0,171.237527,0.0
2019-03-19,15,0,33,1.55,1.55,0.0,50.940277,0.0
2019-03-19,15,0,34,2.48,2.48,0.0,81.504443,0.0
2019-03-19,15,0,35,2.48,2.48,0.0,81.504443,0.0
2019-03-19,15,0,36,7.31,7.31,0.0,-382.868198,0.0
2019-03-19,15,0,37,2.75,2.75,0.0,-146.199399,0.0
2019-03-19,15,0,38,3.54,3.54,0.0,-188.1985,0.0
2019-03-19,15,0,39,2.36,2.36,0.0,-125.465666,0.0
2019-03-19,15,0,40,2.36,2.36,0.0,-125.465666,0.0
2019-03-19,15,0,41,58.96,58.96,0.0,-7359.732552,0.0
2019-03-19,15,0,42,34.93,34.93,0.0,-259.856224,0.0
2019-03-19,15,0,43,26.47,26.47,0.0,-1211.698625,0.0
2019-03-19,15,0,46,24.33,24.33,0.0,-1569.61887,0.0
2019-03-19,15,0,52,34.29,34.29,0.0,-34290.0,0.0
2019-03-19,15,0,53,54.48,54.48,0.0,-54480.0,0.0
2019-03-19,15,0,55,259.7,259.7,0.0,-127774.223437,0.0
2019-03-19,15,0,56,272.06,272.06,0.0,-272060.0,0.0
2019-03-19,15,0,57,258.79,258.79,0.0,-258790.0,0.0
2019-03-19,15,0,58,497.68,497.68,0.0,-497680.0,0.0
2019-03-19,15,0,59,489.38,489.38,0.0,-489380.0,0.0
2019-03-19,15,0,63,51.0,51.0,0.0,5897.68991,0.0
2019-03-19,15,0,64,60.0,60.0,0.0,6938.458717,0.0
2019-03-19,15,0,65,3.42,3.42,0.0,-5.44815,0.0
2019-03-19,15,0,67,485.19,485.19,0.0,-255817.386623,0.0
2019-03-19,15,0,68,32.41,32.41,0.0,-12084.91442,0.0
2019-03-19,15,0,69,1.55,1.55,0.0,50.940277,0.0
2019-03-19,15,0,74,61.3,61.3,0.0,-2413.813316,0.0
2019-03-19,15,0,77,60.0,60.0,0.0,-14244.135132,0.0
2019-03-19,15,0,78,45.36,45.36,0.0,-10768.56616,0.0
2019-03-19,15,0,79,26.25,26.25,0.0,-6231.80912,0.0
2019-03-19,15,0,80,42.45,42.45,0.0,-10077.725606,0.0
2019-03-19,15,0,81,55.5,55.5,0.0,-13175.824997,0.0
2019-03-19,15,0,82,39.15,39.15,0.0,-9294.298174,0.0
2019-03-19,15,0,83,87.3,87.3,0.0,-20725.216617,0.0
2019-03-19,15,0,84,0.0,0.0,0.0,-0.0,0.0
2019-03-19,15,0,86,7.86,7.86,0.0,258.316501,0.0
2019-03-19,15,0,87,40.1,40.1,0.0,1317.874262,0.0
2019-03-19,15,0,88,51.18,51.18,0.0,-12150.247268,0.0
2019-03-19,15,0,89,49.2,49.2,0.0,-11680.190808,0.0
2019-03-19,15,0,90,66.06,66.06,0.0,-15682.79278,0.0
2019-03-19,15,0,91,235.65,235.65,0.0,-55943.840731,0.0
2019-03-19,15,0,92,84.75,84.75,0.0,-20119.840874,0.0
2019-03-19,15,0,95,90.64,90.64,0.0,2303.497174,0.0
2019-03-19,15,0,96,29.11,29.11,0.0,-3961.228837,0.0
2019-03-19,15,0,97,179.01,179.01,0.0,-24359.312059,0.0
2019-03-19,15,0,99,11.83,11.83,0.0,-465.830531,0.0
2019-03-19,15,0,101,18.58,18.58,0.0,-18580.0,0.0
2019-03-19,15,0,102,76.73,76.73,0.0,-28610.783198,0.0
2019-03-19,15,0,103,66.72,66.72,0.0,-24878.293431,0.0
2019-03-19,15,0,104,12.39,12.39,0.0,-4619.934886,0.0
2019-03-19,15,0,106,376.52,376.52,0.0,-185250.483667,0.0
2019-03-19,15,0,109,60.0,60.0,0.0,-4939.410946,0.0
2019-03-19,15,0,110,338.6,338.6,0.0,-338600.0,0.0
2019-03-19,15,0,111,25.05,25.05,0.0,-3126.887728,0.0
2019-03-19,15,0,113,45.0,45.0,0.0,-10295.641682,0.0
2019-03-19,15,0,115,45.0,45.0,0.0,-10295.641682,0.0
2019-03-19,15,0,116,184.23,184.23,0.0,-184230.0,0.0
2019-03-19,15,0,117,3.0,3.0,0.0,-686.376112,0.0
2019-03-19,15,0,119,60.0,60.0,0.0,6938.458717,0.0
2019-03-19,15,0,120,35.28,35.28,0.0,4079.813726,0.0
2019-03-19,15,0,123,6.28,6.28,0.0,-3089.804094,0.0
2019-03-19,15,0,125,40.14,40.14,0.0,-19749.161836,0.0
2019-03-19,15,0,126,282.39,282.39,0.0,-138937.86275,0.0
2019-03-19,15,0,127,362.4,362.4,0.0,-178303.344526,0.0
2019-03-19,15,0,128,57.49,57.49,0.0,-28285.483656,0.0
2019-03-19,15,0,131,68.49,68.49,0.0,-22714.507066,0.0
2019-03-19,15,0,132,100.79,100.79,0.0,-33426.70707,0.0
2019-03-19,15,0,133,33.44,33.44,0.0,-4.466647,0.0
2019-03-19,15,0,134,0.0,0.0,0.0,0.0,0.0
2019-03-19,15,0,135,44.8,44.8,0.0,-5.984025,0.0
2019-03-19,15,0,136,5.46,5.46,0.0,-9.097718,0.0
2019-03-19,15,0,139,76.67,76.67,0.0,-9570.398487,0.0
2019-03-19,15,0,140,250.6,250.6,0.0,-250600.0,0.0
2019-03-19,15,0,141,192.65,192.65,0.0,-101575.09333,0.0
2019-03-19,15,0,142,639.84,639.84,0.0,-337356.904835,0.0
2019-03-19,15,0,143,33.95,33.95,0.0,-33950.0,0.0
2019-03-19,15,0,145,30.0,30.0,0.0,-4189.579288,0.0
2019-03-19,15,0,146,11.21,11.21,0.0,-11210.0,0.0
2019-03-19,15,0,152,5.55,5.55,0.0,-210.68436,0.0
2019-03-19,15,0,153,7.1,7.1,0.0,-281.593405,0.0
2019-03-19,15,0,154,103.34,103.34,0.0,-12899.504103,0.0
2019-03-19,15,0,157,0.0,0.0,0.0,-0.0,0.0
2019-03-19,15,0,158,294.28,294.28,0.0,-155159.711732,0.0
2019-03-19,15,0,159,0.0,0.0,0.0,-0.0,0.0
2019-03-19,15,0,160,2.15,2.15,0.0,-47.888174,0.0
2019-03-19,15,0,161,92.28,92.28,0.0,-34409.006562,0.0
2019-03-19,15,0,162,154.36,154.36,0.0,4083.12369,0.0
2019-03-19,15,0,163,142.89,142.89,0.0,-142890.0,0.0
2019-03-19,15,0,164,32.93,32.93,0.0,-32930.0,0.0
2019-03-19,15,0,167,7.26,7.26,0.0,165.644128,0.0
2019-03-19,15,0,168,3.63,3.63,0.0,82.822064,0.0
2019-03-19,15,0,169,0.0,0.0,0.0,0.0,0.0
2019-03-19,15,0,170,7.94,7.94,0.0,181.159005,0.0
2019-03-19,15,0,172,8.61,8.61,0.0,181.66904,0.0
2019-03-19,15,0,173,13.12,13.12,0.0,276.829014,0.0
2019-03-19,15,0,188,11.46,11.46,0.0,115.344881,0.0
2019-03-19,15,0,190,14.61,14.61,0.0,473.766609,0.0
2019-03-19,15,0,191,37.75,37.75,0.0,1224.140281,0.0
2019-03-19,15,0,192,332.6,332.6,0.0,10785.405497,0.0
2019-03-19,15,0,194,52.95,52.95,0.0,-5604.63492,0.0
2019-03-19,15,0,196,9.61,9.61,0.0,2680.03228,0.0
2019-03-19,15,0,198,12.91,12.91,0.0,188.394806,0.0
2019-03-19,15,0,199,54.01,54.01,0.0,2807.196188,0.0
2019-03-19,15,0,200,20.13,20.13,0.0,1046.266604,0.0
2019-03-19,15,0,204,257.1,257.1,0.0,-22268.399033,0.0
2019-03-19,15,0,205,317.4,317.4,0.0,-26129.483903,0.0
2019-03-19,15,0,206,526.02,526.02,0.0,-71579.718056,0.0
2019-03-19,15,0,210,2.73,2.73,0.0,43.188369,0.0
2019-03-19,15,0,214,16.9,16.9,0.0,886.514584,0.0
2019-03-19,15,0,217,11.94,11.94,0.0,438.676246,0.0
2019-03-19,15,0,218,16.48,16.48,0.0,605.476092,0.0
2019-03-19,15,0,219,11.23,11.23,0.0,412.590808,0.0
2019-03-19,15,0,221,9.01,9.01,0.0,472.632923,0.0
2019-03-19,15,0,225,9.21,9.21,0.0,63.217098,0.0
2019-03-19,15,0,233,4.44,4.44,0.0,145.919245,0.0
2019-03-19,15,0,236,32.65,32.65,0.0,-603.087671,0.0
2019-03-19,15,0,237,147.06,147.06,0.0,-5790.789335,0.0
2019-03-19,15,0,238,45.47,45.47,0.0,-338.266891,0.0
2019-03-19,15,0,240,8.28,8.28,0.0,-433.67287,0.0
2019-03-19,15,0,245,33.52,33.52,0.0,155.717334,0.0
2019-03-19,15,0,247,36.02,36.02,0.0,167.331097,0.0
2019-03-19,15,0,248,14.76,14.76,0.0,-581.205294,0.0
2019-03-19,15,0,249,64.46,64.46,0.0,299.449264,0.0
2019-03-19,15,0,251,16.96,16.96,0.0,-64.157806,0.0
2019-03-19,15,0,252,22.08,22.08,0.0,-35.174021,0.0
2019-03-19,15,0,254,12.15,12.15,0.0,-484.525371,0.0
2019-03-19,15,0,255,5.57,5.57,0.0,-222.123976,0.0
2019-03-19,15,0,258,11.7,11.7,0.0,-600.327618,0.0
2019-03-19,15,0,260,5.22,5.22,0.0,-116.268031,0.0
2019-03-19,15,0,265,107.0,107.0,0.0,-13356.366741,0.0
2019-03-19,15,0,266,49.03,49.03,0.0,-6120.211788,0.0
2019-03-19,15,0,267,60.63,60.63,0.0,-7568.191734,0.0
2019-03-19,15,0,270,466.38,466.38,0.0,-466380.0,0.0
2019-03-19,15,0,272,150.39,150.39,0.0,-34408.034501,0.0
2019-03-19,15,0,273,44.06,44.06,0.0,-44060.0,0.0
2019-03-19,15,0,274,614.3,614.3,0.0,-614300.0,0.0
2019-03-19,15,0,275,881.73,881.73,0.0,-881730.0,0.0
2019-03-19,15,0,276,9.99,9.99,0.0,-8935.508999,0.0
2019-03-19,15,0,277,11.56,11.56,0.0,-2684.740772,0.0
2019-03-19,15,0,278,18.49,18.49,0.0,-4294.191772,0.0
2019-03-19,15,0,279,264.6,264.6,0.0,-61451.765429,0.0
2019-03-19,15,0,281,14.52,14.52,0.0,-14520.0,0.0
2019-03-19,15,0,282,505.97,505.97,0.0,-505970.0,0.0
2019-03-19,16,0,9,4.14,4.14,0.0,-2034.472898,0.0
2019-03-19,16,0,17,24.76,24.76,0.0,52.774562,0.0
2019-03-19,16,0,19,332.0,332.0,0.0,707.639525,0.0
2019-03-19,16,0,20,419.03,419.03,0.0,893.139128,0.0
2019-03-19,16,0,21,94.59,94.59,0.0,-46483.282953,0.0
2019-03-19,16,0,22,336.15,336.15,0.0,-165190.353786,0.0
2019-03-19,16,0,23,22.8,22.8,0.0,-11204.343496,0.0
2019-03-19,16,0,24,40.35,40.35,0.0,-19828.739477,0.0
2019-03-19,16,0,29,9.01,9.01,0.0,64.030299,0.0
2019-03-19,16,0,30,790.56,790.56,0.0,-790560.0,0.0
2019-03-19,16,0,31,34.18,34.18,0.0,-34180.0,0.0
2019-03-19,16,0,32,4.84,4.84,0.0,139.103808,0.0
2019-03-19,16,0,33,1.37,1.37,0.0,48.819218,0.0
2019-03-19,16,0,34,2.19,2.19,0.0,78.039481,0.0
2019-03-19,16,0,35,2.19,2.19,0.0,78.039481,0.0
2019-03-19,16,0,36,5.83,5.83,0.0,-295.637853,0.0
2019-03-19,16,0,37,2.35,2.35,0.0,-121.088803,0.0
2019-03-19,16,0,38,3.02,3.02,0.0,-155.611994,0.0
2019-03-19,16,0,39,2.01,2.01,0.0,-103.569572,0.0
2019-03-19,16,0,40,2.01,2.01,0.0,-103.569572,0.0
2019-03-19,16,0,41,82.36,82.36,0.0,-10171.559368,0.0
2019-03-19,16,0,42,32.86,32.86,0.0,-168.599278,0.0
2019-03-19,16,0,43,20.38,20.38,0.0,-900.200893,0.0
2019-03-19,16,0,46,19.89,19.89,0.0,-1252.47263,0.0
2019-03-19,16,0,52,36.23,36.23,0.0,-36230.0,0.0
2019-03-19,16,0,53,57.56,57.56,0.0,-57560.0,0.0
2019-03-19,16,0,55,243.81,243.81,0.0,-119812.762625,0.0
2019-03-19,16,0,56,233.19,233.19,0.0,-233190.0,0.0
2019-03-19,16,0,57,221.81,221.81,0.0,-221810.0,0.0
2019-03-19,16,0,58,426.56,426.56,0.0,-426560.0,0.0
2019-03-19,16,0,59,419.45,419.45,0.0,-419450.0,0.0
2019-03-19,16,0,63,51.0,51.0,0.0,5900.301353,0.0
2019-03-19,16,0,64,60.0,60.0,0.0,6941.531003,0.0
2019-03-19,16,0,65,4.29,4.29,0.0,3.356447,0.0
2019-03-19,16,0,67,423.85,423.85,0.0,-223391.88494,0.0
2019-03-19,16,0,68,29.88,29.88,0.0,-11133.695016,0.0
2019-03-19,16,0,69,1.37,1.37,0.0,48.819218,0.0
2019-03-19,16,0,74,50.57,50.57,0.0,-1891.985901,0.0
2019-03-19,16,0,77,59.01,59.01,0.0,-13987.908708,0.0
2019-03-19,16,0,78,44.61,44.61,0.0,-10574.489196,0.0
2019-03-19,16,0,79,25.82,25.82,0.0,-6120.450819,0.0
2019-03-19,16,0,80,41.75,41.75,0.0,-9896.546154,0.0
2019-03-19,16,0,81,54.58,54.58,0.0,-12937.808122,0.0
2019-03-19,16,0,82,38.5,38.5,0.0,-9126.156334,0.0
2019-03-19,16,0,83,85.86,85.86,0.0,-20352.51384,0.0
2019-03-19,16,0,84,0.0,0.0,0.0,-0.0,0.0
2019-03-19,16,0,86,6.92,6.92,0.0,246.590505,0.0
2019-03-19,16,0,87,35.33,35.33,0.0,1258.965684,0.0
2019-03-19,16,0,88,51.18,51.18,0.0,-12131.861848,0.0
2019-03-19,16,0,89,49.2,49.2,0.0,-11662.516666,0.0
2019-03-19,16,0,90,66.06,66.06,0.0,-15659.062011,0.0
2019-03-19,16,0,91,235.65,235.65,0.0,-55859.188054,0.0
2019-03-19,16,0,92,84.75,84.75,0.0,-20089.396085,0.0
2019-03-19,16,0,95,104.37,104.37,0.0,2652.427185,0.0
2019-03-19,16,0,96,28.0,28.0,0.0,-3782.583445,0.0
2019-03-19,16,0,97,172.21,172.21,0.0,-23264.23911,0.0
2019-03-19,16,0,99,11.09,11.09,0.0,-414.912471,0.0
2019-03-19,16,0,101,15.92,15.92,0.0,-15920.0,0.0
2019-03-19,16,0,102,70.75,70.75,0.0,-26362.413734,0.0
2019-03-19,16,0,103,61.52,61.52,0.0,-22923.190006,0.0
2019-03-19,16,0,104,11.43,11.43,0.0,-4258.973696,0.0
2019-03-19,16,0,106,330.91,330.91,0.0,-162615.320456,0.0
2019-03-19,16,0,109,60.0,60.0,0.0,-4848.776637,0.0
2019-03-19,16,0,110,274.03,274.03,0.0,-274030.0,0.0
2019-03-19,16,0,111,18.0,18.0,0.0,-2223.021717,0.0
2019-03-19,16,0,113,45.0,45.0,0.0,-10285.23309,0.0
2019-03-19,16,0,115,45.0,45.0,0.0,-10285.23309,0.0
2019-03-19,16,0,116,159.11,159.11,0.0,-159110.0,0.0
2019-03-19,16,0,117,3.0,3.0,0.0,-685.682206,0.0
2019-03-19,16,0,119,60.0,60.0,0.0,6941.531003,0.0
2019-03-19,16,0,120,35.28,35.28,0.0,4081.62023,0.0
2019-03-19,16,0,123,5.52,5.52,0.0,-2712.630531,0.0
2019-03-19,16,0,125,36.51,36.51,0.0,-17941.692151,0.0
2019-03-19,16,0,126,248.18,248.18,0.0,-121960.261796,0.0
2019-03-19,16,0,127,318.5,318.5,0.0,-156516.815948,0.0
2019-03-19,16,0,128,52.29,52.29,0.0,-25696.277256,0.0
2019-03-19,16,0,131,25.5,25.5,0.0,-8449.866759,0.0
2019-03-19,16,0,132,37.49,37.49,0.0,-12422.960972,0.0
2019-03-19,16,0,133,50.5,50.5,0.0,114.05657,0.0
2019-03-19,16,0,134,0.0,0.0,0.0,0.0,0.0
2019-03-19,16,0,135,64.2,64.2,0.0,144.99865,0.0
2019-03-19,16,0,136,6.29,6.29,0.0,4.455385,0.0
2019-03-19,16,0,139,107.25,107.25,0.0,-13245.504398,0.0
2019-03-19,16,0,140,202.81,202.81,0.0,-202810.0,0.0
2019-03-19,16,0,141,165.85,165.85,0.0,-87411.924306,0.0
2019-03-19,16,0,142,558.95,558.95,0.0,-294596.895334,0.0
2019-03-19,16,0,143,39.01,39.01,0.0,-39010.0,0.0
2019-03-19,16,0,145,30.0,30.0,0.0,-4154.84959,0.0
2019-03-19,16,0,146,0.0,0.0,0.0,-0.0,0.0
2019-03-19,16,0,152,4.47,4.47,0.0,-160.985965,0.0
2019-03-19,16,0,153,5.8,5.8,0.0,-218.862685,0.0
2019-03-19,16,0,154,74.23,74.23,0.0,-9167.494559,0.0
2019-03-19,16,0,157,15.39,15.39,0.0,-8111.362768,0.0
2019-03-19,16,0,158,324.18,324.18,0.0,-170860.401698,0.0
2019-03-19,16,0,159,0.0,0.0,0.0,-0.0,0.0
2019-03-19,16,0,160,1.65,1.65,0.0,-34.157927,0.0
2019-03-19,16,0,161,78.97,78.97,0.0,-29425.297705,0.0
2019-03-19,16,0,162,162.5,162.5,0.0,4298.69273,0.0
2019-03-19,16,0,163,146.36,146.36,0.0,-146360.0,0.0
2019-03-19,16,0,164,29.24,29.24,0.0,-29240.0,0.0
2019-03-19,16,0,167,5.2,5.2,0.0,118.643014,0.0
2019-03-19,16,0,168,2.6,2.6,0.0,59.321507,0.0
2019-03-19,16,0,169,0.0,0.0,0.0,0.0,0.0
2019-03-19,16,0,170,5.69,5.69,0.0,129.822837,0.0
2019-03-19,16,0,172,7.06,7.06,0.0,149.621632,0.0
2019-03-19,16,0,173,10.77,10.77,0.0,228.247163,0.0
2019-03-19,16,0,188,9.95,9.95,0.0,99.597735,0.0
2019-03-19,16,0,190,12.37,12.37,0.0,401.128882,0.0
2019-03-19,16,0,191,31.95,31.95,0.0,1036.06045,0.0
2019-03-19,16,0,192,332.6,332.6,0.0,10785.405497,0.0
2019-03-19,16,0,194,52.95,52.95,0.0,-5596.160868,0.0
2019-03-19,16,0,196,8.33,8.33,0.0,2324.072847,0.0
2019-03-19,16,0,198,10.42,10.42,0.0,165.840353,0.0
2019-03-19,16,0,199,71.4,71.4,0.0,3743.822716,0.0
2019-03-19,16,0,200,21.95,21.95,0.0,1150.937096,0.0
2019-03-19,16,0,204,257.1,257.1,0.0,-21890.222177,0.0
2019-03-19,16,0,205,317.4,317.4,0.0,-25650.028408,0.0
2019-03-19,16,0,206,506.03,506.03,0.0,-68360.73931,0.0
2019-03-19,16,0,210,2.78,2.78,0.0,42.925244,0.0
2019-03-19,16,0,214,12.04,12.04,0.0,667.632806,0.0
2019-03-19,16,0,217,11.43,11.43,0.0,437.336476,0.0
2019-03-19,16,0,218,15.77,15.77,0.0,603.394246,0.0
2019-03-19,16,0,219,10.74,10.74,0.0,410.935586,0.0
2019-03-19,16,0,221,6.42,6.42,0.0,355.996895,0.0
2019-03-19,16,0,225,8.38,8.38,0.0,52.808473,0.0
2019-03-19,16,0,233,3.92,3.92,0.0,139.687107,0.0
2019-03-19,16,0,236,40.06,40.06,0.0,-652.667777,0.0
2019-03-19,16,0,237,115.64,115.64,0.0,-4326.46331,0.0
2019-03-19,16,0,238,42.77,42.77,0.0,-219.445865,0.0
2019-03-19,16,0,240,6.61,6.61,0.0,-335.191459,0.0
2019-03-19,16,0,245,49.88,49.88,0.0,353.764818,0.0
2019-03-19,16,0,247,58.38,58.38,0.0,414.04952,0.0
2019-03-19,16,0,248,13.62,13.62,0.0,-509.567886,0.0
2019-03-19,16,0,249,95.93,95.93,0.0,680.366058,0.0
2019-03-19,16,0,251,19.47,19.47,0.0,-27.891489,0.0
2019-03-19,16,0,252,27.67,27.67,0.0,21.648694,0.0
2019-03-19,16,0,254,9.94,9.94,0.0,-380.519002,0.0
2019-03-19,16,0,255,4.55,4.55,0.0,-174.181233,0.0
2019-03-19,16,0,258,9.09,9.09,0.0,-451.351748,0.0
2019-03-19,16,0,260,4.02,4.02,0.0,-83.221132,0.0
2019-03-19,16,0,265,76.86,76.86,0.0,-9492.302732,0.0
2019-03-19,16,0,266,68.38,68.38,0.0,-8445.012501,0.0
2019-03-19,16,0,267,84.71,84.71,0.0,-10461.787203,0.0
2019-03-19,16,0,270,395.58,395.58,0.0,-395580.0,0.0
2019-03-19,16,0,272,150.39,150.39,0.0,-34373.248987,0.0
2019-03-19,16,0,273,38.05,38.05,0.0,-38050.0,0.0
2019-03-19,16,0,274,493.67,493.67,0.0,-493670.0,0.0
2019-03-19,16,0,275,661.83,661.83,0.0,-661830.0,0.0
2019-03-19,16,0,276,8.57,8.57,0.0,-7665.017992,0.0
2019-03-19,16,0,277,10.1,10.1,0.0,-2342.81035,0.0
2019-03-19,16,0,278,16.16,16.16,0.0,-3748.49656,0.0
2019-03-19,16,0,279,585.98,585.98,0.0,-135924.753363,0.0
2019-03-19,16,0,281,15.34,15.34,0.0,-15340.0,0.0
2019-03-19,16,0,282,433.67,433.67,0.0,-433670.0,0.0
2019-03-19,17,0,9,3.19,3.19,0.0,-30.941397,0.0
2019-03-19,17,0,17,18.39,18.39,0.0,287.637204,0.0
2019-03-19,17,0,19,284.63,284.63,0.0,4451.885672,0.0
2019-03-19,17,0,20,342.76,342.76,0.0,5361.09452,0.0
2019-03-19,17,0,21,73.01,73.01,0.0,-708.160303,0.0
2019-03-19,17,0,22,259.46,259.46,0.0,-2516.631588,0.0
2019-03-19,17,0,23,37.23,37.23,0.0,-361.112287,0.0
2019-03-19,17,0,24,66.23,66.23,0.0,-642.397711,0.0
2019-03-19,17,0,29,6.54,6.54,0.0,31.799918,0.0
2019-03-19,17,0,30,613.85,613.85,0.0,-6044.17543,0.0
2019-03-19,17,0,31,49.2,49.2,0.0,-484.439898,0.0
2019-03-19,17,0,32,3.64,3.64,0.0,125.185107,0.0
2019-03-19,17,0,33,1.01,1.01,0.0,21.032388,0.0
2019-03-19,17,0,34,1.62,1.62,0.0,33.735117,0.0
2019-03-19,17,0,35,1.62,1.62,0.0,33.735117,0.0
2019-03-19,17,0,36,4.46,4.46,0.0,30.839069,0.0
2019-03-19,17,0,37,1.79,1.79,0.0,11.984606,0.0
2019-03-19,17,0,38,2.3,2.3,0.0,15.399215,0.0
2019-03-19,17,0,39,1.53,1.53,0.0,10.243825,0.0
2019-03-19,17,0,40,1.53,1.53,0.0,10.243825,0.0
2019-03-19,17,0,41,34.8,34.8,0.0,-65.4689,0.0
2019-03-19,17,0,42,24.81,24.81,0.0,360.177279,0.0
2019-03-19,17,0,43,15.68,15.68,0.0,115.906946,0.0
2019-03-19,17,0,46,15.19,15.19,0.0,76.169637,0.0
2019-03-19,17,0,52,52.15,52.15,0.0,-513.486599,0.0
2019-03-19,17,0,53,82.85,82.85,0.0,-815.769218,0.0
2019-03-19,17,0,55,304.19,304.19,0.0,-2950.490106,0.0
2019-03-19,17,0,56,181.06,181.06,0.0,-1782.778208,0.0
2019-03-19,17,0,57,172.23,172.23,0.0,-1695.835032,0.0
2019-03-19,17,0,58,331.21,331.21,0.0,-3261.206067,0.0
2019-03-19,17,0,59,325.69,325.69,0.0,-3206.854273,0.0
2019-03-19,17,0,63,95.49,95.49,0.0,10339.34812,0.0
2019-03-19,17,0,64,112.31,112.31,0.0,12160.563277,0.0
2019-03-19,17,0,65,3.6,3.6,0.0,55.556091,0.0
2019-03-19,17,0,67,323.15,323.15,0.0,-179468.991118,0.0
2019-03-19,17,0,68,18.7,18.7,0.0,-7670.382658,0.0
2019-03-19,17,0,69,1.01,1.01,0.0,21.032388,0.0
2019-03-19,17,0,74,35.82,35.82,0.0,345.093104,0.0
2019-03-19,17,0,77,60.0,60.0,0.0,-17301.350327,0.0
2019-03-19,17,0,78,45.36,45.36,0.0,-13079.820847,0.0
2019-03-19,17,0,79,26.25,26.25,0.0,-7569.340768,0.0
2019-03-19,17,0,80,42.45,42.45,0.0,-12240.705356,0.0
2019-03-19,17,0,81,55.5,55.5,0.0,-16003.749053,0.0
2019-03-19,17,0,82,39.15,39.15,0.0,-11289.131088,0.0
2019-03-19,17,0,83,87.3,87.3,0.0,-25173.464726,0.0
2019-03-19,17,0,84,0.0,0.0,0.0,-0.0,0.0
2019-03-19,17,0,86,5.14,5.14,0.0,107.036113,0.0
2019-03-19,17,0,87,26.24,26.24,0.0,546.425604,0.0
2019-03-19,17,0,88,51.18,51.18,0.0,-14758.051829,0.0
2019-03-19,17,0,89,49.2,49.2,0.0,-14187.107268,0.0
2019-03-19,17,0,90,66.06,66.06,0.0,-19048.78671,0.0
2019-03-19,17,0,91,235.65,235.65,0.0,-67951.05341,0.0
2019-03-19,17,0,92,84.75,84.75,0.0,-24438.157337,0.0
2019-03-19,17,0,95,80.13,80.13,0.0,2036.399256,0.0
2019-03-19,17,0,96,29.88,29.88,0.0,-298.794135,0.0
2019-03-19,17,0,97,183.75,183.75,0.0,-1837.463935,0.0
2019-03-19,17,0,99,7.29,7.29,0.0,70.232516,0.0
2019-03-19,17,0,101,12.37,12.37,0.0,-121.799218,0.0
2019-03-19,17,0,102,44.22,44.22,0.0,-18138.198991,0.0
2019-03-19,17,0,103,38.46,38.46,0.0,-15775.55706,0.0
2019-03-19,17,0,104,7.17,7.17,0.0,-2940.996987,0.0
2019-03-19,17,0,106,255.42,255.42,0.0,-2477.445619,0.0
2019-03-19,17,0,109,60.0,60.0,0.0,171.956885,0.0
2019-03-19,17,0,110,164.55,164.55,0.0,-164550.0,0.0
2019-03-19,17,0,111,14.1,14.1,0.0,-26.526192,0.0
2019-03-19,17,0,113,45.0,45.0,0.0,-11785.448659,0.0
2019-03-19,17,0,115,45.0,45.0,0.0,-11785.448659,0.0
2019-03-19,17,0,116,120.65,120.65,0.0,-120650.0,0.0
2019-03-19,17,0,117,3.0,3.0,0.0,-785.696577,0.0
2019-03-19,17,0,119,112.31,112.31,0.0,12160.563277,0.0
2019-03-19,17,0,120,66.1,66.1,0.0,7157.094049,0.0
2019-03-19,17,0,123,4.26,4.26,0.0,-41.319859,0.0
2019-03-19,17,0,125,59.86,59.86,0.0,-580.611913,0.0
2019-03-19,17,0,126,191.56,191.56,0.0,-1858.035717,0.0
2019-03-19,17,0,127,245.84,245.84,0.0,-2384.524434,0.0
2019-03-19,17,0,128,86.16,86.16,0.0,-835.708694,0.0
2019-03-19,17,0,131,28.47,28.47,0.0,-10573.8827,0.0
2019-03-19,17,0,132,41.86,41.86,0.0,-15546.987349,0.0
2019-03-19,17,0,133,103.62,103.62,0.0,1622.753541,0.0
2019-03-19,17,0,134,0.0,0.0,0.0,0.0,0.0
2019-03-19,17,0,135,135.65,135.65,0.0,2124.36323,0.0
2019-03-19,17,0,136,5.38,5.38,0.0,82.963848,0.0
2019-03-19,17,0,139,44.94,44.94,0.0,-84.545182,0.0
2019-03-19,17,0,140,121.78,121.78,0.0,-121780.0,0.0
2019-03-19,17,0,141,173.88,173.88,0.0,-96568.368175,0.0
2019-03-19,17,0,142,426.15,426.15,0.0,-236672.475832,0.0
2019-03-19,17,0,143,60.86,60.86,0.0,-599.248215,0.0
2019-03-19,17,0,145,30.0,30.0,0.0,-153.736882,0.0
2019-03-19,17,0,146,6.31,6.31,0.0,-6310.0,0.0
2019-03-19,17,0,152,3.38,3.38,0.0,32.688862,0.0
2019-03-19,17,0,153,4.4,4.4,0.0,41.362994,0.0
2019-03-19,17,0,154,58.16,58.16,0.0,-109.415839,0.0
2019-03-19,17,0,157,29.76,29.76,0.0,-16527.919467,0.0
2019-03-19,17,0,158,260.11,260.11,0.0,-144458.236979,0.0
2019-03-19,17,0,159,0.0,0.0,0.0,0.0,0.0
2019-03-19,17,0,160,1.26,1.26,0.0,12.460066,0.0
2019-03-19,17,0,161,60.01,60.01,0.0,-24614.955257,0.0
2019-03-19,17,0,162,145.15,145.15,0.0,3807.339549,0.0
2019-03-19,17,0,163,185.4,185.4,0.0,-185400.0,0.0
2019-03-19,17,0,164,22.63,22.63,0.0,-222.82266,0.0
2019-03-19,17,0,167,3.96,3.96,0.0,90.367955,0.0
2019-03-19,17,0,168,1.98,1.98,0.0,45.183978,0.0
2019-03-19,17,0,169,0.0,0.0,0.0,0.0,0.0
2019-03-19,17,0,170,4.33,4.33,0.0,98.811426,0.0
2019-03-19,17,0,172,5.39,5.39,0.0,45.686052,0.0
2019-03-19,17,0,173,8.21,8.21,0.0,69.588587,0.0
2019-03-19,17,0,188,7.63,7.63,0.0,137.527573,0.0
2019-03-19,17,0,190,9.4,9.4,0.0,304.819037,0.0
2019-03-19,17,0,191,24.29,24.29,0.0,787.665362,0.0
2019-03-19,17,0,192,332.6,332.6,0.0,10785.405497,0.0
2019-03-19,17,0,194,52.95,52.95,0.0,-6837.901257,0.0
2019-03-19,17,0,196,6.32,6.32,0.0,1652.959654,0.0
2019-03-19,17,0,198,7.93,7.93,0.0,103.314187,0.0
2019-03-19,17,0,199,61.39,61.39,0.0,-1322.951616,0.0
2019-03-19,17,0,200,16.63,16.63,0.0,-358.375719,0.0
2019-03-19,17,0,204,257.1,257.1,0.0,568.246554,0.0
2019-03-19,17,0,205,317.4,317.4,0.0,909.651923,0.0
2019-03-19,17,0,206,539.94,539.94,0.0,-5399.294026,0.0
2019-03-19,17,0,210,2.06,2.06,0.0,13.253839,0.0
2019-03-19,17,0,214,9.04,9.04,0.0,216.001495,0.0
2019-03-19,17,0,217,8.49,8.49,0.0,138.409242,0.0
2019-03-19,17,0,218,11.71,11.71,0.0,190.903677,0.0
2019-03-19,17,0,219,7.98,7.98,0.0,130.094906,0.0
2019-03-19,17,0,221,4.82,4.82,0.0,115.168939,0.0
2019-03-19,17,0,225,6.17,6.17,0.0,29.064435,0.0
2019-03-19,17,0,233,2.91,2.91,0.0,60.598266,0.0
2019-03-19,17,0,236,32.73,32.73,0.0,418.078427,0.0
2019-03-19,17,0,237,88.51,88.51,0.0,852.713307,0.0
2019-03-19,17,0,238,32.29,32.29,0.0,468.767607,0.0
2019-03-19,17,0,240,5.06,5.06,0.0,34.987823,0.0
2019-03-19,17,0,245,45.4,45.4,0.0,744.943388,0.0
2019-03-19,17,0,247,50.83,50.83,0.0,834.041242,0.0
2019-03-19,17,0,248,9.01,9.01,0.0,86.803151,0.0
2019-03-19,17,0,249,87.31,87.31,0.0,1432.621304,0.0
2019-03-19,17,0,251,17.39,17.39,0.0,262.407805,0.0
2019-03-19,17,0,252,23.25,23.25,0.0,358.799753,0.0
2019-03-19,17,0,254,7.55,7.55,0.0,60.54035,0.0
2019-03-19,17,0,255,3.46,3.46,0.0,27.744319,0.0
2019-03-19,17,0,258,6.98,6.98,0.0,48.80206,0.0
2019-03-19,17,0,260,3.06,3.06,0.0,30.260159,0.0
2019-03-19,17,0,265,60.21,60.21,0.0,-113.272484,0.0
2019-03-19,17,0,266,29.1,29.1,0.0,-54.745545,0.0
2019-03-19,17,0,267,35.76,35.76,0.0,-67.274938,0.0
2019-03-19,17,0,270,578.99,578.99,0.0,-578990.0,0.0
2019-03-19,17,0,272,150.39,150.39,0.0,-39386.969419,0.0
2019-03-19,17,0,273,28.85,28.85,0.0,-28850.0,0.0
2019-03-19,17,0,274,746.39,746.39,0.0,-746390.0,0.0
2019-03-19,17,0,275,1038.99,1038.99,0.0,-1038990.0,0.0
2019-03-19,17,0,276,6.41,6.41,0.0,-5773.642882,0.0
2019-03-19,17,0,277,7.65,7.65,0.0,-2084.670052,0.0
2019-03-19,17,0,278,12.25,12.25,0.0,-3338.197143,0.0
2019-03-19,17,0,279,264.6,264.6,0.0,-72105.058284,0.0
2019-03-19,17,0,281,22.08,22.08,0.0,-217.407174,0.0
2019-03-19,17,0,282,336.73,336.73,0.0,-3315.55786,0.0
2019-03-19,18,0,9,1.98,1.98,0.0,-38.60472,0.0
2019-03-19,18,0,17,11.3,11.3,0.0,121.332842,0.0
2019-03-19,18,0,19,332.94,332.94,0.0,3574.916483,0.0
2019-03-19,18,0,20,405.43,405.43,0.0,4353.27203,0.0
2019-03-19,18,0,21,45.28,45.28,0.0,-882.83925,0.0
2019-03-19,18,0,22,160.93,160.93,0.0,-3137.705843,0.0
2019-03-19,18,0,23,85.73,85.73,0.0,-1671.506381,0.0
2019-03-19,18,0,24,152.12,152.12,0.0,-2965.934337,0.0
2019-03-19,18,0,29,4.04,4.04,0.0,20.783995,0.0
2019-03-19,18,0,30,394.17,394.17,0.0,-7756.317814,0.0
2019-03-19,18,0,31,50.85,50.85,0.0,-1000.605731,0.0
2019-03-19,18,0,32,2.27,2.27,0.0,78.377872,0.0
2019-03-19,18,0,33,0.62,0.62,0.0,10.327794,0.0
2019-03-19,18,0,34,1.0,1.0,0.0,16.657733,0.0
2019-03-19,18,0,35,1.0,1.0,0.0,16.657733,0.0
2019-03-19,18,0,36,2.79,2.79,0.0,2.906342,0.0
2019-03-19,18,0,37,1.09,1.09,0.0,0.910245,0.0
2019-03-19,18,0,38,1.4,1.4,0.0,1.169122,0.0
2019-03-19,18,0,39,0.93,0.93,0.0,0.776631,0.0
2019-03-19,18,0,40,0.93,0.93,0.0,0.776631,0.0
2019-03-19,18,0,41,34.8,34.8,0.0,-346.871133,0.0
2019-03-19,18,0,42,14.63,14.63,0.0,138.31353,0.0
2019-03-19,18,0,43,9.53,9.53,0.0,17.978326,0.0
2019-03-19,18,0,46,9.56,9.56,0.0,-11.264498,0.0
2019-03-19,18,0,52,53.91,53.91,0.0,-1060.819173,0.0
2019-03-19,18,0,53,85.66,85.66,0.0,-1685.58283,0.0
2019-03-19,18,0,55,282.31,282.31,0.0,-5504.292155,0.0
2019-03-19,18,0,56,116.27,116.27,0.0,-2287.914028,0.0
2019-03-19,18,0,57,110.59,110.59,0.0,-2176.145285,0.0
2019-03-19,18,0,58,212.68,212.68,0.0,-4185.031009,0.0
2019-03-19,18,0,59,209.14,209.14,0.0,-4115.372321,0.0
2019-03-19,18,0,63,170.0,170.0,0.0,18489.465308,0.0
2019-03-19,18,0,64,200.0,200.0,0.0,21752.312127,0.0
2019-03-19,18,0,65,3.05,3.05,0.0,32.022036,0.0
2019-03-19,18,0,67,204.64,204.64,0.0,-113431.12165,0.0
2019-03-19,18,0,68,10.2,10.2,0.0,-4169.262991,0.0
2019-03-19,18,0,69,0.62,0.62,0.0,10.327794,0.0
2019-03-19,18,0,74,20.51,20.51,0.0,78.680981,0.0
2019-03-19,18,0,77,60.0,60.0,0.0,-17185.030105,0.0
2019-03-19,18,0,78,45.36,45.36,0.0,-12991.882759,0.0
2019-03-19,18,0,79,26.25,26.25,0.0,-7518.450671,0.0
2019-03-19,18,0,80,42.45,42.45,0.0,-12158.408799,0.0
2019-03-19,18,0,81,55.5,55.5,0.0,-15896.152847,0.0
2019-03-19,18,0,82,39.15,39.15,0.0,-11213.232144,0.0
2019-03-19,18,0,83,87.3,87.3,0.0,-25004.218803,0.0
2019-03-19,18,0,84,0.0,0.0,0.0,-0.0,0.0
2019-03-19,18,0,86,3.17,3.17,0.0,52.805013,0.0
2019-03-19,18,0,87,16.16,16.16,0.0,269.188963,0.0
2019-03-19,18,0,88,51.18,51.18,0.0,-14658.83068,0.0
2019-03-19,18,0,89,49.2,49.2,0.0,-14091.724686,0.0
2019-03-19,18,0,90,66.06,66.06,0.0,-18920.718146,0.0
2019-03-19,18,0,91,235.65,235.65,0.0,-67494.205738,0.0
2019-03-19,18,0,92,84.75,84.75,0.0,-24273.855023,0.0
2019-03-19,18,0,95,60.98,60.98,0.0,1549.727026,0.0
2019-03-19,18,0,96,29.88,29.88,0.0,-593.595699,0.0
2019-03-19,18,0,97,183.75,183.75,0.0,-3650.375157,0.0
2019-03-19,18,0,99,3.96,3.96,0.0,15.191452,0.0
2019-03-19,18,0,101,7.94,7.94,0.0,-156.240108,0.0
2019-03-19,18,0,102,24.15,24.15,0.0,-9871.343259,0.0
2019-03-19,18,0,103,21.0,21.0,0.0,-8583.776747,0.0
2019-03-19,18,0,104,3.9,3.9,0.0,-1594.129967,0.0
2019-03-19,18,0,106,158.42,158.42,0.0,-3088.767536,0.0
2019-03-19,18,0,109,60.0,60.0,0.0,-241.126256,0.0
2019-03-19,18,0,110,90.86,90.86,0.0,-90860.0,0.0
2019-03-19,18,0,111,9.27,9.27,0.0,-92.399293,0.0
2019-03-19,18,0,113,45.0,45.0,0.0,-11726.915861,0.0
2019-03-19,18,0,115,45.0,45.0,0.0,-11726.915861,0.0
2019-03-19,18,0,116,75.09,75.09,0.0,-75090.0,0.0
2019-03-19,18,0,117,3.0,3.0,0.0,-781.794391,0.0
2019-03-19,18,0,119,200.0,200.0,0.0,21752.312127,0.0
2019-03-19,18,0,120,117.6,117.6,0.0,12790.359531,0.0
2019-03-19,18,0,123,2.64,2.64,0.0,-51.47296,0.0
2019-03-19,18,0,125,137.57,137.57,0.0,-2682.248138,0.0
2019-03-19,18,0,126,118.81,118.81,0.0,-2316.478165,0.0
2019-03-19,18,0,127,152.48,152.48,0.0,-2972.953377,0.0
2019-03-19,18,0,128,197.55,197.55,0.0,-3851.698187,0.0
2019-03-19,18,0,131,30.0,30.0,0.0,-11096.423266,0.0
2019-03-19,18,0,132,44.1,44.1,0.0,-16311.742201,0.0
2019-03-19,18,0,133,117.35,117.35,0.0,1262.671883,0.0
2019-03-19,18,0,134,0.0,0.0,0.0,0.0,0.0
2019-03-19,18,0,135,157.24,157.24,0.0,1691.883485,0.0
2019-03-19,18,0,136,5.0,5.0,0.0,52.429705,0.0
2019-03-19,18,0,139,44.94,44.94,0.0,-447.942204,0.0
2019-03-19,18,0,140,67.25,67.25,0.0,-67250.0,0.0
2019-03-19,18,0,141,187.56,187.56,0.0,-103963.746954,0.0
2019-03-19,18,0,142,269.87,269.87,0.0,-149587.845972,0.0
2019-03-19,18,0,143,67.04,67.04,0.0,-1319.186002,0.0
2019-03-19,18,0,145,30.0,30.0,0.0,-415.879661,0.0
2019-03-19,18,0,146,29.32,29.32,0.0,-29320.0,0.0
2019-03-19,18,0,152,2.09,2.09,0.0,8.2416,0.0
2019-03-19,18,0,153,2.71,2.71,0.0,9.853276,0.0
2019-03-19,18,0,154,38.25,38.25,0.0,-381.259219,0.0
2019-03-19,18,0,157,51.81,51.81,0.0,-28718.072775,0.0
2019-03-19,18,0,158,167.81,167.81,0.0,-93016.402092,0.0
2019-03-19,18,0,159,0.0,0.0,0.0,0.0,0.0
2019-03-19,18,0,160,0.78,0.78,0.0,4.223195,0.0
2019-03-19,18,0,161,37.77,37.77,0.0,-15438.535606,0.0
2019-03-19,18,0,162,117.51,117.51,0.0,3083.092538,0.0
2019-03-19,18,0,163,185.4,185.4,0.0,-185400.0,0.0
2019-03-19,18,0,164,14.85,14.85,0.0,-292.212293,0.0
2019-03-19,18,0,167,2.49,2.49,0.0,56.790904,0.0
2019-03-19,18,0,168,1.25,1.25,0.0,28.50949,0.0
2019-03-19,18,0,169,0.0,0.0,0.0,0.0,0.0
2019-03-19,18,0,170,2.73,2.73,0.0,62.264726,0.0
2019-03-19,18,0,172,3.36,3.36,0.0,26.514591,0.0
2019-03-19,18,0,173,5.12,5.12,0.0,40.403187,0.0
2019-03-19,18,0,188,4.76,4.76,0.0,85.669772,0.0
2019-03-19,18,0,190,5.75,5.75,0.0,186.458453,0.0
2019-03-19,18,0,191,14.84,14.84,0.0,481.224948,0.0
2019-03-19,18,0,192,326.0,326.0,0.0,10571.38362,0.0
2019-03-19,18,0,194,98.98,98.98,0.0,-12686.40074,0.0
2019-03-19,18,0,196,3.94,3.94,0.0,1033.885542,0.0
2019-03-19,18,0,198,4.99,4.99,0.0,52.376166,0.0
2019-03-19,18,0,199,52.43,52.43,0.0,-1008.640966,0.0
2019-03-19,18,0,200,10.2,10.2,0.0,-196.226165,0.0
2019-03-19,18,0,204,257.1,257.1,0.0,-1232.304805,0.0
2019-03-19,18,0,205,317.4,317.4,0.0,-1275.557892,0.0
2019-03-19,18,0,206,539.94,539.94,0.0,-10726.441156,0.0
2019-03-19,18,0,210,1.27,1.27,0.0,8.60669,0.0
2019-03-19,18,0,214,5.63,5.63,0.0,113.515905,0.0
2019-03-19,18,0,217,5.23,5.23,0.0,75.106296,0.0
2019-03-19,18,0,218,7.22,7.22,0.0,103.684027,0.0
2019-03-19,18,0,219,4.92,4.92,0.0,70.654489,0.0
2019-03-19,18,0,221,3.0,3.0,0.0,60.488049,0.0
2019-03-19,18,0,225,3.82,3.82,0.0,19.049998,0.0
2019-03-19,18,0,233,1.79,1.79,0.0,29.817342,0.0
2019-03-19,18,0,236,26.48,26.48,0.0,197.763353,0.0
2019-03-19,18,0,237,49.2,49.2,0.0,188.742285,0.0
2019-03-19,18,0,238,19.04,19.04,0.0,180.006126,0.0
2019-03-19,18,0,240,3.16,3.16,0.0,3.291771,0.0
2019-03-19,18,0,245,41.23,41.23,0.0,478.847476,0.0
2019-03-19,18,0,247,44.13,44.13,0.0,512.528235,0.0
2019-03-19,18,0,248,4.94,4.94,0.0,18.950953,0.0
2019-03-19,18,0,249,79.28,79.28,0.0,920.762259,0.0
2019-03-19,18,0,251,15.49,15.49,0.0,156.567175,0.0
2019-03-19,18,0,252,19.65,19.65,0.0,206.305904,0.0
2019-03-19,18,0,254,4.78,4.78,0.0,13.249021,0.0
2019-03-19,18,0,255,2.19,2.19,0.0,6.070158,0.0
2019-03-19,18,0,258,4.42,4.42,0.0,5.207385,0.0
2019-03-19,18,0,260,1.89,1.89,0.0,10.233127,0.0
2019-03-19,18,0,265,39.6,39.6,0.0,-394.715427,0.0
2019-03-19,18,0,266,29.1,29.1,0.0,-290.056033,0.0
2019-03-19,18,0,267,35.76,35.76,0.0,-356.439991,0.0
2019-03-19,18,0,270,579.0,579.0,0.0,-579000.0,0.0
2019-03-19,18,0,272,150.39,150.39,0.0,-39191.352807,0.0
2019-03-19,18,0,273,17.96,17.96,0.0,-17960.0,0.0
2019-03-19,18,0,274,746.4,746.4,0.0,-746400.0,0.0
2019-03-19,18,0,275,1039.0,1039.0,0.0,-1039000.0,0.0
2019-03-19,18,0,276,4.0,4.0,0.0,-3601.934768,0.0
2019-03-19,18,0,277,4.8,4.8,0.0,-1300.557117,0.0
2019-03-19,18,0,278,7.68,7.68,0.0,-2080.891387,0.0
2019-03-19,18,0,279,264.6,264.6,0.0,-71693.211056,0.0
2019-03-19,18,0,281,22.8,22.8,0.0,-448.649177,0.0
2019-03-19,18,0,282,216.22,216.22,0.0,-4254.689697,0.0
2019-03-19,19,0,9,0.63,0.63,0.0,5.28397,0.0
2019-03-19,19,0,17,2.63,2.63,0.0,24.370899,0.0
2019-03-19,19,0,19,610.47,610.47,0.0,5656.921126,0.0
2019-03-19,19,0,20,742.02,742.02,0.0,6875.929389,0.0
2019-03-19,19,0,21,14.48,14.48,0.0,121.447447,0.0
2019-03-19,19,0,22,51.47,51.47,0.0,431.691996,0.0
2019-03-19,19,0,23,108.8,108.8,0.0,912.533304,0.0
2019-03-19,19,0,24,192.5,192.5,0.0,1614.546517,0.0
2019-03-19,19,0,29,0.64,0.64,0.0,6.133155,0.0
2019-03-19,19,0,30,132.39,132.39,0.0,1109.650472,0.0
2019-03-19,19,0,31,28.31,28.31,0.0,237.28533,0.0
2019-03-19,19,0,32,0.64,0.64,0.0,25.46631,0.0
2019-03-19,19,0,33,0.17,0.17,0.0,1.601615,0.0
2019-03-19,19,0,34,0.27,0.27,0.0,2.543741,0.0
2019-03-19,19,0,35,0.27,0.27,0.0,2.543741,0.0
2019-03-19,19,0,36,1.1,1.1,0.0,9.934935,0.0
2019-03-19,19,0,37,0.47,0.47,0.0,4.243808,0.0
2019-03-19,19,0,38,0.61,0.61,0.0,5.507921,0.0
2019-03-19,19,0,39,0.41,0.41,0.0,3.702045,0.0
2019-03-19,19,0,40,0.41,0.41,0.0,3.702045,0.0
2019-03-19,19,0,41,34.8,34.8,0.0,301.983121,0.0
2019-03-19,19,0,42,4.37,4.37,0.0,40.348011,0.0
2019-03-19,19,0,43,3.08,3.08,0.0,27.949364,0.0
2019-03-19,19,0,46,3.01,3.01,0.0,27.000626,0.0
2019-03-19,19,0,52,30.0,30.0,0.0,251.450368,0.0
2019-03-19,19,0,53,47.67,47.67,0.0,399.554634,0.0
2019-03-19,19,0,55,144.66,144.66,0.0,1213.300255,0.0
2019-03-19,19,0,56,39.05,39.05,0.0,327.304562,0.0
2019-03-19,19,0,57,37.15,37.15,0.0,311.379372,0.0
2019-03-19,19,0,58,71.43,71.43,0.0,598.703325,0.0
2019-03-19,19,0,59,70.24,70.24,0.0,588.729127,0.0
2019-03-19,19,0,63,170.0,170.0,0.0,18865.468875,0.0
2019-03-19,19,0,64,200.0,200.0,0.0,22194.669264,0.0
2019-03-19,19,0,65,2.6,2.6,0.0,24.076701,0.0
2019-03-19,19,0,67,67.01,67.01,0.0,-37393.771897,0.0
2019-03-19,19,0,68,12.55,12.55,0.0,-5192.038949,0.0
2019-03-19,19,0,69,0.17,0.17,0.0,1.601615,0.0
2019-03-19,19,0,74,18.91,18.91,0.0,171.765948,0.0
2019-03-19,19,0,77,60.0,60.0,0.0,-17610.903082,0.0
2019-03-19,19,0,78,45.36,45.36,0.0,-13313.84273,0.0
2019-03-19,19,0,79,26.25,26.25,0.0,-7704.770098,0.0
2019-03-19,19,0,80,42.45,42.45,0.0,-12459.71393,0.0
2019-03-19,19,0,81,55.5,55.5,0.0,-16290.085351,0.0
2019-03-19,19,0,82,39.15,39.15,0.0,-11491.114261,0.0
2019-03-19,19,0,83,87.3,87.3,0.0,-25623.863984,0.0
2019-03-19,19,0,84,0.0,0.0,0.0,0.0,0.0
2019-03-19,19,0,86,0.85,0.85,0.0,8.008074,0.0
2019-03-19,19,0,87,4.35,4.35,0.0,40.982494,0.0
2019-03-19,19,0,88,51.18,51.18,0.0,-15022.100329,0.0
2019-03-19,19,0,89,49.2,49.2,0.0,-14440.940527,0.0
2019-03-19,19,0,90,66.06,66.06,0.0,-19389.604293,0.0
2019-03-19,19,0,91,235.65,235.65,0.0,-69166.821853,0.0
2019-03-19,19,0,92,84.75,84.75,0.0,-24875.400603,0.0
2019-03-19,19,0,95,45.65,45.65,0.0,1160.135106,0.0
2019-03-19,19,0,96,29.88,29.88,0.0,250.27045,0.0
2019-03-19,19,0,97,183.75,183.75,0.0,1539.062759,0.0
2019-03-19,19,0,99,3.65,3.65,0.0,33.154189,0.0
2019-03-19,19,0,101,2.67,2.67,0.0,22.379083,0.0
2019-03-19,19,0,102,35.91,35.91,0.0,-14856.264436,0.0
2019-03-19,19,0,103,30.13,30.13,0.0,-12465.030561,0.0
2019-03-19,19,0,104,4.3,4.3,0.0,-1778.945616,0.0
2019-03-19,19,0,106,50.67,50.67,0.0,424.982192,0.0
2019-03-19,19,0,109,60.0,60.0,0.0,532.166427,0.0
2019-03-19,19,0,110,45.72,45.72,0.0,-45720.0,0.0
2019-03-19,19,0,111,3.32,3.32,0.0,28.809884,0.0
2019-03-19,19,0,113,45.0,45.0,0.0,-11891.242479,0.0
2019-03-19,19,0,115,45.0,45.0,0.0,-11891.242479,0.0
2019-03-19,19,0,116,20.83,20.83,0.0,-20830.0,0.0
2019-03-19,19,0,117,3.0,3.0,0.0,-792.749499,0.0
2019-03-19,19,0,119,200.0,200.0,0.0,22194.669264,0.0
2019-03-19,19,0,120,117.6,117.6,0.0,13050.465527,0.0
2019-03-19,19,0,123,0.84,0.84,0.0,7.045294,0.0
2019-03-19,19,0,125,174.2,174.2,0.0,1461.059757,0.0
2019-03-19,19,0,126,38.0,38.0,0.0,318.715676,0.0
2019-03-19,19,0,127,48.77,48.77,0.0,409.046409,0.0
2019-03-19,19,0,128,249.5,249.5,0.0,2092.620031,0.0
2019-03-19,19,0,131,30.0,30.0,0.0,-11254.910208,0.0
2019-03-19,19,0,132,44.1,44.1,0.0,-16544.718006,0.0
2019-03-19,19,0,133,102.47,102.47,0.0,949.598564,0.0
2019-03-19,19,0,134,0.0,0.0,0.0,0.0,0.0
2019-03-19,19,0,135,138.85,138.85,0.0,1286.735245,0.0
2019-03-19,19,0,136,5.12,5.12,0.0,47.410829,0.0
2019-03-19,19,0,139,44.94,44.94,0.0,389.974755,0.0
2019-03-19,19,0,140,33.83,33.83,0.0,-33830.0,0.0
2019-03-19,19,0,141,205.43,205.43,0.0,-114636.659616,0.0
2019-03-19,19,0,142,88.37,88.37,0.0,-49313.350583,0.0
2019-03-19,19,0,143,38.85,38.85,0.0,325.628226,0.0
2019-03-19,19,0,145,30.0,30.0,0.0,256.881854,0.0
2019-03-19,19,0,146,86.43,86.43,0.0,-86430.0,0.0
2019-03-19,19,0,152,0.74,0.74,0.0,6.727039,0.0
2019-03-19,19,0,153,0.93,0.93,0.0,8.446881,0.0
2019-03-19,19,0,154,13.71,13.71,0.0,118.970936,0.0
2019-03-19,19,0,157,83.45,83.45,0.0,-46567.82965,0.0
2019-03-19,19,0,158,54.45,54.45,0.0,-30384.88106,0.0
2019-03-19,19,0,159,0.0,0.0,0.0,0.0,0.0
2019-03-19,19,0,160,0.22,0.22,0.0,2.026913,0.0
2019-03-19,19,0,161,11.43,11.43,0.0,-4728.685673,0.0
2019-03-19,19,0,162,95.33,95.33,0.0,2497.796084,0.0
2019-03-19,19,0,163,185.4,185.4,0.0,-185400.0,0.0
2019-03-19,19,0,164,5.41,5.41,0.0,45.344883,0.0
2019-03-19,19,0,167,0.69,0.69,0.0,15.629657,0.0
2019-03-19,19,0,168,0.34,0.34,0.0,7.70157,0.0
2019-03-19,19,0,169,0.0,0.0,0.0,0.0,0.0
2019-03-19,19,0,170,0.75,0.75,0.0,16.988757,0.0
2019-03-19,19,0,172,0.91,0.91,0.0,13.590143,0.0
2019-03-19,19,0,173,1.39,1.39,0.0,20.75857,0.0
2019-03-19,19,0,188,1.38,1.38,0.0,31.270503,0.0
2019-03-19,19,0,190,1.42,1.42,0.0,46.047131,0.0
2019-03-19,19,0,191,3.67,3.67,0.0,119.009135,0.0
2019-03-19,19,0,192,309.17,309.17,0.0,10025.627834,0.0
2019-03-19,19,0,194,176.5,176.5,0.0,-22859.58,0.0
2019-03-19,19,0,196,1.04,1.04,0.0,273.897687,0.0
2019-03-19,19,0,198,1.02,1.02,0.0,9.638112,0.0
2019-03-19,19,0,199,44.46,44.46,0.0,-1317.898266,0.0
2019-03-19,19,0,200,2.46,2.46,0.0,-72.920147,0.0
2019-03-19,19,0,204,257.1,257.1,0.0,2274.680376,0.0
2019-03-19,19,0,205,317.4,317.4,0.0,2815.160397,0.0
2019-03-19,19,0,206,539.94,539.94,0.0,4522.457394,0.0
2019-03-19,19,0,210,0.22,0.22,0.0,2.115195,0.0
2019-03-19,19,0,214,1.13,1.13,0.0,10.749448,0.0
2019-03-19,19,0,217,0.93,0.93,0.0,8.889609,0.0
2019-03-19,19,0,218,1.28,1.28,0.0,12.235161,0.0
2019-03-19,19,0,219,0.87,0.87,0.0,8.316086,0.0
2019-03-19,19,0,221,0.61,0.61,0.0,5.802799,0.0
2019-03-19,19,0,225,0.61,0.61,0.0,5.843809,0.0
2019-03-19,19,0,233,0.48,0.48,0.0,4.522206,0.0
2019-03-19,19,0,236,21.21,21.21,0.0,194.739023,0.0
2019-03-19,19,0,237,45.36,45.36,0.0,412.020274,0.0
2019-03-19,19,0,238,5.68,5.68,0.0,52.443182,0.0
2019-03-19,19,0,240,1.25,1.25,0.0,11.289699,0.0
2019-03-19,19,0,245,37.22,37.22,0.0,345.752114,0.0
2019-03-19,19,0,247,37.98,37.98,0.0,352.812071,0.0
2019-03-19,19,0,248,4.55,4.55,0.0,41.329194,0.0
2019-03-19,19,0,249,71.57,71.57,0.0,664.8436,0.0
2019-03-19,19,0,251,13.9,13.9,0.0,128.575531,0.0
2019-03-19,19,0,252,16.74,16.74,0.0,155.016915,0.0
2019-03-19,19,0,254,1.34,1.34,0.0,12.206451,0.0
2019-03-19,19,0,255,0.61,0.61,0.0,5.556668,0.0
2019-03-19,19,0,258,1.6,1.6,0.0,14.461851,0.0
2019-03-19,19,0,260,0.54,0.54,0.0,4.975149,0.0
2019-03-19,19,0,265,14.2,14.2,0.0,123.222998,0.0
2019-03-19,19,0,266,29.1,29.1,0.0,252.520368,0.0
2019-03-19,19,0,267,35.76,35.76,0.0,310.31369,0.0
2019-03-19,19,0,270,579.0,579.0,0.0,-579000.0,0.0
2019-03-19,19,0,272,150.39,150.39,0.0,-39740.532365,0.0
2019-03-19,19,0,273,4.98,4.98,0.0,-4980.0,0.0
2019-03-19,19,0,274,746.4,746.4,0.0,-746400.0,0.0
2019-03-19,19,0,275,1039.0,1039.0,0.0,-1039000.0,0.0
2019-03-19,19,0,276,1.12,1.12,0.0,-1009.476197,0.0
2019-03-19,19,0,277,1.39,1.39,0.0,-383.615996,0.0
2019-03-19,19,0,278,2.22,2.22,0.0,-612.681663,0.0
2019-03-19,19,0,279,264.6,264.6,0.0,-73025.030685,0.0
2019-03-19,19,0,281,12.7,12.7,0.0,106.447322,0.0
2019-03-19,19,0,282,72.62,72.62,0.0,608.677523,0.0
2019-03-19,20,0,9,0.0,0.0,0.0,0.0,0.0
2019-03-19,20,0,17,0.0,0.0,0.0,0.0,0.0
2019-03-19,20,0,19,514.4,514.4,0.0,4243.5033,0.0
2019-03-19,20,0,20,623.87,623.87,0.0,5146.567659,0.0
2019-03-19,20,0,21,0.0,0.0,0.0,0.0,0.0
2019-03-19,20,0,22,0.0,0.0,0.0,0.0,0.0
2019-03-19,20,0,23,79.38,79.38,0.0,982.777331,0.0
2019-03-19,20,0,24,140.45,140.45,0.0,1738.864652,0.0
2019-03-19,20,0,29,0.0,0.0,0.0,0.0,0.0
2019-03-19,20,0,30,0.0,0.0,0.0,0.0,0.0
2019-03-19,20,0,31,21.74,21.74,0.0,269.725244,0.0
2019-03-19,20,0,32,0.0,0.0,0.0,0.0,0.0
2019-03-19,20,0,33,0.0,0.0,0.0,0.0,0.0
2019-03-19,20,0,34,0.0,0.0,0.0,0.0,0.0
2019-03-19,20,0,35,0.0,0.0,0.0,0.0,0.0
2019-03-19,20,0,36,0.0,0.0,0.0,0.0,0.0
2019-03-19,20,0,37,0.0,0.0,0.0,0.0,0.0
2019-03-19,20,0,38,0.0,0.0,0.0,0.0,0.0
2019-03-19,20,0,39,0.0,0.0,0.0,0.0,0.0
2019-03-19,20,0,40,0.0,0.0,0.0,0.0,0.0
2019-03-19,20,0,41,60.5,60.5,0.0,666.473364,0.0
2019-03-19,20,0,42,0.0,0.0,0.0,0.0,0.0
2019-03-19,20,0,43,0.0,0.0,0.0,0.0,0.0
2019-03-19,20,0,46,0.0,0.0,0.0,0.0,0.0
2019-03-19,20,0,52,23.04,23.04,0.0,285.854168,0.0
2019-03-19,20,0,53,36.6,36.6,0.0,454.091257,0.0
2019-03-19,20,0,55,109.19,109.19,0.0,1351.845008,0.0
2019-03-19,20,0,56,0.0,0.0,0.0,0.0,0.0
2019-03-19,20,0,57,0.0,0.0,0.0,0.0,0.0
2019-03-19,20,0,58,0.0,0.0,0.0,0.0,0.0
2019-03-19,20,0,59,0.0,0.0,0.0,0.0,0.0
2019-03-19,20,0,63,170.0,170.0,0.0,18061.122737,0.0
2019-03-19,20,0,64,200.0,200.0,0.0,21248.37969,0.0
2019-03-19,20,0,65,1.19,1.19,0.0,9.851657,0.0
2019-03-19,20,0,67,0.0,0.0,0.0,-0.0,0.0
2019-03-19,20,0,68,8.3,8.3,0.0,-3464.42102,0.0
2019-03-19,20,0,69,0.0,0.0,0.0,0.0,0.0
2019-03-19,20,0,74,11.71,11.71,0.0,106.678468,0.0
2019-03-19,20,0,77,78.95,78.95,0.0,-23540.404346,0.0
2019-03-19,20,0,78,59.94,59.94,0.0,-17872.220855,0.0
2019-03-19,20,0,79,34.89,34.89,0.0,-10403.099527,0.0
2019-03-19,20,0,80,56.14,56.14,0.0,-16739.180494,0.0
2019-03-19,20,0,81,73.13,73.13,0.0,-21805.063582,0.0
2019-03-19,20,0,82,51.83,51.83,0.0,-15454.074189,0.0
2019-03-19,20,0,83,113.99,113.99,0.0,-33988.22915,0.0
2019-03-19,20,0,84,0.0,0.0,0.0,0.0,0.0
2019-03-19,20,0,86,0.0,0.0,0.0,0.0,0.0
2019-03-19,20,0,87,0.0,0.0,0.0,0.0,0.0
2019-03-19,20,0,88,95.98,95.98,0.0,-28618.214175,0.0
2019-03-19,20,0,89,92.28,92.28,0.0,-27514.990666,0.0
2019-03-19,20,0,90,123.8,123.8,0.0,-36913.262293,0.0
2019-03-19,20,0,91,440.78,440.78,0.0,-131426.718527,0.0
2019-03-19,20,0,92,158.74,158.74,0.0,-47331.270246,0.0
2019-03-19,20,0,95,41.46,41.46,0.0,1053.65173,0.0
2019-03-19,20,0,96,27.7,27.7,0.0,344.428575,0.0
2019-03-19,20,0,97,200.03,200.03,0.0,2487.221944,0.0
2019-03-19,20,0,99,2.26,2.26,0.0,20.588671,0.0
2019-03-19,20,0,101,0.0,0.0,0.0,0.0,0.0
2019-03-19,20,0,102,19.64,19.64,0.0,-8197.738414,0.0
2019-03-19,20,0,103,17.08,17.08,0.0,-7129.194099,0.0
2019-03-19,20,0,104,3.17,3.17,0.0,-1323.15839,0.0
2019-03-19,20,0,106,0.0,0.0,0.0,0.0,0.0
2019-03-19,20,0,109,60.0,60.0,0.0,606.903633,0.0
2019-03-19,20,0,110,12.61,12.61,0.0,-12610.0,0.0
2019-03-19,20,0,111,0.0,0.0,0.0,0.0,0.0
2019-03-19,20,0,113,45.0,45.0,0.0,-12078.677331,0.0
2019-03-19,20,0,115,45.0,45.0,0.0,-12078.677331,0.0
2019-03-19,20,0,116,0.0,0.0,0.0,-0.0,0.0
2019-03-19,20,0,117,3.0,3.0,0.0,-805.245155,0.0
2019-03-19,20,0,119,200.0,200.0,0.0,21248.37969,0.0
2019-03-19,20,0,120,117.6,117.6,0.0,12494.047258,0.0
2019-03-19,20,0,123,0.0,0.0,0.0,0.0,0.0
2019-03-19,20,0,125,127.1,127.1,0.0,1573.582751,0.0
2019-03-19,20,0,126,0.0,0.0,0.0,0.0,0.0
2019-03-19,20,0,127,0.0,0.0,0.0,0.0,0.0
2019-03-19,20,0,128,182.03,182.03,0.0,2253.652778,0.0
2019-03-19,20,0,131,23.85,23.85,0.0,-9041.492703,0.0
2019-03-19,20,0,132,35.06,35.06,0.0,-13291.183823,0.0
2019-03-19,20,0,133,61.54,61.54,0.0,507.499736,0.0
2019-03-19,20,0,134,0.0,0.0,0.0,0.0,0.0
2019-03-19,20,0,135,82.0,82.0,0.0,676.226492,0.0
2019-03-19,20,0,136,2.74,2.74,0.0,22.688053,0.0
2019-03-19,20,0,139,80.98,80.98,0.0,892.082859,0.0
2019-03-19,20,0,140,9.33,9.33,0.0,-9330.0,0.0
2019-03-19,20,0,141,155.46,155.46,0.0,-87184.416299,0.0
2019-03-19,20,0,142,0.0,0.0,0.0,-0.0,0.0
2019-03-19,20,0,143,32.45,32.45,0.0,402.602767,0.0
2019-03-19,20,0,145,30.0,30.0,0.0,346.685475,0.0
2019-03-19,20,0,146,116.63,116.63,0.0,-116630.0,0.0
2019-03-19,20,0,152,0.0,0.0,0.0,0.0,0.0
2019-03-19,20,0,153,0.0,0.0,0.0,0.0,0.0
2019-03-19,20,0,154,0.0,0.0,0.0,0.0,0.0
2019-03-19,20,0,157,125.98,125.98,0.0,-70651.568026,0.0
2019-03-19,20,0,158,0.0,0.0,0.0,-0.0,0.0
2019-03-19,20,0,159,0.0,0.0,0.0,0.0,0.0
2019-03-19,20,0,160,0.0,0.0,0.0,0.0,0.0
2019-03-19,20,0,161,0.0,0.0,0.0,-0.0,0.0
2019-03-19,20,0,162,73.31,73.31,0.0,1920.40928,0.0
2019-03-19,20,0,163,174.3,174.3,0.0,-174300.0,0.0
2019-03-19,20,0,164,0.0,0.0,0.0,0.0,0.0
2019-03-19,20,0,167,0.0,0.0,0.0,0.0,0.0
2019-03-19,20,0,168,0.0,0.0,0.0,0.0,0.0
2019-03-19,20,0,169,0.0,0.0,0.0,0.0,0.0
2019-03-19,20,0,170,0.0,0.0,0.0,0.0,0.0
2019-03-19,20,0,172,0.0,0.0,0.0,0.0,0.0
2019-03-19,20,0,173,0.0,0.0,0.0,0.0,0.0
2019-03-19,20,0,188,0.0,0.0,0.0,0.0,0.0
2019-03-19,20,0,190,0.0,0.0,0.0,0.0,0.0
2019-03-19,20,0,191,0.0,0.0,0.0,0.0,0.0
2019-03-19,20,0,192,227.0,227.0,0.0,7361.055466,0.0
2019-03-19,20,0,194,176.5,176.5,0.0,-23633.736253,0.0
2019-03-19,20,0,196,0.0,0.0,0.0,0.0,0.0
2019-03-19,20,0,198,0.0,0.0,0.0,0.0,0.0
2019-03-19,20,0,199,36.08,36.08,0.0,-1262.611327,0.0
2019-03-19,20,0,200,0.0,0.0,0.0,-0.0,0.0
2019-03-19,20,0,204,465.33,465.33,0.0,4754.912848,0.0
2019-03-19,20,0,205,317.4,317.4,0.0,3210.520216,0.0
2019-03-19,20,0,206,757.74,757.74,0.0,9421.92449,0.0
2019-03-19,20,0,210,0.0,0.0,0.0,0.0,0.0
2019-03-19,20,0,214,0.0,0.0,0.0,0.0,0.0
2019-03-19,20,0,217,0.0,0.0,0.0,0.0,0.0
2019-03-19,20,0,218,0.0,0.0,0.0,0.0,0.0
2019-03-19,20,0,219,0.0,0.0,0.0,0.0,0.0
2019-03-19,20,0,221,0.0,0.0,0.0,0.0,0.0
2019-03-19,20,0,225,0.0,0.0,0.0,0.0,0.0
2019-03-19,20,0,233,0.0,0.0,0.0,0.0,0.0
2019-03-19,20,0,236,16.95,16.95,0.0,146.599592,0.0
2019-03-19,20,0,237,28.09,28.09,0.0,255.900783,0.0
2019-03-19,20,0,238,0.0,0.0,0.0,0.0,0.0
2019-03-19,20,0,240,0.0,0.0,0.0,0.0,0.0
2019-03-19,20,0,245,55.29,55.29,0.0,450.157362,0.0
2019-03-19,20,0,247,25.44,25.44,0.0,207.126122,0.0
2019-03-19,20,0,248,2.82,2.82,0.0,25.690289,0.0
2019-03-19,20,0,249,106.28,106.28,0.0,865.305199,0.0
2019-03-19,20,0,251,0.0,0.0,0.0,0.0,0.0
2019-03-19,20,0,252,7.66,7.66,0.0,63.414871,0.0
2019-03-19,20,0,254,0.0,0.0,0.0,0.0,0.0
2019-03-19,20,0,255,0.0,0.0,0.0,0.0,0.0
2019-03-19,20,0,258,0.0,0.0,0.0,0.0,0.0
2019-03-19,20,0,260,0.0,0.0,0.0,0.0,0.0
2019-03-19,20,0,265,0.0,0.0,0.0,0.0,0.0
2019-03-19,20,0,266,49.35,49.35,0.0,543.643975,0.0
2019-03-19,20,0,267,62.41,62.41,0.0,687.514093,0.0
2019-03-19,20,0,270,544.34,544.34,0.0,-544340.0,0.0
2019-03-19,20,0,272,150.39,150.39,0.0,-40366.939641,0.0
2019-03-19,20,0,273,0.0,0.0,0.0,-0.0,0.0
2019-03-19,20,0,274,701.72,701.72,0.0,-701720.0,0.0
2019-03-19,20,0,275,976.8,976.8,0.0,-976800.0,0.0
2019-03-19,20,0,276,0.0,0.0,0.0,-0.0,0.0
2019-03-19,20,0,277,0.0,0.0,0.0,-0.0,0.0
2019-03-19,20,0,278,0.0,0.0,0.0,-0.0,0.0
2019-03-19,20,0,279,588.41,588.41,0.0,-164957.034043,0.0
2019-03-19,20,0,281,9.75,9.75,0.0,120.966933,0.0
2019-03-19,20,0,282,0.0,0.0,0.0,0.0,0.0
2019-03-19,21,0,9,0.0,0.0,0.0,0.0,0.0
2019-03-19,21,0,17,0.0,0.0,0.0,0.0,0.0
2019-03-19,21,0,19,408.17,408.17,0.0,4309.227058,0.0
2019-03-19,21,0,20,495.03,495.03,0.0,5226.24561,0.0
2019-03-19,21,0,21,0.0,0.0,0.0,0.0,0.0
2019-03-19,21,0,22,0.0,0.0,0.0,0.0,0.0
2019-03-19,21,0,23,52.81,52.81,0.0,326.54619,0.0
2019-03-19,21,0,24,93.45,93.45,0.0,577.84021,0.0
2019-03-19,21,0,29,0.0,0.0,0.0,0.0,0.0
2019-03-19,21,0,30,0.0,0.0,0.0,0.0,0.0
2019-03-19,21,0,31,16.37,16.37,0.0,100.824984,0.0
2019-03-19,21,0,32,0.0,0.0,0.0,0.0,0.0
2019-03-19,21,0,33,0.0,0.0,0.0,0.0,0.0
2019-03-19,21,0,34,0.0,0.0,0.0,0.0,0.0
2019-03-19,21,0,35,0.0,0.0,0.0,0.0,0.0
2019-03-19,21,0,36,0.0,0.0,0.0,0.0,0.0
2019-03-19,21,0,37,0.0,0.0,0.0,0.0,0.0
2019-03-19,21,0,38,0.0,0.0,0.0,0.0,0.0
2019-03-19,21,0,39,0.0,0.0,0.0,0.0,0.0
2019-03-19,21,0,40,0.0,0.0,0.0,0.0,0.0
2019-03-19,21,0,41,103.16,103.16,0.0,772.73051,0.0
2019-03-19,21,0,42,0.0,0.0,0.0,0.0,0.0
2019-03-19,21,0,43,0.0,0.0,0.0,0.0,0.0
2019-03-19,21,0,46,0.0,0.0,0.0,0.0,0.0
2019-03-19,21,0,52,17.35,17.35,0.0,106.860933,0.0
2019-03-19,21,0,53,27.56,27.56,0.0,169.745666,0.0
2019-03-19,21,0,55,79.56,79.56,0.0,491.952564,0.0
2019-03-19,21,0,56,0.0,0.0,0.0,0.0,0.0
2019-03-19,21,0,57,0.0,0.0,0.0,0.0,0.0
2019-03-19,21,0,58,0.0,0.0,0.0,0.0,0.0
2019-03-19,21,0,59,0.0,0.0,0.0,0.0,0.0
2019-03-19,21,0,63,109.41,109.41,0.0,2043.317457,0.0
2019-03-19,21,0,64,128.72,128.72,0.0,2403.946833,0.0
2019-03-19,21,0,65,0.0,0.0,0.0,0.0,0.0
2019-03-19,21,0,67,0.0,0.0,0.0,0.0,0.0
2019-03-19,21,0,68,5.1,5.1,0.0,-5.415413,0.0
2019-03-19,21,0,69,0.0,0.0,0.0,0.0,0.0
2019-03-19,21,0,74,6.62,6.62,0.0,62.656782,0.0
2019-03-19,21,0,77,100.83,100.83,0.0,389.018219,0.0
2019-03-19,21,0,78,76.37,76.37,0.0,294.647639,0.0
2019-03-19,21,0,79,44.3,44.3,0.0,170.916464,0.0
2019-03-19,21,0,80,71.5,71.5,0.0,275.858402,0.0
2019-03-19,21,0,81,93.32,93.32,0.0,360.043442,0.0
2019-03-19,21,0,82,65.97,65.97,0.0,254.52278,0.0
2019-03-19,21,0,83,146.17,146.17,0.0,563.94717,0.0
2019-03-19,21,0,84,0.0,0.0,0.0,0.0,0.0
2019-03-19,21,0,86,0.0,0.0,0.0,0.0,0.0
2019-03-19,21,0,87,0.0,0.0,0.0,0.0,0.0
2019-03-19,21,0,88,118.28,118.28,0.0,456.343102,0.0
2019-03-19,21,0,89,113.7,113.7,0.0,438.672732,0.0
2019-03-19,21,0,90,152.66,152.66,0.0,588.986625,0.0
2019-03-19,21,0,91,544.58,544.58,0.0,2101.076484,0.0
2019-03-19,21,0,92,195.86,195.86,0.0,755.659114,0.0
2019-03-19,21,0,95,37.35,37.35,0.0,589.443491,0.0
2019-03-19,21,0,96,15.3,15.3,0.0,93.846407,0.0
2019-03-19,21,0,97,94.08,94.08,0.0,577.063399,0.0
2019-03-19,21,0,99,1.28,1.28,0.0,12.114907,0.0
2019-03-19,21,0,101,0.0,0.0,0.0,0.0,0.0
2019-03-19,21,0,102,12.07,12.07,0.0,-12.816477,0.0
2019-03-19,21,0,103,10.5,10.5,0.0,-11.149379,0.0
2019-03-19,21,0,104,1.95,1.95,0.0,-2.070599,0.0
2019-03-19,21,0,106,0.0,0.0,0.0,0.0,0.0
2019-03-19,21,0,109,56.6,56.6,0.0,466.964556,0.0
2019-03-19,21,0,110,0.0,0.0,0.0,-0.0,0.0
2019-03-19,21,0,111,0.0,0.0,0.0,0.0,0.0
2019-03-19,21,0,113,51.99,51.99,0.0,234.508642,0.0
2019-03-19,21,0,115,51.99,51.99,0.0,234.508642,0.0
2019-03-19,21,0,116,0.0,0.0,0.0,-0.0,0.0
2019-03-19,21,0,117,3.5,3.5,0.0,15.787272,0.0
2019-03-19,21,0,119,128.72,128.72,0.0,2403.946833,0.0
2019-03-19,21,0,120,75.69,75.69,0.0,1413.570042,0.0
2019-03-19,21,0,123,0.0,0.0,0.0,0.0,0.0
2019-03-19,21,0,125,84.56,84.56,0.0,522.869643,0.0
2019-03-19,21,0,126,0.0,0.0,0.0,0.0,0.0
2019-03-19,21,0,127,0.0,0.0,0.0,0.0,0.0
2019-03-19,21,0,128,121.11,121.11,0.0,748.873491,0.0
2019-03-19,21,0,131,14.64,14.64,0.0,6.827496,0.0
2019-03-19,21,0,132,21.53,21.53,0.0,10.04071,0.0
2019-03-19,21,0,133,41.9,41.9,0.0,442.507429,0.0
2019-03-19,21,0,134,0.0,0.0,0.0,0.0,0.0
2019-03-19,21,0,135,54.48,54.48,0.0,575.365268,0.0
2019-03-19,21,0,136,1.47,1.47,0.0,15.4601,0.0
2019-03-19,21,0,139,135.88,135.88,0.0,1017.82301,0.0
2019-03-19,21,0,140,0.0,0.0,0.0,-0.0,0.0
2019-03-19,21,0,141,114.48,114.48,0.0,-776.62953,0.0
2019-03-19,21,0,142,0.0,0.0,0.0,0.0,0.0
2019-03-19,21,0,143,26.85,26.85,0.0,165.372682,0.0
2019-03-19,21,0,145,21.6,21.6,0.0,149.8201,0.0
2019-03-19,21,0,146,152.73,152.73,0.0,-3712.401583,0.0
2019-03-19,21,0,152,0.0,0.0,0.0,0.0,0.0
2019-03-19,21,0,153,0.0,0.0,0.0,0.0,0.0
2019-03-19,21,0,154,0.0,0.0,0.0,0.0,0.0
2019-03-19,21,0,157,182.21,182.21,0.0,-1236.1082,0.0
2019-03-19,21,0,158,0.0,0.0,0.0,0.0,0.0
2019-03-19,21,0,159,0.0,0.0,0.0,0.0,0.0
2019-03-19,21,0,160,0.0,0.0,0.0,0.0,0.0
2019-03-19,21,0,161,0.0,0.0,0.0,0.0,0.0
2019-03-19,21,0,162,55.01,55.01,0.0,869.924873,0.0
2019-03-19,21,0,163,111.47,111.47,0.0,-2709.496526,0.0
2019-03-19,21,0,164,0.0,0.0,0.0,0.0,0.0
2019-03-19,21,0,167,0.0,0.0,0.0,0.0,0.0
2019-03-19,21,0,168,0.0,0.0,0.0,0.0,0.0
2019-03-19,21,0,169,0.0,0.0,0.0,0.0,0.0
2019-03-19,21,0,170,0.0,0.0,0.0,0.0,0.0
2019-03-19,21,0,172,0.0,0.0,0.0,0.0,0.0
2019-03-19,21,0,173,0.0,0.0,0.0,0.0,0.0
2019-03-19,21,0,188,0.0,0.0,0.0,0.0,0.0
2019-03-19,21,0,190,0.0,0.0,0.0,0.0,0.0
2019-03-19,21,0,191,0.0,0.0,0.0,0.0,0.0
2019-03-19,21,0,192,162.34,162.34,0.0,3031.82667,0.0
2019-03-19,21,0,194,168.73,168.73,0.0,1582.47516,0.0
2019-03-19,21,0,196,0.0,0.0,0.0,0.0,0.0
2019-03-19,21,0,198,0.0,0.0,0.0,0.0,0.0
2019-03-19,21,0,199,29.05,29.05,0.0,288.007419,0.0
2019-03-19,21,0,200,0.0,0.0,0.0,0.0,0.0
2019-03-19,21,0,204,568.12,568.12,0.0,4621.871923,0.0
2019-03-19,21,0,205,262.69,262.69,0.0,2167.260058,0.0
2019-03-19,21,0,206,276.45,276.45,0.0,1695.675772,0.0
2019-03-19,21,0,210,0.0,0.0,0.0,0.0,0.0
2019-03-19,21,0,214,0.0,0.0,0.0,0.0,0.0
2019-03-19,21,0,217,0.0,0.0,0.0,0.0,0.0
2019-03-19,21,0,218,0.0,0.0,0.0,0.0,0.0
2019-03-19,21,0,219,0.0,0.0,0.0,0.0,0.0
2019-03-19,21,0,221,0.0,0.0,0.0,0.0,0.0
2019-03-19,21,0,225,0.0,0.0,0.0,0.0,0.0
2019-03-19,21,0,233,0.0,0.0,0.0,0.0,0.0
2019-03-19,21,0,236,13.18,13.18,0.0,132.202439,0.0
2019-03-19,21,0,237,15.88,15.88,0.0,150.300559,0.0
2019-03-19,21,0,238,0.0,0.0,0.0,0.0,0.0
2019-03-19,21,0,240,0.0,0.0,0.0,0.0,0.0
2019-03-19,21,0,245,77.08,77.08,0.0,824.610654,0.0
2019-03-19,21,0,247,16.05,16.05,0.0,171.704735,0.0
2019-03-19,21,0,248,1.59,1.59,0.0,15.048985,0.0
2019-03-19,21,0,249,148.23,148.23,0.0,1585.78149,0.0
2019-03-19,21,0,251,0.0,0.0,0.0,0.0,0.0
2019-03-19,21,0,252,0.0,0.0,0.0,0.0,0.0
2019-03-19,21,0,254,0.0,0.0,0.0,0.0,0.0
2019-03-19,21,0,255,0.0,0.0,0.0,0.0,0.0
2019-03-19,21,0,258,0.0,0.0,0.0,0.0,0.0
2019-03-19,21,0,260,0.0,0.0,0.0,0.0,0.0
2019-03-19,21,0,265,0.0,0.0,0.0,0.0,0.0
2019-03-19,21,0,266,85.1,85.1,0.0,637.450237,0.0
2019-03-19,21,0,267,106.23,106.23,0.0,795.726659,0.0
2019-03-19,21,0,270,348.13,348.13,0.0,-8461.981033,0.0
2019-03-19,21,0,272,173.63,173.63,0.0,783.183986,0.0
2019-03-19,21,0,273,0.0,0.0,0.0,-0.0,0.0
2019-03-19,21,0,274,448.78,448.78,0.0,-10908.476282,0.0
2019-03-19,21,0,275,624.71,624.71,0.0,-15184.799273,0.0
2019-03-19,21,0,276,0.0,0.0,0.0,-0.0,0.0
2019-03-19,21,0,277,0.0,0.0,0.0,0.0,0.0
2019-03-19,21,0,278,0.0,0.0,0.0,0.0,0.0
2019-03-19,21,0,279,377.94,377.94,0.0,1605.888005,0.0
2019-03-19,21,0,281,7.35,7.35,0.0,45.269617,0.0
2019-03-19,21,0,282,0.0,0.0,0.0,0.0,0.0
2019-03-19,22,0,9,0.0,0.0,0.0,0.0,0.0
2019-03-19,22,0,17,0.0,0.0,0.0,0.0,0.0
2019-03-19,22,0,19,319.06,319.06,0.0,3855.799668,0.0
2019-03-19,22,0,20,386.96,386.96,0.0,4676.362564,0.0
2019-03-19,22,0,21,0.0,0.0,0.0,0.0,0.0
2019-03-19,22,0,22,0.0,0.0,0.0,0.0,0.0
2019-03-19,22,0,23,33.13,33.13,0.0,289.3139,0.0
2019-03-19,22,0,24,58.62,58.62,0.0,511.910076,0.0
2019-03-19,22,0,29,0.0,0.0,0.0,0.0,0.0
2019-03-19,22,0,30,0.0,0.0,0.0,0.0,0.0
2019-03-19,22,0,31,12.12,12.12,0.0,105.626544,0.0
2019-03-19,22,0,32,0.0,0.0,0.0,0.0,0.0
2019-03-19,22,0,33,0.0,0.0,0.0,0.0,0.0
2019-03-19,22,0,34,0.0,0.0,0.0,0.0,0.0
2019-03-19,22,0,35,0.0,0.0,0.0,0.0,0.0
2019-03-19,22,0,36,0.0,0.0,0.0,0.0,0.0
2019-03-19,22,0,37,0.0,0.0,0.0,0.0,0.0
2019-03-19,22,0,38,0.0,0.0,0.0,0.0,0.0
2019-03-19,22,0,39,0.0,0.0,0.0,0.0,0.0
2019-03-19,22,0,40,0.0,0.0,0.0,0.0,0.0
2019-03-19,22,0,41,77.3,77.3,0.0,749.439732,0.0
2019-03-19,22,0,42,0.0,0.0,0.0,0.0,0.0
2019-03-19,22,0,43,0.0,0.0,0.0,0.0,0.0
2019-03-19,22,0,46,0.0,0.0,0.0,0.0,0.0
2019-03-19,22,0,52,12.85,12.85,0.0,111.988539,0.0
2019-03-19,22,0,53,20.41,20.41,0.0,177.874403,0.0
2019-03-19,22,0,55,107.34,107.34,0.0,937.366557,0.0
2019-03-19,22,0,56,0.0,0.0,0.0,0.0,0.0
2019-03-19,22,0,57,0.0,0.0,0.0,0.0,0.0
2019-03-19,22,0,58,0.0,0.0,0.0,0.0,0.0
2019-03-19,22,0,59,0.0,0.0,0.0,0.0,0.0
2019-03-19,22,0,63,59.89,59.89,0.0,1019.361603,0.0
2019-03-19,22,0,64,70.46,70.46,0.0,1199.268969,0.0
2019-03-19,22,0,65,0.0,0.0,0.0,0.0,0.0
2019-03-19,22,0,67,0.0,0.0,0.0,0.0,0.0
2019-03-19,22,0,68,2.86,2.86,0.0,17.573889,0.0
2019-03-19,22,0,69,0.0,0.0,0.0,0.0,0.0
2019-03-19,22,0,74,3.27,3.27,0.0,36.609779,0.0
2019-03-19,22,0,77,67.01,67.01,0.0,472.291339,0.0
2019-03-19,22,0,78,50.66,50.66,0.0,357.055353,0.0
2019-03-19,22,0,79,29.32,29.32,0.0,206.649486,0.0
2019-03-19,22,0,80,47.41,47.41,0.0,334.149118,0.0
2019-03-19,22,0,81,61.98,61.98,0.0,436.839534,0.0
2019-03-19,22,0,82,43.72,43.72,0.0,308.14173,0.0
2019-03-19,22,0,83,97.5,97.5,0.0,687.187069,0.0
2019-03-19,22,0,84,0.0,0.0,0.0,0.0,0.0
2019-03-19,22,0,86,0.0,0.0,0.0,0.0,0.0
2019-03-19,22,0,87,0.0,0.0,0.0,0.0,0.0
2019-03-19,22,0,88,71.17,71.17,0.0,501.61132,0.0
2019-03-19,22,0,89,68.41,68.41,0.0,482.15864,0.0
2019-03-19,22,0,90,91.86,91.86,0.0,647.435941,0.0
2019-03-19,22,0,91,327.67,327.67,0.0,2309.441919,0.0
2019-03-19,22,0,92,117.84,117.84,0.0,830.544864,0.0
2019-03-19,22,0,95,33.9,33.9,0.0,544.159187,0.0
2019-03-19,22,0,96,8.04,8.04,0.0,69.920998,0.0
2019-03-19,22,0,97,49.46,49.46,0.0,430.135888,0.0
2019-03-19,22,0,99,0.63,0.63,0.0,7.05326,0.0
2019-03-19,22,0,101,0.0,0.0,0.0,0.0,0.0
2019-03-19,22,0,102,6.76,6.76,0.0,41.538282,0.0
2019-03-19,22,0,103,5.88,5.88,0.0,36.130932,0.0
2019-03-19,22,0,104,1.09,1.09,0.0,6.697741,0.0
2019-03-19,22,0,106,0.0,0.0,0.0,0.0,0.0
2019-03-19,22,0,109,76.5,76.5,0.0,781.976184,0.0
2019-03-19,22,0,110,0.0,0.0,0.0,0.0,0.0
2019-03-19,22,0,111,0.0,0.0,0.0,0.0,0.0
2019-03-19,22,0,113,51.29,51.29,0.0,352.365154,0.0
2019-03-19,22,0,115,51.29,51.29,0.0,352.365154,0.0
2019-03-19,22,0,116,0.0,0.0,0.0,0.0,0.0
2019-03-19,22,0,117,3.42,3.42,0.0,23.49559,0.0
2019-03-19,22,0,119,70.46,70.46,0.0,1199.268969,0.0
2019-03-19,22,0,120,41.43,41.43,0.0,705.161984,0.0
2019-03-19,22,0,123,0.0,0.0,0.0,0.0,0.0
2019-03-19,22,0,125,53.05,53.05,0.0,463.269013,0.0
2019-03-19,22,0,126,0.0,0.0,0.0,0.0,0.0
2019-03-19,22,0,127,0.0,0.0,0.0,0.0,0.0
2019-03-19,22,0,128,75.98,75.98,0.0,663.509512,0.0
2019-03-19,22,0,131,8.21,8.21,0.0,52.529506,0.0
2019-03-19,22,0,132,12.06,12.06,0.0,77.162709,0.0
2019-03-19,22,0,133,48.09,48.09,0.0,581.303785,0.0
2019-03-19,22,0,134,0.0,0.0,0.0,0.0,0.0
2019-03-19,22,0,135,64.44,64.44,0.0,778.939819,0.0
2019-03-19,22,0,136,0.94,0.94,0.0,11.328653,0.0
2019-03-19,22,0,139,99.82,99.82,0.0,967.775861,0.0
2019-03-19,22,0,140,0.0,0.0,0.0,0.0,0.0
2019-03-19,22,0,141,81.42,81.42,0.0,423.014024,0.0
2019-03-19,22,0,142,0.0,0.0,0.0,0.0,0.0
2019-03-19,22,0,143,22.05,22.05,0.0,192.167103,0.0
2019-03-19,22,0,145,31.85,31.85,0.0,295.415514,0.0
2019-03-19,22,0,146,196.47,196.47,0.0,449.625292,0.0
2019-03-19,22,0,152,0.0,0.0,0.0,0.0,0.0
2019-03-19,22,0,153,0.0,0.0,0.0,0.0,0.0
2019-03-19,22,0,154,0.0,0.0,0.0,0.0,0.0
2019-03-19,22,0,157,250.0,250.0,0.0,1298.863989,0.0
2019-03-19,22,0,158,0.0,0.0,0.0,0.0,0.0
2019-03-19,22,0,159,0.0,0.0,0.0,0.0,0.0
2019-03-19,22,0,160,0.0,0.0,0.0,0.0,0.0
2019-03-19,22,0,161,0.0,0.0,0.0,0.0,0.0
2019-03-19,22,0,162,23.88,23.88,0.0,383.63407,0.0
2019-03-19,22,0,163,66.16,66.16,0.0,151.408405,0.0
2019-03-19,22,0,164,0.0,0.0,0.0,0.0,0.0
2019-03-19,22,0,167,0.0,0.0,0.0,0.0,0.0
2019-03-19,22,0,168,0.0,0.0,0.0,0.0,0.0
2019-03-19,22,0,169,0.0,0.0,0.0,0.0,0.0
2019-03-19,22,0,170,0.0,0.0,0.0,0.0,0.0
2019-03-19,22,0,172,0.0,0.0,0.0,0.0,0.0
2019-03-19,22,0,173,0.0,0.0,0.0,0.0,0.0
2019-03-19,22,0,188,0.0,0.0,0.0,0.0,0.0
2019-03-19,22,0,190,0.0,0.0,0.0,0.0,0.0
2019-03-19,22,0,191,0.0,0.0,0.0,0.0,0.0
2019-03-19,22,0,192,112.79,112.79,0.0,1919.749462,0.0
2019-03-19,22,0,194,108.9,108.9,0.0,807.009309,0.0
2019-03-19,22,0,196,0.0,0.0,0.0,0.0,0.0
2019-03-19,22,0,198,0.0,0.0,0.0,0.0,0.0
2019-03-19,22,0,199,23.26,23.26,0.0,223.04106,0.0
2019-03-19,22,0,200,0.0,0.0,0.0,0.0,0.0
2019-03-19,22,0,204,373.36,373.36,0.0,3782.99548,0.0
2019-03-19,22,0,205,380.6,380.6,0.0,3890.459287,0.0
2019-03-19,22,0,206,145.34,145.34,0.0,1263.969875,0.0
2019-03-19,22,0,210,0.0,0.0,0.0,0.0,0.0
2019-03-19,22,0,214,0.0,0.0,0.0,0.0,0.0
2019-03-19,22,0,217,0.0,0.0,0.0,0.0,0.0
2019-03-19,22,0,218,0.0,0.0,0.0,0.0,0.0
2019-03-19,22,0,219,0.0,0.0,0.0,0.0,0.0
2019-03-19,22,0,221,0.0,0.0,0.0,0.0,0.0
2019-03-19,22,0,225,0.0,0.0,0.0,0.0,0.0
2019-03-19,22,0,233,0.0,0.0,0.0,0.0,0.0
2019-03-19,22,0,236,10.08,10.08,0.0,117.446084,0.0
2019-03-19,22,0,237,7.85,7.85,0.0,87.885861,0.0
2019-03-19,22,0,238,0.0,0.0,0.0,0.0,0.0
2019-03-19,22,0,240,0.0,0.0,0.0,0.0,0.0
2019-03-19,22,0,245,59.18,59.18,0.0,722.014298,0.0
2019-03-19,22,0,247,9.24,9.24,0.0,112.730857,0.0
2019-03-19,22,0,248,0.79,0.79,0.0,8.844564,0.0
2019-03-19,22,0,249,113.81,113.81,0.0,1388.51719,0.0
2019-03-19,22,0,251,0.0,0.0,0.0,0.0,0.0
2019-03-19,22,0,252,0.0,0.0,0.0,0.0,0.0
2019-03-19,22,0,254,0.0,0.0,0.0,0.0,0.0
2019-03-19,22,0,255,0.0,0.0,0.0,0.0,0.0
2019-03-19,22,0,258,0.0,0.0,0.0,0.0,0.0
2019-03-19,22,0,260,0.0,0.0,0.0,0.0,0.0
2019-03-19,22,0,265,0.0,0.0,0.0,0.0,0.0
2019-03-19,22,0,266,64.64,64.64,0.0,626.698374,0.0
2019-03-19,22,0,267,79.43,79.43,0.0,770.090529,0.0
2019-03-19,22,0,270,206.62,206.62,0.0,472.853757,0.0
2019-03-19,22,0,272,171.43,171.43,0.0,1177.733639,0.0
2019-03-19,22,0,273,0.0,0.0,0.0,0.0,0.0
2019-03-19,22,0,274,266.36,266.36,0.0,609.569871,0.0
2019-03-19,22,0,275,370.78,370.78,0.0,848.537006,0.0
2019-03-19,22,0,276,0.0,0.0,0.0,0.0,0.0
2019-03-19,22,0,277,0.0,0.0,0.0,0.0,0.0
2019-03-19,22,0,278,0.0,0.0,0.0,0.0,0.0
2019-03-19,22,0,279,91.74,91.74,0.0,636.806373,0.0
2019-03-19,22,0,281,5.44,5.44,0.0,47.409934,0.0
2019-03-19,22,0,282,0.0,0.0,0.0,0.0,0.0
2019-03-19,23,0,9,0.0,0.0,0.0,0.0,0.0
2019-03-19,23,0,17,0.0,0.0,0.0,0.0,0.0
2019-03-19,23,0,19,346.91,346.91,0.0,3086.105187,0.0
2019-03-19,23,0,20,420.73,420.73,0.0,3742.806593,0.0
2019-03-19,23,0,21,0.0,0.0,0.0,0.0,0.0
2019-03-19,23,0,22,0.0,0.0,0.0,0.0,0.0
2019-03-19,23,0,23,43.32,43.32,0.0,274.060542,0.0
2019-03-19,23,0,24,76.64,76.64,0.0,484.856878,0.0
2019-03-19,23,0,29,0.0,0.0,0.0,0.0,0.0
2019-03-19,23,0,30,0.0,0.0,0.0,0.0,0.0
2019-03-19,23,0,31,13.34,13.34,0.0,84.195836,0.0
2019-03-19,23,0,32,0.0,0.0,0.0,0.0,0.0
2019-03-19,23,0,33,0.0,0.0,0.0,0.0,0.0
2019-03-19,23,0,34,0.0,0.0,0.0,0.0,0.0
2019-03-19,23,0,35,0.0,0.0,0.0,0.0,0.0
2019-03-19,23,0,36,0.0,0.0,0.0,0.0,0.0
2019-03-19,23,0,37,0.0,0.0,0.0,0.0,0.0
2019-03-19,23,0,38,0.0,0.0,0.0,0.0,0.0
2019-03-19,23,0,39,0.0,0.0,0.0,0.0,0.0
2019-03-19,23,0,40,0.0,0.0,0.0,0.0,0.0
2019-03-19,23,0,41,70.06,70.06,0.0,498.767465,0.0
2019-03-19,23,0,42,0.0,0.0,0.0,0.0,0.0
2019-03-19,23,0,43,0.0,0.0,0.0,0.0,0.0
2019-03-19,23,0,46,0.0,0.0,0.0,0.0,0.0
2019-03-19,23,0,52,14.14,14.14,0.0,89.245062,0.0
2019-03-19,23,0,53,22.46,22.46,0.0,141.757007,0.0
2019-03-19,23,0,55,226.3,226.3,0.0,1431.668992,0.0
2019-03-19,23,0,56,0.0,0.0,0.0,0.0,0.0
2019-03-19,23,0,57,0.0,0.0,0.0,0.0,0.0
2019-03-19,23,0,58,0.0,0.0,0.0,0.0,0.0
2019-03-19,23,0,59,0.0,0.0,0.0,0.0,0.0
2019-03-19,23,0,63,66.64,66.64,0.0,1097.8127,0.0
2019-03-19,23,0,64,78.4,78.4,0.0,1291.544352,0.0
2019-03-19,23,0,65,0.0,0.0,0.0,0.0,0.0
2019-03-19,23,0,67,0.0,0.0,0.0,0.0,0.0
2019-03-19,23,0,68,3.07,3.07,0.0,13.406077,0.0
2019-03-19,23,0,69,0.0,0.0,0.0,0.0,0.0
2019-03-19,23,0,74,2.31,2.31,0.0,19.142527,0.0
2019-03-19,23,0,77,85.97,85.97,0.0,421.158741,0.0
2019-03-19,23,0,78,64.99,64.99,0.0,318.379744,0.0
2019-03-19,23,0,79,37.61,37.61,0.0,184.247764,0.0
2019-03-19,23,0,80,60.82,60.82,0.0,297.951316,0.0
2019-03-19,23,0,81,79.52,79.52,0.0,389.560813,0.0
2019-03-19,23,0,82,56.09,56.09,0.0,274.779502,0.0
2019-03-19,23,0,83,125.08,125.08,0.0,612.754861,0.0
2019-03-19,23,0,84,0.0,0.0,0.0,0.0,0.0
2019-03-19,23,0,86,0.0,0.0,0.0,0.0,0.0
2019-03-19,23,0,87,0.0,0.0,0.0,0.0,0.0
2019-03-19,23,0,88,96.19,96.19,0.0,471.225536,0.0
2019-03-19,23,0,89,92.47,92.47,0.0,453.001615,0.0
2019-03-19,23,0,90,124.16,124.16,0.0,608.247869,0.0
2019-03-19,23,0,91,442.9,442.9,0.0,2169.724399,0.0
2019-03-19,23,0,92,159.29,159.29,0.0,780.346352,0.0
2019-03-19,23,0,95,34.91,34.91,0.0,543.822566,0.0
2019-03-19,23,0,96,9.82,9.82,0.0,61.826443,0.0
2019-03-19,23,0,97,60.41,60.41,0.0,380.339654,0.0
2019-03-19,23,0,99,0.45,0.45,0.0,3.729064,0.0
2019-03-19,23,0,101,0.0,0.0,0.0,0.0,0.0
2019-03-19,23,0,102,7.28,7.28,0.0,31.790307,0.0
2019-03-19,23,0,103,6.33,6.33,0.0,27.641847,0.0
2019-03-19,23,0,104,1.18,1.18,0.0,5.152824,0.0
2019-03-19,23,0,106,0.0,0.0,0.0,0.0,0.0
2019-03-19,23,0,109,82.58,82.58,0.0,627.645308,0.0
2019-03-19,23,0,110,7.61,7.61,0.0,17.030658,0.0
2019-03-19,23,0,111,0.0,0.0,0.0,0.0,0.0
2019-03-19,23,0,113,58.03,58.03,0.0,272.216345,0.0
2019-03-19,23,0,115,58.03,58.03,0.0,272.216345,0.0
2019-03-19,23,0,116,0.0,0.0,0.0,0.0,0.0
2019-03-19,23,0,117,3.87,3.87,0.0,18.154011,0.0
2019-03-19,23,0,119,78.4,78.4,0.0,1291.544352,0.0
2019-03-19,23,0,120,46.1,46.1,0.0,759.441258,0.0
2019-03-19,23,0,123,0.0,0.0,0.0,0.0,0.0
2019-03-19,23,0,125,69.35,69.35,0.0,438.737272,0.0
2019-03-19,23,0,126,0.0,0.0,0.0,0.0,0.0
2019-03-19,23,0,127,0.0,0.0,0.0,0.0,0.0
2019-03-19,23,0,128,99.33,99.33,0.0,628.403363,0.0
2019-03-19,23,0,131,8.96,8.96,0.0,40.380559,0.0
2019-03-19,23,0,132,13.17,13.17,0.0,59.354013,0.0
2019-03-19,23,0,133,52.42,52.42,0.0,466.431922,0.0
2019-03-19,23,0,134,0.0,0.0,0.0,0.0,0.0
2019-03-19,23,0,135,70.25,70.25,0.0,625.082841,0.0
2019-03-19,23,0,136,0.0,0.0,0.0,0.0,0.0
2019-03-19,23,0,139,90.48,90.48,0.0,644.140454,0.0
2019-03-19,23,0,140,5.63,5.63,0.0,12.599554,0.0
2019-03-19,23,0,141,94.08,94.08,0.0,361.525696,0.0
2019-03-19,23,0,142,0.0,0.0,0.0,0.0,0.0
2019-03-19,23,0,143,25.05,25.05,0.0,158.103875,0.0
2019-03-19,23,0,145,16.2,16.2,0.0,110.002552,0.0
2019-03-19,23,0,146,177.91,177.91,0.0,398.150367,0.0
2019-03-19,23,0,152,0.0,0.0,0.0,0.0,0.0
2019-03-19,23,0,153,0.0,0.0,0.0,0.0,0.0
2019-03-19,23,0,154,0.0,0.0,0.0,0.0,0.0
2019-03-19,23,0,157,241.62,241.62,0.0,928.48468,0.0
2019-03-19,23,0,158,0.0,0.0,0.0,0.0,0.0
2019-03-19,23,0,159,0.0,0.0,0.0,0.0,0.0
2019-03-19,23,0,160,0.0,0.0,0.0,0.0,0.0
2019-03-19,23,0,161,0.0,0.0,0.0,0.0,0.0
2019-03-19,23,0,162,12.02,12.02,0.0,187.401522,0.0
2019-03-19,23,0,163,65.58,65.58,0.0,146.763538,0.0
2019-03-19,23,0,164,0.0,0.0,0.0,0.0,0.0
2019-03-19,23,0,167,0.0,0.0,0.0,0.0,0.0
2019-03-19,23,0,168,0.0,0.0,0.0,0.0,0.0
2019-03-19,23,0,169,0.0,0.0,0.0,0.0,0.0
2019-03-19,23,0,170,0.0,0.0,0.0,0.0,0.0
2019-03-19,23,0,172,0.0,0.0,0.0,0.0,0.0
2019-03-19,23,0,173,0.0,0.0,0.0,0.0,0.0
2019-03-19,23,0,188,0.0,0.0,0.0,0.0,0.0
2019-03-19,23,0,190,0.0,0.0,0.0,0.0,0.0
2019-03-19,23,0,191,0.0,0.0,0.0,0.0,0.0
2019-03-19,23,0,192,104.21,104.21,0.0,1716.732614,0.0
2019-03-19,23,0,194,136.25,136.25,0.0,665.857482,0.0
2019-03-19,23,0,196,0.0,0.0,0.0,0.0,0.0
2019-03-19,23,0,198,0.0,0.0,0.0,0.0,0.0
2019-03-19,23,0,199,15.34,15.34,0.0,125.190855,0.0
2019-03-19,23,0,200,0.0,0.0,0.0,0.0,0.0
2019-03-19,23,0,204,355.59,355.59,0.0,2678.999934,0.0
2019-03-19,23,0,205,436.82,436.82,0.0,3320.029344,0.0
2019-03-19,23,0,206,177.52,177.52,0.0,1117.660908,0.0
2019-03-19,23,0,210,0.0,0.0,0.0,0.0,0.0
2019-03-19,23,0,214,0.0,0.0,0.0,0.0,0.0
2019-03-19,23,0,217,0.0,0.0,0.0,0.0,0.0
2019-03-19,23,0,218,0.0,0.0,0.0,0.0,0.0
2019-03-19,23,0,219,0.0,0.0,0.0,0.0,0.0
2019-03-19,23,0,221,0.0,0.0,0.0,0.0,0.0
2019-03-19,23,0,225,0.0,0.0,0.0,0.0,0.0
2019-03-19,23,0,233,0.0,0.0,0.0,0.0,0.0
2019-03-19,23,0,236,8.61,8.61,0.0,74.090635,0.0
2019-03-19,23,0,237,5.53,5.53,0.0,45.82605,0.0
2019-03-19,23,0,238,0.0,0.0,0.0,0.0,0.0
2019-03-19,23,0,240,0.0,0.0,0.0,0.0,0.0
2019-03-19,23,0,245,66.72,66.72,0.0,598.733046,0.0
2019-03-19,23,0,247,10.15,10.15,0.0,91.084239,0.0
2019-03-19,23,0,248,0.56,0.56,0.0,4.640613,0.0
2019-03-19,23,0,249,128.32,128.32,0.0,1151.520151,0.0
2019-03-19,23,0,251,0.0,0.0,0.0,0.0,0.0
2019-03-19,23,0,252,0.0,0.0,0.0,0.0,0.0
2019-03-19,23,0,254,0.0,0.0,0.0,0.0,0.0
2019-03-19,23,0,255,0.0,0.0,0.0,0.0,0.0
2019-03-19,23,0,258,0.0,0.0,0.0,0.0,0.0
2019-03-19,23,0,260,0.0,0.0,0.0,0.0,0.0
2019-03-19,23,0,265,0.0,0.0,0.0,0.0,0.0
2019-03-19,23,0,266,58.59,58.59,0.0,417.110845,0.0
2019-03-19,23,0,267,72.0,72.0,0.0,512.578611,0.0
2019-03-19,23,0,270,204.81,204.81,0.0,458.350721,0.0
2019-03-19,23,0,272,193.95,193.95,0.0,909.81148,0.0
2019-03-19,23,0,273,0.0,0.0,0.0,0.0,0.0
2019-03-19,23,0,274,264.02,264.02,0.0,590.858636,0.0
2019-03-19,23,0,275,367.52,367.52,0.0,822.484532,0.0
2019-03-19,23,0,276,0.0,0.0,0.0,0.0,0.0
2019-03-19,23,0,277,0.0,0.0,0.0,0.0,0.0
2019-03-19,23,0,278,0.0,0.0,0.0,0.0,0.0
2019-03-19,23,0,279,100.05,100.05,0.0,477.671445,0.0
2019-03-19,23,0,281,5.99,5.99,0.0,37.806076,0.0
2019-03-19,23,0,282,0.0,0.0,0.0,0.0,0.0
2019-03-20,0,0,9,0.0,0.0,0.0,0.0,0.0
2019-03-20,0,0,17,0.0,0.0,0.0,0.0,0.0
2019-03-20,0,0,19,388.27,388.27,0.0,2564.299283,0.0
2019-03-20,0,0,20,470.9,470.9,0.0,3110.022748,0.0
2019-03-20,0,0,21,0.0,0.0,0.0,0.0,0.0
2019-03-20,0,0,22,0.0,0.0,0.0,0.0,0.0
2019-03-20,0,0,23,58.76,58.76,0.0,346.181437,0.0
2019-03-20,0,0,24,103.96,103.96,0.0,612.474851,0.0
2019-03-20,0,0,29,0.0,0.0,0.0,0.0,0.0
2019-03-20,0,0,30,0.0,0.0,0.0,0.0,0.0
2019-03-20,0,0,31,15.19,15.19,0.0,89.422404,0.0
2019-03-20,0,0,32,0.0,0.0,0.0,0.0,0.0
2019-03-20,0,0,33,0.0,0.0,0.0,0.0,0.0
2019-03-20,0,0,34,0.0,0.0,0.0,0.0,0.0
2019-03-20,0,0,35,0.0,0.0,0.0,0.0,0.0
2019-03-20,0,0,36,0.0,0.0,0.0,0.0,0.0
2019-03-20,0,0,37,0.0,0.0,0.0,0.0,0.0
2019-03-20,0,0,38,0.0,0.0,0.0,0.0,0.0
2019-03-20,0,0,39,0.0,0.0,0.0,0.0,0.0
2019-03-20,0,0,40,0.0,0.0,0.0,0.0,0.0
2019-03-20,0,0,41,63.98,63.98,0.0,392.002131,0.0
2019-03-20,0,0,42,0.0,0.0,0.0,0.0,0.0
2019-03-20,0,0,43,0.0,0.0,0.0,0.0,0.0
2019-03-20,0,0,46,0.0,0.0,0.0,0.0,0.0
2019-03-20,0,0,52,16.1,16.1,0.0,94.779507,0.0
2019-03-20,0,0,53,25.57,25.57,0.0,150.528695,0.0
2019-03-20,0,0,55,283.61,283.61,0.0,1670.87334,0.0
2019-03-20,0,0,56,0.0,0.0,0.0,0.0,0.0
2019-03-20,0,0,57,0.0,0.0,0.0,0.0,0.0
2019-03-20,0,0,58,0.0,0.0,0.0,0.0,0.0
2019-03-20,0,0,59,0.0,0.0,0.0,0.0,0.0
2019-03-20,0,0,63,74.2,74.2,0.0,709.194318,0.0
2019-03-20,0,0,64,87.29,87.29,0.0,834.306901,0.0
2019-03-20,0,0,65,0.0,0.0,0.0,0.0,0.0
2019-03-20,0,0,67,0.0,0.0,0.0,0.0,0.0
2019-03-20,0,0,68,3.48,3.48,0.0,17.013339,0.0
2019-03-20,0,0,69,0.0,0.0,0.0,0.0,0.0
2019-03-20,0,0,74,1.57,1.57,0.0,10.13576,0.0
2019-03-20,0,0,77,112.41,112.41,0.0,613.399683,0.0
2019-03-20,0,0,78,84.98,84.98,0.0,463.719465,0.0
2019-03-20,0,0,79,49.18,49.18,0.0,268.365772,0.0
2019-03-20,0,0,80,79.53,79.53,0.0,433.979867,0.0
2019-03-20,0,0,81,103.98,103.98,0.0,567.3988,0.0
2019-03-20,0,0,82,73.35,73.35,0.0,400.256799,0.0
2019-03-20,0,0,83,163.56,163.56,0.0,892.515365,0.0
2019-03-20,0,0,84,0.0,0.0,0.0,0.0,0.0
2019-03-20,0,0,86,0.0,0.0,0.0,0.0,0.0
2019-03-20,0,0,87,0.0,0.0,0.0,0.0,0.0
2019-03-20,0,0,88,129.93,129.93,0.0,709.002943,0.0
2019-03-20,0,0,89,124.9,124.9,0.0,681.555204,0.0
2019-03-20,0,0,90,167.71,167.71,0.0,915.161115,0.0
2019-03-20,0,0,91,598.25,598.25,0.0,3264.534833,0.0
2019-03-20,0,0,92,215.16,215.16,0.0,1174.08661,0.0
2019-03-20,0,0,95,20.14,20.14,0.0,183.030314,0.0
2019-03-20,0,0,96,12.17,12.17,0.0,71.586382,0.0
2019-03-20,0,0,97,74.83,74.83,0.0,440.165076,0.0
2019-03-20,0,0,99,0.3,0.3,0.0,1.936769,0.0
2019-03-20,0,0,101,0.0,0.0,0.0,0.0,0.0
2019-03-20,0,0,102,8.24,8.24,0.0,40.284458,0.0
2019-03-20,0,0,103,7.17,7.17,0.0,35.053346,0.0
2019-03-20,0,0,104,1.33,1.33,0.0,6.502224,0.0
2019-03-20,0,0,106,0.0,0.0,0.0,0.0,0.0
2019-03-20,0,0,109,77.87,77.87,0.0,489.214276,0.0
2019-03-20,0,0,110,23.26,23.26,0.0,52.571152,0.0
2019-03-20,0,0,111,0.0,0.0,0.0,0.0,0.0
2019-03-20,0,0,113,66.43,66.43,0.0,364.883263,0.0
2019-03-20,0,0,115,66.43,66.43,0.0,364.883263,0.0
2019-03-20,0,0,116,0.0,0.0,0.0,0.0,0.0
2019-03-20,0,0,117,4.43,4.43,0.0,24.332875,0.0
2019-03-20,0,0,119,87.29,87.29,0.0,834.306901,0.0
2019-03-20,0,0,120,51.33,51.33,0.0,490.605719,0.0
2019-03-20,0,0,123,0.0,0.0,0.0,0.0,0.0
2019-03-20,0,0,125,94.07,94.07,0.0,554.208438,0.0
2019-03-20,0,0,126,0.0,0.0,0.0,0.0,0.0
2019-03-20,0,0,127,0.0,0.0,0.0,0.0,0.0
2019-03-20,0,0,128,134.74,134.74,0.0,793.813596,0.0
2019-03-20,0,0,131,10.29,10.29,0.0,52.085015,0.0
2019-03-20,0,0,132,15.13,15.13,0.0,76.5837,0.0
2019-03-20,0,0,133,59.13,59.13,0.0,390.547678,0.0
2019-03-20,0,0,134,0.0,0.0,0.0,0.0,0.0
2019-03-20,0,0,135,79.24,79.24,0.0,523.372197,0.0
2019-03-20,0,0,136,0.0,0.0,0.0,0.0,0.0
2019-03-20,0,0,139,82.62,82.62,0.0,506.208442,0.0
2019-03-20,0,0,140,17.22,17.22,0.0,38.919829,0.0
2019-03-20,0,0,141,112.68,112.68,0.0,477.964633,0.0
2019-03-20,0,0,142,0.0,0.0,0.0,0.0,0.0
2019-03-20,0,0,143,74.18,74.18,0.0,436.692162,0.0
2019-03-20,0,0,145,20.98,20.98,0.0,126.58782,0.0
2019-03-20,0,0,146,163.04,163.04,0.0,368.495295,0.0
2019-03-20,0,0,152,0.0,0.0,0.0,0.0,0.0
2019-03-20,0,0,153,0.0,0.0,0.0,0.0,0.0
2019-03-20,0,0,154,0.0,0.0,0.0,0.0,0.0
2019-03-20,0,0,157,229.72,229.72,0.0,974.42346,0.0
2019-03-20,0,0,158,0.0,0.0,0.0,0.0,0.0
2019-03-20,0,0,159,0.0,0.0,0.0,0.0,0.0
2019-03-20,0,0,160,0.0,0.0,0.0,0.0,0.0
2019-03-20,0,0,161,0.0,0.0,0.0,0.0,0.0
2019-03-20,0,0,162,11.99,11.99,0.0,109.034616,0.0
2019-03-20,0,0,163,66.05,66.05,0.0,149.283086,0.0
2019-03-20,0,0,164,0.0,0.0,0.0,0.0,0.0
2019-03-20,0,0,167,0.0,0.0,0.0,0.0,0.0
2019-03-20,0,0,168,0.0,0.0,0.0,0.0,0.0
2019-03-20,0,0,169,0.0,0.0,0.0,0.0,0.0
2019-03-20,0,0,170,0.0,0.0,0.0,0.0,0.0
2019-03-20,0,0,172,0.0,0.0,0.0,0.0,0.0
2019-03-20,0,0,173,0.0,0.0,0.0,0.0,0.0
2019-03-20,0,0,188,0.0,0.0,0.0,0.0,0.0
2019-03-20,0,0,190,0.0,0.0,0.0,0.0,0.0
2019-03-20,0,0,191,0.0,0.0,0.0,0.0,0.0
2019-03-20,0,0,192,96.71,96.71,0.0,924.342082,0.0
2019-03-20,0,0,194,167.88,167.88,0.0,1008.615979,0.0
2019-03-20,0,0,196,0.0,0.0,0.0,0.0,0.0
2019-03-20,0,0,198,0.0,0.0,0.0,0.0,0.0
2019-03-20,0,0,199,5.74,5.74,0.0,39.69271,0.0
2019-03-20,0,0,200,0.0,0.0,0.0,0.0,0.0
2019-03-20,0,0,204,344.84,344.84,0.0,2160.291502,0.0
2019-03-20,0,0,205,411.94,411.94,0.0,2587.991896,0.0
2019-03-20,0,0,206,219.89,219.89,0.0,1293.437106,0.0
2019-03-20,0,0,210,0.0,0.0,0.0,0.0,0.0
2019-03-20,0,0,214,0.0,0.0,0.0,0.0,0.0
2019-03-20,0,0,217,0.0,0.0,0.0,0.0,0.0
2019-03-20,0,0,218,0.0,0.0,0.0,0.0,0.0
2019-03-20,0,0,219,0.0,0.0,0.0,0.0,0.0
2019-03-20,0,0,221,0.0,0.0,0.0,0.0,0.0
2019-03-20,0,0,225,0.0,0.0,0.0,0.0,0.0
2019-03-20,0,0,233,0.0,0.0,0.0,0.0,0.0
2019-03-20,0,0,236,7.33,7.33,0.0,47.905018,0.0
2019-03-20,0,0,237,3.76,3.76,0.0,24.274176,0.0
2019-03-20,0,0,238,0.0,0.0,0.0,0.0,0.0
2019-03-20,0,0,240,0.0,0.0,0.0,0.0,0.0
2019-03-20,0,0,245,50.52,50.52,0.0,334.594227,0.0
2019-03-20,0,0,247,11.71,11.71,0.0,77.555392,0.0
2019-03-20,0,0,248,0.38,0.38,0.0,2.453241,0.0
2019-03-20,0,0,249,94.64,94.64,0.0,626.80122,0.0
2019-03-20,0,0,251,8.09,8.09,0.0,53.321781,0.0
2019-03-20,0,0,252,0.0,0.0,0.0,0.0,0.0
2019-03-20,0,0,254,0.0,0.0,0.0,0.0,0.0
2019-03-20,0,0,255,0.0,0.0,0.0,0.0,0.0
2019-03-20,0,0,258,0.0,0.0,0.0,0.0,0.0
2019-03-20,0,0,260,0.0,0.0,0.0,0.0,0.0
2019-03-20,0,0,265,0.0,0.0,0.0,0.0,0.0
2019-03-20,0,0,266,53.5,53.5,0.0,327.791717,0.0
2019-03-20,0,0,267,65.74,65.74,0.0,402.78556,0.0
2019-03-20,0,0,270,206.26,206.26,0.0,466.179095,0.0
2019-03-20,0,0,272,222.01,222.01,0.0,1219.445027,0.0
2019-03-20,0,0,273,0.0,0.0,0.0,0.0,0.0
2019-03-20,0,0,274,265.9,265.9,0.0,600.974602,0.0
2019-03-20,0,0,275,370.13,370.13,0.0,836.550317,0.0
2019-03-20,0,0,276,0.0,0.0,0.0,0.0,0.0
2019-03-20,0,0,277,0.0,0.0,0.0,0.0,0.0
2019-03-20,0,0,278,0.0,0.0,0.0,0.0,0.0
2019-03-20,0,0,279,112.8,112.8,0.0,617.956619,0.0
2019-03-20,0,0,281,6.82,6.82,0.0,40.148835,0.0
2019-03-20,0,0,282,0.0,0.0,0.0,0.0,0.0
2019-03-20,1,0,9,0.0,0.0,0.0,0.0,0.0
2019-03-20,1,0,17,0.0,0.0,0.0,0.0,0.0
2019-03-20,1,0,19,439.62,439.62,0.0,2289.148263,0.0
2019-03-20,1,0,20,533.17,533.17,0.0,2776.273098,0.0
2019-03-20,1,0,21,0.0,0.0,0.0,0.0,0.0
2019-03-20,1,0,22,0.0,0.0,0.0,0.0,0.0
2019-03-20,1,0,23,80.48,80.48,0.0,310.672494,0.0
2019-03-20,1,0,24,142.39,142.39,0.0,549.660244,0.0
2019-03-20,1,0,29,0.0,0.0,0.0,0.0,0.0
2019-03-20,1,0,30,0.0,0.0,0.0,0.0,0.0
2019-03-20,1,0,31,39.85,39.85,0.0,153.505076,0.0
2019-03-20,1,0,32,0.0,0.0,0.0,0.0,0.0
2019-03-20,1,0,33,0.0,0.0,0.0,0.0,0.0
2019-03-20,1,0,34,0.0,0.0,0.0,0.0,0.0
2019-03-20,1,0,35,0.0,0.0,0.0,0.0,0.0
2019-03-20,1,0,36,0.0,0.0,0.0,0.0,0.0
2019-03-20,1,0,37,0.0,0.0,0.0,0.0,0.0
2019-03-20,1,0,38,0.0,0.0,0.0,0.0,0.0
2019-03-20,1,0,39,0.0,0.0,0.0,0.0,0.0
2019-03-20,1,0,40,0.0,0.0,0.0,0.0,0.0
2019-03-20,1,0,41,59.02,59.02,0.0,253.221775,0.0
2019-03-20,1,0,42,0.0,0.0,0.0,0.0,0.0
2019-03-20,1,0,43,0.0,0.0,0.0,0.0,0.0
2019-03-20,1,0,46,0.0,0.0,0.0,0.0,0.0
2019-03-20,1,0,52,42.43,42.43,0.0,163.443422,0.0
2019-03-20,1,0,53,69.36,69.36,0.0,267.179726,0.0
2019-03-20,1,0,55,305.34,305.34,0.0,1178.687119,0.0
2019-03-20,1,0,56,0.0,0.0,0.0,0.0,0.0
2019-03-20,1,0,57,0.0,0.0,0.0,0.0,0.0
2019-03-20,1,0,58,0.0,0.0,0.0,0.0,0.0
2019-03-20,1,0,59,0.0,0.0,0.0,0.0,0.0
2019-03-20,1,0,63,82.87,82.87,0.0,844.89155,0.0
2019-03-20,1,0,64,97.5,97.5,0.0,994.050032,0.0
2019-03-20,1,0,65,0.0,0.0,0.0,0.0,0.0
2019-03-20,1,0,67,0.0,0.0,0.0,0.0,0.0
2019-03-20,1,0,68,4.08,4.08,0.0,11.603219,0.0
2019-03-20,1,0,69,0.0,0.0,0.0,0.0,0.0
2019-03-20,1,0,74,0.0,0.0,0.0,0.0,0.0
2019-03-20,1,0,77,147.88,147.88,0.0,454.818436,0.0
2019-03-20,1,0,78,111.8,111.8,0.0,343.851103,0.0
2019-03-20,1,0,79,64.7,64.7,0.0,198.990755,0.0
2019-03-20,1,0,80,104.62,104.62,0.0,321.768358,0.0
2019-03-20,1,0,81,136.79,136.79,0.0,420.710129,0.0
2019-03-20,1,0,82,96.49,96.49,0.0,296.763801,0.0
2019-03-20,1,0,83,215.17,215.17,0.0,661.774972,0.0
2019-03-20,1,0,84,0.0,0.0,0.0,0.0,0.0
2019-03-20,1,0,86,0.0,0.0,0.0,0.0,0.0
2019-03-20,1,0,87,0.0,0.0,0.0,0.0,0.0
2019-03-20,1,0,88,170.6,170.6,0.0,524.69587,0.0
2019-03-20,1,0,89,164.0,164.0,0.0,504.396967,0.0
2019-03-20,1,0,90,220.2,220.2,0.0,677.245196,0.0
2019-03-20,1,0,91,785.5,785.5,0.0,2415.876937,0.0
2019-03-20,1,0,92,282.5,282.5,0.0,868.854532,0.0
2019-03-20,1,0,95,27.16,27.16,0.0,263.083719,0.0
2019-03-20,1,0,96,15.24,15.24,0.0,58.575413,0.0
2019-03-20,1,0,97,93.73,93.73,0.0,360.254166,0.0
2019-03-20,1,0,99,0.0,0.0,0.0,0.0,0.0
2019-03-20,1,0,101,0.0,0.0,0.0,0.0,0.0
2019-03-20,1,0,102,9.67,9.67,0.0,27.500767,0.0
2019-03-20,1,0,103,8.4,8.4,0.0,23.888981,0.0
2019-03-20,1,0,104,1.56,1.56,0.0,4.436525,0.0
2019-03-20,1,0,106,0.0,0.0,0.0,0.0,0.0
2019-03-20,1,0,109,75.08,75.08,0.0,342.624153,0.0
2019-03-20,1,0,110,60.16,60.16,0.0,118.545279,0.0
2019-03-20,1,0,111,0.0,0.0,0.0,0.0,0.0
2019-03-20,1,0,113,43.17,43.17,0.0,127.196737,0.0
2019-03-20,1,0,115,43.17,43.17,0.0,127.196737,0.0
2019-03-20,1,0,116,0.0,0.0,0.0,0.0,0.0
2019-03-20,1,0,117,2.95,2.95,0.0,8.691924,0.0
2019-03-20,1,0,119,97.5,97.5,0.0,994.050032,0.0
2019-03-20,1,0,120,57.33,57.33,0.0,584.501419,0.0
2019-03-20,1,0,123,0.0,0.0,0.0,0.0,0.0
2019-03-20,1,0,125,128.86,128.86,0.0,497.431133,0.0
2019-03-20,1,0,126,0.0,0.0,0.0,0.0,0.0
2019-03-20,1,0,127,0.0,0.0,0.0,0.0,0.0
2019-03-20,1,0,128,184.56,184.56,0.0,712.446763,0.0
2019-03-20,1,0,131,12.34,12.34,0.0,35.802634,0.0
2019-03-20,1,0,132,18.14,18.14,0.0,52.630453,0.0
2019-03-20,1,0,133,68.09,68.09,0.0,354.618104,0.0
2019-03-20,1,0,134,0.0,0.0,0.0,0.0,0.0
2019-03-20,1,0,135,91.24,91.24,0.0,475.185134,0.0
2019-03-20,1,0,136,0.0,0.0,0.0,0.0,0.0
2019-03-20,1,0,139,76.22,76.22,0.0,327.017344,0.0
2019-03-20,1,0,140,44.53,44.53,0.0,87.746364,0.0
2019-03-20,1,0,141,138.92,138.92,0.0,365.209485,0.0
2019-03-20,1,0,142,0.0,0.0,0.0,0.0,0.0
2019-03-20,1,0,143,114.21,114.21,0.0,439.945162,0.0
2019-03-20,1,0,145,27.47,27.47,0.0,113.072306,0.0
2019-03-20,1,0,146,152.23,152.23,0.0,299.969213,0.0
2019-03-20,1,0,152,0.0,0.0,0.0,0.0,0.0
2019-03-20,1,0,153,0.0,0.0,0.0,0.0,0.0
2019-03-20,1,0,154,0.0,0.0,0.0,0.0,0.0
2019-03-20,1,0,157,220.11,220.11,0.0,578.651453,0.0
2019-03-20,1,0,158,0.0,0.0,0.0,0.0,0.0
2019-03-20,1,0,159,0.0,0.0,0.0,0.0,0.0
2019-03-20,1,0,160,0.0,0.0,0.0,0.0,0.0
2019-03-20,1,0,161,0.0,0.0,0.0,0.0,0.0
2019-03-20,1,0,162,11.9,11.9,0.0,115.358424,0.0
2019-03-20,1,0,163,67.25,67.25,0.0,132.516124,0.0
2019-03-20,1,0,164,0.0,0.0,0.0,0.0,0.0
2019-03-20,1,0,167,0.0,0.0,0.0,0.0,0.0
2019-03-20,1,0,168,0.0,0.0,0.0,0.0,0.0
2019-03-20,1,0,169,0.0,0.0,0.0,0.0,0.0
2019-03-20,1,0,170,0.0,0.0,0.0,0.0,0.0
2019-03-20,1,0,172,0.0,0.0,0.0,0.0,0.0
2019-03-20,1,0,173,0.0,0.0,0.0,0.0,0.0
2019-03-20,1,0,188,0.0,0.0,0.0,0.0,0.0
2019-03-20,1,0,190,0.0,0.0,0.0,0.0,0.0
2019-03-20,1,0,191,0.0,0.0,0.0,0.0,0.0
2019-03-20,1,0,192,89.32,89.32,0.0,910.651783,0.0
2019-03-20,1,0,194,176.5,176.5,0.0,527.017431,0.0
2019-03-20,1,0,196,0.0,0.0,0.0,0.0,0.0
2019-03-20,1,0,198,0.0,0.0,0.0,0.0,0.0
2019-03-20,1,0,199,13.27,13.27,0.0,68.142985,0.0
2019-03-20,1,0,200,0.0,0.0,0.0,0.0,0.0
2019-03-20,1,0,204,341.9,341.9,0.0,1548.529207,0.0
2019-03-20,1,0,205,397.17,397.17,0.0,1812.467165,0.0
2019-03-20,1,0,206,275.41,275.41,0.0,1058.546889,0.0
2019-03-20,1,0,210,0.0,0.0,0.0,0.0,0.0
2019-03-20,1,0,214,0.0,0.0,0.0,0.0,0.0
2019-03-20,1,0,217,0.0,0.0,0.0,0.0,0.0
2019-03-20,1,0,218,0.0,0.0,0.0,0.0,0.0
2019-03-20,1,0,219,0.0,0.0,0.0,0.0,0.0
2019-03-20,1,0,221,0.0,0.0,0.0,0.0,0.0
2019-03-20,1,0,225,0.0,0.0,0.0,0.0,0.0
2019-03-20,1,0,233,0.0,0.0,0.0,0.0,0.0
2019-03-20,1,0,236,6.15,6.15,0.0,31.154472,0.0
2019-03-20,1,0,237,0.0,0.0,0.0,0.0,0.0
2019-03-20,1,0,238,0.0,0.0,0.0,0.0,0.0
2019-03-20,1,0,240,0.0,0.0,0.0,0.0,0.0
2019-03-20,1,0,245,29.69,29.69,0.0,155.72576,0.0
2019-03-20,1,0,247,14.16,14.16,0.0,74.270015,0.0
2019-03-20,1,0,248,0.0,0.0,0.0,0.0,0.0
2019-03-20,1,0,249,57.1,57.1,0.0,299.492788,0.0
2019-03-20,1,0,251,24.14,24.14,0.0,125.04139,0.0
2019-03-20,1,0,252,0.0,0.0,0.0,0.0,0.0
2019-03-20,1,0,254,0.0,0.0,0.0,0.0,0.0
2019-03-20,1,0,255,0.0,0.0,0.0,0.0,0.0
2019-03-20,1,0,258,0.0,0.0,0.0,0.0,0.0
2019-03-20,1,0,260,0.0,0.0,0.0,0.0,0.0
2019-03-20,1,0,265,0.0,0.0,0.0,0.0,0.0
2019-03-20,1,0,266,49.36,49.36,0.0,211.776123,0.0
2019-03-20,1,0,267,60.65,60.65,0.0,260.215192,0.0
2019-03-20,1,0,270,210.01,210.01,0.0,413.824702,0.0
2019-03-20,1,0,272,143.98,143.98,0.0,424.224837,0.0
2019-03-20,1,0,273,0.0,0.0,0.0,0.0,0.0
2019-03-20,1,0,274,270.73,270.73,0.0,533.473461,0.0
2019-03-20,1,0,275,376.86,376.86,0.0,742.602624,0.0
2019-03-20,1,0,276,0.0,0.0,0.0,0.0,0.0
2019-03-20,1,0,277,0.0,0.0,0.0,0.0,0.0
2019-03-20,1,0,278,0.0,0.0,0.0,0.0,0.0
2019-03-20,1,0,279,129.97,129.97,0.0,389.676557,0.0
2019-03-20,1,0,281,16.45,16.45,0.0,63.366587,0.0
2019-03-20,1,0,282,0.0,0.0,0.0,0.0,0.0
2019-03-20,2,0,9,0.0,0.0,0.0,0.0,0.0
2019-03-20,2,0,17,0.0,0.0,0.0,0.0,0.0
2019-03-20,2,0,19,345.48,345.48,0.0,2083.809159,0.0
2019-03-20,2,0,20,419.0,419.0,0.0,2527.254943,0.0
2019-03-20,2,0,21,0.0,0.0,0.0,0.0,0.0
2019-03-20,2,0,22,0.0,0.0,0.0,0.0,0.0
2019-03-20,2,0,23,64.43,64.43,0.0,337.634925,0.0
2019-03-20,2,0,24,113.99,113.99,0.0,597.346036,0.0
2019-03-20,2,0,29,0.0,0.0,0.0,0.0,0.0
2019-03-20,2,0,30,0.0,0.0,0.0,0.0,0.0
2019-03-20,2,0,31,15.31,15.31,0.0,80.15689,0.0
2019-03-20,2,0,32,0.0,0.0,0.0,0.0,0.0
2019-03-20,2,0,33,0.0,0.0,0.0,0.0,0.0
2019-03-20,2,0,34,0.0,0.0,0.0,0.0,0.0
2019-03-20,2,0,35,0.0,0.0,0.0,0.0,0.0
2019-03-20,2,0,36,0.0,0.0,0.0,0.0,0.0
2019-03-20,2,0,37,0.0,0.0,0.0,0.0,0.0
2019-03-20,2,0,38,0.0,0.0,0.0,0.0,0.0
2019-03-20,2,0,39,0.0,0.0,0.0,0.0,0.0
2019-03-20,2,0,40,0.0,0.0,0.0,0.0,0.0
2019-03-20,2,0,41,57.24,57.24,0.0,314.299142,0.0
2019-03-20,2,0,42,0.0,0.0,0.0,0.0,0.0
2019-03-20,2,0,43,0.0,0.0,0.0,0.0,0.0
2019-03-20,2,0,46,0.0,0.0,0.0,0.0,0.0
2019-03-20,2,0,52,16.23,16.23,0.0,84.973634,0.0
2019-03-20,2,0,53,25.78,25.78,0.0,134.973523,0.0
2019-03-20,2,0,55,289.21,289.21,0.0,1515.557917,0.0
2019-03-20,2,0,56,0.0,0.0,0.0,0.0,0.0
2019-03-20,2,0,57,0.0,0.0,0.0,0.0,0.0
2019-03-20,2,0,58,0.0,0.0,0.0,0.0,0.0
2019-03-20,2,0,59,0.0,0.0,0.0,0.0,0.0
2019-03-20,2,0,63,61.68,61.68,0.0,562.40494,0.0
2019-03-20,2,0,64,72.57,72.57,0.0,661.701143,0.0
2019-03-20,2,0,65,0.0,0.0,0.0,0.0,0.0
2019-03-20,2,0,67,0.0,0.0,0.0,0.0,0.0
2019-03-20,2,0,68,3.5,3.5,0.0,18.488087,0.0
2019-03-20,2,0,69,0.0,0.0,0.0,0.0,0.0
2019-03-20,2,0,74,0.0,0.0,0.0,0.0,0.0
2019-03-20,2,0,77,121.71,121.71,0.0,582.352469,0.0
2019-03-20,2,0,78,92.01,92.01,0.0,440.245261,0.0
2019-03-20,2,0,79,53.25,53.25,0.0,254.788177,0.0
2019-03-20,2,0,80,86.11,86.11,0.0,412.015209,0.0
2019-03-20,2,0,81,112.58,112.58,0.0,538.66766,0.0
2019-03-20,2,0,82,79.42,79.42,0.0,380.005202,0.0
2019-03-20,2,0,83,177.09,177.09,0.0,847.332172,0.0
2019-03-20,2,0,84,0.0,0.0,0.0,0.0,0.0
2019-03-20,2,0,86,0.0,0.0,0.0,0.0,0.0
2019-03-20,2,0,87,0.0,0.0,0.0,0.0,0.0
2019-03-20,2,0,88,129.22,129.22,0.0,618.285975,0.0
2019-03-20,2,0,89,124.22,124.22,0.0,594.362203,0.0
2019-03-20,2,0,90,166.79,166.79,0.0,798.049201,0.0
2019-03-20,2,0,91,594.96,594.96,0.0,2846.737531,0.0
2019-03-20,2,0,92,213.97,213.97,0.0,1023.793918,0.0
2019-03-20,2,0,95,8.86,8.86,0.0,80.35839,0.0
2019-03-20,2,0,96,12.04,12.04,0.0,62.976782,0.0
2019-03-20,2,0,97,74.05,74.05,0.0,387.32813,0.0
2019-03-20,2,0,99,0.0,0.0,0.0,0.0,0.0
2019-03-20,2,0,101,0.0,0.0,0.0,0.0,0.0
2019-03-20,2,0,102,8.29,8.29,0.0,43.790355,0.0
2019-03-20,2,0,103,7.21,7.21,0.0,38.085459,0.0
2019-03-20,2,0,104,1.34,1.34,0.0,7.078296,0.0
2019-03-20,2,0,106,0.0,0.0,0.0,0.0,0.0
2019-03-20,2,0,109,50.26,50.26,0.0,283.879446,0.0
2019-03-20,2,0,110,79.18,79.18,0.0,622.296256,0.0
2019-03-20,2,0,111,0.0,0.0,0.0,0.0,0.0
2019-03-20,2,0,113,38.1,38.1,0.0,173.552655,0.0
2019-03-20,2,0,115,38.1,38.1,0.0,173.552655,0.0
2019-03-20,2,0,116,0.0,0.0,0.0,0.0,0.0
2019-03-20,2,0,117,2.04,2.04,0.0,9.292583,0.0
2019-03-20,2,0,119,72.57,72.57,0.0,661.701143,0.0
2019-03-20,2,0,120,42.67,42.67,0.0,389.069695,0.0
2019-03-20,2,0,123,0.0,0.0,0.0,0.0,0.0
2019-03-20,2,0,125,103.16,103.16,0.0,540.593184,0.0
2019-03-20,2,0,126,0.0,0.0,0.0,0.0,0.0
2019-03-20,2,0,127,0.0,0.0,0.0,0.0,0.0
2019-03-20,2,0,128,147.75,147.75,0.0,774.259819,0.0
2019-03-20,2,0,131,10.72,10.72,0.0,54.810223,0.0
2019-03-20,2,0,132,15.76,15.76,0.0,80.579209,0.0
2019-03-20,2,0,133,48.16,48.16,0.0,290.511561,0.0
2019-03-20,2,0,134,0.0,0.0,0.0,0.0,0.0
2019-03-20,2,0,135,64.53,64.53,0.0,389.25895,0.0
2019-03-20,2,0,136,0.0,0.0,0.0,0.0,0.0
2019-03-20,2,0,139,73.92,73.92,0.0,405.887362,0.0
2019-03-20,2,0,140,58.6,58.6,0.0,460.552673,0.0
2019-03-20,2,0,141,106.81,106.81,0.0,631.959004,0.0
2019-03-20,2,0,142,0.0,0.0,0.0,0.0,0.0
2019-03-20,2,0,143,52.03,52.03,0.0,272.407773,0.0
2019-03-20,2,0,145,17.92,17.92,0.0,96.56754,0.0
2019-03-20,2,0,146,142.4,142.4,0.0,1119.158713,0.0
2019-03-20,2,0,152,0.0,0.0,0.0,0.0,0.0
2019-03-20,2,0,153,0.0,0.0,0.0,0.0,0.0
2019-03-20,2,0,154,0.0,0.0,0.0,0.0,0.0
2019-03-20,2,0,157,190.76,190.76,0.0,1128.663043,0.0
2019-03-20,2,0,158,0.0,0.0,0.0,0.0,0.0
2019-03-20,2,0,159,0.0,0.0,0.0,0.0,0.0
2019-03-20,2,0,160,0.0,0.0,0.0,0.0,0.0
2019-03-20,2,0,161,0.0,0.0,0.0,0.0,0.0
2019-03-20,2,0,162,7.92,7.92,0.0,71.850771,0.0
2019-03-20,2,0,163,48.16,48.16,0.0,378.501992,0.0
2019-03-20,2,0,164,0.0,0.0,0.0,0.0,0.0
2019-03-20,2,0,167,0.0,0.0,0.0,0.0,0.0
2019-03-20,2,0,168,0.0,0.0,0.0,0.0,0.0
2019-03-20,2,0,169,0.0,0.0,0.0,0.0,0.0
2019-03-20,2,0,170,0.0,0.0,0.0,0.0,0.0
2019-03-20,2,0,172,0.0,0.0,0.0,0.0,0.0
2019-03-20,2,0,173,0.0,0.0,0.0,0.0,0.0
2019-03-20,2,0,188,0.0,0.0,0.0,0.0,0.0
2019-03-20,2,0,190,0.0,0.0,0.0,0.0,0.0
2019-03-20,2,0,191,0.0,0.0,0.0,0.0,0.0
2019-03-20,2,0,192,35.26,35.26,0.0,321.50451,0.0
2019-03-20,2,0,194,149.39,149.39,0.0,577.961944,0.0
2019-03-20,2,0,196,0.0,0.0,0.0,0.0,0.0
2019-03-20,2,0,198,0.0,0.0,0.0,0.0,0.0
2019-03-20,2,0,199,4.85,4.85,0.0,27.613717,0.0
2019-03-20,2,0,200,0.0,0.0,0.0,0.0,0.0
2019-03-20,2,0,204,230.39,230.39,0.0,1296.634642,0.0
2019-03-20,2,0,205,246.75,246.75,0.0,1393.697839,0.0
2019-03-20,2,0,206,217.6,217.6,0.0,1138.185025,0.0
2019-03-20,2,0,210,0.0,0.0,0.0,0.0,0.0
2019-03-20,2,0,214,0.0,0.0,0.0,0.0,0.0
2019-03-20,2,0,217,0.0,0.0,0.0,0.0,0.0
2019-03-20,2,0,218,0.0,0.0,0.0,0.0,0.0
2019-03-20,2,0,219,0.0,0.0,0.0,0.0,0.0
2019-03-20,2,0,221,0.0,0.0,0.0,0.0,0.0
2019-03-20,2,0,225,0.0,0.0,0.0,0.0,0.0
2019-03-20,2,0,233,0.0,0.0,0.0,0.0,0.0
2019-03-20,2,0,236,4.9,4.9,0.0,29.140049,0.0
2019-03-20,2,0,237,0.0,0.0,0.0,0.0,0.0
2019-03-20,2,0,238,0.0,0.0,0.0,0.0,0.0
2019-03-20,2,0,240,0.0,0.0,0.0,0.0,0.0
2019-03-20,2,0,245,21.15,21.15,0.0,128.049595,0.0
2019-03-20,2,0,247,11.33,11.33,0.0,68.595835,0.0
2019-03-20,2,0,248,0.0,0.0,0.0,0.0,0.0
2019-03-20,2,0,249,40.66,40.66,0.0,246.170049,0.0
2019-03-20,2,0,251,0.0,0.0,0.0,0.0,0.0
2019-03-20,2,0,252,0.0,0.0,0.0,0.0,0.0
2019-03-20,2,0,254,0.0,0.0,0.0,0.0,0.0
2019-03-20,2,0,255,0.0,0.0,0.0,0.0,0.0
2019-03-20,2,0,258,0.0,0.0,0.0,0.0,0.0
2019-03-20,2,0,260,0.0,0.0,0.0,0.0,0.0
2019-03-20,2,0,265,0.0,0.0,0.0,0.0,0.0
2019-03-20,2,0,266,47.87,47.87,0.0,262.849405,0.0
2019-03-20,2,0,267,58.82,58.82,0.0,322.974765,0.0
2019-03-20,2,0,270,150.41,150.41,0.0,1182.111391,0.0
2019-03-20,2,0,272,164.34,164.34,0.0,748.599562,0.0
2019-03-20,2,0,273,0.0,0.0,0.0,0.0,0.0
2019-03-20,2,0,274,193.9,193.9,0.0,1523.910635,0.0
2019-03-20,2,0,275,269.91,269.91,0.0,2121.293035,0.0
2019-03-20,2,0,276,0.0,0.0,0.0,0.0,0.0
2019-03-20,2,0,277,0.0,0.0,0.0,0.0,0.0
2019-03-20,2,0,278,0.0,0.0,0.0,0.0,0.0
2019-03-20,2,0,279,105.01,105.01,0.0,488.005075,0.0
2019-03-20,2,0,281,6.87,6.87,0.0,35.968507,0.0
2019-03-20,2,0,282,0.0,0.0,0.0,0.0,0.0
2019-03-20,3,0,9,0.0,0.0,0.0,0.0,0.0
2019-03-20,3,0,17,0.0,0.0,0.0,0.0,0.0
2019-03-20,3,0,19,265.83,265.83,0.0,2019.213902,0.0
2019-03-20,3,0,20,322.4,322.4,0.0,2448.913072,0.0
2019-03-20,3,0,21,0.0,0.0,0.0,0.0,0.0
2019-03-20,3,0,22,0.0,0.0,0.0,0.0,0.0
2019-03-20,3,0,23,50.54,50.54,0.0,345.913303,0.0
2019-03-20,3,0,24,89.43,89.43,0.0,612.089962,0.0
2019-03-20,3,0,29,0.0,0.0,0.0,0.0,0.0
2019-03-20,3,0,30,0.0,0.0,0.0,0.0,0.0
2019-03-20,3,0,31,13.35,13.35,0.0,91.315115,0.0
2019-03-20,3,0,32,0.0,0.0,0.0,0.0,0.0
2019-03-20,3,0,33,0.0,0.0,0.0,0.0,0.0
2019-03-20,3,0,34,0.0,0.0,0.0,0.0,0.0
2019-03-20,3,0,35,0.0,0.0,0.0,0.0,0.0
2019-03-20,3,0,36,0.0,0.0,0.0,0.0,0.0
2019-03-20,3,0,37,0.0,0.0,0.0,0.0,0.0
2019-03-20,3,0,38,0.0,0.0,0.0,0.0,0.0
2019-03-20,3,0,39,0.0,0.0,0.0,0.0,0.0
2019-03-20,3,0,40,0.0,0.0,0.0,0.0,0.0
2019-03-20,3,0,41,55.95,55.95,0.0,395.71057,0.0
2019-03-20,3,0,42,0.0,0.0,0.0,0.0,0.0
2019-03-20,3,0,43,0.0,0.0,0.0,0.0,0.0
2019-03-20,3,0,46,0.0,0.0,0.0,0.0,0.0
2019-03-20,3,0,52,14.15,14.15,0.0,96.787182,0.0
2019-03-20,3,0,53,22.47,22.47,0.0,153.696677,0.0
2019-03-20,3,0,55,227.34,227.34,0.0,1555.993872,0.0
2019-03-20,3,0,56,0.0,0.0,0.0,0.0,0.0
2019-03-20,3,0,57,0.0,0.0,0.0,0.0,0.0
2019-03-20,3,0,58,0.0,0.0,0.0,0.0,0.0
2019-03-20,3,0,59,0.0,0.0,0.0,0.0,0.0
2019-03-20,3,0,63,45.17,45.17,0.0,443.848842,0.0
2019-03-20,3,0,64,53.14,53.14,0.0,522.163549,0.0
2019-03-20,3,0,65,0.0,0.0,0.0,0.0,0.0
2019-03-20,3,0,67,0.0,0.0,0.0,0.0,0.0
2019-03-20,3,0,68,3.05,3.05,0.0,20.806811,0.0
2019-03-20,3,0,69,0.0,0.0,0.0,0.0,0.0
2019-03-20,3,0,74,0.0,0.0,0.0,0.0,0.0
2019-03-20,3,0,77,100.51,100.51,0.0,646.864755,0.0
2019-03-20,3,0,78,75.98,75.98,0.0,488.993972,0.0
2019-03-20,3,0,79,43.97,43.97,0.0,282.983218,0.0
2019-03-20,3,0,80,71.11,71.11,0.0,457.651505,0.0
2019-03-20,3,0,81,92.97,92.97,0.0,598.338636,0.0
2019-03-20,3,0,82,65.58,65.58,0.0,422.061393,0.0
2019-03-20,3,0,83,146.24,146.24,0.0,941.175025,0.0
2019-03-20,3,0,84,0.0,0.0,0.0,0.0,0.0
2019-03-20,3,0,86,0.0,0.0,0.0,0.0,0.0
2019-03-20,3,0,87,0.0,0.0,0.0,0.0,0.0
2019-03-20,3,0,88,95.81,95.81,0.0,616.616378,0.0
2019-03-20,3,0,89,92.1,92.1,0.0,592.739468,0.0
2019-03-20,3,0,90,123.67,123.67,0.0,795.918458,0.0
2019-03-20,3,0,91,441.15,441.15,0.0,2839.164129,0.0
2019-03-20,3,0,92,158.66,158.66,0.0,1021.107969,0.0
2019-03-20,3,0,95,7.19,7.19,0.0,70.356663,0.0
2019-03-20,3,0,96,9.41,9.41,0.0,64.323256,0.0
2019-03-20,3,0,97,57.88,57.88,0.0,395.64613,0.0
2019-03-20,3,0,99,0.0,0.0,0.0,0.0,0.0
2019-03-20,3,0,101,0.0,0.0,0.0,0.0,0.0
2019-03-20,3,0,102,7.23,7.23,0.0,49.322375,0.0
2019-03-20,3,0,103,6.29,6.29,0.0,42.909784,0.0
2019-03-20,3,0,104,1.17,1.17,0.0,7.981629,0.0
2019-03-20,3,0,106,0.0,0.0,0.0,0.0,0.0
2019-03-20,3,0,109,33.95,33.95,0.0,244.719188,0.0
2019-03-20,3,0,110,102.16,102.16,0.0,903.044171,0.0
2019-03-20,3,0,111,0.0,0.0,0.0,0.0,0.0
2019-03-20,3,0,113,26.45,26.45,0.0,165.171448,0.0
2019-03-20,3,0,115,26.45,26.45,0.0,165.171448,0.0
2019-03-20,3,0,116,0.0,0.0,0.0,0.0,0.0
2019-03-20,3,0,117,1.36,1.36,0.0,8.492747,0.0
2019-03-20,3,0,119,53.14,53.14,0.0,522.163549,0.0
2019-03-20,3,0,120,31.24,31.24,0.0,306.970065,0.0
2019-03-20,3,0,123,0.0,0.0,0.0,0.0,0.0
2019-03-20,3,0,125,80.92,80.92,0.0,553.844568,0.0
2019-03-20,3,0,126,0.0,0.0,0.0,0.0,0.0
2019-03-20,3,0,127,0.0,0.0,0.0,0.0,0.0
2019-03-20,3,0,128,115.91,115.91,0.0,793.328273,0.0
2019-03-20,3,0,131,9.4,9.4,0.0,62.879061,0.0
2019-03-20,3,0,132,13.82,13.82,0.0,92.445598,0.0
2019-03-20,3,0,133,18.35,18.35,0.0,139.395509,0.0
2019-03-20,3,0,134,0.0,0.0,0.0,0.0,0.0
2019-03-20,3,0,135,24.55,24.55,0.0,186.493719,0.0
2019-03-20,3,0,136,0.0,0.0,0.0,0.0,0.0
2019-03-20,3,0,139,72.25,72.25,0.0,510.993542,0.0
2019-03-20,3,0,140,75.61,75.61,0.0,668.355224,0.0
2019-03-20,3,0,141,80.32,80.32,0.0,587.827401,0.0
2019-03-20,3,0,142,0.0,0.0,0.0,0.0,0.0
2019-03-20,3,0,143,21.97,21.97,0.0,150.276635,0.0
2019-03-20,3,0,145,11.01,11.01,0.0,76.815079,0.0
2019-03-20,3,0,146,132.81,132.81,0.0,1173.975101,0.0
2019-03-20,3,0,152,0.0,0.0,0.0,0.0,0.0
2019-03-20,3,0,153,0.0,0.0,0.0,0.0,0.0
2019-03-20,3,0,154,0.0,0.0,0.0,0.0,0.0
2019-03-20,3,0,157,168.28,168.28,0.0,1231.568663,0.0
2019-03-20,3,0,158,0.0,0.0,0.0,0.0,0.0
2019-03-20,3,0,159,0.0,0.0,0.0,0.0,0.0
2019-03-20,3,0,160,0.0,0.0,0.0,0.0,0.0
2019-03-20,3,0,161,0.0,0.0,0.0,0.0,0.0
2019-03-20,3,0,162,5.2,5.2,0.0,50.893363,0.0
2019-03-20,3,0,163,33.38,33.38,0.0,295.062788,0.0
2019-03-20,3,0,164,0.0,0.0,0.0,0.0,0.0
2019-03-20,3,0,167,0.0,0.0,0.0,0.0,0.0
2019-03-20,3,0,168,0.0,0.0,0.0,0.0,0.0
2019-03-20,3,0,169,0.0,0.0,0.0,0.0,0.0
2019-03-20,3,0,170,0.0,0.0,0.0,0.0,0.0
2019-03-20,3,0,172,0.0,0.0,0.0,0.0,0.0
2019-03-20,3,0,173,0.0,0.0,0.0,0.0,0.0
2019-03-20,3,0,188,0.0,0.0,0.0,0.0,0.0
2019-03-20,3,0,190,0.0,0.0,0.0,0.0,0.0
2019-03-20,3,0,191,0.0,0.0,0.0,0.0,0.0
2019-03-20,3,0,192,10.55,10.55,0.0,103.666267,0.0
2019-03-20,3,0,194,107.52,107.52,0.0,612.500593,0.0
2019-03-20,3,0,196,0.0,0.0,0.0,0.0,0.0
2019-03-20,3,0,198,0.0,0.0,0.0,0.0,0.0
2019-03-20,3,0,199,4.52,4.52,0.0,32.03907,0.0
2019-03-20,3,0,200,0.0,0.0,0.0,0.0,0.0
2019-03-20,3,0,204,148.54,148.54,0.0,1067.799174,0.0
2019-03-20,3,0,205,179.62,179.62,0.0,1294.741105,0.0
2019-03-20,3,0,206,170.08,170.08,0.0,1162.603554,0.0
2019-03-20,3,0,210,0.0,0.0,0.0,0.0,0.0
2019-03-20,3,0,214,0.0,0.0,0.0,0.0,0.0
2019-03-20,3,0,217,0.0,0.0,0.0,0.0,0.0
2019-03-20,3,0,218,0.0,0.0,0.0,0.0,0.0
2019-03-20,3,0,219,0.0,0.0,0.0,0.0,0.0
2019-03-20,3,0,221,0.0,0.0,0.0,0.0,0.0
2019-03-20,3,0,225,0.0,0.0,0.0,0.0,0.0
2019-03-20,3,0,233,0.0,0.0,0.0,0.0,0.0
2019-03-20,3,0,236,3.96,3.96,0.0,29.732052,0.0
2019-03-20,3,0,237,0.0,0.0,0.0,0.0,0.0
2019-03-20,3,0,238,0.0,0.0,0.0,0.0,0.0
2019-03-20,3,0,240,0.0,0.0,0.0,0.0,0.0
2019-03-20,3,0,245,14.34,14.34,0.0,109.261511,0.0
2019-03-20,3,0,247,9.04,9.04,0.0,68.878944,0.0
2019-03-20,3,0,248,0.0,0.0,0.0,0.0,0.0
2019-03-20,3,0,249,27.58,27.58,0.0,210.141735,0.0
2019-03-20,3,0,251,0.0,0.0,0.0,0.0,0.0
2019-03-20,3,0,252,0.0,0.0,0.0,0.0,0.0
2019-03-20,3,0,254,0.0,0.0,0.0,0.0,0.0
2019-03-20,3,0,255,0.0,0.0,0.0,0.0,0.0
2019-03-20,3,0,258,0.0,0.0,0.0,0.0,0.0
2019-03-20,3,0,260,0.0,0.0,0.0,0.0,0.0
2019-03-20,3,0,265,0.0,0.0,0.0,0.0,0.0
2019-03-20,3,0,266,46.79,46.79,0.0,330.925783,0.0
2019-03-20,3,0,267,57.49,57.49,0.0,406.602335,0.0
2019-03-20,3,0,270,104.25,104.25,0.0,921.518743,0.0
2019-03-20,3,0,272,108.06,108.06,0.0,674.798739,0.0
2019-03-20,3,0,273,0.0,0.0,0.0,0.0,0.0
2019-03-20,3,0,274,134.39,134.39,0.0,1187.941524,0.0
2019-03-20,3,0,275,187.08,187.08,0.0,1653.695218,0.0
2019-03-20,3,0,276,0.0,0.0,0.0,0.0,0.0
2019-03-20,3,0,277,0.0,0.0,0.0,0.0,0.0
2019-03-20,3,0,278,0.0,0.0,0.0,0.0,0.0
2019-03-20,3,0,279,87.11,87.11,0.0,550.648913,0.0
2019-03-20,3,0,281,5.99,5.99,0.0,40.9721,0.0
2019-03-20,3,0,282,0.0,0.0,0.0,0.0,0.0
2019-03-20,4,0,9,0.0,0.0,0.0,0.0,0.0
2019-03-20,4,0,17,0.0,0.0,0.0,0.0,0.0
2019-03-20,4,0,19,199.63,199.63,0.0,1915.192322,0.0
2019-03-20,4,0,20,242.12,242.12,0.0,2322.829059,0.0
2019-03-20,4,0,21,0.0,0.0,0.0,0.0,0.0
2019-03-20,4,0,22,0.0,0.0,0.0,0.0,0.0
2019-03-20,4,0,23,35.24,35.24,0.0,317.339025,0.0
2019-03-20,4,0,24,58.23,58.23,0.0,524.365818,0.0
2019-03-20,4,0,29,0.0,0.0,0.0,0.0,0.0
2019-03-20,4,0,30,0.0,0.0,0.0,0.0,0.0
2019-03-20,4,0,31,11.73,11.73,0.0,105.588728,0.0
2019-03-20,4,0,32,0.0,0.0,0.0,0.0,0.0
2019-03-20,4,0,33,0.0,0.0,0.0,0.0,0.0
2019-03-20,4,0,34,0.0,0.0,0.0,0.0,0.0
2019-03-20,4,0,35,0.0,0.0,0.0,0.0,0.0
2019-03-20,4,0,36,0.0,0.0,0.0,0.0,0.0
2019-03-20,4,0,37,0.0,0.0,0.0,0.0,0.0
2019-03-20,4,0,38,0.0,0.0,0.0,0.0,0.0
2019-03-20,4,0,39,0.0,0.0,0.0,0.0,0.0
2019-03-20,4,0,40,0.0,0.0,0.0,0.0,0.0
2019-03-20,4,0,41,54.44,54.44,0.0,500.280716,0.0
2019-03-20,4,0,42,0.0,0.0,0.0,0.0,0.0
2019-03-20,4,0,43,0.0,0.0,0.0,0.0,0.0
2019-03-20,4,0,46,0.0,0.0,0.0,0.0,0.0
2019-03-20,4,0,52,12.43,12.43,0.0,111.889846,0.0
2019-03-20,4,0,53,19.75,19.75,0.0,177.781533,0.0
2019-03-20,4,0,55,176.25,176.25,0.0,1587.145379,0.0
2019-03-20,4,0,56,0.0,0.0,0.0,0.0,0.0
2019-03-20,4,0,57,0.0,0.0,0.0,0.0,0.0
2019-03-20,4,0,58,0.0,0.0,0.0,0.0,0.0
2019-03-20,4,0,59,0.0,0.0,0.0,0.0,0.0
2019-03-20,4,0,63,32.98,32.98,0.0,387.638804,0.0
2019-03-20,4,0,64,38.8,38.8,0.0,456.045652,0.0
2019-03-20,4,0,65,0.0,0.0,0.0,0.0,0.0
2019-03-20,4,0,67,0.0,0.0,0.0,0.0,0.0
2019-03-20,4,0,68,2.73,2.73,0.0,24.636131,0.0
2019-03-20,4,0,69,0.0,0.0,0.0,0.0,0.0
2019-03-20,4,0,74,0.0,0.0,0.0,0.0,0.0
2019-03-20,4,0,77,84.47,84.47,0.0,732.428157,0.0
2019-03-20,4,0,78,63.86,63.86,0.0,553.721583,0.0
2019-03-20,4,0,79,36.96,36.96,0.0,320.475254,0.0
2019-03-20,4,0,80,59.76,59.76,0.0,518.171027,0.0
2019-03-20,4,0,81,78.14,78.14,0.0,677.541568,0.0
2019-03-20,4,0,82,55.12,55.12,0.0,477.938203,0.0
2019-03-20,4,0,83,122.91,122.91,0.0,1065.736295,0.0
2019-03-20,4,0,84,0.0,0.0,0.0,0.0,0.0
2019-03-20,4,0,86,0.0,0.0,0.0,0.0,0.0
2019-03-20,4,0,87,0.0,0.0,0.0,0.0,0.0
2019-03-20,4,0,88,71.79,71.79,0.0,622.481561,0.0
2019-03-20,4,0,89,69.01,69.01,0.0,598.37655,0.0
2019-03-20,4,0,90,92.66,92.66,0.0,803.44256,0.0
2019-03-20,4,0,91,330.52,330.52,0.0,2865.895047,0.0
2019-03-20,4,0,92,118.87,118.87,0.0,1030.705991,0.0
2019-03-20,4,0,95,14.06,14.06,0.0,164.766239,0.0
2019-03-20,4,0,96,7.24,7.24,0.0,65.145201,0.0
2019-03-20,4,0,97,44.53,44.53,0.0,400.678979,0.0
2019-03-20,4,0,99,0.0,0.0,0.0,0.0,0.0
2019-03-20,4,0,101,0.0,0.0,0.0,0.0,0.0
2019-03-20,4,0,102,6.46,6.46,0.0,58.296487,0.0
2019-03-20,4,0,103,5.61,5.61,0.0,50.625896,0.0
2019-03-20,4,0,104,1.04,1.04,0.0,9.385193,0.0
2019-03-20,4,0,106,0.0,0.0,0.0,0.0,0.0
2019-03-20,4,0,109,21.28,21.28,0.0,197.987769,0.0
2019-03-20,4,0,110,129.16,129.16,0.0,1402.39678,0.0
2019-03-20,4,0,111,0.0,0.0,0.0,0.0,0.0
2019-03-20,4,0,113,12.84,12.84,0.0,109.208148,0.0
2019-03-20,4,0,115,12.84,12.84,0.0,109.208148,0.0
2019-03-20,4,0,116,0.0,0.0,0.0,0.0,0.0
2019-03-20,4,0,117,0.86,0.86,0.0,7.314564,0.0
2019-03-20,4,0,119,38.8,38.8,0.0,456.045652,0.0
2019-03-20,4,0,120,22.82,22.82,0.0,268.220664,0.0
2019-03-20,4,0,123,0.0,0.0,0.0,0.0,0.0
2019-03-20,4,0,125,53.43,53.43,0.0,481.141433,0.0
2019-03-20,4,0,126,0.0,0.0,0.0,0.0,0.0
2019-03-20,4,0,127,0.0,0.0,0.0,0.0,0.0
2019-03-20,4,0,128,72.57,72.57,0.0,653.498668,0.0
2019-03-20,4,0,131,8.37,8.37,0.0,74.523779,0.0
2019-03-20,4,0,132,12.31,12.31,0.0,109.604268,0.0
2019-03-20,4,0,133,16.53,16.53,0.0,158.591339,0.0
2019-03-20,4,0,134,0.0,0.0,0.0,0.0,0.0
2019-03-20,4,0,135,22.8,22.8,0.0,218.746674,0.0
2019-03-20,4,0,136,0.0,0.0,0.0,0.0,0.0
2019-03-20,4,0,139,70.3,70.3,0.0,646.02745,0.0
2019-03-20,4,0,140,95.59,95.59,0.0,1037.899568,0.0
2019-03-20,4,0,141,59.23,59.23,0.0,561.239332,0.0
2019-03-20,4,0,142,0.0,0.0,0.0,0.0,0.0
2019-03-20,4,0,143,17.38,17.38,0.0,156.447749,0.0
2019-03-20,4,0,145,6.28,6.28,0.0,57.235151,0.0
2019-03-20,4,0,146,124.87,124.87,0.0,1355.816707,0.0
2019-03-20,4,0,152,0.0,0.0,0.0,0.0,0.0
2019-03-20,4,0,153,0.0,0.0,0.0,0.0,0.0
2019-03-20,4,0,154,0.0,0.0,0.0,0.0,0.0
2019-03-20,4,0,157,150.51,150.51,0.0,1426.171398,0.0
2019-03-20,4,0,158,0.0,0.0,0.0,0.0,0.0
2019-03-20,4,0,159,0.0,0.0,0.0,0.0,0.0
2019-03-20,4,0,160,0.0,0.0,0.0,0.0,0.0
2019-03-20,4,0,161,0.0,0.0,0.0,0.0,0.0
2019-03-20,4,0,162,3.46,3.46,0.0,40.552656,0.0
2019-03-20,4,0,163,22.43,22.43,0.0,243.541033,0.0
2019-03-20,4,0,164,0.0,0.0,0.0,0.0,0.0
2019-03-20,4,0,167,0.0,0.0,0.0,0.0,0.0
2019-03-20,4,0,168,0.0,0.0,0.0,0.0,0.0
2019-03-20,4,0,169,0.0,0.0,0.0,0.0,0.0
2019-03-20,4,0,170,0.0,0.0,0.0,0.0,0.0
2019-03-20,4,0,172,0.0,0.0,0.0,0.0,0.0
2019-03-20,4,0,173,0.0,0.0,0.0,0.0,0.0
2019-03-20,4,0,188,0.0,0.0,0.0,0.0,0.0
2019-03-20,4,0,190,0.0,0.0,0.0,0.0,0.0
2019-03-20,4,0,191,0.0,0.0,0.0,0.0,0.0
2019-03-20,4,0,192,0.0,0.0,0.0,0.0,0.0
2019-03-20,4,0,194,77.37,77.37,0.0,620.109623,0.0
2019-03-20,4,0,196,0.0,0.0,0.0,0.0,0.0
2019-03-20,4,0,198,0.0,0.0,0.0,0.0,0.0
2019-03-20,4,0,199,4.45,4.45,0.0,41.411964,0.0
2019-03-20,4,0,200,0.0,0.0,0.0,0.0,0.0
2019-03-20,4,0,204,91.32,91.32,0.0,848.255061,0.0
2019-03-20,4,0,205,112.55,112.55,0.0,1047.158056,0.0
2019-03-20,4,0,206,130.85,130.85,0.0,1177.382538,0.0
2019-03-20,4,0,210,0.0,0.0,0.0,0.0,0.0
2019-03-20,4,0,214,0.0,0.0,0.0,0.0,0.0
2019-03-20,4,0,217,0.0,0.0,0.0,0.0,0.0
2019-03-20,4,0,218,0.0,0.0,0.0,0.0,0.0
2019-03-20,4,0,219,0.0,0.0,0.0,0.0,0.0
2019-03-20,4,0,221,0.0,0.0,0.0,0.0,0.0
2019-03-20,4,0,225,0.0,0.0,0.0,0.0,0.0
2019-03-20,4,0,233,0.0,0.0,0.0,0.0,0.0
2019-03-20,4,0,236,3.24,3.24,0.0,30.87489,0.0
2019-03-20,4,0,237,0.0,0.0,0.0,0.0,0.0
2019-03-20,4,0,238,0.0,0.0,0.0,0.0,0.0
2019-03-20,4,0,240,0.0,0.0,0.0,0.0,0.0
2019-03-20,4,0,245,9.31,9.31,0.0,89.478197,0.0
2019-03-20,4,0,247,7.28,7.28,0.0,69.967913,0.0
2019-03-20,4,0,248,0.0,0.0,0.0,0.0,0.0
2019-03-20,4,0,249,17.91,17.91,0.0,172.132599,0.0
2019-03-20,4,0,251,0.0,0.0,0.0,0.0,0.0
2019-03-20,4,0,252,0.0,0.0,0.0,0.0,0.0
2019-03-20,4,0,254,0.0,0.0,0.0,0.0,0.0
2019-03-20,4,0,255,0.0,0.0,0.0,0.0,0.0
2019-03-20,4,0,258,0.0,0.0,0.0,0.0,0.0
2019-03-20,4,0,260,0.0,0.0,0.0,0.0,0.0
2019-03-20,4,0,265,0.0,0.0,0.0,0.0,0.0
2019-03-20,4,0,266,45.52,45.52,0.0,418.309666,0.0
2019-03-20,4,0,267,55.94,55.94,0.0,514.065086,0.0
2019-03-20,4,0,270,70.05,70.05,0.0,760.590697,0.0
2019-03-20,4,0,272,42.92,42.92,0.0,365.047795,0.0
2019-03-20,4,0,273,0.0,0.0,0.0,0.0,0.0
2019-03-20,4,0,274,90.3,90.3,0.0,980.46167,0.0
2019-03-20,4,0,275,125.7,125.7,0.0,1364.828703,0.0
2019-03-20,4,0,276,0.0,0.0,0.0,0.0,0.0
2019-03-20,4,0,277,0.0,0.0,0.0,0.0,0.0
2019-03-20,4,0,278,0.0,0.0,0.0,0.0,0.0
2019-03-20,4,0,279,75.5,75.5,0.0,647.16207,0.0
2019-03-20,4,0,281,5.26,5.26,0.0,47.348398,0.0
2019-03-20,4,0,282,0.0,0.0,0.0,0.0,0.0
2019-03-20,5,0,9,0.0,0.0,0.0,0.0,0.0
2019-03-20,5,0,17,0.0,0.0,0.0,0.0,0.0
2019-03-20,5,0,19,212.29,212.29,0.0,2914.937468,0.0
2019-03-20,5,0,20,257.47,257.47,0.0,3535.300532,0.0
2019-03-20,5,0,21,0.0,0.0,0.0,0.0,0.0
2019-03-20,5,0,22,0.0,0.0,0.0,0.0,0.0
2019-03-20,5,0,23,31.13,31.13,0.0,524.989206,0.0
2019-03-20,5,0,24,55.07,55.07,0.0,928.723275,0.0
2019-03-20,5,0,29,0.0,0.0,0.0,0.0,0.0
2019-03-20,5,0,30,0.0,0.0,0.0,0.0,0.0
2019-03-20,5,0,31,10.22,10.22,0.0,172.557391,0.0
2019-03-20,5,0,32,0.0,0.0,0.0,0.0,0.0
2019-03-20,5,0,33,0.0,0.0,0.0,0.0,0.0
2019-03-20,5,0,34,0.0,0.0,0.0,0.0,0.0
2019-03-20,5,0,35,0.0,0.0,0.0,0.0,0.0
2019-03-20,5,0,36,0.0,0.0,0.0,0.0,0.0
2019-03-20,5,0,37,0.0,0.0,0.0,0.0,0.0
2019-03-20,5,0,38,0.0,0.0,0.0,0.0,0.0
2019-03-20,5,0,39,0.0,0.0,0.0,0.0,0.0
2019-03-20,5,0,40,0.0,0.0,0.0,0.0,0.0
2019-03-20,5,0,41,37.9,37.9,0.0,599.934263,0.0
2019-03-20,5,0,42,0.0,0.0,0.0,0.0,0.0
2019-03-20,5,0,43,0.0,0.0,0.0,0.0,0.0
2019-03-20,5,0,46,0.0,0.0,0.0,0.0,0.0
2019-03-20,5,0,52,10.83,10.83,0.0,182.856805,0.0
2019-03-20,5,0,53,17.21,17.21,0.0,290.578542,0.0
2019-03-20,5,0,55,113.43,113.43,0.0,1912.930472,0.0
2019-03-20,5,0,56,0.0,0.0,0.0,0.0,0.0
2019-03-20,5,0,57,0.0,0.0,0.0,0.0,0.0
2019-03-20,5,0,58,0.0,0.0,0.0,0.0,0.0
2019-03-20,5,0,59,0.0,0.0,0.0,0.0,0.0
2019-03-20,5,0,63,18.9,18.9,0.0,383.707541,0.0
2019-03-20,5,0,64,22.24,22.24,0.0,451.516175,0.0
2019-03-20,5,0,65,0.0,0.0,0.0,0.0,0.0
2019-03-20,5,0,67,0.0,0.0,0.0,0.0,0.0
2019-03-20,5,0,68,1.68,1.68,0.0,32.028793,0.0
2019-03-20,5,0,69,0.0,0.0,0.0,0.0,0.0
2019-03-20,5,0,74,2.56,2.56,0.0,36.822225,0.0
2019-03-20,5,0,77,62.1,62.1,0.0,1165.904835,0.0
2019-03-20,5,0,78,46.94,46.94,0.0,881.281368,0.0
2019-03-20,5,0,79,27.17,27.17,0.0,510.106834,0.0
2019-03-20,5,0,80,43.93,43.93,0.0,824.769717,0.0
2019-03-20,5,0,81,57.44,57.44,0.0,1078.415036,0.0
2019-03-20,5,0,82,40.52,40.52,0.0,760.748211,0.0
2019-03-20,5,0,83,90.35,90.35,0.0,1696.288274,0.0
2019-03-20,5,0,84,0.0,0.0,0.0,0.0,0.0
2019-03-20,5,0,86,0.0,0.0,0.0,0.0,0.0
2019-03-20,5,0,87,0.0,0.0,0.0,0.0,0.0
2019-03-20,5,0,88,53.16,53.16,0.0,998.059598,0.0
2019-03-20,5,0,89,51.11,51.11,0.0,959.571596,0.0
2019-03-20,5,0,90,68.62,68.62,0.0,1288.315455,0.0
2019-03-20,5,0,91,244.79,244.79,0.0,4595.842907,0.0
2019-03-20,5,0,92,88.04,88.04,0.0,1652.918867,0.0
2019-03-20,5,0,95,3.23,3.23,0.0,66.851736,0.0
2019-03-20,5,0,96,6.15,6.15,0.0,103.966069,0.0
2019-03-20,5,0,97,37.82,37.82,0.0,639.349064,0.0
2019-03-20,5,0,99,0.49,0.49,0.0,7.048004,0.0
2019-03-20,5,0,101,0.0,0.0,0.0,0.0,0.0
2019-03-20,5,0,102,3.98,3.98,0.0,75.877736,0.0
2019-03-20,5,0,103,3.46,3.46,0.0,65.964062,0.0
2019-03-20,5,0,104,0.64,0.64,0.0,12.201445,0.0
2019-03-20,5,0,106,0.0,0.0,0.0,0.0,0.0
2019-03-20,5,0,109,14.8,14.8,0.0,224.160542,0.0
2019-03-20,5,0,110,74.16,74.16,0.0,1472.432762,0.0
2019-03-20,5,0,111,0.0,0.0,0.0,0.0,0.0
2019-03-20,5,0,113,23.54,23.54,0.0,450.934454,0.0
2019-03-20,5,0,115,23.54,23.54,0.0,450.934454,0.0
2019-03-20,5,0,116,0.0,0.0,0.0,0.0,0.0
2019-03-20,5,0,117,1.13,1.13,0.0,21.646386,0.0
2019-03-20,5,0,119,22.24,22.24,0.0,451.516175,0.0
2019-03-20,5,0,120,13.07,13.07,0.0,265.346961,0.0
2019-03-20,5,0,123,0.0,0.0,0.0,0.0,0.0
2019-03-20,5,0,125,49.84,49.84,0.0,840.52239,0.0
2019-03-20,5,0,126,0.0,0.0,0.0,0.0,0.0
2019-03-20,5,0,127,0.0,0.0,0.0,0.0,0.0
2019-03-20,5,0,128,71.38,71.38,0.0,1203.781866,0.0
2019-03-20,5,0,131,6.6,6.6,0.0,125.484593,0.0
2019-03-20,5,0,132,9.7,9.7,0.0,184.424327,0.0
2019-03-20,5,0,133,9.16,9.16,0.0,125.756081,0.0
2019-03-20,5,0,134,0.0,0.0,0.0,0.0,0.0
2019-03-20,5,0,135,13.06,13.06,0.0,179.298517,0.0
2019-03-20,5,0,136,0.0,0.0,0.0,0.0,0.0
2019-03-20,5,0,139,48.94,48.94,0.0,774.690839,0.0
2019-03-20,5,0,140,54.88,54.88,0.0,1089.632011,0.0
2019-03-20,5,0,141,29.59,29.59,0.0,569.880941,0.0
2019-03-20,5,0,142,0.0,0.0,0.0,0.0,0.0
2019-03-20,5,0,143,28.27,28.27,0.0,477.318733,0.0
2019-03-20,5,0,145,4.96,4.96,0.0,80.545707,0.0
2019-03-20,5,0,146,59.18,59.18,0.0,1175.007697,0.0
2019-03-20,5,0,152,0.0,0.0,0.0,0.0,0.0
2019-03-20,5,0,153,0.0,0.0,0.0,0.0,0.0
2019-03-20,5,0,154,0.0,0.0,0.0,0.0,0.0
2019-03-20,5,0,157,83.74,83.74,0.0,1612.76884,0.0
2019-03-20,5,0,158,0.0,0.0,0.0,0.0,0.0
2019-03-20,5,0,159,0.0,0.0,0.0,0.0,0.0
2019-03-20,5,0,160,0.0,0.0,0.0,0.0,0.0
2019-03-20,5,0,161,0.0,0.0,0.0,0.0,0.0
2019-03-20,5,0,162,1.8,1.8,0.0,37.242036,0.0
2019-03-20,5,0,163,0.0,0.0,0.0,0.0,0.0
2019-03-20,5,0,164,0.0,0.0,0.0,0.0,0.0
2019-03-20,5,0,167,0.0,0.0,0.0,0.0,0.0
2019-03-20,5,0,168,0.0,0.0,0.0,0.0,0.0
2019-03-20,5,0,169,0.0,0.0,0.0,0.0,0.0
2019-03-20,5,0,170,0.0,0.0,0.0,0.0,0.0
2019-03-20,5,0,172,0.0,0.0,0.0,0.0,0.0
2019-03-20,5,0,173,0.0,0.0,0.0,0.0,0.0
2019-03-20,5,0,188,0.0,0.0,0.0,0.0,0.0
2019-03-20,5,0,190,0.0,0.0,0.0,0.0,0.0
2019-03-20,5,0,191,0.0,0.0,0.0,0.0,0.0
2019-03-20,5,0,192,0.0,0.0,0.0,0.0,0.0
2019-03-20,5,0,194,58.2,58.2,0.0,1127.173013,0.0
2019-03-20,5,0,196,0.0,0.0,0.0,0.0,0.0
2019-03-20,5,0,198,0.0,0.0,0.0,0.0,0.0
2019-03-20,5,0,199,2.25,2.25,0.0,29.753106,0.0
2019-03-20,5,0,200,0.0,0.0,0.0,0.0,0.0
2019-03-20,5,0,204,60.05,60.05,0.0,914.221576,0.0
2019-03-20,5,0,205,78.3,78.3,0.0,1185.930435,0.0
2019-03-20,5,0,206,111.13,111.13,0.0,1878.658422,0.0
2019-03-20,5,0,210,0.0,0.0,0.0,0.0,0.0
2019-03-20,5,0,214,0.0,0.0,0.0,0.0,0.0
2019-03-20,5,0,217,0.0,0.0,0.0,0.0,0.0
2019-03-20,5,0,218,0.0,0.0,0.0,0.0,0.0
2019-03-20,5,0,219,0.0,0.0,0.0,0.0,0.0
2019-03-20,5,0,221,0.0,0.0,0.0,0.0,0.0
2019-03-20,5,0,225,0.0,0.0,0.0,0.0,0.0
2019-03-20,5,0,233,0.0,0.0,0.0,0.0,0.0
2019-03-20,5,0,236,5.78,5.78,0.0,81.116247,0.0
2019-03-20,5,0,237,6.15,6.15,0.0,88.459643,0.0
2019-03-20,5,0,238,0.0,0.0,0.0,0.0,0.0
2019-03-20,5,0,240,0.0,0.0,0.0,0.0,0.0
2019-03-20,5,0,245,12.99,12.99,0.0,177.303804,0.0
2019-03-20,5,0,247,11.0,11.0,0.0,150.141789,0.0
2019-03-20,5,0,248,0.62,0.62,0.0,8.917883,0.0
2019-03-20,5,0,249,24.99,24.99,0.0,341.094847,0.0
2019-03-20,5,0,251,0.0,0.0,0.0,0.0,0.0
2019-03-20,5,0,252,0.0,0.0,0.0,0.0,0.0
2019-03-20,5,0,254,0.0,0.0,0.0,0.0,0.0
2019-03-20,5,0,255,0.0,0.0,0.0,0.0,0.0
2019-03-20,5,0,258,0.0,0.0,0.0,0.0,0.0
2019-03-20,5,0,260,0.0,0.0,0.0,0.0,0.0
2019-03-20,5,0,265,0.0,0.0,0.0,0.0,0.0
2019-03-20,5,0,266,31.69,31.69,0.0,501.633688,0.0
2019-03-20,5,0,267,38.94,38.94,0.0,616.396839,0.0
2019-03-20,5,0,270,0.0,0.0,0.0,0.0,0.0
2019-03-20,5,0,272,80.92,80.92,0.0,1550.11113,0.0
2019-03-20,5,0,273,0.0,0.0,0.0,0.0,0.0
2019-03-20,5,0,274,0.0,0.0,0.0,0.0,0.0
2019-03-20,5,0,275,0.0,0.0,0.0,0.0,0.0
2019-03-20,5,0,276,0.0,0.0,0.0,0.0,0.0
2019-03-20,5,0,277,0.0,0.0,0.0,0.0,0.0
2019-03-20,5,0,278,0.0,0.0,0.0,0.0,0.0
2019-03-20,5,0,279,52.5,52.5,0.0,997.665951,0.0
2019-03-20,5,0,281,4.59,4.59,0.0,77.498868,0.0
2019-03-20,5,0,282,0.0,0.0,0.0,0.0,0.0
2019-03-20,6,0,9,0.0,0.0,0.0,0.0,0.0
2019-03-20,6,0,17,0.0,0.0,0.0,0.0,0.0
2019-03-20,6,0,19,225.78,225.78,0.0,4894.125159,0.0
2019-03-20,6,0,20,273.83,273.83,0.0,5935.682045,0.0
2019-03-20,6,0,21,0.0,0.0,0.0,0.0,0.0
2019-03-20,6,0,22,0.0,0.0,0.0,0.0,0.0
2019-03-20,6,0,23,24.58,24.58,0.0,596.418775,0.0
2019-03-20,6,0,24,43.49,43.49,0.0,1055.258442,0.0
2019-03-20,6,0,29,0.0,0.0,0.0,0.0,0.0
2019-03-20,6,0,30,0.0,0.0,0.0,0.0,0.0
2019-03-20,6,0,31,9.09,9.09,0.0,220.712505,0.0
2019-03-20,6,0,32,0.0,0.0,0.0,0.0,0.0
2019-03-20,6,0,33,0.0,0.0,0.0,0.0,0.0
2019-03-20,6,0,34,0.0,0.0,0.0,0.0,0.0
2019-03-20,6,0,35,0.0,0.0,0.0,0.0,0.0
2019-03-20,6,0,36,0.0,0.0,0.0,0.0,0.0
2019-03-20,6,0,37,0.0,0.0,0.0,0.0,0.0
2019-03-20,6,0,38,0.0,0.0,0.0,0.0,0.0
2019-03-20,6,0,39,0.0,0.0,0.0,0.0,0.0
2019-03-20,6,0,40,0.0,0.0,0.0,0.0,0.0
2019-03-20,6,0,41,27.01,27.01,0.0,632.293332,0.0
2019-03-20,6,0,42,0.0,0.0,0.0,0.0,0.0
2019-03-20,6,0,43,0.0,0.0,0.0,0.0,0.0
2019-03-20,6,0,46,0.0,0.0,0.0,0.0,0.0
2019-03-20,6,0,52,9.63,9.63,0.0,233.824139,0.0
2019-03-20,6,0,53,15.29,15.29,0.0,371.253488,0.0
2019-03-20,6,0,55,40.61,40.61,0.0,985.376991,0.0
2019-03-20,6,0,56,0.0,0.0,0.0,0.0,0.0
2019-03-20,6,0,57,0.0,0.0,0.0,0.0,0.0
2019-03-20,6,0,58,0.0,0.0,0.0,0.0,0.0
2019-03-20,6,0,59,0.0,0.0,0.0,0.0,0.0
2019-03-20,6,0,63,9.65,9.65,0.0,261.54777,0.0
2019-03-20,6,0,64,11.36,11.36,0.0,307.894577,0.0
2019-03-20,6,0,65,0.0,0.0,0.0,0.0,0.0
2019-03-20,6,0,67,0.0,0.0,0.0,0.0,0.0
2019-03-20,6,0,68,0.95,0.95,0.0,24.77752,0.0
2019-03-20,6,0,69,0.0,0.0,0.0,0.0,0.0
2019-03-20,6,0,74,5.43,5.43,0.0,120.630814,0.0
2019-03-20,6,0,77,43.98,43.98,0.0,1136.530964,0.0
2019-03-20,6,0,78,33.25,33.25,0.0,859.246352,0.0
2019-03-20,6,0,79,19.24,19.24,0.0,497.199994,0.0
2019-03-20,6,0,80,31.12,31.12,0.0,804.202901,0.0
2019-03-20,6,0,81,40.68,40.68,0.0,1051.252378,0.0
2019-03-20,6,0,82,28.7,28.7,0.0,741.665272,0.0
2019-03-20,6,0,83,63.99,63.99,0.0,1653.629294,0.0
2019-03-20,6,0,84,0.0,0.0,0.0,0.0,0.0
2019-03-20,6,0,86,0.0,0.0,0.0,0.0,0.0
2019-03-20,6,0,87,0.0,0.0,0.0,0.0,0.0
2019-03-20,6,0,88,38.19,38.19,0.0,986.905809,0.0
2019-03-20,6,0,89,36.71,36.71,0.0,948.659656,0.0
2019-03-20,6,0,90,49.29,49.29,0.0,1273.75196,0.0
2019-03-20,6,0,91,175.84,175.84,0.0,4544.056495,0.0
2019-03-20,6,0,92,63.24,63.24,0.0,1634.247798,0.0
2019-03-20,6,0,95,1.53,1.53,0.0,41.967497,0.0
2019-03-20,6,0,96,5.17,5.17,0.0,125.620426,0.0
2019-03-20,6,0,97,31.82,31.82,0.0,773.160918,0.0
2019-03-20,6,0,99,1.05,1.05,0.0,23.326401,0.0
2019-03-20,6,0,101,0.0,0.0,0.0,0.0,0.0
2019-03-20,6,0,102,2.25,2.25,0.0,58.683601,0.0
2019-03-20,6,0,103,1.96,1.96,0.0,51.119937,0.0
2019-03-20,6,0,104,0.36,0.36,0.0,9.389376,0.0
2019-03-20,6,0,106,0.0,0.0,0.0,0.0,0.0
2019-03-20,6,0,109,11.62,11.62,0.0,265.461041,0.0
2019-03-20,6,0,110,41.62,41.62,0.0,1112.672618,0.0
2019-03-20,6,0,111,0.0,0.0,0.0,0.0,0.0
2019-03-20,6,0,113,23.34,23.34,0.0,610.505145,0.0
2019-03-20,6,0,115,23.34,23.34,0.0,610.505145,0.0
2019-03-20,6,0,116,0.0,0.0,0.0,0.0,0.0
2019-03-20,6,0,117,0.93,0.93,0.0,24.32604,0.0
2019-03-20,6,0,119,11.36,11.36,0.0,307.894577,0.0
2019-03-20,6,0,120,6.68,6.68,0.0,181.050684,0.0
2019-03-20,6,0,123,0.0,0.0,0.0,0.0,0.0
2019-03-20,6,0,125,39.36,39.36,0.0,955.0465,0.0
2019-03-20,6,0,126,0.0,0.0,0.0,0.0,0.0
2019-03-20,6,0,127,0.0,0.0,0.0,0.0,0.0
2019-03-20,6,0,128,56.37,56.37,0.0,1367.783822,0.0
2019-03-20,6,0,131,5.13,5.13,0.0,133.578552,0.0
2019-03-20,6,0,132,7.54,7.54,0.0,196.331829,0.0
2019-03-20,6,0,133,9.21,9.21,0.0,199.624853,0.0
2019-03-20,6,0,134,0.0,0.0,0.0,0.0,0.0
2019-03-20,6,0,135,12.34,12.34,0.0,267.466958,0.0
2019-03-20,6,0,136,0.0,0.0,0.0,0.0,0.0
2019-03-20,6,0,139,34.88,34.88,0.0,816.526894,0.0
2019-03-20,6,0,140,30.8,30.8,0.0,823.409818,0.0
2019-03-20,6,0,141,12.02,12.02,0.0,315.431475,0.0
2019-03-20,6,0,142,0.0,0.0,0.0,0.0,0.0
2019-03-20,6,0,143,42.9,42.9,0.0,1041.646478,0.0
2019-03-20,6,0,145,4.07,4.07,0.0,96.65405,0.0
2019-03-20,6,0,146,24.33,24.33,0.0,650.440288,0.0
2019-03-20,6,0,152,0.0,0.0,0.0,0.0,0.0
2019-03-20,6,0,153,0.0,0.0,0.0,0.0,0.0
2019-03-20,6,0,154,0.0,0.0,0.0,0.0,0.0
2019-03-20,6,0,157,40.05,40.05,0.0,1051.000879,0.0
2019-03-20,6,0,158,0.0,0.0,0.0,0.0,0.0
2019-03-20,6,0,159,0.0,0.0,0.0,0.0,0.0
2019-03-20,6,0,160,0.0,0.0,0.0,0.0,0.0
2019-03-20,6,0,161,0.0,0.0,0.0,0.0,0.0
2019-03-20,6,0,162,0.0,0.0,0.0,0.0,0.0
2019-03-20,6,0,163,0.0,0.0,0.0,0.0,0.0
2019-03-20,6,0,164,0.0,0.0,0.0,0.0,0.0
2019-03-20,6,0,167,0.0,0.0,0.0,0.0,0.0
2019-03-20,6,0,168,0.0,0.0,0.0,0.0,0.0
2019-03-20,6,0,169,0.0,0.0,0.0,0.0,0.0
2019-03-20,6,0,170,0.0,0.0,0.0,0.0,0.0
2019-03-20,6,0,172,0.0,0.0,0.0,0.0,0.0
2019-03-20,6,0,173,0.0,0.0,0.0,0.0,0.0
2019-03-20,6,0,188,0.0,0.0,0.0,0.0,0.0
2019-03-20,6,0,190,0.0,0.0,0.0,0.0,0.0
2019-03-20,6,0,191,0.0,0.0,0.0,0.0,0.0
2019-03-20,6,0,192,8.11,8.11,0.0,219.808541,0.0
2019-03-20,6,0,194,42.63,42.63,0.0,1122.507914,0.0
2019-03-20,6,0,196,0.0,0.0,0.0,0.0,0.0
2019-03-20,6,0,198,0.0,0.0,0.0,0.0,0.0
2019-03-20,6,0,199,0.94,0.94,0.0,19.982087,0.0
2019-03-20,6,0,200,0.0,0.0,0.0,0.0,0.0
2019-03-20,6,0,204,43.51,43.51,0.0,996.809624,0.0
2019-03-20,6,0,205,61.48,61.48,0.0,1404.52193,0.0
2019-03-20,6,0,206,93.5,93.5,0.0,2271.858763,0.0
2019-03-20,6,0,210,0.0,0.0,0.0,0.0,0.0
2019-03-20,6,0,214,0.0,0.0,0.0,0.0,0.0
2019-03-20,6,0,217,0.0,0.0,0.0,0.0,0.0
2019-03-20,6,0,218,0.0,0.0,0.0,0.0,0.0
2019-03-20,6,0,219,0.0,0.0,0.0,0.0,0.0
2019-03-20,6,0,221,0.0,0.0,0.0,0.0,0.0
2019-03-20,6,0,225,0.0,0.0,0.0,0.0,0.0
2019-03-20,6,0,233,0.0,0.0,0.0,0.0,0.0
2019-03-20,6,0,236,9.51,9.51,0.0,208.523748,0.0
2019-03-20,6,0,237,13.04,13.04,0.0,289.691679,0.0
2019-03-20,6,0,238,0.0,0.0,0.0,0.0,0.0
2019-03-20,6,0,240,0.0,0.0,0.0,0.0,0.0
2019-03-20,6,0,245,17.73,17.73,0.0,383.128884,0.0
2019-03-20,6,0,247,15.77,15.77,0.0,340.775098,0.0
2019-03-20,6,0,248,1.31,1.31,0.0,29.102462,0.0
2019-03-20,6,0,249,34.1,34.1,0.0,736.869427,0.0
2019-03-20,6,0,251,0.0,0.0,0.0,0.0,0.0
2019-03-20,6,0,252,0.0,0.0,0.0,0.0,0.0
2019-03-20,6,0,254,0.0,0.0,0.0,0.0,0.0
2019-03-20,6,0,255,0.0,0.0,0.0,0.0,0.0
2019-03-20,6,0,258,0.0,0.0,0.0,0.0,0.0
2019-03-20,6,0,260,0.0,0.0,0.0,0.0,0.0
2019-03-20,6,0,265,0.0,0.0,0.0,0.0,0.0
2019-03-20,6,0,266,22.59,22.59,0.0,528.822894,0.0
2019-03-20,6,0,267,27.75,27.75,0.0,649.616437,0.0
2019-03-20,6,0,270,0.0,0.0,0.0,0.0,0.0
2019-03-20,6,0,272,82.37,82.37,0.0,2154.554791,0.0
2019-03-20,6,0,273,0.0,0.0,0.0,0.0,0.0
2019-03-20,6,0,274,0.0,0.0,0.0,0.0,0.0
2019-03-20,6,0,275,0.0,0.0,0.0,0.0,0.0
2019-03-20,6,0,276,0.0,0.0,0.0,0.0,0.0
2019-03-20,6,0,277,0.0,0.0,0.0,0.0,0.0
2019-03-20,6,0,278,0.0,0.0,0.0,0.0,0.0
2019-03-20,6,0,279,35.24,35.24,0.0,917.322899,0.0
2019-03-20,6,0,281,4.09,4.09,0.0,99.308487,0.0
2019-03-20,6,0,282,0.0,0.0,0.0,0.0,0.0
2019-03-20,7,0,9,0.0,0.0,0.0,0.0,0.0
2019-03-20,7,0,17,0.0,0.0,0.0,0.0,0.0
2019-03-20,7,0,19,239.09,239.09,0.0,4969.614531,0.0
2019-03-20,7,0,20,289.97,289.97,0.0,6027.182758,0.0
2019-03-20,7,0,21,0.0,0.0,0.0,0.0,0.0
2019-03-20,7,0,22,0.0,0.0,0.0,0.0,0.0
2019-03-20,7,0,23,19.13,19.13,0.0,480.476887,0.0
2019-03-20,7,0,24,33.84,33.84,0.0,849.939249,0.0
2019-03-20,7,0,29,0.0,0.0,0.0,0.0,0.0
2019-03-20,7,0,30,0.0,0.0,0.0,0.0,0.0
2019-03-20,7,0,31,20.02,20.02,0.0,503.38032,0.0
2019-03-20,7,0,32,0.0,0.0,0.0,0.0,0.0
2019-03-20,7,0,33,0.0,0.0,0.0,0.0,0.0
2019-03-20,7,0,34,0.0,0.0,0.0,0.0,0.0
2019-03-20,7,0,35,0.0,0.0,0.0,0.0,0.0
2019-03-20,7,0,36,0.0,0.0,0.0,0.0,0.0
2019-03-20,7,0,37,0.0,0.0,0.0,0.0,0.0
2019-03-20,7,0,38,0.0,0.0,0.0,0.0,0.0
2019-03-20,7,0,39,0.0,0.0,0.0,0.0,0.0
2019-03-20,7,0,40,0.0,0.0,0.0,0.0,0.0
2019-03-20,7,0,41,15.42,15.42,0.0,365.236459,0.0
2019-03-20,7,0,42,0.0,0.0,0.0,0.0,0.0
2019-03-20,7,0,43,0.0,0.0,0.0,0.0,0.0
2019-03-20,7,0,46,0.0,0.0,0.0,0.0,0.0
2019-03-20,7,0,52,21.23,21.23,0.0,533.804406,0.0
2019-03-20,7,0,53,33.73,33.73,0.0,848.102807,0.0
2019-03-20,7,0,55,36.43,36.43,0.0,914.990746,0.0
2019-03-20,7,0,56,0.0,0.0,0.0,0.0,0.0
2019-03-20,7,0,57,0.0,0.0,0.0,0.0,0.0
2019-03-20,7,0,58,0.0,0.0,0.0,0.0,0.0
2019-03-20,7,0,59,0.0,0.0,0.0,0.0,0.0
2019-03-20,7,0,63,4.15,4.15,0.0,123.950348,0.0
2019-03-20,7,0,64,4.89,4.89,0.0,146.052338,0.0
2019-03-20,7,0,65,0.0,0.0,0.0,0.0,0.0
2019-03-20,7,0,67,0.0,0.0,0.0,0.0,0.0
2019-03-20,7,0,68,0.47,0.47,0.0,13.23405,0.0
2019-03-20,7,0,69,0.0,0.0,0.0,0.0,0.0
2019-03-20,7,0,74,9.93,9.93,0.0,215.359185,0.0
2019-03-20,7,0,77,29.9,29.9,0.0,829.921365,0.0
2019-03-20,7,0,78,22.61,22.61,0.0,627.575988,0.0
2019-03-20,7,0,79,13.08,13.08,0.0,363.055901,0.0
2019-03-20,7,0,80,21.16,21.16,0.0,587.328966,0.0
2019-03-20,7,0,81,27.66,27.66,0.0,767.746654,0.0
2019-03-20,7,0,82,19.51,19.51,0.0,541.53063,0.0
2019-03-20,7,0,83,43.51,43.51,0.0,1207.688247,0.0
2019-03-20,7,0,84,0.0,0.0,0.0,0.0,0.0
2019-03-20,7,0,86,0.0,0.0,0.0,0.0,0.0
2019-03-20,7,0,87,0.0,0.0,0.0,0.0,0.0
2019-03-20,7,0,88,26.35,26.35,0.0,731.38555,0.0
2019-03-20,7,0,89,25.33,25.33,0.0,703.073852,0.0
2019-03-20,7,0,90,34.01,34.01,0.0,944.000857,0.0
2019-03-20,7,0,91,121.33,121.33,0.0,3367.70432,0.0
2019-03-20,7,0,92,43.64,43.64,0.0,1211.2966,0.0
2019-03-20,7,0,95,0.0,0.0,0.0,0.0,0.0
2019-03-20,7,0,96,4.35,4.35,0.0,109.5007,0.0
2019-03-20,7,0,97,26.78,26.78,0.0,674.121553,0.0
2019-03-20,7,0,99,1.92,1.92,0.0,41.640447,0.0
2019-03-20,7,0,101,0.0,0.0,0.0,0.0,0.0
2019-03-20,7,0,102,1.12,1.12,0.0,31.536459,0.0
2019-03-20,7,0,103,0.97,0.97,0.0,27.312826,0.0
2019-03-20,7,0,104,0.18,0.18,0.0,5.068359,0.0
2019-03-20,7,0,106,0.0,0.0,0.0,0.0,0.0
2019-03-20,7,0,109,11.01,11.01,0.0,250.381996,0.0
2019-03-20,7,0,110,25.56,25.56,0.0,747.61728,0.0
2019-03-20,7,0,111,0.0,0.0,0.0,0.0,0.0
2019-03-20,7,0,113,9.66,9.66,0.0,273.221416,0.0
2019-03-20,7,0,115,9.66,9.66,0.0,273.221416,0.0
2019-03-20,7,0,116,0.0,0.0,0.0,0.0,0.0
2019-03-20,7,0,117,0.4,0.4,0.0,11.313516,0.0
2019-03-20,7,0,119,4.89,4.89,0.0,146.052338,0.0
2019-03-20,7,0,120,2.87,2.87,0.0,85.719879,0.0
2019-03-20,7,0,123,0.0,0.0,0.0,0.0,0.0
2019-03-20,7,0,125,30.62,30.62,0.0,769.064415,0.0
2019-03-20,7,0,126,0.0,0.0,0.0,0.0,0.0
2019-03-20,7,0,127,0.0,0.0,0.0,0.0,0.0
2019-03-20,7,0,128,43.86,43.86,0.0,1101.605658,0.0
2019-03-20,7,0,131,3.88,3.88,0.0,108.972765,0.0
2019-03-20,7,0,132,5.71,5.71,0.0,160.369714,0.0
2019-03-20,7,0,133,11.04,11.04,0.0,229.440424,0.0
2019-03-20,7,0,134,0.0,0.0,0.0,0.0,0.0
2019-03-20,7,0,135,14.8,14.8,0.0,307.583177,0.0
2019-03-20,7,0,136,0.0,0.0,0.0,0.0,0.0
2019-03-20,7,0,139,19.91,19.91,0.0,471.586115,0.0
2019-03-20,7,0,140,18.91,18.91,0.0,553.108089,0.0
2019-03-20,7,0,141,0.0,0.0,0.0,0.0,0.0
2019-03-20,7,0,142,0.0,0.0,0.0,0.0,0.0
2019-03-20,7,0,143,27.45,27.45,0.0,690.19929,0.0
2019-03-20,7,0,145,3.58,3.58,0.0,86.822461,0.0
2019-03-20,7,0,146,9.59,9.59,0.0,280.502727,0.0
2019-03-20,7,0,152,0.0,0.0,0.0,0.0,0.0
2019-03-20,7,0,153,0.0,0.0,0.0,0.0,0.0
2019-03-20,7,0,154,0.0,0.0,0.0,0.0,0.0
2019-03-20,7,0,157,15.14,15.14,0.0,430.374971,0.0
2019-03-20,7,0,158,0.0,0.0,0.0,0.0,0.0
2019-03-20,7,0,159,0.0,0.0,0.0,0.0,0.0
2019-03-20,7,0,160,0.0,0.0,0.0,0.0,0.0
2019-03-20,7,0,161,0.0,0.0,0.0,0.0,0.0
2019-03-20,7,0,162,0.0,0.0,0.0,0.0,0.0
2019-03-20,7,0,163,0.0,0.0,0.0,0.0,0.0
2019-03-20,7,0,164,0.0,0.0,0.0,0.0,0.0
2019-03-20,7,0,167,0.0,0.0,0.0,0.0,0.0
2019-03-20,7,0,168,0.0,0.0,0.0,0.0,0.0
2019-03-20,7,0,169,0.0,0.0,0.0,0.0,0.0
2019-03-20,7,0,170,0.0,0.0,0.0,0.0,0.0
2019-03-20,7,0,172,0.0,0.0,0.0,0.0,0.0
2019-03-20,7,0,173,0.0,0.0,0.0,0.0,0.0
2019-03-20,7,0,188,0.0,0.0,0.0,0.0,0.0
2019-03-20,7,0,190,0.0,0.0,0.0,0.0,0.0
2019-03-20,7,0,191,0.0,0.0,0.0,0.0,0.0
2019-03-20,7,0,192,21.73,21.73,0.0,649.021942,0.0
2019-03-20,7,0,194,30.08,30.08,0.0,859.554395,0.0
2019-03-20,7,0,196,0.0,0.0,0.0,0.0,0.0
2019-03-20,7,0,198,0.0,0.0,0.0,0.0,0.0
2019-03-20,7,0,199,0.0,0.0,0.0,0.0,0.0
2019-03-20,7,0,200,0.0,0.0,0.0,0.0,0.0
2019-03-20,7,0,204,37.77,37.77,0.0,863.030309,0.0
2019-03-20,7,0,205,58.25,58.25,0.0,1324.68222,0.0
2019-03-20,7,0,206,78.68,78.68,0.0,1980.578184,0.0
2019-03-20,7,0,210,0.0,0.0,0.0,0.0,0.0
2019-03-20,7,0,214,0.0,0.0,0.0,0.0,0.0
2019-03-20,7,0,217,0.0,0.0,0.0,0.0,0.0
2019-03-20,7,0,218,0.0,0.0,0.0,0.0,0.0
2019-03-20,7,0,219,0.0,0.0,0.0,0.0,0.0
2019-03-20,7,0,221,0.0,0.0,0.0,0.0,0.0
2019-03-20,7,0,225,0.0,0.0,0.0,0.0,0.0
2019-03-20,7,0,233,0.0,0.0,0.0,0.0,0.0
2019-03-20,7,0,236,14.74,14.74,0.0,312.552332,0.0
2019-03-20,7,0,237,23.81,23.81,0.0,516.384914,0.0
2019-03-20,7,0,238,0.0,0.0,0.0,0.0,0.0
2019-03-20,7,0,240,0.0,0.0,0.0,0.0,0.0
2019-03-20,7,0,245,23.54,23.54,0.0,486.634489,0.0
2019-03-20,7,0,247,22.01,22.01,0.0,455.005314,0.0
2019-03-20,7,0,248,2.39,2.39,0.0,51.833681,0.0
2019-03-20,7,0,249,45.27,45.27,0.0,935.851457,0.0
2019-03-20,7,0,251,0.0,0.0,0.0,0.0,0.0
2019-03-20,7,0,252,0.0,0.0,0.0,0.0,0.0
2019-03-20,7,0,254,0.0,0.0,0.0,0.0,0.0
2019-03-20,7,0,255,0.0,0.0,0.0,0.0,0.0
2019-03-20,7,0,258,0.0,0.0,0.0,0.0,0.0
2019-03-20,7,0,260,0.0,0.0,0.0,0.0,0.0
2019-03-20,7,0,265,0.0,0.0,0.0,0.0,0.0
2019-03-20,7,0,266,12.89,12.89,0.0,305.311151,0.0
2019-03-20,7,0,267,15.84,15.84,0.0,375.184534,0.0
2019-03-20,7,0,270,0.0,0.0,0.0,0.0,0.0
2019-03-20,7,0,272,34.36,34.36,0.0,971.831039,0.0
2019-03-20,7,0,273,0.0,0.0,0.0,0.0,0.0
2019-03-20,7,0,274,0.0,0.0,0.0,0.0,0.0
2019-03-20,7,0,275,0.0,0.0,0.0,0.0,0.0
2019-03-20,7,0,276,0.0,0.0,0.0,0.0,0.0
2019-03-20,7,0,277,0.0,0.0,0.0,0.0,0.0
2019-03-20,7,0,278,0.0,0.0,0.0,0.0,0.0
2019-03-20,7,0,279,22.97,22.97,0.0,644.823446,0.0
2019-03-20,7,0,281,8.98,8.98,0.0,225.791972,0.0
2019-03-20,7,0,282,0.0,0.0,0.0,0.0,0.0
2019-03-20,8,0,9,0.09,0.09,0.0,2.260477,0.0
2019-03-20,8,0,17,1.58,1.58,0.0,32.841152,0.0
2019-03-20,8,0,19,249.28,249.28,0.0,5181.419174,0.0
2019-03-20,8,0,20,310.24,310.24,0.0,6448.505635,0.0
2019-03-20,8,0,21,1.97,1.97,0.0,49.479324,0.0
2019-03-20,8,0,22,7.01,7.01,0.0,176.066021,0.0
2019-03-20,8,0,23,7.81,7.81,0.0,196.159147,0.0
2019-03-20,8,0,24,13.81,13.81,0.0,346.857596,0.0
2019-03-20,8,0,29,0.99,0.99,0.0,19.034044,0.0
2019-03-20,8,0,30,5.47,5.47,0.0,137.536981,0.0
2019-03-20,8,0,31,7.17,7.17,0.0,180.281563,0.0
2019-03-20,8,0,32,0.65,0.65,0.0,19.746837,0.0
2019-03-20,8,0,33,0.09,0.09,0.0,1.802091,0.0
2019-03-20,8,0,34,0.15,0.15,0.0,3.003485,0.0
2019-03-20,8,0,35,0.15,0.15,0.0,3.003485,0.0
2019-03-20,8,0,36,0.5,0.5,0.0,10.9709,0.0
2019-03-20,8,0,37,0.23,0.23,0.0,5.049311,0.0
2019-03-20,8,0,38,0.3,0.3,0.0,6.586058,0.0
2019-03-20,8,0,39,0.2,0.2,0.0,4.390705,0.0
2019-03-20,8,0,40,0.2,0.2,0.0,4.390705,0.0
2019-03-20,8,0,41,7.79,7.79,0.0,184.513101,0.0
2019-03-20,8,0,42,1.64,1.64,0.0,34.359278,0.0
2019-03-20,8,0,43,1.56,1.56,0.0,33.901024,0.0
2019-03-20,8,0,46,1.59,1.59,0.0,35.368735,0.0
2019-03-20,8,0,52,7.6,7.6,0.0,191.093428,0.0
2019-03-20,8,0,53,12.07,12.07,0.0,303.486537,0.0
2019-03-20,8,0,55,29.38,29.38,0.0,737.920069,0.0
2019-03-20,8,0,56,1.61,1.61,0.0,40.481634,0.0
2019-03-20,8,0,57,1.54,1.54,0.0,38.721563,0.0
2019-03-20,8,0,58,2.95,2.95,0.0,74.174423,0.0
2019-03-20,8,0,59,2.9,2.9,0.0,72.917229,0.0
2019-03-20,8,0,63,0.0,0.0,0.0,0.0,0.0
2019-03-20,8,0,64,0.0,0.0,0.0,0.0,0.0
2019-03-20,8,0,65,0.0,0.0,0.0,0.0,0.0
2019-03-20,8,0,67,6.96,6.96,0.0,197.847411,0.0
2019-03-20,8,0,68,0.0,0.0,0.0,0.0,0.0
2019-03-20,8,0,69,0.09,0.09,0.0,1.802091,0.0
2019-03-20,8,0,74,11.84,11.84,0.0,256.782755,0.0
2019-03-20,8,0,77,5.21,5.21,0.0,144.611716,0.0
2019-03-20,8,0,78,3.93,3.93,0.0,109.08331,0.0
2019-03-20,8,0,79,2.27,2.27,0.0,63.007408,0.0
2019-03-20,8,0,80,3.68,3.68,0.0,102.144168,0.0
2019-03-20,8,0,81,4.81,4.81,0.0,133.509089,0.0
2019-03-20,8,0,82,3.39,3.39,0.0,94.094763,0.0
2019-03-20,8,0,83,7.58,7.58,0.0,210.394781,0.0
2019-03-20,8,0,84,0.0,0.0,0.0,0.0,0.0
2019-03-20,8,0,86,0.46,0.46,0.0,9.210689,0.0
2019-03-20,8,0,87,2.37,2.37,0.0,47.45507,0.0
2019-03-20,8,0,88,5.49,5.49,0.0,152.383555,0.0
2019-03-20,8,0,89,5.3,5.3,0.0,147.109807,0.0
2019-03-20,8,0,90,6.91,6.91,0.0,191.797881,0.0
2019-03-20,8,0,91,21.67,21.67,0.0,601.484815,0.0
2019-03-20,8,0,92,8.67,8.67,0.0,240.649439,0.0
2019-03-20,8,0,95,0.0,0.0,0.0,0.0,0.0
2019-03-20,8,0,96,2.1,2.1,0.0,52.862407,0.0
2019-03-20,8,0,97,12.94,12.94,0.0,325.733118,0.0
2019-03-20,8,0,99,2.28,2.28,0.0,49.44803,0.0
2019-03-20,8,0,101,0.11,0.11,0.0,2.765826,0.0
2019-03-20,8,0,102,0.0,0.0,0.0,0.0,0.0
2019-03-20,8,0,103,0.0,0.0,0.0,0.0,0.0
2019-03-20,8,0,104,0.0,0.0,0.0,0.0,0.0
2019-03-20,8,0,106,6.9,6.9,0.0,173.303216,0.0
2019-03-20,8,0,109,13.83,13.83,0.0,314.512534,0.0
2019-03-20,8,0,110,33.26,33.26,0.0,972.838448,0.0
2019-03-20,8,0,111,0.53,0.53,0.0,12.553523,0.0
2019-03-20,8,0,113,4.95,4.95,0.0,140.004763,0.0
2019-03-20,8,0,115,4.95,4.95,0.0,140.004763,0.0
2019-03-20,8,0,116,3.13,3.13,0.0,91.550942,0.0
2019-03-20,8,0,117,0.26,0.26,0.0,7.353786,0.0
2019-03-20,8,0,119,0.0,0.0,0.0,0.0,0.0
2019-03-20,8,0,120,0.0,0.0,0.0,0.0,0.0
2019-03-20,8,0,123,0.12,0.12,0.0,3.013969,0.0
2019-03-20,8,0,125,12.5,12.5,0.0,313.955101,0.0
2019-03-20,8,0,126,5.18,5.18,0.0,130.102994,0.0
2019-03-20,8,0,127,6.65,6.65,0.0,167.024114,0.0
2019-03-20,8,0,128,17.9,17.9,0.0,449.583705,0.0
2019-03-20,8,0,131,0.71,0.71,0.0,19.940893,0.0
2019-03-20,8,0,132,1.05,1.05,0.0,29.490052,0.0
2019-03-20,8,0,133,11.09,11.09,0.0,230.479556,0.0
2019-03-20,8,0,134,0.0,0.0,0.0,0.0,0.0
2019-03-20,8,0,135,14.86,14.86,0.0,308.830136,0.0
2019-03-20,8,0,136,0.0,0.0,0.0,0.0,0.0
2019-03-20,8,0,139,10.06,10.06,0.0,238.280076,0.0
2019-03-20,8,0,140,24.61,24.61,0.0,719.830253,0.0
2019-03-20,8,0,141,0.0,0.0,0.0,0.0,0.0
2019-03-20,8,0,142,9.17,9.17,0.0,260.669649,0.0
2019-03-20,8,0,143,9.11,9.11,0.0,229.060675,0.0
2019-03-20,8,0,145,2.79,2.79,0.0,67.663314,0.0
2019-03-20,8,0,146,11.61,11.61,0.0,339.586722,0.0
2019-03-20,8,0,152,0.28,0.28,0.0,6.06256,0.0
2019-03-20,8,0,153,0.36,0.36,0.0,7.808775,0.0
2019-03-20,8,0,154,2.2,2.2,0.0,52.108963,0.0
2019-03-20,8,0,157,11.02,11.02,0.0,313.2584,0.0
2019-03-20,8,0,158,0.0,0.0,0.0,0.0,0.0
2019-03-20,8,0,159,0.0,0.0,0.0,0.0,0.0
2019-03-20,8,0,160,0.13,0.13,0.0,2.736226,0.0
2019-03-20,8,0,161,2.39,2.39,0.0,67.29655,0.0
2019-03-20,8,0,162,0.0,0.0,0.0,0.0,0.0
2019-03-20,8,0,163,4.78,4.78,0.0,139.812621,0.0
2019-03-20,8,0,164,0.0,0.0,0.0,0.0,0.0
2019-03-20,8,0,167,0.77,0.77,0.0,23.426505,0.0
2019-03-20,8,0,168,0.38,0.38,0.0,11.561132,0.0
2019-03-20,8,0,169,0.0,0.0,0.0,0.0,0.0
2019-03-20,8,0,170,0.84,0.84,0.0,25.556187,0.0
2019-03-20,8,0,172,1.05,1.05,0.0,33.099286,0.0
2019-03-20,8,0,173,1.59,1.59,0.0,50.121776,0.0
2019-03-20,8,0,188,1.33,1.33,0.0,40.682176,0.0
2019-03-20,8,0,190,0.23,0.23,0.0,6.869537,0.0
2019-03-20,8,0,191,0.61,0.61,0.0,18.219208,0.0
2019-03-20,8,0,192,22.13,22.13,0.0,660.968964,0.0
2019-03-20,8,0,194,16.88,16.88,0.0,482.356323,0.0
2019-03-20,8,0,196,0.27,0.27,0.0,7.966492,0.0
2019-03-20,8,0,198,0.69,0.69,0.0,13.721324,0.0
2019-03-20,8,0,199,0.0,0.0,0.0,0.0,0.0
2019-03-20,8,0,200,2.23,2.23,0.0,44.788126,0.0
2019-03-20,8,0,204,51.07,51.07,0.0,1166.930312,0.0
2019-03-20,8,0,205,73.14,73.14,0.0,1663.30056,0.0
2019-03-20,8,0,206,38.01,38.01,0.0,956.809568,0.0
2019-03-20,8,0,210,0.33,0.33,0.0,6.293531,0.0
2019-03-20,8,0,214,0.75,0.75,0.0,14.679321,0.0
2019-03-20,8,0,217,0.71,0.71,0.0,13.735783,0.0
2019-03-20,8,0,218,0.98,0.98,0.0,18.95925,0.0
2019-03-20,8,0,219,0.67,0.67,0.0,12.961936,0.0
2019-03-20,8,0,221,0.4,0.4,0.0,7.828971,0.0
2019-03-20,8,0,225,0.74,0.74,0.0,14.238545,0.0
2019-03-20,8,0,233,0.26,0.26,0.0,5.206041,0.0
2019-03-20,8,0,236,18.64,18.64,0.0,395.249354,0.0
2019-03-20,8,0,237,28.4,28.4,0.0,615.931607,0.0
2019-03-20,8,0,238,2.14,2.14,0.0,44.834668,0.0
2019-03-20,8,0,240,0.56,0.56,0.0,12.287408,0.0
2019-03-20,8,0,245,25.29,25.29,0.0,522.811649,0.0
2019-03-20,8,0,247,28.34,28.34,0.0,585.863271,0.0
2019-03-20,8,0,248,2.85,2.85,0.0,61.810038,0.0
2019-03-20,8,0,249,48.63,48.63,0.0,1005.311605,0.0
2019-03-20,8,0,251,0.0,0.0,0.0,0.0,0.0
2019-03-20,8,0,252,0.0,0.0,0.0,0.0,0.0
2019-03-20,8,0,254,0.76,0.76,0.0,16.385525,0.0
2019-03-20,8,0,255,0.35,0.35,0.0,7.545966,0.0
2019-03-20,8,0,258,0.7,0.7,0.0,15.335476,0.0
2019-03-20,8,0,260,0.32,0.32,0.0,6.735324,0.0
2019-03-20,8,0,265,2.28,2.28,0.0,54.003834,0.0
2019-03-20,8,0,266,6.51,6.51,0.0,154.195159,0.0
2019-03-20,8,0,267,8.01,8.01,0.0,189.723997,0.0
2019-03-20,8,0,270,14.92,14.92,0.0,436.402575,0.0
2019-03-20,8,0,272,17.15,17.15,0.0,485.067006,0.0
2019-03-20,8,0,273,0.75,0.75,0.0,21.937127,0.0
2019-03-20,8,0,274,19.23,19.23,0.0,562.46793,0.0
2019-03-20,8,0,275,26.78,26.78,0.0,783.301673,0.0
2019-03-20,8,0,276,0.32,0.32,0.0,9.301027,0.0
2019-03-20,8,0,277,0.48,0.48,0.0,13.474761,0.0
2019-03-20,8,0,278,0.77,0.77,0.0,21.615762,0.0
2019-03-20,8,0,279,0.0,0.0,0.0,0.0,0.0
2019-03-20,8,0,281,3.22,3.22,0.0,80.963268,0.0
2019-03-20,8,0,282,3.0,3.0,0.0,75.431616,0.0
2019-03-20,9,0,9,1.06,1.06,0.0,16.959601,0.0
2019-03-20,9,0,17,5.88,5.88,0.0,77.511161,0.0
2019-03-20,9,0,19,219.75,219.75,0.0,2896.781903,0.0
2019-03-20,9,0,20,272.88,272.88,0.0,3597.150606,0.0
2019-03-20,9,0,21,24.15,24.15,0.0,386.390901,0.0
2019-03-20,9,0,22,85.81,85.81,0.0,1372.92767,0.0
2019-03-20,9,0,23,4.8,4.8,0.0,76.798192,0.0
2019-03-20,9,0,24,8.49,8.49,0.0,135.836801,0.0
2019-03-20,9,0,29,2.85,2.85,0.0,34.678258,0.0
2019-03-20,9,0,30,187.62,187.62,0.0,3005.201478,0.0
2019-03-20,9,0,31,8.55,8.55,0.0,136.94954,0.0
2019-03-20,9,0,32,2.31,2.31,0.0,44.868742,0.0
2019-03-20,9,0,33,0.34,0.34,0.0,4.313326,0.0
2019-03-20,9,0,34,0.54,0.54,0.0,6.850577,0.0
2019-03-20,9,0,35,0.54,0.54,0.0,6.850577,0.0
2019-03-20,9,0,36,2.12,2.12,0.0,29.54088,0.0
2019-03-20,9,0,37,0.97,0.97,0.0,13.523746,0.0
2019-03-20,9,0,38,1.25,1.25,0.0,17.427507,0.0
2019-03-20,9,0,39,0.83,0.83,0.0,11.571865,0.0
2019-03-20,9,0,40,0.83,0.83,0.0,11.571865,0.0
2019-03-20,9,0,41,9.69,9.69,0.0,146.018602,0.0
2019-03-20,9,0,42,8.28,8.28,0.0,110.038448,0.0
2019-03-20,9,0,43,6.33,6.33,0.0,87.338288,0.0
2019-03-20,9,0,46,6.86,6.86,0.0,96.940659,0.0
2019-03-20,9,0,52,9.07,9.07,0.0,145.278635,0.0
2019-03-20,9,0,53,14.49,14.49,0.0,232.09343,0.0
2019-03-20,9,0,55,29.82,29.82,0.0,477.108765,0.0
2019-03-20,9,0,56,55.34,55.34,0.0,886.407898,0.0
2019-03-20,9,0,57,52.64,52.64,0.0,843.160675,0.0
2019-03-20,9,0,58,101.23,101.23,0.0,1621.450515,0.0
2019-03-20,9,0,59,99.54,99.54,0.0,1594.380957,0.0
2019-03-20,9,0,63,0.0,0.0,0.0,0.0,0.0
2019-03-20,9,0,64,0.0,0.0,0.0,0.0,0.0
2019-03-20,9,0,65,0.0,0.0,0.0,0.0,0.0
2019-03-20,9,0,67,104.75,104.75,0.0,1901.517539,0.0
2019-03-20,9,0,68,0.0,0.0,0.0,0.0,0.0
2019-03-20,9,0,69,0.34,0.34,0.0,4.313326,0.0
2019-03-20,9,0,74,13.95,13.95,0.0,192.078855,0.0
2019-03-20,9,0,77,0.0,0.0,0.0,0.0,0.0
2019-03-20,9,0,78,0.0,0.0,0.0,0.0,0.0
2019-03-20,9,0,79,0.0,0.0,0.0,0.0,0.0
2019-03-20,9,0,80,0.0,0.0,0.0,0.0,0.0
2019-03-20,9,0,81,0.0,0.0,0.0,0.0,0.0
2019-03-20,9,0,82,0.0,0.0,0.0,0.0,0.0
2019-03-20,9,0,83,0.0,0.0,0.0,0.0,0.0
2019-03-20,9,0,84,0.0,0.0,0.0,0.0,0.0
2019-03-20,9,0,86,1.71,1.71,0.0,21.693493,0.0
2019-03-20,9,0,87,8.75,8.75,0.0,111.004715,0.0
2019-03-20,9,0,88,0.0,0.0,0.0,0.0,0.0
2019-03-20,9,0,89,0.0,0.0,0.0,0.0,0.0
2019-03-20,9,0,90,0.0,0.0,0.0,0.0,0.0
2019-03-20,9,0,91,0.0,0.0,0.0,0.0,0.0
2019-03-20,9,0,92,0.0,0.0,0.0,0.0,0.0
2019-03-20,9,0,95,0.0,0.0,0.0,0.0,0.0
2019-03-20,9,0,96,1.18,1.18,0.0,18.922672,0.0
2019-03-20,9,0,97,7.24,7.24,0.0,116.101817,0.0
2019-03-20,9,0,99,2.69,2.69,0.0,37.038862,0.0
2019-03-20,9,0,101,3.78,3.78,0.0,60.546112,0.0
2019-03-20,9,0,102,0.0,0.0,0.0,0.0,0.0
2019-03-20,9,0,103,0.0,0.0,0.0,0.0,0.0
2019-03-20,9,0,104,0.0,0.0,0.0,0.0,0.0
2019-03-20,9,0,106,84.48,84.48,0.0,1351.648171,0.0
2019-03-20,9,0,109,16.5,16.5,0.0,238.499415,0.0
2019-03-20,9,0,110,42.75,42.75,0.0,798.929682,0.0
2019-03-20,9,0,111,3.51,3.51,0.0,52.892187,0.0
2019-03-20,9,0,113,0.0,0.0,0.0,0.0,0.0
2019-03-20,9,0,115,0.0,0.0,0.0,0.0,0.0
2019-03-20,9,0,116,19.52,19.52,0.0,364.797834,0.0
2019-03-20,9,0,117,0.0,0.0,0.0,0.0,0.0
2019-03-20,9,0,119,0.0,0.0,0.0,0.0,0.0
2019-03-20,9,0,120,0.0,0.0,0.0,0.0,0.0
2019-03-20,9,0,123,1.41,1.41,0.0,22.559469,0.0
2019-03-20,9,0,125,7.68,7.68,0.0,122.877106,0.0
2019-03-20,9,0,126,63.36,63.36,0.0,1013.736129,0.0
2019-03-20,9,0,127,81.31,81.31,0.0,1300.929366,0.0
2019-03-20,9,0,128,11.01,11.01,0.0,176.155852,0.0
2019-03-20,9,0,131,0.0,0.0,0.0,0.0,0.0
2019-03-20,9,0,132,0.0,0.0,0.0,0.0,0.0
2019-03-20,9,0,133,11.38,11.38,0.0,149.991687,0.0
2019-03-20,9,0,134,0.0,0.0,0.0,0.0,0.0
2019-03-20,9,0,135,15.25,15.25,0.0,200.999405,0.0
2019-03-20,9,0,136,1.29,1.29,0.0,17.032174,0.0
2019-03-20,9,0,139,12.51,12.51,0.0,188.513179,0.0
2019-03-20,9,0,140,31.64,31.64,0.0,591.301407,0.0
2019-03-20,9,0,141,9.89,9.89,0.0,179.5323,0.0
2019-03-20,9,0,142,138.14,138.14,0.0,2507.643273,0.0
2019-03-20,9,0,143,15.43,15.43,0.0,247.149871,0.0
2019-03-20,9,0,145,2.32,2.32,0.0,35.814619,0.0
2019-03-20,9,0,146,14.66,14.66,0.0,273.972144,0.0
2019-03-20,9,0,152,1.24,1.24,0.0,17.044851,0.0
2019-03-20,9,0,153,1.62,1.62,0.0,22.30942,0.0
2019-03-20,9,0,154,14.49,14.49,0.0,218.349798,0.0
2019-03-20,9,0,157,8.08,8.08,0.0,146.675529,0.0
2019-03-20,9,0,158,95.38,95.38,0.0,1731.424753,0.0
2019-03-20,9,0,159,0.0,0.0,0.0,0.0,0.0
2019-03-20,9,0,160,0.51,0.51,0.0,6.809949,0.0
2019-03-20,9,0,161,20.91,20.91,0.0,375.920901,0.0
2019-03-20,9,0,162,0.0,0.0,0.0,0.0,0.0
2019-03-20,9,0,163,9.19,9.19,0.0,171.746521,0.0
2019-03-20,9,0,164,6.66,6.66,0.0,106.676484,0.0
2019-03-20,9,0,167,2.59,2.59,0.0,50.38199,0.0
2019-03-20,9,0,168,1.3,1.3,0.0,25.288258,0.0
2019-03-20,9,0,169,0.0,0.0,0.0,0.0,0.0
2019-03-20,9,0,170,2.84,2.84,0.0,55.245116,0.0
2019-03-20,9,0,172,3.56,3.56,0.0,71.796389,0.0
2019-03-20,9,0,173,5.43,5.43,0.0,109.509661,0.0
2019-03-20,9,0,188,4.73,4.73,0.0,92.515214,0.0
2019-03-20,9,0,190,1.16,1.16,0.0,22.144966,0.0
2019-03-20,9,0,191,3.0,3.0,0.0,57.271463,0.0
2019-03-20,9,0,192,22.79,22.79,0.0,435.072217,0.0
2019-03-20,9,0,194,7.39,7.39,0.0,134.867596,0.0
2019-03-20,9,0,196,1.41,1.41,0.0,26.585508,0.0
2019-03-20,9,0,198,2.48,2.48,0.0,31.240458,0.0
2019-03-20,9,0,199,1.33,1.33,0.0,16.925604,0.0
2019-03-20,9,0,200,7.98,7.98,0.0,101.553624,0.0
2019-03-20,9,0,204,38.9,38.9,0.0,565.021092,0.0
2019-03-20,9,0,205,92.92,92.92,0.0,1343.113068,0.0
2019-03-20,9,0,206,21.28,21.28,0.0,341.24954,0.0
2019-03-20,9,0,210,0.96,0.96,0.0,11.584294,0.0
2019-03-20,9,0,214,2.4,2.4,0.0,29.74315,0.0
2019-03-20,9,0,217,2.16,2.16,0.0,26.450904,0.0
2019-03-20,9,0,218,2.98,2.98,0.0,36.492451,0.0
2019-03-20,9,0,219,2.03,2.03,0.0,24.858951,0.0
2019-03-20,9,0,221,1.28,1.28,0.0,15.863013,0.0
2019-03-20,9,0,225,2.16,2.16,0.0,26.303504,0.0
2019-03-20,9,0,233,0.97,0.97,0.0,12.305666,0.0
2019-03-20,9,0,236,23.38,23.38,0.0,314.569429,0.0
2019-03-20,9,0,237,33.47,33.47,0.0,460.851561,0.0
2019-03-20,9,0,238,10.78,10.78,0.0,143.262617,0.0
2019-03-20,9,0,240,2.4,2.4,0.0,33.442505,0.0
2019-03-20,9,0,245,27.61,27.61,0.0,361.932272,0.0
2019-03-20,9,0,247,36.46,36.46,0.0,477.944608,0.0
2019-03-20,9,0,248,3.36,3.36,0.0,46.264154,0.0
2019-03-20,9,0,249,53.1,53.1,0.0,696.074018,0.0
2019-03-20,9,0,251,0.0,0.0,0.0,0.0,0.0
2019-03-20,9,0,252,0.0,0.0,0.0,0.0,0.0
2019-03-20,9,0,254,2.92,2.92,0.0,39.962924,0.0
2019-03-20,9,0,255,1.34,1.34,0.0,18.33915,0.0
2019-03-20,9,0,258,2.99,2.99,0.0,41.597697,0.0
2019-03-20,9,0,260,1.25,1.25,0.0,16.691053,0.0
2019-03-20,9,0,265,15.01,15.01,0.0,226.185677,0.0
2019-03-20,9,0,266,8.1,8.1,0.0,122.058893,0.0
2019-03-20,9,0,267,9.95,9.95,0.0,149.936541,0.0
2019-03-20,9,0,270,28.71,28.71,0.0,536.544355,0.0
2019-03-20,9,0,272,0.0,0.0,0.0,0.0,0.0
2019-03-20,9,0,273,4.67,4.67,0.0,87.274892,0.0
2019-03-20,9,0,274,37.01,37.01,0.0,691.658188,0.0
2019-03-20,9,0,275,51.51,51.51,0.0,962.640185,0.0
2019-03-20,9,0,276,2.02,2.02,0.0,37.509072,0.0
2019-03-20,9,0,277,2.94,2.94,0.0,52.69262,0.0
2019-03-20,9,0,278,4.71,4.71,0.0,84.415728,0.0
2019-03-20,9,0,279,0.0,0.0,0.0,0.0,0.0
2019-03-20,9,0,281,3.81,3.81,0.0,61.026637,0.0
2019-03-20,9,0,282,102.92,102.92,0.0,1648.520073,0.0
2019-03-20,10,0,9,2.16,2.16,0.0,22.56914,0.0
2019-03-20,10,0,17,9.02,9.02,0.0,96.093579,0.0
2019-03-20,10,0,19,184.77,184.77,0.0,1968.426889,0.0
2019-03-20,10,0,20,228.94,228.94,0.0,2438.98713,0.0
2019-03-20,10,0,21,49.34,49.34,0.0,515.53767,0.0
2019-03-20,10,0,22,175.33,175.33,0.0,1831.966351,0.0
2019-03-20,10,0,23,7.67,7.67,0.0,80.141344,0.0
2019-03-20,10,0,24,13.57,13.57,0.0,141.788532,0.0
2019-03-20,10,0,29,5.09,5.09,0.0,54.600902,0.0
2019-03-20,10,0,30,397.2,397.2,0.0,4149.698439,0.0
2019-03-20,10,0,31,17.0,17.0,0.0,177.605422,0.0
2019-03-20,10,0,32,2.69,2.69,0.0,46.170088,0.0
2019-03-20,10,0,33,0.52,0.52,0.0,5.5585,0.0
2019-03-20,10,0,34,0.83,0.83,0.0,8.872221,0.0
2019-03-20,10,0,35,0.83,0.83,0.0,8.872221,0.0
2019-03-20,10,0,36,3.29,3.29,0.0,34.869839,0.0
2019-03-20,10,0,37,1.44,1.44,0.0,15.261381,0.0
2019-03-20,10,0,38,1.85,1.85,0.0,19.606635,0.0
2019-03-20,10,0,39,1.24,1.24,0.0,13.141744,0.0
2019-03-20,10,0,40,1.24,1.24,0.0,13.141744,0.0
2019-03-20,10,0,41,11.95,11.95,0.0,125.669718,0.0
2019-03-20,10,0,42,14.41,14.41,0.0,153.402799,0.0
2019-03-20,10,0,43,10.41,10.41,0.0,110.436352,0.0
2019-03-20,10,0,46,12.42,12.42,0.0,131.458591,0.0
2019-03-20,10,0,52,18.03,18.03,0.0,188.366221,0.0
2019-03-20,10,0,53,28.75,28.75,0.0,300.36211,0.0
2019-03-20,10,0,55,37.83,37.83,0.0,395.27341,0.0
2019-03-20,10,0,56,117.16,117.16,0.0,1224.014776,0.0
2019-03-20,10,0,57,111.44,111.44,0.0,1164.255775,0.0
2019-03-20,10,0,58,214.32,214.32,0.0,2239.081997,0.0
2019-03-20,10,0,59,210.74,210.74,0.0,2201.680385,0.0
2019-03-20,10,0,63,0.0,0.0,0.0,0.0,0.0
2019-03-20,10,0,64,0.0,0.0,0.0,0.0,0.0
2019-03-20,10,0,65,1.09,1.09,0.0,11.610614,0.0
2019-03-20,10,0,67,180.15,180.15,0.0,2183.408905,0.0
2019-03-20,10,0,68,0.68,0.68,0.0,7.571994,0.0
2019-03-20,10,0,69,0.52,0.52,0.0,5.5585,0.0
2019-03-20,10,0,74,26.74,26.74,0.0,283.731312,0.0
2019-03-20,10,0,77,0.0,0.0,0.0,0.0,0.0
2019-03-20,10,0,78,0.0,0.0,0.0,0.0,0.0
2019-03-20,10,0,79,0.0,0.0,0.0,0.0,0.0
2019-03-20,10,0,80,0.0,0.0,0.0,0.0,0.0
2019-03-20,10,0,81,0.0,0.0,0.0,0.0,0.0
2019-03-20,10,0,82,0.0,0.0,0.0,0.0,0.0
2019-03-20,10,0,83,0.0,0.0,0.0,0.0,0.0
2019-03-20,10,0,84,0.0,0.0,0.0,0.0,0.0
2019-03-20,10,0,86,2.62,2.62,0.0,28.006288,0.0
2019-03-20,10,0,87,13.37,13.37,0.0,142.917587,0.0
2019-03-20,10,0,88,0.0,0.0,0.0,0.0,0.0
2019-03-20,10,0,89,0.0,0.0,0.0,0.0,0.0
2019-03-20,10,0,90,0.0,0.0,0.0,0.0,0.0
2019-03-20,10,0,91,0.0,0.0,0.0,0.0,0.0
2019-03-20,10,0,92,0.0,0.0,0.0,0.0,0.0
2019-03-20,10,0,95,2.28,2.28,0.0,39.066478,0.0
2019-03-20,10,0,96,1.13,1.13,0.0,11.804004,0.0
2019-03-20,10,0,97,6.97,6.97,0.0,72.808766,0.0
2019-03-20,10,0,99,5.5,5.5,0.0,58.359096,0.0
2019-03-20,10,0,101,8.0,8.0,0.0,83.579022,0.0
2019-03-20,10,0,102,1.6,1.6,0.0,17.816457,0.0
2019-03-20,10,0,103,1.39,1.39,0.0,15.478047,0.0
2019-03-20,10,0,104,0.26,0.26,0.0,2.895174,0.0
2019-03-20,10,0,106,172.6,172.6,0.0,1803.441465,0.0
2019-03-20,10,0,109,19.38,19.38,0.0,204.671071,0.0
2019-03-20,10,0,110,54.7,54.7,0.0,827.90115,0.0
2019-03-20,10,0,111,6.68,6.68,0.0,70.248847,0.0
2019-03-20,10,0,113,0.0,0.0,0.0,0.0,0.0
2019-03-20,10,0,115,0.0,0.0,0.0,0.0,0.0
2019-03-20,10,0,116,34.15,34.15,0.0,516.870645,0.0
2019-03-20,10,0,117,0.0,0.0,0.0,0.0,0.0
2019-03-20,10,0,119,0.0,0.0,0.0,0.0,0.0
2019-03-20,10,0,120,0.0,0.0,0.0,0.0,0.0
2019-03-20,10,0,123,2.88,2.88,0.0,30.092187,0.0
2019-03-20,10,0,125,12.28,12.28,0.0,128.30974,0.0
2019-03-20,10,0,126,129.45,129.45,0.0,1352.581099,0.0
2019-03-20,10,0,127,166.13,166.13,0.0,1735.838532,0.0
2019-03-20,10,0,128,17.58,17.58,0.0,183.687723,0.0
2019-03-20,10,0,131,1.18,1.18,0.0,12.829328,0.0
2019-03-20,10,0,132,1.9,1.9,0.0,20.657393,0.0
2019-03-20,10,0,133,11.97,11.97,0.0,127.522716,0.0
2019-03-20,10,0,134,0.0,0.0,0.0,0.0,0.0
2019-03-20,10,0,135,16.04,16.04,0.0,170.88257,0.0
2019-03-20,10,0,136,2.29,2.29,0.0,24.392758,0.0
2019-03-20,10,0,139,15.43,15.43,0.0,162.266423,0.0
2019-03-20,10,0,140,40.48,40.48,0.0,612.677121,0.0
2019-03-20,10,0,141,41.98,41.98,0.0,508.795481,0.0
2019-03-20,10,0,142,237.57,237.57,0.0,2879.336406,0.0
2019-03-20,10,0,143,28.27,28.27,0.0,295.347369,0.0
2019-03-20,10,0,145,4.01,4.01,0.0,42.063021,0.0
2019-03-20,10,0,146,18.98,18.98,0.0,287.268077,0.0
2019-03-20,10,0,152,2.09,2.09,0.0,22.179986,0.0
2019-03-20,10,0,153,2.68,2.68,0.0,28.436376,0.0
2019-03-20,10,0,154,27.56,27.56,0.0,289.829074,0.0
2019-03-20,10,0,157,6.07,6.07,0.0,73.568094,0.0
2019-03-20,10,0,158,215.59,215.59,0.0,2612.939916,0.0
2019-03-20,10,0,159,0.0,0.0,0.0,0.0,0.0
2019-03-20,10,0,160,0.88,0.88,0.0,9.36407,0.0
2019-03-20,10,0,161,37.18,37.18,0.0,414.009908,0.0
2019-03-20,10,0,162,0.0,0.0,0.0,0.0,0.0
2019-03-20,10,0,163,9.09,9.09,0.0,137.579917,0.0
2019-03-20,10,0,164,14.52,14.52,0.0,151.695925,0.0
2019-03-20,10,0,167,2.77,2.77,0.0,47.472669,0.0
2019-03-20,10,0,168,1.38,1.38,0.0,23.650644,0.0
2019-03-20,10,0,169,0.0,0.0,0.0,0.0,0.0
2019-03-20,10,0,170,3.03,3.03,0.0,51.928588,0.0
2019-03-20,10,0,172,5.58,5.58,0.0,94.287626,0.0
2019-03-20,10,0,173,8.5,8.5,0.0,143.628105,0.0
2019-03-20,10,0,188,6.19,6.19,0.0,105.157139,0.0
2019-03-20,10,0,190,2.04,2.04,0.0,34.890328,0.0
2019-03-20,10,0,191,5.26,5.26,0.0,89.962316,0.0
2019-03-20,10,0,192,23.7,23.7,0.0,405.343513,0.0
2019-03-20,10,0,194,2.29,2.29,0.0,20.954078,0.0
2019-03-20,10,0,196,1.93,1.93,0.0,31.531425,0.0
2019-03-20,10,0,198,4.53,4.53,0.0,48.452478,0.0
2019-03-20,10,0,199,2.41,2.41,0.0,24.976051,0.0
2019-03-20,10,0,200,14.88,14.88,0.0,154.208979,0.0
2019-03-20,10,0,204,27.74,27.74,0.0,292.818548,0.0
2019-03-20,10,0,205,114.46,114.46,0.0,1208.805511,0.0
2019-03-20,10,0,206,20.47,20.47,0.0,213.83005,0.0
2019-03-20,10,0,210,1.76,1.76,0.0,18.892578,0.0
2019-03-20,10,0,214,4.64,4.64,0.0,49.697797,0.0
2019-03-20,10,0,217,4.04,4.04,0.0,43.314565,0.0
2019-03-20,10,0,218,5.58,5.58,0.0,59.825562,0.0
2019-03-20,10,0,219,3.8,3.8,0.0,40.741422,0.0
2019-03-20,10,0,221,2.48,2.48,0.0,26.562616,0.0
2019-03-20,10,0,225,3.89,3.89,0.0,41.725639,0.0
2019-03-20,10,0,233,1.48,1.48,0.0,15.820346,0.0
2019-03-20,10,0,236,28.75,28.75,0.0,305.715793,0.0
2019-03-20,10,0,237,62.49,62.49,0.0,663.065434,0.0
2019-03-20,10,0,238,18.75,18.75,0.0,199.604614,0.0
2019-03-20,10,0,240,3.73,3.73,0.0,39.533283,0.0
2019-03-20,10,0,245,30.46,30.46,0.0,324.664782,0.0
2019-03-20,10,0,247,46.39,46.39,0.0,494.45828,0.0
2019-03-20,10,0,248,6.82,6.82,0.0,72.365279,0.0
2019-03-20,10,0,249,58.57,58.57,0.0,624.281558,0.0
2019-03-20,10,0,251,0.0,0.0,0.0,0.0,0.0
2019-03-20,10,0,252,7.06,7.06,0.0,75.202691,0.0
2019-03-20,10,0,254,4.73,4.73,0.0,50.217403,0.0
2019-03-20,10,0,255,2.17,2.17,0.0,23.038428,0.0
2019-03-20,10,0,258,4.76,4.76,0.0,50.457625,0.0
2019-03-20,10,0,260,2.13,2.13,0.0,22.665307,0.0
2019-03-20,10,0,265,28.53,28.53,0.0,300.02988,0.0
2019-03-20,10,0,266,9.99,9.99,0.0,105.057781,0.0
2019-03-20,10,0,267,12.28,12.28,0.0,129.140096,0.0
2019-03-20,10,0,270,28.37,28.37,0.0,429.388585,0.0
2019-03-20,10,0,272,0.0,0.0,0.0,0.0,0.0
2019-03-20,10,0,273,8.17,8.17,0.0,123.655437,0.0
2019-03-20,10,0,274,36.57,36.57,0.0,553.498081,0.0
2019-03-20,10,0,275,50.9,50.9,0.0,770.386993,0.0
2019-03-20,10,0,276,2.88,2.88,0.0,41.650673,0.0
2019-03-20,10,0,277,5.49,5.49,0.0,55.928284,0.0
2019-03-20,10,0,278,8.78,8.78,0.0,89.444505,0.0
2019-03-20,10,0,279,0.0,0.0,0.0,0.0,0.0
2019-03-20,10,0,281,7.58,7.58,0.0,79.191123,0.0
2019-03-20,10,0,282,217.89,217.89,0.0,2276.379136,0.0
2019-03-20,11,0,9,3.25,3.25,0.0,29.154881,0.0
2019-03-20,11,0,17,12.99,12.99,0.0,132.102817,0.0
2019-03-20,11,0,19,101.26,101.26,0.0,1029.77146,0.0
2019-03-20,11,0,20,122.81,122.81,0.0,1248.925864,0.0
2019-03-20,11,0,21,74.39,74.39,0.0,667.332802,0.0
2019-03-20,11,0,22,264.38,264.38,0.0,2371.6823,0.0
2019-03-20,11,0,23,3.23,3.23,0.0,28.975466,0.0
2019-03-20,11,0,24,5.71,5.71,0.0,51.222883,0.0
2019-03-20,11,0,29,7.49,7.49,0.0,77.157826,0.0
2019-03-20,11,0,30,607.48,607.48,0.0,5445.049099,0.0
2019-03-20,11,0,31,12.99,12.99,0.0,116.433772,0.0
2019-03-20,11,0,32,3.9,3.9,0.0,60.013142,0.0
2019-03-20,11,0,33,0.75,0.75,0.0,7.793611,0.0
2019-03-20,11,0,34,1.2,1.2,0.0,12.469778,0.0
2019-03-20,11,0,35,1.2,1.2,0.0,12.469778,0.0
2019-03-20,11,0,36,4.86,4.86,0.0,47.725075,0.0
2019-03-20,11,0,37,2.14,2.14,0.0,21.002942,0.0
2019-03-20,11,0,38,2.76,2.76,0.0,27.087907,0.0
2019-03-20,11,0,39,1.84,1.84,0.0,18.058604,0.0
2019-03-20,11,0,40,1.84,1.84,0.0,18.058604,0.0
2019-03-20,11,0,41,12.95,12.95,0.0,121.191368,0.0
2019-03-20,11,0,42,22.39,22.39,0.0,226.619871,0.0
2019-03-20,11,0,43,15.35,15.35,0.0,151.456303,0.0
2019-03-20,11,0,46,18.0,18.0,0.0,175.216356,0.0
2019-03-20,11,0,52,13.81,13.81,0.0,123.78371,0.0
2019-03-20,11,0,53,22.5,22.5,0.0,201.675125,0.0
2019-03-20,11,0,55,72.43,72.43,0.0,649.750166,0.0
2019-03-20,11,0,56,179.19,179.19,0.0,1606.140693,0.0
2019-03-20,11,0,57,170.44,170.44,0.0,1527.711478,0.0
2019-03-20,11,0,58,327.78,327.78,0.0,2938.003216,0.0
2019-03-20,11,0,59,322.32,322.32,0.0,2889.063386,0.0
2019-03-20,11,0,63,2.53,2.53,0.0,39.026886,0.0
2019-03-20,11,0,64,2.97,2.97,0.0,45.81417,0.0
2019-03-20,11,0,65,3.1,3.1,0.0,31.497992,0.0
2019-03-20,11,0,67,276.43,276.43,0.0,2801.471047,0.0
2019-03-20,11,0,68,0.83,0.83,0.0,7.541267,0.0
2019-03-20,11,0,69,0.75,0.75,0.0,7.793611,0.0
2019-03-20,11,0,74,44.51,44.51,0.0,441.043941,0.0
2019-03-20,11,0,77,0.0,0.0,0.0,0.0,0.0
2019-03-20,11,0,78,0.0,0.0,0.0,0.0,0.0
2019-03-20,11,0,79,0.0,0.0,0.0,0.0,0.0
2019-03-20,11,0,80,0.0,0.0,0.0,0.0,0.0
2019-03-20,11,0,81,0.0,0.0,0.0,0.0,0.0
2019-03-20,11,0,82,0.0,0.0,0.0,0.0,0.0
2019-03-20,11,0,83,0.0,0.0,0.0,0.0,0.0
2019-03-20,11,0,84,0.0,0.0,0.0,0.0,0.0
2019-03-20,11,0,86,3.79,3.79,0.0,39.383714,0.0
2019-03-20,11,0,87,19.36,19.36,0.0,201.179077,0.0
2019-03-20,11,0,88,0.0,0.0,0.0,0.0,0.0
2019-03-20,11,0,89,0.0,0.0,0.0,0.0,0.0
2019-03-20,11,0,90,0.0,0.0,0.0,0.0,0.0
2019-03-20,11,0,91,0.0,0.0,0.0,0.0,0.0
2019-03-20,11,0,92,0.0,0.0,0.0,0.0,0.0
2019-03-20,11,0,95,5.11,5.11,0.0,78.429684,0.0
2019-03-20,11,0,96,0.0,0.0,0.0,0.0,0.0
2019-03-20,11,0,97,0.0,0.0,0.0,0.0,0.0
2019-03-20,11,0,99,9.55,9.55,0.0,94.629738,0.0
2019-03-20,11,0,101,12.24,12.24,0.0,109.711268,0.0
2019-03-20,11,0,102,1.97,1.97,0.0,17.899153,0.0
2019-03-20,11,0,103,1.71,1.71,0.0,15.536828,0.0
2019-03-20,11,0,104,0.32,0.32,0.0,2.907477,0.0
2019-03-20,11,0,106,260.26,260.26,0.0,2334.722881,0.0
2019-03-20,11,0,109,9.17,9.17,0.0,88.106599,0.0
2019-03-20,11,0,110,32.29,32.29,0.0,430.930293,0.0
2019-03-20,11,0,111,10.03,10.03,0.0,93.86482,0.0
2019-03-20,11,0,113,0.0,0.0,0.0,0.0,0.0
2019-03-20,11,0,115,0.0,0.0,0.0,0.0,0.0
2019-03-20,11,0,116,51.18,51.18,0.0,683.029185,0.0
2019-03-20,11,0,117,0.0,0.0,0.0,0.0,0.0
2019-03-20,11,0,119,2.97,2.97,0.0,45.81417,0.0
2019-03-20,11,0,120,1.75,1.75,0.0,26.994881,0.0
2019-03-20,11,0,123,4.34,4.34,0.0,38.93298,0.0
2019-03-20,11,0,125,5.17,5.17,0.0,46.378688,0.0
2019-03-20,11,0,126,195.19,195.19,0.0,1750.997307,0.0
2019-03-20,11,0,127,250.5,250.5,0.0,2247.16853,0.0
2019-03-20,11,0,128,7.41,7.41,0.0,66.473129,0.0
2019-03-20,11,0,131,0.66,0.66,0.0,5.811838,0.0
2019-03-20,11,0,132,0.97,0.97,0.0,8.54164,0.0
2019-03-20,11,0,133,12.86,12.86,0.0,130.791598,0.0
2019-03-20,11,0,134,0.0,0.0,0.0,0.0,0.0
2019-03-20,11,0,135,17.23,17.23,0.0,175.236332,0.0
2019-03-20,11,0,136,4.92,4.92,0.0,49.987948,0.0
2019-03-20,11,0,139,16.72,16.72,0.0,156.472562,0.0
2019-03-20,11,0,140,23.9,23.9,0.0,318.960483,0.0
2019-03-20,11,0,141,55.98,55.98,0.0,567.32753,0.0
2019-03-20,11,0,142,364.55,364.55,0.0,3694.520386,0.0
2019-03-20,11,0,143,25.5,25.5,0.0,228.565141,0.0
2019-03-20,11,0,145,3.66,3.66,0.0,33.681974,0.0
2019-03-20,11,0,146,16.04,16.04,0.0,214.063856,0.0
2019-03-20,11,0,152,3.12,3.12,0.0,30.938467,0.0
2019-03-20,11,0,153,3.92,3.92,0.0,38.826553,0.0
2019-03-20,11,0,154,41.37,41.37,0.0,387.15729,0.0
2019-03-20,11,0,157,5.89,5.89,0.0,59.692018,0.0
2019-03-20,11,0,158,331.46,331.46,0.0,3359.170833,0.0
2019-03-20,11,0,159,0.0,0.0,0.0,0.0,0.0
2019-03-20,11,0,160,1.31,1.31,0.0,13.143809,0.0
2019-03-20,11,0,161,56.65,56.65,0.0,514.714211,0.0
2019-03-20,11,0,162,0.0,0.0,0.0,0.0,0.0
2019-03-20,11,0,163,18.39,18.39,0.0,245.426079,0.0
2019-03-20,11,0,164,21.93,21.93,0.0,196.566022,0.0
2019-03-20,11,0,167,4.04,4.04,0.0,62.015313,0.0
2019-03-20,11,0,168,2.02,2.02,0.0,31.007656,0.0
2019-03-20,11,0,169,0.0,0.0,0.0,0.0,0.0
2019-03-20,11,0,170,4.42,4.42,0.0,67.848436,0.0
2019-03-20,11,0,172,8.23,8.23,0.0,122.250625,0.0
2019-03-20,11,0,173,12.54,12.54,0.0,186.27252,0.0
2019-03-20,11,0,188,9.0,9.0,0.0,136.334747,0.0
2019-03-20,11,0,190,2.98,2.98,0.0,45.968427,0.0
2019-03-20,11,0,191,7.71,7.71,0.0,118.931735,0.0
2019-03-20,11,0,192,20.61,20.61,0.0,317.922575,0.0
2019-03-20,11,0,194,3.94,3.94,0.0,26.652925,0.0
2019-03-20,11,0,196,2.87,2.87,0.0,42.021089,0.0
2019-03-20,11,0,198,6.65,6.65,0.0,68.494758,0.0
2019-03-20,11,0,199,4.68,4.68,0.0,45.918474,0.0
2019-03-20,11,0,200,21.27,21.27,0.0,208.693576,0.0
2019-03-20,11,0,204,27.23,27.23,0.0,260.804154,0.0
2019-03-20,11,0,205,59.93,59.93,0.0,575.815539,0.0
2019-03-20,11,0,206,0.0,0.0,0.0,0.0,0.0
2019-03-20,11,0,210,2.52,2.52,0.0,26.092991,0.0
2019-03-20,11,0,214,6.79,6.79,0.0,71.44967,0.0
2019-03-20,11,0,217,5.79,5.79,0.0,60.512068,0.0
2019-03-20,11,0,218,8.0,8.0,0.0,83.609075,0.0
2019-03-20,11,0,219,5.45,5.45,0.0,56.958682,0.0
2019-03-20,11,0,221,3.62,3.62,0.0,38.092461,0.0
2019-03-20,11,0,225,5.6,5.6,0.0,57.659476,0.0
2019-03-20,11,0,233,2.15,2.15,0.0,22.341685,0.0
2019-03-20,11,0,236,33.81,33.81,0.0,339.701361,0.0
2019-03-20,11,0,237,99.23,99.23,0.0,983.257475,0.0
2019-03-20,11,0,238,29.14,29.14,0.0,294.939841,0.0
2019-03-20,11,0,240,5.51,5.51,0.0,54.108058,0.0
2019-03-20,11,0,245,31.62,31.62,0.0,322.601016,0.0
2019-03-20,11,0,247,51.78,51.78,0.0,528.28212,0.0
2019-03-20,11,0,248,11.81,11.81,0.0,117.023791,0.0
2019-03-20,11,0,249,60.8,60.8,0.0,620.308089,0.0
2019-03-20,11,0,251,10.68,10.68,0.0,108.358984,0.0
2019-03-20,11,0,252,19.97,19.97,0.0,202.908033,0.0
2019-03-20,11,0,254,7.06,7.06,0.0,69.95515,0.0
2019-03-20,11,0,255,3.24,3.24,0.0,32.104063,0.0
2019-03-20,11,0,258,7.04,7.04,0.0,69.185929,0.0
2019-03-20,11,0,260,3.18,3.18,0.0,31.906346,0.0
2019-03-20,11,0,265,42.83,42.83,0.0,400.820563,0.0
2019-03-20,11,0,266,10.83,10.83,0.0,101.351546,0.0
2019-03-20,11,0,267,13.31,13.31,0.0,124.560395,0.0
2019-03-20,11,0,270,62.23,62.23,0.0,830.498363,0.0
2019-03-20,11,0,272,0.0,0.0,0.0,0.0,0.0
2019-03-20,11,0,273,12.24,12.24,0.0,163.350473,0.0
2019-03-20,11,0,274,81.26,81.26,0.0,1084.465643,0.0
2019-03-20,11,0,275,114.66,114.66,0.0,1530.209582,0.0
2019-03-20,11,0,276,4.37,4.37,0.0,55.18717,0.0
2019-03-20,11,0,277,8.19,8.19,0.0,65.838056,0.0
2019-03-20,11,0,278,13.11,13.11,0.0,105.389123,0.0
2019-03-20,11,0,279,0.0,0.0,0.0,0.0,0.0
2019-03-20,11,0,281,5.67,5.67,0.0,50.822131,0.0
2019-03-20,11,0,282,333.24,333.24,0.0,2986.943047,0.0
2019-03-20,12,0,9,4.17,4.17,0.0,-1612.015694,0.0
2019-03-20,12,0,17,16.19,16.19,0.0,226.20019,0.0
2019-03-20,12,0,19,103.01,103.01,0.0,1439.214427,0.0
2019-03-20,12,0,20,124.93,124.93,0.0,1745.47188,0.0
2019-03-20,12,0,21,95.41,95.41,0.0,-36883.073697,0.0
2019-03-20,12,0,22,339.08,339.08,0.0,-131079.683778,0.0
2019-03-20,12,0,23,2.05,2.05,0.0,-792.477739,0.0
2019-03-20,12,0,24,3.43,3.43,0.0,-1325.950558,0.0
2019-03-20,12,0,29,9.11,9.11,0.0,47.556096,0.0
2019-03-20,12,0,30,772.21,772.21,0.0,-772210.0,0.0
2019-03-20,12,0,31,9.21,9.21,0.0,-9210.0,0.0
2019-03-20,12,0,32,4.74,4.74,0.0,135.972772,0.0
2019-03-20,12,0,33,0.97,0.97,0.0,17.411758,0.0
2019-03-20,12,0,34,1.55,1.55,0.0,27.822912,0.0
2019-03-20,12,0,35,1.55,1.55,0.0,27.822912,0.0
2019-03-20,12,0,36,6.33,6.33,0.0,50.092996,0.0
2019-03-20,12,0,37,2.8,2.8,0.0,22.059623,0.0
2019-03-20,12,0,38,3.6,3.6,0.0,28.362372,0.0
2019-03-20,12,0,39,2.4,2.4,0.0,18.908248,0.0
2019-03-20,12,0,40,2.4,2.4,0.0,18.908248,0.0
2019-03-20,12,0,41,14.62,14.62,0.0,-74.656026,0.0
2019-03-20,12,0,42,29.68,29.68,0.0,389.079976,0.0
2019-03-20,12,0,43,19.8,19.8,0.0,166.533185,0.0
2019-03-20,12,0,46,22.88,22.88,0.0,163.624442,0.0
2019-03-20,12,0,52,9.76,9.76,0.0,-9760.0,0.0
2019-03-20,12,0,53,15.51,15.51,0.0,-15510.0,0.0
2019-03-20,12,0,55,85.24,85.24,0.0,-32951.610963,0.0
2019-03-20,12,0,56,227.77,227.77,0.0,-227770.0,0.0
2019-03-20,12,0,57,216.66,216.66,0.0,-216660.0,0.0
2019-03-20,12,0,58,416.66,416.66,0.0,-416660.0,0.0
2019-03-20,12,0,59,409.71,409.71,0.0,-409710.0,0.0
2019-03-20,12,0,63,5.23,5.23,0.0,150.835474,0.0
2019-03-20,12,0,64,6.15,6.15,0.0,177.368674,0.0
2019-03-20,12,0,65,6.76,6.76,0.0,93.365006,0.0
2019-03-20,12,0,67,359.15,359.15,0.0,5240.511153,0.0
2019-03-20,12,0,68,1.22,1.22,0.0,12.437213,0.0
2019-03-20,12,0,69,0.97,0.97,0.0,17.411758,0.0
2019-03-20,12,0,74,84.17,84.17,0.0,760.415719,0.0
2019-03-20,12,0,77,0.0,0.0,0.0,0.0,0.0
2019-03-20,12,0,78,0.0,0.0,0.0,0.0,0.0
2019-03-20,12,0,79,0.0,0.0,0.0,0.0,0.0
2019-03-20,12,0,80,0.0,0.0,0.0,0.0,0.0
2019-03-20,12,0,81,0.0,0.0,0.0,0.0,0.0
2019-03-20,12,0,82,0.0,0.0,0.0,0.0,0.0
2019-03-20,12,0,83,0.0,0.0,0.0,0.0,0.0
2019-03-20,12,0,84,0.0,0.0,0.0,0.0,0.0
2019-03-20,12,0,86,4.9,4.9,0.0,87.956304,0.0
2019-03-20,12,0,87,25.0,25.0,0.0,448.756651,0.0
2019-03-20,12,0,88,0.0,0.0,0.0,0.0,0.0
2019-03-20,12,0,89,0.0,0.0,0.0,0.0,0.0
2019-03-20,12,0,90,0.0,0.0,0.0,0.0,0.0
2019-03-20,12,0,91,0.0,0.0,0.0,0.0,0.0
2019-03-20,12,0,92,0.0,0.0,0.0,0.0,0.0
2019-03-20,12,0,95,13.95,13.95,0.0,399.565958,0.0
2019-03-20,12,0,96,0.0,0.0,0.0,0.0,0.0
2019-03-20,12,0,97,0.0,0.0,0.0,0.0,0.0
2019-03-20,12,0,99,16.25,16.25,0.0,146.807122,0.0
2019-03-20,12,0,101,15.56,15.56,0.0,-15560.0,0.0
2019-03-20,12,0,102,2.88,2.88,0.0,29.359979,0.0
2019-03-20,12,0,103,2.51,2.51,0.0,25.588037,0.0
2019-03-20,12,0,104,0.47,0.47,0.0,4.791385,0.0
2019-03-20,12,0,106,333.8,333.8,0.0,-129038.570382,0.0
2019-03-20,12,0,109,7.02,7.02,0.0,41.683574,0.0
2019-03-20,12,0,110,19.85,19.85,0.0,556.919743,0.0
2019-03-20,12,0,111,13.54,13.54,0.0,-69.14108,0.0
2019-03-20,12,0,113,1.09,1.09,0.0,36.272035,0.0
2019-03-20,12,0,115,1.09,1.09,0.0,36.272035,0.0
2019-03-20,12,0,116,65.63,65.63,0.0,1841.342204,0.0
2019-03-20,12,0,117,0.07,0.07,0.0,2.329397,0.0
2019-03-20,12,0,119,6.15,6.15,0.0,177.368674,0.0
2019-03-20,12,0,120,3.62,3.62,0.0,104.402374,0.0
2019-03-20,12,0,123,5.56,5.56,0.0,-2149.354258,0.0
2019-03-20,12,0,125,3.14,3.14,0.0,-1213.843951,0.0
2019-03-20,12,0,126,250.35,250.35,0.0,-96778.927786,0.0
2019-03-20,12,0,127,321.28,321.28,0.0,-124198.657556,0.0
2019-03-20,12,0,128,4.31,4.31,0.0,-1666.136124,0.0
2019-03-20,12,0,131,0.61,0.61,0.0,23.324225,0.0
2019-03-20,12,0,132,0.9,0.9,0.0,34.412792,0.0
2019-03-20,12,0,133,14.05,14.05,0.0,196.513039,0.0
2019-03-20,12,0,134,0.0,0.0,0.0,0.0,0.0
2019-03-20,12,0,135,18.82,18.82,0.0,263.229565,0.0
2019-03-20,12,0,136,9.04,9.04,0.0,124.775471,0.0
2019-03-20,12,0,139,18.88,18.88,0.0,-96.409423,0.0
2019-03-20,12,0,140,14.69,14.69,0.0,412.148666,0.0
2019-03-20,12,0,141,74.23,74.23,0.0,1083.121656,0.0
2019-03-20,12,0,142,473.63,473.63,0.0,6910.937762,0.0
2019-03-20,12,0,143,28.84,28.84,0.0,-28840.0,0.0
2019-03-20,12,0,145,1.53,1.53,0.0,3.352805,0.0
2019-03-20,12,0,146,13.33,13.33,0.0,373.991948,0.0
2019-03-20,12,0,152,4.06,4.06,0.0,38.933885,0.0
2019-03-20,12,0,153,5.13,5.13,0.0,48.196456,0.0
2019-03-20,12,0,154,55.84,55.84,0.0,-285.143125,0.0
2019-03-20,12,0,157,5.63,5.63,0.0,82.149736,0.0
2019-03-20,12,0,158,435.28,435.28,0.0,6351.356521,0.0
2019-03-20,12,0,159,0.0,0.0,0.0,0.0,0.0
2019-03-20,12,0,160,1.68,1.68,0.0,16.905297,0.0
2019-03-20,12,0,161,72.62,72.62,0.0,740.320015,0.0
2019-03-20,12,0,162,8.36,8.36,0.0,239.500209,0.0
2019-03-20,12,0,163,27.3,27.3,0.0,765.94,0.0
2019-03-20,12,0,164,28.74,28.74,0.0,-28740.0,0.0
2019-03-20,12,0,167,5.02,5.02,0.0,143.783459,0.0
2019-03-20,12,0,168,2.51,2.51,0.0,71.891729,0.0
2019-03-20,12,0,169,0.0,0.0,0.0,0.0,0.0
2019-03-20,12,0,170,5.49,5.49,0.0,157.245257,0.0
2019-03-20,12,0,172,9.99,9.99,0.0,277.001856,0.0
2019-03-20,12,0,173,15.23,15.23,0.0,422.296124,0.0
2019-03-20,12,0,188,10.88,10.88,0.0,310.631911,0.0
2019-03-20,12,0,190,3.72,3.72,0.0,107.286418,0.0
2019-03-20,12,0,191,9.62,9.62,0.0,277.444983,0.0
2019-03-20,12,0,192,17.77,17.77,0.0,512.494527,0.0
2019-03-20,12,0,194,7.42,7.42,0.0,230.01252,0.0
2019-03-20,12,0,196,3.73,3.73,0.0,106.47191,0.0
2019-03-20,12,0,198,8.34,8.34,0.0,100.144129,0.0
2019-03-20,12,0,199,13.17,13.17,0.0,280.120381,0.0
2019-03-20,12,0,200,26.17,26.17,0.0,556.624934,0.0
2019-03-20,12,0,204,29.24,29.24,0.0,165.675773,0.0
2019-03-20,12,0,205,37.13,37.13,0.0,220.471666,0.0
2019-03-20,12,0,206,0.0,0.0,0.0,0.0,0.0
2019-03-20,12,0,210,3.09,3.09,0.0,19.831259,0.0
2019-03-20,12,0,214,8.71,8.71,0.0,176.768607,0.0
2019-03-20,12,0,217,7.25,7.25,0.0,103.456197,0.0
2019-03-20,12,0,218,10.0,10.0,0.0,142.698203,0.0
2019-03-20,12,0,219,6.81,6.81,0.0,97.177476,0.0
2019-03-20,12,0,221,4.64,4.64,0.0,94.168351,0.0
2019-03-20,12,0,225,6.89,6.89,0.0,35.170316,0.0
2019-03-20,12,0,233,2.77,2.77,0.0,49.722237,0.0
2019-03-20,12,0,236,41.18,41.18,0.0,486.78258,0.0
2019-03-20,12,0,237,201.91,201.91,0.0,1824.112366,0.0
2019-03-20,12,0,238,38.63,38.63,0.0,506.406991,0.0
2019-03-20,12,0,240,7.17,7.17,0.0,56.740408,0.0
2019-03-20,12,0,245,34.18,34.18,0.0,497.685751,0.0
2019-03-20,12,0,247,58.24,58.24,0.0,848.016914,0.0
2019-03-20,12,0,248,20.27,20.27,0.0,183.124945,0.0
2019-03-20,12,0,249,65.72,65.72,0.0,956.931174,0.0
2019-03-20,12,0,251,27.63,27.63,0.0,374.341101,0.0
2019-03-20,12,0,252,43.58,43.58,0.0,601.900437,0.0
2019-03-20,12,0,254,9.31,9.31,0.0,82.163446,0.0
2019-03-20,12,0,255,4.27,4.27,0.0,37.683986,0.0
2019-03-20,12,0,258,9.07,9.07,0.0,72.504531,0.0
2019-03-20,12,0,260,4.08,4.08,0.0,41.05572,0.0
2019-03-20,12,0,265,57.82,57.82,0.0,-295.253859,0.0
2019-03-20,12,0,266,12.22,12.22,0.0,-62.400591,0.0
2019-03-20,12,0,267,15.02,15.02,0.0,-76.698599,0.0
2019-03-20,12,0,270,85.27,85.27,0.0,2392.370101,0.0
2019-03-20,12,0,272,3.64,3.64,0.0,121.128632,0.0
2019-03-20,12,0,273,15.7,15.7,0.0,440.485641,0.0
2019-03-20,12,0,274,109.92,109.92,0.0,3083.960613,0.0
2019-03-20,12,0,275,153.01,153.01,0.0,4292.911331,0.0
2019-03-20,12,0,276,5.62,5.62,0.0,140.780797,0.0
2019-03-20,12,0,277,10.43,10.43,0.0,360.309048,0.0
2019-03-20,12,0,278,16.68,16.68,0.0,576.218113,0.0
2019-03-20,12,0,279,5.8,5.8,0.0,200.363612,0.0
2019-03-20,12,0,281,4.13,4.13,0.0,-4130.0,0.0
2019-03-20,12,0,282,423.6,423.6,0.0,-423600.0,0.0
2019-03-20,13,0,9,4.67,4.67,0.0,-1805.711946,0.0
2019-03-20,13,0,17,33.68,33.68,0.0,461.329637,0.0
2019-03-20,13,0,19,107.52,107.52,0.0,1472.748296,0.0
2019-03-20,13,0,20,130.4,130.4,0.0,1786.145626,0.0
2019-03-20,13,0,21,106.74,106.74,0.0,-41272.31116,0.0
2019-03-20,13,0,22,379.36,379.36,0.0,-146684.1293,0.0
2019-03-20,13,0,23,3.95,3.95,0.0,-1527.315243,0.0
2019-03-20,13,0,24,6.9,6.9,0.0,-2667.9684,0.0
2019-03-20,13,0,29,9.89,9.89,0.0,52.694524,0.0
2019-03-20,13,0,30,880.9,880.9,0.0,-880900.0,0.0
2019-03-20,13,0,31,6.67,6.67,0.0,-6670.0,0.0
2019-03-20,13,0,32,4.74,4.74,0.0,135.683142,0.0
2019-03-20,13,0,33,1.14,1.14,0.0,20.10638,0.0
2019-03-20,13,0,34,1.83,1.83,0.0,32.27603,0.0
2019-03-20,13,0,35,1.83,1.83,0.0,32.27603,0.0
2019-03-20,13,0,36,8.47,8.47,0.0,65.36333,0.0
2019-03-20,13,0,37,3.63,3.63,0.0,27.898307,0.0
2019-03-20,13,0,38,4.66,4.66,0.0,35.814355,0.0
2019-03-20,13,0,39,3.11,3.11,0.0,23.901855,0.0
2019-03-20,13,0,40,3.11,3.11,0.0,23.901855,0.0
2019-03-20,13,0,41,16.99,16.99,0.0,-89.692702,0.0
2019-03-20,13,0,42,29.4,29.4,0.0,377.59709,0.0
2019-03-20,13,0,43,26.85,26.85,0.0,220.8153,0.0
2019-03-20,13,0,46,29.05,29.05,0.0,202.386137,0.0
2019-03-20,13,0,52,7.07,7.07,0.0,-7070.0,0.0
2019-03-20,13,0,53,11.24,11.24,0.0,-11240.0,0.0
2019-03-20,13,0,55,84.87,84.87,0.0,-32816.011318,0.0
2019-03-20,13,0,56,259.83,259.83,0.0,-259830.0,0.0
2019-03-20,13,0,57,247.16,247.16,0.0,-247160.0,0.0
2019-03-20,13,0,58,475.31,475.31,0.0,-475310.0,0.0
2019-03-20,13,0,59,467.39,467.39,0.0,-467390.0,0.0
2019-03-20,13,0,63,9.39,9.39,0.0,270.228315,0.0
2019-03-20,13,0,64,11.05,11.05,0.0,318.000307,0.0
2019-03-20,13,0,65,12.61,12.61,0.0,170.724212,0.0
2019-03-20,13,0,67,360.64,360.64,0.0,5261.404285,0.0
2019-03-20,13,0,68,1.9,1.9,0.0,19.400332,0.0
2019-03-20,13,0,69,1.14,1.14,0.0,20.10638,0.0
2019-03-20,13,0,74,107.68,107.68,0.0,947.959399,0.0
2019-03-20,13,0,77,0.0,0.0,0.0,0.0,0.0
2019-03-20,13,0,78,0.0,0.0,0.0,0.0,0.0
2019-03-20,13,0,79,0.0,0.0,0.0,0.0,0.0
2019-03-20,13,0,80,0.0,0.0,0.0,0.0,0.0
2019-03-20,13,0,81,0.0,0.0,0.0,0.0,0.0
2019-03-20,13,0,82,0.0,0.0,0.0,0.0,0.0
2019-03-20,13,0,83,0.0,0.0,0.0,0.0,0.0
2019-03-20,13,0,84,0.0,0.0,0.0,0.0,0.0
2019-03-20,13,0,86,5.79,5.79,0.0,102.119244,0.0
2019-03-20,13,0,87,29.55,29.55,0.0,521.178523,0.0
2019-03-20,13,0,88,1.05,1.05,0.0,38.159953,0.0
2019-03-20,13,0,89,1.01,1.01,0.0,36.706241,0.0
2019-03-20,13,0,90,1.36,1.36,0.0,49.426225,0.0
2019-03-20,13,0,91,4.84,4.84,0.0,175.899213,0.0
2019-03-20,13,0,92,1.74,1.74,0.0,63.236494,0.0
2019-03-20,13,0,95,27.79,27.79,0.0,794.288854,0.0
2019-03-20,13,0,96,0.0,0.0,0.0,0.0,0.0
2019-03-20,13,0,97,0.0,0.0,0.0,0.0,0.0
2019-03-20,13,0,99,20.78,20.78,0.0,182.936444,0.0
2019-03-20,13,0,101,17.74,17.74,0.0,-17740.0,0.0
2019-03-20,13,0,102,4.51,4.51,0.0,46.050262,0.0
2019-03-20,13,0,103,3.92,3.92,0.0,40.025948,0.0
2019-03-20,13,0,104,0.73,0.73,0.0,7.453812,0.0
2019-03-20,13,0,106,373.44,373.44,0.0,-144395.089746,0.0
2019-03-20,13,0,109,8.15,8.15,0.0,46.87877,0.0
2019-03-20,13,0,110,14.29,14.29,0.0,400.077862,0.0
2019-03-20,13,0,111,22.13,22.13,0.0,-116.827516,0.0
2019-03-20,13,0,113,2.82,2.82,0.0,93.607743,0.0
2019-03-20,13,0,115,2.82,2.82,0.0,93.607743,0.0
2019-03-20,13,0,116,138.93,138.93,0.0,3889.630324,0.0
2019-03-20,13,0,117,0.19,0.19,0.0,6.306905,0.0
2019-03-20,13,0,119,11.05,11.05,0.0,318.000307,0.0
2019-03-20,13,0,120,6.5,6.5,0.0,187.059004,0.0
2019-03-20,13,0,123,6.22,6.22,0.0,-2405.038181,0.0
2019-03-20,13,0,125,6.27,6.27,0.0,-2424.371285,0.0
2019-03-20,13,0,126,280.08,280.08,0.0,-108296.317309,0.0
2019-03-20,13,0,127,359.44,359.44,0.0,-138981.820529,0.0
2019-03-20,13,0,128,8.85,8.85,0.0,-3421.959469,0.0
2019-03-20,13,0,131,0.72,0.72,0.0,27.454621,0.0
2019-03-20,13,0,132,1.05,1.05,0.0,40.037988,0.0
2019-03-20,13,0,133,15.62,15.62,0.0,214.187409,0.0
2019-03-20,13,0,134,0.0,0.0,0.0,0.0,0.0
2019-03-20,13,0,135,20.93,20.93,0.0,287.000158,0.0
2019-03-20,13,0,136,15.06,15.06,0.0,203.763103,0.0
2019-03-20,13,0,139,21.95,21.95,0.0,-115.877269,0.0
2019-03-20,13,0,140,10.58,10.58,0.0,296.208802,0.0
2019-03-20,13,0,141,96.95,96.95,0.0,1414.410896,0.0
2019-03-20,13,0,142,475.59,475.59,0.0,6938.418544,0.0
2019-03-20,13,0,143,38.53,38.53,0.0,-38530.0,0.0
2019-03-20,13,0,145,3.69,3.69,0.0,7.502108,0.0
2019-03-20,13,0,146,11.05,11.05,0.0,309.367416,0.0
2019-03-20,13,0,152,5.12,5.12,0.0,47.930224,0.0
2019-03-20,13,0,153,6.62,6.62,0.0,60.697906,0.0
2019-03-20,13,0,154,91.29,91.29,0.0,-481.933298,0.0
2019-03-20,13,0,157,5.47,5.47,0.0,79.802244,0.0
2019-03-20,13,0,158,498.29,498.29,0.0,7269.590564,0.0
2019-03-20,13,0,159,0.0,0.0,0.0,0.0,0.0
2019-03-20,13,0,160,2.13,2.13,0.0,21.060388,0.0
2019-03-20,13,0,161,69.82,69.82,0.0,712.911153,0.0
2019-03-20,13,0,162,22.87,22.87,0.0,653.794329,0.0
2019-03-20,13,0,163,19.58,19.58,0.0,548.182263,0.0
2019-03-20,13,0,164,32.54,32.54,0.0,-32540.0,0.0
2019-03-20,13,0,167,5.3,5.3,0.0,151.480547,0.0
2019-03-20,13,0,168,2.65,2.65,0.0,75.740273,0.0
2019-03-20,13,0,169,0.0,0.0,0.0,0.0,0.0
2019-03-20,13,0,170,5.8,5.8,0.0,165.771164,0.0
2019-03-20,13,0,172,8.0,8.0,0.0,221.373018,0.0
2019-03-20,13,0,173,12.19,12.19,0.0,337.317136,0.0
2019-03-20,13,0,188,9.79,9.79,0.0,278.92043,0.0
2019-03-20,13,0,190,12.69,12.69,0.0,365.196733,0.0
2019-03-20,13,0,191,32.79,32.79,0.0,943.64073,0.0
2019-03-20,13,0,192,15.24,15.24,0.0,438.581419,0.0
2019-03-20,13,0,194,13.44,13.44,0.0,415.658675,0.0
2019-03-20,13,0,196,6.69,6.69,0.0,190.555069,0.0
2019-03-20,13,0,198,9.32,9.32,0.0,110.684628,0.0
2019-03-20,13,0,199,12.12,12.12,0.0,257.497631,0.0
2019-03-20,13,0,200,24.83,24.83,0.0,527.530212,0.0
2019-03-20,13,0,204,34.12,34.12,0.0,187.113675,0.0
2019-03-20,13,0,205,43.09,43.09,0.0,247.853519,0.0
2019-03-20,13,0,206,0.0,0.0,0.0,0.0,0.0
2019-03-20,13,0,210,3.1,3.1,0.0,20.170607,0.0
2019-03-20,13,0,214,10.97,10.97,0.0,218.946869,0.0
2019-03-20,13,0,217,9.32,9.32,0.0,131.590784,0.0
2019-03-20,13,0,218,12.86,12.86,0.0,181.572691,0.0
2019-03-20,13,0,219,8.76,8.76,0.0,123.684041,0.0
2019-03-20,13,0,221,5.85,5.85,0.0,116.758358,0.0
2019-03-20,13,0,225,7.83,7.83,0.0,40.82751,0.0
2019-03-20,13,0,233,3.27,3.27,0.0,57.673562,0.0
2019-03-20,13,0,236,102.98,102.98,0.0,1191.323182,0.0
2019-03-20,13,0,237,258.32,258.32,0.0,2274.116567,0.0
2019-03-20,13,0,238,38.26,38.26,0.0,491.389954,0.0
2019-03-20,13,0,240,9.59,9.59,0.0,74.006415,0.0
2019-03-20,13,0,245,37.92,37.92,0.0,541.528032,0.0
2019-03-20,13,0,247,66.24,66.24,0.0,945.960359,0.0
2019-03-20,13,0,248,25.93,25.93,0.0,228.274398,0.0
2019-03-20,13,0,249,72.92,72.92,0.0,1041.35612,0.0
2019-03-20,13,0,251,59.36,59.36,0.0,788.201942,0.0
2019-03-20,13,0,252,81.34,81.34,0.0,1101.245629,0.0
2019-03-20,13,0,254,10.6,10.6,0.0,91.599452,0.0
2019-03-20,13,0,255,4.86,4.86,0.0,41.997485,0.0
2019-03-20,13,0,258,12.25,12.25,0.0,95.536815,0.0
2019-03-20,13,0,260,5.17,5.17,0.0,51.118407,0.0
2019-03-20,13,0,265,94.51,94.51,0.0,-498.93215,0.0
2019-03-20,13,0,266,14.21,14.21,0.0,-75.016674,0.0
2019-03-20,13,0,267,17.46,17.46,0.0,-92.173901,0.0
2019-03-20,13,0,270,60.93,60.93,0.0,1705.86033,0.0
2019-03-20,13,0,272,9.41,9.41,0.0,312.357751,0.0
2019-03-20,13,0,273,33.22,33.22,0.0,930.062041,0.0
2019-03-20,13,0,274,78.51,78.51,0.0,2198.04849,0.0
2019-03-20,13,0,275,109.24,109.24,0.0,3058.397874,0.0
2019-03-20,13,0,276,6.81,6.81,0.0,170.2727,0.0
2019-03-20,13,0,277,10.65,10.65,0.0,366.962263,0.0
2019-03-20,13,0,278,17.05,17.05,0.0,587.484187,0.0
2019-03-20,13,0,279,19.88,19.88,0.0,684.996225,0.0
2019-03-20,13,0,281,2.99,2.99,0.0,-2990.0,0.0
2019-03-20,13,0,282,483.23,483.23,0.0,-483230.0,0.0
2019-03-20,14,0,9,4.84,4.84,0.0,-1874.046059,0.0
2019-03-20,14,0,17,34.31,34.31,0.0,464.504015,0.0
2019-03-20,14,0,19,108.59,108.59,0.0,1470.139639,0.0
2019-03-20,14,0,20,131.7,131.7,0.0,1783.013081,0.0
2019-03-20,14,0,21,110.66,110.66,0.0,-42847.50763,0.0
2019-03-20,14,0,22,393.27,393.27,0.0,-152273.986316,0.0
2019-03-20,14,0,23,4.56,4.56,0.0,-1765.630172,0.0
2019-03-20,14,0,24,7.85,7.85,0.0,-3039.516853,0.0
2019-03-20,14,0,29,9.89,9.89,0.0,50.320285,0.0
2019-03-20,14,0,30,936.55,936.55,0.0,-936550.0,0.0
2019-03-20,14,0,31,13.96,13.96,0.0,-13960.0,0.0
2019-03-20,14,0,32,4.73,4.73,0.0,127.490679,0.0
2019-03-20,14,0,33,1.16,1.16,0.0,20.435001,0.0
2019-03-20,14,0,34,1.86,1.86,0.0,32.766466,0.0
2019-03-20,14,0,35,1.86,1.86,0.0,32.766466,0.0
2019-03-20,14,0,36,8.76,8.76,0.0,64.238318,0.0
2019-03-20,14,0,37,3.66,3.66,0.0,26.706891,0.0
2019-03-20,14,0,38,4.71,4.71,0.0,34.368704,0.0
2019-03-20,14,0,39,3.14,3.14,0.0,22.912469,0.0
2019-03-20,14,0,40,3.14,3.14,0.0,22.912469,0.0
2019-03-20,14,0,41,20.55,20.55,0.0,-121.687289,0.0
2019-03-20,14,0,42,30.54,30.54,0.0,386.468141,0.0
2019-03-20,14,0,43,27.44,27.44,0.0,215.731245,0.0
2019-03-20,14,0,46,29.42,29.42,0.0,192.116227,0.0
2019-03-20,14,0,52,14.8,14.8,0.0,-14800.0,0.0
2019-03-20,14,0,53,23.51,23.51,0.0,-23510.0,0.0
2019-03-20,14,0,55,130.37,130.37,0.0,-50479.211728,0.0
2019-03-20,14,0,56,276.25,276.25,0.0,-276250.0,0.0
2019-03-20,14,0,57,262.77,262.77,0.0,-262770.0,0.0
2019-03-20,14,0,58,505.33,505.33,0.0,-505330.0,0.0
2019-03-20,14,0,59,496.91,496.91,0.0,-496910.0,0.0
2019-03-20,14,0,63,11.15,11.15,0.0,303.158688,0.0
2019-03-20,14,0,64,13.12,13.12,0.0,356.721254,0.0
2019-03-20,14,0,65,12.59,12.59,0.0,168.38167,0.0
2019-03-20,14,0,67,366.38,366.38,0.0,4964.924746,0.0
2019-03-20,14,0,68,2.25,2.25,0.0,20.952013,0.0
2019-03-20,14,0,69,1.16,1.16,0.0,20.435001,0.0
2019-03-20,14,0,74,119.02,119.02,0.0,1009.693948,0.0
2019-03-20,14,0,77,2.56,2.56,0.0,89.624013,0.0
2019-03-20,14,0,78,1.94,1.94,0.0,67.918198,0.0
2019-03-20,14,0,79,1.12,1.12,0.0,39.210506,0.0
2019-03-20,14,0,80,1.81,1.81,0.0,63.366978,0.0
2019-03-20,14,0,81,2.37,2.37,0.0,82.972231,0.0
2019-03-20,14,0,82,1.67,1.67,0.0,58.465665,0.0
2019-03-20,14,0,83,3.73,3.73,0.0,130.584988,0.0
2019-03-20,14,0,84,0.0,0.0,0.0,0.0,0.0
2019-03-20,14,0,86,5.88,5.88,0.0,103.584313,0.0
2019-03-20,14,0,87,30.02,30.02,0.0,528.843723,0.0
2019-03-20,14,0,88,1.94,1.94,0.0,67.918198,0.0
2019-03-20,14,0,89,1.86,1.86,0.0,65.117447,0.0
2019-03-20,14,0,90,2.5,2.5,0.0,87.52345,0.0
2019-03-20,14,0,91,8.91,8.91,0.0,311.933578,0.0
2019-03-20,14,0,92,3.2,3.2,0.0,112.030017,0.0
2019-03-20,14,0,95,28.97,28.97,0.0,779.459938,0.0
2019-03-20,14,0,96,0.0,0.0,0.0,0.0,0.0
2019-03-20,14,0,97,0.0,0.0,0.0,0.0,0.0
2019-03-20,14,0,99,22.97,22.97,0.0,194.863636,0.0
2019-03-20,14,0,101,18.87,18.87,0.0,-18870.0,0.0
2019-03-20,14,0,102,5.31,5.31,0.0,49.44675,0.0
2019-03-20,14,0,103,4.62,4.62,0.0,43.021466,0.0
2019-03-20,14,0,104,0.87,0.87,0.0,8.101445,0.0
2019-03-20,14,0,106,387.14,387.14,0.0,-149900.452774,0.0
2019-03-20,14,0,109,8.66,8.66,0.0,45.428524,0.0
2019-03-20,14,0,110,39.0,39.0,0.0,1034.80108,0.0
2019-03-20,14,0,111,23.06,23.06,0.0,-136.550311,0.0
2019-03-20,14,0,113,4.05,4.05,0.0,128.782139,0.0
2019-03-20,14,0,115,4.05,4.05,0.0,128.782139,0.0
2019-03-20,14,0,116,144.07,144.07,0.0,3822.661324,0.0
2019-03-20,14,0,117,0.27,0.27,0.0,8.585476,0.0
2019-03-20,14,0,119,13.12,13.12,0.0,356.721254,0.0
2019-03-20,14,0,120,7.71,7.71,0.0,209.628115,0.0
2019-03-20,14,0,123,6.45,6.45,0.0,-2497.437414,0.0
2019-03-20,14,0,125,7.15,7.15,0.0,-2768.477133,0.0
2019-03-20,14,0,126,290.36,290.36,0.0,-112427.275579,0.0
2019-03-20,14,0,127,372.62,372.62,0.0,-144278.314596,0.0
2019-03-20,14,0,128,9.93,9.93,0.0,-3844.892019,0.0
2019-03-20,14,0,131,2.56,2.56,0.0,93.930523,0.0
2019-03-20,14,0,132,3.76,3.76,0.0,137.960456,0.0
2019-03-20,14,0,133,17.03,17.03,0.0,230.823167,0.0
2019-03-20,14,0,134,0.0,0.0,0.0,0.0,0.0
2019-03-20,14,0,135,22.81,22.81,0.0,309.164793,0.0
2019-03-20,14,0,136,14.41,14.41,0.0,192.592886,0.0
2019-03-20,14,0,139,26.53,26.53,0.0,-157.097994,0.0
2019-03-20,14,0,140,28.86,28.86,0.0,765.752799,0.0
2019-03-20,14,0,141,94.99,94.99,0.0,1287.237845,0.0
2019-03-20,14,0,142,483.16,483.16,0.0,6547.445385,0.0
2019-03-20,14,0,143,54.9,54.9,0.0,-54900.0,0.0
2019-03-20,14,0,145,0.0,0.0,0.0,0.0,0.0
2019-03-20,14,0,146,27.92,27.92,0.0,740.81144,0.0
2019-03-20,14,0,152,5.26,5.26,0.0,47.570337,0.0
2019-03-20,14,0,153,6.77,6.77,0.0,59.874623,0.0
2019-03-20,14,0,154,95.11,95.11,0.0,-563.196012,0.0
2019-03-20,14,0,157,6.37,6.37,0.0,86.321771,0.0
2019-03-20,14,0,158,513.56,513.56,0.0,6959.404859,0.0
2019-03-20,14,0,159,0.0,0.0,0.0,0.0,0.0
2019-03-20,14,0,160,2.2,2.2,0.0,21.148418,0.0
2019-03-20,14,0,161,71.72,71.72,0.0,667.857051,0.0
2019-03-20,14,0,162,26.88,26.88,0.0,723.417916,0.0
2019-03-20,14,0,163,25.34,25.34,0.0,672.355369,0.0
2019-03-20,14,0,164,33.04,33.04,0.0,-33040.0,0.0
2019-03-20,14,0,167,5.25,5.25,0.0,141.243089,0.0
2019-03-20,14,0,168,2.63,2.63,0.0,70.756062,0.0
2019-03-20,14,0,169,0.0,0.0,0.0,0.0,0.0
2019-03-20,14,0,170,5.74,5.74,0.0,154.425777,0.0
2019-03-20,14,0,172,7.95,7.95,0.0,205.371858,0.0
2019-03-20,14,0,173,12.12,12.12,0.0,313.095211,0.0
2019-03-20,14,0,188,9.85,9.85,0.0,263.85506,0.0
2019-03-20,14,0,190,13.17,13.17,0.0,358.08071,0.0
2019-03-20,14,0,191,34.02,34.02,0.0,924.973862,0.0
2019-03-20,14,0,192,20.21,20.21,0.0,549.492115,0.0
2019-03-20,14,0,194,10.53,10.53,0.0,310.610616,0.0
2019-03-20,14,0,196,6.88,6.88,0.0,185.508731,0.0
2019-03-20,14,0,198,9.6,9.6,0.0,112.621476,0.0
2019-03-20,14,0,199,10.7,10.7,0.0,224.541622,0.0
2019-03-20,14,0,200,25.19,25.19,0.0,528.617146,0.0
2019-03-20,14,0,204,37.3,37.3,0.0,184.982463,0.0
2019-03-20,14,0,205,45.81,45.81,0.0,240.309548,0.0
2019-03-20,14,0,206,0.0,0.0,0.0,0.0,0.0
2019-03-20,14,0,210,3.08,3.08,0.0,19.414801,0.0
2019-03-20,14,0,214,11.07,11.07,0.0,221.618228,0.0
2019-03-20,14,0,217,9.18,9.18,0.0,129.124879,0.0
2019-03-20,14,0,218,12.67,12.67,0.0,178.214839,0.0
2019-03-20,14,0,219,8.63,8.63,0.0,121.388639,0.0
2019-03-20,14,0,221,5.91,5.91,0.0,118.316507,0.0
2019-03-20,14,0,225,7.91,7.91,0.0,39.317533,0.0
2019-03-20,14,0,233,3.33,3.33,0.0,58.662545,0.0
2019-03-20,14,0,236,53.61,53.61,0.0,607.572415,0.0
2019-03-20,14,0,237,285.53,285.53,0.0,2422.264434,0.0
2019-03-20,14,0,238,39.75,39.75,0.0,503.015999,0.0
2019-03-20,14,0,240,9.93,9.93,0.0,72.818093,0.0
2019-03-20,14,0,245,42.39,42.39,0.0,599.49099,0.0
2019-03-20,14,0,247,66.92,66.92,0.0,946.400968,0.0
2019-03-20,14,0,248,28.66,28.66,0.0,243.134167,0.0
2019-03-20,14,0,249,81.52,81.52,0.0,1152.878167,0.0
2019-03-20,14,0,251,59.59,59.59,0.0,780.905605,0.0
2019-03-20,14,0,252,81.24,81.24,0.0,1086.523183,0.0
2019-03-20,14,0,254,10.61,10.61,0.0,88.076916,0.0
2019-03-20,14,0,255,4.86,4.86,0.0,40.344374,0.0
2019-03-20,14,0,258,12.73,12.73,0.0,94.438069,0.0
2019-03-20,14,0,260,5.34,5.34,0.0,51.332977,0.0
2019-03-20,14,0,265,98.47,98.47,0.0,-583.092328,0.0
2019-03-20,14,0,266,17.18,17.18,0.0,-101.731758,0.0
2019-03-20,14,0,267,21.11,21.11,0.0,-125.003341,0.0
2019-03-20,14,0,270,88.07,88.07,0.0,2336.793106,0.0
2019-03-20,14,0,272,13.53,13.53,0.0,430.227739,0.0
2019-03-20,14,0,273,34.45,34.45,0.0,914.074288,0.0
2019-03-20,14,0,274,117.48,117.48,0.0,3117.139254,0.0
2019-03-20,14,0,275,170.86,170.86,0.0,4533.490067,0.0
2019-03-20,14,0,276,7.01,7.01,0.0,165.679531,0.0
2019-03-20,14,0,277,10.98,10.98,0.0,363.279114,0.0
2019-03-20,14,0,278,17.57,17.57,0.0,581.312753,0.0
2019-03-20,14,0,279,26.45,26.45,0.0,875.112255,0.0
2019-03-20,14,0,281,6.27,6.27,0.0,-6270.0,0.0
2019-03-20,14,0,282,513.75,513.75,0.0,-513750.0,0.0
2019-03-20,15,0,9,4.64,4.64,0.0,-1810.103422,0.0
2019-03-20,15,0,17,33.17,33.17,0.0,490.858183,0.0
2019-03-20,15,0,19,112.0,112.0,0.0,1657.404778,0.0
2019-03-20,15,0,20,135.83,135.83,0.0,2010.047241,0.0
2019-03-20,15,0,21,106.06,106.06,0.0,-41374.907105,0.0
2019-03-20,15,0,22,376.92,376.92,0.0,-147039.694381,0.0
2019-03-20,15,0,23,6.97,6.97,0.0,-2719.056218,0.0
2019-03-20,15,0,24,12.34,12.34,0.0,-4813.938843,0.0
2019-03-20,15,0,29,9.05,9.05,0.0,45.623679,0.0
2019-03-20,15,0,30,906.79,906.79,0.0,-906790.0,0.0
2019-03-20,15,0,31,25.18,25.18,0.0,-25180.0,0.0
2019-03-20,15,0,32,4.46,4.46,0.0,120.471645,0.0
2019-03-20,15,0,33,1.14,1.14,0.0,22.848776,0.0
2019-03-20,15,0,34,1.83,1.83,0.0,36.678298,0.0
2019-03-20,15,0,35,1.83,1.83,0.0,36.678298,0.0
2019-03-20,15,0,36,8.45,8.45,0.0,56.51304,0.0
2019-03-20,15,0,37,3.55,3.55,0.0,23.471859,0.0
2019-03-20,15,0,38,4.56,4.56,0.0,30.149768,0.0
2019-03-20,15,0,39,3.04,3.04,0.0,20.099845,0.0
2019-03-20,15,0,40,3.04,3.04,0.0,20.099845,0.0
2019-03-20,15,0,41,41.68,41.68,0.0,-364.134255,0.0
2019-03-20,15,0,42,29.52,29.52,0.0,403.285325,0.0
2019-03-20,15,0,43,25.9,25.9,0.0,191.453438,0.0
2019-03-20,15,0,46,28.23,28.23,0.0,153.643318,0.0
2019-03-20,15,0,52,26.7,26.7,0.0,-26700.0,0.0
2019-03-20,15,0,53,42.41,42.41,0.0,-42410.0,0.0
2019-03-20,15,0,55,191.23,191.23,0.0,-74600.447725,0.0
2019-03-20,15,0,56,267.47,267.47,0.0,-267470.0,0.0
2019-03-20,15,0,57,254.42,254.42,0.0,-254420.0,0.0
2019-03-20,15,0,58,489.27,489.27,0.0,-489270.0,0.0
2019-03-20,15,0,59,481.12,481.12,0.0,-481120.0,0.0
2019-03-20,15,0,63,14.11,14.11,0.0,420.595657,0.0
2019-03-20,15,0,64,16.6,16.6,0.0,494.81842,0.0
2019-03-20,15,0,65,12.56,12.56,0.0,183.213689,0.0
2019-03-20,15,0,67,347.01,347.01,0.0,4709.130946,0.0
2019-03-20,15,0,68,7.36,7.36,0.0,126.994033,0.0
2019-03-20,15,0,69,1.14,1.14,0.0,22.848776,0.0
2019-03-20,15,0,74,132.18,132.18,0.0,1108.149023,0.0
2019-03-20,15,0,77,8.72,8.72,0.0,231.694063,0.0
2019-03-20,15,0,78,6.59,6.59,0.0,175.099069,0.0
2019-03-20,15,0,79,3.81,3.81,0.0,101.233301,0.0
2019-03-20,15,0,80,6.17,6.17,0.0,163.939492,0.0
2019-03-20,15,0,81,8.06,8.06,0.0,214.157586,0.0
2019-03-20,15,0,82,5.69,5.69,0.0,151.18569,0.0
2019-03-20,15,0,83,12.69,12.69,0.0,337.178631,0.0
2019-03-20,15,0,84,0.0,0.0,0.0,0.0,0.0
2019-03-20,15,0,86,5.78,5.78,0.0,115.847301,0.0
2019-03-20,15,0,87,29.52,29.52,0.0,591.66303,0.0
2019-03-20,15,0,88,6.05,6.05,0.0,160.751042,0.0
2019-03-20,15,0,89,5.82,5.82,0.0,154.639845,0.0
2019-03-20,15,0,90,7.81,7.81,0.0,207.514981,0.0
2019-03-20,15,0,91,27.86,27.86,0.0,740.251904,0.0
2019-03-20,15,0,92,10.02,10.02,0.0,266.23561,0.0
2019-03-20,15,0,95,36.79,36.79,0.0,994.824354,0.0
2019-03-20,15,0,96,0.0,0.0,0.0,0.0,0.0
2019-03-20,15,0,97,0.0,0.0,0.0,0.0,0.0
2019-03-20,15,0,99,25.51,25.51,0.0,213.866558,0.0
2019-03-20,15,0,101,18.27,18.27,0.0,-18270.0,0.0
2019-03-20,15,0,102,17.43,17.43,0.0,300.748096,0.0
2019-03-20,15,0,103,15.16,15.16,0.0,261.5801,0.0
2019-03-20,15,0,104,2.82,2.82,0.0,48.65804,0.0
2019-03-20,15,0,106,371.05,371.05,0.0,-144749.757508,0.0
2019-03-20,15,0,109,9.49,9.49,0.0,34.014042,0.0
2019-03-20,15,0,110,83.66,83.66,0.0,191.49041,0.0
2019-03-20,15,0,111,22.49,22.49,0.0,-196.482231,0.0
2019-03-20,15,0,113,8.26,8.26,0.0,199.990301,0.0
2019-03-20,15,0,115,8.26,8.26,0.0,199.990301,0.0
2019-03-20,15,0,116,137.67,137.67,0.0,315.114568,0.0
2019-03-20,15,0,117,0.55,0.55,0.0,13.316545,0.0
2019-03-20,15,0,119,16.6,16.6,0.0,494.81842,0.0
2019-03-20,15,0,120,9.76,9.76,0.0,290.929384,0.0
2019-03-20,15,0,123,6.18,6.18,0.0,-2410.870506,0.0
2019-03-20,15,0,125,11.16,11.16,0.0,-4353.610817,0.0
2019-03-20,15,0,126,278.29,278.29,0.0,-108563.293402,0.0
2019-03-20,15,0,127,357.13,357.13,0.0,-139319.447241,0.0
2019-03-20,15,0,128,15.99,15.99,0.0,-6237.834854,0.0
2019-03-20,15,0,131,15.46,15.46,0.0,363.938523,0.0
2019-03-20,15,0,132,22.75,22.75,0.0,535.549896,0.0
2019-03-20,15,0,133,18.92,18.92,0.0,280.35946,0.0
2019-03-20,15,0,134,0.0,0.0,0.0,0.0,0.0
2019-03-20,15,0,135,25.36,25.36,0.0,375.788368,0.0
2019-03-20,15,0,136,13.81,13.81,0.0,201.287431,0.0
2019-03-20,15,0,139,54.2,54.2,0.0,-473.514314,0.0
2019-03-20,15,0,140,61.92,61.92,0.0,141.729455,0.0
2019-03-20,15,0,141,93.64,93.64,0.0,1270.750185,0.0
2019-03-20,15,0,142,457.62,457.62,0.0,6210.174068,0.0
2019-03-20,15,0,143,78.04,78.04,0.0,-78040.0,0.0
2019-03-20,15,0,145,0.0,0.0,0.0,-0.0,0.0
2019-03-20,15,0,146,57.05,57.05,0.0,130.582451,0.0
2019-03-20,15,0,152,5.11,5.11,0.0,45.809375,0.0
2019-03-20,15,0,153,6.56,6.56,0.0,57.10071,0.0
2019-03-20,15,0,154,92.77,92.77,0.0,-810.478282,0.0
2019-03-20,15,0,157,9.02,9.02,0.0,122.406735,0.0
2019-03-20,15,0,158,493.34,493.34,0.0,6694.915595,0.0
2019-03-20,15,0,159,0.0,0.0,0.0,0.0,0.0
2019-03-20,15,0,160,2.1,2.1,0.0,20.707709,0.0
2019-03-20,15,0,161,68.65,68.65,0.0,1184.529937,0.0
2019-03-20,15,0,162,39.69,39.69,0.0,1074.690205,0.0
2019-03-20,15,0,163,28.61,28.61,0.0,65.485783,0.0
2019-03-20,15,0,164,32.31,32.31,0.0,-32310.0,0.0
2019-03-20,15,0,167,4.85,4.85,0.0,130.794677,0.0
2019-03-20,15,0,168,2.42,2.42,0.0,65.262499,0.0
2019-03-20,15,0,169,0.0,0.0,0.0,0.0,0.0
2019-03-20,15,0,170,5.3,5.3,0.0,142.930266,0.0
2019-03-20,15,0,172,7.47,7.47,0.0,184.673701,0.0
2019-03-20,15,0,173,11.38,11.38,0.0,281.33691,0.0
2019-03-20,15,0,188,9.35,9.35,0.0,246.302519,0.0
2019-03-20,15,0,190,12.61,12.61,0.0,375.883149,0.0
2019-03-20,15,0,191,32.56,32.56,0.0,970.559504,0.0
2019-03-20,15,0,192,26.11,26.11,0.0,778.29572,0.0
2019-03-20,15,0,194,14.49,14.49,0.0,369.057855,0.0
2019-03-20,15,0,196,6.5,6.5,0.0,223.537957,0.0
2019-03-20,15,0,198,9.21,9.21,0.0,120.008206,0.0
2019-03-20,15,0,199,4.48,4.48,0.0,89.759472,0.0
2019-03-20,15,0,200,23.97,23.97,0.0,480.253247,0.0
2019-03-20,15,0,204,42.27,42.27,0.0,132.864449,0.0
2019-03-20,15,0,205,50.18,50.18,0.0,179.855071,0.0
2019-03-20,15,0,206,0.0,0.0,0.0,0.0,0.0
2019-03-20,15,0,210,2.93,2.93,0.0,19.085665,0.0
2019-03-20,15,0,214,10.49,10.49,0.0,242.704797,0.0
2019-03-20,15,0,217,8.66,8.66,0.0,138.247151,0.0
2019-03-20,15,0,218,11.95,11.95,0.0,190.768297,0.0
2019-03-20,15,0,219,8.14,8.14,0.0,129.945936,0.0
2019-03-20,15,0,221,5.6,5.6,0.0,129.565954,0.0
2019-03-20,15,0,225,7.3,7.3,0.0,35.76327,0.0
2019-03-20,15,0,233,3.27,3.27,0.0,65.539909,0.0
2019-03-20,15,0,236,64.17,64.17,0.0,766.754605,0.0
2019-03-20,15,0,237,317.09,317.09,0.0,2658.367178,0.0
2019-03-20,15,0,238,38.43,38.43,0.0,525.008639,0.0
2019-03-20,15,0,240,9.58,9.58,0.0,64.070405,0.0
2019-03-20,15,0,245,48.98,48.98,0.0,762.855027,0.0
2019-03-20,15,0,247,70.24,70.24,0.0,1093.975849,0.0
2019-03-20,15,0,248,31.83,31.83,0.0,266.851138,0.0
2019-03-20,15,0,249,94.19,94.19,0.0,1466.992955,0.0
2019-03-20,15,0,251,60.22,60.22,0.0,857.554179,0.0
2019-03-20,15,0,252,81.04,81.04,0.0,1182.136732,0.0
2019-03-20,15,0,254,10.19,10.19,0.0,81.637503,0.0
2019-03-20,15,0,255,4.67,4.67,0.0,37.413851,0.0
2019-03-20,15,0,258,12.21,12.21,0.0,83.048148,0.0
2019-03-20,15,0,260,5.09,5.09,0.0,50.191541,0.0
2019-03-20,15,0,265,96.05,96.05,0.0,-839.133761,0.0
2019-03-20,15,0,266,34.66,34.66,0.0,-302.804541,0.0
2019-03-20,15,0,267,42.87,42.87,0.0,-374.530602,0.0
2019-03-20,15,0,270,93.4,93.4,0.0,213.784416,0.0
2019-03-20,15,0,272,27.6,27.6,0.0,668.248464,0.0
2019-03-20,15,0,273,32.92,32.92,0.0,75.350996,0.0
2019-03-20,15,0,274,123.02,123.02,0.0,281.582001,0.0
2019-03-20,15,0,275,176.58,176.58,0.0,404.176148,0.0
2019-03-20,15,0,276,6.8,6.8,0.0,32.693538,0.0
2019-03-20,15,0,277,10.59,10.59,0.0,266.4176,0.0
2019-03-20,15,0,278,16.94,16.94,0.0,426.16753,0.0
2019-03-20,15,0,279,53.01,53.01,0.0,1333.597447,0.0
2019-03-20,15,0,281,11.3,11.3,0.0,-11300.0,0.0
2019-03-20,15,0,282,497.43,497.43,0.0,-497430.0,0.0
2019-03-20,16,0,9,3.82,3.82,0.0,-1497.100739,0.0
2019-03-20,16,0,17,21.65,21.65,0.0,205.663562,0.0
2019-03-20,16,0,19,202.63,202.63,0.0,1924.877945,0.0
2019-03-20,16,0,20,255.75,255.75,0.0,2429.48988,0.0
2019-03-20,16,0,21,87.41,87.41,0.0,-34256.956973,0.0
2019-03-20,16,0,22,310.64,310.64,0.0,-121743.291547,0.0
2019-03-20,16,0,23,12.3,12.3,0.0,-4820.507617,0.0
2019-03-20,16,0,24,21.76,21.76,0.0,-8527.987458,0.0
2019-03-20,16,0,29,6.93,6.93,0.0,34.936143,0.0
2019-03-20,16,0,30,772.64,772.64,0.0,-772640.0,0.0
2019-03-20,16,0,31,41.22,41.22,0.0,-41220.0,0.0
2019-03-20,16,0,32,5.78,5.78,0.0,146.686132,0.0
2019-03-20,16,0,33,1.16,1.16,0.0,16.338177,0.0
2019-03-20,16,0,34,1.85,1.85,0.0,26.056575,0.0
2019-03-20,16,0,35,1.85,1.85,0.0,26.056575,0.0
2019-03-20,16,0,36,11.32,11.32,0.0,30.274679,0.0
2019-03-20,16,0,37,4.81,4.81,0.0,12.767597,0.0
2019-03-20,16,0,38,6.19,6.19,0.0,16.43065,0.0
2019-03-20,16,0,39,4.12,4.12,0.0,10.936071,0.0
2019-03-20,16,0,40,4.12,4.12,0.0,10.936071,0.0
2019-03-20,16,0,41,69.04,69.04,0.0,-845.048352,0.0
2019-03-20,16,0,42,37.26,37.26,0.0,316.9175,0.0
2019-03-20,16,0,43,33.14,33.14,0.0,116.407557,0.0
2019-03-20,16,0,46,22.72,22.72,0.0,37.178878,0.0
2019-03-20,16,0,52,43.7,43.7,0.0,-43700.0,0.0
2019-03-20,16,0,53,69.42,69.42,0.0,-69420.0,0.0
2019-03-20,16,0,55,267.6,267.6,0.0,-104875.434001,0.0
2019-03-20,16,0,56,227.9,227.9,0.0,-227900.0,0.0
2019-03-20,16,0,57,216.78,216.78,0.0,-216780.0,0.0
2019-03-20,16,0,58,416.89,416.89,0.0,-416890.0,0.0
2019-03-20,16,0,59,409.95,409.95,0.0,-409950.0,0.0
2019-03-20,16,0,63,18.48,18.48,0.0,515.533804,0.0
2019-03-20,16,0,64,21.74,21.74,0.0,606.477537,0.0
2019-03-20,16,0,65,12.59,12.59,0.0,117.273865,0.0
2019-03-20,16,0,67,391.0,391.0,0.0,4917.767466,0.0
2019-03-20,16,0,68,12.29,12.29,0.0,197.223745,0.0
2019-03-20,16,0,69,1.16,1.16,0.0,16.338177,0.0
2019-03-20,16,0,74,91.56,91.56,0.0,350.110675,0.0
2019-03-20,16,0,77,21.46,21.46,0.0,525.726304,0.0
2019-03-20,16,0,78,16.23,16.23,0.0,397.601953,0.0
2019-03-20,16,0,79,9.39,9.39,0.0,230.03588,0.0
2019-03-20,16,0,80,15.18,15.18,0.0,371.879091,0.0
2019-03-20,16,0,81,19.85,19.85,0.0,486.284582,0.0
2019-03-20,16,0,82,14.0,14.0,0.0,342.971493,0.0
2019-03-20,16,0,83,31.23,31.23,0.0,765.07141,0.0
2019-03-20,16,0,84,0.0,0.0,0.0,0.0,0.0
2019-03-20,16,0,86,5.86,5.86,0.0,82.535962,0.0
2019-03-20,16,0,87,29.89,29.89,0.0,420.989745,0.0
2019-03-20,16,0,88,16.04,16.04,0.0,392.94734,0.0
2019-03-20,16,0,89,15.42,15.42,0.0,377.758602,0.0
2019-03-20,16,0,90,20.7,20.7,0.0,507.107851,0.0
2019-03-20,16,0,91,73.86,73.86,0.0,1809.419608,0.0
2019-03-20,16,0,92,26.56,26.56,0.0,650.665919,0.0
2019-03-20,16,0,95,52.61,52.61,0.0,1337.014412,0.0
2019-03-20,16,0,96,1.92,1.92,0.0,71.665467,0.0
2019-03-20,16,0,97,11.82,11.82,0.0,441.190531,0.0
2019-03-20,16,0,99,20.08,20.08,0.0,76.782682,0.0
2019-03-20,16,0,101,15.56,15.56,0.0,-15560.0,0.0
2019-03-20,16,0,102,29.09,29.09,0.0,466.821704,0.0
2019-03-20,16,0,103,25.3,25.3,0.0,406.001689,0.0
2019-03-20,16,0,104,4.7,4.7,0.0,75.423239,0.0
2019-03-20,16,0,106,305.8,305.8,0.0,-119846.441395,0.0
2019-03-20,16,0,109,10.78,10.78,0.0,-2.175138,0.0
2019-03-20,16,0,110,153.94,153.94,0.0,300.321547,0.0
2019-03-20,16,0,111,23.53,23.53,0.0,-288.006775,0.0
2019-03-20,16,0,113,17.0,17.0,0.0,379.362827,0.0
2019-03-20,16,0,115,17.0,17.0,0.0,379.362827,0.0
2019-03-20,16,0,116,162.55,162.55,0.0,317.118796,0.0
2019-03-20,16,0,117,1.13,1.13,0.0,25.21647,0.0
2019-03-20,16,0,119,21.74,21.74,0.0,606.477537,0.0
2019-03-20,16,0,120,12.79,12.79,0.0,356.800722,0.0
2019-03-20,16,0,123,5.1,5.1,0.0,-1998.747061,0.0
2019-03-20,16,0,125,19.69,19.69,0.0,-7716.731298,0.0
2019-03-20,16,0,126,229.35,229.35,0.0,-89884.831046,0.0
2019-03-20,16,0,127,294.33,294.33,0.0,-115351.220065,0.0
2019-03-20,16,0,128,28.2,28.2,0.0,-11051.895511,0.0
2019-03-20,16,0,131,12.62,12.62,0.0,273.299196,0.0
2019-03-20,16,0,132,18.56,18.56,0.0,401.93606,0.0
2019-03-20,16,0,133,25.55,25.55,0.0,243.155941,0.0
2019-03-20,16,0,134,0.0,0.0,0.0,0.0,0.0
2019-03-20,16,0,135,32.49,32.49,0.0,309.202995,0.0
2019-03-20,16,0,136,13.22,13.22,0.0,123.008221,0.0
2019-03-20,16,0,139,89.9,89.9,0.0,-1100.374374,0.0
2019-03-20,16,0,140,113.94,113.94,0.0,222.285547,0.0
2019-03-20,16,0,141,93.09,93.09,0.0,1170.831134,0.0
2019-03-20,16,0,142,515.64,515.64,0.0,6485.415899,0.0
2019-03-20,16,0,143,108.73,108.73,0.0,-108730.0,0.0
2019-03-20,16,0,145,0.0,0.0,0.0,-0.0,0.0
2019-03-20,16,0,146,102.06,102.06,0.0,199.108855,0.0
2019-03-20,16,0,152,6.59,6.59,0.0,29.264447,0.0
2019-03-20,16,0,153,8.65,8.65,0.0,36.467447,0.0
2019-03-20,16,0,154,97.06,97.06,0.0,-1188.012645,0.0
2019-03-20,16,0,157,14.0,14.0,0.0,176.083746,0.0
2019-03-20,16,0,158,445.48,445.48,0.0,5602.984785,0.0
2019-03-20,16,0,159,0.0,0.0,0.0,0.0,0.0
2019-03-20,16,0,160,2.39,2.39,0.0,14.591004,0.0
2019-03-20,16,0,161,71.37,71.37,0.0,1145.309902,0.0
2019-03-20,16,0,162,63.49,63.49,0.0,1615.553977,0.0
2019-03-20,16,0,163,30.27,30.27,0.0,59.053743,0.0
2019-03-20,16,0,164,28.65,28.65,0.0,-28650.0,0.0
2019-03-20,16,0,167,6.37,6.37,0.0,161.464022,0.0
2019-03-20,16,0,168,3.18,3.18,0.0,80.605273,0.0
2019-03-20,16,0,169,0.0,0.0,0.0,0.0,0.0
2019-03-20,16,0,170,6.96,6.96,0.0,176.419088,0.0
2019-03-20,16,0,172,7.61,7.61,0.0,178.745523,0.0
2019-03-20,16,0,173,11.59,11.59,0.0,272.228727,0.0
2019-03-20,16,0,188,11.48,11.48,0.0,284.658839,0.0
2019-03-20,16,0,190,12.77,12.77,0.0,356.242785,0.0
2019-03-20,16,0,191,32.99,32.99,0.0,920.317109,0.0
2019-03-20,16,0,192,33.55,33.55,0.0,935.939346,0.0
2019-03-20,16,0,194,27.57,27.57,0.0,647.74519,0.0
2019-03-20,16,0,196,8.47,8.47,0.0,272.196451,0.0
2019-03-20,16,0,198,9.55,9.55,0.0,94.082091,0.0
2019-03-20,16,0,199,0.0,0.0,0.0,0.0,0.0
2019-03-20,16,0,200,17.24,17.24,0.0,266.278461,0.0
2019-03-20,16,0,204,49.38,49.38,0.0,-28.468317,0.0
2019-03-20,16,0,205,57.01,57.01,0.0,-11.503213,0.0
2019-03-20,16,0,206,34.73,34.73,0.0,1296.323784,0.0
2019-03-20,16,0,210,1.99,1.99,0.0,12.225994,0.0
2019-03-20,16,0,214,10.37,10.37,0.0,174.083255,0.0
2019-03-20,16,0,217,7.56,7.56,0.0,92.758182,0.0
2019-03-20,16,0,218,10.43,10.43,0.0,127.971936,0.0
2019-03-20,16,0,219,7.1,7.1,0.0,87.114166,0.0
2019-03-20,16,0,221,5.53,5.53,0.0,92.833211,0.0
2019-03-20,16,0,225,6.02,6.02,0.0,29.707652,0.0
2019-03-20,16,0,233,3.31,3.31,0.0,46.620142,0.0
2019-03-20,16,0,236,60.49,60.49,0.0,424.558885,0.0
2019-03-20,16,0,237,209.4,209.4,0.0,800.711833,0.0
2019-03-20,16,0,238,48.49,48.49,0.0,412.435039,0.0
2019-03-20,16,0,240,12.83,12.83,0.0,34.313086,0.0
2019-03-20,16,0,245,57.72,57.72,0.0,587.497706,0.0
2019-03-20,16,0,247,75.56,75.56,0.0,769.080504,0.0
2019-03-20,16,0,248,24.66,24.66,0.0,94.295863,0.0
2019-03-20,16,0,249,111.0,111.0,0.0,1129.803281,0.0
2019-03-20,16,0,251,61.08,61.08,0.0,550.435345,0.0
2019-03-20,16,0,252,81.24,81.24,0.0,756.737791,0.0
2019-03-20,16,0,254,14.56,14.56,0.0,60.615179,0.0
2019-03-20,16,0,255,6.67,6.67,0.0,27.76808,0.0
2019-03-20,16,0,258,16.26,16.26,0.0,45.687527,0.0
2019-03-20,16,0,260,5.79,5.79,0.0,35.34808,0.0
2019-03-20,16,0,265,100.49,100.49,0.0,-1229.995783,0.0
2019-03-20,16,0,266,57.32,57.32,0.0,-701.595763,0.0
2019-03-20,16,0,267,71.01,71.01,0.0,-869.161116,0.0
2019-03-20,16,0,270,81.82,81.82,0.0,159.622638,0.0
2019-03-20,16,0,272,56.83,56.83,0.0,1268.187615,0.0
2019-03-20,16,0,273,38.87,38.87,0.0,75.831483,0.0
2019-03-20,16,0,274,102.11,102.11,0.0,199.2064,0.0
2019-03-20,16,0,275,136.89,136.89,0.0,267.058702,0.0
2019-03-20,16,0,276,8.44,8.44,0.0,36.490977,0.0
2019-03-20,16,0,277,8.83,8.83,0.0,204.771773,0.0
2019-03-20,16,0,278,14.13,14.13,0.0,327.681217,0.0
2019-03-20,16,0,279,228.43,228.43,0.0,5297.397063,0.0
2019-03-20,16,0,281,18.5,18.5,0.0,-18500.0,0.0
2019-03-20,16,0,282,423.84,423.84,0.0,-423840.0,0.0
2019-03-20,17,0,9,2.95,2.95,0.0,22.460737,0.0
2019-03-20,17,0,17,16.11,16.11,0.0,154.813778,0.0
2019-03-20,17,0,19,158.87,158.87,0.0,1526.707941,0.0
2019-03-20,17,0,20,191.31,191.31,0.0,1838.449651,0.0
2019-03-20,17,0,21,67.48,67.48,0.0,513.779849,0.0
2019-03-20,17,0,22,239.83,239.83,0.0,1826.019877,0.0
2019-03-20,17,0,23,16.39,16.39,0.0,124.790334,0.0
2019-03-20,17,0,24,29.16,29.16,0.0,222.018678,0.0
2019-03-20,17,0,29,5.02,5.02,0.0,47.44147,0.0
2019-03-20,17,0,30,600.29,600.29,0.0,4563.262258,0.0
2019-03-20,17,0,31,47.32,47.32,0.0,359.715421,0.0
2019-03-20,17,0,32,4.35,4.35,0.0,68.125507,0.0
2019-03-20,17,0,33,0.86,0.86,0.0,8.593985,0.0
2019-03-20,17,0,34,1.37,1.37,0.0,13.690418,0.0
2019-03-20,17,0,35,1.37,1.37,0.0,13.690418,0.0
2019-03-20,17,0,36,8.66,8.66,0.0,77.856884,0.0
2019-03-20,17,0,37,3.68,3.68,0.0,33.040334,0.0
2019-03-20,17,0,38,4.73,4.73,0.0,42.467603,0.0
2019-03-20,17,0,39,3.15,3.15,0.0,28.281808,0.0
2019-03-20,17,0,40,3.15,3.15,0.0,28.281808,0.0
2019-03-20,17,0,41,31.24,31.24,0.0,257.690962,0.0
2019-03-20,17,0,42,28.18,28.18,0.0,268.463162,0.0
2019-03-20,17,0,43,25.5,25.5,0.0,230.880067,0.0
2019-03-20,17,0,46,17.35,17.35,0.0,153.464358,0.0
2019-03-20,17,0,52,50.16,50.16,0.0,381.304428,0.0
2019-03-20,17,0,53,79.69,79.69,0.0,605.784486,0.0
2019-03-20,17,0,55,280.31,280.31,0.0,2134.226876,0.0
2019-03-20,17,0,56,177.06,177.06,0.0,1345.968141,0.0
2019-03-20,17,0,57,168.43,168.43,0.0,1280.364927,0.0
2019-03-20,17,0,58,323.9,323.9,0.0,2462.211007,0.0
2019-03-20,17,0,59,318.5,318.5,0.0,2421.161487,0.0
2019-03-20,17,0,63,23.08,23.08,0.0,383.014791,0.0
2019-03-20,17,0,64,27.15,27.15,0.0,450.556827,0.0
2019-03-20,17,0,65,9.95,9.95,0.0,95.463913,0.0
2019-03-20,17,0,67,297.68,297.68,0.0,1407.739688,0.0
2019-03-20,17,0,68,4.6,4.6,0.0,25.897251,0.0
2019-03-20,17,0,69,0.86,0.86,0.0,8.593985,0.0
2019-03-20,17,0,74,59.01,59.01,0.0,540.642648,0.0
2019-03-20,17,0,77,16.15,16.15,0.0,104.287144,0.0
2019-03-20,17,0,78,12.21,12.21,0.0,78.844955,0.0
2019-03-20,17,0,79,7.07,7.07,0.0,45.653876,0.0
2019-03-20,17,0,80,11.43,11.43,0.0,73.808177,0.0
2019-03-20,17,0,81,14.94,14.94,0.0,96.47368,0.0
2019-03-20,17,0,82,10.54,10.54,0.0,68.061083,0.0
2019-03-20,17,0,83,23.5,23.5,0.0,151.749094,0.0
2019-03-20,17,0,84,0.0,0.0,0.0,0.0,0.0
2019-03-20,17,0,86,4.34,4.34,0.0,43.369646,0.0
2019-03-20,17,0,87,22.18,22.18,0.0,221.644875,0.0
2019-03-20,17,0,88,11.54,11.54,0.0,74.518491,0.0
2019-03-20,17,0,89,11.09,11.09,0.0,71.612658,0.0
2019-03-20,17,0,90,14.89,14.89,0.0,96.150809,0.0
2019-03-20,17,0,91,53.11,53.11,0.0,342.952953,0.0
2019-03-20,17,0,92,19.1,19.1,0.0,123.336498,0.0
2019-03-20,17,0,95,32.02,32.02,0.0,501.622422,0.0
2019-03-20,17,0,96,2.63,2.63,0.0,19.959526,0.0
2019-03-20,17,0,97,16.19,16.19,0.0,122.868715,0.0
2019-03-20,17,0,99,12.0,12.0,0.0,109.942582,0.0
2019-03-20,17,0,101,12.09,12.09,0.0,91.905314,0.0
2019-03-20,17,0,102,10.87,10.87,0.0,61.196329,0.0
2019-03-20,17,0,103,9.45,9.45,0.0,53.201961,0.0
2019-03-20,17,0,104,1.76,1.76,0.0,9.908513,0.0
2019-03-20,17,0,106,236.09,236.09,0.0,1797.54423,0.0
2019-03-20,17,0,109,10.33,10.33,0.0,89.351292,0.0
2019-03-20,17,0,110,125.13,125.13,0.0,246.568663,0.0
2019-03-20,17,0,111,18.43,18.43,0.0,152.02447,0.0
2019-03-20,17,0,113,10.85,10.85,0.0,69.287191,0.0
2019-03-20,17,0,115,10.85,10.85,0.0,69.287191,0.0
2019-03-20,17,0,116,122.98,122.98,0.0,242.332088,0.0
2019-03-20,17,0,117,0.72,0.72,0.0,4.59786,0.0
2019-03-20,17,0,119,27.15,27.15,0.0,450.556827,0.0
2019-03-20,17,0,120,15.98,15.98,0.0,265.189617,0.0
2019-03-20,17,0,123,3.93,3.93,0.0,29.92227,0.0
2019-03-20,17,0,125,26.35,26.35,0.0,200.623874,0.0
2019-03-20,17,0,126,177.07,177.07,0.0,1348.177207,0.0
2019-03-20,17,0,127,227.24,227.24,0.0,1730.162018,0.0
2019-03-20,17,0,128,37.93,37.93,0.0,288.791786,0.0
2019-03-20,17,0,131,9.36,9.36,0.0,54.947067,0.0
2019-03-20,17,0,132,13.76,13.76,0.0,80.776884,0.0
2019-03-20,17,0,133,46.61,46.61,0.0,447.980251,0.0
2019-03-20,17,0,134,0.0,0.0,0.0,0.0,0.0
2019-03-20,17,0,135,61.02,61.02,0.0,586.478329,0.0
2019-03-20,17,0,136,11.58,11.58,0.0,111.092915,0.0
2019-03-20,17,0,139,40.34,40.34,0.0,332.754591,0.0
2019-03-20,17,0,140,92.61,92.61,0.0,182.488004,0.0
2019-03-20,17,0,141,55.49,55.49,0.0,262.414254,0.0
2019-03-20,17,0,142,392.56,392.56,0.0,1856.430703,0.0
2019-03-20,17,0,143,112.77,112.77,0.0,857.250804,0.0
2019-03-20,17,0,145,0.0,0.0,0.0,0.0,0.0
2019-03-20,17,0,146,89.79,89.79,0.0,176.931194,0.0
2019-03-20,17,0,152,4.99,4.99,0.0,45.762127,0.0
2019-03-20,17,0,153,6.57,6.57,0.0,60.121508,0.0
2019-03-20,17,0,154,76.04,76.04,0.0,627.23498,0.0
2019-03-20,17,0,157,13.1,13.1,0.0,61.950383,0.0
2019-03-20,17,0,158,356.98,356.98,0.0,1688.171573,0.0
2019-03-20,17,0,159,0.0,0.0,0.0,0.0,0.0
2019-03-20,17,0,160,1.81,1.81,0.0,16.838184,0.0
2019-03-20,17,0,161,54.15,54.15,0.0,304.855679,0.0
2019-03-20,17,0,162,41.27,41.27,0.0,647.050925,0.0
2019-03-20,17,0,163,22.83,22.83,0.0,44.986515,0.0
2019-03-20,17,0,164,22.23,22.23,0.0,168.98719,0.0
2019-03-20,17,0,167,4.84,4.84,0.0,75.70734,0.0
2019-03-20,17,0,168,2.42,2.42,0.0,37.85367,0.0
2019-03-20,17,0,169,0.0,0.0,0.0,0.0,0.0
2019-03-20,17,0,170,5.29,5.29,0.0,82.746245,0.0
2019-03-20,17,0,172,5.8,5.8,0.0,86.958803,0.0
2019-03-20,17,0,173,8.84,8.84,0.0,132.537211,0.0
2019-03-20,17,0,188,8.81,8.81,0.0,134.924659,0.0
2019-03-20,17,0,190,9.69,9.69,0.0,160.80647,0.0
2019-03-20,17,0,191,25.02,25.02,0.0,415.209275,0.0
2019-03-20,17,0,192,21.77,21.77,0.0,361.275216,0.0
2019-03-20,17,0,194,18.31,18.31,0.0,127.981983,0.0
2019-03-20,17,0,196,6.41,6.41,0.0,114.006921,0.0
2019-03-20,17,0,198,7.26,7.26,0.0,70.254628,0.0
2019-03-20,17,0,199,0.0,0.0,0.0,0.0,0.0
2019-03-20,17,0,200,13.06,13.06,0.0,125.807479,0.0
2019-03-20,17,0,204,46.61,46.61,0.0,400.790263,0.0
2019-03-20,17,0,205,54.66,54.66,0.0,472.792026,0.0
2019-03-20,17,0,206,47.57,47.57,0.0,361.016973,0.0
2019-03-20,17,0,210,1.48,1.48,0.0,14.135842,0.0
2019-03-20,17,0,214,7.77,7.77,0.0,79.408096,0.0
2019-03-20,17,0,217,5.6,5.6,0.0,55.612702,0.0
2019-03-20,17,0,218,7.73,7.73,0.0,76.76539,0.0
2019-03-20,17,0,219,5.26,5.26,0.0,52.236216,0.0
2019-03-20,17,0,221,4.14,4.14,0.0,42.310105,0.0
2019-03-20,17,0,225,4.43,4.43,0.0,41.822576,0.0
2019-03-20,17,0,233,2.46,2.46,0.0,24.582795,0.0
2019-03-20,17,0,236,48.94,48.94,0.0,459.956817,0.0
2019-03-20,17,0,237,145.83,145.83,0.0,1336.077231,0.0
2019-03-20,17,0,238,36.67,36.67,0.0,349.345072,0.0
2019-03-20,17,0,240,9.81,9.81,0.0,88.195846,0.0
2019-03-20,17,0,245,47.42,47.42,0.0,458.387183,0.0
2019-03-20,17,0,247,56.08,56.08,0.0,542.099393,0.0
2019-03-20,17,0,248,14.84,14.84,0.0,135.962327,0.0
2019-03-20,17,0,249,91.2,91.2,0.0,881.588171,0.0
2019-03-20,17,0,251,42.74,42.74,0.0,408.980277,0.0
2019-03-20,17,0,252,64.19,64.19,0.0,615.862168,0.0
2019-03-20,17,0,254,11.06,11.06,0.0,100.828921,0.0
2019-03-20,17,0,255,5.07,5.07,0.0,46.220852,0.0
2019-03-20,17,0,258,12.49,12.49,0.0,112.418659,0.0
2019-03-20,17,0,260,4.41,4.41,0.0,41.025632,0.0
2019-03-20,17,0,265,78.73,78.73,0.0,649.424119,0.0
2019-03-20,17,0,266,26.12,26.12,0.0,215.45736,0.0
2019-03-20,17,0,267,32.1,32.1,0.0,264.784888,0.0
2019-03-20,17,0,270,71.31,71.31,0.0,140.516354,0.0
2019-03-20,17,0,272,36.28,36.28,0.0,231.681042,0.0
2019-03-20,17,0,273,29.41,29.41,0.0,57.952405,0.0
2019-03-20,17,0,274,91.93,91.93,0.0,181.148064,0.0
2019-03-20,17,0,275,127.96,127.96,0.0,252.145178,0.0
2019-03-20,17,0,276,6.3,6.3,0.0,16.294465,0.0
2019-03-20,17,0,277,6.69,6.69,0.0,42.913531,0.0
2019-03-20,17,0,278,10.71,10.71,0.0,68.700136,0.0
2019-03-20,17,0,279,63.66,63.66,0.0,408.352071,0.0
2019-03-20,17,0,281,21.24,21.24,0.0,161.461444,0.0
2019-03-20,17,0,282,329.29,329.29,0.0,2503.184509,0.0
2019-03-20,18,0,9,1.83,1.83,0.0,15.530595,0.0
2019-03-20,18,0,17,9.93,9.93,0.0,95.826572,0.0
2019-03-20,18,0,19,171.78,171.78,0.0,1657.712837,0.0
2019-03-20,18,0,20,209.18,209.18,0.0,2018.63064,0.0
2019-03-20,18,0,21,41.92,41.92,0.0,355.760943,0.0
2019-03-20,18,0,22,148.97,148.97,0.0,1264.258293,0.0
2019-03-20,18,0,23,31.62,31.62,0.0,268.348307,0.0
2019-03-20,18,0,24,56.1,56.1,0.0,476.101834,0.0
2019-03-20,18,0,29,3.1,3.1,0.0,31.214262,0.0
2019-03-20,18,0,30,386.07,386.07,0.0,3273.59761,0.0
2019-03-20,18,0,31,39.99,39.99,0.0,339.086612,0.0
2019-03-20,18,0,32,2.72,2.72,0.0,41.60057,0.0
2019-03-20,18,0,33,0.53,0.53,0.0,5.223156,0.0
2019-03-20,18,0,34,0.85,0.85,0.0,8.37676,0.0
2019-03-20,18,0,35,0.85,0.85,0.0,8.37676,0.0
2019-03-20,18,0,36,5.43,5.43,0.0,50.713833,0.0
2019-03-20,18,0,37,2.24,2.24,0.0,20.913566,0.0
2019-03-20,18,0,38,2.88,2.88,0.0,26.888871,0.0
2019-03-20,18,0,39,1.92,1.92,0.0,17.925914,0.0
2019-03-20,18,0,40,1.92,1.92,0.0,17.925914,0.0
2019-03-20,18,0,41,33.65,33.65,0.0,298.508833,0.0
2019-03-20,18,0,42,16.66,16.66,0.0,160.032871,0.0
2019-03-20,18,0,43,15.53,15.53,0.0,145.921182,0.0
2019-03-20,18,0,46,10.94,10.94,0.0,101.285177,0.0
2019-03-20,18,0,52,42.39,42.39,0.0,359.436897,0.0
2019-03-20,18,0,53,67.36,67.36,0.0,571.164646,0.0
2019-03-20,18,0,55,219.83,219.83,0.0,1865.623283,0.0
2019-03-20,18,0,56,113.88,113.88,0.0,965.62099,0.0
2019-03-20,18,0,57,108.32,108.32,0.0,918.476165,0.0
2019-03-20,18,0,58,208.31,208.31,0.0,1766.319885,0.0
2019-03-20,18,0,59,204.84,204.84,0.0,1736.896766,0.0
2019-03-20,18,0,63,25.97,25.97,0.0,398.17,0.0
2019-03-20,18,0,64,30.55,30.55,0.0,468.3902,0.0
2019-03-20,18,0,65,7.75,7.75,0.0,74.725205,0.0
2019-03-20,18,0,67,188.47,188.47,0.0,1838.584735,0.0
2019-03-20,18,0,68,1.69,1.69,0.0,14.618478,0.0
2019-03-20,18,0,69,0.53,0.53,0.0,5.223156,0.0
2019-03-20,18,0,74,31.63,31.63,0.0,297.569424,0.0
2019-03-20,18,0,77,13.3,13.3,0.0,103.438758,0.0
2019-03-20,18,0,78,10.06,10.06,0.0,78.240143,0.0
2019-03-20,18,0,79,5.82,5.82,0.0,45.264178,0.0
2019-03-20,18,0,80,9.41,9.41,0.0,73.184865,0.0
2019-03-20,18,0,81,12.31,12.31,0.0,95.739181,0.0
2019-03-20,18,0,82,8.68,8.68,0.0,67.5074,0.0
2019-03-20,18,0,83,19.36,19.36,0.0,150.5695,0.0
2019-03-20,18,0,84,0.0,0.0,0.0,0.0,0.0
2019-03-20,18,0,86,2.68,2.68,0.0,26.41143,0.0
2019-03-20,18,0,87,13.67,13.67,0.0,134.718003,0.0
2019-03-20,18,0,88,9.09,9.09,0.0,70.696113,0.0
2019-03-20,18,0,89,8.74,8.74,0.0,67.974041,0.0
2019-03-20,18,0,90,11.73,11.73,0.0,91.228318,0.0
2019-03-20,18,0,91,41.84,41.84,0.0,325.404332,0.0
2019-03-20,18,0,92,15.05,15.05,0.0,117.04912,0.0
2019-03-20,18,0,95,17.94,17.94,0.0,273.632514,0.0
2019-03-20,18,0,96,3.69,3.69,0.0,31.260107,0.0
2019-03-20,18,0,97,22.68,22.68,0.0,192.135293,0.0
2019-03-20,18,0,99,6.11,6.11,0.0,57.481795,0.0
2019-03-20,18,0,101,7.78,7.78,0.0,65.968838,0.0
2019-03-20,18,0,102,4.0,4.0,0.0,34.599948,0.0
2019-03-20,18,0,103,3.48,3.48,0.0,30.101955,0.0
2019-03-20,18,0,104,0.65,0.65,0.0,5.622492,0.0
2019-03-20,18,0,106,146.65,146.65,0.0,1244.569233,0.0
2019-03-20,18,0,109,10.0,10.0,0.0,91.247608,0.0
2019-03-20,18,0,110,100.28,100.28,0.0,1317.698457,0.0
2019-03-20,18,0,111,12.14,12.14,0.0,107.693826,0.0
2019-03-20,18,0,113,7.09,7.09,0.0,52.437392,0.0
2019-03-20,18,0,115,7.09,7.09,0.0,52.437392,0.0
2019-03-20,18,0,116,76.47,76.47,0.0,1004.830485,0.0
2019-03-20,18,0,117,0.47,0.47,0.0,3.476104,0.0
2019-03-20,18,0,119,30.55,30.55,0.0,468.3902,0.0
2019-03-20,18,0,120,17.97,17.97,0.0,275.514628,0.0
2019-03-20,18,0,123,2.44,2.44,0.0,20.707459,0.0
2019-03-20,18,0,125,50.74,50.74,0.0,430.613317,0.0
2019-03-20,18,0,126,109.99,109.99,0.0,933.448141,0.0
2019-03-20,18,0,127,141.15,141.15,0.0,1197.892583,0.0
2019-03-20,18,0,128,72.86,72.86,0.0,618.338318,0.0
2019-03-20,18,0,131,7.38,7.38,0.0,61.658329,0.0
2019-03-20,18,0,132,10.85,10.85,0.0,90.649441,0.0
2019-03-20,18,0,133,47.94,47.94,0.0,462.668249,0.0
2019-03-20,18,0,134,0.0,0.0,0.0,0.0,0.0
2019-03-20,18,0,135,64.24,64.24,0.0,619.979314,0.0
2019-03-20,18,0,136,10.17,10.17,0.0,98.054148,0.0
2019-03-20,18,0,139,43.46,43.46,0.0,385.533251,0.0
2019-03-20,18,0,140,74.21,74.21,0.0,975.133651,0.0
2019-03-20,18,0,141,31.53,31.53,0.0,307.585168,0.0
2019-03-20,18,0,142,248.55,248.55,0.0,2424.684225,0.0
2019-03-20,18,0,143,87.35,87.35,0.0,740.665556,0.0
2019-03-20,18,0,145,1.19,1.19,0.0,10.375462,0.0
2019-03-20,18,0,146,78.73,78.73,0.0,1034.527319,0.0
2019-03-20,18,0,152,3.09,3.09,0.0,29.099835,0.0
2019-03-20,18,0,153,4.05,4.05,0.0,38.098079,0.0
2019-03-20,18,0,154,50.07,50.07,0.0,444.170499,0.0
2019-03-20,18,0,157,12.8,12.8,0.0,124.868067,0.0
2019-03-20,18,0,158,230.34,230.34,0.0,2247.039889,0.0
2019-03-20,18,0,159,0.0,0.0,0.0,0.0,0.0
2019-03-20,18,0,160,1.13,1.13,0.0,10.825089,0.0
2019-03-20,18,0,161,34.08,34.08,0.0,294.791556,0.0
2019-03-20,18,0,162,25.12,25.12,0.0,383.243588,0.0
2019-03-20,18,0,163,12.26,12.26,0.0,161.098754,0.0
2019-03-20,18,0,164,14.63,14.63,0.0,124.051941,0.0
2019-03-20,18,0,167,3.05,3.05,0.0,46.527289,0.0
2019-03-20,18,0,168,1.53,1.53,0.0,23.339919,0.0
2019-03-20,18,0,169,0.0,0.0,0.0,0.0,0.0
2019-03-20,18,0,170,3.34,3.34,0.0,50.951196,0.0
2019-03-20,18,0,172,3.63,3.63,0.0,53.494182,0.0
2019-03-20,18,0,173,5.53,5.53,0.0,81.493892,0.0
2019-03-20,18,0,188,5.51,5.51,0.0,82.886512,0.0
2019-03-20,18,0,190,5.91,5.91,0.0,90.611656,0.0
2019-03-20,18,0,191,15.27,15.27,0.0,234.11844,0.0
2019-03-20,18,0,192,14.11,14.11,0.0,216.333412,0.0
2019-03-20,18,0,194,22.4,22.4,0.0,139.26902,0.0
2019-03-20,18,0,196,3.99,3.99,0.0,57.875357,0.0
2019-03-20,18,0,198,4.57,4.57,0.0,45.205927,0.0
2019-03-20,18,0,199,0.0,0.0,0.0,0.0,0.0
2019-03-20,18,0,200,8.03,8.03,0.0,75.941368,0.0
2019-03-20,18,0,204,44.33,44.33,0.0,403.210829,0.0
2019-03-20,18,0,205,52.9,52.9,0.0,482.699848,0.0
2019-03-20,18,0,206,66.64,66.64,0.0,564.545677,0.0
2019-03-20,18,0,210,0.91,0.91,0.0,9.200791,0.0
2019-03-20,18,0,214,4.84,4.84,0.0,48.284454,0.0
2019-03-20,18,0,217,3.45,3.45,0.0,34.62735,0.0
2019-03-20,18,0,218,4.76,4.76,0.0,47.775707,0.0
2019-03-20,18,0,219,3.24,3.24,0.0,32.519599,0.0
2019-03-20,18,0,221,2.58,2.58,0.0,25.738407,0.0
2019-03-20,18,0,225,2.73,2.73,0.0,27.47771,0.0
2019-03-20,18,0,233,1.52,1.52,0.0,14.979617,0.0
2019-03-20,18,0,236,39.42,39.42,0.0,375.975569,0.0
2019-03-20,18,0,237,75.88,75.88,0.0,713.865567,0.0
2019-03-20,18,0,238,21.68,21.68,0.0,208.25406,0.0
2019-03-20,18,0,240,6.15,6.15,0.0,57.438319,0.0
2019-03-20,18,0,245,38.87,38.87,0.0,376.282366,0.0
2019-03-20,18,0,247,41.17,41.17,0.0,398.547595,0.0
2019-03-20,18,0,248,7.62,7.62,0.0,71.687607,0.0
2019-03-20,18,0,249,74.76,74.76,0.0,723.71674,0.0
2019-03-20,18,0,251,29.04,29.04,0.0,279.609379,0.0
2019-03-20,18,0,252,50.0,50.0,0.0,482.098095,0.0
2019-03-20,18,0,254,7.0,7.0,0.0,66.095161,0.0
2019-03-20,18,0,255,3.21,3.21,0.0,30.309353,0.0
2019-03-20,18,0,258,7.94,7.94,0.0,74.228618,0.0
2019-03-20,18,0,260,2.73,2.73,0.0,26.152649,0.0
2019-03-20,18,0,265,51.84,51.84,0.0,459.872152,0.0
2019-03-20,18,0,266,28.14,28.14,0.0,249.629675,0.0
2019-03-20,18,0,267,34.58,34.58,0.0,306.758855,0.0
2019-03-20,18,0,270,38.28,38.28,0.0,503.006551,0.0
2019-03-20,18,0,272,23.7,23.7,0.0,175.284371,0.0
2019-03-20,18,0,273,18.29,18.29,0.0,240.334112,0.0
2019-03-20,18,0,274,49.35,49.35,0.0,648.468477,0.0
2019-03-20,18,0,275,68.69,68.69,0.0,902.599791,0.0
2019-03-20,18,0,276,3.93,3.93,0.0,48.670775,0.0
2019-03-20,18,0,277,4.2,4.2,0.0,31.705248,0.0
2019-03-20,18,0,278,6.72,6.72,0.0,50.728396,0.0
2019-03-20,18,0,279,40.75,40.75,0.0,307.616391,0.0
2019-03-20,18,0,281,17.93,17.93,0.0,152.033582,0.0
2019-03-20,18,0,282,211.78,211.78,0.0,1795.743005,0.0
2019-03-20,19,0,9,0.64,0.64,0.0,8.605071,0.0
2019-03-20,19,0,17,1.98,1.98,0.0,23.340597,0.0
2019-03-20,19,0,19,295.63,295.63,0.0,3484.939732,0.0
2019-03-20,19,0,20,359.34,359.34,0.0,4235.964697,0.0
2019-03-20,19,0,21,14.56,14.56,0.0,195.765361,0.0
2019-03-20,19,0,22,51.74,51.74,0.0,695.666194,0.0
2019-03-20,19,0,23,36.83,36.83,0.0,495.194935,0.0
2019-03-20,19,0,24,65.16,65.16,0.0,876.103773,0.0
2019-03-20,19,0,29,0.6,0.6,0.0,6.714916,0.0
2019-03-20,19,0,30,129.52,129.52,0.0,1742.812379,0.0
2019-03-20,19,0,31,18.55,18.55,0.0,249.607548,0.0
2019-03-20,19,0,32,0.71,0.71,0.0,13.036976,0.0
2019-03-20,19,0,33,0.16,0.16,0.0,1.839437,0.0
2019-03-20,19,0,34,0.26,0.26,0.0,2.989085,0.0
2019-03-20,19,0,35,0.26,0.26,0.0,2.989085,0.0
2019-03-20,19,0,36,1.43,1.43,0.0,17.489805,0.0
2019-03-20,19,0,37,0.67,0.67,0.0,8.197531,0.0
2019-03-20,19,0,38,0.86,0.86,0.0,10.522203,0.0
2019-03-20,19,0,39,0.57,0.57,0.0,6.974019,0.0
2019-03-20,19,0,40,0.57,0.57,0.0,6.974019,0.0
2019-03-20,19,0,41,34.8,34.8,0.0,448.851251,0.0
2019-03-20,19,0,42,4.15,4.15,0.0,49.183355,0.0
2019-03-20,19,0,43,4.64,4.64,0.0,56.37661,0.0
2019-03-20,19,0,46,3.42,3.42,0.0,42.22489,0.0
2019-03-20,19,0,52,19.66,19.66,0.0,264.543633,0.0
2019-03-20,19,0,53,31.23,31.23,0.0,420.228772,0.0
2019-03-20,19,0,55,95.61,95.61,0.0,1285.516908,0.0
2019-03-20,19,0,56,38.2,38.2,0.0,514.016622,0.0
2019-03-20,19,0,57,36.34,36.34,0.0,488.988587,0.0
2019-03-20,19,0,58,69.89,69.89,0.0,940.435123,0.0
2019-03-20,19,0,59,68.72,68.72,0.0,924.691682,0.0
2019-03-20,19,0,63,15.14,15.14,0.0,274.497814,0.0
2019-03-20,19,0,64,17.81,17.81,0.0,322.906609,0.0
2019-03-20,19,0,65,5.96,5.96,0.0,70.32756,0.0
2019-03-20,19,0,67,67.95,67.95,0.0,1051.444194,0.0
2019-03-20,19,0,68,1.6,1.6,0.0,23.928374,0.0
2019-03-20,19,0,69,0.16,0.16,0.0,1.839437,0.0
2019-03-20,19,0,74,27.95,27.95,0.0,339.128869,0.0
2019-03-20,19,0,77,12.44,12.44,0.0,179.828933,0.0
2019-03-20,19,0,78,9.4,9.4,0.0,135.883599,0.0
2019-03-20,19,0,79,5.44,5.44,0.0,78.639019,0.0
2019-03-20,19,0,80,8.8,8.8,0.0,127.210177,0.0
2019-03-20,19,0,81,11.51,11.51,0.0,166.38513,0.0
2019-03-20,19,0,82,8.12,8.12,0.0,117.3803,0.0
2019-03-20,19,0,83,18.1,18.1,0.0,261.648206,0.0
2019-03-20,19,0,84,0.0,0.0,0.0,0.0,0.0
2019-03-20,19,0,86,0.82,0.82,0.0,9.427113,0.0
2019-03-20,19,0,87,4.2,4.2,0.0,48.285211,0.0
2019-03-20,19,0,88,8.32,8.32,0.0,120.27144,0.0
2019-03-20,19,0,89,7.99,7.99,0.0,115.501059,0.0
2019-03-20,19,0,90,10.73,10.73,0.0,155.109682,0.0
2019-03-20,19,0,91,38.29,38.29,0.0,553.508829,0.0
2019-03-20,19,0,92,13.77,13.77,0.0,199.055016,0.0
2019-03-20,19,0,95,9.17,9.17,0.0,168.39268,0.0
2019-03-20,19,0,96,5.16,5.16,0.0,69.489286,0.0
2019-03-20,19,0,97,31.72,31.72,0.0,427.17057,0.0
2019-03-20,19,0,99,5.39,5.39,0.0,65.399091,0.0
2019-03-20,19,0,101,2.61,2.61,0.0,35.119984,0.0
2019-03-20,19,0,102,4.58,4.58,0.0,68.494969,0.0
2019-03-20,19,0,103,3.85,3.85,0.0,57.577649,0.0
2019-03-20,19,0,104,0.55,0.55,0.0,8.225378,0.0
2019-03-20,19,0,106,50.93,50.93,0.0,684.775402,0.0
2019-03-20,19,0,109,9.58,9.58,0.0,120.100419,0.0
2019-03-20,19,0,110,79.44,79.44,0.0,1355.388174,0.0
2019-03-20,19,0,111,3.47,3.47,0.0,44.756145,0.0
2019-03-20,19,0,113,5.13,5.13,0.0,74.75854,0.0
2019-03-20,19,0,115,5.13,5.13,0.0,74.75854,0.0
2019-03-20,19,0,116,22.41,22.41,0.0,382.354594,0.0
2019-03-20,19,0,117,0.34,0.34,0.0,4.954757,0.0
2019-03-20,19,0,119,17.81,17.81,0.0,322.906609,0.0
2019-03-20,19,0,120,10.47,10.47,0.0,189.827748,0.0
2019-03-20,19,0,123,0.85,0.85,0.0,11.42861,0.0
2019-03-20,19,0,125,58.97,58.97,0.0,792.876604,0.0
2019-03-20,19,0,126,38.2,38.2,0.0,513.615165,0.0
2019-03-20,19,0,127,49.02,49.02,0.0,659.094643,0.0
2019-03-20,19,0,128,84.46,84.46,0.0,1135.60044,0.0
2019-03-20,19,0,131,6.48,6.48,0.0,96.012491,0.0
2019-03-20,19,0,132,9.53,9.53,0.0,141.203555,0.0
2019-03-20,19,0,133,37.98,37.98,0.0,447.673056,0.0
2019-03-20,19,0,134,0.0,0.0,0.0,0.0,0.0
2019-03-20,19,0,135,51.47,51.47,0.0,606.68068,0.0
2019-03-20,19,0,136,8.96,8.96,0.0,105.733116,0.0
2019-03-20,19,0,139,44.94,44.94,0.0,579.637219,0.0
2019-03-20,19,0,140,58.79,58.79,0.0,1003.062321,0.0
2019-03-20,19,0,141,17.64,17.64,0.0,272.957698,0.0
2019-03-20,19,0,142,89.6,89.6,0.0,1386.4518,0.0
2019-03-20,19,0,143,37.88,37.88,0.0,509.710724,0.0
2019-03-20,19,0,145,2.55,2.55,0.0,33.44244,0.0
2019-03-20,19,0,146,68.49,68.49,0.0,1168.561632,0.0
2019-03-20,19,0,152,1.05,1.05,0.0,12.725726,0.0
2019-03-20,19,0,153,1.33,1.33,0.0,16.139123,0.0
2019-03-20,19,0,154,14.33,14.33,0.0,184.82869,0.0
2019-03-20,19,0,157,13.26,13.26,0.0,205.182487,0.0
2019-03-20,19,0,158,83.82,83.82,0.0,1297.01328,0.0
2019-03-20,19,0,159,0.0,0.0,0.0,0.0,0.0
2019-03-20,19,0,160,0.34,0.34,0.0,4.042114,0.0
2019-03-20,19,0,161,11.79,11.79,0.0,176.322203,0.0
2019-03-20,19,0,162,14.07,14.07,0.0,258.32665,0.0
2019-03-20,19,0,163,5.6,5.6,0.0,95.545994,0.0
2019-03-20,19,0,164,5.31,5.31,0.0,71.451002,0.0
2019-03-20,19,0,167,0.77,0.77,0.0,14.144243,0.0
2019-03-20,19,0,168,0.38,0.38,0.0,6.980276,0.0
2019-03-20,19,0,169,0.0,0.0,0.0,0.0,0.0
2019-03-20,19,0,170,0.84,0.84,0.0,15.430083,0.0
2019-03-20,19,0,172,0.99,0.99,0.0,18.523936,0.0
2019-03-20,19,0,173,1.5,1.5,0.0,28.066569,0.0
2019-03-20,19,0,188,1.47,1.47,0.0,27.007834,0.0
2019-03-20,19,0,190,1.56,1.56,0.0,28.283791,0.0
2019-03-20,19,0,191,4.03,4.03,0.0,73.066459,0.0
2019-03-20,19,0,192,9.93,9.93,0.0,180.037206,0.0
2019-03-20,19,0,194,26.44,26.44,0.0,377.988583,0.0
2019-03-20,19,0,196,1.12,1.12,0.0,19.785786,0.0
2019-03-20,19,0,198,1.42,1.42,0.0,16.250417,0.0
2019-03-20,19,0,199,0.0,0.0,0.0,0.0,0.0
2019-03-20,19,0,200,2.35,2.35,0.0,26.755296,0.0
2019-03-20,19,0,204,41.83,41.83,0.0,526.138559,0.0
2019-03-20,19,0,205,50.67,50.67,0.0,635.228418,0.0
2019-03-20,19,0,206,93.2,93.2,0.0,1255.116554,0.0
2019-03-20,19,0,210,0.22,0.22,0.0,2.449087,0.0
2019-03-20,19,0,214,1.2,1.2,0.0,13.588768,0.0
2019-03-20,19,0,217,0.77,0.77,0.0,8.652794,0.0
2019-03-20,19,0,218,1.06,1.06,0.0,11.911639,0.0
2019-03-20,19,0,219,0.72,0.72,0.0,8.090924,0.0
2019-03-20,19,0,221,0.64,0.64,0.0,7.247343,0.0
2019-03-20,19,0,225,0.58,0.58,0.0,6.494408,0.0
2019-03-20,19,0,233,0.47,0.47,0.0,5.403345,0.0
2019-03-20,19,0,236,31.54,31.54,0.0,376.854027,0.0
2019-03-20,19,0,237,67.05,67.05,0.0,813.545283,0.0
2019-03-20,19,0,238,5.4,5.4,0.0,63.997619,0.0
2019-03-20,19,0,240,1.62,1.62,0.0,19.813625,0.0
2019-03-20,19,0,245,32.2,32.2,0.0,378.188592,0.0
2019-03-20,19,0,247,29.87,29.87,0.0,350.822772,0.0
2019-03-20,19,0,248,6.73,6.73,0.0,81.657864,0.0
2019-03-20,19,0,249,61.91,61.91,0.0,727.132166,0.0
2019-03-20,19,0,251,18.93,18.93,0.0,223.737661,0.0
2019-03-20,19,0,252,38.44,38.44,0.0,453.58916,0.0
2019-03-20,19,0,254,2.28,2.28,0.0,27.552652,0.0
2019-03-20,19,0,255,1.04,1.04,0.0,12.567876,0.0
2019-03-20,19,0,258,2.06,2.06,0.0,25.16832,0.0
2019-03-20,19,0,260,0.82,0.82,0.0,9.748628,0.0
2019-03-20,19,0,265,14.83,14.83,0.0,191.277703,0.0
2019-03-20,19,0,266,29.1,29.1,0.0,375.332511,0.0
2019-03-20,19,0,267,35.76,35.76,0.0,461.233354,0.0
2019-03-20,19,0,270,17.48,17.48,0.0,298.239996,0.0
2019-03-20,19,0,272,17.14,17.14,0.0,249.778045,0.0
2019-03-20,19,0,273,5.36,5.36,0.0,91.451166,0.0
2019-03-20,19,0,274,22.53,22.53,0.0,384.402009,0.0
2019-03-20,19,0,275,31.36,31.36,0.0,535.057567,0.0
2019-03-20,19,0,276,1.16,1.16,0.0,19.380375,0.0
2019-03-20,19,0,277,1.43,1.43,0.0,20.771983,0.0
2019-03-20,19,0,278,2.29,2.29,0.0,33.264225,0.0
2019-03-20,19,0,279,28.59,28.59,0.0,415.294405,0.0
2019-03-20,19,0,281,8.32,8.32,0.0,111.953358,0.0
2019-03-20,19,0,282,71.05,71.05,0.0,956.044005,0.0
2019-03-20,20,0,9,0.0,0.0,0.0,0.0,0.0
2019-03-20,20,0,17,0.0,0.0,0.0,0.0,0.0
2019-03-20,20,0,19,192.2,192.2,0.0,2640.63195,0.0
2019-03-20,20,0,20,233.1,233.1,0.0,3202.556231,0.0
2019-03-20,20,0,21,0.0,0.0,0.0,0.0,0.0
2019-03-20,20,0,22,0.0,0.0,0.0,0.0,0.0
2019-03-20,20,0,23,33.71,33.71,0.0,543.85987,0.0
2019-03-20,20,0,24,59.64,59.64,0.0,962.201206,0.0
2019-03-20,20,0,29,0.0,0.0,0.0,0.0,0.0
2019-03-20,20,0,30,0.0,0.0,0.0,0.0,0.0
2019-03-20,20,0,31,15.38,15.38,0.0,248.387225,0.0
2019-03-20,20,0,32,0.0,0.0,0.0,0.0,0.0
2019-03-20,20,0,33,0.0,0.0,0.0,0.0,0.0
2019-03-20,20,0,34,0.0,0.0,0.0,0.0,0.0
2019-03-20,20,0,35,0.0,0.0,0.0,0.0,0.0
2019-03-20,20,0,36,0.0,0.0,0.0,0.0,0.0
2019-03-20,20,0,37,0.0,0.0,0.0,0.0,0.0
2019-03-20,20,0,38,0.0,0.0,0.0,0.0,0.0
2019-03-20,20,0,39,0.0,0.0,0.0,0.0,0.0
2019-03-20,20,0,40,0.0,0.0,0.0,0.0,0.0
2019-03-20,20,0,41,42.3,42.3,0.0,646.728516,0.0
2019-03-20,20,0,42,0.0,0.0,0.0,0.0,0.0
2019-03-20,20,0,43,0.0,0.0,0.0,0.0,0.0
2019-03-20,20,0,46,0.0,0.0,0.0,0.0,0.0
2019-03-20,20,0,52,16.3,16.3,0.0,263.245239,0.0
2019-03-20,20,0,53,25.9,25.9,0.0,418.28538,0.0
2019-03-20,20,0,55,78.76,78.76,0.0,1270.673491,0.0
2019-03-20,20,0,56,0.0,0.0,0.0,0.0,0.0
2019-03-20,20,0,57,0.0,0.0,0.0,0.0,0.0
2019-03-20,20,0,58,0.0,0.0,0.0,0.0,0.0
2019-03-20,20,0,59,0.0,0.0,0.0,0.0,0.0
2019-03-20,20,0,63,8.28,8.28,0.0,157.994844,0.0
2019-03-20,20,0,64,9.74,9.74,0.0,185.853838,0.0
2019-03-20,20,0,65,3.68,3.68,0.0,50.611522,0.0
2019-03-20,20,0,67,0.0,0.0,0.0,0.0,0.0
2019-03-20,20,0,68,1.23,1.23,0.0,22.11068,0.0
2019-03-20,20,0,69,0.0,0.0,0.0,0.0,0.0
2019-03-20,20,0,74,19.0,19.0,0.0,269.177924,0.0
2019-03-20,20,0,77,18.29,18.29,0.0,324.205497,0.0
2019-03-20,20,0,78,13.88,13.88,0.0,246.034571,0.0
2019-03-20,20,0,79,8.08,8.08,0.0,143.224736,0.0
2019-03-20,20,0,80,13.0,13.0,0.0,230.435837,0.0
2019-03-20,20,0,81,16.94,16.94,0.0,300.275622,0.0
2019-03-20,20,0,82,12.0,12.0,0.0,212.710004,0.0
2019-03-20,20,0,83,26.4,26.4,0.0,467.962008,0.0
2019-03-20,20,0,84,0.0,0.0,0.0,0.0,0.0
2019-03-20,20,0,86,0.0,0.0,0.0,0.0,0.0
2019-03-20,20,0,87,0.0,0.0,0.0,0.0,0.0
2019-03-20,20,0,88,17.03,17.03,0.0,301.870947,0.0
2019-03-20,20,0,89,16.37,16.37,0.0,290.171897,0.0
2019-03-20,20,0,90,21.96,21.96,0.0,389.259307,0.0
2019-03-20,20,0,91,78.19,78.19,0.0,1385.982932,0.0
2019-03-20,20,0,92,28.16,28.16,0.0,499.159475,0.0
2019-03-20,20,0,95,7.35,7.35,0.0,142.926482,0.0
2019-03-20,20,0,96,5.7,5.7,0.0,92.153536,0.0
2019-03-20,20,0,97,41.13,41.13,0.0,664.960513,0.0
2019-03-20,20,0,99,3.67,3.67,0.0,51.993841,0.0
2019-03-20,20,0,101,0.0,0.0,0.0,0.0,0.0
2019-03-20,20,0,102,2.91,2.91,0.0,52.310634,0.0
2019-03-20,20,0,103,2.53,2.53,0.0,45.479692,0.0
2019-03-20,20,0,104,0.47,0.47,0.0,8.448797,0.0
2019-03-20,20,0,106,0.0,0.0,0.0,0.0,0.0
2019-03-20,20,0,109,10.6,10.6,0.0,155.727958,0.0
2019-03-20,20,0,110,39.24,39.24,0.0,732.851002,0.0
2019-03-20,20,0,111,0.0,0.0,0.0,0.0,0.0
2019-03-20,20,0,113,5.67,5.67,0.0,102.296771,0.0
2019-03-20,20,0,115,5.67,5.67,0.0,102.296771,0.0
2019-03-20,20,0,116,0.0,0.0,0.0,0.0,0.0
2019-03-20,20,0,117,0.38,0.38,0.0,6.855868,0.0
2019-03-20,20,0,119,9.74,9.74,0.0,185.853838,0.0
2019-03-20,20,0,120,5.73,5.73,0.0,109.337012,0.0
2019-03-20,20,0,123,0.0,0.0,0.0,0.0,0.0
2019-03-20,20,0,125,53.97,53.97,0.0,870.724331,0.0
2019-03-20,20,0,126,0.0,0.0,0.0,0.0,0.0
2019-03-20,20,0,127,0.0,0.0,0.0,0.0,0.0
2019-03-20,20,0,128,77.3,77.3,0.0,1247.118599,0.0
2019-03-20,20,0,131,6.49,6.49,0.0,116.366643,0.0
2019-03-20,20,0,132,9.55,9.55,0.0,171.232888,0.0
2019-03-20,20,0,133,20.85,20.85,0.0,286.429934,0.0
2019-03-20,20,0,134,0.0,0.0,0.0,0.0,0.0
2019-03-20,20,0,135,27.79,27.79,0.0,381.769202,0.0
2019-03-20,20,0,136,5.19,5.19,0.0,71.382782,0.0
2019-03-20,20,0,139,56.62,56.62,0.0,865.668287,0.0
2019-03-20,20,0,140,29.05,29.05,0.0,542.541325,0.0
2019-03-20,20,0,141,22.53,22.53,0.0,408.884984,0.0
2019-03-20,20,0,142,0.0,0.0,0.0,0.0,0.0
2019-03-20,20,0,143,29.06,29.06,0.0,469.319426,0.0
2019-03-20,20,0,145,3.25,3.25,0.0,50.728846,0.0
2019-03-20,20,0,146,36.5,36.5,0.0,681.678429,0.0
2019-03-20,20,0,152,0.0,0.0,0.0,0.0,0.0
2019-03-20,20,0,153,0.0,0.0,0.0,0.0,0.0
2019-03-20,20,0,154,0.0,0.0,0.0,0.0,0.0
2019-03-20,20,0,157,0.0,0.0,0.0,0.0,0.0
2019-03-20,20,0,158,0.0,0.0,0.0,0.0,0.0
2019-03-20,20,0,159,0.0,0.0,0.0,0.0,0.0
2019-03-20,20,0,160,0.0,0.0,0.0,0.0,0.0
2019-03-20,20,0,161,0.0,0.0,0.0,0.0,0.0
2019-03-20,20,0,162,10.22,10.22,0.0,198.668717,0.0
2019-03-20,20,0,163,0.0,0.0,0.0,0.0,0.0
2019-03-20,20,0,164,0.08,0.08,0.0,1.292001,0.0
2019-03-20,20,0,167,0.0,0.0,0.0,0.0,0.0
2019-03-20,20,0,168,0.0,0.0,0.0,0.0,0.0
2019-03-20,20,0,169,0.0,0.0,0.0,0.0,0.0
2019-03-20,20,0,170,0.0,0.0,0.0,0.0,0.0
2019-03-20,20,0,172,0.0,0.0,0.0,0.0,0.0
2019-03-20,20,0,173,0.0,0.0,0.0,0.0,0.0
2019-03-20,20,0,188,0.0,0.0,0.0,0.0,0.0
2019-03-20,20,0,190,0.0,0.0,0.0,0.0,0.0
2019-03-20,20,0,191,0.0,0.0,0.0,0.0,0.0
2019-03-20,20,0,192,0.0,0.0,0.0,0.0,0.0
2019-03-20,20,0,194,32.51,32.51,0.0,591.950623,0.0
2019-03-20,20,0,196,0.0,0.0,0.0,0.0,0.0
2019-03-20,20,0,198,0.0,0.0,0.0,0.0,0.0
2019-03-20,20,0,199,0.0,0.0,0.0,0.0,0.0
2019-03-20,20,0,200,0.0,0.0,0.0,0.0,0.0
2019-03-20,20,0,204,80.19,80.19,0.0,1182.72685,0.0
2019-03-20,20,0,205,56.1,56.1,0.0,824.18287,0.0
2019-03-20,20,0,206,155.8,155.8,0.0,2518.863308,0.0
2019-03-20,20,0,210,0.0,0.0,0.0,0.0,0.0
2019-03-20,20,0,214,0.0,0.0,0.0,0.0,0.0
2019-03-20,20,0,217,0.0,0.0,0.0,0.0,0.0
2019-03-20,20,0,218,0.0,0.0,0.0,0.0,0.0
2019-03-20,20,0,219,0.0,0.0,0.0,0.0,0.0
2019-03-20,20,0,221,0.0,0.0,0.0,0.0,0.0
2019-03-20,20,0,225,0.0,0.0,0.0,0.0,0.0
2019-03-20,20,0,233,0.0,0.0,0.0,0.0,0.0
2019-03-20,20,0,236,22.8,22.8,0.0,317.60769,0.0
2019-03-20,20,0,237,45.58,45.58,0.0,645.743673,0.0
2019-03-20,20,0,238,0.0,0.0,0.0,0.0,0.0
2019-03-20,20,0,240,0.0,0.0,0.0,0.0,0.0
2019-03-20,20,0,245,44.0,44.0,0.0,602.22546,0.0
2019-03-20,20,0,247,21.9,21.9,0.0,299.744036,0.0
2019-03-20,20,0,248,4.58,4.58,0.0,64.886047,0.0
2019-03-20,20,0,249,84.58,84.58,0.0,1157.641577,0.0
2019-03-20,20,0,251,11.77,11.77,0.0,162.147814,0.0
2019-03-20,20,0,252,23.75,23.75,0.0,326.636863,0.0
2019-03-20,20,0,254,0.0,0.0,0.0,0.0,0.0
2019-03-20,20,0,255,0.0,0.0,0.0,0.0,0.0
2019-03-20,20,0,258,0.0,0.0,0.0,0.0,0.0
2019-03-20,20,0,260,0.0,0.0,0.0,0.0,0.0
2019-03-20,20,0,265,0.0,0.0,0.0,0.0,0.0
2019-03-20,20,0,266,34.5,34.5,0.0,527.473612,0.0
2019-03-20,20,0,267,43.64,43.64,0.0,667.215897,0.0
2019-03-20,20,0,270,0.0,0.0,0.0,0.0,0.0
2019-03-20,20,0,272,18.94,18.94,0.0,341.710906,0.0
2019-03-20,20,0,273,0.0,0.0,0.0,0.0,0.0
2019-03-20,20,0,274,0.0,0.0,0.0,0.0,0.0
2019-03-20,20,0,275,0.0,0.0,0.0,0.0,0.0
2019-03-20,20,0,276,0.0,0.0,0.0,0.0,0.0
2019-03-20,20,0,277,0.0,0.0,0.0,0.0,0.0
2019-03-20,20,0,278,0.0,0.0,0.0,0.0,0.0
2019-03-20,20,0,279,70.3,70.3,0.0,1259.431469,0.0
2019-03-20,20,0,281,6.9,6.9,0.0,111.435101,0.0
2019-03-20,20,0,282,0.0,0.0,0.0,0.0,0.0
2019-03-20,21,0,9,0.0,0.0,0.0,0.0,0.0
2019-03-20,21,0,17,0.0,0.0,0.0,0.0,0.0
2019-03-20,21,0,19,109.82,109.82,0.0,1330.814191,0.0
2019-03-20,21,0,20,133.2,133.2,0.0,1614.136316,0.0
2019-03-20,21,0,21,0.0,0.0,0.0,0.0,0.0
2019-03-20,21,0,22,0.0,0.0,0.0,0.0,0.0
2019-03-20,21,0,23,31.09,31.09,0.0,475.536224,0.0
2019-03-20,21,0,24,55.01,55.01,0.0,841.403913,0.0
2019-03-20,21,0,29,0.0,0.0,0.0,0.0,0.0
2019-03-20,21,0,30,0.0,0.0,0.0,0.0,0.0
2019-03-20,21,0,31,12.67,12.67,0.0,194.054699,0.0
2019-03-20,21,0,32,0.0,0.0,0.0,0.0,0.0
2019-03-20,21,0,33,0.0,0.0,0.0,0.0,0.0
2019-03-20,21,0,34,0.0,0.0,0.0,0.0,0.0
2019-03-20,21,0,35,0.0,0.0,0.0,0.0,0.0
2019-03-20,21,0,36,0.0,0.0,0.0,0.0,0.0
2019-03-20,21,0,37,0.0,0.0,0.0,0.0,0.0
2019-03-20,21,0,38,0.0,0.0,0.0,0.0,0.0
2019-03-20,21,0,39,0.0,0.0,0.0,0.0,0.0
2019-03-20,21,0,40,0.0,0.0,0.0,0.0,0.0
2019-03-20,21,0,41,49.19,49.19,0.0,699.865302,0.0
2019-03-20,21,0,42,0.0,0.0,0.0,0.0,0.0
2019-03-20,21,0,43,0.0,0.0,0.0,0.0,0.0
2019-03-20,21,0,46,0.0,0.0,0.0,0.0,0.0
2019-03-20,21,0,52,13.43,13.43,0.0,205.694918,0.0
2019-03-20,21,0,53,21.34,21.34,0.0,326.845089,0.0
2019-03-20,21,0,55,64.79,64.79,0.0,990.993629,0.0
2019-03-20,21,0,56,0.0,0.0,0.0,0.0,0.0
2019-03-20,21,0,57,0.0,0.0,0.0,0.0,0.0
2019-03-20,21,0,58,0.0,0.0,0.0,0.0,0.0
2019-03-20,21,0,59,0.0,0.0,0.0,0.0,0.0
2019-03-20,21,0,63,4.39,4.39,0.0,82.928521,0.0
2019-03-20,21,0,64,5.16,5.16,0.0,97.474071,0.0
2019-03-20,21,0,65,2.09,2.09,0.0,25.371976,0.0
2019-03-20,21,0,67,0.0,0.0,0.0,0.0,0.0
2019-03-20,21,0,68,1.17,1.17,0.0,20.570265,0.0
2019-03-20,21,0,69,0.0,0.0,0.0,0.0,0.0
2019-03-20,21,0,74,12.21,12.21,0.0,155.751375,0.0
2019-03-20,21,0,77,39.11,39.11,0.0,675.723352,0.0
2019-03-20,21,0,78,29.63,29.63,0.0,511.932573,0.0
2019-03-20,21,0,79,17.19,17.19,0.0,297.000369,0.0
2019-03-20,21,0,80,27.74,27.74,0.0,479.278082,0.0
2019-03-20,21,0,81,36.2,36.2,0.0,625.445803,0.0
2019-03-20,21,0,82,25.59,25.59,0.0,442.131439,0.0
2019-03-20,21,0,83,56.7,56.7,0.0,979.634725,0.0
2019-03-20,21,0,84,0.0,0.0,0.0,0.0,0.0
2019-03-20,21,0,86,0.0,0.0,0.0,0.0,0.0
2019-03-20,21,0,87,0.0,0.0,0.0,0.0,0.0
2019-03-20,21,0,88,33.03,33.03,0.0,570.676102,0.0
2019-03-20,21,0,89,31.76,31.76,0.0,548.733666,0.0
2019-03-20,21,0,90,42.64,42.64,0.0,736.712957,0.0
2019-03-20,21,0,91,152.1,152.1,0.0,2627.909023,0.0
2019-03-20,21,0,92,54.7,54.7,0.0,945.079708,0.0
2019-03-20,21,0,95,5.77,5.77,0.0,111.431315,0.0
2019-03-20,21,0,96,5.9,5.9,0.0,90.49191,0.0
2019-03-20,21,0,97,36.29,36.29,0.0,556.601934,0.0
2019-03-20,21,0,99,2.36,2.36,0.0,30.104279,0.0
2019-03-20,21,0,101,0.0,0.0,0.0,0.0,0.0
2019-03-20,21,0,102,2.76,2.76,0.0,48.524728,0.0
2019-03-20,21,0,103,2.4,2.4,0.0,42.195416,0.0
2019-03-20,21,0,104,0.45,0.45,0.0,7.91164,0.0
2019-03-20,21,0,106,0.0,0.0,0.0,0.0,0.0
2019-03-20,21,0,109,16.45,16.45,0.0,222.225319,0.0
2019-03-20,21,0,110,24.21,24.21,0.0,445.833109,0.0
2019-03-20,21,0,111,0.0,0.0,0.0,0.0,0.0
2019-03-20,21,0,113,11.76,11.76,0.0,207.829885,0.0
2019-03-20,21,0,115,11.76,11.76,0.0,207.829885,0.0
2019-03-20,21,0,116,0.0,0.0,0.0,0.0,0.0
2019-03-20,21,0,117,0.79,0.79,0.0,13.961361,0.0
2019-03-20,21,0,119,5.16,5.16,0.0,97.474071,0.0
2019-03-20,21,0,120,3.04,3.04,0.0,57.426584,0.0
2019-03-20,21,0,123,0.0,0.0,0.0,0.0,0.0
2019-03-20,21,0,125,49.78,49.78,0.0,761.408595,0.0
2019-03-20,21,0,126,0.0,0.0,0.0,0.0,0.0
2019-03-20,21,0,127,0.0,0.0,0.0,0.0,0.0
2019-03-20,21,0,128,71.29,71.29,0.0,1090.414197,0.0
2019-03-20,21,0,131,6.57,6.57,0.0,115.149795,0.0
2019-03-20,21,0,132,9.66,9.66,0.0,169.307005,0.0
2019-03-20,21,0,133,12.73,12.73,0.0,154.23807,0.0
2019-03-20,21,0,134,0.0,0.0,0.0,0.0,0.0
2019-03-20,21,0,135,16.55,16.55,0.0,200.521607,0.0
2019-03-20,21,0,136,2.68,2.68,0.0,32.537572,0.0
2019-03-20,21,0,139,64.79,64.79,0.0,921.818925,0.0
2019-03-20,21,0,140,17.92,17.92,0.0,330.001211,0.0
2019-03-20,21,0,141,28.58,28.58,0.0,508.343345,0.0
2019-03-20,21,0,142,0.0,0.0,0.0,0.0,0.0
2019-03-20,21,0,143,21.75,21.75,0.0,333.124681,0.0
2019-03-20,21,0,145,4.2,4.2,0.0,61.51099,0.0
2019-03-20,21,0,146,19.69,19.69,0.0,362.596196,0.0
2019-03-20,21,0,152,0.0,0.0,0.0,0.0,0.0
2019-03-20,21,0,153,0.0,0.0,0.0,0.0,0.0
2019-03-20,21,0,154,0.0,0.0,0.0,0.0,0.0
2019-03-20,21,0,157,0.0,0.0,0.0,0.0,0.0
2019-03-20,21,0,158,0.0,0.0,0.0,0.0,0.0
2019-03-20,21,0,159,0.0,0.0,0.0,0.0,0.0
2019-03-20,21,0,160,0.0,0.0,0.0,0.0,0.0
2019-03-20,21,0,161,0.0,0.0,0.0,0.0,0.0
2019-03-20,21,0,162,7.12,7.12,0.0,137.44867,0.0
2019-03-20,21,0,163,0.0,0.0,0.0,0.0,0.0
2019-03-20,21,0,164,0.0,0.0,0.0,0.0,0.0
2019-03-20,21,0,167,0.0,0.0,0.0,0.0,0.0
2019-03-20,21,0,168,0.0,0.0,0.0,0.0,0.0
2019-03-20,21,0,169,0.0,0.0,0.0,0.0,0.0
2019-03-20,21,0,170,0.0,0.0,0.0,0.0,0.0
2019-03-20,21,0,172,0.0,0.0,0.0,0.0,0.0
2019-03-20,21,0,173,0.0,0.0,0.0,0.0,0.0
2019-03-20,21,0,188,0.0,0.0,0.0,0.0,0.0
2019-03-20,21,0,190,0.0,0.0,0.0,0.0,0.0
2019-03-20,21,0,191,0.0,0.0,0.0,0.0,0.0
2019-03-20,21,0,192,0.0,0.0,0.0,0.0,0.0
2019-03-20,21,0,194,39.75,39.75,0.0,711.066163,0.0
2019-03-20,21,0,196,0.0,0.0,0.0,0.0,0.0
2019-03-20,21,0,198,0.0,0.0,0.0,0.0,0.0
2019-03-20,21,0,199,0.0,0.0,0.0,0.0,0.0
2019-03-20,21,0,200,0.0,0.0,0.0,0.0,0.0
2019-03-20,21,0,204,154.87,154.87,0.0,2104.352519,0.0
2019-03-20,21,0,205,76.36,76.36,0.0,1031.557772,0.0
2019-03-20,21,0,206,106.63,106.63,0.0,1635.449551,0.0
2019-03-20,21,0,210,0.0,0.0,0.0,0.0,0.0
2019-03-20,21,0,214,0.0,0.0,0.0,0.0,0.0
2019-03-20,21,0,217,0.0,0.0,0.0,0.0,0.0
2019-03-20,21,0,218,0.0,0.0,0.0,0.0,0.0
2019-03-20,21,0,219,0.0,0.0,0.0,0.0,0.0
2019-03-20,21,0,221,0.0,0.0,0.0,0.0,0.0
2019-03-20,21,0,225,0.0,0.0,0.0,0.0,0.0
2019-03-20,21,0,233,0.0,0.0,0.0,0.0,0.0
2019-03-20,21,0,236,15.85,15.85,0.0,196.725136,0.0
2019-03-20,21,0,237,29.29,29.29,0.0,373.624714,0.0
2019-03-20,21,0,238,0.0,0.0,0.0,0.0,0.0
2019-03-20,21,0,240,0.0,0.0,0.0,0.0,0.0
2019-03-20,21,0,245,55.53,55.53,0.0,668.517634,0.0
2019-03-20,21,0,247,15.62,15.62,0.0,188.046919,0.0
2019-03-20,21,0,248,2.94,2.94,0.0,37.502788,0.0
2019-03-20,21,0,249,106.79,106.79,0.0,1285.629355,0.0
2019-03-20,21,0,251,7.11,7.11,0.0,86.564964,0.0
2019-03-20,21,0,252,13.48,13.48,0.0,163.643173,0.0
2019-03-20,21,0,254,0.0,0.0,0.0,0.0,0.0
2019-03-20,21,0,255,0.0,0.0,0.0,0.0,0.0
2019-03-20,21,0,258,0.0,0.0,0.0,0.0,0.0
2019-03-20,21,0,260,0.0,0.0,0.0,0.0,0.0
2019-03-20,21,0,265,0.0,0.0,0.0,0.0,0.0
2019-03-20,21,0,266,40.57,40.57,0.0,577.221697,0.0
2019-03-20,21,0,267,50.65,50.65,0.0,720.637884,0.0
2019-03-20,21,0,270,0.0,0.0,0.0,0.0,0.0
2019-03-20,21,0,272,39.29,39.29,0.0,694.356818,0.0
2019-03-20,21,0,273,0.0,0.0,0.0,0.0,0.0
2019-03-20,21,0,274,0.0,0.0,0.0,0.0,0.0
2019-03-20,21,0,275,0.0,0.0,0.0,0.0,0.0
2019-03-20,21,0,276,0.0,0.0,0.0,0.0,0.0
2019-03-20,21,0,277,0.0,0.0,0.0,0.0,0.0
2019-03-20,21,0,278,0.0,0.0,0.0,0.0,0.0
2019-03-20,21,0,279,70.49,70.49,0.0,1234.576447,0.0
2019-03-20,21,0,281,5.69,5.69,0.0,87.14848,0.0
2019-03-20,21,0,282,0.0,0.0,0.0,0.0,0.0
2019-03-20,22,0,9,0.0,0.0,0.0,0.0,0.0
2019-03-20,22,0,17,0.0,0.0,0.0,0.0,0.0
2019-03-20,22,0,19,55.57,55.57,0.0,619.715198,0.0
2019-03-20,22,0,20,67.39,67.39,0.0,751.531532,0.0
2019-03-20,22,0,21,0.0,0.0,0.0,0.0,0.0
2019-03-20,22,0,22,0.0,0.0,0.0,0.0,0.0
2019-03-20,22,0,23,28.97,28.97,0.0,327.229301,0.0
2019-03-20,22,0,24,51.25,51.25,0.0,578.892014,0.0
2019-03-20,22,0,29,0.0,0.0,0.0,0.0,0.0
2019-03-20,22,0,30,0.0,0.0,0.0,0.0,0.0
2019-03-20,22,0,31,10.37,10.37,0.0,117.162499,0.0
2019-03-20,22,0,32,0.0,0.0,0.0,0.0,0.0
2019-03-20,22,0,33,0.0,0.0,0.0,0.0,0.0
2019-03-20,22,0,34,0.0,0.0,0.0,0.0,0.0
2019-03-20,22,0,35,0.0,0.0,0.0,0.0,0.0
2019-03-20,22,0,36,0.0,0.0,0.0,0.0,0.0
2019-03-20,22,0,37,0.0,0.0,0.0,0.0,0.0
2019-03-20,22,0,38,0.0,0.0,0.0,0.0,0.0
2019-03-20,22,0,39,0.0,0.0,0.0,0.0,0.0
2019-03-20,22,0,40,0.0,0.0,0.0,0.0,0.0
2019-03-20,22,0,41,30.39,30.39,0.0,339.586212,0.0
2019-03-20,22,0,42,0.0,0.0,0.0,0.0,0.0
2019-03-20,22,0,43,0.0,0.0,0.0,0.0,0.0
2019-03-20,22,0,46,0.0,0.0,0.0,0.0,0.0
2019-03-20,22,0,52,10.99,10.99,0.0,124.167393,0.0
2019-03-20,22,0,53,17.46,17.46,0.0,197.26685,0.0
2019-03-20,22,0,55,101.01,101.01,0.0,1140.953802,0.0
2019-03-20,22,0,56,0.0,0.0,0.0,0.0,0.0
2019-03-20,22,0,57,0.0,0.0,0.0,0.0,0.0
2019-03-20,22,0,58,0.0,0.0,0.0,0.0,0.0
2019-03-20,22,0,59,0.0,0.0,0.0,0.0,0.0
2019-03-20,22,0,63,0.0,0.0,0.0,0.0,0.0
2019-03-20,22,0,64,0.0,0.0,0.0,0.0,0.0
2019-03-20,22,0,65,1.05,1.05,0.0,11.706555,0.0
2019-03-20,22,0,67,0.0,0.0,0.0,0.0,0.0
2019-03-20,22,0,68,1.11,1.11,0.0,12.896757,0.0
2019-03-20,22,0,69,0.0,0.0,0.0,0.0,0.0
2019-03-20,22,0,74,7.29,7.29,0.0,80.806249,0.0
2019-03-20,22,0,77,47.97,47.97,0.0,554.816927,0.0
2019-03-20,22,0,78,36.27,36.27,0.0,419.495725,0.0
2019-03-20,22,0,79,20.99,20.99,0.0,242.768549,0.0
2019-03-20,22,0,80,33.94,33.94,0.0,392.547144,0.0
2019-03-20,22,0,81,44.37,44.37,0.0,513.179634,0.0
2019-03-20,22,0,82,31.3,31.3,0.0,362.013129,0.0
2019-03-20,22,0,83,69.8,69.8,0.0,807.300844,0.0
2019-03-20,22,0,84,0.0,0.0,0.0,0.0,0.0
2019-03-20,22,0,86,0.0,0.0,0.0,0.0,0.0
2019-03-20,22,0,87,0.0,0.0,0.0,0.0,0.0
2019-03-20,22,0,88,36.18,36.18,0.0,418.454793,0.0
2019-03-20,22,0,89,34.78,34.78,0.0,402.262512,0.0
2019-03-20,22,0,90,46.69,46.69,0.0,540.012556,0.0
2019-03-20,22,0,91,166.57,166.57,0.0,1926.534406,0.0
2019-03-20,22,0,92,59.9,59.9,0.0,692.798289,0.0
2019-03-20,22,0,95,4.49,4.49,0.0,53.880272,0.0
2019-03-20,22,0,96,6.88,6.88,0.0,77.751585,0.0
2019-03-20,22,0,97,42.28,42.28,0.0,477.810612,0.0
2019-03-20,22,0,99,1.41,1.41,0.0,15.629192,0.0
2019-03-20,22,0,101,0.0,0.0,0.0,0.0,0.0
2019-03-20,22,0,102,2.63,2.63,0.0,30.557181,0.0
2019-03-20,22,0,103,2.29,2.29,0.0,26.606823,0.0
2019-03-20,22,0,104,0.43,0.43,0.0,4.996041,0.0
2019-03-20,22,0,106,0.0,0.0,0.0,0.0,0.0
2019-03-20,22,0,109,37.28,37.28,0.0,411.525133,0.0
2019-03-20,22,0,110,27.13,27.13,0.0,319.799023,0.0
2019-03-20,22,0,111,0.0,0.0,0.0,0.0,0.0
2019-03-20,22,0,113,23.11,23.11,0.0,268.470865,0.0
2019-03-20,22,0,115,23.11,23.11,0.0,268.470865,0.0
2019-03-20,22,0,116,0.0,0.0,0.0,0.0,0.0
2019-03-20,22,0,117,1.54,1.54,0.0,17.890313,0.0
2019-03-20,22,0,119,0.0,0.0,0.0,0.0,0.0
2019-03-20,22,0,120,0.0,0.0,0.0,0.0,0.0
2019-03-20,22,0,123,0.0,0.0,0.0,0.0,0.0
2019-03-20,22,0,125,46.38,46.38,0.0,523.883154,0.0
2019-03-20,22,0,126,0.0,0.0,0.0,0.0,0.0
2019-03-20,22,0,127,0.0,0.0,0.0,0.0,0.0
2019-03-20,22,0,128,66.42,66.42,0.0,750.244051,0.0
2019-03-20,22,0,131,6.66,6.66,0.0,77.306566,0.0
2019-03-20,22,0,132,9.79,9.79,0.0,113.638331,0.0
2019-03-20,22,0,133,12.81,12.81,0.0,142.860257,0.0
2019-03-20,22,0,134,0.0,0.0,0.0,0.0,0.0
2019-03-20,22,0,135,17.16,17.16,0.0,191.372522,0.0
2019-03-20,22,0,136,1.15,1.15,0.0,12.821283,0.0
2019-03-20,22,0,139,39.24,39.24,0.0,438.478544,0.0
2019-03-20,22,0,140,20.08,20.08,0.0,236.69607,0.0
2019-03-20,22,0,141,36.12,36.12,0.0,421.169684,0.0
2019-03-20,22,0,142,0.0,0.0,0.0,0.0,0.0
2019-03-20,22,0,143,15.79,15.79,0.0,178.398829,0.0
2019-03-20,22,0,145,13.44,13.44,0.0,150.559389,0.0
2019-03-20,22,0,146,13.3,13.3,0.0,156.775783,0.0
2019-03-20,22,0,152,0.0,0.0,0.0,0.0,0.0
2019-03-20,22,0,153,0.0,0.0,0.0,0.0,0.0
2019-03-20,22,0,154,0.0,0.0,0.0,0.0,0.0
2019-03-20,22,0,157,0.0,0.0,0.0,0.0,0.0
2019-03-20,22,0,158,0.0,0.0,0.0,0.0,0.0
2019-03-20,22,0,159,0.0,0.0,0.0,0.0,0.0
2019-03-20,22,0,160,0.0,0.0,0.0,0.0,0.0
2019-03-20,22,0,161,0.0,0.0,0.0,0.0,0.0
2019-03-20,22,0,162,2.86,2.86,0.0,34.314759,0.0
2019-03-20,22,0,163,0.0,0.0,0.0,0.0,0.0
2019-03-20,22,0,164,0.0,0.0,0.0,0.0,0.0
2019-03-20,22,0,167,0.0,0.0,0.0,0.0,0.0
2019-03-20,22,0,168,0.0,0.0,0.0,0.0,0.0
2019-03-20,22,0,169,0.0,0.0,0.0,0.0,0.0
2019-03-20,22,0,170,0.0,0.0,0.0,0.0,0.0
2019-03-20,22,0,172,0.0,0.0,0.0,0.0,0.0
2019-03-20,22,0,173,0.0,0.0,0.0,0.0,0.0
2019-03-20,22,0,188,0.0,0.0,0.0,0.0,0.0
2019-03-20,22,0,190,0.0,0.0,0.0,0.0,0.0
2019-03-20,22,0,191,0.0,0.0,0.0,0.0,0.0
2019-03-20,22,0,192,14.04,14.04,0.0,167.019503,0.0
2019-03-20,22,0,194,48.29,48.29,0.0,561.799678,0.0
2019-03-20,22,0,196,0.0,0.0,0.0,0.0,0.0
2019-03-20,22,0,198,0.0,0.0,0.0,0.0,0.0
2019-03-20,22,0,199,5.87,5.87,0.0,55.451565,0.0
2019-03-20,22,0,200,0.0,0.0,0.0,0.0,0.0
2019-03-20,22,0,204,167.28,167.28,0.0,1846.671252,0.0
2019-03-20,22,0,205,185.45,185.45,0.0,2047.138837,0.0
2019-03-20,22,0,206,124.24,124.24,0.0,1404.04897,0.0
2019-03-20,22,0,210,0.0,0.0,0.0,0.0,0.0
2019-03-20,22,0,214,0.0,0.0,0.0,0.0,0.0
2019-03-20,22,0,217,0.0,0.0,0.0,0.0,0.0
2019-03-20,22,0,218,0.0,0.0,0.0,0.0,0.0
2019-03-20,22,0,219,0.0,0.0,0.0,0.0,0.0
2019-03-20,22,0,221,0.0,0.0,0.0,0.0,0.0
2019-03-20,22,0,225,0.0,0.0,0.0,0.0,0.0
2019-03-20,22,0,233,0.0,0.0,0.0,0.0,0.0
2019-03-20,22,0,236,10.57,10.57,0.0,117.434039,0.0
2019-03-20,22,0,237,17.49,17.49,0.0,193.868491,0.0
2019-03-20,22,0,238,0.0,0.0,0.0,0.0,0.0
2019-03-20,22,0,240,0.0,0.0,0.0,0.0,0.0
2019-03-20,22,0,245,37.93,37.93,0.0,423.395305,0.0
2019-03-20,22,0,247,10.7,10.7,0.0,119.439224,0.0
2019-03-20,22,0,248,1.76,1.76,0.0,19.508779,0.0
2019-03-20,22,0,249,72.93,72.93,0.0,814.084354,0.0
2019-03-20,22,0,251,0.0,0.0,0.0,0.0,0.0
2019-03-20,22,0,252,6.78,6.78,0.0,75.590895,0.0
2019-03-20,22,0,254,0.0,0.0,0.0,0.0,0.0
2019-03-20,22,0,255,0.0,0.0,0.0,0.0,0.0
2019-03-20,22,0,258,0.0,0.0,0.0,0.0,0.0
2019-03-20,22,0,260,0.0,0.0,0.0,0.0,0.0
2019-03-20,22,0,265,0.0,0.0,0.0,0.0,0.0
2019-03-20,22,0,266,25.41,25.41,0.0,283.938323,0.0
2019-03-20,22,0,267,31.23,31.23,0.0,348.972603,0.0
2019-03-20,22,0,270,0.0,0.0,0.0,0.0,0.0
2019-03-20,22,0,272,77.24,77.24,0.0,897.303749,0.0
2019-03-20,22,0,273,0.0,0.0,0.0,0.0,0.0
2019-03-20,22,0,274,0.0,0.0,0.0,0.0,0.0
2019-03-20,22,0,275,0.0,0.0,0.0,0.0,0.0
2019-03-20,22,0,276,0.0,0.0,0.0,0.0,0.0
2019-03-20,22,0,277,0.0,0.0,0.0,0.0,0.0
2019-03-20,22,0,278,0.0,0.0,0.0,0.0,0.0
2019-03-20,22,0,279,28.8,28.8,0.0,333.981239,0.0
2019-03-20,22,0,281,4.65,4.65,0.0,52.536704,0.0
2019-03-20,22,0,282,0.0,0.0,0.0,0.0,0.0
2019-03-20,23,0,9,0.0,0.0,0.0,0.0,0.0
2019-03-20,23,0,17,0.0,0.0,0.0,0.0,0.0
2019-03-20,23,0,19,23.04,23.04,0.0,231.94988,0.0
2019-03-20,23,0,20,27.94,27.94,0.0,281.279499,0.0
2019-03-20,23,0,21,0.0,0.0,0.0,0.0,0.0
2019-03-20,23,0,22,0.0,0.0,0.0,0.0,0.0
2019-03-20,23,0,23,30.5,30.5,0.0,293.268428,0.0
2019-03-20,23,0,24,53.97,53.97,0.0,518.940887,0.0
2019-03-20,23,0,29,0.0,0.0,0.0,0.0,0.0
2019-03-20,23,0,30,0.0,0.0,0.0,0.0,0.0
2019-03-20,23,0,31,11.85,11.85,0.0,113.93343,0.0
2019-03-20,23,0,32,0.0,0.0,0.0,0.0,0.0
2019-03-20,23,0,33,0.0,0.0,0.0,0.0,0.0
2019-03-20,23,0,34,0.0,0.0,0.0,0.0,0.0
2019-03-20,23,0,35,0.0,0.0,0.0,0.0,0.0
2019-03-20,23,0,36,0.0,0.0,0.0,0.0,0.0
2019-03-20,23,0,37,0.0,0.0,0.0,0.0,0.0
2019-03-20,23,0,38,0.0,0.0,0.0,0.0,0.0
2019-03-20,23,0,39,0.0,0.0,0.0,0.0,0.0
2019-03-20,23,0,40,0.0,0.0,0.0,0.0,0.0
2019-03-20,23,0,41,25.69,25.69,0.0,248.66005,0.0
2019-03-20,23,0,42,0.0,0.0,0.0,0.0,0.0
2019-03-20,23,0,43,0.0,0.0,0.0,0.0,0.0
2019-03-20,23,0,46,0.0,0.0,0.0,0.0,0.0
2019-03-20,23,0,52,12.56,12.56,0.0,120.759821,0.0
2019-03-20,23,0,53,19.95,19.95,0.0,191.811977,0.0
2019-03-20,23,0,55,199.04,199.04,0.0,1913.840916,0.0
2019-03-20,23,0,56,0.0,0.0,0.0,0.0,0.0
2019-03-20,23,0,57,0.0,0.0,0.0,0.0,0.0
2019-03-20,23,0,58,0.0,0.0,0.0,0.0,0.0
2019-03-20,23,0,59,0.0,0.0,0.0,0.0,0.0
2019-03-20,23,0,63,0.0,0.0,0.0,0.0,0.0
2019-03-20,23,0,64,0.0,0.0,0.0,0.0,0.0
2019-03-20,23,0,65,0.0,0.0,0.0,0.0,0.0
2019-03-20,23,0,67,0.0,0.0,0.0,0.0,0.0
2019-03-20,23,0,68,0.92,0.92,0.0,8.79102,0.0
2019-03-20,23,0,69,0.0,0.0,0.0,0.0,0.0
2019-03-20,23,0,74,5.41,5.41,0.0,53.345389,0.0
2019-03-20,23,0,77,45.23,45.23,0.0,432.018627,0.0
2019-03-20,23,0,78,34.19,34.19,0.0,326.569022,0.0
2019-03-20,23,0,79,19.79,19.79,0.0,189.026059,0.0
2019-03-20,23,0,80,32.0,32.0,0.0,305.65103,0.0
2019-03-20,23,0,81,41.84,41.84,0.0,399.638721,0.0
2019-03-20,23,0,82,29.51,29.51,0.0,281.867559,0.0
2019-03-20,23,0,83,65.81,65.81,0.0,628.590446,0.0
2019-03-20,23,0,84,0.0,0.0,0.0,0.0,0.0
2019-03-20,23,0,86,0.0,0.0,0.0,0.0,0.0
2019-03-20,23,0,87,0.0,0.0,0.0,0.0,0.0
2019-03-20,23,0,88,31.71,31.71,0.0,302.881067,0.0
2019-03-20,23,0,89,30.49,30.49,0.0,291.228122,0.0
2019-03-20,23,0,90,40.93,40.93,0.0,390.94677,0.0
2019-03-20,23,0,91,146.02,146.02,0.0,1394.723855,0.0
2019-03-20,23,0,92,52.52,52.52,0.0,501.649753,0.0
2019-03-20,23,0,95,0.0,0.0,0.0,0.0,0.0
2019-03-20,23,0,96,6.96,6.96,0.0,66.912605,0.0
2019-03-20,23,0,97,42.83,42.83,0.0,411.762481,0.0
2019-03-20,23,0,99,1.04,1.04,0.0,10.254936,0.0
2019-03-20,23,0,101,0.0,0.0,0.0,0.0,0.0
2019-03-20,23,0,102,2.17,2.17,0.0,20.735341,0.0
2019-03-20,23,0,103,1.89,1.89,0.0,18.059813,0.0
2019-03-20,23,0,104,0.35,0.35,0.0,3.34441,0.0
2019-03-20,23,0,106,0.0,0.0,0.0,0.0,0.0
2019-03-20,23,0,109,27.6,27.6,0.0,266.539678,0.0
2019-03-20,23,0,110,48.43,48.43,0.0,464.692718,0.0
2019-03-20,23,0,111,0.0,0.0,0.0,0.0,0.0
2019-03-20,23,0,113,14.57,14.57,0.0,138.933376,0.0
2019-03-20,23,0,115,14.57,14.57,0.0,138.933376,0.0
2019-03-20,23,0,116,0.0,0.0,0.0,0.0,0.0
2019-03-20,23,0,117,0.97,0.97,0.0,9.249511,0.0
2019-03-20,23,0,119,0.0,0.0,0.0,0.0,0.0
2019-03-20,23,0,120,0.0,0.0,0.0,0.0,0.0
2019-03-20,23,0,123,0.0,0.0,0.0,0.0,0.0
2019-03-20,23,0,125,48.84,48.84,0.0,469.614099,0.0
2019-03-20,23,0,126,0.0,0.0,0.0,0.0,0.0
2019-03-20,23,0,127,0.0,0.0,0.0,0.0,0.0
2019-03-20,23,0,128,69.95,69.95,0.0,672.594313,0.0
2019-03-20,23,0,131,6.5,6.5,0.0,62.09351,0.0
2019-03-20,23,0,132,9.56,9.56,0.0,91.325224,0.0
2019-03-20,23,0,133,4.85,4.85,0.0,48.829776,0.0
2019-03-20,23,0,134,0.0,0.0,0.0,0.0,0.0
2019-03-20,23,0,135,6.5,6.5,0.0,65.441968,0.0
2019-03-20,23,0,136,0.0,0.0,0.0,0.0,0.0
2019-03-20,23,0,139,33.17,33.17,0.0,321.060874,0.0
2019-03-20,23,0,140,35.84,35.84,0.0,343.889883,0.0
2019-03-20,23,0,141,35.33,35.33,0.0,337.939428,0.0
2019-03-20,23,0,142,0.0,0.0,0.0,0.0,0.0
2019-03-20,23,0,143,18.03,18.03,0.0,173.351877,0.0
2019-03-20,23,0,145,5.52,5.52,0.0,53.162779,0.0
2019-03-20,23,0,146,19.91,19.91,0.0,191.039274,0.0
2019-03-20,23,0,152,0.0,0.0,0.0,0.0,0.0
2019-03-20,23,0,153,0.0,0.0,0.0,0.0,0.0
2019-03-20,23,0,154,0.0,0.0,0.0,0.0,0.0
2019-03-20,23,0,157,5.61,5.61,0.0,53.660917,0.0
2019-03-20,23,0,158,0.0,0.0,0.0,0.0,0.0
2019-03-20,23,0,159,0.0,0.0,0.0,0.0,0.0
2019-03-20,23,0,160,0.0,0.0,0.0,0.0,0.0
2019-03-20,23,0,161,0.0,0.0,0.0,0.0,0.0
2019-03-20,23,0,162,0.0,0.0,0.0,0.0,0.0
2019-03-20,23,0,163,4.73,4.73,0.0,45.385021,0.0
2019-03-20,23,0,164,0.0,0.0,0.0,0.0,0.0
2019-03-20,23,0,167,0.0,0.0,0.0,0.0,0.0
2019-03-20,23,0,168,0.0,0.0,0.0,0.0,0.0
2019-03-20,23,0,169,0.0,0.0,0.0,0.0,0.0
2019-03-20,23,0,170,0.0,0.0,0.0,0.0,0.0
2019-03-20,23,0,172,0.0,0.0,0.0,0.0,0.0
2019-03-20,23,0,173,0.0,0.0,0.0,0.0,0.0
2019-03-20,23,0,188,0.0,0.0,0.0,0.0,0.0
2019-03-20,23,0,190,0.0,0.0,0.0,0.0,0.0
2019-03-20,23,0,191,0.0,0.0,0.0,0.0,0.0
2019-03-20,23,0,192,36.04,36.04,0.0,347.147795,0.0
2019-03-20,23,0,194,27.13,27.13,0.0,258.097543,0.0
2019-03-20,23,0,196,0.0,0.0,0.0,0.0,0.0
2019-03-20,23,0,198,0.0,0.0,0.0,0.0,0.0
2019-03-20,23,0,199,4.52,4.52,0.0,37.037596,0.0
2019-03-20,23,0,200,0.0,0.0,0.0,0.0,0.0
2019-03-20,23,0,204,102.49,102.49,0.0,988.262007,0.0
2019-03-20,23,0,205,146.02,146.02,0.0,1410.149411,0.0
2019-03-20,23,0,206,125.85,125.85,0.0,1209.9068,0.0
2019-03-20,23,0,210,0.0,0.0,0.0,0.0,0.0
2019-03-20,23,0,214,0.0,0.0,0.0,0.0,0.0
2019-03-20,23,0,217,0.0,0.0,0.0,0.0,0.0
2019-03-20,23,0,218,0.0,0.0,0.0,0.0,0.0
2019-03-20,23,0,219,0.0,0.0,0.0,0.0,0.0
2019-03-20,23,0,221,0.0,0.0,0.0,0.0,0.0
2019-03-20,23,0,225,0.0,0.0,0.0,0.0,0.0
2019-03-20,23,0,233,0.0,0.0,0.0,0.0,0.0
2019-03-20,23,0,236,6.04,6.04,0.0,60.152924,0.0
2019-03-20,23,0,237,12.99,12.99,0.0,128.088096,0.0
2019-03-20,23,0,238,0.0,0.0,0.0,0.0,0.0
2019-03-20,23,0,240,0.0,0.0,0.0,0.0,0.0
2019-03-20,23,0,245,19.5,19.5,0.0,196.864279,0.0
2019-03-20,23,0,247,5.95,5.95,0.0,60.068844,0.0
2019-03-20,23,0,248,1.3,1.3,0.0,12.81867,0.0
2019-03-20,23,0,249,37.5,37.5,0.0,378.585151,0.0
2019-03-20,23,0,251,0.0,0.0,0.0,0.0,0.0
2019-03-20,23,0,252,0.0,0.0,0.0,0.0,0.0
2019-03-20,23,0,254,0.0,0.0,0.0,0.0,0.0
2019-03-20,23,0,255,0.0,0.0,0.0,0.0,0.0
2019-03-20,23,0,258,0.0,0.0,0.0,0.0,0.0
2019-03-20,23,0,260,0.0,0.0,0.0,0.0,0.0
2019-03-20,23,0,265,0.0,0.0,0.0,0.0,0.0
2019-03-20,23,0,266,21.48,21.48,0.0,207.910388,0.0
2019-03-20,23,0,267,26.4,26.4,0.0,255.532321,0.0
2019-03-20,23,0,270,14.77,14.77,0.0,141.720245,0.0
2019-03-20,23,0,272,48.7,48.7,0.0,464.382663,0.0
2019-03-20,23,0,273,0.0,0.0,0.0,0.0,0.0
2019-03-20,23,0,274,19.04,19.04,0.0,182.6915,0.0
2019-03-20,23,0,275,26.5,26.5,0.0,254.271258,0.0
2019-03-20,23,0,276,0.0,0.0,0.0,0.0,0.0
2019-03-20,23,0,277,0.0,0.0,0.0,0.0,0.0
2019-03-20,23,0,278,0.0,0.0,0.0,0.0,0.0
2019-03-20,23,0,279,20.25,20.25,0.0,193.22549,0.0
2019-03-20,23,0,281,5.32,5.32,0.0,51.149861,0.0
2019-03-20,23,0,282,0.0,0.0,0.0,0.0,0.0
2019-03-21,0,0,9,0.0,0.0,0.0,0.0,0.0
2019-03-21,0,0,17,0.0,0.0,0.0,0.0,0.0
2019-03-21,0,0,19,0.0,0.0,0.0,0.0,0.0
2019-03-21,0,0,20,0.0,0.0,0.0,0.0,0.0
2019-03-21,0,0,21,0.0,0.0,0.0,0.0,0.0
2019-03-21,0,0,22,0.0,0.0,0.0,0.0,0.0
2019-03-21,0,0,23,32.68,32.68,0.0,404.990112,0.0
2019-03-21,0,0,24,57.82,57.82,0.0,716.540033,0.0
2019-03-21,0,0,29,0.0,0.0,0.0,0.0,0.0
2019-03-21,0,0,30,0.0,0.0,0.0,0.0,0.0
2019-03-21,0,0,31,13.38,13.38,0.0,166.003853,0.0
2019-03-21,0,0,32,0.0,0.0,0.0,0.0,0.0
2019-03-21,0,0,33,0.0,0.0,0.0,0.0,0.0
2019-03-21,0,0,34,0.0,0.0,0.0,0.0,0.0
2019-03-21,0,0,35,0.0,0.0,0.0,0.0,0.0
2019-03-21,0,0,36,0.0,0.0,0.0,0.0,0.0
2019-03-21,0,0,37,0.0,0.0,0.0,0.0,0.0
2019-03-21,0,0,38,0.0,0.0,0.0,0.0,0.0
2019-03-21,0,0,39,0.0,0.0,0.0,0.0,0.0
2019-03-21,0,0,40,0.0,0.0,0.0,0.0,0.0
2019-03-21,0,0,41,22.22,22.22,0.0,258.940695,0.0
2019-03-21,0,0,42,0.0,0.0,0.0,0.0,0.0
2019-03-21,0,0,43,0.0,0.0,0.0,0.0,0.0
2019-03-21,0,0,46,0.0,0.0,0.0,0.0,0.0
2019-03-21,0,0,52,14.19,14.19,0.0,176.053414,0.0
2019-03-21,0,0,53,22.54,22.54,0.0,279.650736,0.0
2019-03-21,0,0,55,222.68,222.68,0.0,2759.583786,0.0
2019-03-21,0,0,56,0.0,0.0,0.0,0.0,0.0
2019-03-21,0,0,57,0.0,0.0,0.0,0.0,0.0
2019-03-21,0,0,58,0.0,0.0,0.0,0.0,0.0
2019-03-21,0,0,59,0.0,0.0,0.0,0.0,0.0
2019-03-21,0,0,63,8.8,8.8,0.0,128.252385,0.0
2019-03-21,0,0,64,10.36,10.36,0.0,150.988035,0.0
2019-03-21,0,0,65,0.0,0.0,0.0,0.0,0.0
2019-03-21,0,0,67,0.0,0.0,0.0,0.0,0.0
2019-03-21,0,0,68,0.95,0.95,0.0,13.246571,0.0
2019-03-21,0,0,69,0.0,0.0,0.0,0.0,0.0
2019-03-21,0,0,74,4.59,4.59,0.0,48.815321,0.0
2019-03-21,0,0,77,47.88,47.88,0.0,659.065599,0.0
2019-03-21,0,0,78,36.2,36.2,0.0,498.291034,0.0
2019-03-21,0,0,79,20.95,20.95,0.0,288.375612,0.0
2019-03-21,0,0,80,33.87,33.87,0.0,466.21871,0.0
2019-03-21,0,0,81,44.29,44.29,0.0,609.649444,0.0
2019-03-21,0,0,82,31.24,31.24,0.0,430.016903,0.0
2019-03-21,0,0,83,69.66,69.66,0.0,958.866116,0.0
2019-03-21,0,0,84,0.0,0.0,0.0,0.0,0.0
2019-03-21,0,0,86,0.0,0.0,0.0,0.0,0.0
2019-03-21,0,0,87,0.0,0.0,0.0,0.0,0.0
2019-03-21,0,0,88,32.45,32.45,0.0,446.672487,0.0
2019-03-21,0,0,89,31.2,31.2,0.0,429.466305,0.0
2019-03-21,0,0,90,41.89,41.89,0.0,576.613575,0.0
2019-03-21,0,0,91,149.42,149.42,0.0,2056.758184,0.0
2019-03-21,0,0,92,53.74,53.74,0.0,739.728181,0.0
2019-03-21,0,0,95,2.56,2.56,0.0,37.724478,0.0
2019-03-21,0,0,96,7.11,7.11,0.0,88.31882,0.0
2019-03-21,0,0,97,43.74,43.74,0.0,543.328439,0.0
2019-03-21,0,0,99,0.89,0.89,0.0,9.46528,0.0
2019-03-21,0,0,101,0.0,0.0,0.0,0.0,0.0
2019-03-21,0,0,102,2.26,2.26,0.0,31.512896,0.0
2019-03-21,0,0,103,1.96,1.96,0.0,27.329769,0.0
2019-03-21,0,0,104,0.36,0.36,0.0,5.019753,0.0
2019-03-21,0,0,106,0.0,0.0,0.0,0.0,0.0
2019-03-21,0,0,109,18.03,18.03,0.0,201.136822,0.0
2019-03-21,0,0,110,85.59,85.59,0.0,1229.65723,0.0
2019-03-21,0,0,111,0.0,0.0,0.0,0.0,0.0
2019-03-21,0,0,113,13.38,13.38,0.0,187.938716,0.0
2019-03-21,0,0,115,13.38,13.38,0.0,187.938716,0.0
2019-03-21,0,0,116,0.0,0.0,0.0,0.0,0.0
2019-03-21,0,0,117,0.89,0.89,0.0,12.501155,0.0
2019-03-21,0,0,119,10.36,10.36,0.0,150.988035,0.0
2019-03-21,0,0,120,6.09,6.09,0.0,88.75648,0.0
2019-03-21,0,0,123,0.0,0.0,0.0,0.0,0.0
2019-03-21,0,0,125,52.33,52.33,0.0,648.504668,0.0
2019-03-21,0,0,126,0.0,0.0,0.0,0.0,0.0
2019-03-21,0,0,127,0.0,0.0,0.0,0.0,0.0
2019-03-21,0,0,128,74.95,74.95,0.0,928.825242,0.0
2019-03-21,0,0,131,6.93,6.93,0.0,96.437501,0.0
2019-03-21,0,0,132,10.19,10.19,0.0,141.803483,0.0
2019-03-21,0,0,133,0.0,0.0,0.0,0.0,0.0
2019-03-21,0,0,134,0.0,0.0,0.0,0.0,0.0
2019-03-21,0,0,135,0.0,0.0,0.0,0.0,0.0
2019-03-21,0,0,136,0.0,0.0,0.0,0.0,0.0
2019-03-21,0,0,139,28.7,28.7,0.0,334.455353,0.0
2019-03-21,0,0,140,63.35,63.35,0.0,910.138866,0.0
2019-03-21,0,0,141,39.79,39.79,0.0,558.966152,0.0
2019-03-21,0,0,142,0.0,0.0,0.0,0.0,0.0
2019-03-21,0,0,143,51.99,51.99,0.0,645.032909,0.0
2019-03-21,0,0,145,5.62,5.62,0.0,67.116948,0.0
2019-03-21,0,0,146,37.21,37.21,0.0,534.589853,0.0
2019-03-21,0,0,152,0.0,0.0,0.0,0.0,0.0
2019-03-21,0,0,153,0.0,0.0,0.0,0.0,0.0
2019-03-21,0,0,154,0.0,0.0,0.0,0.0,0.0
2019-03-21,0,0,157,16.01,16.01,0.0,224.906964,0.0
2019-03-21,0,0,158,0.0,0.0,0.0,0.0,0.0
2019-03-21,0,0,159,0.0,0.0,0.0,0.0,0.0
2019-03-21,0,0,160,0.0,0.0,0.0,0.0,0.0
2019-03-21,0,0,161,0.0,0.0,0.0,0.0,0.0
2019-03-21,0,0,162,0.0,0.0,0.0,0.0,0.0
2019-03-21,0,0,163,23.54,23.54,0.0,338.195247,0.0
2019-03-21,0,0,164,0.0,0.0,0.0,0.0,0.0
2019-03-21,0,0,167,0.0,0.0,0.0,0.0,0.0
2019-03-21,0,0,168,0.0,0.0,0.0,0.0,0.0
2019-03-21,0,0,169,0.0,0.0,0.0,0.0,0.0
2019-03-21,0,0,170,0.0,0.0,0.0,0.0,0.0
2019-03-21,0,0,172,0.0,0.0,0.0,0.0,0.0
2019-03-21,0,0,173,0.0,0.0,0.0,0.0,0.0
2019-03-21,0,0,188,0.0,0.0,0.0,0.0,0.0
2019-03-21,0,0,190,0.0,0.0,0.0,0.0,0.0
2019-03-21,0,0,191,0.0,0.0,0.0,0.0,0.0
2019-03-21,0,0,192,73.52,73.52,0.0,1071.490381,0.0
2019-03-21,0,0,194,19.65,19.65,0.0,279.642533,0.0
2019-03-21,0,0,196,0.0,0.0,0.0,0.0,0.0
2019-03-21,0,0,198,0.0,0.0,0.0,0.0,0.0
2019-03-21,0,0,199,1.92,1.92,0.0,25.255847,0.0
2019-03-21,0,0,200,0.0,0.0,0.0,0.0,0.0
2019-03-21,0,0,204,62.89,62.89,0.0,705.004642,0.0
2019-03-21,0,0,205,95.39,95.39,0.0,1064.139848,0.0
2019-03-21,0,0,206,128.54,128.54,0.0,1596.694959,0.0
2019-03-21,0,0,210,0.0,0.0,0.0,0.0,0.0
2019-03-21,0,0,214,0.0,0.0,0.0,0.0,0.0
2019-03-21,0,0,217,0.0,0.0,0.0,0.0,0.0
2019-03-21,0,0,218,0.0,0.0,0.0,0.0,0.0
2019-03-21,0,0,219,0.0,0.0,0.0,0.0,0.0
2019-03-21,0,0,221,0.0,0.0,0.0,0.0,0.0
2019-03-21,0,0,225,0.0,0.0,0.0,0.0,0.0
2019-03-21,0,0,233,0.0,0.0,0.0,0.0,0.0
2019-03-21,0,0,236,4.63,4.63,0.0,48.138797,0.0
2019-03-21,0,0,237,11.02,11.02,0.0,117.19931,0.0
2019-03-21,0,0,238,0.0,0.0,0.0,0.0,0.0
2019-03-21,0,0,240,0.0,0.0,0.0,0.0,0.0
2019-03-21,0,0,245,6.14,6.14,0.0,62.257359,0.0
2019-03-21,0,0,247,0.0,0.0,0.0,0.0,0.0
2019-03-21,0,0,248,1.11,1.11,0.0,11.805012,0.0
2019-03-21,0,0,249,11.49,11.49,0.0,116.504407,0.0
2019-03-21,0,0,251,0.0,0.0,0.0,0.0,0.0
2019-03-21,0,0,252,0.0,0.0,0.0,0.0,0.0
2019-03-21,0,0,254,0.0,0.0,0.0,0.0,0.0
2019-03-21,0,0,255,0.0,0.0,0.0,0.0,0.0
2019-03-21,0,0,258,0.0,0.0,0.0,0.0,0.0
2019-03-21,0,0,260,0.0,0.0,0.0,0.0,0.0
2019-03-21,0,0,265,0.0,0.0,0.0,0.0,0.0
2019-03-21,0,0,266,18.58,18.58,0.0,216.521967,0.0
2019-03-21,0,0,267,22.83,22.83,0.0,266.049328,0.0
2019-03-21,0,0,270,73.51,73.51,0.0,1056.105889,0.0
2019-03-21,0,0,272,44.72,44.72,0.0,628.147935,0.0
2019-03-21,0,0,273,0.0,0.0,0.0,0.0,0.0
2019-03-21,0,0,274,94.76,94.76,0.0,1361.401088,0.0
2019-03-21,0,0,275,131.91,131.91,0.0,1895.128932,0.0
2019-03-21,0,0,276,0.0,0.0,0.0,0.0,0.0
2019-03-21,0,0,277,0.0,0.0,0.0,0.0,0.0
2019-03-21,0,0,278,0.0,0.0,0.0,0.0,0.0
2019-03-21,0,0,279,20.41,20.41,0.0,284.382034,0.0
2019-03-21,0,0,281,6.01,6.01,0.0,74.565258,0.0
2019-03-21,0,0,282,0.0,0.0,0.0,0.0,0.0
2019-03-21,1,0,9,0.0,0.0,0.0,0.0,0.0
2019-03-21,1,0,17,0.0,0.0,0.0,0.0,0.0
2019-03-21,1,0,19,0.0,0.0,0.0,0.0,0.0
2019-03-21,1,0,20,0.0,0.0,0.0,0.0,0.0
2019-03-21,1,0,21,0.0,0.0,0.0,0.0,0.0
2019-03-21,1,0,22,0.0,0.0,0.0,0.0,0.0
2019-03-21,1,0,23,35.79,35.79,0.0,328.951059,0.0
2019-03-21,1,0,24,63.33,63.33,0.0,582.075177,0.0
2019-03-21,1,0,29,0.0,0.0,0.0,0.0,0.0
2019-03-21,1,0,30,0.0,0.0,0.0,0.0,0.0
2019-03-21,1,0,31,33.97,33.97,0.0,312.08,0.0
2019-03-21,1,0,32,0.0,0.0,0.0,0.0,0.0
2019-03-21,1,0,33,0.0,0.0,0.0,0.0,0.0
2019-03-21,1,0,34,0.0,0.0,0.0,0.0,0.0
2019-03-21,1,0,35,0.0,0.0,0.0,0.0,0.0
2019-03-21,1,0,36,0.0,0.0,0.0,0.0,0.0
2019-03-21,1,0,37,0.0,0.0,0.0,0.0,0.0
2019-03-21,1,0,38,0.0,0.0,0.0,0.0,0.0
2019-03-21,1,0,39,0.0,0.0,0.0,0.0,0.0
2019-03-21,1,0,40,0.0,0.0,0.0,0.0,0.0
2019-03-21,1,0,41,19.83,19.83,0.0,186.613778,0.0
2019-03-21,1,0,42,0.0,0.0,0.0,0.0,0.0
2019-03-21,1,0,43,0.0,0.0,0.0,0.0,0.0
2019-03-21,1,0,46,0.0,0.0,0.0,0.0,0.0
2019-03-21,1,0,52,36.17,36.17,0.0,332.291245,0.0
2019-03-21,1,0,53,59.13,59.13,0.0,543.223149,0.0
2019-03-21,1,0,55,210.55,210.55,0.0,1935.195459,0.0
2019-03-21,1,0,56,0.0,0.0,0.0,0.0,0.0
2019-03-21,1,0,57,0.0,0.0,0.0,0.0,0.0
2019-03-21,1,0,58,0.0,0.0,0.0,0.0,0.0
2019-03-21,1,0,59,0.0,0.0,0.0,0.0,0.0
2019-03-21,1,0,63,49.98,49.98,0.0,615.671432,0.0
2019-03-21,1,0,64,58.8,58.8,0.0,724.319332,0.0
2019-03-21,1,0,65,0.0,0.0,0.0,0.0,0.0
2019-03-21,1,0,67,0.0,0.0,0.0,0.0,0.0
2019-03-21,1,0,68,1.22,1.22,0.0,9.332598,0.0
2019-03-21,1,0,69,0.0,0.0,0.0,0.0,0.0
2019-03-21,1,0,74,4.83,4.83,0.0,46.934698,0.0
2019-03-21,1,0,77,55.74,55.74,0.0,489.729983,0.0
2019-03-21,1,0,78,42.14,42.14,0.0,370.240787,0.0
2019-03-21,1,0,79,24.39,24.39,0.0,214.289815,0.0
2019-03-21,1,0,80,39.44,39.44,0.0,346.518668,0.0
2019-03-21,1,0,81,51.56,51.56,0.0,453.004627,0.0
2019-03-21,1,0,82,36.37,36.37,0.0,319.545739,0.0
2019-03-21,1,0,83,81.1,81.1,0.0,712.542189,0.0
2019-03-21,1,0,84,0.0,0.0,0.0,0.0,0.0
2019-03-21,1,0,86,0.0,0.0,0.0,0.0,0.0
2019-03-21,1,0,87,0.0,0.0,0.0,0.0,0.0
2019-03-21,1,0,88,38.26,38.26,0.0,336.151223,0.0
2019-03-21,1,0,89,36.78,36.78,0.0,323.147987,0.0
2019-03-21,1,0,90,49.39,49.39,0.0,433.939072,0.0
2019-03-21,1,0,91,176.18,176.18,0.0,1547.912243,0.0
2019-03-21,1,0,92,63.36,63.36,0.0,556.679077,0.0
2019-03-21,1,0,95,12.15,12.15,0.0,141.526931,0.0
2019-03-21,1,0,96,7.3,7.3,0.0,67.032431,0.0
2019-03-21,1,0,97,44.87,44.87,0.0,412.019886,0.0
2019-03-21,1,0,99,0.93,0.93,0.0,9.037116,0.0
2019-03-21,1,0,101,0.0,0.0,0.0,0.0,0.0
2019-03-21,1,0,102,2.88,2.88,0.0,22.031051,0.0
2019-03-21,1,0,103,2.51,2.51,0.0,19.200673,0.0
2019-03-21,1,0,104,0.47,0.47,0.0,3.595345,0.0
2019-03-21,1,0,106,0.0,0.0,0.0,0.0,0.0
2019-03-21,1,0,109,13.38,13.38,0.0,127.854441,0.0
2019-03-21,1,0,110,143.88,143.88,0.0,321.993563,0.0
2019-03-21,1,0,111,0.0,0.0,0.0,0.0,0.0
2019-03-21,1,0,113,10.69,10.69,0.0,95.866668,0.0
2019-03-21,1,0,115,10.69,10.69,0.0,95.866668,0.0
2019-03-21,1,0,116,0.0,0.0,0.0,0.0,0.0
2019-03-21,1,0,117,0.73,0.73,0.0,6.546555,0.0
2019-03-21,1,0,119,58.8,58.8,0.0,724.319332,0.0
2019-03-21,1,0,120,34.57,34.57,0.0,425.845566,0.0
2019-03-21,1,0,123,0.0,0.0,0.0,0.0,0.0
2019-03-21,1,0,125,57.31,57.31,0.0,526.744487,0.0
2019-03-21,1,0,126,0.0,0.0,0.0,0.0,0.0
2019-03-21,1,0,127,0.0,0.0,0.0,0.0,0.0
2019-03-21,1,0,128,82.08,82.08,0.0,754.409135,0.0
2019-03-21,1,0,131,8.06,8.06,0.0,64.523966,0.0
2019-03-21,1,0,132,11.84,11.84,0.0,94.784586,0.0
2019-03-21,1,0,133,0.0,0.0,0.0,0.0,0.0
2019-03-21,1,0,134,0.0,0.0,0.0,0.0,0.0
2019-03-21,1,0,135,0.0,0.0,0.0,0.0,0.0
2019-03-21,1,0,136,0.0,0.0,0.0,0.0,0.0
2019-03-21,1,0,139,25.61,25.61,0.0,241.007507,0.0
2019-03-21,1,0,140,106.49,106.49,0.0,238.31731,0.0
2019-03-21,1,0,141,49.53,49.53,0.0,312.905304,0.0
2019-03-21,1,0,142,0.0,0.0,0.0,0.0,0.0
2019-03-21,1,0,143,77.3,77.3,0.0,710.149661,0.0
2019-03-21,1,0,145,5.77,5.77,0.0,53.79826,0.0
2019-03-21,1,0,146,70.56,70.56,0.0,157.908436,0.0
2019-03-21,1,0,152,0.0,0.0,0.0,0.0,0.0
2019-03-21,1,0,153,0.0,0.0,0.0,0.0,0.0
2019-03-21,1,0,154,0.0,0.0,0.0,0.0,0.0
2019-03-21,1,0,157,35.1,35.1,0.0,221.743916,0.0
2019-03-21,1,0,158,0.0,0.0,0.0,0.0,0.0
2019-03-21,1,0,159,0.0,0.0,0.0,0.0,0.0
2019-03-21,1,0,160,0.0,0.0,0.0,0.0,0.0
2019-03-21,1,0,161,0.0,0.0,0.0,0.0,0.0
2019-03-21,1,0,162,4.58,4.58,0.0,53.383312,0.0
2019-03-21,1,0,163,70.88,70.88,0.0,158.624574,0.0
2019-03-21,1,0,164,0.0,0.0,0.0,0.0,0.0
2019-03-21,1,0,167,0.0,0.0,0.0,0.0,0.0
2019-03-21,1,0,168,0.0,0.0,0.0,0.0,0.0
2019-03-21,1,0,169,0.0,0.0,0.0,0.0,0.0
2019-03-21,1,0,170,0.0,0.0,0.0,0.0,0.0
2019-03-21,1,0,172,0.0,0.0,0.0,0.0,0.0
2019-03-21,1,0,173,0.0,0.0,0.0,0.0,0.0
2019-03-21,1,0,188,0.0,0.0,0.0,0.0,0.0
2019-03-21,1,0,190,0.0,0.0,0.0,0.0,0.0
2019-03-21,1,0,191,0.0,0.0,0.0,0.0,0.0
2019-03-21,1,0,192,131.7,131.7,0.0,1622.327482,0.0
2019-03-21,1,0,194,22.53,22.53,0.0,228.211512,0.0
2019-03-21,1,0,196,0.0,0.0,0.0,0.0,0.0
2019-03-21,1,0,198,0.0,0.0,0.0,0.0,0.0
2019-03-21,1,0,199,5.0,5.0,0.0,51.907481,0.0
2019-03-21,1,0,200,0.0,0.0,0.0,0.0,0.0
2019-03-21,1,0,204,42.47,42.47,0.0,405.122104,0.0
2019-03-21,1,0,205,70.76,70.76,0.0,676.15697,0.0
2019-03-21,1,0,206,131.85,131.85,0.0,1210.71589,0.0
2019-03-21,1,0,210,0.0,0.0,0.0,0.0,0.0
2019-03-21,1,0,214,0.0,0.0,0.0,0.0,0.0
2019-03-21,1,0,217,0.0,0.0,0.0,0.0,0.0
2019-03-21,1,0,218,0.0,0.0,0.0,0.0,0.0
2019-03-21,1,0,219,0.0,0.0,0.0,0.0,0.0
2019-03-21,1,0,221,0.0,0.0,0.0,0.0,0.0
2019-03-21,1,0,225,0.0,0.0,0.0,0.0,0.0
2019-03-21,1,0,233,0.0,0.0,0.0,0.0,0.0
2019-03-21,1,0,236,5.75,5.75,0.0,56.301179,0.0
2019-03-21,1,0,237,11.59,11.59,0.0,112.623841,0.0
2019-03-21,1,0,238,0.0,0.0,0.0,0.0,0.0
2019-03-21,1,0,240,0.0,0.0,0.0,0.0,0.0
2019-03-21,1,0,245,1.68,1.68,0.0,16.58682,0.0
2019-03-21,1,0,247,0.0,0.0,0.0,0.0,0.0
2019-03-21,1,0,248,1.16,1.16,0.0,11.272101,0.0
2019-03-21,1,0,249,3.23,3.23,0.0,31.890137,0.0
2019-03-21,1,0,251,0.0,0.0,0.0,0.0,0.0
2019-03-21,1,0,252,0.0,0.0,0.0,0.0,0.0
2019-03-21,1,0,254,0.0,0.0,0.0,0.0,0.0
2019-03-21,1,0,255,0.0,0.0,0.0,0.0,0.0
2019-03-21,1,0,258,0.0,0.0,0.0,0.0,0.0
2019-03-21,1,0,260,0.0,0.0,0.0,0.0,0.0
2019-03-21,1,0,265,0.0,0.0,0.0,0.0,0.0
2019-03-21,1,0,266,16.58,16.58,0.0,156.029069,0.0
2019-03-21,1,0,267,20.38,20.38,0.0,191.789652,0.0
2019-03-21,1,0,270,221.36,221.36,0.0,495.388485,0.0
2019-03-21,1,0,272,35.64,35.64,0.0,319.615346,0.0
2019-03-21,1,0,273,0.0,0.0,0.0,0.0,0.0
2019-03-21,1,0,274,285.36,285.36,0.0,638.616092,0.0
2019-03-21,1,0,275,397.22,397.22,0.0,888.951093,0.0
2019-03-21,1,0,276,0.0,0.0,0.0,0.0,0.0
2019-03-21,1,0,277,0.0,0.0,0.0,0.0,0.0
2019-03-21,1,0,278,0.0,0.0,0.0,0.0,0.0
2019-03-21,1,0,279,29.19,29.19,0.0,259.643625,0.0
2019-03-21,1,0,281,14.03,14.03,0.0,128.892623,0.0
2019-03-21,1,0,282,0.0,0.0,0.0,0.0,0.0
2019-03-21,2,0,9,0.0,0.0,0.0,0.0,0.0
2019-03-21,2,0,17,0.0,0.0,0.0,0.0,0.0
2019-03-21,2,0,19,0.0,0.0,0.0,0.0,0.0
2019-03-21,2,0,20,0.0,0.0,0.0,0.0,0.0
2019-03-21,2,0,21,0.0,0.0,0.0,0.0,0.0
2019-03-21,2,0,22,0.0,0.0,0.0,0.0,0.0
2019-03-21,2,0,23,32.15,32.15,0.0,364.972412,0.0
2019-03-21,2,0,24,56.89,56.89,0.0,645.82521,0.0
2019-03-21,2,0,29,0.0,0.0,0.0,0.0,0.0
2019-03-21,2,0,30,0.0,0.0,0.0,0.0,0.0
2019-03-21,2,0,31,14.61,14.61,0.0,165.937419,0.0
2019-03-21,2,0,32,0.0,0.0,0.0,0.0,0.0
2019-03-21,2,0,33,0.0,0.0,0.0,0.0,0.0
2019-03-21,2,0,34,0.0,0.0,0.0,0.0,0.0
2019-03-21,2,0,35,0.0,0.0,0.0,0.0,0.0
2019-03-21,2,0,36,0.0,0.0,0.0,0.0,0.0
2019-03-21,2,0,37,0.0,0.0,0.0,0.0,0.0
2019-03-21,2,0,38,0.0,0.0,0.0,0.0,0.0
2019-03-21,2,0,39,0.0,0.0,0.0,0.0,0.0
2019-03-21,2,0,40,0.0,0.0,0.0,0.0,0.0
2019-03-21,2,0,41,17.88,17.88,0.0,197.875788,0.0
2019-03-21,2,0,42,0.0,0.0,0.0,0.0,0.0
2019-03-21,2,0,43,0.0,0.0,0.0,0.0,0.0
2019-03-21,2,0,46,0.0,0.0,0.0,0.0,0.0
2019-03-21,2,0,52,15.49,15.49,0.0,175.932281,0.0
2019-03-21,2,0,53,24.61,24.61,0.0,279.515393,0.0
2019-03-21,2,0,55,228.19,228.19,0.0,2590.452712,0.0
2019-03-21,2,0,56,0.0,0.0,0.0,0.0,0.0
2019-03-21,2,0,57,0.0,0.0,0.0,0.0,0.0
2019-03-21,2,0,58,0.0,0.0,0.0,0.0,0.0
2019-03-21,2,0,59,0.0,0.0,0.0,0.0,0.0
2019-03-21,2,0,63,41.69,41.69,0.0,508.36,0.0
2019-03-21,2,0,64,49.04,49.04,0.0,597.984514,0.0
2019-03-21,2,0,65,0.0,0.0,0.0,0.0,0.0
2019-03-21,2,0,67,0.0,0.0,0.0,0.0,0.0
2019-03-21,2,0,68,0.45,0.45,0.0,5.383315,0.0
2019-03-21,2,0,69,0.0,0.0,0.0,0.0,0.0
2019-03-21,2,0,74,3.18,3.18,0.0,34.009907,0.0
2019-03-21,2,0,77,30.18,30.18,0.0,358.971631,0.0
2019-03-21,2,0,78,22.82,22.82,0.0,271.429179,0.0
2019-03-21,2,0,79,13.21,13.21,0.0,157.124428,0.0
2019-03-21,2,0,80,21.35,21.35,0.0,253.944478,0.0
2019-03-21,2,0,81,27.92,27.92,0.0,332.090389,0.0
2019-03-21,2,0,82,19.69,19.69,0.0,234.199848,0.0
2019-03-21,2,0,83,43.92,43.92,0.0,522.400068,0.0
2019-03-21,2,0,84,0.0,0.0,0.0,0.0,0.0
2019-03-21,2,0,86,0.0,0.0,0.0,0.0,0.0
2019-03-21,2,0,87,0.0,0.0,0.0,0.0,0.0
2019-03-21,2,0,88,22.02,22.02,0.0,261.913695,0.0
2019-03-21,2,0,89,21.17,21.17,0.0,251.803494,0.0
2019-03-21,2,0,90,28.42,28.42,0.0,338.037567,0.0
2019-03-21,2,0,91,101.37,101.37,0.0,1205.730758,0.0
2019-03-21,2,0,92,36.46,36.46,0.0,433.66818,0.0
2019-03-21,2,0,95,4.57,4.57,0.0,55.97905,0.0
2019-03-21,2,0,96,6.41,6.41,0.0,72.841149,0.0
2019-03-21,2,0,97,39.4,39.4,0.0,447.728745,0.0
2019-03-21,2,0,99,0.61,0.61,0.0,6.523913,0.0
2019-03-21,2,0,101,0.0,0.0,0.0,0.0,0.0
2019-03-21,2,0,102,1.06,1.06,0.0,12.680697,0.0
2019-03-21,2,0,103,0.92,0.92,0.0,11.005888,0.0
2019-03-21,2,0,104,0.17,0.17,0.0,2.033697,0.0
2019-03-21,2,0,106,0.0,0.0,0.0,0.0,0.0
2019-03-21,2,0,109,0.0,0.0,0.0,0.0,0.0
2019-03-21,2,0,110,92.14,92.14,0.0,1116.729215,0.0
2019-03-21,2,0,111,0.0,0.0,0.0,0.0,0.0
2019-03-21,2,0,113,5.29,5.29,0.0,63.511756,0.0
2019-03-21,2,0,115,5.29,5.29,0.0,63.511756,0.0
2019-03-21,2,0,116,0.0,0.0,0.0,0.0,0.0
2019-03-21,2,0,117,0.28,0.28,0.0,3.361681,0.0
2019-03-21,2,0,119,49.04,49.04,0.0,597.984514,0.0
2019-03-21,2,0,120,28.84,28.84,0.0,351.669522,0.0
2019-03-21,2,0,123,0.0,0.0,0.0,0.0,0.0
2019-03-21,2,0,125,51.48,51.48,0.0,584.409946,0.0
2019-03-21,2,0,126,0.0,0.0,0.0,0.0,0.0
2019-03-21,2,0,127,0.0,0.0,0.0,0.0,0.0
2019-03-21,2,0,128,73.73,73.73,0.0,836.99583,0.0
2019-03-21,2,0,131,3.55,3.55,0.0,42.431731,0.0
2019-03-21,2,0,132,5.22,5.22,0.0,62.392573,0.0
2019-03-21,2,0,133,0.0,0.0,0.0,0.0,0.0
2019-03-21,2,0,134,0.0,0.0,0.0,0.0,0.0
2019-03-21,2,0,135,0.0,0.0,0.0,0.0,0.0
2019-03-21,2,0,136,0.0,0.0,0.0,0.0,0.0
2019-03-21,2,0,139,23.09,23.09,0.0,255.534226,0.0
2019-03-21,2,0,140,68.19,68.19,0.0,826.457187,0.0
2019-03-21,2,0,141,28.06,28.06,0.0,336.764012,0.0
2019-03-21,2,0,142,0.0,0.0,0.0,0.0,0.0
2019-03-21,2,0,143,39.73,39.73,0.0,451.245289,0.0
2019-03-21,2,0,145,4.92,4.92,0.0,54.971894,0.0
2019-03-21,2,0,146,57.78,57.78,0.0,700.288844,0.0
2019-03-21,2,0,152,0.0,0.0,0.0,0.0,0.0
2019-03-21,2,0,153,0.0,0.0,0.0,0.0,0.0
2019-03-21,2,0,154,0.0,0.0,0.0,0.0,0.0
2019-03-21,2,0,157,24.92,24.92,0.0,299.079087,0.0
2019-03-21,2,0,158,0.0,0.0,0.0,0.0,0.0
2019-03-21,2,0,159,0.0,0.0,0.0,0.0,0.0
2019-03-21,2,0,160,0.0,0.0,0.0,0.0,0.0
2019-03-21,2,0,161,0.0,0.0,0.0,0.0,0.0
2019-03-21,2,0,162,4.43,4.43,0.0,54.259837,0.0
2019-03-21,2,0,163,55.2,55.2,0.0,669.019456,0.0
2019-03-21,2,0,164,0.0,0.0,0.0,0.0,0.0
2019-03-21,2,0,167,0.0,0.0,0.0,0.0,0.0
2019-03-21,2,0,168,0.0,0.0,0.0,0.0,0.0
2019-03-21,2,0,169,0.0,0.0,0.0,0.0,0.0
2019-03-21,2,0,170,0.0,0.0,0.0,0.0,0.0
2019-03-21,2,0,172,0.0,0.0,0.0,0.0,0.0
2019-03-21,2,0,173,0.0,0.0,0.0,0.0,0.0
2019-03-21,2,0,188,0.0,0.0,0.0,0.0,0.0
2019-03-21,2,0,190,0.0,0.0,0.0,0.0,0.0
2019-03-21,2,0,191,0.0,0.0,0.0,0.0,0.0
2019-03-21,2,0,192,87.67,87.67,0.0,1069.03145,0.0
2019-03-21,2,0,194,8.23,8.23,0.0,99.42996,0.0
2019-03-21,2,0,196,0.0,0.0,0.0,0.0,0.0
2019-03-21,2,0,198,0.0,0.0,0.0,0.0,0.0
2019-03-21,2,0,199,2.1,2.1,0.0,24.969803,0.0
2019-03-21,2,0,200,0.0,0.0,0.0,0.0,0.0
2019-03-21,2,0,204,0.0,0.0,0.0,0.0,0.0
2019-03-21,2,0,205,0.0,0.0,0.0,0.0,0.0
2019-03-21,2,0,206,115.78,115.78,0.0,1315.686144,0.0
2019-03-21,2,0,210,0.0,0.0,0.0,0.0,0.0
2019-03-21,2,0,214,0.0,0.0,0.0,0.0,0.0
2019-03-21,2,0,217,0.0,0.0,0.0,0.0,0.0
2019-03-21,2,0,218,0.0,0.0,0.0,0.0,0.0
2019-03-21,2,0,219,0.0,0.0,0.0,0.0,0.0
2019-03-21,2,0,221,0.0,0.0,0.0,0.0,0.0
2019-03-21,2,0,225,0.0,0.0,0.0,0.0,0.0
2019-03-21,2,0,233,0.0,0.0,0.0,0.0,0.0
2019-03-21,2,0,236,3.6,3.6,0.0,38.23476,0.0
2019-03-21,2,0,237,7.64,7.64,0.0,81.709337,0.0
2019-03-21,2,0,238,0.0,0.0,0.0,0.0,0.0
2019-03-21,2,0,240,0.0,0.0,0.0,0.0,0.0
2019-03-21,2,0,245,0.0,0.0,0.0,0.0,0.0
2019-03-21,2,0,247,0.0,0.0,0.0,0.0,0.0
2019-03-21,2,0,248,0.77,0.77,0.0,8.235103,0.0
2019-03-21,2,0,249,0.0,0.0,0.0,0.0,0.0
2019-03-21,2,0,251,0.0,0.0,0.0,0.0,0.0
2019-03-21,2,0,252,0.0,0.0,0.0,0.0,0.0
2019-03-21,2,0,254,0.0,0.0,0.0,0.0,0.0
2019-03-21,2,0,255,0.0,0.0,0.0,0.0,0.0
2019-03-21,2,0,258,0.0,0.0,0.0,0.0,0.0
2019-03-21,2,0,260,0.0,0.0,0.0,0.0,0.0
2019-03-21,2,0,265,0.0,0.0,0.0,0.0,0.0
2019-03-21,2,0,266,14.95,14.95,0.0,165.449834,0.0
2019-03-21,2,0,267,18.38,18.38,0.0,203.409228,0.0
2019-03-21,2,0,270,172.38,172.38,0.0,2089.23141,0.0
2019-03-21,2,0,272,22.82,22.82,0.0,273.976988,0.0
2019-03-21,2,0,273,0.0,0.0,0.0,0.0,0.0
2019-03-21,2,0,274,222.22,222.22,0.0,2693.288107,0.0
2019-03-21,2,0,275,309.34,309.34,0.0,3749.175335,0.0
2019-03-21,2,0,276,0.0,0.0,0.0,0.0,0.0
2019-03-21,2,0,277,0.0,0.0,0.0,0.0,0.0
2019-03-21,2,0,278,0.0,0.0,0.0,0.0,0.0
2019-03-21,2,0,279,11.38,11.38,0.0,136.118928,0.0
2019-03-21,2,0,281,6.56,6.56,0.0,74.507151,0.0
2019-03-21,2,0,282,0.0,0.0,0.0,0.0,0.0
2019-03-21,3,0,9,0.0,0.0,0.0,0.0,0.0
2019-03-21,3,0,17,0.0,0.0,0.0,0.0,0.0
2019-03-21,3,0,19,0.0,0.0,0.0,0.0,0.0
2019-03-21,3,0,20,0.0,0.0,0.0,0.0,0.0
2019-03-21,3,0,21,0.0,0.0,0.0,0.0,0.0
2019-03-21,3,0,22,0.0,0.0,0.0,0.0,0.0
2019-03-21,3,0,23,28.82,28.82,0.0,497.650364,0.0
2019-03-21,3,0,24,50.99,50.99,0.0,880.471619,0.0
2019-03-21,3,0,29,0.0,0.0,0.0,0.0,0.0
2019-03-21,3,0,30,0.0,0.0,0.0,0.0,0.0
2019-03-21,3,0,31,14.08,14.08,0.0,243.494365,0.0
2019-03-21,3,0,32,0.0,0.0,0.0,-0.0,0.0
2019-03-21,3,0,33,0.0,0.0,0.0,0.0,0.0
2019-03-21,3,0,34,0.0,0.0,0.0,0.0,0.0
2019-03-21,3,0,35,0.0,0.0,0.0,0.0,0.0
2019-03-21,3,0,36,0.0,0.0,0.0,0.0,0.0
2019-03-21,3,0,37,0.0,0.0,0.0,0.0,0.0
2019-03-21,3,0,38,0.0,0.0,0.0,0.0,0.0
2019-03-21,3,0,39,0.0,0.0,0.0,0.0,0.0
2019-03-21,3,0,40,0.0,0.0,0.0,0.0,0.0
2019-03-21,3,0,41,16.13,16.13,0.0,257.329726,0.0
2019-03-21,3,0,42,0.0,0.0,0.0,0.0,0.0
2019-03-21,3,0,43,0.0,0.0,0.0,0.0,0.0
2019-03-21,3,0,46,0.0,0.0,0.0,0.0,0.0
2019-03-21,3,0,52,14.93,14.93,0.0,258.193954,0.0
2019-03-21,3,0,53,23.72,23.72,0.0,410.204996,0.0
2019-03-21,3,0,55,206.38,206.38,0.0,3563.673911,0.0
2019-03-21,3,0,56,0.0,0.0,0.0,0.0,0.0
2019-03-21,3,0,57,0.0,0.0,0.0,0.0,0.0
2019-03-21,3,0,58,0.0,0.0,0.0,0.0,0.0
2019-03-21,3,0,59,0.0,0.0,0.0,0.0,0.0
2019-03-21,3,0,63,43.9,43.9,0.0,1435.444246,0.0
2019-03-21,3,0,64,51.64,51.64,0.0,1688.527127,0.0
2019-03-21,3,0,65,0.0,0.0,0.0,0.0,0.0
2019-03-21,3,0,67,0.0,0.0,0.0,0.0,0.0
2019-03-21,3,0,68,0.0,0.0,0.0,0.0,0.0
2019-03-21,3,0,69,0.0,0.0,0.0,0.0,0.0
2019-03-21,3,0,74,1.96,1.96,0.0,27.982911,0.0
2019-03-21,3,0,77,14.86,14.86,0.0,294.024938,0.0
2019-03-21,3,0,78,11.24,11.24,0.0,222.398406,0.0
2019-03-21,3,0,79,6.5,6.5,0.0,128.611178,0.0
2019-03-21,3,0,80,10.51,10.51,0.0,207.954381,0.0
2019-03-21,3,0,81,13.75,13.75,0.0,272.062106,0.0
2019-03-21,3,0,82,9.7,9.7,0.0,191.92745,0.0
2019-03-21,3,0,83,21.62,21.62,0.0,427.780563,0.0
2019-03-21,3,0,84,0.0,0.0,0.0,0.0,0.0
2019-03-21,3,0,86,0.0,0.0,0.0,0.0,0.0
2019-03-21,3,0,87,0.0,0.0,0.0,0.0,0.0
2019-03-21,3,0,88,12.04,12.04,0.0,238.227474,0.0
2019-03-21,3,0,89,11.57,11.57,0.0,228.927896,0.0
2019-03-21,3,0,90,15.54,15.54,0.0,307.479646,0.0
2019-03-21,3,0,91,55.42,55.42,0.0,1096.558686,0.0
2019-03-21,3,0,92,19.93,19.93,0.0,394.341657,0.0
2019-03-21,3,0,95,4.51,4.51,0.0,1141.162336,0.0
2019-03-21,3,0,96,5.6,5.6,0.0,96.997094,0.0
2019-03-21,3,0,97,34.41,34.41,0.0,596.012501,0.0
2019-03-21,3,0,99,0.38,0.38,0.0,5.425258,0.0
2019-03-21,3,0,101,0.0,0.0,0.0,0.0,0.0
2019-03-21,3,0,102,0.0,0.0,0.0,0.0,0.0
2019-03-21,3,0,103,0.0,0.0,0.0,0.0,0.0
2019-03-21,3,0,104,0.0,0.0,0.0,0.0,0.0
2019-03-21,3,0,106,0.0,0.0,0.0,0.0,0.0
2019-03-21,3,0,109,0.0,0.0,0.0,0.0,0.0
2019-03-21,3,0,110,69.47,69.47,0.0,1772.801325,0.0
2019-03-21,3,0,111,0.0,0.0,0.0,0.0,0.0
2019-03-21,3,0,113,1.75,1.75,0.0,35.192808,0.0
2019-03-21,3,0,115,1.75,1.75,0.0,35.192808,0.0
2019-03-21,3,0,116,0.0,0.0,0.0,0.0,0.0
2019-03-21,3,0,117,0.09,0.09,0.0,1.809916,0.0
2019-03-21,3,0,119,51.64,51.64,0.0,1688.527127,0.0
2019-03-21,3,0,120,30.37,30.37,0.0,993.039676,0.0
2019-03-21,3,0,123,0.0,0.0,0.0,0.0,0.0
2019-03-21,3,0,125,46.14,46.14,0.0,796.724073,0.0
2019-03-21,3,0,126,0.0,0.0,0.0,0.0,0.0
2019-03-21,3,0,127,0.0,0.0,0.0,0.0,0.0
2019-03-21,3,0,128,66.08,66.08,0.0,1141.038725,0.0
2019-03-21,3,0,131,1.22,1.22,0.0,25.129719,0.0
2019-03-21,3,0,132,1.79,1.79,0.0,36.870653,0.0
2019-03-21,3,0,133,0.0,0.0,0.0,0.0,0.0
2019-03-21,3,0,134,0.0,0.0,0.0,0.0,0.0
2019-03-21,3,0,135,0.0,0.0,0.0,0.0,0.0
2019-03-21,3,0,136,0.0,0.0,0.0,0.0,0.0
2019-03-21,3,0,139,20.83,20.83,0.0,332.31111,0.0
2019-03-21,3,0,140,51.41,51.41,0.0,1311.929122,0.0
2019-03-21,3,0,141,15.34,15.34,0.0,338.067394,0.0
2019-03-21,3,0,142,0.0,0.0,0.0,0.0,0.0
2019-03-21,3,0,143,19.05,19.05,0.0,329.443726,0.0
2019-03-21,3,0,145,4.21,4.21,0.0,69.186265,0.0
2019-03-21,3,0,146,57.08,57.08,0.0,1456.621558,0.0
2019-03-21,3,0,152,0.0,0.0,0.0,0.0,0.0
2019-03-21,3,0,153,0.0,0.0,0.0,0.0,0.0
2019-03-21,3,0,154,0.0,0.0,0.0,0.0,0.0
2019-03-21,3,0,157,20.03,20.03,0.0,441.426982,0.0
2019-03-21,3,0,158,0.0,0.0,0.0,0.0,0.0
2019-03-21,3,0,159,0.0,0.0,0.0,0.0,0.0
2019-03-21,3,0,160,0.0,0.0,0.0,0.0,0.0
2019-03-21,3,0,161,0.0,0.0,0.0,0.0,0.0
2019-03-21,3,0,162,4.61,4.61,0.0,1167.163307,0.0
2019-03-21,3,0,163,53.9,53.9,0.0,1375.471303,0.0
2019-03-21,3,0,164,0.0,0.0,0.0,0.0,0.0
2019-03-21,3,0,167,0.0,0.0,0.0,0.0,0.0
2019-03-21,3,0,168,0.0,0.0,0.0,0.0,0.0
2019-03-21,3,0,169,0.0,0.0,0.0,0.0,0.0
2019-03-21,3,0,170,0.0,0.0,0.0,0.0,0.0
2019-03-21,3,0,172,0.0,0.0,0.0,0.0,0.0
2019-03-21,3,0,173,0.0,0.0,0.0,0.0,0.0
2019-03-21,3,0,188,0.0,0.0,0.0,0.0,0.0
2019-03-21,3,0,190,0.0,0.0,0.0,0.0,0.0
2019-03-21,3,0,191,0.0,0.0,0.0,0.0,0.0
2019-03-21,3,0,192,65.7,65.7,0.0,2148.261663,0.0
2019-03-21,3,0,194,0.0,0.0,0.0,0.0,0.0
2019-03-21,3,0,196,0.0,0.0,0.0,0.0,0.0
2019-03-21,3,0,198,0.0,0.0,0.0,0.0,0.0
2019-03-21,3,0,199,2.32,2.32,0.0,22.098189,0.0
2019-03-21,3,0,200,0.0,0.0,0.0,0.0,0.0
2019-03-21,3,0,204,0.0,0.0,0.0,0.0,0.0
2019-03-21,3,0,205,0.0,0.0,0.0,0.0,0.0
2019-03-21,3,0,206,101.12,101.12,0.0,1751.490385,0.0
2019-03-21,3,0,210,0.0,0.0,0.0,0.0,0.0
2019-03-21,3,0,214,0.0,0.0,0.0,0.0,0.0
2019-03-21,3,0,217,0.0,0.0,0.0,0.0,0.0
2019-03-21,3,0,218,0.0,0.0,0.0,0.0,0.0
2019-03-21,3,0,219,0.0,0.0,0.0,0.0,0.0
2019-03-21,3,0,221,0.0,0.0,0.0,0.0,0.0
2019-03-21,3,0,225,0.0,0.0,0.0,0.0,0.0
2019-03-21,3,0,233,0.0,0.0,0.0,0.0,0.0
2019-03-21,3,0,236,0.0,0.0,0.0,0.0,0.0
2019-03-21,3,0,237,4.71,4.71,0.0,67.244648,0.0
2019-03-21,3,0,238,0.0,0.0,0.0,0.0,0.0
2019-03-21,3,0,240,0.0,0.0,0.0,0.0,0.0
2019-03-21,3,0,245,0.0,0.0,0.0,0.0,0.0
2019-03-21,3,0,247,0.0,0.0,0.0,0.0,0.0
2019-03-21,3,0,248,0.47,0.47,0.0,6.710188,0.0
2019-03-21,3,0,249,0.0,0.0,0.0,0.0,0.0
2019-03-21,3,0,251,0.0,0.0,0.0,0.0,0.0
2019-03-21,3,0,252,0.0,0.0,0.0,0.0,0.0
2019-03-21,3,0,254,0.0,0.0,0.0,0.0,0.0
2019-03-21,3,0,255,0.0,0.0,0.0,0.0,0.0
2019-03-21,3,0,258,0.0,0.0,0.0,0.0,0.0
2019-03-21,3,0,260,0.0,0.0,0.0,0.0,0.0
2019-03-21,3,0,265,0.0,0.0,0.0,0.0,0.0
2019-03-21,3,0,266,13.49,13.49,0.0,215.212524,0.0
2019-03-21,3,0,267,16.57,16.57,0.0,264.34926,0.0
2019-03-21,3,0,270,168.33,168.33,0.0,4295.604536,0.0
2019-03-21,3,0,272,7.15,7.15,0.0,143.787757,0.0
2019-03-21,3,0,273,0.0,0.0,0.0,0.0,0.0
2019-03-21,3,0,274,217.0,217.0,0.0,5537.61174,0.0
2019-03-21,3,0,275,302.07,302.07,0.0,7708.508656,0.0
2019-03-21,3,0,276,0.0,0.0,0.0,0.0,0.0
2019-03-21,3,0,277,0.0,0.0,0.0,0.0,0.0
2019-03-21,3,0,278,0.0,0.0,0.0,0.0,0.0
2019-03-21,3,0,279,0.0,0.0,0.0,0.0,0.0
2019-03-21,3,0,281,6.32,6.32,0.0,109.295766,0.0
2019-03-21,3,0,282,0.0,0.0,0.0,0.0,0.0
2019-03-21,4,0,9,0.0,0.0,0.0,0.0,0.0
2019-03-21,4,0,17,0.0,0.0,0.0,0.0,0.0
2019-03-21,4,0,19,0.0,0.0,0.0,0.0,0.0
2019-03-21,4,0,20,0.0,0.0,0.0,0.0,0.0
2019-03-21,4,0,21,0.0,0.0,0.0,0.0,0.0
2019-03-21,4,0,22,0.0,0.0,0.0,0.0,0.0
2019-03-21,4,0,23,23.43,23.43,0.0,315.214651,0.0
2019-03-21,4,0,24,38.72,38.72,0.0,520.918109,0.0
2019-03-21,4,0,29,0.0,0.0,0.0,0.0,0.0
2019-03-21,4,0,30,0.0,0.0,0.0,0.0,0.0
2019-03-21,4,0,31,13.59,13.59,0.0,182.866123,0.0
2019-03-21,4,0,32,0.0,0.0,0.0,0.0,0.0
2019-03-21,4,0,33,0.0,0.0,0.0,0.0,0.0
2019-03-21,4,0,34,0.0,0.0,0.0,0.0,0.0
2019-03-21,4,0,35,0.0,0.0,0.0,0.0,0.0
2019-03-21,4,0,36,0.0,0.0,0.0,0.0,0.0
2019-03-21,4,0,37,0.0,0.0,0.0,0.0,0.0
2019-03-21,4,0,38,0.0,0.0,0.0,0.0,0.0
2019-03-21,4,0,39,0.0,0.0,0.0,0.0,0.0
2019-03-21,4,0,40,0.0,0.0,0.0,0.0,0.0
2019-03-21,4,0,41,14.55,14.55,0.0,194.668413,0.0
2019-03-21,4,0,42,0.0,0.0,0.0,0.0,0.0
2019-03-21,4,0,43,0.0,0.0,0.0,0.0,0.0
2019-03-21,4,0,46,0.0,0.0,0.0,0.0,0.0
2019-03-21,4,0,52,14.41,14.41,0.0,193.899987,0.0
2019-03-21,4,0,53,22.89,22.89,0.0,308.006295,0.0
2019-03-21,4,0,55,186.78,186.78,0.0,2512.837922,0.0
2019-03-21,4,0,56,0.0,0.0,0.0,0.0,0.0
2019-03-21,4,0,57,0.0,0.0,0.0,0.0,0.0
2019-03-21,4,0,58,0.0,0.0,0.0,0.0,0.0
2019-03-21,4,0,59,0.0,0.0,0.0,0.0,0.0
2019-03-21,4,0,63,57.08,57.08,0.0,1050.553698,0.0
2019-03-21,4,0,64,67.15,67.15,0.0,1235.891395,0.0
2019-03-21,4,0,65,0.0,0.0,0.0,0.0,0.0
2019-03-21,4,0,67,0.0,0.0,0.0,0.0,0.0
2019-03-21,4,0,68,0.0,0.0,0.0,0.0,0.0
2019-03-21,4,0,69,0.0,0.0,0.0,0.0,0.0
2019-03-21,4,0,74,0.0,0.0,0.0,0.0,0.0
2019-03-21,4,0,77,6.91,6.91,0.0,94.685488,0.0
2019-03-21,4,0,78,5.22,5.22,0.0,71.527967,0.0
2019-03-21,4,0,79,3.02,3.02,0.0,41.38208,0.0
2019-03-21,4,0,80,4.89,4.89,0.0,67.006084,0.0
2019-03-21,4,0,81,6.39,6.39,0.0,87.560097,0.0
2019-03-21,4,0,82,4.51,4.51,0.0,61.799067,0.0
2019-03-21,4,0,83,10.05,10.05,0.0,137.71189,0.0
2019-03-21,4,0,84,0.0,0.0,0.0,0.0,0.0
2019-03-21,4,0,86,0.0,0.0,0.0,0.0,0.0
2019-03-21,4,0,87,0.0,0.0,0.0,0.0,0.0
2019-03-21,4,0,88,6.48,6.48,0.0,88.793338,0.0
2019-03-21,4,0,89,6.23,6.23,0.0,85.367669,0.0
2019-03-21,4,0,90,8.36,8.36,0.0,114.554368,0.0
2019-03-21,4,0,91,29.83,29.83,0.0,408.750813,0.0
2019-03-21,4,0,92,10.73,10.73,0.0,147.029709,0.0
2019-03-21,4,0,95,11.06,11.06,0.0,197.161725,0.0
2019-03-21,4,0,96,4.9,4.9,0.0,65.946713,0.0
2019-03-21,4,0,97,30.12,30.12,0.0,405.370406,0.0
2019-03-21,4,0,99,0.0,0.0,0.0,0.0,0.0
2019-03-21,4,0,101,0.0,0.0,0.0,0.0,0.0
2019-03-21,4,0,102,0.0,0.0,0.0,0.0,0.0
2019-03-21,4,0,103,0.0,0.0,0.0,0.0,0.0
2019-03-21,4,0,104,0.0,0.0,0.0,0.0,0.0
2019-03-21,4,0,106,0.0,0.0,0.0,0.0,0.0
2019-03-21,4,0,109,0.0,0.0,0.0,0.0,0.0
2019-03-21,4,0,110,69.17,69.17,0.0,461.932911,0.0
2019-03-21,4,0,111,0.0,0.0,0.0,0.0,0.0
2019-03-21,4,0,113,0.0,0.0,0.0,0.0,0.0
2019-03-21,4,0,115,0.0,0.0,0.0,0.0,0.0
2019-03-21,4,0,116,0.0,0.0,0.0,0.0,0.0
2019-03-21,4,0,117,0.0,0.0,0.0,0.0,0.0
2019-03-21,4,0,119,67.15,67.15,0.0,1235.891395,0.0
2019-03-21,4,0,120,39.49,39.49,0.0,726.810889,0.0
2019-03-21,4,0,123,0.0,0.0,0.0,0.0,0.0
2019-03-21,4,0,125,35.53,35.53,0.0,478.00156,0.0
2019-03-21,4,0,126,0.0,0.0,0.0,0.0,0.0
2019-03-21,4,0,127,0.0,0.0,0.0,0.0,0.0
2019-03-21,4,0,128,48.25,48.25,0.0,649.129616,0.0
2019-03-21,4,0,131,0.0,0.0,0.0,0.0,0.0
2019-03-21,4,0,132,0.0,0.0,0.0,0.0,0.0
2019-03-21,4,0,133,0.0,0.0,0.0,0.0,0.0
2019-03-21,4,0,134,0.0,0.0,0.0,0.0,0.0
2019-03-21,4,0,135,0.0,0.0,0.0,0.0,0.0
2019-03-21,4,0,136,0.0,0.0,0.0,0.0,0.0
2019-03-21,4,0,139,18.79,18.79,0.0,251.396528,0.0
2019-03-21,4,0,140,51.19,51.19,0.0,341.858403,0.0
2019-03-21,4,0,141,9.12,9.12,0.0,101.079916,0.0
2019-03-21,4,0,142,0.0,0.0,0.0,0.0,0.0
2019-03-21,4,0,143,17.35,17.35,0.0,233.460429,0.0
2019-03-21,4,0,145,3.62,3.62,0.0,48.366462,0.0
2019-03-21,4,0,146,67.9,67.9,0.0,453.451564,0.0
2019-03-21,4,0,152,0.0,0.0,0.0,0.0,0.0
2019-03-21,4,0,153,0.0,0.0,0.0,0.0,0.0
2019-03-21,4,0,154,0.0,0.0,0.0,0.0,0.0
2019-03-21,4,0,157,19.16,19.16,0.0,212.356489,0.0
2019-03-21,4,0,158,0.0,0.0,0.0,0.0,0.0
2019-03-21,4,0,159,0.0,0.0,0.0,0.0,0.0
2019-03-21,4,0,160,0.0,0.0,0.0,0.0,0.0
2019-03-21,4,0,161,0.0,0.0,0.0,0.0,0.0
2019-03-21,4,0,162,5.13,5.13,0.0,91.476457,0.0
2019-03-21,4,0,163,67.01,67.01,0.0,447.507942,0.0
2019-03-21,4,0,164,0.0,0.0,0.0,0.0,0.0
2019-03-21,4,0,167,0.0,0.0,0.0,0.0,0.0
2019-03-21,4,0,168,0.0,0.0,0.0,0.0,0.0
2019-03-21,4,0,169,0.0,0.0,0.0,0.0,0.0
2019-03-21,4,0,170,0.0,0.0,0.0,0.0,0.0
2019-03-21,4,0,172,0.0,0.0,0.0,0.0,0.0
2019-03-21,4,0,173,0.0,0.0,0.0,0.0,0.0
2019-03-21,4,0,188,0.0,0.0,0.0,0.0,0.0
2019-03-21,4,0,190,0.0,0.0,0.0,0.0,0.0
2019-03-21,4,0,191,0.0,0.0,0.0,0.0,0.0
2019-03-21,4,0,192,60.93,60.93,0.0,1121.412698,0.0
2019-03-21,4,0,194,0.0,0.0,0.0,0.0,0.0
2019-03-21,4,0,196,0.0,0.0,0.0,0.0,0.0
2019-03-21,4,0,198,0.0,0.0,0.0,0.0,0.0
2019-03-21,4,0,199,2.69,2.69,0.0,33.206283,0.0
2019-03-21,4,0,200,0.0,0.0,0.0,0.0,0.0
2019-03-21,4,0,204,0.0,0.0,0.0,0.0,0.0
2019-03-21,4,0,205,0.0,0.0,0.0,0.0,0.0
2019-03-21,4,0,206,88.51,88.51,0.0,1191.21297,0.0
2019-03-21,4,0,210,0.0,0.0,0.0,0.0,0.0
2019-03-21,4,0,214,0.0,0.0,0.0,0.0,0.0
2019-03-21,4,0,217,0.0,0.0,0.0,0.0,0.0
2019-03-21,4,0,218,0.0,0.0,0.0,0.0,0.0
2019-03-21,4,0,219,0.0,0.0,0.0,0.0,0.0
2019-03-21,4,0,221,0.0,0.0,0.0,0.0,0.0
2019-03-21,4,0,225,0.0,0.0,0.0,0.0,0.0
2019-03-21,4,0,233,0.0,0.0,0.0,0.0,0.0
2019-03-21,4,0,236,0.0,0.0,0.0,0.0,0.0
2019-03-21,4,0,237,0.0,0.0,0.0,0.0,0.0
2019-03-21,4,0,238,0.0,0.0,0.0,0.0,0.0
2019-03-21,4,0,240,0.0,0.0,0.0,0.0,0.0
2019-03-21,4,0,245,0.0,0.0,0.0,0.0,0.0
2019-03-21,4,0,247,0.0,0.0,0.0,0.0,0.0
2019-03-21,4,0,248,0.0,0.0,0.0,0.0,0.0
2019-03-21,4,0,249,0.0,0.0,0.0,0.0,0.0
2019-03-21,4,0,251,0.0,0.0,0.0,0.0,0.0
2019-03-21,4,0,252,0.0,0.0,0.0,0.0,0.0
2019-03-21,4,0,254,0.0,0.0,0.0,0.0,0.0
2019-03-21,4,0,255,0.0,0.0,0.0,0.0,0.0
2019-03-21,4,0,258,0.0,0.0,0.0,0.0,0.0
2019-03-21,4,0,260,0.0,0.0,0.0,0.0,0.0
2019-03-21,4,0,265,0.0,0.0,0.0,0.0,0.0
2019-03-21,4,0,266,12.17,12.17,0.0,162.825745,0.0
2019-03-21,4,0,267,14.95,14.95,0.0,200.020122,0.0
2019-03-21,4,0,270,209.29,209.29,0.0,1397.685976,0.0
2019-03-21,4,0,272,0.0,0.0,0.0,0.0,0.0
2019-03-21,4,0,273,0.0,0.0,0.0,0.0,0.0
2019-03-21,4,0,274,269.8,269.8,0.0,1801.785448,0.0
2019-03-21,4,0,275,375.56,375.56,0.0,2508.074658,0.0
2019-03-21,4,0,276,0.0,0.0,0.0,0.0,0.0
2019-03-21,4,0,277,0.0,0.0,0.0,0.0,0.0
2019-03-21,4,0,278,0.0,0.0,0.0,0.0,0.0
2019-03-21,4,0,279,0.0,0.0,0.0,0.0,0.0
2019-03-21,4,0,281,6.1,6.1,0.0,82.081188,0.0
2019-03-21,4,0,282,0.0,0.0,0.0,0.0,0.0
2019-03-21,5,0,9,0.0,0.0,0.0,0.0,0.0
2019-03-21,5,0,17,0.0,0.0,0.0,0.0,0.0
2019-03-21,5,0,19,0.0,0.0,0.0,0.0,0.0
2019-03-21,5,0,20,0.0,0.0,0.0,0.0,0.0
2019-03-21,5,0,21,0.0,0.0,0.0,0.0,0.0
2019-03-21,5,0,22,0.0,0.0,0.0,0.0,0.0
2019-03-21,5,0,23,21.42,21.42,0.0,332.206637,0.0
2019-03-21,5,0,24,37.9,37.9,0.0,587.797924,0.0
2019-03-21,5,0,29,0.0,0.0,0.0,0.0,0.0
2019-03-21,5,0,30,0.0,0.0,0.0,0.0,0.0
2019-03-21,5,0,31,11.58,11.58,0.0,179.63471,0.0
2019-03-21,5,0,32,0.0,0.0,0.0,0.0,0.0
2019-03-21,5,0,33,0.0,0.0,0.0,0.0,0.0
2019-03-21,5,0,34,0.0,0.0,0.0,0.0,0.0
2019-03-21,5,0,35,0.0,0.0,0.0,0.0,0.0
2019-03-21,5,0,36,0.0,0.0,0.0,0.0,0.0
2019-03-21,5,0,37,0.0,0.0,0.0,0.0,0.0
2019-03-21,5,0,38,0.0,0.0,0.0,0.0,0.0
2019-03-21,5,0,39,0.0,0.0,0.0,0.0,0.0
2019-03-21,5,0,40,0.0,0.0,0.0,0.0,0.0
2019-03-21,5,0,41,13.84,13.84,0.0,213.162983,0.0
2019-03-21,5,0,42,0.0,0.0,0.0,0.0,0.0
2019-03-21,5,0,43,0.0,0.0,0.0,0.0,0.0
2019-03-21,5,0,46,0.0,0.0,0.0,0.0,0.0
2019-03-21,5,0,52,12.27,12.27,0.0,190.338333,0.0
2019-03-21,5,0,53,19.5,19.5,0.0,302.493683,0.0
2019-03-21,5,0,55,126.04,126.04,0.0,1954.777053,0.0
2019-03-21,5,0,56,0.0,0.0,0.0,0.0,0.0
2019-03-21,5,0,57,0.0,0.0,0.0,0.0,0.0
2019-03-21,5,0,58,0.0,0.0,0.0,0.0,0.0
2019-03-21,5,0,59,0.0,0.0,0.0,0.0,0.0
2019-03-21,5,0,63,52.06,52.06,0.0,1118.990071,0.0
2019-03-21,5,0,64,61.25,61.25,0.0,1316.522125,0.0
2019-03-21,5,0,65,0.0,0.0,0.0,0.0,0.0
2019-03-21,5,0,67,0.0,0.0,0.0,0.0,0.0
2019-03-21,5,0,68,0.0,0.0,0.0,0.0,0.0
2019-03-21,5,0,69,0.0,0.0,0.0,0.0,0.0
2019-03-21,5,0,74,0.0,0.0,0.0,0.0,0.0
2019-03-21,5,0,77,0.0,0.0,0.0,0.0,0.0
2019-03-21,5,0,78,0.0,0.0,0.0,0.0,0.0
2019-03-21,5,0,79,0.0,0.0,0.0,0.0,0.0
2019-03-21,5,0,80,0.0,0.0,0.0,0.0,0.0
2019-03-21,5,0,81,0.0,0.0,0.0,0.0,0.0
2019-03-21,5,0,82,0.0,0.0,0.0,0.0,0.0
2019-03-21,5,0,83,0.0,0.0,0.0,0.0,0.0
2019-03-21,5,0,84,0.0,0.0,0.0,0.0,0.0
2019-03-21,5,0,86,0.0,0.0,0.0,0.0,0.0
2019-03-21,5,0,87,0.0,0.0,0.0,0.0,0.0
2019-03-21,5,0,88,0.0,0.0,0.0,0.0,0.0
2019-03-21,5,0,89,0.0,0.0,0.0,0.0,0.0
2019-03-21,5,0,90,0.0,0.0,0.0,0.0,0.0
2019-03-21,5,0,91,0.0,0.0,0.0,0.0,0.0
2019-03-21,5,0,92,0.0,0.0,0.0,0.0,0.0
2019-03-21,5,0,95,6.11,6.11,0.0,127.509151,0.0
2019-03-21,5,0,96,3.22,3.22,0.0,49.9614,0.0
2019-03-21,5,0,97,19.82,19.82,0.0,307.52638,0.0
2019-03-21,5,0,99,0.0,0.0,0.0,0.0,0.0
2019-03-21,5,0,101,0.0,0.0,0.0,0.0,0.0
2019-03-21,5,0,102,0.0,0.0,0.0,0.0,0.0
2019-03-21,5,0,103,0.0,0.0,0.0,0.0,0.0
2019-03-21,5,0,104,0.0,0.0,0.0,0.0,0.0
2019-03-21,5,0,106,0.0,0.0,0.0,0.0,0.0
2019-03-21,5,0,109,0.0,0.0,0.0,0.0,0.0
2019-03-21,5,0,110,49.82,49.82,0.0,383.198537,0.0
2019-03-21,5,0,111,0.0,0.0,0.0,0.0,0.0
2019-03-21,5,0,113,0.0,0.0,0.0,0.0,0.0
2019-03-21,5,0,115,0.0,0.0,0.0,0.0,0.0
2019-03-21,5,0,116,0.0,0.0,0.0,0.0,0.0
2019-03-21,5,0,117,0.0,0.0,0.0,0.0,0.0
2019-03-21,5,0,119,61.25,61.25,0.0,1316.522125,0.0
2019-03-21,5,0,120,36.02,36.02,0.0,774.222481,0.0
2019-03-21,5,0,123,0.0,0.0,0.0,0.0,0.0
2019-03-21,5,0,125,34.3,34.3,0.0,531.964875,0.0
2019-03-21,5,0,126,0.0,0.0,0.0,0.0,0.0
2019-03-21,5,0,127,0.0,0.0,0.0,0.0,0.0
2019-03-21,5,0,128,49.12,49.12,0.0,761.810924,0.0
2019-03-21,5,0,131,0.0,0.0,0.0,0.0,0.0
2019-03-21,5,0,132,0.0,0.0,0.0,0.0,0.0
2019-03-21,5,0,133,0.0,0.0,0.0,0.0,0.0
2019-03-21,5,0,134,0.0,0.0,0.0,0.0,0.0
2019-03-21,5,0,135,0.0,0.0,0.0,0.0,0.0
2019-03-21,5,0,136,0.94,0.94,0.0,14.866563,0.0
2019-03-21,5,0,139,17.87,17.87,0.0,275.23284,0.0
2019-03-21,5,0,140,36.87,36.87,0.0,283.59153,0.0
2019-03-21,5,0,141,0.0,0.0,0.0,0.0,0.0
2019-03-21,5,0,142,0.0,0.0,0.0,0.0,0.0
2019-03-21,5,0,143,28.42,28.42,0.0,440.865152,0.0
2019-03-21,5,0,145,1.8,1.8,0.0,27.696438,0.0
2019-03-21,5,0,146,58.63,58.63,0.0,450.962067,0.0
2019-03-21,5,0,152,0.0,0.0,0.0,0.0,0.0
2019-03-21,5,0,153,0.0,0.0,0.0,0.0,0.0
2019-03-21,5,0,154,0.0,0.0,0.0,0.0,0.0
2019-03-21,5,0,157,18.8,18.8,0.0,240.731053,0.0
2019-03-21,5,0,158,0.0,0.0,0.0,0.0,0.0
2019-03-21,5,0,159,0.0,0.0,0.0,0.0,0.0
2019-03-21,5,0,160,0.0,0.0,0.0,0.0,0.0
2019-03-21,5,0,161,0.0,0.0,0.0,0.0,0.0
2019-03-21,5,0,162,6.21,6.21,0.0,129.627232,0.0
2019-03-21,5,0,163,62.34,62.34,0.0,479.498129,0.0
2019-03-21,5,0,164,0.0,0.0,0.0,0.0,0.0
2019-03-21,5,0,167,0.0,0.0,0.0,0.0,0.0
2019-03-21,5,0,168,0.0,0.0,0.0,0.0,0.0
2019-03-21,5,0,169,0.0,0.0,0.0,0.0,0.0
2019-03-21,5,0,170,0.0,0.0,0.0,0.0,0.0
2019-03-21,5,0,172,0.0,0.0,0.0,0.0,0.0
2019-03-21,5,0,173,0.0,0.0,0.0,0.0,0.0
2019-03-21,5,0,188,0.0,0.0,0.0,0.0,0.0
2019-03-21,5,0,190,0.0,0.0,0.0,0.0,0.0
2019-03-21,5,0,191,0.0,0.0,0.0,0.0,0.0
2019-03-21,5,0,192,54.47,54.47,0.0,1170.791186,0.0
2019-03-21,5,0,194,0.0,0.0,0.0,0.0,0.0
2019-03-21,5,0,196,0.0,0.0,0.0,0.0,0.0
2019-03-21,5,0,198,0.0,0.0,0.0,0.0,0.0
2019-03-21,5,0,199,2.17,2.17,0.0,27.989739,0.0
2019-03-21,5,0,200,0.0,0.0,0.0,0.0,0.0
2019-03-21,5,0,204,0.0,0.0,0.0,0.0,0.0
2019-03-21,5,0,205,0.0,0.0,0.0,0.0,0.0
2019-03-21,5,0,206,58.25,58.25,0.0,903.804825,0.0
2019-03-21,5,0,210,0.0,0.0,0.0,0.0,0.0
2019-03-21,5,0,214,0.0,0.0,0.0,0.0,0.0
2019-03-21,5,0,217,0.0,0.0,0.0,0.0,0.0
2019-03-21,5,0,218,0.0,0.0,0.0,0.0,0.0
2019-03-21,5,0,219,0.0,0.0,0.0,0.0,0.0
2019-03-21,5,0,221,0.0,0.0,0.0,0.0,0.0
2019-03-21,5,0,225,0.0,0.0,0.0,0.0,0.0
2019-03-21,5,0,233,0.0,0.0,0.0,0.0,0.0
2019-03-21,5,0,236,0.0,0.0,0.0,0.0,0.0
2019-03-21,5,0,237,0.0,0.0,0.0,0.0,0.0
2019-03-21,5,0,238,0.0,0.0,0.0,0.0,0.0
2019-03-21,5,0,240,0.0,0.0,0.0,0.0,0.0
2019-03-21,5,0,245,0.0,0.0,0.0,0.0,0.0
2019-03-21,5,0,247,0.0,0.0,0.0,0.0,0.0
2019-03-21,5,0,248,0.0,0.0,0.0,0.0,0.0
2019-03-21,5,0,249,0.0,0.0,0.0,0.0,0.0
2019-03-21,5,0,251,0.0,0.0,0.0,0.0,0.0
2019-03-21,5,0,252,0.0,0.0,0.0,0.0,0.0
2019-03-21,5,0,254,0.0,0.0,0.0,0.0,0.0
2019-03-21,5,0,255,0.0,0.0,0.0,0.0,0.0
2019-03-21,5,0,258,0.0,0.0,0.0,0.0,0.0
2019-03-21,5,0,260,0.0,0.0,0.0,0.0,0.0
2019-03-21,5,0,265,0.0,0.0,0.0,0.0,0.0
2019-03-21,5,0,266,11.57,11.57,0.0,178.200557,0.0
2019-03-21,5,0,267,14.22,14.22,0.0,219.015724,0.0
2019-03-21,5,0,270,194.7,194.7,0.0,1497.56634,0.0
2019-03-21,5,0,272,0.0,0.0,0.0,0.0,0.0
2019-03-21,5,0,273,0.0,0.0,0.0,0.0,0.0
2019-03-21,5,0,274,250.99,250.99,0.0,1930.529922,0.0
2019-03-21,5,0,275,349.39,349.39,0.0,2687.389335,0.0
2019-03-21,5,0,276,0.0,0.0,0.0,0.0,0.0
2019-03-21,5,0,277,0.0,0.0,0.0,0.0,0.0
2019-03-21,5,0,278,0.0,0.0,0.0,0.0,0.0
2019-03-21,5,0,279,0.0,0.0,0.0,0.0,0.0
2019-03-21,5,0,281,5.2,5.2,0.0,80.664982,0.0
2019-03-21,5,0,282,0.0,0.0,0.0,0.0,0.0
2019-03-21,6,0,9,0.0,0.0,0.0,0.0,0.0
2019-03-21,6,0,17,0.0,0.0,0.0,0.0,0.0
2019-03-21,6,0,19,0.0,0.0,0.0,0.0,0.0
2019-03-21,6,0,20,0.0,0.0,0.0,0.0,0.0
2019-03-21,6,0,21,0.0,0.0,0.0,0.0,0.0
2019-03-21,6,0,22,0.0,0.0,0.0,0.0,0.0
2019-03-21,6,0,23,17.43,17.43,0.0,387.548495,0.0
2019-03-21,6,0,24,30.83,30.83,0.0,685.491688,0.0
2019-03-21,6,0,29,0.0,0.0,0.0,0.0,0.0
2019-03-21,6,0,30,0.0,0.0,0.0,0.0,0.0
2019-03-21,6,0,31,9.9,9.9,0.0,220.560105,0.0
2019-03-21,6,0,32,0.0,0.0,0.0,0.0,0.0
2019-03-21,6,0,33,0.0,0.0,0.0,0.0,0.0
2019-03-21,6,0,34,0.0,0.0,0.0,0.0,0.0
2019-03-21,6,0,35,0.0,0.0,0.0,0.0,0.0
2019-03-21,6,0,36,0.0,0.0,0.0,0.0,0.0
2019-03-21,6,0,37,0.0,0.0,0.0,0.0,0.0
2019-03-21,6,0,38,0.0,0.0,0.0,0.0,0.0
2019-03-21,6,0,39,0.0,0.0,0.0,0.0,0.0
2019-03-21,6,0,40,0.0,0.0,0.0,0.0,0.0
2019-03-21,6,0,41,13.26,13.26,0.0,264.813938,0.0
2019-03-21,6,0,42,0.0,0.0,0.0,0.0,0.0
2019-03-21,6,0,43,0.0,0.0,0.0,0.0,0.0
2019-03-21,6,0,46,0.0,0.0,0.0,0.0,0.0
2019-03-21,6,0,52,10.49,10.49,0.0,233.704596,0.0
2019-03-21,6,0,53,16.66,16.66,0.0,371.164783,0.0
2019-03-21,6,0,55,47.05,47.05,0.0,1046.136357,0.0
2019-03-21,6,0,56,0.0,0.0,0.0,0.0,0.0
2019-03-21,6,0,57,0.0,0.0,0.0,0.0,0.0
2019-03-21,6,0,58,0.0,0.0,0.0,0.0,0.0
2019-03-21,6,0,59,0.0,0.0,0.0,0.0,0.0
2019-03-21,6,0,63,49.74,49.74,0.0,1482.66676,0.0
2019-03-21,6,0,64,58.51,58.51,0.0,1744.085889,0.0
2019-03-21,6,0,65,0.0,0.0,0.0,0.0,0.0
2019-03-21,6,0,67,0.0,0.0,0.0,0.0,0.0
2019-03-21,6,0,68,0.0,0.0,0.0,0.0,0.0
2019-03-21,6,0,69,0.0,0.0,0.0,0.0,0.0
2019-03-21,6,0,74,0.0,0.0,0.0,0.0,0.0
2019-03-21,6,0,77,0.0,0.0,0.0,0.0,0.0
2019-03-21,6,0,78,0.0,0.0,0.0,0.0,0.0
2019-03-21,6,0,79,0.0,0.0,0.0,0.0,0.0
2019-03-21,6,0,80,0.0,0.0,0.0,0.0,0.0
2019-03-21,6,0,81,0.0,0.0,0.0,0.0,0.0
2019-03-21,6,0,82,0.0,0.0,0.0,0.0,0.0
2019-03-21,6,0,83,0.0,0.0,0.0,0.0,0.0
2019-03-21,6,0,84,0.0,0.0,0.0,0.0,0.0
2019-03-21,6,0,86,0.0,0.0,0.0,0.0,0.0
2019-03-21,6,0,87,0.0,0.0,0.0,0.0,0.0
2019-03-21,6,0,88,0.0,0.0,0.0,0.0,0.0
2019-03-21,6,0,89,0.0,0.0,0.0,0.0,0.0
2019-03-21,6,0,90,0.0,0.0,0.0,0.0,0.0
2019-03-21,6,0,91,0.0,0.0,0.0,0.0,0.0
2019-03-21,6,0,92,0.0,0.0,0.0,0.0,0.0
2019-03-21,6,0,95,7.89,7.89,0.0,241.828288,0.0
2019-03-21,6,0,96,2.01,2.01,0.0,44.873301,0.0
2019-03-21,6,0,97,12.35,12.35,0.0,275.714061,0.0
2019-03-21,6,0,99,0.0,0.0,0.0,0.0,0.0
2019-03-21,6,0,101,0.0,0.0,0.0,0.0,0.0
2019-03-21,6,0,102,0.0,0.0,0.0,0.0,0.0
2019-03-21,6,0,103,0.0,0.0,0.0,0.0,0.0
2019-03-21,6,0,104,0.0,0.0,0.0,0.0,0.0
2019-03-21,6,0,106,0.0,0.0,0.0,0.0,0.0
2019-03-21,6,0,109,0.0,0.0,0.0,0.0,0.0
2019-03-21,6,0,110,43.18,43.18,0.0,1245.65896,0.0
2019-03-21,6,0,111,0.0,0.0,0.0,0.0,0.0
2019-03-21,6,0,113,0.0,0.0,0.0,0.0,0.0
2019-03-21,6,0,115,0.0,0.0,0.0,0.0,0.0
2019-03-21,6,0,116,0.0,0.0,0.0,0.0,0.0
2019-03-21,6,0,117,0.0,0.0,0.0,0.0,0.0
2019-03-21,6,0,119,58.51,58.51,0.0,1744.085889,0.0
2019-03-21,6,0,120,34.4,34.4,0.0,1025.406847,0.0
2019-03-21,6,0,123,0.0,0.0,0.0,0.0,0.0
2019-03-21,6,0,125,27.9,27.9,0.0,620.344408,0.0
2019-03-21,6,0,126,0.0,0.0,0.0,0.0,0.0
2019-03-21,6,0,127,0.0,0.0,0.0,0.0,0.0
2019-03-21,6,0,128,39.96,39.96,0.0,888.49328,0.0
2019-03-21,6,0,131,0.0,0.0,0.0,0.0,0.0
2019-03-21,6,0,132,0.0,0.0,0.0,0.0,0.0
2019-03-21,6,0,133,0.0,0.0,0.0,0.0,0.0
2019-03-21,6,0,134,0.0,0.0,0.0,0.0,0.0
2019-03-21,6,0,135,0.0,0.0,0.0,0.0,0.0
2019-03-21,6,0,136,1.19,1.19,0.0,18.823858,0.0
2019-03-21,6,0,139,17.12,17.12,0.0,341.901554,0.0
2019-03-21,6,0,140,31.96,31.96,0.0,921.983797,0.0
2019-03-21,6,0,141,0.0,0.0,0.0,0.0,0.0
2019-03-21,6,0,142,0.0,0.0,0.0,0.0,0.0
2019-03-21,6,0,143,43.91,43.91,0.0,978.262042,0.0
2019-03-21,6,0,145,0.73,0.73,0.0,15.207035,0.0
2019-03-21,6,0,146,51.35,51.35,0.0,1481.347559,0.0
2019-03-21,6,0,152,0.0,0.0,0.0,0.0,0.0
2019-03-21,6,0,153,0.0,0.0,0.0,0.0,0.0
2019-03-21,6,0,154,0.0,0.0,0.0,0.0,0.0
2019-03-21,6,0,157,19.07,19.07,0.0,525.476061,0.0
2019-03-21,6,0,158,0.0,0.0,0.0,0.0,0.0
2019-03-21,6,0,159,0.0,0.0,0.0,0.0,0.0
2019-03-21,6,0,160,0.0,0.0,0.0,0.0,0.0
2019-03-21,6,0,161,0.0,0.0,0.0,0.0,0.0
2019-03-21,6,0,162,7.54,7.54,0.0,230.986699,0.0
2019-03-21,6,0,163,59.49,59.49,0.0,1716.170716,0.0
2019-03-21,6,0,164,0.0,0.0,0.0,0.0,0.0
2019-03-21,6,0,167,0.0,0.0,0.0,0.0,0.0
2019-03-21,6,0,168,0.0,0.0,0.0,0.0,0.0
2019-03-21,6,0,169,0.0,0.0,0.0,0.0,0.0
2019-03-21,6,0,170,0.0,0.0,0.0,0.0,0.0
2019-03-21,6,0,172,0.0,0.0,0.0,0.0,0.0
2019-03-21,6,0,173,0.0,0.0,0.0,0.0,0.0
2019-03-21,6,0,188,0.0,0.0,0.0,0.0,0.0
2019-03-21,6,0,190,0.0,0.0,0.0,0.0,0.0
2019-03-21,6,0,191,0.0,0.0,0.0,0.0,0.0
2019-03-21,6,0,192,49.78,49.78,0.0,1483.859094,0.0
2019-03-21,6,0,194,0.0,0.0,0.0,0.0,0.0
2019-03-21,6,0,196,0.0,0.0,0.0,0.0,0.0
2019-03-21,6,0,198,0.0,0.0,0.0,0.0,0.0
2019-03-21,6,0,199,1.79,1.79,0.0,27.235955,0.0
2019-03-21,6,0,200,0.0,0.0,0.0,0.0,0.0
2019-03-21,6,0,204,0.0,0.0,0.0,0.0,0.0
2019-03-21,6,0,205,0.0,0.0,0.0,0.0,0.0
2019-03-21,6,0,206,36.3,36.3,0.0,810.398414,0.0
2019-03-21,6,0,210,0.0,0.0,0.0,0.0,0.0
2019-03-21,6,0,214,0.0,0.0,0.0,0.0,0.0
2019-03-21,6,0,217,0.0,0.0,0.0,0.0,0.0
2019-03-21,6,0,218,0.0,0.0,0.0,0.0,0.0
2019-03-21,6,0,219,0.0,0.0,0.0,0.0,0.0
2019-03-21,6,0,221,0.0,0.0,0.0,0.0,0.0
2019-03-21,6,0,225,0.0,0.0,0.0,0.0,0.0
2019-03-21,6,0,233,0.0,0.0,0.0,0.0,0.0
2019-03-21,6,0,236,0.0,0.0,0.0,0.0,0.0
2019-03-21,6,0,237,0.0,0.0,0.0,0.0,0.0
2019-03-21,6,0,238,0.0,0.0,0.0,0.0,0.0
2019-03-21,6,0,240,0.0,0.0,0.0,0.0,0.0
2019-03-21,6,0,245,0.0,0.0,0.0,0.0,0.0
2019-03-21,6,0,247,0.0,0.0,0.0,0.0,0.0
2019-03-21,6,0,248,0.0,0.0,0.0,0.0,0.0
2019-03-21,6,0,249,0.0,0.0,0.0,0.0,0.0
2019-03-21,6,0,251,0.0,0.0,0.0,0.0,0.0
2019-03-21,6,0,252,0.0,0.0,0.0,0.0,0.0
2019-03-21,6,0,254,0.0,0.0,0.0,0.0,0.0
2019-03-21,6,0,255,0.0,0.0,0.0,0.0,0.0
2019-03-21,6,0,258,0.0,0.0,0.0,0.0,0.0
2019-03-21,6,0,260,0.0,0.0,0.0,0.0,0.0
2019-03-21,6,0,265,0.0,0.0,0.0,0.0,0.0
2019-03-21,6,0,266,11.09,11.09,0.0,221.477117,0.0
2019-03-21,6,0,267,13.62,13.62,0.0,272.003456,0.0
2019-03-21,6,0,270,185.8,185.8,0.0,5359.968381,0.0
2019-03-21,6,0,272,0.0,0.0,0.0,0.0,0.0
2019-03-21,6,0,273,0.0,0.0,0.0,0.0,0.0
2019-03-21,6,0,274,239.51,239.51,0.0,6909.397347,0.0
2019-03-21,6,0,275,333.41,333.41,0.0,9618.229591,0.0
2019-03-21,6,0,276,0.0,0.0,0.0,0.0,0.0
2019-03-21,6,0,277,0.0,0.0,0.0,0.0,0.0
2019-03-21,6,0,278,0.0,0.0,0.0,0.0,0.0
2019-03-21,6,0,279,0.0,0.0,0.0,0.0,0.0
2019-03-21,6,0,281,4.45,4.45,0.0,99.140653,0.0
2019-03-21,6,0,282,0.0,0.0,0.0,0.0,0.0
2019-03-21,7,0,9,0.0,0.0,0.0,0.0,0.0
2019-03-21,7,0,17,0.0,0.0,0.0,0.0,0.0
2019-03-21,7,0,19,0.0,0.0,0.0,0.0,0.0
2019-03-21,7,0,20,0.0,0.0,0.0,0.0,0.0
2019-03-21,7,0,21,0.0,0.0,0.0,0.0,0.0
2019-03-21,7,0,22,0.0,0.0,0.0,0.0,0.0
2019-03-21,7,0,23,14.14,14.14,0.0,290.005217,0.0
2019-03-21,7,0,24,25.02,25.02,0.0,513.14926,0.0
2019-03-21,7,0,29,0.0,0.0,0.0,0.0,0.0
2019-03-21,7,0,30,0.0,0.0,0.0,0.0,0.0
2019-03-21,7,0,31,20.83,20.83,0.0,428.02913,0.0
2019-03-21,7,0,32,0.0,0.0,0.0,0.0,0.0
2019-03-21,7,0,33,0.0,0.0,0.0,0.0,0.0
2019-03-21,7,0,34,0.0,0.0,0.0,0.0,0.0
2019-03-21,7,0,35,0.0,0.0,0.0,0.0,0.0
2019-03-21,7,0,36,0.0,0.0,0.0,0.0,0.0
2019-03-21,7,0,37,0.0,0.0,0.0,0.0,0.0
2019-03-21,7,0,38,0.0,0.0,0.0,0.0,0.0
2019-03-21,7,0,39,0.0,0.0,0.0,0.0,0.0
2019-03-21,7,0,40,0.0,0.0,0.0,0.0,0.0
2019-03-21,7,0,41,9.3,9.3,0.0,172.08287,0.0
2019-03-21,7,0,42,0.0,0.0,0.0,0.0,0.0
2019-03-21,7,0,43,0.0,0.0,0.0,0.0,0.0
2019-03-21,7,0,46,0.0,0.0,0.0,0.0,0.0
2019-03-21,7,0,52,22.08,22.08,0.0,453.714988,0.0
2019-03-21,7,0,53,35.09,35.09,0.0,721.053393,0.0
2019-03-21,7,0,55,43.24,43.24,0.0,886.833493,0.0
2019-03-21,7,0,56,0.0,0.0,0.0,0.0,0.0
2019-03-21,7,0,57,0.0,0.0,0.0,0.0,0.0
2019-03-21,7,0,58,0.0,0.0,0.0,0.0,0.0
2019-03-21,7,0,59,0.0,0.0,0.0,0.0,0.0
2019-03-21,7,0,63,49.86,49.86,0.0,1355.649523,0.0
2019-03-21,7,0,64,58.66,58.66,0.0,1594.913779,0.0
2019-03-21,7,0,65,0.0,0.0,0.0,0.0,0.0
2019-03-21,7,0,67,0.0,0.0,0.0,0.0,0.0
2019-03-21,7,0,68,0.0,0.0,0.0,0.0,0.0
2019-03-21,7,0,69,0.0,0.0,0.0,0.0,0.0
2019-03-21,7,0,74,0.0,0.0,0.0,0.0,0.0
2019-03-21,7,0,77,0.0,0.0,0.0,0.0,0.0
2019-03-21,7,0,78,0.0,0.0,0.0,0.0,0.0
2019-03-21,7,0,79,0.0,0.0,0.0,0.0,0.0
2019-03-21,7,0,80,0.0,0.0,0.0,0.0,0.0
2019-03-21,7,0,81,0.0,0.0,0.0,0.0,0.0
2019-03-21,7,0,82,0.0,0.0,0.0,0.0,0.0
2019-03-21,7,0,83,0.0,0.0,0.0,0.0,0.0
2019-03-21,7,0,84,0.0,0.0,0.0,0.0,0.0
2019-03-21,7,0,86,0.0,0.0,0.0,0.0,0.0
2019-03-21,7,0,87,0.0,0.0,0.0,0.0,0.0
2019-03-21,7,0,88,0.0,0.0,0.0,0.0,0.0
2019-03-21,7,0,89,0.0,0.0,0.0,0.0,0.0
2019-03-21,7,0,90,0.0,0.0,0.0,0.0,0.0
2019-03-21,7,0,91,0.0,0.0,0.0,0.0,0.0
2019-03-21,7,0,92,0.0,0.0,0.0,0.0,0.0
2019-03-21,7,0,95,10.08,10.08,0.0,281.491769,0.0
2019-03-21,7,0,96,1.18,1.18,0.0,24.295697,0.0
2019-03-21,7,0,97,7.27,7.27,0.0,149.686201,0.0
2019-03-21,7,0,99,0.0,0.0,0.0,0.0,0.0
2019-03-21,7,0,101,0.0,0.0,0.0,0.0,0.0
2019-03-21,7,0,102,0.0,0.0,0.0,0.0,0.0
2019-03-21,7,0,103,0.0,0.0,0.0,0.0,0.0
2019-03-21,7,0,104,0.0,0.0,0.0,0.0,0.0
2019-03-21,7,0,106,0.0,0.0,0.0,0.0,0.0
2019-03-21,7,0,109,0.0,0.0,0.0,0.0,0.0
2019-03-21,7,0,110,48.32,48.32,0.0,1273.089495,0.0
2019-03-21,7,0,111,0.0,0.0,0.0,0.0,0.0
2019-03-21,7,0,113,0.0,0.0,0.0,0.0,0.0
2019-03-21,7,0,115,0.0,0.0,0.0,0.0,0.0
2019-03-21,7,0,116,0.0,0.0,0.0,0.0,0.0
2019-03-21,7,0,117,0.0,0.0,0.0,0.0,0.0
2019-03-21,7,0,119,58.66,58.66,0.0,1594.913779,0.0
2019-03-21,7,0,120,34.49,34.49,0.0,937.752749,0.0
2019-03-21,7,0,123,0.0,0.0,0.0,0.0,0.0
2019-03-21,7,0,125,22.64,22.64,0.0,464.3365,0.0
2019-03-21,7,0,126,0.0,0.0,0.0,0.0,0.0
2019-03-21,7,0,127,0.0,0.0,0.0,0.0,0.0
2019-03-21,7,0,128,32.43,32.43,0.0,665.125119,0.0
2019-03-21,7,0,131,0.0,0.0,0.0,0.0,0.0
2019-03-21,7,0,132,0.0,0.0,0.0,0.0,0.0
2019-03-21,7,0,133,0.0,0.0,0.0,0.0,0.0
2019-03-21,7,0,134,0.0,0.0,0.0,0.0,0.0
2019-03-21,7,0,135,0.0,0.0,0.0,0.0,0.0
2019-03-21,7,0,136,1.54,1.54,0.0,22.771402,0.0
2019-03-21,7,0,139,12.01,12.01,0.0,222.227449,0.0
2019-03-21,7,0,140,35.76,35.76,0.0,942.170537,0.0
2019-03-21,7,0,141,0.0,0.0,0.0,0.0,0.0
2019-03-21,7,0,142,0.0,0.0,0.0,0.0,0.0
2019-03-21,7,0,143,28.33,28.33,0.0,582.144275,0.0
2019-03-21,7,0,145,0.0,0.0,0.0,0.0,0.0
2019-03-21,7,0,146,46.79,46.79,0.0,1232.778507,0.0
2019-03-21,7,0,152,0.0,0.0,0.0,0.0,0.0
2019-03-21,7,0,153,0.0,0.0,0.0,0.0,0.0
2019-03-21,7,0,154,0.0,0.0,0.0,0.0,0.0
2019-03-21,7,0,157,19.67,19.67,0.0,495.890566,0.0
2019-03-21,7,0,158,0.0,0.0,0.0,0.0,0.0
2019-03-21,7,0,159,0.0,0.0,0.0,0.0,0.0
2019-03-21,7,0,160,0.0,0.0,0.0,0.0,0.0
2019-03-21,7,0,161,0.0,0.0,0.0,0.0,0.0
2019-03-21,7,0,162,9.16,9.16,0.0,255.678767,0.0
2019-03-21,7,0,163,58.13,58.13,0.0,1531.554063,0.0
2019-03-21,7,0,164,0.0,0.0,0.0,0.0,0.0
2019-03-21,7,0,167,0.0,0.0,0.0,0.0,0.0
2019-03-21,7,0,168,0.0,0.0,0.0,0.0,0.0
2019-03-21,7,0,169,0.0,0.0,0.0,0.0,0.0
2019-03-21,7,0,170,0.0,0.0,0.0,0.0,0.0
2019-03-21,7,0,172,0.0,0.0,0.0,0.0,0.0
2019-03-21,7,0,173,0.0,0.0,0.0,0.0,0.0
2019-03-21,7,0,188,0.0,0.0,0.0,0.0,0.0
2019-03-21,7,0,190,0.0,0.0,0.0,0.0,0.0
2019-03-21,7,0,191,0.0,0.0,0.0,0.0,0.0
2019-03-21,7,0,192,47.36,47.36,0.0,1287.676723,0.0
2019-03-21,7,0,194,4.76,4.76,0.0,121.192633,0.0
2019-03-21,7,0,196,0.0,0.0,0.0,0.0,0.0
2019-03-21,7,0,198,0.0,0.0,0.0,0.0,0.0
2019-03-21,7,0,199,1.48,1.48,0.0,21.480072,0.0
2019-03-21,7,0,200,0.0,0.0,0.0,0.0,0.0
2019-03-21,7,0,204,0.0,0.0,0.0,0.0,0.0
2019-03-21,7,0,205,0.0,0.0,0.0,0.0,0.0
2019-03-21,7,0,206,21.38,21.38,0.0,440.205086,0.0
2019-03-21,7,0,210,0.0,0.0,0.0,0.0,0.0
2019-03-21,7,0,214,0.0,0.0,0.0,0.0,0.0
2019-03-21,7,0,217,0.0,0.0,0.0,0.0,0.0
2019-03-21,7,0,218,0.0,0.0,0.0,0.0,0.0
2019-03-21,7,0,219,0.0,0.0,0.0,0.0,0.0
2019-03-21,7,0,221,0.0,0.0,0.0,0.0,0.0
2019-03-21,7,0,225,0.0,0.0,0.0,0.0,0.0
2019-03-21,7,0,233,0.0,0.0,0.0,0.0,0.0
2019-03-21,7,0,236,0.0,0.0,0.0,0.0,0.0
2019-03-21,7,0,237,0.0,0.0,0.0,0.0,0.0
2019-03-21,7,0,238,0.0,0.0,0.0,0.0,0.0
2019-03-21,7,0,240,0.0,0.0,0.0,0.0,0.0
2019-03-21,7,0,245,0.0,0.0,0.0,0.0,0.0
2019-03-21,7,0,247,0.0,0.0,0.0,0.0,0.0
2019-03-21,7,0,248,0.0,0.0,0.0,0.0,0.0
2019-03-21,7,0,249,0.0,0.0,0.0,0.0,0.0
2019-03-21,7,0,251,0.0,0.0,0.0,0.0,0.0
2019-03-21,7,0,252,0.0,0.0,0.0,0.0,0.0
2019-03-21,7,0,254,0.0,0.0,0.0,0.0,0.0
2019-03-21,7,0,255,0.0,0.0,0.0,0.0,0.0
2019-03-21,7,0,258,0.0,0.0,0.0,0.0,0.0
2019-03-21,7,0,260,0.0,0.0,0.0,0.0,0.0
2019-03-21,7,0,265,0.0,0.0,0.0,0.0,0.0
2019-03-21,7,0,266,7.77,7.77,0.0,143.772463,0.0
2019-03-21,7,0,267,9.55,9.55,0.0,176.708754,0.0
2019-03-21,7,0,270,181.55,181.55,0.0,4783.307073,0.0
2019-03-21,7,0,272,0.0,0.0,0.0,0.0,0.0
2019-03-21,7,0,273,0.0,0.0,0.0,0.0,0.0
2019-03-21,7,0,274,234.04,234.04,0.0,6166.263769,0.0
2019-03-21,7,0,275,325.78,325.78,0.0,8583.342209,0.0
2019-03-21,7,0,276,0.0,0.0,0.0,0.0,0.0
2019-03-21,7,0,277,0.0,0.0,0.0,0.0,0.0
2019-03-21,7,0,278,0.0,0.0,0.0,0.0,0.0
2019-03-21,7,0,279,7.14,7.14,0.0,176.570645,0.0
2019-03-21,7,0,281,9.34,9.34,0.0,191.924728,0.0
2019-03-21,7,0,282,0.0,0.0,0.0,0.0,0.0
2019-03-21,8,0,9,0.11,0.11,0.0,2.261214,0.0
2019-03-21,8,0,17,4.2,4.2,0.0,61.939409,0.0
2019-03-21,8,0,19,21.55,21.55,0.0,317.808158,0.0
2019-03-21,8,0,20,26.82,26.82,0.0,395.527369,0.0
2019-03-21,8,0,21,2.46,2.46,0.0,50.568959,0.0
2019-03-21,8,0,22,8.74,8.74,0.0,179.6637,0.0
2019-03-21,8,0,23,8.0,8.0,0.0,164.451899,0.0
2019-03-21,8,0,24,14.15,14.15,0.0,290.874297,0.0
2019-03-21,8,0,29,1.37,1.37,0.0,14.090664,0.0
2019-03-21,8,0,30,9.27,9.27,0.0,190.917628,0.0
2019-03-21,8,0,31,6.7,6.7,0.0,137.987929,0.0
2019-03-21,8,0,32,0.74,0.74,0.0,20.632987,0.0
2019-03-21,8,0,33,0.31,0.31,0.0,4.285294,0.0
2019-03-21,8,0,34,0.5,0.5,0.0,6.911764,0.0
2019-03-21,8,0,35,0.5,0.5,0.0,6.911764,0.0
2019-03-21,8,0,36,1.06,1.06,0.0,16.992957,0.0
2019-03-21,8,0,37,0.51,0.51,0.0,8.173405,0.0
2019-03-21,8,0,38,0.66,0.66,0.0,10.577347,0.0
2019-03-21,8,0,39,0.44,0.44,0.0,7.051565,0.0
2019-03-21,8,0,40,0.44,0.44,0.0,7.051565,0.0
2019-03-21,8,0,41,4.23,4.23,0.0,78.519389,0.0
2019-03-21,8,0,42,4.69,4.69,0.0,70.104987,0.0
2019-03-21,8,0,43,3.39,3.39,0.0,53.04066,0.0
2019-03-21,8,0,46,2.86,2.86,0.0,46.959759,0.0
2019-03-21,8,0,52,7.1,7.1,0.0,146.226015,0.0
2019-03-21,8,0,53,11.28,11.28,0.0,232.314007,0.0
2019-03-21,8,0,55,33.36,33.36,0.0,685.76442,0.0
2019-03-21,8,0,56,2.73,2.73,0.0,56.224932,0.0
2019-03-21,8,0,57,2.6,2.6,0.0,53.547555,0.0
2019-03-21,8,0,58,5.0,5.0,0.0,102.976067,0.0
2019-03-21,8,0,59,4.92,4.92,0.0,101.32845,0.0
2019-03-21,8,0,63,18.51,18.51,0.0,503.270611,0.0
2019-03-21,8,0,64,21.76,21.76,0.0,591.635251,0.0
2019-03-21,8,0,65,1.59,1.59,0.0,23.507646,0.0
2019-03-21,8,0,67,9.62,9.62,0.0,242.547833,0.0
2019-03-21,8,0,68,0.22,0.22,0.0,5.465394,0.0
2019-03-21,8,0,69,0.31,0.31,0.0,4.285294,0.0
2019-03-21,8,0,74,0.0,0.0,0.0,0.0,0.0
2019-03-21,8,0,77,0.0,0.0,0.0,0.0,0.0
2019-03-21,8,0,78,0.0,0.0,0.0,0.0,0.0
2019-03-21,8,0,79,0.0,0.0,0.0,0.0,0.0
2019-03-21,8,0,80,0.0,0.0,0.0,0.0,0.0
2019-03-21,8,0,81,0.0,0.0,0.0,0.0,0.0
2019-03-21,8,0,82,0.0,0.0,0.0,0.0,0.0
2019-03-21,8,0,83,0.0,0.0,0.0,0.0,0.0
2019-03-21,8,0,84,0.0,0.0,0.0,0.0,0.0
2019-03-21,8,0,86,1.59,1.59,0.0,21.979409,0.0
2019-03-21,8,0,87,8.14,8.14,0.0,112.523517,0.0
2019-03-21,8,0,88,0.0,0.0,0.0,0.0,0.0
2019-03-21,8,0,89,0.0,0.0,0.0,0.0,0.0
2019-03-21,8,0,90,0.0,0.0,0.0,0.0,0.0
2019-03-21,8,0,91,0.0,0.0,0.0,0.0,0.0
2019-03-21,8,0,92,0.0,0.0,0.0,0.0,0.0
2019-03-21,8,0,95,7.57,7.57,0.0,211.416109,0.0
2019-03-21,8,0,96,0.0,0.0,0.0,0.0,0.0
2019-03-21,8,0,97,0.0,0.0,0.0,0.0,0.0
2019-03-21,8,0,99,0.0,0.0,0.0,0.0,0.0
2019-03-21,8,0,101,0.19,0.19,0.0,3.913091,0.0
2019-03-21,8,0,102,0.51,0.51,0.0,12.669777,0.0
2019-03-21,8,0,103,0.45,0.45,0.0,11.179215,0.0
2019-03-21,8,0,104,0.08,0.08,0.0,1.987416,0.0
2019-03-21,8,0,106,8.6,8.6,0.0,176.785792,0.0
2019-03-21,8,0,109,0.0,0.0,0.0,0.0,0.0
2019-03-21,8,0,110,30.83,30.83,0.0,812.261295,0.0
2019-03-21,8,0,111,0.96,0.96,0.0,17.820003,0.0
2019-03-21,8,0,113,0.0,0.0,0.0,0.0,0.0
2019-03-21,8,0,115,0.0,0.0,0.0,0.0,0.0
2019-03-21,8,0,116,8.35,8.35,0.0,219.992923,0.0
2019-03-21,8,0,117,0.0,0.0,0.0,0.0,0.0
2019-03-21,8,0,119,21.76,21.76,0.0,591.635251,0.0
2019-03-21,8,0,120,12.84,12.84,0.0,349.108301,0.0
2019-03-21,8,0,123,0.14,0.14,0.0,2.877908,0.0
2019-03-21,8,0,125,12.81,12.81,0.0,263.328604,0.0
2019-03-21,8,0,126,6.45,6.45,0.0,132.589344,0.0
2019-03-21,8,0,127,8.28,8.28,0.0,170.207716,0.0
2019-03-21,8,0,128,18.34,18.34,0.0,377.005979,0.0
2019-03-21,8,0,131,0.0,0.0,0.0,0.0,0.0
2019-03-21,8,0,132,0.0,0.0,0.0,0.0,0.0
2019-03-21,8,0,133,0.0,0.0,0.0,0.0,0.0
2019-03-21,8,0,134,0.0,0.0,0.0,0.0,0.0
2019-03-21,8,0,135,0.0,0.0,0.0,0.0,0.0
2019-03-21,8,0,136,3.27,3.27,0.0,48.352591,0.0
2019-03-21,8,0,139,5.46,5.46,0.0,101.351268,0.0
2019-03-21,8,0,140,22.82,22.82,0.0,601.226168,0.0
2019-03-21,8,0,141,0.0,0.0,0.0,0.0,0.0
2019-03-21,8,0,142,12.69,12.69,0.0,319.951351,0.0
2019-03-21,8,0,143,9.84,9.84,0.0,202.656899,0.0
2019-03-21,8,0,145,0.0,0.0,0.0,0.0,0.0
2019-03-21,8,0,146,12.39,12.39,0.0,326.432613,0.0
2019-03-21,8,0,152,0.74,0.74,0.0,11.682382,0.0
2019-03-21,8,0,153,0.96,0.96,0.0,15.200283,0.0
2019-03-21,8,0,154,3.97,3.97,0.0,73.693138,0.0
2019-03-21,8,0,157,7.35,7.35,0.0,185.314612,0.0
2019-03-21,8,0,158,1.31,1.31,0.0,33.028863,0.0
2019-03-21,8,0,159,0.0,0.0,0.0,0.0,0.0
2019-03-21,8,0,160,0.28,0.28,0.0,4.066883,0.0
2019-03-21,8,0,161,2.9,2.9,0.0,72.04383,0.0
2019-03-21,8,0,162,6.71,6.71,0.0,187.308731,0.0
2019-03-21,8,0,163,38.96,38.96,0.0,1026.457997,0.0
2019-03-21,8,0,164,0.0,0.0,0.0,0.0,0.0
2019-03-21,8,0,167,0.89,0.89,0.0,24.868524,0.0
2019-03-21,8,0,168,0.44,0.44,0.0,12.294551,0.0
2019-03-21,8,0,169,0.0,0.0,0.0,0.0,0.0
2019-03-21,8,0,170,0.97,0.97,0.0,27.103897,0.0
2019-03-21,8,0,172,1.17,1.17,0.0,34.42867,0.0
2019-03-21,8,0,173,1.78,1.78,0.0,52.37866,0.0
2019-03-21,8,0,188,1.48,1.48,0.0,41.68269,0.0
2019-03-21,8,0,190,0.87,0.87,0.0,23.654534,0.0
2019-03-21,8,0,191,2.24,2.24,0.0,60.903629,0.0
2019-03-21,8,0,192,27.8,27.8,0.0,755.857536,0.0
2019-03-21,8,0,194,5.71,5.71,0.0,145.327942,0.0
2019-03-21,8,0,196,0.53,0.53,0.0,14.149172,0.0
2019-03-21,8,0,198,1.41,1.41,0.0,17.578962,0.0
2019-03-21,8,0,199,0.0,0.0,0.0,0.0,0.0
2019-03-21,8,0,200,2.63,2.63,0.0,37.716997,0.0
2019-03-21,8,0,204,0.0,0.0,0.0,0.0,0.0
2019-03-21,8,0,205,0.0,0.0,0.0,0.0,0.0
2019-03-21,8,0,206,0.0,0.0,0.0,0.0,0.0
2019-03-21,8,0,210,0.42,0.42,0.0,4.290862,0.0
2019-03-21,8,0,214,2.01,2.01,0.0,26.688283,0.0
2019-03-21,8,0,217,1.47,1.47,0.0,17.486592,0.0
2019-03-21,8,0,218,2.03,2.03,0.0,24.14815,0.0
2019-03-21,8,0,219,1.38,1.38,0.0,16.415984,0.0
2019-03-21,8,0,221,1.07,1.07,0.0,14.207195,0.0
2019-03-21,8,0,225,1.21,1.21,0.0,12.45308,0.0
2019-03-21,8,0,233,0.9,0.9,0.0,12.441175,0.0
2019-03-21,8,0,236,0.0,0.0,0.0,0.0,0.0
2019-03-21,8,0,237,0.0,0.0,0.0,0.0,0.0
2019-03-21,8,0,238,6.11,6.11,0.0,91.330804,0.0
2019-03-21,8,0,240,1.2,1.2,0.0,19.23731,0.0
2019-03-21,8,0,245,0.0,0.0,0.0,0.0,0.0
2019-03-21,8,0,247,0.0,0.0,0.0,0.0,0.0
2019-03-21,8,0,248,0.0,0.0,0.0,0.0,0.0
2019-03-21,8,0,249,0.0,0.0,0.0,0.0,0.0
2019-03-21,8,0,251,9.56,9.56,0.0,141.925525,0.0
2019-03-21,8,0,252,10.24,10.24,0.0,151.395151,0.0
2019-03-21,8,0,254,1.99,1.99,0.0,30.575863,0.0
2019-03-21,8,0,255,0.91,0.91,0.0,13.981927,0.0
2019-03-21,8,0,258,1.49,1.49,0.0,23.793706,0.0
2019-03-21,8,0,260,0.69,0.69,0.0,10.021961,0.0
2019-03-21,8,0,265,4.11,4.11,0.0,76.291889,0.0
2019-03-21,8,0,266,3.54,3.54,0.0,65.711262,0.0
2019-03-21,8,0,267,4.35,4.35,0.0,80.74689,0.0
2019-03-21,8,0,270,121.67,121.67,0.0,3205.573525,0.0
2019-03-21,8,0,272,0.0,0.0,0.0,0.0,0.0
2019-03-21,8,0,273,2.0,2.0,0.0,52.692916,0.0
2019-03-21,8,0,274,156.84,156.84,0.0,4132.178447,0.0
2019-03-21,8,0,275,218.33,218.33,0.0,5752.22214,0.0
2019-03-21,8,0,276,0.43,0.43,0.0,11.220141,0.0
2019-03-21,8,0,277,0.55,0.55,0.0,13.602291,0.0
2019-03-21,8,0,278,0.88,0.88,0.0,21.763666,0.0
2019-03-21,8,0,279,8.47,8.47,0.0,209.475288,0.0
2019-03-21,8,0,281,3.01,3.01,0.0,61.991592,0.0
2019-03-21,8,0,282,5.08,5.08,0.0,104.623684,0.0
2019-03-21,9,0,9,1.07,1.07,0.0,19.07455,0.0
2019-03-21,9,0,17,15.02,15.02,0.0,185.293419,0.0
2019-03-21,9,0,19,29.34,29.34,0.0,361.951325,0.0
2019-03-21,9,0,20,36.43,36.43,0.0,449.416727,0.0
2019-03-21,9,0,21,24.56,24.56,0.0,437.823326,0.0
2019-03-21,9,0,22,87.28,87.28,0.0,1555.912864,0.0
2019-03-21,9,0,23,4.23,4.23,0.0,75.406868,0.0
2019-03-21,9,0,24,7.49,7.49,0.0,133.521853,0.0
2019-03-21,9,0,29,3.81,3.81,0.0,40.302621,0.0
2019-03-21,9,0,30,189.03,189.03,0.0,2543.574923,0.0
2019-03-21,9,0,31,6.82,6.82,0.0,91.76946,0.0
2019-03-21,9,0,32,2.5,2.5,0.0,51.920557,0.0
2019-03-21,9,0,33,1.11,1.11,0.0,12.946823,0.0
2019-03-21,9,0,34,1.78,1.78,0.0,20.761572,0.0
2019-03-21,9,0,35,1.78,1.78,0.0,20.761572,0.0
2019-03-21,9,0,36,4.28,4.28,0.0,57.057016,0.0
2019-03-21,9,0,37,2.06,2.06,0.0,27.474563,0.0
2019-03-21,9,0,38,2.65,2.65,0.0,35.343492,0.0
2019-03-21,9,0,39,1.77,1.77,0.0,23.606785,0.0
2019-03-21,9,0,40,1.77,1.77,0.0,23.606785,0.0
2019-03-21,9,0,41,4.8,4.8,0.0,71.89057,0.0
2019-03-21,9,0,42,22.19,22.19,0.0,276.98115,0.0
2019-03-21,9,0,43,13.11,13.11,0.0,171.997293,0.0
2019-03-21,9,0,46,11.64,11.64,0.0,158.298404,0.0
2019-03-21,9,0,52,7.23,7.23,0.0,97.286392,0.0
2019-03-21,9,0,53,11.55,11.55,0.0,155.416021,0.0
2019-03-21,9,0,55,25.94,25.94,0.0,462.424149,0.0
2019-03-21,9,0,56,55.76,55.76,0.0,750.302797,0.0
2019-03-21,9,0,57,53.04,53.04,0.0,713.70266,0.0
2019-03-21,9,0,58,102.0,102.0,0.0,1372.505116,0.0
2019-03-21,9,0,59,100.3,100.3,0.0,1349.630031,0.0
2019-03-21,9,0,63,6.13,6.13,0.0,124.645541,0.0
2019-03-21,9,0,64,7.21,7.21,0.0,146.60593,0.0
2019-03-21,9,0,65,4.63,4.63,0.0,57.243149,0.0
2019-03-21,9,0,67,112.26,112.26,0.0,2141.867667,0.0
2019-03-21,9,0,68,0.48,0.48,0.0,9.044955,0.0
2019-03-21,9,0,69,1.11,1.11,0.0,12.946823,0.0
2019-03-21,9,0,74,0.0,0.0,0.0,0.0,0.0
2019-03-21,9,0,77,0.0,0.0,0.0,0.0,0.0
2019-03-21,9,0,78,0.0,0.0,0.0,0.0,0.0
2019-03-21,9,0,79,0.0,0.0,0.0,0.0,0.0
2019-03-21,9,0,80,0.0,0.0,0.0,0.0,0.0
2019-03-21,9,0,81,0.0,0.0,0.0,0.0,0.0
2019-03-21,9,0,82,0.0,0.0,0.0,0.0,0.0
2019-03-21,9,0,83,0.0,0.0,0.0,0.0,0.0
2019-03-21,9,0,84,0.0,0.0,0.0,0.0,0.0
2019-03-21,9,0,86,5.62,5.62,0.0,65.550583,0.0
2019-03-21,9,0,87,28.7,28.7,0.0,334.751196,0.0
2019-03-21,9,0,88,0.0,0.0,0.0,0.0,0.0
2019-03-21,9,0,89,0.0,0.0,0.0,0.0,0.0
2019-03-21,9,0,90,0.0,0.0,0.0,0.0,0.0
2019-03-21,9,0,91,0.0,0.0,0.0,0.0,0.0
2019-03-21,9,0,92,0.0,0.0,0.0,0.0,0.0
2019-03-21,9,0,95,5.65,5.65,0.0,117.501701,0.0
2019-03-21,9,0,96,0.0,0.0,0.0,0.0,0.0
2019-03-21,9,0,97,0.0,0.0,0.0,0.0,0.0
2019-03-21,9,0,99,0.0,0.0,0.0,0.0,0.0
2019-03-21,9,0,101,3.81,3.81,0.0,51.267103,0.0
2019-03-21,9,0,102,1.13,1.13,0.0,21.293332,0.0
2019-03-21,9,0,103,0.98,0.98,0.0,18.466783,0.0
2019-03-21,9,0,104,0.18,0.18,0.0,3.391858,0.0
2019-03-21,9,0,106,85.92,85.92,0.0,1531.668575,0.0
2019-03-21,9,0,109,0.0,0.0,0.0,0.0,0.0
2019-03-21,9,0,110,28.2,28.2,0.0,558.411802,0.0
2019-03-21,9,0,111,5.77,5.77,0.0,86.418457,0.0
2019-03-21,9,0,113,1.84,1.84,0.0,34.908273,0.0
2019-03-21,9,0,115,1.84,1.84,0.0,34.908273,0.0
2019-03-21,9,0,116,47.0,47.0,0.0,930.686337,0.0
2019-03-21,9,0,117,0.13,0.13,0.0,2.466345,0.0
2019-03-21,9,0,119,7.21,7.21,0.0,146.60593,0.0
2019-03-21,9,0,120,4.24,4.24,0.0,86.21486,0.0
2019-03-21,9,0,123,1.43,1.43,0.0,25.492156,0.0
2019-03-21,9,0,125,6.78,6.78,0.0,120.864909,0.0
2019-03-21,9,0,126,64.44,64.44,0.0,1148.751431,0.0
2019-03-21,9,0,127,82.7,82.7,0.0,1474.266657,0.0
2019-03-21,9,0,128,9.7,9.7,0.0,172.918822,0.0
2019-03-21,9,0,131,0.0,0.0,0.0,0.0,0.0
2019-03-21,9,0,132,0.0,0.0,0.0,0.0,0.0
2019-03-21,9,0,133,1.47,1.47,0.0,18.130824,0.0
2019-03-21,9,0,134,0.0,0.0,0.0,0.0,0.0
2019-03-21,9,0,135,1.97,1.97,0.0,24.297772,0.0
2019-03-21,9,0,136,6.06,6.06,0.0,74.932009,0.0
2019-03-21,9,0,139,6.2,6.2,0.0,92.858653,0.0
2019-03-21,9,0,140,20.87,20.87,0.0,413.264337,0.0
2019-03-21,9,0,141,0.0,0.0,0.0,0.0,0.0
2019-03-21,9,0,142,148.04,148.04,0.0,2824.533132,0.0
2019-03-21,9,0,143,15.74,15.74,0.0,211.796378,0.0
2019-03-21,9,0,145,0.0,0.0,0.0,0.0,0.0
2019-03-21,9,0,146,0.0,0.0,0.0,0.0,0.0
2019-03-21,9,0,152,3.13,3.13,0.0,40.997025,0.0
2019-03-21,9,0,153,4.0,4.0,0.0,52.529407,0.0
2019-03-21,9,0,154,23.8,23.8,0.0,356.457412,0.0
2019-03-21,9,0,157,0.0,0.0,0.0,0.0,0.0
2019-03-21,9,0,158,101.21,101.21,0.0,1931.038897,0.0
2019-03-21,9,0,159,0.0,0.0,0.0,0.0,0.0
2019-03-21,9,0,160,1.05,1.05,0.0,13.083264,0.0
2019-03-21,9,0,161,22.05,22.05,0.0,415.502621,0.0
2019-03-21,9,0,162,4.79,4.79,0.0,99.57664,0.0
2019-03-21,9,0,163,24.59,24.59,0.0,486.927171,0.0
2019-03-21,9,0,164,6.72,6.72,0.0,90.423866,0.0
2019-03-21,9,0,167,2.88,2.88,0.0,59.919989,0.0
2019-03-21,9,0,168,1.44,1.44,0.0,29.959995,0.0
2019-03-21,9,0,169,0.0,0.0,0.0,0.0,0.0
2019-03-21,9,0,170,3.15,3.15,0.0,65.537488,0.0
2019-03-21,9,0,172,3.82,3.82,0.0,83.021833,0.0
2019-03-21,9,0,173,5.82,5.82,0.0,126.488761,0.0
2019-03-21,9,0,188,5.07,5.07,0.0,106.188197,0.0
2019-03-21,9,0,190,3.98,3.98,0.0,80.9281,0.0
2019-03-21,9,0,191,10.29,10.29,0.0,209.233706,0.0
2019-03-21,9,0,192,14.91,14.91,0.0,303.175369,0.0
2019-03-21,9,0,194,5.11,5.11,0.0,98.374543,0.0
2019-03-21,9,0,196,2.58,2.58,0.0,51.660432,0.0
2019-03-21,9,0,198,4.82,4.82,0.0,54.515113,0.0
2019-03-21,9,0,199,0.0,0.0,0.0,0.0,0.0
2019-03-21,9,0,200,9.06,9.06,0.0,113.444457,0.0
2019-03-21,9,0,204,0.0,0.0,0.0,0.0,0.0
2019-03-21,9,0,205,0.0,0.0,0.0,0.0,0.0
2019-03-21,9,0,206,0.0,0.0,0.0,0.0,0.0
2019-03-21,9,0,210,1.18,1.18,0.0,12.367996,0.0
2019-03-21,9,0,214,6.17,6.17,0.0,69.512398,0.0
2019-03-21,9,0,217,4.33,4.33,0.0,47.188829,0.0
2019-03-21,9,0,218,5.97,5.97,0.0,65.061734,0.0
2019-03-21,9,0,219,4.07,4.07,0.0,44.35532,0.0
2019-03-21,9,0,221,3.29,3.29,0.0,37.065768,0.0
2019-03-21,9,0,225,3.42,3.42,0.0,36.209114,0.0
2019-03-21,9,0,233,3.18,3.18,0.0,37.090899,0.0
2019-03-21,9,0,236,0.0,0.0,0.0,0.0,0.0
2019-03-21,9,0,237,0.0,0.0,0.0,0.0,0.0
2019-03-21,9,0,238,28.88,28.88,0.0,360.48741,0.0
2019-03-21,9,0,240,4.85,4.85,0.0,64.655731,0.0
2019-03-21,9,0,245,2.32,2.32,0.0,28.389484,0.0
2019-03-21,9,0,247,4.32,4.32,0.0,52.863176,0.0
2019-03-21,9,0,248,0.0,0.0,0.0,0.0,0.0
2019-03-21,9,0,249,4.45,4.45,0.0,54.453966,0.0
2019-03-21,9,0,251,35.51,35.51,0.0,440.608085,0.0
2019-03-21,9,0,252,29.85,29.85,0.0,369.051401,0.0
2019-03-21,9,0,254,7.26,7.26,0.0,94.046825,0.0
2019-03-21,9,0,255,3.33,3.33,0.0,43.13718,0.0
2019-03-21,9,0,258,6.0,6.0,0.0,79.781489,0.0
2019-03-21,9,0,260,2.56,2.56,0.0,31.898242,0.0
2019-03-21,9,0,265,24.65,24.65,0.0,369.188034,0.0
2019-03-21,9,0,266,4.01,4.01,0.0,60.058581,0.0
2019-03-21,9,0,267,4.93,4.93,0.0,73.837607,0.0
2019-03-21,9,0,270,76.78,76.78,0.0,1520.385042,0.0
2019-03-21,9,0,272,6.15,6.15,0.0,116.677108,0.0
2019-03-21,9,0,273,11.24,11.24,0.0,222.572647,0.0
2019-03-21,9,0,274,98.98,98.98,0.0,1959.985823,0.0
2019-03-21,9,0,275,137.79,137.79,0.0,2728.495115,0.0
2019-03-21,9,0,276,2.48,2.48,0.0,48.70859,0.0
2019-03-21,9,0,277,3.07,3.07,0.0,57.643382,0.0
2019-03-21,9,0,278,4.91,4.91,0.0,92.191859,0.0
2019-03-21,9,0,279,9.93,9.93,0.0,186.449116,0.0
2019-03-21,9,0,281,3.04,3.04,0.0,40.906035,0.0
2019-03-21,9,0,282,103.7,103.7,0.0,1395.380201,0.0
2019-03-21,10,0,9,2.06,2.06,0.0,36.845112,0.0
2019-03-21,10,0,17,34.83,34.83,0.0,407.002215,0.0
2019-03-21,10,0,19,34.62,34.62,0.0,404.548282,0.0
2019-03-21,10,0,20,42.89,42.89,0.0,501.186477,0.0
2019-03-21,10,0,21,47.16,47.16,0.0,843.502671,0.0
2019-03-21,10,0,22,167.6,167.6,0.0,2997.689731,0.0
2019-03-21,10,0,23,2.27,2.27,0.0,40.601168,0.0
2019-03-21,10,0,24,4.02,4.02,0.0,71.901627,0.0
2019-03-21,10,0,29,6.5,6.5,0.0,63.005776,0.0
2019-03-21,10,0,30,312.52,312.52,0.0,3877.393433,0.0
2019-03-21,10,0,31,10.94,10.94,0.0,135.731103,0.0
2019-03-21,10,0,32,4.42,4.42,0.0,92.336217,0.0
2019-03-21,10,0,33,2.0,2.0,0.0,21.909432,0.0
2019-03-21,10,0,34,3.21,3.21,0.0,35.164639,0.0
2019-03-21,10,0,35,3.21,3.21,0.0,35.164639,0.0
2019-03-21,10,0,36,7.8,7.8,0.0,99.607389,0.0
2019-03-21,10,0,37,3.76,3.76,0.0,48.043293,0.0
2019-03-21,10,0,38,4.83,4.83,0.0,61.715187,0.0
2019-03-21,10,0,39,3.22,3.22,0.0,41.143458,0.0
2019-03-21,10,0,40,3.22,3.22,0.0,41.143458,0.0
2019-03-21,10,0,41,5.47,5.47,0.0,79.564887,0.0
2019-03-21,10,0,42,35.06,35.06,0.0,415.242833,0.0
2019-03-21,10,0,43,23.92,23.92,0.0,300.09006,0.0
2019-03-21,10,0,46,21.42,21.42,0.0,279.754492,0.0
2019-03-21,10,0,52,11.6,11.6,0.0,143.919633,0.0
2019-03-21,10,0,53,18.5,18.5,0.0,229.527001,0.0
2019-03-21,10,0,55,20.55,20.55,0.0,367.556826,0.0
2019-03-21,10,0,56,92.18,92.18,0.0,1143.664811,0.0
2019-03-21,10,0,57,87.69,87.69,0.0,1087.957987,0.0
2019-03-21,10,0,58,168.63,168.63,0.0,2092.169636,0.0
2019-03-21,10,0,59,165.82,165.82,0.0,2057.306345,0.0
2019-03-21,10,0,63,3.62,3.62,0.0,73.779439,0.0
2019-03-21,10,0,64,4.26,4.26,0.0,86.823318,0.0
2019-03-21,10,0,65,10.4,10.4,0.0,121.834068,0.0
2019-03-21,10,0,67,195.58,195.58,0.0,3705.99467,0.0
2019-03-21,10,0,68,0.99,0.99,0.0,18.494859,0.0
2019-03-21,10,0,69,2.0,2.0,0.0,21.909432,0.0
2019-03-21,10,0,74,0.0,0.0,0.0,0.0,0.0
2019-03-21,10,0,77,0.0,0.0,0.0,0.0,0.0
2019-03-21,10,0,78,0.0,0.0,0.0,0.0,0.0
2019-03-21,10,0,79,0.0,0.0,0.0,0.0,0.0
2019-03-21,10,0,80,0.0,0.0,0.0,0.0,0.0
2019-03-21,10,0,81,0.0,0.0,0.0,0.0,0.0
2019-03-21,10,0,82,0.0,0.0,0.0,0.0,0.0
2019-03-21,10,0,83,0.0,0.0,0.0,0.0,0.0
2019-03-21,10,0,84,0.0,0.0,0.0,0.0,0.0
2019-03-21,10,0,86,10.16,10.16,0.0,111.299915,0.0
2019-03-21,10,0,87,51.85,51.85,0.0,568.002029,0.0
2019-03-21,10,0,88,0.0,0.0,0.0,0.0,0.0
2019-03-21,10,0,89,0.0,0.0,0.0,0.0,0.0
2019-03-21,10,0,90,0.0,0.0,0.0,0.0,0.0
2019-03-21,10,0,91,0.0,0.0,0.0,0.0,0.0
2019-03-21,10,0,92,0.0,0.0,0.0,0.0,0.0
2019-03-21,10,0,95,10.34,10.34,0.0,216.357481,0.0
2019-03-21,10,0,96,0.0,0.0,0.0,0.0,0.0
2019-03-21,10,0,97,0.0,0.0,0.0,0.0,0.0
2019-03-21,10,0,99,0.0,0.0,0.0,0.0,0.0
2019-03-21,10,0,101,6.3,6.3,0.0,78.163249,0.0
2019-03-21,10,0,102,2.33,2.33,0.0,43.528303,0.0
2019-03-21,10,0,103,2.03,2.03,0.0,37.923801,0.0
2019-03-21,10,0,104,0.38,0.38,0.0,7.099037,0.0
2019-03-21,10,0,106,164.99,164.99,0.0,2951.007332,0.0
2019-03-21,10,0,109,0.0,0.0,0.0,0.0,0.0
2019-03-21,10,0,110,39.88,39.88,0.0,788.291174,0.0
2019-03-21,10,0,111,10.57,10.57,0.0,153.747871,0.0
2019-03-21,10,0,113,4.13,4.13,0.0,77.670441,0.0
2019-03-21,10,0,115,4.13,4.13,0.0,77.670441,0.0
2019-03-21,10,0,116,89.42,89.42,0.0,1767.527503,0.0
2019-03-21,10,0,117,0.28,0.28,0.0,5.265793,0.0
2019-03-21,10,0,119,4.26,4.26,0.0,86.823318,0.0
2019-03-21,10,0,120,2.5,2.5,0.0,50.952651,0.0
2019-03-21,10,0,123,2.75,2.75,0.0,49.186437,0.0
2019-03-21,10,0,125,3.64,3.64,0.0,65.104956,0.0
2019-03-21,10,0,126,123.74,123.74,0.0,2213.210784,0.0
2019-03-21,10,0,127,158.8,158.8,0.0,2840.293135,0.0
2019-03-21,10,0,128,5.21,5.21,0.0,93.18594,0.0
2019-03-21,10,0,131,0.0,0.0,0.0,0.0,0.0
2019-03-21,10,0,132,0.0,0.0,0.0,0.0,0.0
2019-03-21,10,0,133,2.62,2.62,0.0,30.608465,0.0
2019-03-21,10,0,134,0.0,0.0,0.0,0.0,0.0
2019-03-21,10,0,135,3.52,3.52,0.0,41.122824,0.0
2019-03-21,10,0,136,10.29,10.29,0.0,120.562059,0.0
2019-03-21,10,0,139,7.06,7.06,0.0,102.692523,0.0
2019-03-21,10,0,140,29.52,29.52,0.0,583.509415,0.0
2019-03-21,10,0,141,0.0,0.0,0.0,0.0,0.0
2019-03-21,10,0,142,257.93,257.93,0.0,4887.448641,0.0
2019-03-21,10,0,143,24.41,24.41,0.0,302.851573,0.0
2019-03-21,10,0,145,0.0,0.0,0.0,0.0,0.0
2019-03-21,10,0,146,0.0,0.0,0.0,0.0,0.0
2019-03-21,10,0,152,5.63,5.63,0.0,70.448457,0.0
2019-03-21,10,0,153,7.2,7.2,0.0,90.36204,0.0
2019-03-21,10,0,154,43.58,43.58,0.0,633.900872,0.0
2019-03-21,10,0,157,0.0,0.0,0.0,0.0,0.0
2019-03-21,10,0,158,188.22,188.22,0.0,3566.53194,0.0
2019-03-21,10,0,159,0.0,0.0,0.0,0.0,0.0
2019-03-21,10,0,160,1.91,1.91,0.0,22.617157,0.0
2019-03-21,10,0,161,42.88,42.88,0.0,801.070237,0.0
2019-03-21,10,0,162,6.26,6.26,0.0,130.925036,0.0
2019-03-21,10,0,163,8.03,8.03,0.0,158.72563,0.0
2019-03-21,10,0,164,12.26,12.26,0.0,152.108164,0.0
2019-03-21,10,0,167,5.04,5.04,0.0,105.510407,0.0
2019-03-21,10,0,168,2.52,2.52,0.0,52.755204,0.0
2019-03-21,10,0,169,0.0,0.0,0.0,0.0,0.0
2019-03-21,10,0,170,5.52,5.52,0.0,115.559018,0.0
2019-03-21,10,0,172,6.67,6.67,0.0,146.927212,0.0
2019-03-21,10,0,173,10.17,10.17,0.0,224.025448,0.0
2019-03-21,10,0,188,9.0,9.0,0.0,189.880378,0.0
2019-03-21,10,0,190,7.41,7.41,0.0,151.023658,0.0
2019-03-21,10,0,191,19.15,19.15,0.0,390.297308,0.0
2019-03-21,10,0,192,6.91,6.91,0.0,140.833128,0.0
2019-03-21,10,0,194,2.58,2.58,0.0,49.266147,0.0
2019-03-21,10,0,196,4.85,4.85,0.0,97.102205,0.0
2019-03-21,10,0,198,8.61,8.61,0.0,91.427498,0.0
2019-03-21,10,0,199,0.0,0.0,0.0,0.0,0.0
2019-03-21,10,0,200,15.96,15.96,0.0,169.657578,0.0
2019-03-21,10,0,204,0.0,0.0,0.0,0.0,0.0
2019-03-21,10,0,205,0.0,0.0,0.0,0.0,0.0
2019-03-21,10,0,206,0.0,0.0,0.0,0.0,0.0
2019-03-21,10,0,210,2.02,2.02,0.0,19.30469,0.0
2019-03-21,10,0,214,10.77,10.77,0.0,113.330332,0.0
2019-03-21,10,0,217,7.5,7.5,0.0,75.700308,0.0
2019-03-21,10,0,218,10.35,10.35,0.0,104.466425,0.0
2019-03-21,10,0,219,7.05,7.05,0.0,71.15829,0.0
2019-03-21,10,0,221,5.74,5.74,0.0,60.400752,0.0
2019-03-21,10,0,225,5.8,5.8,0.0,56.29695,0.0
2019-03-21,10,0,233,5.75,5.75,0.0,62.989618,0.0
2019-03-21,10,0,236,0.0,0.0,0.0,0.0,0.0
2019-03-21,10,0,237,0.0,0.0,0.0,0.0,0.0
2019-03-21,10,0,238,45.63,45.63,0.0,540.431559,0.0
2019-03-21,10,0,240,8.83,8.83,0.0,112.760673,0.0
2019-03-21,10,0,245,5.24,5.24,0.0,60.664524,0.0
2019-03-21,10,0,247,9.02,9.02,0.0,104.426338,0.0
2019-03-21,10,0,248,0.0,0.0,0.0,0.0,0.0
2019-03-21,10,0,249,10.07,10.07,0.0,116.582397,0.0
2019-03-21,10,0,251,91.63,91.63,0.0,1077.854697,0.0
2019-03-21,10,0,252,67.08,67.08,0.0,785.829739,0.0
2019-03-21,10,0,254,13.01,13.01,0.0,160.919135,0.0
2019-03-21,10,0,255,5.96,5.96,0.0,73.718528,0.0
2019-03-21,10,0,258,10.95,10.95,0.0,139.43623,0.0
2019-03-21,10,0,260,4.64,4.64,0.0,54.944297,0.0
2019-03-21,10,0,265,45.12,45.12,0.0,656.301224,0.0
2019-03-21,10,0,266,4.57,4.57,0.0,66.473772,0.0
2019-03-21,10,0,267,5.62,5.62,0.0,81.746739,0.0
2019-03-21,10,0,270,25.06,25.06,0.0,495.350472,0.0
2019-03-21,10,0,272,13.8,13.8,0.0,259.52835,0.0
2019-03-21,10,0,273,21.38,21.38,0.0,422.609461,0.0
2019-03-21,10,0,274,32.31,32.31,0.0,638.658171,0.0
2019-03-21,10,0,275,44.97,44.97,0.0,888.903062,0.0
2019-03-21,10,0,276,4.71,4.71,0.0,92.240513,0.0
2019-03-21,10,0,277,5.81,5.81,0.0,108.047381,0.0
2019-03-21,10,0,278,9.29,9.29,0.0,172.764229,0.0
2019-03-21,10,0,279,11.56,11.56,0.0,214.978955,0.0
2019-03-21,10,0,281,4.88,4.88,0.0,60.545501,0.0
2019-03-21,10,0,282,171.44,171.44,0.0,2127.032926,0.0
2019-03-21,11,0,9,3.1,3.1,0.0,22.062349,0.0
2019-03-21,11,0,17,49.62,49.62,0.0,512.541636,0.0
2019-03-21,11,0,19,13.65,13.65,0.0,140.995432,0.0
2019-03-21,11,0,20,16.55,16.55,0.0,170.950505,0.0
2019-03-21,11,0,21,70.81,70.81,0.0,503.946759,0.0
2019-03-21,11,0,22,251.66,251.66,0.0,1791.035748,0.0
2019-03-21,11,0,23,2.87,2.87,0.0,20.425465,0.0
2019-03-21,11,0,24,5.07,5.07,0.0,36.082616,0.0
2019-03-21,11,0,29,9.53,9.53,0.0,74.391361,0.0
2019-03-21,11,0,30,477.24,477.24,0.0,2939.383947,0.0
2019-03-21,11,0,31,13.09,13.09,0.0,80.623032,0.0
2019-03-21,11,0,32,6.34,6.34,0.0,101.969599,0.0
2019-03-21,11,0,33,2.87,2.87,0.0,31.333369,0.0
2019-03-21,11,0,34,4.6,4.6,0.0,50.220731,0.0
2019-03-21,11,0,35,4.6,4.6,0.0,50.220731,0.0
2019-03-21,11,0,36,11.44,11.44,0.0,106.248647,0.0
2019-03-21,11,0,37,5.54,5.54,0.0,51.268869,0.0
2019-03-21,11,0,38,7.12,7.12,0.0,65.890676,0.0
2019-03-21,11,0,39,4.75,4.75,0.0,43.957965,0.0
2019-03-21,11,0,40,4.75,4.75,0.0,43.957965,0.0
2019-03-21,11,0,41,7.97,7.97,0.0,67.472179,0.0
2019-03-21,11,0,42,54.18,54.18,0.0,552.735226,0.0
2019-03-21,11,0,43,34.98,34.98,0.0,324.752063,0.0
2019-03-21,11,0,46,30.81,30.81,0.0,279.831954,0.0
2019-03-21,11,0,52,13.91,13.91,0.0,85.67352,0.0
2019-03-21,11,0,53,22.66,22.66,0.0,139.565921,0.0
2019-03-21,11,0,55,49.49,49.49,0.0,352.214731,0.0
2019-03-21,11,0,56,140.77,140.77,0.0,867.02095,0.0
2019-03-21,11,0,57,133.9,133.9,0.0,824.707716,0.0
2019-03-21,11,0,58,257.5,257.5,0.0,1585.976378,0.0
2019-03-21,11,0,59,253.21,253.21,0.0,1559.553703,0.0
2019-03-21,11,0,63,3.55,3.55,0.0,57.353555,0.0
2019-03-21,11,0,64,4.18,4.18,0.0,67.531791,0.0
2019-03-21,11,0,65,6.93,6.93,0.0,71.418156,0.0
2019-03-21,11,0,67,297.81,297.81,0.0,2664.198754,0.0
2019-03-21,11,0,68,0.84,0.84,0.0,6.315725,0.0
2019-03-21,11,0,69,2.87,2.87,0.0,31.333369,0.0
2019-03-21,11,0,74,0.0,0.0,0.0,0.0,0.0
2019-03-21,11,0,77,1.19,1.19,0.0,7.641994,0.0
2019-03-21,11,0,78,0.9,0.9,0.0,5.779659,0.0
2019-03-21,11,0,79,0.52,0.52,0.0,3.339359,0.0
2019-03-21,11,0,80,0.84,0.84,0.0,5.394349,0.0
2019-03-21,11,0,81,1.1,1.1,0.0,7.064028,0.0
2019-03-21,11,0,82,0.77,0.77,0.0,4.94482,0.0
2019-03-21,11,0,83,1.73,1.73,0.0,11.10979,0.0
2019-03-21,11,0,84,0.0,0.0,0.0,0.0,0.0
2019-03-21,11,0,86,14.56,14.56,0.0,158.95953,0.0
2019-03-21,11,0,87,74.32,74.32,0.0,811.392325,0.0
2019-03-21,11,0,88,0.0,0.0,0.0,0.0,0.0
2019-03-21,11,0,89,0.0,0.0,0.0,0.0,0.0
2019-03-21,11,0,90,0.0,0.0,0.0,0.0,0.0
2019-03-21,11,0,91,0.0,0.0,0.0,0.0,0.0
2019-03-21,11,0,92,0.0,0.0,0.0,0.0,0.0
2019-03-21,11,0,95,14.69,14.69,0.0,235.446553,0.0
2019-03-21,11,0,96,1.3,1.3,0.0,10.080692,0.0
2019-03-21,11,0,97,9.58,9.58,0.0,74.286948,0.0
2019-03-21,11,0,99,0.0,0.0,0.0,0.0,0.0
2019-03-21,11,0,101,9.61,9.61,0.0,59.189254,0.0
2019-03-21,11,0,102,1.99,1.99,0.0,14.962254,0.0
2019-03-21,11,0,103,1.73,1.73,0.0,13.007386,0.0
2019-03-21,11,0,104,0.32,0.32,0.0,2.405991,0.0
2019-03-21,11,0,106,247.73,247.73,0.0,1763.066383,0.0
2019-03-21,11,0,109,0.0,0.0,0.0,0.0,0.0
2019-03-21,11,0,110,14.38,14.38,0.0,191.493489,0.0
2019-03-21,11,0,111,15.75,15.75,0.0,133.335862,0.0
2019-03-21,11,0,113,0.0,0.0,0.0,0.0,0.0
2019-03-21,11,0,115,0.0,0.0,0.0,0.0,0.0
2019-03-21,11,0,116,132.06,132.06,0.0,1758.597369,0.0
2019-03-21,11,0,117,0.0,0.0,0.0,0.0,0.0
2019-03-21,11,0,119,4.18,4.18,0.0,67.531791,0.0
2019-03-21,11,0,120,2.46,2.46,0.0,39.74359,0.0
2019-03-21,11,0,123,4.13,4.13,0.0,29.392743,0.0
2019-03-21,11,0,125,4.59,4.59,0.0,32.666511,0.0
2019-03-21,11,0,126,185.8,185.8,0.0,1322.317579,0.0
2019-03-21,11,0,127,238.44,238.44,0.0,1696.950504,0.0
2019-03-21,11,0,128,6.57,6.57,0.0,46.757947,0.0
2019-03-21,11,0,131,0.62,0.62,0.0,4.425279,0.0
2019-03-21,11,0,132,0.91,0.91,0.0,6.495167,0.0
2019-03-21,11,0,133,1.69,1.69,0.0,17.460349,0.0
2019-03-21,11,0,134,0.0,0.0,0.0,0.0,0.0
2019-03-21,11,0,135,2.26,2.26,0.0,23.349342,0.0
2019-03-21,11,0,136,7.75,7.75,0.0,79.858712,0.0
2019-03-21,11,0,139,10.3,10.3,0.0,87.197421,0.0
2019-03-21,11,0,140,10.64,10.64,0.0,141.689202,0.0
2019-03-21,11,0,141,6.72,6.72,0.0,60.116905,0.0
2019-03-21,11,0,142,392.74,392.74,0.0,3513.439504,0.0
2019-03-21,11,0,143,23.2,23.2,0.0,142.891852,0.0
2019-03-21,11,0,145,0.0,0.0,0.0,0.0,0.0
2019-03-21,11,0,146,0.0,0.0,0.0,0.0,0.0
2019-03-21,11,0,152,8.34,8.34,0.0,80.459438,0.0
2019-03-21,11,0,153,10.43,10.43,0.0,100.29923,0.0
2019-03-21,11,0,154,64.97,64.97,0.0,550.021013,0.0
2019-03-21,11,0,157,0.0,0.0,0.0,0.0,0.0
2019-03-21,11,0,158,287.69,287.69,0.0,2573.665557,0.0
2019-03-21,11,0,159,0.0,0.0,0.0,0.0,0.0
2019-03-21,11,0,160,2.83,2.83,0.0,26.704399,0.0
2019-03-21,11,0,161,64.78,64.78,0.0,487.062708,0.0
2019-03-21,11,0,162,14.36,14.36,0.0,230.236166,0.0
2019-03-21,11,0,163,8.28,8.28,0.0,110.261898,0.0
2019-03-21,11,0,164,18.53,18.53,0.0,114.128708,0.0
2019-03-21,11,0,167,7.28,7.28,0.0,116.69891,0.0
2019-03-21,11,0,168,3.64,3.64,0.0,58.349455,0.0
2019-03-21,11,0,169,0.0,0.0,0.0,0.0,0.0
2019-03-21,11,0,170,7.96,7.96,0.0,127.599358,0.0
2019-03-21,11,0,172,9.75,9.75,0.0,149.246727,0.0
2019-03-21,11,0,173,14.85,14.85,0.0,227.314246,0.0
2019-03-21,11,0,188,12.94,12.94,0.0,203.737993,0.0
2019-03-21,11,0,190,10.7,10.7,0.0,172.868461,0.0
2019-03-21,11,0,191,27.65,27.65,0.0,446.711489,0.0
2019-03-21,11,0,192,0.0,0.0,0.0,0.0,0.0
2019-03-21,11,0,194,1.59,1.59,0.0,6.706092,0.0
2019-03-21,11,0,196,7.11,7.11,0.0,107.297765,0.0
2019-03-21,11,0,198,12.53,12.53,0.0,119.064979,0.0
2019-03-21,11,0,199,0.0,0.0,0.0,0.0,0.0
2019-03-21,11,0,200,22.61,22.61,0.0,182.754485,0.0
2019-03-21,11,0,204,0.0,0.0,0.0,0.0,0.0
2019-03-21,11,0,205,0.0,0.0,0.0,0.0,0.0
2019-03-21,11,0,206,36.62,36.62,0.0,283.965347,0.0
2019-03-21,11,0,210,2.89,2.89,0.0,23.165686,0.0
2019-03-21,11,0,214,15.61,15.61,0.0,175.865242,0.0
2019-03-21,11,0,217,10.68,10.68,0.0,105.192981,0.0
2019-03-21,11,0,218,14.74,14.74,0.0,145.182074,0.0
2019-03-21,11,0,219,10.04,10.04,0.0,98.889282,0.0
2019-03-21,11,0,221,8.33,8.33,0.0,93.847371,0.0
2019-03-21,11,0,225,8.3,8.3,0.0,64.621799,0.0
2019-03-21,11,0,233,8.24,8.24,0.0,89.960613,0.0
2019-03-21,11,0,236,0.0,0.0,0.0,0.0,0.0
2019-03-21,11,0,237,0.0,0.0,0.0,0.0,0.0
2019-03-21,11,0,238,70.52,70.52,0.0,719.433151,0.0
2019-03-21,11,0,240,12.97,12.97,0.0,120.458475,0.0
2019-03-21,11,0,245,3.3,3.3,0.0,34.374232,0.0
2019-03-21,11,0,247,6.03,6.03,0.0,62.811097,0.0
2019-03-21,11,0,248,0.0,0.0,0.0,0.0,0.0
2019-03-21,11,0,249,6.34,6.34,0.0,66.040192,0.0
2019-03-21,11,0,251,58.11,58.11,0.0,596.601578,0.0
2019-03-21,11,0,252,44.71,44.71,0.0,460.765622,0.0
2019-03-21,11,0,254,19.23,19.23,0.0,179.264749,0.0
2019-03-21,11,0,255,8.82,8.82,0.0,82.221273,0.0
2019-03-21,11,0,258,16.04,16.04,0.0,148.961851,0.0
2019-03-21,11,0,260,6.87,6.87,0.0,64.826579,0.0
2019-03-21,11,0,265,67.27,67.27,0.0,569.492282,0.0
2019-03-21,11,0,266,6.67,6.67,0.0,56.466679,0.0
2019-03-21,11,0,267,8.19,8.19,0.0,69.334648,0.0
2019-03-21,11,0,270,28.02,28.02,0.0,373.132654,0.0
2019-03-21,11,0,272,0.0,0.0,0.0,0.0,0.0
2019-03-21,11,0,273,31.58,31.58,0.0,420.539943,0.0
2019-03-21,11,0,274,36.59,36.59,0.0,487.256381,0.0
2019-03-21,11,0,275,51.63,51.63,0.0,687.538862,0.0
2019-03-21,11,0,276,7.05,7.05,0.0,87.002445,0.0
2019-03-21,11,0,277,8.6,8.6,0.0,52.184595,0.0
2019-03-21,11,0,278,13.77,13.77,0.0,83.556032,0.0
2019-03-21,11,0,279,7.66,7.66,0.0,46.480698,0.0
2019-03-21,11,0,281,5.71,5.71,0.0,35.168641,0.0
2019-03-21,11,0,282,261.8,261.8,0.0,1612.460643,0.0
2019-03-21,12,0,9,3.96,3.96,0.0,31.32751,0.0
2019-03-21,12,0,17,61.3,61.3,0.0,672.657614,0.0
2019-03-21,12,0,19,11.42,11.42,0.0,125.314029,0.0
2019-03-21,12,0,20,13.85,13.85,0.0,151.978922,0.0
2019-03-21,12,0,21,90.58,90.58,0.0,716.577236,0.0
2019-03-21,12,0,22,321.93,321.93,0.0,2546.784164,0.0
2019-03-21,12,0,23,5.12,5.12,0.0,40.504255,0.0
2019-03-21,12,0,24,8.57,8.57,0.0,67.797162,0.0
2019-03-21,12,0,29,11.57,11.57,0.0,82.915274,0.0
2019-03-21,12,0,30,606.65,606.65,0.0,4789.493106,0.0
2019-03-21,12,0,31,18.75,18.75,0.0,148.030983,0.0
2019-03-21,12,0,32,7.62,7.62,0.0,122.305978,0.0
2019-03-21,12,0,33,3.68,3.68,0.0,43.021111,0.0
2019-03-21,12,0,34,5.88,5.88,0.0,68.740254,0.0
2019-03-21,12,0,35,5.88,5.88,0.0,68.740254,0.0
2019-03-21,12,0,36,14.78,14.78,0.0,142.951222,0.0
2019-03-21,12,0,37,7.17,7.17,0.0,69.021859,0.0
2019-03-21,12,0,38,9.22,9.22,0.0,88.756142,0.0
2019-03-21,12,0,39,6.15,6.15,0.0,59.20285,0.0
2019-03-21,12,0,40,6.15,6.15,0.0,59.20285,0.0
2019-03-21,12,0,41,11.18,11.18,0.0,98.231002,0.0
2019-03-21,12,0,42,71.53,71.53,0.0,773.791463,0.0
2019-03-21,12,0,43,44.81,44.81,0.0,431.736197,0.0
2019-03-21,12,0,46,38.92,38.92,0.0,366.862971,0.0
2019-03-21,12,0,52,19.87,19.87,0.0,156.873367,0.0
2019-03-21,12,0,53,31.57,31.57,0.0,249.2447,0.0
2019-03-21,12,0,55,96.15,96.15,0.0,760.641436,0.0
2019-03-21,12,0,56,178.94,178.94,0.0,1412.72875,0.0
2019-03-21,12,0,57,170.21,170.21,0.0,1343.805525,0.0
2019-03-21,12,0,58,327.33,327.33,0.0,2584.265686,0.0
2019-03-21,12,0,59,321.87,321.87,0.0,2541.159064,0.0
2019-03-21,12,0,63,3.85,3.85,0.0,62.10825,0.0
2019-03-21,12,0,64,4.53,4.53,0.0,73.078019,0.0
2019-03-21,12,0,65,4.53,4.53,0.0,49.577786,0.0
2019-03-21,12,0,67,384.65,384.65,0.0,3423.811459,0.0
2019-03-21,12,0,68,0.96,0.96,0.0,7.171573,0.0
2019-03-21,12,0,69,3.68,3.68,0.0,43.021111,0.0
2019-03-21,12,0,74,16.1,16.1,0.0,163.50694,0.0
2019-03-21,12,0,77,2.45,2.45,0.0,15.635551,0.0
2019-03-21,12,0,78,1.85,1.85,0.0,11.806437,0.0
2019-03-21,12,0,79,1.07,1.07,0.0,6.828588,0.0
2019-03-21,12,0,80,1.73,1.73,0.0,11.040614,0.0
2019-03-21,12,0,81,2.26,2.26,0.0,14.422998,0.0
2019-03-21,12,0,82,1.6,1.6,0.0,10.210972,0.0
2019-03-21,12,0,83,3.56,3.56,0.0,22.719413,0.0
2019-03-21,12,0,84,0.0,0.0,0.0,0.0,0.0
2019-03-21,12,0,86,18.63,18.63,0.0,217.794376,0.0
2019-03-21,12,0,87,95.13,95.13,0.0,1112.119106,0.0
2019-03-21,12,0,88,1.49,1.49,0.0,9.508968,0.0
2019-03-21,12,0,89,1.43,1.43,0.0,9.126056,0.0
2019-03-21,12,0,90,1.92,1.92,0.0,12.253167,0.0
2019-03-21,12,0,91,6.86,6.86,0.0,43.779543,0.0
2019-03-21,12,0,92,2.47,2.47,0.0,15.763188,0.0
2019-03-21,12,0,95,23.95,23.95,0.0,383.054104,0.0
2019-03-21,12,0,96,3.05,3.05,0.0,24.028701,0.0
2019-03-21,12,0,97,18.74,18.74,0.0,147.638639,0.0
2019-03-21,12,0,99,3.11,3.11,0.0,31.58426,0.0
2019-03-21,12,0,101,12.22,12.22,0.0,96.476726,0.0
2019-03-21,12,0,102,2.28,2.28,0.0,17.032485,0.0
2019-03-21,12,0,103,1.98,1.98,0.0,14.791369,0.0
2019-03-21,12,0,104,0.37,0.37,0.0,2.764044,0.0
2019-03-21,12,0,106,316.91,316.91,0.0,2507.071008,0.0
2019-03-21,12,0,109,0.0,0.0,0.0,0.0,0.0
2019-03-21,12,0,110,0.0,0.0,0.0,0.0,0.0
2019-03-21,12,0,111,21.14,21.14,0.0,185.742699,0.0
2019-03-21,12,0,113,0.0,0.0,0.0,0.0,0.0
2019-03-21,12,0,115,0.0,0.0,0.0,0.0,0.0
2019-03-21,12,0,116,167.12,167.12,0.0,2219.759633,0.0
2019-03-21,12,0,117,0.0,0.0,0.0,0.0,0.0
2019-03-21,12,0,119,4.53,4.53,0.0,73.078019,0.0
2019-03-21,12,0,120,2.66,2.66,0.0,42.911155,0.0
2019-03-21,12,0,123,5.28,5.28,0.0,41.770013,0.0
2019-03-21,12,0,125,7.84,7.84,0.0,62.022141,0.0
2019-03-21,12,0,126,237.68,237.68,0.0,1880.283478,0.0
2019-03-21,12,0,127,305.03,305.03,0.0,2413.088478,0.0
2019-03-21,12,0,128,10.75,10.75,0.0,85.043114,0.0
2019-03-21,12,0,131,1.22,1.22,0.0,8.64771,0.0
2019-03-21,12,0,132,1.79,1.79,0.0,12.688034,0.0
2019-03-21,12,0,133,1.19,1.19,0.0,13.061355,0.0
2019-03-21,12,0,134,0.0,0.0,0.0,0.0,0.0
2019-03-21,12,0,135,1.59,1.59,0.0,17.451727,0.0
2019-03-21,12,0,136,5.81,5.81,0.0,63.577308,0.0
2019-03-21,12,0,139,14.44,14.44,0.0,126.874389,0.0
2019-03-21,12,0,140,0.0,0.0,0.0,0.0,0.0
2019-03-21,12,0,141,15.21,15.21,0.0,135.385863,0.0
2019-03-21,12,0,142,507.26,507.26,0.0,4515.176397,0.0
2019-03-21,12,0,143,22.93,22.93,0.0,181.032023,0.0
2019-03-21,12,0,145,0.0,0.0,0.0,0.0,0.0
2019-03-21,12,0,146,0.0,0.0,0.0,0.0,0.0
2019-03-21,12,0,152,10.77,10.77,0.0,109.192415,0.0
2019-03-21,12,0,153,13.54,13.54,0.0,136.761737,0.0
2019-03-21,12,0,154,87.2,87.2,0.0,766.166668,0.0
2019-03-21,12,0,157,10.37,10.37,0.0,92.304497,0.0
2019-03-21,12,0,158,376.37,376.37,0.0,3350.110279,0.0
2019-03-21,12,0,159,0.0,0.0,0.0,0.0,0.0
2019-03-21,12,0,160,3.6,3.6,0.0,35.090948,0.0
2019-03-21,12,0,161,82.49,82.49,0.0,616.232329,0.0
2019-03-21,12,0,162,18.89,18.89,0.0,302.232208,0.0
2019-03-21,12,0,163,6.26,6.26,0.0,83.148009,0.0
2019-03-21,12,0,164,24.32,24.32,0.0,192.006053,0.0
2019-03-21,12,0,167,8.93,8.93,0.0,142.845567,0.0
2019-03-21,12,0,168,4.47,4.47,0.0,71.502764,0.0
2019-03-21,12,0,169,0.0,0.0,0.0,0.0,0.0
2019-03-21,12,0,170,9.77,9.77,0.0,156.282328,0.0
2019-03-21,12,0,172,11.74,11.74,0.0,179.057476,0.0
2019-03-21,12,0,173,17.89,17.89,0.0,272.856751,0.0
2019-03-21,12,0,188,15.5,15.5,0.0,243.441892,0.0
2019-03-21,12,0,190,13.18,13.18,0.0,212.619932,0.0
2019-03-21,12,0,191,34.04,34.04,0.0,549.133724,0.0
2019-03-21,12,0,192,0.0,0.0,0.0,0.0,0.0
2019-03-21,12,0,194,0.0,0.0,0.0,0.0,0.0
2019-03-21,12,0,196,9.11,9.11,0.0,137.24787,0.0
2019-03-21,12,0,198,15.57,15.57,0.0,150.506047,0.0
2019-03-21,12,0,199,0.0,0.0,0.0,0.0,0.0
2019-03-21,12,0,200,27.61,27.61,0.0,217.010397,0.0
2019-03-21,12,0,204,0.0,0.0,0.0,0.0,0.0
2019-03-21,12,0,205,0.0,0.0,0.0,0.0,0.0
2019-03-21,12,0,206,55.07,55.07,0.0,433.855915,0.0
2019-03-21,12,0,210,3.54,3.54,0.0,26.337382,0.0
2019-03-21,12,0,214,19.87,19.87,0.0,240.742082,0.0
2019-03-21,12,0,217,13.28,13.28,0.0,133.818285,0.0
2019-03-21,12,0,218,18.32,18.32,0.0,184.604743,0.0
2019-03-21,12,0,219,12.48,12.48,0.0,125.756943,0.0
2019-03-21,12,0,221,10.6,10.6,0.0,128.428086,0.0
2019-03-21,12,0,225,10.18,10.18,0.0,72.685057,0.0
2019-03-21,12,0,233,10.54,10.54,0.0,123.218074,0.0
2019-03-21,12,0,236,3.35,3.35,0.0,35.423752,0.0
2019-03-21,12,0,237,38.62,38.62,0.0,392.213542,0.0
2019-03-21,12,0,238,93.1,93.1,0.0,1007.129668,0.0
2019-03-21,12,0,240,16.75,16.75,0.0,162.004936,0.0
2019-03-21,12,0,245,2.32,2.32,0.0,25.704258,0.0
2019-03-21,12,0,247,4.54,4.54,0.0,50.300574,0.0
2019-03-21,12,0,248,3.88,3.88,0.0,39.404157,0.0
2019-03-21,12,0,249,4.47,4.47,0.0,49.525014,0.0
2019-03-21,12,0,251,35.95,35.95,0.0,391.7436,0.0
2019-03-21,12,0,252,29.22,29.22,0.0,319.793136,0.0
2019-03-21,12,0,254,25.13,25.13,0.0,242.833459,0.0
2019-03-21,12,0,255,11.52,11.52,0.0,111.3188,0.0
2019-03-21,12,0,258,20.53,20.53,0.0,198.44178,0.0
2019-03-21,12,0,260,8.74,8.74,0.0,85.193023,0.0
2019-03-21,12,0,265,90.28,90.28,0.0,793.228518,0.0
2019-03-21,12,0,266,9.35,9.35,0.0,82.152045,0.0
2019-03-21,12,0,267,11.49,11.49,0.0,100.954759,0.0
2019-03-21,12,0,270,19.56,19.56,0.0,259.804323,0.0
2019-03-21,12,0,272,0.0,0.0,0.0,0.0,0.0
2019-03-21,12,0,273,39.96,39.96,0.0,530.765886,0.0
2019-03-21,12,0,274,25.21,25.21,0.0,334.85005,0.0
2019-03-21,12,0,275,35.09,35.09,0.0,466.080454,0.0
2019-03-21,12,0,276,8.95,8.95,0.0,110.122349,0.0
2019-03-21,12,0,277,10.88,10.88,0.0,65.339372,0.0
2019-03-21,12,0,278,17.42,17.42,0.0,104.615061,0.0
2019-03-21,12,0,279,5.68,5.68,0.0,34.110996,0.0
2019-03-21,12,0,281,8.41,8.41,0.0,66.39683,0.0
2019-03-21,12,0,282,332.78,332.78,0.0,2627.293358,0.0
2019-03-21,13,0,9,3.71,3.71,0.0,31.224108,0.0
2019-03-21,13,0,17,70.92,70.92,0.0,723.480764,0.0
2019-03-21,13,0,19,12.04,12.04,0.0,122.824428,0.0
2019-03-21,13,0,20,14.6,14.6,0.0,148.93992,0.0
2019-03-21,13,0,21,84.93,84.93,0.0,714.788008,0.0
2019-03-21,13,0,22,301.82,301.82,0.0,2540.17799,0.0
2019-03-21,13,0,23,20.83,20.83,0.0,175.309481,0.0
2019-03-21,13,0,24,36.38,36.38,0.0,306.181417,0.0
2019-03-21,13,0,29,12.72,12.72,0.0,114.51477,0.0
2019-03-21,13,0,30,627.67,627.67,0.0,5276.296255,0.0
2019-03-21,13,0,31,29.61,29.61,0.0,248.906483,0.0
2019-03-21,13,0,32,8.37,8.37,0.0,127.172375,0.0
2019-03-21,13,0,33,4.1,4.1,0.0,43.388093,0.0
2019-03-21,13,0,34,6.57,6.57,0.0,69.526773,0.0
2019-03-21,13,0,35,6.57,6.57,0.0,69.526773,0.0
2019-03-21,13,0,36,15.89,15.89,0.0,151.643532,0.0
2019-03-21,13,0,37,7.59,7.59,0.0,72.291394,0.0
2019-03-21,13,0,38,9.76,9.76,0.0,92.959684,0.0
2019-03-21,13,0,39,6.51,6.51,0.0,62.004871,0.0
2019-03-21,13,0,40,6.51,6.51,0.0,62.004871,0.0
2019-03-21,13,0,41,15.31,15.31,0.0,137.097821,0.0
2019-03-21,13,0,42,58.7,58.7,0.0,593.970971,0.0
2019-03-21,13,0,43,50.11,50.11,0.0,479.068268,0.0
2019-03-21,13,0,46,43.31,43.31,0.0,407.400861,0.0
2019-03-21,13,0,52,31.39,31.39,0.0,263.869453,0.0
2019-03-21,13,0,53,49.87,49.87,0.0,419.215343,0.0
2019-03-21,13,0,55,165.96,165.96,0.0,1396.75283,0.0
2019-03-21,13,0,56,185.14,185.14,0.0,1556.316996,0.0
2019-03-21,13,0,57,176.11,176.11,0.0,1480.409345,0.0
2019-03-21,13,0,58,338.67,338.67,0.0,2846.915183,0.0
2019-03-21,13,0,59,333.03,333.03,0.0,2799.504424,0.0
2019-03-21,13,0,63,4.54,4.54,0.0,69.211923,0.0
2019-03-21,13,0,64,5.34,5.34,0.0,81.407857,0.0
2019-03-21,13,0,65,3.0,3.0,0.0,30.558057,0.0
2019-03-21,13,0,67,299.25,299.25,0.0,2837.394423,0.0
2019-03-21,13,0,68,1.4,1.4,0.0,11.676426,0.0
2019-03-21,13,0,69,4.1,4.1,0.0,43.388093,0.0
2019-03-21,13,0,74,46.19,46.19,0.0,450.912671,0.0
2019-03-21,13,0,77,4.99,4.99,0.0,37.198363,0.0
2019-03-21,13,0,78,3.77,3.77,0.0,28.103773,0.0
2019-03-21,13,0,79,2.18,2.18,0.0,16.250988,0.0
2019-03-21,13,0,80,3.53,3.53,0.0,26.314673,0.0
2019-03-21,13,0,81,4.61,4.61,0.0,34.365622,0.0
2019-03-21,13,0,82,3.25,3.25,0.0,24.227391,0.0
2019-03-21,13,0,83,7.26,7.26,0.0,54.120263,0.0
2019-03-21,13,0,84,0.0,0.0,0.0,0.0,0.0
2019-03-21,13,0,86,20.8,20.8,0.0,220.115202,0.0
2019-03-21,13,0,87,106.18,106.18,0.0,1123.645778,0.0
2019-03-21,13,0,88,2.62,2.62,0.0,19.531004,0.0
2019-03-21,13,0,89,2.52,2.52,0.0,18.785546,0.0
2019-03-21,13,0,90,3.38,3.38,0.0,25.196486,0.0
2019-03-21,13,0,91,12.07,12.07,0.0,89.976801,0.0
2019-03-21,13,0,92,4.34,4.34,0.0,32.352885,0.0
2019-03-21,13,0,95,31.43,31.43,0.0,476.156492,0.0
2019-03-21,13,0,96,6.2,6.2,0.0,52.053162,0.0
2019-03-21,13,0,97,38.14,38.14,0.0,320.210905,0.0
2019-03-21,13,0,99,8.92,8.92,0.0,87.078178,0.0
2019-03-21,13,0,101,12.64,12.64,0.0,106.253899,0.0
2019-03-21,13,0,102,3.33,3.33,0.0,27.773212,0.0
2019-03-21,13,0,103,2.89,2.89,0.0,24.103478,0.0
2019-03-21,13,0,104,0.54,0.54,0.0,4.503764,0.0
2019-03-21,13,0,106,297.12,297.12,0.0,2500.621843,0.0
2019-03-21,13,0,109,1.36,1.36,0.0,12.609935,0.0
2019-03-21,13,0,110,0.0,0.0,0.0,0.0,0.0
2019-03-21,13,0,111,26.04,26.04,0.0,233.182708,0.0
2019-03-21,13,0,113,0.0,0.0,0.0,0.0,0.0
2019-03-21,13,0,115,0.0,0.0,0.0,0.0,0.0
2019-03-21,13,0,116,180.31,180.31,0.0,2339.875528,0.0
2019-03-21,13,0,117,0.0,0.0,0.0,0.0,0.0
2019-03-21,13,0,119,5.34,5.34,0.0,81.407857,0.0
2019-03-21,13,0,120,3.14,3.14,0.0,47.869039,0.0
2019-03-21,13,0,123,4.95,4.95,0.0,41.660198,0.0
2019-03-21,13,0,125,33.04,33.04,0.0,278.071303,0.0
2019-03-21,13,0,126,222.84,222.84,0.0,1875.466382,0.0
2019-03-21,13,0,127,285.97,285.97,0.0,2406.781194,0.0
2019-03-21,13,0,128,46.64,46.64,0.0,392.531646,0.0
2019-03-21,13,0,131,2.41,2.41,0.0,19.365497,0.0
2019-03-21,13,0,132,3.55,3.55,0.0,28.52594,0.0
2019-03-21,13,0,133,1.02,1.02,0.0,10.406866,0.0
2019-03-21,13,0,134,0.0,0.0,0.0,0.0,0.0
2019-03-21,13,0,135,1.37,1.37,0.0,13.97785,0.0
2019-03-21,13,0,136,4.42,4.42,0.0,45.01848,0.0
2019-03-21,13,0,139,19.78,19.78,0.0,177.125728,0.0
2019-03-21,13,0,140,0.0,0.0,0.0,0.0,0.0
2019-03-21,13,0,141,28.86,28.86,0.0,273.641447,0.0
2019-03-21,13,0,142,394.64,394.64,0.0,3741.852415,0.0
2019-03-21,13,0,143,23.52,23.52,0.0,197.712951,0.0
2019-03-21,13,0,145,2.8,2.8,0.0,24.437968,0.0
2019-03-21,13,0,146,7.7,7.7,0.0,99.922586,0.0
2019-03-21,13,0,152,11.78,11.78,0.0,114.984009,0.0
2019-03-21,13,0,153,14.69,14.69,0.0,143.094699,0.0
2019-03-21,13,0,154,107.41,107.41,0.0,961.833895,0.0
2019-03-21,13,0,157,22.25,22.25,0.0,210.967505,0.0
2019-03-21,13,0,158,329.9,329.9,0.0,3128.008088,0.0
2019-03-21,13,0,159,0.0,0.0,0.0,0.0,0.0
2019-03-21,13,0,160,3.97,3.97,0.0,38.521173,0.0
2019-03-21,13,0,161,75.69,75.69,0.0,631.277605,0.0
2019-03-21,13,0,162,25.12,25.12,0.0,380.668211,0.0
2019-03-21,13,0,163,2.22,2.22,0.0,28.80885,0.0
2019-03-21,13,0,164,28.63,28.63,0.0,240.668443,0.0
2019-03-21,13,0,167,9.91,9.91,0.0,150.154217,0.0
2019-03-21,13,0,168,4.96,4.96,0.0,75.152867,0.0
2019-03-21,13,0,169,0.0,0.0,0.0,0.0,0.0
2019-03-21,13,0,170,10.84,10.84,0.0,164.245379,0.0
2019-03-21,13,0,172,12.88,12.88,0.0,187.908224,0.0
2019-03-21,13,0,173,19.63,19.63,0.0,286.384972,0.0
2019-03-21,13,0,188,16.92,16.92,0.0,252.564599,0.0
2019-03-21,13,0,190,14.8,14.8,0.0,225.624771,0.0
2019-03-21,13,0,191,38.23,38.23,0.0,582.813176,0.0
2019-03-21,13,0,192,0.0,0.0,0.0,0.0,0.0
2019-03-21,13,0,194,0.0,0.0,0.0,0.0,0.0
2019-03-21,13,0,196,9.99,9.99,0.0,143.781763,0.0
2019-03-21,13,0,198,17.32,17.32,0.0,170.488578,0.0
2019-03-21,13,0,199,0.0,0.0,0.0,0.0,0.0
2019-03-21,13,0,200,30.94,30.94,0.0,276.233317,0.0
2019-03-21,13,0,204,6.3,6.3,0.0,58.119576,0.0
2019-03-21,13,0,205,7.22,7.22,0.0,66.94392,0.0
2019-03-21,13,0,206,112.06,112.06,0.0,940.818931,0.0
2019-03-21,13,0,210,3.84,3.84,0.0,35.051956,0.0
2019-03-21,13,0,214,21.52,21.52,0.0,232.593753,0.0
2019-03-21,13,0,217,14.61,14.61,0.0,147.220267,0.0
2019-03-21,13,0,218,20.16,20.16,0.0,203.145831,0.0
2019-03-21,13,0,219,13.73,13.73,0.0,138.35279,0.0
2019-03-21,13,0,221,11.48,11.48,0.0,124.078823,0.0
2019-03-21,13,0,225,11.2,11.2,0.0,100.695002,0.0
2019-03-21,13,0,233,11.77,11.77,0.0,124.555574,0.0
2019-03-21,13,0,236,18.47,18.47,0.0,184.518321,0.0
2019-03-21,13,0,237,110.81,110.81,0.0,1081.741353,0.0
2019-03-21,13,0,238,76.41,76.41,0.0,773.174138,0.0
2019-03-21,13,0,240,18.0,18.0,0.0,171.77996,0.0
2019-03-21,13,0,245,2.05,2.05,0.0,21.028479,0.0
2019-03-21,13,0,247,4.17,4.17,0.0,42.775003,0.0
2019-03-21,13,0,248,11.12,11.12,0.0,108.554858,0.0
2019-03-21,13,0,249,3.94,3.94,0.0,40.41571,0.0
2019-03-21,13,0,251,22.2,22.2,0.0,225.570295,0.0
2019-03-21,13,0,252,19.36,19.36,0.0,197.201326,0.0
2019-03-21,13,0,254,27.37,27.37,0.0,262.646614,0.0
2019-03-21,13,0,255,12.55,12.55,0.0,120.431677,0.0
2019-03-21,13,0,258,22.26,22.26,0.0,212.495674,0.0
2019-03-21,13,0,260,9.64,9.64,0.0,93.53756,0.0
2019-03-21,13,0,265,111.21,111.21,0.0,995.862094,0.0
2019-03-21,13,0,266,12.81,12.81,0.0,114.710848,0.0
2019-03-21,13,0,267,15.74,15.74,0.0,140.94838,0.0
2019-03-21,13,0,270,6.9,6.9,0.0,89.541019,0.0
2019-03-21,13,0,272,0.0,0.0,0.0,0.0,0.0
2019-03-21,13,0,273,43.12,43.12,0.0,559.566484,0.0
2019-03-21,13,0,274,8.89,8.89,0.0,115.365168,0.0
2019-03-21,13,0,275,12.37,12.37,0.0,160.524986,0.0
2019-03-21,13,0,276,9.45,9.45,0.0,115.257288,0.0
2019-03-21,13,0,277,12.02,12.02,0.0,86.404512,0.0
2019-03-21,13,0,278,19.23,19.23,0.0,138.232843,0.0
2019-03-21,13,0,279,7.49,7.49,0.0,53.841081,0.0
2019-03-21,13,0,281,13.29,13.29,0.0,111.717905,0.0
2019-03-21,13,0,282,344.32,344.32,0.0,2894.410003,0.0
2019-03-21,14,0,9,3.86,3.86,0.0,-1467.896471,0.0
2019-03-21,14,0,17,72.37,72.37,0.0,946.289024,0.0
2019-03-21,14,0,19,22.06,22.06,0.0,288.450129,0.0
2019-03-21,14,0,20,26.75,26.75,0.0,349.775202,0.0
2019-03-21,14,0,21,88.15,88.15,0.0,-33522.039882,0.0
2019-03-21,14,0,22,313.29,313.29,0.0,-119139.193133,0.0
2019-03-21,14,0,23,7.8,7.8,0.0,-2966.215667,0.0
2019-03-21,14,0,24,13.41,13.41,0.0,-5099.609244,0.0
2019-03-21,14,0,29,12.71,12.71,0.0,67.663633,0.0
2019-03-21,14,0,30,666.96,666.96,0.0,-655009.586548,0.0
2019-03-21,14,0,31,41.91,41.91,0.0,-41159.067669,0.0
2019-03-21,14,0,32,8.32,8.32,0.0,243.375084,0.0
2019-03-21,14,0,33,4.16,4.16,0.0,70.827326,0.0
2019-03-21,14,0,34,6.66,6.66,0.0,113.391825,0.0
2019-03-21,14,0,35,6.66,6.66,0.0,113.391825,0.0
2019-03-21,14,0,36,16.43,16.43,0.0,116.510077,0.0
2019-03-21,14,0,37,7.65,7.65,0.0,54.015976,0.0
2019-03-21,14,0,38,9.84,9.84,0.0,69.479374,0.0
2019-03-21,14,0,39,6.56,6.56,0.0,46.319582,0.0
2019-03-21,14,0,40,6.56,6.56,0.0,46.319582,0.0
2019-03-21,14,0,41,17.37,17.37,0.0,-102.391463,0.0
2019-03-21,14,0,42,60.74,60.74,0.0,742.210439,0.0
2019-03-21,14,0,43,51.19,51.19,0.0,390.31674,0.0
2019-03-21,14,0,46,43.86,43.86,0.0,277.174523,0.0
2019-03-21,14,0,52,44.42,44.42,0.0,-43624.09415,0.0
2019-03-21,14,0,53,70.57,70.57,0.0,-69305.545344,0.0
2019-03-21,14,0,55,188.58,188.58,0.0,-71713.96802,0.0
2019-03-21,14,0,56,196.73,196.73,0.0,-193205.043723,0.0
2019-03-21,14,0,57,187.13,187.13,0.0,-183777.053992,0.0
2019-03-21,14,0,58,359.87,359.87,0.0,-353421.944211,0.0
2019-03-21,14,0,59,353.87,353.87,0.0,-347529.450629,0.0
2019-03-21,14,0,63,1.79,1.79,0.0,53.356926,0.0
2019-03-21,14,0,64,2.1,2.1,0.0,62.597511,0.0
2019-03-21,14,0,65,5.38,5.38,0.0,69.491585,0.0
2019-03-21,14,0,67,304.55,304.55,0.0,9933.362235,0.0
2019-03-21,14,0,68,0.71,0.71,0.0,23.584329,0.0
2019-03-21,14,0,69,4.16,4.16,0.0,70.827326,0.0
2019-03-21,14,0,74,48.83,48.83,0.0,399.045985,0.0
2019-03-21,14,0,77,3.8,3.8,0.0,130.777272,0.0
2019-03-21,14,0,78,2.87,2.87,0.0,98.771255,0.0
2019-03-21,14,0,79,1.66,1.66,0.0,57.129019,0.0
2019-03-21,14,0,80,2.69,2.69,0.0,92.576542,0.0
2019-03-21,14,0,81,3.51,3.51,0.0,120.796901,0.0
2019-03-21,14,0,82,2.48,2.48,0.0,85.349377,0.0
2019-03-21,14,0,83,5.53,5.53,0.0,190.315346,0.0
2019-03-21,14,0,84,0.0,0.0,0.0,0.0,0.0
2019-03-21,14,0,86,21.07,21.07,0.0,358.733597,0.0
2019-03-21,14,0,87,107.59,107.59,0.0,1831.805778,0.0
2019-03-21,14,0,88,2.1,2.1,0.0,72.27165,0.0
2019-03-21,14,0,89,2.02,2.02,0.0,69.518445,0.0
2019-03-21,14,0,90,2.72,2.72,0.0,93.608995,0.0
2019-03-21,14,0,91,9.69,9.69,0.0,333.482043,0.0
2019-03-21,14,0,92,3.48,3.48,0.0,119.764449,0.0
2019-03-21,14,0,95,26.89,26.89,0.0,785.863351,0.0
2019-03-21,14,0,96,5.4,5.4,0.0,240.765211,0.0
2019-03-21,14,0,97,36.2,36.2,0.0,1614.018639,0.0
2019-03-21,14,0,99,9.43,9.43,0.0,77.063355,0.0
2019-03-21,14,0,101,13.44,13.44,0.0,-13199.185623,0.0
2019-03-21,14,0,102,1.67,1.67,0.0,55.472999,0.0
2019-03-21,14,0,103,1.45,1.45,0.0,48.165179,0.0
2019-03-21,14,0,104,0.27,0.27,0.0,8.968689,0.0
2019-03-21,14,0,106,308.41,308.41,0.0,-117283.406921,0.0
2019-03-21,14,0,109,1.87,1.87,0.0,9.454701,0.0
2019-03-21,14,0,110,7.38,7.38,0.0,227.130983,0.0
2019-03-21,14,0,111,27.13,27.13,0.0,-159.924029,0.0
2019-03-21,14,0,113,0.0,0.0,0.0,0.0,0.0
2019-03-21,14,0,115,0.0,0.0,0.0,0.0,0.0
2019-03-21,14,0,116,187.62,187.62,0.0,5774.297432,0.0
2019-03-21,14,0,117,0.0,0.0,0.0,0.0,0.0
2019-03-21,14,0,119,2.1,2.1,0.0,62.597511,0.0
2019-03-21,14,0,120,1.24,1.24,0.0,36.96234,0.0
2019-03-21,14,0,123,5.14,5.14,0.0,-1954.660068,0.0
2019-03-21,14,0,125,12.22,12.22,0.0,-4647.071212,0.0
2019-03-21,14,0,126,231.3,231.3,0.0,-87959.70306,0.0
2019-03-21,14,0,127,296.84,296.84,0.0,-112883.520348,0.0
2019-03-21,14,0,128,16.96,16.96,0.0,-6449.617656,0.0
2019-03-21,14,0,131,1.84,1.84,0.0,61.415209,0.0
2019-03-21,14,0,132,2.71,2.71,0.0,90.453923,0.0
2019-03-21,14,0,133,2.43,2.43,0.0,31.810387,0.0
2019-03-21,14,0,134,0.0,0.0,0.0,0.0,0.0
2019-03-21,14,0,135,3.26,3.26,0.0,42.675663,0.0
2019-03-21,14,0,136,6.67,6.67,0.0,86.095823,0.0
2019-03-21,14,0,139,22.43,22.43,0.0,-132.218798,0.0
2019-03-21,14,0,140,5.46,5.46,0.0,168.039996,0.0
2019-03-21,14,0,141,27.55,27.55,0.0,898.585223,0.0
2019-03-21,14,0,142,401.63,401.63,0.0,13099.774337,0.0
2019-03-21,14,0,143,51.25,51.25,0.0,-50331.716011,0.0
2019-03-21,14,0,145,1.78,1.78,0.0,2.151998,0.0
2019-03-21,14,0,146,21.44,21.44,0.0,659.84936,0.0
2019-03-21,14,0,152,12.08,12.08,0.0,105.413183,0.0
2019-03-21,14,0,153,14.98,14.98,0.0,127.826089,0.0
2019-03-21,14,0,154,111.92,111.92,0.0,-659.7382,0.0
2019-03-21,14,0,157,41.27,41.27,0.0,1346.083925,0.0
2019-03-21,14,0,158,340.59,340.59,0.0,11108.861742,0.0
2019-03-21,14,0,159,0.0,0.0,0.0,0.0,0.0
2019-03-21,14,0,160,4.1,4.1,0.0,38.382821,0.0
2019-03-21,14,0,161,77.8,77.8,0.0,2584.310993,0.0
2019-03-21,14,0,162,17.81,17.81,0.0,520.674983,0.0
2019-03-21,14,0,163,0.0,0.0,0.0,0.0,0.0
2019-03-21,14,0,164,28.98,28.98,0.0,-28460.744,0.0
2019-03-21,14,0,167,9.77,9.77,0.0,285.412109,0.0
2019-03-21,14,0,168,4.88,4.88,0.0,142.559989,0.0
2019-03-21,14,0,169,0.0,0.0,0.0,0.0,0.0
2019-03-21,14,0,170,10.69,10.69,0.0,312.288173,0.0
2019-03-21,14,0,172,12.75,12.75,0.0,359.515394,0.0
2019-03-21,14,0,173,19.43,19.43,0.0,547.873264,0.0
2019-03-21,14,0,188,16.96,16.96,0.0,492.648786,0.0
2019-03-21,14,0,190,15.41,15.41,0.0,459.346497,0.0
2019-03-21,14,0,191,39.81,39.81,0.0,1186.669958,0.0
2019-03-21,14,0,192,0.0,0.0,0.0,0.0,0.0
2019-03-21,14,0,194,0.0,0.0,0.0,0.0,0.0
2019-03-21,14,0,196,10.28,10.28,0.0,311.745708,0.0
2019-03-21,14,0,198,17.81,17.81,0.0,204.91228,0.0
2019-03-21,14,0,199,0.0,0.0,0.0,0.0,0.0
2019-03-21,14,0,200,31.35,31.35,0.0,665.064599,0.0
2019-03-21,14,0,204,8.09,8.09,0.0,38.669704,0.0
2019-03-21,14,0,205,9.9,9.9,0.0,50.054298,0.0
2019-03-21,14,0,206,128.15,128.15,0.0,5713.715156,0.0
2019-03-21,14,0,210,3.82,3.82,0.0,24.792917,0.0
2019-03-21,14,0,214,21.7,21.7,0.0,419.971717,0.0
2019-03-21,14,0,217,14.39,14.39,0.0,198.172543,0.0
2019-03-21,14,0,218,19.86,19.86,0.0,273.502898,0.0
2019-03-21,14,0,219,13.53,13.53,0.0,186.329013,0.0
2019-03-21,14,0,221,11.57,11.57,0.0,223.920404,0.0
2019-03-21,14,0,225,11.31,11.31,0.0,58.936268,0.0
2019-03-21,14,0,233,11.92,11.92,0.0,202.947531,0.0
2019-03-21,14,0,236,14.15,14.15,0.0,154.810467,0.0
2019-03-21,14,0,237,117.14,117.14,0.0,957.285412,0.0
2019-03-21,14,0,238,79.06,79.06,0.0,966.071078,0.0
2019-03-21,14,0,240,18.62,18.62,0.0,132.040027,0.0
2019-03-21,14,0,245,7.72,7.72,0.0,105.459894,0.0
2019-03-21,14,0,247,15.48,15.48,0.0,211.466213,0.0
2019-03-21,14,0,248,11.76,11.76,0.0,96.10446,0.0
2019-03-21,14,0,249,14.84,14.84,0.0,202.723423,0.0
2019-03-21,14,0,251,44.24,44.24,0.0,559.87959,0.0
2019-03-21,14,0,252,34.72,34.72,0.0,448.466137,0.0
2019-03-21,14,0,254,27.34,27.34,0.0,220.379205,0.0
2019-03-21,14,0,255,12.53,12.53,0.0,101.000418,0.0
2019-03-21,14,0,258,23.13,23.13,0.0,166.015013,0.0
2019-03-21,14,0,260,9.95,9.95,0.0,93.148553,0.0
2019-03-21,14,0,265,115.88,115.88,0.0,-683.081331,0.0
2019-03-21,14,0,266,14.52,14.52,0.0,-85.591482,0.0
2019-03-21,14,0,267,17.84,17.84,0.0,-105.161986,0.0
2019-03-21,14,0,270,0.0,0.0,0.0,0.0,0.0
2019-03-21,14,0,272,0.0,0.0,0.0,0.0,0.0
2019-03-21,14,0,273,44.87,44.87,0.0,1380.944067,0.0
2019-03-21,14,0,274,0.0,0.0,0.0,0.0,0.0
2019-03-21,14,0,275,0.0,0.0,0.0,0.0,0.0
2019-03-21,14,0,276,9.74,9.74,0.0,303.7651,0.0
2019-03-21,14,0,277,12.38,12.38,0.0,409.976808,0.0
2019-03-21,14,0,278,19.81,19.81,0.0,656.029125,0.0
2019-03-21,14,0,279,0.0,0.0,0.0,0.0,0.0
2019-03-21,14,0,281,18.81,18.81,0.0,-18472.967379,0.0
2019-03-21,14,0,282,365.87,365.87,0.0,-359314.437793,0.0
2019-03-21,15,0,9,3.7,3.7,0.0,-1431.829592,0.0
2019-03-21,15,0,17,70.11,70.11,0.0,979.688806,0.0
2019-03-21,15,0,19,45.73,45.73,0.0,639.012539,0.0
2019-03-21,15,0,20,55.47,55.47,0.0,775.115362,0.0
2019-03-21,15,0,21,84.62,84.62,0.0,-32746.329758,0.0
2019-03-21,15,0,22,300.73,300.73,0.0,-116376.78738,0.0
2019-03-21,15,0,23,4.82,4.82,0.0,-1865.24828,0.0
2019-03-21,15,0,24,8.52,8.52,0.0,-3297.077872,0.0
2019-03-21,15,0,29,11.63,11.63,0.0,58.134236,0.0
2019-03-21,15,0,30,645.43,645.43,0.0,-645430.0,0.0
2019-03-21,15,0,31,57.57,57.57,0.0,-57570.0,0.0
2019-03-21,15,0,32,7.82,7.82,0.0,245.100957,0.0
2019-03-21,15,0,33,4.08,4.08,0.0,73.790252,0.0
2019-03-21,15,0,34,6.53,6.53,0.0,118.100575,0.0
2019-03-21,15,0,35,6.53,6.53,0.0,118.100575,0.0
2019-03-21,15,0,36,15.83,15.83,0.0,121.771231,0.0
2019-03-21,15,0,37,7.41,7.41,0.0,56.700555,0.0
2019-03-21,15,0,38,9.53,9.53,0.0,72.922576,0.0
2019-03-21,15,0,39,6.35,6.35,0.0,48.589544,0.0
2019-03-21,15,0,40,6.35,6.35,0.0,48.589544,0.0
2019-03-21,15,0,41,33.99,33.99,0.0,-188.909719,0.0
2019-03-21,15,0,42,58.52,58.52,0.0,765.570589,0.0
2019-03-21,15,0,43,48.3,48.3,0.0,396.264579,0.0
2019-03-21,15,0,46,42.09,42.09,0.0,289.597354,0.0
2019-03-21,15,0,52,61.03,61.03,0.0,-61030.0,0.0
2019-03-21,15,0,53,96.95,96.95,0.0,-96950.0,0.0
2019-03-21,15,0,55,218.61,218.61,0.0,-84597.910049,0.0
2019-03-21,15,0,56,190.38,190.38,0.0,-190380.0,0.0
2019-03-21,15,0,57,181.09,181.09,0.0,-181090.0,0.0
2019-03-21,15,0,58,348.25,348.25,0.0,-348250.0,0.0
2019-03-21,15,0,59,342.45,342.45,0.0,-342450.0,0.0
2019-03-21,15,0,63,0.0,0.0,0.0,0.0,0.0
2019-03-21,15,0,64,0.0,0.0,0.0,0.0,0.0
2019-03-21,15,0,65,9.02,9.02,0.0,124.548243,0.0
2019-03-21,15,0,67,289.05,289.05,0.0,9682.9313,0.0
2019-03-21,15,0,68,1.13,1.13,0.0,38.567175,0.0
2019-03-21,15,0,69,4.08,4.08,0.0,73.790252,0.0
2019-03-21,15,0,74,51.81,51.81,0.0,460.143604,0.0
2019-03-21,15,0,77,2.84,2.84,0.0,100.454766,0.0
2019-03-21,15,0,78,2.15,2.15,0.0,76.048503,0.0
2019-03-21,15,0,79,1.24,1.24,0.0,43.860532,0.0
2019-03-21,15,0,80,2.01,2.01,0.0,71.096507,0.0
2019-03-21,15,0,81,2.63,2.63,0.0,93.026773,0.0
2019-03-21,15,0,82,1.86,1.86,0.0,65.790798,0.0
2019-03-21,15,0,83,4.14,4.14,0.0,146.437582,0.0
2019-03-21,15,0,84,0.0,0.0,0.0,0.0,0.0
2019-03-21,15,0,86,20.69,20.69,0.0,374.196155,0.0
2019-03-21,15,0,87,105.61,105.61,0.0,1910.0462,0.0
2019-03-21,15,0,88,1.71,1.71,0.0,60.485088,0.0
2019-03-21,15,0,89,1.64,1.64,0.0,58.00909,0.0
2019-03-21,15,0,90,2.21,2.21,0.0,78.170786,0.0
2019-03-21,15,0,91,7.87,7.87,0.0,278.372891,0.0
2019-03-21,15,0,92,2.83,2.83,0.0,100.101052,0.0
2019-03-21,15,0,95,24.05,24.05,0.0,611.199327,0.0
2019-03-21,15,0,96,4.34,4.34,0.0,198.810396,0.0
2019-03-21,15,0,97,26.68,26.68,0.0,1222.180038,0.0
2019-03-21,15,0,99,10.0,10.0,0.0,88.813666,0.0
2019-03-21,15,0,101,13.0,13.0,0.0,-13000.0,0.0
2019-03-21,15,0,102,2.68,2.68,0.0,91.469052,0.0
2019-03-21,15,0,103,2.33,2.33,0.0,79.523467,0.0
2019-03-21,15,0,104,0.43,0.43,0.0,14.676005,0.0
2019-03-21,15,0,106,296.04,296.04,0.0,-114561.846626,0.0
2019-03-21,15,0,109,2.5,2.5,0.0,14.0202,0.0
2019-03-21,15,0,110,16.24,16.24,0.0,512.641092,0.0
2019-03-21,15,0,111,26.48,26.48,0.0,-147.17062,0.0
2019-03-21,15,0,113,0.0,0.0,0.0,0.0,0.0
2019-03-21,15,0,115,0.0,0.0,0.0,0.0,0.0
2019-03-21,15,0,116,179.97,179.97,0.0,5681.035552,0.0
2019-03-21,15,0,117,0.0,0.0,0.0,0.0,0.0
2019-03-21,15,0,119,0.0,0.0,0.0,0.0,0.0
2019-03-21,15,0,120,0.0,0.0,0.0,0.0,0.0
2019-03-21,15,0,123,4.93,4.93,0.0,-1907.816187,0.0
2019-03-21,15,0,125,7.71,7.71,0.0,-2983.623286,0.0
2019-03-21,15,0,126,222.03,222.03,0.0,-85921.38497,0.0
2019-03-21,15,0,127,284.94,284.94,0.0,-110266.357849,0.0
2019-03-21,15,0,128,11.04,11.04,0.0,-4272.269919,0.0
2019-03-21,15,0,131,3.36,3.36,0.0,115.243924,0.0
2019-03-21,15,0,132,4.95,4.95,0.0,169.778996,0.0
2019-03-21,15,0,133,7.06,7.06,0.0,98.763728,0.0
2019-03-21,15,0,134,0.0,0.0,0.0,0.0,0.0
2019-03-21,15,0,135,9.45,9.45,0.0,132.197908,0.0
2019-03-21,15,0,136,9.86,9.86,0.0,136.057339,0.0
2019-03-21,15,0,139,44.2,44.2,0.0,-245.654886,0.0
2019-03-21,15,0,140,12.02,12.02,0.0,379.430168,0.0
2019-03-21,15,0,141,27.62,27.62,0.0,925.246713,0.0
2019-03-21,15,0,142,381.18,381.18,0.0,12769.208625,0.0
2019-03-21,15,0,143,95.64,95.64,0.0,-95640.0,0.0
2019-03-21,15,0,145,1.12,1.12,0.0,1.846141,0.0
2019-03-21,15,0,146,53.48,53.48,0.0,1688.180149,0.0
2019-03-21,15,0,152,11.72,11.72,0.0,110.611409,0.0
2019-03-21,15,0,153,14.48,14.48,0.0,133.741013,0.0
2019-03-21,15,0,154,109.21,109.21,0.0,-606.96765,0.0
2019-03-21,15,0,157,69.31,69.31,0.0,2321.826564,0.0
2019-03-21,15,0,158,327.87,327.87,0.0,10983.368571,0.0
2019-03-21,15,0,159,0.0,0.0,0.0,0.0,0.0
2019-03-21,15,0,160,3.91,3.91,0.0,38.811039,0.0
2019-03-21,15,0,161,74.53,74.53,0.0,2543.727031,0.0
2019-03-21,15,0,162,12.94,12.94,0.0,328.939362,0.0
2019-03-21,15,0,163,0.0,0.0,0.0,0.0,0.0
2019-03-21,15,0,164,28.25,28.25,0.0,-28250.0,0.0
2019-03-21,15,0,167,8.98,8.98,0.0,226.213195,0.0
2019-03-21,15,0,168,4.49,4.49,0.0,113.106597,0.0
2019-03-21,15,0,169,0.0,0.0,0.0,0.0,0.0
2019-03-21,15,0,170,9.82,9.82,0.0,247.373449,0.0
2019-03-21,15,0,172,11.93,11.93,0.0,336.659313,0.0
2019-03-21,15,0,173,18.18,18.18,0.0,513.031543,0.0
2019-03-21,15,0,188,16.04,16.04,0.0,476.851208,0.0
2019-03-21,15,0,190,14.81,14.81,0.0,450.967537,0.0
2019-03-21,15,0,191,38.26,38.26,0.0,1165.024846,0.0
2019-03-21,15,0,192,0.0,0.0,0.0,0.0,0.0
2019-03-21,15,0,194,0.0,0.0,0.0,0.0,0.0
2019-03-21,15,0,196,9.73,9.73,0.0,302.466704,0.0
2019-03-21,15,0,198,17.08,17.08,0.0,204.350813,0.0
2019-03-21,15,0,199,0.0,0.0,0.0,0.0,0.0
2019-03-21,15,0,200,29.8,29.8,0.0,642.800301,0.0
2019-03-21,15,0,204,10.05,10.05,0.0,53.456524,0.0
2019-03-21,15,0,205,13.23,13.23,0.0,74.194899,0.0
2019-03-21,15,0,206,78.39,78.39,0.0,3590.955516,0.0
2019-03-21,15,0,210,3.62,3.62,0.0,22.572591,0.0
2019-03-21,15,0,214,20.54,20.54,0.0,421.267107,0.0
2019-03-21,15,0,217,13.56,13.56,0.0,194.070974,0.0
2019-03-21,15,0,218,18.71,18.71,0.0,267.777871,0.0
2019-03-21,15,0,219,12.74,12.74,0.0,182.335119,0.0
2019-03-21,15,0,221,10.95,10.95,0.0,224.580079,0.0
2019-03-21,15,0,225,10.43,10.43,0.0,50.890009,0.0
2019-03-21,15,0,233,11.7,11.7,0.0,211.604399,0.0
2019-03-21,15,0,236,23.6,23.6,0.0,277.275507,0.0
2019-03-21,15,0,237,124.28,124.28,0.0,1103.776243,0.0
2019-03-21,15,0,238,76.17,76.17,0.0,996.471493,0.0
2019-03-21,15,0,240,17.95,17.95,0.0,138.079191,0.0
2019-03-21,15,0,245,22.8,22.8,0.0,332.481153,0.0
2019-03-21,15,0,247,42.27,42.27,0.0,616.402558,0.0
2019-03-21,15,0,248,12.48,12.48,0.0,110.839455,0.0
2019-03-21,15,0,249,43.85,43.85,0.0,639.442919,0.0
2019-03-21,15,0,251,77.28,77.28,0.0,1046.073156,0.0
2019-03-21,15,0,252,58.17,58.17,0.0,803.211893,0.0
2019-03-21,15,0,254,26.23,26.23,0.0,226.530452,0.0
2019-03-21,15,0,255,12.02,12.02,0.0,103.808465,0.0
2019-03-21,15,0,258,22.16,22.16,0.0,172.296087,0.0
2019-03-21,15,0,260,9.49,9.49,0.0,94.198659,0.0
2019-03-21,15,0,265,113.07,113.07,0.0,-628.420769,0.0
2019-03-21,15,0,266,28.26,28.26,0.0,-157.063509,0.0
2019-03-21,15,0,267,34.96,34.96,0.0,-194.300788,0.0
2019-03-21,15,0,270,0.0,0.0,0.0,0.0,0.0
2019-03-21,15,0,272,0.0,0.0,0.0,0.0,0.0
2019-03-21,15,0,273,43.04,43.04,0.0,1358.625161,0.0
2019-03-21,15,0,274,0.0,0.0,0.0,0.0,0.0
2019-03-21,15,0,275,0.0,0.0,0.0,0.0,0.0
2019-03-21,15,0,276,9.45,9.45,0.0,302.381815,0.0
2019-03-21,15,0,277,11.93,11.93,0.0,406.098793,0.0
2019-03-21,15,0,278,19.08,19.08,0.0,649.485748,0.0
2019-03-21,15,0,279,0.0,0.0,0.0,0.0,0.0
2019-03-21,15,0,281,25.84,25.84,0.0,-25840.0,0.0
2019-03-21,15,0,282,354.06,354.06,0.0,-354060.0,0.0
2019-03-21,16,0,9,2.76,2.76,0.0,-1068.599202,0.0
2019-03-21,16,0,17,59.77,59.77,0.0,803.158675,0.0
2019-03-21,16,0,19,153.84,153.84,0.0,2067.223198,0.0
2019-03-21,16,0,20,194.17,194.17,0.0,2609.157101,0.0
2019-03-21,16,0,21,63.18,63.18,0.0,-24461.62956,0.0
2019-03-21,16,0,22,224.54,224.54,0.0,-86935.965517,0.0
2019-03-21,16,0,23,3.95,3.95,0.0,-1529.335815,0.0
2019-03-21,16,0,24,7.0,7.0,0.0,-2710.215368,0.0
2019-03-21,16,0,29,9.56,9.56,0.0,51.815316,0.0
2019-03-21,16,0,30,707.38,707.38,0.0,-707380.0,0.0
2019-03-21,16,0,31,76.68,76.68,0.0,-76680.0,0.0
2019-03-21,16,0,32,6.83,6.83,0.0,203.821446,0.0
2019-03-21,16,0,33,3.15,3.15,0.0,55.038615,0.0
2019-03-21,16,0,34,5.05,5.05,0.0,88.23651,0.0
2019-03-21,16,0,35,5.05,5.05,0.0,88.23651,0.0
2019-03-21,16,0,36,10.91,10.91,0.0,79.842177,0.0
2019-03-21,16,0,37,4.96,4.96,0.0,36.139268,0.0
2019-03-21,16,0,38,6.38,6.38,0.0,46.485591,0.0
2019-03-21,16,0,39,4.25,4.25,0.0,30.966107,0.0
2019-03-21,16,0,40,4.25,4.25,0.0,30.966107,0.0
2019-03-21,16,0,41,55.23,55.23,0.0,-326.587712,0.0
2019-03-21,16,0,42,50.23,50.23,0.0,631.030583,0.0
2019-03-21,16,0,43,38.23,38.23,0.0,300.427694,0.0
2019-03-21,16,0,46,35.81,35.81,0.0,233.783276,0.0
2019-03-21,16,0,52,81.29,81.29,0.0,-81290.0,0.0
2019-03-21,16,0,53,129.14,129.14,0.0,-129140.0,0.0
2019-03-21,16,0,55,256.74,256.74,0.0,-99402.956207,0.0
2019-03-21,16,0,56,208.65,208.65,0.0,-208650.0,0.0
2019-03-21,16,0,57,198.47,198.47,0.0,-198470.0,0.0
2019-03-21,16,0,58,381.68,381.68,0.0,-381680.0,0.0
2019-03-21,16,0,59,375.32,375.32,0.0,-375320.0,0.0
2019-03-21,16,0,63,0.0,0.0,0.0,0.0,0.0
2019-03-21,16,0,64,0.0,0.0,0.0,0.0,0.0
2019-03-21,16,0,65,14.15,14.15,0.0,187.841373,0.0
2019-03-21,16,0,67,227.64,227.64,0.0,7574.458726,0.0
2019-03-21,16,0,68,1.03,1.03,0.0,34.903263,0.0
2019-03-21,16,0,69,3.15,3.15,0.0,55.038615,0.0
2019-03-21,16,0,74,34.02,34.02,0.0,286.789744,0.0
2019-03-21,16,0,77,2.09,2.09,0.0,73.376216,0.0
2019-03-21,16,0,78,1.58,1.58,0.0,55.471015,0.0
2019-03-21,16,0,79,0.92,0.92,0.0,32.299578,0.0
2019-03-21,16,0,80,1.48,1.48,0.0,51.960191,0.0
2019-03-21,16,0,81,1.94,1.94,0.0,68.10998,0.0
2019-03-21,16,0,82,1.37,1.37,0.0,48.098285,0.0
2019-03-21,16,0,83,3.05,3.05,0.0,107.080123,0.0
2019-03-21,16,0,84,0.0,0.0,0.0,0.0,0.0
2019-03-21,16,0,86,15.98,15.98,0.0,279.211769,0.0
2019-03-21,16,0,87,81.59,81.59,0.0,1425.5875,0.0
2019-03-21,16,0,88,1.4,1.4,0.0,49.151532,0.0
2019-03-21,16,0,89,1.35,1.35,0.0,47.39612,0.0
2019-03-21,16,0,90,1.81,1.81,0.0,63.545909,0.0
2019-03-21,16,0,91,6.45,6.45,0.0,226.44813,0.0
2019-03-21,16,0,92,2.32,2.32,0.0,81.45111,0.0
2019-03-21,16,0,95,22.69,22.69,0.0,676.499083,0.0
2019-03-21,16,0,96,3.75,3.75,0.0,170.557516,0.0
2019-03-21,16,0,97,23.09,23.09,0.0,1050.179476,0.0
2019-03-21,16,0,99,7.46,7.46,0.0,62.888051,0.0
2019-03-21,16,0,101,14.25,14.25,0.0,-14250.0,0.0
2019-03-21,16,0,102,2.44,2.44,0.0,82.683457,0.0
2019-03-21,16,0,103,2.12,2.12,0.0,71.839725,0.0
2019-03-21,16,0,104,0.39,0.39,0.0,13.215798,0.0
2019-03-21,16,0,106,221.04,221.04,0.0,-85580.857833,0.0
2019-03-21,16,0,109,3.27,3.27,0.0,17.141672,0.0
2019-03-21,16,0,110,37.65,37.65,0.0,1182.105093,0.0
2019-03-21,16,0,111,21.62,21.62,0.0,-127.84404,0.0
2019-03-21,16,0,113,0.0,0.0,0.0,0.0,0.0
2019-03-21,16,0,115,0.0,0.0,0.0,0.0,0.0
2019-03-21,16,0,116,134.16,134.16,0.0,4212.250181,0.0
2019-03-21,16,0,117,0.0,0.0,0.0,0.0,0.0
2019-03-21,16,0,119,0.0,0.0,0.0,0.0,0.0
2019-03-21,16,0,120,0.0,0.0,0.0,0.0,0.0
2019-03-21,16,0,123,3.68,3.68,0.0,-1424.798936,0.0
2019-03-21,16,0,125,6.33,6.33,0.0,-2450.809039,0.0
2019-03-21,16,0,126,165.78,165.78,0.0,-64185.643375,0.0
2019-03-21,16,0,127,212.75,212.75,0.0,-82371.188491,0.0
2019-03-21,16,0,128,9.07,9.07,0.0,-3511.664769,0.0
2019-03-21,16,0,131,1.01,1.01,0.0,34.39083,0.0
2019-03-21,16,0,132,1.48,1.48,0.0,50.394484,0.0
2019-03-21,16,0,133,20.49,20.49,0.0,275.647797,0.0
2019-03-21,16,0,134,0.0,0.0,0.0,0.0,0.0
2019-03-21,16,0,135,26.05,26.05,0.0,350.445345,0.0
2019-03-21,16,0,136,14.12,14.12,0.0,187.317175,0.0
2019-03-21,16,0,139,71.92,71.92,0.0,-425.279527,0.0
2019-03-21,16,0,140,27.87,27.87,0.0,875.040344,0.0
2019-03-21,16,0,141,29.49,29.49,0.0,981.245773,0.0
2019-03-21,16,0,142,300.2,300.2,0.0,9988.809127,0.0
2019-03-21,16,0,143,159.91,159.91,0.0,-159910.0,0.0
2019-03-21,16,0,145,1.35,1.35,0.0,1.775962,0.0
2019-03-21,16,0,146,111.49,111.49,0.0,3500.475348,0.0
2019-03-21,16,0,152,8.42,8.42,0.0,75.724867,0.0
2019-03-21,16,0,153,10.15,10.15,0.0,89.280325,0.0
2019-03-21,16,0,154,89.19,89.19,0.0,-527.401015,0.0
2019-03-21,16,0,157,108.23,108.23,0.0,3601.228554,0.0
2019-03-21,16,0,158,314.93,314.93,0.0,10478.932906,0.0
2019-03-21,16,0,159,0.0,0.0,0.0,0.0,0.0
2019-03-21,16,0,160,3.3,3.3,0.0,31.757085,0.0
2019-03-21,16,0,161,44.86,44.86,0.0,1520.155693,0.0
2019-03-21,16,0,162,9.91,9.91,0.0,295.564924,0.0
2019-03-21,16,0,163,0.0,0.0,0.0,0.0,0.0
2019-03-21,16,0,164,27.07,27.07,0.0,-27070.0,0.0
2019-03-21,16,0,167,7.55,7.55,0.0,225.009736,0.0
2019-03-21,16,0,168,3.78,3.78,0.0,112.653881,0.0
2019-03-21,16,0,169,0.0,0.0,0.0,0.0,0.0
2019-03-21,16,0,170,8.26,8.26,0.0,246.169592,0.0
2019-03-21,16,0,172,10.09,10.09,0.0,290.25443,0.0
2019-03-21,16,0,173,15.38,15.38,0.0,442.429448,0.0
2019-03-21,16,0,188,13.84,13.84,0.0,410.133077,0.0
2019-03-21,16,0,190,12.31,12.31,0.0,374.343428,0.0
2019-03-21,16,0,191,31.81,31.81,0.0,967.33261,0.0
2019-03-21,16,0,192,0.0,0.0,0.0,0.0,0.0
2019-03-21,16,0,194,0.0,0.0,0.0,0.0,0.0
2019-03-21,16,0,196,7.72,7.72,0.0,238.834614,0.0
2019-03-21,16,0,198,14.55,14.55,0.0,171.580155,0.0
2019-03-21,16,0,199,0.0,0.0,0.0,0.0,0.0
2019-03-21,16,0,200,26.07,26.07,0.0,564.266416,0.0
2019-03-21,16,0,204,12.52,12.52,0.0,62.09623,0.0
2019-03-21,16,0,205,17.28,17.28,0.0,90.583515,0.0
2019-03-21,16,0,206,67.85,67.85,0.0,3085.953981,0.0
2019-03-21,16,0,210,3.06,3.06,0.0,20.239468,0.0
2019-03-21,16,0,214,16.9,16.9,0.0,335.472741,0.0
2019-03-21,16,0,217,11.57,11.57,0.0,163.209057,0.0
2019-03-21,16,0,218,15.97,15.97,0.0,225.27646,0.0
2019-03-21,16,0,219,10.88,10.88,0.0,153.47576,0.0
2019-03-21,16,0,221,9.02,9.02,0.0,179.051132,0.0
2019-03-21,16,0,225,8.61,8.61,0.0,45.67334,0.0
2019-03-21,16,0,233,9.04,9.04,0.0,157.95209,0.0
2019-03-21,16,0,236,29.67,29.67,0.0,333.97318,0.0
2019-03-21,16,0,237,77.8,77.8,0.0,655.856616,0.0
2019-03-21,16,0,238,65.37,65.37,0.0,821.231718,0.0
2019-03-21,16,0,240,12.37,12.37,0.0,90.526831,0.0
2019-03-21,16,0,245,52.57,52.57,0.0,737.818559,0.0
2019-03-21,16,0,247,92.19,92.19,0.0,1293.884211,0.0
2019-03-21,16,0,248,9.16,9.16,0.0,77.219108,0.0
2019-03-21,16,0,249,101.1,101.1,0.0,1418.935825,0.0
2019-03-21,16,0,251,124.36,124.36,0.0,1617.705237,0.0
2019-03-21,16,0,252,91.31,91.31,0.0,1212.141041,0.0
2019-03-21,16,0,254,19.31,19.31,0.0,160.298326,0.0
2019-03-21,16,0,255,8.85,8.85,0.0,73.466607,0.0
2019-03-21,16,0,258,15.92,15.92,0.0,117.895535,0.0
2019-03-21,16,0,260,8.03,8.03,0.0,77.275574,0.0
2019-03-21,16,0,265,92.34,92.34,0.0,-546.027691,0.0
2019-03-21,16,0,266,45.86,45.86,0.0,-271.180744,0.0
2019-03-21,16,0,267,56.81,56.81,0.0,-335.930616,0.0
2019-03-21,16,0,270,0.0,0.0,0.0,0.0,0.0
2019-03-21,16,0,272,0.0,0.0,0.0,0.0,0.0
2019-03-21,16,0,273,32.08,32.08,0.0,1007.222613,0.0
2019-03-21,16,0,274,0.0,0.0,0.0,0.0,0.0
2019-03-21,16,0,275,0.0,0.0,0.0,0.0,0.0
2019-03-21,16,0,276,6.93,6.93,0.0,220.486449,0.0
2019-03-21,16,0,277,9.85,9.85,0.0,332.765878,0.0
2019-03-21,16,0,278,15.76,15.76,0.0,532.425404,0.0
2019-03-21,16,0,279,12.0,12.0,0.0,405.400054,0.0
2019-03-21,16,0,281,34.42,34.42,0.0,-34420.0,0.0
2019-03-21,16,0,282,388.04,388.04,0.0,-388040.0,0.0
2019-03-21,17,0,9,2.13,2.13,0.0,-651.410938,0.0
2019-03-21,17,0,17,44.56,44.56,0.0,490.563273,0.0
2019-03-21,17,0,19,136.97,136.97,0.0,1507.909593,0.0
2019-03-21,17,0,20,164.94,164.94,0.0,1815.832725,0.0
2019-03-21,17,0,21,48.76,48.76,0.0,-14912.111434,0.0
2019-03-21,17,0,22,173.29,173.29,0.0,-52996.714323,0.0
2019-03-21,17,0,23,9.89,9.89,0.0,-3024.626376,0.0
2019-03-21,17,0,24,17.59,17.59,0.0,-5379.492209,0.0
2019-03-21,17,0,29,6.95,6.95,0.0,50.172296,0.0
2019-03-21,17,0,30,549.57,549.57,0.0,-435185.519818,0.0
2019-03-21,17,0,31,110.89,110.89,0.0,-87809.964686,0.0
2019-03-21,17,0,32,5.15,5.15,0.0,130.987154,0.0
2019-03-21,17,0,33,2.35,2.35,0.0,32.774848,0.0
2019-03-21,17,0,34,3.76,3.76,0.0,52.439757,0.0
2019-03-21,17,0,35,3.76,3.76,0.0,52.439757,0.0
2019-03-21,17,0,36,8.36,8.36,0.0,55.842169,0.0
2019-03-21,17,0,37,3.8,3.8,0.0,25.378402,0.0
2019-03-21,17,0,38,4.88,4.88,0.0,32.59121,0.0
2019-03-21,17,0,39,3.25,3.25,0.0,21.705212,0.0
2019-03-21,17,0,40,3.25,3.25,0.0,21.705212,0.0
2019-03-21,17,0,41,24.29,24.29,0.0,-88.866208,0.0
2019-03-21,17,0,42,37.99,37.99,0.0,394.042199,0.0
2019-03-21,17,0,43,29.47,29.47,0.0,211.419902,0.0
2019-03-21,17,0,46,27.37,27.37,0.0,167.903706,0.0
2019-03-21,17,0,52,117.54,117.54,0.0,-93075.870225,0.0
2019-03-21,17,0,53,186.73,186.73,0.0,-147865.04379,0.0
2019-03-21,17,0,55,395.81,395.81,0.0,-121049.278644,0.0
2019-03-21,17,0,56,162.1,162.1,0.0,-128361.39666,0.0
2019-03-21,17,0,57,154.19,154.19,0.0,-122097.740599,0.0
2019-03-21,17,0,58,296.53,296.53,0.0,-234811.875087,0.0
2019-03-21,17,0,59,291.59,291.59,0.0,-230900.059544,0.0
2019-03-21,17,0,63,0.0,0.0,0.0,0.0,0.0
2019-03-21,17,0,64,0.0,0.0,0.0,0.0,0.0
2019-03-21,17,0,65,15.86,15.86,0.0,172.727436,0.0
2019-03-21,17,0,67,173.57,173.57,0.0,4867.577353,0.0
2019-03-21,17,0,68,0.75,0.75,0.0,21.3824,0.0
2019-03-21,17,0,69,2.35,2.35,0.0,32.774848,0.0
2019-03-21,17,0,74,28.99,28.99,0.0,212.491645,0.0
2019-03-21,17,0,77,2.94,2.94,0.0,86.549904,0.0
2019-03-21,17,0,78,2.22,2.22,0.0,65.354009,0.0
2019-03-21,17,0,79,1.29,1.29,0.0,37.975978,0.0
2019-03-21,17,0,80,2.08,2.08,0.0,61.232585,0.0
2019-03-21,17,0,81,2.72,2.72,0.0,80.073381,0.0
2019-03-21,17,0,82,1.92,1.92,0.0,56.522387,0.0
2019-03-21,17,0,83,4.28,4.28,0.0,125.99782,0.0
2019-03-21,17,0,84,0.0,0.0,0.0,0.0,0.0
2019-03-21,17,0,86,11.9,11.9,0.0,165.966252,0.0
2019-03-21,17,0,87,60.75,60.75,0.0,847.264688,0.0
2019-03-21,17,0,88,1.82,1.82,0.0,53.578512,0.0
2019-03-21,17,0,89,1.75,1.75,0.0,51.5178,0.0
2019-03-21,17,0,90,2.35,2.35,0.0,69.181046,0.0
2019-03-21,17,0,91,8.38,8.38,0.0,246.696666,0.0
2019-03-21,17,0,92,3.01,3.01,0.0,88.610616,0.0
2019-03-21,17,0,95,15.34,15.34,0.0,389.846057,0.0
2019-03-21,17,0,96,5.07,5.07,0.0,189.247291,0.0
2019-03-21,17,0,97,31.2,31.2,0.0,1164.598716,0.0
2019-03-21,17,0,99,5.9,5.9,0.0,43.245971,0.0
2019-03-21,17,0,101,11.07,11.07,0.0,-8765.951024,0.0
2019-03-21,17,0,102,1.77,1.77,0.0,50.462464,0.0
2019-03-21,17,0,103,1.54,1.54,0.0,43.905194,0.0
2019-03-21,17,0,104,0.29,0.29,0.0,8.267861,0.0
2019-03-21,17,0,106,170.58,170.58,0.0,-52167.92388,0.0
2019-03-21,17,0,109,4.11,4.11,0.0,20.989337,0.0
2019-03-21,17,0,110,40.65,40.65,0.0,1081.977268,0.0
2019-03-21,17,0,111,16.94,16.94,0.0,-61.975857,0.0
2019-03-21,17,0,113,0.98,0.98,0.0,27.20196,0.0
2019-03-21,17,0,115,0.98,0.98,0.0,27.20196,0.0
2019-03-21,17,0,116,101.82,101.82,0.0,2710.133468,0.0
2019-03-21,17,0,117,0.07,0.07,0.0,1.942997,0.0
2019-03-21,17,0,119,0.0,0.0,0.0,0.0,0.0
2019-03-21,17,0,120,0.0,0.0,0.0,0.0,0.0
2019-03-21,17,0,123,2.84,2.84,0.0,-868.547918,0.0
2019-03-21,17,0,125,15.9,15.9,0.0,-4862.645033,0.0
2019-03-21,17,0,126,127.94,127.94,0.0,-39127.472044,0.0
2019-03-21,17,0,127,164.19,164.19,0.0,-50213.691065,0.0
2019-03-21,17,0,128,22.89,22.89,0.0,-7000.373887,0.0
2019-03-21,17,0,131,1.47,1.47,0.0,42.092444,0.0
2019-03-21,17,0,132,2.17,2.17,0.0,62.136464,0.0
2019-03-21,17,0,133,47.09,47.09,0.0,518.94098,0.0
2019-03-21,17,0,134,0.0,0.0,0.0,0.0,0.0
2019-03-21,17,0,135,61.64,61.64,0.0,679.284816,0.0
2019-03-21,17,0,136,16.75,16.75,0.0,182.311438,0.0
2019-03-21,17,0,139,31.37,31.37,0.0,-114.768751,0.0
2019-03-21,17,0,140,30.08,30.08,0.0,800.636562,0.0
2019-03-21,17,0,141,41.7,41.7,0.0,1169.430061,0.0
2019-03-21,17,0,142,228.89,228.89,0.0,6418.965145,0.0
2019-03-21,17,0,143,238.5,238.5,0.0,-188859.920441,0.0
2019-03-21,17,0,145,1.84,1.84,0.0,4.014204,0.0
2019-03-21,17,0,146,95.31,95.31,0.0,2536.857403,0.0
2019-03-21,17,0,152,6.39,6.39,0.0,49.805367,0.0
2019-03-21,17,0,153,7.72,7.72,0.0,59.072896,0.0
2019-03-21,17,0,154,69.89,69.89,0.0,-255.696143,0.0
2019-03-21,17,0,157,109.99,109.99,0.0,3084.547059,0.0
2019-03-21,17,0,158,252.66,252.66,0.0,7085.568324,0.0
2019-03-21,17,0,159,0.0,0.0,0.0,0.0,0.0
2019-03-21,17,0,160,2.52,2.52,0.0,21.800098,0.0
2019-03-21,17,0,161,34.13,34.13,0.0,973.041743,0.0
2019-03-21,17,0,162,6.0,6.0,0.0,152.528061,0.0
2019-03-21,17,0,163,0.0,0.0,0.0,0.0,0.0
2019-03-21,17,0,164,20.99,20.99,0.0,-16621.25673,0.0
2019-03-21,17,0,167,5.75,5.75,0.0,146.075212,0.0
2019-03-21,17,0,168,2.88,2.88,0.0,73.164628,0.0
2019-03-21,17,0,169,0.0,0.0,0.0,0.0,0.0
2019-03-21,17,0,170,6.29,6.29,0.0,159.79358,0.0
2019-03-21,17,0,172,7.72,7.72,0.0,190.039878,0.0
2019-03-21,17,0,173,11.76,11.76,0.0,289.490798,0.0
2019-03-21,17,0,188,10.63,10.63,0.0,268.68484,0.0
2019-03-21,17,0,190,9.36,9.36,0.0,242.105852,0.0
2019-03-21,17,0,191,24.19,24.19,0.0,625.698779,0.0
2019-03-21,17,0,192,0.0,0.0,0.0,0.0,0.0
2019-03-21,17,0,194,0.0,0.0,0.0,0.0,0.0
2019-03-21,17,0,196,5.86,5.86,0.0,153.92497,0.0
2019-03-21,17,0,198,11.09,11.09,0.0,118.2475,0.0
2019-03-21,17,0,199,0.0,0.0,0.0,0.0,0.0
2019-03-21,17,0,200,19.8,19.8,0.0,380.176758,0.0
2019-03-21,17,0,204,15.48,15.48,0.0,75.98452,0.0
2019-03-21,17,0,205,21.76,21.76,0.0,111.126025,0.0
2019-03-21,17,0,206,91.68,91.68,0.0,3422.128535,0.0
2019-03-21,17,0,210,2.27,2.27,0.0,18.245308,0.0
2019-03-21,17,0,214,12.69,12.69,0.0,198.937524,0.0
2019-03-21,17,0,217,8.59,8.59,0.0,106.251423,0.0
2019-03-21,17,0,218,11.86,11.86,0.0,146.698705,0.0
2019-03-21,17,0,219,8.08,8.08,0.0,99.943131,0.0
2019-03-21,17,0,221,6.77,6.77,0.0,106.131366,0.0
2019-03-21,17,0,225,6.34,6.34,0.0,45.267511,0.0
2019-03-21,17,0,233,6.73,6.73,0.0,93.861586,0.0
2019-03-21,17,0,236,34.07,34.07,0.0,321.15109,0.0
2019-03-21,17,0,237,71.63,71.63,0.0,525.035411,0.0
2019-03-21,17,0,238,49.44,49.44,0.0,512.804589,0.0
2019-03-21,17,0,240,9.48,9.48,0.0,63.323417,0.0
2019-03-21,17,0,245,51.29,51.29,0.0,586.96489,0.0
2019-03-21,17,0,247,93.77,93.77,0.0,1073.107775,0.0
2019-03-21,17,0,248,7.29,7.29,0.0,53.434429,0.0
2019-03-21,17,0,249,98.63,98.63,0.0,1128.725817,0.0
2019-03-21,17,0,251,137.51,137.51,0.0,1470.881823,0.0
2019-03-21,17,0,252,102.33,102.33,0.0,1114.45136,0.0
2019-03-21,17,0,254,14.7,14.7,0.0,110.90626,0.0
2019-03-21,17,0,255,6.74,6.74,0.0,50.850898,0.0
2019-03-21,17,0,258,12.24,12.24,0.0,82.736681,0.0
2019-03-21,17,0,260,6.11,6.11,0.0,52.856587,0.0
2019-03-21,17,0,265,72.36,72.36,0.0,-264.732764,0.0
2019-03-21,17,0,266,20.31,20.31,0.0,-74.305175,0.0
2019-03-21,17,0,267,24.96,24.96,0.0,-91.317438,0.0
2019-03-21,17,0,270,0.0,0.0,0.0,0.0,0.0
2019-03-21,17,0,272,3.28,3.28,0.0,91.043294,0.0
2019-03-21,17,0,273,24.35,24.35,0.0,648.121685,0.0
2019-03-21,17,0,274,0.0,0.0,0.0,0.0,0.0
2019-03-21,17,0,275,0.0,0.0,0.0,0.0,0.0
2019-03-21,17,0,276,5.19,5.19,0.0,139.795356,0.0
2019-03-21,17,0,277,7.47,7.47,0.0,212.381803,0.0
2019-03-21,17,0,278,11.95,11.95,0.0,339.754022,0.0
2019-03-21,17,0,279,6.29,6.29,0.0,178.83287,0.0
2019-03-21,17,0,281,49.77,49.77,0.0,-39411.145662,0.0
2019-03-21,17,0,282,301.47,301.47,0.0,-238723.69063,0.0
2019-03-21,18,0,9,1.33,1.33,0.0,19.628588,0.0
2019-03-21,18,0,17,27.55,27.55,0.0,378.716072,0.0
2019-03-21,18,0,19,173.26,173.26,0.0,2381.718572,0.0
2019-03-21,18,0,20,210.98,210.98,0.0,2900.236549,0.0
2019-03-21,18,0,21,30.31,30.31,0.0,447.325191,0.0
2019-03-21,18,0,22,107.72,107.72,0.0,1589.768048,0.0
2019-03-21,18,0,23,32.61,32.61,0.0,481.269365,0.0
2019-03-21,18,0,24,57.87,57.87,0.0,854.064955,0.0
2019-03-21,18,0,29,4.3,4.3,0.0,55.954922,0.0
2019-03-21,18,0,30,353.83,353.83,0.0,5224.303688,0.0
2019-03-21,18,0,31,92.34,92.34,0.0,1363.401076,0.0
2019-03-21,18,0,32,3.23,3.23,0.0,62.825085,0.0
2019-03-21,18,0,33,1.45,1.45,0.0,19.693637,0.0
2019-03-21,18,0,34,2.33,2.33,0.0,31.645638,0.0
2019-03-21,18,0,35,2.33,2.33,0.0,31.645638,0.0
2019-03-21,18,0,36,5.25,5.25,0.0,73.396262,0.0
2019-03-21,18,0,37,2.32,2.32,0.0,32.434025,0.0
2019-03-21,18,0,38,2.98,2.98,0.0,41.660946,0.0
2019-03-21,18,0,39,1.99,1.99,0.0,27.820565,0.0
2019-03-21,18,0,40,1.99,1.99,0.0,27.820565,0.0
2019-03-21,18,0,41,25.31,25.31,0.0,364.815173,0.0
2019-03-21,18,0,42,22.48,22.48,0.0,309.823788,0.0
2019-03-21,18,0,43,17.99,17.99,0.0,250.368678,0.0
2019-03-21,18,0,46,17.29,17.29,0.0,242.899648,0.0
2019-03-21,18,0,52,97.89,97.89,0.0,1445.346884,0.0
2019-03-21,18,0,53,155.55,155.55,0.0,2296.697393,0.0
2019-03-21,18,0,55,431.53,431.53,0.0,6368.665109,0.0
2019-03-21,18,0,56,104.37,104.37,0.0,1541.024153,0.0
2019-03-21,18,0,57,99.28,99.28,0.0,1465.870249,0.0
2019-03-21,18,0,58,190.92,190.92,0.0,2818.935817,0.0
2019-03-21,18,0,59,187.73,187.73,0.0,2771.835433,0.0
2019-03-21,18,0,63,0.0,0.0,0.0,0.0,0.0
2019-03-21,18,0,64,0.0,0.0,0.0,0.0,0.0
2019-03-21,18,0,65,17.79,17.79,0.0,244.668202,0.0
2019-03-21,18,0,67,110.17,110.17,0.0,1813.043404,0.0
2019-03-21,18,0,68,0.62,0.62,0.0,9.860445,0.0
2019-03-21,18,0,69,1.45,1.45,0.0,19.693637,0.0
2019-03-21,18,0,74,20.02,20.02,0.0,279.154245,0.0
2019-03-21,18,0,77,4.64,4.64,0.0,71.458671,0.0
2019-03-21,18,0,78,3.5,3.5,0.0,53.902015,0.0
2019-03-21,18,0,79,2.03,2.03,0.0,31.263169,0.0
2019-03-21,18,0,80,3.28,3.28,0.0,50.513888,0.0
2019-03-21,18,0,81,4.29,4.29,0.0,66.06847,0.0
2019-03-21,18,0,82,3.02,3.02,0.0,46.509739,0.0
2019-03-21,18,0,83,6.75,6.75,0.0,103.953886,0.0
2019-03-21,18,0,84,0.0,0.0,0.0,0.0,0.0
2019-03-21,18,0,86,7.37,7.37,0.0,100.098005,0.0
2019-03-21,18,0,87,37.62,37.62,0.0,510.948024,0.0
2019-03-21,18,0,88,2.58,2.58,0.0,39.733485,0.0
2019-03-21,18,0,89,2.48,2.48,0.0,38.193428,0.0
2019-03-21,18,0,90,3.33,3.33,0.0,51.283917,0.0
2019-03-21,18,0,91,11.86,11.86,0.0,182.650828,0.0
2019-03-21,18,0,92,4.27,4.27,0.0,65.760458,0.0
2019-03-21,18,0,95,10.05,10.05,0.0,195.430087,0.0
2019-03-21,18,0,96,6.73,6.73,0.0,99.415461,0.0
2019-03-21,18,0,97,41.41,41.41,0.0,611.707908,0.0
2019-03-21,18,0,99,3.86,3.86,0.0,53.822946,0.0
2019-03-21,18,0,101,7.13,7.13,0.0,105.274525,0.0
2019-03-21,18,0,102,1.48,1.48,0.0,23.537837,0.0
2019-03-21,18,0,103,1.28,1.28,0.0,20.357048,0.0
2019-03-21,18,0,104,0.24,0.24,0.0,3.816947,0.0
2019-03-21,18,0,106,106.04,106.04,0.0,1564.974042,0.0
2019-03-21,18,0,109,5.36,5.36,0.0,75.997948,0.0
2019-03-21,18,0,110,46.23,46.23,0.0,839.062379,0.0
2019-03-21,18,0,111,11.17,11.17,0.0,161.002982,0.0
2019-03-21,18,0,113,1.33,1.33,0.0,20.521354,0.0
2019-03-21,18,0,115,1.33,1.33,0.0,20.521354,0.0
2019-03-21,18,0,116,63.6,63.6,0.0,1154.323325,0.0
2019-03-21,18,0,117,0.09,0.09,0.0,1.388663,0.0
2019-03-21,18,0,119,0.0,0.0,0.0,0.0,0.0
2019-03-21,18,0,120,0.0,0.0,0.0,0.0,0.0
2019-03-21,18,0,123,1.77,1.77,0.0,26.122256,0.0
2019-03-21,18,0,125,52.33,52.33,0.0,772.303768,0.0
2019-03-21,18,0,126,79.53,79.53,0.0,1173.730531,0.0
2019-03-21,18,0,127,102.06,102.06,0.0,1506.235861,0.0
2019-03-21,18,0,128,75.15,75.15,0.0,1109.089016,0.0
2019-03-21,18,0,131,2.53,2.53,0.0,39.863436,0.0
2019-03-21,18,0,132,3.72,3.72,0.0,58.613431,0.0
2019-03-21,18,0,133,62.77,62.77,0.0,862.828583,0.0
2019-03-21,18,0,134,0.0,0.0,0.0,0.0,0.0
2019-03-21,18,0,135,84.11,84.11,0.0,1156.165558,0.0
2019-03-21,18,0,136,20.11,20.11,0.0,276.582786,0.0
2019-03-21,18,0,139,32.69,32.69,0.0,471.18957,0.0
2019-03-21,18,0,140,34.21,34.21,0.0,620.902531,0.0
2019-03-21,18,0,141,64.38,64.38,0.0,1059.487468,0.0
2019-03-21,18,0,142,145.28,145.28,0.0,2390.840934,0.0
2019-03-21,18,0,143,176.17,176.17,0.0,2601.151911,0.0
2019-03-21,18,0,145,2.47,2.47,0.0,35.932197,0.0
2019-03-21,18,0,146,88.63,88.63,0.0,1608.611262,0.0
2019-03-21,18,0,152,3.96,3.96,0.0,55.171627,0.0
2019-03-21,18,0,153,4.77,4.77,0.0,66.496512,0.0
2019-03-21,18,0,154,46.09,46.09,0.0,664.335493,0.0
2019-03-21,18,0,157,123.98,123.98,0.0,2040.31153,0.0
2019-03-21,18,0,158,163.4,163.4,0.0,2689.03778,0.0
2019-03-21,18,0,159,0.0,0.0,0.0,0.0,0.0
2019-03-21,18,0,160,1.56,1.56,0.0,21.418042,0.0
2019-03-21,18,0,161,21.56,21.56,0.0,342.889033,0.0
2019-03-21,18,0,162,3.38,3.38,0.0,65.719942,0.0
2019-03-21,18,0,163,4.71,4.71,0.0,85.485265,0.0
2019-03-21,18,0,164,13.82,13.82,0.0,204.052446,0.0
2019-03-21,18,0,167,3.64,3.64,0.0,70.79971,0.0
2019-03-21,18,0,168,1.82,1.82,0.0,35.399855,0.0
2019-03-21,18,0,169,0.0,0.0,0.0,0.0,0.0
2019-03-21,18,0,170,3.99,3.99,0.0,77.607374,0.0
2019-03-21,18,0,172,4.84,4.84,0.0,95.057933,0.0
2019-03-21,18,0,173,7.37,7.37,0.0,144.747307,0.0
2019-03-21,18,0,188,6.68,6.68,0.0,129.74717,0.0
2019-03-21,18,0,190,5.74,5.74,0.0,110.6582,0.0
2019-03-21,18,0,191,14.83,14.83,0.0,285.899148,0.0
2019-03-21,18,0,192,0.0,0.0,0.0,0.0,0.0
2019-03-21,18,0,194,0.0,0.0,0.0,0.0,0.0
2019-03-21,18,0,196,3.66,3.66,0.0,68.828121,0.0
2019-03-21,18,0,198,7.0,7.0,0.0,93.730889,0.0
2019-03-21,18,0,199,0.0,0.0,0.0,0.0,0.0
2019-03-21,18,0,200,12.22,12.22,0.0,161.204699,0.0
2019-03-21,18,0,204,19.88,19.88,0.0,282.367853,0.0
2019-03-21,18,0,205,28.37,28.37,0.0,402.250335,0.0
2019-03-21,18,0,206,121.67,121.67,0.0,1797.307443,0.0
2019-03-21,18,0,210,1.41,1.41,0.0,18.314343,0.0
2019-03-21,18,0,214,7.93,7.93,0.0,106.93221,0.0
2019-03-21,18,0,217,5.31,5.31,0.0,70.44332,0.0
2019-03-21,18,0,218,7.33,7.33,0.0,97.240967,0.0
2019-03-21,18,0,219,4.99,4.99,0.0,66.198148,0.0
2019-03-21,18,0,221,4.23,4.23,0.0,57.039502,0.0
2019-03-21,18,0,225,3.93,3.93,0.0,51.149258,0.0
2019-03-21,18,0,233,4.17,4.17,0.0,56.636185,0.0
2019-03-21,18,0,236,39.39,39.39,0.0,545.024245,0.0
2019-03-21,18,0,237,48.02,48.02,0.0,669.579763,0.0
2019-03-21,18,0,238,29.26,29.26,0.0,403.267084,0.0
2019-03-21,18,0,240,5.95,5.95,0.0,83.18243,0.0
2019-03-21,18,0,245,50.69,50.69,0.0,695.574018,0.0
2019-03-21,18,0,247,96.2,96.2,0.0,1320.06748,0.0
2019-03-21,18,0,248,4.82,4.82,0.0,67.208964,0.0
2019-03-21,18,0,249,97.49,97.49,0.0,1337.769008,0.0
2019-03-21,18,0,251,152.02,152.02,0.0,2092.406066,0.0
2019-03-21,18,0,252,114.74,114.74,0.0,1578.034258,0.0
2019-03-21,18,0,254,9.35,9.35,0.0,129.684781,0.0
2019-03-21,18,0,255,4.28,4.28,0.0,59.363729,0.0
2019-03-21,18,0,258,7.79,7.79,0.0,108.826636,0.0
2019-03-21,18,0,260,3.8,3.8,0.0,52.172152,0.0
2019-03-21,18,0,265,47.72,47.72,0.0,687.830109,0.0
2019-03-21,18,0,266,21.17,21.17,0.0,305.141731,0.0
2019-03-21,18,0,267,26.01,26.01,0.0,374.904886,0.0
2019-03-21,18,0,270,14.69,14.69,0.0,266.619648,0.0
2019-03-21,18,0,272,4.44,4.44,0.0,68.507376,0.0
2019-03-21,18,0,273,15.21,15.21,0.0,276.057512,0.0
2019-03-21,18,0,274,18.94,18.94,0.0,343.756034,0.0
2019-03-21,18,0,275,26.37,26.37,0.0,478.608586,0.0
2019-03-21,18,0,276,3.25,3.25,0.0,57.758142,0.0
2019-03-21,18,0,277,4.7,4.7,0.0,72.464399,0.0
2019-03-21,18,0,278,7.52,7.52,0.0,115.943039,0.0
2019-03-21,18,0,279,8.64,8.64,0.0,133.211151,0.0
2019-03-21,18,0,281,41.41,41.41,0.0,611.419087,0.0
2019-03-21,18,0,282,194.1,194.1,0.0,2865.888551,0.0
2019-03-21,19,0,9,0.66,0.66,0.0,12.750665,0.0
2019-03-21,19,0,17,5.63,5.63,0.0,77.269626,0.0
2019-03-21,19,0,19,357.49,357.49,0.0,4906.415401,0.0
2019-03-21,19,0,20,434.52,434.52,0.0,5963.623095,0.0
2019-03-21,19,0,21,15.07,15.07,0.0,291.14018,0.0
2019-03-21,19,0,22,53.56,53.56,0.0,1034.735769,0.0
2019-03-21,19,0,23,58.03,58.03,0.0,1121.092544,0.0
2019-03-21,19,0,24,102.68,102.68,0.0,1983.694338,0.0
2019-03-21,19,0,29,0.7,0.7,0.0,8.593644,0.0
2019-03-21,19,0,30,161.37,161.37,0.0,2406.588947,0.0
2019-03-21,19,0,31,37.5,37.5,0.0,559.255658,0.0
2019-03-21,19,0,32,0.7,0.7,0.0,15.679025,0.0
2019-03-21,19,0,33,0.36,0.36,0.0,4.685989,0.0
2019-03-21,19,0,34,0.57,0.57,0.0,7.419483,0.0
2019-03-21,19,0,35,0.57,0.57,0.0,7.419483,0.0
2019-03-21,19,0,36,1.58,1.58,0.0,23.377334,0.0
2019-03-21,19,0,37,0.71,0.71,0.0,10.512339,0.0
2019-03-21,19,0,38,0.92,0.92,0.0,13.621622,0.0
2019-03-21,19,0,39,0.61,0.61,0.0,9.031728,0.0
2019-03-21,19,0,40,0.61,0.61,0.0,9.031728,0.0
2019-03-21,19,0,41,26.3,26.3,0.0,432.417217,0.0
2019-03-21,19,0,42,7.56,7.56,0.0,104.918356,0.0
2019-03-21,19,0,43,4.89,4.89,0.0,71.392905,0.0
2019-03-21,19,0,46,4.56,4.56,0.0,68.737636,0.0
2019-03-21,19,0,52,39.75,39.75,0.0,592.810997,0.0
2019-03-21,19,0,53,63.15,63.15,0.0,941.786528,0.0
2019-03-21,19,0,55,186.9,186.9,0.0,3610.756445,0.0
2019-03-21,19,0,56,47.6,47.6,0.0,709.881848,0.0
2019-03-21,19,0,57,45.28,45.28,0.0,675.282565,0.0
2019-03-21,19,0,58,87.07,87.07,0.0,1298.51707,0.0
2019-03-21,19,0,59,85.62,85.62,0.0,1276.892518,0.0
2019-03-21,19,0,63,0.0,0.0,0.0,0.0,0.0
2019-03-21,19,0,64,0.0,0.0,0.0,0.0,0.0
2019-03-21,19,0,65,19.98,19.98,0.0,274.787559,0.0
2019-03-21,19,0,67,77.81,77.81,0.0,1602.949614,0.0
2019-03-21,19,0,68,1.28,1.28,0.0,26.051775,0.0
2019-03-21,19,0,69,0.36,0.36,0.0,4.685989,0.0
2019-03-21,19,0,74,22.34,22.34,0.0,325.357299,0.0
2019-03-21,19,0,77,7.43,7.43,0.0,148.467276,0.0
2019-03-21,19,0,78,5.62,5.62,0.0,112.299609,0.0
2019-03-21,19,0,79,3.25,3.25,0.0,64.941944,0.0
2019-03-21,19,0,80,5.26,5.26,0.0,105.106039,0.0
2019-03-21,19,0,81,6.87,6.87,0.0,137.27728,0.0
2019-03-21,19,0,82,4.85,4.85,0.0,96.913363,0.0
2019-03-21,19,0,83,10.81,10.81,0.0,216.006898,0.0
2019-03-21,19,0,84,0.0,0.0,0.0,0.0,0.0
2019-03-21,19,0,86,1.82,1.82,0.0,23.690278,0.0
2019-03-21,19,0,87,9.28,9.28,0.0,120.794385,0.0
2019-03-21,19,0,88,3.75,3.75,0.0,74.933013,0.0
2019-03-21,19,0,89,3.6,3.6,0.0,71.935692,0.0
2019-03-21,19,0,90,4.84,4.84,0.0,96.713542,0.0
2019-03-21,19,0,91,17.26,17.26,0.0,344.89168,0.0
2019-03-21,19,0,92,6.21,6.21,0.0,124.089069,0.0
2019-03-21,19,0,95,6.2,6.2,0.0,139.064367,0.0
2019-03-21,19,0,96,8.78,8.78,0.0,154.387669,0.0
2019-03-21,19,0,97,53.98,53.98,0.0,949.185233,0.0
2019-03-21,19,0,99,4.31,4.31,0.0,62.770365,0.0
2019-03-21,19,0,101,3.25,3.25,0.0,48.468824,0.0
2019-03-21,19,0,102,3.65,3.65,0.0,74.288265,0.0
2019-03-21,19,0,103,3.06,3.06,0.0,62.280025,0.0
2019-03-21,19,0,104,0.44,0.44,0.0,8.955298,0.0
2019-03-21,19,0,106,52.72,52.72,0.0,1018.50765,0.0
2019-03-21,19,0,109,7.05,7.05,0.0,109.513206,0.0
2019-03-21,19,0,110,54.55,54.55,0.0,1165.180864,0.0
2019-03-21,19,0,111,3.92,3.92,0.0,64.45154,0.0
2019-03-21,19,0,113,1.87,1.87,0.0,38.282192,0.0
2019-03-21,19,0,115,1.87,1.87,0.0,38.282192,0.0
2019-03-21,19,0,116,20.77,20.77,0.0,443.644483,0.0
2019-03-21,19,0,117,0.12,0.12,0.0,2.456611,0.0
2019-03-21,19,0,119,0.0,0.0,0.0,0.0,0.0
2019-03-21,19,0,120,0.0,0.0,0.0,0.0,0.0
2019-03-21,19,0,123,0.88,0.88,0.0,17.000886,0.0
2019-03-21,19,0,125,92.92,92.92,0.0,1795.139052,0.0
2019-03-21,19,0,126,39.54,39.54,0.0,763.880737,0.0
2019-03-21,19,0,127,50.74,50.74,0.0,980.255655,0.0
2019-03-21,19,0,128,133.08,133.08,0.0,2570.997687,0.0
2019-03-21,19,0,131,4.37,4.37,0.0,88.653103,0.0
2019-03-21,19,0,132,6.42,6.42,0.0,130.240943,0.0
2019-03-21,19,0,133,66.55,66.55,0.0,913.194899,0.0
2019-03-21,19,0,134,0.0,0.0,0.0,0.0,0.0
2019-03-21,19,0,135,90.18,90.18,0.0,1237.444268,0.0
2019-03-21,19,0,136,24.28,24.28,0.0,333.964021,0.0
2019-03-21,19,0,139,33.97,33.97,0.0,558.525204,0.0
2019-03-21,19,0,140,40.37,40.37,0.0,862.297919,0.0
2019-03-21,19,0,141,100.82,100.82,0.0,2076.974426,0.0
2019-03-21,19,0,142,102.61,102.61,0.0,2113.849889,0.0
2019-03-21,19,0,143,71.55,71.55,0.0,1067.059795,0.0
2019-03-21,19,0,145,3.21,3.21,0.0,54.33647,0.0
2019-03-21,19,0,146,90.72,90.72,0.0,1937.767332,0.0
2019-03-21,19,0,152,1.29,1.29,0.0,18.741782,0.0
2019-03-21,19,0,153,1.5,1.5,0.0,21.847079,0.0
2019-03-21,19,0,154,16.18,16.18,0.0,266.027018,0.0
2019-03-21,19,0,157,152.3,152.3,0.0,3137.504514,0.0
2019-03-21,19,0,158,83.83,83.83,0.0,1726.966536,0.0
2019-03-21,19,0,159,0.0,0.0,0.0,0.0,0.0
2019-03-21,19,0,160,0.39,0.39,0.0,5.446682,0.0
2019-03-21,19,0,161,9.0,9.0,0.0,183.176543,0.0
2019-03-21,19,0,162,0.0,0.0,0.0,0.0,0.0
2019-03-21,19,0,163,6.95,6.95,0.0,148.451091,0.0
2019-03-21,19,0,164,6.28,6.28,0.0,93.656681,0.0
2019-03-21,19,0,167,0.78,0.78,0.0,17.502601,0.0
2019-03-21,19,0,168,0.39,0.39,0.0,8.7513,0.0
2019-03-21,19,0,169,0.0,0.0,0.0,0.0,0.0
2019-03-21,19,0,170,0.86,0.86,0.0,19.297739,0.0
2019-03-21,19,0,172,1.03,1.03,0.0,24.151144,0.0
2019-03-21,19,0,173,1.57,1.57,0.0,36.812908,0.0
2019-03-21,19,0,188,1.47,1.47,0.0,33.20704,0.0
2019-03-21,19,0,190,1.68,1.68,0.0,36.839628,0.0
2019-03-21,19,0,191,4.35,4.35,0.0,95.388324,0.0
2019-03-21,19,0,192,0.0,0.0,0.0,0.0,0.0
2019-03-21,19,0,194,0.0,0.0,0.0,0.0,0.0
2019-03-21,19,0,196,1.18,1.18,0.0,25.482729,0.0
2019-03-21,19,0,198,1.5,1.5,0.0,19.332359,0.0
2019-03-21,19,0,199,0.0,0.0,0.0,0.0,0.0
2019-03-21,19,0,200,2.64,2.64,0.0,34.355139,0.0
2019-03-21,19,0,204,26.0,26.0,0.0,406.468967,0.0
2019-03-21,19,0,205,37.29,37.29,0.0,579.254958,0.0
2019-03-21,19,0,206,158.63,158.63,0.0,2789.352604,0.0
2019-03-21,19,0,210,0.25,0.25,0.0,3.033189,0.0
2019-03-21,19,0,214,1.61,1.61,0.0,20.282778,0.0
2019-03-21,19,0,217,0.93,0.93,0.0,11.520748,0.0
2019-03-21,19,0,218,1.29,1.29,0.0,15.980392,0.0
2019-03-21,19,0,219,0.88,0.88,0.0,10.901353,0.0
2019-03-21,19,0,221,0.86,0.86,0.0,10.834279,0.0
2019-03-21,19,0,225,0.66,0.66,0.0,8.111749,0.0
2019-03-21,19,0,233,1.03,1.03,0.0,13.407135,0.0
2019-03-21,19,0,236,46.07,46.07,0.0,650.204183,0.0
2019-03-21,19,0,237,53.59,53.59,0.0,780.478857,0.0
2019-03-21,19,0,238,9.84,9.84,0.0,136.5604,0.0
2019-03-21,19,0,240,1.79,1.79,0.0,26.484448,0.0
2019-03-21,19,0,245,50.61,50.61,0.0,689.297548,0.0
2019-03-21,19,0,247,99.77,99.77,0.0,1358.8464,0.0
2019-03-21,19,0,248,5.38,5.38,0.0,78.353727,0.0
2019-03-21,19,0,249,97.33,97.33,0.0,1325.614114,0.0
2019-03-21,19,0,251,168.53,168.53,0.0,2325.703366,0.0
2019-03-21,19,0,252,128.9,128.9,0.0,1772.778594,0.0
2019-03-21,19,0,254,2.48,2.48,0.0,35.812941,0.0
2019-03-21,19,0,255,1.13,1.13,0.0,16.317993,0.0
2019-03-21,19,0,258,2.26,2.26,0.0,33.366922,0.0
2019-03-21,19,0,260,0.95,0.95,0.0,13.267559,0.0
2019-03-21,19,0,265,16.75,16.75,0.0,275.398798,0.0
2019-03-21,19,0,266,21.99,21.99,0.0,361.553407,0.0
2019-03-21,19,0,267,27.03,27.03,0.0,444.419672,0.0
2019-03-21,19,0,270,21.72,21.72,0.0,463.936359,0.0
2019-03-21,19,0,272,6.25,6.25,0.0,127.948502,0.0
2019-03-21,19,0,273,4.97,4.97,0.0,106.15855,0.0
2019-03-21,19,0,274,27.99,27.99,0.0,597.862738,0.0
2019-03-21,19,0,275,38.97,38.97,0.0,832.394102,0.0
2019-03-21,19,0,276,0.96,0.96,0.0,20.342773,0.0
2019-03-21,19,0,277,1.27,1.27,0.0,25.749837,0.0
2019-03-21,19,0,278,2.04,2.04,0.0,41.361943,0.0
2019-03-21,19,0,279,12.81,12.81,0.0,259.728673,0.0
2019-03-21,19,0,281,16.83,16.83,0.0,250.993939,0.0
2019-03-21,19,0,282,88.52,88.52,0.0,1320.141622,0.0
2019-03-21,20,0,9,0.0,0.0,0.0,0.0,0.0
2019-03-21,20,0,17,0.0,0.0,0.0,0.0,0.0
2019-03-21,20,0,19,287.12,287.12,0.0,4539.956182,0.0
2019-03-21,20,0,20,348.22,348.22,0.0,5506.072519,0.0
2019-03-21,20,0,21,0.0,0.0,0.0,0.0,0.0
2019-03-21,20,0,22,0.0,0.0,0.0,0.0,0.0
2019-03-21,20,0,23,56.49,56.49,0.0,990.007694,0.0
2019-03-21,20,0,24,99.94,99.94,0.0,1751.484668,0.0
2019-03-21,20,0,29,0.0,0.0,0.0,0.0,0.0
2019-03-21,20,0,30,0.0,0.0,0.0,0.0,0.0
2019-03-21,20,0,31,37.5,37.5,0.0,657.750579,0.0
2019-03-21,20,0,32,0.0,0.0,0.0,0.0,0.0
2019-03-21,20,0,33,0.0,0.0,0.0,0.0,0.0
2019-03-21,20,0,34,0.0,0.0,0.0,0.0,0.0
2019-03-21,20,0,35,0.0,0.0,0.0,0.0,0.0
2019-03-21,20,0,36,0.0,0.0,0.0,0.0,0.0
2019-03-21,20,0,37,0.0,0.0,0.0,0.0,0.0
2019-03-21,20,0,38,0.0,0.0,0.0,0.0,0.0
2019-03-21,20,0,39,0.0,0.0,0.0,0.0,0.0
2019-03-21,20,0,40,0.0,0.0,0.0,0.0,0.0
2019-03-21,20,0,41,43.25,43.25,0.0,726.967935,0.0
2019-03-21,20,0,42,0.0,0.0,0.0,0.0,0.0
2019-03-21,20,0,43,0.0,0.0,0.0,0.0,0.0
2019-03-21,20,0,46,0.0,0.0,0.0,0.0,0.0
2019-03-21,20,0,52,39.75,39.75,0.0,697.215614,0.0
2019-03-21,20,0,53,63.15,63.15,0.0,1107.651975,0.0
2019-03-21,20,0,55,186.9,186.9,0.0,3275.490139,0.0
2019-03-21,20,0,56,0.0,0.0,0.0,0.0,0.0
2019-03-21,20,0,57,0.0,0.0,0.0,0.0,0.0
2019-03-21,20,0,58,0.0,0.0,0.0,0.0,0.0
2019-03-21,20,0,59,0.0,0.0,0.0,0.0,0.0
2019-03-21,20,0,63,3.58,3.58,0.0,72.714702,0.0
2019-03-21,20,0,64,4.21,4.21,0.0,85.510865,0.0
2019-03-21,20,0,65,17.39,17.39,0.0,275.044317,0.0
2019-03-21,20,0,67,0.0,0.0,0.0,0.0,0.0
2019-03-21,20,0,68,1.48,1.48,0.0,28.3917,0.0
2019-03-21,20,0,69,0.0,0.0,0.0,0.0,0.0
2019-03-21,20,0,74,21.26,21.26,0.0,339.519378,0.0
2019-03-21,20,0,77,14.93,14.93,0.0,282.836122,0.0
2019-03-21,20,0,78,11.34,11.34,0.0,214.826633,0.0
2019-03-21,20,0,79,6.6,6.6,0.0,125.031374,0.0
2019-03-21,20,0,80,10.62,10.62,0.0,201.186847,0.0
2019-03-21,20,0,81,13.83,13.83,0.0,261.99756,0.0
2019-03-21,20,0,82,9.8,9.8,0.0,185.652646,0.0
2019-03-21,20,0,83,21.56,21.56,0.0,408.435821,0.0
2019-03-21,20,0,84,0.0,0.0,0.0,0.0,0.0
2019-03-21,20,0,86,0.0,0.0,0.0,0.0,0.0
2019-03-21,20,0,87,0.0,0.0,0.0,0.0,0.0
2019-03-21,20,0,88,12.28,12.28,0.0,232.634132,0.0
2019-03-21,20,0,89,11.81,11.81,0.0,223.730382,0.0
2019-03-21,20,0,90,15.84,15.84,0.0,300.075297,0.0
2019-03-21,20,0,91,56.4,56.4,0.0,1068.44992,0.0
2019-03-21,20,0,92,20.31,20.31,0.0,384.755636,0.0
2019-03-21,20,0,95,4.75,4.75,0.0,98.340799,0.0
2019-03-21,20,0,96,9.55,9.55,0.0,167.6534,0.0
2019-03-21,20,0,97,68.95,68.95,0.0,1210.439991,0.0
2019-03-21,20,0,99,4.1,4.1,0.0,65.476456,0.0
2019-03-21,20,0,101,0.0,0.0,0.0,0.0,0.0
2019-03-21,20,0,102,3.49,3.49,0.0,66.950698,0.0
2019-03-21,20,0,103,3.04,3.04,0.0,58.318086,0.0
2019-03-21,20,0,104,0.56,0.56,0.0,10.742805,0.0
2019-03-21,20,0,106,0.0,0.0,0.0,0.0,0.0
2019-03-21,20,0,109,9.35,9.35,0.0,151.672405,0.0
2019-03-21,20,0,110,62.76,62.76,0.0,1248.118597,0.0
2019-03-21,20,0,111,0.0,0.0,0.0,0.0,0.0
2019-03-21,20,0,113,3.97,3.97,0.0,76.310012,0.0
2019-03-21,20,0,115,3.97,3.97,0.0,76.310012,0.0
2019-03-21,20,0,116,0.0,0.0,0.0,0.0,0.0
2019-03-21,20,0,117,0.26,0.26,0.0,4.997633,0.0
2019-03-21,20,0,119,4.21,4.21,0.0,85.510865,0.0
2019-03-21,20,0,120,2.47,2.47,0.0,50.169082,0.0
2019-03-21,20,0,123,0.0,0.0,0.0,0.0,0.0
2019-03-21,20,0,125,90.44,90.44,0.0,1584.99373,0.0
2019-03-21,20,0,126,0.0,0.0,0.0,0.0,0.0
2019-03-21,20,0,127,0.0,0.0,0.0,0.0,0.0
2019-03-21,20,0,128,129.53,129.53,0.0,2270.060127,0.0
2019-03-21,20,0,131,5.66,5.66,0.0,108.31726,0.0
2019-03-21,20,0,132,8.32,8.32,0.0,159.222545,0.0
2019-03-21,20,0,133,37.17,37.17,0.0,587.719299,0.0
2019-03-21,20,0,134,0.0,0.0,0.0,0.0,0.0
2019-03-21,20,0,135,49.53,49.53,0.0,783.151383,0.0
2019-03-21,20,0,136,21.47,21.47,0.0,339.579484,0.0
2019-03-21,20,0,139,57.89,57.89,0.0,973.04448,0.0
2019-03-21,20,0,140,46.45,46.45,0.0,923.758904,0.0
2019-03-21,20,0,141,100.96,100.96,0.0,1954.260423,0.0
2019-03-21,20,0,142,0.0,0.0,0.0,0.0,0.0
2019-03-21,20,0,143,71.55,71.55,0.0,1254.988104,0.0
2019-03-21,20,0,145,4.18,4.18,0.0,71.275375,0.0
2019-03-21,20,0,146,88.6,88.6,0.0,1762.00299,0.0
2019-03-21,20,0,152,0.0,0.0,0.0,0.0,0.0
2019-03-21,20,0,153,0.0,0.0,0.0,0.0,0.0
2019-03-21,20,0,154,0.0,0.0,0.0,0.0,0.0
2019-03-21,20,0,157,125.66,125.66,0.0,2432.372868,0.0
2019-03-21,20,0,158,0.0,0.0,0.0,0.0,0.0
2019-03-21,20,0,159,0.0,0.0,0.0,0.0,0.0
2019-03-21,20,0,160,0.0,0.0,0.0,0.0,0.0
2019-03-21,20,0,161,0.0,0.0,0.0,0.0,0.0
2019-03-21,20,0,162,0.0,0.0,0.0,0.0,0.0
2019-03-21,20,0,163,13.01,13.01,0.0,258.732042,0.0
2019-03-21,20,0,164,0.17,0.17,0.0,2.981803,0.0
2019-03-21,20,0,167,0.0,0.0,0.0,0.0,0.0
2019-03-21,20,0,168,0.0,0.0,0.0,0.0,0.0
2019-03-21,20,0,169,0.0,0.0,0.0,0.0,0.0
2019-03-21,20,0,170,0.0,0.0,0.0,0.0,0.0
2019-03-21,20,0,172,0.0,0.0,0.0,0.0,0.0
2019-03-21,20,0,173,0.0,0.0,0.0,0.0,0.0
2019-03-21,20,0,188,0.0,0.0,0.0,0.0,0.0
2019-03-21,20,0,190,0.0,0.0,0.0,0.0,0.0
2019-03-21,20,0,191,0.0,0.0,0.0,0.0,0.0
2019-03-21,20,0,192,18.11,18.11,0.0,367.838897,0.0
2019-03-21,20,0,194,9.39,9.39,0.0,181.712191,0.0
2019-03-21,20,0,196,0.0,0.0,0.0,0.0,0.0
2019-03-21,20,0,198,0.0,0.0,0.0,0.0,0.0
2019-03-21,20,0,199,0.0,0.0,0.0,0.0,0.0
2019-03-21,20,0,200,0.0,0.0,0.0,0.0,0.0
2019-03-21,20,0,204,67.08,67.08,0.0,1090.617312,0.0
2019-03-21,20,0,205,49.44,49.44,0.0,801.998259,0.0
2019-03-21,20,0,206,261.19,261.19,0.0,4585.276596,0.0
2019-03-21,20,0,210,0.0,0.0,0.0,0.0,0.0
2019-03-21,20,0,214,0.0,0.0,0.0,0.0,0.0
2019-03-21,20,0,217,0.0,0.0,0.0,0.0,0.0
2019-03-21,20,0,218,0.0,0.0,0.0,0.0,0.0
2019-03-21,20,0,219,0.0,0.0,0.0,0.0,0.0
2019-03-21,20,0,221,0.0,0.0,0.0,0.0,0.0
2019-03-21,20,0,225,0.0,0.0,0.0,0.0,0.0
2019-03-21,20,0,233,0.0,0.0,0.0,0.0,0.0
2019-03-21,20,0,236,47.14,47.14,0.0,747.817406,0.0
2019-03-21,20,0,237,51.0,51.0,0.0,814.46323,0.0
2019-03-21,20,0,238,0.0,0.0,0.0,0.0,0.0
2019-03-21,20,0,240,0.0,0.0,0.0,0.0,0.0
2019-03-21,20,0,245,72.91,72.91,0.0,1151.735125,0.0
2019-03-21,20,0,247,71.45,71.45,0.0,1128.671988,0.0
2019-03-21,20,0,248,5.12,5.12,0.0,81.76572,0.0
2019-03-21,20,0,249,140.15,140.15,0.0,2213.903137,0.0
2019-03-21,20,0,251,158.41,158.41,0.0,2506.537653,0.0
2019-03-21,20,0,252,112.15,112.15,0.0,1773.790693,0.0
2019-03-21,20,0,254,0.0,0.0,0.0,0.0,0.0
2019-03-21,20,0,255,0.0,0.0,0.0,0.0,0.0
2019-03-21,20,0,258,0.0,0.0,0.0,0.0,0.0
2019-03-21,20,0,260,0.0,0.0,0.0,0.0,0.0
2019-03-21,20,0,265,0.0,0.0,0.0,0.0,0.0
2019-03-21,20,0,266,35.28,35.28,0.0,593.004133,0.0
2019-03-21,20,0,267,44.62,44.62,0.0,749.99559,0.0
2019-03-21,20,0,270,40.61,40.61,0.0,807.617849,0.0
2019-03-21,20,0,272,13.27,13.27,0.0,255.0715,0.0
2019-03-21,20,0,273,0.0,0.0,0.0,0.0,0.0
2019-03-21,20,0,274,52.36,52.36,0.0,1041.292061,0.0
2019-03-21,20,0,275,72.88,72.88,0.0,1449.376726,0.0
2019-03-21,20,0,276,0.0,0.0,0.0,0.0,0.0
2019-03-21,20,0,277,0.0,0.0,0.0,0.0,0.0
2019-03-21,20,0,278,0.0,0.0,0.0,0.0,0.0
2019-03-21,20,0,279,61.57,61.57,0.0,1176.627576,0.0
2019-03-21,20,0,281,16.83,16.83,0.0,295.19846,0.0
2019-03-21,20,0,282,0.0,0.0,0.0,0.0,0.0
2019-03-21,21,0,9,0.0,0.0,0.0,0.0,0.0
2019-03-21,21,0,17,0.0,0.0,0.0,0.0,0.0
2019-03-21,21,0,19,217.73,217.73,0.0,3227.701325,0.0
2019-03-21,21,0,20,264.07,264.07,0.0,3914.660768,0.0
2019-03-21,21,0,21,0.0,0.0,0.0,0.0,0.0
2019-03-21,21,0,22,0.0,0.0,0.0,0.0,0.0
2019-03-21,21,0,23,56.71,56.71,0.0,628.64608,0.0
2019-03-21,21,0,24,100.34,100.34,0.0,1112.296732,0.0
2019-03-21,21,0,29,0.0,0.0,0.0,0.0,0.0
2019-03-21,21,0,30,0.0,0.0,0.0,0.0,0.0
2019-03-21,21,0,31,37.5,37.5,0.0,415.043372,0.0
2019-03-21,21,0,32,0.0,0.0,0.0,0.0,0.0
2019-03-21,21,0,33,0.0,0.0,0.0,0.0,0.0
2019-03-21,21,0,34,0.0,0.0,0.0,0.0,0.0
2019-03-21,21,0,35,0.0,0.0,0.0,0.0,0.0
2019-03-21,21,0,36,0.0,0.0,0.0,0.0,0.0
2019-03-21,21,0,37,0.0,0.0,0.0,0.0,0.0
2019-03-21,21,0,38,0.0,0.0,0.0,0.0,0.0
2019-03-21,21,0,39,0.0,0.0,0.0,0.0,0.0
2019-03-21,21,0,40,0.0,0.0,0.0,0.0,0.0
2019-03-21,21,0,41,75.88,75.88,0.0,915.950503,0.0
2019-03-21,21,0,42,0.0,0.0,0.0,0.0,0.0
2019-03-21,21,0,43,0.0,0.0,0.0,0.0,0.0
2019-03-21,21,0,46,0.0,0.0,0.0,0.0,0.0
2019-03-21,21,0,52,39.75,39.75,0.0,439.945974,0.0
2019-03-21,21,0,53,63.15,63.15,0.0,698.933038,0.0
2019-03-21,21,0,55,178.03,178.03,0.0,1973.511932,0.0
2019-03-21,21,0,56,0.0,0.0,0.0,0.0,0.0
2019-03-21,21,0,57,0.0,0.0,0.0,0.0,0.0
2019-03-21,21,0,58,0.0,0.0,0.0,0.0,0.0
2019-03-21,21,0,59,0.0,0.0,0.0,0.0,0.0
2019-03-21,21,0,63,15.1,15.1,0.0,228.760597,0.0
2019-03-21,21,0,64,17.76,17.76,0.0,269.058822,0.0
2019-03-21,21,0,65,15.01,15.01,0.0,221.918088,0.0
2019-03-21,21,0,67,0.0,0.0,0.0,0.0,0.0
2019-03-21,21,0,68,2.11,2.11,0.0,21.134622,0.0
2019-03-21,21,0,69,0.0,0.0,0.0,0.0,0.0
2019-03-21,21,0,74,20.44,20.44,0.0,280.367592,0.0
2019-03-21,21,0,77,42.75,42.75,0.0,402.88031,0.0
2019-03-21,21,0,78,32.38,32.38,0.0,305.152384,0.0
2019-03-21,21,0,79,18.78,18.78,0.0,176.984613,0.0
2019-03-21,21,0,80,30.31,30.31,0.0,285.644496,0.0
2019-03-21,21,0,81,39.57,39.57,0.0,372.911669,0.0
2019-03-21,21,0,82,27.97,27.97,0.0,263.5921,0.0
2019-03-21,21,0,83,61.97,61.97,0.0,584.011528,0.0
2019-03-21,21,0,84,0.0,0.0,0.0,0.0,0.0
2019-03-21,21,0,86,0.0,0.0,0.0,0.0,0.0
2019-03-21,21,0,87,0.0,0.0,0.0,0.0,0.0
2019-03-21,21,0,88,36.22,36.22,0.0,341.340932,0.0
2019-03-21,21,0,89,34.82,34.82,0.0,328.14719,0.0
2019-03-21,21,0,90,46.75,46.75,0.0,440.576713,0.0
2019-03-21,21,0,91,166.77,166.77,0.0,1571.657293,0.0
2019-03-21,21,0,92,59.98,59.98,0.0,565.257567,0.0
2019-03-21,21,0,95,5.72,5.72,0.0,85.937814,0.0
2019-03-21,21,0,96,9.49,9.49,0.0,104.860533,0.0
2019-03-21,21,0,97,58.37,58.37,0.0,644.964099,0.0
2019-03-21,21,0,99,3.95,3.95,0.0,54.180626,0.0
2019-03-21,21,0,101,0.0,0.0,0.0,0.0,0.0
2019-03-21,21,0,102,5.0,5.0,0.0,50.082042,0.0
2019-03-21,21,0,103,4.35,4.35,0.0,43.571376,0.0
2019-03-21,21,0,104,0.81,0.81,0.0,8.113291,0.0
2019-03-21,21,0,106,0.0,0.0,0.0,0.0,0.0
2019-03-21,21,0,109,17.1,17.1,0.0,214.339179,0.0
2019-03-21,21,0,110,73.9,73.9,0.0,993.983233,0.0
2019-03-21,21,0,111,0.0,0.0,0.0,0.0,0.0
2019-03-21,21,0,113,14.35,14.35,0.0,127.51295,0.0
2019-03-21,21,0,115,14.35,14.35,0.0,127.51295,0.0
2019-03-21,21,0,116,0.0,0.0,0.0,0.0,0.0
2019-03-21,21,0,117,0.97,0.97,0.0,8.619342,0.0
2019-03-21,21,0,119,17.76,17.76,0.0,269.058822,0.0
2019-03-21,21,0,120,10.45,10.45,0.0,158.314453,0.0
2019-03-21,21,0,123,0.0,0.0,0.0,0.0,0.0
2019-03-21,21,0,125,90.8,90.8,0.0,1006.543186,0.0
2019-03-21,21,0,126,0.0,0.0,0.0,0.0,0.0
2019-03-21,21,0,127,0.0,0.0,0.0,0.0,0.0
2019-03-21,21,0,128,130.05,130.05,0.0,1441.640323,0.0
2019-03-21,21,0,131,7.35,7.35,0.0,71.961266,0.0
2019-03-21,21,0,132,10.81,10.81,0.0,105.836909,0.0
2019-03-21,21,0,133,23.63,23.63,0.0,350.387179,0.0
2019-03-21,21,0,134,0.0,0.0,0.0,0.0,0.0
2019-03-21,21,0,135,30.72,30.72,0.0,455.518161,0.0
2019-03-21,21,0,136,18.94,18.94,0.0,279.980668,0.0
2019-03-21,21,0,139,99.95,99.95,0.0,1206.500431,0.0
2019-03-21,21,0,140,54.69,54.69,0.0,735.601394,0.0
2019-03-21,21,0,141,103.66,103.66,0.0,1125.927142,0.0
2019-03-21,21,0,142,0.0,0.0,0.0,0.0,0.0
2019-03-21,21,0,143,71.55,71.55,0.0,791.902753,0.0
2019-03-21,21,0,145,5.54,5.54,0.0,64.339603,0.0
2019-03-21,21,0,146,91.63,91.63,0.0,1232.458507,0.0
2019-03-21,21,0,152,0.0,0.0,0.0,0.0,0.0
2019-03-21,21,0,153,0.0,0.0,0.0,0.0,0.0
2019-03-21,21,0,154,0.0,0.0,0.0,0.0,0.0
2019-03-21,21,0,157,103.97,103.97,0.0,1129.294279,0.0
2019-03-21,21,0,158,0.0,0.0,0.0,0.0,0.0
2019-03-21,21,0,159,0.0,0.0,0.0,0.0,0.0
2019-03-21,21,0,160,0.0,0.0,0.0,0.0,0.0
2019-03-21,21,0,161,0.0,0.0,0.0,0.0,0.0
2019-03-21,21,0,162,0.0,0.0,0.0,0.0,0.0
2019-03-21,21,0,163,28.05,28.05,0.0,377.283216,0.0
2019-03-21,21,0,164,0.0,0.0,0.0,0.0,0.0
2019-03-21,21,0,167,0.0,0.0,0.0,0.0,0.0
2019-03-21,21,0,168,0.0,0.0,0.0,0.0,0.0
2019-03-21,21,0,169,0.0,0.0,0.0,0.0,0.0
2019-03-21,21,0,170,0.0,0.0,0.0,0.0,0.0
2019-03-21,21,0,172,0.0,0.0,0.0,0.0,0.0
2019-03-21,21,0,173,0.0,0.0,0.0,0.0,0.0
2019-03-21,21,0,188,0.0,0.0,0.0,0.0,0.0
2019-03-21,21,0,190,0.0,0.0,0.0,0.0,0.0
2019-03-21,21,0,191,0.0,0.0,0.0,0.0,0.0
2019-03-21,21,0,192,44.68,44.68,0.0,676.888973,0.0
2019-03-21,21,0,194,25.04,25.04,0.0,194.174385,0.0
2019-03-21,21,0,196,0.0,0.0,0.0,0.0,0.0
2019-03-21,21,0,198,0.0,0.0,0.0,0.0,0.0
2019-03-21,21,0,199,0.0,0.0,0.0,0.0,0.0
2019-03-21,21,0,200,0.0,0.0,0.0,0.0,0.0
2019-03-21,21,0,204,169.63,169.63,0.0,2108.66893,0.0
2019-03-21,21,0,205,79.36,79.36,0.0,994.734341,0.0
2019-03-21,21,0,206,171.53,171.53,0.0,1895.334794,0.0
2019-03-21,21,0,210,0.0,0.0,0.0,0.0,0.0
2019-03-21,21,0,214,0.0,0.0,0.0,0.0,0.0
2019-03-21,21,0,217,0.0,0.0,0.0,0.0,0.0
2019-03-21,21,0,218,0.0,0.0,0.0,0.0,0.0
2019-03-21,21,0,219,0.0,0.0,0.0,0.0,0.0
2019-03-21,21,0,221,0.0,0.0,0.0,0.0,0.0
2019-03-21,21,0,225,0.0,0.0,0.0,0.0,0.0
2019-03-21,21,0,233,0.0,0.0,0.0,0.0,0.0
2019-03-21,21,0,236,48.45,48.45,0.0,691.599015,0.0
2019-03-21,21,0,237,49.04,49.04,0.0,672.662755,0.0
2019-03-21,21,0,238,0.0,0.0,0.0,0.0,0.0
2019-03-21,21,0,240,0.0,0.0,0.0,0.0,0.0
2019-03-21,21,0,245,97.79,97.79,0.0,1463.928383,0.0
2019-03-21,21,0,247,48.84,48.84,0.0,731.140835,0.0
2019-03-21,21,0,248,4.92,4.92,0.0,67.485741,0.0
2019-03-21,21,0,249,188.05,188.05,0.0,2815.131736,0.0
2019-03-21,21,0,251,149.06,149.06,0.0,2194.101924,0.0
2019-03-21,21,0,252,96.81,96.81,0.0,1431.305138,0.0
2019-03-21,21,0,254,0.0,0.0,0.0,0.0,0.0
2019-03-21,21,0,255,0.0,0.0,0.0,0.0,0.0
2019-03-21,21,0,258,0.0,0.0,0.0,0.0,0.0
2019-03-21,21,0,260,0.0,0.0,0.0,0.0,0.0
2019-03-21,21,0,265,0.0,0.0,0.0,0.0,0.0
2019-03-21,21,0,266,62.6,62.6,0.0,755.647094,0.0
2019-03-21,21,0,267,78.14,78.14,0.0,943.231053,0.0
2019-03-21,21,0,270,87.59,87.59,0.0,1178.118964,0.0
2019-03-21,21,0,272,47.93,47.93,0.0,425.902138,0.0
2019-03-21,21,0,273,0.0,0.0,0.0,0.0,0.0
2019-03-21,21,0,274,112.91,112.91,0.0,1518.682637,0.0
2019-03-21,21,0,275,157.18,157.18,0.0,2114.13105,0.0
2019-03-21,21,0,276,0.0,0.0,0.0,0.0,0.0
2019-03-21,21,0,277,0.0,0.0,0.0,0.0,0.0
2019-03-21,21,0,278,0.0,0.0,0.0,0.0,0.0
2019-03-21,21,0,279,114.13,114.13,0.0,1038.775341,0.0
2019-03-21,21,0,281,16.83,16.83,0.0,186.271465,0.0
2019-03-21,21,0,282,0.0,0.0,0.0,0.0,0.0
2019-03-21,22,0,9,0.0,0.0,0.0,0.0,0.0
2019-03-21,22,0,17,0.0,0.0,0.0,0.0,0.0
2019-03-21,22,0,19,164.52,164.52,0.0,2269.941342,0.0
2019-03-21,22,0,20,199.53,199.53,0.0,2752.986846,0.0
2019-03-21,22,0,21,0.0,0.0,0.0,0.0,0.0
2019-03-21,22,0,22,0.0,0.0,0.0,0.0,0.0
2019-03-21,22,0,23,58.57,58.57,0.0,548.145374,0.0
2019-03-21,22,0,24,103.63,103.63,0.0,969.853254,0.0
2019-03-21,22,0,29,0.0,0.0,0.0,0.0,0.0
2019-03-21,22,0,30,0.0,0.0,0.0,0.0,0.0
2019-03-21,22,0,31,37.5,37.5,0.0,350.127676,0.0
2019-03-21,22,0,32,0.0,0.0,0.0,0.0,0.0
2019-03-21,22,0,33,0.0,0.0,0.0,0.0,0.0
2019-03-21,22,0,34,0.0,0.0,0.0,0.0,0.0
2019-03-21,22,0,35,0.0,0.0,0.0,0.0,0.0
2019-03-21,22,0,36,0.0,0.0,0.0,0.0,0.0
2019-03-21,22,0,37,0.0,0.0,0.0,0.0,0.0
2019-03-21,22,0,38,0.0,0.0,0.0,0.0,0.0
2019-03-21,22,0,39,0.0,0.0,0.0,0.0,0.0
2019-03-21,22,0,40,0.0,0.0,0.0,0.0,0.0
2019-03-21,22,0,41,76.14,76.14,0.0,805.773117,0.0
2019-03-21,22,0,42,0.0,0.0,0.0,0.0,0.0
2019-03-21,22,0,43,0.0,0.0,0.0,0.0,0.0
2019-03-21,22,0,46,0.0,0.0,0.0,0.0,0.0
2019-03-21,22,0,52,39.75,39.75,0.0,371.135336,0.0
2019-03-21,22,0,53,63.15,63.15,0.0,589.615006,0.0
2019-03-21,22,0,55,289.95,289.95,0.0,2713.586326,0.0
2019-03-21,22,0,56,0.0,0.0,0.0,0.0,0.0
2019-03-21,22,0,57,0.0,0.0,0.0,0.0,0.0
2019-03-21,22,0,58,0.0,0.0,0.0,0.0,0.0
2019-03-21,22,0,59,0.0,0.0,0.0,0.0,0.0
2019-03-21,22,0,63,40.81,40.81,0.0,694.909176,0.0
2019-03-21,22,0,64,48.01,48.01,0.0,817.510158,0.0
2019-03-21,22,0,65,12.9,12.9,0.0,177.415391,0.0
2019-03-21,22,0,67,0.0,0.0,0.0,0.0,0.0
2019-03-21,22,0,68,3.01,3.01,0.0,18.938296,0.0
2019-03-21,22,0,69,0.0,0.0,0.0,0.0,0.0
2019-03-21,22,0,74,19.75,19.75,0.0,247.929155,0.0
2019-03-21,22,0,77,67.69,67.69,0.0,490.98538,0.0
2019-03-21,22,0,78,51.17,51.17,0.0,371.158545,0.0
2019-03-21,22,0,79,29.61,29.61,0.0,214.77437,0.0
2019-03-21,22,0,80,47.89,47.89,0.0,347.36726,0.0
2019-03-21,22,0,81,62.61,62.61,0.0,454.137903,0.0
2019-03-21,22,0,82,44.17,44.17,0.0,320.384462,0.0
2019-03-21,22,0,83,98.49,98.49,0.0,714.391344,0.0
2019-03-21,22,0,84,0.0,0.0,0.0,0.0,0.0
2019-03-21,22,0,86,0.0,0.0,0.0,0.0,0.0
2019-03-21,22,0,87,0.0,0.0,0.0,0.0,0.0
2019-03-21,22,0,88,56.78,56.78,0.0,411.850345,0.0
2019-03-21,22,0,89,54.58,54.58,0.0,395.892777,0.0
2019-03-21,22,0,90,73.29,73.29,0.0,531.604646,0.0
2019-03-21,22,0,91,261.43,261.43,0.0,1896.266921,0.0
2019-03-21,22,0,92,94.02,94.02,0.0,681.968466,0.0
2019-03-21,22,0,95,9.45,9.45,0.0,151.504866,0.0
2019-03-21,22,0,96,10.31,10.31,0.0,96.023968,0.0
2019-03-21,22,0,97,63.39,63.39,0.0,590.393726,0.0
2019-03-21,22,0,99,3.81,3.81,0.0,47.828358,0.0
2019-03-21,22,0,101,0.0,0.0,0.0,0.0,0.0
2019-03-21,22,0,102,7.12,7.12,0.0,44.797565,0.0
2019-03-21,22,0,103,6.19,6.19,0.0,38.946197,0.0
2019-03-21,22,0,104,1.15,1.15,0.0,7.235562,0.0
2019-03-21,22,0,106,0.0,0.0,0.0,0.0,0.0
2019-03-21,22,0,109,45.14,45.14,0.0,505.968755,0.0
2019-03-21,22,0,110,88.32,88.32,0.0,202.156742,0.0
2019-03-21,22,0,111,0.0,0.0,0.0,0.0,0.0
2019-03-21,22,0,113,45.08,45.08,0.0,315.112036,0.0
2019-03-21,22,0,115,45.08,45.08,0.0,315.112036,0.0
2019-03-21,22,0,116,0.0,0.0,0.0,0.0,0.0
2019-03-21,22,0,117,3.01,3.01,0.0,21.040089,0.0
2019-03-21,22,0,119,48.01,48.01,0.0,817.510158,0.0
2019-03-21,22,0,120,28.23,28.23,0.0,480.698016,0.0
2019-03-21,22,0,123,0.0,0.0,0.0,0.0,0.0
2019-03-21,22,0,125,93.77,93.77,0.0,877.575409,0.0
2019-03-21,22,0,126,0.0,0.0,0.0,0.0,0.0
2019-03-21,22,0,127,0.0,0.0,0.0,0.0,0.0
2019-03-21,22,0,128,134.31,134.31,0.0,1256.981478,0.0
2019-03-21,22,0,131,9.45,9.45,0.0,61.944319,0.0
2019-03-21,22,0,132,13.89,13.89,0.0,91.048316,0.0
2019-03-21,22,0,133,25.86,25.86,0.0,356.907433,0.0
2019-03-21,22,0,134,0.0,0.0,0.0,0.0,0.0
2019-03-21,22,0,135,34.65,34.65,0.0,478.222837,0.0
2019-03-21,22,0,136,16.65,16.65,0.0,228.949206,0.0
2019-03-21,22,0,139,98.32,98.32,0.0,1040.499249,0.0
2019-03-21,22,0,140,65.37,65.37,0.0,149.626202,0.0
2019-03-21,22,0,141,110.99,110.99,0.0,588.960024,0.0
2019-03-21,22,0,142,0.0,0.0,0.0,0.0,0.0
2019-03-21,22,0,143,71.55,71.55,0.0,668.043605,0.0
2019-03-21,22,0,145,17.86,17.86,0.0,179.190073,0.0
2019-03-21,22,0,146,99.88,99.88,0.0,228.616569,0.0
2019-03-21,22,0,152,0.0,0.0,0.0,0.0,0.0
2019-03-21,22,0,153,0.0,0.0,0.0,0.0,0.0
2019-03-21,22,0,154,0.0,0.0,0.0,0.0,0.0
2019-03-21,22,0,157,85.85,85.85,0.0,455.556519,0.0
2019-03-21,22,0,158,0.0,0.0,0.0,0.0,0.0
2019-03-21,22,0,159,0.0,0.0,0.0,0.0,0.0
2019-03-21,22,0,160,0.0,0.0,0.0,0.0,0.0
2019-03-21,22,0,161,0.0,0.0,0.0,0.0,0.0
2019-03-21,22,0,162,5.1,5.1,0.0,81.83394,0.0
2019-03-21,22,0,163,56.51,56.51,0.0,129.346439,0.0
2019-03-21,22,0,164,0.0,0.0,0.0,0.0,0.0
2019-03-21,22,0,167,0.0,0.0,0.0,0.0,0.0
2019-03-21,22,0,168,0.0,0.0,0.0,0.0,0.0
2019-03-21,22,0,169,0.0,0.0,0.0,0.0,0.0
2019-03-21,22,0,170,0.0,0.0,0.0,0.0,0.0
2019-03-21,22,0,172,0.0,0.0,0.0,0.0,0.0
2019-03-21,22,0,173,0.0,0.0,0.0,0.0,0.0
2019-03-21,22,0,188,0.0,0.0,0.0,0.0,0.0
2019-03-21,22,0,190,0.0,0.0,0.0,0.0,0.0
2019-03-21,22,0,191,0.0,0.0,0.0,0.0,0.0
2019-03-21,22,0,192,92.0,92.0,0.0,1566.568101,0.0
2019-03-21,22,0,194,53.57,53.57,0.0,400.585541,0.0
2019-03-21,22,0,196,0.0,0.0,0.0,0.0,0.0
2019-03-21,22,0,198,0.0,0.0,0.0,0.0,0.0
2019-03-21,22,0,199,4.56,4.56,0.0,42.231071,0.0
2019-03-21,22,0,200,0.0,0.0,0.0,0.0,0.0
2019-03-21,22,0,204,233.79,233.79,0.0,2592.312223,0.0
2019-03-21,22,0,205,224.57,224.57,0.0,2517.177745,0.0
2019-03-21,22,0,206,186.28,186.28,0.0,1734.950989,0.0
2019-03-21,22,0,210,0.0,0.0,0.0,0.0,0.0
2019-03-21,22,0,214,0.0,0.0,0.0,0.0,0.0
2019-03-21,22,0,217,0.0,0.0,0.0,0.0,0.0
2019-03-21,22,0,218,0.0,0.0,0.0,0.0,0.0
2019-03-21,22,0,219,0.0,0.0,0.0,0.0,0.0
2019-03-21,22,0,221,0.0,0.0,0.0,0.0,0.0
2019-03-21,22,0,225,0.0,0.0,0.0,0.0,0.0
2019-03-21,22,0,233,0.0,0.0,0.0,0.0,0.0
2019-03-21,22,0,236,49.82,49.82,0.0,656.890728,0.0
2019-03-21,22,0,237,47.37,47.37,0.0,594.65337,0.0
2019-03-21,22,0,238,0.0,0.0,0.0,0.0,0.0
2019-03-21,22,0,240,0.0,0.0,0.0,0.0,0.0
2019-03-21,22,0,245,72.55,72.55,0.0,1012.797531,0.0
2019-03-21,22,0,247,31.8,31.8,0.0,443.927795,0.0
2019-03-21,22,0,248,4.76,4.76,0.0,59.754065,0.0
2019-03-21,22,0,249,139.52,139.52,0.0,1947.698299,0.0
2019-03-21,22,0,251,290.71,290.71,0.0,3977.06331,0.0
2019-03-21,22,0,252,83.24,83.24,0.0,1144.810629,0.0
2019-03-21,22,0,254,0.0,0.0,0.0,0.0,0.0
2019-03-21,22,0,255,0.0,0.0,0.0,0.0,0.0
2019-03-21,22,0,258,0.0,0.0,0.0,0.0,0.0
2019-03-21,22,0,260,0.0,0.0,0.0,0.0,0.0
2019-03-21,22,0,265,0.0,0.0,0.0,0.0,0.0
2019-03-21,22,0,266,63.67,63.67,0.0,673.805809,0.0
2019-03-21,22,0,267,78.24,78.24,0.0,827.996961,0.0
2019-03-21,22,0,270,176.49,176.49,0.0,403.970146,0.0
2019-03-21,22,0,272,150.68,150.68,0.0,1053.26268,0.0
2019-03-21,22,0,273,0.0,0.0,0.0,0.0,0.0
2019-03-21,22,0,274,227.52,227.52,0.0,520.773345,0.0
2019-03-21,22,0,275,316.71,316.71,0.0,724.92144,0.0
2019-03-21,22,0,276,0.0,0.0,0.0,0.0,0.0
2019-03-21,22,0,277,0.0,0.0,0.0,0.0,0.0
2019-03-21,22,0,278,0.0,0.0,0.0,0.0,0.0
2019-03-21,22,0,279,79.37,79.37,0.0,563.182153,0.0
2019-03-21,22,0,281,16.83,16.83,0.0,157.137301,0.0
2019-03-21,22,0,282,0.0,0.0,0.0,0.0,0.0
2019-03-21,23,0,9,0.0,0.0,0.0,0.0,0.0
2019-03-21,23,0,17,0.0,0.0,0.0,0.0,0.0
2019-03-21,23,0,19,139.05,139.05,0.0,1394.032095,0.0
2019-03-21,23,0,20,168.64,168.64,0.0,1690.683728,0.0
2019-03-21,23,0,21,0.0,0.0,0.0,0.0,0.0
2019-03-21,23,0,22,0.0,0.0,0.0,0.0,0.0
2019-03-21,23,0,23,54.41,54.41,0.0,508.753974,0.0
2019-03-21,23,0,24,96.26,96.26,0.0,900.067222,0.0
2019-03-21,23,0,29,0.0,0.0,0.0,0.0,0.0
2019-03-21,23,0,30,0.0,0.0,0.0,0.0,0.0
2019-03-21,23,0,31,37.5,37.5,0.0,350.478587,0.0
2019-03-21,23,0,32,0.0,0.0,0.0,0.0,0.0
2019-03-21,23,0,33,0.0,0.0,0.0,0.0,0.0
2019-03-21,23,0,34,0.0,0.0,0.0,0.0,0.0
2019-03-21,23,0,35,0.0,0.0,0.0,0.0,0.0
2019-03-21,23,0,36,0.0,0.0,0.0,0.0,0.0
2019-03-21,23,0,37,0.0,0.0,0.0,0.0,0.0
2019-03-21,23,0,38,0.0,0.0,0.0,0.0,0.0
2019-03-21,23,0,39,0.0,0.0,0.0,0.0,0.0
2019-03-21,23,0,40,0.0,0.0,0.0,0.0,0.0
2019-03-21,23,0,41,76.02,76.02,0.0,727.765443,0.0
2019-03-21,23,0,42,0.0,0.0,0.0,0.0,0.0
2019-03-21,23,0,43,0.0,0.0,0.0,0.0,0.0
2019-03-21,23,0,46,0.0,0.0,0.0,0.0,0.0
2019-03-21,23,0,52,39.75,39.75,0.0,371.507302,0.0
2019-03-21,23,0,53,63.15,63.15,0.0,590.20594,0.0
2019-03-21,23,0,55,437.79,437.79,0.0,4093.501237,0.0
2019-03-21,23,0,56,0.0,0.0,0.0,0.0,0.0
2019-03-21,23,0,57,0.0,0.0,0.0,0.0,0.0
2019-03-21,23,0,58,0.0,0.0,0.0,0.0,0.0
2019-03-21,23,0,59,0.0,0.0,0.0,0.0,0.0
2019-03-21,23,0,63,43.29,43.29,0.0,542.270052,0.0
2019-03-21,23,0,64,50.93,50.93,0.0,637.972135,0.0
2019-03-21,23,0,65,9.54,9.54,0.0,95.596689,0.0
2019-03-21,23,0,67,0.0,0.0,0.0,0.0,0.0
2019-03-21,23,0,68,2.98,2.98,0.0,23.198754,0.0
2019-03-21,23,0,69,0.0,0.0,0.0,0.0,0.0
2019-03-21,23,0,74,17.88,17.88,0.0,176.739909,0.0
2019-03-21,23,0,77,64.18,64.18,0.0,573.696758,0.0
2019-03-21,23,0,78,48.52,48.52,0.0,433.714034,0.0
2019-03-21,23,0,79,28.08,28.08,0.0,251.003505,0.0
2019-03-21,23,0,80,45.41,45.41,0.0,405.914144,0.0
2019-03-21,23,0,81,59.37,59.37,0.0,530.700787,0.0
2019-03-21,23,0,82,41.88,41.88,0.0,374.359929,0.0
2019-03-21,23,0,83,93.39,93.39,0.0,834.801187,0.0
2019-03-21,23,0,84,0.0,0.0,0.0,0.0,0.0
2019-03-21,23,0,86,0.0,0.0,0.0,0.0,0.0
2019-03-21,23,0,87,0.0,0.0,0.0,0.0,0.0
2019-03-21,23,0,88,55.49,55.49,0.0,496.017966,0.0
2019-03-21,23,0,89,53.34,53.34,0.0,476.799393,0.0
2019-03-21,23,0,90,71.62,71.62,0.0,640.20196,0.0
2019-03-21,23,0,91,255.48,255.48,0.0,2283.702831,0.0
2019-03-21,23,0,92,91.88,91.88,0.0,821.303492,0.0
2019-03-21,23,0,95,10.72,10.72,0.0,126.988394,0.0
2019-03-21,23,0,96,9.35,9.35,0.0,87.344165,0.0
2019-03-21,23,0,97,57.51,57.51,0.0,537.236678,0.0
2019-03-21,23,0,99,3.45,3.45,0.0,34.102499,0.0
2019-03-21,23,0,101,0.0,0.0,0.0,0.0,0.0
2019-03-21,23,0,102,7.04,7.04,0.0,54.805111,0.0
2019-03-21,23,0,103,6.13,6.13,0.0,47.720927,0.0
2019-03-21,23,0,104,1.14,1.14,0.0,8.874691,0.0
2019-03-21,23,0,106,0.0,0.0,0.0,0.0,0.0
2019-03-21,23,0,109,51.81,51.81,0.0,503.622496,0.0
2019-03-21,23,0,110,90.77,90.77,0.0,207.728853,0.0
2019-03-21,23,0,111,0.0,0.0,0.0,0.0,0.0
2019-03-21,23,0,113,44.21,44.21,0.0,403.355517,0.0
2019-03-21,23,0,115,44.21,44.21,0.0,403.355517,0.0
2019-03-21,23,0,116,0.0,0.0,0.0,0.0,0.0
2019-03-21,23,0,117,2.95,2.95,0.0,26.914698,0.0
2019-03-21,23,0,119,50.93,50.93,0.0,637.972135,0.0
2019-03-21,23,0,120,29.94,29.94,0.0,375.041935,0.0
2019-03-21,23,0,123,0.0,0.0,0.0,0.0,0.0
2019-03-21,23,0,125,87.11,87.11,0.0,814.511279,0.0
2019-03-21,23,0,126,0.0,0.0,0.0,0.0,0.0
2019-03-21,23,0,127,0.0,0.0,0.0,0.0,0.0
2019-03-21,23,0,128,124.76,124.76,0.0,1166.552946,0.0
2019-03-21,23,0,131,9.06,9.06,0.0,73.804212,0.0
2019-03-21,23,0,132,13.32,13.32,0.0,108.506855,0.0
2019-03-21,23,0,133,21.53,21.53,0.0,215.856602,0.0
2019-03-21,23,0,134,0.0,0.0,0.0,0.0,0.0
2019-03-21,23,0,135,28.84,28.84,0.0,289.145582,0.0
2019-03-21,23,0,136,12.64,12.64,0.0,126.657283,0.0
2019-03-21,23,0,139,98.17,98.17,0.0,939.814964,0.0
2019-03-21,23,0,140,67.18,67.18,0.0,153.742694,0.0
2019-03-21,23,0,141,107.38,107.38,0.0,690.648975,0.0
2019-03-21,23,0,142,0.0,0.0,0.0,0.0,0.0
2019-03-21,23,0,143,69.36,69.36,0.0,648.245194,0.0
2019-03-21,23,0,145,6.8,6.8,0.0,64.498633,0.0
2019-03-21,23,0,146,104.17,104.17,0.0,238.395005,0.0
2019-03-21,23,0,152,0.0,0.0,0.0,0.0,0.0
2019-03-21,23,0,153,0.0,0.0,0.0,0.0,0.0
2019-03-21,23,0,154,0.0,0.0,0.0,0.0,0.0
2019-03-21,23,0,157,96.94,96.94,0.0,623.50076,0.0
2019-03-21,23,0,158,0.0,0.0,0.0,0.0,0.0
2019-03-21,23,0,159,0.0,0.0,0.0,0.0,0.0
2019-03-21,23,0,160,0.0,0.0,0.0,0.0,0.0
2019-03-21,23,0,161,0.0,0.0,0.0,0.0,0.0
2019-03-21,23,0,162,2.77,2.77,0.0,32.834157,0.0
2019-03-21,23,0,163,58.66,58.66,0.0,134.244514,0.0
2019-03-21,23,0,164,0.0,0.0,0.0,0.0,0.0
2019-03-21,23,0,167,0.0,0.0,0.0,0.0,0.0
2019-03-21,23,0,168,0.0,0.0,0.0,0.0,0.0
2019-03-21,23,0,169,0.0,0.0,0.0,0.0,0.0
2019-03-21,23,0,170,0.0,0.0,0.0,0.0,0.0
2019-03-21,23,0,172,0.0,0.0,0.0,0.0,0.0
2019-03-21,23,0,173,0.0,0.0,0.0,0.0,0.0
2019-03-21,23,0,188,0.0,0.0,0.0,0.0,0.0
2019-03-21,23,0,190,0.0,0.0,0.0,0.0,0.0
2019-03-21,23,0,191,0.0,0.0,0.0,0.0,0.0
2019-03-21,23,0,192,90.57,90.57,0.0,1134.520642,0.0
2019-03-21,23,0,194,53.86,53.86,0.0,554.925921,0.0
2019-03-21,23,0,196,0.0,0.0,0.0,0.0,0.0
2019-03-21,23,0,198,0.0,0.0,0.0,0.0,0.0
2019-03-21,23,0,199,2.3,2.3,0.0,24.286453,0.0
2019-03-21,23,0,200,0.0,0.0,0.0,0.0,0.0
2019-03-21,23,0,204,227.08,227.08,0.0,2203.512933,0.0
2019-03-21,23,0,205,274.07,274.07,0.0,2664.115374,0.0
2019-03-21,23,0,206,168.98,168.98,0.0,1578.547276,0.0
2019-03-21,23,0,210,0.0,0.0,0.0,0.0,0.0
2019-03-21,23,0,214,0.0,0.0,0.0,0.0,0.0
2019-03-21,23,0,217,0.0,0.0,0.0,0.0,0.0
2019-03-21,23,0,218,0.0,0.0,0.0,0.0,0.0
2019-03-21,23,0,219,0.0,0.0,0.0,0.0,0.0
2019-03-21,23,0,221,0.0,0.0,0.0,0.0,0.0
2019-03-21,23,0,225,0.0,0.0,0.0,0.0,0.0
2019-03-21,23,0,233,0.0,0.0,0.0,0.0,0.0
2019-03-21,23,0,236,39.37,39.37,0.0,392.13,0.0
2019-03-21,23,0,237,42.9,42.9,0.0,424.057164,0.0
2019-03-21,23,0,238,0.0,0.0,0.0,0.0,0.0
2019-03-21,23,0,240,0.0,0.0,0.0,0.0,0.0
2019-03-21,23,0,245,56.77,56.77,0.0,570.14082,0.0
2019-03-21,23,0,247,24.55,24.55,0.0,246.555524,0.0
2019-03-21,23,0,248,4.31,4.31,0.0,42.603412,0.0
2019-03-21,23,0,249,109.17,109.17,0.0,1096.393752,0.0
2019-03-21,23,0,251,108.48,108.48,0.0,1086.184454,0.0
2019-03-21,23,0,252,61.56,61.56,0.0,616.869202,0.0
2019-03-21,23,0,254,0.0,0.0,0.0,0.0,0.0
2019-03-21,23,0,255,0.0,0.0,0.0,0.0,0.0
2019-03-21,23,0,258,0.0,0.0,0.0,0.0,0.0
2019-03-21,23,0,260,0.0,0.0,0.0,0.0,0.0
2019-03-21,23,0,265,0.0,0.0,0.0,0.0,0.0
2019-03-21,23,0,266,63.57,63.57,0.0,608.577338,0.0
2019-03-21,23,0,267,78.12,78.12,0.0,747.869461,0.0
2019-03-21,23,0,270,183.21,183.21,0.0,419.279532,0.0
2019-03-21,23,0,272,147.77,147.77,0.0,1348.198254,0.0
2019-03-21,23,0,273,0.0,0.0,0.0,0.0,0.0
2019-03-21,23,0,274,236.17,236.17,0.0,540.479488,0.0
2019-03-21,23,0,275,328.76,328.76,0.0,752.373446,0.0
2019-03-21,23,0,276,0.0,0.0,0.0,0.0,0.0
2019-03-21,23,0,277,0.0,0.0,0.0,0.0,0.0
2019-03-21,23,0,278,0.0,0.0,0.0,0.0,0.0
2019-03-21,23,0,279,77.28,77.28,0.0,699.349611,0.0
2019-03-21,23,0,281,16.83,16.83,0.0,157.29479,0.0
2019-03-21,23,0,282,0.0,0.0,0.0,0.0,0.0
2019-03-22,0,0,9,0.0,0.0,0.0,0.0,0.0
2019-03-22,0,0,17,0.0,0.0,0.0,0.0,0.0
2019-03-22,0,0,19,119.94,119.94,0.0,1161.863442,0.0
2019-03-22,0,0,20,145.46,145.46,0.0,1409.076674,0.0
2019-03-22,0,0,21,0.0,0.0,0.0,0.0,0.0
2019-03-22,0,0,22,0.0,0.0,0.0,0.0,0.0
2019-03-22,0,0,23,50.94,50.94,0.0,452.156523,0.0
2019-03-22,0,0,24,90.13,90.13,0.0,800.017028,0.0
2019-03-22,0,0,29,0.0,0.0,0.0,0.0,0.0
2019-03-22,0,0,30,0.0,0.0,0.0,0.0,0.0
2019-03-22,0,0,31,30.72,30.72,0.0,272.533648,0.0
2019-03-22,0,0,32,0.0,0.0,0.0,0.0,0.0
2019-03-22,0,0,33,0.0,0.0,0.0,0.0,0.0
2019-03-22,0,0,34,0.0,0.0,0.0,0.0,0.0
2019-03-22,0,0,35,0.0,0.0,0.0,0.0,0.0
2019-03-22,0,0,36,0.0,0.0,0.0,0.0,0.0
2019-03-22,0,0,37,0.0,0.0,0.0,0.0,0.0
2019-03-22,0,0,38,0.0,0.0,0.0,0.0,0.0
2019-03-22,0,0,39,0.0,0.0,0.0,0.0,0.0
2019-03-22,0,0,40,0.0,0.0,0.0,0.0,0.0
2019-03-22,0,0,41,75.93,75.93,0.0,693.03,0.0
2019-03-22,0,0,42,0.0,0.0,0.0,0.0,0.0
2019-03-22,0,0,43,0.0,0.0,0.0,0.0,0.0
2019-03-22,0,0,46,0.0,0.0,0.0,0.0,0.0
2019-03-22,0,0,52,32.57,32.57,0.0,288.945993,0.0
2019-03-22,0,0,53,51.74,51.74,0.0,459.013377,0.0
2019-03-22,0,0,55,379.01,379.01,0.0,3364.190102,0.0
2019-03-22,0,0,56,0.0,0.0,0.0,0.0,0.0
2019-03-22,0,0,57,0.0,0.0,0.0,0.0,0.0
2019-03-22,0,0,58,0.0,0.0,0.0,0.0,0.0
2019-03-22,0,0,59,0.0,0.0,0.0,0.0,0.0
2019-03-22,0,0,63,47.26,47.26,0.0,552.991478,0.0
2019-03-22,0,0,64,55.6,55.6,0.0,650.578209,0.0
2019-03-22,0,0,65,7.34,7.34,0.0,71.054167,0.0
2019-03-22,0,0,67,0.0,0.0,0.0,0.0,0.0
2019-03-22,0,0,68,2.95,2.95,0.0,21.684667,0.0
2019-03-22,0,0,69,0.0,0.0,0.0,0.0,0.0
2019-03-22,0,0,74,16.22,16.22,0.0,154.023893,0.0
2019-03-22,0,0,77,61.56,61.56,0.0,518.566632,0.0
2019-03-22,0,0,78,46.54,46.54,0.0,392.041765,0.0
2019-03-22,0,0,79,26.93,26.93,0.0,226.851842,0.0
2019-03-22,0,0,80,43.56,43.56,0.0,366.938962,0.0
2019-03-22,0,0,81,56.95,56.95,0.0,479.733101,0.0
2019-03-22,0,0,82,40.17,40.17,0.0,338.382417,0.0
2019-03-22,0,0,83,89.58,89.58,0.0,754.600372,0.0
2019-03-22,0,0,84,0.0,0.0,0.0,0.0,0.0
2019-03-22,0,0,86,0.0,0.0,0.0,0.0,0.0
2019-03-22,0,0,87,0.0,0.0,0.0,0.0,0.0
2019-03-22,0,0,88,55.35,55.35,0.0,466.255086,0.0
2019-03-22,0,0,89,53.21,53.21,0.0,448.228241,0.0
2019-03-22,0,0,90,71.45,71.45,0.0,601.877613,0.0
2019-03-22,0,0,91,254.87,254.87,0.0,2146.963572,0.0
2019-03-22,0,0,92,91.66,91.66,0.0,772.121792,0.0
2019-03-22,0,0,95,6.83,6.83,0.0,75.602445,0.0
2019-03-22,0,0,96,8.52,8.52,0.0,75.543486,0.0
2019-03-22,0,0,97,52.38,52.38,0.0,464.432843,0.0
2019-03-22,0,0,99,3.13,3.13,0.0,29.722243,0.0
2019-03-22,0,0,101,0.0,0.0,0.0,0.0,0.0
2019-03-22,0,0,102,6.99,6.99,0.0,51.381634,0.0
2019-03-22,0,0,103,6.08,6.08,0.0,44.692465,0.0
2019-03-22,0,0,104,1.13,1.13,0.0,8.30633,0.0
2019-03-22,0,0,106,0.0,0.0,0.0,0.0,0.0
2019-03-22,0,0,109,51.81,51.81,0.0,480.81068,0.0
2019-03-22,0,0,110,94.55,94.55,0.0,213.987932,0.0
2019-03-22,0,0,111,0.0,0.0,0.0,0.0,0.0
2019-03-22,0,0,113,44.27,44.27,0.0,379.792192,0.0
2019-03-22,0,0,115,44.27,44.27,0.0,379.792192,0.0
2019-03-22,0,0,116,0.0,0.0,0.0,0.0,0.0
2019-03-22,0,0,117,2.95,2.95,0.0,25.308041,0.0
2019-03-22,0,0,119,55.6,55.6,0.0,650.578209,0.0
2019-03-22,0,0,120,32.69,32.69,0.0,382.507224,0.0
2019-03-22,0,0,123,0.0,0.0,0.0,0.0,0.0
2019-03-22,0,0,125,81.56,81.56,0.0,723.947507,0.0
2019-03-22,0,0,126,0.0,0.0,0.0,0.0,0.0
2019-03-22,0,0,127,0.0,0.0,0.0,0.0,0.0
2019-03-22,0,0,128,116.82,116.82,0.0,1036.924323,0.0
2019-03-22,0,0,131,8.68,8.68,0.0,66.707561,0.0
2019-03-22,0,0,132,12.77,12.77,0.0,98.140041,0.0
2019-03-22,0,0,133,18.16,18.16,0.0,175.927977,0.0
2019-03-22,0,0,134,0.0,0.0,0.0,0.0,0.0
2019-03-22,0,0,135,24.33,24.33,0.0,235.700864,0.0
2019-03-22,0,0,136,10.01,10.01,0.0,96.8972,0.0
2019-03-22,0,0,139,98.05,98.05,0.0,894.92416,0.0
2019-03-22,0,0,140,69.98,69.98,0.0,158.380491,0.0
2019-03-22,0,0,141,104.14,104.14,0.0,635.084079,0.0
2019-03-22,0,0,142,0.0,0.0,0.0,0.0,0.0
2019-03-22,0,0,143,142.07,142.07,0.0,1260.379406,0.0
2019-03-22,0,0,145,6.37,6.37,0.0,57.478733,0.0
2019-03-22,0,0,146,110.3,110.3,0.0,249.633727,0.0
2019-03-22,0,0,152,0.0,0.0,0.0,0.0,0.0
2019-03-22,0,0,153,0.0,0.0,0.0,0.0,0.0
2019-03-22,0,0,154,0.0,0.0,0.0,0.0,0.0
2019-03-22,0,0,157,108.85,108.85,0.0,663.807394,0.0
2019-03-22,0,0,158,0.0,0.0,0.0,0.0,0.0
2019-03-22,0,0,159,0.0,0.0,0.0,0.0,0.0
2019-03-22,0,0,160,0.0,0.0,0.0,0.0,0.0
2019-03-22,0,0,161,0.0,0.0,0.0,0.0,0.0
2019-03-22,0,0,162,2.99,2.99,0.0,33.117868,0.0
2019-03-22,0,0,163,60.78,60.78,0.0,137.558821,0.0
2019-03-22,0,0,164,0.0,0.0,0.0,0.0,0.0
2019-03-22,0,0,167,0.0,0.0,0.0,0.0,0.0
2019-03-22,0,0,168,0.0,0.0,0.0,0.0,0.0
2019-03-22,0,0,169,0.0,0.0,0.0,0.0,0.0
2019-03-22,0,0,170,0.0,0.0,0.0,0.0,0.0
2019-03-22,0,0,172,0.0,0.0,0.0,0.0,0.0
2019-03-22,0,0,173,0.0,0.0,0.0,0.0,0.0
2019-03-22,0,0,188,0.0,0.0,0.0,0.0,0.0
2019-03-22,0,0,190,0.0,0.0,0.0,0.0,0.0
2019-03-22,0,0,191,0.0,0.0,0.0,0.0,0.0
2019-03-22,0,0,192,89.28,89.28,0.0,1044.66947,0.0
2019-03-22,0,0,194,56.06,56.06,0.0,541.317816,0.0
2019-03-22,0,0,196,0.0,0.0,0.0,0.0,0.0
2019-03-22,0,0,198,0.0,0.0,0.0,0.0,0.0
2019-03-22,0,0,199,0.0,0.0,0.0,0.0,0.0
2019-03-22,0,0,200,0.0,0.0,0.0,0.0,0.0
2019-03-22,0,0,204,223.87,223.87,0.0,2072.883987,0.0
2019-03-22,0,0,205,274.09,274.09,0.0,2543.628631,0.0
2019-03-22,0,0,206,153.92,153.92,0.0,1364.748055,0.0
2019-03-22,0,0,210,0.0,0.0,0.0,0.0,0.0
2019-03-22,0,0,214,0.0,0.0,0.0,0.0,0.0
2019-03-22,0,0,217,0.0,0.0,0.0,0.0,0.0
2019-03-22,0,0,218,0.0,0.0,0.0,0.0,0.0
2019-03-22,0,0,219,0.0,0.0,0.0,0.0,0.0
2019-03-22,0,0,221,0.0,0.0,0.0,0.0,0.0
2019-03-22,0,0,225,0.0,0.0,0.0,0.0,0.0
2019-03-22,0,0,233,0.0,0.0,0.0,0.0,0.0
2019-03-22,0,0,236,30.59,30.59,0.0,293.538955,0.0
2019-03-22,0,0,237,38.92,38.92,0.0,369.581377,0.0
2019-03-22,0,0,238,0.0,0.0,0.0,0.0,0.0
2019-03-22,0,0,240,0.0,0.0,0.0,0.0,0.0
2019-03-22,0,0,245,28.77,28.77,0.0,279.398028,0.0
2019-03-22,0,0,247,19.35,19.35,0.0,187.916296,0.0
2019-03-22,0,0,248,3.91,3.91,0.0,37.129064,0.0
2019-03-22,0,0,249,53.89,53.89,0.0,523.349312,0.0
2019-03-22,0,0,251,85.61,85.61,0.0,827.806853,0.0
2019-03-22,0,0,252,47.38,47.38,0.0,458.657551,0.0
2019-03-22,0,0,254,0.0,0.0,0.0,0.0,0.0
2019-03-22,0,0,255,0.0,0.0,0.0,0.0,0.0
2019-03-22,0,0,258,0.0,0.0,0.0,0.0,0.0
2019-03-22,0,0,260,0.0,0.0,0.0,0.0,0.0
2019-03-22,0,0,265,0.0,0.0,0.0,0.0,0.0
2019-03-22,0,0,266,63.49,63.49,0.0,579.487353,0.0
2019-03-22,0,0,267,78.02,78.02,0.0,712.105895,0.0
2019-03-22,0,0,270,189.83,189.83,0.0,429.628018,0.0
2019-03-22,0,0,272,147.97,147.97,0.0,1269.434168,0.0
2019-03-22,0,0,273,0.0,0.0,0.0,0.0,0.0
2019-03-22,0,0,274,244.71,244.71,0.0,553.833811,0.0
2019-03-22,0,0,275,340.64,340.64,0.0,770.944993,0.0
2019-03-22,0,0,276,0.0,0.0,0.0,0.0,0.0
2019-03-22,0,0,277,0.0,0.0,0.0,0.0,0.0
2019-03-22,0,0,278,0.0,0.0,0.0,0.0,0.0
2019-03-22,0,0,279,75.96,75.96,0.0,646.933066,0.0
2019-03-22,0,0,281,13.79,13.79,0.0,122.338509,0.0
2019-03-22,0,0,282,0.0,0.0,0.0,0.0,0.0
2019-03-22,1,0,9,0.0,0.0,0.0,0.0,0.0
2019-03-22,1,0,17,0.0,0.0,0.0,0.0,0.0
2019-03-22,1,0,19,105.88,105.88,0.0,1036.893899,0.0
2019-03-22,1,0,20,128.41,128.41,0.0,1257.532542,0.0
2019-03-22,1,0,21,0.0,0.0,0.0,0.0,0.0
2019-03-22,1,0,22,0.0,0.0,0.0,0.0,0.0
2019-03-22,1,0,23,48.02,48.02,0.0,424.341457,0.0
2019-03-22,1,0,24,84.97,84.97,0.0,750.859924,0.0
2019-03-22,1,0,29,0.0,0.0,0.0,0.0,0.0
2019-03-22,1,0,30,0.0,0.0,0.0,0.0,0.0
2019-03-22,1,0,31,53.09,53.09,0.0,468.863051,0.0
2019-03-22,1,0,32,0.0,0.0,0.0,0.0,0.0
2019-03-22,1,0,33,0.0,0.0,0.0,0.0,0.0
2019-03-22,1,0,34,0.0,0.0,0.0,0.0,0.0
2019-03-22,1,0,35,0.0,0.0,0.0,0.0,0.0
2019-03-22,1,0,36,0.0,0.0,0.0,0.0,0.0
2019-03-22,1,0,37,0.0,0.0,0.0,0.0,0.0
2019-03-22,1,0,38,0.0,0.0,0.0,0.0,0.0
2019-03-22,1,0,39,0.0,0.0,0.0,0.0,0.0
2019-03-22,1,0,40,0.0,0.0,0.0,0.0,0.0
2019-03-22,1,0,41,75.89,75.89,0.0,692.250375,0.0
2019-03-22,1,0,42,0.0,0.0,0.0,0.0,0.0
2019-03-22,1,0,43,0.0,0.0,0.0,0.0,0.0
2019-03-22,1,0,46,0.0,0.0,0.0,0.0,0.0
2019-03-22,1,0,52,56.52,56.52,0.0,499.155013,0.0
2019-03-22,1,0,53,92.39,92.39,0.0,815.94005,0.0
2019-03-22,1,0,55,275.56,275.56,0.0,2435.058971,0.0
2019-03-22,1,0,56,0.0,0.0,0.0,0.0,0.0
2019-03-22,1,0,57,0.0,0.0,0.0,0.0,0.0
2019-03-22,1,0,58,0.0,0.0,0.0,0.0,0.0
2019-03-22,1,0,59,0.0,0.0,0.0,0.0,0.0
2019-03-22,1,0,63,52.83,52.83,0.0,608.629294,0.0
2019-03-22,1,0,64,62.15,62.15,0.0,716.000579,0.0
2019-03-22,1,0,65,6.0,6.0,0.0,58.708183,0.0
2019-03-22,1,0,67,0.0,0.0,0.0,0.0,0.0
2019-03-22,1,0,68,2.93,2.93,0.0,21.300253,0.0
2019-03-22,1,0,69,0.0,0.0,0.0,0.0,0.0
2019-03-22,1,0,74,14.52,14.52,0.0,138.711536,0.0
2019-03-22,1,0,77,59.65,59.65,0.0,496.906932,0.0
2019-03-22,1,0,78,45.1,45.1,0.0,375.69996,0.0
2019-03-22,1,0,79,26.1,26.1,0.0,217.422815,0.0
2019-03-22,1,0,80,42.21,42.21,0.0,351.625173,0.0
2019-03-22,1,0,81,55.18,55.18,0.0,459.670151,0.0
2019-03-22,1,0,82,38.92,38.92,0.0,324.218236,0.0
2019-03-22,1,0,83,86.8,86.8,0.0,723.076642,0.0
2019-03-22,1,0,84,0.0,0.0,0.0,0.0,0.0
2019-03-22,1,0,86,0.0,0.0,0.0,0.0,0.0
2019-03-22,1,0,87,0.0,0.0,0.0,0.0,0.0
2019-03-22,1,0,88,56.34,56.34,0.0,469.333387,0.0
2019-03-22,1,0,89,54.16,54.16,0.0,451.173167,0.0
2019-03-22,1,0,90,72.72,72.72,0.0,605.784947,0.0
2019-03-22,1,0,91,259.42,259.42,0.0,2161.066157,0.0
2019-03-22,1,0,92,93.3,93.3,0.0,777.224086,0.0
2019-03-22,1,0,95,10.2,10.2,0.0,111.145905,0.0
2019-03-22,1,0,96,7.77,7.77,0.0,68.577616,0.0
2019-03-22,1,0,97,47.78,47.78,0.0,421.703798,0.0
2019-03-22,1,0,99,2.8,2.8,0.0,26.748781,0.0
2019-03-22,1,0,101,0.0,0.0,0.0,0.0,0.0
2019-03-22,1,0,102,6.93,6.93,0.0,50.379098,0.0
2019-03-22,1,0,103,6.03,6.03,0.0,43.836358,0.0
2019-03-22,1,0,104,1.12,1.12,0.0,8.142076,0.0
2019-03-22,1,0,106,0.0,0.0,0.0,0.0,0.0
2019-03-22,1,0,109,52.95,52.95,0.0,491.73122,0.0
2019-03-22,1,0,110,97.58,97.58,0.0,220.5457,0.0
2019-03-22,1,0,111,0.0,0.0,0.0,0.0,0.0
2019-03-22,1,0,113,25.15,25.15,0.0,213.016285,0.0
2019-03-22,1,0,115,25.15,25.15,0.0,213.016285,0.0
2019-03-22,1,0,116,0.0,0.0,0.0,0.0,0.0
2019-03-22,1,0,117,1.72,1.72,0.0,14.568112,0.0
2019-03-22,1,0,119,62.15,62.15,0.0,716.000579,0.0
2019-03-22,1,0,120,36.54,36.54,0.0,420.959954,0.0
2019-03-22,1,0,123,0.0,0.0,0.0,0.0,0.0
2019-03-22,1,0,125,76.89,76.89,0.0,679.458863,0.0
2019-03-22,1,0,126,0.0,0.0,0.0,0.0,0.0
2019-03-22,1,0,127,0.0,0.0,0.0,0.0,0.0
2019-03-22,1,0,128,110.13,110.13,0.0,973.192932,0.0
2019-03-22,1,0,131,8.39,8.39,0.0,63.756069,0.0
2019-03-22,1,0,132,12.33,12.33,0.0,93.696345,0.0
2019-03-22,1,0,133,15.84,15.84,0.0,155.135321,0.0
2019-03-22,1,0,134,0.0,0.0,0.0,0.0,0.0
2019-03-22,1,0,135,21.22,21.22,0.0,207.826484,0.0
2019-03-22,1,0,136,8.46,8.46,0.0,82.774634,0.0
2019-03-22,1,0,139,98.0,98.0,0.0,893.932491,0.0
2019-03-22,1,0,140,72.22,72.22,0.0,163.228228,0.0
2019-03-22,1,0,141,101.24,101.24,0.0,611.138679,0.0
2019-03-22,1,0,142,0.0,0.0,0.0,0.0,0.0
2019-03-22,1,0,143,148.1,148.1,0.0,1307.941567,0.0
2019-03-22,1,0,145,6.06,6.06,0.0,54.54381,0.0
2019-03-22,1,0,146,117.05,117.05,0.0,264.550873,0.0
2019-03-22,1,0,152,0.0,0.0,0.0,0.0,0.0
2019-03-22,1,0,153,0.0,0.0,0.0,0.0,0.0
2019-03-22,1,0,154,0.0,0.0,0.0,0.0,0.0
2019-03-22,1,0,157,121.52,121.52,0.0,733.559584,0.0
2019-03-22,1,0,158,0.0,0.0,0.0,0.0,0.0
2019-03-22,1,0,159,0.0,0.0,0.0,0.0,0.0
2019-03-22,1,0,160,0.0,0.0,0.0,0.0,0.0
2019-03-22,1,0,161,0.0,0.0,0.0,0.0,0.0
2019-03-22,1,0,162,3.2,3.2,0.0,34.891604,0.0
2019-03-22,1,0,163,63.19,63.19,0.0,142.819049,0.0
2019-03-22,1,0,164,0.0,0.0,0.0,0.0,0.0
2019-03-22,1,0,167,0.0,0.0,0.0,0.0,0.0
2019-03-22,1,0,168,0.0,0.0,0.0,0.0,0.0
2019-03-22,1,0,169,0.0,0.0,0.0,0.0,0.0
2019-03-22,1,0,170,0.0,0.0,0.0,0.0,0.0
2019-03-22,1,0,172,0.0,0.0,0.0,0.0,0.0
2019-03-22,1,0,173,0.0,0.0,0.0,0.0,0.0
2019-03-22,1,0,188,0.0,0.0,0.0,0.0,0.0
2019-03-22,1,0,190,0.0,0.0,0.0,0.0,0.0
2019-03-22,1,0,191,0.0,0.0,0.0,0.0,0.0
2019-03-22,1,0,192,88.24,88.24,0.0,1016.571056,0.0
2019-03-22,1,0,194,60.69,60.69,0.0,577.63966,0.0
2019-03-22,1,0,196,0.0,0.0,0.0,0.0,0.0
2019-03-22,1,0,198,0.0,0.0,0.0,0.0,0.0
2019-03-22,1,0,199,0.0,0.0,0.0,0.0,0.0
2019-03-22,1,0,200,0.0,0.0,0.0,0.0,0.0
2019-03-22,1,0,204,224.2,224.2,0.0,2076.441599,0.0
2019-03-22,1,0,205,280.1,280.1,0.0,2601.207079,0.0
2019-03-22,1,0,206,140.4,140.4,0.0,1239.163107,0.0
2019-03-22,1,0,210,0.0,0.0,0.0,0.0,0.0
2019-03-22,1,0,214,0.0,0.0,0.0,0.0,0.0
2019-03-22,1,0,217,0.0,0.0,0.0,0.0,0.0
2019-03-22,1,0,218,0.0,0.0,0.0,0.0,0.0
2019-03-22,1,0,219,0.0,0.0,0.0,0.0,0.0
2019-03-22,1,0,221,0.0,0.0,0.0,0.0,0.0
2019-03-22,1,0,225,0.0,0.0,0.0,0.0,0.0
2019-03-22,1,0,233,0.0,0.0,0.0,0.0,0.0
2019-03-22,1,0,236,23.51,23.51,0.0,227.513126,0.0
2019-03-22,1,0,237,34.84,34.84,0.0,332.831262,0.0
2019-03-22,1,0,238,0.0,0.0,0.0,0.0,0.0
2019-03-22,1,0,240,0.0,0.0,0.0,0.0,0.0
2019-03-22,1,0,245,11.35,11.35,0.0,111.502631,0.0
2019-03-22,1,0,247,15.96,15.96,0.0,156.791365,0.0
2019-03-22,1,0,248,3.5,3.5,0.0,33.435976,0.0
2019-03-22,1,0,249,21.83,21.83,0.0,214.458364,0.0
2019-03-22,1,0,251,70.27,70.27,0.0,686.600715,0.0
2019-03-22,1,0,252,38.69,38.69,0.0,378.569935,0.0
2019-03-22,1,0,254,0.0,0.0,0.0,0.0,0.0
2019-03-22,1,0,255,0.0,0.0,0.0,0.0,0.0
2019-03-22,1,0,258,0.0,0.0,0.0,0.0,0.0
2019-03-22,1,0,260,0.0,0.0,0.0,0.0,0.0
2019-03-22,1,0,265,0.0,0.0,0.0,0.0,0.0
2019-03-22,1,0,266,63.46,63.46,0.0,578.866897,0.0
2019-03-22,1,0,267,77.98,77.98,0.0,711.314854,0.0
2019-03-22,1,0,270,197.34,197.34,0.0,446.018533,0.0
2019-03-22,1,0,272,83.88,83.88,0.0,710.449543,0.0
2019-03-22,1,0,273,0.0,0.0,0.0,0.0,0.0
2019-03-22,1,0,274,254.4,254.4,0.0,574.982846,0.0
2019-03-22,1,0,275,354.12,354.12,0.0,800.365273,0.0
2019-03-22,1,0,276,0.0,0.0,0.0,0.0,0.0
2019-03-22,1,0,277,0.0,0.0,0.0,0.0,0.0
2019-03-22,1,0,278,0.0,0.0,0.0,0.0,0.0
2019-03-22,1,0,279,75.15,75.15,0.0,632.306247,0.0
2019-03-22,1,0,281,21.92,21.92,0.0,193.58595,0.0
2019-03-22,1,0,282,0.0,0.0,0.0,0.0,0.0
2019-03-22,2,0,9,0.0,0.0,0.0,0.0,0.0
2019-03-22,2,0,17,0.0,0.0,0.0,0.0,0.0
2019-03-22,2,0,19,91.89,91.89,0.0,854.619293,0.0
2019-03-22,2,0,20,111.44,111.44,0.0,1036.443291,0.0
2019-03-22,2,0,21,0.0,0.0,0.0,0.0,0.0
2019-03-22,2,0,22,0.0,0.0,0.0,0.0,0.0
2019-03-22,2,0,23,40.53,40.53,0.0,352.84991,0.0
2019-03-22,2,0,24,71.7,71.7,0.0,624.212646,0.0
2019-03-22,2,0,29,0.0,0.0,0.0,0.0,0.0
2019-03-22,2,0,30,0.0,0.0,0.0,0.0,0.0
2019-03-22,2,0,31,21.25,21.25,0.0,184.92014,0.0
2019-03-22,2,0,32,0.0,0.0,0.0,0.0,0.0
2019-03-22,2,0,33,0.0,0.0,0.0,0.0,0.0
2019-03-22,2,0,34,0.0,0.0,0.0,0.0,0.0
2019-03-22,2,0,35,0.0,0.0,0.0,0.0,0.0
2019-03-22,2,0,36,0.0,0.0,0.0,0.0,0.0
2019-03-22,2,0,37,0.0,0.0,0.0,0.0,0.0
2019-03-22,2,0,38,0.0,0.0,0.0,0.0,0.0
2019-03-22,2,0,39,0.0,0.0,0.0,0.0,0.0
2019-03-22,2,0,40,0.0,0.0,0.0,0.0,0.0
2019-03-22,2,0,41,84.78,84.78,0.0,754.735616,0.0
2019-03-22,2,0,42,0.0,0.0,0.0,0.0,0.0
2019-03-22,2,0,43,0.0,0.0,0.0,0.0,0.0
2019-03-22,2,0,46,0.0,0.0,0.0,0.0,0.0
2019-03-22,2,0,52,22.53,22.53,0.0,196.058859,0.0
2019-03-22,2,0,53,35.79,35.79,0.0,311.449026,0.0
2019-03-22,2,0,55,294.01,294.01,0.0,2559.620084,0.0
2019-03-22,2,0,56,0.0,0.0,0.0,0.0,0.0
2019-03-22,2,0,57,0.0,0.0,0.0,0.0,0.0
2019-03-22,2,0,58,0.0,0.0,0.0,0.0,0.0
2019-03-22,2,0,59,0.0,0.0,0.0,0.0,0.0
2019-03-22,2,0,63,53.63,53.63,0.0,616.927158,0.0
2019-03-22,2,0,64,63.1,63.1,0.0,725.864324,0.0
2019-03-22,2,0,65,6.74,6.74,0.0,62.6567,0.0
2019-03-22,2,0,67,0.0,0.0,0.0,0.0,0.0
2019-03-22,2,0,68,2.34,2.34,0.0,17.145045,0.0
2019-03-22,2,0,69,0.0,0.0,0.0,0.0,0.0
2019-03-22,2,0,74,13.33,13.33,0.0,122.324106,0.0
2019-03-22,2,0,77,55.51,55.51,0.0,463.144299,0.0
2019-03-22,2,0,78,41.97,41.97,0.0,350.174135,0.0
2019-03-22,2,0,79,24.29,24.29,0.0,202.662133,0.0
2019-03-22,2,0,80,39.28,39.28,0.0,327.730284,0.0
2019-03-22,2,0,81,51.35,51.35,0.0,428.435592,0.0
2019-03-22,2,0,82,36.22,36.22,0.0,302.19936,0.0
2019-03-22,2,0,83,80.77,80.77,0.0,673.899568,0.0
2019-03-22,2,0,84,0.0,0.0,0.0,0.0,0.0
2019-03-22,2,0,86,0.0,0.0,0.0,0.0,0.0
2019-03-22,2,0,87,0.0,0.0,0.0,0.0,0.0
2019-03-22,2,0,88,52.62,52.62,0.0,439.03176,0.0
2019-03-22,2,0,89,50.59,50.59,0.0,422.094579,0.0
2019-03-22,2,0,90,67.92,67.92,0.0,566.686377,0.0
2019-03-22,2,0,91,242.29,242.29,0.0,2021.531834,0.0
2019-03-22,2,0,92,87.14,87.14,0.0,727.047274,0.0
2019-03-22,2,0,95,5.48,5.48,0.0,59.753879,0.0
2019-03-22,2,0,96,6.97,6.97,0.0,60.626341,0.0
2019-03-22,2,0,97,42.86,42.86,0.0,372.804156,0.0
2019-03-22,2,0,99,2.57,2.57,0.0,23.583867,0.0
2019-03-22,2,0,101,0.0,0.0,0.0,0.0,0.0
2019-03-22,2,0,102,5.54,5.54,0.0,40.59126,0.0
2019-03-22,2,0,103,4.81,4.81,0.0,35.242592,0.0
2019-03-22,2,0,104,0.89,0.89,0.0,6.520979,0.0
2019-03-22,2,0,106,0.0,0.0,0.0,0.0,0.0
2019-03-22,2,0,109,54.3,54.3,0.0,490.435377,0.0
2019-03-22,2,0,110,94.4,94.4,0.0,234.657249,0.0
2019-03-22,2,0,111,0.0,0.0,0.0,0.0,0.0
2019-03-22,2,0,113,24.96,24.96,0.0,212.314056,0.0
2019-03-22,2,0,115,24.96,24.96,0.0,212.314056,0.0
2019-03-22,2,0,116,0.0,0.0,0.0,0.0,0.0
2019-03-22,2,0,117,1.33,1.33,0.0,11.313209,0.0
2019-03-22,2,0,119,63.1,63.1,0.0,725.864324,0.0
2019-03-22,2,0,120,37.1,37.1,0.0,426.776013,0.0
2019-03-22,2,0,123,0.0,0.0,0.0,0.0,0.0
2019-03-22,2,0,125,64.89,64.89,0.0,564.925503,0.0
2019-03-22,2,0,126,0.0,0.0,0.0,0.0,0.0
2019-03-22,2,0,127,0.0,0.0,0.0,0.0,0.0
2019-03-22,2,0,128,92.94,92.94,0.0,809.125848,0.0
2019-03-22,2,0,131,7.03,7.03,0.0,53.745863,0.0
2019-03-22,2,0,132,10.33,10.33,0.0,78.975074,0.0
2019-03-22,2,0,133,13.78,13.78,0.0,128.165813,0.0
2019-03-22,2,0,134,0.0,0.0,0.0,0.0,0.0
2019-03-22,2,0,135,18.46,18.46,0.0,171.693825,0.0
2019-03-22,2,0,136,9.17,9.17,0.0,85.244456,0.0
2019-03-22,2,0,139,109.48,109.48,0.0,974.622025,0.0
2019-03-22,2,0,140,69.87,69.87,0.0,173.681165,0.0
2019-03-22,2,0,141,90.03,90.03,0.0,552.353598,0.0
2019-03-22,2,0,142,0.0,0.0,0.0,0.0,0.0
2019-03-22,2,0,143,79.34,79.34,0.0,690.426536,0.0
2019-03-22,2,0,145,6.45,6.45,0.0,56.918372,0.0
2019-03-22,2,0,146,99.49,99.49,0.0,247.309849,0.0
2019-03-22,2,0,152,0.0,0.0,0.0,0.0,0.0
2019-03-22,2,0,153,0.0,0.0,0.0,0.0,0.0
2019-03-22,2,0,154,0.0,0.0,0.0,0.0,0.0
2019-03-22,2,0,157,84.05,84.05,0.0,515.664999,0.0
2019-03-22,2,0,158,0.0,0.0,0.0,0.0,0.0
2019-03-22,2,0,159,0.0,0.0,0.0,0.0,0.0
2019-03-22,2,0,160,0.0,0.0,0.0,0.0,0.0
2019-03-22,2,0,161,0.0,0.0,0.0,0.0,0.0
2019-03-22,2,0,162,5.3,5.3,0.0,57.826425,0.0
2019-03-22,2,0,163,58.71,58.71,0.0,145.939906,0.0
2019-03-22,2,0,164,0.0,0.0,0.0,0.0,0.0
2019-03-22,2,0,167,0.0,0.0,0.0,0.0,0.0
2019-03-22,2,0,168,0.0,0.0,0.0,0.0,0.0
2019-03-22,2,0,169,0.0,0.0,0.0,0.0,0.0
2019-03-22,2,0,170,0.0,0.0,0.0,0.0,0.0
2019-03-22,2,0,172,0.0,0.0,0.0,0.0,0.0
2019-03-22,2,0,173,0.0,0.0,0.0,0.0,0.0
2019-03-22,2,0,188,0.0,0.0,0.0,0.0,0.0
2019-03-22,2,0,190,0.0,0.0,0.0,0.0,0.0
2019-03-22,2,0,191,0.0,0.0,0.0,0.0,0.0
2019-03-22,2,0,192,85.69,85.69,0.0,985.726053,0.0
2019-03-22,2,0,194,61.69,61.69,0.0,588.835613,0.0
2019-03-22,2,0,196,0.0,0.0,0.0,0.0,0.0
2019-03-22,2,0,198,0.0,0.0,0.0,0.0,0.0
2019-03-22,2,0,199,0.96,0.96,0.0,9.379915,0.0
2019-03-22,2,0,200,0.0,0.0,0.0,0.0,0.0
2019-03-22,2,0,204,238.24,238.24,0.0,2148.231816,0.0
2019-03-22,2,0,205,266.59,266.59,0.0,2407.829968,0.0
2019-03-22,2,0,206,125.95,125.95,0.0,1095.536245,0.0
2019-03-22,2,0,210,0.0,0.0,0.0,0.0,0.0
2019-03-22,2,0,214,0.0,0.0,0.0,0.0,0.0
2019-03-22,2,0,217,0.0,0.0,0.0,0.0,0.0
2019-03-22,2,0,218,0.0,0.0,0.0,0.0,0.0
2019-03-22,2,0,219,0.0,0.0,0.0,0.0,0.0
2019-03-22,2,0,221,0.0,0.0,0.0,0.0,0.0
2019-03-22,2,0,225,0.0,0.0,0.0,0.0,0.0
2019-03-22,2,0,233,0.0,0.0,0.0,0.0,0.0
2019-03-22,2,0,236,21.79,21.79,0.0,201.404133,0.0
2019-03-22,2,0,237,31.99,31.99,0.0,293.559502,0.0
2019-03-22,2,0,238,0.0,0.0,0.0,0.0,0.0
2019-03-22,2,0,240,0.0,0.0,0.0,0.0,0.0
2019-03-22,2,0,245,10.54,10.54,0.0,98.190181,0.0
2019-03-22,2,0,247,14.91,14.91,0.0,138.900911,0.0
2019-03-22,2,0,248,3.21,3.21,0.0,29.456893,0.0
2019-03-22,2,0,249,20.26,20.26,0.0,188.741279,0.0
2019-03-22,2,0,251,84.33,84.33,0.0,783.368986,0.0
2019-03-22,2,0,252,43.48,43.48,0.0,404.200786,0.0
2019-03-22,2,0,254,0.0,0.0,0.0,0.0,0.0
2019-03-22,2,0,255,0.0,0.0,0.0,0.0,0.0
2019-03-22,2,0,258,0.0,0.0,0.0,0.0,0.0
2019-03-22,2,0,260,0.0,0.0,0.0,0.0,0.0
2019-03-22,2,0,265,0.0,0.0,0.0,0.0,0.0
2019-03-22,2,0,266,70.89,70.89,0.0,631.082895,0.0
2019-03-22,2,0,267,87.12,87.12,0.0,775.56696,0.0
2019-03-22,2,0,270,183.34,183.34,0.0,455.742162,0.0
2019-03-22,2,0,272,107.65,107.65,0.0,915.689428,0.0
2019-03-22,2,0,273,0.0,0.0,0.0,0.0,0.0
2019-03-22,2,0,274,236.35,236.35,0.0,587.513145,0.0
2019-03-22,2,0,275,329.0,329.0,0.0,817.820286,0.0
2019-03-22,2,0,276,0.0,0.0,0.0,0.0,0.0
2019-03-22,2,0,277,0.0,0.0,0.0,0.0,0.0
2019-03-22,2,0,278,0.0,0.0,0.0,0.0,0.0
2019-03-22,2,0,279,61.7,61.7,0.0,520.805367,0.0
2019-03-22,2,0,281,9.54,9.54,0.0,83.018265,0.0
2019-03-22,2,0,282,0.0,0.0,0.0,0.0,0.0
2019-03-22,3,0,9,0.0,0.0,0.0,0.0,0.0
2019-03-22,3,0,17,0.0,0.0,0.0,0.0,0.0
2019-03-22,3,0,19,80.87,80.87,0.0,759.961613,0.0
2019-03-22,3,0,20,98.08,98.08,0.0,921.689563,0.0
2019-03-22,3,0,21,0.0,0.0,0.0,0.0,0.0
2019-03-22,3,0,22,0.0,0.0,0.0,0.0,0.0
2019-03-22,3,0,23,34.58,34.58,0.0,314.477787,0.0
2019-03-22,3,0,24,61.18,61.18,0.0,556.383776,0.0
2019-03-22,3,0,29,0.0,0.0,0.0,0.0,0.0
2019-03-22,3,0,30,0.0,0.0,0.0,0.0,0.0
2019-03-22,3,0,31,18.98,18.98,0.0,172.571625,0.0
2019-03-22,3,0,32,0.0,0.0,0.0,0.0,0.0
2019-03-22,3,0,33,0.0,0.0,0.0,0.0,0.0
2019-03-22,3,0,34,0.0,0.0,0.0,0.0,0.0
2019-03-22,3,0,35,0.0,0.0,0.0,0.0,0.0
2019-03-22,3,0,36,0.0,0.0,0.0,0.0,0.0
2019-03-22,3,0,37,0.0,0.0,0.0,0.0,0.0
2019-03-22,3,0,38,0.0,0.0,0.0,0.0,0.0
2019-03-22,3,0,39,0.0,0.0,0.0,0.0,0.0
2019-03-22,3,0,40,0.0,0.0,0.0,0.0,0.0
2019-03-22,3,0,41,95.77,95.77,0.0,880.541062,0.0
2019-03-22,3,0,42,0.0,0.0,0.0,0.0,0.0
2019-03-22,3,0,43,0.0,0.0,0.0,0.0,0.0
2019-03-22,3,0,46,0.0,0.0,0.0,0.0,0.0
2019-03-22,3,0,52,20.12,20.12,0.0,182.936834,0.0
2019-03-22,3,0,53,31.96,31.96,0.0,290.589523,0.0
2019-03-22,3,0,55,263.22,263.22,0.0,2393.777993,0.0
2019-03-22,3,0,56,0.0,0.0,0.0,0.0,0.0
2019-03-22,3,0,57,0.0,0.0,0.0,0.0,0.0
2019-03-22,3,0,58,0.0,0.0,0.0,0.0,0.0
2019-03-22,3,0,59,0.0,0.0,0.0,0.0,0.0
2019-03-22,3,0,63,54.74,54.74,0.0,595.432299,0.0
2019-03-22,3,0,64,64.4,64.4,0.0,700.508587,0.0
2019-03-22,3,0,65,7.69,7.69,0.0,72.248903,0.0
2019-03-22,3,0,67,0.0,0.0,0.0,0.0,0.0
2019-03-22,3,0,68,1.84,1.84,0.0,16.811634,0.0
2019-03-22,3,0,69,0.0,0.0,0.0,0.0,0.0
2019-03-22,3,0,74,13.31,13.31,0.0,124.237942,0.0
2019-03-22,3,0,77,52.61,52.61,0.0,468.724979,0.0
2019-03-22,3,0,78,39.77,39.77,0.0,354.32793,0.0
2019-03-22,3,0,79,23.02,23.02,0.0,205.09502,0.0
2019-03-22,3,0,80,37.22,37.22,0.0,331.60889,0.0
2019-03-22,3,0,81,48.67,48.67,0.0,433.621835,0.0
2019-03-22,3,0,82,34.33,34.33,0.0,305.860645,0.0
2019-03-22,3,0,83,76.55,76.55,0.0,682.016673,0.0
2019-03-22,3,0,84,0.0,0.0,0.0,0.0,0.0
2019-03-22,3,0,86,0.0,0.0,0.0,0.0,0.0
2019-03-22,3,0,87,0.0,0.0,0.0,0.0,0.0
2019-03-22,3,0,88,49.74,49.74,0.0,443.154922,0.0
2019-03-22,3,0,89,47.82,47.82,0.0,426.048822,0.0
2019-03-22,3,0,90,64.2,64.2,0.0,571.985244,0.0
2019-03-22,3,0,91,229.02,229.02,0.0,2040.437079,0.0
2019-03-22,3,0,92,82.37,82.37,0.0,733.869541,0.0
2019-03-22,3,0,95,7.86,7.86,0.0,85.334536,0.0
2019-03-22,3,0,96,6.37,6.37,0.0,57.905078,0.0
2019-03-22,3,0,97,39.14,39.14,0.0,355.793523,0.0
2019-03-22,3,0,99,2.57,2.57,0.0,23.988844,0.0
2019-03-22,3,0,101,0.0,0.0,0.0,0.0,0.0
2019-03-22,3,0,102,4.36,4.36,0.0,39.836262,0.0
2019-03-22,3,0,103,3.79,3.79,0.0,34.62831,0.0
2019-03-22,3,0,104,0.7,0.7,0.0,6.39573,0.0
2019-03-22,3,0,106,0.0,0.0,0.0,0.0,0.0
2019-03-22,3,0,109,58.31,58.31,0.0,539.976273,0.0
2019-03-22,3,0,110,93.76,93.76,0.0,966.337152,0.0
2019-03-22,3,0,111,0.0,0.0,0.0,0.0,0.0
2019-03-22,3,0,113,19.03,19.03,0.0,167.655692,0.0
2019-03-22,3,0,115,19.03,19.03,0.0,167.655692,0.0
2019-03-22,3,0,116,0.0,0.0,0.0,0.0,0.0
2019-03-22,3,0,117,0.98,0.98,0.0,8.633872,0.0
2019-03-22,3,0,119,64.4,64.4,0.0,700.508587,0.0
2019-03-22,3,0,120,37.87,37.87,0.0,411.929506,0.0
2019-03-22,3,0,123,0.0,0.0,0.0,0.0,0.0
2019-03-22,3,0,125,55.37,55.37,0.0,503.546415,0.0
2019-03-22,3,0,126,0.0,0.0,0.0,0.0,0.0
2019-03-22,3,0,127,0.0,0.0,0.0,0.0,0.0
2019-03-22,3,0,128,79.3,79.3,0.0,721.170864,0.0
2019-03-22,3,0,131,5.88,5.88,0.0,53.271948,0.0
2019-03-22,3,0,132,8.64,8.64,0.0,78.277148,0.0
2019-03-22,3,0,133,7.13,7.13,0.0,67.004365,0.0
2019-03-22,3,0,134,0.0,0.0,0.0,0.0,0.0
2019-03-22,3,0,135,9.54,9.54,0.0,89.652404,0.0
2019-03-22,3,0,136,10.2,10.2,0.0,95.829591,0.0
2019-03-22,3,0,139,123.68,123.68,0.0,1137.154835,0.0
2019-03-22,3,0,140,69.39,69.39,0.0,715.167822,0.0
2019-03-22,3,0,141,80.06,80.06,0.0,754.541974,0.0
2019-03-22,3,0,142,0.0,0.0,0.0,0.0,0.0
2019-03-22,3,0,143,39.56,39.56,0.0,359.690911,0.0
2019-03-22,3,0,145,6.89,6.89,0.0,63.075907,0.0
2019-03-22,3,0,146,85.39,85.39,0.0,880.071772,0.0
2019-03-22,3,0,152,0.0,0.0,0.0,0.0,0.0
2019-03-22,3,0,153,0.0,0.0,0.0,0.0,0.0
2019-03-22,3,0,154,0.0,0.0,0.0,0.0,0.0
2019-03-22,3,0,157,55.56,55.56,0.0,523.636673,0.0
2019-03-22,3,0,158,0.0,0.0,0.0,0.0,0.0
2019-03-22,3,0,159,0.0,0.0,0.0,0.0,0.0
2019-03-22,3,0,160,0.0,0.0,0.0,0.0,0.0
2019-03-22,3,0,161,0.0,0.0,0.0,0.0,0.0
2019-03-22,3,0,162,8.35,8.35,0.0,90.662778,0.0
2019-03-22,3,0,163,54.57,54.57,0.0,562.425537,0.0
2019-03-22,3,0,164,0.0,0.0,0.0,0.0,0.0
2019-03-22,3,0,167,0.0,0.0,0.0,0.0,0.0
2019-03-22,3,0,168,0.0,0.0,0.0,0.0,0.0
2019-03-22,3,0,169,0.0,0.0,0.0,0.0,0.0
2019-03-22,3,0,170,0.0,0.0,0.0,0.0,0.0
2019-03-22,3,0,172,0.0,0.0,0.0,0.0,0.0
2019-03-22,3,0,173,0.0,0.0,0.0,0.0,0.0
2019-03-22,3,0,188,0.0,0.0,0.0,0.0,0.0
2019-03-22,3,0,190,0.0,0.0,0.0,0.0,0.0
2019-03-22,3,0,191,0.0,0.0,0.0,0.0,0.0
2019-03-22,3,0,192,83.69,83.69,0.0,910.334839,0.0
2019-03-22,3,0,194,62.75,62.75,0.0,533.565605,0.0
2019-03-22,3,0,196,0.0,0.0,0.0,0.0,0.0
2019-03-22,3,0,198,0.0,0.0,0.0,0.0,0.0
2019-03-22,3,0,199,2.0,2.0,0.0,18.694091,0.0
2019-03-22,3,0,200,0.0,0.0,0.0,0.0,0.0
2019-03-22,3,0,204,254.12,254.12,0.0,2351.336924,0.0
2019-03-22,3,0,205,308.45,308.45,0.0,2856.382807,0.0
2019-03-22,3,0,206,115.02,115.02,0.0,1045.563899,0.0
2019-03-22,3,0,210,0.0,0.0,0.0,0.0,0.0
2019-03-22,3,0,214,0.0,0.0,0.0,0.0,0.0
2019-03-22,3,0,217,0.0,0.0,0.0,0.0,0.0
2019-03-22,3,0,218,0.0,0.0,0.0,0.0,0.0
2019-03-22,3,0,219,0.0,0.0,0.0,0.0,0.0
2019-03-22,3,0,221,0.0,0.0,0.0,0.0,0.0
2019-03-22,3,0,225,0.0,0.0,0.0,0.0,0.0
2019-03-22,3,0,233,0.0,0.0,0.0,0.0,0.0
2019-03-22,3,0,236,22.52,22.52,0.0,210.967608,0.0
2019-03-22,3,0,237,31.93,31.93,0.0,298.040381,0.0
2019-03-22,3,0,238,0.0,0.0,0.0,0.0,0.0
2019-03-22,3,0,240,0.0,0.0,0.0,0.0,0.0
2019-03-22,3,0,245,10.3,10.3,0.0,96.873811,0.0
2019-03-22,3,0,247,15.04,15.04,0.0,141.454574,0.0
2019-03-22,3,0,248,3.21,3.21,0.0,29.962719,0.0
2019-03-22,3,0,249,19.8,19.8,0.0,186.223442,0.0
2019-03-22,3,0,251,100.43,100.43,0.0,943.203277,0.0
2019-03-22,3,0,252,49.62,49.62,0.0,466.188629,0.0
2019-03-22,3,0,254,0.0,0.0,0.0,0.0,0.0
2019-03-22,3,0,255,0.0,0.0,0.0,0.0,0.0
2019-03-22,3,0,258,0.0,0.0,0.0,0.0,0.0
2019-03-22,3,0,260,0.0,0.0,0.0,0.0,0.0
2019-03-22,3,0,265,0.0,0.0,0.0,0.0,0.0
2019-03-22,3,0,266,80.09,80.09,0.0,736.373955,0.0
2019-03-22,3,0,267,98.42,98.42,0.0,904.906039,0.0
2019-03-22,3,0,270,170.41,170.41,0.0,1756.330141,0.0
2019-03-22,3,0,272,77.73,77.73,0.0,684.806985,0.0
2019-03-22,3,0,273,0.0,0.0,0.0,0.0,0.0
2019-03-22,3,0,274,219.68,219.68,0.0,2264.131244,0.0
2019-03-22,3,0,275,305.79,305.79,0.0,3151.623694,0.0
2019-03-22,3,0,276,0.0,0.0,0.0,0.0,0.0
2019-03-22,3,0,277,0.0,0.0,0.0,0.0,0.0
2019-03-22,3,0,278,0.0,0.0,0.0,0.0,0.0
2019-03-22,3,0,279,50.26,50.26,0.0,444.79627,0.0
2019-03-22,3,0,281,8.52,8.52,0.0,77.466293,0.0
2019-03-22,3,0,282,0.0,0.0,0.0,0.0,0.0
2019-03-22,4,0,9,0.0,0.0,0.0,0.0,0.0
2019-03-22,4,0,17,0.0,0.0,0.0,0.0,0.0
2019-03-22,4,0,19,73.61,73.61,0.0,733.31616,0.0
2019-03-22,4,0,20,89.28,89.28,0.0,889.42354,0.0
2019-03-22,4,0,21,0.0,0.0,0.0,0.0,0.0
2019-03-22,4,0,22,0.0,0.0,0.0,0.0,0.0
2019-03-22,4,0,23,27.12,27.12,0.0,251.86614,0.0
2019-03-22,4,0,24,44.82,44.82,0.0,416.247802,0.0
2019-03-22,4,0,29,0.0,0.0,0.0,0.0,0.0
2019-03-22,4,0,30,0.0,0.0,0.0,0.0,0.0
2019-03-22,4,0,31,16.9,16.9,0.0,156.900405,0.0
2019-03-22,4,0,32,0.0,0.0,0.0,0.0,0.0
2019-03-22,4,0,33,0.0,0.0,0.0,0.0,0.0
2019-03-22,4,0,34,0.0,0.0,0.0,0.0,0.0
2019-03-22,4,0,35,0.0,0.0,0.0,0.0,0.0
2019-03-22,4,0,36,0.0,0.0,0.0,0.0,0.0
2019-03-22,4,0,37,0.0,0.0,0.0,0.0,0.0
2019-03-22,4,0,38,0.0,0.0,0.0,0.0,0.0
2019-03-22,4,0,39,0.0,0.0,0.0,0.0,0.0
2019-03-22,4,0,40,0.0,0.0,0.0,0.0,0.0
2019-03-22,4,0,41,108.71,108.71,0.0,1028.518139,0.0
2019-03-22,4,0,42,0.0,0.0,0.0,0.0,0.0
2019-03-22,4,0,43,0.0,0.0,0.0,0.0,0.0
2019-03-22,4,0,46,0.0,0.0,0.0,0.0,0.0
2019-03-22,4,0,52,17.92,17.92,0.0,166.370133,0.0
2019-03-22,4,0,53,28.46,28.46,0.0,264.223995,0.0
2019-03-22,4,0,55,236.59,236.59,0.0,2197.234883,0.0
2019-03-22,4,0,56,0.0,0.0,0.0,0.0,0.0
2019-03-22,4,0,57,0.0,0.0,0.0,0.0,0.0
2019-03-22,4,0,58,0.0,0.0,0.0,0.0,0.0
2019-03-22,4,0,59,0.0,0.0,0.0,0.0,0.0
2019-03-22,4,0,63,55.68,55.68,0.0,542.103511,0.0
2019-03-22,4,0,64,65.5,65.5,0.0,637.711565,0.0
2019-03-22,4,0,65,8.94,8.94,0.0,88.996039,0.0
2019-03-22,4,0,67,0.0,0.0,0.0,0.0,0.0
2019-03-22,4,0,68,1.41,1.41,0.0,12.787007,0.0
2019-03-22,4,0,69,0.0,0.0,0.0,0.0,0.0
2019-03-22,4,0,74,14.51,14.51,0.0,141.573506,0.0
2019-03-22,4,0,77,50.61,50.61,0.0,455.337995,0.0
2019-03-22,4,0,78,38.26,38.26,0.0,344.225087,0.0
2019-03-22,4,0,79,22.14,22.14,0.0,199.193503,0.0
2019-03-22,4,0,80,35.81,35.81,0.0,322.182446,0.0
2019-03-22,4,0,81,46.82,46.82,0.0,421.239378,0.0
2019-03-22,4,0,82,33.03,33.03,0.0,297.170796,0.0
2019-03-22,4,0,83,73.64,73.64,0.0,662.538825,0.0
2019-03-22,4,0,84,0.0,0.0,0.0,0.0,0.0
2019-03-22,4,0,86,0.0,0.0,0.0,0.0,0.0
2019-03-22,4,0,87,0.0,0.0,0.0,0.0,0.0
2019-03-22,4,0,88,47.54,47.54,0.0,427.717215,0.0
2019-03-22,4,0,89,45.7,45.7,0.0,411.162742,0.0
2019-03-22,4,0,90,61.36,61.36,0.0,552.055707,0.0
2019-03-22,4,0,91,218.88,218.88,0.0,1969.262602,0.0
2019-03-22,4,0,92,78.72,78.72,0.0,708.243567,0.0
2019-03-22,4,0,95,27.01,27.01,0.0,262.413658,0.0
2019-03-22,4,0,96,5.88,5.88,0.0,54.571445,0.0
2019-03-22,4,0,97,36.13,36.13,0.0,335.317402,0.0
2019-03-22,4,0,99,2.8,2.8,0.0,27.319491,0.0
2019-03-22,4,0,101,0.0,0.0,0.0,0.0,0.0
2019-03-22,4,0,102,3.34,3.34,0.0,30.28979,0.0
2019-03-22,4,0,103,2.91,2.91,0.0,26.390206,0.0
2019-03-22,4,0,104,0.54,0.54,0.0,4.897152,0.0
2019-03-22,4,0,106,0.0,0.0,0.0,0.0,0.0
2019-03-22,4,0,109,61.08,61.08,0.0,582.653978,0.0
2019-03-22,4,0,110,95.45,95.45,0.0,908.123941,0.0
2019-03-22,4,0,111,0.0,0.0,0.0,0.0,0.0
2019-03-22,4,0,113,9.74,9.74,0.0,86.790689,0.0
2019-03-22,4,0,115,9.74,9.74,0.0,86.790689,0.0
2019-03-22,4,0,116,0.0,0.0,0.0,0.0,0.0
2019-03-22,4,0,117,0.65,0.65,0.0,5.791986,0.0
2019-03-22,4,0,119,65.5,65.5,0.0,637.711565,0.0
2019-03-22,4,0,120,38.51,38.51,0.0,374.935456,0.0
2019-03-22,4,0,123,0.0,0.0,0.0,0.0,0.0
2019-03-22,4,0,125,41.12,41.12,0.0,381.885534,0.0
2019-03-22,4,0,126,0.0,0.0,0.0,0.0,0.0
2019-03-22,4,0,127,0.0,0.0,0.0,0.0,0.0
2019-03-22,4,0,128,55.85,55.85,0.0,518.68451,0.0
2019-03-22,4,0,131,4.97,4.97,0.0,44.926424,0.0
2019-03-22,4,0,132,7.3,7.3,0.0,65.98851,0.0
2019-03-22,4,0,133,9.91,9.91,0.0,98.732094,0.0
2019-03-22,4,0,134,0.0,0.0,0.0,0.0,0.0
2019-03-22,4,0,135,13.67,13.67,0.0,136.192506,0.0
2019-03-22,4,0,136,11.57,11.57,0.0,115.172521,0.0
2019-03-22,4,0,139,140.39,140.39,0.0,1328.246357,0.0
2019-03-22,4,0,140,70.64,70.64,0.0,672.078316,0.0
2019-03-22,4,0,141,70.98,70.98,0.0,651.484591,0.0
2019-03-22,4,0,142,0.0,0.0,0.0,0.0,0.0
2019-03-22,4,0,143,37.23,37.23,0.0,345.645093,0.0
2019-03-22,4,0,145,7.41,7.41,0.0,69.498653,0.0
2019-03-22,4,0,146,74.68,74.68,0.0,710.515411,0.0
2019-03-22,4,0,152,0.0,0.0,0.0,0.0,0.0
2019-03-22,4,0,153,0.0,0.0,0.0,0.0,0.0
2019-03-22,4,0,154,0.0,0.0,0.0,0.0,0.0
2019-03-22,4,0,157,34.62,34.62,0.0,317.757066,0.0
2019-03-22,4,0,158,0.0,0.0,0.0,0.0,0.0
2019-03-22,4,0,159,0.0,0.0,0.0,0.0,0.0
2019-03-22,4,0,160,0.0,0.0,0.0,0.0,0.0
2019-03-22,4,0,161,0.0,0.0,0.0,0.0,0.0
2019-03-22,4,0,162,12.5,12.5,0.0,121.450664,0.0
2019-03-22,4,0,163,50.39,50.39,0.0,479.417134,0.0
2019-03-22,4,0,164,0.0,0.0,0.0,0.0,0.0
2019-03-22,4,0,167,0.0,0.0,0.0,0.0,0.0
2019-03-22,4,0,168,0.0,0.0,0.0,0.0,0.0
2019-03-22,4,0,169,0.0,0.0,0.0,0.0,0.0
2019-03-22,4,0,170,0.0,0.0,0.0,0.0,0.0
2019-03-22,4,0,172,0.0,0.0,0.0,0.0,0.0
2019-03-22,4,0,173,0.0,0.0,0.0,0.0,0.0
2019-03-22,4,0,188,0.0,0.0,0.0,0.0,0.0
2019-03-22,4,0,190,0.0,0.0,0.0,0.0,0.0
2019-03-22,4,0,191,0.0,0.0,0.0,0.0,0.0
2019-03-22,4,0,192,83.18,83.18,0.0,809.845008,0.0
2019-03-22,4,0,194,63.56,63.56,0.0,556.065936,0.0
2019-03-22,4,0,196,0.0,0.0,0.0,0.0,0.0
2019-03-22,4,0,198,0.0,0.0,0.0,0.0,0.0
2019-03-22,4,0,199,3.71,3.71,0.0,33.067754,0.0
2019-03-22,4,0,200,0.0,0.0,0.0,0.0,0.0
2019-03-22,4,0,204,271.45,271.45,0.0,2584.300492,0.0
2019-03-22,4,0,205,323.09,323.09,0.0,3082.018233,0.0
2019-03-22,4,0,206,106.17,106.17,0.0,985.3487,0.0
2019-03-22,4,0,210,0.0,0.0,0.0,0.0,0.0
2019-03-22,4,0,214,0.0,0.0,0.0,0.0,0.0
2019-03-22,4,0,217,0.0,0.0,0.0,0.0,0.0
2019-03-22,4,0,218,0.0,0.0,0.0,0.0,0.0
2019-03-22,4,0,219,0.0,0.0,0.0,0.0,0.0
2019-03-22,4,0,221,0.0,0.0,0.0,0.0,0.0
2019-03-22,4,0,225,0.0,0.0,0.0,0.0,0.0
2019-03-22,4,0,233,0.0,0.0,0.0,0.0,0.0
2019-03-22,4,0,236,25.85,25.85,0.0,254.878874,0.0
2019-03-22,4,0,237,34.81,34.81,0.0,339.639816,0.0
2019-03-22,4,0,238,0.0,0.0,0.0,0.0,0.0
2019-03-22,4,0,240,0.0,0.0,0.0,0.0,0.0
2019-03-22,4,0,245,10.73,10.73,0.0,107.184889,0.0
2019-03-22,4,0,247,16.38,16.38,0.0,163.624277,0.0
2019-03-22,4,0,248,3.49,3.49,0.0,34.051794,0.0
2019-03-22,4,0,249,20.63,20.63,0.0,206.078683,0.0
2019-03-22,4,0,251,119.54,119.54,0.0,1188.55259,0.0
2019-03-22,4,0,252,57.67,57.67,0.0,574.094133,0.0
2019-03-22,4,0,254,0.0,0.0,0.0,0.0,0.0
2019-03-22,4,0,255,0.0,0.0,0.0,0.0,0.0
2019-03-22,4,0,258,0.0,0.0,0.0,0.0,0.0
2019-03-22,4,0,260,0.0,0.0,0.0,0.0,0.0
2019-03-22,4,0,265,0.0,0.0,0.0,0.0,0.0
2019-03-22,4,0,266,90.9,90.9,0.0,860.015627,0.0
2019-03-22,4,0,267,111.71,111.71,0.0,1056.901493,0.0
2019-03-22,4,0,270,157.37,157.37,0.0,1497.239022,0.0
2019-03-22,4,0,272,32.54,32.54,0.0,289.955751,0.0
2019-03-22,4,0,273,0.0,0.0,0.0,0.0,0.0
2019-03-22,4,0,274,202.87,202.87,0.0,1930.132048,0.0
2019-03-22,4,0,275,282.4,282.4,0.0,2686.791001,0.0
2019-03-22,4,0,276,0.0,0.0,0.0,0.0,0.0
2019-03-22,4,0,277,0.0,0.0,0.0,0.0,0.0
2019-03-22,4,0,278,0.0,0.0,0.0,0.0,0.0
2019-03-22,4,0,279,40.29,40.29,0.0,360.40721,0.0
2019-03-22,4,0,281,7.59,7.59,0.0,70.465921,0.0
2019-03-22,4,0,282,0.0,0.0,0.0,0.0,0.0
2019-03-22,5,0,9,0.0,0.0,0.0,0.0,0.0
2019-03-22,5,0,17,0.0,0.0,0.0,0.0,0.0
2019-03-22,5,0,19,56.51,56.51,0.0,778.640717,0.0
2019-03-22,5,0,20,68.53,68.53,0.0,944.262048,0.0
2019-03-22,5,0,21,0.0,0.0,0.0,0.0,0.0
2019-03-22,5,0,22,0.0,0.0,0.0,0.0,0.0
2019-03-22,5,0,23,26.89,26.89,0.0,311.22091,0.0
2019-03-22,5,0,24,47.57,47.57,0.0,550.568192,0.0
2019-03-22,5,0,29,0.0,0.0,0.0,0.0,0.0
2019-03-22,5,0,30,0.0,0.0,0.0,0.0,0.0
2019-03-22,5,0,31,15.42,15.42,0.0,178.32699,0.0
2019-03-22,5,0,32,0.0,0.0,0.0,0.0,0.0
2019-03-22,5,0,33,0.0,0.0,0.0,0.0,0.0
2019-03-22,5,0,34,0.0,0.0,0.0,0.0,0.0
2019-03-22,5,0,35,0.0,0.0,0.0,0.0,0.0
2019-03-22,5,0,36,0.0,0.0,0.0,0.0,0.0
2019-03-22,5,0,37,0.0,0.0,0.0,0.0,0.0
2019-03-22,5,0,38,0.0,0.0,0.0,0.0,0.0
2019-03-22,5,0,39,0.0,0.0,0.0,0.0,0.0
2019-03-22,5,0,40,0.0,0.0,0.0,0.0,0.0
2019-03-22,5,0,41,106.37,106.37,0.0,1288.303111,0.0
2019-03-22,5,0,42,0.0,0.0,0.0,0.0,0.0
2019-03-22,5,0,43,0.0,0.0,0.0,0.0,0.0
2019-03-22,5,0,46,0.0,0.0,0.0,0.0,0.0
2019-03-22,5,0,52,16.35,16.35,0.0,189.08212,0.0
2019-03-22,5,0,53,25.97,25.97,0.0,300.334107,0.0
2019-03-22,5,0,55,168.94,168.94,0.0,1955.286742,0.0
2019-03-22,5,0,56,0.0,0.0,0.0,0.0,0.0
2019-03-22,5,0,57,0.0,0.0,0.0,0.0,0.0
2019-03-22,5,0,58,0.0,0.0,0.0,0.0,0.0
2019-03-22,5,0,59,0.0,0.0,0.0,0.0,0.0
2019-03-22,5,0,63,52.14,52.14,0.0,564.734854,0.0
2019-03-22,5,0,64,61.34,61.34,0.0,664.381203,0.0
2019-03-22,5,0,65,6.98,6.98,0.0,95.996855,0.0
2019-03-22,5,0,67,0.0,0.0,0.0,0.0,0.0
2019-03-22,5,0,68,1.3,1.3,0.0,13.863866,0.0
2019-03-22,5,0,69,0.0,0.0,0.0,0.0,0.0
2019-03-22,5,0,74,12.38,12.38,0.0,161.782029,0.0
2019-03-22,5,0,77,48.64,48.64,0.0,520.568163,0.0
2019-03-22,5,0,78,36.77,36.77,0.0,393.529838,0.0
2019-03-22,5,0,79,21.28,21.28,0.0,227.748571,0.0
2019-03-22,5,0,80,34.41,34.41,0.0,368.272008,0.0
2019-03-22,5,0,81,44.99,44.99,0.0,481.504145,0.0
2019-03-22,5,0,82,31.74,31.74,0.0,339.696412,0.0
2019-03-22,5,0,83,70.77,70.77,0.0,757.413834,0.0
2019-03-22,5,0,84,0.0,0.0,0.0,0.0,0.0
2019-03-22,5,0,86,0.0,0.0,0.0,0.0,0.0
2019-03-22,5,0,87,0.0,0.0,0.0,0.0,0.0
2019-03-22,5,0,88,41.62,41.62,0.0,445.43682,0.0
2019-03-22,5,0,89,40.01,40.01,0.0,428.205843,0.0
2019-03-22,5,0,90,53.72,53.72,0.0,574.936712,0.0
2019-03-22,5,0,91,191.65,191.65,0.0,2051.128461,0.0
2019-03-22,5,0,92,68.92,68.92,0.0,737.614263,0.0
2019-03-22,5,0,95,8.53,8.53,0.0,91.95046,0.0
2019-03-22,5,0,96,5.45,5.45,0.0,62.974986,0.0
2019-03-22,5,0,97,33.53,33.53,0.0,387.440604,0.0
2019-03-22,5,0,99,2.39,2.39,0.0,31.232557,0.0
2019-03-22,5,0,101,0.0,0.0,0.0,0.0,0.0
2019-03-22,5,0,102,3.08,3.08,0.0,32.846699,0.0
2019-03-22,5,0,103,2.68,2.68,0.0,28.580894,0.0
2019-03-22,5,0,104,0.5,0.5,0.0,5.332256,0.0
2019-03-22,5,0,106,0.0,0.0,0.0,0.0,0.0
2019-03-22,5,0,109,54.07,54.07,0.0,666.313719,0.0
2019-03-22,5,0,110,93.82,93.82,0.0,1009.932269,0.0
2019-03-22,5,0,111,0.0,0.0,0.0,0.0,0.0
2019-03-22,5,0,113,20.86,20.86,0.0,219.143587,0.0
2019-03-22,5,0,115,20.86,20.86,0.0,219.143587,0.0
2019-03-22,5,0,116,0.0,0.0,0.0,0.0,0.0
2019-03-22,5,0,117,1.0,1.0,0.0,10.505445,0.0
2019-03-22,5,0,119,61.34,61.34,0.0,664.381203,0.0
2019-03-22,5,0,120,36.07,36.07,0.0,390.678676,0.0
2019-03-22,5,0,123,0.0,0.0,0.0,0.0,0.0
2019-03-22,5,0,125,43.05,43.05,0.0,498.254376,0.0
2019-03-22,5,0,126,0.0,0.0,0.0,0.0,0.0
2019-03-22,5,0,127,0.0,0.0,0.0,0.0,0.0
2019-03-22,5,0,128,61.66,61.66,0.0,713.643782,0.0
2019-03-22,5,0,131,5.15,5.15,0.0,54.888362,0.0
2019-03-22,5,0,132,7.58,7.58,0.0,80.787142,0.0
2019-03-22,5,0,133,2.54,2.54,0.0,35.004331,0.0
2019-03-22,5,0,134,0.0,0.0,0.0,0.0,0.0
2019-03-22,5,0,135,3.62,3.62,0.0,49.888062,0.0
2019-03-22,5,0,136,10.93,10.93,0.0,150.306312,0.0
2019-03-22,5,0,139,137.36,137.36,0.0,1663.639328,0.0
2019-03-22,5,0,140,69.44,69.44,0.0,747.491971,0.0
2019-03-22,5,0,141,64.58,64.58,0.0,690.304922,0.0
2019-03-22,5,0,142,0.0,0.0,0.0,0.0,0.0
2019-03-22,5,0,143,62.14,62.14,0.0,718.627701,0.0
2019-03-22,5,0,145,6.81,6.81,0.0,80.680109,0.0
2019-03-22,5,0,146,71.26,71.26,0.0,767.083495,0.0
2019-03-22,5,0,152,0.0,0.0,0.0,0.0,0.0
2019-03-22,5,0,153,0.0,0.0,0.0,0.0,0.0
2019-03-22,5,0,154,0.0,0.0,0.0,0.0,0.0
2019-03-22,5,0,157,33.1,33.1,0.0,353.810668,0.0
2019-03-22,5,0,158,0.0,0.0,0.0,0.0,0.0
2019-03-22,5,0,159,0.0,0.0,0.0,0.0,0.0
2019-03-22,5,0,160,0.0,0.0,0.0,0.0,0.0
2019-03-22,5,0,161,0.0,0.0,0.0,0.0,0.0
2019-03-22,5,0,162,9.46,9.46,0.0,101.985336,0.0
2019-03-22,5,0,163,45.53,45.53,0.0,490.111023,0.0
2019-03-22,5,0,164,0.0,0.0,0.0,0.0,0.0
2019-03-22,5,0,167,0.0,0.0,0.0,0.0,0.0
2019-03-22,5,0,168,0.0,0.0,0.0,0.0,0.0
2019-03-22,5,0,169,0.0,0.0,0.0,0.0,0.0
2019-03-22,5,0,170,0.0,0.0,0.0,0.0,0.0
2019-03-22,5,0,172,0.0,0.0,0.0,0.0,0.0
2019-03-22,5,0,173,0.0,0.0,0.0,0.0,0.0
2019-03-22,5,0,188,0.0,0.0,0.0,0.0,0.0
2019-03-22,5,0,190,0.0,0.0,0.0,0.0,0.0
2019-03-22,5,0,191,0.0,0.0,0.0,0.0,0.0
2019-03-22,5,0,192,78.79,78.79,0.0,853.384334,0.0
2019-03-22,5,0,194,55.6,55.6,0.0,572.862594,0.0
2019-03-22,5,0,196,0.0,0.0,0.0,0.0,0.0
2019-03-22,5,0,198,0.0,0.0,0.0,0.0,0.0
2019-03-22,5,0,199,1.87,1.87,0.0,18.260129,0.0
2019-03-22,5,0,200,0.0,0.0,0.0,0.0,0.0
2019-03-22,5,0,204,241.57,241.57,0.0,2961.747205,0.0
2019-03-22,5,0,205,286.04,286.04,0.0,3524.919106,0.0
2019-03-22,5,0,206,98.52,98.52,0.0,1138.402873,0.0
2019-03-22,5,0,210,0.0,0.0,0.0,0.0,0.0
2019-03-22,5,0,214,0.0,0.0,0.0,0.0,0.0
2019-03-22,5,0,217,0.0,0.0,0.0,0.0,0.0
2019-03-22,5,0,218,0.0,0.0,0.0,0.0,0.0
2019-03-22,5,0,219,0.0,0.0,0.0,0.0,0.0
2019-03-22,5,0,221,0.0,0.0,0.0,0.0,0.0
2019-03-22,5,0,225,0.0,0.0,0.0,0.0,0.0
2019-03-22,5,0,233,0.0,0.0,0.0,0.0,0.0
2019-03-22,5,0,236,16.99,16.99,0.0,228.033134,0.0
2019-03-22,5,0,237,29.69,29.69,0.0,387.989374,0.0
2019-03-22,5,0,238,0.0,0.0,0.0,0.0,0.0
2019-03-22,5,0,240,0.0,0.0,0.0,0.0,0.0
2019-03-22,5,0,245,6.78,6.78,0.0,94.060652,0.0
2019-03-22,5,0,247,10.3,10.3,0.0,142.894501,0.0
2019-03-22,5,0,248,2.98,2.98,0.0,38.942686,0.0
2019-03-22,5,0,249,13.04,13.04,0.0,180.907213,0.0
2019-03-22,5,0,251,86.47,86.47,0.0,1185.587208,0.0
2019-03-22,5,0,252,45.02,45.02,0.0,619.16596,0.0
2019-03-22,5,0,254,0.0,0.0,0.0,0.0,0.0
2019-03-22,5,0,255,0.0,0.0,0.0,0.0,0.0
2019-03-22,5,0,258,0.0,0.0,0.0,0.0,0.0
2019-03-22,5,0,260,0.0,0.0,0.0,0.0,0.0
2019-03-22,5,0,265,0.0,0.0,0.0,0.0,0.0
2019-03-22,5,0,266,88.95,88.95,0.0,1077.320313,0.0
2019-03-22,5,0,267,109.3,109.3,0.0,1323.789884,0.0
2019-03-22,5,0,270,142.2,142.2,0.0,1530.722326,0.0
2019-03-22,5,0,272,71.71,71.71,0.0,753.345475,0.0
2019-03-22,5,0,273,0.0,0.0,0.0,0.0,0.0
2019-03-22,5,0,274,183.31,183.31,0.0,1973.253935,0.0
2019-03-22,5,0,275,255.17,255.17,0.0,2746.796174,0.0
2019-03-22,5,0,276,0.0,0.0,0.0,0.0,0.0
2019-03-22,5,0,277,0.0,0.0,0.0,0.0,0.0
2019-03-22,5,0,278,0.0,0.0,0.0,0.0,0.0
2019-03-22,5,0,279,33.99,33.99,0.0,359.764973,0.0
2019-03-22,5,0,281,6.92,6.92,0.0,80.027417,0.0
2019-03-22,5,0,282,0.0,0.0,0.0,0.0,0.0
2019-03-22,6,0,9,0.0,0.0,0.0,0.0,0.0
2019-03-22,6,0,17,0.0,0.0,0.0,0.0,0.0
2019-03-22,6,0,19,44.6,44.6,0.0,614.524159,0.0
2019-03-22,6,0,20,54.09,54.09,0.0,745.282775,0.0
2019-03-22,6,0,21,0.0,0.0,0.0,0.0,0.0
2019-03-22,6,0,22,0.0,0.0,0.0,0.0,0.0
2019-03-22,6,0,23,24.84,24.84,0.0,288.254711,0.0
2019-03-22,6,0,24,43.96,43.96,0.0,510.131928,0.0
2019-03-22,6,0,29,0.0,0.0,0.0,0.0,0.0
2019-03-22,6,0,30,0.0,0.0,0.0,0.0,0.0
2019-03-22,6,0,31,14.02,14.02,0.0,162.568109,0.0
2019-03-22,6,0,32,0.0,0.0,0.0,0.0,0.0
2019-03-22,6,0,33,0.0,0.0,0.0,0.0,0.0
2019-03-22,6,0,34,0.0,0.0,0.0,0.0,0.0
2019-03-22,6,0,35,0.0,0.0,0.0,0.0,0.0
2019-03-22,6,0,36,0.0,0.0,0.0,0.0,0.0
2019-03-22,6,0,37,0.0,0.0,0.0,0.0,0.0
2019-03-22,6,0,38,0.0,0.0,0.0,0.0,0.0
2019-03-22,6,0,39,0.0,0.0,0.0,0.0,0.0
2019-03-22,6,0,40,0.0,0.0,0.0,0.0,0.0
2019-03-22,6,0,41,105.52,105.52,0.0,1280.213824,0.0
2019-03-22,6,0,42,0.0,0.0,0.0,0.0,0.0
2019-03-22,6,0,43,0.0,0.0,0.0,0.0,0.0
2019-03-22,6,0,46,0.0,0.0,0.0,0.0,0.0
2019-03-22,6,0,52,14.86,14.86,0.0,172.308281,0.0
2019-03-22,6,0,53,23.6,23.6,0.0,273.652452,0.0
2019-03-22,6,0,55,67.75,67.75,0.0,786.201959,0.0
2019-03-22,6,0,56,0.0,0.0,0.0,0.0,0.0
2019-03-22,6,0,57,0.0,0.0,0.0,0.0,0.0
2019-03-22,6,0,58,0.0,0.0,0.0,0.0,0.0
2019-03-22,6,0,59,0.0,0.0,0.0,0.0,0.0
2019-03-22,6,0,63,49.16,49.16,0.0,664.583497,0.0
2019-03-22,6,0,64,57.84,57.84,0.0,781.926556,0.0
2019-03-22,6,0,65,5.35,5.35,0.0,73.579251,0.0
2019-03-22,6,0,67,0.0,0.0,0.0,0.0,0.0
2019-03-22,6,0,68,1.3,1.3,0.0,14.343471,0.0
2019-03-22,6,0,69,0.0,0.0,0.0,0.0,0.0
2019-03-22,6,0,74,10.61,10.61,0.0,138.724046,0.0
2019-03-22,6,0,77,48.53,48.53,0.0,521.73013,0.0
2019-03-22,6,0,78,36.69,36.69,0.0,394.442169,0.0
2019-03-22,6,0,79,21.23,21.23,0.0,228.236774,0.0
2019-03-22,6,0,80,34.33,34.33,0.0,369.070582,0.0
2019-03-22,6,0,81,44.89,44.89,0.0,482.597683,0.0
2019-03-22,6,0,82,31.67,31.67,0.0,340.473794,0.0
2019-03-22,6,0,83,70.61,70.61,0.0,759.104976,0.0
2019-03-22,6,0,84,0.0,0.0,0.0,0.0,0.0
2019-03-22,6,0,86,0.0,0.0,0.0,0.0,0.0
2019-03-22,6,0,87,0.0,0.0,0.0,0.0,0.0
2019-03-22,6,0,88,38.03,38.03,0.0,408.84807,0.0
2019-03-22,6,0,89,36.56,36.56,0.0,393.044582,0.0
2019-03-22,6,0,90,49.09,49.09,0.0,527.750507,0.0
2019-03-22,6,0,91,175.1,175.1,0.0,1882.442732,0.0
2019-03-22,6,0,92,62.97,62.97,0.0,676.969839,0.0
2019-03-22,6,0,95,6.19,6.19,0.0,83.356247,0.0
2019-03-22,6,0,96,5.23,5.23,0.0,60.594897,0.0
2019-03-22,6,0,97,32.17,32.17,0.0,372.722338,0.0
2019-03-22,6,0,99,2.05,2.05,0.0,26.803421,0.0
2019-03-22,6,0,101,0.0,0.0,0.0,0.0,0.0
2019-03-22,6,0,102,3.07,3.07,0.0,33.872658,0.0
2019-03-22,6,0,103,2.67,2.67,0.0,29.459282,0.0
2019-03-22,6,0,104,0.5,0.5,0.0,5.51672,0.0
2019-03-22,6,0,106,0.0,0.0,0.0,0.0,0.0
2019-03-22,6,0,109,50.01,50.01,0.0,617.024852,0.0
2019-03-22,6,0,110,93.28,93.28,0.0,1183.972349,0.0
2019-03-22,6,0,111,0.0,0.0,0.0,0.0,0.0
2019-03-22,6,0,113,25.82,25.82,0.0,270.577708,0.0
2019-03-22,6,0,115,25.82,25.82,0.0,270.577708,0.0
2019-03-22,6,0,116,0.0,0.0,0.0,0.0,0.0
2019-03-22,6,0,117,1.02,1.02,0.0,10.688972,0.0
2019-03-22,6,0,119,57.84,57.84,0.0,781.926556,0.0
2019-03-22,6,0,120,34.01,34.01,0.0,459.773896,0.0
2019-03-22,6,0,123,0.0,0.0,0.0,0.0,0.0
2019-03-22,6,0,125,39.78,39.78,0.0,461.625298,0.0
2019-03-22,6,0,126,0.0,0.0,0.0,0.0,0.0
2019-03-22,6,0,127,0.0,0.0,0.0,0.0,0.0
2019-03-22,6,0,128,56.97,56.97,0.0,661.105913,0.0
2019-03-22,6,0,131,5.66,5.66,0.0,61.831856,0.0
2019-03-22,6,0,132,8.32,8.32,0.0,90.890643,0.0
2019-03-22,6,0,133,1.08,1.08,0.0,14.883442,0.0
2019-03-22,6,0,134,0.0,0.0,0.0,0.0,0.0
2019-03-22,6,0,135,1.45,1.45,0.0,19.9824,0.0
2019-03-22,6,0,136,10.32,10.32,0.0,141.917901,0.0
2019-03-22,6,0,139,136.27,136.27,0.0,1653.285991,0.0
2019-03-22,6,0,140,69.04,69.04,0.0,876.302004,0.0
2019-03-22,6,0,141,61.61,61.61,0.0,704.934456,0.0
2019-03-22,6,0,142,0.0,0.0,0.0,0.0,0.0
2019-03-22,6,0,143,96.48,96.48,0.0,1118.72833,0.0
2019-03-22,6,0,145,6.47,6.47,0.0,76.812955,0.0
2019-03-22,6,0,146,68.99,68.99,0.0,875.667371,0.0
2019-03-22,6,0,152,0.0,0.0,0.0,0.0,0.0
2019-03-22,6,0,153,0.0,0.0,0.0,0.0,0.0
2019-03-22,6,0,154,0.0,0.0,0.0,0.0,0.0
2019-03-22,6,0,157,31.59,31.59,0.0,361.449107,0.0
2019-03-22,6,0,158,0.0,0.0,0.0,0.0,0.0
2019-03-22,6,0,159,0.0,0.0,0.0,0.0,0.0
2019-03-22,6,0,160,0.0,0.0,0.0,0.0,0.0
2019-03-22,6,0,161,0.0,0.0,0.0,0.0,0.0
2019-03-22,6,0,162,6.99,6.99,0.0,94.142353,0.0
2019-03-22,6,0,163,41.99,41.99,0.0,532.965254,0.0
2019-03-22,6,0,164,0.0,0.0,0.0,0.0,0.0
2019-03-22,6,0,167,0.0,0.0,0.0,0.0,0.0
2019-03-22,6,0,168,0.0,0.0,0.0,0.0,0.0
2019-03-22,6,0,169,0.0,0.0,0.0,0.0,0.0
2019-03-22,6,0,170,0.0,0.0,0.0,0.0,0.0
2019-03-22,6,0,172,0.0,0.0,0.0,0.0,0.0
2019-03-22,6,0,173,0.0,0.0,0.0,0.0,0.0
2019-03-22,6,0,188,0.0,0.0,0.0,0.0,0.0
2019-03-22,6,0,190,0.0,0.0,0.0,0.0,0.0
2019-03-22,6,0,191,0.0,0.0,0.0,0.0,0.0
2019-03-22,6,0,192,74.89,74.89,0.0,1012.42185,0.0
2019-03-22,6,0,194,49.66,49.66,0.0,492.738495,0.0
2019-03-22,6,0,196,0.0,0.0,0.0,0.0,0.0
2019-03-22,6,0,198,0.0,0.0,0.0,0.0,0.0
2019-03-22,6,0,199,0.79,0.79,0.0,8.203394,0.0
2019-03-22,6,0,200,0.0,0.0,0.0,0.0,0.0
2019-03-22,6,0,204,223.05,223.05,0.0,2738.175557,0.0
2019-03-22,6,0,205,264.54,264.54,0.0,3263.902308,0.0
2019-03-22,6,0,206,94.52,94.52,0.0,1095.110829,0.0
2019-03-22,6,0,210,0.0,0.0,0.0,0.0,0.0
2019-03-22,6,0,214,0.0,0.0,0.0,0.0,0.0
2019-03-22,6,0,217,0.0,0.0,0.0,0.0,0.0
2019-03-22,6,0,218,0.0,0.0,0.0,0.0,0.0
2019-03-22,6,0,219,0.0,0.0,0.0,0.0,0.0
2019-03-22,6,0,221,0.0,0.0,0.0,0.0,0.0
2019-03-22,6,0,225,0.0,0.0,0.0,0.0,0.0
2019-03-22,6,0,233,0.0,0.0,0.0,0.0,0.0
2019-03-22,6,0,236,10.57,10.57,0.0,141.899242,0.0
2019-03-22,6,0,237,25.45,25.45,0.0,332.754662,0.0
2019-03-22,6,0,238,0.0,0.0,0.0,0.0,0.0
2019-03-22,6,0,240,0.0,0.0,0.0,0.0,0.0
2019-03-22,6,0,245,3.91,3.91,0.0,54.239949,0.0
2019-03-22,6,0,247,5.99,5.99,0.0,83.093938,0.0
2019-03-22,6,0,248,2.55,2.55,0.0,33.34084,0.0
2019-03-22,6,0,249,7.51,7.51,0.0,104.179545,0.0
2019-03-22,6,0,251,60.16,60.16,0.0,824.875831,0.0
2019-03-22,6,0,252,34.48,34.48,0.0,474.207959,0.0
2019-03-22,6,0,254,0.0,0.0,0.0,0.0,0.0
2019-03-22,6,0,255,0.0,0.0,0.0,0.0,0.0
2019-03-22,6,0,258,0.0,0.0,0.0,0.0,0.0
2019-03-22,6,0,260,0.0,0.0,0.0,0.0,0.0
2019-03-22,6,0,265,0.0,0.0,0.0,0.0,0.0
2019-03-22,6,0,266,88.24,88.24,0.0,1070.565464,0.0
2019-03-22,6,0,267,108.43,108.43,0.0,1315.51919,0.0
2019-03-22,6,0,270,131.12,131.12,0.0,1664.263019,0.0
2019-03-22,6,0,272,91.13,91.13,0.0,954.986309,0.0
2019-03-22,6,0,273,0.0,0.0,0.0,0.0,0.0
2019-03-22,6,0,274,169.03,169.03,0.0,2145.442176,0.0
2019-03-22,6,0,275,235.29,235.29,0.0,2986.458555,0.0
2019-03-22,6,0,276,0.0,0.0,0.0,0.0,0.0
2019-03-22,6,0,277,0.0,0.0,0.0,0.0,0.0
2019-03-22,6,0,278,0.0,0.0,0.0,0.0,0.0
2019-03-22,6,0,279,30.98,30.98,0.0,328.020831,0.0
2019-03-22,6,0,281,6.3,6.3,0.0,73.05129,0.0
2019-03-22,6,0,282,0.0,0.0,0.0,0.0,0.0
2019-03-22,7,0,9,0.0,0.0,0.0,0.0,0.0
2019-03-22,7,0,17,0.0,0.0,0.0,0.0,0.0
2019-03-22,7,0,19,36.76,36.76,0.0,506.297812,0.0
2019-03-22,7,0,20,44.58,44.58,0.0,614.003168,0.0
2019-03-22,7,0,21,0.0,0.0,0.0,0.0,0.0
2019-03-22,7,0,22,0.0,0.0,0.0,0.0,0.0
2019-03-22,7,0,23,24.06,24.06,0.0,298.172755,0.0
2019-03-22,7,0,24,42.56,42.56,0.0,527.441082,0.0
2019-03-22,7,0,29,0.0,0.0,0.0,0.0,0.0
2019-03-22,7,0,30,0.0,0.0,0.0,0.0,0.0
2019-03-22,7,0,31,31.2,31.2,0.0,386.53559,0.0
2019-03-22,7,0,32,0.0,0.0,0.0,0.0,0.0
2019-03-22,7,0,33,0.0,0.0,0.0,0.0,0.0
2019-03-22,7,0,34,0.0,0.0,0.0,0.0,0.0
2019-03-22,7,0,35,0.0,0.0,0.0,0.0,0.0
2019-03-22,7,0,36,0.0,0.0,0.0,0.0,0.0
2019-03-22,7,0,37,0.0,0.0,0.0,0.0,0.0
2019-03-22,7,0,38,0.0,0.0,0.0,0.0,0.0
2019-03-22,7,0,39,0.0,0.0,0.0,0.0,0.0
2019-03-22,7,0,40,0.0,0.0,0.0,0.0,0.0
2019-03-22,7,0,41,78.36,78.36,0.0,991.747804,0.0
2019-03-22,7,0,42,0.0,0.0,0.0,0.0,0.0
2019-03-22,7,0,43,0.0,0.0,0.0,0.0,0.0
2019-03-22,7,0,46,0.0,0.0,0.0,0.0,0.0
2019-03-22,7,0,52,33.07,33.07,0.0,409.702947,0.0
2019-03-22,7,0,53,52.56,52.56,0.0,651.163801,0.0
2019-03-22,7,0,55,68.19,68.19,0.0,845.070662,0.0
2019-03-22,7,0,56,0.0,0.0,0.0,0.0,0.0
2019-03-22,7,0,57,0.0,0.0,0.0,0.0,0.0
2019-03-22,7,0,58,0.0,0.0,0.0,0.0,0.0
2019-03-22,7,0,59,0.0,0.0,0.0,0.0,0.0
2019-03-22,7,0,63,47.06,47.06,0.0,560.875795,0.0
2019-03-22,7,0,64,55.36,55.36,0.0,659.79779,0.0
2019-03-22,7,0,65,4.0,4.0,0.0,55.012524,0.0
2019-03-22,7,0,67,0.0,0.0,0.0,0.0,0.0
2019-03-22,7,0,68,1.4,1.4,0.0,16.788958,0.0
2019-03-22,7,0,69,0.0,0.0,0.0,0.0,0.0
2019-03-22,7,0,74,9.12,9.12,0.0,120.672874,0.0
2019-03-22,7,0,77,50.58,50.58,0.0,608.417792,0.0
2019-03-22,7,0,78,38.24,38.24,0.0,459.982135,0.0
2019-03-22,7,0,79,22.13,22.13,0.0,266.19782,0.0
2019-03-22,7,0,80,35.78,35.78,0.0,430.391234,0.0
2019-03-22,7,0,81,46.78,46.78,0.0,562.708271,0.0
2019-03-22,7,0,82,33.0,33.0,0.0,396.95111,0.0
2019-03-22,7,0,83,73.59,73.59,0.0,885.200975,0.0
2019-03-22,7,0,84,0.0,0.0,0.0,0.0,0.0
2019-03-22,7,0,86,0.0,0.0,0.0,0.0,0.0
2019-03-22,7,0,87,0.0,0.0,0.0,0.0,0.0
2019-03-22,7,0,88,36.81,36.81,0.0,442.78092,0.0
2019-03-22,7,0,89,35.38,35.38,0.0,425.579705,0.0
2019-03-22,7,0,90,47.51,47.51,0.0,571.48931,0.0
2019-03-22,7,0,91,169.48,169.48,0.0,2038.644671,0.0
2019-03-22,7,0,92,60.95,60.95,0.0,733.156671,0.0
2019-03-22,7,0,95,4.4,4.4,0.0,52.445224,0.0
2019-03-22,7,0,96,5.17,5.17,0.0,64.029742,0.0
2019-03-22,7,0,97,31.79,31.79,0.0,393.714795,0.0
2019-03-22,7,0,99,1.76,1.76,0.0,23.287748,0.0
2019-03-22,7,0,101,0.0,0.0,0.0,0.0,0.0
2019-03-22,7,0,102,3.31,3.31,0.0,39.693894,0.0
2019-03-22,7,0,103,2.88,2.88,0.0,34.537286,0.0
2019-03-22,7,0,104,0.53,0.53,0.0,6.35582,0.0
2019-03-22,7,0,106,0.0,0.0,0.0,0.0,0.0
2019-03-22,7,0,109,48.65,48.65,0.0,617.148672,0.0
2019-03-22,7,0,110,91.71,91.71,0.0,1094.295686,0.0
2019-03-22,7,0,111,0.0,0.0,0.0,0.0,0.0
2019-03-22,7,0,113,14.28,14.28,0.0,170.669455,0.0
2019-03-22,7,0,115,14.28,14.28,0.0,170.669455,0.0
2019-03-22,7,0,116,0.0,0.0,0.0,0.0,0.0
2019-03-22,7,0,117,0.59,0.59,0.0,7.051469,0.0
2019-03-22,7,0,119,55.36,55.36,0.0,659.79779,0.0
2019-03-22,7,0,120,32.55,32.55,0.0,387.941078,0.0
2019-03-22,7,0,123,0.0,0.0,0.0,0.0,0.0
2019-03-22,7,0,125,38.52,38.52,0.0,477.373836,0.0
2019-03-22,7,0,126,0.0,0.0,0.0,0.0,0.0
2019-03-22,7,0,127,0.0,0.0,0.0,0.0,0.0
2019-03-22,7,0,128,55.17,55.17,0.0,683.715331,0.0
2019-03-22,7,0,131,6.5,6.5,0.0,77.974367,0.0
2019-03-22,7,0,132,9.55,9.55,0.0,114.56234,0.0
2019-03-22,7,0,133,0.0,0.0,0.0,0.0,0.0
2019-03-22,7,0,134,0.0,0.0,0.0,0.0,0.0
2019-03-22,7,0,135,0.0,0.0,0.0,0.0,0.0
2019-03-22,7,0,136,9.79,9.79,0.0,134.63244,0.0
2019-03-22,7,0,139,101.2,101.2,0.0,1280.817736,0.0
2019-03-22,7,0,140,67.88,67.88,0.0,809.953017,0.0
2019-03-22,7,0,141,62.08,62.08,0.0,743.55373,0.0
2019-03-22,7,0,142,0.0,0.0,0.0,0.0,0.0
2019-03-22,7,0,143,62.18,62.18,0.0,770.345608,0.0
2019-03-22,7,0,145,6.34,6.34,0.0,79.25083,0.0
2019-03-22,7,0,146,66.56,66.56,0.0,794.202605,0.0
2019-03-22,7,0,152,0.0,0.0,0.0,0.0,0.0
2019-03-22,7,0,153,0.0,0.0,0.0,0.0,0.0
2019-03-22,7,0,154,0.0,0.0,0.0,0.0,0.0
2019-03-22,7,0,157,30.26,30.26,0.0,362.434534,0.0
2019-03-22,7,0,158,0.0,0.0,0.0,0.0,0.0
2019-03-22,7,0,159,0.0,0.0,0.0,0.0,0.0
2019-03-22,7,0,160,0.0,0.0,0.0,0.0,0.0
2019-03-22,7,0,161,0.0,0.0,0.0,0.0,0.0
2019-03-22,7,0,162,5.06,5.06,0.0,60.311755,0.0
2019-03-22,7,0,163,39.51,39.51,0.0,471.438475,0.0
2019-03-22,7,0,164,0.0,0.0,0.0,0.0,0.0
2019-03-22,7,0,167,0.0,0.0,0.0,0.0,0.0
2019-03-22,7,0,168,0.0,0.0,0.0,0.0,0.0
2019-03-22,7,0,169,0.0,0.0,0.0,0.0,0.0
2019-03-22,7,0,170,0.0,0.0,0.0,0.0,0.0
2019-03-22,7,0,172,0.0,0.0,0.0,0.0,0.0
2019-03-22,7,0,173,0.0,0.0,0.0,0.0,0.0
2019-03-22,7,0,188,0.0,0.0,0.0,0.0,0.0
2019-03-22,7,0,190,0.0,0.0,0.0,0.0,0.0
2019-03-22,7,0,191,0.0,0.0,0.0,0.0,0.0
2019-03-22,7,0,192,71.38,71.38,0.0,850.72916,0.0
2019-03-22,7,0,194,45.89,45.89,0.0,545.660765,0.0
2019-03-22,7,0,196,0.0,0.0,0.0,0.0,0.0
2019-03-22,7,0,198,0.0,0.0,0.0,0.0,0.0
2019-03-22,7,0,199,0.0,0.0,0.0,0.0,0.0
2019-03-22,7,0,200,0.0,0.0,0.0,0.0,0.0
2019-03-22,7,0,204,216.13,216.13,0.0,2732.590915,0.0
2019-03-22,7,0,205,257.38,257.38,0.0,3264.989214,0.0
2019-03-22,7,0,206,93.42,93.42,0.0,1156.993901,0.0
2019-03-22,7,0,210,0.0,0.0,0.0,0.0,0.0
2019-03-22,7,0,214,0.0,0.0,0.0,0.0,0.0
2019-03-22,7,0,217,0.0,0.0,0.0,0.0,0.0
2019-03-22,7,0,218,0.0,0.0,0.0,0.0,0.0
2019-03-22,7,0,219,0.0,0.0,0.0,0.0,0.0
2019-03-22,7,0,221,0.0,0.0,0.0,0.0,0.0
2019-03-22,7,0,225,0.0,0.0,0.0,0.0,0.0
2019-03-22,7,0,233,0.0,0.0,0.0,0.0,0.0
2019-03-22,7,0,236,6.21,6.21,0.0,83.799252,0.0
2019-03-22,7,0,237,21.87,21.87,0.0,289.376727,0.0
2019-03-22,7,0,238,0.0,0.0,0.0,0.0,0.0
2019-03-22,7,0,240,0.0,0.0,0.0,0.0,0.0
2019-03-22,7,0,245,2.0,2.0,0.0,27.692721,0.0
2019-03-22,7,0,247,0.0,0.0,0.0,0.0,0.0
2019-03-22,7,0,248,2.2,2.2,0.0,29.109684,0.0
2019-03-22,7,0,249,3.85,3.85,0.0,53.308488,0.0
2019-03-22,7,0,251,40.05,40.05,0.0,549.502237,0.0
2019-03-22,7,0,252,25.8,25.8,0.0,354.830781,0.0
2019-03-22,7,0,254,0.0,0.0,0.0,0.0,0.0
2019-03-22,7,0,255,0.0,0.0,0.0,0.0,0.0
2019-03-22,7,0,258,0.0,0.0,0.0,0.0,0.0
2019-03-22,7,0,260,0.0,0.0,0.0,0.0,0.0
2019-03-22,7,0,265,0.0,0.0,0.0,0.0,0.0
2019-03-22,7,0,266,65.52,65.52,0.0,829.24089,0.0
2019-03-22,7,0,267,80.52,80.52,0.0,1019.085416,0.0
2019-03-22,7,0,270,123.38,123.38,0.0,1472.186258,0.0
2019-03-22,7,0,272,50.8,50.8,0.0,607.14344,0.0
2019-03-22,7,0,273,0.0,0.0,0.0,0.0,0.0
2019-03-22,7,0,274,159.05,159.05,0.0,1897.805352,0.0
2019-03-22,7,0,275,221.39,221.39,0.0,2641.654366,0.0
2019-03-22,7,0,276,0.0,0.0,0.0,0.0,0.0
2019-03-22,7,0,277,0.0,0.0,0.0,0.0,0.0
2019-03-22,7,0,278,0.0,0.0,0.0,0.0,0.0
2019-03-22,7,0,279,30.32,30.32,0.0,363.311972,0.0
2019-03-22,7,0,281,13.99,13.99,0.0,173.321567,0.0
2019-03-22,7,0,282,0.0,0.0,0.0,0.0,0.0
2019-03-22,8,0,9,0.12,0.12,0.0,1.384792,0.0
2019-03-22,8,0,17,5.25,5.25,0.0,72.340189,0.0
2019-03-22,8,0,19,49.53,49.53,0.0,682.478016,0.0
2019-03-22,8,0,20,61.65,61.65,0.0,849.480511,0.0
2019-03-22,8,0,21,2.71,2.71,0.0,31.273212,0.0
2019-03-22,8,0,22,9.65,9.65,0.0,111.36033,0.0
2019-03-22,8,0,23,40.89,40.89,0.0,471.867759,0.0
2019-03-22,8,0,24,72.34,72.34,0.0,834.798575,0.0
2019-03-22,8,0,29,1.42,1.42,0.0,10.921846,0.0
2019-03-22,8,0,30,13.09,13.09,0.0,150.934635,0.0
2019-03-22,8,0,31,16.47,16.47,0.0,189.907825,0.0
2019-03-22,8,0,32,0.76,0.76,0.0,8.293031,0.0
2019-03-22,8,0,33,0.33,0.33,0.0,4.759789,0.0
2019-03-22,8,0,34,0.53,0.53,0.0,7.644509,0.0
2019-03-22,8,0,35,0.53,0.53,0.0,7.644509,0.0
2019-03-22,8,0,36,1.12,1.12,0.0,14.002263,0.0
2019-03-22,8,0,37,0.54,0.54,0.0,6.719635,0.0
2019-03-22,8,0,38,0.69,0.69,0.0,8.586201,0.0
2019-03-22,8,0,39,0.46,0.46,0.0,5.724134,0.0
2019-03-22,8,0,40,0.46,0.46,0.0,5.724134,0.0
2019-03-22,8,0,41,34.8,34.8,0.0,420.674891,0.0
2019-03-22,8,0,42,5.01,5.01,0.0,68.333267,0.0
2019-03-22,8,0,43,3.54,3.54,0.0,43.718247,0.0
2019-03-22,8,0,46,2.96,2.96,0.0,36.410421,0.0
2019-03-22,8,0,52,17.46,17.46,0.0,201.32305,0.0
2019-03-22,8,0,53,27.74,27.74,0.0,319.856896,0.0
2019-03-22,8,0,55,96.49,96.49,0.0,1113.487897,0.0
2019-03-22,8,0,56,3.86,3.86,0.0,44.507845,0.0
2019-03-22,8,0,57,3.67,3.67,0.0,42.317044,0.0
2019-03-22,8,0,58,7.06,7.06,0.0,81.40554,0.0
2019-03-22,8,0,59,6.94,6.94,0.0,80.021877,0.0
2019-03-22,8,0,63,19.69,19.69,0.0,215.793395,0.0
2019-03-22,8,0,64,23.14,23.14,0.0,253.603817,0.0
2019-03-22,8,0,65,7.14,7.14,0.0,98.197356,0.0
2019-03-22,8,0,67,11.12,11.12,0.0,118.797115,0.0
2019-03-22,8,0,68,1.38,1.38,0.0,14.672076,0.0
2019-03-22,8,0,69,0.33,0.33,0.0,4.759789,0.0
2019-03-22,8,0,74,10.64,10.64,0.0,138.963201,0.0
2019-03-22,8,0,77,44.49,44.49,0.0,473.775855,0.0
2019-03-22,8,0,78,33.59,33.59,0.0,357.701303,0.0
2019-03-22,8,0,79,19.38,19.38,0.0,206.378424,0.0
2019-03-22,8,0,80,31.43,31.43,0.0,334.699373,0.0
2019-03-22,8,0,81,41.14,41.14,0.0,438.101566,0.0
2019-03-22,8,0,82,28.97,28.97,0.0,308.502731,0.0
2019-03-22,8,0,83,64.81,64.81,0.0,690.164378,0.0
2019-03-22,8,0,84,0.0,0.0,0.0,0.0,0.0
2019-03-22,8,0,86,1.68,1.68,0.0,24.231653,0.0
2019-03-22,8,0,87,8.58,8.58,0.0,123.754512,0.0
2019-03-22,8,0,88,34.51,34.51,0.0,367.498421,0.0
2019-03-22,8,0,89,33.3,33.3,0.0,354.613081,0.0
2019-03-22,8,0,90,43.45,43.45,0.0,462.700852,0.0
2019-03-22,8,0,91,136.22,136.22,0.0,1450.612429,0.0
2019-03-22,8,0,92,54.51,54.51,0.0,580.479251,0.0
2019-03-22,8,0,95,2.74,2.74,0.0,29.882503,0.0
2019-03-22,8,0,96,8.31,8.31,0.0,95.737059,0.0
2019-03-22,8,0,97,51.1,51.1,0.0,588.708029,0.0
2019-03-22,8,0,99,2.05,2.05,0.0,26.773925,0.0
2019-03-22,8,0,101,0.26,0.26,0.0,2.997938,0.0
2019-03-22,8,0,102,3.27,3.27,0.0,34.766442,0.0
2019-03-22,8,0,103,2.85,2.85,0.0,30.301027,0.0
2019-03-22,8,0,104,0.53,0.53,0.0,5.634928,0.0
2019-03-22,8,0,106,9.5,9.5,0.0,109.62934,0.0
2019-03-22,8,0,109,58.54,58.54,0.0,720.43398,0.0
2019-03-22,8,0,110,93.47,93.47,0.0,1013.228914,0.0
2019-03-22,8,0,111,1.05,1.05,0.0,12.692777,0.0
2019-03-22,8,0,113,30.09,30.09,0.0,314.208702,0.0
2019-03-22,8,0,115,30.09,30.09,0.0,314.208702,0.0
2019-03-22,8,0,116,8.72,8.72,0.0,94.526117,0.0
2019-03-22,8,0,117,1.56,1.56,0.0,16.289983,0.0
2019-03-22,8,0,119,23.14,23.14,0.0,253.603817,0.0
2019-03-22,8,0,120,13.65,13.65,0.0,149.597757,0.0
2019-03-22,8,0,123,0.16,0.16,0.0,1.846389,0.0
2019-03-22,8,0,125,65.46,65.46,0.0,755.403853,0.0
2019-03-22,8,0,126,7.12,7.12,0.0,82.164305,0.0
2019-03-22,8,0,127,9.14,9.14,0.0,105.474965,0.0
2019-03-22,8,0,128,93.76,93.76,0.0,1081.983887,0.0
2019-03-22,8,0,131,6.9,6.9,0.0,73.265932,0.0
2019-03-22,8,0,132,10.14,10.14,0.0,107.669065,0.0
2019-03-22,8,0,133,1.13,1.13,0.0,15.573128,0.0
2019-03-22,8,0,134,0.0,0.0,0.0,0.0,0.0
2019-03-22,8,0,135,1.52,1.52,0.0,20.947924,0.0
2019-03-22,8,0,136,13.66,13.66,0.0,187.848308,0.0
2019-03-22,8,0,139,44.94,44.94,0.0,543.250851,0.0
2019-03-22,8,0,140,69.18,69.18,0.0,749.921646,0.0
2019-03-22,8,0,141,83.72,83.72,0.0,894.396985,0.0
2019-03-22,8,0,142,14.67,14.67,0.0,156.722453,0.0
2019-03-22,8,0,143,27.2,27.2,0.0,313.63041,0.0
2019-03-22,8,0,145,7.88,7.88,0.0,93.139467,0.0
2019-03-22,8,0,146,120.12,120.12,0.0,1302.118938,0.0
2019-03-22,8,0,152,0.78,0.78,0.0,10.155116,0.0
2019-03-22,8,0,153,1.01,1.01,0.0,13.114444,0.0
2019-03-22,8,0,154,4.32,4.32,0.0,52.221711,0.0
2019-03-22,8,0,157,30.63,30.63,0.0,327.226226,0.0
2019-03-22,8,0,158,2.96,2.96,0.0,31.622254,0.0
2019-03-22,8,0,159,0.0,0.0,0.0,0.0,0.0
2019-03-22,8,0,160,0.29,0.29,0.0,3.53299,0.0
2019-03-22,8,0,161,3.12,3.12,0.0,33.171651,0.0
2019-03-22,8,0,162,3.01,3.01,0.0,32.830535,0.0
2019-03-22,8,0,163,31.12,31.12,0.0,337.345499,0.0
2019-03-22,8,0,164,0.0,0.0,0.0,0.0,0.0
2019-03-22,8,0,167,0.91,0.91,0.0,9.923791,0.0
2019-03-22,8,0,168,0.46,0.46,0.0,5.016422,0.0
2019-03-22,8,0,169,0.0,0.0,0.0,0.0,0.0
2019-03-22,8,0,170,1.0,1.0,0.0,10.905265,0.0
2019-03-22,8,0,172,1.19,1.19,0.0,12.825797,0.0
2019-03-22,8,0,173,1.82,1.82,0.0,19.615924,0.0
2019-03-22,8,0,188,1.52,1.52,0.0,16.52712,0.0
2019-03-22,8,0,190,0.9,0.9,0.0,9.863588,0.0
2019-03-22,8,0,191,2.34,2.34,0.0,25.64533,0.0
2019-03-22,8,0,192,48.27,48.27,0.0,529.017123,0.0
2019-03-22,8,0,194,51.79,51.79,0.0,528.840628,0.0
2019-03-22,8,0,196,0.53,0.53,0.0,5.791092,0.0
2019-03-22,8,0,198,1.42,1.42,0.0,16.352666,0.0
2019-03-22,8,0,199,0.0,0.0,0.0,0.0,0.0
2019-03-22,8,0,200,2.62,2.62,0.0,25.542502,0.0
2019-03-22,8,0,204,251.7,251.7,0.0,3081.578379,0.0
2019-03-22,8,0,205,309.68,309.68,0.0,3811.137599,0.0
2019-03-22,8,0,206,150.16,150.16,0.0,1729.949072,0.0
2019-03-22,8,0,210,0.43,0.43,0.0,3.44077,0.0
2019-03-22,8,0,214,2.08,2.08,0.0,30.797212,0.0
2019-03-22,8,0,217,1.52,1.52,0.0,17.989497,0.0
2019-03-22,8,0,218,2.1,2.1,0.0,24.85391,0.0
2019-03-22,8,0,219,1.43,1.43,0.0,16.924329,0.0
2019-03-22,8,0,221,1.11,1.11,0.0,16.435051,0.0
2019-03-22,8,0,225,1.25,1.25,0.0,9.576837,0.0
2019-03-22,8,0,233,0.95,0.95,0.0,13.702423,0.0
2019-03-22,8,0,236,7.35,7.35,0.0,98.623515,0.0
2019-03-22,8,0,237,25.51,25.51,0.0,333.17211,0.0
2019-03-22,8,0,238,6.52,6.52,0.0,88.928722,0.0
2019-03-22,8,0,240,1.27,1.27,0.0,15.877567,0.0
2019-03-22,8,0,245,3.92,3.92,0.0,54.388115,0.0
2019-03-22,8,0,247,7.07,7.07,0.0,98.092851,0.0
2019-03-22,8,0,248,2.56,2.56,0.0,33.434755,0.0
2019-03-22,8,0,249,7.53,7.53,0.0,104.47513,0.0
2019-03-22,8,0,251,62.29,62.29,0.0,854.028361,0.0
2019-03-22,8,0,252,46.03,46.03,0.0,633.056623,0.0
2019-03-22,8,0,254,2.06,2.06,0.0,25.354203,0.0
2019-03-22,8,0,255,0.94,0.94,0.0,11.569393,0.0
2019-03-22,8,0,258,1.56,1.56,0.0,19.464797,0.0
2019-03-22,8,0,260,0.7,0.7,0.0,8.527907,0.0
2019-03-22,8,0,265,4.48,4.48,0.0,54.155848,0.0
2019-03-22,8,0,266,29.1,29.1,0.0,351.771245,0.0
2019-03-22,8,0,267,35.76,35.76,0.0,432.279716,0.0
2019-03-22,8,0,270,97.2,97.2,0.0,1053.662677,0.0
2019-03-22,8,0,272,104.17,104.17,0.0,1087.774029,0.0
2019-03-22,8,0,273,2.08,2.08,0.0,22.547514,0.0
2019-03-22,8,0,274,125.3,125.3,0.0,1358.270921,0.0
2019-03-22,8,0,275,174.42,174.42,0.0,1890.739138,0.0
2019-03-22,8,0,276,0.45,0.45,0.0,4.862298,0.0
2019-03-22,8,0,277,0.57,0.57,0.0,5.999355,0.0
2019-03-22,8,0,278,0.92,0.92,0.0,9.683169,0.0
2019-03-22,8,0,279,31.21,31.21,0.0,328.49099,0.0
2019-03-22,8,0,281,7.39,7.39,0.0,85.210615,0.0
2019-03-22,8,0,282,7.18,7.18,0.0,82.789204,0.0
2019-03-22,9,0,9,1.01,1.01,0.0,8.698606,0.0
2019-03-22,9,0,17,18.02,18.02,0.0,187.969469,0.0
2019-03-22,9,0,19,55.13,55.13,0.0,575.069746,0.0
2019-03-22,9,0,20,68.45,68.45,0.0,714.012772,0.0
2019-03-22,9,0,21,23.04,23.04,0.0,198.431576,0.0
2019-03-22,9,0,22,81.87,81.87,0.0,705.103869,0.0
2019-03-22,9,0,23,64.38,64.38,0.0,554.471566,0.0
2019-03-22,9,0,24,113.9,113.9,0.0,980.961655,0.0
2019-03-22,9,0,29,3.84,3.84,0.0,26.538158,0.0
2019-03-22,9,0,30,192.12,192.12,0.0,1652.972566,0.0
2019-03-22,9,0,31,27.76,27.76,0.0,238.843007,0.0
2019-03-22,9,0,32,2.47,2.47,0.0,27.018945,0.0
2019-03-22,9,0,33,1.13,1.13,0.0,12.320293,0.0
2019-03-22,9,0,34,1.8,1.8,0.0,19.625246,0.0
2019-03-22,9,0,35,1.8,1.8,0.0,19.625246,0.0
2019-03-22,9,0,36,4.31,4.31,0.0,41.092594,0.0
2019-03-22,9,0,37,2.07,2.07,0.0,19.660268,0.0
2019-03-22,9,0,38,2.66,2.66,0.0,25.263919,0.0
2019-03-22,9,0,39,1.77,1.77,0.0,16.810954,0.0
2019-03-22,9,0,40,1.77,1.77,0.0,16.810954,0.0
2019-03-22,9,0,41,34.8,34.8,0.0,316.590317,0.0
2019-03-22,9,0,42,22.45,22.45,0.0,231.883757,0.0
2019-03-22,9,0,43,13.08,13.08,0.0,123.795954,0.0
2019-03-22,9,0,46,11.47,11.47,0.0,107.589299,0.0
2019-03-22,9,0,52,29.46,29.46,0.0,253.46956,0.0
2019-03-22,9,0,53,47.05,47.05,0.0,404.811364,0.0
2019-03-22,9,0,55,132.64,132.64,0.0,1142.35956,0.0
2019-03-22,9,0,56,56.67,56.67,0.0,487.580446,0.0
2019-03-22,9,0,57,53.91,53.91,0.0,463.833807,0.0
2019-03-22,9,0,58,103.66,103.66,0.0,891.875579,0.0
2019-03-22,9,0,59,101.94,101.94,0.0,877.076949,0.0
2019-03-22,9,0,63,7.54,7.54,0.0,82.809215,0.0
2019-03-22,9,0,64,8.87,8.87,0.0,97.416145,0.0
2019-03-22,9,0,65,11.61,11.61,0.0,120.885201,0.0
2019-03-22,9,0,67,106.24,106.24,0.0,913.456602,0.0
2019-03-22,9,0,68,2.58,2.58,0.0,20.969028,0.0
2019-03-22,9,0,69,1.13,1.13,0.0,12.320293,0.0
2019-03-22,9,0,74,12.38,12.38,0.0,122.556737,0.0
2019-03-22,9,0,77,21.55,21.55,0.0,167.894514,0.0
2019-03-22,9,0,78,16.29,16.29,0.0,126.914229,0.0
2019-03-22,9,0,79,9.43,9.43,0.0,73.468458,0.0
2019-03-22,9,0,80,15.25,15.25,0.0,118.811663,0.0
2019-03-22,9,0,81,19.93,19.93,0.0,155.273209,0.0
2019-03-22,9,0,82,14.06,14.06,0.0,109.540458,0.0
2019-03-22,9,0,83,31.35,31.35,0.0,244.245615,0.0
2019-03-22,9,0,84,0.0,0.0,0.0,0.0,0.0
2019-03-22,9,0,86,5.71,5.71,0.0,62.255641,0.0
2019-03-22,9,0,87,29.17,29.17,0.0,318.038011,0.0
2019-03-22,9,0,88,55.28,55.28,0.0,430.682539,0.0
2019-03-22,9,0,89,52.8,52.8,0.0,411.361035,0.0
2019-03-22,9,0,90,74.12,74.12,0.0,577.463635,0.0
2019-03-22,9,0,91,278.51,278.51,0.0,2169.851553,0.0
2019-03-22,9,0,92,97.99,97.99,0.0,763.433103,0.0
2019-03-22,9,0,95,1.58,1.58,0.0,17.251583,0.0
2019-03-22,9,0,96,12.6,12.6,0.0,108.294968,0.0
2019-03-22,9,0,97,77.46,77.46,0.0,665.756209,0.0
2019-03-22,9,0,99,2.39,2.39,0.0,23.659984,0.0
2019-03-22,9,0,101,3.87,3.87,0.0,33.296918,0.0
2019-03-22,9,0,102,6.09,6.09,0.0,49.496659,0.0
2019-03-22,9,0,103,5.3,5.3,0.0,43.07591,0.0
2019-03-22,9,0,104,0.99,0.99,0.0,8.046255,0.0
2019-03-22,9,0,106,80.6,80.6,0.0,694.166017,0.0
2019-03-22,9,0,109,65.54,65.54,0.0,611.524149,0.0
2019-03-22,9,0,110,95.3,95.3,0.0,956.709291,0.0
2019-03-22,9,0,111,5.79,5.79,0.0,52.674079,0.0
2019-03-22,9,0,113,20.44,20.44,0.0,153.587875,0.0
2019-03-22,9,0,115,20.44,20.44,0.0,153.587875,0.0
2019-03-22,9,0,116,45.14,45.14,0.0,453.156951,0.0
2019-03-22,9,0,117,1.39,1.39,0.0,10.444577,0.0
2019-03-22,9,0,119,8.87,8.87,0.0,97.416145,0.0
2019-03-22,9,0,120,5.21,5.21,0.0,57.21963,0.0
2019-03-22,9,0,123,1.34,1.34,0.0,11.540725,0.0
2019-03-22,9,0,125,103.07,103.07,0.0,887.688479,0.0
2019-03-22,9,0,126,60.45,60.45,0.0,520.624513,0.0
2019-03-22,9,0,127,77.58,77.58,0.0,668.156323,0.0
2019-03-22,9,0,128,147.63,147.63,0.0,1271.460659,0.0
2019-03-22,9,0,131,7.37,7.37,0.0,58.973778,0.0
2019-03-22,9,0,132,10.84,10.84,0.0,86.740265,0.0
2019-03-22,9,0,133,2.24,2.24,0.0,23.369803,0.0
2019-03-22,9,0,134,0.0,0.0,0.0,0.0,0.0
2019-03-22,9,0,135,3.0,3.0,0.0,31.298843,0.0
2019-03-22,9,0,136,18.41,18.41,0.0,191.668704,0.0
2019-03-22,9,0,139,44.94,44.94,0.0,408.838185,0.0
2019-03-22,9,0,140,70.53,70.53,0.0,708.045187,0.0
2019-03-22,9,0,141,110.05,110.05,0.0,946.215164,0.0
2019-03-22,9,0,142,140.1,140.1,0.0,1204.586502,0.0
2019-03-22,9,0,143,54.87,54.87,0.0,472.093508,0.0
2019-03-22,9,0,145,9.75,9.75,0.0,86.524011,0.0
2019-03-22,9,0,146,195.88,195.88,0.0,1966.424092,0.0
2019-03-22,9,0,152,3.15,3.15,0.0,31.117334,0.0
2019-03-22,9,0,153,4.02,4.02,0.0,39.610201,0.0
2019-03-22,9,0,154,23.89,23.89,0.0,217.337433,0.0
2019-03-22,9,0,157,33.14,33.14,0.0,284.939305,0.0
2019-03-22,9,0,158,82.62,82.62,0.0,710.370712,0.0
2019-03-22,9,0,159,0.0,0.0,0.0,0.0,0.0
2019-03-22,9,0,160,1.02,1.02,0.0,9.625091,0.0
2019-03-22,9,0,161,21.01,21.01,0.0,170.759411,0.0
2019-03-22,9,0,162,1.66,1.66,0.0,18.128769,0.0
2019-03-22,9,0,163,24.09,24.09,0.0,241.837637,0.0
2019-03-22,9,0,164,6.88,6.88,0.0,59.19452,0.0
2019-03-22,9,0,167,2.86,2.86,0.0,31.228739,0.0
2019-03-22,9,0,168,1.43,1.43,0.0,15.61437,0.0
2019-03-22,9,0,169,0.0,0.0,0.0,0.0,0.0
2019-03-22,9,0,170,3.13,3.13,0.0,34.176907,0.0
2019-03-22,9,0,172,3.77,3.77,0.0,40.097853,0.0
2019-03-22,9,0,173,5.74,5.74,0.0,61.050843,0.0
2019-03-22,9,0,188,4.99,4.99,0.0,53.968858,0.0
2019-03-22,9,0,190,3.9,3.9,0.0,42.832352,0.0
2019-03-22,9,0,191,10.08,10.08,0.0,110.705157,0.0
2019-03-22,9,0,192,31.02,31.02,0.0,340.681942,0.0
2019-03-22,9,0,194,43.32,43.32,0.0,299.148486,0.0
2019-03-22,9,0,196,2.44,2.44,0.0,25.946851,0.0
2019-03-22,9,0,198,4.67,4.67,0.0,42.761697,0.0
2019-03-22,9,0,199,0.0,0.0,0.0,0.0,0.0
2019-03-22,9,0,200,8.7,8.7,0.0,68.849979,0.0
2019-03-22,9,0,204,163.09,163.09,0.0,1513.547273,0.0
2019-03-22,9,0,205,369.1,369.1,0.0,3443.905452,0.0
2019-03-22,9,0,206,227.6,227.6,0.0,1956.185299,0.0
2019-03-22,9,0,210,1.19,1.19,0.0,8.467429,0.0
2019-03-22,9,0,214,6.2,6.2,0.0,69.333771,0.0
2019-03-22,9,0,217,4.35,4.35,0.0,40.923378,0.0
2019-03-22,9,0,218,6.0,6.0,0.0,56.446039,0.0
2019-03-22,9,0,219,4.09,4.09,0.0,38.477383,0.0
2019-03-22,9,0,221,3.31,3.31,0.0,37.015287,0.0
2019-03-22,9,0,225,3.44,3.44,0.0,23.705827,0.0
2019-03-22,9,0,233,3.23,3.23,0.0,35.216413,0.0
2019-03-22,9,0,236,8.64,8.64,0.0,87.850168,0.0
2019-03-22,9,0,237,29.71,29.71,0.0,294.11637,0.0
2019-03-22,9,0,238,29.22,29.22,0.0,301.810396,0.0
2019-03-22,9,0,240,4.88,4.88,0.0,46.527113,0.0
2019-03-22,9,0,245,7.28,7.28,0.0,76.447369,0.0
2019-03-22,9,0,247,13.83,13.83,0.0,145.228999,0.0
2019-03-22,9,0,248,2.98,2.98,0.0,29.500733,0.0
2019-03-22,9,0,249,14.01,14.01,0.0,147.119181,0.0
2019-03-22,9,0,251,91.52,91.52,0.0,950.066709,0.0
2019-03-22,9,0,252,74.91,74.91,0.0,779.975058,0.0
2019-03-22,9,0,254,7.22,7.22,0.0,68.282835,0.0
2019-03-22,9,0,255,3.31,3.31,0.0,31.304181,0.0
2019-03-22,9,0,258,6.01,6.01,0.0,57.233133,0.0
2019-03-22,9,0,260,2.47,2.47,0.0,23.307817,0.0
2019-03-22,9,0,265,24.73,24.73,0.0,224.979268,0.0
2019-03-22,9,0,266,29.1,29.1,0.0,264.735006,0.0
2019-03-22,9,0,267,35.76,35.76,0.0,325.323843,0.0
2019-03-22,9,0,270,75.24,75.24,0.0,755.328511,0.0
2019-03-22,9,0,272,68.22,68.22,0.0,512.610804,0.0
2019-03-22,9,0,273,10.79,10.79,0.0,108.319971,0.0
2019-03-22,9,0,274,96.99,96.99,0.0,973.67507,0.0
2019-03-22,9,0,275,135.02,135.02,0.0,1355.455283,0.0
2019-03-22,9,0,276,2.37,2.37,0.0,23.029777,0.0
2019-03-22,9,0,277,2.96,2.96,0.0,22.570223,0.0
2019-03-22,9,0,278,4.73,4.73,0.0,36.066607,0.0
2019-03-22,9,0,279,32.26,32.26,0.0,245.984934,0.0
2019-03-22,9,0,281,12.37,12.37,0.0,106.429683,0.0
2019-03-22,9,0,282,105.39,105.39,0.0,906.760247,0.0
2019-03-22,10,0,9,1.63,1.63,0.0,13.312363,0.0
2019-03-22,10,0,17,28.87,28.87,0.0,288.996062,0.0
2019-03-22,10,0,19,56.5,56.5,0.0,565.579408,0.0
2019-03-22,10,0,20,70.01,70.01,0.0,700.817953,0.0
2019-03-22,10,0,21,37.22,37.22,0.0,303.979231,0.0
2019-03-22,10,0,22,132.28,132.28,0.0,1080.343168,0.0
2019-03-22,10,0,23,95.67,95.67,0.0,781.345864,0.0
2019-03-22,10,0,24,169.27,169.27,0.0,1382.443968,0.0
2019-03-22,10,0,29,6.46,6.46,0.0,43.055959,0.0
2019-03-22,10,0,30,336.0,336.0,0.0,2741.153856,0.0
2019-03-22,10,0,31,73.37,73.37,0.0,598.566841,0.0
2019-03-22,10,0,32,4.34,4.34,0.0,47.599095,0.0
2019-03-22,10,0,33,1.98,1.98,0.0,20.750969,0.0
2019-03-22,10,0,34,3.17,3.17,0.0,33.222511,0.0
2019-03-22,10,0,35,3.17,3.17,0.0,33.222511,0.0
2019-03-22,10,0,36,7.81,7.81,0.0,71.251975,0.0
2019-03-22,10,0,37,3.73,3.73,0.0,33.897617,0.0
2019-03-22,10,0,38,4.8,4.8,0.0,43.621598,0.0
2019-03-22,10,0,39,3.2,3.2,0.0,29.081066,0.0
2019-03-22,10,0,40,3.2,3.2,0.0,29.081066,0.0
2019-03-22,10,0,41,34.8,34.8,0.0,301.532582,0.0
2019-03-22,10,0,42,41.51,41.51,0.0,411.296376,0.0
2019-03-22,10,0,43,23.59,23.59,0.0,213.747313,0.0
2019-03-22,10,0,46,20.85,20.85,0.0,186.990196,0.0
2019-03-22,10,0,52,77.81,77.81,0.0,634.789231,0.0
2019-03-22,10,0,53,124.07,124.07,0.0,1012.187378,0.0
2019-03-22,10,0,55,176.36,176.36,0.0,1440.348663,0.0
2019-03-22,10,0,56,99.11,99.11,0.0,808.558806,0.0
2019-03-22,10,0,57,94.27,94.27,0.0,769.073137,0.0
2019-03-22,10,0,58,181.3,181.3,0.0,1479.080935,0.0
2019-03-22,10,0,59,178.27,178.27,0.0,1454.361601,0.0
2019-03-22,10,0,63,5.26,5.26,0.0,57.926958,0.0
2019-03-22,10,0,64,6.19,6.19,0.0,68.168797,0.0
2019-03-22,10,0,65,17.62,17.62,0.0,176.047206,0.0
2019-03-22,10,0,67,200.43,200.43,0.0,1655.317658,0.0
2019-03-22,10,0,68,4.61,4.61,0.0,35.566301,0.0
2019-03-22,10,0,69,1.98,1.98,0.0,20.750969,0.0
2019-03-22,10,0,74,23.42,23.42,0.0,222.013354,0.0
2019-03-22,10,0,77,25.51,25.51,0.0,186.712528,0.0
2019-03-22,10,0,78,19.28,19.28,0.0,141.113976,0.0
2019-03-22,10,0,79,11.16,11.16,0.0,81.682156,0.0
2019-03-22,10,0,80,18.05,18.05,0.0,132.111373,0.0
2019-03-22,10,0,81,23.59,23.59,0.0,172.659684,0.0
2019-03-22,10,0,82,16.64,16.64,0.0,121.791316,0.0
2019-03-22,10,0,83,37.11,37.11,0.0,271.615128,0.0
2019-03-22,10,0,84,0.0,0.0,0.0,0.0,0.0
2019-03-22,10,0,86,10.05,10.05,0.0,105.326887,0.0
2019-03-22,10,0,87,51.32,51.32,0.0,537.848344,0.0
2019-03-22,10,0,88,45.98,45.98,0.0,336.53634,0.0
2019-03-22,10,0,89,43.99,43.99,0.0,321.971152,0.0
2019-03-22,10,0,90,61.08,61.08,0.0,447.056103,0.0
2019-03-22,10,0,91,226.29,226.29,0.0,1656.259423,0.0
2019-03-22,10,0,92,80.18,80.18,0.0,586.852625,0.0
2019-03-22,10,0,95,2.06,2.06,0.0,22.546173,0.0
2019-03-22,10,0,96,18.24,18.24,0.0,148.63588,0.0
2019-03-22,10,0,97,112.14,112.14,0.0,913.817301,0.0
2019-03-22,10,0,99,4.81,4.81,0.0,45.597106,0.0
2019-03-22,10,0,101,6.77,6.77,0.0,55.230987,0.0
2019-03-22,10,0,102,10.92,10.92,0.0,84.248157,0.0
2019-03-22,10,0,103,9.5,9.5,0.0,73.292811,0.0
2019-03-22,10,0,104,1.76,1.76,0.0,13.578458,0.0
2019-03-22,10,0,106,130.22,130.22,0.0,1063.518955,0.0
2019-03-22,10,0,109,71.41,71.41,0.0,636.241809,0.0
2019-03-22,10,0,110,98.48,98.48,0.0,977.327102,0.0
2019-03-22,10,0,111,10.89,10.89,0.0,94.358903,0.0
2019-03-22,10,0,113,41.2,41.2,0.0,289.290555,0.0
2019-03-22,10,0,115,41.2,41.2,0.0,289.290555,0.0
2019-03-22,10,0,116,82.3,82.3,0.0,816.754879,0.0
2019-03-22,10,0,117,2.75,2.75,0.0,19.309442,0.0
2019-03-22,10,0,119,6.19,6.19,0.0,68.168797,0.0
2019-03-22,10,0,120,3.64,3.64,0.0,40.086336,0.0
2019-03-22,10,0,123,2.17,2.17,0.0,17.722594,0.0
2019-03-22,10,0,125,153.18,153.18,0.0,1251.035429,0.0
2019-03-22,10,0,126,97.66,97.66,0.0,797.598381,0.0
2019-03-22,10,0,127,125.33,125.33,0.0,1023.581866,0.0
2019-03-22,10,0,128,219.39,219.39,0.0,1791.778709,0.0
2019-03-22,10,0,131,10.61,10.61,0.0,80.315585,0.0
2019-03-22,10,0,132,17.12,17.12,0.0,129.594988,0.0
2019-03-22,10,0,133,3.95,3.95,0.0,39.547551,0.0
2019-03-22,10,0,134,0.0,0.0,0.0,0.0,0.0
2019-03-22,10,0,135,5.3,5.3,0.0,53.063802,0.0
2019-03-22,10,0,136,24.26,24.26,0.0,242.364419,0.0
2019-03-22,10,0,139,44.94,44.94,0.0,389.392938,0.0
2019-03-22,10,0,140,72.89,72.89,0.0,723.368932,0.0
2019-03-22,10,0,141,141.51,141.51,0.0,1168.707288,0.0
2019-03-22,10,0,142,264.32,264.32,0.0,2182.974422,0.0
2019-03-22,10,0,143,105.73,105.73,0.0,862.566063,0.0
2019-03-22,10,0,145,22.29,22.29,0.0,188.078166,0.0
2019-03-22,10,0,146,268.0,268.0,0.0,2659.663518,0.0
2019-03-22,10,0,152,5.7,5.7,0.0,53.923303,0.0
2019-03-22,10,0,153,7.29,7.29,0.0,68.78206,0.0
2019-03-22,10,0,154,44.91,44.91,0.0,389.132996,0.0
2019-03-22,10,0,157,37.56,37.56,0.0,310.201722,0.0
2019-03-22,10,0,158,154.66,154.66,0.0,1277.310927,0.0
2019-03-22,10,0,159,0.0,0.0,0.0,0.0,0.0
2019-03-22,10,0,160,1.86,1.86,0.0,16.831467,0.0
2019-03-22,10,0,161,37.08,37.08,0.0,286.073412,0.0
2019-03-22,10,0,162,0.0,0.0,0.0,0.0,0.0
2019-03-22,10,0,163,10.29,10.29,0.0,102.11917,0.0
2019-03-22,10,0,164,13.41,13.41,0.0,109.401408,0.0
2019-03-22,10,0,167,4.98,4.98,0.0,54.507728,0.0
2019-03-22,10,0,168,2.49,2.49,0.0,27.253864,0.0
2019-03-22,10,0,169,0.0,0.0,0.0,0.0,0.0
2019-03-22,10,0,170,5.45,5.45,0.0,59.652031,0.0
2019-03-22,10,0,172,6.56,6.56,0.0,69.735147,0.0
2019-03-22,10,0,173,10.0,10.0,0.0,106.303577,0.0
2019-03-22,10,0,188,8.8,8.8,0.0,95.287083,0.0
2019-03-22,10,0,190,7.07,7.07,0.0,77.859999,0.0
2019-03-22,10,0,191,18.27,18.27,0.0,201.202573,0.0
2019-03-22,10,0,192,18.43,18.43,0.0,202.964609,0.0
2019-03-22,10,0,194,19.96,19.96,0.0,126.53032,0.0
2019-03-22,10,0,196,4.5,4.5,0.0,47.740878,0.0
2019-03-22,10,0,198,8.4,8.4,0.0,73.975476,0.0
2019-03-22,10,0,199,0.0,0.0,0.0,0.0,0.0
2019-03-22,10,0,200,15.41,15.41,0.0,116.761373,0.0
2019-03-22,10,0,204,100.67,100.67,0.0,891.852357,0.0
2019-03-22,10,0,205,421.72,421.72,0.0,3757.399461,0.0
2019-03-22,10,0,206,329.52,329.52,0.0,2685.224513,0.0
2019-03-22,10,0,210,2.01,2.01,0.0,13.79834,0.0
2019-03-22,10,0,214,10.67,10.67,0.0,114.800464,0.0
2019-03-22,10,0,217,7.43,7.43,0.0,67.313434,0.0
2019-03-22,10,0,218,10.26,10.26,0.0,92.952333,0.0
2019-03-22,10,0,219,6.99,6.99,0.0,63.327174,0.0
2019-03-22,10,0,221,5.69,5.69,0.0,61.219741,0.0
2019-03-22,10,0,225,5.74,5.74,0.0,38.146378,0.0
2019-03-22,10,0,233,5.69,5.69,0.0,59.632835,0.0
2019-03-22,10,0,236,10.09,10.09,0.0,98.35784,0.0
2019-03-22,10,0,237,54.73,54.73,0.0,518.82113,0.0
2019-03-22,10,0,238,54.03,54.03,0.0,535.349149,0.0
2019-03-22,10,0,240,8.85,8.85,0.0,80.740075,0.0
2019-03-22,10,0,245,12.51,12.51,0.0,126.098971,0.0
2019-03-22,10,0,247,23.86,23.86,0.0,240.505312,0.0
2019-03-22,10,0,248,5.97,5.97,0.0,56.593498,0.0
2019-03-22,10,0,249,24.06,24.06,0.0,242.521283,0.0
2019-03-22,10,0,251,128.56,128.56,0.0,1280.490249,0.0
2019-03-22,10,0,252,113.65,113.65,0.0,1135.514468,0.0
2019-03-22,10,0,254,12.82,12.82,0.0,116.123298,0.0
2019-03-22,10,0,255,5.88,5.88,0.0,53.26092,0.0
2019-03-22,10,0,258,10.89,10.89,0.0,99.241871,0.0
2019-03-22,10,0,260,4.53,4.53,0.0,40.992766,0.0
2019-03-22,10,0,265,46.5,46.5,0.0,402.909916,0.0
2019-03-22,10,0,266,29.1,29.1,0.0,252.143625,0.0
2019-03-22,10,0,267,35.76,35.76,0.0,309.850722,0.0
2019-03-22,10,0,270,32.12,32.12,0.0,318.762657,0.0
2019-03-22,10,0,272,137.68,137.68,0.0,966.736008,0.0
2019-03-22,10,0,273,19.68,19.68,0.0,195.306634,0.0
2019-03-22,10,0,274,41.4,41.4,0.0,410.858469,0.0
2019-03-22,10,0,275,57.63,57.63,0.0,571.926898,0.0
2019-03-22,10,0,276,4.3,4.3,0.0,41.074866,0.0
2019-03-22,10,0,277,5.43,5.43,0.0,38.775183,0.0
2019-03-22,10,0,278,8.69,8.69,0.0,62.054575,0.0
2019-03-22,10,0,279,34.0,34.0,0.0,242.791202,0.0
2019-03-22,10,0,281,32.7,32.7,0.0,266.773009,0.0
2019-03-22,10,0,282,184.32,184.32,0.0,1503.718687,0.0
2019-03-22,11,0,9,2.44,2.44,0.0,-957.341409,0.0
2019-03-22,11,0,17,41.13,41.13,0.0,240.335523,0.0
2019-03-22,11,0,19,71.44,71.44,0.0,417.446384,0.0
2019-03-22,11,0,20,86.64,86.64,0.0,506.264763,0.0
2019-03-22,11,0,21,55.89,55.89,0.0,-21928.611209,0.0
2019-03-22,11,0,22,198.64,198.64,0.0,-77937.007166,0.0
2019-03-22,11,0,23,61.07,61.07,0.0,-23960.999938,0.0
2019-03-22,11,0,24,108.0,108.0,0.0,-42374.12794,0.0
2019-03-22,11,0,29,9.44,9.44,0.0,41.356433,0.0
2019-03-22,11,0,30,512.39,512.39,0.0,-512390.0,0.0
2019-03-22,11,0,31,119.91,119.91,0.0,-119910.0,0.0
2019-03-22,11,0,32,6.21,6.21,0.0,120.943598,0.0
2019-03-22,11,0,33,2.84,2.84,0.0,27.683399,0.0
2019-03-22,11,0,34,4.54,4.54,0.0,44.254447,0.0
2019-03-22,11,0,35,4.54,4.54,0.0,44.254447,0.0
2019-03-22,11,0,36,11.46,11.46,0.0,2.794023,0.0
2019-03-22,11,0,37,5.5,5.5,0.0,1.459355,0.0
2019-03-22,11,0,38,7.07,7.07,0.0,1.875935,0.0
2019-03-22,11,0,39,4.71,4.71,0.0,1.249739,0.0
2019-03-22,11,0,40,4.71,4.71,0.0,1.249739,0.0
2019-03-22,11,0,41,34.8,34.8,0.0,-480.016403,0.0
2019-03-22,11,0,42,63.77,63.77,0.0,318.657786,0.0
2019-03-22,11,0,43,34.5,34.5,0.0,38.195051,0.0
2019-03-22,11,0,46,29.99,29.99,0.0,-16.786084,0.0
2019-03-22,11,0,52,127.48,127.48,0.0,-127480.0,0.0
2019-03-22,11,0,53,207.62,207.62,0.0,-207620.0,0.0
2019-03-22,11,0,55,460.54,460.54,0.0,-180694.267421,0.0
2019-03-22,11,0,56,151.14,151.14,0.0,-151140.0,0.0
2019-03-22,11,0,57,143.76,143.76,0.0,-143760.0,0.0
2019-03-22,11,0,58,276.47,276.47,0.0,-276470.0,0.0
2019-03-22,11,0,59,271.86,271.86,0.0,-271860.0,0.0
2019-03-22,11,0,63,16.12,16.12,0.0,323.974015,0.0
2019-03-22,11,0,64,18.97,18.97,0.0,381.2523,0.0
2019-03-22,11,0,65,27.77,27.77,0.0,157.902962,0.0
2019-03-22,11,0,67,304.1,304.1,0.0,7066.167608,0.0
2019-03-22,11,0,68,18.04,18.04,0.0,431.298235,0.0
2019-03-22,11,0,69,2.84,2.84,0.0,27.683399,0.0
2019-03-22,11,0,74,63.41,63.41,0.0,59.930964,0.0
2019-03-22,11,0,77,60.0,60.0,0.0,1514.793073,0.0
2019-03-22,11,0,78,45.36,45.36,0.0,1145.183563,0.0
2019-03-22,11,0,79,26.25,26.25,0.0,662.72197,0.0
2019-03-22,11,0,80,42.45,42.45,0.0,1071.716099,0.0
2019-03-22,11,0,81,55.5,55.5,0.0,1401.183593,0.0
2019-03-22,11,0,82,39.15,39.15,0.0,988.40248,0.0
2019-03-22,11,0,83,87.3,87.3,0.0,2204.023922,0.0
2019-03-22,11,0,84,0.0,0.0,0.0,0.0,0.0
2019-03-22,11,0,86,14.38,14.38,0.0,140.171575,0.0
2019-03-22,11,0,87,73.4,73.4,0.0,715.47939,0.0
2019-03-22,11,0,88,51.18,51.18,0.0,1292.118492,0.0
2019-03-22,11,0,89,49.2,49.2,0.0,1242.13032,0.0
2019-03-22,11,0,90,66.06,66.06,0.0,1667.787174,0.0
2019-03-22,11,0,91,235.65,235.65,0.0,5949.349796,0.0
2019-03-22,11,0,92,84.75,84.75,0.0,2139.645216,0.0
2019-03-22,11,0,95,4.63,4.63,0.0,90.03396,0.0
2019-03-22,11,0,96,31.88,31.88,0.0,1167.276072,0.0
2019-03-22,11,0,97,234.28,234.28,0.0,8578.08777,0.0
2019-03-22,11,0,99,13.61,13.61,0.0,12.863277,0.0
2019-03-22,11,0,101,10.32,10.32,0.0,-10320.0,0.0
2019-03-22,11,0,102,42.71,42.71,0.0,1021.105743,0.0
2019-03-22,11,0,103,37.14,37.14,0.0,887.938827,0.0
2019-03-22,11,0,104,6.89,6.89,0.0,164.725324,0.0
2019-03-22,11,0,106,195.55,195.55,0.0,-76724.636284,0.0
2019-03-22,11,0,109,72.33,72.33,0.0,-161.257188,0.0
2019-03-22,11,0,110,186.83,186.83,0.0,3957.024328,0.0
2019-03-22,11,0,111,16.21,16.21,0.0,-223.593847,0.0
2019-03-22,11,0,113,62.79,62.79,0.0,1433.057696,0.0
2019-03-22,11,0,115,62.79,62.79,0.0,1433.057696,0.0
2019-03-22,11,0,116,121.34,121.34,0.0,2569.958422,0.0
2019-03-22,11,0,117,4.22,4.22,0.0,96.313163,0.0
2019-03-22,11,0,119,18.97,18.97,0.0,381.2523,0.0
2019-03-22,11,0,120,11.15,11.15,0.0,224.088727,0.0
2019-03-22,11,0,123,3.26,3.26,0.0,-1279.070899,0.0
2019-03-22,11,0,125,97.74,97.74,0.0,-38348.585786,0.0
2019-03-22,11,0,126,146.66,146.66,0.0,-57542.49633,0.0
2019-03-22,11,0,127,188.21,188.21,0.0,-73844.764996,0.0
2019-03-22,11,0,128,139.96,139.96,0.0,-54913.730986,0.0
2019-03-22,11,0,131,23.52,23.52,0.0,566.531795,0.0
2019-03-22,11,0,132,34.57,34.57,0.0,832.695755,0.0
2019-03-22,11,0,133,10.78,10.78,0.0,63.150604,0.0
2019-03-22,11,0,134,0.0,0.0,0.0,0.0,0.0
2019-03-22,11,0,135,14.45,14.45,0.0,84.649929,0.0
2019-03-22,11,0,136,35.48,35.48,0.0,201.436562,0.0
2019-03-22,11,0,139,44.94,44.94,0.0,-619.883251,0.0
2019-03-22,11,0,140,138.27,138.27,0.0,2928.532644,0.0
2019-03-22,11,0,141,230.0,230.0,0.0,5344.355639,0.0
2019-03-22,11,0,142,401.03,401.03,0.0,9318.464965,0.0
2019-03-22,11,0,143,180.62,180.62,0.0,-180620.0,0.0
2019-03-22,11,0,145,94.76,94.76,0.0,-642.457914,0.0
2019-03-22,11,0,146,268.0,268.0,0.0,5676.18969,0.0
2019-03-22,11,0,152,8.43,8.43,0.0,13.28376,0.0
2019-03-22,11,0,153,10.54,10.54,0.0,14.618239,0.0
2019-03-22,11,0,154,66.85,66.85,0.0,-922.100475,0.0
2019-03-22,11,0,157,82.59,82.59,0.0,1919.088401,0.0
2019-03-22,11,0,158,234.88,234.88,0.0,5457.748924,0.0
2019-03-22,11,0,159,0.0,0.0,0.0,0.0,0.0
2019-03-22,11,0,160,2.76,2.76,0.0,9.853774,0.0
2019-03-22,11,0,161,55.94,55.94,0.0,1337.407053,0.0
2019-03-22,11,0,162,10.52,10.52,0.0,204.685587,0.0
2019-03-22,11,0,163,55.61,55.61,0.0,1177.809361,0.0
2019-03-22,11,0,164,20.17,20.17,0.0,-20170.0,0.0
2019-03-22,11,0,167,7.16,7.16,0.0,139.135729,0.0
2019-03-22,11,0,168,3.58,3.58,0.0,69.567865,0.0
2019-03-22,11,0,169,0.0,0.0,0.0,0.0,0.0
2019-03-22,11,0,170,7.84,7.84,0.0,152.349737,0.0
2019-03-22,11,0,172,9.56,9.56,0.0,174.91916,0.0
2019-03-22,11,0,173,14.57,14.57,0.0,266.587046,0.0
2019-03-22,11,0,188,12.63,12.63,0.0,243.095554,0.0
2019-03-22,11,0,190,10.18,10.18,0.0,204.594012,0.0
2019-03-22,11,0,191,26.31,26.31,0.0,528.769004,0.0
2019-03-22,11,0,192,67.31,67.31,0.0,1352.772393,0.0
2019-03-22,11,0,194,41.03,41.03,0.0,864.162673,0.0
2019-03-22,11,0,196,6.59,6.59,0.0,136.25236,0.0
2019-03-22,11,0,198,12.22,12.22,0.0,89.743964,0.0
2019-03-22,11,0,199,0.0,0.0,0.0,0.0,0.0
2019-03-22,11,0,200,21.77,21.77,0.0,228.41139,0.0
2019-03-22,11,0,204,212.95,212.95,0.0,-537.842896,0.0
2019-03-22,11,0,205,472.9,472.9,0.0,-1054.313899,0.0
2019-03-22,11,0,206,895.48,895.48,0.0,32787.71571,0.0
2019-03-22,11,0,210,2.86,2.86,0.0,14.796019,0.0
2019-03-22,11,0,214,15.44,15.44,0.0,185.999613,0.0
2019-03-22,11,0,217,10.56,10.56,0.0,97.275111,0.0
2019-03-22,11,0,218,14.58,14.58,0.0,134.305977,0.0
2019-03-22,11,0,219,9.93,9.93,0.0,91.471766,0.0
2019-03-22,11,0,221,8.23,8.23,0.0,99.143576,0.0
2019-03-22,11,0,225,8.21,8.21,0.0,35.33952,0.0
2019-03-22,11,0,233,8.14,8.14,0.0,79.346079,0.0
2019-03-22,11,0,236,31.82,31.82,0.0,119.035797,0.0
2019-03-22,11,0,237,141.37,141.37,0.0,133.613631,0.0
2019-03-22,11,0,238,83.01,83.01,0.0,414.799793,0.0
2019-03-22,11,0,240,12.98,12.98,0.0,3.164609,0.0
2019-03-22,11,0,245,33.28,33.28,0.0,213.705612,0.0
2019-03-22,11,0,247,64.26,64.26,0.0,412.641905,0.0
2019-03-22,11,0,248,16.83,16.83,0.0,15.90661,0.0
2019-03-22,11,0,249,64.0,64.0,0.0,410.97233,0.0
2019-03-22,11,0,251,215.7,215.7,0.0,1170.814576,0.0
2019-03-22,11,0,252,179.16,179.16,0.0,1018.721453,0.0
2019-03-22,11,0,254,18.96,18.96,0.0,32.709474,0.0
2019-03-22,11,0,255,8.69,8.69,0.0,14.991842,0.0
2019-03-22,11,0,258,15.95,15.95,0.0,6.112614,0.0
2019-03-22,11,0,260,6.71,6.71,0.0,23.956096,0.0
2019-03-22,11,0,265,69.22,69.22,0.0,-954.791248,0.0
2019-03-22,11,0,266,29.1,29.1,0.0,-401.393027,0.0
2019-03-22,11,0,267,35.76,35.76,0.0,-493.258235,0.0
2019-03-22,11,0,270,188.13,188.13,0.0,3984.558084,0.0
2019-03-22,11,0,272,209.68,209.68,0.0,4785.531735,0.0
2019-03-22,11,0,273,29.02,29.02,0.0,614.638152,0.0
2019-03-22,11,0,274,245.68,245.68,0.0,5203.45628,0.0
2019-03-22,11,0,275,346.64,346.64,0.0,7341.770128,0.0
2019-03-22,11,0,276,6.43,6.43,0.0,139.138699,0.0
2019-03-22,11,0,277,8.04,8.04,0.0,191.309029,0.0
2019-03-22,11,0,278,12.87,12.87,0.0,306.237214,0.0
2019-03-22,11,0,279,130.2,130.2,0.0,3098.064127,0.0
2019-03-22,11,0,281,52.29,52.29,0.0,-52290.0,0.0
2019-03-22,11,0,282,281.08,281.08,0.0,-281080.0,0.0
2019-03-22,12,0,9,3.13,3.13,0.0,-1248.87608,0.0
2019-03-22,12,0,17,50.85,50.85,0.0,196.938847,0.0
2019-03-22,12,0,19,138.13,138.13,0.0,534.968788,0.0
2019-03-22,12,0,20,167.53,167.53,0.0,648.833136,0.0
2019-03-22,12,0,21,71.63,71.63,0.0,-28580.509135,0.0
2019-03-22,12,0,22,254.59,254.59,0.0,-101581.90452,0.0
2019-03-22,12,0,23,46.17,46.17,0.0,-18421.919681,0.0
2019-03-22,12,0,24,77.3,77.3,0.0,-30842.850149,0.0
2019-03-22,12,0,29,11.44,11.44,0.0,38.798365,0.0
2019-03-22,12,0,30,651.59,651.59,0.0,-651590.0,0.0
2019-03-22,12,0,31,125.0,125.0,0.0,-125000.0,0.0
2019-03-22,12,0,32,7.46,7.46,0.0,276.661406,0.0
2019-03-22,12,0,33,3.63,3.63,0.0,33.909427,0.0
2019-03-22,12,0,34,5.81,5.81,0.0,54.273766,0.0
2019-03-22,12,0,35,5.81,5.81,0.0,54.273766,0.0
2019-03-22,12,0,36,14.81,14.81,0.0,-60.940569,0.0
2019-03-22,12,0,37,7.12,7.12,0.0,-29.336013,0.0
2019-03-22,12,0,38,9.15,9.15,0.0,-37.700072,0.0
2019-03-22,12,0,39,6.1,6.1,0.0,-25.133382,0.0
2019-03-22,12,0,40,6.1,6.1,0.0,-25.133382,0.0
2019-03-22,12,0,41,34.8,34.8,0.0,-752.768413,0.0
2019-03-22,12,0,42,83.78,83.78,0.0,225.16355,0.0
2019-03-22,12,0,43,44.24,44.24,0.0,-125.241616,0.0
2019-03-22,12,0,46,37.92,37.92,0.0,-210.283155,0.0
2019-03-22,12,0,52,132.5,132.5,0.0,-132500.0,0.0
2019-03-22,12,0,53,210.5,210.5,0.0,-210500.0,0.0
2019-03-22,12,0,55,623.0,623.0,0.0,-248578.210126,0.0
2019-03-22,12,0,56,192.19,192.19,0.0,-192190.0,0.0
2019-03-22,12,0,57,182.82,182.82,0.0,-182820.0,0.0
2019-03-22,12,0,58,351.58,351.58,0.0,-351580.0,0.0
2019-03-22,12,0,59,345.72,345.72,0.0,-345720.0,0.0
2019-03-22,12,0,63,36.68,36.68,0.0,3923.983146,0.0
2019-03-22,12,0,64,43.16,43.16,0.0,4617.205904,0.0
2019-03-22,12,0,65,41.4,41.4,0.0,151.223374,0.0
2019-03-22,12,0,67,392.04,392.04,0.0,-218585.601158,0.0
2019-03-22,12,0,68,34.0,34.0,0.0,-14044.735665,0.0
2019-03-22,12,0,69,3.63,3.63,0.0,33.909427,0.0
2019-03-22,12,0,74,173.48,173.48,0.0,-498.158557,0.0
2019-03-22,12,0,77,60.0,60.0,0.0,-17499.218768,0.0
2019-03-22,12,0,78,45.36,45.36,0.0,-13229.409389,0.0
2019-03-22,12,0,79,26.25,26.25,0.0,-7655.908211,0.0
2019-03-22,12,0,80,42.45,42.45,0.0,-12380.697278,0.0
2019-03-22,12,0,81,55.5,55.5,0.0,-16186.777361,0.0
2019-03-22,12,0,82,39.15,39.15,0.0,-11418.240246,0.0
2019-03-22,12,0,83,87.3,87.3,0.0,-25461.363308,0.0
2019-03-22,12,0,84,0.0,0.0,0.0,0.0,0.0
2019-03-22,12,0,86,18.39,18.39,0.0,171.789079,0.0
2019-03-22,12,0,87,93.89,93.89,0.0,877.067789,0.0
2019-03-22,12,0,88,51.18,51.18,0.0,-14926.833609,0.0
2019-03-22,12,0,89,49.2,49.2,0.0,-14349.35939,0.0
2019-03-22,12,0,90,66.06,66.06,0.0,-19266.639864,0.0
2019-03-22,12,0,91,235.65,235.65,0.0,-68728.181712,0.0
2019-03-22,12,0,92,84.75,84.75,0.0,-24717.64651,0.0
2019-03-22,12,0,95,14.04,14.04,0.0,273.018748,0.0
2019-03-22,12,0,96,29.88,29.88,0.0,750.413445,0.0
2019-03-22,12,0,97,183.76,183.76,0.0,4614.992461,0.0
2019-03-22,12,0,99,33.48,33.48,0.0,-96.139892,0.0
2019-03-22,12,0,101,13.13,13.13,0.0,-13130.0,0.0
2019-03-22,12,0,102,80.5,80.5,0.0,-33252.977089,0.0
2019-03-22,12,0,103,70.0,70.0,0.0,-28915.632252,0.0
2019-03-22,12,0,104,13.0,13.0,0.0,-5370.04599,0.0
2019-03-22,12,0,106,250.62,250.62,0.0,-99997.866809,0.0
2019-03-22,12,0,109,60.0,60.0,0.0,-493.615537,0.0
2019-03-22,12,0,110,323.99,323.99,0.0,-323990.0,0.0
2019-03-22,12,0,111,21.75,21.75,0.0,-470.480258,0.0
2019-03-22,12,0,113,45.0,45.0,0.0,-11969.358057,0.0
2019-03-22,12,0,115,45.0,45.0,0.0,-11969.358057,0.0
2019-03-22,12,0,116,153.55,153.55,0.0,-153550.0,0.0
2019-03-22,12,0,117,3.0,3.0,0.0,-797.957204,0.0
2019-03-22,12,0,119,43.16,43.16,0.0,4617.205904,0.0
2019-03-22,12,0,120,25.38,25.38,0.0,2715.122471,0.0
2019-03-22,12,0,123,4.18,4.18,0.0,-1667.828119,0.0
2019-03-22,12,0,125,70.73,70.73,0.0,-28221.407387,0.0
2019-03-22,12,0,126,187.96,187.96,0.0,-74996.405097,0.0
2019-03-22,12,0,127,241.22,241.22,0.0,-96247.24855,0.0
2019-03-22,12,0,128,96.96,96.96,0.0,-38687.228337,0.0
2019-03-22,12,0,131,30.0,30.0,0.0,-11234.837298,0.0
2019-03-22,12,0,132,44.1,44.1,0.0,-16515.210827,0.0
2019-03-22,12,0,133,23.8,23.8,0.0,92.669657,0.0
2019-03-22,12,0,134,0.0,0.0,0.0,0.0,0.0
2019-03-22,12,0,135,31.89,31.89,0.0,124.169553,0.0
2019-03-22,12,0,136,45.9,45.9,0.0,167.105838,0.0
2019-03-22,12,0,139,44.94,44.94,0.0,-972.109554,0.0
2019-03-22,12,0,140,239.78,239.78,0.0,-239780.0,0.0
2019-03-22,12,0,141,230.0,230.0,0.0,-128238.670203,0.0
2019-03-22,12,0,142,517.0,517.0,0.0,-288258.228238,0.0
2019-03-22,12,0,143,238.5,238.5,0.0,-238500.0,0.0
2019-03-22,12,0,145,56.25,56.25,0.0,-893.258032,0.0
2019-03-22,12,0,146,268.0,268.0,0.0,-268000.0,0.0
2019-03-22,12,0,152,10.88,10.88,0.0,-23.668909,0.0
2019-03-22,12,0,153,13.68,13.68,0.0,-33.442112,0.0
2019-03-22,12,0,154,89.71,89.71,0.0,-1940.541792,0.0
2019-03-22,12,0,157,163.94,163.94,0.0,-91406.293883,0.0
2019-03-22,12,0,158,305.88,305.88,0.0,-170546.280181,0.0
2019-03-22,12,0,159,0.0,0.0,0.0,-0.0,0.0
2019-03-22,12,0,160,3.52,3.52,0.0,3.57549,0.0
2019-03-22,12,0,161,71.25,71.25,0.0,-29431.982828,0.0
2019-03-22,12,0,162,31.65,31.65,0.0,640.051431,0.0
2019-03-22,12,0,163,164.28,164.28,0.0,-164280.0,0.0
2019-03-22,12,0,164,26.42,26.42,0.0,-26420.0,0.0
2019-03-22,12,0,167,8.78,8.78,0.0,145.536875,0.0
2019-03-22,12,0,168,4.39,4.39,0.0,72.768438,0.0
2019-03-22,12,0,169,0.0,0.0,0.0,0.0,0.0
2019-03-22,12,0,170,9.61,9.61,0.0,159.294917,0.0
2019-03-22,12,0,172,11.5,11.5,0.0,139.30835,0.0
2019-03-22,12,0,173,17.53,17.53,0.0,212.35438,0.0
2019-03-22,12,0,188,15.1,15.1,0.0,292.331038,0.0
2019-03-22,12,0,190,12.51,12.51,0.0,405.66874,0.0
2019-03-22,12,0,191,32.33,32.33,0.0,1048.382922,0.0
2019-03-22,12,0,192,187.92,187.92,0.0,6093.786534,0.0
2019-03-22,12,0,194,52.95,52.95,0.0,-7121.416004,0.0
2019-03-22,12,0,196,8.43,8.43,0.0,2183.975994,0.0
2019-03-22,12,0,198,15.2,15.2,0.0,108.383375,0.0
2019-03-22,12,0,199,7.75,7.75,0.0,-642.124259,0.0
2019-03-22,12,0,200,26.54,26.54,0.0,-2198.964882,0.0
2019-03-22,12,0,204,257.1,257.1,0.0,-2248.870716,0.0
2019-03-22,12,0,205,317.4,317.4,0.0,-2611.226193,0.0
2019-03-22,12,0,206,539.95,539.95,0.0,13560.433061,0.0
2019-03-22,12,0,210,3.49,3.49,0.0,10.352229,0.0
2019-03-22,12,0,214,19.63,19.63,0.0,246.661633,0.0
2019-03-22,12,0,217,13.12,13.12,0.0,124.614604,0.0
2019-03-22,12,0,218,18.1,18.1,0.0,171.914964,0.0
2019-03-22,12,0,219,12.33,12.33,0.0,117.111133,0.0
2019-03-22,12,0,221,10.47,10.47,0.0,131.561248,0.0
2019-03-22,12,0,225,10.05,10.05,0.0,34.49692,0.0
2019-03-22,12,0,233,10.4,10.4,0.0,97.150975,0.0
2019-03-22,12,0,236,77.29,77.29,0.0,70.365724,0.0
2019-03-22,12,0,237,416.15,416.15,0.0,-1195.00048,0.0
2019-03-22,12,0,238,109.05,109.05,0.0,293.078123,0.0
2019-03-22,12,0,240,16.78,16.78,0.0,-69.046776,0.0
2019-03-22,12,0,245,69.55,69.55,0.0,325.679801,0.0
2019-03-22,12,0,247,134.88,134.88,0.0,631.598728,0.0
2019-03-22,12,0,248,41.77,41.77,0.0,-119.94514,0.0
2019-03-22,12,0,249,133.75,133.75,0.0,626.307309,0.0
2019-03-22,12,0,251,326.4,326.4,0.0,1074.250669,0.0
2019-03-22,12,0,252,267.06,267.06,0.0,975.500346,0.0
2019-03-22,12,0,254,24.79,24.79,0.0,-46.250201,0.0
2019-03-22,12,0,255,11.36,11.36,0.0,-21.194122,0.0
2019-03-22,12,0,258,20.43,20.43,0.0,-79.829627,0.0
2019-03-22,12,0,260,8.55,8.55,0.0,8.684783,0.0
2019-03-22,12,0,265,92.88,92.88,0.0,-2009.112938,0.0
2019-03-22,12,0,266,29.1,29.1,0.0,-629.470139,0.0
2019-03-22,12,0,267,35.76,35.76,0.0,-773.534438,0.0
2019-03-22,12,0,270,513.04,513.04,0.0,-513040.0,0.0
2019-03-22,12,0,272,150.39,150.39,0.0,-40001.594628,0.0
2019-03-22,12,0,273,36.72,36.72,0.0,-36720.0,0.0
2019-03-22,12,0,274,661.37,661.37,0.0,-661370.0,0.0
2019-03-22,12,0,275,920.63,920.63,0.0,-920630.0,0.0
2019-03-22,12,0,276,8.16,8.16,0.0,-7353.892866,0.0
2019-03-22,12,0,277,10.18,10.18,0.0,-2812.4939,0.0
2019-03-22,12,0,278,16.29,16.29,0.0,-4500.542793,0.0
2019-03-22,12,0,279,264.6,264.6,0.0,-73102.739293,0.0
2019-03-22,12,0,281,56.1,56.1,0.0,-56100.0,0.0
2019-03-22,12,0,282,357.43,357.43,0.0,-357430.0,0.0
2019-03-22,13,0,9,4.35,4.35,0.0,-2409.263826,0.0
2019-03-22,13,0,17,68.59,68.59,0.0,-967.190052,0.0
2019-03-22,13,0,19,192.99,192.99,0.0,-2721.358917,0.0
2019-03-22,13,0,20,234.06,234.06,0.0,-3300.488462,0.0
2019-03-22,13,0,21,99.5,99.5,0.0,-55108.448431,0.0
2019-03-22,13,0,22,353.6,353.6,0.0,-195842.687089,0.0
2019-03-22,13,0,23,90.35,90.35,0.0,-50040.686591,0.0
2019-03-22,13,0,24,157.79,157.79,0.0,-87392.583698,0.0
2019-03-22,13,0,29,12.54,12.54,0.0,42.737687,0.0
2019-03-22,13,0,30,807.87,807.87,0.0,-807870.0,0.0
2019-03-22,13,0,31,125.0,125.0,0.0,-125000.0,0.0
2019-03-22,13,0,32,8.18,8.18,0.0,288.927297,0.0
2019-03-22,13,0,33,4.1,4.1,0.0,8.814959,0.0
2019-03-22,13,0,34,6.57,6.57,0.0,14.125434,0.0
2019-03-22,13,0,35,6.57,6.57,0.0,14.125434,0.0
2019-03-22,13,0,36,15.69,15.69,0.0,-367.73976,0.0
2019-03-22,13,0,37,7.5,7.5,0.0,-154.987945,0.0
2019-03-22,13,0,38,9.65,9.65,0.0,-199.417823,0.0
2019-03-22,13,0,39,6.43,6.43,0.0,-132.876332,0.0
2019-03-22,13,0,40,6.43,6.43,0.0,-132.876332,0.0
2019-03-22,13,0,41,34.8,34.8,0.0,-6571.37172,0.0
2019-03-22,13,0,42,93.78,93.78,0.0,-1652.749515,0.0
2019-03-22,13,0,43,49.93,49.93,0.0,-634.726968,0.0
2019-03-22,13,0,46,42.62,42.62,0.0,27.026026,0.0
2019-03-22,13,0,52,132.5,132.5,0.0,-132500.0,0.0
2019-03-22,13,0,53,210.5,210.5,0.0,-210500.0,0.0
2019-03-22,13,0,55,623.0,623.0,0.0,-345050.888168,0.0
2019-03-22,13,0,56,238.29,238.29,0.0,-238290.0,0.0
2019-03-22,13,0,57,226.67,226.67,0.0,-226670.0,0.0
2019-03-22,13,0,58,435.9,435.9,0.0,-435900.0,0.0
2019-03-22,13,0,59,428.63,428.63,0.0,-428630.0,0.0
2019-03-22,13,0,63,51.0,51.0,0.0,5465.695478,0.0
2019-03-22,13,0,64,60.0,60.0,0.0,6430.229975,0.0
2019-03-22,13,0,65,41.4,41.4,0.0,-610.87401,0.0
2019-03-22,13,0,67,428.5,428.5,0.0,-236602.256587,0.0
2019-03-22,13,0,68,34.0,34.0,0.0,-13801.385113,0.0
2019-03-22,13,0,69,4.1,4.1,0.0,8.814959,0.0
2019-03-22,13,0,74,217.6,217.6,0.0,-8678.325808,0.0
2019-03-22,13,0,77,60.0,60.0,0.0,-16881.103667,0.0
2019-03-22,13,0,78,45.36,45.36,0.0,-12762.114373,0.0
2019-03-22,13,0,79,26.25,26.25,0.0,-7385.482854,0.0
2019-03-22,13,0,80,42.45,42.45,0.0,-11943.380845,0.0
2019-03-22,13,0,81,55.5,55.5,0.0,-15615.020892,0.0
2019-03-22,13,0,82,39.15,39.15,0.0,-11014.920143,0.0
2019-03-22,13,0,83,87.3,87.3,0.0,-24562.005836,0.0
2019-03-22,13,0,84,0.0,0.0,0.0,-0.0,0.0
2019-03-22,13,0,86,20.8,20.8,0.0,44.71979,0.0
2019-03-22,13,0,87,106.18,106.18,0.0,228.285928,0.0
2019-03-22,13,0,88,51.18,51.18,0.0,-14399.581428,0.0
2019-03-22,13,0,89,49.2,49.2,0.0,-13842.505007,0.0
2019-03-22,13,0,90,66.06,66.06,0.0,-18586.095138,0.0
2019-03-22,13,0,91,235.65,235.65,0.0,-66300.534654,0.0
2019-03-22,13,0,92,84.75,84.75,0.0,-23844.55893,0.0
2019-03-22,13,0,95,30.58,30.58,0.0,594.651946,0.0
2019-03-22,13,0,96,29.88,29.88,0.0,-7178.650208,0.0
2019-03-22,13,0,97,183.75,183.75,0.0,-44145.815787,0.0
2019-03-22,13,0,99,42.0,42.0,0.0,-1675.044503,0.0
2019-03-22,13,0,101,16.27,16.27,0.0,-16270.0,0.0
2019-03-22,13,0,102,80.5,80.5,0.0,-32676.808869,0.0
2019-03-22,13,0,103,70.0,70.0,0.0,-28414.616408,0.0
2019-03-22,13,0,104,13.0,13.0,0.0,-5277.00019,0.0
2019-03-22,13,0,106,348.09,348.09,0.0,-192790.952909,0.0
2019-03-22,13,0,109,60.0,60.0,0.0,-1506.854743,0.0
2019-03-22,13,0,110,338.6,338.6,0.0,-338600.0,0.0
2019-03-22,13,0,111,25.59,25.59,0.0,-4832.224205,0.0
2019-03-22,13,0,113,45.0,45.0,0.0,-11737.574164,0.0
2019-03-22,13,0,115,45.0,45.0,0.0,-11737.574164,0.0
2019-03-22,13,0,116,169.8,169.8,0.0,-169800.0,0.0
2019-03-22,13,0,117,3.0,3.0,0.0,-782.504944,0.0
2019-03-22,13,0,119,60.0,60.0,0.0,6430.229975,0.0
2019-03-22,13,0,120,35.28,35.28,0.0,3780.975225,0.0
2019-03-22,13,0,123,5.8,5.8,0.0,-3212.351768,0.0
2019-03-22,13,0,125,143.27,143.27,0.0,-79350.627204,0.0
2019-03-22,13,0,126,261.07,261.07,0.0,-144594.599316,0.0
2019-03-22,13,0,127,335.04,335.04,0.0,-185563.161431,0.0
2019-03-22,13,0,128,202.25,202.25,0.0,-112016.92156,0.0
2019-03-22,13,0,131,30.0,30.0,0.0,-11005.999802,0.0
2019-03-22,13,0,132,44.1,44.1,0.0,-16178.819709,0.0
2019-03-22,13,0,133,41.94,41.94,0.0,-588.811757,0.0
2019-03-22,13,0,134,0.0,0.0,0.0,-0.0,0.0
2019-03-22,13,0,135,56.2,56.2,0.0,-789.01337,0.0
2019-03-22,13,0,136,45.9,45.9,0.0,-678.922264,0.0
2019-03-22,13,0,139,44.94,44.94,0.0,-8486.13348,0.0
2019-03-22,13,0,140,250.6,250.6,0.0,-250600.0,0.0
2019-03-22,13,0,141,230.0,230.0,0.0,-126997.710654,0.0
2019-03-22,13,0,142,565.09,565.09,0.0,-312022.331797,0.0
2019-03-22,13,0,143,238.5,238.5,0.0,-238500.0,0.0
2019-03-22,13,0,145,100.0,100.0,0.0,-27247.865113,0.0
2019-03-22,13,0,146,268.0,268.0,0.0,-268000.0,0.0
2019-03-22,13,0,152,11.71,11.71,0.0,-334.34107,0.0
2019-03-22,13,0,153,14.43,14.43,0.0,-420.221731,0.0
2019-03-22,13,0,154,105.57,105.57,0.0,-19935.04921,0.0
2019-03-22,13,0,157,250.0,250.0,0.0,-138040.989841,0.0
2019-03-22,13,0,158,384.58,384.58,0.0,-212351.215492,0.0
2019-03-22,13,0,159,0.0,0.0,0.0,-0.0,0.0
2019-03-22,13,0,160,3.87,3.87,0.0,-21.816892,0.0
2019-03-22,13,0,161,84.7,84.7,0.0,-34381.685854,0.0
2019-03-22,13,0,162,73.12,73.12,0.0,1480.630319,0.0
2019-03-22,13,0,163,104.55,104.55,0.0,-104550.0,0.0
2019-03-22,13,0,164,30.43,30.43,0.0,-30430.0,0.0
2019-03-22,13,0,167,9.73,9.73,0.0,161.58975,0.0
2019-03-22,13,0,168,4.86,4.86,0.0,80.711838,0.0
2019-03-22,13,0,169,0.0,0.0,0.0,0.0,0.0
2019-03-22,13,0,170,10.64,10.64,0.0,176.702461,0.0
2019-03-22,13,0,172,12.63,12.63,0.0,106.175366,0.0
2019-03-22,13,0,173,19.24,19.24,0.0,161.742996,0.0
2019-03-22,13,0,188,16.48,16.48,0.0,288.557953,0.0
2019-03-22,13,0,190,13.83,13.83,0.0,448.473115,0.0
2019-03-22,13,0,191,35.74,35.74,0.0,1158.960891,0.0
2019-03-22,13,0,192,332.6,332.6,0.0,10785.405497,0.0
2019-03-22,13,0,194,52.95,52.95,0.0,-7033.723176,0.0
2019-03-22,13,0,196,9.29,9.29,0.0,2422.950351,0.0
2019-03-22,13,0,198,16.64,16.64,0.0,98.52591,0.0
2019-03-22,13,0,199,13.36,13.36,0.0,-1385.559093,0.0
2019-03-22,13,0,200,29.97,29.97,0.0,-3108.174103,0.0
2019-03-22,13,0,204,257.1,257.1,0.0,4210.198526,0.0
2019-03-22,13,0,205,317.4,317.4,0.0,-7971.261588,0.0
2019-03-22,13,0,206,539.94,539.94,0.0,-129720.227352,0.0
2019-03-22,13,0,210,3.77,3.77,0.0,15.940988,0.0
2019-03-22,13,0,214,21.27,21.27,0.0,245.114412,0.0
2019-03-22,13,0,217,14.42,14.42,0.0,146.250268,0.0
2019-03-22,13,0,218,19.9,19.9,0.0,201.829427,0.0
2019-03-22,13,0,219,13.55,13.55,0.0,137.42657,0.0
2019-03-22,13,0,221,11.34,11.34,0.0,130.681591,0.0
2019-03-22,13,0,225,11.05,11.05,0.0,36.784269,0.0
2019-03-22,13,0,233,11.77,11.77,0.0,25.305381,0.0
2019-03-22,13,0,236,314.31,314.31,0.0,-6921.317552,0.0
2019-03-22,13,0,237,522.0,522.0,0.0,-20818.410257,0.0
2019-03-22,13,0,238,122.06,122.06,0.0,-2151.147428,0.0
2019-03-22,13,0,240,17.78,17.78,0.0,-416.724852,0.0
2019-03-22,13,0,245,78.0,78.0,0.0,-912.187157,0.0
2019-03-22,13,0,247,171.72,171.72,0.0,-2008.21511,0.0
2019-03-22,13,0,248,52.4,52.4,0.0,-2089.817428,0.0
2019-03-22,13,0,249,150.0,150.0,0.0,-1754.206071,0.0
2019-03-22,13,0,251,326.4,326.4,0.0,-5166.84211,0.0
2019-03-22,13,0,252,267.06,267.06,0.0,-3940.580026,0.0
2019-03-22,13,0,254,27.85,27.85,0.0,-304.595295,0.0
2019-03-22,13,0,255,12.76,12.76,0.0,-139.556049,0.0
2019-03-22,13,0,258,22.12,22.12,0.0,-480.127571,0.0
2019-03-22,13,0,260,9.4,9.4,0.0,-52.991935,0.0
2019-03-22,13,0,265,109.3,109.3,0.0,-20639.394513,0.0
2019-03-22,13,0,266,29.1,29.1,0.0,-5495.026352,0.0
2019-03-22,13,0,267,35.76,35.76,0.0,-6752.65094,0.0
2019-03-22,13,0,270,325.32,325.32,0.0,-325320.0,0.0
2019-03-22,13,0,272,150.39,150.39,0.0,-39226.972857,0.0
2019-03-22,13,0,273,40.61,40.61,0.0,-40610.0,0.0
2019-03-22,13,0,274,419.18,419.18,0.0,-419180.0,0.0
2019-03-22,13,0,275,583.24,583.24,0.0,-583240.0,0.0
2019-03-22,13,0,276,9.06,9.06,0.0,-8154.069446,0.0
2019-03-22,13,0,277,11.34,11.34,0.0,-3051.145799,0.0
2019-03-22,13,0,278,18.15,18.15,0.0,-4883.447642,0.0
2019-03-22,13,0,279,378.16,378.16,0.0,-101747.909655,0.0
2019-03-22,13,0,281,56.1,56.1,0.0,-56100.0,0.0
2019-03-22,13,0,282,443.16,443.16,0.0,-443160.0,0.0
2019-03-22,14,0,9,4.49,4.49,0.0,-2499.937396,0.0
2019-03-22,14,0,17,70.01,70.01,0.0,-838.544479,0.0
2019-03-22,14,0,19,192.99,192.99,0.0,-2311.53691,0.0
2019-03-22,14,0,20,234.06,234.06,0.0,-2803.452662,0.0
2019-03-22,14,0,21,102.62,102.62,0.0,-57136.653807,0.0
2019-03-22,14,0,22,364.72,364.72,0.0,-203068.411387,0.0
2019-03-22,14,0,23,42.61,42.61,0.0,-23724.350212,0.0
2019-03-22,14,0,24,73.27,73.27,0.0,-40795.192209,0.0
2019-03-22,14,0,29,12.54,12.54,0.0,44.112181,0.0
2019-03-22,14,0,30,855.64,855.64,0.0,-855640.0,0.0
2019-03-22,14,0,31,125.0,125.0,0.0,-125000.0,0.0
2019-03-22,14,0,32,8.11,8.11,0.0,296.6904,0.0
2019-03-22,14,0,33,4.17,4.17,0.0,14.059082,0.0
2019-03-22,14,0,34,6.66,6.66,0.0,22.454073,0.0
2019-03-22,14,0,35,6.66,6.66,0.0,22.454073,0.0
2019-03-22,14,0,36,16.23,16.23,0.0,-306.488232,0.0
2019-03-22,14,0,37,7.57,7.57,0.0,-120.283718,0.0
2019-03-22,14,0,38,9.74,9.74,0.0,-154.763991,0.0
2019-03-22,14,0,39,6.49,6.49,0.0,-103.123029,0.0
2019-03-22,14,0,40,6.49,6.49,0.0,-103.123029,0.0
2019-03-22,14,0,41,34.8,34.8,0.0,-6642.23522,0.0
2019-03-22,14,0,42,96.77,96.77,0.0,-1481.027706,0.0
2019-03-22,14,0,43,51.02,51.02,0.0,-405.117944,0.0
2019-03-22,14,0,46,43.15,43.15,0.0,328.372353,0.0
2019-03-22,14,0,52,132.5,132.5,0.0,-132500.0,0.0
2019-03-22,14,0,53,210.5,210.5,0.0,-210500.0,0.0
2019-03-22,14,0,55,623.0,623.0,0.0,-346873.273454,0.0
2019-03-22,14,0,56,252.38,252.38,0.0,-252380.0,0.0
2019-03-22,14,0,57,240.07,240.07,0.0,-240070.0,0.0
2019-03-22,14,0,58,461.68,461.68,0.0,-461680.0,0.0
2019-03-22,14,0,59,453.98,453.98,0.0,-453980.0,0.0
2019-03-22,14,0,63,51.0,51.0,0.0,5504.740792,0.0
2019-03-22,14,0,64,60.0,60.0,0.0,6476.165638,0.0
2019-03-22,14,0,65,41.4,41.4,0.0,-521.455699,0.0
2019-03-22,14,0,67,433.75,433.75,0.0,-239723.569859,0.0
2019-03-22,14,0,68,19.16,19.16,0.0,-7790.52161,0.0
2019-03-22,14,0,69,4.17,4.17,0.0,14.059082,0.0
2019-03-22,14,0,74,217.6,217.6,0.0,-8079.745189,0.0
2019-03-22,14,0,77,60.0,60.0,0.0,-16946.027616,0.0
2019-03-22,14,0,78,45.36,45.36,0.0,-12811.196878,0.0
2019-03-22,14,0,79,26.25,26.25,0.0,-7413.887082,0.0
2019-03-22,14,0,80,42.45,42.45,0.0,-11989.314539,0.0
2019-03-22,14,0,81,55.5,55.5,0.0,-15675.075545,0.0
2019-03-22,14,0,82,39.15,39.15,0.0,-11057.28302,0.0
2019-03-22,14,0,83,87.3,87.3,0.0,-24656.470182,0.0
2019-03-22,14,0,84,0.0,0.0,0.0,-0.0,0.0
2019-03-22,14,0,86,21.1,21.1,0.0,71.138279,0.0
2019-03-22,14,0,87,107.75,107.75,0.0,363.277229,0.0
2019-03-22,14,0,88,51.18,51.18,0.0,-14454.961557,0.0
2019-03-22,14,0,89,49.2,49.2,0.0,-13895.742646,0.0
2019-03-22,14,0,90,66.06,66.06,0.0,-18657.576406,0.0
2019-03-22,14,0,91,235.65,235.65,0.0,-66555.523464,0.0
2019-03-22,14,0,92,84.75,84.75,0.0,-23936.264008,0.0
2019-03-22,14,0,95,34.18,34.18,0.0,664.656754,0.0
2019-03-22,14,0,96,31.39,31.39,0.0,-7695.461908,0.0
2019-03-22,14,0,97,210.51,210.51,0.0,-51607.89061,0.0
2019-03-22,14,0,99,42.0,42.0,0.0,-1559.509641,0.0
2019-03-22,14,0,101,17.24,17.24,0.0,-17240.0,0.0
2019-03-22,14,0,102,45.25,45.25,0.0,-18398.804951,0.0
2019-03-22,14,0,103,39.36,39.36,0.0,-16003.910782,0.0
2019-03-22,14,0,104,7.37,7.37,0.0,-2996.667237,0.0
2019-03-22,14,0,106,359.03,359.03,0.0,-199900.339275,0.0
2019-03-22,14,0,109,60.0,60.0,0.0,-1120.634946,0.0
2019-03-22,14,0,110,338.6,338.6,0.0,-338600.0,0.0
2019-03-22,14,0,111,26.65,26.65,0.0,-5086.65427,0.0
2019-03-22,14,0,113,45.0,45.0,0.0,-11749.035908,0.0
2019-03-22,14,0,115,45.0,45.0,0.0,-11749.035908,0.0
2019-03-22,14,0,116,176.26,176.26,0.0,-176260.0,0.0
2019-03-22,14,0,117,3.0,3.0,0.0,-783.269061,0.0
2019-03-22,14,0,119,60.0,60.0,0.0,6476.165638,0.0
2019-03-22,14,0,120,35.28,35.28,0.0,3807.985395,0.0
2019-03-22,14,0,123,5.98,5.98,0.0,-3329.538002,0.0
2019-03-22,14,0,125,66.79,66.79,0.0,-37187.264742,0.0
2019-03-22,14,0,126,269.27,269.27,0.0,-149923.862509,0.0
2019-03-22,14,0,127,345.57,345.57,0.0,-192406.094876,0.0
2019-03-22,14,0,128,92.7,92.7,0.0,-51613.406821,0.0
2019-03-22,14,0,131,30.0,30.0,0.0,-11027.751601,0.0
2019-03-22,14,0,132,44.1,44.1,0.0,-16210.794853,0.0
2019-03-22,14,0,133,41.94,41.94,0.0,-499.894008,0.0
2019-03-22,14,0,134,0.0,0.0,0.0,-0.0,0.0
2019-03-22,14,0,135,56.2,56.2,0.0,-669.862739,0.0
2019-03-22,14,0,136,45.9,45.9,0.0,-579.693046,0.0
2019-03-22,14,0,139,44.94,44.94,0.0,-8577.645137,0.0
2019-03-22,14,0,140,250.6,250.6,0.0,-250600.0,0.0
2019-03-22,14,0,141,230.0,230.0,0.0,-127115.668167,0.0
2019-03-22,14,0,142,572.01,572.01,0.0,-316136.666732,0.0
2019-03-22,14,0,143,238.5,238.5,0.0,-238500.0,0.0
2019-03-22,14,0,145,56.12,56.12,0.0,-15677.455019,0.0
2019-03-22,14,0,146,268.0,268.0,0.0,-268000.0,0.0
2019-03-22,14,0,152,12.01,12.01,0.0,-301.841826,0.0
2019-03-22,14,0,153,14.72,14.72,0.0,-377.396016,0.0
2019-03-22,14,0,154,109.92,109.92,0.0,-20980.30159,0.0
2019-03-22,14,0,157,250.0,250.0,0.0,-138169.20453,0.0
2019-03-22,14,0,158,394.75,394.75,0.0,-218169.173952,0.0
2019-03-22,14,0,159,0.0,0.0,0.0,-0.0,0.0
2019-03-22,14,0,160,3.99,3.99,0.0,-8.301919,0.0
2019-03-22,14,0,161,86.62,86.62,0.0,-35219.988616,0.0
2019-03-22,14,0,162,82.22,82.22,0.0,1664.557222,0.0
2019-03-22,14,0,163,130.61,130.61,0.0,-130610.0,0.0
2019-03-22,14,0,164,30.74,30.74,0.0,-30740.0,0.0
2019-03-22,14,0,167,9.58,9.58,0.0,158.69879,0.0
2019-03-22,14,0,168,4.79,4.79,0.0,79.349395,0.0
2019-03-22,14,0,169,0.0,0.0,0.0,0.0,0.0
2019-03-22,14,0,170,10.48,10.48,0.0,173.607862,0.0
2019-03-22,14,0,172,12.49,12.49,0.0,120.137332,0.0
2019-03-22,14,0,173,19.03,19.03,0.0,183.043509,0.0
2019-03-22,14,0,188,16.49,16.49,0.0,305.734649,0.0
2019-03-22,14,0,190,14.38,14.38,0.0,466.308271,0.0
2019-03-22,14,0,191,37.15,37.15,0.0,1204.683747,0.0
2019-03-22,14,0,192,332.6,332.6,0.0,10785.405497,0.0
2019-03-22,14,0,194,52.95,52.95,0.0,-7012.936625,0.0
2019-03-22,14,0,196,9.55,9.55,0.0,2496.988505,0.0
2019-03-22,14,0,198,17.12,17.12,0.0,127.210542,0.0
2019-03-22,14,0,199,40.21,40.21,0.0,-4012.663824,0.0
2019-03-22,14,0,200,30.36,30.36,0.0,-3029.705887,0.0
2019-03-22,14,0,204,257.1,257.1,0.0,6672.025025,0.0
2019-03-22,14,0,205,317.4,317.4,0.0,-5928.158863,0.0
2019-03-22,14,0,206,745.19,745.19,0.0,-182688.15735,0.0
2019-03-22,14,0,210,3.75,3.75,0.0,15.991834,0.0
2019-03-22,14,0,214,21.47,21.47,0.0,261.849997,0.0
2019-03-22,14,0,217,14.21,14.21,0.0,148.673434,0.0
2019-03-22,14,0,218,19.61,19.61,0.0,205.171431,0.0
2019-03-22,14,0,219,13.36,13.36,0.0,139.780231,0.0
2019-03-22,14,0,221,11.45,11.45,0.0,139.645201,0.0
2019-03-22,14,0,225,11.16,11.16,0.0,38.452894,0.0
2019-03-22,14,0,233,11.94,11.94,0.0,40.2555,0.0
2019-03-22,14,0,236,159.05,159.05,0.0,-3075.02133,0.0
2019-03-22,14,0,237,522.0,522.0,0.0,-19382.476971,0.0
2019-03-22,14,0,238,125.95,125.95,0.0,-1927.616405,0.0
2019-03-22,14,0,240,18.4,18.4,0.0,-347.466634,0.0
2019-03-22,14,0,245,78.0,78.0,0.0,-756.969361,0.0
2019-03-22,14,0,247,171.72,171.72,0.0,-1666.497163,0.0
2019-03-22,14,0,248,52.4,52.4,0.0,-1945.673933,0.0
2019-03-22,14,0,249,150.0,150.0,0.0,-1455.71031,0.0
2019-03-22,14,0,251,326.4,326.4,0.0,-4442.397947,0.0
2019-03-22,14,0,252,267.06,267.06,0.0,-3363.767124,0.0
2019-03-22,14,0,254,27.84,27.84,0.0,-180.123979,0.0
2019-03-22,14,0,255,12.76,12.76,0.0,-82.556824,0.0
2019-03-22,14,0,258,22.99,22.99,0.0,-393.50977,0.0
2019-03-22,14,0,260,9.7,9.7,0.0,-20.18261,0.0
2019-03-22,14,0,265,113.8,113.8,0.0,-21720.872643,0.0
2019-03-22,14,0,266,29.1,29.1,0.0,-5554.282899,0.0
2019-03-22,14,0,267,35.76,35.76,0.0,-6825.469295,0.0
2019-03-22,14,0,270,454.05,454.05,0.0,-454050.0,0.0
2019-03-22,14,0,272,150.39,150.39,0.0,-39265.278003,0.0
2019-03-22,14,0,273,42.15,42.15,0.0,-42150.0,0.0
2019-03-22,14,0,274,605.65,605.65,0.0,-605650.0,0.0
2019-03-22,14,0,275,880.86,880.86,0.0,-880860.0,0.0
2019-03-22,14,0,276,9.32,9.32,0.0,-8389.138677,0.0
2019-03-22,14,0,277,11.66,11.66,0.0,-3144.082664,0.0
2019-03-22,14,0,278,18.65,18.65,0.0,-5028.914381,0.0
2019-03-22,14,0,279,264.6,264.6,0.0,-71348.565423,0.0
2019-03-22,14,0,281,56.1,56.1,0.0,-56100.0,0.0
2019-03-22,14,0,282,469.37,469.37,0.0,-469370.0,0.0
2019-03-22,15,0,9,4.28,4.28,0.0,-2128.329889,0.0
2019-03-22,15,0,17,67.85,67.85,0.0,-157.574069,0.0
2019-03-22,15,0,19,192.99,192.99,0.0,-448.197782,0.0
2019-03-22,15,0,20,234.06,234.06,0.0,-543.578283,0.0
2019-03-22,15,0,21,97.92,97.92,0.0,-48693.005317,0.0
2019-03-22,15,0,22,347.99,347.99,0.0,-173046.149103,0.0
2019-03-22,15,0,23,32.64,32.64,0.0,-16231.001772,0.0
2019-03-22,15,0,24,57.75,57.75,0.0,-28717.535305,0.0
2019-03-22,15,0,29,11.48,11.48,0.0,39.47499,0.0
2019-03-22,15,0,30,825.79,825.79,0.0,-825790.0,0.0
2019-03-22,15,0,31,125.0,125.0,0.0,-125000.0,0.0
2019-03-22,15,0,32,7.62,7.62,0.0,306.395638,0.0
2019-03-22,15,0,33,4.1,4.1,0.0,132.921822,0.0
2019-03-22,15,0,34,6.55,6.55,0.0,212.350716,0.0
2019-03-22,15,0,35,6.55,6.55,0.0,212.350716,0.0
2019-03-22,15,0,36,15.66,15.66,0.0,-899.943566,0.0
2019-03-22,15,0,37,7.34,7.34,0.0,-428.45704,0.0
2019-03-22,15,0,38,9.43,9.43,0.0,-550.456388,0.0
2019-03-22,15,0,39,6.29,6.29,0.0,-367.165502,0.0
2019-03-22,15,0,40,6.29,6.29,0.0,-367.165502,0.0
2019-03-22,15,0,41,58.96,58.96,0.0,-7756.370752,0.0
2019-03-22,15,0,42,93.0,93.0,0.0,-916.357934,0.0
2019-03-22,15,0,43,48.15,48.15,0.0,-2458.002811,0.0
2019-03-22,15,0,46,41.41,41.41,0.0,-2904.921861,0.0
2019-03-22,15,0,52,132.5,132.5,0.0,-132500.0,0.0
2019-03-22,15,0,53,210.5,210.5,0.0,-210500.0,0.0
2019-03-22,15,0,55,623.0,623.0,0.0,-309801.289954,0.0
2019-03-22,15,0,56,243.58,243.58,0.0,-243580.0,0.0
2019-03-22,15,0,57,231.7,231.7,0.0,-231700.0,0.0
2019-03-22,15,0,58,445.57,445.57,0.0,-445570.0,0.0
2019-03-22,15,0,59,438.14,438.14,0.0,-438140.0,0.0
2019-03-22,15,0,63,51.0,51.0,0.0,5886.89077,0.0
2019-03-22,15,0,64,60.0,60.0,0.0,6925.753847,0.0
2019-03-22,15,0,65,41.4,41.4,0.0,-154.063798,0.0
2019-03-22,15,0,67,409.57,409.57,0.0,-219093.100261,0.0
2019-03-22,15,0,68,34.0,34.0,0.0,-13024.287442,0.0
2019-03-22,15,0,69,4.1,4.1,0.0,132.921822,0.0
2019-03-22,15,0,74,217.6,217.6,0.0,-9415.334382,0.0
2019-03-22,15,0,77,60.0,60.0,0.0,-14968.584845,0.0
2019-03-22,15,0,78,45.36,45.36,0.0,-11316.250143,0.0
2019-03-22,15,0,79,26.25,26.25,0.0,-6548.75587,0.0
2019-03-22,15,0,80,42.45,42.45,0.0,-10590.273778,0.0
2019-03-22,15,0,81,55.5,55.5,0.0,-13845.940981,0.0
2019-03-22,15,0,82,39.15,39.15,0.0,-9767.001611,0.0
2019-03-22,15,0,83,87.3,87.3,0.0,-21779.290949,0.0
2019-03-22,15,0,84,0.0,0.0,0.0,-0.0,0.0
2019-03-22,15,0,86,20.75,20.75,0.0,672.7141,0.0
2019-03-22,15,0,87,105.95,105.95,0.0,3434.894406,0.0
2019-03-22,15,0,88,51.18,51.18,0.0,-12768.202873,0.0
2019-03-22,15,0,89,49.2,49.2,0.0,-12274.239573,0.0
2019-03-22,15,0,90,66.06,66.06,0.0,-16480.411914,0.0
2019-03-22,15,0,91,235.65,235.65,0.0,-58789.116978,0.0
2019-03-22,15,0,92,84.75,84.75,0.0,-21143.126093,0.0
2019-03-22,15,0,95,37.81,37.81,0.0,735.244934,0.0
2019-03-22,15,0,96,29.88,29.88,0.0,-4337.180772,0.0
2019-03-22,15,0,97,183.75,183.75,0.0,-26671.91991,0.0
2019-03-22,15,0,99,42.0,42.0,0.0,-1817.297997,0.0
2019-03-22,15,0,101,16.63,16.63,0.0,-16630.0,0.0
2019-03-22,15,0,102,80.5,80.5,0.0,-30836.915855,0.0
2019-03-22,15,0,103,70.0,70.0,0.0,-26814.70944,0.0
2019-03-22,15,0,104,13.0,13.0,0.0,-4979.87461,0.0
2019-03-22,15,0,106,342.57,342.57,0.0,-170350.927608,0.0
2019-03-22,15,0,109,60.0,60.0,0.0,-5292.623628,0.0
2019-03-22,15,0,110,338.6,338.6,0.0,-338600.0,0.0
2019-03-22,15,0,111,25.99,25.99,0.0,-3419.065058,0.0
2019-03-22,15,0,113,45.0,45.0,0.0,-10892.354467,0.0
2019-03-22,15,0,115,45.0,45.0,0.0,-10892.354467,0.0
2019-03-22,15,0,116,168.71,168.71,0.0,-168710.0,0.0
2019-03-22,15,0,117,3.0,3.0,0.0,-726.156964,0.0
2019-03-22,15,0,119,60.0,60.0,0.0,6925.753847,0.0
2019-03-22,15,0,120,35.28,35.28,0.0,4072.343262,0.0
2019-03-22,15,0,123,5.71,5.71,0.0,-2839.430763,0.0
2019-03-22,15,0,125,52.26,52.26,0.0,-25987.504676,0.0
2019-03-22,15,0,126,256.93,256.93,0.0,-127764.438889,0.0
2019-03-22,15,0,127,329.72,329.72,0.0,-163960.965206,0.0
2019-03-22,15,0,128,74.85,74.85,0.0,-37220.909395,0.0
2019-03-22,15,0,131,73.62,73.62,0.0,-25215.456274,0.0
2019-03-22,15,0,132,108.35,108.35,0.0,-37110.767282,0.0
2019-03-22,15,0,133,41.94,41.94,0.0,-91.873151,0.0
2019-03-22,15,0,134,0.0,0.0,0.0,-0.0,0.0
2019-03-22,15,0,135,56.2,56.2,0.0,-123.110898,0.0
2019-03-22,15,0,136,45.9,45.9,0.0,-174.334985,0.0
2019-03-22,15,0,139,76.67,76.67,0.0,-10086.176146,0.0
2019-03-22,15,0,140,250.6,250.6,0.0,-250600.0,0.0
2019-03-22,15,0,141,230.0,230.0,0.0,-123034.922138,0.0
2019-03-22,15,0,142,540.12,540.12,0.0,-288928.791935,0.0
2019-03-22,15,0,143,238.5,238.5,0.0,-238500.0,0.0
2019-03-22,15,0,145,30.0,30.0,0.0,-4418.036274,0.0
2019-03-22,15,0,146,268.0,268.0,0.0,-268000.0,0.0
2019-03-22,15,0,152,11.66,11.66,0.0,-488.752684,0.0
2019-03-22,15,0,153,14.25,14.25,0.0,-622.772049,0.0
2019-03-22,15,0,154,107.2,107.2,0.0,-14102.492277,0.0
2019-03-22,15,0,157,250.0,250.0,0.0,-133733.61102,0.0
2019-03-22,15,0,158,377.78,377.78,0.0,-202087.534284,0.0
2019-03-22,15,0,159,0.0,0.0,0.0,-0.0,0.0
2019-03-22,15,0,160,3.81,3.81,0.0,-104.798822,0.0
2019-03-22,15,0,161,82.59,82.59,0.0,-31637.526466,0.0
2019-03-22,15,0,162,92.47,92.47,0.0,1879.163512,0.0
2019-03-22,15,0,163,142.89,142.89,0.0,-142890.0,0.0
2019-03-22,15,0,164,29.91,29.91,0.0,-29910.0,0.0
2019-03-22,15,0,167,8.8,8.8,0.0,143.751983,0.0
2019-03-22,15,0,168,4.4,4.4,0.0,71.875992,0.0
2019-03-22,15,0,169,0.0,0.0,0.0,0.0,0.0
2019-03-22,15,0,170,9.63,9.63,0.0,157.310409,0.0
2019-03-22,15,0,172,11.67,11.67,0.0,99.937353,0.0
2019-03-22,15,0,173,17.78,17.78,0.0,152.261023,0.0
2019-03-22,15,0,188,15.58,15.58,0.0,308.872809,0.0
2019-03-22,15,0,190,13.8,13.8,0.0,447.500288,0.0
2019-03-22,15,0,191,35.65,35.65,0.0,1156.042411,0.0
2019-03-22,15,0,192,332.6,332.6,0.0,10785.405497,0.0
2019-03-22,15,0,194,52.95,52.95,0.0,-6464.242508,0.0
2019-03-22,15,0,196,9.02,9.02,0.0,2474.800731,0.0
2019-03-22,15,0,198,16.42,16.42,0.0,142.884436,0.0
2019-03-22,15,0,199,63.18,63.18,0.0,-9480.924985,0.0
2019-03-22,15,0,200,28.86,28.86,0.0,-4330.792894,0.0
2019-03-22,15,0,204,257.1,257.1,0.0,-23827.917853,0.0
2019-03-22,15,0,205,317.4,317.4,0.0,-27997.97899,0.0
2019-03-22,15,0,206,539.94,539.94,0.0,-78374.075843,0.0
2019-03-22,15,0,210,3.56,3.56,0.0,24.438851,0.0
2019-03-22,15,0,214,20.35,20.35,0.0,1077.979557,0.0
2019-03-22,15,0,217,13.4,13.4,0.0,485.059678,0.0
2019-03-22,15,0,218,18.49,18.49,0.0,669.309958,0.0
2019-03-22,15,0,219,12.6,12.6,0.0,456.100891,0.0
2019-03-22,15,0,221,10.85,10.85,0.0,574.745857,0.0
2019-03-22,15,0,225,10.31,10.31,0.0,32.040427,0.0
2019-03-22,15,0,233,11.74,11.74,0.0,380.610291,0.0
2019-03-22,15,0,236,179.56,179.56,0.0,-3849.225038,0.0
2019-03-22,15,0,237,522.0,522.0,0.0,-22586.417957,0.0
2019-03-22,15,0,238,121.04,121.04,0.0,-1192.644778,0.0
2019-03-22,15,0,240,17.74,17.74,0.0,-1019.4763,0.0
2019-03-22,15,0,245,78.0,78.0,0.0,220.115578,0.0
2019-03-22,15,0,247,171.72,171.72,0.0,484.59291,0.0
2019-03-22,15,0,248,52.4,52.4,0.0,-2267.295596,0.0
2019-03-22,15,0,249,150.0,150.0,0.0,423.299188,0.0
2019-03-22,15,0,251,326.4,326.4,0.0,-1964.342544,0.0
2019-03-22,15,0,252,267.06,267.06,0.0,-993.823138,0.0
2019-03-22,15,0,254,26.74,26.74,0.0,-1207.075394,0.0
2019-03-22,15,0,255,12.25,12.25,0.0,-552.979565,0.0
2019-03-22,15,0,258,22.04,22.04,0.0,-1243.738637,0.0
2019-03-22,15,0,260,9.26,9.26,0.0,-254.707897,0.0
2019-03-22,15,0,265,110.99,110.99,0.0,-14601.078524,0.0
2019-03-22,15,0,266,49.03,49.03,0.0,-6450.048473,0.0
2019-03-22,15,0,267,60.63,60.63,0.0,-7976.064428,0.0
2019-03-22,15,0,270,466.38,466.38,0.0,-466380.0,0.0
2019-03-22,15,0,272,150.39,150.39,0.0,-36402.248629,0.0
2019-03-22,15,0,273,40.34,40.34,0.0,-40340.0,0.0
2019-03-22,15,0,274,614.3,614.3,0.0,-614300.0,0.0
2019-03-22,15,0,275,881.73,881.73,0.0,-881730.0,0.0
2019-03-22,15,0,276,9.02,9.02,0.0,-8083.369316,0.0
2019-03-22,15,0,277,11.21,11.21,0.0,-2746.7724,0.0
2019-03-22,15,0,278,17.94,17.94,0.0,-4395.815955,0.0
2019-03-22,15,0,279,264.6,264.6,0.0,-64834.6099,0.0
2019-03-22,15,0,281,56.1,56.1,0.0,-56100.0,0.0
2019-03-22,15,0,282,453.0,453.0,0.0,-453000.0,0.0
2019-03-22,16,0,9,3.92,3.92,0.0,-1954.256792,0.0
2019-03-22,16,0,17,59.36,59.36,0.0,-235.049418,0.0
2019-03-22,16,0,19,332.0,332.0,0.0,-1314.629492,0.0
2019-03-22,16,0,20,419.03,419.03,0.0,-1659.244567,0.0
2019-03-22,16,0,21,89.7,89.7,0.0,-44718.580159,0.0
2019-03-22,16,0,22,318.79,318.79,0.0,-158927.939454,0.0
2019-03-22,16,0,23,32.64,32.64,0.0,-16272.179001,0.0
2019-03-22,16,0,24,57.75,57.75,0.0,-28790.390236,0.0
2019-03-22,16,0,29,9.45,9.45,0.0,32.434318,0.0
2019-03-22,16,0,30,747.54,747.54,0.0,-747540.0,0.0
2019-03-22,16,0,31,125.0,125.0,0.0,-125000.0,0.0
2019-03-22,16,0,32,6.59,6.59,0.0,233.359314,0.0
2019-03-22,16,0,33,3.5,3.5,0.0,107.806115,0.0
2019-03-22,16,0,34,5.61,5.61,0.0,172.797801,0.0
2019-03-22,16,0,35,5.61,5.61,0.0,172.797801,0.0
2019-03-22,16,0,36,13.89,13.89,0.0,-820.507712,0.0
2019-03-22,16,0,37,6.58,6.58,0.0,-394.585364,0.0
2019-03-22,16,0,38,8.46,8.46,0.0,-507.32404,0.0
2019-03-22,16,0,39,5.64,5.64,0.0,-338.216027,0.0
2019-03-22,16,0,40,5.64,5.64,0.0,-338.216027,0.0
2019-03-22,16,0,41,82.36,82.36,0.0,-10987.903097,0.0
2019-03-22,16,0,42,70.22,70.22,0.0,-807.164605,0.0
2019-03-22,16,0,43,42.6,42.6,0.0,-2239.823566,0.0
2019-03-22,16,0,46,35.42,35.42,0.0,-2542.272456,0.0
2019-03-22,16,0,52,132.5,132.5,0.0,-132500.0,0.0
2019-03-22,16,0,53,210.5,210.5,0.0,-210500.0,0.0
2019-03-22,16,0,55,623.0,623.0,0.0,-310587.240127,0.0
2019-03-22,16,0,56,220.5,220.5,0.0,-220500.0,0.0
2019-03-22,16,0,57,209.74,209.74,0.0,-209740.0,0.0
2019-03-22,16,0,58,403.35,403.35,0.0,-403350.0,0.0
2019-03-22,16,0,59,396.63,396.63,0.0,-396630.0,0.0
2019-03-22,16,0,63,51.0,51.0,0.0,5687.084214,0.0
2019-03-22,16,0,64,60.0,60.0,0.0,6690.68731,0.0
2019-03-22,16,0,65,41.4,41.4,0.0,-221.881512,0.0
2019-03-22,16,0,67,398.04,398.04,0.0,-213555.527996,0.0
2019-03-22,16,0,68,34.0,34.0,0.0,-13095.699131,0.0
2019-03-22,16,0,69,3.5,3.5,0.0,107.806115,0.0
2019-03-22,16,0,74,134.72,134.72,0.0,-6054.003012,0.0
2019-03-22,16,0,77,60.0,60.0,0.0,-15119.01589,0.0
2019-03-22,16,0,78,45.36,45.36,0.0,-11429.976013,0.0
2019-03-22,16,0,79,26.25,26.25,0.0,-6614.569452,0.0
2019-03-22,16,0,80,42.45,42.45,0.0,-10696.703742,0.0
2019-03-22,16,0,81,55.5,55.5,0.0,-13985.089698,0.0
2019-03-22,16,0,82,39.15,39.15,0.0,-9865.157868,0.0
2019-03-22,16,0,83,87.3,87.3,0.0,-21998.16812,0.0
2019-03-22,16,0,84,0.0,0.0,0.0,-0.0,0.0
2019-03-22,16,0,86,17.75,17.75,0.0,546.731012,0.0
2019-03-22,16,0,87,90.63,90.63,0.0,2791.562343,0.0
2019-03-22,16,0,88,51.18,51.18,0.0,-12896.520554,0.0
2019-03-22,16,0,89,49.2,49.2,0.0,-12397.59303,0.0
2019-03-22,16,0,90,66.06,66.06,0.0,-16646.036495,0.0
2019-03-22,16,0,91,235.65,235.65,0.0,-59379.934907,0.0
2019-03-22,16,0,92,84.75,84.75,0.0,-21355.609944,0.0
2019-03-22,16,0,95,41.95,41.95,0.0,815.750463,0.0
2019-03-22,16,0,96,29.88,29.88,0.0,-4401.806266,0.0
2019-03-22,16,0,97,183.75,183.75,0.0,-27069.34074,0.0
2019-03-22,16,0,99,29.54,29.54,0.0,-1327.458796,0.0
2019-03-22,16,0,101,15.06,15.06,0.0,-15060.0,0.0
2019-03-22,16,0,102,80.5,80.5,0.0,-31005.99353,0.0
2019-03-22,16,0,103,70.0,70.0,0.0,-26961.733505,0.0
2019-03-22,16,0,104,13.0,13.0,0.0,-5007.179079,0.0
2019-03-22,16,0,106,313.83,313.83,0.0,-156455.206371,0.0
2019-03-22,16,0,109,60.0,60.0,0.0,-5396.333821,0.0
2019-03-22,16,0,110,338.6,338.6,0.0,-338600.0,0.0
2019-03-22,16,0,111,22.61,22.61,0.0,-3016.470241,0.0
2019-03-22,16,0,113,45.0,45.0,0.0,-11013.404452,0.0
2019-03-22,16,0,115,45.0,45.0,0.0,-11013.404452,0.0
2019-03-22,16,0,116,152.64,152.64,0.0,-152640.0,0.0
2019-03-22,16,0,117,3.0,3.0,0.0,-734.226963,0.0
2019-03-22,16,0,119,60.0,60.0,0.0,6690.68731,0.0
2019-03-22,16,0,120,35.28,35.28,0.0,3934.124138,0.0
2019-03-22,16,0,123,5.23,5.23,0.0,-2607.337505,0.0
2019-03-22,16,0,125,52.26,52.26,0.0,-26053.433658,0.0
2019-03-22,16,0,126,235.37,235.37,0.0,-117340.158441,0.0
2019-03-22,16,0,127,302.06,302.06,0.0,-150587.450646,0.0
2019-03-22,16,0,128,74.85,74.85,0.0,-37315.336956,0.0
2019-03-22,16,0,131,30.0,30.0,0.0,-10342.39986,0.0
2019-03-22,16,0,132,44.1,44.1,0.0,-15203.327794,0.0
2019-03-22,16,0,133,50.5,50.5,0.0,-193.306504,0.0
2019-03-22,16,0,134,0.0,0.0,0.0,-0.0,0.0
2019-03-22,16,0,135,64.2,64.2,0.0,-245.74807,0.0
2019-03-22,16,0,136,45.9,45.9,0.0,-249.52613,0.0
2019-03-22,16,0,139,107.25,107.25,0.0,-14308.55521,0.0
2019-03-22,16,0,140,250.6,250.6,0.0,-250600.0,0.0
2019-03-22,16,0,141,230.0,230.0,0.0,-123399.08411,0.0
2019-03-22,16,0,142,524.92,524.92,0.0,-281628.901004,0.0
2019-03-22,16,0,143,238.5,238.5,0.0,-238500.0,0.0
2019-03-22,16,0,145,30.0,30.0,0.0,-4476.204852,0.0
2019-03-22,16,0,146,0.0,0.0,0.0,-0.0,0.0
2019-03-22,16,0,152,10.2,10.2,0.0,-444.421994,0.0
2019-03-22,16,0,153,12.69,12.69,0.0,-575.588916,0.0
2019-03-22,16,0,154,93.25,93.25,0.0,-12440.77178,0.0
2019-03-22,16,0,157,250.0,250.0,0.0,-134129.43925,0.0
2019-03-22,16,0,158,315.49,315.49,0.0,-169265.987156,0.0
2019-03-22,16,0,159,0.0,0.0,0.0,-0.0,0.0
2019-03-22,16,0,160,3.27,3.27,0.0,-94.371274,0.0
2019-03-22,16,0,161,74.98,74.98,0.0,-28879.86826,0.0
2019-03-22,16,0,162,104.14,104.14,0.0,2116.152808,0.0
2019-03-22,16,0,163,146.36,146.36,0.0,-146360.0,0.0
2019-03-22,16,0,164,26.86,26.86,0.0,-26860.0,0.0
2019-03-22,16,0,167,7.34,7.34,0.0,121.21485,0.0
2019-03-22,16,0,168,3.67,3.67,0.0,60.607425,0.0
2019-03-22,16,0,169,0.0,0.0,0.0,0.0,0.0
2019-03-22,16,0,170,8.03,8.03,0.0,132.609707,0.0
2019-03-22,16,0,172,9.82,9.82,0.0,35.684613,0.0
2019-03-22,16,0,173,14.96,14.96,0.0,54.362709,0.0
2019-03-22,16,0,188,13.33,13.33,0.0,216.130026,0.0
2019-03-22,16,0,190,11.82,11.82,0.0,383.293725,0.0
2019-03-22,16,0,191,30.53,30.53,0.0,990.013319,0.0
2019-03-22,16,0,192,332.6,332.6,0.0,10785.405497,0.0
2019-03-22,16,0,194,52.95,52.95,0.0,-6636.087739,0.0
2019-03-22,16,0,196,7.95,7.95,0.0,2145.064421,0.0
2019-03-22,16,0,198,13.91,13.91,0.0,107.499857,0.0
2019-03-22,16,0,199,93.82,93.82,0.0,-14462.349894,0.0
2019-03-22,16,0,200,25.23,25.23,0.0,-3889.203665,0.0
2019-03-22,16,0,204,257.1,257.1,0.0,-24274.660415,0.0
2019-03-22,16,0,205,317.4,317.4,0.0,-28546.605913,0.0
2019-03-22,16,0,206,539.94,539.94,0.0,-79541.876676,0.0
2019-03-22,16,0,210,3.0,3.0,0.0,19.842616,0.0
2019-03-22,16,0,214,17.2,17.2,0.0,883.473829,0.0
2019-03-22,16,0,217,11.43,11.43,0.0,403.584653,0.0
2019-03-22,16,0,218,15.77,15.77,0.0,556.82677,0.0
2019-03-22,16,0,219,10.74,10.74,0.0,379.221275,0.0
2019-03-22,16,0,221,9.17,9.17,0.0,471.014826,0.0
2019-03-22,16,0,225,8.52,8.52,0.0,26.624211,0.0
2019-03-22,16,0,233,10.04,10.04,0.0,309.249541,0.0
2019-03-22,16,0,236,159.03,159.03,0.0,-3670.968099,0.0
2019-03-22,16,0,237,308.11,308.11,0.0,-13845.745755,0.0
2019-03-22,16,0,238,91.4,91.4,0.0,-1050.624394,0.0
2019-03-22,16,0,240,15.74,15.74,0.0,-929.790597,0.0
2019-03-22,16,0,245,78.0,78.0,0.0,92.624091,0.0
2019-03-22,16,0,247,171.72,171.72,0.0,203.915499,0.0
2019-03-22,16,0,248,36.28,36.28,0.0,-1630.338697,0.0
2019-03-22,16,0,249,150.0,150.0,0.0,178.123252,0.0
2019-03-22,16,0,251,326.4,326.4,0.0,-2499.434115,0.0
2019-03-22,16,0,252,267.06,267.06,0.0,-1431.296535,0.0
2019-03-22,16,0,254,22.98,22.98,0.0,-1071.471365,0.0
2019-03-22,16,0,255,10.53,10.53,0.0,-490.974477,0.0
2019-03-22,16,0,258,19.4,19.4,0.0,-1125.646704,0.0
2019-03-22,16,0,260,7.95,7.95,0.0,-229.434749,0.0
2019-03-22,16,0,265,96.55,96.55,0.0,-12881.035017,0.0
2019-03-22,16,0,266,68.38,68.38,0.0,-9122.787928,0.0
2019-03-22,16,0,267,84.71,84.71,0.0,-11301.423887,0.0
2019-03-22,16,0,270,395.58,395.58,0.0,-395580.0,0.0
2019-03-22,16,0,272,150.39,150.39,0.0,-36806.797679,0.0
2019-03-22,16,0,273,36.5,36.5,0.0,-36500.0,0.0
2019-03-22,16,0,274,493.67,493.67,0.0,-493670.0,0.0
2019-03-22,16,0,275,661.83,661.83,0.0,-661830.0,0.0
2019-03-22,16,0,276,8.21,8.21,0.0,-7360.381569,0.0
2019-03-22,16,0,277,10.12,10.12,0.0,-2506.172116,0.0
2019-03-22,16,0,278,16.2,16.2,0.0,-4011.856549,0.0
2019-03-22,16,0,279,604.22,604.22,0.0,-149632.343448,0.0
2019-03-22,16,0,281,56.1,56.1,0.0,-56100.0,0.0
2019-03-22,16,0,282,410.07,410.07,0.0,-410070.0,0.0
2019-03-22,17,0,9,3.04,3.04,0.0,-1209.700993,0.0
2019-03-22,17,0,17,44.34,44.34,0.0,190.489573,0.0
2019-03-22,17,0,19,284.63,284.63,0.0,1222.802149,0.0
2019-03-22,17,0,20,342.76,342.76,0.0,1472.535097,0.0
2019-03-22,17,0,21,69.42,69.42,0.0,-27624.158856,0.0
2019-03-22,17,0,22,246.71,246.71,0.0,-98172.80656,0.0
2019-03-22,17,0,23,47.2,47.2,0.0,-18782.199626,0.0
2019-03-22,17,0,24,83.96,83.96,0.0,-33410.031368,0.0
2019-03-22,17,0,29,6.88,6.88,0.0,23.44779,0.0
2019-03-22,17,0,30,581.78,581.78,0.0,-581780.0,0.0
2019-03-22,17,0,31,125.0,125.0,0.0,-125000.0,0.0
2019-03-22,17,0,32,4.98,4.98,0.0,183.859241,0.0
2019-03-22,17,0,33,2.62,2.62,0.0,24.956641,0.0
2019-03-22,17,0,34,4.19,4.19,0.0,39.911574,0.0
2019-03-22,17,0,35,4.19,4.19,0.0,39.911574,0.0
2019-03-22,17,0,36,10.67,10.67,0.0,-35.427073,0.0
2019-03-22,17,0,37,5.05,5.05,0.0,-16.768671,0.0
2019-03-22,17,0,38,6.49,6.49,0.0,-21.550232,0.0
2019-03-22,17,0,39,4.33,4.33,0.0,-14.37789,0.0
2019-03-22,17,0,40,4.33,4.33,0.0,-14.37789,0.0
2019-03-22,17,0,41,34.8,34.8,0.0,-707.381515,0.0
2019-03-22,17,0,42,53.28,53.28,0.0,168.50211,0.0
2019-03-22,17,0,43,32.94,32.94,0.0,-68.97337,0.0
2019-03-22,17,0,46,27.16,27.16,0.0,-126.457895,0.0
2019-03-22,17,0,52,132.5,132.5,0.0,-132500.0,0.0
2019-03-22,17,0,53,210.5,210.5,0.0,-210500.0,0.0
2019-03-22,17,0,55,623.0,623.0,0.0,-247909.117939,0.0
2019-03-22,17,0,56,171.6,171.6,0.0,-171600.0,0.0
2019-03-22,17,0,57,163.23,163.23,0.0,-163230.0,0.0
2019-03-22,17,0,58,313.91,313.91,0.0,-313910.0,0.0
2019-03-22,17,0,59,308.68,308.68,0.0,-308680.0,0.0
2019-03-22,17,0,63,95.49,95.49,0.0,10197.67471,0.0
2019-03-22,17,0,64,112.31,112.31,0.0,11993.934933,0.0
2019-03-22,17,0,65,41.4,41.4,0.0,169.14151,0.0
2019-03-22,17,0,67,304.22,304.22,0.0,-169695.697055,0.0
2019-03-22,17,0,68,19.11,19.11,0.0,-7900.214413,0.0
2019-03-22,17,0,69,2.62,2.62,0.0,24.956641,0.0
2019-03-22,17,0,74,104.24,104.24,0.0,-225.887722,0.0
2019-03-22,17,0,77,60.0,60.0,0.0,-17526.056037,0.0
2019-03-22,17,0,78,45.36,45.36,0.0,-13249.698364,0.0
2019-03-22,17,0,79,26.25,26.25,0.0,-7667.649516,0.0
2019-03-22,17,0,80,42.45,42.45,0.0,-12399.684646,0.0
2019-03-22,17,0,81,55.5,55.5,0.0,-16211.601834,0.0
2019-03-22,17,0,82,39.15,39.15,0.0,-11435.751564,0.0
2019-03-22,17,0,83,87.3,87.3,0.0,-25500.411533,0.0
2019-03-22,17,0,84,0.0,0.0,0.0,0.0,0.0
2019-03-22,17,0,86,13.27,13.27,0.0,126.402527,0.0
2019-03-22,17,0,87,67.74,67.74,0.0,645.252989,0.0
2019-03-22,17,0,88,51.18,51.18,0.0,-14949.725799,0.0
2019-03-22,17,0,89,49.2,49.2,0.0,-14371.36595,0.0
2019-03-22,17,0,90,66.06,66.06,0.0,-19296.187696,0.0
2019-03-22,17,0,91,235.65,235.65,0.0,-68833.585084,0.0
2019-03-22,17,0,92,84.75,84.75,0.0,-24755.554152,0.0
2019-03-22,17,0,95,46.92,46.92,0.0,912.395988,0.0
2019-03-22,17,0,96,29.88,29.88,0.0,805.856888,0.0
2019-03-22,17,0,97,183.75,183.75,0.0,4955.696225,0.0
2019-03-22,17,0,99,21.2,21.2,0.0,-45.940327,0.0
2019-03-22,17,0,101,11.72,11.72,0.0,-11720.0,0.0
2019-03-22,17,0,102,45.19,45.19,0.0,-18681.87804,0.0
2019-03-22,17,0,103,39.3,39.3,0.0,-16246.908762,0.0
2019-03-22,17,0,104,7.33,7.33,0.0,-3030.275858,0.0
2019-03-22,17,0,106,242.86,242.86,0.0,-96640.783921,0.0
2019-03-22,17,0,109,60.0,60.0,0.0,-431.490499,0.0
2019-03-22,17,0,110,338.6,338.6,0.0,-338600.0,0.0
2019-03-22,17,0,111,17.74,17.74,0.0,-360.601956,0.0
2019-03-22,17,0,113,45.0,45.0,0.0,-11982.330203,0.0
2019-03-22,17,0,115,45.0,45.0,0.0,-11982.330203,0.0
2019-03-22,17,0,116,116.08,116.08,0.0,-116080.0,0.0
2019-03-22,17,0,117,3.0,3.0,0.0,-798.822014,0.0
2019-03-22,17,0,119,112.31,112.31,0.0,11993.934933,0.0
2019-03-22,17,0,120,66.1,66.1,0.0,7059.025012,0.0
2019-03-22,17,0,123,4.05,4.05,0.0,-1611.608231,0.0
2019-03-22,17,0,125,75.89,75.89,0.0,-30198.752745,0.0
2019-03-22,17,0,126,182.15,182.15,0.0,-72482.577581,0.0
2019-03-22,17,0,127,233.76,233.76,0.0,-93019.639502,0.0
2019-03-22,17,0,128,109.23,109.23,0.0,-43465.670871,0.0
2019-03-22,17,0,131,30.0,30.0,0.0,-11245.288621,0.0
2019-03-22,17,0,132,44.1,44.1,0.0,-16530.574273,0.0
2019-03-22,17,0,133,111.85,111.85,0.0,482.739,0.0
2019-03-22,17,0,134,0.0,0.0,0.0,0.0,0.0
2019-03-22,17,0,135,146.43,146.43,0.0,631.984549,0.0
2019-03-22,17,0,136,45.9,45.9,0.0,186.995864,0.0
2019-03-22,17,0,139,44.94,44.94,0.0,-913.497853,0.0
2019-03-22,17,0,140,250.6,250.6,0.0,-250600.0,0.0
2019-03-22,17,0,141,230.0,230.0,0.0,-128295.346534,0.0
2019-03-22,17,0,142,401.19,401.19,0.0,-223786.130765,0.0
2019-03-22,17,0,143,238.5,238.5,0.0,-238500.0,0.0
2019-03-22,17,0,145,30.0,30.0,0.0,-431.587618,0.0
2019-03-22,17,0,146,0.0,0.0,0.0,-0.0,0.0
2019-03-22,17,0,152,7.76,7.76,0.0,-11.480035,0.0
2019-03-22,17,0,153,9.68,9.68,0.0,-16.806574,0.0
2019-03-22,17,0,154,73.16,73.16,0.0,-1487.127346,0.0
2019-03-22,17,0,157,250.0,250.0,0.0,-139451.463624,0.0
2019-03-22,17,0,158,253.41,253.41,0.0,-141353.581588,0.0
2019-03-22,17,0,159,0.0,0.0,0.0,-0.0,0.0
2019-03-22,17,0,160,2.5,2.5,0.0,3.891252,0.0
2019-03-22,17,0,161,57.13,57.13,0.0,-23617.961771,0.0
2019-03-22,17,0,162,119.22,119.22,0.0,2410.86113,0.0
2019-03-22,17,0,163,185.4,185.4,0.0,-185400.0,0.0
2019-03-22,17,0,164,20.82,20.82,0.0,-20820.0,0.0
2019-03-22,17,0,167,5.61,5.61,0.0,93.03213,0.0
2019-03-22,17,0,168,2.8,2.8,0.0,46.433148,0.0
2019-03-22,17,0,169,0.0,0.0,0.0,0.0,0.0
2019-03-22,17,0,170,6.13,6.13,0.0,101.655429,0.0
2019-03-22,17,0,172,7.52,7.52,0.0,90.909274,0.0
2019-03-22,17,0,173,11.46,11.46,0.0,138.539931,0.0
2019-03-22,17,0,188,10.26,10.26,0.0,197.51638,0.0
2019-03-22,17,0,190,9.01,9.01,0.0,292.17229,0.0
2019-03-22,17,0,191,23.29,23.29,0.0,755.237805,0.0
2019-03-22,17,0,192,332.6,332.6,0.0,10785.405497,0.0
2019-03-22,17,0,194,52.95,52.95,0.0,-7131.995503,0.0
2019-03-22,17,0,196,6.05,6.05,0.0,1565.787334,0.0
2019-03-22,17,0,198,10.63,10.63,0.0,78.099248,0.0
2019-03-22,17,0,199,94.94,94.94,0.0,-7817.264878,0.0
2019-03-22,17,0,200,19.19,19.19,0.0,-1580.085454,0.0
2019-03-22,17,0,204,257.1,257.1,0.0,-1974.003182,0.0
2019-03-22,17,0,205,317.4,317.4,0.0,-2282.58474,0.0
2019-03-22,17,0,206,539.94,539.94,0.0,14562.060514,0.0
2019-03-22,17,0,210,2.24,2.24,0.0,6.668897,0.0
2019-03-22,17,0,214,12.96,12.96,0.0,163.400123,0.0
2019-03-22,17,0,217,8.51,8.51,0.0,80.828527,0.0
2019-03-22,17,0,218,11.74,11.74,0.0,111.507275,0.0
2019-03-22,17,0,219,8.0,8.0,0.0,75.984515,0.0
2019-03-22,17,0,221,6.91,6.91,0.0,87.121516,0.0
2019-03-22,17,0,225,6.3,6.3,0.0,21.733265,0.0
2019-03-22,17,0,233,7.51,7.51,0.0,71.536019,0.0
2019-03-22,17,0,236,159.03,159.03,0.0,233.019476,0.0
2019-03-22,17,0,237,257.58,257.58,0.0,-558.174975,0.0
2019-03-22,17,0,238,69.35,69.35,0.0,219.324724,0.0
2019-03-22,17,0,240,12.09,12.09,0.0,-40.141829,0.0
2019-03-22,17,0,245,78.0,78.0,0.0,395.493536,0.0
2019-03-22,17,0,247,171.72,171.72,0.0,870.69423,0.0
2019-03-22,17,0,248,26.21,26.21,0.0,-56.79698,0.0
2019-03-22,17,0,249,150.0,150.0,0.0,760.564492,0.0
2019-03-22,17,0,251,326.4,326.4,0.0,1220.679454,0.0
2019-03-22,17,0,252,267.06,267.06,0.0,1091.085303,0.0
2019-03-22,17,0,254,17.55,17.55,0.0,-20.672005,0.0
2019-03-22,17,0,255,8.04,8.04,0.0,-9.470252,0.0
2019-03-22,17,0,258,14.96,14.96,0.0,-46.707908,0.0
2019-03-22,17,0,260,6.07,6.07,0.0,9.44796,0.0
2019-03-22,17,0,265,75.74,75.74,0.0,-1539.571148,0.0
2019-03-22,17,0,266,29.1,29.1,0.0,-591.517302,0.0
2019-03-22,17,0,267,35.76,35.76,0.0,-726.895488,0.0
2019-03-22,17,0,270,578.99,578.99,0.0,-578990.0,0.0
2019-03-22,17,0,272,150.39,150.39,0.0,-40044.947539,0.0
2019-03-22,17,0,273,27.76,27.76,0.0,-27760.0,0.0
2019-03-22,17,0,274,746.39,746.39,0.0,-746390.0,0.0
2019-03-22,17,0,275,1038.99,1038.99,0.0,-1038990.0,0.0
2019-03-22,17,0,276,6.16,6.16,0.0,-5551.807068,0.0
2019-03-22,17,0,277,7.7,7.7,0.0,-2130.038967,0.0
2019-03-22,17,0,278,12.31,12.31,0.0,-3405.296063,0.0
2019-03-22,17,0,279,264.6,264.6,0.0,-73195.884512,0.0
2019-03-22,17,0,281,56.1,56.1,0.0,-56100.0,0.0
2019-03-22,17,0,282,319.14,319.14,0.0,-319140.0,0.0
2019-03-22,18,0,9,1.89,1.89,0.0,-56.191146,0.0
2019-03-22,18,0,17,27.5,27.5,0.0,83.401583,0.0
2019-03-22,18,0,19,332.94,332.94,0.0,1009.735381,0.0
2019-03-22,18,0,20,405.43,405.43,0.0,1229.581953,0.0
2019-03-22,18,0,21,43.32,43.32,0.0,-1287.936753,0.0
2019-03-22,18,0,22,153.94,153.94,0.0,-4576.754009,0.0
2019-03-22,18,0,23,94.93,94.93,0.0,-2822.341549,0.0
2019-03-22,18,0,24,168.46,168.46,0.0,-5008.444721,0.0
2019-03-22,18,0,29,4.28,4.28,0.0,15.055832,0.0
2019-03-22,18,0,30,375.57,375.57,0.0,-11241.42166,0.0
2019-03-22,18,0,31,92.34,92.34,0.0,-2763.886562,0.0
2019-03-22,18,0,32,3.14,3.14,0.0,112.694758,0.0
2019-03-22,18,0,33,1.63,1.63,0.0,14.930858,0.0
2019-03-22,18,0,34,2.61,2.61,0.0,23.907693,0.0
2019-03-22,18,0,35,2.61,2.61,0.0,23.907693,0.0
2019-03-22,18,0,36,6.72,6.72,0.0,-44.970085,0.0
2019-03-22,18,0,37,3.1,3.1,0.0,-21.252963,0.0
2019-03-22,18,0,38,3.98,3.98,0.0,-27.286062,0.0
2019-03-22,18,0,39,2.65,2.65,0.0,-18.167855,0.0
2019-03-22,18,0,40,2.65,2.65,0.0,-18.167855,0.0
2019-03-22,18,0,41,34.8,34.8,0.0,-667.598524,0.0
2019-03-22,18,0,42,31.66,31.66,0.0,53.968006,0.0
2019-03-22,18,0,43,20.2,20.2,0.0,-110.616767,0.0
2019-03-22,18,0,46,17.23,17.23,0.0,-155.865792,0.0
2019-03-22,18,0,52,97.89,97.89,0.0,-2930.007099,0.0
2019-03-22,18,0,53,155.55,155.55,0.0,-4655.86479,0.0
2019-03-22,18,0,55,460.54,460.54,0.0,-13692.206649,0.0
2019-03-22,18,0,56,110.78,110.78,0.0,-3315.825789,0.0
2019-03-22,18,0,57,105.38,105.38,0.0,-3154.194996,0.0
2019-03-22,18,0,58,202.65,202.65,0.0,-6065.644485,0.0
2019-03-22,18,0,59,199.27,199.27,0.0,-5964.475582,0.0
2019-03-22,18,0,63,170.0,170.0,0.0,18398.309265,0.0
2019-03-22,18,0,64,200.0,200.0,0.0,21645.069724,0.0
2019-03-22,18,0,65,41.4,41.4,0.0,115.342915,0.0
2019-03-22,18,0,67,193.81,193.81,0.0,-107416.517151,0.0
2019-03-22,18,0,68,10.2,10.2,0.0,-4168.454575,0.0
2019-03-22,18,0,69,1.63,1.63,0.0,14.930858,0.0
2019-03-22,18,0,74,65.28,65.28,0.0,-271.259936,0.0
2019-03-22,18,0,77,60.0,60.0,0.0,-17171.275057,0.0
2019-03-22,18,0,78,45.36,45.36,0.0,-12981.483943,0.0
2019-03-22,18,0,79,26.25,26.25,0.0,-7512.432837,0.0
2019-03-22,18,0,80,42.45,42.45,0.0,-12148.677103,0.0
2019-03-22,18,0,81,55.5,55.5,0.0,-15883.429428,0.0
2019-03-22,18,0,82,39.15,39.15,0.0,-11204.256975,0.0
2019-03-22,18,0,83,87.3,87.3,0.0,-24984.205208,0.0
2019-03-22,18,0,84,0.0,0.0,0.0,-0.0,0.0
2019-03-22,18,0,86,8.26,8.26,0.0,75.661894,0.0
2019-03-22,18,0,87,42.15,42.15,0.0,386.095498,0.0
2019-03-22,18,0,88,51.18,51.18,0.0,-14647.097624,0.0
2019-03-22,18,0,89,49.2,49.2,0.0,-14080.445547,0.0
2019-03-22,18,0,90,66.06,66.06,0.0,-18905.573838,0.0
2019-03-22,18,0,91,235.65,235.65,0.0,-67440.182787,0.0
2019-03-22,18,0,92,84.75,84.75,0.0,-24254.426018,0.0
2019-03-22,18,0,95,52.19,52.19,0.0,1014.875248,0.0
2019-03-22,18,0,96,29.88,29.88,0.0,-900.629514,0.0
2019-03-22,18,0,97,183.75,183.75,0.0,-5538.509814,0.0
2019-03-22,18,0,99,12.6,12.6,0.0,-52.357157,0.0
2019-03-22,18,0,101,7.57,7.57,0.0,-226.582427,0.0
2019-03-22,18,0,102,24.15,24.15,0.0,-9869.429214,0.0
2019-03-22,18,0,103,21.0,21.0,0.0,-8582.11236,0.0
2019-03-22,18,0,104,3.9,3.9,0.0,-1593.820867,0.0
2019-03-22,18,0,106,151.54,151.54,0.0,-4505.400173,0.0
2019-03-22,18,0,109,60.0,60.0,0.0,-745.601798,0.0
2019-03-22,18,0,110,338.6,338.6,0.0,-338600.0,0.0
2019-03-22,18,0,111,11.72,11.72,0.0,-224.834905,0.0
2019-03-22,18,0,113,45.0,45.0,0.0,-11736.187829,0.0
2019-03-22,18,0,115,45.0,45.0,0.0,-11736.187829,0.0
2019-03-22,18,0,116,72.75,72.75,0.0,-72750.0,0.0
2019-03-22,18,0,117,3.0,3.0,0.0,-782.412522,0.0
2019-03-22,18,0,119,200.0,200.0,0.0,21645.069724,0.0
2019-03-22,18,0,120,117.6,117.6,0.0,12727.300997,0.0
2019-03-22,18,0,123,2.53,2.53,0.0,-75.218836,0.0
2019-03-22,18,0,125,152.35,152.35,0.0,-4529.482093,0.0
2019-03-22,18,0,126,113.66,113.66,0.0,-3379.198783,0.0
2019-03-22,18,0,127,145.86,145.86,0.0,-4336.529426,0.0
2019-03-22,18,0,128,218.77,218.77,0.0,-6504.199523,0.0
2019-03-22,18,0,131,30.0,30.0,0.0,-11093.889253,0.0
2019-03-22,18,0,132,44.1,44.1,0.0,-16308.017201,0.0
2019-03-22,18,0,133,139.8,139.8,0.0,427.232993,0.0
2019-03-22,18,0,134,0.0,0.0,0.0,0.0,0.0
2019-03-22,18,0,135,187.33,187.33,0.0,572.486099,0.0
2019-03-22,18,0,136,45.9,45.9,0.0,127.258488,0.0
2019-03-22,18,0,139,44.94,44.94,0.0,-862.122921,0.0
2019-03-22,18,0,140,250.6,250.6,0.0,-250600.0,0.0
2019-03-22,18,0,141,230.0,230.0,0.0,-127474.325085,0.0
2019-03-22,18,0,142,255.58,255.58,0.0,-141651.686979,0.0
2019-03-22,18,0,143,176.17,176.17,0.0,-5273.054967,0.0
2019-03-22,18,0,145,30.0,30.0,0.0,-702.974603,0.0
2019-03-22,18,0,146,0.0,0.0,0.0,-0.0,0.0
2019-03-22,18,0,152,4.83,4.83,0.0,-19.178493,0.0
2019-03-22,18,0,153,6.01,6.01,0.0,-25.765289,0.0
2019-03-22,18,0,154,48.34,48.34,0.0,-927.348065,0.0
2019-03-22,18,0,157,250.0,250.0,0.0,-138559.049006,0.0
2019-03-22,18,0,158,164.29,164.29,0.0,-91055.464644,0.0
2019-03-22,18,0,159,0.0,0.0,0.0,-0.0,0.0
2019-03-22,18,0,160,1.56,1.56,0.0,-1.644305,0.0
2019-03-22,18,0,161,36.18,36.18,0.0,-14785.75358,0.0
2019-03-22,18,0,162,137.41,137.41,0.0,2784.453265,0.0
2019-03-22,18,0,163,185.4,185.4,0.0,-185400.0,0.0
2019-03-22,18,0,164,13.72,13.72,0.0,-410.661941,0.0
2019-03-22,18,0,167,3.56,3.56,0.0,59.026971,0.0
2019-03-22,18,0,168,1.78,1.78,0.0,29.513486,0.0
2019-03-22,18,0,169,0.0,0.0,0.0,0.0,0.0
2019-03-22,18,0,170,3.9,3.9,0.0,64.664379,0.0
2019-03-22,18,0,172,4.73,4.73,0.0,41.912502,0.0
2019-03-22,18,0,173,7.21,7.21,0.0,63.887767,0.0
2019-03-22,18,0,188,6.47,6.47,0.0,114.312551,0.0
2019-03-22,18,0,190,5.55,5.55,0.0,179.972942,0.0
2019-03-22,18,0,191,14.33,14.33,0.0,464.686893,0.0
2019-03-22,18,0,192,332.6,332.6,0.0,10785.405497,0.0
2019-03-22,18,0,194,98.98,98.98,0.0,-12745.556663,0.0
2019-03-22,18,0,196,3.8,3.8,0.0,995.32133,0.0
2019-03-22,18,0,198,6.74,6.74,0.0,39.846256,0.0
2019-03-22,18,0,199,100.27,100.27,0.0,-2810.445183,0.0
2019-03-22,18,0,200,11.89,11.89,0.0,-333.262125,0.0
2019-03-22,18,0,204,257.1,257.1,0.0,-3408.371394,0.0
2019-03-22,18,0,205,317.4,317.4,0.0,-3944.233511,0.0
2019-03-22,18,0,206,539.94,539.94,0.0,-16274.628512,0.0
2019-03-22,18,0,210,1.39,1.39,0.0,6.705877,0.0
2019-03-22,18,0,214,8.14,8.14,0.0,104.076788,0.0
2019-03-22,18,0,217,5.29,5.29,0.0,50.24476,0.0
2019-03-22,18,0,218,7.29,7.29,0.0,69.240889,0.0
2019-03-22,18,0,219,4.97,4.97,0.0,47.20538,0.0
2019-03-22,18,0,221,4.34,4.34,0.0,55.490572,0.0
2019-03-22,18,0,225,3.92,3.92,0.0,13.294798,0.0
2019-03-22,18,0,233,4.67,4.67,0.0,42.777366,0.0
2019-03-22,18,0,236,159.03,159.03,0.0,-54.619265,0.0
2019-03-22,18,0,237,156.6,156.6,0.0,-650.724662,0.0
2019-03-22,18,0,238,41.21,41.21,0.0,70.247047,0.0
2019-03-22,18,0,240,7.62,7.62,0.0,-50.992865,0.0
2019-03-22,18,0,245,78.0,78.0,0.0,307.324811,0.0
2019-03-22,18,0,247,171.72,171.72,0.0,676.587392,0.0
2019-03-22,18,0,248,15.72,15.72,0.0,-65.321786,0.0
2019-03-22,18,0,249,150.0,150.0,0.0,591.009252,0.0
2019-03-22,18,0,251,326.4,326.4,0.0,777.152124,0.0
2019-03-22,18,0,252,267.06,267.06,0.0,744.045381,0.0
2019-03-22,18,0,254,11.21,11.21,0.0,-48.947703,0.0
2019-03-22,18,0,255,5.14,5.14,0.0,-22.443461,0.0
2019-03-22,18,0,258,9.57,9.57,0.0,-62.162885,0.0
2019-03-22,18,0,260,3.79,3.79,0.0,-3.994817,0.0
2019-03-22,18,0,265,50.05,50.05,0.0,-960.152475,0.0
2019-03-22,18,0,266,29.1,29.1,0.0,-558.25049,0.0
2019-03-22,18,0,267,35.76,35.76,0.0,-686.015035,0.0
2019-03-22,18,0,270,579.0,579.0,0.0,-579000.0,0.0
2019-03-22,18,0,272,150.39,150.39,0.0,-39222.339724,0.0
2019-03-22,18,0,273,17.4,17.4,0.0,-17400.0,0.0
2019-03-22,18,0,274,746.4,746.4,0.0,-746400.0,0.0
2019-03-22,18,0,275,1039.0,1039.0,0.0,-1039000.0,0.0
2019-03-22,18,0,276,3.87,3.87,0.0,-3484.820262,0.0
2019-03-22,18,0,277,4.86,4.86,0.0,-1316.967302,0.0
2019-03-22,18,0,278,7.78,7.78,0.0,-2108.231608,0.0
2019-03-22,18,0,279,264.6,264.6,0.0,-71701.553135,0.0
2019-03-22,18,0,281,41.41,41.41,0.0,-1239.46873,0.0
2019-03-22,18,0,282,206.02,206.02,0.0,-6166.514073,0.0
2019-03-22,19,0,9,0.76,0.76,0.0,4.86352,0.0
2019-03-22,19,0,17,6.18,6.18,0.0,9.421747,0.0
2019-03-22,19,0,19,615.51,615.51,0.0,938.378566,0.0
2019-03-22,19,0,20,748.14,748.14,0.0,1140.580235,0.0
2019-03-22,19,0,21,17.36,17.36,0.0,111.093034,0.0
2019-03-22,19,0,22,61.68,61.68,0.0,394.713037,0.0
2019-03-22,19,0,23,108.8,108.8,0.0,696.251272,0.0
2019-03-22,19,0,24,192.5,192.5,0.0,1231.8784,0.0
2019-03-22,19,0,29,0.75,0.75,0.0,5.140558,0.0
2019-03-22,19,0,30,162.33,162.33,0.0,1038.489508,0.0
2019-03-22,19,0,31,37.5,37.5,0.0,239.9024,0.0
2019-03-22,19,0,32,0.76,0.76,0.0,28.936079,0.0
2019-03-22,19,0,33,0.42,0.42,0.0,2.857089,0.0
2019-03-22,19,0,34,0.67,0.67,0.0,4.557737,0.0
2019-03-22,19,0,35,0.67,0.67,0.0,4.557737,0.0
2019-03-22,19,0,36,2.19,2.19,0.0,14.518586,0.0
2019-03-22,19,0,37,1.04,1.04,0.0,6.894701,0.0
2019-03-22,19,0,38,1.33,1.33,0.0,8.817262,0.0
2019-03-22,19,0,39,0.89,0.89,0.0,5.900273,0.0
2019-03-22,19,0,40,0.89,0.89,0.0,5.900273,0.0
2019-03-22,19,0,41,34.8,34.8,0.0,226.230884,0.0
2019-03-22,19,0,42,9.48,9.48,0.0,50.939583,0.0
2019-03-22,19,0,43,5.88,5.88,0.0,39.091508,0.0
2019-03-22,19,0,46,4.77,4.77,0.0,31.526392,0.0
2019-03-22,19,0,52,39.75,39.75,0.0,254.296544,0.0
2019-03-22,19,0,53,63.15,63.15,0.0,403.995641,0.0
2019-03-22,19,0,55,186.9,186.9,0.0,1196.041937,0.0
2019-03-22,19,0,56,47.88,47.88,0.0,306.307384,0.0
2019-03-22,19,0,57,45.55,45.55,0.0,291.401448,0.0
2019-03-22,19,0,58,87.59,87.59,0.0,560.348032,0.0
2019-03-22,19,0,59,86.13,86.13,0.0,551.007832,0.0
2019-03-22,19,0,63,170.0,170.0,0.0,18354.851693,0.0
2019-03-22,19,0,64,200.0,200.0,0.0,21593.943168,0.0
2019-03-22,19,0,65,41.4,41.4,0.0,169.33131,0.0
2019-03-22,19,0,67,82.32,82.32,0.0,-46037.674264,0.0
2019-03-22,19,0,68,12.55,12.55,0.0,-5212.347972,0.0
2019-03-22,19,0,69,0.42,0.42,0.0,2.857089,0.0
2019-03-22,19,0,74,65.28,65.28,0.0,433.281438,0.0
2019-03-22,19,0,77,60.0,60.0,0.0,-17729.291504,0.0
2019-03-22,19,0,78,45.36,45.36,0.0,-13403.344377,0.0
2019-03-22,19,0,79,26.25,26.25,0.0,-7756.565033,0.0
2019-03-22,19,0,80,42.45,42.45,0.0,-12543.473739,0.0
2019-03-22,19,0,81,55.5,55.5,0.0,-16399.594641,0.0
2019-03-22,19,0,82,39.15,39.15,0.0,-11568.362706,0.0
2019-03-22,19,0,83,87.3,87.3,0.0,-25796.119138,0.0
2019-03-22,19,0,84,0.0,0.0,0.0,0.0,0.0
2019-03-22,19,0,86,2.12,2.12,0.0,14.421497,0.0
2019-03-22,19,0,87,10.82,10.82,0.0,73.604057,0.0
2019-03-22,19,0,88,51.18,51.18,0.0,-15123.085653,0.0
2019-03-22,19,0,89,49.2,49.2,0.0,-14538.019033,0.0
2019-03-22,19,0,90,66.06,66.06,0.0,-19519.949946,0.0
2019-03-22,19,0,91,235.65,235.65,0.0,-69631.792382,0.0
2019-03-22,19,0,92,84.75,84.75,0.0,-25042.62425,0.0
2019-03-22,19,0,95,58.36,58.36,0.0,1134.855709,0.0
2019-03-22,19,0,96,29.88,29.88,0.0,191.092683,0.0
2019-03-22,19,0,97,183.75,183.75,0.0,1175.143258,0.0
2019-03-22,19,0,99,12.6,12.6,0.0,83.629689,0.0
2019-03-22,19,0,101,3.27,3.27,0.0,20.919489,0.0
2019-03-22,19,0,102,35.91,35.91,0.0,-14914.375752,0.0
2019-03-22,19,0,103,30.13,30.13,0.0,-12513.788399,0.0
2019-03-22,19,0,104,4.3,4.3,0.0,-1785.904086,0.0
2019-03-22,19,0,106,60.72,60.72,0.0,388.569644,0.0
2019-03-22,19,0,109,60.0,60.0,0.0,394.246252,0.0
2019-03-22,19,0,110,338.6,338.6,0.0,-338600.0,0.0
2019-03-22,19,0,111,4.54,4.54,0.0,29.514029,0.0
2019-03-22,19,0,113,45.0,45.0,0.0,-11980.24872,0.0
2019-03-22,19,0,115,45.0,45.0,0.0,-11980.24872,0.0
2019-03-22,19,0,116,23.14,23.14,0.0,-23140.0,0.0
2019-03-22,19,0,117,3.0,3.0,0.0,-798.683248,0.0
2019-03-22,19,0,119,200.0,200.0,0.0,21593.943168,0.0
2019-03-22,19,0,120,117.6,117.6,0.0,12697.238583,0.0
2019-03-22,19,0,123,1.01,1.01,0.0,6.463362,0.0
2019-03-22,19,0,125,174.2,174.2,0.0,1114.76996,0.0
2019-03-22,19,0,126,45.54,45.54,0.0,291.427233,0.0
2019-03-22,19,0,127,58.45,58.45,0.0,374.043078,0.0
2019-03-22,19,0,128,249.5,249.5,0.0,1596.642393,0.0
2019-03-22,19,0,131,30.0,30.0,0.0,-11306.649332,0.0
2019-03-22,19,0,132,44.1,44.1,0.0,-16620.774519,0.0
2019-03-22,19,0,133,135.62,135.62,0.0,957.319193,0.0
2019-03-22,19,0,134,0.0,0.0,0.0,0.0,0.0
2019-03-22,19,0,135,183.78,183.78,0.0,1297.272683,0.0
2019-03-22,19,0,136,45.9,45.9,0.0,194.201665,0.0
2019-03-22,19,0,139,44.94,44.94,0.0,292.149882,0.0
2019-03-22,19,0,140,250.6,250.6,0.0,-250600.0,0.0
2019-03-22,19,0,141,230.0,230.0,0.0,-128628.098649,0.0
2019-03-22,19,0,142,108.56,108.56,0.0,-60712.462562,0.0
2019-03-22,19,0,143,71.55,71.55,0.0,457.733779,0.0
2019-03-22,19,0,145,30.0,30.0,0.0,193.851285,0.0
2019-03-22,19,0,146,0.0,0.0,0.0,-0.0,0.0
2019-03-22,19,0,152,1.52,1.52,0.0,10.099291,0.0
2019-03-22,19,0,153,1.93,1.93,0.0,12.818555,0.0
2019-03-22,19,0,154,18.75,18.75,0.0,121.89164,0.0
2019-03-22,19,0,157,250.0,250.0,0.0,-139813.150706,0.0
2019-03-22,19,0,158,60.55,60.55,0.0,-33862.745101,0.0
2019-03-22,19,0,159,0.0,0.0,0.0,0.0,0.0
2019-03-22,19,0,160,0.42,0.42,0.0,2.815591,0.0
2019-03-22,19,0,161,13.58,13.58,0.0,-5640.1343,0.0
2019-03-22,19,0,162,160.93,160.93,0.0,3255.362864,0.0
2019-03-22,19,0,163,185.4,185.4,0.0,-185400.0,0.0
2019-03-22,19,0,164,6.25,6.25,0.0,39.983733,0.0
2019-03-22,19,0,167,0.86,0.86,0.0,14.223267,0.0
2019-03-22,19,0,168,0.43,0.43,0.0,7.111634,0.0
2019-03-22,19,0,169,0.0,0.0,0.0,0.0,0.0
2019-03-22,19,0,170,0.94,0.94,0.0,15.546362,0.0
2019-03-22,19,0,172,1.1,1.1,0.0,13.053827,0.0
2019-03-22,19,0,173,1.68,1.68,0.0,19.936754,0.0
2019-03-22,19,0,188,1.6,1.6,0.0,31.967461,0.0
2019-03-22,19,0,190,1.58,1.58,0.0,51.23554,0.0
2019-03-22,19,0,191,4.08,4.08,0.0,132.304433,0.0
2019-03-22,19,0,192,332.6,332.6,0.0,10785.405497,0.0
2019-03-22,19,0,194,176.5,176.5,0.0,-23261.804466,0.0
2019-03-22,19,0,196,1.12,1.12,0.0,291.204512,0.0
2019-03-22,19,0,198,1.58,1.58,0.0,10.740465,0.0
2019-03-22,19,0,199,108.67,108.67,0.0,-3529.681394,0.0
2019-03-22,19,0,200,2.66,2.66,0.0,-86.398753,0.0
2019-03-22,19,0,204,257.1,257.1,0.0,1687.453898,0.0
2019-03-22,19,0,205,317.4,317.4,0.0,2085.562674,0.0
2019-03-22,19,0,206,539.94,539.94,0.0,3453.098507,0.0
2019-03-22,19,0,210,0.25,0.25,0.0,1.716211,0.0
2019-03-22,19,0,214,1.78,1.78,0.0,12.159619,0.0
2019-03-22,19,0,217,1.06,1.06,0.0,7.256546,0.0
2019-03-22,19,0,218,1.46,1.46,0.0,9.994866,0.0
2019-03-22,19,0,219,0.99,0.99,0.0,6.777341,0.0
2019-03-22,19,0,221,0.95,0.95,0.0,6.489684,0.0
2019-03-22,19,0,225,0.72,0.72,0.0,4.934187,0.0
2019-03-22,19,0,233,1.2,1.2,0.0,8.163112,0.0
2019-03-22,19,0,236,159.03,159.03,0.0,1061.255437,0.0
2019-03-22,19,0,237,156.6,156.6,0.0,1039.397568,0.0
2019-03-22,19,0,238,12.34,12.34,0.0,66.307431,0.0
2019-03-22,19,0,240,2.48,2.48,0.0,16.441139,0.0
2019-03-22,19,0,245,78.0,78.0,0.0,483.685724,0.0
2019-03-22,19,0,247,171.72,171.72,0.0,1064.852726,0.0
2019-03-22,19,0,248,15.72,15.72,0.0,104.337993,0.0
2019-03-22,19,0,249,150.0,150.0,0.0,930.164855,0.0
2019-03-22,19,0,251,326.4,326.4,0.0,1603.066654,0.0
2019-03-22,19,0,252,267.06,267.06,0.0,1092.309654,0.0
2019-03-22,19,0,254,2.96,2.96,0.0,19.719995,0.0
2019-03-22,19,0,255,1.36,1.36,0.0,9.060538,0.0
2019-03-22,19,0,258,2.97,2.97,0.0,19.698571,0.0
2019-03-22,19,0,260,1.01,1.01,0.0,6.770825,0.0
2019-03-22,19,0,265,19.41,19.41,0.0,126.182226,0.0
2019-03-22,19,0,266,29.1,29.1,0.0,189.175825,0.0
2019-03-22,19,0,267,35.76,35.76,0.0,232.471736,0.0
2019-03-22,19,0,270,579.0,579.0,0.0,-579000.0,0.0
2019-03-22,19,0,272,150.39,150.39,0.0,-40037.991224,0.0
2019-03-22,19,0,273,5.53,5.53,0.0,-5530.0,0.0
2019-03-22,19,0,274,746.4,746.4,0.0,-746400.0,0.0
2019-03-22,19,0,275,1039.0,1039.0,0.0,-1039000.0,0.0
2019-03-22,19,0,276,1.2,1.2,0.0,-1081.908491,0.0
2019-03-22,19,0,277,1.45,1.45,0.0,-403.040163,0.0
2019-03-22,19,0,278,2.32,2.32,0.0,-644.86426,0.0
2019-03-22,19,0,279,264.6,264.6,0.0,-73547.880724,0.0
2019-03-22,19,0,281,16.83,16.83,0.0,107.668197,0.0
2019-03-22,19,0,282,89.05,89.05,0.0,569.688232,0.0
2019-03-22,20,0,9,0.0,0.0,0.0,0.0,0.0
2019-03-22,20,0,17,0.0,0.0,0.0,0.0,0.0
2019-03-22,20,0,19,643.3,643.3,0.0,735.05872,0.0
2019-03-22,20,0,20,780.2,780.2,0.0,891.485797,0.0
2019-03-22,20,0,21,0.0,0.0,0.0,0.0,0.0
2019-03-22,20,0,22,0.0,0.0,0.0,0.0,0.0
2019-03-22,20,0,23,108.8,108.8,0.0,1146.78118,0.0
2019-03-22,20,0,24,192.5,192.5,0.0,2029.001629,0.0
2019-03-22,20,0,29,0.0,0.0,0.0,0.0,0.0
2019-03-22,20,0,30,0.0,0.0,0.0,0.0,0.0
2019-03-22,20,0,31,37.5,37.5,0.0,396.149054,0.0
2019-03-22,20,0,32,0.0,0.0,0.0,0.0,0.0
2019-03-22,20,0,33,0.0,0.0,0.0,0.0,0.0
2019-03-22,20,0,34,0.0,0.0,0.0,0.0,0.0
2019-03-22,20,0,35,0.0,0.0,0.0,0.0,0.0
2019-03-22,20,0,36,0.0,0.0,0.0,0.0,0.0
2019-03-22,20,0,37,0.0,0.0,0.0,0.0,0.0
2019-03-22,20,0,38,0.0,0.0,0.0,0.0,0.0
2019-03-22,20,0,39,0.0,0.0,0.0,0.0,0.0
2019-03-22,20,0,40,0.0,0.0,0.0,0.0,0.0
2019-03-22,20,0,41,60.5,60.5,0.0,562.905347,0.0
2019-03-22,20,0,42,0.0,0.0,0.0,0.0,0.0
2019-03-22,20,0,43,0.0,0.0,0.0,0.0,0.0
2019-03-22,20,0,46,0.0,0.0,0.0,0.0,0.0
2019-03-22,20,0,52,39.75,39.75,0.0,419.917997,0.0
2019-03-22,20,0,53,63.15,63.15,0.0,667.115007,0.0
2019-03-22,20,0,55,186.9,186.9,0.0,1969.976127,0.0
2019-03-22,20,0,56,0.0,0.0,0.0,0.0,0.0
2019-03-22,20,0,57,0.0,0.0,0.0,0.0,0.0
2019-03-22,20,0,58,0.0,0.0,0.0,0.0,0.0
2019-03-22,20,0,59,0.0,0.0,0.0,0.0,0.0
2019-03-22,20,0,63,170.0,170.0,0.0,16379.347534,0.0
2019-03-22,20,0,64,200.0,200.0,0.0,19269.820628,0.0
2019-03-22,20,0,65,41.4,41.4,0.0,164.41829,0.0
2019-03-22,20,0,67,0.0,0.0,0.0,-0.0,0.0
2019-03-22,20,0,68,10.2,10.2,0.0,-4306.987844,0.0
2019-03-22,20,0,69,0.0,0.0,0.0,0.0,0.0
2019-03-22,20,0,74,65.28,65.28,0.0,494.286334,0.0
2019-03-22,20,0,77,84.7,84.7,0.0,-25748.861431,0.0
2019-03-22,20,0,78,64.3,64.3,0.0,-19547.246636,0.0
2019-03-22,20,0,79,37.43,37.43,0.0,-11378.747147,0.0
2019-03-22,20,0,80,60.23,60.23,0.0,-18309.963684,0.0
2019-03-22,20,0,81,78.45,78.45,0.0,-23848.856898,0.0
2019-03-22,20,0,82,55.6,55.6,0.0,-16902.440326,0.0
2019-03-22,20,0,83,122.29,122.29,0.0,-37176.248695,0.0
2019-03-22,20,0,84,0.0,0.0,0.0,-0.0,0.0
2019-03-22,20,0,86,0.0,0.0,0.0,0.0,0.0
2019-03-22,20,0,87,0.0,0.0,0.0,0.0,0.0
2019-03-22,20,0,88,95.98,95.98,0.0,-29177.989612,0.0
2019-03-22,20,0,89,92.28,92.28,0.0,-28053.186929,0.0
2019-03-22,20,0,90,123.8,123.8,0.0,-37635.28979,0.0
2019-03-22,20,0,91,440.78,440.78,0.0,-133997.439689,0.0
2019-03-22,20,0,92,158.74,158.74,0.0,-48257.075131,0.0
2019-03-22,20,0,95,55.83,55.83,0.0,1085.657886,0.0
2019-03-22,20,0,96,31.77,31.77,0.0,336.404603,0.0
2019-03-22,20,0,97,229.39,229.39,0.0,2428.953471,0.0
2019-03-22,20,0,99,12.6,12.6,0.0,95.404531,0.0
2019-03-22,20,0,101,0.0,0.0,0.0,0.0,0.0
2019-03-22,20,0,102,24.15,24.15,0.0,-10197.427101,0.0
2019-03-22,20,0,103,21.0,21.0,0.0,-8867.327914,0.0
2019-03-22,20,0,104,3.9,3.9,0.0,-1646.78947,0.0
2019-03-22,20,0,106,0.0,0.0,0.0,0.0,0.0
2019-03-22,20,0,109,60.0,60.0,0.0,509.470312,0.0
2019-03-22,20,0,110,338.6,338.6,0.0,-338600.0,0.0
2019-03-22,20,0,111,0.0,0.0,0.0,0.0,0.0
2019-03-22,20,0,113,45.0,45.0,0.0,-12354.451472,0.0
2019-03-22,20,0,115,45.0,45.0,0.0,-12354.451472,0.0
2019-03-22,20,0,116,0.0,0.0,0.0,-0.0,0.0
2019-03-22,20,0,117,3.0,3.0,0.0,-823.630098,0.0
2019-03-22,20,0,119,200.0,200.0,0.0,19269.820628,0.0
2019-03-22,20,0,120,117.6,117.6,0.0,11330.654529,0.0
2019-03-22,20,0,123,0.0,0.0,0.0,0.0,0.0
2019-03-22,20,0,125,174.2,174.2,0.0,1836.114721,0.0
2019-03-22,20,0,126,0.0,0.0,0.0,0.0,0.0
2019-03-22,20,0,127,0.0,0.0,0.0,0.0,0.0
2019-03-22,20,0,128,249.5,249.5,0.0,2629.796916,0.0
2019-03-22,20,0,131,30.0,30.0,0.0,-11528.127105,0.0
2019-03-22,20,0,132,44.1,44.1,0.0,-16946.346844,0.0
2019-03-22,20,0,133,103.8,103.8,0.0,745.253733,0.0
2019-03-22,20,0,134,0.0,0.0,0.0,0.0,0.0
2019-03-22,20,0,135,138.32,138.32,0.0,993.097267,0.0
2019-03-22,20,0,136,45.9,45.9,0.0,189.417951,0.0
2019-03-22,20,0,139,80.98,80.98,0.0,753.455785,0.0
2019-03-22,20,0,140,250.6,250.6,0.0,-250600.0,0.0
2019-03-22,20,0,141,230.0,230.0,0.0,-129829.147262,0.0
2019-03-22,20,0,142,0.0,0.0,0.0,-0.0,0.0
2019-03-22,20,0,143,45.06,45.06,0.0,476.012703,0.0
2019-03-22,20,0,145,30.0,30.0,0.0,293.836113,0.0
2019-03-22,20,0,146,268.0,268.0,0.0,-268000.0,0.0
2019-03-22,20,0,152,0.0,0.0,0.0,0.0,0.0
2019-03-22,20,0,153,0.0,0.0,0.0,0.0,0.0
2019-03-22,20,0,154,0.0,0.0,0.0,0.0,0.0
2019-03-22,20,0,157,250.0,250.0,0.0,-141118.638329,0.0
2019-03-22,20,0,158,0.0,0.0,0.0,-0.0,0.0
2019-03-22,20,0,159,0.0,0.0,0.0,0.0,0.0
2019-03-22,20,0,160,0.0,0.0,0.0,0.0,0.0
2019-03-22,20,0,161,0.0,0.0,0.0,-0.0,0.0
2019-03-22,20,0,162,125.15,125.15,0.0,2532.89921,0.0
2019-03-22,20,0,163,185.4,185.4,0.0,-185400.0,0.0
2019-03-22,20,0,164,0.23,0.23,0.0,2.429714,0.0
2019-03-22,20,0,167,0.0,0.0,0.0,0.0,0.0
2019-03-22,20,0,168,0.0,0.0,0.0,0.0,0.0
2019-03-22,20,0,169,0.0,0.0,0.0,0.0,0.0
2019-03-22,20,0,170,0.0,0.0,0.0,0.0,0.0
2019-03-22,20,0,172,0.0,0.0,0.0,0.0,0.0
2019-03-22,20,0,173,0.0,0.0,0.0,0.0,0.0
2019-03-22,20,0,188,0.0,0.0,0.0,0.0,0.0
2019-03-22,20,0,190,0.0,0.0,0.0,0.0,0.0
2019-03-22,20,0,191,0.0,0.0,0.0,0.0,0.0
2019-03-22,20,0,192,332.6,332.6,0.0,10785.405497,0.0
2019-03-22,20,0,194,176.5,176.5,0.0,-24921.114796,0.0
2019-03-22,20,0,196,0.0,0.0,0.0,0.0,0.0
2019-03-22,20,0,198,0.0,0.0,0.0,0.0,0.0
2019-03-22,20,0,199,88.52,88.52,0.0,-3347.607965,0.0
2019-03-22,20,0,200,0.0,0.0,0.0,-0.0,0.0
2019-03-22,20,0,204,465.33,465.33,0.0,3994.908074,0.0
2019-03-22,20,0,205,317.4,317.4,0.0,2695.097948,0.0
2019-03-22,20,0,206,868.95,868.95,0.0,9201.094724,0.0
2019-03-22,20,0,210,0.0,0.0,0.0,0.0,0.0
2019-03-22,20,0,214,0.0,0.0,0.0,0.0,0.0
2019-03-22,20,0,217,0.0,0.0,0.0,0.0,0.0
2019-03-22,20,0,218,0.0,0.0,0.0,0.0,0.0
2019-03-22,20,0,219,0.0,0.0,0.0,0.0,0.0
2019-03-22,20,0,221,0.0,0.0,0.0,0.0,0.0
2019-03-22,20,0,225,0.0,0.0,0.0,0.0,0.0
2019-03-22,20,0,233,0.0,0.0,0.0,0.0,0.0
2019-03-22,20,0,236,159.03,159.03,0.0,1138.020457,0.0
2019-03-22,20,0,237,156.6,156.6,0.0,1185.742033,0.0
2019-03-22,20,0,238,0.0,0.0,0.0,0.0,0.0
2019-03-22,20,0,240,0.0,0.0,0.0,0.0,0.0
2019-03-22,20,0,245,145.89,145.89,0.0,895.775452,0.0
2019-03-22,20,0,247,171.72,171.72,0.0,1054.373574,0.0
2019-03-22,20,0,248,15.72,15.72,0.0,119.028511,0.0
2019-03-22,20,0,249,280.44,280.44,0.0,1721.922461,0.0
2019-03-22,20,0,251,326.4,326.4,0.0,1604.303593,0.0
2019-03-22,20,0,252,267.06,267.06,0.0,1060.617117,0.0
2019-03-22,20,0,254,0.0,0.0,0.0,0.0,0.0
2019-03-22,20,0,255,0.0,0.0,0.0,0.0,0.0
2019-03-22,20,0,258,0.0,0.0,0.0,0.0,0.0
2019-03-22,20,0,260,0.0,0.0,0.0,0.0,0.0
2019-03-22,20,0,265,0.0,0.0,0.0,0.0,0.0
2019-03-22,20,0,266,49.35,49.35,0.0,459.163287,0.0
2019-03-22,20,0,267,62.41,62.41,0.0,580.676408,0.0
2019-03-22,20,0,270,579.0,579.0,0.0,-579000.0,0.0
2019-03-22,20,0,272,150.39,150.39,0.0,-41288.576821,0.0
2019-03-22,20,0,273,0.0,0.0,0.0,-0.0,0.0
2019-03-22,20,0,274,746.4,746.4,0.0,-746400.0,0.0
2019-03-22,20,0,275,1039.0,1039.0,0.0,-1039000.0,0.0
2019-03-22,20,0,276,0.0,0.0,0.0,-0.0,0.0
2019-03-22,20,0,277,0.0,0.0,0.0,-0.0,0.0
2019-03-22,20,0,278,0.0,0.0,0.0,-0.0,0.0
2019-03-22,20,0,279,651.99,651.99,0.0,-186699.485942,0.0
2019-03-22,20,0,281,16.83,16.83,0.0,177.791695,0.0
2019-03-22,20,0,282,0.0,0.0,0.0,0.0,0.0
2019-03-22,21,0,9,0.0,0.0,0.0,0.0,0.0
2019-03-22,21,0,17,0.0,0.0,0.0,0.0,0.0
2019-03-22,21,0,19,643.3,643.3,0.0,738.35683,0.0
2019-03-22,21,0,20,780.2,780.2,0.0,895.485775,0.0
2019-03-22,21,0,21,0.0,0.0,0.0,0.0,0.0
2019-03-22,21,0,22,0.0,0.0,0.0,0.0,0.0
2019-03-22,21,0,23,108.8,108.8,0.0,1232.415216,0.0
2019-03-22,21,0,24,192.5,192.5,0.0,2180.514055,0.0
2019-03-22,21,0,29,0.0,0.0,0.0,0.0,0.0
2019-03-22,21,0,30,0.0,0.0,0.0,0.0,0.0
2019-03-22,21,0,31,27.32,27.32,0.0,310.295024,0.0
2019-03-22,21,0,32,0.0,0.0,0.0,0.0,0.0
2019-03-22,21,0,33,0.0,0.0,0.0,0.0,0.0
2019-03-22,21,0,34,0.0,0.0,0.0,0.0,0.0
2019-03-22,21,0,35,0.0,0.0,0.0,0.0,0.0
2019-03-22,21,0,36,0.0,0.0,0.0,0.0,0.0
2019-03-22,21,0,37,0.0,0.0,0.0,0.0,0.0
2019-03-22,21,0,38,0.0,0.0,0.0,0.0,0.0
2019-03-22,21,0,39,0.0,0.0,0.0,0.0,0.0
2019-03-22,21,0,40,0.0,0.0,0.0,0.0,0.0
2019-03-22,21,0,41,111.37,111.37,0.0,1084.747407,0.0
2019-03-22,21,0,42,0.0,0.0,0.0,0.0,0.0
2019-03-22,21,0,43,0.0,0.0,0.0,0.0,0.0
2019-03-22,21,0,46,0.0,0.0,0.0,0.0,0.0
2019-03-22,21,0,52,28.96,28.96,0.0,328.921811,0.0
2019-03-22,21,0,53,46.0,46.0,0.0,522.458678,0.0
2019-03-22,21,0,55,186.9,186.9,0.0,2117.080919,0.0
2019-03-22,21,0,56,0.0,0.0,0.0,0.0,0.0
2019-03-22,21,0,57,0.0,0.0,0.0,0.0,0.0
2019-03-22,21,0,58,0.0,0.0,0.0,0.0,0.0
2019-03-22,21,0,59,0.0,0.0,0.0,0.0,0.0
2019-03-22,21,0,63,170.0,170.0,0.0,16177.884401,0.0
2019-03-22,21,0,64,200.0,200.0,0.0,19032.805178,0.0
2019-03-22,21,0,65,41.4,41.4,0.0,159.167958,0.0
2019-03-22,21,0,67,0.0,0.0,0.0,-0.0,0.0
2019-03-22,21,0,68,10.2,10.2,0.0,-4316.487289,0.0
2019-03-22,21,0,69,0.0,0.0,0.0,0.0,0.0
2019-03-22,21,0,74,65.28,65.28,0.0,490.725578,0.0
2019-03-22,21,0,77,172.48,172.48,0.0,-52635.106078,0.0
2019-03-22,21,0,78,130.65,130.65,0.0,-39869.994255,0.0
2019-03-22,21,0,79,75.79,75.79,0.0,-23128.563832,0.0
2019-03-22,21,0,80,122.31,122.31,0.0,-37324.906218,0.0
2019-03-22,21,0,81,159.64,159.64,0.0,-48716.7691,0.0
2019-03-22,21,0,82,112.85,112.85,0.0,-34438.031777,0.0
2019-03-22,21,0,83,250.05,250.05,0.0,-76306.866157,0.0
2019-03-22,21,0,84,0.0,0.0,0.0,-0.0,0.0
2019-03-22,21,0,86,0.0,0.0,0.0,0.0,0.0
2019-03-22,21,0,87,0.0,0.0,0.0,0.0,0.0
2019-03-22,21,0,88,170.6,170.6,0.0,-52061.393187,0.0
2019-03-22,21,0,89,164.0,164.0,0.0,-50047.29474,0.0
2019-03-22,21,0,90,220.2,220.2,0.0,-67197.648182,0.0
2019-03-22,21,0,91,785.5,785.5,0.0,-239708.23182,0.0
2019-03-22,21,0,92,282.5,282.5,0.0,-86209.516854,0.0
2019-03-22,21,0,95,53.93,53.93,0.0,1048.710905,0.0
2019-03-22,21,0,96,29.88,29.88,0.0,340.321914,0.0
2019-03-22,21,0,97,183.75,183.75,0.0,2092.843095,0.0
2019-03-22,21,0,99,12.6,12.6,0.0,94.717253,0.0
2019-03-22,21,0,101,0.0,0.0,0.0,0.0,0.0
2019-03-22,21,0,102,24.15,24.15,0.0,-10219.918434,0.0
2019-03-22,21,0,103,21.0,21.0,0.0,-8886.885595,0.0
2019-03-22,21,0,104,3.9,3.9,0.0,-1650.421611,0.0
2019-03-22,21,0,106,0.0,0.0,0.0,0.0,0.0
2019-03-22,21,0,109,83.6,83.6,0.0,726.892698,0.0
2019-03-22,21,0,110,338.6,338.6,0.0,-338600.0,0.0
2019-03-22,21,0,111,0.0,0.0,0.0,0.0,0.0
2019-03-22,21,0,113,84.18,84.18,0.0,-23201.087223,0.0
2019-03-22,21,0,115,84.18,84.18,0.0,-23201.087223,0.0
2019-03-22,21,0,116,0.0,0.0,0.0,-0.0,0.0
2019-03-22,21,0,117,5.66,5.66,0.0,-1559.968564,0.0
2019-03-22,21,0,119,200.0,200.0,0.0,19032.805178,0.0
2019-03-22,21,0,120,117.6,117.6,0.0,11191.289445,0.0
2019-03-22,21,0,123,0.0,0.0,0.0,0.0,0.0
2019-03-22,21,0,125,174.2,174.2,0.0,1973.223628,0.0
2019-03-22,21,0,126,0.0,0.0,0.0,0.0,0.0
2019-03-22,21,0,127,0.0,0.0,0.0,0.0,0.0
2019-03-22,21,0,128,249.5,249.5,0.0,2826.172762,0.0
2019-03-22,21,0,131,30.0,30.0,0.0,-11557.90348,0.0
2019-03-22,21,0,132,44.1,44.1,0.0,-16990.118116,0.0
2019-03-22,21,0,133,91.59,91.59,0.0,630.46037,0.0
2019-03-22,21,0,134,0.0,0.0,0.0,0.0,0.0
2019-03-22,21,0,135,119.08,119.08,0.0,819.687967,0.0
2019-03-22,21,0,136,45.9,45.9,0.0,183.264448,0.0
2019-03-22,21,0,139,146.7,146.7,0.0,1428.862751,0.0
2019-03-22,21,0,140,250.6,250.6,0.0,-250600.0,0.0
2019-03-22,21,0,141,230.0,230.0,0.0,-129990.621138,0.0
2019-03-22,21,0,142,0.0,0.0,0.0,-0.0,0.0
2019-03-22,21,0,143,22.67,22.67,0.0,257.481266,0.0
2019-03-22,21,0,145,30.0,30.0,0.0,311.079714,0.0
2019-03-22,21,0,146,268.0,268.0,0.0,-268000.0,0.0
2019-03-22,21,0,152,0.0,0.0,0.0,0.0,0.0
2019-03-22,21,0,153,0.0,0.0,0.0,0.0,0.0
2019-03-22,21,0,154,0.0,0.0,0.0,0.0,0.0
2019-03-22,21,0,157,166.19,166.19,0.0,-93926.701421,0.0
2019-03-22,21,0,158,0.0,0.0,0.0,-0.0,0.0
2019-03-22,21,0,159,0.0,0.0,0.0,0.0,0.0
2019-03-22,21,0,160,0.0,0.0,0.0,0.0,0.0
2019-03-22,21,0,161,0.0,0.0,0.0,-0.0,0.0
2019-03-22,21,0,162,95.5,95.5,0.0,1931.743604,0.0
2019-03-22,21,0,163,185.4,185.4,0.0,-185400.0,0.0
2019-03-22,21,0,164,0.0,0.0,0.0,0.0,0.0
2019-03-22,21,0,167,0.0,0.0,0.0,0.0,0.0
2019-03-22,21,0,168,0.0,0.0,0.0,0.0,0.0
2019-03-22,21,0,169,0.0,0.0,0.0,0.0,0.0
2019-03-22,21,0,170,0.0,0.0,0.0,0.0,0.0
2019-03-22,21,0,172,0.0,0.0,0.0,0.0,0.0
2019-03-22,21,0,173,0.0,0.0,0.0,0.0,0.0
2019-03-22,21,0,188,0.0,0.0,0.0,0.0,0.0
2019-03-22,21,0,190,0.0,0.0,0.0,0.0,0.0
2019-03-22,21,0,191,0.0,0.0,0.0,0.0,0.0
2019-03-22,21,0,192,332.6,332.6,0.0,10785.405497,0.0
2019-03-22,21,0,194,176.5,176.5,0.0,-25124.142831,0.0
2019-03-22,21,0,196,0.0,0.0,0.0,0.0,0.0
2019-03-22,21,0,198,0.0,0.0,0.0,0.0,0.0
2019-03-22,21,0,199,74.47,74.47,0.0,-2908.853155,0.0
2019-03-22,21,0,200,0.0,0.0,0.0,-0.0,0.0
2019-03-22,21,0,204,841.64,841.64,0.0,7419.392756,0.0
2019-03-22,21,0,205,387.97,387.97,0.0,3373.355981,0.0
2019-03-22,21,0,206,539.94,539.94,0.0,6149.712657,0.0
2019-03-22,21,0,210,0.0,0.0,0.0,0.0,0.0
2019-03-22,21,0,214,0.0,0.0,0.0,0.0,0.0
2019-03-22,21,0,217,0.0,0.0,0.0,0.0,0.0
2019-03-22,21,0,218,0.0,0.0,0.0,0.0,0.0
2019-03-22,21,0,219,0.0,0.0,0.0,0.0,0.0
2019-03-22,21,0,221,0.0,0.0,0.0,0.0,0.0
2019-03-22,21,0,225,0.0,0.0,0.0,0.0,0.0
2019-03-22,21,0,233,0.0,0.0,0.0,0.0,0.0
2019-03-22,21,0,236,159.03,159.03,0.0,1110.455556,0.0
2019-03-22,21,0,237,156.6,156.6,0.0,1177.200145,0.0
2019-03-22,21,0,238,0.0,0.0,0.0,0.0,0.0
2019-03-22,21,0,240,0.0,0.0,0.0,0.0,0.0
2019-03-22,21,0,245,260.0,260.0,0.0,1524.609628,0.0
2019-03-22,21,0,247,171.72,171.72,0.0,1006.946021,0.0
2019-03-22,21,0,248,15.72,15.72,0.0,118.171049,0.0
2019-03-22,21,0,249,500.0,500.0,0.0,2931.941593,0.0
2019-03-22,21,0,251,326.4,326.4,0.0,1552.324678,0.0
2019-03-22,21,0,252,267.06,267.06,0.0,1026.748665,0.0
2019-03-22,21,0,254,0.0,0.0,0.0,0.0,0.0
2019-03-22,21,0,255,0.0,0.0,0.0,0.0,0.0
2019-03-22,21,0,258,0.0,0.0,0.0,0.0,0.0
2019-03-22,21,0,260,0.0,0.0,0.0,0.0,0.0
2019-03-22,21,0,265,0.0,0.0,0.0,0.0,0.0
2019-03-22,21,0,266,91.87,91.87,0.0,894.816775,0.0
2019-03-22,21,0,267,114.69,114.69,0.0,1117.084314,0.0
2019-03-22,21,0,270,579.0,579.0,0.0,-579000.0,0.0
2019-03-22,21,0,272,281.15,281.15,0.0,-77488.54446,0.0
2019-03-22,21,0,273,0.0,0.0,0.0,-0.0,0.0
2019-03-22,21,0,274,746.4,746.4,0.0,-746400.0,0.0
2019-03-22,21,0,275,1039.0,1039.0,0.0,-1039000.0,0.0
2019-03-22,21,0,276,0.0,0.0,0.0,-0.0,0.0
2019-03-22,21,0,277,0.0,0.0,0.0,-0.0,0.0
2019-03-22,21,0,278,0.0,0.0,0.0,-0.0,0.0
2019-03-22,21,0,279,651.69,651.69,0.0,-187335.680641,0.0
2019-03-22,21,0,281,12.26,12.26,0.0,139.246596,0.0
2019-03-22,21,0,282,0.0,0.0,0.0,0.0,0.0
2019-03-22,22,0,9,0.0,0.0,0.0,0.0,0.0
2019-03-22,22,0,17,0.0,0.0,0.0,0.0,0.0
2019-03-22,22,0,19,643.3,643.3,0.0,710.59616,0.0
2019-03-22,22,0,20,780.2,780.2,0.0,861.817385,0.0
2019-03-22,22,0,21,0.0,0.0,0.0,0.0,0.0
2019-03-22,22,0,22,0.0,0.0,0.0,0.0,0.0
2019-03-22,22,0,23,108.8,108.8,0.0,1231.913934,0.0
2019-03-22,22,0,24,192.5,192.5,0.0,2179.627135,0.0
2019-03-22,22,0,29,0.0,0.0,0.0,0.0,0.0
2019-03-22,22,0,30,0.0,0.0,0.0,0.0,0.0
2019-03-22,22,0,31,14.59,14.59,0.0,165.710263,0.0
2019-03-22,22,0,32,0.0,0.0,0.0,0.0,0.0
2019-03-22,22,0,33,0.0,0.0,0.0,0.0,0.0
2019-03-22,22,0,34,0.0,0.0,0.0,0.0,0.0
2019-03-22,22,0,35,0.0,0.0,0.0,0.0,0.0
2019-03-22,22,0,36,0.0,0.0,0.0,0.0,0.0
2019-03-22,22,0,37,0.0,0.0,0.0,0.0,0.0
2019-03-22,22,0,38,0.0,0.0,0.0,0.0,0.0
2019-03-22,22,0,39,0.0,0.0,0.0,0.0,0.0
2019-03-22,22,0,40,0.0,0.0,0.0,0.0,0.0
2019-03-22,22,0,41,116.0,116.0,0.0,1098.081429,0.0
2019-03-22,22,0,42,0.0,0.0,0.0,0.0,0.0
2019-03-22,22,0,43,0.0,0.0,0.0,0.0,0.0
2019-03-22,22,0,46,0.0,0.0,0.0,0.0,0.0
2019-03-22,22,0,52,15.47,15.47,0.0,175.705125,0.0
2019-03-22,22,0,53,24.57,24.57,0.0,279.061081,0.0
2019-03-22,22,0,55,154.06,154.06,0.0,1744.381072,0.0
2019-03-22,22,0,56,0.0,0.0,0.0,0.0,0.0
2019-03-22,22,0,57,0.0,0.0,0.0,0.0,0.0
2019-03-22,22,0,58,0.0,0.0,0.0,0.0,0.0
2019-03-22,22,0,59,0.0,0.0,0.0,0.0,0.0
2019-03-22,22,0,63,170.0,170.0,0.0,15903.466003,0.0
2019-03-22,22,0,64,200.0,200.0,0.0,18709.960004,0.0
2019-03-22,22,0,65,41.4,41.4,0.0,121.569795,0.0
2019-03-22,22,0,67,0.0,0.0,0.0,-0.0,0.0
2019-03-22,22,0,68,10.2,10.2,0.0,-4327.618385,0.0
2019-03-22,22,0,69,0.0,0.0,0.0,0.0,0.0
2019-03-22,22,0,74,65.28,65.28,0.0,439.269195,0.0
2019-03-22,22,0,77,200.0,200.0,0.0,-61302.131434,0.0
2019-03-22,22,0,78,151.2,151.2,0.0,-46344.411364,0.0
2019-03-22,22,0,79,87.5,87.5,0.0,-26819.682502,0.0
2019-03-22,22,0,80,141.5,141.5,0.0,-43371.257989,0.0
2019-03-22,22,0,81,185.0,185.0,0.0,-56704.471576,0.0
2019-03-22,22,0,82,130.5,130.5,0.0,-39999.640761,0.0
2019-03-22,22,0,83,291.0,291.0,0.0,-89194.601236,0.0
2019-03-22,22,0,84,0.0,0.0,0.0,-0.0,0.0
2019-03-22,22,0,86,0.0,0.0,0.0,0.0,0.0
2019-03-22,22,0,87,0.0,0.0,0.0,0.0,0.0
2019-03-22,22,0,88,170.6,170.6,0.0,-52290.718113,0.0
2019-03-22,22,0,89,164.0,164.0,0.0,-50267.747776,0.0
2019-03-22,22,0,90,220.2,220.2,0.0,-67493.646709,0.0
2019-03-22,22,0,91,785.5,785.5,0.0,-240764.121206,0.0
2019-03-22,22,0,92,282.5,282.5,0.0,-86589.26065,0.0
2019-03-22,22,0,95,52.93,52.93,0.0,1187.205959,0.0
2019-03-22,22,0,96,29.88,29.88,0.0,340.465791,0.0
2019-03-22,22,0,97,183.75,183.75,0.0,2093.72788,0.0
2019-03-22,22,0,99,12.6,12.6,0.0,84.785414,0.0
2019-03-22,22,0,101,0.0,0.0,0.0,0.0,0.0
2019-03-22,22,0,102,24.15,24.15,0.0,-10246.27294,0.0
2019-03-22,22,0,103,21.0,21.0,0.0,-8909.802556,0.0
2019-03-22,22,0,104,3.9,3.9,0.0,-1654.677618,0.0
2019-03-22,22,0,106,0.0,0.0,0.0,0.0,0.0
2019-03-22,22,0,109,171.41,171.41,0.0,1425.478788,0.0
2019-03-22,22,0,110,338.6,338.6,0.0,-338600.0,0.0
2019-03-22,22,0,111,0.0,0.0,0.0,0.0,0.0
2019-03-22,22,0,113,149.99,149.99,0.0,-41534.562761,0.0
2019-03-22,22,0,115,149.99,149.99,0.0,-41534.562761,0.0
2019-03-22,22,0,116,0.0,0.0,0.0,-0.0,0.0
2019-03-22,22,0,117,10.0,10.0,0.0,-2769.155461,0.0
2019-03-22,22,0,119,200.0,200.0,0.0,18709.960004,0.0
2019-03-22,22,0,120,117.6,117.6,0.0,11001.456482,0.0
2019-03-22,22,0,123,0.0,0.0,0.0,0.0,0.0
2019-03-22,22,0,125,174.2,174.2,0.0,1972.421023,0.0
2019-03-22,22,0,126,0.0,0.0,0.0,0.0,0.0
2019-03-22,22,0,127,0.0,0.0,0.0,0.0,0.0
2019-03-22,22,0,128,249.5,249.5,0.0,2825.023222,0.0
2019-03-22,22,0,131,30.0,30.0,0.0,-11592.794326,0.0
2019-03-22,22,0,132,44.1,44.1,0.0,-17041.40766,0.0
2019-03-22,22,0,133,139.8,139.8,0.0,673.695486,0.0
2019-03-22,22,0,134,0.0,0.0,0.0,0.0,0.0
2019-03-22,22,0,135,187.33,187.33,0.0,902.742314,0.0
2019-03-22,22,0,136,45.9,45.9,0.0,139.39985,0.0
2019-03-22,22,0,139,149.8,149.8,0.0,1418.039639,0.0
2019-03-22,22,0,140,250.6,250.6,0.0,-250600.0,0.0
2019-03-22,22,0,141,230.0,230.0,0.0,-130179.830204,0.0
2019-03-22,22,0,142,0.0,0.0,0.0,-0.0,0.0
2019-03-22,22,0,143,9.58,9.58,0.0,108.807699,0.0
2019-03-22,22,0,145,73.71,73.71,0.0,753.883702,0.0
2019-03-22,22,0,146,268.0,268.0,0.0,-268000.0,0.0
2019-03-22,22,0,152,0.0,0.0,0.0,0.0,0.0
2019-03-22,22,0,153,0.0,0.0,0.0,0.0,0.0
2019-03-22,22,0,154,0.0,0.0,0.0,0.0,0.0
2019-03-22,22,0,157,86.13,86.13,0.0,-48749.516415,0.0
2019-03-22,22,0,158,0.0,0.0,0.0,-0.0,0.0
2019-03-22,22,0,159,0.0,0.0,0.0,0.0,0.0
2019-03-22,22,0,160,0.0,0.0,0.0,0.0,0.0
2019-03-22,22,0,161,0.0,0.0,0.0,-0.0,0.0
2019-03-22,22,0,162,42.76,42.76,0.0,992.629398,0.0
2019-03-22,22,0,163,185.4,185.4,0.0,-185400.0,0.0
2019-03-22,22,0,164,0.0,0.0,0.0,0.0,0.0
2019-03-22,22,0,167,0.0,0.0,0.0,0.0,0.0
2019-03-22,22,0,168,0.0,0.0,0.0,0.0,0.0
2019-03-22,22,0,169,0.0,0.0,0.0,0.0,0.0
2019-03-22,22,0,170,0.0,0.0,0.0,0.0,0.0
2019-03-22,22,0,172,0.0,0.0,0.0,0.0,0.0
2019-03-22,22,0,173,0.0,0.0,0.0,0.0,0.0
2019-03-22,22,0,188,0.0,0.0,0.0,0.0,0.0
2019-03-22,22,0,190,0.0,0.0,0.0,0.0,0.0
2019-03-22,22,0,191,0.0,0.0,0.0,0.0,0.0
2019-03-22,22,0,192,332.6,332.6,0.0,10785.405497,0.0
2019-03-22,22,0,194,176.5,176.5,0.0,-25382.532982,0.0
2019-03-22,22,0,196,0.0,0.0,0.0,0.0,0.0
2019-03-22,22,0,198,0.0,0.0,0.0,0.0,0.0
2019-03-22,22,0,199,65.4,65.4,0.0,-2611.241247,0.0
2019-03-22,22,0,200,0.0,0.0,0.0,-0.0,0.0
2019-03-22,22,0,204,857.0,857.0,0.0,7254.937777,0.0
2019-03-22,22,0,205,852.76,852.76,0.0,7091.717467,0.0
2019-03-22,22,0,206,539.94,539.94,0.0,6152.312554,0.0
2019-03-22,22,0,210,0.0,0.0,0.0,0.0,0.0
2019-03-22,22,0,214,0.0,0.0,0.0,0.0,0.0
2019-03-22,22,0,217,0.0,0.0,0.0,0.0,0.0
2019-03-22,22,0,218,0.0,0.0,0.0,0.0,0.0
2019-03-22,22,0,219,0.0,0.0,0.0,0.0,0.0
2019-03-22,22,0,221,0.0,0.0,0.0,0.0,0.0
2019-03-22,22,0,225,0.0,0.0,0.0,0.0,0.0
2019-03-22,22,0,233,0.0,0.0,0.0,0.0,0.0
2019-03-22,22,0,236,144.41,144.41,0.0,887.76513,0.0
2019-03-22,22,0,237,156.6,156.6,0.0,1053.761579,0.0
2019-03-22,22,0,238,0.0,0.0,0.0,0.0,0.0
2019-03-22,22,0,240,0.0,0.0,0.0,0.0,0.0
2019-03-22,22,0,245,260.0,260.0,0.0,1004.720676,0.0
2019-03-22,22,0,247,171.72,171.72,0.0,663.579364,0.0
2019-03-22,22,0,248,15.72,15.72,0.0,105.779898,0.0
2019-03-22,22,0,249,500.0,500.0,0.0,1932.155147,0.0
2019-03-22,22,0,251,678.68,678.68,0.0,2485.380054,0.0
2019-03-22,22,0,252,267.06,267.06,0.0,784.21327,0.0
2019-03-22,22,0,254,0.0,0.0,0.0,0.0,0.0
2019-03-22,22,0,255,0.0,0.0,0.0,0.0,0.0
2019-03-22,22,0,258,0.0,0.0,0.0,0.0,0.0
2019-03-22,22,0,260,0.0,0.0,0.0,0.0,0.0
2019-03-22,22,0,265,0.0,0.0,0.0,0.0,0.0
2019-03-22,22,0,266,97.0,97.0,0.0,918.223264,0.0
2019-03-22,22,0,267,119.2,119.2,0.0,1128.373331,0.0
2019-03-22,22,0,270,579.0,579.0,0.0,-579000.0,0.0
2019-03-22,22,0,272,501.3,501.3,0.0,-138817.763265,0.0
2019-03-22,22,0,273,0.0,0.0,0.0,-0.0,0.0
2019-03-22,22,0,274,746.4,746.4,0.0,-746400.0,0.0
2019-03-22,22,0,275,1039.0,1039.0,0.0,-1039000.0,0.0
2019-03-22,22,0,276,0.0,0.0,0.0,-0.0,0.0
2019-03-22,22,0,277,0.0,0.0,0.0,-0.0,0.0
2019-03-22,22,0,278,0.0,0.0,0.0,-0.0,0.0
2019-03-22,22,0,279,264.61,264.61,0.0,-76414.262014,0.0
2019-03-22,22,0,281,6.55,6.55,0.0,74.393573,0.0
2019-03-22,22,0,282,0.0,0.0,0.0,0.0,0.0
2019-03-22,23,0,9,0.0,0.0,0.0,0.0,0.0
2019-03-22,23,0,17,0.0,0.0,0.0,0.0,0.0
2019-03-22,23,0,19,643.3,643.3,0.0,1060.868255,0.0
2019-03-22,23,0,20,780.2,780.2,0.0,1286.630519,0.0
2019-03-22,23,0,21,0.0,0.0,0.0,0.0,0.0
2019-03-22,23,0,22,0.0,0.0,0.0,0.0,0.0
2019-03-22,23,0,23,108.8,108.8,0.0,669.627557,0.0
2019-03-22,23,0,24,192.5,192.5,0.0,1184.773022,0.0
2019-03-22,23,0,29,0.0,0.0,0.0,0.0,0.0
2019-03-22,23,0,30,0.0,0.0,0.0,0.0,0.0
2019-03-22,23,0,31,12.89,12.89,0.0,79.391206,0.0
2019-03-22,23,0,32,0.0,0.0,0.0,0.0,0.0
2019-03-22,23,0,33,0.0,0.0,0.0,0.0,0.0
2019-03-22,23,0,34,0.0,0.0,0.0,0.0,0.0
2019-03-22,23,0,35,0.0,0.0,0.0,0.0,0.0
2019-03-22,23,0,36,0.0,0.0,0.0,0.0,0.0
2019-03-22,23,0,37,0.0,0.0,0.0,0.0,0.0
2019-03-22,23,0,38,0.0,0.0,0.0,0.0,0.0
2019-03-22,23,0,39,0.0,0.0,0.0,0.0,0.0
2019-03-22,23,0,40,0.0,0.0,0.0,0.0,0.0
2019-03-22,23,0,41,116.0,116.0,0.0,686.856943,0.0
2019-03-22,23,0,42,0.0,0.0,0.0,0.0,0.0
2019-03-22,23,0,43,0.0,0.0,0.0,0.0,0.0
2019-03-22,23,0,46,0.0,0.0,0.0,0.0,0.0
2019-03-22,23,0,52,13.66,13.66,0.0,84.133737,0.0
2019-03-22,23,0,53,21.71,21.71,0.0,133.714746,0.0
2019-03-22,23,0,55,237.09,237.09,0.0,1459.209536,0.0
2019-03-22,23,0,56,0.0,0.0,0.0,0.0,0.0
2019-03-22,23,0,57,0.0,0.0,0.0,0.0,0.0
2019-03-22,23,0,58,0.0,0.0,0.0,0.0,0.0
2019-03-22,23,0,59,0.0,0.0,0.0,0.0,0.0
2019-03-22,23,0,63,170.0,170.0,0.0,15956.070568,0.0
2019-03-22,23,0,64,200.0,200.0,0.0,18771.847727,0.0
2019-03-22,23,0,65,41.4,41.4,0.0,146.405212,0.0
2019-03-22,23,0,67,0.0,0.0,0.0,-0.0,0.0
2019-03-22,23,0,68,10.2,10.2,0.0,-4314.796044,0.0
2019-03-22,23,0,69,0.0,0.0,0.0,0.0,0.0
2019-03-22,23,0,74,65.28,65.28,0.0,364.985611,0.0
2019-03-22,23,0,77,200.0,200.0,0.0,-60959.798581,0.0
2019-03-22,23,0,78,151.2,151.2,0.0,-46085.607727,0.0
2019-03-22,23,0,79,87.5,87.5,0.0,-26669.911879,0.0
2019-03-22,23,0,80,141.5,141.5,0.0,-43129.057496,0.0
2019-03-22,23,0,81,185.0,185.0,0.0,-56387.813687,0.0
2019-03-22,23,0,82,130.5,130.5,0.0,-39776.268574,0.0
2019-03-22,23,0,83,291.0,291.0,0.0,-88696.506935,0.0
2019-03-22,23,0,84,0.0,0.0,0.0,-0.0,0.0
2019-03-22,23,0,86,0.0,0.0,0.0,0.0,0.0
2019-03-22,23,0,87,0.0,0.0,0.0,0.0,0.0
2019-03-22,23,0,88,170.6,170.6,0.0,-51998.708189,0.0
2019-03-22,23,0,89,164.0,164.0,0.0,-49987.034836,0.0
2019-03-22,23,0,90,220.2,220.2,0.0,-67116.738238,0.0
2019-03-22,23,0,91,785.5,785.5,0.0,-239419.608926,0.0
2019-03-22,23,0,92,282.5,282.5,0.0,-86105.715495,0.0
2019-03-22,23,0,95,59.66,59.66,0.0,1338.158086,0.0
2019-03-22,23,0,96,29.88,29.88,0.0,184.174329,0.0
2019-03-22,23,0,97,183.75,183.75,0.0,1132.59816,0.0
2019-03-22,23,0,99,12.6,12.6,0.0,70.44759,0.0
2019-03-22,23,0,101,0.0,0.0,0.0,0.0,0.0
2019-03-22,23,0,102,24.15,24.15,0.0,-10215.914162,0.0
2019-03-22,23,0,103,21.0,21.0,0.0,-8883.403619,0.0
2019-03-22,23,0,104,3.9,3.9,0.0,-1649.774958,0.0
2019-03-22,23,0,106,0.0,0.0,0.0,0.0,0.0
2019-03-22,23,0,109,200.0,200.0,0.0,1153.820147,0.0
2019-03-22,23,0,110,338.6,338.6,0.0,-338600.0,0.0
2019-03-22,23,0,111,0.0,0.0,0.0,0.0,0.0
2019-03-22,23,0,113,150.0,150.0,0.0,-41368.149792,0.0
2019-03-22,23,0,115,150.0,150.0,0.0,-41368.149792,0.0
2019-03-22,23,0,116,0.0,0.0,0.0,-0.0,0.0
2019-03-22,23,0,117,10.0,10.0,0.0,-2757.876653,0.0
2019-03-22,23,0,119,200.0,200.0,0.0,18771.847727,0.0
2019-03-22,23,0,120,117.6,117.6,0.0,11037.846463,0.0
2019-03-22,23,0,123,0.0,0.0,0.0,0.0,0.0
2019-03-22,23,0,125,174.2,174.2,0.0,1072.142651,0.0
2019-03-22,23,0,126,0.0,0.0,0.0,0.0,0.0
2019-03-22,23,0,127,0.0,0.0,0.0,0.0,0.0
2019-03-22,23,0,128,249.5,249.5,0.0,1535.588929,0.0
2019-03-22,23,0,131,30.0,30.0,0.0,-11552.602207,0.0
2019-03-22,23,0,132,44.1,44.1,0.0,-16982.325244,0.0
2019-03-22,23,0,133,139.8,139.8,0.0,797.598888,0.0
2019-03-22,23,0,134,0.0,0.0,0.0,0.0,0.0
2019-03-22,23,0,135,187.33,187.33,0.0,1068.771099,0.0
2019-03-22,23,0,136,45.9,45.9,0.0,167.074358,0.0
2019-03-22,23,0,139,149.8,149.8,0.0,886.992845,0.0
2019-03-22,23,0,140,250.6,250.6,0.0,-250600.0,0.0
2019-03-22,23,0,141,227.75,227.75,0.0,-128690.506791,0.0
2019-03-22,23,0,142,0.0,0.0,0.0,-0.0,0.0
2019-03-22,23,0,143,6.96,6.96,0.0,42.867556,0.0
2019-03-22,23,0,145,30.0,30.0,0.0,180.429833,0.0
2019-03-22,23,0,146,268.0,268.0,0.0,-268000.0,0.0
2019-03-22,23,0,152,0.0,0.0,0.0,0.0,0.0
2019-03-22,23,0,153,0.0,0.0,0.0,0.0,0.0
2019-03-22,23,0,154,0.0,0.0,0.0,0.0,0.0
2019-03-22,23,0,157,83.61,83.61,0.0,-47243.966071,0.0
2019-03-22,23,0,158,0.0,0.0,0.0,-0.0,0.0
2019-03-22,23,0,159,0.0,0.0,0.0,0.0,0.0
2019-03-22,23,0,160,0.0,0.0,0.0,0.0,0.0
2019-03-22,23,0,161,0.0,0.0,0.0,-0.0,0.0
2019-03-22,23,0,162,23.0,23.0,0.0,534.022615,0.0
2019-03-22,23,0,163,185.4,185.4,0.0,-185400.0,0.0
2019-03-22,23,0,164,0.0,0.0,0.0,0.0,0.0
2019-03-22,23,0,167,0.0,0.0,0.0,0.0,0.0
2019-03-22,23,0,168,0.0,0.0,0.0,0.0,0.0
2019-03-22,23,0,169,0.0,0.0,0.0,0.0,0.0
2019-03-22,23,0,170,0.0,0.0,0.0,0.0,0.0
2019-03-22,23,0,172,0.0,0.0,0.0,0.0,0.0
2019-03-22,23,0,173,0.0,0.0,0.0,0.0,0.0
2019-03-22,23,0,188,0.0,0.0,0.0,0.0,0.0
2019-03-22,23,0,190,0.0,0.0,0.0,0.0,0.0
2019-03-22,23,0,191,0.0,0.0,0.0,0.0,0.0
2019-03-22,23,0,192,332.6,332.6,0.0,10785.405497,0.0
2019-03-22,23,0,194,176.5,176.5,0.0,-25238.941736,0.0
2019-03-22,23,0,196,0.0,0.0,0.0,0.0,0.0
2019-03-22,23,0,198,0.0,0.0,0.0,0.0,0.0
2019-03-22,23,0,199,53.66,53.66,0.0,-1999.388753,0.0
2019-03-22,23,0,200,0.0,0.0,0.0,-0.0,0.0
2019-03-22,23,0,204,857.0,857.0,0.0,4959.474716,0.0
2019-03-22,23,0,205,1058.0,1058.0,0.0,6103.708579,0.0
2019-03-22,23,0,206,539.94,539.94,0.0,3328.081908,0.0
2019-03-22,23,0,210,0.0,0.0,0.0,0.0,0.0
2019-03-22,23,0,214,0.0,0.0,0.0,0.0,0.0
2019-03-22,23,0,217,0.0,0.0,0.0,0.0,0.0
2019-03-22,23,0,218,0.0,0.0,0.0,0.0,0.0
2019-03-22,23,0,219,0.0,0.0,0.0,0.0,0.0
2019-03-22,23,0,221,0.0,0.0,0.0,0.0,0.0
2019-03-22,23,0,225,0.0,0.0,0.0,0.0,0.0
2019-03-22,23,0,233,0.0,0.0,0.0,0.0,0.0
2019-03-22,23,0,236,139.43,139.43,0.0,768.74005,0.0
2019-03-22,23,0,237,156.6,156.6,0.0,875.56291,0.0
2019-03-22,23,0,238,0.0,0.0,0.0,0.0,0.0
2019-03-22,23,0,240,0.0,0.0,0.0,0.0,0.0
2019-03-22,23,0,245,260.0,260.0,0.0,1313.744841,0.0
2019-03-22,23,0,247,171.72,171.72,0.0,867.677939,0.0
2019-03-22,23,0,248,15.72,15.72,0.0,87.891756,0.0
2019-03-22,23,0,249,500.0,500.0,0.0,2526.432387,0.0
2019-03-22,23,0,251,326.4,326.4,0.0,1354.296058,0.0
2019-03-22,23,0,252,267.06,267.06,0.0,944.419707,0.0
2019-03-22,23,0,254,0.0,0.0,0.0,0.0,0.0
2019-03-22,23,0,255,0.0,0.0,0.0,0.0,0.0
2019-03-22,23,0,258,0.0,0.0,0.0,0.0,0.0
2019-03-22,23,0,260,0.0,0.0,0.0,0.0,0.0
2019-03-22,23,0,265,0.0,0.0,0.0,0.0,0.0
2019-03-22,23,0,266,97.0,97.0,0.0,574.354513,0.0
2019-03-22,23,0,267,119.2,119.2,0.0,705.804721,0.0
2019-03-22,23,0,270,579.0,579.0,0.0,-579000.0,0.0
2019-03-22,23,0,272,501.3,501.3,0.0,-138252.356606,0.0
2019-03-22,23,0,273,0.0,0.0,0.0,-0.0,0.0
2019-03-22,23,0,274,746.4,746.4,0.0,-746400.0,0.0
2019-03-22,23,0,275,1039.0,1039.0,0.0,-1039000.0,0.0
2019-03-22,23,0,276,0.0,0.0,0.0,-0.0,0.0
2019-03-22,23,0,277,0.0,0.0,0.0,-0.0,0.0
2019-03-22,23,0,278,0.0,0.0,0.0,-0.0,0.0
2019-03-22,23,0,279,264.6,264.6,0.0,-76051.007786,0.0
2019-03-22,23,0,281,5.79,5.79,0.0,35.661372,0.0
2019-03-22,23,0,282,0.0,0.0,0.0,0.0,0.0
2019-03-23,0,0,9,0.0,0.0,0.0,0.0,0.0
2019-03-23,0,0,17,0.0,0.0,0.0,0.0,0.0
2019-03-23,0,0,19,643.3,643.3,0.0,1048.551061,0.0
2019-03-23,0,0,20,780.2,780.2,0.0,1271.692116,0.0
2019-03-23,0,0,21,0.0,0.0,0.0,0.0,0.0
2019-03-23,0,0,22,0.0,0.0,0.0,0.0,0.0
2019-03-23,0,0,23,108.8,108.8,0.0,669.747377,0.0
2019-03-23,0,0,24,192.5,192.5,0.0,1184.985019,0.0
2019-03-23,0,0,29,0.0,0.0,0.0,0.0,0.0
2019-03-23,0,0,30,0.0,0.0,0.0,0.0,0.0
2019-03-23,0,0,31,11.32,11.32,0.0,69.721369,0.0
2019-03-23,0,0,32,0.0,0.0,0.0,0.0,0.0
2019-03-23,0,0,33,0.0,0.0,0.0,0.0,0.0
2019-03-23,0,0,34,0.0,0.0,0.0,0.0,0.0
2019-03-23,0,0,35,0.0,0.0,0.0,0.0,0.0
2019-03-23,0,0,36,0.0,0.0,0.0,0.0,0.0
2019-03-23,0,0,37,0.0,0.0,0.0,0.0,0.0
2019-03-23,0,0,38,0.0,0.0,0.0,0.0,0.0
2019-03-23,0,0,39,0.0,0.0,0.0,0.0,0.0
2019-03-23,0,0,40,0.0,0.0,0.0,0.0,0.0
2019-03-23,0,0,41,116.0,116.0,0.0,693.633774,0.0
2019-03-23,0,0,42,0.0,0.0,0.0,0.0,0.0
2019-03-23,0,0,43,0.0,0.0,0.0,0.0,0.0
2019-03-23,0,0,46,0.0,0.0,0.0,0.0,0.0
2019-03-23,0,0,52,11.99,11.99,0.0,73.847987,0.0
2019-03-23,0,0,53,19.06,19.06,0.0,117.393048,0.0
2019-03-23,0,0,55,210.47,210.47,0.0,1295.60414,0.0
2019-03-23,0,0,56,0.0,0.0,0.0,0.0,0.0
2019-03-23,0,0,57,0.0,0.0,0.0,0.0,0.0
2019-03-23,0,0,58,0.0,0.0,0.0,0.0,0.0
2019-03-23,0,0,59,0.0,0.0,0.0,0.0,0.0
2019-03-23,0,0,63,170.0,170.0,0.0,15975.425435,0.0
2019-03-23,0,0,64,200.0,200.0,0.0,18794.618159,0.0
2019-03-23,0,0,65,41.4,41.4,0.0,149.536799,0.0
2019-03-23,0,0,67,0.0,0.0,0.0,-0.0,0.0
2019-03-23,0,0,68,10.2,10.2,0.0,-4313.557225,0.0
2019-03-23,0,0,69,0.0,0.0,0.0,0.0,0.0
2019-03-23,0,0,74,65.28,65.28,0.0,374.012742,0.0
2019-03-23,0,0,77,200.0,200.0,0.0,-60929.108598,0.0
2019-03-23,0,0,78,151.2,151.2,0.0,-46062.4061,0.0
2019-03-23,0,0,79,87.5,87.5,0.0,-26656.485011,0.0
2019-03-23,0,0,80,141.5,141.5,0.0,-43107.344333,0.0
2019-03-23,0,0,81,185.0,185.0,0.0,-56359.425453,0.0
2019-03-23,0,0,82,130.5,130.5,0.0,-39756.24336,0.0
2019-03-23,0,0,83,291.0,291.0,0.0,-88651.853009,0.0
2019-03-23,0,0,84,0.0,0.0,0.0,-0.0,0.0
2019-03-23,0,0,86,0.0,0.0,0.0,0.0,0.0
2019-03-23,0,0,87,0.0,0.0,0.0,0.0,0.0
2019-03-23,0,0,88,170.6,170.6,0.0,-51972.529634,0.0
2019-03-23,0,0,89,164.0,164.0,0.0,-49961.86905,0.0
2019-03-23,0,0,90,220.2,220.2,0.0,-67082.948566,0.0
2019-03-23,0,0,91,785.5,785.5,0.0,-239299.074017,0.0
2019-03-23,0,0,92,282.5,282.5,0.0,-86062.365894,0.0
2019-03-23,0,0,95,38.72,38.72,0.0,868.479402,0.0
2019-03-23,0,0,96,29.88,29.88,0.0,184.139939,0.0
2019-03-23,0,0,97,183.75,183.75,0.0,1132.386673,0.0
2019-03-23,0,0,99,12.6,12.6,0.0,72.189959,0.0
2019-03-23,0,0,101,0.0,0.0,0.0,0.0,0.0
2019-03-23,0,0,102,24.15,24.15,0.0,-10212.981077,0.0
2019-03-23,0,0,103,21.0,21.0,0.0,-8880.853111,0.0
2019-03-23,0,0,104,3.9,3.9,0.0,-1649.301292,0.0
2019-03-23,0,0,106,0.0,0.0,0.0,0.0,0.0
2019-03-23,0,0,109,200.0,200.0,0.0,1173.095269,0.0
2019-03-23,0,0,110,338.6,338.6,0.0,-338600.0,0.0
2019-03-23,0,0,111,0.0,0.0,0.0,0.0,0.0
2019-03-23,0,0,113,150.0,150.0,0.0,-41347.71993,0.0
2019-03-23,0,0,115,150.0,150.0,0.0,-41347.71993,0.0
2019-03-23,0,0,116,0.0,0.0,0.0,-0.0,0.0
2019-03-23,0,0,117,10.0,10.0,0.0,-2756.514662,0.0
2019-03-23,0,0,119,200.0,200.0,0.0,18794.618159,0.0
2019-03-23,0,0,120,117.6,117.6,0.0,11051.235478,0.0
2019-03-23,0,0,123,0.0,0.0,0.0,0.0,0.0
2019-03-23,0,0,125,174.2,174.2,0.0,1072.334495,0.0
2019-03-23,0,0,126,0.0,0.0,0.0,0.0,0.0
2019-03-23,0,0,127,0.0,0.0,0.0,0.0,0.0
2019-03-23,0,0,128,249.5,249.5,0.0,1535.8637,0.0
2019-03-23,0,0,131,30.0,30.0,0.0,-11548.719082,0.0
2019-03-23,0,0,132,44.1,44.1,0.0,-16976.617051,0.0
2019-03-23,0,0,133,139.8,139.8,0.0,823.868885,0.0
2019-03-23,0,0,134,0.0,0.0,0.0,0.0,0.0
2019-03-23,0,0,135,187.33,187.33,0.0,1103.97252,0.0
2019-03-23,0,0,136,45.9,45.9,0.0,170.785186,0.0
2019-03-23,0,0,139,149.8,149.8,0.0,895.744304,0.0
2019-03-23,0,0,140,250.6,250.6,0.0,-250600.0,0.0
2019-03-23,0,0,141,224.31,224.31,0.0,-126726.192424,0.0
2019-03-23,0,0,142,0.0,0.0,0.0,-0.0,0.0
2019-03-23,0,0,143,12.25,12.25,0.0,75.449362,0.0
2019-03-23,0,0,145,30.0,30.0,0.0,181.502981,0.0
2019-03-23,0,0,146,268.0,268.0,0.0,-268000.0,0.0
2019-03-23,0,0,152,0.0,0.0,0.0,0.0,0.0
2019-03-23,0,0,153,0.0,0.0,0.0,0.0,0.0
2019-03-23,0,0,154,0.0,0.0,0.0,0.0,0.0
2019-03-23,0,0,157,93.78,93.78,0.0,-52981.954998,0.0
2019-03-23,0,0,158,0.0,0.0,0.0,-0.0,0.0
2019-03-23,0,0,159,0.0,0.0,0.0,0.0,0.0
2019-03-23,0,0,160,0.0,0.0,0.0,0.0,0.0
2019-03-23,0,0,161,0.0,0.0,0.0,-0.0,0.0
2019-03-23,0,0,162,24.85,24.85,0.0,577.050666,0.0
2019-03-23,0,0,163,185.4,185.4,0.0,-185400.0,0.0
2019-03-23,0,0,164,0.0,0.0,0.0,0.0,0.0
2019-03-23,0,0,167,0.0,0.0,0.0,0.0,0.0
2019-03-23,0,0,168,0.0,0.0,0.0,0.0,0.0
2019-03-23,0,0,169,0.0,0.0,0.0,0.0,0.0
2019-03-23,0,0,170,0.0,0.0,0.0,0.0,0.0
2019-03-23,0,0,172,0.0,0.0,0.0,0.0,0.0
2019-03-23,0,0,173,0.0,0.0,0.0,0.0,0.0
2019-03-23,0,0,188,0.0,0.0,0.0,0.0,0.0
2019-03-23,0,0,190,0.0,0.0,0.0,0.0,0.0
2019-03-23,0,0,191,0.0,0.0,0.0,0.0,0.0
2019-03-23,0,0,192,332.6,332.6,0.0,10785.405497,0.0
2019-03-23,0,0,194,176.5,176.5,0.0,-25213.815503,0.0
2019-03-23,0,0,196,0.0,0.0,0.0,0.0,0.0
2019-03-23,0,0,198,0.0,0.0,0.0,0.0,0.0
2019-03-23,0,0,199,24.95,24.95,0.0,-922.574351,0.0
2019-03-23,0,0,200,0.0,0.0,0.0,-0.0,0.0
2019-03-23,0,0,204,857.0,857.0,0.0,5038.360264,0.0
2019-03-23,0,0,205,1058.0,1058.0,0.0,6205.673971,0.0
2019-03-23,0,0,206,539.94,539.94,0.0,3327.460464,0.0
2019-03-23,0,0,210,0.0,0.0,0.0,0.0,0.0
2019-03-23,0,0,214,0.0,0.0,0.0,0.0,0.0
2019-03-23,0,0,217,0.0,0.0,0.0,0.0,0.0
2019-03-23,0,0,218,0.0,0.0,0.0,0.0,0.0
2019-03-23,0,0,219,0.0,0.0,0.0,0.0,0.0
2019-03-23,0,0,221,0.0,0.0,0.0,0.0,0.0
2019-03-23,0,0,225,0.0,0.0,0.0,0.0,0.0
2019-03-23,0,0,233,0.0,0.0,0.0,0.0,0.0
2019-03-23,0,0,236,136.99,136.99,0.0,776.892735,0.0
2019-03-23,0,0,237,156.6,156.6,0.0,897.218066,0.0
2019-03-23,0,0,238,0.0,0.0,0.0,0.0,0.0
2019-03-23,0,0,240,0.0,0.0,0.0,0.0,0.0
2019-03-23,0,0,245,164.49,164.49,0.0,857.456238,0.0
2019-03-23,0,0,247,171.72,171.72,0.0,895.144904,0.0
2019-03-23,0,0,248,15.72,15.72,0.0,90.065568,0.0
2019-03-23,0,0,249,308.16,308.16,0.0,1606.38163,0.0
2019-03-23,0,0,251,326.4,326.4,0.0,1388.393674,0.0
2019-03-23,0,0,252,267.06,267.06,0.0,964.620711,0.0
2019-03-23,0,0,254,0.0,0.0,0.0,0.0,0.0
2019-03-23,0,0,255,0.0,0.0,0.0,0.0,0.0
2019-03-23,0,0,258,0.0,0.0,0.0,0.0,0.0
2019-03-23,0,0,260,0.0,0.0,0.0,0.0,0.0
2019-03-23,0,0,265,0.0,0.0,0.0,0.0,0.0
2019-03-23,0,0,266,97.0,97.0,0.0,580.021345,0.0
2019-03-23,0,0,267,119.2,119.2,0.0,712.768498,0.0
2019-03-23,0,0,270,579.0,579.0,0.0,-579000.0,0.0
2019-03-23,0,0,272,501.3,501.3,0.0,-138184.080007,0.0
2019-03-23,0,0,273,0.0,0.0,0.0,-0.0,0.0
2019-03-23,0,0,274,746.4,746.4,0.0,-746400.0,0.0
2019-03-23,0,0,275,1039.0,1039.0,0.0,-1039000.0,0.0
2019-03-23,0,0,276,0.0,0.0,0.0,-0.0,0.0
2019-03-23,0,0,277,0.0,0.0,0.0,-0.0,0.0
2019-03-23,0,0,278,0.0,0.0,0.0,-0.0,0.0
2019-03-23,0,0,279,264.6,264.6,0.0,-76013.139499,0.0
2019-03-23,0,0,281,5.08,5.08,0.0,31.288388,0.0
2019-03-23,0,0,282,0.0,0.0,0.0,0.0,0.0
2019-03-23,1,0,9,0.0,0.0,0.0,0.0,0.0
2019-03-23,1,0,17,0.0,0.0,0.0,0.0,0.0
2019-03-23,1,0,19,643.3,643.3,0.0,223.084312,0.0
2019-03-23,1,0,20,780.2,780.2,0.0,270.558651,0.0
2019-03-23,1,0,21,0.0,0.0,0.0,0.0,0.0
2019-03-23,1,0,22,0.0,0.0,0.0,0.0,0.0
2019-03-23,1,0,23,108.8,108.8,0.0,613.133309,0.0
2019-03-23,1,0,24,192.5,192.5,0.0,1084.817666,0.0
2019-03-23,1,0,29,0.0,0.0,0.0,0.0,0.0
2019-03-23,1,0,30,0.0,0.0,0.0,0.0,0.0
2019-03-23,1,0,31,22.34,22.34,0.0,125.43285,0.0
2019-03-23,1,0,32,0.0,0.0,0.0,0.0,0.0
2019-03-23,1,0,33,0.0,0.0,0.0,0.0,0.0
2019-03-23,1,0,34,0.0,0.0,0.0,0.0,0.0
2019-03-23,1,0,35,0.0,0.0,0.0,0.0,0.0
2019-03-23,1,0,36,0.0,0.0,0.0,0.0,0.0
2019-03-23,1,0,37,0.0,0.0,0.0,0.0,0.0
2019-03-23,1,0,38,0.0,0.0,0.0,0.0,0.0
2019-03-23,1,0,39,0.0,0.0,0.0,0.0,0.0
2019-03-23,1,0,40,0.0,0.0,0.0,0.0,0.0
2019-03-23,1,0,41,116.0,116.0,0.0,778.537646,0.0
2019-03-23,1,0,42,0.0,0.0,0.0,0.0,0.0
2019-03-23,1,0,43,0.0,0.0,0.0,0.0,0.0
2019-03-23,1,0,46,0.0,0.0,0.0,0.0,0.0
2019-03-23,1,0,52,23.78,23.78,0.0,133.518047,0.0
2019-03-23,1,0,53,38.87,38.87,0.0,218.244175,0.0
2019-03-23,1,0,55,157.61,157.61,0.0,888.197986,0.0
2019-03-23,1,0,56,0.0,0.0,0.0,0.0,0.0
2019-03-23,1,0,57,0.0,0.0,0.0,0.0,0.0
2019-03-23,1,0,58,0.0,0.0,0.0,0.0,0.0
2019-03-23,1,0,59,0.0,0.0,0.0,0.0,0.0
2019-03-23,1,0,63,170.0,170.0,0.0,16847.502355,0.0
2019-03-23,1,0,64,200.0,200.0,0.0,19820.591006,0.0
2019-03-23,1,0,65,41.4,41.4,0.0,188.721733,0.0
2019-03-23,1,0,67,0.0,0.0,0.0,-0.0,0.0
2019-03-23,1,0,68,10.2,10.2,0.0,-4268.786405,0.0
2019-03-23,1,0,69,0.0,0.0,0.0,0.0,0.0
2019-03-23,1,0,74,65.28,65.28,0.0,535.67019,0.0
2019-03-23,1,0,77,200.0,200.0,0.0,-59840.285471,0.0
2019-03-23,1,0,78,151.2,151.2,0.0,-45239.255816,0.0
2019-03-23,1,0,79,87.5,87.5,0.0,-26180.124894,0.0
2019-03-23,1,0,80,141.5,141.5,0.0,-42337.001971,0.0
2019-03-23,1,0,81,185.0,185.0,0.0,-55352.264061,0.0
2019-03-23,1,0,82,130.5,130.5,0.0,-39045.78627,0.0
2019-03-23,1,0,83,291.0,291.0,0.0,-87067.615361,0.0
2019-03-23,1,0,84,0.0,0.0,0.0,0.0,0.0
2019-03-23,1,0,86,0.0,0.0,0.0,0.0,0.0
2019-03-23,1,0,87,0.0,0.0,0.0,0.0,0.0
2019-03-23,1,0,88,170.6,170.6,0.0,-51043.763507,0.0
2019-03-23,1,0,89,164.0,164.0,0.0,-49069.034086,0.0
2019-03-23,1,0,90,220.2,220.2,0.0,-65884.154304,0.0
2019-03-23,1,0,91,785.5,785.5,0.0,-235022.721188,0.0
2019-03-23,1,0,92,282.5,282.5,0.0,-84524.403228,0.0
2019-03-23,1,0,95,59.18,59.18,0.0,1327.391813,0.0
2019-03-23,1,0,96,29.88,29.88,0.0,167.121549,0.0
2019-03-23,1,0,97,183.75,183.75,0.0,1027.730407,0.0
2019-03-23,1,0,99,12.6,12.6,0.0,103.392224,0.0
2019-03-23,1,0,101,0.0,0.0,0.0,0.0,0.0
2019-03-23,1,0,102,24.15,24.15,0.0,-10106.979577,0.0
2019-03-23,1,0,103,21.0,21.0,0.0,-8788.677893,0.0
2019-03-23,1,0,104,3.9,3.9,0.0,-1632.183037,0.0
2019-03-23,1,0,106,0.0,0.0,0.0,0.0,0.0
2019-03-23,1,0,109,200.0,200.0,0.0,1485.357817,0.0
2019-03-23,1,0,110,301.66,301.66,0.0,-301660.0,0.0
2019-03-23,1,0,111,0.0,0.0,0.0,0.0,0.0
2019-03-23,1,0,113,84.36,84.36,0.0,-22819.149633,0.0
2019-03-23,1,0,115,84.36,84.36,0.0,-22819.149633,0.0
2019-03-23,1,0,116,0.0,0.0,0.0,-0.0,0.0
2019-03-23,1,0,117,5.76,5.76,0.0,-1558.064271,0.0
2019-03-23,1,0,119,200.0,200.0,0.0,19820.591006,0.0
2019-03-23,1,0,120,117.6,117.6,0.0,11654.507511,0.0
2019-03-23,1,0,123,0.0,0.0,0.0,0.0,0.0
2019-03-23,1,0,125,174.2,174.2,0.0,981.689545,0.0
2019-03-23,1,0,126,0.0,0.0,0.0,0.0,0.0
2019-03-23,1,0,127,0.0,0.0,0.0,0.0,0.0
2019-03-23,1,0,128,249.5,249.5,0.0,1406.036403,0.0
2019-03-23,1,0,131,30.0,30.0,0.0,-11408.383228,0.0
2019-03-23,1,0,132,44.1,44.1,0.0,-16770.323346,0.0
2019-03-23,1,0,133,132.16,132.16,0.0,1252.335194,0.0
2019-03-23,1,0,134,0.0,0.0,0.0,0.0,0.0
2019-03-23,1,0,135,177.09,177.09,0.0,1678.087466,0.0
2019-03-23,1,0,136,45.9,45.9,0.0,219.847717,0.0
2019-03-23,1,0,139,149.8,149.8,0.0,1005.387408,0.0
2019-03-23,1,0,140,223.26,223.26,0.0,-223260.0,0.0
2019-03-23,1,0,141,228.39,228.39,0.0,-128275.531395,0.0
2019-03-23,1,0,142,0.0,0.0,0.0,-0.0,0.0
2019-03-23,1,0,143,10.63,10.63,0.0,59.684476,0.0
2019-03-23,1,0,145,30.0,30.0,0.0,188.617917,0.0
2019-03-23,1,0,146,268.0,268.0,0.0,-268000.0,0.0
2019-03-23,1,0,152,0.0,0.0,0.0,0.0,0.0
2019-03-23,1,0,153,0.0,0.0,0.0,0.0,0.0
2019-03-23,1,0,154,0.0,0.0,0.0,0.0,0.0
2019-03-23,1,0,157,117.46,117.46,0.0,-65971.557063,0.0
2019-03-23,1,0,158,0.0,0.0,0.0,-0.0,0.0
2019-03-23,1,0,159,0.0,0.0,0.0,0.0,0.0
2019-03-23,1,0,160,0.0,0.0,0.0,0.0,0.0
2019-03-23,1,0,161,0.0,0.0,0.0,-0.0,0.0
2019-03-23,1,0,162,27.15,27.15,0.0,634.246091,0.0
2019-03-23,1,0,163,185.4,185.4,0.0,-185400.0,0.0
2019-03-23,1,0,164,0.0,0.0,0.0,0.0,0.0
2019-03-23,1,0,167,0.0,0.0,0.0,0.0,0.0
2019-03-23,1,0,168,0.0,0.0,0.0,0.0,0.0
2019-03-23,1,0,169,0.0,0.0,0.0,0.0,0.0
2019-03-23,1,0,170,0.0,0.0,0.0,0.0,0.0
2019-03-23,1,0,172,0.0,0.0,0.0,0.0,0.0
2019-03-23,1,0,173,0.0,0.0,0.0,0.0,0.0
2019-03-23,1,0,188,0.0,0.0,0.0,0.0,0.0
2019-03-23,1,0,190,0.0,0.0,0.0,0.0,0.0
2019-03-23,1,0,191,0.0,0.0,0.0,0.0,0.0
2019-03-23,1,0,192,332.6,332.6,0.0,9914.253406,0.0
2019-03-23,1,0,194,176.5,176.5,0.0,-24209.888474,0.0
2019-03-23,1,0,196,0.0,0.0,0.0,0.0,0.0
2019-03-23,1,0,198,0.0,0.0,0.0,0.0,0.0
2019-03-23,1,0,199,71.34,71.34,0.0,-2171.565369,0.0
2019-03-23,1,0,200,0.0,0.0,0.0,-0.0,0.0
2019-03-23,1,0,204,857.0,857.0,0.0,6295.405371,0.0
2019-03-23,1,0,205,1058.0,1058.0,0.0,7857.54285,0.0
2019-03-23,1,0,206,539.94,539.94,0.0,3019.933367,0.0
2019-03-23,1,0,210,0.0,0.0,0.0,0.0,0.0
2019-03-23,1,0,214,0.0,0.0,0.0,0.0,0.0
2019-03-23,1,0,217,0.0,0.0,0.0,0.0,0.0
2019-03-23,1,0,218,0.0,0.0,0.0,0.0,0.0
2019-03-23,1,0,219,0.0,0.0,0.0,0.0,0.0
2019-03-23,1,0,221,0.0,0.0,0.0,0.0,0.0
2019-03-23,1,0,225,0.0,0.0,0.0,0.0,0.0
2019-03-23,1,0,233,0.0,0.0,0.0,0.0,0.0
2019-03-23,1,0,236,136.73,136.73,0.0,1172.0757,0.0
2019-03-23,1,0,237,156.6,156.6,0.0,1285.017642,0.0
2019-03-23,1,0,238,0.0,0.0,0.0,0.0,0.0
2019-03-23,1,0,240,0.0,0.0,0.0,0.0,0.0
2019-03-23,1,0,245,78.0,78.0,0.0,634.230828,0.0
2019-03-23,1,0,247,170.19,170.19,0.0,1383.84288,0.0
2019-03-23,1,0,248,15.72,15.72,0.0,128.994108,0.0
2019-03-23,1,0,249,150.01,150.01,0.0,1219.755981,0.0
2019-03-23,1,0,251,326.4,326.4,0.0,1919.517346,0.0
2019-03-23,1,0,252,267.06,267.06,0.0,1217.39193,0.0
2019-03-23,1,0,254,0.0,0.0,0.0,0.0,0.0
2019-03-23,1,0,255,0.0,0.0,0.0,0.0,0.0
2019-03-23,1,0,258,0.0,0.0,0.0,0.0,0.0
2019-03-23,1,0,260,0.0,0.0,0.0,0.0,0.0
2019-03-23,1,0,265,0.0,0.0,0.0,0.0,0.0
2019-03-23,1,0,266,97.0,97.0,0.0,651.018549,0.0
2019-03-23,1,0,267,119.2,119.2,0.0,800.014546,0.0
2019-03-23,1,0,270,579.0,579.0,0.0,-579000.0,0.0
2019-03-23,1,0,272,281.35,281.35,0.0,-76104.406701,0.0
2019-03-23,1,0,273,0.0,0.0,0.0,-0.0,0.0
2019-03-23,1,0,274,746.4,746.4,0.0,-746400.0,0.0
2019-03-23,1,0,275,1039.0,1039.0,0.0,-1039000.0,0.0
2019-03-23,1,0,276,0.0,0.0,0.0,-0.0,0.0
2019-03-23,1,0,277,0.0,0.0,0.0,-0.0,0.0
2019-03-23,1,0,278,0.0,0.0,0.0,-0.0,0.0
2019-03-23,1,0,279,264.6,264.6,0.0,-74618.583712,0.0
2019-03-23,1,0,281,9.22,9.22,0.0,51.767721,0.0
2019-03-23,1,0,282,0.0,0.0,0.0,0.0,0.0
2019-03-23,2,0,9,0.0,0.0,0.0,0.0,0.0
2019-03-23,2,0,17,0.0,0.0,0.0,0.0,0.0
2019-03-23,2,0,19,623.48,623.48,0.0,187.407802,0.0
2019-03-23,2,0,20,756.16,756.16,0.0,227.289221,0.0
2019-03-23,2,0,21,0.0,0.0,0.0,0.0,0.0
2019-03-23,2,0,22,0.0,0.0,0.0,0.0,0.0
2019-03-23,2,0,23,97.5,97.5,0.0,750.712979,0.0
2019-03-23,2,0,24,172.51,172.51,0.0,1328.261498,0.0
2019-03-23,2,0,29,0.0,0.0,0.0,0.0,0.0
2019-03-23,2,0,30,0.0,0.0,0.0,0.0,0.0
2019-03-23,2,0,31,5.45,5.45,0.0,41.918449,0.0
2019-03-23,2,0,32,0.0,0.0,0.0,0.0,0.0
2019-03-23,2,0,33,0.0,0.0,0.0,0.0,0.0
2019-03-23,2,0,34,0.0,0.0,0.0,0.0,0.0
2019-03-23,2,0,35,0.0,0.0,0.0,0.0,0.0
2019-03-23,2,0,36,0.0,0.0,0.0,0.0,0.0
2019-03-23,2,0,37,0.0,0.0,0.0,0.0,0.0
2019-03-23,2,0,38,0.0,0.0,0.0,0.0,0.0
2019-03-23,2,0,39,0.0,0.0,0.0,0.0,0.0
2019-03-23,2,0,40,0.0,0.0,0.0,0.0,0.0
2019-03-23,2,0,41,116.0,116.0,0.0,942.248035,0.0
2019-03-23,2,0,42,0.0,0.0,0.0,0.0,0.0
2019-03-23,2,0,43,0.0,0.0,0.0,0.0,0.0
2019-03-23,2,0,46,0.0,0.0,0.0,0.0,0.0
2019-03-23,2,0,52,5.78,5.78,0.0,44.45663,0.0
2019-03-23,2,0,53,9.18,9.18,0.0,70.607589,0.0
2019-03-23,2,0,55,171.08,171.08,0.0,1317.251041,0.0
2019-03-23,2,0,56,0.0,0.0,0.0,0.0,0.0
2019-03-23,2,0,57,0.0,0.0,0.0,0.0,0.0
2019-03-23,2,0,58,0.0,0.0,0.0,0.0,0.0
2019-03-23,2,0,59,0.0,0.0,0.0,0.0,0.0
2019-03-23,2,0,63,170.0,170.0,0.0,16285.485465,0.0
2019-03-23,2,0,64,200.0,200.0,0.0,19159.394664,0.0
2019-03-23,2,0,65,34.37,34.37,0.0,157.846709,0.0
2019-03-23,2,0,67,0.0,0.0,0.0,-0.0,0.0
2019-03-23,2,0,68,9.93,9.93,0.0,-4176.628457,0.0
2019-03-23,2,0,69,0.0,0.0,0.0,0.0,0.0
2019-03-23,2,0,74,56.28,56.28,0.0,489.91182,0.0
2019-03-23,2,0,77,200.0,200.0,0.0,-60362.20474,0.0
2019-03-23,2,0,78,151.2,151.2,0.0,-45633.826784,0.0
2019-03-23,2,0,79,87.5,87.5,0.0,-26408.464574,0.0
2019-03-23,2,0,80,141.5,141.5,0.0,-42706.259854,0.0
2019-03-23,2,0,81,185.0,185.0,0.0,-55835.039385,0.0
2019-03-23,2,0,82,130.5,130.5,0.0,-39386.338593,0.0
2019-03-23,2,0,83,291.0,291.0,0.0,-87827.007897,0.0
2019-03-23,2,0,84,0.0,0.0,0.0,0.0,0.0
2019-03-23,2,0,86,0.0,0.0,0.0,0.0,0.0
2019-03-23,2,0,87,0.0,0.0,0.0,0.0,0.0
2019-03-23,2,0,88,170.6,170.6,0.0,-51488.960644,0.0
2019-03-23,2,0,89,164.0,164.0,0.0,-49497.007887,0.0
2019-03-23,2,0,90,220.2,220.2,0.0,-66458.787419,0.0
2019-03-23,2,0,91,785.5,785.5,0.0,-237072.559118,0.0
2019-03-23,2,0,92,282.5,282.5,0.0,-85261.614196,0.0
2019-03-23,2,0,95,26.48,26.48,0.0,514.924249,0.0
2019-03-23,2,0,96,24.05,24.05,0.0,184.774433,0.0
2019-03-23,2,0,97,147.89,147.89,0.0,1136.228314,0.0
2019-03-23,2,0,99,10.86,10.86,0.0,94.535223,0.0
2019-03-23,2,0,101,0.0,0.0,0.0,0.0,0.0
2019-03-23,2,0,102,23.51,23.51,0.0,-9888.472812,0.0
2019-03-23,2,0,103,20.44,20.44,0.0,-8597.20903,0.0
2019-03-23,2,0,104,3.8,3.8,0.0,-1598.306962,0.0
2019-03-23,2,0,106,0.0,0.0,0.0,0.0,0.0
2019-03-23,2,0,109,195.26,195.26,0.0,1641.559743,0.0
2019-03-23,2,0,110,242.87,242.87,0.0,-242870.0,0.0
2019-03-23,2,0,111,0.0,0.0,0.0,0.0,0.0
2019-03-23,2,0,113,92.76,92.76,0.0,-25318.512419,0.0
2019-03-23,2,0,115,92.76,92.76,0.0,-25318.512419,0.0
2019-03-23,2,0,116,0.0,0.0,0.0,-0.0,0.0
2019-03-23,2,0,117,4.96,4.96,0.0,-1353.814377,0.0
2019-03-23,2,0,119,200.0,200.0,0.0,19159.394664,0.0
2019-03-23,2,0,120,117.6,117.6,0.0,11265.724063,0.0
2019-03-23,2,0,123,0.0,0.0,0.0,0.0,0.0
2019-03-23,2,0,125,156.11,156.11,0.0,1201.987725,0.0
2019-03-23,2,0,126,0.0,0.0,0.0,0.0,0.0
2019-03-23,2,0,127,0.0,0.0,0.0,0.0,0.0
2019-03-23,2,0,128,223.59,223.59,0.0,1721.558103,0.0
2019-03-23,2,0,131,30.0,30.0,0.0,-11475.481056,0.0
2019-03-23,2,0,132,44.1,44.1,0.0,-16868.957152,0.0
2019-03-23,2,0,133,119.32,119.32,0.0,1142.035375,0.0
2019-03-23,2,0,134,0.0,0.0,0.0,0.0,0.0
2019-03-23,2,0,135,159.88,159.88,0.0,1530.243176,0.0
2019-03-23,2,0,136,38.63,38.63,0.0,186.513126,0.0
2019-03-23,2,0,139,149.8,149.8,0.0,1216.799617,0.0
2019-03-23,2,0,140,179.75,179.75,0.0,-179750.0,0.0
2019-03-23,2,0,141,166.72,166.72,0.0,-93902.25198,0.0
2019-03-23,2,0,142,0.0,0.0,0.0,-0.0,0.0
2019-03-23,2,0,143,3.63,3.63,0.0,27.919994,0.0
2019-03-23,2,0,145,30.0,30.0,0.0,238.710121,0.0
2019-03-23,2,0,146,199.04,199.04,0.0,-199040.0,0.0
2019-03-23,2,0,152,0.0,0.0,0.0,0.0,0.0
2019-03-23,2,0,153,0.0,0.0,0.0,0.0,0.0
2019-03-23,2,0,154,0.0,0.0,0.0,0.0,0.0
2019-03-23,2,0,157,122.22,122.22,0.0,-68838.371144,0.0
2019-03-23,2,0,158,0.0,0.0,0.0,-0.0,0.0
2019-03-23,2,0,159,0.0,0.0,0.0,0.0,0.0
2019-03-23,2,0,160,0.0,0.0,0.0,0.0,0.0
2019-03-23,2,0,161,0.0,0.0,0.0,-0.0,0.0
2019-03-23,2,0,162,27.74,27.74,0.0,565.130296,0.0
2019-03-23,2,0,163,185.4,185.4,0.0,-185400.0,0.0
2019-03-23,2,0,164,0.0,0.0,0.0,0.0,0.0
2019-03-23,2,0,167,0.0,0.0,0.0,0.0,0.0
2019-03-23,2,0,168,0.0,0.0,0.0,0.0,0.0
2019-03-23,2,0,169,0.0,0.0,0.0,0.0,0.0
2019-03-23,2,0,170,0.0,0.0,0.0,0.0,0.0
2019-03-23,2,0,172,0.0,0.0,0.0,0.0,0.0
2019-03-23,2,0,173,0.0,0.0,0.0,0.0,0.0
2019-03-23,2,0,188,0.0,0.0,0.0,0.0,0.0
2019-03-23,2,0,190,0.0,0.0,0.0,0.0,0.0
2019-03-23,2,0,191,0.0,0.0,0.0,0.0,0.0
2019-03-23,2,0,192,332.6,332.6,0.0,9914.253406,0.0
2019-03-23,2,0,194,176.5,176.5,0.0,-24683.622693,0.0
2019-03-23,2,0,196,0.0,0.0,0.0,0.0,0.0
2019-03-23,2,0,198,0.0,0.0,0.0,0.0,0.0
2019-03-23,2,0,199,24.39,24.39,0.0,-791.999933,0.0
2019-03-23,2,0,200,0.0,0.0,0.0,-0.0,0.0
2019-03-23,2,0,204,857.0,857.0,0.0,7177.85323,0.0
2019-03-23,2,0,205,958.56,958.56,0.0,8058.657727,0.0
2019-03-23,2,0,206,434.57,434.57,0.0,3338.77029,0.0
2019-03-23,2,0,210,0.0,0.0,0.0,0.0,0.0
2019-03-23,2,0,214,0.0,0.0,0.0,0.0,0.0
2019-03-23,2,0,217,0.0,0.0,0.0,0.0,0.0
2019-03-23,2,0,218,0.0,0.0,0.0,0.0,0.0
2019-03-23,2,0,219,0.0,0.0,0.0,0.0,0.0
2019-03-23,2,0,221,0.0,0.0,0.0,0.0,0.0
2019-03-23,2,0,225,0.0,0.0,0.0,0.0,0.0
2019-03-23,2,0,233,0.0,0.0,0.0,0.0,0.0
2019-03-23,2,0,236,92.23,92.23,0.0,816.308217,0.0
2019-03-23,2,0,237,135.01,135.01,0.0,1175.248663,0.0
2019-03-23,2,0,238,0.0,0.0,0.0,0.0,0.0
2019-03-23,2,0,240,0.0,0.0,0.0,0.0,0.0
2019-03-23,2,0,245,77.33,77.33,0.0,630.543111,0.0
2019-03-23,2,0,247,133.81,133.81,0.0,1091.076861,0.0
2019-03-23,2,0,248,13.55,13.55,0.0,117.951406,0.0
2019-03-23,2,0,249,148.7,148.7,0.0,1212.488822,0.0
2019-03-23,2,0,251,326.4,326.4,0.0,1945.095104,0.0
2019-03-23,2,0,252,221.7,221.7,0.0,1018.173272,0.0
2019-03-23,2,0,254,0.0,0.0,0.0,0.0,0.0
2019-03-23,2,0,255,0.0,0.0,0.0,0.0,0.0
2019-03-23,2,0,258,0.0,0.0,0.0,0.0,0.0
2019-03-23,2,0,260,0.0,0.0,0.0,0.0,0.0
2019-03-23,2,0,265,0.0,0.0,0.0,0.0,0.0
2019-03-23,2,0,266,97.0,97.0,0.0,787.914305,0.0
2019-03-23,2,0,267,119.2,119.2,0.0,968.241084,0.0
2019-03-23,2,0,270,579.0,579.0,0.0,-579000.0,0.0
2019-03-23,2,0,272,400.13,400.13,0.0,-109214.061818,0.0
2019-03-23,2,0,273,0.0,0.0,0.0,-0.0,0.0
2019-03-23,2,0,274,746.39,746.39,0.0,-746390.0,0.0
2019-03-23,2,0,275,1038.99,1038.99,0.0,-1038990.0,0.0
2019-03-23,2,0,276,0.0,0.0,0.0,-0.0,0.0
2019-03-23,2,0,277,0.0,0.0,0.0,-0.0,0.0
2019-03-23,2,0,278,0.0,0.0,0.0,-0.0,0.0
2019-03-23,2,0,279,264.6,264.6,0.0,-75283.653729,0.0
2019-03-23,2,0,281,2.45,2.45,0.0,18.844073,0.0
2019-03-23,2,0,282,0.0,0.0,0.0,0.0,0.0
2019-03-23,3,0,9,0.0,0.0,0.0,0.0,0.0
2019-03-23,3,0,17,0.0,0.0,0.0,0.0,0.0
2019-03-23,3,0,19,583.03,583.03,0.0,935.760085,0.0
2019-03-23,3,0,20,707.1,707.1,0.0,1134.891783,0.0
2019-03-23,3,0,21,0.0,0.0,0.0,0.0,0.0
2019-03-23,3,0,22,0.0,0.0,0.0,0.0,0.0
2019-03-23,3,0,23,88.65,88.65,0.0,1004.257016,0.0
2019-03-23,3,0,24,156.84,156.84,0.0,1776.73627,0.0
2019-03-23,3,0,29,0.0,0.0,0.0,0.0,0.0
2019-03-23,3,0,30,0.0,0.0,0.0,0.0,0.0
2019-03-23,3,0,31,3.13,3.13,0.0,35.549906,0.0
2019-03-23,3,0,32,0.0,0.0,0.0,0.0,0.0
2019-03-23,3,0,33,0.0,0.0,0.0,0.0,0.0
2019-03-23,3,0,34,0.0,0.0,0.0,0.0,0.0
2019-03-23,3,0,35,0.0,0.0,0.0,0.0,0.0
2019-03-23,3,0,36,0.0,0.0,0.0,0.0,0.0
2019-03-23,3,0,37,0.0,0.0,0.0,0.0,0.0
2019-03-23,3,0,38,0.0,0.0,0.0,0.0,0.0
2019-03-23,3,0,39,0.0,0.0,0.0,0.0,0.0
2019-03-23,3,0,40,0.0,0.0,0.0,0.0,0.0
2019-03-23,3,0,41,116.0,116.0,0.0,1135.951579,0.0
2019-03-23,3,0,42,0.0,0.0,0.0,0.0,0.0
2019-03-23,3,0,43,0.0,0.0,0.0,0.0,0.0
2019-03-23,3,0,46,0.0,0.0,0.0,0.0,0.0
2019-03-23,3,0,52,3.32,3.32,0.0,37.707887,0.0
2019-03-23,3,0,53,5.28,5.28,0.0,59.96917,0.0
2019-03-23,3,0,55,168.67,168.67,0.0,1910.750489,0.0
2019-03-23,3,0,56,0.0,0.0,0.0,0.0,0.0
2019-03-23,3,0,57,0.0,0.0,0.0,0.0,0.0
2019-03-23,3,0,58,0.0,0.0,0.0,0.0,0.0
2019-03-23,3,0,59,0.0,0.0,0.0,0.0,0.0
2019-03-23,3,0,63,170.0,170.0,0.0,16361.839294,0.0
2019-03-23,3,0,64,200.0,200.0,0.0,19249.222699,0.0
2019-03-23,3,0,65,26.65,26.65,0.0,110.655942,0.0
2019-03-23,3,0,67,0.0,0.0,0.0,-0.0,0.0
2019-03-23,3,0,68,8.94,8.94,0.0,-3775.210827,0.0
2019-03-23,3,0,69,0.0,0.0,0.0,0.0,0.0
2019-03-23,3,0,74,34.95,34.95,0.0,267.100925,0.0
2019-03-23,3,0,77,200.0,200.0,0.0,-60814.651161,0.0
2019-03-23,3,0,78,151.2,151.2,0.0,-45975.876278,0.0
2019-03-23,3,0,79,87.5,87.5,0.0,-26606.409883,0.0
2019-03-23,3,0,80,141.5,141.5,0.0,-43026.365696,0.0
2019-03-23,3,0,81,185.0,185.0,0.0,-56253.552324,0.0
2019-03-23,3,0,82,130.5,130.5,0.0,-39681.559883,0.0
2019-03-23,3,0,83,291.0,291.0,0.0,-88485.317439,0.0
2019-03-23,3,0,84,0.0,0.0,0.0,0.0,0.0
2019-03-23,3,0,86,0.0,0.0,0.0,0.0,0.0
2019-03-23,3,0,87,0.0,0.0,0.0,0.0,0.0
2019-03-23,3,0,88,170.6,170.6,0.0,-51874.89744,0.0
2019-03-23,3,0,89,164.0,164.0,0.0,-49868.013952,0.0
2019-03-23,3,0,90,220.2,220.2,0.0,-66956.930928,0.0
2019-03-23,3,0,91,785.5,785.5,0.0,-238849.542435,0.0
2019-03-23,3,0,92,282.5,282.5,0.0,-85900.694765,0.0
2019-03-23,3,0,95,29.26,29.26,0.0,656.294093,0.0
2019-03-23,3,0,96,18.96,18.96,0.0,215.92761,0.0
2019-03-23,3,0,97,116.6,116.6,0.0,1327.909246,0.0
2019-03-23,3,0,99,6.75,6.75,0.0,51.586016,0.0
2019-03-23,3,0,101,0.0,0.0,0.0,0.0,0.0
2019-03-23,3,0,102,21.18,21.18,0.0,-8943.955852,0.0
2019-03-23,3,0,103,18.42,18.42,0.0,-7778.454523,0.0
2019-03-23,3,0,104,3.42,3.42,0.0,-1444.208169,0.0
2019-03-23,3,0,106,0.0,0.0,0.0,0.0,0.0
2019-03-23,3,0,109,200.0,200.0,0.0,1756.298091,0.0
2019-03-23,3,0,110,192.43,192.43,0.0,-192430.0,0.0
2019-03-23,3,0,111,0.0,0.0,0.0,0.0,0.0
2019-03-23,3,0,113,78.82,78.82,0.0,-21635.72972,0.0
2019-03-23,3,0,115,78.82,78.82,0.0,-21635.72972,0.0
2019-03-23,3,0,116,0.0,0.0,0.0,-0.0,0.0
2019-03-23,3,0,117,4.05,4.05,0.0,-1111.706488,0.0
2019-03-23,3,0,119,200.0,200.0,0.0,19249.222699,0.0
2019-03-23,3,0,120,117.6,117.6,0.0,11318.542947,0.0
2019-03-23,3,0,123,0.0,0.0,0.0,0.0,0.0
2019-03-23,3,0,125,141.93,141.93,0.0,1607.830776,0.0
2019-03-23,3,0,126,0.0,0.0,0.0,0.0,0.0
2019-03-23,3,0,127,0.0,0.0,0.0,0.0,0.0
2019-03-23,3,0,128,203.28,203.28,0.0,2302.82421,0.0
2019-03-23,3,0,131,29.76,29.76,0.0,-11436.833922,0.0
2019-03-23,3,0,132,43.75,43.75,0.0,-16813.221911,0.0
2019-03-23,3,0,133,60.47,60.47,0.0,424.538695,0.0
2019-03-23,3,0,134,0.0,0.0,0.0,0.0,0.0
2019-03-23,3,0,135,80.93,80.93,0.0,568.18119,0.0
2019-03-23,3,0,136,31.1,31.1,0.0,133.482102,0.0
2019-03-23,3,0,139,149.8,149.8,0.0,1466.944367,0.0
2019-03-23,3,0,140,142.42,142.42,0.0,-142420.0,0.0
2019-03-23,3,0,141,124.81,124.81,0.0,-70454.833259,0.0
2019-03-23,3,0,142,0.0,0.0,0.0,-0.0,0.0
2019-03-23,3,0,143,1.84,1.84,0.0,20.898347,0.0
2019-03-23,3,0,145,24.74,24.74,0.0,257.332403,0.0
2019-03-23,3,0,146,139.24,139.24,0.0,-139240.0,0.0
2019-03-23,3,0,152,0.0,0.0,0.0,0.0,0.0
2019-03-23,3,0,153,0.0,0.0,0.0,0.0,0.0
2019-03-23,3,0,154,0.0,0.0,0.0,0.0,0.0
2019-03-23,3,0,157,126.86,126.86,0.0,-71612.051496,0.0
2019-03-23,3,0,158,0.0,0.0,0.0,-0.0,0.0
2019-03-23,3,0,159,0.0,0.0,0.0,0.0,0.0
2019-03-23,3,0,160,0.0,0.0,0.0,0.0,0.0
2019-03-23,3,0,161,0.0,0.0,0.0,-0.0,0.0
2019-03-23,3,0,162,28.74,28.74,0.0,669.320422,0.0
2019-03-23,3,0,163,185.4,185.4,0.0,-185400.0,0.0
2019-03-23,3,0,164,0.0,0.0,0.0,0.0,0.0
2019-03-23,3,0,167,0.0,0.0,0.0,0.0,0.0
2019-03-23,3,0,168,0.0,0.0,0.0,0.0,0.0
2019-03-23,3,0,169,0.0,0.0,0.0,0.0,0.0
2019-03-23,3,0,170,0.0,0.0,0.0,0.0,0.0
2019-03-23,3,0,172,0.0,0.0,0.0,0.0,0.0
2019-03-23,3,0,173,0.0,0.0,0.0,0.0,0.0
2019-03-23,3,0,188,0.0,0.0,0.0,0.0,0.0
2019-03-23,3,0,190,0.0,0.0,0.0,0.0,0.0
2019-03-23,3,0,191,0.0,0.0,0.0,0.0,0.0
2019-03-23,3,0,192,298.1,298.1,0.0,9666.654777,0.0
2019-03-23,3,0,194,176.5,176.5,0.0,-24893.765962,0.0
2019-03-23,3,0,196,0.0,0.0,0.0,0.0,0.0
2019-03-23,3,0,198,0.0,0.0,0.0,0.0,0.0
2019-03-23,3,0,199,20.3,20.3,0.0,-780.997438,0.0
2019-03-23,3,0,200,0.0,0.0,0.0,-0.0,0.0
2019-03-23,3,0,204,857.0,857.0,0.0,7625.646738,0.0
2019-03-23,3,0,205,1058.0,1058.0,0.0,9290.816901,0.0
2019-03-23,3,0,206,342.62,342.62,0.0,3901.957684,0.0
2019-03-23,3,0,210,0.0,0.0,0.0,0.0,0.0
2019-03-23,3,0,214,0.0,0.0,0.0,0.0,0.0
2019-03-23,3,0,217,0.0,0.0,0.0,0.0,0.0
2019-03-23,3,0,218,0.0,0.0,0.0,0.0,0.0
2019-03-23,3,0,219,0.0,0.0,0.0,0.0,0.0
2019-03-23,3,0,221,0.0,0.0,0.0,0.0,0.0
2019-03-23,3,0,225,0.0,0.0,0.0,0.0,0.0
2019-03-23,3,0,233,0.0,0.0,0.0,0.0,0.0
2019-03-23,3,0,236,58.59,58.59,0.0,417.463546,0.0
2019-03-23,3,0,237,83.85,83.85,0.0,640.812948,0.0
2019-03-23,3,0,238,0.0,0.0,0.0,0.0,0.0
2019-03-23,3,0,240,0.0,0.0,0.0,0.0,0.0
2019-03-23,3,0,245,68.23,68.23,0.0,413.137912,0.0
2019-03-23,3,0,247,103.87,103.87,0.0,628.94086,0.0
2019-03-23,3,0,248,8.42,8.42,0.0,64.348778,0.0
2019-03-23,3,0,249,131.21,131.21,0.0,794.486669,0.0
2019-03-23,3,0,251,289.25,289.25,0.0,1450.273819,0.0
2019-03-23,3,0,252,171.94,171.94,0.0,713.928057,0.0
2019-03-23,3,0,254,0.0,0.0,0.0,0.0,0.0
2019-03-23,3,0,255,0.0,0.0,0.0,0.0,0.0
2019-03-23,3,0,258,0.0,0.0,0.0,0.0,0.0
2019-03-23,3,0,260,0.0,0.0,0.0,0.0,0.0
2019-03-23,3,0,265,0.0,0.0,0.0,0.0,0.0
2019-03-23,3,0,266,97.0,97.0,0.0,949.890545,0.0
2019-03-23,3,0,267,119.2,119.2,0.0,1167.288175,0.0
2019-03-23,3,0,270,579.0,579.0,0.0,-579000.0,0.0
2019-03-23,3,0,272,321.97,321.97,0.0,-88379.2933,0.0
2019-03-23,3,0,273,0.0,0.0,0.0,-0.0,0.0
2019-03-23,3,0,274,746.4,746.4,0.0,-746400.0,0.0
2019-03-23,3,0,275,1039.0,1039.0,0.0,-1039000.0,0.0
2019-03-23,3,0,276,0.0,0.0,0.0,-0.0,0.0
2019-03-23,3,0,277,0.0,0.0,0.0,-0.0,0.0
2019-03-23,3,0,278,0.0,0.0,0.0,-0.0,0.0
2019-03-23,3,0,279,264.6,264.6,0.0,-75769.177677,0.0
2019-03-23,3,0,281,1.41,1.41,0.0,16.014494,0.0
2019-03-23,3,0,282,0.0,0.0,0.0,0.0,0.0
2019-03-23,4,0,9,0.0,0.0,0.0,0.0,0.0
2019-03-23,4,0,17,0.0,0.0,0.0,0.0,0.0
2019-03-23,4,0,19,543.57,543.57,0.0,3723.610453,0.0
2019-03-23,4,0,20,659.24,659.24,0.0,4515.983139,0.0
2019-03-23,4,0,21,0.0,0.0,0.0,0.0,0.0
2019-03-23,4,0,22,0.0,0.0,0.0,0.0,0.0
2019-03-23,4,0,23,74.7,74.7,0.0,924.177205,0.0
2019-03-23,4,0,24,123.45,123.45,0.0,1527.304899,0.0
2019-03-23,4,0,29,0.0,0.0,0.0,0.0,0.0
2019-03-23,4,0,30,0.0,0.0,0.0,0.0,0.0
2019-03-23,4,0,31,2.31,2.31,0.0,28.659858,0.0
2019-03-23,4,0,32,0.0,0.0,0.0,0.0,0.0
2019-03-23,4,0,33,0.0,0.0,0.0,0.0,0.0
2019-03-23,4,0,34,0.0,0.0,0.0,0.0,0.0
2019-03-23,4,0,35,0.0,0.0,0.0,0.0,0.0
2019-03-23,4,0,36,0.0,0.0,0.0,0.0,0.0
2019-03-23,4,0,37,0.0,0.0,0.0,0.0,0.0
2019-03-23,4,0,38,0.0,0.0,0.0,0.0,0.0
2019-03-23,4,0,39,0.0,0.0,0.0,0.0,0.0
2019-03-23,4,0,40,0.0,0.0,0.0,0.0,0.0
2019-03-23,4,0,41,116.0,116.0,0.0,1223.572624,0.0
2019-03-23,4,0,42,0.0,0.0,0.0,0.0,0.0
2019-03-23,4,0,43,0.0,0.0,0.0,0.0,0.0
2019-03-23,4,0,46,0.0,0.0,0.0,0.0,0.0
2019-03-23,4,0,52,2.44,2.44,0.0,30.27275,0.0
2019-03-23,4,0,53,3.88,3.88,0.0,48.138636,0.0
2019-03-23,4,0,55,179.85,179.85,0.0,2225.077247,0.0
2019-03-23,4,0,56,0.0,0.0,0.0,0.0,0.0
2019-03-23,4,0,57,0.0,0.0,0.0,0.0,0.0
2019-03-23,4,0,58,0.0,0.0,0.0,0.0,0.0
2019-03-23,4,0,59,0.0,0.0,0.0,0.0,0.0
2019-03-23,4,0,63,170.0,170.0,0.0,16343.245732,0.0
2019-03-23,4,0,64,200.0,200.0,0.0,19227.34792,0.0
2019-03-23,4,0,65,20.54,20.54,0.0,141.508717,0.0
2019-03-23,4,0,67,0.0,0.0,0.0,-0.0,0.0
2019-03-23,4,0,68,8.22,8.22,0.0,-3473.357909,0.0
2019-03-23,4,0,69,0.0,0.0,0.0,0.0,0.0
2019-03-23,4,0,74,19.74,19.74,0.0,157.930311,0.0
2019-03-23,4,0,77,200.0,200.0,0.0,-60886.052695,0.0
2019-03-23,4,0,78,151.2,151.2,0.0,-46029.855837,0.0
2019-03-23,4,0,79,87.5,87.5,0.0,-26637.648054,0.0
2019-03-23,4,0,80,141.5,141.5,0.0,-43076.882281,0.0
2019-03-23,4,0,81,185.0,185.0,0.0,-56319.598742,0.0
2019-03-23,4,0,82,130.5,130.5,0.0,-39728.149383,0.0
2019-03-23,4,0,83,291.0,291.0,0.0,-88589.206671,0.0
2019-03-23,4,0,84,0.0,0.0,0.0,0.0,0.0
2019-03-23,4,0,86,0.0,0.0,0.0,0.0,0.0
2019-03-23,4,0,87,0.0,0.0,0.0,0.0,0.0
2019-03-23,4,0,88,170.6,170.6,0.0,-51935.802948,0.0
2019-03-23,4,0,89,164.0,164.0,0.0,-49926.56321,0.0
2019-03-23,4,0,90,220.2,220.2,0.0,-67035.544017,0.0
2019-03-23,4,0,91,785.5,785.5,0.0,-239129.971958,0.0
2019-03-23,4,0,92,282.5,282.5,0.0,-86001.549431,0.0
2019-03-23,4,0,95,75.82,75.82,0.0,1700.62263,0.0
2019-03-23,4,0,96,14.89,14.89,0.0,185.283102,0.0
2019-03-23,4,0,97,91.56,91.56,0.0,1139.323094,0.0
2019-03-23,4,0,99,3.81,3.81,0.0,30.48199,0.0
2019-03-23,4,0,101,0.0,0.0,0.0,0.0,0.0
2019-03-23,4,0,102,19.45,19.45,0.0,-8218.590187,0.0
2019-03-23,4,0,103,16.91,16.91,0.0,-7145.314142,0.0
2019-03-23,4,0,104,3.14,3.14,0.0,-1326.805819,0.0
2019-03-23,4,0,106,0.0,0.0,0.0,0.0,0.0
2019-03-23,4,0,109,200.0,200.0,0.0,1868.756345,0.0
2019-03-23,4,0,110,150.63,150.63,0.0,-150630.0,0.0
2019-03-23,4,0,111,0.0,0.0,0.0,0.0,0.0
2019-03-23,4,0,113,45.0,45.0,0.0,-12363.662608,0.0
2019-03-23,4,0,115,45.0,45.0,0.0,-12363.662608,0.0
2019-03-23,4,0,116,0.0,0.0,0.0,-0.0,0.0
2019-03-23,4,0,117,3.0,3.0,0.0,-824.244174,0.0
2019-03-23,4,0,119,200.0,200.0,0.0,19227.34792,0.0
2019-03-23,4,0,120,117.6,117.6,0.0,11305.680577,0.0
2019-03-23,4,0,123,0.0,0.0,0.0,0.0,0.0
2019-03-23,4,0,125,113.28,113.28,0.0,1401.483184,0.0
2019-03-23,4,0,126,0.0,0.0,0.0,0.0,0.0
2019-03-23,4,0,127,0.0,0.0,0.0,0.0,0.0
2019-03-23,4,0,128,153.84,153.84,0.0,1903.285425,0.0
2019-03-23,4,0,131,27.82,27.82,0.0,-10699.190075,0.0
2019-03-23,4,0,132,40.89,40.89,0.0,-15725.732645,0.0
2019-03-23,4,0,133,76.58,76.58,0.0,524.312615,0.0
2019-03-23,4,0,134,0.0,0.0,0.0,0.0,0.0
2019-03-23,4,0,135,105.64,105.64,0.0,723.274807,0.0
2019-03-23,4,0,136,24.84,24.84,0.0,171.186595,0.0
2019-03-23,4,0,139,149.8,149.8,0.0,1580.096371,0.0
2019-03-23,4,0,140,111.48,111.48,0.0,-111480.0,0.0
2019-03-23,4,0,141,100.31,100.31,0.0,-56644.818617,0.0
2019-03-23,4,0,142,0.0,0.0,0.0,-0.0,0.0
2019-03-23,4,0,143,2.91,2.91,0.0,36.103977,0.0
2019-03-23,4,0,145,19.24,19.24,0.0,216.832794,0.0
2019-03-23,4,0,146,144.56,144.56,0.0,-144560.0,0.0
2019-03-23,4,0,152,0.0,0.0,0.0,0.0,0.0
2019-03-23,4,0,153,0.0,0.0,0.0,0.0,0.0
2019-03-23,4,0,154,0.0,0.0,0.0,0.0,0.0
2019-03-23,4,0,157,132.71,132.71,0.0,-74941.021619,0.0
2019-03-23,4,0,158,0.0,0.0,0.0,-0.0,0.0
2019-03-23,4,0,159,0.0,0.0,0.0,0.0,0.0
2019-03-23,4,0,160,0.0,0.0,0.0,0.0,0.0
2019-03-23,4,0,161,0.0,0.0,0.0,-0.0,0.0
2019-03-23,4,0,162,30.04,30.04,0.0,699.527635,0.0
2019-03-23,4,0,163,185.4,185.4,0.0,-185400.0,0.0
2019-03-23,4,0,164,0.0,0.0,0.0,0.0,0.0
2019-03-23,4,0,167,0.0,0.0,0.0,0.0,0.0
2019-03-23,4,0,168,0.0,0.0,0.0,0.0,0.0
2019-03-23,4,0,169,0.0,0.0,0.0,0.0,0.0
2019-03-23,4,0,170,0.0,0.0,0.0,0.0,0.0
2019-03-23,4,0,172,0.0,0.0,0.0,0.0,0.0
2019-03-23,4,0,173,0.0,0.0,0.0,0.0,0.0
2019-03-23,4,0,188,0.0,0.0,0.0,0.0,0.0
2019-03-23,4,0,190,0.0,0.0,0.0,0.0,0.0
2019-03-23,4,0,191,0.0,0.0,0.0,0.0,0.0
2019-03-23,4,0,192,267.68,267.68,0.0,8680.208489,0.0
2019-03-23,4,0,194,176.5,176.5,0.0,-24929.786199,0.0
2019-03-23,4,0,196,0.0,0.0,0.0,0.0,0.0
2019-03-23,4,0,198,0.0,0.0,0.0,0.0,0.0
2019-03-23,4,0,199,16.8,16.8,0.0,-655.579806,0.0
2019-03-23,4,0,200,0.0,0.0,0.0,-0.0,0.0
2019-03-23,4,0,204,857.0,857.0,0.0,8125.949811,0.0
2019-03-23,4,0,205,1058.0,1058.0,0.0,9885.721064,0.0
2019-03-23,4,0,206,269.05,269.05,0.0,3347.912608,0.0
2019-03-23,4,0,210,0.0,0.0,0.0,0.0,0.0
2019-03-23,4,0,214,0.0,0.0,0.0,0.0,0.0
2019-03-23,4,0,217,0.0,0.0,0.0,0.0,0.0
2019-03-23,4,0,218,0.0,0.0,0.0,0.0,0.0
2019-03-23,4,0,219,0.0,0.0,0.0,0.0,0.0
2019-03-23,4,0,221,0.0,0.0,0.0,0.0,0.0
2019-03-23,4,0,225,0.0,0.0,0.0,0.0,0.0
2019-03-23,4,0,233,0.0,0.0,0.0,0.0,0.0
2019-03-23,4,0,236,34.49,34.49,0.0,254.683155,0.0
2019-03-23,4,0,237,47.35,47.35,0.0,378.824733,0.0
2019-03-23,4,0,238,0.0,0.0,0.0,0.0,0.0
2019-03-23,4,0,240,0.0,0.0,0.0,0.0,0.0
2019-03-23,4,0,245,59.75,59.75,0.0,400.706068,0.0
2019-03-23,4,0,247,78.42,78.42,0.0,525.91414,0.0
2019-03-23,4,0,248,4.75,4.75,0.0,38.002481,0.0
2019-03-23,4,0,249,114.91,114.91,0.0,770.629862,0.0
2019-03-23,4,0,251,215.09,215.09,0.0,1495.665712,0.0
2019-03-23,4,0,252,132.52,132.52,0.0,912.98613,0.0
2019-03-23,4,0,254,0.0,0.0,0.0,0.0,0.0
2019-03-23,4,0,255,0.0,0.0,0.0,0.0,0.0
2019-03-23,4,0,258,0.0,0.0,0.0,0.0,0.0
2019-03-23,4,0,260,0.0,0.0,0.0,0.0,0.0
2019-03-23,4,0,265,0.0,0.0,0.0,0.0,0.0
2019-03-23,4,0,266,97.0,97.0,0.0,1023.159866,0.0
2019-03-23,4,0,267,119.2,119.2,0.0,1257.326351,0.0
2019-03-23,4,0,270,579.0,579.0,0.0,-579000.0,0.0
2019-03-23,4,0,272,150.39,150.39,0.0,-41319.360434,0.0
2019-03-23,4,0,273,0.0,0.0,0.0,-0.0,0.0
2019-03-23,4,0,274,746.4,746.4,0.0,-746400.0,0.0
2019-03-23,4,0,275,1039.0,1039.0,0.0,-1039000.0,0.0
2019-03-23,4,0,276,0.0,0.0,0.0,-0.0,0.0
2019-03-23,4,0,277,0.0,0.0,0.0,-0.0,0.0
2019-03-23,4,0,278,0.0,0.0,0.0,-0.0,0.0
2019-03-23,4,0,279,264.6,264.6,0.0,-75847.09603,0.0
2019-03-23,4,0,281,1.03,1.03,0.0,12.779071,0.0
2019-03-23,4,0,282,0.0,0.0,0.0,0.0,0.0
2019-03-23,5,0,9,0.0,0.0,0.0,0.0,0.0
2019-03-23,5,0,17,0.0,0.0,0.0,0.0,0.0
2019-03-23,5,0,19,470.09,470.09,0.0,3054.207608,0.0
2019-03-23,5,0,20,570.13,570.13,0.0,3704.174484,0.0
2019-03-23,5,0,21,0.0,0.0,0.0,0.0,0.0
2019-03-23,5,0,22,0.0,0.0,0.0,0.0,0.0
2019-03-23,5,0,23,80.12,80.12,0.0,991.054302,0.0
2019-03-23,5,0,24,141.75,141.75,0.0,1753.39425,0.0
2019-03-23,5,0,29,0.0,0.0,0.0,0.0,0.0
2019-03-23,5,0,30,0.0,0.0,0.0,0.0,0.0
2019-03-23,5,0,31,3.99,3.99,0.0,49.503391,0.0
2019-03-23,5,0,32,0.0,0.0,0.0,0.0,0.0
2019-03-23,5,0,33,0.0,0.0,0.0,0.0,0.0
2019-03-23,5,0,34,0.0,0.0,0.0,0.0,0.0
2019-03-23,5,0,35,0.0,0.0,0.0,0.0,0.0
2019-03-23,5,0,36,0.0,0.0,0.0,0.0,0.0
2019-03-23,5,0,37,0.0,0.0,0.0,0.0,0.0
2019-03-23,5,0,38,0.0,0.0,0.0,0.0,0.0
2019-03-23,5,0,39,0.0,0.0,0.0,0.0,0.0
2019-03-23,5,0,40,0.0,0.0,0.0,0.0,0.0
2019-03-23,5,0,41,116.0,116.0,0.0,1209.865995,0.0
2019-03-23,5,0,42,0.0,0.0,0.0,0.0,0.0
2019-03-23,5,0,43,0.0,0.0,0.0,0.0,0.0
2019-03-23,5,0,46,0.0,0.0,0.0,0.0,0.0
2019-03-23,5,0,52,4.23,4.23,0.0,52.481039,0.0
2019-03-23,5,0,53,6.73,6.73,0.0,83.498201,0.0
2019-03-23,5,0,55,139.17,139.17,0.0,1721.480619,0.0
2019-03-23,5,0,56,0.0,0.0,0.0,0.0,0.0
2019-03-23,5,0,57,0.0,0.0,0.0,0.0,0.0
2019-03-23,5,0,58,0.0,0.0,0.0,0.0,0.0
2019-03-23,5,0,59,0.0,0.0,0.0,0.0,0.0
2019-03-23,5,0,63,170.0,170.0,0.0,16305.328556,0.0
2019-03-23,5,0,64,200.0,200.0,0.0,19182.739477,0.0
2019-03-23,5,0,65,14.53,14.53,0.0,95.007197,0.0
2019-03-23,5,0,67,0.0,0.0,0.0,-0.0,0.0
2019-03-23,5,0,68,7.43,7.43,0.0,-3144.527477,0.0
2019-03-23,5,0,69,0.0,0.0,0.0,0.0,0.0
2019-03-23,5,0,74,14.0,14.0,0.0,108.085919,0.0
2019-03-23,5,0,77,200.0,200.0,0.0,-61050.571312,0.0
2019-03-23,5,0,78,151.2,151.2,0.0,-46154.231912,0.0
2019-03-23,5,0,79,87.5,87.5,0.0,-26709.624949,0.0
2019-03-23,5,0,80,141.5,141.5,0.0,-43193.279203,0.0
2019-03-23,5,0,81,185.0,185.0,0.0,-56471.778463,0.0
2019-03-23,5,0,82,130.5,130.5,0.0,-39835.497781,0.0
2019-03-23,5,0,83,291.0,291.0,0.0,-88828.581259,0.0
2019-03-23,5,0,84,0.0,0.0,0.0,-0.0,0.0
2019-03-23,5,0,86,0.0,0.0,0.0,0.0,0.0
2019-03-23,5,0,87,0.0,0.0,0.0,0.0,0.0
2019-03-23,5,0,88,170.6,170.6,0.0,-52076.137329,0.0
2019-03-23,5,0,89,164.0,164.0,0.0,-50061.468476,0.0
2019-03-23,5,0,90,220.2,220.2,0.0,-67216.679014,0.0
2019-03-23,5,0,91,785.5,785.5,0.0,-239776.118827,0.0
2019-03-23,5,0,92,282.5,282.5,0.0,-86233.931978,0.0
2019-03-23,5,0,95,28.38,28.38,0.0,703.613296,0.0
2019-03-23,5,0,96,16.39,16.39,0.0,203.986417,0.0
2019-03-23,5,0,97,100.77,100.77,0.0,1254.161759,0.0
2019-03-23,5,0,99,2.7,2.7,0.0,20.845142,0.0
2019-03-23,5,0,101,0.0,0.0,0.0,0.0,0.0
2019-03-23,5,0,102,17.59,17.59,0.0,-7444.446611,0.0
2019-03-23,5,0,103,15.29,15.29,0.0,-6471.03972,0.0
2019-03-23,5,0,104,2.84,2.84,0.0,-1201.9459,0.0
2019-03-23,5,0,106,0.0,0.0,0.0,0.0,0.0
2019-03-23,5,0,109,200.0,200.0,0.0,1829.813926,0.0
2019-03-23,5,0,110,115.99,115.99,0.0,-115990.0,0.0
2019-03-23,5,0,111,0.0,0.0,0.0,0.0,0.0
2019-03-23,5,0,113,106.15,106.15,0.0,-29250.386632,0.0
2019-03-23,5,0,115,106.15,106.15,0.0,-29250.386632,0.0
2019-03-23,5,0,116,0.0,0.0,0.0,-0.0,0.0
2019-03-23,5,0,117,5.11,5.11,0.0,-1408.096804,0.0
2019-03-23,5,0,119,200.0,200.0,0.0,19182.739477,0.0
2019-03-23,5,0,120,117.6,117.6,0.0,11279.450813,0.0
2019-03-23,5,0,123,0.0,0.0,0.0,0.0,0.0
2019-03-23,5,0,125,128.27,128.27,0.0,1586.651714,0.0
2019-03-23,5,0,126,0.0,0.0,0.0,0.0,0.0
2019-03-23,5,0,127,0.0,0.0,0.0,0.0,0.0
2019-03-23,5,0,128,183.72,183.72,0.0,2272.547384,0.0
2019-03-23,5,0,131,26.73,26.73,0.0,-10299.099279,0.0
2019-03-23,5,0,132,39.29,39.29,0.0,-15138.481507,0.0
2019-03-23,5,0,133,25.97,25.97,0.0,168.627066,0.0
2019-03-23,5,0,134,0.0,0.0,0.0,0.0,0.0
2019-03-23,5,0,135,37.01,37.01,0.0,240.311426,0.0
2019-03-23,5,0,136,21.67,21.67,0.0,141.742975,0.0
2019-03-23,5,0,139,149.8,149.8,0.0,1562.395914,0.0
2019-03-23,5,0,140,85.84,85.84,0.0,-85840.0,0.0
2019-03-23,5,0,141,95.77,95.77,0.0,-54129.517014,0.0
2019-03-23,5,0,142,0.0,0.0,0.0,-0.0,0.0
2019-03-23,5,0,143,10.79,10.79,0.0,133.870073,0.0
2019-03-23,5,0,145,19.47,19.47,0.0,218.017692,0.0
2019-03-23,5,0,146,126.46,126.46,0.0,-126460.0,0.0
2019-03-23,5,0,152,0.0,0.0,0.0,0.0,0.0
2019-03-23,5,0,153,0.0,0.0,0.0,0.0,0.0
2019-03-23,5,0,154,0.0,0.0,0.0,0.0,0.0
2019-03-23,5,0,157,129.71,129.71,0.0,-73312.515943,0.0
2019-03-23,5,0,158,0.0,0.0,0.0,-0.0,0.0
2019-03-23,5,0,159,0.0,0.0,0.0,0.0,0.0
2019-03-23,5,0,160,0.0,0.0,0.0,0.0,0.0
2019-03-23,5,0,161,0.0,0.0,0.0,-0.0,0.0
2019-03-23,5,0,162,26.76,26.76,0.0,684.388597,0.0
2019-03-23,5,0,163,180.64,180.64,0.0,-180640.0,0.0
2019-03-23,5,0,164,0.0,0.0,0.0,0.0,0.0
2019-03-23,5,0,167,0.0,0.0,0.0,0.0,0.0
2019-03-23,5,0,168,0.0,0.0,0.0,0.0,0.0
2019-03-23,5,0,169,0.0,0.0,0.0,0.0,0.0
2019-03-23,5,0,170,0.0,0.0,0.0,0.0,0.0
2019-03-23,5,0,172,0.0,0.0,0.0,0.0,0.0
2019-03-23,5,0,173,0.0,0.0,0.0,0.0,0.0
2019-03-23,5,0,188,0.0,0.0,0.0,0.0,0.0
2019-03-23,5,0,190,0.0,0.0,0.0,0.0,0.0
2019-03-23,5,0,191,0.0,0.0,0.0,0.0,0.0
2019-03-23,5,0,192,188.38,188.38,0.0,6108.70321,0.0
2019-03-23,5,0,194,176.5,176.5,0.0,-25092.045208,0.0
2019-03-23,5,0,196,0.0,0.0,0.0,0.0,0.0
2019-03-23,5,0,198,0.0,0.0,0.0,0.0,0.0
2019-03-23,5,0,199,18.21,18.21,0.0,-724.274966,0.0
2019-03-23,5,0,200,0.0,0.0,0.0,-0.0,0.0
2019-03-23,5,0,204,857.0,857.0,0.0,7966.603397,0.0
2019-03-23,5,0,205,1058.0,1058.0,0.0,9679.715666,0.0
2019-03-23,5,0,206,296.11,296.11,0.0,3685.321409,0.0
2019-03-23,5,0,210,0.0,0.0,0.0,0.0,0.0
2019-03-23,5,0,214,0.0,0.0,0.0,0.0,0.0
2019-03-23,5,0,217,0.0,0.0,0.0,0.0,0.0
2019-03-23,5,0,218,0.0,0.0,0.0,0.0,0.0
2019-03-23,5,0,219,0.0,0.0,0.0,0.0,0.0
2019-03-23,5,0,221,0.0,0.0,0.0,0.0,0.0
2019-03-23,5,0,225,0.0,0.0,0.0,0.0,0.0
2019-03-23,5,0,233,0.0,0.0,0.0,0.0,0.0
2019-03-23,5,0,236,23.8,23.8,0.0,168.146694,0.0
2019-03-23,5,0,237,33.58,33.58,0.0,259.251798,0.0
2019-03-23,5,0,238,0.0,0.0,0.0,0.0,0.0
2019-03-23,5,0,240,0.0,0.0,0.0,0.0,0.0
2019-03-23,5,0,245,41.68,41.68,0.0,264.418454,0.0
2019-03-23,5,0,247,53.33,53.33,0.0,338.326203,0.0
2019-03-23,5,0,248,3.37,3.37,0.0,26.017825,0.0
2019-03-23,5,0,249,80.16,80.16,0.0,508.536067,0.0
2019-03-23,5,0,251,130.42,130.42,0.0,861.688714,0.0
2019-03-23,5,0,252,93.74,93.74,0.0,612.937003,0.0
2019-03-23,5,0,254,0.0,0.0,0.0,0.0,0.0
2019-03-23,5,0,255,0.0,0.0,0.0,0.0,0.0
2019-03-23,5,0,258,0.0,0.0,0.0,0.0,0.0
2019-03-23,5,0,260,0.0,0.0,0.0,0.0,0.0
2019-03-23,5,0,265,0.0,0.0,0.0,0.0,0.0
2019-03-23,5,0,266,97.0,97.0,0.0,1011.698289,0.0
2019-03-23,5,0,267,119.2,119.2,0.0,1243.241609,0.0
2019-03-23,5,0,270,564.13,564.13,0.0,-564130.0,0.0
2019-03-23,5,0,272,364.92,364.92,0.0,-100556.298539,0.0
2019-03-23,5,0,273,0.0,0.0,0.0,-0.0,0.0
2019-03-23,5,0,274,727.23,727.23,0.0,-727230.0,0.0
2019-03-23,5,0,275,1012.32,1012.32,0.0,-1012320.0,0.0
2019-03-23,5,0,276,0.0,0.0,0.0,-0.0,0.0
2019-03-23,5,0,277,0.0,0.0,0.0,-0.0,0.0
2019-03-23,5,0,278,0.0,0.0,0.0,-0.0,0.0
2019-03-23,5,0,279,264.6,264.6,0.0,-76062.606782,0.0
2019-03-23,5,0,281,1.79,1.79,0.0,22.208288,0.0
2019-03-23,5,0,282,0.0,0.0,0.0,0.0,0.0
2019-03-23,6,0,9,0.0,0.0,0.0,0.0,0.0
2019-03-23,6,0,17,0.0,0.0,0.0,0.0,0.0
2019-03-23,6,0,19,405.08,405.08,0.0,2888.138891,0.0
2019-03-23,6,0,20,491.29,491.29,0.0,3502.798844,0.0
2019-03-23,6,0,21,0.0,0.0,0.0,0.0,0.0
2019-03-23,6,0,22,0.0,0.0,0.0,0.0,0.0
2019-03-23,6,0,23,77.97,77.97,0.0,1045.726546,0.0
2019-03-23,6,0,24,137.96,137.96,0.0,1850.306968,0.0
2019-03-23,6,0,29,0.0,0.0,0.0,0.0,0.0
2019-03-23,6,0,30,0.0,0.0,0.0,0.0,0.0
2019-03-23,6,0,31,6.88,6.88,0.0,92.576816,0.0
2019-03-23,6,0,32,0.0,0.0,0.0,0.0,0.0
2019-03-23,6,0,33,0.0,0.0,0.0,0.0,0.0
2019-03-23,6,0,34,0.0,0.0,0.0,0.0,0.0
2019-03-23,6,0,35,0.0,0.0,0.0,0.0,0.0
2019-03-23,6,0,36,0.0,0.0,0.0,0.0,0.0
2019-03-23,6,0,37,0.0,0.0,0.0,0.0,0.0
2019-03-23,6,0,38,0.0,0.0,0.0,0.0,0.0
2019-03-23,6,0,39,0.0,0.0,0.0,0.0,0.0
2019-03-23,6,0,40,0.0,0.0,0.0,0.0,0.0
2019-03-23,6,0,41,116.0,116.0,0.0,1291.941143,0.0
2019-03-23,6,0,42,0.0,0.0,0.0,0.0,0.0
2019-03-23,6,0,43,0.0,0.0,0.0,0.0,0.0
2019-03-23,6,0,46,0.0,0.0,0.0,0.0,0.0
2019-03-23,6,0,52,7.29,7.29,0.0,98.093748,0.0
2019-03-23,6,0,53,11.58,11.58,0.0,155.819698,0.0
2019-03-23,6,0,55,60.62,60.62,0.0,813.029925,0.0
2019-03-23,6,0,56,0.0,0.0,0.0,0.0,0.0
2019-03-23,6,0,57,0.0,0.0,0.0,0.0,0.0
2019-03-23,6,0,58,0.0,0.0,0.0,0.0,0.0
2019-03-23,6,0,59,0.0,0.0,0.0,0.0,0.0
2019-03-23,6,0,63,170.0,170.0,0.0,16401.939787,0.0
2019-03-23,6,0,64,200.0,200.0,0.0,19296.399749,0.0
2019-03-23,6,0,65,9.96,9.96,0.0,71.536399,0.0
2019-03-23,6,0,67,0.0,0.0,0.0,-0.0,0.0
2019-03-23,6,0,68,6.71,6.71,0.0,-2839.569038,0.0
2019-03-23,6,0,69,0.0,0.0,0.0,0.0,0.0
2019-03-23,6,0,74,10.07,10.07,0.0,83.401463,0.0
2019-03-23,6,0,77,200.0,200.0,0.0,-61050.768406,0.0
2019-03-23,6,0,78,151.2,151.2,0.0,-46154.380915,0.0
2019-03-23,6,0,79,87.5,87.5,0.0,-26709.711178,0.0
2019-03-23,6,0,80,141.5,141.5,0.0,-43193.418647,0.0
2019-03-23,6,0,81,185.0,185.0,0.0,-56471.960776,0.0
2019-03-23,6,0,82,130.5,130.5,0.0,-39835.626385,0.0
2019-03-23,6,0,83,291.0,291.0,0.0,-88828.868031,0.0
2019-03-23,6,0,84,0.0,0.0,0.0,-0.0,0.0
2019-03-23,6,0,86,0.0,0.0,0.0,0.0,0.0
2019-03-23,6,0,87,0.0,0.0,0.0,0.0,0.0
2019-03-23,6,0,88,170.6,170.6,0.0,-52076.30545,0.0
2019-03-23,6,0,89,164.0,164.0,0.0,-50061.630093,0.0
2019-03-23,6,0,90,220.2,220.2,0.0,-67216.896015,0.0
2019-03-23,6,0,91,785.5,785.5,0.0,-239776.892915,0.0
2019-03-23,6,0,92,282.5,282.5,0.0,-86234.210374,0.0
2019-03-23,6,0,95,25.46,25.46,0.0,647.032635,0.0
2019-03-23,6,0,96,18.15,18.15,0.0,245.060236,0.0
2019-03-23,6,0,97,111.63,111.63,0.0,1507.221718,0.0
2019-03-23,6,0,99,1.94,1.94,0.0,16.067412,0.0
2019-03-23,6,0,101,0.0,0.0,0.0,0.0,0.0
2019-03-23,6,0,102,15.89,15.89,0.0,-6724.404175,0.0
2019-03-23,6,0,103,13.82,13.82,0.0,-5848.411938,0.0
2019-03-23,6,0,104,2.57,2.57,0.0,-1087.584565,0.0
2019-03-23,6,0,106,0.0,0.0,0.0,0.0,0.0
2019-03-23,6,0,109,200.0,200.0,0.0,1916.063598,0.0
2019-03-23,6,0,110,87.44,87.44,0.0,-87440.0,0.0
2019-03-23,6,0,111,0.0,0.0,0.0,0.0,0.0
2019-03-23,6,0,113,137.43,137.43,0.0,-37849.824671,0.0
2019-03-23,6,0,115,137.43,137.43,0.0,-37849.824671,0.0
2019-03-23,6,0,116,0.0,0.0,0.0,-0.0,0.0
2019-03-23,6,0,117,5.45,5.45,0.0,-1500.993556,0.0
2019-03-23,6,0,119,200.0,200.0,0.0,19296.399749,0.0
2019-03-23,6,0,120,117.6,117.6,0.0,11346.283053,0.0
2019-03-23,6,0,123,0.0,0.0,0.0,0.0,0.0
2019-03-23,6,0,125,124.85,124.85,0.0,1674.476841,0.0
2019-03-23,6,0,126,0.0,0.0,0.0,0.0,0.0
2019-03-23,6,0,127,0.0,0.0,0.0,0.0,0.0
2019-03-23,6,0,128,178.81,178.81,0.0,2398.183451,0.0
2019-03-23,6,0,131,25.72,25.72,0.0,-9908.965696,0.0
2019-03-23,6,0,132,37.81,37.81,0.0,-14566.795994,0.0
2019-03-23,6,0,133,15.74,15.74,0.0,112.145073,0.0
2019-03-23,6,0,134,0.0,0.0,0.0,0.0,0.0
2019-03-23,6,0,135,21.09,21.09,0.0,150.262999,0.0
2019-03-23,6,0,136,18.87,18.87,0.0,135.585769,0.0
2019-03-23,6,0,139,149.8,149.8,0.0,1668.386062,0.0
2019-03-23,6,0,140,64.72,64.72,0.0,-64720.0,0.0
2019-03-23,6,0,141,91.95,91.95,0.0,-51967.963778,0.0
2019-03-23,6,0,142,0.0,0.0,0.0,-0.0,0.0
2019-03-23,6,0,143,33.28,33.28,0.0,447.813434,0.0
2019-03-23,6,0,145,19.77,19.77,0.0,237.662528,0.0
2019-03-23,6,0,146,114.42,114.42,0.0,-114420.0,0.0
2019-03-23,6,0,152,0.0,0.0,0.0,0.0,0.0
2019-03-23,6,0,153,0.0,0.0,0.0,0.0,0.0
2019-03-23,6,0,154,0.0,0.0,0.0,0.0,0.0
2019-03-23,6,0,157,126.95,126.95,0.0,-71749.135418,0.0
2019-03-23,6,0,158,0.0,0.0,0.0,-0.0,0.0
2019-03-23,6,0,159,0.0,0.0,0.0,0.0,0.0
2019-03-23,6,0,160,0.0,0.0,0.0,0.0,0.0
2019-03-23,6,0,161,0.0,0.0,0.0,-0.0,0.0
2019-03-23,6,0,162,24.8,24.8,0.0,649.636926,0.0
2019-03-23,6,0,163,137.64,137.64,0.0,-137640.0,0.0
2019-03-23,6,0,164,0.0,0.0,0.0,0.0,0.0
2019-03-23,6,0,167,0.0,0.0,0.0,0.0,0.0
2019-03-23,6,0,168,0.0,0.0,0.0,0.0,0.0
2019-03-23,6,0,169,0.0,0.0,0.0,0.0,0.0
2019-03-23,6,0,170,0.0,0.0,0.0,0.0,0.0
2019-03-23,6,0,172,0.0,0.0,0.0,0.0,0.0
2019-03-23,6,0,173,0.0,0.0,0.0,0.0,0.0
2019-03-23,6,0,188,0.0,0.0,0.0,0.0,0.0
2019-03-23,6,0,190,0.0,0.0,0.0,0.0,0.0
2019-03-23,6,0,191,0.0,0.0,0.0,0.0,0.0
2019-03-23,6,0,192,130.55,130.55,0.0,4233.417582,0.0
2019-03-23,6,0,194,176.5,176.5,0.0,-25041.105738,0.0
2019-03-23,6,0,196,0.0,0.0,0.0,0.0,0.0
2019-03-23,6,0,198,0.0,0.0,0.0,0.0,0.0
2019-03-23,6,0,199,19.68,19.68,0.0,-789.370306,0.0
2019-03-23,6,0,200,0.0,0.0,0.0,-0.0,0.0
2019-03-23,6,0,204,857.0,857.0,0.0,8367.68039,0.0
2019-03-23,6,0,205,1058.0,1058.0,0.0,10135.976434,0.0
2019-03-23,6,0,206,328.02,328.02,0.0,4428.906816,0.0
2019-03-23,6,0,210,0.0,0.0,0.0,0.0,0.0
2019-03-23,6,0,214,0.0,0.0,0.0,0.0,0.0
2019-03-23,6,0,217,0.0,0.0,0.0,0.0,0.0
2019-03-23,6,0,218,0.0,0.0,0.0,0.0,0.0
2019-03-23,6,0,219,0.0,0.0,0.0,0.0,0.0
2019-03-23,6,0,221,0.0,0.0,0.0,0.0,0.0
2019-03-23,6,0,225,0.0,0.0,0.0,0.0,0.0
2019-03-23,6,0,233,0.0,0.0,0.0,0.0,0.0
2019-03-23,6,0,236,16.6,16.6,0.0,131.26665,0.0
2019-03-23,6,0,237,24.16,24.16,0.0,200.097254,0.0
2019-03-23,6,0,238,0.0,0.0,0.0,0.0,0.0
2019-03-23,6,0,240,0.0,0.0,0.0,0.0,0.0
2019-03-23,6,0,245,27.9,27.9,0.0,193.527828,0.0
2019-03-23,6,0,247,34.28,34.28,0.0,237.782579,0.0
2019-03-23,6,0,248,2.43,2.43,0.0,20.125676,0.0
2019-03-23,6,0,249,53.66,53.66,0.0,372.211587,0.0
2019-03-23,6,0,251,73.3,73.3,0.0,532.794357,0.0
2019-03-23,6,0,252,64.27,64.27,0.0,461.61088,0.0
2019-03-23,6,0,254,0.0,0.0,0.0,0.0,0.0
2019-03-23,6,0,255,0.0,0.0,0.0,0.0,0.0
2019-03-23,6,0,258,0.0,0.0,0.0,0.0,0.0
2019-03-23,6,0,260,0.0,0.0,0.0,0.0,0.0
2019-03-23,6,0,265,0.0,0.0,0.0,0.0,0.0
2019-03-23,6,0,266,97.0,97.0,0.0,1080.330094,0.0
2019-03-23,6,0,267,119.2,119.2,0.0,1327.580898,0.0
2019-03-23,6,0,270,429.86,429.86,0.0,-429860.0,0.0
2019-03-23,6,0,272,484.95,484.95,0.0,-133560.885355,0.0
2019-03-23,6,0,273,0.0,0.0,0.0,-0.0,0.0
2019-03-23,6,0,274,554.14,554.14,0.0,-554140.0,0.0
2019-03-23,6,0,275,771.37,771.37,0.0,-771370.0,0.0
2019-03-23,6,0,276,0.0,0.0,0.0,-0.0,0.0
2019-03-23,6,0,277,0.0,0.0,0.0,-0.0,0.0
2019-03-23,6,0,278,0.0,0.0,0.0,-0.0,0.0
2019-03-23,6,0,279,255.81,255.81,0.0,-73513.622173,0.0
2019-03-23,6,0,281,3.09,3.09,0.0,41.578831,0.0
2019-03-23,6,0,282,0.0,0.0,0.0,0.0,0.0
2019-03-23,7,0,9,0.0,0.0,0.0,0.0,0.0
2019-03-23,7,0,17,0.0,0.0,0.0,0.0,0.0
2019-03-23,7,0,19,344.67,344.67,0.0,3805.515841,0.0
2019-03-23,7,0,20,418.02,418.02,0.0,4615.37625,0.0
2019-03-23,7,0,21,0.0,0.0,0.0,0.0,0.0
2019-03-23,7,0,22,0.0,0.0,0.0,0.0,0.0
2019-03-23,7,0,23,76.28,76.28,0.0,842.210661,0.0
2019-03-23,7,0,24,134.96,134.96,0.0,1490.098987,0.0
2019-03-23,7,0,29,0.0,0.0,0.0,0.0,0.0
2019-03-23,7,0,30,0.0,0.0,0.0,0.0,0.0
2019-03-23,7,0,31,27.9,27.9,0.0,308.045063,0.0
2019-03-23,7,0,32,0.0,0.0,0.0,0.0,0.0
2019-03-23,7,0,33,0.0,0.0,0.0,0.0,0.0
2019-03-23,7,0,34,0.0,0.0,0.0,0.0,0.0
2019-03-23,7,0,35,0.0,0.0,0.0,0.0,0.0
2019-03-23,7,0,36,0.0,0.0,0.0,0.0,0.0
2019-03-23,7,0,37,0.0,0.0,0.0,0.0,0.0
2019-03-23,7,0,38,0.0,0.0,0.0,0.0,0.0
2019-03-23,7,0,39,0.0,0.0,0.0,0.0,0.0
2019-03-23,7,0,40,0.0,0.0,0.0,0.0,0.0
2019-03-23,7,0,41,85.72,85.72,0.0,946.438094,0.0
2019-03-23,7,0,42,0.0,0.0,0.0,0.0,0.0
2019-03-23,7,0,43,0.0,0.0,0.0,0.0,0.0
2019-03-23,7,0,46,0.0,0.0,0.0,0.0,0.0
2019-03-23,7,0,52,29.58,29.58,0.0,326.594013,0.0
2019-03-23,7,0,53,47.01,47.01,0.0,519.03937,0.0
2019-03-23,7,0,55,65.9,65.9,0.0,727.604648,0.0
2019-03-23,7,0,56,0.0,0.0,0.0,0.0,0.0
2019-03-23,7,0,57,0.0,0.0,0.0,0.0,0.0
2019-03-23,7,0,58,0.0,0.0,0.0,0.0,0.0
2019-03-23,7,0,59,0.0,0.0,0.0,0.0,0.0
2019-03-23,7,0,63,170.0,170.0,0.0,1876.977088,0.0
2019-03-23,7,0,64,200.0,200.0,0.0,2208.208339,0.0
2019-03-23,7,0,65,6.53,6.53,0.0,72.098002,0.0
2019-03-23,7,0,67,0.0,0.0,0.0,0.0,0.0
2019-03-23,7,0,68,6.11,6.11,0.0,67.460765,0.0
2019-03-23,7,0,69,0.0,0.0,0.0,0.0,0.0
2019-03-23,7,0,74,7.6,7.6,0.0,83.911917,0.0
2019-03-23,7,0,77,200.0,200.0,0.0,2208.208339,0.0
2019-03-23,7,0,78,151.2,151.2,0.0,1669.405504,0.0
2019-03-23,7,0,79,87.5,87.5,0.0,966.091148,0.0
2019-03-23,7,0,80,141.5,141.5,0.0,1562.3074,0.0
2019-03-23,7,0,81,185.0,185.0,0.0,2042.592714,0.0
2019-03-23,7,0,82,130.5,130.5,0.0,1440.855941,0.0
2019-03-23,7,0,83,291.0,291.0,0.0,3212.943134,0.0
2019-03-23,7,0,84,0.0,0.0,0.0,0.0,0.0
2019-03-23,7,0,86,0.0,0.0,0.0,0.0,0.0
2019-03-23,7,0,87,0.0,0.0,0.0,0.0,0.0
2019-03-23,7,0,88,170.6,170.6,0.0,1883.601713,0.0
2019-03-23,7,0,89,164.0,164.0,0.0,1810.730838,0.0
2019-03-23,7,0,90,220.2,220.2,0.0,2431.237381,0.0
2019-03-23,7,0,91,785.5,785.5,0.0,8672.738252,0.0
2019-03-23,7,0,92,282.5,282.5,0.0,3119.094279,0.0
2019-03-23,7,0,95,23.53,23.53,0.0,259.795711,0.0
2019-03-23,7,0,96,20.03,20.03,0.0,221.152065,0.0
2019-03-23,7,0,97,123.2,123.2,0.0,1360.256337,0.0
2019-03-23,7,0,99,1.47,1.47,0.0,16.230331,0.0
2019-03-23,7,0,101,0.0,0.0,0.0,0.0,0.0
2019-03-23,7,0,102,14.48,14.48,0.0,159.874284,0.0
2019-03-23,7,0,103,12.59,12.59,0.0,139.006715,0.0
2019-03-23,7,0,104,2.34,2.34,0.0,25.836038,0.0
2019-03-23,7,0,106,0.0,0.0,0.0,0.0,0.0
2019-03-23,7,0,109,200.0,200.0,0.0,2208.208339,0.0
2019-03-23,7,0,110,64.27,64.27,0.0,709.60775,0.0
2019-03-23,7,0,111,0.0,0.0,0.0,0.0,0.0
2019-03-23,7,0,113,72.61,72.61,0.0,801.690038,0.0
2019-03-23,7,0,115,72.61,72.61,0.0,801.690038,0.0
2019-03-23,7,0,116,0.0,0.0,0.0,0.0,0.0
2019-03-23,7,0,117,2.98,2.98,0.0,32.902304,0.0
2019-03-23,7,0,119,200.0,200.0,0.0,2208.208339,0.0
2019-03-23,7,0,120,117.6,117.6,0.0,1298.426503,0.0
2019-03-23,7,0,123,0.0,0.0,0.0,0.0,0.0
2019-03-23,7,0,125,122.13,122.13,0.0,1348.442422,0.0
2019-03-23,7,0,126,0.0,0.0,0.0,0.0,0.0
2019-03-23,7,0,127,0.0,0.0,0.0,0.0,0.0
2019-03-23,7,0,128,174.92,174.92,0.0,1931.299013,0.0
2019-03-23,7,0,131,24.86,24.86,0.0,274.480297,0.0
2019-03-23,7,0,132,36.55,36.55,0.0,403.550074,0.0
2019-03-23,7,0,133,11.05,11.05,0.0,122.003511,0.0
2019-03-23,7,0,134,0.0,0.0,0.0,0.0,0.0
2019-03-23,7,0,135,14.8,14.8,0.0,163.407417,0.0
2019-03-23,7,0,136,16.27,16.27,0.0,179.637748,0.0
2019-03-23,7,0,139,110.71,110.71,0.0,1222.353726,0.0
2019-03-23,7,0,140,47.57,47.57,0.0,525.222353,0.0
2019-03-23,7,0,141,88.9,88.9,0.0,981.548607,0.0
2019-03-23,7,0,142,0.0,0.0,0.0,0.0,0.0
2019-03-23,7,0,143,39.18,39.18,0.0,432.588014,0.0
2019-03-23,7,0,145,20.11,20.11,0.0,222.035349,0.0
2019-03-23,7,0,146,107.2,107.2,0.0,1183.59967,0.0
2019-03-23,7,0,152,0.0,0.0,0.0,0.0,0.0
2019-03-23,7,0,153,0.0,0.0,0.0,0.0,0.0
2019-03-23,7,0,154,0.0,0.0,0.0,0.0,0.0
2019-03-23,7,0,157,123.66,123.66,0.0,1365.335216,0.0
2019-03-23,7,0,158,0.0,0.0,0.0,0.0,0.0
2019-03-23,7,0,159,0.0,0.0,0.0,0.0,0.0
2019-03-23,7,0,160,0.0,0.0,0.0,0.0,0.0
2019-03-23,7,0,161,0.0,0.0,0.0,0.0,0.0
2019-03-23,7,0,162,24.16,24.16,0.0,266.751567,0.0
2019-03-23,7,0,163,103.01,103.01,0.0,1137.337705,0.0
2019-03-23,7,0,164,0.0,0.0,0.0,0.0,0.0
2019-03-23,7,0,167,0.0,0.0,0.0,0.0,0.0
2019-03-23,7,0,168,0.0,0.0,0.0,0.0,0.0
2019-03-23,7,0,169,0.0,0.0,0.0,0.0,0.0
2019-03-23,7,0,170,0.0,0.0,0.0,0.0,0.0
2019-03-23,7,0,172,0.0,0.0,0.0,0.0,0.0
2019-03-23,7,0,173,0.0,0.0,0.0,0.0,0.0
2019-03-23,7,0,188,0.0,0.0,0.0,0.0,0.0
2019-03-23,7,0,190,0.0,0.0,0.0,0.0,0.0
2019-03-23,7,0,191,0.0,0.0,0.0,0.0,0.0
2019-03-23,7,0,192,89.87,89.87,0.0,992.258417,0.0
2019-03-23,7,0,194,176.5,176.5,0.0,1948.743859,0.0
2019-03-23,7,0,196,0.0,0.0,0.0,0.0,0.0
2019-03-23,7,0,198,0.0,0.0,0.0,0.0,0.0
2019-03-23,7,0,199,21.19,21.19,0.0,233.959674,0.0
2019-03-23,7,0,200,0.0,0.0,0.0,0.0,0.0
2019-03-23,7,0,204,857.0,857.0,0.0,9462.172734,0.0
2019-03-23,7,0,205,1058.0,1058.0,0.0,11681.422114,0.0
2019-03-23,7,0,206,362.01,362.01,0.0,3996.967504,0.0
2019-03-23,7,0,210,0.0,0.0,0.0,0.0,0.0
2019-03-23,7,0,214,0.0,0.0,0.0,0.0,0.0
2019-03-23,7,0,217,0.0,0.0,0.0,0.0,0.0
2019-03-23,7,0,218,0.0,0.0,0.0,0.0,0.0
2019-03-23,7,0,219,0.0,0.0,0.0,0.0,0.0
2019-03-23,7,0,221,0.0,0.0,0.0,0.0,0.0
2019-03-23,7,0,225,0.0,0.0,0.0,0.0,0.0
2019-03-23,7,0,233,0.0,0.0,0.0,0.0,0.0
2019-03-23,7,0,236,12.16,12.16,0.0,134.259067,0.0
2019-03-23,7,0,237,18.23,18.23,0.0,201.27819,0.0
2019-03-23,7,0,238,0.0,0.0,0.0,0.0,0.0
2019-03-23,7,0,240,0.0,0.0,0.0,0.0,0.0
2019-03-23,7,0,245,17.4,17.4,0.0,192.114126,0.0
2019-03-23,7,0,247,20.8,20.8,0.0,229.653667,0.0
2019-03-23,7,0,248,1.83,1.83,0.0,20.205106,0.0
2019-03-23,7,0,249,33.46,33.46,0.0,369.433255,0.0
2019-03-23,7,0,251,37.73,37.73,0.0,416.578503,0.0
2019-03-23,7,0,252,42.1,42.1,0.0,464.827855,0.0
2019-03-23,7,0,254,0.0,0.0,0.0,0.0,0.0
2019-03-23,7,0,255,0.0,0.0,0.0,0.0,0.0
2019-03-23,7,0,258,0.0,0.0,0.0,0.0,0.0
2019-03-23,7,0,260,0.0,0.0,0.0,0.0,0.0
2019-03-23,7,0,265,0.0,0.0,0.0,0.0,0.0
2019-03-23,7,0,266,71.67,71.67,0.0,791.311458,0.0
2019-03-23,7,0,267,88.09,88.09,0.0,972.605363,0.0
2019-03-23,7,0,270,321.7,321.7,0.0,3551.903114,0.0
2019-03-23,7,0,272,258.35,258.35,0.0,2852.453122,0.0
2019-03-23,7,0,273,0.0,0.0,0.0,0.0,0.0
2019-03-23,7,0,274,414.71,414.71,0.0,4578.830402,0.0
2019-03-23,7,0,275,577.28,577.28,0.0,6373.77255,0.0
2019-03-23,7,0,276,0.0,0.0,0.0,0.0,0.0
2019-03-23,7,0,277,0.0,0.0,0.0,0.0,0.0
2019-03-23,7,0,278,0.0,0.0,0.0,0.0,0.0
2019-03-23,7,0,279,247.15,247.15,0.0,2728.793455,0.0
2019-03-23,7,0,281,12.51,12.51,0.0,138.123432,0.0
2019-03-23,7,0,282,0.0,0.0,0.0,0.0,0.0
2019-03-23,8,0,9,0.15,0.15,0.0,0.886016,0.0
2019-03-23,8,0,17,5.88,5.88,0.0,53.134674,0.0
2019-03-23,8,0,19,473.9,473.9,0.0,4282.40174,0.0
2019-03-23,8,0,20,589.81,589.81,0.0,5329.823529,0.0
2019-03-23,8,0,21,3.38,3.38,0.0,19.964893,0.0
2019-03-23,8,0,22,12.02,12.02,0.0,70.999412,0.0
2019-03-23,8,0,23,78.22,78.22,0.0,462.027784,0.0
2019-03-23,8,0,24,138.4,138.4,0.0,817.497384,0.0
2019-03-23,8,0,29,1.37,1.37,0.0,13.923721,0.0
2019-03-23,8,0,30,17.02,17.02,0.0,100.195479,0.0
2019-03-23,8,0,31,9.8,9.8,0.0,57.691874,0.0
2019-03-23,8,0,32,0.66,0.66,0.0,11.447832,0.0
2019-03-23,8,0,33,0.34,0.34,0.0,3.259714,0.0
2019-03-23,8,0,34,0.54,0.54,0.0,5.177192,0.0
2019-03-23,8,0,35,0.54,0.54,0.0,5.177192,0.0
2019-03-23,8,0,36,1.1,1.1,0.0,9.021021,0.0
2019-03-23,8,0,37,0.53,0.53,0.0,4.342001,0.0
2019-03-23,8,0,38,0.68,0.68,0.0,5.570869,0.0
2019-03-23,8,0,39,0.45,0.45,0.0,3.686604,0.0
2019-03-23,8,0,40,0.45,0.45,0.0,3.686604,0.0
2019-03-23,8,0,41,34.8,34.8,0.0,241.531015,0.0
2019-03-23,8,0,42,5.31,5.31,0.0,47.349785,0.0
2019-03-23,8,0,43,3.58,3.58,0.0,29.903587,0.0
2019-03-23,8,0,46,3.13,3.13,0.0,24.98425,0.0
2019-03-23,8,0,52,10.39,10.39,0.0,61.16516,0.0
2019-03-23,8,0,53,16.51,16.51,0.0,97.193146,0.0
2019-03-23,8,0,55,62.77,62.77,0.0,370.768142,0.0
2019-03-23,8,0,56,5.02,5.02,0.0,29.552368,0.0
2019-03-23,8,0,57,4.77,4.77,0.0,28.080636,0.0
2019-03-23,8,0,58,9.18,9.18,0.0,54.04198,0.0
2019-03-23,8,0,59,9.03,9.03,0.0,53.158941,0.0
2019-03-23,8,0,63,96.01,96.01,0.0,1980.931544,0.0
2019-03-23,8,0,64,112.86,112.86,0.0,2328.590085,0.0
2019-03-23,8,0,65,17.3,17.3,0.0,155.947857,0.0
2019-03-23,8,0,67,14.15,14.15,0.0,-107.894124,0.0
2019-03-23,8,0,68,7.22,7.22,0.0,-9.760719,0.0
2019-03-23,8,0,69,0.34,0.34,0.0,3.259714,0.0
2019-03-23,8,0,74,9.67,9.67,0.0,81.078425,0.0
2019-03-23,8,0,77,147.17,147.17,0.0,588.509476,0.0
2019-03-23,8,0,78,111.12,111.12,0.0,444.351247,0.0
2019-03-23,8,0,79,64.1,64.1,0.0,256.325728,0.0
2019-03-23,8,0,80,103.96,103.96,0.0,415.719543,0.0
2019-03-23,8,0,81,136.09,136.09,0.0,544.202314,0.0
2019-03-23,8,0,82,95.84,95.84,0.0,383.248951,0.0
2019-03-23,8,0,83,214.4,214.4,0.0,857.351577,0.0
2019-03-23,8,0,84,0.0,0.0,0.0,0.0,0.0
2019-03-23,8,0,86,1.71,1.71,0.0,16.394442,0.0
2019-03-23,8,0,87,8.72,8.72,0.0,83.602068,0.0
2019-03-23,8,0,88,123.33,123.33,0.0,493.177099,0.0
2019-03-23,8,0,89,119.02,119.02,0.0,475.942093,0.0
2019-03-23,8,0,90,155.3,155.3,0.0,621.020056,0.0
2019-03-23,8,0,91,486.84,486.84,0.0,1946.795904,0.0
2019-03-23,8,0,92,194.81,194.81,0.0,779.014276,0.0
2019-03-23,8,0,95,24.69,24.69,0.0,431.515751,0.0
2019-03-23,8,0,96,26.23,26.23,0.0,153.869998,0.0
2019-03-23,8,0,97,161.32,161.32,0.0,946.332754,0.0
2019-03-23,8,0,99,1.87,1.87,0.0,15.679075,0.0
2019-03-23,8,0,101,0.34,0.34,0.0,2.001555,0.0
2019-03-23,8,0,102,17.1,17.1,0.0,-23.117492,0.0
2019-03-23,8,0,103,14.87,14.87,0.0,-20.102754,0.0
2019-03-23,8,0,104,2.76,2.76,0.0,-3.731244,0.0
2019-03-23,8,0,106,11.84,11.84,0.0,69.936192,0.0
2019-03-23,8,0,109,200.0,200.0,0.0,1524.628964,0.0
2019-03-23,8,0,110,93.28,93.28,0.0,-2503.199963,0.0
2019-03-23,8,0,111,1.14,1.14,0.0,7.912223,0.0
2019-03-23,8,0,113,141.55,141.55,0.0,687.289344,0.0
2019-03-23,8,0,115,141.55,141.55,0.0,687.289344,0.0
2019-03-23,8,0,116,9.49,9.49,0.0,-254.66732,0.0
2019-03-23,8,0,117,7.33,7.33,0.0,35.590469,0.0
2019-03-23,8,0,119,112.86,112.86,0.0,2328.590085,0.0
2019-03-23,8,0,120,66.59,66.59,0.0,1373.921795,0.0
2019-03-23,8,0,123,0.2,0.2,0.0,1.181355,0.0
2019-03-23,8,0,125,125.24,125.24,0.0,739.764251,0.0
2019-03-23,8,0,126,8.88,8.88,0.0,52.452144,0.0
2019-03-23,8,0,127,11.39,11.39,0.0,67.278145,0.0
2019-03-23,8,0,128,179.38,179.38,0.0,1059.556942,0.0
2019-03-23,8,0,131,28.49,28.49,0.0,9.215339,0.0
2019-03-23,8,0,132,41.88,41.88,0.0,13.546452,0.0
2019-03-23,8,0,133,22.54,22.54,0.0,203.730025,0.0
2019-03-23,8,0,134,0.0,0.0,0.0,0.0,0.0
2019-03-23,8,0,135,30.2,30.2,0.0,272.965695,0.0
2019-03-23,8,0,136,31.35,31.35,0.0,282.560974,0.0
2019-03-23,8,0,139,44.94,44.94,0.0,311.908155,0.0
2019-03-23,8,0,140,69.04,69.04,0.0,-1852.711465,0.0
2019-03-23,8,0,141,80.48,80.48,0.0,-613.662127,0.0
2019-03-23,8,0,142,18.66,18.66,0.0,-142.282993,0.0
2019-03-23,8,0,143,13.83,13.83,0.0,81.416185,0.0
2019-03-23,8,0,145,25.14,25.14,0.0,164.198983,0.0
2019-03-23,8,0,146,126.95,126.95,0.0,-3406.745662,0.0
2019-03-23,8,0,152,0.81,0.81,0.0,6.812387,0.0
2019-03-23,8,0,153,1.04,1.04,0.0,8.717425,0.0
2019-03-23,8,0,154,4.71,4.71,0.0,32.689974,0.0
2019-03-23,8,0,157,123.9,123.9,0.0,-944.740775,0.0
2019-03-23,8,0,158,6.25,6.25,0.0,-47.656415,0.0
2019-03-23,8,0,159,0.0,0.0,0.0,0.0,0.0
2019-03-23,8,0,160,0.31,0.31,0.0,2.742545,0.0
2019-03-23,8,0,161,3.63,3.63,0.0,-4.907397,0.0
2019-03-23,8,0,162,26.26,26.26,0.0,459.874936,0.0
2019-03-23,8,0,163,115.57,115.57,0.0,-3101.35956,0.0
2019-03-23,8,0,164,0.14,0.14,0.0,0.82417,0.0
2019-03-23,8,0,167,0.82,0.82,0.0,14.25534,0.0
2019-03-23,8,0,168,0.41,0.41,0.0,7.12767,0.0
2019-03-23,8,0,169,0.0,0.0,0.0,0.0,0.0
2019-03-23,8,0,170,0.89,0.89,0.0,15.472259,0.0
2019-03-23,8,0,172,1.15,1.15,0.0,18.930942,0.0
2019-03-23,8,0,173,1.75,1.75,0.0,28.807955,0.0
2019-03-23,8,0,188,1.41,1.41,0.0,23.64996,0.0
2019-03-23,8,0,190,0.96,0.96,0.0,19.807252,0.0
2019-03-23,8,0,191,2.49,2.49,0.0,51.37506,0.0
2019-03-23,8,0,192,102.66,102.66,0.0,2118.138031,0.0
2019-03-23,8,0,194,176.5,176.5,0.0,1822.209358,0.0
2019-03-23,8,0,196,0.57,0.57,0.0,15.509475,0.0
2019-03-23,8,0,198,1.49,1.49,0.0,14.433011,0.0
2019-03-23,8,0,199,25.55,25.55,0.0,294.132645,0.0
2019-03-23,8,0,200,2.28,2.28,0.0,26.247453,0.0
2019-03-23,8,0,204,856.99,856.99,0.0,6465.888408,0.0
2019-03-23,8,0,205,1058.0,1058.0,0.0,8065.287219,0.0
2019-03-23,8,0,206,474.02,474.02,0.0,2780.688396,0.0
2019-03-23,8,0,210,0.37,0.37,0.0,3.801866,0.0
2019-03-23,8,0,214,1.78,1.78,0.0,17.645448,0.0
2019-03-23,8,0,217,1.32,1.32,0.0,13.301215,0.0
2019-03-23,8,0,218,1.83,1.83,0.0,18.440321,0.0
2019-03-23,8,0,219,1.24,1.24,0.0,12.495081,0.0
2019-03-23,8,0,221,0.95,0.95,0.0,9.417515,0.0
2019-03-23,8,0,225,1.16,1.16,0.0,11.77688,0.0
2019-03-23,8,0,233,0.97,0.97,0.0,9.299771,0.0
2019-03-23,8,0,236,25.95,25.95,0.0,226.643195,0.0
2019-03-23,8,0,237,23.19,23.19,0.0,194.437298,0.0
2019-03-23,8,0,238,6.91,6.91,0.0,61.61714,0.0
2019-03-23,8,0,240,1.24,1.24,0.0,10.169151,0.0
2019-03-23,8,0,245,43.55,43.55,0.0,397.092383,0.0
2019-03-23,8,0,247,62.06,62.06,0.0,565.868043,0.0
2019-03-23,8,0,248,2.33,2.33,0.0,19.53596,0.0
2019-03-23,8,0,249,83.75,83.75,0.0,763.639198,0.0
2019-03-23,8,0,251,102.95,102.95,0.0,924.275566,0.0
2019-03-23,8,0,252,111.6,111.6,0.0,1005.998893,0.0
2019-03-23,8,0,254,2.14,2.14,0.0,18.140587,0.0
2019-03-23,8,0,255,0.98,0.98,0.0,8.307372,0.0
2019-03-23,8,0,258,1.55,1.55,0.0,12.749498,0.0
2019-03-23,8,0,260,0.74,0.74,0.0,6.546721,0.0
2019-03-23,8,0,265,4.88,4.88,0.0,33.869866,0.0
2019-03-23,8,0,266,29.1,29.1,0.0,201.9699,0.0
2019-03-23,8,0,267,35.76,35.76,0.0,248.193939,0.0
2019-03-23,8,0,270,360.91,360.91,0.0,-9685.140423,0.0
2019-03-23,8,0,272,490.05,490.05,0.0,2379.414644,0.0
2019-03-23,8,0,273,2.27,2.27,0.0,-60.916208,0.0
2019-03-23,8,0,274,465.25,465.25,0.0,-12485.139182,0.0
2019-03-23,8,0,275,647.64,647.64,0.0,-17379.635765,0.0
2019-03-23,8,0,276,0.49,0.49,0.0,-11.047578,0.0
2019-03-23,8,0,277,0.62,0.62,0.0,2.797455,0.0
2019-03-23,8,0,278,0.99,0.99,0.0,4.466903,0.0
2019-03-23,8,0,279,264.6,264.6,0.0,1193.881399,0.0
2019-03-23,8,0,281,4.4,4.4,0.0,25.902474,0.0
2019-03-23,8,0,282,9.33,9.33,0.0,54.925019,0.0
2019-03-23,9,0,9,1.1,1.1,0.0,6.783898,0.0
2019-03-23,9,0,17,19.53,19.53,0.0,145.232667,0.0
2019-03-23,9,0,19,475.02,475.02,0.0,3532.433265,0.0
2019-03-23,9,0,20,589.85,589.85,0.0,4386.353757,0.0
2019-03-23,9,0,21,25.12,25.12,0.0,154.919567,0.0
2019-03-23,9,0,22,89.27,89.27,0.0,550.544177,0.0
2019-03-23,9,0,23,82.59,82.59,0.0,509.347413,0.0
2019-03-23,9,0,24,146.13,146.13,0.0,901.210043,0.0
2019-03-23,9,0,29,3.63,3.63,0.0,28.652818,0.0
2019-03-23,9,0,30,196.56,196.56,0.0,1210.6389,0.0
2019-03-23,9,0,31,11.1,11.1,0.0,68.36636,0.0
2019-03-23,9,0,32,2.09,2.09,0.0,47.310189,0.0
2019-03-23,9,0,33,1.11,1.11,0.0,8.502366,0.0
2019-03-23,9,0,34,1.77,1.77,0.0,13.557828,0.0
2019-03-23,9,0,35,1.77,1.77,0.0,13.557828,0.0
2019-03-23,9,0,36,4.05,4.05,0.0,28.745012,0.0
2019-03-23,9,0,37,1.93,1.93,0.0,13.691608,0.0
2019-03-23,9,0,38,2.48,2.48,0.0,17.593361,0.0
2019-03-23,9,0,39,1.66,1.66,0.0,11.776201,0.0
2019-03-23,9,0,40,1.66,1.66,0.0,11.776201,0.0
2019-03-23,9,0,41,34.8,34.8,0.0,229.207013,0.0
2019-03-23,9,0,42,22.6,22.6,0.0,166.967963,0.0
2019-03-23,9,0,43,12.72,12.72,0.0,91.064849,0.0
2019-03-23,9,0,46,11.6,11.6,0.0,81.302402,0.0
2019-03-23,9,0,52,11.78,11.78,0.0,72.55457,0.0
2019-03-23,9,0,53,18.81,18.81,0.0,115.853265,0.0
2019-03-23,9,0,55,61.47,61.47,0.0,379.096567,0.0
2019-03-23,9,0,56,57.98,57.98,0.0,357.106448,0.0
2019-03-23,9,0,57,55.15,55.15,0.0,339.676106,0.0
2019-03-23,9,0,58,106.06,106.06,0.0,653.237494,0.0
2019-03-23,9,0,59,104.29,104.29,0.0,642.335831,0.0
2019-03-23,9,0,63,51.0,51.0,0.0,5002.839268,0.0
2019-03-23,9,0,64,60.0,60.0,0.0,5885.693256,0.0
2019-03-23,9,0,65,37.69,37.69,0.0,279.938438,0.0
2019-03-23,9,0,67,115.57,115.57,0.0,-65061.016585,0.0
2019-03-23,9,0,68,16.26,16.26,0.0,-6833.126355,0.0
2019-03-23,9,0,69,1.11,1.11,0.0,8.502366,0.0
2019-03-23,9,0,74,13.29,13.29,0.0,95.315758,0.0
2019-03-23,9,0,77,60.0,60.0,0.0,-18082.273684,0.0
2019-03-23,9,0,78,45.36,45.36,0.0,-13670.198905,0.0
2019-03-23,9,0,79,26.25,26.25,0.0,-7910.994737,0.0
2019-03-23,9,0,80,42.45,42.45,0.0,-12793.208631,0.0
2019-03-23,9,0,81,55.5,55.5,0.0,-16726.103157,0.0
2019-03-23,9,0,82,39.15,39.15,0.0,-11798.683578,0.0
2019-03-23,9,0,83,87.3,87.3,0.0,-26309.70821,0.0
2019-03-23,9,0,84,0.0,0.0,0.0,0.0,0.0
2019-03-23,9,0,86,5.6,5.6,0.0,42.894822,0.0
2019-03-23,9,0,87,28.6,28.6,0.0,219.069981,0.0
2019-03-23,9,0,88,155.83,155.83,0.0,-46962.678468,0.0
2019-03-23,9,0,89,148.85,148.85,0.0,-44859.107297,0.0
2019-03-23,9,0,90,208.93,208.93,0.0,-62965.490678,0.0
2019-03-23,9,0,91,785.09,785.09,0.0,-236603.537437,0.0
2019-03-23,9,0,92,276.23,276.23,0.0,-83247.774327,0.0
2019-03-23,9,0,95,27.01,27.01,0.0,686.42386,0.0
2019-03-23,9,0,96,29.88,29.88,0.0,183.783512,0.0
2019-03-23,9,0,97,183.75,183.75,0.0,1130.194789,0.0
2019-03-23,9,0,99,2.57,2.57,0.0,18.432016,0.0
2019-03-23,9,0,101,3.96,3.96,0.0,24.390161,0.0
2019-03-23,9,0,102,38.44,38.44,0.0,-16154.082232,0.0
2019-03-23,9,0,103,33.43,33.43,0.0,-14048.672451,0.0
2019-03-23,9,0,104,6.24,6.24,0.0,-2622.306793,0.0
2019-03-23,9,0,106,87.88,87.88,0.0,541.971796,0.0
2019-03-23,9,0,109,186.24,186.24,0.0,1278.206828,0.0
2019-03-23,9,0,110,141.58,141.58,0.0,-141580.0,0.0
2019-03-23,9,0,111,5.87,5.87,0.0,38.662217,0.0
2019-03-23,9,0,113,84.3,84.3,0.0,-22970.555934,0.0
2019-03-23,9,0,115,84.3,84.3,0.0,-22970.555934,0.0
2019-03-23,9,0,116,45.63,45.63,0.0,-45630.0,0.0
2019-03-23,9,0,117,5.73,5.73,0.0,-1561.343838,0.0
2019-03-23,9,0,119,60.0,60.0,0.0,5885.693256,0.0
2019-03-23,9,0,120,35.28,35.28,0.0,3460.787635,0.0
2019-03-23,9,0,123,1.46,1.46,0.0,9.004083,0.0
2019-03-23,9,0,125,132.24,132.24,0.0,815.54791,0.0
2019-03-23,9,0,126,65.91,65.91,0.0,406.478847,0.0
2019-03-23,9,0,127,84.58,84.58,0.0,521.620102,0.0
2019-03-23,9,0,128,189.4,189.4,0.0,1168.063931,0.0
2019-03-23,9,0,131,30.0,30.0,0.0,-11463.791279,0.0
2019-03-23,9,0,132,44.1,44.1,0.0,-16851.77318,0.0
2019-03-23,9,0,133,40.2,40.2,0.0,298.976888,0.0
2019-03-23,9,0,134,0.0,0.0,0.0,0.0,0.0
2019-03-23,9,0,135,53.87,53.87,0.0,400.643905,0.0
2019-03-23,9,0,136,45.9,45.9,0.0,340.894666,0.0
2019-03-23,9,0,139,44.94,44.94,0.0,295.993195,0.0
2019-03-23,9,0,140,104.78,104.78,0.0,-104780.0,0.0
2019-03-23,9,0,141,75.23,75.23,0.0,-42351.304644,0.0
2019-03-23,9,0,142,152.41,152.41,0.0,-85800.376722,0.0
2019-03-23,9,0,143,22.68,22.68,0.0,139.689104,0.0
2019-03-23,9,0,145,30.0,30.0,0.0,192.614394,0.0
2019-03-23,9,0,146,154.65,154.65,0.0,-154650.0,0.0
2019-03-23,9,0,152,3.12,3.12,0.0,22.409283,0.0
2019-03-23,9,0,153,3.96,3.96,0.0,28.397242,0.0
2019-03-23,9,0,154,24.22,24.22,0.0,159.522812,0.0
2019-03-23,9,0,157,124.37,124.37,0.0,-70015.04398,0.0
2019-03-23,9,0,158,107.54,107.54,0.0,-60540.466588,0.0
2019-03-23,9,0,159,0.0,0.0,0.0,0.0,0.0
2019-03-23,9,0,160,1.04,1.04,0.0,7.653884,0.0
2019-03-23,9,0,161,22.08,22.08,0.0,-9278.93173,0.0
2019-03-23,9,0,162,30.91,30.91,0.0,810.766521,0.0
2019-03-23,9,0,163,130.13,130.13,0.0,-130130.0,0.0
2019-03-23,9,0,164,7.13,7.13,0.0,43.914608,0.0
2019-03-23,9,0,167,2.47,2.47,0.0,57.527712,0.0
2019-03-23,9,0,168,1.24,1.24,0.0,28.880309,0.0
2019-03-23,9,0,169,0.0,0.0,0.0,0.0,0.0
2019-03-23,9,0,170,2.71,2.71,0.0,63.117449,0.0
2019-03-23,9,0,172,3.51,3.51,0.0,103.297654,0.0
2019-03-23,9,0,173,5.35,5.35,0.0,157.447992,0.0
2019-03-23,9,0,188,4.48,4.48,0.0,43.405312,0.0
2019-03-23,9,0,190,3.92,3.92,0.0,127.116024,0.0
2019-03-23,9,0,191,10.13,10.13,0.0,328.491154,0.0
2019-03-23,9,0,192,118.82,118.82,0.0,3853.042337,0.0
2019-03-23,9,0,194,130.37,130.37,0.0,-18161.000688,0.0
2019-03-23,9,0,196,2.45,2.45,0.0,609.219399,0.0
2019-03-23,9,0,198,4.75,4.75,0.0,36.575071,0.0
2019-03-23,9,0,199,30.44,30.44,0.0,-1018.96545,0.0
2019-03-23,9,0,200,7.31,7.31,0.0,-244.698996,0.0
2019-03-23,9,0,204,480.72,480.72,0.0,3284.031883,0.0
2019-03-23,9,0,205,1048.92,1048.92,0.0,7198.972865,0.0
2019-03-23,9,0,206,539.94,539.94,0.0,3321.019725,0.0
2019-03-23,9,0,210,1.0,1.0,0.0,7.938763,0.0
2019-03-23,9,0,214,5.17,5.17,0.0,40.284143,0.0
2019-03-23,9,0,217,3.68,3.68,0.0,28.918214,0.0
2019-03-23,9,0,218,5.08,5.08,0.0,39.919708,0.0
2019-03-23,9,0,219,3.46,3.46,0.0,27.189408,0.0
2019-03-23,9,0,221,2.76,2.76,0.0,21.505654,0.0
2019-03-23,9,0,225,3.12,3.12,0.0,24.613529,0.0
2019-03-23,9,0,233,3.17,3.17,0.0,24.281533,0.0
2019-03-23,9,0,236,52.58,52.58,0.0,384.551567,0.0
2019-03-23,9,0,237,31.88,31.88,0.0,228.643068,0.0
2019-03-23,9,0,238,29.42,29.42,0.0,217.353871,0.0
2019-03-23,9,0,240,4.59,4.59,0.0,32.57768,0.0
2019-03-23,9,0,245,78.0,78.0,0.0,582.618507,0.0
2019-03-23,9,0,247,140.02,140.02,0.0,1045.874914,0.0
2019-03-23,9,0,248,3.2,3.2,0.0,22.950371,0.0
2019-03-23,9,0,249,150.0,150.0,0.0,1120.420205,0.0
2019-03-23,9,0,251,237.72,237.72,0.0,1762.128874,0.0
2019-03-23,9,0,252,243.1,243.1,0.0,1805.599209,0.0
2019-03-23,9,0,254,7.2,7.2,0.0,51.908062,0.0
2019-03-23,9,0,255,3.3,3.3,0.0,23.791195,0.0
2019-03-23,9,0,258,5.72,5.72,0.0,40.654849,0.0
2019-03-23,9,0,260,2.53,2.53,0.0,18.619545,0.0
2019-03-23,9,0,265,25.08,25.08,0.0,165.187123,0.0
2019-03-23,9,0,266,29.1,29.1,0.0,191.664485,0.0
2019-03-23,9,0,267,35.76,35.76,0.0,235.529965,0.0
2019-03-23,9,0,270,406.38,406.38,0.0,-406380.0,0.0
2019-03-23,9,0,272,281.31,281.31,0.0,-76652.990389,0.0
2019-03-23,9,0,273,10.91,10.91,0.0,-10910.0,0.0
2019-03-23,9,0,274,523.87,523.87,0.0,-523870.0,0.0
2019-03-23,9,0,275,729.24,729.24,0.0,-729240.0,0.0
2019-03-23,9,0,276,2.41,2.41,0.0,-2174.826585,0.0
2019-03-23,9,0,277,2.98,2.98,0.0,-846.518037,0.0
2019-03-23,9,0,278,4.78,4.78,0.0,-1357.837657,0.0
2019-03-23,9,0,279,264.6,264.6,0.0,-75163.984133,0.0
2019-03-23,9,0,281,4.95,4.95,0.0,30.487701,0.0
2019-03-23,9,0,282,107.83,107.83,0.0,664.139156,0.0
2019-03-23,10,0,9,2.18,2.18,0.0,-32.920096,0.0
2019-03-23,10,0,17,34.73,34.73,0.0,105.594463,0.0
2019-03-23,10,0,19,349.46,349.46,0.0,1062.511977,0.0
2019-03-23,10,0,20,433.01,433.01,0.0,1316.540694,0.0
2019-03-23,10,0,21,49.85,49.85,0.0,-752.782927,0.0
2019-03-23,10,0,22,177.18,177.18,0.0,-2675.588345,0.0
2019-03-23,10,0,23,89.58,89.58,0.0,-1352.744124,0.0
2019-03-23,10,0,24,158.49,158.49,0.0,-2393.351376,0.0
2019-03-23,10,0,29,5.48,5.48,0.0,50.341532,0.0
2019-03-23,10,0,30,403.01,403.01,0.0,-6132.093851,0.0
2019-03-23,10,0,31,20.5,20.5,0.0,-311.922592,0.0
2019-03-23,10,0,32,3.01,3.01,0.0,69.414896,0.0
2019-03-23,10,0,33,1.94,1.94,0.0,12.120377,0.0
2019-03-23,10,0,34,3.11,3.11,0.0,19.430089,0.0
2019-03-23,10,0,35,3.11,3.11,0.0,19.430089,0.0
2019-03-23,10,0,36,7.66,7.66,0.0,-14.101678,0.0
2019-03-23,10,0,37,3.7,3.7,0.0,-7.004057,0.0
2019-03-23,10,0,38,4.75,4.75,0.0,-8.991695,0.0
2019-03-23,10,0,39,3.17,3.17,0.0,-6.000774,0.0
2019-03-23,10,0,40,3.17,3.17,0.0,-6.000774,0.0
2019-03-23,10,0,41,34.37,34.37,0.0,-313.434494,0.0
2019-03-23,10,0,42,41.94,41.94,0.0,98.359191,0.0
2019-03-23,10,0,43,22.18,22.18,0.0,-21.610293,0.0
2019-03-23,10,0,46,20.7,20.7,0.0,-64.405307,0.0
2019-03-23,10,0,52,21.75,21.75,0.0,-330.942263,0.0
2019-03-23,10,0,53,34.67,34.67,0.0,-527.529574,0.0
2019-03-23,10,0,55,61.55,61.55,0.0,-929.464176,0.0
2019-03-23,10,0,56,118.87,118.87,0.0,-1808.694563,0.0
2019-03-23,10,0,57,113.08,113.08,0.0,-1720.595451,0.0
2019-03-23,10,0,58,217.45,217.45,0.0,-3308.661839,0.0
2019-03-23,10,0,59,213.83,213.83,0.0,-3253.580874,0.0
2019-03-23,10,0,63,51.0,51.0,0.0,5098.927856,0.0
2019-03-23,10,0,64,60.0,60.0,0.0,5998.738654,0.0
2019-03-23,10,0,65,41.4,41.4,0.0,120.527698,0.0
2019-03-23,10,0,67,229.28,229.28,0.0,-128239.369255,0.0
2019-03-23,10,0,68,34.0,34.0,0.0,-14123.842797,0.0
2019-03-23,10,0,69,1.94,1.94,0.0,12.120377,0.0
2019-03-23,10,0,74,30.83,30.83,0.0,-23.209497,0.0
2019-03-23,10,0,77,60.0,60.0,0.0,-17691.45521,0.0
2019-03-23,10,0,78,45.36,45.36,0.0,-13374.740139,0.0
2019-03-23,10,0,79,26.25,26.25,0.0,-7740.011654,0.0
2019-03-23,10,0,80,42.45,42.45,0.0,-12516.704561,0.0
2019-03-23,10,0,81,55.5,55.5,0.0,-16364.596069,0.0
2019-03-23,10,0,82,39.15,39.15,0.0,-11543.674524,0.0
2019-03-23,10,0,83,87.3,87.3,0.0,-25741.06733,0.0
2019-03-23,10,0,84,0.0,0.0,0.0,0.0,0.0
2019-03-23,10,0,86,9.85,9.85,0.0,61.539027,0.0
2019-03-23,10,0,87,50.29,50.29,0.0,314.192656,0.0
2019-03-23,10,0,88,103.48,103.48,0.0,-30511.863085,0.0
2019-03-23,10,0,89,99.0,99.0,0.0,-29190.901096,0.0
2019-03-23,10,0,90,137.47,137.47,0.0,-40534.072461,0.0
2019-03-23,10,0,91,509.29,509.29,0.0,-150168.020396,0.0
2019-03-23,10,0,92,180.45,180.45,0.0,-53207.051543,0.0
2019-03-23,10,0,95,75.61,75.61,0.0,1954.12155,0.0
2019-03-23,10,0,96,29.88,29.88,0.0,-458.230332,0.0
2019-03-23,10,0,97,183.75,183.75,0.0,-2817.932515,0.0
2019-03-23,10,0,99,6.34,6.34,0.0,-4.77289,0.0
2019-03-23,10,0,101,8.12,8.12,0.0,-123.551778,0.0
2019-03-23,10,0,102,80.5,80.5,0.0,-33440.274859,0.0
2019-03-23,10,0,103,70.0,70.0,0.0,-29078.499877,0.0
2019-03-23,10,0,104,13.0,13.0,0.0,-5400.292834,0.0
2019-03-23,10,0,106,174.42,174.42,0.0,-2633.909692,0.0
2019-03-23,10,0,109,171.07,171.07,0.0,-885.776718,0.0
2019-03-23,10,0,110,214.58,214.58,0.0,-214580.0,0.0
2019-03-23,10,0,111,11.4,11.4,0.0,-103.961397,0.0
2019-03-23,10,0,113,150.0,150.0,0.0,-40198.6828,0.0
2019-03-23,10,0,115,150.0,150.0,0.0,-40198.6828,0.0
2019-03-23,10,0,116,86.09,86.09,0.0,-86090.0,0.0
2019-03-23,10,0,117,10.0,10.0,0.0,-2679.912187,0.0
2019-03-23,10,0,119,60.0,60.0,0.0,5998.738654,0.0
2019-03-23,10,0,120,35.28,35.28,0.0,3527.258328,0.0
2019-03-23,10,0,123,2.91,2.91,0.0,-43.943798,0.0
2019-03-23,10,0,125,143.42,143.42,0.0,-2165.779888,0.0
2019-03-23,10,0,126,130.81,130.81,0.0,-1975.356764,0.0
2019-03-23,10,0,127,167.88,167.88,0.0,-2535.149404,0.0
2019-03-23,10,0,128,205.42,205.42,0.0,-3102.039496,0.0
2019-03-23,10,0,131,40.31,40.31,0.0,-15195.830809,0.0
2019-03-23,10,0,132,65.03,65.03,0.0,-24514.633528,0.0
2019-03-23,10,0,133,41.94,41.94,0.0,128.026323,0.0
2019-03-23,10,0,134,0.0,0.0,0.0,0.0,0.0
2019-03-23,10,0,135,56.2,56.2,0.0,171.556494,0.0
2019-03-23,10,0,136,45.9,45.9,0.0,133.30312,0.0
2019-03-23,10,0,139,44.39,44.39,0.0,-404.811091,0.0
2019-03-23,10,0,140,158.81,158.81,0.0,-158810.0,0.0
2019-03-23,10,0,141,73.67,73.67,0.0,-41204.615898,0.0
2019-03-23,10,0,142,302.36,302.36,0.0,-169113.990265,0.0
2019-03-23,10,0,143,36.16,36.16,0.0,-550.201021,0.0
2019-03-23,10,0,145,56.19,56.19,0.0,-645.610203,0.0
2019-03-23,10,0,146,193.47,193.47,0.0,-193470.0,0.0
2019-03-23,10,0,152,5.75,5.75,0.0,-3.487221,0.0
2019-03-23,10,0,153,7.32,7.32,0.0,-5.642499,0.0
2019-03-23,10,0,154,47.02,47.02,0.0,-428.795167,0.0
2019-03-23,10,0,157,126.05,126.05,0.0,-70501.450168,0.0
2019-03-23,10,0,158,224.8,224.8,0.0,-125733.645362,0.0
2019-03-23,10,0,159,0.0,0.0,0.0,0.0,0.0
2019-03-23,10,0,160,1.75,1.75,0.0,3.254695,0.0
2019-03-23,10,0,161,43.18,43.18,0.0,-17937.280353,0.0
2019-03-23,10,0,162,72.56,72.56,0.0,1936.554518,0.0
2019-03-23,10,0,163,82.49,82.49,0.0,-82490.0,0.0
2019-03-23,10,0,164,14.99,14.99,0.0,-228.083886,0.0
2019-03-23,10,0,167,3.45,3.45,0.0,81.754619,0.0
2019-03-23,10,0,168,1.72,1.72,0.0,40.758824,0.0
2019-03-23,10,0,169,0.0,0.0,0.0,0.0,0.0
2019-03-23,10,0,170,3.77,3.77,0.0,89.337656,0.0
2019-03-23,10,0,172,4.59,4.59,0.0,158.689617,0.0
2019-03-23,10,0,173,7.0,7.0,0.0,242.010309,0.0
2019-03-23,10,0,188,6.45,6.45,0.0,62.492022,0.0
2019-03-23,10,0,190,7.09,7.09,0.0,229.91138,0.0
2019-03-23,10,0,191,18.31,18.31,0.0,593.748571,0.0
2019-03-23,10,0,192,139.36,139.36,0.0,4519.10436,0.0
2019-03-23,10,0,194,52.95,52.95,0.0,-7190.973292,0.0
2019-03-23,10,0,196,4.62,4.62,0.0,1163.532359,0.0
2019-03-23,10,0,198,8.15,8.15,0.0,54.246764,0.0
2019-03-23,10,0,199,35.92,35.92,0.0,-880.30115,0.0
2019-03-23,10,0,200,12.53,12.53,0.0,-307.076097,0.0
2019-03-23,10,0,204,257.1,257.1,0.0,-1447.970789,0.0
2019-03-23,10,0,205,1010.31,1010.31,0.0,-5231.244966,0.0
2019-03-23,10,0,206,539.94,539.94,0.0,-8280.350924,0.0
2019-03-23,10,0,210,1.56,1.56,0.0,15.363755,0.0
2019-03-23,10,0,214,9.72,9.72,0.0,79.16315,0.0
2019-03-23,10,0,217,6.36,6.36,0.0,56.727706,0.0
2019-03-23,10,0,218,8.77,8.77,0.0,78.223581,0.0
2019-03-23,10,0,219,5.98,5.98,0.0,53.338314,0.0
2019-03-23,10,0,221,5.18,5.18,0.0,42.187769,0.0
2019-03-23,10,0,225,4.92,4.92,0.0,44.882528,0.0
2019-03-23,10,0,233,5.57,5.57,0.0,34.799226,0.0
2019-03-23,10,0,236,97.09,97.09,0.0,124.077784,0.0
2019-03-23,10,0,237,72.04,72.04,0.0,-54.233284,0.0
2019-03-23,10,0,238,54.59,54.59,0.0,128.026424,0.0
2019-03-23,10,0,240,8.68,8.68,0.0,-15.979447,0.0
2019-03-23,10,0,245,78.0,78.0,0.0,274.196053,0.0
2019-03-23,10,0,247,171.72,171.72,0.0,603.653156,0.0
2019-03-23,10,0,248,7.86,7.86,0.0,-5.917179,0.0
2019-03-23,10,0,249,150.0,150.0,0.0,527.300101,0.0
2019-03-23,10,0,251,326.4,326.4,0.0,881.04064,0.0
2019-03-23,10,0,252,267.06,267.06,0.0,777.490992,0.0
2019-03-23,10,0,254,12.8,12.8,0.0,-3.368042,0.0
2019-03-23,10,0,255,5.87,5.87,0.0,-1.544563,0.0
2019-03-23,10,0,258,10.58,10.58,0.0,-17.996383,0.0
2019-03-23,10,0,260,4.25,4.25,0.0,7.904259,0.0
2019-03-23,10,0,265,48.69,48.69,0.0,-444.0246,0.0
2019-03-23,10,0,266,28.74,28.74,0.0,-262.092155,0.0
2019-03-23,10,0,267,35.32,35.32,0.0,-322.097944,0.0
2019-03-23,10,0,270,257.49,257.49,0.0,-257490.0,0.0
2019-03-23,10,0,272,501.3,501.3,0.0,-134343.997917,0.0
2019-03-23,10,0,273,20.59,20.59,0.0,-20590.0,0.0
2019-03-23,10,0,274,331.91,331.91,0.0,-331910.0,0.0
2019-03-23,10,0,275,461.99,461.99,0.0,-461990.0,0.0
2019-03-23,10,0,276,4.53,4.53,0.0,-4084.266018,0.0
2019-03-23,10,0,277,5.66,5.66,0.0,-1577.795066,0.0
2019-03-23,10,0,278,9.06,9.06,0.0,-2525.587156,0.0
2019-03-23,10,0,279,264.6,264.6,0.0,-73760.525542,0.0
2019-03-23,10,0,281,9.14,9.14,0.0,-139.071829,0.0
2019-03-23,10,0,282,221.08,221.08,0.0,-3363.894962,0.0
2019-03-23,11,0,9,3.25,3.25,0.0,-496.192521,0.0
2019-03-23,11,0,17,49.42,49.42,0.0,73.371535,0.0
2019-03-23,11,0,19,192.99,192.99,0.0,286.523119,0.0
2019-03-23,11,0,20,234.06,234.06,0.0,347.497804,0.0
2019-03-23,11,0,21,74.32,74.32,0.0,-11346.777891,0.0
2019-03-23,11,0,22,264.14,264.14,0.0,-40327.474596,0.0
2019-03-23,11,0,23,39.39,39.39,0.0,-6013.853352,0.0
2019-03-23,11,0,24,69.66,69.66,0.0,-10635.314153,0.0
2019-03-23,11,0,29,8.02,8.02,0.0,28.212096,0.0
2019-03-23,11,0,30,610.65,610.65,0.0,-93804.998725,0.0
2019-03-23,11,0,31,43.98,43.98,0.0,-6755.987626,0.0
2019-03-23,11,0,32,4.31,4.31,0.0,136.985531,0.0
2019-03-23,11,0,33,2.78,2.78,0.0,84.960167,0.0
2019-03-23,11,0,34,4.45,4.45,0.0,135.997389,0.0
2019-03-23,11,0,35,4.45,4.45,0.0,135.997389,0.0
2019-03-23,11,0,36,11.18,11.18,0.0,-502.443336,0.0
2019-03-23,11,0,37,5.42,5.42,0.0,-248.037918,0.0
2019-03-23,11,0,38,6.97,6.97,0.0,-318.971271,0.0
2019-03-23,11,0,39,4.65,4.65,0.0,-212.800059,0.0
2019-03-23,11,0,40,4.65,4.65,0.0,-212.800059,0.0
2019-03-23,11,0,41,22.73,22.73,0.0,-2346.589419,0.0
2019-03-23,11,0,42,64.21,64.21,0.0,-309.371861,0.0
2019-03-23,11,0,43,32.27,32.27,0.0,-1273.930274,0.0
2019-03-23,11,0,46,29.61,29.61,0.0,-1660.005648,0.0
2019-03-23,11,0,52,46.76,46.76,0.0,-7183.037322,0.0
2019-03-23,11,0,53,76.16,76.16,0.0,-11699.318272,0.0
2019-03-23,11,0,55,195.96,195.96,0.0,-29918.118884,0.0
2019-03-23,11,0,56,180.12,180.12,0.0,-27669.133498,0.0
2019-03-23,11,0,57,171.33,171.33,0.0,-26318.857662,0.0
2019-03-23,11,0,58,329.49,329.49,0.0,-50614.605797,0.0
2019-03-23,11,0,59,324.0,324.0,0.0,-49771.259456,0.0
2019-03-23,11,0,63,51.0,51.0,0.0,5992.650564,0.0
2019-03-23,11,0,64,60.0,60.0,0.0,7050.177135,0.0
2019-03-23,11,0,65,41.4,41.4,0.0,12.99281,0.0
2019-03-23,11,0,67,346.61,346.61,0.0,-183766.694049,0.0
2019-03-23,11,0,68,23.7,23.7,0.0,-8929.309485,0.0
2019-03-23,11,0,69,2.78,2.78,0.0,84.960167,0.0
2019-03-23,11,0,74,40.79,40.79,0.0,-1329.152334,0.0
2019-03-23,11,0,77,60.0,60.0,0.0,-14578.496174,0.0
2019-03-23,11,0,78,45.36,45.36,0.0,-11021.343108,0.0
2019-03-23,11,0,79,26.25,26.25,0.0,-6378.092076,0.0
2019-03-23,11,0,80,42.45,42.45,0.0,-10314.286043,0.0
2019-03-23,11,0,81,55.5,55.5,0.0,-13485.108961,0.0
2019-03-23,11,0,82,39.15,39.15,0.0,-9512.468754,0.0
2019-03-23,11,0,83,87.3,87.3,0.0,-21211.711934,0.0
2019-03-23,11,0,84,0.0,0.0,0.0,0.0,0.0
2019-03-23,11,0,86,14.09,14.09,0.0,430.607464,0.0
2019-03-23,11,0,87,71.92,71.92,0.0,2197.962299,0.0
2019-03-23,11,0,88,51.18,51.18,0.0,-12435.457237,0.0
2019-03-23,11,0,89,49.2,49.2,0.0,-11954.366863,0.0
2019-03-23,11,0,90,66.06,66.06,0.0,-16050.924288,0.0
2019-03-23,11,0,91,235.65,235.65,0.0,-57257.043725,0.0
2019-03-23,11,0,92,84.75,84.75,0.0,-20592.125846,0.0
2019-03-23,11,0,95,96.29,96.29,0.0,2447.084542,0.0
2019-03-23,11,0,96,31.88,31.88,0.0,-4928.577365,0.0
2019-03-23,11,0,97,234.28,234.28,0.0,-36219.168914,0.0
2019-03-23,11,0,99,8.75,8.75,0.0,-285.120935,0.0
2019-03-23,11,0,101,12.3,12.3,0.0,-1889.464479,0.0
2019-03-23,11,0,102,56.13,56.13,0.0,-21147.769679,0.0
2019-03-23,11,0,103,48.81,48.81,0.0,-18389.85637,0.0
2019-03-23,11,0,104,9.06,9.06,0.0,-3413.482866,0.0
2019-03-23,11,0,106,260.02,260.02,0.0,-39698.455155,0.0
2019-03-23,11,0,109,83.48,83.48,0.0,-5986.315737,0.0
2019-03-23,11,0,110,124.25,124.25,0.0,-124250.0,0.0
2019-03-23,11,0,111,16.9,16.9,0.0,-1744.714526,0.0
2019-03-23,11,0,113,84.2,84.2,0.0,-19504.400362,0.0
2019-03-23,11,0,115,84.2,84.2,0.0,-19504.400362,0.0
2019-03-23,11,0,116,126.77,126.77,0.0,-126770.0,0.0
2019-03-23,11,0,117,5.66,5.66,0.0,-1311.103397,0.0
2019-03-23,11,0,119,60.0,60.0,0.0,7050.177135,0.0
2019-03-23,11,0,120,35.28,35.28,0.0,4145.504155,0.0
2019-03-23,11,0,123,4.33,4.33,0.0,-661.081112,0.0
2019-03-23,11,0,125,63.04,63.04,0.0,-9624.608157,0.0
2019-03-23,11,0,126,195.02,195.02,0.0,-29774.604739,0.0
2019-03-23,11,0,127,250.27,250.27,0.0,-38209.877592,0.0
2019-03-23,11,0,128,90.27,90.27,0.0,-13781.938108,0.0
2019-03-23,11,0,131,26.75,26.75,0.0,-8982.40073,0.0
2019-03-23,11,0,132,39.33,39.33,0.0,-13206.647503,0.0
2019-03-23,11,0,133,41.94,41.94,0.0,66.892682,0.0
2019-03-23,11,0,134,0.0,0.0,0.0,0.0,0.0
2019-03-23,11,0,135,56.2,56.2,0.0,89.636832,0.0
2019-03-23,11,0,136,45.9,45.9,0.0,11.454828,0.0
2019-03-23,11,0,139,29.36,29.36,0.0,-3031.054348,0.0
2019-03-23,11,0,140,91.96,91.96,0.0,-91960.0,0.0
2019-03-23,11,0,141,82.1,82.1,0.0,-43528.015872,0.0
2019-03-23,11,0,142,457.09,457.09,0.0,-242341.300548,0.0
2019-03-23,11,0,143,76.49,76.49,0.0,-11750.011222,0.0
2019-03-23,11,0,145,100.0,100.0,0.0,-12320.444979,0.0
2019-03-23,11,0,146,193.83,193.83,0.0,-193830.0,0.0
2019-03-23,11,0,152,8.47,8.47,0.0,-269.135755,0.0
2019-03-23,11,0,153,10.53,10.53,0.0,-350.418651,0.0
2019-03-23,11,0,154,69.73,69.73,0.0,-7198.754077,0.0
2019-03-23,11,0,157,155.4,155.4,0.0,-82390.422248,0.0
2019-03-23,11,0,158,341.31,341.31,0.0,-180956.724693,0.0
2019-03-23,11,0,159,0.0,0.0,0.0,-0.0,0.0
2019-03-23,11,0,160,2.58,2.58,0.0,-49.492589,0.0
2019-03-23,11,0,161,64.83,64.83,0.0,-24425.617465,0.0
2019-03-23,11,0,162,162.5,162.5,0.0,4300.014496,0.0
2019-03-23,11,0,163,89.12,89.12,0.0,-89120.0,0.0
2019-03-23,11,0,164,22.51,22.51,0.0,-3457.873612,0.0
2019-03-23,11,0,167,4.97,4.97,0.0,113.040353,0.0
2019-03-23,11,0,168,2.48,2.48,0.0,56.406454,0.0
2019-03-23,11,0,169,0.0,0.0,0.0,0.0,0.0
2019-03-23,11,0,170,5.43,5.43,0.0,123.502841,0.0
2019-03-23,11,0,172,6.7,6.7,0.0,479.129139,0.0
2019-03-23,11,0,173,10.21,10.21,0.0,730.135598,0.0
2019-03-23,11,0,188,9.26,9.26,0.0,120.302558,0.0
2019-03-23,11,0,190,10.2,10.2,0.0,330.761083,0.0
2019-03-23,11,0,191,26.35,26.35,0.0,854.46613,0.0
2019-03-23,11,0,192,97.95,97.95,0.0,3176.27922,0.0
2019-03-23,11,0,194,52.95,52.95,0.0,-5658.927771,0.0
2019-03-23,11,0,196,6.77,6.77,0.0,1894.371403,0.0
2019-03-23,11,0,198,11.8,11.8,0.0,145.669437,0.0
2019-03-23,11,0,199,56.82,56.82,0.0,2241.131757,0.0
2019-03-23,11,0,200,17.69,17.69,0.0,697.740598,0.0
2019-03-23,11,0,204,257.1,257.1,0.0,-19442.87757,0.0
2019-03-23,11,0,205,545.8,545.8,0.0,-39139.088756,0.0
2019-03-23,11,0,206,895.48,895.48,0.0,-138439.223917,0.0
2019-03-23,11,0,210,2.22,2.22,0.0,24.021686,0.0
2019-03-23,11,0,214,14.05,14.05,0.0,671.15151,0.0
2019-03-23,11,0,217,9.03,9.03,0.0,287.793135,0.0
2019-03-23,11,0,218,12.47,12.47,0.0,397.428615,0.0
2019-03-23,11,0,219,8.49,8.49,0.0,270.582914,0.0
2019-03-23,11,0,221,7.49,7.49,0.0,357.788243,0.0
2019-03-23,11,0,225,7.04,7.04,0.0,19.799707,0.0
2019-03-23,11,0,233,7.97,7.97,0.0,243.572852,0.0
2019-03-23,11,0,236,120.69,120.69,0.0,-1755.245254,0.0
2019-03-23,11,0,237,90.94,90.94,0.0,-2963.302606,0.0
2019-03-23,11,0,238,83.58,83.58,0.0,-402.698959,0.0
2019-03-23,11,0,240,12.67,12.67,0.0,-569.40582,0.0
2019-03-23,11,0,245,78.0,78.0,0.0,451.62695,0.0
2019-03-23,11,0,247,171.72,171.72,0.0,994.2741,0.0
2019-03-23,11,0,248,10.83,10.83,0.0,-352.898254,0.0
2019-03-23,11,0,249,150.0,150.0,0.0,868.513365,0.0
2019-03-23,11,0,251,326.4,326.4,0.0,-524.99825,0.0
2019-03-23,11,0,252,267.06,267.06,0.0,83.813039,0.0
2019-03-23,11,0,254,18.82,18.82,0.0,-647.120694,0.0
2019-03-23,11,0,255,8.63,8.63,0.0,-296.740254,0.0
2019-03-23,11,0,258,15.41,15.41,0.0,-678.945777,0.0
2019-03-23,11,0,260,6.27,6.27,0.0,-120.278502,0.0
2019-03-23,11,0,265,72.2,72.2,0.0,-7453.750815,0.0
2019-03-23,11,0,266,19.01,19.01,0.0,-1962.545748,0.0
2019-03-23,11,0,267,23.36,23.36,0.0,-2411.629073,0.0
2019-03-23,11,0,270,301.5,301.5,0.0,-301500.0,0.0
2019-03-23,11,0,272,281.17,281.17,0.0,-65131.261873,0.0
2019-03-23,11,0,273,30.31,30.31,0.0,-30310.0,0.0
2019-03-23,11,0,274,393.73,393.73,0.0,-393730.0,0.0
2019-03-23,11,0,275,555.52,555.52,0.0,-555520.0,0.0
2019-03-23,11,0,276,6.76,6.76,0.0,-6050.874364,0.0
2019-03-23,11,0,277,8.34,8.34,0.0,-1969.796088,0.0
2019-03-23,11,0,278,13.35,13.35,0.0,-3153.090861,0.0
2019-03-23,11,0,279,251.5,251.5,0.0,-59400.925201,0.0
2019-03-23,11,0,281,19.18,19.18,0.0,-2946.335668,0.0
2019-03-23,11,0,282,334.98,334.98,0.0,-51457.952138,0.0
2019-03-23,12,0,9,4.14,4.14,0.0,-2024.696943,0.0
2019-03-23,12,0,17,61.13,61.13,0.0,1088.759774,0.0
2019-03-23,12,0,19,192.99,192.99,0.0,3437.260736,0.0
2019-03-23,12,0,20,234.06,234.06,0.0,4168.740597,0.0
2019-03-23,12,0,21,94.7,94.7,0.0,-46313.719939,0.0
2019-03-23,12,0,22,336.57,336.57,0.0,-164601.992817,0.0
2019-03-23,12,0,23,31.3,31.3,0.0,-15307.491384,0.0
2019-03-23,12,0,24,52.4,52.4,0.0,-25626.598995,0.0
2019-03-23,12,0,29,9.74,9.74,0.0,33.032873,0.0
2019-03-23,12,0,30,772.9,772.9,0.0,-772900.0,0.0
2019-03-23,12,0,31,94.39,94.39,0.0,-94390.0,0.0
2019-03-23,12,0,32,5.19,5.19,0.0,155.224378,0.0
2019-03-23,12,0,33,3.56,3.56,0.0,197.48817,0.0
2019-03-23,12,0,34,5.69,5.69,0.0,315.648227,0.0
2019-03-23,12,0,35,5.69,5.69,0.0,315.648227,0.0
2019-03-23,12,0,36,14.39,14.39,0.0,-630.507306,0.0
2019-03-23,12,0,37,6.99,6.99,0.0,-315.223297,0.0
2019-03-23,12,0,38,8.99,8.99,0.0,-405.415943,0.0
2019-03-23,12,0,39,5.99,5.99,0.0,-270.126974,0.0
2019-03-23,12,0,40,5.99,5.99,0.0,-270.126974,0.0
2019-03-23,12,0,41,15.89,15.89,0.0,-1865.097946,0.0
2019-03-23,12,0,42,84.17,84.17,0.0,811.938071,0.0
2019-03-23,12,0,43,41.21,41.21,0.0,-1601.341515,0.0
2019-03-23,12,0,46,37.29,37.29,0.0,-2135.70126,0.0
2019-03-23,12,0,52,100.05,100.05,0.0,-100050.0,0.0
2019-03-23,12,0,53,158.95,158.95,0.0,-158950.0,0.0
2019-03-23,12,0,55,414.36,414.36,0.0,-202645.75495,0.0
2019-03-23,12,0,56,227.98,227.98,0.0,-227980.0,0.0
2019-03-23,12,0,57,216.86,216.86,0.0,-216860.0,0.0
2019-03-23,12,0,58,417.03,417.03,0.0,-417030.0,0.0
2019-03-23,12,0,59,410.08,410.08,0.0,-410080.0,0.0
2019-03-23,12,0,63,51.0,51.0,0.0,5913.398643,0.0
2019-03-23,12,0,64,60.0,60.0,0.0,6956.939581,0.0
2019-03-23,12,0,65,41.4,41.4,0.0,674.570519,0.0
2019-03-23,12,0,67,445.92,445.92,0.0,-234893.502143,0.0
2019-03-23,12,0,68,18.88,18.88,0.0,-7027.617448,0.0
2019-03-23,12,0,69,3.56,3.56,0.0,197.48817,0.0
2019-03-23,12,0,74,72.4,72.4,0.0,-1903.701441,0.0
2019-03-23,12,0,77,50.08,50.08,0.0,-11836.561038,0.0
2019-03-23,12,0,78,37.86,37.86,0.0,-8948.326695,0.0
2019-03-23,12,0,79,21.91,21.91,0.0,-5178.495454,0.0
2019-03-23,12,0,80,35.43,35.43,0.0,-8373.98877,0.0
2019-03-23,12,0,81,46.32,46.32,0.0,-10947.873548,0.0
2019-03-23,12,0,82,32.68,32.68,0.0,-7724.017866,0.0
2019-03-23,12,0,83,72.87,72.87,0.0,-17223.047181,0.0
2019-03-23,12,0,84,0.0,0.0,0.0,-0.0,0.0
2019-03-23,12,0,86,18.03,18.03,0.0,1000.199917,0.0
2019-03-23,12,0,87,92.06,92.06,0.0,5106.955319,0.0
2019-03-23,12,0,88,48.52,48.52,0.0,-11467.850271,0.0
2019-03-23,12,0,89,46.64,46.64,0.0,-11023.506526,0.0
2019-03-23,12,0,90,62.62,62.62,0.0,-14800.428359,0.0
2019-03-23,12,0,91,223.39,223.39,0.0,-52798.909151,0.0
2019-03-23,12,0,92,80.34,80.34,0.0,-18988.604509,0.0
2019-03-23,12,0,95,120.0,120.0,0.0,3049.643213,0.0
2019-03-23,12,0,96,25.75,25.75,0.0,-3377.384188,0.0
2019-03-23,12,0,97,158.31,158.31,0.0,-20764.026825,0.0
2019-03-23,12,0,99,13.97,13.97,0.0,-367.330237,0.0
2019-03-23,12,0,101,15.57,15.57,0.0,-15570.0,0.0
2019-03-23,12,0,102,44.71,44.71,0.0,-16642.202124,0.0
2019-03-23,12,0,103,38.88,38.88,0.0,-14472.127456,0.0
2019-03-23,12,0,104,7.22,7.22,0.0,-2687.468113,0.0
2019-03-23,12,0,106,331.33,331.33,0.0,-162039.332917,0.0
2019-03-23,12,0,109,60.0,60.0,0.0,-4458.182038,0.0
2019-03-23,12,0,110,120.45,120.45,0.0,-120450.0,0.0
2019-03-23,12,0,111,22.63,22.63,0.0,-2656.209347,0.0
2019-03-23,12,0,113,35.92,35.92,0.0,-8210.643956,0.0
2019-03-23,12,0,115,35.92,35.92,0.0,-8210.643956,0.0
2019-03-23,12,0,116,160.43,160.43,0.0,-160430.0,0.0
2019-03-23,12,0,117,2.39,2.39,0.0,-546.309551,0.0
2019-03-23,12,0,119,60.0,60.0,0.0,6956.939581,0.0
2019-03-23,12,0,120,35.28,35.28,0.0,4090.680473,0.0
2019-03-23,12,0,123,5.52,5.52,0.0,-2699.595925,0.0
2019-03-23,12,0,125,47.95,47.95,0.0,-23450.294309,0.0
2019-03-23,12,0,126,248.49,248.49,0.0,-121525.831759,0.0
2019-03-23,12,0,127,318.9,318.9,0.0,-155960.351515,0.0
2019-03-23,12,0,128,65.73,65.73,0.0,-32145.731907,0.0
2019-03-23,12,0,131,20.81,20.81,0.0,-6887.146212,0.0
2019-03-23,12,0,132,30.59,30.59,0.0,-10123.873264,0.0
2019-03-23,12,0,133,41.94,41.94,0.0,752.967686,0.0
2019-03-23,12,0,134,0.0,0.0,0.0,0.0,0.0
2019-03-23,12,0,135,56.2,56.2,0.0,1008.98388,0.0
2019-03-23,12,0,136,45.9,45.9,0.0,744.071871,0.0
2019-03-23,12,0,139,20.52,20.52,0.0,-2408.546875,0.0
2019-03-23,12,0,140,89.15,89.15,0.0,-89150.0,0.0
2019-03-23,12,0,141,114.26,114.26,0.0,-60187.772593,0.0
2019-03-23,12,0,142,588.06,588.06,0.0,-309767.386236,0.0
2019-03-23,12,0,143,155.12,155.12,0.0,-155120.0,0.0
2019-03-23,12,0,145,51.83,51.83,0.0,-6928.896254,0.0
2019-03-23,12,0,146,216.28,216.28,0.0,-216280.0,0.0
2019-03-23,12,0,152,10.9,10.9,0.0,-275.642263,0.0
2019-03-23,12,0,153,13.63,13.63,0.0,-371.228944,0.0
2019-03-23,12,0,154,93.35,93.35,0.0,-10957.010274,0.0
2019-03-23,12,0,157,200.03,200.03,0.0,-105368.109153,0.0
2019-03-23,12,0,158,445.23,445.23,0.0,-234530.036686,0.0
2019-03-23,12,0,159,0.0,0.0,0.0,-0.0,0.0
2019-03-23,12,0,160,3.28,3.28,0.0,-58.451823,0.0
2019-03-23,12,0,161,82.28,82.28,0.0,-30626.714174,0.0
2019-03-23,12,0,162,162.5,162.5,0.0,4295.333975,0.0
2019-03-23,12,0,163,81.61,81.61,0.0,-81610.0,0.0
2019-03-23,12,0,164,29.47,29.47,0.0,-29470.0,0.0
2019-03-23,12,0,167,6.1,6.1,0.0,138.913406,0.0
2019-03-23,12,0,168,3.05,3.05,0.0,69.456703,0.0
2019-03-23,12,0,169,0.0,0.0,0.0,0.0,0.0
2019-03-23,12,0,170,6.68,6.68,0.0,152.121566,0.0
2019-03-23,12,0,172,8.08,8.08,0.0,28.131869,0.0
2019-03-23,12,0,173,12.32,12.32,0.0,42.894136,0.0
2019-03-23,12,0,188,11.11,11.11,0.0,121.582076,0.0
2019-03-23,12,0,190,12.55,12.55,0.0,406.965842,0.0
2019-03-23,12,0,191,32.42,32.42,0.0,1051.301402,0.0
2019-03-23,12,0,192,90.9,90.9,0.0,2947.664942,0.0
2019-03-23,12,0,194,52.95,52.95,0.0,-5628.596783,0.0
2019-03-23,12,0,196,8.67,8.67,0.0,2420.570946,0.0
2019-03-23,12,0,198,14.64,14.64,0.0,168.322836,0.0
2019-03-23,12,0,199,113.69,113.69,0.0,4423.01019,0.0
2019-03-23,12,0,200,21.59,21.59,0.0,839.9401,0.0
2019-03-23,12,0,204,257.1,257.1,0.0,-20308.87927,0.0
2019-03-23,12,0,205,317.4,317.4,0.0,-23583.782982,0.0
2019-03-23,12,0,206,465.16,465.16,0.0,-61010.641892,0.0
2019-03-23,12,0,210,2.71,2.71,0.0,5.950488,0.0
2019-03-23,12,0,214,17.88,17.88,0.0,1390.431269,0.0
2019-03-23,12,0,217,11.23,11.23,0.0,578.991879,0.0
2019-03-23,12,0,218,15.49,15.49,0.0,798.627266,0.0
2019-03-23,12,0,219,10.55,10.55,0.0,543.932709,0.0
2019-03-23,12,0,221,9.53,9.53,0.0,741.096756,0.0
2019-03-23,12,0,225,8.64,8.64,0.0,30.299954,0.0
2019-03-23,12,0,233,10.2,10.2,0.0,565.836892,0.0
2019-03-23,12,0,236,152.89,152.89,0.0,-451.815244,0.0
2019-03-23,12,0,237,173.69,173.69,0.0,-4567.042863,0.0
2019-03-23,12,0,238,109.55,109.55,0.0,1056.763878,0.0
2019-03-23,12,0,240,16.31,16.31,0.0,-714.633368,0.0
2019-03-23,12,0,245,78.0,78.0,0.0,1824.22582,0.0
2019-03-23,12,0,247,171.72,171.72,0.0,4016.103305,0.0
2019-03-23,12,0,248,17.43,17.43,0.0,-458.308234,0.0
2019-03-23,12,0,249,150.0,150.0,0.0,3508.126577,0.0
2019-03-23,12,0,251,326.4,326.4,0.0,4505.620683,0.0
2019-03-23,12,0,252,267.06,267.06,0.0,4351.468666,0.0
2019-03-23,12,0,254,24.51,24.51,0.0,-823.022547,0.0
2019-03-23,12,0,255,11.24,11.24,0.0,-377.428536,0.0
2019-03-23,12,0,258,19.66,19.66,0.0,-845.674273,0.0
2019-03-23,12,0,260,7.95,7.95,0.0,-141.674387,0.0
2019-03-23,12,0,265,96.65,96.65,0.0,-11344.349684,0.0
2019-03-23,12,0,266,13.28,13.28,0.0,-1558.747685,0.0
2019-03-23,12,0,267,16.32,16.32,0.0,-1915.569445,0.0
2019-03-23,12,0,270,254.87,254.87,0.0,-254870.0,0.0
2019-03-23,12,0,272,120.03,120.03,0.0,-27436.62567,0.0
2019-03-23,12,0,273,38.36,38.36,0.0,-38360.0,0.0
2019-03-23,12,0,274,328.56,328.56,0.0,-328560.0,0.0
2019-03-23,12,0,275,457.36,457.36,0.0,-457360.0,0.0
2019-03-23,12,0,276,8.58,8.58,0.0,-7673.4015,0.0
2019-03-23,12,0,277,10.53,10.53,0.0,-2439.771341,0.0
2019-03-23,12,0,278,16.85,16.85,0.0,-3904.09754,0.0
2019-03-23,12,0,279,188.47,188.47,0.0,-43667.968154,0.0
2019-03-23,12,0,281,42.36,42.36,0.0,-42360.0,0.0
2019-03-23,12,0,282,423.98,423.98,0.0,-423980.0,0.0
2019-03-23,13,0,9,4.63,4.63,0.0,-1886.293842,0.0
2019-03-23,13,0,17,70.45,70.45,0.0,251.283338,0.0
2019-03-23,13,0,19,192.99,192.99,0.0,688.362972,0.0
2019-03-23,13,0,20,234.06,234.06,0.0,834.852776,0.0
2019-03-23,13,0,21,105.77,105.77,0.0,-43091.425407,0.0
2019-03-23,13,0,22,375.91,375.91,0.0,-153148.319228,0.0
2019-03-23,13,0,23,84.07,84.07,0.0,-34250.696171,0.0
2019-03-23,13,0,24,146.82,146.82,0.0,-59815.477718,0.0
2019-03-23,13,0,29,11.94,11.94,0.0,58.05673,0.0
2019-03-23,13,0,30,878.5,878.5,0.0,-878500.0,0.0
2019-03-23,13,0,31,125.0,125.0,0.0,-125000.0,0.0
2019-03-23,13,0,32,6.02,6.02,0.0,115.108463,0.0
2019-03-23,13,0,33,4.02,4.02,0.0,46.797403,0.0
2019-03-23,13,0,34,6.43,6.43,0.0,74.852562,0.0
2019-03-23,13,0,35,6.43,6.43,0.0,74.852562,0.0
2019-03-23,13,0,36,15.94,15.94,0.0,-138.422959,0.0
2019-03-23,13,0,37,7.6,7.6,0.0,-66.728231,0.0
2019-03-23,13,0,38,9.78,9.78,0.0,-85.868697,0.0
2019-03-23,13,0,39,6.52,6.52,0.0,-57.245798,0.0
2019-03-23,13,0,40,6.52,6.52,0.0,-57.245798,0.0
2019-03-23,13,0,41,12.84,12.84,0.0,-398.125704,0.0
2019-03-23,13,0,42,93.97,93.97,0.0,170.706317,0.0
2019-03-23,13,0,43,49.39,49.39,0.0,-346.490872,0.0
2019-03-23,13,0,46,40.12,40.12,0.0,-445.484914,0.0
2019-03-23,13,0,52,132.5,132.5,0.0,-132500.0,0.0
2019-03-23,13,0,53,210.5,210.5,0.0,-210500.0,0.0
2019-03-23,13,0,55,623.0,623.0,0.0,-253814.484528,0.0
2019-03-23,13,0,56,259.12,259.12,0.0,-259120.0,0.0
2019-03-23,13,0,57,246.48,246.48,0.0,-246480.0,0.0
2019-03-23,13,0,58,474.01,474.01,0.0,-474010.0,0.0
2019-03-23,13,0,59,466.11,466.11,0.0,-466110.0,0.0
2019-03-23,13,0,63,51.0,51.0,0.0,1653.805413,0.0
2019-03-23,13,0,64,60.0,60.0,0.0,1945.653427,0.0
2019-03-23,13,0,65,41.4,41.4,0.0,134.20665,0.0
2019-03-23,13,0,67,498.64,498.64,0.0,-28477.56043,0.0
2019-03-23,13,0,68,19.32,19.32,0.0,-662.152529,0.0
2019-03-23,13,0,69,4.02,4.02,0.0,46.797403,0.0
2019-03-23,13,0,74,98.55,98.55,0.0,-612.257615,0.0
2019-03-23,13,0,77,48.84,48.84,0.0,-664.377617,0.0
2019-03-23,13,0,78,36.92,36.92,0.0,-502.228125,0.0
2019-03-23,13,0,79,21.37,21.37,0.0,-290.699215,0.0
2019-03-23,13,0,80,34.56,34.56,0.0,-470.124702,0.0
2019-03-23,13,0,81,45.18,45.18,0.0,-614.590105,0.0
2019-03-23,13,0,82,31.87,31.87,0.0,-433.532241,0.0
2019-03-23,13,0,83,71.06,71.06,0.0,-966.639506,0.0
2019-03-23,13,0,84,0.0,0.0,0.0,0.0,0.0
2019-03-23,13,0,86,20.35,20.35,0.0,236.8973,0.0
2019-03-23,13,0,87,103.88,103.88,0.0,1209.282137,0.0
2019-03-23,13,0,88,43.32,43.32,0.0,-589.288255,0.0
2019-03-23,13,0,89,41.64,41.64,0.0,-566.434971,0.0
2019-03-23,13,0,90,55.91,55.91,0.0,-760.551854,0.0
2019-03-23,13,0,91,199.45,199.45,0.0,-2713.147331,0.0
2019-03-23,13,0,92,71.73,71.73,0.0,-975.753613,0.0
2019-03-23,13,0,95,120.0,120.0,0.0,2333.493576,0.0
2019-03-23,13,0,96,26.5,26.5,0.0,279.602311,0.0
2019-03-23,13,0,97,162.95,162.95,0.0,1719.29044,0.0
2019-03-23,13,0,99,19.02,19.02,0.0,-118.164788,0.0
2019-03-23,13,0,101,17.7,17.7,0.0,-17700.0,0.0
2019-03-23,13,0,102,45.74,45.74,0.0,-1567.642685,0.0
2019-03-23,13,0,103,39.77,39.77,0.0,-1363.033441,0.0
2019-03-23,13,0,104,7.39,7.39,0.0,-253.27677,0.0
2019-03-23,13,0,106,370.05,370.05,0.0,-150760.914927,0.0
2019-03-23,13,0,109,60.0,60.0,0.0,-903.63108,0.0
2019-03-23,13,0,110,200.51,200.51,0.0,-25474.057669,0.0
2019-03-23,13,0,111,26.54,26.54,0.0,-822.917147,0.0
2019-03-23,13,0,113,31.12,31.12,0.0,-447.923381,0.0
2019-03-23,13,0,115,31.12,31.12,0.0,-447.923381,0.0
2019-03-23,13,0,116,178.32,178.32,0.0,-22654.899824,0.0
2019-03-23,13,0,117,2.08,2.08,0.0,-29.938324,0.0
2019-03-23,13,0,119,60.0,60.0,0.0,1945.653427,0.0
2019-03-23,13,0,120,35.28,35.28,0.0,1144.044215,0.0
2019-03-23,13,0,123,6.17,6.17,0.0,-2513.700433,0.0
2019-03-23,13,0,125,133.31,133.31,0.0,-54311.410806,0.0
2019-03-23,13,0,126,277.54,277.54,0.0,-113071.704713,0.0
2019-03-23,13,0,127,356.17,356.17,0.0,-145106.107471,0.0
2019-03-23,13,0,128,188.2,188.2,0.0,-76673.974299,0.0
2019-03-23,13,0,131,20.83,20.83,0.0,-586.858117,0.0
2019-03-23,13,0,132,30.62,30.62,0.0,-862.678614,0.0
2019-03-23,13,0,133,41.94,41.94,0.0,150.877646,0.0
2019-03-23,13,0,134,0.0,0.0,0.0,0.0,0.0
2019-03-23,13,0,135,56.2,56.2,0.0,202.177484,0.0
2019-03-23,13,0,136,45.9,45.9,0.0,147.975071,0.0
2019-03-23,13,0,139,16.59,16.59,0.0,-514.400734,0.0
2019-03-23,13,0,140,148.4,148.4,0.0,-18853.673922,0.0
2019-03-23,13,0,141,177.6,177.6,0.0,-10142.81793,0.0
2019-03-23,13,0,142,657.58,657.58,0.0,-37554.697151,0.0
2019-03-23,13,0,143,238.5,238.5,0.0,-238500.0,0.0
2019-03-23,13,0,145,83.85,83.85,0.0,-2273.56887,0.0
2019-03-23,13,0,146,263.46,263.46,0.0,-33471.623528,0.0
2019-03-23,13,0,152,11.73,11.73,0.0,-64.204302,0.0
2019-03-23,13,0,153,14.83,14.83,0.0,-87.172037,0.0
2019-03-23,13,0,154,109.47,109.47,0.0,-3394.300683,0.0
2019-03-23,13,0,157,250.0,250.0,0.0,-14277.615329,0.0
2019-03-23,13,0,158,514.64,514.64,0.0,-29391.327811,0.0
2019-03-23,13,0,159,0.0,0.0,0.0,-0.0,0.0
2019-03-23,13,0,160,3.74,3.74,0.0,-5.905717,0.0
2019-03-23,13,0,161,91.55,91.55,0.0,-3137.684473,0.0
2019-03-23,13,0,162,162.5,162.5,0.0,3185.715411,0.0
2019-03-23,13,0,163,44.55,44.55,0.0,-5659.913566,0.0
2019-03-23,13,0,164,33.2,33.2,0.0,-33200.0,0.0
2019-03-23,13,0,167,7.37,7.37,0.0,140.664256,0.0
2019-03-23,13,0,168,3.69,3.69,0.0,70.427558,0.0
2019-03-23,13,0,169,0.0,0.0,0.0,0.0,0.0
2019-03-23,13,0,170,8.06,8.06,0.0,153.833637,0.0
2019-03-23,13,0,172,10.42,10.42,0.0,121.593984,0.0
2019-03-23,13,0,173,15.89,15.89,0.0,185.424991,0.0
2019-03-23,13,0,188,12.25,12.25,0.0,200.233685,0.0
2019-03-23,13,0,190,13.93,13.93,0.0,451.715871,0.0
2019-03-23,13,0,191,35.98,35.98,0.0,1166.743505,0.0
2019-03-23,13,0,192,115.7,115.7,0.0,3751.868359,0.0
2019-03-23,13,0,194,52.95,52.95,0.0,98.940078,0.0
2019-03-23,13,0,196,9.68,9.68,0.0,546.885005,0.0
2019-03-23,13,0,198,14.74,14.74,0.0,101.002811,0.0
2019-03-23,13,0,199,73.53,73.53,0.0,1589.917958,0.0
2019-03-23,13,0,200,29.1,29.1,0.0,629.220897,0.0
2019-03-23,13,0,204,257.1,257.1,0.0,-4094.554785,0.0
2019-03-23,13,0,205,317.4,317.4,0.0,-4780.208415,0.0
2019-03-23,13,0,206,478.81,478.81,0.0,5051.938972,0.0
2019-03-23,13,0,210,3.58,3.58,0.0,24.536256,0.0
2019-03-23,13,0,214,19.58,19.58,0.0,321.269337,0.0
2019-03-23,13,0,217,13.64,13.64,0.0,167.91035,0.0
2019-03-23,13,0,218,18.83,18.83,0.0,231.799992,0.0
2019-03-23,13,0,219,12.82,12.82,0.0,157.816033,0.0
2019-03-23,13,0,221,10.45,10.45,0.0,171.463972,0.0
2019-03-23,13,0,225,10.64,10.64,0.0,49.68948,0.0
2019-03-23,13,0,233,11.51,11.51,0.0,133.989578,0.0
2019-03-23,13,0,236,319.85,319.85,0.0,-267.053566,0.0
2019-03-23,13,0,237,236.41,236.41,0.0,-1468.734882,0.0
2019-03-23,13,0,238,122.31,122.31,0.0,222.188887,0.0
2019-03-23,13,0,240,18.07,18.07,0.0,-156.919879,0.0
2019-03-23,13,0,245,78.0,78.0,0.0,371.468398,0.0
2019-03-23,13,0,247,171.72,171.72,0.0,817.801965,0.0
2019-03-23,13,0,248,23.73,23.73,0.0,-147.426415,0.0
2019-03-23,13,0,249,150.0,150.0,0.0,714.362304,0.0
2019-03-23,13,0,251,326.4,326.4,0.0,883.85984,0.0
2019-03-23,13,0,252,267.06,267.06,0.0,865.730141,0.0
2019-03-23,13,0,254,22.98,22.98,0.0,-129.865402,0.0
2019-03-23,13,0,255,10.53,10.53,0.0,-59.507515,0.0
2019-03-23,13,0,258,22.22,22.22,0.0,-186.970375,0.0
2019-03-23,13,0,260,9.09,9.09,0.0,-14.353734,0.0
2019-03-23,13,0,265,113.34,113.34,0.0,-3514.296514,0.0
2019-03-23,13,0,266,10.74,10.74,0.0,-333.011687,0.0
2019-03-23,13,0,267,13.2,13.2,0.0,-409.288106,0.0
2019-03-23,13,0,270,138.61,138.61,0.0,-17609.890447,0.0
2019-03-23,13,0,272,104.0,104.0,0.0,-1496.916182,0.0
2019-03-23,13,0,273,42.64,42.64,0.0,-5417.255095,0.0
2019-03-23,13,0,274,178.6,178.6,0.0,-22690.472793,0.0
2019-03-23,13,0,275,248.5,248.5,0.0,-31571.010577,0.0
2019-03-23,13,0,276,9.62,9.62,0.0,-1071.967366,0.0
2019-03-23,13,0,277,11.92,11.92,0.0,-167.792941,0.0
2019-03-23,13,0,278,19.08,19.08,0.0,-268.581318,0.0
2019-03-23,13,0,279,234.88,234.88,0.0,-3306.309227,0.0
2019-03-23,13,0,281,56.1,56.1,0.0,-56100.0,0.0
2019-03-23,13,0,282,481.91,481.91,0.0,-481910.0,0.0
2019-03-23,14,0,9,4.79,4.79,0.0,-2644.604359,0.0
2019-03-23,14,0,17,71.94,71.94,0.0,-999.901432,0.0
2019-03-23,14,0,19,192.99,192.99,0.0,-2682.387786,0.0
2019-03-23,14,0,20,234.06,234.06,0.0,-3253.223924,0.0
2019-03-23,14,0,21,109.6,109.6,0.0,-60511.197849,0.0
2019-03-23,14,0,22,389.51,389.51,0.0,-215052.159435,0.0
2019-03-23,14,0,23,40.43,40.43,0.0,-22321.785849,0.0
2019-03-23,14,0,24,69.53,69.53,0.0,-38388.171409,0.0
2019-03-23,14,0,29,11.95,11.95,0.0,65.377164,0.0
2019-03-23,14,0,30,933.77,933.77,0.0,-933770.0,0.0
2019-03-23,14,0,31,125.0,125.0,0.0,-125000.0,0.0
2019-03-23,14,0,32,5.96,5.96,0.0,147.673128,0.0
2019-03-23,14,0,33,4.08,4.08,0.0,9.072009,0.0
2019-03-23,14,0,34,6.52,6.52,0.0,14.497426,0.0
2019-03-23,14,0,35,6.52,6.52,0.0,14.497426,0.0
2019-03-23,14,0,36,16.45,16.45,0.0,-382.888229,0.0
2019-03-23,14,0,37,7.66,7.66,0.0,-157.359745,0.0
2019-03-23,14,0,38,9.84,9.84,0.0,-202.143589,0.0
2019-03-23,14,0,39,6.56,6.56,0.0,-134.762393,0.0
2019-03-23,14,0,40,6.56,6.56,0.0,-134.762393,0.0
2019-03-23,14,0,41,10.12,10.12,0.0,-1892.470888,0.0
2019-03-23,14,0,42,96.89,96.89,0.0,-1685.297328,0.0
2019-03-23,14,0,43,50.35,50.35,0.0,-642.795858,0.0
2019-03-23,14,0,46,40.51,40.51,0.0,25.81508,0.0
2019-03-23,14,0,52,132.5,132.5,0.0,-132500.0,0.0
2019-03-23,14,0,53,210.5,210.5,0.0,-210500.0,0.0
2019-03-23,14,0,55,623.0,623.0,0.0,-343964.199451,0.0
2019-03-23,14,0,56,275.43,275.43,0.0,-275430.0,0.0
2019-03-23,14,0,57,261.99,261.99,0.0,-261990.0,0.0
2019-03-23,14,0,58,503.83,503.83,0.0,-503830.0,0.0
2019-03-23,14,0,59,495.44,495.44,0.0,-495440.0,0.0
2019-03-23,14,0,63,50.04,50.04,0.0,5200.902646,0.0
2019-03-23,14,0,64,58.87,58.87,0.0,6118.647858,0.0
2019-03-23,14,0,65,41.4,41.4,0.0,-602.299932,0.0
2019-03-23,14,0,67,506.05,506.05,0.0,-278180.176431,0.0
2019-03-23,14,0,68,12.54,12.54,0.0,-5049.435401,0.0
2019-03-23,14,0,69,4.08,4.08,0.0,9.072009,0.0
2019-03-23,14,0,74,128.23,128.23,0.0,-5060.220806,0.0
2019-03-23,14,0,77,52.12,52.12,0.0,-14462.595637,0.0
2019-03-23,14,0,78,39.4,39.4,0.0,-10932.967538,0.0
2019-03-23,14,0,79,22.8,22.8,0.0,-6326.691875,0.0
2019-03-23,14,0,80,36.87,36.87,0.0,-10230.926729,0.0
2019-03-23,14,0,81,48.21,48.21,0.0,-13377.623478,0.0
2019-03-23,14,0,82,34.01,34.01,0.0,-9437.31538,0.0
2019-03-23,14,0,83,75.83,75.83,0.0,-21041.800214,0.0
2019-03-23,14,0,84,0.0,0.0,0.0,-0.0,0.0
2019-03-23,14,0,86,20.66,20.66,0.0,45.938163,0.0
2019-03-23,14,0,87,105.45,105.45,0.0,234.471406,0.0
2019-03-23,14,0,88,45.12,45.12,0.0,-12520.190237,0.0
2019-03-23,14,0,89,43.37,43.37,0.0,-12034.588887,0.0
2019-03-23,14,0,90,58.24,58.24,0.0,-16160.81293,0.0
2019-03-23,14,0,91,207.75,207.75,0.0,-57647.817413,0.0
2019-03-23,14,0,92,74.71,74.71,0.0,-20731.01535,0.0
2019-03-23,14,0,95,120.0,120.0,0.0,3049.643213,0.0
2019-03-23,14,0,96,28.02,28.02,0.0,-6647.594675,0.0
2019-03-23,14,0,97,187.91,187.91,0.0,-44580.639376,0.0
2019-03-23,14,0,99,24.75,24.75,0.0,-976.686149,0.0
2019-03-23,14,0,101,18.81,18.81,0.0,-18810.0,0.0
2019-03-23,14,0,102,29.6,29.6,0.0,-11918.922479,0.0
2019-03-23,14,0,103,25.75,25.75,0.0,-10368.657224,0.0
2019-03-23,14,0,104,4.82,4.82,0.0,-1940.851566,0.0
2019-03-23,14,0,106,383.44,383.44,0.0,-211700.854956,0.0
2019-03-23,14,0,109,60.0,60.0,0.0,-1484.022397,0.0
2019-03-23,14,0,110,208.38,208.38,0.0,-208380.0,0.0
2019-03-23,14,0,111,27.55,27.55,0.0,-5151.934088,0.0
2019-03-23,14,0,113,32.8,32.8,0.0,-8416.896989,0.0
2019-03-23,14,0,115,32.8,32.8,0.0,-8416.896989,0.0
2019-03-23,14,0,116,185.05,185.05,0.0,-185050.0,0.0
2019-03-23,14,0,117,2.19,2.19,0.0,-561.981842,0.0
2019-03-23,14,0,119,58.87,58.87,0.0,6118.647858,0.0
2019-03-23,14,0,120,34.62,34.62,0.0,3598.226411,0.0
2019-03-23,14,0,123,6.39,6.39,0.0,-3527.97951,0.0
2019-03-23,14,0,125,63.38,63.38,0.0,-34992.698172,0.0
2019-03-23,14,0,126,287.58,287.58,0.0,-158775.641217,0.0
2019-03-23,14,0,127,369.06,369.06,0.0,-203761.520785,0.0
2019-03-23,14,0,128,87.96,87.96,0.0,-48563.54893,0.0
2019-03-23,14,0,131,22.79,22.79,0.0,-8281.789303,0.0
2019-03-23,14,0,132,33.5,33.5,0.0,-12173.757861,0.0
2019-03-23,14,0,133,41.94,41.94,0.0,-580.363097,0.0
2019-03-23,14,0,134,0.0,0.0,0.0,-0.0,0.0
2019-03-23,14,0,135,56.2,56.2,0.0,-777.692086,0.0
2019-03-23,14,0,136,45.9,45.9,0.0,-669.403194,0.0
2019-03-23,14,0,139,13.07,13.07,0.0,-2444.129892,0.0
2019-03-23,14,0,140,154.22,154.22,0.0,-154220.0,0.0
2019-03-23,14,0,141,184.29,184.29,0.0,-101305.84866,0.0
2019-03-23,14,0,142,667.36,667.36,0.0,-366853.715133,0.0
2019-03-23,14,0,143,238.5,238.5,0.0,-238500.0,0.0
2019-03-23,14,0,145,41.11,41.11,0.0,-11092.627672,0.0
2019-03-23,14,0,146,229.99,229.99,0.0,-229990.0,0.0
2019-03-23,14,0,152,12.01,12.01,0.0,-339.215888,0.0
2019-03-23,14,0,153,15.11,15.11,0.0,-435.321615,0.0
2019-03-23,14,0,154,113.63,113.63,0.0,-21249.156823,0.0
2019-03-23,14,0,157,208.14,208.14,0.0,-114416.40534,0.0
2019-03-23,14,0,158,529.1,529.1,0.0,-290850.966011,0.0
2019-03-23,14,0,159,0.0,0.0,0.0,-0.0,0.0
2019-03-23,14,0,160,3.85,3.85,0.0,-23.297567,0.0
2019-03-23,14,0,161,93.89,93.89,0.0,-37806.338903,0.0
2019-03-23,14,0,162,162.5,162.5,0.0,4272.550262,0.0
2019-03-23,14,0,163,64.67,64.67,0.0,-64670.0,0.0
2019-03-23,14,0,164,33.57,33.57,0.0,-33570.0,0.0
2019-03-23,14,0,167,7.24,7.24,0.0,167.356992,0.0
2019-03-23,14,0,168,3.62,3.62,0.0,83.678496,0.0
2019-03-23,14,0,169,0.0,0.0,0.0,0.0,0.0
2019-03-23,14,0,170,7.92,7.92,0.0,183.075604,0.0
2019-03-23,14,0,172,10.28,10.28,0.0,37.356193,0.0
2019-03-23,14,0,173,15.67,15.67,0.0,56.942757,0.0
2019-03-23,14,0,188,12.24,12.24,0.0,118.589512,0.0
2019-03-23,14,0,190,14.47,14.47,0.0,469.226751,0.0
2019-03-23,14,0,191,37.37,37.37,0.0,1211.817809,0.0
2019-03-23,14,0,192,107.07,107.07,0.0,3472.018541,0.0
2019-03-23,14,0,194,52.95,52.95,0.0,-6760.917625,0.0
2019-03-23,14,0,196,9.94,9.94,0.0,2575.368011,0.0
2019-03-23,14,0,198,15.15,15.15,0.0,71.883743,0.0
2019-03-23,14,0,199,130.0,130.0,0.0,-907.576871,0.0
2019-03-23,14,0,200,29.39,29.39,0.0,-205.182186,0.0
2019-03-23,14,0,204,257.1,257.1,0.0,4228.395756,0.0
2019-03-23,14,0,205,317.4,317.4,0.0,-7850.478478,0.0
2019-03-23,14,0,206,665.19,665.19,0.0,-157812.758802,0.0
2019-03-23,14,0,210,3.56,3.56,0.0,30.430361,0.0
2019-03-23,14,0,214,19.79,19.79,0.0,228.058966,0.0
2019-03-23,14,0,217,13.46,13.46,0.0,143.199583,0.0
2019-03-23,14,0,218,18.57,18.57,0.0,197.564358,0.0
2019-03-23,14,0,219,12.65,12.65,0.0,134.582075,0.0
2019-03-23,14,0,221,10.56,10.56,0.0,121.69291,0.0
2019-03-23,14,0,225,10.76,10.76,0.0,55.669452,0.0
2019-03-23,14,0,233,11.69,11.69,0.0,25.993084,0.0
2019-03-23,14,0,236,159.05,159.05,0.0,-3460.669981,0.0
2019-03-23,14,0,237,307.61,307.61,0.0,-12138.92632,0.0
2019-03-23,14,0,238,126.11,126.11,0.0,-2193.547796,0.0
2019-03-23,14,0,240,18.64,18.64,0.0,-433.862407,0.0
2019-03-23,14,0,245,78.0,78.0,0.0,-897.91923,0.0
2019-03-23,14,0,247,171.72,171.72,0.0,-1976.803719,0.0
2019-03-23,14,0,248,30.88,30.88,0.0,-1218.588618,0.0
2019-03-23,14,0,249,150.0,150.0,0.0,-1726.767749,0.0
2019-03-23,14,0,251,326.4,326.4,0.0,-5096.473054,0.0
2019-03-23,14,0,252,267.06,267.06,0.0,-3885.27101,0.0
2019-03-23,14,0,254,22.96,22.96,0.0,-254.430343,0.0
2019-03-23,14,0,255,10.53,10.53,0.0,-116.687783,0.0
2019-03-23,14,0,258,23.03,23.03,0.0,-496.953726,0.0
2019-03-23,14,0,260,9.36,9.36,0.0,-56.640318,0.0
2019-03-23,14,0,265,117.65,117.65,0.0,-22000.909092,0.0
2019-03-23,14,0,266,8.46,8.46,0.0,-1582.045822,0.0
2019-03-23,14,0,267,10.4,10.4,0.0,-1944.831743,0.0
2019-03-23,14,0,270,224.82,224.82,0.0,-224820.0,0.0
2019-03-23,14,0,272,109.62,109.62,0.0,-28129.885608,0.0
2019-03-23,14,0,273,44.25,44.25,0.0,-44250.0,0.0
2019-03-23,14,0,274,299.88,299.88,0.0,-299880.0,0.0
2019-03-23,14,0,275,436.15,436.15,0.0,-436150.0,0.0
2019-03-23,14,0,276,9.89,9.89,0.0,-8895.654422,0.0
2019-03-23,14,0,277,12.24,12.24,0.0,-3243.371668,0.0
2019-03-23,14,0,278,19.59,19.59,0.0,-5190.984556,0.0
2019-03-23,14,0,279,181.88,181.88,0.0,-48194.8071,0.0
2019-03-23,14,0,281,56.1,56.1,0.0,-56100.0,0.0
2019-03-23,14,0,282,512.23,512.23,0.0,-512230.0,0.0
2019-03-23,15,0,9,4.6,4.6,0.0,-2024.641619,0.0
2019-03-23,15,0,17,69.79,69.79,0.0,499.379336,0.0
2019-03-23,15,0,19,192.99,192.99,0.0,1380.931625,0.0
2019-03-23,15,0,20,234.06,234.06,0.0,1674.806239,0.0
2019-03-23,15,0,21,105.1,105.1,0.0,-46258.659606,0.0
2019-03-23,15,0,22,373.5,373.5,0.0,-164392.096697,0.0
2019-03-23,15,0,23,32.64,32.64,0.0,-14366.152707,0.0
2019-03-23,15,0,24,57.75,57.75,0.0,-25418.055112,0.0
2019-03-23,15,0,29,10.95,10.95,0.0,56.98262,0.0
2019-03-23,15,0,30,904.69,904.69,0.0,-904690.0,0.0
2019-03-23,15,0,31,125.0,125.0,0.0,-125000.0,0.0
2019-03-23,15,0,32,5.59,5.59,0.0,181.892592,0.0
2019-03-23,15,0,33,4.01,4.01,0.0,106.415384,0.0
2019-03-23,15,0,34,6.42,6.42,0.0,170.370764,0.0
2019-03-23,15,0,35,6.42,6.42,0.0,170.370764,0.0
2019-03-23,15,0,36,15.83,15.83,0.0,-377.287166,0.0
2019-03-23,15,0,37,7.4,7.4,0.0,-180.274287,0.0
2019-03-23,15,0,38,9.52,9.52,0.0,-231.920434,0.0
2019-03-23,15,0,39,6.34,6.34,0.0,-154.451214,0.0
2019-03-23,15,0,40,6.34,6.34,0.0,-154.451214,0.0
2019-03-23,15,0,41,13.21,13.21,0.0,-874.37402,0.0
2019-03-23,15,0,42,93.05,93.05,0.0,274.879837,0.0
2019-03-23,15,0,43,47.42,47.42,0.0,-984.561228,0.0
2019-03-23,15,0,46,38.78,38.78,0.0,-1182.688815,0.0
2019-03-23,15,0,52,132.5,132.5,0.0,-132500.0,0.0
2019-03-23,15,0,53,210.5,210.5,0.0,-210500.0,0.0
2019-03-23,15,0,55,623.0,623.0,0.0,-274206.89757,0.0
2019-03-23,15,0,56,266.85,266.85,0.0,-266850.0,0.0
2019-03-23,15,0,57,253.83,253.83,0.0,-253830.0,0.0
2019-03-23,15,0,58,488.14,488.14,0.0,-488140.0,0.0
2019-03-23,15,0,59,480.0,480.0,0.0,-480000.0,0.0
2019-03-23,15,0,63,40.61,40.61,0.0,4539.476165,0.0
2019-03-23,15,0,64,47.77,47.77,0.0,5339.836897,0.0
2019-03-23,15,0,65,41.4,41.4,0.0,263.925254,0.0
2019-03-23,15,0,67,479.25,479.25,0.0,-259936.510002,0.0
2019-03-23,15,0,68,26.14,26.14,0.0,-10271.625624,0.0
2019-03-23,15,0,69,4.01,4.01,0.0,106.415384,0.0
2019-03-23,15,0,74,171.3,171.3,0.0,-2699.74799,0.0
2019-03-23,15,0,77,56.69,56.69,0.0,-15006.662999,0.0
2019-03-23,15,0,78,42.86,42.86,0.0,-11345.661953,0.0
2019-03-23,15,0,79,24.8,24.8,0.0,-6564.918722,0.0
2019-03-23,15,0,80,40.11,40.11,0.0,-10617.697176,0.0
2019-03-23,15,0,81,52.44,52.44,0.0,-13881.626524,0.0
2019-03-23,15,0,82,36.99,36.99,0.0,-9791.788046,0.0
2019-03-23,15,0,83,82.48,82.48,0.0,-21833.649041,0.0
2019-03-23,15,0,84,0.0,0.0,0.0,-0.0,0.0
2019-03-23,15,0,86,20.32,20.32,0.0,539.242045,0.0
2019-03-23,15,0,87,103.75,103.75,0.0,2753.265852,0.0
2019-03-23,15,0,88,47.36,47.36,0.0,-12536.877044,0.0
2019-03-23,15,0,89,45.52,45.52,0.0,-12049.802429,0.0
2019-03-23,15,0,90,61.12,61.12,0.0,-16179.348077,0.0
2019-03-23,15,0,91,218.04,218.04,0.0,-57718.341864,0.0
2019-03-23,15,0,92,78.42,78.42,0.0,-20758.908315,0.0
2019-03-23,15,0,95,120.0,120.0,0.0,3049.643213,0.0
2019-03-23,15,0,96,27.05,27.05,0.0,-1250.567996,0.0
2019-03-23,15,0,97,166.33,166.33,0.0,-7689.721801,0.0
2019-03-23,15,0,99,33.06,33.06,0.0,-521.037178,0.0
2019-03-23,15,0,101,18.22,18.22,0.0,-18220.0,0.0
2019-03-23,15,0,102,61.89,61.89,0.0,-24319.468627,0.0
2019-03-23,15,0,103,53.82,53.82,0.0,-21148.389101,0.0
2019-03-23,15,0,104,10.0,10.0,0.0,-3929.466574,0.0
2019-03-23,15,0,106,367.68,367.68,0.0,-161830.484909,0.0
2019-03-23,15,0,109,53.91,53.91,0.0,-2136.972821,0.0
2019-03-23,15,0,110,216.48,216.48,0.0,-216480.0,0.0
2019-03-23,15,0,111,26.79,26.79,0.0,-1773.238455,0.0
2019-03-23,15,0,113,34.46,34.46,0.0,-8505.97263,0.0
2019-03-23,15,0,115,34.46,34.46,0.0,-8505.97263,0.0
2019-03-23,15,0,116,177.16,177.16,0.0,-177160.0,0.0
2019-03-23,15,0,117,2.3,2.3,0.0,-567.723072,0.0
2019-03-23,15,0,119,47.77,47.77,0.0,5339.836897,0.0
2019-03-23,15,0,120,28.09,28.09,0.0,3139.962705,0.0
2019-03-23,15,0,123,6.13,6.13,0.0,-2698.055027,0.0
2019-03-23,15,0,125,52.26,52.26,0.0,-23001.689353,0.0
2019-03-23,15,0,126,275.76,275.76,0.0,-121372.863682,0.0
2019-03-23,15,0,127,353.89,353.89,0.0,-155760.961446,0.0
2019-03-23,15,0,128,74.85,74.85,0.0,-32944.440262,0.0
2019-03-23,15,0,131,62.65,62.65,0.0,-22117.775285,0.0
2019-03-23,15,0,132,92.2,92.2,0.0,-32550.022048,0.0
2019-03-23,15,0,133,41.94,41.94,0.0,303.183725,0.0
2019-03-23,15,0,134,0.0,0.0,0.0,0.0,0.0
2019-03-23,15,0,135,56.2,56.2,0.0,406.269083,0.0
2019-03-23,15,0,136,45.9,45.9,0.0,290.646188,0.0
2019-03-23,15,0,139,17.18,17.18,0.0,-1137.149558,0.0
2019-03-23,15,0,140,160.22,160.22,0.0,-160220.0,0.0
2019-03-23,15,0,141,212.12,212.12,0.0,-115050.041735,0.0
2019-03-23,15,0,142,632.01,632.01,0.0,-342790.764082,0.0
2019-03-23,15,0,143,238.5,238.5,0.0,-238500.0,0.0
2019-03-23,15,0,145,19.17,19.17,0.0,-1344.503793,0.0
2019-03-23,15,0,146,199.56,199.56,0.0,-199560.0,0.0
2019-03-23,15,0,152,11.64,11.64,0.0,-173.308575,0.0
2019-03-23,15,0,153,14.6,14.6,0.0,-231.886867,0.0
2019-03-23,15,0,154,110.5,110.5,0.0,-7314.029461,0.0
2019-03-23,15,0,157,162.34,162.34,0.0,-88050.272371,0.0
2019-03-23,15,0,158,507.53,507.53,0.0,-275275.069215,0.0
2019-03-23,15,0,159,0.0,0.0,0.0,-0.0,0.0
2019-03-23,15,0,160,3.67,3.67,0.0,-33.155448,0.0
2019-03-23,15,0,161,89.79,89.79,0.0,-35282.680368,0.0
2019-03-23,15,0,162,162.5,162.5,0.0,4276.804894,0.0
2019-03-23,15,0,163,81.89,81.89,0.0,-81890.0,0.0
2019-03-23,15,0,164,32.7,32.7,0.0,-32700.0,0.0
2019-03-23,15,0,167,6.64,6.64,0.0,151.340833,0.0
2019-03-23,15,0,168,3.32,3.32,0.0,75.670416,0.0
2019-03-23,15,0,169,0.0,0.0,0.0,0.0,0.0
2019-03-23,15,0,170,7.27,7.27,0.0,165.699978,0.0
2019-03-23,15,0,172,9.58,9.58,0.0,34.812484,0.0
2019-03-23,15,0,173,14.6,14.6,0.0,53.054516,0.0
2019-03-23,15,0,188,11.54,11.54,0.0,172.684078,0.0
2019-03-23,15,0,190,13.88,13.88,0.0,450.094493,0.0
2019-03-23,15,0,191,35.86,35.86,0.0,1162.852198,0.0
2019-03-23,15,0,192,98.45,98.45,0.0,3192.492998,0.0
2019-03-23,15,0,194,48.05,48.05,0.0,-5714.208418,0.0
2019-03-23,15,0,196,9.37,9.37,0.0,2525.67262,0.0
2019-03-23,15,0,198,14.52,14.52,0.0,117.748859,0.0
2019-03-23,15,0,199,130.0,130.0,0.0,438.985063,0.0
2019-03-23,15,0,200,27.85,27.85,0.0,94.044108,0.0
2019-03-23,15,0,204,257.1,257.1,0.0,-10792.857178,0.0
2019-03-23,15,0,205,285.19,285.19,0.0,-11304.828028,0.0
2019-03-23,15,0,206,488.76,488.76,0.0,-22596.214918,0.0
2019-03-23,15,0,210,3.38,3.38,0.0,25.543136,0.0
2019-03-23,15,0,214,18.78,18.78,0.0,713.648078,0.0
2019-03-23,15,0,217,12.7,12.7,0.0,334.975453,0.0
2019-03-23,15,0,218,17.53,17.53,0.0,462.37163,0.0
2019-03-23,15,0,219,11.94,11.94,0.0,314.929678,0.0
2019-03-23,15,0,221,10.02,10.02,0.0,380.76431,0.0
2019-03-23,15,0,225,9.94,9.94,0.0,49.467721,0.0
2019-03-23,15,0,233,11.5,11.5,0.0,305.181275,0.0
2019-03-23,15,0,236,179.56,179.56,0.0,-627.92301,0.0
2019-03-23,15,0,237,410.92,410.92,0.0,-6476.243105,0.0
2019-03-23,15,0,238,121.12,121.12,0.0,357.801675,0.0
2019-03-23,15,0,240,17.94,17.94,0.0,-427.576232,0.0
2019-03-23,15,0,245,78.0,78.0,0.0,781.981456,0.0
2019-03-23,15,0,247,171.72,171.72,0.0,1721.562252,0.0
2019-03-23,15,0,248,41.25,41.25,0.0,-650.114446,0.0
2019-03-23,15,0,249,150.0,150.0,0.0,1503.810492,0.0
2019-03-23,15,0,251,326.4,326.4,0.0,1662.56267,0.0
2019-03-23,15,0,252,267.06,267.06,0.0,1702.509138,0.0
2019-03-23,15,0,254,22.06,22.06,0.0,-393.09827,0.0
2019-03-23,15,0,255,10.11,10.11,0.0,-180.155191,0.0
2019-03-23,15,0,258,22.04,22.04,0.0,-514.362287,0.0
2019-03-23,15,0,260,8.91,8.91,0.0,-80.494562,0.0
2019-03-23,15,0,265,114.41,114.41,0.0,-7572.83358,0.0
2019-03-23,15,0,266,10.99,10.99,0.0,-727.431527,0.0
2019-03-23,15,0,267,13.59,13.59,0.0,-899.526338,0.0
2019-03-23,15,0,270,267.3,267.3,0.0,-267300.0,0.0
2019-03-23,15,0,272,115.15,115.15,0.0,-28423.179001,0.0
2019-03-23,15,0,273,42.36,42.36,0.0,-42360.0,0.0
2019-03-23,15,0,274,352.07,352.07,0.0,-352070.0,0.0
2019-03-23,15,0,275,505.34,505.34,0.0,-505340.0,0.0
2019-03-23,15,0,276,9.57,9.57,0.0,-8592.171187,0.0
2019-03-23,15,0,277,11.76,11.76,0.0,-2987.085108,0.0
2019-03-23,15,0,278,18.82,18.82,0.0,-4780.352189,0.0
2019-03-23,15,0,279,202.26,202.26,0.0,-51374.815817,0.0
2019-03-23,15,0,281,56.1,56.1,0.0,-56100.0,0.0
2019-03-23,15,0,282,496.28,496.28,0.0,-496280.0,0.0
2019-03-23,16,0,9,4.05,4.05,0.0,-1625.973648,0.0
2019-03-23,16,0,17,59.01,59.01,0.0,310.883797,0.0
2019-03-23,16,0,19,332.0,332.0,0.0,1749.083554,0.0
2019-03-23,16,0,20,419.03,419.03,0.0,2207.585788,0.0
2019-03-23,16,0,21,92.69,92.69,0.0,-37212.715413,0.0
2019-03-23,16,0,22,329.41,329.41,0.0,-132249.871446,0.0
2019-03-23,16,0,23,32.64,32.64,0.0,-13104.143177,0.0
2019-03-23,16,0,24,57.75,57.75,0.0,-23185.179794,0.0
2019-03-23,16,0,29,9.27,9.27,0.0,47.756808,0.0
2019-03-23,16,0,30,768.92,768.92,0.0,-768920.0,0.0
2019-03-23,16,0,31,125.0,125.0,0.0,-125000.0,0.0
2019-03-23,16,0,32,5.45,5.45,0.0,129.195456,0.0
2019-03-23,16,0,33,3.41,3.41,0.0,40.470553,0.0
2019-03-23,16,0,34,5.46,5.46,0.0,64.800358,0.0
2019-03-23,16,0,35,5.46,5.46,0.0,64.800358,0.0
2019-03-23,16,0,36,12.25,12.25,0.0,-56.954127,0.0
2019-03-23,16,0,37,5.51,5.51,0.0,-25.934226,0.0
2019-03-23,16,0,38,7.08,7.08,0.0,-33.323833,0.0
2019-03-23,16,0,39,4.72,4.72,0.0,-22.215888,0.0
2019-03-23,16,0,40,4.72,4.72,0.0,-22.215888,0.0
2019-03-23,16,0,41,13.85,13.85,0.0,-332.128585,0.0
2019-03-23,16,0,42,70.15,70.15,0.0,269.214849,0.0
2019-03-23,16,0,43,37.17,37.17,0.0,-122.161833,0.0
2019-03-23,16,0,46,31.98,31.98,0.0,-207.659557,0.0
2019-03-23,16,0,52,132.5,132.5,0.0,-132500.0,0.0
2019-03-23,16,0,53,210.5,210.5,0.0,-210500.0,0.0
2019-03-23,16,0,55,623.0,623.0,0.0,-250118.909295,0.0
2019-03-23,16,0,56,226.8,226.8,0.0,-226800.0,0.0
2019-03-23,16,0,57,215.74,215.74,0.0,-215740.0,0.0
2019-03-23,16,0,58,414.89,414.89,0.0,-414890.0,0.0
2019-03-23,16,0,59,407.97,407.97,0.0,-407970.0,0.0
2019-03-23,16,0,63,32.79,32.79,0.0,3299.225332,0.0
2019-03-23,16,0,64,38.58,38.58,0.0,3881.796685,0.0
2019-03-23,16,0,65,41.4,41.4,0.0,207.106353,0.0
2019-03-23,16,0,67,418.64,418.64,0.0,-233072.304646,0.0
2019-03-23,16,0,68,31.25,31.25,0.0,-12874.663352,0.0
2019-03-23,16,0,69,3.41,3.41,0.0,40.470553,0.0
2019-03-23,16,0,74,134.72,134.72,0.0,-374.883313,0.0
2019-03-23,16,0,77,60.0,60.0,0.0,-17408.348984,0.0
2019-03-23,16,0,78,45.36,45.36,0.0,-13160.711832,0.0
2019-03-23,16,0,79,26.25,26.25,0.0,-7616.15268,0.0
2019-03-23,16,0,80,42.45,42.45,0.0,-12316.406906,0.0
2019-03-23,16,0,81,55.5,55.5,0.0,-16102.72281,0.0
2019-03-23,16,0,82,39.15,39.15,0.0,-11358.947712,0.0
2019-03-23,16,0,83,87.3,87.3,0.0,-25329.147772,0.0
2019-03-23,16,0,84,0.0,0.0,0.0,-0.0,0.0
2019-03-23,16,0,86,17.3,17.3,0.0,205.319816,0.0
2019-03-23,16,0,87,88.33,88.33,0.0,1048.31788,0.0
2019-03-23,16,0,88,49.89,49.89,0.0,-14475.04218,0.0
2019-03-23,16,0,89,47.96,47.96,0.0,-13915.073621,0.0
2019-03-23,16,0,90,64.4,64.4,0.0,-18684.961243,0.0
2019-03-23,16,0,91,229.71,229.71,0.0,-66647.864085,0.0
2019-03-23,16,0,92,82.61,82.61,0.0,-23968.395159,0.0
2019-03-23,16,0,95,120.0,120.0,0.0,3049.643213,0.0
2019-03-23,16,0,96,27.6,27.6,0.0,574.317881,0.0
2019-03-23,16,0,97,169.7,169.7,0.0,3531.222622,0.0
2019-03-23,16,0,99,29.54,29.54,0.0,-82.200513,0.0
2019-03-23,16,0,101,15.49,15.49,0.0,-15490.0,0.0
2019-03-23,16,0,102,74.0,74.0,0.0,-30487.202818,0.0
2019-03-23,16,0,103,64.35,64.35,0.0,-26511.506775,0.0
2019-03-23,16,0,104,11.95,11.95,0.0,-4923.271266,0.0
2019-03-23,16,0,106,324.28,324.28,0.0,-130190.304825,0.0
2019-03-23,16,0,109,48.33,48.33,0.0,-464.627739,0.0
2019-03-23,16,0,110,224.66,224.66,0.0,-224660.0,0.0
2019-03-23,16,0,111,23.45,23.45,0.0,-562.340457,0.0
2019-03-23,16,0,113,36.17,36.17,0.0,-9587.659475,0.0
2019-03-23,16,0,115,36.17,36.17,0.0,-9587.659475,0.0
2019-03-23,16,0,116,155.25,155.25,0.0,-155250.0,0.0
2019-03-23,16,0,117,2.41,2.41,0.0,-638.823869,0.0
2019-03-23,16,0,119,38.58,38.58,0.0,3881.796685,0.0
2019-03-23,16,0,120,22.68,22.68,0.0,2281.989342,0.0
2019-03-23,16,0,123,5.4,5.4,0.0,-2167.964864,0.0
2019-03-23,16,0,125,52.26,52.26,0.0,-20981.082183,0.0
2019-03-23,16,0,126,243.21,243.21,0.0,-97642.728619,0.0
2019-03-23,16,0,127,312.12,312.12,0.0,-125308.369132,0.0
2019-03-23,16,0,128,74.85,74.85,0.0,-30050.401863,0.0
2019-03-23,16,0,131,29.36,29.36,0.0,-10961.015837,0.0
2019-03-23,16,0,132,43.16,43.16,0.0,-16112.991946,0.0
2019-03-23,16,0,133,50.5,50.5,0.0,267.314788,0.0
2019-03-23,16,0,134,0.0,0.0,0.0,0.0,0.0
2019-03-23,16,0,135,64.2,64.2,0.0,339.833849,0.0
2019-03-23,16,0,136,45.9,45.9,0.0,228.948259,0.0
2019-03-23,16,0,139,18.03,18.03,0.0,-432.366671,0.0
2019-03-23,16,0,140,166.27,166.27,0.0,-166270.0,0.0
2019-03-23,16,0,141,230.0,230.0,0.0,-128049.469875,0.0
2019-03-23,16,0,142,552.08,552.08,0.0,-307363.266646,0.0
2019-03-23,16,0,143,238.5,238.5,0.0,-238500.0,0.0
2019-03-23,16,0,145,16.69,16.69,0.0,-316.465401,0.0
2019-03-23,16,0,146,170.93,170.93,0.0,-170930.0,0.0
2019-03-23,16,0,152,8.16,8.16,0.0,-17.02149,0.0
2019-03-23,16,0,153,10.27,10.27,0.0,-24.795505,0.0
2019-03-23,16,0,154,96.74,96.74,0.0,-2319.864212,0.0
2019-03-23,16,0,157,124.4,124.4,0.0,-69258.061098,0.0
2019-03-23,16,0,158,442.47,442.47,0.0,-246339.343198,0.0
2019-03-23,16,0,159,0.0,0.0,0.0,-0.0,0.0
2019-03-23,16,0,160,2.65,2.65,0.0,2.783246,0.0
2019-03-23,16,0,161,77.52,77.52,0.0,-31937.404898,0.0
2019-03-23,16,0,162,162.5,162.5,0.0,4265.437105,0.0
2019-03-23,16,0,163,96.27,96.27,0.0,-96270.0,0.0
2019-03-23,16,0,164,28.33,28.33,0.0,-28330.0,0.0
2019-03-23,16,0,167,6.13,6.13,0.0,142.232208,0.0
2019-03-23,16,0,168,3.07,3.07,0.0,71.232117,0.0
2019-03-23,16,0,169,0.0,0.0,0.0,0.0,0.0
2019-03-23,16,0,170,6.71,6.71,0.0,155.689742,0.0
2019-03-23,16,0,172,8.98,8.98,0.0,32.632161,0.0
2019-03-23,16,0,173,13.68,13.68,0.0,49.711354,0.0
2019-03-23,16,0,188,10.91,10.91,0.0,105.70356,0.0
2019-03-23,16,0,190,11.95,11.95,0.0,387.509308,0.0
2019-03-23,16,0,191,30.86,30.86,0.0,1000.714413,0.0
2019-03-23,16,0,192,90.65,90.65,0.0,2939.558053,0.0
2019-03-23,16,0,194,41.89,41.89,0.0,-5610.760425,0.0
2019-03-23,16,0,196,8.05,8.05,0.0,2039.215006,0.0
2019-03-23,16,0,198,9.85,9.85,0.0,76.123191,0.0
2019-03-23,16,0,199,130.0,130.0,0.0,-2526.909811,0.0
2019-03-23,16,0,200,20.02,20.02,0.0,-389.144111,0.0
2019-03-23,16,0,204,239.05,239.05,0.0,-2456.422713,0.0
2019-03-23,16,0,205,255.68,255.68,0.0,-2458.018215,0.0
2019-03-23,16,0,206,498.67,498.67,0.0,10376.633971,0.0
2019-03-23,16,0,210,2.8,2.8,0.0,19.050248,0.0
2019-03-23,16,0,214,15.03,15.03,0.0,236.911,0.0
2019-03-23,16,0,217,10.91,10.91,0.0,129.971533,0.0
2019-03-23,16,0,218,15.05,15.05,0.0,179.29162,0.0
2019-03-23,16,0,219,10.25,10.25,0.0,122.108911,0.0
2019-03-23,16,0,221,8.02,8.02,0.0,126.415583,0.0
2019-03-23,16,0,225,8.35,8.35,0.0,41.685122,0.0
2019-03-23,16,0,233,9.79,9.79,0.0,116.189653,0.0
2019-03-23,16,0,236,159.03,159.03,0.0,267.042235,0.0
2019-03-23,16,0,237,308.11,308.11,0.0,-857.373053,0.0
2019-03-23,16,0,238,91.3,91.3,0.0,350.382262,0.0
2019-03-23,16,0,240,13.89,13.89,0.0,-64.579006,0.0
2019-03-23,16,0,245,78.0,78.0,0.0,487.15549,0.0
2019-03-23,16,0,247,171.72,171.72,0.0,1072.491549,0.0
2019-03-23,16,0,248,36.28,36.28,0.0,-100.955809,0.0
2019-03-23,16,0,249,150.0,150.0,0.0,936.837481,0.0
2019-03-23,16,0,251,326.4,326.4,0.0,1490.421808,0.0
2019-03-23,16,0,252,267.06,267.06,0.0,1335.986055,0.0
2019-03-23,16,0,254,14.61,14.61,0.0,-32.117176,0.0
2019-03-23,16,0,255,6.7,6.7,0.0,-14.728616,0.0
2019-03-23,16,0,258,17.61,17.61,0.0,-77.998598,0.0
2019-03-23,16,0,260,6.43,6.43,0.0,6.75331,0.0
2019-03-23,16,0,265,100.16,100.16,0.0,-2401.877191,0.0
2019-03-23,16,0,266,11.5,11.5,0.0,-275.774638,0.0
2019-03-23,16,0,267,14.24,14.24,0.0,-341.480943,0.0
2019-03-23,16,0,270,260.2,260.2,0.0,-260200.0,0.0
2019-03-23,16,0,272,120.88,120.88,0.0,-32041.920856,0.0
2019-03-23,16,0,273,37.12,37.12,0.0,-37120.0,0.0
2019-03-23,16,0,274,324.72,324.72,0.0,-324720.0,0.0
2019-03-23,16,0,275,435.33,435.33,0.0,-435330.0,0.0
2019-03-23,16,0,276,8.33,8.33,0.0,-7505.568984,0.0
2019-03-23,16,0,277,10.2,10.2,0.0,-2806.243498,0.0
2019-03-23,16,0,278,16.32,16.32,0.0,-4489.989597,0.0
2019-03-23,16,0,279,515.35,515.35,0.0,-141784.077125,0.0
2019-03-23,16,0,281,56.1,56.1,0.0,-56100.0,0.0
2019-03-23,16,0,282,421.8,421.8,0.0,-421800.0,0.0
2019-03-23,17,0,9,3.14,3.14,0.0,-1238.887977,0.0
2019-03-23,17,0,17,44.06,44.06,0.0,291.80555,0.0
2019-03-23,17,0,19,284.63,284.63,0.0,1885.079751,0.0
2019-03-23,17,0,20,342.76,342.76,0.0,2270.069689,0.0
2019-03-23,17,0,21,71.71,71.71,0.0,-28293.202818,0.0
2019-03-23,17,0,22,254.84,254.84,0.0,-100547.201314,0.0
2019-03-23,17,0,23,41.25,41.25,0.0,-16275.200338,0.0
2019-03-23,17,0,24,73.37,73.37,0.0,-28948.156335,0.0
2019-03-23,17,0,29,6.76,6.76,0.0,31.96674,0.0
2019-03-23,17,0,30,598.14,598.14,0.0,-598140.0,0.0
2019-03-23,17,0,31,112.98,112.98,0.0,-112980.0,0.0
2019-03-23,17,0,32,4.11,4.11,0.0,105.839358,0.0
2019-03-23,17,0,33,2.55,2.55,0.0,29.019936,0.0
2019-03-23,17,0,34,4.09,4.09,0.0,46.5457,0.0
2019-03-23,17,0,35,4.09,4.09,0.0,46.5457,0.0
2019-03-23,17,0,36,9.43,9.43,0.0,-3.542697,0.0
2019-03-23,17,0,37,4.24,4.24,0.0,-1.629652,0.0
2019-03-23,17,0,38,5.45,5.45,0.0,-2.094717,0.0
2019-03-23,17,0,39,3.63,3.63,0.0,-1.395197,0.0
2019-03-23,17,0,40,3.63,3.63,0.0,-1.395197,0.0
2019-03-23,17,0,41,8.13,8.13,0.0,-129.900788,0.0
2019-03-23,17,0,42,53.26,53.26,0.0,297.812019,0.0
2019-03-23,17,0,43,28.78,28.78,0.0,17.534274,0.0
2019-03-23,17,0,46,24.52,24.52,0.0,-36.821501,0.0
2019-03-23,17,0,52,119.76,119.76,0.0,-119760.0,0.0
2019-03-23,17,0,53,190.26,190.26,0.0,-190260.0,0.0
2019-03-23,17,0,55,583.25,583.25,0.0,-230121.469026,0.0
2019-03-23,17,0,56,176.43,176.43,0.0,-176430.0,0.0
2019-03-23,17,0,57,167.82,167.82,0.0,-167820.0,0.0
2019-03-23,17,0,58,322.74,322.74,0.0,-322740.0,0.0
2019-03-23,17,0,59,317.36,317.36,0.0,-317360.0,0.0
2019-03-23,17,0,63,57.18,57.18,0.0,1704.440799,0.0
2019-03-23,17,0,64,67.25,67.25,0.0,2004.610768,0.0
2019-03-23,17,0,65,41.4,41.4,0.0,266.257732,0.0
2019-03-23,17,0,67,319.94,319.94,0.0,1669.738252,0.0
2019-03-23,17,0,68,13.69,13.69,0.0,167.192293,0.0
2019-03-23,17,0,69,2.55,2.55,0.0,29.019936,0.0
2019-03-23,17,0,74,104.24,104.24,0.0,76.244423,0.0
2019-03-23,17,0,77,45.76,45.76,0.0,868.639825,0.0
2019-03-23,17,0,78,34.59,34.59,0.0,656.605147,0.0
2019-03-23,17,0,79,20.02,20.02,0.0,380.029923,0.0
2019-03-23,17,0,80,32.38,32.38,0.0,614.653792,0.0
2019-03-23,17,0,81,42.33,42.33,0.0,803.529803,0.0
2019-03-23,17,0,82,29.86,29.86,0.0,566.817858,0.0
2019-03-23,17,0,83,66.58,66.58,0.0,1263.855759,0.0
2019-03-23,17,0,84,0.0,0.0,0.0,0.0,0.0
2019-03-23,17,0,86,12.94,12.94,0.0,147.261947,0.0
2019-03-23,17,0,87,66.06,66.06,0.0,751.787035,0.0
2019-03-23,17,0,88,35.94,35.94,0.0,682.231541,0.0
2019-03-23,17,0,89,34.55,34.55,0.0,655.845847,0.0
2019-03-23,17,0,90,46.39,46.39,0.0,880.598809,0.0
2019-03-23,17,0,91,165.47,165.47,0.0,3141.036535,0.0
2019-03-23,17,0,92,59.51,59.51,0.0,1129.649388,0.0
2019-03-23,17,0,95,120.0,120.0,0.0,3101.096311,0.0
2019-03-23,17,0,96,21.59,21.59,0.0,708.011018,0.0
2019-03-23,17,0,97,132.79,132.79,0.0,4354.644884,0.0
2019-03-23,17,0,99,21.2,21.2,0.0,15.506349,0.0
2019-03-23,17,0,101,12.05,12.05,0.0,-12050.0,0.0
2019-03-23,17,0,102,32.36,32.36,0.0,395.203988,0.0
2019-03-23,17,0,103,28.14,28.14,0.0,343.666261,0.0
2019-03-23,17,0,104,5.25,5.25,0.0,64.11684,0.0
2019-03-23,17,0,106,250.87,250.87,0.0,-98980.836579,0.0
2019-03-23,17,0,109,60.0,60.0,0.0,-214.968391,0.0
2019-03-23,17,0,110,161.36,161.36,0.0,-2613.772649,0.0
2019-03-23,17,0,111,18.39,18.39,0.0,-293.834624,0.0
2019-03-23,17,0,113,26.14,26.14,0.0,452.117344,0.0
2019-03-23,17,0,115,26.14,26.14,0.0,452.117344,0.0
2019-03-23,17,0,116,118.03,118.03,0.0,-1911.896292,0.0
2019-03-23,17,0,117,1.74,1.74,0.0,30.095034,0.0
2019-03-23,17,0,119,67.25,67.25,0.0,2004.610768,0.0
2019-03-23,17,0,120,39.58,39.58,0.0,1179.81404,0.0
2019-03-23,17,0,123,4.18,4.18,0.0,-1649.220301,0.0
2019-03-23,17,0,125,66.32,66.32,0.0,-26166.576641,0.0
2019-03-23,17,0,126,188.15,188.15,0.0,-74234.641058,0.0
2019-03-23,17,0,127,241.47,241.47,0.0,-95272.063653,0.0
2019-03-23,17,0,128,95.45,95.45,0.0,-37659.827207,0.0
2019-03-23,17,0,131,22.96,22.96,0.0,323.289784,0.0
2019-03-23,17,0,132,33.75,33.75,0.0,475.219086,0.0
2019-03-23,17,0,133,111.85,111.85,0.0,742.791555,0.0
2019-03-23,17,0,134,0.0,0.0,0.0,0.0,0.0
2019-03-23,17,0,135,146.43,146.43,0.0,972.436008,0.0
2019-03-23,17,0,136,45.9,45.9,0.0,294.716076,0.0
2019-03-23,17,0,139,10.5,10.5,0.0,-167.768545,0.0
2019-03-23,17,0,140,119.42,119.42,0.0,-1934.412058,0.0
2019-03-23,17,0,141,200.62,200.62,0.0,1047.017841,0.0
2019-03-23,17,0,142,421.93,421.93,0.0,2202.014942,0.0
2019-03-23,17,0,143,216.9,216.9,0.0,-216900.0,0.0
2019-03-23,17,0,145,13.53,13.53,0.0,-129.363221,0.0
2019-03-23,17,0,146,123.83,123.83,0.0,-2005.84697,0.0
2019-03-23,17,0,152,6.22,6.22,0.0,8.556719,0.0
2019-03-23,17,0,153,7.85,7.85,0.0,8.968527,0.0
2019-03-23,17,0,154,75.85,75.85,0.0,-1211.928017,0.0
2019-03-23,17,0,157,86.68,86.68,0.0,452.375169,0.0
2019-03-23,17,0,158,355.56,355.56,0.0,1855.635847,0.0
2019-03-23,17,0,159,0.0,0.0,0.0,0.0,0.0
2019-03-23,17,0,160,2.03,2.03,0.0,7.272529,0.0
2019-03-23,17,0,161,59.06,59.06,0.0,721.283916,0.0
2019-03-23,17,0,162,162.5,162.5,0.0,4207.366435,0.0
2019-03-23,17,0,163,88.47,88.47,0.0,-1433.071804,0.0
2019-03-23,17,0,164,21.97,21.97,0.0,-21970.0,0.0
2019-03-23,17,0,167,4.67,4.67,0.0,120.17509,0.0
2019-03-23,17,0,168,2.34,2.34,0.0,60.216212,0.0
2019-03-23,17,0,169,0.0,0.0,0.0,0.0,0.0
2019-03-23,17,0,170,5.11,5.11,0.0,131.497796,0.0
2019-03-23,17,0,172,6.87,6.87,0.0,160.266793,0.0
2019-03-23,17,0,173,10.47,10.47,0.0,244.249392,0.0
2019-03-23,17,0,188,8.39,8.39,0.0,208.807014,0.0
2019-03-23,17,0,190,9.1,9.1,0.0,271.255881,0.0
2019-03-23,17,0,191,23.51,23.51,0.0,700.79404,0.0
2019-03-23,17,0,192,63.97,63.97,0.0,1906.839418,0.0
2019-03-23,17,0,194,38.91,38.91,0.0,814.322726,0.0
2019-03-23,17,0,196,6.12,6.12,0.0,226.723029,0.0
2019-03-23,17,0,198,7.53,7.53,0.0,60.934323,0.0
2019-03-23,17,0,199,130.0,130.0,0.0,1921.986292,0.0
2019-03-23,17,0,200,15.24,15.24,0.0,225.315932,0.0
2019-03-23,17,0,204,257.1,257.1,0.0,-1026.206242,0.0
2019-03-23,17,0,205,317.4,317.4,0.0,-1137.182787,0.0
2019-03-23,17,0,206,390.21,390.21,0.0,12796.339938,0.0
2019-03-23,17,0,210,2.09,2.09,0.0,12.13859,0.0
2019-03-23,17,0,214,11.34,11.34,0.0,160.85096,0.0
2019-03-23,17,0,217,8.14,8.14,0.0,86.797813,0.0
2019-03-23,17,0,218,11.23,11.23,0.0,119.746861,0.0
2019-03-23,17,0,219,7.65,7.65,0.0,81.572884,0.0
2019-03-23,17,0,221,6.05,6.05,0.0,85.815547,0.0
2019-03-23,17,0,225,6.18,6.18,0.0,28.579983,0.0
2019-03-23,17,0,233,7.32,7.32,0.0,83.304285,0.0
2019-03-23,17,0,236,159.03,159.03,0.0,643.957624,0.0
2019-03-23,17,0,237,257.58,257.58,0.0,188.402135,0.0
2019-03-23,17,0,238,69.32,69.32,0.0,387.614141,0.0
2019-03-23,17,0,240,10.69,10.69,0.0,-4.016058,0.0
2019-03-23,17,0,245,78.0,78.0,0.0,571.534142,0.0
2019-03-23,17,0,247,171.72,171.72,0.0,1258.254395,0.0
2019-03-23,17,0,248,26.21,26.21,0.0,19.170821,0.0
2019-03-23,17,0,249,150.0,150.0,0.0,1099.104118,0.0
2019-03-23,17,0,251,326.4,326.4,0.0,1996.531728,0.0
2019-03-23,17,0,252,267.06,267.06,0.0,1717.555311,0.0
2019-03-23,17,0,254,11.17,11.17,0.0,15.139281,0.0
2019-03-23,17,0,255,5.12,5.12,0.0,6.939402,0.0
2019-03-23,17,0,258,13.6,13.6,0.0,-2.945876,0.0
2019-03-23,17,0,260,4.92,4.92,0.0,17.62603,0.0
2019-03-23,17,0,265,78.53,78.53,0.0,-1254.748941,0.0
2019-03-23,17,0,266,6.8,6.8,0.0,-108.650106,0.0
2019-03-23,17,0,267,8.35,8.35,0.0,-133.415939,0.0
2019-03-23,17,0,270,276.28,276.28,0.0,-4475.29194,0.0
2019-03-23,17,0,272,87.37,87.37,0.0,1511.151199,0.0
2019-03-23,17,0,273,28.23,28.23,0.0,-457.280626,0.0
2019-03-23,17,0,274,356.16,356.16,0.0,-5769.21955,0.0
2019-03-23,17,0,275,495.78,495.78,0.0,-8030.839142,0.0
2019-03-23,17,0,276,6.25,6.25,0.0,-71.352256,0.0
2019-03-23,17,0,277,7.75,7.75,0.0,139.28415,0.0
2019-03-23,17,0,278,12.4,12.4,0.0,222.854639,0.0
2019-03-23,17,0,279,161.18,161.18,0.0,2896.75087,0.0
2019-03-23,17,0,281,50.71,50.71,0.0,-50710.0,0.0
2019-03-23,17,0,282,328.12,328.12,0.0,-328120.0,0.0
2019-03-23,18,0,9,1.96,1.96,0.0,14.306024,0.0
2019-03-23,18,0,17,27.34,27.34,0.0,280.666287,0.0
2019-03-23,18,0,19,332.94,332.94,0.0,3417.887111,0.0
2019-03-23,18,0,20,405.43,405.43,0.0,4162.053137,0.0
2019-03-23,18,0,21,44.78,44.78,0.0,326.84886,0.0
2019-03-23,18,0,22,159.15,159.15,0.0,1161.634569,0.0
2019-03-23,18,0,23,65.22,65.22,0.0,476.040255,0.0
2019-03-23,18,0,24,115.73,115.73,0.0,844.712339,0.0
2019-03-23,18,0,29,4.21,4.21,0.0,35.426712,0.0
2019-03-23,18,0,30,386.34,386.34,0.0,2813.409053,0.0
2019-03-23,18,0,31,60.36,60.36,0.0,439.554202,0.0
2019-03-23,18,0,32,2.59,2.59,0.0,37.072851,0.0
2019-03-23,18,0,33,1.59,1.59,0.0,17.321458,0.0
2019-03-23,18,0,34,2.55,2.55,0.0,27.779696,0.0
2019-03-23,18,0,35,2.55,2.55,0.0,27.779696,0.0
2019-03-23,18,0,36,5.96,5.96,0.0,54.749086,0.0
2019-03-23,18,0,37,2.61,2.61,0.0,23.897048,0.0
2019-03-23,18,0,38,3.35,3.35,0.0,30.672456,0.0
2019-03-23,18,0,39,2.23,2.23,0.0,20.417784,0.0
2019-03-23,18,0,40,2.23,2.23,0.0,20.417784,0.0
2019-03-23,18,0,41,11.91,11.91,0.0,97.638071,0.0
2019-03-23,18,0,42,31.69,31.69,0.0,321.006964,0.0
2019-03-23,18,0,43,17.7,17.7,0.0,163.188458,0.0
2019-03-23,18,0,46,15.58,15.58,0.0,139.5938,0.0
2019-03-23,18,0,52,63.98,63.98,0.0,465.915803,0.0
2019-03-23,18,0,53,101.67,101.67,0.0,740.382302,0.0
2019-03-23,18,0,55,331.77,331.77,0.0,2421.58656,0.0
2019-03-23,18,0,56,113.96,113.96,0.0,829.880664,0.0
2019-03-23,18,0,57,108.4,108.4,0.0,789.391576,0.0
2019-03-23,18,0,58,208.46,208.46,0.0,1518.049519,0.0
2019-03-23,18,0,59,204.98,204.98,0.0,1492.707428,0.0
2019-03-23,18,0,63,96.05,96.05,0.0,1584.758879,0.0
2019-03-23,18,0,64,113.0,113.0,0.0,1864.422211,0.0
2019-03-23,18,0,65,41.4,41.4,0.0,423.955808,0.0
2019-03-23,18,0,67,204.05,204.05,0.0,-414.387885,0.0
2019-03-23,18,0,68,5.73,5.73,0.0,12.171033,0.0
2019-03-23,18,0,69,1.59,1.59,0.0,17.321458,0.0
2019-03-23,18,0,74,65.28,65.28,0.0,622.834195,0.0
2019-03-23,18,0,77,33.42,33.42,0.0,190.198476,0.0
2019-03-23,18,0,78,25.27,25.27,0.0,143.815544,0.0
2019-03-23,18,0,79,14.62,14.62,0.0,83.204719,0.0
2019-03-23,18,0,80,23.65,23.65,0.0,134.595869,0.0
2019-03-23,18,0,81,30.91,30.91,0.0,175.913671,0.0
2019-03-23,18,0,82,21.81,21.81,0.0,124.12414,0.0
2019-03-23,18,0,83,48.63,48.63,0.0,276.760978,0.0
2019-03-23,18,0,84,0.0,0.0,0.0,0.0,0.0
2019-03-23,18,0,86,8.07,8.07,0.0,87.914568,0.0
2019-03-23,18,0,87,41.19,41.19,0.0,448.7238,0.0
2019-03-23,18,0,88,25.59,25.59,0.0,145.636714,0.0
2019-03-23,18,0,89,24.6,24.6,0.0,140.002469,0.0
2019-03-23,18,0,90,33.03,33.03,0.0,187.978925,0.0
2019-03-23,18,0,91,117.82,117.82,0.0,670.532149,0.0
2019-03-23,18,0,92,42.37,42.37,0.0,241.134333,0.0
2019-03-23,18,0,95,120.0,120.0,0.0,1728.005089,0.0
2019-03-23,18,0,96,17.22,17.22,0.0,125.097642,0.0
2019-03-23,18,0,97,105.92,105.92,0.0,769.473998,0.0
2019-03-23,18,0,99,12.6,12.6,0.0,120.216159,0.0
2019-03-23,18,0,101,7.78,7.78,0.0,56.655595,0.0
2019-03-23,18,0,102,13.56,13.56,0.0,28.802654,0.0
2019-03-23,18,0,103,11.79,11.79,0.0,25.043016,0.0
2019-03-23,18,0,104,2.19,2.19,0.0,4.651756,0.0
2019-03-23,18,0,106,156.67,156.67,0.0,1143.533069,0.0
2019-03-23,18,0,109,60.0,60.0,0.0,523.842845,0.0
2019-03-23,18,0,110,112.08,112.08,0.0,-1653.679385,0.0
2019-03-23,18,0,111,12.16,12.16,0.0,99.687568,0.0
2019-03-23,18,0,113,18.82,18.82,0.0,116.358203,0.0
2019-03-23,18,0,115,18.82,18.82,0.0,116.358203,0.0
2019-03-23,18,0,116,74.06,74.06,0.0,-1092.714983,0.0
2019-03-23,18,0,117,1.25,1.25,0.0,7.728361,0.0
2019-03-23,18,0,119,113.0,113.0,0.0,1864.422211,0.0
2019-03-23,18,0,120,66.44,66.44,0.0,1096.214263,0.0
2019-03-23,18,0,123,2.61,2.61,0.0,19.050369,0.0
2019-03-23,18,0,125,104.66,104.66,0.0,763.912498,0.0
2019-03-23,18,0,126,117.5,117.5,0.0,857.631554,0.0
2019-03-23,18,0,127,150.79,150.79,0.0,1100.614996,0.0
2019-03-23,18,0,128,150.29,150.29,0.0,1096.9655,0.0
2019-03-23,18,0,131,18.07,18.07,0.0,58.433622,0.0
2019-03-23,18,0,132,26.56,26.56,0.0,85.888046,0.0
2019-03-23,18,0,133,139.8,139.8,0.0,1435.488525,0.0
2019-03-23,18,0,134,0.0,0.0,0.0,0.0,0.0
2019-03-23,18,0,135,187.33,187.33,0.0,1923.534087,0.0
2019-03-23,18,0,136,45.9,45.9,0.0,469.974219,0.0
2019-03-23,18,0,139,15.38,15.38,0.0,126.085099,0.0
2019-03-23,18,0,140,82.95,82.95,0.0,-1223.882093,0.0
2019-03-23,18,0,141,153.54,153.54,0.0,-311.811399,0.0
2019-03-23,18,0,142,269.09,269.09,0.0,-546.47212,0.0
2019-03-23,18,0,143,116.34,116.34,0.0,847.212324,0.0
2019-03-23,18,0,145,11.45,11.45,0.0,89.542866,0.0
2019-03-23,18,0,146,88.04,88.04,0.0,-1298.982272,0.0
2019-03-23,18,0,152,3.88,3.88,0.0,37.016091,0.0
2019-03-23,18,0,153,4.89,4.89,0.0,46.490716,0.0
2019-03-23,18,0,154,50.14,50.14,0.0,411.047259,0.0
2019-03-23,18,0,157,61.74,61.74,0.0,-125.382544,0.0
2019-03-23,18,0,158,230.89,230.89,0.0,-468.894971,0.0
2019-03-23,18,0,159,0.0,0.0,0.0,0.0,0.0
2019-03-23,18,0,160,1.27,1.27,0.0,12.023793,0.0
2019-03-23,18,0,161,37.44,37.44,0.0,79.525912,0.0
2019-03-23,18,0,162,162.5,162.5,0.0,2343.81221,0.0
2019-03-23,18,0,163,63.52,63.52,0.0,-937.20302,0.0
2019-03-23,18,0,164,14.49,14.49,0.0,105.519224,0.0
2019-03-23,18,0,167,2.97,2.97,0.0,42.585287,0.0
2019-03-23,18,0,168,1.48,1.48,0.0,21.220951,0.0
2019-03-23,18,0,169,0.0,0.0,0.0,0.0,0.0
2019-03-23,18,0,170,3.25,3.25,0.0,46.600061,0.0
2019-03-23,18,0,172,4.32,4.32,0.0,59.166629,0.0
2019-03-23,18,0,173,6.59,6.59,0.0,90.256501,0.0
2019-03-23,18,0,188,5.29,5.29,0.0,73.688836,0.0
2019-03-23,18,0,190,5.6,5.6,0.0,92.396145,0.0
2019-03-23,18,0,191,14.47,14.47,0.0,238.745039,0.0
2019-03-23,18,0,192,43.52,43.52,0.0,718.050041,0.0
2019-03-23,18,0,194,69.78,69.78,0.0,679.240599,0.0
2019-03-23,18,0,196,3.84,3.84,0.0,80.070581,0.0
2019-03-23,18,0,198,4.79,4.79,0.0,46.591425,0.0
2019-03-23,18,0,199,130.0,130.0,0.0,1325.782007,0.0
2019-03-23,18,0,200,9.46,9.46,0.0,96.476137,0.0
2019-03-23,18,0,204,257.1,257.1,0.0,2224.760875,0.0
2019-03-23,18,0,205,317.4,317.4,0.0,2771.12865,0.0
2019-03-23,18,0,206,311.23,311.23,0.0,2260.98369,0.0
2019-03-23,18,0,210,1.31,1.31,0.0,11.290305,0.0
2019-03-23,18,0,214,7.14,7.14,0.0,80.440604,0.0
2019-03-23,18,0,217,5.07,5.07,0.0,51.275909,0.0
2019-03-23,18,0,218,7.0,7.0,0.0,70.79514,0.0
2019-03-23,18,0,219,4.77,4.77,0.0,48.241831,0.0
2019-03-23,18,0,221,3.81,3.81,0.0,42.924188,0.0
2019-03-23,18,0,225,3.86,3.86,0.0,32.405581,0.0
2019-03-23,18,0,233,4.56,4.56,0.0,49.676633,0.0
2019-03-23,18,0,236,159.03,159.03,0.0,1577.217189,0.0
2019-03-23,18,0,237,156.6,156.6,0.0,1494.115117,0.0
2019-03-23,18,0,238,41.25,41.25,0.0,417.845921,0.0
2019-03-23,18,0,240,6.76,6.76,0.0,62.097957,0.0
2019-03-23,18,0,245,78.0,78.0,0.0,807.986208,0.0
2019-03-23,18,0,247,171.72,171.72,0.0,1778.812713,0.0
2019-03-23,18,0,248,15.72,15.72,0.0,149.98397,0.0
2019-03-23,18,0,249,150.0,150.0,0.0,1553.819631,0.0
2019-03-23,18,0,251,326.4,326.4,0.0,3328.935922,0.0
2019-03-23,18,0,252,267.06,267.06,0.0,2734.822179,0.0
2019-03-23,18,0,254,7.16,7.16,0.0,66.458299,0.0
2019-03-23,18,0,255,3.28,3.28,0.0,30.444584,0.0
2019-03-23,18,0,258,8.72,8.72,0.0,80.150009,0.0
2019-03-23,18,0,260,3.08,3.08,0.0,29.160065,0.0
2019-03-23,18,0,265,51.92,51.92,0.0,425.639683,0.0
2019-03-23,18,0,266,9.96,9.96,0.0,81.651989,0.0
2019-03-23,18,0,267,12.24,12.24,0.0,100.343408,0.0
2019-03-23,18,0,270,198.36,198.36,0.0,-2926.693815,0.0
2019-03-23,18,0,272,62.89,62.89,0.0,388.829297,0.0
2019-03-23,18,0,273,17.71,17.71,0.0,-261.301409,0.0
2019-03-23,18,0,274,255.71,255.71,0.0,-3772.861845,0.0
2019-03-23,18,0,275,355.95,355.95,0.0,-5251.848475,0.0
2019-03-23,18,0,276,3.93,3.93,0.0,-46.820194,0.0
2019-03-23,18,0,277,4.9,4.9,0.0,29.329567,0.0
2019-03-23,18,0,278,7.84,7.84,0.0,46.927307,0.0
2019-03-23,18,0,279,113.95,113.95,0.0,682.062067,0.0
2019-03-23,18,0,281,27.07,27.07,0.0,197.129428,0.0
2019-03-23,18,0,282,211.93,211.93,0.0,1543.318788,0.0
2019-03-23,19,0,9,0.69,0.69,0.0,6.634848,0.0
2019-03-23,19,0,17,5.73,5.73,0.0,0.609064,0.0
2019-03-23,19,0,19,615.51,615.51,0.0,65.424901,0.0
2019-03-23,19,0,20,748.14,748.14,0.0,79.522649,0.0
2019-03-23,19,0,21,15.8,15.8,0.0,151.928401,0.0
2019-03-23,19,0,22,56.15,56.15,0.0,539.922768,0.0
2019-03-23,19,0,23,59.79,59.79,0.0,574.923995,0.0
2019-03-23,19,0,24,105.79,105.79,0.0,1017.247189,0.0
2019-03-23,19,0,29,0.7,0.7,0.0,7.401368,0.0
2019-03-23,19,0,30,145.01,145.01,0.0,1393.770696,0.0
2019-03-23,19,0,31,17.74,17.74,0.0,170.508876,0.0
2019-03-23,19,0,32,0.58,0.58,0.0,7.877817,0.0
2019-03-23,19,0,33,0.35,0.35,0.0,3.662222,0.0
2019-03-23,19,0,34,0.57,0.57,0.0,5.964191,0.0
2019-03-23,19,0,35,0.57,0.57,0.0,5.964191,0.0
2019-03-23,19,0,36,1.57,1.57,0.0,15.861015,0.0
2019-03-23,19,0,37,0.71,0.71,0.0,7.172763,0.0
2019-03-23,19,0,38,0.91,0.91,0.0,9.19326,0.0
2019-03-23,19,0,39,0.61,0.61,0.0,6.162515,0.0
2019-03-23,19,0,40,0.61,0.61,0.0,6.162515,0.0
2019-03-23,19,0,41,17.72,17.72,0.0,174.202256,0.0
2019-03-23,19,0,42,8.92,8.92,0.0,68.245253,0.0
2019-03-23,19,0,43,4.8,4.8,0.0,48.679831,0.0
2019-03-23,19,0,46,3.71,3.71,0.0,37.321054,0.0
2019-03-23,19,0,52,18.8,18.8,0.0,180.697118,0.0
2019-03-23,19,0,53,29.87,29.87,0.0,287.096964,0.0
2019-03-23,19,0,55,105.66,105.66,0.0,1015.997145,0.0
2019-03-23,19,0,56,42.77,42.77,0.0,411.085943,0.0
2019-03-23,19,0,57,40.69,40.69,0.0,391.093922,0.0
2019-03-23,19,0,58,78.25,78.25,0.0,752.103696,0.0
2019-03-23,19,0,59,76.94,76.94,0.0,739.512567,0.0
2019-03-23,19,0,63,91.53,91.53,0.0,1245.148953,0.0
2019-03-23,19,0,64,107.68,107.68,0.0,1464.849112,0.0
2019-03-23,19,0,65,41.4,41.4,0.0,212.641408,0.0
2019-03-23,19,0,67,72.16,72.16,0.0,747.865005,0.0
2019-03-23,19,0,68,5.64,5.64,0.0,54.830925,0.0
2019-03-23,19,0,69,0.35,0.35,0.0,3.662222,0.0
2019-03-23,19,0,74,65.28,65.28,0.0,660.677619,0.0
2019-03-23,19,0,77,24.54,24.54,0.0,226.113963,0.0
2019-03-23,19,0,78,18.55,18.55,0.0,170.921517,0.0
2019-03-23,19,0,79,10.74,10.74,0.0,98.959412,0.0
2019-03-23,19,0,80,17.36,17.36,0.0,159.95674,0.0
2019-03-23,19,0,81,22.7,22.7,0.0,209.160023,0.0
2019-03-23,19,0,82,16.01,16.01,0.0,147.517708,0.0
2019-03-23,19,0,83,35.71,35.71,0.0,329.035437,0.0
2019-03-23,19,0,84,0.0,0.0,0.0,0.0,0.0
2019-03-23,19,0,86,1.79,1.79,0.0,18.729652,0.0
2019-03-23,19,0,87,9.16,9.16,0.0,95.845593,0.0
2019-03-23,19,0,88,18.28,18.28,0.0,168.43371,0.0
2019-03-23,19,0,89,17.58,17.58,0.0,161.983842,0.0
2019-03-23,19,0,90,23.6,23.6,0.0,217.452711,0.0
2019-03-23,19,0,91,84.18,84.18,0.0,775.642764,0.0
2019-03-23,19,0,92,30.27,30.27,0.0,278.910745,0.0
2019-03-23,19,0,95,120.0,120.0,0.0,1626.993194,0.0
2019-03-23,19,0,96,14.26,14.26,0.0,136.998499,0.0
2019-03-23,19,0,97,87.7,87.7,0.0,842.550376,0.0
2019-03-23,19,0,99,12.6,12.6,0.0,127.520496,0.0
2019-03-23,19,0,101,2.92,2.92,0.0,28.065723,0.0
2019-03-23,19,0,102,16.13,16.13,0.0,156.812556,0.0
2019-03-23,19,0,103,13.53,13.53,0.0,131.535889,0.0
2019-03-23,19,0,104,1.93,1.93,0.0,18.763065,0.0
2019-03-23,19,0,106,55.28,55.28,0.0,531.55709,0.0
2019-03-23,19,0,109,60.0,60.0,0.0,598.706987,0.0
2019-03-23,19,0,110,75.04,75.04,0.0,925.285661,0.0
2019-03-23,19,0,111,3.82,3.82,0.0,37.553759,0.0
2019-03-23,19,0,113,13.76,13.76,0.0,123.768784,0.0
2019-03-23,19,0,115,13.76,13.76,0.0,123.768784,0.0
2019-03-23,19,0,116,21.77,21.77,0.0,268.436418,0.0
2019-03-23,19,0,117,0.92,0.92,0.0,8.275238,0.0
2019-03-23,19,0,119,107.68,107.68,0.0,1464.849112,0.0
2019-03-23,19,0,120,63.31,63.31,0.0,861.251832,0.0
2019-03-23,19,0,123,0.92,0.92,0.0,8.846464,0.0
2019-03-23,19,0,125,95.74,95.74,0.0,920.609187,0.0
2019-03-23,19,0,126,41.46,41.46,0.0,398.667818,0.0
2019-03-23,19,0,127,53.2,53.2,0.0,511.556389,0.0
2019-03-23,19,0,128,137.12,137.12,0.0,1318.507747,0.0
2019-03-23,19,0,131,14.5,14.5,0.0,138.479156,0.0
2019-03-23,19,0,132,21.31,21.31,0.0,203.516608,0.0
2019-03-23,19,0,133,135.62,135.62,0.0,1486.040107,0.0
2019-03-23,19,0,134,0.0,0.0,0.0,0.0,0.0
2019-03-23,19,0,135,183.78,183.78,0.0,2013.74761,0.0
2019-03-23,19,0,136,45.9,45.9,0.0,248.429216,0.0
2019-03-23,19,0,139,22.88,22.88,0.0,224.929323,0.0
2019-03-23,19,0,140,55.54,55.54,0.0,684.839627,0.0
2019-03-23,19,0,141,120.28,120.28,0.0,1246.579862,0.0
2019-03-23,19,0,142,95.16,95.16,0.0,986.236611,0.0
2019-03-23,19,0,143,34.18,34.18,0.0,328.522739,0.0
2019-03-23,19,0,145,10.36,10.36,0.0,100.985712,0.0
2019-03-23,19,0,146,62.38,62.38,0.0,769.180697,0.0
2019-03-23,19,0,152,1.14,1.14,0.0,11.553658,0.0
2019-03-23,19,0,153,1.43,1.43,0.0,14.48502,0.0
2019-03-23,19,0,154,15.77,15.77,0.0,155.032143,0.0
2019-03-23,19,0,157,46.3,46.3,0.0,479.852408,0.0
2019-03-23,19,0,158,83.37,83.37,0.0,864.045253,0.0
2019-03-23,19,0,159,0.0,0.0,0.0,0.0,0.0
2019-03-23,19,0,160,0.34,0.34,0.0,3.48781,0.0
2019-03-23,19,0,161,13.06,13.06,0.0,126.966645,0.0
2019-03-23,19,0,162,162.5,162.5,0.0,2203.582841,0.0
2019-03-23,19,0,163,45.49,45.49,0.0,560.91744,0.0
2019-03-23,19,0,164,5.76,5.76,0.0,55.362521,0.0
2019-03-23,19,0,167,0.68,0.68,0.0,9.220505,0.0
2019-03-23,19,0,168,0.34,0.34,0.0,4.610252,0.0
2019-03-23,19,0,169,0.0,0.0,0.0,0.0,0.0
2019-03-23,19,0,170,0.74,0.74,0.0,10.034079,0.0
2019-03-23,19,0,172,0.91,0.91,0.0,12.0664,0.0
2019-03-23,19,0,173,1.38,1.38,0.0,18.298496,0.0
2019-03-23,19,0,188,1.23,1.23,0.0,16.527155,0.0
2019-03-23,19,0,190,1.49,1.49,0.0,20.26955,0.0
2019-03-23,19,0,191,3.84,3.84,0.0,52.238304,0.0
2019-03-23,19,0,192,28.81,28.81,0.0,391.923318,0.0
2019-03-23,19,0,194,122.21,122.21,0.0,1015.8367,0.0
2019-03-23,19,0,196,1.1,1.1,0.0,14.435613,0.0
2019-03-23,19,0,198,1.36,1.36,0.0,14.219565,0.0
2019-03-23,19,0,199,130.0,130.0,0.0,1326.262315,0.0
2019-03-23,19,0,200,2.24,2.24,0.0,22.85252,0.0
2019-03-23,19,0,204,257.1,257.1,0.0,2561.438648,0.0
2019-03-23,19,0,205,317.4,317.4,0.0,3167.159959,0.0
2019-03-23,19,0,206,257.71,257.71,0.0,2475.868386,0.0
2019-03-23,19,0,210,0.23,0.23,0.0,2.437134,0.0
2019-03-23,19,0,214,1.54,1.54,0.0,16.20809,0.0
2019-03-23,19,0,217,0.92,0.92,0.0,9.711341,0.0
2019-03-23,19,0,218,1.27,1.27,0.0,13.405873,0.0
2019-03-23,19,0,219,0.87,0.87,0.0,9.183551,0.0
2019-03-23,19,0,221,0.82,0.82,0.0,8.630282,0.0
2019-03-23,19,0,225,0.64,0.64,0.0,6.765553,0.0
2019-03-23,19,0,233,1.01,1.01,0.0,10.568128,0.0
2019-03-23,19,0,236,159.03,159.03,0.0,1621.587076,0.0
2019-03-23,19,0,237,156.6,156.6,0.0,1584.897597,0.0
2019-03-23,19,0,238,11.61,11.61,0.0,88.82594,0.0
2019-03-23,19,0,240,1.78,1.78,0.0,17.982552,0.0
2019-03-23,19,0,245,78.0,78.0,0.0,723.594668,0.0
2019-03-23,19,0,247,171.72,171.72,0.0,1593.021492,0.0
2019-03-23,19,0,248,15.72,15.72,0.0,159.097,0.0
2019-03-23,19,0,249,150.0,150.0,0.0,1391.528207,0.0
2019-03-23,19,0,251,326.4,326.4,0.0,2201.855414,0.0
2019-03-23,19,0,252,267.06,267.06,0.0,1371.69117,0.0
2019-03-23,19,0,254,2.21,2.21,0.0,22.477686,0.0
2019-03-23,19,0,255,1.01,1.01,0.0,10.272608,0.0
2019-03-23,19,0,258,2.25,2.25,0.0,22.744954,0.0
2019-03-23,19,0,260,0.83,0.83,0.0,8.514359,0.0
2019-03-23,19,0,265,16.33,16.33,0.0,160.537406,0.0
2019-03-23,19,0,266,14.82,14.82,0.0,145.692857,0.0
2019-03-23,19,0,267,18.21,18.21,0.0,179.019361,0.0
2019-03-23,19,0,270,142.06,142.06,0.0,1751.680184,0.0
2019-03-23,19,0,272,45.99,45.99,0.0,413.671975,0.0
2019-03-23,19,0,273,5.21,5.21,0.0,64.242248,0.0
2019-03-23,19,0,274,183.13,183.13,0.0,2258.096523,0.0
2019-03-23,19,0,275,254.92,254.92,0.0,3143.307845,0.0
2019-03-23,19,0,276,1.2,1.2,0.0,14.269763,0.0
2019-03-23,19,0,277,1.53,1.53,0.0,13.896584,0.0
2019-03-23,19,0,278,2.46,2.46,0.0,22.343527,0.0
2019-03-23,19,0,279,80.69,80.69,0.0,732.885864,0.0
2019-03-23,19,0,281,7.96,7.96,0.0,76.507929,0.0
2019-03-23,19,0,282,79.55,79.55,0.0,764.598709,0.0
2019-03-23,20,0,9,0.0,0.0,0.0,0.0,0.0
2019-03-23,20,0,17,0.0,0.0,0.0,-0.0,0.0
2019-03-23,20,0,19,643.3,643.3,0.0,-537.180577,0.0
2019-03-23,20,0,20,780.2,780.2,0.0,-651.497414,0.0
2019-03-23,20,0,21,0.0,0.0,0.0,0.0,0.0
2019-03-23,20,0,22,0.0,0.0,0.0,0.0,0.0
2019-03-23,20,0,23,47.41,47.41,0.0,560.767029,0.0
2019-03-23,20,0,24,83.88,83.88,0.0,992.135381,0.0
2019-03-23,20,0,29,0.0,0.0,0.0,0.0,0.0
2019-03-23,20,0,30,0.0,0.0,0.0,0.0,0.0
2019-03-23,20,0,31,9.61,9.61,0.0,113.668035,0.0
2019-03-23,20,0,32,0.0,0.0,0.0,0.0,0.0
2019-03-23,20,0,33,0.0,0.0,0.0,0.0,0.0
2019-03-23,20,0,34,0.0,0.0,0.0,0.0,0.0
2019-03-23,20,0,35,0.0,0.0,0.0,0.0,0.0
2019-03-23,20,0,36,0.0,0.0,0.0,0.0,0.0
2019-03-23,20,0,37,0.0,0.0,0.0,0.0,0.0
2019-03-23,20,0,38,0.0,0.0,0.0,0.0,0.0
2019-03-23,20,0,39,0.0,0.0,0.0,0.0,0.0
2019-03-23,20,0,40,0.0,0.0,0.0,0.0,0.0
2019-03-23,20,0,41,43.17,43.17,0.0,510.345803,0.0
2019-03-23,20,0,42,0.0,0.0,0.0,0.0,0.0
2019-03-23,20,0,43,0.0,0.0,0.0,0.0,0.0
2019-03-23,20,0,46,0.0,0.0,0.0,0.0,0.0
2019-03-23,20,0,52,10.18,10.18,0.0,120.410052,0.0
2019-03-23,20,0,53,16.18,16.18,0.0,191.378648,0.0
2019-03-23,20,0,55,75.92,75.92,0.0,897.984241,0.0
2019-03-23,20,0,56,0.0,0.0,0.0,0.0,0.0
2019-03-23,20,0,57,0.0,0.0,0.0,0.0,0.0
2019-03-23,20,0,58,0.0,0.0,0.0,0.0,0.0
2019-03-23,20,0,59,0.0,0.0,0.0,0.0,0.0
2019-03-23,20,0,63,74.07,74.07,0.0,882.288642,0.0
2019-03-23,20,0,64,87.15,87.15,0.0,1038.09174,0.0
2019-03-23,20,0,65,41.4,41.4,0.0,224.811532,0.0
2019-03-23,20,0,67,0.0,0.0,0.0,0.0,0.0
2019-03-23,20,0,68,3.29,3.29,0.0,38.965502,0.0
2019-03-23,20,0,69,0.0,0.0,0.0,0.0,0.0
2019-03-23,20,0,74,65.28,65.28,0.0,770.2918,0.0
2019-03-23,20,0,77,29.08,29.08,0.0,344.127945,0.0
2019-03-23,20,0,78,22.08,22.08,0.0,261.291094,0.0
2019-03-23,20,0,79,12.85,12.85,0.0,152.06479,0.0
2019-03-23,20,0,80,20.68,20.68,0.0,244.723724,0.0
2019-03-23,20,0,81,26.94,26.94,0.0,318.803536,0.0
2019-03-23,20,0,82,19.09,19.09,0.0,225.907925,0.0
2019-03-23,20,0,83,41.99,41.99,0.0,496.902765,0.0
2019-03-23,20,0,84,0.0,0.0,0.0,0.0,0.0
2019-03-23,20,0,86,0.0,0.0,0.0,0.0,0.0
2019-03-23,20,0,87,0.0,0.0,0.0,0.0,0.0
2019-03-23,20,0,88,32.1,32.1,0.0,379.866129,0.0
2019-03-23,20,0,89,30.86,30.86,0.0,365.192173,0.0
2019-03-23,20,0,90,41.4,41.4,0.0,489.920802,0.0
2019-03-23,20,0,91,147.41,147.41,0.0,1744.425735,0.0
2019-03-23,20,0,92,53.09,53.09,0.0,628.258343,0.0
2019-03-23,20,0,95,120.0,120.0,0.0,1429.379981,0.0
2019-03-23,20,0,96,12.27,12.27,0.0,145.131634,0.0
2019-03-23,20,0,97,88.63,88.63,0.0,1048.330625,0.0
2019-03-23,20,0,99,12.6,12.6,0.0,148.677645,0.0
2019-03-23,20,0,101,0.0,0.0,0.0,0.0,0.0
2019-03-23,20,0,102,7.78,7.78,0.0,92.143344,0.0
2019-03-23,20,0,103,6.76,6.76,0.0,80.062854,0.0
2019-03-23,20,0,104,1.26,1.26,0.0,14.922958,0.0
2019-03-23,20,0,106,0.0,0.0,0.0,0.0,0.0
2019-03-23,20,0,109,60.0,60.0,0.0,709.475373,0.0
2019-03-23,20,0,110,37.24,37.24,0.0,442.763122,0.0
2019-03-23,20,0,111,0.0,0.0,0.0,0.0,0.0
2019-03-23,20,0,113,11.2,11.2,0.0,132.527528,0.0
2019-03-23,20,0,115,11.2,11.2,0.0,132.527528,0.0
2019-03-23,20,0,116,0.0,0.0,0.0,0.0,0.0
2019-03-23,20,0,117,0.75,0.75,0.0,8.874611,0.0
2019-03-23,20,0,119,87.15,87.15,0.0,1038.09174,0.0
2019-03-23,20,0,120,51.24,51.24,0.0,610.347914,0.0
2019-03-23,20,0,123,0.0,0.0,0.0,0.0,0.0
2019-03-23,20,0,125,75.91,75.91,0.0,897.86596,0.0
2019-03-23,20,0,126,0.0,0.0,0.0,0.0,0.0
2019-03-23,20,0,127,0.0,0.0,0.0,0.0,0.0
2019-03-23,20,0,128,108.72,108.72,0.0,1285.943712,0.0
2019-03-23,20,0,131,11.03,11.03,0.0,130.601866,0.0
2019-03-23,20,0,132,16.22,16.22,0.0,192.054603,0.0
2019-03-23,20,0,133,103.8,103.8,0.0,1314.907603,0.0
2019-03-23,20,0,134,0.0,0.0,0.0,0.0,0.0
2019-03-23,20,0,135,138.32,138.32,0.0,1752.196721,0.0
2019-03-23,20,0,136,45.9,45.9,0.0,265.034903,0.0
2019-03-23,20,0,139,57.78,57.78,0.0,683.06186,0.0
2019-03-23,20,0,140,27.56,27.56,0.0,327.673245,0.0
2019-03-23,20,0,141,96.72,96.72,0.0,1146.605918,0.0
2019-03-23,20,0,142,0.0,0.0,0.0,0.0,0.0
2019-03-23,20,0,143,18.76,18.76,0.0,221.895144,0.0
2019-03-23,20,0,145,10.14,10.14,0.0,119.922692,0.0
2019-03-23,20,0,146,19.8,19.8,0.0,235.411112,0.0
2019-03-23,20,0,152,0.0,0.0,0.0,0.0,0.0
2019-03-23,20,0,153,0.0,0.0,0.0,0.0,0.0
2019-03-23,20,0,154,0.0,0.0,0.0,0.0,0.0
2019-03-23,20,0,157,19.75,19.75,0.0,234.134273,0.0
2019-03-23,20,0,158,1.5,1.5,0.0,17.78235,0.0
2019-03-23,20,0,159,0.0,0.0,0.0,0.0,0.0
2019-03-23,20,0,160,0.0,0.0,0.0,0.0,0.0
2019-03-23,20,0,161,0.0,0.0,0.0,0.0,0.0
2019-03-23,20,0,162,162.5,162.5,0.0,1935.622783,0.0
2019-03-23,20,0,163,34.79,34.79,0.0,413.633969,0.0
2019-03-23,20,0,164,0.27,0.27,0.0,3.193587,0.0
2019-03-23,20,0,167,0.0,0.0,0.0,0.0,0.0
2019-03-23,20,0,168,0.0,0.0,0.0,0.0,0.0
2019-03-23,20,0,169,0.0,0.0,0.0,0.0,0.0
2019-03-23,20,0,170,0.0,0.0,0.0,0.0,0.0
2019-03-23,20,0,172,0.0,0.0,0.0,0.0,0.0
2019-03-23,20,0,173,0.0,0.0,0.0,0.0,0.0
2019-03-23,20,0,188,0.0,0.0,0.0,0.0,0.0
2019-03-23,20,0,190,0.0,0.0,0.0,0.0,0.0
2019-03-23,20,0,191,0.0,0.0,0.0,0.0,0.0
2019-03-23,20,0,192,12.18,12.18,0.0,145.082701,0.0
2019-03-23,20,0,194,100.18,100.18,0.0,1184.474672,0.0
2019-03-23,20,0,196,0.0,0.0,0.0,0.0,0.0
2019-03-23,20,0,198,0.0,0.0,0.0,0.0,0.0
2019-03-23,20,0,199,130.0,130.0,0.0,1542.558952,0.0
2019-03-23,20,0,200,0.0,0.0,0.0,0.0,0.0
2019-03-23,20,0,204,465.33,465.33,0.0,5502.930824,0.0
2019-03-23,20,0,205,317.4,317.4,0.0,3753.124724,0.0
2019-03-23,20,0,206,335.72,335.72,0.0,3970.95292,0.0
2019-03-23,20,0,210,0.0,0.0,0.0,0.0,0.0
2019-03-23,20,0,214,0.0,0.0,0.0,0.0,0.0
2019-03-23,20,0,217,0.0,0.0,0.0,0.0,0.0
2019-03-23,20,0,218,0.0,0.0,0.0,0.0,0.0
2019-03-23,20,0,219,0.0,0.0,0.0,0.0,0.0
2019-03-23,20,0,221,0.0,0.0,0.0,0.0,0.0
2019-03-23,20,0,225,0.0,0.0,0.0,0.0,0.0
2019-03-23,20,0,233,0.0,0.0,0.0,0.0,0.0
2019-03-23,20,0,236,159.03,159.03,0.0,1876.856436,0.0
2019-03-23,20,0,237,156.6,156.6,0.0,1847.850733,0.0
2019-03-23,20,0,238,0.0,0.0,0.0,0.0,0.0
2019-03-23,20,0,240,0.0,0.0,0.0,0.0,0.0
2019-03-23,20,0,245,145.89,145.89,0.0,1539.921794,0.0
2019-03-23,20,0,247,171.72,171.72,0.0,1812.5668,0.0
2019-03-23,20,0,248,15.72,15.72,0.0,185.493062,0.0
2019-03-23,20,0,249,280.44,280.44,0.0,2960.14578,0.0
2019-03-23,20,0,251,326.4,326.4,0.0,2429.367694,0.0
2019-03-23,20,0,252,267.06,267.06,0.0,1450.197288,0.0
2019-03-23,20,0,254,0.0,0.0,0.0,0.0,0.0
2019-03-23,20,0,255,0.0,0.0,0.0,0.0,0.0
2019-03-23,20,0,258,0.0,0.0,0.0,0.0,0.0
2019-03-23,20,0,260,0.0,0.0,0.0,0.0,0.0
2019-03-23,20,0,265,0.0,0.0,0.0,0.0,0.0
2019-03-23,20,0,266,35.21,35.21,0.0,416.244515,0.0
2019-03-23,20,0,267,44.53,44.53,0.0,526.42341,0.0
2019-03-23,20,0,270,108.64,108.64,0.0,1291.66986,0.0
2019-03-23,20,0,272,37.44,37.44,0.0,443.020594,0.0
2019-03-23,20,0,273,0.0,0.0,0.0,0.0,0.0
2019-03-23,20,0,274,140.06,140.06,0.0,1665.236383,0.0
2019-03-23,20,0,275,194.96,194.96,0.0,2317.967194,0.0
2019-03-23,20,0,276,0.0,0.0,0.0,0.0,0.0
2019-03-23,20,0,277,0.0,0.0,0.0,0.0,0.0
2019-03-23,20,0,278,0.0,0.0,0.0,0.0,0.0
2019-03-23,20,0,279,161.83,161.83,0.0,1914.970682,0.0
2019-03-23,20,0,281,4.31,4.31,0.0,50.979108,0.0
2019-03-23,20,0,282,0.0,0.0,0.0,0.0,0.0
2019-03-23,21,0,9,0.0,0.0,0.0,0.0,0.0
2019-03-23,21,0,17,0.0,0.0,0.0,0.0,0.0
2019-03-23,21,0,19,643.3,643.3,0.0,3188.59379,0.0
2019-03-23,21,0,20,780.2,780.2,0.0,3867.155099,0.0
2019-03-23,21,0,21,0.0,0.0,0.0,0.0,0.0
2019-03-23,21,0,22,0.0,0.0,0.0,0.0,0.0
2019-03-23,21,0,23,41.23,41.23,0.0,562.66512,0.0
2019-03-23,21,0,24,72.95,72.95,0.0,995.547429,0.0
2019-03-23,21,0,29,0.0,0.0,0.0,0.0,0.0
2019-03-23,21,0,30,0.0,0.0,0.0,0.0,0.0
2019-03-23,21,0,31,5.47,5.47,0.0,74.616065,0.0
2019-03-23,21,0,32,0.0,0.0,0.0,0.0,0.0
2019-03-23,21,0,33,0.0,0.0,0.0,0.0,0.0
2019-03-23,21,0,34,0.0,0.0,0.0,0.0,0.0
2019-03-23,21,0,35,0.0,0.0,0.0,0.0,0.0
2019-03-23,21,0,36,0.0,0.0,0.0,0.0,0.0
2019-03-23,21,0,37,0.0,0.0,0.0,0.0,0.0
2019-03-23,21,0,38,0.0,0.0,0.0,0.0,0.0
2019-03-23,21,0,39,0.0,0.0,0.0,0.0,0.0
2019-03-23,21,0,40,0.0,0.0,0.0,0.0,0.0
2019-03-23,21,0,41,111.37,111.37,0.0,1554.553788,0.0
2019-03-23,21,0,42,0.0,0.0,0.0,0.0,0.0
2019-03-23,21,0,43,0.0,0.0,0.0,0.0,0.0
2019-03-23,21,0,46,0.0,0.0,0.0,0.0,0.0
2019-03-23,21,0,52,5.8,5.8,0.0,79.117583,0.0
2019-03-23,21,0,53,9.21,9.21,0.0,125.633265,0.0
2019-03-23,21,0,55,59.49,59.49,0.0,811.859035,0.0
2019-03-23,21,0,56,0.0,0.0,0.0,0.0,0.0
2019-03-23,21,0,57,0.0,0.0,0.0,0.0,0.0
2019-03-23,21,0,58,0.0,0.0,0.0,0.0,0.0
2019-03-23,21,0,59,0.0,0.0,0.0,0.0,0.0
2019-03-23,21,0,63,60.98,60.98,0.0,1179.556814,0.0
2019-03-23,21,0,64,71.74,71.74,0.0,1387.691142,0.0
2019-03-23,21,0,65,41.4,41.4,0.0,402.542489,0.0
2019-03-23,21,0,67,0.0,0.0,0.0,0.0,0.0
2019-03-23,21,0,68,2.35,2.35,0.0,32.414138,0.0
2019-03-23,21,0,69,0.0,0.0,0.0,0.0,0.0
2019-03-23,21,0,74,65.28,65.28,0.0,938.953091,0.0
2019-03-23,21,0,77,52.61,52.61,0.0,687.493551,0.0
2019-03-23,21,0,78,39.85,39.85,0.0,520.749249,0.0
2019-03-23,21,0,79,23.12,23.12,0.0,302.126039,0.0
2019-03-23,21,0,80,37.31,37.31,0.0,487.557202,0.0
2019-03-23,21,0,81,48.69,48.69,0.0,636.268029,0.0
2019-03-23,21,0,82,34.42,34.42,0.0,449.791447,0.0
2019-03-23,21,0,83,76.27,76.27,0.0,996.676167,0.0
2019-03-23,21,0,84,0.0,0.0,0.0,0.0,0.0
2019-03-23,21,0,86,0.0,0.0,0.0,0.0,0.0
2019-03-23,21,0,87,0.0,0.0,0.0,0.0,0.0
2019-03-23,21,0,88,56.3,56.3,0.0,735.713494,0.0
2019-03-23,21,0,89,54.12,54.12,0.0,707.225831,0.0
2019-03-23,21,0,90,72.66,72.66,0.0,949.501642,0.0
2019-03-23,21,0,91,259.21,259.21,0.0,3387.287651,0.0
2019-03-23,21,0,92,93.22,93.22,0.0,1218.174279,0.0
2019-03-23,21,0,95,120.0,120.0,0.0,2313.368221,0.0
2019-03-23,21,0,96,10.58,10.58,0.0,144.254811,0.0
2019-03-23,21,0,97,65.07,65.07,0.0,887.207991,0.0
2019-03-23,21,0,99,12.6,12.6,0.0,181.231755,0.0
2019-03-23,21,0,101,0.0,0.0,0.0,0.0,0.0
2019-03-23,21,0,102,5.57,5.57,0.0,76.828403,0.0
2019-03-23,21,0,103,4.84,4.84,0.0,66.759331,0.0
2019-03-23,21,0,104,0.9,0.9,0.0,12.413925,0.0
2019-03-23,21,0,106,0.0,0.0,0.0,0.0,0.0
2019-03-23,21,0,109,83.6,83.6,0.0,1184.56417,0.0
2019-03-23,21,0,110,15.64,15.64,0.0,274.059758,0.0
2019-03-23,21,0,111,0.0,0.0,0.0,0.0,0.0
2019-03-23,21,0,113,18.26,18.26,0.0,232.872135,0.0
2019-03-23,21,0,115,18.26,18.26,0.0,232.872135,0.0
2019-03-23,21,0,116,0.0,0.0,0.0,0.0,0.0
2019-03-23,21,0,117,1.23,1.23,0.0,15.686349,0.0
2019-03-23,21,0,119,71.74,71.74,0.0,1387.691142,0.0
2019-03-23,21,0,120,42.18,42.18,0.0,815.90204,0.0
2019-03-23,21,0,123,0.0,0.0,0.0,0.0,0.0
2019-03-23,21,0,125,66.01,66.01,0.0,900.837366,0.0
2019-03-23,21,0,126,0.0,0.0,0.0,0.0,0.0
2019-03-23,21,0,127,0.0,0.0,0.0,0.0,0.0
2019-03-23,21,0,128,94.55,94.55,0.0,1290.322268,0.0
2019-03-23,21,0,131,8.72,8.72,0.0,118.138951,0.0
2019-03-23,21,0,132,12.82,12.82,0.0,173.685935,0.0
2019-03-23,21,0,133,91.59,91.59,0.0,1396.270823,0.0
2019-03-23,21,0,134,0.0,0.0,0.0,0.0,0.0
2019-03-23,21,0,135,119.08,119.08,0.0,1815.350252,0.0
2019-03-23,21,0,136,45.9,45.9,0.0,458.308141,0.0
2019-03-23,21,0,139,146.7,146.7,0.0,2047.70621,0.0
2019-03-23,21,0,140,11.57,11.57,0.0,202.741138,0.0
2019-03-23,21,0,141,83.08,83.08,0.0,1222.221795,0.0
2019-03-23,21,0,142,0.0,0.0,0.0,0.0,0.0
2019-03-23,21,0,143,10.57,10.57,0.0,144.184974,0.0
2019-03-23,21,0,145,11.07,11.07,0.0,153.176074,0.0
2019-03-23,21,0,146,0.0,0.0,0.0,0.0,0.0
2019-03-23,21,0,152,0.0,0.0,0.0,0.0,0.0
2019-03-23,21,0,153,0.0,0.0,0.0,0.0,0.0
2019-03-23,21,0,154,0.0,0.0,0.0,0.0,0.0
2019-03-23,21,0,157,8.71,8.71,0.0,128.136156,0.0
2019-03-23,21,0,158,0.0,0.0,0.0,0.0,0.0
2019-03-23,21,0,159,0.0,0.0,0.0,0.0,0.0
2019-03-23,21,0,160,0.0,0.0,0.0,0.0,0.0
2019-03-23,21,0,161,0.0,0.0,0.0,0.0,0.0
2019-03-23,21,0,162,162.5,162.5,0.0,3133.205867,0.0
2019-03-23,21,0,163,26.29,26.29,0.0,460.679733,0.0
2019-03-23,21,0,164,0.0,0.0,0.0,0.0,0.0
2019-03-23,21,0,167,0.0,0.0,0.0,0.0,0.0
2019-03-23,21,0,168,0.0,0.0,0.0,0.0,0.0
2019-03-23,21,0,169,0.0,0.0,0.0,0.0,0.0
2019-03-23,21,0,170,0.0,0.0,0.0,0.0,0.0
2019-03-23,21,0,172,0.0,0.0,0.0,0.0,0.0
2019-03-23,21,0,173,0.0,0.0,0.0,0.0,0.0
2019-03-23,21,0,188,0.0,0.0,0.0,0.0,0.0
2019-03-23,21,0,190,0.0,0.0,0.0,0.0,0.0
2019-03-23,21,0,191,0.0,0.0,0.0,0.0,0.0
2019-03-23,21,0,192,6.5,6.5,0.0,125.731704,0.0
2019-03-23,21,0,194,83.52,83.52,0.0,983.546361,0.0
2019-03-23,21,0,196,0.0,0.0,0.0,0.0,0.0
2019-03-23,21,0,198,0.0,0.0,0.0,0.0,0.0
2019-03-23,21,0,199,130.0,130.0,0.0,1881.673612,0.0
2019-03-23,21,0,200,0.0,0.0,0.0,0.0,0.0
2019-03-23,21,0,204,841.64,841.64,0.0,11906.226085,0.0
2019-03-23,21,0,205,387.97,387.97,0.0,5497.312929,0.0
2019-03-23,21,0,206,191.21,191.21,0.0,2607.085292,0.0
2019-03-23,21,0,210,0.0,0.0,0.0,0.0,0.0
2019-03-23,21,0,214,0.0,0.0,0.0,0.0,0.0
2019-03-23,21,0,217,0.0,0.0,0.0,0.0,0.0
2019-03-23,21,0,218,0.0,0.0,0.0,0.0,0.0
2019-03-23,21,0,219,0.0,0.0,0.0,0.0,0.0
2019-03-23,21,0,221,0.0,0.0,0.0,0.0,0.0
2019-03-23,21,0,225,0.0,0.0,0.0,0.0,0.0
2019-03-23,21,0,233,0.0,0.0,0.0,0.0,0.0
2019-03-23,21,0,236,159.03,159.03,0.0,2304.650645,0.0
2019-03-23,21,0,237,156.6,156.6,0.0,2252.451809,0.0
2019-03-23,21,0,238,0.0,0.0,0.0,0.0,0.0
2019-03-23,21,0,240,0.0,0.0,0.0,0.0,0.0
2019-03-23,21,0,245,260.0,260.0,0.0,3551.534799,0.0
2019-03-23,21,0,247,171.72,171.72,0.0,2345.652138,0.0
2019-03-23,21,0,248,15.72,15.72,0.0,226.108189,0.0
2019-03-23,21,0,249,500.0,500.0,0.0,6829.874614,0.0
2019-03-23,21,0,251,326.4,326.4,0.0,3670.544879,0.0
2019-03-23,21,0,252,267.06,267.06,0.0,2596.690754,0.0
2019-03-23,21,0,254,0.0,0.0,0.0,0.0,0.0
2019-03-23,21,0,255,0.0,0.0,0.0,0.0,0.0
2019-03-23,21,0,258,0.0,0.0,0.0,0.0,0.0
2019-03-23,21,0,260,0.0,0.0,0.0,0.0,0.0
2019-03-23,21,0,265,0.0,0.0,0.0,0.0,0.0
2019-03-23,21,0,266,91.87,91.87,0.0,1282.363801,0.0
2019-03-23,21,0,267,114.69,114.69,0.0,1600.895878,0.0
2019-03-23,21,0,270,82.12,82.12,0.0,1438.988958,0.0
2019-03-23,21,0,272,60.97,60.97,0.0,777.558273,0.0
2019-03-23,21,0,273,0.0,0.0,0.0,0.0,0.0
2019-03-23,21,0,274,105.86,105.86,0.0,1854.985035,0.0
2019-03-23,21,0,275,147.35,147.35,0.0,2582.014405,0.0
2019-03-23,21,0,276,0.0,0.0,0.0,0.0,0.0
2019-03-23,21,0,277,0.0,0.0,0.0,0.0,0.0
2019-03-23,21,0,278,0.0,0.0,0.0,0.0,0.0
2019-03-23,21,0,279,136.06,136.06,0.0,1752.352075,0.0
2019-03-23,21,0,281,2.45,2.45,0.0,33.420358,0.0
2019-03-23,21,0,282,0.0,0.0,0.0,0.0,0.0
2019-03-23,22,0,9,0.0,0.0,0.0,0.0,0.0
2019-03-23,22,0,17,0.0,0.0,0.0,-0.0,0.0
2019-03-23,22,0,19,643.3,643.3,0.0,-512.828847,0.0
2019-03-23,22,0,20,780.2,780.2,0.0,-621.963418,0.0
2019-03-23,22,0,21,0.0,0.0,0.0,0.0,0.0
2019-03-23,22,0,22,0.0,0.0,0.0,0.0,0.0
2019-03-23,22,0,23,40.49,40.49,0.0,351.364398,0.0
2019-03-23,22,0,24,71.63,71.63,0.0,621.591303,0.0
2019-03-23,22,0,29,0.0,0.0,0.0,0.0,0.0
2019-03-23,22,0,30,0.0,0.0,0.0,0.0,0.0
2019-03-23,22,0,31,4.13,4.13,0.0,35.81548,0.0
2019-03-23,22,0,32,0.0,0.0,0.0,0.0,0.0
2019-03-23,22,0,33,0.0,0.0,0.0,0.0,0.0
2019-03-23,22,0,34,0.0,0.0,0.0,0.0,0.0
2019-03-23,22,0,35,0.0,0.0,0.0,0.0,0.0
2019-03-23,22,0,36,0.0,0.0,0.0,0.0,0.0
2019-03-23,22,0,37,0.0,0.0,0.0,0.0,0.0
2019-03-23,22,0,38,0.0,0.0,0.0,0.0,0.0
2019-03-23,22,0,39,0.0,0.0,0.0,0.0,0.0
2019-03-23,22,0,40,0.0,0.0,0.0,0.0,0.0
2019-03-23,22,0,41,116.0,116.0,0.0,1041.270007,0.0
2019-03-23,22,0,42,0.0,0.0,0.0,0.0,0.0
2019-03-23,22,0,43,0.0,0.0,0.0,0.0,0.0
2019-03-23,22,0,46,0.0,0.0,0.0,0.0,0.0
2019-03-23,22,0,52,4.38,4.38,0.0,37.983487,0.0
2019-03-23,22,0,53,6.96,6.96,0.0,60.357322,0.0
2019-03-23,22,0,55,103.48,103.48,0.0,897.97945,0.0
2019-03-23,22,0,56,0.0,0.0,0.0,0.0,0.0
2019-03-23,22,0,57,0.0,0.0,0.0,0.0,0.0
2019-03-23,22,0,58,0.0,0.0,0.0,0.0,0.0
2019-03-23,22,0,59,0.0,0.0,0.0,0.0,0.0
2019-03-23,22,0,63,51.66,51.66,0.0,731.368796,0.0
2019-03-23,22,0,64,60.77,60.77,0.0,860.342271,0.0
2019-03-23,22,0,65,41.4,41.4,0.0,179.64582,0.0
2019-03-23,22,0,67,0.0,0.0,0.0,0.0,0.0
2019-03-23,22,0,68,1.72,1.72,0.0,15.169888,0.0
2019-03-23,22,0,69,0.0,0.0,0.0,0.0,0.0
2019-03-23,22,0,74,65.28,65.28,0.0,612.508706,0.0
2019-03-23,22,0,77,58.23,58.23,0.0,472.936941,0.0
2019-03-23,22,0,78,44.03,44.03,0.0,357.606277,0.0
2019-03-23,22,0,79,25.48,25.48,0.0,206.945445,0.0
2019-03-23,22,0,80,41.2,41.2,0.0,334.621363,0.0
2019-03-23,22,0,81,53.87,53.87,0.0,437.525554,0.0
2019-03-23,22,0,82,38.0,38.0,0.0,308.631355,0.0
2019-03-23,22,0,83,84.73,84.73,0.0,688.166702,0.0
2019-03-23,22,0,84,0.0,0.0,0.0,0.0,0.0
2019-03-23,22,0,86,0.0,0.0,0.0,0.0,0.0
2019-03-23,22,0,87,0.0,0.0,0.0,0.0,0.0
2019-03-23,22,0,88,59.23,59.23,0.0,481.058819,0.0
2019-03-23,22,0,89,56.94,56.94,0.0,462.459719,0.0
2019-03-23,22,0,90,76.46,76.46,0.0,620.998773,0.0
2019-03-23,22,0,91,272.74,272.74,0.0,2215.160938,0.0
2019-03-23,22,0,92,98.09,98.09,0.0,796.674989,0.0
2019-03-23,22,0,95,120.0,120.0,0.0,1691.357535,0.0
2019-03-23,22,0,96,11.22,11.22,0.0,97.232415,0.0
2019-03-23,22,0,97,69.02,69.02,0.0,598.126672,0.0
2019-03-23,22,0,99,12.6,12.6,0.0,118.223188,0.0
2019-03-23,22,0,101,0.0,0.0,0.0,0.0,0.0
2019-03-23,22,0,102,4.08,4.08,0.0,35.984386,0.0
2019-03-23,22,0,103,3.54,3.54,0.0,31.221747,0.0
2019-03-23,22,0,104,0.66,0.66,0.0,5.821004,0.0
2019-03-23,22,0,106,0.0,0.0,0.0,0.0,0.0
2019-03-23,22,0,109,171.41,171.41,0.0,1573.437279,0.0
2019-03-23,22,0,110,0.0,0.0,0.0,0.0,0.0
2019-03-23,22,0,111,0.0,0.0,0.0,0.0,0.0
2019-03-23,22,0,113,31.02,31.02,0.0,242.562919,0.0
2019-03-23,22,0,115,31.02,31.02,0.0,242.562919,0.0
2019-03-23,22,0,116,0.0,0.0,0.0,0.0,0.0
2019-03-23,22,0,117,2.07,2.07,0.0,16.1865,0.0
2019-03-23,22,0,119,60.77,60.77,0.0,860.342271,0.0
2019-03-23,22,0,120,35.74,35.74,0.0,505.983755,0.0
2019-03-23,22,0,123,0.0,0.0,0.0,0.0,0.0
2019-03-23,22,0,125,64.82,64.82,0.0,562.495438,0.0
2019-03-23,22,0,126,0.0,0.0,0.0,0.0,0.0
2019-03-23,22,0,127,0.0,0.0,0.0,0.0,0.0
2019-03-23,22,0,128,92.85,92.85,0.0,805.734363,0.0
2019-03-23,22,0,131,7.33,7.33,0.0,62.919854,0.0
2019-03-23,22,0,132,10.78,10.78,0.0,92.534246,0.0
2019-03-23,22,0,133,139.8,139.8,0.0,1438.18297,0.0
2019-03-23,22,0,134,0.0,0.0,0.0,0.0,0.0
2019-03-23,22,0,135,187.33,187.33,0.0,1927.144604,0.0
2019-03-23,22,0,136,45.9,45.9,0.0,212.11547,0.0
2019-03-23,22,0,139,149.8,149.8,0.0,1344.674544,0.0
2019-03-23,22,0,140,0.0,0.0,0.0,0.0,0.0
2019-03-23,22,0,141,77.35,77.35,0.0,750.503629,0.0
2019-03-23,22,0,142,0.0,0.0,0.0,0.0,0.0
2019-03-23,22,0,143,7.47,7.47,0.0,64.780057,0.0
2019-03-23,22,0,145,32.55,32.55,0.0,288.40167,0.0
2019-03-23,22,0,146,0.0,0.0,0.0,0.0,0.0
2019-03-23,22,0,152,0.0,0.0,0.0,0.0,0.0
2019-03-23,22,0,153,0.0,0.0,0.0,0.0,0.0
2019-03-23,22,0,154,0.0,0.0,0.0,0.0,0.0
2019-03-23,22,0,157,7.16,7.16,0.0,69.471312,0.0
2019-03-23,22,0,158,0.0,0.0,0.0,0.0,0.0
2019-03-23,22,0,159,0.0,0.0,0.0,0.0,0.0
2019-03-23,22,0,160,0.0,0.0,0.0,0.0,0.0
2019-03-23,22,0,161,0.0,0.0,0.0,0.0,0.0
2019-03-23,22,0,162,75.95,75.95,0.0,1070.721895,0.0
2019-03-23,22,0,163,20.1,20.1,0.0,249.374827,0.0
2019-03-23,22,0,164,0.0,0.0,0.0,0.0,0.0
2019-03-23,22,0,167,0.0,0.0,0.0,0.0,0.0
2019-03-23,22,0,168,0.0,0.0,0.0,0.0,0.0
2019-03-23,22,0,169,0.0,0.0,0.0,0.0,0.0
2019-03-23,22,0,170,0.0,0.0,0.0,0.0,0.0
2019-03-23,22,0,172,0.0,0.0,0.0,0.0,0.0
2019-03-23,22,0,173,0.0,0.0,0.0,0.0,0.0
2019-03-23,22,0,188,0.0,0.0,0.0,0.0,0.0
2019-03-23,22,0,190,0.0,0.0,0.0,0.0,0.0
2019-03-23,22,0,191,0.0,0.0,0.0,0.0,0.0
2019-03-23,22,0,192,7.61,7.61,0.0,107.737447,0.0
2019-03-23,22,0,194,71.88,71.88,0.0,494.551702,0.0
2019-03-23,22,0,196,0.0,0.0,0.0,0.0,0.0
2019-03-23,22,0,198,0.0,0.0,0.0,0.0,0.0
2019-03-23,22,0,199,130.0,130.0,0.0,1231.883551,0.0
2019-03-23,22,0,200,0.0,0.0,0.0,0.0,0.0
2019-03-23,22,0,204,857.0,857.0,0.0,7847.915757,0.0
2019-03-23,22,0,205,852.76,852.76,0.0,7827.806863,0.0
2019-03-23,22,0,206,202.8,202.8,0.0,1757.462897,0.0
2019-03-23,22,0,210,0.0,0.0,0.0,0.0,0.0
2019-03-23,22,0,214,0.0,0.0,0.0,0.0,0.0
2019-03-23,22,0,217,0.0,0.0,0.0,0.0,0.0
2019-03-23,22,0,218,0.0,0.0,0.0,0.0,0.0
2019-03-23,22,0,219,0.0,0.0,0.0,0.0,0.0
2019-03-23,22,0,221,0.0,0.0,0.0,0.0,0.0
2019-03-23,22,0,225,0.0,0.0,0.0,0.0,0.0
2019-03-23,22,0,233,0.0,0.0,0.0,0.0,0.0
2019-03-23,22,0,236,159.03,159.03,0.0,1508.743128,0.0
2019-03-23,22,0,237,156.6,156.6,0.0,1469.345334,0.0
2019-03-23,22,0,238,0.0,0.0,0.0,0.0,0.0
2019-03-23,22,0,240,0.0,0.0,0.0,0.0,0.0
2019-03-23,22,0,245,260.0,260.0,0.0,2229.976015,0.0
2019-03-23,22,0,247,171.72,171.72,0.0,1472.813389,0.0
2019-03-23,22,0,248,15.72,15.72,0.0,147.497501,0.0
2019-03-23,22,0,249,500.0,500.0,0.0,4288.415413,0.0
2019-03-23,22,0,251,678.68,678.68,0.0,4058.996601,0.0
2019-03-23,22,0,252,267.06,267.06,0.0,1158.845719,0.0
2019-03-23,22,0,254,0.0,0.0,0.0,0.0,0.0
2019-03-23,22,0,255,0.0,0.0,0.0,0.0,0.0
2019-03-23,22,0,258,0.0,0.0,0.0,0.0,0.0
2019-03-23,22,0,260,0.0,0.0,0.0,0.0,0.0
2019-03-23,22,0,265,0.0,0.0,0.0,0.0,0.0
2019-03-23,22,0,266,97.0,97.0,0.0,870.717161,0.0
2019-03-23,22,0,267,119.2,119.2,0.0,1069.994697,0.0
2019-03-23,22,0,270,62.77,62.77,0.0,778.76905,0.0
2019-03-23,22,0,272,103.68,103.68,0.0,810.732542,0.0
2019-03-23,22,0,273,0.0,0.0,0.0,0.0,0.0
2019-03-23,22,0,274,80.91,80.91,0.0,1003.82673,0.0
2019-03-23,22,0,275,112.63,112.63,0.0,1397.367502,0.0
2019-03-23,22,0,276,0.0,0.0,0.0,0.0,0.0
2019-03-23,22,0,277,0.0,0.0,0.0,0.0,0.0
2019-03-23,22,0,278,0.0,0.0,0.0,0.0,0.0
2019-03-23,22,0,279,49.02,49.02,0.0,389.256413,0.0
2019-03-23,22,0,281,1.85,1.85,0.0,16.043254,0.0
2019-03-23,22,0,282,0.0,0.0,0.0,0.0,0.0
2019-03-23,23,0,9,0.0,0.0,0.0,0.0,0.0
2019-03-23,23,0,17,0.0,0.0,0.0,0.0,0.0
2019-03-23,23,0,19,643.3,643.3,0.0,189.393306,0.0
2019-03-23,23,0,20,780.2,780.2,0.0,229.697898,0.0
2019-03-23,23,0,21,0.0,0.0,0.0,0.0,0.0
2019-03-23,23,0,22,0.0,0.0,0.0,0.0,0.0
2019-03-23,23,0,23,40.38,40.38,0.0,335.310948,0.0
2019-03-23,23,0,24,71.45,71.45,0.0,593.312711,0.0
2019-03-23,23,0,29,0.0,0.0,0.0,0.0,0.0
2019-03-23,23,0,30,0.0,0.0,0.0,0.0,0.0
2019-03-23,23,0,31,3.41,3.41,0.0,28.304065,0.0
2019-03-23,23,0,32,0.0,0.0,0.0,0.0,0.0
2019-03-23,23,0,33,0.0,0.0,0.0,0.0,0.0
2019-03-23,23,0,34,0.0,0.0,0.0,0.0,0.0
2019-03-23,23,0,35,0.0,0.0,0.0,0.0,0.0
2019-03-23,23,0,36,0.0,0.0,0.0,0.0,0.0
2019-03-23,23,0,37,0.0,0.0,0.0,0.0,0.0
2019-03-23,23,0,38,0.0,0.0,0.0,0.0,0.0
2019-03-23,23,0,39,0.0,0.0,0.0,0.0,0.0
2019-03-23,23,0,40,0.0,0.0,0.0,0.0,0.0
2019-03-23,23,0,41,116.0,116.0,0.0,984.629658,0.0
2019-03-23,23,0,42,0.0,0.0,0.0,0.0,0.0
2019-03-23,23,0,43,0.0,0.0,0.0,0.0,0.0
2019-03-23,23,0,46,0.0,0.0,0.0,0.0,0.0
2019-03-23,23,0,52,3.61,3.61,0.0,29.964127,0.0
2019-03-23,23,0,53,5.74,5.74,0.0,47.643792,0.0
2019-03-23,23,0,55,171.82,171.82,0.0,1426.773827,0.0
2019-03-23,23,0,56,0.0,0.0,0.0,0.0,0.0
2019-03-23,23,0,57,0.0,0.0,0.0,0.0,0.0
2019-03-23,23,0,58,0.0,0.0,0.0,0.0,0.0
2019-03-23,23,0,59,0.0,0.0,0.0,0.0,0.0
2019-03-23,23,0,63,58.57,58.57,0.0,686.360308,0.0
2019-03-23,23,0,64,68.9,68.9,0.0,807.413783,0.0
2019-03-23,23,0,65,41.4,41.4,0.0,187.774156,0.0
2019-03-23,23,0,67,0.0,0.0,0.0,0.0,0.0
2019-03-23,23,0,68,1.67,1.67,0.0,14.018932,0.0
2019-03-23,23,0,69,0.0,0.0,0.0,0.0,0.0
2019-03-23,23,0,74,65.28,65.28,0.0,570.329739,0.0
2019-03-23,23,0,77,58.26,58.26,0.0,463.740455,0.0
2019-03-23,23,0,78,44.04,44.04,0.0,350.551487,0.0
2019-03-23,23,0,79,25.49,25.49,0.0,202.896399,0.0
2019-03-23,23,0,80,41.22,41.22,0.0,328.10473,0.0
2019-03-23,23,0,81,53.89,53.89,0.0,428.955941,0.0
2019-03-23,23,0,82,38.01,38.01,0.0,302.553634,0.0
2019-03-23,23,0,83,84.77,84.77,0.0,674.755894,0.0
2019-03-23,23,0,84,0.0,0.0,0.0,0.0,0.0
2019-03-23,23,0,86,0.0,0.0,0.0,0.0,0.0
2019-03-23,23,0,87,0.0,0.0,0.0,0.0,0.0
2019-03-23,23,0,88,60.18,60.18,0.0,479.023354,0.0
2019-03-23,23,0,89,57.85,57.85,0.0,460.476919,0.0
2019-03-23,23,0,90,77.68,77.68,0.0,618.320607,0.0
2019-03-23,23,0,91,277.08,277.08,0.0,2205.513307,0.0
2019-03-23,23,0,92,99.65,99.65,0.0,793.198358,0.0
2019-03-23,23,0,95,120.0,120.0,0.0,1401.564904,0.0
2019-03-23,23,0,96,11.22,11.22,0.0,93.087587,0.0
2019-03-23,23,0,97,68.98,68.98,0.0,572.297838,0.0
2019-03-23,23,0,99,12.6,12.6,0.0,110.082027,0.0
2019-03-23,23,0,101,0.0,0.0,0.0,0.0,0.0
2019-03-23,23,0,102,3.96,3.96,0.0,33.242498,0.0
2019-03-23,23,0,103,3.44,3.44,0.0,28.877321,0.0
2019-03-23,23,0,104,0.64,0.64,0.0,5.372525,0.0
2019-03-23,23,0,106,0.0,0.0,0.0,0.0,0.0
2019-03-23,23,0,109,200.0,200.0,0.0,1722.918443,0.0
2019-03-23,23,0,110,0.0,0.0,0.0,0.0,0.0
2019-03-23,23,0,111,0.0,0.0,0.0,0.0,0.0
2019-03-23,23,0,113,36.37,36.37,0.0,282.669494,0.0
2019-03-23,23,0,115,36.37,36.37,0.0,282.669494,0.0
2019-03-23,23,0,116,0.0,0.0,0.0,0.0,0.0
2019-03-23,23,0,117,2.42,2.42,0.0,18.808363,0.0
2019-03-23,23,0,119,68.9,68.9,0.0,807.413783,0.0
2019-03-23,23,0,120,40.52,40.52,0.0,474.838991,0.0
2019-03-23,23,0,123,0.0,0.0,0.0,0.0,0.0
2019-03-23,23,0,125,64.66,64.66,0.0,536.929319,0.0
2019-03-23,23,0,126,0.0,0.0,0.0,0.0,0.0
2019-03-23,23,0,127,0.0,0.0,0.0,0.0,0.0
2019-03-23,23,0,128,92.61,92.61,0.0,769.022955,0.0
2019-03-23,23,0,131,7.08,7.08,0.0,58.39378,0.0
2019-03-23,23,0,132,10.41,10.41,0.0,85.858651,0.0
2019-03-23,23,0,133,139.8,139.8,0.0,1320.275158,0.0
2019-03-23,23,0,134,0.0,0.0,0.0,0.0,0.0
2019-03-23,23,0,135,187.33,187.33,0.0,1769.149823,0.0
2019-03-23,23,0,136,45.9,45.9,0.0,218.871437,0.0
2019-03-23,23,0,139,149.8,149.8,0.0,1271.530368,0.0
2019-03-23,23,0,140,0.0,0.0,0.0,0.0,0.0
2019-03-23,23,0,141,81.38,81.38,0.0,727.900917,0.0
2019-03-23,23,0,142,0.0,0.0,0.0,0.0,0.0
2019-03-23,23,0,143,6.45,6.45,0.0,53.537014,0.0
2019-03-23,23,0,145,13.29,13.29,0.0,111.860596,0.0
2019-03-23,23,0,146,0.0,0.0,0.0,0.0,0.0
2019-03-23,23,0,152,0.0,0.0,0.0,0.0,0.0
2019-03-23,23,0,153,0.0,0.0,0.0,0.0,0.0
2019-03-23,23,0,154,0.0,0.0,0.0,0.0,0.0
2019-03-23,23,0,157,17.03,17.03,0.0,152.324313,0.0
2019-03-23,23,0,158,0.0,0.0,0.0,0.0,0.0
2019-03-23,23,0,159,0.0,0.0,0.0,0.0,0.0
2019-03-23,23,0,160,0.0,0.0,0.0,0.0,0.0
2019-03-23,23,0,161,0.0,0.0,0.0,0.0,0.0
2019-03-23,23,0,162,48.75,48.75,0.0,569.478972,0.0
2019-03-23,23,0,163,24.83,24.83,0.0,263.904056,0.0
2019-03-23,23,0,164,0.0,0.0,0.0,0.0,0.0
2019-03-23,23,0,167,0.0,0.0,0.0,0.0,0.0
2019-03-23,23,0,168,0.0,0.0,0.0,0.0,0.0
2019-03-23,23,0,169,0.0,0.0,0.0,0.0,0.0
2019-03-23,23,0,170,0.0,0.0,0.0,0.0,0.0
2019-03-23,23,0,172,0.0,0.0,0.0,0.0,0.0
2019-03-23,23,0,173,0.0,0.0,0.0,0.0,0.0
2019-03-23,23,0,188,0.0,0.0,0.0,0.0,0.0
2019-03-23,23,0,190,0.0,0.0,0.0,0.0,0.0
2019-03-23,23,0,191,0.0,0.0,0.0,0.0,0.0
2019-03-23,23,0,192,16.2,16.2,0.0,189.841847,0.0
2019-03-23,23,0,194,87.26,87.26,0.0,627.18275,0.0
2019-03-23,23,0,196,0.0,0.0,0.0,0.0,0.0
2019-03-23,23,0,198,0.0,0.0,0.0,0.0,0.0
2019-03-23,23,0,199,95.85,95.85,0.0,844.019933,0.0
2019-03-23,23,0,200,0.0,0.0,0.0,0.0,0.0
2019-03-23,23,0,204,857.0,857.0,0.0,7371.214782,0.0
2019-03-23,23,0,205,1058.0,1058.0,0.0,9114.238561,0.0
2019-03-23,23,0,206,202.69,202.69,0.0,1681.633065,0.0
2019-03-23,23,0,210,0.0,0.0,0.0,0.0,0.0
2019-03-23,23,0,214,0.0,0.0,0.0,0.0,0.0
2019-03-23,23,0,217,0.0,0.0,0.0,0.0,0.0
2019-03-23,23,0,218,0.0,0.0,0.0,0.0,0.0
2019-03-23,23,0,219,0.0,0.0,0.0,0.0,0.0
2019-03-23,23,0,221,0.0,0.0,0.0,0.0,0.0
2019-03-23,23,0,225,0.0,0.0,0.0,0.0,0.0
2019-03-23,23,0,233,0.0,0.0,0.0,0.0,0.0
2019-03-23,23,0,236,159.03,159.03,0.0,1399.749058,0.0
2019-03-23,23,0,237,156.6,156.6,0.0,1368.162334,0.0
2019-03-23,23,0,238,0.0,0.0,0.0,0.0,0.0
2019-03-23,23,0,240,0.0,0.0,0.0,0.0,0.0
2019-03-23,23,0,245,260.0,260.0,0.0,2087.08147,0.0
2019-03-23,23,0,247,171.72,171.72,0.0,1378.437039,0.0
2019-03-23,23,0,248,15.72,15.72,0.0,137.340434,0.0
2019-03-23,23,0,249,500.0,500.0,0.0,4013.618212,0.0
2019-03-23,23,0,251,326.4,326.4,0.0,1923.386481,0.0
2019-03-23,23,0,252,267.06,267.06,0.0,1211.279377,0.0
2019-03-23,23,0,254,0.0,0.0,0.0,0.0,0.0
2019-03-23,23,0,255,0.0,0.0,0.0,0.0,0.0
2019-03-23,23,0,258,0.0,0.0,0.0,0.0,0.0
2019-03-23,23,0,260,0.0,0.0,0.0,0.0,0.0
2019-03-23,23,0,265,0.0,0.0,0.0,0.0,0.0
2019-03-23,23,0,266,97.0,97.0,0.0,823.35411,0.0
2019-03-23,23,0,267,119.2,119.2,0.0,1011.791855,0.0
2019-03-23,23,0,270,77.55,77.55,0.0,824.235182,0.0
2019-03-23,23,0,272,121.54,121.54,0.0,944.615077,0.0
2019-03-23,23,0,273,0.0,0.0,0.0,0.0,0.0
2019-03-23,23,0,274,99.97,99.97,0.0,1062.524709,0.0
2019-03-23,23,0,275,139.16,139.16,0.0,1479.053101,0.0
2019-03-23,23,0,276,0.0,0.0,0.0,0.0,0.0
2019-03-23,23,0,277,0.0,0.0,0.0,0.0,0.0
2019-03-23,23,0,278,0.0,0.0,0.0,0.0,0.0
2019-03-23,23,0,279,49.7,49.7,0.0,390.01279,0.0
2019-03-23,23,0,281,1.53,1.53,0.0,12.699478,0.0
2019-03-23,23,0,282,0.0,0.0,0.0,0.0,0.0
2019-03-24,0,0,9,0.0,0.0,0.0,0.0,0.0
2019-03-24,0,0,17,0.0,0.0,0.0,0.0,0.0
2019-03-24,0,0,19,643.3,643.3,0.0,192.065533,0.0
2019-03-24,0,0,20,780.2,780.2,0.0,232.938798,0.0
2019-03-24,0,0,21,0.0,0.0,0.0,0.0,0.0
2019-03-24,0,0,22,0.0,0.0,0.0,0.0,0.0
2019-03-24,0,0,23,41.24,41.24,0.0,313.519574,0.0
2019-03-24,0,0,24,72.96,72.96,0.0,554.665085,0.0
2019-03-24,0,0,29,0.0,0.0,0.0,0.0,0.0
2019-03-24,0,0,30,0.0,0.0,0.0,0.0,0.0
2019-03-24,0,0,31,2.9,2.9,0.0,22.023459,0.0
2019-03-24,0,0,32,0.0,0.0,0.0,0.0,0.0
2019-03-24,0,0,33,0.0,0.0,0.0,0.0,0.0
2019-03-24,0,0,34,0.0,0.0,0.0,0.0,0.0
2019-03-24,0,0,35,0.0,0.0,0.0,0.0,0.0
2019-03-24,0,0,36,0.0,0.0,0.0,0.0,0.0
2019-03-24,0,0,37,0.0,0.0,0.0,0.0,0.0
2019-03-24,0,0,38,0.0,0.0,0.0,0.0,0.0
2019-03-24,0,0,39,0.0,0.0,0.0,0.0,0.0
2019-03-24,0,0,40,0.0,0.0,0.0,0.0,0.0
2019-03-24,0,0,41,116.0,116.0,0.0,930.113976,0.0
2019-03-24,0,0,42,0.0,0.0,0.0,0.0,0.0
2019-03-24,0,0,43,0.0,0.0,0.0,0.0,0.0
2019-03-24,0,0,46,0.0,0.0,0.0,0.0,0.0
2019-03-24,0,0,52,3.07,3.07,0.0,23.31449,0.0
2019-03-24,0,0,53,4.88,4.88,0.0,37.060166,0.0
2019-03-24,0,0,55,165.41,165.41,0.0,1257.499338,0.0
2019-03-24,0,0,56,0.0,0.0,0.0,0.0,0.0
2019-03-24,0,0,57,0.0,0.0,0.0,0.0,0.0
2019-03-24,0,0,58,0.0,0.0,0.0,0.0,0.0
2019-03-24,0,0,59,0.0,0.0,0.0,0.0,0.0
2019-03-24,0,0,63,66.15,66.15,0.0,1001.652817,0.0
2019-03-24,0,0,64,77.82,77.82,0.0,1178.361635,0.0
2019-03-24,0,0,65,32.34,32.34,0.0,146.582461,0.0
2019-03-24,0,0,67,0.0,0.0,0.0,0.0,0.0
2019-03-24,0,0,68,1.75,1.75,0.0,13.634981,0.0
2019-03-24,0,0,69,0.0,0.0,0.0,0.0,0.0
2019-03-24,0,0,74,65.28,65.28,0.0,560.76964,0.0
2019-03-24,0,0,77,62.04,62.04,0.0,423.784256,0.0
2019-03-24,0,0,78,46.9,46.9,0.0,320.365596,0.0
2019-03-24,0,0,79,27.14,27.14,0.0,185.388535,0.0
2019-03-24,0,0,80,43.89,43.89,0.0,299.804819,0.0
2019-03-24,0,0,81,57.38,57.38,0.0,391.952621,0.0
2019-03-24,0,0,82,40.48,40.48,0.0,276.511713,0.0
2019-03-24,0,0,83,90.26,90.26,0.0,616.550079,0.0
2019-03-24,0,0,84,0.0,0.0,0.0,0.0,0.0
2019-03-24,0,0,86,0.0,0.0,0.0,0.0,0.0
2019-03-24,0,0,87,0.0,0.0,0.0,0.0,0.0
2019-03-24,0,0,88,64.32,64.32,0.0,439.358532,0.0
2019-03-24,0,0,89,61.83,61.83,0.0,422.349783,0.0
2019-03-24,0,0,90,83.02,83.02,0.0,567.094921,0.0
2019-03-24,0,0,91,296.14,296.14,0.0,2022.879908,0.0
2019-03-24,0,0,92,106.5,106.5,0.0,727.482644,0.0
2019-03-24,0,0,95,67.44,67.44,0.0,1015.339356,0.0
2019-03-24,0,0,96,11.48,11.48,0.0,87.086287,0.0
2019-03-24,0,0,97,70.57,70.57,0.0,535.337916,0.0
2019-03-24,0,0,99,12.6,12.6,0.0,108.236787,0.0
2019-03-24,0,0,101,0.0,0.0,0.0,0.0,0.0
2019-03-24,0,0,102,4.15,4.15,0.0,32.334383,0.0
2019-03-24,0,0,103,3.61,3.61,0.0,28.127018,0.0
2019-03-24,0,0,104,0.67,0.67,0.0,5.22025,0.0
2019-03-24,0,0,106,0.0,0.0,0.0,0.0,0.0
2019-03-24,0,0,109,200.0,200.0,0.0,1659.511249,0.0
2019-03-24,0,0,110,0.0,0.0,0.0,0.0,0.0
2019-03-24,0,0,111,0.0,0.0,0.0,0.0,0.0
2019-03-24,0,0,113,44.29,44.29,0.0,284.040617,0.0
2019-03-24,0,0,115,44.29,44.29,0.0,284.040617,0.0
2019-03-24,0,0,116,0.0,0.0,0.0,0.0,0.0
2019-03-24,0,0,117,2.95,2.95,0.0,18.918939,0.0
2019-03-24,0,0,119,77.82,77.82,0.0,1178.361635,0.0
2019-03-24,0,0,120,45.76,45.76,0.0,692.904503,0.0
2019-03-24,0,0,123,0.0,0.0,0.0,0.0,0.0
2019-03-24,0,0,125,66.03,66.03,0.0,501.981025,0.0
2019-03-24,0,0,126,0.0,0.0,0.0,0.0,0.0
2019-03-24,0,0,127,0.0,0.0,0.0,0.0,0.0
2019-03-24,0,0,128,94.57,94.57,0.0,718.951166,0.0
2019-03-24,0,0,131,7.26,7.26,0.0,54.207976,0.0
2019-03-24,0,0,132,10.67,10.67,0.0,79.669298,0.0
2019-03-24,0,0,133,139.8,139.8,0.0,1320.243938,0.0
2019-03-24,0,0,134,0.0,0.0,0.0,0.0,0.0
2019-03-24,0,0,135,187.33,187.33,0.0,1769.10799,0.0
2019-03-24,0,0,136,37.48,37.48,0.0,178.591474,0.0
2019-03-24,0,0,139,149.8,149.8,0.0,1201.129945,0.0
2019-03-24,0,0,140,0.0,0.0,0.0,0.0,0.0
2019-03-24,0,0,141,85.88,85.88,0.0,773.55643,0.0
2019-03-24,0,0,142,0.0,0.0,0.0,0.0,0.0
2019-03-24,0,0,143,14.36,14.36,0.0,109.054096,0.0
2019-03-24,0,0,145,13.3,13.3,0.0,104.475053,0.0
2019-03-24,0,0,146,27.51,27.51,0.0,350.234433,0.0
2019-03-24,0,0,152,0.0,0.0,0.0,0.0,0.0
2019-03-24,0,0,153,0.0,0.0,0.0,0.0,0.0
2019-03-24,0,0,154,0.0,0.0,0.0,0.0,0.0
2019-03-24,0,0,157,34.04,34.04,0.0,306.61226,0.0
2019-03-24,0,0,158,0.0,0.0,0.0,0.0,0.0
2019-03-24,0,0,159,0.0,0.0,0.0,0.0,0.0
2019-03-24,0,0,160,0.0,0.0,0.0,0.0,0.0
2019-03-24,0,0,161,0.0,0.0,0.0,0.0,0.0
2019-03-24,0,0,162,48.75,48.75,0.0,734.159787,0.0
2019-03-24,0,0,163,31.76,31.76,0.0,404.341897,0.0
2019-03-24,0,0,164,0.0,0.0,0.0,0.0,0.0
2019-03-24,0,0,167,0.0,0.0,0.0,0.0,0.0
2019-03-24,0,0,168,0.0,0.0,0.0,0.0,0.0
2019-03-24,0,0,169,0.0,0.0,0.0,0.0,0.0
2019-03-24,0,0,170,0.0,0.0,0.0,0.0,0.0
2019-03-24,0,0,172,0.0,0.0,0.0,0.0,0.0
2019-03-24,0,0,173,0.0,0.0,0.0,0.0,0.0
2019-03-24,0,0,188,0.0,0.0,0.0,0.0,0.0
2019-03-24,0,0,190,0.0,0.0,0.0,0.0,0.0
2019-03-24,0,0,191,0.0,0.0,0.0,0.0,0.0
2019-03-24,0,0,192,32.97,32.97,0.0,499.236483,0.0
2019-03-24,0,0,194,104.55,104.55,0.0,535.130692,0.0
2019-03-24,0,0,196,0.0,0.0,0.0,0.0,0.0
2019-03-24,0,0,198,0.0,0.0,0.0,0.0,0.0
2019-03-24,0,0,199,39.0,39.0,0.0,338.867948,0.0
2019-03-24,0,0,200,0.0,0.0,0.0,0.0,0.0
2019-03-24,0,0,204,857.0,857.0,0.0,7084.488071,0.0
2019-03-24,0,0,205,1058.0,1058.0,0.0,8778.814506,0.0
2019-03-24,0,0,206,207.36,207.36,0.0,1573.015024,0.0
2019-03-24,0,0,210,0.0,0.0,0.0,0.0,0.0
2019-03-24,0,0,214,0.0,0.0,0.0,0.0,0.0
2019-03-24,0,0,217,0.0,0.0,0.0,0.0,0.0
2019-03-24,0,0,218,0.0,0.0,0.0,0.0,0.0
2019-03-24,0,0,219,0.0,0.0,0.0,0.0,0.0
2019-03-24,0,0,221,0.0,0.0,0.0,0.0,0.0
2019-03-24,0,0,225,0.0,0.0,0.0,0.0,0.0
2019-03-24,0,0,233,0.0,0.0,0.0,0.0,0.0
2019-03-24,0,0,236,159.03,159.03,0.0,1388.904838,0.0
2019-03-24,0,0,237,156.6,156.6,0.0,1345.22864,0.0
2019-03-24,0,0,238,0.0,0.0,0.0,0.0,0.0
2019-03-24,0,0,240,0.0,0.0,0.0,0.0,0.0
2019-03-24,0,0,245,164.49,164.49,0.0,1323.417096,0.0
2019-03-24,0,0,247,171.72,171.72,0.0,1381.586624,0.0
2019-03-24,0,0,248,15.72,15.72,0.0,135.038277,0.0
2019-03-24,0,0,249,308.16,308.16,0.0,2479.325262,0.0
2019-03-24,0,0,251,326.4,326.4,0.0,1919.487422,0.0
2019-03-24,0,0,252,208.63,208.63,0.0,945.624575,0.0
2019-03-24,0,0,254,0.0,0.0,0.0,0.0,0.0
2019-03-24,0,0,255,0.0,0.0,0.0,0.0,0.0
2019-03-24,0,0,258,0.0,0.0,0.0,0.0,0.0
2019-03-24,0,0,260,0.0,0.0,0.0,0.0,0.0
2019-03-24,0,0,265,0.0,0.0,0.0,0.0,0.0
2019-03-24,0,0,266,97.0,97.0,0.0,777.767722,0.0
2019-03-24,0,0,267,119.2,119.2,0.0,955.772293,0.0
2019-03-24,0,0,270,99.2,99.2,0.0,1262.93187,0.0
2019-03-24,0,0,272,148.02,148.02,0.0,949.281827,0.0
2019-03-24,0,0,273,0.0,0.0,0.0,0.0,0.0
2019-03-24,0,0,274,127.88,127.88,0.0,1628.06177,0.0
2019-03-24,0,0,275,178.01,178.01,0.0,2266.275224,0.0
2019-03-24,0,0,276,0.0,0.0,0.0,0.0,0.0
2019-03-24,0,0,277,0.0,0.0,0.0,0.0,0.0
2019-03-24,0,0,278,0.0,0.0,0.0,0.0,0.0
2019-03-24,0,0,279,53.81,53.81,0.0,354.103788,0.0
2019-03-24,0,0,281,1.3,1.3,0.0,9.872585,0.0
2019-03-24,0,0,282,0.0,0.0,0.0,0.0,0.0
2019-03-24,1,0,9,0.0,0.0,0.0,0.0,0.0
2019-03-24,1,0,17,0.0,0.0,0.0,0.0,0.0
2019-03-24,1,0,19,643.3,643.3,0.0,368.065238,0.0
2019-03-24,1,0,20,780.2,780.2,0.0,446.392816,0.0
2019-03-24,1,0,21,0.0,0.0,0.0,0.0,0.0
2019-03-24,1,0,22,0.0,0.0,0.0,0.0,0.0
2019-03-24,1,0,23,42.8,42.8,0.0,325.41197,0.0
2019-03-24,1,0,24,75.72,75.72,0.0,575.705476,0.0
2019-03-24,1,0,29,0.0,0.0,0.0,0.0,0.0
2019-03-24,1,0,30,0.0,0.0,0.0,0.0,0.0
2019-03-24,1,0,31,5.78,5.78,0.0,43.899445,0.0
2019-03-24,1,0,32,0.0,0.0,0.0,0.0,0.0
2019-03-24,1,0,33,0.0,0.0,0.0,0.0,0.0
2019-03-24,1,0,34,0.0,0.0,0.0,0.0,0.0
2019-03-24,1,0,35,0.0,0.0,0.0,0.0,0.0
2019-03-24,1,0,36,0.0,0.0,0.0,0.0,0.0
2019-03-24,1,0,37,0.0,0.0,0.0,0.0,0.0
2019-03-24,1,0,38,0.0,0.0,0.0,0.0,0.0
2019-03-24,1,0,39,0.0,0.0,0.0,0.0,0.0
2019-03-24,1,0,40,0.0,0.0,0.0,0.0,0.0
2019-03-24,1,0,41,116.0,116.0,0.0,930.225701,0.0
2019-03-24,1,0,42,0.0,0.0,0.0,0.0,0.0
2019-03-24,1,0,43,0.0,0.0,0.0,0.0,0.0
2019-03-24,1,0,46,0.0,0.0,0.0,0.0,0.0
2019-03-24,1,0,52,6.15,6.15,0.0,46.709617,0.0
2019-03-24,1,0,53,10.06,10.06,0.0,76.4063,0.0
2019-03-24,1,0,55,135.75,135.75,0.0,1032.118574,0.0
2019-03-24,1,0,56,0.0,0.0,0.0,0.0,0.0
2019-03-24,1,0,57,0.0,0.0,0.0,0.0,0.0
2019-03-24,1,0,58,0.0,0.0,0.0,0.0,0.0
2019-03-24,1,0,59,0.0,0.0,0.0,0.0,0.0
2019-03-24,1,0,63,74.67,74.67,0.0,1130.669778,0.0
2019-03-24,1,0,64,87.85,87.85,0.0,1330.244275,0.0
2019-03-24,1,0,65,22.08,22.08,0.0,103.140997,0.0
2019-03-24,1,0,67,0.0,0.0,0.0,0.0,0.0
2019-03-24,1,0,68,1.95,1.95,0.0,15.194155,0.0
2019-03-24,1,0,69,0.0,0.0,0.0,0.0,0.0
2019-03-24,1,0,74,59.89,59.89,0.0,514.559561,0.0
2019-03-24,1,0,77,69.87,69.87,0.0,477.306339,0.0
2019-03-24,1,0,78,52.82,52.82,0.0,360.831842,0.0
2019-03-24,1,0,79,30.57,30.57,0.0,208.834332,0.0
2019-03-24,1,0,80,49.43,49.43,0.0,337.67357,0.0
2019-03-24,1,0,81,64.63,64.63,0.0,441.510071,0.0
2019-03-24,1,0,82,45.59,45.59,0.0,311.441191,0.0
2019-03-24,1,0,83,101.66,101.66,0.0,694.474917,0.0
2019-03-24,1,0,84,0.0,0.0,0.0,0.0,0.0
2019-03-24,1,0,86,0.0,0.0,0.0,0.0,0.0
2019-03-24,1,0,87,0.0,0.0,0.0,0.0,0.0
2019-03-24,1,0,88,71.38,71.38,0.0,487.621676,0.0
2019-03-24,1,0,89,68.62,68.62,0.0,468.767153,0.0
2019-03-24,1,0,90,92.13,92.13,0.0,629.372163,0.0
2019-03-24,1,0,91,328.65,328.65,0.0,2245.122775,0.0
2019-03-24,1,0,92,118.2,118.2,0.0,807.465425,0.0
2019-03-24,1,0,95,88.63,88.63,0.0,1334.370238,0.0
2019-03-24,1,0,96,11.98,11.98,0.0,90.888355,0.0
2019-03-24,1,0,97,73.7,73.7,0.0,559.137876,0.0
2019-03-24,1,0,99,11.56,11.56,0.0,99.320563,0.0
2019-03-24,1,0,101,0.0,0.0,0.0,0.0,0.0
2019-03-24,1,0,102,4.63,4.63,0.0,36.076379,0.0
2019-03-24,1,0,103,4.02,4.02,0.0,31.323336,0.0
2019-03-24,1,0,104,0.75,0.75,0.0,5.843906,0.0
2019-03-24,1,0,106,0.0,0.0,0.0,0.0,0.0
2019-03-24,1,0,109,200.0,200.0,0.0,1659.699974,0.0
2019-03-24,1,0,110,7.25,7.25,0.0,92.302411,0.0
2019-03-24,1,0,111,0.0,0.0,0.0,0.0,0.0
2019-03-24,1,0,113,30.75,30.75,0.0,197.220834,0.0
2019-03-24,1,0,115,30.75,30.75,0.0,197.220834,0.0
2019-03-24,1,0,116,0.0,0.0,0.0,0.0,0.0
2019-03-24,1,0,117,2.1,2.1,0.0,13.46874,0.0
2019-03-24,1,0,119,87.85,87.85,0.0,1330.244275,0.0
2019-03-24,1,0,120,51.66,51.66,0.0,782.247231,0.0
2019-03-24,1,0,123,0.0,0.0,0.0,0.0,0.0
2019-03-24,1,0,125,68.53,68.53,0.0,521.039306,0.0
2019-03-24,1,0,126,0.0,0.0,0.0,0.0,0.0
2019-03-24,1,0,127,0.0,0.0,0.0,0.0,0.0
2019-03-24,1,0,128,98.15,98.15,0.0,746.242637,0.0
2019-03-24,1,0,131,7.85,7.85,0.0,58.617027,0.0
2019-03-24,1,0,132,11.54,11.54,0.0,86.170763,0.0
2019-03-24,1,0,133,139.8,139.8,0.0,1317.850134,0.0
2019-03-24,1,0,134,0.0,0.0,0.0,0.0,0.0
2019-03-24,1,0,135,187.32,187.32,0.0,1765.806059,0.0
2019-03-24,1,0,136,26.37,26.37,0.0,129.114707,0.0
2019-03-24,1,0,139,149.8,149.8,0.0,1201.274224,0.0
2019-03-24,1,0,140,5.37,5.37,0.0,68.367441,0.0
2019-03-24,1,0,141,90.91,90.91,0.0,818.89947,0.0
2019-03-24,1,0,142,0.0,0.0,0.0,0.0,0.0
2019-03-24,1,0,143,17.28,17.28,0.0,131.242631,0.0
2019-03-24,1,0,145,13.38,13.38,0.0,105.114612,0.0
2019-03-24,1,0,146,80.14,80.14,0.0,1020.291757,0.0
2019-03-24,1,0,152,0.0,0.0,0.0,0.0,0.0
2019-03-24,1,0,153,0.0,0.0,0.0,0.0,0.0
2019-03-24,1,0,154,0.0,0.0,0.0,0.0,0.0
2019-03-24,1,0,157,59.93,59.93,0.0,539.837699,0.0
2019-03-24,1,0,158,0.0,0.0,0.0,0.0,0.0
2019-03-24,1,0,159,0.0,0.0,0.0,0.0,0.0
2019-03-24,1,0,160,0.0,0.0,0.0,0.0,0.0
2019-03-24,1,0,161,0.0,0.0,0.0,0.0,0.0
2019-03-24,1,0,162,48.75,48.75,0.0,734.163067,0.0
2019-03-24,1,0,163,41.5,41.5,0.0,528.351733,0.0
2019-03-24,1,0,164,0.0,0.0,0.0,0.0,0.0
2019-03-24,1,0,167,0.0,0.0,0.0,0.0,0.0
2019-03-24,1,0,168,0.0,0.0,0.0,0.0,0.0
2019-03-24,1,0,169,0.0,0.0,0.0,0.0,0.0
2019-03-24,1,0,170,0.0,0.0,0.0,0.0,0.0
2019-03-24,1,0,172,0.0,0.0,0.0,0.0,0.0
2019-03-24,1,0,173,0.0,0.0,0.0,0.0,0.0
2019-03-24,1,0,188,0.0,0.0,0.0,0.0,0.0
2019-03-24,1,0,190,0.0,0.0,0.0,0.0,0.0
2019-03-24,1,0,191,0.0,0.0,0.0,0.0,0.0
2019-03-24,1,0,192,60.44,60.44,0.0,915.195947,0.0
2019-03-24,1,0,194,124.36,124.36,0.0,636.588238,0.0
2019-03-24,1,0,196,0.0,0.0,0.0,0.0,0.0
2019-03-24,1,0,198,0.0,0.0,0.0,0.0,0.0
2019-03-24,1,0,199,95.96,95.96,0.0,833.79944,0.0
2019-03-24,1,0,200,0.0,0.0,0.0,0.0,0.0
2019-03-24,1,0,204,857.0,857.0,0.0,7085.269135,0.0
2019-03-24,1,0,205,1058.0,1058.0,0.0,8779.812862,0.0
2019-03-24,1,0,206,216.57,216.57,0.0,1643.045995,0.0
2019-03-24,1,0,210,0.0,0.0,0.0,0.0,0.0
2019-03-24,1,0,214,0.0,0.0,0.0,0.0,0.0
2019-03-24,1,0,217,0.0,0.0,0.0,0.0,0.0
2019-03-24,1,0,218,0.0,0.0,0.0,0.0,0.0
2019-03-24,1,0,219,0.0,0.0,0.0,0.0,0.0
2019-03-24,1,0,221,0.0,0.0,0.0,0.0,0.0
2019-03-24,1,0,225,0.0,0.0,0.0,0.0,0.0
2019-03-24,1,0,233,0.0,0.0,0.0,0.0,0.0
2019-03-24,1,0,236,130.58,130.58,0.0,1140.629597,0.0
2019-03-24,1,0,237,143.68,143.68,0.0,1234.461808,0.0
2019-03-24,1,0,238,0.0,0.0,0.0,0.0,0.0
2019-03-24,1,0,240,0.0,0.0,0.0,0.0,0.0
2019-03-24,1,0,245,78.0,78.0,0.0,629.76716,0.0
2019-03-24,1,0,247,171.72,171.72,0.0,1386.456624,0.0
2019-03-24,1,0,248,14.42,14.42,0.0,123.892951,0.0
2019-03-24,1,0,249,150.01,150.01,0.0,1211.171431,0.0
2019-03-24,1,0,251,241.23,241.23,0.0,1441.62539,0.0
2019-03-24,1,0,252,142.44,142.44,0.0,665.371541,0.0
2019-03-24,1,0,254,0.0,0.0,0.0,0.0,0.0
2019-03-24,1,0,255,0.0,0.0,0.0,0.0,0.0
2019-03-24,1,0,258,0.0,0.0,0.0,0.0,0.0
2019-03-24,1,0,260,0.0,0.0,0.0,0.0,0.0
2019-03-24,1,0,265,0.0,0.0,0.0,0.0,0.0
2019-03-24,1,0,266,97.0,97.0,0.0,777.861146,0.0
2019-03-24,1,0,267,119.2,119.2,0.0,955.887099,0.0
2019-03-24,1,0,270,129.6,129.6,0.0,1649.985172,0.0
2019-03-24,1,0,272,102.55,102.55,0.0,657.723463,0.0
2019-03-24,1,0,273,0.0,0.0,0.0,0.0,0.0
2019-03-24,1,0,274,167.06,167.06,0.0,2126.902182,0.0
2019-03-24,1,0,275,232.56,232.56,0.0,2960.806725,0.0
2019-03-24,1,0,276,0.0,0.0,0.0,0.0,0.0
2019-03-24,1,0,277,0.0,0.0,0.0,0.0,0.0
2019-03-24,1,0,278,0.0,0.0,0.0,0.0,0.0
2019-03-24,1,0,279,60.98,60.98,0.0,401.317523,0.0
2019-03-24,1,0,281,2.39,2.39,0.0,18.152193,0.0
2019-03-24,1,0,282,0.0,0.0,0.0,0.0,0.0
2019-03-24,2,0,9,0.0,0.0,0.0,0.0,0.0
2019-03-24,2,0,17,0.0,0.0,0.0,0.0,0.0
2019-03-24,2,0,19,643.3,643.3,0.0,3555.73799,0.0
2019-03-24,2,0,20,780.2,780.2,0.0,4312.430872,0.0
2019-03-24,2,0,21,0.0,0.0,0.0,0.0,0.0
2019-03-24,2,0,22,0.0,0.0,0.0,0.0,0.0
2019-03-24,2,0,23,41.96,41.96,0.0,534.269079,0.0
2019-03-24,2,0,24,74.23,74.23,0.0,945.157144,0.0
2019-03-24,2,0,29,0.0,0.0,0.0,0.0,0.0
2019-03-24,2,0,30,0.0,0.0,0.0,0.0,0.0
2019-03-24,2,0,31,2.21,2.21,0.0,28.122043,0.0
2019-03-24,2,0,32,0.0,0.0,0.0,0.0,0.0
2019-03-24,2,0,33,0.0,0.0,0.0,0.0,0.0
2019-03-24,2,0,34,0.0,0.0,0.0,0.0,0.0
2019-03-24,2,0,35,0.0,0.0,0.0,0.0,0.0
2019-03-24,2,0,36,0.0,0.0,0.0,0.0,0.0
2019-03-24,2,0,37,0.0,0.0,0.0,0.0,0.0
2019-03-24,2,0,38,0.0,0.0,0.0,0.0,0.0
2019-03-24,2,0,39,0.0,0.0,0.0,0.0,0.0
2019-03-24,2,0,40,0.0,0.0,0.0,0.0,0.0
2019-03-24,2,0,41,116.0,116.0,0.0,1524.598595,0.0
2019-03-24,2,0,42,0.0,0.0,0.0,0.0,0.0
2019-03-24,2,0,43,0.0,0.0,0.0,0.0,0.0
2019-03-24,2,0,46,0.0,0.0,0.0,0.0,0.0
2019-03-24,2,0,52,2.35,2.35,0.0,29.90353,0.0
2019-03-24,2,0,53,3.73,3.73,0.0,47.463901,0.0
2019-03-24,2,0,55,153.7,153.7,0.0,1957.034259,0.0
2019-03-24,2,0,56,0.0,0.0,0.0,0.0,0.0
2019-03-24,2,0,57,0.0,0.0,0.0,0.0,0.0
2019-03-24,2,0,58,0.0,0.0,0.0,0.0,0.0
2019-03-24,2,0,59,0.0,0.0,0.0,0.0,0.0
2019-03-24,2,0,63,83.38,83.38,0.0,1681.817902,0.0
2019-03-24,2,0,64,98.09,98.09,0.0,1978.526241,0.0
2019-03-24,2,0,65,18.58,18.58,0.0,180.305795,0.0
2019-03-24,2,0,67,0.0,0.0,0.0,0.0,0.0
2019-03-24,2,0,68,2.3,2.3,0.0,29.714524,0.0
2019-03-24,2,0,69,0.0,0.0,0.0,0.0,0.0
2019-03-24,2,0,74,35.29,35.29,0.0,483.732011,0.0
2019-03-24,2,0,77,74.21,74.21,0.0,888.425411,0.0
2019-03-24,2,0,78,56.1,56.1,0.0,671.616568,0.0
2019-03-24,2,0,79,32.47,32.47,0.0,388.723529,0.0
2019-03-24,2,0,80,52.5,52.5,0.0,628.518179,0.0
2019-03-24,2,0,81,68.64,68.64,0.0,821.742625,0.0
2019-03-24,2,0,82,48.42,48.42,0.0,579.673338,0.0
2019-03-24,2,0,83,107.97,107.97,0.0,1292.592529,0.0
2019-03-24,2,0,84,0.0,0.0,0.0,0.0,0.0
2019-03-24,2,0,86,0.0,0.0,0.0,0.0,0.0
2019-03-24,2,0,87,0.0,0.0,0.0,0.0,0.0
2019-03-24,2,0,88,69.87,69.87,0.0,836.467908,0.0
2019-03-24,2,0,89,67.17,67.17,0.0,804.144116,0.0
2019-03-24,2,0,90,90.19,90.19,0.0,1079.734373,0.0
2019-03-24,2,0,91,321.71,321.71,0.0,3851.439683,0.0
2019-03-24,2,0,92,115.7,115.7,0.0,1385.134349,0.0
2019-03-24,2,0,95,36.0,36.0,0.0,723.059891,0.0
2019-03-24,2,0,96,11.24,11.24,0.0,142.935001,0.0
2019-03-24,2,0,97,69.15,69.15,0.0,879.355453,0.0
2019-03-24,2,0,99,6.81,6.81,0.0,93.346982,0.0
2019-03-24,2,0,101,0.0,0.0,0.0,0.0,0.0
2019-03-24,2,0,102,5.45,5.45,0.0,70.410503,0.0
2019-03-24,2,0,103,4.74,4.74,0.0,61.237759,0.0
2019-03-24,2,0,104,0.88,0.88,0.0,11.369035,0.0
2019-03-24,2,0,106,0.0,0.0,0.0,0.0,0.0
2019-03-24,2,0,109,195.26,195.26,0.0,2620.123668,0.0
2019-03-24,2,0,110,18.44,18.44,0.0,328.08817,0.0
2019-03-24,2,0,111,0.0,0.0,0.0,0.0,0.0
2019-03-24,2,0,113,33.57,33.57,0.0,388.06277,0.0
2019-03-24,2,0,115,33.57,33.57,0.0,388.06277,0.0
2019-03-24,2,0,116,0.0,0.0,0.0,0.0,0.0
2019-03-24,2,0,117,1.79,1.79,0.0,20.692057,0.0
2019-03-24,2,0,119,98.09,98.09,0.0,1978.526241,0.0
2019-03-24,2,0,120,57.68,57.68,0.0,1163.435555,0.0
2019-03-24,2,0,123,0.0,0.0,0.0,0.0,0.0
2019-03-24,2,0,125,67.18,67.18,0.0,855.390771,0.0
2019-03-24,2,0,126,0.0,0.0,0.0,0.0,0.0
2019-03-24,2,0,127,0.0,0.0,0.0,0.0,0.0
2019-03-24,2,0,128,96.22,96.22,0.0,1225.151831,0.0
2019-03-24,2,0,131,9.28,9.28,0.0,116.918747,0.0
2019-03-24,2,0,132,13.64,13.64,0.0,171.850399,0.0
2019-03-24,2,0,133,139.8,139.8,0.0,2034.006978,0.0
2019-03-24,2,0,134,0.0,0.0,0.0,0.0,0.0
2019-03-24,2,0,135,187.33,187.33,0.0,2725.540252,0.0
2019-03-24,2,0,136,22.05,22.05,0.0,219.035903,0.0
2019-03-24,2,0,139,149.8,149.8,0.0,1968.835082,0.0
2019-03-24,2,0,140,13.65,13.65,0.0,242.863531,0.0
2019-03-24,2,0,141,93.8,93.8,0.0,1324.351023,0.0
2019-03-24,2,0,142,0.0,0.0,0.0,0.0,0.0
2019-03-24,2,0,143,7.92,7.92,0.0,100.781259,0.0
2019-03-24,2,0,145,11.85,11.85,0.0,153.840754,0.0
2019-03-24,2,0,146,72.15,72.15,0.0,1283.707236,0.0
2019-03-24,2,0,152,0.0,0.0,0.0,0.0,0.0
2019-03-24,2,0,153,0.0,0.0,0.0,0.0,0.0
2019-03-24,2,0,154,0.0,0.0,0.0,0.0,0.0
2019-03-24,2,0,157,47.1,47.1,0.0,664.999288,0.0
2019-03-24,2,0,158,0.0,0.0,0.0,0.0,0.0
2019-03-24,2,0,159,0.0,0.0,0.0,0.0,0.0
2019-03-24,2,0,160,0.0,0.0,0.0,0.0,0.0
2019-03-24,2,0,161,0.0,0.0,0.0,0.0,0.0
2019-03-24,2,0,162,48.75,48.75,0.0,979.347539,0.0
2019-03-24,2,0,163,49.07,49.07,0.0,873.063258,0.0
2019-03-24,2,0,164,0.0,0.0,0.0,0.0,0.0
2019-03-24,2,0,167,0.0,0.0,0.0,0.0,0.0
2019-03-24,2,0,168,0.0,0.0,0.0,0.0,0.0
2019-03-24,2,0,169,0.0,0.0,0.0,0.0,0.0
2019-03-24,2,0,170,0.0,0.0,0.0,0.0,0.0
2019-03-24,2,0,172,0.0,0.0,0.0,0.0,0.0
2019-03-24,2,0,173,0.0,0.0,0.0,0.0,0.0
2019-03-24,2,0,188,0.0,0.0,0.0,0.0,0.0
2019-03-24,2,0,190,0.0,0.0,0.0,0.0,0.0
2019-03-24,2,0,191,0.0,0.0,0.0,0.0,0.0
2019-03-24,2,0,192,57.25,57.25,0.0,1154.762231,0.0
2019-03-24,2,0,194,141.32,141.32,0.0,1453.132152,0.0
2019-03-24,2,0,196,0.0,0.0,0.0,0.0,0.0
2019-03-24,2,0,198,0.0,0.0,0.0,0.0,0.0
2019-03-24,2,0,199,39.0,39.0,0.0,538.383555,0.0
2019-03-24,2,0,200,0.0,0.0,0.0,0.0,0.0
2019-03-24,2,0,204,857.0,857.0,0.0,11473.616197,0.0
2019-03-24,2,0,205,958.56,958.56,0.0,12862.571667,0.0
2019-03-24,2,0,206,203.18,203.18,0.0,2583.76632,0.0
2019-03-24,2,0,210,0.0,0.0,0.0,0.0,0.0
2019-03-24,2,0,214,0.0,0.0,0.0,0.0,0.0
2019-03-24,2,0,217,0.0,0.0,0.0,0.0,0.0
2019-03-24,2,0,218,0.0,0.0,0.0,0.0,0.0
2019-03-24,2,0,219,0.0,0.0,0.0,0.0,0.0
2019-03-24,2,0,221,0.0,0.0,0.0,0.0,0.0
2019-03-24,2,0,225,0.0,0.0,0.0,0.0,0.0
2019-03-24,2,0,233,0.0,0.0,0.0,0.0,0.0
2019-03-24,2,0,236,82.49,82.49,0.0,1142.385776,0.0
2019-03-24,2,0,237,84.67,84.67,0.0,1160.600436,0.0
2019-03-24,2,0,238,0.0,0.0,0.0,0.0,0.0
2019-03-24,2,0,240,0.0,0.0,0.0,0.0,0.0
2019-03-24,2,0,245,78.01,78.01,0.0,1027.392405,0.0
2019-03-24,2,0,247,142.11,142.11,0.0,1871.589985,0.0
2019-03-24,2,0,248,8.5,8.5,0.0,116.512386,0.0
2019-03-24,2,0,249,150.01,150.01,0.0,1975.633057,0.0
2019-03-24,2,0,251,210.22,210.22,0.0,2319.646414,0.0
2019-03-24,2,0,252,119.84,119.84,0.0,1162.962675,0.0
2019-03-24,2,0,254,0.0,0.0,0.0,0.0,0.0
2019-03-24,2,0,255,0.0,0.0,0.0,0.0,0.0
2019-03-24,2,0,258,0.0,0.0,0.0,0.0,0.0
2019-03-24,2,0,260,0.0,0.0,0.0,0.0,0.0
2019-03-24,2,0,265,0.0,0.0,0.0,0.0,0.0
2019-03-24,2,0,266,97.0,97.0,0.0,1274.879859,0.0
2019-03-24,2,0,267,119.2,119.2,0.0,1566.656487,0.0
2019-03-24,2,0,270,153.24,153.24,0.0,2726.476741,0.0
2019-03-24,2,0,272,144.81,144.81,0.0,1673.975865,0.0
2019-03-24,2,0,273,0.0,0.0,0.0,0.0,0.0
2019-03-24,2,0,274,197.54,197.54,0.0,3514.671204,0.0
2019-03-24,2,0,275,274.98,274.98,0.0,4892.499179,0.0
2019-03-24,2,0,276,0.0,0.0,0.0,0.0,0.0
2019-03-24,2,0,277,0.0,0.0,0.0,0.0,0.0
2019-03-24,2,0,278,0.0,0.0,0.0,0.0,0.0
2019-03-24,2,0,279,67.06,67.06,0.0,786.276652,0.0
2019-03-24,2,0,281,0.99,0.99,0.0,12.597657,0.0
2019-03-24,2,0,282,0.0,0.0,0.0,0.0,0.0
2019-03-24,3,0,9,0.0,0.0,0.0,0.0,0.0
2019-03-24,3,0,17,0.0,0.0,0.0,0.0,0.0
2019-03-24,3,0,19,610.83,610.83,0.0,3495.545047,0.0
2019-03-24,3,0,20,740.82,740.82,0.0,4239.427798,0.0
2019-03-24,3,0,21,0.0,0.0,0.0,0.0,0.0
2019-03-24,3,0,22,0.0,0.0,0.0,0.0,0.0
2019-03-24,3,0,23,42.08,42.08,0.0,535.796857,0.0
2019-03-24,3,0,24,74.46,74.46,0.0,948.085408,0.0
2019-03-24,3,0,29,0.0,0.0,0.0,0.0,0.0
2019-03-24,3,0,30,0.0,0.0,0.0,0.0,0.0
2019-03-24,3,0,31,2.0,2.0,0.0,25.4498,0.0
2019-03-24,3,0,32,0.0,0.0,0.0,0.0,0.0
2019-03-24,3,0,33,0.0,0.0,0.0,0.0,0.0
2019-03-24,3,0,34,0.0,0.0,0.0,0.0,0.0
2019-03-24,3,0,35,0.0,0.0,0.0,0.0,0.0
2019-03-24,3,0,36,0.0,0.0,0.0,0.0,0.0
2019-03-24,3,0,37,0.0,0.0,0.0,0.0,0.0
2019-03-24,3,0,38,0.0,0.0,0.0,0.0,0.0
2019-03-24,3,0,39,0.0,0.0,0.0,0.0,0.0
2019-03-24,3,0,40,0.0,0.0,0.0,0.0,0.0
2019-03-24,3,0,41,116.0,116.0,0.0,1524.617332,0.0
2019-03-24,3,0,42,0.0,0.0,0.0,0.0,0.0
2019-03-24,3,0,43,0.0,0.0,0.0,0.0,0.0
2019-03-24,3,0,46,0.0,0.0,0.0,0.0,0.0
2019-03-24,3,0,52,2.12,2.12,0.0,26.976788,0.0
2019-03-24,3,0,53,3.37,3.37,0.0,42.882914,0.0
2019-03-24,3,0,55,150.38,150.38,0.0,1914.760725,0.0
2019-03-24,3,0,56,0.0,0.0,0.0,0.0,0.0
2019-03-24,3,0,57,0.0,0.0,0.0,0.0,0.0
2019-03-24,3,0,58,0.0,0.0,0.0,0.0,0.0
2019-03-24,3,0,59,0.0,0.0,0.0,0.0,0.0
2019-03-24,3,0,63,93.37,93.37,0.0,1883.315447,0.0
2019-03-24,3,0,64,109.85,109.85,0.0,2215.724556,0.0
2019-03-24,3,0,65,15.45,15.45,0.0,151.457182,0.0
2019-03-24,3,0,67,0.0,0.0,0.0,0.0,0.0
2019-03-24,3,0,68,2.75,2.75,0.0,35.527645,0.0
2019-03-24,3,0,69,0.0,0.0,0.0,0.0,0.0
2019-03-24,3,0,74,19.41,19.41,0.0,266.071028,0.0
2019-03-24,3,0,77,80.5,80.5,0.0,963.710137,0.0
2019-03-24,3,0,78,60.86,60.86,0.0,728.588807,0.0
2019-03-24,3,0,79,35.22,35.22,0.0,421.638149,0.0
2019-03-24,3,0,80,56.95,56.95,0.0,681.780029,0.0
2019-03-24,3,0,81,74.46,74.46,0.0,891.401948,0.0
2019-03-24,3,0,82,52.52,52.52,0.0,628.746042,0.0
2019-03-24,3,0,83,117.12,117.12,0.0,1402.108463,0.0
2019-03-24,3,0,84,0.0,0.0,0.0,0.0,0.0
2019-03-24,3,0,86,0.0,0.0,0.0,0.0,0.0
2019-03-24,3,0,87,0.0,0.0,0.0,0.0,0.0
2019-03-24,3,0,88,69.57,69.57,0.0,832.861046,0.0
2019-03-24,3,0,89,66.88,66.88,0.0,800.657565,0.0
2019-03-24,3,0,90,89.8,89.8,0.0,1075.045594,0.0
2019-03-24,3,0,91,320.33,320.33,0.0,3834.848053,0.0
2019-03-24,3,0,92,115.2,115.2,0.0,1379.123078,0.0
2019-03-24,3,0,95,36.0,36.0,0.0,723.057117,0.0
2019-03-24,3,0,96,10.74,10.74,0.0,136.576589,0.0
2019-03-24,3,0,97,66.04,66.04,0.0,839.806142,0.0
2019-03-24,3,0,99,3.75,3.75,0.0,51.404758,0.0
2019-03-24,3,0,101,0.0,0.0,0.0,0.0,0.0
2019-03-24,3,0,102,6.5,6.5,0.0,83.974434,0.0
2019-03-24,3,0,103,5.65,5.65,0.0,72.993162,0.0
2019-03-24,3,0,104,1.05,1.05,0.0,13.565101,0.0
2019-03-24,3,0,106,0.0,0.0,0.0,0.0,0.0
2019-03-24,3,0,109,200.0,200.0,0.0,2683.760737,0.0
2019-03-24,3,0,110,37.96,37.96,0.0,675.387513,0.0
2019-03-24,3,0,111,0.0,0.0,0.0,0.0,0.0
2019-03-24,3,0,113,28.86,28.86,0.0,333.608195,0.0
2019-03-24,3,0,115,28.86,28.86,0.0,333.608195,0.0
2019-03-24,3,0,116,0.0,0.0,0.0,0.0,0.0
2019-03-24,3,0,117,1.48,1.48,0.0,17.108113,0.0
2019-03-24,3,0,119,109.85,109.85,0.0,2215.724556,0.0
2019-03-24,3,0,120,64.59,64.59,0.0,1302.809732,0.0
2019-03-24,3,0,123,0.0,0.0,0.0,0.0,0.0
2019-03-24,3,0,125,67.38,67.38,0.0,857.937077,0.0
2019-03-24,3,0,126,0.0,0.0,0.0,0.0,0.0
2019-03-24,3,0,127,0.0,0.0,0.0,0.0,0.0
2019-03-24,3,0,128,96.51,96.51,0.0,1228.843979,0.0
2019-03-24,3,0,131,11.17,11.17,0.0,140.728392,0.0
2019-03-24,3,0,132,16.42,16.42,0.0,206.871996,0.0
2019-03-24,3,0,133,73.3,73.3,0.0,1065.538361,0.0
2019-03-24,3,0,134,0.0,0.0,0.0,0.0,0.0
2019-03-24,3,0,135,98.09,98.09,0.0,1425.902563,0.0
2019-03-24,3,0,136,18.2,18.2,0.0,182.492523,0.0
2019-03-24,3,0,139,149.8,149.8,0.0,1968.859279,0.0
2019-03-24,3,0,140,28.09,28.09,0.0,499.779643,0.0
2019-03-24,3,0,141,98.0,98.0,0.0,1383.631669,0.0
2019-03-24,3,0,142,0.0,0.0,0.0,0.0,0.0
2019-03-24,3,0,143,3.53,3.53,0.0,44.918898,0.0
2019-03-24,3,0,145,10.6,10.6,0.0,137.613445,0.0
2019-03-24,3,0,146,67.0,67.0,0.0,1192.069636,0.0
2019-03-24,3,0,152,0.0,0.0,0.0,0.0,0.0
2019-03-24,3,0,153,0.0,0.0,0.0,0.0,0.0
2019-03-24,3,0,154,0.0,0.0,0.0,0.0,0.0
2019-03-24,3,0,157,40.17,40.17,0.0,567.147797,0.0
2019-03-24,3,0,158,0.0,0.0,0.0,0.0,0.0
2019-03-24,3,0,159,0.0,0.0,0.0,0.0,0.0
2019-03-24,3,0,160,0.0,0.0,0.0,0.0,0.0
2019-03-24,3,0,161,0.0,0.0,0.0,0.0,0.0
2019-03-24,3,0,162,48.75,48.75,0.0,979.343798,0.0
2019-03-24,3,0,163,57.46,57.46,0.0,1022.333153,0.0
2019-03-24,3,0,164,0.0,0.0,0.0,0.0,0.0
2019-03-24,3,0,167,0.0,0.0,0.0,0.0,0.0
2019-03-24,3,0,168,0.0,0.0,0.0,0.0,0.0
2019-03-24,3,0,169,0.0,0.0,0.0,0.0,0.0
2019-03-24,3,0,170,0.0,0.0,0.0,0.0,0.0
2019-03-24,3,0,172,0.0,0.0,0.0,0.0,0.0
2019-03-24,3,0,173,0.0,0.0,0.0,0.0,0.0
2019-03-24,3,0,188,0.0,0.0,0.0,0.0,0.0
2019-03-24,3,0,190,0.0,0.0,0.0,0.0,0.0
2019-03-24,3,0,191,0.0,0.0,0.0,0.0,0.0
2019-03-24,3,0,192,54.49,54.49,0.0,1099.08813,0.0
2019-03-24,3,0,194,162.17,162.17,0.0,1667.468482,0.0
2019-03-24,3,0,196,0.0,0.0,0.0,0.0,0.0
2019-03-24,3,0,198,0.0,0.0,0.0,0.0,0.0
2019-03-24,3,0,199,39.0,39.0,0.0,538.367476,0.0
2019-03-24,3,0,200,0.0,0.0,0.0,0.0,0.0
2019-03-24,3,0,204,857.0,857.0,0.0,11473.735039,0.0
2019-03-24,3,0,205,1058.0,1058.0,0.0,14197.094297,0.0
2019-03-24,3,0,206,194.05,194.05,0.0,2467.661748,0.0
2019-03-24,3,0,210,0.0,0.0,0.0,0.0,0.0
2019-03-24,3,0,214,0.0,0.0,0.0,0.0,0.0
2019-03-24,3,0,217,0.0,0.0,0.0,0.0,0.0
2019-03-24,3,0,218,0.0,0.0,0.0,0.0,0.0
2019-03-24,3,0,219,0.0,0.0,0.0,0.0,0.0
2019-03-24,3,0,221,0.0,0.0,0.0,0.0,0.0
2019-03-24,3,0,225,0.0,0.0,0.0,0.0,0.0
2019-03-24,3,0,233,0.0,0.0,0.0,0.0,0.0
2019-03-24,3,0,236,49.01,49.01,0.0,678.757429,0.0
2019-03-24,3,0,237,46.56,46.56,0.0,638.241476,0.0
2019-03-24,3,0,238,0.0,0.0,0.0,0.0,0.0
2019-03-24,3,0,240,0.0,0.0,0.0,0.0,0.0
2019-03-24,3,0,245,74.82,74.82,0.0,986.862648,0.0
2019-03-24,3,0,247,111.51,111.51,0.0,1470.797299,0.0
2019-03-24,3,0,248,4.67,4.67,0.0,64.016059,0.0
2019-03-24,3,0,249,143.89,143.89,0.0,1897.883808,0.0
2019-03-24,3,0,251,182.44,182.44,0.0,2025.472139,0.0
2019-03-24,3,0,252,99.68,99.68,0.0,977.168407,0.0
2019-03-24,3,0,254,0.0,0.0,0.0,0.0,0.0
2019-03-24,3,0,255,0.0,0.0,0.0,0.0,0.0
2019-03-24,3,0,258,0.0,0.0,0.0,0.0,0.0
2019-03-24,3,0,260,0.0,0.0,0.0,0.0,0.0
2019-03-24,3,0,265,0.0,0.0,0.0,0.0,0.0
2019-03-24,3,0,266,97.0,97.0,0.0,1274.895528,0.0
2019-03-24,3,0,267,119.2,119.2,0.0,1566.675741,0.0
2019-03-24,3,0,270,179.46,179.46,0.0,3192.967415,0.0
2019-03-24,3,0,272,117.91,117.91,0.0,1362.984832,0.0
2019-03-24,3,0,273,0.0,0.0,0.0,0.0,0.0
2019-03-24,3,0,274,231.34,231.34,0.0,4116.020739,0.0
2019-03-24,3,0,275,322.03,322.03,0.0,5729.584847,0.0
2019-03-24,3,0,276,0.0,0.0,0.0,0.0,0.0
2019-03-24,3,0,277,0.0,0.0,0.0,0.0,0.0
2019-03-24,3,0,278,0.0,0.0,0.0,0.0,0.0
2019-03-24,3,0,279,74.65,74.65,0.0,875.250391,0.0
2019-03-24,3,0,281,0.9,0.9,0.0,11.45241,0.0
2019-03-24,3,0,282,0.0,0.0,0.0,0.0,0.0
2019-03-24,4,0,9,0.0,0.0,0.0,0.0,0.0
2019-03-24,4,0,17,0.0,0.0,0.0,0.0,0.0
2019-03-24,4,0,19,496.01,496.01,0.0,6985.918163,0.0
2019-03-24,4,0,20,601.56,601.56,0.0,8472.508478,0.0
2019-03-24,4,0,21,0.0,0.0,0.0,0.0,0.0
2019-03-24,4,0,22,0.0,0.0,0.0,0.0,0.0
2019-03-24,4,0,23,38.86,38.86,0.0,477.516873,0.0
2019-03-24,4,0,24,64.22,64.22,0.0,789.143942,0.0
2019-03-24,4,0,29,0.0,0.0,0.0,0.0,0.0
2019-03-24,4,0,30,0.0,0.0,0.0,0.0,0.0
2019-03-24,4,0,31,1.93,1.93,0.0,23.694115,0.0
2019-03-24,4,0,32,0.0,0.0,0.0,0.0,0.0
2019-03-24,4,0,33,0.0,0.0,0.0,0.0,0.0
2019-03-24,4,0,34,0.0,0.0,0.0,0.0,0.0
2019-03-24,4,0,35,0.0,0.0,0.0,0.0,0.0
2019-03-24,4,0,36,0.0,0.0,0.0,0.0,0.0
2019-03-24,4,0,37,0.0,0.0,0.0,0.0,0.0
2019-03-24,4,0,38,0.0,0.0,0.0,0.0,0.0
2019-03-24,4,0,39,0.0,0.0,0.0,0.0,0.0
2019-03-24,4,0,40,0.0,0.0,0.0,0.0,0.0
2019-03-24,4,0,41,116.0,116.0,0.0,1494.241948,0.0
2019-03-24,4,0,42,0.0,0.0,0.0,0.0,0.0
2019-03-24,4,0,43,0.0,0.0,0.0,0.0,0.0
2019-03-24,4,0,46,0.0,0.0,0.0,0.0,0.0
2019-03-24,4,0,52,2.04,2.04,0.0,25.044557,0.0
2019-03-24,4,0,53,3.25,3.25,0.0,39.899417,0.0
2019-03-24,4,0,55,151.97,151.97,0.0,1867.427669,0.0
2019-03-24,4,0,56,0.0,0.0,0.0,0.0,0.0
2019-03-24,4,0,57,0.0,0.0,0.0,0.0,0.0
2019-03-24,4,0,58,0.0,0.0,0.0,0.0,0.0
2019-03-24,4,0,59,0.0,0.0,0.0,0.0,0.0
2019-03-24,4,0,63,104.45,104.45,0.0,2283.30542,0.0
2019-03-24,4,0,64,122.88,122.88,0.0,2686.190234,0.0
2019-03-24,4,0,65,12.72,12.72,0.0,178.989461,0.0
2019-03-24,4,0,67,0.0,0.0,0.0,0.0,0.0
2019-03-24,4,0,68,3.3,3.3,0.0,34.530491,0.0
2019-03-24,4,0,69,0.0,0.0,0.0,0.0,0.0
2019-03-24,4,0,74,10.16,10.16,0.0,139.294325,0.0
2019-03-24,4,0,77,88.6,88.6,0.0,991.718291,0.0
2019-03-24,4,0,78,66.98,66.98,0.0,749.721119,0.0
2019-03-24,4,0,79,38.76,38.76,0.0,433.848769,0.0
2019-03-24,4,0,80,62.69,62.69,0.0,701.702254,0.0
2019-03-24,4,0,81,81.96,81.96,0.0,917.395386,0.0
2019-03-24,4,0,82,57.81,57.81,0.0,647.079395,0.0
2019-03-24,4,0,83,128.92,128.92,0.0,1443.028466,0.0
2019-03-24,4,0,84,0.0,0.0,0.0,0.0,0.0
2019-03-24,4,0,86,0.0,0.0,0.0,0.0,0.0
2019-03-24,4,0,87,0.0,0.0,0.0,0.0,0.0
2019-03-24,4,0,88,70.24,70.24,0.0,786.210979,0.0
2019-03-24,4,0,89,67.52,67.52,0.0,755.765452,0.0
2019-03-24,4,0,90,90.66,90.66,0.0,1014.776301,0.0
2019-03-24,4,0,91,323.4,323.4,0.0,3619.883695,0.0
2019-03-24,4,0,92,116.31,116.31,0.0,1301.882105,0.0
2019-03-24,4,0,95,84.17,84.17,0.0,1762.884461,0.0
2019-03-24,4,0,96,10.43,10.43,0.0,127.922284,0.0
2019-03-24,4,0,97,64.12,64.12,0.0,786.421555,0.0
2019-03-24,4,0,99,1.96,1.96,0.0,26.87174,0.0
2019-03-24,4,0,101,0.0,0.0,0.0,0.0,0.0
2019-03-24,4,0,102,7.8,7.8,0.0,81.617523,0.0
2019-03-24,4,0,103,6.78,6.78,0.0,70.944462,0.0
2019-03-24,4,0,104,1.26,1.26,0.0,13.184369,0.0
2019-03-24,4,0,106,0.0,0.0,0.0,0.0,0.0
2019-03-24,4,0,109,200.0,200.0,0.0,2654.625215,0.0
2019-03-24,4,0,110,67.31,67.31,0.0,488.88768,0.0
2019-03-24,4,0,111,0.0,0.0,0.0,0.0,0.0
2019-03-24,4,0,113,16.87,16.87,0.0,187.463942,0.0
2019-03-24,4,0,115,16.87,16.87,0.0,187.463942,0.0
2019-03-24,4,0,116,0.0,0.0,0.0,0.0,0.0
2019-03-24,4,0,117,1.12,1.12,0.0,12.445739,0.0
2019-03-24,4,0,119,122.88,122.88,0.0,2686.190234,0.0
2019-03-24,4,0,120,72.25,72.25,0.0,1579.404658,0.0
2019-03-24,4,0,123,0.0,0.0,0.0,0.0,0.0
2019-03-24,4,0,125,58.92,58.92,0.0,724.016834,0.0
2019-03-24,4,0,126,0.0,0.0,0.0,0.0,0.0
2019-03-24,4,0,127,0.0,0.0,0.0,0.0,0.0
2019-03-24,4,0,128,80.02,80.02,0.0,983.296454,0.0
2019-03-24,4,0,131,13.51,13.51,0.0,144.208437,0.0
2019-03-24,4,0,132,19.85,19.85,0.0,211.882862,0.0
2019-03-24,4,0,133,83.8,83.8,0.0,1180.358852,0.0
2019-03-24,4,0,134,0.0,0.0,0.0,0.0,0.0
2019-03-24,4,0,135,115.6,115.6,0.0,1628.275457,0.0
2019-03-24,4,0,136,14.86,14.86,0.0,209.092083,0.0
2019-03-24,4,0,139,149.8,149.8,0.0,1929.633136,0.0
2019-03-24,4,0,140,49.82,49.82,0.0,361.853874,0.0
2019-03-24,4,0,141,104.33,104.33,0.0,1009.488691,0.0
2019-03-24,4,0,142,0.0,0.0,0.0,0.0,0.0
2019-03-24,4,0,143,3.16,3.16,0.0,38.79451,0.0
2019-03-24,4,0,145,9.63,9.63,0.0,121.786618,0.0
2019-03-24,4,0,146,63.94,63.94,0.0,464.410612,0.0
2019-03-24,4,0,152,0.0,0.0,0.0,0.0,0.0
2019-03-24,4,0,153,0.0,0.0,0.0,0.0,0.0
2019-03-24,4,0,154,0.0,0.0,0.0,0.0,0.0
2019-03-24,4,0,157,38.88,38.88,0.0,376.199754,0.0
2019-03-24,4,0,158,0.0,0.0,0.0,0.0,0.0
2019-03-24,4,0,159,0.0,0.0,0.0,0.0,0.0
2019-03-24,4,0,160,0.0,0.0,0.0,0.0,0.0
2019-03-24,4,0,161,0.0,0.0,0.0,0.0,0.0
2019-03-24,4,0,162,48.75,48.75,0.0,1021.650868,0.0
2019-03-24,4,0,163,67.39,67.39,0.0,489.468738,0.0
2019-03-24,4,0,164,0.0,0.0,0.0,0.0,0.0
2019-03-24,4,0,167,0.0,0.0,0.0,0.0,0.0
2019-03-24,4,0,168,0.0,0.0,0.0,0.0,0.0
2019-03-24,4,0,169,0.0,0.0,0.0,0.0,0.0
2019-03-24,4,0,170,0.0,0.0,0.0,0.0,0.0
2019-03-24,4,0,172,0.0,0.0,0.0,0.0,0.0
2019-03-24,4,0,173,0.0,0.0,0.0,0.0,0.0
2019-03-24,4,0,188,0.0,0.0,0.0,0.0,0.0
2019-03-24,4,0,190,0.0,0.0,0.0,0.0,0.0
2019-03-24,4,0,191,0.0,0.0,0.0,0.0,0.0
2019-03-24,4,0,192,51.72,51.72,0.0,1130.613272,0.0
2019-03-24,4,0,194,176.5,176.5,0.0,2051.495034,0.0
2019-03-24,4,0,196,0.0,0.0,0.0,0.0,0.0
2019-03-24,4,0,198,0.0,0.0,0.0,0.0,0.0
2019-03-24,4,0,199,39.0,39.0,0.0,569.169454,0.0
2019-03-24,4,0,200,0.0,0.0,0.0,0.0,0.0
2019-03-24,4,0,204,857.0,857.0,0.0,11336.578157,0.0
2019-03-24,4,0,205,1058.0,1058.0,0.0,14042.967387,0.0
2019-03-24,4,0,206,188.41,188.41,0.0,2310.818546,0.0
2019-03-24,4,0,210,0.0,0.0,0.0,0.0,0.0
2019-03-24,4,0,214,0.0,0.0,0.0,0.0,0.0
2019-03-24,4,0,217,0.0,0.0,0.0,0.0,0.0
2019-03-24,4,0,218,0.0,0.0,0.0,0.0,0.0
2019-03-24,4,0,219,0.0,0.0,0.0,0.0,0.0
2019-03-24,4,0,221,0.0,0.0,0.0,0.0,0.0
2019-03-24,4,0,225,0.0,0.0,0.0,0.0,0.0
2019-03-24,4,0,233,0.0,0.0,0.0,0.0,0.0
2019-03-24,4,0,236,27.37,27.37,0.0,380.731302,0.0
2019-03-24,4,0,237,24.36,24.36,0.0,333.977339,0.0
2019-03-24,4,0,238,0.0,0.0,0.0,0.0,0.0
2019-03-24,4,0,240,0.0,0.0,0.0,0.0,0.0
2019-03-24,4,0,245,58.64,58.64,0.0,828.644204,0.0
2019-03-24,4,0,247,85.84,85.84,0.0,1213.008501,0.0
2019-03-24,4,0,248,2.45,2.45,0.0,33.589675,0.0
2019-03-24,4,0,249,112.78,112.78,0.0,1593.698727,0.0
2019-03-24,4,0,251,157.25,157.25,0.0,2209.456535,0.0
2019-03-24,4,0,252,82.03,82.03,0.0,1154.285022,0.0
2019-03-24,4,0,254,0.0,0.0,0.0,0.0,0.0
2019-03-24,4,0,255,0.0,0.0,0.0,0.0,0.0
2019-03-24,4,0,258,0.0,0.0,0.0,0.0,0.0
2019-03-24,4,0,260,0.0,0.0,0.0,0.0,0.0
2019-03-24,4,0,265,0.0,0.0,0.0,0.0,0.0
2019-03-24,4,0,266,97.0,97.0,0.0,1249.495422,0.0
2019-03-24,4,0,267,119.2,119.2,0.0,1535.462415,0.0
2019-03-24,4,0,270,210.47,210.47,0.0,1528.690984,0.0
2019-03-24,4,0,272,56.39,56.39,0.0,626.620728,0.0
2019-03-24,4,0,273,0.0,0.0,0.0,0.0,0.0
2019-03-24,4,0,274,271.32,271.32,0.0,1970.65823,0.0
2019-03-24,4,0,275,377.68,377.68,0.0,2743.17485,0.0
2019-03-24,4,0,276,0.0,0.0,0.0,0.0,0.0
2019-03-24,4,0,277,0.0,0.0,0.0,0.0,0.0
2019-03-24,4,0,278,0.0,0.0,0.0,0.0,0.0
2019-03-24,4,0,279,84.75,84.75,0.0,944.514829,0.0
2019-03-24,4,0,281,0.87,0.87,0.0,10.680767,0.0
2019-03-24,4,0,282,0.0,0.0,0.0,0.0,0.0
2019-03-24,5,0,9,0.0,0.0,0.0,0.0,0.0
2019-03-24,5,0,17,0.0,0.0,0.0,0.0,0.0
2019-03-24,5,0,19,369.6,369.6,0.0,5104.281568,0.0
2019-03-24,5,0,20,448.26,448.26,0.0,6190.598635,0.0
2019-03-24,5,0,21,0.0,0.0,0.0,0.0,0.0
2019-03-24,5,0,22,0.0,0.0,0.0,0.0,0.0
2019-03-24,5,0,23,44.19,44.19,0.0,529.446616,0.0
2019-03-24,5,0,24,78.18,78.18,0.0,936.685594,0.0
2019-03-24,5,0,29,0.0,0.0,0.0,0.0,0.0
2019-03-24,5,0,30,0.0,0.0,0.0,0.0,0.0
2019-03-24,5,0,31,2.33,2.33,0.0,27.889032,0.0
2019-03-24,5,0,32,0.0,0.0,0.0,0.0,0.0
2019-03-24,5,0,33,0.0,0.0,0.0,0.0,0.0
2019-03-24,5,0,34,0.0,0.0,0.0,0.0,0.0
2019-03-24,5,0,35,0.0,0.0,0.0,0.0,0.0
2019-03-24,5,0,36,0.0,0.0,0.0,0.0,0.0
2019-03-24,5,0,37,0.0,0.0,0.0,0.0,0.0
2019-03-24,5,0,38,0.0,0.0,0.0,0.0,0.0
2019-03-24,5,0,39,0.0,0.0,0.0,0.0,0.0
2019-03-24,5,0,40,0.0,0.0,0.0,0.0,0.0
2019-03-24,5,0,41,102.08,102.08,0.0,1284.709461,0.0
2019-03-24,5,0,42,0.0,0.0,0.0,0.0,0.0
2019-03-24,5,0,43,0.0,0.0,0.0,0.0,0.0
2019-03-24,5,0,46,0.0,0.0,0.0,0.0,0.0
2019-03-24,5,0,52,2.47,2.47,0.0,29.564767,0.0
2019-03-24,5,0,53,3.93,3.93,0.0,47.040298,0.0
2019-03-24,5,0,55,133.4,133.4,0.0,1598.284194,0.0
2019-03-24,5,0,56,0.0,0.0,0.0,0.0,0.0
2019-03-24,5,0,57,0.0,0.0,0.0,0.0,0.0
2019-03-24,5,0,58,0.0,0.0,0.0,0.0,0.0
2019-03-24,5,0,59,0.0,0.0,0.0,0.0,0.0
2019-03-24,5,0,63,99.13,99.13,0.0,2157.470073,0.0
2019-03-24,5,0,64,116.62,116.62,0.0,2538.123272,0.0
2019-03-24,5,0,65,10.13,10.13,0.0,139.766866,0.0
2019-03-24,5,0,67,0.0,0.0,0.0,0.0,0.0
2019-03-24,5,0,68,3.53,3.53,0.0,35.990233,0.0
2019-03-24,5,0,69,0.0,0.0,0.0,0.0,0.0
2019-03-24,5,0,74,8.77,8.77,0.0,117.774467,0.0
2019-03-24,5,0,77,89.37,89.37,0.0,971.10052,0.0
2019-03-24,5,0,78,67.56,67.56,0.0,734.111571,0.0
2019-03-24,5,0,79,39.1,39.1,0.0,424.863269,0.0
2019-03-24,5,0,80,63.23,63.23,0.0,687.061496,0.0
2019-03-24,5,0,81,82.66,82.66,0.0,898.189202,0.0
2019-03-24,5,0,82,58.31,58.31,0.0,633.60044,0.0
2019-03-24,5,0,83,130.03,130.03,0.0,1412.914855,0.0
2019-03-24,5,0,84,0.0,0.0,0.0,0.0,0.0
2019-03-24,5,0,86,0.0,0.0,0.0,0.0,0.0
2019-03-24,5,0,87,0.0,0.0,0.0,0.0,0.0
2019-03-24,5,0,88,72.94,72.94,0.0,792.571019,0.0
2019-03-24,5,0,89,70.12,70.12,0.0,761.928706,0.0
2019-03-24,5,0,90,94.14,94.14,0.0,1022.931666,0.0
2019-03-24,5,0,91,335.83,335.83,0.0,3649.151702,0.0
2019-03-24,5,0,92,120.78,120.78,0.0,1312.403724,0.0
2019-03-24,5,0,95,36.0,36.0,0.0,750.920024,0.0
2019-03-24,5,0,96,10.06,10.06,0.0,120.291634,0.0
2019-03-24,5,0,97,61.89,61.89,0.0,740.044652,0.0
2019-03-24,5,0,99,1.69,1.69,0.0,22.695422,0.0
2019-03-24,5,0,101,0.0,0.0,0.0,0.0,0.0
2019-03-24,5,0,102,8.36,8.36,0.0,85.23466,0.0
2019-03-24,5,0,103,7.27,7.27,0.0,74.121528,0.0
2019-03-24,5,0,104,1.35,1.35,0.0,13.76397,0.0
2019-03-24,5,0,106,0.0,0.0,0.0,0.0,0.0
2019-03-24,5,0,109,194.15,194.15,0.0,2520.89372,0.0
2019-03-24,5,0,110,19.1,19.1,0.0,139.218226,0.0
2019-03-24,5,0,111,0.0,0.0,0.0,0.0,0.0
2019-03-24,5,0,113,38.84,38.84,0.0,418.149653,0.0
2019-03-24,5,0,115,38.84,38.84,0.0,418.149653,0.0
2019-03-24,5,0,116,0.0,0.0,0.0,0.0,0.0
2019-03-24,5,0,117,1.87,1.87,0.0,20.132334,0.0
2019-03-24,5,0,119,116.62,116.62,0.0,2538.123272,0.0
2019-03-24,5,0,120,68.57,68.57,0.0,1492.360768,0.0
2019-03-24,5,0,123,0.0,0.0,0.0,0.0,0.0
2019-03-24,5,0,125,70.75,70.75,0.0,847.665717,0.0
2019-03-24,5,0,126,0.0,0.0,0.0,0.0,0.0
2019-03-24,5,0,127,0.0,0.0,0.0,0.0,0.0
2019-03-24,5,0,128,101.34,101.34,0.0,1214.168817,0.0
2019-03-24,5,0,131,12.86,12.86,0.0,133.57198,0.0
2019-03-24,5,0,132,18.9,18.9,0.0,196.307187,0.0
2019-03-24,5,0,133,25.53,25.53,0.0,352.607775,0.0
2019-03-24,5,0,134,0.0,0.0,0.0,0.0,0.0
2019-03-24,5,0,135,36.37,36.37,0.0,502.324512,0.0
2019-03-24,5,0,136,14.25,14.25,0.0,196.601688,0.0
2019-03-24,5,0,139,131.83,131.83,0.0,1659.12273,0.0
2019-03-24,5,0,140,14.13,14.13,0.0,102.992332,0.0
2019-03-24,5,0,141,101.74,101.74,0.0,964.497791,0.0
2019-03-24,5,0,142,0.0,0.0,0.0,0.0,0.0
2019-03-24,5,0,143,7.25,7.25,0.0,86.779175,0.0
2019-03-24,5,0,145,9.03,9.03,0.0,111.486083,0.0
2019-03-24,5,0,146,29.66,29.66,0.0,216.189141,0.0
2019-03-24,5,0,152,0.0,0.0,0.0,0.0,0.0
2019-03-24,5,0,153,0.0,0.0,0.0,0.0,0.0
2019-03-24,5,0,154,0.0,0.0,0.0,0.0,0.0
2019-03-24,5,0,157,34.16,34.16,0.0,323.83767,0.0
2019-03-24,5,0,158,0.0,0.0,0.0,0.0,0.0
2019-03-24,5,0,159,0.0,0.0,0.0,0.0,0.0
2019-03-24,5,0,160,0.0,0.0,0.0,0.0,0.0
2019-03-24,5,0,161,0.0,0.0,0.0,0.0,0.0
2019-03-24,5,0,162,40.12,40.12,0.0,837.364524,0.0
2019-03-24,5,0,163,69.04,69.04,0.0,503.226511,0.0
2019-03-24,5,0,164,0.0,0.0,0.0,0.0,0.0
2019-03-24,5,0,167,0.0,0.0,0.0,0.0,0.0
2019-03-24,5,0,168,0.0,0.0,0.0,0.0,0.0
2019-03-24,5,0,169,0.0,0.0,0.0,0.0,0.0
2019-03-24,5,0,170,0.0,0.0,0.0,0.0,0.0
2019-03-24,5,0,172,0.0,0.0,0.0,0.0,0.0
2019-03-24,5,0,173,0.0,0.0,0.0,0.0,0.0
2019-03-24,5,0,188,0.0,0.0,0.0,0.0,0.0
2019-03-24,5,0,190,0.0,0.0,0.0,0.0,0.0
2019-03-24,5,0,191,0.0,0.0,0.0,0.0,0.0
2019-03-24,5,0,192,44.07,44.07,0.0,959.141593,0.0
2019-03-24,5,0,194,176.5,176.5,0.0,1977.707311,0.0
2019-03-24,5,0,196,0.0,0.0,0.0,0.0,0.0
2019-03-24,5,0,198,0.0,0.0,0.0,0.0,0.0
2019-03-24,5,0,199,32.62,32.62,0.0,466.511576,0.0
2019-03-24,5,0,200,0.0,0.0,0.0,0.0,0.0
2019-03-24,5,0,204,857.0,857.0,0.0,11088.310075,0.0
2019-03-24,5,0,205,1027.03,1027.03,0.0,13335.222647,0.0
2019-03-24,5,0,206,181.87,181.87,0.0,2174.695765,0.0
2019-03-24,5,0,210,0.0,0.0,0.0,0.0,0.0
2019-03-24,5,0,214,0.0,0.0,0.0,0.0,0.0
2019-03-24,5,0,217,0.0,0.0,0.0,0.0,0.0
2019-03-24,5,0,218,0.0,0.0,0.0,0.0,0.0
2019-03-24,5,0,219,0.0,0.0,0.0,0.0,0.0
2019-03-24,5,0,221,0.0,0.0,0.0,0.0,0.0
2019-03-24,5,0,225,0.0,0.0,0.0,0.0,0.0
2019-03-24,5,0,233,0.0,0.0,0.0,0.0,0.0
2019-03-24,5,0,236,18.66,18.66,0.0,254.399141,0.0
2019-03-24,5,0,237,21.04,21.04,0.0,282.551287,0.0
2019-03-24,5,0,238,0.0,0.0,0.0,0.0,0.0
2019-03-24,5,0,240,0.0,0.0,0.0,0.0,0.0
2019-03-24,5,0,245,34.32,34.32,0.0,475.605148,0.0
2019-03-24,5,0,247,49.31,49.31,0.0,683.335951,0.0
2019-03-24,5,0,248,2.11,2.11,0.0,28.335704,0.0
2019-03-24,5,0,249,66.01,66.01,0.0,914.763864,0.0
2019-03-24,5,0,251,101.2,101.2,0.0,1394.134875,0.0
2019-03-24,5,0,252,65.35,65.35,0.0,901.654954,0.0
2019-03-24,5,0,254,0.0,0.0,0.0,0.0,0.0
2019-03-24,5,0,255,0.0,0.0,0.0,0.0,0.0
2019-03-24,5,0,258,0.0,0.0,0.0,0.0,0.0
2019-03-24,5,0,260,0.0,0.0,0.0,0.0,0.0
2019-03-24,5,0,265,0.0,0.0,0.0,0.0,0.0
2019-03-24,5,0,266,85.36,85.36,0.0,1074.282912,0.0
2019-03-24,5,0,267,104.9,104.9,0.0,1320.200064,0.0
2019-03-24,5,0,270,215.62,215.62,0.0,1571.635288,0.0
2019-03-24,5,0,272,133.51,133.51,0.0,1437.362516,0.0
2019-03-24,5,0,273,0.0,0.0,0.0,0.0,0.0
2019-03-24,5,0,274,277.95,277.95,0.0,2025.953196,0.0
2019-03-24,5,0,275,386.92,386.92,0.0,2820.225979,0.0
2019-03-24,5,0,276,0.0,0.0,0.0,0.0,0.0
2019-03-24,5,0,277,0.0,0.0,0.0,0.0,0.0
2019-03-24,5,0,278,0.0,0.0,0.0,0.0,0.0
2019-03-24,5,0,279,89.28,89.28,0.0,964.767841,0.0
2019-03-24,5,0,281,1.05,1.05,0.0,12.568018,0.0
2019-03-24,5,0,282,0.0,0.0,0.0,0.0,0.0
2019-03-24,6,0,9,0.0,0.0,0.0,0.0,0.0
2019-03-24,6,0,17,0.0,0.0,0.0,0.0,0.0
2019-03-24,6,0,19,267.69,267.69,0.0,2564.115324,0.0
2019-03-24,6,0,20,324.66,324.66,0.0,3109.812399,0.0
2019-03-24,6,0,21,0.0,0.0,0.0,0.0,0.0
2019-03-24,6,0,22,0.0,0.0,0.0,0.0,0.0
2019-03-24,6,0,23,46.39,46.39,0.0,409.553185,0.0
2019-03-24,6,0,24,82.08,82.08,0.0,724.641635,0.0
2019-03-24,6,0,29,0.0,0.0,0.0,0.0,0.0
2019-03-24,6,0,30,0.0,0.0,0.0,0.0,0.0
2019-03-24,6,0,31,3.02,3.02,0.0,26.647642,0.0
2019-03-24,6,0,32,0.0,0.0,0.0,0.0,0.0
2019-03-24,6,0,33,0.0,0.0,0.0,0.0,0.0
2019-03-24,6,0,34,0.0,0.0,0.0,0.0,0.0
2019-03-24,6,0,35,0.0,0.0,0.0,0.0,0.0
2019-03-24,6,0,36,0.0,0.0,0.0,0.0,0.0
2019-03-24,6,0,37,0.0,0.0,0.0,0.0,0.0
2019-03-24,6,0,38,0.0,0.0,0.0,0.0,0.0
2019-03-24,6,0,39,0.0,0.0,0.0,0.0,0.0
2019-03-24,6,0,40,0.0,0.0,0.0,0.0,0.0
2019-03-24,6,0,41,79.47,79.47,0.0,721.291519,0.0
2019-03-24,6,0,42,0.0,0.0,0.0,0.0,0.0
2019-03-24,6,0,43,0.0,0.0,0.0,0.0,0.0
2019-03-24,6,0,46,0.0,0.0,0.0,0.0,0.0
2019-03-24,6,0,52,3.21,3.21,0.0,28.32415,0.0
2019-03-24,6,0,53,5.09,5.09,0.0,44.912748,0.0
2019-03-24,6,0,55,64.96,64.96,0.0,573.498058,0.0
2019-03-24,6,0,56,0.0,0.0,0.0,0.0,0.0
2019-03-24,6,0,57,0.0,0.0,0.0,0.0,0.0
2019-03-24,6,0,58,0.0,0.0,0.0,0.0,0.0
2019-03-24,6,0,59,0.0,0.0,0.0,0.0,0.0
2019-03-24,6,0,63,94.15,94.15,0.0,1173.564463,0.0
2019-03-24,6,0,64,110.77,110.77,0.0,1380.730064,0.0
2019-03-24,6,0,65,8.05,8.05,0.0,77.065526,0.0
2019-03-24,6,0,67,0.0,0.0,0.0,0.0,0.0
2019-03-24,6,0,68,3.93,3.93,0.0,28.732907,0.0
2019-03-24,6,0,69,0.0,0.0,0.0,0.0,0.0
2019-03-24,6,0,74,7.73,7.73,0.0,72.835122,0.0
2019-03-24,6,0,77,92.46,92.46,0.0,773.996605,0.0
2019-03-24,6,0,78,69.9,69.9,0.0,585.143442,0.0
2019-03-24,6,0,79,40.45,40.45,0.0,338.613051,0.0
2019-03-24,6,0,80,65.41,65.41,0.0,547.556975,0.0
2019-03-24,6,0,81,85.52,85.52,0.0,715.900818,0.0
2019-03-24,6,0,82,60.33,60.33,0.0,505.031529,0.0
2019-03-24,6,0,83,134.53,134.53,0.0,1126.17092,0.0
2019-03-24,6,0,84,0.0,0.0,0.0,0.0,0.0
2019-03-24,6,0,86,0.0,0.0,0.0,0.0,0.0
2019-03-24,6,0,87,0.0,0.0,0.0,0.0,0.0
2019-03-24,6,0,88,77.61,77.61,0.0,649.685015,0.0
2019-03-24,6,0,89,74.61,74.61,0.0,624.571563,0.0
2019-03-24,6,0,90,100.18,100.18,0.0,838.621889,0.0
2019-03-24,6,0,91,357.35,357.35,0.0,2991.430746,0.0
2019-03-24,6,0,92,128.52,128.52,0.0,1075.860304,0.0
2019-03-24,6,0,95,36.0,36.0,0.0,424.569818,0.0
2019-03-24,6,0,96,9.9,9.9,0.0,87.305632,0.0
2019-03-24,6,0,97,60.85,60.85,0.0,536.620983,0.0
2019-03-24,6,0,99,1.49,1.49,0.0,14.03937,0.0
2019-03-24,6,0,101,0.0,0.0,0.0,0.0,0.0
2019-03-24,6,0,102,9.3,9.3,0.0,67.993903,0.0
2019-03-24,6,0,103,8.08,8.08,0.0,59.074273,0.0
2019-03-24,6,0,104,1.5,1.5,0.0,10.966759,0.0
2019-03-24,6,0,106,0.0,0.0,0.0,0.0,0.0
2019-03-24,6,0,109,167.72,167.72,0.0,1549.714753,0.0
2019-03-24,6,0,110,0.0,0.0,0.0,0.0,0.0
2019-03-24,6,0,111,0.0,0.0,0.0,0.0,0.0
2019-03-24,6,0,113,50.21,50.21,0.0,427.892014,0.0
2019-03-24,6,0,115,50.21,50.21,0.0,427.892014,0.0
2019-03-24,6,0,116,0.0,0.0,0.0,0.0,0.0
2019-03-24,6,0,117,1.99,1.99,0.0,16.958875,0.0
2019-03-24,6,0,119,110.77,110.77,0.0,1380.730064,0.0
2019-03-24,6,0,120,65.13,65.13,0.0,811.834875,0.0
2019-03-24,6,0,123,0.0,0.0,0.0,0.0,0.0
2019-03-24,6,0,125,74.27,74.27,0.0,655.691206,0.0
2019-03-24,6,0,126,0.0,0.0,0.0,0.0,0.0
2019-03-24,6,0,127,0.0,0.0,0.0,0.0,0.0
2019-03-24,6,0,128,106.38,106.38,0.0,939.173698,0.0
2019-03-24,6,0,131,12.55,12.55,0.0,95.898956,0.0
2019-03-24,6,0,132,18.45,18.45,0.0,140.982928,0.0
2019-03-24,6,0,133,13.49,13.49,0.0,129.223074,0.0
2019-03-24,6,0,134,0.0,0.0,0.0,0.0,0.0
2019-03-24,6,0,135,18.07,18.07,0.0,173.095697,0.0
2019-03-24,6,0,136,13.7,13.7,0.0,131.150995,0.0
2019-03-24,6,0,139,102.63,102.63,0.0,931.498032,0.0
2019-03-24,6,0,140,0.0,0.0,0.0,0.0,0.0
2019-03-24,6,0,141,103.43,103.43,0.0,628.323636,0.0
2019-03-24,6,0,142,0.0,0.0,0.0,0.0,0.0
2019-03-24,6,0,143,16.79,16.79,0.0,148.150303,0.0
2019-03-24,6,0,145,8.56,8.56,0.0,76.853378,0.0
2019-03-24,6,0,146,16.61,16.61,0.0,38.018835,0.0
2019-03-24,6,0,152,0.0,0.0,0.0,0.0,0.0
2019-03-24,6,0,153,0.0,0.0,0.0,0.0,0.0
2019-03-24,6,0,154,0.0,0.0,0.0,0.0,0.0
2019-03-24,6,0,157,34.1,34.1,0.0,207.153012,0.0
2019-03-24,6,0,158,0.0,0.0,0.0,0.0,0.0
2019-03-24,6,0,159,0.0,0.0,0.0,0.0,0.0
2019-03-24,6,0,160,0.0,0.0,0.0,0.0,0.0
2019-03-24,6,0,161,0.0,0.0,0.0,0.0,0.0
2019-03-24,6,0,162,30.92,30.92,0.0,364.895861,0.0
2019-03-24,6,0,163,72.94,72.94,0.0,166.953269,0.0
2019-03-24,6,0,164,0.0,0.0,0.0,0.0,0.0
2019-03-24,6,0,167,0.0,0.0,0.0,0.0,0.0
2019-03-24,6,0,168,0.0,0.0,0.0,0.0,0.0
2019-03-24,6,0,169,0.0,0.0,0.0,0.0,0.0
2019-03-24,6,0,170,0.0,0.0,0.0,0.0,0.0
2019-03-24,6,0,172,0.0,0.0,0.0,0.0,0.0
2019-03-24,6,0,173,0.0,0.0,0.0,0.0,0.0
2019-03-24,6,0,188,0.0,0.0,0.0,0.0,0.0
2019-03-24,6,0,190,0.0,0.0,0.0,0.0,0.0
2019-03-24,6,0,191,0.0,0.0,0.0,0.0,0.0
2019-03-24,6,0,192,37.36,37.36,0.0,465.686334,0.0
2019-03-24,6,0,194,176.5,176.5,0.0,1691.415187,0.0
2019-03-24,6,0,196,0.0,0.0,0.0,0.0,0.0
2019-03-24,6,0,198,0.0,0.0,0.0,0.0,0.0
2019-03-24,6,0,199,26.5,26.5,0.0,267.264824,0.0
2019-03-24,6,0,200,0.0,0.0,0.0,0.0,0.0
2019-03-24,6,0,204,802.49,802.49,0.0,7399.866925,0.0
2019-03-24,6,0,205,887.25,887.25,0.0,8198.094529,0.0
2019-03-24,6,0,206,178.82,178.82,0.0,1576.969008,0.0
2019-03-24,6,0,210,0.0,0.0,0.0,0.0,0.0
2019-03-24,6,0,214,0.0,0.0,0.0,0.0,0.0
2019-03-24,6,0,217,0.0,0.0,0.0,0.0,0.0
2019-03-24,6,0,218,0.0,0.0,0.0,0.0,0.0
2019-03-24,6,0,219,0.0,0.0,0.0,0.0,0.0
2019-03-24,6,0,221,0.0,0.0,0.0,0.0,0.0
2019-03-24,6,0,225,0.0,0.0,0.0,0.0,0.0
2019-03-24,6,0,233,0.0,0.0,0.0,0.0,0.0
2019-03-24,6,0,236,12.46,12.46,0.0,118.446321,0.0
2019-03-24,6,0,237,18.55,18.55,0.0,174.785447,0.0
2019-03-24,6,0,238,0.0,0.0,0.0,0.0,0.0
2019-03-24,6,0,240,0.0,0.0,0.0,0.0,0.0
2019-03-24,6,0,245,18.02,18.02,0.0,172.960045,0.0
2019-03-24,6,0,247,25.58,25.58,0.0,245.522639,0.0
2019-03-24,6,0,248,1.86,1.86,0.0,17.525657,0.0
2019-03-24,6,0,249,34.66,34.66,0.0,332.674538,0.0
2019-03-24,6,0,251,61.62,61.62,0.0,589.372346,0.0
2019-03-24,6,0,252,51.91,51.91,0.0,496.952974,0.0
2019-03-24,6,0,254,0.0,0.0,0.0,0.0,0.0
2019-03-24,6,0,255,0.0,0.0,0.0,0.0,0.0
2019-03-24,6,0,258,0.0,0.0,0.0,0.0,0.0
2019-03-24,6,0,260,0.0,0.0,0.0,0.0,0.0
2019-03-24,6,0,265,0.0,0.0,0.0,0.0,0.0
2019-03-24,6,0,266,66.45,66.45,0.0,603.118427,0.0
2019-03-24,6,0,267,81.66,81.66,0.0,741.16856,0.0
2019-03-24,6,0,270,227.8,227.8,0.0,521.41424,0.0
2019-03-24,6,0,272,177.18,177.18,0.0,1509.936409,0.0
2019-03-24,6,0,273,0.0,0.0,0.0,0.0,0.0
2019-03-24,6,0,274,293.66,293.66,0.0,672.16201,0.0
2019-03-24,6,0,275,408.78,408.78,0.0,935.661603,0.0
2019-03-24,6,0,276,0.0,0.0,0.0,0.0,0.0
2019-03-24,6,0,277,0.0,0.0,0.0,0.0,0.0
2019-03-24,6,0,278,0.0,0.0,0.0,0.0,0.0
2019-03-24,6,0,279,97.01,97.01,0.0,820.855033,0.0
2019-03-24,6,0,281,1.36,1.36,0.0,12.000263,0.0
2019-03-24,6,0,282,0.0,0.0,0.0,0.0,0.0
2019-03-24,7,0,9,0.0,0.0,0.0,0.0,0.0
2019-03-24,7,0,17,0.0,0.0,0.0,0.0,0.0
2019-03-24,7,0,19,186.7,186.7,0.0,3420.019278,0.0
2019-03-24,7,0,20,226.43,226.43,0.0,4147.803777,0.0
2019-03-24,7,0,21,0.0,0.0,0.0,0.0,0.0
2019-03-24,7,0,22,0.0,0.0,0.0,0.0,0.0
2019-03-24,7,0,23,49.54,49.54,0.0,810.851167,0.0
2019-03-24,7,0,24,87.66,87.66,0.0,1434.784281,0.0
2019-03-24,7,0,29,0.0,0.0,0.0,0.0,0.0
2019-03-24,7,0,30,0.0,0.0,0.0,0.0,0.0
2019-03-24,7,0,31,9.92,9.92,0.0,162.26935,0.0
2019-03-24,7,0,32,0.0,0.0,0.0,0.0,0.0
2019-03-24,7,0,33,0.0,0.0,0.0,0.0,0.0
2019-03-24,7,0,34,0.0,0.0,0.0,0.0,0.0
2019-03-24,7,0,35,0.0,0.0,0.0,0.0,0.0
2019-03-24,7,0,36,0.0,0.0,0.0,0.0,0.0
2019-03-24,7,0,37,0.0,0.0,0.0,0.0,0.0
2019-03-24,7,0,38,0.0,0.0,0.0,0.0,0.0
2019-03-24,7,0,39,0.0,0.0,0.0,0.0,0.0
2019-03-24,7,0,40,0.0,0.0,0.0,0.0,0.0
2019-03-24,7,0,41,44.9,44.9,0.0,759.252234,0.0
2019-03-24,7,0,42,0.0,0.0,0.0,0.0,0.0
2019-03-24,7,0,43,0.0,0.0,0.0,0.0,0.0
2019-03-24,7,0,46,0.0,0.0,0.0,0.0,0.0
2019-03-24,7,0,52,10.51,10.51,0.0,171.92045,0.0
2019-03-24,7,0,53,16.7,16.7,0.0,273.175216,0.0
2019-03-24,7,0,55,78.12,78.12,0.0,1278.637326,0.0
2019-03-24,7,0,56,0.0,0.0,0.0,0.0,0.0
2019-03-24,7,0,57,0.0,0.0,0.0,0.0,0.0
2019-03-24,7,0,58,0.0,0.0,0.0,0.0,0.0
2019-03-24,7,0,59,0.0,0.0,0.0,0.0,0.0
2019-03-24,7,0,63,90.25,90.25,0.0,1763.96355,0.0
2019-03-24,7,0,64,106.17,106.17,0.0,2075.124766,0.0
2019-03-24,7,0,65,6.46,6.46,0.0,118.211878,0.0
2019-03-24,7,0,67,0.0,0.0,0.0,0.0,0.0
2019-03-24,7,0,68,4.5,4.5,0.0,62.974997,0.0
2019-03-24,7,0,69,0.0,0.0,0.0,0.0,0.0
2019-03-24,7,0,74,7.06,7.06,0.0,125.507508,0.0
2019-03-24,7,0,77,98.75,98.75,0.0,1523.870203,0.0
2019-03-24,7,0,78,74.65,74.65,0.0,1151.968716,0.0
2019-03-24,7,0,79,43.2,43.2,0.0,666.64499,0.0
2019-03-24,7,0,80,69.87,69.87,0.0,1078.205682,0.0
2019-03-24,7,0,81,91.34,91.34,0.0,1409.52207,0.0
2019-03-24,7,0,82,64.43,64.43,0.0,994.257794,0.0
2019-03-24,7,0,83,143.68,143.68,0.0,2217.211856,0.0
2019-03-24,7,0,84,0.0,0.0,0.0,0.0,0.0
2019-03-24,7,0,86,0.0,0.0,0.0,0.0,0.0
2019-03-24,7,0,87,0.0,0.0,0.0,0.0,0.0
2019-03-24,7,0,88,84.2,84.2,0.0,1299.340467,0.0
2019-03-24,7,0,89,80.94,80.94,0.0,1249.033461,0.0
2019-03-24,7,0,90,108.67,108.67,0.0,1676.951645,0.0
2019-03-24,7,0,91,387.67,387.67,0.0,5982.367207,0.0
2019-03-24,7,0,92,139.42,139.42,0.0,2151.473253,0.0
2019-03-24,7,0,95,32.38,32.38,0.0,605.605571,0.0
2019-03-24,7,0,96,9.99,9.99,0.0,163.311995,0.0
2019-03-24,7,0,97,61.42,61.42,0.0,1004.066342,0.0
2019-03-24,7,0,99,1.36,1.36,0.0,24.177084,0.0
2019-03-24,7,0,101,0.0,0.0,0.0,0.0,0.0
2019-03-24,7,0,102,10.65,10.65,0.0,149.040827,0.0
2019-03-24,7,0,103,9.26,9.26,0.0,129.58855,0.0
2019-03-24,7,0,104,1.72,1.72,0.0,24.070443,0.0
2019-03-24,7,0,106,0.0,0.0,0.0,0.0,0.0
2019-03-24,7,0,109,145.16,145.16,0.0,2495.463369,0.0
2019-03-24,7,0,110,0.0,0.0,0.0,0.0,0.0
2019-03-24,7,0,111,0.0,0.0,0.0,0.0,0.0
2019-03-24,7,0,113,28.19,28.19,0.0,438.675756,0.0
2019-03-24,7,0,115,28.19,28.19,0.0,438.675756,0.0
2019-03-24,7,0,116,0.0,0.0,0.0,0.0,0.0
2019-03-24,7,0,117,1.16,1.16,0.0,18.051219,0.0
2019-03-24,7,0,119,106.17,106.17,0.0,2075.124766,0.0
2019-03-24,7,0,120,62.43,62.43,0.0,1220.213235,0.0
2019-03-24,7,0,123,0.0,0.0,0.0,0.0,0.0
2019-03-24,7,0,125,79.33,79.33,0.0,1298.442129,0.0
2019-03-24,7,0,126,0.0,0.0,0.0,0.0,0.0
2019-03-24,7,0,127,0.0,0.0,0.0,0.0,0.0
2019-03-24,7,0,128,113.61,113.61,0.0,1859.523639,0.0
2019-03-24,7,0,131,12.67,12.67,0.0,182.895401,0.0
2019-03-24,7,0,132,18.62,18.62,0.0,268.785506,0.0
2019-03-24,7,0,133,7.96,7.96,0.0,145.827761,0.0
2019-03-24,7,0,134,0.0,0.0,0.0,0.0,0.0
2019-03-24,7,0,135,10.67,10.67,0.0,195.475152,0.0
2019-03-24,7,0,136,13.25,13.25,0.0,242.44847,0.0
2019-03-24,7,0,139,57.99,57.99,0.0,980.602162,0.0
2019-03-24,7,0,140,0.0,0.0,0.0,0.0,0.0
2019-03-24,7,0,141,108.75,108.75,0.0,1342.375269,0.0
2019-03-24,7,0,142,0.0,0.0,0.0,0.0,0.0
2019-03-24,7,0,143,16.88,16.88,0.0,276.119619,0.0
2019-03-24,7,0,145,8.22,8.22,0.0,137.008506,0.0
2019-03-24,7,0,146,17.69,17.69,0.0,128.933898,0.0
2019-03-24,7,0,152,0.0,0.0,0.0,0.0,0.0
2019-03-24,7,0,153,0.0,0.0,0.0,0.0,0.0
2019-03-24,7,0,154,0.0,0.0,0.0,0.0,0.0
2019-03-24,7,0,157,38.59,38.59,0.0,476.342636,0.0
2019-03-24,7,0,158,0.0,0.0,0.0,0.0,0.0
2019-03-24,7,0,159,0.0,0.0,0.0,0.0,0.0
2019-03-24,7,0,160,0.0,0.0,0.0,0.0,0.0
2019-03-24,7,0,161,0.0,0.0,0.0,0.0,0.0
2019-03-24,7,0,162,23.35,23.35,0.0,436.938471,0.0
2019-03-24,7,0,163,79.47,79.47,0.0,579.21859,0.0
2019-03-24,7,0,164,0.0,0.0,0.0,0.0,0.0
2019-03-24,7,0,167,0.0,0.0,0.0,0.0,0.0
2019-03-24,7,0,168,0.0,0.0,0.0,0.0,0.0
2019-03-24,7,0,169,0.0,0.0,0.0,0.0,0.0
2019-03-24,7,0,170,0.0,0.0,0.0,0.0,0.0
2019-03-24,7,0,172,0.0,0.0,0.0,0.0,0.0
2019-03-24,7,0,173,0.0,0.0,0.0,0.0,0.0
2019-03-24,7,0,188,0.0,0.0,0.0,0.0,0.0
2019-03-24,7,0,190,0.0,0.0,0.0,0.0,0.0
2019-03-24,7,0,191,0.0,0.0,0.0,0.0,0.0
2019-03-24,7,0,192,31.17,31.17,0.0,609.227079,0.0
2019-03-24,7,0,194,176.5,176.5,0.0,2984.837199,0.0
2019-03-24,7,0,196,0.0,0.0,0.0,0.0,0.0
2019-03-24,7,0,198,0.0,0.0,0.0,0.0,0.0
2019-03-24,7,0,199,21.22,21.22,0.0,356.861237,0.0
2019-03-24,7,0,200,0.0,0.0,0.0,0.0,0.0
2019-03-24,7,0,204,694.18,694.18,0.0,11897.039995,0.0
2019-03-24,7,0,205,767.91,767.91,0.0,13201.235022,0.0
2019-03-24,7,0,206,180.47,180.47,0.0,2950.241821,0.0
2019-03-24,7,0,210,0.0,0.0,0.0,0.0,0.0
2019-03-24,7,0,214,0.0,0.0,0.0,0.0,0.0
2019-03-24,7,0,217,0.0,0.0,0.0,0.0,0.0
2019-03-24,7,0,218,0.0,0.0,0.0,0.0,0.0
2019-03-24,7,0,219,0.0,0.0,0.0,0.0,0.0
2019-03-24,7,0,221,0.0,0.0,0.0,0.0,0.0
2019-03-24,7,0,225,0.0,0.0,0.0,0.0,0.0
2019-03-24,7,0,233,0.0,0.0,0.0,0.0,0.0
2019-03-24,7,0,236,8.55,8.55,0.0,154.349181,0.0
2019-03-24,7,0,237,16.93,16.93,0.0,300.969137,0.0
2019-03-24,7,0,238,0.0,0.0,0.0,0.0,0.0
2019-03-24,7,0,240,0.0,0.0,0.0,0.0,0.0
2019-03-24,7,0,245,8.05,8.05,0.0,148.030612,0.0
2019-03-24,7,0,247,11.91,11.91,0.0,219.01175,0.0
2019-03-24,7,0,248,1.7,1.7,0.0,30.221355,0.0
2019-03-24,7,0,249,15.48,15.48,0.0,284.660109,0.0
2019-03-24,7,0,251,35.54,35.54,0.0,649.227488,0.0
2019-03-24,7,0,252,41.66,41.66,0.0,762.338517,0.0
2019-03-24,7,0,254,0.0,0.0,0.0,0.0,0.0
2019-03-24,7,0,255,0.0,0.0,0.0,0.0,0.0
2019-03-24,7,0,258,0.0,0.0,0.0,0.0,0.0
2019-03-24,7,0,260,0.0,0.0,0.0,0.0,0.0
2019-03-24,7,0,265,0.0,0.0,0.0,0.0,0.0
2019-03-24,7,0,266,37.54,37.54,0.0,634.795743,0.0
2019-03-24,7,0,267,46.14,46.14,0.0,780.220447,0.0
2019-03-24,7,0,270,248.2,248.2,0.0,1809.01037,0.0
2019-03-24,7,0,272,100.3,100.3,0.0,1560.808028,0.0
2019-03-24,7,0,273,0.0,0.0,0.0,0.0,0.0
2019-03-24,7,0,274,319.96,319.96,0.0,2332.03448,0.0
2019-03-24,7,0,275,445.38,445.38,0.0,3246.16051,0.0
2019-03-24,7,0,276,0.0,0.0,0.0,0.0,0.0
2019-03-24,7,0,277,0.0,0.0,0.0,0.0,0.0
2019-03-24,7,0,278,0.0,0.0,0.0,0.0,0.0
2019-03-24,7,0,279,108.53,108.53,0.0,1683.230574,0.0
2019-03-24,7,0,281,4.45,4.45,0.0,72.792198,0.0
2019-03-24,7,0,282,0.0,0.0,0.0,0.0,0.0
2019-03-24,8,0,9,0.17,0.17,0.0,2.780982,0.0
2019-03-24,8,0,17,6.32,6.32,0.0,104.306962,0.0
2019-03-24,8,0,19,233.85,233.85,0.0,3859.522654,0.0
2019-03-24,8,0,20,291.04,291.04,0.0,4803.401638,0.0
2019-03-24,8,0,21,3.97,3.97,0.0,64.94412,0.0
2019-03-24,8,0,22,14.1,14.1,0.0,230.657957,0.0
2019-03-24,8,0,23,55.83,55.83,0.0,913.307356,0.0
2019-03-24,8,0,24,98.79,98.79,0.0,1616.077981,0.0
2019-03-24,8,0,29,1.43,1.43,0.0,23.676033,0.0
2019-03-24,8,0,30,21.06,21.06,0.0,344.495212,0.0
2019-03-24,8,0,31,4.59,4.59,0.0,75.08229,0.0
2019-03-24,8,0,32,0.79,0.79,0.0,13.343618,0.0
2019-03-24,8,0,33,0.35,0.35,0.0,5.78546,0.0
2019-03-24,8,0,34,0.57,0.57,0.0,9.422034,0.0
2019-03-24,8,0,35,0.57,0.57,0.0,9.422034,0.0
2019-03-24,8,0,36,1.23,1.23,0.0,20.252452,0.0
2019-03-24,8,0,37,0.59,0.59,0.0,9.714358,0.0
2019-03-24,8,0,38,0.76,0.76,0.0,12.513411,0.0
2019-03-24,8,0,39,0.51,0.51,0.0,8.397157,0.0
2019-03-24,8,0,40,0.51,0.51,0.0,8.397157,0.0
2019-03-24,8,0,41,17.33,17.33,0.0,284.32976,0.0
2019-03-24,8,0,42,5.58,5.58,0.0,92.062819,0.0
2019-03-24,8,0,43,3.87,3.87,0.0,63.748491,0.0
2019-03-24,8,0,46,3.28,3.28,0.0,53.973174,0.0
2019-03-24,8,0,52,4.87,4.87,0.0,79.662473,0.0
2019-03-24,8,0,53,7.73,7.73,0.0,126.445774,0.0
2019-03-24,8,0,55,75.11,75.11,0.0,1228.703484,0.0
2019-03-24,8,0,56,6.21,6.21,0.0,101.581922,0.0
2019-03-24,8,0,57,5.91,5.91,0.0,96.674582,0.0
2019-03-24,8,0,58,11.37,11.37,0.0,185.988156,0.0
2019-03-24,8,0,59,11.18,11.18,0.0,182.880174,0.0
2019-03-24,8,0,63,65.22,65.22,0.0,1111.579094,0.0
2019-03-24,8,0,64,76.66,76.66,0.0,1306.557088,0.0
2019-03-24,8,0,65,9.23,9.23,0.0,152.324856,0.0
2019-03-24,8,0,67,16.63,16.63,0.0,261.580501,0.0
2019-03-24,8,0,68,5.04,5.04,0.0,80.746654,0.0
2019-03-24,8,0,69,0.35,0.35,0.0,5.78546,0.0
2019-03-24,8,0,74,5.01,5.01,0.0,82.534472,0.0
2019-03-24,8,0,77,95.16,95.16,0.0,1548.25258,0.0
2019-03-24,8,0,78,71.86,71.86,0.0,1169.161732,0.0
2019-03-24,8,0,79,41.45,41.45,0.0,674.39123,0.0
2019-03-24,8,0,80,67.23,67.23,0.0,1093.831662,0.0
2019-03-24,8,0,81,88.0,88.0,0.0,1431.759427,0.0
2019-03-24,8,0,82,61.97,61.97,0.0,1008.251496,0.0
2019-03-24,8,0,83,138.64,138.64,0.0,2255.671897,0.0
2019-03-24,8,0,84,0.0,0.0,0.0,0.0,0.0
2019-03-24,8,0,86,1.8,1.8,0.0,29.753792,0.0
2019-03-24,8,0,87,9.18,9.18,0.0,151.744341,0.0
2019-03-24,8,0,88,88.19,88.19,0.0,1434.850726,0.0
2019-03-24,8,0,89,85.11,85.11,0.0,1384.739146,0.0
2019-03-24,8,0,90,111.05,111.05,0.0,1806.782777,0.0
2019-03-24,8,0,91,348.13,348.13,0.0,5664.072833,0.0
2019-03-24,8,0,92,139.3,139.3,0.0,2266.410093,0.0
2019-03-24,8,0,95,36.0,36.0,0.0,608.284826,0.0
2019-03-24,8,0,96,16.04,16.04,0.0,262.363597,0.0
2019-03-24,8,0,97,98.63,98.63,0.0,1613.274414,0.0
2019-03-24,8,0,99,0.97,0.97,0.0,15.979728,0.0
2019-03-24,8,0,101,0.42,0.42,0.0,6.870275,0.0
2019-03-24,8,0,102,11.93,11.93,0.0,191.132457,0.0
2019-03-24,8,0,103,10.37,10.37,0.0,166.139445,0.0
2019-03-24,8,0,104,1.93,1.93,0.0,30.920842,0.0
2019-03-24,8,0,106,13.88,13.88,0.0,227.059038,0.0
2019-03-24,8,0,109,172.48,172.48,0.0,2835.319177,0.0
2019-03-24,8,0,110,0.0,0.0,0.0,0.0,0.0
2019-03-24,8,0,111,1.25,1.25,0.0,20.508494,0.0
2019-03-24,8,0,113,77.26,77.26,0.0,1260.097429,0.0
2019-03-24,8,0,115,77.26,77.26,0.0,1260.097429,0.0
2019-03-24,8,0,116,10.64,10.64,0.0,157.855836,0.0
2019-03-24,8,0,117,4.0,4.0,0.0,65.239318,0.0
2019-03-24,8,0,119,76.66,76.66,0.0,1306.557088,0.0
2019-03-24,8,0,120,45.23,45.23,0.0,770.878908,0.0
2019-03-24,8,0,123,0.23,0.23,0.0,3.762506,0.0
2019-03-24,8,0,125,89.4,89.4,0.0,1462.469597,0.0
2019-03-24,8,0,126,10.41,10.41,0.0,170.294279,0.0
2019-03-24,8,0,127,13.36,13.36,0.0,218.552504,0.0
2019-03-24,8,0,128,128.04,128.04,0.0,2094.570551,0.0
2019-03-24,8,0,131,15.81,15.81,0.0,254.52634,0.0
2019-03-24,8,0,132,23.24,23.24,0.0,374.142451,0.0
2019-03-24,8,0,133,12.65,12.65,0.0,208.780197,0.0
2019-03-24,8,0,134,0.0,0.0,0.0,0.0,0.0
2019-03-24,8,0,135,16.95,16.95,0.0,279.74896,0.0
2019-03-24,8,0,136,15.04,15.04,0.0,248.207797,0.0
2019-03-24,8,0,139,22.39,22.39,0.0,367.348143,0.0
2019-03-24,8,0,140,0.0,0.0,0.0,0.0,0.0
2019-03-24,8,0,141,106.04,106.04,0.0,1667.949266,0.0
2019-03-24,8,0,142,21.93,21.93,0.0,344.946505,0.0
2019-03-24,8,0,143,7.51,7.51,0.0,122.847058,0.0
2019-03-24,8,0,145,12.96,12.96,0.0,212.385465,0.0
2019-03-24,8,0,146,9.1,9.1,0.0,135.008281,0.0
2019-03-24,8,0,152,0.86,0.86,0.0,14.168627,0.0
2019-03-24,8,0,153,1.11,1.11,0.0,18.285957,0.0
2019-03-24,8,0,154,5.15,5.15,0.0,84.494995,0.0
2019-03-24,8,0,157,25.93,25.93,0.0,407.864244,0.0
2019-03-24,8,0,158,8.54,8.54,0.0,134.329373,0.0
2019-03-24,8,0,159,0.0,0.0,0.0,0.0,0.0
2019-03-24,8,0,160,0.32,0.32,0.0,5.278544,0.0
2019-03-24,8,0,161,4.15,4.15,0.0,66.48782,0.0
2019-03-24,8,0,162,33.61,33.61,0.0,567.956216,0.0
2019-03-24,8,0,163,80.05,80.05,0.0,1187.627787,0.0
2019-03-24,8,0,164,0.28,0.28,0.0,4.580183,0.0
2019-03-24,8,0,167,0.93,0.93,0.0,15.710012,0.0
2019-03-24,8,0,168,0.47,0.47,0.0,7.939468,0.0
2019-03-24,8,0,169,0.0,0.0,0.0,0.0,0.0
2019-03-24,8,0,170,1.02,1.02,0.0,17.230335,0.0
2019-03-24,8,0,172,1.23,1.23,0.0,20.724969,0.0
2019-03-24,8,0,173,1.87,1.87,0.0,31.508693,0.0
2019-03-24,8,0,188,1.58,1.58,0.0,26.645194,0.0
2019-03-24,8,0,190,1.03,1.03,0.0,17.554837,0.0
2019-03-24,8,0,191,2.67,2.67,0.0,45.506228,0.0
2019-03-24,8,0,192,25.98,25.98,0.0,442.790936,0.0
2019-03-24,8,0,194,176.5,176.5,0.0,2923.571786,0.0
2019-03-24,8,0,196,0.63,0.63,0.0,10.930117,0.0
2019-03-24,8,0,198,1.55,1.55,0.0,25.628471,0.0
2019-03-24,8,0,199,27.84,27.84,0.0,462.683785,0.0
2019-03-24,8,0,200,2.8,2.8,0.0,46.534289,0.0
2019-03-24,8,0,204,781.26,781.26,0.0,12839.929409,0.0
2019-03-24,8,0,205,912.43,912.43,0.0,14999.015982,0.0
2019-03-24,8,0,206,289.83,289.83,0.0,4740.700837,0.0
2019-03-24,8,0,210,0.44,0.44,0.0,7.287225,0.0
2019-03-24,8,0,214,2.15,2.15,0.0,35.571825,0.0
2019-03-24,8,0,217,1.56,1.56,0.0,25.822116,0.0
2019-03-24,8,0,218,2.16,2.16,0.0,35.753699,0.0
2019-03-24,8,0,219,1.47,1.47,0.0,24.332378,0.0
2019-03-24,8,0,221,1.15,1.15,0.0,19.02679,0.0
2019-03-24,8,0,225,1.27,1.27,0.0,21.026328,0.0
2019-03-24,8,0,233,1.02,1.02,0.0,16.860482,0.0
2019-03-24,8,0,236,7.84,7.84,0.0,129.283097,0.0
2019-03-24,8,0,237,12.01,12.01,0.0,197.852098,0.0
2019-03-24,8,0,238,7.27,7.27,0.0,119.945644,0.0
2019-03-24,8,0,240,1.39,1.39,0.0,22.886917,0.0
2019-03-24,8,0,245,17.56,17.56,0.0,289.881526,0.0
2019-03-24,8,0,247,23.8,23.8,0.0,392.891818,0.0
2019-03-24,8,0,248,1.21,1.21,0.0,19.933475,0.0
2019-03-24,8,0,249,33.76,33.76,0.0,557.312092,0.0
2019-03-24,8,0,251,60.7,60.7,0.0,1001.643537,0.0
2019-03-24,8,0,252,59.57,59.57,0.0,983.097688,0.0
2019-03-24,8,0,254,2.24,2.24,0.0,36.911263,0.0
2019-03-24,8,0,255,1.03,1.03,0.0,16.97259,0.0
2019-03-24,8,0,258,1.72,1.72,0.0,28.322466,0.0
2019-03-24,8,0,260,0.78,0.78,0.0,12.866451,0.0
2019-03-24,8,0,265,5.33,5.33,0.0,87.448218,0.0
2019-03-24,8,0,266,14.49,14.49,0.0,237.734461,0.0
2019-03-24,8,0,267,17.81,17.81,0.0,292.205021,0.0
2019-03-24,8,0,270,249.99,249.99,0.0,3708.870337,0.0
2019-03-24,8,0,272,267.48,267.48,0.0,4362.5532,0.0
2019-03-24,8,0,273,2.55,2.55,0.0,37.831991,0.0
2019-03-24,8,0,274,322.27,322.27,0.0,4781.221822,0.0
2019-03-24,8,0,275,448.61,448.61,0.0,6655.611511,0.0
2019-03-24,8,0,276,0.55,0.55,0.0,8.269549,0.0
2019-03-24,8,0,277,0.68,0.68,0.0,11.079824,0.0
2019-03-24,8,0,278,1.1,1.1,0.0,17.923244,0.0
2019-03-24,8,0,279,143.45,143.45,0.0,2337.354018,0.0
2019-03-24,8,0,281,2.06,2.06,0.0,33.697063,0.0
2019-03-24,8,0,282,11.55,11.55,0.0,188.932559,0.0
2019-03-24,9,0,9,1.15,1.15,0.0,6.792789,0.0
2019-03-24,9,0,17,20.35,20.35,0.0,183.892964,0.0
2019-03-24,9,0,19,242.53,242.53,0.0,2191.624592,0.0
2019-03-24,9,0,20,301.16,301.16,0.0,2721.43513,0.0
2019-03-24,9,0,21,26.19,26.19,0.0,154.698385,0.0
2019-03-24,9,0,22,93.08,93.08,0.0,549.802431,0.0
2019-03-24,9,0,23,62.75,62.75,0.0,370.650006,0.0
2019-03-24,9,0,24,111.02,111.02,0.0,655.769939,0.0
2019-03-24,9,0,29,3.71,3.71,0.0,37.705844,0.0
2019-03-24,9,0,30,201.73,201.73,0.0,1187.569559,0.0
2019-03-24,9,0,31,6.88,6.88,0.0,40.50205,0.0
2019-03-24,9,0,32,2.4,2.4,0.0,42.860898,0.0
2019-03-24,9,0,33,1.13,1.13,0.0,10.833754,0.0
2019-03-24,9,0,34,1.8,1.8,0.0,17.257308,0.0
2019-03-24,9,0,35,1.8,1.8,0.0,17.257308,0.0
2019-03-24,9,0,36,4.37,4.37,0.0,35.838058,0.0
2019-03-24,9,0,37,2.09,2.09,0.0,17.12223,0.0
2019-03-24,9,0,38,2.69,2.69,0.0,22.037702,0.0
2019-03-24,9,0,39,1.79,1.79,0.0,14.664493,0.0
2019-03-24,9,0,40,1.79,1.79,0.0,14.664493,0.0
2019-03-24,9,0,41,17.51,17.51,0.0,121.528967,0.0
2019-03-24,9,0,42,22.69,22.69,0.0,202.32893,0.0
2019-03-24,9,0,43,13.26,13.26,0.0,110.760212,0.0
2019-03-24,9,0,46,11.68,11.68,0.0,93.231963,0.0
2019-03-24,9,0,52,7.3,7.3,0.0,42.974559,0.0
2019-03-24,9,0,53,11.66,11.66,0.0,68.641556,0.0
2019-03-24,9,0,55,72.07,72.07,0.0,425.70113,0.0
2019-03-24,9,0,56,59.5,59.5,0.0,350.27209,0.0
2019-03-24,9,0,57,56.6,56.6,0.0,333.200005,0.0
2019-03-24,9,0,58,108.85,108.85,0.0,640.791883,0.0
2019-03-24,9,0,59,107.04,107.04,0.0,630.136547,0.0
2019-03-24,9,0,63,44.38,44.38,0.0,927.897355,0.0
2019-03-24,9,0,64,52.22,52.22,0.0,1091.81613,0.0
2019-03-24,9,0,65,12.71,12.71,0.0,114.572096,0.0
2019-03-24,9,0,67,118.76,118.76,0.0,-755.202184,0.0
2019-03-24,9,0,68,10.59,10.59,0.0,-8.225856,0.0
2019-03-24,9,0,69,1.13,1.13,0.0,10.833754,0.0
2019-03-24,9,0,74,3.96,3.96,0.0,33.202747,0.0
2019-03-24,9,0,77,50.18,50.18,0.0,200.661857,0.0
2019-03-24,9,0,78,37.93,37.93,0.0,151.676051,0.0
2019-03-24,9,0,79,21.95,21.95,0.0,87.774567,0.0
2019-03-24,9,0,80,35.5,35.5,0.0,141.958867,0.0
2019-03-24,9,0,81,46.41,46.41,0.0,185.586225,0.0
2019-03-24,9,0,82,32.74,32.74,0.0,130.922065,0.0
2019-03-24,9,0,83,73.01,73.01,0.0,291.955404,0.0
2019-03-24,9,0,84,0.0,0.0,0.0,0.0,0.0
2019-03-24,9,0,86,5.71,5.71,0.0,54.744015,0.0
2019-03-24,9,0,87,29.16,29.16,0.0,279.568384,0.0
2019-03-24,9,0,88,155.83,155.83,0.0,623.139442,0.0
2019-03-24,9,0,89,148.85,148.85,0.0,595.227529,0.0
2019-03-24,9,0,90,208.93,208.93,0.0,835.477915,0.0
2019-03-24,9,0,91,785.09,785.09,0.0,3139.450326,0.0
2019-03-24,9,0,92,276.23,276.23,0.0,1104.599936,0.0
2019-03-24,9,0,95,36.0,36.0,0.0,647.013854,0.0
2019-03-24,9,0,96,24.38,24.38,0.0,143.017559,0.0
2019-03-24,9,0,97,149.93,149.93,0.0,879.516922,0.0
2019-03-24,9,0,99,0.76,0.76,0.0,6.372244,0.0
2019-03-24,9,0,101,4.06,4.06,0.0,23.900919,0.0
2019-03-24,9,0,102,25.04,25.04,0.0,-19.449993,0.0
2019-03-24,9,0,103,21.78,21.78,0.0,-16.917766,0.0
2019-03-24,9,0,104,4.06,4.06,0.0,-3.153633,0.0
2019-03-24,9,0,106,91.63,91.63,0.0,541.23761,0.0
2019-03-24,9,0,109,186.24,186.24,0.0,1419.734491,0.0
2019-03-24,9,0,110,13.46,13.46,0.0,-315.688883,0.0
2019-03-24,9,0,111,6.0,6.0,0.0,41.643278,0.0
2019-03-24,9,0,113,65.78,65.78,0.0,310.139989,0.0
2019-03-24,9,0,115,65.78,65.78,0.0,310.139989,0.0
2019-03-24,9,0,116,47.81,47.81,0.0,-1121.328789,0.0
2019-03-24,9,0,117,4.47,4.47,0.0,21.075186,0.0
2019-03-24,9,0,119,52.22,52.22,0.0,1091.81613,0.0
2019-03-24,9,0,120,30.7,30.7,0.0,641.875818,0.0
2019-03-24,9,0,123,1.53,1.53,0.0,9.037363,0.0
2019-03-24,9,0,125,100.47,100.47,0.0,593.453484,0.0
2019-03-24,9,0,126,68.72,68.72,0.0,405.913441,0.0
2019-03-24,9,0,127,88.19,88.19,0.0,520.918311,0.0
2019-03-24,9,0,128,143.89,143.89,0.0,849.925568,0.0
2019-03-24,9,0,131,19.55,19.55,0.0,13.960748,0.0
2019-03-24,9,0,132,28.74,28.74,0.0,20.523371,0.0
2019-03-24,9,0,133,19.12,19.12,0.0,172.818016,0.0
2019-03-24,9,0,134,0.0,0.0,0.0,0.0,0.0
2019-03-24,9,0,135,25.62,25.62,0.0,231.568911,0.0
2019-03-24,9,0,136,17.13,17.13,0.0,154.394561,0.0
2019-03-24,9,0,139,22.61,22.61,0.0,156.925754,0.0
2019-03-24,9,0,140,9.96,9.96,0.0,-233.600392,0.0
2019-03-24,9,0,141,102.7,102.7,0.0,-653.075651,0.0
2019-03-24,9,0,142,156.61,156.61,0.0,-995.892675,0.0
2019-03-24,9,0,143,15.31,15.31,0.0,90.128835,0.0
2019-03-24,9,0,145,19.99,19.99,0.0,130.562357,0.0
2019-03-24,9,0,146,12.87,12.87,0.0,-301.851109,0.0
2019-03-24,9,0,152,3.19,3.19,0.0,26.82903,0.0
2019-03-24,9,0,153,4.07,4.07,0.0,34.115309,0.0
2019-03-24,9,0,154,24.75,24.75,0.0,171.778523,0.0
2019-03-24,9,0,157,17.31,17.31,0.0,-110.07536,0.0
2019-03-24,9,0,158,107.78,107.78,0.0,-685.379685,0.0
2019-03-24,9,0,159,0.0,0.0,0.0,0.0,0.0
2019-03-24,9,0,160,1.06,1.06,0.0,9.377736,0.0
2019-03-24,9,0,161,22.98,22.98,0.0,-17.849874,0.0
2019-03-24,9,0,162,47.27,47.27,0.0,851.133756,0.0
2019-03-24,9,0,163,81.1,81.1,0.0,-1902.10761,0.0
2019-03-24,9,0,164,7.19,7.19,0.0,42.326997,0.0
2019-03-24,9,0,167,2.75,2.75,0.0,49.189781,0.0
2019-03-24,9,0,168,1.38,1.38,0.0,24.684327,0.0
2019-03-24,9,0,169,0.0,0.0,0.0,0.0,0.0
2019-03-24,9,0,170,3.01,3.01,0.0,53.840451,0.0
2019-03-24,9,0,172,3.64,3.64,0.0,61.622068,0.0
2019-03-24,9,0,173,5.55,5.55,0.0,93.956724,0.0
2019-03-24,9,0,188,4.86,4.86,0.0,83.974748,0.0
2019-03-24,9,0,190,3.98,3.98,0.0,83.213868,0.0
2019-03-24,9,0,191,10.29,10.29,0.0,215.143393,0.0
2019-03-24,9,0,192,23.48,23.48,0.0,490.920006,0.0
2019-03-24,9,0,194,130.37,130.37,0.0,1243.474748,0.0
2019-03-24,9,0,196,2.56,2.56,0.0,68.678401,0.0
2019-03-24,9,0,198,4.79,4.79,0.0,46.398741,0.0
2019-03-24,9,0,199,36.06,36.06,0.0,407.05604,0.0
2019-03-24,9,0,200,8.67,8.67,0.0,97.869547,0.0
2019-03-24,9,0,204,480.72,480.72,0.0,3626.975666,0.0
2019-03-24,9,0,205,1048.92,1048.92,0.0,7996.069064,0.0
2019-03-24,9,0,206,440.56,440.56,0.0,2584.40589,0.0
2019-03-24,9,0,210,1.15,1.15,0.0,11.81661,0.0
2019-03-24,9,0,214,6.09,6.09,0.0,60.371225,0.0
2019-03-24,9,0,217,4.25,4.25,0.0,42.825882,0.0
2019-03-24,9,0,218,5.86,5.86,0.0,59.049334,0.0
2019-03-24,9,0,219,3.99,3.99,0.0,40.205946,0.0
2019-03-24,9,0,221,3.25,3.25,0.0,32.217813,0.0
2019-03-24,9,0,225,3.34,3.34,0.0,33.909292,0.0
2019-03-24,9,0,233,3.23,3.23,0.0,30.96728,0.0
2019-03-24,9,0,236,9.83,9.83,0.0,85.853665,0.0
2019-03-24,9,0,237,9.49,9.49,0.0,79.569209,0.0
2019-03-24,9,0,238,29.54,29.54,0.0,263.411044,0.0
2019-03-24,9,0,240,4.95,4.95,0.0,40.594596,0.0
2019-03-24,9,0,245,32.76,32.76,0.0,298.7083,0.0
2019-03-24,9,0,247,41.7,41.7,0.0,380.223935,0.0
2019-03-24,9,0,248,0.95,0.95,0.0,7.965305,0.0
2019-03-24,9,0,249,63.01,63.01,0.0,574.530219,0.0
2019-03-24,9,0,251,95.91,95.91,0.0,861.071098,0.0
2019-03-24,9,0,252,82.02,82.02,0.0,739.3551,0.0
2019-03-24,9,0,254,7.31,7.31,0.0,61.966212,0.0
2019-03-24,9,0,255,3.35,3.35,0.0,28.397649,0.0
2019-03-24,9,0,258,6.09,6.09,0.0,50.093188,0.0
2019-03-24,9,0,260,2.57,2.57,0.0,22.736585,0.0
2019-03-24,9,0,265,25.63,25.63,0.0,177.886204,0.0
2019-03-24,9,0,266,14.64,14.64,0.0,101.609599,0.0
2019-03-24,9,0,267,17.99,17.99,0.0,124.86043,0.0
2019-03-24,9,0,270,253.27,253.27,0.0,-5940.15776,0.0
2019-03-24,9,0,272,219.5,219.5,0.0,1034.900085,0.0
2019-03-24,9,0,273,11.43,11.43,0.0,-268.077558,0.0
2019-03-24,9,0,274,326.5,326.5,0.0,-7657.683533,0.0
2019-03-24,9,0,275,454.49,454.49,0.0,-10659.542386,0.0
2019-03-24,9,0,276,2.5,2.5,0.0,-49.092371,0.0
2019-03-24,9,0,277,3.07,3.07,0.0,13.593238,0.0
2019-03-24,9,0,278,4.92,4.92,0.0,21.784602,0.0
2019-03-24,9,0,279,186.35,186.35,0.0,825.113945,0.0
2019-03-24,9,0,281,3.07,3.07,0.0,18.072862,0.0
2019-03-24,9,0,282,110.66,110.66,0.0,651.447219,0.0
2019-03-24,10,0,9,2.22,2.22,0.0,15.485815,0.0
2019-03-24,10,0,17,36.14,36.14,0.0,484.620568,0.0
2019-03-24,10,0,19,232.69,232.69,0.0,3120.264528,0.0
2019-03-24,10,0,20,288.31,288.31,0.0,3866.102823,0.0
2019-03-24,10,0,21,50.74,50.74,0.0,353.941547,0.0
2019-03-24,10,0,22,180.32,180.32,0.0,1257.838782,0.0
2019-03-24,10,0,23,70.28,70.28,0.0,490.244619,0.0
2019-03-24,10,0,24,124.34,124.34,0.0,867.345132,0.0
2019-03-24,10,0,29,6.24,6.24,0.0,91.585201,0.0
2019-03-24,10,0,30,406.88,406.88,0.0,2821.925042,0.0
2019-03-24,10,0,31,16.42,16.42,0.0,113.881265,0.0
2019-03-24,10,0,32,4.18,4.18,0.0,177.777813,0.0
2019-03-24,10,0,33,1.98,1.98,0.0,28.86861,0.0
2019-03-24,10,0,34,3.17,3.17,0.0,46.218935,0.0
2019-03-24,10,0,35,3.17,3.17,0.0,46.218935,0.0
2019-03-24,10,0,36,7.89,7.89,0.0,91.432889,0.0
2019-03-24,10,0,37,3.76,3.76,0.0,43.477224,0.0
2019-03-24,10,0,38,4.84,4.84,0.0,55.965363,0.0
2019-03-24,10,0,39,3.23,3.23,0.0,37.348785,0.0
2019-03-24,10,0,40,3.23,3.23,0.0,37.348785,0.0
2019-03-24,10,0,41,18.64,18.64,0.0,169.096147,0.0
2019-03-24,10,0,42,42.03,42.03,0.0,552.93808,0.0
2019-03-24,10,0,43,23.82,23.82,0.0,282.535594,0.0
2019-03-24,10,0,46,21.08,21.08,0.0,234.662076,0.0
2019-03-24,10,0,52,17.41,17.41,0.0,120.747432,0.0
2019-03-24,10,0,53,27.76,27.76,0.0,192.530081,0.0
2019-03-24,10,0,55,69.49,69.49,0.0,484.733901,0.0
2019-03-24,10,0,56,120.01,120.01,0.0,832.331951,0.0
2019-03-24,10,0,57,114.16,114.16,0.0,791.75915,0.0
2019-03-24,10,0,58,219.54,219.54,0.0,1522.624419,0.0
2019-03-24,10,0,59,215.88,215.88,0.0,1497.24041,0.0
2019-03-24,10,0,63,51.0,51.0,0.0,2179.469872,0.0
2019-03-24,10,0,64,60.0,60.0,0.0,2564.082203,0.0
2019-03-24,10,0,65,17.05,17.05,0.0,227.828907,0.0
2019-03-24,10,0,67,230.73,230.73,0.0,3112.309429,0.0
2019-03-24,10,0,68,21.06,21.06,0.0,162.009246,0.0
2019-03-24,10,0,69,1.98,1.98,0.0,28.86861,0.0
2019-03-24,10,0,74,6.12,6.12,0.0,73.628916,0.0
2019-03-24,10,0,77,60.0,60.0,0.0,187.530199,0.0
2019-03-24,10,0,78,45.36,45.36,0.0,141.77283,0.0
2019-03-24,10,0,79,26.25,26.25,0.0,82.044462,0.0
2019-03-24,10,0,80,42.45,42.45,0.0,132.677616,0.0
2019-03-24,10,0,81,55.5,55.5,0.0,173.465434,0.0
2019-03-24,10,0,82,39.15,39.15,0.0,122.363455,0.0
2019-03-24,10,0,83,87.3,87.3,0.0,272.856439,0.0
2019-03-24,10,0,84,0.0,0.0,0.0,0.0,0.0
2019-03-24,10,0,86,10.04,10.04,0.0,146.384263,0.0
2019-03-24,10,0,87,51.28,51.28,0.0,747.667827,0.0
2019-03-24,10,0,88,103.48,103.48,0.0,323.427083,0.0
2019-03-24,10,0,89,99.0,99.0,0.0,309.424828,0.0
2019-03-24,10,0,90,137.47,137.47,0.0,429.66294,0.0
2019-03-24,10,0,91,509.29,509.29,0.0,1591.787582,0.0
2019-03-24,10,0,92,180.45,180.45,0.0,563.997073,0.0
2019-03-24,10,0,95,88.65,88.65,0.0,3750.907607,0.0
2019-03-24,10,0,96,29.88,29.88,0.0,205.982082,0.0
2019-03-24,10,0,97,183.75,183.75,0.0,1266.707079,0.0
2019-03-24,10,0,99,1.26,1.26,0.0,15.158894,0.0
2019-03-24,10,0,101,8.2,8.2,0.0,56.871277,0.0
2019-03-24,10,0,102,49.87,49.87,0.0,383.63728,0.0
2019-03-24,10,0,103,43.36,43.36,0.0,333.557499,0.0
2019-03-24,10,0,104,8.05,8.05,0.0,61.926611,0.0
2019-03-24,10,0,106,177.51,177.51,0.0,1238.237368,0.0
2019-03-24,10,0,109,171.07,171.07,0.0,1784.918603,0.0
2019-03-24,10,0,110,41.96,41.96,0.0,1310.781636,0.0
2019-03-24,10,0,111,11.24,11.24,0.0,101.965702,0.0
2019-03-24,10,0,113,150.0,150.0,0.0,164.520356,0.0
2019-03-24,10,0,115,150.0,150.0,0.0,164.520356,0.0
2019-03-24,10,0,116,87.67,87.67,0.0,2738.708915,0.0
2019-03-24,10,0,117,10.0,10.0,0.0,10.968024,0.0
2019-03-24,10,0,119,60.0,60.0,0.0,2564.082203,0.0
2019-03-24,10,0,120,35.28,35.28,0.0,1507.680335,0.0
2019-03-24,10,0,123,2.96,2.96,0.0,20.647753,0.0
2019-03-24,10,0,125,112.52,112.52,0.0,784.893632,0.0
2019-03-24,10,0,126,133.13,133.13,0.0,928.660587,0.0
2019-03-24,10,0,127,170.85,170.85,0.0,1191.779924,0.0
2019-03-24,10,0,128,161.16,161.16,0.0,1124.186436,0.0
2019-03-24,10,0,131,31.96,31.96,0.0,196.386362,0.0
2019-03-24,10,0,132,51.57,51.57,0.0,316.885003,0.0
2019-03-24,10,0,133,27.67,27.67,0.0,371.164691,0.0
2019-03-24,10,0,134,0.0,0.0,0.0,0.0,0.0
2019-03-24,10,0,135,37.07,37.07,0.0,497.256057,0.0
2019-03-24,10,0,136,19.71,19.71,0.0,263.321887,0.0
2019-03-24,10,0,139,24.07,24.07,0.0,218.355378,0.0
2019-03-24,10,0,140,31.05,31.05,0.0,969.965915,0.0
2019-03-24,10,0,141,99.96,99.96,0.0,1348.357173,0.0
2019-03-24,10,0,142,304.27,304.27,0.0,4104.288086,0.0
2019-03-24,10,0,143,29.87,29.87,0.0,207.164031,0.0
2019-03-24,10,0,145,56.01,56.01,0.0,461.198328,0.0
2019-03-24,10,0,146,32.38,32.38,0.0,1011.51357,0.0
2019-03-24,10,0,152,5.8,5.8,0.0,70.034382,0.0
2019-03-24,10,0,153,7.38,7.38,0.0,88.668273,0.0
2019-03-24,10,0,154,46.38,46.38,0.0,420.744596,0.0
2019-03-24,10,0,157,11.66,11.66,0.0,157.281359,0.0
2019-03-24,10,0,158,211.42,211.42,0.0,2851.83747,0.0
2019-03-24,10,0,159,0.0,0.0,0.0,0.0,0.0
2019-03-24,10,0,160,1.88,1.88,0.0,24.059405,0.0
2019-03-24,10,0,161,43.71,43.71,0.0,336.24996,0.0
2019-03-24,10,0,162,91.77,91.77,0.0,3884.79189,0.0
2019-03-24,10,0,163,46.25,46.25,0.0,1444.796251,0.0
2019-03-24,10,0,164,14.93,14.93,0.0,103.547338,0.0
2019-03-24,10,0,167,4.78,4.78,0.0,202.303132,0.0
2019-03-24,10,0,168,2.39,2.39,0.0,101.151566,0.0
2019-03-24,10,0,169,0.0,0.0,0.0,0.0,0.0
2019-03-24,10,0,170,5.22,5.22,0.0,220.925177,0.0
2019-03-24,10,0,172,6.31,6.31,0.0,249.812614,0.0
2019-03-24,10,0,173,9.62,9.62,0.0,380.855364,0.0
2019-03-24,10,0,188,8.51,8.51,0.0,350.681142,0.0
2019-03-24,10,0,190,7.15,7.15,0.0,305.553129,0.0
2019-03-24,10,0,191,18.47,18.47,0.0,789.309971,0.0
2019-03-24,10,0,192,23.58,23.58,0.0,1007.684306,0.0
2019-03-24,10,0,194,52.95,52.95,0.0,-270.598837,0.0
2019-03-24,10,0,196,4.69,4.69,0.0,180.094975,0.0
2019-03-24,10,0,198,8.36,8.36,0.0,119.805965,0.0
2019-03-24,10,0,199,39.0,39.0,0.0,459.641943,0.0
2019-03-24,10,0,200,15.18,15.18,0.0,178.906787,0.0
2019-03-24,10,0,204,257.1,257.1,0.0,2640.87929,0.0
2019-03-24,10,0,205,1010.31,1010.31,0.0,10541.422303,0.0
2019-03-24,10,0,206,539.94,539.94,0.0,3722.154122,0.0
2019-03-24,10,0,210,1.94,1.94,0.0,28.988275,0.0
2019-03-24,10,0,214,10.43,10.43,0.0,159.293193,0.0
2019-03-24,10,0,217,7.23,7.23,0.0,109.454226,0.0
2019-03-24,10,0,218,9.98,9.98,0.0,151.086193,0.0
2019-03-24,10,0,219,6.8,6.8,0.0,102.9445,0.0
2019-03-24,10,0,221,5.56,5.56,0.0,84.915643,0.0
2019-03-24,10,0,225,5.57,5.57,0.0,81.608829,0.0
2019-03-24,10,0,233,5.68,5.68,0.0,82.815001,0.0
2019-03-24,10,0,236,14.94,14.94,0.0,190.714503,0.0
2019-03-24,10,0,237,14.3,14.3,0.0,172.041421,0.0
2019-03-24,10,0,238,54.71,54.71,0.0,719.753565,0.0
2019-03-24,10,0,240,8.94,8.94,0.0,103.600764,0.0
2019-03-24,10,0,245,54.85,54.85,0.0,745.02007,0.0
2019-03-24,10,0,247,66.96,66.96,0.0,909.508549,0.0
2019-03-24,10,0,248,1.56,1.56,0.0,18.768155,0.0
2019-03-24,10,0,249,105.47,105.47,0.0,1432.584627,0.0
2019-03-24,10,0,251,143.22,143.22,0.0,1902.679321,0.0
2019-03-24,10,0,252,109.98,109.98,0.0,1469.596667,0.0
2019-03-24,10,0,254,12.88,12.88,0.0,155.799336,0.0
2019-03-24,10,0,255,5.9,5.9,0.0,71.367708,0.0
2019-03-24,10,0,258,11.0,11.0,0.0,127.957671,0.0
2019-03-24,10,0,260,4.57,4.57,0.0,58.484829,0.0
2019-03-24,10,0,265,48.02,48.02,0.0,435.622154,0.0
2019-03-24,10,0,266,15.59,15.59,0.0,141.427517,0.0
2019-03-24,10,0,267,19.15,19.15,0.0,173.722704,0.0
2019-03-24,10,0,270,144.36,144.36,0.0,4509.638633,0.0
2019-03-24,10,0,272,501.3,501.3,0.0,549.82703,0.0
2019-03-24,10,0,273,20.97,20.97,0.0,655.07843,0.0
2019-03-24,10,0,274,186.09,186.09,0.0,5813.235336,0.0
2019-03-24,10,0,275,259.02,259.02,0.0,8091.483781,0.0
2019-03-24,10,0,276,4.6,4.6,0.0,125.468066,0.0
2019-03-24,10,0,277,5.69,5.69,0.0,10.868704,0.0
2019-03-24,10,0,278,9.11,9.11,0.0,17.401387,0.0
2019-03-24,10,0,279,238.89,238.89,0.0,456.31366,0.0
2019-03-24,10,0,281,7.32,7.32,0.0,50.768018,0.0
2019-03-24,10,0,282,223.2,223.2,0.0,1548.008428,0.0
2019-03-24,11,0,9,3.29,3.29,0.0,22.148942,0.0
2019-03-24,11,0,17,51.08,51.08,0.0,678.329241,0.0
2019-03-24,11,0,19,177.69,177.69,0.0,2359.677424,0.0
2019-03-24,11,0,20,215.5,215.5,0.0,2861.784484,0.0
2019-03-24,11,0,21,75.12,75.12,0.0,505.722957,0.0
2019-03-24,11,0,22,266.96,266.96,0.0,1797.228443,0.0
2019-03-24,11,0,23,49.41,49.41,0.0,332.638063,0.0
2019-03-24,11,0,24,87.38,87.38,0.0,588.259744,0.0
2019-03-24,11,0,29,9.11,9.11,0.0,106.558583,0.0
2019-03-24,11,0,30,612.75,612.75,0.0,4101.39492,0.0
2019-03-24,11,0,31,33.8,33.8,0.0,226.237696,0.0
2019-03-24,11,0,32,5.98,5.98,0.0,152.458294,0.0
2019-03-24,11,0,33,2.82,2.82,0.0,41.102421,0.0
2019-03-24,11,0,34,4.51,4.51,0.0,65.734723,0.0
2019-03-24,11,0,35,4.51,4.51,0.0,65.734723,0.0
2019-03-24,11,0,36,11.45,11.45,0.0,127.592452,0.0
2019-03-24,11,0,37,5.49,5.49,0.0,60.916428,0.0
2019-03-24,11,0,38,7.06,7.06,0.0,78.336972,0.0
2019-03-24,11,0,39,4.71,4.71,0.0,52.261635,0.0
2019-03-24,11,0,40,4.71,4.71,0.0,52.261635,0.0
2019-03-24,11,0,41,15.66,15.66,0.0,137.582972,0.0
2019-03-24,11,0,42,64.03,64.03,0.0,832.319896,0.0
2019-03-24,11,0,43,34.46,34.46,0.0,389.822554,0.0
2019-03-24,11,0,46,30.0,30.0,0.0,319.80841,0.0
2019-03-24,11,0,52,35.94,35.94,0.0,240.561621,0.0
2019-03-24,11,0,53,58.53,58.53,0.0,391.766046,0.0
2019-03-24,11,0,55,256.05,256.05,0.0,1723.780128,0.0
2019-03-24,11,0,56,180.74,180.74,0.0,1209.769266,0.0
2019-03-24,11,0,57,171.92,171.92,0.0,1150.733276,0.0
2019-03-24,11,0,58,330.62,330.62,0.0,2212.9795,0.0
2019-03-24,11,0,59,325.11,325.11,0.0,2176.098739,0.0
2019-03-24,11,0,63,40.92,40.92,0.0,1273.2529,0.0
2019-03-24,11,0,64,48.14,48.14,0.0,1497.907982,0.0
2019-03-24,11,0,65,23.51,23.51,0.0,310.980253,0.0
2019-03-24,11,0,67,346.43,346.43,0.0,-5839.404724,0.0
2019-03-24,11,0,68,20.86,20.86,0.0,-128.302723,0.0
2019-03-24,11,0,69,2.82,2.82,0.0,41.102421,0.0
2019-03-24,11,0,74,6.62,6.62,0.0,77.928292,0.0
2019-03-24,11,0,77,60.0,60.0,0.0,180.703007,0.0
2019-03-24,11,0,78,45.36,45.36,0.0,136.611473,0.0
2019-03-24,11,0,79,26.25,26.25,0.0,79.057565,0.0
2019-03-24,11,0,80,42.45,42.45,0.0,127.847377,0.0
2019-03-24,11,0,81,55.5,55.5,0.0,167.150281,0.0
2019-03-24,11,0,82,39.15,39.15,0.0,117.908712,0.0
2019-03-24,11,0,83,87.3,87.3,0.0,262.922874,0.0
2019-03-24,11,0,84,0.0,0.0,0.0,0.0,0.0
2019-03-24,11,0,86,14.27,14.27,0.0,207.989912,0.0
2019-03-24,11,0,87,72.84,72.84,0.0,1061.666795,0.0
2019-03-24,11,0,88,51.18,51.18,0.0,154.139665,0.0
2019-03-24,11,0,89,49.2,49.2,0.0,148.176465,0.0
2019-03-24,11,0,90,66.06,66.06,0.0,198.95401,0.0
2019-03-24,11,0,91,235.65,235.65,0.0,709.711058,0.0
2019-03-24,11,0,92,84.75,84.75,0.0,255.242997,0.0
2019-03-24,11,0,95,96.29,96.29,0.0,2476.427027,0.0
2019-03-24,11,0,96,31.88,31.88,0.0,212.09432,0.0
2019-03-24,11,0,97,234.28,234.28,0.0,1558.640439,0.0
2019-03-24,11,0,99,1.42,1.42,0.0,16.715736,0.0
2019-03-24,11,0,101,12.34,12.34,0.0,82.596839,0.0
2019-03-24,11,0,102,49.4,49.4,0.0,-303.8425,0.0
2019-03-24,11,0,103,42.96,42.96,0.0,-264.232263,0.0
2019-03-24,11,0,104,7.97,7.97,0.0,-49.020743,0.0
2019-03-24,11,0,106,262.8,262.8,0.0,1769.222486,0.0
2019-03-24,11,0,109,83.48,83.48,0.0,839.752255,0.0
2019-03-24,11,0,110,65.6,65.6,0.0,-3256.314122,0.0
2019-03-24,11,0,111,16.61,16.61,0.0,145.929321,0.0
2019-03-24,11,0,113,78.0,78.0,0.0,340.952942,0.0
2019-03-24,11,0,115,78.0,78.0,0.0,340.952942,0.0
2019-03-24,11,0,116,128.41,128.41,0.0,-6374.135617,0.0
2019-03-24,11,0,117,5.25,5.25,0.0,22.948756,0.0
2019-03-24,11,0,119,48.14,48.14,0.0,1497.907982,0.0
2019-03-24,11,0,120,28.31,28.31,0.0,880.884399,0.0
2019-03-24,11,0,123,4.38,4.38,0.0,29.487041,0.0
2019-03-24,11,0,125,79.08,79.08,0.0,532.382474,0.0
2019-03-24,11,0,126,197.1,197.1,0.0,1326.916864,0.0
2019-03-24,11,0,127,252.95,252.95,0.0,1702.910304,0.0
2019-03-24,11,0,128,113.24,113.24,0.0,762.354468,0.0
2019-03-24,11,0,131,24.52,24.52,0.0,-80.710171,0.0
2019-03-24,11,0,132,36.05,36.05,0.0,-118.662384,0.0
2019-03-24,11,0,133,36.42,36.42,0.0,483.827226,0.0
2019-03-24,11,0,134,0.0,0.0,0.0,0.0,0.0
2019-03-24,11,0,135,48.8,48.8,0.0,648.291285,0.0
2019-03-24,11,0,136,28.8,28.8,0.0,380.871635,0.0
2019-03-24,11,0,139,20.22,20.22,0.0,177.645447,0.0
2019-03-24,11,0,140,48.55,48.55,0.0,-2409.970284,0.0
2019-03-24,11,0,141,118.25,118.25,0.0,-1993.215393,0.0
2019-03-24,11,0,142,456.86,456.86,0.0,-7700.806634,0.0
2019-03-24,11,0,143,60.61,60.61,0.0,405.688366,0.0
2019-03-24,11,0,145,100.0,100.0,0.0,794.342092,0.0
2019-03-24,11,0,146,34.09,34.09,0.0,-1692.191287,0.0
2019-03-24,11,0,152,8.51,8.51,0.0,100.346799,0.0
2019-03-24,11,0,153,10.57,10.57,0.0,123.925482,0.0
2019-03-24,11,0,154,68.52,68.52,0.0,601.991396,0.0
2019-03-24,11,0,157,14.02,14.02,0.0,-236.320337,0.0
2019-03-24,11,0,158,319.26,319.26,0.0,-5381.428722,0.0
2019-03-24,11,0,159,0.0,0.0,0.0,0.0,0.0
2019-03-24,11,0,160,2.76,2.76,0.0,33.253141,0.0
2019-03-24,11,0,161,65.21,65.21,0.0,-401.084401,0.0
2019-03-24,11,0,162,162.5,162.5,0.0,4189.004703,0.0
2019-03-24,11,0,163,57.67,57.67,0.0,-2862.67737,0.0
2019-03-24,11,0,164,22.32,22.32,0.0,149.397201,0.0
2019-03-24,11,0,167,6.86,6.86,0.0,175.341156,0.0
2019-03-24,11,0,168,3.43,3.43,0.0,87.670578,0.0
2019-03-24,11,0,169,0.0,0.0,0.0,0.0,0.0
2019-03-24,11,0,170,7.51,7.51,0.0,191.955114,0.0
2019-03-24,11,0,172,9.18,9.18,0.0,219.795278,0.0
2019-03-24,11,0,173,13.99,13.99,0.0,334.960342,0.0
2019-03-24,11,0,188,12.2,12.2,0.0,299.039871,0.0
2019-03-24,11,0,190,10.26,10.26,0.0,319.246695,0.0
2019-03-24,11,0,191,26.5,26.5,0.0,824.56505,0.0
2019-03-24,11,0,192,15.8,15.8,0.0,491.627464,0.0
2019-03-24,11,0,194,52.95,52.95,0.0,720.552165,0.0
2019-03-24,11,0,196,6.84,6.84,0.0,289.567794,0.0
2019-03-24,11,0,198,12.06,12.06,0.0,157.749803,0.0
2019-03-24,11,0,199,56.82,56.82,0.0,863.666626,0.0
2019-03-24,11,0,200,21.34,21.34,0.0,324.368986,0.0
2019-03-24,11,0,204,257.1,257.1,0.0,2543.034049,0.0
2019-03-24,11,0,205,545.8,545.8,0.0,5490.378306,0.0
2019-03-24,11,0,206,895.48,895.48,0.0,5957.535173,0.0
2019-03-24,11,0,210,2.75,2.75,0.0,33.172681,0.0
2019-03-24,11,0,214,15.03,15.03,0.0,230.59653,0.0
2019-03-24,11,0,217,10.24,10.24,0.0,142.535174,0.0
2019-03-24,11,0,218,14.13,14.13,0.0,196.681836,0.0
2019-03-24,11,0,219,9.62,9.62,0.0,133.905114,0.0
2019-03-24,11,0,221,8.02,8.02,0.0,123.046186,0.0
2019-03-24,11,0,225,7.94,7.94,0.0,92.592654,0.0
2019-03-24,11,0,233,8.07,8.07,0.0,117.622886,0.0
2019-03-24,11,0,236,19.55,19.55,0.0,245.6268,0.0
2019-03-24,11,0,237,14.76,14.76,0.0,173.749485,0.0
2019-03-24,11,0,238,83.34,83.34,0.0,1083.328754,0.0
2019-03-24,11,0,240,12.97,12.97,0.0,144.53049,0.0
2019-03-24,11,0,245,74.81,74.81,0.0,1007.809101,0.0
2019-03-24,11,0,247,95.62,95.62,0.0,1288.152737,0.0
2019-03-24,11,0,248,1.76,1.76,0.0,20.718096,0.0
2019-03-24,11,0,249,143.86,143.86,0.0,1938.021886,0.0
2019-03-24,11,0,251,177.69,177.69,0.0,2335.187916,0.0
2019-03-24,11,0,252,151.68,151.68,0.0,2006.358348,0.0
2019-03-24,11,0,254,18.85,18.85,0.0,216.718232,0.0
2019-03-24,11,0,255,8.64,8.64,0.0,99.33398,0.0
2019-03-24,11,0,258,15.93,15.93,0.0,177.949573,0.0
2019-03-24,11,0,260,6.69,6.69,0.0,80.602723,0.0
2019-03-24,11,0,265,70.94,70.94,0.0,623.252622,0.0
2019-03-24,11,0,266,13.09,13.09,0.0,115.003902,0.0
2019-03-24,11,0,267,16.09,16.09,0.0,141.360793,0.0
2019-03-24,11,0,270,195.1,195.1,0.0,-9684.556178,0.0
2019-03-24,11,0,272,260.48,260.48,0.0,1138.607978,0.0
2019-03-24,11,0,273,30.71,30.71,0.0,-1524.411688,0.0
2019-03-24,11,0,274,254.79,254.79,0.0,-12647.504196,0.0
2019-03-24,11,0,275,359.49,359.49,0.0,-17844.700669,0.0
2019-03-24,11,0,276,6.83,6.83,0.0,-289.040033,0.0
2019-03-24,11,0,277,8.36,8.36,0.0,31.986666,0.0
2019-03-24,11,0,278,13.37,13.37,0.0,51.155708,0.0
2019-03-24,11,0,279,214.13,214.13,0.0,819.294823,0.0
2019-03-24,11,0,281,14.74,14.74,0.0,98.661054,0.0
2019-03-24,11,0,282,336.13,336.13,0.0,2249.86026,0.0
2019-03-24,12,0,9,4.16,4.16,0.0,-1648.274663,0.0
2019-03-24,12,0,17,62.83,62.83,0.0,659.861299,0.0
2019-03-24,12,0,19,192.99,192.99,0.0,2026.844374,0.0
2019-03-24,12,0,20,234.06,234.06,0.0,2458.175004,0.0
2019-03-24,12,0,21,95.19,95.19,0.0,-37716.169506,0.0
2019-03-24,12,0,22,338.28,338.28,0.0,-134033.25791,0.0
2019-03-24,12,0,23,46.17,46.17,0.0,-18293.471437,0.0
2019-03-24,12,0,24,77.3,77.3,0.0,-30627.796016,0.0
2019-03-24,12,0,29,11.03,11.03,0.0,38.467369,0.0
2019-03-24,12,0,30,771.93,771.93,0.0,-771930.0,0.0
2019-03-24,12,0,31,64.19,64.19,0.0,-64190.0,0.0
2019-03-24,12,0,32,7.18,7.18,0.0,185.441572,0.0
2019-03-24,12,0,33,3.58,3.58,0.0,59.839519,0.0
2019-03-24,12,0,34,5.74,5.74,0.0,95.94381,0.0
2019-03-24,12,0,35,5.74,5.74,0.0,95.94381,0.0
2019-03-24,12,0,36,14.68,14.68,0.0,13.88249,0.0
2019-03-24,12,0,37,7.06,7.06,0.0,6.056796,0.0
2019-03-24,12,0,38,9.08,9.08,0.0,7.78976,0.0
2019-03-24,12,0,39,6.05,6.05,0.0,5.190313,0.0
2019-03-24,12,0,40,6.05,6.05,0.0,5.190313,0.0
2019-03-24,12,0,41,14.6,14.6,0.0,-244.283117,0.0
2019-03-24,12,0,42,83.6,83.6,0.0,765.412345,0.0
2019-03-24,12,0,43,43.82,43.82,0.0,85.318729,0.0
2019-03-24,12,0,46,37.64,37.64,0.0,-26.208454,0.0
2019-03-24,12,0,52,68.04,68.04,0.0,-68040.0,0.0
2019-03-24,12,0,53,108.09,108.09,0.0,-108090.0,0.0
2019-03-24,12,0,55,530.02,530.02,0.0,-210004.455946,0.0
2019-03-24,12,0,56,227.69,227.69,0.0,-227690.0,0.0
2019-03-24,12,0,57,216.59,216.59,0.0,-216590.0,0.0
2019-03-24,12,0,58,416.51,416.51,0.0,-416510.0,0.0
2019-03-24,12,0,59,409.57,409.57,0.0,-409570.0,0.0
2019-03-24,12,0,63,31.35,31.35,0.0,1016.603916,0.0
2019-03-24,12,0,64,36.88,36.88,0.0,1195.928307,0.0
2019-03-24,12,0,65,31.49,31.49,0.0,322.840733,0.0
2019-03-24,12,0,67,443.36,443.36,0.0,-4077.131607,0.0
2019-03-24,12,0,68,21.6,21.6,0.0,44.713723,0.0
2019-03-24,12,0,69,3.58,3.58,0.0,59.839519,0.0
2019-03-24,12,0,74,11.76,11.76,0.0,34.586506,0.0
2019-03-24,12,0,77,60.0,60.0,0.0,757.80597,0.0
2019-03-24,12,0,78,45.36,45.36,0.0,572.901313,0.0
2019-03-24,12,0,79,26.25,26.25,0.0,331.540112,0.0
2019-03-24,12,0,80,42.45,42.45,0.0,536.147724,0.0
2019-03-24,12,0,81,55.5,55.5,0.0,700.970522,0.0
2019-03-24,12,0,82,39.15,39.15,0.0,494.468396,0.0
2019-03-24,12,0,83,87.3,87.3,0.0,1102.607687,0.0
2019-03-24,12,0,84,0.0,0.0,0.0,0.0,0.0
2019-03-24,12,0,86,18.16,18.16,0.0,303.543481,0.0
2019-03-24,12,0,87,92.72,92.72,0.0,1549.810109,0.0
2019-03-24,12,0,88,51.18,51.18,0.0,646.408493,0.0
2019-03-24,12,0,89,49.2,49.2,0.0,621.400896,0.0
2019-03-24,12,0,90,66.06,66.06,0.0,834.344373,0.0
2019-03-24,12,0,91,235.65,235.65,0.0,2976.282948,0.0
2019-03-24,12,0,92,84.75,84.75,0.0,1070.400933,0.0
2019-03-24,12,0,95,120.0,120.0,0.0,3117.084744,0.0
2019-03-24,12,0,96,29.88,29.88,0.0,891.750752,0.0
2019-03-24,12,0,97,183.76,183.76,0.0,5484.207438,0.0
2019-03-24,12,0,99,2.27,2.27,0.0,6.676137,0.0
2019-03-24,12,0,101,15.55,15.55,0.0,-15550.0,0.0
2019-03-24,12,0,102,51.15,51.15,0.0,105.884579,0.0
2019-03-24,12,0,103,44.48,44.48,0.0,92.077147,0.0
2019-03-24,12,0,104,8.26,8.26,0.0,17.098859,0.0
2019-03-24,12,0,106,333.01,333.01,0.0,-131945.17919,0.0
2019-03-24,12,0,109,60.0,60.0,0.0,-193.830228,0.0
2019-03-24,12,0,110,98.96,98.96,0.0,-4324.181396,0.0
2019-03-24,12,0,111,22.18,22.18,0.0,-371.109557,0.0
2019-03-24,12,0,113,37.13,37.13,0.0,410.171428,0.0
2019-03-24,12,0,115,37.13,37.13,0.0,410.171428,0.0
2019-03-24,12,0,116,161.87,161.87,0.0,-7073.112798,0.0
2019-03-24,12,0,117,2.48,2.48,0.0,27.396314,0.0
2019-03-24,12,0,119,36.88,36.88,0.0,1195.928307,0.0
2019-03-24,12,0,120,21.69,21.69,0.0,703.353714,0.0
2019-03-24,12,0,123,5.55,5.55,0.0,-2199.020283,0.0
2019-03-24,12,0,125,70.73,70.73,0.0,-28024.631465,0.0
2019-03-24,12,0,126,249.76,249.76,0.0,-98959.874943,0.0
2019-03-24,12,0,127,320.52,320.52,0.0,-126996.393004,0.0
2019-03-24,12,0,128,96.96,96.96,0.0,-38417.478677,0.0
2019-03-24,12,0,131,26.36,26.36,0.0,133.879763,0.0
2019-03-24,12,0,132,38.75,38.75,0.0,196.807315,0.0
2019-03-24,12,0,133,41.94,41.94,0.0,441.456142,0.0
2019-03-24,12,0,134,0.0,0.0,0.0,0.0,0.0
2019-03-24,12,0,135,56.2,56.2,0.0,591.555441,0.0
2019-03-24,12,0,136,40.43,40.43,0.0,413.939864,0.0
2019-03-24,12,0,139,18.85,18.85,0.0,-315.392928,0.0
2019-03-24,12,0,140,73.24,73.24,0.0,-3200.313717,0.0
2019-03-24,12,0,141,142.7,142.7,0.0,-1312.266962,0.0
2019-03-24,12,0,142,584.69,584.69,0.0,-5376.80007,0.0
2019-03-24,12,0,143,115.82,115.82,0.0,-115820.0,0.0
2019-03-24,12,0,145,56.25,56.25,0.0,-628.769086,0.0
2019-03-24,12,0,146,39.69,39.69,0.0,-1734.304361,0.0
2019-03-24,12,0,152,10.9,10.9,0.0,38.901293,0.0
2019-03-24,12,0,153,13.62,13.62,0.0,44.389004,0.0
2019-03-24,12,0,154,91.5,91.5,0.0,-1530.95241,0.0
2019-03-24,12,0,157,16.81,16.81,0.0,-154.584496,0.0
2019-03-24,12,0,158,414.97,414.97,0.0,-3816.057612,0.0
2019-03-24,12,0,159,0.0,0.0,0.0,0.0,0.0
2019-03-24,12,0,160,3.48,3.48,0.0,18.64379,0.0
2019-03-24,12,0,161,82.35,82.35,0.0,170.471068,0.0
2019-03-24,12,0,162,162.5,162.5,0.0,4234.005294,0.0
2019-03-24,12,0,163,59.85,59.85,0.0,-2615.220862,0.0
2019-03-24,12,0,164,29.14,29.14,0.0,-29140.0,0.0
2019-03-24,12,0,167,8.42,8.42,0.0,217.221341,0.0
2019-03-24,12,0,168,4.21,4.21,0.0,108.610671,0.0
2019-03-24,12,0,169,0.0,0.0,0.0,0.0,0.0
2019-03-24,12,0,170,9.21,9.21,0.0,237.601966,0.0
2019-03-24,12,0,172,11.05,11.05,0.0,241.924311,0.0
2019-03-24,12,0,173,16.83,16.83,0.0,368.469335,0.0
2019-03-24,12,0,188,14.59,14.59,0.0,356.327592,0.0
2019-03-24,12,0,190,12.59,12.59,0.0,408.262944,0.0
2019-03-24,12,0,191,32.54,32.54,0.0,1055.192709,0.0
2019-03-24,12,0,192,19.44,19.44,0.0,630.39171,0.0
2019-03-24,12,0,194,52.95,52.95,0.0,950.756799,0.0
2019-03-24,12,0,196,8.74,8.74,0.0,386.386096,0.0
2019-03-24,12,0,198,14.9,14.9,0.0,151.442736,0.0
2019-03-24,12,0,199,113.69,113.69,0.0,2205.918988,0.0
2019-03-24,12,0,200,25.97,25.97,0.0,503.894064,0.0
2019-03-24,12,0,204,257.1,257.1,0.0,-980.574926,0.0
2019-03-24,12,0,205,317.4,317.4,0.0,-1025.361906,0.0
2019-03-24,12,0,206,539.95,539.95,0.0,16114.485233,0.0
2019-03-24,12,0,210,3.36,3.36,0.0,17.295432,0.0
2019-03-24,12,0,214,19.07,19.07,0.0,388.673589,0.0
2019-03-24,12,0,217,12.69,12.69,0.0,175.372292,0.0
2019-03-24,12,0,218,17.51,17.51,0.0,241.983359,0.0
2019-03-24,12,0,219,11.93,11.93,0.0,164.869302,0.0
2019-03-24,12,0,221,10.17,10.17,0.0,207.278993,0.0
2019-03-24,12,0,225,9.73,9.73,0.0,32.37383,0.0
2019-03-24,12,0,233,10.28,10.28,0.0,171.82968,0.0
2019-03-24,12,0,236,27.42,27.42,0.0,195.261271,0.0
2019-03-24,12,0,237,28.22,28.22,0.0,82.995851,0.0
2019-03-24,12,0,238,108.82,108.82,0.0,996.31784,0.0
2019-03-24,12,0,240,16.64,16.64,0.0,15.73601,0.0
2019-03-24,12,0,245,78.0,78.0,0.0,890.935212,0.0
2019-03-24,12,0,247,132.03,132.03,0.0,1508.07918,0.0
2019-03-24,12,0,248,2.83,2.83,0.0,8.323113,0.0
2019-03-24,12,0,249,150.0,150.0,0.0,1713.336947,0.0
2019-03-24,12,0,251,220.1,220.1,0.0,2166.101587,0.0
2019-03-24,12,0,252,203.16,203.16,0.0,2082.830211,0.0
2019-03-24,12,0,254,24.45,24.45,0.0,68.528783,0.0
2019-03-24,12,0,255,11.21,11.21,0.0,31.419536,0.0
2019-03-24,12,0,258,20.25,20.25,0.0,22.424859,0.0
2019-03-24,12,0,260,8.46,8.46,0.0,45.323695,0.0
2019-03-24,12,0,265,94.73,94.73,0.0,-1584.995866,0.0
2019-03-24,12,0,266,12.21,12.21,0.0,-204.294305,0.0
2019-03-24,12,0,267,15.0,15.0,0.0,-250.975805,0.0
2019-03-24,12,0,270,186.9,186.9,0.0,-8166.830061,0.0
2019-03-24,12,0,272,124.1,124.1,0.0,1370.920393,0.0
2019-03-24,12,0,273,38.71,38.71,0.0,-1691.482031,0.0
2019-03-24,12,0,274,240.93,240.93,0.0,-10527.738719,0.0
2019-03-24,12,0,275,335.38,335.38,0.0,-14654.850005,0.0
2019-03-24,12,0,276,8.64,8.64,0.0,-310.980149,0.0
2019-03-24,12,0,277,10.52,10.52,0.0,122.890755,0.0
2019-03-24,12,0,278,16.83,16.83,0.0,196.601845,0.0
2019-03-24,12,0,279,199.03,199.03,0.0,2324.994964,0.0
2019-03-24,12,0,281,28.81,28.81,0.0,-28810.0,0.0
2019-03-24,12,0,282,423.45,423.45,0.0,-423450.0,0.0
2019-03-24,13,0,9,4.59,4.59,0.0,-1810.41453,0.0
2019-03-24,13,0,17,70.18,70.18,0.0,483.965097,0.0
2019-03-24,13,0,19,192.99,192.99,0.0,1330.869536,0.0
2019-03-24,13,0,20,234.06,234.06,0.0,1614.09049,0.0
2019-03-24,13,0,21,104.89,104.89,0.0,-41371.324621,0.0
2019-03-24,13,0,22,372.78,372.78,0.0,-147034.058465,0.0
2019-03-24,13,0,23,90.35,90.35,0.0,-35636.373148,0.0
2019-03-24,13,0,24,157.79,157.79,0.0,-62236.450682,0.0
2019-03-24,13,0,29,12.14,12.14,0.0,61.201266,0.0
2019-03-24,13,0,30,866.39,866.39,0.0,-866390.0,0.0
2019-03-24,13,0,31,111.94,111.94,0.0,-111940.0,0.0
2019-03-24,13,0,32,7.7,7.7,0.0,199.59763,0.0
2019-03-24,13,0,33,4.03,4.03,0.0,47.004607,0.0
2019-03-24,13,0,34,6.46,6.46,0.0,75.347336,0.0
2019-03-24,13,0,35,6.46,6.46,0.0,75.347336,0.0
2019-03-24,13,0,36,16.04,16.04,0.0,-1.843255,0.0
2019-03-24,13,0,37,7.77,7.77,0.0,-0.957598,0.0
2019-03-24,13,0,38,9.99,9.99,0.0,-1.231197,0.0
2019-03-24,13,0,39,6.66,6.66,0.0,-0.820798,0.0
2019-03-24,13,0,40,6.66,6.66,0.0,-0.820798,0.0
2019-03-24,13,0,41,15.23,15.23,0.0,-239.903705,0.0
2019-03-24,13,0,42,94.08,94.08,0.0,551.553553,0.0
2019-03-24,13,0,43,49.22,49.22,0.0,43.120002,0.0
2019-03-24,13,0,46,41.97,41.97,0.0,-52.267499,0.0
2019-03-24,13,0,52,118.66,118.66,0.0,-118660.0,0.0
2019-03-24,13,0,53,188.51,188.51,0.0,-188510.0,0.0
2019-03-24,13,0,55,623.0,623.0,0.0,-245727.288007,0.0
2019-03-24,13,0,56,255.55,255.55,0.0,-255550.0,0.0
2019-03-24,13,0,57,243.09,243.09,0.0,-243090.0,0.0
2019-03-24,13,0,58,467.48,467.48,0.0,-467480.0,0.0
2019-03-24,13,0,59,459.69,459.69,0.0,-459690.0,0.0
2019-03-24,13,0,63,26.85,26.85,0.0,800.35389,0.0
2019-03-24,13,0,64,31.59,31.59,0.0,941.645415,0.0
2019-03-24,13,0,65,41.28,41.28,0.0,276.744345,0.0
2019-03-24,13,0,67,477.04,477.04,0.0,2601.895012,0.0
2019-03-24,13,0,68,23.42,23.42,0.0,290.579694,0.0
2019-03-24,13,0,69,4.03,4.03,0.0,47.004607,0.0
2019-03-24,13,0,74,18.82,18.82,0.0,18.670288,0.0
2019-03-24,13,0,77,60.0,60.0,0.0,1148.785759,0.0
2019-03-24,13,0,78,45.36,45.36,0.0,868.482034,0.0
2019-03-24,13,0,79,26.25,26.25,0.0,502.59377,0.0
2019-03-24,13,0,80,42.45,42.45,0.0,812.765924,0.0
2019-03-24,13,0,81,55.5,55.5,0.0,1062.626827,0.0
2019-03-24,13,0,82,39.15,39.15,0.0,749.582708,0.0
2019-03-24,13,0,83,87.3,87.3,0.0,1671.483279,0.0
2019-03-24,13,0,84,0.0,0.0,0.0,0.0,0.0
2019-03-24,13,0,86,20.44,20.44,0.0,238.405501,0.0
2019-03-24,13,0,87,104.36,104.36,0.0,1217.221042,0.0
2019-03-24,13,0,88,51.18,51.18,0.0,979.914252,0.0
2019-03-24,13,0,89,49.2,49.2,0.0,942.004322,0.0
2019-03-24,13,0,90,66.06,66.06,0.0,1264.813121,0.0
2019-03-24,13,0,91,235.65,235.65,0.0,4511.856069,0.0
2019-03-24,13,0,92,84.75,84.75,0.0,1622.659885,0.0
2019-03-24,13,0,95,120.0,120.0,0.0,3049.643213,0.0
2019-03-24,13,0,96,29.88,29.88,0.0,986.175441,0.0
2019-03-24,13,0,97,183.75,183.75,0.0,6064.582907,0.0
2019-03-24,13,0,99,3.63,3.63,0.0,3.601124,0.0
2019-03-24,13,0,101,17.45,17.45,0.0,-17450.0,0.0
2019-03-24,13,0,102,55.45,55.45,0.0,687.986509,0.0
2019-03-24,13,0,103,48.22,48.22,0.0,598.281505,0.0
2019-03-24,13,0,104,8.95,8.95,0.0,111.045613,0.0
2019-03-24,13,0,106,366.97,366.97,0.0,-144742.44443,0.0
2019-03-24,13,0,109,60.0,60.0,0.0,-200.22925,0.0
2019-03-24,13,0,110,143.0,143.0,0.0,-2264.876728,0.0
2019-03-24,13,0,111,26.22,26.22,0.0,-413.018723,0.0
2019-03-24,13,0,113,34.85,34.85,0.0,607.81884,0.0
2019-03-24,13,0,115,34.85,34.85,0.0,607.81884,0.0
2019-03-24,13,0,116,176.1,176.1,0.0,-2789.124418,0.0
2019-03-24,13,0,117,2.32,2.32,0.0,40.463119,0.0
2019-03-24,13,0,119,31.59,31.59,0.0,941.645415,0.0
2019-03-24,13,0,120,18.57,18.57,0.0,553.540847,0.0
2019-03-24,13,0,123,6.12,6.12,0.0,-2413.886039,0.0
2019-03-24,13,0,125,143.27,143.27,0.0,-56509.387725,0.0
2019-03-24,13,0,126,275.23,275.23,0.0,-108557.819387,0.0
2019-03-24,13,0,127,353.21,353.21,0.0,-139315.1451,0.0
2019-03-24,13,0,128,202.25,202.25,0.0,-79772.622792,0.0
2019-03-24,13,0,131,29.41,29.41,0.0,419.512625,0.0
2019-03-24,13,0,132,43.23,43.23,0.0,616.645046,0.0
2019-03-24,13,0,133,41.94,41.94,0.0,289.979093,0.0
2019-03-24,13,0,134,0.0,0.0,0.0,0.0,0.0
2019-03-24,13,0,135,56.2,56.2,0.0,388.574751,0.0
2019-03-24,13,0,136,45.9,45.9,0.0,307.233441,0.0
2019-03-24,13,0,139,19.67,19.67,0.0,-309.842803,0.0
2019-03-24,13,0,140,105.83,105.83,0.0,-1676.167161,0.0
2019-03-24,13,0,141,173.37,173.37,0.0,945.603174,0.0
2019-03-24,13,0,142,629.1,629.1,0.0,3431.268138,0.0
2019-03-24,13,0,143,205.07,205.07,0.0,-205070.0,0.0
2019-03-24,13,0,145,100.0,100.0,0.0,-934.292414,0.0
2019-03-24,13,0,146,50.46,50.46,0.0,-799.200557,0.0
2019-03-24,13,0,152,11.95,11.95,0.0,19.568951,0.0
2019-03-24,13,0,153,14.97,14.97,0.0,21.016047,0.0
2019-03-24,13,0,154,108.17,108.17,0.0,-1703.899134,0.0
2019-03-24,13,0,157,19.85,19.85,0.0,108.266846,0.0
2019-03-24,13,0,158,494.49,494.49,0.0,2697.07166,0.0
2019-03-24,13,0,159,0.0,0.0,0.0,0.0,0.0
2019-03-24,13,0,160,3.84,3.84,0.0,14.844131,0.0
2019-03-24,13,0,161,89.56,89.56,0.0,1111.200573,0.0
2019-03-24,13,0,162,147.85,147.85,0.0,3764.577047,0.0
2019-03-24,13,0,163,34.58,34.58,0.0,-547.688372,0.0
2019-03-24,13,0,164,32.68,32.68,0.0,-32680.0,0.0
2019-03-24,13,0,167,9.07,9.07,0.0,229.325339,0.0
2019-03-24,13,0,168,4.54,4.54,0.0,114.789089,0.0
2019-03-24,13,0,169,0.0,0.0,0.0,0.0,0.0
2019-03-24,13,0,170,9.92,9.92,0.0,250.816688,0.0
2019-03-24,13,0,172,11.91,11.91,0.0,277.445364,0.0
2019-03-24,13,0,173,18.15,18.15,0.0,422.807167,0.0
2019-03-24,13,0,188,15.63,15.63,0.0,389.482835,0.0
2019-03-24,13,0,190,13.69,13.69,0.0,408.076155,0.0
2019-03-24,13,0,191,35.36,35.36,0.0,1054.022852,0.0
2019-03-24,13,0,192,36.56,36.56,0.0,1089.792858,0.0
2019-03-24,13,0,194,47.34,47.34,0.0,995.34243,0.0
2019-03-24,13,0,196,9.58,9.58,0.0,354.570819,0.0
2019-03-24,13,0,198,16.58,16.58,0.0,139.384807,0.0
2019-03-24,13,0,199,73.53,73.53,0.0,1084.488335,0.0
2019-03-24,13,0,200,29.12,29.12,0.0,429.488648,0.0
2019-03-24,13,0,204,257.1,257.1,0.0,-963.478249,0.0
2019-03-24,13,0,205,317.4,317.4,0.0,-1059.212732,0.0
2019-03-24,13,0,206,539.94,539.94,0.0,17820.467456,0.0
2019-03-24,13,0,210,3.64,3.64,0.0,22.251864,0.0
2019-03-24,13,0,214,20.66,20.66,0.0,299.026423,0.0
2019-03-24,13,0,217,13.96,13.96,0.0,153.069082,0.0
2019-03-24,13,0,218,19.27,19.27,0.0,211.29235,0.0
2019-03-24,13,0,219,13.12,13.12,0.0,143.858621,0.0
2019-03-24,13,0,221,11.02,11.02,0.0,159.500057,0.0
2019-03-24,13,0,225,10.71,10.71,0.0,52.8836,0.0
2019-03-24,13,0,233,11.57,11.57,0.0,134.948711,0.0
2019-03-24,13,0,236,79.09,79.09,0.0,341.424906,0.0
2019-03-24,13,0,237,45.16,45.16,0.0,44.800756,0.0
2019-03-24,13,0,238,122.46,122.46,0.0,717.934185,0.0
2019-03-24,13,0,240,18.18,18.18,0.0,-2.089175,0.0
2019-03-24,13,0,245,78.0,78.0,0.0,592.956578,0.0
2019-03-24,13,0,247,171.72,171.72,0.0,1305.416712,0.0
2019-03-24,13,0,248,4.53,4.53,0.0,4.493964,0.0
2019-03-24,13,0,249,150.0,150.0,0.0,1140.301111,0.0
2019-03-24,13,0,251,269.42,269.42,0.0,1721.293398,0.0
2019-03-24,13,0,252,266.3,266.3,0.0,1785.296006,0.0
2019-03-24,13,0,254,27.61,27.61,0.0,44.901075,0.0
2019-03-24,13,0,255,12.66,12.66,0.0,20.588468,0.0
2019-03-24,13,0,258,22.22,22.22,0.0,1.002915,0.0
2019-03-24,13,0,260,9.34,9.34,0.0,36.105256,0.0
2019-03-24,13,0,265,111.99,111.99,0.0,-1764.071961,0.0
2019-03-24,13,0,266,12.74,12.74,0.0,-200.681103,0.0
2019-03-24,13,0,267,15.65,15.65,0.0,-246.519566,0.0
2019-03-24,13,0,270,107.6,107.6,0.0,-1704.20095,0.0
2019-03-24,13,0,272,116.47,116.47,0.0,2031.353236,0.0
2019-03-24,13,0,273,42.11,42.11,0.0,-666.950762,0.0
2019-03-24,13,0,274,138.65,138.65,0.0,-2195.980128,0.0
2019-03-24,13,0,275,192.92,192.92,0.0,-3055.524603,0.0
2019-03-24,13,0,276,9.58,9.58,0.0,-106.185891,0.0
2019-03-24,13,0,277,11.93,11.93,0.0,216.228076,0.0
2019-03-24,13,0,278,19.09,19.09,0.0,346.001171,0.0
2019-03-24,13,0,279,275.37,275.37,0.0,4991.007991,0.0
2019-03-24,13,0,281,50.24,50.24,0.0,-50240.0,0.0
2019-03-24,13,0,282,475.27,475.27,0.0,-475270.0,0.0
2019-03-24,14,0,9,4.74,4.74,0.0,-1849.158988,0.0
2019-03-24,14,0,17,71.55,71.55,0.0,1023.268372,0.0
2019-03-24,14,0,19,192.99,192.99,0.0,2760.035824,0.0
2019-03-24,14,0,20,234.06,234.06,0.0,3347.39616,0.0
2019-03-24,14,0,21,108.5,108.5,0.0,-42327.79539,0.0
2019-03-24,14,0,22,385.6,385.6,0.0,-150429.473754,0.0
2019-03-24,14,0,23,42.61,42.61,0.0,-16622.924991,0.0
2019-03-24,14,0,24,73.27,73.27,0.0,-28583.940721,0.0
2019-03-24,14,0,29,12.15,12.15,0.0,63.425529,0.0
2019-03-24,14,0,30,920.16,920.16,0.0,-920160.0,0.0
2019-03-24,14,0,31,102.75,102.75,0.0,-102750.0,0.0
2019-03-24,14,0,32,7.62,7.62,0.0,209.493879,0.0
2019-03-24,14,0,33,4.09,4.09,0.0,79.531186,0.0
2019-03-24,14,0,34,6.54,6.54,0.0,127.172116,0.0
2019-03-24,14,0,35,6.54,6.54,0.0,127.172116,0.0
2019-03-24,14,0,36,16.53,16.53,0.0,105.172997,0.0
2019-03-24,14,0,37,7.81,7.81,0.0,49.132529,0.0
2019-03-24,14,0,38,10.04,10.04,0.0,63.161407,0.0
2019-03-24,14,0,39,6.69,6.69,0.0,42.086635,0.0
2019-03-24,14,0,40,6.69,6.69,0.0,42.086635,0.0
2019-03-24,14,0,41,17.74,17.74,0.0,-157.843746,0.0
2019-03-24,14,0,42,96.83,96.83,0.0,1276.843189,0.0
2019-03-24,14,0,43,50.1,50.1,0.0,353.679455,0.0
2019-03-24,14,0,46,42.3,42.3,0.0,218.002866,0.0
2019-03-24,14,0,52,108.92,108.92,0.0,-108920.0,0.0
2019-03-24,14,0,53,173.04,173.04,0.0,-173040.0,0.0
2019-03-24,14,0,55,623.0,623.0,0.0,-243043.470303,0.0
2019-03-24,14,0,56,271.42,271.42,0.0,-271420.0,0.0
2019-03-24,14,0,57,258.18,258.18,0.0,-258180.0,0.0
2019-03-24,14,0,58,496.49,496.49,0.0,-496490.0,0.0
2019-03-24,14,0,59,488.22,488.22,0.0,-488220.0,0.0
2019-03-24,14,0,63,13.52,13.52,0.0,403.008737,0.0
2019-03-24,14,0,64,15.9,15.9,0.0,473.952583,0.0
2019-03-24,14,0,65,41.4,41.4,0.0,583.504833,0.0
2019-03-24,14,0,67,483.51,483.51,0.0,6084.562962,0.0
2019-03-24,14,0,68,10.95,10.95,0.0,175.209608,0.0
2019-03-24,14,0,69,4.09,4.09,0.0,79.531186,0.0
2019-03-24,14,0,74,34.78,34.78,0.0,278.352815,0.0
2019-03-24,14,0,77,58.05,58.05,0.0,1556.973175,0.0
2019-03-24,14,0,78,43.89,43.89,0.0,1177.18437,0.0
2019-03-24,14,0,79,25.4,25.4,0.0,681.25958,0.0
2019-03-24,14,0,80,41.07,41.07,0.0,1101.548463,0.0
2019-03-24,14,0,81,53.7,53.7,0.0,1440.300767,0.0
2019-03-24,14,0,82,37.88,37.88,0.0,1015.988697,0.0
2019-03-24,14,0,83,84.47,84.47,0.0,2265.590424,0.0
2019-03-24,14,0,84,0.0,0.0,0.0,0.0,0.0
2019-03-24,14,0,86,20.7,20.7,0.0,402.517249,0.0
2019-03-24,14,0,87,105.69,105.69,0.0,2055.171402,0.0
2019-03-24,14,0,88,48.01,48.01,0.0,1287.687892,0.0
2019-03-24,14,0,89,46.16,46.16,0.0,1238.068592,0.0
2019-03-24,14,0,90,61.97,61.97,0.0,1662.112449,0.0
2019-03-24,14,0,91,221.07,221.07,0.0,5929.372262,0.0
2019-03-24,14,0,92,79.51,79.51,0.0,2132.557057,0.0
2019-03-24,14,0,95,110.19,110.19,0.0,2800.334881,0.0
2019-03-24,14,0,96,31.39,31.39,0.0,1267.04757,0.0
2019-03-24,14,0,97,210.51,210.51,0.0,8497.170559,0.0
2019-03-24,14,0,99,6.71,6.71,0.0,53.701765,0.0
2019-03-24,14,0,101,18.54,18.54,0.0,-18540.0,0.0
2019-03-24,14,0,102,25.87,25.87,0.0,413.942699,0.0
2019-03-24,14,0,103,22.5,22.5,0.0,360.019742,0.0
2019-03-24,14,0,104,4.21,4.21,0.0,67.363694,0.0
2019-03-24,14,0,106,379.59,379.59,0.0,-148084.864996,0.0
2019-03-24,14,0,109,60.0,60.0,0.0,200.06382,0.0
2019-03-24,14,0,110,133.06,133.06,0.0,282.226802,0.0
2019-03-24,14,0,111,27.2,27.2,0.0,-242.015214,0.0
2019-03-24,14,0,113,29.08,29.08,0.0,711.491738,0.0
2019-03-24,14,0,115,29.08,29.08,0.0,711.491738,0.0
2019-03-24,14,0,116,182.5,182.5,0.0,387.091472,0.0
2019-03-24,14,0,117,1.94,1.94,0.0,47.465405,0.0
2019-03-24,14,0,119,15.9,15.9,0.0,473.952583,0.0
2019-03-24,14,0,120,9.35,9.35,0.0,278.707966,0.0
2019-03-24,14,0,123,6.33,6.33,0.0,-2469.446496,0.0
2019-03-24,14,0,125,66.79,66.79,0.0,-26055.976535,0.0
2019-03-24,14,0,126,284.7,284.7,0.0,-111066.574631,0.0
2019-03-24,14,0,127,365.36,365.36,0.0,-142533.486854,0.0
2019-03-24,14,0,128,92.7,92.7,0.0,-36163.932098,0.0
2019-03-24,14,0,131,25.46,25.46,0.0,610.032213,0.0
2019-03-24,14,0,132,37.43,37.43,0.0,896.838403,0.0
2019-03-24,14,0,133,41.94,41.94,0.0,600.621025,0.0
2019-03-24,14,0,134,0.0,0.0,0.0,0.0,0.0
2019-03-24,14,0,135,56.2,56.2,0.0,804.837901,0.0
2019-03-24,14,0,136,45.9,45.9,0.0,646.407354,0.0
2019-03-24,14,0,139,22.9,22.9,0.0,-203.755456,0.0
2019-03-24,14,0,140,98.48,98.48,0.0,208.880921,0.0
2019-03-24,14,0,141,153.64,153.64,0.0,1933.428995,0.0
2019-03-24,14,0,142,637.62,637.62,0.0,8023.906508,0.0
2019-03-24,14,0,143,198.81,198.81,0.0,-198810.0,0.0
2019-03-24,14,0,145,56.12,56.12,0.0,-137.231398,0.0
2019-03-24,14,0,146,37.76,37.76,0.0,80.090816,0.0
2019-03-24,14,0,152,12.21,12.21,0.0,104.810476,0.0
2019-03-24,14,0,153,15.22,15.22,0.0,126.767047,0.0
2019-03-24,14,0,154,112.18,112.18,0.0,-998.134805,0.0
2019-03-24,14,0,157,18.56,18.56,0.0,233.561847,0.0
2019-03-24,14,0,158,507.99,507.99,0.0,6392.622984,0.0
2019-03-24,14,0,159,0.0,0.0,0.0,0.0,0.0
2019-03-24,14,0,160,3.95,3.95,0.0,37.463775,0.0
2019-03-24,14,0,161,91.66,91.66,0.0,1466.640424,0.0
2019-03-24,14,0,162,105.62,105.62,0.0,2688.018401,0.0
2019-03-24,14,0,163,17.4,17.4,0.0,36.906255,0.0
2019-03-24,14,0,164,33.06,33.06,0.0,-33060.0,0.0
2019-03-24,14,0,167,8.91,8.91,0.0,225.114297,0.0
2019-03-24,14,0,168,4.45,4.45,0.0,112.430822,0.0
2019-03-24,14,0,169,0.0,0.0,0.0,0.0,0.0
2019-03-24,14,0,170,9.74,9.74,0.0,246.08454,0.0
2019-03-24,14,0,172,11.75,11.75,0.0,286.045386,0.0
2019-03-24,14,0,173,17.9,17.9,0.0,435.762759,0.0
2019-03-24,14,0,188,15.6,15.6,0.0,410.307139,0.0
2019-03-24,14,0,190,14.23,14.23,0.0,424.172658,0.0
2019-03-24,14,0,191,36.77,36.77,0.0,1096.052609,0.0
2019-03-24,14,0,192,14.09,14.09,0.0,419.99949,0.0
2019-03-24,14,0,194,37.87,37.87,0.0,975.723424,0.0
2019-03-24,14,0,196,9.83,9.83,0.0,338.442754,0.0
2019-03-24,14,0,198,17.0,17.0,0.0,214.258085,0.0
2019-03-24,14,0,199,130.0,130.0,0.0,2921.093575,0.0
2019-03-24,14,0,200,29.37,29.37,0.0,659.942448,0.0
2019-03-24,14,0,204,257.1,257.1,0.0,747.130059,0.0
2019-03-24,14,0,205,317.4,317.4,0.0,1058.337607,0.0
2019-03-24,14,0,206,745.19,745.19,0.0,30079.362164,0.0
2019-03-24,14,0,210,3.61,3.61,0.0,24.261373,0.0
2019-03-24,14,0,214,20.83,20.83,0.0,468.250507,0.0
2019-03-24,14,0,217,13.75,13.75,0.0,215.074672,0.0
2019-03-24,14,0,218,18.98,18.98,0.0,296.881256,0.0
2019-03-24,14,0,219,12.93,12.93,0.0,202.2484,0.0
2019-03-24,14,0,221,11.11,11.11,0.0,249.74859,0.0
2019-03-24,14,0,225,10.82,10.82,0.0,54.914861,0.0
2019-03-24,14,0,233,11.71,11.71,0.0,227.704202,0.0
2019-03-24,14,0,236,54.44,54.44,0.0,626.481278,0.0
2019-03-24,14,0,237,83.44,83.44,0.0,667.790652,0.0
2019-03-24,14,0,238,126.04,126.04,0.0,1662.019162,0.0
2019-03-24,14,0,240,18.73,18.73,0.0,119.170613,0.0
2019-03-24,14,0,245,78.0,78.0,0.0,1174.922156,0.0
2019-03-24,14,0,247,171.72,171.72,0.0,2586.636316,0.0
2019-03-24,14,0,248,8.38,8.38,0.0,67.067182,0.0
2019-03-24,14,0,249,150.0,150.0,0.0,2259.465685,0.0
2019-03-24,14,0,251,326.4,326.4,0.0,4489.388707,0.0
2019-03-24,14,0,252,267.06,267.06,0.0,3764.029005,0.0
2019-03-24,14,0,254,27.51,27.51,0.0,210.946571,0.0
2019-03-24,14,0,255,12.61,12.61,0.0,96.69343,0.0
2019-03-24,14,0,258,23.01,23.01,0.0,148.992295,0.0
2019-03-24,14,0,260,9.59,9.59,0.0,90.956355,0.0
2019-03-24,14,0,265,116.15,116.15,0.0,-1033.458349,0.0
2019-03-24,14,0,266,14.83,14.83,0.0,-131.951677,0.0
2019-03-24,14,0,267,18.23,18.23,0.0,-162.203579,0.0
2019-03-24,14,0,270,60.48,60.48,0.0,128.281053,0.0
2019-03-24,14,0,272,97.18,97.18,0.0,2377.674247,0.0
2019-03-24,14,0,273,43.64,43.64,0.0,92.562585,0.0
2019-03-24,14,0,274,80.67,80.67,0.0,171.105036,0.0
2019-03-24,14,0,275,117.32,117.32,0.0,248.841488,0.0
2019-03-24,14,0,276,9.82,9.82,0.0,43.770087,0.0
2019-03-24,14,0,277,12.23,12.23,0.0,310.772574,0.0
2019-03-24,14,0,278,19.57,19.57,0.0,497.28694,0.0
2019-03-24,14,0,279,157.95,157.95,0.0,4013.616356,0.0
2019-03-24,14,0,281,46.12,46.12,0.0,-46120.0,0.0
2019-03-24,14,0,282,504.77,504.77,0.0,-504770.0,0.0
2019-03-24,15,0,9,4.54,4.54,0.0,-1769.225726,0.0
2019-03-24,15,0,17,69.3,69.3,0.0,1085.139153,0.0
2019-03-24,15,0,19,192.99,192.99,0.0,3021.948126,0.0
2019-03-24,15,0,20,234.06,234.06,0.0,3665.045745,0.0
2019-03-24,15,0,21,103.89,103.89,0.0,-40485.652134,0.0
2019-03-24,15,0,22,369.21,369.21,0.0,-143880.138842,0.0
2019-03-24,15,0,23,32.64,32.64,0.0,-12719.719758,0.0
2019-03-24,15,0,24,57.75,57.75,0.0,-22505.018873,0.0
2019-03-24,15,0,29,11.13,11.13,0.0,57.535777,0.0
2019-03-24,15,0,30,891.06,891.06,0.0,-891060.0,0.0
2019-03-24,15,0,31,95.53,95.53,0.0,-95530.0,0.0
2019-03-24,15,0,32,7.14,7.14,0.0,198.976714,0.0
2019-03-24,15,0,33,4.01,4.01,0.0,84.200791,0.0
2019-03-24,15,0,34,6.42,6.42,0.0,134.805256,0.0
2019-03-24,15,0,35,6.42,6.42,0.0,134.805256,0.0
2019-03-24,15,0,36,15.89,15.89,0.0,116.518438,0.0
2019-03-24,15,0,37,7.54,7.54,0.0,54.616931,0.0
2019-03-24,15,0,38,9.69,9.69,0.0,70.190724,0.0
2019-03-24,15,0,39,6.46,6.46,0.0,46.793816,0.0
2019-03-24,15,0,40,6.46,6.46,0.0,46.793816,0.0
2019-03-24,15,0,41,34.93,34.93,0.0,-281.388198,0.0
2019-03-24,15,0,42,92.86,92.86,0.0,1346.584911,0.0
2019-03-24,15,0,43,47.13,47.13,0.0,376.253934,0.0
2019-03-24,15,0,46,40.44,40.44,0.0,245.210527,0.0
2019-03-24,15,0,52,101.26,101.26,0.0,-101260.0,0.0
2019-03-24,15,0,53,160.87,160.87,0.0,-160870.0,0.0
2019-03-24,15,0,55,623.0,623.0,0.0,-242781.415722,0.0
2019-03-24,15,0,56,262.83,262.83,0.0,-262830.0,0.0
2019-03-24,15,0,57,250.01,250.01,0.0,-250010.0,0.0
2019-03-24,15,0,58,480.79,480.79,0.0,-480790.0,0.0
2019-03-24,15,0,59,472.77,472.77,0.0,-472770.0,0.0
2019-03-24,15,0,63,5.77,5.77,0.0,173.745604,0.0
2019-03-24,15,0,64,6.79,6.79,0.0,204.459731,0.0
2019-03-24,15,0,65,41.4,41.4,0.0,639.364401,0.0
2019-03-24,15,0,67,457.46,457.46,0.0,5759.788055,0.0
2019-03-24,15,0,68,15.98,15.98,0.0,254.95904,0.0
2019-03-24,15,0,69,4.01,4.01,0.0,84.200791,0.0
2019-03-24,15,0,74,59.8,59.8,0.0,546.718265,0.0
2019-03-24,15,0,77,50.16,50.16,0.0,1367.811362,0.0
2019-03-24,15,0,78,37.92,37.92,0.0,1034.039211,0.0
2019-03-24,15,0,79,21.95,21.95,0.0,598.553816,0.0
2019-03-24,15,0,80,35.49,35.49,0.0,967.775623,0.0
2019-03-24,15,0,81,46.4,46.4,0.0,1265.280048,0.0
2019-03-24,15,0,82,32.73,32.73,0.0,892.513275,0.0
2019-03-24,15,0,83,72.98,72.98,0.0,1990.089178,0.0
2019-03-24,15,0,84,0.0,0.0,0.0,0.0,0.0
2019-03-24,15,0,86,20.32,20.32,0.0,426.673334,0.0
2019-03-24,15,0,87,103.76,103.76,0.0,2178.721708,0.0
2019-03-24,15,0,88,40.72,40.72,0.0,1110.392318,0.0
2019-03-24,15,0,89,39.15,39.15,0.0,1067.58004,0.0
2019-03-24,15,0,90,52.56,52.56,0.0,1433.256882,0.0
2019-03-24,15,0,91,187.49,187.49,0.0,5112.658538,0.0
2019-03-24,15,0,92,67.43,67.43,0.0,1838.746414,0.0
2019-03-24,15,0,95,84.02,84.02,0.0,2135.258523,0.0
2019-03-24,15,0,96,26.67,26.67,0.0,1095.462589,0.0
2019-03-24,15,0,97,164.02,164.02,0.0,6737.074382,0.0
2019-03-24,15,0,99,11.54,11.54,0.0,105.503826,0.0
2019-03-24,15,0,101,17.95,17.95,0.0,-17950.0,0.0
2019-03-24,15,0,102,37.85,37.85,0.0,603.892344,0.0
2019-03-24,15,0,103,32.91,32.91,0.0,525.075219,0.0
2019-03-24,15,0,104,6.11,6.11,0.0,97.484339,0.0
2019-03-24,15,0,106,363.45,363.45,0.0,-141635.482414,0.0
2019-03-24,15,0,109,60.0,60.0,0.0,254.807205,0.0
2019-03-24,15,0,110,124.65,124.65,0.0,285.312928,0.0
2019-03-24,15,0,111,26.43,26.43,0.0,-212.914116,0.0
2019-03-24,15,0,113,23.92,23.92,0.0,594.283674,0.0
2019-03-24,15,0,115,23.92,23.92,0.0,594.283674,0.0
2019-03-24,15,0,116,174.53,174.53,0.0,399.483878,0.0
2019-03-24,15,0,117,1.59,1.59,0.0,39.50297,0.0
2019-03-24,15,0,119,6.79,6.79,0.0,204.459731,0.0
2019-03-24,15,0,120,3.99,3.99,0.0,120.14644,0.0
2019-03-24,15,0,123,6.06,6.06,0.0,-2361.565617,0.0
2019-03-24,15,0,125,52.26,52.26,0.0,-20365.580715,0.0
2019-03-24,15,0,126,272.59,272.59,0.0,-106227.586054,0.0
2019-03-24,15,0,127,349.82,349.82,0.0,-136323.908263,0.0
2019-03-24,15,0,128,74.85,74.85,0.0,-29168.842643,0.0
2019-03-24,15,0,131,54.05,54.05,0.0,1319.896791,0.0
2019-03-24,15,0,132,79.55,79.55,0.0,1942.604805,0.0
2019-03-24,15,0,133,41.94,41.94,0.0,657.570083,0.0
2019-03-24,15,0,134,0.0,0.0,0.0,0.0,0.0
2019-03-24,15,0,135,56.2,56.2,0.0,881.150183,0.0
2019-03-24,15,0,136,45.9,45.9,0.0,708.318798,0.0
2019-03-24,15,0,139,45.42,45.42,0.0,-365.893271,0.0
2019-03-24,15,0,140,92.26,92.26,0.0,211.175056,0.0
2019-03-24,15,0,141,135.75,135.75,0.0,1709.201304,0.0
2019-03-24,15,0,142,603.27,603.27,0.0,7595.652822,0.0
2019-03-24,15,0,143,193.15,193.15,0.0,-193150.0,0.0
2019-03-24,15,0,145,26.14,26.14,0.0,-43.862155,0.0
2019-03-24,15,0,146,29.46,29.46,0.0,67.431359,0.0
2019-03-24,15,0,152,11.81,11.81,0.0,114.687173,0.0
2019-03-24,15,0,153,14.67,14.67,0.0,138.565213,0.0
2019-03-24,15,0,154,109.03,109.03,0.0,-878.321079,0.0
2019-03-24,15,0,157,19.05,19.05,0.0,239.854769,0.0
2019-03-24,15,0,158,487.06,487.06,0.0,6132.475779,0.0
2019-03-24,15,0,159,0.0,0.0,0.0,0.0,0.0
2019-03-24,15,0,160,3.76,3.76,0.0,38.941228,0.0
2019-03-24,15,0,161,87.5,87.5,0.0,1396.052315,0.0
2019-03-24,15,0,162,72.8,72.8,0.0,1852.763342,0.0
2019-03-24,15,0,163,5.41,5.41,0.0,12.383016,0.0
2019-03-24,15,0,164,32.24,32.24,0.0,-32240.0,0.0
2019-03-24,15,0,167,8.17,8.17,0.0,206.305005,0.0
2019-03-24,15,0,168,4.08,4.08,0.0,103.026245,0.0
2019-03-24,15,0,169,0.0,0.0,0.0,0.0,0.0
2019-03-24,15,0,170,8.93,8.93,0.0,225.496168,0.0
2019-03-24,15,0,172,10.95,10.95,0.0,268.844818,0.0
2019-03-24,15,0,173,16.69,16.69,0.0,409.773517,0.0
2019-03-24,15,0,188,14.71,14.71,0.0,390.997549,0.0
2019-03-24,15,0,190,13.68,13.68,0.0,411.930651,0.0
2019-03-24,15,0,191,35.33,35.33,0.0,1063.853064,0.0
2019-03-24,15,0,192,8.72,8.72,0.0,262.575678,0.0
2019-03-24,15,0,194,30.13,30.13,0.0,786.660774,0.0
2019-03-24,15,0,196,9.27,9.27,0.0,322.232448,0.0
2019-03-24,15,0,198,16.26,16.26,0.0,215.793197,0.0
2019-03-24,15,0,199,121.4,121.4,0.0,2753.747477,0.0
2019-03-24,15,0,200,27.81,27.81,0.0,630.821395,0.0
2019-03-24,15,0,204,257.1,257.1,0.0,976.796658,0.0
2019-03-24,15,0,205,317.4,317.4,0.0,1347.930116,0.0
2019-03-24,15,0,206,481.95,481.95,0.0,19795.9578,0.0
2019-03-24,15,0,210,3.43,3.43,0.0,22.657469,0.0
2019-03-24,15,0,214,19.73,19.73,0.0,476.440395,0.0
2019-03-24,15,0,217,12.97,12.97,0.0,215.543175,0.0
2019-03-24,15,0,218,17.89,17.89,0.0,297.306661,0.0
2019-03-24,15,0,219,12.19,12.19,0.0,202.580671,0.0
2019-03-24,15,0,221,10.52,10.52,0.0,254.03715,0.0
2019-03-24,15,0,225,10.0,10.0,0.0,50.307295,0.0
2019-03-24,15,0,233,11.5,11.5,0.0,241.473589,0.0
2019-03-24,15,0,236,83.69,83.69,0.0,1067.510421,0.0
2019-03-24,15,0,237,143.46,143.46,0.0,1311.57529,0.0
2019-03-24,15,0,238,120.87,120.87,0.0,1752.764573,0.0
2019-03-24,15,0,240,18.01,18.01,0.0,132.064006,0.0
2019-03-24,15,0,245,78.0,78.0,0.0,1283.033818,0.0
2019-03-24,15,0,247,171.72,171.72,0.0,2824.648298,0.0
2019-03-24,15,0,248,14.4,14.4,0.0,131.651221,0.0
2019-03-24,15,0,249,150.0,150.0,0.0,2467.372727,0.0
2019-03-24,15,0,251,326.4,326.4,0.0,4925.574524,0.0
2019-03-24,15,0,252,267.06,267.06,0.0,4124.363694,0.0
2019-03-24,15,0,254,26.35,26.35,0.0,226.053712,0.0
2019-03-24,15,0,255,12.08,12.08,0.0,103.632973,0.0
2019-03-24,15,0,258,21.99,21.99,0.0,163.558925,0.0
2019-03-24,15,0,260,9.13,9.13,0.0,94.556758,0.0
2019-03-24,15,0,265,112.88,112.88,0.0,-909.33581,0.0
2019-03-24,15,0,266,29.05,29.05,0.0,-234.020245,0.0
2019-03-24,15,0,267,35.92,35.92,0.0,-289.363415,0.0
2019-03-24,15,0,270,17.65,17.65,0.0,40.399304,0.0
2019-03-24,15,0,272,79.93,79.93,0.0,1985.83169,0.0
2019-03-24,15,0,273,41.74,41.74,0.0,95.539203,0.0
2019-03-24,15,0,274,23.25,23.25,0.0,53.217213,0.0
2019-03-24,15,0,275,33.37,33.37,0.0,76.381006,0.0
2019-03-24,15,0,276,9.49,9.49,0.0,43.550623,0.0
2019-03-24,15,0,277,11.74,11.74,0.0,303.086752,0.0
2019-03-24,15,0,278,18.78,18.78,0.0,484.835537,0.0
2019-03-24,15,0,279,127.69,127.69,0.0,3296.520218,0.0
2019-03-24,15,0,281,42.87,42.87,0.0,-42870.0,0.0
2019-03-24,15,0,282,488.8,488.8,0.0,-488800.0,0.0
2019-03-24,16,0,9,4.02,4.02,0.0,-1559.29176,0.0
2019-03-24,16,0,17,58.62,58.62,0.0,986.842102,0.0
2019-03-24,16,0,19,332.0,332.0,0.0,5589.075025,0.0
2019-03-24,16,0,20,419.03,419.03,0.0,7054.187072,0.0
2019-03-24,16,0,21,91.82,91.82,0.0,-35615.46502,0.0
2019-03-24,16,0,22,326.31,326.31,0.0,-126570.27217,0.0
2019-03-24,16,0,23,32.64,32.64,0.0,-12660.518169,0.0
2019-03-24,16,0,24,57.75,57.75,0.0,-22400.273414,0.0
2019-03-24,16,0,29,9.19,9.19,0.0,46.329459,0.0
2019-03-24,16,0,30,759.35,759.35,0.0,-759350.0,0.0
2019-03-24,16,0,31,89.62,89.62,0.0,-89620.0,0.0
2019-03-24,16,0,32,6.08,6.08,0.0,157.493947,0.0
2019-03-24,16,0,33,3.41,3.41,0.0,74.575953,0.0
2019-03-24,16,0,34,5.46,5.46,0.0,119.409004,0.0
2019-03-24,16,0,35,5.46,5.46,0.0,119.409004,0.0
2019-03-24,16,0,36,13.87,13.87,0.0,124.30509,0.0
2019-03-24,16,0,37,6.62,6.62,0.0,58.762413,0.0
2019-03-24,16,0,38,8.51,8.51,0.0,75.538993,0.0
2019-03-24,16,0,39,5.68,5.68,0.0,50.418505,0.0
2019-03-24,16,0,40,5.68,5.68,0.0,50.418505,0.0
2019-03-24,16,0,41,56.96,56.96,0.0,-325.583122,0.0
2019-03-24,16,0,42,79.88,79.88,0.0,1257.5592,0.0
2019-03-24,16,0,43,41.65,41.65,0.0,396.452745,0.0
2019-03-24,16,0,46,34.49,34.49,0.0,269.621846,0.0
2019-03-24,16,0,52,94.99,94.99,0.0,-94990.0,0.0
2019-03-24,16,0,53,150.91,150.91,0.0,-150910.0,0.0
2019-03-24,16,0,55,623.0,623.0,0.0,-241651.434409,0.0
2019-03-24,16,0,56,223.98,223.98,0.0,-223980.0,0.0
2019-03-24,16,0,57,213.05,213.05,0.0,-213050.0,0.0
2019-03-24,16,0,58,409.72,409.72,0.0,-409720.0,0.0
2019-03-24,16,0,59,402.89,402.89,0.0,-402890.0,0.0
2019-03-24,16,0,63,2.06,2.06,0.0,56.009587,0.0
2019-03-24,16,0,64,2.42,2.42,0.0,65.79767,0.0
2019-03-24,16,0,65,41.4,41.4,0.0,688.557008,0.0
2019-03-24,16,0,67,420.37,420.37,0.0,5527.055826,0.0
2019-03-24,16,0,68,12.96,12.96,0.0,156.825602,0.0
2019-03-24,16,0,69,3.41,3.41,0.0,74.575953,0.0
2019-03-24,16,0,74,59.38,59.38,0.0,634.092487,0.0
2019-03-24,16,0,77,42.87,42.87,0.0,1349.076615,0.0
2019-03-24,16,0,78,32.41,32.41,0.0,1019.910732,0.0
2019-03-24,16,0,79,18.75,18.75,0.0,590.044006,0.0
2019-03-24,16,0,80,30.33,30.33,0.0,954.455184,0.0
2019-03-24,16,0,81,39.65,39.65,0.0,1247.746391,0.0
2019-03-24,16,0,82,27.97,27.97,0.0,880.188312,0.0
2019-03-24,16,0,83,62.37,62.37,0.0,1962.722381,0.0
2019-03-24,16,0,84,0.0,0.0,0.0,0.0,0.0
2019-03-24,16,0,86,17.3,17.3,0.0,378.347211,0.0
2019-03-24,16,0,87,88.31,88.31,0.0,1931.320359,0.0
2019-03-24,16,0,88,34.26,34.26,0.0,1078.128408,0.0
2019-03-24,16,0,89,32.93,32.93,0.0,1036.27462,0.0
2019-03-24,16,0,90,44.22,44.22,0.0,1391.559784,0.0
2019-03-24,16,0,91,157.73,157.73,0.0,4963.607523,0.0
2019-03-24,16,0,92,56.73,56.73,0.0,1785.237144,0.0
2019-03-24,16,0,95,62.34,62.34,0.0,1584.289649,0.0
2019-03-24,16,0,96,22.07,22.07,0.0,975.522568,0.0
2019-03-24,16,0,97,135.71,135.71,0.0,5998.557664,0.0
2019-03-24,16,0,99,13.02,13.02,0.0,139.034762,0.0
2019-03-24,16,0,101,15.3,15.3,0.0,-15300.0,0.0
2019-03-24,16,0,102,30.68,30.68,0.0,371.250731,0.0
2019-03-24,16,0,103,26.68,26.68,0.0,322.847768,0.0
2019-03-24,16,0,104,4.95,4.95,0.0,59.898668,0.0
2019-03-24,16,0,106,321.23,321.23,0.0,-124599.823877,0.0
2019-03-24,16,0,109,60.0,60.0,0.0,372.81265,0.0
2019-03-24,16,0,110,119.39,119.39,0.0,1952.664107,0.0
2019-03-24,16,0,111,23.18,23.18,0.0,-132.496783,0.0
2019-03-24,16,0,113,19.47,19.47,0.0,552.720392,0.0
2019-03-24,16,0,115,19.47,19.47,0.0,552.720392,0.0
2019-03-24,16,0,116,150.86,150.86,0.0,2467.366674,0.0
2019-03-24,16,0,117,1.3,1.3,0.0,36.904803,0.0
2019-03-24,16,0,119,2.42,2.42,0.0,65.79767,0.0
2019-03-24,16,0,120,1.42,1.42,0.0,38.60855,0.0
2019-03-24,16,0,123,5.35,5.35,0.0,-2075.176844,0.0
2019-03-24,16,0,125,52.26,52.26,0.0,-20270.792877,0.0
2019-03-24,16,0,126,240.92,240.92,0.0,-93448.898199,0.0
2019-03-24,16,0,127,309.18,309.18,0.0,-119925.827433,0.0
2019-03-24,16,0,128,74.85,74.85,0.0,-29033.081646,0.0
2019-03-24,16,0,131,18.93,18.93,0.0,590.391693,0.0
2019-03-24,16,0,132,27.83,27.83,0.0,867.966235,0.0
2019-03-24,16,0,133,50.5,50.5,0.0,851.110113,0.0
2019-03-24,16,0,134,0.0,0.0,0.0,0.0,0.0
2019-03-24,16,0,135,64.2,64.2,0.0,1082.005332,0.0
2019-03-24,16,0,136,45.9,45.9,0.0,762.889265,0.0
2019-03-24,16,0,139,74.17,74.17,0.0,-423.95541,0.0
2019-03-24,16,0,140,88.36,88.36,0.0,1445.15789,0.0
2019-03-24,16,0,141,120.75,120.75,0.0,1587.629924,0.0
2019-03-24,16,0,142,554.37,554.37,0.0,7288.897728,0.0
2019-03-24,16,0,143,188.57,188.57,0.0,-188570.0,0.0
2019-03-24,16,0,145,21.85,21.85,0.0,20.175133,0.0
2019-03-24,16,0,146,25.07,25.07,0.0,410.028387,0.0
2019-03-24,16,0,152,10.37,10.37,0.0,116.477739,0.0
2019-03-24,16,0,153,12.91,12.91,0.0,141.780076,0.0
2019-03-24,16,0,154,95.62,95.62,0.0,-546.56352,0.0
2019-03-24,16,0,157,21.37,21.37,0.0,280.974339,0.0
2019-03-24,16,0,158,436.49,436.49,0.0,5739.002777,0.0
2019-03-24,16,0,159,0.0,0.0,0.0,0.0,0.0
2019-03-24,16,0,160,3.21,3.21,0.0,37.220127,0.0
2019-03-24,16,0,161,76.7,76.7,0.0,928.126828,0.0
2019-03-24,16,0,162,47.52,47.52,0.0,1208.679704,0.0
2019-03-24,16,0,163,0.0,0.0,0.0,0.0,0.0
2019-03-24,16,0,164,28.65,28.65,0.0,-28650.0,0.0
2019-03-24,16,0,167,6.6,6.6,0.0,167.403593,0.0
2019-03-24,16,0,168,3.3,3.3,0.0,83.701796,0.0
2019-03-24,16,0,169,0.0,0.0,0.0,0.0,0.0
2019-03-24,16,0,170,7.22,7.22,0.0,183.129385,0.0
2019-03-24,16,0,172,9.14,9.14,0.0,217.480889,0.0
2019-03-24,16,0,173,13.92,13.92,0.0,331.218159,0.0
2019-03-24,16,0,188,12.47,12.47,0.0,316.286353,0.0
2019-03-24,16,0,190,11.63,11.63,0.0,316.209466,0.0
2019-03-24,16,0,191,30.05,30.05,0.0,817.033056,0.0
2019-03-24,16,0,192,15.42,15.42,0.0,419.25623,0.0
2019-03-24,16,0,194,23.7,23.7,0.0,648.206892,0.0
2019-03-24,16,0,196,7.85,7.85,0.0,227.343961,0.0
2019-03-24,16,0,198,13.7,13.7,0.0,191.699542,0.0
2019-03-24,16,0,199,106.67,106.67,0.0,2397.240068,0.0
2019-03-24,16,0,200,24.11,24.11,0.0,541.834237,0.0
2019-03-24,16,0,204,257.1,257.1,0.0,1493.956276,0.0
2019-03-24,16,0,205,317.4,317.4,0.0,1972.178919,0.0
2019-03-24,16,0,206,398.77,398.77,0.0,17626.15017,0.0
2019-03-24,16,0,210,2.89,2.89,0.0,19.015635,0.0
2019-03-24,16,0,214,16.65,16.65,0.0,413.592404,0.0
2019-03-24,16,0,217,11.06,11.06,0.0,186.992864,0.0
2019-03-24,16,0,218,15.26,15.26,0.0,258.002813,0.0
2019-03-24,16,0,219,10.39,10.39,0.0,175.665087,0.0
2019-03-24,16,0,221,8.88,8.88,0.0,220.582616,0.0
2019-03-24,16,0,225,8.28,8.28,0.0,40.511651,0.0
2019-03-24,16,0,233,9.79,9.79,0.0,214.105156,0.0
2019-03-24,16,0,236,99.24,99.24,0.0,1399.128196,0.0
2019-03-24,16,0,237,135.8,135.8,0.0,1450.14752,0.0
2019-03-24,16,0,238,103.97,103.97,0.0,1636.810592,0.0
2019-03-24,16,0,240,15.72,15.72,0.0,140.885077,0.0
2019-03-24,16,0,245,78.0,78.0,0.0,1371.250936,0.0
2019-03-24,16,0,247,171.72,171.72,0.0,3018.861676,0.0
2019-03-24,16,0,248,15.99,15.99,0.0,170.750065,0.0
2019-03-24,16,0,249,150.0,150.0,0.0,2637.021031,0.0
2019-03-24,16,0,251,326.4,326.4,0.0,5319.969921,0.0
2019-03-24,16,0,252,267.06,267.06,0.0,4441.691658,0.0
2019-03-24,16,0,254,22.05,22.05,0.0,221.375629,0.0
2019-03-24,16,0,255,10.11,10.11,0.0,101.501479,0.0
2019-03-24,16,0,258,19.16,19.16,0.0,173.437034,0.0
2019-03-24,16,0,260,7.8,7.8,0.0,90.44143,0.0
2019-03-24,16,0,265,99.0,99.0,0.0,-565.883586,0.0
2019-03-24,16,0,266,47.29,47.29,0.0,-270.309442,0.0
2019-03-24,16,0,267,58.59,58.59,0.0,-334.900195,0.0
2019-03-24,16,0,270,0.0,0.0,0.0,0.0,0.0
2019-03-24,16,0,272,65.07,65.07,0.0,1847.227318,0.0
2019-03-24,16,0,273,36.07,36.07,0.0,589.937133,0.0
2019-03-24,16,0,274,0.0,0.0,0.0,0.0,0.0
2019-03-24,16,0,275,0.0,0.0,0.0,0.0,0.0
2019-03-24,16,0,276,8.14,8.14,0.0,127.303296,0.0
2019-03-24,16,0,277,10.1,10.1,0.0,299.196478,0.0
2019-03-24,16,0,278,16.15,16.15,0.0,478.418131,0.0
2019-03-24,16,0,279,231.56,231.56,0.0,6859.597673,0.0
2019-03-24,16,0,281,40.22,40.22,0.0,-40220.0,0.0
2019-03-24,16,0,282,416.55,416.55,0.0,-416550.0,0.0
2019-03-24,17,0,9,3.11,3.11,0.0,-1193.402777,0.0
2019-03-24,17,0,17,43.93,43.93,0.0,1472.118295,0.0
2019-03-24,17,0,19,284.63,284.63,0.0,9538.106765,0.0
2019-03-24,17,0,20,342.76,342.76,0.0,11486.074815,0.0
2019-03-24,17,0,21,71.14,71.14,0.0,-27298.60886,0.0
2019-03-24,17,0,22,252.82,252.82,0.0,-97014.819961,0.0
2019-03-24,17,0,23,47.2,47.2,0.0,-18112.093593,0.0
2019-03-24,17,0,24,83.96,83.96,0.0,-32218.037671,0.0
2019-03-24,17,0,29,6.71,6.71,0.0,23.030082,0.0
2019-03-24,17,0,30,591.48,591.48,0.0,-591480.0,0.0
2019-03-24,17,0,31,94.85,94.85,0.0,-94850.0,0.0
2019-03-24,17,0,32,4.59,4.59,0.0,128.841881,0.0
2019-03-24,17,0,33,2.56,2.56,0.0,108.088755,0.0
2019-03-24,17,0,34,4.09,4.09,0.0,172.688675,0.0
2019-03-24,17,0,35,4.09,4.09,0.0,172.688675,0.0
2019-03-24,17,0,36,10.67,10.67,0.0,189.560622,0.0
2019-03-24,17,0,37,5.09,5.09,0.0,87.818434,0.0
2019-03-24,17,0,38,6.54,6.54,0.0,112.835473,0.0
2019-03-24,17,0,39,4.36,4.36,0.0,75.223649,0.0
2019-03-24,17,0,40,4.36,4.36,0.0,75.223649,0.0
2019-03-24,17,0,41,26.02,26.02,0.0,72.437965,0.0
2019-03-24,17,0,42,60.62,60.62,0.0,1916.936042,0.0
2019-03-24,17,0,43,32.23,32.23,0.0,541.528612,0.0
2019-03-24,17,0,46,26.46,26.46,0.0,412.410866,0.0
2019-03-24,17,0,52,100.54,100.54,0.0,-100540.0,0.0
2019-03-24,17,0,53,159.72,159.72,0.0,-159720.0,0.0
2019-03-24,17,0,55,623.0,623.0,0.0,-239064.286193,0.0
2019-03-24,17,0,56,174.46,174.46,0.0,-174460.0,0.0
2019-03-24,17,0,57,165.95,165.95,0.0,-165950.0,0.0
2019-03-24,17,0,58,319.14,319.14,0.0,-319140.0,0.0
2019-03-24,17,0,59,313.82,313.82,0.0,-313820.0,0.0
2019-03-24,17,0,63,2.28,2.28,0.0,65.016608,0.0
2019-03-24,17,0,64,2.69,2.69,0.0,76.70819,0.0
2019-03-24,17,0,65,41.4,41.4,0.0,1372.81398,0.0
2019-03-24,17,0,67,321.76,321.76,0.0,10707.340002,0.0
2019-03-24,17,0,68,8.34,8.34,0.0,285.717234,0.0
2019-03-24,17,0,69,2.56,2.56,0.0,108.088755,0.0
2019-03-24,17,0,74,58.4,58.4,0.0,1363.08622,0.0
2019-03-24,17,0,77,41.9,41.9,0.0,1513.066344,0.0
2019-03-24,17,0,78,31.68,31.68,0.0,1144.008157,0.0
2019-03-24,17,0,79,18.33,18.33,0.0,661.921386,0.0
2019-03-24,17,0,80,29.64,29.64,0.0,1070.340965,0.0
2019-03-24,17,0,81,38.76,38.76,0.0,1399.676647,0.0
2019-03-24,17,0,82,27.34,27.34,0.0,987.284818,0.0
2019-03-24,17,0,83,60.96,60.96,0.0,2201.34903,0.0
2019-03-24,17,0,84,0.0,0.0,0.0,0.0,0.0
2019-03-24,17,0,86,12.95,12.95,0.0,546.777099,0.0
2019-03-24,17,0,87,66.12,66.12,0.0,2791.729869,0.0
2019-03-24,17,0,88,28.74,28.74,0.0,1037.840734,0.0
2019-03-24,17,0,89,27.62,27.62,0.0,997.396001,0.0
2019-03-24,17,0,90,37.09,37.09,0.0,1339.370661,0.0
2019-03-24,17,0,91,132.31,132.31,0.0,4777.895179,0.0
2019-03-24,17,0,92,47.58,47.58,0.0,1718.178918,0.0
2019-03-24,17,0,95,44.95,44.95,0.0,1142.34552,0.0
2019-03-24,17,0,96,22.21,22.21,0.0,1137.499747,0.0
2019-03-24,17,0,97,136.59,136.59,0.0,6995.546618,0.0
2019-03-24,17,0,99,11.88,11.88,0.0,277.285348,0.0
2019-03-24,17,0,101,11.91,11.91,0.0,-11910.0,0.0
2019-03-24,17,0,102,19.73,19.73,0.0,675.923385,0.0
2019-03-24,17,0,103,17.16,17.16,0.0,587.878626,0.0
2019-03-24,17,0,104,3.2,3.2,0.0,109.627716,0.0
2019-03-24,17,0,106,248.87,248.87,0.0,-95499.083315,0.0
2019-03-24,17,0,109,53.36,53.36,0.0,792.990692,0.0
2019-03-24,17,0,110,71.32,71.32,0.0,2159.035689,0.0
2019-03-24,17,0,111,18.19,18.19,0.0,50.639761,0.0
2019-03-24,17,0,113,15.28,15.28,0.0,502.856578,0.0
2019-03-24,17,0,115,15.28,15.28,0.0,502.856578,0.0
2019-03-24,17,0,116,114.64,114.64,0.0,3470.44099,0.0
2019-03-24,17,0,117,1.02,1.02,0.0,33.567651,0.0
2019-03-24,17,0,119,2.69,2.69,0.0,76.70819,0.0
2019-03-24,17,0,120,1.58,1.58,0.0,45.055368,0.0
2019-03-24,17,0,123,4.15,4.15,0.0,-1592.482805,0.0
2019-03-24,17,0,125,75.89,75.89,0.0,-29121.330143,0.0
2019-03-24,17,0,126,186.66,186.66,0.0,-71627.190467,0.0
2019-03-24,17,0,127,239.54,239.54,0.0,-91918.874984,0.0
2019-03-24,17,0,128,109.23,109.23,0.0,-41914.914897,0.0
2019-03-24,17,0,131,20.91,20.91,0.0,721.828312,0.0
2019-03-24,17,0,132,30.74,30.74,0.0,1061.167016,0.0
2019-03-24,17,0,133,111.85,111.85,0.0,3751.851189,0.0
2019-03-24,17,0,134,0.0,0.0,0.0,0.0,0.0
2019-03-24,17,0,135,146.43,146.43,0.0,4911.788732,0.0
2019-03-24,17,0,136,45.9,45.9,0.0,1521.148969,0.0
2019-03-24,17,0,139,33.6,33.6,0.0,93.540185,0.0
2019-03-24,17,0,140,52.78,52.78,0.0,1597.783282,0.0
2019-03-24,17,0,141,151.05,151.05,0.0,5026.553044,0.0
2019-03-24,17,0,142,424.32,424.32,0.0,14120.27135,0.0
2019-03-24,17,0,143,199.07,199.07,0.0,-199070.0,0.0
2019-03-24,17,0,145,15.66,15.66,0.0,131.109852,0.0
2019-03-24,17,0,146,11.08,11.08,0.0,335.419454,0.0
2019-03-24,17,0,152,7.89,7.89,0.0,185.592155,0.0
2019-03-24,17,0,153,9.85,9.85,0.0,227.245852,0.0
2019-03-24,17,0,154,75.05,75.05,0.0,208.934253,0.0
2019-03-24,17,0,157,27.99,27.99,0.0,931.434755,0.0
2019-03-24,17,0,158,351.17,351.17,0.0,11686.028681,0.0
2019-03-24,17,0,159,0.0,0.0,0.0,0.0,0.0
2019-03-24,17,0,160,2.45,2.45,0.0,40.303539,0.0
2019-03-24,17,0,161,58.49,58.49,0.0,2003.789094,0.0
2019-03-24,17,0,162,32.48,32.48,0.0,826.032198,0.0
2019-03-24,17,0,163,0.0,0.0,0.0,0.0,0.0
2019-03-24,17,0,164,22.24,22.24,0.0,-22240.0,0.0
2019-03-24,17,0,167,5.04,5.04,0.0,127.501906,0.0
2019-03-24,17,0,168,2.52,2.52,0.0,63.750953,0.0
2019-03-24,17,0,169,0.0,0.0,0.0,0.0,0.0
2019-03-24,17,0,170,5.51,5.51,0.0,139.391965,0.0
2019-03-24,17,0,172,6.99,6.99,0.0,174.632682,0.0
2019-03-24,17,0,173,10.66,10.66,0.0,266.321086,0.0
2019-03-24,17,0,188,9.59,9.59,0.0,259.290282,0.0
2019-03-24,17,0,190,8.87,8.87,0.0,252.937416,0.0
2019-03-24,17,0,191,22.91,22.91,0.0,653.302842,0.0
2019-03-24,17,0,192,10.87,10.87,0.0,309.969528,0.0
2019-03-24,17,0,194,19.02,19.02,0.0,583.009638,0.0
2019-03-24,17,0,196,5.98,5.98,0.0,176.375795,0.0
2019-03-24,17,0,198,10.49,10.49,0.0,158.007752,0.0
2019-03-24,17,0,199,85.99,85.99,0.0,2084.107162,0.0
2019-03-24,17,0,200,18.35,18.35,0.0,444.742021,0.0
2019-03-24,17,0,204,213.76,213.76,0.0,3025.17599,0.0
2019-03-24,17,0,205,282.28,282.28,0.0,4195.003982,0.0
2019-03-24,17,0,206,401.36,401.36,0.0,20555.916177,0.0
2019-03-24,17,0,210,2.16,2.16,0.0,11.287222,0.0
2019-03-24,17,0,214,12.58,12.58,0.0,596.028958,0.0
2019-03-24,17,0,217,8.26,8.26,0.0,245.76897,0.0
2019-03-24,17,0,218,11.4,11.4,0.0,339.196884,0.0
2019-03-24,17,0,219,7.76,7.76,0.0,230.891914,0.0
2019-03-24,17,0,221,6.71,6.71,0.0,317.913697,0.0
2019-03-24,17,0,225,6.13,6.13,0.0,19.977747,0.0
2019-03-24,17,0,233,7.33,7.33,0.0,309.488505,0.0
2019-03-24,17,0,236,122.63,122.63,0.0,3519.796873,0.0
2019-03-24,17,0,237,144.31,144.31,0.0,3368.270076,0.0
2019-03-24,17,0,238,78.91,78.91,0.0,2495.305561,0.0
2019-03-24,17,0,240,12.09,12.09,0.0,214.787996,0.0
2019-03-24,17,0,245,78.0,78.0,0.0,2714.438798,0.0
2019-03-24,17,0,247,171.72,171.72,0.0,5975.941415,0.0
2019-03-24,17,0,248,14.68,14.68,0.0,342.638796,0.0
2019-03-24,17,0,249,150.0,150.0,0.0,5220.074612,0.0
2019-03-24,17,0,251,326.4,326.4,0.0,10635.359495,0.0
2019-03-24,17,0,252,267.06,267.06,0.0,8855.644965,0.0
2019-03-24,17,0,254,16.87,16.87,0.0,281.961481,0.0
2019-03-24,17,0,255,7.73,7.73,0.0,129.197525,0.0
2019-03-24,17,0,258,14.79,14.79,0.0,260.453419,0.0
2019-03-24,17,0,260,5.96,5.96,0.0,98.044528,0.0
2019-03-24,17,0,265,77.7,77.7,0.0,216.311678,0.0
2019-03-24,17,0,266,21.76,21.76,0.0,60.578406,0.0
2019-03-24,17,0,267,26.74,26.74,0.0,74.442397,0.0
2019-03-24,17,0,270,0.0,0.0,0.0,0.0,0.0
2019-03-24,17,0,272,51.05,51.05,0.0,1680.02803,0.0
2019-03-24,17,0,273,27.41,27.41,0.0,829.769605,0.0
2019-03-24,17,0,274,0.0,0.0,0.0,0.0,0.0
2019-03-24,17,0,275,0.0,0.0,0.0,0.0,0.0
2019-03-24,17,0,276,6.11,6.11,0.0,189.064444,0.0
2019-03-24,17,0,277,7.68,7.68,0.0,262.603453,0.0
2019-03-24,17,0,278,12.29,12.29,0.0,420.233911,0.0
2019-03-24,17,0,279,86.24,86.24,0.0,2948.817943,0.0
2019-03-24,17,0,281,42.57,42.57,0.0,-42570.0,0.0
2019-03-24,17,0,282,324.46,324.46,0.0,-324460.0,0.0
2019-03-24,18,0,9,1.95,1.95,0.0,45.923279,0.0
2019-03-24,18,0,17,27.4,27.4,0.0,851.451656,0.0
2019-03-24,18,0,19,332.94,332.94,0.0,10346.069873,0.0
2019-03-24,18,0,20,405.43,405.43,0.0,12598.687777,0.0
2019-03-24,18,0,21,44.53,44.53,0.0,1048.699284,0.0
2019-03-24,18,0,22,158.27,158.27,0.0,3727.321709,0.0
2019-03-24,18,0,23,94.93,94.93,0.0,2235.639412,0.0
2019-03-24,18,0,24,168.46,168.46,0.0,3967.300278,0.0
2019-03-24,18,0,29,4.19,4.19,0.0,44.534629,0.0
2019-03-24,18,0,30,382.93,382.93,0.0,9006.054608,0.0
2019-03-24,18,0,31,74.22,74.22,0.0,1745.565438,0.0
2019-03-24,18,0,32,2.9,2.9,0.0,62.238689,0.0
2019-03-24,18,0,33,1.6,1.6,0.0,53.184531,0.0
2019-03-24,18,0,34,2.56,2.56,0.0,85.09525,0.0
2019-03-24,18,0,35,2.56,2.56,0.0,85.09525,0.0
2019-03-24,18,0,36,6.74,6.74,0.0,180.527491,0.0
2019-03-24,18,0,37,3.13,3.13,0.0,83.223026,0.0
2019-03-24,18,0,38,4.02,4.02,0.0,106.887082,0.0
2019-03-24,18,0,39,2.68,2.68,0.0,71.258054,0.0
2019-03-24,18,0,40,2.68,2.68,0.0,71.258054,0.0
2019-03-24,18,0,41,29.0,29.0,0.0,736.415778,0.0
2019-03-24,18,0,42,36.1,36.1,0.0,1104.857953,0.0
2019-03-24,18,0,43,19.83,19.83,0.0,521.000315,0.0
2019-03-24,18,0,46,16.85,16.85,0.0,439.927217,0.0
2019-03-24,18,0,52,78.68,78.68,0.0,1850.459292,0.0
2019-03-24,18,0,53,125.02,125.02,0.0,2940.320547,0.0
2019-03-24,18,0,55,460.54,460.54,0.0,10845.900927,0.0
2019-03-24,18,0,56,112.95,112.95,0.0,2656.448615,0.0
2019-03-24,18,0,57,107.44,107.44,0.0,2526.860019,0.0
2019-03-24,18,0,58,206.62,206.62,0.0,4859.454739,0.0
2019-03-24,18,0,59,203.17,203.17,0.0,4778.314874,0.0
2019-03-24,18,0,63,0.0,0.0,0.0,0.0,0.0
2019-03-24,18,0,64,0.0,0.0,0.0,0.0,0.0
2019-03-24,18,0,65,41.4,41.4,0.0,1282.890048,0.0
2019-03-24,18,0,67,205.73,205.73,0.0,4253.80252,0.0
2019-03-24,18,0,68,5.1,5.1,0.0,104.55565,0.0
2019-03-24,18,0,69,1.6,1.6,0.0,53.184531,0.0
2019-03-24,18,0,74,47.98,47.98,0.0,1375.124797,0.0
2019-03-24,18,0,77,40.85,40.85,0.0,839.708294,0.0
2019-03-24,18,0,78,30.88,30.88,0.0,634.766025,0.0
2019-03-24,18,0,79,17.87,17.87,0.0,367.333836,0.0
2019-03-24,18,0,80,28.9,28.9,0.0,594.065354,0.0
2019-03-24,18,0,81,37.78,37.78,0.0,776.601698,0.0
2019-03-24,18,0,82,26.65,26.65,0.0,547.814591,0.0
2019-03-24,18,0,83,59.43,59.43,0.0,1221.636816,0.0
2019-03-24,18,0,84,0.0,0.0,0.0,0.0,0.0
2019-03-24,18,0,86,8.09,8.09,0.0,268.914286,0.0
2019-03-24,18,0,87,41.32,41.32,0.0,1373.490519,0.0
2019-03-24,18,0,88,23.74,23.74,0.0,487.996938,0.0
2019-03-24,18,0,89,22.82,22.82,0.0,469.085515,0.0
2019-03-24,18,0,90,30.64,30.64,0.0,629.83261,0.0
2019-03-24,18,0,91,109.31,109.31,0.0,2246.964838,0.0
2019-03-24,18,0,92,39.31,39.31,0.0,808.052216,0.0
2019-03-24,18,0,95,31.4,31.4,0.0,673.272715,0.0
2019-03-24,18,0,96,22.4,22.4,0.0,526.081435,0.0
2019-03-24,18,0,97,137.73,137.73,0.0,3234.696251,0.0
2019-03-24,18,0,99,9.26,9.26,0.0,265.395073,0.0
2019-03-24,18,0,101,7.71,7.71,0.0,181.329959,0.0
2019-03-24,18,0,102,12.06,12.06,0.0,247.243362,0.0
2019-03-24,18,0,103,10.49,10.49,0.0,215.056622,0.0
2019-03-24,18,0,104,1.95,1.95,0.0,39.97716,0.0
2019-03-24,18,0,106,155.81,155.81,0.0,3669.387726,0.0
2019-03-24,18,0,109,46.11,46.11,0.0,1204.751799,0.0
2019-03-24,18,0,110,39.21,39.21,0.0,831.805768,0.0
2019-03-24,18,0,111,12.05,12.05,0.0,305.993452,0.0
2019-03-24,18,0,113,11.77,11.77,0.0,233.755877,0.0
2019-03-24,18,0,115,11.77,11.77,0.0,233.755877,0.0
2019-03-24,18,0,116,71.98,71.98,0.0,1526.992583,0.0
2019-03-24,18,0,117,0.78,0.78,0.0,15.491044,0.0
2019-03-24,18,0,119,0.0,0.0,0.0,0.0,0.0
2019-03-24,18,0,120,0.0,0.0,0.0,0.0,0.0
2019-03-24,18,0,123,2.6,2.6,0.0,61.231038,0.0
2019-03-24,18,0,125,152.35,152.35,0.0,3587.903344,0.0
2019-03-24,18,0,126,116.86,116.86,0.0,2752.099671,0.0
2019-03-24,18,0,127,149.96,149.96,0.0,3531.61789,0.0
2019-03-24,18,0,128,218.77,218.77,0.0,5152.120871,0.0
2019-03-24,18,0,131,23.02,23.02,0.0,470.856424,0.0
2019-03-24,18,0,132,33.84,33.84,0.0,692.171215,0.0
2019-03-24,18,0,133,139.8,139.8,0.0,4345.41642,0.0
2019-03-24,18,0,134,0.0,0.0,0.0,0.0,0.0
2019-03-24,18,0,135,187.33,187.33,0.0,5822.795837,0.0
2019-03-24,18,0,136,45.9,45.9,0.0,1422.114901,0.0
2019-03-24,18,0,139,37.45,37.45,0.0,950.992099,0.0
2019-03-24,18,0,140,29.02,29.02,0.0,615.633853,0.0
2019-03-24,18,0,141,186.07,186.07,0.0,3847.300029,0.0
2019-03-24,18,0,142,271.3,271.3,0.0,5609.568967,0.0
2019-03-24,18,0,143,155.15,155.15,0.0,3648.942032,0.0
2019-03-24,18,0,145,10.87,10.87,0.0,266.216116,0.0
2019-03-24,18,0,146,0.0,0.0,0.0,0.0,0.0
2019-03-24,18,0,152,4.93,4.93,0.0,140.615694,0.0
2019-03-24,18,0,153,6.13,6.13,0.0,174.126295,0.0
2019-03-24,18,0,154,49.72,49.72,0.0,1262.572154,0.0
2019-03-24,18,0,157,35.85,35.85,0.0,741.257086,0.0
2019-03-24,18,0,158,228.57,228.57,0.0,4726.056686,0.0
2019-03-24,18,0,159,0.0,0.0,0.0,0.0,0.0
2019-03-24,18,0,160,1.54,1.54,0.0,39.597657,0.0
2019-03-24,18,0,161,37.17,37.17,0.0,762.026182,0.0
2019-03-24,18,0,162,21.58,21.58,0.0,462.796433,0.0
2019-03-24,18,0,163,0.0,0.0,0.0,0.0,0.0
2019-03-24,18,0,164,14.71,14.71,0.0,345.961568,0.0
2019-03-24,18,0,167,3.21,3.21,0.0,68.820047,0.0
2019-03-24,18,0,168,1.61,1.61,0.0,34.51722,0.0
2019-03-24,18,0,169,0.0,0.0,0.0,0.0,0.0
2019-03-24,18,0,170,3.52,3.52,0.0,75.46622,0.0
2019-03-24,18,0,172,4.41,4.41,0.0,92.654813,0.0
2019-03-24,18,0,173,6.72,6.72,0.0,141.188287,0.0
2019-03-24,18,0,188,6.06,6.06,0.0,129.263452,0.0
2019-03-24,18,0,190,5.47,5.47,0.0,118.271305,0.0
2019-03-24,18,0,191,14.14,14.14,0.0,305.732406,0.0
2019-03-24,18,0,192,8.11,8.11,0.0,175.352886,0.0
2019-03-24,18,0,194,27.92,27.92,0.0,532.73253,0.0
2019-03-24,18,0,196,3.76,3.76,0.0,80.87236,0.0
2019-03-24,18,0,198,6.68,6.68,0.0,156.807456,0.0
2019-03-24,18,0,199,69.73,69.73,0.0,1222.930165,0.0
2019-03-24,18,0,200,11.4,11.4,0.0,199.934087,0.0
2019-03-24,18,0,204,182.28,182.28,0.0,4723.594525,0.0
2019-03-24,18,0,205,243.94,243.94,0.0,6373.60993,0.0
2019-03-24,18,0,206,404.71,404.71,0.0,9504.929354,0.0
2019-03-24,18,0,210,1.35,1.35,0.0,15.75629,0.0
2019-03-24,18,0,214,7.94,7.94,0.0,274.138742,0.0
2019-03-24,18,0,217,5.16,5.16,0.0,126.661814,0.0
2019-03-24,18,0,218,7.12,7.12,0.0,174.773665,0.0
2019-03-24,18,0,219,4.85,4.85,0.0,119.052286,0.0
2019-03-24,18,0,221,4.24,4.24,0.0,146.391469,0.0
2019-03-24,18,0,225,3.84,3.84,0.0,40.427938,0.0
2019-03-24,18,0,233,4.58,4.58,0.0,152.240721,0.0
2019-03-24,18,0,236,154.81,154.81,0.0,4622.978292,0.0
2019-03-24,18,0,237,115.09,115.09,0.0,3298.52257,0.0
2019-03-24,18,0,238,46.98,46.98,0.0,1437.845613,0.0
2019-03-24,18,0,240,7.64,7.64,0.0,204.633536,0.0
2019-03-24,18,0,245,78.0,78.0,0.0,2448.850716,0.0
2019-03-24,18,0,247,171.72,171.72,0.0,5391.239038,0.0
2019-03-24,18,0,248,11.55,11.55,0.0,331.027332,0.0
2019-03-24,18,0,249,150.0,150.0,0.0,4709.3283,0.0
2019-03-24,18,0,251,326.4,326.4,0.0,10067.651825,0.0
2019-03-24,18,0,252,267.06,267.06,0.0,8275.570439,0.0
2019-03-24,18,0,254,10.81,10.81,0.0,282.494173,0.0
2019-03-24,18,0,255,4.96,4.96,0.0,129.618048,0.0
2019-03-24,18,0,258,9.49,9.49,0.0,253.401397,0.0
2019-03-24,18,0,260,3.74,3.74,0.0,96.165738,0.0
2019-03-24,18,0,265,51.47,51.47,0.0,1307.011037,0.0
2019-03-24,18,0,266,24.25,24.25,0.0,615.795952,0.0
2019-03-24,18,0,267,29.8,29.8,0.0,756.730696,0.0
2019-03-24,18,0,270,0.0,0.0,0.0,0.0,0.0
2019-03-24,18,0,272,39.33,39.33,0.0,781.106085,0.0
2019-03-24,18,0,273,17.21,17.21,0.0,365.095059,0.0
2019-03-24,18,0,274,0.0,0.0,0.0,0.0,0.0
2019-03-24,18,0,275,0.0,0.0,0.0,0.0,0.0
2019-03-24,18,0,276,3.85,3.85,0.0,81.21233,0.0
2019-03-24,18,0,277,4.87,4.87,0.0,98.077819,0.0
2019-03-24,18,0,278,7.78,7.78,0.0,156.68284,0.0
2019-03-24,18,0,279,72.29,72.29,0.0,1455.861503,0.0
2019-03-24,18,0,281,33.28,33.28,0.0,782.70571,0.0
2019-03-24,18,0,282,210.06,210.06,0.0,4940.359415,0.0
2019-03-24,19,0,9,0.66,0.66,0.0,6.001219,0.0
2019-03-24,19,0,17,6.06,6.06,0.0,61.033827,0.0
2019-03-24,19,0,19,615.51,615.51,0.0,6199.163492,0.0
2019-03-24,19,0,20,748.14,748.14,0.0,7534.958286,0.0
2019-03-24,19,0,21,15.16,15.16,0.0,137.846171,0.0
2019-03-24,19,0,22,53.88,53.88,0.0,489.917657,0.0
2019-03-24,19,0,23,108.8,108.8,0.0,989.291779,0.0
2019-03-24,19,0,24,192.5,192.5,0.0,1750.3554,0.0
2019-03-24,19,0,29,0.73,0.73,0.0,7.609517,0.0
2019-03-24,19,0,30,142.81,142.81,0.0,1297.649932,0.0
2019-03-24,19,0,31,31.77,31.77,0.0,288.679633,0.0
2019-03-24,19,0,32,0.56,0.56,0.0,9.982432,0.0
2019-03-24,19,0,33,0.37,0.37,0.0,3.790235,0.0
2019-03-24,19,0,34,0.59,0.59,0.0,6.043889,0.0
2019-03-24,19,0,35,0.59,0.59,0.0,6.043889,0.0
2019-03-24,19,0,36,1.76,1.76,0.0,17.266055,0.0
2019-03-24,19,0,37,0.81,0.81,0.0,7.944163,0.0
2019-03-24,19,0,38,1.04,1.04,0.0,10.199913,0.0
2019-03-24,19,0,39,0.69,0.69,0.0,6.76725,0.0
2019-03-24,19,0,40,0.69,0.69,0.0,6.76725,0.0
2019-03-24,19,0,41,32.81,32.81,0.0,308.941279,0.0
2019-03-24,19,0,42,9.87,9.87,0.0,99.037969,0.0
2019-03-24,19,0,43,5.21,5.21,0.0,51.359169,0.0
2019-03-24,19,0,46,4.35,4.35,0.0,42.377035,0.0
2019-03-24,19,0,52,33.68,33.68,0.0,306.03494,0.0
2019-03-24,19,0,53,53.51,53.51,0.0,486.221188,0.0
2019-03-24,19,0,55,186.9,186.9,0.0,1699.43597,0.0
2019-03-24,19,0,56,42.12,42.12,0.0,382.725405,0.0
2019-03-24,19,0,57,40.07,40.07,0.0,364.097982,0.0
2019-03-24,19,0,58,77.06,77.06,0.0,700.209396,0.0
2019-03-24,19,0,59,75.77,75.77,0.0,688.487749,0.0
2019-03-24,19,0,63,0.0,0.0,0.0,0.0,0.0
2019-03-24,19,0,64,0.0,0.0,0.0,0.0,0.0
2019-03-24,19,0,65,41.4,41.4,0.0,416.676552,0.0
2019-03-24,19,0,67,71.02,71.02,0.0,777.597793,0.0
2019-03-24,19,0,68,7.1,7.1,0.0,68.079039,0.0
2019-03-24,19,0,69,0.37,0.37,0.0,3.790235,0.0
2019-03-24,19,0,74,64.09,64.09,0.0,632.419675,0.0
2019-03-24,19,0,77,39.81,39.81,0.0,338.227538,0.0
2019-03-24,19,0,78,30.1,30.1,0.0,255.730944,0.0
2019-03-24,19,0,79,17.42,17.42,0.0,148.001098,0.0
2019-03-24,19,0,80,28.17,28.17,0.0,239.333578,0.0
2019-03-24,19,0,81,36.83,36.83,0.0,312.909325,0.0
2019-03-24,19,0,82,25.98,25.98,0.0,220.72724,0.0
2019-03-24,19,0,83,57.93,57.93,0.0,492.175867,0.0
2019-03-24,19,0,84,0.0,0.0,0.0,0.0,0.0
2019-03-24,19,0,86,1.86,1.86,0.0,19.053615,0.0
2019-03-24,19,0,87,9.48,9.48,0.0,97.111973,0.0
2019-03-24,19,0,88,19.51,19.51,0.0,165.757831,0.0
2019-03-24,19,0,89,18.75,18.75,0.0,159.300837,0.0
2019-03-24,19,0,90,25.18,25.18,0.0,213.930405,0.0
2019-03-24,19,0,91,89.83,89.83,0.0,763.199692,0.0
2019-03-24,19,0,92,32.31,32.31,0.0,274.507203,0.0
2019-03-24,19,0,95,20.93,20.93,0.0,372.110397,0.0
2019-03-24,19,0,96,22.87,22.87,0.0,207.660993,0.0
2019-03-24,19,0,97,140.62,140.62,0.0,1276.838165,0.0
2019-03-24,19,0,99,12.37,12.37,0.0,122.063214,0.0
2019-03-24,19,0,101,2.88,2.88,0.0,26.169258,0.0
2019-03-24,19,0,102,20.33,20.33,0.0,194.936177,0.0
2019-03-24,19,0,103,17.06,17.06,0.0,163.581464,0.0
2019-03-24,19,0,104,2.43,2.43,0.0,23.300291,0.0
2019-03-24,19,0,106,53.04,53.04,0.0,482.279742,0.0
2019-03-24,19,0,109,41.71,41.71,0.0,401.648745,0.0
2019-03-24,19,0,110,19.19,19.19,0.0,290.056388,0.0
2019-03-24,19,0,111,3.78,3.78,0.0,35.592747,0.0
2019-03-24,19,0,113,8.81,8.81,0.0,71.25131,0.0
2019-03-24,19,0,115,8.81,8.81,0.0,71.25131,0.0
2019-03-24,19,0,116,21.8,21.8,0.0,329.506475,0.0
2019-03-24,19,0,117,0.59,0.59,0.0,4.771654,0.0
2019-03-24,19,0,119,0.0,0.0,0.0,0.0,0.0
2019-03-24,19,0,120,0.0,0.0,0.0,0.0,0.0
2019-03-24,19,0,123,0.88,0.88,0.0,8.001625,0.0
2019-03-24,19,0,125,174.2,174.2,0.0,1583.957978,0.0
2019-03-24,19,0,126,39.78,39.78,0.0,361.709807,0.0
2019-03-24,19,0,127,51.05,51.05,0.0,464.185159,0.0
2019-03-24,19,0,128,249.5,249.5,0.0,2268.642454,0.0
2019-03-24,19,0,131,25.28,25.28,0.0,233.214976,0.0
2019-03-24,19,0,132,37.16,37.16,0.0,342.811254,0.0
2019-03-24,19,0,133,135.62,135.62,0.0,1365.997489,0.0
2019-03-24,19,0,134,0.0,0.0,0.0,0.0,0.0
2019-03-24,19,0,135,183.78,183.78,0.0,1851.076674,0.0
2019-03-24,19,0,136,45.9,45.9,0.0,461.950001,0.0
2019-03-24,19,0,139,42.37,42.37,0.0,398.958915,0.0
2019-03-24,19,0,140,14.2,14.2,0.0,214.632658,0.0
2019-03-24,19,0,141,225.49,225.49,0.0,2468.889415,0.0
2019-03-24,19,0,142,93.66,93.66,0.0,1025.483093,0.0
2019-03-24,19,0,143,66.24,66.24,0.0,601.892945,0.0
2019-03-24,19,0,145,7.34,7.34,0.0,68.174683,0.0
2019-03-24,19,0,146,0.0,0.0,0.0,0.0,0.0
2019-03-24,19,0,152,1.28,1.28,0.0,12.640969,0.0
2019-03-24,19,0,153,1.59,1.59,0.0,15.688423,0.0
2019-03-24,19,0,154,15.58,15.58,0.0,146.702381,0.0
2019-03-24,19,0,157,45.12,45.12,0.0,494.018761,0.0
2019-03-24,19,0,158,83.6,83.6,0.0,915.336179,0.0
2019-03-24,19,0,159,0.0,0.0,0.0,0.0,0.0
2019-03-24,19,0,160,0.39,0.39,0.0,3.904795,0.0
2019-03-24,19,0,161,12.38,12.38,0.0,118.706831,0.0
2019-03-24,19,0,162,14.16,14.16,0.0,251.800241,0.0
2019-03-24,19,0,163,0.0,0.0,0.0,0.0,0.0
2019-03-24,19,0,164,5.66,5.66,0.0,51.429862,0.0
2019-03-24,19,0,167,0.57,0.57,0.0,10.136012,0.0
2019-03-24,19,0,168,0.28,0.28,0.0,4.979093,0.0
2019-03-24,19,0,169,0.0,0.0,0.0,0.0,0.0
2019-03-24,19,0,170,0.62,0.62,0.0,11.025136,0.0
2019-03-24,19,0,172,0.9,0.9,0.0,15.538578,0.0
2019-03-24,19,0,173,1.37,1.37,0.0,23.653169,0.0
2019-03-24,19,0,188,1.31,1.31,0.0,22.981103,0.0
2019-03-24,19,0,190,1.57,1.57,0.0,27.978704,0.0
2019-03-24,19,0,191,4.05,4.05,0.0,72.174365,0.0
2019-03-24,19,0,192,6.99,6.99,0.0,124.567607,0.0
2019-03-24,19,0,194,38.24,38.24,0.0,255.970687,0.0
2019-03-24,19,0,196,1.12,1.12,0.0,18.801889,0.0
2019-03-24,19,0,198,1.54,1.54,0.0,15.823348,0.0
2019-03-24,19,0,199,56.78,56.78,0.0,554.728252,0.0
2019-03-24,19,0,200,2.5,2.5,0.0,24.424456,0.0
2019-03-24,19,0,204,163.53,163.53,0.0,1570.718442,0.0
2019-03-24,19,0,205,220.66,220.66,0.0,2124.857636,0.0
2019-03-24,19,0,206,413.21,413.21,0.0,3751.971969,0.0
2019-03-24,19,0,210,0.23,0.23,0.0,2.405576,0.0
2019-03-24,19,0,214,1.61,1.61,0.0,16.656686,0.0
2019-03-24,19,0,217,0.97,0.97,0.0,10.084997,0.0
2019-03-24,19,0,218,1.33,1.33,0.0,13.827883,0.0
2019-03-24,19,0,219,0.91,0.91,0.0,9.461183,0.0
2019-03-24,19,0,221,0.86,0.86,0.0,8.89736,0.0
2019-03-24,19,0,225,0.66,0.66,0.0,6.877604,0.0
2019-03-24,19,0,233,1.05,1.05,0.0,10.756073,0.0
2019-03-24,19,0,236,159.03,159.03,0.0,1586.630946,0.0
2019-03-24,19,0,237,153.75,153.75,0.0,1517.155952,0.0
2019-03-24,19,0,238,12.85,12.85,0.0,128.940011,0.0
2019-03-24,19,0,240,1.99,1.99,0.0,19.522414,0.0
2019-03-24,19,0,245,78.0,78.0,0.0,787.573803,0.0
2019-03-24,19,0,247,171.72,171.72,0.0,1733.874019,0.0
2019-03-24,19,0,248,15.43,15.43,0.0,152.258318,0.0
2019-03-24,19,0,249,150.0,150.0,0.0,1514.565006,0.0
2019-03-24,19,0,251,326.4,326.4,0.0,3281.384292,0.0
2019-03-24,19,0,252,267.06,267.06,0.0,2687.865703,0.0
2019-03-24,19,0,254,2.72,2.72,0.0,26.918677,0.0
2019-03-24,19,0,255,1.25,1.25,0.0,12.370716,0.0
2019-03-24,19,0,258,2.46,2.46,0.0,24.152127,0.0
2019-03-24,19,0,260,0.95,0.95,0.0,9.511679,0.0
2019-03-24,19,0,265,16.13,16.13,0.0,151.88122,0.0
2019-03-24,19,0,266,27.44,27.44,0.0,258.376979,0.0
2019-03-24,19,0,267,33.72,33.72,0.0,317.509903,0.0
2019-03-24,19,0,270,0.0,0.0,0.0,0.0,0.0
2019-03-24,19,0,272,29.44,29.44,0.0,238.097453,0.0
2019-03-24,19,0,273,5.21,5.21,0.0,78.749025,0.0
2019-03-24,19,0,274,0.0,0.0,0.0,0.0,0.0
2019-03-24,19,0,275,0.0,0.0,0.0,0.0,0.0
2019-03-24,19,0,276,1.17,1.17,0.0,16.596217,0.0
2019-03-24,19,0,277,1.44,1.44,0.0,11.881903,0.0
2019-03-24,19,0,278,2.31,2.31,0.0,19.060553,0.0
2019-03-24,19,0,279,60.35,60.35,0.0,497.967266,0.0
2019-03-24,19,0,281,14.26,14.26,0.0,129.574176,0.0
2019-03-24,19,0,282,78.34,78.34,0.0,711.840177,0.0
2019-03-24,20,0,9,0.0,0.0,0.0,0.0,0.0
2019-03-24,20,0,17,0.0,0.0,0.0,0.0,0.0
2019-03-24,20,0,19,643.3,643.3,0.0,2761.540844,0.0
2019-03-24,20,0,20,780.2,780.2,0.0,3349.221462,0.0
2019-03-24,20,0,21,0.0,0.0,0.0,0.0,0.0
2019-03-24,20,0,22,0.0,0.0,0.0,0.0,0.0
2019-03-24,20,0,23,86.29,86.29,0.0,1592.063091,0.0
2019-03-24,20,0,24,152.67,152.67,0.0,2816.783777,0.0
2019-03-24,20,0,29,0.0,0.0,0.0,0.0,0.0
2019-03-24,20,0,30,0.0,0.0,0.0,0.0,0.0
2019-03-24,20,0,31,21.19,21.19,0.0,391.08121,0.0
2019-03-24,20,0,32,0.0,0.0,0.0,0.0,0.0
2019-03-24,20,0,33,0.0,0.0,0.0,0.0,0.0
2019-03-24,20,0,34,0.0,0.0,0.0,0.0,0.0
2019-03-24,20,0,35,0.0,0.0,0.0,0.0,0.0
2019-03-24,20,0,36,0.0,0.0,0.0,0.0,0.0
2019-03-24,20,0,37,0.0,0.0,0.0,0.0,0.0
2019-03-24,20,0,38,0.0,0.0,0.0,0.0,0.0
2019-03-24,20,0,39,0.0,0.0,0.0,0.0,0.0
2019-03-24,20,0,40,0.0,0.0,0.0,0.0,0.0
2019-03-24,20,0,41,41.7,41.7,0.0,756.680736,0.0
2019-03-24,20,0,42,0.0,0.0,0.0,0.0,0.0
2019-03-24,20,0,43,0.0,0.0,0.0,0.0,0.0
2019-03-24,20,0,46,0.0,0.0,0.0,0.0,0.0
2019-03-24,20,0,52,22.46,22.46,0.0,414.520244,0.0
2019-03-24,20,0,53,35.68,35.68,0.0,658.507672,0.0
2019-03-24,20,0,55,143.74,143.74,0.0,2652.023974,0.0
2019-03-24,20,0,56,0.0,0.0,0.0,0.0,0.0
2019-03-24,20,0,57,0.0,0.0,0.0,0.0,0.0
2019-03-24,20,0,58,0.0,0.0,0.0,0.0,0.0
2019-03-24,20,0,59,0.0,0.0,0.0,0.0,0.0
2019-03-24,20,0,63,0.0,0.0,0.0,0.0,0.0
2019-03-24,20,0,64,0.0,0.0,0.0,0.0,0.0
2019-03-24,20,0,65,41.4,41.4,0.0,449.510197,0.0
2019-03-24,20,0,67,0.0,0.0,0.0,0.0,0.0
2019-03-24,20,0,68,2.76,2.76,0.0,53.851293,0.0
2019-03-24,20,0,69,0.0,0.0,0.0,0.0,0.0
2019-03-24,20,0,74,56.6,56.6,0.0,1002.21109,0.0
2019-03-24,20,0,77,34.25,34.25,0.0,650.94806,0.0
2019-03-24,20,0,78,26.01,26.01,0.0,494.34041,0.0
2019-03-24,20,0,79,15.13,15.13,0.0,287.557494,0.0
2019-03-24,20,0,80,24.36,24.36,0.0,462.980869,0.0
2019-03-24,20,0,81,31.73,31.73,0.0,603.053488,0.0
2019-03-24,20,0,82,22.49,22.49,0.0,427.440055,0.0
2019-03-24,20,0,83,49.45,49.45,0.0,939.835959,0.0
2019-03-24,20,0,84,0.0,0.0,0.0,0.0,0.0
2019-03-24,20,0,86,0.0,0.0,0.0,0.0,0.0
2019-03-24,20,0,87,0.0,0.0,0.0,0.0,0.0
2019-03-24,20,0,88,22.91,22.91,0.0,435.422484,0.0
2019-03-24,20,0,89,22.02,22.02,0.0,418.507337,0.0
2019-03-24,20,0,90,29.55,29.55,0.0,561.620881,0.0
2019-03-24,20,0,91,105.2,105.2,0.0,1999.408349,0.0
2019-03-24,20,0,92,37.89,37.89,0.0,720.12911,0.0
2019-03-24,20,0,95,7.99,7.99,0.0,184.41253,0.0
2019-03-24,20,0,96,14.07,14.07,0.0,259.76006,0.0
2019-03-24,20,0,97,101.59,101.59,0.0,1875.552556,0.0
2019-03-24,20,0,99,10.93,10.93,0.0,193.536523,0.0
2019-03-24,20,0,101,0.0,0.0,0.0,0.0,0.0
2019-03-24,20,0,102,6.53,6.53,0.0,127.409036,0.0
2019-03-24,20,0,103,5.68,5.68,0.0,110.824399,0.0
2019-03-24,20,0,104,1.06,1.06,0.0,20.682018,0.0
2019-03-24,20,0,106,0.0,0.0,0.0,0.0,0.0
2019-03-24,20,0,109,33.06,33.06,0.0,593.498297,0.0
2019-03-24,20,0,110,38.82,38.82,0.0,846.127389,0.0
2019-03-24,20,0,111,0.0,0.0,0.0,0.0,0.0
2019-03-24,20,0,113,4.21,4.21,0.0,80.047864,0.0
2019-03-24,20,0,115,4.21,4.21,0.0,80.047864,0.0
2019-03-24,20,0,116,0.0,0.0,0.0,0.0,0.0
2019-03-24,20,0,117,0.28,0.28,0.0,5.323848,0.0
2019-03-24,20,0,119,0.0,0.0,0.0,0.0,0.0
2019-03-24,20,0,120,0.0,0.0,0.0,0.0,0.0
2019-03-24,20,0,123,0.0,0.0,0.0,0.0,0.0
2019-03-24,20,0,125,138.15,138.15,0.0,2548.887658,0.0
2019-03-24,20,0,126,0.0,0.0,0.0,0.0,0.0
2019-03-24,20,0,127,0.0,0.0,0.0,0.0,0.0
2019-03-24,20,0,128,197.87,197.87,0.0,3650.730372,0.0
2019-03-24,20,0,131,14.52,14.52,0.0,281.123548,0.0
2019-03-24,20,0,132,21.34,21.34,0.0,413.166427,0.0
2019-03-24,20,0,133,103.8,103.8,0.0,1912.725856,0.0
2019-03-24,20,0,134,0.0,0.0,0.0,0.0,0.0
2019-03-24,20,0,135,138.32,138.32,0.0,2548.826979,0.0
2019-03-24,20,0,136,45.9,45.9,0.0,514.912505,0.0
2019-03-24,20,0,139,55.82,55.82,0.0,1012.899728,0.0
2019-03-24,20,0,140,28.73,28.73,0.0,626.204016,0.0
2019-03-24,20,0,141,145.47,145.47,0.0,2920.133321,0.0
2019-03-24,20,0,142,0.0,0.0,0.0,0.0,0.0
2019-03-24,20,0,143,42.83,42.83,0.0,790.467589,0.0
2019-03-24,20,0,145,5.55,5.55,0.0,101.392022,0.0
2019-03-24,20,0,146,14.82,14.82,0.0,323.019266,0.0
2019-03-24,20,0,152,0.0,0.0,0.0,0.0,0.0
2019-03-24,20,0,153,0.0,0.0,0.0,0.0,0.0
2019-03-24,20,0,154,0.0,0.0,0.0,0.0,0.0
2019-03-24,20,0,157,11.51,11.51,0.0,231.049251,0.0
2019-03-24,20,0,158,2.85,2.85,0.0,57.210284,0.0
2019-03-24,20,0,159,0.0,0.0,0.0,0.0,0.0
2019-03-24,20,0,160,0.0,0.0,0.0,0.0,0.0
2019-03-24,20,0,161,0.0,0.0,0.0,0.0,0.0
2019-03-24,20,0,162,0.0,0.0,0.0,0.0,0.0
2019-03-24,20,0,163,0.0,0.0,0.0,0.0,0.0
2019-03-24,20,0,164,0.32,0.32,0.0,5.905898,0.0
2019-03-24,20,0,167,0.0,0.0,0.0,0.0,0.0
2019-03-24,20,0,168,0.0,0.0,0.0,0.0,0.0
2019-03-24,20,0,169,0.0,0.0,0.0,0.0,0.0
2019-03-24,20,0,170,0.0,0.0,0.0,0.0,0.0
2019-03-24,20,0,172,0.0,0.0,0.0,0.0,0.0
2019-03-24,20,0,173,0.0,0.0,0.0,0.0,0.0
2019-03-24,20,0,188,0.0,0.0,0.0,0.0,0.0
2019-03-24,20,0,190,0.0,0.0,0.0,0.0,0.0
2019-03-24,20,0,191,0.0,0.0,0.0,0.0,0.0
2019-03-24,20,0,192,27.86,27.86,0.0,639.065275,0.0
2019-03-24,20,0,194,14.08,14.08,0.0,261.923364,0.0
2019-03-24,20,0,196,0.0,0.0,0.0,0.0,0.0
2019-03-24,20,0,198,0.0,0.0,0.0,0.0,0.0
2019-03-24,20,0,199,58.12,58.12,0.0,1004.433238,0.0
2019-03-24,20,0,200,0.0,0.0,0.0,0.0,0.0
2019-03-24,20,0,204,244.66,244.66,0.0,4398.017216,0.0
2019-03-24,20,0,205,174.86,174.86,0.0,3139.1141,0.0
2019-03-24,20,0,206,384.84,384.84,0.0,7104.908411,0.0
2019-03-24,20,0,210,0.0,0.0,0.0,0.0,0.0
2019-03-24,20,0,214,0.0,0.0,0.0,0.0,0.0
2019-03-24,20,0,217,0.0,0.0,0.0,0.0,0.0
2019-03-24,20,0,218,0.0,0.0,0.0,0.0,0.0
2019-03-24,20,0,219,0.0,0.0,0.0,0.0,0.0
2019-03-24,20,0,221,0.0,0.0,0.0,0.0,0.0
2019-03-24,20,0,225,0.0,0.0,0.0,0.0,0.0
2019-03-24,20,0,233,0.0,0.0,0.0,0.0,0.0
2019-03-24,20,0,236,159.03,159.03,0.0,2800.276682,0.0
2019-03-24,20,0,237,135.79,135.79,0.0,2404.42127,0.0
2019-03-24,20,0,238,0.0,0.0,0.0,0.0,0.0
2019-03-24,20,0,240,0.0,0.0,0.0,0.0,0.0
2019-03-24,20,0,245,145.89,145.89,0.0,2362.383541,0.0
2019-03-24,20,0,247,171.72,171.72,0.0,2780.646389,0.0
2019-03-24,20,0,248,13.63,13.63,0.0,241.345179,0.0
2019-03-24,20,0,249,280.44,280.44,0.0,4541.139491,0.0
2019-03-24,20,0,251,326.4,326.4,0.0,4235.083089,0.0
2019-03-24,20,0,252,267.06,267.06,0.0,2899.666503,0.0
2019-03-24,20,0,254,0.0,0.0,0.0,0.0,0.0
2019-03-24,20,0,255,0.0,0.0,0.0,0.0,0.0
2019-03-24,20,0,258,0.0,0.0,0.0,0.0,0.0
2019-03-24,20,0,260,0.0,0.0,0.0,0.0,0.0
2019-03-24,20,0,265,0.0,0.0,0.0,0.0,0.0
2019-03-24,20,0,266,34.02,34.02,0.0,617.320831,0.0
2019-03-24,20,0,267,43.02,43.02,0.0,780.63322,0.0
2019-03-24,20,0,270,0.0,0.0,0.0,0.0,0.0
2019-03-24,20,0,272,14.05,14.05,0.0,267.14311,0.0
2019-03-24,20,0,273,0.0,0.0,0.0,0.0,0.0
2019-03-24,20,0,274,0.0,0.0,0.0,0.0,0.0
2019-03-24,20,0,275,0.0,0.0,0.0,0.0,0.0
2019-03-24,20,0,276,0.0,0.0,0.0,0.0,0.0
2019-03-24,20,0,277,0.0,0.0,0.0,0.0,0.0
2019-03-24,20,0,278,0.0,0.0,0.0,0.0,0.0
2019-03-24,20,0,279,73.36,73.36,0.0,1394.614132,0.0
2019-03-24,20,0,281,9.51,9.51,0.0,175.515918,0.0
2019-03-24,20,0,282,0.0,0.0,0.0,0.0,0.0
2019-03-24,21,0,9,0.0,0.0,0.0,0.0,0.0
2019-03-24,21,0,17,0.0,0.0,0.0,0.0,0.0
2019-03-24,21,0,19,643.3,643.3,0.0,2846.551285,0.0
2019-03-24,21,0,20,780.2,780.2,0.0,3452.322886,0.0
2019-03-24,21,0,21,0.0,0.0,0.0,0.0,0.0
2019-03-24,21,0,22,0.0,0.0,0.0,0.0,0.0
2019-03-24,21,0,23,52.69,52.69,0.0,971.86099,0.0
2019-03-24,21,0,24,93.23,93.23,0.0,1719.616628,0.0
2019-03-24,21,0,29,0.0,0.0,0.0,0.0,0.0
2019-03-24,21,0,30,0.0,0.0,0.0,0.0,0.0
2019-03-24,21,0,31,13.27,13.27,0.0,244.910224,0.0
2019-03-24,21,0,32,0.0,0.0,0.0,0.0,0.0
2019-03-24,21,0,33,0.0,0.0,0.0,0.0,0.0
2019-03-24,21,0,34,0.0,0.0,0.0,0.0,0.0
2019-03-24,21,0,35,0.0,0.0,0.0,0.0,0.0
2019-03-24,21,0,36,0.0,0.0,0.0,0.0,0.0
2019-03-24,21,0,37,0.0,0.0,0.0,0.0,0.0
2019-03-24,21,0,38,0.0,0.0,0.0,0.0,0.0
2019-03-24,21,0,39,0.0,0.0,0.0,0.0,0.0
2019-03-24,21,0,40,0.0,0.0,0.0,0.0,0.0
2019-03-24,21,0,41,56.63,56.63,0.0,1011.798938,0.0
2019-03-24,21,0,42,0.0,0.0,0.0,0.0,0.0
2019-03-24,21,0,43,0.0,0.0,0.0,0.0,0.0
2019-03-24,21,0,46,0.0,0.0,0.0,0.0,0.0
2019-03-24,21,0,52,14.07,14.07,0.0,259.67497,0.0
2019-03-24,21,0,53,22.35,22.35,0.0,412.490092,0.0
2019-03-24,21,0,55,91.24,91.24,0.0,1682.911306,0.0
2019-03-24,21,0,56,0.0,0.0,0.0,0.0,0.0
2019-03-24,21,0,57,0.0,0.0,0.0,0.0,0.0
2019-03-24,21,0,58,0.0,0.0,0.0,0.0,0.0
2019-03-24,21,0,59,0.0,0.0,0.0,0.0,0.0
2019-03-24,21,0,63,19.52,19.52,0.0,451.843021,0.0
2019-03-24,21,0,64,22.97,22.97,0.0,531.702571,0.0
2019-03-24,21,0,65,41.4,41.4,0.0,435.422916,0.0
2019-03-24,21,0,67,0.0,0.0,0.0,0.0,0.0
2019-03-24,21,0,68,1.05,1.05,0.0,21.005073,0.0
2019-03-24,21,0,69,0.0,0.0,0.0,0.0,0.0
2019-03-24,21,0,74,50.68,50.68,0.0,863.937015,0.0
2019-03-24,21,0,77,38.77,38.77,0.0,756.260333,0.0
2019-03-24,21,0,78,29.37,29.37,0.0,572.900851,0.0
2019-03-24,21,0,79,17.04,17.04,0.0,332.387828,0.0
2019-03-24,21,0,80,27.49,27.49,0.0,536.228954,0.0
2019-03-24,21,0,81,35.88,35.88,0.0,699.887046,0.0
2019-03-24,21,0,82,25.37,25.37,0.0,494.875539,0.0
2019-03-24,21,0,83,56.21,56.21,0.0,1096.450692,0.0
2019-03-24,21,0,84,0.0,0.0,0.0,0.0,0.0
2019-03-24,21,0,86,0.0,0.0,0.0,0.0,0.0
2019-03-24,21,0,87,0.0,0.0,0.0,0.0,0.0
2019-03-24,21,0,88,23.69,23.69,0.0,462.104908,0.0
2019-03-24,21,0,89,22.77,22.77,0.0,444.159087,0.0
2019-03-24,21,0,90,30.57,30.57,0.0,596.308444,0.0
2019-03-24,21,0,91,109.06,109.06,0.0,2127.360123,0.0
2019-03-24,21,0,92,39.22,39.22,0.0,765.038181,0.0
2019-03-24,21,0,95,0.0,0.0,0.0,0.0,0.0
2019-03-24,21,0,96,7.03,7.03,0.0,129.826372,0.0
2019-03-24,21,0,97,43.23,43.23,0.0,798.349085,0.0
2019-03-24,21,0,99,9.78,9.78,0.0,166.718706,0.0
2019-03-24,21,0,101,0.0,0.0,0.0,0.0,0.0
2019-03-24,21,0,102,2.47,2.47,0.0,49.411933,0.0
2019-03-24,21,0,103,2.15,2.15,0.0,43.010387,0.0
2019-03-24,21,0,104,0.4,0.4,0.0,8.001933,0.0
2019-03-24,21,0,106,0.0,0.0,0.0,0.0,0.0
2019-03-24,21,0,109,37.23,37.23,0.0,651.215459,0.0
2019-03-24,21,0,110,69.25,69.25,0.0,1529.705783,0.0
2019-03-24,21,0,111,0.0,0.0,0.0,0.0,0.0
2019-03-24,21,0,113,3.08,3.08,0.0,60.478284,0.0
2019-03-24,21,0,115,3.08,3.08,0.0,60.478284,0.0
2019-03-24,21,0,116,0.0,0.0,0.0,0.0,0.0
2019-03-24,21,0,117,0.21,0.21,0.0,4.123519,0.0
2019-03-24,21,0,119,22.97,22.97,0.0,531.702571,0.0
2019-03-24,21,0,120,13.5,13.5,0.0,312.493892,0.0
2019-03-24,21,0,123,0.0,0.0,0.0,0.0,0.0
2019-03-24,21,0,125,84.37,84.37,0.0,1556.194947,0.0
2019-03-24,21,0,126,0.0,0.0,0.0,0.0,0.0
2019-03-24,21,0,127,0.0,0.0,0.0,0.0,0.0
2019-03-24,21,0,128,120.84,120.84,0.0,2228.879902,0.0
2019-03-24,21,0,131,7.41,7.41,0.0,147.220185,0.0
2019-03-24,21,0,132,10.89,10.89,0.0,216.360029,0.0
2019-03-24,21,0,133,91.59,91.59,0.0,1605.375331,0.0
2019-03-24,21,0,134,0.0,0.0,0.0,0.0,0.0
2019-03-24,21,0,135,119.08,119.08,0.0,2087.215792,0.0
2019-03-24,21,0,136,45.9,45.9,0.0,498.103586,0.0
2019-03-24,21,0,139,74.59,74.59,0.0,1332.687317,0.0
2019-03-24,21,0,140,51.25,51.25,0.0,1132.092728,0.0
2019-03-24,21,0,141,87.23,87.23,0.0,1789.787895,0.0
2019-03-24,21,0,142,0.0,0.0,0.0,0.0,0.0
2019-03-24,21,0,143,25.7,25.7,0.0,474.317466,0.0
2019-03-24,21,0,145,4.61,4.61,0.0,83.431423,0.0
2019-03-24,21,0,146,46.49,46.49,0.0,1026.946164,0.0
2019-03-24,21,0,152,0.0,0.0,0.0,0.0,0.0
2019-03-24,21,0,153,0.0,0.0,0.0,0.0,0.0
2019-03-24,21,0,154,0.0,0.0,0.0,0.0,0.0
2019-03-24,21,0,157,0.0,0.0,0.0,0.0,0.0
2019-03-24,21,0,158,0.0,0.0,0.0,0.0,0.0
2019-03-24,21,0,159,0.0,0.0,0.0,0.0,0.0
2019-03-24,21,0,160,0.0,0.0,0.0,0.0,0.0
2019-03-24,21,0,161,0.0,0.0,0.0,0.0,0.0
2019-03-24,21,0,162,0.0,0.0,0.0,0.0,0.0
2019-03-24,21,0,163,21.41,21.41,0.0,472.93864,0.0
2019-03-24,21,0,164,0.0,0.0,0.0,0.0,0.0
2019-03-24,21,0,167,0.0,0.0,0.0,0.0,0.0
2019-03-24,21,0,168,0.0,0.0,0.0,0.0,0.0
2019-03-24,21,0,169,0.0,0.0,0.0,0.0,0.0
2019-03-24,21,0,170,0.0,0.0,0.0,0.0,0.0
2019-03-24,21,0,172,0.0,0.0,0.0,0.0,0.0
2019-03-24,21,0,173,0.0,0.0,0.0,0.0,0.0
2019-03-24,21,0,188,0.0,0.0,0.0,0.0,0.0
2019-03-24,21,0,190,0.0,0.0,0.0,0.0,0.0
2019-03-24,21,0,191,0.0,0.0,0.0,0.0,0.0
2019-03-24,21,0,192,71.77,71.77,0.0,1661.310123,0.0
2019-03-24,21,0,194,0.0,0.0,0.0,0.0,0.0
2019-03-24,21,0,196,0.0,0.0,0.0,0.0,0.0
2019-03-24,21,0,198,0.0,0.0,0.0,0.0,0.0
2019-03-24,21,0,199,59.89,59.89,0.0,983.129505,0.0
2019-03-24,21,0,200,0.0,0.0,0.0,0.0,0.0
2019-03-24,21,0,204,375.32,375.32,0.0,6581.684375,0.0
2019-03-24,21,0,205,172.78,172.78,0.0,3022.213456,0.0
2019-03-24,21,0,206,127.04,127.04,0.0,2346.108438,0.0
2019-03-24,21,0,210,0.0,0.0,0.0,0.0,0.0
2019-03-24,21,0,214,0.0,0.0,0.0,0.0,0.0
2019-03-24,21,0,217,0.0,0.0,0.0,0.0,0.0
2019-03-24,21,0,218,0.0,0.0,0.0,0.0,0.0
2019-03-24,21,0,219,0.0,0.0,0.0,0.0,0.0
2019-03-24,21,0,221,0.0,0.0,0.0,0.0,0.0
2019-03-24,21,0,225,0.0,0.0,0.0,0.0,0.0
2019-03-24,21,0,233,0.0,0.0,0.0,0.0,0.0
2019-03-24,21,0,236,134.44,134.44,0.0,2266.109969,0.0
2019-03-24,21,0,237,121.58,121.58,0.0,2072.562397,0.0
2019-03-24,21,0,238,0.0,0.0,0.0,0.0,0.0
2019-03-24,21,0,240,0.0,0.0,0.0,0.0,0.0
2019-03-24,21,0,245,260.0,260.0,0.0,4012.832432,0.0
2019-03-24,21,0,247,171.72,171.72,0.0,2650.321482,0.0
2019-03-24,21,0,248,12.2,12.2,0.0,207.97221,0.0
2019-03-24,21,0,249,500.0,500.0,0.0,7716.985446,0.0
2019-03-24,21,0,251,326.4,326.4,0.0,4077.009814,0.0
2019-03-24,21,0,252,267.06,267.06,0.0,2808.793334,0.0
2019-03-24,21,0,254,0.0,0.0,0.0,0.0,0.0
2019-03-24,21,0,255,0.0,0.0,0.0,0.0,0.0
2019-03-24,21,0,258,0.0,0.0,0.0,0.0,0.0
2019-03-24,21,0,260,0.0,0.0,0.0,0.0,0.0
2019-03-24,21,0,265,0.0,0.0,0.0,0.0,0.0
2019-03-24,21,0,266,46.71,46.71,0.0,834.559922,0.0
2019-03-24,21,0,267,58.32,58.32,0.0,1041.993891,0.0
2019-03-24,21,0,270,66.86,66.86,0.0,1476.911605,0.0
2019-03-24,21,0,272,10.3,10.3,0.0,202.248808,0.0
2019-03-24,21,0,273,0.0,0.0,0.0,0.0,0.0
2019-03-24,21,0,274,86.18,86.18,0.0,1903.682952,0.0
2019-03-24,21,0,275,119.97,119.97,0.0,2650.091015,0.0
2019-03-24,21,0,276,0.0,0.0,0.0,0.0,0.0
2019-03-24,21,0,277,0.0,0.0,0.0,0.0,0.0
2019-03-24,21,0,278,0.0,0.0,0.0,0.0,0.0
2019-03-24,21,0,279,29.63,29.63,0.0,580.270854,0.0
2019-03-24,21,0,281,5.96,5.96,0.0,109.997358,0.0
2019-03-24,21,0,282,0.0,0.0,0.0,0.0,0.0
2019-03-24,22,0,9,0.0,0.0,0.0,0.0,0.0
2019-03-24,22,0,17,0.0,0.0,0.0,-0.0,0.0
2019-03-24,22,0,19,643.3,643.3,0.0,-3617.981423,0.0
2019-03-24,22,0,20,780.2,780.2,0.0,-4387.920265,0.0
2019-03-24,22,0,21,0.0,0.0,0.0,0.0,0.0
2019-03-24,22,0,22,0.0,0.0,0.0,0.0,0.0
2019-03-24,22,0,23,29.16,29.16,0.0,276.993467,0.0
2019-03-24,22,0,24,51.59,51.59,0.0,490.058058,0.0
2019-03-24,22,0,29,0.0,0.0,0.0,0.0,0.0
2019-03-24,22,0,30,0.0,0.0,0.0,0.0,0.0
2019-03-24,22,0,31,7.61,7.61,0.0,72.254554,0.0
2019-03-24,22,0,32,0.0,0.0,0.0,0.0,0.0
2019-03-24,22,0,33,0.0,0.0,0.0,0.0,0.0
2019-03-24,22,0,34,0.0,0.0,0.0,0.0,0.0
2019-03-24,22,0,35,0.0,0.0,0.0,0.0,0.0
2019-03-24,22,0,36,0.0,0.0,0.0,0.0,0.0
2019-03-24,22,0,37,0.0,0.0,0.0,0.0,0.0
2019-03-24,22,0,38,0.0,0.0,0.0,0.0,0.0
2019-03-24,22,0,39,0.0,0.0,0.0,0.0,0.0
2019-03-24,22,0,40,0.0,0.0,0.0,0.0,0.0
2019-03-24,22,0,41,44.95,44.95,0.0,437.140717,0.0
2019-03-24,22,0,42,0.0,0.0,0.0,0.0,0.0
2019-03-24,22,0,43,0.0,0.0,0.0,0.0,0.0
2019-03-24,22,0,46,0.0,0.0,0.0,0.0,0.0
2019-03-24,22,0,52,8.07,8.07,0.0,76.622109,0.0
2019-03-24,22,0,53,12.82,12.82,0.0,121.721863,0.0
2019-03-24,22,0,55,101.97,101.97,0.0,968.622217,0.0
2019-03-24,22,0,56,0.0,0.0,0.0,0.0,0.0
2019-03-24,22,0,57,0.0,0.0,0.0,0.0,0.0
2019-03-24,22,0,58,0.0,0.0,0.0,0.0,0.0
2019-03-24,22,0,59,0.0,0.0,0.0,0.0,0.0
2019-03-24,22,0,63,82.23,82.23,0.0,1062.190319,0.0
2019-03-24,22,0,64,96.74,96.74,0.0,1249.620473,0.0
2019-03-24,22,0,65,41.4,41.4,0.0,91.225889,0.0
2019-03-24,22,0,67,0.0,0.0,0.0,0.0,0.0
2019-03-24,22,0,68,0.26,0.26,0.0,2.039151,0.0
2019-03-24,22,0,69,0.0,0.0,0.0,0.0,0.0
2019-03-24,22,0,74,46.27,46.27,0.0,463.817196,0.0
2019-03-24,22,0,77,21.91,21.91,0.0,198.830504,0.0
2019-03-24,22,0,78,16.56,16.56,0.0,150.279924,0.0
2019-03-24,22,0,79,9.59,9.59,0.0,87.028048,0.0
2019-03-24,22,0,80,15.5,15.5,0.0,140.660557,0.0
2019-03-24,22,0,81,20.27,20.27,0.0,183.947709,0.0
2019-03-24,22,0,82,14.3,14.3,0.0,129.770708,0.0
2019-03-24,22,0,83,31.88,31.88,0.0,289.307004,0.0
2019-03-24,22,0,84,0.0,0.0,0.0,0.0,0.0
2019-03-24,22,0,86,0.0,0.0,0.0,0.0,0.0
2019-03-24,22,0,87,0.0,0.0,0.0,0.0,0.0
2019-03-24,22,0,88,12.4,12.4,0.0,112.528446,0.0
2019-03-24,22,0,89,11.92,11.92,0.0,108.172506,0.0
2019-03-24,22,0,90,16.0,16.0,0.0,145.197995,0.0
2019-03-24,22,0,91,57.09,57.09,0.0,518.084595,0.0
2019-03-24,22,0,92,20.53,20.53,0.0,186.307177,0.0
2019-03-24,22,0,95,0.0,0.0,0.0,0.0,0.0
2019-03-24,22,0,96,3.41,3.41,0.0,32.361178,0.0
2019-03-24,22,0,97,20.98,20.98,0.0,199.10191,0.0
2019-03-24,22,0,99,8.93,8.93,0.0,89.515616,0.0
2019-03-24,22,0,101,0.0,0.0,0.0,0.0,0.0
2019-03-24,22,0,102,0.61,0.61,0.0,4.784162,0.0
2019-03-24,22,0,103,0.53,0.53,0.0,4.156731,0.0
2019-03-24,22,0,104,0.1,0.1,0.0,0.784289,0.0
2019-03-24,22,0,106,0.0,0.0,0.0,0.0,0.0
2019-03-24,22,0,109,63.61,63.61,0.0,628.653528,0.0
2019-03-24,22,0,110,112.75,112.75,0.0,222.173873,0.0
2019-03-24,22,0,111,0.0,0.0,0.0,0.0,0.0
2019-03-24,22,0,113,0.0,0.0,0.0,0.0,0.0
2019-03-24,22,0,115,0.0,0.0,0.0,0.0,0.0
2019-03-24,22,0,116,0.0,0.0,0.0,0.0,0.0
2019-03-24,22,0,117,0.0,0.0,0.0,0.0,0.0
2019-03-24,22,0,119,96.74,96.74,0.0,1249.620473,0.0
2019-03-24,22,0,120,56.88,56.88,0.0,734.736536,0.0
2019-03-24,22,0,123,0.0,0.0,0.0,0.0,0.0
2019-03-24,22,0,125,46.68,46.68,0.0,443.417526,0.0
2019-03-24,22,0,126,0.0,0.0,0.0,0.0,0.0
2019-03-24,22,0,127,0.0,0.0,0.0,0.0,0.0
2019-03-24,22,0,128,66.86,66.86,0.0,635.109164,0.0
2019-03-24,22,0,131,3.14,3.14,0.0,25.838926,0.0
2019-03-24,22,0,132,4.62,4.62,0.0,38.017782,0.0
2019-03-24,22,0,133,139.8,139.8,0.0,1573.738079,0.0
2019-03-24,22,0,134,0.0,0.0,0.0,0.0,0.0
2019-03-24,22,0,135,187.33,187.33,0.0,2108.786511,0.0
2019-03-24,22,0,136,45.9,45.9,0.0,120.865922,0.0
2019-03-24,22,0,139,58.05,58.05,0.0,564.53879,0.0
2019-03-24,22,0,140,83.44,83.44,0.0,164.418519,0.0
2019-03-24,22,0,141,47.53,47.53,0.0,304.064271,0.0
2019-03-24,22,0,142,0.0,0.0,0.0,0.0,0.0
2019-03-24,22,0,143,14.06,14.06,0.0,133.495273,0.0
2019-03-24,22,0,145,10.75,10.75,0.0,103.615717,0.0
2019-03-24,22,0,146,106.2,106.2,0.0,209.267098,0.0
2019-03-24,22,0,152,0.0,0.0,0.0,0.0,0.0
2019-03-24,22,0,153,0.0,0.0,0.0,0.0,0.0
2019-03-24,22,0,154,0.0,0.0,0.0,0.0,0.0
2019-03-24,22,0,157,0.0,0.0,0.0,0.0,0.0
2019-03-24,22,0,158,0.0,0.0,0.0,0.0,0.0
2019-03-24,22,0,159,0.0,0.0,0.0,0.0,0.0
2019-03-24,22,0,160,0.0,0.0,0.0,0.0,0.0
2019-03-24,22,0,161,0.0,0.0,0.0,0.0,0.0
2019-03-24,22,0,162,0.0,0.0,0.0,0.0,0.0
2019-03-24,22,0,163,90.26,90.26,0.0,177.857329,0.0
2019-03-24,22,0,164,0.0,0.0,0.0,0.0,0.0
2019-03-24,22,0,167,0.0,0.0,0.0,0.0,0.0
2019-03-24,22,0,168,0.0,0.0,0.0,0.0,0.0
2019-03-24,22,0,169,0.0,0.0,0.0,0.0,0.0
2019-03-24,22,0,170,0.0,0.0,0.0,0.0,0.0
2019-03-24,22,0,172,0.0,0.0,0.0,0.0,0.0
2019-03-24,22,0,173,0.0,0.0,0.0,0.0,0.0
2019-03-24,22,0,188,0.0,0.0,0.0,0.0,0.0
2019-03-24,22,0,190,0.0,0.0,0.0,0.0,0.0
2019-03-24,22,0,191,0.0,0.0,0.0,0.0,0.0
2019-03-24,22,0,192,147.22,147.22,0.0,1901.686231,0.0
2019-03-24,22,0,194,0.0,0.0,0.0,0.0,0.0
2019-03-24,22,0,196,0.0,0.0,0.0,0.0,0.0
2019-03-24,22,0,198,0.0,0.0,0.0,0.0,0.0
2019-03-24,22,0,199,62.04,62.04,0.0,671.722715,0.0
2019-03-24,22,0,200,0.0,0.0,0.0,0.0,0.0
2019-03-24,22,0,204,336.36,336.36,0.0,3318.808317,0.0
2019-03-24,22,0,205,316.45,316.45,0.0,3127.454942,0.0
2019-03-24,22,0,206,61.65,61.65,0.0,585.063526,0.0
2019-03-24,22,0,210,0.0,0.0,0.0,0.0,0.0
2019-03-24,22,0,214,0.0,0.0,0.0,0.0,0.0
2019-03-24,22,0,217,0.0,0.0,0.0,0.0,0.0
2019-03-24,22,0,218,0.0,0.0,0.0,0.0,0.0
2019-03-24,22,0,219,0.0,0.0,0.0,0.0,0.0
2019-03-24,22,0,221,0.0,0.0,0.0,0.0,0.0
2019-03-24,22,0,225,0.0,0.0,0.0,0.0,0.0
2019-03-24,22,0,233,0.0,0.0,0.0,0.0,0.0
2019-03-24,22,0,236,108.7,108.7,0.0,1098.495152,0.0
2019-03-24,22,0,237,110.99,110.99,0.0,1112.579871,0.0
2019-03-24,22,0,238,0.0,0.0,0.0,0.0,0.0
2019-03-24,22,0,240,0.0,0.0,0.0,0.0,0.0
2019-03-24,22,0,245,260.0,260.0,0.0,2244.907989,0.0
2019-03-24,22,0,247,138.72,138.72,0.0,1197.744755,0.0
2019-03-24,22,0,248,11.14,11.14,0.0,111.668977,0.0
2019-03-24,22,0,249,500.0,500.0,0.0,4317.130749,0.0
2019-03-24,22,0,251,678.68,678.68,0.0,3197.588673,0.0
2019-03-24,22,0,252,267.06,267.06,0.0,588.473093,0.0
2019-03-24,22,0,254,0.0,0.0,0.0,0.0,0.0
2019-03-24,22,0,255,0.0,0.0,0.0,0.0,0.0
2019-03-24,22,0,258,0.0,0.0,0.0,0.0,0.0
2019-03-24,22,0,260,0.0,0.0,0.0,0.0,0.0
2019-03-24,22,0,265,0.0,0.0,0.0,0.0,0.0
2019-03-24,22,0,266,37.59,37.59,0.0,365.564395,0.0
2019-03-24,22,0,267,46.19,46.19,0.0,449.199771,0.0
2019-03-24,22,0,270,281.87,281.87,0.0,555.424831,0.0
2019-03-24,22,0,272,0.0,0.0,0.0,0.0,0.0
2019-03-24,22,0,273,0.0,0.0,0.0,0.0,0.0
2019-03-24,22,0,274,363.36,363.36,0.0,716.000875,0.0
2019-03-24,22,0,275,505.8,505.8,0.0,996.678892,0.0
2019-03-24,22,0,276,0.0,0.0,0.0,0.0,0.0
2019-03-24,22,0,277,0.0,0.0,0.0,0.0,0.0
2019-03-24,22,0,278,0.0,0.0,0.0,0.0,0.0
2019-03-24,22,0,279,0.0,0.0,0.0,0.0,0.0
2019-03-24,22,0,281,3.42,3.42,0.0,32.471823,0.0
2019-03-24,22,0,282,0.0,0.0,0.0,0.0,0.0
2019-03-24,23,0,9,0.0,0.0,0.0,0.0,0.0
2019-03-24,23,0,17,0.0,0.0,0.0,-0.0,0.0
2019-03-24,23,0,19,638.99,638.99,0.0,-121.518698,0.0
2019-03-24,23,0,20,774.98,774.98,0.0,-147.380335,0.0
2019-03-24,23,0,21,0.0,0.0,0.0,0.0,0.0
2019-03-24,23,0,22,0.0,0.0,0.0,0.0,0.0
2019-03-24,23,0,23,33.92,33.92,0.0,322.324011,0.0
2019-03-24,23,0,24,60.02,60.02,0.0,570.338653,0.0
2019-03-24,23,0,29,0.0,0.0,0.0,0.0,0.0
2019-03-24,23,0,30,0.0,0.0,0.0,0.0,0.0
2019-03-24,23,0,31,8.59,8.59,0.0,81.587748,0.0
2019-03-24,23,0,32,0.0,0.0,0.0,0.0,0.0
2019-03-24,23,0,33,0.0,0.0,0.0,0.0,0.0
2019-03-24,23,0,34,0.0,0.0,0.0,0.0,0.0
2019-03-24,23,0,35,0.0,0.0,0.0,0.0,0.0
2019-03-24,23,0,36,0.0,0.0,0.0,0.0,0.0
2019-03-24,23,0,37,0.0,0.0,0.0,0.0,0.0
2019-03-24,23,0,38,0.0,0.0,0.0,0.0,0.0
2019-03-24,23,0,39,0.0,0.0,0.0,0.0,0.0
2019-03-24,23,0,40,0.0,0.0,0.0,0.0,0.0
2019-03-24,23,0,41,48.34,48.34,0.0,470.53184,0.0
2019-03-24,23,0,42,0.0,0.0,0.0,0.0,0.0
2019-03-24,23,0,43,0.0,0.0,0.0,0.0,0.0
2019-03-24,23,0,46,0.0,0.0,0.0,0.0,0.0
2019-03-24,23,0,52,9.1,9.1,0.0,86.431724,0.0
2019-03-24,23,0,53,14.46,14.46,0.0,137.340959,0.0
2019-03-24,23,0,55,198.64,198.64,0.0,1887.571978,0.0
2019-03-24,23,0,56,0.0,0.0,0.0,0.0,0.0
2019-03-24,23,0,57,0.0,0.0,0.0,0.0,0.0
2019-03-24,23,0,58,0.0,0.0,0.0,0.0,0.0
2019-03-24,23,0,59,0.0,0.0,0.0,0.0,0.0
2019-03-24,23,0,63,83.62,83.62,0.0,1081.107024,0.0
2019-03-24,23,0,64,98.38,98.38,0.0,1271.936248,0.0
2019-03-24,23,0,65,41.4,41.4,0.0,205.118957,0.0
2019-03-24,23,0,67,0.0,0.0,0.0,0.0,0.0
2019-03-24,23,0,68,0.0,0.0,0.0,0.0,0.0
2019-03-24,23,0,69,0.0,0.0,0.0,0.0,0.0
2019-03-24,23,0,74,32.29,32.29,0.0,324.387122,0.0
2019-03-24,23,0,77,21.59,21.59,0.0,195.838954,0.0
2019-03-24,23,0,78,16.32,16.32,0.0,148.035745,0.0
2019-03-24,23,0,79,9.44,9.44,0.0,85.628519,0.0
2019-03-24,23,0,80,15.27,15.27,0.0,138.511386,0.0
2019-03-24,23,0,81,19.97,19.97,0.0,181.14423,0.0
2019-03-24,23,0,82,14.09,14.09,0.0,127.807822,0.0
2019-03-24,23,0,83,31.41,31.41,0.0,284.914384,0.0
2019-03-24,23,0,84,0.0,0.0,0.0,0.0,0.0
2019-03-24,23,0,86,0.0,0.0,0.0,0.0,0.0
2019-03-24,23,0,87,0.0,0.0,0.0,0.0,0.0
2019-03-24,23,0,88,8.5,8.5,0.0,77.101951,0.0
2019-03-24,23,0,89,8.17,8.17,0.0,74.108581,0.0
2019-03-24,23,0,90,10.97,10.97,0.0,99.50687,0.0
2019-03-24,23,0,91,39.15,39.15,0.0,355.122513,0.0
2019-03-24,23,0,92,14.08,14.08,0.0,127.717113,0.0
2019-03-24,23,0,95,0.0,0.0,0.0,0.0,0.0
2019-03-24,23,0,96,3.36,3.36,0.0,31.897502,0.0
2019-03-24,23,0,97,20.66,20.66,0.0,196.131666,0.0
2019-03-24,23,0,99,6.23,6.23,0.0,62.586924,0.0
2019-03-24,23,0,101,0.0,0.0,0.0,0.0,0.0
2019-03-24,23,0,102,0.0,0.0,0.0,0.0,0.0
2019-03-24,23,0,103,0.0,0.0,0.0,0.0,0.0
2019-03-24,23,0,104,0.0,0.0,0.0,0.0,0.0
2019-03-24,23,0,106,0.0,0.0,0.0,0.0,0.0
2019-03-24,23,0,109,72.22,72.22,0.0,714.418823,0.0
2019-03-24,23,0,110,144.05,144.05,0.0,278.203769,0.0
2019-03-24,23,0,111,0.0,0.0,0.0,0.0,0.0
2019-03-24,23,0,113,0.0,0.0,0.0,0.0,0.0
2019-03-24,23,0,115,0.0,0.0,0.0,0.0,0.0
2019-03-24,23,0,116,0.0,0.0,0.0,0.0,0.0
2019-03-24,23,0,117,0.0,0.0,0.0,0.0,0.0
2019-03-24,23,0,119,98.38,98.38,0.0,1271.936248,0.0
2019-03-24,23,0,120,57.85,57.85,0.0,747.931611,0.0
2019-03-24,23,0,123,0.0,0.0,0.0,0.0,0.0
2019-03-24,23,0,125,54.31,54.31,0.0,516.079511,0.0
2019-03-24,23,0,126,0.0,0.0,0.0,0.0,0.0
2019-03-24,23,0,127,0.0,0.0,0.0,0.0,0.0
2019-03-24,23,0,128,77.79,77.79,0.0,739.197665,0.0
2019-03-24,23,0,131,3.01,3.01,0.0,24.7434,0.0
2019-03-24,23,0,132,4.43,4.43,0.0,36.416367,0.0
2019-03-24,23,0,133,130.35,130.35,0.0,1421.993622,0.0
2019-03-24,23,0,134,0.0,0.0,0.0,0.0,0.0
2019-03-24,23,0,135,174.66,174.66,0.0,1905.373272,0.0
2019-03-24,23,0,136,45.9,45.9,0.0,240.378295,0.0
2019-03-24,23,0,139,62.43,62.43,0.0,607.681067,0.0
2019-03-24,23,0,140,106.61,106.61,0.0,205.895896,0.0
2019-03-24,23,0,141,54.85,54.85,0.0,349.931289,0.0
2019-03-24,23,0,142,0.0,0.0,0.0,0.0,0.0
2019-03-24,23,0,143,14.69,14.69,0.0,139.525497,0.0
2019-03-24,23,0,145,4.58,4.58,0.0,44.170683,0.0
2019-03-24,23,0,146,106.24,106.24,0.0,205.181315,0.0
2019-03-24,23,0,152,0.0,0.0,0.0,0.0,0.0
2019-03-24,23,0,153,0.0,0.0,0.0,0.0,0.0
2019-03-24,23,0,154,0.0,0.0,0.0,0.0,0.0
2019-03-24,23,0,157,0.0,0.0,0.0,0.0,0.0
2019-03-24,23,0,158,0.0,0.0,0.0,0.0,0.0
2019-03-24,23,0,159,0.0,0.0,0.0,0.0,0.0
2019-03-24,23,0,160,0.0,0.0,0.0,0.0,0.0
2019-03-24,23,0,161,0.0,0.0,0.0,0.0,0.0
2019-03-24,23,0,162,2.29,2.29,0.0,27.952997,0.0
2019-03-24,23,0,163,89.63,89.63,0.0,173.102421,0.0
2019-03-24,23,0,164,0.0,0.0,0.0,0.0,0.0
2019-03-24,23,0,167,0.0,0.0,0.0,0.0,0.0
2019-03-24,23,0,168,0.0,0.0,0.0,0.0,0.0
2019-03-24,23,0,169,0.0,0.0,0.0,0.0,0.0
2019-03-24,23,0,170,0.0,0.0,0.0,0.0,0.0
2019-03-24,23,0,172,0.0,0.0,0.0,0.0,0.0
2019-03-24,23,0,173,0.0,0.0,0.0,0.0,0.0
2019-03-24,23,0,188,0.0,0.0,0.0,0.0,0.0
2019-03-24,23,0,190,0.0,0.0,0.0,0.0,0.0
2019-03-24,23,0,191,0.0,0.0,0.0,0.0,0.0
2019-03-24,23,0,192,138.09,138.09,0.0,1785.339261,0.0
2019-03-24,23,0,194,0.0,0.0,0.0,0.0,0.0
2019-03-24,23,0,196,0.0,0.0,0.0,0.0,0.0
2019-03-24,23,0,198,0.0,0.0,0.0,0.0,0.0
2019-03-24,23,0,199,43.98,43.98,0.0,476.05998,0.0
2019-03-24,23,0,200,0.0,0.0,0.0,0.0,0.0
2019-03-24,23,0,204,325.01,325.01,0.0,3209.605495,0.0
2019-03-24,23,0,205,382.04,382.04,0.0,3779.237982,0.0
2019-03-24,23,0,206,60.7,60.7,0.0,576.243569,0.0
2019-03-24,23,0,210,0.0,0.0,0.0,0.0,0.0
2019-03-24,23,0,214,0.0,0.0,0.0,0.0,0.0
2019-03-24,23,0,217,0.0,0.0,0.0,0.0,0.0
2019-03-24,23,0,218,0.0,0.0,0.0,0.0,0.0
2019-03-24,23,0,219,0.0,0.0,0.0,0.0,0.0
2019-03-24,23,0,221,0.0,0.0,0.0,0.0,0.0
2019-03-24,23,0,225,0.0,0.0,0.0,0.0,0.0
2019-03-24,23,0,233,0.0,0.0,0.0,0.0,0.0
2019-03-24,23,0,236,79.32,79.32,0.0,803.327156,0.0
2019-03-24,23,0,237,77.46,77.46,0.0,778.167435,0.0
2019-03-24,23,0,238,0.0,0.0,0.0,0.0,0.0
2019-03-24,23,0,240,0.0,0.0,0.0,0.0,0.0
2019-03-24,23,0,245,254.77,254.77,0.0,2341.580704,0.0
2019-03-24,23,0,247,115.69,115.69,0.0,1063.302083,0.0
2019-03-24,23,0,248,7.78,7.78,0.0,78.158309,0.0
2019-03-24,23,0,249,489.94,489.94,0.0,4503.018605,0.0
2019-03-24,23,0,251,326.4,326.4,0.0,2154.430549,0.0
2019-03-24,23,0,252,267.06,267.06,0.0,1323.165912,0.0
2019-03-24,23,0,254,0.0,0.0,0.0,0.0,0.0
2019-03-24,23,0,255,0.0,0.0,0.0,0.0,0.0
2019-03-24,23,0,258,0.0,0.0,0.0,0.0,0.0
2019-03-24,23,0,260,0.0,0.0,0.0,0.0,0.0
2019-03-24,23,0,265,0.0,0.0,0.0,0.0,0.0
2019-03-24,23,0,266,40.42,40.42,0.0,393.440153,0.0
2019-03-24,23,0,267,49.67,49.67,0.0,483.477793,0.0
2019-03-24,23,0,270,279.92,279.92,0.0,540.609504,0.0
2019-03-24,23,0,272,0.0,0.0,0.0,0.0,0.0
2019-03-24,23,0,273,0.0,0.0,0.0,0.0,0.0
2019-03-24,23,0,274,360.85,360.85,0.0,696.909615,0.0
2019-03-24,23,0,275,502.32,502.32,0.0,970.130629,0.0
2019-03-24,23,0,276,0.0,0.0,0.0,0.0,0.0
2019-03-24,23,0,277,0.0,0.0,0.0,0.0,0.0
2019-03-24,23,0,278,0.0,0.0,0.0,0.0,0.0
2019-03-24,23,0,279,0.0,0.0,0.0,0.0,0.0
2019-03-24,23,0,281,3.85,3.85,0.0,36.567268,0.0
2019-03-24,23,0,282,0.0,0.0,0.0,0.0,0.0
2019-03-25,0,0,9,0.0,0.0,0.0,0.0,0.0
2019-03-25,0,0,17,0.0,0.0,0.0,0.0,0.0
2019-03-25,0,0,19,523.62,523.62,0.0,4862.014666,0.0
2019-03-25,0,0,20,635.06,635.06,0.0,5896.778263,0.0
2019-03-25,0,0,21,0.0,0.0,0.0,0.0,0.0
2019-03-25,0,0,22,0.0,0.0,0.0,0.0,0.0
2019-03-25,0,0,23,39.97,39.97,0.0,345.55945,0.0
2019-03-25,0,0,24,70.72,70.72,0.0,611.407664,0.0
2019-03-25,0,0,29,0.0,0.0,0.0,0.0,0.0
2019-03-25,0,0,30,0.0,0.0,0.0,0.0,0.0
2019-03-25,0,0,31,9.73,9.73,0.0,84.080942,0.0
2019-03-25,0,0,32,0.0,0.0,0.0,0.0,0.0
2019-03-25,0,0,33,0.0,0.0,0.0,0.0,0.0
2019-03-25,0,0,34,0.0,0.0,0.0,0.0,0.0
2019-03-25,0,0,35,0.0,0.0,0.0,0.0,0.0
2019-03-25,0,0,36,0.0,0.0,0.0,0.0,0.0
2019-03-25,0,0,37,0.0,0.0,0.0,0.0,0.0
2019-03-25,0,0,38,0.0,0.0,0.0,0.0,0.0
2019-03-25,0,0,39,0.0,0.0,0.0,0.0,0.0
2019-03-25,0,0,40,0.0,0.0,0.0,0.0,0.0
2019-03-25,0,0,41,52.18,52.18,0.0,462.149881,0.0
2019-03-25,0,0,42,0.0,0.0,0.0,0.0,0.0
2019-03-25,0,0,43,0.0,0.0,0.0,0.0,0.0
2019-03-25,0,0,46,0.0,0.0,0.0,0.0,0.0
2019-03-25,0,0,52,10.31,10.31,0.0,89.092961,0.0
2019-03-25,0,0,53,16.38,16.38,0.0,141.546334,0.0
2019-03-25,0,0,55,222.49,222.49,0.0,1923.5307,0.0
2019-03-25,0,0,56,0.0,0.0,0.0,0.0,0.0
2019-03-25,0,0,57,0.0,0.0,0.0,0.0,0.0
2019-03-25,0,0,58,0.0,0.0,0.0,0.0,0.0
2019-03-25,0,0,59,0.0,0.0,0.0,0.0,0.0
2019-03-25,0,0,63,84.7,84.7,0.0,987.293454,0.0
2019-03-25,0,0,64,99.65,99.65,0.0,1161.555995,0.0
2019-03-25,0,0,65,39.24,39.24,0.0,364.180639,0.0
2019-03-25,0,0,67,0.0,0.0,0.0,0.0,0.0
2019-03-25,0,0,68,0.0,0.0,0.0,0.0,0.0
2019-03-25,0,0,69,0.0,0.0,0.0,0.0,0.0
2019-03-25,0,0,74,21.35,21.35,0.0,195.39695,0.0
2019-03-25,0,0,77,23.33,23.33,0.0,192.597728,0.0
2019-03-25,0,0,78,17.64,17.64,0.0,145.624686,0.0
2019-03-25,0,0,79,10.21,10.21,0.0,84.287304,0.0
2019-03-25,0,0,80,16.51,16.51,0.0,136.296121,0.0
2019-03-25,0,0,81,21.58,21.58,0.0,178.150835,0.0
2019-03-25,0,0,82,15.22,15.22,0.0,125.646696,0.0
2019-03-25,0,0,83,33.94,33.94,0.0,280.18718,0.0
2019-03-25,0,0,84,0.0,0.0,0.0,0.0,0.0
2019-03-25,0,0,86,0.0,0.0,0.0,0.0,0.0
2019-03-25,0,0,87,0.0,0.0,0.0,0.0,0.0
2019-03-25,0,0,88,6.52,6.52,0.0,53.824997,0.0
2019-03-25,0,0,89,6.27,6.27,0.0,51.761155,0.0
2019-03-25,0,0,90,8.42,8.42,0.0,69.510196,0.0
2019-03-25,0,0,91,30.04,30.04,0.0,247.991246,0.0
2019-03-25,0,0,92,10.8,10.8,0.0,89.157971,0.0
2019-03-25,0,0,95,3.04,3.04,0.0,33.474147,0.0
2019-03-25,0,0,96,3.56,3.56,0.0,30.74833,0.0
2019-03-25,0,0,97,21.91,21.91,0.0,189.240424,0.0
2019-03-25,0,0,99,4.12,4.12,0.0,37.706578,0.0
2019-03-25,0,0,101,0.0,0.0,0.0,0.0,0.0
2019-03-25,0,0,102,0.0,0.0,0.0,0.0,0.0
2019-03-25,0,0,103,0.0,0.0,0.0,0.0,0.0
2019-03-25,0,0,104,0.0,0.0,0.0,0.0,0.0
2019-03-25,0,0,106,0.0,0.0,0.0,0.0,0.0
2019-03-25,0,0,109,72.18,72.18,0.0,649.360584,0.0
2019-03-25,0,0,110,187.49,187.49,0.0,365.774242,0.0
2019-03-25,0,0,111,0.0,0.0,0.0,0.0,0.0
2019-03-25,0,0,113,0.0,0.0,0.0,0.0,0.0
2019-03-25,0,0,115,0.0,0.0,0.0,0.0,0.0
2019-03-25,0,0,116,0.0,0.0,0.0,0.0,0.0
2019-03-25,0,0,117,0.0,0.0,0.0,0.0,0.0
2019-03-25,0,0,119,99.65,99.65,0.0,1161.555995,0.0
2019-03-25,0,0,120,58.6,58.6,0.0,683.062532,0.0
2019-03-25,0,0,123,0.0,0.0,0.0,0.0,0.0
2019-03-25,0,0,125,64.0,64.0,0.0,553.310103,0.0
2019-03-25,0,0,126,0.0,0.0,0.0,0.0,0.0
2019-03-25,0,0,127,0.0,0.0,0.0,0.0,0.0
2019-03-25,0,0,128,91.66,91.66,0.0,792.443813,0.0
2019-03-25,0,0,131,3.14,3.14,0.0,23.562201,0.0
2019-03-25,0,0,132,4.61,4.61,0.0,34.592913,0.0
2019-03-25,0,0,133,107.92,107.92,0.0,1002.125147,0.0
2019-03-25,0,0,134,0.0,0.0,0.0,0.0,0.0
2019-03-25,0,0,135,144.6,144.6,0.0,1342.728839,0.0
2019-03-25,0,0,136,44.03,44.03,0.0,408.624957,0.0
2019-03-25,0,0,139,67.38,67.38,0.0,596.773841,0.0
2019-03-25,0,0,140,138.77,138.77,0.0,270.726394,0.0
2019-03-25,0,0,141,65.53,65.53,0.0,385.231828,0.0
2019-03-25,0,0,142,0.0,0.0,0.0,0.0,0.0
2019-03-25,0,0,143,39.06,39.06,0.0,337.533566,0.0
2019-03-25,0,0,145,5.01,5.01,0.0,43.953634,0.0
2019-03-25,0,0,146,115.9,115.9,0.0,226.109311,0.0
2019-03-25,0,0,152,0.0,0.0,0.0,0.0,0.0
2019-03-25,0,0,153,0.0,0.0,0.0,0.0,0.0
2019-03-25,0,0,154,0.0,0.0,0.0,0.0,0.0
2019-03-25,0,0,157,0.0,0.0,0.0,0.0,0.0
2019-03-25,0,0,158,0.0,0.0,0.0,0.0,0.0
2019-03-25,0,0,159,0.0,0.0,0.0,0.0,0.0
2019-03-25,0,0,160,0.0,0.0,0.0,0.0,0.0
2019-03-25,0,0,161,0.0,0.0,0.0,0.0,0.0
2019-03-25,0,0,162,8.29,8.29,0.0,91.342484,0.0
2019-03-25,0,0,163,89.94,89.94,0.0,175.463947,0.0
2019-03-25,0,0,164,0.0,0.0,0.0,0.0,0.0
2019-03-25,0,0,167,0.0,0.0,0.0,0.0,0.0
2019-03-25,0,0,168,0.0,0.0,0.0,0.0,0.0
2019-03-25,0,0,169,0.0,0.0,0.0,0.0,0.0
2019-03-25,0,0,170,0.0,0.0,0.0,0.0,0.0
2019-03-25,0,0,172,0.0,0.0,0.0,0.0,0.0
2019-03-25,0,0,173,0.0,0.0,0.0,0.0,0.0
2019-03-25,0,0,188,0.0,0.0,0.0,0.0,0.0
2019-03-25,0,0,190,0.0,0.0,0.0,0.0,0.0
2019-03-25,0,0,191,0.0,0.0,0.0,0.0,0.0
2019-03-25,0,0,192,129.45,129.45,0.0,1508.915439,0.0
2019-03-25,0,0,194,0.0,0.0,0.0,0.0,0.0
2019-03-25,0,0,196,0.0,0.0,0.0,0.0,0.0
2019-03-25,0,0,198,0.0,0.0,0.0,0.0,0.0
2019-03-25,0,0,199,18.11,18.11,0.0,177.324859,0.0
2019-03-25,0,0,200,0.0,0.0,0.0,0.0,0.0
2019-03-25,0,0,204,324.09,324.09,0.0,2910.459158,0.0
2019-03-25,0,0,205,381.85,381.85,0.0,3435.277625,0.0
2019-03-25,0,0,206,64.38,64.38,0.0,556.06109,0.0
2019-03-25,0,0,210,0.0,0.0,0.0,0.0,0.0
2019-03-25,0,0,214,0.0,0.0,0.0,0.0,0.0
2019-03-25,0,0,217,0.0,0.0,0.0,0.0,0.0
2019-03-25,0,0,218,0.0,0.0,0.0,0.0,0.0
2019-03-25,0,0,219,0.0,0.0,0.0,0.0,0.0
2019-03-25,0,0,221,0.0,0.0,0.0,0.0,0.0
2019-03-25,0,0,225,0.0,0.0,0.0,0.0,0.0
2019-03-25,0,0,233,0.0,0.0,0.0,0.0,0.0
2019-03-25,0,0,236,55.96,55.96,0.0,516.147235,0.0
2019-03-25,0,0,237,51.21,51.21,0.0,468.678118,0.0
2019-03-25,0,0,238,0.0,0.0,0.0,0.0,0.0
2019-03-25,0,0,240,0.0,0.0,0.0,0.0,0.0
2019-03-25,0,0,245,138.4,138.4,0.0,1287.405916,0.0
2019-03-25,0,0,247,97.85,97.85,0.0,910.207145,0.0
2019-03-25,0,0,248,5.14,5.14,0.0,47.041701,0.0
2019-03-25,0,0,249,259.28,259.28,0.0,2411.839638,0.0
2019-03-25,0,0,251,326.4,326.4,0.0,3026.839611,0.0
2019-03-25,0,0,252,253.11,253.11,0.0,2349.076489,0.0
2019-03-25,0,0,254,0.0,0.0,0.0,0.0,0.0
2019-03-25,0,0,255,0.0,0.0,0.0,0.0,0.0
2019-03-25,0,0,258,0.0,0.0,0.0,0.0,0.0
2019-03-25,0,0,260,0.0,0.0,0.0,0.0,0.0
2019-03-25,0,0,265,0.0,0.0,0.0,0.0,0.0
2019-03-25,0,0,266,43.63,43.63,0.0,386.423904,0.0
2019-03-25,0,0,267,53.62,53.62,0.0,474.90373,0.0
2019-03-25,0,0,270,280.89,280.89,0.0,547.988303,0.0
2019-03-25,0,0,272,0.0,0.0,0.0,0.0,0.0
2019-03-25,0,0,273,0.0,0.0,0.0,0.0,0.0
2019-03-25,0,0,274,362.11,362.11,0.0,706.440401,0.0
2019-03-25,0,0,275,504.06,504.06,0.0,983.370657,0.0
2019-03-25,0,0,276,0.0,0.0,0.0,0.0,0.0
2019-03-25,0,0,277,0.0,0.0,0.0,0.0,0.0
2019-03-25,0,0,278,0.0,0.0,0.0,0.0,0.0
2019-03-25,0,0,279,0.0,0.0,0.0,0.0,0.0
2019-03-25,0,0,281,4.37,4.37,0.0,37.762972,0.0
2019-03-25,0,0,282,0.0,0.0,0.0,0.0,0.0
2019-03-25,1,0,9,0.0,0.0,0.0,0.0,0.0
2019-03-25,1,0,17,0.0,0.0,0.0,0.0,0.0
2019-03-25,1,0,19,437.58,437.58,0.0,4423.03163,0.0
2019-03-25,1,0,20,530.7,530.7,0.0,5364.282842,0.0
2019-03-25,1,0,21,0.0,0.0,0.0,0.0,0.0
2019-03-25,1,0,22,0.0,0.0,0.0,0.0,0.0
2019-03-25,1,0,23,47.56,47.56,0.0,301.017763,0.0
2019-03-25,1,0,24,84.14,84.14,0.0,532.540676,0.0
2019-03-25,1,0,29,0.0,0.0,0.0,0.0,0.0
2019-03-25,1,0,30,0.0,0.0,0.0,0.0,0.0
2019-03-25,1,0,31,24.61,24.61,0.0,155.246104,0.0
2019-03-25,1,0,32,0.0,0.0,0.0,0.0,0.0
2019-03-25,1,0,33,0.0,0.0,0.0,0.0,0.0
2019-03-25,1,0,34,0.0,0.0,0.0,0.0,0.0
2019-03-25,1,0,35,0.0,0.0,0.0,0.0,0.0
2019-03-25,1,0,36,0.0,0.0,0.0,0.0,0.0
2019-03-25,1,0,37,0.0,0.0,0.0,0.0,0.0
2019-03-25,1,0,38,0.0,0.0,0.0,0.0,0.0
2019-03-25,1,0,39,0.0,0.0,0.0,0.0,0.0
2019-03-25,1,0,40,0.0,0.0,0.0,0.0,0.0
2019-03-25,1,0,41,56.0,56.0,0.0,417.651867,0.0
2019-03-25,1,0,42,0.0,0.0,0.0,0.0,0.0
2019-03-25,1,0,43,0.0,0.0,0.0,0.0,0.0
2019-03-25,1,0,46,0.0,0.0,0.0,0.0,0.0
2019-03-25,1,0,52,26.2,26.2,0.0,165.276226,0.0
2019-03-25,1,0,53,42.82,42.82,0.0,270.119389,0.0
2019-03-25,1,0,55,211.42,211.42,0.0,1338.123958,0.0
2019-03-25,1,0,56,0.0,0.0,0.0,0.0,0.0
2019-03-25,1,0,57,0.0,0.0,0.0,0.0,0.0
2019-03-25,1,0,58,0.0,0.0,0.0,0.0,0.0
2019-03-25,1,0,59,0.0,0.0,0.0,0.0,0.0
2019-03-25,1,0,63,86.5,86.5,0.0,1478.805016,0.0
2019-03-25,1,0,64,101.77,101.77,0.0,1739.861115,0.0
2019-03-25,1,0,65,31.78,31.78,0.0,320.179217,0.0
2019-03-25,1,0,67,0.0,0.0,0.0,-0.0,0.0
2019-03-25,1,0,68,0.0,0.0,0.0,0.0,0.0
2019-03-25,1,0,69,0.0,0.0,0.0,0.0,0.0
2019-03-25,1,0,74,13.13,13.13,0.0,120.315673,0.0
2019-03-25,1,0,77,27.55,27.55,0.0,119.057341,0.0
2019-03-25,1,0,78,20.83,20.83,0.0,90.016857,0.0
2019-03-25,1,0,79,12.05,12.05,0.0,52.074082,0.0
2019-03-25,1,0,80,19.49,19.49,0.0,84.226047,0.0
2019-03-25,1,0,81,25.48,25.48,0.0,110.111835,0.0
2019-03-25,1,0,82,17.98,17.98,0.0,77.700581,0.0
2019-03-25,1,0,83,40.08,40.08,0.0,173.205744,0.0
2019-03-25,1,0,84,0.0,0.0,0.0,0.0,0.0
2019-03-25,1,0,86,0.0,0.0,0.0,0.0,0.0
2019-03-25,1,0,87,0.0,0.0,0.0,0.0,0.0
2019-03-25,1,0,88,6.1,6.1,0.0,26.361154,0.0
2019-03-25,1,0,89,5.87,5.87,0.0,25.367209,0.0
2019-03-25,1,0,90,7.88,7.88,0.0,34.053425,0.0
2019-03-25,1,0,91,28.09,28.09,0.0,121.390952,0.0
2019-03-25,1,0,92,10.1,10.1,0.0,43.647156,0.0
2019-03-25,1,0,95,13.46,13.46,0.0,196.522675,0.0
2019-03-25,1,0,96,4.02,4.02,0.0,25.271082,0.0
2019-03-25,1,0,97,24.7,24.7,0.0,155.27257,0.0
2019-03-25,1,0,99,2.53,2.53,0.0,23.183446,0.0
2019-03-25,1,0,101,0.0,0.0,0.0,0.0,0.0
2019-03-25,1,0,102,0.0,0.0,0.0,0.0,0.0
2019-03-25,1,0,103,0.0,0.0,0.0,0.0,0.0
2019-03-25,1,0,104,0.0,0.0,0.0,0.0,0.0
2019-03-25,1,0,106,0.0,0.0,0.0,0.0,0.0
2019-03-25,1,0,109,74.18,74.18,0.0,601.876203,0.0
2019-03-25,1,0,110,243.67,243.67,0.0,-4864.513736,0.0
2019-03-25,1,0,111,0.0,0.0,0.0,0.0,0.0
2019-03-25,1,0,113,0.0,0.0,0.0,0.0,0.0
2019-03-25,1,0,115,0.0,0.0,0.0,0.0,0.0
2019-03-25,1,0,116,0.0,0.0,0.0,-0.0,0.0
2019-03-25,1,0,117,0.0,0.0,0.0,0.0,0.0
2019-03-25,1,0,119,101.77,101.77,0.0,1739.861115,0.0
2019-03-25,1,0,120,59.84,59.84,0.0,1023.025343,0.0
2019-03-25,1,0,123,0.0,0.0,0.0,0.0,0.0
2019-03-25,1,0,125,76.14,76.14,0.0,481.906906,0.0
2019-03-25,1,0,126,0.0,0.0,0.0,0.0,0.0
2019-03-25,1,0,127,0.0,0.0,0.0,0.0,0.0
2019-03-25,1,0,128,109.05,109.05,0.0,690.201578,0.0
2019-03-25,1,0,131,3.51,3.51,0.0,4.902753,0.0
2019-03-25,1,0,132,5.16,5.16,0.0,7.207466,0.0
2019-03-25,1,0,133,90.79,90.79,0.0,917.982616,0.0
2019-03-25,1,0,134,0.0,0.0,0.0,0.0,0.0
2019-03-25,1,0,135,121.66,121.66,0.0,1230.110861,0.0
2019-03-25,1,0,136,32.51,32.51,0.0,327.474842,0.0
2019-03-25,1,0,139,72.31,72.31,0.0,539.292973,0.0
2019-03-25,1,0,140,180.34,180.34,0.0,-3600.223282,0.0
2019-03-25,1,0,141,79.68,79.68,0.0,-386.820058,0.0
2019-03-25,1,0,142,0.0,0.0,0.0,-0.0,0.0
2019-03-25,1,0,143,53.79,53.79,0.0,339.320923,0.0
2019-03-25,1,0,145,5.66,5.66,0.0,39.501718,0.0
2019-03-25,1,0,146,135.5,135.5,0.0,-2705.058527,0.0
2019-03-25,1,0,152,0.0,0.0,0.0,0.0,0.0
2019-03-25,1,0,153,0.0,0.0,0.0,0.0,0.0
2019-03-25,1,0,154,0.0,0.0,0.0,0.0,0.0
2019-03-25,1,0,157,0.0,0.0,0.0,-0.0,0.0
2019-03-25,1,0,158,0.0,0.0,0.0,-0.0,0.0
2019-03-25,1,0,159,0.0,0.0,0.0,0.0,0.0
2019-03-25,1,0,160,0.0,0.0,0.0,0.0,0.0
2019-03-25,1,0,161,0.0,0.0,0.0,0.0,0.0
2019-03-25,1,0,162,20.4,20.4,0.0,298.418665,0.0
2019-03-25,1,0,163,91.31,91.31,0.0,-1822.870067,0.0
2019-03-25,1,0,164,0.0,0.0,0.0,0.0,0.0
2019-03-25,1,0,167,0.0,0.0,0.0,0.0,0.0
2019-03-25,1,0,168,0.0,0.0,0.0,0.0,0.0
2019-03-25,1,0,169,0.0,0.0,0.0,0.0,0.0
2019-03-25,1,0,170,0.0,0.0,0.0,0.0,0.0
2019-03-25,1,0,172,0.0,0.0,0.0,0.0,0.0
2019-03-25,1,0,173,0.0,0.0,0.0,0.0,0.0
2019-03-25,1,0,188,0.0,0.0,0.0,0.0,0.0
2019-03-25,1,0,190,0.0,0.0,0.0,0.0,0.0
2019-03-25,1,0,191,0.0,0.0,0.0,0.0,0.0
2019-03-25,1,0,192,121.16,121.16,0.0,2071.352783,0.0
2019-03-25,1,0,194,15.94,15.94,0.0,144.740328,0.0
2019-03-25,1,0,196,0.0,0.0,0.0,0.0,0.0
2019-03-25,1,0,198,0.0,0.0,0.0,0.0,0.0
2019-03-25,1,0,199,47.2,47.2,0.0,450.258378,0.0
2019-03-25,1,0,200,0.0,0.0,0.0,0.0,0.0
2019-03-25,1,0,204,330.51,330.51,0.0,2648.861189,0.0
2019-03-25,1,0,205,392.4,392.4,0.0,3183.826124,0.0
2019-03-25,1,0,206,72.57,72.57,0.0,456.199612,0.0
2019-03-25,1,0,210,0.0,0.0,0.0,0.0,0.0
2019-03-25,1,0,214,0.0,0.0,0.0,0.0,0.0
2019-03-25,1,0,217,0.0,0.0,0.0,0.0,0.0
2019-03-25,1,0,218,0.0,0.0,0.0,0.0,0.0
2019-03-25,1,0,219,0.0,0.0,0.0,0.0,0.0
2019-03-25,1,0,221,0.0,0.0,0.0,0.0,0.0
2019-03-25,1,0,225,0.0,0.0,0.0,0.0,0.0
2019-03-25,1,0,233,0.0,0.0,0.0,0.0,0.0
2019-03-25,1,0,236,37.79,37.79,0.0,364.765122,0.0
2019-03-25,1,0,237,31.5,31.5,0.0,288.647653,0.0
2019-03-25,1,0,238,0.0,0.0,0.0,0.0,0.0
2019-03-25,1,0,240,0.0,0.0,0.0,0.0,0.0
2019-03-25,1,0,245,57.29,57.29,0.0,586.051351,0.0
2019-03-25,1,0,247,84.46,84.46,0.0,863.988429,0.0
2019-03-25,1,0,248,3.16,3.16,0.0,28.956399,0.0
2019-03-25,1,0,249,110.17,110.17,0.0,1126.990354,0.0
2019-03-25,1,0,251,311.0,311.0,0.0,3116.395654,0.0
2019-03-25,1,0,252,205.0,205.0,0.0,2065.347374,0.0
2019-03-25,1,0,254,0.0,0.0,0.0,0.0,0.0
2019-03-25,1,0,255,0.0,0.0,0.0,0.0,0.0
2019-03-25,1,0,258,0.0,0.0,0.0,0.0,0.0
2019-03-25,1,0,260,0.0,0.0,0.0,0.0,0.0
2019-03-25,1,0,265,0.0,0.0,0.0,0.0,0.0
2019-03-25,1,0,266,46.82,46.82,0.0,349.186793,0.0
2019-03-25,1,0,267,57.54,57.54,0.0,429.137293,0.0
2019-03-25,1,0,270,285.15,285.15,0.0,-5692.601025,0.0
2019-03-25,1,0,272,0.0,0.0,0.0,0.0,0.0
2019-03-25,1,0,273,0.0,0.0,0.0,-0.0,0.0
2019-03-25,1,0,274,367.59,367.59,0.0,-7338.394567,0.0
2019-03-25,1,0,275,511.69,511.69,0.0,-10215.139465,0.0
2019-03-25,1,0,276,0.0,0.0,0.0,-0.0,0.0
2019-03-25,1,0,277,0.0,0.0,0.0,0.0,0.0
2019-03-25,1,0,278,0.0,0.0,0.0,0.0,0.0
2019-03-25,1,0,279,0.0,0.0,0.0,0.0,0.0
2019-03-25,1,0,281,10.16,10.16,0.0,64.091849,0.0
2019-03-25,1,0,282,0.0,0.0,0.0,0.0,0.0
2019-03-25,2,0,9,0.0,0.0,0.0,0.0,0.0
2019-03-25,2,0,17,0.0,0.0,0.0,0.0,0.0
2019-03-25,2,0,19,329.7,329.7,0.0,3718.765162,0.0
2019-03-25,2,0,20,399.86,399.86,0.0,4510.116583,0.0
2019-03-25,2,0,21,0.0,0.0,0.0,0.0,0.0
2019-03-25,2,0,22,0.0,0.0,0.0,0.0,0.0
2019-03-25,2,0,23,28.7,28.7,0.0,268.999758,0.0
2019-03-25,2,0,24,50.78,50.78,0.0,475.951488,0.0
2019-03-25,2,0,29,0.0,0.0,0.0,0.0,0.0
2019-03-25,2,0,30,0.0,0.0,0.0,0.0,0.0
2019-03-25,2,0,31,8.55,8.55,0.0,80.058951,0.0
2019-03-25,2,0,32,0.0,0.0,0.0,0.0,0.0
2019-03-25,2,0,33,0.0,0.0,0.0,0.0,0.0
2019-03-25,2,0,34,0.0,0.0,0.0,0.0,0.0
2019-03-25,2,0,35,0.0,0.0,0.0,0.0,0.0
2019-03-25,2,0,36,0.0,0.0,0.0,0.0,0.0
2019-03-25,2,0,37,0.0,0.0,0.0,0.0,0.0
2019-03-25,2,0,38,0.0,0.0,0.0,0.0,0.0
2019-03-25,2,0,39,0.0,0.0,0.0,0.0,0.0
2019-03-25,2,0,40,0.0,0.0,0.0,0.0,0.0
2019-03-25,2,0,41,51.13,51.13,0.0,505.530403,0.0
2019-03-25,2,0,42,0.0,0.0,0.0,0.0,0.0
2019-03-25,2,0,43,0.0,0.0,0.0,0.0,0.0
2019-03-25,2,0,46,0.0,0.0,0.0,0.0,0.0
2019-03-25,2,0,52,9.06,9.06,0.0,84.834397,0.0
2019-03-25,2,0,53,14.4,14.4,0.0,134.836128,0.0
2019-03-25,2,0,55,191.52,191.52,0.0,1795.081312,0.0
2019-03-25,2,0,56,0.0,0.0,0.0,0.0,0.0
2019-03-25,2,0,57,0.0,0.0,0.0,0.0,0.0
2019-03-25,2,0,58,0.0,0.0,0.0,0.0,0.0
2019-03-25,2,0,59,0.0,0.0,0.0,0.0,0.0
2019-03-25,2,0,63,97.34,97.34,0.0,1125.360204,0.0
2019-03-25,2,0,64,114.52,114.52,0.0,1323.980384,0.0
2019-03-25,2,0,65,21.1,21.1,0.0,237.578474,0.0
2019-03-25,2,0,67,0.0,0.0,0.0,0.0,0.0
2019-03-25,2,0,68,0.0,0.0,0.0,0.0,0.0
2019-03-25,2,0,69,0.0,0.0,0.0,0.0,0.0
2019-03-25,2,0,74,11.53,11.53,0.0,123.716084,0.0
2019-03-25,2,0,77,0.0,0.0,0.0,0.0,0.0
2019-03-25,2,0,78,0.0,0.0,0.0,0.0,0.0
2019-03-25,2,0,79,0.0,0.0,0.0,0.0,0.0
2019-03-25,2,0,80,0.0,0.0,0.0,0.0,0.0
2019-03-25,2,0,81,0.0,0.0,0.0,0.0,0.0
2019-03-25,2,0,82,0.0,0.0,0.0,0.0,0.0
2019-03-25,2,0,83,0.0,0.0,0.0,0.0,0.0
2019-03-25,2,0,84,0.0,0.0,0.0,0.0,0.0
2019-03-25,2,0,86,0.0,0.0,0.0,0.0,0.0
2019-03-25,2,0,87,0.0,0.0,0.0,0.0,0.0
2019-03-25,2,0,88,0.0,0.0,0.0,0.0,0.0
2019-03-25,2,0,89,0.0,0.0,0.0,0.0,0.0
2019-03-25,2,0,90,0.0,0.0,0.0,0.0,0.0
2019-03-25,2,0,91,0.0,0.0,0.0,0.0,0.0
2019-03-25,2,0,92,0.0,0.0,0.0,0.0,0.0
2019-03-25,2,0,95,10.84,10.84,0.0,118.263098,0.0
2019-03-25,2,0,96,1.94,1.94,0.0,18.146782,0.0
2019-03-25,2,0,97,11.91,11.91,0.0,111.406277,0.0
2019-03-25,2,0,99,2.22,2.22,0.0,23.820443,0.0
2019-03-25,2,0,101,0.0,0.0,0.0,0.0,0.0
2019-03-25,2,0,102,0.0,0.0,0.0,0.0,0.0
2019-03-25,2,0,103,0.0,0.0,0.0,0.0,0.0
2019-03-25,2,0,104,0.0,0.0,0.0,0.0,0.0
2019-03-25,2,0,106,0.0,0.0,0.0,0.0,0.0
2019-03-25,2,0,109,67.57,67.57,0.0,685.16074,0.0
2019-03-25,2,0,110,193.35,193.35,0.0,431.439855,0.0
2019-03-25,2,0,111,0.0,0.0,0.0,0.0,0.0
2019-03-25,2,0,113,4.28,4.28,0.0,36.644533,0.0
2019-03-25,2,0,115,4.28,4.28,0.0,36.644533,0.0
2019-03-25,2,0,116,0.0,0.0,0.0,0.0,0.0
2019-03-25,2,0,117,0.23,0.23,0.0,1.969216,0.0
2019-03-25,2,0,119,114.52,114.52,0.0,1323.980384,0.0
2019-03-25,2,0,120,67.34,67.34,0.0,778.526362,0.0
2019-03-25,2,0,123,0.0,0.0,0.0,0.0,0.0
2019-03-25,2,0,125,45.96,45.96,0.0,430.774525,0.0
2019-03-25,2,0,126,0.0,0.0,0.0,0.0,0.0
2019-03-25,2,0,127,0.0,0.0,0.0,0.0,0.0
2019-03-25,2,0,128,65.82,65.82,0.0,616.918609,0.0
2019-03-25,2,0,131,0.0,0.0,0.0,0.0,0.0
2019-03-25,2,0,132,0.0,0.0,0.0,0.0,0.0
2019-03-25,2,0,133,74.16,74.16,0.0,836.605295,0.0
2019-03-25,2,0,134,0.0,0.0,0.0,0.0,0.0
2019-03-25,2,0,135,99.36,99.36,0.0,1120.888648,0.0
2019-03-25,2,0,136,22.79,22.79,0.0,256.582754,0.0
2019-03-25,2,0,139,66.03,66.03,0.0,652.849061,0.0
2019-03-25,2,0,140,143.1,143.1,0.0,319.312352,0.0
2019-03-25,2,0,141,22.66,22.66,0.0,138.550537,0.0
2019-03-25,2,0,142,0.0,0.0,0.0,0.0,0.0
2019-03-25,2,0,143,23.82,23.82,0.0,223.041428,0.0
2019-03-25,2,0,145,3.68,3.68,0.0,35.521084,0.0
2019-03-25,2,0,146,109.43,109.43,0.0,244.181347,0.0
2019-03-25,2,0,152,0.0,0.0,0.0,0.0,0.0
2019-03-25,2,0,153,0.0,0.0,0.0,0.0,0.0
2019-03-25,2,0,154,0.0,0.0,0.0,0.0,0.0
2019-03-25,2,0,157,5.47,5.47,0.0,33.445341,0.0
2019-03-25,2,0,158,0.0,0.0,0.0,0.0,0.0
2019-03-25,2,0,159,0.0,0.0,0.0,0.0,0.0
2019-03-25,2,0,160,0.0,0.0,0.0,0.0,0.0
2019-03-25,2,0,161,0.0,0.0,0.0,0.0,0.0
2019-03-25,2,0,162,23.6,23.6,0.0,257.647617,0.0
2019-03-25,2,0,163,85.78,85.78,0.0,191.4089,0.0
2019-03-25,2,0,164,0.0,0.0,0.0,0.0,0.0
2019-03-25,2,0,167,0.0,0.0,0.0,0.0,0.0
2019-03-25,2,0,168,0.0,0.0,0.0,0.0,0.0
2019-03-25,2,0,169,0.0,0.0,0.0,0.0,0.0
2019-03-25,2,0,170,0.0,0.0,0.0,0.0,0.0
2019-03-25,2,0,172,0.0,0.0,0.0,0.0,0.0
2019-03-25,2,0,173,0.0,0.0,0.0,0.0,0.0
2019-03-25,2,0,188,0.0,0.0,0.0,0.0,0.0
2019-03-25,2,0,190,0.0,0.0,0.0,0.0,0.0
2019-03-25,2,0,191,0.0,0.0,0.0,0.0,0.0
2019-03-25,2,0,192,112.78,112.78,0.0,1303.864021,0.0
2019-03-25,2,0,194,27.87,27.87,0.0,266.614155,0.0
2019-03-25,2,0,196,0.0,0.0,0.0,0.0,0.0
2019-03-25,2,0,198,0.0,0.0,0.0,0.0,0.0
2019-03-25,2,0,199,12.66,12.66,0.0,118.33135,0.0
2019-03-25,2,0,200,0.0,0.0,0.0,0.0,0.0
2019-03-25,2,0,204,307.6,307.6,0.0,3102.98569,0.0
2019-03-25,2,0,205,331.73,331.73,0.0,3363.746813,0.0
2019-03-25,2,0,206,35.01,35.01,0.0,327.483942,0.0
2019-03-25,2,0,210,0.0,0.0,0.0,0.0,0.0
2019-03-25,2,0,214,0.0,0.0,0.0,0.0,0.0
2019-03-25,2,0,217,0.0,0.0,0.0,0.0,0.0
2019-03-25,2,0,218,0.0,0.0,0.0,0.0,0.0
2019-03-25,2,0,219,0.0,0.0,0.0,0.0,0.0
2019-03-25,2,0,221,0.0,0.0,0.0,0.0,0.0
2019-03-25,2,0,225,0.0,0.0,0.0,0.0,0.0
2019-03-25,2,0,233,0.0,0.0,0.0,0.0,0.0
2019-03-25,2,0,236,33.94,33.94,0.0,373.603209,0.0
2019-03-25,2,0,237,27.65,27.65,0.0,296.682542,0.0
2019-03-25,2,0,238,0.0,0.0,0.0,0.0,0.0
2019-03-25,2,0,240,0.0,0.0,0.0,0.0,0.0
2019-03-25,2,0,245,41.69,41.69,0.0,473.235656,0.0
2019-03-25,2,0,247,60.05,60.05,0.0,681.645506,0.0
2019-03-25,2,0,248,2.78,2.78,0.0,29.829203,0.0
2019-03-25,2,0,249,80.17,80.17,0.0,910.033642,0.0
2019-03-25,2,0,251,218.67,218.67,0.0,2455.11089,0.0
2019-03-25,2,0,252,136.09,136.09,0.0,1532.324857,0.0
2019-03-25,2,0,254,0.0,0.0,0.0,0.0,0.0
2019-03-25,2,0,255,0.0,0.0,0.0,0.0,0.0
2019-03-25,2,0,258,0.0,0.0,0.0,0.0,0.0
2019-03-25,2,0,260,0.0,0.0,0.0,0.0,0.0
2019-03-25,2,0,265,0.0,0.0,0.0,0.0,0.0
2019-03-25,2,0,266,42.76,42.76,0.0,422.774888,0.0
2019-03-25,2,0,267,52.54,52.54,0.0,519.471296,0.0
2019-03-25,2,0,270,267.9,267.9,0.0,597.790211,0.0
2019-03-25,2,0,272,18.46,18.46,0.0,158.050952,0.0
2019-03-25,2,0,273,0.0,0.0,0.0,0.0,0.0
2019-03-25,2,0,274,345.35,345.35,0.0,770.611606,0.0
2019-03-25,2,0,275,480.73,480.73,0.0,1072.697603,0.0
2019-03-25,2,0,276,0.0,0.0,0.0,0.0,0.0
2019-03-25,2,0,277,0.0,0.0,0.0,0.0,0.0
2019-03-25,2,0,278,0.0,0.0,0.0,0.0,0.0
2019-03-25,2,0,279,16.75,16.75,0.0,142.973241,0.0
2019-03-25,2,0,281,3.84,3.84,0.0,35.956301,0.0
2019-03-25,2,0,282,0.0,0.0,0.0,0.0,0.0
2019-03-25,3,0,9,0.0,0.0,0.0,0.0,0.0
2019-03-25,3,0,17,0.0,0.0,0.0,0.0,0.0
2019-03-25,3,0,19,244.38,244.38,0.0,3559.432094,0.0
2019-03-25,3,0,20,296.38,296.38,0.0,4316.820051,0.0
2019-03-25,3,0,21,0.0,0.0,0.0,0.0,0.0
2019-03-25,3,0,22,0.0,0.0,0.0,0.0,0.0
2019-03-25,3,0,23,16.93,16.93,0.0,192.53726,0.0
2019-03-25,3,0,24,29.95,29.95,0.0,340.607852,0.0
2019-03-25,3,0,29,0.0,0.0,0.0,0.0,0.0
2019-03-25,3,0,30,0.0,0.0,0.0,0.0,0.0
2019-03-25,3,0,31,6.47,6.47,0.0,73.484949,0.0
2019-03-25,3,0,32,0.0,0.0,0.0,0.0,0.0
2019-03-25,3,0,33,0.0,0.0,0.0,0.0,0.0
2019-03-25,3,0,34,0.0,0.0,0.0,0.0,0.0
2019-03-25,3,0,35,0.0,0.0,0.0,0.0,0.0
2019-03-25,3,0,36,0.0,0.0,0.0,0.0,0.0
2019-03-25,3,0,37,0.0,0.0,0.0,0.0,0.0
2019-03-25,3,0,38,0.0,0.0,0.0,0.0,0.0
2019-03-25,3,0,39,0.0,0.0,0.0,0.0,0.0
2019-03-25,3,0,40,0.0,0.0,0.0,0.0,0.0
2019-03-25,3,0,41,46.58,46.58,0.0,568.658776,0.0
2019-03-25,3,0,42,0.0,0.0,0.0,0.0,0.0
2019-03-25,3,0,43,0.0,0.0,0.0,0.0,0.0
2019-03-25,3,0,46,0.0,0.0,0.0,0.0,0.0
2019-03-25,3,0,52,6.86,6.86,0.0,77.91449,0.0
2019-03-25,3,0,53,10.89,10.89,0.0,123.686413,0.0
2019-03-25,3,0,55,146.35,146.35,0.0,1664.372591,0.0
2019-03-25,3,0,56,0.0,0.0,0.0,0.0,0.0
2019-03-25,3,0,57,0.0,0.0,0.0,0.0,0.0
2019-03-25,3,0,58,0.0,0.0,0.0,0.0,0.0
2019-03-25,3,0,59,0.0,0.0,0.0,0.0,0.0
2019-03-25,3,0,63,109.93,109.93,0.0,1487.082075,0.0
2019-03-25,3,0,64,129.33,129.33,0.0,1749.516281,0.0
2019-03-25,3,0,65,13.27,13.27,0.0,192.826135,0.0
2019-03-25,3,0,67,0.0,0.0,0.0,0.0,0.0
2019-03-25,3,0,68,1.18,1.18,0.0,10.124731,0.0
2019-03-25,3,0,69,0.0,0.0,0.0,0.0,0.0
2019-03-25,3,0,74,10.16,10.16,0.0,138.291557,0.0
2019-03-25,3,0,77,6.19,6.19,0.0,61.708721,0.0
2019-03-25,3,0,78,4.68,4.68,0.0,46.655382,0.0
2019-03-25,3,0,79,2.71,2.71,0.0,27.016257,0.0
2019-03-25,3,0,80,4.38,4.38,0.0,43.664652,0.0
2019-03-25,3,0,81,5.73,5.73,0.0,57.122936,0.0
2019-03-25,3,0,82,4.04,4.04,0.0,40.275159,0.0
2019-03-25,3,0,83,9.01,9.01,0.0,89.821579,0.0
2019-03-25,3,0,84,0.0,0.0,0.0,0.0,0.0
2019-03-25,3,0,86,0.0,0.0,0.0,0.0,0.0
2019-03-25,3,0,87,0.0,0.0,0.0,0.0,0.0
2019-03-25,3,0,88,7.88,7.88,0.0,78.556498,0.0
2019-03-25,3,0,89,7.58,7.58,0.0,75.565768,0.0
2019-03-25,3,0,90,10.17,10.17,0.0,101.385734,0.0
2019-03-25,3,0,91,36.29,36.29,0.0,361.778592,0.0
2019-03-25,3,0,92,13.05,13.05,0.0,130.096738,0.0
2019-03-25,3,0,95,20.09,20.09,0.0,255.540646,0.0
2019-03-25,3,0,96,0.85,0.85,0.0,9.641023,0.0
2019-03-25,3,0,97,5.21,5.21,0.0,59.0938,0.0
2019-03-25,3,0,99,1.96,1.96,0.0,26.678292,0.0
2019-03-25,3,0,101,0.0,0.0,0.0,0.0,0.0
2019-03-25,3,0,102,2.8,2.8,0.0,24.024786,0.0
2019-03-25,3,0,103,2.44,2.44,0.0,20.935885,0.0
2019-03-25,3,0,104,0.45,0.45,0.0,3.861126,0.0
2019-03-25,3,0,106,0.0,0.0,0.0,0.0,0.0
2019-03-25,3,0,109,65.32,65.32,0.0,822.730965,0.0
2019-03-25,3,0,110,151.32,151.32,0.0,342.47122,0.0
2019-03-25,3,0,111,0.0,0.0,0.0,0.0,0.0
2019-03-25,3,0,113,11.66,11.66,0.0,116.324961,0.0
2019-03-25,3,0,115,11.66,11.66,0.0,116.324961,0.0
2019-03-25,3,0,116,0.0,0.0,0.0,0.0,0.0
2019-03-25,3,0,117,0.6,0.6,0.0,5.985847,0.0
2019-03-25,3,0,119,129.33,129.33,0.0,1749.516281,0.0
2019-03-25,3,0,120,76.05,76.05,0.0,1028.769142,0.0
2019-03-25,3,0,123,0.0,0.0,0.0,0.0,0.0
2019-03-25,3,0,125,27.11,27.11,0.0,308.309812,0.0
2019-03-25,3,0,126,0.0,0.0,0.0,0.0,0.0
2019-03-25,3,0,127,0.0,0.0,0.0,0.0,0.0
2019-03-25,3,0,128,38.82,38.82,0.0,441.482364,0.0
2019-03-25,3,0,131,1.25,1.25,0.0,11.244479,0.0
2019-03-25,3,0,132,1.83,1.83,0.0,16.461918,0.0
2019-03-25,3,0,133,34.18,34.18,0.0,497.946969,0.0
2019-03-25,3,0,134,0.0,0.0,0.0,0.0,0.0
2019-03-25,3,0,135,45.73,45.73,0.0,666.211671,0.0
2019-03-25,3,0,136,15.35,15.35,0.0,223.021783,0.0
2019-03-25,3,0,139,60.15,60.15,0.0,734.324289,0.0
2019-03-25,3,0,140,111.99,111.99,0.0,253.458577,0.0
2019-03-25,3,0,141,5.72,5.72,0.0,40.184394,0.0
2019-03-25,3,0,142,0.0,0.0,0.0,0.0,0.0
2019-03-25,3,0,143,9.74,9.74,0.0,110.624946,0.0
2019-03-25,3,0,145,2.25,2.25,0.0,26.59147,0.0
2019-03-25,3,0,146,87.52,87.52,0.0,198.077459,0.0
2019-03-25,3,0,152,0.0,0.0,0.0,0.0,0.0
2019-03-25,3,0,153,0.0,0.0,0.0,0.0,0.0
2019-03-25,3,0,154,0.0,0.0,0.0,0.0,0.0
2019-03-25,3,0,157,16.9,16.9,0.0,118.726617,0.0
2019-03-25,3,0,158,0.0,0.0,0.0,0.0,0.0
2019-03-25,3,0,159,0.0,0.0,0.0,0.0,0.0
2019-03-25,3,0,160,0.0,0.0,0.0,0.0,0.0
2019-03-25,3,0,161,0.0,0.0,0.0,0.0,0.0
2019-03-25,3,0,162,27.73,27.73,0.0,352.97707,0.0
2019-03-25,3,0,163,80.54,80.54,0.0,182.280148,0.0
2019-03-25,3,0,164,0.0,0.0,0.0,0.0,0.0
2019-03-25,3,0,167,0.0,0.0,0.0,0.0,0.0
2019-03-25,3,0,168,0.0,0.0,0.0,0.0,0.0
2019-03-25,3,0,169,0.0,0.0,0.0,0.0,0.0
2019-03-25,3,0,170,0.0,0.0,0.0,0.0,0.0
2019-03-25,3,0,172,0.0,0.0,0.0,0.0,0.0
2019-03-25,3,0,173,0.0,0.0,0.0,0.0,0.0
2019-03-25,3,0,188,0.0,0.0,0.0,0.0,0.0
2019-03-25,3,0,190,0.0,0.0,0.0,0.0,0.0
2019-03-25,3,0,191,0.0,0.0,0.0,0.0,0.0
2019-03-25,3,0,192,105.28,105.28,0.0,1424.179031,0.0
2019-03-25,3,0,194,46.6,46.6,0.0,519.158462,0.0
2019-03-25,3,0,196,0.0,0.0,0.0,0.0,0.0
2019-03-25,3,0,198,0.0,0.0,0.0,0.0,0.0
2019-03-25,3,0,199,7.96,7.96,0.0,84.083417,0.0
2019-03-25,3,0,200,0.0,0.0,0.0,0.0,0.0
2019-03-25,3,0,204,291.92,291.92,0.0,3650.987094,0.0
2019-03-25,3,0,205,345.57,345.57,0.0,4352.589401,0.0
2019-03-25,3,0,206,15.31,15.31,0.0,173.651839,0.0
2019-03-25,3,0,210,0.0,0.0,0.0,0.0,0.0
2019-03-25,3,0,214,0.0,0.0,0.0,0.0,0.0
2019-03-25,3,0,217,0.0,0.0,0.0,0.0,0.0
2019-03-25,3,0,218,0.0,0.0,0.0,0.0,0.0
2019-03-25,3,0,219,0.0,0.0,0.0,0.0,0.0
2019-03-25,3,0,221,0.0,0.0,0.0,0.0,0.0
2019-03-25,3,0,225,0.0,0.0,0.0,0.0,0.0
2019-03-25,3,0,233,0.0,0.0,0.0,0.0,0.0
2019-03-25,3,0,236,30.28,30.28,0.0,426.679026,0.0
2019-03-25,3,0,237,24.36,24.36,0.0,331.573064,0.0
2019-03-25,3,0,238,0.0,0.0,0.0,0.0,0.0
2019-03-25,3,0,240,0.0,0.0,0.0,0.0,0.0
2019-03-25,3,0,245,29.42,29.42,0.0,432.203593,0.0
2019-03-25,3,0,247,41.33,41.33,0.0,607.171124,0.0
2019-03-25,3,0,248,2.45,2.45,0.0,33.347866,0.0
2019-03-25,3,0,249,56.57,56.57,0.0,831.059049,0.0
2019-03-25,3,0,251,148.1,148.1,0.0,2143.729683,0.0
2019-03-25,3,0,252,85.58,85.58,0.0,1243.561466,0.0
2019-03-25,3,0,254,0.0,0.0,0.0,0.0,0.0
2019-03-25,3,0,255,0.0,0.0,0.0,0.0,0.0
2019-03-25,3,0,258,0.0,0.0,0.0,0.0,0.0
2019-03-25,3,0,260,0.0,0.0,0.0,0.0,0.0
2019-03-25,3,0,265,0.0,0.0,0.0,0.0,0.0
2019-03-25,3,0,266,38.95,38.95,0.0,475.510076,0.0
2019-03-25,3,0,267,47.86,47.86,0.0,584.285295,0.0
2019-03-25,3,0,270,251.52,251.52,0.0,569.246373,0.0
2019-03-25,3,0,272,47.62,47.62,0.0,475.076728,0.0
2019-03-25,3,0,273,0.0,0.0,0.0,0.0,0.0
2019-03-25,3,0,274,324.24,324.24,0.0,733.828102,0.0
2019-03-25,3,0,275,451.35,451.35,0.0,1021.506642,0.0
2019-03-25,3,0,276,0.0,0.0,0.0,0.0,0.0
2019-03-25,3,0,277,0.0,0.0,0.0,0.0,0.0
2019-03-25,3,0,278,0.0,0.0,0.0,0.0,0.0
2019-03-25,3,0,279,49.94,49.94,0.0,498.075583,0.0
2019-03-25,3,0,281,2.9,2.9,0.0,32.937612,0.0
2019-03-25,3,0,282,0.0,0.0,0.0,0.0,0.0
2019-03-25,4,0,9,0.0,0.0,0.0,0.0,0.0
2019-03-25,4,0,17,0.0,0.0,0.0,0.0,0.0
2019-03-25,4,0,19,175.84,175.84,0.0,2423.322464,0.0
2019-03-25,4,0,20,213.27,213.27,0.0,2939.160497,0.0
2019-03-25,4,0,21,0.0,0.0,0.0,0.0,0.0
2019-03-25,4,0,22,0.0,0.0,0.0,0.0,0.0
2019-03-25,4,0,23,9.3,9.3,0.0,103.135477,0.0
2019-03-25,4,0,24,15.37,15.37,0.0,170.450782,0.0
2019-03-25,4,0,29,0.0,0.0,0.0,0.0,0.0
2019-03-25,4,0,30,0.0,0.0,0.0,0.0,0.0
2019-03-25,4,0,31,4.82,4.82,0.0,53.391842,0.0
2019-03-25,4,0,32,0.0,0.0,0.0,0.0,0.0
2019-03-25,4,0,33,0.0,0.0,0.0,0.0,0.0
2019-03-25,4,0,34,0.0,0.0,0.0,0.0,0.0
2019-03-25,4,0,35,0.0,0.0,0.0,0.0,0.0
2019-03-25,4,0,36,0.0,0.0,0.0,0.0,0.0
2019-03-25,4,0,37,0.0,0.0,0.0,0.0,0.0
2019-03-25,4,0,38,0.0,0.0,0.0,0.0,0.0
2019-03-25,4,0,39,0.0,0.0,0.0,0.0,0.0
2019-03-25,4,0,40,0.0,0.0,0.0,0.0,0.0
2019-03-25,4,0,41,42.28,42.28,0.0,499.092748,0.0
2019-03-25,4,0,42,0.0,0.0,0.0,0.0,0.0
2019-03-25,4,0,43,0.0,0.0,0.0,0.0,0.0
2019-03-25,4,0,46,0.0,0.0,0.0,0.0,0.0
2019-03-25,4,0,52,5.11,5.11,0.0,56.604214,0.0
2019-03-25,4,0,53,8.11,8.11,0.0,89.835651,0.0
2019-03-25,4,0,55,111.42,111.42,0.0,1235.629549,0.0
2019-03-25,4,0,56,0.0,0.0,0.0,0.0,0.0
2019-03-25,4,0,57,0.0,0.0,0.0,0.0,0.0
2019-03-25,4,0,58,0.0,0.0,0.0,0.0,0.0
2019-03-25,4,0,59,0.0,0.0,0.0,0.0,0.0
2019-03-25,4,0,63,123.91,123.91,0.0,1672.874464,0.0
2019-03-25,4,0,64,145.78,145.78,0.0,1968.135254,0.0
2019-03-25,4,0,65,7.67,7.67,0.0,105.486515,0.0
2019-03-25,4,0,67,0.0,0.0,0.0,0.0,0.0
2019-03-25,4,0,68,3.93,3.93,0.0,33.494657,0.0
2019-03-25,4,0,69,0.0,0.0,0.0,0.0,0.0
2019-03-25,4,0,74,9.08,9.08,0.0,117.955006,0.0
2019-03-25,4,0,77,50.68,50.68,0.0,500.798172,0.0
2019-03-25,4,0,78,38.32,38.32,0.0,378.661917,0.0
2019-03-25,4,0,79,22.17,22.17,0.0,219.074496,0.0
2019-03-25,4,0,80,35.86,35.86,0.0,354.353245,0.0
2019-03-25,4,0,81,46.88,46.88,0.0,463.248191,0.0
2019-03-25,4,0,82,33.07,33.07,0.0,326.783653,0.0
2019-03-25,4,0,83,73.74,73.74,0.0,728.667269,0.0
2019-03-25,4,0,84,0.0,0.0,0.0,0.0,0.0
2019-03-25,4,0,86,0.0,0.0,0.0,0.0,0.0
2019-03-25,4,0,87,0.0,0.0,0.0,0.0,0.0
2019-03-25,4,0,88,43.36,43.36,0.0,428.46505,0.0
2019-03-25,4,0,89,41.68,41.68,0.0,411.864006,0.0
2019-03-25,4,0,90,55.96,55.96,0.0,552.972883,0.0
2019-03-25,4,0,91,199.63,199.63,0.0,1972.658624,0.0
2019-03-25,4,0,92,71.79,71.79,0.0,709.3982,0.0
2019-03-25,4,0,95,80.61,80.61,0.0,1024.42623,0.0
2019-03-25,4,0,96,0.0,0.0,0.0,0.0,0.0
2019-03-25,4,0,97,0.0,0.0,0.0,0.0,0.0
2019-03-25,4,0,99,1.75,1.75,0.0,22.733619,0.0
2019-03-25,4,0,101,0.0,0.0,0.0,0.0,0.0
2019-03-25,4,0,102,9.3,9.3,0.0,79.262165,0.0
2019-03-25,4,0,103,8.09,8.09,0.0,68.949561,0.0
2019-03-25,4,0,104,1.5,1.5,0.0,12.78422,0.0
2019-03-25,4,0,106,0.0,0.0,0.0,0.0,0.0
2019-03-25,4,0,109,62.34,62.34,0.0,757.128678,0.0
2019-03-25,4,0,110,115.34,115.34,0.0,263.95776,0.0
2019-03-25,4,0,111,0.0,0.0,0.0,0.0,0.0
2019-03-25,4,0,113,15.61,15.61,0.0,154.972159,0.0
2019-03-25,4,0,115,15.61,15.61,0.0,154.972159,0.0
2019-03-25,4,0,116,0.0,0.0,0.0,0.0,0.0
2019-03-25,4,0,117,1.04,1.04,0.0,10.324859,0.0
2019-03-25,4,0,119,145.78,145.78,0.0,1968.135254,0.0
2019-03-25,4,0,120,85.72,85.72,0.0,1157.281891,0.0
2019-03-25,4,0,123,0.0,0.0,0.0,0.0,0.0
2019-03-25,4,0,125,14.1,14.1,0.0,156.36669,0.0
2019-03-25,4,0,126,0.0,0.0,0.0,0.0,0.0
2019-03-25,4,0,127,0.0,0.0,0.0,0.0,0.0
2019-03-25,4,0,128,19.15,19.15,0.0,212.370363,0.0
2019-03-25,4,0,131,10.0,10.0,0.0,89.326751,0.0
2019-03-25,4,0,132,14.7,14.7,0.0,131.310324,0.0
2019-03-25,4,0,133,39.83,39.83,0.0,549.019513,0.0
2019-03-25,4,0,134,0.0,0.0,0.0,0.0,0.0
2019-03-25,4,0,135,54.94,54.94,0.0,757.296813,0.0
2019-03-25,4,0,136,9.78,9.78,0.0,134.490441,0.0
2019-03-25,4,0,139,54.6,54.6,0.0,644.523747,0.0
2019-03-25,4,0,140,85.36,85.36,0.0,195.347966,0.0
2019-03-25,4,0,141,8.26,8.26,0.0,57.722112,0.0
2019-03-25,4,0,142,0.0,0.0,0.0,0.0,0.0
2019-03-25,4,0,143,7.39,7.39,0.0,81.860107,0.0
2019-03-25,4,0,145,1.3,1.3,0.0,14.916947,0.0
2019-03-25,4,0,146,68.75,68.75,0.0,157.335669,0.0
2019-03-25,4,0,152,0.0,0.0,0.0,0.0,0.0
2019-03-25,4,0,153,0.0,0.0,0.0,0.0,0.0
2019-03-25,4,0,154,0.0,0.0,0.0,0.0,0.0
2019-03-25,4,0,157,38.64,38.64,0.0,270.022082,0.0
2019-03-25,4,0,158,0.0,0.0,0.0,0.0,0.0
2019-03-25,4,0,159,0.0,0.0,0.0,0.0,0.0
2019-03-25,4,0,160,0.0,0.0,0.0,0.0,0.0
2019-03-25,4,0,161,0.0,0.0,0.0,0.0,0.0
2019-03-25,4,0,162,32.71,32.71,0.0,415.988352,0.0
2019-03-25,4,0,163,75.78,75.78,0.0,173.423956,0.0
2019-03-25,4,0,164,0.0,0.0,0.0,0.0,0.0
2019-03-25,4,0,167,0.0,0.0,0.0,0.0,0.0
2019-03-25,4,0,168,0.0,0.0,0.0,0.0,0.0
2019-03-25,4,0,169,0.0,0.0,0.0,0.0,0.0
2019-03-25,4,0,170,0.0,0.0,0.0,0.0,0.0
2019-03-25,4,0,172,0.0,0.0,0.0,0.0,0.0
2019-03-25,4,0,173,0.0,0.0,0.0,0.0,0.0
2019-03-25,4,0,188,0.0,0.0,0.0,0.0,0.0
2019-03-25,4,0,190,0.0,0.0,0.0,0.0,0.0
2019-03-25,4,0,191,0.0,0.0,0.0,0.0,0.0
2019-03-25,4,0,192,97.92,97.92,0.0,1321.990699,0.0
2019-03-25,4,0,194,73.23,73.23,0.0,813.81746,0.0
2019-03-25,4,0,196,0.0,0.0,0.0,0.0,0.0
2019-03-25,4,0,198,0.0,0.0,0.0,0.0,0.0
2019-03-25,4,0,199,4.71,4.71,0.0,50.439015,0.0
2019-03-25,4,0,200,0.0,0.0,0.0,0.0,0.0
2019-03-25,4,0,204,279.35,279.35,0.0,3371.998117,0.0
2019-03-25,4,0,205,329.8,329.8,0.0,4005.470613,0.0
2019-03-25,4,0,206,0.0,0.0,0.0,0.0,0.0
2019-03-25,4,0,210,0.0,0.0,0.0,0.0,0.0
2019-03-25,4,0,214,0.0,0.0,0.0,0.0,0.0
2019-03-25,4,0,217,0.0,0.0,0.0,0.0,0.0
2019-03-25,4,0,218,0.0,0.0,0.0,0.0,0.0
2019-03-25,4,0,219,0.0,0.0,0.0,0.0,0.0
2019-03-25,4,0,221,0.0,0.0,0.0,0.0,0.0
2019-03-25,4,0,225,0.0,0.0,0.0,0.0,0.0
2019-03-25,4,0,233,0.0,0.0,0.0,0.0,0.0
2019-03-25,4,0,236,26.82,26.82,0.0,359.103584,0.0
2019-03-25,4,0,237,21.78,21.78,0.0,282.936128,0.0
2019-03-25,4,0,238,0.0,0.0,0.0,0.0,0.0
2019-03-25,4,0,240,0.0,0.0,0.0,0.0,0.0
2019-03-25,4,0,245,20.11,20.11,0.0,279.235034,0.0
2019-03-25,4,0,247,27.46,27.46,0.0,381.292593,0.0
2019-03-25,4,0,248,2.19,2.19,0.0,28.4495,0.0
2019-03-25,4,0,249,38.67,38.67,0.0,536.947727,0.0
2019-03-25,4,0,251,96.87,96.87,0.0,1327.768804,0.0
2019-03-25,4,0,252,49.49,49.49,0.0,680.642456,0.0
2019-03-25,4,0,254,0.0,0.0,0.0,0.0,0.0
2019-03-25,4,0,255,0.0,0.0,0.0,0.0,0.0
2019-03-25,4,0,258,0.0,0.0,0.0,0.0,0.0
2019-03-25,4,0,260,0.0,0.0,0.0,0.0,0.0
2019-03-25,4,0,265,0.0,0.0,0.0,0.0,0.0
2019-03-25,4,0,266,35.36,35.36,0.0,417.405855,0.0
2019-03-25,4,0,267,43.45,43.45,0.0,512.903971,0.0
2019-03-25,4,0,270,236.66,236.66,0.0,541.600863,0.0
2019-03-25,4,0,272,52.16,52.16,0.0,517.83138,0.0
2019-03-25,4,0,273,0.0,0.0,0.0,0.0,0.0
2019-03-25,4,0,274,305.09,305.09,0.0,698.204205,0.0
2019-03-25,4,0,275,424.68,424.68,0.0,971.88817,0.0
2019-03-25,4,0,276,0.0,0.0,0.0,0.0,0.0
2019-03-25,4,0,277,0.0,0.0,0.0,0.0,0.0
2019-03-25,4,0,278,0.0,0.0,0.0,0.0,0.0
2019-03-25,4,0,279,112.11,112.11,0.0,1110.924517,0.0
2019-03-25,4,0,281,2.16,2.16,0.0,23.926635,0.0
2019-03-25,4,0,282,0.0,0.0,0.0,0.0,0.0
2019-03-25,5,0,9,0.0,0.0,0.0,0.0,0.0
2019-03-25,5,0,17,0.0,0.0,0.0,0.0,0.0
2019-03-25,5,0,19,148.9,148.9,0.0,1770.852255,0.0
2019-03-25,5,0,20,180.59,180.59,0.0,2147.738137,0.0
2019-03-25,5,0,21,0.0,0.0,0.0,0.0,0.0
2019-03-25,5,0,22,0.0,0.0,0.0,0.0,0.0
2019-03-25,5,0,23,3.02,3.02,0.0,35.916547,0.0
2019-03-25,5,0,24,5.34,5.34,0.0,63.508066,0.0
2019-03-25,5,0,29,0.0,0.0,0.0,0.0,0.0
2019-03-25,5,0,30,0.0,0.0,0.0,0.0,0.0
2019-03-25,5,0,31,3.9,3.9,0.0,46.382295,0.0
2019-03-25,5,0,32,0.0,0.0,0.0,0.0,0.0
2019-03-25,5,0,33,0.0,0.0,0.0,0.0,0.0
2019-03-25,5,0,34,0.0,0.0,0.0,0.0,0.0
2019-03-25,5,0,35,0.0,0.0,0.0,0.0,0.0
2019-03-25,5,0,36,0.0,0.0,0.0,0.0,0.0
2019-03-25,5,0,37,0.0,0.0,0.0,0.0,0.0
2019-03-25,5,0,38,0.0,0.0,0.0,0.0,0.0
2019-03-25,5,0,39,0.0,0.0,0.0,0.0,0.0
2019-03-25,5,0,40,0.0,0.0,0.0,0.0,0.0
2019-03-25,5,0,41,33.33,33.33,0.0,396.390233,0.0
2019-03-25,5,0,42,0.0,0.0,0.0,0.0,0.0
2019-03-25,5,0,43,0.0,0.0,0.0,0.0,0.0
2019-03-25,5,0,46,0.0,0.0,0.0,0.0,0.0
2019-03-25,5,0,52,4.13,4.13,0.0,49.117662,0.0
2019-03-25,5,0,53,6.57,6.57,0.0,78.136328,0.0
2019-03-25,5,0,55,53.65,53.65,0.0,638.053885,0.0
2019-03-25,5,0,56,0.0,0.0,0.0,0.0,0.0
2019-03-25,5,0,57,0.0,0.0,0.0,0.0,0.0
2019-03-25,5,0,58,0.0,0.0,0.0,0.0,0.0
2019-03-25,5,0,59,0.0,0.0,0.0,0.0,0.0
2019-03-25,5,0,63,109.39,109.39,0.0,1300.963923,0.0
2019-03-25,5,0,64,128.69,128.69,0.0,1530.496821,0.0
2019-03-25,5,0,65,5.3,5.3,0.0,63.03235,0.0
2019-03-25,5,0,67,0.0,0.0,0.0,0.0,0.0
2019-03-25,5,0,68,3.82,3.82,0.0,45.430864,0.0
2019-03-25,5,0,69,0.0,0.0,0.0,0.0,0.0
2019-03-25,5,0,74,7.81,7.81,0.0,92.88352,0.0
2019-03-25,5,0,77,63.49,63.49,0.0,755.079984,0.0
2019-03-25,5,0,78,48.0,48.0,0.0,570.859021,0.0
2019-03-25,5,0,79,27.78,27.78,0.0,330.384658,0.0
2019-03-25,5,0,80,44.92,44.92,0.0,534.2289,0.0
2019-03-25,5,0,81,58.73,58.73,0.0,698.469798,0.0
2019-03-25,5,0,82,41.43,41.43,0.0,492.722692,0.0
2019-03-25,5,0,83,92.38,92.38,0.0,1098.665757,0.0
2019-03-25,5,0,84,0.0,0.0,0.0,0.0,0.0
2019-03-25,5,0,86,0.0,0.0,0.0,0.0,0.0
2019-03-25,5,0,87,0.0,0.0,0.0,0.0,0.0
2019-03-25,5,0,88,52.14,52.14,0.0,620.095612,0.0
2019-03-25,5,0,89,50.13,50.13,0.0,596.19089,0.0
2019-03-25,5,0,90,67.3,67.3,0.0,800.391919,0.0
2019-03-25,5,0,91,240.08,240.08,0.0,2855.246536,0.0
2019-03-25,5,0,92,86.34,86.34,0.0,1026.832664,0.0
2019-03-25,5,0,95,35.65,35.65,0.0,423.981752,0.0
2019-03-25,5,0,96,0.0,0.0,0.0,0.0,0.0
2019-03-25,5,0,97,0.0,0.0,0.0,0.0,0.0
2019-03-25,5,0,99,1.51,1.51,0.0,17.958273,0.0
2019-03-25,5,0,101,0.0,0.0,0.0,0.0,0.0
2019-03-25,5,0,102,9.03,9.03,0.0,107.392853,0.0
2019-03-25,5,0,103,7.85,7.85,0.0,93.359236,0.0
2019-03-25,5,0,104,1.46,1.46,0.0,17.363629,0.0
2019-03-25,5,0,106,0.0,0.0,0.0,0.0,0.0
2019-03-25,5,0,109,40.42,40.42,0.0,480.710867,0.0
2019-03-25,5,0,110,96.37,96.37,0.0,1146.118414,0.0
2019-03-25,5,0,111,0.0,0.0,0.0,0.0,0.0
2019-03-25,5,0,113,36.16,36.16,0.0,430.047129,0.0
2019-03-25,5,0,115,36.16,36.16,0.0,430.047129,0.0
2019-03-25,5,0,116,0.0,0.0,0.0,0.0,0.0
2019-03-25,5,0,117,1.74,1.74,0.0,20.69364,0.0
2019-03-25,5,0,119,128.69,128.69,0.0,1530.496821,0.0
2019-03-25,5,0,120,75.67,75.67,0.0,899.935461,0.0
2019-03-25,5,0,123,0.0,0.0,0.0,0.0,0.0
2019-03-25,5,0,125,4.83,4.83,0.0,57.442689,0.0
2019-03-25,5,0,126,0.0,0.0,0.0,0.0,0.0
2019-03-25,5,0,127,0.0,0.0,0.0,0.0,0.0
2019-03-25,5,0,128,6.92,6.92,0.0,82.298842,0.0
2019-03-25,5,0,131,11.2,11.2,0.0,133.200438,0.0
2019-03-25,5,0,132,16.46,16.46,0.0,195.757073,0.0
2019-03-25,5,0,133,13.47,13.47,0.0,160.197313,0.0
2019-03-25,5,0,134,0.0,0.0,0.0,0.0,0.0
2019-03-25,5,0,135,19.19,19.19,0.0,228.224679,0.0
2019-03-25,5,0,136,7.28,7.28,0.0,86.580285,0.0
2019-03-25,5,0,139,43.04,43.04,0.0,511.870255,0.0
2019-03-25,5,0,140,71.32,71.32,0.0,848.201362,0.0
2019-03-25,5,0,141,16.35,16.35,0.0,194.448854,0.0
2019-03-25,5,0,142,0.0,0.0,0.0,0.0,0.0
2019-03-25,5,0,143,11.18,11.18,0.0,132.96258,0.0
2019-03-25,5,0,145,0.0,0.0,0.0,0.0,0.0
2019-03-25,5,0,146,64.56,64.56,0.0,767.805383,0.0
2019-03-25,5,0,152,0.0,0.0,0.0,0.0,0.0
2019-03-25,5,0,153,0.0,0.0,0.0,0.0,0.0
2019-03-25,5,0,154,0.0,0.0,0.0,0.0,0.0
2019-03-25,5,0,157,38.75,38.75,0.0,460.84973,0.0
2019-03-25,5,0,158,0.0,0.0,0.0,0.0,0.0
2019-03-25,5,0,159,0.0,0.0,0.0,0.0,0.0
2019-03-25,5,0,160,0.0,0.0,0.0,0.0,0.0
2019-03-25,5,0,161,0.0,0.0,0.0,0.0,0.0
2019-03-25,5,0,162,29.05,29.05,0.0,345.488637,0.0
2019-03-25,5,0,163,67.44,67.44,0.0,802.056924,0.0
2019-03-25,5,0,164,0.0,0.0,0.0,0.0,0.0
2019-03-25,5,0,167,0.0,0.0,0.0,0.0,0.0
2019-03-25,5,0,168,0.0,0.0,0.0,0.0,0.0
2019-03-25,5,0,169,0.0,0.0,0.0,0.0,0.0
2019-03-25,5,0,170,0.0,0.0,0.0,0.0,0.0
2019-03-25,5,0,172,0.0,0.0,0.0,0.0,0.0
2019-03-25,5,0,173,0.0,0.0,0.0,0.0,0.0
2019-03-25,5,0,188,0.0,0.0,0.0,0.0,0.0
2019-03-25,5,0,190,0.0,0.0,0.0,0.0,0.0
2019-03-25,5,0,191,0.0,0.0,0.0,0.0,0.0
2019-03-25,5,0,192,83.97,83.97,0.0,998.6465,0.0
2019-03-25,5,0,194,89.28,89.28,0.0,1061.797779,0.0
2019-03-25,5,0,196,0.0,0.0,0.0,0.0,0.0
2019-03-25,5,0,198,0.0,0.0,0.0,0.0,0.0
2019-03-25,5,0,199,0.0,0.0,0.0,0.0,0.0
2019-03-25,5,0,200,0.0,0.0,0.0,0.0,0.0
2019-03-25,5,0,204,148.41,148.41,0.0,1765.024735,0.0
2019-03-25,5,0,205,213.81,213.81,0.0,2542.820151,0.0
2019-03-25,5,0,206,0.0,0.0,0.0,0.0,0.0
2019-03-25,5,0,210,0.0,0.0,0.0,0.0,0.0
2019-03-25,5,0,214,0.0,0.0,0.0,0.0,0.0
2019-03-25,5,0,217,0.0,0.0,0.0,0.0,0.0
2019-03-25,5,0,218,0.0,0.0,0.0,0.0,0.0
2019-03-25,5,0,219,0.0,0.0,0.0,0.0,0.0
2019-03-25,5,0,221,0.0,0.0,0.0,0.0,0.0
2019-03-25,5,0,225,0.0,0.0,0.0,0.0,0.0
2019-03-25,5,0,233,0.0,0.0,0.0,0.0,0.0
2019-03-25,5,0,236,14.94,14.94,0.0,177.67987,0.0
2019-03-25,5,0,237,18.73,18.73,0.0,222.753947,0.0
2019-03-25,5,0,238,0.0,0.0,0.0,0.0,0.0
2019-03-25,5,0,240,0.0,0.0,0.0,0.0,0.0
2019-03-25,5,0,245,14.44,14.44,0.0,171.733422,0.0
2019-03-25,5,0,247,19.1,19.1,0.0,227.154319,0.0
2019-03-25,5,0,248,1.88,1.88,0.0,22.358645,0.0
2019-03-25,5,0,249,27.76,27.76,0.0,330.1468,0.0
2019-03-25,5,0,251,64.72,64.72,0.0,769.708247,0.0
2019-03-25,5,0,252,34.16,34.16,0.0,406.261337,0.0
2019-03-25,5,0,254,0.0,0.0,0.0,0.0,0.0
2019-03-25,5,0,255,0.0,0.0,0.0,0.0,0.0
2019-03-25,5,0,258,0.0,0.0,0.0,0.0,0.0
2019-03-25,5,0,260,0.0,0.0,0.0,0.0,0.0
2019-03-25,5,0,265,0.0,0.0,0.0,0.0,0.0
2019-03-25,5,0,266,27.87,27.87,0.0,331.455019,0.0
2019-03-25,5,0,267,34.25,34.25,0.0,407.331697,0.0
2019-03-25,5,0,270,210.63,210.63,0.0,2505.000741,0.0
2019-03-25,5,0,272,124.32,124.32,0.0,1478.524864,0.0
2019-03-25,5,0,273,0.0,0.0,0.0,0.0,0.0
2019-03-25,5,0,274,271.52,271.52,0.0,3229.159195,0.0
2019-03-25,5,0,275,377.96,377.96,0.0,4495.039074,0.0
2019-03-25,5,0,276,0.0,0.0,0.0,0.0,0.0
2019-03-25,5,0,277,0.0,0.0,0.0,0.0,0.0
2019-03-25,5,0,278,0.0,0.0,0.0,0.0,0.0
2019-03-25,5,0,279,101.85,101.85,0.0,1211.291485,0.0
2019-03-25,5,0,281,1.75,1.75,0.0,20.812568,0.0
2019-03-25,5,0,282,0.0,0.0,0.0,0.0,0.0
2019-03-25,6,0,9,0.0,0.0,0.0,0.0,0.0
2019-03-25,6,0,17,0.0,0.0,0.0,0.0,0.0
2019-03-25,6,0,19,125.66,125.66,0.0,1992.065069,0.0
2019-03-25,6,0,20,152.4,152.4,0.0,2415.969414,0.0
2019-03-25,6,0,21,0.0,0.0,0.0,0.0,0.0
2019-03-25,6,0,22,0.0,0.0,0.0,0.0,0.0
2019-03-25,6,0,23,5.48,5.48,0.0,68.076809,0.0
2019-03-25,6,0,24,9.7,9.7,0.0,120.500921,0.0
2019-03-25,6,0,29,0.0,0.0,0.0,0.0,0.0
2019-03-25,6,0,30,0.0,0.0,0.0,0.0,0.0
2019-03-25,6,0,31,3.15,3.15,0.0,39.081625,0.0
2019-03-25,6,0,32,0.0,0.0,0.0,0.0,0.0
2019-03-25,6,0,33,0.0,0.0,0.0,0.0,0.0
2019-03-25,6,0,34,0.0,0.0,0.0,0.0,0.0
2019-03-25,6,0,35,0.0,0.0,0.0,0.0,0.0
2019-03-25,6,0,36,0.0,0.0,0.0,0.0,0.0
2019-03-25,6,0,37,0.0,0.0,0.0,0.0,0.0
2019-03-25,6,0,38,0.0,0.0,0.0,0.0,0.0
2019-03-25,6,0,39,0.0,0.0,0.0,0.0,0.0
2019-03-25,6,0,40,0.0,0.0,0.0,0.0,0.0
2019-03-25,6,0,41,25.78,25.78,0.0,343.467863,0.0
2019-03-25,6,0,42,0.0,0.0,0.0,0.0,0.0
2019-03-25,6,0,43,0.0,0.0,0.0,0.0,0.0
2019-03-25,6,0,46,0.0,0.0,0.0,0.0,0.0
2019-03-25,6,0,52,3.34,3.34,0.0,41.438929,0.0
2019-03-25,6,0,53,5.3,5.3,0.0,65.756384,0.0
2019-03-25,6,0,55,13.85,13.85,0.0,172.055438,0.0
2019-03-25,6,0,56,0.0,0.0,0.0,0.0,0.0
2019-03-25,6,0,57,0.0,0.0,0.0,0.0,0.0
2019-03-25,6,0,58,0.0,0.0,0.0,0.0,0.0
2019-03-25,6,0,59,0.0,0.0,0.0,0.0,0.0
2019-03-25,6,0,63,97.69,97.69,0.0,1278.556666,0.0
2019-03-25,6,0,64,114.92,114.92,0.0,1504.061132,0.0
2019-03-25,6,0,65,3.86,3.86,0.0,61.050665,0.0
2019-03-25,6,0,67,0.0,0.0,0.0,0.0,0.0
2019-03-25,6,0,68,3.74,3.74,0.0,41.126788,0.0
2019-03-25,6,0,69,0.0,0.0,0.0,0.0,0.0
2019-03-25,6,0,74,6.84,6.84,0.0,101.44627,0.0
2019-03-25,6,0,77,78.47,78.47,0.0,856.02068,0.0
2019-03-25,6,0,78,59.32,59.32,0.0,647.115417,0.0
2019-03-25,6,0,79,34.33,34.33,0.0,374.50223,0.0
2019-03-25,6,0,80,55.52,55.52,0.0,605.661631,0.0
2019-03-25,6,0,81,72.58,72.58,0.0,791.767312,0.0
2019-03-25,6,0,82,51.2,51.2,0.0,558.535221,0.0
2019-03-25,6,0,83,114.17,114.17,0.0,1245.46809,0.0
2019-03-25,6,0,84,0.0,0.0,0.0,0.0,0.0
2019-03-25,6,0,86,0.0,0.0,0.0,0.0,0.0
2019-03-25,6,0,87,0.0,0.0,0.0,0.0,0.0
2019-03-25,6,0,88,62.61,62.61,0.0,683.005668,0.0
2019-03-25,6,0,89,60.18,60.18,0.0,656.497063,0.0
2019-03-25,6,0,90,80.81,80.81,0.0,881.547485,0.0
2019-03-25,6,0,91,288.26,288.26,0.0,3144.596932,0.0
2019-03-25,6,0,92,103.67,103.67,0.0,1130.924735,0.0
2019-03-25,6,0,95,36.0,36.0,0.0,1630.955683,0.0
2019-03-25,6,0,96,2.65,2.65,0.0,32.834128,0.0
2019-03-25,6,0,97,16.3,16.3,0.0,201.960864,0.0
2019-03-25,6,0,99,1.32,1.32,0.0,19.57735,0.0
2019-03-25,6,0,101,0.0,0.0,0.0,0.0,0.0
2019-03-25,6,0,102,8.86,8.86,0.0,97.428702,0.0
2019-03-25,6,0,103,7.7,7.7,0.0,84.6728,0.0
2019-03-25,6,0,104,1.43,1.43,0.0,15.724949,0.0
2019-03-25,6,0,106,0.0,0.0,0.0,0.0,0.0
2019-03-25,6,0,109,32.32,32.32,0.0,444.156107,0.0
2019-03-25,6,0,110,81.38,81.38,0.0,970.004362,0.0
2019-03-25,6,0,111,0.0,0.0,0.0,0.0,0.0
2019-03-25,6,0,113,47.93,47.93,0.0,504.655718,0.0
2019-03-25,6,0,115,47.93,47.93,0.0,504.655718,0.0
2019-03-25,6,0,116,0.0,0.0,0.0,0.0,0.0
2019-03-25,6,0,117,1.9,1.9,0.0,20.00513,0.0
2019-03-25,6,0,119,114.92,114.92,0.0,1504.061132,0.0
2019-03-25,6,0,120,67.58,67.58,0.0,884.480085,0.0
2019-03-25,6,0,123,0.0,0.0,0.0,0.0,0.0
2019-03-25,6,0,125,8.78,8.78,0.0,109.071967,0.0
2019-03-25,6,0,126,0.0,0.0,0.0,0.0,0.0
2019-03-25,6,0,127,0.0,0.0,0.0,0.0,0.0
2019-03-25,6,0,128,12.57,12.57,0.0,156.154286,0.0
2019-03-25,6,0,131,12.48,12.48,0.0,136.478637,0.0
2019-03-25,6,0,132,18.34,18.34,0.0,200.562356,0.0
2019-03-25,6,0,133,8.13,8.13,0.0,128.911429,0.0
2019-03-25,6,0,134,0.0,0.0,0.0,0.0,0.0
2019-03-25,6,0,135,10.89,10.89,0.0,172.674719,0.0
2019-03-25,6,0,136,5.43,5.43,0.0,85.871248,0.0
2019-03-25,6,0,139,33.29,33.29,0.0,443.523862,0.0
2019-03-25,6,0,140,60.23,60.23,0.0,717.908119,0.0
2019-03-25,6,0,141,45.99,45.99,0.0,516.176672,0.0
2019-03-25,6,0,142,0.0,0.0,0.0,0.0,0.0
2019-03-25,6,0,143,15.69,15.69,0.0,194.663711,0.0
2019-03-25,6,0,145,0.0,0.0,0.0,0.0,0.0
2019-03-25,6,0,146,60.32,60.32,0.0,718.980869,0.0
2019-03-25,6,0,152,0.0,0.0,0.0,0.0,0.0
2019-03-25,6,0,153,0.0,0.0,0.0,0.0,0.0
2019-03-25,6,0,154,0.0,0.0,0.0,0.0,0.0
2019-03-25,6,0,157,40.33,40.33,0.0,452.650689,0.0
2019-03-25,6,0,158,0.0,0.0,0.0,0.0,0.0
2019-03-25,6,0,159,0.0,0.0,0.0,0.0,0.0
2019-03-25,6,0,160,0.0,0.0,0.0,0.0,0.0
2019-03-25,6,0,161,0.0,0.0,0.0,0.0,0.0
2019-03-25,6,0,162,25.59,25.59,0.0,1160.028845,0.0
2019-03-25,6,0,163,60.87,60.87,0.0,725.536564,0.0
2019-03-25,6,0,164,0.0,0.0,0.0,0.0,0.0
2019-03-25,6,0,167,0.0,0.0,0.0,0.0,0.0
2019-03-25,6,0,168,0.0,0.0,0.0,0.0,0.0
2019-03-25,6,0,169,0.0,0.0,0.0,0.0,0.0
2019-03-25,6,0,170,0.0,0.0,0.0,0.0,0.0
2019-03-25,6,0,172,0.0,0.0,0.0,0.0,0.0
2019-03-25,6,0,173,0.0,0.0,0.0,0.0,0.0
2019-03-25,6,0,188,0.0,0.0,0.0,0.0,0.0
2019-03-25,6,0,190,0.0,0.0,0.0,0.0,0.0
2019-03-25,6,0,191,0.0,0.0,0.0,0.0,0.0
2019-03-25,6,0,192,74.74,74.74,0.0,978.189428,0.0
2019-03-25,6,0,194,109.72,109.72,0.0,1097.799794,0.0
2019-03-25,6,0,196,0.0,0.0,0.0,0.0,0.0
2019-03-25,6,0,198,0.0,0.0,0.0,0.0,0.0
2019-03-25,6,0,199,0.0,0.0,0.0,0.0,0.0
2019-03-25,6,0,200,0.0,0.0,0.0,0.0,0.0
2019-03-25,6,0,204,99.14,99.14,0.0,1353.001144,0.0
2019-03-25,6,0,205,170.96,170.96,0.0,2349.409905,0.0
2019-03-25,6,0,206,47.9,47.9,0.0,593.492354,0.0
2019-03-25,6,0,210,0.0,0.0,0.0,0.0,0.0
2019-03-25,6,0,214,0.0,0.0,0.0,0.0,0.0
2019-03-25,6,0,217,0.0,0.0,0.0,0.0,0.0
2019-03-25,6,0,218,0.0,0.0,0.0,0.0,0.0
2019-03-25,6,0,219,0.0,0.0,0.0,0.0,0.0
2019-03-25,6,0,221,0.0,0.0,0.0,0.0,0.0
2019-03-25,6,0,225,0.0,0.0,0.0,0.0,0.0
2019-03-25,6,0,233,0.0,0.0,0.0,0.0,0.0
2019-03-25,6,0,236,7.24,7.24,0.0,111.100489,0.0
2019-03-25,6,0,237,16.42,16.42,0.0,243.530372,0.0
2019-03-25,6,0,238,0.0,0.0,0.0,0.0,0.0
2019-03-25,6,0,240,0.0,0.0,0.0,0.0,0.0
2019-03-25,6,0,245,9.99,9.99,0.0,159.713576,0.0
2019-03-25,6,0,247,13.02,13.02,0.0,208.155231,0.0
2019-03-25,6,0,248,1.65,1.65,0.0,24.471688,0.0
2019-03-25,6,0,249,19.21,19.21,0.0,307.116896,0.0
2019-03-25,6,0,251,43.96,43.96,0.0,692.641271,0.0
2019-03-25,6,0,252,24.88,24.88,0.0,393.507913,0.0
2019-03-25,6,0,254,0.0,0.0,0.0,0.0,0.0
2019-03-25,6,0,255,0.0,0.0,0.0,0.0,0.0
2019-03-25,6,0,258,0.0,0.0,0.0,0.0,0.0
2019-03-25,6,0,260,0.0,0.0,0.0,0.0,0.0
2019-03-25,6,0,265,0.0,0.0,0.0,0.0,0.0
2019-03-25,6,0,266,21.56,21.56,0.0,287.244652,0.0
2019-03-25,6,0,267,26.49,26.49,0.0,352.927219,0.0
2019-03-25,6,0,270,190.11,190.11,0.0,2266.005522,0.0
2019-03-25,6,0,272,169.13,169.13,0.0,1780.77241,0.0
2019-03-25,6,0,273,0.0,0.0,0.0,0.0,0.0
2019-03-25,6,0,274,245.07,245.07,0.0,2921.09817,0.0
2019-03-25,6,0,275,341.15,341.15,0.0,4066.318361,0.0
2019-03-25,6,0,276,0.0,0.0,0.0,0.0,0.0
2019-03-25,6,0,277,0.0,0.0,0.0,0.0,0.0
2019-03-25,6,0,278,0.0,0.0,0.0,0.0,0.0
2019-03-25,6,0,279,95.74,95.74,0.0,1022.628983,0.0
2019-03-25,6,0,281,1.42,1.42,0.0,17.617748,0.0
2019-03-25,6,0,282,0.0,0.0,0.0,0.0,0.0
2019-03-25,7,0,9,0.0,0.0,0.0,0.0,0.0
2019-03-25,7,0,17,0.0,0.0,0.0,0.0,0.0
2019-03-25,7,0,19,104.63,104.63,0.0,1550.609391,0.0
2019-03-25,7,0,20,126.9,126.9,0.0,1880.649256,0.0
2019-03-25,7,0,21,0.0,0.0,0.0,0.0,0.0
2019-03-25,7,0,22,0.0,0.0,0.0,0.0,0.0
2019-03-25,7,0,23,21.79,21.79,0.0,247.850195,0.0
2019-03-25,7,0,24,38.56,38.56,0.0,438.600436,0.0
2019-03-25,7,0,29,0.0,0.0,0.0,0.0,0.0
2019-03-25,7,0,30,0.0,0.0,0.0,0.0,0.0
2019-03-25,7,0,31,6.09,6.09,0.0,69.168986,0.0
2019-03-25,7,0,32,0.0,0.0,0.0,0.0,0.0
2019-03-25,7,0,33,0.0,0.0,0.0,0.0,0.0
2019-03-25,7,0,34,0.0,0.0,0.0,0.0,0.0
2019-03-25,7,0,35,0.0,0.0,0.0,0.0,0.0
2019-03-25,7,0,36,0.0,0.0,0.0,0.0,0.0
2019-03-25,7,0,37,0.0,0.0,0.0,0.0,0.0
2019-03-25,7,0,38,0.0,0.0,0.0,0.0,0.0
2019-03-25,7,0,39,0.0,0.0,0.0,0.0,0.0
2019-03-25,7,0,40,0.0,0.0,0.0,0.0,0.0
2019-03-25,7,0,41,14.63,14.63,0.0,180.054617,0.0
2019-03-25,7,0,42,0.0,0.0,0.0,0.0,0.0
2019-03-25,7,0,43,0.0,0.0,0.0,0.0,0.0
2019-03-25,7,0,46,0.0,0.0,0.0,0.0,0.0
2019-03-25,7,0,52,6.45,6.45,0.0,73.257793,0.0
2019-03-25,7,0,53,10.25,10.25,0.0,116.417423,0.0
2019-03-25,7,0,55,8.79,8.79,0.0,99.98179,0.0
2019-03-25,7,0,56,0.0,0.0,0.0,0.0,0.0
2019-03-25,7,0,57,0.0,0.0,0.0,0.0,0.0
2019-03-25,7,0,58,0.0,0.0,0.0,0.0,0.0
2019-03-25,7,0,59,0.0,0.0,0.0,0.0,0.0
2019-03-25,7,0,63,88.62,88.62,0.0,1207.05654,0.0
2019-03-25,7,0,64,104.26,104.26,0.0,1420.082542,0.0
2019-03-25,7,0,65,3.14,3.14,0.0,46.423904,0.0
2019-03-25,7,0,67,0.0,0.0,0.0,0.0,0.0
2019-03-25,7,0,68,3.69,3.69,0.0,37.180648,0.0
2019-03-25,7,0,69,0.0,0.0,0.0,0.0,0.0
2019-03-25,7,0,74,6.17,6.17,0.0,85.339424,0.0
2019-03-25,7,0,77,95.97,95.97,0.0,938.905007,0.0
2019-03-25,7,0,78,72.55,72.55,0.0,709.779705,0.0
2019-03-25,7,0,79,41.99,41.99,0.0,410.801513,0.0
2019-03-25,7,0,80,67.9,67.9,0.0,664.287277,0.0
2019-03-25,7,0,81,88.77,88.77,0.0,868.465119,0.0
2019-03-25,7,0,82,62.62,62.62,0.0,612.631359,0.0
2019-03-25,7,0,83,139.64,139.64,0.0,1366.142494,0.0
2019-03-25,7,0,84,0.0,0.0,0.0,0.0,0.0
2019-03-25,7,0,86,0.0,0.0,0.0,0.0,0.0
2019-03-25,7,0,87,0.0,0.0,0.0,0.0,0.0
2019-03-25,7,0,88,73.74,73.74,0.0,721.421853,0.0
2019-03-25,7,0,89,70.89,70.89,0.0,693.539397,0.0
2019-03-25,7,0,90,95.18,95.18,0.0,931.176186,0.0
2019-03-25,7,0,91,339.53,339.53,0.0,3321.729884,0.0
2019-03-25,7,0,92,122.11,122.11,0.0,1194.640933,0.0
2019-03-25,7,0,95,36.0,36.0,0.0,1533.016106,0.0
2019-03-25,7,0,96,9.15,9.15,0.0,103.764195,0.0
2019-03-25,7,0,97,56.27,56.27,0.0,638.121445,0.0
2019-03-25,7,0,99,1.19,1.19,0.0,16.459305,0.0
2019-03-25,7,0,101,0.0,0.0,0.0,0.0,0.0
2019-03-25,7,0,102,8.73,8.73,0.0,87.963973,0.0
2019-03-25,7,0,103,7.59,7.59,0.0,76.477268,0.0
2019-03-25,7,0,104,1.41,1.41,0.0,14.20724,0.0
2019-03-25,7,0,106,0.0,0.0,0.0,0.0,0.0
2019-03-25,7,0,109,35.48,35.48,0.0,453.032341,0.0
2019-03-25,7,0,110,69.76,69.76,0.0,838.893282,0.0
2019-03-25,7,0,111,0.0,0.0,0.0,0.0,0.0
2019-03-25,7,0,113,28.39,28.39,0.0,265.019437,0.0
2019-03-25,7,0,115,28.39,28.39,0.0,265.019437,0.0
2019-03-25,7,0,116,0.0,0.0,0.0,0.0,0.0
2019-03-25,7,0,117,1.16,1.16,0.0,10.82855,0.0
2019-03-25,7,0,119,104.26,104.26,0.0,1420.082542,0.0
2019-03-25,7,0,120,61.3,61.3,0.0,834.942066,0.0
2019-03-25,7,0,123,0.0,0.0,0.0,0.0,0.0
2019-03-25,7,0,125,34.89,34.89,0.0,396.856048,0.0
2019-03-25,7,0,126,0.0,0.0,0.0,0.0,0.0
2019-03-25,7,0,127,0.0,0.0,0.0,0.0,0.0
2019-03-25,7,0,128,49.97,49.97,0.0,568.383397,0.0
2019-03-25,7,0,131,13.93,13.93,0.0,138.574238,0.0
2019-03-25,7,0,132,20.47,20.47,0.0,203.6335,0.0
2019-03-25,7,0,133,5.67,5.67,0.0,84.047839,0.0
2019-03-25,7,0,134,0.0,0.0,0.0,0.0,0.0
2019-03-25,7,0,135,7.59,7.59,0.0,112.508483,0.0
2019-03-25,7,0,136,4.09,4.09,0.0,60.461438,0.0
2019-03-25,7,0,139,18.9,18.9,0.0,232.606444,0.0
2019-03-25,7,0,140,51.63,51.63,0.0,620.872422,0.0
2019-03-25,7,0,141,112.21,112.21,0.0,1184.479921,0.0
2019-03-25,7,0,142,0.0,0.0,0.0,0.0,0.0
2019-03-25,7,0,143,9.21,9.21,0.0,104.605314,0.0
2019-03-25,7,0,145,3.08,3.08,0.0,36.598626,0.0
2019-03-25,7,0,146,56.54,56.54,0.0,679.917233,0.0
2019-03-25,7,0,152,0.0,0.0,0.0,0.0,0.0
2019-03-25,7,0,153,0.0,0.0,0.0,0.0,0.0
2019-03-25,7,0,154,0.0,0.0,0.0,0.0,0.0
2019-03-25,7,0,157,42.78,42.78,0.0,451.58231,0.0
2019-03-25,7,0,158,0.0,0.0,0.0,0.0,0.0
2019-03-25,7,0,159,0.0,0.0,0.0,0.0,0.0
2019-03-25,7,0,160,0.0,0.0,0.0,0.0,0.0
2019-03-25,7,0,161,0.0,0.0,0.0,0.0,0.0
2019-03-25,7,0,162,22.57,22.57,0.0,961.69195,0.0
2019-03-25,7,0,163,56.46,56.46,0.0,678.955199,0.0
2019-03-25,7,0,164,0.0,0.0,0.0,0.0,0.0
2019-03-25,7,0,167,0.0,0.0,0.0,0.0,0.0
2019-03-25,7,0,168,0.0,0.0,0.0,0.0,0.0
2019-03-25,7,0,169,0.0,0.0,0.0,0.0,0.0
2019-03-25,7,0,170,0.0,0.0,0.0,0.0,0.0
2019-03-25,7,0,172,0.0,0.0,0.0,0.0,0.0
2019-03-25,7,0,173,0.0,0.0,0.0,0.0,0.0
2019-03-25,7,0,188,0.0,0.0,0.0,0.0,0.0
2019-03-25,7,0,190,0.0,0.0,0.0,0.0,0.0
2019-03-25,7,0,191,0.0,0.0,0.0,0.0,0.0
2019-03-25,7,0,192,70.76,70.76,0.0,963.792832,0.0
2019-03-25,7,0,194,135.7,135.7,0.0,1161.516173,0.0
2019-03-25,7,0,196,0.0,0.0,0.0,0.0,0.0
2019-03-25,7,0,198,0.0,0.0,0.0,0.0,0.0
2019-03-25,7,0,199,5.73,5.73,0.0,60.174532,0.0
2019-03-25,7,0,200,0.0,0.0,0.0,0.0,0.0
2019-03-25,7,0,204,111.07,111.07,0.0,1407.734794,0.0
2019-03-25,7,0,205,187.7,187.7,0.0,2396.678984,0.0
2019-03-25,7,0,206,165.34,165.34,0.0,1875.013325,0.0
2019-03-25,7,0,210,0.0,0.0,0.0,0.0,0.0
2019-03-25,7,0,214,0.0,0.0,0.0,0.0,0.0
2019-03-25,7,0,217,0.0,0.0,0.0,0.0,0.0
2019-03-25,7,0,218,0.0,0.0,0.0,0.0,0.0
2019-03-25,7,0,219,0.0,0.0,0.0,0.0,0.0
2019-03-25,7,0,221,0.0,0.0,0.0,0.0,0.0
2019-03-25,7,0,225,0.0,0.0,0.0,0.0,0.0
2019-03-25,7,0,233,0.0,0.0,0.0,0.0,0.0
2019-03-25,7,0,236,0.0,0.0,0.0,0.0,0.0
2019-03-25,7,0,237,14.8,14.8,0.0,204.703967,0.0
2019-03-25,7,0,238,0.0,0.0,0.0,0.0,0.0
2019-03-25,7,0,240,0.0,0.0,0.0,0.0,0.0
2019-03-25,7,0,245,6.72,6.72,0.0,100.460973,0.0
2019-03-25,7,0,247,8.85,8.85,0.0,132.303514,0.0
2019-03-25,7,0,248,1.49,1.49,0.0,20.60871,0.0
2019-03-25,7,0,249,12.92,12.92,0.0,193.148181,0.0
2019-03-25,7,0,251,32.16,32.16,0.0,473.614237,0.0
2019-03-25,7,0,252,20.25,20.25,0.0,299.389826,0.0
2019-03-25,7,0,254,0.0,0.0,0.0,0.0,0.0
2019-03-25,7,0,255,0.0,0.0,0.0,0.0,0.0
2019-03-25,7,0,258,0.0,0.0,0.0,0.0,0.0
2019-03-25,7,0,260,0.0,0.0,0.0,0.0,0.0
2019-03-25,7,0,265,0.0,0.0,0.0,0.0,0.0
2019-03-25,7,0,266,12.23,12.23,0.0,150.517291,0.0
2019-03-25,7,0,267,15.04,15.04,0.0,185.100577,0.0
2019-03-25,7,0,270,176.34,176.34,0.0,2120.562519,0.0
2019-03-25,7,0,272,101.01,101.01,0.0,942.924034,0.0
2019-03-25,7,0,273,0.0,0.0,0.0,0.0,0.0
2019-03-25,7,0,274,227.32,227.32,0.0,2733.618418,0.0
2019-03-25,7,0,275,316.43,316.43,0.0,3805.203572,0.0
2019-03-25,7,0,276,0.0,0.0,0.0,0.0,0.0
2019-03-25,7,0,277,0.0,0.0,0.0,0.0,0.0
2019-03-25,7,0,278,0.0,0.0,0.0,0.0,0.0
2019-03-25,7,0,279,93.0,93.0,0.0,884.868238,0.0
2019-03-25,7,0,281,2.73,2.73,0.0,31.006787,0.0
2019-03-25,7,0,282,0.0,0.0,0.0,0.0,0.0
2019-03-25,8,0,9,0.19,0.19,0.0,2.286135,0.0
2019-03-25,8,0,17,6.54,6.54,0.0,90.079983,0.0
2019-03-25,8,0,19,65.31,65.31,0.0,899.560197,0.0
2019-03-25,8,0,20,81.28,81.28,0.0,1119.526149,0.0
2019-03-25,8,0,21,4.46,4.46,0.0,53.664011,0.0
2019-03-25,8,0,22,15.84,15.84,0.0,190.591465,0.0
2019-03-25,8,0,23,44.31,44.31,0.0,533.150746,0.0
2019-03-25,8,0,24,78.39,78.39,0.0,943.211171,0.0
2019-03-25,8,0,29,1.47,1.47,0.0,12.902753,0.0
2019-03-25,8,0,30,25.06,25.06,0.0,301.350528,0.0
2019-03-25,8,0,31,0.0,0.0,0.0,0.0,0.0
2019-03-25,8,0,32,0.84,0.84,0.0,9.258711,0.0
2019-03-25,8,0,33,0.37,0.37,0.0,5.28525,0.0
2019-03-25,8,0,34,0.59,0.59,0.0,8.42783,0.0
2019-03-25,8,0,35,0.59,0.59,0.0,8.42783,0.0
2019-03-25,8,0,36,1.27,1.27,0.0,16.198481,0.0
2019-03-25,8,0,37,0.61,0.61,0.0,7.751529,0.0
2019-03-25,8,0,38,0.79,0.79,0.0,10.038865,0.0
2019-03-25,8,0,39,0.52,0.52,0.0,6.60786,0.0
2019-03-25,8,0,40,0.52,0.52,0.0,6.60786,0.0
2019-03-25,8,0,41,3.1,3.1,0.0,38.599786,0.0
2019-03-25,8,0,42,5.87,5.87,0.0,80.201708,0.0
2019-03-25,8,0,43,3.97,3.97,0.0,50.12681,0.0
2019-03-25,8,0,46,3.39,3.39,0.0,42.70225,0.0
2019-03-25,8,0,52,0.0,0.0,0.0,0.0,0.0
2019-03-25,8,0,53,0.0,0.0,0.0,0.0,0.0
2019-03-25,8,0,55,4.73,4.73,0.0,56.912729,0.0
2019-03-25,8,0,56,7.39,7.39,0.0,88.865938,0.0
2019-03-25,8,0,57,7.03,7.03,0.0,84.53688,0.0
2019-03-25,8,0,58,13.52,13.52,0.0,162.580173,0.0
2019-03-25,8,0,59,13.3,13.3,0.0,159.934638,0.0
2019-03-25,8,0,63,65.34,65.34,0.0,722.556002,0.0
2019-03-25,8,0,64,76.81,76.81,0.0,849.395875,0.0
2019-03-25,8,0,65,4.22,4.22,0.0,58.038213,0.0
2019-03-25,8,0,67,18.99,18.99,0.0,213.460832,0.0
2019-03-25,8,0,68,6.09,6.09,0.0,68.693377,0.0
2019-03-25,8,0,69,0.37,0.37,0.0,5.28525,0.0
2019-03-25,8,0,74,2.87,2.87,0.0,37.899012,0.0
2019-03-25,8,0,77,108.38,108.38,0.0,1230.920471,0.0
2019-03-25,8,0,78,81.84,81.84,0.0,929.493738,0.0
2019-03-25,8,0,79,47.2,47.2,0.0,536.071657,0.0
2019-03-25,8,0,80,76.56,76.56,0.0,869.5264,0.0
2019-03-25,8,0,81,100.22,100.22,0.0,1138.243676,0.0
2019-03-25,8,0,82,70.58,70.58,0.0,801.608847,0.0
2019-03-25,8,0,83,157.89,157.89,0.0,1793.227838,0.0
2019-03-25,8,0,84,0.0,0.0,0.0,0.0,0.0
2019-03-25,8,0,86,1.85,1.85,0.0,26.426248,0.0
2019-03-25,8,0,87,9.46,9.46,0.0,135.130976,0.0
2019-03-25,8,0,88,84.3,84.3,0.0,957.433066,0.0
2019-03-25,8,0,89,81.36,81.36,0.0,924.042162,0.0
2019-03-25,8,0,90,106.15,106.15,0.0,1205.593356,0.0
2019-03-25,8,0,91,332.78,332.78,0.0,3779.532333,0.0
2019-03-25,8,0,92,133.16,133.16,0.0,1512.358091,0.0
2019-03-25,8,0,95,36.0,36.0,0.0,396.739513,0.0
2019-03-25,8,0,96,12.86,12.86,0.0,154.547757,0.0
2019-03-25,8,0,97,79.09,79.09,0.0,950.480724,0.0
2019-03-25,8,0,99,0.55,0.55,0.0,7.262877,0.0
2019-03-25,8,0,101,0.5,0.5,0.0,6.01258,0.0
2019-03-25,8,0,102,14.41,14.41,0.0,162.540487,0.0
2019-03-25,8,0,103,12.53,12.53,0.0,141.33465,0.0
2019-03-25,8,0,104,2.33,2.33,0.0,26.281703,0.0
2019-03-25,8,0,106,15.59,15.59,0.0,187.583393,0.0
2019-03-25,8,0,109,13.93,13.93,0.0,175.672451,0.0
2019-03-25,8,0,110,77.18,77.18,0.0,858.338422,0.0
2019-03-25,8,0,111,1.33,1.33,0.0,16.560553,0.0
2019-03-25,8,0,113,84.03,84.03,0.0,942.538639,0.0
2019-03-25,8,0,115,84.03,84.03,0.0,942.538639,0.0
2019-03-25,8,0,116,11.48,11.48,0.0,127.672002,0.0
2019-03-25,8,0,117,4.35,4.35,0.0,48.792611,0.0
2019-03-25,8,0,119,76.81,76.81,0.0,849.395875,0.0
2019-03-25,8,0,120,45.32,45.32,0.0,501.166789,0.0
2019-03-25,8,0,123,0.26,0.26,0.0,3.128395,0.0
2019-03-25,8,0,125,70.94,70.94,0.0,853.570615,0.0
2019-03-25,8,0,126,11.69,11.69,0.0,140.657464,0.0
2019-03-25,8,0,127,15.0,15.0,0.0,180.484342,0.0
2019-03-25,8,0,128,101.6,101.6,0.0,1222.48061,0.0
2019-03-25,8,0,131,22.46,22.46,0.0,253.576038,0.0
2019-03-25,8,0,132,33.02,33.02,0.0,372.799678,0.0
2019-03-25,8,0,133,3.93,3.93,0.0,54.138247,0.0
2019-03-25,8,0,134,0.0,0.0,0.0,0.0,0.0
2019-03-25,8,0,135,5.27,5.27,0.0,72.597598,0.0
2019-03-25,8,0,136,5.43,5.43,0.0,74.673371,0.0
2019-03-25,8,0,139,4.0,4.0,0.0,49.806175,0.0
2019-03-25,8,0,140,57.12,57.12,0.0,635.246057,0.0
2019-03-25,8,0,141,154.37,154.37,0.0,1735.226367,0.0
2019-03-25,8,0,142,25.04,25.04,0.0,281.467048,0.0
2019-03-25,8,0,143,0.0,0.0,0.0,0.0,0.0
2019-03-25,8,0,145,5.19,5.19,0.0,63.543993,0.0
2019-03-25,8,0,146,46.09,46.09,0.0,512.57862,0.0
2019-03-25,8,0,152,0.9,0.9,0.0,11.853924,0.0
2019-03-25,8,0,153,1.15,1.15,0.0,15.114936,0.0
2019-03-25,8,0,154,5.48,5.48,0.0,68.23446,0.0
2019-03-25,8,0,157,36.45,36.45,0.0,409.723399,0.0
2019-03-25,8,0,158,11.05,11.05,0.0,124.2097,0.0
2019-03-25,8,0,159,0.0,0.0,0.0,0.0,0.0
2019-03-25,8,0,160,0.32,0.32,0.0,3.992544,0.0
2019-03-25,8,0,161,4.58,4.58,0.0,51.661029,0.0
2019-03-25,8,0,162,29.82,29.82,0.0,328.651658,0.0
2019-03-25,8,0,163,86.69,86.69,0.0,964.101552,0.0
2019-03-25,8,0,164,0.43,0.43,0.0,5.170819,0.0
2019-03-25,8,0,167,1.0,1.0,0.0,11.019763,0.0
2019-03-25,8,0,168,0.5,0.5,0.0,5.509881,0.0
2019-03-25,8,0,169,0.0,0.0,0.0,0.0,0.0
2019-03-25,8,0,170,1.1,1.1,0.0,12.121739,0.0
2019-03-25,8,0,172,1.3,1.3,0.0,14.239966,0.0
2019-03-25,8,0,173,1.98,1.98,0.0,21.688564,0.0
2019-03-25,8,0,188,1.69,1.69,0.0,18.605251,0.0
2019-03-25,8,0,190,1.11,1.11,0.0,12.274826,0.0
2019-03-25,8,0,191,2.87,2.87,0.0,31.737614,0.0
2019-03-25,8,0,192,89.74,89.74,0.0,992.381016,0.0
2019-03-25,8,0,194,174.43,174.43,0.0,1938.684117,0.0
2019-03-25,8,0,196,0.69,0.69,0.0,7.65346,0.0
2019-03-25,8,0,198,1.42,1.42,0.0,16.912201,0.0
2019-03-25,8,0,199,11.53,11.53,0.0,121.070865,0.0
2019-03-25,8,0,200,2.89,2.89,0.0,30.34647,0.0
2019-03-25,8,0,204,56.64,56.64,0.0,711.472466,0.0
2019-03-25,8,0,205,73.72,73.72,0.0,929.689383,0.0
2019-03-25,8,0,206,232.42,232.42,0.0,2793.156275,0.0
2019-03-25,8,0,210,0.45,0.45,0.0,4.06237,0.0
2019-03-25,8,0,214,2.22,2.22,0.0,32.384942,0.0
2019-03-25,8,0,217,1.61,1.61,0.0,19.577272,0.0
2019-03-25,8,0,218,2.22,2.22,0.0,26.994748,0.0
2019-03-25,8,0,219,1.51,1.51,0.0,18.361292,0.0
2019-03-25,8,0,221,1.18,1.18,0.0,17.213618,0.0
2019-03-25,8,0,225,1.3,1.3,0.0,11.379198,0.0
2019-03-25,8,0,233,1.05,1.05,0.0,14.998681,0.0
2019-03-25,8,0,236,0.0,0.0,0.0,0.0,0.0
2019-03-25,8,0,237,6.88,6.88,0.0,90.851986,0.0
2019-03-25,8,0,238,7.64,7.64,0.0,104.385188,0.0
2019-03-25,8,0,240,1.43,1.43,0.0,18.239235,0.0
2019-03-25,8,0,245,5.71,5.71,0.0,79.079659,0.0
2019-03-25,8,0,247,7.07,7.07,0.0,97.914744,0.0
2019-03-25,8,0,248,0.69,0.69,0.0,9.111609,0.0
2019-03-25,8,0,249,10.97,10.97,0.0,151.92712,0.0
2019-03-25,8,0,251,43.49,43.49,0.0,596.655143,0.0
2019-03-25,8,0,252,27.23,27.23,0.0,374.497759,0.0
2019-03-25,8,0,254,2.31,2.31,0.0,29.08021,0.0
2019-03-25,8,0,255,1.06,1.06,0.0,13.344166,0.0
2019-03-25,8,0,258,1.77,1.77,0.0,22.539156,0.0
2019-03-25,8,0,260,0.79,0.79,0.0,9.856594,0.0
2019-03-25,8,0,265,5.67,5.67,0.0,70.600253,0.0
2019-03-25,8,0,266,2.59,2.59,0.0,32.249498,0.0
2019-03-25,8,0,267,3.18,3.18,0.0,39.595909,0.0
2019-03-25,8,0,270,270.74,270.74,0.0,3010.968442,0.0
2019-03-25,8,0,272,290.93,290.93,0.0,3263.272238,0.0
2019-03-25,8,0,273,2.74,2.74,0.0,30.472237,0.0
2019-03-25,8,0,274,349.02,349.02,0.0,3881.540244,0.0
2019-03-25,8,0,275,485.84,485.84,0.0,5403.150284,0.0
2019-03-25,8,0,276,0.6,0.6,0.0,6.688754,0.0
2019-03-25,8,0,277,0.76,0.76,0.0,8.567575,0.0
2019-03-25,8,0,278,1.21,1.21,0.0,13.64048,0.0
2019-03-25,8,0,279,155.66,155.66,0.0,1754.77454,0.0
2019-03-25,8,0,281,0.0,0.0,0.0,0.0,0.0
2019-03-25,8,0,282,13.75,13.75,0.0,165.34596,0.0
2019-03-25,9,0,9,1.17,1.17,0.0,15.709629,0.0
2019-03-25,9,0,17,20.41,20.41,0.0,186.335514,0.0
2019-03-25,9,0,19,32.58,32.58,0.0,297.442972,0.0
2019-03-25,9,0,20,40.46,40.46,0.0,369.384366,0.0
2019-03-25,9,0,21,26.77,26.77,0.0,359.441693,0.0
2019-03-25,9,0,22,95.14,95.14,0.0,1277.447989,0.0
2019-03-25,9,0,23,81.94,81.94,0.0,1100.211144,0.0
2019-03-25,9,0,24,144.98,144.98,0.0,1946.65135,0.0
2019-03-25,9,0,29,3.73,3.73,0.0,19.457808,0.0
2019-03-25,9,0,30,207.38,207.38,0.0,2790.491284,0.0
2019-03-25,9,0,31,0.0,0.0,0.0,0.0,0.0
2019-03-25,9,0,32,2.5,2.5,0.0,74.160674,0.0
2019-03-25,9,0,33,1.13,1.13,0.0,9.558823,0.0
2019-03-25,9,0,34,1.8,1.8,0.0,15.226444,0.0
2019-03-25,9,0,35,1.8,1.8,0.0,15.226444,0.0
2019-03-25,9,0,36,4.32,4.32,0.0,43.389378,0.0
2019-03-25,9,0,37,2.07,2.07,0.0,20.777755,0.0
2019-03-25,9,0,38,2.67,2.67,0.0,26.800293,0.0
2019-03-25,9,0,39,1.78,1.78,0.0,17.866862,0.0
2019-03-25,9,0,40,1.78,1.78,0.0,17.866862,0.0
2019-03-25,9,0,41,1.37,1.37,0.0,16.360482,0.0
2019-03-25,9,0,42,22.86,22.86,0.0,212.025488,0.0
2019-03-25,9,0,43,13.11,13.11,0.0,127.763715,0.0
2019-03-25,9,0,46,11.6,11.6,0.0,119.8146,0.0
2019-03-25,9,0,52,0.0,0.0,0.0,0.0,0.0
2019-03-25,9,0,53,0.0,0.0,0.0,0.0,0.0
2019-03-25,9,0,55,20.41,20.41,0.0,274.045758,0.0
2019-03-25,9,0,56,61.17,61.17,0.0,823.099392,0.0
2019-03-25,9,0,57,58.19,58.19,0.0,783.000713,0.0
2019-03-25,9,0,58,111.9,111.9,0.0,1505.718848,0.0
2019-03-25,9,0,59,110.03,110.03,0.0,1480.556254,0.0
2019-03-25,9,0,63,44.42,44.42,0.0,4552.157931,0.0
2019-03-25,9,0,64,52.25,52.25,0.0,5354.575685,0.0
2019-03-25,9,0,65,5.55,5.55,0.0,50.819222,0.0
2019-03-25,9,0,67,121.73,121.73,0.0,-68460.315562,0.0
2019-03-25,9,0,68,17.59,17.59,0.0,-7378.913108,0.0
2019-03-25,9,0,69,1.13,1.13,0.0,9.558823,0.0
2019-03-25,9,0,74,0.0,0.0,0.0,0.0,0.0
2019-03-25,9,0,77,60.0,60.0,0.0,-18042.610959,0.0
2019-03-25,9,0,78,45.36,45.36,0.0,-13640.213885,0.0
2019-03-25,9,0,79,26.25,26.25,0.0,-7893.642295,0.0
2019-03-25,9,0,80,42.45,42.45,0.0,-12765.147254,0.0
2019-03-25,9,0,81,55.5,55.5,0.0,-16689.415137,0.0
2019-03-25,9,0,82,39.15,39.15,0.0,-11772.803651,0.0
2019-03-25,9,0,83,87.3,87.3,0.0,-26251.998946,0.0
2019-03-25,9,0,84,0.0,0.0,0.0,-0.0,0.0
2019-03-25,9,0,86,5.71,5.71,0.0,48.301665,0.0
2019-03-25,9,0,87,29.18,29.18,0.0,246.837579,0.0
2019-03-25,9,0,88,155.83,155.83,0.0,-46859.667763,0.0
2019-03-25,9,0,89,148.85,148.85,0.0,-44760.710688,0.0
2019-03-25,9,0,90,208.93,208.93,0.0,-62827.378462,0.0
2019-03-25,9,0,91,785.09,785.09,0.0,-236084.557302,0.0
2019-03-25,9,0,92,276.23,276.23,0.0,-83065.173755,0.0
2019-03-25,9,0,95,36.0,36.0,0.0,914.892964,0.0
2019-03-25,9,0,96,18.0,18.0,0.0,242.750423,0.0
2019-03-25,9,0,97,110.69,110.69,0.0,1492.780237,0.0
2019-03-25,9,0,99,0.0,0.0,0.0,0.0,0.0
2019-03-25,9,0,101,4.18,4.18,0.0,56.245798,0.0
2019-03-25,9,0,102,41.6,41.6,0.0,-17450.982677,0.0
2019-03-25,9,0,103,36.18,36.18,0.0,-15177.320991,0.0
2019-03-25,9,0,104,6.75,6.75,0.0,-2831.589737,0.0
2019-03-25,9,0,106,93.65,93.65,0.0,1257.441708,0.0
2019-03-25,9,0,109,11.39,11.39,0.0,124.287893,0.0
2019-03-25,9,0,110,86.99,86.99,0.0,-86990.0,0.0
2019-03-25,9,0,111,6.0,6.0,0.0,71.651747,0.0
2019-03-25,9,0,113,74.75,74.75,0.0,-20257.51019,0.0
2019-03-25,9,0,115,74.75,74.75,0.0,-20257.51019,0.0
2019-03-25,9,0,116,48.64,48.64,0.0,-48640.0,0.0
2019-03-25,9,0,117,5.08,5.08,0.0,-1376.697682,0.0
2019-03-25,9,0,119,52.25,52.25,0.0,5354.575685,0.0
2019-03-25,9,0,120,30.73,30.73,0.0,3149.207862,0.0
2019-03-25,9,0,123,1.56,1.56,0.0,20.946173,0.0
2019-03-25,9,0,125,131.2,131.2,0.0,1761.626825,0.0
2019-03-25,9,0,126,70.24,70.24,0.0,943.114849,0.0
2019-03-25,9,0,127,90.14,90.14,0.0,1210.31282,0.0
2019-03-25,9,0,128,187.91,187.91,0.0,2523.073908,0.0
2019-03-25,9,0,131,30.0,30.0,0.0,-11439.917652,0.0
2019-03-25,9,0,132,44.1,44.1,0.0,-16816.678949,0.0
2019-03-25,9,0,133,2.61,2.61,0.0,23.821665,0.0
2019-03-25,9,0,134,0.0,0.0,0.0,0.0,0.0
2019-03-25,9,0,135,3.49,3.49,0.0,31.853491,0.0
2019-03-25,9,0,136,7.08,7.08,0.0,64.83934,0.0
2019-03-25,9,0,139,1.77,1.77,0.0,21.137265,0.0
2019-03-25,9,0,140,64.38,64.38,0.0,-64380.0,0.0
2019-03-25,9,0,141,207.15,207.15,0.0,-116500.076962,0.0
2019-03-25,9,0,142,160.53,160.53,0.0,-90281.232704,0.0
2019-03-25,9,0,143,0.0,0.0,0.0,0.0,0.0
2019-03-25,9,0,145,9.26,9.26,0.0,115.861564,0.0
2019-03-25,9,0,146,36.69,36.69,0.0,-36690.0,0.0
2019-03-25,9,0,152,3.18,3.18,0.0,31.426055,0.0
2019-03-25,9,0,153,4.06,4.06,0.0,40.259524,0.0
2019-03-25,9,0,154,24.74,24.74,0.0,295.444035,0.0
2019-03-25,9,0,157,32.48,32.48,0.0,-18266.582186,0.0
2019-03-25,9,0,158,111.34,111.34,0.0,-62617.033883,0.0
2019-03-25,9,0,159,0.0,0.0,0.0,0.0,0.0
2019-03-25,9,0,160,1.03,1.03,0.0,9.155302,0.0
2019-03-25,9,0,161,23.54,23.54,0.0,-9874.907024,0.0
2019-03-25,9,0,162,38.51,38.51,0.0,1008.814204,0.0
2019-03-25,9,0,163,125.55,125.55,0.0,-125550.0,0.0
2019-03-25,9,0,164,7.33,7.33,0.0,98.631985,0.0
2019-03-25,9,0,167,2.88,2.88,0.0,66.344915,0.0
2019-03-25,9,0,168,1.44,1.44,0.0,33.172458,0.0
2019-03-25,9,0,169,0.0,0.0,0.0,0.0,0.0
2019-03-25,9,0,170,3.15,3.15,0.0,72.564751,0.0
2019-03-25,9,0,172,3.76,3.76,0.0,33.857703,0.0
2019-03-25,9,0,173,5.73,5.73,0.0,51.596978,0.0
2019-03-25,9,0,188,5.06,5.06,0.0,76.672446,0.0
2019-03-25,9,0,190,4.1,4.1,0.0,132.952984,0.0
2019-03-25,9,0,191,10.58,10.58,0.0,343.083554,0.0
2019-03-25,9,0,192,112.29,112.29,0.0,3641.290389,0.0
2019-03-25,9,0,194,130.37,130.37,0.0,-17850.007558,0.0
2019-03-25,9,0,196,2.65,2.65,0.0,671.049525,0.0
2019-03-25,9,0,198,4.26,4.26,0.0,31.101058,0.0
2019-03-25,9,0,199,22.17,22.17,0.0,-817.803954,0.0
2019-03-25,9,0,200,8.71,8.71,0.0,-321.293299,0.0
2019-03-25,9,0,204,35.09,35.09,0.0,386.581544,0.0
2019-03-25,9,0,205,64.13,64.13,0.0,699.787757,0.0
2019-03-25,9,0,206,325.26,325.26,0.0,4386.500135,0.0
2019-03-25,9,0,210,1.15,1.15,0.0,5.913037,0.0
2019-03-25,9,0,214,6.12,6.12,0.0,49.346631,0.0
2019-03-25,9,0,217,4.27,4.27,0.0,28.945735,0.0
2019-03-25,9,0,218,5.89,5.89,0.0,39.927489,0.0
2019-03-25,9,0,219,4.01,4.01,0.0,27.183231,0.0
2019-03-25,9,0,221,3.27,3.27,0.0,26.366582,0.0
2019-03-25,9,0,225,3.35,3.35,0.0,17.49971,0.0
2019-03-25,9,0,233,3.23,3.23,0.0,27.323008,0.0
2019-03-25,9,0,236,0.0,0.0,0.0,0.0,0.0
2019-03-25,9,0,237,0.0,0.0,0.0,0.0,0.0
2019-03-25,9,0,238,29.75,29.75,0.0,275.929933,0.0
2019-03-25,9,0,240,4.9,4.9,0.0,49.214804,0.0
2019-03-25,9,0,245,4.8,4.8,0.0,43.345625,0.0
2019-03-25,9,0,247,5.52,5.52,0.0,49.847469,0.0
2019-03-25,9,0,248,0.0,0.0,0.0,0.0,0.0
2019-03-25,9,0,249,9.23,9.23,0.0,83.350024,0.0
2019-03-25,9,0,251,58.27,58.27,0.0,536.138954,0.0
2019-03-25,9,0,252,35.78,35.78,0.0,327.623744,0.0
2019-03-25,9,0,254,7.28,7.28,0.0,69.382011,0.0
2019-03-25,9,0,255,3.34,3.34,0.0,31.831857,0.0
2019-03-25,9,0,258,6.03,6.03,0.0,60.273807,0.0
2019-03-25,9,0,260,2.51,2.51,0.0,22.310492,0.0
2019-03-25,9,0,265,25.61,25.61,0.0,305.833538,0.0
2019-03-25,9,0,266,1.15,1.15,0.0,13.733251,0.0
2019-03-25,9,0,267,1.41,1.41,0.0,16.83816,0.0
2019-03-25,9,0,270,392.09,392.09,0.0,-392090.0,0.0
2019-03-25,9,0,272,249.44,249.44,0.0,-67599.108252,0.0
2019-03-25,9,0,273,11.63,11.63,0.0,-11630.0,0.0
2019-03-25,9,0,274,505.45,505.45,0.0,-505450.0,0.0
2019-03-25,9,0,275,703.59,703.59,0.0,-703590.0,0.0
2019-03-25,9,0,276,2.56,2.56,0.0,-2309.867493,0.0
2019-03-25,9,0,277,3.21,3.21,0.0,-908.15194,0.0
2019-03-25,9,0,278,5.13,5.13,0.0,-1451.345624,0.0
2019-03-25,9,0,279,241.71,241.71,0.0,-68382.992349,0.0
2019-03-25,9,0,281,0.0,0.0,0.0,0.0,0.0
2019-03-25,9,0,282,113.76,113.76,0.0,1530.746883,0.0
2019-03-25,10,0,9,2.26,2.26,0.0,12.023245,0.0
2019-03-25,10,0,17,35.68,35.68,0.0,331.177637,0.0
2019-03-25,10,0,19,14.64,14.64,0.0,135.886788,0.0
2019-03-25,10,0,20,18.14,18.14,0.0,168.373384,0.0
2019-03-25,10,0,21,51.77,51.77,0.0,275.417442,0.0
2019-03-25,10,0,22,183.99,183.99,0.0,978.830502,0.0
2019-03-25,10,0,23,108.8,108.8,0.0,578.818189,0.0
2019-03-25,10,0,24,192.5,192.5,0.0,1024.103873,0.0
2019-03-25,10,0,29,5.78,5.78,0.0,48.831767,0.0
2019-03-25,10,0,30,412.1,412.1,0.0,2182.674948,0.0
2019-03-25,10,0,31,5.06,5.06,0.0,26.800134,0.0
2019-03-25,10,0,32,4.37,4.37,0.0,83.550333,0.0
2019-03-25,10,0,33,1.97,1.97,0.0,19.820795,0.0
2019-03-25,10,0,34,3.15,3.15,0.0,31.69315,0.0
2019-03-25,10,0,35,3.15,3.15,0.0,31.69315,0.0
2019-03-25,10,0,36,7.21,7.21,0.0,57.690637,0.0
2019-03-25,10,0,37,3.32,3.32,0.0,26.472484,0.0
2019-03-25,10,0,38,4.26,4.26,0.0,33.967706,0.0
2019-03-25,10,0,39,2.84,2.84,0.0,22.645137,0.0
2019-03-25,10,0,40,2.84,2.84,0.0,22.645137,0.0
2019-03-25,10,0,41,0.0,0.0,0.0,0.0,0.0
2019-03-25,10,0,42,42.08,42.08,0.0,383.472123,0.0
2019-03-25,10,0,43,21.76,21.76,0.0,176.438041,0.0
2019-03-25,10,0,46,20.68,20.68,0.0,159.441187,0.0
2019-03-25,10,0,52,5.37,5.37,0.0,28.442039,0.0
2019-03-25,10,0,53,8.56,8.56,0.0,45.337776,0.0
2019-03-25,10,0,55,77.24,77.24,0.0,410.918354,0.0
2019-03-25,10,0,56,121.55,121.55,0.0,643.785828,0.0
2019-03-25,10,0,57,115.63,115.63,0.0,612.430731,0.0
2019-03-25,10,0,58,222.36,222.36,0.0,1177.722886,0.0
2019-03-25,10,0,59,218.65,218.65,0.0,1158.072986,0.0
2019-03-25,10,0,63,51.0,51.0,0.0,1520.225267,0.0
2019-03-25,10,0,64,60.0,60.0,0.0,1788.500314,0.0
2019-03-25,10,0,65,7.15,7.15,0.0,66.14107,0.0
2019-03-25,10,0,67,238.24,238.24,0.0,-15213.066241,0.0
2019-03-25,10,0,68,34.0,34.0,0.0,-1477.415779,0.0
2019-03-25,10,0,69,1.97,1.97,0.0,19.820795,0.0
2019-03-25,10,0,74,0.0,0.0,0.0,0.0,0.0
2019-03-25,10,0,77,60.0,60.0,0.0,-1578.931555,0.0
2019-03-25,10,0,78,45.36,45.36,0.0,-1193.672255,0.0
2019-03-25,10,0,79,26.25,26.25,0.0,-690.782555,0.0
2019-03-25,10,0,80,42.45,42.45,0.0,-1117.094075,0.0
2019-03-25,10,0,81,55.5,55.5,0.0,-1460.511688,0.0
2019-03-25,10,0,82,39.15,39.15,0.0,-1030.252839,0.0
2019-03-25,10,0,83,87.3,87.3,0.0,-2297.345412,0.0
2019-03-25,10,0,84,0.0,0.0,0.0,0.0,0.0
2019-03-25,10,0,86,9.99,9.99,0.0,100.512561,0.0
2019-03-25,10,0,87,50.98,50.98,0.0,512.925964,0.0
2019-03-25,10,0,88,103.48,103.48,0.0,-2723.130621,0.0
2019-03-25,10,0,89,99.0,99.0,0.0,-2605.237065,0.0
2019-03-25,10,0,90,137.47,137.47,0.0,-3617.595347,0.0
2019-03-25,10,0,91,509.29,509.29,0.0,-13402.234192,0.0
2019-03-25,10,0,92,180.45,180.45,0.0,-4748.636651,0.0
2019-03-25,10,0,95,88.65,88.65,0.0,1733.584176,0.0
2019-03-25,10,0,96,25.03,25.03,0.0,131.954559,0.0
2019-03-25,10,0,97,153.92,153.92,0.0,811.444094,0.0
2019-03-25,10,0,99,0.0,0.0,0.0,0.0,0.0
2019-03-25,10,0,101,8.3,8.3,0.0,43.960694,0.0
2019-03-25,10,0,102,80.5,80.5,0.0,-3497.999123,0.0
2019-03-25,10,0,103,70.0,70.0,0.0,-3041.738368,0.0
2019-03-25,10,0,104,13.0,13.0,0.0,-564.894268,0.0
2019-03-25,10,0,106,181.13,181.13,0.0,963.615245,0.0
2019-03-25,10,0,109,24.16,24.16,0.0,177.371846,0.0
2019-03-25,10,0,110,100.14,100.14,0.0,-12651.232088,0.0
2019-03-25,10,0,111,11.32,11.32,0.0,74.326899,0.0
2019-03-25,10,0,113,150.0,150.0,0.0,-3398.9679,0.0
2019-03-25,10,0,115,150.0,150.0,0.0,-3398.9679,0.0
2019-03-25,10,0,116,90.48,90.48,0.0,-11430.831629,0.0
2019-03-25,10,0,117,10.0,10.0,0.0,-226.59786,0.0
2019-03-25,10,0,119,60.0,60.0,0.0,1788.500314,0.0
2019-03-25,10,0,120,35.28,35.28,0.0,1051.638184,0.0
2019-03-25,10,0,123,3.02,3.02,0.0,16.066461,0.0
2019-03-25,10,0,125,174.2,174.2,0.0,926.747505,0.0
2019-03-25,10,0,126,135.84,135.84,0.0,722.671533,0.0
2019-03-25,10,0,127,174.33,174.33,0.0,927.439108,0.0
2019-03-25,10,0,128,249.5,249.5,0.0,1327.34502,0.0
2019-03-25,10,0,131,40.31,40.31,0.0,-1531.960841,0.0
2019-03-25,10,0,132,65.03,65.03,0.0,-2471.431741,0.0
2019-03-25,10,0,133,1.66,1.66,0.0,15.412837,0.0
2019-03-25,10,0,134,0.0,0.0,0.0,0.0,0.0
2019-03-25,10,0,135,2.22,2.22,0.0,20.612348,0.0
2019-03-25,10,0,136,9.03,9.03,0.0,83.51645,0.0
2019-03-25,10,0,139,0.0,0.0,0.0,0.0,0.0
2019-03-25,10,0,140,74.12,74.12,0.0,-9363.983646,0.0
2019-03-25,10,0,141,230.0,230.0,0.0,-14686.892358,0.0
2019-03-25,10,0,142,314.18,314.18,0.0,-20062.294961,0.0
2019-03-25,10,0,143,10.4,10.4,0.0,55.083279,0.0
2019-03-25,10,0,145,29.9,29.9,0.0,181.072359,0.0
2019-03-25,10,0,146,28.97,28.97,0.0,-3659.938023,0.0
2019-03-25,10,0,152,5.44,5.44,0.0,45.625617,0.0
2019-03-25,10,0,153,6.61,6.61,0.0,55.17077,0.0
2019-03-25,10,0,154,46.69,46.69,0.0,306.56563,0.0
2019-03-25,10,0,157,30.56,30.56,0.0,-1951.441002,0.0
2019-03-25,10,0,158,227.61,227.61,0.0,-14534.276389,0.0
2019-03-25,10,0,159,0.0,0.0,0.0,0.0,0.0
2019-03-25,10,0,160,1.6,1.6,0.0,13.700878,0.0
2019-03-25,10,0,161,45.15,45.15,0.0,-1961.921247,0.0
2019-03-25,10,0,162,91.77,91.77,0.0,1804.999752,0.0
2019-03-25,10,0,163,98.33,98.33,0.0,-12422.564921,0.0
2019-03-25,10,0,164,14.96,14.96,0.0,79.235179,0.0
2019-03-25,10,0,167,4.99,4.99,0.0,96.073284,0.0
2019-03-25,10,0,168,2.49,2.49,0.0,47.940376,0.0
2019-03-25,10,0,169,0.0,0.0,0.0,0.0,0.0
2019-03-25,10,0,170,5.45,5.45,0.0,104.929739,0.0
2019-03-25,10,0,172,6.54,6.54,0.0,107.047304,0.0
2019-03-25,10,0,173,9.97,9.97,0.0,163.18985,0.0
2019-03-25,10,0,188,8.89,8.89,0.0,153.55696,0.0
2019-03-25,10,0,190,7.43,7.43,0.0,221.475956,0.0
2019-03-25,10,0,191,19.2,19.2,0.0,572.3201,0.0
2019-03-25,10,0,192,137.81,137.81,0.0,4107.887137,0.0
2019-03-25,10,0,194,52.95,52.95,0.0,-215.086463,0.0
2019-03-25,10,0,196,4.88,4.88,0.0,250.221058,0.0
2019-03-25,10,0,198,6.68,6.68,0.0,61.52589,0.0
2019-03-25,10,0,199,39.0,39.0,0.0,260.160545,0.0
2019-03-25,10,0,200,15.31,15.31,0.0,102.129691,0.0
2019-03-25,10,0,204,40.25,40.25,0.0,291.40893,0.0
2019-03-25,10,0,205,142.69,142.69,0.0,1047.565759,0.0
2019-03-25,10,0,206,452.28,452.28,0.0,2384.355087,0.0
2019-03-25,10,0,210,1.52,1.52,0.0,13.171807,0.0
2019-03-25,10,0,214,9.93,9.93,0.0,104.491197,0.0
2019-03-25,10,0,217,6.78,6.78,0.0,65.884193,0.0
2019-03-25,10,0,218,9.36,9.36,0.0,90.955168,0.0
2019-03-25,10,0,219,6.38,6.38,0.0,61.99722,0.0
2019-03-25,10,0,221,5.3,5.3,0.0,55.77073,0.0
2019-03-25,10,0,225,5.24,5.24,0.0,44.159687,0.0
2019-03-25,10,0,233,5.65,5.65,0.0,56.846444,0.0
2019-03-25,10,0,236,0.0,0.0,0.0,0.0,0.0
2019-03-25,10,0,237,0.0,0.0,0.0,0.0,0.0
2019-03-25,10,0,238,54.77,54.77,0.0,499.115213,0.0
2019-03-25,10,0,240,8.18,8.18,0.0,65.452069,0.0
2019-03-25,10,0,245,3.99,3.99,0.0,37.495215,0.0
2019-03-25,10,0,247,4.27,4.27,0.0,40.126458,0.0
2019-03-25,10,0,248,0.0,0.0,0.0,0.0,0.0
2019-03-25,10,0,249,7.67,7.67,0.0,72.077268,0.0
2019-03-25,10,0,251,77.2,77.2,0.0,710.160483,0.0
2019-03-25,10,0,252,46.15,46.15,0.0,426.91054,0.0
2019-03-25,10,0,254,12.72,12.72,0.0,104.589715,0.0
2019-03-25,10,0,255,5.83,5.83,0.0,47.936953,0.0
2019-03-25,10,0,258,10.37,10.37,0.0,83.154324,0.0
2019-03-25,10,0,260,3.89,3.89,0.0,33.310259,0.0
2019-03-25,10,0,265,48.34,48.34,0.0,317.399498,0.0
2019-03-25,10,0,266,0.0,0.0,0.0,0.0,0.0
2019-03-25,10,0,267,0.0,0.0,0.0,0.0,0.0
2019-03-25,10,0,270,306.94,306.94,0.0,-38777.403406,0.0
2019-03-25,10,0,272,501.3,501.3,0.0,-11359.350721,0.0
2019-03-25,10,0,273,21.64,21.64,0.0,-2733.899165,0.0
2019-03-25,10,0,274,395.66,395.66,0.0,-49985.884641,0.0
2019-03-25,10,0,275,550.73,550.73,0.0,-69576.723066,0.0
2019-03-25,10,0,276,4.78,4.78,0.0,-537.200876,0.0
2019-03-25,10,0,277,5.95,5.95,0.0,-143.546315,0.0
2019-03-25,10,0,278,9.52,9.52,0.0,-229.674104,0.0
2019-03-25,10,0,279,264.6,264.6,0.0,-6383.589075,0.0
2019-03-25,10,0,281,2.26,2.26,0.0,11.97002,0.0
2019-03-25,10,0,282,226.06,226.06,0.0,1197.319822,0.0
2019-03-25,11,0,9,3.37,3.37,0.0,-117.19564,0.0
2019-03-25,11,0,17,50.3,50.3,0.0,1223.508538,0.0
2019-03-25,11,0,19,17.32,17.32,0.0,421.295584,0.0
2019-03-25,11,0,20,21.01,21.01,0.0,511.051976,0.0
2019-03-25,11,0,21,76.95,76.95,0.0,-2676.025079,0.0
2019-03-25,11,0,22,273.47,273.47,0.0,-9510.234937,0.0
2019-03-25,11,0,23,61.07,61.07,0.0,-2123.779748,0.0
2019-03-25,11,0,24,108.0,108.0,0.0,-3755.824672,0.0
2019-03-25,11,0,29,8.41,8.41,0.0,47.169869,0.0
2019-03-25,11,0,30,621.55,621.55,0.0,-21830.761724,0.0
2019-03-25,11,0,31,13.68,13.68,0.0,-480.483984,0.0
2019-03-25,11,0,32,6.25,6.25,0.0,240.837519,0.0
2019-03-25,11,0,33,2.79,2.79,0.0,100.940664,0.0
2019-03-25,11,0,34,4.47,4.47,0.0,161.722138,0.0
2019-03-25,11,0,35,4.47,4.47,0.0,161.722138,0.0
2019-03-25,11,0,36,10.5,10.5,0.0,48.352255,0.0
2019-03-25,11,0,37,4.85,4.85,0.0,20.089609,0.0
2019-03-25,11,0,38,6.23,6.23,0.0,25.805828,0.0
2019-03-25,11,0,39,4.15,4.15,0.0,17.190078,0.0
2019-03-25,11,0,40,4.15,4.15,0.0,17.190078,0.0
2019-03-25,11,0,41,0.0,0.0,0.0,-0.0,0.0
2019-03-25,11,0,42,63.93,63.93,0.0,1390.760612,0.0
2019-03-25,11,0,43,31.58,31.58,0.0,188.268978,0.0
2019-03-25,11,0,46,29.55,29.55,0.0,6.354535,0.0
2019-03-25,11,0,52,14.55,14.55,0.0,-511.04108,0.0
2019-03-25,11,0,53,23.69,23.69,0.0,-832.066198,0.0
2019-03-25,11,0,55,232.84,232.84,0.0,-8097.279784,0.0
2019-03-25,11,0,56,183.34,183.34,0.0,-6439.468835,0.0
2019-03-25,11,0,57,174.39,174.39,0.0,-6125.117106,0.0
2019-03-25,11,0,58,335.37,335.37,0.0,-11779.233464,0.0
2019-03-25,11,0,59,329.78,329.78,0.0,-11582.895344,0.0
2019-03-25,11,0,63,51.0,51.0,0.0,5810.351687,0.0
2019-03-25,11,0,64,60.0,60.0,0.0,6835.707867,0.0
2019-03-25,11,0,65,11.73,11.73,0.0,279.723607,0.0
2019-03-25,11,0,67,358.95,358.95,0.0,-196602.063246,0.0
2019-03-25,11,0,68,33.99,33.99,0.0,-13596.695171,0.0
2019-03-25,11,0,69,2.79,2.79,0.0,100.940664,0.0
2019-03-25,11,0,74,0.0,0.0,0.0,0.0,0.0
2019-03-25,11,0,77,60.0,60.0,0.0,-16489.475703,0.0
2019-03-25,11,0,78,45.36,45.36,0.0,-12466.043631,0.0
2019-03-25,11,0,79,26.25,26.25,0.0,-7214.14562,0.0
2019-03-25,11,0,80,42.45,42.45,0.0,-11666.30406,0.0
2019-03-25,11,0,81,55.5,55.5,0.0,-15252.765025,0.0
2019-03-25,11,0,82,39.15,39.15,0.0,-10759.382896,0.0
2019-03-25,11,0,83,87.3,87.3,0.0,-23992.187147,0.0
2019-03-25,11,0,84,0.0,0.0,0.0,-0.0,0.0
2019-03-25,11,0,86,14.15,14.15,0.0,511.939208,0.0
2019-03-25,11,0,87,72.26,72.26,0.0,2614.327008,0.0
2019-03-25,11,0,88,51.18,51.18,0.0,-14065.522774,0.0
2019-03-25,11,0,89,49.2,49.2,0.0,-13521.370076,0.0
2019-03-25,11,0,90,66.06,66.06,0.0,-18154.912749,0.0
2019-03-25,11,0,91,235.65,235.65,0.0,-64762.415822,0.0
2019-03-25,11,0,92,84.75,84.75,0.0,-23291.38443,0.0
2019-03-25,11,0,95,96.29,96.29,0.0,2447.084542,0.0
2019-03-25,11,0,96,31.54,31.54,0.0,-1119.218623,0.0
2019-03-25,11,0,97,231.79,231.79,0.0,-8225.227797,0.0
2019-03-25,11,0,99,0.0,0.0,0.0,0.0,0.0
2019-03-25,11,0,101,12.52,12.52,0.0,-439.74119,0.0
2019-03-25,11,0,102,80.49,80.49,0.0,-32197.6462,0.0
2019-03-25,11,0,103,69.99,69.99,0.0,-27997.431451,0.0
2019-03-25,11,0,104,12.99,12.99,0.0,-5196.265674,0.0
2019-03-25,11,0,106,269.21,269.21,0.0,-9362.088519,0.0
2019-03-25,11,0,109,16.27,16.27,0.0,-82.011192,0.0
2019-03-25,11,0,110,69.81,69.81,0.0,-69810.0,0.0
2019-03-25,11,0,111,16.69,16.69,0.0,-273.114938,0.0
2019-03-25,11,0,113,84.2,84.2,0.0,-21225.981253,0.0
2019-03-25,11,0,115,84.2,84.2,0.0,-21225.981253,0.0
2019-03-25,11,0,116,132.97,132.97,0.0,-132970.0,0.0
2019-03-25,11,0,117,5.66,5.66,0.0,-1426.829619,0.0
2019-03-25,11,0,119,60.0,60.0,0.0,6835.707867,0.0
2019-03-25,11,0,120,35.28,35.28,0.0,4019.396226,0.0
2019-03-25,11,0,123,4.49,4.49,0.0,-156.144933,0.0
2019-03-25,11,0,125,97.74,97.74,0.0,-3399.021328,0.0
2019-03-25,11,0,126,201.91,201.91,0.0,-7021.65333,0.0
2019-03-25,11,0,127,259.11,259.11,0.0,-9010.84936,0.0
2019-03-25,11,0,128,139.96,139.96,0.0,-4867.270566,0.0
2019-03-25,11,0,131,30.0,30.0,0.0,-10817.278896,0.0
2019-03-25,11,0,132,44.1,44.1,0.0,-15901.399977,0.0
2019-03-25,11,0,133,3.76,3.76,0.0,91.628196,0.0
2019-03-25,11,0,134,0.0,0.0,0.0,0.0,0.0
2019-03-25,11,0,135,5.03,5.03,0.0,122.577081,0.0
2019-03-25,11,0,136,13.08,13.08,0.0,311.574078,0.0
2019-03-25,11,0,139,0.0,0.0,0.0,-0.0,0.0
2019-03-25,11,0,140,51.67,51.67,0.0,-51670.0,0.0
2019-03-25,11,0,141,230.0,230.0,0.0,-125974.298778,0.0
2019-03-25,11,0,142,473.36,473.36,0.0,-259266.061173,0.0
2019-03-25,11,0,143,21.81,21.81,0.0,-766.034773,0.0
2019-03-25,11,0,145,69.92,69.92,0.0,-1674.624546,0.0
2019-03-25,11,0,146,14.33,14.33,0.0,-14330.0,0.0
2019-03-25,11,0,152,7.97,7.97,0.0,85.213731,0.0
2019-03-25,11,0,153,9.47,9.47,0.0,95.404064,0.0
2019-03-25,11,0,154,68.83,68.83,0.0,-1126.333205,0.0
2019-03-25,11,0,157,15.08,15.08,0.0,-8259.532285,0.0
2019-03-25,11,0,158,342.93,342.93,0.0,-187827.679479,0.0
2019-03-25,11,0,159,0.0,0.0,0.0,0.0,0.0
2019-03-25,11,0,160,2.36,2.36,0.0,28.957232,0.0
2019-03-25,11,0,161,67.63,67.63,0.0,-27053.383184,0.0
2019-03-25,11,0,162,162.5,162.5,0.0,4268.923937,0.0
2019-03-25,11,0,163,139.57,139.57,0.0,-139570.0,0.0
2019-03-25,11,0,164,22.32,22.32,0.0,-783.947553,0.0
2019-03-25,11,0,167,7.17,7.17,0.0,162.180615,0.0
2019-03-25,11,0,168,3.58,3.58,0.0,80.977211,0.0
2019-03-25,11,0,169,0.0,0.0,0.0,0.0,0.0
2019-03-25,11,0,170,7.84,7.84,0.0,177.335567,0.0
2019-03-25,11,0,172,9.52,9.52,0.0,66.387422,0.0
2019-03-25,11,0,173,14.51,14.51,0.0,101.18503,0.0
2019-03-25,11,0,188,12.74,12.74,0.0,259.166611,0.0
2019-03-25,11,0,190,10.68,10.68,0.0,346.32631,0.0
2019-03-25,11,0,191,27.58,27.58,0.0,894.352025,0.0
2019-03-25,11,0,192,136.65,136.65,0.0,4431.22568,0.0
2019-03-25,11,0,194,52.95,52.95,0.0,-6403.843176,0.0
2019-03-25,11,0,196,7.12,7.12,0.0,1922.012336,0.0
2019-03-25,11,0,198,9.65,9.65,0.0,200.456126,0.0
2019-03-25,11,0,199,56.82,56.82,0.0,-195.361276,0.0
2019-03-25,11,0,200,21.58,21.58,0.0,-74.197401,0.0
2019-03-25,11,0,204,51.72,51.72,0.0,-339.430699,0.0
2019-03-25,11,0,205,106.39,106.39,0.0,-536.273555,0.0
2019-03-25,11,0,206,885.96,885.96,0.0,-31438.900813,0.0
2019-03-25,11,0,210,2.15,2.15,0.0,19.477933,0.0
2019-03-25,11,0,214,14.27,14.27,0.0,616.45844,0.0
2019-03-25,11,0,217,9.58,9.58,0.0,271.802495,0.0
2019-03-25,11,0,218,13.22,13.22,0.0,375.076095,0.0
2019-03-25,11,0,219,9.01,9.01,0.0,255.630531,0.0
2019-03-25,11,0,221,7.61,7.61,0.0,328.749035,0.0
2019-03-25,11,0,225,7.44,7.44,0.0,39.249995,0.0
2019-03-25,11,0,233,8.01,8.01,0.0,289.797389,0.0
2019-03-25,11,0,236,0.0,0.0,0.0,0.0,0.0
2019-03-25,11,0,237,0.0,0.0,0.0,0.0,0.0
2019-03-25,11,0,238,83.21,83.21,0.0,1810.185993,0.0
2019-03-25,11,0,240,11.9,11.9,0.0,54.799222,0.0
2019-03-25,11,0,245,12.62,12.62,0.0,329.125273,0.0
2019-03-25,11,0,247,17.1,17.1,0.0,445.962137,0.0
2019-03-25,11,0,248,0.0,0.0,0.0,0.0,0.0
2019-03-25,11,0,249,24.27,24.27,0.0,632.953279,0.0
2019-03-25,11,0,251,109.52,109.52,0.0,2525.869792,0.0
2019-03-25,11,0,252,75.69,75.69,0.0,1804.968441,0.0
2019-03-25,11,0,254,18.61,18.61,0.0,140.405817,0.0
2019-03-25,11,0,255,8.53,8.53,0.0,64.35581,0.0
2019-03-25,11,0,258,15.07,15.07,0.0,72.699049,0.0
2019-03-25,11,0,260,5.73,5.73,0.0,70.307178,0.0
2019-03-25,11,0,265,71.26,71.26,0.0,-1166.097693,0.0
2019-03-25,11,0,266,0.0,0.0,0.0,-0.0,0.0
2019-03-25,11,0,267,0.0,0.0,0.0,-0.0,0.0
2019-03-25,11,0,270,472.15,472.15,0.0,-472150.0,0.0
2019-03-25,11,0,272,281.17,281.17,0.0,-70880.156164,0.0
2019-03-25,11,0,273,31.8,31.8,0.0,-31800.0,0.0
2019-03-25,11,0,274,616.58,616.58,0.0,-616580.0,0.0
2019-03-25,11,0,275,869.96,869.96,0.0,-869960.0,0.0
2019-03-25,11,0,276,7.11,7.11,0.0,-6391.990675,0.0
2019-03-25,11,0,277,8.75,8.75,0.0,-2285.54103,0.0
2019-03-25,11,0,278,14.0,14.0,0.0,-3656.865649,0.0
2019-03-25,11,0,279,264.6,264.6,0.0,-69114.760758,0.0
2019-03-25,11,0,281,5.97,5.97,0.0,-209.684897,0.0
2019-03-25,11,0,282,340.96,340.96,0.0,-11975.571583,0.0
2019-03-25,12,0,9,4.29,4.29,0.0,-1634.139087,0.0
2019-03-25,12,0,17,61.76,61.76,0.0,631.794907,0.0
2019-03-25,12,0,19,34.2,34.2,0.0,349.860522,0.0
2019-03-25,12,0,20,41.48,41.48,0.0,424.333756,0.0
2019-03-25,12,0,21,98.06,98.06,0.0,-37352.838886,0.0
2019-03-25,12,0,22,348.51,348.51,0.0,-132753.802573,0.0
2019-03-25,12,0,23,46.17,46.17,0.0,-17586.993385,0.0
2019-03-25,12,0,24,77.3,77.3,0.0,-29444.977013,0.0
2019-03-25,12,0,29,10.16,10.16,0.0,53.549622,0.0
2019-03-25,12,0,30,785.6,785.6,0.0,-785600.0,0.0
2019-03-25,12,0,31,28.92,28.92,0.0,-28920.0,0.0
2019-03-25,12,0,32,7.52,7.52,0.0,270.078214,0.0
2019-03-25,12,0,33,3.55,3.55,0.0,40.972307,0.0
2019-03-25,12,0,34,5.68,5.68,0.0,65.555691,0.0
2019-03-25,12,0,35,5.68,5.68,0.0,65.555691,0.0
2019-03-25,12,0,36,13.51,13.51,0.0,117.331021,0.0
2019-03-25,12,0,37,6.25,6.25,0.0,54.789931,0.0
2019-03-25,12,0,38,8.03,8.03,0.0,70.394104,0.0
2019-03-25,12,0,39,5.35,5.35,0.0,46.900181,0.0
2019-03-25,12,0,40,5.35,5.35,0.0,46.900181,0.0
2019-03-25,12,0,41,0.0,0.0,0.0,0.0,0.0
2019-03-25,12,0,42,83.33,83.33,0.0,828.760098,0.0
2019-03-25,12,0,43,40.32,40.32,0.0,361.105801,0.0
2019-03-25,12,0,46,37.27,37.27,0.0,331.842342,0.0
2019-03-25,12,0,52,30.65,30.65,0.0,-30650.0,0.0
2019-03-25,12,0,53,48.7,48.7,0.0,-48700.0,0.0
2019-03-25,12,0,55,384.84,384.84,0.0,-146592.560851,0.0
2019-03-25,12,0,56,231.72,231.72,0.0,-231720.0,0.0
2019-03-25,12,0,57,220.42,220.42,0.0,-220420.0,0.0
2019-03-25,12,0,58,423.88,423.88,0.0,-423880.0,0.0
2019-03-25,12,0,59,416.82,416.82,0.0,-416820.0,0.0
2019-03-25,12,0,63,50.04,50.04,0.0,5344.103335,0.0
2019-03-25,12,0,64,58.87,58.87,0.0,6287.117573,0.0
2019-03-25,12,0,65,18.11,18.11,0.0,184.305901,0.0
2019-03-25,12,0,67,461.73,461.73,0.0,-258406.745223,0.0
2019-03-25,12,0,68,34.0,34.0,0.0,-14138.981876,0.0
2019-03-25,12,0,69,3.55,3.55,0.0,40.972307,0.0
2019-03-25,12,0,74,0.0,0.0,0.0,0.0,0.0
2019-03-25,12,0,77,60.0,60.0,0.0,-17755.519582,0.0
2019-03-25,12,0,78,45.36,45.36,0.0,-13423.172804,0.0
2019-03-25,12,0,79,26.25,26.25,0.0,-7768.039817,0.0
2019-03-25,12,0,80,42.45,42.45,0.0,-12562.030105,0.0
2019-03-25,12,0,81,55.5,55.5,0.0,-16423.855614,0.0
2019-03-25,12,0,82,39.15,39.15,0.0,-11585.476527,0.0
2019-03-25,12,0,83,87.3,87.3,0.0,-25834.280992,0.0
2019-03-25,12,0,84,0.0,0.0,0.0,0.0,0.0
2019-03-25,12,0,86,17.99,17.99,0.0,207.631492,0.0
2019-03-25,12,0,87,91.86,91.86,0.0,1060.201715,0.0
2019-03-25,12,0,88,51.18,51.18,0.0,-15145.458204,0.0
2019-03-25,12,0,89,49.2,49.2,0.0,-14559.526058,0.0
2019-03-25,12,0,90,66.06,66.06,0.0,-19548.82706,0.0
2019-03-25,12,0,91,235.65,235.65,0.0,-69734.80316,0.0
2019-03-25,12,0,92,84.75,84.75,0.0,-25079.67141,0.0
2019-03-25,12,0,95,120.0,120.0,0.0,2691.568394,0.0
2019-03-25,12,0,96,29.88,29.88,0.0,1684.38198,0.0
2019-03-25,12,0,97,183.76,183.76,0.0,10358.836434,0.0
2019-03-25,12,0,99,0.0,0.0,0.0,0.0,0.0
2019-03-25,12,0,101,15.82,15.82,0.0,-15820.0,0.0
2019-03-25,12,0,102,80.5,80.5,0.0,-33476.118854,0.0
2019-03-25,12,0,103,70.0,70.0,0.0,-29109.668569,0.0
2019-03-25,12,0,104,13.0,13.0,0.0,-5406.081306,0.0
2019-03-25,12,0,106,343.07,343.07,0.0,-130681.607554,0.0
2019-03-25,12,0,109,19.01,19.01,0.0,166.829129,0.0
2019-03-25,12,0,110,48.73,48.73,0.0,-48730.0,0.0
2019-03-25,12,0,111,22.26,22.26,0.0,1.616322,0.0
2019-03-25,12,0,113,45.0,45.0,0.0,-12030.148967,0.0
2019-03-25,12,0,115,45.0,45.0,0.0,-12030.148967,0.0
2019-03-25,12,0,116,168.48,168.48,0.0,-168480.0,0.0
2019-03-25,12,0,117,3.0,3.0,0.0,-802.009931,0.0
2019-03-25,12,0,119,58.87,58.87,0.0,6287.117573,0.0
2019-03-25,12,0,120,34.62,34.62,0.0,3697.29931,0.0
2019-03-25,12,0,123,5.72,5.72,0.0,-2178.852115,0.0
2019-03-25,12,0,125,70.73,70.73,0.0,-26942.344426,0.0
2019-03-25,12,0,126,257.31,257.31,0.0,-98014.062552,0.0
2019-03-25,12,0,127,330.21,330.21,0.0,-125782.999476,0.0
2019-03-25,12,0,128,96.96,96.96,0.0,-36933.828864,0.0
2019-03-25,12,0,131,30.0,30.0,0.0,-11323.462808,0.0
2019-03-25,12,0,132,44.1,44.1,0.0,-16645.490328,0.0
2019-03-25,12,0,133,7.71,7.71,0.0,78.91043,0.0
2019-03-25,12,0,134,0.0,0.0,0.0,0.0,0.0
2019-03-25,12,0,135,10.33,10.33,0.0,105.725648,0.0
2019-03-25,12,0,136,18.25,18.25,0.0,185.677769,0.0
2019-03-25,12,0,139,0.0,0.0,0.0,0.0,0.0
2019-03-25,12,0,140,36.07,36.07,0.0,-36070.0,0.0
2019-03-25,12,0,141,196.01,196.01,0.0,-109696.805776,0.0
2019-03-25,12,0,142,608.9,608.9,0.0,-340770.292522,0.0
2019-03-25,12,0,143,42.4,42.4,0.0,-42400.0,0.0
2019-03-25,12,0,145,51.21,51.21,0.0,466.980228,0.0
2019-03-25,12,0,146,7.69,7.69,0.0,-7690.0,0.0
2019-03-25,12,0,152,10.23,10.23,0.0,91.281984,0.0
2019-03-25,12,0,153,12.24,12.24,0.0,108.54203,0.0
2019-03-25,12,0,154,91.84,91.84,0.0,6.668598,0.0
2019-03-25,12,0,157,9.52,9.52,0.0,-5327.858737,0.0
2019-03-25,12,0,158,445.57,445.57,0.0,-249362.816947,0.0
2019-03-25,12,0,159,0.0,0.0,0.0,0.0,0.0
2019-03-25,12,0,160,2.99,2.99,0.0,27.993596,0.0
2019-03-25,12,0,161,85.9,85.9,0.0,-35721.721858,0.0
2019-03-25,12,0,162,162.5,162.5,0.0,3771.671844,0.0
2019-03-25,12,0,163,150.99,150.99,0.0,-150990.0,0.0
2019-03-25,12,0,164,29.14,29.14,0.0,-29140.0,0.0
2019-03-25,12,0,167,8.81,8.81,0.0,173.660731,0.0
2019-03-25,12,0,168,4.4,4.4,0.0,86.731807,0.0
2019-03-25,12,0,169,0.0,0.0,0.0,0.0,0.0
2019-03-25,12,0,170,9.63,9.63,0.0,189.824386,0.0
2019-03-25,12,0,172,11.48,11.48,0.0,138.162542,0.0
2019-03-25,12,0,173,17.5,17.5,0.0,210.613631,0.0
2019-03-25,12,0,188,15.27,15.27,0.0,292.379322,0.0
2019-03-25,12,0,190,13.15,13.15,0.0,426.422376,0.0
2019-03-25,12,0,191,33.97,33.97,0.0,1101.564115,0.0
2019-03-25,12,0,192,138.01,138.01,0.0,4475.327158,0.0
2019-03-25,12,0,194,52.95,52.95,0.0,-7075.546362,0.0
2019-03-25,12,0,196,9.13,9.13,0.0,2359.935143,0.0
2019-03-25,12,0,198,11.97,11.97,0.0,117.068783,0.0
2019-03-25,12,0,199,113.69,113.69,0.0,-5361.865289,0.0
2019-03-25,12,0,200,26.35,26.35,0.0,-1242.722758,0.0
2019-03-25,12,0,204,79.09,79.09,0.0,699.321855,0.0
2019-03-25,12,0,205,100.58,100.58,0.0,882.676159,0.0
2019-03-25,12,0,206,539.95,539.95,0.0,30437.819616,0.0
2019-03-25,12,0,210,2.62,2.62,0.0,13.997007,0.0
2019-03-25,12,0,214,18.07,18.07,0.0,222.375804,0.0
2019-03-25,12,0,217,11.86,11.86,0.0,112.647043,0.0
2019-03-25,12,0,218,16.36,16.36,0.0,155.388332,0.0
2019-03-25,12,0,219,11.14,11.14,0.0,105.808437,0.0
2019-03-25,12,0,221,9.64,9.64,0.0,118.633246,0.0
2019-03-25,12,0,225,9.08,9.08,0.0,47.794434,0.0
2019-03-25,12,0,233,10.18,10.18,0.0,117.492417,0.0
2019-03-25,12,0,236,0.0,0.0,0.0,0.0,0.0
2019-03-25,12,0,237,0.0,0.0,0.0,0.0,0.0
2019-03-25,12,0,238,108.47,108.47,0.0,1078.790445,0.0
2019-03-25,12,0,240,15.31,15.31,0.0,132.963577,0.0
2019-03-25,12,0,245,29.98,29.98,0.0,312.513311,0.0
2019-03-25,12,0,247,44.82,44.82,0.0,467.206358,0.0
2019-03-25,12,0,248,0.0,0.0,0.0,0.0,0.0
2019-03-25,12,0,249,57.65,57.65,0.0,600.947045,0.0
2019-03-25,12,0,251,154.1,154.1,0.0,1554.916572,0.0
2019-03-25,12,0,252,116.85,116.85,0.0,1189.185233,0.0
2019-03-25,12,0,254,24.17,24.17,0.0,218.931367,0.0
2019-03-25,12,0,255,11.08,11.08,0.0,100.362414,0.0
2019-03-25,12,0,258,19.21,19.21,0.0,167.675668,0.0
2019-03-25,12,0,260,7.27,7.27,0.0,68.064696,0.0
2019-03-25,12,0,265,95.09,95.09,0.0,6.904584,0.0
2019-03-25,12,0,266,0.0,0.0,0.0,0.0,0.0
2019-03-25,12,0,267,0.0,0.0,0.0,0.0,0.0
2019-03-25,12,0,270,471.53,471.53,0.0,-471530.0,0.0
2019-03-25,12,0,272,150.39,150.39,0.0,-40204.757847,0.0
2019-03-25,12,0,273,40.29,40.29,0.0,-40290.0,0.0
2019-03-25,12,0,274,607.86,607.86,0.0,-607860.0,0.0
2019-03-25,12,0,275,846.16,846.16,0.0,-846160.0,0.0
2019-03-25,12,0,276,9.04,9.04,0.0,-8151.177461,0.0
2019-03-25,12,0,277,11.05,11.05,0.0,-3080.721303,0.0
2019-03-25,12,0,278,17.68,17.68,0.0,-4929.154084,0.0
2019-03-25,12,0,279,264.6,264.6,0.0,-73770.032281,0.0
2019-03-25,12,0,281,12.98,12.98,0.0,-12980.0,0.0
2019-03-25,12,0,282,430.95,430.95,0.0,-430950.0,0.0
2019-03-25,13,0,9,4.76,4.76,0.0,-2002.747451,0.0
2019-03-25,13,0,17,63.63,63.63,0.0,467.274103,0.0
2019-03-25,13,0,19,61.45,61.45,0.0,451.265026,0.0
2019-03-25,13,0,20,74.52,74.52,0.0,547.24605,0.0
2019-03-25,13,0,21,108.91,108.91,0.0,-45823.366585,0.0
2019-03-25,13,0,22,387.08,387.08,0.0,-162862.076371,0.0
2019-03-25,13,0,23,90.35,90.35,0.0,-38014.334505,0.0
2019-03-25,13,0,24,157.79,157.79,0.0,-66389.395036,0.0
2019-03-25,13,0,29,7.46,7.46,0.0,38.130849,0.0
2019-03-25,13,0,30,885.58,885.58,0.0,-885580.0,0.0
2019-03-25,13,0,31,51.99,51.99,0.0,-51990.0,0.0
2019-03-25,13,0,32,8.3,8.3,0.0,161.669702,0.0
2019-03-25,13,0,33,3.95,3.95,0.0,44.742974,0.0
2019-03-25,13,0,34,6.33,6.33,0.0,71.702032,0.0
2019-03-25,13,0,35,6.33,6.33,0.0,71.702032,0.0
2019-03-25,13,0,36,15.7,15.7,0.0,90.66794,0.0
2019-03-25,13,0,37,7.44,7.44,0.0,49.164563,0.0
2019-03-25,13,0,38,9.56,9.56,0.0,63.17382,0.0
2019-03-25,13,0,39,6.37,6.37,0.0,42.093853,0.0
2019-03-25,13,0,40,6.37,6.37,0.0,42.093853,0.0
2019-03-25,13,0,41,0.88,0.88,0.0,-37.2301,0.0
2019-03-25,13,0,42,93.46,93.46,0.0,605.628447,0.0
2019-03-25,13,0,43,48.63,48.63,0.0,412.427715,0.0
2019-03-25,13,0,46,42.55,42.55,0.0,555.401192,0.0
2019-03-25,13,0,52,55.11,55.11,0.0,-55110.0,0.0
2019-03-25,13,0,53,87.55,87.55,0.0,-87550.0,0.0
2019-03-25,13,0,55,467.57,467.57,0.0,-196727.862583,0.0
2019-03-25,13,0,56,261.21,261.21,0.0,-261210.0,0.0
2019-03-25,13,0,57,248.47,248.47,0.0,-248470.0,0.0
2019-03-25,13,0,58,477.83,477.83,0.0,-477830.0,0.0
2019-03-25,13,0,59,469.87,469.87,0.0,-469870.0,0.0
2019-03-25,13,0,63,47.37,47.37,0.0,1412.020998,0.0
2019-03-25,13,0,64,55.73,55.73,0.0,1661.218708,0.0
2019-03-25,13,0,65,26.71,26.71,0.0,191.863321,0.0
2019-03-25,13,0,67,515.01,515.01,0.0,-29308.356144,0.0
2019-03-25,13,0,68,34.0,34.0,0.0,-1268.953413,0.0
2019-03-25,13,0,69,3.95,3.95,0.0,44.742974,0.0
2019-03-25,13,0,74,0.0,0.0,0.0,0.0,0.0
2019-03-25,13,0,77,60.0,60.0,0.0,-1225.695739,0.0
2019-03-25,13,0,78,45.36,45.36,0.0,-926.625979,0.0
2019-03-25,13,0,79,26.25,26.25,0.0,-536.241886,0.0
2019-03-25,13,0,80,42.45,42.45,0.0,-867.179735,0.0
2019-03-25,13,0,81,55.5,55.5,0.0,-1133.768559,0.0
2019-03-25,13,0,82,39.15,39.15,0.0,-799.76647,0.0
2019-03-25,13,0,83,87.3,87.3,0.0,-1783.387301,0.0
2019-03-25,13,0,84,0.0,0.0,0.0,0.0,0.0
2019-03-25,13,0,86,20.03,20.03,0.0,226.886525,0.0
2019-03-25,13,0,87,102.26,102.26,0.0,1158.333303,0.0
2019-03-25,13,0,88,51.18,51.18,0.0,-1045.518466,0.0
2019-03-25,13,0,89,49.2,49.2,0.0,-1005.070506,0.0
2019-03-25,13,0,90,66.06,66.06,0.0,-1349.491009,0.0
2019-03-25,13,0,91,235.65,235.65,0.0,-4813.920016,0.0
2019-03-25,13,0,92,84.75,84.75,0.0,-1731.295232,0.0
2019-03-25,13,0,95,120.0,120.0,0.0,2385.611977,0.0
2019-03-25,13,0,96,29.88,29.88,0.0,-354.430344,0.0
2019-03-25,13,0,97,183.75,183.75,0.0,-2179.604277,0.0
2019-03-25,13,0,99,0.0,0.0,0.0,0.0,0.0
2019-03-25,13,0,101,17.84,17.84,0.0,-17840.0,0.0
2019-03-25,13,0,102,80.5,80.5,0.0,-3004.433816,0.0
2019-03-25,13,0,103,70.0,70.0,0.0,-2612.551144,0.0
2019-03-25,13,0,104,13.0,13.0,0.0,-485.18807,0.0
2019-03-25,13,0,106,381.04,381.04,0.0,-160320.774983,0.0
2019-03-25,13,0,109,32.12,32.12,0.0,221.661108,0.0
2019-03-25,13,0,110,35.34,35.34,0.0,-4130.800377,0.0
2019-03-25,13,0,111,25.92,25.92,0.0,-1096.595681,0.0
2019-03-25,13,0,113,45.0,45.0,0.0,-826.647617,0.0
2019-03-25,13,0,115,45.0,45.0,0.0,-826.647617,0.0
2019-03-25,13,0,116,188.86,188.86,0.0,-22075.352555,0.0
2019-03-25,13,0,117,3.0,3.0,0.0,-55.109841,0.0
2019-03-25,13,0,119,55.73,55.73,0.0,1661.218708,0.0
2019-03-25,13,0,120,32.77,32.77,0.0,976.819255,0.0
2019-03-25,13,0,123,6.35,6.35,0.0,-2671.73242,0.0
2019-03-25,13,0,125,143.27,143.27,0.0,-60280.173819,0.0
2019-03-25,13,0,126,285.78,285.78,0.0,-120240.581237,0.0
2019-03-25,13,0,127,366.75,366.75,0.0,-154308.325176,0.0
2019-03-25,13,0,128,202.25,202.25,0.0,-85095.729426,0.0
2019-03-25,13,0,131,30.0,30.0,0.0,-962.738933,0.0
2019-03-25,13,0,132,44.1,44.1,0.0,-1415.226231,0.0
2019-03-25,13,0,133,14.31,14.31,0.0,105.303373,0.0
2019-03-25,13,0,134,0.0,0.0,0.0,0.0,0.0
2019-03-25,13,0,135,19.17,19.17,0.0,141.066783,0.0
2019-03-25,13,0,136,24.7,24.7,0.0,177.207571,0.0
2019-03-25,13,0,139,1.13,1.13,0.0,-47.806833,0.0
2019-03-25,13,0,140,26.15,26.15,0.0,-3056.60526,0.0
2019-03-25,13,0,141,166.65,166.65,0.0,-9483.77226,0.0
2019-03-25,13,0,142,679.16,679.16,0.0,-38649.857593,0.0
2019-03-25,13,0,143,76.01,76.01,0.0,-76010.0,0.0
2019-03-25,13,0,145,100.0,100.0,0.0,-5732.061443,0.0
2019-03-25,13,0,146,6.2,6.2,0.0,-724.701821,0.0
2019-03-25,13,0,152,11.67,11.67,0.0,47.193543,0.0
2019-03-25,13,0,153,14.38,14.38,0.0,56.372882,0.0
2019-03-25,13,0,154,106.9,106.9,0.0,-4522.611046,0.0
2019-03-25,13,0,157,11.07,11.07,0.0,-629.975151,0.0
2019-03-25,13,0,158,515.06,515.06,0.0,-29311.20156,0.0
2019-03-25,13,0,159,0.0,0.0,0.0,0.0,0.0
2019-03-25,13,0,160,3.72,3.72,0.0,34.918718,0.0
2019-03-25,13,0,161,95.95,95.95,0.0,-3581.061176,0.0
2019-03-25,13,0,162,162.5,162.5,0.0,3248.576066,0.0
2019-03-25,13,0,163,81.0,81.0,0.0,-9467.878624,0.0
2019-03-25,13,0,164,32.7,32.7,0.0,-32700.0,0.0
2019-03-25,13,0,167,9.82,9.82,0.0,192.36927,0.0
2019-03-25,13,0,168,4.91,4.91,0.0,96.184635,0.0
2019-03-25,13,0,169,0.0,0.0,0.0,0.0,0.0
2019-03-25,13,0,170,10.74,10.74,0.0,210.391646,0.0
2019-03-25,13,0,172,12.7,12.7,0.0,208.967782,0.0
2019-03-25,13,0,173,19.35,19.35,0.0,318.387919,0.0
2019-03-25,13,0,188,16.78,16.78,0.0,296.182307,0.0
2019-03-25,13,0,190,14.87,14.87,0.0,443.249994,0.0
2019-03-25,13,0,191,38.41,38.41,0.0,1144.938284,0.0
2019-03-25,13,0,192,140.48,140.48,0.0,4187.475401,0.0
2019-03-25,13,0,194,52.95,52.95,0.0,-99.037541,0.0
2019-03-25,13,0,196,10.28,10.28,0.0,517.212804,0.0
2019-03-25,13,0,198,15.76,15.76,0.0,166.555328,0.0
2019-03-25,13,0,199,73.53,73.53,0.0,-57.513672,0.0
2019-03-25,13,0,200,29.85,29.85,0.0,-23.348063,0.0
2019-03-25,13,0,204,128.08,128.08,0.0,2362.482854,0.0
2019-03-25,13,0,205,169.91,169.91,0.0,1172.554134,0.0
2019-03-25,13,0,206,539.94,539.94,0.0,-6404.655964,0.0
2019-03-25,13,0,210,2.02,2.02,0.0,11.519297,0.0
2019-03-25,13,0,214,15.5,15.5,0.0,210.96979,0.0
2019-03-25,13,0,217,9.77,9.77,0.0,102.161005,0.0
2019-03-25,13,0,218,13.49,13.49,0.0,141.059566,0.0
2019-03-25,13,0,219,9.19,9.19,0.0,96.096176,0.0
2019-03-25,13,0,221,8.26,8.26,0.0,112.426481,0.0
2019-03-25,13,0,225,7.04,7.04,0.0,35.582098,0.0
2019-03-25,13,0,233,11.33,11.33,0.0,128.338708,0.0
2019-03-25,13,0,236,10.33,10.33,0.0,56.434334,0.0
2019-03-25,13,0,237,0.0,0.0,0.0,0.0,0.0
2019-03-25,13,0,238,121.65,121.65,0.0,788.301953,0.0
2019-03-25,13,0,240,17.8,17.8,0.0,102.795499,0.0
2019-03-25,13,0,245,59.31,59.31,0.0,470.535441,0.0
2019-03-25,13,0,247,92.71,92.71,0.0,735.51409,0.0
2019-03-25,13,0,248,0.0,0.0,0.0,0.0,0.0
2019-03-25,13,0,249,114.07,114.07,0.0,904.97349,0.0
2019-03-25,13,0,251,214.53,214.53,0.0,1484.511801,0.0
2019-03-25,13,0,252,172.3,172.3,0.0,1237.665675,0.0
2019-03-25,13,0,254,25.87,25.87,0.0,225.282021,0.0
2019-03-25,13,0,255,11.86,11.86,0.0,103.279658,0.0
2019-03-25,13,0,258,21.97,21.97,0.0,136.478817,0.0
2019-03-25,13,0,260,9.05,9.05,0.0,84.950108,0.0
2019-03-25,13,0,265,110.68,110.68,0.0,-4682.531249,0.0
2019-03-25,13,0,266,0.73,0.73,0.0,-30.88406,0.0
2019-03-25,13,0,267,0.9,0.9,0.0,-38.076239,0.0
2019-03-25,13,0,270,252.03,252.03,0.0,-29459.129008,0.0
2019-03-25,13,0,272,150.39,150.39,0.0,-2762.656335,0.0
2019-03-25,13,0,273,45.16,45.16,0.0,-5278.634551,0.0
2019-03-25,13,0,274,324.75,324.75,0.0,-37959.180039,0.0
2019-03-25,13,0,275,451.85,451.85,0.0,-52815.567362,0.0
2019-03-25,13,0,276,10.2,10.2,0.0,-1055.652376,0.0
2019-03-25,13,0,277,12.59,12.59,0.0,-241.66705,0.0
2019-03-25,13,0,278,20.15,20.15,0.0,-386.782451,0.0
2019-03-25,13,0,279,378.16,378.16,0.0,-7258.84127,0.0
2019-03-25,13,0,281,23.33,23.33,0.0,-23330.0,0.0
2019-03-25,13,0,282,485.79,485.79,0.0,-485790.0,0.0
2019-03-25,14,0,9,4.92,4.92,0.0,-2791.940007,0.0
2019-03-25,14,0,17,64.81,64.81,0.0,-297.613857,0.0
2019-03-25,14,0,19,80.51,80.51,0.0,-369.709792,0.0
2019-03-25,14,0,20,97.65,97.65,0.0,-448.418348,0.0
2019-03-25,14,0,21,112.44,112.44,0.0,-63806.043576,0.0
2019-03-25,14,0,22,399.61,399.61,0.0,-226765.680125,0.0
2019-03-25,14,0,23,42.61,42.61,0.0,-24179.78937,0.0
2019-03-25,14,0,24,73.27,73.27,0.0,-41578.342341,0.0
2019-03-25,14,0,29,7.45,7.45,0.0,37.459525,0.0
2019-03-25,14,0,30,938.64,938.64,0.0,-938640.0,0.0
2019-03-25,14,0,31,68.18,68.18,0.0,-68180.0,0.0
2019-03-25,14,0,32,8.25,8.25,0.0,322.755555,0.0
2019-03-25,14,0,33,4.0,4.0,0.0,24.740284,0.0
2019-03-25,14,0,34,6.4,6.4,0.0,39.584454,0.0
2019-03-25,14,0,35,6.4,6.4,0.0,39.584454,0.0
2019-03-25,14,0,36,16.2,16.2,0.0,-49.882874,0.0
2019-03-25,14,0,37,7.48,7.48,0.0,6.395802,0.0
2019-03-25,14,0,38,9.61,9.61,0.0,8.217067,0.0
2019-03-25,14,0,39,6.41,6.41,0.0,5.480895,0.0
2019-03-25,14,0,40,6.41,6.41,0.0,5.480895,0.0
2019-03-25,14,0,41,2.35,2.35,0.0,-467.546694,0.0
2019-03-25,14,0,42,96.22,96.22,0.0,-666.63238,0.0
2019-03-25,14,0,43,49.59,49.59,0.0,435.772044,0.0
2019-03-25,14,0,46,43.03,43.03,0.0,1429.691378,0.0
2019-03-25,14,0,52,72.27,72.27,0.0,-72270.0,0.0
2019-03-25,14,0,53,114.81,114.81,0.0,-114810.0,0.0
2019-03-25,14,0,55,508.28,508.28,0.0,-288432.371296,0.0
2019-03-25,14,0,56,276.86,276.86,0.0,-276860.0,0.0
2019-03-25,14,0,57,263.36,263.36,0.0,-263360.0,0.0
2019-03-25,14,0,58,506.46,506.46,0.0,-506460.0,0.0
2019-03-25,14,0,59,498.02,498.02,0.0,-498020.0,0.0
2019-03-25,14,0,63,51.0,51.0,0.0,5734.941446,0.0
2019-03-25,14,0,64,60.0,60.0,0.0,6746.989936,0.0
2019-03-25,14,0,65,24.78,24.78,0.0,-124.545734,0.0
2019-03-25,14,0,67,520.63,520.63,0.0,-287563.981477,0.0
2019-03-25,14,0,68,19.16,19.16,0.0,-7781.922106,0.0
2019-03-25,14,0,69,4.0,4.0,0.0,24.740284,0.0
2019-03-25,14,0,74,0.0,0.0,0.0,-0.0,0.0
2019-03-25,14,0,77,60.0,60.0,0.0,-16984.363067,0.0
2019-03-25,14,0,78,45.36,45.36,0.0,-12840.178479,0.0
2019-03-25,14,0,79,26.25,26.25,0.0,-7430.658842,0.0
2019-03-25,14,0,80,42.45,42.45,0.0,-12016.43687,0.0
2019-03-25,14,0,81,55.5,55.5,0.0,-15710.535837,0.0
2019-03-25,14,0,82,39.15,39.15,0.0,-11082.296901,0.0
2019-03-25,14,0,83,87.3,87.3,0.0,-24712.248263,0.0
2019-03-25,14,0,84,0.0,0.0,0.0,-0.0,0.0
2019-03-25,14,0,86,20.26,20.26,0.0,125.309537,0.0
2019-03-25,14,0,87,103.42,103.42,0.0,639.660037,0.0
2019-03-25,14,0,88,51.18,51.18,0.0,-14487.661696,0.0
2019-03-25,14,0,89,49.2,49.2,0.0,-13927.177715,0.0
2019-03-25,14,0,90,66.06,66.06,0.0,-18699.783737,0.0
2019-03-25,14,0,91,235.65,235.65,0.0,-66706.085947,0.0
2019-03-25,14,0,92,84.75,84.75,0.0,-23990.412833,0.0
2019-03-25,14,0,95,120.0,120.0,0.0,3049.643213,0.0
2019-03-25,14,0,96,31.39,31.39,0.0,-8255.541892,0.0
2019-03-25,14,0,97,210.51,210.51,0.0,-55363.941501,0.0
2019-03-25,14,0,99,0.0,0.0,0.0,-0.0,0.0
2019-03-25,14,0,101,18.91,18.91,0.0,-18910.0,0.0
2019-03-25,14,0,102,45.25,45.25,0.0,-18378.495579,0.0
2019-03-25,14,0,103,39.36,39.36,0.0,-15986.244994,0.0
2019-03-25,14,0,104,7.37,7.37,0.0,-2993.35939,0.0
2019-03-25,14,0,106,393.38,393.38,0.0,-223230.357717,0.0
2019-03-25,14,0,109,55.54,55.54,0.0,283.989813,0.0
2019-03-25,14,0,110,38.09,38.09,0.0,-38090.0,0.0
2019-03-25,14,0,111,26.95,26.95,0.0,-5361.865276,0.0
2019-03-25,14,0,113,45.0,45.0,0.0,-11602.422928,0.0
2019-03-25,14,0,115,45.0,45.0,0.0,-11602.422928,0.0
2019-03-25,14,0,116,195.72,195.72,0.0,-195720.0,0.0
2019-03-25,14,0,117,3.0,3.0,0.0,-773.494862,0.0
2019-03-25,14,0,119,60.0,60.0,0.0,6746.989936,0.0
2019-03-25,14,0,120,35.28,35.28,0.0,3967.230082,0.0
2019-03-25,14,0,123,6.56,6.56,0.0,-3722.586676,0.0
2019-03-25,14,0,125,66.79,66.79,0.0,-37901.153063,0.0
2019-03-25,14,0,126,295.04,295.04,0.0,-167425.605625,0.0
2019-03-25,14,0,127,378.63,378.63,0.0,-214860.212371,0.0
2019-03-25,14,0,128,92.7,92.7,0.0,-52604.235499,0.0
2019-03-25,14,0,131,30.0,30.0,0.0,-11013.401607,0.0
2019-03-25,14,0,132,44.1,44.1,0.0,-16189.700363,0.0
2019-03-25,14,0,133,17.09,17.09,0.0,-77.780214,0.0
2019-03-25,14,0,134,0.0,0.0,0.0,-0.0,0.0
2019-03-25,14,0,135,22.9,22.9,0.0,-104.222756,0.0
2019-03-25,14,0,136,26.22,26.22,0.0,-132.407912,0.0
2019-03-25,14,0,139,3.04,3.04,0.0,-604.826361,0.0
2019-03-25,14,0,140,28.19,28.19,0.0,-28190.0,0.0
2019-03-25,14,0,141,158.98,158.98,0.0,-87810.771133,0.0
2019-03-25,14,0,142,686.57,686.57,0.0,-379219.028413,0.0
2019-03-25,14,0,143,96.86,96.86,0.0,-96860.0,0.0
2019-03-25,14,0,145,56.12,56.12,0.0,-17158.398421,0.0
2019-03-25,14,0,146,9.0,9.0,0.0,-9000.0,0.0
2019-03-25,14,0,152,11.92,11.92,0.0,-127.32892,0.0
2019-03-25,14,0,153,14.62,14.62,0.0,-158.356424,0.0
2019-03-25,14,0,154,111.15,111.15,0.0,-22113.963838,0.0
2019-03-25,14,0,157,11.12,11.12,0.0,-6142.003868,0.0
2019-03-25,14,0,158,527.65,527.65,0.0,-291441.397588,0.0
2019-03-25,14,0,159,0.0,0.0,0.0,-0.0,0.0
2019-03-25,14,0,160,3.83,3.83,0.0,37.429101,0.0
2019-03-25,14,0,161,98.06,98.06,0.0,-39827.519921,0.0
2019-03-25,14,0,162,162.5,162.5,0.0,4263.361427,0.0
2019-03-25,14,0,163,102.26,102.26,0.0,-102260.0,0.0
2019-03-25,14,0,164,33.08,33.08,0.0,-33080.0,0.0
2019-03-25,14,0,167,9.68,9.68,0.0,219.114113,0.0
2019-03-25,14,0,168,4.84,4.84,0.0,109.557057,0.0
2019-03-25,14,0,169,0.0,0.0,0.0,0.0,0.0
2019-03-25,14,0,170,10.59,10.59,0.0,239.712651,0.0
2019-03-25,14,0,172,12.57,12.57,0.0,137.853416,0.0
2019-03-25,14,0,173,19.15,19.15,0.0,210.015347,0.0
2019-03-25,14,0,188,16.81,16.81,0.0,360.908515,0.0
2019-03-25,14,0,190,15.45,15.45,0.0,501.005757,0.0
2019-03-25,14,0,191,39.92,39.92,0.0,1294.50808,0.0
2019-03-25,14,0,192,161.77,161.77,0.0,5245.805915,0.0
2019-03-25,14,0,194,52.95,52.95,0.0,-6643.544843,0.0
2019-03-25,14,0,196,10.55,10.55,0.0,2814.17021,0.0
2019-03-25,14,0,198,16.16,16.16,0.0,179.968063,0.0
2019-03-25,14,0,199,130.0,130.0,0.0,-3267.780389,0.0
2019-03-25,14,0,200,30.23,30.23,0.0,-759.884624,0.0
2019-03-25,14,0,204,224.77,224.77,0.0,13946.765106,0.0
2019-03-25,14,0,205,293.81,293.81,0.0,1502.323498,0.0
2019-03-25,14,0,206,745.19,745.19,0.0,-195984.302728,0.0
2019-03-25,14,0,210,2.01,2.01,0.0,13.79834,0.0
2019-03-25,14,0,214,15.61,15.61,0.0,190.380925,0.0
2019-03-25,14,0,217,9.62,9.62,0.0,98.929865,0.0
2019-03-25,14,0,218,13.28,13.28,0.0,136.568463,0.0
2019-03-25,14,0,219,9.04,9.04,0.0,92.965279,0.0
2019-03-25,14,0,221,8.33,8.33,0.0,101.593408,0.0
2019-03-25,14,0,225,7.1,7.1,0.0,34.4403,0.0
2019-03-25,14,0,233,11.46,11.46,0.0,70.880913,0.0
2019-03-25,14,0,236,5.38,5.38,0.0,-48.245014,0.0
2019-03-25,14,0,237,0.0,0.0,0.0,-0.0,0.0
2019-03-25,14,0,238,125.23,125.23,0.0,-867.619756,0.0
2019-03-25,14,0,240,18.36,18.36,0.0,-56.533924,0.0
2019-03-25,14,0,245,61.44,61.44,0.0,-184.092445,0.0
2019-03-25,14,0,247,91.45,91.45,0.0,-274.011297,0.0
2019-03-25,14,0,248,0.0,0.0,0.0,-0.0,0.0
2019-03-25,14,0,249,118.16,118.16,0.0,-354.042371,0.0
2019-03-25,14,0,251,171.59,171.59,0.0,-984.677853,0.0
2019-03-25,14,0,252,159.88,159.88,0.0,-803.566258,0.0
2019-03-25,14,0,254,25.79,25.79,0.0,233.004863,0.0
2019-03-25,14,0,255,11.82,11.82,0.0,106.790131,0.0
2019-03-25,14,0,258,22.78,22.78,0.0,-26.484547,0.0
2019-03-25,14,0,260,9.31,9.31,0.0,90.98301,0.0
2019-03-25,14,0,265,115.08,115.08,0.0,-22895.861075,0.0
2019-03-25,14,0,266,1.97,1.97,0.0,-391.943399,0.0
2019-03-25,14,0,267,2.42,2.42,0.0,-481.473617,0.0
2019-03-25,14,0,270,355.47,355.47,0.0,-355470.0,0.0
2019-03-25,14,0,272,150.39,150.39,0.0,-38775.297424,0.0
2019-03-25,14,0,273,46.8,46.8,0.0,-46800.0,0.0
2019-03-25,14,0,274,474.16,474.16,0.0,-474160.0,0.0
2019-03-25,14,0,275,689.62,689.62,0.0,-689620.0,0.0
2019-03-25,14,0,276,10.46,10.46,0.0,-9414.487763,0.0
2019-03-25,14,0,277,12.92,12.92,0.0,-3461.929295,0.0
2019-03-25,14,0,278,20.67,20.67,0.0,-5538.550969,0.0
2019-03-25,14,0,279,264.6,264.6,0.0,-70899.883235,0.0
2019-03-25,14,0,281,30.6,30.6,0.0,-30600.0,0.0
2019-03-25,14,0,282,514.9,514.9,0.0,-514900.0,0.0
2019-03-25,15,0,9,4.7,4.7,0.0,-1927.356578,0.0
2019-03-25,15,0,17,62.73,62.73,0.0,2453.874902,0.0
2019-03-25,15,0,19,103.82,103.82,0.0,4061.23533,0.0
2019-03-25,15,0,20,125.92,125.92,0.0,4925.744103,0.0
2019-03-25,15,0,21,107.48,107.48,0.0,-44074.954267,0.0
2019-03-25,15,0,22,381.97,381.97,0.0,-156636.67921,0.0
2019-03-25,15,0,23,32.64,32.64,0.0,-13384.876324,0.0
2019-03-25,15,0,24,57.75,57.75,0.0,-23681.881363,0.0
2019-03-25,15,0,29,6.82,6.82,0.0,33.210235,0.0
2019-03-25,15,0,30,907.35,907.35,0.0,-907350.0,0.0
2019-03-25,15,0,31,89.24,89.24,0.0,-89240.0,0.0
2019-03-25,15,0,32,7.76,7.76,0.0,296.018081,0.0
2019-03-25,15,0,33,3.92,3.92,0.0,214.318209,0.0
2019-03-25,15,0,34,6.27,6.27,0.0,342.799788,0.0
2019-03-25,15,0,35,6.27,6.27,0.0,342.799788,0.0
2019-03-25,15,0,36,15.6,15.6,0.0,86.027885,0.0
2019-03-25,15,0,37,7.22,7.22,0.0,36.135737,0.0
2019-03-25,15,0,38,9.29,9.29,0.0,46.495982,0.0
2019-03-25,15,0,39,6.19,6.19,0.0,30.980638,0.0
2019-03-25,15,0,40,6.19,6.19,0.0,30.980638,0.0
2019-03-25,15,0,41,12.09,12.09,0.0,-311.272979,0.0
2019-03-25,15,0,42,92.31,92.31,0.0,3299.738386,0.0
2019-03-25,15,0,43,46.76,46.76,0.0,329.836632,0.0
2019-03-25,15,0,46,41.28,41.28,0.0,26.04685,0.0
2019-03-25,15,0,52,94.59,94.59,0.0,-94590.0,0.0
2019-03-25,15,0,53,150.27,150.27,0.0,-150270.0,0.0
2019-03-25,15,0,55,554.52,554.52,0.0,-227395.270193,0.0
2019-03-25,15,0,56,267.64,267.64,0.0,-267640.0,0.0
2019-03-25,15,0,57,254.58,254.58,0.0,-254580.0,0.0
2019-03-25,15,0,58,489.58,489.58,0.0,-489580.0,0.0
2019-03-25,15,0,59,481.42,481.42,0.0,-481420.0,0.0
2019-03-25,15,0,63,51.0,51.0,0.0,5815.524819,0.0
2019-03-25,15,0,64,60.0,60.0,0.0,6841.793904,0.0
2019-03-25,15,0,65,23.46,23.46,0.0,903.015211,0.0
2019-03-25,15,0,67,491.39,491.39,0.0,-268449.932921,0.0
2019-03-25,15,0,68,34.0,34.0,0.0,-13537.232928,0.0
2019-03-25,15,0,69,3.92,3.92,0.0,214.318209,0.0
2019-03-25,15,0,74,8.34,8.34,0.0,144.395551,0.0
2019-03-25,15,0,77,60.0,60.0,0.0,-16323.105111,0.0
2019-03-25,15,0,78,45.36,45.36,0.0,-12340.267464,0.0
2019-03-25,15,0,79,26.25,26.25,0.0,-7141.358486,0.0
2019-03-25,15,0,80,42.45,42.45,0.0,-11548.596866,0.0
2019-03-25,15,0,81,55.5,55.5,0.0,-15098.872228,0.0
2019-03-25,15,0,82,39.15,39.15,0.0,-10650.826085,0.0
2019-03-25,15,0,83,87.3,87.3,0.0,-23750.117937,0.0
2019-03-25,15,0,84,0.0,0.0,0.0,-0.0,0.0
2019-03-25,15,0,86,19.87,19.87,0.0,1086.352756,0.0
2019-03-25,15,0,87,101.42,101.42,0.0,5544.936916,0.0
2019-03-25,15,0,88,51.18,51.18,0.0,-13923.60866,0.0
2019-03-25,15,0,89,49.2,49.2,0.0,-13384.946191,0.0
2019-03-25,15,0,90,66.06,66.06,0.0,-17971.738727,0.0
2019-03-25,15,0,91,235.65,235.65,0.0,-64108.995324,0.0
2019-03-25,15,0,92,84.75,84.75,0.0,-23056.385969,0.0
2019-03-25,15,0,95,120.0,120.0,0.0,3049.643213,0.0
2019-03-25,15,0,96,29.88,29.88,0.0,165.0123,0.0
2019-03-25,15,0,97,183.75,183.75,0.0,1014.759375,0.0
2019-03-25,15,0,99,1.61,1.61,0.0,27.87492,0.0
2019-03-25,15,0,101,18.28,18.28,0.0,-18280.0,0.0
2019-03-25,15,0,102,80.5,80.5,0.0,-32051.389727,0.0
2019-03-25,15,0,103,70.0,70.0,0.0,-27870.773675,0.0
2019-03-25,15,0,104,13.0,13.0,0.0,-5176.000825,0.0
2019-03-25,15,0,106,376.01,376.01,0.0,-154192.627039,0.0
2019-03-25,15,0,109,60.0,60.0,0.0,-315.014657,0.0
2019-03-25,15,0,110,44.74,44.74,0.0,-44740.0,0.0
2019-03-25,15,0,111,26.27,26.27,0.0,-676.355762,0.0
2019-03-25,15,0,113,45.0,45.0,0.0,-11292.470878,0.0
2019-03-25,15,0,115,45.0,45.0,0.0,-11292.470878,0.0
2019-03-25,15,0,116,187.22,187.22,0.0,-187220.0,0.0
2019-03-25,15,0,117,3.0,3.0,0.0,-752.831392,0.0
2019-03-25,15,0,119,60.0,60.0,0.0,6841.793904,0.0
2019-03-25,15,0,120,35.28,35.28,0.0,4022.974816,0.0
2019-03-25,15,0,123,6.27,6.27,0.0,-2571.175691,0.0
2019-03-25,15,0,125,52.26,52.26,0.0,-21430.564849,0.0
2019-03-25,15,0,126,282.01,282.01,0.0,-115645.495469,0.0
2019-03-25,15,0,127,361.91,361.91,0.0,-148410.557303,0.0
2019-03-25,15,0,128,74.85,74.85,0.0,-30694.178702,0.0
2019-03-25,15,0,131,73.62,73.62,0.0,-26399.153473,0.0
2019-03-25,15,0,132,108.35,108.35,0.0,-38852.869856,0.0
2019-03-25,15,0,133,20.69,20.69,0.0,810.573277,0.0
2019-03-25,15,0,134,0.0,0.0,0.0,0.0,0.0
2019-03-25,15,0,135,27.72,27.72,0.0,1085.987977,0.0
2019-03-25,15,0,136,28.05,28.05,0.0,1078.727596,0.0
2019-03-25,15,0,139,15.72,15.72,0.0,-404.732112,0.0
2019-03-25,15,0,140,33.12,33.12,0.0,-33120.0,0.0
2019-03-25,15,0,141,152.75,152.75,0.0,-83448.436585,0.0
2019-03-25,15,0,142,648.02,648.02,0.0,-354018.041742,0.0
2019-03-25,15,0,143,124.57,124.57,0.0,-124570.0,0.0
2019-03-25,15,0,145,30.0,30.0,0.0,-790.19631,0.0
2019-03-25,15,0,146,12.66,12.66,0.0,-12660.0,0.0
2019-03-25,15,0,152,11.55,11.55,0.0,271.684333,0.0
2019-03-25,15,0,153,14.11,14.11,0.0,322.582537,0.0
2019-03-25,15,0,154,108.35,108.35,0.0,-2789.613505,0.0
2019-03-25,15,0,157,11.34,11.34,0.0,-6195.124523,0.0
2019-03-25,15,0,158,504.66,504.66,0.0,-275699.430489,0.0
2019-03-25,15,0,159,0.0,0.0,0.0,0.0,0.0
2019-03-25,15,0,160,3.65,3.65,0.0,51.594123,0.0
2019-03-25,15,0,161,93.51,93.51,0.0,-37231.372091,0.0
2019-03-25,15,0,162,162.5,162.5,0.0,4270.463147,0.0
2019-03-25,15,0,163,112.67,112.67,0.0,-112670.0,0.0
2019-03-25,15,0,164,32.27,32.27,0.0,-32270.0,0.0
2019-03-25,15,0,167,8.91,8.91,0.0,201.624619,0.0
2019-03-25,15,0,168,4.45,4.45,0.0,100.699165,0.0
2019-03-25,15,0,169,0.0,0.0,0.0,0.0,0.0
2019-03-25,15,0,170,9.74,9.74,0.0,220.406711,0.0
2019-03-25,15,0,172,11.77,11.77,0.0,159.119236,0.0
2019-03-25,15,0,173,17.94,17.94,0.0,242.531784,0.0
2019-03-25,15,0,188,15.91,15.91,0.0,318.189362,0.0
2019-03-25,15,0,190,14.85,14.85,0.0,481.549223,0.0
2019-03-25,15,0,191,38.35,38.35,0.0,1243.596815,0.0
2019-03-25,15,0,192,186.6,186.6,0.0,6050.982158,0.0
2019-03-25,15,0,194,52.95,52.95,0.0,-6405.398782,0.0
2019-03-25,15,0,196,9.96,9.96,0.0,2693.052678,0.0
2019-03-25,15,0,198,15.47,15.47,0.0,337.782334,0.0
2019-03-25,15,0,199,130.0,130.0,0.0,-2286.894288,0.0
2019-03-25,15,0,200,28.75,28.75,0.0,-505.755467,0.0
2019-03-25,15,0,204,257.1,257.1,0.0,-1785.431857,0.0
2019-03-25,15,0,205,317.4,317.4,0.0,-1666.427534,0.0
2019-03-25,15,0,206,539.94,539.94,0.0,2981.81865,0.0
2019-03-25,15,0,210,1.9,1.9,0.0,10.436513,0.0
2019-03-25,15,0,214,14.78,14.78,0.0,942.21357,0.0
2019-03-25,15,0,217,9.06,9.06,0.0,369.582449,0.0
2019-03-25,15,0,218,12.51,12.51,0.0,510.317488,0.0
2019-03-25,15,0,219,8.52,8.52,0.0,347.554356,0.0
2019-03-25,15,0,221,7.88,7.88,0.0,502.343906,0.0
2019-03-25,15,0,225,6.55,6.55,0.0,31.501149,0.0
2019-03-25,15,0,233,11.24,11.24,0.0,614.524659,0.0
2019-03-25,15,0,236,10.6,10.6,0.0,329.606837,0.0
2019-03-25,15,0,237,20.01,20.01,0.0,346.44544,0.0
2019-03-25,15,0,238,120.15,120.15,0.0,4294.914604,0.0
2019-03-25,15,0,240,17.68,17.68,0.0,97.49827,0.0
2019-03-25,15,0,245,64.98,64.98,0.0,2691.556455,0.0
2019-03-25,15,0,247,93.49,93.49,0.0,3872.477885,0.0
2019-03-25,15,0,248,2.01,2.01,0.0,34.800367,0.0
2019-03-25,15,0,249,124.97,124.97,0.0,5176.420594,0.0
2019-03-25,15,0,251,138.63,138.63,0.0,5193.542709,0.0
2019-03-25,15,0,252,151.35,151.35,0.0,5825.718337,0.0
2019-03-25,15,0,254,24.72,24.72,0.0,218.298202,0.0
2019-03-25,15,0,255,11.33,11.33,0.0,100.053342,0.0
2019-03-25,15,0,258,21.82,21.82,0.0,125.753097,0.0
2019-03-25,15,0,260,8.87,8.87,0.0,125.380786,0.0
2019-03-25,15,0,265,112.18,112.18,0.0,-2888.221901,0.0
2019-03-25,15,0,266,10.05,10.05,0.0,-258.750491,0.0
2019-03-25,15,0,267,12.43,12.43,0.0,-320.026727,0.0
2019-03-25,15,0,270,367.76,367.76,0.0,-367760.0,0.0
2019-03-25,15,0,272,150.39,150.39,0.0,-37739.437674,0.0
2019-03-25,15,0,273,44.77,44.77,0.0,-44770.0,0.0
2019-03-25,15,0,274,484.39,484.39,0.0,-484390.0,0.0
2019-03-25,15,0,275,695.27,695.27,0.0,-695270.0,0.0
2019-03-25,15,0,276,10.12,10.12,0.0,-9094.843915,0.0
2019-03-25,15,0,277,12.41,12.41,0.0,-3219.232393,0.0
2019-03-25,15,0,278,19.86,19.86,0.0,-5151.809454,0.0
2019-03-25,15,0,279,264.6,264.6,0.0,-68638.911453,0.0
2019-03-25,15,0,281,40.05,40.05,0.0,-40050.0,0.0
2019-03-25,15,0,282,497.74,497.74,0.0,-497740.0,0.0
2019-03-25,16,0,9,4.15,4.15,0.0,-1611.917697,0.0
2019-03-25,16,0,17,57.56,57.56,0.0,748.856784,0.0
2019-03-25,16,0,19,225.98,225.98,0.0,2940.004448,0.0
2019-03-25,16,0,20,285.21,285.21,0.0,3710.587966,0.0
2019-03-25,16,0,21,94.8,94.8,0.0,-36821.637985,0.0
2019-03-25,16,0,22,336.91,336.91,0.0,-130860.52799,0.0
2019-03-25,16,0,23,32.64,32.64,0.0,-12677.829787,0.0
2019-03-25,16,0,24,57.75,57.75,0.0,-22430.902886,0.0
2019-03-25,16,0,29,4.89,4.89,0.0,25.526818,0.0
2019-03-25,16,0,30,774.07,774.07,0.0,-774070.0,0.0
2019-03-25,16,0,31,116.57,116.57,0.0,-116570.0,0.0
2019-03-25,16,0,32,6.79,6.79,0.0,268.340712,0.0
2019-03-25,16,0,33,3.09,3.09,0.0,53.470754,0.0
2019-03-25,16,0,34,4.94,4.94,0.0,85.483988,0.0
2019-03-25,16,0,35,4.94,4.94,0.0,85.483988,0.0
2019-03-25,16,0,36,13.01,13.01,0.0,84.833722,0.0
2019-03-25,16,0,37,5.82,5.82,0.0,37.761569,0.0
2019-03-25,16,0,38,7.48,7.48,0.0,48.532051,0.0
2019-03-25,16,0,39,4.99,4.99,0.0,32.376328,0.0
2019-03-25,16,0,40,4.99,4.99,0.0,32.376328,0.0
2019-03-25,16,0,41,41.1,41.1,0.0,-303.250594,0.0
2019-03-25,16,0,42,79.3,79.3,0.0,957.87569,0.0
2019-03-25,16,0,43,41.91,41.91,0.0,300.041495,0.0
2019-03-25,16,0,46,35.41,35.41,0.0,199.073326,0.0
2019-03-25,16,0,52,123.56,123.56,0.0,-123560.0,0.0
2019-03-25,16,0,53,196.3,196.3,0.0,-196300.0,0.0
2019-03-25,16,0,55,608.66,608.66,0.0,-236412.006074,0.0
2019-03-25,16,0,56,228.32,228.32,0.0,-228320.0,0.0
2019-03-25,16,0,57,217.19,217.19,0.0,-217190.0,0.0
2019-03-25,16,0,58,417.66,417.66,0.0,-417660.0,0.0
2019-03-25,16,0,59,410.7,410.7,0.0,-410700.0,0.0
2019-03-25,16,0,63,51.0,51.0,0.0,5703.229697,0.0
2019-03-25,16,0,64,60.0,60.0,0.0,6709.681997,0.0
2019-03-25,16,0,65,22.66,22.66,0.0,290.888642,0.0
2019-03-25,16,0,67,429.04,429.04,0.0,-238079.443699,0.0
2019-03-25,16,0,68,34.0,34.0,0.0,-13925.329085,0.0
2019-03-25,16,0,69,3.09,3.09,0.0,53.470754,0.0
2019-03-25,16,0,74,13.87,13.87,0.0,106.697433,0.0
2019-03-25,16,0,77,60.0,60.0,0.0,-17267.022618,0.0
2019-03-25,16,0,78,45.36,45.36,0.0,-13053.869099,0.0
2019-03-25,16,0,79,26.25,26.25,0.0,-7554.322396,0.0
2019-03-25,16,0,80,42.45,42.45,0.0,-12216.418502,0.0
2019-03-25,16,0,81,55.5,55.5,0.0,-15971.995922,0.0
2019-03-25,16,0,82,39.15,39.15,0.0,-11266.732258,0.0
2019-03-25,16,0,83,87.3,87.3,0.0,-25123.51791,0.0
2019-03-25,16,0,84,0.0,0.0,0.0,-0.0,0.0
2019-03-25,16,0,86,15.65,15.65,0.0,270.814659,0.0
2019-03-25,16,0,87,79.92,79.92,0.0,1382.971728,0.0
2019-03-25,16,0,88,51.18,51.18,0.0,-14728.770293,0.0
2019-03-25,16,0,89,49.2,49.2,0.0,-14158.958547,0.0
2019-03-25,16,0,90,66.06,66.06,0.0,-19010.991903,0.0
2019-03-25,16,0,91,235.65,235.65,0.0,-67816.231333,0.0
2019-03-25,16,0,92,84.75,84.75,0.0,-24389.669448,0.0
2019-03-25,16,0,95,120.0,120.0,0.0,3049.643213,0.0
2019-03-25,16,0,96,29.88,29.88,0.0,1294.898087,0.0
2019-03-25,16,0,97,183.75,183.75,0.0,7963.103196,0.0
2019-03-25,16,0,99,3.04,3.04,0.0,23.385739,0.0
2019-03-25,16,0,101,15.59,15.59,0.0,-15590.0,0.0
2019-03-25,16,0,102,80.5,80.5,0.0,-32970.264451,0.0
2019-03-25,16,0,103,70.0,70.0,0.0,-28669.795174,0.0
2019-03-25,16,0,104,13.0,13.0,0.0,-5324.390532,0.0
2019-03-25,16,0,106,331.66,331.66,0.0,-128821.355,0.0
2019-03-25,16,0,109,60.0,60.0,0.0,247.847426,0.0
2019-03-25,16,0,110,54.52,54.52,0.0,-54520.0,0.0
2019-03-25,16,0,111,22.73,22.73,0.0,-167.710122,0.0
2019-03-25,16,0,113,45.0,45.0,0.0,-11733.823385,0.0
2019-03-25,16,0,115,45.0,45.0,0.0,-11733.823385,0.0
2019-03-25,16,0,116,162.11,162.11,0.0,-162110.0,0.0
2019-03-25,16,0,117,3.0,3.0,0.0,-782.254892,0.0
2019-03-25,16,0,119,60.0,60.0,0.0,6709.681997,0.0
2019-03-25,16,0,120,35.28,35.28,0.0,3945.293014,0.0
2019-03-25,16,0,123,5.53,5.53,0.0,-2147.928882,0.0
2019-03-25,16,0,125,52.26,52.26,0.0,-20298.51056,0.0
2019-03-25,16,0,126,248.75,248.75,0.0,-96617.95832,0.0
2019-03-25,16,0,127,319.22,319.22,0.0,-123989.48605,0.0
2019-03-25,16,0,128,74.85,74.85,0.0,-29072.780624,0.0
2019-03-25,16,0,131,30.0,30.0,0.0,-11122.551944,0.0
2019-03-25,16,0,132,44.1,44.1,0.0,-16350.151358,0.0
2019-03-25,16,0,133,30.21,30.21,0.0,393.524901,0.0
2019-03-25,16,0,134,0.0,0.0,0.0,0.0,0.0
2019-03-25,16,0,135,38.41,38.41,0.0,500.340663,0.0
2019-03-25,16,0,136,30.11,30.11,0.0,386.239186,0.0
2019-03-25,16,0,139,53.52,53.52,0.0,-394.889825,0.0
2019-03-25,16,0,140,40.35,40.35,0.0,-40350.0,0.0
2019-03-25,16,0,141,147.11,147.11,0.0,-81633.104052,0.0
2019-03-25,16,0,142,565.79,565.79,0.0,-313963.659451,0.0
2019-03-25,16,0,143,160.25,160.25,0.0,-160250.0,0.0
2019-03-25,16,0,145,30.0,30.0,0.0,-11.382104,0.0
2019-03-25,16,0,146,17.07,17.07,0.0,-17070.0,0.0
2019-03-25,16,0,152,9.35,9.35,0.0,77.352738,0.0
2019-03-25,16,0,153,11.6,11.6,0.0,93.524941,0.0
2019-03-25,16,0,154,93.75,93.75,0.0,-691.721246,0.0
2019-03-25,16,0,157,11.68,11.68,0.0,-6481.372139,0.0
2019-03-25,16,0,158,441.37,441.37,0.0,-244921.508637,0.0
2019-03-25,16,0,159,0.0,0.0,0.0,0.0,0.0
2019-03-25,16,0,160,3.25,3.25,0.0,29.95935,0.0
2019-03-25,16,0,161,80.02,80.02,0.0,-32773.671569,0.0
2019-03-25,16,0,162,162.5,162.5,0.0,4260.73089,0.0
2019-03-25,16,0,163,116.83,116.83,0.0,-116830.0,0.0
2019-03-25,16,0,164,28.44,28.44,0.0,-28440.0,0.0
2019-03-25,16,0,167,7.51,7.51,0.0,170.025937,0.0
2019-03-25,16,0,168,3.75,3.75,0.0,84.899769,0.0
2019-03-25,16,0,169,0.0,0.0,0.0,0.0,0.0
2019-03-25,16,0,170,8.21,8.21,0.0,185.873894,0.0
2019-03-25,16,0,172,9.99,9.99,0.0,128.765773,0.0
2019-03-25,16,0,173,15.22,15.22,0.0,196.177684,0.0
2019-03-25,16,0,188,13.75,13.75,0.0,303.761005,0.0
2019-03-25,16,0,190,12.62,12.62,0.0,409.235771,0.0
2019-03-25,16,0,191,32.61,32.61,0.0,1057.462638,0.0
2019-03-25,16,0,192,215.01,215.01,0.0,6972.249056,0.0
2019-03-25,16,0,194,52.95,52.95,0.0,-6742.802365,0.0
2019-03-25,16,0,196,8.49,8.49,0.0,2251.995366,0.0
2019-03-25,16,0,198,13.79,13.79,0.0,164.359655,0.0
2019-03-25,16,0,199,130.0,130.0,0.0,-3684.485485,0.0
2019-03-25,16,0,200,25.39,25.39,0.0,-719.608357,0.0
2019-03-25,16,0,204,257.1,257.1,0.0,979.254318,0.0
2019-03-25,16,0,205,317.4,317.4,0.0,1311.112882,0.0
2019-03-25,16,0,206,539.94,539.94,0.0,23399.172462,0.0
2019-03-25,16,0,210,2.06,2.06,0.0,13.025823,0.0
2019-03-25,16,0,214,13.12,13.12,0.0,260.24301,0.0
2019-03-25,16,0,217,8.02,8.02,0.0,112.793979,0.0
2019-03-25,16,0,218,11.07,11.07,0.0,155.689445,0.0
2019-03-25,16,0,219,7.54,7.54,0.0,106.043218,0.0
2019-03-25,16,0,221,7.0,7.0,0.0,138.849167,0.0
2019-03-25,16,0,225,4.79,4.79,0.0,24.494563,0.0
2019-03-25,16,0,233,8.86,8.86,0.0,153.317436,0.0
2019-03-25,16,0,236,18.93,18.93,0.0,202.300316,0.0
2019-03-25,16,0,237,31.72,31.72,0.0,244.011721,0.0
2019-03-25,16,0,238,103.21,103.21,0.0,1246.687894,0.0
2019-03-25,16,0,240,14.74,14.74,0.0,96.114456,0.0
2019-03-25,16,0,245,69.74,69.74,0.0,951.665575,0.0
2019-03-25,16,0,247,98.42,98.42,0.0,1343.030196,0.0
2019-03-25,16,0,248,3.74,3.74,0.0,28.770613,0.0
2019-03-25,16,0,249,134.12,134.12,0.0,1830.189086,0.0
2019-03-25,16,0,251,114.13,114.13,0.0,1432.695355,0.0
2019-03-25,16,0,252,146.18,146.18,0.0,1876.526997,0.0
2019-03-25,16,0,254,19.9,19.9,0.0,152.750035,0.0
2019-03-25,16,0,255,9.12,9.12,0.0,70.004036,0.0
2019-03-25,16,0,258,18.65,18.65,0.0,123.533554,0.0
2019-03-25,16,0,260,7.88,7.88,0.0,72.6399,0.0
2019-03-25,16,0,265,97.06,97.06,0.0,-716.143618,0.0
2019-03-25,16,0,266,34.12,34.12,0.0,-251.749642,0.0
2019-03-25,16,0,267,42.27,42.27,0.0,-311.883276,0.0
2019-03-25,16,0,270,315.76,315.76,0.0,-315760.0,0.0
2019-03-25,16,0,272,150.39,150.39,0.0,-39214.437752,0.0
2019-03-25,16,0,273,38.77,38.77,0.0,-38770.0,0.0
2019-03-25,16,0,274,394.06,394.06,0.0,-394060.0,0.0
2019-03-25,16,0,275,528.28,528.28,0.0,-528280.0,0.0
2019-03-25,16,0,276,8.71,8.71,0.0,-7844.411037,0.0
2019-03-25,16,0,277,10.67,10.67,0.0,-2897.857059,0.0
2019-03-25,16,0,278,17.07,17.07,0.0,-4636.028117,0.0
2019-03-25,16,0,279,604.22,604.22,0.0,-164099.643156,0.0
2019-03-25,16,0,281,52.31,52.31,0.0,-52310.0,0.0
2019-03-25,16,0,282,424.63,424.63,0.0,-424630.0,0.0
2019-03-25,17,0,9,3.21,3.21,0.0,-1246.562223,0.0
2019-03-25,17,0,17,43.11,43.11,0.0,560.247797,0.0
2019-03-25,17,0,19,186.98,186.98,0.0,2429.949737,0.0
2019-03-25,17,0,20,225.16,225.16,0.0,2926.128371,0.0
2019-03-25,17,0,21,73.5,73.5,0.0,-28542.779881,0.0
2019-03-25,17,0,22,261.22,261.22,0.0,-101441.428035,0.0
2019-03-25,17,0,23,47.2,47.2,0.0,-18329.513067,0.0
2019-03-25,17,0,24,83.96,83.96,0.0,-32604.786379,0.0
2019-03-25,17,0,29,3.55,3.55,0.0,17.896581,0.0
2019-03-25,17,0,30,603.84,603.84,0.0,-603840.0,0.0
2019-03-25,17,0,31,124.7,124.7,0.0,-124700.0,0.0
2019-03-25,17,0,32,5.14,5.14,0.0,203.158723,0.0
2019-03-25,17,0,33,2.31,2.31,0.0,39.893742,0.0
2019-03-25,17,0,34,3.7,3.7,0.0,63.899067,0.0
2019-03-25,17,0,35,3.7,3.7,0.0,63.899067,0.0
2019-03-25,17,0,36,10.03,10.03,0.0,65.515192,0.0
2019-03-25,17,0,37,4.48,4.48,0.0,29.115525,0.0
2019-03-25,17,0,38,5.76,5.76,0.0,37.434247,0.0
2019-03-25,17,0,39,3.84,3.84,0.0,24.956164,0.0
2019-03-25,17,0,40,3.84,3.84,0.0,24.956164,0.0
2019-03-25,17,0,41,22.33,22.33,0.0,-163.083515,0.0
2019-03-25,17,0,42,60.15,60.15,0.0,725.966419,0.0
2019-03-25,17,0,43,32.52,32.52,0.0,232.816736,0.0
2019-03-25,17,0,46,27.26,27.26,0.0,153.808311,0.0
2019-03-25,17,0,52,132.18,132.18,0.0,-132180.0,0.0
2019-03-25,17,0,53,210.0,210.0,0.0,-210000.0,0.0
2019-03-25,17,0,55,622.17,622.17,0.0,-241611.719166,0.0
2019-03-25,17,0,56,178.11,178.11,0.0,-178110.0,0.0
2019-03-25,17,0,57,169.42,169.42,0.0,-169420.0,0.0
2019-03-25,17,0,58,325.81,325.81,0.0,-325810.0,0.0
2019-03-25,17,0,59,320.38,320.38,0.0,-320380.0,0.0
2019-03-25,17,0,63,95.49,95.49,0.0,10677.480695,0.0
2019-03-25,17,0,64,112.31,112.31,0.0,12558.25591,0.0
2019-03-25,17,0,65,29.5,29.5,0.0,378.298084,0.0
2019-03-25,17,0,67,328.46,328.46,0.0,-182277.432946,0.0
2019-03-25,17,0,68,19.11,19.11,0.0,-7827.705992,0.0
2019-03-25,17,0,69,2.31,2.31,0.0,39.893742,0.0
2019-03-25,17,0,74,23.19,23.19,0.0,178.633578,0.0
2019-03-25,17,0,77,60.0,60.0,0.0,-17270.620861,0.0
2019-03-25,17,0,78,45.36,45.36,0.0,-13056.589371,0.0
2019-03-25,17,0,79,26.25,26.25,0.0,-7555.896626,0.0
2019-03-25,17,0,80,42.45,42.45,0.0,-12218.964259,0.0
2019-03-25,17,0,81,55.5,55.5,0.0,-15975.324296,0.0
2019-03-25,17,0,82,39.15,39.15,0.0,-11269.080111,0.0
2019-03-25,17,0,83,87.3,87.3,0.0,-25128.753352,0.0
2019-03-25,17,0,84,0.0,0.0,0.0,-0.0,0.0
2019-03-25,17,0,86,11.7,11.7,0.0,202.059213,0.0
2019-03-25,17,0,87,59.74,59.74,0.0,1031.710888,0.0
2019-03-25,17,0,88,51.18,51.18,0.0,-14731.839594,0.0
2019-03-25,17,0,89,49.2,49.2,0.0,-14161.909106,0.0
2019-03-25,17,0,90,66.06,66.06,0.0,-19014.953567,0.0
2019-03-25,17,0,91,235.65,235.65,0.0,-67830.36343,0.0
2019-03-25,17,0,92,84.75,84.75,0.0,-24394.751966,0.0
2019-03-25,17,0,95,120.0,120.0,0.0,3049.643213,0.0
2019-03-25,17,0,96,29.88,29.88,0.0,1298.891685,0.0
2019-03-25,17,0,97,183.75,183.75,0.0,7987.66222,0.0
2019-03-25,17,0,99,4.72,4.72,0.0,36.358365,0.0
2019-03-25,17,0,101,12.16,12.16,0.0,-12160.0,0.0
2019-03-25,17,0,102,45.19,45.19,0.0,-18510.415163,0.0
2019-03-25,17,0,103,39.3,39.3,0.0,-16097.794111,0.0
2019-03-25,17,0,104,7.33,7.33,0.0,-3002.463889,0.0
2019-03-25,17,0,106,257.14,257.14,0.0,-99857.012499,0.0
2019-03-25,17,0,109,60.0,60.0,0.0,250.301652,0.0
2019-03-25,17,0,110,55.67,55.67,0.0,-55670.0,0.0
2019-03-25,17,0,111,17.88,17.88,0.0,-130.583665,0.0
2019-03-25,17,0,113,45.0,45.0,0.0,-11735.698149,0.0
2019-03-25,17,0,115,45.0,45.0,0.0,-11735.698149,0.0
2019-03-25,17,0,116,123.44,123.44,0.0,-123440.0,0.0
2019-03-25,17,0,117,3.0,3.0,0.0,-782.379877,0.0
2019-03-25,17,0,119,112.31,112.31,0.0,12558.25591,0.0
2019-03-25,17,0,120,66.1,66.1,0.0,7391.155869,0.0
2019-03-25,17,0,123,4.29,4.29,0.0,-1665.966336,0.0
2019-03-25,17,0,125,75.89,75.89,0.0,-29470.905649,0.0
2019-03-25,17,0,126,192.86,192.86,0.0,-74894.70106,0.0
2019-03-25,17,0,127,247.5,247.5,0.0,-96113.442457,0.0
2019-03-25,17,0,128,109.23,109.23,0.0,-42418.065938,0.0
2019-03-25,17,0,131,30.0,30.0,0.0,-11123.977244,0.0
2019-03-25,17,0,132,44.1,44.1,0.0,-16352.246549,0.0
2019-03-25,17,0,133,66.49,66.49,0.0,865.167142,0.0
2019-03-25,17,0,134,0.0,0.0,0.0,0.0,0.0
2019-03-25,17,0,135,87.05,87.05,0.0,1132.693633,0.0
2019-03-25,17,0,136,35.86,35.86,0.0,459.517764,0.0
2019-03-25,17,0,139,28.83,28.83,0.0,-210.555205,0.0
2019-03-25,17,0,140,41.2,41.2,0.0,-41200.0,0.0
2019-03-25,17,0,141,150.67,150.67,0.0,-83613.654089,0.0
2019-03-25,17,0,142,433.15,433.15,0.0,-240374.688183,0.0
2019-03-25,17,0,143,171.92,171.92,0.0,-171920.0,0.0
2019-03-25,17,0,145,30.0,30.0,0.0,-8.535323,0.0
2019-03-25,17,0,146,27.02,27.02,0.0,-27020.0,0.0
2019-03-25,17,0,152,7.13,7.13,0.0,59.045476,0.0
2019-03-25,17,0,153,8.87,8.87,0.0,71.596446,0.0
2019-03-25,17,0,154,73.76,73.76,0.0,-538.694136,0.0
2019-03-25,17,0,157,17.92,17.92,0.0,-9944.625216,0.0
2019-03-25,17,0,158,355.05,355.05,0.0,-197033.436545,0.0
2019-03-25,17,0,159,0.0,0.0,0.0,0.0,0.0
2019-03-25,17,0,160,2.49,2.49,0.0,22.876207,0.0
2019-03-25,17,0,161,61.06,61.06,0.0,-25010.974769,0.0
2019-03-25,17,0,162,162.5,162.5,0.0,4260.690082,0.0
2019-03-25,17,0,163,133.2,133.2,0.0,-133200.0,0.0
2019-03-25,17,0,164,22.1,22.1,0.0,-22100.0,0.0
2019-03-25,17,0,167,5.75,5.75,0.0,130.180178,0.0
2019-03-25,17,0,168,2.87,2.87,0.0,64.976889,0.0
2019-03-25,17,0,169,0.0,0.0,0.0,0.0,0.0
2019-03-25,17,0,170,6.29,6.29,0.0,142.405795,0.0
2019-03-25,17,0,172,7.67,7.67,0.0,99.090613,0.0
2019-03-25,17,0,173,11.69,11.69,0.0,151.025979,0.0
2019-03-25,17,0,188,10.62,10.62,0.0,234.707708,0.0
2019-03-25,17,0,190,9.64,9.64,0.0,312.601651,0.0
2019-03-25,17,0,191,24.9,24.9,0.0,807.446172,0.0
2019-03-25,17,0,192,183.25,183.25,0.0,5942.349842,0.0
2019-03-25,17,0,194,52.95,52.95,0.0,-6744.536328,0.0
2019-03-25,17,0,196,6.47,6.47,0.0,1716.037668,0.0
2019-03-25,17,0,198,10.59,10.59,0.0,125.262264,0.0
2019-03-25,17,0,199,130.0,130.0,0.0,-3705.257032,0.0
2019-03-25,17,0,200,19.41,19.41,0.0,-553.223377,0.0
2019-03-25,17,0,204,257.1,257.1,0.0,990.639824,0.0
2019-03-25,17,0,205,317.4,317.4,0.0,1324.095738,0.0
2019-03-25,17,0,206,539.94,539.94,0.0,23471.337901,0.0
2019-03-25,17,0,210,1.53,1.53,0.0,9.400301,0.0
2019-03-25,17,0,214,9.88,9.88,0.0,195.517801,0.0
2019-03-25,17,0,217,5.97,5.97,0.0,83.334826,0.0
2019-03-25,17,0,218,8.24,8.24,0.0,115.021603,0.0
2019-03-25,17,0,219,5.61,5.61,0.0,78.309611,0.0
2019-03-25,17,0,221,5.27,5.27,0.0,104.289353,0.0
2019-03-25,17,0,225,3.54,3.54,0.0,17.469191,0.0
2019-03-25,17,0,233,6.62,6.62,0.0,114.327521,0.0
2019-03-25,17,0,236,31.38,31.38,0.0,335.247898,0.0
2019-03-25,17,0,237,57.3,57.3,0.0,441.38439,0.0
2019-03-25,17,0,238,78.29,78.29,0.0,944.902925,0.0
2019-03-25,17,0,240,11.36,11.36,0.0,74.20265,0.0
2019-03-25,17,0,245,70.84,70.84,0.0,965.455075,0.0
2019-03-25,17,0,247,116.14,116.14,0.0,1582.833885,0.0
2019-03-25,17,0,248,5.83,5.83,0.0,44.908743,0.0
2019-03-25,17,0,249,136.24,136.24,0.0,1856.770178,0.0
2019-03-25,17,0,251,181.81,181.81,0.0,2280.095278,0.0
2019-03-25,17,0,252,190.3,190.3,0.0,2440.343235,0.0
2019-03-25,17,0,254,15.23,15.23,0.0,116.785083,0.0
2019-03-25,17,0,255,6.98,6.98,0.0,53.523301,0.0
2019-03-25,17,0,258,14.44,14.44,0.0,95.783862,0.0
2019-03-25,17,0,260,6.04,6.04,0.0,55.490881,0.0
2019-03-25,17,0,265,76.37,76.37,0.0,-557.755846,0.0
2019-03-25,17,0,266,18.67,18.67,0.0,-136.353302,0.0
2019-03-25,17,0,267,22.94,22.94,0.0,-167.538551,0.0
2019-03-25,17,0,270,416.0,416.0,0.0,-416000.0,0.0
2019-03-25,17,0,272,150.39,150.39,0.0,-39220.703215,0.0
2019-03-25,17,0,273,29.52,29.52,0.0,-29520.0,0.0
2019-03-25,17,0,274,536.27,536.27,0.0,-536270.0,0.0
2019-03-25,17,0,275,746.5,746.5,0.0,-746500.0,0.0
2019-03-25,17,0,276,6.55,6.55,0.0,-5899.118296,0.0
2019-03-25,17,0,277,8.13,8.13,0.0,-2208.418807,0.0
2019-03-25,17,0,278,13.0,13.0,0.0,-3531.296985,0.0
2019-03-25,17,0,279,264.6,264.6,0.0,-71875.475554,0.0
2019-03-25,17,0,281,55.97,55.97,0.0,-55970.0,0.0
2019-03-25,17,0,282,331.24,331.24,0.0,-331240.0,0.0
2019-03-25,18,0,9,2.02,2.02,0.0,2.526302,0.0
2019-03-25,18,0,17,26.9,26.9,0.0,275.554413,0.0
2019-03-25,18,0,19,211.6,211.6,0.0,2167.558133,0.0
2019-03-25,18,0,20,257.66,257.66,0.0,2639.381042,0.0
2019-03-25,18,0,21,46.1,46.1,0.0,57.654713,0.0
2019-03-25,18,0,22,163.82,163.82,0.0,204.880588,0.0
2019-03-25,18,0,23,94.93,94.93,0.0,118.723686,0.0
2019-03-25,18,0,24,168.46,168.46,0.0,210.683579,0.0
2019-03-25,18,0,29,2.22,2.22,0.0,11.693106,0.0
2019-03-25,18,0,30,391.85,391.85,0.0,469.95885,0.0
2019-03-25,18,0,31,92.34,92.34,0.0,110.74646,0.0
2019-03-25,18,0,32,3.26,3.26,0.0,67.943548,0.0
2019-03-25,18,0,33,1.44,1.44,0.0,17.459892,0.0
2019-03-25,18,0,34,2.31,2.31,0.0,28.008577,0.0
2019-03-25,18,0,35,2.31,2.31,0.0,28.008577,0.0
2019-03-25,18,0,36,6.37,6.37,0.0,44.802371,0.0
2019-03-25,18,0,37,2.77,2.77,0.0,19.242647,0.0
2019-03-25,18,0,38,3.56,3.56,0.0,24.730623,0.0
2019-03-25,18,0,39,2.37,2.37,0.0,16.463926,0.0
2019-03-25,18,0,40,2.37,2.37,0.0,16.463926,0.0
2019-03-25,18,0,41,29.34,29.34,0.0,117.163464,0.0
2019-03-25,18,0,42,35.84,35.84,0.0,352.51743,0.0
2019-03-25,18,0,43,20.09,20.09,0.0,143.828051,0.0
2019-03-25,18,0,46,17.43,17.43,0.0,110.707348,0.0
2019-03-25,18,0,52,97.89,97.89,0.0,117.402761,0.0
2019-03-25,18,0,53,155.55,155.55,0.0,186.556333,0.0
2019-03-25,18,0,55,460.54,460.54,0.0,575.971835,0.0
2019-03-25,18,0,56,115.58,115.58,0.0,138.618971,0.0
2019-03-25,18,0,57,109.94,109.94,0.0,131.85473,0.0
2019-03-25,18,0,58,211.43,211.43,0.0,253.575092,0.0
2019-03-25,18,0,59,207.91,207.91,0.0,249.353438,0.0
2019-03-25,18,0,63,161.63,161.63,0.0,4394.577466,0.0
2019-03-25,18,0,64,190.16,190.16,0.0,5170.283059,0.0
2019-03-25,18,0,65,37.58,37.58,0.0,382.109911,0.0
2019-03-25,18,0,67,210.29,210.29,0.0,-5459.047316,0.0
2019-03-25,18,0,68,10.2,10.2,0.0,-142.542072,0.0
2019-03-25,18,0,69,1.44,1.44,0.0,17.459892,0.0
2019-03-25,18,0,74,26.9,26.9,0.0,217.077086,0.0
2019-03-25,18,0,77,60.0,60.0,0.0,-220.000794,0.0
2019-03-25,18,0,78,45.36,45.36,0.0,-166.3206,0.0
2019-03-25,18,0,79,26.25,26.25,0.0,-96.250347,0.0
2019-03-25,18,0,80,42.45,42.45,0.0,-155.650561,0.0
2019-03-25,18,0,81,55.5,55.5,0.0,-203.500734,0.0
2019-03-25,18,0,82,39.15,39.15,0.0,-143.550518,0.0
2019-03-25,18,0,83,87.3,87.3,0.0,-320.101155,0.0
2019-03-25,18,0,84,0.0,0.0,0.0,0.0,0.0
2019-03-25,18,0,86,7.31,7.31,0.0,88.633204,0.0
2019-03-25,18,0,87,37.31,37.31,0.0,452.380962,0.0
2019-03-25,18,0,88,51.18,51.18,0.0,-187.660677,0.0
2019-03-25,18,0,89,49.2,49.2,0.0,-180.400651,0.0
2019-03-25,18,0,90,66.06,66.06,0.0,-242.220874,0.0
2019-03-25,18,0,91,235.65,235.65,0.0,-864.053117,0.0
2019-03-25,18,0,92,84.75,84.75,0.0,-310.751121,0.0
2019-03-25,18,0,95,120.0,120.0,0.0,2530.274036,0.0
2019-03-25,18,0,96,29.88,29.88,0.0,34.23377,0.0
2019-03-25,18,0,97,183.75,183.75,0.0,210.523939,0.0
2019-03-25,18,0,99,5.19,5.19,0.0,41.882159,0.0
2019-03-25,18,0,101,7.89,7.89,0.0,9.462742,0.0
2019-03-25,18,0,102,24.15,24.15,0.0,-337.489317,0.0
2019-03-25,18,0,103,21.0,21.0,0.0,-293.468971,0.0
2019-03-25,18,0,104,3.9,3.9,0.0,-54.50138,0.0
2019-03-25,18,0,106,161.27,161.27,0.0,201.691444,0.0
2019-03-25,18,0,109,60.0,60.0,0.0,337.97651,0.0
2019-03-25,18,0,110,58.27,58.27,0.0,-3651.267772,0.0
2019-03-25,18,0,111,11.89,11.89,0.0,47.480354,0.0
2019-03-25,18,0,113,45.0,45.0,0.0,-103.970548,0.0
2019-03-25,18,0,115,45.0,45.0,0.0,-103.970548,0.0
2019-03-25,18,0,116,77.77,77.77,0.0,-4873.161054,0.0
2019-03-25,18,0,117,3.0,3.0,0.0,-6.93137,0.0
2019-03-25,18,0,119,190.16,190.16,0.0,5170.283059,0.0
2019-03-25,18,0,120,111.81,111.81,0.0,3040.015507,0.0
2019-03-25,18,0,123,2.69,2.69,0.0,3.364234,0.0
2019-03-25,18,0,125,152.35,152.35,0.0,190.535695,0.0
2019-03-25,18,0,126,120.95,120.95,0.0,151.265457,0.0
2019-03-25,18,0,127,155.22,155.22,0.0,194.125045,0.0
2019-03-25,18,0,128,218.77,218.77,0.0,273.603505,0.0
2019-03-25,18,0,131,30.0,30.0,0.0,-323.217446,0.0
2019-03-25,18,0,132,44.1,44.1,0.0,-475.129645,0.0
2019-03-25,18,0,133,82.74,82.74,0.0,848.15082,0.0
2019-03-25,18,0,134,0.0,0.0,0.0,0.0,0.0
2019-03-25,18,0,135,110.86,110.86,0.0,1136.403189,0.0
2019-03-25,18,0,136,42.34,42.34,0.0,430.333067,0.0
2019-03-25,18,0,139,37.88,37.88,0.0,151.266258,0.0
2019-03-25,18,0,140,43.13,43.13,0.0,-2702.577295,0.0
2019-03-25,18,0,141,165.18,165.18,0.0,-4288.00911,0.0
2019-03-25,18,0,142,277.32,277.32,0.0,-7199.12027,0.0
2019-03-25,18,0,143,145.12,145.12,0.0,174.047284,0.0
2019-03-25,18,0,145,30.0,30.0,0.0,85.389888,0.0
2019-03-25,18,0,146,39.74,39.74,0.0,-2490.155848,0.0
2019-03-25,18,0,152,4.46,4.46,0.0,36.005701,0.0
2019-03-25,18,0,153,5.54,5.54,0.0,44.179084,0.0
2019-03-25,18,0,154,49.04,49.04,0.0,195.831502,0.0
2019-03-25,18,0,157,26.25,26.25,0.0,-681.439878,0.0
2019-03-25,18,0,158,231.32,231.32,0.0,-6004.978007,0.0
2019-03-25,18,0,159,0.0,0.0,0.0,0.0,0.0
2019-03-25,18,0,160,1.57,1.57,0.0,12.494672,0.0
2019-03-25,18,0,161,38.86,38.86,0.0,-543.057343,0.0
2019-03-25,18,0,162,162.5,162.5,0.0,3437.54745,0.0
2019-03-25,18,0,163,124.39,124.39,0.0,-7794.425916,0.0
2019-03-25,18,0,164,14.63,14.63,0.0,17.54625,0.0
2019-03-25,18,0,167,3.68,3.68,0.0,76.938834,0.0
2019-03-25,18,0,168,1.84,1.84,0.0,38.469417,0.0
2019-03-25,18,0,169,0.0,0.0,0.0,0.0,0.0
2019-03-25,18,0,170,4.03,4.03,0.0,84.256386,0.0
2019-03-25,18,0,172,4.87,4.87,0.0,92.191008,0.0
2019-03-25,18,0,173,7.41,7.41,0.0,140.274204,0.0
2019-03-25,18,0,188,6.74,6.74,0.0,132.861828,0.0
2019-03-25,18,0,190,5.97,5.97,0.0,162.319046,0.0
2019-03-25,18,0,191,15.41,15.41,0.0,418.984339,0.0
2019-03-25,18,0,192,160.3,160.3,0.0,4358.415936,0.0
2019-03-25,18,0,194,98.98,98.98,0.0,779.563698,0.0
2019-03-25,18,0,196,4.08,4.08,0.0,162.194266,0.0
2019-03-25,18,0,198,6.77,6.77,0.0,59.987748,0.0
2019-03-25,18,0,199,130.0,130.0,0.0,1331.204853,0.0
2019-03-25,18,0,200,12.13,12.13,0.0,124.211653,0.0
2019-03-25,18,0,204,257.1,257.1,0.0,1388.071151,0.0
2019-03-25,18,0,205,317.4,317.4,0.0,1787.895735,0.0
2019-03-25,18,0,206,539.94,539.94,0.0,618.613855,0.0
2019-03-25,18,0,210,0.96,0.96,0.0,5.628795,0.0
2019-03-25,18,0,214,6.22,6.22,0.0,82.348844,0.0
2019-03-25,18,0,217,3.72,3.72,0.0,37.309925,0.0
2019-03-25,18,0,218,5.13,5.13,0.0,51.451589,0.0
2019-03-25,18,0,219,3.5,3.5,0.0,35.103424,0.0
2019-03-25,18,0,221,3.32,3.32,0.0,43.954688,0.0
2019-03-25,18,0,225,2.21,2.21,0.0,11.513197,0.0
2019-03-25,18,0,233,4.13,4.13,0.0,50.075941,0.0
2019-03-25,18,0,236,48.67,48.67,0.0,447.858458,0.0
2019-03-25,18,0,237,64.54,64.54,0.0,520.82361,0.0
2019-03-25,18,0,238,46.64,46.64,0.0,458.74478,0.0
2019-03-25,18,0,240,7.22,7.22,0.0,50.78071,0.0
2019-03-25,18,0,245,71.97,71.97,0.0,757.284332,0.0
2019-03-25,18,0,247,135.57,135.57,0.0,1426.497664,0.0
2019-03-25,18,0,248,6.48,6.48,0.0,52.292175,0.0
2019-03-25,18,0,249,138.41,138.41,0.0,1456.380775,0.0
2019-03-25,18,0,251,271.71,271.71,0.0,2728.928423,0.0
2019-03-25,18,0,252,242.44,242.44,0.0,2465.107153,0.0
2019-03-25,18,0,254,9.79,9.79,0.0,72.051803,0.0
2019-03-25,18,0,255,4.49,4.49,0.0,33.045209,0.0
2019-03-25,18,0,258,9.3,9.3,0.0,65.599081,0.0
2019-03-25,18,0,260,3.81,3.81,0.0,30.321466,0.0
2019-03-25,18,0,265,50.77,50.77,0.0,202.739913,0.0
2019-03-25,18,0,266,24.53,24.53,0.0,97.955684,0.0
2019-03-25,18,0,267,30.15,30.15,0.0,120.398038,0.0
2019-03-25,18,0,270,388.45,388.45,0.0,-24340.740791,0.0
2019-03-25,18,0,272,150.39,150.39,0.0,-347.469571,0.0
2019-03-25,18,0,273,18.6,18.6,0.0,-1165.498208,0.0
2019-03-25,18,0,274,500.76,500.76,0.0,-31378.219484,0.0
2019-03-25,18,0,275,697.07,697.07,0.0,-43679.238468,0.0
2019-03-25,18,0,276,4.13,4.13,0.0,-224.94667,0.0
2019-03-25,18,0,277,5.16,5.16,0.0,-14.727612,0.0
2019-03-25,18,0,278,8.26,8.26,0.0,-23.575596,0.0
2019-03-25,18,0,279,264.6,264.6,0.0,-755.218255,0.0
2019-03-25,18,0,281,41.41,41.41,0.0,49.664402,0.0
2019-03-25,18,0,282,214.95,214.95,0.0,257.796746,0.0
2019-03-25,19,0,9,0.72,0.72,0.0,3.35007,0.0
2019-03-25,19,0,17,5.84,5.84,0.0,56.459412,0.0
2019-03-25,19,0,19,378.78,378.78,0.0,3661.934269,0.0
2019-03-25,19,0,20,460.4,460.4,0.0,4451.01256,0.0
2019-03-25,19,0,21,16.35,16.35,0.0,76.074512,0.0
2019-03-25,19,0,22,58.12,58.12,0.0,270.425114,0.0
2019-03-25,19,0,23,108.8,108.8,0.0,506.232836,0.0
2019-03-25,19,0,24,192.5,192.5,0.0,895.678501,0.0
2019-03-25,19,0,29,0.46,0.46,0.0,3.741574,0.0
2019-03-25,19,0,30,152.61,152.61,0.0,705.576836,0.0
2019-03-25,19,0,31,37.5,37.5,0.0,173.377442,0.0
2019-03-25,19,0,32,0.76,0.76,0.0,14.137236,0.0
2019-03-25,19,0,33,0.32,0.32,0.0,3.41494,0.0
2019-03-25,19,0,34,0.51,0.51,0.0,5.442561,0.0
2019-03-25,19,0,35,0.51,0.51,0.0,5.442561,0.0
2019-03-25,19,0,36,1.71,1.71,0.0,13.679684,0.0
2019-03-25,19,0,37,0.77,0.77,0.0,6.129937,0.0
2019-03-25,19,0,38,0.99,0.99,0.0,7.881347,0.0
2019-03-25,19,0,39,0.66,0.66,0.0,5.254231,0.0
2019-03-25,19,0,40,0.66,0.66,0.0,5.254231,0.0
2019-03-25,19,0,41,34.8,34.8,0.0,216.341243,0.0
2019-03-25,19,0,42,9.87,9.87,0.0,93.272288,0.0
2019-03-25,19,0,43,4.9,4.9,0.0,39.773227,0.0
2019-03-25,19,0,46,4.47,4.47,0.0,34.095679,0.0
2019-03-25,19,0,52,39.75,39.75,0.0,183.780088,0.0
2019-03-25,19,0,53,63.15,63.15,0.0,291.967612,0.0
2019-03-25,19,0,55,186.9,186.9,0.0,869.6224,0.0
2019-03-25,19,0,56,45.02,45.02,0.0,208.145398,0.0
2019-03-25,19,0,57,42.82,42.82,0.0,197.973921,0.0
2019-03-25,19,0,58,82.35,82.35,0.0,380.736862,0.0
2019-03-25,19,0,59,80.97,80.97,0.0,374.356572,0.0
2019-03-25,19,0,63,133.84,133.84,0.0,3052.122931,0.0
2019-03-25,19,0,64,157.46,157.46,0.0,3590.759689,0.0
2019-03-25,19,0,65,41.4,41.4,0.0,398.569417,0.0
2019-03-25,19,0,67,72.9,72.9,0.0,-949.763355,0.0
2019-03-25,19,0,68,11.76,11.76,0.0,-59.109887,0.0
2019-03-25,19,0,69,0.32,0.32,0.0,3.41494,0.0
2019-03-25,19,0,74,44.67,44.67,0.0,379.734237,0.0
2019-03-25,19,0,77,60.0,60.0,0.0,109.525758,0.0
2019-03-25,19,0,78,45.36,45.36,0.0,82.801473,0.0
2019-03-25,19,0,79,26.25,26.25,0.0,47.917519,0.0
2019-03-25,19,0,80,42.45,42.45,0.0,77.489474,0.0
2019-03-25,19,0,81,55.5,55.5,0.0,101.311326,0.0
2019-03-25,19,0,82,39.15,39.15,0.0,71.465557,0.0
2019-03-25,19,0,83,87.3,87.3,0.0,159.359978,0.0
2019-03-25,19,0,84,0.0,0.0,0.0,0.0,0.0
2019-03-25,19,0,86,1.61,1.61,0.0,17.181417,0.0
2019-03-25,19,0,87,8.21,8.21,0.0,87.614555,0.0
2019-03-25,19,0,88,51.18,51.18,0.0,93.425472,0.0
2019-03-25,19,0,89,49.2,49.2,0.0,89.811122,0.0
2019-03-25,19,0,90,66.06,66.06,0.0,120.58786,0.0
2019-03-25,19,0,91,235.65,235.65,0.0,430.162415,0.0
2019-03-25,19,0,92,84.75,84.75,0.0,154.705133,0.0
2019-03-25,19,0,95,120.0,120.0,0.0,2252.241194,0.0
2019-03-25,19,0,96,29.88,29.88,0.0,137.226655,0.0
2019-03-25,19,0,97,183.75,183.75,0.0,843.888815,0.0
2019-03-25,19,0,99,8.62,8.62,0.0,73.277571,0.0
2019-03-25,19,0,101,3.07,3.07,0.0,14.193833,0.0
2019-03-25,19,0,102,33.66,33.66,0.0,-169.186972,0.0
2019-03-25,19,0,103,28.24,28.24,0.0,-141.94415,0.0
2019-03-25,19,0,104,4.03,4.03,0.0,-20.256194,0.0
2019-03-25,19,0,106,57.21,57.21,0.0,266.190998,0.0
2019-03-25,19,0,109,60.0,60.0,0.0,430.778596,0.0
2019-03-25,19,0,110,62.49,62.49,0.0,-2345.426455,0.0
2019-03-25,19,0,111,3.67,3.67,0.0,22.815298,0.0
2019-03-25,19,0,113,42.18,42.18,0.0,119.427001,0.0
2019-03-25,19,0,115,42.18,42.18,0.0,119.427001,0.0
2019-03-25,19,0,116,23.14,23.14,0.0,-868.509652,0.0
2019-03-25,19,0,117,2.81,2.81,0.0,7.956137,0.0
2019-03-25,19,0,119,157.46,157.46,0.0,3590.759689,0.0
2019-03-25,19,0,120,92.59,92.59,0.0,2111.446968,0.0
2019-03-25,19,0,123,0.95,0.95,0.0,4.420232,0.0
2019-03-25,19,0,125,174.2,174.2,0.0,810.530883,0.0
2019-03-25,19,0,126,42.91,42.91,0.0,199.65488,0.0
2019-03-25,19,0,127,55.06,55.06,0.0,256.187316,0.0
2019-03-25,19,0,128,249.5,249.5,0.0,1160.892395,0.0
2019-03-25,19,0,131,30.0,30.0,0.0,-86.678272,0.0
2019-03-25,19,0,132,44.1,44.1,0.0,-127.41706,0.0
2019-03-25,19,0,133,80.01,80.01,0.0,773.818027,0.0
2019-03-25,19,0,134,0.0,0.0,0.0,0.0,0.0
2019-03-25,19,0,135,108.41,108.41,0.0,1048.489092,0.0
2019-03-25,19,0,136,45.9,45.9,0.0,441.790311,0.0
2019-03-25,19,0,139,44.94,44.94,0.0,279.378606,0.0
2019-03-25,19,0,140,46.25,46.25,0.0,-1735.89332,0.0
2019-03-25,19,0,141,190.82,190.82,0.0,-2486.060951,0.0
2019-03-25,19,0,142,96.13,96.13,0.0,-1252.410854,0.0
2019-03-25,19,0,143,71.14,71.14,0.0,328.908565,0.0
2019-03-25,19,0,145,30.0,30.0,0.0,167.183078,0.0
2019-03-25,19,0,146,56.62,56.62,0.0,-2125.108752,0.0
2019-03-25,19,0,152,1.05,1.05,0.0,8.939081,0.0
2019-03-25,19,0,153,1.36,1.36,0.0,11.507139,0.0
2019-03-25,19,0,154,15.12,15.12,0.0,93.99654,0.0
2019-03-25,19,0,157,36.52,36.52,0.0,-475.793659,0.0
2019-03-25,19,0,158,84.78,84.78,0.0,-1104.539605,0.0
2019-03-25,19,0,159,0.0,0.0,0.0,0.0,0.0
2019-03-25,19,0,160,0.38,0.38,0.0,3.289417,0.0
2019-03-25,19,0,161,12.71,12.71,0.0,-63.88492,0.0
2019-03-25,19,0,162,154.46,154.46,0.0,2905.949381,0.0
2019-03-25,19,0,163,120.08,120.08,0.0,-4506.94205,0.0
2019-03-25,19,0,164,5.82,5.82,0.0,26.908179,0.0
2019-03-25,19,0,167,0.81,0.81,0.0,15.106659,0.0
2019-03-25,19,0,168,0.4,0.4,0.0,7.460078,0.0
2019-03-25,19,0,169,0.0,0.0,0.0,0.0,0.0
2019-03-25,19,0,170,0.89,0.89,0.0,16.598674,0.0
2019-03-25,19,0,172,1.07,1.07,0.0,18.657842,0.0
2019-03-25,19,0,173,1.63,1.63,0.0,28.422694,0.0
2019-03-25,19,0,188,1.62,1.62,0.0,28.942924,0.0
2019-03-25,19,0,190,1.67,1.67,0.0,38.083124,0.0
2019-03-25,19,0,191,4.32,4.32,0.0,98.514428,0.0
2019-03-25,19,0,192,144.0,144.0,0.0,3283.814271,0.0
2019-03-25,19,0,194,176.5,176.5,0.0,1716.680098,0.0
2019-03-25,19,0,196,1.2,1.2,0.0,37.427463,0.0
2019-03-25,19,0,198,1.55,1.55,0.0,14.551088,0.0
2019-03-25,19,0,199,130.0,130.0,0.0,1413.43571,0.0
2019-03-25,19,0,200,2.81,2.81,0.0,30.551956,0.0
2019-03-25,19,0,204,257.1,257.1,0.0,1812.69366,0.0
2019-03-25,19,0,205,317.4,317.4,0.0,2278.818773,0.0
2019-03-25,19,0,206,539.94,539.94,0.0,2479.724228,0.0
2019-03-25,19,0,210,0.19,0.19,0.0,1.600721,0.0
2019-03-25,19,0,214,1.67,1.67,0.0,18.814539,0.0
2019-03-25,19,0,217,0.96,0.96,0.0,9.631006,0.0
2019-03-25,19,0,218,1.32,1.32,0.0,13.242633,0.0
2019-03-25,19,0,219,0.9,0.9,0.0,9.029068,0.0
2019-03-25,19,0,221,0.89,0.89,0.0,10.02691,0.0
2019-03-25,19,0,225,0.49,0.49,0.0,3.971819,0.0
2019-03-25,19,0,233,0.91,0.91,0.0,9.711236,0.0
2019-03-25,19,0,236,71.2,71.2,0.0,648.831551,0.0
2019-03-25,19,0,237,107.16,107.16,0.0,910.954125,0.0
2019-03-25,19,0,238,12.85,12.85,0.0,121.433527,0.0
2019-03-25,19,0,240,1.94,1.94,0.0,15.519641,0.0
2019-03-25,19,0,245,73.1,73.1,0.0,717.576597,0.0
2019-03-25,19,0,247,157.7,157.7,0.0,1548.041441,0.0
2019-03-25,19,0,248,10.76,10.76,0.0,91.469451,0.0
2019-03-25,19,0,249,140.58,140.58,0.0,1379.985198,0.0
2019-03-25,19,0,251,326.4,326.4,0.0,3120.679808,0.0
2019-03-25,19,0,252,267.06,267.06,0.0,2571.06156,0.0
2019-03-25,19,0,254,2.45,2.45,0.0,20.218216,0.0
2019-03-25,19,0,255,1.12,1.12,0.0,9.242613,0.0
2019-03-25,19,0,258,2.41,2.41,0.0,19.325161,0.0
2019-03-25,19,0,260,0.93,0.93,0.0,8.050414,0.0
2019-03-25,19,0,265,15.65,15.65,0.0,97.291392,0.0
2019-03-25,19,0,266,29.1,29.1,0.0,180.90604,0.0
2019-03-25,19,0,267,35.76,35.76,0.0,222.309278,0.0
2019-03-25,19,0,270,375.0,375.0,0.0,-14074.8107,0.0
2019-03-25,19,0,272,140.98,140.98,0.0,399.165924,0.0
2019-03-25,19,0,273,5.53,5.53,0.0,-207.556542,0.0
2019-03-25,19,0,274,483.41,483.41,0.0,-18143.744641,0.0
2019-03-25,19,0,275,672.92,672.92,0.0,-25256.590977,0.0
2019-03-25,19,0,276,1.24,1.24,0.0,-39.756242,0.0
2019-03-25,19,0,277,1.55,1.55,0.0,3.763508,0.0
2019-03-25,19,0,278,2.48,2.48,0.0,6.021612,0.0
2019-03-25,19,0,279,232.7,232.7,0.0,565.011775,0.0
2019-03-25,19,0,281,16.83,16.83,0.0,77.811796,0.0
2019-03-25,19,0,282,83.72,83.72,0.0,387.070918,0.0
2019-03-25,20,0,9,0.0,0.0,0.0,0.0,0.0
2019-03-25,20,0,17,0.0,0.0,0.0,0.0,0.0
2019-03-25,20,0,19,277.28,277.28,0.0,2692.024228,0.0
2019-03-25,20,0,20,336.28,336.28,0.0,3264.836654,0.0
2019-03-25,20,0,21,0.0,0.0,0.0,0.0,0.0
2019-03-25,20,0,22,0.0,0.0,0.0,0.0,0.0
2019-03-25,20,0,23,96.77,96.77,0.0,680.471466,0.0
2019-03-25,20,0,24,171.21,171.21,0.0,1203.921873,0.0
2019-03-25,20,0,29,0.0,0.0,0.0,0.0,0.0
2019-03-25,20,0,30,0.0,0.0,0.0,0.0,0.0
2019-03-25,20,0,31,37.5,37.5,0.0,263.086471,0.0
2019-03-25,20,0,32,0.0,0.0,0.0,0.0,0.0
2019-03-25,20,0,33,0.0,0.0,0.0,0.0,0.0
2019-03-25,20,0,34,0.0,0.0,0.0,0.0,0.0
2019-03-25,20,0,35,0.0,0.0,0.0,0.0,0.0
2019-03-25,20,0,36,0.0,0.0,0.0,0.0,0.0
2019-03-25,20,0,37,0.0,0.0,0.0,0.0,0.0
2019-03-25,20,0,38,0.0,0.0,0.0,0.0,0.0
2019-03-25,20,0,39,0.0,0.0,0.0,0.0,0.0
2019-03-25,20,0,40,0.0,0.0,0.0,0.0,0.0
2019-03-25,20,0,41,60.5,60.5,0.0,477.060675,0.0
2019-03-25,20,0,42,0.0,0.0,0.0,0.0,0.0
2019-03-25,20,0,43,0.0,0.0,0.0,0.0,0.0
2019-03-25,20,0,46,0.0,0.0,0.0,0.0,0.0
2019-03-25,20,0,52,39.75,39.75,0.0,278.87166,0.0
2019-03-25,20,0,53,63.15,63.15,0.0,443.037618,0.0
2019-03-25,20,0,55,186.9,186.9,0.0,1314.251493,0.0
2019-03-25,20,0,56,0.0,0.0,0.0,0.0,0.0
2019-03-25,20,0,57,0.0,0.0,0.0,0.0,0.0
2019-03-25,20,0,58,0.0,0.0,0.0,0.0,0.0
2019-03-25,20,0,59,0.0,0.0,0.0,0.0,0.0
2019-03-25,20,0,63,101.89,101.89,0.0,1815.747639,0.0
2019-03-25,20,0,64,119.87,119.87,0.0,2136.16321,0.0
2019-03-25,20,0,65,34.81,34.81,0.0,337.242504,0.0
2019-03-25,20,0,67,0.0,0.0,0.0,-0.0,0.0
2019-03-25,20,0,68,6.53,6.53,0.0,9.605298,0.0
2019-03-25,20,0,69,0.0,0.0,0.0,0.0,0.0
2019-03-25,20,0,74,51.76,51.76,0.0,471.560978,0.0
2019-03-25,20,0,77,65.29,65.29,0.0,357.540706,0.0
2019-03-25,20,0,78,49.57,49.57,0.0,271.454937,0.0
2019-03-25,20,0,79,28.85,28.85,0.0,157.988197,0.0
2019-03-25,20,0,80,46.43,46.43,0.0,254.259687,0.0
2019-03-25,20,0,81,60.47,60.47,0.0,331.145451,0.0
2019-03-25,20,0,82,42.86,42.86,0.0,234.709675,0.0
2019-03-25,20,0,83,94.26,94.26,0.0,516.186046,0.0
2019-03-25,20,0,84,0.0,0.0,0.0,0.0,0.0
2019-03-25,20,0,86,0.0,0.0,0.0,0.0,0.0
2019-03-25,20,0,87,0.0,0.0,0.0,0.0,0.0
2019-03-25,20,0,88,72.59,72.59,0.0,397.516922,0.0
2019-03-25,20,0,89,69.79,69.79,0.0,382.183579,0.0
2019-03-25,20,0,90,93.63,93.63,0.0,512.736044,0.0
2019-03-25,20,0,91,333.35,333.35,0.0,1825.48927,0.0
2019-03-25,20,0,92,120.05,120.05,0.0,657.41709,0.0
2019-03-25,20,0,95,120.0,120.0,0.0,1855.252981,0.0
2019-03-25,20,0,96,30.71,30.71,0.0,214.930216,0.0
2019-03-25,20,0,97,221.74,221.74,0.0,1551.892739,0.0
2019-03-25,20,0,99,9.99,9.99,0.0,91.014184,0.0
2019-03-25,20,0,101,0.0,0.0,0.0,0.0,0.0
2019-03-25,20,0,102,15.46,15.46,0.0,22.740875,0.0
2019-03-25,20,0,103,13.44,13.44,0.0,19.769557,0.0
2019-03-25,20,0,104,2.5,2.5,0.0,3.677373,0.0
2019-03-25,20,0,106,0.0,0.0,0.0,0.0,0.0
2019-03-25,20,0,109,60.0,60.0,0.0,505.543791,0.0
2019-03-25,20,0,110,47.2,47.2,0.0,-828.958961,0.0
2019-03-25,20,0,111,0.0,0.0,0.0,0.0,0.0
2019-03-25,20,0,113,29.9,29.9,0.0,182.007869,0.0
2019-03-25,20,0,115,29.9,29.9,0.0,182.007869,0.0
2019-03-25,20,0,116,0.0,0.0,0.0,-0.0,0.0
2019-03-25,20,0,117,1.99,1.99,0.0,12.113567,0.0
2019-03-25,20,0,119,119.87,119.87,0.0,2136.16321,0.0
2019-03-25,20,0,120,70.48,70.48,0.0,1256.000526,0.0
2019-03-25,20,0,123,0.0,0.0,0.0,0.0,0.0
2019-03-25,20,0,125,154.93,154.93,0.0,1089.443466,0.0
2019-03-25,20,0,126,0.0,0.0,0.0,0.0,0.0
2019-03-25,20,0,127,0.0,0.0,0.0,0.0,0.0
2019-03-25,20,0,128,221.91,221.91,0.0,1560.436323,0.0
2019-03-25,20,0,131,22.03,22.03,0.0,59.971802,0.0
2019-03-25,20,0,132,32.39,32.39,0.0,88.17461,0.0
2019-03-25,20,0,133,41.3,41.3,0.0,401.048826,0.0
2019-03-25,20,0,134,0.0,0.0,0.0,0.0,0.0
2019-03-25,20,0,135,55.03,55.03,0.0,534.375711,0.0
2019-03-25,20,0,136,38.25,38.25,0.0,370.526301,0.0
2019-03-25,20,0,139,80.98,80.98,0.0,638.551627,0.0
2019-03-25,20,0,140,34.93,34.93,0.0,-613.464756,0.0
2019-03-25,20,0,141,140.98,140.98,0.0,-453.175159,0.0
2019-03-25,20,0,142,0.0,0.0,0.0,-0.0,0.0
2019-03-25,20,0,143,63.58,63.58,0.0,446.054343,0.0
2019-03-25,20,0,145,30.0,30.0,0.0,226.17659,0.0
2019-03-25,20,0,146,62.28,62.28,0.0,-1093.804323,0.0
2019-03-25,20,0,152,0.0,0.0,0.0,0.0,0.0
2019-03-25,20,0,153,0.0,0.0,0.0,0.0,0.0
2019-03-25,20,0,154,0.0,0.0,0.0,0.0,0.0
2019-03-25,20,0,157,53.21,53.21,0.0,-171.041639,0.0
2019-03-25,20,0,158,3.95,3.95,0.0,-12.697133,0.0
2019-03-25,20,0,159,0.0,0.0,0.0,0.0,0.0
2019-03-25,20,0,160,0.0,0.0,0.0,0.0,0.0
2019-03-25,20,0,161,0.0,0.0,0.0,0.0,0.0
2019-03-25,20,0,162,107.65,107.65,0.0,1667.141611,0.0
2019-03-25,20,0,163,94.93,94.93,0.0,-1667.226147,0.0
2019-03-25,20,0,164,0.38,0.38,0.0,2.665943,0.0
2019-03-25,20,0,167,0.0,0.0,0.0,0.0,0.0
2019-03-25,20,0,168,0.0,0.0,0.0,0.0,0.0
2019-03-25,20,0,169,0.0,0.0,0.0,0.0,0.0
2019-03-25,20,0,170,0.0,0.0,0.0,0.0,0.0
2019-03-25,20,0,172,0.0,0.0,0.0,0.0,0.0
2019-03-25,20,0,173,0.0,0.0,0.0,0.0,0.0
2019-03-25,20,0,188,0.0,0.0,0.0,0.0,0.0
2019-03-25,20,0,190,0.0,0.0,0.0,0.0,0.0
2019-03-25,20,0,191,0.0,0.0,0.0,0.0,0.0
2019-03-25,20,0,192,121.03,121.03,0.0,2156.835182,0.0
2019-03-25,20,0,194,135.95,135.95,0.0,1379.204355,0.0
2019-03-25,20,0,196,0.0,0.0,0.0,0.0,0.0
2019-03-25,20,0,198,0.0,0.0,0.0,0.0,0.0
2019-03-25,20,0,199,130.0,130.0,0.0,1418.273406,0.0
2019-03-25,20,0,200,0.0,0.0,0.0,0.0,0.0
2019-03-25,20,0,204,465.33,465.33,0.0,3889.025277,0.0
2019-03-25,20,0,205,317.4,317.4,0.0,2674.326654,0.0
2019-03-25,20,0,206,839.97,839.97,0.0,5878.70183,0.0
2019-03-25,20,0,210,0.0,0.0,0.0,0.0,0.0
2019-03-25,20,0,214,0.0,0.0,0.0,0.0,0.0
2019-03-25,20,0,217,0.0,0.0,0.0,0.0,0.0
2019-03-25,20,0,218,0.0,0.0,0.0,0.0,0.0
2019-03-25,20,0,219,0.0,0.0,0.0,0.0,0.0
2019-03-25,20,0,221,0.0,0.0,0.0,0.0,0.0
2019-03-25,20,0,225,0.0,0.0,0.0,0.0,0.0
2019-03-25,20,0,233,0.0,0.0,0.0,0.0,0.0
2019-03-25,20,0,236,68.9,68.9,0.0,649.49376,0.0
2019-03-25,20,0,237,124.16,124.16,0.0,1131.163273,0.0
2019-03-25,20,0,238,0.0,0.0,0.0,0.0,0.0
2019-03-25,20,0,240,0.0,0.0,0.0,0.0,0.0
2019-03-25,20,0,245,93.63,93.63,0.0,916.114319,0.0
2019-03-25,20,0,247,104.55,104.55,0.0,1022.960077,0.0
2019-03-25,20,0,248,12.46,12.46,0.0,113.517191,0.0
2019-03-25,20,0,249,179.98,179.98,0.0,1760.998132,0.0
2019-03-25,20,0,251,303.07,303.07,0.0,2925.923558,0.0
2019-03-25,20,0,252,224.55,224.55,0.0,2175.461196,0.0
2019-03-25,20,0,254,0.0,0.0,0.0,0.0,0.0
2019-03-25,20,0,255,0.0,0.0,0.0,0.0,0.0
2019-03-25,20,0,258,0.0,0.0,0.0,0.0,0.0
2019-03-25,20,0,260,0.0,0.0,0.0,0.0,0.0
2019-03-25,20,0,265,0.0,0.0,0.0,0.0,0.0
2019-03-25,20,0,266,49.35,49.35,0.0,389.139575,0.0
2019-03-25,20,0,267,62.41,62.41,0.0,492.121599,0.0
2019-03-25,20,0,270,296.48,296.48,0.0,-5206.986284,0.0
2019-03-25,20,0,272,99.93,99.93,0.0,608.295866,0.0
2019-03-25,20,0,273,0.0,0.0,0.0,-0.0,0.0
2019-03-25,20,0,274,382.2,382.2,0.0,-6712.460058,0.0
2019-03-25,20,0,275,532.02,532.02,0.0,-9343.70225,0.0
2019-03-25,20,0,276,0.0,0.0,0.0,-0.0,0.0
2019-03-25,20,0,277,0.0,0.0,0.0,0.0,0.0
2019-03-25,20,0,278,0.0,0.0,0.0,0.0,0.0
2019-03-25,20,0,279,409.52,409.52,0.0,2392.518074,0.0
2019-03-25,20,0,281,16.83,16.83,0.0,118.073208,0.0
2019-03-25,20,0,282,0.0,0.0,0.0,0.0,0.0
2019-03-25,21,0,9,0.0,0.0,0.0,0.0,0.0
2019-03-25,21,0,17,0.0,0.0,0.0,0.0,0.0
2019-03-25,21,0,19,184.31,184.31,0.0,1701.954588,0.0
2019-03-25,21,0,20,223.54,223.54,0.0,2064.21208,0.0
2019-03-25,21,0,21,0.0,0.0,0.0,0.0,0.0
2019-03-25,21,0,22,0.0,0.0,0.0,0.0,0.0
2019-03-25,21,0,23,65.02,65.02,0.0,547.675332,0.0
2019-03-25,21,0,24,115.05,115.05,0.0,969.087158,0.0
2019-03-25,21,0,29,0.0,0.0,0.0,0.0,0.0
2019-03-25,21,0,30,0.0,0.0,0.0,0.0,0.0
2019-03-25,21,0,31,37.5,37.5,0.0,315.676484,0.0
2019-03-25,21,0,32,0.0,0.0,0.0,0.0,0.0
2019-03-25,21,0,33,0.0,0.0,0.0,0.0,0.0
2019-03-25,21,0,34,0.0,0.0,0.0,0.0,0.0
2019-03-25,21,0,35,0.0,0.0,0.0,0.0,0.0
2019-03-25,21,0,36,0.0,0.0,0.0,0.0,0.0
2019-03-25,21,0,37,0.0,0.0,0.0,0.0,0.0
2019-03-25,21,0,38,0.0,0.0,0.0,0.0,0.0
2019-03-25,21,0,39,0.0,0.0,0.0,0.0,0.0
2019-03-25,21,0,40,0.0,0.0,0.0,0.0,0.0
2019-03-25,21,0,41,111.37,111.37,0.0,967.923993,0.0
2019-03-25,21,0,42,0.0,0.0,0.0,0.0,0.0
2019-03-25,21,0,43,0.0,0.0,0.0,0.0,0.0
2019-03-25,21,0,46,0.0,0.0,0.0,0.0,0.0
2019-03-25,21,0,52,39.75,39.75,0.0,334.617073,0.0
2019-03-25,21,0,53,63.15,63.15,0.0,531.5992,0.0
2019-03-25,21,0,55,152.23,152.23,0.0,1282.261087,0.0
2019-03-25,21,0,56,0.0,0.0,0.0,0.0,0.0
2019-03-25,21,0,57,0.0,0.0,0.0,0.0,0.0
2019-03-25,21,0,58,0.0,0.0,0.0,0.0,0.0
2019-03-25,21,0,59,0.0,0.0,0.0,0.0,0.0
2019-03-25,21,0,63,75.3,75.3,0.0,936.017532,0.0
2019-03-25,21,0,64,88.58,88.58,0.0,1101.094727,0.0
2019-03-25,21,0,65,25.0,25.0,0.0,230.711186,0.0
2019-03-25,21,0,67,0.0,0.0,0.0,0.0,0.0
2019-03-25,21,0,68,4.25,4.25,0.0,29.503112,0.0
2019-03-25,21,0,69,0.0,0.0,0.0,0.0,0.0
2019-03-25,21,0,74,59.73,59.73,0.0,541.467251,0.0
2019-03-25,21,0,77,84.78,84.78,0.0,672.201761,0.0
2019-03-25,21,0,78,64.22,64.22,0.0,509.186095,0.0
2019-03-25,21,0,79,37.25,37.25,0.0,295.346964,0.0
2019-03-25,21,0,80,60.12,60.12,0.0,476.678107,0.0
2019-03-25,21,0,81,78.47,78.47,0.0,622.171175,0.0
2019-03-25,21,0,82,55.47,55.47,0.0,439.809291,0.0
2019-03-25,21,0,83,122.91,122.91,0.0,974.526049,0.0
2019-03-25,21,0,84,0.0,0.0,0.0,0.0,0.0
2019-03-25,21,0,86,0.0,0.0,0.0,0.0,0.0
2019-03-25,21,0,87,0.0,0.0,0.0,0.0,0.0
2019-03-25,21,0,88,84.7,84.7,0.0,671.567459,0.0
2019-03-25,21,0,89,81.42,81.42,0.0,645.561069,0.0
2019-03-25,21,0,90,109.33,109.33,0.0,866.85325,0.0
2019-03-25,21,0,91,389.99,389.99,0.0,3092.143959,0.0
2019-03-25,21,0,92,140.26,140.26,0.0,1112.09034,0.0
2019-03-25,21,0,95,101.97,101.97,0.0,1199.742828,0.0
2019-03-25,21,0,96,17.06,17.06,0.0,143.520059,0.0
2019-03-25,21,0,97,104.93,104.93,0.0,882.7409,0.0
2019-03-25,21,0,99,11.53,11.53,0.0,104.522307,0.0
2019-03-25,21,0,101,0.0,0.0,0.0,0.0,0.0
2019-03-25,21,0,102,10.06,10.06,0.0,69.835601,0.0
2019-03-25,21,0,103,8.75,8.75,0.0,60.741701,0.0
2019-03-25,21,0,104,1.62,1.62,0.0,11.245892,0.0
2019-03-25,21,0,106,0.0,0.0,0.0,0.0,0.0
2019-03-25,21,0,109,83.6,83.6,0.0,741.360491,0.0
2019-03-25,21,0,110,40.77,40.77,0.0,93.302912,0.0
2019-03-25,21,0,111,0.0,0.0,0.0,0.0,0.0
2019-03-25,21,0,113,37.95,37.95,0.0,305.611931,0.0
2019-03-25,21,0,115,37.95,37.95,0.0,305.611931,0.0
2019-03-25,21,0,116,0.0,0.0,0.0,0.0,0.0
2019-03-25,21,0,117,2.55,2.55,0.0,20.535189,0.0
2019-03-25,21,0,119,88.58,88.58,0.0,1101.094727,0.0
2019-03-25,21,0,120,52.09,52.09,0.0,647.505355,0.0
2019-03-25,21,0,123,0.0,0.0,0.0,0.0,0.0
2019-03-25,21,0,125,104.11,104.11,0.0,876.93754,0.0
2019-03-25,21,0,126,0.0,0.0,0.0,0.0,0.0
2019-03-25,21,0,127,0.0,0.0,0.0,0.0,0.0
2019-03-25,21,0,128,149.11,149.11,0.0,1255.980757,0.0
2019-03-25,21,0,131,13.96,13.96,0.0,101.179801,0.0
2019-03-25,21,0,132,20.52,20.52,0.0,148.725609,0.0
2019-03-25,21,0,133,23.14,23.14,0.0,213.691817,0.0
2019-03-25,21,0,134,0.0,0.0,0.0,0.0,0.0
2019-03-25,21,0,135,30.09,30.09,0.0,277.873241,0.0
2019-03-25,21,0,136,28.8,28.8,0.0,265.770199,0.0
2019-03-25,21,0,139,146.7,146.7,0.0,1274.979347,0.0
2019-03-25,21,0,140,30.18,30.18,0.0,69.067498,0.0
2019-03-25,21,0,141,100.53,100.53,0.0,582.712848,0.0
2019-03-25,21,0,142,0.0,0.0,0.0,0.0,0.0
2019-03-25,21,0,143,56.37,56.37,0.0,474.524891,0.0
2019-03-25,21,0,145,20.0,20.0,0.0,171.700776,0.0
2019-03-25,21,0,146,71.18,71.18,0.0,162.896769,0.0
2019-03-25,21,0,152,0.0,0.0,0.0,0.0,0.0
2019-03-25,21,0,153,0.0,0.0,0.0,0.0,0.0
2019-03-25,21,0,154,0.0,0.0,0.0,0.0,0.0
2019-03-25,21,0,157,74.67,74.67,0.0,432.81775,0.0
2019-03-25,21,0,158,0.0,0.0,0.0,0.0,0.0
2019-03-25,21,0,159,0.0,0.0,0.0,0.0,0.0
2019-03-25,21,0,160,0.0,0.0,0.0,0.0,0.0
2019-03-25,21,0,161,0.0,0.0,0.0,0.0,0.0
2019-03-25,21,0,162,71.72,71.72,0.0,844.391273,0.0
2019-03-25,21,0,163,73.45,73.45,0.0,168.091707,0.0
2019-03-25,21,0,164,0.0,0.0,0.0,0.0,0.0
2019-03-25,21,0,167,0.0,0.0,0.0,0.0,0.0
2019-03-25,21,0,168,0.0,0.0,0.0,0.0,0.0
2019-03-25,21,0,169,0.0,0.0,0.0,0.0,0.0
2019-03-25,21,0,170,0.0,0.0,0.0,0.0,0.0
2019-03-25,21,0,172,0.0,0.0,0.0,0.0,0.0
2019-03-25,21,0,173,0.0,0.0,0.0,0.0,0.0
2019-03-25,21,0,188,0.0,0.0,0.0,0.0,0.0
2019-03-25,21,0,190,0.0,0.0,0.0,0.0,0.0
2019-03-25,21,0,191,0.0,0.0,0.0,0.0,0.0
2019-03-25,21,0,192,101.89,101.89,0.0,1266.544838,0.0
2019-03-25,21,0,194,93.35,93.35,0.0,842.165745,0.0
2019-03-25,21,0,196,0.0,0.0,0.0,0.0,0.0
2019-03-25,21,0,198,0.0,0.0,0.0,0.0,0.0
2019-03-25,21,0,199,110.18,110.18,0.0,1070.971779,0.0
2019-03-25,21,0,200,0.0,0.0,0.0,0.0,0.0
2019-03-25,21,0,204,841.64,841.64,0.0,7446.551373,0.0
2019-03-25,21,0,205,387.97,387.97,0.0,3440.497961,0.0
2019-03-25,21,0,206,308.34,308.34,0.0,2593.961012,0.0
2019-03-25,21,0,210,0.0,0.0,0.0,0.0,0.0
2019-03-25,21,0,214,0.0,0.0,0.0,0.0,0.0
2019-03-25,21,0,217,0.0,0.0,0.0,0.0,0.0
2019-03-25,21,0,218,0.0,0.0,0.0,0.0,0.0
2019-03-25,21,0,219,0.0,0.0,0.0,0.0,0.0
2019-03-25,21,0,221,0.0,0.0,0.0,0.0,0.0
2019-03-25,21,0,225,0.0,0.0,0.0,0.0,0.0
2019-03-25,21,0,233,0.0,0.0,0.0,0.0,0.0
2019-03-25,21,0,236,66.96,66.96,0.0,613.07002,0.0
2019-03-25,21,0,237,143.28,143.28,0.0,1298.868704,0.0
2019-03-25,21,0,238,0.0,0.0,0.0,0.0,0.0
2019-03-25,21,0,240,0.0,0.0,0.0,0.0,0.0
2019-03-25,21,0,245,108.59,108.59,0.0,1005.036623,0.0
2019-03-25,21,0,247,65.28,65.28,0.0,604.188146,0.0
2019-03-25,21,0,248,14.38,14.38,0.0,130.358263,0.0
2019-03-25,21,0,249,208.82,208.82,0.0,1932.698661,0.0
2019-03-25,21,0,251,230.97,230.97,0.0,2129.314739,0.0
2019-03-25,21,0,252,161.25,161.25,0.0,1488.087153,0.0
2019-03-25,21,0,254,0.0,0.0,0.0,0.0,0.0
2019-03-25,21,0,255,0.0,0.0,0.0,0.0,0.0
2019-03-25,21,0,258,0.0,0.0,0.0,0.0,0.0
2019-03-25,21,0,260,0.0,0.0,0.0,0.0,0.0
2019-03-25,21,0,265,0.0,0.0,0.0,0.0,0.0
2019-03-25,21,0,266,91.87,91.87,0.0,798.448211,0.0
2019-03-25,21,0,267,114.69,114.69,0.0,996.778332,0.0
2019-03-25,21,0,270,229.39,229.39,0.0,524.963331,0.0
2019-03-25,21,0,272,126.75,126.75,0.0,1020.719689,0.0
2019-03-25,21,0,273,0.0,0.0,0.0,0.0,0.0
2019-03-25,21,0,274,295.71,295.71,0.0,676.737899,0.0
2019-03-25,21,0,275,411.63,411.63,0.0,942.023,0.0
2019-03-25,21,0,276,0.0,0.0,0.0,0.0,0.0
2019-03-25,21,0,277,0.0,0.0,0.0,0.0,0.0
2019-03-25,21,0,278,0.0,0.0,0.0,0.0,0.0
2019-03-25,21,0,279,279.64,279.64,0.0,2238.016633,0.0
2019-03-25,21,0,281,16.83,16.83,0.0,141.675606,0.0
2019-03-25,21,0,282,0.0,0.0,0.0,0.0,0.0
2019-03-25,22,0,9,0.0,0.0,0.0,0.0,0.0
2019-03-25,22,0,17,0.0,0.0,0.0,0.0,0.0
2019-03-25,22,0,19,115.38,115.38,0.0,1093.16169,0.0
2019-03-25,22,0,20,139.93,139.93,0.0,1325.759363,0.0
2019-03-25,22,0,21,0.0,0.0,0.0,0.0,0.0
2019-03-25,22,0,22,0.0,0.0,0.0,0.0,0.0
2019-03-25,22,0,23,41.5,41.5,0.0,329.311662,0.0
2019-03-25,22,0,24,73.43,73.43,0.0,582.683262,0.0
2019-03-25,22,0,29,0.0,0.0,0.0,0.0,0.0
2019-03-25,22,0,30,0.0,0.0,0.0,0.0,0.0
2019-03-25,22,0,31,37.5,37.5,0.0,297.228481,0.0
2019-03-25,22,0,32,0.0,0.0,0.0,0.0,0.0
2019-03-25,22,0,33,0.0,0.0,0.0,0.0,0.0
2019-03-25,22,0,34,0.0,0.0,0.0,0.0,0.0
2019-03-25,22,0,35,0.0,0.0,0.0,0.0,0.0
2019-03-25,22,0,36,0.0,0.0,0.0,0.0,0.0
2019-03-25,22,0,37,0.0,0.0,0.0,0.0,0.0
2019-03-25,22,0,38,0.0,0.0,0.0,0.0,0.0
2019-03-25,22,0,39,0.0,0.0,0.0,0.0,0.0
2019-03-25,22,0,40,0.0,0.0,0.0,0.0,0.0
2019-03-25,22,0,41,116.0,116.0,0.0,976.536724,0.0
2019-03-25,22,0,42,0.0,0.0,0.0,0.0,0.0
2019-03-25,22,0,43,0.0,0.0,0.0,0.0,0.0
2019-03-25,22,0,46,0.0,0.0,0.0,0.0,0.0
2019-03-25,22,0,52,39.75,39.75,0.0,315.06219,0.0
2019-03-25,22,0,53,63.15,63.15,0.0,500.532761,0.0
2019-03-25,22,0,55,231.05,231.05,0.0,1833.432762,0.0
2019-03-25,22,0,56,0.0,0.0,0.0,0.0,0.0
2019-03-25,22,0,57,0.0,0.0,0.0,0.0,0.0
2019-03-25,22,0,58,0.0,0.0,0.0,0.0,0.0
2019-03-25,22,0,59,0.0,0.0,0.0,0.0,0.0
2019-03-25,22,0,63,53.95,53.95,0.0,818.770613,0.0
2019-03-25,22,0,64,63.47,63.47,0.0,963.250618,0.0
2019-03-25,22,0,65,17.19,17.19,0.0,162.655349,0.0
2019-03-25,22,0,67,0.0,0.0,0.0,0.0,0.0
2019-03-25,22,0,68,2.56,2.56,0.0,20.454526,0.0
2019-03-25,22,0,69,0.0,0.0,0.0,0.0,0.0
2019-03-25,22,0,74,65.28,65.28,0.0,595.388593,0.0
2019-03-25,22,0,77,58.37,58.37,0.0,412.058777,0.0
2019-03-25,22,0,78,44.13,44.13,0.0,311.532531,0.0
2019-03-25,22,0,79,25.54,25.54,0.0,180.297775,0.0
2019-03-25,22,0,80,41.3,41.3,0.0,291.554351,0.0
2019-03-25,22,0,81,53.99,53.99,0.0,381.138485,0.0
2019-03-25,22,0,82,38.09,38.09,0.0,268.893589,0.0
2019-03-25,22,0,83,84.93,84.93,0.0,599.557168,0.0
2019-03-25,22,0,84,0.0,0.0,0.0,0.0,0.0
2019-03-25,22,0,86,0.0,0.0,0.0,0.0,0.0
2019-03-25,22,0,87,0.0,0.0,0.0,0.0,0.0
2019-03-25,22,0,88,52.18,52.18,0.0,368.360921,0.0
2019-03-25,22,0,89,50.16,50.16,0.0,354.100878,0.0
2019-03-25,22,0,90,67.35,67.35,0.0,475.452435,0.0
2019-03-25,22,0,91,240.26,240.26,0.0,1696.098024,0.0
2019-03-25,22,0,92,86.41,86.41,0.0,610.005121,0.0
2019-03-25,22,0,95,85.4,85.4,0.0,1288.230484,0.0
2019-03-25,22,0,96,9.08,9.08,0.0,71.882303,0.0
2019-03-25,22,0,97,55.86,55.86,0.0,442.218662,0.0
2019-03-25,22,0,99,12.6,12.6,0.0,114.918754,0.0
2019-03-25,22,0,101,0.0,0.0,0.0,0.0,0.0
2019-03-25,22,0,102,6.06,6.06,0.0,48.419698,0.0
2019-03-25,22,0,103,5.27,5.27,0.0,42.107559,0.0
2019-03-25,22,0,104,0.98,0.98,0.0,7.830248,0.0
2019-03-25,22,0,106,0.0,0.0,0.0,0.0,0.0
2019-03-25,22,0,109,171.41,171.41,0.0,1494.439597,0.0
2019-03-25,22,0,110,41.78,41.78,0.0,535.523142,0.0
2019-03-25,22,0,111,0.0,0.0,0.0,0.0,0.0
2019-03-25,22,0,113,43.09,43.09,0.0,285.447253,0.0
2019-03-25,22,0,115,43.09,43.09,0.0,285.447253,0.0
2019-03-25,22,0,116,0.0,0.0,0.0,0.0,0.0
2019-03-25,22,0,117,2.87,2.87,0.0,19.012152,0.0
2019-03-25,22,0,119,63.47,63.47,0.0,963.250618,0.0
2019-03-25,22,0,120,37.32,37.32,0.0,566.3859,0.0
2019-03-25,22,0,123,0.0,0.0,0.0,0.0,0.0
2019-03-25,22,0,125,66.45,66.45,0.0,527.295421,0.0
2019-03-25,22,0,126,0.0,0.0,0.0,0.0,0.0
2019-03-25,22,0,127,0.0,0.0,0.0,0.0,0.0
2019-03-25,22,0,128,95.18,95.18,0.0,755.274314,0.0
2019-03-25,22,0,131,8.13,8.13,0.0,62.378768,0.0
2019-03-25,22,0,132,11.95,11.95,0.0,91.688349,0.0
2019-03-25,22,0,133,20.85,20.85,0.0,197.566262,0.0
2019-03-25,22,0,134,0.0,0.0,0.0,0.0,0.0
2019-03-25,22,0,135,27.94,27.94,0.0,264.748266,0.0
2019-03-25,22,0,136,21.01,21.01,0.0,198.786865,0.0
2019-03-25,22,0,139,149.8,149.8,0.0,1261.079321,0.0
2019-03-25,22,0,140,30.92,30.92,0.0,396.323015,0.0
2019-03-25,22,0,141,69.52,69.52,0.0,638.0855,0.0
2019-03-25,22,0,142,0.0,0.0,0.0,0.0,0.0
2019-03-25,22,0,143,49.96,49.96,0.0,395.987597,0.0
2019-03-25,22,0,145,26.54,26.54,0.0,218.168629,0.0
2019-03-25,22,0,146,82.85,82.85,0.0,1061.945723,0.0
2019-03-25,22,0,152,0.0,0.0,0.0,0.0,0.0
2019-03-25,22,0,153,0.0,0.0,0.0,0.0,0.0
2019-03-25,22,0,154,0.0,0.0,0.0,0.0,0.0
2019-03-25,22,0,157,101.56,101.56,0.0,932.162879,0.0
2019-03-25,22,0,158,0.0,0.0,0.0,0.0,0.0
2019-03-25,22,0,159,0.0,0.0,0.0,0.0,0.0
2019-03-25,22,0,160,0.0,0.0,0.0,0.0,0.0
2019-03-25,22,0,161,0.0,0.0,0.0,0.0,0.0
2019-03-25,22,0,162,26.62,26.62,0.0,401.667737,0.0
2019-03-25,22,0,163,55.7,55.7,0.0,713.945405,0.0
2019-03-25,22,0,164,0.0,0.0,0.0,0.0,0.0
2019-03-25,22,0,167,0.0,0.0,0.0,0.0,0.0
2019-03-25,22,0,168,0.0,0.0,0.0,0.0,0.0
2019-03-25,22,0,169,0.0,0.0,0.0,0.0,0.0
2019-03-25,22,0,170,0.0,0.0,0.0,0.0,0.0
2019-03-25,22,0,172,0.0,0.0,0.0,0.0,0.0
2019-03-25,22,0,173,0.0,0.0,0.0,0.0,0.0
2019-03-25,22,0,188,0.0,0.0,0.0,0.0,0.0
2019-03-25,22,0,190,0.0,0.0,0.0,0.0,0.0
2019-03-25,22,0,191,0.0,0.0,0.0,0.0,0.0
2019-03-25,22,0,192,85.96,85.96,0.0,1304.569452,0.0
2019-03-25,22,0,194,61.19,61.19,0.0,326.387843,0.0
2019-03-25,22,0,196,0.0,0.0,0.0,0.0,0.0
2019-03-25,22,0,198,0.0,0.0,0.0,0.0,0.0
2019-03-25,22,0,199,70.17,70.17,0.0,613.04262,0.0
2019-03-25,22,0,200,0.0,0.0,0.0,0.0,0.0
2019-03-25,22,0,204,783.11,783.11,0.0,6796.619925,0.0
2019-03-25,22,0,205,852.76,852.76,0.0,7434.795583,0.0
2019-03-25,22,0,206,164.14,164.14,0.0,1299.423042,0.0
2019-03-25,22,0,210,0.0,0.0,0.0,0.0,0.0
2019-03-25,22,0,214,0.0,0.0,0.0,0.0,0.0
2019-03-25,22,0,217,0.0,0.0,0.0,0.0,0.0
2019-03-25,22,0,218,0.0,0.0,0.0,0.0,0.0
2019-03-25,22,0,219,0.0,0.0,0.0,0.0,0.0
2019-03-25,22,0,221,0.0,0.0,0.0,0.0,0.0
2019-03-25,22,0,225,0.0,0.0,0.0,0.0,0.0
2019-03-25,22,0,233,0.0,0.0,0.0,0.0,0.0
2019-03-25,22,0,236,65.12,65.12,0.0,606.04246,0.0
2019-03-25,22,0,237,156.6,156.6,0.0,1428.275944,0.0
2019-03-25,22,0,238,0.0,0.0,0.0,0.0,0.0
2019-03-25,22,0,240,0.0,0.0,0.0,0.0,0.0
2019-03-25,22,0,245,66.47,66.47,0.0,632.758146,0.0
2019-03-25,22,0,247,37.52,37.52,0.0,357.169936,0.0
2019-03-25,22,0,248,15.72,15.72,0.0,143.374827,0.0
2019-03-25,22,0,249,127.82,127.82,0.0,1216.776684,0.0
2019-03-25,22,0,251,357.19,357.19,0.0,3372.628225,0.0
2019-03-25,22,0,252,110.88,110.88,0.0,1049.169581,0.0
2019-03-25,22,0,254,0.0,0.0,0.0,0.0,0.0
2019-03-25,22,0,255,0.0,0.0,0.0,0.0,0.0
2019-03-25,22,0,258,0.0,0.0,0.0,0.0,0.0
2019-03-25,22,0,260,0.0,0.0,0.0,0.0,0.0
2019-03-25,22,0,265,0.0,0.0,0.0,0.0,0.0
2019-03-25,22,0,266,97.0,97.0,0.0,816.586743,0.0
2019-03-25,22,0,267,119.2,119.2,0.0,1003.475668,0.0
2019-03-25,22,0,270,173.96,173.96,0.0,2229.765577,0.0
2019-03-25,22,0,272,144.03,144.03,0.0,954.118538,0.0
2019-03-25,22,0,273,0.0,0.0,0.0,0.0,0.0
2019-03-25,22,0,274,224.26,224.26,0.0,2874.495448,0.0
2019-03-25,22,0,275,312.17,312.17,0.0,4001.29869,0.0
2019-03-25,22,0,276,0.0,0.0,0.0,0.0,0.0
2019-03-25,22,0,277,0.0,0.0,0.0,0.0,0.0
2019-03-25,22,0,278,0.0,0.0,0.0,0.0,0.0
2019-03-25,22,0,279,73.71,73.71,0.0,501.142151,0.0
2019-03-25,22,0,281,16.83,16.83,0.0,133.396142,0.0
2019-03-25,22,0,282,0.0,0.0,0.0,0.0,0.0
2019-03-25,23,0,9,0.0,0.0,0.0,0.0,0.0
2019-03-25,23,0,17,0.0,0.0,0.0,0.0,0.0
2019-03-25,23,0,19,59.44,59.44,0.0,566.479427,0.0
2019-03-25,23,0,20,72.09,72.09,0.0,687.03738,0.0
2019-03-25,23,0,21,0.0,0.0,0.0,0.0,0.0
2019-03-25,23,0,22,0.0,0.0,0.0,0.0,0.0
2019-03-25,23,0,23,39.98,39.98,0.0,362.763129,0.0
2019-03-25,23,0,24,70.73,70.73,0.0,641.776791,0.0
2019-03-25,23,0,29,0.0,0.0,0.0,0.0,0.0
2019-03-25,23,0,30,0.0,0.0,0.0,0.0,0.0
2019-03-25,23,0,31,37.5,37.5,0.0,340.151968,0.0
2019-03-25,23,0,32,0.0,0.0,0.0,0.0,0.0
2019-03-25,23,0,33,0.0,0.0,0.0,0.0,0.0
2019-03-25,23,0,34,0.0,0.0,0.0,0.0,0.0
2019-03-25,23,0,35,0.0,0.0,0.0,0.0,0.0
2019-03-25,23,0,36,0.0,0.0,0.0,0.0,0.0
2019-03-25,23,0,37,0.0,0.0,0.0,0.0,0.0
2019-03-25,23,0,38,0.0,0.0,0.0,0.0,0.0
2019-03-25,23,0,39,0.0,0.0,0.0,0.0,0.0
2019-03-25,23,0,40,0.0,0.0,0.0,0.0,0.0
2019-03-25,23,0,41,116.0,116.0,0.0,1070.036466,0.0
2019-03-25,23,0,42,0.0,0.0,0.0,0.0,0.0
2019-03-25,23,0,43,0.0,0.0,0.0,0.0,0.0
2019-03-25,23,0,46,0.0,0.0,0.0,0.0,0.0
2019-03-25,23,0,52,39.75,39.75,0.0,360.561086,0.0
2019-03-25,23,0,53,63.15,63.15,0.0,572.815914,0.0
2019-03-25,23,0,55,367.1,367.1,0.0,3330.924078,0.0
2019-03-25,23,0,56,0.0,0.0,0.0,0.0,0.0
2019-03-25,23,0,57,0.0,0.0,0.0,0.0,0.0
2019-03-25,23,0,58,0.0,0.0,0.0,0.0,0.0
2019-03-25,23,0,59,0.0,0.0,0.0,0.0,0.0
2019-03-25,23,0,63,52.52,52.52,0.0,617.644763,0.0
2019-03-25,23,0,64,61.79,61.79,0.0,726.661651,0.0
2019-03-25,23,0,65,11.29,11.29,0.0,107.560241,0.0
2019-03-25,23,0,67,0.0,0.0,0.0,0.0,0.0
2019-03-25,23,0,68,2.5,2.5,0.0,22.844287,0.0
2019-03-25,23,0,69,0.0,0.0,0.0,0.0,0.0
2019-03-25,23,0,74,65.28,65.28,0.0,615.92616,0.0
2019-03-25,23,0,77,56.62,56.62,0.0,497.985914,0.0
2019-03-25,23,0,78,42.8,42.8,0.0,376.435838,0.0
2019-03-25,23,0,79,24.77,24.77,0.0,217.857843,0.0
2019-03-25,23,0,80,40.06,40.06,0.0,352.336908,0.0
2019-03-25,23,0,81,52.37,52.37,0.0,460.606187,0.0
2019-03-25,23,0,82,36.94,36.94,0.0,324.895791,0.0
2019-03-25,23,0,83,82.38,82.38,0.0,724.551035,0.0
2019-03-25,23,0,84,0.0,0.0,0.0,0.0,0.0
2019-03-25,23,0,86,0.0,0.0,0.0,0.0,0.0
2019-03-25,23,0,87,0.0,0.0,0.0,0.0,0.0
2019-03-25,23,0,88,50.38,50.38,0.0,443.10368,0.0
2019-03-25,23,0,89,48.43,48.43,0.0,425.952982,0.0
2019-03-25,23,0,90,65.03,65.03,0.0,571.953797,0.0
2019-03-25,23,0,91,231.96,231.96,0.0,2040.141517,0.0
2019-03-25,23,0,92,83.42,83.42,0.0,733.698074,0.0
2019-03-25,23,0,95,86.05,86.05,0.0,1009.28645,0.0
2019-03-25,23,0,96,8.21,8.21,0.0,74.445757,0.0
2019-03-25,23,0,97,50.51,50.51,0.0,458.009157,0.0
2019-03-25,23,0,99,12.6,12.6,0.0,118.882807,0.0
2019-03-25,23,0,101,0.0,0.0,0.0,0.0,0.0
2019-03-25,23,0,102,5.93,5.93,0.0,54.186648,0.0
2019-03-25,23,0,103,5.15,5.15,0.0,47.059231,0.0
2019-03-25,23,0,104,0.96,0.96,0.0,8.772206,0.0
2019-03-25,23,0,106,0.0,0.0,0.0,0.0,0.0
2019-03-25,23,0,109,198.75,198.75,0.0,1853.154903,0.0
2019-03-25,23,0,110,49.63,49.63,0.0,540.966565,0.0
2019-03-25,23,0,111,0.0,0.0,0.0,0.0,0.0
2019-03-25,23,0,113,41.51,41.51,0.0,358.876661,0.0
2019-03-25,23,0,115,41.51,41.51,0.0,358.876661,0.0
2019-03-25,23,0,116,0.0,0.0,0.0,0.0,0.0
2019-03-25,23,0,117,2.77,2.77,0.0,23.948166,0.0
2019-03-25,23,0,119,61.79,61.79,0.0,726.661651,0.0
2019-03-25,23,0,120,36.33,36.33,0.0,427.247415,0.0
2019-03-25,23,0,123,0.0,0.0,0.0,0.0,0.0
2019-03-25,23,0,125,64.01,64.01,0.0,580.802098,0.0
2019-03-25,23,0,126,0.0,0.0,0.0,0.0,0.0
2019-03-25,23,0,127,0.0,0.0,0.0,0.0,0.0
2019-03-25,23,0,128,91.68,91.68,0.0,831.869026,0.0
2019-03-25,23,0,131,7.87,7.87,0.0,71.002017,0.0
2019-03-25,23,0,132,11.56,11.56,0.0,104.29267,0.0
2019-03-25,23,0,133,10.35,10.35,0.0,98.641482,0.0
2019-03-25,23,0,134,0.0,0.0,0.0,0.0,0.0
2019-03-25,23,0,135,13.87,13.87,0.0,132.189116,0.0
2019-03-25,23,0,136,14.12,14.12,0.0,134.519245,0.0
2019-03-25,23,0,139,149.8,149.8,0.0,1381.822954,0.0
2019-03-25,23,0,140,36.73,36.73,0.0,400.356678,0.0
2019-03-25,23,0,141,70.11,70.11,0.0,671.059639,0.0
2019-03-25,23,0,142,0.0,0.0,0.0,0.0,0.0
2019-03-25,23,0,143,49.75,49.75,0.0,451.268278,0.0
2019-03-25,23,0,145,9.99,9.99,0.0,91.555868,0.0
2019-03-25,23,0,146,102.64,102.64,0.0,1118.7751,0.0
2019-03-25,23,0,152,0.0,0.0,0.0,0.0,0.0
2019-03-25,23,0,153,0.0,0.0,0.0,0.0,0.0
2019-03-25,23,0,154,0.0,0.0,0.0,0.0,0.0
2019-03-25,23,0,157,115.05,115.05,0.0,1101.203986,0.0
2019-03-25,23,0,158,0.0,0.0,0.0,0.0,0.0
2019-03-25,23,0,159,0.0,0.0,0.0,0.0,0.0
2019-03-25,23,0,160,0.0,0.0,0.0,0.0,0.0
2019-03-25,23,0,161,0.0,0.0,0.0,0.0,0.0
2019-03-25,23,0,162,12.93,12.93,0.0,151.676479,0.0
2019-03-25,23,0,163,53.94,53.94,0.0,587.945527,0.0
2019-03-25,23,0,164,0.0,0.0,0.0,0.0,0.0
2019-03-25,23,0,167,0.0,0.0,0.0,0.0,0.0
2019-03-25,23,0,168,0.0,0.0,0.0,0.0,0.0
2019-03-25,23,0,169,0.0,0.0,0.0,0.0,0.0
2019-03-25,23,0,170,0.0,0.0,0.0,0.0,0.0
2019-03-25,23,0,172,0.0,0.0,0.0,0.0,0.0
2019-03-25,23,0,173,0.0,0.0,0.0,0.0,0.0
2019-03-25,23,0,188,0.0,0.0,0.0,0.0,0.0
2019-03-25,23,0,190,0.0,0.0,0.0,0.0,0.0
2019-03-25,23,0,191,0.0,0.0,0.0,0.0,0.0
2019-03-25,23,0,192,82.41,82.41,0.0,969.156605,0.0
2019-03-25,23,0,194,57.61,57.61,0.0,471.421549,0.0
2019-03-25,23,0,196,0.0,0.0,0.0,0.0,0.0
2019-03-25,23,0,198,0.0,0.0,0.0,0.0,0.0
2019-03-25,23,0,199,47.73,47.73,0.0,451.264487,0.0
2019-03-25,23,0,200,0.0,0.0,0.0,0.0,0.0
2019-03-25,23,0,204,719.7,719.7,0.0,6702.3002,0.0
2019-03-25,23,0,205,1051.41,1051.41,0.0,9803.399226,0.0
2019-03-25,23,0,206,148.43,148.43,0.0,1345.917623,0.0
2019-03-25,23,0,210,0.0,0.0,0.0,0.0,0.0
2019-03-25,23,0,214,0.0,0.0,0.0,0.0,0.0
2019-03-25,23,0,217,0.0,0.0,0.0,0.0,0.0
2019-03-25,23,0,218,0.0,0.0,0.0,0.0,0.0
2019-03-25,23,0,219,0.0,0.0,0.0,0.0,0.0
2019-03-25,23,0,221,0.0,0.0,0.0,0.0,0.0
2019-03-25,23,0,225,0.0,0.0,0.0,0.0,0.0
2019-03-25,23,0,233,0.0,0.0,0.0,0.0,0.0
2019-03-25,23,0,236,50.08,50.08,0.0,475.064437,0.0
2019-03-25,23,0,237,156.6,156.6,0.0,1477.543453,0.0
2019-03-25,23,0,238,0.0,0.0,0.0,0.0,0.0
2019-03-25,23,0,240,0.0,0.0,0.0,0.0,0.0
2019-03-25,23,0,245,39.45,39.45,0.0,376.438801,0.0
2019-03-25,23,0,247,25.57,25.57,0.0,243.993413,0.0
2019-03-25,23,0,248,15.72,15.72,0.0,148.320454,0.0
2019-03-25,23,0,249,75.86,75.86,0.0,723.86939,0.0
2019-03-25,23,0,251,125.95,125.95,0.0,1199.26094,0.0
2019-03-25,23,0,252,72.8,72.8,0.0,693.568249,0.0
2019-03-25,23,0,254,0.0,0.0,0.0,0.0,0.0
2019-03-25,23,0,255,0.0,0.0,0.0,0.0,0.0
2019-03-25,23,0,258,0.0,0.0,0.0,0.0,0.0
2019-03-25,23,0,260,0.0,0.0,0.0,0.0,0.0
2019-03-25,23,0,265,0.0,0.0,0.0,0.0,0.0
2019-03-25,23,0,266,97.0,97.0,0.0,894.771873,0.0
2019-03-25,23,0,267,119.2,119.2,0.0,1099.554713,0.0
2019-03-25,23,0,270,168.46,168.46,0.0,1836.212524,0.0
2019-03-25,23,0,272,138.73,138.73,0.0,1199.396753,0.0
2019-03-25,23,0,273,0.0,0.0,0.0,0.0,0.0
2019-03-25,23,0,274,217.16,217.16,0.0,2367.042097,0.0
2019-03-25,23,0,275,302.29,302.29,0.0,3294.958351,0.0
2019-03-25,23,0,276,0.0,0.0,0.0,0.0,0.0
2019-03-25,23,0,277,0.0,0.0,0.0,0.0,0.0
2019-03-25,23,0,278,0.0,0.0,0.0,0.0,0.0
2019-03-25,23,0,279,71.87,71.87,0.0,625.668407,0.0
2019-03-25,23,0,281,16.83,16.83,0.0,152.660203,0.0
2019-03-25,23,0,282,0.0,0.0,0.0,0.0,0.0
2019-03-26,0,0,9,0.0,0.0,0.0,0.0,0.0
2019-03-26,0,0,17,0.0,0.0,0.0,0.0,0.0
2019-03-26,0,0,19,25.66,25.66,0.0,239.36772,0.0
2019-03-26,0,0,20,31.12,31.12,0.0,290.300992,0.0
2019-03-26,0,0,21,0.0,0.0,0.0,0.0,0.0
2019-03-26,0,0,22,0.0,0.0,0.0,0.0,0.0
2019-03-26,0,0,23,38.5,38.5,0.0,336.635269,0.0
2019-03-26,0,0,24,68.11,68.11,0.0,595.538394,0.0
2019-03-26,0,0,29,0.0,0.0,0.0,0.0,0.0
2019-03-26,0,0,30,0.0,0.0,0.0,0.0,0.0
2019-03-26,0,0,31,37.5,37.5,0.0,327.752459,0.0
2019-03-26,0,0,32,0.0,0.0,0.0,0.0,0.0
2019-03-26,0,0,33,0.0,0.0,0.0,0.0,0.0
2019-03-26,0,0,34,0.0,0.0,0.0,0.0,0.0
2019-03-26,0,0,35,0.0,0.0,0.0,0.0,0.0
2019-03-26,0,0,36,0.0,0.0,0.0,0.0,0.0
2019-03-26,0,0,37,0.0,0.0,0.0,0.0,0.0
2019-03-26,0,0,38,0.0,0.0,0.0,0.0,0.0
2019-03-26,0,0,39,0.0,0.0,0.0,0.0,0.0
2019-03-26,0,0,40,0.0,0.0,0.0,0.0,0.0
2019-03-26,0,0,41,116.0,116.0,0.0,1036.679475,0.0
2019-03-26,0,0,42,0.0,0.0,0.0,0.0,0.0
2019-03-26,0,0,43,0.0,0.0,0.0,0.0,0.0
2019-03-26,0,0,46,0.0,0.0,0.0,0.0,0.0
2019-03-26,0,0,52,39.75,39.75,0.0,347.417607,0.0
2019-03-26,0,0,53,63.15,63.15,0.0,551.935141,0.0
2019-03-26,0,0,55,333.19,333.19,0.0,2913.337797,0.0
2019-03-26,0,0,56,0.0,0.0,0.0,0.0,0.0
2019-03-26,0,0,57,0.0,0.0,0.0,0.0,0.0
2019-03-26,0,0,58,0.0,0.0,0.0,0.0,0.0
2019-03-26,0,0,59,0.0,0.0,0.0,0.0,0.0
2019-03-26,0,0,63,51.45,51.45,0.0,591.401839,0.0
2019-03-26,0,0,64,60.53,60.53,0.0,695.773631,0.0
2019-03-26,0,0,65,7.07,7.07,0.0,65.92276,0.0
2019-03-26,0,0,67,0.0,0.0,0.0,0.0,0.0
2019-03-26,0,0,68,2.44,2.44,0.0,18.026191,0.0
2019-03-26,0,0,69,0.0,0.0,0.0,0.0,0.0
2019-03-26,0,0,74,65.28,65.28,0.0,601.009617,0.0
2019-03-26,0,0,77,55.23,55.23,0.0,463.233519,0.0
2019-03-26,0,0,78,41.75,41.75,0.0,350.171997,0.0
2019-03-26,0,0,79,24.16,24.16,0.0,202.638454,0.0
2019-03-26,0,0,80,39.08,39.08,0.0,327.777764,0.0
2019-03-26,0,0,81,51.09,51.09,0.0,428.509876,0.0
2019-03-26,0,0,82,36.04,36.04,0.0,302.28021,0.0
2019-03-26,0,0,83,80.36,80.36,0.0,674.007705,0.0
2019-03-26,0,0,84,0.0,0.0,0.0,0.0,0.0
2019-03-26,0,0,86,0.0,0.0,0.0,0.0,0.0
2019-03-26,0,0,87,0.0,0.0,0.0,0.0,0.0
2019-03-26,0,0,88,48.97,48.97,0.0,410.728688,0.0
2019-03-26,0,0,89,47.07,47.07,0.0,394.792716,0.0
2019-03-26,0,0,90,63.2,63.2,0.0,530.080724,0.0
2019-03-26,0,0,91,225.46,225.46,0.0,1891.012659,0.0
2019-03-26,0,0,92,81.08,81.08,0.0,680.0466,0.0
2019-03-26,0,0,95,49.21,49.21,0.0,536.648243,0.0
2019-03-26,0,0,96,7.49,7.49,0.0,65.434069,0.0
2019-03-26,0,0,97,46.05,46.05,0.0,402.301584,0.0
2019-03-26,0,0,99,12.6,12.6,0.0,116.003695,0.0
2019-03-26,0,0,101,0.0,0.0,0.0,0.0,0.0
2019-03-26,0,0,102,5.78,5.78,0.0,42.701387,0.0
2019-03-26,0,0,103,5.03,5.03,0.0,37.16055,0.0
2019-03-26,0,0,104,0.93,0.93,0.0,6.870638,0.0
2019-03-26,0,0,106,0.0,0.0,0.0,0.0,0.0
2019-03-26,0,0,109,181.09,181.09,0.0,1641.473639,0.0
2019-03-26,0,0,110,59.42,59.42,0.0,156.110173,0.0
2019-03-26,0,0,111,0.0,0.0,0.0,0.0,0.0
2019-03-26,0,0,113,40.14,40.14,0.0,343.091692,0.0
2019-03-26,0,0,115,40.14,40.14,0.0,343.091692,0.0
2019-03-26,0,0,116,0.0,0.0,0.0,0.0,0.0
2019-03-26,0,0,117,2.68,2.68,0.0,22.906969,0.0
2019-03-26,0,0,119,60.53,60.53,0.0,695.773631,0.0
2019-03-26,0,0,120,35.59,35.59,0.0,409.096044,0.0
2019-03-26,0,0,123,0.0,0.0,0.0,0.0,0.0
2019-03-26,0,0,125,61.64,61.64,0.0,538.966181,0.0
2019-03-26,0,0,126,0.0,0.0,0.0,0.0,0.0
2019-03-26,0,0,127,0.0,0.0,0.0,0.0,0.0
2019-03-26,0,0,128,88.28,88.28,0.0,771.900299,0.0
2019-03-26,0,0,131,7.59,7.59,0.0,58.448741,0.0
2019-03-26,0,0,132,11.16,11.16,0.0,85.940442,0.0
2019-03-26,0,0,133,4.28,4.28,0.0,39.927386,0.0
2019-03-26,0,0,134,0.0,0.0,0.0,0.0,0.0
2019-03-26,0,0,135,5.74,5.74,0.0,53.547475,0.0
2019-03-26,0,0,136,9.09,9.09,0.0,84.755766,0.0
2019-03-26,0,0,139,149.8,149.8,0.0,1338.746425,0.0
2019-03-26,0,0,140,43.97,43.97,0.0,115.519426,0.0
2019-03-26,0,0,141,71.21,71.21,0.0,442.634451,0.0
2019-03-26,0,0,142,0.0,0.0,0.0,0.0,0.0
2019-03-26,0,0,143,125.75,125.75,0.0,1099.063247,0.0
2019-03-26,0,0,145,9.22,9.22,0.0,81.693409,0.0
2019-03-26,0,0,146,125.9,125.9,0.0,330.76861,0.0
2019-03-26,0,0,152,0.0,0.0,0.0,0.0,0.0
2019-03-26,0,0,153,0.0,0.0,0.0,0.0,0.0
2019-03-26,0,0,154,0.0,0.0,0.0,0.0,0.0
2019-03-26,0,0,157,131.44,131.44,0.0,817.018287,0.0
2019-03-26,0,0,158,0.0,0.0,0.0,0.0,0.0
2019-03-26,0,0,159,0.0,0.0,0.0,0.0,0.0
2019-03-26,0,0,160,0.0,0.0,0.0,0.0,0.0
2019-03-26,0,0,161,0.0,0.0,0.0,0.0,0.0
2019-03-26,0,0,162,12.46,12.46,0.0,135.961165,0.0
2019-03-26,0,0,163,52.15,52.15,0.0,137.010191,0.0
2019-03-26,0,0,164,0.0,0.0,0.0,0.0,0.0
2019-03-26,0,0,167,0.0,0.0,0.0,0.0,0.0
2019-03-26,0,0,168,0.0,0.0,0.0,0.0,0.0
2019-03-26,0,0,169,0.0,0.0,0.0,0.0,0.0
2019-03-26,0,0,170,0.0,0.0,0.0,0.0,0.0
2019-03-26,0,0,172,0.0,0.0,0.0,0.0,0.0
2019-03-26,0,0,173,0.0,0.0,0.0,0.0,0.0
2019-03-26,0,0,188,0.0,0.0,0.0,0.0,0.0
2019-03-26,0,0,190,0.0,0.0,0.0,0.0,0.0
2019-03-26,0,0,191,0.0,0.0,0.0,0.0,0.0
2019-03-26,0,0,192,78.98,78.98,0.0,907.850676,0.0
2019-03-26,0,0,194,54.48,54.48,0.0,521.317944,0.0
2019-03-26,0,0,196,0.0,0.0,0.0,0.0,0.0
2019-03-26,0,0,198,0.0,0.0,0.0,0.0,0.0
2019-03-26,0,0,199,17.98,17.98,0.0,176.040223,0.0
2019-03-26,0,0,200,0.0,0.0,0.0,0.0,0.0
2019-03-26,0,0,204,665.4,665.4,0.0,6021.728749,0.0
2019-03-26,0,0,205,957.95,957.95,0.0,8683.249615,0.0
2019-03-26,0,0,206,135.31,135.31,0.0,1182.093969,0.0
2019-03-26,0,0,210,0.0,0.0,0.0,0.0,0.0
2019-03-26,0,0,214,0.0,0.0,0.0,0.0,0.0
2019-03-26,0,0,217,0.0,0.0,0.0,0.0,0.0
2019-03-26,0,0,218,0.0,0.0,0.0,0.0,0.0
2019-03-26,0,0,219,0.0,0.0,0.0,0.0,0.0
2019-03-26,0,0,221,0.0,0.0,0.0,0.0,0.0
2019-03-26,0,0,225,0.0,0.0,0.0,0.0,0.0
2019-03-26,0,0,233,0.0,0.0,0.0,0.0,0.0
2019-03-26,0,0,236,41.28,41.28,0.0,382.743902,0.0
2019-03-26,0,0,237,156.6,156.6,0.0,1441.760203,0.0
2019-03-26,0,0,238,0.0,0.0,0.0,0.0,0.0
2019-03-26,0,0,240,0.0,0.0,0.0,0.0,0.0
2019-03-26,0,0,245,13.36,13.36,0.0,124.831514,0.0
2019-03-26,0,0,247,16.55,16.55,0.0,154.637842,0.0
2019-03-26,0,0,248,15.72,15.72,0.0,144.728419,0.0
2019-03-26,0,0,249,25.02,25.02,0.0,233.778779,0.0
2019-03-26,0,0,251,90.65,90.65,0.0,844.630527,0.0
2019-03-26,0,0,252,45.58,45.58,0.0,425.001329,0.0
2019-03-26,0,0,254,0.0,0.0,0.0,0.0,0.0
2019-03-26,0,0,255,0.0,0.0,0.0,0.0,0.0
2019-03-26,0,0,258,0.0,0.0,0.0,0.0,0.0
2019-03-26,0,0,260,0.0,0.0,0.0,0.0,0.0
2019-03-26,0,0,265,0.0,0.0,0.0,0.0,0.0
2019-03-26,0,0,266,97.0,97.0,0.0,866.878526,0.0
2019-03-26,0,0,267,119.2,119.2,0.0,1065.277529,0.0
2019-03-26,0,0,270,162.88,162.88,0.0,427.923678,0.0
2019-03-26,0,0,272,134.15,134.15,0.0,1146.630556,0.0
2019-03-26,0,0,273,0.0,0.0,0.0,0.0,0.0
2019-03-26,0,0,274,209.97,209.97,0.0,551.640071,0.0
2019-03-26,0,0,275,292.28,292.28,0.0,767.887603,0.0
2019-03-26,0,0,276,0.0,0.0,0.0,0.0,0.0
2019-03-26,0,0,277,0.0,0.0,0.0,0.0,0.0
2019-03-26,0,0,278,0.0,0.0,0.0,0.0,0.0
2019-03-26,0,0,279,70.14,70.14,0.0,595.013092,0.0
2019-03-26,0,0,281,16.83,16.83,0.0,147.095304,0.0
2019-03-26,0,0,282,0.0,0.0,0.0,0.0,0.0
2019-03-26,1,0,9,0.0,0.0,0.0,0.0,0.0
2019-03-26,1,0,17,0.0,0.0,0.0,0.0,0.0
2019-03-26,1,0,19,0.0,0.0,0.0,0.0,0.0
2019-03-26,1,0,20,0.0,0.0,0.0,0.0,0.0
2019-03-26,1,0,21,0.0,0.0,0.0,0.0,0.0
2019-03-26,1,0,22,0.0,0.0,0.0,0.0,0.0
2019-03-26,1,0,23,37.33,37.33,0.0,326.405054,0.0
2019-03-26,1,0,24,66.05,66.05,0.0,577.526221,0.0
2019-03-26,1,0,29,0.0,0.0,0.0,0.0,0.0
2019-03-26,1,0,30,0.0,0.0,0.0,0.0,0.0
2019-03-26,1,0,31,81.72,81.72,0.0,714.238159,0.0
2019-03-26,1,0,32,0.0,0.0,0.0,0.0,0.0
2019-03-26,1,0,33,0.0,0.0,0.0,0.0,0.0
2019-03-26,1,0,34,0.0,0.0,0.0,0.0,0.0
2019-03-26,1,0,35,0.0,0.0,0.0,0.0,0.0
2019-03-26,1,0,36,0.0,0.0,0.0,0.0,0.0
2019-03-26,1,0,37,0.0,0.0,0.0,0.0,0.0
2019-03-26,1,0,38,0.0,0.0,0.0,0.0,0.0
2019-03-26,1,0,39,0.0,0.0,0.0,0.0,0.0
2019-03-26,1,0,40,0.0,0.0,0.0,0.0,0.0
2019-03-26,1,0,41,116.0,116.0,0.0,1036.679475,0.0
2019-03-26,1,0,42,0.0,0.0,0.0,0.0,0.0
2019-03-26,1,0,43,0.0,0.0,0.0,0.0,0.0
2019-03-26,1,0,46,0.0,0.0,0.0,0.0,0.0
2019-03-26,1,0,52,87.0,87.0,0.0,760.385706,0.0
2019-03-26,1,0,53,142.22,142.22,0.0,1243.012127,0.0
2019-03-26,1,0,55,254.9,254.9,0.0,2228.787792,0.0
2019-03-26,1,0,56,0.0,0.0,0.0,0.0,0.0
2019-03-26,1,0,57,0.0,0.0,0.0,0.0,0.0
2019-03-26,1,0,58,0.0,0.0,0.0,0.0,0.0
2019-03-26,1,0,59,0.0,0.0,0.0,0.0,0.0
2019-03-26,1,0,63,50.32,50.32,0.0,578.412839,0.0
2019-03-26,1,0,64,59.2,59.2,0.0,680.485693,0.0
2019-03-26,1,0,65,4.27,4.27,0.0,39.814736,0.0
2019-03-26,1,0,67,0.0,0.0,0.0,0.0,0.0
2019-03-26,1,0,68,2.39,2.39,0.0,17.656802,0.0
2019-03-26,1,0,69,0.0,0.0,0.0,0.0,0.0
2019-03-26,1,0,74,65.28,65.28,0.0,601.009617,0.0
2019-03-26,1,0,77,54.39,54.39,0.0,456.188142,0.0
2019-03-26,1,0,78,41.12,41.12,0.0,344.887965,0.0
2019-03-26,1,0,79,23.8,23.8,0.0,199.619007,0.0
2019-03-26,1,0,80,38.48,38.48,0.0,322.745352,0.0
2019-03-26,1,0,81,50.31,50.31,0.0,421.967741,0.0
2019-03-26,1,0,82,35.49,35.49,0.0,297.667166,0.0
2019-03-26,1,0,83,79.14,79.14,0.0,663.775134,0.0
2019-03-26,1,0,84,0.0,0.0,0.0,0.0,0.0
2019-03-26,1,0,86,0.0,0.0,0.0,0.0,0.0
2019-03-26,1,0,87,0.0,0.0,0.0,0.0,0.0
2019-03-26,1,0,88,48.01,48.01,0.0,402.676828,0.0
2019-03-26,1,0,89,46.15,46.15,0.0,387.076351,0.0
2019-03-26,1,0,90,61.97,61.97,0.0,519.76428,0.0
2019-03-26,1,0,91,221.07,221.07,0.0,1854.192178,0.0
2019-03-26,1,0,92,79.5,79.5,0.0,666.794582,0.0
2019-03-26,1,0,95,66.55,66.55,0.0,725.745592,0.0
2019-03-26,1,0,96,6.77,6.77,0.0,59.144011,0.0
2019-03-26,1,0,97,41.61,41.61,0.0,363.512897,0.0
2019-03-26,1,0,99,12.6,12.6,0.0,116.003695,0.0
2019-03-26,1,0,101,0.0,0.0,0.0,0.0,0.0
2019-03-26,1,0,102,5.65,5.65,0.0,41.740976,0.0
2019-03-26,1,0,103,4.92,4.92,0.0,36.347894,0.0
2019-03-26,1,0,104,0.91,0.91,0.0,6.722883,0.0
2019-03-26,1,0,106,0.0,0.0,0.0,0.0,0.0
2019-03-26,1,0,109,165.48,165.48,0.0,1499.978231,0.0
2019-03-26,1,0,110,71.73,71.73,0.0,188.451409,0.0
2019-03-26,1,0,111,0.0,0.0,0.0,0.0,0.0
2019-03-26,1,0,113,22.12,22.12,0.0,189.067968,0.0
2019-03-26,1,0,115,22.12,22.12,0.0,189.067968,0.0
2019-03-26,1,0,116,0.0,0.0,0.0,0.0,0.0
2019-03-26,1,0,117,1.51,1.51,0.0,12.906538,0.0
2019-03-26,1,0,119,59.2,59.2,0.0,680.485693,0.0
2019-03-26,1,0,120,34.81,34.81,0.0,400.130185,0.0
2019-03-26,1,0,123,0.0,0.0,0.0,0.0,0.0
2019-03-26,1,0,125,59.77,59.77,0.0,522.615325,0.0
2019-03-26,1,0,126,0.0,0.0,0.0,0.0,0.0
2019-03-26,1,0,127,0.0,0.0,0.0,0.0,0.0
2019-03-26,1,0,128,85.61,85.61,0.0,748.554425,0.0
2019-03-26,1,0,131,7.4,7.4,0.0,56.985598,0.0
2019-03-26,1,0,132,10.88,10.88,0.0,83.78423,0.0
2019-03-26,1,0,133,0.0,0.0,0.0,0.0,0.0
2019-03-26,1,0,134,0.0,0.0,0.0,0.0,0.0
2019-03-26,1,0,135,0.0,0.0,0.0,0.0,0.0
2019-03-26,1,0,136,5.69,5.69,0.0,53.053939,0.0
2019-03-26,1,0,139,149.8,149.8,0.0,1338.746425,0.0
2019-03-26,1,0,140,53.09,53.09,0.0,139.479789,0.0
2019-03-26,1,0,141,72.85,72.85,0.0,452.828532,0.0
2019-03-26,1,0,142,0.0,0.0,0.0,0.0,0.0
2019-03-26,1,0,143,165.09,165.09,0.0,1442.897427,0.0
2019-03-26,1,0,145,8.53,8.53,0.0,75.579694,0.0
2019-03-26,1,0,146,151.84,151.84,0.0,398.919028,0.0
2019-03-26,1,0,152,0.0,0.0,0.0,0.0,0.0
2019-03-26,1,0,153,0.0,0.0,0.0,0.0,0.0
2019-03-26,1,0,154,0.0,0.0,0.0,0.0,0.0
2019-03-26,1,0,157,150.98,150.98,0.0,938.477031,0.0
2019-03-26,1,0,158,0.0,0.0,0.0,0.0,0.0
2019-03-26,1,0,159,0.0,0.0,0.0,0.0,0.0
2019-03-26,1,0,160,0.0,0.0,0.0,0.0,0.0
2019-03-26,1,0,161,0.0,0.0,0.0,0.0,0.0
2019-03-26,1,0,162,12.13,12.13,0.0,132.360268,0.0
2019-03-26,1,0,163,50.26,50.26,0.0,132.044721,0.0
2019-03-26,1,0,164,0.0,0.0,0.0,0.0,0.0
2019-03-26,1,0,167,0.0,0.0,0.0,0.0,0.0
2019-03-26,1,0,168,0.0,0.0,0.0,0.0,0.0
2019-03-26,1,0,169,0.0,0.0,0.0,0.0,0.0
2019-03-26,1,0,170,0.0,0.0,0.0,0.0,0.0
2019-03-26,1,0,172,0.0,0.0,0.0,0.0,0.0
2019-03-26,1,0,173,0.0,0.0,0.0,0.0,0.0
2019-03-26,1,0,188,0.0,0.0,0.0,0.0,0.0
2019-03-26,1,0,190,0.0,0.0,0.0,0.0,0.0
2019-03-26,1,0,191,0.0,0.0,0.0,0.0,0.0
2019-03-26,1,0,192,75.61,75.61,0.0,869.113568,0.0
2019-03-26,1,0,194,52.05,52.05,0.0,498.065326,0.0
2019-03-26,1,0,196,0.0,0.0,0.0,0.0,0.0
2019-03-26,1,0,198,0.0,0.0,0.0,0.0,0.0
2019-03-26,1,0,199,40.69,40.69,0.0,398.391361,0.0
2019-03-26,1,0,200,0.0,0.0,0.0,0.0,0.0
2019-03-26,1,0,204,618.07,618.07,0.0,5593.402296,0.0
2019-03-26,1,0,205,875.41,875.41,0.0,7935.073381,0.0
2019-03-26,1,0,206,122.26,122.26,0.0,1068.08668,0.0
2019-03-26,1,0,210,0.0,0.0,0.0,0.0,0.0
2019-03-26,1,0,214,0.0,0.0,0.0,0.0,0.0
2019-03-26,1,0,217,0.0,0.0,0.0,0.0,0.0
2019-03-26,1,0,218,0.0,0.0,0.0,0.0,0.0
2019-03-26,1,0,219,0.0,0.0,0.0,0.0,0.0
2019-03-26,1,0,221,0.0,0.0,0.0,0.0,0.0
2019-03-26,1,0,225,0.0,0.0,0.0,0.0,0.0
2019-03-26,1,0,233,0.0,0.0,0.0,0.0,0.0
2019-03-26,1,0,236,38.01,38.01,0.0,352.424799,0.0
2019-03-26,1,0,237,156.6,156.6,0.0,1441.760203,0.0
2019-03-26,1,0,238,0.0,0.0,0.0,0.0,0.0
2019-03-26,1,0,240,0.0,0.0,0.0,0.0,0.0
2019-03-26,1,0,245,2.87,2.87,0.0,26.816351,0.0
2019-03-26,1,0,247,9.91,9.91,0.0,92.595831,0.0
2019-03-26,1,0,248,15.72,15.72,0.0,144.728419,0.0
2019-03-26,1,0,249,5.51,5.51,0.0,51.483656,0.0
2019-03-26,1,0,251,64.58,64.58,0.0,601.723546,0.0
2019-03-26,1,0,252,27.53,27.53,0.0,256.697819,0.0
2019-03-26,1,0,254,0.0,0.0,0.0,0.0,0.0
2019-03-26,1,0,255,0.0,0.0,0.0,0.0,0.0
2019-03-26,1,0,258,0.0,0.0,0.0,0.0,0.0
2019-03-26,1,0,260,0.0,0.0,0.0,0.0,0.0
2019-03-26,1,0,265,0.0,0.0,0.0,0.0,0.0
2019-03-26,1,0,266,97.0,97.0,0.0,866.878526,0.0
2019-03-26,1,0,267,119.2,119.2,0.0,1065.277529,0.0
2019-03-26,1,0,270,156.96,156.96,0.0,412.37046,0.0
2019-03-26,1,0,272,73.76,73.76,0.0,630.45449,0.0
2019-03-26,1,0,273,0.0,0.0,0.0,0.0,0.0
2019-03-26,1,0,274,202.34,202.34,0.0,531.594285,0.0
2019-03-26,1,0,275,281.66,281.66,0.0,739.98639,0.0
2019-03-26,1,0,276,0.0,0.0,0.0,0.0,0.0
2019-03-26,1,0,277,0.0,0.0,0.0,0.0,0.0
2019-03-26,1,0,278,0.0,0.0,0.0,0.0,0.0
2019-03-26,1,0,279,68.91,68.91,0.0,584.57873,0.0
2019-03-26,1,0,281,33.74,33.74,0.0,294.889813,0.0
2019-03-26,1,0,282,0.0,0.0,0.0,0.0,0.0
2019-03-26,2,0,9,0.0,0.0,0.0,0.0,0.0
2019-03-26,2,0,17,0.0,0.0,0.0,0.0,0.0
2019-03-26,2,0,19,0.0,0.0,0.0,0.0,0.0
2019-03-26,2,0,20,0.0,0.0,0.0,0.0,0.0
2019-03-26,2,0,21,0.0,0.0,0.0,0.0,0.0
2019-03-26,2,0,22,0.0,0.0,0.0,0.0,0.0
2019-03-26,2,0,23,46.03,46.03,0.0,427.481818,0.0
2019-03-26,2,0,24,81.43,81.43,0.0,756.242547,0.0
2019-03-26,2,0,29,0.0,0.0,0.0,0.0,0.0
2019-03-26,2,0,30,0.0,0.0,0.0,0.0,0.0
2019-03-26,2,0,31,36.46,36.46,0.0,338.558478,0.0
2019-03-26,2,0,32,0.0,0.0,0.0,0.0,0.0
2019-03-26,2,0,33,0.0,0.0,0.0,0.0,0.0
2019-03-26,2,0,34,0.0,0.0,0.0,0.0,0.0
2019-03-26,2,0,35,0.0,0.0,0.0,0.0,0.0
2019-03-26,2,0,36,0.0,0.0,0.0,0.0,0.0
2019-03-26,2,0,37,0.0,0.0,0.0,0.0,0.0
2019-03-26,2,0,38,0.0,0.0,0.0,0.0,0.0
2019-03-26,2,0,39,0.0,0.0,0.0,0.0,0.0
2019-03-26,2,0,40,0.0,0.0,0.0,0.0,0.0
2019-03-26,2,0,41,116.0,116.0,0.0,1085.000665,0.0
2019-03-26,2,0,42,0.0,0.0,0.0,0.0,0.0
2019-03-26,2,0,43,0.0,0.0,0.0,0.0,0.0
2019-03-26,2,0,46,0.0,0.0,0.0,0.0,0.0
2019-03-26,2,0,52,38.65,38.65,0.0,358.894273,0.0
2019-03-26,2,0,53,61.4,61.4,0.0,570.145106,0.0
2019-03-26,2,0,55,337.35,337.35,0.0,3132.978304,0.0
2019-03-26,2,0,56,0.0,0.0,0.0,0.0,0.0
2019-03-26,2,0,57,0.0,0.0,0.0,0.0,0.0
2019-03-26,2,0,58,0.0,0.0,0.0,0.0,0.0
2019-03-26,2,0,59,0.0,0.0,0.0,0.0,0.0
2019-03-26,2,0,63,44.93,44.93,0.0,470.424878,0.0
2019-03-26,2,0,64,52.86,52.86,0.0,553.453351,0.0
2019-03-26,2,0,65,3.28,3.28,0.0,31.116409,0.0
2019-03-26,2,0,67,0.0,0.0,0.0,0.0,0.0
2019-03-26,2,0,68,2.41,2.41,0.0,22.449765,0.0
2019-03-26,2,0,69,0.0,0.0,0.0,0.0,0.0
2019-03-26,2,0,74,65.28,65.28,0.0,616.650613,0.0
2019-03-26,2,0,77,64.48,64.48,0.0,590.922266,0.0
2019-03-26,2,0,78,48.75,48.75,0.0,446.765826,0.0
2019-03-26,2,0,79,28.21,28.21,0.0,258.528491,0.0
2019-03-26,2,0,80,45.62,45.62,0.0,418.081169,0.0
2019-03-26,2,0,81,59.65,59.65,0.0,546.658083,0.0
2019-03-26,2,0,82,42.07,42.07,0.0,385.547452,0.0
2019-03-26,2,0,83,93.82,93.82,0.0,859.80656,0.0
2019-03-26,2,0,84,0.0,0.0,0.0,0.0,0.0
2019-03-26,2,0,86,0.0,0.0,0.0,0.0,0.0
2019-03-26,2,0,87,0.0,0.0,0.0,0.0,0.0
2019-03-26,2,0,88,54.19,54.19,0.0,496.62031,0.0
2019-03-26,2,0,89,52.09,52.09,0.0,477.375013,0.0
2019-03-26,2,0,90,69.94,69.94,0.0,640.960038,0.0
2019-03-26,2,0,91,249.5,249.5,0.0,2286.524587,0.0
2019-03-26,2,0,92,89.73,89.73,0.0,822.324053,0.0
2019-03-26,2,0,95,22.07,22.07,0.0,230.774325,0.0
2019-03-26,2,0,96,8.03,8.03,0.0,74.553877,0.0
2019-03-26,2,0,97,49.36,49.36,0.0,458.278876,0.0
2019-03-26,2,0,99,12.6,12.6,0.0,119.022637,0.0
2019-03-26,2,0,101,0.0,0.0,0.0,0.0,0.0
2019-03-26,2,0,102,5.72,5.72,0.0,53.283261,0.0
2019-03-26,2,0,103,4.97,4.97,0.0,46.296819,0.0
2019-03-26,2,0,104,0.92,0.92,0.0,8.570035,0.0
2019-03-26,2,0,106,0.0,0.0,0.0,0.0,0.0
2019-03-26,2,0,109,170.34,170.34,0.0,1600.738828,0.0
2019-03-26,2,0,110,69.47,69.47,0.0,701.046126,0.0
2019-03-26,2,0,111,0.0,0.0,0.0,0.0,0.0
2019-03-26,2,0,113,24.14,24.14,0.0,219.63798,0.0
2019-03-26,2,0,115,24.14,24.14,0.0,219.63798,0.0
2019-03-26,2,0,116,0.0,0.0,0.0,0.0,0.0
2019-03-26,2,0,117,1.29,1.29,0.0,11.737075,0.0
2019-03-26,2,0,119,52.86,52.86,0.0,553.453351,0.0
2019-03-26,2,0,120,31.08,31.08,0.0,325.41298,0.0
2019-03-26,2,0,123,0.0,0.0,0.0,0.0,0.0
2019-03-26,2,0,125,73.69,73.69,0.0,684.360964,0.0
2019-03-26,2,0,126,0.0,0.0,0.0,0.0,0.0
2019-03-26,2,0,127,0.0,0.0,0.0,0.0,0.0
2019-03-26,2,0,128,105.55,105.55,0.0,980.24562,0.0
2019-03-26,2,0,131,7.92,7.92,0.0,73.372721,0.0
2019-03-26,2,0,132,11.65,11.65,0.0,107.928308,0.0
2019-03-26,2,0,133,0.0,0.0,0.0,0.0,0.0
2019-03-26,2,0,134,0.0,0.0,0.0,0.0,0.0
2019-03-26,2,0,135,0.0,0.0,0.0,0.0,0.0
2019-03-26,2,0,136,4.28,4.28,0.0,40.602784,0.0
2019-03-26,2,0,139,149.8,149.8,0.0,1401.14741,0.0
2019-03-26,2,0,140,51.42,51.42,0.0,518.897247,0.0
2019-03-26,2,0,141,80.39,80.39,0.0,764.211676,0.0
2019-03-26,2,0,142,0.0,0.0,0.0,0.0,0.0
2019-03-26,2,0,143,99.98,99.98,0.0,928.389377,0.0
2019-03-26,2,0,145,8.89,8.89,0.0,82.918472,0.0
2019-03-26,2,0,146,139.92,139.92,0.0,1411.981775,0.0
2019-03-26,2,0,152,0.0,0.0,0.0,0.0,0.0
2019-03-26,2,0,153,0.0,0.0,0.0,0.0,0.0
2019-03-26,2,0,154,0.0,0.0,0.0,0.0,0.0
2019-03-26,2,0,157,129.99,129.99,0.0,1235.724292,0.0
2019-03-26,2,0,158,0.0,0.0,0.0,0.0,0.0
2019-03-26,2,0,159,0.0,0.0,0.0,0.0,0.0
2019-03-26,2,0,160,0.0,0.0,0.0,0.0,0.0
2019-03-26,2,0,161,0.0,0.0,0.0,0.0,0.0
2019-03-26,2,0,162,10.94,10.94,0.0,114.401103,0.0
2019-03-26,2,0,163,47.02,47.02,0.0,474.495305,0.0
2019-03-26,2,0,164,0.0,0.0,0.0,0.0,0.0
2019-03-26,2,0,167,0.0,0.0,0.0,0.0,0.0
2019-03-26,2,0,168,0.0,0.0,0.0,0.0,0.0
2019-03-26,2,0,169,0.0,0.0,0.0,0.0,0.0
2019-03-26,2,0,170,0.0,0.0,0.0,0.0,0.0
2019-03-26,2,0,172,0.0,0.0,0.0,0.0,0.0
2019-03-26,2,0,173,0.0,0.0,0.0,0.0,0.0
2019-03-26,2,0,188,0.0,0.0,0.0,0.0,0.0
2019-03-26,2,0,190,0.0,0.0,0.0,0.0,0.0
2019-03-26,2,0,191,0.0,0.0,0.0,0.0,0.0
2019-03-26,2,0,192,68.02,68.02,0.0,712.181175,0.0
2019-03-26,2,0,194,50.84,50.84,0.0,452.211472,0.0
2019-03-26,2,0,196,0.0,0.0,0.0,0.0,0.0
2019-03-26,2,0,198,0.0,0.0,0.0,0.0,0.0
2019-03-26,2,0,199,16.26,16.26,0.0,153.734668,0.0
2019-03-26,2,0,200,0.0,0.0,0.0,0.0,0.0
2019-03-26,2,0,204,651.78,651.78,0.0,6121.704912,0.0
2019-03-26,2,0,205,836.22,836.22,0.0,7858.223685,0.0
2019-03-26,2,0,206,145.05,145.05,0.0,1346.704842,0.0
2019-03-26,2,0,210,0.0,0.0,0.0,0.0,0.0
2019-03-26,2,0,214,0.0,0.0,0.0,0.0,0.0
2019-03-26,2,0,217,0.0,0.0,0.0,0.0,0.0
2019-03-26,2,0,218,0.0,0.0,0.0,0.0,0.0
2019-03-26,2,0,219,0.0,0.0,0.0,0.0,0.0
2019-03-26,2,0,221,0.0,0.0,0.0,0.0,0.0
2019-03-26,2,0,225,0.0,0.0,0.0,0.0,0.0
2019-03-26,2,0,233,0.0,0.0,0.0,0.0,0.0
2019-03-26,2,0,236,74.04,74.04,0.0,701.061571,0.0
2019-03-26,2,0,237,156.6,156.6,0.0,1479.281342,0.0
2019-03-26,2,0,238,0.0,0.0,0.0,0.0,0.0
2019-03-26,2,0,240,0.0,0.0,0.0,0.0,0.0
2019-03-26,2,0,245,2.21,2.21,0.0,20.980363,0.0
2019-03-26,2,0,247,7.78,7.78,0.0,73.858473,0.0
2019-03-26,2,0,248,15.72,15.72,0.0,148.494909,0.0
2019-03-26,2,0,249,4.25,4.25,0.0,40.346852,0.0
2019-03-26,2,0,251,49.6,49.6,0.0,470.424745,0.0
2019-03-26,2,0,252,21.17,21.17,0.0,200.833653,0.0
2019-03-26,2,0,254,0.0,0.0,0.0,0.0,0.0
2019-03-26,2,0,255,0.0,0.0,0.0,0.0,0.0
2019-03-26,2,0,258,0.0,0.0,0.0,0.0,0.0
2019-03-26,2,0,260,0.0,0.0,0.0,0.0,0.0
2019-03-26,2,0,265,0.0,0.0,0.0,0.0,0.0
2019-03-26,2,0,266,97.0,97.0,0.0,907.285039,0.0
2019-03-26,2,0,267,119.2,119.2,0.0,1114.931718,0.0
2019-03-26,2,0,270,146.84,146.84,0.0,1481.813921,0.0
2019-03-26,2,0,272,104.12,104.12,0.0,947.336642,0.0
2019-03-26,2,0,273,0.0,0.0,0.0,0.0,0.0
2019-03-26,2,0,274,189.29,189.29,0.0,1910.191754,0.0
2019-03-26,2,0,275,263.49,263.49,0.0,2658.969968,0.0
2019-03-26,2,0,276,0.0,0.0,0.0,0.0,0.0
2019-03-26,2,0,277,0.0,0.0,0.0,0.0,0.0
2019-03-26,2,0,278,0.0,0.0,0.0,0.0,0.0
2019-03-26,2,0,279,67.06,67.06,0.0,611.918209,0.0
2019-03-26,2,0,281,16.36,16.36,0.0,151.914885,0.0
2019-03-26,2,0,282,0.0,0.0,0.0,0.0,0.0
2019-03-26,3,0,9,0.0,0.0,0.0,0.0,0.0
2019-03-26,3,0,17,0.0,0.0,0.0,0.0,0.0
2019-03-26,3,0,19,0.0,0.0,0.0,0.0,0.0
2019-03-26,3,0,20,0.0,0.0,0.0,0.0,0.0
2019-03-26,3,0,21,0.0,0.0,0.0,0.0,0.0
2019-03-26,3,0,22,0.0,0.0,0.0,0.0,0.0
2019-03-26,3,0,23,56.17,56.17,0.0,498.863231,0.0
2019-03-26,3,0,24,99.38,99.38,0.0,882.624674,0.0
2019-03-26,3,0,29,0.0,0.0,0.0,0.0,0.0
2019-03-26,3,0,30,0.0,0.0,0.0,0.0,0.0
2019-03-26,3,0,31,36.37,36.37,0.0,322.900826,0.0
2019-03-26,3,0,32,0.0,0.0,0.0,0.0,0.0
2019-03-26,3,0,33,0.0,0.0,0.0,0.0,0.0
2019-03-26,3,0,34,0.0,0.0,0.0,0.0,0.0
2019-03-26,3,0,35,0.0,0.0,0.0,0.0,0.0
2019-03-26,3,0,36,0.0,0.0,0.0,0.0,0.0
2019-03-26,3,0,37,0.0,0.0,0.0,0.0,0.0
2019-03-26,3,0,38,0.0,0.0,0.0,0.0,0.0
2019-03-26,3,0,39,0.0,0.0,0.0,0.0,0.0
2019-03-26,3,0,40,0.0,0.0,0.0,0.0,0.0
2019-03-26,3,0,41,116.0,116.0,0.0,1048.913153,0.0
2019-03-26,3,0,42,0.0,0.0,0.0,0.0,0.0
2019-03-26,3,0,43,0.0,0.0,0.0,0.0,0.0
2019-03-26,3,0,46,0.0,0.0,0.0,0.0,0.0
2019-03-26,3,0,52,38.56,38.56,0.0,342.344126,0.0
2019-03-26,3,0,53,61.25,61.25,0.0,543.790915,0.0
2019-03-26,3,0,55,371.95,371.95,0.0,3303.403575,0.0
2019-03-26,3,0,56,0.0,0.0,0.0,0.0,0.0
2019-03-26,3,0,57,0.0,0.0,0.0,0.0,0.0
2019-03-26,3,0,58,0.0,0.0,0.0,0.0,0.0
2019-03-26,3,0,59,0.0,0.0,0.0,0.0,0.0
2019-03-26,3,0,63,42.44,42.44,0.0,498.655942,0.0
2019-03-26,3,0,64,49.93,49.93,0.0,586.660961,0.0
2019-03-26,3,0,65,2.68,2.68,0.0,25.099309,0.0
2019-03-26,3,0,67,0.0,0.0,0.0,0.0,0.0
2019-03-26,3,0,68,2.48,2.48,0.0,22.195375,0.0
2019-03-26,3,0,69,0.0,0.0,0.0,0.0,0.0
2019-03-26,3,0,74,65.28,65.28,0.0,604.969514,0.0
2019-03-26,3,0,77,76.86,76.86,0.0,659.773027,0.0
2019-03-26,3,0,78,58.1,58.1,0.0,498.735531,0.0
2019-03-26,3,0,79,33.63,33.63,0.0,288.68289,0.0
2019-03-26,3,0,80,54.38,54.38,0.0,466.802722,0.0
2019-03-26,3,0,81,71.09,71.09,0.0,610.242838,0.0
2019-03-26,3,0,82,50.15,50.15,0.0,430.492029,0.0
2019-03-26,3,0,83,111.83,111.83,0.0,959.958595,0.0
2019-03-26,3,0,84,0.0,0.0,0.0,0.0,0.0
2019-03-26,3,0,86,0.0,0.0,0.0,0.0,0.0
2019-03-26,3,0,87,0.0,0.0,0.0,0.0,0.0
2019-03-26,3,0,88,62.13,62.13,0.0,533.329406,0.0
2019-03-26,3,0,89,59.73,59.73,0.0,512.727595,0.0
2019-03-26,3,0,90,80.2,80.2,0.0,688.443882,0.0
2019-03-26,3,0,91,286.07,286.07,0.0,2455.650142,0.0
2019-03-26,3,0,92,102.88,102.88,0.0,883.131005,0.0
2019-03-26,3,0,95,17.88,17.88,0.0,209.490146,0.0
2019-03-26,3,0,96,9.42,9.42,0.0,83.602385,0.0
2019-03-26,3,0,97,57.93,57.93,0.0,514.128041,0.0
2019-03-26,3,0,99,12.6,12.6,0.0,116.768013,0.0
2019-03-26,3,0,101,0.0,0.0,0.0,0.0,0.0
2019-03-26,3,0,102,5.87,5.87,0.0,52.535021,0.0
2019-03-26,3,0,103,5.1,5.1,0.0,45.643715,0.0
2019-03-26,3,0,104,0.95,0.95,0.0,8.502261,0.0
2019-03-26,3,0,106,0.0,0.0,0.0,0.0,0.0
2019-03-26,3,0,109,183.97,183.97,0.0,1683.084816,0.0
2019-03-26,3,0,110,68.57,68.57,0.0,742.700302,0.0
2019-03-26,3,0,111,0.0,0.0,0.0,0.0,0.0
2019-03-26,3,0,113,20.85,20.85,0.0,175.646177,0.0
2019-03-26,3,0,115,20.85,20.85,0.0,175.646177,0.0
2019-03-26,3,0,116,0.0,0.0,0.0,0.0,0.0
2019-03-26,3,0,117,1.07,1.07,0.0,9.013976,0.0
2019-03-26,3,0,119,49.93,49.93,0.0,586.660961,0.0
2019-03-26,3,0,120,29.36,29.36,0.0,344.970274,0.0
2019-03-26,3,0,123,0.0,0.0,0.0,0.0,0.0
2019-03-26,3,0,125,89.94,89.94,0.0,798.785099,0.0
2019-03-26,3,0,126,0.0,0.0,0.0,0.0,0.0
2019-03-26,3,0,127,0.0,0.0,0.0,0.0,0.0
2019-03-26,3,0,128,128.81,128.81,0.0,1144.001652,0.0
2019-03-26,3,0,131,8.49,8.49,0.0,74.933172,0.0
2019-03-26,3,0,132,12.48,12.48,0.0,110.149114,0.0
2019-03-26,3,0,133,1.98,1.98,0.0,18.551006,0.0
2019-03-26,3,0,134,0.0,0.0,0.0,0.0,0.0
2019-03-26,3,0,135,2.65,2.65,0.0,24.828366,0.0
2019-03-26,3,0,136,3.21,3.21,0.0,30.062369,0.0
2019-03-26,3,0,139,149.8,149.8,0.0,1354.544744,0.0
2019-03-26,3,0,140,50.75,50.75,0.0,549.68704,0.0
2019-03-26,3,0,141,88.88,88.88,0.0,836.619709,0.0
2019-03-26,3,0,142,0.0,0.0,0.0,0.0,0.0
2019-03-26,3,0,143,56.25,56.25,0.0,499.39982,0.0
2019-03-26,3,0,145,9.3,9.3,0.0,83.501113,0.0
2019-03-26,3,0,146,128.92,128.92,0.0,1396.36755,0.0
2019-03-26,3,0,152,0.0,0.0,0.0,0.0,0.0
2019-03-26,3,0,153,0.0,0.0,0.0,0.0,0.0
2019-03-26,3,0,154,0.0,0.0,0.0,0.0,0.0
2019-03-26,3,0,157,110.34,110.34,0.0,1038.620823,0.0
2019-03-26,3,0,158,0.0,0.0,0.0,0.0,0.0
2019-03-26,3,0,159,0.0,0.0,0.0,0.0,0.0
2019-03-26,3,0,160,0.0,0.0,0.0,0.0,0.0
2019-03-26,3,0,161,0.0,0.0,0.0,0.0,0.0
2019-03-26,3,0,162,9.98,9.98,0.0,116.94634,0.0
2019-03-26,3,0,163,45.67,45.67,0.0,494.664179,0.0
2019-03-26,3,0,164,0.0,0.0,0.0,0.0,0.0
2019-03-26,3,0,167,0.0,0.0,0.0,0.0,0.0
2019-03-26,3,0,168,0.0,0.0,0.0,0.0,0.0
2019-03-26,3,0,169,0.0,0.0,0.0,0.0,0.0
2019-03-26,3,0,170,0.0,0.0,0.0,0.0,0.0
2019-03-26,3,0,172,0.0,0.0,0.0,0.0,0.0
2019-03-26,3,0,173,0.0,0.0,0.0,0.0,0.0
2019-03-26,3,0,188,0.0,0.0,0.0,0.0,0.0
2019-03-26,3,0,190,0.0,0.0,0.0,0.0,0.0
2019-03-26,3,0,191,0.0,0.0,0.0,0.0,0.0
2019-03-26,3,0,192,64.95,64.95,0.0,763.140985,0.0
2019-03-26,3,0,194,52.06,52.06,0.0,412.857192,0.0
2019-03-26,3,0,196,0.0,0.0,0.0,0.0,0.0
2019-03-26,3,0,198,0.0,0.0,0.0,0.0,0.0
2019-03-26,3,0,199,15.93,15.93,0.0,147.957775,0.0
2019-03-26,3,0,200,0.0,0.0,0.0,0.0,0.0
2019-03-26,3,0,204,691.62,691.62,0.0,6318.985947,0.0
2019-03-26,3,0,205,973.21,973.21,0.0,8903.598272,0.0
2019-03-26,3,0,206,170.23,170.23,0.0,1510.789165,0.0
2019-03-26,3,0,210,0.0,0.0,0.0,0.0,0.0
2019-03-26,3,0,214,0.0,0.0,0.0,0.0,0.0
2019-03-26,3,0,217,0.0,0.0,0.0,0.0,0.0
2019-03-26,3,0,218,0.0,0.0,0.0,0.0,0.0
2019-03-26,3,0,219,0.0,0.0,0.0,0.0,0.0
2019-03-26,3,0,221,0.0,0.0,0.0,0.0,0.0
2019-03-26,3,0,225,0.0,0.0,0.0,0.0,0.0
2019-03-26,3,0,233,0.0,0.0,0.0,0.0,0.0
2019-03-26,3,0,236,132.6,132.6,0.0,1236.059938,0.0
2019-03-26,3,0,237,156.6,156.6,0.0,1451.259587,0.0
2019-03-26,3,0,238,0.0,0.0,0.0,0.0,0.0
2019-03-26,3,0,240,0.0,0.0,0.0,0.0,0.0
2019-03-26,3,0,245,3.47,3.47,0.0,32.554071,0.0
2019-03-26,3,0,247,9.67,9.67,0.0,90.719846,0.0
2019-03-26,3,0,248,15.72,15.72,0.0,145.681997,0.0
2019-03-26,3,0,249,6.67,6.67,0.0,62.575116,0.0
2019-03-26,3,0,251,38.45,38.45,0.0,359.882009,0.0
2019-03-26,3,0,252,17.31,17.31,0.0,162.115311,0.0
2019-03-26,3,0,254,0.0,0.0,0.0,0.0,0.0
2019-03-26,3,0,255,0.0,0.0,0.0,0.0,0.0
2019-03-26,3,0,258,0.0,0.0,0.0,0.0,0.0
2019-03-26,3,0,260,0.0,0.0,0.0,0.0,0.0
2019-03-26,3,0,265,0.0,0.0,0.0,0.0,0.0
2019-03-26,3,0,266,97.0,97.0,0.0,877.108412,0.0
2019-03-26,3,0,267,119.2,119.2,0.0,1077.848688,0.0
2019-03-26,3,0,270,142.63,142.63,0.0,1544.864285,0.0
2019-03-26,3,0,272,85.16,85.16,0.0,717.411435,0.0
2019-03-26,3,0,273,0.0,0.0,0.0,0.0,0.0
2019-03-26,3,0,274,183.87,183.87,0.0,1991.545931,0.0
2019-03-26,3,0,275,255.95,255.95,0.0,2772.263997,0.0
2019-03-26,3,0,276,0.0,0.0,0.0,0.0,0.0
2019-03-26,3,0,277,0.0,0.0,0.0,0.0,0.0
2019-03-26,3,0,278,0.0,0.0,0.0,0.0,0.0
2019-03-26,3,0,279,66.57,66.57,0.0,565.069324,0.0
2019-03-26,3,0,281,16.33,16.33,0.0,144.981317,0.0
2019-03-26,3,0,282,0.0,0.0,0.0,0.0,0.0
2019-03-26,4,0,9,0.0,0.0,0.0,0.0,0.0
2019-03-26,4,0,17,0.0,0.0,0.0,0.0,0.0
2019-03-26,4,0,19,23.36,23.36,0.0,188.283638,0.0
2019-03-26,4,0,20,28.33,28.33,0.0,228.342272,0.0
2019-03-26,4,0,21,0.0,0.0,0.0,0.0,0.0
2019-03-26,4,0,22,0.0,0.0,0.0,0.0,0.0
2019-03-26,4,0,23,61.26,61.26,0.0,407.54291,0.0
2019-03-26,4,0,24,101.24,101.24,0.0,673.516882,0.0
2019-03-26,4,0,29,0.0,0.0,0.0,0.0,0.0
2019-03-26,4,0,30,0.0,0.0,0.0,0.0,0.0
2019-03-26,4,0,31,36.42,36.42,0.0,241.965396,0.0
2019-03-26,4,0,32,0.0,0.0,0.0,0.0,0.0
2019-03-26,4,0,33,0.0,0.0,0.0,0.0,0.0
2019-03-26,4,0,34,0.0,0.0,0.0,0.0,0.0
2019-03-26,4,0,35,0.0,0.0,0.0,0.0,0.0
2019-03-26,4,0,36,0.0,0.0,0.0,0.0,0.0
2019-03-26,4,0,37,0.0,0.0,0.0,0.0,0.0
2019-03-26,4,0,38,0.0,0.0,0.0,0.0,0.0
2019-03-26,4,0,39,0.0,0.0,0.0,0.0,0.0
2019-03-26,4,0,40,0.0,0.0,0.0,0.0,0.0
2019-03-26,4,0,41,116.0,116.0,0.0,825.636191,0.0
2019-03-26,4,0,42,0.0,0.0,0.0,0.0,0.0
2019-03-26,4,0,43,0.0,0.0,0.0,0.0,0.0
2019-03-26,4,0,46,0.0,0.0,0.0,0.0,0.0
2019-03-26,4,0,52,38.6,38.6,0.0,256.448773,0.0
2019-03-26,4,0,53,61.33,61.33,0.0,407.461224,0.0
2019-03-26,4,0,55,411.24,411.24,0.0,2735.846332,0.0
2019-03-26,4,0,56,0.0,0.0,0.0,0.0,0.0
2019-03-26,4,0,57,0.0,0.0,0.0,0.0,0.0
2019-03-26,4,0,58,0.0,0.0,0.0,0.0,0.0
2019-03-26,4,0,59,0.0,0.0,0.0,0.0,0.0
2019-03-26,4,0,63,43.16,43.16,0.0,644.492177,0.0
2019-03-26,4,0,64,50.78,50.78,0.0,758.278794,0.0
2019-03-26,4,0,65,2.42,2.42,0.0,19.481271,0.0
2019-03-26,4,0,67,0.0,0.0,0.0,0.0,0.0
2019-03-26,4,0,68,2.56,2.56,0.0,17.536588,0.0
2019-03-26,4,0,69,0.0,0.0,0.0,0.0,0.0
2019-03-26,4,0,74,65.28,65.28,0.0,507.023199,0.0
2019-03-26,4,0,77,90.92,90.92,0.0,526.8539,0.0
2019-03-26,4,0,78,68.74,68.74,0.0,398.327508,0.0
2019-03-26,4,0,79,39.78,39.78,0.0,230.513068,0.0
2019-03-26,4,0,80,64.33,64.33,0.0,372.772892,0.0
2019-03-26,4,0,81,84.1,84.1,0.0,487.334062,0.0
2019-03-26,4,0,82,59.33,59.33,0.0,343.799405,0.0
2019-03-26,4,0,83,132.29,132.29,0.0,766.580536,0.0
2019-03-26,4,0,84,0.0,0.0,0.0,0.0,0.0
2019-03-26,4,0,86,0.0,0.0,0.0,0.0,0.0
2019-03-26,4,0,87,0.0,0.0,0.0,0.0,0.0
2019-03-26,4,0,88,71.86,71.86,0.0,416.406965,0.0
2019-03-26,4,0,89,69.08,69.08,0.0,400.297705,0.0
2019-03-26,4,0,90,92.75,92.75,0.0,537.458196,0.0
2019-03-26,4,0,91,330.87,330.87,0.0,1917.291572,0.0
2019-03-26,4,0,92,118.99,118.99,0.0,689.511059,0.0
2019-03-26,4,0,95,33.53,33.53,0.0,497.475865,0.0
2019-03-26,4,0,96,11.01,11.01,0.0,73.044998,0.0
2019-03-26,4,0,97,67.7,67.7,0.0,449.150439,0.0
2019-03-26,4,0,99,12.6,12.6,0.0,97.862934,0.0
2019-03-26,4,0,101,0.0,0.0,0.0,0.0,0.0
2019-03-26,4,0,102,6.05,6.05,0.0,41.44389,0.0
2019-03-26,4,0,103,5.26,5.26,0.0,36.032208,0.0
2019-03-26,4,0,104,0.98,0.98,0.0,6.713225,0.0
2019-03-26,4,0,106,0.0,0.0,0.0,0.0,0.0
2019-03-26,4,0,109,194.54,194.54,0.0,1444.364401,0.0
2019-03-26,4,0,110,69.25,69.25,0.0,850.496245,0.0
2019-03-26,4,0,111,0.0,0.0,0.0,0.0,0.0
2019-03-26,4,0,113,12.52,12.52,0.0,66.773894,0.0
2019-03-26,4,0,115,12.52,12.52,0.0,66.773894,0.0
2019-03-26,4,0,116,0.0,0.0,0.0,0.0,0.0
2019-03-26,4,0,117,0.83,0.83,0.0,4.426704,0.0
2019-03-26,4,0,119,50.78,50.78,0.0,758.278794,0.0
2019-03-26,4,0,120,29.86,29.86,0.0,445.888239,0.0
2019-03-26,4,0,123,0.0,0.0,0.0,0.0,0.0
2019-03-26,4,0,125,92.9,92.9,0.0,618.033567,0.0
2019-03-26,4,0,126,0.0,0.0,0.0,0.0,0.0
2019-03-26,4,0,127,0.0,0.0,0.0,0.0,0.0
2019-03-26,4,0,128,126.16,126.16,0.0,839.301559,0.0
2019-03-26,4,0,131,9.12,9.12,0.0,59.217612,0.0
2019-03-26,4,0,132,13.4,13.4,0.0,87.008333,0.0
2019-03-26,4,0,133,7.79,7.79,0.0,62.795401,0.0
2019-03-26,4,0,134,0.0,0.0,0.0,0.0,0.0
2019-03-26,4,0,135,10.75,10.75,0.0,86.656041,0.0
2019-03-26,4,0,136,2.46,2.46,0.0,19.801929,0.0
2019-03-26,4,0,139,149.8,149.8,0.0,1066.209494,0.0
2019-03-26,4,0,140,51.25,51.25,0.0,629.428629,0.0
2019-03-26,4,0,141,98.02,98.02,0.0,802.511905,0.0
2019-03-26,4,0,142,0.0,0.0,0.0,0.0,0.0
2019-03-26,4,0,143,59.8,59.8,0.0,397.296285,0.0
2019-03-26,4,0,145,9.81,9.81,0.0,68.018193,0.0
2019-03-26,4,0,146,118.44,118.44,0.0,1454.624913,0.0
2019-03-26,4,0,152,0.0,0.0,0.0,0.0,0.0
2019-03-26,4,0,153,0.0,0.0,0.0,0.0,0.0
2019-03-26,4,0,154,0.0,0.0,0.0,0.0,0.0
2019-03-26,4,0,157,93.12,93.12,0.0,762.394497,0.0
2019-03-26,4,0,158,0.0,0.0,0.0,0.0,0.0
2019-03-26,4,0,159,0.0,0.0,0.0,0.0,0.0
2019-03-26,4,0,160,0.0,0.0,0.0,0.0,0.0
2019-03-26,4,0,161,0.0,0.0,0.0,0.0,0.0
2019-03-26,4,0,162,9.23,9.23,0.0,136.98624,0.0
2019-03-26,4,0,163,45.89,45.89,0.0,563.599605,0.0
2019-03-26,4,0,164,0.0,0.0,0.0,0.0,0.0
2019-03-26,4,0,167,0.0,0.0,0.0,0.0,0.0
2019-03-26,4,0,168,0.0,0.0,0.0,0.0,0.0
2019-03-26,4,0,169,0.0,0.0,0.0,0.0,0.0
2019-03-26,4,0,170,0.0,0.0,0.0,0.0,0.0
2019-03-26,4,0,172,0.0,0.0,0.0,0.0,0.0
2019-03-26,4,0,173,0.0,0.0,0.0,0.0,0.0
2019-03-26,4,0,188,0.0,0.0,0.0,0.0,0.0
2019-03-26,4,0,190,0.0,0.0,0.0,0.0,0.0
2019-03-26,4,0,191,0.0,0.0,0.0,0.0,0.0
2019-03-26,4,0,192,65.45,65.45,0.0,977.340431,0.0
2019-03-26,4,0,194,55.8,55.8,0.0,218.052914,0.0
2019-03-26,4,0,196,0.0,0.0,0.0,0.0,0.0
2019-03-26,4,0,198,0.0,0.0,0.0,0.0,0.0
2019-03-26,4,0,199,15.62,15.62,0.0,122.252021,0.0
2019-03-26,4,0,200,0.0,0.0,0.0,0.0,0.0
2019-03-26,4,0,204,733.59,733.59,0.0,5420.729156,0.0
2019-03-26,4,0,205,1029.1,1029.1,0.0,7640.564437,0.0
2019-03-26,4,0,206,198.93,198.93,0.0,1319.785774,0.0
2019-03-26,4,0,210,0.0,0.0,0.0,0.0,0.0
2019-03-26,4,0,214,0.0,0.0,0.0,0.0,0.0
2019-03-26,4,0,217,0.0,0.0,0.0,0.0,0.0
2019-03-26,4,0,218,0.0,0.0,0.0,0.0,0.0
2019-03-26,4,0,219,0.0,0.0,0.0,0.0,0.0
2019-03-26,4,0,221,0.0,0.0,0.0,0.0,0.0
2019-03-26,4,0,225,0.0,0.0,0.0,0.0,0.0
2019-03-26,4,0,233,0.0,0.0,0.0,0.0,0.0
2019-03-26,4,0,236,159.03,159.03,0.0,1260.150646,0.0
2019-03-26,4,0,237,156.6,156.6,0.0,1216.296461,0.0
2019-03-26,4,0,238,0.0,0.0,0.0,0.0,0.0
2019-03-26,4,0,240,0.0,0.0,0.0,0.0,0.0
2019-03-26,4,0,245,7.37,7.37,0.0,59.673186,0.0
2019-03-26,4,0,247,16.39,16.39,0.0,132.706041,0.0
2019-03-26,4,0,248,15.72,15.72,0.0,122.09566,0.0
2019-03-26,4,0,249,14.18,14.18,0.0,114.812181,0.0
2019-03-26,4,0,251,30.82,30.82,0.0,247.599699,0.0
2019-03-26,4,0,252,15.63,15.63,0.0,125.823252,0.0
2019-03-26,4,0,254,0.0,0.0,0.0,0.0,0.0
2019-03-26,4,0,255,0.0,0.0,0.0,0.0,0.0
2019-03-26,4,0,258,0.0,0.0,0.0,0.0,0.0
2019-03-26,4,0,260,0.0,0.0,0.0,0.0,0.0
2019-03-26,4,0,265,0.0,0.0,0.0,0.0,0.0
2019-03-26,4,0,266,97.0,97.0,0.0,690.402677,0.0
2019-03-26,4,0,267,119.2,119.2,0.0,848.412361,0.0
2019-03-26,4,0,270,143.32,143.32,0.0,1760.189484,0.0
2019-03-26,4,0,272,41.83,41.83,0.0,223.095205,0.0
2019-03-26,4,0,273,0.0,0.0,0.0,0.0,0.0
2019-03-26,4,0,274,184.75,184.75,0.0,2269.013447,0.0
2019-03-26,4,0,275,257.18,257.18,0.0,3158.56497,0.0
2019-03-26,4,0,276,0.0,0.0,0.0,0.0,0.0
2019-03-26,4,0,277,0.0,0.0,0.0,0.0,0.0
2019-03-26,4,0,278,0.0,0.0,0.0,0.0,0.0
2019-03-26,4,0,279,67.51,67.51,0.0,372.542356,0.0
2019-03-26,4,0,281,16.34,16.34,0.0,108.558885,0.0
2019-03-26,4,0,282,0.0,0.0,0.0,0.0,0.0
2019-03-26,5,0,9,0.0,0.0,0.0,0.0,0.0
2019-03-26,5,0,17,0.0,0.0,0.0,0.0,0.0
2019-03-26,5,0,19,100.88,100.88,0.0,1049.744095,0.0
2019-03-26,5,0,20,122.35,122.35,0.0,1273.158109,0.0
2019-03-26,5,0,21,0.0,0.0,0.0,0.0,0.0
2019-03-26,5,0,22,0.0,0.0,0.0,0.0,0.0
2019-03-26,5,0,23,51.26,51.26,0.0,411.784248,0.0
2019-03-26,5,0,24,90.69,90.69,0.0,728.535182,0.0
2019-03-26,5,0,29,0.0,0.0,0.0,0.0,0.0
2019-03-26,5,0,30,0.0,0.0,0.0,0.0,0.0
2019-03-26,5,0,31,29.83,29.83,0.0,239.254684,0.0
2019-03-26,5,0,32,0.0,0.0,0.0,0.0,0.0
2019-03-26,5,0,33,0.0,0.0,0.0,0.0,0.0
2019-03-26,5,0,34,0.0,0.0,0.0,0.0,0.0
2019-03-26,5,0,35,0.0,0.0,0.0,0.0,0.0
2019-03-26,5,0,36,0.0,0.0,0.0,0.0,0.0
2019-03-26,5,0,37,0.0,0.0,0.0,0.0,0.0
2019-03-26,5,0,38,0.0,0.0,0.0,0.0,0.0
2019-03-26,5,0,39,0.0,0.0,0.0,0.0,0.0
2019-03-26,5,0,40,0.0,0.0,0.0,0.0,0.0
2019-03-26,5,0,41,116.0,116.0,0.0,1011.650721,0.0
2019-03-26,5,0,42,0.0,0.0,0.0,0.0,0.0
2019-03-26,5,0,43,0.0,0.0,0.0,0.0,0.0
2019-03-26,5,0,46,0.0,0.0,0.0,0.0,0.0
2019-03-26,5,0,52,31.62,31.62,0.0,253.611569,0.0
2019-03-26,5,0,53,50.24,50.24,0.0,402.955257,0.0
2019-03-26,5,0,55,233.33,233.33,0.0,1874.397552,0.0
2019-03-26,5,0,56,0.0,0.0,0.0,0.0,0.0
2019-03-26,5,0,57,0.0,0.0,0.0,0.0,0.0
2019-03-26,5,0,58,0.0,0.0,0.0,0.0,0.0
2019-03-26,5,0,59,0.0,0.0,0.0,0.0,0.0
2019-03-26,5,0,63,36.45,36.45,0.0,550.349028,0.0
2019-03-26,5,0,64,42.88,42.88,0.0,647.433918,0.0
2019-03-26,5,0,65,2.09,2.09,0.0,21.70256,0.0
2019-03-26,5,0,67,0.0,0.0,0.0,0.0,0.0
2019-03-26,5,0,68,2.09,2.09,0.0,16.205245,0.0
2019-03-26,5,0,69,0.0,0.0,0.0,0.0,0.0
2019-03-26,5,0,74,65.28,65.28,0.0,638.779612,0.0
2019-03-26,5,0,77,72.93,72.93,0.0,497.709597,0.0
2019-03-26,5,0,78,55.14,55.14,0.0,376.302032,0.0
2019-03-26,5,0,79,31.91,31.91,0.0,217.769275,0.0
2019-03-26,5,0,80,51.6,51.6,0.0,352.143359,0.0
2019-03-26,5,0,81,67.46,67.46,0.0,460.379671,0.0
2019-03-26,5,0,82,47.59,47.59,0.0,324.77718,0.0
2019-03-26,5,0,83,106.12,106.12,0.0,724.214211,0.0
2019-03-26,5,0,84,0.0,0.0,0.0,0.0,0.0
2019-03-26,5,0,86,0.0,0.0,0.0,0.0,0.0
2019-03-26,5,0,87,0.0,0.0,0.0,0.0,0.0
2019-03-26,5,0,88,59.42,59.42,0.0,405.510822,0.0
2019-03-26,5,0,89,57.13,57.13,0.0,389.882754,0.0
2019-03-26,5,0,90,76.7,76.7,0.0,523.4379,0.0
2019-03-26,5,0,91,273.61,273.61,0.0,1867.246987,0.0
2019-03-26,5,0,92,98.4,98.4,0.0,671.529197,0.0
2019-03-26,5,0,95,11.02,11.02,0.0,165.153702,0.0
2019-03-26,5,0,96,8.38,8.38,0.0,67.101972,0.0
2019-03-26,5,0,97,51.54,51.54,0.0,412.701151,0.0
2019-03-26,5,0,99,12.6,12.6,0.0,123.293859,0.0
2019-03-26,5,0,101,0.0,0.0,0.0,0.0,0.0
2019-03-26,5,0,102,4.94,4.94,0.0,38.303306,0.0
2019-03-26,5,0,103,4.3,4.3,0.0,33.340935,0.0
2019-03-26,5,0,104,0.8,0.8,0.0,6.202965,0.0
2019-03-26,5,0,106,0.0,0.0,0.0,0.0,0.0
2019-03-26,5,0,109,146.03,146.03,0.0,1329.350439,0.0
2019-03-26,5,0,110,61.59,61.59,0.0,781.178368,0.0
2019-03-26,5,0,111,0.0,0.0,0.0,0.0,0.0
2019-03-26,5,0,113,25.71,25.71,0.0,162.255999,0.0
2019-03-26,5,0,115,25.71,25.71,0.0,162.255999,0.0
2019-03-26,5,0,116,0.0,0.0,0.0,0.0,0.0
2019-03-26,5,0,117,1.24,1.24,0.0,7.825649,0.0
2019-03-26,5,0,119,42.88,42.88,0.0,647.433918,0.0
2019-03-26,5,0,120,25.21,25.21,0.0,380.639204,0.0
2019-03-26,5,0,123,0.0,0.0,0.0,0.0,0.0
2019-03-26,5,0,125,82.07,82.07,0.0,659.288592,0.0
2019-03-26,5,0,126,0.0,0.0,0.0,0.0,0.0
2019-03-26,5,0,127,0.0,0.0,0.0,0.0,0.0
2019-03-26,5,0,128,117.54,117.54,0.0,944.227867,0.0
2019-03-26,5,0,131,7.24,7.24,0.0,53.790335,0.0
2019-03-26,5,0,132,10.64,10.64,0.0,79.050989,0.0
2019-03-26,5,0,133,11.19,11.19,0.0,116.464733,0.0
2019-03-26,5,0,134,0.0,0.0,0.0,0.0,0.0
2019-03-26,5,0,135,15.95,15.95,0.0,166.006479,0.0
2019-03-26,5,0,136,1.65,1.65,0.0,17.131619,0.0
2019-03-26,5,0,139,149.8,149.8,0.0,1306.42481,0.0
2019-03-26,5,0,140,45.58,45.58,0.0,578.115117,0.0
2019-03-26,5,0,141,74.81,74.81,0.0,670.840295,0.0
2019-03-26,5,0,142,0.0,0.0,0.0,0.0,0.0
2019-03-26,5,0,143,94.27,94.27,0.0,756.102549,0.0
2019-03-26,5,0,145,8.14,8.14,0.0,68.563421,0.0
2019-03-26,5,0,146,117.93,117.93,0.0,1495.768225,0.0
2019-03-26,5,0,152,0.0,0.0,0.0,0.0,0.0
2019-03-26,5,0,153,0.0,0.0,0.0,0.0,0.0
2019-03-26,5,0,154,0.0,0.0,0.0,0.0,0.0
2019-03-26,5,0,157,89.93,89.93,0.0,806.42518,0.0
2019-03-26,5,0,158,0.0,0.0,0.0,0.0,0.0
2019-03-26,5,0,159,0.0,0.0,0.0,0.0,0.0
2019-03-26,5,0,160,0.0,0.0,0.0,0.0,0.0
2019-03-26,5,0,161,0.0,0.0,0.0,0.0,0.0
2019-03-26,5,0,162,8.29,8.29,0.0,124.279067,0.0
2019-03-26,5,0,163,38.3,38.3,0.0,485.779047,0.0
2019-03-26,5,0,164,0.0,0.0,0.0,0.0,0.0
2019-03-26,5,0,167,0.0,0.0,0.0,0.0,0.0
2019-03-26,5,0,168,0.0,0.0,0.0,0.0,0.0
2019-03-26,5,0,169,0.0,0.0,0.0,0.0,0.0
2019-03-26,5,0,170,0.0,0.0,0.0,0.0,0.0
2019-03-26,5,0,172,0.0,0.0,0.0,0.0,0.0
2019-03-26,5,0,173,0.0,0.0,0.0,0.0,0.0
2019-03-26,5,0,188,0.0,0.0,0.0,0.0,0.0
2019-03-26,5,0,190,0.0,0.0,0.0,0.0,0.0
2019-03-26,5,0,191,0.0,0.0,0.0,0.0,0.0
2019-03-26,5,0,192,49.36,49.36,0.0,745.273745,0.0
2019-03-26,5,0,194,48.33,48.33,0.0,238.199916,0.0
2019-03-26,5,0,196,0.0,0.0,0.0,0.0,0.0
2019-03-26,5,0,198,0.0,0.0,0.0,0.0,0.0
2019-03-26,5,0,199,12.07,12.07,0.0,98.717105,0.0
2019-03-26,5,0,200,0.0,0.0,0.0,0.0,0.0
2019-03-26,5,0,204,583.43,583.43,0.0,5274.270774,0.0
2019-03-26,5,0,205,772.51,772.51,0.0,7032.36669,0.0
2019-03-26,5,0,206,151.44,151.44,0.0,1212.639935,0.0
2019-03-26,5,0,210,0.0,0.0,0.0,0.0,0.0
2019-03-26,5,0,214,0.0,0.0,0.0,0.0,0.0
2019-03-26,5,0,217,0.0,0.0,0.0,0.0,0.0
2019-03-26,5,0,218,0.0,0.0,0.0,0.0,0.0
2019-03-26,5,0,219,0.0,0.0,0.0,0.0,0.0
2019-03-26,5,0,221,0.0,0.0,0.0,0.0,0.0
2019-03-26,5,0,225,0.0,0.0,0.0,0.0,0.0
2019-03-26,5,0,233,0.0,0.0,0.0,0.0,0.0
2019-03-26,5,0,236,159.03,159.03,0.0,1606.849086,0.0
2019-03-26,5,0,237,156.6,156.6,0.0,1532.366532,0.0
2019-03-26,5,0,238,0.0,0.0,0.0,0.0,0.0
2019-03-26,5,0,240,0.0,0.0,0.0,0.0,0.0
2019-03-26,5,0,245,13.56,13.56,0.0,142.194076,0.0
2019-03-26,5,0,247,25.0,25.0,0.0,262.157219,0.0
2019-03-26,5,0,248,15.72,15.72,0.0,153.823767,0.0
2019-03-26,5,0,249,26.08,26.08,0.0,273.482411,0.0
2019-03-26,5,0,251,27.49,27.49,0.0,284.469118,0.0
2019-03-26,5,0,252,13.48,13.48,0.0,139.976321,0.0
2019-03-26,5,0,254,0.0,0.0,0.0,0.0,0.0
2019-03-26,5,0,255,0.0,0.0,0.0,0.0,0.0
2019-03-26,5,0,258,0.0,0.0,0.0,0.0,0.0
2019-03-26,5,0,260,0.0,0.0,0.0,0.0,0.0
2019-03-26,5,0,265,0.0,0.0,0.0,0.0,0.0
2019-03-26,5,0,266,97.0,97.0,0.0,845.94931,0.0
2019-03-26,5,0,267,119.2,119.2,0.0,1039.558327,0.0
2019-03-26,5,0,270,119.61,119.61,0.0,1517.076549,0.0
2019-03-26,5,0,272,88.37,88.37,0.0,557.703719,0.0
2019-03-26,5,0,273,0.0,0.0,0.0,0.0,0.0
2019-03-26,5,0,274,154.19,154.19,0.0,1955.672879,0.0
2019-03-26,5,0,275,214.63,214.63,0.0,2722.265192,0.0
2019-03-26,5,0,276,0.0,0.0,0.0,0.0,0.0
2019-03-26,5,0,277,0.0,0.0,0.0,0.0,0.0
2019-03-26,5,0,278,0.0,0.0,0.0,0.0,0.0
2019-03-26,5,0,279,57.5,57.5,0.0,374.719928,0.0
2019-03-26,5,0,281,13.39,13.39,0.0,107.395917,0.0
2019-03-26,5,0,282,0.0,0.0,0.0,0.0,0.0
2019-03-26,6,0,9,0.0,0.0,0.0,0.0,0.0
2019-03-26,6,0,17,0.0,0.0,0.0,0.0,0.0
2019-03-26,6,0,19,269.92,269.92,0.0,3459.077767,0.0
2019-03-26,6,0,20,327.36,327.36,0.0,4195.182639,0.0
2019-03-26,6,0,21,0.0,0.0,0.0,0.0,0.0
2019-03-26,6,0,22,0.0,0.0,0.0,0.0,0.0
2019-03-26,6,0,23,39.89,39.89,0.0,380.974209,0.0
2019-03-26,6,0,24,70.58,70.58,0.0,674.082719,0.0
2019-03-26,6,0,29,0.0,0.0,0.0,0.0,0.0
2019-03-26,6,0,30,0.0,0.0,0.0,0.0,0.0
2019-03-26,6,0,31,24.13,24.13,0.0,230.060599,0.0
2019-03-26,6,0,32,0.0,0.0,0.0,0.0,0.0
2019-03-26,6,0,33,0.0,0.0,0.0,0.0,0.0
2019-03-26,6,0,34,0.0,0.0,0.0,0.0,0.0
2019-03-26,6,0,35,0.0,0.0,0.0,0.0,0.0
2019-03-26,6,0,36,0.0,0.0,0.0,0.0,0.0
2019-03-26,6,0,37,0.0,0.0,0.0,0.0,0.0
2019-03-26,6,0,38,0.0,0.0,0.0,0.0,0.0
2019-03-26,6,0,39,0.0,0.0,0.0,0.0,0.0
2019-03-26,6,0,40,0.0,0.0,0.0,0.0,0.0
2019-03-26,6,0,41,116.0,116.0,0.0,1213.09615,0.0
2019-03-26,6,0,42,0.0,0.0,0.0,0.0,0.0
2019-03-26,6,0,43,0.0,0.0,0.0,0.0,0.0
2019-03-26,6,0,46,0.0,0.0,0.0,0.0,0.0
2019-03-26,6,0,52,25.57,25.57,0.0,243.789868,0.0
2019-03-26,6,0,53,40.6,40.6,0.0,387.089114,0.0
2019-03-26,6,0,55,72.68,72.68,0.0,694.13902,0.0
2019-03-26,6,0,56,0.0,0.0,0.0,0.0,0.0
2019-03-26,6,0,57,0.0,0.0,0.0,0.0,0.0
2019-03-26,6,0,58,0.0,0.0,0.0,0.0,0.0
2019-03-26,6,0,59,0.0,0.0,0.0,0.0,0.0
2019-03-26,6,0,63,32.39,32.39,0.0,532.484706,0.0
2019-03-26,6,0,64,38.11,38.11,0.0,626.520289,0.0
2019-03-26,6,0,65,2.53,2.53,0.0,32.341064,0.0
2019-03-26,6,0,67,0.0,0.0,0.0,0.0,0.0
2019-03-26,6,0,68,1.76,1.76,0.0,15.689099,0.0
2019-03-26,6,0,69,0.0,0.0,0.0,0.0,0.0
2019-03-26,6,0,74,65.28,65.28,0.0,777.438876,0.0
2019-03-26,6,0,77,61.08,61.08,0.0,487.728904,0.0
2019-03-26,6,0,78,46.17,46.17,0.0,368.671308,0.0
2019-03-26,6,0,79,26.72,26.72,0.0,213.361433,0.0
2019-03-26,6,0,80,43.21,43.21,0.0,345.035461,0.0
2019-03-26,6,0,81,56.5,56.5,0.0,451.157222,0.0
2019-03-26,6,0,82,39.85,39.85,0.0,318.20558,0.0
2019-03-26,6,0,83,88.87,88.87,0.0,709.634377,0.0
2019-03-26,6,0,84,0.0,0.0,0.0,0.0,0.0
2019-03-26,6,0,86,0.0,0.0,0.0,0.0,0.0
2019-03-26,6,0,87,0.0,0.0,0.0,0.0,0.0
2019-03-26,6,0,88,51.44,51.44,0.0,410.752699,0.0
2019-03-26,6,0,89,49.45,49.45,0.0,394.862382,0.0
2019-03-26,6,0,90,66.39,66.39,0.0,530.129698,0.0
2019-03-26,6,0,91,236.84,236.84,0.0,1891.187192,0.0
2019-03-26,6,0,92,85.18,85.18,0.0,680.169418,0.0
2019-03-26,6,0,95,8.22,8.22,0.0,134.0358,0.0
2019-03-26,6,0,96,6.61,6.61,0.0,62.907833,0.0
2019-03-26,6,0,97,40.64,40.64,0.0,386.773726,0.0
2019-03-26,6,0,99,12.6,12.6,0.0,150.057136,0.0
2019-03-26,6,0,101,0.0,0.0,0.0,0.0,0.0
2019-03-26,6,0,102,4.16,4.16,0.0,37.083326,0.0
2019-03-26,6,0,103,3.62,3.62,0.0,32.269625,0.0
2019-03-26,6,0,104,0.67,0.67,0.0,5.972555,0.0
2019-03-26,6,0,106,0.0,0.0,0.0,0.0,0.0
2019-03-26,6,0,109,106.85,106.85,0.0,1167.648106,0.0
2019-03-26,6,0,110,59.85,59.85,0.0,835.545774,0.0
2019-03-26,6,0,111,0.0,0.0,0.0,0.0,0.0
2019-03-26,6,0,113,29.96,29.96,0.0,221.318959,0.0
2019-03-26,6,0,115,29.96,29.96,0.0,221.318959,0.0
2019-03-26,6,0,116,0.0,0.0,0.0,0.0,0.0
2019-03-26,6,0,117,1.19,1.19,0.0,8.790706,0.0
2019-03-26,6,0,119,38.11,38.11,0.0,626.520289,0.0
2019-03-26,6,0,120,22.41,22.41,0.0,368.41563,0.0
2019-03-26,6,0,123,0.0,0.0,0.0,0.0,0.0
2019-03-26,6,0,125,63.87,63.87,0.0,609.998062,0.0
2019-03-26,6,0,126,0.0,0.0,0.0,0.0,0.0
2019-03-26,6,0,127,0.0,0.0,0.0,0.0,0.0
2019-03-26,6,0,128,91.47,91.47,0.0,873.595158,0.0
2019-03-26,6,0,131,6.06,6.06,0.0,52.00992,0.0
2019-03-26,6,0,132,8.91,8.91,0.0,76.470031,0.0
2019-03-26,6,0,133,21.42,21.42,0.0,274.566419,0.0
2019-03-26,6,0,134,0.0,0.0,0.0,0.0,0.0
2019-03-26,6,0,135,28.7,28.7,0.0,367.883111,0.0
2019-03-26,6,0,136,2.01,2.01,0.0,25.690339,0.0
2019-03-26,6,0,139,149.8,149.8,0.0,1566.567269,0.0
2019-03-26,6,0,140,44.29,44.29,0.0,618.317833,0.0
2019-03-26,6,0,141,60.78,60.78,0.0,617.312575,0.0
2019-03-26,6,0,142,0.0,0.0,0.0,0.0,0.0
2019-03-26,6,0,143,136.79,136.79,0.0,1304.18522,0.0
2019-03-26,6,0,145,6.89,6.89,0.0,69.261862,0.0
2019-03-26,6,0,146,128.35,128.35,0.0,1791.851296,0.0
2019-03-26,6,0,152,0.0,0.0,0.0,0.0,0.0
2019-03-26,6,0,153,0.0,0.0,0.0,0.0,0.0
2019-03-26,6,0,154,0.0,0.0,0.0,0.0,0.0
2019-03-26,6,0,157,95.03,95.03,0.0,965.172985,0.0
2019-03-26,6,0,158,0.0,0.0,0.0,0.0,0.0
2019-03-26,6,0,159,0.0,0.0,0.0,0.0,0.0
2019-03-26,6,0,160,0.0,0.0,0.0,0.0,0.0
2019-03-26,6,0,161,0.0,0.0,0.0,0.0,0.0
2019-03-26,6,0,162,7.48,7.48,0.0,122.008175,0.0
2019-03-26,6,0,163,33.62,33.62,0.0,469.357542,0.0
2019-03-26,6,0,164,0.0,0.0,0.0,0.0,0.0
2019-03-26,6,0,167,0.0,0.0,0.0,0.0,0.0
2019-03-26,6,0,168,0.0,0.0,0.0,0.0,0.0
2019-03-26,6,0,169,0.0,0.0,0.0,0.0,0.0
2019-03-26,6,0,170,0.0,0.0,0.0,0.0,0.0
2019-03-26,6,0,172,0.0,0.0,0.0,0.0,0.0
2019-03-26,6,0,173,0.0,0.0,0.0,0.0,0.0
2019-03-26,6,0,188,0.0,0.0,0.0,0.0,0.0
2019-03-26,6,0,190,0.0,0.0,0.0,0.0,0.0
2019-03-26,6,0,191,0.0,0.0,0.0,0.0,0.0
2019-03-26,6,0,192,37.1,37.1,0.0,609.916104,0.0
2019-03-26,6,0,194,44.37,44.37,0.0,261.986731,0.0
2019-03-26,6,0,196,0.0,0.0,0.0,0.0,0.0
2019-03-26,6,0,198,0.0,0.0,0.0,0.0,0.0
2019-03-26,6,0,199,9.13,9.13,0.0,82.145311,0.0
2019-03-26,6,0,200,0.0,0.0,0.0,0.0,0.0
2019-03-26,6,0,204,457.43,457.43,0.0,4958.284981,0.0
2019-03-26,6,0,205,565.26,565.26,0.0,6177.115286,0.0
2019-03-26,6,0,206,119.41,119.41,0.0,1136.433331,0.0
2019-03-26,6,0,210,0.0,0.0,0.0,0.0,0.0
2019-03-26,6,0,214,0.0,0.0,0.0,0.0,0.0
2019-03-26,6,0,217,0.0,0.0,0.0,0.0,0.0
2019-03-26,6,0,218,0.0,0.0,0.0,0.0,0.0
2019-03-26,6,0,219,0.0,0.0,0.0,0.0,0.0
2019-03-26,6,0,221,0.0,0.0,0.0,0.0,0.0
2019-03-26,6,0,225,0.0,0.0,0.0,0.0,0.0
2019-03-26,6,0,233,0.0,0.0,0.0,0.0,0.0
2019-03-26,6,0,236,159.03,159.03,0.0,1967.232225,0.0
2019-03-26,6,0,237,156.6,156.6,0.0,1864.995834,0.0
2019-03-26,6,0,238,0.0,0.0,0.0,0.0,0.0
2019-03-26,6,0,240,0.0,0.0,0.0,0.0,0.0
2019-03-26,6,0,245,22.98,22.98,0.0,297.211463,0.0
2019-03-26,6,0,247,37.55,37.55,0.0,485.652325,0.0
2019-03-26,6,0,248,15.72,15.72,0.0,187.214141,0.0
2019-03-26,6,0,249,44.2,44.2,0.0,571.659993,0.0
2019-03-26,6,0,251,30.41,30.41,0.0,387.125873,0.0
2019-03-26,6,0,252,16.32,16.32,0.0,208.619036,0.0
2019-03-26,6,0,254,0.0,0.0,0.0,0.0,0.0
2019-03-26,6,0,255,0.0,0.0,0.0,0.0,0.0
2019-03-26,6,0,258,0.0,0.0,0.0,0.0,0.0
2019-03-26,6,0,260,0.0,0.0,0.0,0.0,0.0
2019-03-26,6,0,265,0.0,0.0,0.0,0.0,0.0
2019-03-26,6,0,266,97.0,97.0,0.0,1014.399367,0.0
2019-03-26,6,0,267,119.2,119.2,0.0,1246.560871,0.0
2019-03-26,6,0,270,104.99,104.99,0.0,1465.730172,0.0
2019-03-26,6,0,272,105.74,105.74,0.0,781.117047,0.0
2019-03-26,6,0,273,0.0,0.0,0.0,0.0,0.0
2019-03-26,6,0,274,135.34,135.34,0.0,1889.436341,0.0
2019-03-26,6,0,275,188.4,188.4,0.0,2630.189202,0.0
2019-03-26,6,0,276,0.0,0.0,0.0,0.0,0.0
2019-03-26,6,0,277,0.0,0.0,0.0,0.0,0.0
2019-03-26,6,0,278,0.0,0.0,0.0,0.0,0.0
2019-03-26,6,0,279,50.58,50.58,0.0,385.767091,0.0
2019-03-26,6,0,281,10.85,10.85,0.0,103.446229,0.0
2019-03-26,6,0,282,0.0,0.0,0.0,0.0,0.0
2019-03-26,7,0,9,0.0,0.0,0.0,0.0,0.0
2019-03-26,7,0,17,0.0,0.0,0.0,0.0,0.0
2019-03-26,7,0,19,564.5,564.5,0.0,3052.201826,0.0
2019-03-26,7,0,20,684.63,684.63,0.0,3701.734164,0.0
2019-03-26,7,0,21,0.0,0.0,0.0,0.0,0.0
2019-03-26,7,0,22,0.0,0.0,0.0,0.0,0.0
2019-03-26,7,0,23,32.73,32.73,0.0,275.779954,0.0
2019-03-26,7,0,24,57.91,57.91,0.0,487.944306,0.0
2019-03-26,7,0,29,0.0,0.0,0.0,0.0,0.0
2019-03-26,7,0,30,0.0,0.0,0.0,0.0,0.0
2019-03-26,7,0,31,47.23,47.23,0.0,397.539984,0.0
2019-03-26,7,0,32,0.0,0.0,0.0,0.0,0.0
2019-03-26,7,0,33,0.0,0.0,0.0,0.0,0.0
2019-03-26,7,0,34,0.0,0.0,0.0,0.0,0.0
2019-03-26,7,0,35,0.0,0.0,0.0,0.0,0.0
2019-03-26,7,0,36,0.0,0.0,0.0,0.0,0.0
2019-03-26,7,0,37,0.0,0.0,0.0,0.0,0.0
2019-03-26,7,0,38,0.0,0.0,0.0,0.0,0.0
2019-03-26,7,0,39,0.0,0.0,0.0,0.0,0.0
2019-03-26,7,0,40,0.0,0.0,0.0,0.0,0.0
2019-03-26,7,0,41,85.72,85.72,0.0,762.468188,0.0
2019-03-26,7,0,42,0.0,0.0,0.0,0.0,0.0
2019-03-26,7,0,43,0.0,0.0,0.0,0.0,0.0
2019-03-26,7,0,46,0.0,0.0,0.0,0.0,0.0
2019-03-26,7,0,52,50.07,50.07,0.0,421.444569,0.0
2019-03-26,7,0,53,79.57,79.57,0.0,669.749238,0.0
2019-03-26,7,0,55,56.68,56.68,0.0,477.58044,0.0
2019-03-26,7,0,56,0.0,0.0,0.0,0.0,0.0
2019-03-26,7,0,57,0.0,0.0,0.0,0.0,0.0
2019-03-26,7,0,58,0.0,0.0,0.0,0.0,0.0
2019-03-26,7,0,59,0.0,0.0,0.0,0.0,0.0
2019-03-26,7,0,63,30.35,30.35,0.0,499.330438,0.0
2019-03-26,7,0,64,35.7,35.7,0.0,587.350795,0.0
2019-03-26,7,0,65,3.9,3.9,0.0,29.835136,0.0
2019-03-26,7,0,67,0.0,0.0,0.0,0.0,0.0
2019-03-26,7,0,68,1.56,1.56,0.0,13.424177,0.0
2019-03-26,7,0,69,0.0,0.0,0.0,0.0,0.0
2019-03-26,7,0,74,65.28,65.28,0.0,625.761895,0.0
2019-03-26,7,0,77,54.78,54.78,0.0,415.355594,0.0
2019-03-26,7,0,78,41.41,41.41,0.0,313.980926,0.0
2019-03-26,7,0,79,23.97,23.97,0.0,181.746506,0.0
2019-03-26,7,0,80,38.76,38.76,0.0,293.887967,0.0
2019-03-26,7,0,81,50.67,50.67,0.0,384.192551,0.0
2019-03-26,7,0,82,35.74,35.74,0.0,270.989575,0.0
2019-03-26,7,0,83,79.7,79.7,0.0,604.305236,0.0
2019-03-26,7,0,84,0.0,0.0,0.0,0.0,0.0
2019-03-26,7,0,86,0.0,0.0,0.0,0.0,0.0
2019-03-26,7,0,87,0.0,0.0,0.0,0.0,0.0
2019-03-26,7,0,88,46.94,46.94,0.0,355.910762,0.0
2019-03-26,7,0,89,45.12,45.12,0.0,342.111069,0.0
2019-03-26,7,0,90,60.59,60.59,0.0,459.40846,0.0
2019-03-26,7,0,91,216.13,216.13,0.0,1638.75145,0.0
2019-03-26,7,0,92,77.73,77.73,0.0,589.368205,0.0
2019-03-26,7,0,95,5.96,5.96,0.0,97.628449,0.0
2019-03-26,7,0,96,5.53,5.53,0.0,46.495745,0.0
2019-03-26,7,0,97,34.02,34.02,0.0,286.037113,0.0
2019-03-26,7,0,99,12.6,12.6,0.0,120.781248,0.0
2019-03-26,7,0,101,0.0,0.0,0.0,0.0,0.0
2019-03-26,7,0,102,3.69,3.69,0.0,31.753343,0.0
2019-03-26,7,0,103,3.21,3.21,0.0,27.622826,0.0
2019-03-26,7,0,104,0.6,0.6,0.0,5.163145,0.0
2019-03-26,7,0,106,0.0,0.0,0.0,0.0,0.0
2019-03-26,7,0,109,76.52,76.52,0.0,702.351062,0.0
2019-03-26,7,0,110,63.51,63.51,0.0,881.078664,0.0
2019-03-26,7,0,111,0.0,0.0,0.0,0.0,0.0
2019-03-26,7,0,113,15.67,15.67,0.0,111.762981,0.0
2019-03-26,7,0,115,15.67,15.67,0.0,111.762981,0.0
2019-03-26,7,0,116,0.0,0.0,0.0,0.0,0.0
2019-03-26,7,0,117,0.64,0.64,0.0,4.564665,0.0
2019-03-26,7,0,119,35.7,35.7,0.0,587.350795,0.0
2019-03-26,7,0,120,20.99,20.99,0.0,345.335944,0.0
2019-03-26,7,0,123,0.0,0.0,0.0,0.0,0.0
2019-03-26,7,0,125,52.41,52.41,0.0,441.601815,0.0
2019-03-26,7,0,126,0.0,0.0,0.0,0.0,0.0
2019-03-26,7,0,127,0.0,0.0,0.0,0.0,0.0
2019-03-26,7,0,128,75.06,75.06,0.0,632.448621,0.0
2019-03-26,7,0,131,5.54,5.54,0.0,45.75441,0.0
2019-03-26,7,0,132,8.14,8.14,0.0,67.227599,0.0
2019-03-26,7,0,133,41.16,41.16,0.0,422.724303,0.0
2019-03-26,7,0,134,0.0,0.0,0.0,0.0,0.0
2019-03-26,7,0,135,55.15,55.15,0.0,566.405376,0.0
2019-03-26,7,0,136,3.75,3.75,0.0,29.149417,0.0
2019-03-26,7,0,139,110.71,110.71,0.0,984.750969,0.0
2019-03-26,7,0,140,47.0,47.0,0.0,652.034281,0.0
2019-03-26,7,0,141,53.76,53.76,0.0,532.33131,0.0
2019-03-26,7,0,142,0.0,0.0,0.0,0.0,0.0
2019-03-26,7,0,143,82.23,82.23,0.0,692.138744,0.0
2019-03-26,7,0,145,6.05,6.05,0.0,52.634784,0.0
2019-03-26,7,0,146,148.95,148.95,0.0,2066.393748,0.0
2019-03-26,7,0,152,0.0,0.0,0.0,0.0,0.0
2019-03-26,7,0,153,0.0,0.0,0.0,0.0,0.0
2019-03-26,7,0,154,0.0,0.0,0.0,0.0,0.0
2019-03-26,7,0,157,110.02,110.02,0.0,1089.41761,0.0
2019-03-26,7,0,158,0.0,0.0,0.0,0.0,0.0
2019-03-26,7,0,159,0.0,0.0,0.0,0.0,0.0
2019-03-26,7,0,160,0.0,0.0,0.0,0.0,0.0
2019-03-26,7,0,161,0.0,0.0,0.0,0.0,0.0
2019-03-26,7,0,162,6.7,6.7,0.0,109.777769,0.0
2019-03-26,7,0,163,31.49,31.49,0.0,436.862968,0.0
2019-03-26,7,0,164,0.0,0.0,0.0,0.0,0.0
2019-03-26,7,0,167,0.0,0.0,0.0,0.0,0.0
2019-03-26,7,0,168,0.0,0.0,0.0,0.0,0.0
2019-03-26,7,0,169,0.0,0.0,0.0,0.0,0.0
2019-03-26,7,0,170,0.0,0.0,0.0,0.0,0.0
2019-03-26,7,0,172,0.0,0.0,0.0,0.0,0.0
2019-03-26,7,0,173,0.0,0.0,0.0,0.0,0.0
2019-03-26,7,0,188,0.0,0.0,0.0,0.0,0.0
2019-03-26,7,0,190,0.0,0.0,0.0,0.0,0.0
2019-03-26,7,0,191,0.0,0.0,0.0,0.0,0.0
2019-03-26,7,0,192,28.31,28.31,0.0,465.767535,0.0
2019-03-26,7,0,194,42.91,42.91,0.0,246.613382,0.0
2019-03-26,7,0,196,0.0,0.0,0.0,0.0,0.0
2019-03-26,7,0,198,0.0,0.0,0.0,0.0,0.0
2019-03-26,7,0,199,6.81,6.81,0.0,60.783836,0.0
2019-03-26,7,0,200,0.0,0.0,0.0,0.0,0.0
2019-03-26,7,0,204,357.39,357.39,0.0,3266.216842,0.0
2019-03-26,7,0,205,404.8,404.8,0.0,3715.521562,0.0
2019-03-26,7,0,206,99.97,99.97,0.0,840.538805,0.0
2019-03-26,7,0,210,0.0,0.0,0.0,0.0,0.0
2019-03-26,7,0,214,0.0,0.0,0.0,0.0,0.0
2019-03-26,7,0,217,0.0,0.0,0.0,0.0,0.0
2019-03-26,7,0,218,0.0,0.0,0.0,0.0,0.0
2019-03-26,7,0,219,0.0,0.0,0.0,0.0,0.0
2019-03-26,7,0,221,0.0,0.0,0.0,0.0,0.0
2019-03-26,7,0,225,0.0,0.0,0.0,0.0,0.0
2019-03-26,7,0,233,0.0,0.0,0.0,0.0,0.0
2019-03-26,7,0,236,159.03,159.03,0.0,1555.281832,0.0
2019-03-26,7,0,237,156.6,156.6,0.0,1501.138369,0.0
2019-03-26,7,0,238,0.0,0.0,0.0,0.0,0.0
2019-03-26,7,0,240,0.0,0.0,0.0,0.0,0.0
2019-03-26,7,0,245,36.34,36.34,0.0,347.261504,0.0
2019-03-26,7,0,247,54.74,54.74,0.0,523.090114,0.0
2019-03-26,7,0,248,15.72,15.72,0.0,150.688986,0.0
2019-03-26,7,0,249,69.89,69.89,0.0,667.86204,0.0
2019-03-26,7,0,251,40.77,40.77,0.0,340.575381,0.0
2019-03-26,7,0,252,25.13,25.13,0.0,192.245375,0.0
2019-03-26,7,0,254,0.0,0.0,0.0,0.0,0.0
2019-03-26,7,0,255,0.0,0.0,0.0,0.0,0.0
2019-03-26,7,0,258,0.0,0.0,0.0,0.0,0.0
2019-03-26,7,0,260,0.0,0.0,0.0,0.0,0.0
2019-03-26,7,0,265,0.0,0.0,0.0,0.0,0.0
2019-03-26,7,0,266,71.67,71.67,0.0,637.495276,0.0
2019-03-26,7,0,267,88.09,88.09,0.0,783.549028,0.0
2019-03-26,7,0,270,98.33,98.33,0.0,1364.138955,0.0
2019-03-26,7,0,272,55.74,55.74,0.0,397.553834,0.0
2019-03-26,7,0,273,0.0,0.0,0.0,0.0,0.0
2019-03-26,7,0,274,126.76,126.76,0.0,1758.550329,0.0
2019-03-26,7,0,275,176.45,176.45,0.0,2447.903168,0.0
2019-03-26,7,0,276,0.0,0.0,0.0,0.0,0.0
2019-03-26,7,0,277,0.0,0.0,0.0,0.0,0.0
2019-03-26,7,0,278,0.0,0.0,0.0,0.0,0.0
2019-03-26,7,0,279,46.06,46.06,0.0,336.822302,0.0
2019-03-26,7,0,281,21.18,21.18,0.0,178.274335,0.0
2019-03-26,7,0,282,0.0,0.0,0.0,0.0,0.0
2019-03-26,8,0,9,0.22,0.22,0.0,2.065372,0.0
2019-03-26,8,0,17,3.83,3.83,0.0,0.930604,0.0
2019-03-26,8,0,19,605.38,605.38,0.0,147.093699,0.0
2019-03-26,8,0,20,753.44,753.44,0.0,183.068942,0.0
2019-03-26,8,0,21,4.94,4.94,0.0,46.376999,0.0
2019-03-26,8,0,22,17.56,17.56,0.0,164.854271,0.0
2019-03-26,8,0,23,42.72,42.72,0.0,401.057771,0.0
2019-03-26,8,0,24,75.59,75.59,0.0,709.643186,0.0
2019-03-26,8,0,29,1.61,1.61,0.0,16.395712,0.0
2019-03-26,8,0,30,19.37,19.37,0.0,181.780194,0.0
2019-03-26,8,0,31,24.85,24.85,0.0,233.207941,0.0
2019-03-26,8,0,32,0.91,0.91,0.0,15.337135,0.0
2019-03-26,8,0,33,0.21,0.21,0.0,2.119903,0.0
2019-03-26,8,0,34,0.34,0.34,0.0,3.432223,0.0
2019-03-26,8,0,35,0.34,0.34,0.0,3.432223,0.0
2019-03-26,8,0,36,1.24,1.24,0.0,12.138288,0.0
2019-03-26,8,0,37,0.54,0.54,0.0,5.286116,0.0
2019-03-26,8,0,38,0.7,0.7,0.0,6.852372,0.0
2019-03-26,8,0,39,0.47,0.47,0.0,4.600879,0.0
2019-03-26,8,0,40,0.47,0.47,0.0,4.600879,0.0
2019-03-26,8,0,41,34.8,34.8,0.0,332.849251,0.0
2019-03-26,8,0,42,4.82,4.82,0.0,35.830063,0.0
2019-03-26,8,0,43,4.48,4.48,0.0,44.002549,0.0
2019-03-26,8,0,46,3.88,3.88,0.0,37.845519,0.0
2019-03-26,8,0,52,26.34,26.34,0.0,247.191033,0.0
2019-03-26,8,0,53,41.85,41.85,0.0,392.746572,0.0
2019-03-26,8,0,55,88.18,88.18,0.0,827.838816,0.0
2019-03-26,8,0,56,5.71,5.71,0.0,53.586211,0.0
2019-03-26,8,0,57,5.44,5.44,0.0,51.052362,0.0
2019-03-26,8,0,58,10.45,10.45,0.0,98.069335,0.0
2019-03-26,8,0,59,10.28,10.28,0.0,96.473949,0.0
2019-03-26,8,0,63,11.06,11.06,0.0,186.035147,0.0
2019-03-26,8,0,64,12.99,12.99,0.0,218.498785,0.0
2019-03-26,8,0,65,9.35,9.35,0.0,47.081413,0.0
2019-03-26,8,0,67,21.27,21.27,0.0,236.241963,0.0
2019-03-26,8,0,68,1.41,1.41,0.0,14.066968,0.0
2019-03-26,8,0,69,0.21,0.21,0.0,2.119903,0.0
2019-03-26,8,0,74,65.28,65.28,0.0,639.820163,0.0
2019-03-26,8,0,77,42.17,42.17,0.0,381.965715,0.0
2019-03-26,8,0,78,31.84,31.84,0.0,288.39906,0.0
2019-03-26,8,0,79,18.36,18.36,0.0,166.300463,0.0
2019-03-26,8,0,80,29.79,29.79,0.0,269.830653,0.0
2019-03-26,8,0,81,38.99,38.99,0.0,353.16204,0.0
2019-03-26,8,0,82,27.46,27.46,0.0,248.726074,0.0
2019-03-26,8,0,83,61.43,61.43,0.0,556.418161,0.0
2019-03-26,8,0,84,0.0,0.0,0.0,0.0,0.0
2019-03-26,8,0,86,1.07,1.07,0.0,10.801409,0.0
2019-03-26,8,0,87,5.44,5.44,0.0,54.915575,0.0
2019-03-26,8,0,88,33.07,33.07,0.0,299.540104,0.0
2019-03-26,8,0,89,31.91,31.91,0.0,289.033103,0.0
2019-03-26,8,0,90,41.64,41.64,0.0,377.165102,0.0
2019-03-26,8,0,91,130.54,130.54,0.0,1182.399914,0.0
2019-03-26,8,0,92,52.23,52.23,0.0,473.086774,0.0
2019-03-26,8,0,95,7.2,7.2,0.0,121.085687,0.0
2019-03-26,8,0,96,8.13,8.13,0.0,76.267852,0.0
2019-03-26,8,0,97,49.98,49.98,0.0,468.86436,0.0
2019-03-26,8,0,99,12.6,12.6,0.0,123.494701,0.0
2019-03-26,8,0,101,0.39,0.39,0.0,3.660004,0.0
2019-03-26,8,0,102,3.34,3.34,0.0,33.321755,0.0
2019-03-26,8,0,103,2.9,2.9,0.0,28.932063,0.0
2019-03-26,8,0,104,0.54,0.54,0.0,5.38735,0.0
2019-03-26,8,0,106,17.28,17.28,0.0,162.225615,0.0
2019-03-26,8,0,109,78.94,78.94,0.0,764.656389,0.0
2019-03-26,8,0,110,77.51,77.51,0.0,1129.163813,0.0
2019-03-26,8,0,111,0.99,0.99,0.0,9.468987,0.0
2019-03-26,8,0,113,25.22,25.22,0.0,220.79716,0.0
2019-03-26,8,0,115,25.22,25.22,0.0,220.79716,0.0
2019-03-26,8,0,116,12.44,12.44,0.0,181.22562,0.0
2019-03-26,8,0,117,1.31,1.31,0.0,11.468845,0.0
2019-03-26,8,0,119,12.99,12.99,0.0,218.498785,0.0
2019-03-26,8,0,120,7.67,7.67,0.0,129.013525,0.0
2019-03-26,8,0,123,0.29,0.29,0.0,2.722536,0.0
2019-03-26,8,0,125,68.4,68.4,0.0,642.14306,0.0
2019-03-26,8,0,126,12.96,12.96,0.0,121.669211,0.0
2019-03-26,8,0,127,16.64,16.64,0.0,156.217259,0.0
2019-03-26,8,0,128,97.97,97.97,0.0,919.747889,0.0
2019-03-26,8,0,131,5.92,5.92,0.0,57.274345,0.0
2019-03-26,8,0,132,8.7,8.7,0.0,84.170068,0.0
2019-03-26,8,0,133,41.94,41.94,0.0,443.739096,0.0
2019-03-26,8,0,134,0.0,0.0,0.0,0.0,0.0
2019-03-26,8,0,135,56.2,56.2,0.0,594.61462,0.0
2019-03-26,8,0,136,9.45,9.45,0.0,50.071223,0.0
2019-03-26,8,0,139,44.94,44.94,0.0,429.834636,0.0
2019-03-26,8,0,140,57.36,57.36,0.0,835.619098,0.0
2019-03-26,8,0,141,65.21,65.21,0.0,724.27543,0.0
2019-03-26,8,0,142,28.05,28.05,0.0,311.546171,0.0
2019-03-26,8,0,143,43.26,43.26,0.0,405.978894,0.0
2019-03-26,8,0,145,7.02,7.02,0.0,66.666261,0.0
2019-03-26,8,0,146,180.38,180.38,0.0,2627.771495,0.0
2019-03-26,8,0,152,0.58,0.58,0.0,5.692064,0.0
2019-03-26,8,0,153,0.77,0.77,0.0,7.553339,0.0
2019-03-26,8,0,154,4.08,4.08,0.0,39.023705,0.0
2019-03-26,8,0,157,110.91,110.91,0.0,1231.856892,0.0
2019-03-26,8,0,158,13.31,13.31,0.0,147.831712,0.0
2019-03-26,8,0,159,0.0,0.0,0.0,0.0,0.0
2019-03-26,8,0,160,0.37,0.37,0.0,3.670239,0.0
2019-03-26,8,0,161,5.05,5.05,0.0,50.381695,0.0
2019-03-26,8,0,162,7.28,7.28,0.0,122.449033,0.0
2019-03-26,8,0,163,22.33,22.33,0.0,325.302902,0.0
2019-03-26,8,0,164,0.56,0.56,0.0,5.25539,0.0
2019-03-26,8,0,167,1.08,1.08,0.0,18.166743,0.0
2019-03-26,8,0,168,0.54,0.54,0.0,9.083372,0.0
2019-03-26,8,0,169,0.0,0.0,0.0,0.0,0.0
2019-03-26,8,0,170,1.19,1.19,0.0,20.01706,0.0
2019-03-26,8,0,172,1.43,1.43,0.0,23.537977,0.0
2019-03-26,8,0,173,2.17,2.17,0.0,35.718468,0.0
2019-03-26,8,0,188,1.84,1.84,0.0,30.606801,0.0
2019-03-26,8,0,190,1.19,1.19,0.0,20.01644,0.0
2019-03-26,8,0,191,3.08,3.08,0.0,51.807256,0.0
2019-03-26,8,0,192,16.97,16.97,0.0,285.444526,0.0
2019-03-26,8,0,194,34.12,34.12,0.0,260.366841,0.0
2019-03-26,8,0,196,0.74,0.74,0.0,11.805211,0.0
2019-03-26,8,0,198,1.79,1.79,0.0,18.051256,0.0
2019-03-26,8,0,199,6.44,6.44,0.0,62.343692,0.0
2019-03-26,8,0,200,3.28,3.28,0.0,31.752688,0.0
2019-03-26,8,0,204,340.65,340.65,0.0,3295.379597,0.0
2019-03-26,8,0,205,417.62,417.62,0.0,4045.297707,0.0
2019-03-26,8,0,206,146.86,146.86,0.0,1377.699477,0.0
2019-03-26,8,0,210,0.5,0.5,0.0,5.101186,0.0
2019-03-26,8,0,214,2.38,2.38,0.0,24.143159,0.0
2019-03-26,8,0,217,1.76,1.76,0.0,17.897971,0.0
2019-03-26,8,0,218,2.42,2.42,0.0,24.60971,0.0
2019-03-26,8,0,219,1.65,1.65,0.0,16.779348,0.0
2019-03-26,8,0,221,1.27,1.27,0.0,12.883114,0.0
2019-03-26,8,0,225,1.42,1.42,0.0,14.45825,0.0
2019-03-26,8,0,233,0.6,0.6,0.0,6.056865,0.0
2019-03-26,8,0,236,159.03,159.03,0.0,1568.679995,0.0
2019-03-26,8,0,237,156.6,156.6,0.0,1534.862707,0.0
2019-03-26,8,0,238,6.27,6.27,0.0,46.608816,0.0
2019-03-26,8,0,240,1.4,1.4,0.0,13.704519,0.0
2019-03-26,8,0,245,78.0,78.0,0.0,700.219965,0.0
2019-03-26,8,0,247,123.25,123.25,0.0,1106.437316,0.0
2019-03-26,8,0,248,15.72,15.72,0.0,154.074341,0.0
2019-03-26,8,0,249,150.0,150.0,0.0,1346.576855,0.0
2019-03-26,8,0,251,79.08,79.08,0.0,519.544642,0.0
2019-03-26,8,0,252,60.29,60.29,0.0,303.586996,0.0
2019-03-26,8,0,254,2.55,2.55,0.0,25.108525,0.0
2019-03-26,8,0,255,1.17,1.17,0.0,11.520382,0.0
2019-03-26,8,0,258,1.87,1.87,0.0,18.315305,0.0
2019-03-26,8,0,260,0.91,0.91,0.0,9.026803,0.0
2019-03-26,8,0,265,4.23,4.23,0.0,40.4584,0.0
2019-03-26,8,0,266,29.1,29.1,0.0,278.330839,0.0
2019-03-26,8,0,267,35.76,35.76,0.0,342.031299,0.0
2019-03-26,8,0,270,69.75,69.75,0.0,1016.11632,0.0
2019-03-26,8,0,272,87.3,87.3,0.0,764.297861,0.0
2019-03-26,8,0,273,2.97,2.97,0.0,43.266888,0.0
2019-03-26,8,0,274,89.91,89.91,0.0,1309.806714,0.0
2019-03-26,8,0,275,125.16,125.16,0.0,1823.327865,0.0
2019-03-26,8,0,276,0.65,0.65,0.0,8.966862,0.0
2019-03-26,8,0,277,0.83,0.83,0.0,7.367319,0.0
2019-03-26,8,0,278,1.33,1.33,0.0,11.805462,0.0
2019-03-26,8,0,279,36.74,36.74,0.0,326.114804,0.0
2019-03-26,8,0,281,11.15,11.15,0.0,104.638573,0.0
2019-03-26,8,0,282,10.63,10.63,0.0,99.758568,0.0
2019-03-26,9,0,9,1.19,1.19,0.0,9.55237,0.0
2019-03-26,9,0,17,11.72,11.72,0.0,65.274332,0.0
2019-03-26,9,0,19,475.02,475.02,0.0,2645.615453,0.0
2019-03-26,9,0,20,589.85,589.85,0.0,3285.159098,0.0
2019-03-26,9,0,21,27.11,27.11,0.0,217.617428,0.0
2019-03-26,9,0,22,96.34,96.34,0.0,773.340575,0.0
2019-03-26,9,0,23,55.24,55.24,0.0,443.422601,0.0
2019-03-26,9,0,24,97.73,97.73,0.0,784.498385,0.0
2019-03-26,9,0,29,4.02,4.02,0.0,33.962935,0.0
2019-03-26,9,0,30,140.64,140.64,0.0,1127.14119,0.0
2019-03-26,9,0,31,43.37,43.37,0.0,347.583286,0.0
2019-03-26,9,0,32,2.62,2.62,0.0,42.382901,0.0
2019-03-26,9,0,33,0.64,0.64,0.0,6.976088,0.0
2019-03-26,9,0,34,1.02,1.02,0.0,11.118141,0.0
2019-03-26,9,0,35,1.02,1.02,0.0,11.118141,0.0
2019-03-26,9,0,36,4.09,4.09,0.0,38.700523,0.0
2019-03-26,9,0,37,1.79,1.79,0.0,16.88996,0.0
2019-03-26,9,0,38,2.3,2.3,0.0,21.702183,0.0
2019-03-26,9,0,39,1.53,1.53,0.0,14.436669,0.0
2019-03-26,9,0,40,1.53,1.53,0.0,14.436669,0.0
2019-03-26,9,0,41,34.8,34.8,0.0,303.388724,0.0
2019-03-26,9,0,42,18.04,18.04,0.0,162.748623,0.0
2019-03-26,9,0,43,14.33,14.33,0.0,135.757015,0.0
2019-03-26,9,0,46,12.81,12.81,0.0,118.914938,0.0
2019-03-26,9,0,52,46.01,46.01,0.0,368.741227,0.0
2019-03-26,9,0,53,73.5,73.5,0.0,589.056296,0.0
2019-03-26,9,0,55,133.68,133.68,0.0,1073.076272,0.0
2019-03-26,9,0,56,41.48,41.48,0.0,332.436125,0.0
2019-03-26,9,0,57,39.46,39.46,0.0,316.247094,0.0
2019-03-26,9,0,58,75.88,75.88,0.0,608.1305,0.0
2019-03-26,9,0,59,74.62,74.62,0.0,598.032392,0.0
2019-03-26,9,0,63,3.79,3.79,0.0,61.557041,0.0
2019-03-26,9,0,64,4.45,4.45,0.0,72.276737,0.0
2019-03-26,9,0,65,18.49,18.49,0.0,146.41349,0.0
2019-03-26,9,0,67,123.42,123.42,0.0,1141.946479,0.0
2019-03-26,9,0,68,2.38,2.38,0.0,18.727156,0.0
2019-03-26,9,0,69,0.64,0.64,0.0,6.976088,0.0
2019-03-26,9,0,74,65.28,65.28,0.0,637.197222,0.0
2019-03-26,9,0,77,18.1,18.1,0.0,123.05771,0.0
2019-03-26,9,0,78,13.68,13.68,0.0,93.007153,0.0
2019-03-26,9,0,79,7.92,7.92,0.0,53.846247,0.0
2019-03-26,9,0,80,12.8,12.8,0.0,87.024237,0.0
2019-03-26,9,0,81,16.74,16.74,0.0,113.811385,0.0
2019-03-26,9,0,82,11.81,11.81,0.0,80.293456,0.0
2019-03-26,9,0,83,26.33,26.33,0.0,179.011575,0.0
2019-03-26,9,0,84,0.0,0.0,0.0,0.0,0.0
2019-03-26,9,0,86,3.22,3.22,0.0,35.098445,0.0
2019-03-26,9,0,87,16.46,16.46,0.0,179.416274,0.0
2019-03-26,9,0,88,41.08,41.08,0.0,279.29341,0.0
2019-03-26,9,0,89,39.24,39.24,0.0,266.783676,0.0
2019-03-26,9,0,90,55.08,55.08,0.0,374.476169,0.0
2019-03-26,9,0,91,206.96,206.96,0.0,1407.07313,0.0
2019-03-26,9,0,92,72.82,72.82,0.0,495.086322,0.0
2019-03-26,9,0,95,8.75,8.75,0.0,141.075697,0.0
2019-03-26,9,0,96,11.67,11.67,0.0,93.371236,0.0
2019-03-26,9,0,97,71.75,71.75,0.0,574.069082,0.0
2019-03-26,9,0,99,12.6,12.6,0.0,122.988434,0.0
2019-03-26,9,0,101,2.83,2.83,0.0,22.680671,0.0
2019-03-26,9,0,102,5.62,5.62,0.0,44.221268,0.0
2019-03-26,9,0,103,4.88,4.88,0.0,38.398539,0.0
2019-03-26,9,0,104,0.91,0.91,0.0,7.160383,0.0
2019-03-26,9,0,106,94.84,94.84,0.0,761.299773,0.0
2019-03-26,9,0,109,81.81,81.81,0.0,746.026708,0.0
2019-03-26,9,0,110,94.47,94.47,0.0,1274.464735,0.0
2019-03-26,9,0,111,4.26,4.26,0.0,37.138965,0.0
2019-03-26,9,0,113,13.04,13.04,0.0,81.451136,0.0
2019-03-26,9,0,115,13.04,13.04,0.0,81.451136,0.0
2019-03-26,9,0,116,49.79,49.79,0.0,671.70106,0.0
2019-03-26,9,0,117,0.89,0.89,0.0,5.559165,0.0
2019-03-26,9,0,119,4.45,4.45,0.0,72.276737,0.0
2019-03-26,9,0,120,2.62,2.62,0.0,42.553944,0.0
2019-03-26,9,0,123,1.58,1.58,0.0,12.682978,0.0
2019-03-26,9,0,125,88.44,88.44,0.0,709.925684,0.0
2019-03-26,9,0,126,71.13,71.13,0.0,570.97483,0.0
2019-03-26,9,0,127,91.28,91.28,0.0,732.722936,0.0
2019-03-26,9,0,128,126.67,126.67,0.0,1016.805591,0.0
2019-03-26,9,0,131,6.34,6.34,0.0,47.543261,0.0
2019-03-26,9,0,132,9.32,9.32,0.0,69.890094,0.0
2019-03-26,9,0,133,41.94,41.94,0.0,447.850896,0.0
2019-03-26,9,0,134,0.0,0.0,0.0,0.0,0.0
2019-03-26,9,0,135,56.2,56.2,0.0,600.124471,0.0
2019-03-26,9,0,136,19.12,19.12,0.0,153.867829,0.0
2019-03-26,9,0,139,44.94,44.94,0.0,391.789922,0.0
2019-03-26,9,0,140,69.92,69.92,0.0,943.26849,0.0
2019-03-26,9,0,141,78.67,78.67,0.0,727.896042,0.0
2019-03-26,9,0,142,162.76,162.76,0.0,1505.940763,0.0
2019-03-26,9,0,143,103.74,103.74,0.0,831.410886,0.0
2019-03-26,9,0,145,8.49,8.49,0.0,71.526572,0.0
2019-03-26,9,0,146,216.56,216.56,0.0,2921.542109,0.0
2019-03-26,9,0,152,1.98,1.98,0.0,19.325432,0.0
2019-03-26,9,0,153,2.61,2.61,0.0,25.404985,0.0
2019-03-26,9,0,154,17.58,17.58,0.0,153.263614,0.0
2019-03-26,9,0,157,112.08,112.08,0.0,1037.02286,0.0
2019-03-26,9,0,158,111.92,111.92,0.0,1035.542456,0.0
2019-03-26,9,0,159,0.0,0.0,0.0,0.0,0.0
2019-03-26,9,0,160,1.15,1.15,0.0,11.083223,0.0
2019-03-26,9,0,161,24.11,24.11,0.0,189.710814,0.0
2019-03-26,9,0,162,7.86,7.86,0.0,126.767277,0.0
2019-03-26,9,0,163,15.47,15.47,0.0,208.700852,0.0
2019-03-26,9,0,164,7.28,7.28,0.0,58.344624,0.0
2019-03-26,9,0,167,3.01,3.01,0.0,48.537306,0.0
2019-03-26,9,0,168,1.5,1.5,0.0,24.188026,0.0
2019-03-26,9,0,169,0.0,0.0,0.0,0.0,0.0
2019-03-26,9,0,170,3.29,3.29,0.0,53.052405,0.0
2019-03-26,9,0,172,3.99,3.99,0.0,61.5881,0.0
2019-03-26,9,0,173,6.07,6.07,0.0,93.694177,0.0
2019-03-26,9,0,188,5.31,5.31,0.0,84.169577,0.0
2019-03-26,9,0,190,4.19,4.19,0.0,68.053826,0.0
2019-03-26,9,0,191,10.83,10.83,0.0,175.900463,0.0
2019-03-26,9,0,192,10.54,10.54,0.0,171.190294,0.0
2019-03-26,9,0,194,19.71,19.71,0.0,92.648437,0.0
2019-03-26,9,0,196,2.72,2.72,0.0,41.36807,0.0
2019-03-26,9,0,198,5.23,5.23,0.0,51.054332,0.0
2019-03-26,9,0,199,6.46,6.46,0.0,55.001913,0.0
2019-03-26,9,0,200,9.53,9.53,0.0,81.140593,0.0
2019-03-26,9,0,204,196.11,196.11,0.0,1776.387584,0.0
2019-03-26,9,0,205,460.78,460.78,0.0,4201.860242,0.0
2019-03-26,9,0,206,210.83,210.83,0.0,1686.842991,0.0
2019-03-26,9,0,210,1.25,1.25,0.0,10.780129,0.0
2019-03-26,9,0,214,6.46,6.46,0.0,72.347103,0.0
2019-03-26,9,0,217,4.58,4.58,0.0,46.151186,0.0
2019-03-26,9,0,218,6.32,6.32,0.0,63.684606,0.0
2019-03-26,9,0,219,4.31,4.31,0.0,43.430483,0.0
2019-03-26,9,0,221,3.44,3.44,0.0,38.525392,0.0
2019-03-26,9,0,225,3.6,3.6,0.0,30.353515,0.0
2019-03-26,9,0,233,1.82,1.82,0.0,19.838251,0.0
2019-03-26,9,0,236,159.03,159.03,0.0,1600.699044,0.0
2019-03-26,9,0,237,156.6,156.6,0.0,1528.570541,0.0
2019-03-26,9,0,238,23.48,23.48,0.0,211.825813,0.0
2019-03-26,9,0,240,4.64,4.64,0.0,43.90475,0.0
2019-03-26,9,0,245,78.0,78.0,0.0,776.349638,0.0
2019-03-26,9,0,247,171.72,171.72,0.0,1709.163587,0.0
2019-03-26,9,0,248,15.72,15.72,0.0,153.442713,0.0
2019-03-26,9,0,249,150.0,150.0,0.0,1492.980072,0.0
2019-03-26,9,0,251,136.62,136.62,0.0,1181.210894,0.0
2019-03-26,9,0,252,119.26,119.26,0.0,944.363052,0.0
2019-03-26,9,0,254,7.82,7.82,0.0,74.405477,0.0
2019-03-26,9,0,255,3.58,3.58,0.0,34.062866,0.0
2019-03-26,9,0,258,6.17,6.17,0.0,58.393315,0.0
2019-03-26,9,0,260,2.8,2.8,0.0,26.98524,0.0
2019-03-26,9,0,265,18.2,18.2,0.0,158.668816,0.0
2019-03-26,9,0,266,29.1,29.1,0.0,253.695744,0.0
2019-03-26,9,0,267,35.76,35.76,0.0,311.758068,0.0
2019-03-26,9,0,270,48.31,48.31,0.0,651.734851,0.0
2019-03-26,9,0,272,43.53,43.53,0.0,271.899383,0.0
2019-03-26,9,0,273,11.91,11.91,0.0,160.674023,0.0
2019-03-26,9,0,274,62.28,62.28,0.0,840.199679,0.0
2019-03-26,9,0,275,86.69,86.69,0.0,1169.507228,0.0
2019-03-26,9,0,276,2.63,2.63,0.0,32.991748,0.0
2019-03-26,9,0,277,3.33,3.33,0.0,21.537658,0.0
2019-03-26,9,0,278,5.32,5.32,0.0,34.408511,0.0
2019-03-26,9,0,279,28.66,28.66,0.0,185.366152,0.0
2019-03-26,9,0,281,19.32,19.32,0.0,154.837655,0.0
2019-03-26,9,0,282,77.15,77.15,0.0,618.308751,0.0
2019-03-26,10,0,9,2.24,2.24,0.0,12.763718,0.0
2019-03-26,10,0,17,16.31,16.31,0.0,128.765819,0.0
2019-03-26,10,0,19,349.46,349.46,0.0,2758.951754,0.0
2019-03-26,10,0,20,433.01,433.01,0.0,3418.570648,0.0
2019-03-26,10,0,21,51.12,51.12,0.0,291.286268,0.0
2019-03-26,10,0,22,181.67,181.67,0.0,1035.171681,0.0
2019-03-26,10,0,23,70.75,70.75,0.0,403.139739,0.0
2019-03-26,10,0,24,125.17,125.17,0.0,713.229698,0.0
2019-03-26,10,0,29,6.69,6.69,0.0,58.108086,0.0
2019-03-26,10,0,30,270.9,270.9,0.0,1539.83818,0.0
2019-03-26,10,0,31,103.87,103.87,0.0,590.413406,0.0
2019-03-26,10,0,32,4.49,4.49,0.0,74.979312,0.0
2019-03-26,10,0,33,1.2,1.2,0.0,9.937889,0.0
2019-03-26,10,0,34,1.92,1.92,0.0,15.900622,0.0
2019-03-26,10,0,35,1.92,1.92,0.0,15.900622,0.0
2019-03-26,10,0,36,7.57,7.57,0.0,55.324532,0.0
2019-03-26,10,0,37,3.47,3.47,0.0,25.339482,0.0
2019-03-26,10,0,38,4.46,4.46,0.0,32.568902,0.0
2019-03-26,10,0,39,2.98,2.98,0.0,21.761284,0.0
2019-03-26,10,0,40,2.98,2.98,0.0,21.761284,0.0
2019-03-26,10,0,41,34.8,34.8,0.0,223.545116,0.0
2019-03-26,10,0,42,28.25,28.25,0.0,220.663083,0.0
2019-03-26,10,0,43,25.35,25.35,0.0,187.972883,0.0
2019-03-26,10,0,46,22.6,22.6,0.0,161.699735,0.0
2019-03-26,10,0,52,110.17,110.17,0.0,626.223596,0.0
2019-03-26,10,0,53,175.67,175.67,0.0,998.535892,0.0
2019-03-26,10,0,55,186.9,186.9,0.0,1064.972682,0.0
2019-03-26,10,0,56,79.9,79.9,0.0,454.164159,0.0
2019-03-26,10,0,57,76.01,76.01,0.0,432.052787,0.0
2019-03-26,10,0,58,146.17,146.17,0.0,830.853255,0.0
2019-03-26,10,0,59,143.73,143.73,0.0,816.983911,0.0
2019-03-26,10,0,63,2.56,2.56,0.0,45.129526,0.0
2019-03-26,10,0,64,3.01,3.01,0.0,53.062451,0.0
2019-03-26,10,0,65,32.09,32.09,0.0,252.847697,0.0
2019-03-26,10,0,67,238.24,238.24,0.0,840.401839,0.0
2019-03-26,10,0,68,3.83,3.83,0.0,15.06012,0.0
2019-03-26,10,0,69,1.2,1.2,0.0,9.937889,0.0
2019-03-26,10,0,74,106.28,106.28,0.0,790.432713,0.0
2019-03-26,10,0,77,19.27,19.27,0.0,83.995627,0.0
2019-03-26,10,0,78,14.56,14.56,0.0,63.4653,0.0
2019-03-26,10,0,79,8.43,8.43,0.0,36.745363,0.0
2019-03-26,10,0,80,13.63,13.63,0.0,59.411541,0.0
2019-03-26,10,0,81,17.82,17.82,0.0,77.67525,0.0
2019-03-26,10,0,82,12.57,12.57,0.0,54.791128,0.0
2019-03-26,10,0,83,28.03,28.03,0.0,122.17942,0.0
2019-03-26,10,0,84,0.0,0.0,0.0,0.0,0.0
2019-03-26,10,0,86,6.09,6.09,0.0,50.434787,0.0
2019-03-26,10,0,87,31.08,31.08,0.0,257.391326,0.0
2019-03-26,10,0,88,27.27,27.27,0.0,118.866671,0.0
2019-03-26,10,0,89,26.09,26.09,0.0,113.723192,0.0
2019-03-26,10,0,90,36.23,36.23,0.0,157.92224,0.0
2019-03-26,10,0,91,134.21,134.21,0.0,585.005351,0.0
2019-03-26,10,0,92,47.55,47.55,0.0,207.264767,0.0
2019-03-26,10,0,95,26.49,26.49,0.0,442.020238,0.0
2019-03-26,10,0,96,16.24,16.24,0.0,92.07427,0.0
2019-03-26,10,0,97,99.84,99.84,0.0,566.052655,0.0
2019-03-26,10,0,99,21.85,21.85,0.0,162.504279,0.0
2019-03-26,10,0,101,5.46,5.46,0.0,31.035498,0.0
2019-03-26,10,0,102,9.07,9.07,0.0,35.664567,0.0
2019-03-26,10,0,103,7.89,7.89,0.0,31.024635,0.0
2019-03-26,10,0,104,1.46,1.46,0.0,5.740934,0.0
2019-03-26,10,0,106,178.84,178.84,0.0,1019.046091,0.0
2019-03-26,10,0,109,88.53,88.53,0.0,611.108155,0.0
2019-03-26,10,0,110,113.85,113.85,0.0,260.547867,0.0
2019-03-26,10,0,111,8.95,8.95,0.0,57.492207,0.0
2019-03-26,10,0,113,20.0,20.0,0.0,82.921282,0.0
2019-03-26,10,0,115,20.0,20.0,0.0,82.921282,0.0
2019-03-26,10,0,116,91.56,91.56,0.0,209.536783,0.0
2019-03-26,10,0,117,1.33,1.33,0.0,5.514265,0.0
2019-03-26,10,0,119,3.01,3.01,0.0,53.062451,0.0
2019-03-26,10,0,120,1.77,1.77,0.0,31.202836,0.0
2019-03-26,10,0,123,2.98,2.98,0.0,16.980303,0.0
2019-03-26,10,0,125,113.27,113.27,0.0,645.422449,0.0
2019-03-26,10,0,126,134.13,134.13,0.0,764.284568,0.0
2019-03-26,10,0,127,172.13,172.13,0.0,980.81192,0.0
2019-03-26,10,0,128,162.24,162.24,0.0,924.457827,0.0
2019-03-26,10,0,131,9.16,9.16,0.0,37.008264,0.0
2019-03-26,10,0,132,14.78,14.78,0.0,59.714207,0.0
2019-03-26,10,0,133,41.94,41.94,0.0,331.173629,0.0
2019-03-26,10,0,134,0.0,0.0,0.0,0.0,0.0
2019-03-26,10,0,135,56.2,56.2,0.0,443.775822,0.0
2019-03-26,10,0,136,33.8,33.8,0.0,266.29246,0.0
2019-03-26,10,0,139,44.94,44.94,0.0,288.681537,0.0
2019-03-26,10,0,140,84.26,84.26,0.0,192.830595,0.0
2019-03-26,10,0,141,94.52,94.52,0.0,333.423362,0.0
2019-03-26,10,0,142,314.18,314.18,0.0,1108.283453,0.0
2019-03-26,10,0,143,235.61,235.61,0.0,1339.244273,0.0
2019-03-26,10,0,145,19.5,19.5,0.0,119.66199,0.0
2019-03-26,10,0,146,257.83,257.83,0.0,590.048806,0.0
2019-03-26,10,0,152,3.33,3.33,0.0,24.826455,0.0
2019-03-26,10,0,153,4.59,4.59,0.0,34.129347,0.0
2019-03-26,10,0,154,36.92,36.92,0.0,237.163381,0.0
2019-03-26,10,0,157,113.85,113.85,0.0,401.610768,0.0
2019-03-26,10,0,158,224.49,224.49,0.0,791.898123,0.0
2019-03-26,10,0,159,0.0,0.0,0.0,0.0,0.0
2019-03-26,10,0,160,2.01,2.01,0.0,15.601267,0.0
2019-03-26,10,0,161,45.56,45.56,0.0,179.148587,0.0
2019-03-26,10,0,162,15.94,15.94,0.0,266.201792,0.0
2019-03-26,10,0,163,5.8,5.8,0.0,13.273409,0.0
2019-03-26,10,0,164,14.98,14.98,0.0,85.148675,0.0
2019-03-26,10,0,167,5.13,5.13,0.0,85.485615,0.0
2019-03-26,10,0,168,2.56,2.56,0.0,42.659488,0.0
2019-03-26,10,0,169,0.0,0.0,0.0,0.0,0.0
2019-03-26,10,0,170,5.61,5.61,0.0,93.484269,0.0
2019-03-26,10,0,172,6.78,6.78,0.0,107.20838,0.0
2019-03-26,10,0,173,10.33,10.33,0.0,163.342562,0.0
2019-03-26,10,0,188,9.15,9.15,0.0,148.710918,0.0
2019-03-26,10,0,190,7.53,7.53,0.0,132.74427,0.0
2019-03-26,10,0,191,19.46,19.46,0.0,343.054914,0.0
2019-03-26,10,0,192,7.71,7.71,0.0,135.91744,0.0
2019-03-26,10,0,194,6.18,6.18,0.0,26.256806,0.0
2019-03-26,10,0,196,4.95,4.95,0.0,91.274006,0.0
2019-03-26,10,0,198,8.19,8.19,0.0,68.396315,0.0
2019-03-26,10,0,199,6.85,6.85,0.0,57.111542,0.0
2019-03-26,10,0,200,16.22,16.22,0.0,135.233462,0.0
2019-03-26,10,0,204,115.41,115.41,0.0,790.316487,0.0
2019-03-26,10,0,205,522.86,522.86,0.0,3609.217326,0.0
2019-03-26,10,0,206,293.38,293.38,0.0,1663.346633,0.0
2019-03-26,10,0,210,2.08,2.08,0.0,18.230027,0.0
2019-03-26,10,0,214,11.1,11.1,0.0,94.463713,0.0
2019-03-26,10,0,217,7.73,7.73,0.0,66.671336,0.0
2019-03-26,10,0,218,10.67,10.67,0.0,92.028869,0.0
2019-03-26,10,0,219,7.27,7.27,0.0,62.703831,0.0
2019-03-26,10,0,221,5.92,5.92,0.0,50.380647,0.0
2019-03-26,10,0,225,5.97,5.97,0.0,51.808971,0.0
2019-03-26,10,0,233,3.44,3.44,0.0,28.488615,0.0
2019-03-26,10,0,236,159.03,159.03,0.0,1221.740482,0.0
2019-03-26,10,0,237,248.36,248.36,0.0,1847.119576,0.0
2019-03-26,10,0,238,36.76,36.76,0.0,287.135396,0.0
2019-03-26,10,0,240,8.58,8.58,0.0,62.706008,0.0
2019-03-26,10,0,245,78.0,78.0,0.0,620.268151,0.0
2019-03-26,10,0,247,171.72,171.72,0.0,1365.544191,0.0
2019-03-26,10,0,248,27.11,27.11,0.0,201.624302,0.0
2019-03-26,10,0,249,150.0,150.0,0.0,1192.823367,0.0
2019-03-26,10,0,251,217.7,217.7,0.0,1709.764948,0.0
2019-03-26,10,0,252,206.98,206.98,0.0,1630.863705,0.0
2019-03-26,10,0,254,13.64,13.64,0.0,102.328758,0.0
2019-03-26,10,0,255,6.25,6.25,0.0,46.888177,0.0
2019-03-26,10,0,258,11.12,11.12,0.0,81.460976,0.0
2019-03-26,10,0,260,4.88,4.88,0.0,37.877703,0.0
2019-03-26,10,0,265,38.23,38.23,0.0,245.578442,0.0
2019-03-26,10,0,266,29.1,29.1,0.0,186.929968,0.0
2019-03-26,10,0,267,35.76,35.76,0.0,229.711878,0.0
2019-03-26,10,0,270,18.11,18.11,0.0,41.445076,0.0
2019-03-26,10,0,272,66.83,66.83,0.0,277.081465,0.0
2019-03-26,10,0,273,21.9,21.9,0.0,50.118562,0.0
2019-03-26,10,0,274,23.34,23.34,0.0,53.414029,0.0
2019-03-26,10,0,275,32.49,32.49,0.0,74.353976,0.0
2019-03-26,10,0,276,4.84,4.84,0.0,12.415407,0.0
2019-03-26,10,0,277,6.08,6.08,0.0,25.726825,0.0
2019-03-26,10,0,278,9.73,9.73,0.0,41.171382,0.0
2019-03-26,10,0,279,22.21,22.21,0.0,93.979075,0.0
2019-03-26,10,0,281,46.3,46.3,0.0,263.176477,0.0
2019-03-26,10,0,282,148.6,148.6,0.0,844.665757,0.0
2019-03-26,11,0,9,3.3,3.3,0.0,-875.732372,0.0
2019-03-26,11,0,17,23.11,23.11,0.0,161.403645,0.0
2019-03-26,11,0,19,192.99,192.99,0.0,1347.870596,0.0
2019-03-26,11,0,20,234.06,234.06,0.0,1634.709528,0.0
2019-03-26,11,0,21,75.57,75.57,0.0,-20054.271326,0.0
2019-03-26,11,0,22,268.56,268.56,0.0,-71268.6927,0.0
2019-03-26,11,0,23,46.39,46.39,0.0,-12310.674167,0.0
2019-03-26,11,0,24,82.05,82.05,0.0,-21773.891257,0.0
2019-03-26,11,0,29,9.72,9.72,0.0,47.262263,0.0
2019-03-26,11,0,30,408.22,408.22,0.0,-279136.465112,0.0
2019-03-26,11,0,31,119.91,119.91,0.0,-81993.174101,0.0
2019-03-26,11,0,32,6.4,6.4,0.0,128.197395,0.0
2019-03-26,11,0,33,1.71,1.71,0.0,16.068001,0.0
2019-03-26,11,0,34,2.73,2.73,0.0,25.652422,0.0
2019-03-26,11,0,35,2.73,2.73,0.0,25.652422,0.0
2019-03-26,11,0,36,10.99,10.99,0.0,38.353002,0.0
2019-03-26,11,0,37,5.07,5.07,0.0,17.743021,0.0
2019-03-26,11,0,38,6.51,6.51,0.0,22.782459,0.0
2019-03-26,11,0,39,4.34,4.34,0.0,15.188306,0.0
2019-03-26,11,0,40,4.34,4.34,0.0,15.188306,0.0
2019-03-26,11,0,41,34.8,34.8,0.0,-185.862128,0.0
2019-03-26,11,0,42,43.21,43.21,0.0,279.189994,0.0
2019-03-26,11,0,43,36.64,36.64,0.0,144.534299,0.0
2019-03-26,11,0,46,32.12,32.12,0.0,98.180282,0.0
2019-03-26,11,0,52,127.48,127.48,0.0,-87169.459048,0.0
2019-03-26,11,0,53,207.62,207.62,0.0,-141968.332974,0.0
2019-03-26,11,0,55,460.54,460.54,0.0,-122215.086893,0.0
2019-03-26,11,0,56,120.41,120.41,0.0,-82335.068748,0.0
2019-03-26,11,0,57,114.54,114.54,0.0,-78321.225599,0.0
2019-03-26,11,0,58,220.27,220.27,0.0,-150618.267528,0.0
2019-03-26,11,0,59,216.59,216.59,0.0,-148101.92293,0.0
2019-03-26,11,0,63,1.43,1.43,0.0,29.163642,0.0
2019-03-26,11,0,64,1.68,1.68,0.0,34.262181,0.0
2019-03-26,11,0,65,38.0,38.0,0.0,261.706389,0.0
2019-03-26,11,0,67,356.78,356.78,0.0,7930.292227,0.0
2019-03-26,11,0,68,5.78,5.78,0.0,130.741542,0.0
2019-03-26,11,0,69,1.71,1.71,0.0,16.068001,0.0
2019-03-26,11,0,74,144.48,144.48,0.0,570.20727,0.0
2019-03-26,11,0,77,23.56,23.56,0.0,551.340133,0.0
2019-03-26,11,0,78,17.81,17.81,0.0,416.781315,0.0
2019-03-26,11,0,79,10.31,10.31,0.0,241.269812,0.0
2019-03-26,11,0,80,16.67,16.67,0.0,390.103566,0.0
2019-03-26,11,0,81,21.8,21.8,0.0,510.153434,0.0
2019-03-26,11,0,82,15.38,15.38,0.0,359.915588,0.0
2019-03-26,11,0,83,34.28,34.28,0.0,802.204574,0.0
2019-03-26,11,0,84,0.0,0.0,0.0,0.0,0.0
2019-03-26,11,0,86,8.66,8.66,0.0,81.373617,0.0
2019-03-26,11,0,87,44.2,44.2,0.0,415.324927,0.0
2019-03-26,11,0,88,16.35,16.35,0.0,382.615076,0.0
2019-03-26,11,0,89,15.72,15.72,0.0,367.872109,0.0
2019-03-26,11,0,90,21.1,21.1,0.0,493.77236,0.0
2019-03-26,11,0,91,75.28,75.28,0.0,1761.667455,0.0
2019-03-26,11,0,92,27.07,27.07,0.0,633.479516,0.0
2019-03-26,11,0,95,14.47,14.47,0.0,289.594102,0.0
2019-03-26,11,0,96,21.54,21.54,0.0,647.092648,0.0
2019-03-26,11,0,97,158.34,158.34,0.0,4756.761833,0.0
2019-03-26,11,0,99,31.0,31.0,0.0,122.345137,0.0
2019-03-26,11,0,101,8.22,8.22,0.0,-5620.747987,0.0
2019-03-26,11,0,102,13.68,13.68,0.0,309.43673,0.0
2019-03-26,11,0,103,11.89,11.89,0.0,268.947567,0.0
2019-03-26,11,0,104,2.21,2.21,0.0,49.989413,0.0
2019-03-26,11,0,106,264.37,264.37,0.0,-70156.777961,0.0
2019-03-26,11,0,109,46.08,46.08,0.0,99.930639,0.0
2019-03-26,11,0,110,163.34,163.34,0.0,3434.424294,0.0
2019-03-26,11,0,111,13.21,13.21,0.0,-70.552836,0.0
2019-03-26,11,0,113,14.67,14.67,0.0,322.534591,0.0
2019-03-26,11,0,115,14.67,14.67,0.0,322.534591,0.0
2019-03-26,11,0,116,134.0,134.0,0.0,2817.514727,0.0
2019-03-26,11,0,117,0.99,0.99,0.0,21.766138,0.0
2019-03-26,11,0,119,1.68,1.68,0.0,34.262181,0.0
2019-03-26,11,0,120,0.99,0.99,0.0,20.190214,0.0
2019-03-26,11,0,123,4.41,4.41,0.0,-1170.296898,0.0
2019-03-26,11,0,125,74.26,74.26,0.0,-19706.632112,0.0
2019-03-26,11,0,126,198.28,198.28,0.0,-52618.246904,0.0
2019-03-26,11,0,127,254.46,254.46,0.0,-67526.927109,0.0
2019-03-26,11,0,128,106.33,106.33,0.0,-28217.15853,0.0
2019-03-26,11,0,131,9.11,9.11,0.0,207.019284,0.0
2019-03-26,11,0,132,13.38,13.38,0.0,304.052471,0.0
2019-03-26,11,0,133,41.94,41.94,0.0,293.298966,0.0
2019-03-26,11,0,134,0.0,0.0,0.0,0.0,0.0
2019-03-26,11,0,135,56.2,56.2,0.0,393.023412,0.0
2019-03-26,11,0,136,42.16,42.16,0.0,290.131528,0.0
2019-03-26,11,0,139,44.94,44.94,0.0,-240.018507,0.0
2019-03-26,11,0,140,120.89,120.89,0.0,2541.86086,0.0
2019-03-26,11,0,141,116.64,116.64,0.0,2592.604085,0.0
2019-03-26,11,0,142,470.5,470.5,0.0,10457.992299,0.0
2019-03-26,11,0,143,238.5,238.5,0.0,-163083.746336,0.0
2019-03-26,11,0,145,43.95,43.95,0.0,-11.678093,0.0
2019-03-26,11,0,146,268.0,268.0,0.0,5635.029453,0.0
2019-03-26,11,0,152,4.89,4.89,0.0,21.292297,0.0
2019-03-26,11,0,153,6.58,6.58,0.0,27.886185,0.0
2019-03-26,11,0,154,54.48,54.48,0.0,-290.970366,0.0
2019-03-26,11,0,157,164.9,164.9,0.0,3665.29847,0.0
2019-03-26,11,0,158,336.29,336.29,0.0,7474.852774,0.0
2019-03-26,11,0,159,0.0,0.0,0.0,0.0,0.0
2019-03-26,11,0,160,2.94,2.94,0.0,15.435591,0.0
2019-03-26,11,0,161,67.87,67.87,0.0,1535.195239,0.0
2019-03-26,11,0,162,11.87,11.87,0.0,237.635663,0.0
2019-03-26,11,0,163,10.2,10.2,0.0,214.467539,0.0
2019-03-26,11,0,164,22.23,22.23,0.0,-15200.635979,0.0
2019-03-26,11,0,167,7.35,7.35,0.0,147.041002,0.0
2019-03-26,11,0,168,3.67,3.67,0.0,73.420473,0.0
2019-03-26,11,0,169,0.0,0.0,0.0,0.0,0.0
2019-03-26,11,0,170,8.04,8.04,0.0,160.844851,0.0
2019-03-26,11,0,172,9.83,9.83,0.0,190.136028,0.0
2019-03-26,11,0,173,14.98,14.98,0.0,289.749512,0.0
2019-03-26,11,0,188,13.07,13.07,0.0,260.061443,0.0
2019-03-26,11,0,190,10.79,10.79,0.0,220.052936,0.0
2019-03-26,11,0,191,27.86,27.86,0.0,568.181167,0.0
2019-03-26,11,0,192,0.0,0.0,0.0,0.0,0.0
2019-03-26,11,0,194,6.38,6.38,0.0,133.707307,0.0
2019-03-26,11,0,196,7.2,7.2,0.0,149.268545,0.0
2019-03-26,11,0,198,11.82,11.82,0.0,84.057102,0.0
2019-03-26,11,0,199,3.57,3.57,0.0,52.7778,0.0
2019-03-26,11,0,200,22.78,22.78,0.0,336.772629,0.0
2019-03-26,11,0,204,127.73,127.73,0.0,256.642924,0.0
2019-03-26,11,0,205,301.3,301.3,0.0,653.409322,0.0
2019-03-26,11,0,206,605.21,605.21,0.0,18181.380755,0.0
2019-03-26,11,0,210,2.95,2.95,0.0,16.254271,0.0
2019-03-26,11,0,214,15.97,15.97,0.0,172.739571,0.0
2019-03-26,11,0,217,10.92,10.92,0.0,93.07781,0.0
2019-03-26,11,0,218,15.08,15.08,0.0,128.536023,0.0
2019-03-26,11,0,219,10.27,10.27,0.0,87.537464,0.0
2019-03-26,11,0,221,8.52,8.52,0.0,92.156615,0.0
2019-03-26,11,0,225,8.48,8.48,0.0,40.702617,0.0
2019-03-26,11,0,233,4.9,4.9,0.0,46.042809,0.0
2019-03-26,11,0,236,159.03,159.03,0.0,904.383973,0.0
2019-03-26,11,0,237,322.11,322.11,0.0,1271.244904,0.0
2019-03-26,11,0,238,56.24,56.24,0.0,363.379895,0.0
2019-03-26,11,0,240,12.45,12.45,0.0,43.448123,0.0
2019-03-26,11,0,245,78.0,78.0,0.0,572.625222,0.0
2019-03-26,11,0,247,171.72,171.72,0.0,1260.65645,0.0
2019-03-26,11,0,248,38.35,38.35,0.0,151.352774,0.0
2019-03-26,11,0,249,150.0,150.0,0.0,1101.20235,0.0
2019-03-26,11,0,251,288.46,288.46,0.0,1940.622507,0.0
2019-03-26,11,0,252,245.15,245.15,0.0,1688.35056,0.0
2019-03-26,11,0,254,19.96,19.96,0.0,85.275238,0.0
2019-03-26,11,0,255,9.15,9.15,0.0,39.091604,0.0
2019-03-26,11,0,258,16.1,16.1,0.0,57.368805,0.0
2019-03-26,11,0,260,7.15,7.15,0.0,37.538937,0.0
2019-03-26,11,0,265,56.4,56.4,0.0,-301.224828,0.0
2019-03-26,11,0,266,29.1,29.1,0.0,-155.419193,0.0
2019-03-26,11,0,267,35.76,35.76,0.0,-190.989359,0.0
2019-03-26,11,0,270,34.52,34.52,0.0,725.825436,0.0
2019-03-26,11,0,272,48.97,48.97,0.0,1076.654322,0.0
2019-03-26,11,0,273,32.04,32.04,0.0,673.680387,0.0
2019-03-26,11,0,274,45.08,45.08,0.0,947.862417,0.0
2019-03-26,11,0,275,63.61,63.61,0.0,1337.478446,0.0
2019-03-26,11,0,276,7.18,7.18,0.0,152.893976,0.0
2019-03-26,11,0,277,8.9,8.9,0.0,200.726231,0.0
2019-03-26,11,0,278,14.25,14.25,0.0,321.387504,0.0
2019-03-26,11,0,279,32.15,32.15,0.0,725.095317,0.0
2019-03-26,11,0,281,52.29,52.29,0.0,-35755.342121,0.0
2019-03-26,11,0,282,223.94,223.94,0.0,-153127.774233,0.0
2019-03-26,12,0,9,4.19,4.19,0.0,-1671.468928,0.0
2019-03-26,12,0,17,28.55,28.55,0.0,131.601996,0.0
2019-03-26,12,0,19,192.99,192.99,0.0,889.592614,0.0
2019-03-26,12,0,20,234.06,234.06,0.0,1078.905887,0.0
2019-03-26,12,0,21,95.91,95.91,0.0,-38260.2828,0.0
2019-03-26,12,0,22,340.86,340.86,0.0,-135975.393548,0.0
2019-03-26,12,0,23,41.06,41.06,0.0,-16379.597662,0.0
2019-03-26,12,0,24,68.73,68.73,0.0,-27417.675288,0.0
2019-03-26,12,0,29,11.77,11.77,0.0,57.230127,0.0
2019-03-26,12,0,30,516.47,516.47,0.0,-516470.0,0.0
2019-03-26,12,0,31,125.0,125.0,0.0,-125000.0,0.0
2019-03-26,12,0,32,7.69,7.69,0.0,148.63281,0.0
2019-03-26,12,0,33,2.18,2.18,0.0,22.419464,0.0
2019-03-26,12,0,34,3.49,3.49,0.0,35.891711,0.0
2019-03-26,12,0,35,3.49,3.49,0.0,35.891711,0.0
2019-03-26,12,0,36,14.12,14.12,0.0,-53.803758,0.0
2019-03-26,12,0,37,6.53,6.53,0.0,-25.064317,0.0
2019-03-26,12,0,38,8.39,8.39,0.0,-32.203617,0.0
2019-03-26,12,0,39,5.59,5.59,0.0,-21.456283,0.0
2019-03-26,12,0,40,5.59,5.59,0.0,-21.456283,0.0
2019-03-26,12,0,41,34.8,34.8,0.0,-743.86432,0.0
2019-03-26,12,0,42,56.78,56.78,0.0,191.886076,0.0
2019-03-26,12,0,43,46.67,46.67,0.0,-121.416639,0.0
2019-03-26,12,0,46,40.35,40.35,0.0,-213.894198,0.0
2019-03-26,12,0,52,132.5,132.5,0.0,-132500.0,0.0
2019-03-26,12,0,53,210.5,210.5,0.0,-210500.0,0.0
2019-03-26,12,0,55,623.0,623.0,0.0,-248526.286982,0.0
2019-03-26,12,0,56,152.34,152.34,0.0,-152340.0,0.0
2019-03-26,12,0,57,144.91,144.91,0.0,-144910.0,0.0
2019-03-26,12,0,58,278.67,278.67,0.0,-278670.0,0.0
2019-03-26,12,0,59,274.03,274.03,0.0,-274030.0,0.0
2019-03-26,12,0,63,1.54,1.54,0.0,39.5525,0.0
2019-03-26,12,0,64,1.82,1.82,0.0,46.743864,0.0
2019-03-26,12,0,65,41.4,41.4,0.0,181.374576,0.0
2019-03-26,12,0,67,456.87,456.87,0.0,-5466.180564,0.0
2019-03-26,12,0,68,8.5,8.5,0.0,-12.401738,0.0
2019-03-26,12,0,69,2.18,2.18,0.0,22.419464,0.0
2019-03-26,12,0,74,217.6,217.6,0.0,-513.823913,0.0
2019-03-26,12,0,77,28.75,28.75,0.0,242.651247,0.0
2019-03-26,12,0,78,21.74,21.74,0.0,183.486543,0.0
2019-03-26,12,0,79,12.58,12.58,0.0,106.175746,0.0
2019-03-26,12,0,80,20.34,20.34,0.0,171.670482,0.0
2019-03-26,12,0,81,26.6,26.6,0.0,224.505154,0.0
2019-03-26,12,0,82,18.76,18.76,0.0,158.335214,0.0
2019-03-26,12,0,83,41.84,41.84,0.0,353.131415,0.0
2019-03-26,12,0,84,0.0,0.0,0.0,0.0,0.0
2019-03-26,12,0,86,11.06,11.06,0.0,113.742786,0.0
2019-03-26,12,0,87,56.44,56.44,0.0,580.437872,0.0
2019-03-26,12,0,88,19.79,19.79,0.0,167.028458,0.0
2019-03-26,12,0,89,19.02,19.02,0.0,160.529625,0.0
2019-03-26,12,0,90,25.54,25.54,0.0,215.558708,0.0
2019-03-26,12,0,91,91.12,91.12,0.0,769.056752,0.0
2019-03-26,12,0,92,32.77,32.77,0.0,276.580221,0.0
2019-03-26,12,0,95,7.62,7.62,0.0,148.176842,0.0
2019-03-26,12,0,96,24.91,24.91,0.0,629.008062,0.0
2019-03-26,12,0,97,153.16,153.16,0.0,3867.477909,0.0
2019-03-26,12,0,99,42.0,42.0,0.0,-99.175571,0.0
2019-03-26,12,0,101,10.4,10.4,0.0,-10400.0,0.0
2019-03-26,12,0,102,20.12,20.12,0.0,-29.355644,0.0
2019-03-26,12,0,103,17.5,17.5,0.0,-25.532991,0.0
2019-03-26,12,0,104,3.25,3.25,0.0,-4.741841,0.0
2019-03-26,12,0,106,335.55,335.55,0.0,-133857.135789,0.0
2019-03-26,12,0,109,36.65,36.65,0.0,-291.240675,0.0
2019-03-26,12,0,110,238.91,238.91,0.0,-10544.34905,0.0
2019-03-26,12,0,111,17.65,17.65,0.0,-377.276013,0.0
2019-03-26,12,0,113,10.33,10.33,0.0,70.169248,0.0
2019-03-26,12,0,115,10.33,10.33,0.0,70.169248,0.0
2019-03-26,12,0,116,169.28,169.28,0.0,-7471.21262,0.0
2019-03-26,12,0,117,0.69,0.69,0.0,4.687007,0.0
2019-03-26,12,0,119,1.82,1.82,0.0,46.743864,0.0
2019-03-26,12,0,120,1.07,1.07,0.0,27.481283,0.0
2019-03-26,12,0,123,5.59,5.59,0.0,-2229.954967,0.0
2019-03-26,12,0,125,62.89,62.89,0.0,-25087.990671,0.0
2019-03-26,12,0,126,251.66,251.66,0.0,-100391.854545,0.0
2019-03-26,12,0,127,322.96,322.96,0.0,-128834.750632,0.0
2019-03-26,12,0,128,86.22,86.22,0.0,-34394.761579,0.0
2019-03-26,12,0,131,11.89,11.89,0.0,16.011505,0.0
2019-03-26,12,0,132,17.48,17.48,0.0,23.539201,0.0
2019-03-26,12,0,133,41.94,41.94,0.0,194.226448,0.0
2019-03-26,12,0,134,0.0,0.0,0.0,0.0,0.0
2019-03-26,12,0,135,56.2,56.2,0.0,260.265293,0.0
2019-03-26,12,0,136,45.9,45.9,0.0,200.513429,0.0
2019-03-26,12,0,139,44.94,44.94,0.0,-960.610992,0.0
2019-03-26,12,0,140,176.82,176.82,0.0,-7803.992294,0.0
2019-03-26,12,0,141,144.02,144.02,0.0,-1723.114507,0.0
2019-03-26,12,0,142,602.5,602.5,0.0,-7208.557774,0.0
2019-03-26,12,0,143,238.5,238.5,0.0,-238500.0,0.0
2019-03-26,12,0,145,31.46,31.46,0.0,-493.674493,0.0
2019-03-26,12,0,146,268.0,268.0,0.0,-11828.243043,0.0
2019-03-26,12,0,152,6.3,6.3,0.0,-10.608973,0.0
2019-03-26,12,0,153,8.53,8.53,0.0,-16.756119,0.0
2019-03-26,12,0,154,72.82,72.82,0.0,-1556.557465,0.0
2019-03-26,12,0,157,234.57,234.57,0.0,-2806.491945,0.0
2019-03-26,12,0,158,435.19,435.19,0.0,-5206.792129,0.0
2019-03-26,12,0,159,0.0,0.0,0.0,-0.0,0.0
2019-03-26,12,0,160,3.73,3.73,0.0,4.223224,0.0
2019-03-26,12,0,161,85.84,85.84,0.0,-125.242967,0.0
2019-03-26,12,0,162,4.38,4.38,0.0,85.517481,0.0
2019-03-26,12,0,163,17.11,17.11,0.0,-755.153875,0.0
2019-03-26,12,0,164,28.9,28.9,0.0,-28900.0,0.0
2019-03-26,12,0,167,9.01,9.01,0.0,173.683941,0.0
2019-03-26,12,0,168,4.51,4.51,0.0,86.938355,0.0
2019-03-26,12,0,169,0.0,0.0,0.0,0.0,0.0
2019-03-26,12,0,170,9.86,9.86,0.0,190.069219,0.0
2019-03-26,12,0,172,11.83,11.83,0.0,178.388052,0.0
2019-03-26,12,0,173,18.03,18.03,0.0,271.879676,0.0
2019-03-26,12,0,188,15.64,15.64,0.0,280.280482,0.0
2019-03-26,12,0,190,13.26,13.26,0.0,340.562438,0.0
2019-03-26,12,0,191,34.24,34.24,0.0,879.401048,0.0
2019-03-26,12,0,192,9.54,9.54,0.0,245.020035,0.0
2019-03-26,12,0,194,7.31,7.31,0.0,95.582653,0.0
2019-03-26,12,0,196,9.21,9.21,0.0,338.232781,0.0
2019-03-26,12,0,198,14.65,14.65,0.0,101.115719,0.0
2019-03-26,12,0,199,6.79,6.79,0.0,136.252406,0.0
2019-03-26,12,0,200,27.74,27.74,0.0,556.648267,0.0
2019-03-26,12,0,204,146.77,146.77,0.0,-1245.310136,0.0
2019-03-26,12,0,205,193.87,193.87,0.0,-1540.595626,0.0
2019-03-26,12,0,206,450.03,450.03,0.0,11363.809633,0.0
2019-03-26,12,0,210,3.6,3.6,0.0,22.576662,0.0
2019-03-26,12,0,214,20.27,20.27,0.0,276.296266,0.0
2019-03-26,12,0,217,13.54,13.54,0.0,141.799061,0.0
2019-03-26,12,0,218,18.69,18.69,0.0,195.732973,0.0
2019-03-26,12,0,219,12.73,12.73,0.0,133.316252,0.0
2019-03-26,12,0,221,10.81,10.81,0.0,147.348921,0.0
2019-03-26,12,0,225,10.37,10.37,0.0,49.011823,0.0
2019-03-26,12,0,233,6.26,6.26,0.0,64.378828,0.0
2019-03-26,12,0,236,159.03,159.03,0.0,243.480935,0.0
2019-03-26,12,0,237,522.0,522.0,0.0,-1232.610674,0.0
2019-03-26,12,0,238,73.9,73.9,0.0,249.742533,0.0
2019-03-26,12,0,240,16.0,16.0,0.0,-60.967431,0.0
2019-03-26,12,0,245,78.0,78.0,0.0,425.0831,0.0
2019-03-26,12,0,247,171.72,171.72,0.0,935.836794,0.0
2019-03-26,12,0,248,52.4,52.4,0.0,-123.733332,0.0
2019-03-26,12,0,249,150.0,150.0,0.0,817.4675,0.0
2019-03-26,12,0,251,326.4,326.4,0.0,1307.516515,0.0
2019-03-26,12,0,252,267.06,267.06,0.0,1169.997445,0.0
2019-03-26,12,0,254,25.96,25.96,0.0,-43.214284,0.0
2019-03-26,12,0,255,11.9,11.9,0.0,-19.809321,0.0
2019-03-26,12,0,258,20.49,20.49,0.0,-74.075917,0.0
2019-03-26,12,0,260,9.05,9.05,0.0,10.246697,0.0
2019-03-26,12,0,265,75.4,75.4,0.0,-1611.706026,0.0
2019-03-26,12,0,266,29.1,29.1,0.0,-622.024474,0.0
2019-03-26,12,0,267,35.76,35.76,0.0,-764.384715,0.0
2019-03-26,12,0,270,53.43,53.43,0.0,-2358.145619,0.0
2019-03-26,12,0,272,34.52,34.52,0.0,234.486199,0.0
2019-03-26,12,0,273,40.48,40.48,0.0,-1786.594322,0.0
2019-03-26,12,0,274,68.88,68.88,0.0,-3040.035003,0.0
2019-03-26,12,0,275,95.88,95.88,0.0,-4231.686354,0.0
2019-03-26,12,0,276,9.1,9.1,0.0,-336.264741,0.0
2019-03-26,12,0,277,11.21,11.21,0.0,83.5502,0.0
2019-03-26,12,0,278,17.93,17.93,0.0,133.635601,0.0
2019-03-26,12,0,279,46.81,46.81,0.0,348.883573,0.0
2019-03-26,12,0,281,56.1,56.1,0.0,-56100.0,0.0
2019-03-26,12,0,282,283.32,283.32,0.0,-283320.0,0.0
2019-03-26,13,0,9,4.11,4.11,0.0,-2095.707125,0.0
2019-03-26,13,0,17,31.1,31.1,0.0,-186.474631,0.0
2019-03-26,13,0,19,192.99,192.99,0.0,-1157.16203,0.0
2019-03-26,13,0,20,234.06,234.06,0.0,-1403.416471,0.0
2019-03-26,13,0,21,94.07,94.07,0.0,-47966.707838,0.0
2019-03-26,13,0,22,334.3,334.3,0.0,-170461.044227,0.0
2019-03-26,13,0,23,90.35,90.35,0.0,-46069.863434,0.0
2019-03-26,13,0,24,157.79,157.79,0.0,-80457.816837,0.0
2019-03-26,13,0,29,12.5,12.5,0.0,54.56154,0.0
2019-03-26,13,0,30,881.41,881.41,0.0,-881410.0,0.0
2019-03-26,13,0,31,125.0,125.0,0.0,-125000.0,0.0
2019-03-26,13,0,32,7.68,7.68,0.0,228.694173,0.0
2019-03-26,13,0,33,3.35,3.35,0.0,18.606603,0.0
2019-03-26,13,0,34,5.37,5.37,0.0,29.826107,0.0
2019-03-26,13,0,35,5.37,5.37,0.0,29.826107,0.0
2019-03-26,13,0,36,16.99,16.99,0.0,-193.765522,0.0
2019-03-26,13,0,37,8.2,8.2,0.0,-75.326111,0.0
2019-03-26,13,0,38,10.55,10.55,0.0,-96.913472,0.0
2019-03-26,13,0,39,7.03,7.03,0.0,-64.578361,0.0
2019-03-26,13,0,40,7.03,7.03,0.0,-64.578361,0.0
2019-03-26,13,0,41,34.8,34.8,0.0,-4871.379498,0.0
2019-03-26,13,0,42,78.67,78.67,0.0,-668.666889,0.0
2019-03-26,13,0,43,52.34,52.34,0.0,-177.397555,0.0
2019-03-26,13,0,46,44.84,44.84,0.0,370.62908,0.0
2019-03-26,13,0,52,132.5,132.5,0.0,-132500.0,0.0
2019-03-26,13,0,53,210.5,210.5,0.0,-210500.0,0.0
2019-03-26,13,0,55,623.0,623.0,0.0,-317670.447362,0.0
2019-03-26,13,0,56,259.98,259.98,0.0,-259980.0,0.0
2019-03-26,13,0,57,247.3,247.3,0.0,-247300.0,0.0
2019-03-26,13,0,58,475.58,475.58,0.0,-475580.0,0.0
2019-03-26,13,0,59,467.65,467.65,0.0,-467650.0,0.0
2019-03-26,13,0,63,2.99,2.99,0.0,267.460093,0.0
2019-03-26,13,0,64,3.52,3.52,0.0,314.869408,0.0
2019-03-26,13,0,65,41.4,41.4,0.0,-267.48773,0.0
2019-03-26,13,0,67,492.98,492.98,0.0,-492980.0,0.0
2019-03-26,13,0,68,12.12,12.12,0.0,-12120.0,0.0
2019-03-26,13,0,69,3.35,3.35,0.0,18.606603,0.0
2019-03-26,13,0,74,217.6,217.6,0.0,-5415.558738,0.0
2019-03-26,13,0,77,34.7,34.7,0.0,-6672.162016,0.0
2019-03-26,13,0,78,26.23,26.23,0.0,-5043.539184,0.0
2019-03-26,13,0,79,15.18,15.18,0.0,-2918.830531,0.0
2019-03-26,13,0,80,24.55,24.55,0.0,-4720.506556,0.0
2019-03-26,13,0,81,32.09,32.09,0.0,-6170.307755,0.0
2019-03-26,13,0,82,22.64,22.64,0.0,-4353.249223,0.0
2019-03-26,13,0,83,50.48,50.48,0.0,-9706.361343,0.0
2019-03-26,13,0,84,0.0,0.0,0.0,-0.0,0.0
2019-03-26,13,0,86,17.0,17.0,0.0,94.421567,0.0
2019-03-26,13,0,87,86.77,86.77,0.0,481.938785,0.0
2019-03-26,13,0,88,24.03,24.03,0.0,-4620.520267,0.0
2019-03-26,13,0,89,23.1,23.1,0.0,-4441.698633,0.0
2019-03-26,13,0,90,31.02,31.02,0.0,-5964.566736,0.0
2019-03-26,13,0,91,110.66,110.66,0.0,-21277.851549,0.0
2019-03-26,13,0,92,39.8,39.8,0.0,-7652.79678,0.0
2019-03-26,13,0,95,2.44,2.44,0.0,47.447703,0.0
2019-03-26,13,0,96,29.88,29.88,0.0,-4923.30767,0.0
2019-03-26,13,0,97,183.75,183.75,0.0,-30276.364938,0.0
2019-03-26,13,0,99,42.0,42.0,0.0,-1045.282477,0.0
2019-03-26,13,0,101,17.76,17.76,0.0,-17760.0,0.0
2019-03-26,13,0,102,28.68,28.68,0.0,-28680.0,0.0
2019-03-26,13,0,103,24.94,24.94,0.0,-24940.0,0.0
2019-03-26,13,0,104,4.63,4.63,0.0,-4630.0,0.0
2019-03-26,13,0,106,329.09,329.09,0.0,-167804.442251,0.0
2019-03-26,13,0,109,42.0,42.0,0.0,-460.302317,0.0
2019-03-26,13,0,110,338.6,338.6,0.0,-338600.0,0.0
2019-03-26,13,0,111,18.82,18.82,0.0,-2634.464429,0.0
2019-03-26,13,0,113,13.64,13.64,0.0,-2707.231515,0.0
2019-03-26,13,0,115,13.64,13.64,0.0,-2707.231515,0.0
2019-03-26,13,0,116,188.08,188.08,0.0,-188080.0,0.0
2019-03-26,13,0,117,0.91,0.91,0.0,-180.614419,0.0
2019-03-26,13,0,119,3.52,3.52,0.0,314.869408,0.0
2019-03-26,13,0,120,2.07,2.07,0.0,185.16468,0.0
2019-03-26,13,0,123,5.48,5.48,0.0,-2794.276166,0.0
2019-03-26,13,0,125,143.27,143.27,0.0,-73054.004805,0.0
2019-03-26,13,0,126,246.82,246.82,0.0,-125854.606449,0.0
2019-03-26,13,0,127,316.75,316.75,0.0,-161512.221833,0.0
2019-03-26,13,0,128,202.25,202.25,0.0,-103128.1669,0.0
2019-03-26,13,0,131,15.32,15.32,0.0,-2974.652937,0.0
2019-03-26,13,0,132,22.53,22.53,0.0,-4374.603829,0.0
2019-03-26,13,0,133,41.94,41.94,0.0,-249.633194,0.0
2019-03-26,13,0,134,0.0,0.0,0.0,-0.0,0.0
2019-03-26,13,0,135,56.2,56.2,0.0,-334.51086,0.0
2019-03-26,13,0,136,45.9,45.9,0.0,-297.734419,0.0
2019-03-26,13,0,139,44.94,44.94,0.0,-6290.798696,0.0
2019-03-26,13,0,140,250.6,250.6,0.0,-250600.0,0.0
2019-03-26,13,0,141,175.17,175.17,0.0,-175170.0,0.0
2019-03-26,13,0,142,650.12,650.12,0.0,-650120.0,0.0
2019-03-26,13,0,143,238.5,238.5,0.0,-238500.0,0.0
2019-03-26,13,0,145,70.85,70.85,0.0,-14363.95214,0.0
2019-03-26,13,0,146,268.0,268.0,0.0,-268000.0,0.0
2019-03-26,13,0,152,8.85,8.85,0.0,-140.871228,0.0
2019-03-26,13,0,153,13.45,13.45,0.0,-219.231199,0.0
2019-03-26,13,0,154,77.64,77.64,0.0,-10868.215638,0.0
2019-03-26,13,0,157,250.0,250.0,0.0,-250000.0,0.0
2019-03-26,13,0,158,498.21,498.21,0.0,-498210.0,0.0
2019-03-26,13,0,159,0.0,0.0,0.0,-0.0,0.0
2019-03-26,13,0,160,4.1,4.1,0.0,2.923129,0.0
2019-03-26,13,0,161,94.99,94.99,0.0,-94990.0,0.0
2019-03-26,13,0,162,0.0,0.0,0.0,0.0,0.0
2019-03-26,13,0,163,15.55,15.55,0.0,-15550.0,0.0
2019-03-26,13,0,164,32.63,32.63,0.0,-32630.0,0.0
2019-03-26,13,0,167,8.58,8.58,0.0,147.944655,0.0
2019-03-26,13,0,168,4.29,4.29,0.0,73.972327,0.0
2019-03-26,13,0,169,0.0,0.0,0.0,0.0,0.0
2019-03-26,13,0,170,9.39,9.39,0.0,161.911458,0.0
2019-03-26,13,0,172,11.43,11.43,0.0,122.74828,0.0
2019-03-26,13,0,173,17.42,17.42,0.0,187.075682,0.0
2019-03-26,13,0,188,15.57,15.57,0.0,240.00546,0.0
2019-03-26,13,0,190,14.95,14.95,0.0,484.791979,0.0
2019-03-26,13,0,191,38.63,38.63,0.0,1252.676531,0.0
2019-03-26,13,0,192,27.01,27.01,0.0,875.868318,0.0
2019-03-26,13,0,194,9.09,9.09,0.0,-867.245911,0.0
2019-03-26,13,0,196,10.29,10.29,0.0,2186.813831,0.0
2019-03-26,13,0,198,17.26,17.26,0.0,123.746436,0.0
2019-03-26,13,0,199,11.9,11.9,0.0,-51.916376,0.0
2019-03-26,13,0,200,29.73,29.73,0.0,-129.703685,0.0
2019-03-26,13,0,204,174.01,174.01,0.0,3830.326218,0.0
2019-03-26,13,0,205,222.16,222.16,0.0,-2434.780066,0.0
2019-03-26,13,0,206,539.94,539.94,0.0,-88965.553657,0.0
2019-03-26,13,0,210,3.71,3.71,0.0,24.50961,0.0
2019-03-26,13,0,214,21.94,21.94,0.0,267.582158,0.0
2019-03-26,13,0,217,14.69,14.69,0.0,148.026401,0.0
2019-03-26,13,0,218,20.27,20.27,0.0,204.254265,0.0
2019-03-26,13,0,219,13.81,13.81,0.0,139.158925,0.0
2019-03-26,13,0,221,11.7,11.7,0.0,142.694223,0.0
2019-03-26,13,0,225,11.23,11.23,0.0,46.587212,0.0
2019-03-26,13,0,233,9.62,9.62,0.0,53.431498,0.0
2019-03-26,13,0,236,319.85,319.85,0.0,-3690.16186,0.0
2019-03-26,13,0,237,522.0,522.0,0.0,-12991.367928,0.0
2019-03-26,13,0,238,102.39,102.39,0.0,-870.278414,0.0
2019-03-26,13,0,240,19.26,19.26,0.0,-219.654147,0.0
2019-03-26,13,0,245,78.0,78.0,0.0,-334.285062,0.0
2019-03-26,13,0,247,171.72,171.72,0.0,-735.941422,0.0
2019-03-26,13,0,248,52.4,52.4,0.0,-1304.114328,0.0
2019-03-26,13,0,249,150.0,150.0,0.0,-642.855889,0.0
2019-03-26,13,0,251,326.4,326.4,0.0,-2358.126608,0.0
2019-03-26,13,0,252,267.06,267.06,0.0,-1725.489693,0.0
2019-03-26,13,0,254,29.37,29.37,0.0,-69.310877,0.0
2019-03-26,13,0,255,13.46,13.46,0.0,-31.764535,0.0
2019-03-26,13,0,258,23.59,23.59,0.0,-238.49811,0.0
2019-03-26,13,0,260,9.95,9.95,0.0,7.093934,0.0
2019-03-26,13,0,265,80.38,80.38,0.0,-11251.766782,0.0
2019-03-26,13,0,266,29.1,29.1,0.0,-4073.481132,0.0
2019-03-26,13,0,267,35.76,35.76,0.0,-5005.76238,0.0
2019-03-26,13,0,270,48.37,48.37,0.0,-48370.0,0.0
2019-03-26,13,0,272,45.58,45.58,0.0,-9046.599154,0.0
2019-03-26,13,0,273,44.98,44.98,0.0,-44980.0,0.0
2019-03-26,13,0,274,62.33,62.33,0.0,-62330.0,0.0
2019-03-26,13,0,275,86.72,86.72,0.0,-86720.0,0.0
2019-03-26,13,0,276,10.16,10.16,0.0,-10160.0,0.0
2019-03-26,13,0,277,12.63,12.63,0.0,-2475.395181,0.0
2019-03-26,13,0,278,20.21,20.21,0.0,-3961.024276,0.0
2019-03-26,13,0,279,96.38,96.38,0.0,-18889.83274,0.0
2019-03-26,13,0,281,56.1,56.1,0.0,-56100.0,0.0
2019-03-26,13,0,282,483.51,483.51,0.0,-483510.0,0.0
2019-03-26,14,0,9,4.25,4.25,0.0,-2377.801194,0.0
2019-03-26,14,0,17,31.68,31.68,0.0,-322.397952,0.0
2019-03-26,14,0,19,192.99,192.99,0.0,-1964.001918,0.0
2019-03-26,14,0,20,234.06,234.06,0.0,-2381.959111,0.0
2019-03-26,14,0,21,97.13,97.13,0.0,-54342.548233,0.0
2019-03-26,14,0,22,345.18,345.18,0.0,-193122.215577,0.0
2019-03-26,14,0,23,42.61,42.61,0.0,-23839.555031,0.0
2019-03-26,14,0,24,73.27,73.27,0.0,-40993.292587,0.0
2019-03-26,14,0,29,12.47,12.47,0.0,54.229735,0.0
2019-03-26,14,0,30,932.33,932.33,0.0,-932330.0,0.0
2019-03-26,14,0,31,125.0,125.0,0.0,-125000.0,0.0
2019-03-26,14,0,32,7.62,7.62,0.0,316.72333,0.0
2019-03-26,14,0,33,3.39,3.39,0.0,13.733518,0.0
2019-03-26,14,0,34,5.42,5.42,0.0,21.957425,0.0
2019-03-26,14,0,35,5.42,5.42,0.0,21.957425,0.0
2019-03-26,14,0,36,17.51,17.51,0.0,-250.550644,0.0
2019-03-26,14,0,37,8.25,8.25,0.0,-91.449561,0.0
2019-03-26,14,0,38,10.6,10.6,0.0,-117.49883,0.0
2019-03-26,14,0,39,7.07,7.07,0.0,-78.369503,0.0
2019-03-26,14,0,40,7.07,7.07,0.0,-78.369503,0.0
2019-03-26,14,0,41,34.8,34.8,0.0,-6708.810051,0.0
2019-03-26,14,0,42,81.31,81.31,0.0,-1078.236497,0.0
2019-03-26,14,0,43,53.32,53.32,0.0,-173.079123,0.0
2019-03-26,14,0,46,45.27,45.27,0.0,672.544532,0.0
2019-03-26,14,0,52,132.5,132.5,0.0,-132500.0,0.0
2019-03-26,14,0,53,210.5,210.5,0.0,-210500.0,0.0
2019-03-26,14,0,55,623.0,623.0,0.0,-348557.680933,0.0
2019-03-26,14,0,56,275.0,275.0,0.0,-275000.0,0.0
2019-03-26,14,0,57,261.59,261.59,0.0,-261590.0,0.0
2019-03-26,14,0,58,503.05,503.05,0.0,-503050.0,0.0
2019-03-26,14,0,59,494.67,494.67,0.0,-494670.0,0.0
2019-03-26,14,0,63,4.17,4.17,0.0,465.498888,0.0
2019-03-26,14,0,64,4.9,4.9,0.0,546.989101,0.0
2019-03-26,14,0,65,41.4,41.4,0.0,-445.033977,0.0
2019-03-26,14,0,67,498.07,498.07,0.0,-275038.38126,0.0
2019-03-26,14,0,68,9.34,9.34,0.0,-3791.870887,0.0
2019-03-26,14,0,69,3.39,3.39,0.0,13.733518,0.0
2019-03-26,14,0,74,217.6,217.6,0.0,-7499.873054,0.0
2019-03-26,14,0,77,42.9,42.9,0.0,-12098.730613,0.0
2019-03-26,14,0,78,32.43,32.43,0.0,-9145.963492,0.0
2019-03-26,14,0,79,18.77,18.77,0.0,-5293.54717,0.0
2019-03-26,14,0,80,30.35,30.35,0.0,-8559.358371,0.0
2019-03-26,14,0,81,39.68,39.68,0.0,-11190.620763,0.0
2019-03-26,14,0,82,27.99,27.99,0.0,-7893.787176,0.0
2019-03-26,14,0,83,62.42,62.42,0.0,-17603.794053,0.0
2019-03-26,14,0,84,0.0,0.0,0.0,0.0,0.0
2019-03-26,14,0,86,17.16,17.16,0.0,69.518341,0.0
2019-03-26,14,0,87,87.62,87.62,0.0,354.964862,0.0
2019-03-26,14,0,88,30.17,30.17,0.0,-8508.594466,0.0
2019-03-26,14,0,89,29.0,29.0,0.0,-8178.629086,0.0
2019-03-26,14,0,90,38.94,38.94,0.0,-10981.92471,0.0
2019-03-26,14,0,91,138.9,138.9,0.0,-39172.813104,0.0
2019-03-26,14,0,92,49.95,49.95,0.0,-14086.983546,0.0
2019-03-26,14,0,95,3.76,3.76,0.0,73.116132,0.0
2019-03-26,14,0,96,31.39,31.39,0.0,-7836.70053,0.0
2019-03-26,14,0,97,210.51,210.51,0.0,-52555.075778,0.0
2019-03-26,14,0,99,42.0,42.0,0.0,-1447.585792,0.0
2019-03-26,14,0,101,18.78,18.78,0.0,-18780.0,0.0
2019-03-26,14,0,102,22.05,22.05,0.0,-8951.900756,0.0
2019-03-26,14,0,103,19.18,19.18,0.0,-7786.732722,0.0
2019-03-26,14,0,104,3.59,3.59,0.0,-1457.474998,0.0
2019-03-26,14,0,106,339.8,339.8,0.0,-190112.199006,0.0
2019-03-26,14,0,109,47.47,47.47,0.0,-560.861092,0.0
2019-03-26,14,0,110,338.6,338.6,0.0,-338600.0,0.0
2019-03-26,14,0,111,19.59,19.59,0.0,-3776.597382,0.0
2019-03-26,14,0,113,18.6,18.6,0.0,-4827.449302,0.0
2019-03-26,14,0,115,18.6,18.6,0.0,-4827.449302,0.0
2019-03-26,14,0,116,194.66,194.66,0.0,-194660.0,0.0
2019-03-26,14,0,117,1.24,1.24,0.0,-321.829953,0.0
2019-03-26,14,0,119,4.9,4.9,0.0,546.989101,0.0
2019-03-26,14,0,120,2.88,2.88,0.0,321.495635,0.0
2019-03-26,14,0,123,5.66,5.66,0.0,-3166.671708,0.0
2019-03-26,14,0,125,66.79,66.79,0.0,-37367.84512,0.0
2019-03-26,14,0,126,254.85,254.85,0.0,-142584.149255,0.0
2019-03-26,14,0,127,327.05,327.05,0.0,-182978.795424,0.0
2019-03-26,14,0,128,92.7,92.7,0.0,-51864.040165,0.0
2019-03-26,14,0,131,19.2,19.2,0.0,-7045.043099,0.0
2019-03-26,14,0,132,28.23,28.23,0.0,-10358.414932,0.0
2019-03-26,14,0,133,41.94,41.94,0.0,-424.547136,0.0
2019-03-26,14,0,134,0.0,0.0,0.0,-0.0,0.0
2019-03-26,14,0,135,56.2,56.2,0.0,-568.897212,0.0
2019-03-26,14,0,136,45.9,45.9,0.0,-494.850863,0.0
2019-03-26,14,0,139,44.94,44.94,0.0,-8663.618496,0.0
2019-03-26,14,0,140,250.6,250.6,0.0,-250600.0,0.0
2019-03-26,14,0,141,230.0,230.0,0.0,-127007.905896,0.0
2019-03-26,14,0,142,656.83,656.83,0.0,-362706.968826,0.0
2019-03-26,14,0,143,238.5,238.5,0.0,-238500.0,0.0
2019-03-26,14,0,145,46.01,46.01,0.0,-13172.372071,0.0
2019-03-26,14,0,146,268.0,268.0,0.0,-268000.0,0.0
2019-03-26,14,0,152,9.04,9.04,0.0,-196.830683,0.0
2019-03-26,14,0,153,13.66,13.66,0.0,-303.294296,0.0
2019-03-26,14,0,154,80.81,80.81,0.0,-15578.705178,0.0
2019-03-26,14,0,157,250.0,250.0,0.0,-138052.071626,0.0
2019-03-26,14,0,158,509.88,509.88,0.0,-281559.961124,0.0
2019-03-26,14,0,159,0.0,0.0,0.0,-0.0,0.0
2019-03-26,14,0,160,4.21,4.21,0.0,4.247798,0.0
2019-03-26,14,0,161,96.95,96.95,0.0,-39359.944596,0.0
2019-03-26,14,0,162,3.6,3.6,0.0,72.863223,0.0
2019-03-26,14,0,163,29.64,29.64,0.0,-29640.0,0.0
2019-03-26,14,0,164,32.91,32.91,0.0,-32910.0,0.0
2019-03-26,14,0,167,8.45,8.45,0.0,138.466254,0.0
2019-03-26,14,0,168,4.23,4.23,0.0,69.31506,0.0
2019-03-26,14,0,169,0.0,0.0,0.0,0.0,0.0
2019-03-26,14,0,170,9.25,9.25,0.0,151.575485,0.0
2019-03-26,14,0,172,11.3,11.3,0.0,150.634834,0.0
2019-03-26,14,0,173,17.23,17.23,0.0,229.684796,0.0
2019-03-26,14,0,188,15.58,15.58,0.0,348.874149,0.0
2019-03-26,14,0,190,15.52,15.52,0.0,503.275686,0.0
2019-03-26,14,0,191,40.1,40.1,0.0,1300.34504,0.0
2019-03-26,14,0,192,38.5,38.5,0.0,1248.460949,0.0
2019-03-26,14,0,194,12.26,12.26,0.0,-1590.368497,0.0
2019-03-26,14,0,196,10.55,10.55,0.0,2800.515226,0.0
2019-03-26,14,0,198,17.68,17.68,0.0,136.635332,0.0
2019-03-26,14,0,199,12.41,12.41,0.0,-1148.258328,0.0
2019-03-26,14,0,200,30.04,30.04,0.0,-2779.506863,0.0
2019-03-26,14,0,204,193.3,193.3,0.0,6998.868068,0.0
2019-03-26,14,0,205,251.13,251.13,0.0,-2967.117042,0.0
2019-03-26,14,0,206,745.19,745.19,0.0,-186041.123552,0.0
2019-03-26,14,0,210,3.68,3.68,0.0,13.103564,0.0
2019-03-26,14,0,214,22.09,22.09,0.0,269.411571,0.0
2019-03-26,14,0,217,14.44,14.44,0.0,157.293222,0.0
2019-03-26,14,0,218,19.93,19.93,0.0,217.095147,0.0
2019-03-26,14,0,219,13.58,13.58,0.0,147.925343,0.0
2019-03-26,14,0,221,11.78,11.78,0.0,143.66991,0.0
2019-03-26,14,0,225,11.32,11.32,0.0,50.090114,0.0
2019-03-26,14,0,233,9.71,9.71,0.0,39.33701,0.0
2019-03-26,14,0,236,157.57,157.57,0.0,-2654.36436,0.0
2019-03-26,14,0,237,522.0,522.0,0.0,-17991.423412,0.0
2019-03-26,14,0,238,105.83,105.83,0.0,-1403.39157,0.0
2019-03-26,14,0,240,19.85,19.85,0.0,-284.033711,0.0
2019-03-26,14,0,245,78.0,78.0,0.0,-629.45572,0.0
2019-03-26,14,0,247,171.72,171.72,0.0,-1385.770978,0.0
2019-03-26,14,0,248,52.4,52.4,0.0,-1806.035607,0.0
2019-03-26,14,0,249,150.0,150.0,0.0,-1210.49177,0.0
2019-03-26,14,0,251,326.4,326.4,0.0,-3815.692999,0.0
2019-03-26,14,0,252,267.06,267.06,0.0,-2870.791638,0.0
2019-03-26,14,0,254,29.27,29.27,0.0,-63.759105,0.0
2019-03-26,14,0,255,13.41,13.41,0.0,-29.211124,0.0
2019-03-26,14,0,258,24.43,24.43,0.0,-305.918448,0.0
2019-03-26,14,0,260,10.23,10.23,0.0,10.321846,0.0
2019-03-26,14,0,265,83.67,83.67,0.0,-16130.061406,0.0
2019-03-26,14,0,266,29.1,29.1,0.0,-5609.953232,0.0
2019-03-26,14,0,267,35.76,35.76,0.0,-6893.880673,0.0
2019-03-26,14,0,270,103.05,103.05,0.0,-103050.0,0.0
2019-03-26,14,0,272,62.15,62.15,0.0,-16130.428716,0.0
2019-03-26,14,0,273,46.55,46.55,0.0,-46550.0,0.0
2019-03-26,14,0,274,137.46,137.46,0.0,-137460.0,0.0
2019-03-26,14,0,275,199.93,199.93,0.0,-199930.0,0.0
2019-03-26,14,0,276,10.41,10.41,0.0,-9369.182825,0.0
2019-03-26,14,0,277,12.94,12.94,0.0,-3475.081567,0.0
2019-03-26,14,0,278,20.71,20.71,0.0,-5561.741828,0.0
2019-03-26,14,0,279,96.49,96.49,0.0,-25912.721825,0.0
2019-03-26,14,0,281,56.1,56.1,0.0,-56100.0,0.0
2019-03-26,14,0,282,511.44,511.44,0.0,-511440.0,0.0
2019-03-26,15,0,9,4.06,4.06,0.0,-1825.989321,0.0
2019-03-26,15,0,17,30.67,30.67,0.0,1595.10752,0.0
2019-03-26,15,0,19,192.99,192.99,0.0,10037.163364,0.0
2019-03-26,15,0,20,234.06,234.06,0.0,12173.161599,0.0
2019-03-26,15,0,21,92.88,92.88,0.0,-41772.878851,0.0
2019-03-26,15,0,22,330.1,330.1,0.0,-148462.82632,0.0
2019-03-26,15,0,23,32.64,32.64,0.0,-14679.874738,0.0
2019-03-26,15,0,24,57.75,57.75,0.0,-25973.123962,0.0
2019-03-26,15,0,29,11.4,11.4,0.0,37.404837,0.0
2019-03-26,15,0,30,899.65,899.65,0.0,-899650.0,0.0
2019-03-26,15,0,31,125.0,125.0,0.0,-125000.0,0.0
2019-03-26,15,0,32,7.16,7.16,0.0,325.56477,0.0
2019-03-26,15,0,33,3.32,3.32,0.0,265.184179,0.0
2019-03-26,15,0,34,5.31,5.31,0.0,424.134936,0.0
2019-03-26,15,0,35,5.31,5.31,0.0,424.134936,0.0
2019-03-26,15,0,36,16.85,16.85,0.0,181.515901,0.0
2019-03-26,15,0,37,7.97,7.97,0.0,83.978986,0.0
2019-03-26,15,0,38,10.24,10.24,0.0,107.897719,0.0
2019-03-26,15,0,39,6.83,6.83,0.0,71.966936,0.0
2019-03-26,15,0,40,6.83,6.83,0.0,71.966936,0.0
2019-03-26,15,0,41,58.96,58.96,0.0,-3550.382964,0.0
2019-03-26,15,0,42,78.34,78.34,0.0,3601.160079,0.0
2019-03-26,15,0,43,50.23,50.23,0.0,958.588354,0.0
2019-03-26,15,0,46,43.37,43.37,0.0,10.74319,0.0
2019-03-26,15,0,52,132.5,132.5,0.0,-132500.0,0.0
2019-03-26,15,0,53,210.5,210.5,0.0,-210500.0,0.0
2019-03-26,15,0,55,623.0,623.0,0.0,-280194.913048,0.0
2019-03-26,15,0,56,265.36,265.36,0.0,-265360.0,0.0
2019-03-26,15,0,57,252.42,252.42,0.0,-252420.0,0.0
2019-03-26,15,0,58,485.42,485.42,0.0,-485420.0,0.0
2019-03-26,15,0,59,477.33,477.33,0.0,-477330.0,0.0
2019-03-26,15,0,63,6.15,6.15,0.0,731.746831,0.0
2019-03-26,15,0,64,7.24,7.24,0.0,861.438546,0.0
2019-03-26,15,0,65,41.4,41.4,0.0,2106.707303,0.0
2019-03-26,15,0,67,469.99,469.99,0.0,-251596.291738,0.0
2019-03-26,15,0,68,22.01,22.01,0.0,-8442.645339,0.0
2019-03-26,15,0,69,3.32,3.32,0.0,265.184179,0.0
2019-03-26,15,0,74,217.6,217.6,0.0,4062.423636,0.0
2019-03-26,15,0,77,52.46,52.46,0.0,-13149.982741,0.0
2019-03-26,15,0,78,39.66,39.66,0.0,-9941.447112,0.0
2019-03-26,15,0,79,22.95,22.95,0.0,-5752.804116,0.0
2019-03-26,15,0,80,37.12,37.12,0.0,-9304.753323,0.0
2019-03-26,15,0,81,48.53,48.53,0.0,-12164.862036,0.0
2019-03-26,15,0,82,34.23,34.23,0.0,-8580.326138,0.0
2019-03-26,15,0,83,76.33,76.33,0.0,-19133.400355,0.0
2019-03-26,15,0,84,0.0,0.0,0.0,-0.0,0.0
2019-03-26,15,0,86,16.8,16.8,0.0,1341.895844,0.0
2019-03-26,15,0,87,85.78,85.78,0.0,6851.65628,0.0
2019-03-26,15,0,88,37.85,37.85,0.0,-9487.740121,0.0
2019-03-26,15,0,89,36.38,36.38,0.0,-9119.259857,0.0
2019-03-26,15,0,90,48.85,48.85,0.0,-12245.075427,0.0
2019-03-26,15,0,91,174.26,174.26,0.0,-43681.204583,0.0
2019-03-26,15,0,92,62.67,62.67,0.0,-15709.291238,0.0
2019-03-26,15,0,95,5.68,5.68,0.0,110.452029,0.0
2019-03-26,15,0,96,29.88,29.88,0.0,-1906.623414,0.0
2019-03-26,15,0,97,183.75,183.75,0.0,-11724.968283,0.0
2019-03-26,15,0,99,42.0,42.0,0.0,784.107503,0.0
2019-03-26,15,0,101,18.12,18.12,0.0,-18120.0,0.0
2019-03-26,15,0,102,52.12,52.12,0.0,-19992.30691,0.0
2019-03-26,15,0,103,45.32,45.32,0.0,-17383.947605,0.0
2019-03-26,15,0,104,8.42,8.42,0.0,-3229.762551,0.0
2019-03-26,15,0,106,324.95,324.95,0.0,-146146.608339,0.0
2019-03-26,15,0,109,54.32,54.32,0.0,-987.253625,0.0
2019-03-26,15,0,110,338.6,338.6,0.0,-338600.0,0.0
2019-03-26,15,0,111,19.12,19.12,0.0,-1151.345357,0.0
2019-03-26,15,0,113,25.15,25.15,0.0,-6071.130322,0.0
2019-03-26,15,0,115,25.15,25.15,0.0,-6071.130322,0.0
2019-03-26,15,0,116,186.02,186.02,0.0,-186020.0,0.0
2019-03-26,15,0,117,1.68,1.68,0.0,-405.546678,0.0
2019-03-26,15,0,119,7.24,7.24,0.0,861.438546,0.0
2019-03-26,15,0,120,4.26,4.26,0.0,506.868537,0.0
2019-03-26,15,0,123,5.42,5.42,0.0,-2437.650768,0.0
2019-03-26,15,0,125,52.26,52.26,0.0,-23503.990619,0.0
2019-03-26,15,0,126,243.71,243.71,0.0,-109608.831876,0.0
2019-03-26,15,0,127,312.77,312.77,0.0,-140668.640376,0.0
2019-03-26,15,0,128,74.85,74.85,0.0,-33663.867162,0.0
2019-03-26,15,0,131,58.29,58.29,0.0,-19996.796269,0.0
2019-03-26,15,0,132,85.78,85.78,0.0,-29427.434962,0.0
2019-03-26,15,0,133,41.94,41.94,0.0,2185.679567,0.0
2019-03-26,15,0,134,0.0,0.0,0.0,0.0,0.0
2019-03-26,15,0,135,56.2,56.2,0.0,2928.831465,0.0
2019-03-26,15,0,136,45.9,45.9,0.0,2332.869809,0.0
2019-03-26,15,0,139,76.67,76.67,0.0,-4616.822623,0.0
2019-03-26,15,0,140,250.6,250.6,0.0,-250600.0,0.0
2019-03-26,15,0,141,230.0,230.0,0.0,-123124.209238,0.0
2019-03-26,15,0,142,619.8,619.8,0.0,-331792.977763,0.0
2019-03-26,15,0,143,238.5,238.5,0.0,-238500.0,0.0
2019-03-26,15,0,145,28.79,28.79,0.0,-2086.418694,0.0
2019-03-26,15,0,146,268.0,268.0,0.0,-268000.0,0.0
2019-03-26,15,0,152,8.74,8.74,0.0,179.660051,0.0
2019-03-26,15,0,153,13.17,13.17,0.0,252.117214,0.0
2019-03-26,15,0,154,78.87,78.87,0.0,-4749.299599,0.0
2019-03-26,15,0,157,250.0,250.0,0.0,-133830.662215,0.0
2019-03-26,15,0,158,487.31,487.31,0.0,-260868.080016,0.0
2019-03-26,15,0,159,0.0,0.0,0.0,0.0,0.0
2019-03-26,15,0,160,4.01,4.01,0.0,180.336151,0.0
2019-03-26,15,0,161,92.34,92.34,0.0,-35419.985036,0.0
2019-03-26,15,0,162,6.07,6.07,0.0,123.273792,0.0
2019-03-26,15,0,163,48.72,48.72,0.0,-48720.0,0.0
2019-03-26,15,0,164,32.02,32.02,0.0,-32020.0,0.0
2019-03-26,15,0,167,7.78,7.78,0.0,125.654833,0.0
2019-03-26,15,0,168,3.89,3.89,0.0,62.827416,0.0
2019-03-26,15,0,169,0.0,0.0,0.0,0.0,0.0
2019-03-26,15,0,170,8.51,8.51,0.0,137.445067,0.0
2019-03-26,15,0,172,10.58,10.58,0.0,96.65165,0.0
2019-03-26,15,0,173,16.12,16.12,0.0,147.261304,0.0
2019-03-26,15,0,188,14.73,14.73,0.0,353.079318,0.0
2019-03-26,15,0,190,14.9,14.9,0.0,483.170601,0.0
2019-03-26,15,0,191,38.49,38.49,0.0,1248.136673,0.0
2019-03-26,15,0,192,55.18,55.18,0.0,1789.352602,0.0
2019-03-26,15,0,194,16.89,16.89,0.0,-2023.398688,0.0
2019-03-26,15,0,196,9.95,9.95,0.0,2765.532627,0.0
2019-03-26,15,0,198,16.9,16.9,0.0,216.29355,0.0
2019-03-26,15,0,199,13.54,13.54,0.0,-1910.860577,0.0
2019-03-26,15,0,200,28.52,28.52,0.0,-4024.944141,0.0
2019-03-26,15,0,204,216.67,216.67,0.0,-4760.005498,0.0
2019-03-26,15,0,205,287.34,287.34,0.0,-5222.33904,0.0
2019-03-26,15,0,206,539.94,539.94,0.0,-34453.221087,0.0
2019-03-26,15,0,210,3.49,3.49,0.0,-7.118776,0.0
2019-03-26,15,0,214,20.89,20.89,0.0,2012.565283,0.0
2019-03-26,15,0,217,13.6,13.6,0.0,836.187417,0.0
2019-03-26,15,0,218,18.77,18.77,0.0,1154.061604,0.0
2019-03-26,15,0,219,12.78,12.78,0.0,785.770234,0.0
2019-03-26,15,0,221,11.14,11.14,0.0,1073.239696,0.0
2019-03-26,15,0,225,10.44,10.44,0.0,39.619596,0.0
2019-03-26,15,0,233,9.51,9.51,0.0,759.608897,0.0
2019-03-26,15,0,236,161.5,161.5,0.0,5935.765059,0.0
2019-03-26,15,0,237,522.0,522.0,0.0,9745.336113,0.0
2019-03-26,15,0,238,101.96,101.96,0.0,4686.932367,0.0
2019-03-26,15,0,240,19.09,19.09,0.0,205.646205,0.0
2019-03-26,15,0,245,78.0,78.0,0.0,4378.523223,0.0
2019-03-26,15,0,247,171.72,171.72,0.0,9639.48728,0.0
2019-03-26,15,0,248,52.4,52.4,0.0,978.267457,0.0
2019-03-26,15,0,249,150.0,150.0,0.0,8420.236967,0.0
2019-03-26,15,0,251,326.4,326.4,0.0,16008.089815,0.0
2019-03-26,15,0,252,267.06,267.06,0.0,13589.788703,0.0
2019-03-26,15,0,254,28.05,28.05,0.0,717.521905,0.0
2019-03-26,15,0,255,12.86,12.86,0.0,328.960132,0.0
2019-03-26,15,0,258,23.38,23.38,0.0,283.244864,0.0
2019-03-26,15,0,260,9.75,9.75,0.0,438.473184,0.0
2019-03-26,15,0,265,81.66,81.66,0.0,-4917.304492,0.0
2019-03-26,15,0,266,49.03,49.03,0.0,-2952.430066,0.0
2019-03-26,15,0,267,60.63,60.63,0.0,-3650.945032,0.0
2019-03-26,15,0,270,159.03,159.03,0.0,-159030.0,0.0
2019-03-26,15,0,272,84.05,84.05,0.0,-20289.403721,0.0
2019-03-26,15,0,273,44.48,44.48,0.0,-44480.0,0.0
2019-03-26,15,0,274,209.46,209.46,0.0,-209460.0,0.0
2019-03-26,15,0,275,300.65,300.65,0.0,-300650.0,0.0
2019-03-26,15,0,276,10.06,10.06,0.0,-9016.248401,0.0
2019-03-26,15,0,277,12.42,12.42,0.0,-3044.30756,0.0
2019-03-26,15,0,278,19.87,19.87,0.0,-4870.40187,0.0
2019-03-26,15,0,279,134.8,134.8,0.0,-33041.276904,0.0
2019-03-26,15,0,281,56.1,56.1,0.0,-56100.0,0.0
2019-03-26,15,0,282,493.51,493.51,0.0,-493510.0,0.0
2019-03-26,16,0,9,3.77,3.77,0.0,-1513.004174,0.0
2019-03-26,16,0,17,31.73,31.73,0.0,167.459606,0.0
2019-03-26,16,0,19,332.0,332.0,0.0,1752.177414,0.0
2019-03-26,16,0,20,419.03,419.03,0.0,2211.490668,0.0
2019-03-26,16,0,21,86.31,86.31,0.0,-34638.565045,0.0
2019-03-26,16,0,22,306.73,306.73,0.0,-123099.143276,0.0
2019-03-26,16,0,23,32.64,32.64,0.0,-13099.325258,0.0
2019-03-26,16,0,24,57.75,57.75,0.0,-23176.655444,0.0
2019-03-26,16,0,29,8.47,8.47,0.0,39.839911,0.0
2019-03-26,16,0,30,758.57,758.57,0.0,-758570.0,0.0
2019-03-26,16,0,31,125.0,125.0,0.0,-125000.0,0.0
2019-03-26,16,0,32,5.7,5.7,0.0,238.071884,0.0
2019-03-26,16,0,33,3.57,3.57,0.0,42.120397,0.0
2019-03-26,16,0,34,5.72,5.72,0.0,67.487023,0.0
2019-03-26,16,0,35,5.72,5.72,0.0,67.487023,0.0
2019-03-26,16,0,36,14.77,14.77,0.0,-66.078256,0.0
2019-03-26,16,0,37,7.04,7.04,0.0,-31.838892,0.0
2019-03-26,16,0,38,9.05,9.05,0.0,-40.929258,0.0
2019-03-26,16,0,39,6.03,6.03,0.0,-27.271097,0.0
2019-03-26,16,0,40,6.03,6.03,0.0,-27.271097,0.0
2019-03-26,16,0,41,82.36,82.36,0.0,-1959.237148,0.0
2019-03-26,16,0,42,67.11,67.11,0.0,259.324089,0.0
2019-03-26,16,0,43,44.58,44.58,0.0,-137.399083,0.0
2019-03-26,16,0,46,37.25,37.25,0.0,-234.480014,0.0
2019-03-26,16,0,52,132.5,132.5,0.0,-132500.0,0.0
2019-03-26,16,0,53,210.5,210.5,0.0,-210500.0,0.0
2019-03-26,16,0,55,623.0,623.0,0.0,-250026.949633,0.0
2019-03-26,16,0,56,223.75,223.75,0.0,-223750.0,0.0
2019-03-26,16,0,57,212.84,212.84,0.0,-212840.0,0.0
2019-03-26,16,0,58,409.3,409.3,0.0,-409300.0,0.0
2019-03-26,16,0,59,402.48,402.48,0.0,-402480.0,0.0
2019-03-26,16,0,63,9.11,9.11,0.0,1010.689966,0.0
2019-03-26,16,0,64,10.72,10.72,0.0,1189.308061,0.0
2019-03-26,16,0,65,41.4,41.4,0.0,207.623993,0.0
2019-03-26,16,0,67,399.51,399.51,0.0,-221845.288178,0.0
2019-03-26,16,0,68,28.74,28.74,0.0,-11785.541818,0.0
2019-03-26,16,0,69,3.57,3.57,0.0,42.120397,0.0
2019-03-26,16,0,74,134.72,134.72,0.0,-361.94419,0.0
2019-03-26,16,0,77,60.0,60.0,0.0,-17270.19465,0.0
2019-03-26,16,0,78,45.36,45.36,0.0,-13056.267155,0.0
2019-03-26,16,0,79,26.25,26.25,0.0,-7555.710159,0.0
2019-03-26,16,0,80,42.45,42.45,0.0,-12218.662715,0.0
2019-03-26,16,0,81,55.5,55.5,0.0,-15974.930051,0.0
2019-03-26,16,0,82,39.15,39.15,0.0,-11268.802009,0.0
2019-03-26,16,0,83,87.3,87.3,0.0,-25128.133216,0.0
2019-03-26,16,0,84,0.0,0.0,0.0,0.0,0.0
2019-03-26,16,0,86,18.11,18.11,0.0,213.669577,0.0
2019-03-26,16,0,87,92.44,92.44,0.0,1090.646917,0.0
2019-03-26,16,0,88,47.26,47.26,0.0,-13603.156653,0.0
2019-03-26,16,0,89,45.43,45.43,0.0,-13076.415716,0.0
2019-03-26,16,0,90,61.0,61.0,0.0,-17558.031228,0.0
2019-03-26,16,0,91,217.59,217.59,0.0,-62630.360898,0.0
2019-03-26,16,0,92,78.26,78.26,0.0,-22526.090555,0.0
2019-03-26,16,0,95,8.24,8.24,0.0,160.233226,0.0
2019-03-26,16,0,96,29.88,29.88,0.0,629.347636,0.0
2019-03-26,16,0,97,183.75,183.75,0.0,3870.23521,0.0
2019-03-26,16,0,99,29.54,29.54,0.0,-79.363356,0.0
2019-03-26,16,0,101,15.28,15.28,0.0,-15280.0,0.0
2019-03-26,16,0,102,68.05,68.05,0.0,-27905.571355,0.0
2019-03-26,16,0,103,59.17,59.17,0.0,-24264.109582,0.0
2019-03-26,16,0,104,10.99,10.99,0.0,-4506.719018,0.0
2019-03-26,16,0,106,301.95,301.95,0.0,-121180.798462,0.0
2019-03-26,16,0,109,60.0,60.0,0.0,-565.732593,0.0
2019-03-26,16,0,110,338.6,338.6,0.0,-338600.0,0.0
2019-03-26,16,0,111,13.31,13.31,0.0,-316.627567,0.0
2019-03-26,16,0,113,33.52,33.52,0.0,-8804.319817,0.0
2019-03-26,16,0,115,33.52,33.52,0.0,-8804.319817,0.0
2019-03-26,16,0,116,161.61,161.61,0.0,-161610.0,0.0
2019-03-26,16,0,117,2.23,2.23,0.0,-585.728914,0.0
2019-03-26,16,0,119,10.72,10.72,0.0,1189.308061,0.0
2019-03-26,16,0,120,6.3,6.3,0.0,698.940372,0.0
2019-03-26,16,0,123,5.03,5.03,0.0,-2018.676656,0.0
2019-03-26,16,0,125,52.26,52.26,0.0,-20973.368199,0.0
2019-03-26,16,0,126,226.46,226.46,0.0,-90884.595528,0.0
2019-03-26,16,0,127,290.63,290.63,0.0,-116637.772667,0.0
2019-03-26,16,0,128,74.85,74.85,0.0,-30039.353419,0.0
2019-03-26,16,0,131,29.21,29.21,0.0,-10845.410704,0.0
2019-03-26,16,0,132,42.94,42.94,0.0,-15943.236413,0.0
2019-03-26,16,0,133,50.5,50.5,0.0,267.770238,0.0
2019-03-26,16,0,134,0.0,0.0,0.0,0.0,0.0
2019-03-26,16,0,135,64.2,64.2,0.0,340.412857,0.0
2019-03-26,16,0,136,45.9,45.9,0.0,229.530189,0.0
2019-03-26,16,0,139,107.25,107.25,0.0,-2551.337835,0.0
2019-03-26,16,0,140,250.6,250.6,0.0,-250600.0,0.0
2019-03-26,16,0,141,230.0,230.0,0.0,-127717.494633,0.0
2019-03-26,16,0,142,526.86,526.86,0.0,-292561.909663,0.0
2019-03-26,16,0,143,238.5,238.5,0.0,-238500.0,0.0
2019-03-26,16,0,145,30.0,30.0,0.0,-562.226556,0.0
2019-03-26,16,0,146,268.0,268.0,0.0,-268000.0,0.0
2019-03-26,16,0,152,9.35,9.35,0.0,-18.536708,0.0
2019-03-26,16,0,153,12.95,12.95,0.0,-29.870536,0.0
2019-03-26,16,0,154,54.92,54.92,0.0,-1306.475281,0.0
2019-03-26,16,0,157,250.0,250.0,0.0,-138823.363732,0.0
2019-03-26,16,0,158,426.24,426.24,0.0,-236688.282229,0.0
2019-03-26,16,0,159,0.0,0.0,0.0,-0.0,0.0
2019-03-26,16,0,160,3.45,3.45,0.0,4.479505,0.0
2019-03-26,16,0,161,79.23,79.23,0.0,-32490.204532,0.0
2019-03-26,16,0,162,10.02,10.02,0.0,202.662749,0.0
2019-03-26,16,0,163,72.72,72.72,0.0,-72720.0,0.0
2019-03-26,16,0,164,28.39,28.39,0.0,-28390.0,0.0
2019-03-26,16,0,167,6.37,6.37,0.0,104.449811,0.0
2019-03-26,16,0,168,3.19,3.19,0.0,52.306891,0.0
2019-03-26,16,0,169,0.0,0.0,0.0,0.0,0.0
2019-03-26,16,0,170,6.97,6.97,0.0,114.288097,0.0
2019-03-26,16,0,172,8.47,8.47,0.0,125.495229,0.0
2019-03-26,16,0,173,12.9,12.9,0.0,191.132049,0.0
2019-03-26,16,0,188,11.44,11.44,0.0,261.058612,0.0
2019-03-26,16,0,190,12.59,12.59,0.0,408.262944,0.0
2019-03-26,16,0,191,32.54,32.54,0.0,1055.192709,0.0
2019-03-26,16,0,192,78.71,78.71,0.0,2552.373021,0.0
2019-03-26,16,0,194,23.28,23.28,0.0,-3051.370382,0.0
2019-03-26,16,0,196,8.51,8.51,0.0,2245.393307,0.0
2019-03-26,16,0,198,13.84,13.84,0.0,112.234449,0.0
2019-03-26,16,0,199,25.32,25.32,0.0,-2076.956292,0.0
2019-03-26,16,0,200,24.01,24.01,0.0,-1969.499232,0.0
2019-03-26,16,0,204,245.61,245.61,0.0,-2476.731427,0.0
2019-03-26,16,0,205,317.4,317.4,0.0,-2992.725419,0.0
2019-03-26,16,0,206,539.94,539.94,0.0,11372.488705,0.0
2019-03-26,16,0,210,2.72,2.72,0.0,11.39611,0.0
2019-03-26,16,0,214,17.28,17.28,0.0,270.358678,0.0
2019-03-26,16,0,217,11.06,11.06,0.0,132.54774,0.0
2019-03-26,16,0,218,15.27,15.27,0.0,183.002169,0.0
2019-03-26,16,0,219,10.4,10.4,0.0,124.638019,0.0
2019-03-26,16,0,221,9.22,9.22,0.0,144.253878,0.0
2019-03-26,16,0,225,8.03,8.03,0.0,38.168828,0.0
2019-03-26,16,0,233,10.24,10.24,0.0,120.815928,0.0
2019-03-26,16,0,236,134.81,134.81,0.0,233.628905,0.0
2019-03-26,16,0,237,308.11,308.11,0.0,-827.780763,0.0
2019-03-26,16,0,238,87.35,87.35,0.0,337.534781,0.0
2019-03-26,16,0,240,16.73,16.73,0.0,-74.846935,0.0
2019-03-26,16,0,245,78.0,78.0,0.0,486.968948,0.0
2019-03-26,16,0,247,171.72,171.72,0.0,1072.080869,0.0
2019-03-26,16,0,248,36.28,36.28,0.0,-97.471312,0.0
2019-03-26,16,0,249,150.0,150.0,0.0,936.478746,0.0
2019-03-26,16,0,251,326.4,326.4,0.0,1496.209479,0.0
2019-03-26,16,0,252,267.06,267.06,0.0,1339.325207,0.0
2019-03-26,16,0,254,24.06,24.06,0.0,-47.707608,0.0
2019-03-26,16,0,255,11.03,11.03,0.0,-21.870944,0.0
2019-03-26,16,0,258,20.44,20.44,0.0,-86.850353,0.0
2019-03-26,16,0,260,8.39,8.39,0.0,10.893637,0.0
2019-03-26,16,0,265,56.86,56.86,0.0,-1352.625355,0.0
2019-03-26,16,0,266,68.38,68.38,0.0,-1626.671153,0.0
2019-03-26,16,0,267,84.71,84.71,0.0,-2015.140588,0.0
2019-03-26,16,0,270,196.53,196.53,0.0,-196530.0,0.0
2019-03-26,16,0,272,112.03,112.03,0.0,-29425.654805,0.0
2019-03-26,16,0,273,38.64,38.64,0.0,-38640.0,0.0
2019-03-26,16,0,274,245.27,245.27,0.0,-245270.0,0.0
2019-03-26,16,0,275,328.82,328.82,0.0,-328820.0,0.0
2019-03-26,16,0,276,8.7,8.7,0.0,-7836.145814,0.0
2019-03-26,16,0,277,10.73,10.73,0.0,-2926.638841,0.0
2019-03-26,16,0,278,17.17,17.17,0.0,-4683.167651,0.0
2019-03-26,16,0,279,419.49,419.49,0.0,-114417.122766,0.0
2019-03-26,16,0,281,56.1,56.1,0.0,-56100.0,0.0
2019-03-26,16,0,282,416.12,416.12,0.0,-416120.0,0.0
2019-03-26,17,0,9,2.92,2.92,0.0,-1142.079475,0.0
2019-03-26,17,0,17,23.66,23.66,0.0,152.583281,0.0
2019-03-26,17,0,19,284.63,284.63,0.0,1835.578165,0.0
2019-03-26,17,0,20,342.76,342.76,0.0,2210.458391,0.0
2019-03-26,17,0,21,66.87,66.87,0.0,-26154.402223,0.0
2019-03-26,17,0,22,237.65,237.65,0.0,-92950.406586,0.0
2019-03-26,17,0,23,47.2,47.2,0.0,-18461.010692,0.0
2019-03-26,17,0,24,83.96,83.96,0.0,-32838.696137,0.0
2019-03-26,17,0,29,6.18,6.18,0.0,26.494362,0.0
2019-03-26,17,0,30,591.91,591.91,0.0,-591910.0,0.0
2019-03-26,17,0,31,125.0,125.0,0.0,-125000.0,0.0
2019-03-26,17,0,32,4.31,4.31,0.0,180.615904,0.0
2019-03-26,17,0,33,2.67,2.67,0.0,26.878535,0.0
2019-03-26,17,0,34,4.27,4.27,0.0,42.985522,0.0
2019-03-26,17,0,35,4.27,4.27,0.0,42.985522,0.0
2019-03-26,17,0,36,11.36,11.36,0.0,15.161337,0.0
2019-03-26,17,0,37,5.41,5.41,0.0,7.405143,0.0
2019-03-26,17,0,38,6.96,6.96,0.0,9.526764,0.0
2019-03-26,17,0,39,4.64,4.64,0.0,6.351176,0.0
2019-03-26,17,0,40,4.64,4.64,0.0,6.351176,0.0
2019-03-26,17,0,41,34.8,34.8,0.0,-425.763168,0.0
2019-03-26,17,0,42,51.03,51.03,0.0,289.073226,0.0
2019-03-26,17,0,43,34.51,34.51,0.0,75.006019,0.0
2019-03-26,17,0,46,28.6,28.6,0.0,18.225408,0.0
2019-03-26,17,0,52,132.5,132.5,0.0,-132500.0,0.0
2019-03-26,17,0,53,210.5,210.5,0.0,-210500.0,0.0
2019-03-26,17,0,55,623.0,623.0,0.0,-243669.696204,0.0
2019-03-26,17,0,56,174.59,174.59,0.0,-174590.0,0.0
2019-03-26,17,0,57,166.08,166.08,0.0,-166080.0,0.0
2019-03-26,17,0,58,319.38,319.38,0.0,-319380.0,0.0
2019-03-26,17,0,59,314.05,314.05,0.0,-314050.0,0.0
2019-03-26,17,0,63,26.27,26.27,0.0,2902.036157,0.0
2019-03-26,17,0,64,30.9,30.9,0.0,3413.510364,0.0
2019-03-26,17,0,65,41.4,41.4,0.0,260.957361,0.0
2019-03-26,17,0,67,305.97,305.97,0.0,-170553.023447,0.0
2019-03-26,17,0,68,19.11,19.11,0.0,-7890.368735,0.0
2019-03-26,17,0,69,2.67,2.67,0.0,26.878535,0.0
2019-03-26,17,0,74,104.24,104.24,0.0,196.175016,0.0
2019-03-26,17,0,77,60.0,60.0,0.0,-17510.393647,0.0
2019-03-26,17,0,78,45.36,45.36,0.0,-13237.857597,0.0
2019-03-26,17,0,79,26.25,26.25,0.0,-7660.79722,0.0
2019-03-26,17,0,80,42.45,42.45,0.0,-12388.603505,0.0
2019-03-26,17,0,81,55.5,55.5,0.0,-16197.114123,0.0
2019-03-26,17,0,82,39.15,39.15,0.0,-11425.531855,0.0
2019-03-26,17,0,83,87.3,87.3,0.0,-25477.622756,0.0
2019-03-26,17,0,84,0.0,0.0,0.0,0.0,0.0
2019-03-26,17,0,86,13.52,13.52,0.0,136.104042,0.0
2019-03-26,17,0,87,69.04,69.04,0.0,695.016496,0.0
2019-03-26,17,0,88,51.18,51.18,0.0,-14936.365781,0.0
2019-03-26,17,0,89,49.2,49.2,0.0,-14358.52279,0.0
2019-03-26,17,0,90,66.06,66.06,0.0,-19278.943405,0.0
2019-03-26,17,0,91,235.65,235.65,0.0,-68772.071048,0.0
2019-03-26,17,0,92,84.75,84.75,0.0,-24733.431026,0.0
2019-03-26,17,0,95,9.36,9.36,0.0,182.012499,0.0
2019-03-26,17,0,96,29.88,29.88,0.0,1157.4234,0.0
2019-03-26,17,0,97,183.75,183.75,0.0,7117.689079,0.0
2019-03-26,17,0,99,21.2,21.2,0.0,39.897451,0.0
2019-03-26,17,0,101,11.92,11.92,0.0,-11920.0,0.0
2019-03-26,17,0,102,45.19,45.19,0.0,-18658.595664,0.0
2019-03-26,17,0,103,39.3,39.3,0.0,-16226.660978,0.0
2019-03-26,17,0,104,7.33,7.33,0.0,-3026.499363,0.0
2019-03-26,17,0,106,233.94,233.94,0.0,-91499.339855,0.0
2019-03-26,17,0,109,60.0,60.0,0.0,-54.900005,0.0
2019-03-26,17,0,110,338.6,338.6,0.0,-338600.0,0.0
2019-03-26,17,0,111,10.47,10.47,0.0,-128.095988,0.0
2019-03-26,17,0,113,41.95,41.95,0.0,-11108.595515,0.0
2019-03-26,17,0,115,41.95,41.95,0.0,-11108.595515,0.0
2019-03-26,17,0,116,123.06,123.06,0.0,-123060.0,0.0
2019-03-26,17,0,117,2.8,2.8,0.0,-741.45572,0.0
2019-03-26,17,0,119,30.9,30.9,0.0,3413.510364,0.0
2019-03-26,17,0,120,18.19,18.19,0.0,2009.441861,0.0
2019-03-26,17,0,123,3.9,3.9,0.0,-1525.380121,0.0
2019-03-26,17,0,125,75.89,75.89,0.0,-29682.332656,0.0
2019-03-26,17,0,126,175.46,175.46,0.0,-68626.460507,0.0
2019-03-26,17,0,127,225.17,225.17,0.0,-88069.190199,0.0
2019-03-26,17,0,128,109.23,109.23,0.0,-42722.377073,0.0
2019-03-26,17,0,131,30.0,30.0,0.0,-11228.816151,0.0
2019-03-26,17,0,132,44.1,44.1,0.0,-16506.359742,0.0
2019-03-26,17,0,133,111.85,111.85,0.0,722.855541,0.0
2019-03-26,17,0,134,0.0,0.0,0.0,0.0,0.0
2019-03-26,17,0,135,146.43,146.43,0.0,946.336494,0.0
2019-03-26,17,0,136,45.9,45.9,0.0,288.955206,0.0
2019-03-26,17,0,139,44.94,44.94,0.0,-549.821747,0.0
2019-03-26,17,0,140,250.6,250.6,0.0,-250600.0,0.0
2019-03-26,17,0,141,230.0,230.0,0.0,-128206.018213,0.0
2019-03-26,17,0,142,403.5,403.5,0.0,-224917.949344,0.0
2019-03-26,17,0,143,238.5,238.5,0.0,-238500.0,0.0
2019-03-26,17,0,145,30.0,30.0,0.0,-150.686326,0.0
2019-03-26,17,0,146,268.0,268.0,0.0,-268000.0,0.0
2019-03-26,17,0,152,7.11,7.11,0.0,17.860042,0.0
2019-03-26,17,0,153,9.89,9.89,0.0,23.123904,0.0
2019-03-26,17,0,154,43.17,43.17,0.0,-528.166551,0.0
2019-03-26,17,0,157,250.0,250.0,0.0,-139354.367623,0.0
2019-03-26,17,0,158,343.39,343.39,0.0,-191411.585193,0.0
2019-03-26,17,0,159,0.0,0.0,0.0,0.0,0.0
2019-03-26,17,0,160,2.64,2.64,0.0,11.884663,0.0
2019-03-26,17,0,161,60.48,60.48,0.0,-24971.716436,0.0
2019-03-26,17,0,162,12.55,12.55,0.0,253.713456,0.0
2019-03-26,17,0,163,126.71,126.71,0.0,-126710.0,0.0
2019-03-26,17,0,164,22.11,22.11,0.0,-22110.0,0.0
2019-03-26,17,0,167,4.87,4.87,0.0,79.889652,0.0
2019-03-26,17,0,168,2.43,2.43,0.0,39.862804,0.0
2019-03-26,17,0,169,0.0,0.0,0.0,0.0,0.0
2019-03-26,17,0,170,5.33,5.33,0.0,87.435697,0.0
2019-03-26,17,0,172,6.49,6.49,0.0,102.797938,0.0
2019-03-26,17,0,173,9.89,9.89,0.0,156.65202,0.0
2019-03-26,17,0,188,8.82,8.82,0.0,203.865815,0.0
2019-03-26,17,0,190,9.61,9.61,0.0,311.628824,0.0
2019-03-26,17,0,191,24.84,24.84,0.0,805.500519,0.0
2019-03-26,17,0,192,123.61,123.61,0.0,4008.370335,0.0
2019-03-26,17,0,194,29.67,29.67,0.0,-3916.551465,0.0
2019-03-26,17,0,196,6.48,6.48,0.0,1702.640872,0.0
2019-03-26,17,0,198,10.59,10.59,0.0,85.878816,0.0
2019-03-26,17,0,199,23.25,23.25,0.0,-1739.110283,0.0
2019-03-26,17,0,200,18.29,18.29,0.0,-1368.100089,0.0
2019-03-26,17,0,204,257.1,257.1,0.0,-302.000182,0.0
2019-03-26,17,0,205,317.4,317.4,0.0,-290.421026,0.0
2019-03-26,17,0,206,539.94,539.94,0.0,20914.96621,0.0
2019-03-26,17,0,210,2.03,2.03,0.0,6.698238,0.0
2019-03-26,17,0,214,13.03,13.03,0.0,158.915019,0.0
2019-03-26,17,0,217,8.25,8.25,0.0,78.359031,0.0
2019-03-26,17,0,218,11.38,11.38,0.0,108.087972,0.0
2019-03-26,17,0,219,7.75,7.75,0.0,73.609999,0.0
2019-03-26,17,0,221,6.95,6.95,0.0,84.762808,0.0
2019-03-26,17,0,225,5.94,5.94,0.0,26.031922,0.0
2019-03-26,17,0,233,7.65,7.65,0.0,77.011532,0.0
2019-03-26,17,0,236,127.84,127.84,0.0,575.947434,0.0
2019-03-26,17,0,237,257.58,257.58,0.0,484.754034,0.0
2019-03-26,17,0,238,66.43,66.43,0.0,376.310688,0.0
2019-03-26,17,0,240,12.88,12.88,0.0,17.189967,0.0
2019-03-26,17,0,245,78.0,78.0,0.0,544.806929,0.0
2019-03-26,17,0,247,171.72,171.72,0.0,1199.413408,0.0
2019-03-26,17,0,248,26.21,26.21,0.0,49.326047,0.0
2019-03-26,17,0,249,150.0,150.0,0.0,1047.705633,0.0
2019-03-26,17,0,251,326.4,326.4,0.0,1979.334047,0.0
2019-03-26,17,0,252,267.06,267.06,0.0,1683.36408,0.0
2019-03-26,17,0,254,18.4,18.4,0.0,50.741913,0.0
2019-03-26,17,0,255,8.44,8.44,0.0,23.275095,0.0
2019-03-26,17,0,258,15.79,15.79,0.0,23.212928,0.0
2019-03-26,17,0,260,6.42,6.42,0.0,28.90134,0.0
2019-03-26,17,0,265,44.7,44.7,0.0,-546.885449,0.0
2019-03-26,17,0,266,29.1,29.1,0.0,-356.026098,0.0
2019-03-26,17,0,267,35.76,35.76,0.0,-437.508359,0.0
2019-03-26,17,0,270,395.7,395.7,0.0,-395700.0,0.0
2019-03-26,17,0,272,140.2,140.2,0.0,-37125.747108,0.0
2019-03-26,17,0,273,29.43,29.43,0.0,-29430.0,0.0
2019-03-26,17,0,274,510.11,510.11,0.0,-510110.0,0.0
2019-03-26,17,0,275,710.08,710.08,0.0,-710080.0,0.0
2019-03-26,17,0,276,6.54,6.54,0.0,-5893.721538,0.0
2019-03-26,17,0,277,8.17,8.17,0.0,-2252.012242,0.0
2019-03-26,17,0,278,13.08,13.08,0.0,-3605.42474,0.0
2019-03-26,17,0,279,230.25,230.25,0.0,-63467.052477,0.0
2019-03-26,17,0,281,56.1,56.1,0.0,-56100.0,0.0
2019-03-26,17,0,282,324.7,324.7,0.0,-324700.0,0.0
2019-03-26,18,0,9,1.83,1.83,0.0,-20.981899,0.0
2019-03-26,18,0,17,14.72,14.72,0.0,101.18632,0.0
2019-03-26,18,0,19,332.94,332.94,0.0,2288.65308,0.0
2019-03-26,18,0,20,405.43,405.43,0.0,2786.954461,0.0
2019-03-26,18,0,21,41.95,41.95,0.0,-480.978493,0.0
2019-03-26,18,0,22,149.08,149.08,0.0,-1709.279469,0.0
2019-03-26,18,0,23,94.93,94.93,0.0,-1088.421653,0.0
2019-03-26,18,0,24,168.46,168.46,0.0,-1931.481214,0.0
2019-03-26,18,0,29,3.87,3.87,0.0,23.508091,0.0
2019-03-26,18,0,30,384.56,384.56,0.0,-4452.095256,0.0
2019-03-26,18,0,31,92.34,92.34,0.0,-1069.030778,0.0
2019-03-26,18,0,32,2.74,2.74,0.0,112.832385,0.0
2019-03-26,18,0,33,1.67,1.67,0.0,17.28041,0.0
2019-03-26,18,0,34,2.67,2.67,0.0,27.627961,0.0
2019-03-26,18,0,35,2.67,2.67,0.0,27.627961,0.0
2019-03-26,18,0,36,7.21,7.21,0.0,9.459436,0.0
2019-03-26,18,0,37,3.34,3.34,0.0,4.045338,0.0
2019-03-26,18,0,38,4.29,4.29,0.0,5.195958,0.0
2019-03-26,18,0,39,2.86,2.86,0.0,3.463972,0.0
2019-03-26,18,0,40,2.86,2.86,0.0,3.463972,0.0
2019-03-26,18,0,41,34.8,34.8,0.0,-194.713215,0.0
2019-03-26,18,0,42,30.51,30.51,0.0,186.756039,0.0
2019-03-26,18,0,43,21.3,21.3,0.0,41.471678,0.0
2019-03-26,18,0,46,18.27,18.27,0.0,-0.248461,0.0
2019-03-26,18,0,52,97.89,97.89,0.0,-1133.283765,0.0
2019-03-26,18,0,53,155.55,155.55,0.0,-1800.820202,0.0
2019-03-26,18,0,55,460.54,460.54,0.0,-5280.329802,0.0
2019-03-26,18,0,56,113.43,113.43,0.0,-1313.192128,0.0
2019-03-26,18,0,57,107.9,107.9,0.0,-1249.170684,0.0
2019-03-26,18,0,58,207.5,207.5,0.0,-2402.251315,0.0
2019-03-26,18,0,59,204.04,204.04,0.0,-2362.194498,0.0
2019-03-26,18,0,63,69.44,69.44,0.0,7745.58726,0.0
2019-03-26,18,0,64,81.7,81.7,0.0,9113.111739,0.0
2019-03-26,18,0,65,41.4,41.4,0.0,278.796091,0.0
2019-03-26,18,0,67,196.19,196.19,0.0,-108901.768709,0.0
2019-03-26,18,0,68,10.2,10.2,0.0,-4179.914928,0.0
2019-03-26,18,0,69,1.67,1.67,0.0,17.28041,0.0
2019-03-26,18,0,74,65.28,65.28,0.0,183.205294,0.0
2019-03-26,18,0,77,60.0,60.0,0.0,-17287.037243,0.0
2019-03-26,18,0,78,45.36,45.36,0.0,-13069.000156,0.0
2019-03-26,18,0,79,26.25,26.25,0.0,-7563.078794,0.0
2019-03-26,18,0,80,42.45,42.45,0.0,-12230.57885,0.0
2019-03-26,18,0,81,55.5,55.5,0.0,-15990.50945,0.0
2019-03-26,18,0,82,39.15,39.15,0.0,-11279.791801,0.0
2019-03-26,18,0,83,87.3,87.3,0.0,-25152.639189,0.0
2019-03-26,18,0,84,0.0,0.0,0.0,-0.0,0.0
2019-03-26,18,0,86,8.45,8.45,0.0,87.436805,0.0
2019-03-26,18,0,87,43.15,43.15,0.0,446.496819,0.0
2019-03-26,18,0,88,51.18,51.18,0.0,-14745.842769,0.0
2019-03-26,18,0,89,49.2,49.2,0.0,-14175.37054,0.0
2019-03-26,18,0,90,66.06,66.06,0.0,-19033.028005,0.0
2019-03-26,18,0,91,235.65,235.65,0.0,-67894.838773,0.0
2019-03-26,18,0,92,84.75,84.75,0.0,-24417.940106,0.0
2019-03-26,18,0,95,10.97,10.97,0.0,213.320204,0.0
2019-03-26,18,0,96,29.88,29.88,0.0,-349.409072,0.0
2019-03-26,18,0,97,183.75,183.75,0.0,-2148.725469,0.0
2019-03-26,18,0,99,12.6,12.6,0.0,35.361316,0.0
2019-03-26,18,0,101,7.75,7.75,0.0,-89.722639,0.0
2019-03-26,18,0,102,24.15,24.15,0.0,-9896.563286,0.0
2019-03-26,18,0,103,21.0,21.0,0.0,-8605.707205,0.0
2019-03-26,18,0,104,3.9,3.9,0.0,-1598.202767,0.0
2019-03-26,18,0,106,146.76,146.76,0.0,-1682.679467,0.0
2019-03-26,18,0,109,60.0,60.0,0.0,-111.599146,0.0
2019-03-26,18,0,110,338.6,338.6,0.0,-338600.0,0.0
2019-03-26,18,0,111,6.96,6.96,0.0,-38.942643,0.0
2019-03-26,18,0,113,45.0,45.0,0.0,-11740.485046,0.0
2019-03-26,18,0,115,45.0,45.0,0.0,-11740.485046,0.0
2019-03-26,18,0,116,77.62,77.62,0.0,-77620.0,0.0
2019-03-26,18,0,117,3.0,3.0,0.0,-782.699003,0.0
2019-03-26,18,0,119,81.7,81.7,0.0,9113.111739,0.0
2019-03-26,18,0,120,48.04,48.04,0.0,5358.55432,0.0
2019-03-26,18,0,123,2.45,2.45,0.0,-28.09052,0.0
2019-03-26,18,0,125,152.35,152.35,0.0,-1746.771714,0.0
2019-03-26,18,0,126,110.07,110.07,0.0,-1262.0096,0.0
2019-03-26,18,0,127,141.26,141.26,0.0,-1619.619116,0.0
2019-03-26,18,0,128,218.77,218.77,0.0,-2508.31144,0.0
2019-03-26,18,0,131,30.0,30.0,0.0,-11129.812171,0.0
2019-03-26,18,0,132,44.1,44.1,0.0,-16360.823891,0.0
2019-03-26,18,0,133,139.8,139.8,0.0,962.837285,0.0
2019-03-26,18,0,134,0.0,0.0,0.0,0.0,0.0
2019-03-26,18,0,135,187.33,187.33,0.0,1290.188188,0.0
2019-03-26,18,0,136,45.9,45.9,0.0,308.747579,0.0
2019-03-26,18,0,139,44.94,44.94,0.0,-251.448617,0.0
2019-03-26,18,0,140,250.6,250.6,0.0,-250600.0,0.0
2019-03-26,18,0,141,230.0,230.0,0.0,-127669.130961,0.0
2019-03-26,18,0,142,258.73,258.73,0.0,-143616.670667,0.0
2019-03-26,18,0,143,176.17,176.17,0.0,-2039.540309,0.0
2019-03-26,18,0,145,30.0,30.0,0.0,-239.075688,0.0
2019-03-26,18,0,146,268.0,268.0,0.0,-268000.0,0.0
2019-03-26,18,0,152,4.45,4.45,0.0,12.902348,0.0
2019-03-26,18,0,153,6.17,6.17,0.0,16.780964,0.0
2019-03-26,18,0,154,28.7,28.7,0.0,-160.58245,0.0
2019-03-26,18,0,157,250.0,250.0,0.0,-138770.794522,0.0
2019-03-26,18,0,158,224.31,224.31,0.0,-124510.707677,0.0
2019-03-26,18,0,159,0.0,0.0,0.0,0.0,0.0
2019-03-26,18,0,160,1.66,1.66,0.0,7.190157,0.0
2019-03-26,18,0,161,38.56,38.56,0.0,-15801.717611,0.0
2019-03-26,18,0,162,16.32,16.32,0.0,330.425887,0.0
2019-03-26,18,0,163,168.49,168.49,0.0,-168490.0,0.0
2019-03-26,18,0,164,14.69,14.69,0.0,-170.067816,0.0
2019-03-26,18,0,167,3.12,3.12,0.0,51.171234,0.0
2019-03-26,18,0,168,1.56,1.56,0.0,25.585617,0.0
2019-03-26,18,0,169,0.0,0.0,0.0,0.0,0.0
2019-03-26,18,0,170,3.41,3.41,0.0,55.927534,0.0
2019-03-26,18,0,172,4.11,4.11,0.0,49.249626,0.0
2019-03-26,18,0,173,6.27,6.27,0.0,75.132641,0.0
2019-03-26,18,0,188,5.6,5.6,0.0,122.930768,0.0
2019-03-26,18,0,190,5.96,5.96,0.0,193.26824,0.0
2019-03-26,18,0,191,15.39,15.39,0.0,499.060104,0.0
2019-03-26,18,0,192,182.62,182.62,0.0,5921.920481,0.0
2019-03-26,18,0,194,70.01,70.01,0.0,-8916.428491,0.0
2019-03-26,18,0,196,4.09,4.09,0.0,1084.006039,0.0
2019-03-26,18,0,198,6.76,6.76,0.0,54.14327,0.0
2019-03-26,18,0,199,22.43,22.43,0.0,-619.990672,0.0
2019-03-26,18,0,200,11.41,11.41,0.0,-315.385358,0.0
2019-03-26,18,0,204,257.1,257.1,0.0,-598.035179,0.0
2019-03-26,18,0,205,317.4,317.4,0.0,-590.359483,0.0
2019-03-26,18,0,206,539.94,539.94,0.0,-6313.920163,0.0
2019-03-26,18,0,210,1.27,1.27,0.0,8.718354,0.0
2019-03-26,18,0,214,8.23,8.23,0.0,102.078752,0.0
2019-03-26,18,0,217,5.16,5.16,0.0,51.995659,0.0
2019-03-26,18,0,218,7.12,7.12,0.0,71.745948,0.0
2019-03-26,18,0,219,4.85,4.85,0.0,48.871889,0.0
2019-03-26,18,0,221,4.39,4.39,0.0,54.45027,0.0
2019-03-26,18,0,225,3.73,3.73,0.0,22.372952,0.0
2019-03-26,18,0,233,4.78,4.78,0.0,49.461293,0.0
2019-03-26,18,0,236,121.84,121.84,0.0,604.204001,0.0
2019-03-26,18,0,237,156.6,156.6,0.0,439.490641,0.0
2019-03-26,18,0,238,39.71,39.71,0.0,243.070545,0.0
2019-03-26,18,0,240,8.17,8.17,0.0,10.718945,0.0
2019-03-26,18,0,245,78.0,78.0,0.0,576.294987,0.0
2019-03-26,18,0,247,171.72,171.72,0.0,1268.735579,0.0
2019-03-26,18,0,248,15.72,15.72,0.0,44.117451,0.0
2019-03-26,18,0,249,150.0,150.0,0.0,1108.259591,0.0
2019-03-26,18,0,251,326.4,326.4,0.0,2123.091359,0.0
2019-03-26,18,0,252,267.06,267.06,0.0,1798.436814,0.0
2019-03-26,18,0,254,11.83,11.83,0.0,30.111559,0.0
2019-03-26,18,0,255,5.42,5.42,0.0,13.795828,0.0
2019-03-26,18,0,258,10.16,10.16,0.0,14.371852,0.0
2019-03-26,18,0,260,4.03,4.03,0.0,17.455623,0.0
2019-03-26,18,0,265,29.71,29.71,0.0,-166.23361,0.0
2019-03-26,18,0,266,29.1,29.1,0.0,-162.820533,0.0
2019-03-26,18,0,267,35.76,35.76,0.0,-200.084614,0.0
2019-03-26,18,0,270,526.18,526.18,0.0,-526180.0,0.0
2019-03-26,18,0,272,150.39,150.39,0.0,-39236.701023,0.0
2019-03-26,18,0,273,18.56,18.56,0.0,-18560.0,0.0
2019-03-26,18,0,274,678.31,678.31,0.0,-678310.0,0.0
2019-03-26,18,0,275,944.21,944.21,0.0,-944210.0,0.0
2019-03-26,18,0,276,4.13,4.13,0.0,-3719.723591,0.0
2019-03-26,18,0,277,5.2,5.2,0.0,-1413.420583,0.0
2019-03-26,18,0,278,8.31,8.31,0.0,-2258.754817,0.0
2019-03-26,18,0,279,264.6,264.6,0.0,-71921.362763,0.0
2019-03-26,18,0,281,41.41,41.41,0.0,-479.408323,0.0
2019-03-26,18,0,282,210.95,210.95,0.0,-2442.192361,0.0
2019-03-26,19,0,9,0.68,0.68,0.0,4.19527,0.0
2019-03-26,19,0,17,6.32,6.32,0.0,7.538231,0.0
2019-03-26,19,0,19,615.51,615.51,0.0,734.154567,0.0
2019-03-26,19,0,20,748.14,748.14,0.0,892.35008,0.0
2019-03-26,19,0,21,15.44,15.44,0.0,95.257306,0.0
2019-03-26,19,0,22,54.86,54.86,0.0,338.459574,0.0
2019-03-26,19,0,23,108.8,108.8,0.0,671.243194,0.0
2019-03-26,19,0,24,192.5,192.5,0.0,1187.63157,0.0
2019-03-26,19,0,29,0.73,0.73,0.0,6.159118,0.0
2019-03-26,19,0,30,145.76,145.76,0.0,897.755017,0.0
2019-03-26,19,0,31,37.5,37.5,0.0,230.967434,0.0
2019-03-26,19,0,32,0.81,0.81,0.0,37.607304,0.0
2019-03-26,19,0,33,0.42,0.42,0.0,3.420119,0.0
2019-03-26,19,0,34,0.67,0.67,0.0,5.455904,0.0
2019-03-26,19,0,35,0.67,0.67,0.0,5.455904,0.0
2019-03-26,19,0,36,1.91,1.91,0.0,14.081736,0.0
2019-03-26,19,0,37,0.87,0.87,0.0,6.411303,0.0
2019-03-26,19,0,38,1.12,1.12,0.0,8.253631,0.0
2019-03-26,19,0,39,0.74,0.74,0.0,5.453292,0.0
2019-03-26,19,0,40,0.74,0.74,0.0,5.453292,0.0
2019-03-26,19,0,41,34.8,34.8,0.0,233.468981,0.0
2019-03-26,19,0,42,10.28,10.28,0.0,62.239778,0.0
2019-03-26,19,0,43,5.47,5.47,0.0,40.788676,0.0
2019-03-26,19,0,46,4.81,4.81,0.0,34.921386,0.0
2019-03-26,19,0,52,39.75,39.75,0.0,244.82548,0.0
2019-03-26,19,0,53,63.15,63.15,0.0,388.949158,0.0
2019-03-26,19,0,55,186.9,186.9,0.0,1153.082288,0.0
2019-03-26,19,0,56,42.99,42.99,0.0,264.781066,0.0
2019-03-26,19,0,57,40.9,40.9,0.0,251.908481,0.0
2019-03-26,19,0,58,78.65,78.65,0.0,484.415697,0.0
2019-03-26,19,0,59,77.34,77.34,0.0,476.347235,0.0
2019-03-26,19,0,63,99.39,99.39,0.0,11400.297476,0.0
2019-03-26,19,0,64,116.93,116.93,0.0,13412.18215,0.0
2019-03-26,19,0,65,41.4,41.4,0.0,184.489452,0.0
2019-03-26,19,0,67,71.89,71.89,0.0,-39995.999648,0.0
2019-03-26,19,0,68,12.55,12.55,0.0,-5164.024423,0.0
2019-03-26,19,0,69,0.42,0.42,0.0,3.420119,0.0
2019-03-26,19,0,74,65.28,65.28,0.0,486.686126,0.0
2019-03-26,19,0,77,60.0,60.0,0.0,-17447.657743,0.0
2019-03-26,19,0,78,45.36,45.36,0.0,-13190.429254,0.0
2019-03-26,19,0,79,26.25,26.25,0.0,-7633.350263,0.0
2019-03-26,19,0,80,42.45,42.45,0.0,-12344.217853,0.0
2019-03-26,19,0,81,55.5,55.5,0.0,-16139.083413,0.0
2019-03-26,19,0,82,39.15,39.15,0.0,-11384.596678,0.0
2019-03-26,19,0,83,87.3,87.3,0.0,-25386.342017,0.0
2019-03-26,19,0,84,0.0,0.0,0.0,0.0,0.0
2019-03-26,19,0,86,2.11,2.11,0.0,17.182025,0.0
2019-03-26,19,0,87,10.77,10.77,0.0,87.701617,0.0
2019-03-26,19,0,88,51.18,51.18,0.0,-14882.852055,0.0
2019-03-26,19,0,89,49.2,49.2,0.0,-14307.07935,0.0
2019-03-26,19,0,90,66.06,66.06,0.0,-19209.871176,0.0
2019-03-26,19,0,91,235.65,235.65,0.0,-68525.675787,0.0
2019-03-26,19,0,92,84.75,84.75,0.0,-24644.816563,0.0
2019-03-26,19,0,95,13.26,13.26,0.0,257.85104,0.0
2019-03-26,19,0,96,29.88,29.88,0.0,183.710613,0.0
2019-03-26,19,0,97,183.75,183.75,0.0,1129.74649,0.0
2019-03-26,19,0,99,12.6,12.6,0.0,93.93758,0.0
2019-03-26,19,0,101,2.94,2.94,0.0,18.107847,0.0
2019-03-26,19,0,102,35.91,35.91,0.0,-14776.104943,0.0
2019-03-26,19,0,103,30.13,30.13,0.0,-12397.773376,0.0
2019-03-26,19,0,104,4.3,4.3,0.0,-1769.347014,0.0
2019-03-26,19,0,106,54.01,54.01,0.0,333.215486,0.0
2019-03-26,19,0,109,60.0,60.0,0.0,424.119331,0.0
2019-03-26,19,0,110,338.6,338.6,0.0,-338600.0,0.0
2019-03-26,19,0,111,2.98,2.98,0.0,19.992459,0.0
2019-03-26,19,0,113,45.0,45.0,0.0,-11768.361343,0.0
2019-03-26,19,0,115,45.0,45.0,0.0,-11768.361343,0.0
2019-03-26,19,0,116,23.67,23.67,0.0,-23670.0,0.0
2019-03-26,19,0,117,3.0,3.0,0.0,-784.557423,0.0
2019-03-26,19,0,119,116.93,116.93,0.0,13412.18215,0.0
2019-03-26,19,0,120,68.76,68.76,0.0,7886.95497,0.0
2019-03-26,19,0,123,0.9,0.9,0.0,5.552563,0.0
2019-03-26,19,0,125,174.2,174.2,0.0,1074.729452,0.0
2019-03-26,19,0,126,40.51,40.51,0.0,249.927038,0.0
2019-03-26,19,0,127,51.98,51.98,0.0,320.691371,0.0
2019-03-26,19,0,128,249.5,249.5,0.0,1539.293905,0.0
2019-03-26,19,0,131,30.0,30.0,0.0,-11183.540598,0.0
2019-03-26,19,0,132,44.1,44.1,0.0,-16439.80468,0.0
2019-03-26,19,0,133,135.62,135.62,0.0,1119.187381,0.0
2019-03-26,19,0,134,0.0,0.0,0.0,0.0,0.0
2019-03-26,19,0,135,183.78,183.78,0.0,1516.621862,0.0
2019-03-26,19,0,136,45.9,45.9,0.0,212.7661,0.0
2019-03-26,19,0,139,44.94,44.94,0.0,301.497011,0.0
2019-03-26,19,0,140,250.6,250.6,0.0,-250600.0,0.0
2019-03-26,19,0,141,230.0,230.0,0.0,-127960.494074,0.0
2019-03-26,19,0,142,94.81,94.81,0.0,-52747.541057,0.0
2019-03-26,19,0,143,71.55,71.55,0.0,440.685863,0.0
2019-03-26,19,0,145,30.0,30.0,0.0,194.900399,0.0
2019-03-26,19,0,146,268.0,268.0,0.0,-268000.0,0.0
2019-03-26,19,0,152,1.41,1.41,0.0,10.539076,0.0
2019-03-26,19,0,153,1.73,1.73,0.0,12.905983,0.0
2019-03-26,19,0,154,12.31,12.31,0.0,82.586297,0.0
2019-03-26,19,0,157,250.0,250.0,0.0,-139087.493559,0.0
2019-03-26,19,0,158,86.5,86.5,0.0,-48124.272771,0.0
2019-03-26,19,0,159,0.0,0.0,0.0,0.0,0.0
2019-03-26,19,0,160,0.42,0.42,0.0,3.243882,0.0
2019-03-26,19,0,161,12.61,12.61,0.0,-5188.712986,0.0
2019-03-26,19,0,162,21.81,21.81,0.0,441.175146,0.0
2019-03-26,19,0,163,185.4,185.4,0.0,-185400.0,0.0
2019-03-26,19,0,164,5.76,5.76,0.0,35.476598,0.0
2019-03-26,19,0,167,0.89,0.89,0.0,14.441734,0.0
2019-03-26,19,0,168,0.44,0.44,0.0,7.139734,0.0
2019-03-26,19,0,169,0.0,0.0,0.0,0.0,0.0
2019-03-26,19,0,170,0.97,0.97,0.0,15.739867,0.0
2019-03-26,19,0,172,1.17,1.17,0.0,20.198218,0.0
2019-03-26,19,0,173,1.79,1.79,0.0,30.901547,0.0
2019-03-26,19,0,188,1.7,1.7,0.0,44.657521,0.0
2019-03-26,19,0,190,1.72,1.72,0.0,55.775398,0.0
2019-03-26,19,0,191,4.45,4.45,0.0,144.302629,0.0
2019-03-26,19,0,192,258.58,258.58,0.0,8385.11772,0.0
2019-03-26,19,0,194,156.32,156.32,0.0,-19753.697033,0.0
2019-03-26,19,0,196,1.19,1.19,0.0,318.726712,0.0
2019-03-26,19,0,198,1.79,1.79,0.0,14.63559,0.0
2019-03-26,19,0,199,23.09,23.09,0.0,-675.412816,0.0
2019-03-26,19,0,200,3.14,3.14,0.0,-91.849123,0.0
2019-03-26,19,0,204,257.1,257.1,0.0,1806.961145,0.0
2019-03-26,19,0,205,317.4,317.4,0.0,2243.591258,0.0
2019-03-26,19,0,206,539.94,539.94,0.0,3319.70242,0.0
2019-03-26,19,0,210,0.28,0.28,0.0,2.378682,0.0
2019-03-26,19,0,214,1.87,1.87,0.0,15.537559,0.0
2019-03-26,19,0,217,1.17,1.17,0.0,9.818925,0.0
2019-03-26,19,0,218,1.61,1.61,0.0,13.511512,0.0
2019-03-26,19,0,219,1.1,1.1,0.0,9.231468,0.0
2019-03-26,19,0,221,1.0,1.0,0.0,8.308855,0.0
2019-03-26,19,0,225,0.73,0.73,0.0,6.155018,0.0
2019-03-26,19,0,233,1.19,1.19,0.0,9.690336,0.0
2019-03-26,19,0,236,116.66,116.66,0.0,891.260408,0.0
2019-03-26,19,0,237,156.6,156.6,0.0,1167.509917,0.0
2019-03-26,19,0,238,13.39,13.39,0.0,81.069127,0.0
2019-03-26,19,0,240,2.16,2.16,0.0,15.924895,0.0
2019-03-26,19,0,245,78.0,78.0,0.0,560.810389,0.0
2019-03-26,19,0,247,171.72,171.72,0.0,1234.645641,0.0
2019-03-26,19,0,248,15.72,15.72,0.0,117.198314,0.0
2019-03-26,19,0,249,150.0,150.0,0.0,1078.481518,0.0
2019-03-26,19,0,251,326.4,326.4,0.0,1791.69963,0.0
2019-03-26,19,0,252,267.06,267.06,0.0,1190.090653,0.0
2019-03-26,19,0,254,3.0,3.0,0.0,22.571186,0.0
2019-03-26,19,0,255,1.37,1.37,0.0,10.307508,0.0
2019-03-26,19,0,258,2.68,2.68,0.0,19.795094,0.0
2019-03-26,19,0,260,1.03,1.03,0.0,7.955233,0.0
2019-03-26,19,0,265,12.74,12.74,0.0,85.471115,0.0
2019-03-26,19,0,266,29.1,29.1,0.0,195.228372,0.0
2019-03-26,19,0,267,35.76,35.76,0.0,239.909504,0.0
2019-03-26,19,0,270,579.0,579.0,0.0,-579000.0,0.0
2019-03-26,19,0,272,150.39,150.39,0.0,-39329.863607,0.0
2019-03-26,19,0,273,5.66,5.66,0.0,-5660.0,0.0
2019-03-26,19,0,274,746.4,746.4,0.0,-746400.0,0.0
2019-03-26,19,0,275,1039.0,1039.0,0.0,-1039000.0,0.0
2019-03-26,19,0,276,1.26,1.26,0.0,-1135.187315,0.0
2019-03-26,19,0,277,1.57,1.57,0.0,-429.011956,0.0
2019-03-26,19,0,278,2.5,2.5,0.0,-683.140057,0.0
2019-03-26,19,0,279,264.6,264.6,0.0,-72303.543668,0.0
2019-03-26,19,0,281,16.83,16.83,0.0,103.658184,0.0
2019-03-26,19,0,282,79.96,79.96,0.0,492.48416,0.0
2019-03-26,20,0,9,0.0,0.0,0.0,0.0,0.0
2019-03-26,20,0,17,0.0,0.0,0.0,0.0,0.0
2019-03-26,20,0,19,643.3,643.3,0.0,441.823548,0.0
2019-03-26,20,0,20,780.2,780.2,0.0,535.847555,0.0
2019-03-26,20,0,21,0.0,0.0,0.0,0.0,0.0
2019-03-26,20,0,22,0.0,0.0,0.0,0.0,0.0
2019-03-26,20,0,23,108.8,108.8,0.0,691.461815,0.0
2019-03-26,20,0,24,192.5,192.5,0.0,1223.404406,0.0
2019-03-26,20,0,29,0.0,0.0,0.0,0.0,0.0
2019-03-26,20,0,30,0.35,0.35,0.0,2.219402,0.0
2019-03-26,20,0,31,37.5,37.5,0.0,237.793023,0.0
2019-03-26,20,0,32,0.0,0.0,0.0,0.0,0.0
2019-03-26,20,0,33,0.0,0.0,0.0,0.0,0.0
2019-03-26,20,0,34,0.0,0.0,0.0,0.0,0.0
2019-03-26,20,0,35,0.0,0.0,0.0,0.0,0.0
2019-03-26,20,0,36,0.0,0.0,0.0,0.0,0.0
2019-03-26,20,0,37,0.0,0.0,0.0,0.0,0.0
2019-03-26,20,0,38,0.0,0.0,0.0,0.0,0.0
2019-03-26,20,0,39,0.0,0.0,0.0,0.0,0.0
2019-03-26,20,0,40,0.0,0.0,0.0,0.0,0.0
2019-03-26,20,0,41,60.5,60.5,0.0,429.141784,0.0
2019-03-26,20,0,42,0.0,0.0,0.0,0.0,0.0
2019-03-26,20,0,43,0.0,0.0,0.0,0.0,0.0
2019-03-26,20,0,46,0.0,0.0,0.0,0.0,0.0
2019-03-26,20,0,52,39.75,39.75,0.0,252.060604,0.0
2019-03-26,20,0,53,63.15,63.15,0.0,400.44345,0.0
2019-03-26,20,0,55,186.9,186.9,0.0,1187.81446,0.0
2019-03-26,20,0,56,0.1,0.1,0.0,0.634115,0.0
2019-03-26,20,0,57,0.1,0.1,0.0,0.634115,0.0
2019-03-26,20,0,58,0.19,0.19,0.0,1.204818,0.0
2019-03-26,20,0,59,0.19,0.19,0.0,1.204818,0.0
2019-03-26,20,0,63,88.34,88.34,0.0,9586.235522,0.0
2019-03-26,20,0,64,103.93,103.93,0.0,11277.987976,0.0
2019-03-26,20,0,65,41.4,41.4,0.0,189.88806,0.0
2019-03-26,20,0,67,0.0,0.0,0.0,-0.0,0.0
2019-03-26,20,0,68,10.2,10.2,0.0,-4227.957094,0.0
2019-03-26,20,0,69,0.0,0.0,0.0,0.0,0.0
2019-03-26,20,0,74,65.28,65.28,0.0,529.793605,0.0
2019-03-26,20,0,77,84.7,84.7,0.0,-24937.382472,0.0
2019-03-26,20,0,78,64.3,64.3,0.0,-18931.212432,0.0
2019-03-26,20,0,79,37.43,37.43,0.0,-11020.144344,0.0
2019-03-26,20,0,80,60.23,60.23,0.0,-17732.922624,0.0
2019-03-26,20,0,81,78.45,78.45,0.0,-23097.256847,0.0
2019-03-26,20,0,82,55.6,55.6,0.0,-16369.757561,0.0
2019-03-26,20,0,83,122.29,122.29,0.0,-36004.634032,0.0
2019-03-26,20,0,84,0.0,0.0,0.0,0.0,0.0
2019-03-26,20,0,86,0.0,0.0,0.0,0.0,0.0
2019-03-26,20,0,87,0.0,0.0,0.0,0.0,0.0
2019-03-26,20,0,88,95.98,95.98,0.0,-28258.4412,0.0
2019-03-26,20,0,89,92.28,92.28,0.0,-27169.08683,0.0
2019-03-26,20,0,90,123.8,123.8,0.0,-36449.208383,0.0
2019-03-26,20,0,91,440.78,440.78,0.0,-129774.491688,0.0
2019-03-26,20,0,92,158.74,158.74,0.0,-46736.246678,0.0
2019-03-26,20,0,95,14.36,14.36,0.0,279.241398,0.0
2019-03-26,20,0,96,31.77,31.77,0.0,200.98676,0.0
2019-03-26,20,0,97,229.39,229.39,0.0,1451.191464,0.0
2019-03-26,20,0,99,12.6,12.6,0.0,102.257957,0.0
2019-03-26,20,0,101,0.01,0.01,0.0,0.063411,0.0
2019-03-26,20,0,102,24.15,24.15,0.0,-10010.310177,0.0
2019-03-26,20,0,103,21.0,21.0,0.0,-8704.617545,0.0
2019-03-26,20,0,104,3.9,3.9,0.0,-1616.57183,0.0
2019-03-26,20,0,106,0.0,0.0,0.0,0.0,0.0
2019-03-26,20,0,109,60.0,60.0,0.0,455.090204,0.0
2019-03-26,20,0,110,338.6,338.6,0.0,-338600.0,0.0
2019-03-26,20,0,111,0.0,0.0,0.0,0.0,0.0
2019-03-26,20,0,113,45.0,45.0,0.0,-11941.995446,0.0
2019-03-26,20,0,115,45.0,45.0,0.0,-11941.995446,0.0
2019-03-26,20,0,116,0.0,0.0,0.0,-0.0,0.0
2019-03-26,20,0,117,3.0,3.0,0.0,-796.13303,0.0
2019-03-26,20,0,119,103.93,103.93,0.0,11277.987976,0.0
2019-03-26,20,0,120,61.11,61.11,0.0,6631.365777,0.0
2019-03-26,20,0,123,0.0,0.0,0.0,0.0,0.0
2019-03-26,20,0,125,174.2,174.2,0.0,1107.101546,0.0
2019-03-26,20,0,126,0.0,0.0,0.0,0.0,0.0
2019-03-26,20,0,127,0.0,0.0,0.0,0.0,0.0
2019-03-26,20,0,128,249.5,249.5,0.0,1585.659217,0.0
2019-03-26,20,0,131,30.0,30.0,0.0,-11280.402183,0.0
2019-03-26,20,0,132,44.1,44.1,0.0,-16582.191209,0.0
2019-03-26,20,0,133,89.04,89.04,0.0,812.711555,0.0
2019-03-26,20,0,134,0.0,0.0,0.0,0.0,0.0
2019-03-26,20,0,135,118.66,118.66,0.0,1083.067758,0.0
2019-03-26,20,0,136,45.9,45.9,0.0,220.355002,0.0
2019-03-26,20,0,139,80.98,80.98,0.0,574.411598,0.0
2019-03-26,20,0,140,250.6,250.6,0.0,-250600.0,0.0
2019-03-26,20,0,141,230.0,230.0,0.0,-128485.76336,0.0
2019-03-26,20,0,142,0.0,0.0,0.0,-0.0,0.0
2019-03-26,20,0,143,71.55,71.55,0.0,453.709087,0.0
2019-03-26,20,0,145,30.0,30.0,0.0,204.081673,0.0
2019-03-26,20,0,146,268.0,268.0,0.0,-268000.0,0.0
2019-03-26,20,0,152,0.0,0.0,0.0,0.0,0.0
2019-03-26,20,0,153,0.0,0.0,0.0,0.0,0.0
2019-03-26,20,0,154,0.0,0.0,0.0,0.0,0.0
2019-03-26,20,0,157,250.0,250.0,0.0,-139658.438435,0.0
2019-03-26,20,0,158,5.08,5.08,0.0,-2837.859469,0.0
2019-03-26,20,0,159,0.0,0.0,0.0,0.0,0.0
2019-03-26,20,0,160,0.0,0.0,0.0,0.0,0.0
2019-03-26,20,0,161,0.0,0.0,0.0,-0.0,0.0
2019-03-26,20,0,162,25.17,25.17,0.0,509.238226,0.0
2019-03-26,20,0,163,168.77,168.77,0.0,-168770.0,0.0
2019-03-26,20,0,164,0.42,0.42,0.0,2.663282,0.0
2019-03-26,20,0,167,0.0,0.0,0.0,0.0,0.0
2019-03-26,20,0,168,0.0,0.0,0.0,0.0,0.0
2019-03-26,20,0,169,0.0,0.0,0.0,0.0,0.0
2019-03-26,20,0,170,0.0,0.0,0.0,0.0,0.0
2019-03-26,20,0,172,0.0,0.0,0.0,0.0,0.0
2019-03-26,20,0,173,0.0,0.0,0.0,0.0,0.0
2019-03-26,20,0,188,0.0,0.0,0.0,0.0,0.0
2019-03-26,20,0,190,0.0,0.0,0.0,0.0,0.0
2019-03-26,20,0,191,0.0,0.0,0.0,0.0,0.0
2019-03-26,20,0,192,204.48,204.48,0.0,6630.786879,0.0
2019-03-26,20,0,194,138.63,138.63,0.0,-18160.231043,0.0
2019-03-26,20,0,196,0.0,0.0,0.0,0.0,0.0
2019-03-26,20,0,198,0.0,0.0,0.0,0.0,0.0
2019-03-26,20,0,199,23.07,23.07,0.0,-682.749412,0.0
2019-03-26,20,0,200,0.0,0.0,0.0,-0.0,0.0
2019-03-26,20,0,204,452.59,452.59,0.0,3407.765154,0.0
2019-03-26,20,0,205,317.4,317.4,0.0,2407.427178,0.0
2019-03-26,20,0,206,868.95,868.95,0.0,5497.244095,0.0
2019-03-26,20,0,210,0.0,0.0,0.0,0.0,0.0
2019-03-26,20,0,214,0.0,0.0,0.0,0.0,0.0
2019-03-26,20,0,217,0.0,0.0,0.0,0.0,0.0
2019-03-26,20,0,218,0.0,0.0,0.0,0.0,0.0
2019-03-26,20,0,219,0.0,0.0,0.0,0.0,0.0
2019-03-26,20,0,221,0.0,0.0,0.0,0.0,0.0
2019-03-26,20,0,225,0.0,0.0,0.0,0.0,0.0
2019-03-26,20,0,233,0.0,0.0,0.0,0.0,0.0
2019-03-26,20,0,236,86.07,86.07,0.0,720.205822,0.0
2019-03-26,20,0,237,156.6,156.6,0.0,1270.920321,0.0
2019-03-26,20,0,238,0.0,0.0,0.0,0.0,0.0
2019-03-26,20,0,240,0.0,0.0,0.0,0.0,0.0
2019-03-26,20,0,245,145.89,145.89,0.0,1147.324836,0.0
2019-03-26,20,0,247,124.56,124.56,0.0,979.579009,0.0
2019-03-26,20,0,248,15.72,15.72,0.0,127.578975,0.0
2019-03-26,20,0,249,280.44,280.44,0.0,2205.468346,0.0
2019-03-26,20,0,251,326.4,326.4,0.0,1899.144515,0.0
2019-03-26,20,0,252,267.06,267.06,0.0,1224.915587,0.0
2019-03-26,20,0,254,0.0,0.0,0.0,0.0,0.0
2019-03-26,20,0,255,0.0,0.0,0.0,0.0,0.0
2019-03-26,20,0,258,0.0,0.0,0.0,0.0,0.0
2019-03-26,20,0,260,0.0,0.0,0.0,0.0,0.0
2019-03-26,20,0,265,0.0,0.0,0.0,0.0,0.0
2019-03-26,20,0,266,49.35,49.35,0.0,350.052017,0.0
2019-03-26,20,0,267,62.41,62.41,0.0,442.689897,0.0
2019-03-26,20,0,270,527.08,527.08,0.0,-527080.0,0.0
2019-03-26,20,0,272,150.39,150.39,0.0,-39910.14878,0.0
2019-03-26,20,0,273,0.0,0.0,0.0,-0.0,0.0
2019-03-26,20,0,274,679.47,679.47,0.0,-679470.0,0.0
2019-03-26,20,0,275,945.83,945.83,0.0,-945830.0,0.0
2019-03-26,20,0,276,0.0,0.0,0.0,-0.0,0.0
2019-03-26,20,0,277,0.0,0.0,0.0,-0.0,0.0
2019-03-26,20,0,278,0.0,0.0,0.0,-0.0,0.0
2019-03-26,20,0,279,635.83,635.83,0.0,-176138.423176,0.0
2019-03-26,20,0,281,16.83,16.83,0.0,106.721509,0.0
2019-03-26,20,0,282,0.19,0.19,0.0,1.204818,0.0
2019-03-26,21,0,9,0.0,0.0,0.0,0.0,0.0
2019-03-26,21,0,17,0.0,0.0,0.0,0.0,0.0
2019-03-26,21,0,19,530.59,530.59,0.0,4315.377222,0.0
2019-03-26,21,0,20,643.5,643.5,0.0,5233.693139,0.0
2019-03-26,21,0,21,0.0,0.0,0.0,0.0,0.0
2019-03-26,21,0,22,0.0,0.0,0.0,0.0,0.0
2019-03-26,21,0,23,108.8,108.8,0.0,1233.517533,0.0
2019-03-26,21,0,24,192.5,192.5,0.0,2182.464386,0.0
2019-03-26,21,0,29,0.0,0.0,0.0,0.0,0.0
2019-03-26,21,0,30,0.0,0.0,0.0,0.0,0.0
2019-03-26,21,0,31,37.5,37.5,0.0,425.917401,0.0
2019-03-26,21,0,32,0.0,0.0,0.0,0.0,0.0
2019-03-26,21,0,33,0.0,0.0,0.0,0.0,0.0
2019-03-26,21,0,34,0.0,0.0,0.0,0.0,0.0
2019-03-26,21,0,35,0.0,0.0,0.0,0.0,0.0
2019-03-26,21,0,36,0.0,0.0,0.0,0.0,0.0
2019-03-26,21,0,37,0.0,0.0,0.0,0.0,0.0
2019-03-26,21,0,38,0.0,0.0,0.0,0.0,0.0
2019-03-26,21,0,39,0.0,0.0,0.0,0.0,0.0
2019-03-26,21,0,40,0.0,0.0,0.0,0.0,0.0
2019-03-26,21,0,41,111.37,111.37,0.0,1144.780215,0.0
2019-03-26,21,0,42,0.0,0.0,0.0,0.0,0.0
2019-03-26,21,0,43,0.0,0.0,0.0,0.0,0.0
2019-03-26,21,0,46,0.0,0.0,0.0,0.0,0.0
2019-03-26,21,0,52,39.75,39.75,0.0,451.472445,0.0
2019-03-26,21,0,53,63.15,63.15,0.0,717.244903,0.0
2019-03-26,21,0,55,186.9,186.9,0.0,2118.974513,0.0
2019-03-26,21,0,56,0.0,0.0,0.0,0.0,0.0
2019-03-26,21,0,57,0.0,0.0,0.0,0.0,0.0
2019-03-26,21,0,58,0.0,0.0,0.0,0.0,0.0
2019-03-26,21,0,59,0.0,0.0,0.0,0.0,0.0
2019-03-26,21,0,63,78.96,78.96,0.0,7593.482263,0.0
2019-03-26,21,0,64,92.89,92.89,0.0,8933.112555,0.0
2019-03-26,21,0,65,29.89,29.89,0.0,243.779196,0.0
2019-03-26,21,0,67,0.0,0.0,0.0,-0.0,0.0
2019-03-26,21,0,68,7.9,7.9,0.0,-3335.54146,0.0
2019-03-26,21,0,69,0.0,0.0,0.0,0.0,0.0
2019-03-26,21,0,74,44.6,44.6,0.0,392.510306,0.0
2019-03-26,21,0,77,172.48,172.48,0.0,-52423.364756,0.0
2019-03-26,21,0,78,130.65,130.65,0.0,-39709.604623,0.0
2019-03-26,21,0,79,75.79,75.79,0.0,-23035.521886,0.0
2019-03-26,21,0,80,122.31,122.31,0.0,-37174.755005,0.0
2019-03-26,21,0,81,159.64,159.64,0.0,-48520.790524,0.0
2019-03-26,21,0,82,112.85,112.85,0.0,-34299.493928,0.0
2019-03-26,21,0,83,250.05,250.05,0.0,-75999.897711,0.0
2019-03-26,21,0,84,0.0,0.0,0.0,-0.0,0.0
2019-03-26,21,0,86,0.0,0.0,0.0,0.0,0.0
2019-03-26,21,0,87,0.0,0.0,0.0,0.0,0.0
2019-03-26,21,0,88,170.6,170.6,0.0,-51851.959806,0.0
2019-03-26,21,0,89,164.0,164.0,0.0,-49845.963706,0.0
2019-03-26,21,0,90,220.2,220.2,0.0,-66927.324439,0.0
2019-03-26,21,0,91,785.5,785.5,0.0,-238743.929823,0.0
2019-03-26,21,0,92,282.5,282.5,0.0,-85862.711871,0.0
2019-03-26,21,0,95,20.31,20.31,0.0,394.943788,0.0
2019-03-26,21,0,96,29.88,29.88,0.0,340.005529,0.0
2019-03-26,21,0,97,183.75,183.75,0.0,2090.897457,0.0
2019-03-26,21,0,99,8.61,8.61,0.0,75.77385,0.0
2019-03-26,21,0,101,0.0,0.0,0.0,0.0,0.0
2019-03-26,21,0,102,18.69,18.69,0.0,-7891.299987,0.0
2019-03-26,21,0,103,16.26,16.26,0.0,-6865.304322,0.0
2019-03-26,21,0,104,3.02,3.02,0.0,-1275.105723,0.0
2019-03-26,21,0,106,0.0,0.0,0.0,0.0,0.0
2019-03-26,21,0,109,56.97,56.97,0.0,545.784487,0.0
2019-03-26,21,0,110,338.6,338.6,0.0,-338600.0,0.0
2019-03-26,21,0,111,0.0,0.0,0.0,0.0,0.0
2019-03-26,21,0,113,78.33,78.33,0.0,-21505.616972,0.0
2019-03-26,21,0,115,78.33,78.33,0.0,-21505.616972,0.0
2019-03-26,21,0,116,0.0,0.0,0.0,-0.0,0.0
2019-03-26,21,0,117,5.27,5.27,0.0,-1446.886269,0.0
2019-03-26,21,0,119,92.89,92.89,0.0,8933.112555,0.0
2019-03-26,21,0,120,54.62,54.62,0.0,5252.735577,0.0
2019-03-26,21,0,123,0.0,0.0,0.0,0.0,0.0
2019-03-26,21,0,125,174.2,174.2,0.0,1974.988551,0.0
2019-03-26,21,0,126,0.0,0.0,0.0,0.0,0.0
2019-03-26,21,0,127,0.0,0.0,0.0,0.0,0.0
2019-03-26,21,0,128,249.5,249.5,0.0,2828.700593,0.0
2019-03-26,21,0,131,27.02,27.02,0.0,-10382.041694,0.0
2019-03-26,21,0,132,39.72,39.72,0.0,-15261.831832,0.0
2019-03-26,21,0,133,56.63,56.63,0.0,460.460091,0.0
2019-03-26,21,0,134,0.0,0.0,0.0,0.0,0.0
2019-03-26,21,0,135,73.63,73.63,0.0,598.68756,0.0
2019-03-26,21,0,136,37.64,37.64,0.0,307.03418,0.0
2019-03-26,21,0,139,146.7,146.7,0.0,1507.939818,0.0
2019-03-26,21,0,140,250.6,250.6,0.0,-250600.0,0.0
2019-03-26,21,0,141,230.0,230.0,0.0,-129823.378463,0.0
2019-03-26,21,0,142,0.0,0.0,0.0,-0.0,0.0
2019-03-26,21,0,143,71.55,71.55,0.0,812.650401,0.0
2019-03-26,21,0,145,21.39,21.39,0.0,228.829875,0.0
2019-03-26,21,0,146,268.0,268.0,0.0,-268000.0,0.0
2019-03-26,21,0,152,0.0,0.0,0.0,0.0,0.0
2019-03-26,21,0,153,0.0,0.0,0.0,0.0,0.0
2019-03-26,21,0,154,0.0,0.0,0.0,0.0,0.0
2019-03-26,21,0,157,250.0,250.0,0.0,-141112.367895,0.0
2019-03-26,21,0,158,0.0,0.0,0.0,-0.0,0.0
2019-03-26,21,0,159,0.0,0.0,0.0,0.0,0.0
2019-03-26,21,0,160,0.0,0.0,0.0,0.0,0.0
2019-03-26,21,0,161,0.0,0.0,0.0,-0.0,0.0
2019-03-26,21,0,162,31.35,31.35,0.0,634.210587,0.0
2019-03-26,21,0,163,126.63,126.63,0.0,-126630.0,0.0
2019-03-26,21,0,164,0.0,0.0,0.0,0.0,0.0
2019-03-26,21,0,167,0.0,0.0,0.0,0.0,0.0
2019-03-26,21,0,168,0.0,0.0,0.0,0.0,0.0
2019-03-26,21,0,169,0.0,0.0,0.0,0.0,0.0
2019-03-26,21,0,170,0.0,0.0,0.0,0.0,0.0
2019-03-26,21,0,172,0.0,0.0,0.0,0.0,0.0
2019-03-26,21,0,173,0.0,0.0,0.0,0.0,0.0
2019-03-26,21,0,188,0.0,0.0,0.0,0.0,0.0
2019-03-26,21,0,190,0.0,0.0,0.0,0.0,0.0
2019-03-26,21,0,191,0.0,0.0,0.0,0.0,0.0
2019-03-26,21,0,192,158.53,158.53,0.0,5140.74063,0.0
2019-03-26,21,0,194,124.52,124.52,0.0,-17590.127075,0.0
2019-03-26,21,0,196,0.0,0.0,0.0,0.0,0.0
2019-03-26,21,0,198,0.0,0.0,0.0,0.0,0.0
2019-03-26,21,0,199,24.63,24.63,0.0,-900.19021,0.0
2019-03-26,21,0,200,0.0,0.0,0.0,-0.0,0.0
2019-03-26,21,0,204,565.68,565.68,0.0,5464.659042,0.0
2019-03-26,21,0,205,264.39,264.39,0.0,2532.911367,0.0
2019-03-26,21,0,206,539.94,539.94,0.0,6143.995498,0.0
2019-03-26,21,0,210,0.0,0.0,0.0,0.0,0.0
2019-03-26,21,0,214,0.0,0.0,0.0,0.0,0.0
2019-03-26,21,0,217,0.0,0.0,0.0,0.0,0.0
2019-03-26,21,0,218,0.0,0.0,0.0,0.0,0.0
2019-03-26,21,0,219,0.0,0.0,0.0,0.0,0.0
2019-03-26,21,0,221,0.0,0.0,0.0,0.0,0.0
2019-03-26,21,0,225,0.0,0.0,0.0,0.0,0.0
2019-03-26,21,0,233,0.0,0.0,0.0,0.0,0.0
2019-03-26,21,0,236,61.9,61.9,0.0,522.624581,0.0
2019-03-26,21,0,237,107.0,107.0,0.0,941.672706,0.0
2019-03-26,21,0,238,0.0,0.0,0.0,0.0,0.0
2019-03-26,21,0,240,0.0,0.0,0.0,0.0,0.0
2019-03-26,21,0,245,197.69,197.69,0.0,1591.335888,0.0
2019-03-26,21,0,247,83.43,83.43,0.0,671.582544,0.0
2019-03-26,21,0,248,10.74,10.74,0.0,94.519298,0.0
2019-03-26,21,0,249,380.16,380.16,0.0,3060.156059,0.0
2019-03-26,21,0,251,326.4,326.4,0.0,2674.249212,0.0
2019-03-26,21,0,252,192.79,192.79,0.0,1572.371737,0.0
2019-03-26,21,0,254,0.0,0.0,0.0,0.0,0.0
2019-03-26,21,0,255,0.0,0.0,0.0,0.0,0.0
2019-03-26,21,0,258,0.0,0.0,0.0,0.0,0.0
2019-03-26,21,0,260,0.0,0.0,0.0,0.0,0.0
2019-03-26,21,0,265,0.0,0.0,0.0,0.0,0.0
2019-03-26,21,0,266,91.87,91.87,0.0,944.338317,0.0
2019-03-26,21,0,267,114.69,114.69,0.0,1178.906733,0.0
2019-03-26,21,0,270,395.45,395.45,0.0,-395450.0,0.0
2019-03-26,21,0,272,261.62,261.62,0.0,-71828.156675,0.0
2019-03-26,21,0,273,0.0,0.0,0.0,-0.0,0.0
2019-03-26,21,0,274,509.78,509.78,0.0,-509780.0,0.0
2019-03-26,21,0,275,709.62,709.62,0.0,-709620.0,0.0
2019-03-26,21,0,276,0.0,0.0,0.0,-0.0,0.0
2019-03-26,21,0,277,0.0,0.0,0.0,-0.0,0.0
2019-03-26,21,0,278,0.0,0.0,0.0,-0.0,0.0
2019-03-26,21,0,279,460.57,460.57,0.0,-131876.541144,0.0
2019-03-26,21,0,281,16.83,16.83,0.0,191.151729,0.0
2019-03-26,21,0,282,0.0,0.0,0.0,0.0,0.0
2019-03-26,22,0,9,0.0,0.0,0.0,0.0,0.0
2019-03-26,22,0,17,0.0,0.0,0.0,0.0,0.0
2019-03-26,22,0,19,400.51,400.51,0.0,2738.452884,0.0
2019-03-26,22,0,20,485.74,485.74,0.0,3321.205723,0.0
2019-03-26,22,0,21,0.0,0.0,0.0,0.0,0.0
2019-03-26,22,0,22,0.0,0.0,0.0,0.0,0.0
2019-03-26,22,0,23,108.8,108.8,0.0,1232.62916,0.0
2019-03-26,22,0,24,192.5,192.5,0.0,2180.892586,0.0
2019-03-26,22,0,29,0.0,0.0,0.0,0.0,0.0
2019-03-26,22,0,30,0.0,0.0,0.0,0.0,0.0
2019-03-26,22,0,31,37.5,37.5,0.0,425.917401,0.0
2019-03-26,22,0,32,0.0,0.0,0.0,0.0,0.0
2019-03-26,22,0,33,0.0,0.0,0.0,0.0,0.0
2019-03-26,22,0,34,0.0,0.0,0.0,0.0,0.0
2019-03-26,22,0,35,0.0,0.0,0.0,0.0,0.0
2019-03-26,22,0,36,0.0,0.0,0.0,0.0,0.0
2019-03-26,22,0,37,0.0,0.0,0.0,0.0,0.0
2019-03-26,22,0,38,0.0,0.0,0.0,0.0,0.0
2019-03-26,22,0,39,0.0,0.0,0.0,0.0,0.0
2019-03-26,22,0,40,0.0,0.0,0.0,0.0,0.0
2019-03-26,22,0,41,116.0,116.0,0.0,1142.090468,0.0
2019-03-26,22,0,42,0.0,0.0,0.0,0.0,0.0
2019-03-26,22,0,43,0.0,0.0,0.0,0.0,0.0
2019-03-26,22,0,46,0.0,0.0,0.0,0.0,0.0
2019-03-26,22,0,52,39.75,39.75,0.0,451.472445,0.0
2019-03-26,22,0,53,63.15,63.15,0.0,717.244903,0.0
2019-03-26,22,0,55,356.65,356.65,0.0,4040.599173,0.0
2019-03-26,22,0,56,0.0,0.0,0.0,0.0,0.0
2019-03-26,22,0,57,0.0,0.0,0.0,0.0,0.0
2019-03-26,22,0,58,0.0,0.0,0.0,0.0,0.0
2019-03-26,22,0,59,0.0,0.0,0.0,0.0,0.0
2019-03-26,22,0,63,70.35,70.35,0.0,6805.156872,0.0
2019-03-26,22,0,64,82.76,82.76,0.0,8005.611695,0.0
2019-03-26,22,0,65,19.55,19.55,0.0,134.293861,0.0
2019-03-26,22,0,67,0.0,0.0,0.0,-0.0,0.0
2019-03-26,22,0,68,5.08,5.08,0.0,-2145.250375,0.0
2019-03-26,22,0,69,0.0,0.0,0.0,0.0,0.0
2019-03-26,22,0,74,26.92,26.92,0.0,209.253281,0.0
2019-03-26,22,0,77,192.25,192.25,0.0,-58459.260106,0.0
2019-03-26,22,0,78,145.34,145.34,0.0,-44194.896561,0.0
2019-03-26,22,0,79,84.11,84.11,0.0,-25576.116346,0.0
2019-03-26,22,0,80,136.01,136.01,0.0,-41357.835979,0.0
2019-03-26,22,0,81,177.83,177.83,0.0,-54074.435499,0.0
2019-03-26,22,0,82,125.44,125.44,0.0,-38143.716971,0.0
2019-03-26,22,0,83,279.72,279.72,0.0,-85057.083157,0.0
2019-03-26,22,0,84,0.0,0.0,0.0,-0.0,0.0
2019-03-26,22,0,86,0.0,0.0,0.0,0.0,0.0
2019-03-26,22,0,87,0.0,0.0,0.0,0.0,0.0
2019-03-26,22,0,88,155.33,155.33,0.0,-47232.649531,0.0
2019-03-26,22,0,89,149.32,149.32,0.0,-45405.132479,0.0
2019-03-26,22,0,90,200.5,200.5,0.0,-60967.914961,0.0
2019-03-26,22,0,91,715.21,715.21,0.0,-217480.61077,0.0
2019-03-26,22,0,92,257.22,257.22,0.0,-78215.297189,0.0
2019-03-26,22,0,95,32.16,32.16,0.0,625.376278,0.0
2019-03-26,22,0,96,23.61,23.61,0.0,268.860462,0.0
2019-03-26,22,0,97,145.17,145.17,0.0,1653.133132,0.0
2019-03-26,22,0,99,5.2,5.2,0.0,40.420396,0.0
2019-03-26,22,0,101,0.0,0.0,0.0,0.0,0.0
2019-03-26,22,0,102,12.03,12.03,0.0,-5080.189372,0.0
2019-03-26,22,0,103,10.46,10.46,0.0,-4417.188764,0.0
2019-03-26,22,0,104,1.94,1.94,0.0,-819.249159,0.0
2019-03-26,22,0,106,0.0,0.0,0.0,0.0,0.0
2019-03-26,22,0,109,76.0,76.0,0.0,673.809949,0.0
2019-03-26,22,0,110,338.6,338.6,0.0,-338600.0,0.0
2019-03-26,22,0,111,0.0,0.0,0.0,0.0,0.0
2019-03-26,22,0,113,112.74,112.74,0.0,-30949.687745,0.0
2019-03-26,22,0,115,112.74,112.74,0.0,-30949.687745,0.0
2019-03-26,22,0,116,0.0,0.0,0.0,-0.0,0.0
2019-03-26,22,0,117,7.52,7.52,0.0,-2064.410607,0.0
2019-03-26,22,0,119,82.76,82.76,0.0,8005.611695,0.0
2019-03-26,22,0,120,48.66,48.66,0.0,4707.021086,0.0
2019-03-26,22,0,123,0.0,0.0,0.0,0.0,0.0
2019-03-26,22,0,125,174.2,174.2,0.0,1973.566174,0.0
2019-03-26,22,0,126,0.0,0.0,0.0,0.0,0.0
2019-03-26,22,0,127,0.0,0.0,0.0,0.0,0.0
2019-03-26,22,0,128,249.5,249.5,0.0,2826.663378,0.0
2019-03-26,22,0,131,18.18,18.18,0.0,-6986.813654,0.0
2019-03-26,22,0,132,26.72,26.72,0.0,-10268.84823,0.0
2019-03-26,22,0,133,60.75,60.75,0.0,415.190712,0.0
2019-03-26,22,0,134,0.0,0.0,0.0,0.0,0.0
2019-03-26,22,0,135,81.4,81.4,0.0,556.321381,0.0
2019-03-26,22,0,136,27.4,27.4,0.0,188.265372,0.0
2019-03-26,22,0,139,149.8,149.8,0.0,1474.872001,0.0
2019-03-26,22,0,140,250.6,250.6,0.0,-250600.0,0.0
2019-03-26,22,0,141,230.0,230.0,0.0,-129836.02545,0.0
2019-03-26,22,0,142,0.0,0.0,0.0,-0.0,0.0
2019-03-26,22,0,143,71.55,71.55,0.0,812.650401,0.0
2019-03-26,22,0,145,32.66,32.66,0.0,340.736916,0.0
2019-03-26,22,0,146,268.0,268.0,0.0,-268000.0,0.0
2019-03-26,22,0,152,0.0,0.0,0.0,0.0,0.0
2019-03-26,22,0,153,0.0,0.0,0.0,0.0,0.0
2019-03-26,22,0,154,0.0,0.0,0.0,0.0,0.0
2019-03-26,22,0,157,250.0,250.0,0.0,-141126.11462,0.0
2019-03-26,22,0,158,0.0,0.0,0.0,-0.0,0.0
2019-03-26,22,0,159,0.0,0.0,0.0,0.0,0.0
2019-03-26,22,0,160,0.0,0.0,0.0,0.0,0.0
2019-03-26,22,0,161,0.0,0.0,0.0,-0.0,0.0
2019-03-26,22,0,162,24.25,24.25,0.0,490.48851,0.0
2019-03-26,22,0,163,92.76,92.76,0.0,-92760.0,0.0
2019-03-26,22,0,164,0.0,0.0,0.0,0.0,0.0
2019-03-26,22,0,167,0.0,0.0,0.0,0.0,0.0
2019-03-26,22,0,168,0.0,0.0,0.0,0.0,0.0
2019-03-26,22,0,169,0.0,0.0,0.0,0.0,0.0
2019-03-26,22,0,170,0.0,0.0,0.0,0.0,0.0
2019-03-26,22,0,172,0.0,0.0,0.0,0.0,0.0
2019-03-26,22,0,173,0.0,0.0,0.0,0.0,0.0
2019-03-26,22,0,188,0.0,0.0,0.0,0.0,0.0
2019-03-26,22,0,190,0.0,0.0,0.0,0.0,0.0
2019-03-26,22,0,191,0.0,0.0,0.0,0.0,0.0
2019-03-26,22,0,192,120.39,120.39,0.0,3903.953601,0.0
2019-03-26,22,0,194,113.39,113.39,0.0,-15998.198732,0.0
2019-03-26,22,0,196,0.0,0.0,0.0,0.0,0.0
2019-03-26,22,0,198,0.0,0.0,0.0,0.0,0.0
2019-03-26,22,0,199,27.98,27.98,0.0,-1071.459842,0.0
2019-03-26,22,0,200,0.0,0.0,0.0,-0.0,0.0
2019-03-26,22,0,204,389.06,389.06,0.0,3493.076278,0.0
2019-03-26,22,0,205,378.08,378.08,0.0,3352.027179,0.0
2019-03-26,22,0,206,426.56,426.56,0.0,4857.480668,0.0
2019-03-26,22,0,210,0.0,0.0,0.0,0.0,0.0
2019-03-26,22,0,214,0.0,0.0,0.0,0.0,0.0
2019-03-26,22,0,217,0.0,0.0,0.0,0.0,0.0
2019-03-26,22,0,218,0.0,0.0,0.0,0.0,0.0
2019-03-26,22,0,219,0.0,0.0,0.0,0.0,0.0
2019-03-26,22,0,221,0.0,0.0,0.0,0.0,0.0
2019-03-26,22,0,225,0.0,0.0,0.0,0.0,0.0
2019-03-26,22,0,233,0.0,0.0,0.0,0.0,0.0
2019-03-26,22,0,236,43.25,43.25,0.0,314.505892,0.0
2019-03-26,22,0,237,64.57,64.57,0.0,501.912496,0.0
2019-03-26,22,0,238,0.0,0.0,0.0,0.0,0.0
2019-03-26,22,0,240,0.0,0.0,0.0,0.0,0.0
2019-03-26,22,0,245,147.68,147.68,0.0,992.460049,0.0
2019-03-26,22,0,247,53.16,53.16,0.0,357.25336,0.0
2019-03-26,22,0,248,6.48,6.48,0.0,50.370032,0.0
2019-03-26,22,0,249,284.01,284.01,0.0,1908.644221,0.0
2019-03-26,22,0,251,508.58,508.58,0.0,3520.14755,0.0
2019-03-26,22,0,252,126.08,126.08,0.0,866.075192,0.0
2019-03-26,22,0,254,0.0,0.0,0.0,0.0,0.0
2019-03-26,22,0,255,0.0,0.0,0.0,0.0,0.0
2019-03-26,22,0,258,0.0,0.0,0.0,0.0,0.0
2019-03-26,22,0,260,0.0,0.0,0.0,0.0,0.0
2019-03-26,22,0,265,0.0,0.0,0.0,0.0,0.0
2019-03-26,22,0,266,97.0,97.0,0.0,955.023926,0.0
2019-03-26,22,0,267,119.2,119.2,0.0,1173.596412,0.0
2019-03-26,22,0,270,289.7,289.7,0.0,-289700.0,0.0
2019-03-26,22,0,272,376.81,376.81,0.0,-103442.893731,0.0
2019-03-26,22,0,273,0.0,0.0,0.0,-0.0,0.0
2019-03-26,22,0,274,373.46,373.46,0.0,-373460.0,0.0
2019-03-26,22,0,275,519.86,519.86,0.0,-519860.0,0.0
2019-03-26,22,0,276,0.0,0.0,0.0,-0.0,0.0
2019-03-26,22,0,277,0.0,0.0,0.0,-0.0,0.0
2019-03-26,22,0,278,0.0,0.0,0.0,-0.0,0.0
2019-03-26,22,0,279,132.45,132.45,0.0,-37930.029785,0.0
2019-03-26,22,0,281,16.83,16.83,0.0,191.151729,0.0
2019-03-26,22,0,282,0.0,0.0,0.0,0.0,0.0
2019-03-26,23,0,9,0.0,0.0,0.0,0.0,0.0
2019-03-26,23,0,17,0.0,0.0,0.0,0.0,0.0
2019-03-26,23,0,19,355.76,355.76,0.0,2417.989815,0.0
2019-03-26,23,0,20,431.47,431.47,0.0,2932.567083,0.0
2019-03-26,23,0,21,0.0,0.0,0.0,0.0,0.0
2019-03-26,23,0,22,0.0,0.0,0.0,0.0,0.0
2019-03-26,23,0,23,108.8,108.8,0.0,670.550625,0.0
2019-03-26,23,0,24,192.5,192.5,0.0,1186.406208,0.0
2019-03-26,23,0,29,0.0,0.0,0.0,0.0,0.0
2019-03-26,23,0,30,0.0,0.0,0.0,0.0,0.0
2019-03-26,23,0,31,37.5,37.5,0.0,230.967434,0.0
2019-03-26,23,0,32,0.0,0.0,0.0,0.0,0.0
2019-03-26,23,0,33,0.0,0.0,0.0,0.0,0.0
2019-03-26,23,0,34,0.0,0.0,0.0,0.0,0.0
2019-03-26,23,0,35,0.0,0.0,0.0,0.0,0.0
2019-03-26,23,0,36,0.0,0.0,0.0,0.0,0.0
2019-03-26,23,0,37,0.0,0.0,0.0,0.0,0.0
2019-03-26,23,0,38,0.0,0.0,0.0,0.0,0.0
2019-03-26,23,0,39,0.0,0.0,0.0,0.0,0.0
2019-03-26,23,0,40,0.0,0.0,0.0,0.0,0.0
2019-03-26,23,0,41,116.0,116.0,0.0,739.199729,0.0
2019-03-26,23,0,42,0.0,0.0,0.0,0.0,0.0
2019-03-26,23,0,43,0.0,0.0,0.0,0.0,0.0
2019-03-26,23,0,46,0.0,0.0,0.0,0.0,0.0
2019-03-26,23,0,52,39.75,39.75,0.0,244.82548,0.0
2019-03-26,23,0,53,63.15,63.15,0.0,388.949158,0.0
2019-03-26,23,0,55,623.0,623.0,0.0,3839.641908,0.0
2019-03-26,23,0,56,0.0,0.0,0.0,0.0,0.0
2019-03-26,23,0,57,0.0,0.0,0.0,0.0,0.0
2019-03-26,23,0,58,0.0,0.0,0.0,0.0,0.0
2019-03-26,23,0,59,0.0,0.0,0.0,0.0,0.0
2019-03-26,23,0,63,67.62,67.62,0.0,5936.767759,0.0
2019-03-26,23,0,64,79.56,79.56,0.0,6985.052394,0.0
2019-03-26,23,0,65,15.26,15.26,0.0,103.648941,0.0
2019-03-26,23,0,67,0.0,0.0,0.0,-0.0,0.0
2019-03-26,23,0,68,5.34,5.34,0.0,-2272.766417,0.0
2019-03-26,23,0,69,0.0,0.0,0.0,0.0,0.0
2019-03-26,23,0,74,21.8,21.8,0.0,145.290706,0.0
2019-03-26,23,0,77,200.0,200.0,0.0,-61573.609507,0.0
2019-03-26,23,0,78,151.2,151.2,0.0,-46549.648787,0.0
2019-03-26,23,0,79,87.5,87.5,0.0,-26938.454159,0.0
2019-03-26,23,0,80,141.5,141.5,0.0,-43563.328726,0.0
2019-03-26,23,0,81,185.0,185.0,0.0,-56955.588794,0.0
2019-03-26,23,0,82,130.5,130.5,0.0,-40176.780203,0.0
2019-03-26,23,0,83,291.0,291.0,0.0,-89589.601833,0.0
2019-03-26,23,0,84,0.0,0.0,0.0,-0.0,0.0
2019-03-26,23,0,86,0.0,0.0,0.0,0.0,0.0
2019-03-26,23,0,87,0.0,0.0,0.0,0.0,0.0
2019-03-26,23,0,88,170.6,170.6,0.0,-52522.28891,0.0
2019-03-26,23,0,89,164.0,164.0,0.0,-50490.359796,0.0
2019-03-26,23,0,90,220.2,220.2,0.0,-67792.544067,0.0
2019-03-26,23,0,91,785.5,785.5,0.0,-241830.35134,0.0
2019-03-26,23,0,92,282.5,282.5,0.0,-86972.723429,0.0
2019-03-26,23,0,95,29.05,29.05,0.0,478.599261,0.0
2019-03-26,23,0,96,23.71,23.71,0.0,145.933457,0.0
2019-03-26,23,0,97,145.78,145.78,0.0,897.266105,0.0
2019-03-26,23,0,99,4.21,4.21,0.0,28.058435,0.0
2019-03-26,23,0,101,0.0,0.0,0.0,0.0,0.0
2019-03-26,23,0,102,12.64,12.64,0.0,-5379.731743,0.0
2019-03-26,23,0,103,10.99,10.99,0.0,-4677.472457,0.0
2019-03-26,23,0,104,2.04,2.04,0.0,-868.247845,0.0
2019-03-26,23,0,106,0.0,0.0,0.0,0.0,0.0
2019-03-26,23,0,109,84.09,84.09,0.0,547.475256,0.0
2019-03-26,23,0,110,338.6,338.6,0.0,-338600.0,0.0
2019-03-26,23,0,111,0.0,0.0,0.0,0.0,0.0
2019-03-26,23,0,113,115.84,115.84,0.0,-32338.633395,0.0
2019-03-26,23,0,115,115.84,115.84,0.0,-32338.633395,0.0
2019-03-26,23,0,116,0.0,0.0,0.0,-0.0,0.0
2019-03-26,23,0,117,7.72,7.72,0.0,-2155.164449,0.0
2019-03-26,23,0,119,79.56,79.56,0.0,6985.052394,0.0
2019-03-26,23,0,120,46.78,46.78,0.0,4107.098429,0.0
2019-03-26,23,0,123,0.0,0.0,0.0,0.0,0.0
2019-03-26,23,0,125,174.2,174.2,0.0,1073.620579,0.0
2019-03-26,23,0,126,0.0,0.0,0.0,0.0,0.0
2019-03-26,23,0,127,0.0,0.0,0.0,0.0,0.0
2019-03-26,23,0,128,249.5,249.5,0.0,1537.705708,0.0
2019-03-26,23,0,131,19.13,19.13,0.0,-7419.56372,0.0
2019-03-26,23,0,132,28.13,28.13,0.0,-10910.210531,0.0
2019-03-26,23,0,133,56.06,56.06,0.0,381.04606,0.0
2019-03-26,23,0,134,0.0,0.0,0.0,0.0,0.0
2019-03-26,23,0,135,75.12,75.12,0.0,510.599002,0.0
2019-03-26,23,0,136,20.77,20.77,0.0,141.068832,0.0
2019-03-26,23,0,139,149.8,149.8,0.0,954.587236,0.0
2019-03-26,23,0,140,250.6,250.6,0.0,-250600.0,0.0
2019-03-26,23,0,141,230.0,230.0,0.0,-130411.360528,0.0
2019-03-26,23,0,142,0.0,0.0,0.0,-0.0,0.0
2019-03-26,23,0,143,71.55,71.55,0.0,440.685863,0.0
2019-03-26,23,0,145,12.59,12.59,0.0,79.185892,0.0
2019-03-26,23,0,146,268.0,268.0,0.0,-268000.0,0.0
2019-03-26,23,0,152,0.0,0.0,0.0,0.0,0.0
2019-03-26,23,0,153,0.0,0.0,0.0,0.0,0.0
2019-03-26,23,0,154,0.0,0.0,0.0,0.0,0.0
2019-03-26,23,0,157,250.0,250.0,0.0,-141751.478835,0.0
2019-03-26,23,0,158,0.0,0.0,0.0,-0.0,0.0
2019-03-26,23,0,159,0.0,0.0,0.0,0.0,0.0
2019-03-26,23,0,160,0.0,0.0,0.0,0.0,0.0
2019-03-26,23,0,161,0.0,0.0,0.0,-0.0,0.0
2019-03-26,23,0,162,11.35,11.35,0.0,195.950591,0.0
2019-03-26,23,0,163,90.68,90.68,0.0,-90680.0,0.0
2019-03-26,23,0,164,0.0,0.0,0.0,0.0,0.0
2019-03-26,23,0,167,0.0,0.0,0.0,0.0,0.0
2019-03-26,23,0,168,0.0,0.0,0.0,0.0,0.0
2019-03-26,23,0,169,0.0,0.0,0.0,0.0,0.0
2019-03-26,23,0,170,0.0,0.0,0.0,0.0,0.0
2019-03-26,23,0,172,0.0,0.0,0.0,-0.0,0.0
2019-03-26,23,0,173,0.0,0.0,0.0,-0.0,0.0
2019-03-26,23,0,188,0.0,0.0,0.0,0.0,0.0
2019-03-26,23,0,190,0.0,0.0,0.0,0.0,0.0
2019-03-26,23,0,191,0.0,0.0,0.0,0.0,0.0
2019-03-26,23,0,192,109.39,109.39,0.0,3547.250473,0.0
2019-03-26,23,0,194,126.79,126.79,0.0,-18655.816842,0.0
2019-03-26,23,0,196,0.0,0.0,0.0,0.0,0.0
2019-03-26,23,0,198,0.0,0.0,0.0,0.0,0.0
2019-03-26,23,0,199,20.54,20.54,0.0,-751.576496,0.0
2019-03-26,23,0,200,0.0,0.0,0.0,-0.0,0.0
2019-03-26,23,0,204,377.0,377.0,0.0,2448.518686,0.0
2019-03-26,23,0,205,444.86,444.86,0.0,2896.299705,0.0
2019-03-26,23,0,206,428.36,428.36,0.0,2636.527019,0.0
2019-03-26,23,0,210,0.0,0.0,0.0,0.0,0.0
2019-03-26,23,0,214,0.0,0.0,0.0,0.0,0.0
2019-03-26,23,0,217,0.0,0.0,0.0,0.0,0.0
2019-03-26,23,0,218,0.0,0.0,0.0,0.0,0.0
2019-03-26,23,0,219,0.0,0.0,0.0,0.0,0.0
2019-03-26,23,0,221,0.0,0.0,0.0,0.0,0.0
2019-03-26,23,0,225,0.0,0.0,0.0,0.0,0.0
2019-03-26,23,0,233,0.0,0.0,0.0,0.0,0.0
2019-03-26,23,0,236,37.17,37.17,0.0,250.355583,0.0
2019-03-26,23,0,237,52.29,52.29,0.0,348.497754,0.0
2019-03-26,23,0,238,0.0,0.0,0.0,0.0,0.0
2019-03-26,23,0,240,0.0,0.0,0.0,0.0,0.0
2019-03-26,23,0,245,129.59,129.59,0.0,882.922623,0.0
2019-03-26,23,0,247,44.77,44.77,0.0,305.026976,0.0
2019-03-26,23,0,248,5.25,5.25,0.0,34.989734,0.0
2019-03-26,23,0,249,249.22,249.22,0.0,1697.985771,0.0
2019-03-26,23,0,251,187.61,187.61,0.0,1272.901156,0.0
2019-03-26,23,0,252,98.43,98.43,0.0,668.556049,0.0
2019-03-26,23,0,254,0.0,0.0,0.0,0.0,0.0
2019-03-26,23,0,255,0.0,0.0,0.0,0.0,0.0
2019-03-26,23,0,258,0.0,0.0,0.0,0.0,0.0
2019-03-26,23,0,260,0.0,0.0,0.0,0.0,0.0
2019-03-26,23,0,265,0.0,0.0,0.0,0.0,0.0
2019-03-26,23,0,266,97.0,97.0,0.0,618.123911,0.0
2019-03-26,23,0,267,119.2,119.2,0.0,759.591446,0.0
2019-03-26,23,0,270,283.21,283.21,0.0,-283210.0,0.0
2019-03-26,23,0,272,387.15,387.15,0.0,-108079.263803,0.0
2019-03-26,23,0,273,0.0,0.0,0.0,-0.0,0.0
2019-03-26,23,0,274,365.09,365.09,0.0,-365090.0,0.0
2019-03-26,23,0,275,508.21,508.21,0.0,-508210.0,0.0
2019-03-26,23,0,276,0.0,0.0,0.0,-0.0,0.0
2019-03-26,23,0,277,0.0,0.0,0.0,-0.0,0.0
2019-03-26,23,0,278,0.0,0.0,0.0,-0.0,0.0
2019-03-26,23,0,279,135.41,135.41,0.0,-39360.077154,0.0
2019-03-26,23,0,281,16.83,16.83,0.0,103.658184,0.0
2019-03-26,23,0,282,0.0,0.0,0.0,0.0,0.0
2019-03-27,0,0,9,0.0,0.0,0.0,0.0,0.0
2019-03-27,0,0,17,0.0,0.0,0.0,0.0,0.0
2019-03-27,0,0,19,315.11,315.11,0.0,2343.28038,0.0
2019-03-27,0,0,20,382.17,382.17,0.0,2841.964593,0.0
2019-03-27,0,0,21,0.0,0.0,0.0,0.0,0.0
2019-03-27,0,0,22,0.0,0.0,0.0,0.0,0.0
2019-03-27,0,0,23,108.8,108.8,0.0,670.989206,0.0
2019-03-27,0,0,24,192.5,192.5,0.0,1187.182189,0.0
2019-03-27,0,0,29,0.0,0.0,0.0,0.0,0.0
2019-03-27,0,0,30,0.0,0.0,0.0,0.0,0.0
2019-03-27,0,0,31,37.5,37.5,0.0,230.967434,0.0
2019-03-27,0,0,32,0.0,0.0,0.0,0.0,0.0
2019-03-27,0,0,33,0.0,0.0,0.0,0.0,0.0
2019-03-27,0,0,34,0.0,0.0,0.0,0.0,0.0
2019-03-27,0,0,35,0.0,0.0,0.0,0.0,0.0
2019-03-27,0,0,36,0.0,0.0,0.0,0.0,0.0
2019-03-27,0,0,37,0.0,0.0,0.0,0.0,0.0
2019-03-27,0,0,38,0.0,0.0,0.0,0.0,0.0
2019-03-27,0,0,39,0.0,0.0,0.0,0.0,0.0
2019-03-27,0,0,40,0.0,0.0,0.0,0.0,0.0
2019-03-27,0,0,41,116.0,116.0,0.0,764.023377,0.0
2019-03-27,0,0,42,0.0,0.0,0.0,0.0,0.0
2019-03-27,0,0,43,0.0,0.0,0.0,0.0,0.0
2019-03-27,0,0,46,0.0,0.0,0.0,0.0,0.0
2019-03-27,0,0,52,39.75,39.75,0.0,244.82548,0.0
2019-03-27,0,0,53,63.15,63.15,0.0,388.949158,0.0
2019-03-27,0,0,55,622.97,622.97,0.0,3841.968252,0.0
2019-03-27,0,0,56,0.0,0.0,0.0,0.0,0.0
2019-03-27,0,0,57,0.0,0.0,0.0,0.0,0.0
2019-03-27,0,0,58,0.0,0.0,0.0,0.0,0.0
2019-03-27,0,0,59,0.0,0.0,0.0,0.0,0.0
2019-03-27,0,0,63,67.71,67.71,0.0,6406.569669,0.0
2019-03-27,0,0,64,79.66,79.66,0.0,7537.252102,0.0
2019-03-27,0,0,65,11.81,11.81,0.0,87.71751,0.0
2019-03-27,0,0,67,0.0,0.0,0.0,-0.0,0.0
2019-03-27,0,0,68,5.92,5.92,0.0,-2498.216448,0.0
2019-03-27,0,0,69,0.0,0.0,0.0,0.0,0.0
2019-03-27,0,0,74,17.38,17.38,0.0,124.649201,0.0
2019-03-27,0,0,77,200.0,200.0,0.0,-60697.072271,0.0
2019-03-27,0,0,78,151.2,151.2,0.0,-45886.986637,0.0
2019-03-27,0,0,79,87.5,87.5,0.0,-26554.969119,0.0
2019-03-27,0,0,80,141.5,141.5,0.0,-42943.178632,0.0
2019-03-27,0,0,81,185.0,185.0,0.0,-56144.791851,0.0
2019-03-27,0,0,82,130.5,130.5,0.0,-39604.839657,0.0
2019-03-27,0,0,83,291.0,291.0,0.0,-88314.240154,0.0
2019-03-27,0,0,84,0.0,0.0,0.0,0.0,0.0
2019-03-27,0,0,86,0.0,0.0,0.0,0.0,0.0
2019-03-27,0,0,87,0.0,0.0,0.0,0.0,0.0
2019-03-27,0,0,88,170.6,170.6,0.0,-51774.602647,0.0
2019-03-27,0,0,89,164.0,164.0,0.0,-49771.599262,0.0
2019-03-27,0,0,90,220.2,220.2,0.0,-66827.47657,0.0
2019-03-27,0,0,91,785.5,785.5,0.0,-238387.751344,0.0
2019-03-27,0,0,92,282.5,282.5,0.0,-85734.614583,0.0
2019-03-27,0,0,95,16.32,16.32,0.0,366.053302,0.0
2019-03-27,0,0,96,25.16,25.16,0.0,154.752114,0.0
2019-03-27,0,0,97,154.73,154.73,0.0,951.700896,0.0
2019-03-27,0,0,99,3.35,3.35,0.0,24.026169,0.0
2019-03-27,0,0,101,0.0,0.0,0.0,0.0,0.0
2019-03-27,0,0,102,14.01,14.01,0.0,-5912.164262,0.0
2019-03-27,0,0,103,12.18,12.18,0.0,-5139.911542,0.0
2019-03-27,0,0,104,2.26,2.26,0.0,-953.711009,0.0
2019-03-27,0,0,106,0.0,0.0,0.0,0.0,0.0
2019-03-27,0,0,109,84.07,84.07,0.0,576.991237,0.0
2019-03-27,0,0,110,338.6,338.6,0.0,-338600.0,0.0
2019-03-27,0,0,111,0.0,0.0,0.0,0.0,0.0
2019-03-27,0,0,113,123.66,123.66,0.0,-33967.905968,0.0
2019-03-27,0,0,115,123.66,123.66,0.0,-33967.905968,0.0
2019-03-27,0,0,116,0.0,0.0,0.0,-0.0,0.0
2019-03-27,0,0,117,8.24,8.24,0.0,-2263.428313,0.0
2019-03-27,0,0,119,79.66,79.66,0.0,7537.252102,0.0
2019-03-27,0,0,120,46.84,46.84,0.0,4431.896667,0.0
2019-03-27,0,0,123,0.0,0.0,0.0,0.0,0.0
2019-03-27,0,0,125,174.2,174.2,0.0,1074.322792,0.0
2019-03-27,0,0,126,0.0,0.0,0.0,0.0,0.0
2019-03-27,0,0,127,0.0,0.0,0.0,0.0,0.0
2019-03-27,0,0,128,249.5,249.5,0.0,1538.711461,0.0
2019-03-27,0,0,131,21.28,21.28,0.0,-8171.440702,0.0
2019-03-27,0,0,132,31.27,31.27,0.0,-12007.563476,0.0
2019-03-27,0,0,133,51.4,51.4,0.0,382.273932,0.0
2019-03-27,0,0,134,0.0,0.0,0.0,0.0,0.0
2019-03-27,0,0,135,68.87,68.87,0.0,512.202445,0.0
2019-03-27,0,0,136,15.46,15.46,0.0,114.819859,0.0
2019-03-27,0,0,139,149.8,149.8,0.0,986.643982,0.0
2019-03-27,0,0,140,250.6,250.6,0.0,-250600.0,0.0
2019-03-27,0,0,141,230.0,230.0,0.0,-129784.46867,0.0
2019-03-27,0,0,142,0.0,0.0,0.0,-0.0,0.0
2019-03-27,0,0,143,181.61,181.61,0.0,1118.559883,0.0
2019-03-27,0,0,145,12.41,12.41,0.0,79.678154,0.0
2019-03-27,0,0,146,268.0,268.0,0.0,-268000.0,0.0
2019-03-27,0,0,152,0.0,0.0,0.0,0.0,0.0
2019-03-27,0,0,153,0.0,0.0,0.0,0.0,0.0
2019-03-27,0,0,154,0.0,0.0,0.0,0.0,0.0
2019-03-27,0,0,157,250.0,250.0,0.0,-141070.074641,0.0
2019-03-27,0,0,158,0.0,0.0,0.0,-0.0,0.0
2019-03-27,0,0,159,0.0,0.0,0.0,0.0,0.0
2019-03-27,0,0,160,0.0,0.0,0.0,0.0,0.0
2019-03-27,0,0,161,0.0,0.0,0.0,-0.0,0.0
2019-03-27,0,0,162,11.22,11.22,0.0,260.721638,0.0
2019-03-27,0,0,163,92.84,92.84,0.0,-92840.0,0.0
2019-03-27,0,0,164,0.0,0.0,0.0,0.0,0.0
2019-03-27,0,0,167,0.0,0.0,0.0,0.0,0.0
2019-03-27,0,0,168,0.0,0.0,0.0,0.0,0.0
2019-03-27,0,0,169,0.0,0.0,0.0,0.0,0.0
2019-03-27,0,0,170,0.0,0.0,0.0,0.0,0.0
2019-03-27,0,0,172,0.0,0.0,0.0,0.0,0.0
2019-03-27,0,0,173,0.0,0.0,0.0,0.0,0.0
2019-03-27,0,0,188,0.0,0.0,0.0,0.0,0.0
2019-03-27,0,0,190,0.0,0.0,0.0,0.0,0.0
2019-03-27,0,0,191,0.0,0.0,0.0,0.0,0.0
2019-03-27,0,0,192,100.96,100.96,0.0,3273.886167,0.0
2019-03-27,0,0,194,148.58,148.58,0.0,-21084.858461,0.0
2019-03-27,0,0,196,0.0,0.0,0.0,0.0,0.0
2019-03-27,0,0,198,0.0,0.0,0.0,0.0,0.0
2019-03-27,0,0,199,9.06,9.06,0.0,-309.998604,0.0
2019-03-27,0,0,200,0.0,0.0,0.0,-0.0,0.0
2019-03-27,0,0,204,384.24,384.24,0.0,2624.930127,0.0
2019-03-27,0,0,205,444.72,444.72,0.0,3052.212955,0.0
2019-03-27,0,0,206,454.68,454.68,0.0,2796.609343,0.0
2019-03-27,0,0,210,0.0,0.0,0.0,0.0,0.0
2019-03-27,0,0,214,0.0,0.0,0.0,0.0,0.0
2019-03-27,0,0,217,0.0,0.0,0.0,0.0,0.0
2019-03-27,0,0,218,0.0,0.0,0.0,0.0,0.0
2019-03-27,0,0,219,0.0,0.0,0.0,0.0,0.0
2019-03-27,0,0,221,0.0,0.0,0.0,0.0,0.0
2019-03-27,0,0,225,0.0,0.0,0.0,0.0,0.0
2019-03-27,0,0,233,0.0,0.0,0.0,0.0,0.0
2019-03-27,0,0,236,31.73,31.73,0.0,232.062024,0.0
2019-03-27,0,0,237,41.68,41.68,0.0,298.928579,0.0
2019-03-27,0,0,238,0.0,0.0,0.0,0.0,0.0
2019-03-27,0,0,240,0.0,0.0,0.0,0.0,0.0
2019-03-27,0,0,245,71.11,71.11,0.0,531.153872,0.0
2019-03-27,0,0,247,37.1,37.1,0.0,277.117264,0.0
2019-03-27,0,0,248,4.18,4.18,0.0,29.978922,0.0
2019-03-27,0,0,249,133.21,133.21,0.0,995.007837,0.0
2019-03-27,0,0,251,144.86,144.86,0.0,1073.79265,0.0
2019-03-27,0,0,252,76.16,76.16,0.0,565.670242,0.0
2019-03-27,0,0,254,0.0,0.0,0.0,0.0,0.0
2019-03-27,0,0,255,0.0,0.0,0.0,0.0,0.0
2019-03-27,0,0,258,0.0,0.0,0.0,0.0,0.0
2019-03-27,0,0,260,0.0,0.0,0.0,0.0,0.0
2019-03-27,0,0,265,0.0,0.0,0.0,0.0,0.0
2019-03-27,0,0,266,97.0,97.0,0.0,638.881617,0.0
2019-03-27,0,0,267,119.2,119.2,0.0,785.099884,0.0
2019-03-27,0,0,270,289.95,289.95,0.0,-289950.0,0.0
2019-03-27,0,0,272,413.26,413.26,0.0,-113517.522404,0.0
2019-03-27,0,0,273,0.0,0.0,0.0,-0.0,0.0
2019-03-27,0,0,274,373.78,373.78,0.0,-373780.0,0.0
2019-03-27,0,0,275,520.3,520.3,0.0,-520300.0,0.0
2019-03-27,0,0,276,0.0,0.0,0.0,-0.0,0.0
2019-03-27,0,0,277,0.0,0.0,0.0,-0.0,0.0
2019-03-27,0,0,278,0.0,0.0,0.0,-0.0,0.0
2019-03-27,0,0,279,146.78,146.78,0.0,-42013.319108,0.0
2019-03-27,0,0,281,16.83,16.83,0.0,103.658184,0.0
2019-03-27,0,0,282,0.0,0.0,0.0,0.0,0.0
2019-03-27,1,0,9,0.0,0.0,0.0,0.0,0.0
2019-03-27,1,0,17,0.0,0.0,0.0,0.0,0.0
2019-03-27,1,0,19,276.99,276.99,0.0,2266.345683,0.0
2019-03-27,1,0,20,335.94,335.94,0.0,2748.677457,0.0
2019-03-27,1,0,21,0.0,0.0,0.0,0.0,0.0
2019-03-27,1,0,22,0.0,0.0,0.0,0.0,0.0
2019-03-27,1,0,23,108.8,108.8,0.0,612.641731,0.0
2019-03-27,1,0,24,192.5,192.5,0.0,1083.947916,0.0
2019-03-27,1,0,29,0.0,0.0,0.0,0.0,0.0
2019-03-27,1,0,30,0.0,0.0,0.0,0.0,0.0
2019-03-27,1,0,31,84.11,84.11,0.0,472.254119,0.0
2019-03-27,1,0,32,0.0,0.0,0.0,0.0,0.0
2019-03-27,1,0,33,0.0,0.0,0.0,0.0,0.0
2019-03-27,1,0,34,0.0,0.0,0.0,0.0,0.0
2019-03-27,1,0,35,0.0,0.0,0.0,0.0,0.0
2019-03-27,1,0,36,0.0,0.0,0.0,0.0,0.0
2019-03-27,1,0,37,0.0,0.0,0.0,0.0,0.0
2019-03-27,1,0,38,0.0,0.0,0.0,0.0,0.0
2019-03-27,1,0,39,0.0,0.0,0.0,0.0,0.0
2019-03-27,1,0,40,0.0,0.0,0.0,0.0,0.0
2019-03-27,1,0,41,116.0,116.0,0.0,750.933053,0.0
2019-03-27,1,0,42,0.0,0.0,0.0,0.0,0.0
2019-03-27,1,0,43,0.0,0.0,0.0,0.0,0.0
2019-03-27,1,0,46,0.0,0.0,0.0,0.0,0.0
2019-03-27,1,0,52,89.55,89.55,0.0,502.798197,0.0
2019-03-27,1,0,53,146.38,146.38,0.0,821.882748,0.0
2019-03-27,1,0,55,524.08,524.08,0.0,2951.041164,0.0
2019-03-27,1,0,56,0.0,0.0,0.0,0.0,0.0
2019-03-27,1,0,57,0.0,0.0,0.0,0.0,0.0
2019-03-27,1,0,58,0.0,0.0,0.0,0.0,0.0
2019-03-27,1,0,59,0.0,0.0,0.0,0.0,0.0
2019-03-27,1,0,63,70.8,70.8,0.0,6915.793581,0.0
2019-03-27,1,0,64,83.29,83.29,0.0,8135.825527,0.0
2019-03-27,1,0,65,9.0,9.0,0.0,73.475705,0.0
2019-03-27,1,0,67,0.0,0.0,0.0,-0.0,0.0
2019-03-27,1,0,68,6.83,6.83,0.0,-2869.871965,0.0
2019-03-27,1,0,69,0.0,0.0,0.0,0.0,0.0
2019-03-27,1,0,74,13.47,13.47,0.0,103.053592,0.0
2019-03-27,1,0,77,200.0,200.0,0.0,-60250.44307,0.0
2019-03-27,1,0,78,151.2,151.2,0.0,-45549.334961,0.0
2019-03-27,1,0,79,87.5,87.5,0.0,-26359.568843,0.0
2019-03-27,1,0,80,141.5,141.5,0.0,-42627.188472,0.0
2019-03-27,1,0,81,185.0,185.0,0.0,-55731.65984,0.0
2019-03-27,1,0,82,130.5,130.5,0.0,-39313.414103,0.0
2019-03-27,1,0,83,291.0,291.0,0.0,-87664.394667,0.0
2019-03-27,1,0,84,0.0,0.0,0.0,-0.0,0.0
2019-03-27,1,0,86,0.0,0.0,0.0,0.0,0.0
2019-03-27,1,0,87,0.0,0.0,0.0,0.0,0.0
2019-03-27,1,0,88,170.6,170.6,0.0,-51393.627939,0.0
2019-03-27,1,0,89,164.0,164.0,0.0,-49405.363317,0.0
2019-03-27,1,0,90,220.2,220.2,0.0,-66335.73782,0.0
2019-03-27,1,0,91,785.5,785.5,0.0,-236633.615158,0.0
2019-03-27,1,0,92,282.5,282.5,0.0,-85103.750836,0.0
2019-03-27,1,0,95,23.72,23.72,0.0,602.812809,0.0
2019-03-27,1,0,96,28.11,28.11,0.0,157.354512,0.0
2019-03-27,1,0,97,172.87,172.87,0.0,967.693863,0.0
2019-03-27,1,0,99,2.6,2.6,0.0,19.891562,0.0
2019-03-27,1,0,101,0.0,0.0,0.0,0.0,0.0
2019-03-27,1,0,102,16.17,16.17,0.0,-6794.411373,0.0
2019-03-27,1,0,103,14.06,14.06,0.0,-5907.818423,0.0
2019-03-27,1,0,104,2.61,2.61,0.0,-1096.686066,0.0
2019-03-27,1,0,106,0.0,0.0,0.0,0.0,0.0
2019-03-27,1,0,109,88.67,88.67,0.0,623.347362,0.0
2019-03-27,1,0,110,338.6,338.6,0.0,-338600.0,0.0
2019-03-27,1,0,111,0.0,0.0,0.0,0.0,0.0
2019-03-27,1,0,113,76.66,76.66,0.0,-20892.633658,0.0
2019-03-27,1,0,115,76.66,76.66,0.0,-20892.633658,0.0
2019-03-27,1,0,116,0.0,0.0,0.0,-0.0,0.0
2019-03-27,1,0,117,5.24,5.24,0.0,-1428.090273,0.0
2019-03-27,1,0,119,83.29,83.29,0.0,8135.825527,0.0
2019-03-27,1,0,120,48.97,48.97,0.0,4783.423893,0.0
2019-03-27,1,0,123,0.0,0.0,0.0,0.0,0.0
2019-03-27,1,0,125,174.2,174.2,0.0,980.902478,0.0
2019-03-27,1,0,126,0.0,0.0,0.0,0.0,0.0
2019-03-27,1,0,127,0.0,0.0,0.0,0.0,0.0
2019-03-27,1,0,128,249.5,249.5,0.0,1404.909118,0.0
2019-03-27,1,0,131,24.76,24.76,0.0,-9459.991376,0.0
2019-03-27,1,0,132,36.4,36.4,0.0,-13907.257112,0.0
2019-03-27,1,0,133,47.03,47.03,0.0,384.881871,0.0
2019-03-27,1,0,134,0.0,0.0,0.0,0.0,0.0
2019-03-27,1,0,135,63.02,63.02,0.0,515.74007,0.0
2019-03-27,1,0,136,11.31,11.31,0.0,92.323243,0.0
2019-03-27,1,0,139,149.8,149.8,0.0,969.739408,0.0
2019-03-27,1,0,140,250.6,250.6,0.0,-250600.0,0.0
2019-03-27,1,0,141,230.0,230.0,0.0,-129470.683615,0.0
2019-03-27,1,0,142,0.0,0.0,0.0,-0.0,0.0
2019-03-27,1,0,143,238.49,238.49,0.0,1339.054628,0.0
2019-03-27,1,0,145,12.82,12.82,0.0,78.715297,0.0
2019-03-27,1,0,146,268.0,268.0,0.0,-268000.0,0.0
2019-03-27,1,0,152,0.0,0.0,0.0,0.0,0.0
2019-03-27,1,0,153,0.0,0.0,0.0,0.0,0.0
2019-03-27,1,0,154,0.0,0.0,0.0,0.0,0.0
2019-03-27,1,0,157,250.0,250.0,0.0,-140729.003929,0.0
2019-03-27,1,0,158,0.0,0.0,0.0,-0.0,0.0
2019-03-27,1,0,159,0.0,0.0,0.0,0.0,0.0
2019-03-27,1,0,160,0.0,0.0,0.0,0.0,0.0
2019-03-27,1,0,161,0.0,0.0,0.0,-0.0,0.0
2019-03-27,1,0,162,11.91,11.91,0.0,312.271164,0.0
2019-03-27,1,0,163,99.28,99.28,0.0,-99280.0,0.0
2019-03-27,1,0,164,0.0,0.0,0.0,0.0,0.0
2019-03-27,1,0,167,0.0,0.0,0.0,0.0,0.0
2019-03-27,1,0,168,0.0,0.0,0.0,0.0,0.0
2019-03-27,1,0,169,0.0,0.0,0.0,0.0,0.0
2019-03-27,1,0,170,0.0,0.0,0.0,0.0,0.0
2019-03-27,1,0,172,0.0,0.0,0.0,0.0,0.0
2019-03-27,1,0,173,0.0,0.0,0.0,0.0,0.0
2019-03-27,1,0,188,0.0,0.0,0.0,0.0,0.0
2019-03-27,1,0,190,0.0,0.0,0.0,0.0,0.0
2019-03-27,1,0,191,0.0,0.0,0.0,0.0,0.0
2019-03-27,1,0,192,94.53,94.53,0.0,3065.376974,0.0
2019-03-27,1,0,194,176.5,176.5,0.0,-24622.105647,0.0
2019-03-27,1,0,196,0.0,0.0,0.0,0.0,0.0
2019-03-27,1,0,198,0.0,0.0,0.0,0.0,0.0
2019-03-27,1,0,199,26.01,26.01,0.0,-835.799145,0.0
2019-03-27,1,0,200,0.0,0.0,0.0,-0.0,0.0
2019-03-27,1,0,204,408.86,408.86,0.0,2848.190114,0.0
2019-03-27,1,0,205,469.08,469.08,0.0,3297.617916,0.0
2019-03-27,1,0,206,507.96,507.96,0.0,2843.464885,0.0
2019-03-27,1,0,210,0.0,0.0,0.0,0.0,0.0
2019-03-27,1,0,214,0.0,0.0,0.0,0.0,0.0
2019-03-27,1,0,217,0.0,0.0,0.0,0.0,0.0
2019-03-27,1,0,218,0.0,0.0,0.0,0.0,0.0
2019-03-27,1,0,219,0.0,0.0,0.0,0.0,0.0
2019-03-27,1,0,221,0.0,0.0,0.0,0.0,0.0
2019-03-27,1,0,225,0.0,0.0,0.0,0.0,0.0
2019-03-27,1,0,233,0.0,0.0,0.0,0.0,0.0
2019-03-27,1,0,236,27.04,27.04,0.0,214.571448,0.0
2019-03-27,1,0,237,32.3,32.3,0.0,247.114405,0.0
2019-03-27,1,0,238,0.0,0.0,0.0,0.0,0.0
2019-03-27,1,0,240,0.0,0.0,0.0,0.0,0.0
2019-03-27,1,0,245,29.29,29.29,0.0,241.599728,0.0
2019-03-27,1,0,247,30.49,30.49,0.0,251.497976,0.0
2019-03-27,1,0,248,3.24,3.24,0.0,24.787946,0.0
2019-03-27,1,0,249,56.33,56.33,0.0,464.640242,0.0
2019-03-27,1,0,251,112.2,112.2,0.0,912.666266,0.0
2019-03-27,1,0,252,58.03,58.03,0.0,473.75502,0.0
2019-03-27,1,0,254,0.0,0.0,0.0,0.0,0.0
2019-03-27,1,0,255,0.0,0.0,0.0,0.0,0.0
2019-03-27,1,0,258,0.0,0.0,0.0,0.0,0.0
2019-03-27,1,0,260,0.0,0.0,0.0,0.0,0.0
2019-03-27,1,0,265,0.0,0.0,0.0,0.0,0.0
2019-03-27,1,0,266,97.0,97.0,0.0,627.935398,0.0
2019-03-27,1,0,267,119.2,119.2,0.0,771.648448,0.0
2019-03-27,1,0,270,310.05,310.05,0.0,-310050.0,0.0
2019-03-27,1,0,272,255.68,255.68,0.0,-69682.084184,0.0
2019-03-27,1,0,273,0.0,0.0,0.0,-0.0,0.0
2019-03-27,1,0,274,399.69,399.69,0.0,-399690.0,0.0
2019-03-27,1,0,275,556.37,556.37,0.0,-556370.0,0.0
2019-03-27,1,0,276,0.0,0.0,0.0,-0.0,0.0
2019-03-27,1,0,277,0.0,0.0,0.0,-0.0,0.0
2019-03-27,1,0,278,0.0,0.0,0.0,-0.0,0.0
2019-03-27,1,0,279,165.78,165.78,0.0,-47089.640054,0.0
2019-03-27,1,0,281,34.73,34.73,0.0,194.999234,0.0
2019-03-27,1,0,282,0.0,0.0,0.0,0.0,0.0
2019-03-27,2,0,9,0.0,0.0,0.0,0.0,0.0
2019-03-27,2,0,17,0.0,0.0,0.0,0.0,0.0
2019-03-27,2,0,19,255.65,255.65,0.0,1684.769737,0.0
2019-03-27,2,0,20,310.05,310.05,0.0,2043.273448,0.0
2019-03-27,2,0,21,0.0,0.0,0.0,0.0,0.0
2019-03-27,2,0,22,0.0,0.0,0.0,0.0,0.0
2019-03-27,2,0,23,108.54,108.54,0.0,1229.514413,0.0
2019-03-27,2,0,24,192.04,192.04,0.0,2175.381867,0.0
2019-03-27,2,0,29,0.0,0.0,0.0,0.0,0.0
2019-03-27,2,0,30,0.0,0.0,0.0,0.0,0.0
2019-03-27,2,0,31,31.24,31.24,0.0,354.817589,0.0
2019-03-27,2,0,32,0.0,0.0,0.0,0.0,0.0
2019-03-27,2,0,33,0.0,0.0,0.0,0.0,0.0
2019-03-27,2,0,34,0.0,0.0,0.0,0.0,0.0
2019-03-27,2,0,35,0.0,0.0,0.0,0.0,0.0
2019-03-27,2,0,36,0.0,0.0,0.0,0.0,0.0
2019-03-27,2,0,37,0.0,0.0,0.0,0.0,0.0
2019-03-27,2,0,38,0.0,0.0,0.0,0.0,0.0
2019-03-27,2,0,39,0.0,0.0,0.0,0.0,0.0
2019-03-27,2,0,40,0.0,0.0,0.0,0.0,0.0
2019-03-27,2,0,41,116.0,116.0,0.0,1132.495017,0.0
2019-03-27,2,0,42,0.0,0.0,0.0,0.0,0.0
2019-03-27,2,0,43,0.0,0.0,0.0,0.0,0.0
2019-03-27,2,0,46,0.0,0.0,0.0,0.0,0.0
2019-03-27,2,0,52,33.12,33.12,0.0,376.170248,0.0
2019-03-27,2,0,53,52.61,52.61,0.0,597.533719,0.0
2019-03-27,2,0,55,623.0,623.0,0.0,7057.190707,0.0
2019-03-27,2,0,56,0.0,0.0,0.0,0.0,0.0
2019-03-27,2,0,57,0.0,0.0,0.0,0.0,0.0
2019-03-27,2,0,58,0.0,0.0,0.0,0.0,0.0
2019-03-27,2,0,59,0.0,0.0,0.0,0.0,0.0
2019-03-27,2,0,63,72.08,72.08,0.0,6967.288507,0.0
2019-03-27,2,0,64,84.8,84.8,0.0,8196.810008,0.0
2019-03-27,2,0,65,5.6,5.6,0.0,37.092832,0.0
2019-03-27,2,0,67,0.0,0.0,0.0,-0.0,0.0
2019-03-27,2,0,68,5.21,5.21,0.0,-2201.622575,0.0
2019-03-27,2,0,69,0.0,0.0,0.0,0.0,0.0
2019-03-27,2,0,74,12.32,12.32,0.0,93.349464,0.0
2019-03-27,2,0,77,200.0,200.0,0.0,-60886.068685,0.0
2019-03-27,2,0,78,151.2,151.2,0.0,-46029.867926,0.0
2019-03-27,2,0,79,87.5,87.5,0.0,-26637.65505,0.0
2019-03-27,2,0,80,141.5,141.5,0.0,-43076.893594,0.0
2019-03-27,2,0,81,185.0,185.0,0.0,-56319.613533,0.0
2019-03-27,2,0,82,130.5,130.5,0.0,-39728.159817,0.0
2019-03-27,2,0,83,291.0,291.0,0.0,-88589.229936,0.0
2019-03-27,2,0,84,0.0,0.0,0.0,-0.0,0.0
2019-03-27,2,0,86,0.0,0.0,0.0,0.0,0.0
2019-03-27,2,0,87,0.0,0.0,0.0,0.0,0.0
2019-03-27,2,0,88,170.6,170.6,0.0,-51935.816588,0.0
2019-03-27,2,0,89,164.0,164.0,0.0,-49926.576321,0.0
2019-03-27,2,0,90,220.2,220.2,0.0,-67035.561622,0.0
2019-03-27,2,0,91,785.5,785.5,0.0,-239130.034759,0.0
2019-03-27,2,0,92,282.5,282.5,0.0,-86001.572017,0.0
2019-03-27,2,0,95,9.83,9.83,0.0,249.816607,0.0
2019-03-27,2,0,96,20.36,20.36,0.0,231.884024,0.0
2019-03-27,2,0,97,125.22,125.22,0.0,1426.155082,0.0
2019-03-27,2,0,99,2.38,2.38,0.0,18.033419,0.0
2019-03-27,2,0,101,0.0,0.0,0.0,0.0,0.0
2019-03-27,2,0,102,12.34,12.34,0.0,-5214.591664,0.0
2019-03-27,2,0,103,10.73,10.73,0.0,-4534.243805,0.0
2019-03-27,2,0,104,1.99,1.99,0.0,-840.926857,0.0
2019-03-27,2,0,106,0.0,0.0,0.0,0.0,0.0
2019-03-27,2,0,109,78.39,78.39,0.0,684.314159,0.0
2019-03-27,2,0,110,338.6,338.6,0.0,-338600.0,0.0
2019-03-27,2,0,111,0.0,0.0,0.0,0.0,0.0
2019-03-27,2,0,113,71.93,71.93,0.0,-19770.306957,0.0
2019-03-27,2,0,115,71.93,71.93,0.0,-19770.306957,0.0
2019-03-27,2,0,116,0.0,0.0,0.0,-0.0,0.0
2019-03-27,2,0,117,3.84,3.84,0.0,-1055.442496,0.0
2019-03-27,2,0,119,84.8,84.8,0.0,8196.810008,0.0
2019-03-27,2,0,120,49.86,49.86,0.0,4819.4923,0.0
2019-03-27,2,0,123,0.0,0.0,0.0,0.0,0.0
2019-03-27,2,0,125,173.79,173.79,0.0,1968.650358,0.0
2019-03-27,2,0,126,0.0,0.0,0.0,0.0,0.0
2019-03-27,2,0,127,0.0,0.0,0.0,0.0,0.0
2019-03-27,2,0,128,248.91,248.91,0.0,2819.591234,0.0
2019-03-27,2,0,131,17.89,17.89,0.0,-6880.757195,0.0
2019-03-27,2,0,132,26.3,26.3,0.0,-10115.366922,0.0
2019-03-27,2,0,133,40.96,40.96,0.0,269.802626,0.0
2019-03-27,2,0,134,0.0,0.0,0.0,0.0,0.0
2019-03-27,2,0,135,54.89,54.89,0.0,361.559232,0.0
2019-03-27,2,0,136,7.56,7.56,0.0,50.089259,0.0
2019-03-27,2,0,139,149.8,149.8,0.0,1462.480634,0.0
2019-03-27,2,0,140,250.6,250.6,0.0,-250600.0,0.0
2019-03-27,2,0,141,203.89,203.89,0.0,-115140.300069,0.0
2019-03-27,2,0,142,0.0,0.0,0.0,-0.0,0.0
2019-03-27,2,0,143,115.02,115.02,0.0,1306.373851,0.0
2019-03-27,2,0,145,11.03,11.03,0.0,114.516272,0.0
2019-03-27,2,0,146,268.0,268.0,0.0,-268000.0,0.0
2019-03-27,2,0,152,0.0,0.0,0.0,0.0,0.0
2019-03-27,2,0,153,0.0,0.0,0.0,0.0,0.0
2019-03-27,2,0,154,0.0,0.0,0.0,0.0,0.0
2019-03-27,2,0,157,250.0,250.0,0.0,-141179.435074,0.0
2019-03-27,2,0,158,0.0,0.0,0.0,-0.0,0.0
2019-03-27,2,0,159,0.0,0.0,0.0,0.0,0.0
2019-03-27,2,0,160,0.0,0.0,0.0,0.0,0.0
2019-03-27,2,0,161,0.0,0.0,0.0,-0.0,0.0
2019-03-27,2,0,162,11.54,11.54,0.0,302.325245,0.0
2019-03-27,2,0,163,83.97,83.97,0.0,-83970.0,0.0
2019-03-27,2,0,164,0.0,0.0,0.0,0.0,0.0
2019-03-27,2,0,167,0.0,0.0,0.0,0.0,0.0
2019-03-27,2,0,168,0.0,0.0,0.0,0.0,0.0
2019-03-27,2,0,169,0.0,0.0,0.0,0.0,0.0
2019-03-27,2,0,170,0.0,0.0,0.0,0.0,0.0
2019-03-27,2,0,172,0.0,0.0,0.0,0.0,0.0
2019-03-27,2,0,173,0.0,0.0,0.0,0.0,0.0
2019-03-27,2,0,188,0.0,0.0,0.0,0.0,0.0
2019-03-27,2,0,190,0.0,0.0,0.0,0.0,0.0
2019-03-27,2,0,191,0.0,0.0,0.0,0.0,0.0
2019-03-27,2,0,192,87.45,87.45,0.0,2835.78987,0.0
2019-03-27,2,0,194,168.86,168.86,0.0,-23886.332483,0.0
2019-03-27,2,0,196,0.0,0.0,0.0,0.0,0.0
2019-03-27,2,0,198,0.0,0.0,0.0,0.0,0.0
2019-03-27,2,0,199,10.09,10.09,0.0,-390.89199,0.0
2019-03-27,2,0,200,0.0,0.0,0.0,-0.0,0.0
2019-03-27,2,0,204,367.38,367.38,0.0,3250.607676,0.0
2019-03-27,2,0,205,384.84,384.84,0.0,3359.503268,0.0
2019-03-27,2,0,206,367.94,367.94,0.0,4190.540655,0.0
2019-03-27,2,0,210,0.0,0.0,0.0,0.0,0.0
2019-03-27,2,0,214,0.0,0.0,0.0,0.0,0.0
2019-03-27,2,0,217,0.0,0.0,0.0,0.0,0.0
2019-03-27,2,0,218,0.0,0.0,0.0,0.0,0.0
2019-03-27,2,0,219,0.0,0.0,0.0,0.0,0.0
2019-03-27,2,0,221,0.0,0.0,0.0,0.0,0.0
2019-03-27,2,0,225,0.0,0.0,0.0,0.0,0.0
2019-03-27,2,0,233,0.0,0.0,0.0,0.0,0.0
2019-03-27,2,0,236,21.32,21.32,0.0,150.2698,0.0
2019-03-27,2,0,237,29.56,29.56,0.0,223.978096,0.0
2019-03-27,2,0,238,0.0,0.0,0.0,0.0,0.0
2019-03-27,2,0,240,0.0,0.0,0.0,0.0,0.0
2019-03-27,2,0,245,24.18,24.18,0.0,156.363954,0.0
2019-03-27,2,0,247,24.85,24.85,0.0,160.696619,0.0
2019-03-27,2,0,248,2.97,2.97,0.0,22.503889,0.0
2019-03-27,2,0,249,46.5,46.5,0.0,300.699911,0.0
2019-03-27,2,0,251,69.38,69.38,0.0,463.378602,0.0
2019-03-27,2,0,252,36.11,36.11,0.0,239.182528,0.0
2019-03-27,2,0,254,0.0,0.0,0.0,0.0,0.0
2019-03-27,2,0,255,0.0,0.0,0.0,0.0,0.0
2019-03-27,2,0,258,0.0,0.0,0.0,0.0,0.0
2019-03-27,2,0,260,0.0,0.0,0.0,0.0,0.0
2019-03-27,2,0,265,0.0,0.0,0.0,0.0,0.0
2019-03-27,2,0,266,97.0,97.0,0.0,947.000144,0.0
2019-03-27,2,0,267,119.2,119.2,0.0,1163.736259,0.0
2019-03-27,2,0,270,262.25,262.25,0.0,-262250.0,0.0
2019-03-27,2,0,272,310.3,310.3,0.0,-85287.449588,0.0
2019-03-27,2,0,273,0.0,0.0,0.0,-0.0,0.0
2019-03-27,2,0,274,338.07,338.07,0.0,-338070.0,0.0
2019-03-27,2,0,275,470.6,470.6,0.0,-470600.0,0.0
2019-03-27,2,0,276,0.0,0.0,0.0,-0.0,0.0
2019-03-27,2,0,277,0.0,0.0,0.0,-0.0,0.0
2019-03-27,2,0,278,0.0,0.0,0.0,-0.0,0.0
2019-03-27,2,0,279,142.51,142.51,0.0,-40859.344589,0.0
2019-03-27,2,0,281,14.02,14.02,0.0,159.236319,0.0
2019-03-27,2,0,282,0.0,0.0,0.0,0.0,0.0
2019-03-27,3,0,9,0.0,0.0,0.0,0.0,0.0
2019-03-27,3,0,17,0.0,0.0,0.0,0.0,0.0
2019-03-27,3,0,19,235.71,235.71,0.0,3001.476155,0.0
2019-03-27,3,0,20,285.87,285.87,0.0,3640.201894,0.0
2019-03-27,3,0,21,0.0,0.0,0.0,0.0,0.0
2019-03-27,3,0,22,0.0,0.0,0.0,0.0,0.0
2019-03-27,3,0,23,75.48,75.48,0.0,843.040206,0.0
2019-03-27,3,0,24,133.55,133.55,0.0,1491.62718,0.0
2019-03-27,3,0,29,0.0,0.0,0.0,0.0,0.0
2019-03-27,3,0,30,0.0,0.0,0.0,0.0,0.0
2019-03-27,3,0,31,22.52,22.52,0.0,251.303643,0.0
2019-03-27,3,0,32,0.0,0.0,0.0,0.0,0.0
2019-03-27,3,0,33,0.0,0.0,0.0,0.0,0.0
2019-03-27,3,0,34,0.0,0.0,0.0,0.0,0.0
2019-03-27,3,0,35,0.0,0.0,0.0,0.0,0.0
2019-03-27,3,0,36,0.0,0.0,0.0,0.0,0.0
2019-03-27,3,0,37,0.0,0.0,0.0,0.0,0.0
2019-03-27,3,0,38,0.0,0.0,0.0,0.0,0.0
2019-03-27,3,0,39,0.0,0.0,0.0,0.0,0.0
2019-03-27,3,0,40,0.0,0.0,0.0,0.0,0.0
2019-03-27,3,0,41,116.0,116.0,0.0,1355.563177,0.0
2019-03-27,3,0,42,0.0,0.0,0.0,0.0,0.0
2019-03-27,3,0,43,0.0,0.0,0.0,0.0,0.0
2019-03-27,3,0,46,0.0,0.0,0.0,0.0,0.0
2019-03-27,3,0,52,23.87,23.87,0.0,266.36847,0.0
2019-03-27,3,0,53,37.92,37.92,0.0,423.154269,0.0
2019-03-27,3,0,55,497.87,497.87,0.0,5560.736982,0.0
2019-03-27,3,0,56,0.0,0.0,0.0,0.0,0.0
2019-03-27,3,0,57,0.0,0.0,0.0,0.0,0.0
2019-03-27,3,0,58,0.0,0.0,0.0,0.0,0.0
2019-03-27,3,0,59,0.0,0.0,0.0,0.0,0.0
2019-03-27,3,0,63,73.39,73.39,0.0,12646.17422,0.0
2019-03-27,3,0,64,86.34,86.34,0.0,14877.6493,0.0
2019-03-27,3,0,65,3.17,3.17,0.0,40.330885,0.0
2019-03-27,3,0,67,0.0,0.0,0.0,-0.0,0.0
2019-03-27,3,0,68,3.87,3.87,0.0,-1485.068651,0.0
2019-03-27,3,0,69,0.0,0.0,0.0,0.0,0.0
2019-03-27,3,0,74,11.62,11.62,0.0,144.178758,0.0
2019-03-27,3,0,77,169.41,169.41,0.0,-43601.947065,0.0
2019-03-27,3,0,78,128.07,128.07,0.0,-32962.052775,0.0
2019-03-27,3,0,79,74.12,74.12,0.0,-19076.656139,0.0
2019-03-27,3,0,80,119.86,119.86,0.0,-30849.001684,0.0
2019-03-27,3,0,81,156.7,156.7,0.0,-40330.707191,0.0
2019-03-27,3,0,82,110.54,110.54,0.0,-28450.264026,0.0
2019-03-27,3,0,83,246.49,246.49,0.0,-63440.434048,0.0
2019-03-27,3,0,84,0.0,0.0,0.0,0.0,0.0
2019-03-27,3,0,86,0.0,0.0,0.0,0.0,0.0
2019-03-27,3,0,87,0.0,0.0,0.0,0.0,0.0
2019-03-27,3,0,88,170.6,170.6,0.0,-43908.223655,0.0
2019-03-27,3,0,89,164.0,164.0,0.0,-42209.546772,0.0
2019-03-27,3,0,90,220.2,220.2,0.0,-56674.037801,0.0
2019-03-27,3,0,91,785.5,785.5,0.0,-202168.286523,0.0
2019-03-27,3,0,92,282.5,282.5,0.0,-72708.518068,0.0
2019-03-27,3,0,95,9.95,9.95,0.0,967.703692,0.0
2019-03-27,3,0,96,14.23,14.23,0.0,158.646876,0.0
2019-03-27,3,0,97,87.5,87.5,0.0,975.516631,0.0
2019-03-27,3,0,99,2.24,2.24,0.0,27.793496,0.0
2019-03-27,3,0,101,0.0,0.0,0.0,0.0,0.0
2019-03-27,3,0,102,9.17,9.17,0.0,-3518.883598,0.0
2019-03-27,3,0,103,7.97,7.97,0.0,-3058.397195,0.0
2019-03-27,3,0,104,1.48,1.48,0.0,-567.933231,0.0
2019-03-27,3,0,106,0.0,0.0,0.0,0.0,0.0
2019-03-27,3,0,109,72.81,72.81,0.0,875.697137,0.0
2019-03-27,3,0,110,338.6,338.6,0.0,-338600.0,0.0
2019-03-27,3,0,111,0.0,0.0,0.0,0.0,0.0
2019-03-27,3,0,113,51.83,51.83,0.0,-11749.870217,0.0
2019-03-27,3,0,115,51.83,51.83,0.0,-11749.870217,0.0
2019-03-27,3,0,116,0.0,0.0,0.0,-0.0,0.0
2019-03-27,3,0,117,2.66,2.66,0.0,-603.022473,0.0
2019-03-27,3,0,119,86.34,86.34,0.0,14877.6493,0.0
2019-03-27,3,0,120,50.77,50.77,0.0,8748.416203,0.0
2019-03-27,3,0,123,0.0,0.0,0.0,0.0,0.0
2019-03-27,3,0,125,120.86,120.86,0.0,1349.891883,0.0
2019-03-27,3,0,126,0.0,0.0,0.0,0.0,0.0
2019-03-27,3,0,127,0.0,0.0,0.0,0.0,0.0
2019-03-27,3,0,128,173.1,173.1,0.0,1933.363271,0.0
2019-03-27,3,0,131,12.53,12.53,0.0,-4300.593791,0.0
2019-03-27,3,0,132,18.41,18.41,0.0,-6318.749536,0.0
2019-03-27,3,0,133,20.07,20.07,0.0,255.587668,0.0
2019-03-27,3,0,134,0.0,0.0,0.0,0.0,0.0
2019-03-27,3,0,135,26.86,26.86,0.0,342.057039,0.0
2019-03-27,3,0,136,4.79,4.79,0.0,60.938705,0.0
2019-03-27,3,0,139,149.8,149.8,0.0,1750.54624,0.0
2019-03-27,3,0,140,250.6,250.6,0.0,-250600.0,0.0
2019-03-27,3,0,141,141.9,141.9,0.0,-75979.015849,0.0
2019-03-27,3,0,142,0.0,0.0,0.0,-0.0,0.0
2019-03-27,3,0,143,44.33,44.33,0.0,494.684302,0.0
2019-03-27,3,0,145,9.38,9.38,0.0,107.69486,0.0
2019-03-27,3,0,146,268.0,268.0,0.0,-268000.0,0.0
2019-03-27,3,0,152,0.0,0.0,0.0,0.0,0.0
2019-03-27,3,0,153,0.0,0.0,0.0,0.0,0.0
2019-03-27,3,0,154,0.0,0.0,0.0,0.0,0.0
2019-03-27,3,0,157,242.99,242.99,0.0,-130106.702334,0.0
2019-03-27,3,0,158,0.0,0.0,0.0,-0.0,0.0
2019-03-27,3,0,159,0.0,0.0,0.0,0.0,0.0
2019-03-27,3,0,160,0.0,0.0,0.0,0.0,0.0
2019-03-27,3,0,161,0.0,0.0,0.0,-0.0,0.0
2019-03-27,3,0,162,11.2,11.2,0.0,1098.438173,0.0
2019-03-27,3,0,163,70.24,70.24,0.0,-70240.0,0.0
2019-03-27,3,0,164,0.0,0.0,0.0,0.0,0.0
2019-03-27,3,0,167,0.0,0.0,0.0,0.0,0.0
2019-03-27,3,0,168,0.0,0.0,0.0,0.0,0.0
2019-03-27,3,0,169,0.0,0.0,0.0,0.0,0.0
2019-03-27,3,0,170,0.0,0.0,0.0,0.0,0.0
2019-03-27,3,0,172,0.0,0.0,0.0,0.0,0.0
2019-03-27,3,0,173,0.0,0.0,0.0,0.0,0.0
2019-03-27,3,0,188,0.0,0.0,0.0,0.0,0.0
2019-03-27,3,0,190,0.0,0.0,0.0,0.0,0.0
2019-03-27,3,0,191,0.0,0.0,0.0,0.0,0.0
2019-03-27,3,0,192,81.03,81.03,0.0,13962.65836,0.0
2019-03-27,3,0,194,158.48,158.48,0.0,-13496.071506,0.0
2019-03-27,3,0,196,0.0,0.0,0.0,0.0,0.0
2019-03-27,3,0,198,0.0,0.0,0.0,0.0,0.0
2019-03-27,3,0,199,9.75,9.75,0.0,-137.230578,0.0
2019-03-27,3,0,200,0.0,0.0,0.0,0.0,0.0
2019-03-27,3,0,204,331.75,331.75,0.0,3977.028028,0.0
2019-03-27,3,0,205,385.16,385.16,0.0,4632.378921,0.0
2019-03-27,3,0,206,257.1,257.1,0.0,2866.346581,0.0
2019-03-27,3,0,210,0.0,0.0,0.0,0.0,0.0
2019-03-27,3,0,214,0.0,0.0,0.0,0.0,0.0
2019-03-27,3,0,217,0.0,0.0,0.0,0.0,0.0
2019-03-27,3,0,218,0.0,0.0,0.0,0.0,0.0
2019-03-27,3,0,219,0.0,0.0,0.0,0.0,0.0
2019-03-27,3,0,221,0.0,0.0,0.0,0.0,0.0
2019-03-27,3,0,225,0.0,0.0,0.0,0.0,0.0
2019-03-27,3,0,233,0.0,0.0,0.0,0.0,0.0
2019-03-27,3,0,236,17.09,17.09,0.0,215.034037,0.0
2019-03-27,3,0,237,27.88,27.88,0.0,345.929757,0.0
2019-03-27,3,0,238,0.0,0.0,0.0,0.0,0.0
2019-03-27,3,0,240,0.0,0.0,0.0,0.0,0.0
2019-03-27,3,0,245,19.7,19.7,0.0,251.658596,0.0
2019-03-27,3,0,247,20.08,20.08,0.0,256.512924,0.0
2019-03-27,3,0,248,2.8,2.8,0.0,34.741869,0.0
2019-03-27,3,0,249,37.89,37.89,0.0,484.027625,0.0
2019-03-27,3,0,251,39.35,39.35,0.0,499.920843,0.0
2019-03-27,3,0,252,20.47,20.47,0.0,260.433192,0.0
2019-03-27,3,0,254,0.0,0.0,0.0,0.0,0.0
2019-03-27,3,0,255,0.0,0.0,0.0,0.0,0.0
2019-03-27,3,0,258,0.0,0.0,0.0,0.0,0.0
2019-03-27,3,0,260,0.0,0.0,0.0,0.0,0.0
2019-03-27,3,0,265,0.0,0.0,0.0,0.0,0.0
2019-03-27,3,0,266,97.0,97.0,0.0,1133.531277,0.0
2019-03-27,3,0,267,119.2,119.2,0.0,1392.958023,0.0
2019-03-27,3,0,270,219.35,219.35,0.0,-219350.0,0.0
2019-03-27,3,0,272,211.71,211.71,0.0,-47994.694648,0.0
2019-03-27,3,0,273,0.0,0.0,0.0,-0.0,0.0
2019-03-27,3,0,274,282.77,282.77,0.0,-282770.0,0.0
2019-03-27,3,0,275,393.62,393.62,0.0,-393620.0,0.0
2019-03-27,3,0,276,0.0,0.0,0.0,-0.0,0.0
2019-03-27,3,0,277,0.0,0.0,0.0,-0.0,0.0
2019-03-27,3,0,278,0.0,0.0,0.0,-0.0,0.0
2019-03-27,3,0,279,122.03,122.03,0.0,-29164.965404,0.0
2019-03-27,3,0,281,10.11,10.11,0.0,112.81882,0.0
2019-03-27,3,0,282,0.0,0.0,0.0,0.0,0.0
2019-03-27,4,0,9,0.0,0.0,0.0,0.0,0.0
2019-03-27,4,0,17,0.0,0.0,0.0,0.0,0.0
2019-03-27,4,0,19,216.73,216.73,0.0,4609.225066,0.0
2019-03-27,4,0,20,262.85,262.85,0.0,5590.065098,0.0
2019-03-27,4,0,21,0.0,0.0,0.0,0.0,0.0
2019-03-27,4,0,22,0.0,0.0,0.0,0.0,0.0
2019-03-27,4,0,23,44.91,44.91,0.0,735.66175,0.0
2019-03-27,4,0,24,74.21,74.21,0.0,1215.619205,0.0
2019-03-27,4,0,29,0.0,0.0,0.0,0.0,0.0
2019-03-27,4,0,30,0.0,0.0,0.0,0.0,0.0
2019-03-27,4,0,31,15.89,15.89,0.0,259.9254,0.0
2019-03-27,4,0,32,0.0,0.0,0.0,0.0,0.0
2019-03-27,4,0,33,0.0,0.0,0.0,0.0,0.0
2019-03-27,4,0,34,0.0,0.0,0.0,0.0,0.0
2019-03-27,4,0,35,0.0,0.0,0.0,0.0,0.0
2019-03-27,4,0,36,0.0,0.0,0.0,0.0,0.0
2019-03-27,4,0,37,0.0,0.0,0.0,0.0,0.0
2019-03-27,4,0,38,0.0,0.0,0.0,0.0,0.0
2019-03-27,4,0,39,0.0,0.0,0.0,0.0,0.0
2019-03-27,4,0,40,0.0,0.0,0.0,0.0,0.0
2019-03-27,4,0,41,113.0,113.0,0.0,1997.471325,0.0
2019-03-27,4,0,42,0.0,0.0,0.0,0.0,0.0
2019-03-27,4,0,43,0.0,0.0,0.0,0.0,0.0
2019-03-27,4,0,46,0.0,0.0,0.0,0.0,0.0
2019-03-27,4,0,52,16.85,16.85,0.0,275.628885,0.0
2019-03-27,4,0,53,26.77,26.77,0.0,437.898235,0.0
2019-03-27,4,0,55,302.87,302.87,0.0,4961.253045,0.0
2019-03-27,4,0,56,0.0,0.0,0.0,0.0,0.0
2019-03-27,4,0,57,0.0,0.0,0.0,0.0,0.0
2019-03-27,4,0,58,0.0,0.0,0.0,0.0,0.0
2019-03-27,4,0,59,0.0,0.0,0.0,0.0,0.0
2019-03-27,4,0,63,74.65,74.65,0.0,1543.351872,0.0
2019-03-27,4,0,64,87.83,87.83,0.0,1815.841861,0.0
2019-03-27,4,0,65,1.59,1.59,0.0,33.733001,0.0
2019-03-27,4,0,67,0.0,0.0,0.0,0.0,0.0
2019-03-27,4,0,68,2.81,2.81,0.0,33.01849,0.0
2019-03-27,4,0,69,0.0,0.0,0.0,0.0,0.0
2019-03-27,4,0,74,11.35,11.35,0.0,225.06701,0.0
2019-03-27,4,0,77,129.26,129.26,0.0,1834.303029,0.0
2019-03-27,4,0,78,97.72,97.72,0.0,1386.725143,0.0
2019-03-27,4,0,79,56.55,56.55,0.0,802.489837,0.0
2019-03-27,4,0,80,91.45,91.45,0.0,1297.748817,0.0
2019-03-27,4,0,81,119.57,119.57,0.0,1696.794161,0.0
2019-03-27,4,0,82,84.34,84.34,0.0,1196.852216,0.0
2019-03-27,4,0,83,188.08,188.08,0.0,2669.005986,0.0
2019-03-27,4,0,84,0.0,0.0,0.0,0.0,0.0
2019-03-27,4,0,86,0.0,0.0,0.0,0.0,0.0
2019-03-27,4,0,87,0.0,0.0,0.0,0.0,0.0
2019-03-27,4,0,88,146.39,146.39,0.0,2077.391463,0.0
2019-03-27,4,0,89,140.72,140.72,0.0,1996.929617,0.0
2019-03-27,4,0,90,188.95,188.95,0.0,2681.351983,0.0
2019-03-27,4,0,91,674.02,674.02,0.0,9564.88417,0.0
2019-03-27,4,0,92,242.41,242.41,0.0,3439.992243,0.0
2019-03-27,4,0,95,23.7,23.7,0.0,456.265772,0.0
2019-03-27,4,0,96,9.43,9.43,0.0,154.027327,0.0
2019-03-27,4,0,97,58.0,58.0,0.0,947.357895,0.0
2019-03-27,4,0,99,2.19,2.19,0.0,43.427027,0.0
2019-03-27,4,0,101,0.0,0.0,0.0,0.0,0.0
2019-03-27,4,0,102,6.65,6.65,0.0,78.139843,0.0
2019-03-27,4,0,103,5.78,5.78,0.0,67.917036,0.0
2019-03-27,4,0,104,1.07,1.07,0.0,12.572877,0.0
2019-03-27,4,0,106,0.0,0.0,0.0,0.0,0.0
2019-03-27,4,0,109,66.28,66.28,0.0,1212.475293,0.0
2019-03-27,4,0,110,338.6,338.6,0.0,189.456702,0.0
2019-03-27,4,0,111,0.0,0.0,0.0,0.0,0.0
2019-03-27,4,0,113,24.91,24.91,0.0,355.441646,0.0
2019-03-27,4,0,115,24.91,24.91,0.0,355.441646,0.0
2019-03-27,4,0,116,0.0,0.0,0.0,0.0,0.0
2019-03-27,4,0,117,1.66,1.66,0.0,23.686597,0.0
2019-03-27,4,0,119,87.83,87.83,0.0,1815.841861,0.0
2019-03-27,4,0,120,51.64,51.64,0.0,1067.63149,0.0
2019-03-27,4,0,123,0.0,0.0,0.0,0.0,0.0
2019-03-27,4,0,125,68.1,68.1,0.0,1115.532514,0.0
2019-03-27,4,0,126,0.0,0.0,0.0,0.0,0.0
2019-03-27,4,0,127,0.0,0.0,0.0,0.0,0.0
2019-03-27,4,0,128,92.48,92.48,0.0,1514.89643,0.0
2019-03-27,4,0,131,8.38,8.38,0.0,104.633276,0.0
2019-03-27,4,0,132,12.32,12.32,0.0,153.828396,0.0
2019-03-27,4,0,133,24.32,24.32,0.0,517.334386,0.0
2019-03-27,4,0,134,0.0,0.0,0.0,0.0,0.0
2019-03-27,4,0,135,33.55,33.55,0.0,713.674698,0.0
2019-03-27,4,0,136,2.8,2.8,0.0,59.396126,0.0
2019-03-27,4,0,139,145.92,145.92,0.0,2579.38952,0.0
2019-03-27,4,0,140,250.6,250.6,0.0,140.218103,0.0
2019-03-27,4,0,141,94.2,94.2,0.0,847.382203,0.0
2019-03-27,4,0,142,0.0,0.0,0.0,0.0,0.0
2019-03-27,4,0,143,31.68,31.68,0.0,518.21502,0.0
2019-03-27,4,0,145,7.96,7.96,0.0,135.941102,0.0
2019-03-27,4,0,146,268.0,268.0,0.0,149.953917,0.0
2019-03-27,4,0,152,0.0,0.0,0.0,0.0,0.0
2019-03-27,4,0,153,0.0,0.0,0.0,0.0,0.0
2019-03-27,4,0,154,0.0,0.0,0.0,0.0,0.0
2019-03-27,4,0,157,206.47,206.47,0.0,1857.314261,0.0
2019-03-27,4,0,158,0.0,0.0,0.0,0.0,0.0
2019-03-27,4,0,159,0.0,0.0,0.0,0.0,0.0
2019-03-27,4,0,160,0.0,0.0,0.0,0.0,0.0
2019-03-27,4,0,161,0.0,0.0,0.0,0.0,0.0
2019-03-27,4,0,162,10.84,10.84,0.0,208.864718,0.0
2019-03-27,4,0,163,58.82,58.82,0.0,32.911527,0.0
2019-03-27,4,0,164,0.0,0.0,0.0,0.0,0.0
2019-03-27,4,0,167,0.0,0.0,0.0,0.0,0.0
2019-03-27,4,0,168,0.0,0.0,0.0,0.0,0.0
2019-03-27,4,0,169,0.0,0.0,0.0,0.0,0.0
2019-03-27,4,0,170,0.0,0.0,0.0,0.0,0.0
2019-03-27,4,0,172,0.0,0.0,0.0,0.0,0.0
2019-03-27,4,0,173,0.0,0.0,0.0,0.0,0.0
2019-03-27,4,0,188,0.0,0.0,0.0,0.0,0.0
2019-03-27,4,0,190,0.0,0.0,0.0,0.0,0.0
2019-03-27,4,0,191,0.0,0.0,0.0,0.0,0.0
2019-03-27,4,0,192,74.84,74.84,0.0,1547.280029,0.0
2019-03-27,4,0,194,148.13,148.13,0.0,2428.232084,0.0
2019-03-27,4,0,196,0.0,0.0,0.0,0.0,0.0
2019-03-27,4,0,198,0.0,0.0,0.0,0.0,0.0
2019-03-27,4,0,199,9.43,9.43,0.0,147.552531,0.0
2019-03-27,4,0,200,0.0,0.0,0.0,0.0,0.0
2019-03-27,4,0,204,299.37,299.37,0.0,5436.058433,0.0
2019-03-27,4,0,205,350.61,350.61,0.0,6413.789417,0.0
2019-03-27,4,0,206,170.44,170.44,0.0,2783.92551,0.0
2019-03-27,4,0,210,0.0,0.0,0.0,0.0,0.0
2019-03-27,4,0,214,0.0,0.0,0.0,0.0,0.0
2019-03-27,4,0,217,0.0,0.0,0.0,0.0,0.0
2019-03-27,4,0,218,0.0,0.0,0.0,0.0,0.0
2019-03-27,4,0,219,0.0,0.0,0.0,0.0,0.0
2019-03-27,4,0,221,0.0,0.0,0.0,0.0,0.0
2019-03-27,4,0,225,0.0,0.0,0.0,0.0,0.0
2019-03-27,4,0,233,0.0,0.0,0.0,0.0,0.0
2019-03-27,4,0,236,14.17,14.17,0.0,291.255829,0.0
2019-03-27,4,0,237,27.22,27.22,0.0,539.764231,0.0
2019-03-27,4,0,238,0.0,0.0,0.0,0.0,0.0
2019-03-27,4,0,240,0.0,0.0,0.0,0.0,0.0
2019-03-27,4,0,245,15.83,15.83,0.0,339.651075,0.0
2019-03-27,4,0,247,16.07,16.07,0.0,344.800554,0.0
2019-03-27,4,0,248,2.73,2.73,0.0,54.135061,0.0
2019-03-27,4,0,249,30.45,30.45,0.0,653.340191,0.0
2019-03-27,4,0,251,19.76,19.76,0.0,417.554972,0.0
2019-03-27,4,0,252,10.26,10.26,0.0,217.67333,0.0
2019-03-27,4,0,254,0.0,0.0,0.0,0.0,0.0
2019-03-27,4,0,255,0.0,0.0,0.0,0.0,0.0
2019-03-27,4,0,258,0.0,0.0,0.0,0.0,0.0
2019-03-27,4,0,260,0.0,0.0,0.0,0.0,0.0
2019-03-27,4,0,265,0.0,0.0,0.0,0.0,0.0
2019-03-27,4,0,266,94.49,94.49,0.0,1670.274916,0.0
2019-03-27,4,0,267,116.11,116.11,0.0,2052.445978,0.0
2019-03-27,4,0,270,183.68,183.68,0.0,102.774386,0.0
2019-03-27,4,0,272,83.26,83.26,0.0,1188.039803,0.0
2019-03-27,4,0,273,0.0,0.0,0.0,0.0,0.0
2019-03-27,4,0,274,236.79,236.79,0.0,132.491,0.0
2019-03-27,4,0,275,329.61,329.61,0.0,184.426531,0.0
2019-03-27,4,0,276,0.0,0.0,0.0,0.0,0.0
2019-03-27,4,0,277,0.0,0.0,0.0,0.0,0.0
2019-03-27,4,0,278,0.0,0.0,0.0,0.0,0.0
2019-03-27,4,0,279,103.57,103.57,0.0,1474.595445,0.0
2019-03-27,4,0,281,7.13,7.13,0.0,116.631095,0.0
2019-03-27,4,0,282,0.0,0.0,0.0,0.0,0.0
2019-03-27,5,0,9,0.0,0.0,0.0,0.0,0.0
2019-03-27,5,0,17,0.0,0.0,0.0,0.0,0.0
2019-03-27,5,0,19,309.8,309.8,0.0,3584.013596,0.0
2019-03-27,5,0,20,375.73,375.73,0.0,4346.744443,0.0
2019-03-27,5,0,21,0.0,0.0,0.0,0.0,0.0
2019-03-27,5,0,22,0.0,0.0,0.0,0.0,0.0
2019-03-27,5,0,23,43.37,43.37,0.0,268.429494,0.0
2019-03-27,5,0,24,76.74,76.74,0.0,474.966091,0.0
2019-03-27,5,0,29,0.0,0.0,0.0,0.0,0.0
2019-03-27,5,0,30,0.0,0.0,0.0,0.0,0.0
2019-03-27,5,0,31,14.69,14.69,0.0,90.477643,0.0
2019-03-27,5,0,32,0.0,0.0,0.0,0.0,0.0
2019-03-27,5,0,33,0.0,0.0,0.0,0.0,0.0
2019-03-27,5,0,34,0.0,0.0,0.0,0.0,0.0
2019-03-27,5,0,35,0.0,0.0,0.0,0.0,0.0
2019-03-27,5,0,36,0.0,0.0,0.0,0.0,0.0
2019-03-27,5,0,37,0.0,0.0,0.0,0.0,0.0
2019-03-27,5,0,38,0.0,0.0,0.0,0.0,0.0
2019-03-27,5,0,39,0.0,0.0,0.0,0.0,0.0
2019-03-27,5,0,40,0.0,0.0,0.0,0.0,0.0
2019-03-27,5,0,41,100.34,100.34,0.0,783.512916,0.0
2019-03-27,5,0,42,0.0,0.0,0.0,0.0,0.0
2019-03-27,5,0,43,0.0,0.0,0.0,0.0,0.0
2019-03-27,5,0,46,0.0,0.0,0.0,0.0,0.0
2019-03-27,5,0,52,15.57,15.57,0.0,95.897678,0.0
2019-03-27,5,0,53,24.74,24.74,0.0,152.376915,0.0
2019-03-27,5,0,55,194.36,194.36,0.0,1202.950343,0.0
2019-03-27,5,0,56,0.0,0.0,0.0,0.0,0.0
2019-03-27,5,0,57,0.0,0.0,0.0,0.0,0.0
2019-03-27,5,0,58,0.0,0.0,0.0,0.0,0.0
2019-03-27,5,0,59,0.0,0.0,0.0,0.0,0.0
2019-03-27,5,0,63,77.86,77.86,0.0,1731.28719,0.0
2019-03-27,5,0,64,91.6,91.6,0.0,2036.808459,0.0
2019-03-27,5,0,65,3.7,3.7,0.0,42.632727,0.0
2019-03-27,5,0,67,0.0,0.0,0.0,-0.0,0.0
2019-03-27,5,0,68,2.43,2.43,0.0,-7.207766,0.0
2019-03-27,5,0,69,0.0,0.0,0.0,0.0,0.0
2019-03-27,5,0,74,15.38,15.38,0.0,157.495381,0.0
2019-03-27,5,0,77,112.43,112.43,0.0,371.099223,0.0
2019-03-27,5,0,78,84.99,84.99,0.0,280.527643,0.0
2019-03-27,5,0,79,49.19,49.19,0.0,162.362099,0.0
2019-03-27,5,0,80,79.54,79.54,0.0,262.538755,0.0
2019-03-27,5,0,81,103.99,103.99,0.0,343.241201,0.0
2019-03-27,5,0,82,73.36,73.36,0.0,242.140345,0.0
2019-03-27,5,0,83,163.58,163.58,0.0,539.93072,0.0
2019-03-27,5,0,84,0.0,0.0,0.0,0.0,0.0
2019-03-27,5,0,86,0.0,0.0,0.0,0.0,0.0
2019-03-27,5,0,87,0.0,0.0,0.0,0.0,0.0
2019-03-27,5,0,88,127.25,127.25,0.0,420.015798,0.0
2019-03-27,5,0,89,122.32,122.32,0.0,403.74328,0.0
2019-03-27,5,0,90,164.24,164.24,0.0,542.109191,0.0
2019-03-27,5,0,91,585.89,585.89,0.0,1933.855054,0.0
2019-03-27,5,0,92,210.71,210.71,0.0,695.493349,0.0
2019-03-27,5,0,95,10.23,10.23,0.0,189.751624,0.0
2019-03-27,5,0,96,7.75,7.75,0.0,47.489004,0.0
2019-03-27,5,0,97,47.69,47.69,0.0,292.225881,0.0
2019-03-27,5,0,99,2.97,2.97,0.0,30.413607,0.0
2019-03-27,5,0,101,0.0,0.0,0.0,0.0,0.0
2019-03-27,5,0,102,5.75,5.75,0.0,-17.055414,0.0
2019-03-27,5,0,103,5.0,5.0,0.0,-14.830795,0.0
2019-03-27,5,0,104,0.93,0.93,0.0,-2.758528,0.0
2019-03-27,5,0,106,0.0,0.0,0.0,0.0,0.0
2019-03-27,5,0,109,63.47,63.47,0.0,555.950343,0.0
2019-03-27,5,0,110,338.6,338.6,0.0,-11037.908775,0.0
2019-03-27,5,0,111,0.0,0.0,0.0,0.0,0.0
2019-03-27,5,0,113,53.3,53.3,0.0,221.150265,0.0
2019-03-27,5,0,115,53.3,53.3,0.0,221.150265,0.0
2019-03-27,5,0,116,0.0,0.0,0.0,-0.0,0.0
2019-03-27,5,0,117,2.57,2.57,0.0,10.663343,0.0
2019-03-27,5,0,119,91.6,91.6,0.0,2036.808459,0.0
2019-03-27,5,0,120,53.86,53.86,0.0,1197.625585,0.0
2019-03-27,5,0,123,0.0,0.0,0.0,0.0,0.0
2019-03-27,5,0,125,69.45,69.45,0.0,429.846169,0.0
2019-03-27,5,0,126,0.0,0.0,0.0,0.0,0.0
2019-03-27,5,0,127,0.0,0.0,0.0,0.0,0.0
2019-03-27,5,0,128,99.47,99.47,0.0,615.648645,0.0
2019-03-27,5,0,131,7.22,7.22,0.0,-7.350157,0.0
2019-03-27,5,0,132,10.62,10.62,0.0,-10.81145,0.0
2019-03-27,5,0,133,14.57,14.57,0.0,168.621134,0.0
2019-03-27,5,0,134,0.0,0.0,0.0,0.0,0.0
2019-03-27,5,0,135,20.76,20.76,0.0,240.259076,0.0
2019-03-27,5,0,136,6.47,6.47,0.0,74.533166,0.0
2019-03-27,5,0,139,129.58,129.58,0.0,1011.835795,0.0
2019-03-27,5,0,140,250.6,250.6,0.0,-8169.226046,0.0
2019-03-27,5,0,141,80.66,80.66,0.0,-827.623358,0.0
2019-03-27,5,0,142,0.0,0.0,0.0,-0.0,0.0
2019-03-27,5,0,143,51.85,51.85,0.0,319.350972,0.0
2019-03-27,5,0,145,7.23,7.23,0.0,51.514946,0.0
2019-03-27,5,0,146,268.0,268.0,0.0,-8736.442858,0.0
2019-03-27,5,0,152,0.0,0.0,0.0,0.0,0.0
2019-03-27,5,0,153,0.0,0.0,0.0,0.0,0.0
2019-03-27,5,0,154,0.0,0.0,0.0,0.0,0.0
2019-03-27,5,0,157,176.56,176.56,0.0,-1811.618895,0.0
2019-03-27,5,0,158,0.0,0.0,0.0,-0.0,0.0
2019-03-27,5,0,159,0.0,0.0,0.0,0.0,0.0
2019-03-27,5,0,160,0.0,0.0,0.0,0.0,0.0
2019-03-27,5,0,161,0.0,0.0,0.0,-0.0,0.0
2019-03-27,5,0,162,11.09,11.09,0.0,206.159774,0.0
2019-03-27,5,0,163,57.67,57.67,0.0,-1879.965148,0.0
2019-03-27,5,0,164,0.0,0.0,0.0,0.0,0.0
2019-03-27,5,0,167,0.0,0.0,0.0,0.0,0.0
2019-03-27,5,0,168,0.0,0.0,0.0,0.0,0.0
2019-03-27,5,0,169,0.0,0.0,0.0,0.0,0.0
2019-03-27,5,0,170,0.0,0.0,0.0,0.0,0.0
2019-03-27,5,0,172,0.0,0.0,0.0,0.0,0.0
2019-03-27,5,0,173,0.0,0.0,0.0,0.0,0.0
2019-03-27,5,0,188,0.0,0.0,0.0,0.0,0.0
2019-03-27,5,0,190,0.0,0.0,0.0,0.0,0.0
2019-03-27,5,0,191,0.0,0.0,0.0,0.0,0.0
2019-03-27,5,0,192,71.8,71.8,0.0,1596.537635,0.0
2019-03-27,5,0,194,145.42,145.42,0.0,1508.074877,0.0
2019-03-27,5,0,196,0.0,0.0,0.0,0.0,0.0
2019-03-27,5,0,198,0.0,0.0,0.0,0.0,0.0
2019-03-27,5,0,199,9.16,9.16,0.0,101.895243,0.0
2019-03-27,5,0,200,0.0,0.0,0.0,0.0,0.0
2019-03-27,5,0,204,297.41,297.41,0.0,2563.210404,0.0
2019-03-27,5,0,205,335.76,335.76,0.0,2941.009723,0.0
2019-03-27,5,0,206,140.12,140.12,0.0,858.601184,0.0
2019-03-27,5,0,210,0.0,0.0,0.0,0.0,0.0
2019-03-27,5,0,214,0.0,0.0,0.0,0.0,0.0
2019-03-27,5,0,217,0.0,0.0,0.0,0.0,0.0
2019-03-27,5,0,218,0.0,0.0,0.0,0.0,0.0
2019-03-27,5,0,219,0.0,0.0,0.0,0.0,0.0
2019-03-27,5,0,221,0.0,0.0,0.0,0.0,0.0
2019-03-27,5,0,225,0.0,0.0,0.0,0.0,0.0
2019-03-27,5,0,233,0.0,0.0,0.0,0.0,0.0
2019-03-27,5,0,236,17.18,17.18,0.0,187.769587,0.0
2019-03-27,5,0,237,36.89,36.89,0.0,377.763628,0.0
2019-03-27,5,0,238,0.0,0.0,0.0,0.0,0.0
2019-03-27,5,0,240,0.0,0.0,0.0,0.0,0.0
2019-03-27,5,0,245,22.21,22.21,0.0,260.735814,0.0
2019-03-27,5,0,247,23.38,23.38,0.0,274.471109,0.0
2019-03-27,5,0,248,3.7,3.7,0.0,37.889006,0.0
2019-03-27,5,0,249,42.7,42.7,0.0,501.27957,0.0
2019-03-27,5,0,251,39.31,39.31,0.0,449.946715,0.0
2019-03-27,5,0,252,23.85,23.85,0.0,274.808256,0.0
2019-03-27,5,0,254,0.0,0.0,0.0,0.0,0.0
2019-03-27,5,0,255,0.0,0.0,0.0,0.0,0.0
2019-03-27,5,0,258,0.0,0.0,0.0,0.0,0.0
2019-03-27,5,0,260,0.0,0.0,0.0,0.0,0.0
2019-03-27,5,0,265,0.0,0.0,0.0,0.0,0.0
2019-03-27,5,0,266,83.91,83.91,0.0,655.217947,0.0
2019-03-27,5,0,267,103.11,103.11,0.0,805.142683,0.0
2019-03-27,5,0,270,180.1,180.1,0.0,-5871.019995,0.0
2019-03-27,5,0,272,183.22,183.22,0.0,760.209224,0.0
2019-03-27,5,0,273,0.0,0.0,0.0,-0.0,0.0
2019-03-27,5,0,274,232.17,232.17,0.0,-7568.432606,0.0
2019-03-27,5,0,275,323.18,323.18,0.0,-10535.237324,0.0
2019-03-27,5,0,276,0.0,0.0,0.0,-0.0,0.0
2019-03-27,5,0,277,0.0,0.0,0.0,0.0,0.0
2019-03-27,5,0,278,0.0,0.0,0.0,0.0,0.0
2019-03-27,5,0,279,93.25,93.25,0.0,355.189673,0.0
2019-03-27,5,0,281,6.59,6.59,0.0,40.588677,0.0
2019-03-27,5,0,282,0.0,0.0,0.0,0.0,0.0
2019-03-27,6,0,9,0.0,0.0,0.0,0.0,0.0
2019-03-27,6,0,17,0.0,0.0,0.0,0.0,0.0
2019-03-27,6,0,19,427.57,427.57,0.0,4528.709447,0.0
2019-03-27,6,0,20,518.56,518.56,0.0,5492.451694,0.0
2019-03-27,6,0,21,0.0,0.0,0.0,0.0,0.0
2019-03-27,6,0,22,0.0,0.0,0.0,0.0,0.0
2019-03-27,6,0,23,37.57,37.57,0.0,252.635785,0.0
2019-03-27,6,0,24,66.47,66.47,0.0,446.971004,0.0
2019-03-27,6,0,29,0.0,0.0,0.0,0.0,0.0
2019-03-27,6,0,30,0.0,0.0,0.0,0.0,0.0
2019-03-27,6,0,31,13.62,13.62,0.0,91.285778,0.0
2019-03-27,6,0,32,0.0,0.0,0.0,0.0,0.0
2019-03-27,6,0,33,0.0,0.0,0.0,0.0,0.0
2019-03-27,6,0,34,0.0,0.0,0.0,0.0,0.0
2019-03-27,6,0,35,0.0,0.0,0.0,0.0,0.0
2019-03-27,6,0,36,0.0,0.0,0.0,0.0,0.0
2019-03-27,6,0,37,0.0,0.0,0.0,0.0,0.0
2019-03-27,6,0,38,0.0,0.0,0.0,0.0,0.0
2019-03-27,6,0,39,0.0,0.0,0.0,0.0,0.0
2019-03-27,6,0,40,0.0,0.0,0.0,0.0,0.0
2019-03-27,6,0,41,88.41,88.41,0.0,698.790543,0.0
2019-03-27,6,0,42,0.0,0.0,0.0,0.0,0.0
2019-03-27,6,0,43,0.0,0.0,0.0,0.0,0.0
2019-03-27,6,0,46,0.0,0.0,0.0,0.0,0.0
2019-03-27,6,0,52,14.44,14.44,0.0,96.781691,0.0
2019-03-27,6,0,53,22.93,22.93,0.0,153.684499,0.0
2019-03-27,6,0,55,68.31,68.31,0.0,459.343903,0.0
2019-03-27,6,0,56,0.0,0.0,0.0,0.0,0.0
2019-03-27,6,0,57,0.0,0.0,0.0,0.0,0.0
2019-03-27,6,0,58,0.0,0.0,0.0,0.0,0.0
2019-03-27,6,0,59,0.0,0.0,0.0,0.0,0.0
2019-03-27,6,0,63,81.63,81.63,0.0,1564.799234,0.0
2019-03-27,6,0,64,96.03,96.03,0.0,1840.83879,0.0
2019-03-27,6,0,65,7.23,7.23,0.0,76.342788,0.0
2019-03-27,6,0,67,0.0,0.0,0.0,-0.0,0.0
2019-03-27,6,0,68,2.1,2.1,0.0,-0.385005,0.0
2019-03-27,6,0,69,0.0,0.0,0.0,0.0,0.0
2019-03-27,6,0,74,20.55,20.55,0.0,198.452524,0.0
2019-03-27,6,0,77,97.85,97.85,0.0,451.034583,0.0
2019-03-27,6,0,78,73.98,73.98,0.0,341.007036,0.0
2019-03-27,6,0,79,42.81,42.81,0.0,197.330511,0.0
2019-03-27,6,0,80,69.23,69.23,0.0,319.112153,0.0
2019-03-27,6,0,81,90.52,90.52,0.0,417.247322,0.0
2019-03-27,6,0,82,63.85,63.85,0.0,294.313318,0.0
2019-03-27,6,0,83,142.38,142.38,0.0,656.293347,0.0
2019-03-27,6,0,84,0.0,0.0,0.0,0.0,0.0
2019-03-27,6,0,86,0.0,0.0,0.0,0.0,0.0
2019-03-27,6,0,87,0.0,0.0,0.0,0.0,0.0
2019-03-27,6,0,88,109.91,109.91,0.0,506.624538,0.0
2019-03-27,6,0,89,105.65,105.65,0.0,486.988285,0.0
2019-03-27,6,0,90,141.86,141.86,0.0,653.896433,0.0
2019-03-27,6,0,91,506.04,506.04,0.0,2332.565565,0.0
2019-03-27,6,0,92,182.0,182.0,0.0,838.919716,0.0
2019-03-27,6,0,95,10.34,10.34,0.0,169.040729,0.0
2019-03-27,6,0,96,6.25,6.25,0.0,41.745431,0.0
2019-03-27,6,0,97,38.44,38.44,0.0,256.751101,0.0
2019-03-27,6,0,99,3.97,3.97,0.0,38.338517,0.0
2019-03-27,6,0,101,0.0,0.0,0.0,0.0,0.0
2019-03-27,6,0,102,4.98,4.98,0.0,-0.913011,0.0
2019-03-27,6,0,103,4.33,4.33,0.0,-0.793843,0.0
2019-03-27,6,0,104,0.8,0.8,0.0,-0.146668,0.0
2019-03-27,6,0,106,0.0,0.0,0.0,0.0,0.0
2019-03-27,6,0,109,60.77,60.77,0.0,523.185006,0.0
2019-03-27,6,0,110,338.6,338.6,0.0,-7745.997346,0.0
2019-03-27,6,0,111,0.0,0.0,0.0,0.0,0.0
2019-03-27,6,0,113,62.24,62.24,0.0,328.665864,0.0
2019-03-27,6,0,115,62.24,62.24,0.0,328.665864,0.0
2019-03-27,6,0,116,0.0,0.0,0.0,-0.0,0.0
2019-03-27,6,0,117,2.47,2.47,0.0,13.043134,0.0
2019-03-27,6,0,119,96.03,96.03,0.0,1840.83879,0.0
2019-03-27,6,0,120,56.47,56.47,0.0,1082.496787,0.0
2019-03-27,6,0,123,0.0,0.0,0.0,0.0,0.0
2019-03-27,6,0,125,60.15,60.15,0.0,404.472783,0.0
2019-03-27,6,0,126,0.0,0.0,0.0,0.0,0.0
2019-03-27,6,0,127,0.0,0.0,0.0,0.0,0.0
2019-03-27,6,0,128,86.16,86.16,0.0,579.37448,0.0
2019-03-27,6,0,131,6.16,6.16,0.0,8.060885,0.0
2019-03-27,6,0,132,9.06,9.06,0.0,11.855782,0.0
2019-03-27,6,0,133,15.66,15.66,0.0,165.914672,0.0
2019-03-27,6,0,134,0.0,0.0,0.0,0.0,0.0
2019-03-27,6,0,135,20.99,20.99,0.0,222.384991,0.0
2019-03-27,6,0,136,12.68,12.68,0.0,133.867584,0.0
2019-03-27,6,0,139,114.17,114.17,0.0,902.396972,0.0
2019-03-27,6,0,140,250.6,250.6,0.0,-5732.861592,0.0
2019-03-27,6,0,141,68.3,68.3,0.0,-394.064094,0.0
2019-03-27,6,0,142,0.0,0.0,0.0,-0.0,0.0
2019-03-27,6,0,143,79.05,79.05,0.0,529.819436,0.0
2019-03-27,6,0,145,6.56,6.56,0.0,48.614316,0.0
2019-03-27,6,0,146,268.0,268.0,0.0,-6130.913434,0.0
2019-03-27,6,0,152,0.0,0.0,0.0,0.0,0.0
2019-03-27,6,0,153,0.0,0.0,0.0,0.0,0.0
2019-03-27,6,0,154,0.0,0.0,0.0,0.0,0.0
2019-03-27,6,0,157,151.15,151.15,0.0,-872.075956,0.0
2019-03-27,6,0,158,0.0,0.0,0.0,-0.0,0.0
2019-03-27,6,0,159,0.0,0.0,0.0,0.0,0.0
2019-03-27,6,0,160,0.0,0.0,0.0,0.0,0.0
2019-03-27,6,0,161,0.0,0.0,0.0,-0.0,0.0
2019-03-27,6,0,162,11.34,11.34,0.0,185.74566,0.0
2019-03-27,6,0,163,57.14,57.14,0.0,-1307.165648,0.0
2019-03-27,6,0,164,0.0,0.0,0.0,0.0,0.0
2019-03-27,6,0,167,0.0,0.0,0.0,0.0,0.0
2019-03-27,6,0,168,0.0,0.0,0.0,0.0,0.0
2019-03-27,6,0,169,0.0,0.0,0.0,0.0,0.0
2019-03-27,6,0,170,0.0,0.0,0.0,0.0,0.0
2019-03-27,6,0,172,0.0,0.0,0.0,0.0,0.0
2019-03-27,6,0,173,0.0,0.0,0.0,0.0,0.0
2019-03-27,6,0,188,0.0,0.0,0.0,0.0,0.0
2019-03-27,6,0,190,0.0,0.0,0.0,0.0,0.0
2019-03-27,6,0,191,0.0,0.0,0.0,0.0,0.0
2019-03-27,6,0,192,69.42,69.42,0.0,1330.740694,0.0
2019-03-27,6,0,194,143.66,143.66,0.0,1445.940392,0.0
2019-03-27,6,0,196,0.0,0.0,0.0,0.0,0.0
2019-03-27,6,0,198,0.0,0.0,0.0,0.0,0.0
2019-03-27,6,0,199,8.92,8.92,0.0,95.739235,0.0
2019-03-27,6,0,200,0.0,0.0,0.0,0.0,0.0
2019-03-27,6,0,204,297.69,297.69,0.0,2532.938879,0.0
2019-03-27,6,0,205,321.5,321.5,0.0,2767.878548,0.0
2019-03-27,6,0,206,112.94,112.94,0.0,754.356642,0.0
2019-03-27,6,0,210,0.0,0.0,0.0,0.0,0.0
2019-03-27,6,0,214,0.0,0.0,0.0,0.0,0.0
2019-03-27,6,0,217,0.0,0.0,0.0,0.0,0.0
2019-03-27,6,0,218,0.0,0.0,0.0,0.0,0.0
2019-03-27,6,0,219,0.0,0.0,0.0,0.0,0.0
2019-03-27,6,0,221,0.0,0.0,0.0,0.0,0.0
2019-03-27,6,0,225,0.0,0.0,0.0,0.0,0.0
2019-03-27,6,0,233,0.0,0.0,0.0,0.0,0.0
2019-03-27,6,0,236,20.76,20.76,0.0,210.586467,0.0
2019-03-27,6,0,237,49.31,49.31,0.0,476.189487,0.0
2019-03-27,6,0,238,0.0,0.0,0.0,0.0,0.0
2019-03-27,6,0,240,0.0,0.0,0.0,0.0,0.0
2019-03-27,6,0,245,30.09,30.09,0.0,322.309221,0.0
2019-03-27,6,0,247,32.86,32.86,0.0,351.980093,0.0
2019-03-27,6,0,248,4.95,4.95,0.0,47.802433,0.0
2019-03-27,6,0,249,57.86,57.86,0.0,619.767747,0.0
2019-03-27,6,0,251,70.06,70.06,0.0,736.028957,0.0
2019-03-27,6,0,252,46.66,46.66,0.0,492.690799,0.0
2019-03-27,6,0,254,0.0,0.0,0.0,0.0,0.0
2019-03-27,6,0,255,0.0,0.0,0.0,0.0,0.0
2019-03-27,6,0,258,0.0,0.0,0.0,0.0,0.0
2019-03-27,6,0,260,0.0,0.0,0.0,0.0,0.0
2019-03-27,6,0,265,0.0,0.0,0.0,0.0,0.0
2019-03-27,6,0,266,73.93,73.93,0.0,584.340966,0.0
2019-03-27,6,0,267,90.85,90.85,0.0,718.076245,0.0
2019-03-27,6,0,270,178.45,178.45,0.0,-4082.319038,0.0
2019-03-27,6,0,272,219.63,219.63,0.0,1159.782836,0.0
2019-03-27,6,0,273,0.0,0.0,0.0,-0.0,0.0
2019-03-27,6,0,274,230.04,230.04,0.0,-5262.519874,0.0
2019-03-27,6,0,275,320.22,320.22,0.0,-7325.526492,0.0
2019-03-27,6,0,276,0.0,0.0,0.0,-0.0,0.0
2019-03-27,6,0,277,0.0,0.0,0.0,0.0,0.0
2019-03-27,6,0,278,0.0,0.0,0.0,0.0,0.0
2019-03-27,6,0,279,84.6,84.6,0.0,423.976067,0.0
2019-03-27,6,0,281,6.13,6.13,0.0,41.085302,0.0
2019-03-27,6,0,282,0.0,0.0,0.0,0.0,0.0
2019-03-27,7,0,9,0.0,0.0,0.0,0.0,0.0
2019-03-27,7,0,17,0.0,0.0,0.0,0.0,0.0
2019-03-27,7,0,19,570.95,570.95,0.0,-127.883731,0.0
2019-03-27,7,0,20,692.45,692.45,0.0,-155.097801,0.0
2019-03-27,7,0,21,0.0,0.0,0.0,0.0,0.0
2019-03-27,7,0,22,0.0,0.0,0.0,0.0,0.0
2019-03-27,7,0,23,32.42,32.42,0.0,368.215727,0.0
2019-03-27,7,0,24,57.37,57.37,0.0,651.589644,0.0
2019-03-27,7,0,29,0.0,0.0,0.0,0.0,0.0
2019-03-27,7,0,30,0.0,0.0,0.0,0.0,0.0
2019-03-27,7,0,31,30.88,30.88,0.0,350.728782,0.0
2019-03-27,7,0,32,0.0,0.0,0.0,0.0,0.0
2019-03-27,7,0,33,0.0,0.0,0.0,0.0,0.0
2019-03-27,7,0,34,0.0,0.0,0.0,0.0,0.0
2019-03-27,7,0,35,0.0,0.0,0.0,0.0,0.0
2019-03-27,7,0,36,0.0,0.0,0.0,0.0,0.0
2019-03-27,7,0,37,0.0,0.0,0.0,0.0,0.0
2019-03-27,7,0,38,0.0,0.0,0.0,0.0,0.0
2019-03-27,7,0,39,0.0,0.0,0.0,0.0,0.0
2019-03-27,7,0,40,0.0,0.0,0.0,0.0,0.0
2019-03-27,7,0,41,57.25,57.25,0.0,649.707068,0.0
2019-03-27,7,0,42,0.0,0.0,0.0,0.0,0.0
2019-03-27,7,0,43,0.0,0.0,0.0,0.0,0.0
2019-03-27,7,0,46,0.0,0.0,0.0,0.0,0.0
2019-03-27,7,0,52,32.74,32.74,0.0,371.854285,0.0
2019-03-27,7,0,53,52.02,52.02,0.0,590.832618,0.0
2019-03-27,7,0,55,58.74,58.74,0.0,667.149654,0.0
2019-03-27,7,0,56,0.0,0.0,0.0,0.0,0.0
2019-03-27,7,0,57,0.0,0.0,0.0,0.0,0.0
2019-03-27,7,0,58,0.0,0.0,0.0,0.0,0.0
2019-03-27,7,0,59,0.0,0.0,0.0,0.0,0.0
2019-03-27,7,0,63,86.24,86.24,0.0,980.915691,0.0
2019-03-27,7,0,64,101.46,101.46,0.0,1154.031842,0.0
2019-03-27,7,0,65,12.52,12.52,0.0,68.876082,0.0
2019-03-27,7,0,67,0.0,0.0,0.0,0.0,0.0
2019-03-27,7,0,68,1.81,1.81,0.0,20.580584,0.0
2019-03-27,7,0,69,0.0,0.0,0.0,0.0,0.0
2019-03-27,7,0,74,26.71,26.71,0.0,302.459932,0.0
2019-03-27,7,0,77,84.16,84.16,0.0,956.828923,0.0
2019-03-27,7,0,78,63.62,63.62,0.0,723.306275,0.0
2019-03-27,7,0,79,36.82,36.82,0.0,418.612654,0.0
2019-03-27,7,0,80,59.54,59.54,0.0,676.920082,0.0
2019-03-27,7,0,81,77.84,77.84,0.0,884.975801,0.0
2019-03-27,7,0,82,54.91,54.91,0.0,624.280848,0.0
2019-03-27,7,0,83,122.45,122.45,0.0,1392.15425,0.0
2019-03-27,7,0,84,0.0,0.0,0.0,0.0,0.0
2019-03-27,7,0,86,0.0,0.0,0.0,0.0,0.0
2019-03-27,7,0,87,0.0,0.0,0.0,0.0,0.0
2019-03-27,7,0,88,94.4,94.4,0.0,1073.249173,0.0
2019-03-27,7,0,89,90.75,90.75,0.0,1031.75172,0.0
2019-03-27,7,0,90,121.85,121.85,0.0,1385.332751,0.0
2019-03-27,7,0,91,434.66,434.66,0.0,4941.721243,0.0
2019-03-27,7,0,92,156.32,156.32,0.0,1777.227867,0.0
2019-03-27,7,0,95,10.51,10.51,0.0,119.550185,0.0
2019-03-27,7,0,96,4.98,4.98,0.0,56.562483,0.0
2019-03-27,7,0,97,30.65,30.65,0.0,348.120504,0.0
2019-03-27,7,0,99,5.15,5.15,0.0,58.317808,0.0
2019-03-27,7,0,101,0.0,0.0,0.0,0.0,0.0
2019-03-27,7,0,102,4.28,4.28,0.0,48.665689,0.0
2019-03-27,7,0,103,3.72,3.72,0.0,42.298216,0.0
2019-03-27,7,0,104,0.69,0.69,0.0,7.845637,0.0
2019-03-27,7,0,106,0.0,0.0,0.0,0.0,0.0
2019-03-27,7,0,109,58.35,58.35,0.0,662.211648,0.0
2019-03-27,7,0,110,338.6,338.6,0.0,3850.960325,0.0
2019-03-27,7,0,111,0.0,0.0,0.0,0.0,0.0
2019-03-27,7,0,113,31.05,31.05,0.0,353.086952,0.0
2019-03-27,7,0,115,31.05,31.05,0.0,353.086952,0.0
2019-03-27,7,0,116,0.0,0.0,0.0,0.0,0.0
2019-03-27,7,0,117,1.27,1.27,0.0,14.441882,0.0
2019-03-27,7,0,119,101.46,101.46,0.0,1154.031842,0.0
2019-03-27,7,0,120,59.66,59.66,0.0,678.588012,0.0
2019-03-27,7,0,123,0.0,0.0,0.0,0.0,0.0
2019-03-27,7,0,125,51.91,51.91,0.0,589.576754,0.0
2019-03-27,7,0,126,0.0,0.0,0.0,0.0,0.0
2019-03-27,7,0,127,0.0,0.0,0.0,0.0,0.0
2019-03-27,7,0,128,74.35,74.35,0.0,844.442914,0.0
2019-03-27,7,0,131,5.23,5.23,0.0,59.466726,0.0
2019-03-27,7,0,132,7.69,7.69,0.0,87.437691,0.0
2019-03-27,7,0,133,19.86,19.86,0.0,240.599955,0.0
2019-03-27,7,0,134,0.0,0.0,0.0,0.0,0.0
2019-03-27,7,0,135,26.6,26.6,0.0,322.253716,0.0
2019-03-27,7,0,136,22.17,22.17,0.0,128.931635,0.0
2019-03-27,7,0,139,73.95,73.95,0.0,839.228605,0.0
2019-03-27,7,0,140,250.6,250.6,0.0,2850.120075,0.0
2019-03-27,7,0,141,57.5,57.5,0.0,653.841236,0.0
2019-03-27,7,0,142,0.0,0.0,0.0,0.0,0.0
2019-03-27,7,0,143,50.3,50.3,0.0,571.297207,0.0
2019-03-27,7,0,145,5.97,5.97,0.0,67.785909,0.0
2019-03-27,7,0,146,268.0,268.0,0.0,3048.013488,0.0
2019-03-27,7,0,152,0.0,0.0,0.0,0.0,0.0
2019-03-27,7,0,153,0.0,0.0,0.0,0.0,0.0
2019-03-27,7,0,154,0.0,0.0,0.0,0.0,0.0
2019-03-27,7,0,157,129.05,129.05,0.0,1467.447157,0.0
2019-03-27,7,0,158,0.0,0.0,0.0,0.0,0.0
2019-03-27,7,0,159,0.0,0.0,0.0,0.0,0.0
2019-03-27,7,0,160,0.0,0.0,0.0,0.0,0.0
2019-03-27,7,0,161,0.0,0.0,0.0,0.0,0.0
2019-03-27,7,0,162,11.72,11.72,0.0,133.313684,0.0
2019-03-27,7,0,163,57.32,57.32,0.0,651.910945,0.0
2019-03-27,7,0,164,0.0,0.0,0.0,0.0,0.0
2019-03-27,7,0,167,0.0,0.0,0.0,0.0,0.0
2019-03-27,7,0,168,0.0,0.0,0.0,0.0,0.0
2019-03-27,7,0,169,0.0,0.0,0.0,0.0,0.0
2019-03-27,7,0,170,0.0,0.0,0.0,0.0,0.0
2019-03-27,7,0,172,0.0,0.0,0.0,0.0,0.0
2019-03-27,7,0,173,0.0,0.0,0.0,0.0,0.0
2019-03-27,7,0,188,0.0,0.0,0.0,0.0,0.0
2019-03-27,7,0,190,0.0,0.0,0.0,0.0,0.0
2019-03-27,7,0,191,0.0,0.0,0.0,0.0,0.0
2019-03-27,7,0,192,68.52,68.52,0.0,779.363905,0.0
2019-03-27,7,0,194,142.92,142.92,0.0,1625.472233,0.0
2019-03-27,7,0,196,0.0,0.0,0.0,0.0,0.0
2019-03-27,7,0,198,0.0,0.0,0.0,0.0,0.0
2019-03-27,7,0,199,8.81,8.81,0.0,100.290827,0.0
2019-03-27,7,0,200,0.0,0.0,0.0,0.0,0.0
2019-03-27,7,0,204,299.01,299.01,0.0,3393.876716,0.0
2019-03-27,7,0,205,308.69,308.69,0.0,3503.309576,0.0
2019-03-27,7,0,206,90.06,90.06,0.0,1022.895026,0.0
2019-03-27,7,0,210,0.0,0.0,0.0,0.0,0.0
2019-03-27,7,0,214,0.0,0.0,0.0,0.0,0.0
2019-03-27,7,0,217,0.0,0.0,0.0,0.0,0.0
2019-03-27,7,0,218,0.0,0.0,0.0,0.0,0.0
2019-03-27,7,0,219,0.0,0.0,0.0,0.0,0.0
2019-03-27,7,0,221,0.0,0.0,0.0,0.0,0.0
2019-03-27,7,0,225,0.0,0.0,0.0,0.0,0.0
2019-03-27,7,0,233,0.0,0.0,0.0,0.0,0.0
2019-03-27,7,0,236,24.99,24.99,0.0,283.002292,0.0
2019-03-27,7,0,237,64.07,64.07,0.0,725.518827,0.0
2019-03-27,7,0,238,0.0,0.0,0.0,0.0,0.0
2019-03-27,7,0,240,0.0,0.0,0.0,0.0,0.0
2019-03-27,7,0,245,39.77,39.77,0.0,405.029147,0.0
2019-03-27,7,0,247,44.55,44.55,0.0,453.710045,0.0
2019-03-27,7,0,248,6.43,6.43,0.0,72.812331,0.0
2019-03-27,7,0,249,76.48,76.48,0.0,778.894372,0.0
2019-03-27,7,0,251,114.65,114.65,0.0,841.598948,0.0
2019-03-27,7,0,252,80.76,80.76,0.0,444.283739,0.0
2019-03-27,7,0,254,0.0,0.0,0.0,0.0,0.0
2019-03-27,7,0,255,0.0,0.0,0.0,0.0,0.0
2019-03-27,7,0,258,0.0,0.0,0.0,0.0,0.0
2019-03-27,7,0,260,0.0,0.0,0.0,0.0,0.0
2019-03-27,7,0,265,0.0,0.0,0.0,0.0,0.0
2019-03-27,7,0,266,47.87,47.87,0.0,543.257246,0.0
2019-03-27,7,0,267,58.83,58.83,0.0,667.637848,0.0
2019-03-27,7,0,270,179.0,179.0,0.0,2035.800054,0.0
2019-03-27,7,0,272,110.49,110.49,0.0,1256.443715,0.0
2019-03-27,7,0,273,0.0,0.0,0.0,0.0,0.0
2019-03-27,7,0,274,230.75,230.75,0.0,2624.36236,0.0
2019-03-27,7,0,275,321.21,321.21,0.0,3653.180644,0.0
2019-03-27,7,0,276,0.0,0.0,0.0,0.0,0.0
2019-03-27,7,0,277,0.0,0.0,0.0,0.0,0.0
2019-03-27,7,0,278,0.0,0.0,0.0,0.0,0.0
2019-03-27,7,0,279,76.19,76.19,0.0,866.326019,0.0
2019-03-27,7,0,281,13.85,13.85,0.0,157.305493,0.0
2019-03-27,7,0,282,0.0,0.0,0.0,0.0,0.0
2019-03-27,8,0,9,0.23,0.23,0.0,2.845849,0.0
2019-03-27,8,0,17,7.28,7.28,0.0,6.745372,0.0
2019-03-27,8,0,19,605.38,605.38,0.0,560.922166,0.0
2019-03-27,8,0,20,753.44,753.44,0.0,698.108951,0.0
2019-03-27,8,0,21,5.22,5.22,0.0,64.588392,0.0
2019-03-27,8,0,22,18.56,18.56,0.0,229.647616,0.0
2019-03-27,8,0,23,70.92,70.92,0.0,877.511258,0.0
2019-03-27,8,0,24,125.47,125.47,0.0,1552.472329,0.0
2019-03-27,8,0,29,1.7,1.7,0.0,8.845177,0.0
2019-03-27,8,0,30,31.77,31.77,0.0,394.166099,0.0
2019-03-27,8,0,31,16.6,16.6,0.0,205.953958,0.0
2019-03-27,8,0,32,0.96,0.96,0.0,62.695112,0.0
2019-03-27,8,0,33,0.42,0.42,0.0,2.59773,0.0
2019-03-27,8,0,34,0.67,0.67,0.0,4.143998,0.0
2019-03-27,8,0,35,0.67,0.67,0.0,4.143998,0.0
2019-03-27,8,0,36,1.46,1.46,0.0,12.396827,0.0
2019-03-27,8,0,37,0.71,0.71,0.0,6.039516,0.0
2019-03-27,8,0,38,0.91,0.91,0.0,7.740788,0.0
2019-03-27,8,0,39,0.61,0.61,0.0,5.18888,0.0
2019-03-27,8,0,40,0.61,0.61,0.0,5.18888,0.0
2019-03-27,8,0,41,34.8,34.8,0.0,369.620363,0.0
2019-03-27,8,0,42,6.57,6.57,0.0,37.481669,0.0
2019-03-27,8,0,43,4.64,4.64,0.0,38.223512,0.0
2019-03-27,8,0,46,3.99,3.99,0.0,35.364253,0.0
2019-03-27,8,0,52,17.6,17.6,0.0,218.360823,0.0
2019-03-27,8,0,53,27.96,27.96,0.0,346.895944,0.0
2019-03-27,8,0,55,101.43,101.43,0.0,1255.019274,0.0
2019-03-27,8,0,56,9.37,9.37,0.0,116.252325,0.0
2019-03-27,8,0,57,8.91,8.91,0.0,110.545167,0.0
2019-03-27,8,0,58,17.14,17.14,0.0,212.653665,0.0
2019-03-27,8,0,59,16.86,16.86,0.0,209.179743,0.0
2019-03-27,8,0,63,80.71,80.71,0.0,11433.84635,0.0
2019-03-27,8,0,64,94.87,94.87,0.0,13439.834013,0.0
2019-03-27,8,0,65,26.39,26.39,0.0,105.76584,0.0
2019-03-27,8,0,67,22.64,22.64,0.0,-12410.888117,0.0
2019-03-27,8,0,68,4.09,4.09,0.0,-1638.632383,0.0
2019-03-27,8,0,69,0.42,0.42,0.0,2.59773,0.0
2019-03-27,8,0,74,40.65,40.65,0.0,332.015914,0.0
2019-03-27,8,0,77,118.29,118.29,0.0,-32887.654429,0.0
2019-03-27,8,0,78,89.32,89.32,0.0,-24833.251277,0.0
2019-03-27,8,0,79,51.52,51.52,0.0,-14323.881614,0.0
2019-03-27,8,0,80,83.56,83.56,0.0,-23231.823519,0.0
2019-03-27,8,0,81,109.39,109.39,0.0,-30413.226122,0.0
2019-03-27,8,0,82,77.03,77.03,0.0,-21416.316008,0.0
2019-03-27,8,0,83,172.33,172.33,0.0,-47912.160687,0.0
2019-03-27,8,0,84,0.0,0.0,0.0,0.0,0.0
2019-03-27,8,0,86,2.11,2.11,0.0,13.0505,0.0
2019-03-27,8,0,87,10.79,10.79,0.0,66.736915,0.0
2019-03-27,8,0,88,117.16,117.16,0.0,-32573.485441,0.0
2019-03-27,8,0,89,113.07,113.07,0.0,-31436.360523,0.0
2019-03-27,8,0,90,147.52,147.52,0.0,-41014.34425,0.0
2019-03-27,8,0,91,462.47,462.47,0.0,-128578.52349,0.0
2019-03-27,8,0,92,185.06,185.06,0.0,-51451.427243,0.0
2019-03-27,8,0,95,14.99,14.99,0.0,1028.068903,0.0
2019-03-27,8,0,96,16.61,16.61,0.0,206.661461,0.0
2019-03-27,8,0,97,102.12,102.12,0.0,1270.576064,0.0
2019-03-27,8,0,99,7.85,7.85,0.0,64.116234,0.0
2019-03-27,8,0,101,0.64,0.64,0.0,7.940394,0.0
2019-03-27,8,0,102,9.69,9.69,0.0,-3882.236624,0.0
2019-03-27,8,0,103,8.42,8.42,0.0,-3373.419234,0.0
2019-03-27,8,0,104,1.56,1.56,0.0,-625.004039,0.0
2019-03-27,8,0,106,18.27,18.27,0.0,226.059372,0.0
2019-03-27,8,0,109,103.61,103.61,0.0,980.961309,0.0
2019-03-27,8,0,110,338.6,338.6,0.0,-338600.0,0.0
2019-03-27,8,0,111,1.01,1.01,0.0,10.727488,0.0
2019-03-27,8,0,113,102.5,102.5,0.0,-25345.730088,0.0
2019-03-27,8,0,115,102.5,102.5,0.0,-25345.730088,0.0
2019-03-27,8,0,116,12.98,12.98,0.0,-12980.0,0.0
2019-03-27,8,0,117,5.3,5.3,0.0,-1310.559702,0.0
2019-03-27,8,0,119,94.87,94.87,0.0,13439.834013,0.0
2019-03-27,8,0,120,55.97,55.97,0.0,7929.034571,0.0
2019-03-27,8,0,123,0.3,0.3,0.0,3.711977,0.0
2019-03-27,8,0,125,113.54,113.54,0.0,1404.859394,0.0
2019-03-27,8,0,126,13.7,13.7,0.0,169.513596,0.0
2019-03-27,8,0,127,17.59,17.59,0.0,217.645559,0.0
2019-03-27,8,0,128,162.62,162.62,0.0,2012.138759,0.0
2019-03-27,8,0,131,13.37,13.37,0.0,-4829.780058,0.0
2019-03-27,8,0,132,19.66,19.66,0.0,-7101.980249,0.0
2019-03-27,8,0,133,34.59,34.59,0.0,258.828296,0.0
2019-03-27,8,0,134,0.0,0.0,0.0,0.0,0.0
2019-03-27,8,0,135,46.35,46.35,0.0,346.825427,0.0
2019-03-27,8,0,136,37.06,37.06,0.0,154.797902,0.0
2019-03-27,8,0,139,44.94,44.94,0.0,477.32009,0.0
2019-03-27,8,0,140,250.6,250.6,0.0,-250600.0,0.0
2019-03-27,8,0,141,116.32,116.32,0.0,-63764.774991,0.0
2019-03-27,8,0,142,29.85,29.85,0.0,-16363.295508,0.0
2019-03-27,8,0,143,20.08,20.08,0.0,249.129848,0.0
2019-03-27,8,0,145,13.18,13.18,0.0,149.143423,0.0
2019-03-27,8,0,146,268.0,268.0,0.0,-268000.0,0.0
2019-03-27,8,0,152,1.04,1.04,0.0,8.454363,0.0
2019-03-27,8,0,153,1.34,1.34,0.0,10.957574,0.0
2019-03-27,8,0,154,4.17,4.17,0.0,44.290716,0.0
2019-03-27,8,0,157,162.9,162.9,0.0,-89299.190561,0.0
2019-03-27,8,0,158,15.03,15.03,0.0,-8239.207085,0.0
2019-03-27,8,0,159,0.0,0.0,0.0,0.0,0.0
2019-03-27,8,0,160,0.39,0.39,0.0,2.889533,0.0
2019-03-27,8,0,161,4.89,4.89,0.0,-1959.147275,0.0
2019-03-27,8,0,162,17.66,17.66,0.0,1225.261816,0.0
2019-03-27,8,0,163,101.81,101.81,0.0,-101810.0,0.0
2019-03-27,8,0,164,0.69,0.69,0.0,8.560737,0.0
2019-03-27,8,0,167,1.14,1.14,0.0,75.710536,0.0
2019-03-27,8,0,168,0.57,0.57,0.0,37.855268,0.0
2019-03-27,8,0,169,0.0,0.0,0.0,0.0,0.0
2019-03-27,8,0,170,1.24,1.24,0.0,82.351811,0.0
2019-03-27,8,0,172,1.49,1.49,0.0,72.410013,0.0
2019-03-27,8,0,173,2.27,2.27,0.0,110.315926,0.0
2019-03-27,8,0,188,1.93,1.93,0.0,101.264603,0.0
2019-03-27,8,0,190,1.23,1.23,0.0,39.885895,0.0
2019-03-27,8,0,191,3.18,3.18,0.0,103.119632,0.0
2019-03-27,8,0,192,120.19,120.19,0.0,3897.46809,0.0
2019-03-27,8,0,194,176.5,176.5,0.0,-19196.524315,0.0
2019-03-27,8,0,196,0.77,0.77,0.0,228.650717,0.0
2019-03-27,8,0,198,1.87,1.87,0.0,11.219429,0.0
2019-03-27,8,0,199,11.48,11.48,0.0,-337.995536,0.0
2019-03-27,8,0,200,3.38,3.38,0.0,-99.514365,0.0
2019-03-27,8,0,204,489.77,489.77,0.0,4702.208512,0.0
2019-03-27,8,0,205,548.1,548.1,0.0,5189.314674,0.0
2019-03-27,8,0,206,300.06,300.06,0.0,3733.343653,0.0
2019-03-27,8,0,210,0.52,0.52,0.0,2.606728,0.0
2019-03-27,8,0,214,2.58,2.58,0.0,14.52282,0.0
2019-03-27,8,0,217,1.87,1.87,0.0,10.00472,0.0
2019-03-27,8,0,218,2.58,2.58,0.0,13.803303,0.0
2019-03-27,8,0,219,1.76,1.76,0.0,9.416207,0.0
2019-03-27,8,0,221,1.38,1.38,0.0,7.76802,0.0
2019-03-27,8,0,225,1.51,1.51,0.0,7.884321,0.0
2019-03-27,8,0,233,1.2,1.2,0.0,7.422085,0.0
2019-03-27,8,0,236,49.61,49.61,0.0,375.930964,0.0
2019-03-27,8,0,237,97.51,97.51,0.0,796.42981,0.0
2019-03-27,8,0,238,8.55,8.55,0.0,48.777515,0.0
2019-03-27,8,0,240,1.66,1.66,0.0,14.095023,0.0
2019-03-27,8,0,245,74.96,74.96,0.0,473.904176,0.0
2019-03-27,8,0,247,104.53,104.53,0.0,660.848499,0.0
2019-03-27,8,0,248,9.79,9.79,0.0,79.96152,0.0
2019-03-27,8,0,249,144.16,144.16,0.0,911.393089,0.0
2019-03-27,8,0,251,233.74,233.74,0.0,1179.730356,0.0
2019-03-27,8,0,252,170.24,170.24,0.0,682.287856,0.0
2019-03-27,8,0,254,2.68,2.68,0.0,21.520021,0.0
2019-03-27,8,0,255,1.23,1.23,0.0,9.876726,0.0
2019-03-27,8,0,258,2.05,2.05,0.0,17.322687,0.0
2019-03-27,8,0,260,0.94,0.94,0.0,6.964514,0.0
2019-03-27,8,0,265,4.32,4.32,0.0,45.883907,0.0
2019-03-27,8,0,266,29.1,29.1,0.0,309.079097,0.0
2019-03-27,8,0,267,35.76,35.76,0.0,379.816787,0.0
2019-03-27,8,0,270,317.95,317.95,0.0,-317950.0,0.0
2019-03-27,8,0,272,354.86,354.86,0.0,-87748.153943,0.0
2019-03-27,8,0,273,3.1,3.1,0.0,-3100.0,0.0
2019-03-27,8,0,274,409.88,409.88,0.0,-409880.0,0.0
2019-03-27,8,0,275,570.55,570.55,0.0,-570550.0,0.0
2019-03-27,8,0,276,0.64,0.64,0.0,-575.43619,0.0
2019-03-27,8,0,277,0.73,0.73,0.0,-189.510688,0.0
2019-03-27,8,0,278,1.18,1.18,0.0,-306.332344,0.0
2019-03-27,8,0,279,137.87,137.87,0.0,-35791.5596,0.0
2019-03-27,8,0,281,7.45,7.45,0.0,92.431144,0.0
2019-03-27,8,0,282,17.43,17.43,0.0,216.251656,0.0
2019-03-27,9,0,9,1.16,1.16,0.0,6.830689,0.0
2019-03-27,9,0,17,21.51,21.51,0.0,132.086166,0.0
2019-03-27,9,0,19,475.02,475.02,0.0,2916.948885,0.0
2019-03-27,9,0,20,589.85,589.85,0.0,3622.083912,0.0
2019-03-27,9,0,21,26.48,26.48,0.0,155.928141,0.0
2019-03-27,9,0,22,94.12,94.12,0.0,554.227969,0.0
2019-03-27,9,0,23,108.8,108.8,0.0,640.671516,0.0
2019-03-27,9,0,24,192.5,192.5,0.0,1133.541055,0.0
2019-03-27,9,0,29,4.16,4.16,0.0,25.922922,0.0
2019-03-27,9,0,30,206.55,206.55,0.0,1215.944542,0.0
2019-03-27,9,0,31,28.23,28.23,0.0,166.187918,0.0
2019-03-27,9,0,32,2.67,2.67,0.0,89.848669,0.0
2019-03-27,9,0,33,1.21,1.21,0.0,7.483936,0.0
2019-03-27,9,0,34,1.94,1.94,0.0,11.999038,0.0
2019-03-27,9,0,35,1.94,1.94,0.0,11.999038,0.0
2019-03-27,9,0,36,4.66,4.66,0.0,28.301877,0.0
2019-03-27,9,0,37,2.25,2.25,0.0,13.663533,0.0
2019-03-27,9,0,38,2.89,2.89,0.0,17.550049,0.0
2019-03-27,9,0,39,1.93,1.93,0.0,11.720275,0.0
2019-03-27,9,0,40,1.93,1.93,0.0,11.720275,0.0
2019-03-27,9,0,41,34.8,34.8,0.0,207.819184,0.0
2019-03-27,9,0,42,23.7,23.7,0.0,145.306252,0.0
2019-03-27,9,0,43,14.34,14.34,0.0,87.26769,0.0
2019-03-27,9,0,46,12.71,12.71,0.0,76.968459,0.0
2019-03-27,9,0,52,29.95,29.95,0.0,176.31343,0.0
2019-03-27,9,0,53,47.84,47.84,0.0,281.630534,0.0
2019-03-27,9,0,55,161.34,161.34,0.0,950.054617,0.0
2019-03-27,9,0,56,60.92,60.92,0.0,358.631525,0.0
2019-03-27,9,0,57,57.95,57.95,0.0,341.147355,0.0
2019-03-27,9,0,58,111.45,111.45,0.0,656.09789,0.0
2019-03-27,9,0,59,109.59,109.59,0.0,645.148208,0.0
2019-03-27,9,0,63,51.0,51.0,0.0,5554.711301,0.0
2019-03-27,9,0,64,60.0,60.0,0.0,6534.954471,0.0
2019-03-27,9,0,65,41.4,41.4,0.0,254.150429,0.0
2019-03-27,9,0,67,120.39,120.39,0.0,-67333.692384,0.0
2019-03-27,9,0,68,14.6,14.6,0.0,-6064.615415,0.0
2019-03-27,9,0,69,1.21,1.21,0.0,7.483936,0.0
2019-03-27,9,0,74,60.12,60.12,0.0,366.019995,0.0
2019-03-27,9,0,77,60.0,60.0,0.0,-17733.63591,0.0
2019-03-27,9,0,78,45.36,45.36,0.0,-13406.628748,0.0
2019-03-27,9,0,79,26.25,26.25,0.0,-7758.465711,0.0
2019-03-27,9,0,80,42.45,42.45,0.0,-12546.547407,0.0
2019-03-27,9,0,81,55.5,55.5,0.0,-16403.613217,0.0
2019-03-27,9,0,82,39.15,39.15,0.0,-11571.197432,0.0
2019-03-27,9,0,83,87.3,87.3,0.0,-25802.44025,0.0
2019-03-27,9,0,84,0.0,0.0,0.0,0.0,0.0
2019-03-27,9,0,86,6.15,6.15,0.0,38.038186,0.0
2019-03-27,9,0,87,31.42,31.42,0.0,194.334929,0.0
2019-03-27,9,0,88,155.83,155.83,0.0,-46057.208065,0.0
2019-03-27,9,0,89,148.85,148.85,0.0,-43994.195088,0.0
2019-03-27,9,0,90,208.93,208.93,0.0,-61751.475846,0.0
2019-03-27,9,0,91,785.09,785.09,0.0,-232041.670282,0.0
2019-03-27,9,0,92,276.23,276.23,0.0,-81642.704126,0.0
2019-03-27,9,0,95,21.31,21.31,0.0,783.494714,0.0
2019-03-27,9,0,96,29.88,29.88,0.0,175.85141,0.0
2019-03-27,9,0,97,183.75,183.75,0.0,1081.415551,0.0
2019-03-27,9,0,99,11.6,11.6,0.0,70.622621,0.0
2019-03-27,9,0,101,4.16,4.16,0.0,24.489612,0.0
2019-03-27,9,0,102,34.52,34.52,0.0,-14339.076995,0.0
2019-03-27,9,0,103,30.02,30.02,0.0,-12469.846216,0.0
2019-03-27,9,0,104,5.6,5.6,0.0,-2326.153858,0.0
2019-03-27,9,0,106,92.66,92.66,0.0,545.630723,0.0
2019-03-27,9,0,109,156.61,156.61,0.0,943.859074,0.0
2019-03-27,9,0,110,338.6,338.6,0.0,-338600.0,0.0
2019-03-27,9,0,111,4.13,4.13,0.0,24.663599,0.0
2019-03-27,9,0,113,84.3,84.3,0.0,-22448.679504,0.0
2019-03-27,9,0,115,84.3,84.3,0.0,-22448.679504,0.0
2019-03-27,9,0,116,49.29,49.29,0.0,-49290.0,0.0
2019-03-27,9,0,117,5.73,5.73,0.0,-1525.871098,0.0
2019-03-27,9,0,119,60.0,60.0,0.0,6534.954471,0.0
2019-03-27,9,0,120,35.28,35.28,0.0,3842.553229,0.0
2019-03-27,9,0,123,1.54,1.54,0.0,9.068328,0.0
2019-03-27,9,0,125,174.2,174.2,0.0,1025.781048,0.0
2019-03-27,9,0,126,69.49,69.49,0.0,409.1936,0.0
2019-03-27,9,0,127,89.18,89.18,0.0,525.138656,0.0
2019-03-27,9,0,128,249.5,249.5,0.0,1469.186978,0.0
2019-03-27,9,0,131,27.38,27.38,0.0,-10320.896903,0.0
2019-03-27,9,0,132,40.24,40.24,0.0,-15168.476676,0.0
2019-03-27,9,0,133,41.94,41.94,0.0,257.547452,0.0
2019-03-27,9,0,134,0.0,0.0,0.0,0.0,0.0
2019-03-27,9,0,135,56.2,56.2,0.0,345.116042,0.0
2019-03-27,9,0,136,45.9,45.9,0.0,281.770972,0.0
2019-03-27,9,0,139,44.94,44.94,0.0,268.373395,0.0
2019-03-27,9,0,140,250.6,250.6,0.0,-250600.0,0.0
2019-03-27,9,0,141,207.01,207.01,0.0,-115779.94568,0.0
2019-03-27,9,0,142,158.76,158.76,0.0,-88793.894866,0.0
2019-03-27,9,0,143,37.11,37.11,0.0,218.46382,0.0
2019-03-27,9,0,145,25.07,25.07,0.0,148.886959,0.0
2019-03-27,9,0,146,268.0,268.0,0.0,-268000.0,0.0
2019-03-27,9,0,152,3.42,3.42,0.0,20.828612,0.0
2019-03-27,9,0,153,4.38,4.38,0.0,26.665283,0.0
2019-03-27,9,0,154,17.02,17.02,0.0,101.640302,0.0
2019-03-27,9,0,157,203.09,203.09,0.0,-113587.503831,0.0
2019-03-27,9,0,158,109.41,109.41,0.0,-61192.618022,0.0
2019-03-27,9,0,159,0.0,0.0,0.0,0.0,0.0
2019-03-27,9,0,160,1.15,1.15,0.0,7.044223,0.0
2019-03-27,9,0,161,21.84,21.84,0.0,-9072.000045,0.0
2019-03-27,9,0,162,26.64,26.64,0.0,1000.631082,0.0
2019-03-27,9,0,163,168.74,168.74,0.0,-168740.0,0.0
2019-03-27,9,0,164,7.32,7.32,0.0,43.092297,0.0
2019-03-27,9,0,167,3.07,3.07,0.0,106.330464,0.0
2019-03-27,9,0,168,1.53,1.53,0.0,52.992056,0.0
2019-03-27,9,0,169,0.0,0.0,0.0,0.0,0.0
2019-03-27,9,0,170,3.36,3.36,0.0,116.37471,0.0
2019-03-27,9,0,172,4.06,4.06,0.0,61.21864,0.0
2019-03-27,9,0,173,6.19,6.19,0.0,93.335808,0.0
2019-03-27,9,0,188,5.41,5.41,0.0,112.242556,0.0
2019-03-27,9,0,190,4.15,4.15,0.0,134.574362,0.0
2019-03-27,9,0,191,10.71,10.71,0.0,347.299137,0.0
2019-03-27,9,0,192,200.12,200.12,0.0,6489.40273,0.0
2019-03-27,9,0,194,130.37,130.37,0.0,-17191.665287,0.0
2019-03-27,9,0,196,2.7,2.7,0.0,703.592736,0.0
2019-03-27,9,0,198,5.3,5.3,0.0,32.823233,0.0
2019-03-27,9,0,199,15.6,15.6,0.0,-514.340447,0.0
2019-03-27,9,0,200,9.56,9.56,0.0,-315.198377,0.0
2019-03-27,9,0,204,419.29,419.29,0.0,2524.338253,0.0
2019-03-27,9,0,205,882.05,882.05,0.0,5315.949789,0.0
2019-03-27,9,0,206,539.94,539.94,0.0,3177.684422,0.0
2019-03-27,9,0,210,1.29,1.29,0.0,8.05024,0.0
2019-03-27,9,0,214,6.78,6.78,0.0,42.112742,0.0
2019-03-27,9,0,217,4.75,4.75,0.0,29.566339,0.0
2019-03-27,9,0,218,6.56,6.56,0.0,40.83267,0.0
2019-03-27,9,0,219,4.47,4.47,0.0,27.823481,0.0
2019-03-27,9,0,221,3.62,3.62,0.0,22.484974,0.0
2019-03-27,9,0,225,3.74,3.74,0.0,23.302444,0.0
2019-03-27,9,0,233,3.48,3.48,0.0,21.524047,0.0
2019-03-27,9,0,236,89.13,89.13,0.0,545.145879,0.0
2019-03-27,9,0,237,144.22,144.22,0.0,878.033994,0.0
2019-03-27,9,0,238,30.85,30.85,0.0,189.14337,0.0
2019-03-27,9,0,240,5.28,5.28,0.0,32.067362,0.0
2019-03-27,9,0,245,78.0,78.0,0.0,479.486169,0.0
2019-03-27,9,0,247,171.72,171.72,0.0,1055.607244,0.0
2019-03-27,9,0,248,14.48,14.48,0.0,88.156512,0.0
2019-03-27,9,0,249,150.0,150.0,0.0,922.088787,0.0
2019-03-27,9,0,251,326.4,326.4,0.0,2002.778956,0.0
2019-03-27,9,0,252,267.06,267.06,0.0,1639.454434,0.0
2019-03-27,9,0,254,7.95,7.95,0.0,48.460018,0.0
2019-03-27,9,0,255,3.64,3.64,0.0,22.187983,0.0
2019-03-27,9,0,258,6.54,6.54,0.0,39.732739,0.0
2019-03-27,9,0,260,2.8,2.8,0.0,17.151152,0.0
2019-03-27,9,0,265,17.63,17.63,0.0,105.28311,0.0
2019-03-27,9,0,266,29.1,29.1,0.0,173.779835,0.0
2019-03-27,9,0,267,35.76,35.76,0.0,213.552127,0.0
2019-03-27,9,0,270,526.96,526.96,0.0,-526960.0,0.0
2019-03-27,9,0,272,281.31,281.31,0.0,-74911.483171,0.0
2019-03-27,9,0,273,11.79,11.79,0.0,-11790.0,0.0
2019-03-27,9,0,274,679.32,679.32,0.0,-679320.0,0.0
2019-03-27,9,0,275,945.62,945.62,0.0,-945620.0,0.0
2019-03-27,9,0,276,2.48,2.48,0.0,-2235.968462,0.0
2019-03-27,9,0,277,2.8,2.8,0.0,-778.478761,0.0
2019-03-27,9,0,278,4.48,4.48,0.0,-1245.566018,0.0
2019-03-27,9,0,279,227.61,227.61,0.0,-63281.982424,0.0
2019-03-27,9,0,281,12.58,12.58,0.0,74.057528,0.0
2019-03-27,9,0,282,113.3,113.3,0.0,666.988703,0.0
2019-03-27,10,0,9,2.16,2.16,0.0,-83.864466,0.0
2019-03-27,10,0,17,37.41,37.41,0.0,-3.65779,0.0
2019-03-27,10,0,19,349.46,349.46,0.0,-34.16871,0.0
2019-03-27,10,0,20,433.01,433.01,0.0,-42.337872,0.0
2019-03-27,10,0,21,49.49,49.49,0.0,-1921.505759,0.0
2019-03-27,10,0,22,175.88,175.88,0.0,-6828.741825,0.0
2019-03-27,10,0,23,108.8,108.8,0.0,-4224.284231,0.0
2019-03-27,10,0,24,192.5,192.5,0.0,-7474.032302,0.0
2019-03-27,10,0,29,6.82,6.82,0.0,33.803924,0.0
2019-03-27,10,0,30,383.38,383.38,0.0,-14976.95014,0.0
2019-03-27,10,0,31,75.42,75.42,0.0,-2946.323699,0.0
2019-03-27,10,0,32,4.39,4.39,0.0,103.32051,0.0
2019-03-27,10,0,33,2.07,2.07,0.0,14.576726,0.0
2019-03-27,10,0,34,3.31,3.31,0.0,23.308677,0.0
2019-03-27,10,0,35,3.31,3.31,0.0,23.308677,0.0
2019-03-27,10,0,36,8.19,8.19,0.0,-92.656352,0.0
2019-03-27,10,0,37,3.93,3.93,0.0,-45.138045,0.0
2019-03-27,10,0,38,5.05,5.05,0.0,-58.001814,0.0
2019-03-27,10,0,39,3.37,3.37,0.0,-38.706161,0.0
2019-03-27,10,0,40,3.37,3.37,0.0,-38.706161,0.0
2019-03-27,10,0,41,34.8,34.8,0.0,-914.558067,0.0
2019-03-27,10,0,42,42.3,42.3,0.0,-69.600689,0.0
2019-03-27,10,0,43,24.87,24.87,0.0,-242.946032,0.0
2019-03-27,10,0,46,21.1,21.1,0.0,-297.040633,0.0
2019-03-27,10,0,52,80.0,80.0,0.0,-3125.243913,0.0
2019-03-27,10,0,53,127.55,127.55,0.0,-4982.810763,0.0
2019-03-27,10,0,55,186.9,186.9,0.0,-7256.605908,0.0
2019-03-27,10,0,56,113.08,113.08,0.0,-4417.53227,0.0
2019-03-27,10,0,57,107.57,107.57,0.0,-4202.281096,0.0
2019-03-27,10,0,58,206.86,206.86,0.0,-8081.099447,0.0
2019-03-27,10,0,59,203.41,203.41,0.0,-7946.323303,0.0
2019-03-27,10,0,63,51.0,51.0,0.0,5170.953265,0.0
2019-03-27,10,0,64,60.0,60.0,0.0,6083.474429,0.0
2019-03-27,10,0,65,41.4,41.4,0.0,-15.950041,0.0
2019-03-27,10,0,67,228.46,228.46,0.0,-126931.399592,0.0
2019-03-27,10,0,68,34.0,34.0,0.0,-13956.167062,0.0
2019-03-27,10,0,69,2.07,2.07,0.0,14.576726,0.0
2019-03-27,10,0,74,106.28,106.28,0.0,-902.393031,0.0
2019-03-27,10,0,77,60.0,60.0,0.0,-17286.732123,0.0
2019-03-27,10,0,78,45.36,45.36,0.0,-13068.769485,0.0
2019-03-27,10,0,79,26.25,26.25,0.0,-7562.945304,0.0
2019-03-27,10,0,80,42.45,42.45,0.0,-12230.362977,0.0
2019-03-27,10,0,81,55.5,55.5,0.0,-15990.227214,0.0
2019-03-27,10,0,82,39.15,39.15,0.0,-11279.59271,0.0
2019-03-27,10,0,83,87.3,87.3,0.0,-25152.195239,0.0
2019-03-27,10,0,84,0.0,0.0,0.0,-0.0,0.0
2019-03-27,10,0,86,10.49,10.49,0.0,73.869494,0.0
2019-03-27,10,0,87,53.54,53.54,0.0,377.023135,0.0
2019-03-27,10,0,88,103.48,103.48,0.0,-29813.850669,0.0
2019-03-27,10,0,89,99.0,99.0,0.0,-28523.108003,0.0
2019-03-27,10,0,90,137.47,137.47,0.0,-39606.784416,0.0
2019-03-27,10,0,91,509.29,509.29,0.0,-146732.663384,0.0
2019-03-27,10,0,92,180.45,180.45,0.0,-51989.846861,0.0
2019-03-27,10,0,95,73.39,73.39,0.0,1935.874503,0.0
2019-03-27,10,0,96,29.88,29.88,0.0,-1174.754695,0.0
2019-03-27,10,0,97,183.75,183.75,0.0,-7224.269588,0.0
2019-03-27,10,0,99,21.85,21.85,0.0,-185.52209,0.0
2019-03-27,10,0,101,7.72,7.72,0.0,-301.586038,0.0
2019-03-27,10,0,102,80.5,80.5,0.0,-33043.277896,0.0
2019-03-27,10,0,103,70.0,70.0,0.0,-28733.285127,0.0
2019-03-27,10,0,104,13.0,13.0,0.0,-5336.181524,0.0
2019-03-27,10,0,106,173.13,173.13,0.0,-6721.969935,0.0
2019-03-27,10,0,109,171.07,171.07,0.0,-3110.374624,0.0
2019-03-27,10,0,110,338.6,338.6,0.0,-338600.0,0.0
2019-03-27,10,0,111,10.98,10.98,0.0,-288.558838,0.0
2019-03-27,10,0,113,150.0,150.0,0.0,-39545.400516,0.0
2019-03-27,10,0,115,150.0,150.0,0.0,-39545.400516,0.0
2019-03-27,10,0,116,66.47,66.47,0.0,-66470.0,0.0
2019-03-27,10,0,117,10.0,10.0,0.0,-2636.360034,0.0
2019-03-27,10,0,119,60.0,60.0,0.0,6083.474429,0.0
2019-03-27,10,0,120,35.28,35.28,0.0,3577.082964,0.0
2019-03-27,10,0,123,2.89,2.89,0.0,-112.20755,0.0
2019-03-27,10,0,125,174.2,174.2,0.0,-6763.513906,0.0
2019-03-27,10,0,126,129.85,129.85,0.0,-5041.574516,0.0
2019-03-27,10,0,127,166.64,166.64,0.0,-6469.988274,0.0
2019-03-27,10,0,128,249.5,249.5,0.0,-9687.122386,0.0
2019-03-27,10,0,131,40.31,40.31,0.0,-14983.96708,0.0
2019-03-27,10,0,132,65.03,65.03,0.0,-24172.844932,0.0
2019-03-27,10,0,133,41.94,41.94,0.0,-2.964727,0.0
2019-03-27,10,0,134,0.0,0.0,0.0,-0.0,0.0
2019-03-27,10,0,135,56.2,56.2,0.0,-3.972762,0.0
2019-03-27,10,0,136,45.9,45.9,0.0,-18.408166,0.0
2019-03-27,10,0,139,44.94,44.94,0.0,-1181.041366,0.0
2019-03-27,10,0,140,250.6,250.6,0.0,-250600.0,0.0
2019-03-27,10,0,141,230.0,230.0,0.0,-127787.01701,0.0
2019-03-27,10,0,142,301.28,301.28,0.0,-167389.880368,0.0
2019-03-27,10,0,143,65.2,65.2,0.0,-2547.073789,0.0
2019-03-27,10,0,145,56.19,56.19,0.0,-1759.445866,0.0
2019-03-27,10,0,146,268.0,268.0,0.0,-268000.0,0.0
2019-03-27,10,0,152,6.03,6.03,0.0,-49.735193,0.0
2019-03-27,10,0,153,7.68,7.68,0.0,-66.170219,0.0
2019-03-27,10,0,154,45.3,45.3,0.0,-1190.502311,0.0
2019-03-27,10,0,157,250.0,250.0,0.0,-138898.931532,0.0
2019-03-27,10,0,158,219.7,219.7,0.0,-122064.381031,0.0
2019-03-27,10,0,159,0.0,0.0,0.0,-0.0,0.0
2019-03-27,10,0,160,1.98,1.98,0.0,-8.567996,0.0
2019-03-27,10,0,161,42.49,42.49,0.0,-17441.104072,0.0
2019-03-27,10,0,162,74.41,74.41,0.0,2026.217216,0.0
2019-03-27,10,0,163,104.02,104.02,0.0,-104020.0,0.0
2019-03-27,10,0,164,14.15,14.15,0.0,-552.777517,0.0
2019-03-27,10,0,167,5.04,5.04,0.0,121.978302,0.0
2019-03-27,10,0,168,2.52,2.52,0.0,60.989151,0.0
2019-03-27,10,0,169,0.0,0.0,0.0,0.0,0.0
2019-03-27,10,0,170,5.51,5.51,0.0,133.353262,0.0
2019-03-27,10,0,172,6.66,6.66,0.0,103.621587,0.0
2019-03-27,10,0,173,10.15,10.15,0.0,157.921788,0.0
2019-03-27,10,0,188,8.88,8.88,0.0,86.035528,0.0
2019-03-27,10,0,190,6.89,6.89,0.0,223.425869,0.0
2019-03-27,10,0,191,17.8,17.8,0.0,577.210517,0.0
2019-03-27,10,0,192,316.51,316.51,0.0,10263.646103,0.0
2019-03-27,10,0,194,52.95,52.95,0.0,-7030.597734,0.0
2019-03-27,10,0,196,3.77,3.77,0.0,959.467006,0.0
2019-03-27,10,0,198,8.93,8.93,0.0,39.548205,0.0
2019-03-27,10,0,199,21.6,21.6,0.0,-380.092212,0.0
2019-03-27,10,0,200,15.98,15.98,0.0,-281.197849,0.0
2019-03-27,10,0,204,257.1,257.1,0.0,-4926.083905,0.0
2019-03-27,10,0,205,1010.31,1010.31,0.0,-18369.337621,0.0
2019-03-27,10,0,206,539.94,539.94,0.0,-21228.1476,0.0
2019-03-27,10,0,210,2.12,2.12,0.0,14.075753,0.0
2019-03-27,10,0,214,11.26,11.26,0.0,126.857311,0.0
2019-03-27,10,0,217,7.87,7.87,0.0,73.250747,0.0
2019-03-27,10,0,218,10.86,10.86,0.0,101.080447,0.0
2019-03-27,10,0,219,7.39,7.39,0.0,68.783103,0.0
2019-03-27,10,0,221,6.01,6.01,0.0,67.709808,0.0
2019-03-27,10,0,225,6.09,6.09,0.0,29.195841,0.0
2019-03-27,10,0,233,5.93,5.93,0.0,41.758446,0.0
2019-03-27,10,0,236,146.51,146.51,0.0,-590.324028,0.0
2019-03-27,10,0,237,248.36,248.36,0.0,-2108.753606,0.0
2019-03-27,10,0,238,55.06,55.06,0.0,-90.596075,0.0
2019-03-27,10,0,240,9.28,9.28,0.0,-104.987906,0.0
2019-03-27,10,0,245,78.0,78.0,0.0,74.834199,0.0
2019-03-27,10,0,247,171.72,171.72,0.0,164.750368,0.0
2019-03-27,10,0,248,27.11,27.11,0.0,-230.183243,0.0
2019-03-27,10,0,249,150.0,150.0,0.0,143.911922,0.0
2019-03-27,10,0,251,326.4,326.4,0.0,-279.815886,0.0
2019-03-27,10,0,252,267.06,267.06,0.0,-102.889321,0.0
2019-03-27,10,0,254,13.52,13.52,0.0,-113.611351,0.0
2019-03-27,10,0,255,6.2,6.2,0.0,-52.09988,0.0
2019-03-27,10,0,258,11.44,11.44,0.0,-126.570651,0.0
2019-03-27,10,0,260,4.8,4.8,0.0,-20.7709,0.0
2019-03-27,10,0,265,46.91,46.91,0.0,-1232.813762,0.0
2019-03-27,10,0,266,29.1,29.1,0.0,-764.759763,0.0
2019-03-27,10,0,267,35.76,35.76,0.0,-939.787255,0.0
2019-03-27,10,0,270,324.69,324.69,0.0,-324690.0,0.0
2019-03-27,10,0,272,501.3,501.3,0.0,-132160.728523,0.0
2019-03-27,10,0,273,15.89,15.89,0.0,-15890.0,0.0
2019-03-27,10,0,274,418.54,418.54,0.0,-418540.0,0.0
2019-03-27,10,0,275,582.57,582.57,0.0,-582570.0,0.0
2019-03-27,10,0,276,3.31,3.31,0.0,-2981.561629,0.0
2019-03-27,10,0,277,4.16,4.16,0.0,-1137.547451,0.0
2019-03-27,10,0,278,6.66,6.66,0.0,-1821.169717,0.0
2019-03-27,10,0,279,264.6,264.6,0.0,-72354.580647,0.0
2019-03-27,10,0,281,33.62,33.62,0.0,-1313.383754,0.0
2019-03-27,10,0,282,210.31,210.31,0.0,-8215.875591,0.0
2019-03-27,11,0,9,3.19,3.19,0.0,-1738.428804,0.0
2019-03-27,11,0,17,52.74,52.74,0.0,-522.549901,0.0
2019-03-27,11,0,19,192.99,192.99,0.0,-1912.152169,0.0
2019-03-27,11,0,20,234.06,234.06,0.0,-2319.075272,0.0
2019-03-27,11,0,21,73.0,73.0,0.0,-39782.226553,0.0
2019-03-27,11,0,22,259.45,259.45,0.0,-141390.392866,0.0
2019-03-27,11,0,23,61.07,61.07,0.0,-33280.829803,0.0
2019-03-27,11,0,24,108.0,108.0,0.0,-58855.896818,0.0
2019-03-27,11,0,29,9.9,9.9,0.0,34.526469,0.0
2019-03-27,11,0,30,574.67,574.67,0.0,-574670.0,0.0
2019-03-27,11,0,31,98.74,98.74,0.0,-98740.0,0.0
2019-03-27,11,0,32,6.23,6.23,0.0,202.310149,0.0
2019-03-27,11,0,33,2.93,2.93,0.0,22.443566,0.0
2019-03-27,11,0,34,4.69,4.69,0.0,35.925026,0.0
2019-03-27,11,0,35,4.69,4.69,0.0,35.925026,0.0
2019-03-27,11,0,36,11.84,11.84,0.0,-272.287014,0.0
2019-03-27,11,0,37,5.71,5.71,0.0,-117.493371,0.0
2019-03-27,11,0,38,7.34,7.34,0.0,-151.03351,0.0
2019-03-27,11,0,39,4.89,4.89,0.0,-100.620418,0.0
2019-03-27,11,0,40,4.89,4.89,0.0,-100.620418,0.0
2019-03-27,11,0,41,34.8,34.8,0.0,-6216.48436,0.0
2019-03-27,11,0,42,64.25,64.25,0.0,-881.262955,0.0
2019-03-27,11,0,43,35.86,35.86,0.0,-462.596562,0.0
2019-03-27,11,0,46,29.9,29.9,0.0,-64.614566,0.0
2019-03-27,11,0,52,104.96,104.96,0.0,-104960.0,0.0
2019-03-27,11,0,53,170.95,170.95,0.0,-170950.0,0.0
2019-03-27,11,0,55,460.54,460.54,0.0,-250976.80297,0.0
2019-03-27,11,0,56,169.51,169.51,0.0,-169510.0,0.0
2019-03-27,11,0,57,161.24,161.24,0.0,-161240.0,0.0
2019-03-27,11,0,58,310.08,310.08,0.0,-310080.0,0.0
2019-03-27,11,0,59,304.91,304.91,0.0,-304910.0,0.0
2019-03-27,11,0,63,51.0,51.0,0.0,5654.438544,0.0
2019-03-27,11,0,64,60.0,60.0,0.0,6652.28064,0.0
2019-03-27,11,0,65,41.4,41.4,0.0,-439.479259,0.0
2019-03-27,11,0,67,341.2,341.2,0.0,-186099.622564,0.0
2019-03-27,11,0,68,33.99,33.99,0.0,-13493.55096,0.0
2019-03-27,11,0,69,2.93,2.93,0.0,22.443566,0.0
2019-03-27,11,0,74,144.48,144.48,0.0,-5289.235401,0.0
2019-03-27,11,0,77,60.0,60.0,0.0,-16218.33023,0.0
2019-03-27,11,0,78,45.36,45.36,0.0,-12261.057654,0.0
2019-03-27,11,0,79,26.25,26.25,0.0,-7095.519475,0.0
2019-03-27,11,0,80,42.45,42.45,0.0,-11474.468637,0.0
2019-03-27,11,0,81,55.5,55.5,0.0,-15001.955462,0.0
2019-03-27,11,0,82,39.15,39.15,0.0,-10582.460475,0.0
2019-03-27,11,0,83,87.3,87.3,0.0,-23597.670484,0.0
2019-03-27,11,0,84,0.0,0.0,0.0,-0.0,0.0
2019-03-27,11,0,86,14.85,14.85,0.0,113.749816,0.0
2019-03-27,11,0,87,75.83,75.83,0.0,580.851756,0.0
2019-03-27,11,0,88,51.18,51.18,0.0,-13834.235686,0.0
2019-03-27,11,0,89,49.2,49.2,0.0,-13299.030788,0.0
2019-03-27,11,0,90,66.06,66.06,0.0,-17856.381583,0.0
2019-03-27,11,0,91,235.65,235.65,0.0,-63697.491977,0.0
2019-03-27,11,0,92,84.75,84.75,0.0,-22908.391449,0.0
2019-03-27,11,0,95,88.73,88.73,0.0,2254.957019,0.0
2019-03-27,11,0,96,31.88,31.88,0.0,-7178.027495,0.0
2019-03-27,11,0,97,234.28,234.28,0.0,-52749.946099,0.0
2019-03-27,11,0,99,31.0,31.0,0.0,-1134.871937,0.0
2019-03-27,11,0,101,11.58,11.58,0.0,-11580.0,0.0
2019-03-27,11,0,102,80.49,80.49,0.0,-31953.39561,0.0
2019-03-27,11,0,103,69.99,69.99,0.0,-27785.043593,0.0
2019-03-27,11,0,104,12.99,12.99,0.0,-5156.846925,0.0
2019-03-27,11,0,106,255.41,255.41,0.0,-139188.746355,0.0
2019-03-27,11,0,109,83.48,83.48,0.0,-2235.380311,0.0
2019-03-27,11,0,110,338.6,338.6,0.0,-338600.0,0.0
2019-03-27,11,0,111,16.12,16.12,0.0,-2879.589882,0.0
2019-03-27,11,0,113,84.2,84.2,0.0,-21071.212443,0.0
2019-03-27,11,0,115,84.2,84.2,0.0,-21071.212443,0.0
2019-03-27,11,0,116,96.99,96.99,0.0,-96990.0,0.0
2019-03-27,11,0,117,5.66,5.66,0.0,-1416.42592,0.0
2019-03-27,11,0,119,60.0,60.0,0.0,6652.28064,0.0
2019-03-27,11,0,120,35.28,35.28,0.0,3911.541016,0.0
2019-03-27,11,0,123,4.26,4.26,0.0,-2321.538152,0.0
2019-03-27,11,0,125,97.74,97.74,0.0,-53264.586621,0.0
2019-03-27,11,0,126,191.56,191.56,0.0,-104392.922172,0.0
2019-03-27,11,0,127,245.83,245.83,0.0,-133968.010323,0.0
2019-03-27,11,0,128,139.96,139.96,0.0,-76272.882581,0.0
2019-03-27,11,0,131,30.0,30.0,0.0,-10720.257514,0.0
2019-03-27,11,0,132,44.1,44.1,0.0,-15758.778545,0.0
2019-03-27,11,0,133,41.94,41.94,0.0,-412.747871,0.0
2019-03-27,11,0,134,0.0,0.0,0.0,-0.0,0.0
2019-03-27,11,0,135,56.2,56.2,0.0,-553.086083,0.0
2019-03-27,11,0,136,45.9,45.9,0.0,-489.031271,0.0
2019-03-27,11,0,139,44.94,44.94,0.0,-8027.839285,0.0
2019-03-27,11,0,140,250.6,250.6,0.0,-250600.0,0.0
2019-03-27,11,0,141,230.0,230.0,0.0,-125448.162924,0.0
2019-03-27,11,0,142,449.96,449.96,0.0,-245420.240823,0.0
2019-03-27,11,0,143,83.18,83.18,0.0,-83180.0,0.0
2019-03-27,11,0,145,100.0,100.0,0.0,-25552.82548,0.0
2019-03-27,11,0,146,268.0,268.0,0.0,-268000.0,0.0
2019-03-27,11,0,152,8.81,8.81,0.0,-231.244283,0.0
2019-03-27,11,0,153,10.96,10.96,0.0,-294.940715,0.0
2019-03-27,11,0,154,66.48,66.48,0.0,-11875.628742,0.0
2019-03-27,11,0,157,242.8,242.8,0.0,-132429.625904,0.0
2019-03-27,11,0,158,328.16,328.16,0.0,-178987.257153,0.0
2019-03-27,11,0,159,0.0,0.0,0.0,-0.0,0.0
2019-03-27,11,0,160,2.89,2.89,0.0,-14.2209,0.0
2019-03-27,11,0,161,63.05,63.05,0.0,-25029.961402,0.0
2019-03-27,11,0,162,162.5,162.5,0.0,4274.921229,0.0
2019-03-27,11,0,163,160.49,160.49,0.0,-160490.0,0.0
2019-03-27,11,0,164,20.9,20.9,0.0,-20900.0,0.0
2019-03-27,11,0,167,7.19,7.19,0.0,164.053028,0.0
2019-03-27,11,0,168,3.6,3.6,0.0,82.140598,0.0
2019-03-27,11,0,169,0.0,0.0,0.0,0.0,0.0
2019-03-27,11,0,170,7.87,7.87,0.0,179.568475,0.0
2019-03-27,11,0,172,9.63,9.63,0.0,118.578468,0.0
2019-03-27,11,0,173,14.68,14.68,0.0,180.761361,0.0
2019-03-27,11,0,188,12.64,12.64,0.0,193.091541,0.0
2019-03-27,11,0,190,9.81,9.81,0.0,318.114335,0.0
2019-03-27,11,0,191,25.34,25.34,0.0,821.714297,0.0
2019-03-27,11,0,192,332.6,332.6,0.0,10785.405497,0.0
2019-03-27,11,0,194,52.95,52.95,0.0,-6409.521477,0.0
2019-03-27,11,0,196,5.47,5.47,0.0,1464.003959,0.0
2019-03-27,11,0,198,12.84,12.84,0.0,99.230637,0.0
2019-03-27,11,0,199,38.91,38.91,0.0,83.780817,0.0
2019-03-27,11,0,200,22.37,22.37,0.0,48.166972,0.0
2019-03-27,11,0,204,257.1,257.1,0.0,2700.90158,0.0
2019-03-27,11,0,205,545.8,545.8,0.0,-14615.124263,0.0
2019-03-27,11,0,206,895.48,895.48,0.0,-201624.217743,0.0
2019-03-27,11,0,210,3.0,3.0,0.0,21.346459,0.0
2019-03-27,11,0,214,16.17,16.17,0.0,288.404246,0.0
2019-03-27,11,0,217,11.1,11.1,0.0,150.522915,0.0
2019-03-27,11,0,218,15.32,15.32,0.0,207.748744,0.0
2019-03-27,11,0,219,10.44,10.44,0.0,141.572904,0.0
2019-03-27,11,0,221,8.62,8.62,0.0,153.744255,0.0
2019-03-27,11,0,225,8.64,8.64,0.0,27.105051,0.0
2019-03-27,11,0,233,8.4,8.4,0.0,64.34333,0.0
2019-03-27,11,0,236,151.71,151.71,0.0,-2829.341955,0.0
2019-03-27,11,0,237,322.11,322.11,0.0,-11792.051598,0.0
2019-03-27,11,0,238,83.63,83.63,0.0,-1147.082038,0.0
2019-03-27,11,0,240,13.42,13.42,0.0,-308.622612,0.0
2019-03-27,11,0,245,78.0,78.0,0.0,-569.923184,0.0
2019-03-27,11,0,247,171.72,171.72,0.0,-1254.70781,0.0
2019-03-27,11,0,248,38.35,38.35,0.0,-1403.946412,0.0
2019-03-27,11,0,249,150.0,150.0,0.0,-1096.006124,0.0
2019-03-27,11,0,251,326.4,326.4,0.0,-3843.973635,0.0
2019-03-27,11,0,252,267.06,267.06,0.0,-2834.959681,0.0
2019-03-27,11,0,254,19.72,19.72,0.0,-214.904048,0.0
2019-03-27,11,0,255,9.04,9.04,0.0,-98.515852,0.0
2019-03-27,11,0,258,16.52,16.52,0.0,-352.97364,0.0
2019-03-27,11,0,260,7.01,7.01,0.0,-34.494294,0.0
2019-03-27,11,0,265,68.83,68.83,0.0,-12295.420071,0.0
2019-03-27,11,0,266,29.1,29.1,0.0,-5198.267094,0.0
2019-03-27,11,0,267,35.76,35.76,0.0,-6387.973583,0.0
2019-03-27,11,0,270,542.91,542.91,0.0,-542910.0,0.0
2019-03-27,11,0,272,281.17,281.17,0.0,-70363.334949,0.0
2019-03-27,11,0,273,23.19,23.19,0.0,-23190.0,0.0
2019-03-27,11,0,274,708.99,708.99,0.0,-708990.0,0.0
2019-03-27,11,0,275,1000.33,1000.33,0.0,-1000330.0,0.0
2019-03-27,11,0,276,4.89,4.89,0.0,-4393.681619,0.0
2019-03-27,11,0,277,6.08,6.08,0.0,-1570.413724,0.0
2019-03-27,11,0,278,9.73,9.73,0.0,-2513.178542,0.0
2019-03-27,11,0,279,264.6,264.6,0.0,-68343.992001,0.0
2019-03-27,11,0,281,43.05,43.05,0.0,-43050.0,0.0
2019-03-27,11,0,282,315.24,315.24,0.0,-315240.0,0.0
2019-03-27,12,0,9,4.05,4.05,0.0,-2000.074531,0.0
2019-03-27,12,0,17,64.9,64.9,0.0,-644.568834,0.0
2019-03-27,12,0,19,192.99,192.99,0.0,-1916.723256,0.0
2019-03-27,12,0,20,234.06,234.06,0.0,-2324.619127,0.0
2019-03-27,12,0,21,92.6,92.6,0.0,-45730.099142,0.0
2019-03-27,12,0,22,329.11,329.11,0.0,-162529.513269,0.0
2019-03-27,12,0,23,46.17,46.17,0.0,-22800.849648,0.0
2019-03-27,12,0,24,77.3,77.3,0.0,-38174.262027,0.0
2019-03-27,12,0,29,11.98,11.98,0.0,62.538094,0.0
2019-03-27,12,0,30,724.01,724.01,0.0,-724010.0,0.0
2019-03-27,12,0,31,117.1,117.1,0.0,-117100.0,0.0
2019-03-27,12,0,32,7.47,7.47,0.0,256.958602,0.0
2019-03-27,12,0,33,3.73,3.73,0.0,80.7909,0.0
2019-03-27,12,0,34,5.97,5.97,0.0,129.30876,0.0
2019-03-27,12,0,35,5.97,5.97,0.0,129.30876,0.0
2019-03-27,12,0,36,15.19,15.19,0.0,-900.865306,0.0
2019-03-27,12,0,37,7.34,7.34,0.0,-440.422415,0.0
2019-03-27,12,0,38,9.43,9.43,0.0,-565.828797,0.0
2019-03-27,12,0,39,6.29,6.29,0.0,-377.419208,0.0
2019-03-27,12,0,40,6.29,6.29,0.0,-377.419208,0.0
2019-03-27,12,0,41,34.8,34.8,0.0,-4514.180766,0.0
2019-03-27,12,0,42,83.93,83.93,0.0,-1408.315938,0.0
2019-03-27,12,0,43,45.61,45.61,0.0,-2402.176567,0.0
2019-03-27,12,0,46,37.5,37.5,0.0,-2659.291463,0.0
2019-03-27,12,0,52,124.12,124.12,0.0,-124120.0,0.0
2019-03-27,12,0,53,197.19,197.19,0.0,-197190.0,0.0
2019-03-27,12,0,55,623.0,623.0,0.0,-307665.785806,0.0
2019-03-27,12,0,56,213.56,213.56,0.0,-213560.0,0.0
2019-03-27,12,0,57,203.14,203.14,0.0,-203140.0,0.0
2019-03-27,12,0,58,390.65,390.65,0.0,-390650.0,0.0
2019-03-27,12,0,59,384.14,384.14,0.0,-384140.0,0.0
2019-03-27,12,0,63,51.0,51.0,0.0,6086.058167,0.0
2019-03-27,12,0,64,60.0,60.0,0.0,7160.068432,0.0
2019-03-27,12,0,65,41.4,41.4,0.0,-463.837631,0.0
2019-03-27,12,0,67,436.38,436.38,0.0,-229933.406888,0.0
2019-03-27,12,0,68,34.0,34.0,0.0,-12662.406865,0.0
2019-03-27,12,0,69,3.73,3.73,0.0,80.7909,0.0
2019-03-27,12,0,74,217.6,217.6,0.0,-10291.776701,0.0
2019-03-27,12,0,77,60.0,60.0,0.0,-14225.230012,0.0
2019-03-27,12,0,78,45.36,45.36,0.0,-10754.273889,0.0
2019-03-27,12,0,79,26.25,26.25,0.0,-6223.53813,0.0
2019-03-27,12,0,80,42.45,42.45,0.0,-10064.350233,0.0
2019-03-27,12,0,81,55.5,55.5,0.0,-13158.337761,0.0
2019-03-27,12,0,82,39.15,39.15,0.0,-9281.962583,0.0
2019-03-27,12,0,83,87.3,87.3,0.0,-20697.709667,0.0
2019-03-27,12,0,84,0.0,0.0,0.0,-0.0,0.0
2019-03-27,12,0,86,18.91,18.91,0.0,409.586039,0.0
2019-03-27,12,0,87,96.54,96.54,0.0,2091.033113,0.0
2019-03-27,12,0,88,51.18,51.18,0.0,-12134.1212,0.0
2019-03-27,12,0,89,49.2,49.2,0.0,-11664.68861,0.0
2019-03-27,12,0,90,66.06,66.06,0.0,-15661.978243,0.0
2019-03-27,12,0,91,235.65,235.65,0.0,-55869.590872,0.0
2019-03-27,12,0,92,84.75,84.75,0.0,-20093.137392,0.0
2019-03-27,12,0,95,120.0,120.0,0.0,3049.643213,0.0
2019-03-27,12,0,96,29.88,29.88,0.0,-4156.809778,0.0
2019-03-27,12,0,97,183.76,183.76,0.0,-25564.101903,0.0
2019-03-27,12,0,99,42.0,42.0,0.0,-1986.464253,0.0
2019-03-27,12,0,101,14.58,14.58,0.0,-14580.0,0.0
2019-03-27,12,0,102,80.5,80.5,0.0,-29980.110372,0.0
2019-03-27,12,0,103,70.0,70.0,0.0,-26069.661193,0.0
2019-03-27,12,0,104,13.0,13.0,0.0,-4841.508507,0.0
2019-03-27,12,0,106,323.98,323.98,0.0,-159996.085531,0.0
2019-03-27,12,0,109,60.0,60.0,0.0,-5299.399677,0.0
2019-03-27,12,0,110,338.6,338.6,0.0,-338600.0,0.0
2019-03-27,12,0,111,21.46,21.46,0.0,-2783.744805,0.0
2019-03-27,12,0,113,45.0,45.0,0.0,-10246.451854,0.0
2019-03-27,12,0,115,45.0,45.0,0.0,-10246.451854,0.0
2019-03-27,12,0,116,122.34,122.34,0.0,-122340.0,0.0
2019-03-27,12,0,117,3.0,3.0,0.0,-683.09679,0.0
2019-03-27,12,0,119,60.0,60.0,0.0,7160.068432,0.0
2019-03-27,12,0,120,35.28,35.28,0.0,4210.120238,0.0
2019-03-27,12,0,123,5.4,5.4,0.0,-2666.766041,0.0
2019-03-27,12,0,125,70.73,70.73,0.0,-34929.696677,0.0
2019-03-27,12,0,126,242.98,242.98,0.0,-119994.59492,0.0
2019-03-27,12,0,127,311.83,311.83,0.0,-153995.861939,0.0
2019-03-27,12,0,128,96.96,96.96,0.0,-47883.265797,0.0
2019-03-27,12,0,131,30.0,30.0,0.0,-9934.948486,0.0
2019-03-27,12,0,132,44.1,44.1,0.0,-14604.374274,0.0
2019-03-27,12,0,133,41.94,41.94,0.0,-411.509973,0.0
2019-03-27,12,0,134,0.0,0.0,0.0,-0.0,0.0
2019-03-27,12,0,135,56.2,56.2,0.0,-551.427289,0.0
2019-03-27,12,0,136,45.9,45.9,0.0,-517.460185,0.0
2019-03-27,12,0,139,44.94,44.94,0.0,-5829.519644,0.0
2019-03-27,12,0,140,250.6,250.6,0.0,-250600.0,0.0
2019-03-27,12,0,141,230.0,230.0,0.0,-121189.52194,0.0
2019-03-27,12,0,142,575.47,575.47,0.0,-303221.453004,0.0
2019-03-27,12,0,143,104.51,104.51,0.0,-104510.0,0.0
2019-03-27,12,0,145,56.25,56.25,0.0,-8084.780392,0.0
2019-03-27,12,0,146,268.0,268.0,0.0,-268000.0,0.0
2019-03-27,12,0,152,11.28,11.28,0.0,-517.237641,0.0
2019-03-27,12,0,153,14.12,14.12,0.0,-670.323953,0.0
2019-03-27,12,0,154,88.53,88.53,0.0,-11483.920206,0.0
2019-03-27,12,0,157,236.22,236.22,0.0,-124466.908142,0.0
2019-03-27,12,0,158,424.18,424.18,0.0,-223505.093116,0.0
2019-03-27,12,0,159,0.0,0.0,0.0,-0.0,0.0
2019-03-27,12,0,160,3.65,3.65,0.0,-107.656386,0.0
2019-03-27,12,0,161,79.58,79.58,0.0,-29637.480539,0.0
2019-03-27,12,0,162,162.5,162.5,0.0,4295.406926,0.0
2019-03-27,12,0,163,185.4,185.4,0.0,-185400.0,0.0
2019-03-27,12,0,164,27.1,27.1,0.0,-27100.0,0.0
2019-03-27,12,0,167,8.8,8.8,0.0,199.027246,0.0
2019-03-27,12,0,168,4.4,4.4,0.0,99.513623,0.0
2019-03-27,12,0,169,0.0,0.0,0.0,0.0,0.0
2019-03-27,12,0,170,9.63,9.63,0.0,217.799134,0.0
2019-03-27,12,0,172,11.57,11.57,0.0,194.847384,0.0
2019-03-27,12,0,173,17.63,17.63,0.0,296.90228,0.0
2019-03-27,12,0,188,15.07,15.07,0.0,218.413367,0.0
2019-03-27,12,0,190,12.0,12.0,0.0,389.130685,0.0
2019-03-27,12,0,191,31.0,31.0,0.0,1005.254271,0.0
2019-03-27,12,0,192,332.6,332.6,0.0,10785.405497,0.0
2019-03-27,12,0,194,52.95,52.95,0.0,-5503.929352,0.0
2019-03-27,12,0,196,6.98,6.98,0.0,1973.210607,0.0
2019-03-27,12,0,198,15.87,15.87,0.0,116.597842,0.0
2019-03-27,12,0,199,95.59,95.59,0.0,4531.991081,0.0
2019-03-27,12,0,200,27.19,27.19,0.0,1289.097578,0.0
2019-03-27,12,0,204,257.1,257.1,0.0,-23765.209917,0.0
2019-03-27,12,0,205,317.4,317.4,0.0,-28033.824292,0.0
2019-03-27,12,0,206,539.95,539.95,0.0,-75116.112443,0.0
2019-03-27,12,0,210,3.66,3.66,0.0,46.938492,0.0
2019-03-27,12,0,214,20.51,20.51,0.0,827.436855,0.0
2019-03-27,12,0,217,13.76,13.76,0.0,393.561793,0.0
2019-03-27,12,0,218,18.99,18.99,0.0,543.149596,0.0
2019-03-27,12,0,219,12.93,12.93,0.0,369.822237,0.0
2019-03-27,12,0,221,10.94,10.94,0.0,441.353447,0.0
2019-03-27,12,0,225,10.57,10.57,0.0,47.415086,0.0
2019-03-27,12,0,233,10.7,10.7,0.0,231.759419,0.0
2019-03-27,12,0,236,159.03,159.03,0.0,-4340.315912,0.0
2019-03-27,12,0,237,522.0,522.0,0.0,-24688.912859,0.0
2019-03-27,12,0,238,109.24,109.24,0.0,-1833.008853,0.0
2019-03-27,12,0,240,17.22,17.22,0.0,-1021.257444,0.0
2019-03-27,12,0,245,78.0,78.0,0.0,-409.803882,0.0
2019-03-27,12,0,247,171.72,171.72,0.0,-902.199008,0.0
2019-03-27,12,0,248,52.4,52.4,0.0,-2478.35064,0.0
2019-03-27,12,0,249,150.0,150.0,0.0,-788.084389,0.0
2019-03-27,12,0,251,326.4,326.4,0.0,-4338.625865,0.0
2019-03-27,12,0,252,267.06,267.06,0.0,-2992.088832,0.0
2019-03-27,12,0,254,25.59,25.59,0.0,-1198.964924,0.0
2019-03-27,12,0,255,11.73,11.73,0.0,-549.584156,0.0
2019-03-27,12,0,258,21.0,21.0,0.0,-1222.919581,0.0
2019-03-27,12,0,260,8.86,8.86,0.0,-261.324816,0.0
2019-03-27,12,0,265,91.66,91.66,0.0,-11889.937039,0.0
2019-03-27,12,0,266,29.1,29.1,0.0,-3774.789088,0.0
2019-03-27,12,0,267,35.76,35.76,0.0,-4638.70989,0.0
2019-03-27,12,0,270,579.0,579.0,0.0,-579000.0,0.0
2019-03-27,12,0,272,150.39,150.39,0.0,-34243.642097,0.0
2019-03-27,12,0,273,29.26,29.26,0.0,-29260.0,0.0
2019-03-27,12,0,274,746.4,746.4,0.0,-746400.0,0.0
2019-03-27,12,0,275,1039.0,1039.0,0.0,-1039000.0,0.0
2019-03-27,12,0,276,6.19,6.19,0.0,-5536.145376,0.0
2019-03-27,12,0,277,7.64,7.64,0.0,-1768.375988,0.0
2019-03-27,12,0,278,12.23,12.23,0.0,-2830.790359,0.0
2019-03-27,12,0,279,264.6,264.6,0.0,-61245.063685,0.0
2019-03-27,12,0,281,52.55,52.55,0.0,-52550.0,0.0
2019-03-27,12,0,282,397.16,397.16,0.0,-397160.0,0.0
2019-03-27,13,0,9,4.5,4.5,0.0,-2496.851837,0.0
2019-03-27,13,0,17,72.01,72.01,0.0,-832.852075,0.0
2019-03-27,13,0,19,192.99,192.99,0.0,-2232.080571,0.0
2019-03-27,13,0,20,234.06,234.06,0.0,-2707.087302,0.0
2019-03-27,13,0,21,102.95,102.95,0.0,-57122.421474,0.0
2019-03-27,13,0,22,365.89,365.89,0.0,-203016.248597,0.0
2019-03-27,13,0,23,90.35,90.35,0.0,-50131.23633,0.0
2019-03-27,13,0,24,157.79,157.79,0.0,-87550.722529,0.0
2019-03-27,13,0,29,13.06,13.06,0.0,68.175919,0.0
2019-03-27,13,0,30,828.87,828.87,0.0,-828870.0,0.0
2019-03-27,13,0,31,125.0,125.0,0.0,-125000.0,0.0
2019-03-27,13,0,32,7.94,7.94,0.0,263.069978,0.0
2019-03-27,13,0,33,4.22,4.22,0.0,12.414625,0.0
2019-03-27,13,0,34,6.75,6.75,0.0,19.857517,0.0
2019-03-27,13,0,35,6.75,6.75,0.0,19.857517,0.0
2019-03-27,13,0,36,16.66,16.66,0.0,-282.828705,0.0
2019-03-27,13,0,37,8.07,8.07,0.0,-112.399542,0.0
2019-03-27,13,0,38,10.38,10.38,0.0,-144.573389,0.0
2019-03-27,13,0,39,6.92,6.92,0.0,-96.382259,0.0
2019-03-27,13,0,40,6.92,6.92,0.0,-96.382259,0.0
2019-03-27,13,0,41,34.8,34.8,0.0,-6561.678639,0.0
2019-03-27,13,0,42,86.3,86.3,0.0,-1269.518814,0.0
2019-03-27,13,0,43,51.22,51.22,0.0,-313.937362,0.0
2019-03-27,13,0,46,43.5,43.5,0.0,441.471696,0.0
2019-03-27,13,0,52,132.5,132.5,0.0,-132500.0,0.0
2019-03-27,13,0,53,210.5,210.5,0.0,-210500.0,0.0
2019-03-27,13,0,55,623.0,623.0,0.0,-345675.265451,0.0
2019-03-27,13,0,56,244.49,244.49,0.0,-244490.0,0.0
2019-03-27,13,0,57,232.56,232.56,0.0,-232560.0,0.0
2019-03-27,13,0,58,447.23,447.23,0.0,-447230.0,0.0
2019-03-27,13,0,59,439.78,439.78,0.0,-439780.0,0.0
2019-03-27,13,0,63,51.0,51.0,0.0,5610.309428,0.0
2019-03-27,13,0,64,60.0,60.0,0.0,6600.364034,0.0
2019-03-27,13,0,65,41.4,41.4,0.0,-503.008265,0.0
2019-03-27,13,0,67,480.81,480.81,0.0,-263853.659784,0.0
2019-03-27,13,0,68,34.0,34.0,0.0,-13648.266738,0.0
2019-03-27,13,0,69,4.22,4.22,0.0,12.414625,0.0
2019-03-27,13,0,74,217.6,217.6,0.0,-7789.864211,0.0
2019-03-27,13,0,77,60.0,60.0,0.0,-16582.381063,0.0
2019-03-27,13,0,78,45.36,45.36,0.0,-12536.280084,0.0
2019-03-27,13,0,79,26.25,26.25,0.0,-7254.791715,0.0
2019-03-27,13,0,80,42.45,42.45,0.0,-11732.034602,0.0
2019-03-27,13,0,81,55.5,55.5,0.0,-15338.702484,0.0
2019-03-27,13,0,82,39.15,39.15,0.0,-10820.003644,0.0
2019-03-27,13,0,83,87.3,87.3,0.0,-24127.364447,0.0
2019-03-27,13,0,84,0.0,0.0,0.0,-0.0,0.0
2019-03-27,13,0,86,21.38,21.38,0.0,62.896846,0.0
2019-03-27,13,0,87,109.13,109.13,0.0,321.044566,0.0
2019-03-27,13,0,88,51.18,51.18,0.0,-14144.771047,0.0
2019-03-27,13,0,89,49.2,49.2,0.0,-13597.552472,0.0
2019-03-27,13,0,90,66.06,66.06,0.0,-18257.201551,0.0
2019-03-27,13,0,91,235.65,235.65,0.0,-65127.301627,0.0
2019-03-27,13,0,92,84.75,84.75,0.0,-23422.613252,0.0
2019-03-27,13,0,95,120.0,120.0,0.0,3049.643213,0.0
2019-03-27,13,0,96,29.88,29.88,0.0,-7224.978378,0.0
2019-03-27,13,0,97,183.75,183.75,0.0,-44430.715427,0.0
2019-03-27,13,0,99,42.0,42.0,0.0,-1503.55835,0.0
2019-03-27,13,0,101,16.7,16.7,0.0,-16700.0,0.0
2019-03-27,13,0,102,80.5,80.5,0.0,-32314.278599,0.0
2019-03-27,13,0,103,70.0,70.0,0.0,-28099.372695,0.0
2019-03-27,13,0,104,13.0,13.0,0.0,-5218.454929,0.0
2019-03-27,13,0,106,360.19,360.19,0.0,-199853.569603,0.0
2019-03-27,13,0,109,60.0,60.0,0.0,-950.43664,0.0
2019-03-27,13,0,110,338.6,338.6,0.0,-338600.0,0.0
2019-03-27,13,0,111,25.99,25.99,0.0,-4900.518041,0.0
2019-03-27,13,0,113,45.0,45.0,0.0,-11437.205039,0.0
2019-03-27,13,0,115,45.0,45.0,0.0,-11437.205039,0.0
2019-03-27,13,0,116,132.56,132.56,0.0,-132560.0,0.0
2019-03-27,13,0,117,3.0,3.0,0.0,-762.480336,0.0
2019-03-27,13,0,119,60.0,60.0,0.0,6600.364034,0.0
2019-03-27,13,0,120,35.28,35.28,0.0,3881.014052,0.0
2019-03-27,13,0,123,6.0,6.0,0.0,-3329.135783,0.0
2019-03-27,13,0,125,143.27,143.27,0.0,-79494.213934,0.0
2019-03-27,13,0,126,270.14,270.14,0.0,-149888.790062,0.0
2019-03-27,13,0,127,346.68,346.68,0.0,-192357.465532,0.0
2019-03-27,13,0,128,202.25,202.25,0.0,-112219.61868,0.0
2019-03-27,13,0,131,30.0,30.0,0.0,-10862.013174,0.0
2019-03-27,13,0,132,44.1,44.1,0.0,-15967.159366,0.0
2019-03-27,13,0,133,41.94,41.94,0.0,-482.760663,0.0
2019-03-27,13,0,134,0.0,0.0,0.0,-0.0,0.0
2019-03-27,13,0,135,56.2,56.2,0.0,-646.903893,0.0
2019-03-27,13,0,136,45.9,45.9,0.0,-559.155089,0.0
2019-03-27,13,0,139,44.94,44.94,0.0,-8473.616036,0.0
2019-03-27,13,0,140,250.6,250.6,0.0,-250600.0,0.0
2019-03-27,13,0,141,230.0,230.0,0.0,-126216.887649,0.0
2019-03-27,13,0,142,634.06,634.06,0.0,-347952.520794,0.0
2019-03-27,13,0,143,130.0,130.0,0.0,-130000.0,0.0
2019-03-27,13,0,145,100.0,100.0,0.0,-27723.584794,0.0
2019-03-27,13,0,146,268.0,268.0,0.0,-268000.0,0.0
2019-03-27,13,0,152,12.31,12.31,0.0,-291.972358,0.0
2019-03-27,13,0,153,15.47,15.47,0.0,-374.03321,0.0
2019-03-27,13,0,154,107.22,107.22,0.0,-20216.758152,0.0
2019-03-27,13,0,157,230.61,230.61,0.0,-126551.636785,0.0
2019-03-27,13,0,158,486.66,486.66,0.0,-267063.958883,0.0
2019-03-27,13,0,159,0.0,0.0,0.0,-0.0,0.0
2019-03-27,13,0,160,4.01,4.01,0.0,-3.752057,0.0
2019-03-27,13,0,161,88.36,88.36,0.0,-35469.436733,0.0
2019-03-27,13,0,162,162.5,162.5,0.0,4270.693275,0.0
2019-03-27,13,0,163,104.55,104.55,0.0,-104550.0,0.0
2019-03-27,13,0,164,29.18,29.18,0.0,-29180.0,0.0
2019-03-27,13,0,167,9.31,9.31,0.0,212.429534,0.0
2019-03-27,13,0,168,4.66,4.66,0.0,106.328854,0.0
2019-03-27,13,0,169,0.0,0.0,0.0,0.0,0.0
2019-03-27,13,0,170,10.19,10.19,0.0,232.508803,0.0
2019-03-27,13,0,172,12.3,12.3,0.0,132.098613,0.0
2019-03-27,13,0,173,18.74,18.74,0.0,201.26244,0.0
2019-03-27,13,0,188,16.28,16.28,0.0,263.882206,0.0
2019-03-27,13,0,190,10.19,10.19,0.0,330.436807,0.0
2019-03-27,13,0,191,26.34,26.34,0.0,854.141854,0.0
2019-03-27,13,0,192,332.6,332.6,0.0,10785.405497,0.0
2019-03-27,13,0,194,52.95,52.95,0.0,-6552.799628,0.0
2019-03-27,13,0,196,7.24,7.24,0.0,1922.950978,0.0
2019-03-27,13,0,198,17.41,17.41,0.0,130.967698,0.0
2019-03-27,13,0,199,73.53,73.53,0.0,-414.695712,0.0
2019-03-27,13,0,200,30.55,30.55,0.0,-172.296396,0.0
2019-03-27,13,0,204,257.1,257.1,0.0,7545.367989,0.0
2019-03-27,13,0,205,317.4,317.4,0.0,-5027.809827,0.0
2019-03-27,13,0,206,539.94,539.94,0.0,-130557.39041,0.0
2019-03-27,13,0,210,3.93,3.93,0.0,31.056272,0.0
2019-03-27,13,0,214,21.88,21.88,0.0,246.504259,0.0
2019-03-27,13,0,217,14.93,14.93,0.0,152.706021,0.0
2019-03-27,13,0,218,20.61,20.61,0.0,210.801814,0.0
2019-03-27,13,0,219,14.04,14.04,0.0,143.602983,0.0
2019-03-27,13,0,221,11.67,11.67,0.0,131.476449,0.0
2019-03-27,13,0,225,11.5,11.5,0.0,57.053625,0.0
2019-03-27,13,0,233,12.09,12.09,0.0,35.567019,0.0
2019-03-27,13,0,236,319.85,319.85,0.0,-5900.629368,0.0
2019-03-27,13,0,237,522.0,522.0,0.0,-18687.082345,0.0
2019-03-27,13,0,238,112.33,112.33,0.0,-1652.433933,0.0
2019-03-27,13,0,240,18.88,18.88,0.0,-320.516564,0.0
2019-03-27,13,0,245,78.0,78.0,0.0,-734.572993,0.0
2019-03-27,13,0,247,171.72,171.72,0.0,-1617.190698,0.0
2019-03-27,13,0,248,52.4,52.4,0.0,-1875.868036,0.0
2019-03-27,13,0,249,150.0,150.0,0.0,-1412.640372,0.0
2019-03-27,13,0,251,326.4,326.4,0.0,-4278.802278,0.0
2019-03-27,13,0,252,267.06,267.06,0.0,-3244.767806,0.0
2019-03-27,13,0,254,28.85,28.85,0.0,-139.228854,0.0
2019-03-27,13,0,255,13.23,13.23,0.0,-63.847409,0.0
2019-03-27,13,0,258,23.1,23.1,0.0,-351.687856,0.0
2019-03-27,13,0,260,9.73,9.73,0.0,-9.104119,0.0
2019-03-27,13,0,265,111.01,111.01,0.0,-20931.377751,0.0
2019-03-27,13,0,266,29.1,29.1,0.0,-5486.920931,0.0
2019-03-27,13,0,267,35.76,35.76,0.0,-6742.690464,0.0
2019-03-27,13,0,270,325.32,325.32,0.0,-325320.0,0.0
2019-03-27,13,0,272,150.39,150.39,0.0,-38223.13924,0.0
2019-03-27,13,0,273,31.7,31.7,0.0,-31700.0,0.0
2019-03-27,13,0,274,419.18,419.18,0.0,-419180.0,0.0
2019-03-27,13,0,275,583.24,583.24,0.0,-583240.0,0.0
2019-03-27,13,0,276,7.54,7.54,0.0,-6780.342432,0.0
2019-03-27,13,0,277,10.72,10.72,0.0,-2820.063493,0.0
2019-03-27,13,0,278,17.16,17.16,0.0,-4514.206114,0.0
2019-03-27,13,0,279,378.16,378.16,0.0,-99480.896507,0.0
2019-03-27,13,0,281,56.1,56.1,0.0,-56100.0,0.0
2019-03-27,13,0,282,454.69,454.69,0.0,-454690.0,0.0
2019-03-27,14,0,9,4.64,4.64,0.0,-2592.806765,0.0
2019-03-27,14,0,17,73.47,73.47,0.0,-725.66861,0.0
2019-03-27,14,0,19,192.99,192.99,0.0,-1906.176466,0.0
2019-03-27,14,0,20,234.06,234.06,0.0,-2311.827886,0.0
2019-03-27,14,0,21,106.11,106.11,0.0,-59293.690906,0.0
2019-03-27,14,0,22,377.09,377.09,0.0,-210715.841143,0.0
2019-03-27,14,0,23,42.61,42.61,0.0,-23810.236259,0.0
2019-03-27,14,0,24,73.27,73.27,0.0,-40942.877511,0.0
2019-03-27,14,0,29,13.02,13.02,0.0,62.245117,0.0
2019-03-27,14,0,30,876.93,876.93,0.0,-876930.0,0.0
2019-03-27,14,0,31,125.0,125.0,0.0,-125000.0,0.0
2019-03-27,14,0,32,7.87,7.87,0.0,262.980381,0.0
2019-03-27,14,0,33,4.27,4.27,0.0,15.979803,0.0
2019-03-27,14,0,34,6.83,6.83,0.0,25.560201,0.0
2019-03-27,14,0,35,6.83,6.83,0.0,25.560201,0.0
2019-03-27,14,0,36,17.16,17.16,0.0,-219.946256,0.0
2019-03-27,14,0,37,8.11,8.11,0.0,-77.314081,0.0
2019-03-27,14,0,38,10.42,10.42,0.0,-99.335724,0.0
2019-03-27,14,0,39,6.95,6.95,0.0,-66.255594,0.0
2019-03-27,14,0,40,6.95,6.95,0.0,-66.255594,0.0
2019-03-27,14,0,41,34.8,34.8,0.0,-6675.272631,0.0
2019-03-27,14,0,42,89.03,89.03,0.0,-1142.191315,0.0
2019-03-27,14,0,43,52.12,52.12,0.0,-91.982068,0.0
2019-03-27,14,0,46,43.86,43.86,0.0,744.940896,0.0
2019-03-27,14,0,52,132.5,132.5,0.0,-132500.0,0.0
2019-03-27,14,0,53,210.5,210.5,0.0,-210500.0,0.0
2019-03-27,14,0,55,623.0,623.0,0.0,-348129.011726,0.0
2019-03-27,14,0,56,258.66,258.66,0.0,-258660.0,0.0
2019-03-27,14,0,57,246.05,246.05,0.0,-246050.0,0.0
2019-03-27,14,0,58,473.16,473.16,0.0,-473160.0,0.0
2019-03-27,14,0,59,465.28,465.28,0.0,-465280.0,0.0
2019-03-27,14,0,63,51.0,51.0,0.0,5591.854633,0.0
2019-03-27,14,0,64,60.0,60.0,0.0,6578.65251,0.0
2019-03-27,14,0,65,41.4,41.4,0.0,-431.614978,0.0
2019-03-27,14,0,67,484.86,484.86,0.0,-266738.917017,0.0
2019-03-27,14,0,68,19.16,19.16,0.0,-7725.941147,0.0
2019-03-27,14,0,69,4.27,4.27,0.0,15.979803,0.0
2019-03-27,14,0,74,217.6,217.6,0.0,-7298.80769,0.0
2019-03-27,14,0,77,60.0,60.0,0.0,-16730.587489,0.0
2019-03-27,14,0,78,45.36,45.36,0.0,-12648.324142,0.0
2019-03-27,14,0,79,26.25,26.25,0.0,-7319.632026,0.0
2019-03-27,14,0,80,42.45,42.45,0.0,-11836.890648,0.0
2019-03-27,14,0,81,55.5,55.5,0.0,-15475.793427,0.0
2019-03-27,14,0,82,39.15,39.15,0.0,-10916.708336,0.0
2019-03-27,14,0,83,87.3,87.3,0.0,-24343.004796,0.0
2019-03-27,14,0,84,0.0,0.0,0.0,-0.0,0.0
2019-03-27,14,0,86,21.64,21.64,0.0,80.984297,0.0
2019-03-27,14,0,87,110.48,110.48,0.0,413.454024,0.0
2019-03-27,14,0,88,51.18,51.18,0.0,-14271.191128,0.0
2019-03-27,14,0,89,49.2,49.2,0.0,-13719.081741,0.0
2019-03-27,14,0,90,66.06,66.06,0.0,-18420.376825,0.0
2019-03-27,14,0,91,235.65,235.65,0.0,-65709.382363,0.0
2019-03-27,14,0,92,84.75,84.75,0.0,-23631.954828,0.0
2019-03-27,14,0,95,120.0,120.0,0.0,3049.643213,0.0
2019-03-27,14,0,96,31.39,31.39,0.0,-7798.215133,0.0
2019-03-27,14,0,97,210.51,210.51,0.0,-52296.982086,0.0
2019-03-27,14,0,99,42.0,42.0,0.0,-1408.77722,0.0
2019-03-27,14,0,101,17.66,17.66,0.0,-17660.0,0.0
2019-03-27,14,0,102,45.25,45.25,0.0,-18246.285852,0.0
2019-03-27,14,0,103,39.36,39.36,0.0,-15871.244445,0.0
2019-03-27,14,0,104,7.37,7.37,0.0,-2971.826005,0.0
2019-03-27,14,0,106,371.22,371.22,0.0,-207435.717068,0.0
2019-03-27,14,0,109,60.0,60.0,0.0,-575.698694,0.0
2019-03-27,14,0,110,338.6,338.6,0.0,-338600.0,0.0
2019-03-27,14,0,111,26.99,26.99,0.0,-5177.172652,0.0
2019-03-27,14,0,113,45.0,45.0,0.0,-11510.289329,0.0
2019-03-27,14,0,115,45.0,45.0,0.0,-11510.289329,0.0
2019-03-27,14,0,116,137.1,137.1,0.0,-137100.0,0.0
2019-03-27,14,0,117,3.0,3.0,0.0,-767.352622,0.0
2019-03-27,14,0,119,60.0,60.0,0.0,6578.65251,0.0
2019-03-27,14,0,120,35.28,35.28,0.0,3868.247676,0.0
2019-03-27,14,0,123,6.19,6.19,0.0,-3458.938335,0.0
2019-03-27,14,0,125,66.79,66.79,0.0,-37321.888753,0.0
2019-03-27,14,0,126,278.41,278.41,0.0,-155573.993828,0.0
2019-03-27,14,0,127,357.29,357.29,0.0,-199651.708828,0.0
2019-03-27,14,0,128,92.7,92.7,0.0,-51800.255838,0.0
2019-03-27,14,0,131,30.0,30.0,0.0,-10919.986183,0.0
2019-03-27,14,0,132,44.1,44.1,0.0,-16052.379689,0.0
2019-03-27,14,0,133,41.94,41.94,0.0,-412.077499,0.0
2019-03-27,14,0,134,0.0,0.0,0.0,-0.0,0.0
2019-03-27,14,0,135,56.2,56.2,0.0,-552.187778,0.0
2019-03-27,14,0,136,45.9,45.9,0.0,-479.911539,0.0
2019-03-27,14,0,139,44.94,44.94,0.0,-8620.308966,0.0
2019-03-27,14,0,140,250.6,250.6,0.0,-250600.0,0.0
2019-03-27,14,0,141,230.0,230.0,0.0,-126531.268642,0.0
2019-03-27,14,0,142,639.41,639.41,0.0,-351762.428185,0.0
2019-03-27,14,0,143,157.62,157.62,0.0,-157620.0,0.0
2019-03-27,14,0,145,56.12,56.12,0.0,-16049.165012,0.0
2019-03-27,14,0,146,268.0,268.0,0.0,-268000.0,0.0
2019-03-27,14,0,152,12.58,12.58,0.0,-260.698705,0.0
2019-03-27,14,0,153,15.73,15.73,0.0,-332.186973,0.0
2019-03-27,14,0,154,111.32,111.32,0.0,-21353.199691,0.0
2019-03-27,14,0,157,221.63,221.63,0.0,-121926.630736,0.0
2019-03-27,14,0,158,496.87,496.87,0.0,-273346.049784,0.0
2019-03-27,14,0,159,0.0,0.0,0.0,-0.0,0.0
2019-03-27,14,0,160,4.11,4.11,0.0,8.272455,0.0
2019-03-27,14,0,161,90.16,90.16,0.0,-36355.472539,0.0
2019-03-27,14,0,162,162.5,162.5,0.0,4268.898366,0.0
2019-03-27,14,0,163,130.61,130.61,0.0,-130610.0,0.0
2019-03-27,14,0,164,29.47,29.47,0.0,-29470.0,0.0
2019-03-27,14,0,167,9.16,9.16,0.0,209.006622,0.0
2019-03-27,14,0,168,4.58,4.58,0.0,104.503311,0.0
2019-03-27,14,0,169,0.0,0.0,0.0,0.0,0.0
2019-03-27,14,0,170,10.01,10.01,0.0,228.401342,0.0
2019-03-27,14,0,172,12.14,12.14,0.0,122.222468,0.0
2019-03-27,14,0,173,18.49,18.49,0.0,186.152671,0.0
2019-03-27,14,0,188,16.26,16.26,0.0,270.041242,0.0
2019-03-27,14,0,190,10.59,10.59,0.0,343.40783,0.0
2019-03-27,14,0,191,27.36,27.36,0.0,887.217963,0.0
2019-03-27,14,0,192,332.6,332.6,0.0,10785.405497,0.0
2019-03-27,14,0,194,52.95,52.95,0.0,-6614.5925,0.0
2019-03-27,14,0,196,7.42,7.42,0.0,1964.439058,0.0
2019-03-27,14,0,198,17.83,17.83,0.0,142.644059,0.0
2019-03-27,14,0,199,130.0,130.0,0.0,-1267.612977,0.0
2019-03-27,14,0,200,30.82,30.82,0.0,-300.521784,0.0
2019-03-27,14,0,204,257.1,257.1,0.0,10052.250501,0.0
2019-03-27,14,0,205,317.4,317.4,0.0,-3045.446089,0.0
2019-03-27,14,0,206,745.19,745.19,0.0,-185127.490763,0.0
2019-03-27,14,0,210,3.89,3.89,0.0,26.493172,0.0
2019-03-27,14,0,214,22.03,22.03,0.0,253.872614,0.0
2019-03-27,14,0,217,14.68,14.68,0.0,149.242788,0.0
2019-03-27,14,0,218,20.26,20.26,0.0,205.971314,0.0
2019-03-27,14,0,219,13.8,13.8,0.0,140.296354,0.0
2019-03-27,14,0,221,11.75,11.75,0.0,135.40641,0.0
2019-03-27,14,0,225,11.6,11.6,0.0,53.182542,0.0
2019-03-27,14,0,233,12.24,12.24,0.0,45.806275,0.0
2019-03-27,14,0,236,159.05,159.05,0.0,-2576.121399,0.0
2019-03-27,14,0,237,522.0,522.0,0.0,-17509.088301,0.0
2019-03-27,14,0,238,115.88,115.88,0.0,-1486.657639,0.0
2019-03-27,14,0,240,19.45,19.45,0.0,-249.298058,0.0
2019-03-27,14,0,245,78.0,78.0,0.0,-613.112275,0.0
2019-03-27,14,0,247,171.72,171.72,0.0,-1349.790254,0.0
2019-03-27,14,0,248,52.4,52.4,0.0,-1757.617293,0.0
2019-03-27,14,0,249,150.0,150.0,0.0,-1179.062067,0.0
2019-03-27,14,0,251,326.4,326.4,0.0,-3696.766801,0.0
2019-03-27,14,0,252,267.06,267.06,0.0,-2784.22937,0.0
2019-03-27,14,0,254,28.73,28.73,0.0,-23.469124,0.0
2019-03-27,14,0,255,13.17,13.17,0.0,-10.758384,0.0
2019-03-27,14,0,258,23.91,23.91,0.0,-263.782317,0.0
2019-03-27,14,0,260,9.99,9.99,0.0,20.1075,0.0
2019-03-27,14,0,265,115.25,115.25,0.0,-22107.045135,0.0
2019-03-27,14,0,266,29.1,29.1,0.0,-5581.90901,0.0
2019-03-27,14,0,267,35.76,35.76,0.0,-6859.418083,0.0
2019-03-27,14,0,270,454.05,454.05,0.0,-454050.0,0.0
2019-03-27,14,0,272,150.39,150.39,0.0,-38467.386938,0.0
2019-03-27,14,0,273,32.78,32.78,0.0,-32780.0,0.0
2019-03-27,14,0,274,605.65,605.65,0.0,-605650.0,0.0
2019-03-27,14,0,275,880.86,880.86,0.0,-880860.0,0.0
2019-03-27,14,0,276,7.72,7.72,0.0,-6944.563469,0.0
2019-03-27,14,0,277,10.97,10.97,0.0,-2907.367027,0.0
2019-03-27,14,0,278,17.56,17.56,0.0,-4653.907475,0.0
2019-03-27,14,0,279,264.6,264.6,0.0,-70126.646797,0.0
2019-03-27,14,0,281,56.1,56.1,0.0,-56100.0,0.0
2019-03-27,14,0,282,481.05,481.05,0.0,-481050.0,0.0
2019-03-27,15,0,9,4.43,4.43,0.0,-2169.886872,0.0
2019-03-27,15,0,17,71.27,71.27,0.0,692.933042,0.0
2019-03-27,15,0,19,192.99,192.99,0.0,1876.373617,0.0
2019-03-27,15,0,20,234.06,234.06,0.0,2275.682724,0.0
2019-03-27,15,0,21,101.31,101.31,0.0,-49623.304517,0.0
2019-03-27,15,0,22,360.04,360.04,0.0,-176353.514542,0.0
2019-03-27,15,0,23,32.64,32.64,0.0,-15987.608917,0.0
2019-03-27,15,0,24,57.75,57.75,0.0,-28286.899969,0.0
2019-03-27,15,0,29,11.9,11.9,0.0,56.260895,0.0
2019-03-27,15,0,30,846.6,846.6,0.0,-846600.0,0.0
2019-03-27,15,0,31,125.0,125.0,0.0,-125000.0,0.0
2019-03-27,15,0,32,7.39,7.39,0.0,250.663434,0.0
2019-03-27,15,0,33,4.19,4.19,0.0,189.908634,0.0
2019-03-27,15,0,34,6.71,6.71,0.0,304.12576,0.0
2019-03-27,15,0,35,6.71,6.71,0.0,304.12576,0.0
2019-03-27,15,0,36,16.51,16.51,0.0,-788.477305,0.0
2019-03-27,15,0,37,7.83,7.83,0.0,-382.434156,0.0
2019-03-27,15,0,38,10.07,10.07,0.0,-491.840607,0.0
2019-03-27,15,0,39,6.71,6.71,0.0,-327.730931,0.0
2019-03-27,15,0,40,6.71,6.71,0.0,-327.730931,0.0
2019-03-27,15,0,41,58.96,58.96,0.0,-7087.155814,0.0
2019-03-27,15,0,42,85.62,85.62,0.0,171.708,0.0
2019-03-27,15,0,43,49.06,49.06,0.0,-2072.579838,0.0
2019-03-27,15,0,46,41.96,41.96,0.0,-2542.05976,0.0
2019-03-27,15,0,52,132.5,132.5,0.0,-132500.0,0.0
2019-03-27,15,0,53,210.5,210.5,0.0,-210500.0,0.0
2019-03-27,15,0,55,623.0,623.0,0.0,-305155.648148,0.0
2019-03-27,15,0,56,249.72,249.72,0.0,-249720.0,0.0
2019-03-27,15,0,57,237.54,237.54,0.0,-237540.0,0.0
2019-03-27,15,0,58,456.8,456.8,0.0,-456800.0,0.0
2019-03-27,15,0,59,449.19,449.19,0.0,-449190.0,0.0
2019-03-27,15,0,63,51.0,51.0,0.0,6091.427193,0.0
2019-03-27,15,0,64,60.0,60.0,0.0,7166.384933,0.0
2019-03-27,15,0,65,41.4,41.4,0.0,343.168243,0.0
2019-03-27,15,0,67,456.77,456.77,0.0,-240188.000581,0.0
2019-03-27,15,0,68,34.0,34.0,0.0,-12614.109751,0.0
2019-03-27,15,0,69,4.19,4.19,0.0,189.908634,0.0
2019-03-27,15,0,74,217.6,217.6,0.0,-6983.132487,0.0
2019-03-27,15,0,77,60.0,60.0,0.0,-14103.187794,0.0
2019-03-27,15,0,78,45.36,45.36,0.0,-10662.009972,0.0
2019-03-27,15,0,79,26.25,26.25,0.0,-6170.14466,0.0
2019-03-27,15,0,80,42.45,42.45,0.0,-9978.005364,0.0
2019-03-27,15,0,81,55.5,55.5,0.0,-13045.44871,0.0
2019-03-27,15,0,82,39.15,39.15,0.0,-9202.330036,0.0
2019-03-27,15,0,83,87.3,87.3,0.0,-20520.13824,0.0
2019-03-27,15,0,84,0.0,0.0,0.0,-0.0,0.0
2019-03-27,15,0,86,21.25,21.25,0.0,963.140446,0.0
2019-03-27,15,0,87,108.5,108.5,0.0,4917.681809,0.0
2019-03-27,15,0,88,51.18,51.18,0.0,-12030.019188,0.0
2019-03-27,15,0,89,49.2,49.2,0.0,-11564.613991,0.0
2019-03-27,15,0,90,66.06,66.06,0.0,-15527.609761,0.0
2019-03-27,15,0,91,235.65,235.65,0.0,-55390.270061,0.0
2019-03-27,15,0,92,84.75,84.75,0.0,-19920.752759,0.0
2019-03-27,15,0,95,120.0,120.0,0.0,3049.643213,0.0
2019-03-27,15,0,96,29.88,29.88,0.0,-3955.549126,0.0
2019-03-27,15,0,97,183.75,183.75,0.0,-24325.038554,0.0
2019-03-27,15,0,99,42.0,42.0,0.0,-1347.847263,0.0
2019-03-27,15,0,101,17.05,17.05,0.0,-17050.0,0.0
2019-03-27,15,0,102,80.5,80.5,0.0,-29865.759852,0.0
2019-03-27,15,0,103,70.0,70.0,0.0,-25970.225958,0.0
2019-03-27,15,0,104,13.0,13.0,0.0,-4823.041964,0.0
2019-03-27,15,0,106,354.43,354.43,0.0,-173605.644259,0.0
2019-03-27,15,0,109,60.0,60.0,0.0,-4663.160216,0.0
2019-03-27,15,0,110,338.6,338.6,0.0,-338600.0,0.0
2019-03-27,15,0,111,26.28,26.28,0.0,-3158.929016,0.0
2019-03-27,15,0,113,45.0,45.0,0.0,-10199.365257,0.0
2019-03-27,15,0,115,45.0,45.0,0.0,-10199.365257,0.0
2019-03-27,15,0,116,130.95,130.95,0.0,-130950.0,0.0
2019-03-27,15,0,117,3.0,3.0,0.0,-679.957684,0.0
2019-03-27,15,0,119,60.0,60.0,0.0,7166.384933,0.0
2019-03-27,15,0,120,35.28,35.28,0.0,4213.834341,0.0
2019-03-27,15,0,123,5.91,5.91,0.0,-2894.815218,0.0
2019-03-27,15,0,125,52.26,52.26,0.0,-25597.80766,0.0
2019-03-27,15,0,126,265.82,265.82,0.0,-130203.008653,0.0
2019-03-27,15,0,127,341.14,341.14,0.0,-167095.983643,0.0
2019-03-27,15,0,128,74.85,74.85,0.0,-36662.761258,0.0
2019-03-27,15,0,131,73.62,73.62,0.0,-24268.910886,0.0
2019-03-27,15,0,132,108.35,108.35,0.0,-35717.692128,0.0
2019-03-27,15,0,133,41.94,41.94,0.0,413.432355,0.0
2019-03-27,15,0,134,0.0,0.0,0.0,0.0,0.0
2019-03-27,15,0,135,56.2,56.2,0.0,554.003298,0.0
2019-03-27,15,0,136,45.9,45.9,0.0,376.856832,0.0
2019-03-27,15,0,139,76.67,76.67,0.0,-9215.947019,0.0
2019-03-27,15,0,140,250.6,250.6,0.0,-250600.0,0.0
2019-03-27,15,0,141,230.0,230.0,0.0,-120943.232116,0.0
2019-03-27,15,0,142,602.37,602.37,0.0,-316750.324912,0.0
2019-03-27,15,0,143,191.7,191.7,0.0,-191700.0,0.0
2019-03-27,15,0,145,30.0,30.0,0.0,-4071.219325,0.0
2019-03-27,15,0,146,268.0,268.0,0.0,-268000.0,0.0
2019-03-27,15,0,152,12.18,12.18,0.0,-376.853641,0.0
2019-03-27,15,0,153,15.18,15.18,0.0,-497.549173,0.0
2019-03-27,15,0,154,108.4,108.4,0.0,-13029.981178,0.0
2019-03-27,15,0,157,213.29,213.29,0.0,-112156.443383,0.0
2019-03-27,15,0,158,473.87,473.87,0.0,-249179.866969,0.0
2019-03-27,15,0,159,0.0,0.0,0.0,-0.0,0.0
2019-03-27,15,0,160,3.92,3.92,0.0,-80.445391,0.0
2019-03-27,15,0,161,85.89,85.89,0.0,-31865.46725,0.0
2019-03-27,15,0,162,162.5,162.5,0.0,4297.269461,0.0
2019-03-27,15,0,163,142.89,142.89,0.0,-142890.0,0.0
2019-03-27,15,0,164,28.72,28.72,0.0,-28720.0,0.0
2019-03-27,15,0,167,8.41,8.41,0.0,190.31216,0.0
2019-03-27,15,0,168,4.2,4.2,0.0,95.042934,0.0
2019-03-27,15,0,169,0.0,0.0,0.0,0.0,0.0
2019-03-27,15,0,170,9.2,9.2,0.0,208.189283,0.0
2019-03-27,15,0,172,11.33,11.33,0.0,266.830496,0.0
2019-03-27,15,0,173,17.27,17.27,0.0,406.722213,0.0
2019-03-27,15,0,188,15.35,15.35,0.0,215.627166,0.0
2019-03-27,15,0,190,10.18,10.18,0.0,330.112531,0.0
2019-03-27,15,0,191,26.3,26.3,0.0,852.844752,0.0
2019-03-27,15,0,192,332.6,332.6,0.0,10785.405497,0.0
2019-03-27,15,0,194,52.95,52.95,0.0,-5483.535642,0.0
2019-03-27,15,0,196,6.99,6.99,0.0,1979.029005,0.0
2019-03-27,15,0,198,17.06,17.06,0.0,192.201416,0.0
2019-03-27,15,0,199,130.0,130.0,0.0,5587.714116,0.0
2019-03-27,15,0,200,29.22,29.22,0.0,1255.946204,0.0
2019-03-27,15,0,204,257.1,257.1,0.0,-21136.402185,0.0
2019-03-27,15,0,205,317.4,317.4,0.0,-24668.117544,0.0
2019-03-27,15,0,206,539.94,539.94,0.0,-71477.884717,0.0
2019-03-27,15,0,210,3.68,3.68,0.0,24.340276,0.0
2019-03-27,15,0,214,20.84,20.84,0.0,1383.563654,0.0
2019-03-27,15,0,217,13.82,13.82,0.0,619.406886,0.0
2019-03-27,15,0,218,19.07,19.07,0.0,854.709791,0.0
2019-03-27,15,0,219,12.99,12.99,0.0,582.206617,0.0
2019-03-27,15,0,221,11.12,11.12,0.0,738.254694,0.0
2019-03-27,15,0,225,10.69,10.69,0.0,48.592796,0.0
2019-03-27,15,0,233,12.02,12.02,0.0,544.797561,0.0
2019-03-27,15,0,236,179.56,179.56,0.0,-1775.32001,0.0
2019-03-27,15,0,237,522.0,522.0,0.0,-16751.815985,0.0
2019-03-27,15,0,238,111.45,111.45,0.0,223.509188,0.0
2019-03-27,15,0,240,18.71,18.71,0.0,-893.543936,0.0
2019-03-27,15,0,245,78.0,78.0,0.0,1169.552545,0.0
2019-03-27,15,0,247,171.72,171.72,0.0,2574.814911,0.0
2019-03-27,15,0,248,52.4,52.4,0.0,-1681.599919,0.0
2019-03-27,15,0,249,150.0,150.0,0.0,2249.13951,0.0
2019-03-27,15,0,251,326.4,326.4,0.0,1937.321887,0.0
2019-03-27,15,0,252,267.06,267.06,0.0,2213.683838,0.0
2019-03-27,15,0,254,27.51,27.51,0.0,-1012.216374,0.0
2019-03-27,15,0,255,12.61,12.61,0.0,-463.978498,0.0
2019-03-27,15,0,258,22.87,22.87,0.0,-1071.85671,0.0
2019-03-27,15,0,260,9.51,9.51,0.0,-195.16216,0.0
2019-03-27,15,0,265,112.23,112.23,0.0,-13490.357819,0.0
2019-03-27,15,0,266,49.03,49.03,0.0,-5893.542225,0.0
2019-03-27,15,0,267,60.63,60.63,0.0,-7287.894454,0.0
2019-03-27,15,0,270,466.38,466.38,0.0,-466380.0,0.0
2019-03-27,15,0,272,150.39,150.39,0.0,-34086.278687,0.0
2019-03-27,15,0,273,31.31,31.31,0.0,-31310.0,0.0
2019-03-27,15,0,274,614.3,614.3,0.0,-614300.0,0.0
2019-03-27,15,0,275,881.73,881.73,0.0,-881730.0,0.0
2019-03-27,15,0,276,7.46,7.46,0.0,-6670.210634,0.0
2019-03-27,15,0,277,10.52,10.52,0.0,-2419.8155,0.0
2019-03-27,15,0,278,16.83,16.83,0.0,-3871.244759,0.0
2019-03-27,15,0,279,264.6,264.6,0.0,-60863.420276,0.0
2019-03-27,15,0,281,56.1,56.1,0.0,-56100.0,0.0
2019-03-27,15,0,282,464.41,464.41,0.0,-464410.0,0.0
2019-03-27,16,0,9,3.84,3.84,0.0,-1542.785363,0.0
2019-03-27,16,0,17,60.67,60.67,0.0,326.058707,0.0
2019-03-27,16,0,19,332.0,332.0,0.0,1784.267194,0.0
2019-03-27,16,0,20,419.03,419.03,0.0,2251.992416,0.0
2019-03-27,16,0,21,87.89,87.89,0.0,-35311.303539,0.0
2019-03-27,16,0,22,312.36,312.36,0.0,-125495.946905,0.0
2019-03-27,16,0,23,32.64,32.64,0.0,-13113.675589,0.0
2019-03-27,16,0,24,57.75,57.75,0.0,-23202.045504,0.0
2019-03-27,16,0,29,9.79,9.79,0.0,48.549449,0.0
2019-03-27,16,0,30,710.99,710.99,0.0,-710990.0,0.0
2019-03-27,16,0,31,125.0,125.0,0.0,-125000.0,0.0
2019-03-27,16,0,32,6.69,6.69,0.0,261.213115,0.0
2019-03-27,16,0,33,3.58,3.58,0.0,43.30009,0.0
2019-03-27,16,0,34,5.73,5.73,0.0,69.304334,0.0
2019-03-27,16,0,35,5.73,5.73,0.0,69.304334,0.0
2019-03-27,16,0,36,14.46,14.46,0.0,-68.670473,0.0
2019-03-27,16,0,37,6.91,6.91,0.0,-33.250377,0.0
2019-03-27,16,0,38,8.88,8.88,0.0,-42.729863,0.0
2019-03-27,16,0,39,5.92,5.92,0.0,-28.486575,0.0
2019-03-27,16,0,40,5.92,5.92,0.0,-28.486575,0.0
2019-03-27,16,0,41,82.36,82.36,0.0,-1999.3122,0.0
2019-03-27,16,0,42,64.68,64.68,0.0,253.383056,0.0
2019-03-27,16,0,43,43.67,43.67,0.0,-147.486937,0.0
2019-03-27,16,0,46,36.08,36.08,0.0,-239.47652,0.0
2019-03-27,16,0,52,132.5,132.5,0.0,-132500.0,0.0
2019-03-27,16,0,53,210.5,210.5,0.0,-210500.0,0.0
2019-03-27,16,0,55,623.0,623.0,0.0,-250300.854532,0.0
2019-03-27,16,0,56,209.72,209.72,0.0,-209720.0,0.0
2019-03-27,16,0,57,199.49,199.49,0.0,-199490.0,0.0
2019-03-27,16,0,58,383.63,383.63,0.0,-383630.0,0.0
2019-03-27,16,0,59,377.23,377.23,0.0,-377230.0,0.0
2019-03-27,16,0,63,51.0,51.0,0.0,5747.310209,0.0
2019-03-27,16,0,64,60.0,60.0,0.0,6761.541422,0.0
2019-03-27,16,0,65,41.4,41.4,0.0,211.29229,0.0
2019-03-27,16,0,67,396.96,396.96,0.0,-219099.831171,0.0
2019-03-27,16,0,68,34.0,34.0,0.0,-13791.480364,0.0
2019-03-27,16,0,69,3.58,3.58,0.0,43.30009,0.0
2019-03-27,16,0,74,134.72,134.72,0.0,-379.411216,0.0
2019-03-27,16,0,77,60.0,60.0,0.0,-16947.438572,0.0
2019-03-27,16,0,78,45.36,45.36,0.0,-12812.26356,0.0
2019-03-27,16,0,79,26.25,26.25,0.0,-7414.504375,0.0
2019-03-27,16,0,80,42.45,42.45,0.0,-11990.31279,0.0
2019-03-27,16,0,81,55.5,55.5,0.0,-15676.380679,0.0
2019-03-27,16,0,82,39.15,39.15,0.0,-11058.203668,0.0
2019-03-27,16,0,83,87.3,87.3,0.0,-24658.523122,0.0
2019-03-27,16,0,84,0.0,0.0,0.0,-0.0,0.0
2019-03-27,16,0,86,18.14,18.14,0.0,219.40325,0.0
2019-03-27,16,0,87,92.6,92.6,0.0,1119.996746,0.0
2019-03-27,16,0,88,51.18,51.18,0.0,-14456.165102,0.0
2019-03-27,16,0,89,49.2,49.2,0.0,-13896.899629,0.0
2019-03-27,16,0,90,66.06,66.06,0.0,-18659.129868,0.0
2019-03-27,16,0,91,235.65,235.65,0.0,-66561.064991,0.0
2019-03-27,16,0,92,84.75,84.75,0.0,-23938.256983,0.0
2019-03-27,16,0,95,120.0,120.0,0.0,3049.643213,0.0
2019-03-27,16,0,96,29.88,29.88,0.0,606.595684,0.0
2019-03-27,16,0,97,183.75,183.75,0.0,3730.319843,0.0
2019-03-27,16,0,99,29.54,29.54,0.0,-83.193344,0.0
2019-03-27,16,0,101,14.32,14.32,0.0,-14320.0,0.0
2019-03-27,16,0,102,80.5,80.5,0.0,-32653.35792,0.0
2019-03-27,16,0,103,70.0,70.0,0.0,-28394.224279,0.0
2019-03-27,16,0,104,13.0,13.0,0.0,-5273.21308,0.0
2019-03-27,16,0,106,307.5,307.5,0.0,-123543.359179,0.0
2019-03-27,16,0,109,60.0,60.0,0.0,-588.309709,0.0
2019-03-27,16,0,110,338.6,338.6,0.0,-338600.0,0.0
2019-03-27,16,0,111,21.55,21.55,0.0,-523.132321,0.0
2019-03-27,16,0,113,45.0,45.0,0.0,-11571.397972,0.0
2019-03-27,16,0,115,45.0,45.0,0.0,-11571.397972,0.0
2019-03-27,16,0,116,129.07,129.07,0.0,-129070.0,0.0
2019-03-27,16,0,117,3.0,3.0,0.0,-771.426531,0.0
2019-03-27,16,0,119,60.0,60.0,0.0,6761.541422,0.0
2019-03-27,16,0,120,35.28,35.28,0.0,3975.786356,0.0
2019-03-27,16,0,123,5.12,5.12,0.0,-2057.047151,0.0
2019-03-27,16,0,125,52.26,52.26,0.0,-20996.344555,0.0
2019-03-27,16,0,126,230.62,230.62,0.0,-92655.510549,0.0
2019-03-27,16,0,127,295.97,295.97,0.0,-118910.985419,0.0
2019-03-27,16,0,128,74.85,74.85,0.0,-30072.261576,0.0
2019-03-27,16,0,131,30.0,30.0,0.0,-10996.685758,0.0
2019-03-27,16,0,132,44.1,44.1,0.0,-16165.128064,0.0
2019-03-27,16,0,133,50.5,50.5,0.0,272.689664,0.0
2019-03-27,16,0,134,0.0,0.0,0.0,0.0,0.0
2019-03-27,16,0,135,64.2,64.2,0.0,346.66686,0.0
2019-03-27,16,0,136,45.9,45.9,0.0,233.57693,0.0
2019-03-27,16,0,139,107.25,107.25,0.0,-2603.523962,0.0
2019-03-27,16,0,140,250.6,250.6,0.0,-250600.0,0.0
2019-03-27,16,0,141,230.0,230.0,0.0,-126947.201656,0.0
2019-03-27,16,0,142,523.49,523.49,0.0,-288937.350413,0.0
2019-03-27,16,0,143,233.44,233.44,0.0,-233440.0,0.0
2019-03-27,16,0,145,30.0,30.0,0.0,-580.056698,0.0
2019-03-27,16,0,146,268.0,268.0,0.0,-268000.0,0.0
2019-03-27,16,0,152,10.41,10.41,0.0,-22.063186,0.0
2019-03-27,16,0,153,13.19,13.19,0.0,-32.370149,0.0
2019-03-27,16,0,154,88.91,88.91,0.0,-2158.315296,0.0
2019-03-27,16,0,157,207.36,207.36,0.0,-114451.181458,0.0
2019-03-27,16,0,158,415.8,415.8,0.0,-229498.46282,0.0
2019-03-27,16,0,159,0.0,0.0,0.0,-0.0,0.0
2019-03-27,16,0,160,3.38,3.38,0.0,3.424242,0.0
2019-03-27,16,0,161,74.4,74.4,0.0,-30179.00409,0.0
2019-03-27,16,0,162,162.5,162.5,0.0,4264.335827,0.0
2019-03-27,16,0,163,146.36,146.36,0.0,-146360.0,0.0
2019-03-27,16,0,164,24.7,24.7,0.0,-24700.0,0.0
2019-03-27,16,0,167,7.31,7.31,0.0,165.451921,0.0
2019-03-27,16,0,168,3.66,3.66,0.0,82.839128,0.0
2019-03-27,16,0,169,0.0,0.0,0.0,0.0,0.0
2019-03-27,16,0,170,8.0,8.0,0.0,181.069133,0.0
2019-03-27,16,0,172,9.99,9.99,0.0,112.861995,0.0
2019-03-27,16,0,173,15.22,15.22,0.0,171.947904,0.0
2019-03-27,16,0,188,13.58,13.58,0.0,289.381317,0.0
2019-03-27,16,0,190,9.75,9.75,0.0,316.168682,0.0
2019-03-27,16,0,191,25.18,25.18,0.0,816.525888,0.0
2019-03-27,16,0,192,332.6,332.6,0.0,10785.405497,0.0
2019-03-27,16,0,194,52.95,52.95,0.0,-6598.308682,0.0
2019-03-27,16,0,196,7.25,7.25,0.0,1937.208601,0.0
2019-03-27,16,0,198,14.59,14.59,0.0,113.128691,0.0
2019-03-27,16,0,199,130.0,130.0,0.0,-2164.331837,0.0
2019-03-27,16,0,200,25.6,25.6,0.0,-426.206885,0.0
2019-03-27,16,0,204,257.1,257.1,0.0,-2695.05032,0.0
2019-03-27,16,0,205,317.4,317.4,0.0,-3112.15836,0.0
2019-03-27,16,0,206,539.94,539.94,0.0,10961.354537,0.0
2019-03-27,16,0,210,3.12,3.12,0.0,20.744185,0.0
2019-03-27,16,0,214,17.74,17.74,0.0,284.920682,0.0
2019-03-27,16,0,217,11.85,11.85,0.0,142.368747,0.0
2019-03-27,16,0,218,16.35,16.35,0.0,196.432828,0.0
2019-03-27,16,0,219,11.14,11.14,0.0,133.838637,0.0
2019-03-27,16,0,221,9.46,9.46,0.0,151.936282,0.0
2019-03-27,16,0,225,8.85,8.85,0.0,42.443777,0.0
2019-03-27,16,0,233,10.26,10.26,0.0,124.094672,0.0
2019-03-27,16,0,236,159.03,159.03,0.0,273.254739,0.0
2019-03-27,16,0,237,308.11,308.11,0.0,-867.728547,0.0
2019-03-27,16,0,238,84.19,84.19,0.0,329.813227,0.0
2019-03-27,16,0,240,16.38,16.38,0.0,-77.788544,0.0
2019-03-27,16,0,245,78.0,78.0,0.0,496.817012,0.0
2019-03-27,16,0,247,171.72,171.72,0.0,1093.761761,0.0
2019-03-27,16,0,248,36.28,36.28,0.0,-102.17517,0.0
2019-03-27,16,0,249,150.0,150.0,0.0,955.417332,0.0
2019-03-27,16,0,251,326.4,326.4,0.0,1520.816734,0.0
2019-03-27,16,0,252,267.06,267.06,0.0,1362.988384,0.0
2019-03-27,16,0,254,23.6,23.6,0.0,-53.70416,0.0
2019-03-27,16,0,255,10.82,10.82,0.0,-24.621992,0.0
2019-03-27,16,0,258,20.01,20.01,0.0,-90.5944,0.0
2019-03-27,16,0,260,8.22,8.22,0.0,8.327594,0.0
2019-03-27,16,0,265,92.05,92.05,0.0,-2234.53968,0.0
2019-03-27,16,0,266,68.38,68.38,0.0,-1659.943762,0.0
2019-03-27,16,0,267,84.71,84.71,0.0,-2056.359112,0.0
2019-03-27,16,0,270,395.58,395.58,0.0,-395580.0,0.0
2019-03-27,16,0,272,150.39,150.39,0.0,-38671.612021,0.0
2019-03-27,16,0,273,30.86,30.86,0.0,-30860.0,0.0
2019-03-27,16,0,274,493.67,493.67,0.0,-493670.0,0.0
2019-03-27,16,0,275,661.83,661.83,0.0,-661830.0,0.0
2019-03-27,16,0,276,7.58,7.58,0.0,-6821.686431,0.0
2019-03-27,16,0,277,9.59,9.59,0.0,-2563.324739,0.0
2019-03-27,16,0,278,15.35,15.35,0.0,-4102.923332,0.0
2019-03-27,16,0,279,604.22,604.22,0.0,-161502.823151,0.0
2019-03-27,16,0,281,56.1,56.1,0.0,-56100.0,0.0
2019-03-27,16,0,282,390.02,390.02,0.0,-390020.0,0.0
2019-03-27,17,0,9,2.98,2.98,0.0,-1408.006562,0.0
2019-03-27,17,0,17,45.46,45.46,0.0,3697.226687,0.0
2019-03-27,17,0,19,284.63,284.63,0.0,23148.738054,0.0
2019-03-27,17,0,20,342.76,342.76,0.0,27876.406055,0.0
2019-03-27,17,0,21,68.22,68.22,0.0,-32232.95559,0.0
2019-03-27,17,0,22,242.46,242.46,0.0,-114558.815776,0.0
2019-03-27,17,0,23,47.2,47.2,0.0,-22301.311988,0.0
2019-03-27,17,0,24,83.96,83.96,0.0,-39669.876155,0.0
2019-03-27,17,0,29,7.15,7.15,0.0,21.183684,0.0
2019-03-27,17,0,30,555.39,555.39,0.0,-555390.0,0.0
2019-03-27,17,0,31,125.0,125.0,0.0,-125000.0,0.0
2019-03-27,17,0,32,5.07,5.07,0.0,194.695934,0.0
2019-03-27,17,0,33,2.69,2.69,0.0,347.722971,0.0
2019-03-27,17,0,34,4.3,4.3,0.0,555.839693,0.0
2019-03-27,17,0,35,4.3,4.3,0.0,555.839693,0.0
2019-03-27,17,0,36,11.14,11.14,0.0,-4.564852,0.0
2019-03-27,17,0,37,5.32,5.32,0.0,-13.721283,0.0
2019-03-27,17,0,38,6.84,6.84,0.0,-17.641649,0.0
2019-03-27,17,0,39,4.56,4.56,0.0,-11.761099,0.0
2019-03-27,17,0,40,4.56,4.56,0.0,-11.761099,0.0
2019-03-27,17,0,41,34.8,34.8,0.0,-2836.978709,0.0
2019-03-27,17,0,42,49.21,49.21,0.0,3490.879792,0.0
2019-03-27,17,0,43,33.86,33.86,0.0,80.299002,0.0
2019-03-27,17,0,46,27.72,27.72,0.0,-473.895902,0.0
2019-03-27,17,0,52,132.5,132.5,0.0,-132500.0,0.0
2019-03-27,17,0,53,210.5,210.5,0.0,-210500.0,0.0
2019-03-27,17,0,55,623.0,623.0,0.0,-294358.418826,0.0
2019-03-27,17,0,56,163.82,163.82,0.0,-163820.0,0.0
2019-03-27,17,0,57,155.83,155.83,0.0,-155830.0,0.0
2019-03-27,17,0,58,299.67,299.67,0.0,-299670.0,0.0
2019-03-27,17,0,59,294.68,294.68,0.0,-294680.0,0.0
2019-03-27,17,0,63,95.49,95.49,0.0,11906.90446,0.0
2019-03-27,17,0,64,112.31,112.31,0.0,14004.235416,0.0
2019-03-27,17,0,65,41.4,41.4,0.0,3287.119057,0.0
2019-03-27,17,0,67,304.12,304.12,0.0,-157922.922476,0.0
2019-03-27,17,0,68,19.11,19.11,0.0,-6923.527108,0.0
2019-03-27,17,0,69,2.69,2.69,0.0,347.722971,0.0
2019-03-27,17,0,74,104.24,104.24,0.0,2682.028719,0.0
2019-03-27,17,0,77,60.0,60.0,0.0,-13402.367048,0.0
2019-03-27,17,0,78,45.36,45.36,0.0,-10132.189489,0.0
2019-03-27,17,0,79,26.25,26.25,0.0,-5863.535584,0.0
2019-03-27,17,0,80,42.45,42.45,0.0,-9482.174687,0.0
2019-03-27,17,0,81,55.5,55.5,0.0,-12397.18952,0.0
2019-03-27,17,0,82,39.15,39.15,0.0,-8745.044499,0.0
2019-03-27,17,0,83,87.3,87.3,0.0,-19500.444055,0.0
2019-03-27,17,0,84,0.0,0.0,0.0,-0.0,0.0
2019-03-27,17,0,86,13.61,13.61,0.0,1759.29726,0.0
2019-03-27,17,0,87,69.46,69.46,0.0,8978.750013,0.0
2019-03-27,17,0,88,51.18,51.18,0.0,-11432.219092,0.0
2019-03-27,17,0,89,49.2,49.2,0.0,-10989.94098,0.0
2019-03-27,17,0,90,66.06,66.06,0.0,-14756.00612,0.0
2019-03-27,17,0,91,235.65,235.65,0.0,-52637.796582,0.0
2019-03-27,17,0,92,84.75,84.75,0.0,-18930.843456,0.0
2019-03-27,17,0,95,120.0,120.0,0.0,3049.643213,0.0
2019-03-27,17,0,96,29.88,29.88,0.0,-3087.233635,0.0
2019-03-27,17,0,97,183.75,183.75,0.0,-18985.247005,0.0
2019-03-27,17,0,99,21.2,21.2,0.0,545.462479,0.0
2019-03-27,17,0,101,11.19,11.19,0.0,-11190.0,0.0
2019-03-27,17,0,102,45.19,45.19,0.0,-16372.275773,0.0
2019-03-27,17,0,103,39.3,39.3,0.0,-14238.336753,0.0
2019-03-27,17,0,104,7.33,7.33,0.0,-2655.649069,0.0
2019-03-27,17,0,106,238.68,238.68,0.0,-112772.820876,0.0
2019-03-27,17,0,109,60.0,60.0,0.0,-2060.325853,0.0
2019-03-27,17,0,110,338.6,338.6,0.0,-338600.0,0.0
2019-03-27,17,0,111,16.95,16.95,0.0,-1381.804285,0.0
2019-03-27,17,0,113,45.0,45.0,0.0,-9830.254906,0.0
2019-03-27,17,0,115,45.0,45.0,0.0,-9830.254906,0.0
2019-03-27,17,0,116,98.18,98.18,0.0,-98180.0,0.0
2019-03-27,17,0,117,3.0,3.0,0.0,-655.350327,0.0
2019-03-27,17,0,119,112.31,112.31,0.0,14004.235416,0.0
2019-03-27,17,0,120,66.1,66.1,0.0,8242.186457,0.0
2019-03-27,17,0,123,3.98,3.98,0.0,-1880.491985,0.0
2019-03-27,17,0,125,75.89,75.89,0.0,-35856.918788,0.0
2019-03-27,17,0,126,179.01,179.01,0.0,-84579.615657,0.0
2019-03-27,17,0,127,229.73,229.73,0.0,-108544.076335,0.0
2019-03-27,17,0,128,109.23,109.23,0.0,-51609.582806,0.0
2019-03-27,17,0,131,30.0,30.0,0.0,-9611.226277,0.0
2019-03-27,17,0,132,44.1,44.1,0.0,-14128.502627,0.0
2019-03-27,17,0,133,111.85,111.85,0.0,9117.014678,0.0
2019-03-27,17,0,134,0.0,0.0,0.0,0.0,0.0
2019-03-27,17,0,135,146.43,146.43,0.0,11935.667942,0.0
2019-03-27,17,0,136,45.9,45.9,0.0,3639.550814,0.0
2019-03-27,17,0,139,44.94,44.94,0.0,-3663.615609,0.0
2019-03-27,17,0,140,250.6,250.6,0.0,-250600.0,0.0
2019-03-27,17,0,141,230.0,230.0,0.0,-119434.013447,0.0
2019-03-27,17,0,142,401.06,401.06,0.0,-208261.762752,0.0
2019-03-27,17,0,143,238.5,238.5,0.0,-238500.0,0.0
2019-03-27,17,0,145,30.0,30.0,0.0,-3060.244361,0.0
2019-03-27,17,0,146,268.0,268.0,0.0,-268000.0,0.0
2019-03-27,17,0,152,7.95,7.95,0.0,207.876878,0.0
2019-03-27,17,0,153,10.09,10.09,0.0,238.603057,0.0
2019-03-27,17,0,154,69.91,69.91,0.0,-5699.229356,0.0
2019-03-27,17,0,157,250.0,250.0,0.0,-129819.579833,0.0
2019-03-27,17,0,158,334.73,334.73,0.0,-173818.03183,0.0
2019-03-27,17,0,159,0.0,0.0,0.0,0.0,0.0
2019-03-27,17,0,160,2.59,2.59,0.0,55.155185,0.0
2019-03-27,17,0,161,56.81,56.81,0.0,-20582.186029,0.0
2019-03-27,17,0,162,162.5,162.5,0.0,4301.682528,0.0
2019-03-27,17,0,163,185.4,185.4,0.0,-185400.0,0.0
2019-03-27,17,0,164,19.22,19.22,0.0,-19220.0,0.0
2019-03-27,17,0,167,5.6,5.6,0.0,125.593859,0.0
2019-03-27,17,0,168,2.8,2.8,0.0,62.796929,0.0
2019-03-27,17,0,169,0.0,0.0,0.0,0.0,0.0
2019-03-27,17,0,170,6.12,6.12,0.0,137.256146,0.0
2019-03-27,17,0,172,7.67,7.67,0.0,169.04322,0.0
2019-03-27,17,0,173,11.68,11.68,0.0,257.421748,0.0
2019-03-27,17,0,188,10.48,10.48,0.0,176.586047,0.0
2019-03-27,17,0,190,7.44,7.44,0.0,241.261025,0.0
2019-03-27,17,0,191,19.21,19.21,0.0,622.933372,0.0
2019-03-27,17,0,192,332.6,332.6,0.0,10785.405497,0.0
2019-03-27,17,0,194,52.95,52.95,0.0,-5136.579411,0.0
2019-03-27,17,0,196,5.52,5.52,0.0,1604.277762,0.0
2019-03-27,17,0,198,11.18,11.18,0.0,460.679928,0.0
2019-03-27,17,0,199,130.0,130.0,0.0,6112.536895,0.0
2019-03-27,17,0,200,19.52,19.52,0.0,917.820925,0.0
2019-03-27,17,0,204,257.1,257.1,0.0,-10298.584856,0.0
2019-03-27,17,0,205,317.4,317.4,0.0,-10899.123763,0.0
2019-03-27,17,0,206,539.94,539.94,0.0,-55787.179688,0.0
2019-03-27,17,0,210,2.33,2.33,0.0,-7.505159,0.0
2019-03-27,17,0,214,13.42,13.42,0.0,2115.718012,0.0
2019-03-27,17,0,217,8.86,8.86,0.0,882.383131,0.0
2019-03-27,17,0,218,12.22,12.22,0.0,1217.011496,0.0
2019-03-27,17,0,219,8.33,8.33,0.0,829.59949,0.0
2019-03-27,17,0,221,7.16,7.16,0.0,1128.80335,0.0
2019-03-27,17,0,225,6.57,6.57,0.0,23.388847,0.0
2019-03-27,17,0,233,7.7,7.7,0.0,995.340845,0.0
2019-03-27,17,0,236,159.03,159.03,0.0,8717.659379,0.0
2019-03-27,17,0,237,257.58,257.58,0.0,6627.369122,0.0
2019-03-27,17,0,238,64.05,64.05,0.0,4543.605988,0.0
2019-03-27,17,0,240,12.62,12.62,0.0,-5.171313,0.0
2019-03-27,17,0,245,78.0,78.0,0.0,6897.321613,0.0
2019-03-27,17,0,247,171.72,171.72,0.0,15184.718813,0.0
2019-03-27,17,0,248,26.21,26.21,0.0,674.366584,0.0
2019-03-27,17,0,249,150.0,150.0,0.0,13264.080026,0.0
2019-03-27,17,0,251,326.4,326.4,0.0,24881.444612,0.0
2019-03-27,17,0,252,267.06,267.06,0.0,21204.299891,0.0
2019-03-27,17,0,254,18.09,18.09,0.0,128.804177,0.0
2019-03-27,17,0,255,8.29,8.29,0.0,59.026348,0.0
2019-03-27,17,0,258,15.47,15.47,0.0,0.609933,0.0
2019-03-27,17,0,260,6.29,6.29,0.0,133.948307,0.0
2019-03-27,17,0,265,72.38,72.38,0.0,-5900.589626,0.0
2019-03-27,17,0,266,29.1,29.1,0.0,-2372.301162,0.0
2019-03-27,17,0,267,35.76,35.76,0.0,-2915.240191,0.0
2019-03-27,17,0,270,578.99,578.99,0.0,-578990.0,0.0
2019-03-27,17,0,272,150.39,150.39,0.0,-32852.711897,0.0
2019-03-27,17,0,273,23.48,23.48,0.0,-23480.0,0.0
2019-03-27,17,0,274,746.39,746.39,0.0,-746390.0,0.0
2019-03-27,17,0,275,1038.99,1038.99,0.0,-1038990.0,0.0
2019-03-27,17,0,276,5.69,5.69,0.0,-5079.263826,0.0
2019-03-27,17,0,277,7.3,7.3,0.0,-1609.092929,0.0
2019-03-27,17,0,278,11.68,11.68,0.0,-2574.548687,0.0
2019-03-27,17,0,279,264.6,264.6,0.0,-58324.108089,0.0
2019-03-27,17,0,281,56.1,56.1,0.0,-56100.0,0.0
2019-03-27,17,0,282,304.66,304.66,0.0,-304660.0,0.0
2019-03-27,18,0,9,1.88,1.88,0.0,-48.162504,0.0
2019-03-27,18,0,17,28.45,28.45,0.0,190.221249,0.0
2019-03-27,18,0,19,332.94,332.94,0.0,2226.090071,0.0
2019-03-27,18,0,20,405.43,405.43,0.0,2710.7698,0.0
2019-03-27,18,0,21,42.93,42.93,0.0,-1099.795904,0.0
2019-03-27,18,0,22,152.55,152.55,0.0,-3908.079783,0.0
2019-03-27,18,0,23,94.93,94.93,0.0,-2431.950271,0.0
2019-03-27,18,0,24,168.46,168.46,0.0,-4315.667783,0.0
2019-03-27,18,0,29,4.5,4.5,0.0,23.090915,0.0
2019-03-27,18,0,30,361.59,361.59,0.0,-9334.096157,0.0
2019-03-27,18,0,31,92.34,92.34,0.0,-2383.667798,0.0
2019-03-27,18,0,32,3.22,3.22,0.0,126.017125,0.0
2019-03-27,18,0,33,1.69,1.69,0.0,21.7185,0.0
2019-03-27,18,0,34,2.7,2.7,0.0,34.698195,0.0
2019-03-27,18,0,35,2.7,2.7,0.0,34.698195,0.0
2019-03-27,18,0,36,7.08,7.08,0.0,-22.922918,0.0
2019-03-27,18,0,37,3.29,3.29,0.0,-11.268212,0.0
2019-03-27,18,0,38,4.23,4.23,0.0,-14.487701,0.0
2019-03-27,18,0,39,2.82,2.82,0.0,-9.658467,0.0
2019-03-27,18,0,40,2.82,2.82,0.0,-9.658467,0.0
2019-03-27,18,0,41,34.8,34.8,0.0,-532.913547,0.0
2019-03-27,18,0,42,29.45,29.45,0.0,157.551578,0.0
2019-03-27,18,0,43,20.94,20.94,0.0,-45.391503,0.0
2019-03-27,18,0,46,17.74,17.74,0.0,-99.006897,0.0
2019-03-27,18,0,52,97.89,97.89,0.0,-2526.935681,0.0
2019-03-27,18,0,53,155.55,155.55,0.0,-4015.372818,0.0
2019-03-27,18,0,55,460.54,460.54,0.0,-11798.27639,0.0
2019-03-27,18,0,56,106.66,106.66,0.0,-2753.324749,0.0
2019-03-27,18,0,57,101.45,101.45,0.0,-2618.833638,0.0
2019-03-27,18,0,58,195.1,195.1,0.0,-5036.317819,0.0
2019-03-27,18,0,59,191.85,191.85,0.0,-4952.422212,0.0
2019-03-27,18,0,63,170.0,170.0,0.0,19137.399431,0.0
2019-03-27,18,0,64,200.0,200.0,0.0,22514.587566,0.0
2019-03-27,18,0,65,41.4,41.4,0.0,266.529673,0.0
2019-03-27,18,0,67,195.27,195.27,0.0,-107868.604725,0.0
2019-03-27,18,0,68,10.2,10.2,0.0,-4143.710295,0.0
2019-03-27,18,0,69,1.69,1.69,0.0,21.7185,0.0
2019-03-27,18,0,74,65.28,65.28,0.0,-34.320726,0.0
2019-03-27,18,0,77,60.0,60.0,0.0,-16997.921401,0.0
2019-03-27,18,0,78,45.36,45.36,0.0,-12850.428579,0.0
2019-03-27,18,0,79,26.25,26.25,0.0,-7436.590613,0.0
2019-03-27,18,0,80,42.45,42.45,0.0,-12026.029391,0.0
2019-03-27,18,0,81,55.5,55.5,0.0,-15723.077296,0.0
2019-03-27,18,0,82,39.15,39.15,0.0,-11091.143714,0.0
2019-03-27,18,0,83,87.3,87.3,0.0,-24731.975638,0.0
2019-03-27,18,0,84,0.0,0.0,0.0,-0.0,0.0
2019-03-27,18,0,86,8.55,8.55,0.0,109.877618,0.0
2019-03-27,18,0,87,43.64,43.64,0.0,560.825643,0.0
2019-03-27,18,0,88,51.18,51.18,0.0,-14499.226955,0.0
2019-03-27,18,0,89,49.2,49.2,0.0,-13938.295549,0.0
2019-03-27,18,0,90,66.06,66.06,0.0,-18714.711462,0.0
2019-03-27,18,0,91,235.65,235.65,0.0,-66759.336302,0.0
2019-03-27,18,0,92,84.75,84.75,0.0,-24009.563979,0.0
2019-03-27,18,0,95,90.42,90.42,0.0,2297.906161,0.0
2019-03-27,18,0,96,29.88,29.88,0.0,-777.433898,0.0
2019-03-27,18,0,97,183.75,183.75,0.0,-4780.906252,0.0
2019-03-27,18,0,99,12.6,12.6,0.0,-6.624405,0.0
2019-03-27,18,0,101,7.28,7.28,0.0,-187.92616,0.0
2019-03-27,18,0,102,24.15,24.15,0.0,-9810.843494,0.0
2019-03-27,18,0,103,21.0,21.0,0.0,-8531.168255,0.0
2019-03-27,18,0,104,3.9,3.9,0.0,-1584.359819,0.0
2019-03-27,18,0,106,150.17,150.17,0.0,-3847.108103,0.0
2019-03-27,18,0,109,60.0,60.0,0.0,-527.065346,0.0
2019-03-27,18,0,110,338.6,338.6,0.0,-338600.0,0.0
2019-03-27,18,0,111,11.28,11.28,0.0,-172.737495,0.0
2019-03-27,18,0,113,45.0,45.0,0.0,-11595.697484,0.0
2019-03-27,18,0,115,45.0,45.0,0.0,-11595.697484,0.0
2019-03-27,18,0,116,61.94,61.94,0.0,-61940.0,0.0
2019-03-27,18,0,117,3.0,3.0,0.0,-773.046499,0.0
2019-03-27,18,0,119,200.0,200.0,0.0,22514.587566,0.0
2019-03-27,18,0,120,117.6,117.6,0.0,13238.577489,0.0
2019-03-27,18,0,123,2.5,2.5,0.0,-64.045883,0.0
2019-03-27,18,0,125,152.35,152.35,0.0,-3902.956113,0.0
2019-03-27,18,0,126,112.63,112.63,0.0,-2885.395123,0.0
2019-03-27,18,0,127,144.54,144.54,0.0,-3702.876774,0.0
2019-03-27,18,0,128,218.77,218.77,0.0,-5604.527133,0.0
2019-03-27,18,0,131,30.0,30.0,0.0,-11016.327359,0.0
2019-03-27,18,0,132,44.1,44.1,0.0,-16194.001218,0.0
2019-03-27,18,0,133,139.8,139.8,0.0,937.994859,0.0
2019-03-27,18,0,134,0.0,0.0,0.0,0.0,0.0
2019-03-27,18,0,135,187.33,187.33,0.0,1256.899692,0.0
2019-03-27,18,0,136,45.9,45.9,0.0,294.874757,0.0
2019-03-27,18,0,139,44.94,44.94,0.0,-688.193529,0.0
2019-03-27,18,0,140,250.6,250.6,0.0,-250600.0,0.0
2019-03-27,18,0,141,230.0,230.0,0.0,-127053.715812,0.0
2019-03-27,18,0,142,257.51,257.51,0.0,-142250.445039,0.0
2019-03-27,18,0,143,176.17,176.17,0.0,-4547.658176,0.0
2019-03-27,18,0,145,30.0,30.0,0.0,-584.724089,0.0
2019-03-27,18,0,146,268.0,268.0,0.0,-268000.0,0.0
2019-03-27,18,0,152,4.99,4.99,0.0,-1.861786,0.0
2019-03-27,18,0,153,6.32,6.32,0.0,-4.374984,0.0
2019-03-27,18,0,154,46.54,46.54,0.0,-712.695301,0.0
2019-03-27,18,0,157,250.0,250.0,0.0,-138101.865014,0.0
2019-03-27,18,0,158,218.72,218.72,0.0,-120822.559663,0.0
2019-03-27,18,0,159,0.0,0.0,0.0,0.0,0.0
2019-03-27,18,0,160,1.63,1.63,0.0,3.154754,0.0
2019-03-27,18,0,161,36.26,36.26,0.0,-14730.483854,0.0
2019-03-27,18,0,162,162.5,162.5,0.0,4263.753901,0.0
2019-03-27,18,0,163,185.4,185.4,0.0,-185400.0,0.0
2019-03-27,18,0,164,12.78,12.78,0.0,-329.90334,0.0
2019-03-27,18,0,167,3.59,3.59,0.0,81.255083,0.0
2019-03-27,18,0,168,1.8,1.8,0.0,40.74071,0.0
2019-03-27,18,0,169,0.0,0.0,0.0,0.0,0.0
2019-03-27,18,0,170,3.93,3.93,0.0,88.950551,0.0
2019-03-27,18,0,172,4.87,4.87,0.0,53.965071,0.0
2019-03-27,18,0,173,7.42,7.42,0.0,82.221936,0.0
2019-03-27,18,0,188,6.67,6.67,0.0,142.988759,0.0
2019-03-27,18,0,190,4.61,4.61,0.0,149.491038,0.0
2019-03-27,18,0,191,11.91,11.91,0.0,386.212205,0.0
2019-03-27,18,0,192,332.6,332.6,0.0,10785.405497,0.0
2019-03-27,18,0,194,98.98,98.98,0.0,-12371.045553,0.0
2019-03-27,18,0,196,3.49,3.49,0.0,931.548444,0.0
2019-03-27,18,0,198,7.16,7.16,0.0,58.554603,0.0
2019-03-27,18,0,199,130.0,130.0,0.0,-2297.593211,0.0
2019-03-27,18,0,200,12.2,12.2,0.0,-215.620286,0.0
2019-03-27,18,0,204,257.1,257.1,0.0,-2469.921959,0.0
2019-03-27,18,0,205,317.4,317.4,0.0,-2788.175681,0.0
2019-03-27,18,0,206,539.94,539.94,0.0,-14048.449097,0.0
2019-03-27,18,0,210,1.47,1.47,0.0,9.889864,0.0
2019-03-27,18,0,214,8.52,8.52,0.0,140.580745,0.0
2019-03-27,18,0,217,5.56,5.56,0.0,68.283818,0.0
2019-03-27,18,0,218,7.67,7.67,0.0,94.197281,0.0
2019-03-27,18,0,219,5.23,5.23,0.0,64.231002,0.0
2019-03-27,18,0,221,4.54,4.54,0.0,74.910397,0.0
2019-03-27,18,0,225,4.13,4.13,0.0,20.555576,0.0
2019-03-27,18,0,233,4.84,4.84,0.0,62.199728,0.0
2019-03-27,18,0,236,159.03,159.03,0.0,522.564073,0.0
2019-03-27,18,0,237,156.6,156.6,0.0,-82.331888,0.0
2019-03-27,18,0,238,38.33,38.33,0.0,205.057792,0.0
2019-03-27,18,0,240,8.03,8.03,0.0,-25.998733,0.0
2019-03-27,18,0,245,78.0,78.0,0.0,592.724328,0.0
2019-03-27,18,0,247,171.72,171.72,0.0,1304.905405,0.0
2019-03-27,18,0,248,15.72,15.72,0.0,-8.264734,0.0
2019-03-27,18,0,249,150.0,150.0,0.0,1139.854477,0.0
2019-03-27,18,0,251,326.4,326.4,0.0,1968.302204,0.0
2019-03-27,18,0,252,267.06,267.06,0.0,1719.309529,0.0
2019-03-27,18,0,254,11.66,11.66,0.0,-13.269943,0.0
2019-03-27,18,0,255,5.35,5.35,0.0,-6.088696,0.0
2019-03-27,18,0,258,9.98,9.98,0.0,-30.587556,0.0
2019-03-27,18,0,260,3.97,3.97,0.0,7.683665,0.0
2019-03-27,18,0,265,48.18,48.18,0.0,-737.809618,0.0
2019-03-27,18,0,266,29.1,29.1,0.0,-445.625983,0.0
2019-03-27,18,0,267,35.76,35.76,0.0,-547.61461,0.0
2019-03-27,18,0,270,579.0,579.0,0.0,-579000.0,0.0
2019-03-27,18,0,272,150.39,150.39,0.0,-38752.820993,0.0
2019-03-27,18,0,273,14.81,14.81,0.0,-14810.0,0.0
2019-03-27,18,0,274,746.4,746.4,0.0,-746400.0,0.0
2019-03-27,18,0,275,1039.0,1039.0,0.0,-1039000.0,0.0
2019-03-27,18,0,276,3.6,3.6,0.0,-3240.223321,0.0
2019-03-27,18,0,277,4.65,4.65,0.0,-1245.977935,0.0
2019-03-27,18,0,278,7.43,7.43,0.0,-1990.885173,0.0
2019-03-27,18,0,279,264.6,264.6,0.0,-70900.163779,0.0
2019-03-27,18,0,281,41.41,41.41,0.0,-1068.959102,0.0
2019-03-27,18,0,282,198.36,198.36,0.0,-5120.471566,0.0
2019-03-27,19,0,9,0.68,0.68,0.0,5.633107,0.0
2019-03-27,19,0,17,6.69,6.69,0.0,49.778162,0.0
2019-03-27,19,0,19,615.51,615.51,0.0,4579.814102,0.0
2019-03-27,19,0,20,748.14,748.14,0.0,5566.671739,0.0
2019-03-27,19,0,21,15.6,15.6,0.0,129.230095,0.0
2019-03-27,19,0,22,55.43,55.43,0.0,459.181035,0.0
2019-03-27,19,0,23,108.8,108.8,0.0,901.297071,0.0
2019-03-27,19,0,24,192.5,192.5,0.0,1594.666234,0.0
2019-03-27,19,0,29,0.86,0.86,0.0,6.137881,0.0
2019-03-27,19,0,30,140.25,140.25,0.0,1162.578278,0.0
2019-03-27,19,0,31,37.5,37.5,0.0,310.849807,0.0
2019-03-27,19,0,32,0.83,0.83,0.0,29.967598,0.0
2019-03-27,19,0,33,0.43,0.43,0.0,3.135667,0.0
2019-03-27,19,0,34,0.68,0.68,0.0,4.958728,0.0
2019-03-27,19,0,35,0.68,0.68,0.0,4.958728,0.0
2019-03-27,19,0,36,2.01,2.01,0.0,15.408312,0.0
2019-03-27,19,0,37,0.92,0.92,0.0,7.054661,0.0
2019-03-27,19,0,38,1.18,1.18,0.0,9.04837,0.0
2019-03-27,19,0,39,0.79,0.79,0.0,6.057807,0.0
2019-03-27,19,0,40,0.79,0.79,0.0,6.057807,0.0
2019-03-27,19,0,41,34.8,34.8,0.0,278.589073,0.0
2019-03-27,19,0,42,10.95,10.95,0.0,81.827786,0.0
2019-03-27,19,0,43,5.67,5.67,0.0,43.232974,0.0
2019-03-27,19,0,46,4.89,4.89,0.0,37.774104,0.0
2019-03-27,19,0,52,39.75,39.75,0.0,329.500795,0.0
2019-03-27,19,0,53,63.15,63.15,0.0,523.471075,0.0
2019-03-27,19,0,55,186.9,186.9,0.0,1548.275943,0.0
2019-03-27,19,0,56,41.37,41.37,0.0,342.929507,0.0
2019-03-27,19,0,57,39.35,39.35,0.0,326.185064,0.0
2019-03-27,19,0,58,75.67,75.67,0.0,627.253464,0.0
2019-03-27,19,0,59,74.41,74.41,0.0,616.80891,0.0
2019-03-27,19,0,63,170.0,170.0,0.0,18943.524549,0.0
2019-03-27,19,0,64,200.0,200.0,0.0,22286.49947,0.0
2019-03-27,19,0,65,41.4,41.4,0.0,308.291675,0.0
2019-03-27,19,0,67,73.73,73.73,0.0,-41180.156091,0.0
2019-03-27,19,0,68,12.55,12.55,0.0,-5200.259044,0.0
2019-03-27,19,0,69,0.43,0.43,0.0,3.135667,0.0
2019-03-27,19,0,74,65.28,65.28,0.0,497.195674,0.0
2019-03-27,19,0,77,60.0,60.0,0.0,-17662.48514,0.0
2019-03-27,19,0,78,45.36,45.36,0.0,-13352.838766,0.0
2019-03-27,19,0,79,26.25,26.25,0.0,-7727.337249,0.0
2019-03-27,19,0,80,42.45,42.45,0.0,-12496.208237,0.0
2019-03-27,19,0,81,55.5,55.5,0.0,-16337.798755,0.0
2019-03-27,19,0,82,39.15,39.15,0.0,-11524.771554,0.0
2019-03-27,19,0,83,87.3,87.3,0.0,-25698.915879,0.0
2019-03-27,19,0,84,0.0,0.0,0.0,0.0,0.0
2019-03-27,19,0,86,2.16,2.16,0.0,15.751255,0.0
2019-03-27,19,0,87,11.04,11.04,0.0,80.506415,0.0
2019-03-27,19,0,88,51.18,51.18,0.0,-15066.099825,0.0
2019-03-27,19,0,89,49.2,49.2,0.0,-14483.237815,0.0
2019-03-27,19,0,90,66.06,66.06,0.0,-19446.39614,0.0
2019-03-27,19,0,91,235.65,235.65,0.0,-69369.410389,0.0
2019-03-27,19,0,92,84.75,84.75,0.0,-24948.260261,0.0
2019-03-27,19,0,95,60.97,60.97,0.0,2392.097837,0.0
2019-03-27,19,0,96,29.88,29.88,0.0,247.852123,0.0
2019-03-27,19,0,97,183.75,183.75,0.0,1524.191019,0.0
2019-03-27,19,0,99,12.6,12.6,0.0,95.966077,0.0
2019-03-27,19,0,101,2.83,2.83,0.0,23.458799,0.0
2019-03-27,19,0,102,35.91,35.91,0.0,-14879.78504,0.0
2019-03-27,19,0,103,30.13,30.13,0.0,-12484.765337,0.0
2019-03-27,19,0,104,4.3,4.3,0.0,-1781.762063,0.0
2019-03-27,19,0,106,54.57,54.57,0.0,452.056812,0.0
2019-03-27,19,0,109,60.0,60.0,0.0,469.290535,0.0
2019-03-27,19,0,110,338.6,338.6,0.0,-338600.0,0.0
2019-03-27,19,0,111,4.15,4.15,0.0,33.222547,0.0
2019-03-27,19,0,113,45.0,45.0,0.0,-11920.990399,0.0
2019-03-27,19,0,115,45.0,45.0,0.0,-11920.990399,0.0
2019-03-27,19,0,116,23.41,23.41,0.0,-23410.0,0.0
2019-03-27,19,0,117,3.0,3.0,0.0,-794.732693,0.0
2019-03-27,19,0,119,200.0,200.0,0.0,22286.49947,0.0
2019-03-27,19,0,120,117.6,117.6,0.0,13104.461688,0.0
2019-03-27,19,0,123,0.91,0.91,0.0,7.538422,0.0
2019-03-27,19,0,125,174.2,174.2,0.0,1443.069392,0.0
2019-03-27,19,0,126,40.92,40.92,0.0,338.980479,0.0
2019-03-27,19,0,127,52.52,52.52,0.0,435.074652,0.0
2019-03-27,19,0,128,249.5,249.5,0.0,2066.853118,0.0
2019-03-27,19,0,131,30.0,30.0,0.0,-11275.851662,0.0
2019-03-27,19,0,132,44.1,44.1,0.0,-16575.501943,0.0
2019-03-27,19,0,133,135.62,135.62,0.0,1009.028906,0.0
2019-03-27,19,0,134,0.0,0.0,0.0,0.0,0.0
2019-03-27,19,0,135,183.78,183.78,0.0,1367.345025,0.0
2019-03-27,19,0,136,45.9,45.9,0.0,341.816701,0.0
2019-03-27,19,0,139,44.94,44.94,0.0,359.764165,0.0
2019-03-27,19,0,140,250.6,250.6,0.0,-250600.0,0.0
2019-03-27,19,0,141,230.0,230.0,0.0,-128461.086409,0.0
2019-03-27,19,0,142,97.23,97.23,0.0,-54305.527963,0.0
2019-03-27,19,0,143,71.55,71.55,0.0,593.101432,0.0
2019-03-27,19,0,145,30.0,30.0,0.0,243.470427,0.0
2019-03-27,19,0,146,268.0,268.0,0.0,-268000.0,0.0
2019-03-27,19,0,152,1.5,1.5,0.0,11.414096,0.0
2019-03-27,19,0,153,1.83,1.83,0.0,13.93911,0.0
2019-03-27,19,0,154,17.11,17.11,0.0,136.972961,0.0
2019-03-27,19,0,157,250.0,250.0,0.0,-139631.615661,0.0
2019-03-27,19,0,158,84.43,84.43,0.0,-47156.389241,0.0
2019-03-27,19,0,159,0.0,0.0,0.0,0.0,0.0
2019-03-27,19,0,160,0.43,0.43,0.0,3.221459,0.0
2019-03-27,19,0,161,12.76,12.76,0.0,-5287.27533,0.0
2019-03-27,19,0,162,136.13,136.13,0.0,5449.082891,0.0
2019-03-27,19,0,163,185.4,185.4,0.0,-185400.0,0.0
2019-03-27,19,0,164,5.67,5.67,0.0,47.000491,0.0
2019-03-27,19,0,167,0.93,0.93,0.0,34.503239,0.0
2019-03-27,19,0,168,0.46,0.46,0.0,17.066118,0.0
2019-03-27,19,0,169,0.0,0.0,0.0,0.0,0.0
2019-03-27,19,0,170,1.01,1.01,0.0,37.471259,0.0
2019-03-27,19,0,172,1.2,1.2,0.0,21.254599,0.0
2019-03-27,19,0,173,1.83,1.83,0.0,32.413264,0.0
2019-03-27,19,0,188,1.73,1.73,0.0,40.160213,0.0
2019-03-27,19,0,190,1.62,1.62,0.0,52.532643,0.0
2019-03-27,19,0,191,4.19,4.19,0.0,135.871464,0.0
2019-03-27,19,0,192,332.6,332.6,0.0,10785.405497,0.0
2019-03-27,19,0,194,176.5,176.5,0.0,-22964.730223,0.0
2019-03-27,19,0,196,1.15,1.15,0.0,302.864232,0.0
2019-03-27,19,0,198,1.73,1.73,0.0,12.569351,0.0
2019-03-27,19,0,199,120.77,120.77,0.0,-3898.312849,0.0
2019-03-27,19,0,200,2.93,2.93,0.0,-94.576937,0.0
2019-03-27,19,0,204,257.1,257.1,0.0,2016.33159,0.0
2019-03-27,19,0,205,317.4,317.4,0.0,2482.54693,0.0
2019-03-27,19,0,206,539.94,539.94,0.0,4478.757543,0.0
2019-03-27,19,0,210,0.3,0.3,0.0,2.132067,0.0
2019-03-27,19,0,214,1.85,1.85,0.0,13.328264,0.0
2019-03-27,19,0,217,1.18,1.18,0.0,8.449285,0.0
2019-03-27,19,0,218,1.63,1.63,0.0,11.67147,0.0
2019-03-27,19,0,219,1.11,1.11,0.0,7.948057,0.0
2019-03-27,19,0,221,0.99,0.99,0.0,7.132423,0.0
2019-03-27,19,0,225,0.8,0.8,0.0,5.711989,0.0
2019-03-27,19,0,233,1.22,1.22,0.0,8.896542,0.0
2019-03-27,19,0,236,159.03,159.03,0.0,1196.260994,0.0
2019-03-27,19,0,237,156.6,156.6,0.0,1192.721239,0.0
2019-03-27,19,0,238,14.26,14.26,0.0,106.562943,0.0
2019-03-27,19,0,240,2.27,2.27,0.0,17.401427,0.0
2019-03-27,19,0,245,78.0,78.0,0.0,578.658825,0.0
2019-03-27,19,0,247,171.72,171.72,0.0,1273.939658,0.0
2019-03-27,19,0,248,15.72,15.72,0.0,119.729105,0.0
2019-03-27,19,0,249,150.0,150.0,0.0,1112.805432,0.0
2019-03-27,19,0,251,326.4,326.4,0.0,2433.792456,0.0
2019-03-27,19,0,252,267.06,267.06,0.0,1988.704706,0.0
2019-03-27,19,0,254,3.1,3.1,0.0,23.533539,0.0
2019-03-27,19,0,255,1.42,1.42,0.0,10.779879,0.0
2019-03-27,19,0,258,2.79,2.79,0.0,21.369198,0.0
2019-03-27,19,0,260,1.04,1.04,0.0,7.791437,0.0
2019-03-27,19,0,265,17.71,17.71,0.0,141.776221,0.0
2019-03-27,19,0,266,29.1,29.1,0.0,232.958104,0.0
2019-03-27,19,0,267,35.76,35.76,0.0,286.274289,0.0
2019-03-27,19,0,270,579.0,579.0,0.0,-579000.0,0.0
2019-03-27,19,0,272,150.39,150.39,0.0,-39839.949914,0.0
2019-03-27,19,0,273,5.6,5.6,0.0,-5600.0,0.0
2019-03-27,19,0,274,746.4,746.4,0.0,-746400.0,0.0
2019-03-27,19,0,275,1039.0,1039.0,0.0,-1039000.0,0.0
2019-03-27,19,0,276,1.24,1.24,0.0,-1117.771064,0.0
2019-03-27,19,0,277,1.56,1.56,0.0,-431.688555,0.0
2019-03-27,19,0,278,2.49,2.49,0.0,-689.041347,0.0
2019-03-27,19,0,279,264.6,264.6,0.0,-73221.02025,0.0
2019-03-27,19,0,281,16.83,16.83,0.0,139.509393,0.0
2019-03-27,19,0,282,76.93,76.93,0.0,637.698017,0.0
2019-03-27,20,0,9,0.0,0.0,0.0,0.0,0.0
2019-03-27,20,0,17,0.0,0.0,0.0,0.0,0.0
2019-03-27,20,0,19,643.3,643.3,0.0,442.869441,0.0
2019-03-27,20,0,20,780.2,780.2,0.0,537.116023,0.0
2019-03-27,20,0,21,0.0,0.0,0.0,0.0,0.0
2019-03-27,20,0,22,0.0,0.0,0.0,0.0,0.0
2019-03-27,20,0,23,108.8,108.8,0.0,937.670765,0.0
2019-03-27,20,0,24,192.5,192.5,0.0,1659.022264,0.0
2019-03-27,20,0,29,0.0,0.0,0.0,0.0,0.0
2019-03-27,20,0,30,2.28,2.28,0.0,19.646999,0.0
2019-03-27,20,0,31,37.5,37.5,0.0,323.141436,0.0
2019-03-27,20,0,32,0.0,0.0,0.0,0.0,0.0
2019-03-27,20,0,33,0.0,0.0,0.0,0.0,0.0
2019-03-27,20,0,34,0.0,0.0,0.0,0.0,0.0
2019-03-27,20,0,35,0.0,0.0,0.0,0.0,0.0
2019-03-27,20,0,36,0.0,0.0,0.0,0.0,0.0
2019-03-27,20,0,37,0.0,0.0,0.0,0.0,0.0
2019-03-27,20,0,38,0.0,0.0,0.0,0.0,0.0
2019-03-27,20,0,39,0.0,0.0,0.0,0.0,0.0
2019-03-27,20,0,40,0.0,0.0,0.0,0.0,0.0
2019-03-27,20,0,41,60.5,60.5,0.0,525.056676,0.0
2019-03-27,20,0,42,0.0,0.0,0.0,0.0,0.0
2019-03-27,20,0,43,0.0,0.0,0.0,0.0,0.0
2019-03-27,20,0,46,0.0,0.0,0.0,0.0,0.0
2019-03-27,20,0,52,39.75,39.75,0.0,342.529922,0.0
2019-03-27,20,0,53,63.15,63.15,0.0,544.170178,0.0
2019-03-27,20,0,55,186.9,186.9,0.0,1610.759798,0.0
2019-03-27,20,0,56,0.67,0.67,0.0,5.77346,0.0
2019-03-27,20,0,57,0.64,0.64,0.0,5.514947,0.0
2019-03-27,20,0,58,1.23,1.23,0.0,10.599039,0.0
2019-03-27,20,0,59,1.21,1.21,0.0,10.426697,0.0
2019-03-27,20,0,63,170.0,170.0,0.0,18009.578592,0.0
2019-03-27,20,0,64,200.0,200.0,0.0,21187.73952,0.0
2019-03-27,20,0,65,41.4,41.4,0.0,194.864325,0.0
2019-03-27,20,0,67,0.0,0.0,0.0,-0.0,0.0
2019-03-27,20,0,68,10.2,10.2,0.0,-4250.819587,0.0
2019-03-27,20,0,69,0.0,0.0,0.0,0.0,0.0
2019-03-27,20,0,74,65.28,65.28,0.0,571.48795,0.0
2019-03-27,20,0,77,84.7,84.7,0.0,-25173.247598,0.0
2019-03-27,20,0,78,64.3,64.3,0.0,-19110.269428,0.0
2019-03-27,20,0,79,37.43,37.43,0.0,-11124.376123,0.0
2019-03-27,20,0,80,60.23,60.23,0.0,-17900.645842,0.0
2019-03-27,20,0,81,78.45,78.45,0.0,-23315.717521,0.0
2019-03-27,20,0,82,55.6,55.6,0.0,-16524.587561,0.0
2019-03-27,20,0,83,122.29,122.29,0.0,-36345.176491,0.0
2019-03-27,20,0,84,0.0,0.0,0.0,-0.0,0.0
2019-03-27,20,0,86,0.0,0.0,0.0,0.0,0.0
2019-03-27,20,0,87,0.0,0.0,0.0,0.0,0.0
2019-03-27,20,0,88,95.98,95.98,0.0,-28525.71788,0.0
2019-03-27,20,0,89,92.28,92.28,0.0,-27426.060075,0.0
2019-03-27,20,0,90,123.8,123.8,0.0,-36793.955757,0.0
2019-03-27,20,0,91,440.78,440.78,0.0,-131001.937146,0.0
2019-03-27,20,0,92,158.74,158.74,0.0,-47178.291897,0.0
2019-03-27,20,0,95,73.1,73.1,0.0,2474.259747,0.0
2019-03-27,20,0,96,31.77,31.77,0.0,273.725829,0.0
2019-03-27,20,0,97,229.39,229.39,0.0,1976.391816,0.0
2019-03-27,20,0,99,12.6,12.6,0.0,110.305579,0.0
2019-03-27,20,0,101,0.05,0.05,0.0,0.430855,0.0
2019-03-27,20,0,102,24.15,24.15,0.0,-10064.440494,0.0
2019-03-27,20,0,103,21.0,21.0,0.0,-8751.687386,0.0
2019-03-27,20,0,104,3.9,3.9,0.0,-1625.313372,0.0
2019-03-27,20,0,106,0.0,0.0,0.0,0.0,0.0
2019-03-27,20,0,109,60.0,60.0,0.0,523.375068,0.0
2019-03-27,20,0,110,338.6,338.6,0.0,-338600.0,0.0
2019-03-27,20,0,111,0.0,0.0,0.0,0.0,0.0
2019-03-27,20,0,113,45.0,45.0,0.0,-12059.959385,0.0
2019-03-27,20,0,115,45.0,45.0,0.0,-12059.959385,0.0
2019-03-27,20,0,116,0.0,0.0,0.0,-0.0,0.0
2019-03-27,20,0,117,3.0,3.0,0.0,-803.997292,0.0
2019-03-27,20,0,119,200.0,200.0,0.0,21187.73952,0.0
2019-03-27,20,0,120,117.6,117.6,0.0,12458.390838,0.0
2019-03-27,20,0,123,0.0,0.0,0.0,0.0,0.0
2019-03-27,20,0,125,174.2,174.2,0.0,1501.30742,0.0
2019-03-27,20,0,126,0.0,0.0,0.0,0.0,0.0
2019-03-27,20,0,127,0.0,0.0,0.0,0.0,0.0
2019-03-27,20,0,128,249.5,249.5,0.0,2150.265221,0.0
2019-03-27,20,0,131,30.0,30.0,0.0,-11352.065547,0.0
2019-03-27,20,0,132,44.1,44.1,0.0,-16687.536355,0.0
2019-03-27,20,0,133,103.8,103.8,0.0,970.733646,0.0
2019-03-27,20,0,134,0.0,0.0,0.0,0.0,0.0
2019-03-27,20,0,135,138.32,138.32,0.0,1293.56337,0.0
2019-03-27,20,0,136,45.9,45.9,0.0,226.17095,0.0
2019-03-27,20,0,139,80.98,80.98,0.0,702.79487,0.0
2019-03-27,20,0,140,250.6,250.6,0.0,-250600.0,0.0
2019-03-27,20,0,141,230.0,230.0,0.0,-128874.385586,0.0
2019-03-27,20,0,142,0.0,0.0,0.0,-0.0,0.0
2019-03-27,20,0,143,71.55,71.55,0.0,616.55386,0.0
2019-03-27,20,0,145,30.0,30.0,0.0,259.689486,0.0
2019-03-27,20,0,146,268.0,268.0,0.0,-268000.0,0.0
2019-03-27,20,0,152,0.0,0.0,0.0,0.0,0.0
2019-03-27,20,0,153,0.0,0.0,0.0,0.0,0.0
2019-03-27,20,0,154,0.0,0.0,0.0,0.0,0.0
2019-03-27,20,0,157,250.0,250.0,0.0,-140080.853898,0.0
2019-03-27,20,0,158,5.96,5.96,0.0,-3339.527557,0.0
2019-03-27,20,0,159,0.0,0.0,0.0,0.0,0.0
2019-03-27,20,0,160,0.0,0.0,0.0,0.0,0.0
2019-03-27,20,0,161,0.0,0.0,0.0,-0.0,0.0
2019-03-27,20,0,162,131.27,131.27,0.0,4547.534939,0.0
2019-03-27,20,0,163,185.4,185.4,0.0,-185400.0,0.0
2019-03-27,20,0,164,0.47,0.47,0.0,4.050039,0.0
2019-03-27,20,0,167,0.0,0.0,0.0,0.0,0.0
2019-03-27,20,0,168,0.0,0.0,0.0,0.0,0.0
2019-03-27,20,0,169,0.0,0.0,0.0,0.0,0.0
2019-03-27,20,0,170,0.0,0.0,0.0,0.0,0.0
2019-03-27,20,0,172,0.0,0.0,0.0,0.0,0.0
2019-03-27,20,0,173,0.0,0.0,0.0,0.0,0.0
2019-03-27,20,0,188,0.0,0.0,0.0,0.0,0.0
2019-03-27,20,0,190,0.0,0.0,0.0,0.0,0.0
2019-03-27,20,0,191,0.0,0.0,0.0,0.0,0.0
2019-03-27,20,0,192,332.6,332.6,0.0,10785.405497,0.0
2019-03-27,20,0,194,176.5,176.5,0.0,-23629.39962,0.0
2019-03-27,20,0,196,0.0,0.0,0.0,0.0,0.0
2019-03-27,20,0,198,0.0,0.0,0.0,0.0,0.0
2019-03-27,20,0,199,107.1,107.1,0.0,-3389.099774,0.0
2019-03-27,20,0,200,0.0,0.0,0.0,-0.0,0.0
2019-03-27,20,0,204,465.33,465.33,0.0,4057.150106,0.0
2019-03-27,20,0,205,317.4,317.4,0.0,2768.654111,0.0
2019-03-27,20,0,206,868.95,868.95,0.0,7486.750376,0.0
2019-03-27,20,0,210,0.0,0.0,0.0,0.0,0.0
2019-03-27,20,0,214,0.0,0.0,0.0,0.0,0.0
2019-03-27,20,0,217,0.0,0.0,0.0,0.0,0.0
2019-03-27,20,0,218,0.0,0.0,0.0,0.0,0.0
2019-03-27,20,0,219,0.0,0.0,0.0,0.0,0.0
2019-03-27,20,0,221,0.0,0.0,0.0,0.0,0.0
2019-03-27,20,0,225,0.0,0.0,0.0,0.0,0.0
2019-03-27,20,0,233,0.0,0.0,0.0,0.0,0.0
2019-03-27,20,0,236,159.03,159.03,0.0,1395.884651,0.0
2019-03-27,20,0,237,156.6,156.6,0.0,1370.940763,0.0
2019-03-27,20,0,238,0.0,0.0,0.0,0.0,0.0
2019-03-27,20,0,240,0.0,0.0,0.0,0.0,0.0
2019-03-27,20,0,245,145.89,145.89,0.0,1167.357046,0.0
2019-03-27,20,0,247,171.72,171.72,0.0,1374.039015,0.0
2019-03-27,20,0,248,15.72,15.72,0.0,137.619341,0.0
2019-03-27,20,0,249,280.44,280.44,0.0,2243.975666,0.0
2019-03-27,20,0,251,326.4,326.4,0.0,1957.076681,0.0
2019-03-27,20,0,252,267.06,267.06,0.0,1257.016103,0.0
2019-03-27,20,0,254,0.0,0.0,0.0,0.0,0.0
2019-03-27,20,0,255,0.0,0.0,0.0,0.0,0.0
2019-03-27,20,0,258,0.0,0.0,0.0,0.0,0.0
2019-03-27,20,0,260,0.0,0.0,0.0,0.0,0.0
2019-03-27,20,0,265,0.0,0.0,0.0,0.0,0.0
2019-03-27,20,0,266,49.35,49.35,0.0,428.290033,0.0
2019-03-27,20,0,267,62.41,62.41,0.0,541.632846,0.0
2019-03-27,20,0,270,579.0,579.0,0.0,-579000.0,0.0
2019-03-27,20,0,272,150.39,150.39,0.0,-40304.384263,0.0
2019-03-27,20,0,273,0.0,0.0,0.0,-0.0,0.0
2019-03-27,20,0,274,746.4,746.4,0.0,-746400.0,0.0
2019-03-27,20,0,275,1039.0,1039.0,0.0,-1039000.0,0.0
2019-03-27,20,0,276,0.0,0.0,0.0,-0.0,0.0
2019-03-27,20,0,277,0.0,0.0,0.0,-0.0,0.0
2019-03-27,20,0,278,0.0,0.0,0.0,-0.0,0.0
2019-03-27,20,0,279,651.99,651.99,0.0,-182366.91008,0.0
2019-03-27,20,0,281,16.83,16.83,0.0,145.025876,0.0
2019-03-27,20,0,282,1.25,1.25,0.0,10.771381,0.0
2019-03-27,21,0,9,0.0,0.0,0.0,0.0,0.0
2019-03-27,21,0,17,0.0,0.0,0.0,0.0,0.0
2019-03-27,21,0,19,643.3,643.3,0.0,1049.025333,0.0
2019-03-27,21,0,20,780.2,780.2,0.0,1272.267317,0.0
2019-03-27,21,0,21,0.0,0.0,0.0,0.0,0.0
2019-03-27,21,0,22,0.0,0.0,0.0,0.0,0.0
2019-03-27,21,0,23,108.8,108.8,0.0,1232.478146,0.0
2019-03-27,21,0,24,192.5,192.5,0.0,2180.625396,0.0
2019-03-27,21,0,29,0.0,0.0,0.0,0.0,0.0
2019-03-27,21,0,30,0.0,0.0,0.0,0.0,0.0
2019-03-27,21,0,31,37.5,37.5,0.0,425.917401,0.0
2019-03-27,21,0,32,0.0,0.0,0.0,0.0,0.0
2019-03-27,21,0,33,0.0,0.0,0.0,0.0,0.0
2019-03-27,21,0,34,0.0,0.0,0.0,0.0,0.0
2019-03-27,21,0,35,0.0,0.0,0.0,0.0,0.0
2019-03-27,21,0,36,0.0,0.0,0.0,0.0,0.0
2019-03-27,21,0,37,0.0,0.0,0.0,0.0,0.0
2019-03-27,21,0,38,0.0,0.0,0.0,0.0,0.0
2019-03-27,21,0,39,0.0,0.0,0.0,0.0,0.0
2019-03-27,21,0,40,0.0,0.0,0.0,0.0,0.0
2019-03-27,21,0,41,111.37,111.37,0.0,1088.176655,0.0
2019-03-27,21,0,42,0.0,0.0,0.0,0.0,0.0
2019-03-27,21,0,43,0.0,0.0,0.0,0.0,0.0
2019-03-27,21,0,46,0.0,0.0,0.0,0.0,0.0
2019-03-27,21,0,52,39.75,39.75,0.0,451.472445,0.0
2019-03-27,21,0,53,63.15,63.15,0.0,717.244903,0.0
2019-03-27,21,0,55,186.9,186.9,0.0,2117.189021,0.0
2019-03-27,21,0,56,0.0,0.0,0.0,0.0,0.0
2019-03-27,21,0,57,0.0,0.0,0.0,0.0,0.0
2019-03-27,21,0,58,0.0,0.0,0.0,0.0,0.0
2019-03-27,21,0,59,0.0,0.0,0.0,0.0,0.0
2019-03-27,21,0,63,170.0,170.0,0.0,16315.926526,0.0
2019-03-27,21,0,64,200.0,200.0,0.0,19195.207678,0.0
2019-03-27,21,0,65,41.4,41.4,0.0,171.116004,0.0
2019-03-27,21,0,67,0.0,0.0,0.0,-0.0,0.0
2019-03-27,21,0,68,10.2,10.2,0.0,-4313.595199,0.0
2019-03-27,21,0,69,0.0,0.0,0.0,0.0,0.0
2019-03-27,21,0,74,65.28,65.28,0.0,495.517247,0.0
2019-03-27,21,0,77,172.48,172.48,0.0,-52575.535224,0.0
2019-03-27,21,0,78,130.65,130.65,0.0,-39824.870577,0.0
2019-03-27,21,0,79,75.79,75.79,0.0,-23102.387608,0.0
2019-03-27,21,0,80,122.31,122.31,0.0,-37282.662994,0.0
2019-03-27,21,0,81,159.64,159.64,0.0,-48661.632904,0.0
2019-03-27,21,0,82,112.85,112.85,0.0,-34399.055833,0.0
2019-03-27,21,0,83,250.05,250.05,0.0,-76220.504307,0.0
2019-03-27,21,0,84,0.0,0.0,0.0,-0.0,0.0
2019-03-27,21,0,86,0.0,0.0,0.0,0.0,0.0
2019-03-27,21,0,87,0.0,0.0,0.0,0.0,0.0
2019-03-27,21,0,88,170.6,170.6,0.0,-52002.471645,0.0
2019-03-27,21,0,89,164.0,164.0,0.0,-49990.652695,0.0
2019-03-27,21,0,90,220.2,220.2,0.0,-67121.595874,0.0
2019-03-27,21,0,91,785.5,785.5,0.0,-239436.937145,0.0
2019-03-27,21,0,92,282.5,282.5,0.0,-86111.947477,0.0
2019-03-27,21,0,95,87.25,87.25,0.0,2159.195213,0.0
2019-03-27,21,0,96,29.88,29.88,0.0,340.303852,0.0
2019-03-27,21,0,97,183.75,183.75,0.0,2092.732021,0.0
2019-03-27,21,0,99,12.6,12.6,0.0,95.642116,0.0
2019-03-27,21,0,101,0.0,0.0,0.0,0.0,0.0
2019-03-27,21,0,102,24.15,24.15,0.0,-10213.070986,0.0
2019-03-27,21,0,103,21.0,21.0,0.0,-8880.931292,0.0
2019-03-27,21,0,104,3.9,3.9,0.0,-1649.315811,0.0
2019-03-27,21,0,106,0.0,0.0,0.0,0.0,0.0
2019-03-27,21,0,109,83.6,83.6,0.0,731.116681,0.0
2019-03-27,21,0,110,338.6,338.6,0.0,-338600.0,0.0
2019-03-27,21,0,111,0.0,0.0,0.0,0.0,0.0
2019-03-27,21,0,113,84.18,84.18,0.0,-23171.84841,0.0
2019-03-27,21,0,115,84.18,84.18,0.0,-23171.84841,0.0
2019-03-27,21,0,116,0.0,0.0,0.0,-0.0,0.0
2019-03-27,21,0,117,5.66,5.66,0.0,-1558.002637,0.0
2019-03-27,21,0,119,200.0,200.0,0.0,19195.207678,0.0
2019-03-27,21,0,120,117.6,117.6,0.0,11286.782115,0.0
2019-03-27,21,0,123,0.0,0.0,0.0,0.0,0.0
2019-03-27,21,0,125,174.2,174.2,0.0,1973.324384,0.0
2019-03-27,21,0,126,0.0,0.0,0.0,0.0,0.0
2019-03-27,21,0,127,0.0,0.0,0.0,0.0,0.0
2019-03-27,21,0,128,249.5,249.5,0.0,2826.317072,0.0
2019-03-27,21,0,131,30.0,30.0,0.0,-11548.838113,0.0
2019-03-27,21,0,132,44.1,44.1,0.0,-16976.792026,0.0
2019-03-27,21,0,133,91.59,91.59,0.0,636.465472,0.0
2019-03-27,21,0,134,0.0,0.0,0.0,0.0,0.0
2019-03-27,21,0,135,119.08,119.08,0.0,827.495451,0.0
2019-03-27,21,0,136,45.9,45.9,0.0,196.021521,0.0
2019-03-27,21,0,139,146.7,146.7,0.0,1433.379862,0.0
2019-03-27,21,0,140,250.6,250.6,0.0,-250600.0,0.0
2019-03-27,21,0,141,230.0,230.0,0.0,-129941.460688,0.0
2019-03-27,21,0,142,0.0,0.0,0.0,-0.0,0.0
2019-03-27,21,0,143,71.55,71.55,0.0,812.650401,0.0
2019-03-27,21,0,145,30.0,30.0,0.0,311.642443,0.0
2019-03-27,21,0,146,268.0,268.0,0.0,-268000.0,0.0
2019-03-27,21,0,152,0.0,0.0,0.0,0.0,0.0
2019-03-27,21,0,153,0.0,0.0,0.0,0.0,0.0
2019-03-27,21,0,154,0.0,0.0,0.0,0.0,0.0
2019-03-27,21,0,157,250.0,250.0,0.0,-141240.718139,0.0
2019-03-27,21,0,158,0.0,0.0,0.0,-0.0,0.0
2019-03-27,21,0,159,0.0,0.0,0.0,0.0,0.0
2019-03-27,21,0,160,0.0,0.0,0.0,0.0,0.0
2019-03-27,21,0,161,0.0,0.0,0.0,-0.0,0.0
2019-03-27,21,0,162,126.4,126.4,0.0,3227.196397,0.0
2019-03-27,21,0,163,185.4,185.4,0.0,-185400.0,0.0
2019-03-27,21,0,164,0.0,0.0,0.0,0.0,0.0
2019-03-27,21,0,167,0.0,0.0,0.0,0.0,0.0
2019-03-27,21,0,168,0.0,0.0,0.0,0.0,0.0
2019-03-27,21,0,169,0.0,0.0,0.0,0.0,0.0
2019-03-27,21,0,170,0.0,0.0,0.0,0.0,0.0
2019-03-27,21,0,172,0.0,0.0,0.0,0.0,0.0
2019-03-27,21,0,173,0.0,0.0,0.0,0.0,0.0
2019-03-27,21,0,188,0.0,0.0,0.0,0.0,0.0
2019-03-27,21,0,190,0.0,0.0,0.0,0.0,0.0
2019-03-27,21,0,191,0.0,0.0,0.0,0.0,0.0
2019-03-27,21,0,192,332.6,332.6,0.0,10785.405497,0.0
2019-03-27,21,0,194,176.5,176.5,0.0,-25053.345472,0.0
2019-03-27,21,0,196,0.0,0.0,0.0,0.0,0.0
2019-03-27,21,0,198,0.0,0.0,0.0,0.0,0.0
2019-03-27,21,0,199,95.58,95.58,0.0,-3710.521153,0.0
2019-03-27,21,0,200,0.0,0.0,0.0,-0.0,0.0
2019-03-27,21,0,204,841.64,841.64,0.0,7459.971558,0.0
2019-03-27,21,0,205,387.97,387.97,0.0,3392.958599,0.0
2019-03-27,21,0,206,539.94,539.94,0.0,6149.386273,0.0
2019-03-27,21,0,210,0.0,0.0,0.0,0.0,0.0
2019-03-27,21,0,214,0.0,0.0,0.0,0.0,0.0
2019-03-27,21,0,217,0.0,0.0,0.0,0.0,0.0
2019-03-27,21,0,218,0.0,0.0,0.0,0.0,0.0
2019-03-27,21,0,219,0.0,0.0,0.0,0.0,0.0
2019-03-27,21,0,221,0.0,0.0,0.0,0.0,0.0
2019-03-27,21,0,225,0.0,0.0,0.0,0.0,0.0
2019-03-27,21,0,233,0.0,0.0,0.0,0.0,0.0
2019-03-27,21,0,236,159.03,159.03,0.0,1123.731498,0.0
2019-03-27,21,0,237,156.6,156.6,0.0,1188.694865,0.0
2019-03-27,21,0,238,0.0,0.0,0.0,0.0,0.0
2019-03-27,21,0,240,0.0,0.0,0.0,0.0,0.0
2019-03-27,21,0,245,260.0,260.0,0.0,1559.234914,0.0
2019-03-27,21,0,247,171.72,171.72,0.0,1029.81469,0.0
2019-03-27,21,0,248,15.72,15.72,0.0,119.324925,0.0
2019-03-27,21,0,249,500.0,500.0,0.0,2998.52868,0.0
2019-03-27,21,0,251,326.4,326.4,0.0,1625.869848,0.0
2019-03-27,21,0,252,267.06,267.06,0.0,1103.82222,0.0
2019-03-27,21,0,254,0.0,0.0,0.0,0.0,0.0
2019-03-27,21,0,255,0.0,0.0,0.0,0.0,0.0
2019-03-27,21,0,258,0.0,0.0,0.0,0.0,0.0
2019-03-27,21,0,260,0.0,0.0,0.0,0.0,0.0
2019-03-27,21,0,265,0.0,0.0,0.0,0.0,0.0
2019-03-27,21,0,266,91.87,91.87,0.0,897.645589,0.0
2019-03-27,21,0,267,114.69,114.69,0.0,1120.61579,0.0
2019-03-27,21,0,270,579.0,579.0,0.0,-579000.0,0.0
2019-03-27,21,0,272,281.15,281.15,0.0,-77390.890715,0.0
2019-03-27,21,0,273,0.0,0.0,0.0,-0.0,0.0
2019-03-27,21,0,274,746.4,746.4,0.0,-746400.0,0.0
2019-03-27,21,0,275,1039.0,1039.0,0.0,-1039000.0,0.0
2019-03-27,21,0,276,0.0,0.0,0.0,-0.0,0.0
2019-03-27,21,0,277,0.0,0.0,0.0,-0.0,0.0
2019-03-27,21,0,278,0.0,0.0,0.0,-0.0,0.0
2019-03-27,21,0,279,651.69,651.69,0.0,-187109.836413,0.0
2019-03-27,21,0,281,16.83,16.83,0.0,191.151729,0.0
2019-03-27,21,0,282,0.0,0.0,0.0,0.0,0.0
2019-03-27,22,0,9,0.0,0.0,0.0,0.0,0.0
2019-03-27,22,0,17,0.0,0.0,0.0,0.0,0.0
2019-03-27,22,0,19,643.3,643.3,0.0,1617.118512,0.0
2019-03-27,22,0,20,780.2,780.2,0.0,1961.255811,0.0
2019-03-27,22,0,21,0.0,0.0,0.0,0.0,0.0
2019-03-27,22,0,22,0.0,0.0,0.0,0.0,0.0
2019-03-27,22,0,23,108.8,108.8,0.0,639.494094,0.0
2019-03-27,22,0,24,192.5,192.5,0.0,1131.457841,0.0
2019-03-27,22,0,29,0.0,0.0,0.0,0.0,0.0
2019-03-27,22,0,30,0.0,0.0,0.0,0.0,0.0
2019-03-27,22,0,31,37.5,37.5,0.0,220.759721,0.0
2019-03-27,22,0,32,0.0,0.0,0.0,0.0,0.0
2019-03-27,22,0,33,0.0,0.0,0.0,0.0,0.0
2019-03-27,22,0,34,0.0,0.0,0.0,0.0,0.0
2019-03-27,22,0,35,0.0,0.0,0.0,0.0,0.0
2019-03-27,22,0,36,0.0,0.0,0.0,0.0,0.0
2019-03-27,22,0,37,0.0,0.0,0.0,0.0,0.0
2019-03-27,22,0,38,0.0,0.0,0.0,0.0,0.0
2019-03-27,22,0,39,0.0,0.0,0.0,0.0,0.0
2019-03-27,22,0,40,0.0,0.0,0.0,0.0,0.0
2019-03-27,22,0,41,116.0,116.0,0.0,620.617312,0.0
2019-03-27,22,0,42,0.0,0.0,0.0,0.0,0.0
2019-03-27,22,0,43,0.0,0.0,0.0,0.0,0.0
2019-03-27,22,0,46,0.0,0.0,0.0,0.0,0.0
2019-03-27,22,0,52,39.75,39.75,0.0,234.005304,0.0
2019-03-27,22,0,53,63.15,63.15,0.0,371.75937,0.0
2019-03-27,22,0,55,356.65,356.65,0.0,2096.282801,0.0
2019-03-27,22,0,56,0.0,0.0,0.0,0.0,0.0
2019-03-27,22,0,57,0.0,0.0,0.0,0.0,0.0
2019-03-27,22,0,58,0.0,0.0,0.0,0.0,0.0
2019-03-27,22,0,59,0.0,0.0,0.0,0.0,0.0
2019-03-27,22,0,63,170.0,170.0,0.0,16444.269868,0.0
2019-03-27,22,0,64,200.0,200.0,0.0,19346.199845,0.0
2019-03-27,22,0,65,41.4,41.4,0.0,108.758948,0.0
2019-03-27,22,0,67,0.0,0.0,0.0,-0.0,0.0
2019-03-27,22,0,68,10.2,10.2,0.0,-4302.168835,0.0
2019-03-27,22,0,69,0.0,0.0,0.0,0.0,0.0
2019-03-27,22,0,74,65.28,65.28,0.0,286.57088,0.0
2019-03-27,22,0,77,200.0,200.0,0.0,-60667.462447,0.0
2019-03-27,22,0,78,151.2,151.2,0.0,-45864.60161,0.0
2019-03-27,22,0,79,87.5,87.5,0.0,-26542.01482,0.0
2019-03-27,22,0,80,141.5,141.5,0.0,-42922.229681,0.0
2019-03-27,22,0,81,185.0,185.0,0.0,-56117.402763,0.0
2019-03-27,22,0,82,130.5,130.5,0.0,-39585.519246,0.0
2019-03-27,22,0,83,291.0,291.0,0.0,-88271.15786,0.0
2019-03-27,22,0,84,0.0,0.0,0.0,-0.0,0.0
2019-03-27,22,0,86,0.0,0.0,0.0,0.0,0.0
2019-03-27,22,0,87,0.0,0.0,0.0,0.0,0.0
2019-03-27,22,0,88,170.6,170.6,0.0,-51749.345467,0.0
2019-03-27,22,0,89,164.0,164.0,0.0,-49747.319206,0.0
2019-03-27,22,0,90,220.2,220.2,0.0,-66794.876154,0.0
2019-03-27,22,0,91,785.5,785.5,0.0,-238271.458759,0.0
2019-03-27,22,0,92,282.5,282.5,0.0,-85692.790706,0.0
2019-03-27,22,0,95,104.0,104.0,0.0,2624.609369,0.0
2019-03-27,22,0,96,29.88,29.88,0.0,176.189351,0.0
2019-03-27,22,0,97,183.75,183.75,0.0,1083.493752,0.0
2019-03-27,22,0,99,12.6,12.6,0.0,55.312394,0.0
2019-03-27,22,0,101,0.0,0.0,0.0,0.0,0.0
2019-03-27,22,0,102,24.15,24.15,0.0,-10186.01739,0.0
2019-03-27,22,0,103,21.0,21.0,0.0,-8857.406426,0.0
2019-03-27,22,0,104,3.9,3.9,0.0,-1644.946908,0.0
2019-03-27,22,0,106,0.0,0.0,0.0,0.0,0.0
2019-03-27,22,0,109,171.41,171.41,0.0,877.521546,0.0
2019-03-27,22,0,110,338.6,338.6,0.0,-338600.0,0.0
2019-03-27,22,0,111,0.0,0.0,0.0,0.0,0.0
2019-03-27,22,0,113,149.99,149.99,0.0,-41122.073383,0.0
2019-03-27,22,0,115,149.99,149.99,0.0,-41122.073383,0.0
2019-03-27,22,0,116,0.0,0.0,0.0,-0.0,0.0
2019-03-27,22,0,117,10.0,10.0,0.0,-2741.654336,0.0
2019-03-27,22,0,119,200.0,200.0,0.0,19346.199845,0.0
2019-03-27,22,0,120,117.6,117.6,0.0,11375.565509,0.0
2019-03-27,22,0,123,0.0,0.0,0.0,0.0,0.0
2019-03-27,22,0,125,174.2,174.2,0.0,1023.895875,0.0
2019-03-27,22,0,126,0.0,0.0,0.0,0.0,0.0
2019-03-27,22,0,127,0.0,0.0,0.0,0.0,0.0
2019-03-27,22,0,128,249.5,249.5,0.0,1466.486917,0.0
2019-03-27,22,0,131,30.0,30.0,0.0,-11513.021737,0.0
2019-03-27,22,0,132,44.1,44.1,0.0,-16924.141954,0.0
2019-03-27,22,0,133,139.8,139.8,0.0,349.935738,0.0
2019-03-27,22,0,134,0.0,0.0,0.0,0.0,0.0
2019-03-27,22,0,135,187.33,187.33,0.0,468.908883,0.0
2019-03-27,22,0,136,45.9,45.9,0.0,120.865922,0.0
2019-03-27,22,0,139,149.8,149.8,0.0,801.452357,0.0
2019-03-27,22,0,140,250.6,250.6,0.0,-250600.0,0.0
2019-03-27,22,0,141,230.0,230.0,0.0,-129747.232583,0.0
2019-03-27,22,0,142,0.0,0.0,0.0,-0.0,0.0
2019-03-27,22,0,143,71.55,71.55,0.0,421.209547,0.0
2019-03-27,22,0,145,73.71,73.71,0.0,412.800625,0.0
2019-03-27,22,0,146,268.0,268.0,0.0,-268000.0,0.0
2019-03-27,22,0,152,0.0,0.0,0.0,0.0,0.0
2019-03-27,22,0,153,0.0,0.0,0.0,0.0,0.0
2019-03-27,22,0,154,0.0,0.0,0.0,0.0,0.0
2019-03-27,22,0,157,236.28,236.28,0.0,-133289.896151,0.0
2019-03-27,22,0,158,0.0,0.0,0.0,-0.0,0.0
2019-03-27,22,0,159,0.0,0.0,0.0,0.0,0.0
2019-03-27,22,0,160,0.0,0.0,0.0,0.0,0.0
2019-03-27,22,0,161,0.0,0.0,0.0,-0.0,0.0
2019-03-27,22,0,162,72.81,72.81,0.0,1894.893145,0.0
2019-03-27,22,0,163,185.4,185.4,0.0,-185400.0,0.0
2019-03-27,22,0,164,0.0,0.0,0.0,0.0,0.0
2019-03-27,22,0,167,0.0,0.0,0.0,0.0,0.0
2019-03-27,22,0,168,0.0,0.0,0.0,0.0,0.0
2019-03-27,22,0,169,0.0,0.0,0.0,0.0,0.0
2019-03-27,22,0,170,0.0,0.0,0.0,0.0,0.0
2019-03-27,22,0,172,0.0,0.0,0.0,0.0,0.0
2019-03-27,22,0,173,0.0,0.0,0.0,0.0,0.0
2019-03-27,22,0,188,0.0,0.0,0.0,0.0,0.0
2019-03-27,22,0,190,0.0,0.0,0.0,0.0,0.0
2019-03-27,22,0,191,0.0,0.0,0.0,0.0,0.0
2019-03-27,22,0,192,245.0,245.0,0.0,7944.751494,0.0
2019-03-27,22,0,194,176.5,176.5,0.0,-24886.142048,0.0
2019-03-27,22,0,196,0.0,0.0,0.0,0.0,0.0
2019-03-27,22,0,198,0.0,0.0,0.0,0.0,0.0
2019-03-27,22,0,199,85.71,85.71,0.0,-3174.628429,0.0
2019-03-27,22,0,200,0.0,0.0,0.0,-0.0,0.0
2019-03-27,22,0,204,857.0,857.0,0.0,4433.226417,0.0
2019-03-27,22,0,205,852.76,852.76,0.0,4365.645374,0.0
2019-03-27,22,0,206,539.94,539.94,0.0,3183.79111,0.0
2019-03-27,22,0,210,0.0,0.0,0.0,0.0,0.0
2019-03-27,22,0,214,0.0,0.0,0.0,0.0,0.0
2019-03-27,22,0,217,0.0,0.0,0.0,0.0,0.0
2019-03-27,22,0,218,0.0,0.0,0.0,0.0,0.0
2019-03-27,22,0,219,0.0,0.0,0.0,0.0,0.0
2019-03-27,22,0,221,0.0,0.0,0.0,0.0,0.0
2019-03-27,22,0,225,0.0,0.0,0.0,0.0,0.0
2019-03-27,22,0,233,0.0,0.0,0.0,0.0,0.0
2019-03-27,22,0,236,134.69,134.69,0.0,576.840259,0.0
2019-03-27,22,0,237,156.6,156.6,0.0,687.45404,0.0
2019-03-27,22,0,238,0.0,0.0,0.0,0.0,0.0
2019-03-27,22,0,240,0.0,0.0,0.0,0.0,0.0
2019-03-27,22,0,245,260.0,260.0,0.0,545.314313,0.0
2019-03-27,22,0,247,160.61,160.61,0.0,336.85743,0.0
2019-03-27,22,0,248,15.72,15.72,0.0,69.008796,0.0
2019-03-27,22,0,249,500.0,500.0,0.0,1048.681371,0.0
2019-03-27,22,0,251,678.68,678.68,0.0,1909.09421,0.0
2019-03-27,22,0,252,267.06,267.06,0.0,701.574028,0.0
2019-03-27,22,0,254,0.0,0.0,0.0,0.0,0.0
2019-03-27,22,0,255,0.0,0.0,0.0,0.0,0.0
2019-03-27,22,0,258,0.0,0.0,0.0,0.0,0.0
2019-03-27,22,0,260,0.0,0.0,0.0,0.0,0.0
2019-03-27,22,0,265,0.0,0.0,0.0,0.0,0.0
2019-03-27,22,0,266,97.0,97.0,0.0,518.964477,0.0
2019-03-27,22,0,267,119.2,119.2,0.0,637.73779,0.0
2019-03-27,22,0,270,579.0,579.0,0.0,-579000.0,0.0
2019-03-27,22,0,272,501.3,501.3,0.0,-137439.131854,0.0
2019-03-27,22,0,273,0.0,0.0,0.0,-0.0,0.0
2019-03-27,22,0,274,746.4,746.4,0.0,-746400.0,0.0
2019-03-27,22,0,275,1039.0,1039.0,0.0,-1039000.0,0.0
2019-03-27,22,0,276,0.0,0.0,0.0,-0.0,0.0
2019-03-27,22,0,277,0.0,0.0,0.0,-0.0,0.0
2019-03-27,22,0,278,0.0,0.0,0.0,-0.0,0.0
2019-03-27,22,0,279,264.61,264.61,0.0,-75641.655527,0.0
2019-03-27,22,0,281,16.83,16.83,0.0,99.076963,0.0
2019-03-27,22,0,282,0.0,0.0,0.0,0.0,0.0
2019-03-27,23,0,9,0.0,0.0,0.0,-0.0,0.0
2019-03-27,23,0,17,0.0,0.0,0.0,0.0,0.0
2019-03-27,23,0,19,643.3,643.3,0.0,1713.108129,0.0
2019-03-27,23,0,20,780.2,780.2,0.0,2077.672878,0.0
2019-03-27,23,0,21,0.0,0.0,0.0,-0.0,0.0
2019-03-27,23,0,22,0.0,0.0,0.0,-0.0,0.0
2019-03-27,23,0,23,108.8,108.8,0.0,-1105.223346,0.0
2019-03-27,23,0,24,192.5,192.5,0.0,-1955.473291,0.0
2019-03-27,23,0,29,0.0,0.0,0.0,0.0,0.0
2019-03-27,23,0,30,0.0,0.0,0.0,-0.0,0.0
2019-03-27,23,0,31,37.5,37.5,0.0,-384.256639,0.0
2019-03-27,23,0,32,0.0,0.0,0.0,0.0,0.0
2019-03-27,23,0,33,0.0,0.0,0.0,0.0,0.0
2019-03-27,23,0,34,0.0,0.0,0.0,0.0,0.0
2019-03-27,23,0,35,0.0,0.0,0.0,0.0,0.0
2019-03-27,23,0,36,0.0,0.0,0.0,0.0,0.0
2019-03-27,23,0,37,0.0,0.0,0.0,0.0,0.0
2019-03-27,23,0,38,0.0,0.0,0.0,0.0,0.0
2019-03-27,23,0,39,0.0,0.0,0.0,0.0,0.0
2019-03-27,23,0,40,0.0,0.0,0.0,0.0,0.0
2019-03-27,23,0,41,116.0,116.0,0.0,-643.421778,0.0
2019-03-27,23,0,42,0.0,0.0,0.0,0.0,0.0
2019-03-27,23,0,43,0.0,0.0,0.0,0.0,0.0
2019-03-27,23,0,46,0.0,0.0,0.0,-0.0,0.0
2019-03-27,23,0,52,39.75,39.75,0.0,-407.312038,0.0
2019-03-27,23,0,53,63.15,63.15,0.0,-647.088181,0.0
2019-03-27,23,0,55,623.0,623.0,0.0,-6328.622651,0.0
2019-03-27,23,0,56,0.0,0.0,0.0,-0.0,0.0
2019-03-27,23,0,57,0.0,0.0,0.0,-0.0,0.0
2019-03-27,23,0,58,0.0,0.0,0.0,-0.0,0.0
2019-03-27,23,0,59,0.0,0.0,0.0,-0.0,0.0
2019-03-27,23,0,63,170.0,170.0,0.0,16159.90932,0.0
2019-03-27,23,0,64,200.0,200.0,0.0,19011.658024,0.0
2019-03-27,23,0,65,41.4,41.4,0.0,129.540139,0.0
2019-03-27,23,0,67,0.0,0.0,0.0,-0.0,0.0
2019-03-27,23,0,68,10.2,10.2,0.0,-4273.33043,0.0
2019-03-27,23,0,69,0.0,0.0,0.0,0.0,0.0
2019-03-27,23,0,74,65.28,65.28,0.0,58.330945,0.0
2019-03-27,23,0,77,200.0,200.0,0.0,-59860.103431,0.0
2019-03-27,23,0,78,151.2,151.2,0.0,-45254.238194,0.0
2019-03-27,23,0,79,87.5,87.5,0.0,-26188.795251,0.0
2019-03-27,23,0,80,141.5,141.5,0.0,-42351.023177,0.0
2019-03-27,23,0,81,185.0,185.0,0.0,-55370.595674,0.0
2019-03-27,23,0,82,130.5,130.5,0.0,-39058.717489,0.0
2019-03-27,23,0,83,291.0,291.0,0.0,-87096.450492,0.0
2019-03-27,23,0,84,0.0,0.0,0.0,-0.0,0.0
2019-03-27,23,0,86,0.0,0.0,0.0,0.0,0.0
2019-03-27,23,0,87,0.0,0.0,0.0,0.0,0.0
2019-03-27,23,0,88,170.6,170.6,0.0,-51060.668227,0.0
2019-03-27,23,0,89,164.0,164.0,0.0,-49085.284813,0.0
2019-03-27,23,0,90,220.2,220.2,0.0,-65905.973878,0.0
2019-03-27,23,0,91,785.5,785.5,0.0,-235100.556225,0.0
2019-03-27,23,0,92,282.5,282.5,0.0,-84552.396096,0.0
2019-03-27,23,0,95,111.57,111.57,0.0,2502.485714,0.0
2019-03-27,23,0,96,29.88,29.88,0.0,-308.940605,0.0
2019-03-27,23,0,97,183.75,183.75,0.0,-1899.860647,0.0
2019-03-27,23,0,99,12.6,12.6,0.0,11.25873,0.0
2019-03-27,23,0,101,0.0,0.0,0.0,-0.0,0.0
2019-03-27,23,0,102,24.15,24.15,0.0,-10117.738223,0.0
2019-03-27,23,0,103,21.0,21.0,0.0,-8798.033237,0.0
2019-03-27,23,0,104,3.9,3.9,0.0,-1633.920458,0.0
2019-03-27,23,0,106,0.0,0.0,0.0,-0.0,0.0
2019-03-27,23,0,109,200.0,200.0,0.0,-500.221324,0.0
2019-03-27,23,0,110,338.6,338.6,0.0,-338600.0,0.0
2019-03-27,23,0,111,0.0,0.0,0.0,-0.0,0.0
2019-03-27,23,0,113,150.0,150.0,0.0,-40808.429716,0.0
2019-03-27,23,0,115,150.0,150.0,0.0,-40808.429716,0.0
2019-03-27,23,0,116,0.0,0.0,0.0,-0.0,0.0
2019-03-27,23,0,117,10.0,10.0,0.0,-2720.561981,0.0
2019-03-27,23,0,119,200.0,200.0,0.0,19011.658024,0.0
2019-03-27,23,0,120,117.6,117.6,0.0,11178.854918,0.0
2019-03-27,23,0,123,0.0,0.0,0.0,-0.0,0.0
2019-03-27,23,0,125,174.2,174.2,0.0,-1769.57635,0.0
2019-03-27,23,0,126,0.0,0.0,0.0,-0.0,0.0
2019-03-27,23,0,127,0.0,0.0,0.0,-0.0,0.0
2019-03-27,23,0,128,249.5,249.5,0.0,-2534.496551,0.0
2019-03-27,23,0,131,30.0,30.0,0.0,-11422.626647,0.0
2019-03-27,23,0,132,44.1,44.1,0.0,-16791.261171,0.0
2019-03-27,23,0,133,139.8,139.8,0.0,543.807653,0.0
2019-03-27,23,0,134,0.0,0.0,0.0,0.0,0.0
2019-03-27,23,0,135,187.33,187.33,0.0,728.694476,0.0
2019-03-27,23,0,136,45.9,45.9,0.0,144.794795,0.0
2019-03-27,23,0,139,149.8,149.8,0.0,-830.901572,0.0
2019-03-27,23,0,140,250.6,250.6,0.0,-250600.0,0.0
2019-03-27,23,0,141,230.0,230.0,0.0,-129257.030354,0.0
2019-03-27,23,0,142,0.0,0.0,0.0,-0.0,0.0
2019-03-27,23,0,143,71.55,71.55,0.0,-733.161668,0.0
2019-03-27,23,0,145,30.0,30.0,0.0,-221.152642,0.0
2019-03-27,23,0,146,268.0,268.0,0.0,-268000.0,0.0
2019-03-27,23,0,152,0.0,0.0,0.0,0.0,0.0
2019-03-27,23,0,153,0.0,0.0,0.0,0.0,0.0
2019-03-27,23,0,154,0.0,0.0,0.0,-0.0,0.0
2019-03-27,23,0,157,235.15,235.15,0.0,-132151.26386,0.0
2019-03-27,23,0,158,0.0,0.0,0.0,-0.0,0.0
2019-03-27,23,0,159,0.0,0.0,0.0,0.0,0.0
2019-03-27,23,0,160,0.0,0.0,0.0,0.0,0.0
2019-03-27,23,0,161,0.0,0.0,0.0,-0.0,0.0
2019-03-27,23,0,162,35.35,35.35,0.0,821.480162,0.0
2019-03-27,23,0,163,185.4,185.4,0.0,-185400.0,0.0
2019-03-27,23,0,164,0.0,0.0,0.0,-0.0,0.0
2019-03-27,23,0,167,0.0,0.0,0.0,0.0,0.0
2019-03-27,23,0,168,0.0,0.0,0.0,0.0,0.0
2019-03-27,23,0,169,0.0,0.0,0.0,0.0,0.0
2019-03-27,23,0,170,0.0,0.0,0.0,0.0,0.0
2019-03-27,23,0,172,0.0,0.0,0.0,-0.0,0.0
2019-03-27,23,0,173,0.0,0.0,0.0,-0.0,0.0
2019-03-27,23,0,188,0.0,0.0,0.0,0.0,0.0
2019-03-27,23,0,190,0.0,0.0,0.0,0.0,0.0
2019-03-27,23,0,191,0.0,0.0,0.0,0.0,0.0
2019-03-27,23,0,192,212.78,212.78,0.0,6899.935604,0.0
2019-03-27,23,0,194,176.5,176.5,0.0,-24739.847905,0.0
2019-03-27,23,0,196,0.0,0.0,0.0,0.0,0.0
2019-03-27,23,0,198,0.0,0.0,0.0,0.0,0.0
2019-03-27,23,0,199,74.01,74.01,0.0,-2054.606934,0.0
2019-03-27,23,0,200,0.0,0.0,0.0,-0.0,0.0
2019-03-27,23,0,204,857.0,857.0,0.0,-2442.584661,0.0
2019-03-27,23,0,205,1058.0,1058.0,0.0,-2646.170805,0.0
2019-03-27,23,0,206,539.94,539.94,0.0,-5582.643579,0.0
2019-03-27,23,0,210,0.0,0.0,0.0,0.0,0.0
2019-03-27,23,0,214,0.0,0.0,0.0,0.0,0.0
2019-03-27,23,0,217,0.0,0.0,0.0,0.0,0.0
2019-03-27,23,0,218,0.0,0.0,0.0,0.0,0.0
2019-03-27,23,0,219,0.0,0.0,0.0,0.0,0.0
2019-03-27,23,0,221,0.0,0.0,0.0,0.0,0.0
2019-03-27,23,0,225,0.0,0.0,0.0,0.0,0.0
2019-03-27,23,0,233,0.0,0.0,0.0,0.0,0.0
2019-03-27,23,0,236,109.67,109.67,0.0,268.92909,0.0
2019-03-27,23,0,237,156.6,156.6,0.0,139.929933,0.0
2019-03-27,23,0,238,0.0,0.0,0.0,0.0,0.0
2019-03-27,23,0,240,0.0,0.0,0.0,0.0,0.0
2019-03-27,23,0,245,260.0,260.0,0.0,1054.045821,0.0
2019-03-27,23,0,247,144.61,144.61,0.0,586.252177,0.0
2019-03-27,23,0,248,15.72,15.72,0.0,14.046606,0.0
2019-03-27,23,0,249,500.0,500.0,0.0,2027.011193,0.0
2019-03-27,23,0,251,326.4,326.4,0.0,1027.504939,0.0
2019-03-27,23,0,252,267.06,267.06,0.0,835.627766,0.0
2019-03-27,23,0,254,0.0,0.0,0.0,0.0,0.0
2019-03-27,23,0,255,0.0,0.0,0.0,0.0,0.0
2019-03-27,23,0,258,0.0,0.0,0.0,0.0,0.0
2019-03-27,23,0,260,0.0,0.0,0.0,0.0,0.0
2019-03-27,23,0,265,0.0,0.0,0.0,-0.0,0.0
2019-03-27,23,0,266,97.0,97.0,0.0,-538.033728,0.0
2019-03-27,23,0,267,119.2,119.2,0.0,-661.171345,0.0
2019-03-27,23,0,270,579.0,579.0,0.0,-579000.0,0.0
2019-03-27,23,0,272,501.3,501.3,0.0,-136381.772112,0.0
2019-03-27,23,0,273,0.0,0.0,0.0,-0.0,0.0
2019-03-27,23,0,274,746.4,746.4,0.0,-746400.0,0.0
2019-03-27,23,0,275,1039.0,1039.0,0.0,-1039000.0,0.0
2019-03-27,23,0,276,0.0,0.0,0.0,-0.0,0.0
2019-03-27,23,0,277,0.0,0.0,0.0,-0.0,0.0
2019-03-27,23,0,278,0.0,0.0,0.0,-0.0,0.0
2019-03-27,23,0,279,264.6,264.6,0.0,-74876.213044,0.0
2019-03-27,23,0,281,16.83,16.83,0.0,-172.45438,0.0
2019-03-27,23,0,282,0.0,0.0,0.0,-0.0,0.0
2019-03-28,0,0,9,0.0,0.0,0.0,-0.0,0.0
2019-03-28,0,0,17,0.0,0.0,0.0,0.0,0.0
2019-03-28,0,0,19,643.3,643.3,0.0,1896.128651,0.0
2019-03-28,0,0,20,780.2,780.2,0.0,2299.641805,0.0
2019-03-28,0,0,21,0.0,0.0,0.0,-0.0,0.0
2019-03-28,0,0,22,0.0,0.0,0.0,-0.0,0.0
2019-03-28,0,0,23,108.8,108.8,0.0,-114.797082,0.0
2019-03-28,0,0,24,192.5,192.5,0.0,-203.110646,0.0
2019-03-28,0,0,29,0.0,0.0,0.0,0.0,0.0
2019-03-28,0,0,30,0.0,0.0,0.0,-0.0,0.0
2019-03-28,0,0,31,37.5,37.5,0.0,-40.518853,0.0
2019-03-28,0,0,32,0.0,0.0,0.0,0.0,0.0
2019-03-28,0,0,33,0.0,0.0,0.0,0.0,0.0
2019-03-28,0,0,34,0.0,0.0,0.0,0.0,0.0
2019-03-28,0,0,35,0.0,0.0,0.0,0.0,0.0
2019-03-28,0,0,36,0.0,0.0,0.0,0.0,0.0
2019-03-28,0,0,37,0.0,0.0,0.0,0.0,0.0
2019-03-28,0,0,38,0.0,0.0,0.0,0.0,0.0
2019-03-28,0,0,39,0.0,0.0,0.0,0.0,0.0
2019-03-28,0,0,40,0.0,0.0,0.0,0.0,0.0
2019-03-28,0,0,41,116.0,116.0,0.0,30.96895,0.0
2019-03-28,0,0,42,0.0,0.0,0.0,0.0,0.0
2019-03-28,0,0,43,0.0,0.0,0.0,0.0,0.0
2019-03-28,0,0,46,0.0,0.0,0.0,0.0,0.0
2019-03-28,0,0,52,39.75,39.75,0.0,-42.949984,0.0
2019-03-28,0,0,53,63.15,63.15,0.0,-68.233748,0.0
2019-03-28,0,0,55,622.97,622.97,0.0,-657.308256,0.0
2019-03-28,0,0,56,0.0,0.0,0.0,-0.0,0.0
2019-03-28,0,0,57,0.0,0.0,0.0,-0.0,0.0
2019-03-28,0,0,58,0.0,0.0,0.0,-0.0,0.0
2019-03-28,0,0,59,0.0,0.0,0.0,-0.0,0.0
2019-03-28,0,0,63,170.0,170.0,0.0,15483.083441,0.0
2019-03-28,0,0,64,200.0,200.0,0.0,18215.392284,0.0
2019-03-28,0,0,65,41.4,41.4,0.0,120.852149,0.0
2019-03-28,0,0,67,0.0,0.0,0.0,-0.0,0.0
2019-03-28,0,0,68,10.2,10.2,0.0,-4318.14854,0.0
2019-03-28,0,0,69,0.0,0.0,0.0,0.0,0.0
2019-03-28,0,0,74,65.28,65.28,0.0,137.981588,0.0
2019-03-28,0,0,77,200.0,200.0,0.0,-61000.491683,0.0
2019-03-28,0,0,78,151.2,151.2,0.0,-46116.371712,0.0
2019-03-28,0,0,79,87.5,87.5,0.0,-26687.715111,0.0
2019-03-28,0,0,80,141.5,141.5,0.0,-43157.847866,0.0
2019-03-28,0,0,81,185.0,185.0,0.0,-56425.454807,0.0
2019-03-28,0,0,82,130.5,130.5,0.0,-39802.820823,0.0
2019-03-28,0,0,83,291.0,291.0,0.0,-88755.715399,0.0
2019-03-28,0,0,84,0.0,0.0,0.0,-0.0,0.0
2019-03-28,0,0,86,0.0,0.0,0.0,0.0,0.0
2019-03-28,0,0,87,0.0,0.0,0.0,0.0,0.0
2019-03-28,0,0,88,170.6,170.6,0.0,-52033.419406,0.0
2019-03-28,0,0,89,164.0,164.0,0.0,-50020.40318,0.0
2019-03-28,0,0,90,220.2,220.2,0.0,-67161.541343,0.0
2019-03-28,0,0,91,785.5,785.5,0.0,-239579.431085,0.0
2019-03-28,0,0,92,282.5,282.5,0.0,-86163.194502,0.0
2019-03-28,0,0,95,67.44,67.44,0.0,1311.42339,0.0
2019-03-28,0,0,96,29.88,29.88,0.0,-33.078055,0.0
2019-03-28,0,0,97,183.75,183.75,0.0,-203.416754,0.0
2019-03-28,0,0,99,12.6,12.6,0.0,26.632476,0.0
2019-03-28,0,0,101,0.0,0.0,0.0,-0.0,0.0
2019-03-28,0,0,102,24.15,24.15,0.0,-10223.851689,0.0
2019-03-28,0,0,103,21.0,21.0,0.0,-8890.305817,0.0
2019-03-28,0,0,104,3.9,3.9,0.0,-1651.056795,0.0
2019-03-28,0,0,106,0.0,0.0,0.0,-0.0,0.0
2019-03-28,0,0,109,200.0,200.0,0.0,227.989918,0.0
2019-03-28,0,0,110,338.6,338.6,0.0,-338600.0,0.0
2019-03-28,0,0,111,0.0,0.0,0.0,0.0,0.0
2019-03-28,0,0,113,150.0,150.0,0.0,-41496.006984,0.0
2019-03-28,0,0,115,150.0,150.0,0.0,-41496.006984,0.0
2019-03-28,0,0,116,0.0,0.0,0.0,-0.0,0.0
2019-03-28,0,0,117,10.0,10.0,0.0,-2766.400466,0.0
2019-03-28,0,0,119,200.0,200.0,0.0,18215.392284,0.0
2019-03-28,0,0,120,117.6,117.6,0.0,10710.650663,0.0
2019-03-28,0,0,123,0.0,0.0,0.0,-0.0,0.0
2019-03-28,0,0,125,174.2,174.2,0.0,-183.801946,0.0
2019-03-28,0,0,126,0.0,0.0,0.0,-0.0,0.0
2019-03-28,0,0,127,0.0,0.0,0.0,-0.0,0.0
2019-03-28,0,0,128,249.5,249.5,0.0,-263.2525,0.0
2019-03-28,0,0,131,30.0,30.0,0.0,-11563.110734,0.0
2019-03-28,0,0,132,44.1,44.1,0.0,-16997.772779,0.0
2019-03-28,0,0,133,139.8,139.8,0.0,412.434568,0.0
2019-03-28,0,0,134,0.0,0.0,0.0,0.0,0.0
2019-03-28,0,0,135,187.33,187.33,0.0,552.656421,0.0
2019-03-28,0,0,136,45.9,45.9,0.0,133.916767,0.0
2019-03-28,0,0,139,149.8,149.8,0.0,39.992661,0.0
2019-03-28,0,0,140,250.6,250.6,0.0,-250600.0,0.0
2019-03-28,0,0,141,230.0,230.0,0.0,-130018.859479,0.0
2019-03-28,0,0,142,0.0,0.0,0.0,-0.0,0.0
2019-03-28,0,0,143,181.61,181.61,0.0,-196.230103,0.0
2019-03-28,0,0,145,30.0,30.0,0.0,-7.689153,0.0
2019-03-28,0,0,146,268.0,268.0,0.0,-268000.0,0.0
2019-03-28,0,0,152,0.0,0.0,0.0,0.0,0.0
2019-03-28,0,0,153,0.0,0.0,0.0,0.0,0.0
2019-03-28,0,0,154,0.0,0.0,0.0,0.0,0.0
2019-03-28,0,0,157,233.77,233.77,0.0,-132150.038176,0.0
2019-03-28,0,0,158,0.0,0.0,0.0,-0.0,0.0
2019-03-28,0,0,159,0.0,0.0,0.0,0.0,0.0
2019-03-28,0,0,160,0.0,0.0,0.0,0.0,0.0
2019-03-28,0,0,161,0.0,0.0,0.0,-0.0,0.0
2019-03-28,0,0,162,33.99,33.99,0.0,687.92401,0.0
2019-03-28,0,0,163,185.4,185.4,0.0,-185400.0,0.0
2019-03-28,0,0,164,0.0,0.0,0.0,-0.0,0.0
2019-03-28,0,0,167,0.0,0.0,0.0,0.0,0.0
2019-03-28,0,0,168,0.0,0.0,0.0,0.0,0.0
2019-03-28,0,0,169,0.0,0.0,0.0,0.0,0.0
2019-03-28,0,0,170,0.0,0.0,0.0,0.0,0.0
2019-03-28,0,0,172,0.0,0.0,0.0,-0.0,0.0
2019-03-28,0,0,173,0.0,0.0,0.0,-0.0,0.0
2019-03-28,0,0,188,0.0,0.0,0.0,0.0,0.0
2019-03-28,0,0,190,0.0,0.0,0.0,0.0,0.0
2019-03-28,0,0,191,0.0,0.0,0.0,0.0,0.0
2019-03-28,0,0,192,184.04,184.04,0.0,5967.967612,0.0
2019-03-28,0,0,194,176.5,176.5,0.0,-25506.877747,0.0
2019-03-28,0,0,196,0.0,0.0,0.0,0.0,0.0
2019-03-28,0,0,198,0.0,0.0,0.0,0.0,0.0
2019-03-28,0,0,199,35.34,35.34,0.0,-1283.799997,0.0
2019-03-28,0,0,200,0.0,0.0,0.0,-0.0,0.0
2019-03-28,0,0,204,857.0,857.0,0.0,891.159298,0.0
2019-03-28,0,0,205,1058.0,1058.0,0.0,1206.066666,0.0
2019-03-28,0,0,206,539.94,539.94,0.0,-597.729752,0.0
2019-03-28,0,0,210,0.0,0.0,0.0,0.0,0.0
2019-03-28,0,0,214,0.0,0.0,0.0,0.0,0.0
2019-03-28,0,0,217,0.0,0.0,0.0,0.0,0.0
2019-03-28,0,0,218,0.0,0.0,0.0,0.0,0.0
2019-03-28,0,0,219,0.0,0.0,0.0,0.0,0.0
2019-03-28,0,0,221,0.0,0.0,0.0,0.0,0.0
2019-03-28,0,0,225,0.0,0.0,0.0,0.0,0.0
2019-03-28,0,0,233,0.0,0.0,0.0,0.0,0.0
2019-03-28,0,0,236,88.04,88.04,0.0,225.419483,0.0
2019-03-28,0,0,237,156.6,156.6,0.0,331.003625,0.0
2019-03-28,0,0,238,0.0,0.0,0.0,0.0,0.0
2019-03-28,0,0,240,0.0,0.0,0.0,0.0,0.0
2019-03-28,0,0,245,164.49,164.49,0.0,501.994501,0.0
2019-03-28,0,0,247,130.29,130.29,0.0,397.622127,0.0
2019-03-28,0,0,248,15.72,15.72,0.0,33.227184,0.0
2019-03-28,0,0,249,308.16,308.16,0.0,940.450031,0.0
2019-03-28,0,0,251,326.4,326.4,0.0,937.602591,0.0
2019-03-28,0,0,252,267.06,267.06,0.0,779.583933,0.0
2019-03-28,0,0,254,0.0,0.0,0.0,0.0,0.0
2019-03-28,0,0,255,0.0,0.0,0.0,0.0,0.0
2019-03-28,0,0,258,0.0,0.0,0.0,0.0,0.0
2019-03-28,0,0,260,0.0,0.0,0.0,0.0,0.0
2019-03-28,0,0,265,0.0,0.0,0.0,0.0,0.0
2019-03-28,0,0,266,97.0,97.0,0.0,25.896449,0.0
2019-03-28,0,0,267,119.2,119.2,0.0,31.823266,0.0
2019-03-28,0,0,270,579.0,579.0,0.0,-579000.0,0.0
2019-03-28,0,0,272,501.3,501.3,0.0,-138679.655341,0.0
2019-03-28,0,0,273,0.0,0.0,0.0,-0.0,0.0
2019-03-28,0,0,274,746.4,746.4,0.0,-746400.0,0.0
2019-03-28,0,0,275,1039.0,1039.0,0.0,-1039000.0,0.0
2019-03-28,0,0,276,0.0,0.0,0.0,-0.0,0.0
2019-03-28,0,0,277,0.0,0.0,0.0,-0.0,0.0
2019-03-28,0,0,278,0.0,0.0,0.0,-0.0,0.0
2019-03-28,0,0,279,264.6,264.6,0.0,-76207.709324,0.0
2019-03-28,0,0,281,16.83,16.83,0.0,-18.184861,0.0
2019-03-28,0,0,282,0.0,0.0,0.0,-0.0,0.0
2019-03-28,1,0,9,0.0,0.0,0.0,-0.0,0.0
2019-03-28,1,0,17,0.0,0.0,0.0,0.0,0.0
2019-03-28,1,0,19,643.3,643.3,0.0,1725.481722,0.0
2019-03-28,1,0,20,780.2,780.2,0.0,2092.679683,0.0
2019-03-28,1,0,21,0.0,0.0,0.0,-0.0,0.0
2019-03-28,1,0,22,0.0,0.0,0.0,-0.0,0.0
2019-03-28,1,0,23,108.8,108.8,0.0,-421.07754,0.0
2019-03-28,1,0,24,192.5,192.5,0.0,-745.013111,0.0
2019-03-28,1,0,29,0.0,0.0,0.0,0.0,0.0
2019-03-28,1,0,30,0.0,0.0,0.0,-0.0,0.0
2019-03-28,1,0,31,76.82,76.82,0.0,-300.500636,0.0
2019-03-28,1,0,32,0.0,0.0,0.0,0.0,0.0
2019-03-28,1,0,33,0.0,0.0,0.0,0.0,0.0
2019-03-28,1,0,34,0.0,0.0,0.0,0.0,0.0
2019-03-28,1,0,35,0.0,0.0,0.0,0.0,0.0
2019-03-28,1,0,36,0.0,0.0,0.0,0.0,0.0
2019-03-28,1,0,37,0.0,0.0,0.0,0.0,0.0
2019-03-28,1,0,38,0.0,0.0,0.0,0.0,0.0
2019-03-28,1,0,39,0.0,0.0,0.0,0.0,0.0
2019-03-28,1,0,40,0.0,0.0,0.0,0.0,0.0
2019-03-28,1,0,41,116.0,116.0,0.0,-197.882587,0.0
2019-03-28,1,0,42,0.0,0.0,0.0,0.0,0.0
2019-03-28,1,0,43,0.0,0.0,0.0,0.0,0.0
2019-03-28,1,0,46,0.0,0.0,0.0,0.0,0.0
2019-03-28,1,0,52,81.78,81.78,0.0,-319.902916,0.0
2019-03-28,1,0,53,133.68,133.68,0.0,-522.922742,0.0
2019-03-28,1,0,55,524.08,524.08,0.0,-2028.293357,0.0
2019-03-28,1,0,56,0.0,0.0,0.0,-0.0,0.0
2019-03-28,1,0,57,0.0,0.0,0.0,-0.0,0.0
2019-03-28,1,0,58,0.0,0.0,0.0,-0.0,0.0
2019-03-28,1,0,59,0.0,0.0,0.0,-0.0,0.0
2019-03-28,1,0,63,170.0,170.0,0.0,15518.630749,0.0
2019-03-28,1,0,64,200.0,200.0,0.0,18257.212645,0.0
2019-03-28,1,0,65,37.18,37.18,0.0,97.998821,0.0
2019-03-28,1,0,67,0.0,0.0,0.0,-0.0,0.0
2019-03-28,1,0,68,10.2,10.2,0.0,-4310.926429,0.0
2019-03-28,1,0,69,0.0,0.0,0.0,0.0,0.0
2019-03-28,1,0,74,58.79,58.79,0.0,77.441234,0.0
2019-03-28,1,0,77,200.0,200.0,0.0,-60808.994573,0.0
2019-03-28,1,0,78,151.2,151.2,0.0,-45971.599897,0.0
2019-03-28,1,0,79,87.5,87.5,0.0,-26603.935125,0.0
2019-03-28,1,0,80,141.5,141.5,0.0,-43022.36366,0.0
2019-03-28,1,0,81,185.0,185.0,0.0,-56248.31998,0.0
2019-03-28,1,0,82,130.5,130.5,0.0,-39677.868959,0.0
2019-03-28,1,0,83,291.0,291.0,0.0,-88477.087103,0.0
2019-03-28,1,0,84,0.0,0.0,0.0,-0.0,0.0
2019-03-28,1,0,86,0.0,0.0,0.0,0.0,0.0
2019-03-28,1,0,87,0.0,0.0,0.0,0.0,0.0
2019-03-28,1,0,88,170.6,170.6,0.0,-51870.07237,0.0
2019-03-28,1,0,89,164.0,164.0,0.0,-49863.375549,0.0
2019-03-28,1,0,90,220.2,220.2,0.0,-66950.703024,0.0
2019-03-28,1,0,91,785.5,785.5,0.0,-238827.326183,0.0
2019-03-28,1,0,92,282.5,282.5,0.0,-85892.704834,0.0
2019-03-28,1,0,95,88.63,88.63,0.0,1723.479464,0.0
2019-03-28,1,0,96,29.88,29.88,0.0,-118.180658,0.0
2019-03-28,1,0,97,183.75,183.75,0.0,-726.763586,0.0
2019-03-28,1,0,99,11.35,11.35,0.0,14.950808,0.0
2019-03-28,1,0,101,0.0,0.0,0.0,-0.0,0.0
2019-03-28,1,0,102,24.15,24.15,0.0,-10206.75228,0.0
2019-03-28,1,0,103,21.0,21.0,0.0,-8875.436765,0.0
2019-03-28,1,0,104,3.9,3.9,0.0,-1648.295399,0.0
2019-03-28,1,0,106,0.0,0.0,0.0,-0.0,0.0
2019-03-28,1,0,109,200.0,200.0,0.0,-55.358518,0.0
2019-03-28,1,0,110,338.6,338.6,0.0,-338600.0,0.0
2019-03-28,1,0,111,0.0,0.0,0.0,-0.0,0.0
2019-03-28,1,0,113,84.36,84.36,0.0,-23282.491018,0.0
2019-03-28,1,0,115,84.36,84.36,0.0,-23282.491018,0.0
2019-03-28,1,0,116,0.0,0.0,0.0,-0.0,0.0
2019-03-28,1,0,117,5.76,5.76,0.0,-1589.700667,0.0
2019-03-28,1,0,119,200.0,200.0,0.0,18257.212645,0.0
2019-03-28,1,0,120,117.6,117.6,0.0,10735.241035,0.0
2019-03-28,1,0,123,0.0,0.0,0.0,-0.0,0.0
2019-03-28,1,0,125,174.2,174.2,0.0,-674.188488,0.0
2019-03-28,1,0,126,0.0,0.0,0.0,-0.0,0.0
2019-03-28,1,0,127,0.0,0.0,0.0,-0.0,0.0
2019-03-28,1,0,128,249.5,249.5,0.0,-965.614396,0.0
2019-03-28,1,0,131,30.0,30.0,0.0,-11540.47275,0.0
2019-03-28,1,0,132,44.1,44.1,0.0,-16964.494943,0.0
2019-03-28,1,0,133,139.8,139.8,0.0,375.588128,0.0
2019-03-28,1,0,134,0.0,0.0,0.0,0.0,0.0
2019-03-28,1,0,135,187.32,187.32,0.0,503.255852,0.0
2019-03-28,1,0,136,45.9,45.9,0.0,120.865922,0.0
2019-03-28,1,0,139,149.8,149.8,0.0,-255.541478,0.0
2019-03-28,1,0,140,250.6,250.6,0.0,-250600.0,0.0
2019-03-28,1,0,141,230.0,230.0,0.0,-129896.096286,0.0
2019-03-28,1,0,142,0.0,0.0,0.0,-0.0,0.0
2019-03-28,1,0,143,211.62,211.62,0.0,-827.804538,0.0
2019-03-28,1,0,145,30.0,30.0,0.0,-76.875297,0.0
2019-03-28,1,0,146,268.0,268.0,0.0,-268000.0,0.0
2019-03-28,1,0,152,0.0,0.0,0.0,0.0,0.0
2019-03-28,1,0,153,0.0,0.0,0.0,0.0,0.0
2019-03-28,1,0,154,0.0,0.0,0.0,-0.0,0.0
2019-03-28,1,0,157,232.78,232.78,0.0,-131466.144754,0.0
2019-03-28,1,0,158,0.0,0.0,0.0,-0.0,0.0
2019-03-28,1,0,159,0.0,0.0,0.0,0.0,0.0
2019-03-28,1,0,160,0.0,0.0,0.0,0.0,0.0
2019-03-28,1,0,161,0.0,0.0,0.0,-0.0,0.0
2019-03-28,1,0,162,32.56,32.56,0.0,659.096383,0.0
2019-03-28,1,0,163,185.4,185.4,0.0,-185400.0,0.0
2019-03-28,1,0,164,0.0,0.0,0.0,-0.0,0.0
2019-03-28,1,0,167,0.0,0.0,0.0,0.0,0.0
2019-03-28,1,0,168,0.0,0.0,0.0,0.0,0.0
2019-03-28,1,0,169,0.0,0.0,0.0,0.0,0.0
2019-03-28,1,0,170,0.0,0.0,0.0,0.0,0.0
2019-03-28,1,0,172,0.0,0.0,0.0,-0.0,0.0
2019-03-28,1,0,173,0.0,0.0,0.0,-0.0,0.0
2019-03-28,1,0,188,0.0,0.0,0.0,0.0,0.0
2019-03-28,1,0,190,0.0,0.0,0.0,0.0,0.0
2019-03-28,1,0,191,0.0,0.0,0.0,0.0,0.0
2019-03-28,1,0,192,159.62,159.62,0.0,5176.086667,0.0
2019-03-28,1,0,194,176.5,176.5,0.0,-25419.770771,0.0
2019-03-28,1,0,196,0.0,0.0,0.0,0.0,0.0
2019-03-28,1,0,198,0.0,0.0,0.0,0.0,0.0
2019-03-28,1,0,199,95.96,95.96,0.0,-3325.797037,0.0
2019-03-28,1,0,200,0.0,0.0,0.0,-0.0,0.0
2019-03-28,1,0,204,857.0,857.0,0.0,-377.63199,0.0
2019-03-28,1,0,205,1058.0,1058.0,0.0,-292.84656,0.0
2019-03-28,1,0,206,539.94,539.94,0.0,-2135.557716,0.0
2019-03-28,1,0,210,0.0,0.0,0.0,0.0,0.0
2019-03-28,1,0,214,0.0,0.0,0.0,0.0,0.0
2019-03-28,1,0,217,0.0,0.0,0.0,0.0,0.0
2019-03-28,1,0,218,0.0,0.0,0.0,0.0,0.0
2019-03-28,1,0,219,0.0,0.0,0.0,0.0,0.0
2019-03-28,1,0,221,0.0,0.0,0.0,0.0,0.0
2019-03-28,1,0,225,0.0,0.0,0.0,0.0,0.0
2019-03-28,1,0,233,0.0,0.0,0.0,0.0,0.0
2019-03-28,1,0,236,69.95,69.95,0.0,143.297379,0.0
2019-03-28,1,0,237,141.03,141.03,0.0,185.772024,0.0
2019-03-28,1,0,238,0.0,0.0,0.0,0.0,0.0
2019-03-28,1,0,240,0.0,0.0,0.0,0.0,0.0
2019-03-28,1,0,245,78.0,78.0,0.0,222.534921,0.0
2019-03-28,1,0,247,116.85,116.85,0.0,333.374429,0.0
2019-03-28,1,0,248,14.16,14.16,0.0,18.652286,0.0
2019-03-28,1,0,249,150.01,150.01,0.0,427.9803,0.0
2019-03-28,1,0,251,326.4,326.4,0.0,835.435724,0.0
2019-03-28,1,0,252,239.84,239.84,0.0,632.168832,0.0
2019-03-28,1,0,254,0.0,0.0,0.0,0.0,0.0
2019-03-28,1,0,255,0.0,0.0,0.0,0.0,0.0
2019-03-28,1,0,258,0.0,0.0,0.0,0.0,0.0
2019-03-28,1,0,260,0.0,0.0,0.0,0.0,0.0
2019-03-28,1,0,265,0.0,0.0,0.0,-0.0,0.0
2019-03-28,1,0,266,97.0,97.0,0.0,-165.470784,0.0
2019-03-28,1,0,267,119.2,119.2,0.0,-203.341417,0.0
2019-03-28,1,0,270,579.0,579.0,0.0,-579000.0,0.0
2019-03-28,1,0,272,281.35,281.35,0.0,-77649.701849,0.0
2019-03-28,1,0,273,0.0,0.0,0.0,-0.0,0.0
2019-03-28,1,0,274,746.4,746.4,0.0,-746400.0,0.0
2019-03-28,1,0,275,1039.0,1039.0,0.0,-1039000.0,0.0
2019-03-28,1,0,276,0.0,0.0,0.0,-0.0,0.0
2019-03-28,1,0,277,0.0,0.0,0.0,-0.0,0.0
2019-03-28,1,0,278,0.0,0.0,0.0,-0.0,0.0
2019-03-28,1,0,279,264.6,264.6,0.0,-76003.045441,0.0
2019-03-28,1,0,281,31.71,31.71,0.0,-124.041593,0.0
2019-03-28,1,0,282,0.0,0.0,0.0,-0.0,0.0
2019-03-28,2,0,9,0.0,0.0,0.0,-0.0,0.0
2019-03-28,2,0,17,0.0,0.0,0.0,0.0,0.0
2019-03-28,2,0,19,643.3,643.3,0.0,1727.823326,0.0
2019-03-28,2,0,20,780.2,780.2,0.0,2095.519601,0.0
2019-03-28,2,0,21,0.0,0.0,0.0,-0.0,0.0
2019-03-28,2,0,22,0.0,0.0,0.0,-0.0,0.0
2019-03-28,2,0,23,108.8,108.8,0.0,-473.650302,0.0
2019-03-28,2,0,24,192.5,192.5,0.0,-838.030176,0.0
2019-03-28,2,0,29,0.0,0.0,0.0,0.0,0.0
2019-03-28,2,0,30,0.0,0.0,0.0,-0.0,0.0
2019-03-28,2,0,31,28.39,28.39,0.0,-124.860437,0.0
2019-03-28,2,0,32,0.0,0.0,0.0,0.0,0.0
2019-03-28,2,0,33,0.0,0.0,0.0,0.0,0.0
2019-03-28,2,0,34,0.0,0.0,0.0,0.0,0.0
2019-03-28,2,0,35,0.0,0.0,0.0,0.0,0.0
2019-03-28,2,0,36,0.0,0.0,0.0,0.0,0.0
2019-03-28,2,0,37,0.0,0.0,0.0,0.0,0.0
2019-03-28,2,0,38,0.0,0.0,0.0,0.0,0.0
2019-03-28,2,0,39,0.0,0.0,0.0,0.0,0.0
2019-03-28,2,0,40,0.0,0.0,0.0,0.0,0.0
2019-03-28,2,0,41,116.0,116.0,0.0,-235.280652,0.0
2019-03-28,2,0,42,0.0,0.0,0.0,0.0,0.0
2019-03-28,2,0,43,0.0,0.0,0.0,0.0,0.0
2019-03-28,2,0,46,0.0,0.0,0.0,0.0,0.0
2019-03-28,2,0,52,30.09,30.09,0.0,-132.33711,0.0
2019-03-28,2,0,53,47.8,47.8,0.0,-210.226449,0.0
2019-03-28,2,0,55,623.0,623.0,0.0,-2712.170388,0.0
2019-03-28,2,0,56,0.0,0.0,0.0,-0.0,0.0
2019-03-28,2,0,57,0.0,0.0,0.0,-0.0,0.0
2019-03-28,2,0,58,0.0,0.0,0.0,-0.0,0.0
2019-03-28,2,0,59,0.0,0.0,0.0,-0.0,0.0
2019-03-28,2,0,63,170.0,170.0,0.0,13557.900705,0.0
2019-03-28,2,0,64,200.0,200.0,0.0,15950.471417,0.0
2019-03-28,2,0,65,31.4,31.4,0.0,82.76988,0.0
2019-03-28,2,0,67,0.0,0.0,0.0,-0.0,0.0
2019-03-28,2,0,68,10.2,10.2,0.0,-4367.355682,0.0
2019-03-28,2,0,69,0.0,0.0,0.0,0.0,0.0
2019-03-28,2,0,74,43.88,43.88,0.0,53.510502,0.0
2019-03-28,2,0,77,200.0,200.0,0.0,-62138.228741,0.0
2019-03-28,2,0,78,151.2,151.2,0.0,-46976.500929,0.0
2019-03-28,2,0,79,87.5,87.5,0.0,-27185.475074,0.0
2019-03-28,2,0,80,141.5,141.5,0.0,-43962.796835,0.0
2019-03-28,2,0,81,185.0,185.0,0.0,-57477.861586,0.0
2019-03-28,2,0,82,130.5,130.5,0.0,-40545.194254,0.0
2019-03-28,2,0,83,291.0,291.0,0.0,-90411.122819,0.0
2019-03-28,2,0,84,0.0,0.0,0.0,-0.0,0.0
2019-03-28,2,0,86,0.0,0.0,0.0,0.0,0.0
2019-03-28,2,0,87,0.0,0.0,0.0,0.0,0.0
2019-03-28,2,0,88,170.6,170.6,0.0,-53003.909116,0.0
2019-03-28,2,0,89,164.0,164.0,0.0,-50953.347568,0.0
2019-03-28,2,0,90,220.2,220.2,0.0,-68414.189844,0.0
2019-03-28,2,0,91,785.5,785.5,0.0,-244047.893382,0.0
2019-03-28,2,0,92,282.5,282.5,0.0,-87770.248097,0.0
2019-03-28,2,0,95,35.69,35.69,0.0,298.047305,0.0
2019-03-28,2,0,96,29.88,29.88,0.0,-132.807498,0.0
2019-03-28,2,0,97,183.75,183.75,0.0,-816.712774,0.0
2019-03-28,2,0,99,8.47,8.47,0.0,10.328941,0.0
2019-03-28,2,0,101,0.0,0.0,0.0,-0.0,0.0
2019-03-28,2,0,102,24.15,24.15,0.0,-10340.356835,0.0
2019-03-28,2,0,103,21.0,21.0,0.0,-8991.614639,0.0
2019-03-28,2,0,104,3.9,3.9,0.0,-1669.87129,0.0
2019-03-28,2,0,106,0.0,0.0,0.0,-0.0,0.0
2019-03-28,2,0,109,195.26,195.26,0.0,-96.264788,0.0
2019-03-28,2,0,110,338.6,338.6,0.0,-338600.0,0.0
2019-03-28,2,0,111,0.0,0.0,0.0,-0.0,0.0
2019-03-28,2,0,113,92.76,92.76,0.0,-26249.090436,0.0
2019-03-28,2,0,115,92.76,92.76,0.0,-26249.090436,0.0
2019-03-28,2,0,116,0.0,0.0,0.0,-0.0,0.0
2019-03-28,2,0,117,4.96,4.96,0.0,-1403.573615,0.0
2019-03-28,2,0,119,200.0,200.0,0.0,15950.471417,0.0
2019-03-28,2,0,120,117.6,117.6,0.0,9378.877193,0.0
2019-03-28,2,0,123,0.0,0.0,0.0,-0.0,0.0
2019-03-28,2,0,125,174.2,174.2,0.0,-758.362892,0.0
2019-03-28,2,0,126,0.0,0.0,0.0,-0.0,0.0
2019-03-28,2,0,127,0.0,0.0,0.0,-0.0,0.0
2019-03-28,2,0,128,249.5,249.5,0.0,-1086.174176,0.0
2019-03-28,2,0,131,30.0,30.0,0.0,-11717.352411,0.0
2019-03-28,2,0,132,44.1,44.1,0.0,-17224.508044,0.0
2019-03-28,2,0,133,128.0,128.0,0.0,344.393657,0.0
2019-03-28,2,0,134,0.0,0.0,0.0,0.0,0.0
2019-03-28,2,0,135,171.51,171.51,0.0,461.460594,0.0
2019-03-28,2,0,136,45.54,45.54,0.0,119.917954,0.0
2019-03-28,2,0,139,149.8,149.8,0.0,-303.836566,0.0
2019-03-28,2,0,140,250.6,250.6,0.0,-250600.0,0.0
2019-03-28,2,0,141,230.0,230.0,0.0,-130855.294441,0.0
2019-03-28,2,0,142,0.0,0.0,0.0,-0.0,0.0
2019-03-28,2,0,143,95.64,95.64,0.0,-420.628819,0.0
2019-03-28,2,0,145,30.0,30.0,0.0,-88.456628,0.0
2019-03-28,2,0,146,268.0,268.0,0.0,-268000.0,0.0
2019-03-28,2,0,152,0.0,0.0,0.0,0.0,0.0
2019-03-28,2,0,153,0.0,0.0,0.0,0.0,0.0
2019-03-28,2,0,154,0.0,0.0,0.0,-0.0,0.0
2019-03-28,2,0,157,214.84,214.84,0.0,-122230.223729,0.0
2019-03-28,2,0,158,0.0,0.0,0.0,-0.0,0.0
2019-03-28,2,0,159,0.0,0.0,0.0,0.0,0.0
2019-03-28,2,0,160,0.0,0.0,0.0,0.0,0.0
2019-03-28,2,0,161,0.0,0.0,0.0,-0.0,0.0
2019-03-28,2,0,162,27.67,27.67,0.0,253.043414,0.0
2019-03-28,2,0,163,185.4,185.4,0.0,-185400.0,0.0
2019-03-28,2,0,164,0.0,0.0,0.0,-0.0,0.0
2019-03-28,2,0,167,0.0,0.0,0.0,0.0,0.0
2019-03-28,2,0,168,0.0,0.0,0.0,0.0,0.0
2019-03-28,2,0,169,0.0,0.0,0.0,0.0,0.0
2019-03-28,2,0,170,0.0,0.0,0.0,0.0,0.0
2019-03-28,2,0,172,0.0,0.0,0.0,-0.0,0.0
2019-03-28,2,0,173,0.0,0.0,0.0,-0.0,0.0
2019-03-28,2,0,188,0.0,0.0,0.0,-0.0,0.0
2019-03-28,2,0,190,0.0,0.0,0.0,0.0,0.0
2019-03-28,2,0,191,0.0,0.0,0.0,0.0,0.0
2019-03-28,2,0,192,144.86,144.86,0.0,4697.455924,0.0
2019-03-28,2,0,194,176.5,176.5,0.0,-26888.653884,0.0
2019-03-28,2,0,196,0.0,0.0,0.0,0.0,0.0
2019-03-28,2,0,198,0.0,0.0,0.0,0.0,0.0
2019-03-28,2,0,199,33.16,33.16,0.0,-1216.847202,0.0
2019-03-28,2,0,200,0.0,0.0,0.0,-0.0,0.0
2019-03-28,2,0,204,857.0,857.0,0.0,-573.362055,0.0
2019-03-28,2,0,205,958.56,958.56,0.0,-472.577974,0.0
2019-03-28,2,0,206,539.94,539.94,0.0,-2399.868819,0.0
2019-03-28,2,0,210,0.0,0.0,0.0,0.0,0.0
2019-03-28,2,0,214,0.0,0.0,0.0,0.0,0.0
2019-03-28,2,0,217,0.0,0.0,0.0,0.0,0.0
2019-03-28,2,0,218,0.0,0.0,0.0,0.0,0.0
2019-03-28,2,0,219,0.0,0.0,0.0,0.0,0.0
2019-03-28,2,0,221,0.0,0.0,0.0,0.0,0.0
2019-03-28,2,0,225,0.0,0.0,0.0,0.0,0.0
2019-03-28,2,0,233,0.0,0.0,0.0,0.0,0.0
2019-03-28,2,0,236,49.36,49.36,0.0,98.973083,0.0
2019-03-28,2,0,237,105.27,105.27,0.0,128.373987,0.0
2019-03-28,2,0,238,0.0,0.0,0.0,0.0,0.0
2019-03-28,2,0,240,0.0,0.0,0.0,0.0,0.0
2019-03-28,2,0,245,75.66,75.66,0.0,217.094303,0.0
2019-03-28,2,0,247,95.85,95.85,0.0,275.026287,0.0
2019-03-28,2,0,248,10.57,10.57,0.0,12.889836,0.0
2019-03-28,2,0,249,145.5,145.5,0.0,417.489044,0.0
2019-03-28,2,0,251,313.87,313.87,0.0,801.645922,0.0
2019-03-28,2,0,252,202.55,202.55,0.0,533.918443,0.0
2019-03-28,2,0,254,0.0,0.0,0.0,0.0,0.0
2019-03-28,2,0,255,0.0,0.0,0.0,0.0,0.0
2019-03-28,2,0,258,0.0,0.0,0.0,0.0,0.0
2019-03-28,2,0,260,0.0,0.0,0.0,0.0,0.0
2019-03-28,2,0,265,0.0,0.0,0.0,-0.0,0.0
2019-03-28,2,0,266,97.0,97.0,0.0,-196.743304,0.0
2019-03-28,2,0,267,119.2,119.2,0.0,-241.771153,0.0
2019-03-28,2,0,270,579.0,579.0,0.0,-579000.0,0.0
2019-03-28,2,0,272,400.13,400.13,0.0,-113228.207808,0.0
2019-03-28,2,0,273,0.0,0.0,0.0,-0.0,0.0
2019-03-28,2,0,274,746.39,746.39,0.0,-746390.0,0.0
2019-03-28,2,0,275,1038.99,1038.99,0.0,-1038990.0,0.0
2019-03-28,2,0,276,0.0,0.0,0.0,-0.0,0.0
2019-03-28,2,0,277,0.0,0.0,0.0,-0.0,0.0
2019-03-28,2,0,278,0.0,0.0,0.0,-0.0,0.0
2019-03-28,2,0,279,264.6,264.6,0.0,-77815.943295,0.0
2019-03-28,2,0,281,12.74,12.74,0.0,-56.031066,0.0
2019-03-28,2,0,282,0.0,0.0,0.0,-0.0,0.0
2019-03-28,3,0,9,0.0,0.0,0.0,-0.0,0.0
2019-03-28,3,0,17,0.0,0.0,0.0,0.0,0.0
2019-03-28,3,0,19,643.3,643.3,0.0,1783.157616,0.0
2019-03-28,3,0,20,780.2,780.2,0.0,2162.629523,0.0
2019-03-28,3,0,21,0.0,0.0,0.0,-0.0,0.0
2019-03-28,3,0,22,0.0,0.0,0.0,-0.0,0.0
2019-03-28,3,0,23,108.8,108.8,0.0,-859.122481,0.0
2019-03-28,3,0,24,192.5,192.5,0.0,-1520.04667,0.0
2019-03-28,3,0,29,0.0,0.0,0.0,0.0,0.0
2019-03-28,3,0,30,0.0,0.0,0.0,-0.0,0.0
2019-03-28,3,0,31,23.44,23.44,0.0,-186.820417,0.0
2019-03-28,3,0,32,0.0,0.0,0.0,0.0,0.0
2019-03-28,3,0,33,0.0,0.0,0.0,0.0,0.0
2019-03-28,3,0,34,0.0,0.0,0.0,0.0,0.0
2019-03-28,3,0,35,0.0,0.0,0.0,0.0,0.0
2019-03-28,3,0,36,0.0,0.0,0.0,0.0,0.0
2019-03-28,3,0,37,0.0,0.0,0.0,0.0,0.0
2019-03-28,3,0,38,0.0,0.0,0.0,0.0,0.0
2019-03-28,3,0,39,0.0,0.0,0.0,0.0,0.0
2019-03-28,3,0,40,0.0,0.0,0.0,0.0,0.0
2019-03-28,3,0,41,116.0,116.0,0.0,-470.04779,0.0
2019-03-28,3,0,42,0.0,0.0,0.0,0.0,0.0
2019-03-28,3,0,43,0.0,0.0,0.0,0.0,0.0
2019-03-28,3,0,46,0.0,0.0,0.0,-0.0,0.0
2019-03-28,3,0,52,24.85,24.85,0.0,-198.058335,0.0
2019-03-28,3,0,53,39.47,39.47,0.0,-314.581991,0.0
2019-03-28,3,0,55,623.0,623.0,0.0,-4919.423767,0.0
2019-03-28,3,0,56,0.0,0.0,0.0,-0.0,0.0
2019-03-28,3,0,57,0.0,0.0,0.0,-0.0,0.0
2019-03-28,3,0,58,0.0,0.0,0.0,-0.0,0.0
2019-03-28,3,0,59,0.0,0.0,0.0,-0.0,0.0
2019-03-28,3,0,63,170.0,170.0,0.0,14002.733467,0.0
2019-03-28,3,0,64,200.0,200.0,0.0,16473.804079,0.0
2019-03-28,3,0,65,26.31,26.31,0.0,83.40448,0.0
2019-03-28,3,0,67,0.0,0.0,0.0,-0.0,0.0
2019-03-28,3,0,68,10.2,10.2,0.0,-4342.491789,0.0
2019-03-28,3,0,69,0.0,0.0,0.0,0.0,0.0
2019-03-28,3,0,74,32.65,32.65,0.0,42.983205,0.0
2019-03-28,3,0,77,200.0,200.0,0.0,-61513.145999,0.0
2019-03-28,3,0,78,151.2,151.2,0.0,-46503.938375,0.0
2019-03-28,3,0,79,87.5,87.5,0.0,-26912.001375,0.0
2019-03-28,3,0,80,141.5,141.5,0.0,-43520.550794,0.0
2019-03-28,3,0,81,185.0,185.0,0.0,-56899.660049,0.0
2019-03-28,3,0,82,130.5,130.5,0.0,-40137.327765,0.0
2019-03-28,3,0,83,291.0,291.0,0.0,-89501.627429,0.0
2019-03-28,3,0,84,0.0,0.0,0.0,-0.0,0.0
2019-03-28,3,0,86,0.0,0.0,0.0,0.0,0.0
2019-03-28,3,0,87,0.0,0.0,0.0,0.0,0.0
2019-03-28,3,0,88,170.6,170.6,0.0,-52470.713537,0.0
2019-03-28,3,0,89,164.0,164.0,0.0,-50440.779719,0.0
2019-03-28,3,0,90,220.2,220.2,0.0,-67725.973745,0.0
2019-03-28,3,0,91,785.5,785.5,0.0,-241592.880912,0.0
2019-03-28,3,0,92,282.5,282.5,0.0,-86887.318724,0.0
2019-03-28,3,0,95,32.38,32.38,0.0,338.614944,0.0
2019-03-28,3,0,96,29.88,29.88,0.0,-240.453053,0.0
2019-03-28,3,0,97,183.75,183.75,0.0,-1478.68971,0.0
2019-03-28,3,0,99,6.3,6.3,0.0,8.29385,0.0
2019-03-28,3,0,101,0.0,0.0,0.0,-0.0,0.0
2019-03-28,3,0,102,24.15,24.15,0.0,-10281.487911,0.0
2019-03-28,3,0,103,21.0,21.0,0.0,-8940.424271,0.0
2019-03-28,3,0,104,3.9,3.9,0.0,-1660.364507,0.0
2019-03-28,3,0,106,0.0,0.0,0.0,-0.0,0.0
2019-03-28,3,0,109,200.0,200.0,0.0,-302.655702,0.0
2019-03-28,3,0,110,338.6,338.6,0.0,-338600.0,0.0
2019-03-28,3,0,111,0.0,0.0,0.0,-0.0,0.0
2019-03-28,3,0,113,78.82,78.82,0.0,-22097.111991,0.0
2019-03-28,3,0,115,78.82,78.82,0.0,-22097.111991,0.0
2019-03-28,3,0,116,0.0,0.0,0.0,-0.0,0.0
2019-03-28,3,0,117,4.05,4.05,0.0,-1135.413646,0.0
2019-03-28,3,0,119,200.0,200.0,0.0,16473.804079,0.0
2019-03-28,3,0,120,117.6,117.6,0.0,9686.596798,0.0
2019-03-28,3,0,123,0.0,0.0,0.0,-0.0,0.0
2019-03-28,3,0,125,174.2,174.2,0.0,-1375.543532,0.0
2019-03-28,3,0,126,0.0,0.0,0.0,-0.0,0.0
2019-03-28,3,0,127,0.0,0.0,0.0,-0.0,0.0
2019-03-28,3,0,128,249.5,249.5,0.0,-1970.138411,0.0
2019-03-28,3,0,131,30.0,30.0,0.0,-11639.415583,0.0
2019-03-28,3,0,132,44.1,44.1,0.0,-17109.940907,0.0
2019-03-28,3,0,133,62.3,62.3,0.0,237.711881,0.0
2019-03-28,3,0,134,0.0,0.0,0.0,0.0,0.0
2019-03-28,3,0,135,83.37,83.37,0.0,318.106574,0.0
2019-03-28,3,0,136,38.28,38.28,0.0,122.186956,0.0
2019-03-28,3,0,139,149.8,149.8,0.0,-607.009991,0.0
2019-03-28,3,0,140,250.6,250.6,0.0,-250600.0,0.0
2019-03-28,3,0,141,230.0,230.0,0.0,-130432.651943,0.0
2019-03-28,3,0,142,0.0,0.0,0.0,-0.0,0.0
2019-03-28,3,0,143,39.58,39.58,0.0,-315.458708,0.0
2019-03-28,3,0,145,30.0,30.0,0.0,-167.204082,0.0
2019-03-28,3,0,146,268.0,268.0,0.0,-268000.0,0.0
2019-03-28,3,0,152,0.0,0.0,0.0,0.0,0.0
2019-03-28,3,0,153,0.0,0.0,0.0,0.0,0.0
2019-03-28,3,0,154,0.0,0.0,0.0,-0.0,0.0
2019-03-28,3,0,157,207.93,207.93,0.0,-117916.788341,0.0
2019-03-28,3,0,158,0.0,0.0,0.0,-0.0,0.0
2019-03-28,3,0,159,0.0,0.0,0.0,0.0,0.0
2019-03-28,3,0,160,0.0,0.0,0.0,0.0,0.0
2019-03-28,3,0,161,0.0,0.0,0.0,-0.0,0.0
2019-03-28,3,0,162,23.23,23.23,0.0,261.552988,0.0
2019-03-28,3,0,163,160.0,160.0,0.0,-160000.0,0.0
2019-03-28,3,0,164,0.0,0.0,0.0,-0.0,0.0
2019-03-28,3,0,167,0.0,0.0,0.0,0.0,0.0
2019-03-28,3,0,168,0.0,0.0,0.0,0.0,0.0
2019-03-28,3,0,169,0.0,0.0,0.0,0.0,0.0
2019-03-28,3,0,170,0.0,0.0,0.0,0.0,0.0
2019-03-28,3,0,172,0.0,0.0,0.0,-0.0,0.0
2019-03-28,3,0,173,0.0,0.0,0.0,-0.0,0.0
2019-03-28,3,0,188,0.0,0.0,0.0,-0.0,0.0
2019-03-28,3,0,190,0.0,0.0,0.0,0.0,0.0
2019-03-28,3,0,191,0.0,0.0,0.0,0.0,0.0
2019-03-28,3,0,192,131.29,131.29,0.0,4257.413974,0.0
2019-03-28,3,0,194,176.5,176.5,0.0,-26427.375803,0.0
2019-03-28,3,0,196,0.0,0.0,0.0,0.0,0.0
2019-03-28,3,0,198,0.0,0.0,0.0,0.0,0.0
2019-03-28,3,0,199,26.24,26.24,0.0,-842.112782,0.0
2019-03-28,3,0,200,0.0,0.0,0.0,-0.0,0.0
2019-03-28,3,0,204,857.0,857.0,0.0,-1546.239337,0.0
2019-03-28,3,0,205,1058.0,1058.0,0.0,-1601.048664,0.0
2019-03-28,3,0,206,539.94,539.94,0.0,-4345.054271,0.0
2019-03-28,3,0,210,0.0,0.0,0.0,0.0,0.0
2019-03-28,3,0,214,0.0,0.0,0.0,0.0,0.0
2019-03-28,3,0,217,0.0,0.0,0.0,0.0,0.0
2019-03-28,3,0,218,0.0,0.0,0.0,0.0,0.0
2019-03-28,3,0,219,0.0,0.0,0.0,0.0,0.0
2019-03-28,3,0,221,0.0,0.0,0.0,0.0,0.0
2019-03-28,3,0,225,0.0,0.0,0.0,0.0,0.0
2019-03-28,3,0,233,0.0,0.0,0.0,0.0,0.0
2019-03-28,3,0,236,34.15,34.15,0.0,89.328099,0.0
2019-03-28,3,0,237,78.33,78.33,0.0,103.120197,0.0
2019-03-28,3,0,238,0.0,0.0,0.0,0.0,0.0
2019-03-28,3,0,240,0.0,0.0,0.0,0.0,0.0
2019-03-28,3,0,245,64.01,64.01,0.0,252.784203,0.0
2019-03-28,3,0,247,77.46,77.46,0.0,305.900084,0.0
2019-03-28,3,0,248,7.86,7.86,0.0,10.347565,0.0
2019-03-28,3,0,249,123.09,123.09,0.0,486.099166,0.0
2019-03-28,3,0,251,261.82,261.82,0.0,834.952932,0.0
2019-03-28,3,0,252,169.74,169.74,0.0,538.087285,0.0
2019-03-28,3,0,254,0.0,0.0,0.0,0.0,0.0
2019-03-28,3,0,255,0.0,0.0,0.0,0.0,0.0
2019-03-28,3,0,258,0.0,0.0,0.0,0.0,0.0
2019-03-28,3,0,260,0.0,0.0,0.0,0.0,0.0
2019-03-28,3,0,265,0.0,0.0,0.0,-0.0,0.0
2019-03-28,3,0,266,97.0,97.0,0.0,-393.057204,0.0
2019-03-28,3,0,267,119.2,119.2,0.0,-483.014626,0.0
2019-03-28,3,0,270,499.69,499.69,0.0,-499690.0,0.0
2019-03-28,3,0,272,321.97,321.97,0.0,-90263.983097,0.0
2019-03-28,3,0,273,0.0,0.0,0.0,-0.0,0.0
2019-03-28,3,0,274,644.16,644.16,0.0,-644160.0,0.0
2019-03-28,3,0,275,896.68,896.68,0.0,-896680.0,0.0
2019-03-28,3,0,276,0.0,0.0,0.0,-0.0,0.0
2019-03-28,3,0,277,0.0,0.0,0.0,-0.0,0.0
2019-03-28,3,0,278,0.0,0.0,0.0,-0.0,0.0
2019-03-28,3,0,279,264.6,264.6,0.0,-77067.569376,0.0
2019-03-28,3,0,281,10.52,10.52,0.0,-83.846024,0.0
2019-03-28,3,0,282,0.0,0.0,0.0,-0.0,0.0
2019-03-28,4,0,9,0.0,0.0,0.0,-0.0,0.0
2019-03-28,4,0,17,0.0,0.0,0.0,0.0,0.0
2019-03-28,4,0,19,643.3,643.3,0.0,1564.549218,0.0
2019-03-28,4,0,20,780.2,780.2,0.0,1897.4993,0.0
2019-03-28,4,0,21,0.0,0.0,0.0,-0.0,0.0
2019-03-28,4,0,22,0.0,0.0,0.0,-0.0,0.0
2019-03-28,4,0,23,98.16,98.16,0.0,-346.706274,0.0
2019-03-28,4,0,24,162.22,162.22,0.0,-572.969558,0.0
2019-03-28,4,0,29,0.0,0.0,0.0,0.0,0.0
2019-03-28,4,0,30,0.0,0.0,0.0,-0.0,0.0
2019-03-28,4,0,31,19.1,19.1,0.0,-68.440423,0.0
2019-03-28,4,0,32,0.0,0.0,0.0,0.0,0.0
2019-03-28,4,0,33,0.0,0.0,0.0,0.0,0.0
2019-03-28,4,0,34,0.0,0.0,0.0,0.0,0.0
2019-03-28,4,0,35,0.0,0.0,0.0,0.0,0.0
2019-03-28,4,0,36,0.0,0.0,0.0,0.0,0.0
2019-03-28,4,0,37,0.0,0.0,0.0,0.0,0.0
2019-03-28,4,0,38,0.0,0.0,0.0,0.0,0.0
2019-03-28,4,0,39,0.0,0.0,0.0,0.0,0.0
2019-03-28,4,0,40,0.0,0.0,0.0,0.0,0.0
2019-03-28,4,0,41,116.0,116.0,0.0,-100.323137,0.0
2019-03-28,4,0,42,0.0,0.0,0.0,0.0,0.0
2019-03-28,4,0,43,0.0,0.0,0.0,0.0,0.0
2019-03-28,4,0,46,0.0,0.0,0.0,0.0,0.0
2019-03-28,4,0,52,20.25,20.25,0.0,-72.561181,0.0
2019-03-28,4,0,53,32.16,32.16,0.0,-115.237906,0.0
2019-03-28,4,0,55,623.0,623.0,0.0,-2200.468714,0.0
2019-03-28,4,0,56,0.0,0.0,0.0,-0.0,0.0
2019-03-28,4,0,57,0.0,0.0,0.0,-0.0,0.0
2019-03-28,4,0,58,0.0,0.0,0.0,-0.0,0.0
2019-03-28,4,0,59,0.0,0.0,0.0,-0.0,0.0
2019-03-28,4,0,63,170.0,170.0,0.0,15076.535143,0.0
2019-03-28,4,0,64,200.0,200.0,0.0,17737.100168,0.0
2019-03-28,4,0,65,21.89,21.89,0.0,74.879741,0.0
2019-03-28,4,0,67,0.0,0.0,0.0,-0.0,0.0
2019-03-28,4,0,68,10.2,10.2,0.0,-4318.809808,0.0
2019-03-28,4,0,69,0.0,0.0,0.0,0.0,0.0
2019-03-28,4,0,74,24.39,24.39,0.0,69.719074,0.0
2019-03-28,4,0,77,200.0,200.0,0.0,-60982.778903,0.0
2019-03-28,4,0,78,151.2,151.2,0.0,-46102.980851,0.0
2019-03-28,4,0,79,87.5,87.5,0.0,-26679.96577,0.0
2019-03-28,4,0,80,141.5,141.5,0.0,-43145.316074,0.0
2019-03-28,4,0,81,185.0,185.0,0.0,-56409.070485,0.0
2019-03-28,4,0,82,130.5,130.5,0.0,-39791.263234,0.0
2019-03-28,4,0,83,291.0,291.0,0.0,-88729.943304,0.0
2019-03-28,4,0,84,0.0,0.0,0.0,-0.0,0.0
2019-03-28,4,0,86,0.0,0.0,0.0,0.0,0.0
2019-03-28,4,0,87,0.0,0.0,0.0,0.0,0.0
2019-03-28,4,0,88,170.6,170.6,0.0,-52018.310404,0.0
2019-03-28,4,0,89,164.0,164.0,0.0,-50005.8787,0.0
2019-03-28,4,0,90,220.2,220.2,0.0,-67142.039572,0.0
2019-03-28,4,0,91,785.5,785.5,0.0,-239509.864142,0.0
2019-03-28,4,0,92,282.5,282.5,0.0,-86138.1752,0.0
2019-03-28,4,0,95,68.56,68.56,0.0,1129.527207,0.0
2019-03-28,4,0,96,29.88,29.88,0.0,-108.667395,0.0
2019-03-28,4,0,97,183.75,183.75,0.0,-668.260835,0.0
2019-03-28,4,0,99,4.71,4.71,0.0,13.463585,0.0
2019-03-28,4,0,101,0.0,0.0,0.0,-0.0,0.0
2019-03-28,4,0,102,24.15,24.15,0.0,-10225.417339,0.0
2019-03-28,4,0,103,21.0,21.0,0.0,-8891.667251,0.0
2019-03-28,4,0,104,3.9,3.9,0.0,-1651.309632,0.0
2019-03-28,4,0,106,0.0,0.0,0.0,-0.0,0.0
2019-03-28,4,0,109,200.0,200.0,0.0,179.490333,0.0
2019-03-28,4,0,110,338.6,338.6,0.0,-338600.0,0.0
2019-03-28,4,0,111,0.0,0.0,0.0,-0.0,0.0
2019-03-28,4,0,113,45.0,45.0,0.0,-12469.596582,0.0
2019-03-28,4,0,115,45.0,45.0,0.0,-12469.596582,0.0
2019-03-28,4,0,116,0.0,0.0,0.0,-0.0,0.0
2019-03-28,4,0,117,3.0,3.0,0.0,-831.306439,0.0
2019-03-28,4,0,119,200.0,200.0,0.0,17737.100168,0.0
2019-03-28,4,0,120,117.6,117.6,0.0,10429.414899,0.0
2019-03-28,4,0,123,0.0,0.0,0.0,-0.0,0.0
2019-03-28,4,0,125,148.85,148.85,0.0,-525.746016,0.0
2019-03-28,4,0,126,0.0,0.0,0.0,-0.0,0.0
2019-03-28,4,0,127,0.0,0.0,0.0,-0.0,0.0
2019-03-28,4,0,128,202.15,202.15,0.0,-714.004415,0.0
2019-03-28,4,0,131,30.0,30.0,0.0,-11565.183504,0.0
2019-03-28,4,0,132,44.1,44.1,0.0,-17000.819751,0.0
2019-03-28,4,0,133,75.62,75.62,0.0,354.777972,0.0
2019-03-28,4,0,134,0.0,0.0,0.0,0.0,0.0
2019-03-28,4,0,135,104.32,104.32,0.0,489.426581,0.0
2019-03-28,4,0,136,32.05,32.05,0.0,111.373869,0.0
2019-03-28,4,0,139,149.8,149.8,0.0,-129.555223,0.0
2019-03-28,4,0,140,250.6,250.6,0.0,-250600.0,0.0
2019-03-28,4,0,141,230.0,230.0,0.0,-130030.099874,0.0
2019-03-28,4,0,142,0.0,0.0,0.0,-0.0,0.0
2019-03-28,4,0,143,30.38,30.38,0.0,-108.859688,0.0
2019-03-28,4,0,145,30.0,30.0,0.0,-57.60333,0.0
2019-03-28,4,0,146,268.0,268.0,0.0,-268000.0,0.0
2019-03-28,4,0,152,0.0,0.0,0.0,0.0,0.0
2019-03-28,4,0,153,0.0,0.0,0.0,0.0,0.0
2019-03-28,4,0,154,0.0,0.0,0.0,-0.0,0.0
2019-03-28,4,0,157,210.66,210.66,0.0,-119096.26452,0.0
2019-03-28,4,0,158,0.0,0.0,0.0,-0.0,0.0
2019-03-28,4,0,159,0.0,0.0,0.0,0.0,0.0
2019-03-28,4,0,160,0.0,0.0,0.0,0.0,0.0
2019-03-28,4,0,161,0.0,0.0,0.0,-0.0,0.0
2019-03-28,4,0,162,19.29,19.29,0.0,333.386347,0.0
2019-03-28,4,0,163,136.4,136.4,0.0,-136400.0,0.0
2019-03-28,4,0,164,0.0,0.0,0.0,-0.0,0.0
2019-03-28,4,0,167,0.0,0.0,0.0,0.0,0.0
2019-03-28,4,0,168,0.0,0.0,0.0,0.0,0.0
2019-03-28,4,0,169,0.0,0.0,0.0,0.0,0.0
2019-03-28,4,0,170,0.0,0.0,0.0,0.0,0.0
2019-03-28,4,0,172,0.0,0.0,0.0,0.0,0.0
2019-03-28,4,0,173,0.0,0.0,0.0,0.0,0.0
2019-03-28,4,0,188,0.0,0.0,0.0,0.0,0.0
2019-03-28,4,0,190,0.0,0.0,0.0,0.0,0.0
2019-03-28,4,0,191,0.0,0.0,0.0,0.0,0.0
2019-03-28,4,0,192,118.4,118.4,0.0,3839.422763,0.0
2019-03-28,4,0,194,176.5,176.5,0.0,-25681.216237,0.0
2019-03-28,4,0,196,0.0,0.0,0.0,0.0,0.0
2019-03-28,4,0,198,0.0,0.0,0.0,0.0,0.0
2019-03-28,4,0,199,20.36,20.36,0.0,-666.013411,0.0
2019-03-28,4,0,200,0.0,0.0,0.0,-0.0,0.0
2019-03-28,4,0,204,857.0,857.0,0.0,596.183153,0.0
2019-03-28,4,0,205,1058.0,1058.0,0.0,949.503859,0.0
2019-03-28,4,0,206,539.94,539.94,0.0,-1963.650369,0.0
2019-03-28,4,0,210,0.0,0.0,0.0,0.0,0.0
2019-03-28,4,0,214,0.0,0.0,0.0,0.0,0.0
2019-03-28,4,0,217,0.0,0.0,0.0,0.0,0.0
2019-03-28,4,0,218,0.0,0.0,0.0,0.0,0.0
2019-03-28,4,0,219,0.0,0.0,0.0,0.0,0.0
2019-03-28,4,0,221,0.0,0.0,0.0,0.0,0.0
2019-03-28,4,0,225,0.0,0.0,0.0,0.0,0.0
2019-03-28,4,0,233,0.0,0.0,0.0,0.0,0.0
2019-03-28,4,0,236,23.29,23.29,0.0,87.580949,0.0
2019-03-28,4,0,237,58.51,58.51,0.0,167.251455,0.0
2019-03-28,4,0,238,0.0,0.0,0.0,0.0,0.0
2019-03-28,4,0,240,0.0,0.0,0.0,0.0,0.0
2019-03-28,4,0,245,53.4,53.4,0.0,242.655144,0.0
2019-03-28,4,0,247,61.69,61.69,0.0,280.325765,0.0
2019-03-28,4,0,248,5.87,5.87,0.0,16.779457,0.0
2019-03-28,4,0,249,102.7,102.7,0.0,466.679463,0.0
2019-03-28,4,0,251,216.32,216.32,0.0,792.319865,0.0
2019-03-28,4,0,252,141.23,141.23,0.0,483.109449,0.0
2019-03-28,4,0,254,0.0,0.0,0.0,0.0,0.0
2019-03-28,4,0,255,0.0,0.0,0.0,0.0,0.0
2019-03-28,4,0,258,0.0,0.0,0.0,0.0,0.0
2019-03-28,4,0,260,0.0,0.0,0.0,0.0,0.0
2019-03-28,4,0,265,0.0,0.0,0.0,-0.0,0.0
2019-03-28,4,0,266,97.0,97.0,0.0,-83.890899,0.0
2019-03-28,4,0,267,119.2,119.2,0.0,-103.090672,0.0
2019-03-28,4,0,270,425.97,425.97,0.0,-425970.0,0.0
2019-03-28,4,0,272,150.39,150.39,0.0,-41673.391777,0.0
2019-03-28,4,0,273,0.0,0.0,0.0,-0.0,0.0
2019-03-28,4,0,274,549.13,549.13,0.0,-549130.0,0.0
2019-03-28,4,0,275,764.39,764.39,0.0,-764390.0,0.0
2019-03-28,4,0,276,0.0,0.0,0.0,-0.0,0.0
2019-03-28,4,0,277,0.0,0.0,0.0,-0.0,0.0
2019-03-28,4,0,278,0.0,0.0,0.0,-0.0,0.0
2019-03-28,4,0,279,264.6,264.6,0.0,-76271.565184,0.0
2019-03-28,4,0,281,8.57,8.57,0.0,-30.708609,0.0
2019-03-28,4,0,282,0.0,0.0,0.0,-0.0,0.0
2019-03-28,5,0,9,0.0,0.0,0.0,0.0,0.0
2019-03-28,5,0,17,0.0,0.0,0.0,0.0,0.0
2019-03-28,5,0,19,643.3,643.3,0.0,1201.437212,0.0
2019-03-28,5,0,20,780.2,780.2,0.0,1457.113808,0.0
2019-03-28,5,0,21,0.0,0.0,0.0,0.0,0.0
2019-03-28,5,0,22,0.0,0.0,0.0,0.0,0.0
2019-03-28,5,0,23,108.8,108.8,0.0,640.297828,0.0
2019-03-28,5,0,24,192.5,192.5,0.0,1132.879889,0.0
2019-03-28,5,0,29,0.0,0.0,0.0,0.0,0.0
2019-03-28,5,0,30,0.0,0.0,0.0,0.0,0.0
2019-03-28,5,0,31,16.78,16.78,0.0,98.782616,0.0
2019-03-28,5,0,32,0.0,0.0,0.0,0.0,0.0
2019-03-28,5,0,33,0.0,0.0,0.0,0.0,0.0
2019-03-28,5,0,34,0.0,0.0,0.0,0.0,0.0
2019-03-28,5,0,35,0.0,0.0,0.0,0.0,0.0
2019-03-28,5,0,36,0.0,0.0,0.0,0.0,0.0
2019-03-28,5,0,37,0.0,0.0,0.0,0.0,0.0
2019-03-28,5,0,38,0.0,0.0,0.0,0.0,0.0
2019-03-28,5,0,39,0.0,0.0,0.0,0.0,0.0
2019-03-28,5,0,40,0.0,0.0,0.0,0.0,0.0
2019-03-28,5,0,41,116.0,116.0,0.0,671.484606,0.0
2019-03-28,5,0,42,0.0,0.0,0.0,0.0,0.0
2019-03-28,5,0,43,0.0,0.0,0.0,0.0,0.0
2019-03-28,5,0,46,0.0,0.0,0.0,0.0,0.0
2019-03-28,5,0,52,17.79,17.79,0.0,104.728412,0.0
2019-03-28,5,0,53,28.26,28.26,0.0,166.364526,0.0
2019-03-28,5,0,55,402.45,402.45,0.0,2368.454605,0.0
2019-03-28,5,0,56,0.0,0.0,0.0,0.0,0.0
2019-03-28,5,0,57,0.0,0.0,0.0,0.0,0.0
2019-03-28,5,0,58,0.0,0.0,0.0,0.0,0.0
2019-03-28,5,0,59,0.0,0.0,0.0,0.0,0.0
2019-03-28,5,0,63,170.0,170.0,0.0,16389.655657,0.0
2019-03-28,5,0,64,200.0,200.0,0.0,19281.947832,0.0
2019-03-28,5,0,65,18.15,18.15,0.0,67.439602,0.0
2019-03-28,5,0,67,0.0,0.0,0.0,-0.0,0.0
2019-03-28,5,0,68,10.2,10.2,0.0,-4299.278949,0.0
2019-03-28,5,0,69,0.0,0.0,0.0,0.0,0.0
2019-03-28,5,0,74,19.18,19.18,0.0,108.368422,0.0
2019-03-28,5,0,77,200.0,200.0,0.0,-60589.791177,0.0
2019-03-28,5,0,78,151.2,151.2,0.0,-45805.88213,0.0
2019-03-28,5,0,79,87.5,87.5,0.0,-26508.03364,0.0
2019-03-28,5,0,80,141.5,141.5,0.0,-42867.277258,0.0
2019-03-28,5,0,81,185.0,185.0,0.0,-56045.556839,0.0
2019-03-28,5,0,82,130.5,130.5,0.0,-39534.838743,0.0
2019-03-28,5,0,83,291.0,291.0,0.0,-88158.146163,0.0
2019-03-28,5,0,84,0.0,0.0,0.0,-0.0,0.0
2019-03-28,5,0,86,0.0,0.0,0.0,0.0,0.0
2019-03-28,5,0,87,0.0,0.0,0.0,0.0,0.0
2019-03-28,5,0,88,170.6,170.6,0.0,-51683.091874,0.0
2019-03-28,5,0,89,164.0,164.0,0.0,-49683.628765,0.0
2019-03-28,5,0,90,220.2,220.2,0.0,-66709.360086,0.0
2019-03-28,5,0,91,785.5,785.5,0.0,-237966.404848,0.0
2019-03-28,5,0,92,282.5,282.5,0.0,-85583.080038,0.0
2019-03-28,5,0,95,25.68,25.68,0.0,499.367625,0.0
2019-03-28,5,0,96,29.88,29.88,0.0,175.958665,0.0
2019-03-28,5,0,97,183.75,183.75,0.0,1082.075126,0.0
2019-03-28,5,0,99,3.7,3.7,0.0,20.905274,0.0
2019-03-28,5,0,101,0.0,0.0,0.0,0.0,0.0
2019-03-28,5,0,102,24.15,24.15,0.0,-10179.175159,0.0
2019-03-28,5,0,103,21.0,21.0,0.0,-8851.45666,0.0
2019-03-28,5,0,104,3.9,3.9,0.0,-1643.841951,0.0
2019-03-28,5,0,106,0.0,0.0,0.0,0.0,0.0
2019-03-28,5,0,109,200.0,200.0,0.0,1145.407438,0.0
2019-03-28,5,0,110,338.6,338.6,0.0,-338600.0,0.0
2019-03-28,5,0,111,0.0,0.0,0.0,0.0,0.0
2019-03-28,5,0,113,106.15,106.15,0.0,-29076.303718,0.0
2019-03-28,5,0,115,106.15,106.15,0.0,-29076.303718,0.0
2019-03-28,5,0,116,0.0,0.0,0.0,-0.0,0.0
2019-03-28,5,0,117,5.11,5.11,0.0,-1399.716552,0.0
2019-03-28,5,0,119,200.0,200.0,0.0,19281.947832,0.0
2019-03-28,5,0,120,117.6,117.6,0.0,11337.785325,0.0
2019-03-28,5,0,123,0.0,0.0,0.0,0.0,0.0
2019-03-28,5,0,125,174.2,174.2,0.0,1025.182736,0.0
2019-03-28,5,0,126,0.0,0.0,0.0,0.0,0.0
2019-03-28,5,0,127,0.0,0.0,0.0,0.0,0.0
2019-03-28,5,0,128,249.5,249.5,0.0,1468.330038,0.0
2019-03-28,5,0,131,30.0,30.0,0.0,-11503.963278,0.0
2019-03-28,5,0,132,44.1,44.1,0.0,-16910.826018,0.0
2019-03-28,5,0,133,32.9,32.9,0.0,192.33178,0.0
2019-03-28,5,0,134,0.0,0.0,0.0,0.0,0.0
2019-03-28,5,0,135,46.87,46.87,0.0,273.999713,0.0
2019-03-28,5,0,136,29.72,29.72,0.0,113.445269,0.0
2019-03-28,5,0,139,149.8,149.8,0.0,867.141327,0.0
2019-03-28,5,0,140,250.6,250.6,0.0,-250600.0,0.0
2019-03-28,5,0,141,230.0,230.0,0.0,-129698.109595,0.0
2019-03-28,5,0,142,0.0,0.0,0.0,-0.0,0.0
2019-03-28,5,0,143,45.07,45.07,0.0,265.32375,0.0
2019-03-28,5,0,145,30.0,30.0,0.0,174.826437,0.0
2019-03-28,5,0,146,268.0,268.0,0.0,-268000.0,0.0
2019-03-28,5,0,152,0.0,0.0,0.0,0.0,0.0
2019-03-28,5,0,153,0.0,0.0,0.0,0.0,0.0
2019-03-28,5,0,154,0.0,0.0,0.0,0.0,0.0
2019-03-28,5,0,157,167.89,167.89,0.0,-94673.980956,0.0
2019-03-28,5,0,158,0.0,0.0,0.0,-0.0,0.0
2019-03-28,5,0,159,0.0,0.0,0.0,0.0,0.0
2019-03-28,5,0,160,0.0,0.0,0.0,0.0,0.0
2019-03-28,5,0,161,0.0,0.0,0.0,-0.0,0.0
2019-03-28,5,0,162,17.53,17.53,0.0,354.687288,0.0
2019-03-28,5,0,163,124.61,124.61,0.0,-124610.0,0.0
2019-03-28,5,0,164,0.0,0.0,0.0,0.0,0.0
2019-03-28,5,0,167,0.0,0.0,0.0,0.0,0.0
2019-03-28,5,0,168,0.0,0.0,0.0,0.0,0.0
2019-03-28,5,0,169,0.0,0.0,0.0,0.0,0.0
2019-03-28,5,0,170,0.0,0.0,0.0,0.0,0.0
2019-03-28,5,0,172,0.0,0.0,0.0,0.0,0.0
2019-03-28,5,0,173,0.0,0.0,0.0,0.0,0.0
2019-03-28,5,0,188,0.0,0.0,0.0,0.0,0.0
2019-03-28,5,0,190,0.0,0.0,0.0,0.0,0.0
2019-03-28,5,0,191,0.0,0.0,0.0,0.0,0.0
2019-03-28,5,0,192,105.98,105.98,0.0,3436.672503,0.0
2019-03-28,5,0,194,176.5,176.5,0.0,-24856.218108,0.0
2019-03-28,5,0,196,0.0,0.0,0.0,0.0,0.0
2019-03-28,5,0,198,0.0,0.0,0.0,0.0,0.0
2019-03-28,5,0,199,16.61,16.61,0.0,-602.27721,0.0
2019-03-28,5,0,200,0.0,0.0,0.0,-0.0,0.0
2019-03-28,5,0,204,857.0,857.0,0.0,4914.530168,0.0
2019-03-28,5,0,205,1058.0,1058.0,0.0,6059.205347,0.0
2019-03-28,5,0,206,539.94,539.94,0.0,3179.622549,0.0
2019-03-28,5,0,210,0.0,0.0,0.0,0.0,0.0
2019-03-28,5,0,214,0.0,0.0,0.0,0.0,0.0
2019-03-28,5,0,217,0.0,0.0,0.0,0.0,0.0
2019-03-28,5,0,218,0.0,0.0,0.0,0.0,0.0
2019-03-28,5,0,219,0.0,0.0,0.0,0.0,0.0
2019-03-28,5,0,221,0.0,0.0,0.0,0.0,0.0
2019-03-28,5,0,225,0.0,0.0,0.0,0.0,0.0
2019-03-28,5,0,233,0.0,0.0,0.0,0.0,0.0
2019-03-28,5,0,236,21.22,21.22,0.0,119.229443,0.0
2019-03-28,5,0,237,46.0,46.0,0.0,259.903411,0.0
2019-03-28,5,0,238,0.0,0.0,0.0,0.0,0.0
2019-03-28,5,0,240,0.0,0.0,0.0,0.0,0.0
2019-03-28,5,0,245,48.58,48.58,0.0,253.407188,0.0
2019-03-28,5,0,247,50.98,50.98,0.0,265.926275,0.0
2019-03-28,5,0,248,4.62,4.62,0.0,26.103343,0.0
2019-03-28,5,0,249,93.42,93.42,0.0,487.305466,0.0
2019-03-28,5,0,251,175.92,175.92,0.0,758.574437,0.0
2019-03-28,5,0,252,117.07,117.07,0.0,434.994721,0.0
2019-03-28,5,0,254,0.0,0.0,0.0,0.0,0.0
2019-03-28,5,0,255,0.0,0.0,0.0,0.0,0.0
2019-03-28,5,0,258,0.0,0.0,0.0,0.0,0.0
2019-03-28,5,0,260,0.0,0.0,0.0,0.0,0.0
2019-03-28,5,0,265,0.0,0.0,0.0,0.0,0.0
2019-03-28,5,0,266,97.0,97.0,0.0,561.500058,0.0
2019-03-28,5,0,267,119.2,119.2,0.0,690.008319,0.0
2019-03-28,5,0,270,389.17,389.17,0.0,-389170.0,0.0
2019-03-28,5,0,272,364.92,364.92,0.0,-99957.840346,0.0
2019-03-28,5,0,273,0.0,0.0,0.0,-0.0,0.0
2019-03-28,5,0,274,501.69,501.69,0.0,-501690.0,0.0
2019-03-28,5,0,275,698.36,698.36,0.0,-698360.0,0.0
2019-03-28,5,0,276,0.0,0.0,0.0,-0.0,0.0
2019-03-28,5,0,277,0.0,0.0,0.0,-0.0,0.0
2019-03-28,5,0,278,0.0,0.0,0.0,-0.0,0.0
2019-03-28,5,0,279,264.6,264.6,0.0,-75558.239205,0.0
2019-03-28,5,0,281,7.53,7.53,0.0,44.328552,0.0
2019-03-28,5,0,282,0.0,0.0,0.0,0.0,0.0
2019-03-28,6,0,9,0.0,0.0,0.0,0.0,0.0
2019-03-28,6,0,17,0.0,0.0,0.0,0.0,0.0
2019-03-28,6,0,19,643.3,643.3,0.0,969.428864,0.0
2019-03-28,6,0,20,780.2,780.2,0.0,1175.732006,0.0
2019-03-28,6,0,21,0.0,0.0,0.0,0.0,0.0
2019-03-28,6,0,22,0.0,0.0,0.0,0.0,0.0
2019-03-28,6,0,23,108.8,108.8,0.0,1191.05251,0.0
2019-03-28,6,0,24,192.5,192.5,0.0,2107.330957,0.0
2019-03-28,6,0,29,0.0,0.0,0.0,0.0,0.0
2019-03-28,6,0,30,0.0,0.0,0.0,0.0,0.0
2019-03-28,6,0,31,14.64,14.64,0.0,160.661957,0.0
2019-03-28,6,0,32,0.0,0.0,0.0,0.0,0.0
2019-03-28,6,0,33,0.0,0.0,0.0,0.0,0.0
2019-03-28,6,0,34,0.0,0.0,0.0,0.0,0.0
2019-03-28,6,0,35,0.0,0.0,0.0,0.0,0.0
2019-03-28,6,0,36,0.0,0.0,0.0,0.0,0.0
2019-03-28,6,0,37,0.0,0.0,0.0,0.0,0.0
2019-03-28,6,0,38,0.0,0.0,0.0,0.0,0.0
2019-03-28,6,0,39,0.0,0.0,0.0,0.0,0.0
2019-03-28,6,0,40,0.0,0.0,0.0,0.0,0.0
2019-03-28,6,0,41,116.0,116.0,0.0,1106.582093,0.0
2019-03-28,6,0,42,0.0,0.0,0.0,0.0,0.0
2019-03-28,6,0,43,0.0,0.0,0.0,0.0,0.0
2019-03-28,6,0,46,0.0,0.0,0.0,0.0,0.0
2019-03-28,6,0,52,15.52,15.52,0.0,170.319233,0.0
2019-03-28,6,0,53,24.64,24.64,0.0,270.403731,0.0
2019-03-28,6,0,55,129.47,129.47,0.0,1417.330592,0.0
2019-03-28,6,0,56,0.0,0.0,0.0,0.0,0.0
2019-03-28,6,0,57,0.0,0.0,0.0,0.0,0.0
2019-03-28,6,0,58,0.0,0.0,0.0,0.0,0.0
2019-03-28,6,0,59,0.0,0.0,0.0,0.0,0.0
2019-03-28,6,0,63,170.0,170.0,0.0,16368.376256,0.0
2019-03-28,6,0,64,200.0,200.0,0.0,19256.913242,0.0
2019-03-28,6,0,65,14.86,14.86,0.0,60.972135,0.0
2019-03-28,6,0,67,0.0,0.0,0.0,-0.0,0.0
2019-03-28,6,0,68,10.2,10.2,0.0,-4308.650657,0.0
2019-03-28,6,0,69,0.0,0.0,0.0,0.0,0.0
2019-03-28,6,0,74,14.83,14.83,0.0,112.231045,0.0
2019-03-28,6,0,77,200.0,200.0,0.0,-60843.685991,0.0
2019-03-28,6,0,78,151.2,151.2,0.0,-45997.82661,0.0
2019-03-28,6,0,79,87.5,87.5,0.0,-26619.112621,0.0
2019-03-28,6,0,80,141.5,141.5,0.0,-43046.907839,0.0
2019-03-28,6,0,81,185.0,185.0,0.0,-56280.409542,0.0
2019-03-28,6,0,82,130.5,130.5,0.0,-39700.505109,0.0
2019-03-28,6,0,83,291.0,291.0,0.0,-88527.563118,0.0
2019-03-28,6,0,84,0.0,0.0,0.0,-0.0,0.0
2019-03-28,6,0,86,0.0,0.0,0.0,0.0,0.0
2019-03-28,6,0,87,0.0,0.0,0.0,0.0,0.0
2019-03-28,6,0,88,170.6,170.6,0.0,-51899.664151,0.0
2019-03-28,6,0,89,164.0,164.0,0.0,-49891.822513,0.0
2019-03-28,6,0,90,220.2,220.2,0.0,-66988.898277,0.0
2019-03-28,6,0,91,785.5,785.5,0.0,-238963.576732,0.0
2019-03-28,6,0,92,282.5,282.5,0.0,-85941.706463,0.0
2019-03-28,6,0,95,22.23,22.23,0.0,432.279685,0.0
2019-03-28,6,0,96,29.88,29.88,0.0,328.751676,0.0
2019-03-28,6,0,97,183.75,183.75,0.0,2021.690776,0.0
2019-03-28,6,0,99,2.86,2.86,0.0,21.644018,0.0
2019-03-28,6,0,101,0.0,0.0,0.0,0.0,0.0
2019-03-28,6,0,102,24.15,24.15,0.0,-10201.364055,0.0
2019-03-28,6,0,103,21.0,21.0,0.0,-8870.751352,0.0
2019-03-28,6,0,104,3.9,3.9,0.0,-1647.425251,0.0
2019-03-28,6,0,106,0.0,0.0,0.0,0.0,0.0
2019-03-28,6,0,109,200.0,200.0,0.0,1722.573152,0.0
2019-03-28,6,0,110,338.6,338.6,0.0,-338600.0,0.0
2019-03-28,6,0,111,0.0,0.0,0.0,0.0,0.0
2019-03-28,6,0,113,137.43,137.43,0.0,-37751.934959,0.0
2019-03-28,6,0,115,137.43,137.43,0.0,-37751.934959,0.0
2019-03-28,6,0,116,0.0,0.0,0.0,-0.0,0.0
2019-03-28,6,0,117,5.45,5.45,0.0,-1497.111588,0.0
2019-03-28,6,0,119,200.0,200.0,0.0,19256.913242,0.0
2019-03-28,6,0,120,117.6,117.6,0.0,11323.064986,0.0
2019-03-28,6,0,123,0.0,0.0,0.0,0.0,0.0
2019-03-28,6,0,125,174.2,174.2,0.0,1906.997677,0.0
2019-03-28,6,0,126,0.0,0.0,0.0,0.0,0.0
2019-03-28,6,0,127,0.0,0.0,0.0,0.0,0.0
2019-03-28,6,0,128,249.5,249.5,0.0,2731.319864,0.0
2019-03-28,6,0,131,30.0,30.0,0.0,-11533.339255,0.0
2019-03-28,6,0,132,44.1,44.1,0.0,-16954.008705,0.0
2019-03-28,6,0,133,26.32,26.32,0.0,185.142248,0.0
2019-03-28,6,0,134,0.0,0.0,0.0,0.0,0.0
2019-03-28,6,0,135,35.27,35.27,0.0,248.099053,0.0
2019-03-28,6,0,136,27.6,27.6,0.0,117.179322,0.0
2019-03-28,6,0,139,149.8,149.8,0.0,1429.01722,0.0
2019-03-28,6,0,140,250.6,250.6,0.0,-250600.0,0.0
2019-03-28,6,0,141,211.36,211.36,0.0,-119333.315798,0.0
2019-03-28,6,0,142,0.0,0.0,0.0,-0.0,0.0
2019-03-28,6,0,143,61.02,61.02,0.0,669.644304,0.0
2019-03-28,6,0,145,30.0,30.0,0.0,302.929607,0.0
2019-03-28,6,0,146,268.0,268.0,0.0,-268000.0,0.0
2019-03-28,6,0,152,0.0,0.0,0.0,0.0,0.0
2019-03-28,6,0,153,0.0,0.0,0.0,0.0,0.0
2019-03-28,6,0,154,0.0,0.0,0.0,0.0,0.0
2019-03-28,6,0,157,135.36,135.36,0.0,-76423.910042,0.0
2019-03-28,6,0,158,0.0,0.0,0.0,-0.0,0.0
2019-03-28,6,0,159,0.0,0.0,0.0,0.0,0.0
2019-03-28,6,0,160,0.0,0.0,0.0,0.0,0.0
2019-03-28,6,0,161,0.0,0.0,0.0,-0.0,0.0
2019-03-28,6,0,162,15.89,15.89,0.0,321.582327,0.0
2019-03-28,6,0,163,112.88,112.88,0.0,-112880.0,0.0
2019-03-28,6,0,164,0.0,0.0,0.0,0.0,0.0
2019-03-28,6,0,167,0.0,0.0,0.0,0.0,0.0
2019-03-28,6,0,168,0.0,0.0,0.0,0.0,0.0
2019-03-28,6,0,169,0.0,0.0,0.0,0.0,0.0
2019-03-28,6,0,170,0.0,0.0,0.0,0.0,0.0
2019-03-28,6,0,172,0.0,0.0,0.0,0.0,0.0
2019-03-28,6,0,173,0.0,0.0,0.0,0.0,0.0
2019-03-28,6,0,188,0.0,0.0,0.0,0.0,0.0
2019-03-28,6,0,190,0.0,0.0,0.0,0.0,0.0
2019-03-28,6,0,191,0.0,0.0,0.0,0.0,0.0
2019-03-28,6,0,192,94.42,94.42,0.0,3061.809943,0.0
2019-03-28,6,0,194,176.5,176.5,0.0,-24943.762437,0.0
2019-03-28,6,0,196,0.0,0.0,0.0,0.0,0.0
2019-03-28,6,0,198,0.0,0.0,0.0,0.0,0.0
2019-03-28,6,0,199,13.36,13.36,0.0,-511.518017,0.0
2019-03-28,6,0,200,0.0,0.0,0.0,-0.0,0.0
2019-03-28,6,0,204,857.0,857.0,0.0,7472.837884,0.0
2019-03-28,6,0,205,1058.0,1058.0,0.0,9112.411973,0.0
2019-03-28,6,0,206,539.94,539.94,0.0,5940.635197,0.0
2019-03-28,6,0,210,0.0,0.0,0.0,0.0,0.0
2019-03-28,6,0,214,0.0,0.0,0.0,0.0,0.0
2019-03-28,6,0,217,0.0,0.0,0.0,0.0,0.0
2019-03-28,6,0,218,0.0,0.0,0.0,0.0,0.0
2019-03-28,6,0,219,0.0,0.0,0.0,0.0,0.0
2019-03-28,6,0,221,0.0,0.0,0.0,0.0,0.0
2019-03-28,6,0,225,0.0,0.0,0.0,0.0,0.0
2019-03-28,6,0,233,0.0,0.0,0.0,0.0,0.0
2019-03-28,6,0,236,19.64,19.64,0.0,139.324412,0.0
2019-03-28,6,0,237,35.57,35.57,0.0,269.188016,0.0
2019-03-28,6,0,238,0.0,0.0,0.0,0.0,0.0
2019-03-28,6,0,240,0.0,0.0,0.0,0.0,0.0
2019-03-28,6,0,245,44.01,44.01,0.0,266.750017,0.0
2019-03-28,6,0,247,41.85,41.85,0.0,253.657992,0.0
2019-03-28,6,0,248,3.57,3.57,0.0,27.017184,0.0
2019-03-28,6,0,249,84.62,84.62,0.0,512.892217,0.0
2019-03-28,6,0,251,140.55,140.55,0.0,699.505829,0.0
2019-03-28,6,0,252,95.84,95.84,0.0,393.241548,0.0
2019-03-28,6,0,254,0.0,0.0,0.0,0.0,0.0
2019-03-28,6,0,255,0.0,0.0,0.0,0.0,0.0
2019-03-28,6,0,258,0.0,0.0,0.0,0.0,0.0
2019-03-28,6,0,260,0.0,0.0,0.0,0.0,0.0
2019-03-28,6,0,265,0.0,0.0,0.0,0.0,0.0
2019-03-28,6,0,266,97.0,97.0,0.0,925.331578,0.0
2019-03-28,6,0,267,119.2,119.2,0.0,1137.108496,0.0
2019-03-28,6,0,270,352.52,352.52,0.0,-352520.0,0.0
2019-03-28,6,0,272,484.95,484.95,0.0,-133215.461388,0.0
2019-03-28,6,0,273,0.0,0.0,0.0,-0.0,0.0
2019-03-28,6,0,274,454.44,454.44,0.0,-454440.0,0.0
2019-03-28,6,0,275,632.59,632.59,0.0,-632590.0,0.0
2019-03-28,6,0,276,0.0,0.0,0.0,-0.0,0.0
2019-03-28,6,0,277,0.0,0.0,0.0,-0.0,0.0
2019-03-28,6,0,278,0.0,0.0,0.0,-0.0,0.0
2019-03-28,6,0,279,264.6,264.6,0.0,-75816.906947,0.0
2019-03-28,6,0,281,6.58,6.58,0.0,72.210087,0.0
2019-03-28,6,0,282,0.0,0.0,0.0,0.0,0.0
2019-03-28,7,0,9,0.0,0.0,0.0,0.0,0.0
2019-03-28,7,0,17,0.0,0.0,0.0,0.0,0.0
2019-03-28,7,0,19,643.3,643.3,0.0,1067.774835,0.0
2019-03-28,7,0,20,780.2,780.2,0.0,1295.006881,0.0
2019-03-28,7,0,21,0.0,0.0,0.0,0.0,0.0
2019-03-28,7,0,22,0.0,0.0,0.0,0.0,0.0
2019-03-28,7,0,23,108.8,108.8,0.0,1126.551073,0.0
2019-03-28,7,0,24,192.5,192.5,0.0,1993.208471,0.0
2019-03-28,7,0,29,0.0,0.0,0.0,0.0,0.0
2019-03-28,7,0,30,0.0,0.0,0.0,0.0,0.0
2019-03-28,7,0,31,31.28,31.28,0.0,324.636657,0.0
2019-03-28,7,0,32,0.0,0.0,0.0,0.0,0.0
2019-03-28,7,0,33,0.0,0.0,0.0,0.0,0.0
2019-03-28,7,0,34,0.0,0.0,0.0,0.0,0.0
2019-03-28,7,0,35,0.0,0.0,0.0,0.0,0.0
2019-03-28,7,0,36,0.0,0.0,0.0,0.0,0.0
2019-03-28,7,0,37,0.0,0.0,0.0,0.0,0.0
2019-03-28,7,0,38,0.0,0.0,0.0,0.0,0.0
2019-03-28,7,0,39,0.0,0.0,0.0,0.0,0.0
2019-03-28,7,0,40,0.0,0.0,0.0,0.0,0.0
2019-03-28,7,0,41,85.72,85.72,0.0,779.966075,0.0
2019-03-28,7,0,42,0.0,0.0,0.0,0.0,0.0
2019-03-28,7,0,43,0.0,0.0,0.0,0.0,0.0
2019-03-28,7,0,46,0.0,0.0,0.0,0.0,0.0
2019-03-28,7,0,52,33.15,33.15,0.0,344.044283,0.0
2019-03-28,7,0,53,52.69,52.69,0.0,546.83841,0.0
2019-03-28,7,0,55,101.97,101.97,0.0,1055.831001,0.0
2019-03-28,7,0,56,0.0,0.0,0.0,0.0,0.0
2019-03-28,7,0,57,0.0,0.0,0.0,0.0,0.0
2019-03-28,7,0,58,0.0,0.0,0.0,0.0,0.0
2019-03-28,7,0,59,0.0,0.0,0.0,0.0,0.0
2019-03-28,7,0,63,170.0,170.0,0.0,16358.842412,0.0
2019-03-28,7,0,64,200.0,200.0,0.0,19245.696955,0.0
2019-03-28,7,0,65,12.06,12.06,0.0,49.587563,0.0
2019-03-28,7,0,67,0.0,0.0,0.0,-0.0,0.0
2019-03-28,7,0,68,9.95,9.95,0.0,-4202.279225,0.0
2019-03-28,7,0,69,0.0,0.0,0.0,0.0,0.0
2019-03-28,7,0,74,11.41,11.41,0.0,83.754237,0.0
2019-03-28,7,0,77,200.0,200.0,0.0,-60821.330931,0.0
2019-03-28,7,0,78,151.2,151.2,0.0,-45980.926184,0.0
2019-03-28,7,0,79,87.5,87.5,0.0,-26609.332282,0.0
2019-03-28,7,0,80,141.5,141.5,0.0,-43031.091634,0.0
2019-03-28,7,0,81,185.0,185.0,0.0,-56259.731111,0.0
2019-03-28,7,0,82,130.5,130.5,0.0,-39685.918433,0.0
2019-03-28,7,0,83,291.0,291.0,0.0,-88495.036505,0.0
2019-03-28,7,0,84,0.0,0.0,0.0,-0.0,0.0
2019-03-28,7,0,86,0.0,0.0,0.0,0.0,0.0
2019-03-28,7,0,87,0.0,0.0,0.0,0.0,0.0
2019-03-28,7,0,88,170.6,170.6,0.0,-51880.595284,0.0
2019-03-28,7,0,89,164.0,164.0,0.0,-49873.491364,0.0
2019-03-28,7,0,90,220.2,220.2,0.0,-66964.285355,0.0
2019-03-28,7,0,91,785.5,785.5,0.0,-238875.777233,0.0
2019-03-28,7,0,92,282.5,282.5,0.0,-85910.12994,0.0
2019-03-28,7,0,95,19.22,19.22,0.0,373.747888,0.0
2019-03-28,7,0,96,29.88,29.88,0.0,310.858844,0.0
2019-03-28,7,0,97,183.75,183.75,0.0,1911.657045,0.0
2019-03-28,7,0,99,2.2,2.2,0.0,16.148933,0.0
2019-03-28,7,0,101,0.0,0.0,0.0,0.0,0.0
2019-03-28,7,0,102,23.56,23.56,0.0,-9950.321462,0.0
2019-03-28,7,0,103,20.49,20.49,0.0,-8653.738827,0.0
2019-03-28,7,0,104,3.8,3.8,0.0,-1604.890558,0.0
2019-03-28,7,0,106,0.0,0.0,0.0,0.0,0.0
2019-03-28,7,0,109,200.0,200.0,0.0,1654.559286,0.0
2019-03-28,7,0,110,338.6,338.6,0.0,-338600.0,0.0
2019-03-28,7,0,111,0.0,0.0,0.0,0.0,0.0
2019-03-28,7,0,113,75.93,75.93,0.0,-20853.846429,0.0
2019-03-28,7,0,115,75.93,75.93,0.0,-20853.846429,0.0
2019-03-28,7,0,116,0.0,0.0,0.0,-0.0,0.0
2019-03-28,7,0,117,3.11,3.11,0.0,-854.148063,0.0
2019-03-28,7,0,119,200.0,200.0,0.0,19245.696955,0.0
2019-03-28,7,0,120,117.6,117.6,0.0,11316.46981,0.0
2019-03-28,7,0,123,0.0,0.0,0.0,0.0,0.0
2019-03-28,7,0,125,174.2,174.2,0.0,1803.724237,0.0
2019-03-28,7,0,126,0.0,0.0,0.0,0.0,0.0
2019-03-28,7,0,127,0.0,0.0,0.0,0.0,0.0
2019-03-28,7,0,128,249.5,249.5,0.0,2583.405265,0.0
2019-03-28,7,0,131,30.0,30.0,0.0,-11530.873858,0.0
2019-03-28,7,0,132,44.1,44.1,0.0,-16950.384572,0.0
2019-03-28,7,0,133,25.26,25.26,0.0,173.880575,0.0
2019-03-28,7,0,134,0.0,0.0,0.0,0.0,0.0
2019-03-28,7,0,135,33.85,33.85,0.0,233.010985,0.0
2019-03-28,7,0,136,25.59,25.59,0.0,108.663906,0.0
2019-03-28,7,0,139,110.71,110.71,0.0,1007.350025,0.0
2019-03-28,7,0,140,250.6,250.6,0.0,-250600.0,0.0
2019-03-28,7,0,141,188.94,188.94,0.0,-106664.058294,0.0
2019-03-28,7,0,142,0.0,0.0,0.0,-0.0,0.0
2019-03-28,7,0,143,33.96,33.96,0.0,352.450795,0.0
2019-03-28,7,0,145,30.0,30.0,0.0,287.903984,0.0
2019-03-28,7,0,146,268.0,268.0,0.0,-268000.0,0.0
2019-03-28,7,0,152,0.0,0.0,0.0,0.0,0.0
2019-03-28,7,0,153,0.0,0.0,0.0,0.0,0.0
2019-03-28,7,0,154,0.0,0.0,0.0,0.0,0.0
2019-03-28,7,0,157,112.53,112.53,0.0,-63527.609187,0.0
2019-03-28,7,0,158,0.0,0.0,0.0,-0.0,0.0
2019-03-28,7,0,159,0.0,0.0,0.0,0.0,0.0
2019-03-28,7,0,160,0.0,0.0,0.0,0.0,0.0
2019-03-28,7,0,161,0.0,0.0,0.0,-0.0,0.0
2019-03-28,7,0,162,14.31,14.31,0.0,289.618582,0.0
2019-03-28,7,0,163,102.64,102.64,0.0,-102640.0,0.0
2019-03-28,7,0,164,0.0,0.0,0.0,0.0,0.0
2019-03-28,7,0,167,0.0,0.0,0.0,0.0,0.0
2019-03-28,7,0,168,0.0,0.0,0.0,0.0,0.0
2019-03-28,7,0,169,0.0,0.0,0.0,0.0,0.0
2019-03-28,7,0,170,0.0,0.0,0.0,0.0,0.0
2019-03-28,7,0,172,0.0,0.0,0.0,0.0,0.0
2019-03-28,7,0,173,0.0,0.0,0.0,0.0,0.0
2019-03-28,7,0,188,0.0,0.0,0.0,0.0,0.0
2019-03-28,7,0,190,0.0,0.0,0.0,0.0,0.0
2019-03-28,7,0,191,0.0,0.0,0.0,0.0,0.0
2019-03-28,7,0,192,83.62,83.62,0.0,2711.592326,0.0
2019-03-28,7,0,194,176.5,176.5,0.0,-24941.356019,0.0
2019-03-28,7,0,196,0.0,0.0,0.0,0.0,0.0
2019-03-28,7,0,198,0.0,0.0,0.0,0.0,0.0
2019-03-28,7,0,199,10.55,10.55,0.0,-401.619931,0.0
2019-03-28,7,0,200,0.0,0.0,0.0,-0.0,0.0
2019-03-28,7,0,204,857.0,857.0,0.0,7171.499092,0.0
2019-03-28,7,0,205,1058.0,1058.0,0.0,8752.618625,0.0
2019-03-28,7,0,206,539.94,539.94,0.0,5617.306695,0.0
2019-03-28,7,0,210,0.0,0.0,0.0,0.0,0.0
2019-03-28,7,0,214,0.0,0.0,0.0,0.0,0.0
2019-03-28,7,0,217,0.0,0.0,0.0,0.0,0.0
2019-03-28,7,0,218,0.0,0.0,0.0,0.0,0.0
2019-03-28,7,0,219,0.0,0.0,0.0,0.0,0.0
2019-03-28,7,0,221,0.0,0.0,0.0,0.0,0.0
2019-03-28,7,0,225,0.0,0.0,0.0,0.0,0.0
2019-03-28,7,0,233,0.0,0.0,0.0,0.0,0.0
2019-03-28,7,0,236,18.36,18.36,0.0,127.012229,0.0
2019-03-28,7,0,237,27.37,27.37,0.0,200.907402,0.0
2019-03-28,7,0,238,0.0,0.0,0.0,0.0,0.0
2019-03-28,7,0,240,0.0,0.0,0.0,0.0,0.0
2019-03-28,7,0,245,39.65,39.65,0.0,236.698951,0.0
2019-03-28,7,0,247,33.81,33.81,0.0,201.835852,0.0
2019-03-28,7,0,248,2.75,2.75,0.0,20.186166,0.0
2019-03-28,7,0,249,76.25,76.25,0.0,455.190291,0.0
2019-03-28,7,0,251,110.64,110.64,0.0,545.997477,0.0
2019-03-28,7,0,252,77.78,77.78,0.0,319.811002,0.0
2019-03-28,7,0,254,0.0,0.0,0.0,0.0,0.0
2019-03-28,7,0,255,0.0,0.0,0.0,0.0,0.0
2019-03-28,7,0,258,0.0,0.0,0.0,0.0,0.0
2019-03-28,7,0,260,0.0,0.0,0.0,0.0,0.0
2019-03-28,7,0,265,0.0,0.0,0.0,0.0,0.0
2019-03-28,7,0,266,71.67,71.67,0.0,652.125158,0.0
2019-03-28,7,0,267,88.09,88.09,0.0,801.530699,0.0
2019-03-28,7,0,270,320.55,320.55,0.0,-320550.0,0.0
2019-03-28,7,0,272,270.16,270.16,0.0,-74198.27672,0.0
2019-03-28,7,0,273,0.0,0.0,0.0,-0.0,0.0
2019-03-28,7,0,274,413.23,413.23,0.0,-413230.0,0.0
2019-03-28,7,0,275,575.22,575.22,0.0,-575220.0,0.0
2019-03-28,7,0,276,0.0,0.0,0.0,-0.0,0.0
2019-03-28,7,0,277,0.0,0.0,0.0,-0.0,0.0
2019-03-28,7,0,278,0.0,0.0,0.0,-0.0,0.0
2019-03-28,7,0,279,264.6,264.6,0.0,-75796.538011,0.0
2019-03-28,7,0,281,14.02,14.02,0.0,145.505305,0.0
2019-03-28,7,0,282,0.0,0.0,0.0,0.0,0.0
2019-03-28,8,0,9,0.24,0.24,0.0,1.891038,0.0
2019-03-28,8,0,17,7.35,7.35,0.0,10.656036,0.0
2019-03-28,8,0,19,605.38,605.38,0.0,877.680424,0.0
2019-03-28,8,0,20,753.44,753.44,0.0,1092.337934,0.0
2019-03-28,8,0,21,5.5,5.5,0.0,43.33628,0.0
2019-03-28,8,0,22,19.56,19.56,0.0,154.119569,0.0
2019-03-28,8,0,23,108.8,108.8,0.0,857.270402,0.0
2019-03-28,8,0,24,192.5,192.5,0.0,1516.769783,0.0
2019-03-28,8,0,29,1.69,1.69,0.0,11.647709,0.0
2019-03-28,8,0,30,33.88,33.88,0.0,267.112967,0.0
2019-03-28,8,0,31,12.94,12.94,0.0,102.020124,0.0
2019-03-28,8,0,32,0.95,0.95,0.0,22.287989,0.0
2019-03-28,8,0,33,0.42,0.42,0.0,2.955411,0.0
2019-03-28,8,0,34,0.67,0.67,0.0,4.714584,0.0
2019-03-28,8,0,35,0.67,0.67,0.0,4.714584,0.0
2019-03-28,8,0,36,1.44,1.44,0.0,10.556471,0.0
2019-03-28,8,0,37,0.69,0.69,0.0,5.060371,0.0
2019-03-28,8,0,38,0.89,0.89,0.0,6.527145,0.0
2019-03-28,8,0,39,0.59,0.59,0.0,4.326984,0.0
2019-03-28,8,0,40,0.59,0.59,0.0,4.326984,0.0
2019-03-28,8,0,41,34.8,34.8,0.0,265.517248,0.0
2019-03-28,8,0,42,6.94,6.94,0.0,39.597249,0.0
2019-03-28,8,0,43,4.52,4.52,0.0,32.988511,0.0
2019-03-28,8,0,46,3.9,3.9,0.0,28.801882,0.0
2019-03-28,8,0,52,13.72,13.72,0.0,108.169714,0.0
2019-03-28,8,0,53,21.79,21.79,0.0,171.79432,0.0
2019-03-28,8,0,55,119.56,119.56,0.0,942.051923,0.0
2019-03-28,8,0,56,9.99,9.99,0.0,78.762058,0.0
2019-03-28,8,0,57,9.51,9.51,0.0,74.977695,0.0
2019-03-28,8,0,58,18.28,18.28,0.0,144.121164,0.0
2019-03-28,8,0,59,17.98,17.98,0.0,141.755937,0.0
2019-03-28,8,0,63,96.01,96.01,0.0,9284.851081,0.0
2019-03-28,8,0,64,112.86,112.86,0.0,10914.366139,0.0
2019-03-28,8,0,65,20.64,20.64,0.0,88.064009,0.0
2019-03-28,8,0,67,23.93,23.93,0.0,-13491.350585,0.0
2019-03-28,8,0,68,10.2,10.2,0.0,-4297.643796,0.0
2019-03-28,8,0,69,0.42,0.42,0.0,2.955411,0.0
2019-03-28,8,0,74,14.16,14.16,0.0,103.018952,0.0
2019-03-28,8,0,77,147.17,147.17,0.0,-44559.351908,0.0
2019-03-28,8,0,78,111.12,111.12,0.0,-33644.324142,0.0
2019-03-28,8,0,79,64.1,64.1,0.0,-19407.857969,0.0
2019-03-28,8,0,80,103.96,103.96,0.0,-31476.457324,0.0
2019-03-28,8,0,81,136.09,136.09,0.0,-41204.608284,0.0
2019-03-28,8,0,82,95.84,95.84,0.0,-29017.926798,0.0
2019-03-28,8,0,83,214.4,214.4,0.0,-64914.894673,0.0
2019-03-28,8,0,84,0.0,0.0,0.0,-0.0,0.0
2019-03-28,8,0,86,2.11,2.11,0.0,14.847421,0.0
2019-03-28,8,0,87,10.75,10.75,0.0,75.644442,0.0
2019-03-28,8,0,88,123.33,123.33,0.0,-37341.203172,0.0
2019-03-28,8,0,89,119.02,119.02,0.0,-36036.244235,0.0
2019-03-28,8,0,90,155.3,155.3,0.0,-47020.910181,0.0
2019-03-28,8,0,91,486.84,486.84,0.0,-147402.832662,0.0
2019-03-28,8,0,92,194.81,194.81,0.0,-58983.538392,0.0
2019-03-28,8,0,95,30.88,30.88,0.0,600.48568,0.0
2019-03-28,8,0,96,29.88,29.88,0.0,235.72545,0.0
2019-03-28,8,0,97,183.75,183.75,0.0,1449.616848,0.0
2019-03-28,8,0,99,2.73,2.73,0.0,19.861705,0.0
2019-03-28,8,0,101,0.68,0.68,0.0,5.361181,0.0
2019-03-28,8,0,102,24.15,24.15,0.0,-10175.303692,0.0
2019-03-28,8,0,103,21.0,21.0,0.0,-8848.090167,0.0
2019-03-28,8,0,104,3.9,3.9,0.0,-1643.216745,0.0
2019-03-28,8,0,106,19.26,19.26,0.0,151.755772,0.0
2019-03-28,8,0,109,200.0,200.0,0.0,1493.634236,0.0
2019-03-28,8,0,110,338.6,338.6,0.0,-338600.0,0.0
2019-03-28,8,0,111,1.58,1.58,0.0,12.055093,0.0
2019-03-28,8,0,113,141.55,141.55,0.0,-38738.378747,0.0
2019-03-28,8,0,115,141.55,141.55,0.0,-38738.378747,0.0
2019-03-28,8,0,116,12.86,12.86,0.0,-12860.0,0.0
2019-03-28,8,0,117,7.33,7.33,0.0,-2006.021308,0.0
2019-03-28,8,0,119,112.86,112.86,0.0,10914.366139,0.0
2019-03-28,8,0,120,66.59,66.59,0.0,6439.72746,0.0
2019-03-28,8,0,123,0.32,0.32,0.0,2.521384,0.0
2019-03-28,8,0,125,174.2,174.2,0.0,1372.578162,0.0
2019-03-28,8,0,126,14.44,14.44,0.0,113.777432,0.0
2019-03-28,8,0,127,18.53,18.53,0.0,146.003865,0.0
2019-03-28,8,0,128,249.5,249.5,0.0,1965.891225,0.0
2019-03-28,8,0,131,30.0,30.0,0.0,-11498.837826,0.0
2019-03-28,8,0,132,44.1,44.1,0.0,-16903.291605,0.0
2019-03-28,8,0,133,37.36,37.36,0.0,280.526107,0.0
2019-03-28,8,0,134,0.0,0.0,0.0,0.0,0.0
2019-03-28,8,0,135,50.06,50.06,0.0,375.886962,0.0
2019-03-28,8,0,136,34.73,34.73,0.0,153.552006,0.0
2019-03-28,8,0,139,44.94,44.94,0.0,342.883481,0.0
2019-03-28,8,0,140,250.6,250.6,0.0,-250600.0,0.0
2019-03-28,8,0,141,218.08,218.08,0.0,-122950.009844,0.0
2019-03-28,8,0,142,31.55,31.55,0.0,-17787.384495,0.0
2019-03-28,8,0,143,11.33,11.33,0.0,89.326739,0.0
2019-03-28,8,0,145,30.0,30.0,0.0,231.889859,0.0
2019-03-28,8,0,146,268.0,268.0,0.0,-268000.0,0.0
2019-03-28,8,0,152,1.02,1.02,0.0,7.419478,0.0
2019-03-28,8,0,153,1.31,1.31,0.0,9.538201,0.0
2019-03-28,8,0,154,6.54,6.54,0.0,49.898931,0.0
2019-03-28,8,0,157,95.85,95.85,0.0,-54038.694257,0.0
2019-03-28,8,0,158,16.84,16.84,0.0,-9494.122183,0.0
2019-03-28,8,0,159,0.0,0.0,0.0,0.0,0.0
2019-03-28,8,0,160,0.38,0.38,0.0,2.731003,0.0
2019-03-28,8,0,161,5.4,5.4,0.0,-2275.223186,0.0
2019-03-28,8,0,162,28.25,28.25,0.0,571.886089,0.0
2019-03-28,8,0,163,142.81,142.81,0.0,-142810.0,0.0
2019-03-28,8,0,164,0.78,0.78,0.0,6.14959,0.0
2019-03-28,8,0,167,1.13,1.13,0.0,19.303835,0.0
2019-03-28,8,0,168,0.56,0.56,0.0,9.566502,0.0
2019-03-28,8,0,169,0.0,0.0,0.0,0.0,0.0
2019-03-28,8,0,170,1.23,1.23,0.0,21.012139,0.0
2019-03-28,8,0,172,1.49,1.49,0.0,23.117839,0.0
2019-03-28,8,0,173,2.26,2.26,0.0,35.064642,0.0
2019-03-28,8,0,188,1.91,1.91,0.0,17.074076,0.0
2019-03-28,8,0,190,0.95,0.95,0.0,30.806179,0.0
2019-03-28,8,0,191,2.45,2.45,0.0,79.447515,0.0
2019-03-28,8,0,192,131.22,131.22,0.0,4255.144045,0.0
2019-03-28,8,0,194,176.5,176.5,0.0,-24796.354673,0.0
2019-03-28,8,0,196,0.72,0.72,0.0,177.881572,0.0
2019-03-28,8,0,198,1.84,1.84,0.0,12.874105,0.0
2019-03-28,8,0,199,20.1,20.1,0.0,-710.948012,0.0
2019-03-28,8,0,200,2.82,2.82,0.0,-99.744945,0.0
2019-03-28,8,0,204,856.99,856.99,0.0,6416.645586,0.0
2019-03-28,8,0,205,1058.0,1058.0,0.0,7901.325109,0.0
2019-03-28,8,0,206,539.94,539.94,0.0,4259.625147,0.0
2019-03-28,8,0,210,0.53,0.53,0.0,3.638368,0.0
2019-03-28,8,0,214,2.57,2.57,0.0,17.872819,0.0
2019-03-28,8,0,217,1.87,1.87,0.0,12.927857,0.0
2019-03-28,8,0,218,2.58,2.58,0.0,17.836294,0.0
2019-03-28,8,0,219,1.75,1.75,0.0,12.098262,0.0
2019-03-28,8,0,221,1.37,1.37,0.0,9.527534,0.0
2019-03-28,8,0,225,1.5,1.5,0.0,10.342156,0.0
2019-03-28,8,0,233,1.19,1.19,0.0,8.373664,0.0
2019-03-28,8,0,236,28.22,28.22,0.0,202.98435,0.0
2019-03-28,8,0,237,33.98,33.98,0.0,247.216384,0.0
2019-03-28,8,0,238,9.04,9.04,0.0,51.579125,0.0
2019-03-28,8,0,240,1.63,1.63,0.0,11.949339,0.0
2019-03-28,8,0,245,64.38,64.38,0.0,421.163448,0.0
2019-03-28,8,0,247,68.59,68.59,0.0,448.70458,0.0
2019-03-28,8,0,248,3.41,3.41,0.0,24.808943,0.0
2019-03-28,8,0,249,123.81,123.81,0.0,809.944803,0.0
2019-03-28,8,0,251,178.09,178.09,0.0,922.250062,0.0
2019-03-28,8,0,252,133.14,133.14,0.0,568.064059,0.0
2019-03-28,8,0,254,2.61,2.61,0.0,18.975655,0.0
2019-03-28,8,0,255,1.19,1.19,0.0,8.651735,0.0
2019-03-28,8,0,258,2.01,2.01,0.0,14.724511,0.0
2019-03-28,8,0,260,0.91,0.91,0.0,6.540035,0.0
2019-03-28,8,0,265,6.77,6.77,0.0,51.653786,0.0
2019-03-28,8,0,266,29.1,29.1,0.0,222.027354,0.0
2019-03-28,8,0,267,35.76,35.76,0.0,272.841862,0.0
2019-03-28,8,0,270,445.99,445.99,0.0,-445990.0,0.0
2019-03-28,8,0,272,490.05,490.05,0.0,-134113.334545,0.0
2019-03-28,8,0,273,3.08,3.08,0.0,-3080.0,0.0
2019-03-28,8,0,274,574.94,574.94,0.0,-574940.0,0.0
2019-03-28,8,0,275,800.32,800.32,0.0,-800320.0,0.0
2019-03-28,8,0,276,0.67,0.67,0.0,-604.743454,0.0
2019-03-28,8,0,277,0.85,0.85,0.0,-242.539165,0.0
2019-03-28,8,0,278,1.36,1.36,0.0,-388.062663,0.0
2019-03-28,8,0,279,264.6,264.6,0.0,-75501.015247,0.0
2019-03-28,8,0,281,5.81,5.81,0.0,45.806563,0.0
2019-03-28,8,0,282,18.59,18.59,0.0,146.565232,0.0
2019-03-28,9,0,9,1.14,1.14,0.0,3.316793,0.0
2019-03-28,9,0,17,21.16,21.16,0.0,121.526192,0.0
2019-03-28,9,0,19,475.02,475.02,0.0,2728.136657,0.0
2019-03-28,9,0,20,589.85,589.85,0.0,3387.628747,0.0
2019-03-28,9,0,21,26.13,26.13,0.0,76.024383,0.0
2019-03-28,9,0,22,92.88,92.88,0.0,270.231331,0.0
2019-03-28,9,0,23,108.8,108.8,0.0,316.550052,0.0
2019-03-28,9,0,24,192.5,192.5,0.0,560.072472,0.0
2019-03-28,9,0,29,4.05,4.05,0.0,27.391878,0.0
2019-03-28,9,0,30,200.81,200.81,0.0,580.641582,0.0
2019-03-28,9,0,31,17.62,17.62,0.0,50.948183,0.0
2019-03-28,9,0,32,2.58,2.58,0.0,99.154696,0.0
2019-03-28,9,0,33,1.18,1.18,0.0,7.365545,0.0
2019-03-28,9,0,34,1.88,1.88,0.0,11.734935,0.0
2019-03-28,9,0,35,1.88,1.88,0.0,11.734935,0.0
2019-03-28,9,0,36,4.44,4.44,0.0,22.140724,0.0
2019-03-28,9,0,37,2.13,2.13,0.0,10.60522,0.0
2019-03-28,9,0,38,2.74,2.74,0.0,13.642396,0.0
2019-03-28,9,0,39,1.83,1.83,0.0,9.111527,0.0
2019-03-28,9,0,40,1.83,1.83,0.0,9.111527,0.0
2019-03-28,9,0,41,34.8,34.8,0.0,133.822356,0.0
2019-03-28,9,0,42,24.13,24.13,0.0,135.974603,0.0
2019-03-28,9,0,43,13.57,13.57,0.0,69.536747,0.0
2019-03-28,9,0,46,12.02,12.02,0.0,57.558939,0.0
2019-03-28,9,0,52,18.7,18.7,0.0,54.071,0.0
2019-03-28,9,0,53,29.87,29.87,0.0,86.369026,0.0
2019-03-28,9,0,55,139.89,139.89,0.0,407.005393,0.0
2019-03-28,9,0,56,59.23,59.23,0.0,171.263388,0.0
2019-03-28,9,0,57,56.34,56.34,0.0,162.90696,0.0
2019-03-28,9,0,58,108.35,108.35,0.0,313.293737,0.0
2019-03-28,9,0,59,106.55,106.55,0.0,308.089042,0.0
2019-03-28,9,0,63,51.0,51.0,0.0,5530.095858,0.0
2019-03-28,9,0,64,60.0,60.0,0.0,6505.995128,0.0
2019-03-28,9,0,65,32.51,32.51,0.0,186.058613,0.0
2019-03-28,9,0,67,118.25,118.25,0.0,-66059.965719,0.0
2019-03-28,9,0,68,19.12,19.12,0.0,-7925.67398,0.0
2019-03-28,9,0,69,1.18,1.18,0.0,7.365545,0.0
2019-03-28,9,0,74,19.38,19.38,0.0,99.862976,0.0
2019-03-28,9,0,77,60.0,60.0,0.0,-17664.984534,0.0
2019-03-28,9,0,78,45.36,45.36,0.0,-13354.728307,0.0
2019-03-28,9,0,79,26.25,26.25,0.0,-7728.430733,0.0
2019-03-28,9,0,80,42.45,42.45,0.0,-12497.976557,0.0
2019-03-28,9,0,81,55.5,55.5,0.0,-16340.110694,0.0
2019-03-28,9,0,82,39.15,39.15,0.0,-11526.402408,0.0
2019-03-28,9,0,83,87.3,87.3,0.0,-25702.552496,0.0
2019-03-28,9,0,84,0.0,0.0,0.0,-0.0,0.0
2019-03-28,9,0,86,5.97,5.97,0.0,37.264662,0.0
2019-03-28,9,0,87,30.46,30.46,0.0,190.130922,0.0
2019-03-28,9,0,88,155.83,155.83,0.0,-45878.908998,0.0
2019-03-28,9,0,89,148.85,148.85,0.0,-43823.882464,0.0
2019-03-28,9,0,90,208.93,208.93,0.0,-61512.42031,0.0
2019-03-28,9,0,91,785.09,785.09,0.0,-231143.378458,0.0
2019-03-28,9,0,92,276.23,276.23,0.0,-81326.644628,0.0
2019-03-28,9,0,95,36.0,36.0,0.0,700.048073,0.0
2019-03-28,9,0,96,29.88,29.88,0.0,85.83678,0.0
2019-03-28,9,0,97,183.75,183.75,0.0,527.861727,0.0
2019-03-28,9,0,99,3.74,3.74,0.0,19.271802,0.0
2019-03-28,9,0,101,4.05,4.05,0.0,11.710564,0.0
2019-03-28,9,0,102,45.2,45.2,0.0,-18736.425937,0.0
2019-03-28,9,0,103,39.31,39.31,0.0,-16294.887247,0.0
2019-03-28,9,0,104,7.33,7.33,0.0,-3038.451374,0.0
2019-03-28,9,0,106,91.43,91.43,0.0,266.012603,0.0
2019-03-28,9,0,109,186.24,186.24,0.0,831.284207,0.0
2019-03-28,9,0,110,338.6,338.6,0.0,-338600.0,0.0
2019-03-28,9,0,111,6.16,6.16,0.0,23.688095,0.0
2019-03-28,9,0,113,84.3,84.3,0.0,-22377.825803,0.0
2019-03-28,9,0,115,84.3,84.3,0.0,-22377.825803,0.0
2019-03-28,9,0,116,46.7,46.7,0.0,-46700.0,0.0
2019-03-28,9,0,117,5.73,5.73,0.0,-1521.055063,0.0
2019-03-28,9,0,119,60.0,60.0,0.0,6505.995128,0.0
2019-03-28,9,0,120,35.28,35.28,0.0,3825.525135,0.0
2019-03-28,9,0,123,1.52,1.52,0.0,4.42239,0.0
2019-03-28,9,0,125,174.2,174.2,0.0,506.829219,0.0
2019-03-28,9,0,126,68.57,68.57,0.0,199.502179,0.0
2019-03-28,9,0,127,88.0,88.0,0.0,256.03313,0.0
2019-03-28,9,0,128,249.5,249.5,0.0,725.912113,0.0
2019-03-28,9,0,131,30.0,30.0,0.0,-11280.948919,0.0
2019-03-28,9,0,132,44.1,44.1,0.0,-16582.994911,0.0
2019-03-28,9,0,133,41.94,41.94,0.0,240.949327,0.0
2019-03-28,9,0,134,0.0,0.0,0.0,0.0,0.0
2019-03-28,9,0,135,56.2,56.2,0.0,322.874397,0.0
2019-03-28,9,0,136,45.9,45.9,0.0,262.640573,0.0
2019-03-28,9,0,139,44.94,44.94,0.0,172.815421,0.0
2019-03-28,9,0,140,250.6,250.6,0.0,-250600.0,0.0
2019-03-28,9,0,141,230.0,230.0,0.0,-128488.728249,0.0
2019-03-28,9,0,142,155.94,155.94,0.0,-87115.357753,0.0
2019-03-28,9,0,143,17.56,17.56,0.0,50.774693,0.0
2019-03-28,9,0,145,30.0,30.0,0.0,104.250132,0.0
2019-03-28,9,0,146,268.0,268.0,0.0,-268000.0,0.0
2019-03-28,9,0,152,3.25,3.25,0.0,16.822872,0.0
2019-03-28,9,0,153,4.15,4.15,0.0,21.375498,0.0
2019-03-28,9,0,154,25.4,25.4,0.0,97.674938,0.0
2019-03-28,9,0,157,82.88,82.88,0.0,-46300.633901,0.0
2019-03-28,9,0,158,108.32,108.32,0.0,-60512.604539,0.0
2019-03-28,9,0,159,0.0,0.0,0.0,0.0,0.0
2019-03-28,9,0,160,1.09,1.09,0.0,6.072985,0.0
2019-03-28,9,0,161,22.81,22.81,0.0,-9455.262735,0.0
2019-03-28,9,0,162,48.75,48.75,0.0,986.282938,0.0
2019-03-28,9,0,163,185.4,185.4,0.0,-185400.0,0.0
2019-03-28,9,0,164,6.95,6.95,0.0,20.095907,0.0
2019-03-28,9,0,167,2.97,2.97,0.0,49.069745,0.0
2019-03-28,9,0,168,1.49,1.49,0.0,24.617481,0.0
2019-03-28,9,0,169,0.0,0.0,0.0,0.0,0.0
2019-03-28,9,0,170,3.25,3.25,0.0,53.695848,0.0
2019-03-28,9,0,172,3.94,3.94,0.0,46.43349,0.0
2019-03-28,9,0,173,6.01,6.01,0.0,70.82875,0.0
2019-03-28,9,0,188,5.21,5.21,0.0,105.185401,0.0
2019-03-28,9,0,190,3.08,3.08,0.0,99.876876,0.0
2019-03-28,9,0,191,7.95,7.95,0.0,257.799079,0.0
2019-03-28,9,0,192,195.76,195.76,0.0,6348.018581,0.0
2019-03-28,9,0,194,130.37,130.37,0.0,-17098.440572,0.0
2019-03-28,9,0,196,2.42,2.42,0.0,630.852815,0.0
2019-03-28,9,0,198,5.08,5.08,0.0,32.165531,0.0
2019-03-28,9,0,199,34.53,34.53,0.0,-1081.193354,0.0
2019-03-28,9,0,200,7.8,7.8,0.0,-244.23134,0.0
2019-03-28,9,0,204,480.72,480.72,0.0,2111.634495,0.0
2019-03-28,9,0,205,1048.92,1048.92,0.0,4681.865497,0.0
2019-03-28,9,0,206,539.94,539.94,0.0,1551.094752,0.0
2019-03-28,9,0,210,1.26,1.26,0.0,8.649706,0.0
2019-03-28,9,0,214,6.6,6.6,0.0,43.143908,0.0
2019-03-28,9,0,217,4.63,4.63,0.0,30.951536,0.0
2019-03-28,9,0,218,6.4,6.4,0.0,42.783981,0.0
2019-03-28,9,0,219,4.36,4.36,0.0,29.146587,0.0
2019-03-28,9,0,221,3.52,3.52,0.0,23.010084,0.0
2019-03-28,9,0,225,3.63,3.63,0.0,24.515685,0.0
2019-03-28,9,0,233,3.38,3.38,0.0,21.097916,0.0
2019-03-28,9,0,236,46.77,46.77,0.0,255.792687,0.0
2019-03-28,9,0,237,46.49,46.49,0.0,239.557779,0.0
2019-03-28,9,0,238,31.41,31.41,0.0,176.998022,0.0
2019-03-28,9,0,240,5.04,5.04,0.0,25.132713,0.0
2019-03-28,9,0,245,78.0,78.0,0.0,453.730665,0.0
2019-03-28,9,0,247,121.89,121.89,0.0,709.041419,0.0
2019-03-28,9,0,248,4.67,4.67,0.0,24.063989,0.0
2019-03-28,9,0,249,150.0,150.0,0.0,872.558971,0.0
2019-03-28,9,0,251,268.95,268.95,0.0,1530.364302,0.0
2019-03-28,9,0,252,209.68,209.68,0.0,1200.023682,0.0
2019-03-28,9,0,254,7.52,7.52,0.0,39.378702,0.0
2019-03-28,9,0,255,3.44,3.44,0.0,18.013662,0.0
2019-03-28,9,0,258,6.21,6.21,0.0,31.105152,0.0
2019-03-28,9,0,260,2.66,2.66,0.0,14.820311,0.0
2019-03-28,9,0,265,26.3,26.3,0.0,101.135861,0.0
2019-03-28,9,0,266,29.1,29.1,0.0,111.903177,0.0
2019-03-28,9,0,267,35.76,35.76,0.0,137.514007,0.0
2019-03-28,9,0,270,579.0,579.0,0.0,-579000.0,0.0
2019-03-28,9,0,272,281.31,281.31,0.0,-74675.043615,0.0
2019-03-28,9,0,273,11.17,11.17,0.0,-11170.0,0.0
2019-03-28,9,0,274,746.4,746.4,0.0,-746400.0,0.0
2019-03-28,9,0,275,1039.0,1039.0,0.0,-1039000.0,0.0
2019-03-28,9,0,276,2.46,2.46,0.0,-2217.579575,0.0
2019-03-28,9,0,277,3.1,3.1,0.0,-858.904222,0.0
2019-03-28,9,0,278,4.96,4.96,0.0,-1374.246755,0.0
2019-03-28,9,0,279,264.6,264.6,0.0,-73311.631331,0.0
2019-03-28,9,0,281,7.85,7.85,0.0,22.698254,0.0
2019-03-28,9,0,282,110.16,110.16,0.0,318.527347,0.0
2019-03-28,10,0,9,1.98,1.98,0.0,-49.279486,0.0
2019-03-28,10,0,17,35.8,35.8,0.0,102.161944,0.0
2019-03-28,10,0,19,349.46,349.46,0.0,997.248967,0.0
2019-03-28,10,0,20,433.01,433.01,0.0,1235.674398,0.0
2019-03-28,10,0,21,45.35,45.35,0.0,-1128.699344,0.0
2019-03-28,10,0,22,161.16,161.16,0.0,-4011.051515,0.0
2019-03-28,10,0,23,108.8,108.8,0.0,-2707.88288,0.0
2019-03-28,10,0,24,192.5,192.5,0.0,-4791.061161,0.0
2019-03-28,10,0,29,6.42,6.42,0.0,33.840959,0.0
2019-03-28,10,0,30,358.99,358.99,0.0,-8996.348749,0.0
2019-03-28,10,0,31,39.47,39.47,0.0,-989.124725,0.0
2019-03-28,10,0,32,4.0,4.0,0.0,96.930059,0.0
2019-03-28,10,0,33,1.93,1.93,0.0,15.374181,0.0
2019-03-28,10,0,34,3.09,3.09,0.0,24.614622,0.0
2019-03-28,10,0,35,3.09,3.09,0.0,24.614622,0.0
2019-03-28,10,0,36,7.47,7.47,0.0,-38.653744,0.0
2019-03-28,10,0,37,3.57,3.57,0.0,-18.911725,0.0
2019-03-28,10,0,38,4.59,4.59,0.0,-24.315075,0.0
2019-03-28,10,0,39,3.06,3.06,0.0,-16.21005,0.0
2019-03-28,10,0,40,3.06,3.06,0.0,-16.21005,0.0
2019-03-28,10,0,41,34.8,34.8,0.0,-553.323072,0.0
2019-03-28,10,0,42,41.75,41.75,0.0,72.876185,0.0
2019-03-28,10,0,43,22.5,22.5,0.0,-91.479581,0.0
2019-03-28,10,0,46,19.71,19.71,0.0,-141.012686,0.0
2019-03-28,10,0,52,41.86,41.86,0.0,-1049.01852,0.0
2019-03-28,10,0,53,66.74,66.74,0.0,-1672.515434,0.0
2019-03-28,10,0,55,163.21,163.21,0.0,-4062.073206,0.0
2019-03-28,10,0,56,105.89,105.89,0.0,-2653.620906,0.0
2019-03-28,10,0,57,100.72,100.72,0.0,-2524.059851,0.0
2019-03-28,10,0,58,193.7,193.7,0.0,-4854.154023,0.0
2019-03-28,10,0,59,190.47,190.47,0.0,-4773.209689,0.0
2019-03-28,10,0,63,51.0,51.0,0.0,5056.062586,0.0
2019-03-28,10,0,64,60.0,60.0,0.0,5948.308925,0.0
2019-03-28,10,0,65,41.4,41.4,0.0,109.620318,0.0
2019-03-28,10,0,67,206.85,206.85,0.0,-115514.68464,0.0
2019-03-28,10,0,68,34.0,34.0,0.0,-14084.750356,0.0
2019-03-28,10,0,69,1.93,1.93,0.0,15.374181,0.0
2019-03-28,10,0,74,44.63,44.63,0.0,-140.864017,0.0
2019-03-28,10,0,77,60.0,60.0,0.0,-17586.402333,0.0
2019-03-28,10,0,78,45.36,45.36,0.0,-13295.320164,0.0
2019-03-28,10,0,79,26.25,26.25,0.0,-7694.051021,0.0
2019-03-28,10,0,80,42.45,42.45,0.0,-12442.379651,0.0
2019-03-28,10,0,81,55.5,55.5,0.0,-16267.422158,0.0
2019-03-28,10,0,82,39.15,39.15,0.0,-11475.127522,0.0
2019-03-28,10,0,83,87.3,87.3,0.0,-25588.215394,0.0
2019-03-28,10,0,84,0.0,0.0,0.0,-0.0,0.0
2019-03-28,10,0,86,9.77,9.77,0.0,77.826814,0.0
2019-03-28,10,0,87,49.88,49.88,0.0,397.338943,0.0
2019-03-28,10,0,88,103.48,103.48,0.0,-30330.68189,0.0
2019-03-28,10,0,89,99.0,99.0,0.0,-29017.563849,0.0
2019-03-28,10,0,90,137.47,137.47,0.0,-40293.378812,0.0
2019-03-28,10,0,91,509.29,509.29,0.0,-149276.314069,0.0
2019-03-28,10,0,92,180.45,180.45,0.0,-52891.105016,0.0
2019-03-28,10,0,95,88.65,88.65,0.0,1723.868379,0.0
2019-03-28,10,0,96,29.88,29.88,0.0,-754.154384,0.0
2019-03-28,10,0,97,183.75,183.75,0.0,-4637.746591,0.0
2019-03-28,10,0,99,9.17,9.17,0.0,-28.942932,0.0
2019-03-28,10,0,101,7.23,7.23,0.0,-181.184995,0.0
2019-03-28,10,0,102,80.5,80.5,0.0,-33347.717756,0.0
2019-03-28,10,0,103,70.0,70.0,0.0,-28998.01544,0.0
2019-03-28,10,0,104,13.0,13.0,0.0,-5385.345725,0.0
2019-03-28,10,0,106,158.64,158.64,0.0,-3948.332169,0.0
2019-03-28,10,0,109,171.07,171.07,0.0,-1727.216059,0.0
2019-03-28,10,0,110,338.6,338.6,0.0,-338600.0,0.0
2019-03-28,10,0,111,10.78,10.78,0.0,-171.402951,0.0
2019-03-28,10,0,113,150.0,150.0,0.0,-40107.445659,0.0
2019-03-28,10,0,115,150.0,150.0,0.0,-40107.445659,0.0
2019-03-28,10,0,116,77.61,77.61,0.0,-77610.0,0.0
2019-03-28,10,0,117,10.0,10.0,0.0,-2673.829711,0.0
2019-03-28,10,0,119,60.0,60.0,0.0,5948.308925,0.0
2019-03-28,10,0,120,35.28,35.28,0.0,3497.605648,0.0
2019-03-28,10,0,123,2.64,2.64,0.0,-65.705982,0.0
2019-03-28,10,0,125,174.2,174.2,0.0,-4335.599243,0.0
2019-03-28,10,0,126,118.98,118.98,0.0,-2961.249127,0.0
2019-03-28,10,0,127,152.7,152.7,0.0,-3800.493711,0.0
2019-03-28,10,0,128,249.5,249.5,0.0,-6209.713037,0.0
2019-03-28,10,0,131,40.31,40.31,0.0,-15146.436242,0.0
2019-03-28,10,0,132,65.03,65.03,0.0,-24434.947875,0.0
2019-03-28,10,0,133,41.94,41.94,0.0,120.496974,0.0
2019-03-28,10,0,134,0.0,0.0,0.0,0.0,0.0
2019-03-28,10,0,135,56.2,56.2,0.0,161.467094,0.0
2019-03-28,10,0,136,45.9,45.9,0.0,121.016861,0.0
2019-03-28,10,0,139,44.94,44.94,0.0,-714.549967,0.0
2019-03-28,10,0,140,250.6,250.6,0.0,-250600.0,0.0
2019-03-28,10,0,141,230.0,230.0,0.0,-128442.724037,0.0
2019-03-28,10,0,142,272.78,272.78,0.0,-152333.070708,0.0
2019-03-28,10,0,143,25.94,25.94,0.0,-650.060688,0.0
2019-03-28,10,0,145,56.19,56.19,0.0,-1095.980066,0.0
2019-03-28,10,0,146,268.0,268.0,0.0,-268000.0,0.0
2019-03-28,10,0,152,5.55,5.55,0.0,-16.549313,0.0
2019-03-28,10,0,153,7.03,7.03,0.0,-22.814529,0.0
2019-03-28,10,0,154,44.47,44.47,0.0,-707.076925,0.0
2019-03-28,10,0,157,72.8,72.8,0.0,-40654.914391,0.0
2019-03-28,10,0,158,204.73,204.73,0.0,-114330.777792,0.0
2019-03-28,10,0,159,0.0,0.0,0.0,-0.0,0.0
2019-03-28,10,0,160,1.76,1.76,0.0,-0.287694,0.0
2019-03-28,10,0,161,39.19,39.19,0.0,-16234.746073,0.0
2019-03-28,10,0,162,91.77,91.77,0.0,1860.74971,0.0
2019-03-28,10,0,163,104.02,104.02,0.0,-104020.0,0.0
2019-03-28,10,0,164,13.13,13.13,0.0,-329.039971,0.0
2019-03-28,10,0,167,4.7,4.7,0.0,79.993389,0.0
2019-03-28,10,0,168,2.35,2.35,0.0,39.996695,0.0
2019-03-28,10,0,169,0.0,0.0,0.0,0.0,0.0
2019-03-28,10,0,170,5.14,5.14,0.0,87.482132,0.0
2019-03-28,10,0,172,6.17,6.17,0.0,101.806411,0.0
2019-03-28,10,0,173,9.41,9.41,0.0,155.267151,0.0
2019-03-28,10,0,188,8.1,8.1,0.0,72.408385,0.0
2019-03-28,10,0,190,6.67,6.67,0.0,216.291806,0.0
2019-03-28,10,0,191,17.22,17.22,0.0,558.402534,0.0
2019-03-28,10,0,192,280.24,280.24,0.0,9087.498607,0.0
2019-03-28,10,0,194,52.95,52.95,0.0,-7204.060503,0.0
2019-03-28,10,0,196,4.24,4.24,0.0,1065.561319,0.0
2019-03-28,10,0,198,7.89,7.89,0.0,48.283695,0.0
2019-03-28,10,0,199,39.0,39.0,0.0,-1185.871278,0.0
2019-03-28,10,0,200,14.45,14.45,0.0,-439.380512,0.0
2019-03-28,10,0,204,257.1,257.1,0.0,-2775.97784,0.0
2019-03-28,10,0,205,1010.31,1010.31,0.0,-10200.641003,0.0
2019-03-28,10,0,206,539.94,539.94,0.0,-13627.781739,0.0
2019-03-28,10,0,210,2.01,2.01,0.0,12.654114,0.0
2019-03-28,10,0,214,10.36,10.36,0.0,113.862624,0.0
2019-03-28,10,0,217,7.36,7.36,0.0,67.048373,0.0
2019-03-28,10,0,218,10.15,10.15,0.0,92.464807,0.0
2019-03-28,10,0,219,6.92,6.92,0.0,63.040046,0.0
2019-03-28,10,0,221,5.53,5.53,0.0,60.778022,0.0
2019-03-28,10,0,225,5.73,5.73,0.0,29.636981,0.0
2019-03-28,10,0,233,5.53,5.53,0.0,44.05141,0.0
2019-03-28,10,0,236,77.31,77.31,0.0,2.991836,0.0
2019-03-28,10,0,237,104.28,104.28,0.0,-329.135104,0.0
2019-03-28,10,0,238,54.34,54.34,0.0,94.852501,0.0
2019-03-28,10,0,240,8.47,8.47,0.0,-43.828275,0.0
2019-03-28,10,0,245,78.0,78.0,0.0,281.631723,0.0
2019-03-28,10,0,247,171.72,171.72,0.0,620.023071,0.0
2019-03-28,10,0,248,11.38,11.38,0.0,-35.918273,0.0
2019-03-28,10,0,249,150.0,150.0,0.0,541.599468,0.0
2019-03-28,10,0,251,326.4,326.4,0.0,753.93807,0.0
2019-03-28,10,0,252,267.06,267.06,0.0,707.130488,0.0
2019-03-28,10,0,254,12.19,12.19,0.0,-37.624859,0.0
2019-03-28,10,0,255,5.59,5.59,0.0,-17.253729,0.0
2019-03-28,10,0,258,10.42,10.42,0.0,-52.052641,0.0
2019-03-28,10,0,260,4.28,4.28,0.0,-0.699621,0.0
2019-03-28,10,0,265,46.04,46.04,0.0,-732.040064,0.0
2019-03-28,10,0,266,29.1,29.1,0.0,-462.692568,0.0
2019-03-28,10,0,267,35.76,35.76,0.0,-568.587156,0.0
2019-03-28,10,0,270,324.69,324.69,0.0,-324690.0,0.0
2019-03-28,10,0,272,501.3,501.3,0.0,-134039.083394,0.0
2019-03-28,10,0,273,18.56,18.56,0.0,-18560.0,0.0
2019-03-28,10,0,274,418.54,418.54,0.0,-418540.0,0.0
2019-03-28,10,0,275,582.57,582.57,0.0,-582570.0,0.0
2019-03-28,10,0,276,4.14,4.14,0.0,-3731.839271,0.0
2019-03-28,10,0,277,5.23,5.23,0.0,-1452.350244,0.0
2019-03-28,10,0,278,8.37,8.37,0.0,-2324.315782,0.0
2019-03-28,10,0,279,264.6,264.6,0.0,-73478.369893,0.0
2019-03-28,10,0,281,17.59,17.59,0.0,-440.808308,0.0
2019-03-28,10,0,282,196.93,196.93,0.0,-4935.098357,0.0
2019-03-28,11,0,9,2.91,2.91,0.0,-480.536182,0.0
2019-03-28,11,0,17,50.35,50.35,0.0,-753.165236,0.0
2019-03-28,11,0,19,192.99,192.99,0.0,-2886.859165,0.0
2019-03-28,11,0,20,234.06,234.06,0.0,-3501.208644,0.0
2019-03-28,11,0,21,66.64,66.64,0.0,-11004.443707,0.0
2019-03-28,11,0,22,236.84,236.84,0.0,-39110.030725,0.0
2019-03-28,11,0,23,61.07,61.07,0.0,-10084.654519,0.0
2019-03-28,11,0,24,108.0,108.0,0.0,-17834.332538,0.0
2019-03-28,11,0,29,9.3,9.3,0.0,46.884001,0.0
2019-03-28,11,0,30,535.49,535.49,0.0,-88935.026821,0.0
2019-03-28,11,0,31,31.47,31.47,0.0,-5226.587414,0.0
2019-03-28,11,0,32,5.67,5.67,0.0,230.607261,0.0
2019-03-28,11,0,33,2.73,2.73,0.0,31.816713,0.0
2019-03-28,11,0,34,4.36,4.36,0.0,50.813505,0.0
2019-03-28,11,0,35,4.36,4.36,0.0,50.813505,0.0
2019-03-28,11,0,36,10.78,10.78,0.0,-598.727472,0.0
2019-03-28,11,0,37,5.18,5.18,0.0,-290.000849,0.0
2019-03-28,11,0,38,6.66,6.66,0.0,-372.858235,0.0
2019-03-28,11,0,39,4.44,4.44,0.0,-248.572156,0.0
2019-03-28,11,0,40,4.44,4.44,0.0,-248.572156,0.0
2019-03-28,11,0,41,34.8,34.8,0.0,-4025.197971,0.0
2019-03-28,11,0,42,63.2,63.2,0.0,-1309.970085,0.0
2019-03-28,11,0,43,32.36,32.36,0.0,-1567.305849,0.0
2019-03-28,11,0,46,27.85,27.85,0.0,-1840.008217,0.0
2019-03-28,11,0,52,33.45,33.45,0.0,-5555.428948,0.0
2019-03-28,11,0,53,54.48,54.48,0.0,-9048.124636,0.0
2019-03-28,11,0,55,285.55,285.55,0.0,-47153.644965,0.0
2019-03-28,11,0,56,157.95,157.95,0.0,-26232.586017,0.0
2019-03-28,11,0,57,150.24,150.24,0.0,-24952.097013,0.0
2019-03-28,11,0,58,288.93,288.93,0.0,-47985.951744,0.0
2019-03-28,11,0,59,284.12,284.12,0.0,-47187.099331,0.0
2019-03-28,11,0,63,51.0,51.0,0.0,5848.009038,0.0
2019-03-28,11,0,64,60.0,60.0,0.0,6880.010632,0.0
2019-03-28,11,0,65,41.4,41.4,0.0,-663.650887,0.0
2019-03-28,11,0,67,307.65,307.65,0.0,-165694.927993,0.0
2019-03-28,11,0,68,33.99,33.99,0.0,-13184.948755,0.0
2019-03-28,11,0,69,2.73,2.73,0.0,31.816713,0.0
2019-03-28,11,0,74,79.89,79.89,0.0,-3708.790111,0.0
2019-03-28,11,0,77,60.0,60.0,0.0,-15380.407398,0.0
2019-03-28,11,0,78,45.36,45.36,0.0,-11627.587993,0.0
2019-03-28,11,0,79,26.25,26.25,0.0,-6728.928237,0.0
2019-03-28,11,0,80,42.45,42.45,0.0,-10881.638234,0.0
2019-03-28,11,0,81,55.5,55.5,0.0,-14226.876844,0.0
2019-03-28,11,0,82,39.15,39.15,0.0,-10035.715827,0.0
2019-03-28,11,0,83,87.3,87.3,0.0,-22378.492765,0.0
2019-03-28,11,0,84,0.0,0.0,0.0,-0.0,0.0
2019-03-28,11,0,86,13.81,13.81,0.0,160.94828,0.0
2019-03-28,11,0,87,70.49,70.49,0.0,821.523841,0.0
2019-03-28,11,0,88,51.18,51.18,0.0,-13119.487511,0.0
2019-03-28,11,0,89,49.2,49.2,0.0,-12611.934067,0.0
2019-03-28,11,0,90,66.06,66.06,0.0,-16933.828546,0.0
2019-03-28,11,0,91,235.65,235.65,0.0,-60406.550057,0.0
2019-03-28,11,0,92,84.75,84.75,0.0,-21724.82545,0.0
2019-03-28,11,0,95,96.29,96.29,0.0,1872.434137,0.0
2019-03-28,11,0,96,31.88,31.88,0.0,-5326.295203,0.0
2019-03-28,11,0,97,234.28,234.28,0.0,-39141.920962,0.0
2019-03-28,11,0,99,17.14,17.14,0.0,-795.702372,0.0
2019-03-28,11,0,101,10.79,10.79,0.0,-1792.020279,0.0
2019-03-28,11,0,102,80.49,80.49,0.0,-31222.610336,0.0
2019-03-28,11,0,103,69.99,69.99,0.0,-27149.589979,0.0
2019-03-28,11,0,104,12.99,12.99,0.0,-5038.908041,0.0
2019-03-28,11,0,106,233.14,233.14,0.0,-38499.039703,0.0
2019-03-28,11,0,109,83.48,83.48,0.0,-6937.823879,0.0
2019-03-28,11,0,110,338.6,338.6,0.0,-338600.0,0.0
2019-03-28,11,0,111,15.78,15.78,0.0,-1825.21908,0.0
2019-03-28,11,0,113,84.2,84.2,0.0,-20693.641199,0.0
2019-03-28,11,0,115,84.2,84.2,0.0,-20693.641199,0.0
2019-03-28,11,0,116,112.87,112.87,0.0,-112870.0,0.0
2019-03-28,11,0,117,5.66,5.66,0.0,-1391.04524,0.0
2019-03-28,11,0,119,60.0,60.0,0.0,6880.010632,0.0
2019-03-28,11,0,120,35.28,35.28,0.0,4045.446252,0.0
2019-03-28,11,0,123,3.89,3.89,0.0,-642.366237,0.0
2019-03-28,11,0,125,97.74,97.74,0.0,-16140.070947,0.0
2019-03-28,11,0,126,174.86,174.86,0.0,-28875.105441,0.0
2019-03-28,11,0,127,224.4,224.4,0.0,-37055.779829,0.0
2019-03-28,11,0,128,139.96,139.96,0.0,-23111.973908,0.0
2019-03-28,11,0,131,30.0,30.0,0.0,-10429.974497,0.0
2019-03-28,11,0,132,44.1,44.1,0.0,-15332.062511,0.0
2019-03-28,11,0,133,41.94,41.94,0.0,-623.129071,0.0
2019-03-28,11,0,134,0.0,0.0,0.0,-0.0,0.0
2019-03-28,11,0,135,56.2,56.2,0.0,-834.998898,0.0
2019-03-28,11,0,136,45.9,45.9,0.0,-738.48714,0.0
2019-03-28,11,0,139,44.94,44.94,0.0,-5198.057379,0.0
2019-03-28,11,0,140,250.6,250.6,0.0,-250600.0,0.0
2019-03-28,11,0,141,230.0,230.0,0.0,-123873.991348,0.0
2019-03-28,11,0,142,405.71,405.71,0.0,-218508.334913,0.0
2019-03-28,11,0,143,15.59,15.59,0.0,-2589.211877,0.0
2019-03-28,11,0,145,100.0,100.0,0.0,-13528.213734,0.0
2019-03-28,11,0,146,220.94,220.94,0.0,-220940.0,0.0
2019-03-28,11,0,152,8.08,8.08,0.0,-365.438101,0.0
2019-03-28,11,0,153,10.0,10.0,0.0,-465.917946,0.0
2019-03-28,11,0,154,65.11,65.11,0.0,-7531.05287,0.0
2019-03-28,11,0,157,94.16,94.16,0.0,-50712.934893,0.0
2019-03-28,11,0,158,304.21,304.21,0.0,-163842.203948,0.0
2019-03-28,11,0,159,0.0,0.0,0.0,-0.0,0.0
2019-03-28,11,0,160,2.56,2.56,0.0,-64.270777,0.0
2019-03-28,11,0,161,58.04,58.04,0.0,-22514.104906,0.0
2019-03-28,11,0,162,162.5,162.5,0.0,3298.984541,0.0
2019-03-28,11,0,163,160.49,160.49,0.0,-160490.0,0.0
2019-03-28,11,0,164,19.32,19.32,0.0,-3208.696181,0.0
2019-03-28,11,0,167,6.69,6.69,0.0,109.312588,0.0
2019-03-28,11,0,168,3.34,3.34,0.0,54.574595,0.0
2019-03-28,11,0,169,0.0,0.0,0.0,0.0,0.0
2019-03-28,11,0,170,7.32,7.32,0.0,119.606598,0.0
2019-03-28,11,0,172,8.9,8.9,0.0,60.2344,0.0
2019-03-28,11,0,173,13.56,13.56,0.0,91.772861,0.0
2019-03-28,11,0,188,11.5,11.5,0.0,235.806737,0.0
2019-03-28,11,0,190,9.46,9.46,0.0,306.76469,0.0
2019-03-28,11,0,191,24.44,24.44,0.0,792.529496,0.0
2019-03-28,11,0,192,332.6,332.6,0.0,10785.405497,0.0
2019-03-28,11,0,194,52.95,52.95,0.0,-6552.389703,0.0
2019-03-28,11,0,196,6.13,6.13,0.0,1670.486713,0.0
2019-03-28,11,0,198,11.31,11.31,0.0,161.423378,0.0
2019-03-28,11,0,199,56.82,56.82,0.0,-7891.958747,0.0
2019-03-28,11,0,200,20.15,20.15,0.0,-2798.714691,0.0
2019-03-28,11,0,204,257.1,257.1,0.0,-22333.864799,0.0
2019-03-28,11,0,205,545.8,545.8,0.0,-45360.137438,0.0
2019-03-28,11,0,206,895.48,895.48,0.0,-149610.753726,0.0
2019-03-28,11,0,210,2.83,2.83,0.0,18.254982,0.0
2019-03-28,11,0,214,14.83,14.83,0.0,406.252658,0.0
2019-03-28,11,0,217,10.35,10.35,0.0,221.382273,0.0
2019-03-28,11,0,218,14.29,14.29,0.0,305.657264,0.0
2019-03-28,11,0,219,9.73,9.73,0.0,208.120726,0.0
2019-03-28,11,0,221,7.91,7.91,0.0,216.686347,0.0
2019-03-28,11,0,225,8.11,8.11,0.0,39.781144,0.0
2019-03-28,11,0,233,7.81,7.81,0.0,91.021438,0.0
2019-03-28,11,0,236,114.32,114.32,0.0,-3382.189136,0.0
2019-03-28,11,0,237,178.1,178.1,0.0,-8268.062571,0.0
2019-03-28,11,0,238,82.25,82.25,0.0,-1704.826574,0.0
2019-03-28,11,0,240,12.22,12.22,0.0,-678.705909,0.0
2019-03-28,11,0,245,78.0,78.0,0.0,-859.398782,0.0
2019-03-28,11,0,247,171.72,171.72,0.0,-1891.999473,0.0
2019-03-28,11,0,248,21.2,21.2,0.0,-984.182631,0.0
2019-03-28,11,0,249,150.0,150.0,0.0,-1652.689966,0.0
2019-03-28,11,0,251,326.4,326.4,0.0,-5806.537463,0.0
2019-03-28,11,0,252,267.06,267.06,0.0,-4281.029126,0.0
2019-03-28,11,0,254,17.72,17.72,0.0,-754.512206,0.0
2019-03-28,11,0,255,8.12,8.12,0.0,-345.747128,0.0
2019-03-28,11,0,258,15.0,15.0,0.0,-815.890786,0.0
2019-03-28,11,0,260,6.23,6.23,0.0,-156.40896,0.0
2019-03-28,11,0,265,67.41,67.41,0.0,-7797.086069,0.0
2019-03-28,11,0,266,29.1,29.1,0.0,-3365.898303,0.0
2019-03-28,11,0,267,35.76,35.76,0.0,-4136.237915,0.0
2019-03-28,11,0,270,542.91,542.91,0.0,-542910.0,0.0
2019-03-28,11,0,272,281.17,281.17,0.0,-69102.507077,0.0
2019-03-28,11,0,273,26.99,26.99,0.0,-26990.0,0.0
2019-03-28,11,0,274,708.99,708.99,0.0,-708990.0,0.0
2019-03-28,11,0,275,1000.33,1000.33,0.0,-1000330.0,0.0
2019-03-28,11,0,276,6.1,6.1,0.0,-5471.548889,0.0
2019-03-28,11,0,277,7.62,7.62,0.0,-1905.048473,0.0
2019-03-28,11,0,278,12.18,12.18,0.0,-3045.07748,0.0
2019-03-28,11,0,279,264.6,264.6,0.0,-66151.683181,0.0
2019-03-28,11,0,281,13.72,13.72,0.0,-2278.639317,0.0
2019-03-28,11,0,282,293.75,293.75,0.0,-48786.464974,0.0
2019-03-28,12,0,9,3.69,3.69,0.0,-55.123903,0.0
2019-03-28,12,0,17,61.88,61.88,0.0,329.340842,0.0
2019-03-28,12,0,19,192.99,192.99,0.0,1027.141065,0.0
2019-03-28,12,0,20,234.06,234.06,0.0,1245.725881,0.0
2019-03-28,12,0,21,84.33,84.33,0.0,-1259.782857,0.0
2019-03-28,12,0,22,299.71,299.71,0.0,-4477.2859,0.0
2019-03-28,12,0,23,46.17,46.17,0.0,-689.72103,0.0
2019-03-28,12,0,24,77.3,77.3,0.0,-1154.763605,0.0
2019-03-28,12,0,29,11.25,11.25,0.0,47.610542,0.0
2019-03-28,12,0,30,672.32,672.32,0.0,-10127.820808,0.0
2019-03-28,12,0,31,21.96,21.96,0.0,-330.805189,0.0
2019-03-28,12,0,32,6.78,6.78,0.0,254.498575,0.0
2019-03-28,12,0,33,3.47,3.47,0.0,31.426644,0.0
2019-03-28,12,0,34,5.54,5.54,0.0,50.173951,0.0
2019-03-28,12,0,35,5.54,5.54,0.0,50.173951,0.0
2019-03-28,12,0,36,13.8,13.8,0.0,-7.496589,0.0
2019-03-28,12,0,37,6.64,6.64,0.0,-4.204054,0.0
2019-03-28,12,0,38,8.54,8.54,0.0,-5.407021,0.0
2019-03-28,12,0,39,5.69,5.69,0.0,-3.60257,0.0
2019-03-28,12,0,40,5.69,5.69,0.0,-3.60257,0.0
2019-03-28,12,0,41,34.8,34.8,0.0,-291.442416,0.0
2019-03-28,12,0,42,82.34,82.34,0.0,371.58057,0.0
2019-03-28,12,0,43,41.08,41.08,0.0,10.913696,0.0
2019-03-28,12,0,46,34.86,34.86,0.0,-69.347438,0.0
2019-03-28,12,0,52,23.28,23.28,0.0,-350.689654,0.0
2019-03-28,12,0,53,36.98,36.98,0.0,-557.066298,0.0
2019-03-28,12,0,55,271.49,271.49,0.0,-4055.715021,0.0
2019-03-28,12,0,56,198.31,198.31,0.0,-2987.339577,0.0
2019-03-28,12,0,57,188.64,188.64,0.0,-2841.670807,0.0
2019-03-28,12,0,58,362.77,362.77,0.0,-5464.76314,0.0
2019-03-28,12,0,59,356.72,356.72,0.0,-5373.626009,0.0
2019-03-28,12,0,63,51.0,51.0,0.0,5431.160714,0.0
2019-03-28,12,0,64,60.0,60.0,0.0,6389.600839,0.0
2019-03-28,12,0,65,41.4,41.4,0.0,214.115728,0.0
2019-03-28,12,0,67,392.41,392.41,0.0,-219269.078656,0.0
2019-03-28,12,0,68,34.0,34.0,0.0,-14099.581692,0.0
2019-03-28,12,0,69,3.47,3.47,0.0,31.426644,0.0
2019-03-28,12,0,74,172.55,172.55,0.0,160.848072,0.0
2019-03-28,12,0,77,60.0,60.0,0.0,-17635.839973,0.0
2019-03-28,12,0,78,45.36,45.36,0.0,-13332.69502,0.0
2019-03-28,12,0,79,26.25,26.25,0.0,-7715.679988,0.0
2019-03-28,12,0,80,42.45,42.45,0.0,-12477.356781,0.0
2019-03-28,12,0,81,55.5,55.5,0.0,-16313.151975,0.0
2019-03-28,12,0,82,39.15,39.15,0.0,-11507.385582,0.0
2019-03-28,12,0,83,87.3,87.3,0.0,-25660.147161,0.0
2019-03-28,12,0,84,0.0,0.0,0.0,0.0,0.0
2019-03-28,12,0,86,17.56,17.56,0.0,159.035123,0.0
2019-03-28,12,0,87,89.63,89.63,0.0,811.749321,0.0
2019-03-28,12,0,88,51.18,51.18,0.0,-15043.371497,0.0
2019-03-28,12,0,89,49.2,49.2,0.0,-14461.388778,0.0
2019-03-28,12,0,90,66.06,66.06,0.0,-19417.05981,0.0
2019-03-28,12,0,91,235.65,235.65,0.0,-69264.761495,0.0
2019-03-28,12,0,92,84.75,84.75,0.0,-24910.623962,0.0
2019-03-28,12,0,95,120.0,120.0,0.0,2093.535172,0.0
2019-03-28,12,0,96,29.88,29.88,0.0,-454.023587,0.0
2019-03-28,12,0,97,183.76,183.76,0.0,-2792.214671,0.0
2019-03-28,12,0,99,33.3,33.3,0.0,31.041674,0.0
2019-03-28,12,0,101,13.54,13.54,0.0,-203.966405,0.0
2019-03-28,12,0,102,80.5,80.5,0.0,-33382.833125,0.0
2019-03-28,12,0,103,70.0,70.0,0.0,-29028.550543,0.0
2019-03-28,12,0,104,13.0,13.0,0.0,-5391.016529,0.0
2019-03-28,12,0,106,295.04,295.04,0.0,-4407.522044,0.0
2019-03-28,12,0,109,60.0,60.0,0.0,-248.231449,0.0
2019-03-28,12,0,110,338.6,338.6,0.0,-338600.0,0.0
2019-03-28,12,0,111,21.0,21.0,0.0,-175.870423,0.0
2019-03-28,12,0,113,45.0,45.0,0.0,-12026.203482,0.0
2019-03-28,12,0,115,45.0,45.0,0.0,-12026.203482,0.0
2019-03-28,12,0,116,142.09,142.09,0.0,-142090.0,0.0
2019-03-28,12,0,117,3.0,3.0,0.0,-801.746899,0.0
2019-03-28,12,0,119,60.0,60.0,0.0,6389.600839,0.0
2019-03-28,12,0,120,35.28,35.28,0.0,3757.085294,0.0
2019-03-28,12,0,123,4.92,4.92,0.0,-73.498537,0.0
2019-03-28,12,0,125,70.73,70.73,0.0,-1056.616168,0.0
2019-03-28,12,0,126,221.28,221.28,0.0,-3305.641533,0.0
2019-03-28,12,0,127,283.97,283.97,0.0,-4242.150335,0.0
2019-03-28,12,0,128,96.96,96.96,0.0,-1448.45898,0.0
2019-03-28,12,0,131,30.0,30.0,0.0,-11286.412391,0.0
2019-03-28,12,0,132,44.1,44.1,0.0,-16591.026215,0.0
2019-03-28,12,0,133,41.94,41.94,0.0,223.809354,0.0
2019-03-28,12,0,134,0.0,0.0,0.0,0.0,0.0
2019-03-28,12,0,135,56.2,56.2,0.0,299.906669,0.0
2019-03-28,12,0,136,45.9,45.9,0.0,237.010265,0.0
2019-03-28,12,0,139,44.94,44.94,0.0,-376.362706,0.0
2019-03-28,12,0,140,250.6,250.6,0.0,-250600.0,0.0
2019-03-28,12,0,141,207.66,207.66,0.0,-116035.312234,0.0
2019-03-28,12,0,142,517.49,517.49,0.0,-289160.713319,0.0
2019-03-28,12,0,143,8.97,8.97,0.0,-135.123978,0.0
2019-03-28,12,0,145,56.25,56.25,0.0,-619.165801,0.0
2019-03-28,12,0,146,161.22,161.22,0.0,-161220.0,0.0
2019-03-28,12,0,152,10.33,10.33,0.0,10.943163,0.0
2019-03-28,12,0,153,12.86,12.86,0.0,11.148372,0.0
2019-03-28,12,0,154,86.61,86.61,0.0,-725.339875,0.0
2019-03-28,12,0,157,125.97,125.97,0.0,-70388.944824,0.0
2019-03-28,12,0,158,391.83,391.83,0.0,-218944.988889,0.0
2019-03-28,12,0,159,0.0,0.0,0.0,0.0,0.0
2019-03-28,12,0,160,3.23,3.23,0.0,10.057888,0.0
2019-03-28,12,0,161,73.2,73.2,0.0,-30355.569997,0.0
2019-03-28,12,0,162,162.5,162.5,0.0,2960.158138,0.0
2019-03-28,12,0,163,185.4,185.4,0.0,-185400.0,0.0
2019-03-28,12,0,164,25.0,25.0,0.0,-376.599715,0.0
2019-03-28,12,0,167,8.17,8.17,0.0,118.431836,0.0
2019-03-28,12,0,168,4.08,4.08,0.0,59.143438,0.0
2019-03-28,12,0,169,0.0,0.0,0.0,0.0,0.0
2019-03-28,12,0,170,8.93,8.93,0.0,129.448751,0.0
2019-03-28,12,0,172,10.66,10.66,0.0,130.375971,0.0
2019-03-28,12,0,173,16.24,16.24,0.0,198.621555,0.0
2019-03-28,12,0,188,13.69,13.69,0.0,264.660804,0.0
2019-03-28,12,0,190,11.56,11.56,0.0,374.86256,0.0
2019-03-28,12,0,191,29.86,29.86,0.0,968.286856,0.0
2019-03-28,12,0,192,332.6,332.6,0.0,10785.405497,0.0
2019-03-28,12,0,194,52.95,52.95,0.0,-7153.870988,0.0
2019-03-28,12,0,196,7.81,7.81,0.0,2017.019151,0.0
2019-03-28,12,0,198,13.94,13.94,0.0,107.315561,0.0
2019-03-28,12,0,199,113.69,113.69,0.0,-8994.762308,0.0
2019-03-28,12,0,200,24.42,24.42,0.0,-1932.026524,0.0
2019-03-28,12,0,204,257.1,257.1,0.0,-1195.251144,0.0
2019-03-28,12,0,205,317.4,317.4,0.0,-1313.144367,0.0
2019-03-28,12,0,206,539.95,539.95,0.0,-8204.485804,0.0
2019-03-28,12,0,210,3.44,3.44,0.0,12.017743,0.0
2019-03-28,12,0,214,18.77,18.77,0.0,211.466405,0.0
2019-03-28,12,0,217,12.8,12.8,0.0,114.168967,0.0
2019-03-28,12,0,218,17.67,17.67,0.0,157.606691,0.0
2019-03-28,12,0,219,12.03,12.03,0.0,107.30099,0.0
2019-03-28,12,0,221,10.01,10.01,0.0,112.774572,0.0
2019-03-28,12,0,225,9.91,9.91,0.0,42.646388,0.0
2019-03-28,12,0,233,9.93,9.93,0.0,89.932732,0.0
2019-03-28,12,0,236,159.03,159.03,0.0,519.377513,0.0
2019-03-28,12,0,237,413.93,413.93,0.0,385.858259,0.0
2019-03-28,12,0,238,107.18,107.18,0.0,483.677502,0.0
2019-03-28,12,0,240,15.64,15.64,0.0,-8.496134,0.0
2019-03-28,12,0,245,78.0,78.0,0.0,458.266751,0.0
2019-03-28,12,0,247,171.72,171.72,0.0,1008.891879,0.0
2019-03-28,12,0,248,41.55,41.55,0.0,38.732179,0.0
2019-03-28,12,0,249,150.0,150.0,0.0,881.282214,0.0
2019-03-28,12,0,251,326.4,326.4,0.0,1607.516892,0.0
2019-03-28,12,0,252,267.06,267.06,0.0,1381.201602,0.0
2019-03-28,12,0,254,22.93,22.93,0.0,22.480355,0.0
2019-03-28,12,0,255,10.51,10.51,0.0,10.303905,0.0
2019-03-28,12,0,258,19.03,19.03,0.0,-7.851532,0.0
2019-03-28,12,0,260,7.85,7.85,0.0,24.444092,0.0
2019-03-28,12,0,265,89.67,89.67,0.0,-750.966708,0.0
2019-03-28,12,0,266,29.1,29.1,0.0,-243.706158,0.0
2019-03-28,12,0,267,35.76,35.76,0.0,-299.482207,0.0
2019-03-28,12,0,270,579.0,579.0,0.0,-579000.0,0.0
2019-03-28,12,0,272,150.39,150.39,0.0,-40191.572036,0.0
2019-03-28,12,0,273,33.98,33.98,0.0,-33980.0,0.0
2019-03-28,12,0,274,746.4,746.4,0.0,-746400.0,0.0
2019-03-28,12,0,275,1039.0,1039.0,0.0,-1039000.0,0.0
2019-03-28,12,0,276,7.71,7.71,0.0,-6950.440668,0.0
2019-03-28,12,0,277,9.56,9.56,0.0,-2657.164624,0.0
2019-03-28,12,0,278,15.29,15.29,0.0,-4249.795722,0.0
2019-03-28,12,0,279,264.6,264.6,0.0,-73544.535508,0.0
2019-03-28,12,0,281,9.86,9.86,0.0,-148.530927,0.0
2019-03-28,12,0,282,368.81,368.81,0.0,-5555.749631,0.0
2019-03-28,13,0,9,4.05,4.05,0.0,-2004.120857,0.0
2019-03-28,13,0,17,66.86,66.86,0.0,624.270566,0.0
2019-03-28,13,0,19,192.99,192.99,0.0,1801.944011,0.0
2019-03-28,13,0,20,234.06,234.06,0.0,2185.41383,0.0
2019-03-28,13,0,21,92.53,92.53,0.0,-45787.976027,0.0
2019-03-28,13,0,22,328.86,328.86,0.0,-162734.613598,0.0
2019-03-28,13,0,23,90.35,90.35,0.0,-44709.214677,0.0
2019-03-28,13,0,24,157.79,157.79,0.0,-78081.538283,0.0
2019-03-28,13,0,29,11.36,11.36,0.0,39.618251,0.0
2019-03-28,13,0,30,757.96,757.96,0.0,-757960.0,0.0
2019-03-28,13,0,31,14.56,14.56,0.0,-14560.0,0.0
2019-03-28,13,0,32,7.14,7.14,0.0,286.542017,0.0
2019-03-28,13,0,33,3.75,3.75,0.0,174.096967,0.0
2019-03-28,13,0,34,6.0,6.0,0.0,278.555147,0.0
2019-03-28,13,0,35,6.0,6.0,0.0,278.555147,0.0
2019-03-28,13,0,36,14.64,14.64,0.0,-739.934054,0.0
2019-03-28,13,0,37,7.08,7.08,0.0,-365.842931,0.0
2019-03-28,13,0,38,9.1,9.1,0.0,-470.221846,0.0
2019-03-28,13,0,39,6.07,6.07,0.0,-313.653473,0.0
2019-03-28,13,0,40,6.07,6.07,0.0,-313.653473,0.0
2019-03-28,13,0,41,34.8,34.8,0.0,-4379.607289,0.0
2019-03-28,13,0,42,90.21,90.21,0.0,117.03963,0.0
2019-03-28,13,0,43,45.2,45.2,0.0,-2023.714587,0.0
2019-03-28,13,0,46,38.56,38.56,0.0,-2465.468484,0.0
2019-03-28,13,0,52,15.44,15.44,0.0,-15440.0,0.0
2019-03-28,13,0,53,24.52,24.52,0.0,-24520.0,0.0
2019-03-28,13,0,55,192.31,192.31,0.0,-95163.575811,0.0
2019-03-28,13,0,56,223.57,223.57,0.0,-223570.0,0.0
2019-03-28,13,0,57,212.67,212.67,0.0,-212670.0,0.0
2019-03-28,13,0,58,408.97,408.97,0.0,-408970.0,0.0
2019-03-28,13,0,59,402.16,402.16,0.0,-402160.0,0.0
2019-03-28,13,0,63,51.0,51.0,0.0,5894.175445,0.0
2019-03-28,13,0,64,60.0,60.0,0.0,6934.324053,0.0
2019-03-28,13,0,65,41.4,41.4,0.0,324.722351,0.0
2019-03-28,13,0,67,432.49,432.49,0.0,-231061.95224,0.0
2019-03-28,13,0,68,34.0,34.0,0.0,-12993.852012,0.0
2019-03-28,13,0,69,3.75,3.75,0.0,174.096967,0.0
2019-03-28,13,0,74,217.6,217.6,0.0,-7445.070974,0.0
2019-03-28,13,0,77,60.0,60.0,0.0,-14892.382679,0.0
2019-03-28,13,0,78,45.36,45.36,0.0,-11258.641306,0.0
2019-03-28,13,0,79,26.25,26.25,0.0,-6515.417422,0.0
2019-03-28,13,0,80,42.45,42.45,0.0,-10536.360746,0.0
2019-03-28,13,0,81,55.5,55.5,0.0,-13775.453978,0.0
2019-03-28,13,0,82,39.15,39.15,0.0,-9717.279698,0.0
2019-03-28,13,0,83,87.3,87.3,0.0,-21668.416799,0.0
2019-03-28,13,0,84,0.0,0.0,0.0,-0.0,0.0
2019-03-28,13,0,86,19.01,19.01,0.0,882.555557,0.0
2019-03-28,13,0,87,97.05,97.05,0.0,4505.629501,0.0
2019-03-28,13,0,88,51.18,51.18,0.0,-12703.202426,0.0
2019-03-28,13,0,89,49.2,49.2,0.0,-12211.753797,0.0
2019-03-28,13,0,90,66.06,66.06,0.0,-16396.51333,0.0
2019-03-28,13,0,91,235.65,235.65,0.0,-58489.832974,0.0
2019-03-28,13,0,92,84.75,84.75,0.0,-21035.490535,0.0
2019-03-28,13,0,95,120.0,120.0,0.0,2333.493576,0.0
2019-03-28,13,0,96,29.88,29.88,0.0,-4215.82525,0.0
2019-03-28,13,0,97,183.75,183.75,0.0,-25925.632186,0.0
2019-03-28,13,0,99,42.0,42.0,0.0,-1437.008184,0.0
2019-03-28,13,0,101,15.27,15.27,0.0,-15270.0,0.0
2019-03-28,13,0,102,80.5,80.5,0.0,-30764.855498,0.0
2019-03-28,13,0,103,70.0,70.0,0.0,-26752.048259,0.0
2019-03-28,13,0,104,13.0,13.0,0.0,-4968.237534,0.0
2019-03-28,13,0,106,323.73,323.73,0.0,-160196.060513,0.0
2019-03-28,13,0,109,60.0,60.0,0.0,-4911.133412,0.0
2019-03-28,13,0,110,338.6,338.6,0.0,-338600.0,0.0
2019-03-28,13,0,111,23.31,23.31,0.0,-2933.581779,0.0
2019-03-28,13,0,113,45.0,45.0,0.0,-10861.473621,0.0
2019-03-28,13,0,115,45.0,45.0,0.0,-10861.473621,0.0
2019-03-28,13,0,116,155.78,155.78,0.0,-155780.0,0.0
2019-03-28,13,0,117,3.0,3.0,0.0,-724.098241,0.0
2019-03-28,13,0,119,60.0,60.0,0.0,6934.324053,0.0
2019-03-28,13,0,120,35.28,35.28,0.0,4077.382543,0.0
2019-03-28,13,0,123,5.4,5.4,0.0,-2672.161143,0.0
2019-03-28,13,0,125,143.27,143.27,0.0,-70896.393876,0.0
2019-03-28,13,0,126,242.8,242.8,0.0,-120148.282496,0.0
2019-03-28,13,0,127,311.59,311.59,0.0,-154188.646388,0.0
2019-03-28,13,0,128,202.25,202.25,0.0,-100082.331692,0.0
2019-03-28,13,0,131,30.0,30.0,0.0,-10246.626748,0.0
2019-03-28,13,0,132,44.1,44.1,0.0,-15062.541319,0.0
2019-03-28,13,0,133,41.94,41.94,0.0,397.494177,0.0
2019-03-28,13,0,134,0.0,0.0,0.0,0.0,0.0
2019-03-28,13,0,135,56.2,56.2,0.0,532.645988,0.0
2019-03-28,13,0,136,45.9,45.9,0.0,356.255047,0.0
2019-03-28,13,0,139,44.94,44.94,0.0,-5655.734241,0.0
2019-03-28,13,0,140,250.6,250.6,0.0,-250600.0,0.0
2019-03-28,13,0,141,176.59,176.59,0.0,-94344.910047,0.0
2019-03-28,13,0,142,570.35,570.35,0.0,-304714.986382,0.0
2019-03-28,13,0,143,5.14,5.14,0.0,-5140.0,0.0
2019-03-28,13,0,145,100.0,100.0,0.0,-14244.447889,0.0
2019-03-28,13,0,146,121.17,121.17,0.0,-121170.0,0.0
2019-03-28,13,0,152,10.85,10.85,0.0,-358.382301,0.0
2019-03-28,13,0,153,13.59,13.59,0.0,-474.888723,0.0
2019-03-28,13,0,154,96.16,96.16,0.0,-12101.811407,0.0
2019-03-28,13,0,157,169.18,169.18,0.0,-90386.046105,0.0
2019-03-28,13,0,158,459.2,459.2,0.0,-245332.027258,0.0
2019-03-28,13,0,159,0.0,0.0,0.0,-0.0,0.0
2019-03-28,13,0,160,3.55,3.55,0.0,-78.294463,0.0
2019-03-28,13,0,161,80.32,80.32,0.0,-30696.064517,0.0
2019-03-28,13,0,162,162.5,162.5,0.0,3302.895387,0.0
2019-03-28,13,0,163,104.55,104.55,0.0,-104550.0,0.0
2019-03-28,13,0,164,24.11,24.11,0.0,-24110.0,0.0
2019-03-28,13,0,167,8.41,8.41,0.0,137.372046,0.0
2019-03-28,13,0,168,4.2,4.2,0.0,68.604351,0.0
2019-03-28,13,0,169,0.0,0.0,0.0,0.0,0.0
2019-03-28,13,0,170,9.19,9.19,0.0,150.112854,0.0
2019-03-28,13,0,172,11.01,11.01,0.0,96.537769,0.0
2019-03-28,13,0,173,16.77,16.77,0.0,147.042542,0.0
2019-03-28,13,0,188,14.53,14.53,0.0,286.320175,0.0
2019-03-28,13,0,190,12.17,12.17,0.0,394.64337,0.0
2019-03-28,13,0,191,31.45,31.45,0.0,1019.846671,0.0
2019-03-28,13,0,192,332.6,332.6,0.0,10785.405497,0.0
2019-03-28,13,0,194,52.95,52.95,0.0,-6448.062109,0.0
2019-03-28,13,0,196,8.6,8.6,0.0,2362.531674,0.0
2019-03-28,13,0,198,15.32,15.32,0.0,172.297282,0.0
2019-03-28,13,0,199,73.53,73.53,0.0,-11189.255885,0.0
2019-03-28,13,0,200,26.79,26.79,0.0,-4076.705633,0.0
2019-03-28,13,0,204,257.1,257.1,0.0,-22250.485443,0.0
2019-03-28,13,0,205,317.4,317.4,0.0,-25979.895749,0.0
2019-03-28,13,0,206,539.94,539.94,0.0,-76181.147442,0.0
2019-03-28,13,0,210,3.42,3.42,0.0,6.881337,0.0
2019-03-28,13,0,214,18.99,18.99,0.0,1298.380063,0.0
2019-03-28,13,0,217,12.95,12.95,0.0,597.829368,0.0
2019-03-28,13,0,218,17.88,17.88,0.0,825.420008,0.0
2019-03-28,13,0,219,12.18,12.18,0.0,562.282757,0.0
2019-03-28,13,0,221,10.13,10.13,0.0,692.60611,0.0
2019-03-28,13,0,225,10.04,10.04,0.0,36.445294,0.0
2019-03-28,13,0,233,10.76,10.76,0.0,499.54223,0.0
2019-03-28,13,0,236,319.85,319.85,0.0,-3548.224426,0.0
2019-03-28,13,0,237,522.0,522.0,0.0,-17859.958862,0.0
2019-03-28,13,0,238,117.42,117.42,0.0,152.342238,0.0
2019-03-28,13,0,240,16.59,16.59,0.0,-838.490844,0.0
2019-03-28,13,0,245,78.0,78.0,0.0,1156.648041,0.0
2019-03-28,13,0,247,171.72,171.72,0.0,2546.405148,0.0
2019-03-28,13,0,248,52.4,52.4,0.0,-1792.838782,0.0
2019-03-28,13,0,249,150.0,150.0,0.0,2224.323155,0.0
2019-03-28,13,0,251,326.4,326.4,0.0,1759.800119,0.0
2019-03-28,13,0,252,267.06,267.06,0.0,2094.694471,0.0
2019-03-28,13,0,254,25.24,25.24,0.0,-986.171702,0.0
2019-03-28,13,0,255,11.57,11.57,0.0,-452.060483,0.0
2019-03-28,13,0,258,20.31,20.31,0.0,-1007.581593,0.0
2019-03-28,13,0,260,8.62,8.62,0.0,-190.11219,0.0
2019-03-28,13,0,265,99.56,99.56,0.0,-12529.704073,0.0
2019-03-28,13,0,266,29.1,29.1,0.0,-3662.25782,0.0
2019-03-28,13,0,267,35.76,35.76,0.0,-4500.424042,0.0
2019-03-28,13,0,270,325.32,325.32,0.0,-325320.0,0.0
2019-03-28,13,0,272,150.39,150.39,0.0,-36299.044841,0.0
2019-03-28,13,0,273,37.25,37.25,0.0,-37250.0,0.0
2019-03-28,13,0,274,419.18,419.18,0.0,-419180.0,0.0
2019-03-28,13,0,275,583.24,583.24,0.0,-583240.0,0.0
2019-03-28,13,0,276,8.52,8.52,0.0,-7634.005275,0.0
2019-03-28,13,0,277,10.79,10.79,0.0,-2633.93035,0.0
2019-03-28,13,0,278,17.27,17.27,0.0,-4215.75321,0.0
2019-03-28,13,0,279,378.16,378.16,0.0,-92312.057552,0.0
2019-03-28,13,0,281,6.54,6.54,0.0,-6540.0,0.0
2019-03-28,13,0,282,415.79,415.79,0.0,-415790.0,0.0
2019-03-28,14,0,9,4.16,4.16,0.0,-2052.574722,0.0
2019-03-28,14,0,17,68.17,68.17,0.0,1138.326559,0.0
2019-03-28,14,0,19,192.99,192.99,0.0,3222.614678,0.0
2019-03-28,14,0,20,234.06,234.06,0.0,3908.415936,0.0
2019-03-28,14,0,21,95.14,95.14,0.0,-46942.778618,0.0
2019-03-28,14,0,22,338.13,338.13,0.0,-166835.839122,0.0
2019-03-28,14,0,23,35.41,35.41,0.0,-17471.555506,0.0
2019-03-28,14,0,24,60.9,60.9,0.0,-30048.509752,0.0
2019-03-28,14,0,29,11.35,11.35,0.0,31.973415,0.0
2019-03-28,14,0,30,800.11,800.11,0.0,-800110.0,0.0
2019-03-28,14,0,31,10.12,10.12,0.0,-10120.0,0.0
2019-03-28,14,0,32,7.07,7.07,0.0,283.408695,0.0
2019-03-28,14,0,33,3.8,3.8,0.0,210.541625,0.0
2019-03-28,14,0,34,6.08,6.08,0.0,336.8666,0.0
2019-03-28,14,0,35,6.08,6.08,0.0,336.8666,0.0
2019-03-28,14,0,36,15.08,15.08,0.0,-701.343157,0.0
2019-03-28,14,0,37,7.11,7.11,0.0,-339.89107,0.0
2019-03-28,14,0,38,9.14,9.14,0.0,-436.934512,0.0
2019-03-28,14,0,39,6.09,6.09,0.0,-291.130326,0.0
2019-03-28,14,0,40,6.09,6.09,0.0,-291.130326,0.0
2019-03-28,14,0,41,34.8,34.8,0.0,-4260.816484,0.0
2019-03-28,14,0,42,92.85,92.85,0.0,771.39373,0.0
2019-03-28,14,0,43,46.0,46.0,0.0,-1897.747072,0.0
2019-03-28,14,0,46,38.88,38.88,0.0,-2347.808545,0.0
2019-03-28,14,0,52,10.72,10.72,0.0,-10720.0,0.0
2019-03-28,14,0,53,17.04,17.04,0.0,-17040.0,0.0
2019-03-28,14,0,55,128.15,128.15,0.0,-63230.1564,0.0
2019-03-28,14,0,56,236.0,236.0,0.0,-236000.0,0.0
2019-03-28,14,0,57,224.49,224.49,0.0,-224490.0,0.0
2019-03-28,14,0,58,431.71,431.71,0.0,-431710.0,0.0
2019-03-28,14,0,59,424.52,424.52,0.0,-424520.0,0.0
2019-03-28,14,0,63,51.0,51.0,0.0,5898.486054,0.0
2019-03-28,14,0,64,60.0,60.0,0.0,6939.395358,0.0
2019-03-28,14,0,65,41.4,41.4,0.0,626.784996,0.0
2019-03-28,14,0,67,435.29,435.29,0.0,-232384.0655,0.0
2019-03-28,14,0,68,19.16,19.16,0.0,-7312.268751,0.0
2019-03-28,14,0,69,3.8,3.8,0.0,210.541625,0.0
2019-03-28,14,0,74,217.6,217.6,0.0,-6232.153938,0.0
2019-03-28,14,0,77,60.0,60.0,0.0,-14847.291062,0.0
2019-03-28,14,0,78,45.36,45.36,0.0,-11224.552043,0.0
2019-03-28,14,0,79,26.25,26.25,0.0,-6495.689839,0.0
2019-03-28,14,0,80,42.45,42.45,0.0,-10504.458426,0.0
2019-03-28,14,0,81,55.5,55.5,0.0,-13733.744232,0.0
2019-03-28,14,0,82,39.15,39.15,0.0,-9687.857418,0.0
2019-03-28,14,0,83,87.3,87.3,0.0,-21602.808495,0.0
2019-03-28,14,0,84,0.0,0.0,0.0,-0.0,0.0
2019-03-28,14,0,86,19.26,19.26,0.0,1067.113606,0.0
2019-03-28,14,0,87,98.3,98.3,0.0,5446.379413,0.0
2019-03-28,14,0,88,51.18,51.18,0.0,-12664.739276,0.0
2019-03-28,14,0,89,49.2,49.2,0.0,-12174.778671,0.0
2019-03-28,14,0,90,66.06,66.06,0.0,-16346.867459,0.0
2019-03-28,14,0,91,235.65,235.65,0.0,-58312.735645,0.0
2019-03-28,14,0,92,84.75,84.75,0.0,-20971.798625,0.0
2019-03-28,14,0,95,120.0,120.0,0.0,2333.493576,0.0
2019-03-28,14,0,96,31.39,31.39,0.0,-4353.434488,0.0
2019-03-28,14,0,97,210.51,210.51,0.0,-29195.33272,0.0
2019-03-28,14,0,99,42.0,42.0,0.0,-1202.897359,0.0
2019-03-28,14,0,101,16.12,16.12,0.0,-16120.0,0.0
2019-03-28,14,0,102,45.25,45.25,0.0,-17269.319466,0.0
2019-03-28,14,0,103,39.36,39.36,0.0,-15021.445617,0.0
2019-03-28,14,0,104,7.37,7.37,0.0,-2812.704629,0.0
2019-03-28,14,0,106,332.86,332.86,0.0,-164235.582203,0.0
2019-03-28,14,0,109,60.0,60.0,0.0,-4686.608047,0.0
2019-03-28,14,0,110,338.6,338.6,0.0,-338600.0,0.0
2019-03-28,14,0,111,24.18,24.18,0.0,-2960.532833,0.0
2019-03-28,14,0,113,45.0,45.0,0.0,-10843.200291,0.0
2019-03-28,14,0,115,45.0,45.0,0.0,-10843.200291,0.0
2019-03-28,14,0,116,161.0,161.0,0.0,-161000.0,0.0
2019-03-28,14,0,117,3.0,3.0,0.0,-722.880019,0.0
2019-03-28,14,0,119,60.0,60.0,0.0,6939.395358,0.0
2019-03-28,14,0,120,35.28,35.28,0.0,4080.364471,0.0
2019-03-28,14,0,123,5.55,5.55,0.0,-2738.410987,0.0
2019-03-28,14,0,125,55.51,55.51,0.0,-27389.043947,0.0
2019-03-28,14,0,126,249.65,249.65,0.0,-123179.153689,0.0
2019-03-28,14,0,127,320.38,320.38,0.0,-158077.858037,0.0
2019-03-28,14,0,128,77.04,77.04,0.0,-38012.104948,0.0
2019-03-28,14,0,131,30.0,30.0,0.0,-10229.691062,0.0
2019-03-28,14,0,132,44.1,44.1,0.0,-15037.64586,0.0
2019-03-28,14,0,133,41.94,41.94,0.0,706.487519,0.0
2019-03-28,14,0,134,0.0,0.0,0.0,0.0,0.0
2019-03-28,14,0,135,56.2,56.2,0.0,946.700014,0.0
2019-03-28,14,0,136,45.9,45.9,0.0,690.986372,0.0
2019-03-28,14,0,139,44.94,44.94,0.0,-5502.330253,0.0
2019-03-28,14,0,140,250.6,250.6,0.0,-250600.0,0.0
2019-03-28,14,0,141,112.3,112.3,0.0,-59952.515692,0.0
2019-03-28,14,0,142,574.04,574.04,0.0,-306457.18707,0.0
2019-03-28,14,0,143,0.0,0.0,0.0,-0.0,0.0
2019-03-28,14,0,145,56.12,56.12,0.0,-7834.190383,0.0
2019-03-28,14,0,146,104.52,104.52,0.0,-104520.0,0.0
2019-03-28,14,0,152,11.09,11.09,0.0,-305.94613,0.0
2019-03-28,14,0,153,13.82,13.82,0.0,-408.919401,0.0
2019-03-28,14,0,154,99.76,99.76,0.0,-12214.340589,0.0
2019-03-28,14,0,157,161.55,161.55,0.0,-86245.137222,0.0
2019-03-28,14,0,158,470.99,470.99,0.0,-251442.879482,0.0
2019-03-28,14,0,159,0.0,0.0,0.0,-0.0,0.0
2019-03-28,14,0,160,3.64,3.64,0.0,-70.113258,0.0
2019-03-28,14,0,161,81.78,81.78,0.0,-31210.717037,0.0
2019-03-28,14,0,162,162.5,162.5,0.0,3303.245206,0.0
2019-03-28,14,0,163,130.61,130.61,0.0,-130610.0,0.0
2019-03-28,14,0,164,24.42,24.42,0.0,-24420.0,0.0
2019-03-28,14,0,167,8.26,8.26,0.0,134.916596,0.0
2019-03-28,14,0,168,4.13,4.13,0.0,67.458298,0.0
2019-03-28,14,0,169,0.0,0.0,0.0,0.0,0.0
2019-03-28,14,0,170,9.03,9.03,0.0,147.493566,0.0
2019-03-28,14,0,172,10.85,10.85,0.0,96.448318,0.0
2019-03-28,14,0,173,16.54,16.54,0.0,147.028127,0.0
2019-03-28,14,0,188,14.51,14.51,0.0,284.89997,0.0
2019-03-28,14,0,190,12.63,12.63,0.0,409.560046,0.0
2019-03-28,14,0,191,32.62,32.62,0.0,1057.786913,0.0
2019-03-28,14,0,192,332.6,332.6,0.0,10785.405497,0.0
2019-03-28,14,0,194,52.95,52.95,0.0,-6438.487572,0.0
2019-03-28,14,0,196,8.81,8.81,0.0,2422.019086,0.0
2019-03-28,14,0,198,15.7,15.7,0.0,183.548396,0.0
2019-03-28,14,0,199,130.0,130.0,0.0,-19944.80097,0.0
2019-03-28,14,0,200,27.01,27.01,0.0,-4143.915955,0.0
2019-03-28,14,0,204,257.1,257.1,0.0,-21326.409166,0.0
2019-03-28,14,0,205,317.4,317.4,0.0,-24792.156569,0.0
2019-03-28,14,0,206,745.19,745.19,0.0,-103349.342025,0.0
2019-03-28,14,0,210,3.39,3.39,0.0,-9.527872,0.0
2019-03-28,14,0,214,19.15,19.15,0.0,1499.7009,0.0
2019-03-28,14,0,217,12.76,12.76,0.0,669.459347,0.0
2019-03-28,14,0,218,17.61,17.61,0.0,923.916857,0.0
2019-03-28,14,0,219,11.99,11.99,0.0,629.060938,0.0
2019-03-28,14,0,221,10.21,10.21,0.0,799.579435,0.0
2019-03-28,14,0,225,10.14,10.14,0.0,34.075647,0.0
2019-03-28,14,0,233,10.89,10.89,0.0,603.367974,0.0
2019-03-28,14,0,236,159.05,159.05,0.0,-738.151364,0.0
2019-03-28,14,0,237,522.0,522.0,0.0,-14950.295752,0.0
2019-03-28,14,0,238,120.85,120.85,0.0,1004.016503,0.0
2019-03-28,14,0,240,17.09,17.09,0.0,-794.824573,0.0
2019-03-28,14,0,245,78.0,78.0,0.0,1749.527536,0.0
2019-03-28,14,0,247,171.72,171.72,0.0,3851.652161,0.0
2019-03-28,14,0,248,52.4,52.4,0.0,-1500.757658,0.0
2019-03-28,14,0,249,150.0,150.0,0.0,3364.476032,0.0
2019-03-28,14,0,251,326.4,326.4,0.0,4106.355183,0.0
2019-03-28,14,0,252,267.06,267.06,0.0,4043.217419,0.0
2019-03-28,14,0,254,25.14,25.14,0.0,-898.413755,0.0
2019-03-28,14,0,255,11.52,11.52,0.0,-411.68363,0.0
2019-03-28,14,0,258,21.02,21.02,0.0,-959.768944,0.0
2019-03-28,14,0,260,8.85,8.85,0.0,-170.467675,0.0
2019-03-28,14,0,265,103.28,103.28,0.0,-12645.319728,0.0
2019-03-28,14,0,266,29.1,29.1,0.0,-3562.924129,0.0
2019-03-28,14,0,267,35.76,35.76,0.0,-4378.35625,0.0
2019-03-28,14,0,270,454.05,454.05,0.0,-454050.0,0.0
2019-03-28,14,0,272,150.39,150.39,0.0,-36237.975373,0.0
2019-03-28,14,0,273,38.5,38.5,0.0,-38500.0,0.0
2019-03-28,14,0,274,605.65,605.65,0.0,-605650.0,0.0
2019-03-28,14,0,275,880.86,880.86,0.0,-880860.0,0.0
2019-03-28,14,0,276,8.72,8.72,0.0,-7812.429832,0.0
2019-03-28,14,0,277,11.05,11.05,0.0,-2691.381034,0.0
2019-03-28,14,0,278,17.68,17.68,0.0,-4306.209654,0.0
2019-03-28,14,0,279,264.6,264.6,0.0,-64447.006475,0.0
2019-03-28,14,0,281,4.54,4.54,0.0,-4540.0,0.0
2019-03-28,14,0,282,438.91,438.91,0.0,-438910.0,0.0
2019-03-28,15,0,9,3.96,3.96,0.0,-49.721554,0.0
2019-03-28,15,0,17,66.1,66.1,0.0,518.389123,0.0
2019-03-28,15,0,19,192.99,192.99,0.0,1513.523705,0.0
2019-03-28,15,0,20,234.06,234.06,0.0,1835.615101,0.0
2019-03-28,15,0,21,90.65,90.65,0.0,-1138.196691,0.0
2019-03-28,15,0,22,322.15,322.15,0.0,-4044.898664,0.0
2019-03-28,15,0,23,18.0,18.0,0.0,-226.007065,0.0
2019-03-28,15,0,24,31.85,31.85,0.0,-399.906945,0.0
2019-03-28,15,0,29,10.4,10.4,0.0,37.348901,0.0
2019-03-28,15,0,30,770.87,770.87,0.0,-9772.815557,0.0
2019-03-28,15,0,31,6.8,6.8,0.0,-86.20798,0.0
2019-03-28,15,0,32,6.64,6.64,0.0,273.287807,0.0
2019-03-28,15,0,33,3.74,3.74,0.0,44.254062,0.0
2019-03-28,15,0,34,5.98,5.98,0.0,70.759169,0.0
2019-03-28,15,0,35,5.98,5.98,0.0,70.759169,0.0
2019-03-28,15,0,36,14.5,14.5,0.0,19.027663,0.0
2019-03-28,15,0,37,6.87,6.87,0.0,8.06342,0.0
2019-03-28,15,0,38,8.83,8.83,0.0,10.363901,0.0
2019-03-28,15,0,39,5.89,5.89,0.0,6.91318,0.0
2019-03-28,15,0,40,5.89,5.89,0.0,6.91318,0.0
2019-03-28,15,0,41,58.96,58.96,0.0,-361.033783,0.0
2019-03-28,15,0,42,89.12,89.12,0.0,621.841559,0.0
2019-03-28,15,0,43,43.3,43.3,0.0,81.685366,0.0
2019-03-28,15,0,46,37.22,37.22,0.0,-6.877297,0.0
2019-03-28,15,0,52,7.21,7.21,0.0,-91.405814,0.0
2019-03-28,15,0,53,11.45,11.45,0.0,-145.159026,0.0
2019-03-28,15,0,55,80.5,80.5,0.0,-1010.753818,0.0
2019-03-28,15,0,56,227.38,227.38,0.0,-2882.64273,0.0
2019-03-28,15,0,57,216.29,216.29,0.0,-2742.047656,0.0
2019-03-28,15,0,58,415.94,415.94,0.0,-5273.139314,0.0
2019-03-28,15,0,59,409.0,409.0,0.0,-5185.156463,0.0
2019-03-28,15,0,63,51.0,51.0,0.0,5691.825606,0.0
2019-03-28,15,0,64,60.0,60.0,0.0,6696.265419,0.0
2019-03-28,15,0,65,41.4,41.4,0.0,318.027696,0.0
2019-03-28,15,0,67,409.41,409.41,0.0,-227154.77578,0.0
2019-03-28,15,0,68,34.0,34.0,0.0,-13921.83185,0.0
2019-03-28,15,0,69,3.74,3.74,0.0,44.254062,0.0
2019-03-28,15,0,74,217.6,217.6,0.0,694.278601,0.0
2019-03-28,15,0,77,60.0,60.0,0.0,-17259.306549,0.0
2019-03-28,15,0,78,45.36,45.36,0.0,-13048.035751,0.0
2019-03-28,15,0,79,26.25,26.25,0.0,-7550.946615,0.0
2019-03-28,15,0,80,42.45,42.45,0.0,-12210.959384,0.0
2019-03-28,15,0,81,55.5,55.5,0.0,-15964.858558,0.0
2019-03-28,15,0,82,39.15,39.15,0.0,-11261.697524,0.0
2019-03-28,15,0,83,87.3,87.3,0.0,-25112.291029,0.0
2019-03-28,15,0,84,0.0,0.0,0.0,-0.0,0.0
2019-03-28,15,0,86,18.93,18.93,0.0,223.991819,0.0
2019-03-28,15,0,87,96.63,96.63,0.0,1143.387716,0.0
2019-03-28,15,0,88,51.18,51.18,0.0,-14722.188487,0.0
2019-03-28,15,0,89,49.2,49.2,0.0,-14152.631371,0.0
2019-03-28,15,0,90,66.06,66.06,0.0,-19002.496511,0.0
2019-03-28,15,0,91,235.65,235.65,0.0,-67785.926473,0.0
2019-03-28,15,0,92,84.75,84.75,0.0,-24378.770501,0.0
2019-03-28,15,0,95,120.0,120.0,0.0,2333.493576,0.0
2019-03-28,15,0,96,29.88,29.88,0.0,-382.608278,0.0
2019-03-28,15,0,97,183.75,183.75,0.0,-2352.887251,0.0
2019-03-28,15,0,99,42.0,42.0,0.0,134.00598,0.0
2019-03-28,15,0,101,15.53,15.53,0.0,-196.883814,0.0
2019-03-28,15,0,102,80.5,80.5,0.0,-32961.984232,0.0
2019-03-28,15,0,103,70.0,70.0,0.0,-28662.594984,0.0
2019-03-28,15,0,104,13.0,13.0,0.0,-5323.053354,0.0
2019-03-28,15,0,106,317.13,317.13,0.0,-3981.867805,0.0
2019-03-28,15,0,109,60.0,60.0,0.0,-126.328205,0.0
2019-03-28,15,0,110,338.6,338.6,0.0,-338600.0,0.0
2019-03-28,15,0,111,23.53,23.53,0.0,-144.082851,0.0
2019-03-28,15,0,113,45.0,45.0,0.0,-11728.493162,0.0
2019-03-28,15,0,115,45.0,45.0,0.0,-11728.493162,0.0
2019-03-28,15,0,116,153.73,153.73,0.0,-153730.0,0.0
2019-03-28,15,0,117,3.0,3.0,0.0,-781.899544,0.0
2019-03-28,15,0,119,60.0,60.0,0.0,6696.265419,0.0
2019-03-28,15,0,120,35.28,35.28,0.0,3937.404066,0.0
2019-03-28,15,0,123,5.29,5.29,0.0,-66.420965,0.0
2019-03-28,15,0,125,28.82,28.82,0.0,-361.862423,0.0
2019-03-28,15,0,126,237.84,237.84,0.0,-2986.306684,0.0
2019-03-28,15,0,127,305.23,305.23,0.0,-3832.452023,0.0
2019-03-28,15,0,128,41.28,41.28,0.0,-518.309536,0.0
2019-03-28,15,0,131,73.62,73.62,0.0,-27286.672086,0.0
2019-03-28,15,0,132,108.35,108.35,0.0,-40159.072542,0.0
2019-03-28,15,0,133,41.94,41.94,0.0,329.549238,0.0
2019-03-28,15,0,134,0.0,0.0,0.0,0.0,0.0
2019-03-28,15,0,135,56.2,56.2,0.0,441.599121,0.0
2019-03-28,15,0,136,45.9,45.9,0.0,352.191065,0.0
2019-03-28,15,0,139,76.67,76.67,0.0,-469.478631,0.0
2019-03-28,15,0,140,250.6,250.6,0.0,-250600.0,0.0
2019-03-28,15,0,141,66.04,66.04,0.0,-36641.26766,0.0
2019-03-28,15,0,142,539.91,539.91,0.0,-299560.672654,0.0
2019-03-28,15,0,143,0.0,0.0,0.0,-0.0,0.0
2019-03-28,15,0,145,30.0,30.0,0.0,-262.549878,0.0
2019-03-28,15,0,146,89.44,89.44,0.0,-89440.0,0.0
2019-03-28,15,0,152,10.75,10.75,0.0,35.086598,0.0
2019-03-28,15,0,153,13.34,13.34,0.0,40.776108,0.0
2019-03-28,15,0,154,97.07,97.07,0.0,-594.39534,0.0
2019-03-28,15,0,157,155.64,155.64,0.0,-86354.435169,0.0
2019-03-28,15,0,158,451.43,451.43,0.0,-250468.919739,0.0
2019-03-28,15,0,159,0.0,0.0,0.0,0.0,0.0
2019-03-28,15,0,160,3.47,3.47,0.0,14.834872,0.0
2019-03-28,15,0,161,77.76,77.76,0.0,-31840.048371,0.0
2019-03-28,15,0,162,162.5,162.5,0.0,3290.300647,0.0
2019-03-28,15,0,163,142.89,142.89,0.0,-142890.0,0.0
2019-03-28,15,0,164,23.86,23.86,0.0,-302.48859,0.0
2019-03-28,15,0,167,7.58,7.58,0.0,124.313716,0.0
2019-03-28,15,0,168,3.79,3.79,0.0,62.156858,0.0
2019-03-28,15,0,169,0.0,0.0,0.0,0.0,0.0
2019-03-28,15,0,170,8.29,8.29,0.0,135.957877,0.0
2019-03-28,15,0,172,10.13,10.13,0.0,119.903055,0.0
2019-03-28,15,0,173,15.44,15.44,0.0,182.754508,0.0
2019-03-28,15,0,188,13.7,13.7,0.0,300.157229,0.0
2019-03-28,15,0,190,12.11,12.11,0.0,392.697717,0.0
2019-03-28,15,0,191,31.29,31.29,0.0,1014.658262,0.0
2019-03-28,15,0,192,332.6,332.6,0.0,10785.405497,0.0
2019-03-28,15,0,194,52.95,52.95,0.0,-6736.03402,0.0
2019-03-28,15,0,196,8.3,8.3,0.0,2200.973139,0.0
2019-03-28,15,0,198,15.02,15.02,0.0,116.023125,0.0
2019-03-28,15,0,199,130.0,130.0,0.0,-3633.496207,0.0
2019-03-28,15,0,200,25.6,25.6,0.0,-715.519253,0.0
2019-03-28,15,0,204,257.1,257.1,0.0,-675.596358,0.0
2019-03-28,15,0,205,317.4,317.4,0.0,-668.276206,0.0
2019-03-28,15,0,206,539.94,539.94,0.0,-6913.839143,0.0
2019-03-28,15,0,210,3.22,3.22,0.0,14.827722,0.0
2019-03-28,15,0,214,18.15,18.15,0.0,257.636704,0.0
2019-03-28,15,0,217,12.04,12.04,0.0,121.543529,0.0
2019-03-28,15,0,218,16.61,16.61,0.0,167.677577,0.0
2019-03-28,15,0,219,11.32,11.32,0.0,114.275146,0.0
2019-03-28,15,0,221,9.68,9.68,0.0,137.406242,0.0
2019-03-28,15,0,225,9.37,9.37,0.0,32.732689,0.0
2019-03-28,15,0,233,10.71,10.71,0.0,126.727543,0.0
2019-03-28,15,0,236,179.56,179.56,0.0,1012.604635,0.0
2019-03-28,15,0,237,522.0,522.0,0.0,1665.502893,0.0
2019-03-28,15,0,238,115.99,115.99,0.0,809.329022,0.0
2019-03-28,15,0,240,16.44,16.44,0.0,21.573433,0.0
2019-03-28,15,0,245,78.0,78.0,0.0,657.799554,0.0
2019-03-28,15,0,247,171.72,171.72,0.0,1448.171019,0.0
2019-03-28,15,0,248,52.4,52.4,0.0,167.188413,0.0
2019-03-28,15,0,249,150.0,150.0,0.0,1264.999143,0.0
2019-03-28,15,0,251,326.4,326.4,0.0,2421.246782,0.0
2019-03-28,15,0,252,267.06,267.06,0.0,2051.509094,0.0
2019-03-28,15,0,254,24.09,24.09,0.0,59.885397,0.0
2019-03-28,15,0,255,11.04,11.04,0.0,27.444366,0.0
2019-03-28,15,0,258,20.11,20.11,0.0,28.254508,0.0
2019-03-28,15,0,260,8.42,8.42,0.0,35.997008,0.0
2019-03-28,15,0,265,100.5,100.5,0.0,-615.398493,0.0
2019-03-28,15,0,266,49.03,49.03,0.0,-300.228737,0.0
2019-03-28,15,0,267,60.63,60.63,0.0,-371.259807,0.0
2019-03-28,15,0,270,466.38,466.38,0.0,-466380.0,0.0
2019-03-28,15,0,272,150.39,150.39,0.0,-39196.624147,0.0
2019-03-28,15,0,273,36.76,36.76,0.0,-36760.0,0.0
2019-03-28,15,0,274,614.3,614.3,0.0,-614300.0,0.0
2019-03-28,15,0,275,881.73,881.73,0.0,-881730.0,0.0
2019-03-28,15,0,276,8.42,8.42,0.0,-7583.085101,0.0
2019-03-28,15,0,277,10.59,10.59,0.0,-2874.832441,0.0
2019-03-28,15,0,278,16.95,16.95,0.0,-4601.360706,0.0
2019-03-28,15,0,279,264.6,264.6,0.0,-71830.091014,0.0
2019-03-28,15,0,281,3.05,3.05,0.0,-38.666815,0.0
2019-03-28,15,0,282,422.87,422.87,0.0,-5360.995388,0.0
2019-03-28,16,0,9,3.65,3.65,0.0,-72.460378,0.0
2019-03-28,16,0,17,56.42,56.42,0.0,338.256927,0.0
2019-03-28,16,0,19,332.0,332.0,0.0,1990.451962,0.0
2019-03-28,16,0,20,419.03,419.03,0.0,2512.226161,0.0
2019-03-28,16,0,21,83.44,83.44,0.0,-1656.464104,0.0
2019-03-28,16,0,22,296.53,296.53,0.0,-5886.760557,0.0
2019-03-28,16,0,23,11.28,11.28,0.0,-223.932348,0.0
2019-03-28,16,0,24,19.97,19.97,0.0,-396.447605,0.0
2019-03-28,16,0,29,8.77,8.77,0.0,44.212117,0.0
2019-03-28,16,0,30,589.44,589.44,0.0,-11794.494201,0.0
2019-03-28,16,0,31,4.45,4.45,0.0,-89.042989,0.0
2019-03-28,16,0,32,6.13,6.13,0.0,241.5588,0.0
2019-03-28,16,0,33,3.26,3.26,0.0,35.466623,0.0
2019-03-28,16,0,34,5.22,5.22,0.0,56.790115,0.0
2019-03-28,16,0,35,5.22,5.22,0.0,56.790115,0.0
2019-03-28,16,0,36,13.08,13.08,0.0,-23.709549,0.0
2019-03-28,16,0,37,6.18,6.18,0.0,-12.065496,0.0
2019-03-28,16,0,38,7.95,7.95,0.0,-15.521148,0.0
2019-03-28,16,0,39,5.3,5.3,0.0,-10.347432,0.0
2019-03-28,16,0,40,5.3,5.3,0.0,-10.347432,0.0
2019-03-28,16,0,41,82.36,82.36,0.0,-952.896102,0.0
2019-03-28,16,0,42,78.07,78.07,0.0,385.404915,0.0
2019-03-28,16,0,43,40.09,40.09,0.0,-36.309158,0.0
2019-03-28,16,0,46,33.45,33.45,0.0,-123.058184,0.0
2019-03-28,16,0,52,4.71,4.71,0.0,-94.2455,0.0
2019-03-28,16,0,53,7.49,7.49,0.0,-149.872356,0.0
2019-03-28,16,0,55,48.06,48.06,0.0,-954.094737,0.0
2019-03-28,16,0,56,173.86,173.86,0.0,-3478.87955,0.0
2019-03-28,16,0,57,165.38,165.38,0.0,-3309.19763,0.0
2019-03-28,16,0,58,318.04,318.04,0.0,-6363.87238,0.0
2019-03-28,16,0,59,312.74,312.74,0.0,-6257.82118,0.0
2019-03-28,16,0,63,51.0,51.0,0.0,5717.12971,0.0
2019-03-28,16,0,64,60.0,60.0,0.0,6726.034953,0.0
2019-03-28,16,0,65,41.4,41.4,0.0,240.065142,0.0
2019-03-28,16,0,67,368.54,368.54,0.0,-204131.933757,0.0
2019-03-28,16,0,68,28.81,28.81,0.0,-11760.746102,0.0
2019-03-28,16,0,69,3.26,3.26,0.0,35.466623,0.0
2019-03-28,16,0,74,134.72,134.72,0.0,36.921094,0.0
2019-03-28,16,0,77,60.0,60.0,0.0,-17155.195114,0.0
2019-03-28,16,0,78,45.36,45.36,0.0,-12969.327506,0.0
2019-03-28,16,0,79,26.25,26.25,0.0,-7505.397862,0.0
2019-03-28,16,0,80,42.45,42.45,0.0,-12137.300543,0.0
2019-03-28,16,0,81,55.5,55.5,0.0,-15868.55548,0.0
2019-03-28,16,0,82,39.15,39.15,0.0,-11193.764812,0.0
2019-03-28,16,0,83,87.3,87.3,0.0,-24960.808891,0.0
2019-03-28,16,0,84,0.0,0.0,0.0,-0.0,0.0
2019-03-28,16,0,86,16.54,16.54,0.0,179.944156,0.0
2019-03-28,16,0,87,84.43,84.43,0.0,918.542026,0.0
2019-03-28,16,0,88,51.18,51.18,0.0,-14633.381432,0.0
2019-03-28,16,0,89,49.2,49.2,0.0,-14067.259993,0.0
2019-03-28,16,0,90,66.06,66.06,0.0,-18887.86982,0.0
2019-03-28,16,0,91,235.65,235.65,0.0,-67377.02881,0.0
2019-03-28,16,0,92,84.75,84.75,0.0,-24231.713098,0.0
2019-03-28,16,0,95,120.0,120.0,0.0,3049.643213,0.0
2019-03-28,16,0,96,29.88,29.88,0.0,-602.807047,0.0
2019-03-28,16,0,97,183.75,183.75,0.0,-3707.02125,0.0
2019-03-28,16,0,99,29.54,29.54,0.0,8.095673,0.0
2019-03-28,16,0,101,11.87,11.87,0.0,-237.514668,0.0
2019-03-28,16,0,102,68.21,68.21,0.0,-27844.515502,0.0
2019-03-28,16,0,103,59.31,59.31,0.0,-24211.379774,0.0
2019-03-28,16,0,104,11.01,11.01,0.0,-4494.474647,0.0
2019-03-28,16,0,106,291.91,291.91,0.0,-5795.043585,0.0
2019-03-28,16,0,109,60.0,60.0,0.0,-377.590043,0.0
2019-03-28,16,0,110,338.6,338.6,0.0,-338600.0,0.0
2019-03-28,16,0,111,21.16,21.16,0.0,-244.818862,0.0
2019-03-28,16,0,113,45.0,45.0,0.0,-11681.770238,0.0
2019-03-28,16,0,115,45.0,45.0,0.0,-11681.770238,0.0
2019-03-28,16,0,116,136.88,136.88,0.0,-136880.0,0.0
2019-03-28,16,0,117,3.0,3.0,0.0,-778.784683,0.0
2019-03-28,16,0,119,60.0,60.0,0.0,6726.034953,0.0
2019-03-28,16,0,120,35.28,35.28,0.0,3954.908552,0.0
2019-03-28,16,0,123,4.87,4.87,0.0,-96.680012,0.0
2019-03-28,16,0,125,18.07,18.07,0.0,-358.728504,0.0
2019-03-28,16,0,126,218.93,218.93,0.0,-4346.233058,0.0
2019-03-28,16,0,127,280.97,280.97,0.0,-5577.860971,0.0
2019-03-28,16,0,128,25.88,25.88,0.0,-513.773862,0.0
2019-03-28,16,0,131,24.02,24.02,0.0,-8870.872012,0.0
2019-03-28,16,0,132,35.31,35.31,0.0,-13040.403445,0.0
2019-03-28,16,0,133,50.5,50.5,0.0,303.700224,0.0
2019-03-28,16,0,134,0.0,0.0,0.0,0.0,0.0
2019-03-28,16,0,135,64.2,64.2,0.0,386.090185,0.0
2019-03-28,16,0,136,45.9,45.9,0.0,265.663626,0.0
2019-03-28,16,0,139,107.25,107.25,0.0,-1240.870652,0.0
2019-03-28,16,0,140,250.6,250.6,0.0,-250600.0,0.0
2019-03-28,16,0,141,34.55,34.55,0.0,-19137.022606,0.0
2019-03-28,16,0,142,486.01,486.01,0.0,-269197.810618,0.0
2019-03-28,16,0,143,0.0,0.0,0.0,-0.0,0.0
2019-03-28,16,0,145,30.0,30.0,0.0,-447.505275,0.0
2019-03-28,16,0,146,76.51,76.51,0.0,-76510.0,0.0
2019-03-28,16,0,152,9.54,9.54,0.0,3.890293,0.0
2019-03-28,16,0,153,11.96,11.96,0.0,1.857138,0.0
2019-03-28,16,0,154,87.29,87.29,0.0,-1009.935657,0.0
2019-03-28,16,0,157,150.9,150.9,0.0,-83582.538677,0.0
2019-03-28,16,0,158,406.14,406.14,0.0,-224958.331731,0.0
2019-03-28,16,0,159,0.0,0.0,0.0,0.0,0.0
2019-03-28,16,0,160,3.13,3.13,0.0,7.758225,0.0
2019-03-28,16,0,161,69.49,69.49,0.0,-28367.033899,0.0
2019-03-28,16,0,162,162.5,162.5,0.0,4261.746156,0.0
2019-03-28,16,0,163,146.36,146.36,0.0,-146360.0,0.0
2019-03-28,16,0,164,24.94,24.94,0.0,-499.040929,0.0
2019-03-28,16,0,167,6.71,6.71,0.0,151.893044,0.0
2019-03-28,16,0,168,3.35,3.35,0.0,75.833338,0.0
2019-03-28,16,0,169,0.0,0.0,0.0,0.0,0.0
2019-03-28,16,0,170,7.34,7.34,0.0,166.154239,0.0
2019-03-28,16,0,172,9.04,9.04,0.0,110.052976,0.0
2019-03-28,16,0,173,13.78,13.78,0.0,167.757745,0.0
2019-03-28,16,0,188,12.49,12.49,0.0,273.30087,0.0
2019-03-28,16,0,190,10.71,10.71,0.0,347.299137,0.0
2019-03-28,16,0,191,27.67,27.67,0.0,897.270505,0.0
2019-03-28,16,0,192,332.6,332.6,0.0,10785.405497,0.0
2019-03-28,16,0,194,52.95,52.95,0.0,-6703.375886,0.0
2019-03-28,16,0,196,7.39,7.39,0.0,1964.770638,0.0
2019-03-28,16,0,198,13.45,13.45,0.0,103.838531,0.0
2019-03-28,16,0,199,130.0,130.0,0.0,-3545.252645,0.0
2019-03-28,16,0,200,23.74,23.74,0.0,-647.417675,0.0
2019-03-28,16,0,204,257.1,257.1,0.0,-1786.773655,0.0
2019-03-28,16,0,205,317.4,317.4,0.0,-1997.45133,0.0
2019-03-28,16,0,206,539.94,539.94,0.0,-10892.892808,0.0
2019-03-28,16,0,210,2.82,2.82,0.0,17.270998,0.0
2019-03-28,16,0,214,16.32,16.32,0.0,224.72224,0.0
2019-03-28,16,0,217,10.87,10.87,0.0,114.951353,0.0
2019-03-28,16,0,218,14.99,14.99,0.0,158.520772,0.0
2019-03-28,16,0,219,10.21,10.21,0.0,107.971786,0.0
2019-03-28,16,0,221,8.7,8.7,0.0,119.796782,0.0
2019-03-28,16,0,225,8.03,8.03,0.0,39.641579,0.0
2019-03-28,16,0,233,9.36,9.36,0.0,101.83055,0.0
2019-03-28,16,0,236,159.03,159.03,0.0,525.256321,0.0
2019-03-28,16,0,237,308.11,308.11,0.0,84.440011,0.0
2019-03-28,16,0,238,101.62,101.62,0.0,501.663219,0.0
2019-03-28,16,0,240,14.82,14.82,0.0,-26.863571,0.0
2019-03-28,16,0,245,78.0,78.0,0.0,524.044733,0.0
2019-03-28,16,0,247,171.72,171.72,0.0,1153.704634,0.0
2019-03-28,16,0,248,36.28,36.28,0.0,9.942824,0.0
2019-03-28,16,0,249,150.0,150.0,0.0,1007.778332,0.0
2019-03-28,16,0,251,326.4,326.4,0.0,1787.297236,0.0
2019-03-28,16,0,252,267.06,267.06,0.0,1548.594127,0.0
2019-03-28,16,0,254,21.74,21.74,0.0,-1.226918,0.0
2019-03-28,16,0,255,9.97,9.97,0.0,-0.562667,0.0
2019-03-28,16,0,258,18.22,18.22,0.0,-30.357696,0.0
2019-03-28,16,0,260,7.61,7.61,0.0,18.86265,0.0
2019-03-28,16,0,265,90.37,90.37,0.0,-1045.570917,0.0
2019-03-28,16,0,266,68.38,68.38,0.0,-791.149046,0.0
2019-03-28,16,0,267,84.71,84.71,0.0,-980.085342,0.0
2019-03-28,16,0,270,395.58,395.58,0.0,-395580.0,0.0
2019-03-28,16,0,272,150.39,150.39,0.0,-39040.476135,0.0
2019-03-28,16,0,273,32.73,32.73,0.0,-32730.0,0.0
2019-03-28,16,0,274,493.67,493.67,0.0,-493670.0,0.0
2019-03-28,16,0,275,661.83,661.83,0.0,-661830.0,0.0
2019-03-28,16,0,276,7.54,7.54,0.0,-6788.969622,0.0
2019-03-28,16,0,277,9.41,9.41,0.0,-2542.10229,0.0
2019-03-28,16,0,278,15.05,15.05,0.0,-4065.74277,0.0
2019-03-28,16,0,279,604.22,604.22,0.0,-163229.441636,0.0
2019-03-28,16,0,281,2.0,2.0,0.0,-40.019321,0.0
2019-03-28,16,0,282,323.34,323.34,0.0,-6469.92358,0.0
2019-03-28,17,0,9,2.83,2.83,0.0,2.464015,0.0
2019-03-28,17,0,17,42.24,42.24,0.0,437.915177,0.0
2019-03-28,17,0,19,284.63,284.63,0.0,2950.84746,0.0
2019-03-28,17,0,20,342.76,342.76,0.0,3553.499194,0.0
2019-03-28,17,0,21,64.68,64.68,0.0,56.315373,0.0
2019-03-28,17,0,22,229.88,229.88,0.0,200.151175,0.0
2019-03-28,17,0,23,21.65,21.65,0.0,18.850152,0.0
2019-03-28,17,0,24,38.5,38.5,0.0,33.521056,0.0
2019-03-28,17,0,29,6.41,6.41,0.0,35.075472,0.0
2019-03-28,17,0,30,460.27,460.27,0.0,375.691613,0.0
2019-03-28,17,0,31,10.4,10.4,0.0,8.488915,0.0
2019-03-28,17,0,32,4.65,4.65,0.0,189.396188,0.0
2019-03-28,17,0,33,2.45,2.45,0.0,30.235105,0.0
2019-03-28,17,0,34,3.92,3.92,0.0,48.376168,0.0
2019-03-28,17,0,35,3.92,3.92,0.0,48.376168,0.0
2019-03-28,17,0,36,10.09,10.09,0.0,70.757811,0.0
2019-03-28,17,0,37,4.76,4.76,0.0,32.958288,0.0
2019-03-28,17,0,38,6.13,6.13,0.0,42.444182,0.0
2019-03-28,17,0,39,4.08,4.08,0.0,28.249961,0.0
2019-03-28,17,0,40,4.08,4.08,0.0,28.249961,0.0
2019-03-28,17,0,41,34.8,34.8,0.0,131.436311,0.0
2019-03-28,17,0,42,59.34,59.34,0.0,589.810748,0.0
2019-03-28,17,0,43,31.12,31.12,0.0,222.793875,0.0
2019-03-28,17,0,46,25.72,25.72,0.0,161.907923,0.0
2019-03-28,17,0,52,11.02,11.02,0.0,8.994985,0.0
2019-03-28,17,0,53,17.51,17.51,0.0,14.292394,0.0
2019-03-28,17,0,55,89.81,89.81,0.0,78.19548,0.0
2019-03-28,17,0,56,135.76,135.76,0.0,110.812987,0.0
2019-03-28,17,0,57,129.14,129.14,0.0,105.409466,0.0
2019-03-28,17,0,58,248.35,248.35,0.0,202.713651,0.0
2019-03-28,17,0,59,244.21,244.21,0.0,199.33441,0.0
2019-03-28,17,0,63,95.49,95.49,0.0,10713.734635,0.0
2019-03-28,17,0,64,112.31,112.31,0.0,12600.895768,0.0
2019-03-28,17,0,65,41.4,41.4,0.0,425.916649,0.0
2019-03-28,17,0,67,282.31,282.31,0.0,-157060.42075,0.0
2019-03-28,17,0,68,18.43,18.43,0.0,-7583.266267,0.0
2019-03-28,17,0,69,2.45,2.45,0.0,30.235105,0.0
2019-03-28,17,0,74,104.24,104.24,0.0,842.765395,0.0
2019-03-28,17,0,77,60.0,60.0,0.0,-17429.738529,0.0
2019-03-28,17,0,78,45.36,45.36,0.0,-13176.882328,0.0
2019-03-28,17,0,79,26.25,26.25,0.0,-7625.510607,0.0
2019-03-28,17,0,80,42.45,42.45,0.0,-12331.540009,0.0
2019-03-28,17,0,81,55.5,55.5,0.0,-16122.508139,0.0
2019-03-28,17,0,82,39.15,39.15,0.0,-11372.90439,0.0
2019-03-28,17,0,83,87.3,87.3,0.0,-25360.26956,0.0
2019-03-28,17,0,84,0.0,0.0,0.0,0.0,0.0
2019-03-28,17,0,86,12.4,12.4,0.0,153.026654,0.0
2019-03-28,17,0,87,63.32,63.32,0.0,781.423203,0.0
2019-03-28,17,0,88,51.18,51.18,0.0,-14867.566965,0.0
2019-03-28,17,0,89,49.2,49.2,0.0,-14292.385594,0.0
2019-03-28,17,0,90,66.06,66.06,0.0,-19190.142121,0.0
2019-03-28,17,0,91,235.65,235.65,0.0,-68455.298073,0.0
2019-03-28,17,0,92,84.75,84.75,0.0,-24619.505672,0.0
2019-03-28,17,0,95,120.0,120.0,0.0,3049.643213,0.0
2019-03-28,17,0,96,29.88,29.88,0.0,22.689435,0.0
2019-03-28,17,0,97,183.75,183.75,0.0,139.530912,0.0
2019-03-28,17,0,99,21.2,21.2,0.0,171.398948,0.0
2019-03-28,17,0,101,9.27,9.27,0.0,7.566561,0.0
2019-03-28,17,0,102,43.57,43.57,0.0,-17927.450421,0.0
2019-03-28,17,0,103,37.89,37.89,0.0,-15590.339602,0.0
2019-03-28,17,0,104,7.07,7.07,0.0,-2909.044629,0.0
2019-03-28,17,0,106,226.29,226.29,0.0,197.025446,0.0
2019-03-28,17,0,109,60.0,60.0,0.0,331.347799,0.0
2019-03-28,17,0,110,338.6,338.6,0.0,-338600.0,0.0
2019-03-28,17,0,111,16.63,16.63,0.0,62.809938,0.0
2019-03-28,17,0,113,45.0,45.0,0.0,-11796.737586,0.0
2019-03-28,17,0,115,45.0,45.0,0.0,-11796.737586,0.0
2019-03-28,17,0,116,104.21,104.21,0.0,-104210.0,0.0
2019-03-28,17,0,117,3.0,3.0,0.0,-786.449172,0.0
2019-03-28,17,0,119,112.31,112.31,0.0,12600.895768,0.0
2019-03-28,17,0,120,66.1,66.1,0.0,7416.251538,0.0
2019-03-28,17,0,123,3.77,3.77,0.0,3.282451,0.0
2019-03-28,17,0,125,34.8,34.8,0.0,30.299551,0.0
2019-03-28,17,0,126,169.72,169.72,0.0,147.771261,0.0
2019-03-28,17,0,127,217.81,217.81,0.0,189.642107,0.0
2019-03-28,17,0,128,50.09,50.09,0.0,43.612199,0.0
2019-03-28,17,0,131,27.73,27.73,0.0,-10336.938797,0.0
2019-03-28,17,0,132,40.76,40.76,0.0,-15194.144442,0.0
2019-03-28,17,0,133,111.85,111.85,0.0,1160.421064,0.0
2019-03-28,17,0,134,0.0,0.0,0.0,0.0,0.0
2019-03-28,17,0,135,146.43,146.43,0.0,1519.18155,0.0
2019-03-28,17,0,136,45.9,45.9,0.0,472.011692,0.0
2019-03-28,17,0,139,44.94,44.94,0.0,169.734133,0.0
2019-03-28,17,0,140,250.6,250.6,0.0,-250600.0,0.0
2019-03-28,17,0,141,50.7,50.7,0.0,-28206.451532,0.0
2019-03-28,17,0,142,372.29,372.29,0.0,-207119.917966,0.0
2019-03-28,17,0,143,5.56,5.56,0.0,4.538304,0.0
2019-03-28,17,0,145,30.0,30.0,0.0,76.933309,0.0
2019-03-28,17,0,146,66.41,66.41,0.0,-66410.0,0.0
2019-03-28,17,0,152,7.29,7.29,0.0,58.986257,0.0
2019-03-28,17,0,153,9.16,9.16,0.0,73.171709,0.0
2019-03-28,17,0,154,68.59,68.59,0.0,259.057947,0.0
2019-03-28,17,0,157,153.08,153.08,0.0,-85164.568058,0.0
2019-03-28,17,0,158,327.86,327.86,0.0,-182401.719907,0.0
2019-03-28,17,0,159,0.0,0.0,0.0,0.0,0.0
2019-03-28,17,0,160,2.4,2.4,0.0,19.272757,0.0
2019-03-28,17,0,161,53.02,53.02,0.0,-21815.7774,0.0
2019-03-28,17,0,162,162.5,162.5,0.0,4259.049178,0.0
2019-03-28,17,0,163,185.4,185.4,0.0,-185400.0,0.0
2019-03-28,17,0,164,19.38,19.38,0.0,15.818766,0.0
2019-03-28,17,0,167,5.14,5.14,0.0,116.200638,0.0
2019-03-28,17,0,168,2.57,2.57,0.0,58.100319,0.0
2019-03-28,17,0,169,0.0,0.0,0.0,0.0,0.0
2019-03-28,17,0,170,5.62,5.62,0.0,127.052059,0.0
2019-03-28,17,0,172,6.94,6.94,0.0,102.156612,0.0
2019-03-28,17,0,173,10.58,10.58,0.0,155.737314,0.0
2019-03-28,17,0,188,9.64,9.64,0.0,223.72171,0.0
2019-03-28,17,0,190,8.18,8.18,0.0,265.257417,0.0
2019-03-28,17,0,191,21.14,21.14,0.0,685.518557,0.0
2019-03-28,17,0,192,332.6,332.6,0.0,10785.405497,0.0
2019-03-28,17,0,194,52.95,52.95,0.0,-6770.306633,0.0
2019-03-28,17,0,196,5.64,5.64,0.0,1495.570987,0.0
2019-03-28,17,0,198,10.32,10.32,0.0,93.390293,0.0
2019-03-28,17,0,199,130.0,130.0,0.0,-3644.248791,0.0
2019-03-28,17,0,200,18.12,18.12,0.0,-507.952216,0.0
2019-03-28,17,0,204,257.1,257.1,0.0,1356.400768,0.0
2019-03-28,17,0,205,317.4,317.4,0.0,1752.829858,0.0
2019-03-28,17,0,206,539.94,539.94,0.0,410.004466,0.0
2019-03-28,17,0,210,2.11,2.11,0.0,12.848896,0.0
2019-03-28,17,0,214,12.35,12.35,0.0,166.847199,0.0
2019-03-28,17,0,217,8.13,8.13,0.0,83.588854,0.0
2019-03-28,17,0,218,11.22,11.22,0.0,115.358788,0.0
2019-03-28,17,0,219,7.64,7.64,0.0,78.550903,0.0
2019-03-28,17,0,221,6.59,6.59,0.0,89.030206,0.0
2019-03-28,17,0,225,5.96,5.96,0.0,32.25764,0.0
2019-03-28,17,0,233,7.02,7.02,0.0,86.632831,0.0
2019-03-28,17,0,236,159.03,159.03,0.0,1474.970109,0.0
2019-03-28,17,0,237,257.58,257.58,0.0,2082.497223,0.0
2019-03-28,17,0,238,77.24,77.24,0.0,767.728045,0.0
2019-03-28,17,0,240,11.43,11.43,0.0,80.154785,0.0
2019-03-28,17,0,245,78.0,78.0,0.0,831.443984,0.0
2019-03-28,17,0,247,171.72,171.72,0.0,1830.455909,0.0
2019-03-28,17,0,248,26.21,26.21,0.0,211.904077,0.0
2019-03-28,17,0,249,150.0,150.0,0.0,1598.930738,0.0
2019-03-28,17,0,251,326.4,326.4,0.0,3315.364929,0.0
2019-03-28,17,0,252,267.06,267.06,0.0,2747.471022,0.0
2019-03-28,17,0,254,16.69,16.69,0.0,123.135204,0.0
2019-03-28,17,0,255,7.65,7.65,0.0,56.440043,0.0
2019-03-28,17,0,258,14.11,14.11,0.0,99.282632,0.0
2019-03-28,17,0,260,5.84,5.84,0.0,46.897041,0.0
2019-03-28,17,0,265,71.02,71.02,0.0,268.235828,0.0
2019-03-28,17,0,266,29.1,29.1,0.0,109.90795,0.0
2019-03-28,17,0,267,35.76,35.76,0.0,135.06214,0.0
2019-03-28,17,0,270,578.99,578.99,0.0,-578990.0,0.0
2019-03-28,17,0,272,150.39,150.39,0.0,-39424.697013,0.0
2019-03-28,17,0,273,24.92,24.92,0.0,-24920.0,0.0
2019-03-28,17,0,274,746.39,746.39,0.0,-746390.0,0.0
2019-03-28,17,0,275,1038.99,1038.99,0.0,-1038990.0,0.0
2019-03-28,17,0,276,5.66,5.66,0.0,-5099.321229,0.0
2019-03-28,17,0,277,7.17,7.17,0.0,-1961.095811,0.0
2019-03-28,17,0,278,11.46,11.46,0.0,-3134.471129,0.0
2019-03-28,17,0,279,264.6,264.6,0.0,-72371.820304,0.0
2019-03-28,17,0,281,4.67,4.67,0.0,3.811849,0.0
2019-03-28,17,0,282,252.49,252.49,0.0,206.092892,0.0
2019-03-28,18,0,9,1.78,1.78,0.0,10.518578,0.0
2019-03-28,18,0,17,26.43,26.43,0.0,262.764027,0.0
2019-03-28,18,0,19,332.94,332.94,0.0,3310.051269,0.0
2019-03-28,18,0,20,405.43,405.43,0.0,4030.738529,0.0
2019-03-28,18,0,21,40.69,40.69,0.0,240.449963,0.0
2019-03-28,18,0,22,144.59,144.59,0.0,854.427627,0.0
2019-03-28,18,0,23,58.13,58.13,0.0,343.508389,0.0
2019-03-28,18,0,24,103.14,103.14,0.0,609.486586,0.0
2019-03-28,18,0,29,4.04,4.04,0.0,27.546226,0.0
2019-03-28,18,0,30,299.85,299.85,0.0,1765.194727,0.0
2019-03-28,18,0,31,14.93,14.93,0.0,87.891803,0.0
2019-03-28,18,0,32,2.96,2.96,0.0,117.829334,0.0
2019-03-28,18,0,33,1.54,1.54,0.0,16.659513,0.0
2019-03-28,18,0,34,2.46,2.46,0.0,26.611949,0.0
2019-03-28,18,0,35,2.46,2.46,0.0,26.611949,0.0
2019-03-28,18,0,36,6.43,6.43,0.0,54.104926,0.0
2019-03-28,18,0,37,2.95,2.95,0.0,24.688242,0.0
2019-03-28,18,0,38,3.8,3.8,0.0,31.801804,0.0
2019-03-28,18,0,39,2.53,2.53,0.0,21.173306,0.0
2019-03-28,18,0,40,2.53,2.53,0.0,21.173306,0.0
2019-03-28,18,0,41,34.8,34.8,0.0,247.581668,0.0
2019-03-28,18,0,42,35.51,35.51,0.0,346.293641,0.0
2019-03-28,18,0,43,19.29,19.29,0.0,162.751889,0.0
2019-03-28,18,0,46,16.5,16.5,0.0,133.698523,0.0
2019-03-28,18,0,52,15.83,15.83,0.0,93.190037,0.0
2019-03-28,18,0,53,25.15,25.15,0.0,148.056186,0.0
2019-03-28,18,0,55,112.31,112.31,0.0,663.67499,0.0
2019-03-28,18,0,56,88.44,88.44,0.0,520.639725,0.0
2019-03-28,18,0,57,84.13,84.13,0.0,495.267075,0.0
2019-03-28,18,0,58,161.79,161.79,0.0,952.445739,0.0
2019-03-28,18,0,59,159.09,159.09,0.0,936.551039,0.0
2019-03-28,18,0,63,170.0,170.0,0.0,18890.970561,0.0
2019-03-28,18,0,64,200.0,200.0,0.0,22224.671248,0.0
2019-03-28,18,0,65,41.4,41.4,0.0,410.133754,0.0
2019-03-28,18,0,67,181.42,181.42,0.0,-101158.062995,0.0
2019-03-28,18,0,68,10.2,10.2,0.0,-4213.840614,0.0
2019-03-28,18,0,69,1.54,1.54,0.0,16.659513,0.0
2019-03-28,18,0,74,65.28,65.28,0.0,583.241765,0.0
2019-03-28,18,0,77,60.0,60.0,0.0,-17562.016848,0.0
2019-03-28,18,0,78,45.36,45.36,0.0,-13276.884737,0.0
2019-03-28,18,0,79,26.25,26.25,0.0,-7683.382371,0.0
2019-03-28,18,0,80,42.45,42.45,0.0,-12425.12692,0.0
2019-03-28,18,0,81,55.5,55.5,0.0,-16244.865584,0.0
2019-03-28,18,0,82,39.15,39.15,0.0,-11459.215993,0.0
2019-03-28,18,0,83,87.3,87.3,0.0,-25552.734513,0.0
2019-03-28,18,0,84,0.0,0.0,0.0,0.0,0.0
2019-03-28,18,0,86,7.8,7.8,0.0,84.379351,0.0
2019-03-28,18,0,87,39.83,39.83,0.0,430.875585,0.0
2019-03-28,18,0,88,51.18,51.18,0.0,-14980.400371,0.0
2019-03-28,18,0,89,49.2,49.2,0.0,-14400.853815,0.0
2019-03-28,18,0,90,66.06,66.06,0.0,-19335.780549,0.0
2019-03-28,18,0,91,235.65,235.65,0.0,-68974.821169,0.0
2019-03-28,18,0,92,84.75,84.75,0.0,-24806.348797,0.0
2019-03-28,18,0,95,120.0,120.0,0.0,3049.643213,0.0
2019-03-28,18,0,96,29.88,29.88,0.0,175.202238,0.0
2019-03-28,18,0,97,183.75,183.75,0.0,1077.423402,0.0
2019-03-28,18,0,99,12.6,12.6,0.0,112.574238,0.0
2019-03-28,18,0,101,6.04,6.04,0.0,35.557032,0.0
2019-03-28,18,0,102,24.15,24.15,0.0,-9976.887336,0.0
2019-03-28,18,0,103,21.0,21.0,0.0,-8675.554205,0.0
2019-03-28,18,0,104,3.9,3.9,0.0,-1611.174352,0.0
2019-03-28,18,0,106,142.34,142.34,0.0,841.131671,0.0
2019-03-28,18,0,109,60.0,60.0,0.0,468.882649,0.0
2019-03-28,18,0,110,338.6,338.6,0.0,-338600.0,0.0
2019-03-28,18,0,111,11.07,11.07,0.0,78.756582,0.0
2019-03-28,18,0,113,45.0,45.0,0.0,-11869.19901,0.0
2019-03-28,18,0,115,45.0,45.0,0.0,-11869.19901,0.0
2019-03-28,18,0,116,65.88,65.88,0.0,-65880.0,0.0
2019-03-28,18,0,117,3.0,3.0,0.0,-791.279934,0.0
2019-03-28,18,0,119,200.0,200.0,0.0,22224.671248,0.0
2019-03-28,18,0,120,117.6,117.6,0.0,13068.106694,0.0
2019-03-28,18,0,123,2.37,2.37,0.0,14.005073,0.0
2019-03-28,18,0,125,93.28,93.28,0.0,551.220755,0.0
2019-03-28,18,0,126,106.75,106.75,0.0,630.819207,0.0
2019-03-28,18,0,127,137.0,137.0,0.0,809.575938,0.0
2019-03-28,18,0,128,133.95,133.95,0.0,791.552532,0.0
2019-03-28,18,0,131,30.0,30.0,0.0,-11236.153535,0.0
2019-03-28,18,0,132,44.1,44.1,0.0,-16517.145697,0.0
2019-03-28,18,0,133,139.8,139.8,0.0,1390.340144,0.0
2019-03-28,18,0,134,0.0,0.0,0.0,0.0,0.0
2019-03-28,18,0,135,187.33,187.33,0.0,1863.035902,0.0
2019-03-28,18,0,136,45.9,45.9,0.0,454.624628,0.0
2019-03-28,18,0,139,44.94,44.94,0.0,319.721843,0.0
2019-03-28,18,0,140,250.6,250.6,0.0,-250600.0,0.0
2019-03-28,18,0,141,73.57,73.57,0.0,-41021.930849,0.0
2019-03-28,18,0,142,239.25,239.25,0.0,-133403.519852,0.0
2019-03-28,18,0,143,8.86,8.86,0.0,52.158163,0.0
2019-03-28,18,0,145,30.0,30.0,0.0,198.096572,0.0
2019-03-28,18,0,146,58.48,58.48,0.0,-58480.0,0.0
2019-03-28,18,0,152,4.58,4.58,0.0,40.891223,0.0
2019-03-28,18,0,153,5.75,5.75,0.0,51.0725,0.0
2019-03-28,18,0,154,45.68,45.68,0.0,324.986511,0.0
2019-03-28,18,0,157,156.34,156.34,0.0,-87173.694018,0.0
2019-03-28,18,0,158,215.06,215.06,0.0,-119915.406393,0.0
2019-03-28,18,0,159,0.0,0.0,0.0,0.0,0.0
2019-03-28,18,0,160,1.52,1.52,0.0,13.266774,0.0
2019-03-28,18,0,161,33.86,33.86,0.0,-13988.298351,0.0
2019-03-28,18,0,162,162.5,162.5,0.0,4258.131577,0.0
2019-03-28,18,0,163,185.4,185.4,0.0,-185400.0,0.0
2019-03-28,18,0,164,12.86,12.86,0.0,75.705867,0.0
2019-03-28,18,0,167,3.31,3.31,0.0,74.9657,0.0
2019-03-28,18,0,168,1.65,1.65,0.0,37.369609,0.0
2019-03-28,18,0,169,0.0,0.0,0.0,0.0,0.0
2019-03-28,18,0,170,3.62,3.62,0.0,81.986657,0.0
2019-03-28,18,0,172,4.42,4.42,0.0,65.024018,0.0
2019-03-28,18,0,173,6.74,6.74,0.0,99.154271,0.0
2019-03-28,18,0,188,6.15,6.15,0.0,139.149893,0.0
2019-03-28,18,0,190,5.09,5.09,0.0,165.056266,0.0
2019-03-28,18,0,191,13.14,13.14,0.0,426.098101,0.0
2019-03-28,18,0,192,332.6,332.6,0.0,10785.405497,0.0
2019-03-28,18,0,194,98.98,98.98,0.0,-12790.377054,0.0
2019-03-28,18,0,196,3.57,3.57,0.0,941.251264,0.0
2019-03-28,18,0,198,6.63,6.63,0.0,59.463131,0.0
2019-03-28,18,0,199,130.0,130.0,0.0,-3893.847472,0.0
2019-03-28,18,0,200,11.35,11.35,0.0,-339.962837,0.0
2019-03-28,18,0,204,257.1,257.1,0.0,1981.932281,0.0
2019-03-28,18,0,205,317.4,317.4,0.0,2480.389213,0.0
2019-03-28,18,0,206,539.94,539.94,0.0,3165.953696,0.0
2019-03-28,18,0,210,1.33,1.33,0.0,9.463597,0.0
2019-03-28,18,0,214,7.86,7.86,0.0,89.108497,0.0
2019-03-28,18,0,217,5.12,5.12,0.0,48.630089,0.0
2019-03-28,18,0,218,7.07,7.07,0.0,67.151315,0.0
2019-03-28,18,0,219,4.81,4.81,0.0,45.685689,0.0
2019-03-28,18,0,221,4.19,4.19,0.0,47.501858,0.0
2019-03-28,18,0,225,3.76,3.76,0.0,25.529195,0.0
2019-03-28,18,0,233,4.41,4.41,0.0,47.706787,0.0
2019-03-28,18,0,236,159.03,159.03,0.0,1503.801344,0.0
2019-03-28,18,0,237,156.6,156.6,0.0,1399.136954,0.0
2019-03-28,18,0,238,46.22,46.22,0.0,450.737597,0.0
2019-03-28,18,0,240,7.28,7.28,0.0,61.25721,0.0
2019-03-28,18,0,245,78.0,78.0,0.0,785.584313,0.0
2019-03-28,18,0,247,171.72,171.72,0.0,1729.49408,0.0
2019-03-28,18,0,248,15.72,15.72,0.0,140.449763,0.0
2019-03-28,18,0,249,150.0,150.0,0.0,1510.739064,0.0
2019-03-28,18,0,251,326.4,326.4,0.0,3214.615773,0.0
2019-03-28,18,0,252,267.06,267.06,0.0,2645.659909,0.0
2019-03-28,18,0,254,10.79,10.79,0.0,91.824425,0.0
2019-03-28,18,0,255,4.95,4.95,0.0,42.1252,0.0
2019-03-28,18,0,258,9.12,9.12,0.0,76.773179,0.0
2019-03-28,18,0,260,3.69,3.69,0.0,32.206839,0.0
2019-03-28,18,0,265,47.29,47.29,0.0,336.44072,0.0
2019-03-28,18,0,266,29.1,29.1,0.0,207.029498,0.0
2019-03-28,18,0,267,35.76,35.76,0.0,254.411507,0.0
2019-03-28,18,0,270,579.0,579.0,0.0,-579000.0,0.0
2019-03-28,18,0,272,150.39,150.39,0.0,-39666.86309,0.0
2019-03-28,18,0,273,15.75,15.75,0.0,-15750.0,0.0
2019-03-28,18,0,274,746.4,746.4,0.0,-746400.0,0.0
2019-03-28,18,0,275,1039.0,1039.0,0.0,-1039000.0,0.0
2019-03-28,18,0,276,3.59,3.59,0.0,-3235.377252,0.0
2019-03-28,18,0,277,4.57,4.57,0.0,-1258.407139,0.0
2019-03-28,18,0,278,7.31,7.31,0.0,-2012.900697,0.0
2019-03-28,18,0,279,264.6,264.6,0.0,-72860.947245,0.0
2019-03-28,18,0,281,6.69,6.69,0.0,39.383534,0.0
2019-03-28,18,0,282,164.48,164.48,0.0,968.28157,0.0
2019-03-28,19,0,9,0.69,0.69,0.0,7.822077,0.0
2019-03-28,19,0,17,6.96,6.96,0.0,55.354832,0.0
2019-03-28,19,0,19,615.51,615.51,0.0,4895.323665,0.0
2019-03-28,19,0,20,748.14,748.14,0.0,5950.167255,0.0
2019-03-28,19,0,21,15.78,15.78,0.0,178.887505,0.0
2019-03-28,19,0,22,56.08,56.08,0.0,635.742159,0.0
2019-03-28,19,0,23,88.67,88.67,0.0,1005.193602,0.0
2019-03-28,19,0,24,156.89,156.89,0.0,1778.558974,0.0
2019-03-28,19,0,29,0.94,0.94,0.0,6.331168,0.0
2019-03-28,19,0,30,133.49,133.49,0.0,1516.152369,0.0
2019-03-28,19,0,31,10.41,10.41,0.0,118.23467,0.0
2019-03-28,19,0,32,0.84,0.84,0.0,37.735586,0.0
2019-03-28,19,0,33,0.45,0.45,0.0,3.311013,0.0
2019-03-28,19,0,34,0.73,0.73,0.0,5.371199,0.0
2019-03-28,19,0,35,0.73,0.73,0.0,5.371199,0.0
2019-03-28,19,0,36,2.27,2.27,0.0,20.104243,0.0
2019-03-28,19,0,37,1.03,1.03,0.0,9.131625,0.0
2019-03-28,19,0,38,1.33,1.33,0.0,11.791321,0.0
2019-03-28,19,0,39,0.89,0.89,0.0,7.890433,0.0
2019-03-28,19,0,40,0.89,0.89,0.0,7.890433,0.0
2019-03-28,19,0,41,34.8,34.8,0.0,355.617536,0.0
2019-03-28,19,0,42,10.28,10.28,0.0,83.086643,0.0
2019-03-28,19,0,43,6.52,6.52,0.0,56.672887,0.0
2019-03-28,19,0,46,5.65,5.65,0.0,51.37511,0.0
2019-03-28,19,0,52,11.03,11.03,0.0,125.276505,0.0
2019-03-28,19,0,53,17.53,17.53,0.0,199.102188,0.0
2019-03-28,19,0,55,71.42,71.42,0.0,809.641672,0.0
2019-03-28,19,0,56,39.38,39.38,0.0,447.27006,0.0
2019-03-28,19,0,57,37.46,37.46,0.0,425.463089,0.0
2019-03-28,19,0,58,72.03,72.03,0.0,818.102143,0.0
2019-03-28,19,0,59,70.83,70.83,0.0,804.472786,0.0
2019-03-28,19,0,63,170.0,170.0,0.0,19489.117743,0.0
2019-03-28,19,0,64,200.0,200.0,0.0,22928.373816,0.0
2019-03-28,19,0,65,41.4,41.4,0.0,330.25849,0.0
2019-03-28,19,0,67,74.61,74.61,0.0,-41588.285339,0.0
2019-03-28,19,0,68,12.55,12.55,0.0,-5181.655265,0.0
2019-03-28,19,0,69,0.45,0.45,0.0,3.311013,0.0
2019-03-28,19,0,74,65.28,65.28,0.0,565.196201,0.0
2019-03-28,19,0,77,60.0,60.0,0.0,-17561.549338,0.0
2019-03-28,19,0,78,45.36,45.36,0.0,-13276.531299,0.0
2019-03-28,19,0,79,26.25,26.25,0.0,-7683.177835,0.0
2019-03-28,19,0,80,42.45,42.45,0.0,-12424.796156,0.0
2019-03-28,19,0,81,55.5,55.5,0.0,-16244.433137,0.0
2019-03-28,19,0,82,39.15,39.15,0.0,-11458.910943,0.0
2019-03-28,19,0,83,87.3,87.3,0.0,-25552.054287,0.0
2019-03-28,19,0,84,0.0,0.0,0.0,0.0,0.0
2019-03-28,19,0,86,2.3,2.3,0.0,16.922956,0.0
2019-03-28,19,0,87,11.74,11.74,0.0,86.380654,0.0
2019-03-28,19,0,88,51.18,51.18,0.0,-14980.001585,0.0
2019-03-28,19,0,89,49.2,49.2,0.0,-14400.470457,0.0
2019-03-28,19,0,90,66.06,66.06,0.0,-19335.265821,0.0
2019-03-28,19,0,91,235.65,235.65,0.0,-68972.985024,0.0
2019-03-28,19,0,92,84.75,84.75,0.0,-24805.68844,0.0
2019-03-28,19,0,95,120.0,120.0,0.0,3049.643213,0.0
2019-03-28,19,0,96,29.88,29.88,0.0,340.040927,0.0
2019-03-28,19,0,97,183.75,183.75,0.0,2091.115141,0.0
2019-03-28,19,0,99,12.6,12.6,0.0,109.091178,0.0
2019-03-28,19,0,101,2.69,2.69,0.0,30.552475,0.0
2019-03-28,19,0,102,35.91,35.91,0.0,-14826.553034,0.0
2019-03-28,19,0,103,30.13,30.13,0.0,-12440.101445,0.0
2019-03-28,19,0,104,4.3,4.3,0.0,-1775.38786,0.0
2019-03-28,19,0,106,55.21,55.21,0.0,625.87954,0.0
2019-03-28,19,0,109,60.0,60.0,0.0,568.862726,0.0
2019-03-28,19,0,110,338.6,338.6,0.0,-338600.0,0.0
2019-03-28,19,0,111,4.13,4.13,0.0,42.204035,0.0
2019-03-28,19,0,113,45.0,45.0,0.0,-11826.588057,0.0
2019-03-28,19,0,115,45.0,45.0,0.0,-11826.588057,0.0
2019-03-28,19,0,116,26.7,26.7,0.0,-26700.0,0.0
2019-03-28,19,0,117,3.0,3.0,0.0,-788.439204,0.0
2019-03-28,19,0,119,200.0,200.0,0.0,22928.373816,0.0
2019-03-28,19,0,120,117.6,117.6,0.0,13481.883804,0.0
2019-03-28,19,0,123,0.92,0.92,0.0,10.429436,0.0
2019-03-28,19,0,125,141.98,141.98,0.0,1609.534088,0.0
2019-03-28,19,0,126,41.4,41.4,0.0,469.324632,0.0
2019-03-28,19,0,127,53.14,53.14,0.0,602.413308,0.0
2019-03-28,19,0,128,203.35,203.35,0.0,2305.245506,0.0
2019-03-28,19,0,131,30.0,30.0,0.0,-11228.456807,0.0
2019-03-28,19,0,132,44.1,44.1,0.0,-16505.831507,0.0
2019-03-28,19,0,133,135.62,135.62,0.0,1078.317523,0.0
2019-03-28,19,0,134,0.0,0.0,0.0,0.0,0.0
2019-03-28,19,0,135,183.78,183.78,0.0,1461.238714,0.0
2019-03-28,19,0,136,45.9,45.9,0.0,366.216572,0.0
2019-03-28,19,0,139,44.94,44.94,0.0,459.237129,0.0
2019-03-28,19,0,140,250.6,250.6,0.0,-250600.0,0.0
2019-03-28,19,0,141,104.76,104.76,0.0,-58394.166628,0.0
2019-03-28,19,0,142,98.39,98.39,0.0,-54843.471311,0.0
2019-03-28,19,0,143,6.7,6.7,0.0,76.097242,0.0
2019-03-28,19,0,145,30.0,30.0,0.0,319.83528,0.0
2019-03-28,19,0,146,52.65,52.65,0.0,-52650.0,0.0
2019-03-28,19,0,152,1.58,1.58,0.0,13.635586,0.0
2019-03-28,19,0,153,1.97,1.97,0.0,17.061413,0.0
2019-03-28,19,0,154,17.04,17.04,0.0,174.129966,0.0
2019-03-28,19,0,157,162.18,162.18,0.0,-90400.591292,0.0
2019-03-28,19,0,158,92.96,92.96,0.0,-51816.740452,0.0
2019-03-28,19,0,159,0.0,0.0,0.0,0.0,0.0
2019-03-28,19,0,160,0.52,0.52,0.0,4.242272,0.0
2019-03-28,19,0,161,13.48,13.48,0.0,-5565.6345,0.0
2019-03-28,19,0,162,162.5,162.5,0.0,4256.393181,0.0
2019-03-28,19,0,163,185.4,185.4,0.0,-185400.0,0.0
2019-03-28,19,0,164,5.56,5.56,0.0,63.149353,0.0
2019-03-28,19,0,167,0.92,0.92,0.0,20.671669,0.0
2019-03-28,19,0,168,0.46,0.46,0.0,10.335835,0.0
2019-03-28,19,0,169,0.0,0.0,0.0,0.0,0.0
2019-03-28,19,0,170,1.0,1.0,0.0,22.469206,0.0
2019-03-28,19,0,172,1.22,1.22,0.0,23.318146,0.0
2019-03-28,19,0,173,1.85,1.85,0.0,35.359484,0.0
2019-03-28,19,0,188,1.76,1.76,0.0,46.969102,0.0
2019-03-28,19,0,190,1.88,1.88,0.0,60.963807,0.0
2019-03-28,19,0,191,4.86,4.86,0.0,157.597928,0.0
2019-03-28,19,0,192,332.6,332.6,0.0,10785.405497,0.0
2019-03-28,19,0,194,176.5,176.5,0.0,-22478.087989,0.0
2019-03-28,19,0,196,1.31,1.31,0.0,350.13257,0.0
2019-03-28,19,0,198,2.2,2.2,0.0,15.95129,0.0
2019-03-28,19,0,199,130.0,130.0,0.0,-4269.047065,0.0
2019-03-28,19,0,200,3.28,3.28,0.0,-107.711341,0.0
2019-03-28,19,0,204,257.1,257.1,0.0,2459.32682,0.0
2019-03-28,19,0,205,317.4,317.4,0.0,3009.283819,0.0
2019-03-28,19,0,206,539.94,539.94,0.0,6144.635154,0.0
2019-03-28,19,0,210,0.34,0.34,0.0,2.24883,0.0
2019-03-28,19,0,214,2.19,2.19,0.0,15.34239,0.0
2019-03-28,19,0,217,1.45,1.45,0.0,9.901932,0.0
2019-03-28,19,0,218,2.0,2.0,0.0,13.657837,0.0
2019-03-28,19,0,219,1.37,1.37,0.0,9.355618,0.0
2019-03-28,19,0,221,1.17,1.17,0.0,8.196619,0.0
2019-03-28,19,0,225,0.95,0.95,0.0,6.409629,0.0
2019-03-28,19,0,233,1.3,1.3,0.0,9.565149,0.0
2019-03-28,19,0,236,159.03,159.03,0.0,1316.839396,0.0
2019-03-28,19,0,237,156.6,156.6,0.0,1355.847504,0.0
2019-03-28,19,0,238,13.38,13.38,0.0,108.141953,0.0
2019-03-28,19,0,240,2.57,2.57,0.0,22.761192,0.0
2019-03-28,19,0,245,78.0,78.0,0.0,613.478367,0.0
2019-03-28,19,0,247,171.72,171.72,0.0,1350.59622,0.0
2019-03-28,19,0,248,15.72,15.72,0.0,136.104232,0.0
2019-03-28,19,0,249,150.0,150.0,0.0,1179.766091,0.0
2019-03-28,19,0,251,326.4,326.4,0.0,2616.626627,0.0
2019-03-28,19,0,252,267.06,267.06,0.0,2130.40658,0.0
2019-03-28,19,0,254,3.36,3.36,0.0,28.755467,0.0
2019-03-28,19,0,255,1.54,1.54,0.0,13.179589,0.0
2019-03-28,19,0,258,3.19,3.19,0.0,28.167551,0.0
2019-03-28,19,0,260,1.27,1.27,0.0,10.360933,0.0
2019-03-28,19,0,265,17.64,17.64,0.0,180.261303,0.0
2019-03-28,19,0,266,29.1,29.1,0.0,297.369836,0.0
2019-03-28,19,0,267,35.76,35.76,0.0,365.427675,0.0
2019-03-28,19,0,270,579.0,579.0,0.0,-579000.0,0.0
2019-03-28,19,0,272,150.39,150.39,0.0,-39524.457285,0.0
2019-03-28,19,0,273,6.39,6.39,0.0,-6390.0,0.0
2019-03-28,19,0,274,746.4,746.4,0.0,-746400.0,0.0
2019-03-28,19,0,275,1039.0,1039.0,0.0,-1039000.0,0.0
2019-03-28,19,0,276,1.37,1.37,0.0,-1234.614917,0.0
2019-03-28,19,0,277,1.69,1.69,0.0,-464.398835,0.0
2019-03-28,19,0,278,2.7,2.7,0.0,-741.938967,0.0
2019-03-28,19,0,279,264.6,264.6,0.0,-72710.018767,0.0
2019-03-28,19,0,281,4.67,4.67,0.0,53.040914,0.0
2019-03-28,19,0,282,73.23,73.23,0.0,831.7315,0.0
2019-03-28,20,0,9,0.0,0.0,0.0,0.0,0.0
2019-03-28,20,0,17,0.0,0.0,0.0,0.0,0.0
2019-03-28,20,0,19,643.3,643.3,0.0,616.264,0.0
2019-03-28,20,0,20,780.2,780.2,0.0,747.410498,0.0
2019-03-28,20,0,21,0.0,0.0,0.0,0.0,0.0
2019-03-28,20,0,22,0.0,0.0,0.0,0.0,0.0
2019-03-28,20,0,23,101.05,101.05,0.0,1250.94933,0.0
2019-03-28,20,0,24,178.79,178.79,0.0,2213.332318,0.0
2019-03-28,20,0,29,0.0,0.0,0.0,0.0,0.0
2019-03-28,20,0,30,3.86,3.86,0.0,47.890499,0.0
2019-03-28,20,0,31,11.83,11.83,0.0,146.773212,0.0
2019-03-28,20,0,32,0.0,0.0,0.0,0.0,0.0
2019-03-28,20,0,33,0.0,0.0,0.0,0.0,0.0
2019-03-28,20,0,34,0.0,0.0,0.0,0.0,0.0
2019-03-28,20,0,35,0.0,0.0,0.0,0.0,0.0
2019-03-28,20,0,36,0.0,0.0,0.0,0.0,0.0
2019-03-28,20,0,37,0.0,0.0,0.0,0.0,0.0
2019-03-28,20,0,38,0.0,0.0,0.0,0.0,0.0
2019-03-28,20,0,39,0.0,0.0,0.0,0.0,0.0
2019-03-28,20,0,40,0.0,0.0,0.0,0.0,0.0
2019-03-28,20,0,41,60.5,60.5,0.0,662.658283,0.0
2019-03-28,20,0,42,0.0,0.0,0.0,0.0,0.0
2019-03-28,20,0,43,0.0,0.0,0.0,0.0,0.0
2019-03-28,20,0,46,0.0,0.0,0.0,0.0,0.0
2019-03-28,20,0,52,12.54,12.54,0.0,155.582086,0.0
2019-03-28,20,0,53,19.92,19.92,0.0,247.14475,0.0
2019-03-28,20,0,55,76.64,76.64,0.0,948.765529,0.0
2019-03-28,20,0,56,1.14,1.14,0.0,14.143826,0.0
2019-03-28,20,0,57,1.08,1.08,0.0,13.399414,0.0
2019-03-28,20,0,58,2.08,2.08,0.0,25.806279,0.0
2019-03-28,20,0,59,2.05,2.05,0.0,25.434073,0.0
2019-03-28,20,0,63,170.0,170.0,0.0,18153.747661,0.0
2019-03-28,20,0,64,200.0,200.0,0.0,21357.35019,0.0
2019-03-28,20,0,65,41.4,41.4,0.0,186.63328,0.0
2019-03-28,20,0,67,0.0,0.0,0.0,-0.0,0.0
2019-03-28,20,0,68,10.2,10.2,0.0,-4255.104966,0.0
2019-03-28,20,0,69,0.0,0.0,0.0,0.0,0.0
2019-03-28,20,0,74,65.28,65.28,0.0,584.457614,0.0
2019-03-28,20,0,77,84.7,84.7,0.0,-25231.727755,0.0
2019-03-28,20,0,78,64.3,64.3,0.0,-19154.664636,0.0
2019-03-28,20,0,79,37.43,37.43,0.0,-11150.219243,0.0
2019-03-28,20,0,80,60.23,60.23,0.0,-17942.230965,0.0
2019-03-28,20,0,81,78.45,78.45,0.0,-23369.882437,0.0
2019-03-28,20,0,82,55.6,55.6,0.0,-16562.975953,0.0
2019-03-28,20,0,83,122.29,122.29,0.0,-36429.610238,0.0
2019-03-28,20,0,84,0.0,0.0,0.0,0.0,0.0
2019-03-28,20,0,86,0.0,0.0,0.0,0.0,0.0
2019-03-28,20,0,87,0.0,0.0,0.0,0.0,0.0
2019-03-28,20,0,88,95.98,95.98,0.0,-28591.986186,0.0
2019-03-28,20,0,89,92.28,92.28,0.0,-27489.773757,0.0
2019-03-28,20,0,90,123.8,123.8,0.0,-36879.432067,0.0
2019-03-28,20,0,91,440.78,440.78,0.0,-131306.268713,0.0
2019-03-28,20,0,92,158.74,158.74,0.0,-47287.892135,0.0
2019-03-28,20,0,95,120.0,120.0,0.0,3049.643213,0.0
2019-03-28,20,0,96,31.77,31.77,0.0,395.07441,0.0
2019-03-28,20,0,97,229.39,229.39,0.0,2852.569059,0.0
2019-03-28,20,0,99,12.6,12.6,0.0,112.808915,0.0
2019-03-28,20,0,101,0.08,0.08,0.0,0.992549,0.0
2019-03-28,20,0,102,24.15,24.15,0.0,-10074.586757,0.0
2019-03-28,20,0,103,21.0,21.0,0.0,-8760.510223,0.0
2019-03-28,20,0,104,3.9,3.9,0.0,-1626.951899,0.0
2019-03-28,20,0,106,0.0,0.0,0.0,0.0,0.0
2019-03-28,20,0,109,60.0,60.0,0.0,600.902124,0.0
2019-03-28,20,0,110,327.5,327.5,0.0,-327500.0,0.0
2019-03-28,20,0,111,0.0,0.0,0.0,0.0,0.0
2019-03-28,20,0,113,45.0,45.0,0.0,-12064.753947,0.0
2019-03-28,20,0,115,45.0,45.0,0.0,-12064.753947,0.0
2019-03-28,20,0,116,0.0,0.0,0.0,-0.0,0.0
2019-03-28,20,0,117,3.0,3.0,0.0,-804.31693,0.0
2019-03-28,20,0,119,200.0,200.0,0.0,21357.35019,0.0
2019-03-28,20,0,120,117.6,117.6,0.0,12558.121912,0.0
2019-03-28,20,0,123,0.0,0.0,0.0,0.0,0.0
2019-03-28,20,0,125,161.8,161.8,0.0,2003.00447,0.0
2019-03-28,20,0,126,0.0,0.0,0.0,0.0,0.0
2019-03-28,20,0,127,0.0,0.0,0.0,0.0,0.0
2019-03-28,20,0,128,231.74,231.74,0.0,2868.827292,0.0
2019-03-28,20,0,131,30.0,30.0,0.0,-11365.49823,0.0
2019-03-28,20,0,132,44.1,44.1,0.0,-16707.282399,0.0
2019-03-28,20,0,133,103.8,103.8,0.0,886.485657,0.0
2019-03-28,20,0,134,0.0,0.0,0.0,0.0,0.0
2019-03-28,20,0,135,138.32,138.32,0.0,1181.29765,0.0
2019-03-28,20,0,136,45.9,45.9,0.0,215.865052,0.0
2019-03-28,20,0,139,80.98,80.98,0.0,886.976327,0.0
2019-03-28,20,0,140,242.38,242.38,0.0,-242380.0,0.0
2019-03-28,20,0,141,113.87,113.87,0.0,-63840.091399,0.0
2019-03-28,20,0,142,0.0,0.0,0.0,-0.0,0.0
2019-03-28,20,0,143,7.88,7.88,0.0,97.766096,0.0
2019-03-28,20,0,145,30.0,30.0,0.0,345.569939,0.0
2019-03-28,20,0,146,29.77,29.77,0.0,-29770.0,0.0
2019-03-28,20,0,152,0.0,0.0,0.0,0.0,0.0
2019-03-28,20,0,153,0.0,0.0,0.0,0.0,0.0
2019-03-28,20,0,154,0.0,0.0,0.0,0.0,0.0
2019-03-28,20,0,157,88.45,88.45,0.0,-49588.61934,0.0
2019-03-28,20,0,158,7.63,7.63,0.0,-4277.684178,0.0
2019-03-28,20,0,159,0.0,0.0,0.0,0.0,0.0
2019-03-28,20,0,160,0.0,0.0,0.0,0.0,0.0
2019-03-28,20,0,161,0.0,0.0,0.0,-0.0,0.0
2019-03-28,20,0,162,162.5,162.5,0.0,4256.71558,0.0
2019-03-28,20,0,163,185.4,185.4,0.0,-185400.0,0.0
2019-03-28,20,0,164,0.51,0.51,0.0,6.327501,0.0
2019-03-28,20,0,167,0.0,0.0,0.0,0.0,0.0
2019-03-28,20,0,168,0.0,0.0,0.0,0.0,0.0
2019-03-28,20,0,169,0.0,0.0,0.0,0.0,0.0
2019-03-28,20,0,170,0.0,0.0,0.0,0.0,0.0
2019-03-28,20,0,172,0.0,0.0,0.0,0.0,0.0
2019-03-28,20,0,173,0.0,0.0,0.0,0.0,0.0
2019-03-28,20,0,188,0.0,0.0,0.0,0.0,0.0
2019-03-28,20,0,190,0.0,0.0,0.0,0.0,0.0
2019-03-28,20,0,191,0.0,0.0,0.0,0.0,0.0
2019-03-28,20,0,192,323.99,323.99,0.0,10506.204231,0.0
2019-03-28,20,0,194,176.5,176.5,0.0,-23565.639234,0.0
2019-03-28,20,0,196,0.0,0.0,0.0,0.0,0.0
2019-03-28,20,0,198,0.0,0.0,0.0,0.0,0.0
2019-03-28,20,0,199,130.0,130.0,0.0,-4564.218043,0.0
2019-03-28,20,0,200,0.0,0.0,0.0,-0.0,0.0
2019-03-28,20,0,204,465.33,465.33,0.0,4710.758872,0.0
2019-03-28,20,0,205,317.4,317.4,0.0,3178.772238,0.0
2019-03-28,20,0,206,868.95,868.95,0.0,10805.78876,0.0
2019-03-28,20,0,210,0.0,0.0,0.0,0.0,0.0
2019-03-28,20,0,214,0.0,0.0,0.0,0.0,0.0
2019-03-28,20,0,217,0.0,0.0,0.0,0.0,0.0
2019-03-28,20,0,218,0.0,0.0,0.0,0.0,0.0
2019-03-28,20,0,219,0.0,0.0,0.0,0.0,0.0
2019-03-28,20,0,221,0.0,0.0,0.0,0.0,0.0
2019-03-28,20,0,225,0.0,0.0,0.0,0.0,0.0
2019-03-28,20,0,233,0.0,0.0,0.0,0.0,0.0
2019-03-28,20,0,236,159.03,159.03,0.0,1347.53218,0.0
2019-03-28,20,0,237,156.6,156.6,0.0,1402.053652,0.0
2019-03-28,20,0,238,0.0,0.0,0.0,0.0,0.0
2019-03-28,20,0,240,0.0,0.0,0.0,0.0,0.0
2019-03-28,20,0,245,145.89,145.89,0.0,1056.871469,0.0
2019-03-28,20,0,247,171.72,171.72,0.0,1243.991834,0.0
2019-03-28,20,0,248,15.72,15.72,0.0,140.742551,0.0
2019-03-28,20,0,249,280.44,280.44,0.0,2031.592533,0.0
2019-03-28,20,0,251,326.4,326.4,0.0,1856.829611,0.0
2019-03-28,20,0,252,267.06,267.06,0.0,1203.919896,0.0
2019-03-28,20,0,254,0.0,0.0,0.0,0.0,0.0
2019-03-28,20,0,255,0.0,0.0,0.0,0.0,0.0
2019-03-28,20,0,258,0.0,0.0,0.0,0.0,0.0
2019-03-28,20,0,260,0.0,0.0,0.0,0.0,0.0
2019-03-28,20,0,265,0.0,0.0,0.0,0.0,0.0
2019-03-28,20,0,266,49.35,49.35,0.0,540.532004,0.0
2019-03-28,20,0,267,62.41,62.41,0.0,683.578569,0.0
2019-03-28,20,0,270,579.0,579.0,0.0,-579000.0,0.0
2019-03-28,20,0,272,150.39,150.39,0.0,-40320.40769,0.0
2019-03-28,20,0,273,0.0,0.0,0.0,-0.0,0.0
2019-03-28,20,0,274,746.4,746.4,0.0,-746400.0,0.0
2019-03-28,20,0,275,1039.0,1039.0,0.0,-1039000.0,0.0
2019-03-28,20,0,276,0.0,0.0,0.0,-0.0,0.0
2019-03-28,20,0,277,0.0,0.0,0.0,-0.0,0.0
2019-03-28,20,0,278,0.0,0.0,0.0,-0.0,0.0
2019-03-28,20,0,279,651.99,651.99,0.0,-182589.002584,0.0
2019-03-28,20,0,281,5.31,5.31,0.0,65.880453,0.0
2019-03-28,20,0,282,2.12,2.12,0.0,26.302554,0.0
2019-03-28,21,0,9,0.0,0.0,0.0,0.0,0.0
2019-03-28,21,0,17,0.0,0.0,0.0,0.0,0.0
2019-03-28,21,0,19,643.3,643.3,0.0,698.810237,0.0
2019-03-28,21,0,20,780.2,780.2,0.0,847.523313,0.0
2019-03-28,21,0,21,0.0,0.0,0.0,0.0,0.0
2019-03-28,21,0,22,0.0,0.0,0.0,0.0,0.0
2019-03-28,21,0,23,108.8,108.8,0.0,1346.017833,0.0
2019-03-28,21,0,24,192.5,192.5,0.0,2381.511331,0.0
2019-03-28,21,0,29,0.0,0.0,0.0,0.0,0.0
2019-03-28,21,0,30,0.0,0.0,0.0,0.0,0.0
2019-03-28,21,0,31,14.19,14.19,0.0,176.053414,0.0
2019-03-28,21,0,32,0.0,0.0,0.0,0.0,0.0
2019-03-28,21,0,33,0.0,0.0,0.0,0.0,0.0
2019-03-28,21,0,34,0.0,0.0,0.0,0.0,0.0
2019-03-28,21,0,35,0.0,0.0,0.0,0.0,0.0
2019-03-28,21,0,36,0.0,0.0,0.0,0.0,0.0
2019-03-28,21,0,37,0.0,0.0,0.0,0.0,0.0
2019-03-28,21,0,38,0.0,0.0,0.0,0.0,0.0
2019-03-28,21,0,39,0.0,0.0,0.0,0.0,0.0
2019-03-28,21,0,40,0.0,0.0,0.0,0.0,0.0
2019-03-28,21,0,41,111.37,111.37,0.0,1172.45072,0.0
2019-03-28,21,0,42,0.0,0.0,0.0,0.0,0.0
2019-03-28,21,0,43,0.0,0.0,0.0,0.0,0.0
2019-03-28,21,0,46,0.0,0.0,0.0,0.0,0.0
2019-03-28,21,0,52,15.04,15.04,0.0,186.599249,0.0
2019-03-28,21,0,53,23.9,23.9,0.0,296.524072,0.0
2019-03-28,21,0,55,83.06,83.06,0.0,1027.575746,0.0
2019-03-28,21,0,56,0.0,0.0,0.0,0.0,0.0
2019-03-28,21,0,57,0.0,0.0,0.0,0.0,0.0
2019-03-28,21,0,58,0.0,0.0,0.0,0.0,0.0
2019-03-28,21,0,59,0.0,0.0,0.0,0.0,0.0
2019-03-28,21,0,63,170.0,170.0,0.0,16245.804326,0.0
2019-03-28,21,0,64,200.0,200.0,0.0,19112.710972,0.0
2019-03-28,21,0,65,41.4,41.4,0.0,163.592118,0.0
2019-03-28,21,0,67,0.0,0.0,0.0,-0.0,0.0
2019-03-28,21,0,68,10.2,10.2,0.0,-4317.045464,0.0
2019-03-28,21,0,69,0.0,0.0,0.0,0.0,0.0
2019-03-28,21,0,74,65.28,65.28,0.0,518.708814,0.0
2019-03-28,21,0,77,172.48,172.48,0.0,-52651.960582,0.0
2019-03-28,21,0,78,130.65,130.65,0.0,-39882.76119,0.0
2019-03-28,21,0,79,75.79,75.79,0.0,-23135.969924,0.0
2019-03-28,21,0,80,122.31,122.31,0.0,-37336.858179,0.0
2019-03-28,21,0,81,159.64,159.64,0.0,-48732.368896,0.0
2019-03-28,21,0,82,112.85,112.85,0.0,-34449.059321,0.0
2019-03-28,21,0,83,250.05,250.05,0.0,-76331.300692,0.0
2019-03-28,21,0,84,0.0,0.0,0.0,-0.0,0.0
2019-03-28,21,0,86,0.0,0.0,0.0,0.0,0.0
2019-03-28,21,0,87,0.0,0.0,0.0,0.0,0.0
2019-03-28,21,0,88,170.6,170.6,0.0,-52078.06398,0.0
2019-03-28,21,0,89,164.0,164.0,0.0,-50063.32059,0.0
2019-03-28,21,0,90,220.2,220.2,0.0,-67219.165817,0.0
2019-03-28,21,0,91,785.5,785.5,0.0,-239784.989778,0.0
2019-03-28,21,0,92,282.5,282.5,0.0,-86237.122358,0.0
2019-03-28,21,0,95,120.0,120.0,0.0,2886.43684,0.0
2019-03-28,21,0,96,29.88,29.88,0.0,371.821877,0.0
2019-03-28,21,0,97,183.75,183.75,0.0,2286.555218,0.0
2019-03-28,21,0,99,12.6,12.6,0.0,100.118429,0.0
2019-03-28,21,0,101,0.0,0.0,0.0,0.0,0.0
2019-03-28,21,0,102,24.15,24.15,0.0,-10221.239995,0.0
2019-03-28,21,0,103,21.0,21.0,0.0,-8888.034778,0.0
2019-03-28,21,0,104,3.9,3.9,0.0,-1650.63503,0.0
2019-03-28,21,0,106,0.0,0.0,0.0,0.0,0.0
2019-03-28,21,0,109,83.6,83.6,0.0,778.575255,0.0
2019-03-28,21,0,110,221.88,221.88,0.0,-221880.0,0.0
2019-03-28,21,0,111,0.0,0.0,0.0,0.0,0.0
2019-03-28,21,0,113,84.18,84.18,0.0,-23200.757882,0.0
2019-03-28,21,0,115,84.18,84.18,0.0,-23200.757882,0.0
2019-03-28,21,0,116,0.0,0.0,0.0,-0.0,0.0
2019-03-28,21,0,117,5.66,5.66,0.0,-1559.94642,0.0
2019-03-28,21,0,119,200.0,200.0,0.0,19112.710972,0.0
2019-03-28,21,0,120,117.6,117.6,0.0,11238.274051,0.0
2019-03-28,21,0,123,0.0,0.0,0.0,0.0,0.0
2019-03-28,21,0,125,174.2,174.2,0.0,2155.113111,0.0
2019-03-28,21,0,126,0.0,0.0,0.0,0.0,0.0
2019-03-28,21,0,127,0.0,0.0,0.0,0.0,0.0
2019-03-28,21,0,128,249.5,249.5,0.0,3086.686115,0.0
2019-03-28,21,0,131,30.0,30.0,0.0,-11559.6531,0.0
2019-03-28,21,0,132,44.1,44.1,0.0,-16992.690058,0.0
2019-03-28,21,0,133,91.59,91.59,0.0,656.924771,0.0
2019-03-28,21,0,134,0.0,0.0,0.0,0.0,0.0
2019-03-28,21,0,135,119.08,119.08,0.0,854.095444,0.0
2019-03-28,21,0,136,45.9,45.9,0.0,188.593677,0.0
2019-03-28,21,0,139,146.7,146.7,0.0,1544.388261,0.0
2019-03-28,21,0,140,164.21,164.21,0.0,-164210.0,0.0
2019-03-28,21,0,141,125.82,125.82,0.0,-71115.711872,0.0
2019-03-28,21,0,142,0.0,0.0,0.0,-0.0,0.0
2019-03-28,21,0,143,11.93,11.93,0.0,148.013899,0.0
2019-03-28,21,0,145,30.0,30.0,0.0,337.753859,0.0
2019-03-28,21,0,146,32.59,32.59,0.0,-32590.0,0.0
2019-03-28,21,0,152,0.0,0.0,0.0,0.0,0.0
2019-03-28,21,0,153,0.0,0.0,0.0,0.0,0.0
2019-03-28,21,0,154,0.0,0.0,0.0,0.0,0.0
2019-03-28,21,0,157,47.5,47.5,0.0,-26847.848624,0.0
2019-03-28,21,0,158,0.0,0.0,0.0,-0.0,0.0
2019-03-28,21,0,159,0.0,0.0,0.0,0.0,0.0
2019-03-28,21,0,160,0.0,0.0,0.0,0.0,0.0
2019-03-28,21,0,161,0.0,0.0,0.0,-0.0,0.0
2019-03-28,21,0,162,162.5,162.5,0.0,4037.692337,0.0
2019-03-28,21,0,163,185.4,185.4,0.0,-185400.0,0.0
2019-03-28,21,0,164,0.0,0.0,0.0,0.0,0.0
2019-03-28,21,0,167,0.0,0.0,0.0,0.0,0.0
2019-03-28,21,0,168,0.0,0.0,0.0,0.0,0.0
2019-03-28,21,0,169,0.0,0.0,0.0,0.0,0.0
2019-03-28,21,0,170,0.0,0.0,0.0,0.0,0.0
2019-03-28,21,0,172,0.0,0.0,0.0,0.0,0.0
2019-03-28,21,0,173,0.0,0.0,0.0,0.0,0.0
2019-03-28,21,0,188,0.0,0.0,0.0,0.0,0.0
2019-03-28,21,0,190,0.0,0.0,0.0,0.0,0.0
2019-03-28,21,0,191,0.0,0.0,0.0,0.0,0.0
2019-03-28,21,0,192,222.57,222.57,0.0,7217.401388,0.0
2019-03-28,21,0,194,176.5,176.5,0.0,-25108.485895,0.0
2019-03-28,21,0,196,0.0,0.0,0.0,0.0,0.0
2019-03-28,21,0,198,0.0,0.0,0.0,0.0,0.0
2019-03-28,21,0,199,130.0,130.0,0.0,-5117.615508,0.0
2019-03-28,21,0,200,0.0,0.0,0.0,-0.0,0.0
2019-03-28,21,0,204,841.64,841.64,0.0,7956.075435,0.0
2019-03-28,21,0,205,387.97,387.97,0.0,3613.203849,0.0
2019-03-28,21,0,206,539.94,539.94,0.0,6718.925848,0.0
2019-03-28,21,0,210,0.0,0.0,0.0,0.0,0.0
2019-03-28,21,0,214,0.0,0.0,0.0,0.0,0.0
2019-03-28,21,0,217,0.0,0.0,0.0,0.0,0.0
2019-03-28,21,0,218,0.0,0.0,0.0,0.0,0.0
2019-03-28,21,0,219,0.0,0.0,0.0,0.0,0.0
2019-03-28,21,0,221,0.0,0.0,0.0,0.0,0.0
2019-03-28,21,0,225,0.0,0.0,0.0,0.0,0.0
2019-03-28,21,0,233,0.0,0.0,0.0,0.0,0.0
2019-03-28,21,0,236,159.03,159.03,0.0,1164.852352,0.0
2019-03-28,21,0,237,156.6,156.6,0.0,1244.329048,0.0
2019-03-28,21,0,238,0.0,0.0,0.0,0.0,0.0
2019-03-28,21,0,240,0.0,0.0,0.0,0.0,0.0
2019-03-28,21,0,245,260.0,260.0,0.0,1580.334063,0.0
2019-03-28,21,0,247,171.72,171.72,0.0,1043.749867,0.0
2019-03-28,21,0,248,15.72,15.72,0.0,124.909659,0.0
2019-03-28,21,0,249,500.0,500.0,0.0,3039.103968,0.0
2019-03-28,21,0,251,326.4,326.4,0.0,1607.228258,0.0
2019-03-28,21,0,252,267.06,267.06,0.0,1055.287705,0.0
2019-03-28,21,0,254,0.0,0.0,0.0,0.0,0.0
2019-03-28,21,0,255,0.0,0.0,0.0,0.0,0.0
2019-03-28,21,0,258,0.0,0.0,0.0,0.0,0.0
2019-03-28,21,0,260,0.0,0.0,0.0,0.0,0.0
2019-03-28,21,0,265,0.0,0.0,0.0,0.0,0.0
2019-03-28,21,0,266,91.87,91.87,0.0,967.163937,0.0
2019-03-28,21,0,267,114.69,114.69,0.0,1207.402111,0.0
2019-03-28,21,0,270,579.0,579.0,0.0,-579000.0,0.0
2019-03-28,21,0,272,281.15,281.15,0.0,-77487.444506,0.0
2019-03-28,21,0,273,0.0,0.0,0.0,-0.0,0.0
2019-03-28,21,0,274,746.4,746.4,0.0,-746400.0,0.0
2019-03-28,21,0,275,1039.0,1039.0,0.0,-1039000.0,0.0
2019-03-28,21,0,276,0.0,0.0,0.0,-0.0,0.0
2019-03-28,21,0,277,0.0,0.0,0.0,-0.0,0.0
2019-03-28,21,0,278,0.0,0.0,0.0,-0.0,0.0
2019-03-28,21,0,279,651.69,651.69,0.0,-187359.684432,0.0
2019-03-28,21,0,281,6.37,6.37,0.0,79.03173,0.0
2019-03-28,21,0,282,0.0,0.0,0.0,0.0,0.0
2019-03-28,22,0,9,0.0,0.0,0.0,0.0,0.0
2019-03-28,22,0,17,0.0,0.0,0.0,0.0,0.0
2019-03-28,22,0,19,643.3,643.3,0.0,792.454756,0.0
2019-03-28,22,0,20,780.2,780.2,0.0,961.096224,0.0
2019-03-28,22,0,21,0.0,0.0,0.0,0.0,0.0
2019-03-28,22,0,22,0.0,0.0,0.0,0.0,0.0
2019-03-28,22,0,23,108.8,108.8,0.0,1221.587432,0.0
2019-03-28,22,0,24,192.5,192.5,0.0,2161.35644,0.0
2019-03-28,22,0,29,0.0,0.0,0.0,0.0,0.0
2019-03-28,22,0,30,0.0,0.0,0.0,0.0,0.0
2019-03-28,22,0,31,17.46,17.46,0.0,196.582044,0.0
2019-03-28,22,0,32,0.0,0.0,0.0,0.0,0.0
2019-03-28,22,0,33,0.0,0.0,0.0,0.0,0.0
2019-03-28,22,0,34,0.0,0.0,0.0,0.0,0.0
2019-03-28,22,0,35,0.0,0.0,0.0,0.0,0.0
2019-03-28,22,0,36,0.0,0.0,0.0,0.0,0.0
2019-03-28,22,0,37,0.0,0.0,0.0,0.0,0.0
2019-03-28,22,0,38,0.0,0.0,0.0,0.0,0.0
2019-03-28,22,0,39,0.0,0.0,0.0,0.0,0.0
2019-03-28,22,0,40,0.0,0.0,0.0,0.0,0.0
2019-03-28,22,0,41,116.0,116.0,0.0,1113.973448,0.0
2019-03-28,22,0,42,0.0,0.0,0.0,0.0,0.0
2019-03-28,22,0,43,0.0,0.0,0.0,0.0,0.0
2019-03-28,22,0,46,0.0,0.0,0.0,0.0,0.0
2019-03-28,22,0,52,18.51,18.51,0.0,208.403988,0.0
2019-03-28,22,0,53,29.41,29.41,0.0,331.127029,0.0
2019-03-28,22,0,55,175.52,175.52,0.0,1970.707961,0.0
2019-03-28,22,0,56,0.0,0.0,0.0,0.0,0.0
2019-03-28,22,0,57,0.0,0.0,0.0,0.0,0.0
2019-03-28,22,0,58,0.0,0.0,0.0,0.0,0.0
2019-03-28,22,0,59,0.0,0.0,0.0,0.0,0.0
2019-03-28,22,0,63,170.0,170.0,0.0,15912.167964,0.0
2019-03-28,22,0,64,200.0,200.0,0.0,18720.197604,0.0
2019-03-28,22,0,65,41.4,41.4,0.0,156.599927,0.0
2019-03-28,22,0,67,0.0,0.0,0.0,-0.0,0.0
2019-03-28,22,0,68,10.2,10.2,0.0,-4325.97236,0.0
2019-03-28,22,0,69,0.0,0.0,0.0,0.0,0.0
2019-03-28,22,0,74,61.55,61.55,0.0,451.078278,0.0
2019-03-28,22,0,77,200.0,200.0,0.0,-61258.309702,0.0
2019-03-28,22,0,78,151.2,151.2,0.0,-46311.282135,0.0
2019-03-28,22,0,79,87.5,87.5,0.0,-26800.510495,0.0
2019-03-28,22,0,80,141.5,141.5,0.0,-43340.254114,0.0
2019-03-28,22,0,81,185.0,185.0,0.0,-56663.936475,0.0
2019-03-28,22,0,82,130.5,130.5,0.0,-39971.047081,0.0
2019-03-28,22,0,83,291.0,291.0,0.0,-89130.840617,0.0
2019-03-28,22,0,84,0.0,0.0,0.0,-0.0,0.0
2019-03-28,22,0,86,0.0,0.0,0.0,0.0,0.0
2019-03-28,22,0,87,0.0,0.0,0.0,0.0,0.0
2019-03-28,22,0,88,170.6,170.6,0.0,-52253.338176,0.0
2019-03-28,22,0,89,164.0,164.0,0.0,-50231.813956,0.0
2019-03-28,22,0,90,220.2,220.2,0.0,-67445.398982,0.0
2019-03-28,22,0,91,785.5,785.5,0.0,-240592.011355,0.0
2019-03-28,22,0,92,282.5,282.5,0.0,-86527.362454,0.0
2019-03-28,22,0,95,120.0,120.0,0.0,2691.568394,0.0
2019-03-28,22,0,96,29.88,29.88,0.0,337.392082,0.0
2019-03-28,22,0,97,183.75,183.75,0.0,2074.825808,0.0
2019-03-28,22,0,99,11.88,11.88,0.0,87.064337,0.0
2019-03-28,22,0,101,0.0,0.0,0.0,0.0,0.0
2019-03-28,22,0,102,24.15,24.15,0.0,-10242.375735,0.0
2019-03-28,22,0,103,21.0,21.0,0.0,-8906.413683,0.0
2019-03-28,22,0,104,3.9,3.9,0.0,-1654.048255,0.0
2019-03-28,22,0,106,0.0,0.0,0.0,0.0,0.0
2019-03-28,22,0,109,171.41,171.41,0.0,1462.690926,0.0
2019-03-28,22,0,110,143.69,143.69,0.0,-143690.0,0.0
2019-03-28,22,0,111,0.0,0.0,0.0,0.0,0.0
2019-03-28,22,0,113,149.99,149.99,0.0,-41512.633479,0.0
2019-03-28,22,0,115,149.99,149.99,0.0,-41512.633479,0.0
2019-03-28,22,0,116,0.0,0.0,0.0,-0.0,0.0
2019-03-28,22,0,117,10.0,10.0,0.0,-2767.693411,0.0
2019-03-28,22,0,119,200.0,200.0,0.0,18720.197604,0.0
2019-03-28,22,0,120,117.6,117.6,0.0,11007.476191,0.0
2019-03-28,22,0,123,0.0,0.0,0.0,0.0,0.0
2019-03-28,22,0,125,174.2,174.2,0.0,1955.887231,0.0
2019-03-28,22,0,126,0.0,0.0,0.0,0.0,0.0
2019-03-28,22,0,127,0.0,0.0,0.0,0.0,0.0
2019-03-28,22,0,128,249.5,249.5,0.0,2801.342503,0.0
2019-03-28,22,0,131,30.0,30.0,0.0,-11587.6348,0.0
2019-03-28,22,0,132,44.1,44.1,0.0,-17033.823156,0.0
2019-03-28,22,0,133,139.8,139.8,0.0,929.791779,0.0
2019-03-28,22,0,134,0.0,0.0,0.0,0.0,0.0
2019-03-28,22,0,135,187.33,187.33,0.0,1245.907682,0.0
2019-03-28,22,0,136,45.9,45.9,0.0,180.049078,0.0
2019-03-28,22,0,139,149.8,149.8,0.0,1438.562263,0.0
2019-03-28,22,0,140,106.35,106.35,0.0,-106350.0,0.0
2019-03-28,22,0,141,141.5,141.5,0.0,-80071.682052,0.0
2019-03-28,22,0,142,0.0,0.0,0.0,-0.0,0.0
2019-03-28,22,0,143,20.05,20.05,0.0,225.74284,0.0
2019-03-28,22,0,145,45.32,45.32,0.0,464.403729,0.0
2019-03-28,22,0,146,62.68,62.68,0.0,-62680.0,0.0
2019-03-28,22,0,152,0.0,0.0,0.0,0.0,0.0
2019-03-28,22,0,153,0.0,0.0,0.0,0.0,0.0
2019-03-28,22,0,154,0.0,0.0,0.0,0.0,0.0
2019-03-28,22,0,157,29.88,29.88,0.0,-16908.423037,0.0
2019-03-28,22,0,158,0.0,0.0,0.0,-0.0,0.0
2019-03-28,22,0,159,0.0,0.0,0.0,0.0,0.0
2019-03-28,22,0,160,0.0,0.0,0.0,0.0,0.0
2019-03-28,22,0,161,0.0,0.0,0.0,-0.0,0.0
2019-03-28,22,0,162,96.21,96.21,0.0,2233.506057,0.0
2019-03-28,22,0,163,185.4,185.4,0.0,-185400.0,0.0
2019-03-28,22,0,164,0.0,0.0,0.0,0.0,0.0
2019-03-28,22,0,167,0.0,0.0,0.0,0.0,0.0
2019-03-28,22,0,168,0.0,0.0,0.0,0.0,0.0
2019-03-28,22,0,169,0.0,0.0,0.0,0.0,0.0
2019-03-28,22,0,170,0.0,0.0,0.0,0.0,0.0
2019-03-28,22,0,172,0.0,0.0,0.0,0.0,0.0
2019-03-28,22,0,173,0.0,0.0,0.0,0.0,0.0
2019-03-28,22,0,188,0.0,0.0,0.0,0.0,0.0
2019-03-28,22,0,190,0.0,0.0,0.0,0.0,0.0
2019-03-28,22,0,191,0.0,0.0,0.0,0.0,0.0
2019-03-28,22,0,192,147.58,147.58,0.0,4785.658879,0.0
2019-03-28,22,0,194,176.5,176.5,0.0,-25363.514297,0.0
2019-03-28,22,0,196,0.0,0.0,0.0,0.0,0.0
2019-03-28,22,0,198,0.0,0.0,0.0,0.0,0.0
2019-03-28,22,0,199,130.0,130.0,0.0,-5157.923299,0.0
2019-03-28,22,0,200,0.0,0.0,0.0,-0.0,0.0
2019-03-28,22,0,204,857.0,857.0,0.0,7418.709031,0.0
2019-03-28,22,0,205,852.76,852.76,0.0,7276.846824,0.0
2019-03-28,22,0,206,539.94,539.94,0.0,6096.769778,0.0
2019-03-28,22,0,210,0.0,0.0,0.0,0.0,0.0
2019-03-28,22,0,214,0.0,0.0,0.0,0.0,0.0
2019-03-28,22,0,217,0.0,0.0,0.0,0.0,0.0
2019-03-28,22,0,218,0.0,0.0,0.0,0.0,0.0
2019-03-28,22,0,219,0.0,0.0,0.0,0.0,0.0
2019-03-28,22,0,221,0.0,0.0,0.0,0.0,0.0
2019-03-28,22,0,225,0.0,0.0,0.0,0.0,0.0
2019-03-28,22,0,233,0.0,0.0,0.0,0.0,0.0
2019-03-28,22,0,236,127.25,127.25,0.0,862.931305,0.0
2019-03-28,22,0,237,147.65,147.65,0.0,1082.074862,0.0
2019-03-28,22,0,238,0.0,0.0,0.0,0.0,0.0
2019-03-28,22,0,240,0.0,0.0,0.0,0.0,0.0
2019-03-28,22,0,245,260.0,260.0,0.0,1476.255528,0.0
2019-03-28,22,0,247,171.72,171.72,0.0,975.009997,0.0
2019-03-28,22,0,248,14.82,14.82,0.0,108.610562,0.0
2019-03-28,22,0,249,500.0,500.0,0.0,2838.952938,0.0
2019-03-28,22,0,251,678.68,678.68,0.0,3154.495318,0.0
2019-03-28,22,0,252,267.06,267.06,0.0,1010.183009,0.0
2019-03-28,22,0,254,0.0,0.0,0.0,0.0,0.0
2019-03-28,22,0,255,0.0,0.0,0.0,0.0,0.0
2019-03-28,22,0,258,0.0,0.0,0.0,0.0,0.0
2019-03-28,22,0,260,0.0,0.0,0.0,0.0,0.0
2019-03-28,22,0,265,0.0,0.0,0.0,0.0,0.0
2019-03-28,22,0,266,97.0,97.0,0.0,931.51228,0.0
2019-03-28,22,0,267,119.2,119.2,0.0,1144.70375,0.0
2019-03-28,22,0,270,579.0,579.0,0.0,-579000.0,0.0
2019-03-28,22,0,272,501.3,501.3,0.0,-138744.470718,0.0
2019-03-28,22,0,273,0.0,0.0,0.0,-0.0,0.0
2019-03-28,22,0,274,746.4,746.4,0.0,-746400.0,0.0
2019-03-28,22,0,275,1039.0,1039.0,0.0,-1039000.0,0.0
2019-03-28,22,0,276,0.0,0.0,0.0,-0.0,0.0
2019-03-28,22,0,277,0.0,0.0,0.0,-0.0,0.0
2019-03-28,22,0,278,0.0,0.0,0.0,-0.0,0.0
2019-03-28,22,0,279,264.61,264.61,0.0,-76367.840627,0.0
2019-03-28,22,0,281,7.84,7.84,0.0,88.270517,0.0
2019-03-28,22,0,282,0.0,0.0,0.0,0.0,0.0
2019-03-28,23,0,9,0.0,0.0,0.0,0.0,0.0
2019-03-28,23,0,17,0.0,0.0,0.0,0.0,0.0
2019-03-28,23,0,19,643.3,643.3,0.0,1079.872467,0.0
2019-03-28,23,0,20,780.2,780.2,0.0,1309.678997,0.0
2019-03-28,23,0,21,0.0,0.0,0.0,0.0,0.0
2019-03-28,23,0,22,0.0,0.0,0.0,0.0,0.0
2019-03-28,23,0,23,108.8,108.8,0.0,640.149345,0.0
2019-03-28,23,0,24,192.5,192.5,0.0,1132.617177,0.0
2019-03-28,23,0,29,0.0,0.0,0.0,0.0,0.0
2019-03-28,23,0,30,0.0,0.0,0.0,0.0,0.0
2019-03-28,23,0,31,18.33,18.33,0.0,107.907352,0.0
2019-03-28,23,0,32,0.0,0.0,0.0,0.0,0.0
2019-03-28,23,0,33,0.0,0.0,0.0,0.0,0.0
2019-03-28,23,0,34,0.0,0.0,0.0,0.0,0.0
2019-03-28,23,0,35,0.0,0.0,0.0,0.0,0.0
2019-03-28,23,0,36,0.0,0.0,0.0,0.0,0.0
2019-03-28,23,0,37,0.0,0.0,0.0,0.0,0.0
2019-03-28,23,0,38,0.0,0.0,0.0,0.0,0.0
2019-03-28,23,0,39,0.0,0.0,0.0,0.0,0.0
2019-03-28,23,0,40,0.0,0.0,0.0,0.0,0.0
2019-03-28,23,0,41,116.0,116.0,0.0,663.081157,0.0
2019-03-28,23,0,42,0.0,0.0,0.0,0.0,0.0
2019-03-28,23,0,43,0.0,0.0,0.0,0.0,0.0
2019-03-28,23,0,46,0.0,0.0,0.0,0.0,0.0
2019-03-28,23,0,52,19.43,19.43,0.0,114.38297,0.0
2019-03-28,23,0,53,30.86,30.86,0.0,181.670533,0.0
2019-03-28,23,0,55,405.08,405.08,0.0,2383.379564,0.0
2019-03-28,23,0,56,0.0,0.0,0.0,0.0,0.0
2019-03-28,23,0,57,0.0,0.0,0.0,0.0,0.0
2019-03-28,23,0,58,0.0,0.0,0.0,0.0,0.0
2019-03-28,23,0,59,0.0,0.0,0.0,0.0,0.0
2019-03-28,23,0,63,170.0,170.0,0.0,15973.80369,0.0
2019-03-28,23,0,64,200.0,200.0,0.0,18792.710223,0.0
2019-03-28,23,0,65,41.4,41.4,0.0,145.503081,0.0
2019-03-28,23,0,67,0.0,0.0,0.0,-0.0,0.0
2019-03-28,23,0,68,10.2,10.2,0.0,-4313.653545,0.0
2019-03-28,23,0,69,0.0,0.0,0.0,0.0,0.0
2019-03-28,23,0,74,58.35,58.35,0.0,319.66323,0.0
2019-03-28,23,0,77,200.0,200.0,0.0,-60931.17164,0.0
2019-03-28,23,0,78,151.2,151.2,0.0,-46063.96576,0.0
2019-03-28,23,0,79,87.5,87.5,0.0,-26657.387592,0.0
2019-03-28,23,0,80,141.5,141.5,0.0,-43108.803935,0.0
2019-03-28,23,0,81,185.0,185.0,0.0,-56361.333767,0.0
2019-03-28,23,0,82,130.5,130.5,0.0,-39757.589495,0.0
2019-03-28,23,0,83,291.0,291.0,0.0,-88654.854736,0.0
2019-03-28,23,0,84,0.0,0.0,0.0,-0.0,0.0
2019-03-28,23,0,86,0.0,0.0,0.0,0.0,0.0
2019-03-28,23,0,87,0.0,0.0,0.0,0.0,0.0
2019-03-28,23,0,88,170.6,170.6,0.0,-51974.289409,0.0
2019-03-28,23,0,89,164.0,164.0,0.0,-49963.560745,0.0
2019-03-28,23,0,90,220.2,220.2,0.0,-67085.219976,0.0
2019-03-28,23,0,91,785.5,785.5,0.0,-239307.176616,0.0
2019-03-28,23,0,92,282.5,282.5,0.0,-86065.279941,0.0
2019-03-28,23,0,95,120.0,120.0,0.0,2691.568394,0.0
2019-03-28,23,0,96,29.88,29.88,0.0,176.001283,0.0
2019-03-28,23,0,97,183.75,183.75,0.0,1082.337206,0.0
2019-03-28,23,0,99,11.26,11.26,0.0,61.686512,0.0
2019-03-28,23,0,101,0.0,0.0,0.0,0.0,0.0
2019-03-28,23,0,102,24.15,24.15,0.0,-10213.209128,0.0
2019-03-28,23,0,103,21.0,21.0,0.0,-8881.051416,0.0
2019-03-28,23,0,104,3.9,3.9,0.0,-1649.33812,0.0
2019-03-28,23,0,106,0.0,0.0,0.0,0.0,0.0
2019-03-28,23,0,109,200.0,200.0,0.0,1121.529063,0.0
2019-03-28,23,0,110,129.62,129.62,0.0,-129620.0,0.0
2019-03-28,23,0,111,0.0,0.0,0.0,0.0,0.0
2019-03-28,23,0,113,150.0,150.0,0.0,-41349.861968,0.0
2019-03-28,23,0,115,150.0,150.0,0.0,-41349.861968,0.0
2019-03-28,23,0,116,0.0,0.0,0.0,-0.0,0.0
2019-03-28,23,0,117,10.0,10.0,0.0,-2756.657465,0.0
2019-03-28,23,0,119,200.0,200.0,0.0,18792.710223,0.0
2019-03-28,23,0,120,117.6,117.6,0.0,11050.113611,0.0
2019-03-28,23,0,123,0.0,0.0,0.0,0.0,0.0
2019-03-28,23,0,125,174.2,174.2,0.0,1024.944999,0.0
2019-03-28,23,0,126,0.0,0.0,0.0,0.0,0.0
2019-03-28,23,0,127,0.0,0.0,0.0,0.0,0.0
2019-03-28,23,0,128,249.5,249.5,0.0,1467.989536,0.0
2019-03-28,23,0,131,30.0,30.0,0.0,-11549.021,0.0
2019-03-28,23,0,132,44.1,44.1,0.0,-16977.06087,0.0
2019-03-28,23,0,133,139.8,139.8,0.0,786.707579,0.0
2019-03-28,23,0,134,0.0,0.0,0.0,0.0,0.0
2019-03-28,23,0,135,187.33,187.33,0.0,1054.176901,0.0
2019-03-28,23,0,136,45.9,45.9,0.0,165.944822,0.0
2019-03-28,23,0,139,149.8,149.8,0.0,856.289287,0.0
2019-03-28,23,0,140,95.93,95.93,0.0,-95930.0,0.0
2019-03-28,23,0,141,222.56,222.56,0.0,-125739.096611,0.0
2019-03-28,23,0,142,0.0,0.0,0.0,-0.0,0.0
2019-03-28,23,0,143,25.27,25.27,0.0,148.762617,0.0
2019-03-28,23,0,145,19.05,19.05,0.0,110.170564,0.0
2019-03-28,23,0,146,65.02,65.02,0.0,-65020.0,0.0
2019-03-28,23,0,152,0.0,0.0,0.0,0.0,0.0
2019-03-28,23,0,153,0.0,0.0,0.0,0.0,0.0
2019-03-28,23,0,154,0.0,0.0,0.0,0.0,0.0
2019-03-28,23,0,157,13.92,13.92,0.0,-7864.34321,0.0
2019-03-28,23,0,158,0.0,0.0,0.0,-0.0,0.0
2019-03-28,23,0,159,0.0,0.0,0.0,0.0,0.0
2019-03-28,23,0,160,0.0,0.0,0.0,0.0,0.0
2019-03-28,23,0,161,0.0,0.0,0.0,-0.0,0.0
2019-03-28,23,0,162,48.75,48.75,0.0,1132.030225,0.0
2019-03-28,23,0,163,185.4,185.4,0.0,-185400.0,0.0
2019-03-28,23,0,164,0.0,0.0,0.0,0.0,0.0
2019-03-28,23,0,167,0.0,0.0,0.0,0.0,0.0
2019-03-28,23,0,168,0.0,0.0,0.0,0.0,0.0
2019-03-28,23,0,169,0.0,0.0,0.0,0.0,0.0
2019-03-28,23,0,170,0.0,0.0,0.0,0.0,0.0
2019-03-28,23,0,172,0.0,0.0,0.0,0.0,0.0
2019-03-28,23,0,173,0.0,0.0,0.0,0.0,0.0
2019-03-28,23,0,188,0.0,0.0,0.0,0.0,0.0
2019-03-28,23,0,190,0.0,0.0,0.0,0.0,0.0
2019-03-28,23,0,191,0.0,0.0,0.0,0.0,0.0
2019-03-28,23,0,192,145.74,145.74,0.0,4725.992174,0.0
2019-03-28,23,0,194,176.5,176.5,0.0,-25217.294313,0.0
2019-03-28,23,0,196,0.0,0.0,0.0,0.0,0.0
2019-03-28,23,0,198,0.0,0.0,0.0,0.0,0.0
2019-03-28,23,0,199,95.85,95.85,0.0,-3560.086191,0.0
2019-03-28,23,0,200,0.0,0.0,0.0,-0.0,0.0
2019-03-28,23,0,204,857.0,857.0,0.0,4816.821422,0.0
2019-03-28,23,0,205,1058.0,1058.0,0.0,5932.888743,0.0
2019-03-28,23,0,206,539.94,539.94,0.0,3180.392658,0.0
2019-03-28,23,0,210,0.0,0.0,0.0,0.0,0.0
2019-03-28,23,0,214,0.0,0.0,0.0,0.0,0.0
2019-03-28,23,0,217,0.0,0.0,0.0,0.0,0.0
2019-03-28,23,0,218,0.0,0.0,0.0,0.0,0.0
2019-03-28,23,0,219,0.0,0.0,0.0,0.0,0.0
2019-03-28,23,0,221,0.0,0.0,0.0,0.0,0.0
2019-03-28,23,0,225,0.0,0.0,0.0,0.0,0.0
2019-03-28,23,0,233,0.0,0.0,0.0,0.0,0.0
2019-03-28,23,0,236,117.46,117.46,0.0,636.98614,0.0
2019-03-28,23,0,237,139.98,139.98,0.0,766.863049,0.0
2019-03-28,23,0,238,0.0,0.0,0.0,0.0,0.0
2019-03-28,23,0,240,0.0,0.0,0.0,0.0,0.0
2019-03-28,23,0,245,260.0,260.0,0.0,1299.182789,0.0
2019-03-28,23,0,247,171.72,171.72,0.0,858.060264,0.0
2019-03-28,23,0,248,14.05,14.05,0.0,76.97118,0.0
2019-03-28,23,0,249,500.0,500.0,0.0,2498.428441,0.0
2019-03-28,23,0,251,326.4,326.4,0.0,1341.191436,0.0
2019-03-28,23,0,252,267.06,267.06,0.0,938.600311,0.0
2019-03-28,23,0,254,0.0,0.0,0.0,0.0,0.0
2019-03-28,23,0,255,0.0,0.0,0.0,0.0,0.0
2019-03-28,23,0,258,0.0,0.0,0.0,0.0,0.0
2019-03-28,23,0,260,0.0,0.0,0.0,0.0,0.0
2019-03-28,23,0,265,0.0,0.0,0.0,0.0,0.0
2019-03-28,23,0,266,97.0,97.0,0.0,554.473036,0.0
2019-03-28,23,0,267,119.2,119.2,0.0,681.37305,0.0
2019-03-28,23,0,270,579.0,579.0,0.0,-579000.0,0.0
2019-03-28,23,0,272,501.3,501.3,0.0,-138191.238696,0.0
2019-03-28,23,0,273,0.0,0.0,0.0,-0.0,0.0
2019-03-28,23,0,274,746.4,746.4,0.0,-746400.0,0.0
2019-03-28,23,0,275,1039.0,1039.0,0.0,-1039000.0,0.0
2019-03-28,23,0,276,0.0,0.0,0.0,-0.0,0.0
2019-03-28,23,0,277,0.0,0.0,0.0,-0.0,0.0
2019-03-28,23,0,278,0.0,0.0,0.0,-0.0,0.0
2019-03-28,23,0,279,264.6,264.6,0.0,-76016.497432,0.0
2019-03-28,23,0,281,8.22,8.22,0.0,48.390531,0.0
2019-03-28,23,0,282,0.0,0.0,0.0,0.0,0.0
2019-03-29,0,0,9,0.0,0.0,0.0,0.0,0.0
2019-03-29,0,0,17,0.0,0.0,0.0,0.0,0.0
2019-03-29,0,0,19,643.3,643.3,0.0,1067.080668,0.0
2019-03-29,0,0,20,780.2,780.2,0.0,1294.164988,0.0
2019-03-29,0,0,21,0.0,0.0,0.0,0.0,0.0
2019-03-29,0,0,22,0.0,0.0,0.0,0.0,0.0
2019-03-29,0,0,23,108.8,108.8,0.0,610.670981,0.0
2019-03-29,0,0,24,192.5,192.5,0.0,1080.461065,0.0
2019-03-29,0,0,29,0.0,0.0,0.0,0.0,0.0
2019-03-29,0,0,30,0.0,0.0,0.0,0.0,0.0
2019-03-29,0,0,31,19.2,19.2,0.0,107.802628,0.0
2019-03-29,0,0,32,0.0,0.0,0.0,0.0,0.0
2019-03-29,0,0,33,0.0,0.0,0.0,0.0,0.0
2019-03-29,0,0,34,0.0,0.0,0.0,0.0,0.0
2019-03-29,0,0,35,0.0,0.0,0.0,0.0,0.0
2019-03-29,0,0,36,0.0,0.0,0.0,0.0,0.0
2019-03-29,0,0,37,0.0,0.0,0.0,0.0,0.0
2019-03-29,0,0,38,0.0,0.0,0.0,0.0,0.0
2019-03-29,0,0,39,0.0,0.0,0.0,0.0,0.0
2019-03-29,0,0,40,0.0,0.0,0.0,0.0,0.0
2019-03-29,0,0,41,116.0,116.0,0.0,639.295436,0.0
2019-03-29,0,0,42,0.0,0.0,0.0,0.0,0.0
2019-03-29,0,0,43,0.0,0.0,0.0,0.0,0.0
2019-03-29,0,0,46,0.0,0.0,0.0,0.0,0.0
2019-03-29,0,0,52,20.35,20.35,0.0,114.259557,0.0
2019-03-29,0,0,53,32.34,32.34,0.0,181.580052,0.0
2019-03-29,0,0,55,520.44,520.44,0.0,2921.117697,0.0
2019-03-29,0,0,56,0.0,0.0,0.0,0.0,0.0
2019-03-29,0,0,57,0.0,0.0,0.0,0.0,0.0
2019-03-29,0,0,58,0.0,0.0,0.0,0.0,0.0
2019-03-29,0,0,59,0.0,0.0,0.0,0.0,0.0
2019-03-29,0,0,63,170.0,170.0,0.0,15961.164559,0.0
2019-03-29,0,0,64,200.0,200.0,0.0,18777.840658,0.0
2019-03-29,0,0,65,41.4,41.4,0.0,143.563426,0.0
2019-03-29,0,0,67,0.0,0.0,0.0,-0.0,0.0
2019-03-29,0,0,68,10.2,10.2,0.0,-4313.722188,0.0
2019-03-29,0,0,69,0.0,0.0,0.0,0.0,0.0
2019-03-29,0,0,74,55.07,55.07,0.0,295.47359,0.0
2019-03-29,0,0,77,200.0,200.0,0.0,-60931.161363,0.0
2019-03-29,0,0,78,151.2,151.2,0.0,-46063.95799,0.0
2019-03-29,0,0,79,87.5,87.5,0.0,-26657.383096,0.0
2019-03-29,0,0,80,141.5,141.5,0.0,-43108.796664,0.0
2019-03-29,0,0,81,185.0,185.0,0.0,-56361.324261,0.0
2019-03-29,0,0,82,130.5,130.5,0.0,-39757.582789,0.0
2019-03-29,0,0,83,291.0,291.0,0.0,-88654.839783,0.0
2019-03-29,0,0,84,0.0,0.0,0.0,-0.0,0.0
2019-03-29,0,0,86,0.0,0.0,0.0,0.0,0.0
2019-03-29,0,0,87,0.0,0.0,0.0,0.0,0.0
2019-03-29,0,0,88,170.6,170.6,0.0,-51974.280642,0.0
2019-03-29,0,0,89,164.0,164.0,0.0,-49963.552317,0.0
2019-03-29,0,0,90,220.2,220.2,0.0,-67085.20866,0.0
2019-03-29,0,0,91,785.5,785.5,0.0,-239307.136252,0.0
2019-03-29,0,0,92,282.5,282.5,0.0,-86065.265425,0.0
2019-03-29,0,0,95,67.44,67.44,0.0,1512.661437,0.0
2019-03-29,0,0,96,29.88,29.88,0.0,167.828281,0.0
2019-03-29,0,0,97,183.75,183.75,0.0,1032.076526,0.0
2019-03-29,0,0,99,10.63,10.63,0.0,57.034397,0.0
2019-03-29,0,0,101,0.0,0.0,0.0,0.0,0.0
2019-03-29,0,0,102,24.15,24.15,0.0,-10213.371651,0.0
2019-03-29,0,0,103,21.0,21.0,0.0,-8881.19274,0.0
2019-03-29,0,0,104,3.9,3.9,0.0,-1649.364366,0.0
2019-03-29,0,0,106,0.0,0.0,0.0,0.0,0.0
2019-03-29,0,0,109,200.0,200.0,0.0,1089.215134,0.0
2019-03-29,0,0,110,124.08,124.08,0.0,-124080.0,0.0
2019-03-29,0,0,111,0.0,0.0,0.0,0.0,0.0
2019-03-29,0,0,113,150.0,150.0,0.0,-41353.924876,0.0
2019-03-29,0,0,115,150.0,150.0,0.0,-41353.924876,0.0
2019-03-29,0,0,116,0.0,0.0,0.0,-0.0,0.0
2019-03-29,0,0,117,10.0,10.0,0.0,-2756.928325,0.0
2019-03-29,0,0,119,200.0,200.0,0.0,18777.840658,0.0
2019-03-29,0,0,120,117.6,117.6,0.0,11041.370307,0.0
2019-03-29,0,0,123,0.0,0.0,0.0,0.0,0.0
2019-03-29,0,0,125,174.2,174.2,0.0,977.747104,0.0
2019-03-29,0,0,126,0.0,0.0,0.0,0.0,0.0
2019-03-29,0,0,127,0.0,0.0,0.0,0.0,0.0
2019-03-29,0,0,128,249.5,249.5,0.0,1400.389796,0.0
2019-03-29,0,0,131,30.0,30.0,0.0,-11549.236164,0.0
2019-03-29,0,0,132,44.1,44.1,0.0,-16977.377161,0.0
2019-03-29,0,0,133,139.8,139.8,0.0,776.247195,0.0
2019-03-29,0,0,134,0.0,0.0,0.0,0.0,0.0
2019-03-29,0,0,135,187.33,187.33,0.0,1040.160136,0.0
2019-03-29,0,0,136,45.9,45.9,0.0,163.726383,0.0
2019-03-29,0,0,139,149.8,149.8,0.0,825.572899,0.0
2019-03-29,0,0,140,91.83,91.83,0.0,-91830.0,0.0
2019-03-29,0,0,141,230.0,230.0,0.0,-129943.619275,0.0
2019-03-29,0,0,142,0.0,0.0,0.0,-0.0,0.0
2019-03-29,0,0,143,79.34,79.34,0.0,445.471903,0.0
2019-03-29,0,0,145,19.68,19.68,0.0,109.265187,0.0
2019-03-29,0,0,146,67.79,67.79,0.0,-67790.0,0.0
2019-03-29,0,0,152,0.0,0.0,0.0,0.0,0.0
2019-03-29,0,0,153,0.0,0.0,0.0,0.0,0.0
2019-03-29,0,0,154,0.0,0.0,0.0,0.0,0.0
2019-03-29,0,0,157,7.32,7.32,0.0,-4135.596927,0.0
2019-03-29,0,0,158,0.0,0.0,0.0,-0.0,0.0
2019-03-29,0,0,159,0.0,0.0,0.0,0.0,0.0
2019-03-29,0,0,160,0.0,0.0,0.0,0.0,0.0
2019-03-29,0,0,161,0.0,0.0,0.0,-0.0,0.0
2019-03-29,0,0,162,48.75,48.75,0.0,1131.920152,0.0
2019-03-29,0,0,163,185.4,185.4,0.0,-185400.0,0.0
2019-03-29,0,0,164,0.0,0.0,0.0,0.0,0.0
2019-03-29,0,0,167,0.0,0.0,0.0,0.0,0.0
2019-03-29,0,0,168,0.0,0.0,0.0,0.0,0.0
2019-03-29,0,0,169,0.0,0.0,0.0,0.0,0.0
2019-03-29,0,0,170,0.0,0.0,0.0,0.0,0.0
2019-03-29,0,0,172,0.0,0.0,0.0,0.0,0.0
2019-03-29,0,0,173,0.0,0.0,0.0,0.0,0.0
2019-03-29,0,0,188,0.0,0.0,0.0,0.0,0.0
2019-03-29,0,0,190,0.0,0.0,0.0,0.0,0.0
2019-03-29,0,0,191,0.0,0.0,0.0,0.0,0.0
2019-03-29,0,0,192,144.76,144.76,0.0,4694.213168,0.0
2019-03-29,0,0,194,176.5,176.5,0.0,-25226.76154,0.0
2019-03-29,0,0,196,0.0,0.0,0.0,0.0,0.0
2019-03-29,0,0,198,0.0,0.0,0.0,0.0,0.0
2019-03-29,0,0,199,39.0,39.0,0.0,-1445.905079,0.0
2019-03-29,0,0,200,0.0,0.0,0.0,-0.0,0.0
2019-03-29,0,0,204,857.0,857.0,0.0,4674.078381,0.0
2019-03-29,0,0,205,1058.0,1058.0,0.0,5761.948057,0.0
2019-03-29,0,0,206,539.94,539.94,0.0,3032.704214,0.0
2019-03-29,0,0,210,0.0,0.0,0.0,0.0,0.0
2019-03-29,0,0,214,0.0,0.0,0.0,0.0,0.0
2019-03-29,0,0,217,0.0,0.0,0.0,0.0,0.0
2019-03-29,0,0,218,0.0,0.0,0.0,0.0,0.0
2019-03-29,0,0,219,0.0,0.0,0.0,0.0,0.0
2019-03-29,0,0,221,0.0,0.0,0.0,0.0,0.0
2019-03-29,0,0,225,0.0,0.0,0.0,0.0,0.0
2019-03-29,0,0,233,0.0,0.0,0.0,0.0,0.0
2019-03-29,0,0,236,108.36,108.36,0.0,577.80746,0.0
2019-03-29,0,0,237,132.12,132.12,0.0,708.879075,0.0
2019-03-29,0,0,238,0.0,0.0,0.0,0.0,0.0
2019-03-29,0,0,240,0.0,0.0,0.0,0.0,0.0
2019-03-29,0,0,245,164.49,164.49,0.0,811.875337,0.0
2019-03-29,0,0,247,171.72,171.72,0.0,847.560538,0.0
2019-03-29,0,0,248,13.26,13.26,0.0,71.145448,0.0
2019-03-29,0,0,249,308.16,308.16,0.0,1520.989141,0.0
2019-03-29,0,0,251,326.4,326.4,0.0,1322.462286,0.0
2019-03-29,0,0,252,267.06,267.06,0.0,926.08813,0.0
2019-03-29,0,0,254,0.0,0.0,0.0,0.0,0.0
2019-03-29,0,0,255,0.0,0.0,0.0,0.0,0.0
2019-03-29,0,0,258,0.0,0.0,0.0,0.0,0.0
2019-03-29,0,0,260,0.0,0.0,0.0,0.0,0.0
2019-03-29,0,0,265,0.0,0.0,0.0,0.0,0.0
2019-03-29,0,0,266,97.0,97.0,0.0,534.583252,0.0
2019-03-29,0,0,267,119.2,119.2,0.0,656.931172,0.0
2019-03-29,0,0,270,579.0,579.0,0.0,-579000.0,0.0
2019-03-29,0,0,272,501.3,501.3,0.0,-138204.816937,0.0
2019-03-29,0,0,273,0.0,0.0,0.0,-0.0,0.0
2019-03-29,0,0,274,746.4,746.4,0.0,-746400.0,0.0
2019-03-29,0,0,275,1039.0,1039.0,0.0,-1039000.0,0.0
2019-03-29,0,0,276,0.0,0.0,0.0,-0.0,0.0
2019-03-29,0,0,277,0.0,0.0,0.0,-0.0,0.0
2019-03-29,0,0,278,0.0,0.0,0.0,-0.0,0.0
2019-03-29,0,0,279,264.6,264.6,0.0,-76020.785598,0.0
2019-03-29,0,0,281,8.62,8.62,0.0,48.398888,0.0
2019-03-29,0,0,282,0.0,0.0,0.0,0.0,0.0
2019-03-29,1,0,9,0.0,0.0,0.0,-0.0,0.0
2019-03-29,1,0,17,0.0,0.0,0.0,0.0,0.0
2019-03-29,1,0,19,643.3,643.3,0.0,1435.656271,0.0
2019-03-29,1,0,20,780.2,780.2,0.0,1741.17678,0.0
2019-03-29,1,0,21,0.0,0.0,0.0,-0.0,0.0
2019-03-29,1,0,22,0.0,0.0,0.0,-0.0,0.0
2019-03-29,1,0,23,108.8,108.8,0.0,-994.626473,0.0
2019-03-29,1,0,24,192.5,192.5,0.0,-1759.794082,0.0
2019-03-29,1,0,29,0.0,0.0,0.0,0.0,0.0
2019-03-29,1,0,30,0.0,0.0,0.0,-0.0,0.0
2019-03-29,1,0,31,45.13,45.13,0.0,-416.348054,0.0
2019-03-29,1,0,32,0.0,0.0,0.0,0.0,0.0
2019-03-29,1,0,33,0.0,0.0,0.0,0.0,0.0
2019-03-29,1,0,34,0.0,0.0,0.0,0.0,0.0
2019-03-29,1,0,35,0.0,0.0,0.0,0.0,0.0
2019-03-29,1,0,36,0.0,0.0,0.0,0.0,0.0
2019-03-29,1,0,37,0.0,0.0,0.0,0.0,0.0
2019-03-29,1,0,38,0.0,0.0,0.0,0.0,0.0
2019-03-29,1,0,39,0.0,0.0,0.0,0.0,0.0
2019-03-29,1,0,40,0.0,0.0,0.0,0.0,0.0
2019-03-29,1,0,41,116.0,116.0,0.0,-554.530899,0.0
2019-03-29,1,0,42,0.0,0.0,0.0,0.0,0.0
2019-03-29,1,0,43,0.0,0.0,0.0,0.0,0.0
2019-03-29,1,0,46,0.0,0.0,0.0,-0.0,0.0
2019-03-29,1,0,52,48.04,48.04,0.0,-443.194339,0.0
2019-03-29,1,0,53,78.53,78.53,0.0,-724.480672,0.0
2019-03-29,1,0,55,524.08,524.08,0.0,-4791.02796,0.0
2019-03-29,1,0,56,0.0,0.0,0.0,-0.0,0.0
2019-03-29,1,0,57,0.0,0.0,0.0,-0.0,0.0
2019-03-29,1,0,58,0.0,0.0,0.0,-0.0,0.0
2019-03-29,1,0,59,0.0,0.0,0.0,-0.0,0.0
2019-03-29,1,0,63,170.0,170.0,0.0,16150.206199,0.0
2019-03-29,1,0,64,200.0,200.0,0.0,19000.242587,0.0
2019-03-29,1,0,65,41.4,41.4,0.0,126.06713,0.0
2019-03-29,1,0,67,0.0,0.0,0.0,-0.0,0.0
2019-03-29,1,0,68,10.2,10.2,0.0,-4275.3722,0.0
2019-03-29,1,0,69,0.0,0.0,0.0,0.0,0.0
2019-03-29,1,0,74,52.0,52.0,0.0,68.100607,0.0
2019-03-29,1,0,77,200.0,200.0,0.0,-59914.537545,0.0
2019-03-29,1,0,78,151.2,151.2,0.0,-45295.390384,0.0
2019-03-29,1,0,79,87.5,87.5,0.0,-26212.610176,0.0
2019-03-29,1,0,80,141.5,141.5,0.0,-42389.535313,0.0
2019-03-29,1,0,81,185.0,185.0,0.0,-55420.947229,0.0
2019-03-29,1,0,82,130.5,130.5,0.0,-39094.235748,0.0
2019-03-29,1,0,83,291.0,291.0,0.0,-87175.652128,0.0
2019-03-29,1,0,84,0.0,0.0,0.0,-0.0,0.0
2019-03-29,1,0,86,0.0,0.0,0.0,0.0,0.0
2019-03-29,1,0,87,0.0,0.0,0.0,0.0,0.0
2019-03-29,1,0,88,170.6,170.6,0.0,-51107.100526,0.0
2019-03-29,1,0,89,164.0,164.0,0.0,-49129.920787,0.0
2019-03-29,1,0,90,220.2,220.2,0.0,-65965.905837,0.0
2019-03-29,1,0,91,785.5,785.5,0.0,-235314.346207,0.0
2019-03-29,1,0,92,282.5,282.5,0.0,-84629.284282,0.0
2019-03-29,1,0,95,88.63,88.63,0.0,1987.947556,0.0
2019-03-29,1,0,96,29.88,29.88,0.0,-278.273756,0.0
2019-03-29,1,0,97,183.75,183.75,0.0,-1711.271841,0.0
2019-03-29,1,0,99,10.04,10.04,0.0,13.148656,0.0
2019-03-29,1,0,101,0.0,0.0,0.0,-0.0,0.0
2019-03-29,1,0,102,24.15,24.15,0.0,-10122.572414,0.0
2019-03-29,1,0,103,21.0,21.0,0.0,-8802.236881,0.0
2019-03-29,1,0,104,3.9,3.9,0.0,-1634.701135,0.0
2019-03-29,1,0,106,0.0,0.0,0.0,-0.0,0.0
2019-03-29,1,0,109,200.0,200.0,0.0,-379.928495,0.0
2019-03-29,1,0,110,125.08,125.08,0.0,-125080.0,0.0
2019-03-29,1,0,111,0.0,0.0,0.0,-0.0,0.0
2019-03-29,1,0,113,84.36,84.36,0.0,-22965.886352,0.0
2019-03-29,1,0,115,84.36,84.36,0.0,-22965.886352,0.0
2019-03-29,1,0,116,0.0,0.0,0.0,-0.0,0.0
2019-03-29,1,0,117,5.76,5.76,0.0,-1568.083279,0.0
2019-03-29,1,0,119,200.0,200.0,0.0,19000.242587,0.0
2019-03-29,1,0,120,117.6,117.6,0.0,11172.142641,0.0
2019-03-29,1,0,123,0.0,0.0,0.0,-0.0,0.0
2019-03-29,1,0,125,174.2,174.2,0.0,-1592.499371,0.0
2019-03-29,1,0,126,0.0,0.0,0.0,-0.0,0.0
2019-03-29,1,0,127,0.0,0.0,0.0,-0.0,0.0
2019-03-29,1,0,128,249.5,249.5,0.0,-2280.875965,0.0
2019-03-29,1,0,131,30.0,30.0,0.0,-11429.026653,0.0
2019-03-29,1,0,132,44.1,44.1,0.0,-16800.66918,0.0
2019-03-29,1,0,133,139.8,139.8,0.0,586.49756,0.0
2019-03-29,1,0,134,0.0,0.0,0.0,0.0,0.0
2019-03-29,1,0,135,187.32,187.32,0.0,785.856387,0.0
2019-03-29,1,0,136,45.9,45.9,0.0,141.819684,0.0
2019-03-29,1,0,139,149.8,149.8,0.0,-716.10973,0.0
2019-03-29,1,0,140,92.57,92.57,0.0,-92570.0,0.0
2019-03-29,1,0,141,230.0,230.0,0.0,-129291.736855,0.0
2019-03-29,1,0,142,0.0,0.0,0.0,-0.0,0.0
2019-03-29,1,0,143,127.98,127.98,0.0,-1180.683005,0.0
2019-03-29,1,0,145,20.31,20.31,0.0,-132.142681,0.0
2019-03-29,1,0,146,70.87,70.87,0.0,-70870.0,0.0
2019-03-29,1,0,152,0.0,0.0,0.0,0.0,0.0
2019-03-29,1,0,153,0.0,0.0,0.0,0.0,0.0
2019-03-29,1,0,154,0.0,0.0,0.0,-0.0,0.0
2019-03-29,1,0,157,6.92,6.92,0.0,-3889.994865,0.0
2019-03-29,1,0,158,0.0,0.0,0.0,-0.0,0.0
2019-03-29,1,0,159,0.0,0.0,0.0,0.0,0.0
2019-03-29,1,0,160,0.0,0.0,0.0,0.0,0.0
2019-03-29,1,0,161,0.0,0.0,0.0,-0.0,0.0
2019-03-29,1,0,162,47.52,47.52,0.0,1104.247128,0.0
2019-03-29,1,0,163,185.4,185.4,0.0,-185400.0,0.0
2019-03-29,1,0,164,0.0,0.0,0.0,-0.0,0.0
2019-03-29,1,0,167,0.0,0.0,0.0,0.0,0.0
2019-03-29,1,0,168,0.0,0.0,0.0,0.0,0.0
2019-03-29,1,0,169,0.0,0.0,0.0,0.0,0.0
2019-03-29,1,0,170,0.0,0.0,0.0,0.0,0.0
2019-03-29,1,0,172,0.0,0.0,0.0,-0.0,0.0
2019-03-29,1,0,173,0.0,0.0,0.0,-0.0,0.0
2019-03-29,1,0,188,0.0,0.0,0.0,0.0,0.0
2019-03-29,1,0,190,0.0,0.0,0.0,0.0,0.0
2019-03-29,1,0,191,0.0,0.0,0.0,0.0,0.0
2019-03-29,1,0,192,144.1,144.1,0.0,4672.810981,0.0
2019-03-29,1,0,194,176.5,176.5,0.0,-24763.077924,0.0
2019-03-29,1,0,196,0.0,0.0,0.0,0.0,0.0
2019-03-29,1,0,198,0.0,0.0,0.0,0.0,0.0
2019-03-29,1,0,199,95.96,95.96,0.0,-2698.423083,0.0
2019-03-29,1,0,200,0.0,0.0,0.0,-0.0,0.0
2019-03-29,1,0,204,857.0,857.0,0.0,-1910.858351,0.0
2019-03-29,1,0,205,1058.0,1058.0,0.0,-2009.821737,0.0
2019-03-29,1,0,206,539.94,539.94,0.0,-5028.484994,0.0
2019-03-29,1,0,210,0.0,0.0,0.0,0.0,0.0
2019-03-29,1,0,214,0.0,0.0,0.0,0.0,0.0
2019-03-29,1,0,217,0.0,0.0,0.0,0.0,0.0
2019-03-29,1,0,218,0.0,0.0,0.0,0.0,0.0
2019-03-29,1,0,219,0.0,0.0,0.0,0.0,0.0
2019-03-29,1,0,221,0.0,0.0,0.0,0.0,0.0
2019-03-29,1,0,225,0.0,0.0,0.0,0.0,0.0
2019-03-29,1,0,233,0.0,0.0,0.0,0.0,0.0
2019-03-29,1,0,236,100.02,100.02,0.0,278.44828,0.0
2019-03-29,1,0,237,124.74,124.74,0.0,163.36288,0.0
2019-03-29,1,0,238,0.0,0.0,0.0,0.0,0.0
2019-03-29,1,0,240,0.0,0.0,0.0,0.0,0.0
2019-03-29,1,0,245,78.0,78.0,0.0,329.538679,0.0
2019-03-29,1,0,247,171.72,171.72,0.0,725.492076,0.0
2019-03-29,1,0,248,12.52,12.52,0.0,16.396531,0.0
2019-03-29,1,0,249,150.01,150.01,0.0,633.770477,0.0
2019-03-29,1,0,251,326.4,326.4,0.0,1038.861603,0.0
2019-03-29,1,0,252,267.06,267.06,0.0,813.224342,0.0
2019-03-29,1,0,254,0.0,0.0,0.0,0.0,0.0
2019-03-29,1,0,255,0.0,0.0,0.0,0.0,0.0
2019-03-29,1,0,258,0.0,0.0,0.0,0.0,0.0
2019-03-29,1,0,260,0.0,0.0,0.0,0.0,0.0
2019-03-29,1,0,265,0.0,0.0,0.0,-0.0,0.0
2019-03-29,1,0,266,97.0,97.0,0.0,-463.702562,0.0
2019-03-29,1,0,267,119.2,119.2,0.0,-569.828303,0.0
2019-03-29,1,0,270,579.0,579.0,0.0,-579000.0,0.0
2019-03-29,1,0,272,281.35,281.35,0.0,-76593.79001,0.0
2019-03-29,1,0,273,0.0,0.0,0.0,-0.0,0.0
2019-03-29,1,0,274,746.4,746.4,0.0,-746400.0,0.0
2019-03-29,1,0,275,1039.0,1039.0,0.0,-1039000.0,0.0
2019-03-29,1,0,276,0.0,0.0,0.0,-0.0,0.0
2019-03-29,1,0,277,0.0,0.0,0.0,-0.0,0.0
2019-03-29,1,0,278,0.0,0.0,0.0,-0.0,0.0
2019-03-29,1,0,279,264.6,264.6,0.0,-74933.69516,0.0
2019-03-29,1,0,281,18.63,18.63,0.0,-171.871577,0.0
2019-03-29,1,0,282,0.0,0.0,0.0,-0.0,0.0
2019-03-29,2,0,9,0.0,0.0,0.0,0.0,0.0
2019-03-29,2,0,17,0.0,0.0,0.0,0.0,0.0
2019-03-29,2,0,19,643.3,643.3,0.0,607.614013,0.0
2019-03-29,2,0,20,780.2,780.2,0.0,736.919716,0.0
2019-03-29,2,0,21,0.0,0.0,0.0,0.0,0.0
2019-03-29,2,0,22,0.0,0.0,0.0,0.0,0.0
2019-03-29,2,0,23,108.8,108.8,0.0,569.762864,0.0
2019-03-29,2,0,24,192.5,192.5,0.0,1008.082273,0.0
2019-03-29,2,0,29,0.0,0.0,0.0,0.0,0.0
2019-03-29,2,0,30,0.0,0.0,0.0,0.0,0.0
2019-03-29,2,0,31,18.53,18.53,0.0,97.041442,0.0
2019-03-29,2,0,32,0.0,0.0,0.0,0.0,0.0
2019-03-29,2,0,33,0.0,0.0,0.0,0.0,0.0
2019-03-29,2,0,34,0.0,0.0,0.0,0.0,0.0
2019-03-29,2,0,35,0.0,0.0,0.0,0.0,0.0
2019-03-29,2,0,36,0.0,0.0,0.0,0.0,0.0
2019-03-29,2,0,37,0.0,0.0,0.0,0.0,0.0
2019-03-29,2,0,38,0.0,0.0,0.0,0.0,0.0
2019-03-29,2,0,39,0.0,0.0,0.0,0.0,0.0
2019-03-29,2,0,40,0.0,0.0,0.0,0.0,0.0
2019-03-29,2,0,41,116.0,116.0,0.0,606.150875,0.0
2019-03-29,2,0,42,0.0,0.0,0.0,0.0,0.0
2019-03-29,2,0,43,0.0,0.0,0.0,0.0,0.0
2019-03-29,2,0,46,0.0,0.0,0.0,0.0,0.0
2019-03-29,2,0,52,19.64,19.64,0.0,102.854502,0.0
2019-03-29,2,0,53,31.2,31.2,0.0,163.394118,0.0
2019-03-29,2,0,55,499.76,499.76,0.0,2617.138684,0.0
2019-03-29,2,0,56,0.0,0.0,0.0,0.0,0.0
2019-03-29,2,0,57,0.0,0.0,0.0,0.0,0.0
2019-03-29,2,0,58,0.0,0.0,0.0,0.0,0.0
2019-03-29,2,0,59,0.0,0.0,0.0,0.0,0.0
2019-03-29,2,0,63,170.0,170.0,0.0,15435.423437,0.0
2019-03-29,2,0,64,200.0,200.0,0.0,18159.32169,0.0
2019-03-29,2,0,65,41.4,41.4,0.0,126.458361,0.0
2019-03-29,2,0,67,0.0,0.0,0.0,-0.0,0.0
2019-03-29,2,0,68,10.2,10.2,0.0,-4328.541485,0.0
2019-03-29,2,0,69,0.0,0.0,0.0,0.0,0.0
2019-03-29,2,0,74,34.88,34.88,0.0,181.555051,0.0
2019-03-29,2,0,77,200.0,200.0,0.0,-61279.047518,0.0
2019-03-29,2,0,78,151.2,151.2,0.0,-46326.959923,0.0
2019-03-29,2,0,79,87.5,87.5,0.0,-26809.583289,0.0
2019-03-29,2,0,80,141.5,141.5,0.0,-43354.926119,0.0
2019-03-29,2,0,81,185.0,185.0,0.0,-56683.118954,0.0
2019-03-29,2,0,82,130.5,130.5,0.0,-39984.578505,0.0
2019-03-29,2,0,83,291.0,291.0,0.0,-89161.014138,0.0
2019-03-29,2,0,84,0.0,0.0,0.0,-0.0,0.0
2019-03-29,2,0,86,0.0,0.0,0.0,0.0,0.0
2019-03-29,2,0,87,0.0,0.0,0.0,0.0,0.0
2019-03-29,2,0,88,170.6,170.6,0.0,-52271.027532,0.0
2019-03-29,2,0,89,164.0,164.0,0.0,-50248.818964,0.0
2019-03-29,2,0,90,220.2,220.2,0.0,-67468.231317,0.0
2019-03-29,2,0,91,785.5,785.5,0.0,-240673.459125,0.0
2019-03-29,2,0,92,282.5,282.5,0.0,-86556.654619,0.0
2019-03-29,2,0,95,36.0,36.0,0.0,700.048073,0.0
2019-03-29,2,0,96,29.88,29.88,0.0,156.487533,0.0
2019-03-29,2,0,97,183.75,183.75,0.0,962.335479,0.0
2019-03-29,2,0,99,6.73,6.73,0.0,35.030547,0.0
2019-03-29,2,0,101,0.0,0.0,0.0,0.0,0.0
2019-03-29,2,0,102,24.15,24.15,0.0,-10248.458516,0.0
2019-03-29,2,0,103,21.0,21.0,0.0,-8911.703058,0.0
2019-03-29,2,0,104,3.9,3.9,0.0,-1655.030568,0.0
2019-03-29,2,0,106,0.0,0.0,0.0,0.0,0.0
2019-03-29,2,0,109,195.26,195.26,0.0,1019.312792,0.0
2019-03-29,2,0,110,84.16,84.16,0.0,-84160.0,0.0
2019-03-29,2,0,111,0.0,0.0,0.0,0.0,0.0
2019-03-29,2,0,113,92.76,92.76,0.0,-25744.782885,0.0
2019-03-29,2,0,115,92.76,92.76,0.0,-25744.782885,0.0
2019-03-29,2,0,116,0.0,0.0,0.0,-0.0,0.0
2019-03-29,2,0,117,4.96,4.96,0.0,-1376.607623,0.0
2019-03-29,2,0,119,200.0,200.0,0.0,18159.32169,0.0
2019-03-29,2,0,120,117.6,117.6,0.0,10677.681154,0.0
2019-03-29,2,0,123,0.0,0.0,0.0,0.0,0.0
2019-03-29,2,0,125,174.2,174.2,0.0,912.248997,0.0
2019-03-29,2,0,126,0.0,0.0,0.0,0.0,0.0
2019-03-29,2,0,127,0.0,0.0,0.0,0.0,0.0
2019-03-29,2,0,128,249.5,249.5,0.0,1306.579361,0.0
2019-03-29,2,0,131,30.0,30.0,0.0,-11595.687821,0.0
2019-03-29,2,0,132,44.1,44.1,0.0,-17045.661097,0.0
2019-03-29,2,0,133,139.8,139.8,0.0,767.718189,0.0
2019-03-29,2,0,134,0.0,0.0,0.0,0.0,0.0
2019-03-29,2,0,135,187.33,187.33,0.0,1028.731391,0.0
2019-03-29,2,0,136,45.9,45.9,0.0,145.520708,0.0
2019-03-29,2,0,139,149.8,149.8,0.0,782.7707,0.0
2019-03-29,2,0,140,62.29,62.29,0.0,-62290.0,0.0
2019-03-29,2,0,141,230.0,230.0,0.0,-130195.521293,0.0
2019-03-29,2,0,142,0.0,0.0,0.0,-0.0,0.0
2019-03-29,2,0,143,58.93,58.93,0.0,308.615877,0.0
2019-03-29,2,0,145,20.24,20.24,0.0,105.870498,0.0
2019-03-29,2,0,146,24.18,24.18,0.0,-24180.0,0.0
2019-03-29,2,0,152,0.0,0.0,0.0,0.0,0.0
2019-03-29,2,0,153,0.0,0.0,0.0,0.0,0.0
2019-03-29,2,0,154,0.0,0.0,0.0,0.0,0.0
2019-03-29,2,0,157,0.0,0.0,0.0,-0.0,0.0
2019-03-29,2,0,158,0.0,0.0,0.0,-0.0,0.0
2019-03-29,2,0,159,0.0,0.0,0.0,0.0,0.0
2019-03-29,2,0,160,0.0,0.0,0.0,0.0,0.0
2019-03-29,2,0,161,0.0,0.0,0.0,-0.0,0.0
2019-03-29,2,0,162,39.01,39.01,0.0,789.341962,0.0
2019-03-29,2,0,163,185.4,185.4,0.0,-185400.0,0.0
2019-03-29,2,0,164,0.0,0.0,0.0,0.0,0.0
2019-03-29,2,0,167,0.0,0.0,0.0,0.0,0.0
2019-03-29,2,0,168,0.0,0.0,0.0,0.0,0.0
2019-03-29,2,0,169,0.0,0.0,0.0,0.0,0.0
2019-03-29,2,0,170,0.0,0.0,0.0,0.0,0.0
2019-03-29,2,0,172,0.0,0.0,0.0,-0.0,0.0
2019-03-29,2,0,173,0.0,0.0,0.0,-0.0,0.0
2019-03-29,2,0,188,0.0,0.0,0.0,0.0,0.0
2019-03-29,2,0,190,0.0,0.0,0.0,0.0,0.0
2019-03-29,2,0,191,0.0,0.0,0.0,0.0,0.0
2019-03-29,2,0,192,115.6,115.6,0.0,3748.625603,0.0
2019-03-29,2,0,194,176.5,176.5,0.0,-25618.149954,0.0
2019-03-29,2,0,196,0.0,0.0,0.0,0.0,0.0
2019-03-29,2,0,198,0.0,0.0,0.0,0.0,0.0
2019-03-29,2,0,199,39.0,39.0,0.0,-1466.080765,0.0
2019-03-29,2,0,200,0.0,0.0,0.0,-0.0,0.0
2019-03-29,2,0,204,857.0,857.0,0.0,4474.752453,0.0
2019-03-29,2,0,205,958.56,958.56,0.0,5003.956107,0.0
2019-03-29,2,0,206,539.94,539.94,0.0,2827.773706,0.0
2019-03-29,2,0,210,0.0,0.0,0.0,0.0,0.0
2019-03-29,2,0,214,0.0,0.0,0.0,0.0,0.0
2019-03-29,2,0,217,0.0,0.0,0.0,0.0,0.0
2019-03-29,2,0,218,0.0,0.0,0.0,0.0,0.0
2019-03-29,2,0,219,0.0,0.0,0.0,0.0,0.0
2019-03-29,2,0,221,0.0,0.0,0.0,0.0,0.0
2019-03-29,2,0,225,0.0,0.0,0.0,0.0,0.0
2019-03-29,2,0,233,0.0,0.0,0.0,0.0,0.0
2019-03-29,2,0,236,73.89,73.89,0.0,384.428491,0.0
2019-03-29,2,0,237,83.68,83.68,0.0,435.565559,0.0
2019-03-29,2,0,238,0.0,0.0,0.0,0.0,0.0
2019-03-29,2,0,240,0.0,0.0,0.0,0.0,0.0
2019-03-29,2,0,245,78.01,78.01,0.0,372.849299,0.0
2019-03-29,2,0,247,157.66,157.66,0.0,753.536988,0.0
2019-03-29,2,0,248,8.4,8.4,0.0,43.72312,0.0
2019-03-29,2,0,249,150.01,150.01,0.0,716.973764,0.0
2019-03-29,2,0,251,326.4,326.4,0.0,1218.335576,0.0
2019-03-29,2,0,252,267.06,267.06,0.0,815.748063,0.0
2019-03-29,2,0,254,0.0,0.0,0.0,0.0,0.0
2019-03-29,2,0,255,0.0,0.0,0.0,0.0,0.0
2019-03-29,2,0,258,0.0,0.0,0.0,0.0,0.0
2019-03-29,2,0,260,0.0,0.0,0.0,0.0,0.0
2019-03-29,2,0,265,0.0,0.0,0.0,0.0,0.0
2019-03-29,2,0,266,97.0,97.0,0.0,506.867542,0.0
2019-03-29,2,0,267,119.2,119.2,0.0,622.872279,0.0
2019-03-29,2,0,270,579.0,579.0,0.0,-579000.0,0.0
2019-03-29,2,0,272,400.13,400.13,0.0,-111052.824231,0.0
2019-03-29,2,0,273,0.0,0.0,0.0,-0.0,0.0
2019-03-29,2,0,274,746.39,746.39,0.0,-746390.0,0.0
2019-03-29,2,0,275,1038.99,1038.99,0.0,-1038990.0,0.0
2019-03-29,2,0,276,0.0,0.0,0.0,-0.0,0.0
2019-03-29,2,0,277,0.0,0.0,0.0,-0.0,0.0
2019-03-29,2,0,278,0.0,0.0,0.0,-0.0,0.0
2019-03-29,2,0,279,264.6,264.6,0.0,-76498.411905,0.0
2019-03-29,2,0,281,8.32,8.32,0.0,43.571765,0.0
2019-03-29,2,0,282,0.0,0.0,0.0,0.0,0.0
2019-03-29,3,0,9,0.0,0.0,0.0,0.0,0.0
2019-03-29,3,0,17,0.0,0.0,0.0,-0.0,0.0
2019-03-29,3,0,19,643.3,643.3,0.0,-143.016316,0.0
2019-03-29,3,0,20,780.2,780.2,0.0,-173.451469,0.0
2019-03-29,3,0,21,0.0,0.0,0.0,0.0,0.0
2019-03-29,3,0,22,0.0,0.0,0.0,0.0,0.0
2019-03-29,3,0,23,108.8,108.8,0.0,612.633341,0.0
2019-03-29,3,0,24,192.5,192.5,0.0,1083.93307,0.0
2019-03-29,3,0,29,0.0,0.0,0.0,0.0,0.0
2019-03-29,3,0,30,0.0,0.0,0.0,0.0,0.0
2019-03-29,3,0,31,17.2,17.2,0.0,96.573188,0.0
2019-03-29,3,0,32,0.0,0.0,0.0,0.0,0.0
2019-03-29,3,0,33,0.0,0.0,0.0,0.0,0.0
2019-03-29,3,0,34,0.0,0.0,0.0,0.0,0.0
2019-03-29,3,0,35,0.0,0.0,0.0,0.0,0.0
2019-03-29,3,0,36,0.0,0.0,0.0,0.0,0.0
2019-03-29,3,0,37,0.0,0.0,0.0,0.0,0.0
2019-03-29,3,0,38,0.0,0.0,0.0,0.0,0.0
2019-03-29,3,0,39,0.0,0.0,0.0,0.0,0.0
2019-03-29,3,0,40,0.0,0.0,0.0,0.0,0.0
2019-03-29,3,0,41,116.0,116.0,0.0,750.24355,0.0
2019-03-29,3,0,42,0.0,0.0,0.0,0.0,0.0
2019-03-29,3,0,43,0.0,0.0,0.0,0.0,0.0
2019-03-29,3,0,46,0.0,0.0,0.0,0.0,0.0
2019-03-29,3,0,52,18.23,18.23,0.0,102.35635,0.0
2019-03-29,3,0,53,28.97,28.97,0.0,162.658445,0.0
2019-03-29,3,0,55,376.43,376.43,0.0,2119.610004,0.0
2019-03-29,3,0,56,0.0,0.0,0.0,0.0,0.0
2019-03-29,3,0,57,0.0,0.0,0.0,0.0,0.0
2019-03-29,3,0,58,0.0,0.0,0.0,0.0,0.0
2019-03-29,3,0,59,0.0,0.0,0.0,0.0,0.0
2019-03-29,3,0,63,170.0,170.0,0.0,16015.486671,0.0
2019-03-29,3,0,64,200.0,200.0,0.0,18841.749025,0.0
2019-03-29,3,0,65,41.4,41.4,0.0,162.090807,0.0
2019-03-29,3,0,67,0.0,0.0,0.0,-0.0,0.0
2019-03-29,3,0,68,10.2,10.2,0.0,-4303.899607,0.0
2019-03-29,3,0,69,0.0,0.0,0.0,0.0,0.0
2019-03-29,3,0,74,21.93,21.93,0.0,167.27548,0.0
2019-03-29,3,0,77,200.0,200.0,0.0,-60675.812514,0.0
2019-03-29,3,0,78,151.2,151.2,0.0,-45870.914261,0.0
2019-03-29,3,0,79,87.5,87.5,0.0,-26545.667975,0.0
2019-03-29,3,0,80,141.5,141.5,0.0,-42928.137354,0.0
2019-03-29,3,0,81,185.0,185.0,0.0,-56125.126576,0.0
2019-03-29,3,0,82,130.5,130.5,0.0,-39590.967665,0.0
2019-03-29,3,0,83,291.0,291.0,0.0,-88283.307208,0.0
2019-03-29,3,0,84,0.0,0.0,0.0,-0.0,0.0
2019-03-29,3,0,86,0.0,0.0,0.0,0.0,0.0
2019-03-29,3,0,87,0.0,0.0,0.0,0.0,0.0
2019-03-29,3,0,88,170.6,170.6,0.0,-51756.468075,0.0
2019-03-29,3,0,89,164.0,164.0,0.0,-49754.166262,0.0
2019-03-29,3,0,90,220.2,220.2,0.0,-66804.069578,0.0
2019-03-29,3,0,91,785.5,785.5,0.0,-238304.253649,0.0
2019-03-29,3,0,92,282.5,282.5,0.0,-85704.585176,0.0
2019-03-29,3,0,95,36.0,36.0,0.0,807.470518,0.0
2019-03-29,3,0,96,27.19,27.19,0.0,152.206716,0.0
2019-03-29,3,0,97,167.2,167.2,0.0,935.967742,0.0
2019-03-29,3,0,99,4.23,4.23,0.0,32.265175,0.0
2019-03-29,3,0,101,0.0,0.0,0.0,0.0,0.0
2019-03-29,3,0,102,24.15,24.15,0.0,-10190.115246,0.0
2019-03-29,3,0,103,21.0,21.0,0.0,-8860.969779,0.0
2019-03-29,3,0,104,3.9,3.9,0.0,-1645.608673,0.0
2019-03-29,3,0,106,0.0,0.0,0.0,0.0,0.0
2019-03-29,3,0,109,200.0,200.0,0.0,1404.952878,0.0
2019-03-29,3,0,110,53.86,53.86,0.0,-53860.0,0.0
2019-03-29,3,0,111,0.0,0.0,0.0,0.0,0.0
2019-03-29,3,0,113,78.82,78.82,0.0,-21655.799585,0.0
2019-03-29,3,0,115,78.82,78.82,0.0,-21655.799585,0.0
2019-03-29,3,0,116,0.0,0.0,0.0,-0.0,0.0
2019-03-29,3,0,117,4.05,4.05,0.0,-1112.737736,0.0
2019-03-29,3,0,119,200.0,200.0,0.0,18841.749025,0.0
2019-03-29,3,0,120,117.6,117.6,0.0,11078.948427,0.0
2019-03-29,3,0,123,0.0,0.0,0.0,0.0,0.0
2019-03-29,3,0,125,174.2,174.2,0.0,980.889043,0.0
2019-03-29,3,0,126,0.0,0.0,0.0,0.0,0.0
2019-03-29,3,0,127,0.0,0.0,0.0,0.0,0.0
2019-03-29,3,0,128,249.5,249.5,0.0,1404.889876,0.0
2019-03-29,3,0,131,30.0,30.0,0.0,-11518.446908,0.0
2019-03-29,3,0,132,44.1,44.1,0.0,-16932.116954,0.0
2019-03-29,3,0,133,78.86,78.86,0.0,688.875127,0.0
2019-03-29,3,0,134,0.0,0.0,0.0,0.0,0.0
2019-03-29,3,0,135,105.53,105.53,0.0,921.848747,0.0
2019-03-29,3,0,136,45.9,45.9,0.0,190.135253,0.0
2019-03-29,3,0,139,149.8,149.8,0.0,968.848998,0.0
2019-03-29,3,0,140,39.86,39.86,0.0,-39860.0,0.0
2019-03-29,3,0,141,230.0,230.0,0.0,-129776.652662,0.0
2019-03-29,3,0,142,0.0,0.0,0.0,-0.0,0.0
2019-03-29,3,0,143,25.31,25.31,0.0,142.108569,0.0
2019-03-29,3,0,145,20.56,20.56,0.0,126.198099,0.0
2019-03-29,3,0,146,0.0,0.0,0.0,-0.0,0.0
2019-03-29,3,0,152,0.0,0.0,0.0,0.0,0.0
2019-03-29,3,0,153,0.0,0.0,0.0,0.0,0.0
2019-03-29,3,0,154,0.0,0.0,0.0,0.0,0.0
2019-03-29,3,0,157,0.0,0.0,0.0,-0.0,0.0
2019-03-29,3,0,158,0.0,0.0,0.0,-0.0,0.0
2019-03-29,3,0,159,0.0,0.0,0.0,0.0,0.0
2019-03-29,3,0,160,0.0,0.0,0.0,0.0,0.0
2019-03-29,3,0,161,0.0,0.0,0.0,-0.0,0.0
2019-03-29,3,0,162,32.03,32.03,0.0,743.874275,0.0
2019-03-29,3,0,163,185.4,185.4,0.0,-185400.0,0.0
2019-03-29,3,0,164,0.0,0.0,0.0,0.0,0.0
2019-03-29,3,0,167,0.0,0.0,0.0,0.0,0.0
2019-03-29,3,0,168,0.0,0.0,0.0,0.0,0.0
2019-03-29,3,0,169,0.0,0.0,0.0,0.0,0.0
2019-03-29,3,0,170,0.0,0.0,0.0,0.0,0.0
2019-03-29,3,0,172,0.0,0.0,0.0,-0.0,0.0
2019-03-29,3,0,173,0.0,0.0,0.0,-0.0,0.0
2019-03-29,3,0,188,0.0,0.0,0.0,0.0,0.0
2019-03-29,3,0,190,0.0,0.0,0.0,0.0,0.0
2019-03-29,3,0,191,0.0,0.0,0.0,0.0,0.0
2019-03-29,3,0,192,91.21,91.21,0.0,2957.717485,0.0
2019-03-29,3,0,194,176.5,176.5,0.0,-25084.214512,0.0
2019-03-29,3,0,196,0.0,0.0,0.0,0.0,0.0
2019-03-29,3,0,198,0.0,0.0,0.0,0.0,0.0
2019-03-29,3,0,199,39.0,39.0,0.0,-1281.551299,0.0
2019-03-29,3,0,200,0.0,0.0,0.0,-0.0,0.0
2019-03-29,3,0,204,857.0,857.0,0.0,5966.388537,0.0
2019-03-29,3,0,205,1058.0,1058.0,0.0,7432.200724,0.0
2019-03-29,3,0,206,491.31,491.31,0.0,2750.300905,0.0
2019-03-29,3,0,210,0.0,0.0,0.0,0.0,0.0
2019-03-29,3,0,214,0.0,0.0,0.0,0.0,0.0
2019-03-29,3,0,217,0.0,0.0,0.0,0.0,0.0
2019-03-29,3,0,218,0.0,0.0,0.0,0.0,0.0
2019-03-29,3,0,219,0.0,0.0,0.0,0.0,0.0
2019-03-29,3,0,221,0.0,0.0,0.0,0.0,0.0
2019-03-29,3,0,225,0.0,0.0,0.0,0.0,0.0
2019-03-29,3,0,233,0.0,0.0,0.0,0.0,0.0
2019-03-29,3,0,236,53.47,53.47,0.0,423.121012,0.0
2019-03-29,3,0,237,52.6,52.6,0.0,401.217066,0.0
2019-03-29,3,0,238,0.0,0.0,0.0,0.0,0.0
2019-03-29,3,0,240,0.0,0.0,0.0,0.0,0.0
2019-03-29,3,0,245,78.0,78.0,0.0,577.122847,0.0
2019-03-29,3,0,247,141.72,141.72,0.0,1048.58782,0.0
2019-03-29,3,0,248,5.28,5.28,0.0,40.274261,0.0
2019-03-29,3,0,249,150.0,150.0,0.0,1109.85163,0.0
2019-03-29,3,0,251,326.4,326.4,0.0,1703.995677,0.0
2019-03-29,3,0,252,267.06,267.06,0.0,1045.603164,0.0
2019-03-29,3,0,254,0.0,0.0,0.0,0.0,0.0
2019-03-29,3,0,255,0.0,0.0,0.0,0.0,0.0
2019-03-29,3,0,258,0.0,0.0,0.0,0.0,0.0
2019-03-29,3,0,260,0.0,0.0,0.0,0.0,0.0
2019-03-29,3,0,265,0.0,0.0,0.0,0.0,0.0
2019-03-29,3,0,266,97.0,97.0,0.0,627.358831,0.0
2019-03-29,3,0,267,119.2,119.2,0.0,770.939924,0.0
2019-03-29,3,0,270,579.0,579.0,0.0,-579000.0,0.0
2019-03-29,3,0,272,321.97,321.97,0.0,-88461.276228,0.0
2019-03-29,3,0,273,0.0,0.0,0.0,-0.0,0.0
2019-03-29,3,0,274,746.4,746.4,0.0,-746400.0,0.0
2019-03-29,3,0,275,1039.0,1039.0,0.0,-1039000.0,0.0
2019-03-29,3,0,276,0.0,0.0,0.0,-0.0,0.0
2019-03-29,3,0,277,0.0,0.0,0.0,-0.0,0.0
2019-03-29,3,0,278,0.0,0.0,0.0,-0.0,0.0
2019-03-29,3,0,279,264.6,264.6,0.0,-75735.899175,0.0
2019-03-29,3,0,281,7.72,7.72,0.0,43.34564,0.0
2019-03-29,3,0,282,0.0,0.0,0.0,0.0,0.0
2019-03-29,4,0,9,0.0,0.0,0.0,0.0,0.0
2019-03-29,4,0,17,0.0,0.0,0.0,0.0,0.0
2019-03-29,4,0,19,643.3,643.3,0.0,862.965358,0.0
2019-03-29,4,0,20,780.2,780.2,0.0,1046.612113,0.0
2019-03-29,4,0,21,0.0,0.0,0.0,0.0,0.0
2019-03-29,4,0,22,0.0,0.0,0.0,0.0,0.0
2019-03-29,4,0,23,98.16,98.16,0.0,1095.334067,0.0
2019-03-29,4,0,24,162.22,162.22,0.0,1810.157827,0.0
2019-03-29,4,0,29,0.0,0.0,0.0,0.0,0.0
2019-03-29,4,0,30,0.0,0.0,0.0,0.0,0.0
2019-03-29,4,0,31,16.09,16.09,0.0,180.065655,0.0
2019-03-29,4,0,32,0.0,0.0,0.0,0.0,0.0
2019-03-29,4,0,33,0.0,0.0,0.0,0.0,0.0
2019-03-29,4,0,34,0.0,0.0,0.0,0.0,0.0
2019-03-29,4,0,35,0.0,0.0,0.0,0.0,0.0
2019-03-29,4,0,36,0.0,0.0,0.0,0.0,0.0
2019-03-29,4,0,37,0.0,0.0,0.0,0.0,0.0
2019-03-29,4,0,38,0.0,0.0,0.0,0.0,0.0
2019-03-29,4,0,39,0.0,0.0,0.0,0.0,0.0
2019-03-29,4,0,40,0.0,0.0,0.0,0.0,0.0
2019-03-29,4,0,41,116.0,116.0,0.0,1097.958216,0.0
2019-03-29,4,0,42,0.0,0.0,0.0,0.0,0.0
2019-03-29,4,0,43,0.0,0.0,0.0,0.0,0.0
2019-03-29,4,0,46,0.0,0.0,0.0,0.0,0.0
2019-03-29,4,0,52,17.06,17.06,0.0,190.921074,0.0
2019-03-29,4,0,53,27.1,27.1,0.0,303.280252,0.0
2019-03-29,4,0,55,279.83,279.83,0.0,3122.527832,0.0
2019-03-29,4,0,56,0.0,0.0,0.0,0.0,0.0
2019-03-29,4,0,57,0.0,0.0,0.0,0.0,0.0
2019-03-29,4,0,58,0.0,0.0,0.0,0.0,0.0
2019-03-29,4,0,59,0.0,0.0,0.0,0.0,0.0
2019-03-29,4,0,63,170.0,170.0,0.0,15906.817633,0.0
2019-03-29,4,0,64,200.0,200.0,0.0,18713.903098,0.0
2019-03-29,4,0,65,41.4,41.4,0.0,153.252787,0.0
2019-03-29,4,0,67,0.0,0.0,0.0,-0.0,0.0
2019-03-29,4,0,68,10.2,10.2,0.0,-4326.773123,0.0
2019-03-29,4,0,69,0.0,0.0,0.0,0.0,0.0
2019-03-29,4,0,74,12.62,12.62,0.0,89.535803,0.0
2019-03-29,4,0,77,200.0,200.0,0.0,-61278.938006,0.0
2019-03-29,4,0,78,151.2,151.2,0.0,-46326.877133,0.0
2019-03-29,4,0,79,87.5,87.5,0.0,-26809.535378,0.0
2019-03-29,4,0,80,141.5,141.5,0.0,-43354.84864,0.0
2019-03-29,4,0,81,185.0,185.0,0.0,-56683.017656,0.0
2019-03-29,4,0,82,130.5,130.5,0.0,-39984.507049,0.0
2019-03-29,4,0,83,291.0,291.0,0.0,-89160.854799,0.0
2019-03-29,4,0,84,0.0,0.0,0.0,-0.0,0.0
2019-03-29,4,0,86,0.0,0.0,0.0,0.0,0.0
2019-03-29,4,0,87,0.0,0.0,0.0,0.0,0.0
2019-03-29,4,0,88,170.6,170.6,0.0,-52270.93412,0.0
2019-03-29,4,0,89,164.0,164.0,0.0,-50248.729165,0.0
2019-03-29,4,0,90,220.2,220.2,0.0,-67468.110745,0.0
2019-03-29,4,0,91,785.5,785.5,0.0,-240673.02902,0.0
2019-03-29,4,0,92,282.5,282.5,0.0,-86556.499934,0.0
2019-03-29,4,0,95,75.43,75.43,0.0,1691.875033,0.0
2019-03-29,4,0,96,23.8,23.8,0.0,267.157662,0.0
2019-03-29,4,0,97,146.33,146.33,0.0,1642.570615,0.0
2019-03-29,4,0,99,2.44,2.44,0.0,17.311201,0.0
2019-03-29,4,0,101,0.0,0.0,0.0,0.0,0.0
2019-03-29,4,0,102,24.15,24.15,0.0,-10244.271658,0.0
2019-03-29,4,0,103,21.0,21.0,0.0,-8908.062312,0.0
2019-03-29,4,0,104,3.9,3.9,0.0,-1654.354429,0.0
2019-03-29,4,0,106,0.0,0.0,0.0,0.0,0.0
2019-03-29,4,0,109,200.0,200.0,0.0,1669.904083,0.0
2019-03-29,4,0,110,33.51,33.51,0.0,-33510.0,0.0
2019-03-29,4,0,111,0.0,0.0,0.0,0.0,0.0
2019-03-29,4,0,113,45.0,45.0,0.0,-12458.175765,0.0
2019-03-29,4,0,115,45.0,45.0,0.0,-12458.175765,0.0
2019-03-29,4,0,116,0.0,0.0,0.0,-0.0,0.0
2019-03-29,4,0,117,3.0,3.0,0.0,-830.545051,0.0
2019-03-29,4,0,119,200.0,200.0,0.0,18713.903098,0.0
2019-03-29,4,0,120,117.6,117.6,0.0,11003.775022,0.0
2019-03-29,4,0,123,0.0,0.0,0.0,0.0,0.0
2019-03-29,4,0,125,148.85,148.85,0.0,1660.966543,0.0
2019-03-29,4,0,126,0.0,0.0,0.0,0.0,0.0
2019-03-29,4,0,127,0.0,0.0,0.0,0.0,0.0
2019-03-29,4,0,128,202.15,202.15,0.0,2255.723122,0.0
2019-03-29,4,0,131,30.0,30.0,0.0,-11590.144821,0.0
2019-03-29,4,0,132,44.1,44.1,0.0,-17037.512887,0.0
2019-03-29,4,0,133,111.41,111.41,0.0,707.083326,0.0
2019-03-29,4,0,134,0.0,0.0,0.0,0.0,0.0
2019-03-29,4,0,135,153.69,153.69,0.0,975.420846,0.0
2019-03-29,4,0,136,45.9,45.9,0.0,175.858202,0.0
2019-03-29,4,0,139,149.8,149.8,0.0,1417.880523,0.0
2019-03-29,4,0,140,24.8,24.8,0.0,-24800.0,0.0
2019-03-29,4,0,141,230.0,230.0,0.0,-130165.462241,0.0
2019-03-29,4,0,142,0.0,0.0,0.0,-0.0,0.0
2019-03-29,4,0,143,20.53,20.53,0.0,229.754376,0.0
2019-03-29,4,0,145,21.29,21.29,0.0,215.802795,0.0
2019-03-29,4,0,146,0.0,0.0,0.0,-0.0,0.0
2019-03-29,4,0,152,0.0,0.0,0.0,0.0,0.0
2019-03-29,4,0,153,0.0,0.0,0.0,0.0,0.0
2019-03-29,4,0,154,0.0,0.0,0.0,0.0,0.0
2019-03-29,4,0,157,9.05,9.05,0.0,-5121.727971,0.0
2019-03-29,4,0,158,0.0,0.0,0.0,-0.0,0.0
2019-03-29,4,0,159,0.0,0.0,0.0,0.0,0.0
2019-03-29,4,0,160,0.0,0.0,0.0,0.0,0.0
2019-03-29,4,0,161,0.0,0.0,0.0,-0.0,0.0
2019-03-29,4,0,162,26.48,26.48,0.0,614.714712,0.0
2019-03-29,4,0,163,165.89,165.89,0.0,-165890.0,0.0
2019-03-29,4,0,164,0.0,0.0,0.0,0.0,0.0
2019-03-29,4,0,167,0.0,0.0,0.0,0.0,0.0
2019-03-29,4,0,168,0.0,0.0,0.0,0.0,0.0
2019-03-29,4,0,169,0.0,0.0,0.0,0.0,0.0
2019-03-29,4,0,170,0.0,0.0,0.0,0.0,0.0
2019-03-29,4,0,172,0.0,0.0,0.0,0.0,0.0
2019-03-29,4,0,173,0.0,0.0,0.0,0.0,0.0
2019-03-29,4,0,188,0.0,0.0,0.0,0.0,0.0
2019-03-29,4,0,190,0.0,0.0,0.0,0.0,0.0
2019-03-29,4,0,191,0.0,0.0,0.0,0.0,0.0
2019-03-29,4,0,192,70.94,70.94,0.0,2300.410902,0.0
2019-03-29,4,0,194,176.5,176.5,0.0,-25376.024361,0.0
2019-03-29,4,0,196,0.0,0.0,0.0,0.0,0.0
2019-03-29,4,0,198,0.0,0.0,0.0,0.0,0.0
2019-03-29,4,0,199,34.64,34.64,0.0,-1386.908182,0.0
2019-03-29,4,0,200,0.0,0.0,0.0,-0.0,0.0
2019-03-29,4,0,204,857.0,857.0,0.0,7265.668981,0.0
2019-03-29,4,0,205,1058.0,1058.0,0.0,8833.792597,0.0
2019-03-29,4,0,206,429.99,429.99,0.0,4826.685837,0.0
2019-03-29,4,0,210,0.0,0.0,0.0,0.0,0.0
2019-03-29,4,0,214,0.0,0.0,0.0,0.0,0.0
2019-03-29,4,0,217,0.0,0.0,0.0,0.0,0.0
2019-03-29,4,0,218,0.0,0.0,0.0,0.0,0.0
2019-03-29,4,0,219,0.0,0.0,0.0,0.0,0.0
2019-03-29,4,0,221,0.0,0.0,0.0,0.0,0.0
2019-03-29,4,0,225,0.0,0.0,0.0,0.0,0.0
2019-03-29,4,0,233,0.0,0.0,0.0,0.0,0.0
2019-03-29,4,0,236,38.0,38.0,0.0,247.915166,0.0
2019-03-29,4,0,237,30.28,30.28,0.0,214.829168,0.0
2019-03-29,4,0,238,0.0,0.0,0.0,0.0,0.0
2019-03-29,4,0,240,0.0,0.0,0.0,0.0,0.0
2019-03-29,4,0,245,78.0,78.0,0.0,423.782792,0.0
2019-03-29,4,0,247,128.24,128.24,0.0,696.742375,0.0
2019-03-29,4,0,248,3.04,3.04,0.0,21.568054,0.0
2019-03-29,4,0,249,150.0,150.0,0.0,814.966908,0.0
2019-03-29,4,0,251,326.4,326.4,0.0,1471.382489,0.0
2019-03-29,4,0,252,267.06,267.06,0.0,988.591526,0.0
2019-03-29,4,0,254,0.0,0.0,0.0,0.0,0.0
2019-03-29,4,0,255,0.0,0.0,0.0,0.0,0.0
2019-03-29,4,0,258,0.0,0.0,0.0,0.0,0.0
2019-03-29,4,0,260,0.0,0.0,0.0,0.0,0.0
2019-03-29,4,0,265,0.0,0.0,0.0,0.0,0.0
2019-03-29,4,0,266,97.0,97.0,0.0,918.120232,0.0
2019-03-29,4,0,267,119.2,119.2,0.0,1128.246718,0.0
2019-03-29,4,0,270,518.09,518.09,0.0,-518090.0,0.0
2019-03-29,4,0,272,150.39,150.39,0.0,-41635.223408,0.0
2019-03-29,4,0,273,0.0,0.0,0.0,-0.0,0.0
2019-03-29,4,0,274,667.88,667.88,0.0,-667880.0,0.0
2019-03-29,4,0,275,929.69,929.69,0.0,-929690.0,0.0
2019-03-29,4,0,276,0.0,0.0,0.0,-0.0,0.0
2019-03-29,4,0,277,0.0,0.0,0.0,-0.0,0.0
2019-03-29,4,0,278,0.0,0.0,0.0,-0.0,0.0
2019-03-29,4,0,279,264.6,264.6,0.0,-76388.420423,0.0
2019-03-29,4,0,281,7.22,7.22,0.0,80.800126,0.0
2019-03-29,4,0,282,0.0,0.0,0.0,0.0,0.0
2019-03-29,5,0,9,0.0,0.0,0.0,0.0,0.0
2019-03-29,5,0,17,0.0,0.0,0.0,0.0,0.0
2019-03-29,5,0,19,643.3,643.3,0.0,981.770203,0.0
2019-03-29,5,0,20,780.2,780.2,0.0,1190.699693,0.0
2019-03-29,5,0,21,0.0,0.0,0.0,0.0,0.0
2019-03-29,5,0,22,0.0,0.0,0.0,0.0,0.0
2019-03-29,5,0,23,108.8,108.8,0.0,410.681074,0.0
2019-03-29,5,0,24,192.5,192.5,0.0,726.618628,0.0
2019-03-29,5,0,29,0.0,0.0,0.0,0.0,0.0
2019-03-29,5,0,30,0.0,0.0,0.0,0.0,0.0
2019-03-29,5,0,31,10.08,10.08,0.0,37.919064,0.0
2019-03-29,5,0,32,0.0,0.0,0.0,0.0,0.0
2019-03-29,5,0,33,0.0,0.0,0.0,0.0,0.0
2019-03-29,5,0,34,0.0,0.0,0.0,0.0,0.0
2019-03-29,5,0,35,0.0,0.0,0.0,0.0,0.0
2019-03-29,5,0,36,0.0,0.0,0.0,0.0,0.0
2019-03-29,5,0,37,0.0,0.0,0.0,0.0,0.0
2019-03-29,5,0,38,0.0,0.0,0.0,0.0,0.0
2019-03-29,5,0,39,0.0,0.0,0.0,0.0,0.0
2019-03-29,5,0,40,0.0,0.0,0.0,0.0,0.0
2019-03-29,5,0,41,116.0,116.0,0.0,515.271008,0.0
2019-03-29,5,0,42,0.0,0.0,0.0,0.0,0.0
2019-03-29,5,0,43,0.0,0.0,0.0,0.0,0.0
2019-03-29,5,0,46,0.0,0.0,0.0,0.0,0.0
2019-03-29,5,0,52,10.68,10.68,0.0,40.176151,0.0
2019-03-29,5,0,53,16.97,16.97,0.0,63.837948,0.0
2019-03-29,5,0,55,169.06,169.06,0.0,638.141014,0.0
2019-03-29,5,0,56,0.0,0.0,0.0,0.0,0.0
2019-03-29,5,0,57,0.0,0.0,0.0,0.0,0.0
2019-03-29,5,0,58,0.0,0.0,0.0,0.0,0.0
2019-03-29,5,0,59,0.0,0.0,0.0,0.0,0.0
2019-03-29,5,0,63,147.35,147.35,0.0,1964.87143,0.0
2019-03-29,5,0,64,173.36,173.36,0.0,2311.707574,0.0
2019-03-29,5,0,65,30.22,30.22,0.0,109.609545,0.0
2019-03-29,5,0,67,0.0,0.0,0.0,-0.0,0.0
2019-03-29,5,0,68,10.2,10.2,0.0,-9.48584,0.0
2019-03-29,5,0,69,0.0,0.0,0.0,0.0,0.0
2019-03-29,5,0,74,11.49,11.49,0.0,61.697766,0.0
2019-03-29,5,0,77,200.0,200.0,0.0,508.207923,0.0
2019-03-29,5,0,78,151.2,151.2,0.0,384.20519,0.0
2019-03-29,5,0,79,87.5,87.5,0.0,222.340966,0.0
2019-03-29,5,0,80,141.5,141.5,0.0,359.557105,0.0
2019-03-29,5,0,81,185.0,185.0,0.0,470.092329,0.0
2019-03-29,5,0,82,130.5,130.5,0.0,331.60567,0.0
2019-03-29,5,0,83,291.0,291.0,0.0,739.442528,0.0
2019-03-29,5,0,84,0.0,0.0,0.0,0.0,0.0
2019-03-29,5,0,86,0.0,0.0,0.0,0.0,0.0
2019-03-29,5,0,87,0.0,0.0,0.0,0.0,0.0
2019-03-29,5,0,88,170.6,170.6,0.0,433.501358,0.0
2019-03-29,5,0,89,164.0,164.0,0.0,416.730497,0.0
2019-03-29,5,0,90,220.2,220.2,0.0,559.536923,0.0
2019-03-29,5,0,91,785.5,785.5,0.0,1995.986617,0.0
2019-03-29,5,0,92,282.5,282.5,0.0,717.843691,0.0
2019-03-29,5,0,95,32.64,32.64,0.0,368.436807,0.0
2019-03-29,5,0,96,23.06,23.06,0.0,86.438172,0.0
2019-03-29,5,0,97,141.82,141.82,0.0,531.598506,0.0
2019-03-29,5,0,99,2.22,2.22,0.0,11.920717,0.0
2019-03-29,5,0,101,0.0,0.0,0.0,0.0,0.0
2019-03-29,5,0,102,24.15,24.15,0.0,-22.45912,0.0
2019-03-29,5,0,103,21.0,21.0,0.0,-19.52967,0.0
2019-03-29,5,0,104,3.9,3.9,0.0,-3.626939,0.0
2019-03-29,5,0,106,0.0,0.0,0.0,0.0,0.0
2019-03-29,5,0,109,200.0,200.0,0.0,976.997783,0.0
2019-03-29,5,0,110,37.5,37.5,0.0,-654.840381,0.0
2019-03-29,5,0,111,0.0,0.0,0.0,0.0,0.0
2019-03-29,5,0,113,106.15,106.15,0.0,328.819419,0.0
2019-03-29,5,0,115,106.15,106.15,0.0,328.819419,0.0
2019-03-29,5,0,116,0.0,0.0,0.0,-0.0,0.0
2019-03-29,5,0,117,5.11,5.11,0.0,15.829178,0.0
2019-03-29,5,0,119,173.36,173.36,0.0,2311.707574,0.0
2019-03-29,5,0,120,101.93,101.93,0.0,1359.208312,0.0
2019-03-29,5,0,123,0.0,0.0,0.0,0.0,0.0
2019-03-29,5,0,125,174.2,174.2,0.0,657.542675,0.0
2019-03-29,5,0,126,0.0,0.0,0.0,0.0,0.0
2019-03-29,5,0,127,0.0,0.0,0.0,0.0,0.0
2019-03-29,5,0,128,249.5,249.5,0.0,941.773235,0.0
2019-03-29,5,0,131,30.0,30.0,0.0,4.707238,0.0
2019-03-29,5,0,132,44.1,44.1,0.0,6.919639,0.0
2019-03-29,5,0,133,47.79,47.79,0.0,290.863184,0.0
2019-03-29,5,0,134,0.0,0.0,0.0,0.0,0.0
2019-03-29,5,0,135,68.1,68.1,0.0,414.475472,0.0
2019-03-29,5,0,136,41.22,41.22,0.0,154.26126,0.0
2019-03-29,5,0,139,149.8,149.8,0.0,665.410318,0.0
2019-03-29,5,0,140,27.75,27.75,0.0,-484.581882,0.0
2019-03-29,5,0,141,230.0,230.0,0.0,-1149.92797,0.0
2019-03-29,5,0,142,0.0,0.0,0.0,-0.0,0.0
2019-03-29,5,0,143,23.25,23.25,0.0,87.462127,0.0
2019-03-29,5,0,145,20.09,20.09,0.0,83.949757,0.0
2019-03-29,5,0,146,0.0,0.0,0.0,-0.0,0.0
2019-03-29,5,0,152,0.0,0.0,0.0,0.0,0.0
2019-03-29,5,0,153,0.0,0.0,0.0,0.0,0.0
2019-03-29,5,0,154,0.0,0.0,0.0,0.0,0.0
2019-03-29,5,0,157,18.19,18.19,0.0,-90.944303,0.0
2019-03-29,5,0,158,0.0,0.0,0.0,-0.0,0.0
2019-03-29,5,0,159,0.0,0.0,0.0,0.0,0.0
2019-03-29,5,0,160,0.0,0.0,0.0,0.0,0.0
2019-03-29,5,0,161,0.0,0.0,0.0,-0.0,0.0
2019-03-29,5,0,162,27.82,27.82,0.0,314.661226,0.0
2019-03-29,5,0,163,117.58,117.58,0.0,-2053.230186,0.0
2019-03-29,5,0,164,0.0,0.0,0.0,0.0,0.0
2019-03-29,5,0,167,0.0,0.0,0.0,0.0,0.0
2019-03-29,5,0,168,0.0,0.0,0.0,0.0,0.0
2019-03-29,5,0,169,0.0,0.0,0.0,0.0,0.0
2019-03-29,5,0,170,0.0,0.0,0.0,0.0,0.0
2019-03-29,5,0,172,0.0,0.0,0.0,0.0,0.0
2019-03-29,5,0,173,0.0,0.0,0.0,0.0,0.0
2019-03-29,5,0,188,0.0,0.0,0.0,0.0,0.0
2019-03-29,5,0,190,0.0,0.0,0.0,0.0,0.0
2019-03-29,5,0,191,0.0,0.0,0.0,0.0,0.0
2019-03-29,5,0,192,64.99,64.99,0.0,866.623646,0.0
2019-03-29,5,0,194,176.5,176.5,0.0,1173.082479,0.0
2019-03-29,5,0,196,0.0,0.0,0.0,0.0,0.0
2019-03-29,5,0,198,0.0,0.0,0.0,0.0,0.0
2019-03-29,5,0,199,29.72,29.72,0.0,220.549861,0.0
2019-03-29,5,0,200,0.0,0.0,0.0,0.0,0.0
2019-03-29,5,0,204,857.0,857.0,0.0,4143.370371,0.0
2019-03-29,5,0,205,1058.0,1058.0,0.0,5168.318271,0.0
2019-03-29,5,0,206,416.73,416.73,0.0,1562.071962,0.0
2019-03-29,5,0,210,0.0,0.0,0.0,0.0,0.0
2019-03-29,5,0,214,0.0,0.0,0.0,0.0,0.0
2019-03-29,5,0,217,0.0,0.0,0.0,0.0,0.0
2019-03-29,5,0,218,0.0,0.0,0.0,0.0,0.0
2019-03-29,5,0,219,0.0,0.0,0.0,0.0,0.0
2019-03-29,5,0,221,0.0,0.0,0.0,0.0,0.0
2019-03-29,5,0,225,0.0,0.0,0.0,0.0,0.0
2019-03-29,5,0,233,0.0,0.0,0.0,0.0,0.0
2019-03-29,5,0,236,37.37,37.37,0.0,209.145237,0.0
2019-03-29,5,0,237,27.57,27.57,0.0,148.04242,0.0
2019-03-29,5,0,238,0.0,0.0,0.0,0.0,0.0
2019-03-29,5,0,240,0.0,0.0,0.0,0.0,0.0
2019-03-29,5,0,245,72.59,72.59,0.0,393.770454,0.0
2019-03-29,5,0,247,92.49,92.49,0.0,501.719648,0.0
2019-03-29,5,0,248,2.77,2.77,0.0,14.874048,0.0
2019-03-29,5,0,249,139.59,139.59,0.0,757.21749,0.0
2019-03-29,5,0,251,266.89,266.89,0.0,1143.0867,0.0
2019-03-29,5,0,252,194.96,194.96,0.0,707.130275,0.0
2019-03-29,5,0,254,0.0,0.0,0.0,0.0,0.0
2019-03-29,5,0,255,0.0,0.0,0.0,0.0,0.0
2019-03-29,5,0,258,0.0,0.0,0.0,0.0,0.0
2019-03-29,5,0,260,0.0,0.0,0.0,0.0,0.0
2019-03-29,5,0,265,0.0,0.0,0.0,0.0,0.0
2019-03-29,5,0,266,97.0,97.0,0.0,430.87317,0.0
2019-03-29,5,0,267,119.2,119.2,0.0,529.48538,0.0
2019-03-29,5,0,270,367.2,367.2,0.0,-6412.197008,0.0
2019-03-29,5,0,272,364.92,364.92,0.0,1130.407749,0.0
2019-03-29,5,0,273,0.0,0.0,0.0,-0.0,0.0
2019-03-29,5,0,274,473.37,473.37,0.0,-8266.181094,0.0
2019-03-29,5,0,275,658.93,658.93,0.0,-11506.505922,0.0
2019-03-29,5,0,276,0.0,0.0,0.0,-0.0,0.0
2019-03-29,5,0,277,0.0,0.0,0.0,0.0,0.0
2019-03-29,5,0,278,0.0,0.0,0.0,0.0,0.0
2019-03-29,5,0,279,264.6,264.6,0.0,760.597401,0.0
2019-03-29,5,0,281,4.52,4.52,0.0,17.00339,0.0
2019-03-29,5,0,282,0.0,0.0,0.0,0.0,0.0
2019-03-29,6,0,9,0.0,0.0,0.0,0.0,0.0
2019-03-29,6,0,17,0.0,0.0,0.0,0.0,0.0
2019-03-29,6,0,19,571.14,571.14,0.0,4239.189954,0.0
2019-03-29,6,0,20,692.68,692.68,0.0,5141.300027,0.0
2019-03-29,6,0,21,0.0,0.0,0.0,0.0,0.0
2019-03-29,6,0,22,0.0,0.0,0.0,0.0,0.0
2019-03-29,6,0,23,102.04,102.04,0.0,629.290029,0.0
2019-03-29,6,0,24,180.54,180.54,0.0,1113.406721,0.0
2019-03-29,6,0,29,0.0,0.0,0.0,0.0,0.0
2019-03-29,6,0,30,0.0,0.0,0.0,0.0,0.0
2019-03-29,6,0,31,7.92,7.92,0.0,48.780322,0.0
2019-03-29,6,0,32,0.0,0.0,0.0,0.0,0.0
2019-03-29,6,0,33,0.0,0.0,0.0,0.0,0.0
2019-03-29,6,0,34,0.0,0.0,0.0,0.0,0.0
2019-03-29,6,0,35,0.0,0.0,0.0,0.0,0.0
2019-03-29,6,0,36,0.0,0.0,0.0,0.0,0.0
2019-03-29,6,0,37,0.0,0.0,0.0,0.0,0.0
2019-03-29,6,0,38,0.0,0.0,0.0,0.0,0.0
2019-03-29,6,0,39,0.0,0.0,0.0,0.0,0.0
2019-03-29,6,0,40,0.0,0.0,0.0,0.0,0.0
2019-03-29,6,0,41,116.0,116.0,0.0,763.477863,0.0
2019-03-29,6,0,42,0.0,0.0,0.0,0.0,0.0
2019-03-29,6,0,43,0.0,0.0,0.0,0.0,0.0
2019-03-29,6,0,46,0.0,0.0,0.0,0.0,0.0
2019-03-29,6,0,52,8.39,8.39,0.0,51.675114,0.0
2019-03-29,6,0,53,13.32,13.32,0.0,82.039632,0.0
2019-03-29,6,0,55,61.64,61.64,0.0,380.139527,0.0
2019-03-29,6,0,56,0.0,0.0,0.0,0.0,0.0
2019-03-29,6,0,57,0.0,0.0,0.0,0.0,0.0
2019-03-29,6,0,58,0.0,0.0,0.0,0.0,0.0
2019-03-29,6,0,59,0.0,0.0,0.0,0.0,0.0
2019-03-29,6,0,63,127.47,127.47,0.0,1727.447413,0.0
2019-03-29,6,0,64,149.96,149.96,0.0,2032.227301,0.0
2019-03-29,6,0,65,19.41,19.41,0.0,143.894756,0.0
2019-03-29,6,0,67,0.0,0.0,0.0,0.0,0.0
2019-03-29,6,0,68,9.36,9.36,0.0,59.373154,0.0
2019-03-29,6,0,69,0.0,0.0,0.0,0.0,0.0
2019-03-29,6,0,74,10.35,10.35,0.0,74.114726,0.0
2019-03-29,6,0,77,200.0,200.0,0.0,1080.376009,0.0
2019-03-29,6,0,78,151.2,151.2,0.0,816.764262,0.0
2019-03-29,6,0,79,87.5,87.5,0.0,472.664504,0.0
2019-03-29,6,0,80,141.5,141.5,0.0,764.366026,0.0
2019-03-29,6,0,81,185.0,185.0,0.0,999.347808,0.0
2019-03-29,6,0,82,130.5,130.5,0.0,704.945346,0.0
2019-03-29,6,0,83,291.0,291.0,0.0,1571.947093,0.0
2019-03-29,6,0,84,0.0,0.0,0.0,0.0,0.0
2019-03-29,6,0,86,0.0,0.0,0.0,0.0,0.0
2019-03-29,6,0,87,0.0,0.0,0.0,0.0,0.0
2019-03-29,6,0,88,170.6,170.6,0.0,921.560735,0.0
2019-03-29,6,0,89,164.0,164.0,0.0,885.908327,0.0
2019-03-29,6,0,90,220.2,220.2,0.0,1189.493985,0.0
2019-03-29,6,0,91,785.5,785.5,0.0,4243.176774,0.0
2019-03-29,6,0,92,282.5,282.5,0.0,1526.031112,0.0
2019-03-29,6,0,95,33.49,33.49,0.0,450.985573,0.0
2019-03-29,6,0,96,22.92,22.92,0.0,140.976623,0.0
2019-03-29,6,0,97,140.92,140.92,0.0,866.7725,0.0
2019-03-29,6,0,99,2.0,2.0,0.0,14.321686,0.0
2019-03-29,6,0,101,0.0,0.0,0.0,0.0,0.0
2019-03-29,6,0,102,22.15,22.15,0.0,140.503779,0.0
2019-03-29,6,0,103,19.26,19.26,0.0,122.171683,0.0
2019-03-29,6,0,104,3.58,3.58,0.0,22.708963,0.0
2019-03-29,6,0,106,0.0,0.0,0.0,0.0,0.0
2019-03-29,6,0,109,200.0,200.0,0.0,1371.094907,0.0
2019-03-29,6,0,110,43.55,43.55,0.0,487.208886,0.0
2019-03-29,6,0,111,0.0,0.0,0.0,0.0,0.0
2019-03-29,6,0,113,137.43,137.43,0.0,685.836099,0.0
2019-03-29,6,0,115,137.43,137.43,0.0,685.836099,0.0
2019-03-29,6,0,116,0.0,0.0,0.0,0.0,0.0
2019-03-29,6,0,117,5.45,5.45,0.0,27.197895,0.0
2019-03-29,6,0,119,149.96,149.96,0.0,2032.227301,0.0
2019-03-29,6,0,120,88.18,88.18,0.0,1194.997355,0.0
2019-03-29,6,0,123,0.0,0.0,0.0,0.0,0.0
2019-03-29,6,0,125,163.38,163.38,0.0,1007.579429,0.0
2019-03-29,6,0,126,0.0,0.0,0.0,0.0,0.0
2019-03-29,6,0,127,0.0,0.0,0.0,0.0,0.0
2019-03-29,6,0,128,234.0,234.0,0.0,1443.099439,0.0
2019-03-29,6,0,131,30.0,30.0,0.0,180.744673,0.0
2019-03-29,6,0,132,44.1,44.1,0.0,265.69467,0.0
2019-03-29,6,0,133,31.7,31.7,0.0,235.314454,0.0
2019-03-29,6,0,134,0.0,0.0,0.0,0.0,0.0
2019-03-29,6,0,135,42.48,42.48,0.0,315.336215,0.0
2019-03-29,6,0,136,28.83,28.83,0.0,213.715224,0.0
2019-03-29,6,0,139,149.8,149.8,0.0,985.939516,0.0
2019-03-29,6,0,140,32.23,32.23,0.0,360.568138,0.0
2019-03-29,6,0,141,205.99,205.99,0.0,1552.283587,0.0
2019-03-29,6,0,142,0.0,0.0,0.0,0.0,0.0
2019-03-29,6,0,143,33.03,33.03,0.0,203.436116,0.0
2019-03-29,6,0,145,19.39,19.39,0.0,124.437329,0.0
2019-03-29,6,0,146,9.28,9.28,0.0,103.818564,0.0
2019-03-29,6,0,152,0.0,0.0,0.0,0.0,0.0
2019-03-29,6,0,153,0.0,0.0,0.0,0.0,0.0
2019-03-29,6,0,154,0.0,0.0,0.0,0.0,0.0
2019-03-29,6,0,157,32.28,32.28,0.0,243.253139,0.0
2019-03-29,6,0,158,0.0,0.0,0.0,0.0,0.0
2019-03-29,6,0,159,0.0,0.0,0.0,0.0,0.0
2019-03-29,6,0,160,0.0,0.0,0.0,0.0,0.0
2019-03-29,6,0,161,0.0,0.0,0.0,0.0,0.0
2019-03-29,6,0,162,29.32,29.32,0.0,394.953416,0.0
2019-03-29,6,0,163,79.43,79.43,0.0,888.610835,0.0
2019-03-29,6,0,164,0.0,0.0,0.0,0.0,0.0
2019-03-29,6,0,167,0.0,0.0,0.0,0.0,0.0
2019-03-29,6,0,168,0.0,0.0,0.0,0.0,0.0
2019-03-29,6,0,169,0.0,0.0,0.0,0.0,0.0
2019-03-29,6,0,170,0.0,0.0,0.0,0.0,0.0
2019-03-29,6,0,172,0.0,0.0,0.0,0.0,0.0
2019-03-29,6,0,173,0.0,0.0,0.0,0.0,0.0
2019-03-29,6,0,188,0.0,0.0,0.0,0.0,0.0
2019-03-29,6,0,190,0.0,0.0,0.0,0.0,0.0
2019-03-29,6,0,191,0.0,0.0,0.0,0.0,0.0
2019-03-29,6,0,192,64.76,64.76,0.0,877.614297,0.0
2019-03-29,6,0,194,176.5,176.5,0.0,656.396611,0.0
2019-03-29,6,0,196,0.0,0.0,0.0,0.0,0.0
2019-03-29,6,0,198,0.0,0.0,0.0,0.0,0.0
2019-03-29,6,0,199,25.71,25.71,0.0,185.474995,0.0
2019-03-29,6,0,200,0.0,0.0,0.0,0.0,0.0
2019-03-29,6,0,204,857.0,857.0,0.0,5848.241501,0.0
2019-03-29,6,0,205,1058.0,1058.0,0.0,7253.092059,0.0
2019-03-29,6,0,206,414.09,414.09,0.0,2546.989957,0.0
2019-03-29,6,0,210,0.0,0.0,0.0,0.0,0.0
2019-03-29,6,0,214,0.0,0.0,0.0,0.0,0.0
2019-03-29,6,0,217,0.0,0.0,0.0,0.0,0.0
2019-03-29,6,0,218,0.0,0.0,0.0,0.0,0.0
2019-03-29,6,0,219,0.0,0.0,0.0,0.0,0.0
2019-03-29,6,0,221,0.0,0.0,0.0,0.0,0.0
2019-03-29,6,0,225,0.0,0.0,0.0,0.0,0.0
2019-03-29,6,0,233,0.0,0.0,0.0,0.0,0.0
2019-03-29,6,0,236,36.64,36.64,0.0,267.506452,0.0
2019-03-29,6,0,237,24.82,24.82,0.0,177.732125,0.0
2019-03-29,6,0,238,0.0,0.0,0.0,0.0,0.0
2019-03-29,6,0,240,0.0,0.0,0.0,0.0,0.0
2019-03-29,6,0,245,56.44,56.44,0.0,420.762805,0.0
2019-03-29,6,0,247,63.93,63.93,0.0,476.6011,0.0
2019-03-29,6,0,248,2.49,2.49,0.0,17.830499,0.0
2019-03-29,6,0,249,108.54,108.54,0.0,809.170709,0.0
2019-03-29,6,0,251,169.78,169.78,0.0,1256.172903,0.0
2019-03-29,6,0,252,125.24,125.24,0.0,928.458485,0.0
2019-03-29,6,0,254,0.0,0.0,0.0,0.0,0.0
2019-03-29,6,0,255,0.0,0.0,0.0,0.0,0.0
2019-03-29,6,0,258,0.0,0.0,0.0,0.0,0.0
2019-03-29,6,0,260,0.0,0.0,0.0,0.0,0.0
2019-03-29,6,0,265,0.0,0.0,0.0,0.0,0.0
2019-03-29,6,0,266,97.0,97.0,0.0,638.425454,0.0
2019-03-29,6,0,267,119.2,119.2,0.0,784.539321,0.0
2019-03-29,6,0,270,248.05,248.05,0.0,2775.020994,0.0
2019-03-29,6,0,272,484.95,484.95,0.0,2420.113632,0.0
2019-03-29,6,0,273,0.0,0.0,0.0,0.0,0.0
2019-03-29,6,0,274,319.77,319.77,0.0,3577.377397,0.0
2019-03-29,6,0,275,445.12,445.12,0.0,4979.711126,0.0
2019-03-29,6,0,276,0.0,0.0,0.0,0.0,0.0
2019-03-29,6,0,277,0.0,0.0,0.0,0.0,0.0
2019-03-29,6,0,278,0.0,0.0,0.0,0.0,0.0
2019-03-29,6,0,279,264.6,264.6,0.0,1364.116895,0.0
2019-03-29,6,0,281,3.56,3.56,0.0,21.926508,0.0
2019-03-29,6,0,282,0.0,0.0,0.0,0.0,0.0
2019-03-29,7,0,9,0.0,0.0,0.0,0.0,0.0
2019-03-29,7,0,17,0.0,0.0,0.0,0.0,0.0
2019-03-29,7,0,19,466.84,466.84,0.0,3606.049006,0.0
2019-03-29,7,0,20,566.18,566.18,0.0,4373.388798,0.0
2019-03-29,7,0,21,0.0,0.0,0.0,0.0,0.0
2019-03-29,7,0,22,0.0,0.0,0.0,0.0,0.0
2019-03-29,7,0,23,98.24,98.24,0.0,624.525141,0.0
2019-03-29,7,0,24,173.82,173.82,0.0,1104.997556,0.0
2019-03-29,7,0,29,0.0,0.0,0.0,0.0,0.0
2019-03-29,7,0,30,0.0,0.0,0.0,0.0,0.0
2019-03-29,7,0,31,21.79,21.79,0.0,138.339532,0.0
2019-03-29,7,0,32,0.0,0.0,0.0,0.0,0.0
2019-03-29,7,0,33,0.0,0.0,0.0,0.0,0.0
2019-03-29,7,0,34,0.0,0.0,0.0,0.0,0.0
2019-03-29,7,0,35,0.0,0.0,0.0,0.0,0.0
2019-03-29,7,0,36,0.0,0.0,0.0,0.0,0.0
2019-03-29,7,0,37,0.0,0.0,0.0,0.0,0.0
2019-03-29,7,0,38,0.0,0.0,0.0,0.0,0.0
2019-03-29,7,0,39,0.0,0.0,0.0,0.0,0.0
2019-03-29,7,0,40,0.0,0.0,0.0,0.0,0.0
2019-03-29,7,0,41,85.72,85.72,0.0,582.635982,0.0
2019-03-29,7,0,42,0.0,0.0,0.0,0.0,0.0
2019-03-29,7,0,43,0.0,0.0,0.0,0.0,0.0
2019-03-29,7,0,46,0.0,0.0,0.0,0.0,0.0
2019-03-29,7,0,52,23.09,23.09,0.0,146.592923,0.0
2019-03-29,7,0,53,36.7,36.7,0.0,232.999579,0.0
2019-03-29,7,0,55,63.05,63.05,0.0,400.817489,0.0
2019-03-29,7,0,56,0.0,0.0,0.0,0.0,0.0
2019-03-29,7,0,57,0.0,0.0,0.0,0.0,0.0
2019-03-29,7,0,58,0.0,0.0,0.0,0.0,0.0
2019-03-29,7,0,59,0.0,0.0,0.0,0.0,0.0
2019-03-29,7,0,63,112.12,112.12,0.0,1519.59874,0.0
2019-03-29,7,0,64,131.9,131.9,0.0,1787.683498,0.0
2019-03-29,7,0,65,11.65,11.65,0.0,89.868882,0.0
2019-03-29,7,0,67,0.0,0.0,0.0,0.0,0.0
2019-03-29,7,0,68,8.24,8.24,0.0,53.343614,0.0
2019-03-29,7,0,69,0.0,0.0,0.0,0.0,0.0
2019-03-29,7,0,74,9.39,9.39,0.0,69.711556,0.0
2019-03-29,7,0,77,200.0,200.0,0.0,1110.572211,0.0
2019-03-29,7,0,78,151.2,151.2,0.0,839.592591,0.0
2019-03-29,7,0,79,87.5,87.5,0.0,485.875342,0.0
2019-03-29,7,0,80,141.5,141.5,0.0,785.729839,0.0
2019-03-29,7,0,81,185.0,185.0,0.0,1027.279295,0.0
2019-03-29,7,0,82,130.5,130.5,0.0,724.648367,0.0
2019-03-29,7,0,83,291.0,291.0,0.0,1615.882566,0.0
2019-03-29,7,0,84,0.0,0.0,0.0,0.0,0.0
2019-03-29,7,0,86,0.0,0.0,0.0,0.0,0.0
2019-03-29,7,0,87,0.0,0.0,0.0,0.0,0.0
2019-03-29,7,0,88,170.6,170.6,0.0,947.318096,0.0
2019-03-29,7,0,89,164.0,164.0,0.0,910.669213,0.0
2019-03-29,7,0,90,220.2,220.2,0.0,1222.740004,0.0
2019-03-29,7,0,91,785.5,785.5,0.0,4361.772357,0.0
2019-03-29,7,0,92,282.5,282.5,0.0,1568.683247,0.0
2019-03-29,7,0,95,34.61,34.61,0.0,466.067802,0.0
2019-03-29,7,0,96,23.38,23.38,0.0,148.229435,0.0
2019-03-29,7,0,97,143.78,143.78,0.0,911.566646,0.0
2019-03-29,7,0,99,1.81,1.81,0.0,13.437478,0.0
2019-03-29,7,0,101,0.0,0.0,0.0,0.0,0.0
2019-03-29,7,0,102,19.51,19.51,0.0,126.30266,0.0
2019-03-29,7,0,103,16.96,16.96,0.0,109.794624,0.0
2019-03-29,7,0,104,3.15,3.15,0.0,20.39228,0.0
2019-03-29,7,0,106,0.0,0.0,0.0,0.0,0.0
2019-03-29,7,0,109,200.0,200.0,0.0,1415.705108,0.0
2019-03-29,7,0,110,52.77,52.77,0.0,592.629636,0.0
2019-03-29,7,0,111,0.0,0.0,0.0,0.0,0.0
2019-03-29,7,0,113,72.01,72.01,0.0,369.929232,0.0
2019-03-29,7,0,115,72.01,72.01,0.0,369.929232,0.0
2019-03-29,7,0,116,0.0,0.0,0.0,0.0,0.0
2019-03-29,7,0,117,2.95,2.95,0.0,15.154718,0.0
2019-03-29,7,0,119,131.9,131.9,0.0,1787.683498,0.0
2019-03-29,7,0,120,77.56,77.56,0.0,1051.195846,0.0
2019-03-29,7,0,123,0.0,0.0,0.0,0.0,0.0
2019-03-29,7,0,125,157.29,157.29,0.0,999.914081,0.0
2019-03-29,7,0,126,0.0,0.0,0.0,0.0,0.0
2019-03-29,7,0,127,0.0,0.0,0.0,0.0,0.0
2019-03-29,7,0,128,225.29,225.29,0.0,1432.199398,0.0
2019-03-29,7,0,131,30.0,30.0,0.0,184.830614,0.0
2019-03-29,7,0,132,44.1,44.1,0.0,271.701002,0.0
2019-03-29,7,0,133,24.9,24.9,0.0,192.361223,0.0
2019-03-29,7,0,134,0.0,0.0,0.0,0.0,0.0
2019-03-29,7,0,135,33.36,33.36,0.0,257.717687,0.0
2019-03-29,7,0,136,19.31,19.31,0.0,148.947705,0.0
2019-03-29,7,0,139,110.71,110.71,0.0,752.492179,0.0
2019-03-29,7,0,140,39.06,39.06,0.0,438.660481,0.0
2019-03-29,7,0,141,174.17,174.17,0.0,1331.471998,0.0
2019-03-29,7,0,142,0.0,0.0,0.0,0.0,0.0
2019-03-29,7,0,143,30.39,30.39,0.0,192.938889,0.0
2019-03-29,7,0,145,19.01,19.01,0.0,125.840628,0.0
2019-03-29,7,0,146,29.7,29.7,0.0,333.543684,0.0
2019-03-29,7,0,152,0.0,0.0,0.0,0.0,0.0
2019-03-29,7,0,153,0.0,0.0,0.0,0.0,0.0
2019-03-29,7,0,154,0.0,0.0,0.0,0.0,0.0
2019-03-29,7,0,157,52.49,52.49,0.0,401.268675,0.0
2019-03-29,7,0,158,0.0,0.0,0.0,0.0,0.0
2019-03-29,7,0,159,0.0,0.0,0.0,0.0,0.0
2019-03-29,7,0,160,0.0,0.0,0.0,0.0,0.0
2019-03-29,7,0,161,0.0,0.0,0.0,0.0,0.0
2019-03-29,7,0,162,31.28,31.28,0.0,421.35497,0.0
2019-03-29,7,0,163,50.69,50.69,0.0,569.270348,0.0
2019-03-29,7,0,164,0.0,0.0,0.0,0.0,0.0
2019-03-29,7,0,167,0.0,0.0,0.0,0.0,0.0
2019-03-29,7,0,168,0.0,0.0,0.0,0.0,0.0
2019-03-29,7,0,169,0.0,0.0,0.0,0.0,0.0
2019-03-29,7,0,170,0.0,0.0,0.0,0.0,0.0
2019-03-29,7,0,172,0.0,0.0,0.0,0.0,0.0
2019-03-29,7,0,173,0.0,0.0,0.0,0.0,0.0
2019-03-29,7,0,188,0.0,0.0,0.0,0.0,0.0
2019-03-29,7,0,190,0.0,0.0,0.0,0.0,0.0
2019-03-29,7,0,191,0.0,0.0,0.0,0.0,0.0
2019-03-29,7,0,192,70.97,70.97,0.0,961.879438,0.0
2019-03-29,7,0,194,176.5,176.5,0.0,684.427962,0.0
2019-03-29,7,0,196,0.0,0.0,0.0,0.0,0.0
2019-03-29,7,0,198,0.0,0.0,0.0,0.0,0.0
2019-03-29,7,0,199,22.43,22.43,0.0,163.114522,0.0
2019-03-29,7,0,200,0.0,0.0,0.0,0.0,0.0
2019-03-29,7,0,204,857.0,857.0,0.0,6036.592393,0.0
2019-03-29,7,0,205,1058.0,1058.0,0.0,7489.080019,0.0
2019-03-29,7,0,206,422.5,422.5,0.0,2678.65425,0.0
2019-03-29,7,0,210,0.0,0.0,0.0,0.0,0.0
2019-03-29,7,0,214,0.0,0.0,0.0,0.0,0.0
2019-03-29,7,0,217,0.0,0.0,0.0,0.0,0.0
2019-03-29,7,0,218,0.0,0.0,0.0,0.0,0.0
2019-03-29,7,0,219,0.0,0.0,0.0,0.0,0.0
2019-03-29,7,0,221,0.0,0.0,0.0,0.0,0.0
2019-03-29,7,0,225,0.0,0.0,0.0,0.0,0.0
2019-03-29,7,0,233,0.0,0.0,0.0,0.0,0.0
2019-03-29,7,0,236,36.21,36.21,0.0,274.589882,0.0
2019-03-29,7,0,237,22.52,22.52,0.0,167.188949,0.0
2019-03-29,7,0,238,0.0,0.0,0.0,0.0,0.0
2019-03-29,7,0,240,0.0,0.0,0.0,0.0,0.0
2019-03-29,7,0,245,42.99,42.99,0.0,333.701187,0.0
2019-03-29,7,0,247,42.28,42.28,0.0,328.189955,0.0
2019-03-29,7,0,248,2.26,2.26,0.0,16.778287,0.0
2019-03-29,7,0,249,82.68,82.68,0.0,641.78679,0.0
2019-03-29,7,0,251,101.38,101.38,0.0,780.335755,0.0
2019-03-29,7,0,252,75.15,75.15,0.0,579.712145,0.0
2019-03-29,7,0,254,0.0,0.0,0.0,0.0,0.0
2019-03-29,7,0,255,0.0,0.0,0.0,0.0,0.0
2019-03-29,7,0,258,0.0,0.0,0.0,0.0,0.0
2019-03-29,7,0,260,0.0,0.0,0.0,0.0,0.0
2019-03-29,7,0,265,0.0,0.0,0.0,0.0,0.0
2019-03-29,7,0,266,71.67,71.67,0.0,487.138601,0.0
2019-03-29,7,0,267,88.09,88.09,0.0,598.744793,0.0
2019-03-29,7,0,270,158.32,158.32,0.0,1778.001214,0.0
2019-03-29,7,0,272,256.2,256.2,0.0,1316.148718,0.0
2019-03-29,7,0,273,0.0,0.0,0.0,0.0,0.0
2019-03-29,7,0,274,204.09,204.09,0.0,2292.01786,0.0
2019-03-29,7,0,275,284.1,284.1,0.0,3190.56433,0.0
2019-03-29,7,0,276,0.0,0.0,0.0,0.0,0.0
2019-03-29,7,0,277,0.0,0.0,0.0,0.0,0.0
2019-03-29,7,0,278,0.0,0.0,0.0,0.0,0.0
2019-03-29,7,0,279,264.6,264.6,0.0,1403.396257,0.0
2019-03-29,7,0,281,9.77,9.77,0.0,62.027408,0.0
2019-03-29,7,0,282,0.0,0.0,0.0,0.0,0.0
2019-03-29,8,0,9,0.26,0.26,0.0,1.499659,0.0
2019-03-29,8,0,17,7.76,7.76,0.0,8.426493,0.0
2019-03-29,8,0,19,605.38,605.38,0.0,657.375019,0.0
2019-03-29,8,0,20,753.44,753.44,0.0,818.151632,0.0
2019-03-29,8,0,21,5.97,5.97,0.0,34.434486,0.0
2019-03-29,8,0,22,21.2,21.2,0.0,122.279917,0.0
2019-03-29,8,0,23,108.8,108.8,0.0,627.549764,0.0
2019-03-29,8,0,24,192.5,192.5,0.0,1110.32472,0.0
2019-03-29,8,0,29,0.86,0.86,0.0,7.415106,0.0
2019-03-29,8,0,30,32.99,32.99,0.0,189.85105,0.0
2019-03-29,8,0,31,8.28,8.28,0.0,47.649794,0.0
2019-03-29,8,0,32,0.88,0.88,0.0,11.773036,0.0
2019-03-29,8,0,33,0.43,0.43,0.0,3.547112,0.0
2019-03-29,8,0,34,0.7,0.7,0.0,5.774368,0.0
2019-03-29,8,0,35,0.7,0.7,0.0,5.774368,0.0
2019-03-29,8,0,36,1.56,1.56,0.0,11.36748,0.0
2019-03-29,8,0,37,0.75,0.75,0.0,5.461785,0.0
2019-03-29,8,0,38,0.97,0.97,0.0,7.063908,0.0
2019-03-29,8,0,39,0.64,0.64,0.0,4.660723,0.0
2019-03-29,8,0,40,0.64,0.64,0.0,4.660723,0.0
2019-03-29,8,0,41,34.8,34.8,0.0,224.443728,0.0
2019-03-29,8,0,42,7.01,7.01,0.0,42.287228,0.0
2019-03-29,8,0,43,4.72,4.72,0.0,34.890356,0.0
2019-03-29,8,0,46,4.18,4.18,0.0,29.863208,0.0
2019-03-29,8,0,52,8.78,8.78,0.0,50.527197,0.0
2019-03-29,8,0,53,13.95,13.95,0.0,80.279544,0.0
2019-03-29,8,0,55,75.63,75.63,0.0,436.227837,0.0
2019-03-29,8,0,56,9.73,9.73,0.0,55.994262,0.0
2019-03-29,8,0,57,9.26,9.26,0.0,53.289503,0.0
2019-03-29,8,0,58,17.8,17.8,0.0,102.435547,0.0
2019-03-29,8,0,59,17.5,17.5,0.0,100.709105,0.0
2019-03-29,8,0,63,96.01,96.01,0.0,1494.149663,0.0
2019-03-29,8,0,64,112.86,112.86,0.0,1756.376742,0.0
2019-03-29,8,0,65,26.85,26.85,0.0,118.507774,0.0
2019-03-29,8,0,67,27.24,27.24,0.0,-87.595144,0.0
2019-03-29,8,0,68,10.2,10.2,0.0,9.71279,0.0
2019-03-29,8,0,69,0.43,0.43,0.0,3.547112,0.0
2019-03-29,8,0,74,11.04,11.04,0.0,81.636033,0.0
2019-03-29,8,0,77,147.17,147.17,0.0,663.275705,0.0
2019-03-29,8,0,78,111.12,111.12,0.0,500.803128,0.0
2019-03-29,8,0,79,64.1,64.1,0.0,288.890213,0.0
2019-03-29,8,0,80,103.96,103.96,0.0,468.533956,0.0
2019-03-29,8,0,81,136.09,136.09,0.0,613.339612,0.0
2019-03-29,8,0,82,95.84,95.84,0.0,431.938191,0.0
2019-03-29,8,0,83,214.4,214.4,0.0,966.272413,0.0
2019-03-29,8,0,84,0.0,0.0,0.0,0.0,0.0
2019-03-29,8,0,86,2.2,2.2,0.0,18.148013,0.0
2019-03-29,8,0,87,11.24,11.24,0.0,92.719847,0.0
2019-03-29,8,0,88,123.33,123.33,0.0,555.831981,0.0
2019-03-29,8,0,89,119.02,119.02,0.0,536.407382,0.0
2019-03-29,8,0,90,155.3,155.3,0.0,699.916538,0.0
2019-03-29,8,0,91,486.84,486.84,0.0,2194.123422,0.0
2019-03-29,8,0,92,194.81,194.81,0.0,877.982877,0.0
2019-03-29,8,0,95,36.0,36.0,0.0,484.785925,0.0
2019-03-29,8,0,96,29.88,29.88,0.0,171.544065,0.0
2019-03-29,8,0,97,183.75,183.75,0.0,1054.927108,0.0
2019-03-29,8,0,99,2.13,2.13,0.0,15.75043,0.0
2019-03-29,8,0,101,0.66,0.66,0.0,3.798172,0.0
2019-03-29,8,0,102,24.15,24.15,0.0,22.996459,0.0
2019-03-29,8,0,103,21.0,21.0,0.0,19.996921,0.0
2019-03-29,8,0,104,3.9,3.9,0.0,3.713714,0.0
2019-03-29,8,0,106,20.87,20.87,0.0,120.376503,0.0
2019-03-29,8,0,109,200.0,200.0,0.0,1380.66196,0.0
2019-03-29,8,0,110,30.62,30.62,0.0,-489.281946,0.0
2019-03-29,8,0,111,1.75,1.75,0.0,11.286682,0.0
2019-03-29,8,0,113,141.55,141.55,0.0,718.714259,0.0
2019-03-29,8,0,115,141.55,141.55,0.0,718.714259,0.0
2019-03-29,8,0,116,14.2,14.2,0.0,-226.904103,0.0
2019-03-29,8,0,117,7.33,7.33,0.0,37.217771,0.0
2019-03-29,8,0,119,112.86,112.86,0.0,1756.376742,0.0
2019-03-29,8,0,120,66.59,66.59,0.0,1036.30274,0.0
2019-03-29,8,0,123,0.35,0.35,0.0,2.018772,0.0
2019-03-29,8,0,125,174.2,174.2,0.0,1004.771772,0.0
2019-03-29,8,0,126,15.65,15.65,0.0,90.267958,0.0
2019-03-29,8,0,127,20.09,20.09,0.0,115.877525,0.0
2019-03-29,8,0,128,249.5,249.5,0.0,1439.096195,0.0
2019-03-29,8,0,131,30.0,30.0,0.0,61.960683,0.0
2019-03-29,8,0,132,44.1,44.1,0.0,91.082204,0.0
2019-03-29,8,0,133,38.59,38.59,0.0,319.947935,0.0
2019-03-29,8,0,134,0.0,0.0,0.0,0.0,0.0
2019-03-29,8,0,135,51.71,51.71,0.0,428.725259,0.0
2019-03-29,8,0,136,36.19,36.19,0.0,166.343259,0.0
2019-03-29,8,0,139,44.94,44.94,0.0,289.841987,0.0
2019-03-29,8,0,140,22.66,22.66,0.0,-362.087815,0.0
2019-03-29,8,0,141,212.47,212.47,0.0,-683.235692,0.0
2019-03-29,8,0,142,35.92,35.92,0.0,-115.507253,0.0
2019-03-29,8,0,143,11.19,11.19,0.0,64.396279,0.0
2019-03-29,8,0,145,30.0,30.0,0.0,185.431769,0.0
2019-03-29,8,0,146,29.6,29.6,0.0,-472.983201,0.0
2019-03-29,8,0,152,1.11,1.11,0.0,8.233311,0.0
2019-03-29,8,0,153,1.43,1.43,0.0,10.580719,0.0
2019-03-29,8,0,154,7.21,7.21,0.0,46.501129,0.0
2019-03-29,8,0,157,39.04,39.04,0.0,-125.540177,0.0
2019-03-29,8,0,158,20.33,20.33,0.0,-65.37479,0.0
2019-03-29,8,0,159,0.0,0.0,0.0,0.0,0.0
2019-03-29,8,0,160,0.39,0.39,0.0,3.013495,0.0
2019-03-29,8,0,161,6.04,6.04,0.0,5.751495,0.0
2019-03-29,8,0,162,48.46,48.46,0.0,653.703212,0.0
2019-03-29,8,0,163,109.86,109.86,0.0,-1755.470758,0.0
2019-03-29,8,0,164,0.63,0.63,0.0,3.625528,0.0
2019-03-29,8,0,167,1.03,1.03,0.0,13.806767,0.0
2019-03-29,8,0,168,0.51,0.51,0.0,6.83636,0.0
2019-03-29,8,0,169,0.0,0.0,0.0,0.0,0.0
2019-03-29,8,0,170,1.12,1.12,0.0,15.013184,0.0
2019-03-29,8,0,172,1.34,1.34,0.0,17.141364,0.0
2019-03-29,8,0,173,2.04,2.04,0.0,26.095808,0.0
2019-03-29,8,0,188,1.79,1.79,0.0,23.267111,0.0
2019-03-29,8,0,190,1.33,1.33,0.0,20.698042,0.0
2019-03-29,8,0,191,3.43,3.43,0.0,53.379162,0.0
2019-03-29,8,0,192,124.58,124.58,0.0,1938.768514,0.0
2019-03-29,8,0,194,176.5,176.5,0.0,1537.711602,0.0
2019-03-29,8,0,196,0.82,0.82,0.0,16.344532,0.0
2019-03-29,8,0,198,1.6,1.6,0.0,13.272849,0.0
2019-03-29,8,0,199,34.8,34.8,0.0,330.867118,0.0
2019-03-29,8,0,200,2.85,2.85,0.0,27.096876,0.0
2019-03-29,8,0,204,856.99,856.99,0.0,5872.212392,0.0
2019-03-29,8,0,205,1058.0,1058.0,0.0,7303.701769,0.0
2019-03-29,8,0,206,539.94,539.94,0.0,3099.849483,0.0
2019-03-29,8,0,210,0.26,0.26,0.0,2.2609,0.0
2019-03-29,8,0,214,1.34,1.34,0.0,11.335799,0.0
2019-03-29,8,0,217,0.79,0.79,0.0,6.766665,0.0
2019-03-29,8,0,218,1.09,1.09,0.0,9.336285,0.0
2019-03-29,8,0,219,0.74,0.74,0.0,6.338395,0.0
2019-03-29,8,0,221,0.72,0.72,0.0,6.090877,0.0
2019-03-29,8,0,225,0.76,0.76,0.0,6.547486,0.0
2019-03-29,8,0,233,1.25,1.25,0.0,10.311371,0.0
2019-03-29,8,0,236,60.51,60.51,0.0,461.517432,0.0
2019-03-29,8,0,237,26.49,26.49,0.0,195.882112,0.0
2019-03-29,8,0,238,9.12,9.12,0.0,55.015623,0.0
2019-03-29,8,0,240,1.76,1.76,0.0,12.824849,0.0
2019-03-29,8,0,245,73.73,73.73,0.0,532.086371,0.0
2019-03-29,8,0,247,90.99,90.99,0.0,656.646398,0.0
2019-03-29,8,0,248,2.66,2.66,0.0,19.669551,0.0
2019-03-29,8,0,249,141.8,141.8,0.0,1023.326291,0.0
2019-03-29,8,0,251,232.15,232.15,0.0,1268.311975,0.0
2019-03-29,8,0,252,173.21,173.21,0.0,764.496518,0.0
2019-03-29,8,0,254,2.8,2.8,0.0,20.932966,0.0
2019-03-29,8,0,255,1.28,1.28,0.0,9.569356,0.0
2019-03-29,8,0,258,2.17,2.17,0.0,15.849318,0.0
2019-03-29,8,0,260,0.95,0.95,0.0,7.340565,0.0
2019-03-29,8,0,265,7.46,7.46,0.0,48.113512,0.0
2019-03-29,8,0,266,29.1,29.1,0.0,187.681394,0.0
2019-03-29,8,0,267,35.76,35.76,0.0,230.635279,0.0
2019-03-29,8,0,270,343.08,343.08,0.0,-5482.130965,0.0
2019-03-29,8,0,272,490.05,490.05,0.0,2488.208566,0.0
2019-03-29,8,0,273,3.4,3.4,0.0,-54.329151,0.0
2019-03-29,8,0,274,442.27,442.27,0.0,-7067.104063,0.0
2019-03-29,8,0,275,615.64,615.64,0.0,-9837.411412,0.0
2019-03-29,8,0,276,0.74,0.74,0.0,-9.715716,0.0
2019-03-29,8,0,277,0.93,0.93,0.0,4.50929,0.0
2019-03-29,8,0,278,1.49,1.49,0.0,7.224562,0.0
2019-03-29,8,0,279,264.6,264.6,0.0,1282.96587,0.0
2019-03-29,8,0,281,3.72,3.72,0.0,21.407878,0.0
2019-03-29,8,0,282,18.1,18.1,0.0,104.161988,0.0
2019-03-29,9,0,9,1.16,1.16,0.0,6.834744,0.0
2019-03-29,9,0,17,21.81,21.81,0.0,146.027333,0.0
2019-03-29,9,0,19,475.02,475.02,0.0,3180.46326,0.0
2019-03-29,9,0,20,589.85,589.85,0.0,3949.299512,0.0
2019-03-29,9,0,21,26.54,26.54,0.0,156.374229,0.0
2019-03-29,9,0,22,94.32,94.32,0.0,555.735391,0.0
2019-03-29,9,0,23,108.8,108.8,0.0,641.05185,0.0
2019-03-29,9,0,24,192.5,192.5,0.0,1134.213981,0.0
2019-03-29,9,0,29,2.04,2.04,0.0,14.248747,0.0
2019-03-29,9,0,30,179.3,179.3,0.0,1055.525812,0.0
2019-03-29,9,0,31,10.18,10.18,0.0,59.928906,0.0
2019-03-29,9,0,32,2.33,2.33,0.0,88.895033,0.0
2019-03-29,9,0,33,1.2,1.2,0.0,8.204212,0.0
2019-03-29,9,0,34,1.93,1.93,0.0,13.195107,0.0
2019-03-29,9,0,35,1.93,1.93,0.0,13.195107,0.0
2019-03-29,9,0,36,4.67,4.67,0.0,30.265966,0.0
2019-03-29,9,0,37,2.24,2.24,0.0,14.512422,0.0
2019-03-29,9,0,38,2.88,2.88,0.0,18.658828,0.0
2019-03-29,9,0,39,1.92,1.92,0.0,12.439218,0.0
2019-03-29,9,0,40,1.92,1.92,0.0,12.439218,0.0
2019-03-29,9,0,41,34.8,34.8,0.0,214.277255,0.0
2019-03-29,9,0,42,23.56,23.56,0.0,157.022142,0.0
2019-03-29,9,0,43,13.77,13.77,0.0,89.779863,0.0
2019-03-29,9,0,46,12.52,12.52,0.0,80.438296,0.0
2019-03-29,9,0,52,10.8,10.8,0.0,63.5788,0.0
2019-03-29,9,0,53,17.25,17.25,0.0,101.549472,0.0
2019-03-29,9,0,55,89.91,89.91,0.0,529.75158,0.0
2019-03-29,9,0,56,52.89,52.89,0.0,311.35951,0.0
2019-03-29,9,0,57,50.31,50.31,0.0,296.171241,0.0
2019-03-29,9,0,58,96.74,96.74,0.0,569.50121,0.0
2019-03-29,9,0,59,95.13,95.13,0.0,560.02326,0.0
2019-03-29,9,0,63,51.0,51.0,0.0,5511.615177,0.0
2019-03-29,9,0,64,60.0,60.0,0.0,6484.25315,0.0
2019-03-29,9,0,65,41.4,41.4,0.0,276.95507,0.0
2019-03-29,9,0,67,125.5,125.5,0.0,-70170.267818,0.0
2019-03-29,9,0,68,19.12,19.12,0.0,-7937.823046,0.0
2019-03-29,9,0,69,1.2,1.2,0.0,8.204212,0.0
2019-03-29,9,0,74,16.33,16.33,0.0,106.603324,0.0
2019-03-29,9,0,77,60.0,60.0,0.0,-17715.906865,0.0
2019-03-29,9,0,78,45.36,45.36,0.0,-13393.22559,0.0
2019-03-29,9,0,79,26.25,26.25,0.0,-7750.709254,0.0
2019-03-29,9,0,80,42.45,42.45,0.0,-12534.004107,0.0
2019-03-29,9,0,81,55.5,55.5,0.0,-16387.21385,0.0
2019-03-29,9,0,82,39.15,39.15,0.0,-11559.62923,0.0
2019-03-29,9,0,83,87.3,87.3,0.0,-25776.644489,0.0
2019-03-29,9,0,84,0.0,0.0,0.0,0.0,0.0
2019-03-29,9,0,86,6.1,6.1,0.0,41.704744,0.0
2019-03-29,9,0,87,31.14,31.14,0.0,212.899297,0.0
2019-03-29,9,0,88,155.83,155.83,0.0,-46011.16278,0.0
2019-03-29,9,0,89,148.85,148.85,0.0,-43950.212281,0.0
2019-03-29,9,0,90,208.93,208.93,0.0,-61689.740356,0.0
2019-03-29,9,0,91,785.09,785.09,0.0,-231809.688679,0.0
2019-03-29,9,0,92,276.23,276.23,0.0,-81561.082556,0.0
2019-03-29,9,0,95,36.0,36.0,0.0,700.048073,0.0
2019-03-29,9,0,96,29.88,29.88,0.0,175.742248,0.0
2019-03-29,9,0,97,183.75,183.75,0.0,1080.744244,0.0
2019-03-29,9,0,99,3.15,3.15,0.0,20.563409,0.0
2019-03-29,9,0,101,3.61,3.61,0.0,21.251802,0.0
2019-03-29,9,0,102,45.2,45.2,0.0,-18765.146532,0.0
2019-03-29,9,0,103,39.31,39.31,0.0,-16319.865269,0.0
2019-03-29,9,0,104,7.33,7.33,0.0,-3043.10894,0.0
2019-03-29,9,0,106,92.85,92.85,0.0,547.07412,0.0
2019-03-29,9,0,109,186.24,186.24,0.0,1179.386543,0.0
2019-03-29,9,0,110,19.1,19.1,0.0,-19100.0,0.0
2019-03-29,9,0,111,6.5,6.5,0.0,40.02305,0.0
2019-03-29,9,0,113,84.3,84.3,0.0,-22429.05753,0.0
2019-03-29,9,0,115,84.3,84.3,0.0,-22429.05753,0.0
2019-03-29,9,0,116,49.38,49.38,0.0,-49380.0,0.0
2019-03-29,9,0,117,5.73,5.73,0.0,-1524.537362,0.0
2019-03-29,9,0,119,60.0,60.0,0.0,6484.25315,0.0
2019-03-29,9,0,120,35.28,35.28,0.0,3812.740852,0.0
2019-03-29,9,0,123,1.55,1.55,0.0,9.132632,0.0
2019-03-29,9,0,125,174.2,174.2,0.0,1026.390003,0.0
2019-03-29,9,0,126,69.63,69.63,0.0,410.2614,0.0
2019-03-29,9,0,127,89.36,89.36,0.0,526.510968,0.0
2019-03-29,9,0,128,249.5,249.5,0.0,1470.05916,0.0
2019-03-29,9,0,131,30.0,30.0,0.0,-11301.264477,0.0
2019-03-29,9,0,132,44.1,44.1,0.0,-16612.858782,0.0
2019-03-29,9,0,133,41.94,41.94,0.0,280.828843,0.0
2019-03-29,9,0,134,0.0,0.0,0.0,0.0,0.0
2019-03-29,9,0,135,56.2,56.2,0.0,376.313328,0.0
2019-03-29,9,0,136,45.9,45.9,0.0,307.044533,0.0
2019-03-29,9,0,139,44.94,44.94,0.0,276.713213,0.0
2019-03-29,9,0,140,14.14,14.14,0.0,-14140.0,0.0
2019-03-29,9,0,141,230.0,230.0,0.0,-128598.897197,0.0
2019-03-29,9,0,142,165.5,165.5,0.0,-92535.293418,0.0
2019-03-29,9,0,143,19.03,19.03,0.0,112.0282,0.0
2019-03-29,9,0,145,30.0,30.0,0.0,181.570784,0.0
2019-03-29,9,0,146,44.52,44.52,0.0,-44520.0,0.0
2019-03-29,9,0,152,3.43,3.43,0.0,22.414004,0.0
2019-03-29,9,0,153,4.38,4.38,0.0,28.590241,0.0
2019-03-29,9,0,154,26.81,26.81,0.0,165.079689,0.0
2019-03-29,9,0,157,30.5,30.5,0.0,-17053.33202,0.0
2019-03-29,9,0,158,118.06,118.06,0.0,-66010.373057,0.0
2019-03-29,9,0,159,0.0,0.0,0.0,0.0,0.0
2019-03-29,9,0,160,1.11,1.11,0.0,7.377906,0.0
2019-03-29,9,0,161,24.16,24.16,0.0,-10030.219916,0.0
2019-03-29,9,0,162,48.75,48.75,0.0,986.168358,0.0
2019-03-29,9,0,163,185.4,185.4,0.0,-185400.0,0.0
2019-03-29,9,0,164,4.94,4.94,0.0,29.081414,0.0
2019-03-29,9,0,167,2.65,2.65,0.0,43.817739,0.0
2019-03-29,9,0,168,1.32,1.32,0.0,21.826194,0.0
2019-03-29,9,0,169,0.0,0.0,0.0,0.0,0.0
2019-03-29,9,0,170,2.89,2.89,0.0,47.786138,0.0
2019-03-29,9,0,172,3.48,3.48,0.0,41.234866,0.0
2019-03-29,9,0,173,5.3,5.3,0.0,62.800227,0.0
2019-03-29,9,0,188,4.76,4.76,0.0,95.32227,0.0
2019-03-29,9,0,190,4.16,4.16,0.0,134.898638,0.0
2019-03-29,9,0,191,10.74,10.74,0.0,348.271963,0.0
2019-03-29,9,0,192,215.48,215.48,0.0,6987.490008,0.0
2019-03-29,9,0,194,130.37,130.37,0.0,-17163.538084,0.0
2019-03-29,9,0,196,2.68,2.68,0.0,697.205472,0.0
2019-03-29,9,0,198,4.32,4.32,0.0,29.645162,0.0
2019-03-29,9,0,199,39.0,39.0,0.0,-1253.491782,0.0
2019-03-29,9,0,200,7.68,7.68,0.0,-246.841459,0.0
2019-03-29,9,0,204,480.72,480.72,0.0,3034.557748,0.0
2019-03-29,9,0,205,1048.92,1048.92,0.0,6642.408357,0.0
2019-03-29,9,0,206,539.94,539.94,0.0,3175.71182,0.0
2019-03-29,9,0,210,0.61,0.61,0.0,4.278195,0.0
2019-03-29,9,0,214,3.4,3.4,0.0,23.529603,0.0
2019-03-29,9,0,217,1.93,1.93,0.0,13.437516,0.0
2019-03-29,9,0,218,2.67,2.67,0.0,18.589724,0.0
2019-03-29,9,0,219,1.82,1.82,0.0,12.671647,0.0
2019-03-29,9,0,221,1.81,1.81,0.0,12.526054,0.0
2019-03-29,9,0,225,1.82,1.82,0.0,12.707063,0.0
2019-03-29,9,0,233,3.45,3.45,0.0,23.587109,0.0
2019-03-29,9,0,236,96.18,96.18,0.0,636.49374,0.0
2019-03-29,9,0,237,39.18,39.18,0.0,255.76964,0.0
2019-03-29,9,0,238,30.67,30.67,0.0,204.408706,0.0
2019-03-29,9,0,240,5.3,5.3,0.0,34.348955,0.0
2019-03-29,9,0,245,78.0,78.0,0.0,523.876827,0.0
2019-03-29,9,0,247,168.36,168.36,0.0,1130.767982,0.0
2019-03-29,9,0,248,3.93,3.93,0.0,25.655301,0.0
2019-03-29,9,0,249,150.0,150.0,0.0,1007.455437,0.0
2019-03-29,9,0,251,326.4,326.4,0.0,2180.478316,0.0
2019-03-29,9,0,252,267.06,267.06,0.0,1786.560891,0.0
2019-03-29,9,0,254,7.87,7.87,0.0,51.562508,0.0
2019-03-29,9,0,255,3.61,3.61,0.0,23.651926,0.0
2019-03-29,9,0,258,6.52,6.52,0.0,42.296792,0.0
2019-03-29,9,0,260,2.71,2.71,0.0,18.012726,0.0
2019-03-29,9,0,265,27.76,27.76,0.0,170.929212,0.0
2019-03-29,9,0,266,29.1,29.1,0.0,179.180118,0.0
2019-03-29,9,0,267,35.76,35.76,0.0,220.188351,0.0
2019-03-29,9,0,270,579.0,579.0,0.0,-579000.0,0.0
2019-03-29,9,0,272,281.31,281.31,0.0,-74846.004432,0.0
2019-03-29,9,0,273,11.81,11.81,0.0,-11810.0,0.0
2019-03-29,9,0,274,746.4,746.4,0.0,-746400.0,0.0
2019-03-29,9,0,275,1039.0,1039.0,0.0,-1039000.0,0.0
2019-03-29,9,0,276,2.6,2.6,0.0,-2344.06136,0.0
2019-03-29,9,0,277,3.27,3.27,0.0,-908.308618,0.0
2019-03-29,9,0,278,5.23,5.23,0.0,-1452.738249,0.0
2019-03-29,9,0,279,264.6,264.6,0.0,-73498.000118,0.0
2019-03-29,9,0,281,4.54,4.54,0.0,26.726644,0.0
2019-03-29,9,0,282,98.35,98.35,0.0,578.979161,0.0
2019-03-29,10,0,9,2.16,2.16,0.0,-8.267702,0.0
2019-03-29,10,0,17,37.41,37.41,0.0,143.300039,0.0
2019-03-29,10,0,19,349.46,349.46,0.0,1338.616191,0.0
2019-03-29,10,0,20,433.01,433.01,0.0,1658.656776,0.0
2019-03-29,10,0,21,49.45,49.45,0.0,-189.27678,0.0
2019-03-29,10,0,22,175.73,175.73,0.0,-672.631114,0.0
2019-03-29,10,0,23,108.8,108.8,0.0,-416.447193,0.0
2019-03-29,10,0,24,192.5,192.5,0.0,-736.820631,0.0
2019-03-29,10,0,29,2.61,2.61,0.0,13.157768,0.0
2019-03-29,10,0,30,394.83,394.83,0.0,-1530.016477,0.0
2019-03-29,10,0,31,19.99,19.99,0.0,-77.463793,0.0
2019-03-29,10,0,32,3.96,3.96,0.0,80.452728,0.0
2019-03-29,10,0,33,2.05,2.05,0.0,10.731043,0.0
2019-03-29,10,0,34,3.28,3.28,0.0,17.169669,0.0
2019-03-29,10,0,35,3.28,3.28,0.0,17.169669,0.0
2019-03-29,10,0,36,8.15,8.15,0.0,13.313631,0.0
2019-03-29,10,0,37,3.89,3.89,0.0,6.228403,0.0
2019-03-29,10,0,38,5.0,5.0,0.0,8.005659,0.0
2019-03-29,10,0,39,3.33,3.33,0.0,5.331769,0.0
2019-03-29,10,0,40,3.33,3.33,0.0,5.331769,0.0
2019-03-29,10,0,41,34.8,34.8,0.0,-46.666065,0.0
2019-03-29,10,0,42,40.29,40.29,0.0,142.069069,0.0
2019-03-29,10,0,43,24.67,24.67,0.0,48.033159,0.0
2019-03-29,10,0,46,21.78,21.78,0.0,23.703395,0.0
2019-03-29,10,0,52,21.2,21.2,0.0,-82.152697,0.0
2019-03-29,10,0,53,33.81,33.81,0.0,-131.018051,0.0
2019-03-29,10,0,55,105.71,105.71,0.0,-404.619786,0.0
2019-03-29,10,0,56,116.46,116.46,0.0,-451.297315,0.0
2019-03-29,10,0,57,110.78,110.78,0.0,-429.286593,0.0
2019-03-29,10,0,58,213.04,213.04,0.0,-825.557101,0.0
2019-03-29,10,0,59,209.49,209.49,0.0,-811.8004,0.0
2019-03-29,10,0,63,51.0,51.0,0.0,1386.64512,0.0
2019-03-29,10,0,64,60.0,60.0,0.0,1631.3472,0.0
2019-03-29,10,0,65,41.4,41.4,0.0,156.243107,0.0
2019-03-29,10,0,67,237.72,237.72,0.0,-7984.402496,0.0
2019-03-29,10,0,68,34.0,34.0,0.0,-680.152268,0.0
2019-03-29,10,0,69,2.05,2.05,0.0,10.731043,0.0
2019-03-29,10,0,74,42.87,42.87,0.0,93.398023,0.0
2019-03-29,10,0,77,60.0,60.0,0.0,-503.388739,0.0
2019-03-29,10,0,78,45.36,45.36,0.0,-380.561886,0.0
2019-03-29,10,0,79,26.25,26.25,0.0,-220.232573,0.0
2019-03-29,10,0,80,42.45,42.45,0.0,-356.147533,0.0
2019-03-29,10,0,81,55.5,55.5,0.0,-465.634583,0.0
2019-03-29,10,0,82,39.15,39.15,0.0,-328.461152,0.0
2019-03-29,10,0,83,87.3,87.3,0.0,-732.430615,0.0
2019-03-29,10,0,84,0.0,0.0,0.0,0.0,0.0
2019-03-29,10,0,86,10.38,10.38,0.0,54.335719,0.0
2019-03-29,10,0,87,53.0,53.0,0.0,277.436718,0.0
2019-03-29,10,0,88,103.48,103.48,0.0,-868.177778,0.0
2019-03-29,10,0,89,99.0,99.0,0.0,-830.591419,0.0
2019-03-29,10,0,90,137.47,137.47,0.0,-1153.347498,0.0
2019-03-29,10,0,91,509.29,509.29,0.0,-4272.847511,0.0
2019-03-29,10,0,92,180.45,180.45,0.0,-1513.941631,0.0
2019-03-29,10,0,95,88.65,88.65,0.0,1723.868379,0.0
2019-03-29,10,0,96,29.88,29.88,0.0,-117.271721,0.0
2019-03-29,10,0,97,183.75,183.75,0.0,-721.173988,0.0
2019-03-29,10,0,99,8.81,8.81,0.0,19.193762,0.0
2019-03-29,10,0,101,7.95,7.95,0.0,-30.807261,0.0
2019-03-29,10,0,102,80.5,80.5,0.0,-1610.360516,0.0
2019-03-29,10,0,103,70.0,70.0,0.0,-1400.313492,0.0
2019-03-29,10,0,104,13.0,13.0,0.0,-260.05822,0.0
2019-03-29,10,0,106,173.0,173.0,0.0,-662.181658,0.0
2019-03-29,10,0,109,171.07,171.07,0.0,45.967177,0.0
2019-03-29,10,0,110,15.08,15.08,0.0,-1133.755471,0.0
2019-03-29,10,0,111,10.99,10.99,0.0,-14.737358,0.0
2019-03-29,10,0,113,150.0,150.0,0.0,-994.502323,0.0
2019-03-29,10,0,115,150.0,150.0,0.0,-994.502323,0.0
2019-03-29,10,0,116,89.02,89.02,0.0,-6692.766052,0.0
2019-03-29,10,0,117,10.0,10.0,0.0,-66.300155,0.0
2019-03-29,10,0,119,60.0,60.0,0.0,1631.3472,0.0
2019-03-29,10,0,120,35.28,35.28,0.0,959.232154,0.0
2019-03-29,10,0,123,2.88,2.88,0.0,-11.023602,0.0
2019-03-29,10,0,125,174.2,174.2,0.0,-666.774825,0.0
2019-03-29,10,0,126,129.75,129.75,0.0,-496.636243,0.0
2019-03-29,10,0,127,166.51,166.51,0.0,-637.340276,0.0
2019-03-29,10,0,128,249.5,249.5,0.0,-954.99609,0.0
2019-03-29,10,0,131,40.31,40.31,0.0,-660.152517,0.0
2019-03-29,10,0,132,65.03,65.03,0.0,-1064.989287,0.0
2019-03-29,10,0,133,41.94,41.94,0.0,160.875739,0.0
2019-03-29,10,0,134,0.0,0.0,0.0,0.0,0.0
2019-03-29,10,0,135,56.2,56.2,0.0,215.575025,0.0
2019-03-29,10,0,136,45.9,45.9,0.0,173.083584,0.0
2019-03-29,10,0,139,44.94,44.94,0.0,-60.263591,0.0
2019-03-29,10,0,140,11.16,11.16,0.0,-839.039195,0.0
2019-03-29,10,0,141,230.0,230.0,0.0,-7725.10758,0.0
2019-03-29,10,0,142,313.49,313.49,0.0,-10529.321632,0.0
2019-03-29,10,0,143,30.64,30.64,0.0,-118.733898,0.0
2019-03-29,10,0,145,56.19,56.19,0.0,-131.302241,0.0
2019-03-29,10,0,146,81.08,81.08,0.0,-6095.815227,0.0
2019-03-29,10,0,152,5.98,5.98,0.0,13.326198,0.0
2019-03-29,10,0,153,7.61,7.61,0.0,16.408294,0.0
2019-03-29,10,0,154,45.33,45.33,0.0,-60.786572,0.0
2019-03-29,10,0,157,25.91,25.91,0.0,-870.250163,0.0
2019-03-29,10,0,158,232.04,232.04,0.0,-7793.625926,0.0
2019-03-29,10,0,159,0.0,0.0,0.0,0.0,0.0
2019-03-29,10,0,160,1.95,1.95,0.0,5.925971,0.0
2019-03-29,10,0,161,44.72,44.72,0.0,-894.600277,0.0
2019-03-29,10,0,162,91.77,91.77,0.0,1791.523411,0.0
2019-03-29,10,0,163,104.02,104.02,0.0,-7820.506906,0.0
2019-03-29,10,0,164,15.0,15.0,0.0,-58.126908,0.0
2019-03-29,10,0,167,4.11,4.11,0.0,78.92475,0.0
2019-03-29,10,0,168,2.05,2.05,0.0,39.366359,0.0
2019-03-29,10,0,169,0.0,0.0,0.0,0.0,0.0
2019-03-29,10,0,170,4.5,4.5,0.0,86.413959,0.0
2019-03-29,10,0,172,5.93,5.93,0.0,106.005513,0.0
2019-03-29,10,0,173,9.03,9.03,0.0,161.421548,0.0
2019-03-29,10,0,188,8.16,8.16,0.0,153.263343,0.0
2019-03-29,10,0,190,7.23,7.23,0.0,196.577338,0.0
2019-03-29,10,0,191,18.67,18.67,0.0,507.62087,0.0
2019-03-29,10,0,192,332.6,332.6,0.0,9043.101312,0.0
2019-03-29,10,0,194,52.95,52.95,0.0,271.234702,0.0
2019-03-29,10,0,196,4.78,4.78,0.0,198.150147,0.0
2019-03-29,10,0,198,8.71,8.71,0.0,41.8883,0.0
2019-03-29,10,0,199,39.0,39.0,0.0,325.423394,0.0
2019-03-29,10,0,200,15.6,15.6,0.0,130.169357,0.0
2019-03-29,10,0,204,257.1,257.1,0.0,19.407923,0.0
2019-03-29,10,0,205,1010.31,1010.31,0.0,271.474239,0.0
2019-03-29,10,0,206,539.94,539.94,0.0,-2119.13297,0.0
2019-03-29,10,0,210,0.81,0.81,0.0,4.347282,0.0
2019-03-29,10,0,214,8.18,8.18,0.0,49.614821,0.0
2019-03-29,10,0,217,4.48,4.48,0.0,25.861899,0.0
2019-03-29,10,0,218,6.18,6.18,0.0,35.675566,0.0
2019-03-29,10,0,219,4.21,4.21,0.0,24.303258,0.0
2019-03-29,10,0,221,4.36,4.36,0.0,26.445063,0.0
2019-03-29,10,0,225,2.39,2.39,0.0,11.973504,0.0
2019-03-29,10,0,233,5.87,5.87,0.0,30.727425,0.0
2019-03-29,10,0,236,145.7,145.7,0.0,445.484047,0.0
2019-03-29,10,0,237,100.19,100.19,0.0,218.277301,0.0
2019-03-29,10,0,238,52.43,52.43,0.0,184.876676,0.0
2019-03-29,10,0,240,9.24,9.24,0.0,15.094227,0.0
2019-03-29,10,0,245,78.0,78.0,0.0,314.998335,0.0
2019-03-29,10,0,247,171.72,171.72,0.0,693.48095,0.0
2019-03-29,10,0,248,10.93,10.93,0.0,23.812465,0.0
2019-03-29,10,0,249,150.0,150.0,0.0,605.766029,0.0
2019-03-29,10,0,251,326.4,326.4,0.0,1201.530468,0.0
2019-03-29,10,0,252,267.06,267.06,0.0,1007.881258,0.0
2019-03-29,10,0,254,13.44,13.44,0.0,29.850665,0.0
2019-03-29,10,0,255,6.16,6.16,0.0,13.681555,0.0
2019-03-29,10,0,258,11.38,11.38,0.0,19.166191,0.0
2019-03-29,10,0,260,4.73,4.73,0.0,14.374278,0.0
2019-03-29,10,0,265,46.94,46.94,0.0,-62.945548,0.0
2019-03-29,10,0,266,29.1,29.1,0.0,-39.022485,0.0
2019-03-29,10,0,267,35.76,35.76,0.0,-47.953405,0.0
2019-03-29,10,0,270,324.69,324.69,0.0,-24411.078516,0.0
2019-03-29,10,0,272,501.3,501.3,0.0,-3323.626765,0.0
2019-03-29,10,0,273,21.29,21.29,0.0,-1600.640185,0.0
2019-03-29,10,0,274,418.54,418.54,0.0,-31466.977124,0.0
2019-03-29,10,0,275,582.57,582.57,0.0,-43799.199271,0.0
2019-03-29,10,0,276,4.7,4.7,0.0,-309.708245,0.0
2019-03-29,10,0,277,5.66,5.66,0.0,-41.519193,0.0
2019-03-29,10,0,278,9.06,9.06,0.0,-66.460051,0.0
2019-03-29,10,0,279,264.6,264.6,0.0,-1940.985586,0.0
2019-03-29,10,0,281,8.91,8.91,0.0,-34.527383,0.0
2019-03-29,10,0,282,216.59,216.59,0.0,-839.313803,0.0
2019-03-29,11,0,9,3.15,3.15,0.0,-540.271462,0.0
2019-03-29,11,0,17,52.5,52.5,0.0,-1555.403048,0.0
2019-03-29,11,0,19,192.99,192.99,0.0,-5717.661606,0.0
2019-03-29,11,0,20,234.06,234.06,0.0,-6934.431191,0.0
2019-03-29,11,0,21,72.04,72.04,0.0,-12355.922579,0.0
2019-03-29,11,0,22,256.02,256.02,0.0,-43911.206258,0.0
2019-03-29,11,0,23,61.07,61.07,0.0,-10474.405774,0.0
2019-03-29,11,0,24,108.0,108.0,0.0,-18523.592984,0.0
2019-03-29,11,0,29,3.78,3.78,0.0,12.882652,0.0
2019-03-29,11,0,30,583.9,583.9,0.0,-100664.795752,0.0
2019-03-29,11,0,31,49.08,49.08,0.0,-8461.428627,0.0
2019-03-29,11,0,32,5.59,5.59,0.0,252.618147,0.0
2019-03-29,11,0,33,2.89,2.89,0.0,-11.366492,0.0
2019-03-29,11,0,34,4.63,4.63,0.0,-18.209986,0.0
2019-03-29,11,0,35,4.63,4.63,0.0,-18.209986,0.0
2019-03-29,11,0,36,11.73,11.73,0.0,-814.753165,0.0
2019-03-29,11,0,37,5.62,5.62,0.0,-393.3606,0.0
2019-03-29,11,0,38,7.23,7.23,0.0,-506.049313,0.0
2019-03-29,11,0,39,4.82,4.82,0.0,-337.366209,0.0
2019-03-29,11,0,40,4.82,4.82,0.0,-337.366209,0.0
2019-03-29,11,0,41,34.8,34.8,0.0,-4356.86306,0.0
2019-03-29,11,0,42,60.91,60.91,0.0,-2143.801416,0.0
2019-03-29,11,0,43,35.39,35.39,0.0,-2240.760877,0.0
2019-03-29,11,0,46,30.71,30.71,0.0,-2441.567568,0.0
2019-03-29,11,0,52,52.18,52.18,0.0,-8995.870941,0.0
2019-03-29,11,0,53,84.98,84.98,0.0,-14650.615419,0.0
2019-03-29,11,0,55,355.55,355.55,0.0,-60982.069311,0.0
2019-03-29,11,0,56,172.23,172.23,0.0,-29692.580532,0.0
2019-03-29,11,0,57,163.83,163.83,0.0,-28244.414263,0.0
2019-03-29,11,0,58,315.05,315.05,0.0,-54314.855115,0.0
2019-03-29,11,0,59,309.8,309.8,0.0,-53409.751197,0.0
2019-03-29,11,0,63,51.0,51.0,0.0,6013.943206,0.0
2019-03-29,11,0,64,60.0,60.0,0.0,7075.227301,0.0
2019-03-29,11,0,65,41.4,41.4,0.0,-1269.378822,0.0
2019-03-29,11,0,67,351.02,351.02,0.0,-189031.806714,0.0
2019-03-29,11,0,68,33.99,33.99,0.0,-13182.193782,0.0
2019-03-29,11,0,69,2.89,2.89,0.0,-11.366492,0.0
2019-03-29,11,0,74,86.11,86.11,0.0,-5158.734028,0.0
2019-03-29,11,0,77,60.0,60.0,0.0,-15399.002074,0.0
2019-03-29,11,0,78,45.36,45.36,0.0,-11641.645568,0.0
2019-03-29,11,0,79,26.25,26.25,0.0,-6737.063407,0.0
2019-03-29,11,0,80,42.45,42.45,0.0,-10894.793967,0.0
2019-03-29,11,0,81,55.5,55.5,0.0,-14244.076919,0.0
2019-03-29,11,0,82,39.15,39.15,0.0,-10047.848853,0.0
2019-03-29,11,0,83,87.3,87.3,0.0,-22405.548018,0.0
2019-03-29,11,0,84,0.0,0.0,0.0,-0.0,0.0
2019-03-29,11,0,86,14.65,14.65,0.0,-57.619069,0.0
2019-03-29,11,0,87,74.8,74.8,0.0,-294.191562,0.0
2019-03-29,11,0,88,51.18,51.18,0.0,-13135.348769,0.0
2019-03-29,11,0,89,49.2,49.2,0.0,-12627.181701,0.0
2019-03-29,11,0,90,66.06,66.06,0.0,-16954.301284,0.0
2019-03-29,11,0,91,235.65,235.65,0.0,-60479.580646,0.0
2019-03-29,11,0,92,84.75,84.75,0.0,-21751.09043,0.0
2019-03-29,11,0,95,96.29,96.29,0.0,1872.434137,0.0
2019-03-29,11,0,96,31.88,31.88,0.0,-5525.655187,0.0
2019-03-29,11,0,97,234.28,234.28,0.0,-40606.97921,0.0
2019-03-29,11,0,99,18.48,18.48,0.0,-1107.11189,0.0
2019-03-29,11,0,101,11.76,11.76,0.0,-2027.432776,0.0
2019-03-29,11,0,102,80.49,80.49,0.0,-31216.086424,0.0
2019-03-29,11,0,103,69.99,69.99,0.0,-27143.917118,0.0
2019-03-29,11,0,104,12.99,12.99,0.0,-5037.85517,0.0
2019-03-29,11,0,106,252.03,252.03,0.0,-43226.862406,0.0
2019-03-29,11,0,109,83.48,83.48,0.0,-7932.836831,0.0
2019-03-29,11,0,110,0.0,0.0,0.0,-0.0,0.0
2019-03-29,11,0,111,16.03,16.03,0.0,-2006.911346,0.0
2019-03-29,11,0,113,84.2,84.2,0.0,-20606.686776,0.0
2019-03-29,11,0,115,84.2,84.2,0.0,-20606.686776,0.0
2019-03-29,11,0,116,129.04,129.04,0.0,-129040.0,0.0
2019-03-29,11,0,117,5.66,5.66,0.0,-1385.200085,0.0
2019-03-29,11,0,119,60.0,60.0,0.0,7075.227301,0.0
2019-03-29,11,0,120,35.28,35.28,0.0,4160.233653,0.0
2019-03-29,11,0,123,4.2,4.2,0.0,-720.361949,0.0
2019-03-29,11,0,125,97.74,97.74,0.0,-16763.851651,0.0
2019-03-29,11,0,126,189.02,189.02,0.0,-32419.718017,0.0
2019-03-29,11,0,127,242.58,242.58,0.0,-41606.04802,0.0
2019-03-29,11,0,128,139.96,139.96,0.0,-24005.20439,0.0
2019-03-29,11,0,131,30.0,30.0,0.0,-10427.383065,0.0
2019-03-29,11,0,132,44.1,44.1,0.0,-15328.253105,0.0
2019-03-29,11,0,133,41.94,41.94,0.0,-1238.456733,0.0
2019-03-29,11,0,134,0.0,0.0,0.0,-0.0,0.0
2019-03-29,11,0,135,56.2,56.2,0.0,-1659.543834,0.0
2019-03-29,11,0,136,45.9,45.9,0.0,-1409.961783,0.0
2019-03-29,11,0,139,44.94,44.94,0.0,-5626.362814,0.0
2019-03-29,11,0,140,0.0,0.0,0.0,-0.0,0.0
2019-03-29,11,0,141,228.33,228.33,0.0,-122960.60745,0.0
2019-03-29,11,0,142,462.9,462.9,0.0,-249281.588877,0.0
2019-03-29,11,0,143,91.27,91.27,0.0,-15735.016113,0.0
2019-03-29,11,0,145,100.0,100.0,0.0,-14367.757421,0.0
2019-03-29,11,0,146,88.26,88.26,0.0,-88260.0,0.0
2019-03-29,11,0,152,8.69,8.69,0.0,-511.919201,0.0
2019-03-29,11,0,153,10.79,10.79,0.0,-649.882053,0.0
2019-03-29,11,0,154,66.12,66.12,0.0,-8278.039814,0.0
2019-03-29,11,0,157,16.81,16.81,0.0,-9052.545926,0.0
2019-03-29,11,0,158,344.85,344.85,0.0,-185709.129238,0.0
2019-03-29,11,0,159,0.0,0.0,0.0,-0.0,0.0
2019-03-29,11,0,160,2.83,2.83,0.0,-120.039867,0.0
2019-03-29,11,0,161,65.75,65.75,0.0,-25499.536369,0.0
2019-03-29,11,0,162,162.5,162.5,0.0,3297.929813,0.0
2019-03-29,11,0,163,160.49,160.49,0.0,-160490.0,0.0
2019-03-29,11,0,164,22.08,22.08,0.0,-3806.608478,0.0
2019-03-29,11,0,167,5.83,5.83,0.0,94.32534,0.0
2019-03-29,11,0,168,2.92,2.92,0.0,47.243566,0.0
2019-03-29,11,0,169,0.0,0.0,0.0,0.0,0.0
2019-03-29,11,0,170,6.38,6.38,0.0,103.223957,0.0
2019-03-29,11,0,172,8.51,8.51,0.0,87.586352,0.0
2019-03-29,11,0,173,12.97,12.97,0.0,133.489422,0.0
2019-03-29,11,0,188,11.54,11.54,0.0,277.322519,0.0
2019-03-29,11,0,190,10.25,10.25,0.0,332.38246,0.0
2019-03-29,11,0,191,26.49,26.49,0.0,859.005988,0.0
2019-03-29,11,0,192,332.6,332.6,0.0,10785.405497,0.0
2019-03-29,11,0,194,52.95,52.95,0.0,-6430.591668,0.0
2019-03-29,11,0,196,6.9,6.9,0.0,1903.854601,0.0
2019-03-29,11,0,198,12.45,12.45,0.0,-99.481782,0.0
2019-03-29,11,0,199,56.82,56.82,0.0,-7449.408964,0.0
2019-03-29,11,0,200,21.68,21.68,0.0,-2842.365124,0.0
2019-03-29,11,0,204,257.1,257.1,0.0,-25349.243756,0.0
2019-03-29,11,0,205,545.8,545.8,0.0,-51865.624607,0.0
2019-03-29,11,0,206,895.48,895.48,0.0,-155210.593063,0.0
2019-03-29,11,0,210,1.15,1.15,0.0,6.30233,0.0
2019-03-29,11,0,214,11.67,11.67,0.0,131.476449,0.0
2019-03-29,11,0,217,6.28,6.28,0.0,69.820074,0.0
2019-03-29,11,0,218,8.67,8.67,0.0,96.391726,0.0
2019-03-29,11,0,219,5.91,5.91,0.0,65.70647,0.0
2019-03-29,11,0,221,6.22,6.22,0.0,70.075708,0.0
2019-03-29,11,0,225,3.38,3.38,0.0,10.843015,0.0
2019-03-29,11,0,233,8.29,8.29,0.0,-32.60492,0.0
2019-03-29,11,0,236,159.03,159.03,0.0,-6959.619087,0.0
2019-03-29,11,0,237,191.97,191.97,0.0,-11500.663934,0.0
2019-03-29,11,0,238,79.28,79.28,0.0,-2790.355873,0.0
2019-03-29,11,0,240,13.3,13.3,0.0,-923.803674,0.0
2019-03-29,11,0,245,78.0,78.0,0.0,-2014.131517,0.0
2019-03-29,11,0,247,171.72,171.72,0.0,-4434.188001,0.0
2019-03-29,11,0,248,22.86,22.86,0.0,-1369.511786,0.0
2019-03-29,11,0,249,150.0,150.0,0.0,-3873.32984,0.0
2019-03-29,11,0,251,326.4,326.4,0.0,-10562.292475,0.0
2019-03-29,11,0,252,267.06,267.06,0.0,-8188.413243,0.0
2019-03-29,11,0,254,19.5,19.5,0.0,-1132.400894,0.0
2019-03-29,11,0,255,8.94,8.94,0.0,-519.162256,0.0
2019-03-29,11,0,258,16.35,16.35,0.0,-1119.432598,0.0
2019-03-29,11,0,260,6.88,6.88,0.0,-291.828368,0.0
2019-03-29,11,0,265,68.46,68.46,0.0,-8571.001296,0.0
2019-03-29,11,0,266,29.1,29.1,0.0,-3643.238938,0.0
2019-03-29,11,0,267,35.76,35.76,0.0,-4477.052386,0.0
2019-03-29,11,0,270,542.91,542.91,0.0,-542910.0,0.0
2019-03-29,11,0,272,281.17,281.17,0.0,-68812.139201,0.0
2019-03-29,11,0,273,30.86,30.86,0.0,-30860.0,0.0
2019-03-29,11,0,274,708.99,708.99,0.0,-708990.0,0.0
2019-03-29,11,0,275,1000.33,1000.33,0.0,-1000330.0,0.0
2019-03-29,11,0,276,6.9,6.9,0.0,-6189.034939,0.0
2019-03-29,11,0,277,8.21,8.21,0.0,-2048.492929,0.0
2019-03-29,11,0,278,13.14,13.14,0.0,-3278.586734,0.0
2019-03-29,11,0,279,264.6,264.6,0.0,-66020.85616,0.0
2019-03-29,11,0,281,21.4,21.4,0.0,-3689.37597,0.0
2019-03-29,11,0,282,320.31,320.31,0.0,-55221.68304,0.0
2019-03-29,12,0,9,3.96,3.96,0.0,-1568.399507,0.0
2019-03-29,12,0,17,64.43,64.43,0.0,368.363322,0.0
2019-03-29,12,0,19,192.99,192.99,0.0,1103.374786,0.0
2019-03-29,12,0,20,234.06,234.06,0.0,1338.182819,0.0
2019-03-29,12,0,21,90.47,90.47,0.0,-35831.591765,0.0
2019-03-29,12,0,22,321.52,321.52,0.0,-127341.366024,0.0
2019-03-29,12,0,23,46.17,46.17,0.0,-18286.112433,0.0
2019-03-29,12,0,24,77.3,77.3,0.0,-30615.475223,0.0
2019-03-29,12,0,29,4.57,4.57,0.0,15.768338,0.0
2019-03-29,12,0,30,727.75,727.75,0.0,-727750.0,0.0
2019-03-29,12,0,31,125.0,125.0,0.0,-125000.0,0.0
2019-03-29,12,0,32,6.67,6.67,0.0,245.895623,0.0
2019-03-29,12,0,33,3.68,3.68,0.0,39.372452,0.0
2019-03-29,12,0,34,5.88,5.88,0.0,62.910332,0.0
2019-03-29,12,0,35,5.88,5.88,0.0,62.910332,0.0
2019-03-29,12,0,36,15.0,15.0,0.0,-23.478655,0.0
2019-03-29,12,0,37,7.2,7.2,0.0,-11.292069,0.0
2019-03-29,12,0,38,9.26,9.26,0.0,-14.522856,0.0
2019-03-29,12,0,39,6.17,6.17,0.0,-9.676676,0.0
2019-03-29,12,0,40,6.17,6.17,0.0,-9.676676,0.0
2019-03-29,12,0,41,34.8,34.8,0.0,-621.890375,0.0
2019-03-29,12,0,42,79.36,79.36,0.0,368.023312,0.0
2019-03-29,12,0,43,44.88,44.88,0.0,-20.414813,0.0
2019-03-29,12,0,46,38.39,38.39,0.0,-107.209196,0.0
2019-03-29,12,0,52,132.5,132.5,0.0,-132500.0,0.0
2019-03-29,12,0,53,210.5,210.5,0.0,-210500.0,0.0
2019-03-29,12,0,55,623.0,623.0,0.0,-246745.679999,0.0
2019-03-29,12,0,56,214.66,214.66,0.0,-214660.0,0.0
2019-03-29,12,0,57,204.19,204.19,0.0,-204190.0,0.0
2019-03-29,12,0,58,392.67,392.67,0.0,-392670.0,0.0
2019-03-29,12,0,59,386.13,386.13,0.0,-386130.0,0.0
2019-03-29,12,0,63,51.0,51.0,0.0,5440.768472,0.0
2019-03-29,12,0,64,60.0,60.0,0.0,6400.904085,0.0
2019-03-29,12,0,65,41.4,41.4,0.0,228.389914,0.0
2019-03-29,12,0,67,445.09,445.09,0.0,-248394.203662,0.0
2019-03-29,12,0,68,34.0,34.0,0.0,-14068.050003,0.0
2019-03-29,12,0,69,3.68,3.68,0.0,39.372452,0.0
2019-03-29,12,0,74,183.31,183.31,0.0,-82.019042,0.0
2019-03-29,12,0,77,60.0,60.0,0.0,-17556.243615,0.0
2019-03-29,12,0,78,45.36,45.36,0.0,-13272.520173,0.0
2019-03-29,12,0,79,26.25,26.25,0.0,-7680.856582,0.0
2019-03-29,12,0,80,42.45,42.45,0.0,-12421.042358,0.0
2019-03-29,12,0,81,55.5,55.5,0.0,-16239.525344,0.0
2019-03-29,12,0,82,39.15,39.15,0.0,-11455.448959,0.0
2019-03-29,12,0,83,87.3,87.3,0.0,-25544.33446,0.0
2019-03-29,12,0,84,0.0,0.0,0.0,0.0,0.0
2019-03-29,12,0,86,18.63,18.63,0.0,199.32304,0.0
2019-03-29,12,0,87,95.09,95.09,0.0,1017.371332,0.0
2019-03-29,12,0,88,51.18,51.18,0.0,-14975.475804,0.0
2019-03-29,12,0,89,49.2,49.2,0.0,-14396.119764,0.0
2019-03-29,12,0,90,66.06,66.06,0.0,-19329.42422,0.0
2019-03-29,12,0,91,235.65,235.65,0.0,-68952.146799,0.0
2019-03-29,12,0,92,84.75,84.75,0.0,-24798.194106,0.0
2019-03-29,12,0,95,120.0,120.0,0.0,2333.493576,0.0
2019-03-29,12,0,96,29.88,29.88,0.0,901.979788,0.0
2019-03-29,12,0,97,183.76,183.76,0.0,5547.115324,0.0
2019-03-29,12,0,99,35.38,35.38,0.0,-15.830199,0.0
2019-03-29,12,0,101,14.66,14.66,0.0,-14660.0,0.0
2019-03-29,12,0,102,80.5,80.5,0.0,-33308.177213,0.0
2019-03-29,12,0,103,70.0,70.0,0.0,-28963.632359,0.0
2019-03-29,12,0,104,13.0,13.0,0.0,-5378.960295,0.0
2019-03-29,12,0,106,316.51,316.51,0.0,-125357.103012,0.0
2019-03-29,12,0,109,60.0,60.0,0.0,-306.20517,0.0
2019-03-29,12,0,110,0.0,0.0,0.0,-0.0,0.0
2019-03-29,12,0,111,21.27,21.27,0.0,-380.103686,0.0
2019-03-29,12,0,113,45.0,45.0,0.0,-11995.32295,0.0
2019-03-29,12,0,115,45.0,45.0,0.0,-11995.32295,0.0
2019-03-29,12,0,116,162.11,162.11,0.0,-162110.0,0.0
2019-03-29,12,0,117,3.0,3.0,0.0,-799.688197,0.0
2019-03-29,12,0,119,60.0,60.0,0.0,6400.904085,0.0
2019-03-29,12,0,120,35.28,35.28,0.0,3763.731602,0.0
2019-03-29,12,0,123,5.28,5.28,0.0,-2091.199343,0.0
2019-03-29,12,0,125,70.73,70.73,0.0,-28013.357859,0.0
2019-03-29,12,0,126,237.38,237.38,0.0,-94016.837108,0.0
2019-03-29,12,0,127,304.64,304.64,0.0,-120655.865096,0.0
2019-03-29,12,0,128,96.96,96.96,0.0,-38402.02429,0.0
2019-03-29,12,0,131,30.0,30.0,0.0,-11256.761204,0.0
2019-03-29,12,0,132,44.1,44.1,0.0,-16547.43897,0.0
2019-03-29,12,0,133,41.94,41.94,0.0,240.574699,0.0
2019-03-29,12,0,134,0.0,0.0,0.0,0.0,0.0
2019-03-29,12,0,135,56.2,56.2,0.0,322.372392,0.0
2019-03-29,12,0,136,45.9,45.9,0.0,252.70943,0.0
2019-03-29,12,0,139,44.94,44.94,0.0,-803.096363,0.0
2019-03-29,12,0,140,0.0,0.0,0.0,-0.0,0.0
2019-03-29,12,0,141,223.73,223.73,0.0,-124858.422309,0.0
2019-03-29,12,0,142,586.96,586.96,0.0,-327568.495769,0.0
2019-03-29,12,0,143,238.5,238.5,0.0,-238500.0,0.0
2019-03-29,12,0,145,56.25,56.25,0.0,-657.291727,0.0
2019-03-29,12,0,146,97.28,97.28,0.0,-97280.0,0.0
2019-03-29,12,0,152,11.09,11.09,0.0,2.437687,0.0
2019-03-29,12,0,153,13.86,13.86,0.0,-0.3404,0.0
2019-03-29,12,0,154,87.72,87.72,0.0,-1567.592634,0.0
2019-03-29,12,0,157,10.67,10.67,0.0,-5954.674679,0.0
2019-03-29,12,0,158,445.0,445.0,0.0,-248343.976791,0.0
2019-03-29,12,0,159,0.0,0.0,0.0,0.0,0.0
2019-03-29,12,0,160,3.57,3.57,0.0,10.225538,0.0
2019-03-29,12,0,161,82.41,82.41,0.0,-34098.470611,0.0
2019-03-29,12,0,162,162.5,162.5,0.0,3285.885652,0.0
2019-03-29,12,0,163,185.4,185.4,0.0,-185400.0,0.0
2019-03-29,12,0,164,28.61,28.61,0.0,-28610.0,0.0
2019-03-29,12,0,167,7.1,7.1,0.0,117.765738,0.0
2019-03-29,12,0,168,3.55,3.55,0.0,58.882869,0.0
2019-03-29,12,0,169,0.0,0.0,0.0,0.0,0.0
2019-03-29,12,0,170,7.77,7.77,0.0,128.878843,0.0
2019-03-29,12,0,172,10.18,10.18,0.0,123.821676,0.0
2019-03-29,12,0,173,15.51,15.51,0.0,188.651689,0.0
2019-03-29,12,0,188,13.71,13.71,0.0,263.682028,0.0
2019-03-29,12,0,190,12.53,12.53,0.0,406.317291,0.0
2019-03-29,12,0,191,32.38,32.38,0.0,1050.004299,0.0
2019-03-29,12,0,192,332.6,332.6,0.0,10785.405497,0.0
2019-03-29,12,0,194,52.95,52.95,0.0,-7140.173188,0.0
2019-03-29,12,0,196,8.77,8.77,0.0,2268.0483,0.0
2019-03-29,12,0,198,15.33,15.33,0.0,123.192326,0.0
2019-03-29,12,0,199,113.69,113.69,0.0,-9270.810877,0.0
2019-03-29,12,0,200,26.23,26.23,0.0,-2138.916082,0.0
2019-03-29,12,0,204,257.1,257.1,0.0,-1426.885822,0.0
2019-03-29,12,0,205,317.4,317.4,0.0,-1619.825349,0.0
2019-03-29,12,0,206,539.95,539.95,0.0,16299.330208,0.0
2019-03-29,12,0,210,1.4,1.4,0.0,4.207957,0.0
2019-03-29,12,0,214,14.73,14.73,0.0,200.849948,0.0
2019-03-29,12,0,217,7.75,7.75,0.0,78.094255,0.0
2019-03-29,12,0,218,10.7,10.7,0.0,107.820456,0.0
2019-03-29,12,0,219,7.29,7.29,0.0,73.458983,0.0
2019-03-29,12,0,221,7.86,7.86,0.0,107.174514,0.0
2019-03-29,12,0,225,4.13,4.13,0.0,14.427535,0.0
2019-03-29,12,0,233,10.54,10.54,0.0,112.767839,0.0
2019-03-29,12,0,236,159.03,159.03,0.0,480.52208,0.0
2019-03-29,12,0,237,439.74,439.74,0.0,-196.754425,0.0
2019-03-29,12,0,238,103.3,103.3,0.0,479.042441,0.0
2019-03-29,12,0,240,17.0,17.0,0.0,-26.609142,0.0
2019-03-29,12,0,245,78.0,78.0,0.0,503.484312,0.0
2019-03-29,12,0,247,171.72,171.72,0.0,1108.440077,0.0
2019-03-29,12,0,248,44.14,44.14,0.0,-19.749717,0.0
2019-03-29,12,0,249,150.0,150.0,0.0,968.239061,0.0
2019-03-29,12,0,251,326.4,326.4,0.0,1693.139158,0.0
2019-03-29,12,0,252,267.06,267.06,0.0,1473.280442,0.0
2019-03-29,12,0,254,25.23,25.23,0.0,9.537502,0.0
2019-03-29,12,0,255,11.56,11.56,0.0,4.369937,0.0
2019-03-29,12,0,258,20.72,20.72,0.0,-28.716058,0.0
2019-03-29,12,0,260,8.66,8.66,0.0,24.804806,0.0
2019-03-29,12,0,265,90.82,90.82,0.0,-1622.990914,0.0
2019-03-29,12,0,266,29.1,29.1,0.0,-520.02902,0.0
2019-03-29,12,0,267,35.76,35.76,0.0,-639.045971,0.0
2019-03-29,12,0,270,579.0,579.0,0.0,-579000.0,0.0
2019-03-29,12,0,272,150.39,150.39,0.0,-40088.369301,0.0
2019-03-29,12,0,273,38.77,38.77,0.0,-38770.0,0.0
2019-03-29,12,0,274,746.4,746.4,0.0,-746400.0,0.0
2019-03-29,12,0,275,1039.0,1039.0,0.0,-1039000.0,0.0
2019-03-29,12,0,276,8.7,8.7,0.0,-7841.551666,0.0
2019-03-29,12,0,277,10.28,10.28,0.0,-2847.592083,0.0
2019-03-29,12,0,278,16.46,16.46,0.0,-4559.47137,0.0
2019-03-29,12,0,279,264.6,264.6,0.0,-73295.025786,0.0
2019-03-29,12,0,281,56.1,56.1,0.0,-56100.0,0.0
2019-03-29,12,0,282,399.22,399.22,0.0,-399220.0,0.0
2019-03-29,13,0,9,4.62,4.62,0.0,-2538.733988,0.0
2019-03-29,13,0,17,60.43,60.43,0.0,-429.966488,0.0
2019-03-29,13,0,19,192.99,192.99,0.0,-1373.146328,0.0
2019-03-29,13,0,20,234.06,234.06,0.0,-1665.364161,0.0
2019-03-29,13,0,21,105.69,105.69,0.0,-58077.661305,0.0
2019-03-29,13,0,22,375.62,375.62,0.0,-206406.766386,0.0
2019-03-29,13,0,23,90.35,90.35,0.0,-49648.185248,0.0
2019-03-29,13,0,24,157.79,157.79,0.0,-86707.107364,0.0
2019-03-29,13,0,29,10.0,10.0,0.0,34.849802,0.0
2019-03-29,13,0,30,875.49,875.49,0.0,-875490.0,0.0
2019-03-29,13,0,31,125.0,125.0,0.0,-125000.0,0.0
2019-03-29,13,0,32,8.07,8.07,0.0,294.161662,0.0
2019-03-29,13,0,33,3.8,3.8,0.0,42.87754,0.0
2019-03-29,13,0,34,6.09,6.09,0.0,68.7169,0.0
2019-03-29,13,0,35,6.09,6.09,0.0,68.7169,0.0
2019-03-29,13,0,36,15.31,15.31,0.0,-324.900526,0.0
2019-03-29,13,0,37,7.32,7.32,0.0,-137.265927,0.0
2019-03-29,13,0,38,9.41,9.41,0.0,-176.457974,0.0
2019-03-29,13,0,39,6.28,6.28,0.0,-117.763664,0.0
2019-03-29,13,0,40,6.28,6.28,0.0,-117.763664,0.0
2019-03-29,13,0,41,33.83,33.83,0.0,-6178.329341,0.0
2019-03-29,13,0,42,83.68,83.68,0.0,-929.124582,0.0
2019-03-29,13,0,43,48.5,48.5,0.0,-536.416347,0.0
2019-03-29,13,0,46,40.61,40.61,0.0,25.751453,0.0
2019-03-29,13,0,52,132.5,132.5,0.0,-132500.0,0.0
2019-03-29,13,0,53,210.5,210.5,0.0,-210500.0,0.0
2019-03-29,13,0,55,623.0,623.0,0.0,-342344.431761,0.0
2019-03-29,13,0,56,258.24,258.24,0.0,-258240.0,0.0
2019-03-29,13,0,57,245.64,245.64,0.0,-245640.0,0.0
2019-03-29,13,0,58,472.38,472.38,0.0,-472380.0,0.0
2019-03-29,13,0,59,464.51,464.51,0.0,-464510.0,0.0
2019-03-29,13,0,63,51.0,51.0,0.0,5527.627967,0.0
2019-03-29,13,0,64,60.0,60.0,0.0,6503.091725,0.0
2019-03-29,13,0,65,41.4,41.4,0.0,-325.237173,0.0
2019-03-29,13,0,67,496.95,496.95,0.0,-273651.977997,0.0
2019-03-29,13,0,68,34.0,34.0,0.0,-13733.687805,0.0
2019-03-29,13,0,69,3.8,3.8,0.0,42.87754,0.0
2019-03-29,13,0,74,217.6,217.6,0.0,-7618.030427,0.0
2019-03-29,13,0,77,60.0,60.0,0.0,-16718.290575,0.0
2019-03-29,13,0,78,45.36,45.36,0.0,-12639.027675,0.0
2019-03-29,13,0,79,26.25,26.25,0.0,-7314.252127,0.0
2019-03-29,13,0,80,42.45,42.45,0.0,-11828.190582,0.0
2019-03-29,13,0,81,55.5,55.5,0.0,-15464.418782,0.0
2019-03-29,13,0,82,39.15,39.15,0.0,-10908.6846,0.0
2019-03-29,13,0,83,87.3,87.3,0.0,-24325.112786,0.0
2019-03-29,13,0,84,0.0,0.0,0.0,-0.0,0.0
2019-03-29,13,0,86,19.27,19.27,0.0,217.434264,0.0
2019-03-29,13,0,87,98.38,98.38,0.0,1110.076955,0.0
2019-03-29,13,0,88,51.18,51.18,0.0,-14260.70186,0.0
2019-03-29,13,0,89,49.2,49.2,0.0,-13708.998271,0.0
2019-03-29,13,0,90,66.06,66.06,0.0,-18406.837923,0.0
2019-03-29,13,0,91,235.65,235.65,0.0,-65661.086233,0.0
2019-03-29,13,0,92,84.75,84.75,0.0,-23614.585437,0.0
2019-03-29,13,0,95,120.0,120.0,0.0,2333.493576,0.0
2019-03-29,13,0,96,29.88,29.88,0.0,-6960.579975,0.0
2019-03-29,13,0,97,183.75,183.75,0.0,-42804.77143,0.0
2019-03-29,13,0,99,42.0,42.0,0.0,-1470.391902,0.0
2019-03-29,13,0,101,17.64,17.64,0.0,-17640.0,0.0
2019-03-29,13,0,102,80.5,80.5,0.0,-32516.525538,0.0
2019-03-29,13,0,103,70.0,70.0,0.0,-28275.239599,0.0
2019-03-29,13,0,104,13.0,13.0,0.0,-5251.115925,0.0
2019-03-29,13,0,106,369.76,369.76,0.0,-203186.640591,0.0
2019-03-29,13,0,109,60.0,60.0,0.0,-1478.266047,0.0
2019-03-29,13,0,110,0.0,0.0,0.0,-0.0,0.0
2019-03-29,13,0,111,21.4,21.4,0.0,-3908.254446,0.0
2019-03-29,13,0,113,45.0,45.0,0.0,-11657.437374,0.0
2019-03-29,13,0,115,45.0,45.0,0.0,-11657.437374,0.0
2019-03-29,13,0,116,180.76,180.76,0.0,-180760.0,0.0
2019-03-29,13,0,117,3.0,3.0,0.0,-777.162492,0.0
2019-03-29,13,0,119,60.0,60.0,0.0,6503.091725,0.0
2019-03-29,13,0,120,35.28,35.28,0.0,3823.817935,0.0
2019-03-29,13,0,123,6.16,6.16,0.0,-3384.978651,0.0
2019-03-29,13,0,125,143.27,143.27,0.0,-78728.229115,0.0
2019-03-29,13,0,126,277.32,277.32,0.0,-152389.980443,0.0
2019-03-29,13,0,127,355.9,355.9,0.0,-195570.438626,0.0
2019-03-29,13,0,128,202.25,202.25,0.0,-111138.30068,0.0
2019-03-29,13,0,131,30.0,30.0,0.0,-10942.339859,0.0
2019-03-29,13,0,132,44.1,44.1,0.0,-16085.239593,0.0
2019-03-29,13,0,133,41.94,41.94,0.0,-295.480585,0.0
2019-03-29,13,0,134,0.0,0.0,0.0,-0.0,0.0
2019-03-29,13,0,135,56.2,56.2,0.0,-395.946802,0.0
2019-03-29,13,0,136,45.9,45.9,0.0,-362.455856,0.0
2019-03-29,13,0,139,43.69,43.69,0.0,-7979.048446,0.0
2019-03-29,13,0,140,0.0,0.0,0.0,-0.0,0.0
2019-03-29,13,0,141,230.0,230.0,0.0,-126652.490068,0.0
2019-03-29,13,0,142,655.35,655.35,0.0,-360876.997243,0.0
2019-03-29,13,0,143,238.5,238.5,0.0,-238500.0,0.0
2019-03-29,13,0,145,100.0,100.0,0.0,-26330.519571,0.0
2019-03-29,13,0,146,108.05,108.05,0.0,-108050.0,0.0
2019-03-29,13,0,152,10.82,10.82,0.0,-262.602406,0.0
2019-03-29,13,0,153,13.79,13.79,0.0,-344.293818,0.0
2019-03-29,13,0,154,88.26,88.26,0.0,-16118.810158,0.0
2019-03-29,13,0,157,6.66,6.66,0.0,-3667.415582,0.0
2019-03-29,13,0,158,512.24,512.24,0.0,-282071.615271,0.0
2019-03-29,13,0,159,0.0,0.0,0.0,-0.0,0.0
2019-03-29,13,0,160,3.85,3.85,0.0,-13.897462,0.0
2019-03-29,13,0,161,91.79,91.79,0.0,-37076.917754,0.0
2019-03-29,13,0,162,162.5,162.5,0.0,3291.31968,0.0
2019-03-29,13,0,163,104.55,104.55,0.0,-104550.0,0.0
2019-03-29,13,0,164,33.01,33.01,0.0,-33010.0,0.0
2019-03-29,13,0,167,9.53,9.53,0.0,157.804535,0.0
2019-03-29,13,0,168,4.76,4.76,0.0,78.819474,0.0
2019-03-29,13,0,169,0.0,0.0,0.0,0.0,0.0
2019-03-29,13,0,170,10.42,10.42,0.0,172.54179,0.0
2019-03-29,13,0,172,12.43,12.43,0.0,107.50407,0.0
2019-03-29,13,0,173,18.94,18.94,0.0,163.807488,0.0
2019-03-29,13,0,188,16.31,16.31,0.0,297.847435,0.0
2019-03-29,13,0,190,14.29,14.29,0.0,463.389791,0.0
2019-03-29,13,0,191,36.91,36.91,0.0,1196.901133,0.0
2019-03-29,13,0,192,332.6,332.6,0.0,10785.405497,0.0
2019-03-29,13,0,194,52.95,52.95,0.0,-6966.190438,0.0
2019-03-29,13,0,196,9.86,9.86,0.0,2588.328505,0.0
2019-03-29,13,0,198,16.62,16.62,0.0,126.738271,0.0
2019-03-29,13,0,199,73.53,73.53,0.0,-7841.646379,0.0
2019-03-29,13,0,200,29.8,29.8,0.0,-3178.03702,0.0
2019-03-29,13,0,204,257.1,257.1,0.0,3709.185013,0.0
2019-03-29,13,0,205,317.4,317.4,0.0,-7820.027386,0.0
2019-03-29,13,0,206,539.94,539.94,0.0,-125779.63693,0.0
2019-03-29,13,0,210,3.43,3.43,0.0,6.869107,0.0
2019-03-29,13,0,214,20.17,20.17,0.0,442.591845,0.0
2019-03-29,13,0,217,13.87,13.87,0.0,233.380986,0.0
2019-03-29,13,0,218,19.15,19.15,0.0,322.223927,0.0
2019-03-29,13,0,219,13.04,13.04,0.0,219.415144,0.0
2019-03-29,13,0,221,10.76,10.76,0.0,236.107499,0.0
2019-03-29,13,0,225,9.78,9.78,0.0,35.483139,0.0
2019-03-29,13,0,233,10.9,10.9,0.0,122.99084,0.0
2019-03-29,13,0,236,319.85,319.85,0.0,-5207.400776,0.0
2019-03-29,13,0,237,522.0,522.0,0.0,-18274.870786,0.0
2019-03-29,13,0,238,108.91,108.91,0.0,-1209.260973,0.0
2019-03-29,13,0,240,17.35,17.35,0.0,-368.192301,0.0
2019-03-29,13,0,245,78.0,78.0,0.0,-342.480793,0.0
2019-03-29,13,0,247,171.72,171.72,0.0,-753.984638,0.0
2019-03-29,13,0,248,52.4,52.4,0.0,-1834.488945,0.0
2019-03-29,13,0,249,150.0,150.0,0.0,-658.616909,0.0
2019-03-29,13,0,251,326.4,326.4,0.0,-2961.208305,0.0
2019-03-29,13,0,252,267.06,267.06,0.0,-2098.015443,0.0
2019-03-29,13,0,254,24.68,24.68,0.0,-226.823057,0.0
2019-03-29,13,0,255,11.31,11.31,0.0,-103.94525,0.0
2019-03-29,13,0,258,21.43,21.43,0.0,-419.606279,0.0
2019-03-29,13,0,260,9.34,9.34,0.0,-33.714882,0.0
2019-03-29,13,0,265,91.38,91.38,0.0,-16688.611741,0.0
2019-03-29,13,0,266,28.29,28.29,0.0,-5166.566274,0.0
2019-03-29,13,0,267,34.76,34.76,0.0,-6348.174044,0.0
2019-03-29,13,0,270,325.32,325.32,0.0,-325320.0,0.0
2019-03-29,13,0,272,150.39,150.39,0.0,-38959.155704,0.0
2019-03-29,13,0,273,43.22,43.22,0.0,-43220.0,0.0
2019-03-29,13,0,274,419.18,419.18,0.0,-419180.0,0.0
2019-03-29,13,0,275,583.24,583.24,0.0,-583240.0,0.0
2019-03-29,13,0,276,9.76,9.76,0.0,-8780.803918,0.0
2019-03-29,13,0,277,12.09,12.09,0.0,-3226.89004,0.0
2019-03-29,13,0,278,19.34,19.34,0.0,-5161.956441,0.0
2019-03-29,13,0,279,378.16,378.16,0.0,-100933.063472,0.0
2019-03-29,13,0,281,56.1,56.1,0.0,-56100.0,0.0
2019-03-29,13,0,282,480.26,480.26,0.0,-480260.0,0.0
2019-03-29,14,0,9,4.77,4.77,0.0,-2354.085529,0.0
2019-03-29,14,0,17,61.68,61.68,0.0,1001.016125,0.0
2019-03-29,14,0,19,192.99,192.99,0.0,3132.070396,0.0
2019-03-29,14,0,20,234.06,234.06,0.0,3798.60302,0.0
2019-03-29,14,0,21,109.01,109.01,0.0,-53798.503878,0.0
2019-03-29,14,0,22,387.43,387.43,0.0,-191204.057953,0.0
2019-03-29,14,0,23,42.61,42.61,0.0,-21028.843686,0.0
2019-03-29,14,0,24,73.27,73.27,0.0,-36160.135576,0.0
2019-03-29,14,0,29,9.95,9.95,0.0,27.984914,0.0
2019-03-29,14,0,30,927.7,927.7,0.0,-927700.0,0.0
2019-03-29,14,0,31,125.0,125.0,0.0,-125000.0,0.0
2019-03-29,14,0,32,7.99,7.99,0.0,320.316348,0.0
2019-03-29,14,0,33,3.86,3.86,0.0,211.766756,0.0
2019-03-29,14,0,34,6.17,6.17,0.0,338.497638,0.0
2019-03-29,14,0,35,6.17,6.17,0.0,338.497638,0.0
2019-03-29,14,0,36,15.79,15.79,0.0,-739.536298,0.0
2019-03-29,14,0,37,7.37,7.37,0.0,-354.692343,0.0
2019-03-29,14,0,38,9.47,9.47,0.0,-455.758004,0.0
2019-03-29,14,0,39,6.32,6.32,0.0,-304.159513,0.0
2019-03-29,14,0,40,6.32,6.32,0.0,-304.159513,0.0
2019-03-29,14,0,41,34.8,34.8,0.0,-4269.738952,0.0
2019-03-29,14,0,42,86.14,86.14,0.0,676.627687,0.0
2019-03-29,14,0,43,49.41,49.41,0.0,-2054.083023,0.0
2019-03-29,14,0,46,40.97,40.97,0.0,-2486.439247,0.0
2019-03-29,14,0,52,132.5,132.5,0.0,-132500.0,0.0
2019-03-29,14,0,53,210.5,210.5,0.0,-210500.0,0.0
2019-03-29,14,0,55,623.0,623.0,0.0,-307462.323787,0.0
2019-03-29,14,0,56,273.64,273.64,0.0,-273640.0,0.0
2019-03-29,14,0,57,260.29,260.29,0.0,-260290.0,0.0
2019-03-29,14,0,58,500.56,500.56,0.0,-500560.0,0.0
2019-03-29,14,0,59,492.21,492.21,0.0,-492210.0,0.0
2019-03-29,14,0,63,51.0,51.0,0.0,5898.15128,0.0
2019-03-29,14,0,64,60.0,60.0,0.0,6939.001506,0.0
2019-03-29,14,0,65,41.4,41.4,0.0,607.486018,0.0
2019-03-29,14,0,67,502.92,502.92,0.0,-268504.636167,0.0
2019-03-29,14,0,68,12.33,12.33,0.0,-4706.158259,0.0
2019-03-29,14,0,69,3.86,3.86,0.0,211.766756,0.0
2019-03-29,14,0,74,217.6,217.6,0.0,-6315.914309,0.0
2019-03-29,14,0,77,58.63,58.63,0.0,-14511.6999,0.0
2019-03-29,14,0,78,44.32,44.32,0.0,-10969.785768,0.0
2019-03-29,14,0,79,25.65,25.65,0.0,-6348.714011,0.0
2019-03-29,14,0,80,41.48,41.48,0.0,-10266.848232,0.0
2019-03-29,14,0,81,54.23,54.23,0.0,-13422.641747,0.0
2019-03-29,14,0,82,38.26,38.26,0.0,-9469.855674,0.0
2019-03-29,14,0,83,85.3,85.3,0.0,-21112.877392,0.0
2019-03-29,14,0,84,0.0,0.0,0.0,-0.0,0.0
2019-03-29,14,0,86,19.53,19.53,0.0,1071.452006,0.0
2019-03-29,14,0,87,99.72,99.72,0.0,5470.824068,0.0
2019-03-29,14,0,88,51.18,51.18,0.0,-12667.726435,0.0
2019-03-29,14,0,89,49.2,49.2,0.0,-12177.650266,0.0
2019-03-29,14,0,90,66.06,66.06,0.0,-16350.723101,0.0
2019-03-29,14,0,91,235.65,235.65,0.0,-58326.489537,0.0
2019-03-29,14,0,92,84.75,84.75,0.0,-20976.745123,0.0
2019-03-29,14,0,95,120.0,120.0,0.0,2333.493576,0.0
2019-03-29,14,0,96,31.39,31.39,0.0,-4359.293338,0.0
2019-03-29,14,0,97,210.51,210.51,0.0,-29234.623784,0.0
2019-03-29,14,0,99,42.0,42.0,0.0,-1219.064343,0.0
2019-03-29,14,0,101,18.69,18.69,0.0,-18690.0,0.0
2019-03-29,14,0,102,29.11,29.11,0.0,-11110.808347,0.0
2019-03-29,14,0,103,25.32,25.32,0.0,-9664.227665,0.0
2019-03-29,14,0,104,4.74,4.74,0.0,-1809.180061,0.0
2019-03-29,14,0,106,381.39,381.39,0.0,-188223.203321,0.0
2019-03-29,14,0,109,60.0,60.0,0.0,-4704.31526,0.0
2019-03-29,14,0,110,0.0,0.0,0.0,-0.0,0.0
2019-03-29,14,0,111,22.19,22.19,0.0,-2722.57205,0.0
2019-03-29,14,0,113,45.0,45.0,0.0,-10844.619451,0.0
2019-03-29,14,0,115,45.0,45.0,0.0,-10844.619451,0.0
2019-03-29,14,0,116,186.54,186.54,0.0,-186540.0,0.0
2019-03-29,14,0,117,3.0,3.0,0.0,-722.97463,0.0
2019-03-29,14,0,119,60.0,60.0,0.0,6939.001506,0.0
2019-03-29,14,0,120,35.28,35.28,0.0,4080.132885,0.0
2019-03-29,14,0,123,6.36,6.36,0.0,-3138.780705,0.0
2019-03-29,14,0,125,66.79,66.79,0.0,-32962.132593,0.0
2019-03-29,14,0,126,286.04,286.04,0.0,-141166.168693,0.0
2019-03-29,14,0,127,367.09,367.09,0.0,-181165.881924,0.0
2019-03-29,14,0,128,92.7,92.7,0.0,-45749.209334,0.0
2019-03-29,14,0,131,26.09,26.09,0.0,-8897.565177,0.0
2019-03-29,14,0,132,38.35,38.35,0.0,-13078.636433,0.0
2019-03-29,14,0,133,41.94,41.94,0.0,686.79883,0.0
2019-03-29,14,0,134,0.0,0.0,0.0,0.0,0.0
2019-03-29,14,0,135,56.2,56.2,0.0,920.316983,0.0
2019-03-29,14,0,136,45.9,45.9,0.0,669.597255,0.0
2019-03-29,14,0,139,44.94,44.94,0.0,-5513.852543,0.0
2019-03-29,14,0,140,0.0,0.0,0.0,-0.0,0.0
2019-03-29,14,0,141,210.52,210.52,0.0,-112394.806343,0.0
2019-03-29,14,0,142,663.23,663.23,0.0,-354092.757984,0.0
2019-03-29,14,0,143,238.5,238.5,0.0,-238500.0,0.0
2019-03-29,14,0,145,56.12,56.12,0.0,-7846.685389,0.0
2019-03-29,14,0,146,40.55,40.55,0.0,-40550.0,0.0
2019-03-29,14,0,152,11.08,11.08,0.0,-309.900057,0.0
2019-03-29,14,0,153,14.04,14.04,0.0,-420.732732,0.0
2019-03-29,14,0,154,91.55,91.55,0.0,-11232.603478,0.0
2019-03-29,14,0,157,18.49,18.49,0.0,-9871.651004,0.0
2019-03-29,14,0,158,523.11,523.11,0.0,-279283.902461,0.0
2019-03-29,14,0,159,0.0,0.0,0.0,-0.0,0.0
2019-03-29,14,0,160,3.96,3.96,0.0,-77.516445,0.0
2019-03-29,14,0,161,93.63,93.63,0.0,-35737.03145,0.0
2019-03-29,14,0,162,162.5,162.5,0.0,3303.218038,0.0
2019-03-29,14,0,163,93.71,93.71,0.0,-93710.0,0.0
2019-03-29,14,0,164,33.3,33.3,0.0,-33300.0,0.0
2019-03-29,14,0,167,9.36,9.36,0.0,152.884163,0.0
2019-03-29,14,0,168,4.68,4.68,0.0,76.442081,0.0
2019-03-29,14,0,169,0.0,0.0,0.0,0.0,0.0
2019-03-29,14,0,170,10.24,10.24,0.0,167.257887,0.0
2019-03-29,14,0,172,12.27,12.27,0.0,108.95569,0.0
2019-03-29,14,0,173,18.7,18.7,0.0,166.053088,0.0
2019-03-29,14,0,188,16.29,16.29,0.0,319.939259,0.0
2019-03-29,14,0,190,14.79,14.79,0.0,479.60357,0.0
2019-03-29,14,0,191,38.22,38.22,0.0,1239.381233,0.0
2019-03-29,14,0,192,332.6,332.6,0.0,10785.405497,0.0
2019-03-29,14,0,194,52.95,52.95,0.0,-6439.231158,0.0
2019-03-29,14,0,196,10.08,10.08,0.0,2771.003982,0.0
2019-03-29,14,0,198,17.06,17.06,0.0,194.841299,0.0
2019-03-29,14,0,199,130.0,130.0,0.0,-19932.192024,0.0
2019-03-29,14,0,200,30.09,30.09,0.0,-4613.535831,0.0
2019-03-29,14,0,204,257.1,257.1,0.0,-21400.25004,0.0
2019-03-29,14,0,205,317.4,317.4,0.0,-24885.827724,0.0
2019-03-29,14,0,206,745.19,745.19,0.0,-103488.429517,0.0
2019-03-29,14,0,210,3.39,3.39,0.0,-9.58431,0.0
2019-03-29,14,0,214,20.33,20.33,0.0,1580.153673,0.0
2019-03-29,14,0,217,13.64,13.64,0.0,710.864316,0.0
2019-03-29,14,0,218,18.82,18.82,0.0,980.825984,0.0
2019-03-29,14,0,219,12.82,12.82,0.0,668.129071,0.0
2019-03-29,14,0,221,10.84,10.84,0.0,842.541358,0.0
2019-03-29,14,0,225,9.83,9.83,0.0,33.001327,0.0
2019-03-29,14,0,233,11.05,11.05,0.0,606.223485,0.0
2019-03-29,14,0,236,159.05,159.05,0.0,-806.145577,0.0
2019-03-29,14,0,237,522.0,522.0,0.0,-15151.228259,0.0
2019-03-29,14,0,238,112.12,112.12,0.0,880.699979,0.0
2019-03-29,14,0,240,17.89,17.89,0.0,-837.891347,0.0
2019-03-29,14,0,245,78.0,78.0,0.0,1712.070187,0.0
2019-03-29,14,0,247,171.72,171.72,0.0,3769.188365,0.0
2019-03-29,14,0,248,52.4,52.4,0.0,-1520.927894,0.0
2019-03-29,14,0,249,150.0,150.0,0.0,3292.442667,0.0
2019-03-29,14,0,251,326.4,326.4,0.0,3955.812228,0.0
2019-03-29,14,0,252,267.06,267.06,0.0,3918.725023,0.0
2019-03-29,14,0,254,24.62,24.62,0.0,-887.607566,0.0
2019-03-29,14,0,255,11.28,11.28,0.0,-406.669917,0.0
2019-03-29,14,0,258,22.2,22.2,0.0,-1020.881106,0.0
2019-03-29,14,0,260,9.61,9.61,0.0,-188.114402,0.0
2019-03-29,14,0,265,94.79,94.79,0.0,-11630.130898,0.0
2019-03-29,14,0,266,29.1,29.1,0.0,-3570.385158,0.0
2019-03-29,14,0,267,35.76,35.76,0.0,-4387.524854,0.0
2019-03-29,14,0,270,325.78,325.78,0.0,-325780.0,0.0
2019-03-29,14,0,272,150.39,150.39,0.0,-36242.718205,0.0
2019-03-29,14,0,273,44.61,44.61,0.0,-44610.0,0.0
2019-03-29,14,0,274,434.55,434.55,0.0,-434550.0,0.0
2019-03-29,14,0,275,632.01,632.01,0.0,-632010.0,0.0
2019-03-29,14,0,276,9.97,9.97,0.0,-8932.399931,0.0
2019-03-29,14,0,277,12.33,12.33,0.0,-3003.664292,0.0
2019-03-29,14,0,278,19.73,19.73,0.0,-4806.350079,0.0
2019-03-29,14,0,279,234.45,234.45,0.0,-57113.470654,0.0
2019-03-29,14,0,281,56.1,56.1,0.0,-56100.0,0.0
2019-03-29,14,0,282,508.9,508.9,0.0,-508900.0,0.0
2019-03-29,15,0,9,4.56,4.56,0.0,-1787.658669,0.0
2019-03-29,15,0,17,59.9,59.9,0.0,384.176092,0.0
2019-03-29,15,0,19,192.99,192.99,0.0,1237.765344,0.0
2019-03-29,15,0,20,234.06,234.06,0.0,1501.172891,0.0
2019-03-29,15,0,21,104.23,104.23,0.0,-40861.329626,0.0
2019-03-29,15,0,22,370.41,370.41,0.0,-145211.984137,0.0
2019-03-29,15,0,23,32.64,32.64,0.0,-12795.87258,0.0
2019-03-29,15,0,24,57.75,57.75,0.0,-22639.756173,0.0
2019-03-29,15,0,29,9.08,9.08,0.0,45.774917,0.0
2019-03-29,15,0,30,897.52,897.52,0.0,-897520.0,0.0
2019-03-29,15,0,31,125.0,125.0,0.0,-125000.0,0.0
2019-03-29,15,0,32,7.51,7.51,0.0,157.101749,0.0
2019-03-29,15,0,33,3.79,3.79,0.0,39.118378,0.0
2019-03-29,15,0,34,6.07,6.07,0.0,62.651333,0.0
2019-03-29,15,0,35,6.07,6.07,0.0,62.651333,0.0
2019-03-29,15,0,36,15.21,15.21,0.0,12.39593,0.0
2019-03-29,15,0,37,7.13,7.13,0.0,5.971177,0.0
2019-03-29,15,0,38,9.17,9.17,0.0,7.67962,0.0
2019-03-29,15,0,39,6.11,6.11,0.0,5.116955,0.0
2019-03-29,15,0,40,6.11,6.11,0.0,5.116955,0.0
2019-03-29,15,0,41,58.96,58.96,0.0,-781.472806,0.0
2019-03-29,15,0,42,82.72,82.72,0.0,460.464182,0.0
2019-03-29,15,0,43,46.58,46.58,0.0,78.52126,0.0
2019-03-29,15,0,46,39.25,39.25,0.0,0.367941,0.0
2019-03-29,15,0,52,132.5,132.5,0.0,-132500.0,0.0
2019-03-29,15,0,53,210.5,210.5,0.0,-210500.0,0.0
2019-03-29,15,0,55,623.0,623.0,0.0,-244234.945377,0.0
2019-03-29,15,0,56,264.74,264.74,0.0,-264740.0,0.0
2019-03-29,15,0,57,251.82,251.82,0.0,-251820.0,0.0
2019-03-29,15,0,58,484.27,484.27,0.0,-484270.0,0.0
2019-03-29,15,0,59,476.2,476.2,0.0,-476200.0,0.0
2019-03-29,15,0,63,51.0,51.0,0.0,1042.86346,0.0
2019-03-29,15,0,64,60.0,60.0,0.0,1226.898188,0.0
2019-03-29,15,0,65,41.4,41.4,0.0,259.009502,0.0
2019-03-29,15,0,67,475.75,475.75,0.0,11285.881725,0.0
2019-03-29,15,0,68,12.57,12.57,0.0,306.794638,0.0
2019-03-29,15,0,69,3.79,3.79,0.0,39.118378,0.0
2019-03-29,15,0,74,217.6,217.6,0.0,328.638691,0.0
2019-03-29,15,0,77,36.38,36.38,0.0,937.110961,0.0
2019-03-29,15,0,78,27.5,27.5,0.0,708.371397,0.0
2019-03-29,15,0,79,15.92,15.92,0.0,410.082641,0.0
2019-03-29,15,0,80,25.74,25.74,0.0,663.035627,0.0
2019-03-29,15,0,81,33.65,33.65,0.0,866.789,0.0
2019-03-29,15,0,82,23.74,23.74,0.0,611.517708,0.0
2019-03-29,15,0,83,52.93,52.93,0.0,1363.421747,0.0
2019-03-29,15,0,84,0.0,0.0,0.0,0.0,0.0
2019-03-29,15,0,86,19.22,19.22,0.0,198.378686,0.0
2019-03-29,15,0,87,98.11,98.11,0.0,1012.639589,0.0
2019-03-29,15,0,88,37.52,37.52,0.0,966.476175,0.0
2019-03-29,15,0,89,36.07,36.07,0.0,929.125683,0.0
2019-03-29,15,0,90,48.43,48.43,0.0,1247.506427,0.0
2019-03-29,15,0,91,172.76,172.76,0.0,4450.117909,0.0
2019-03-29,15,0,92,62.13,62.13,0.0,1600.404177,0.0
2019-03-29,15,0,95,120.0,120.0,0.0,1977.002113,0.0
2019-03-29,15,0,96,23.86,23.86,0.0,886.737012,0.0
2019-03-29,15,0,97,146.7,146.7,0.0,5451.983221,0.0
2019-03-29,15,0,99,42.0,42.0,0.0,63.4321,0.0
2019-03-29,15,0,101,18.08,18.08,0.0,-18080.0,0.0
2019-03-29,15,0,102,29.77,29.77,0.0,726.593187,0.0
2019-03-29,15,0,103,25.89,25.89,0.0,631.894444,0.0
2019-03-29,15,0,104,4.81,4.81,0.0,117.397152,0.0
2019-03-29,15,0,106,364.64,364.64,0.0,-142949.968672,0.0
2019-03-29,15,0,109,60.0,60.0,0.0,-100.241433,0.0
2019-03-29,15,0,110,0.0,0.0,0.0,0.0,0.0
2019-03-29,15,0,111,21.6,21.6,0.0,-286.292615,0.0
2019-03-29,15,0,113,31.79,31.79,0.0,741.652382,0.0
2019-03-29,15,0,115,31.79,31.79,0.0,741.652382,0.0
2019-03-29,15,0,116,177.9,177.9,0.0,3847.23676,0.0
2019-03-29,15,0,117,2.12,2.12,0.0,49.459045,0.0
2019-03-29,15,0,119,60.0,60.0,0.0,1226.898188,0.0
2019-03-29,15,0,120,35.28,35.28,0.0,721.416135,0.0
2019-03-29,15,0,123,6.08,6.08,0.0,-2383.544892,0.0
2019-03-29,15,0,125,52.26,52.26,0.0,-20487.509222,0.0
2019-03-29,15,0,126,273.48,273.48,0.0,-107212.476504,0.0
2019-03-29,15,0,127,350.96,350.96,0.0,-137586.992664,0.0
2019-03-29,15,0,128,74.85,74.85,0.0,-29343.476182,0.0
2019-03-29,15,0,131,40.54,40.54,0.0,996.867547,0.0
2019-03-29,15,0,132,59.66,59.66,0.0,1467.023134,0.0
2019-03-29,15,0,133,41.94,41.94,0.0,269.609176,0.0
2019-03-29,15,0,134,0.0,0.0,0.0,0.0,0.0
2019-03-29,15,0,135,56.2,56.2,0.0,361.278867,0.0
2019-03-29,15,0,136,45.9,45.9,0.0,286.766201,0.0
2019-03-29,15,0,139,76.67,76.67,0.0,-1016.206242,0.0
2019-03-29,15,0,140,0.0,0.0,0.0,0.0,0.0
2019-03-29,15,0,141,146.26,146.26,0.0,3469.622829,0.0
2019-03-29,15,0,142,627.4,627.4,0.0,14883.367722,0.0
2019-03-29,15,0,143,238.5,238.5,0.0,-238500.0,0.0
2019-03-29,15,0,145,30.0,30.0,0.0,-187.262593,0.0
2019-03-29,15,0,146,11.55,11.55,0.0,249.778441,0.0
2019-03-29,15,0,152,10.75,10.75,0.0,23.034582,0.0
2019-03-29,15,0,153,13.58,13.58,0.0,26.532225,0.0
2019-03-29,15,0,154,89.11,89.11,0.0,-1181.089581,0.0
2019-03-29,15,0,157,74.51,74.51,0.0,1767.548181,0.0
2019-03-29,15,0,158,499.34,499.34,0.0,11845.490658,0.0
2019-03-29,15,0,159,0.0,0.0,0.0,0.0,0.0
2019-03-29,15,0,160,3.77,3.77,0.0,15.706958,0.0
2019-03-29,15,0,161,89.21,89.21,0.0,2177.338871,0.0
2019-03-29,15,0,162,162.5,162.5,0.0,2678.566849,0.0
2019-03-29,15,0,163,53.6,53.6,0.0,1159.144971,0.0
2019-03-29,15,0,164,32.43,32.43,0.0,-32430.0,0.0
2019-03-29,15,0,167,8.6,8.6,0.0,140.21481,0.0
2019-03-29,15,0,168,4.3,4.3,0.0,70.107405,0.0
2019-03-29,15,0,169,0.0,0.0,0.0,0.0,0.0
2019-03-29,15,0,170,9.4,9.4,0.0,153.258048,0.0
2019-03-29,15,0,172,11.47,11.47,0.0,208.867742,0.0
2019-03-29,15,0,173,17.48,17.48,0.0,318.30934,0.0
2019-03-29,15,0,188,15.39,15.39,0.0,302.254489,0.0
2019-03-29,15,0,190,14.17,14.17,0.0,289.752455,0.0
2019-03-29,15,0,191,36.61,36.61,0.0,748.612378,0.0
2019-03-29,15,0,192,265.62,265.62,0.0,5431.478279,0.0
2019-03-29,15,0,194,52.95,52.95,0.0,1142.281682,0.0
2019-03-29,15,0,196,9.48,9.48,0.0,200.092403,0.0
2019-03-29,15,0,198,16.36,16.36,0.0,130.507679,0.0
2019-03-29,15,0,199,130.0,130.0,0.0,1399.594539,0.0
2019-03-29,15,0,200,28.57,28.57,0.0,307.587815,0.0
2019-03-29,15,0,204,257.1,257.1,0.0,-505.926309,0.0
2019-03-29,15,0,205,317.4,317.4,0.0,-530.277181,0.0
2019-03-29,15,0,206,431.07,431.07,0.0,16020.35724,0.0
2019-03-29,15,0,210,3.21,3.21,0.0,18.689688,0.0
2019-03-29,15,0,214,19.27,19.27,0.0,243.234181,0.0
2019-03-29,15,0,217,12.85,12.85,0.0,126.258678,0.0
2019-03-29,15,0,218,17.73,17.73,0.0,174.207499,0.0
2019-03-29,15,0,219,12.08,12.08,0.0,118.692983,0.0
2019-03-29,15,0,221,10.28,10.28,0.0,129.758556,0.0
2019-03-29,15,0,225,9.05,9.05,0.0,44.941059,0.0
2019-03-29,15,0,233,10.87,10.87,0.0,112.194397,0.0
2019-03-29,15,0,236,179.56,179.56,0.0,773.807422,0.0
2019-03-29,15,0,237,522.0,522.0,0.0,788.370388,0.0
2019-03-29,15,0,238,107.67,107.67,0.0,599.349353,0.0
2019-03-29,15,0,240,17.24,17.24,0.0,14.050351,0.0
2019-03-29,15,0,245,78.0,78.0,0.0,545.396958,0.0
2019-03-29,15,0,247,171.72,171.72,0.0,1200.712379,0.0
2019-03-29,15,0,248,52.4,52.4,0.0,79.139096,0.0
2019-03-29,15,0,249,150.0,150.0,0.0,1048.840303,0.0
2019-03-29,15,0,251,326.4,326.4,0.0,1957.719667,0.0
2019-03-29,15,0,252,267.06,267.06,0.0,1670.798979,0.0
2019-03-29,15,0,254,23.64,23.64,0.0,54.565673,0.0
2019-03-29,15,0,255,10.83,10.83,0.0,24.997726,0.0
2019-03-29,15,0,258,21.26,21.26,0.0,20.316433,0.0
2019-03-29,15,0,260,9.16,9.16,0.0,38.163324,0.0
2019-03-29,15,0,265,92.26,92.26,0.0,-1222.840588,0.0
2019-03-29,15,0,266,49.03,49.03,0.0,-649.857728,0.0
2019-03-29,15,0,267,60.63,60.63,0.0,-803.607466,0.0
2019-03-29,15,0,270,174.97,174.97,0.0,3783.873052,0.0
2019-03-29,15,0,272,106.24,106.24,0.0,2478.551403,0.0
2019-03-29,15,0,273,42.54,42.54,0.0,919.963192,0.0
2019-03-29,15,0,274,230.46,230.46,0.0,4983.890859,0.0
2019-03-29,15,0,275,330.79,330.79,0.0,7153.611287,0.0
2019-03-29,15,0,276,9.61,9.61,0.0,212.322699,0.0
2019-03-29,15,0,277,11.78,11.78,0.0,286.297026,0.0
2019-03-29,15,0,278,18.85,18.85,0.0,458.123849,0.0
2019-03-29,15,0,279,128.1,128.1,0.0,3113.297881,0.0
2019-03-29,15,0,281,56.1,56.1,0.0,-56100.0,0.0
2019-03-29,15,0,282,492.35,492.35,0.0,-492350.0,0.0
2019-03-29,16,0,9,4.07,4.07,0.0,-1586.410412,0.0
2019-03-29,16,0,17,36.63,36.63,0.0,548.516075,0.0
2019-03-29,16,0,19,332.0,332.0,0.0,4971.535273,0.0
2019-03-29,16,0,20,419.03,419.03,0.0,6274.766342,0.0
2019-03-29,16,0,21,93.05,93.05,0.0,-36269.161881,0.0
2019-03-29,16,0,22,330.69,330.69,0.0,-128896.820447,0.0
2019-03-29,16,0,23,26.04,26.04,0.0,-10149.908387,0.0
2019-03-29,16,0,24,46.07,46.07,0.0,-17957.230391,0.0
2019-03-29,16,0,29,9.37,9.37,0.0,44.097395,0.0
2019-03-29,16,0,30,779.65,779.65,0.0,-779650.0,0.0
2019-03-29,16,0,31,125.0,125.0,0.0,-125000.0,0.0
2019-03-29,16,0,32,6.45,6.45,0.0,123.114406,0.0
2019-03-29,16,0,33,2.71,2.71,0.0,54.807287,0.0
2019-03-29,16,0,34,4.34,4.34,0.0,87.772556,0.0
2019-03-29,16,0,35,4.34,4.34,0.0,87.772556,0.0
2019-03-29,16,0,36,13.05,13.05,0.0,88.424282,0.0
2019-03-29,16,0,37,6.04,6.04,0.0,40.386922,0.0
2019-03-29,16,0,38,7.77,7.77,0.0,51.954699,0.0
2019-03-29,16,0,39,5.18,5.18,0.0,34.636466,0.0
2019-03-29,16,0,40,5.18,5.18,0.0,34.636466,0.0
2019-03-29,16,0,41,82.36,82.36,0.0,-689.877672,0.0
2019-03-29,16,0,42,79.37,79.37,0.0,1098.209141,0.0
2019-03-29,16,0,43,38.99,38.99,0.0,288.215041,0.0
2019-03-29,16,0,46,33.17,33.17,0.0,183.881325,0.0
2019-03-29,16,0,52,132.5,132.5,0.0,-132500.0,0.0
2019-03-29,16,0,53,210.5,210.5,0.0,-210500.0,0.0
2019-03-29,16,0,55,623.0,623.0,0.0,-242833.829685,0.0
2019-03-29,16,0,56,229.97,229.97,0.0,-229970.0,0.0
2019-03-29,16,0,57,218.75,218.75,0.0,-218750.0,0.0
2019-03-29,16,0,58,420.68,420.68,0.0,-420680.0,0.0
2019-03-29,16,0,59,413.67,413.67,0.0,-413670.0,0.0
2019-03-29,16,0,63,51.0,51.0,0.0,999.12253,0.0
2019-03-29,16,0,64,60.0,60.0,0.0,1175.438271,0.0
2019-03-29,16,0,65,41.4,41.4,0.0,611.193182,0.0
2019-03-29,16,0,67,422.04,422.04,0.0,5607.389168,0.0
2019-03-29,16,0,68,7.82,7.82,0.0,87.146992,0.0
2019-03-29,16,0,69,2.71,2.71,0.0,54.807287,0.0
2019-03-29,16,0,74,134.72,134.72,0.0,1153.967372,0.0
2019-03-29,16,0,77,23.51,23.51,0.0,645.980905,0.0
2019-03-29,16,0,78,17.78,17.78,0.0,488.538515,0.0
2019-03-29,16,0,79,10.29,10.29,0.0,282.736857,0.0
2019-03-29,16,0,80,16.64,16.64,0.0,457.214898,0.0
2019-03-29,16,0,81,21.75,21.75,0.0,597.621637,0.0
2019-03-29,16,0,82,15.34,15.34,0.0,421.494984,0.0
2019-03-29,16,0,83,34.21,34.21,0.0,939.983274,0.0
2019-03-29,16,0,84,0.0,0.0,0.0,0.0,0.0
2019-03-29,16,0,86,13.75,13.75,0.0,278.081255,0.0
2019-03-29,16,0,87,70.2,70.2,0.0,1419.731208,0.0
2019-03-29,16,0,88,21.49,21.49,0.0,590.477654,0.0
2019-03-29,16,0,89,20.66,20.66,0.0,567.671863,0.0
2019-03-29,16,0,90,27.74,27.74,0.0,762.20801,0.0
2019-03-29,16,0,91,98.96,98.96,0.0,2719.109757,0.0
2019-03-29,16,0,92,35.59,35.59,0.0,977.901336,0.0
2019-03-29,16,0,95,120.0,120.0,0.0,2285.053486,0.0
2019-03-29,16,0,96,17.25,17.25,0.0,706.234294,0.0
2019-03-29,16,0,97,106.1,106.1,0.0,4343.852673,0.0
2019-03-29,16,0,99,29.54,29.54,0.0,253.02996,0.0
2019-03-29,16,0,101,15.71,15.71,0.0,-15710.0,0.0
2019-03-29,16,0,102,18.52,18.52,0.0,206.38904,0.0
2019-03-29,16,0,103,16.11,16.11,0.0,179.531719,0.0
2019-03-29,16,0,104,2.99,2.99,0.0,33.320909,0.0
2019-03-29,16,0,106,325.54,325.54,0.0,-126889.446092,0.0
2019-03-29,16,0,109,60.0,60.0,0.0,227.847887,0.0
2019-03-29,16,0,110,0.0,0.0,0.0,0.0,0.0
2019-03-29,16,0,111,23.85,23.85,0.0,-199.776378,0.0
2019-03-29,16,0,113,17.49,17.49,0.0,419.906554,0.0
2019-03-29,16,0,115,17.49,17.49,0.0,419.906554,0.0
2019-03-29,16,0,116,154.42,154.42,0.0,3064.730999,0.0
2019-03-29,16,0,117,1.17,1.17,0.0,28.089804,0.0
2019-03-29,16,0,119,60.0,60.0,0.0,1175.438271,0.0
2019-03-29,16,0,120,35.28,35.28,0.0,691.157703,0.0
2019-03-29,16,0,123,5.43,5.43,0.0,-2116.513154,0.0
2019-03-29,16,0,125,41.69,41.69,0.0,-16249.987736,0.0
2019-03-29,16,0,126,244.15,244.15,0.0,-95165.135662,0.0
2019-03-29,16,0,127,313.33,313.33,0.0,-122130.214856,0.0
2019-03-29,16,0,128,59.71,59.71,0.0,-23273.84907,0.0
2019-03-29,16,0,131,11.22,11.22,0.0,311.522938,0.0
2019-03-29,16,0,132,16.5,16.5,0.0,458.121967,0.0
2019-03-29,16,0,133,50.5,50.5,0.0,757.218179,0.0
2019-03-29,16,0,134,0.0,0.0,0.0,0.0,0.0
2019-03-29,16,0,135,64.2,64.2,0.0,962.641724,0.0
2019-03-29,16,0,136,45.9,45.9,0.0,677.094576,0.0
2019-03-29,16,0,139,107.25,107.25,0.0,-898.365473,0.0
2019-03-29,16,0,140,0.0,0.0,0.0,0.0,0.0
2019-03-29,16,0,141,96.94,96.94,0.0,1287.982907,0.0
2019-03-29,16,0,142,556.57,556.57,0.0,7394.807575,0.0
2019-03-29,16,0,143,238.5,238.5,0.0,-238500.0,0.0
2019-03-29,16,0,145,30.0,30.0,0.0,-57.817758,0.0
2019-03-29,16,0,146,0.0,0.0,0.0,0.0,0.0
2019-03-29,16,0,152,8.64,8.64,0.0,78.865211,0.0
2019-03-29,16,0,153,10.47,10.47,0.0,92.836549,0.0
2019-03-29,16,0,154,98.37,98.37,0.0,-823.983325,0.0
2019-03-29,16,0,157,213.5,213.5,0.0,2836.644838,0.0
2019-03-29,16,0,158,440.61,440.61,0.0,5854.11748,0.0
2019-03-29,16,0,159,0.0,0.0,0.0,0.0,0.0
2019-03-29,16,0,160,3.01,3.01,0.0,29.087382,0.0
2019-03-29,16,0,161,77.29,77.29,0.0,861.328773,0.0
2019-03-29,16,0,162,162.5,162.5,0.0,3096.069364,0.0
2019-03-29,16,0,163,24.1,24.1,0.0,478.30603,0.0
2019-03-29,16,0,164,29.11,29.11,0.0,-29110.0,0.0
2019-03-29,16,0,167,7.22,7.22,0.0,137.417295,0.0
2019-03-29,16,0,168,3.61,3.61,0.0,68.708648,0.0
2019-03-29,16,0,169,0.0,0.0,0.0,0.0,0.0
2019-03-29,16,0,170,7.89,7.89,0.0,150.169316,0.0
2019-03-29,16,0,172,9.66,9.66,0.0,171.389051,0.0
2019-03-29,16,0,173,14.71,14.71,0.0,260.986847,0.0
2019-03-29,16,0,188,13.0,13.0,0.0,245.134505,0.0
2019-03-29,16,0,190,12.08,12.08,0.0,236.654905,0.0
2019-03-29,16,0,191,31.2,31.2,0.0,611.227901,0.0
2019-03-29,16,0,192,190.26,190.26,0.0,3727.314756,0.0
2019-03-29,16,0,194,52.95,52.95,0.0,1138.428329,0.0
2019-03-29,16,0,196,8.1,8.1,0.0,160.378597,0.0
2019-03-29,16,0,198,12.76,12.76,0.0,158.148797,0.0
2019-03-29,16,0,199,0.0,0.0,0.0,0.0,0.0
2019-03-29,16,0,200,23.84,23.84,0.0,209.005569,0.0
2019-03-29,16,0,204,257.1,257.1,0.0,864.746712,0.0
2019-03-29,16,0,205,317.4,317.4,0.0,1205.315321,0.0
2019-03-29,16,0,206,311.75,311.75,0.0,12763.393693,0.0
2019-03-29,16,0,210,2.86,2.86,0.0,14.730474,0.0
2019-03-29,16,0,214,15.28,15.28,0.0,356.352525,0.0
2019-03-29,16,0,217,10.15,10.15,0.0,163.28214,0.0
2019-03-29,16,0,218,14.01,14.01,0.0,225.377614,0.0
2019-03-29,16,0,219,9.54,9.54,0.0,153.469125,0.0
2019-03-29,16,0,221,8.15,8.15,0.0,190.070228,0.0
2019-03-29,16,0,225,8.36,8.36,0.0,38.985408,0.0
2019-03-29,16,0,233,7.78,7.78,0.0,157.34343,0.0
2019-03-29,16,0,236,159.03,159.03,0.0,1927.515858,0.0
2019-03-29,16,0,237,308.11,308.11,0.0,2639.169292,0.0
2019-03-29,16,0,238,103.31,103.31,0.0,1429.456802,0.0
2019-03-29,16,0,240,14.79,14.79,0.0,100.214186,0.0
2019-03-29,16,0,245,78.0,78.0,0.0,1228.642191,0.0
2019-03-29,16,0,247,171.72,171.72,0.0,2704.903039,0.0
2019-03-29,16,0,248,36.28,36.28,0.0,310.762591,0.0
2019-03-29,16,0,249,150.0,150.0,0.0,2362.773445,0.0
2019-03-29,16,0,251,326.4,326.4,0.0,4705.403209,0.0
2019-03-29,16,0,252,267.06,267.06,0.0,3942.638918,0.0
2019-03-29,16,0,254,19.43,19.43,0.0,154.702416,0.0
2019-03-29,16,0,255,8.91,8.91,0.0,70.941767,0.0
2019-03-29,16,0,258,18.2,18.2,0.0,125.131028,0.0
2019-03-29,16,0,260,7.31,7.31,0.0,70.640786,0.0
2019-03-29,16,0,265,101.85,101.85,0.0,-853.133085,0.0
2019-03-29,16,0,266,68.38,68.38,0.0,-572.776047,0.0
2019-03-29,16,0,267,84.71,84.71,0.0,-709.562137,0.0
2019-03-29,16,0,270,65.15,65.15,0.0,1293.014018,0.0
2019-03-29,16,0,272,58.44,58.44,0.0,1403.049685,0.0
2019-03-29,16,0,273,36.93,36.93,0.0,732.939488,0.0
2019-03-29,16,0,274,81.3,81.3,0.0,1613.538598,0.0
2019-03-29,16,0,275,108.99,108.99,0.0,2163.094364,0.0
2019-03-29,16,0,276,8.29,8.29,0.0,152.386282,0.0
2019-03-29,16,0,277,10.18,10.18,0.0,258.56129,0.0
2019-03-29,16,0,278,16.3,16.3,0.0,414.002851,0.0
2019-03-29,16,0,279,144.76,144.76,0.0,3676.751701,0.0
2019-03-29,16,0,281,56.1,56.1,0.0,-56100.0,0.0
2019-03-29,16,0,282,427.69,427.69,0.0,-427690.0,0.0
2019-03-29,17,0,9,3.16,3.16,0.0,-1229.495148,0.0
2019-03-29,17,0,17,27.42,27.42,0.0,427.981426,0.0
2019-03-29,17,0,19,284.63,284.63,0.0,4442.609532,0.0
2019-03-29,17,0,20,342.76,342.76,0.0,5349.923912,0.0
2019-03-29,17,0,21,72.26,72.26,0.0,-28114.974489,0.0
2019-03-29,17,0,22,256.81,256.81,0.0,-99919.825609,0.0
2019-03-29,17,0,23,37.94,37.94,0.0,-14761.723389,0.0
2019-03-29,17,0,24,67.49,67.49,0.0,-26259.059345,0.0
2019-03-29,17,0,29,6.86,6.86,0.0,29.216518,0.0
2019-03-29,17,0,30,609.05,609.05,0.0,-609050.0,0.0
2019-03-29,17,0,31,125.0,125.0,0.0,-125000.0,0.0
2019-03-29,17,0,32,4.89,4.89,0.0,101.374898,0.0
2019-03-29,17,0,33,2.04,2.04,0.0,42.411177,0.0
2019-03-29,17,0,34,3.26,3.26,0.0,67.774725,0.0
2019-03-29,17,0,35,3.26,3.26,0.0,67.774725,0.0
2019-03-29,17,0,36,10.07,10.07,0.0,75.415475,0.0
2019-03-29,17,0,37,4.66,4.66,0.0,34.470543,0.0
2019-03-29,17,0,38,5.99,5.99,0.0,44.308703,0.0
2019-03-29,17,0,39,3.99,3.99,0.0,29.514478,0.0
2019-03-29,17,0,40,3.99,3.99,0.0,29.514478,0.0
2019-03-29,17,0,41,34.8,34.8,0.0,-258.456011,0.0
2019-03-29,17,0,42,60.29,60.29,0.0,873.313652,0.0
2019-03-29,17,0,43,30.29,30.29,0.0,244.12183,0.0
2019-03-29,17,0,46,25.53,25.53,0.0,160.565635,0.0
2019-03-29,17,0,52,132.5,132.5,0.0,-132500.0,0.0
2019-03-29,17,0,53,210.5,210.5,0.0,-210500.0,0.0
2019-03-29,17,0,55,623.0,623.0,0.0,-242397.302888,0.0
2019-03-29,17,0,56,179.65,179.65,0.0,-179650.0,0.0
2019-03-29,17,0,57,170.89,170.89,0.0,-170890.0,0.0
2019-03-29,17,0,58,328.63,328.63,0.0,-328630.0,0.0
2019-03-29,17,0,59,323.15,323.15,0.0,-323150.0,0.0
2019-03-29,17,0,63,95.49,95.49,0.0,2024.810811,0.0
2019-03-29,17,0,64,112.31,112.31,0.0,2381.469287,0.0
2019-03-29,17,0,65,41.4,41.4,0.0,637.54875,0.0
2019-03-29,17,0,67,323.78,323.78,0.0,4638.760764,0.0
2019-03-29,17,0,68,4.7,4.7,0.0,56.512767,0.0
2019-03-29,17,0,69,2.04,2.04,0.0,42.411177,0.0
2019-03-29,17,0,74,104.24,104.24,0.0,967.708831,0.0
2019-03-29,17,0,77,21.71,21.71,0.0,630.07376,0.0
2019-03-29,17,0,78,16.41,16.41,0.0,476.255661,0.0
2019-03-29,17,0,79,9.5,9.5,0.0,275.711687,0.0
2019-03-29,17,0,80,15.36,15.36,0.0,445.782264,0.0
2019-03-29,17,0,81,20.08,20.08,0.0,582.767439,0.0
2019-03-29,17,0,82,14.17,14.17,0.0,411.245748,0.0
2019-03-29,17,0,83,31.59,31.59,0.0,916.813914,0.0
2019-03-29,17,0,84,0.0,0.0,0.0,0.0,0.0
2019-03-29,17,0,86,10.32,10.32,0.0,214.550662,0.0
2019-03-29,17,0,87,52.66,52.66,0.0,1094.79049,0.0
2019-03-29,17,0,88,18.07,18.07,0.0,524.432651,0.0
2019-03-29,17,0,89,17.37,17.37,0.0,504.117053,0.0
2019-03-29,17,0,90,23.33,23.33,0.0,677.089858,0.0
2019-03-29,17,0,91,83.21,83.21,0.0,2414.944154,0.0
2019-03-29,17,0,92,29.93,29.93,0.0,868.636925,0.0
2019-03-29,17,0,95,120.0,120.0,0.0,2482.329809,0.0
2019-03-29,17,0,96,16.46,16.46,0.0,693.735374,0.0
2019-03-29,17,0,97,101.22,101.22,0.0,4266.093229,0.0
2019-03-29,17,0,99,21.2,21.2,0.0,196.809547,0.0
2019-03-29,17,0,101,12.27,12.27,0.0,-12270.0,0.0
2019-03-29,17,0,102,11.11,11.11,0.0,133.586563,0.0
2019-03-29,17,0,103,9.66,9.66,0.0,116.151773,0.0
2019-03-29,17,0,104,1.8,1.8,0.0,21.643187,0.0
2019-03-29,17,0,106,252.8,252.8,0.0,-98359.61183,0.0
2019-03-29,17,0,109,60.0,60.0,0.0,277.390183,0.0
2019-03-29,17,0,110,0.0,0.0,0.0,0.0,0.0
2019-03-29,17,0,111,18.76,18.76,0.0,-139.328585,0.0
2019-03-29,17,0,113,15.79,15.79,0.0,404.186605,0.0
2019-03-29,17,0,115,15.79,15.79,0.0,404.186605,0.0
2019-03-29,17,0,116,117.57,117.57,0.0,2513.540407,0.0
2019-03-29,17,0,117,1.05,1.05,0.0,26.877513,0.0
2019-03-29,17,0,119,112.31,112.31,0.0,2381.469287,0.0
2019-03-29,17,0,120,66.1,66.1,0.0,1401.612678,0.0
2019-03-29,17,0,123,4.21,4.21,0.0,-1638.029928,0.0
2019-03-29,17,0,125,61.0,61.0,0.0,-23733.925323,0.0
2019-03-29,17,0,126,189.6,189.6,0.0,-73769.708872,0.0
2019-03-29,17,0,127,243.32,243.32,0.0,-94671.126386,0.0
2019-03-29,17,0,128,87.79,87.79,0.0,-34157.398428,0.0
2019-03-29,17,0,131,11.45,11.45,0.0,336.910799,0.0
2019-03-29,17,0,132,16.84,16.84,0.0,495.508983,0.0
2019-03-29,17,0,133,111.85,111.85,0.0,1747.994492,0.0
2019-03-29,17,0,134,0.0,0.0,0.0,0.0,0.0
2019-03-29,17,0,135,146.43,146.43,0.0,2288.411565,0.0
2019-03-29,17,0,136,45.9,45.9,0.0,706.321796,0.0
2019-03-29,17,0,139,44.94,44.94,0.0,-333.764745,0.0
2019-03-29,17,0,140,0.0,0.0,0.0,0.0,0.0
2019-03-29,17,0,141,107.55,107.55,0.0,1540.857126,0.0
2019-03-29,17,0,142,426.99,426.99,0.0,6117.439183,0.0
2019-03-29,17,0,143,238.5,238.5,0.0,-238500.0,0.0
2019-03-29,17,0,145,30.0,30.0,0.0,-26.958455,0.0
2019-03-29,17,0,146,12.33,12.33,0.0,263.604263,0.0
2019-03-29,17,0,152,6.6,6.6,0.0,64.925865,0.0
2019-03-29,17,0,153,8.03,8.03,0.0,76.924225,0.0
2019-03-29,17,0,154,77.4,77.4,0.0,-574.841818,0.0
2019-03-29,17,0,157,250.0,250.0,0.0,3581.722747,0.0
2019-03-29,17,0,158,355.09,355.09,0.0,5087.335721,0.0
2019-03-29,17,0,159,0.0,0.0,0.0,0.0,0.0
2019-03-29,17,0,160,2.31,2.31,0.0,23.581051,0.0
2019-03-29,17,0,161,59.07,59.07,0.0,710.25727,0.0
2019-03-29,17,0,162,162.5,162.5,0.0,3363.141896,0.0
2019-03-29,17,0,163,32.29,32.29,0.0,690.331035,0.0
2019-03-29,17,0,164,22.66,22.66,0.0,-22660.0,0.0
2019-03-29,17,0,167,5.54,5.54,0.0,114.553652,0.0
2019-03-29,17,0,168,2.77,2.77,0.0,57.276826,0.0
2019-03-29,17,0,169,0.0,0.0,0.0,0.0,0.0
2019-03-29,17,0,170,6.06,6.06,0.0,125.305981,0.0
2019-03-29,17,0,172,7.43,7.43,0.0,144.315469,0.0
2019-03-29,17,0,173,11.32,11.32,0.0,219.872289,0.0
2019-03-29,17,0,188,10.05,10.05,0.0,206.11298,0.0
2019-03-29,17,0,190,9.22,9.22,0.0,195.504824,0.0
2019-03-29,17,0,191,23.83,23.83,0.0,505.301515,0.0
2019-03-29,17,0,192,158.92,158.92,0.0,3369.807667,0.0
2019-03-29,17,0,194,52.95,52.95,0.0,1224.29716,0.0
2019-03-29,17,0,196,6.17,6.17,0.0,131.875095,0.0
2019-03-29,17,0,198,9.8,9.8,0.0,124.445145,0.0
2019-03-29,17,0,199,130.0,130.0,0.0,1390.270164,0.0
2019-03-29,17,0,200,18.23,18.23,0.0,194.958655,0.0
2019-03-29,17,0,204,257.1,257.1,0.0,1080.185043,0.0
2019-03-29,17,0,205,317.4,317.4,0.0,1467.394066,0.0
2019-03-29,17,0,206,297.42,297.42,0.0,12535.284018,0.0
2019-03-29,17,0,210,2.14,2.14,0.0,10.431565,0.0
2019-03-29,17,0,214,11.56,11.56,0.0,275.671441,0.0
2019-03-29,17,0,217,7.6,7.6,0.0,122.856831,0.0
2019-03-29,17,0,218,10.49,10.49,0.0,169.574758,0.0
2019-03-29,17,0,219,7.14,7.14,0.0,115.42076,0.0
2019-03-29,17,0,221,6.17,6.17,0.0,147.136055,0.0
2019-03-29,17,0,225,6.21,6.21,0.0,26.079005,0.0
2019-03-29,17,0,233,5.84,5.84,0.0,121.41239,0.0
2019-03-29,17,0,236,159.03,159.03,0.0,2034.194755,0.0
2019-03-29,17,0,237,257.58,257.58,0.0,2391.235999,0.0
2019-03-29,17,0,238,78.47,78.47,0.0,1136.654873,0.0
2019-03-29,17,0,240,11.41,11.41,0.0,85.450901,0.0
2019-03-29,17,0,245,78.0,78.0,0.0,1277.296283,0.0
2019-03-29,17,0,247,171.72,171.72,0.0,2812.016893,0.0
2019-03-29,17,0,248,26.21,26.21,0.0,243.319728,0.0
2019-03-29,17,0,249,150.0,150.0,0.0,2456.339005,0.0
2019-03-29,17,0,251,326.4,326.4,0.0,4914.662877,0.0
2019-03-29,17,0,252,267.06,267.06,0.0,4112.65143,0.0
2019-03-29,17,0,254,14.91,14.91,0.0,128.206412,0.0
2019-03-29,17,0,255,6.84,6.84,0.0,58.815014,0.0
2019-03-29,17,0,258,14.1,14.1,0.0,106.895509,0.0
2019-03-29,17,0,260,5.61,5.61,0.0,57.268266,0.0
2019-03-29,17,0,265,80.14,80.14,0.0,-595.191515,0.0
2019-03-29,17,0,266,29.1,29.1,0.0,-216.122699,0.0
2019-03-29,17,0,267,35.76,35.76,0.0,-265.585832,0.0
2019-03-29,17,0,270,100.83,100.83,0.0,2155.654327,0.0
2019-03-29,17,0,272,52.76,52.76,0.0,1350.53105,0.0
2019-03-29,17,0,273,28.11,28.11,0.0,600.96641,0.0
2019-03-29,17,0,274,129.99,129.99,0.0,2779.068789,0.0
2019-03-29,17,0,275,180.94,180.94,0.0,3868.333769,0.0
2019-03-29,17,0,276,6.23,6.23,0.0,123.381961,0.0
2019-03-29,17,0,277,7.76,7.76,0.0,209.292086,0.0
2019-03-29,17,0,278,12.41,12.41,0.0,334.705514,0.0
2019-03-29,17,0,279,57.06,57.06,0.0,1538.944126,0.0
2019-03-29,17,0,281,56.1,56.1,0.0,-56100.0,0.0
2019-03-29,17,0,282,334.1,334.1,0.0,-334100.0,0.0
2019-03-29,18,0,9,1.99,1.99,0.0,18.192921,0.0
2019-03-29,18,0,17,17.18,17.18,0.0,188.254266,0.0
2019-03-29,18,0,19,332.94,332.94,0.0,3648.275628,0.0
2019-03-29,18,0,20,405.43,405.43,0.0,4442.603436,0.0
2019-03-29,18,0,21,45.58,45.58,0.0,416.70016,0.0
2019-03-29,18,0,22,161.97,161.97,0.0,1480.757457,0.0
2019-03-29,18,0,23,80.98,80.98,0.0,740.333017,0.0
2019-03-29,18,0,24,143.7,143.7,0.0,1313.72999,0.0
2019-03-29,18,0,29,4.33,4.33,0.0,33.792671,0.0
2019-03-29,18,0,30,397.27,397.27,0.0,3628.389175,0.0
2019-03-29,18,0,31,92.34,92.34,0.0,843.369639,0.0
2019-03-29,18,0,32,3.13,3.13,0.0,33.958335,0.0
2019-03-29,18,0,33,1.28,1.28,0.0,14.611979,0.0
2019-03-29,18,0,34,2.05,2.05,0.0,23.401998,0.0
2019-03-29,18,0,35,2.05,2.05,0.0,23.401998,0.0
2019-03-29,18,0,36,6.43,6.43,0.0,64.92958,0.0
2019-03-29,18,0,37,2.89,2.89,0.0,29.085467,0.0
2019-03-29,18,0,38,3.72,3.72,0.0,37.438733,0.0
2019-03-29,18,0,39,2.48,2.48,0.0,24.959155,0.0
2019-03-29,18,0,40,2.48,2.48,0.0,24.959155,0.0
2019-03-29,18,0,41,34.8,34.8,0.0,335.342987,0.0
2019-03-29,18,0,42,36.09,36.09,0.0,391.883657,0.0
2019-03-29,18,0,43,18.82,18.82,0.0,188.989828,0.0
2019-03-29,18,0,46,16.4,16.4,0.0,163.119825,0.0
2019-03-29,18,0,52,97.89,97.89,0.0,894.059497,0.0
2019-03-29,18,0,53,155.55,155.55,0.0,1420.686023,0.0
2019-03-29,18,0,55,460.54,460.54,0.0,4210.335488,0.0
2019-03-29,18,0,56,117.18,117.18,0.0,1070.241004,0.0
2019-03-29,18,0,57,111.47,111.47,0.0,1018.089816,0.0
2019-03-29,18,0,58,214.36,214.36,0.0,1957.815852,0.0
2019-03-29,18,0,59,210.78,210.78,0.0,1925.11861,0.0
2019-03-29,18,0,63,170.0,170.0,0.0,1957.145707,0.0
2019-03-29,18,0,64,200.0,200.0,0.0,2302.524361,0.0
2019-03-29,18,0,65,41.4,41.4,0.0,452.887884,0.0
2019-03-29,18,0,67,208.6,208.6,0.0,1254.173148,0.0
2019-03-29,18,0,68,2.92,2.92,0.0,21.1064,0.0
2019-03-29,18,0,69,1.28,1.28,0.0,14.611979,0.0
2019-03-29,18,0,74,65.28,65.28,0.0,681.541066,0.0
2019-03-29,18,0,77,20.98,20.98,0.0,174.075321,0.0
2019-03-29,18,0,78,15.86,15.86,0.0,131.593641,0.0
2019-03-29,18,0,79,9.18,9.18,0.0,76.168324,0.0
2019-03-29,18,0,80,14.84,14.84,0.0,123.130494,0.0
2019-03-29,18,0,81,19.41,19.41,0.0,161.048712,0.0
2019-03-29,18,0,82,13.69,13.69,0.0,113.58871,0.0
2019-03-29,18,0,83,30.53,30.53,0.0,253.31361,0.0
2019-03-29,18,0,84,0.0,0.0,0.0,0.0,0.0
2019-03-29,18,0,86,6.5,6.5,0.0,74.201456,0.0
2019-03-29,18,0,87,33.18,33.18,0.0,378.769893,0.0
2019-03-29,18,0,88,15.66,15.66,0.0,129.9342,0.0
2019-03-29,18,0,89,15.05,15.05,0.0,124.872906,0.0
2019-03-29,18,0,90,20.21,20.21,0.0,167.686474,0.0
2019-03-29,18,0,91,72.09,72.09,0.0,598.14537,0.0
2019-03-29,18,0,92,25.93,25.93,0.0,215.146476,0.0
2019-03-29,18,0,95,120.0,120.0,0.0,1304.727541,0.0
2019-03-29,18,0,96,16.51,16.51,0.0,150.637978,0.0
2019-03-29,18,0,97,101.51,101.51,0.0,926.181776,0.0
2019-03-29,18,0,99,12.6,12.6,0.0,131.547448,0.0
2019-03-29,18,0,101,8.0,8.0,0.0,73.066462,0.0
2019-03-29,18,0,102,6.91,6.91,0.0,49.946994,0.0
2019-03-29,18,0,103,6.01,6.01,0.0,43.441597,0.0
2019-03-29,18,0,104,1.12,1.12,0.0,8.095605,0.0
2019-03-29,18,0,106,159.45,159.45,0.0,1457.719185,0.0
2019-03-29,18,0,109,60.0,60.0,0.0,592.989153,0.0
2019-03-29,18,0,110,0.0,0.0,0.0,0.0,0.0
2019-03-29,18,0,111,12.52,12.52,0.0,120.646385,0.0
2019-03-29,18,0,113,14.78,14.78,0.0,123.539109,0.0
2019-03-29,18,0,115,14.78,14.78,0.0,123.539109,0.0
2019-03-29,18,0,116,74.42,74.42,0.0,170.340859,0.0
2019-03-29,18,0,117,0.99,0.99,0.0,8.274947,0.0
2019-03-29,18,0,119,200.0,200.0,0.0,2302.524361,0.0
2019-03-29,18,0,120,117.6,117.6,0.0,1353.884324,0.0
2019-03-29,18,0,123,2.66,2.66,0.0,24.318175,0.0
2019-03-29,18,0,125,129.96,129.96,0.0,1188.116559,0.0
2019-03-29,18,0,126,119.58,119.58,0.0,1093.220823,0.0
2019-03-29,18,0,127,153.47,153.47,0.0,1403.049002,0.0
2019-03-29,18,0,128,186.61,186.61,0.0,1706.020553,0.0
2019-03-29,18,0,131,12.62,12.62,0.0,95.318157,0.0
2019-03-29,18,0,132,18.55,18.55,0.0,140.107116,0.0
2019-03-29,18,0,133,139.8,139.8,0.0,1532.137262,0.0
2019-03-29,18,0,134,0.0,0.0,0.0,0.0,0.0
2019-03-29,18,0,135,187.33,187.33,0.0,2053.042012,0.0
2019-03-29,18,0,136,45.9,45.9,0.0,502.068372,0.0
2019-03-29,18,0,139,44.94,44.94,0.0,433.054995,0.0
2019-03-29,18,0,140,0.0,0.0,0.0,0.0,0.0
2019-03-29,18,0,141,139.66,139.66,0.0,839.682751,0.0
2019-03-29,18,0,142,275.09,275.09,0.0,1653.933324,0.0
2019-03-29,18,0,143,176.17,176.17,0.0,1609.014829,0.0
2019-03-29,18,0,145,30.0,30.0,0.0,282.367359,0.0
2019-03-29,18,0,146,54.24,54.24,0.0,124.150608,0.0
2019-03-29,18,0,152,4.16,4.16,0.0,43.357056,0.0
2019-03-29,18,0,153,5.04,5.04,0.0,52.405624,0.0
2019-03-29,18,0,154,51.65,51.65,0.0,497.71452,0.0
2019-03-29,18,0,157,250.0,250.0,0.0,1503.083831,0.0
2019-03-29,18,0,158,232.78,232.78,0.0,1399.551416,0.0
2019-03-29,18,0,159,0.0,0.0,0.0,0.0,0.0
2019-03-29,18,0,160,1.46,1.46,0.0,14.659994,0.0
2019-03-29,18,0,161,37.83,37.83,0.0,273.443531,0.0
2019-03-29,18,0,162,162.5,162.5,0.0,1768.009224,0.0
2019-03-29,18,0,163,34.53,34.53,0.0,79.036145,0.0
2019-03-29,18,0,164,15.08,15.08,0.0,137.730281,0.0
2019-03-29,18,0,167,3.58,3.58,0.0,38.858221,0.0
2019-03-29,18,0,168,1.79,1.79,0.0,19.429111,0.0
2019-03-29,18,0,169,0.0,0.0,0.0,0.0,0.0
2019-03-29,18,0,170,3.91,3.91,0.0,42.440125,0.0
2019-03-29,18,0,172,4.75,4.75,0.0,50.433048,0.0
2019-03-29,18,0,173,7.23,7.23,0.0,76.764408,0.0
2019-03-29,18,0,188,6.43,6.43,0.0,68.948758,0.0
2019-03-29,18,0,190,5.74,5.74,0.0,66.082449,0.0
2019-03-29,18,0,191,14.83,14.83,0.0,170.732181,0.0
2019-03-29,18,0,192,131.3,131.3,0.0,1511.607243,0.0
2019-03-29,18,0,194,98.98,98.98,0.0,922.573406,0.0
2019-03-29,18,0,196,3.91,3.91,0.0,50.012073,0.0
2019-03-29,18,0,198,6.31,6.31,0.0,62.016021,0.0
2019-03-29,18,0,199,130.0,130.0,0.0,1198.240808,0.0
2019-03-29,18,0,200,11.46,11.46,0.0,105.629536,0.0
2019-03-29,18,0,204,257.1,257.1,0.0,2528.200832,0.0
2019-03-29,18,0,205,317.4,317.4,0.0,3136.912619,0.0
2019-03-29,18,0,206,298.27,298.27,0.0,2721.428807,0.0
2019-03-29,18,0,210,1.35,1.35,0.0,10.795174,0.0
2019-03-29,18,0,214,7.36,7.36,0.0,86.018178,0.0
2019-03-29,18,0,217,4.79,4.79,0.0,48.267288,0.0
2019-03-29,18,0,218,6.61,6.61,0.0,66.606842,0.0
2019-03-29,18,0,219,4.5,4.5,0.0,45.345052,0.0
2019-03-29,18,0,221,3.93,3.93,0.0,45.930902,0.0
2019-03-29,18,0,225,3.93,3.93,0.0,30.598033,0.0
2019-03-29,18,0,233,3.68,3.68,0.0,42.00944,0.0
2019-03-29,18,0,236,159.03,159.03,0.0,1702.009844,0.0
2019-03-29,18,0,237,156.6,156.6,0.0,1634.946859,0.0
2019-03-29,18,0,238,46.97,46.97,0.0,510.024256,0.0
2019-03-29,18,0,240,7.28,7.28,0.0,73.512806,0.0
2019-03-29,18,0,245,78.0,78.0,0.0,859.993074,0.0
2019-03-29,18,0,247,171.72,171.72,0.0,1893.307828,0.0
2019-03-29,18,0,248,15.72,15.72,0.0,164.121102,0.0
2019-03-29,18,0,249,150.0,150.0,0.0,1653.832834,0.0
2019-03-29,18,0,251,326.4,326.4,0.0,3560.714492,0.0
2019-03-29,18,0,252,267.06,267.06,0.0,2921.455032,0.0
2019-03-29,18,0,254,9.66,9.66,0.0,97.003284,0.0
2019-03-29,18,0,255,4.43,4.43,0.0,44.484943,0.0
2019-03-29,18,0,258,9.13,9.13,0.0,92.111449,0.0
2019-03-29,18,0,260,3.56,3.56,0.0,35.746288,0.0
2019-03-29,18,0,265,53.48,53.48,0.0,515.348935,0.0
2019-03-29,18,0,266,29.1,29.1,0.0,280.416118,0.0
2019-03-29,18,0,267,35.76,35.76,0.0,344.593828,0.0
2019-03-29,18,0,270,107.82,107.82,0.0,246.790533,0.0
2019-03-29,18,0,272,49.41,49.41,0.0,412.995087,0.0
2019-03-29,18,0,273,17.8,17.8,0.0,40.74264,0.0
2019-03-29,18,0,274,138.99,138.99,0.0,318.135932,0.0
2019-03-29,18,0,275,193.48,193.48,0.0,442.858768,0.0
2019-03-29,18,0,276,3.95,3.95,0.0,12.325083,0.0
2019-03-29,18,0,277,4.95,4.95,0.0,41.253025,0.0
2019-03-29,18,0,278,7.92,7.92,0.0,66.00484,0.0
2019-03-29,18,0,279,53.74,53.74,0.0,447.866177,0.0
2019-03-29,18,0,281,41.41,41.41,0.0,378.210274,0.0
2019-03-29,18,0,282,217.93,217.93,0.0,1990.421761,0.0
2019-03-29,19,0,9,0.72,0.72,0.0,6.865918,0.0
2019-03-29,19,0,17,6.68,6.68,0.0,67.334185,0.0
2019-03-29,19,0,19,615.51,615.51,0.0,6204.320946,0.0
2019-03-29,19,0,20,748.14,748.14,0.0,7541.227068,0.0
2019-03-29,19,0,21,16.37,16.37,0.0,156.104277,0.0
2019-03-29,19,0,22,58.18,58.18,0.0,554.804328,0.0
2019-03-29,19,0,23,103.24,103.24,0.0,984.496371,0.0
2019-03-29,19,0,24,182.66,182.66,0.0,1741.845284,0.0
2019-03-29,19,0,29,0.85,0.85,0.0,8.73444,0.0
2019-03-29,19,0,30,147.99,147.99,0.0,1410.721752,0.0
2019-03-29,19,0,31,37.5,37.5,0.0,357.470543,0.0
2019-03-29,19,0,32,0.77,0.77,0.0,9.793366,0.0
2019-03-29,19,0,33,0.41,0.41,0.0,4.172043,0.0
2019-03-29,19,0,34,0.65,0.65,0.0,6.614215,0.0
2019-03-29,19,0,35,0.65,0.65,0.0,6.614215,0.0
2019-03-29,19,0,36,1.94,1.94,0.0,19.273392,0.0
2019-03-29,19,0,37,0.89,0.89,0.0,8.840606,0.0
2019-03-29,19,0,38,1.15,1.15,0.0,11.423255,0.0
2019-03-29,19,0,39,0.77,0.77,0.0,7.648614,0.0
2019-03-29,19,0,40,0.77,0.77,0.0,7.648614,0.0
2019-03-29,19,0,41,34.8,34.8,0.0,338.105474,0.0
2019-03-29,19,0,42,10.88,10.88,0.0,109.444238,0.0
2019-03-29,19,0,43,5.49,5.49,0.0,54.686777,0.0
2019-03-29,19,0,46,4.79,4.79,0.0,47.405286,0.0
2019-03-29,19,0,52,39.75,39.75,0.0,378.918776,0.0
2019-03-29,19,0,53,63.15,63.15,0.0,601.980395,0.0
2019-03-29,19,0,55,186.9,186.9,0.0,1782.277913,0.0
2019-03-29,19,0,56,43.65,43.65,0.0,416.095713,0.0
2019-03-29,19,0,57,41.52,41.52,0.0,395.791386,0.0
2019-03-29,19,0,58,79.85,79.85,0.0,761.173944,0.0
2019-03-29,19,0,59,78.52,78.52,0.0,748.495655,0.0
2019-03-29,19,0,63,170.0,170.0,0.0,2165.15952,0.0
2019-03-29,19,0,64,200.0,200.0,0.0,2547.246494,0.0
2019-03-29,19,0,65,41.4,41.4,0.0,417.15105,0.0
2019-03-29,19,0,67,76.46,76.46,0.0,774.471555,0.0
2019-03-29,19,0,68,4.48,4.48,0.0,43.063341,0.0
2019-03-29,19,0,69,0.41,0.41,0.0,4.172043,0.0
2019-03-29,19,0,74,65.28,65.28,0.0,650.622878,0.0
2019-03-29,19,0,77,21.49,21.49,0.0,197.802241,0.0
2019-03-29,19,0,78,16.24,16.24,0.0,149.479218,0.0
2019-03-29,19,0,79,9.4,9.4,0.0,86.521222,0.0
2019-03-29,19,0,80,15.2,15.2,0.0,139.906657,0.0
2019-03-29,19,0,81,19.87,19.87,0.0,182.891137,0.0
2019-03-29,19,0,82,14.02,14.02,0.0,129.045482,0.0
2019-03-29,19,0,83,31.26,31.26,0.0,287.729086,0.0
2019-03-29,19,0,84,0.0,0.0,0.0,0.0,0.0
2019-03-29,19,0,86,2.06,2.06,0.0,20.961973,0.0
2019-03-29,19,0,87,10.5,10.5,0.0,106.84501,0.0
2019-03-29,19,0,88,14.19,14.19,0.0,130.610228,0.0
2019-03-29,19,0,89,13.64,13.64,0.0,125.547816,0.0
2019-03-29,19,0,90,18.31,18.31,0.0,168.532296,0.0
2019-03-29,19,0,91,65.33,65.33,0.0,601.322494,0.0
2019-03-29,19,0,92,23.49,23.49,0.0,216.211012,0.0
2019-03-29,19,0,95,120.0,120.0,0.0,1523.900578,0.0
2019-03-29,19,0,96,17.34,17.34,0.0,165.231866,0.0
2019-03-29,19,0,97,106.66,106.66,0.0,1016.357027,0.0
2019-03-29,19,0,99,12.6,12.6,0.0,125.579783,0.0
2019-03-29,19,0,101,2.98,2.98,0.0,28.406993,0.0
2019-03-29,19,0,102,12.81,12.81,0.0,123.13424,0.0
2019-03-29,19,0,103,10.75,10.75,0.0,103.332793,0.0
2019-03-29,19,0,104,1.53,1.53,0.0,14.7069,0.0
2019-03-29,19,0,106,57.27,57.27,0.0,546.126571,0.0
2019-03-29,19,0,109,60.0,60.0,0.0,590.058899,0.0
2019-03-29,19,0,110,27.49,27.49,0.0,321.951177,0.0
2019-03-29,19,0,111,4.06,4.06,0.0,39.445639,0.0
2019-03-29,19,0,113,14.47,14.47,0.0,130.607428,0.0
2019-03-29,19,0,115,14.47,14.47,0.0,130.607428,0.0
2019-03-29,19,0,116,23.62,23.62,0.0,276.627385,0.0
2019-03-29,19,0,117,0.96,0.96,0.0,8.66504,0.0
2019-03-29,19,0,119,200.0,200.0,0.0,2547.246494,0.0
2019-03-29,19,0,120,117.6,117.6,0.0,1497.780939,0.0
2019-03-29,19,0,123,0.95,0.95,0.0,9.059198,0.0
2019-03-29,19,0,125,165.3,165.3,0.0,1576.300369,0.0
2019-03-29,19,0,126,42.95,42.95,0.0,409.571088,0.0
2019-03-29,19,0,127,55.12,55.12,0.0,525.624176,0.0
2019-03-29,19,0,128,236.75,236.75,0.0,2257.647383,0.0
2019-03-29,19,0,131,14.78,14.78,0.0,140.030799,0.0
2019-03-29,19,0,132,21.72,21.72,0.0,205.782744,0.0
2019-03-29,19,0,133,135.62,135.62,0.0,1367.094488,0.0
2019-03-29,19,0,134,0.0,0.0,0.0,0.0,0.0
2019-03-29,19,0,135,183.78,183.78,0.0,1852.563228,0.0
2019-03-29,19,0,136,45.9,45.9,0.0,462.48384,0.0
2019-03-29,19,0,139,44.94,44.94,0.0,436.622414,0.0
2019-03-29,19,0,140,20.34,20.34,0.0,238.213421,0.0
2019-03-29,19,0,141,197.94,197.94,0.0,2004.955527,0.0
2019-03-29,19,0,142,100.83,100.83,0.0,1021.317903,0.0
2019-03-29,19,0,143,71.55,71.55,0.0,682.053797,0.0
2019-03-29,19,0,145,30.0,30.0,0.0,289.336774,0.0
2019-03-29,19,0,146,160.65,160.65,0.0,1881.46441,0.0
2019-03-29,19,0,152,1.45,1.45,0.0,14.458149,0.0
2019-03-29,19,0,153,1.76,1.76,0.0,17.540571,0.0
2019-03-29,19,0,154,16.75,16.75,0.0,162.737549,0.0
2019-03-29,19,0,157,250.0,250.0,0.0,2532.27686,0.0
2019-03-29,19,0,158,96.8,96.8,0.0,980.4976,0.0
2019-03-29,19,0,159,0.0,0.0,0.0,0.0,0.0
2019-03-29,19,0,160,0.41,0.41,0.0,4.119276,0.0
2019-03-29,19,0,161,13.16,13.16,0.0,126.498564,0.0
2019-03-29,19,0,162,162.5,162.5,0.0,2063.908896,0.0
2019-03-29,19,0,163,36.98,36.98,0.0,433.094017,0.0
2019-03-29,19,0,164,6.0,6.0,0.0,57.195287,0.0
2019-03-29,19,0,167,0.84,0.84,0.0,10.668168,0.0
2019-03-29,19,0,168,0.42,0.42,0.0,5.334084,0.0
2019-03-29,19,0,169,0.0,0.0,0.0,0.0,0.0
2019-03-29,19,0,170,0.92,0.92,0.0,11.684184,0.0
2019-03-29,19,0,172,1.12,1.12,0.0,13.952909,0.0
2019-03-29,19,0,173,1.7,1.7,0.0,21.178523,0.0
2019-03-29,19,0,188,1.64,1.64,0.0,20.665842,0.0
2019-03-29,19,0,190,1.65,1.65,0.0,21.014784,0.0
2019-03-29,19,0,191,4.27,4.27,0.0,54.383713,0.0
2019-03-29,19,0,192,107.91,107.91,0.0,1374.366846,0.0
2019-03-29,19,0,194,176.5,176.5,0.0,1495.850844,0.0
2019-03-29,19,0,196,1.18,1.18,0.0,14.572628,0.0
2019-03-29,19,0,198,1.78,1.78,0.0,18.143461,0.0
2019-03-29,19,0,199,130.0,130.0,0.0,1298.665816,0.0
2019-03-29,19,0,200,2.91,2.91,0.0,29.070135,0.0
2019-03-29,19,0,204,257.1,257.1,0.0,2524.905144,0.0
2019-03-29,19,0,205,317.4,317.4,0.0,3121.411576,0.0
2019-03-29,19,0,206,313.42,313.42,0.0,2986.561216,0.0
2019-03-29,19,0,210,0.31,0.31,0.0,3.191537,0.0
2019-03-29,19,0,214,2.19,2.19,0.0,22.408821,0.0
2019-03-29,19,0,217,1.39,1.39,0.0,14.262451,0.0
2019-03-29,19,0,218,1.91,1.91,0.0,19.598045,0.0
2019-03-29,19,0,219,1.3,1.3,0.0,13.338983,0.0
2019-03-29,19,0,221,1.17,1.17,0.0,11.971836,0.0
2019-03-29,19,0,225,0.87,0.87,0.0,8.938321,0.0
2019-03-29,19,0,233,1.16,1.16,0.0,11.80383,0.0
2019-03-29,19,0,236,159.03,159.03,0.0,1594.651378,0.0
2019-03-29,19,0,237,156.6,156.6,0.0,1560.777308,0.0
2019-03-29,19,0,238,14.16,14.16,0.0,142.438457,0.0
2019-03-29,19,0,240,2.2,2.2,0.0,21.856423,0.0
2019-03-29,19,0,245,78.0,78.0,0.0,787.343334,0.0
2019-03-29,19,0,247,171.72,171.72,0.0,1733.366633,0.0
2019-03-29,19,0,248,15.72,15.72,0.0,156.67573,0.0
2019-03-29,19,0,249,150.0,150.0,0.0,1514.121797,0.0
2019-03-29,19,0,251,326.4,326.4,0.0,3286.77695,0.0
2019-03-29,19,0,252,267.06,267.06,0.0,2690.926553,0.0
2019-03-29,19,0,254,2.94,2.94,0.0,29.349154,0.0
2019-03-29,19,0,255,1.35,1.35,0.0,13.476652,0.0
2019-03-29,19,0,258,2.71,2.71,0.0,26.934705,0.0
2019-03-29,19,0,260,1.0,1.0,0.0,10.047016,0.0
2019-03-29,19,0,265,17.34,17.34,0.0,168.469796,0.0
2019-03-29,19,0,266,29.1,29.1,0.0,282.726129,0.0
2019-03-29,19,0,267,35.76,35.76,0.0,347.432521,0.0
2019-03-29,19,0,270,115.48,115.48,0.0,1352.452599,0.0
2019-03-29,19,0,272,48.37,48.37,0.0,436.591658,0.0
2019-03-29,19,0,273,5.65,5.65,0.0,66.170395,0.0
2019-03-29,19,0,274,148.87,148.87,0.0,1743.502064,0.0
2019-03-29,19,0,275,207.23,207.23,0.0,2426.98954,0.0
2019-03-29,19,0,276,1.25,1.25,0.0,14.197804,0.0
2019-03-29,19,0,277,1.55,1.55,0.0,14.10123,0.0
2019-03-29,19,0,278,2.49,2.49,0.0,22.652943,0.0
2019-03-29,19,0,279,53.38,53.38,0.0,485.628157,0.0
2019-03-29,19,0,281,16.83,16.83,0.0,160.43278,0.0
2019-03-29,19,0,282,81.18,81.18,0.0,773.852232,0.0
2019-03-29,20,0,9,0.0,0.0,0.0,0.0,0.0
2019-03-29,20,0,17,0.0,0.0,0.0,-0.0,0.0
2019-03-29,20,0,19,643.3,643.3,0.0,-158.933969,0.0
2019-03-29,20,0,20,780.2,780.2,0.0,-192.756541,0.0
2019-03-29,20,0,21,0.0,0.0,0.0,0.0,0.0
2019-03-29,20,0,22,0.0,0.0,0.0,0.0,0.0
2019-03-29,20,0,23,72.98,72.98,0.0,783.886035,0.0
2019-03-29,20,0,24,129.12,129.12,0.0,1386.891817,0.0
2019-03-29,20,0,29,0.0,0.0,0.0,0.0,0.0
2019-03-29,20,0,30,5.77,5.77,0.0,61.970079,0.0
2019-03-29,20,0,31,32.13,32.13,0.0,345.077753,0.0
2019-03-29,20,0,32,0.0,0.0,0.0,0.0,0.0
2019-03-29,20,0,33,0.0,0.0,0.0,0.0,0.0
2019-03-29,20,0,34,0.0,0.0,0.0,0.0,0.0
2019-03-29,20,0,35,0.0,0.0,0.0,0.0,0.0
2019-03-29,20,0,36,0.0,0.0,0.0,0.0,0.0
2019-03-29,20,0,37,0.0,0.0,0.0,0.0,0.0
2019-03-29,20,0,38,0.0,0.0,0.0,0.0,0.0
2019-03-29,20,0,39,0.0,0.0,0.0,0.0,0.0
2019-03-29,20,0,40,0.0,0.0,0.0,0.0,0.0
2019-03-29,20,0,41,60.5,60.5,0.0,653.026398,0.0
2019-03-29,20,0,42,0.0,0.0,0.0,0.0,0.0
2019-03-29,20,0,43,0.0,0.0,0.0,0.0,0.0
2019-03-29,20,0,46,0.0,0.0,0.0,0.0,0.0
2019-03-29,20,0,52,34.06,34.06,0.0,365.806046,0.0
2019-03-29,20,0,53,54.11,54.11,0.0,581.144015,0.0
2019-03-29,20,0,55,178.94,178.94,0.0,1922.0138,0.0
2019-03-29,20,0,56,1.7,1.7,0.0,18.258082,0.0
2019-03-29,20,0,57,1.62,1.62,0.0,17.398878,0.0
2019-03-29,20,0,58,3.11,3.11,0.0,33.40155,0.0
2019-03-29,20,0,59,3.06,3.06,0.0,32.864548,0.0
2019-03-29,20,0,63,170.0,170.0,0.0,2014.846184,0.0
2019-03-29,20,0,64,200.0,200.0,0.0,2370.407275,0.0
2019-03-29,20,0,65,41.4,41.4,0.0,218.406039,0.0
2019-03-29,20,0,67,0.09,0.09,0.0,0.986134,0.0
2019-03-29,20,0,68,2.4,2.4,0.0,25.871033,0.0
2019-03-29,20,0,69,0.0,0.0,0.0,0.0,0.0
2019-03-29,20,0,74,65.28,65.28,0.0,708.667609,0.0
2019-03-29,20,0,77,26.79,26.79,0.0,285.011803,0.0
2019-03-29,20,0,78,20.34,20.34,0.0,216.39194,0.0
2019-03-29,20,0,79,11.84,11.84,0.0,125.962663,0.0
2019-03-29,20,0,80,19.05,19.05,0.0,202.667967,0.0
2019-03-29,20,0,81,24.81,24.81,0.0,263.947101,0.0
2019-03-29,20,0,82,17.58,17.58,0.0,187.029022,0.0
2019-03-29,20,0,83,38.67,38.67,0.0,411.400016,0.0
2019-03-29,20,0,84,0.0,0.0,0.0,0.0,0.0
2019-03-29,20,0,86,0.0,0.0,0.0,0.0,0.0
2019-03-29,20,0,87,0.0,0.0,0.0,0.0,0.0
2019-03-29,20,0,88,38.93,38.93,0.0,414.166088,0.0
2019-03-29,20,0,89,37.43,37.43,0.0,398.20798,0.0
2019-03-29,20,0,90,50.21,50.21,0.0,534.171057,0.0
2019-03-29,20,0,91,178.78,178.78,0.0,1901.993659,0.0
2019-03-29,20,0,92,64.39,64.39,0.0,685.028368,0.0
2019-03-29,20,0,95,120.0,120.0,0.0,1420.797357,0.0
2019-03-29,20,0,96,13.78,13.78,0.0,147.98261,0.0
2019-03-29,20,0,97,99.47,99.47,0.0,1068.202485,0.0
2019-03-29,20,0,99,12.6,12.6,0.0,136.78327,0.0
2019-03-29,20,0,101,0.12,0.12,0.0,1.288806,0.0
2019-03-29,20,0,102,5.67,5.67,0.0,61.120316,0.0
2019-03-29,20,0,103,4.93,4.93,0.0,53.143414,0.0
2019-03-29,20,0,104,0.92,0.92,0.0,9.917229,0.0
2019-03-29,20,0,106,0.0,0.0,0.0,0.0,0.0
2019-03-29,20,0,109,60.0,60.0,0.0,650.085947,0.0
2019-03-29,20,0,110,12.65,12.65,0.0,145.480406,0.0
2019-03-29,20,0,111,0.0,0.0,0.0,0.0,0.0
2019-03-29,20,0,113,22.04,22.04,0.0,233.184201,0.0
2019-03-29,20,0,115,22.04,22.04,0.0,233.184201,0.0
2019-03-29,20,0,116,0.0,0.0,0.0,0.0,0.0
2019-03-29,20,0,117,1.47,1.47,0.0,15.552667,0.0
2019-03-29,20,0,119,200.0,200.0,0.0,2370.407275,0.0
2019-03-29,20,0,120,117.6,117.6,0.0,1393.799478,0.0
2019-03-29,20,0,123,0.0,0.0,0.0,0.0,0.0
2019-03-29,20,0,125,116.84,116.84,0.0,1254.991016,0.0
2019-03-29,20,0,126,0.0,0.0,0.0,0.0,0.0
2019-03-29,20,0,127,0.0,0.0,0.0,0.0,0.0
2019-03-29,20,0,128,167.35,167.35,0.0,1797.524362,0.0
2019-03-29,20,0,131,9.55,9.55,0.0,102.492583,0.0
2019-03-29,20,0,132,14.04,14.04,0.0,150.680196,0.0
2019-03-29,20,0,133,103.8,103.8,0.0,1210.084224,0.0
2019-03-29,20,0,134,0.0,0.0,0.0,0.0,0.0
2019-03-29,20,0,135,138.32,138.32,0.0,1612.513005,0.0
2019-03-29,20,0,136,45.9,45.9,0.0,256.061691,0.0
2019-03-29,20,0,139,80.98,80.98,0.0,874.08393,0.0
2019-03-29,20,0,140,9.36,9.36,0.0,107.644,0.0
2019-03-29,20,0,141,149.71,149.71,0.0,1640.378506,0.0
2019-03-29,20,0,142,0.12,0.12,0.0,1.314845,0.0
2019-03-29,20,0,143,71.55,71.55,0.0,768.450458,0.0
2019-03-29,20,0,145,30.0,30.0,0.0,323.253506,0.0
2019-03-29,20,0,146,80.92,80.92,0.0,930.614584,0.0
2019-03-29,20,0,152,0.0,0.0,0.0,0.0,0.0
2019-03-29,20,0,153,0.0,0.0,0.0,0.0,0.0
2019-03-29,20,0,154,0.0,0.0,0.0,0.0,0.0
2019-03-29,20,0,157,250.0,250.0,0.0,2739.260079,0.0
2019-03-29,20,0,158,9.05,9.05,0.0,99.161215,0.0
2019-03-29,20,0,159,0.0,0.0,0.0,0.0,0.0
2019-03-29,20,0,160,0.0,0.0,0.0,0.0,0.0
2019-03-29,20,0,161,0.0,0.0,0.0,0.0,0.0
2019-03-29,20,0,162,162.5,162.5,0.0,1924.095141,0.0
2019-03-29,20,0,163,53.0,53.0,0.0,609.522651,0.0
2019-03-29,20,0,164,0.6,0.6,0.0,6.444029,0.0
2019-03-29,20,0,167,0.0,0.0,0.0,0.0,0.0
2019-03-29,20,0,168,0.0,0.0,0.0,0.0,0.0
2019-03-29,20,0,169,0.0,0.0,0.0,0.0,0.0
2019-03-29,20,0,170,0.0,0.0,0.0,0.0,0.0
2019-03-29,20,0,172,0.0,0.0,0.0,0.0,0.0
2019-03-29,20,0,173,0.0,0.0,0.0,0.0,0.0
2019-03-29,20,0,188,0.0,0.0,0.0,0.0,0.0
2019-03-29,20,0,190,0.0,0.0,0.0,0.0,0.0
2019-03-29,20,0,191,0.0,0.0,0.0,0.0,0.0
2019-03-29,20,0,192,115.19,115.19,0.0,1365.23607,0.0
2019-03-29,20,0,194,176.5,176.5,0.0,1834.400336,0.0
2019-03-29,20,0,196,0.0,0.0,0.0,0.0,0.0
2019-03-29,20,0,198,0.0,0.0,0.0,0.0,0.0
2019-03-29,20,0,199,130.0,130.0,0.0,1419.796282,0.0
2019-03-29,20,0,200,0.0,0.0,0.0,0.0,0.0
2019-03-29,20,0,204,465.33,465.33,0.0,5040.214114,0.0
2019-03-29,20,0,205,317.4,317.4,0.0,3438.954659,0.0
2019-03-29,20,0,206,376.79,376.79,0.0,4046.32567,0.0
2019-03-29,20,0,210,0.0,0.0,0.0,0.0,0.0
2019-03-29,20,0,214,0.0,0.0,0.0,0.0,0.0
2019-03-29,20,0,217,0.0,0.0,0.0,0.0,0.0
2019-03-29,20,0,218,0.0,0.0,0.0,0.0,0.0
2019-03-29,20,0,219,0.0,0.0,0.0,0.0,0.0
2019-03-29,20,0,221,0.0,0.0,0.0,0.0,0.0
2019-03-29,20,0,225,0.0,0.0,0.0,0.0,0.0
2019-03-29,20,0,233,0.0,0.0,0.0,0.0,0.0
2019-03-29,20,0,236,159.03,159.03,0.0,1729.822638,0.0
2019-03-29,20,0,237,156.6,156.6,0.0,1700.020644,0.0
2019-03-29,20,0,238,0.0,0.0,0.0,0.0,0.0
2019-03-29,20,0,240,0.0,0.0,0.0,0.0,0.0
2019-03-29,20,0,245,145.89,145.89,0.0,1429.716393,0.0
2019-03-29,20,0,247,171.72,171.72,0.0,1682.849401,0.0
2019-03-29,20,0,248,15.72,15.72,0.0,170.653413,0.0
2019-03-29,20,0,249,280.44,280.44,0.0,2748.301222,0.0
2019-03-29,20,0,251,326.4,326.4,0.0,2300.452395,0.0
2019-03-29,20,0,252,267.06,267.06,0.0,1408.877218,0.0
2019-03-29,20,0,254,0.0,0.0,0.0,0.0,0.0
2019-03-29,20,0,255,0.0,0.0,0.0,0.0,0.0
2019-03-29,20,0,258,0.0,0.0,0.0,0.0,0.0
2019-03-29,20,0,260,0.0,0.0,0.0,0.0,0.0
2019-03-29,20,0,265,0.0,0.0,0.0,0.0,0.0
2019-03-29,20,0,266,49.35,49.35,0.0,532.675252,0.0
2019-03-29,20,0,267,62.41,62.41,0.0,673.642604,0.0
2019-03-29,20,0,270,165.51,165.51,0.0,1903.435737,0.0
2019-03-29,20,0,272,73.65,73.65,0.0,779.220344,0.0
2019-03-29,20,0,273,0.0,0.0,0.0,0.0,0.0
2019-03-29,20,0,274,213.36,213.36,0.0,2453.731187,0.0
2019-03-29,20,0,275,297.0,297.0,0.0,3415.626934,0.0
2019-03-29,20,0,276,0.0,0.0,0.0,0.0,0.0
2019-03-29,20,0,277,0.0,0.0,0.0,0.0,0.0
2019-03-29,20,0,278,0.0,0.0,0.0,0.0,0.0
2019-03-29,20,0,279,191.37,191.37,0.0,2029.206414,0.0
2019-03-29,20,0,281,14.42,14.42,0.0,154.871497,0.0
2019-03-29,20,0,282,3.16,3.16,0.0,33.938553,0.0
2019-03-29,21,0,9,0.0,0.0,0.0,0.0,0.0
2019-03-29,21,0,17,0.0,0.0,0.0,0.0,0.0
2019-03-29,21,0,19,643.3,643.3,0.0,202.753755,0.0
2019-03-29,21,0,20,780.2,780.2,0.0,245.901569,0.0
2019-03-29,21,0,21,0.0,0.0,0.0,0.0,0.0
2019-03-29,21,0,22,0.0,0.0,0.0,0.0,0.0
2019-03-29,21,0,23,59.09,59.09,0.0,507.801539,0.0
2019-03-29,21,0,24,104.54,104.54,0.0,898.385056,0.0
2019-03-29,21,0,29,0.0,0.0,0.0,0.0,0.0
2019-03-29,21,0,30,0.0,0.0,0.0,0.0,0.0
2019-03-29,21,0,31,20.27,20.27,0.0,174.166365,0.0
2019-03-29,21,0,32,0.0,0.0,0.0,0.0,0.0
2019-03-29,21,0,33,0.0,0.0,0.0,0.0,0.0
2019-03-29,21,0,34,0.0,0.0,0.0,0.0,0.0
2019-03-29,21,0,35,0.0,0.0,0.0,0.0,0.0
2019-03-29,21,0,36,0.0,0.0,0.0,0.0,0.0
2019-03-29,21,0,37,0.0,0.0,0.0,0.0,0.0
2019-03-29,21,0,38,0.0,0.0,0.0,0.0,0.0
2019-03-29,21,0,39,0.0,0.0,0.0,0.0,0.0
2019-03-29,21,0,40,0.0,0.0,0.0,0.0,0.0
2019-03-29,21,0,41,111.37,111.37,0.0,964.846752,0.0
2019-03-29,21,0,42,0.0,0.0,0.0,0.0,0.0
2019-03-29,21,0,43,0.0,0.0,0.0,0.0,0.0
2019-03-29,21,0,46,0.0,0.0,0.0,0.0,0.0
2019-03-29,21,0,52,21.48,21.48,0.0,184.563074,0.0
2019-03-29,21,0,53,34.13,34.13,0.0,293.255946,0.0
2019-03-29,21,0,55,119.27,119.27,0.0,1024.970208,0.0
2019-03-29,21,0,56,0.0,0.0,0.0,0.0,0.0
2019-03-29,21,0,57,0.0,0.0,0.0,0.0,0.0
2019-03-29,21,0,58,0.0,0.0,0.0,0.0,0.0
2019-03-29,21,0,59,0.0,0.0,0.0,0.0,0.0
2019-03-29,21,0,63,170.0,170.0,0.0,1694.352727,0.0
2019-03-29,21,0,64,200.0,200.0,0.0,1993.356149,0.0
2019-03-29,21,0,65,41.4,41.4,0.0,187.139936,0.0
2019-03-29,21,0,67,0.0,0.0,0.0,0.0,0.0
2019-03-29,21,0,68,2.77,2.77,0.0,23.920567,0.0
2019-03-29,21,0,69,0.0,0.0,0.0,0.0,0.0
2019-03-29,21,0,74,65.28,65.28,0.0,571.329082,0.0
2019-03-29,21,0,77,79.22,79.22,0.0,670.290193,0.0
2019-03-29,21,0,78,60.01,60.01,0.0,507.752014,0.0
2019-03-29,21,0,79,34.81,34.81,0.0,294.531705,0.0
2019-03-29,21,0,80,56.18,56.18,0.0,475.345911,0.0
2019-03-29,21,0,81,73.32,73.32,0.0,620.369566,0.0
2019-03-29,21,0,82,51.83,51.83,0.0,438.540024,0.0
2019-03-29,21,0,83,114.85,114.85,0.0,971.760019,0.0
2019-03-29,21,0,84,0.0,0.0,0.0,0.0,0.0
2019-03-29,21,0,86,0.0,0.0,0.0,0.0,0.0
2019-03-29,21,0,87,0.0,0.0,0.0,0.0,0.0
2019-03-29,21,0,88,123.09,123.09,0.0,1041.479676,0.0
2019-03-29,21,0,89,118.33,118.33,0.0,1001.204729,0.0
2019-03-29,21,0,90,158.88,158.88,0.0,1344.303281,0.0
2019-03-29,21,0,91,566.76,566.76,0.0,4795.426282,0.0
2019-03-29,21,0,92,203.83,203.83,0.0,1724.630777,0.0
2019-03-29,21,0,95,120.0,120.0,0.0,1194.179279,0.0
2019-03-29,21,0,96,13.15,13.15,0.0,112.970138,0.0
2019-03-29,21,0,97,80.88,80.88,0.0,694.830783,0.0
2019-03-29,21,0,99,12.6,12.6,0.0,110.274915,0.0
2019-03-29,21,0,101,0.0,0.0,0.0,0.0,0.0
2019-03-29,21,0,102,6.56,6.56,0.0,56.64943,0.0
2019-03-29,21,0,103,5.7,5.7,0.0,49.222828,0.0
2019-03-29,21,0,104,1.06,1.06,0.0,9.153719,0.0
2019-03-29,21,0,106,0.0,0.0,0.0,0.0,0.0
2019-03-29,21,0,109,83.6,83.6,0.0,728.503177,0.0
2019-03-29,21,0,110,21.57,21.57,0.0,205.567685,0.0
2019-03-29,21,0,111,0.0,0.0,0.0,0.0,0.0
2019-03-29,21,0,113,68.61,68.61,0.0,575.436231,0.0
2019-03-29,21,0,115,68.61,68.61,0.0,575.436231,0.0
2019-03-29,21,0,116,0.0,0.0,0.0,0.0,0.0
2019-03-29,21,0,117,4.61,4.61,0.0,38.66435,0.0
2019-03-29,21,0,119,200.0,200.0,0.0,1993.356149,0.0
2019-03-29,21,0,120,117.6,117.6,0.0,1172.093416,0.0
2019-03-29,21,0,123,0.0,0.0,0.0,0.0,0.0
2019-03-29,21,0,125,94.6,94.6,0.0,812.96371,0.0
2019-03-29,21,0,126,0.0,0.0,0.0,0.0,0.0
2019-03-29,21,0,127,0.0,0.0,0.0,0.0,0.0
2019-03-29,21,0,128,135.5,135.5,0.0,1164.445906,0.0
2019-03-29,21,0,131,9.56,9.56,0.0,81.993874,0.0
2019-03-29,21,0,132,14.06,14.06,0.0,120.589317,0.0
2019-03-29,21,0,133,91.59,91.59,0.0,859.250648,0.0
2019-03-29,21,0,134,0.0,0.0,0.0,0.0,0.0
2019-03-29,21,0,135,119.08,119.08,0.0,1117.147801,0.0
2019-03-29,21,0,136,45.9,45.9,0.0,218.077344,0.0
2019-03-29,21,0,139,146.7,146.7,0.0,1270.925909,0.0
2019-03-29,21,0,140,15.97,15.97,0.0,152.198235,0.0
2019-03-29,21,0,141,124.68,124.68,0.0,1104.143809,0.0
2019-03-29,21,0,142,0.0,0.0,0.0,0.0,0.0
2019-03-29,21,0,143,49.34,49.34,0.0,423.945162,0.0
2019-03-29,21,0,145,30.0,30.0,0.0,259.124274,0.0
2019-03-29,21,0,146,44.92,44.92,0.0,428.099232,0.0
2019-03-29,21,0,152,0.0,0.0,0.0,0.0,0.0
2019-03-29,21,0,153,0.0,0.0,0.0,0.0,0.0
2019-03-29,21,0,154,0.0,0.0,0.0,0.0,0.0
2019-03-29,21,0,157,232.01,232.01,0.0,2054.639118,0.0
2019-03-29,21,0,158,0.0,0.0,0.0,0.0,0.0
2019-03-29,21,0,159,0.0,0.0,0.0,0.0,0.0
2019-03-29,21,0,160,0.0,0.0,0.0,0.0,0.0
2019-03-29,21,0,161,0.0,0.0,0.0,0.0,0.0
2019-03-29,21,0,162,162.5,162.5,0.0,1617.241296,0.0
2019-03-29,21,0,163,88.61,88.61,0.0,844.476245,0.0
2019-03-29,21,0,164,0.0,0.0,0.0,0.0,0.0
2019-03-29,21,0,167,0.0,0.0,0.0,0.0,0.0
2019-03-29,21,0,168,0.0,0.0,0.0,0.0,0.0
2019-03-29,21,0,169,0.0,0.0,0.0,0.0,0.0
2019-03-29,21,0,170,0.0,0.0,0.0,0.0,0.0
2019-03-29,21,0,172,0.0,0.0,0.0,0.0,0.0
2019-03-29,21,0,173,0.0,0.0,0.0,0.0,0.0
2019-03-29,21,0,188,0.0,0.0,0.0,0.0,0.0
2019-03-29,21,0,190,0.0,0.0,0.0,0.0,0.0
2019-03-29,21,0,191,0.0,0.0,0.0,0.0,0.0
2019-03-29,21,0,192,134.99,134.99,0.0,1345.415733,0.0
2019-03-29,21,0,194,176.5,176.5,0.0,1439.18519,0.0
2019-03-29,21,0,196,0.0,0.0,0.0,0.0,0.0
2019-03-29,21,0,198,0.0,0.0,0.0,0.0,0.0
2019-03-29,21,0,199,130.0,130.0,0.0,1144.755289,0.0
2019-03-29,21,0,200,0.0,0.0,0.0,0.0,0.0
2019-03-29,21,0,204,841.64,841.64,0.0,7330.190188,0.0
2019-03-29,21,0,205,387.97,387.97,0.0,3380.829878,0.0
2019-03-29,21,0,206,237.66,237.66,0.0,2041.709741,0.0
2019-03-29,21,0,210,0.0,0.0,0.0,0.0,0.0
2019-03-29,21,0,214,0.0,0.0,0.0,0.0,0.0
2019-03-29,21,0,217,0.0,0.0,0.0,0.0,0.0
2019-03-29,21,0,218,0.0,0.0,0.0,0.0,0.0
2019-03-29,21,0,219,0.0,0.0,0.0,0.0,0.0
2019-03-29,21,0,221,0.0,0.0,0.0,0.0,0.0
2019-03-29,21,0,225,0.0,0.0,0.0,0.0,0.0
2019-03-29,21,0,233,0.0,0.0,0.0,0.0,0.0
2019-03-29,21,0,236,159.03,159.03,0.0,1396.023389,0.0
2019-03-29,21,0,237,156.6,156.6,0.0,1370.559654,0.0
2019-03-29,21,0,238,0.0,0.0,0.0,0.0,0.0
2019-03-29,21,0,240,0.0,0.0,0.0,0.0,0.0
2019-03-29,21,0,245,260.0,260.0,0.0,2071.909604,0.0
2019-03-29,21,0,247,171.72,171.72,0.0,1368.416605,0.0
2019-03-29,21,0,248,15.72,15.72,0.0,137.581084,0.0
2019-03-29,21,0,249,500.0,500.0,0.0,3984.441547,0.0
2019-03-29,21,0,251,326.4,326.4,0.0,1915.662214,0.0
2019-03-29,21,0,252,267.06,267.06,0.0,1207.188193,0.0
2019-03-29,21,0,254,0.0,0.0,0.0,0.0,0.0
2019-03-29,21,0,255,0.0,0.0,0.0,0.0,0.0
2019-03-29,21,0,258,0.0,0.0,0.0,0.0,0.0
2019-03-29,21,0,260,0.0,0.0,0.0,0.0,0.0
2019-03-29,21,0,265,0.0,0.0,0.0,0.0,0.0
2019-03-29,21,0,266,91.87,91.87,0.0,795.90977,0.0
2019-03-29,21,0,267,114.69,114.69,0.0,993.609356,0.0
2019-03-29,21,0,270,276.72,276.72,0.0,2637.213254,0.0
2019-03-29,21,0,272,229.14,229.14,0.0,1921.811076,0.0
2019-03-29,21,0,273,0.0,0.0,0.0,0.0,0.0
2019-03-29,21,0,274,356.73,356.73,0.0,3399.729272,0.0
2019-03-29,21,0,275,496.57,496.57,0.0,4732.440682,0.0
2019-03-29,21,0,276,0.0,0.0,0.0,0.0,0.0
2019-03-29,21,0,277,0.0,0.0,0.0,0.0,0.0
2019-03-29,21,0,278,0.0,0.0,0.0,0.0,0.0
2019-03-29,21,0,279,344.72,344.72,0.0,2901.423296,0.0
2019-03-29,21,0,281,9.1,9.1,0.0,78.190129,0.0
2019-03-29,21,0,282,0.0,0.0,0.0,0.0,0.0
2019-03-29,22,0,9,0.0,0.0,0.0,0.0,0.0
2019-03-29,22,0,17,0.0,0.0,0.0,0.0,0.0
2019-03-29,22,0,19,643.3,643.3,0.0,577.606988,0.0
2019-03-29,22,0,20,780.2,780.2,0.0,700.526927,0.0
2019-03-29,22,0,21,0.0,0.0,0.0,0.0,0.0
2019-03-29,22,0,22,0.0,0.0,0.0,0.0,0.0
2019-03-29,22,0,23,58.45,58.45,0.0,742.187902,0.0
2019-03-29,22,0,24,103.42,103.42,0.0,1313.209116,0.0
2019-03-29,22,0,29,0.0,0.0,0.0,0.0,0.0
2019-03-29,22,0,30,0.0,0.0,0.0,0.0,0.0
2019-03-29,22,0,31,12.67,12.67,0.0,161.450329,0.0
2019-03-29,22,0,32,0.0,0.0,0.0,0.0,0.0
2019-03-29,22,0,33,0.0,0.0,0.0,0.0,0.0
2019-03-29,22,0,34,0.0,0.0,0.0,0.0,0.0
2019-03-29,22,0,35,0.0,0.0,0.0,0.0,0.0
2019-03-29,22,0,36,0.0,0.0,0.0,0.0,0.0
2019-03-29,22,0,37,0.0,0.0,0.0,0.0,0.0
2019-03-29,22,0,38,0.0,0.0,0.0,0.0,0.0
2019-03-29,22,0,39,0.0,0.0,0.0,0.0,0.0
2019-03-29,22,0,40,0.0,0.0,0.0,0.0,0.0
2019-03-29,22,0,41,116.0,116.0,0.0,1196.551029,0.0
2019-03-29,22,0,42,0.0,0.0,0.0,0.0,0.0
2019-03-29,22,0,43,0.0,0.0,0.0,0.0,0.0
2019-03-29,22,0,46,0.0,0.0,0.0,0.0,0.0
2019-03-29,22,0,52,13.43,13.43,0.0,171.134801,0.0
2019-03-29,22,0,53,21.33,21.33,0.0,271.80233,0.0
2019-03-29,22,0,55,154.01,154.01,0.0,1955.592109,0.0
2019-03-29,22,0,56,0.0,0.0,0.0,0.0,0.0
2019-03-29,22,0,57,0.0,0.0,0.0,0.0,0.0
2019-03-29,22,0,58,0.0,0.0,0.0,0.0,0.0
2019-03-29,22,0,59,0.0,0.0,0.0,0.0,0.0
2019-03-29,22,0,63,170.0,170.0,0.0,16600.793542,0.0
2019-03-29,22,0,64,200.0,200.0,0.0,19530.345344,0.0
2019-03-29,22,0,65,41.4,41.4,0.0,103.909994,0.0
2019-03-29,22,0,67,0.0,0.0,0.0,-0.0,0.0
2019-03-29,22,0,68,4.96,4.96,0.0,-2094.178443,0.0
2019-03-29,22,0,69,0.0,0.0,0.0,0.0,0.0
2019-03-29,22,0,74,65.28,65.28,0.0,442.485816,0.0
2019-03-29,22,0,77,169.36,169.36,0.0,-51500.385225,0.0
2019-03-29,22,0,78,128.04,128.04,0.0,-38935.458929,0.0
2019-03-29,22,0,79,74.1,74.1,0.0,-22532.938977,0.0
2019-03-29,22,0,80,119.82,119.82,0.0,-36435.853553,0.0
2019-03-29,22,0,81,156.66,156.66,0.0,-47638.46451,0.0
2019-03-29,22,0,82,110.51,110.51,0.0,-33604.791989,0.0
2019-03-29,22,0,83,246.42,246.42,0.0,-74933.425409,0.0
2019-03-29,22,0,84,0.0,0.0,0.0,0.0,0.0
2019-03-29,22,0,86,0.0,0.0,0.0,0.0,0.0
2019-03-29,22,0,87,0.0,0.0,0.0,0.0,0.0
2019-03-29,22,0,88,170.6,170.6,0.0,-51877.45465,0.0
2019-03-29,22,0,89,164.0,164.0,0.0,-49870.47223,0.0
2019-03-29,22,0,90,220.2,220.2,0.0,-66960.231617,0.0
2019-03-29,22,0,91,785.5,785.5,0.0,-238861.316689,0.0
2019-03-29,22,0,92,282.5,282.5,0.0,-85904.929299,0.0
2019-03-29,22,0,95,120.0,120.0,0.0,2901.099477,0.0
2019-03-29,22,0,96,18.13,18.13,0.0,231.876354,0.0
2019-03-29,22,0,97,111.51,111.51,0.0,1426.173866,0.0
2019-03-29,22,0,99,12.6,12.6,0.0,85.40627,0.0
2019-03-29,22,0,101,0.0,0.0,0.0,0.0,0.0
2019-03-29,22,0,102,11.74,11.74,0.0,-4956.785267,0.0
2019-03-29,22,0,103,10.21,10.21,0.0,-4310.798771,0.0
2019-03-29,22,0,104,1.9,1.9,0.0,-802.205452,0.0
2019-03-29,22,0,106,0.0,0.0,0.0,0.0,0.0
2019-03-29,22,0,109,171.41,171.41,0.0,1517.256272,0.0
2019-03-29,22,0,110,63.85,63.85,0.0,-63850.0,0.0
2019-03-29,22,0,111,0.0,0.0,0.0,0.0,0.0
2019-03-29,22,0,113,149.99,149.99,0.0,-41124.542522,0.0
2019-03-29,22,0,115,149.99,149.99,0.0,-41124.542522,0.0
2019-03-29,22,0,116,0.0,0.0,0.0,-0.0,0.0
2019-03-29,22,0,117,10.0,10.0,0.0,-2741.818956,0.0
2019-03-29,22,0,119,200.0,200.0,0.0,19530.345344,0.0
2019-03-29,22,0,120,117.6,117.6,0.0,11483.843062,0.0
2019-03-29,22,0,123,0.0,0.0,0.0,0.0,0.0
2019-03-29,22,0,125,93.58,93.58,0.0,1188.262513,0.0
2019-03-29,22,0,126,0.0,0.0,0.0,0.0,0.0
2019-03-29,22,0,127,0.0,0.0,0.0,0.0,0.0
2019-03-29,22,0,128,134.04,134.04,0.0,1702.016533,0.0
2019-03-29,22,0,131,14.74,14.74,0.0,-5663.519816,0.0
2019-03-29,22,0,132,21.66,21.66,0.0,-8322.377152,0.0
2019-03-29,22,0,133,139.8,139.8,0.0,565.661919,0.0
2019-03-29,22,0,134,0.0,0.0,0.0,0.0,0.0
2019-03-29,22,0,135,187.33,187.33,0.0,757.978879,0.0
2019-03-29,22,0,136,45.9,45.9,0.0,119.26656,0.0
2019-03-29,22,0,139,149.8,149.8,0.0,1545.201242,0.0
2019-03-29,22,0,140,47.26,47.26,0.0,-47260.0,0.0
2019-03-29,22,0,141,117.93,117.93,0.0,-66564.900131,0.0
2019-03-29,22,0,142,0.0,0.0,0.0,-0.0,0.0
2019-03-29,22,0,143,30.22,30.22,0.0,385.085158,0.0
2019-03-29,22,0,145,73.71,73.71,0.0,832.687946,0.0
2019-03-29,22,0,146,37.78,37.78,0.0,-37780.0,0.0
2019-03-29,22,0,152,0.0,0.0,0.0,0.0,0.0
2019-03-29,22,0,153,0.0,0.0,0.0,0.0,0.0
2019-03-29,22,0,154,0.0,0.0,0.0,0.0,0.0
2019-03-29,22,0,157,120.12,120.12,0.0,-67801.032848,0.0
2019-03-29,22,0,158,0.0,0.0,0.0,-0.0,0.0
2019-03-29,22,0,159,0.0,0.0,0.0,0.0,0.0
2019-03-29,22,0,160,0.0,0.0,0.0,0.0,0.0
2019-03-29,22,0,161,0.0,0.0,0.0,-0.0,0.0
2019-03-29,22,0,162,96.21,96.21,0.0,2407.756098,0.0
2019-03-29,22,0,163,150.67,150.67,0.0,-150670.0,0.0
2019-03-29,22,0,164,0.0,0.0,0.0,0.0,0.0
2019-03-29,22,0,167,0.0,0.0,0.0,0.0,0.0
2019-03-29,22,0,168,0.0,0.0,0.0,0.0,0.0
2019-03-29,22,0,169,0.0,0.0,0.0,0.0,0.0
2019-03-29,22,0,170,0.0,0.0,0.0,0.0,0.0
2019-03-29,22,0,172,0.0,0.0,0.0,0.0,0.0
2019-03-29,22,0,173,0.0,0.0,0.0,0.0,0.0
2019-03-29,22,0,188,0.0,0.0,0.0,0.0,0.0
2019-03-29,22,0,190,0.0,0.0,0.0,0.0,0.0
2019-03-29,22,0,191,0.0,0.0,0.0,0.0,0.0
2019-03-29,22,0,192,169.41,169.41,0.0,5493.552451,0.0
2019-03-29,22,0,194,176.5,176.5,0.0,-24782.073384,0.0
2019-03-29,22,0,196,0.0,0.0,0.0,0.0,0.0
2019-03-29,22,0,198,0.0,0.0,0.0,0.0,0.0
2019-03-29,22,0,199,130.0,130.0,0.0,-5182.894784,0.0
2019-03-29,22,0,200,0.0,0.0,0.0,-0.0,0.0
2019-03-29,22,0,204,857.0,857.0,0.0,7751.306367,0.0
2019-03-29,22,0,205,852.76,852.76,0.0,7548.307909,0.0
2019-03-29,22,0,206,327.67,327.67,0.0,4190.7846,0.0
2019-03-29,22,0,210,0.0,0.0,0.0,0.0,0.0
2019-03-29,22,0,214,0.0,0.0,0.0,0.0,0.0
2019-03-29,22,0,217,0.0,0.0,0.0,0.0,0.0
2019-03-29,22,0,218,0.0,0.0,0.0,0.0,0.0
2019-03-29,22,0,219,0.0,0.0,0.0,0.0,0.0
2019-03-29,22,0,221,0.0,0.0,0.0,0.0,0.0
2019-03-29,22,0,225,0.0,0.0,0.0,0.0,0.0
2019-03-29,22,0,233,0.0,0.0,0.0,0.0,0.0
2019-03-29,22,0,236,159.03,159.03,0.0,960.471304,0.0
2019-03-29,22,0,237,156.6,156.6,0.0,1061.477923,0.0
2019-03-29,22,0,238,0.0,0.0,0.0,0.0,0.0
2019-03-29,22,0,240,0.0,0.0,0.0,0.0,0.0
2019-03-29,22,0,245,260.0,260.0,0.0,788.456214,0.0
2019-03-29,22,0,247,171.72,171.72,0.0,520.745004,0.0
2019-03-29,22,0,248,15.72,15.72,0.0,106.554489,0.0
2019-03-29,22,0,249,500.0,500.0,0.0,1516.26195,0.0
2019-03-29,22,0,251,678.68,678.68,0.0,2184.709698,0.0
2019-03-29,22,0,252,267.06,267.06,0.0,670.294758,0.0
2019-03-29,22,0,254,0.0,0.0,0.0,0.0,0.0
2019-03-29,22,0,255,0.0,0.0,0.0,0.0,0.0
2019-03-29,22,0,258,0.0,0.0,0.0,0.0,0.0
2019-03-29,22,0,260,0.0,0.0,0.0,0.0,0.0
2019-03-29,22,0,265,0.0,0.0,0.0,0.0,0.0
2019-03-29,22,0,266,97.0,97.0,0.0,1000.564222,0.0
2019-03-29,22,0,267,119.2,119.2,0.0,1229.559333,0.0
2019-03-29,22,0,270,470.54,470.54,0.0,-470540.0,0.0
2019-03-29,22,0,272,501.3,501.3,0.0,-137447.384266,0.0
2019-03-29,22,0,273,0.0,0.0,0.0,-0.0,0.0
2019-03-29,22,0,274,606.58,606.58,0.0,-606580.0,0.0
2019-03-29,22,0,275,844.37,844.37,0.0,-844370.0,0.0
2019-03-29,22,0,276,0.0,0.0,0.0,-0.0,0.0
2019-03-29,22,0,277,0.0,0.0,0.0,-0.0,0.0
2019-03-29,22,0,278,0.0,0.0,0.0,-0.0,0.0
2019-03-29,22,0,279,258.12,258.12,0.0,-73866.673746,0.0
2019-03-29,22,0,281,5.69,5.69,0.0,72.506107,0.0
2019-03-29,22,0,282,0.0,0.0,0.0,0.0,0.0
2019-03-29,23,0,9,0.0,0.0,0.0,0.0,0.0
2019-03-29,23,0,17,0.0,0.0,0.0,0.0,0.0
2019-03-29,23,0,19,643.3,643.3,0.0,1230.814017,0.0
2019-03-29,23,0,20,780.2,780.2,0.0,1492.742261,0.0
2019-03-29,23,0,21,0.0,0.0,0.0,0.0,0.0
2019-03-29,23,0,22,0.0,0.0,0.0,0.0,0.0
2019-03-29,23,0,23,71.48,71.48,0.0,809.349338,0.0
2019-03-29,23,0,24,126.48,126.48,0.0,1432.099948,0.0
2019-03-29,23,0,29,0.0,0.0,0.0,0.0,0.0
2019-03-29,23,0,30,0.0,0.0,0.0,0.0,0.0
2019-03-29,23,0,31,13.6,13.6,0.0,154.466044,0.0
2019-03-29,23,0,32,0.0,0.0,0.0,0.0,0.0
2019-03-29,23,0,33,0.0,0.0,0.0,0.0,0.0
2019-03-29,23,0,34,0.0,0.0,0.0,0.0,0.0
2019-03-29,23,0,35,0.0,0.0,0.0,0.0,0.0
2019-03-29,23,0,36,0.0,0.0,0.0,0.0,0.0
2019-03-29,23,0,37,0.0,0.0,0.0,0.0,0.0
2019-03-29,23,0,38,0.0,0.0,0.0,0.0,0.0
2019-03-29,23,0,39,0.0,0.0,0.0,0.0,0.0
2019-03-29,23,0,40,0.0,0.0,0.0,0.0,0.0
2019-03-29,23,0,41,116.0,116.0,0.0,1098.081429,0.0
2019-03-29,23,0,42,0.0,0.0,0.0,0.0,0.0
2019-03-29,23,0,43,0.0,0.0,0.0,0.0,0.0
2019-03-29,23,0,46,0.0,0.0,0.0,0.0,0.0
2019-03-29,23,0,52,14.42,14.42,0.0,163.779438,0.0
2019-03-29,23,0,53,22.91,22.91,0.0,260.207137,0.0
2019-03-29,23,0,55,291.46,291.46,0.0,3300.125324,0.0
2019-03-29,23,0,56,0.0,0.0,0.0,0.0,0.0
2019-03-29,23,0,57,0.0,0.0,0.0,0.0,0.0
2019-03-29,23,0,58,0.0,0.0,0.0,0.0,0.0
2019-03-29,23,0,59,0.0,0.0,0.0,0.0,0.0
2019-03-29,23,0,63,170.0,170.0,0.0,16320.867577,0.0
2019-03-29,23,0,64,200.0,200.0,0.0,19201.020679,0.0
2019-03-29,23,0,65,41.4,41.4,0.0,138.337881,0.0
2019-03-29,23,0,67,0.0,0.0,0.0,-0.0,0.0
2019-03-29,23,0,68,6.02,6.02,0.0,-2546.974197,0.0
2019-03-29,23,0,69,0.0,0.0,0.0,0.0,0.0
2019-03-29,23,0,74,65.28,65.28,0.0,439.269195,0.0
2019-03-29,23,0,77,200.0,200.0,0.0,-61015.138395,0.0
2019-03-29,23,0,78,151.2,151.2,0.0,-46127.444626,0.0
2019-03-29,23,0,79,87.5,87.5,0.0,-26694.123048,0.0
2019-03-29,23,0,80,141.5,141.5,0.0,-43168.210414,0.0
2019-03-29,23,0,81,185.0,185.0,0.0,-56439.003015,0.0
2019-03-29,23,0,82,130.5,130.5,0.0,-39812.377802,0.0
2019-03-29,23,0,83,291.0,291.0,0.0,-88777.026364,0.0
2019-03-29,23,0,84,0.0,0.0,0.0,-0.0,0.0
2019-03-29,23,0,86,0.0,0.0,0.0,0.0,0.0
2019-03-29,23,0,87,0.0,0.0,0.0,0.0,0.0
2019-03-29,23,0,88,170.6,170.6,0.0,-52045.913051,0.0
2019-03-29,23,0,89,164.0,164.0,0.0,-50032.413484,0.0
2019-03-29,23,0,90,220.2,220.2,0.0,-67177.667372,0.0
2019-03-29,23,0,91,785.5,785.5,0.0,-239636.956045,0.0
2019-03-29,23,0,92,282.5,282.5,0.0,-86183.882982,0.0
2019-03-29,23,0,95,120.0,120.0,0.0,2981.829608,0.0
2019-03-29,23,0,96,26.41,26.41,0.0,300.927093,0.0
2019-03-29,23,0,97,162.44,162.44,0.0,1850.912418,0.0
2019-03-29,23,0,99,12.6,12.6,0.0,84.785414,0.0
2019-03-29,23,0,101,0.0,0.0,0.0,0.0,0.0
2019-03-29,23,0,102,14.25,14.25,0.0,-6028.967162,0.0
2019-03-29,23,0,103,12.39,12.39,0.0,-5242.02829,0.0
2019-03-29,23,0,104,2.3,2.3,0.0,-973.096454,0.0
2019-03-29,23,0,106,0.0,0.0,0.0,0.0,0.0
2019-03-29,23,0,109,200.0,200.0,0.0,1663.23877,0.0
2019-03-29,23,0,110,121.56,121.56,0.0,-121560.0,0.0
2019-03-29,23,0,111,0.0,0.0,0.0,0.0,0.0
2019-03-29,23,0,113,150.0,150.0,0.0,-41313.134451,0.0
2019-03-29,23,0,115,150.0,150.0,0.0,-41313.134451,0.0
2019-03-29,23,0,116,0.0,0.0,0.0,-0.0,0.0
2019-03-29,23,0,117,10.0,10.0,0.0,-2754.208963,0.0
2019-03-29,23,0,119,200.0,200.0,0.0,19201.020679,0.0
2019-03-29,23,0,120,117.6,117.6,0.0,11290.200159,0.0
2019-03-29,23,0,123,0.0,0.0,0.0,0.0,0.0
2019-03-29,23,0,125,114.45,114.45,0.0,1295.887406,0.0
2019-03-29,23,0,126,0.0,0.0,0.0,0.0,0.0
2019-03-29,23,0,127,0.0,0.0,0.0,0.0,0.0
2019-03-29,23,0,128,163.93,163.93,0.0,1856.1365,0.0
2019-03-29,23,0,131,19.19,19.19,0.0,-7391.168337,0.0
2019-03-29,23,0,132,28.2,28.2,0.0,-10861.435492,0.0
2019-03-29,23,0,133,139.8,139.8,0.0,665.007352,0.0
2019-03-29,23,0,134,0.0,0.0,0.0,0.0,0.0
2019-03-29,23,0,135,187.33,187.33,0.0,891.100338,0.0
2019-03-29,23,0,136,45.86,45.86,0.0,156.836647,0.0
2019-03-29,23,0,139,149.8,149.8,0.0,1418.039639,0.0
2019-03-29,23,0,140,89.97,89.97,0.0,-89970.0,0.0
2019-03-29,23,0,141,122.52,122.52,0.0,-69236.238415,0.0
2019-03-29,23,0,142,0.0,0.0,0.0,-0.0,0.0
2019-03-29,23,0,143,29.68,29.68,0.0,337.099425,0.0
2019-03-29,23,0,145,30.0,30.0,0.0,306.830973,0.0
2019-03-29,23,0,146,20.95,20.95,0.0,-20950.0,0.0
2019-03-29,23,0,152,0.0,0.0,0.0,0.0,0.0
2019-03-29,23,0,153,0.0,0.0,0.0,0.0,0.0
2019-03-29,23,0,154,0.0,0.0,0.0,0.0,0.0
2019-03-29,23,0,157,68.23,68.23,0.0,-38556.876812,0.0
2019-03-29,23,0,158,0.0,0.0,0.0,-0.0,0.0
2019-03-29,23,0,159,0.0,0.0,0.0,0.0,0.0
2019-03-29,23,0,160,0.0,0.0,0.0,0.0,0.0
2019-03-29,23,0,161,0.0,0.0,0.0,-0.0,0.0
2019-03-29,23,0,162,48.75,48.75,0.0,1249.542309,0.0
2019-03-29,23,0,163,156.94,156.94,0.0,-156940.0,0.0
2019-03-29,23,0,164,0.0,0.0,0.0,0.0,0.0
2019-03-29,23,0,167,0.0,0.0,0.0,0.0,0.0
2019-03-29,23,0,168,0.0,0.0,0.0,0.0,0.0
2019-03-29,23,0,169,0.0,0.0,0.0,0.0,0.0
2019-03-29,23,0,170,0.0,0.0,0.0,0.0,0.0
2019-03-29,23,0,172,0.0,0.0,0.0,0.0,0.0
2019-03-29,23,0,173,0.0,0.0,0.0,0.0,0.0
2019-03-29,23,0,188,0.0,0.0,0.0,0.0,0.0
2019-03-29,23,0,190,0.0,0.0,0.0,0.0,0.0
2019-03-29,23,0,191,0.0,0.0,0.0,0.0,0.0
2019-03-29,23,0,192,163.35,163.35,0.0,5297.041455,0.0
2019-03-29,23,0,194,176.5,176.5,0.0,-25070.383919,0.0
2019-03-29,23,0,196,0.0,0.0,0.0,0.0,0.0
2019-03-29,23,0,198,0.0,0.0,0.0,0.0,0.0
2019-03-29,23,0,199,95.85,95.85,0.0,-3778.7768,0.0
2019-03-29,23,0,200,0.0,0.0,0.0,-0.0,0.0
2019-03-29,23,0,204,857.0,857.0,0.0,7254.937777,0.0
2019-03-29,23,0,205,1058.0,1058.0,0.0,8798.533092,0.0
2019-03-29,23,0,206,477.32,477.32,0.0,5438.792881,0.0
2019-03-29,23,0,210,0.0,0.0,0.0,0.0,0.0
2019-03-29,23,0,214,0.0,0.0,0.0,0.0,0.0
2019-03-29,23,0,217,0.0,0.0,0.0,0.0,0.0
2019-03-29,23,0,218,0.0,0.0,0.0,0.0,0.0
2019-03-29,23,0,219,0.0,0.0,0.0,0.0,0.0
2019-03-29,23,0,221,0.0,0.0,0.0,0.0,0.0
2019-03-29,23,0,225,0.0,0.0,0.0,0.0,0.0
2019-03-29,23,0,233,0.0,0.0,0.0,0.0,0.0
2019-03-29,23,0,236,159.03,159.03,0.0,977.642051,0.0
2019-03-29,23,0,237,156.6,156.6,0.0,1053.761579,0.0
2019-03-29,23,0,238,0.0,0.0,0.0,0.0,0.0
2019-03-29,23,0,240,0.0,0.0,0.0,0.0,0.0
2019-03-29,23,0,245,260.0,260.0,0.0,1023.610337,0.0
2019-03-29,23,0,247,171.72,171.72,0.0,676.055258,0.0
2019-03-29,23,0,248,15.72,15.72,0.0,105.779898,0.0
2019-03-29,23,0,249,500.0,500.0,0.0,1968.481417,0.0
2019-03-29,23,0,251,326.4,326.4,0.0,1285.350677,0.0
2019-03-29,23,0,252,267.06,267.06,0.0,892.379576,0.0
2019-03-29,23,0,254,0.0,0.0,0.0,0.0,0.0
2019-03-29,23,0,255,0.0,0.0,0.0,0.0,0.0
2019-03-29,23,0,258,0.0,0.0,0.0,0.0,0.0
2019-03-29,23,0,260,0.0,0.0,0.0,0.0,0.0
2019-03-29,23,0,265,0.0,0.0,0.0,0.0,0.0
2019-03-29,23,0,266,97.0,97.0,0.0,918.223264,0.0
2019-03-29,23,0,267,119.2,119.2,0.0,1128.373331,0.0
2019-03-29,23,0,270,490.12,490.12,0.0,-490120.0,0.0
2019-03-29,23,0,272,501.3,501.3,0.0,-138068.495336,0.0
2019-03-29,23,0,273,0.0,0.0,0.0,-0.0,0.0
2019-03-29,23,0,274,631.82,631.82,0.0,-631820.0,0.0
2019-03-29,23,0,275,879.5,879.5,0.0,-879500.0,0.0
2019-03-29,23,0,276,0.0,0.0,0.0,-0.0,0.0
2019-03-29,23,0,277,0.0,0.0,0.0,-0.0,0.0
2019-03-29,23,0,278,0.0,0.0,0.0,-0.0,0.0
2019-03-29,23,0,279,264.6,264.6,0.0,-76022.221361,0.0
2019-03-29,23,0,281,6.11,6.11,0.0,69.396142,0.0
2019-03-29,23,0,282,0.0,0.0,0.0,0.0,0.0
2019-03-30,0,0,9,0.0,0.0,0.0,0.0,0.0
2019-03-30,0,0,17,0.0,0.0,0.0,0.0,0.0
2019-03-30,0,0,19,643.3,643.3,0.0,468.28661,0.0
2019-03-30,0,0,20,780.2,780.2,0.0,567.942193,0.0
2019-03-30,0,0,21,0.0,0.0,0.0,0.0,0.0
2019-03-30,0,0,22,0.0,0.0,0.0,0.0,0.0
2019-03-30,0,0,23,86.35,86.35,0.0,509.376426,0.0
2019-03-30,0,0,24,152.77,152.77,0.0,901.186295,0.0
2019-03-30,0,0,29,0.0,0.0,0.0,0.0,0.0
2019-03-30,0,0,30,0.0,0.0,0.0,0.0,0.0
2019-03-30,0,0,31,14.58,14.58,0.0,85.831379,0.0
2019-03-30,0,0,32,0.0,0.0,0.0,0.0,0.0
2019-03-30,0,0,33,0.0,0.0,0.0,0.0,0.0
2019-03-30,0,0,34,0.0,0.0,0.0,0.0,0.0
2019-03-30,0,0,35,0.0,0.0,0.0,0.0,0.0
2019-03-30,0,0,36,0.0,0.0,0.0,0.0,0.0
2019-03-30,0,0,37,0.0,0.0,0.0,0.0,0.0
2019-03-30,0,0,38,0.0,0.0,0.0,0.0,0.0
2019-03-30,0,0,39,0.0,0.0,0.0,0.0,0.0
2019-03-30,0,0,40,0.0,0.0,0.0,0.0,0.0
2019-03-30,0,0,41,116.0,116.0,0.0,756.89726,0.0
2019-03-30,0,0,42,0.0,0.0,0.0,0.0,0.0
2019-03-30,0,0,43,0.0,0.0,0.0,0.0,0.0
2019-03-30,0,0,46,0.0,0.0,0.0,0.0,0.0
2019-03-30,0,0,52,15.45,15.45,0.0,90.953005,0.0
2019-03-30,0,0,53,24.55,24.55,0.0,144.524031,0.0
2019-03-30,0,0,55,314.73,314.73,0.0,1856.584164,0.0
2019-03-30,0,0,56,0.0,0.0,0.0,0.0,0.0
2019-03-30,0,0,57,0.0,0.0,0.0,0.0,0.0
2019-03-30,0,0,58,0.0,0.0,0.0,0.0,0.0
2019-03-30,0,0,59,0.0,0.0,0.0,0.0,0.0
2019-03-30,0,0,63,170.0,170.0,0.0,16023.067548,0.0
2019-03-30,0,0,64,200.0,200.0,0.0,18850.667704,0.0
2019-03-30,0,0,65,36.85,36.85,0.0,155.353086,0.0
2019-03-30,0,0,67,0.0,0.0,0.0,-0.0,0.0
2019-03-30,0,0,68,8.05,8.05,0.0,-3397.745279,0.0
2019-03-30,0,0,69,0.0,0.0,0.0,0.0,0.0
2019-03-30,0,0,74,46.69,46.69,0.0,345.132528,0.0
2019-03-30,0,0,77,200.0,200.0,0.0,-60712.182591,0.0
2019-03-30,0,0,78,151.2,151.2,0.0,-45898.410039,0.0
2019-03-30,0,0,79,87.5,87.5,0.0,-26561.579884,0.0
2019-03-30,0,0,80,141.5,141.5,0.0,-42953.869183,0.0
2019-03-30,0,0,81,185.0,185.0,0.0,-56158.768897,0.0
2019-03-30,0,0,82,130.5,130.5,0.0,-39614.699141,0.0
2019-03-30,0,0,83,291.0,291.0,0.0,-88336.22567,0.0
2019-03-30,0,0,84,0.0,0.0,0.0,-0.0,0.0
2019-03-30,0,0,86,0.0,0.0,0.0,0.0,0.0
2019-03-30,0,0,87,0.0,0.0,0.0,0.0,0.0
2019-03-30,0,0,88,170.6,170.6,0.0,-51787.49175,0.0
2019-03-30,0,0,89,164.0,164.0,0.0,-49783.989725,0.0
2019-03-30,0,0,90,220.2,220.2,0.0,-66844.113033,0.0
2019-03-30,0,0,91,785.5,785.5,0.0,-238447.097128,0.0
2019-03-30,0,0,92,282.5,282.5,0.0,-85755.95791,0.0
2019-03-30,0,0,95,67.44,67.44,0.0,1512.661437,0.0
2019-03-30,0,0,96,29.88,29.88,0.0,175.525105,0.0
2019-03-30,0,0,97,183.75,183.75,0.0,1079.408903,0.0
2019-03-30,0,0,99,9.01,9.01,0.0,66.601929,0.0
2019-03-30,0,0,101,0.0,0.0,0.0,0.0,0.0
2019-03-30,0,0,102,19.05,19.05,0.0,-8040.627026,0.0
2019-03-30,0,0,103,16.56,16.56,0.0,-6989.64743,0.0
2019-03-30,0,0,104,3.08,3.08,0.0,-1300.006889,0.0
2019-03-30,0,0,106,0.0,0.0,0.0,0.0,0.0
2019-03-30,0,0,109,200.0,200.0,0.0,1388.442236,0.0
2019-03-30,0,0,110,338.6,338.6,0.0,-338600.0,0.0
2019-03-30,0,0,111,0.0,0.0,0.0,0.0,0.0
2019-03-30,0,0,113,150.0,150.0,0.0,-41227.874818,0.0
2019-03-30,0,0,115,150.0,150.0,0.0,-41227.874818,0.0
2019-03-30,0,0,116,0.0,0.0,0.0,-0.0,0.0
2019-03-30,0,0,117,10.0,10.0,0.0,-2748.524988,0.0
2019-03-30,0,0,119,200.0,200.0,0.0,18850.667704,0.0
2019-03-30,0,0,120,117.6,117.6,0.0,11084.19261,0.0
2019-03-30,0,0,123,0.0,0.0,0.0,0.0,0.0
2019-03-30,0,0,125,138.25,138.25,0.0,815.533189,0.0
2019-03-30,0,0,126,0.0,0.0,0.0,0.0,0.0
2019-03-30,0,0,127,0.0,0.0,0.0,0.0,0.0
2019-03-30,0,0,128,198.01,198.01,0.0,1168.05589,0.0
2019-03-30,0,0,131,26.04,26.04,0.0,-10001.597939,0.0
2019-03-30,0,0,132,38.27,38.27,0.0,-14698.969013,0.0
2019-03-30,0,0,133,139.8,139.8,0.0,1156.888667,0.0
2019-03-30,0,0,134,0.0,0.0,0.0,0.0,0.0
2019-03-30,0,0,135,187.33,187.33,0.0,1550.214263,0.0
2019-03-30,0,0,136,37.12,37.12,0.0,163.599004,0.0
2019-03-30,0,0,139,149.8,149.8,0.0,977.441461,0.0
2019-03-30,0,0,140,250.6,250.6,0.0,-250600.0,0.0
2019-03-30,0,0,141,132.93,132.93,0.0,-75018.211259,0.0
2019-03-30,0,0,142,0.0,0.0,0.0,-0.0,0.0
2019-03-30,0,0,143,74.36,74.36,0.0,437.751809,0.0
2019-03-30,0,0,145,30.0,30.0,0.0,188.357251,0.0
2019-03-30,0,0,146,268.0,268.0,0.0,-268000.0,0.0
2019-03-30,0,0,152,0.0,0.0,0.0,0.0,0.0
2019-03-30,0,0,153,0.0,0.0,0.0,0.0,0.0
2019-03-30,0,0,154,0.0,0.0,0.0,0.0,0.0
2019-03-30,0,0,157,167.83,167.83,0.0,-94713.807234,0.0
2019-03-30,0,0,158,0.0,0.0,0.0,-0.0,0.0
2019-03-30,0,0,159,0.0,0.0,0.0,0.0,0.0
2019-03-30,0,0,160,0.0,0.0,0.0,0.0,0.0
2019-03-30,0,0,161,0.0,0.0,0.0,-0.0,0.0
2019-03-30,0,0,162,48.75,48.75,0.0,1132.280681,0.0
2019-03-30,0,0,163,177.93,177.93,0.0,-177930.0,0.0
2019-03-30,0,0,164,0.0,0.0,0.0,0.0,0.0
2019-03-30,0,0,167,0.0,0.0,0.0,0.0,0.0
2019-03-30,0,0,168,0.0,0.0,0.0,0.0,0.0
2019-03-30,0,0,169,0.0,0.0,0.0,0.0,0.0
2019-03-30,0,0,170,0.0,0.0,0.0,0.0,0.0
2019-03-30,0,0,172,0.0,0.0,0.0,0.0,0.0
2019-03-30,0,0,173,0.0,0.0,0.0,0.0,0.0
2019-03-30,0,0,188,0.0,0.0,0.0,0.0,0.0
2019-03-30,0,0,190,0.0,0.0,0.0,0.0,0.0
2019-03-30,0,0,191,0.0,0.0,0.0,0.0,0.0
2019-03-30,0,0,192,159.73,159.73,0.0,5179.653698,0.0
2019-03-30,0,0,194,176.5,176.5,0.0,-25093.397378,0.0
2019-03-30,0,0,196,0.0,0.0,0.0,0.0,0.0
2019-03-30,0,0,198,0.0,0.0,0.0,0.0,0.0
2019-03-30,0,0,199,39.0,39.0,0.0,-1309.490636,0.0
2019-03-30,0,0,200,0.0,0.0,0.0,-0.0,0.0
2019-03-30,0,0,204,857.0,857.0,0.0,5909.244816,0.0
2019-03-30,0,0,205,1058.0,1058.0,0.0,7344.859427,0.0
2019-03-30,0,0,206,539.94,539.94,0.0,3171.787991,0.0
2019-03-30,0,0,210,0.0,0.0,0.0,0.0,0.0
2019-03-30,0,0,214,0.0,0.0,0.0,0.0,0.0
2019-03-30,0,0,217,0.0,0.0,0.0,0.0,0.0
2019-03-30,0,0,218,0.0,0.0,0.0,0.0,0.0
2019-03-30,0,0,219,0.0,0.0,0.0,0.0,0.0
2019-03-30,0,0,221,0.0,0.0,0.0,0.0,0.0
2019-03-30,0,0,225,0.0,0.0,0.0,0.0,0.0
2019-03-30,0,0,233,0.0,0.0,0.0,0.0,0.0
2019-03-30,0,0,236,159.03,159.03,0.0,1209.562412,0.0
2019-03-30,0,0,237,111.99,111.99,0.0,827.830195,0.0
2019-03-30,0,0,238,0.0,0.0,0.0,0.0,0.0
2019-03-30,0,0,240,0.0,0.0,0.0,0.0,0.0
2019-03-30,0,0,245,164.49,164.49,0.0,1174.987525,0.0
2019-03-30,0,0,247,171.72,171.72,0.0,1226.632973,0.0
2019-03-30,0,0,248,11.24,11.24,0.0,83.086092,0.0
2019-03-30,0,0,249,308.16,308.16,0.0,2201.253302,0.0
2019-03-30,0,0,251,326.4,326.4,0.0,1735.941558,0.0
2019-03-30,0,0,252,237.74,237.74,0.0,1002.269817,0.0
2019-03-30,0,0,254,0.0,0.0,0.0,0.0,0.0
2019-03-30,0,0,255,0.0,0.0,0.0,0.0,0.0
2019-03-30,0,0,258,0.0,0.0,0.0,0.0,0.0
2019-03-30,0,0,260,0.0,0.0,0.0,0.0,0.0
2019-03-30,0,0,265,0.0,0.0,0.0,0.0,0.0
2019-03-30,0,0,266,97.0,97.0,0.0,632.922709,0.0
2019-03-30,0,0,267,119.2,119.2,0.0,777.777184,0.0
2019-03-30,0,0,270,555.66,555.66,0.0,-555660.0,0.0
2019-03-30,0,0,272,501.3,501.3,0.0,-137783.557643,0.0
2019-03-30,0,0,273,0.0,0.0,0.0,-0.0,0.0
2019-03-30,0,0,274,716.32,716.32,0.0,-716320.0,0.0
2019-03-30,0,0,275,997.12,997.12,0.0,-997120.0,0.0
2019-03-30,0,0,276,0.0,0.0,0.0,-0.0,0.0
2019-03-30,0,0,277,0.0,0.0,0.0,-0.0,0.0
2019-03-30,0,0,278,0.0,0.0,0.0,-0.0,0.0
2019-03-30,0,0,279,264.6,264.6,0.0,-75771.428943,0.0
2019-03-30,0,0,281,6.54,6.54,0.0,38.500495,0.0
2019-03-30,0,0,282,0.0,0.0,0.0,0.0,0.0
2019-03-30,1,0,9,0.0,0.0,0.0,0.0,0.0
2019-03-30,1,0,17,0.0,0.0,0.0,0.0,0.0
2019-03-30,1,0,19,643.3,643.3,0.0,407.07579,0.0
2019-03-30,1,0,20,780.2,780.2,0.0,493.705163,0.0
2019-03-30,1,0,21,0.0,0.0,0.0,0.0,0.0
2019-03-30,1,0,22,0.0,0.0,0.0,0.0,0.0
2019-03-30,1,0,23,103.53,103.53,0.0,582.959726,0.0
2019-03-30,1,0,24,183.18,183.18,0.0,1031.455255,0.0
2019-03-30,1,0,29,0.0,0.0,0.0,0.0,0.0
2019-03-30,1,0,30,0.0,0.0,0.0,0.0,0.0
2019-03-30,1,0,31,35.08,35.08,0.0,196.964386,0.0
2019-03-30,1,0,32,0.0,0.0,0.0,0.0,0.0
2019-03-30,1,0,33,0.0,0.0,0.0,0.0,0.0
2019-03-30,1,0,34,0.0,0.0,0.0,0.0,0.0
2019-03-30,1,0,35,0.0,0.0,0.0,0.0,0.0
2019-03-30,1,0,36,0.0,0.0,0.0,0.0,0.0
2019-03-30,1,0,37,0.0,0.0,0.0,0.0,0.0
2019-03-30,1,0,38,0.0,0.0,0.0,0.0,0.0
2019-03-30,1,0,39,0.0,0.0,0.0,0.0,0.0
2019-03-30,1,0,40,0.0,0.0,0.0,0.0,0.0
2019-03-30,1,0,41,116.0,116.0,0.0,750.313704,0.0
2019-03-30,1,0,42,0.0,0.0,0.0,0.0,0.0
2019-03-30,1,0,43,0.0,0.0,0.0,0.0,0.0
2019-03-30,1,0,46,0.0,0.0,0.0,0.0,0.0
2019-03-30,1,0,52,37.35,37.35,0.0,209.709801,0.0
2019-03-30,1,0,53,61.06,61.06,0.0,342.834817,0.0
2019-03-30,1,0,55,287.16,287.16,0.0,1616.948853,0.0
2019-03-30,1,0,56,0.0,0.0,0.0,0.0,0.0
2019-03-30,1,0,57,0.0,0.0,0.0,0.0,0.0
2019-03-30,1,0,58,0.0,0.0,0.0,0.0,0.0
2019-03-30,1,0,59,0.0,0.0,0.0,0.0,0.0
2019-03-30,1,0,63,170.0,170.0,0.0,16034.629593,0.0
2019-03-30,1,0,64,200.0,200.0,0.0,18864.270109,0.0
2019-03-30,1,0,65,27.34,27.34,0.0,118.86141,0.0
2019-03-30,1,0,67,0.0,0.0,0.0,-0.0,0.0
2019-03-30,1,0,68,10.2,10.2,0.0,-4303.135243,0.0
2019-03-30,1,0,69,0.0,0.0,0.0,0.0,0.0
2019-03-30,1,0,74,30.43,30.43,0.0,232.181839,0.0
2019-03-30,1,0,77,200.0,200.0,0.0,-60657.743815,0.0
2019-03-30,1,0,78,151.2,151.2,0.0,-45857.254324,0.0
2019-03-30,1,0,79,87.5,87.5,0.0,-26537.762919,0.0
2019-03-30,1,0,80,141.5,141.5,0.0,-42915.353749,0.0
2019-03-30,1,0,81,185.0,185.0,0.0,-56108.413029,0.0
2019-03-30,1,0,82,130.5,130.5,0.0,-39579.177839,0.0
2019-03-30,1,0,83,291.0,291.0,0.0,-88257.017251,0.0
2019-03-30,1,0,84,0.0,0.0,0.0,-0.0,0.0
2019-03-30,1,0,86,0.0,0.0,0.0,0.0,0.0
2019-03-30,1,0,87,0.0,0.0,0.0,0.0,0.0
2019-03-30,1,0,88,170.6,170.6,0.0,-51741.055474,0.0
2019-03-30,1,0,89,164.0,164.0,0.0,-49739.349928,0.0
2019-03-30,1,0,90,220.2,220.2,0.0,-66784.17594,0.0
2019-03-30,1,0,91,785.5,785.5,0.0,-238233.288834,0.0
2019-03-30,1,0,92,282.5,282.5,0.0,-85679.063139,0.0
2019-03-30,1,0,95,88.63,88.63,0.0,1987.947556,0.0
2019-03-30,1,0,96,29.88,29.88,0.0,167.264804,0.0
2019-03-30,1,0,97,183.75,183.75,0.0,1028.611367,0.0
2019-03-30,1,0,99,5.87,5.87,0.0,44.788281,0.0
2019-03-30,1,0,101,0.0,0.0,0.0,0.0,0.0
2019-03-30,1,0,102,24.15,24.15,0.0,-10188.305502,0.0
2019-03-30,1,0,103,21.0,21.0,0.0,-8859.396089,0.0
2019-03-30,1,0,104,3.9,3.9,0.0,-1645.316417,0.0
2019-03-30,1,0,106,0.0,0.0,0.0,0.0,0.0
2019-03-30,1,0,109,200.0,200.0,0.0,1405.05879,0.0
2019-03-30,1,0,110,338.6,338.6,0.0,-338600.0,0.0
2019-03-30,1,0,111,0.0,0.0,0.0,0.0,0.0
2019-03-30,1,0,113,84.36,84.36,0.0,-23169.989948,0.0
2019-03-30,1,0,115,84.36,84.36,0.0,-23169.989948,0.0
2019-03-30,1,0,116,0.0,0.0,0.0,-0.0,0.0
2019-03-30,1,0,117,5.76,5.76,0.0,-1582.019228,0.0
2019-03-30,1,0,119,200.0,200.0,0.0,18864.270109,0.0
2019-03-30,1,0,120,117.6,117.6,0.0,11092.190824,0.0
2019-03-30,1,0,123,0.0,0.0,0.0,0.0,0.0
2019-03-30,1,0,125,165.76,165.76,0.0,933.366214,0.0
2019-03-30,1,0,126,0.0,0.0,0.0,0.0,0.0
2019-03-30,1,0,127,0.0,0.0,0.0,0.0,0.0
2019-03-30,1,0,128,237.41,237.41,0.0,1336.815111,0.0
2019-03-30,1,0,131,30.0,30.0,0.0,-11516.05098,0.0
2019-03-30,1,0,132,44.1,44.1,0.0,-16928.594941,0.0
2019-03-30,1,0,133,139.8,139.8,0.0,1213.364603,0.0
2019-03-30,1,0,134,0.0,0.0,0.0,0.0,0.0
2019-03-30,1,0,135,187.32,187.32,0.0,1625.804416,0.0
2019-03-30,1,0,136,29.53,29.53,0.0,134.404592,0.0
2019-03-30,1,0,139,149.8,149.8,0.0,968.939594,0.0
2019-03-30,1,0,140,250.6,250.6,0.0,-250600.0,0.0
2019-03-30,1,0,141,149.79,149.79,0.0,-84509.993932,0.0
2019-03-30,1,0,142,0.0,0.0,0.0,-0.0,0.0
2019-03-30,1,0,143,97.12,97.12,0.0,545.301629,0.0
2019-03-30,1,0,145,30.0,30.0,0.0,184.147296,0.0
2019-03-30,1,0,146,268.0,268.0,0.0,-268000.0,0.0
2019-03-30,1,0,152,0.0,0.0,0.0,0.0,0.0
2019-03-30,1,0,153,0.0,0.0,0.0,0.0,0.0
2019-03-30,1,0,154,0.0,0.0,0.0,0.0,0.0
2019-03-30,1,0,157,250.0,250.0,0.0,-141047.456326,0.0
2019-03-30,1,0,158,0.0,0.0,0.0,-0.0,0.0
2019-03-30,1,0,159,0.0,0.0,0.0,0.0,0.0
2019-03-30,1,0,160,0.0,0.0,0.0,0.0,0.0
2019-03-30,1,0,161,0.0,0.0,0.0,-0.0,0.0
2019-03-30,1,0,162,48.75,48.75,0.0,1132.338673,0.0
2019-03-30,1,0,163,185.4,185.4,0.0,-185400.0,0.0
2019-03-30,1,0,164,0.0,0.0,0.0,0.0,0.0
2019-03-30,1,0,167,0.0,0.0,0.0,0.0,0.0
2019-03-30,1,0,168,0.0,0.0,0.0,0.0,0.0
2019-03-30,1,0,169,0.0,0.0,0.0,0.0,0.0
2019-03-30,1,0,170,0.0,0.0,0.0,0.0,0.0
2019-03-30,1,0,172,0.0,0.0,0.0,0.0,0.0
2019-03-30,1,0,173,0.0,0.0,0.0,0.0,0.0
2019-03-30,1,0,188,0.0,0.0,0.0,0.0,0.0
2019-03-30,1,0,190,0.0,0.0,0.0,0.0,0.0
2019-03-30,1,0,191,0.0,0.0,0.0,0.0,0.0
2019-03-30,1,0,192,158.38,158.38,0.0,5135.876496,0.0
2019-03-30,1,0,194,176.5,176.5,0.0,-25064.617558,0.0
2019-03-30,1,0,196,0.0,0.0,0.0,0.0,0.0
2019-03-30,1,0,198,0.0,0.0,0.0,0.0,0.0
2019-03-30,1,0,199,95.96,95.96,0.0,-3150.423199,0.0
2019-03-30,1,0,200,0.0,0.0,0.0,-0.0,0.0
2019-03-30,1,0,204,857.0,857.0,0.0,5966.757165,0.0
2019-03-30,1,0,205,1058.0,1058.0,0.0,7432.760999,0.0
2019-03-30,1,0,206,539.94,539.94,0.0,3022.522023,0.0
2019-03-30,1,0,210,0.0,0.0,0.0,0.0,0.0
2019-03-30,1,0,214,0.0,0.0,0.0,0.0,0.0
2019-03-30,1,0,217,0.0,0.0,0.0,0.0,0.0
2019-03-30,1,0,218,0.0,0.0,0.0,0.0,0.0
2019-03-30,1,0,219,0.0,0.0,0.0,0.0,0.0
2019-03-30,1,0,221,0.0,0.0,0.0,0.0,0.0
2019-03-30,1,0,225,0.0,0.0,0.0,0.0,0.0
2019-03-30,1,0,233,0.0,0.0,0.0,0.0,0.0
2019-03-30,1,0,236,156.14,156.14,0.0,1235.924482,0.0
2019-03-30,1,0,237,73.01,73.01,0.0,557.068552,0.0
2019-03-30,1,0,238,0.0,0.0,0.0,0.0,0.0
2019-03-30,1,0,240,0.0,0.0,0.0,0.0,0.0
2019-03-30,1,0,245,78.0,78.0,0.0,583.864862,0.0
2019-03-30,1,0,247,144.92,144.92,0.0,1084.790971,0.0
2019-03-30,1,0,248,7.33,7.33,0.0,55.928126,0.0
2019-03-30,1,0,249,150.01,150.01,0.0,1122.891896,0.0
2019-03-30,1,0,251,308.84,308.84,0.0,1703.880344,0.0
2019-03-30,1,0,252,176.39,176.39,0.0,766.860429,0.0
2019-03-30,1,0,254,0.0,0.0,0.0,0.0,0.0
2019-03-30,1,0,255,0.0,0.0,0.0,0.0,0.0
2019-03-30,1,0,258,0.0,0.0,0.0,0.0,0.0
2019-03-30,1,0,260,0.0,0.0,0.0,0.0,0.0
2019-03-30,1,0,265,0.0,0.0,0.0,0.0,0.0
2019-03-30,1,0,266,97.0,97.0,0.0,627.417494,0.0
2019-03-30,1,0,267,119.2,119.2,0.0,771.012013,0.0
2019-03-30,1,0,270,579.0,579.0,0.0,-579000.0,0.0
2019-03-30,1,0,272,281.35,281.35,0.0,-77274.498243,0.0
2019-03-30,1,0,273,0.0,0.0,0.0,-0.0,0.0
2019-03-30,1,0,274,746.4,746.4,0.0,-746400.0,0.0
2019-03-30,1,0,275,1039.0,1039.0,0.0,-1039000.0,0.0
2019-03-30,1,0,276,0.0,0.0,0.0,-0.0,0.0
2019-03-30,1,0,277,0.0,0.0,0.0,-0.0,0.0
2019-03-30,1,0,278,0.0,0.0,0.0,-0.0,0.0
2019-03-30,1,0,279,264.6,264.6,0.0,-75711.423837,0.0
2019-03-30,1,0,281,14.48,14.48,0.0,81.301149,0.0
2019-03-30,1,0,282,0.0,0.0,0.0,0.0,0.0
2019-03-30,2,0,9,0.0,0.0,0.0,0.0,0.0
2019-03-30,2,0,17,0.0,0.0,0.0,0.0,0.0
2019-03-30,2,0,19,571.54,571.54,0.0,3461.083259,0.0
2019-03-30,2,0,20,693.17,693.17,0.0,4197.639855,0.0
2019-03-30,2,0,21,0.0,0.0,0.0,0.0,0.0
2019-03-30,2,0,22,0.0,0.0,0.0,0.0,0.0
2019-03-30,2,0,23,85.75,85.75,0.0,952.520316,0.0
2019-03-30,2,0,24,151.72,151.72,0.0,1685.322243,0.0
2019-03-30,2,0,29,0.0,0.0,0.0,0.0,0.0
2019-03-30,2,0,30,0.0,0.0,0.0,0.0,0.0
2019-03-30,2,0,31,15.46,15.46,0.0,172.226692,0.0
2019-03-30,2,0,32,0.0,0.0,0.0,0.0,0.0
2019-03-30,2,0,33,0.0,0.0,0.0,0.0,0.0
2019-03-30,2,0,34,0.0,0.0,0.0,0.0,0.0
2019-03-30,2,0,35,0.0,0.0,0.0,0.0,0.0
2019-03-30,2,0,36,0.0,0.0,0.0,0.0,0.0
2019-03-30,2,0,37,0.0,0.0,0.0,0.0,0.0
2019-03-30,2,0,38,0.0,0.0,0.0,0.0,0.0
2019-03-30,2,0,39,0.0,0.0,0.0,0.0,0.0
2019-03-30,2,0,40,0.0,0.0,0.0,0.0,0.0
2019-03-30,2,0,41,116.0,116.0,0.0,1094.955117,0.0
2019-03-30,2,0,42,0.0,0.0,0.0,0.0,0.0
2019-03-30,2,0,43,0.0,0.0,0.0,0.0,0.0
2019-03-30,2,0,46,0.0,0.0,0.0,0.0,0.0
2019-03-30,2,0,52,16.39,16.39,0.0,182.587029,0.0
2019-03-30,2,0,53,26.03,26.03,0.0,289.978058,0.0
2019-03-30,2,0,55,315.0,315.0,0.0,3499.054223,0.0
2019-03-30,2,0,56,0.0,0.0,0.0,0.0,0.0
2019-03-30,2,0,57,0.0,0.0,0.0,0.0,0.0
2019-03-30,2,0,58,0.0,0.0,0.0,0.0,0.0
2019-03-30,2,0,59,0.0,0.0,0.0,0.0,0.0
2019-03-30,2,0,63,170.0,170.0,0.0,15395.750388,0.0
2019-03-30,2,0,64,200.0,200.0,0.0,18112.647515,0.0
2019-03-30,2,0,65,21.52,21.52,0.0,131.089599,0.0
2019-03-30,2,0,67,0.0,0.0,0.0,-0.0,0.0
2019-03-30,2,0,68,7.83,7.83,0.0,-3332.695451,0.0
2019-03-30,2,0,69,0.0,0.0,0.0,0.0,0.0
2019-03-30,2,0,74,20.16,20.16,0.0,143.3016,0.0
2019-03-30,2,0,77,200.0,200.0,0.0,-61624.936218,0.0
2019-03-30,2,0,78,151.2,151.2,0.0,-46588.451781,0.0
2019-03-30,2,0,79,87.5,87.5,0.0,-26960.909595,0.0
2019-03-30,2,0,80,141.5,141.5,0.0,-43599.642374,0.0
2019-03-30,2,0,81,185.0,185.0,0.0,-57003.066002,0.0
2019-03-30,2,0,82,130.5,130.5,0.0,-40210.270882,0.0
2019-03-30,2,0,83,291.0,291.0,0.0,-89664.282198,0.0
2019-03-30,2,0,84,0.0,0.0,0.0,-0.0,0.0
2019-03-30,2,0,86,0.0,0.0,0.0,0.0,0.0
2019-03-30,2,0,87,0.0,0.0,0.0,0.0,0.0
2019-03-30,2,0,88,170.6,170.6,0.0,-52566.070594,0.0
2019-03-30,2,0,89,164.0,164.0,0.0,-50532.447699,0.0
2019-03-30,2,0,90,220.2,220.2,0.0,-67849.054776,0.0
2019-03-30,2,0,91,785.5,785.5,0.0,-242031.936997,0.0
2019-03-30,2,0,92,282.5,282.5,0.0,-87045.222408,0.0
2019-03-30,2,0,95,36.0,36.0,0.0,700.048073,0.0
2019-03-30,2,0,96,29.88,29.88,0.0,333.868147,0.0
2019-03-30,2,0,97,183.75,183.75,0.0,2053.155018,0.0
2019-03-30,2,0,99,3.89,3.89,0.0,27.650954,0.0
2019-03-30,2,0,101,0.0,0.0,0.0,0.0,0.0
2019-03-30,2,0,102,18.53,18.53,0.0,-7886.953602,0.0
2019-03-30,2,0,103,16.11,16.11,0.0,-6856.925123,0.0
2019-03-30,2,0,104,2.99,2.99,0.0,-1272.638493,0.0
2019-03-30,2,0,106,0.0,0.0,0.0,0.0,0.0
2019-03-30,2,0,109,195.26,195.26,0.0,1627.948307,0.0
2019-03-30,2,0,110,338.6,338.6,0.0,-338600.0,0.0
2019-03-30,2,0,111,0.0,0.0,0.0,0.0,0.0
2019-03-30,2,0,113,92.76,92.76,0.0,-25848.499691,0.0
2019-03-30,2,0,115,92.76,92.76,0.0,-25848.499691,0.0
2019-03-30,2,0,116,0.0,0.0,0.0,-0.0,0.0
2019-03-30,2,0,117,4.96,4.96,0.0,-1382.153498,0.0
2019-03-30,2,0,119,200.0,200.0,0.0,18112.647515,0.0
2019-03-30,2,0,120,117.6,117.6,0.0,10650.236739,0.0
2019-03-30,2,0,123,0.0,0.0,0.0,0.0,0.0
2019-03-30,2,0,125,137.3,137.3,0.0,1525.143317,0.0
2019-03-30,2,0,126,0.0,0.0,0.0,0.0,0.0
2019-03-30,2,0,127,0.0,0.0,0.0,0.0,0.0
2019-03-30,2,0,128,196.65,196.65,0.0,2184.409565,0.0
2019-03-30,2,0,131,26.21,26.21,0.0,-10166.095482,0.0
2019-03-30,2,0,132,38.53,38.53,0.0,-14944.66459,0.0
2019-03-30,2,0,133,119.36,119.36,0.0,722.407429,0.0
2019-03-30,2,0,134,0.0,0.0,0.0,0.0,0.0
2019-03-30,2,0,135,159.94,159.94,0.0,968.011429,0.0
2019-03-30,2,0,136,24.29,24.29,0.0,148.010871,0.0
2019-03-30,2,0,139,149.8,149.8,0.0,1414.002384,0.0
2019-03-30,2,0,140,250.6,250.6,0.0,-250600.0,0.0
2019-03-30,2,0,141,59.75,59.75,0.0,-33879.500418,0.0
2019-03-30,2,0,142,0.0,0.0,0.0,-0.0,0.0
2019-03-30,2,0,143,47.93,47.93,0.0,533.947305,0.0
2019-03-30,2,0,145,30.0,30.0,0.0,302.993632,0.0
2019-03-30,2,0,146,268.0,268.0,0.0,-268000.0,0.0
2019-03-30,2,0,152,0.0,0.0,0.0,0.0,0.0
2019-03-30,2,0,153,0.0,0.0,0.0,0.0,0.0
2019-03-30,2,0,154,0.0,0.0,0.0,0.0,0.0
2019-03-30,2,0,157,250.0,250.0,0.0,-141755.231873,0.0
2019-03-30,2,0,158,0.0,0.0,0.0,-0.0,0.0
2019-03-30,2,0,159,0.0,0.0,0.0,0.0,0.0
2019-03-30,2,0,160,0.0,0.0,0.0,0.0,0.0
2019-03-30,2,0,161,0.0,0.0,0.0,-0.0,0.0
2019-03-30,2,0,162,48.75,48.75,0.0,986.327903,0.0
2019-03-30,2,0,163,69.83,69.83,0.0,-69830.0,0.0
2019-03-30,2,0,164,0.0,0.0,0.0,0.0,0.0
2019-03-30,2,0,167,0.0,0.0,0.0,0.0,0.0
2019-03-30,2,0,168,0.0,0.0,0.0,0.0,0.0
2019-03-30,2,0,169,0.0,0.0,0.0,0.0,0.0
2019-03-30,2,0,170,0.0,0.0,0.0,0.0,0.0
2019-03-30,2,0,172,0.0,0.0,0.0,0.0,0.0
2019-03-30,2,0,173,0.0,0.0,0.0,0.0,0.0
2019-03-30,2,0,188,0.0,0.0,0.0,0.0,0.0
2019-03-30,2,0,190,0.0,0.0,0.0,0.0,0.0
2019-03-30,2,0,191,0.0,0.0,0.0,0.0,0.0
2019-03-30,2,0,192,0.0,0.0,0.0,0.0,0.0
2019-03-30,2,0,194,176.5,176.5,0.0,-25755.732174,0.0
2019-03-30,2,0,196,0.0,0.0,0.0,0.0,0.0
2019-03-30,2,0,198,0.0,0.0,0.0,0.0,0.0
2019-03-30,2,0,199,39.0,39.0,0.0,-1583.665218,0.0
2019-03-30,2,0,200,0.0,0.0,0.0,-0.0,0.0
2019-03-30,2,0,204,857.0,857.0,0.0,7253.371725,0.0
2019-03-30,2,0,205,958.56,958.56,0.0,7991.83719,0.0
2019-03-30,2,0,206,539.94,539.94,0.0,6033.091267,0.0
2019-03-30,2,0,210,0.0,0.0,0.0,0.0,0.0
2019-03-30,2,0,214,0.0,0.0,0.0,0.0,0.0
2019-03-30,2,0,217,0.0,0.0,0.0,0.0,0.0
2019-03-30,2,0,218,0.0,0.0,0.0,0.0,0.0
2019-03-30,2,0,219,0.0,0.0,0.0,0.0,0.0
2019-03-30,2,0,221,0.0,0.0,0.0,0.0,0.0
2019-03-30,2,0,225,0.0,0.0,0.0,0.0,0.0
2019-03-30,2,0,233,0.0,0.0,0.0,0.0,0.0
2019-03-30,2,0,236,100.58,100.58,0.0,658.22738,0.0
2019-03-30,2,0,237,48.36,48.36,0.0,343.753244,0.0
2019-03-30,2,0,238,0.0,0.0,0.0,0.0,0.0
2019-03-30,2,0,240,0.0,0.0,0.0,0.0,0.0
2019-03-30,2,0,245,65.66,65.66,0.0,388.97205,0.0
2019-03-30,2,0,247,92.64,92.64,0.0,548.802478,0.0
2019-03-30,2,0,248,4.85,4.85,0.0,34.474839,0.0
2019-03-30,2,0,249,126.26,126.26,0.0,747.96849,0.0
2019-03-30,2,0,251,229.03,229.03,0.0,1408.607096,0.0
2019-03-30,2,0,252,138.81,138.81,0.0,845.564461,0.0
2019-03-30,2,0,254,0.0,0.0,0.0,0.0,0.0
2019-03-30,2,0,255,0.0,0.0,0.0,0.0,0.0
2019-03-30,2,0,258,0.0,0.0,0.0,0.0,0.0
2019-03-30,2,0,260,0.0,0.0,0.0,0.0,0.0
2019-03-30,2,0,265,0.0,0.0,0.0,0.0,0.0
2019-03-30,2,0,266,97.0,97.0,0.0,915.609021,0.0
2019-03-30,2,0,267,119.2,119.2,0.0,1125.160776,0.0
2019-03-30,2,0,270,218.07,218.07,0.0,-218070.0,0.0
2019-03-30,2,0,272,400.13,400.13,0.0,-111500.217564,0.0
2019-03-30,2,0,273,0.0,0.0,0.0,-0.0,0.0
2019-03-30,2,0,274,281.12,281.12,0.0,-281120.0,0.0
2019-03-30,2,0,275,391.32,391.32,0.0,-391320.0,0.0
2019-03-30,2,0,276,0.0,0.0,0.0,-0.0,0.0
2019-03-30,2,0,277,0.0,0.0,0.0,-0.0,0.0
2019-03-30,2,0,278,0.0,0.0,0.0,-0.0,0.0
2019-03-30,2,0,279,264.6,264.6,0.0,-76859.117118,0.0
2019-03-30,2,0,281,6.94,6.94,0.0,77.312629,0.0
2019-03-30,2,0,282,0.0,0.0,0.0,0.0,0.0
2019-03-30,3,0,9,0.0,0.0,0.0,0.0,0.0
2019-03-30,3,0,17,0.0,0.0,0.0,0.0,0.0
2019-03-30,3,0,19,414.93,414.93,0.0,3709.186585,0.0
2019-03-30,3,0,20,503.24,503.24,0.0,4498.616772,0.0
2019-03-30,3,0,21,0.0,0.0,0.0,0.0,0.0
2019-03-30,3,0,22,0.0,0.0,0.0,0.0,0.0
2019-03-30,3,0,23,75.16,75.16,0.0,671.878302,0.0
2019-03-30,3,0,24,132.98,132.98,0.0,1188.749023,0.0
2019-03-30,3,0,29,0.0,0.0,0.0,0.0,0.0
2019-03-30,3,0,30,0.0,0.0,0.0,0.0,0.0
2019-03-30,3,0,31,15.39,15.39,0.0,137.575932,0.0
2019-03-30,3,0,32,0.0,0.0,0.0,0.0,0.0
2019-03-30,3,0,33,0.0,0.0,0.0,0.0,0.0
2019-03-30,3,0,34,0.0,0.0,0.0,0.0,0.0
2019-03-30,3,0,35,0.0,0.0,0.0,0.0,0.0
2019-03-30,3,0,36,0.0,0.0,0.0,0.0,0.0
2019-03-30,3,0,37,0.0,0.0,0.0,0.0,0.0
2019-03-30,3,0,38,0.0,0.0,0.0,0.0,0.0
2019-03-30,3,0,39,0.0,0.0,0.0,0.0,0.0
2019-03-30,3,0,40,0.0,0.0,0.0,0.0,0.0
2019-03-30,3,0,41,116.0,116.0,0.0,1036.959593,0.0
2019-03-30,3,0,42,0.0,0.0,0.0,0.0,0.0
2019-03-30,3,0,43,0.0,0.0,0.0,0.0,0.0
2019-03-30,3,0,46,0.0,0.0,0.0,0.0,0.0
2019-03-30,3,0,52,16.32,16.32,0.0,145.889488,0.0
2019-03-30,3,0,53,25.92,25.92,0.0,231.706833,0.0
2019-03-30,3,0,55,299.99,299.99,0.0,2681.702657,0.0
2019-03-30,3,0,56,0.0,0.0,0.0,0.0,0.0
2019-03-30,3,0,57,0.0,0.0,0.0,0.0,0.0
2019-03-30,3,0,58,0.0,0.0,0.0,0.0,0.0
2019-03-30,3,0,59,0.0,0.0,0.0,0.0,0.0
2019-03-30,3,0,63,170.0,170.0,0.0,1519.682162,0.0
2019-03-30,3,0,64,200.0,200.0,0.0,1787.861367,0.0
2019-03-30,3,0,65,16.58,16.58,0.0,148.213707,0.0
2019-03-30,3,0,67,0.0,0.0,0.0,0.0,0.0
2019-03-30,3,0,68,6.08,6.08,0.0,54.350986,0.0
2019-03-30,3,0,69,0.0,0.0,0.0,0.0,0.0
2019-03-30,3,0,74,12.56,12.56,0.0,112.277694,0.0
2019-03-30,3,0,77,200.0,200.0,0.0,1787.861367,0.0
2019-03-30,3,0,78,151.2,151.2,0.0,1351.623193,0.0
2019-03-30,3,0,79,87.5,87.5,0.0,782.189348,0.0
2019-03-30,3,0,80,141.5,141.5,0.0,1264.911917,0.0
2019-03-30,3,0,81,185.0,185.0,0.0,1653.771765,0.0
2019-03-30,3,0,82,130.5,130.5,0.0,1166.579542,0.0
2019-03-30,3,0,83,291.0,291.0,0.0,2601.338289,0.0
2019-03-30,3,0,84,0.0,0.0,0.0,0.0,0.0
2019-03-30,3,0,86,0.0,0.0,0.0,0.0,0.0
2019-03-30,3,0,87,0.0,0.0,0.0,0.0,0.0
2019-03-30,3,0,88,170.6,170.6,0.0,1525.045746,0.0
2019-03-30,3,0,89,164.0,164.0,0.0,1466.046321,0.0
2019-03-30,3,0,90,220.2,220.2,0.0,1968.435365,0.0
2019-03-30,3,0,91,785.5,785.5,0.0,7021.825519,0.0
2019-03-30,3,0,92,282.5,282.5,0.0,2525.354181,0.0
2019-03-30,3,0,95,36.0,36.0,0.0,321.815046,0.0
2019-03-30,3,0,96,29.88,29.88,0.0,267.106488,0.0
2019-03-30,3,0,97,183.75,183.75,0.0,1642.597631,0.0
2019-03-30,3,0,99,2.42,2.42,0.0,21.633123,0.0
2019-03-30,3,0,101,0.0,0.0,0.0,0.0,0.0
2019-03-30,3,0,102,14.4,14.4,0.0,128.726018,0.0
2019-03-30,3,0,103,12.52,12.52,0.0,111.920122,0.0
2019-03-30,3,0,104,2.33,2.33,0.0,20.828585,0.0
2019-03-30,3,0,106,0.0,0.0,0.0,0.0,0.0
2019-03-30,3,0,109,200.0,200.0,0.0,1787.861367,0.0
2019-03-30,3,0,110,338.6,338.6,0.0,3026.849294,0.0
2019-03-30,3,0,111,0.0,0.0,0.0,0.0,0.0
2019-03-30,3,0,113,78.82,78.82,0.0,704.596165,0.0
2019-03-30,3,0,115,78.82,78.82,0.0,704.596165,0.0
2019-03-30,3,0,116,0.0,0.0,0.0,0.0,0.0
2019-03-30,3,0,117,4.05,4.05,0.0,36.204193,0.0
2019-03-30,3,0,119,200.0,200.0,0.0,1787.861367,0.0
2019-03-30,3,0,120,117.6,117.6,0.0,1051.262484,0.0
2019-03-30,3,0,123,0.0,0.0,0.0,0.0,0.0
2019-03-30,3,0,125,120.34,120.34,0.0,1075.756185,0.0
2019-03-30,3,0,126,0.0,0.0,0.0,0.0,0.0
2019-03-30,3,0,127,0.0,0.0,0.0,0.0,0.0
2019-03-30,3,0,128,172.36,172.36,0.0,1540.778926,0.0
2019-03-30,3,0,131,20.44,20.44,0.0,182.719432,0.0
2019-03-30,3,0,132,30.04,30.04,0.0,268.536777,0.0
2019-03-30,3,0,133,47.57,47.57,0.0,425.242826,0.0
2019-03-30,3,0,134,0.0,0.0,0.0,0.0,0.0
2019-03-30,3,0,135,63.66,63.66,0.0,569.076273,0.0
2019-03-30,3,0,136,19.71,19.71,0.0,176.193738,0.0
2019-03-30,3,0,139,149.8,149.8,0.0,1339.108164,0.0
2019-03-30,3,0,140,250.6,250.6,0.0,2240.190293,0.0
2019-03-30,3,0,141,59.87,59.87,0.0,535.1963,0.0
2019-03-30,3,0,142,0.0,0.0,0.0,0.0,0.0
2019-03-30,3,0,143,22.48,22.48,0.0,200.955618,0.0
2019-03-30,3,0,145,30.0,30.0,0.0,268.179205,0.0
2019-03-30,3,0,146,268.0,268.0,0.0,2395.734232,0.0
2019-03-30,3,0,152,0.0,0.0,0.0,0.0,0.0
2019-03-30,3,0,153,0.0,0.0,0.0,0.0,0.0
2019-03-30,3,0,154,0.0,0.0,0.0,0.0,0.0
2019-03-30,3,0,157,250.0,250.0,0.0,2234.826709,0.0
2019-03-30,3,0,158,0.0,0.0,0.0,0.0,0.0
2019-03-30,3,0,159,0.0,0.0,0.0,0.0,0.0
2019-03-30,3,0,160,0.0,0.0,0.0,0.0,0.0
2019-03-30,3,0,161,0.0,0.0,0.0,0.0,0.0
2019-03-30,3,0,162,48.75,48.75,0.0,435.791208,0.0
2019-03-30,3,0,163,27.11,27.11,0.0,242.344608,0.0
2019-03-30,3,0,164,0.0,0.0,0.0,0.0,0.0
2019-03-30,3,0,167,0.0,0.0,0.0,0.0,0.0
2019-03-30,3,0,168,0.0,0.0,0.0,0.0,0.0
2019-03-30,3,0,169,0.0,0.0,0.0,0.0,0.0
2019-03-30,3,0,170,0.0,0.0,0.0,0.0,0.0
2019-03-30,3,0,172,0.0,0.0,0.0,0.0,0.0
2019-03-30,3,0,173,0.0,0.0,0.0,0.0,0.0
2019-03-30,3,0,188,0.0,0.0,0.0,0.0,0.0
2019-03-30,3,0,190,0.0,0.0,0.0,0.0,0.0
2019-03-30,3,0,191,0.0,0.0,0.0,0.0,0.0
2019-03-30,3,0,192,21.35,21.35,0.0,190.854201,0.0
2019-03-30,3,0,194,176.5,176.5,0.0,1577.787656,0.0
2019-03-30,3,0,196,0.0,0.0,0.0,0.0,0.0
2019-03-30,3,0,198,0.0,0.0,0.0,0.0,0.0
2019-03-30,3,0,199,39.0,39.0,0.0,348.632967,0.0
2019-03-30,3,0,200,0.0,0.0,0.0,0.0,0.0
2019-03-30,3,0,204,857.0,857.0,0.0,7660.985958,0.0
2019-03-30,3,0,205,1058.0,1058.0,0.0,9457.786632,0.0
2019-03-30,3,0,206,539.94,539.94,0.0,4826.689333,0.0
2019-03-30,3,0,210,0.0,0.0,0.0,0.0,0.0
2019-03-30,3,0,214,0.0,0.0,0.0,0.0,0.0
2019-03-30,3,0,217,0.0,0.0,0.0,0.0,0.0
2019-03-30,3,0,218,0.0,0.0,0.0,0.0,0.0
2019-03-30,3,0,219,0.0,0.0,0.0,0.0,0.0
2019-03-30,3,0,221,0.0,0.0,0.0,0.0,0.0
2019-03-30,3,0,225,0.0,0.0,0.0,0.0,0.0
2019-03-30,3,0,233,0.0,0.0,0.0,0.0,0.0
2019-03-30,3,0,236,60.28,60.28,0.0,538.861416,0.0
2019-03-30,3,0,237,30.14,30.14,0.0,269.430708,0.0
2019-03-30,3,0,238,0.0,0.0,0.0,0.0,0.0
2019-03-30,3,0,240,0.0,0.0,0.0,0.0,0.0
2019-03-30,3,0,245,42.62,42.62,0.0,380.993257,0.0
2019-03-30,3,0,247,55.22,55.22,0.0,493.628523,0.0
2019-03-30,3,0,248,3.03,3.03,0.0,27.0861,0.0
2019-03-30,3,0,249,81.97,81.97,0.0,732.754981,0.0
2019-03-30,3,0,251,164.43,164.43,0.0,1469.890223,0.0
2019-03-30,3,0,252,106.96,106.96,0.0,956.148259,0.0
2019-03-30,3,0,254,0.0,0.0,0.0,0.0,0.0
2019-03-30,3,0,255,0.0,0.0,0.0,0.0,0.0
2019-03-30,3,0,258,0.0,0.0,0.0,0.0,0.0
2019-03-30,3,0,260,0.0,0.0,0.0,0.0,0.0
2019-03-30,3,0,265,0.0,0.0,0.0,0.0,0.0
2019-03-30,3,0,266,97.0,97.0,0.0,867.112763,0.0
2019-03-30,3,0,267,119.2,119.2,0.0,1065.565375,0.0
2019-03-30,3,0,270,84.68,84.68,0.0,756.980503,0.0
2019-03-30,3,0,272,321.97,321.97,0.0,2878.188622,0.0
2019-03-30,3,0,273,0.0,0.0,0.0,0.0,0.0
2019-03-30,3,0,274,109.16,109.16,0.0,975.814734,0.0
2019-03-30,3,0,275,151.95,151.95,0.0,1358.327674,0.0
2019-03-30,3,0,276,0.0,0.0,0.0,0.0,0.0
2019-03-30,3,0,277,0.0,0.0,0.0,0.0,0.0
2019-03-30,3,0,278,0.0,0.0,0.0,0.0,0.0
2019-03-30,3,0,279,264.6,264.6,0.0,2365.340589,0.0
2019-03-30,3,0,281,6.91,6.91,0.0,61.77061,0.0
2019-03-30,3,0,282,0.0,0.0,0.0,0.0,0.0
2019-03-30,4,0,9,0.0,0.0,0.0,0.0,0.0
2019-03-30,4,0,17,0.0,0.0,0.0,0.0,0.0
2019-03-30,4,0,19,296.98,296.98,0.0,2187.635612,0.0
2019-03-30,4,0,20,360.18,360.18,0.0,2653.184035,0.0
2019-03-30,4,0,21,0.0,0.0,0.0,0.0,0.0
2019-03-30,4,0,22,0.0,0.0,0.0,0.0,0.0
2019-03-30,4,0,23,63.72,63.72,0.0,408.961318,0.0
2019-03-30,4,0,24,105.3,105.3,0.0,675.825907,0.0
2019-03-30,4,0,29,0.0,0.0,0.0,0.0,0.0
2019-03-30,4,0,30,0.0,0.0,0.0,0.0,0.0
2019-03-30,4,0,31,15.54,15.54,0.0,99.643832,0.0
2019-03-30,4,0,32,0.0,0.0,0.0,0.0,0.0
2019-03-30,4,0,33,0.0,0.0,0.0,0.0,0.0
2019-03-30,4,0,34,0.0,0.0,0.0,0.0,0.0
2019-03-30,4,0,35,0.0,0.0,0.0,0.0,0.0
2019-03-30,4,0,36,0.0,0.0,0.0,0.0,0.0
2019-03-30,4,0,37,0.0,0.0,0.0,0.0,0.0
2019-03-30,4,0,38,0.0,0.0,0.0,0.0,0.0
2019-03-30,4,0,39,0.0,0.0,0.0,0.0,0.0
2019-03-30,4,0,40,0.0,0.0,0.0,0.0,0.0
2019-03-30,4,0,41,106.53,106.53,0.0,717.084084,0.0
2019-03-30,4,0,42,0.0,0.0,0.0,0.0,0.0
2019-03-30,4,0,43,0.0,0.0,0.0,0.0,0.0
2019-03-30,4,0,46,0.0,0.0,0.0,0.0,0.0
2019-03-30,4,0,52,16.47,16.47,0.0,105.607072,0.0
2019-03-30,4,0,53,26.16,26.16,0.0,167.740195,0.0
2019-03-30,4,0,55,293.8,293.8,0.0,1885.637716,0.0
2019-03-30,4,0,56,0.0,0.0,0.0,0.0,0.0
2019-03-30,4,0,57,0.0,0.0,0.0,0.0,0.0
2019-03-30,4,0,58,0.0,0.0,0.0,0.0,0.0
2019-03-30,4,0,59,0.0,0.0,0.0,0.0,0.0
2019-03-30,4,0,63,154.07,154.07,0.0,1676.183809,0.0
2019-03-30,4,0,64,181.26,181.26,0.0,1971.993751,0.0
2019-03-30,4,0,65,12.46,12.46,0.0,91.700021,0.0
2019-03-30,4,0,67,0.0,0.0,0.0,0.0,0.0
2019-03-30,4,0,68,5.7,5.7,0.0,24.04853,0.0
2019-03-30,4,0,69,0.0,0.0,0.0,0.0,0.0
2019-03-30,4,0,74,7.18,7.18,0.0,51.47164,0.0
2019-03-30,4,0,77,200.0,200.0,0.0,1168.016042,0.0
2019-03-30,4,0,78,151.2,151.2,0.0,883.020128,0.0
2019-03-30,4,0,79,87.5,87.5,0.0,511.007018,0.0
2019-03-30,4,0,80,141.5,141.5,0.0,826.37135,0.0
2019-03-30,4,0,81,185.0,185.0,0.0,1080.414839,0.0
2019-03-30,4,0,82,130.5,130.5,0.0,762.130467,0.0
2019-03-30,4,0,83,291.0,291.0,0.0,1699.463341,0.0
2019-03-30,4,0,84,0.0,0.0,0.0,0.0,0.0
2019-03-30,4,0,86,0.0,0.0,0.0,0.0,0.0
2019-03-30,4,0,87,0.0,0.0,0.0,0.0,0.0
2019-03-30,4,0,88,170.6,170.6,0.0,996.317684,0.0
2019-03-30,4,0,89,164.0,164.0,0.0,957.773154,0.0
2019-03-30,4,0,90,220.2,220.2,0.0,1285.985662,0.0
2019-03-30,4,0,91,785.5,785.5,0.0,4587.383004,0.0
2019-03-30,4,0,92,282.5,282.5,0.0,1649.822659,0.0
2019-03-30,4,0,95,84.17,84.17,0.0,835.259024,0.0
2019-03-30,4,0,96,22.17,22.17,0.0,142.016653,0.0
2019-03-30,4,0,97,136.33,136.33,0.0,873.303123,0.0
2019-03-30,4,0,99,1.39,1.39,0.0,9.964565,0.0
2019-03-30,4,0,101,0.0,0.0,0.0,0.0,0.0
2019-03-30,4,0,102,13.49,13.49,0.0,56.914855,0.0
2019-03-30,4,0,103,11.73,11.73,0.0,49.489344,0.0
2019-03-30,4,0,104,2.18,2.18,0.0,9.197508,0.0
2019-03-30,4,0,106,0.0,0.0,0.0,0.0,0.0
2019-03-30,4,0,109,200.0,200.0,0.0,1387.617024,0.0
2019-03-30,4,0,110,338.6,338.6,0.0,-1185.547548,0.0
2019-03-30,4,0,111,0.0,0.0,0.0,0.0,0.0
2019-03-30,4,0,113,45.0,45.0,0.0,274.481815,0.0
2019-03-30,4,0,115,45.0,45.0,0.0,274.481815,0.0
2019-03-30,4,0,116,0.0,0.0,0.0,-0.0,0.0
2019-03-30,4,0,117,3.0,3.0,0.0,18.298788,0.0
2019-03-30,4,0,119,181.26,181.26,0.0,1971.993751,0.0
2019-03-30,4,0,120,106.58,106.58,0.0,1159.522752,0.0
2019-03-30,4,0,123,0.0,0.0,0.0,0.0,0.0
2019-03-30,4,0,125,96.62,96.62,0.0,620.116801,0.0
2019-03-30,4,0,126,0.0,0.0,0.0,0.0,0.0
2019-03-30,4,0,127,0.0,0.0,0.0,0.0,0.0
2019-03-30,4,0,128,131.22,131.22,0.0,842.183053,0.0
2019-03-30,4,0,131,17.82,17.82,0.0,84.228022,0.0
2019-03-30,4,0,132,26.19,26.19,0.0,123.789669,0.0
2019-03-30,4,0,133,46.84,46.84,0.0,345.065861,0.0
2019-03-30,4,0,134,0.0,0.0,0.0,0.0,0.0
2019-03-30,4,0,135,64.61,64.61,0.0,475.975775,0.0
2019-03-30,4,0,136,15.73,15.73,0.0,115.759954,0.0
2019-03-30,4,0,139,137.57,137.57,0.0,926.023256,0.0
2019-03-30,4,0,140,250.6,250.6,0.0,-877.431233,0.0
2019-03-30,4,0,141,149.27,149.27,0.0,346.091213,0.0
2019-03-30,4,0,142,0.0,0.0,0.0,0.0,0.0
2019-03-30,4,0,143,20.06,20.06,0.0,128.626465,0.0
2019-03-30,4,0,145,23.71,23.71,0.0,156.659779,0.0
2019-03-30,4,0,146,268.0,268.0,0.0,-938.354232,0.0
2019-03-30,4,0,152,0.0,0.0,0.0,0.0,0.0
2019-03-30,4,0,153,0.0,0.0,0.0,0.0,0.0
2019-03-30,4,0,154,0.0,0.0,0.0,0.0,0.0
2019-03-30,4,0,157,250.0,250.0,0.0,579.639601,0.0
2019-03-30,4,0,158,0.0,0.0,0.0,0.0,0.0
2019-03-30,4,0,159,0.0,0.0,0.0,0.0,0.0
2019-03-30,4,0,160,0.0,0.0,0.0,0.0,0.0
2019-03-30,4,0,161,0.0,0.0,0.0,0.0,0.0
2019-03-30,4,0,162,48.75,48.75,0.0,484.286766,0.0
2019-03-30,4,0,163,41.85,41.85,0.0,-146.530316,0.0
2019-03-30,4,0,164,0.0,0.0,0.0,0.0,0.0
2019-03-30,4,0,167,0.0,0.0,0.0,0.0,0.0
2019-03-30,4,0,168,0.0,0.0,0.0,0.0,0.0
2019-03-30,4,0,169,0.0,0.0,0.0,0.0,0.0
2019-03-30,4,0,170,0.0,0.0,0.0,0.0,0.0
2019-03-30,4,0,172,0.0,0.0,0.0,0.0,0.0
2019-03-30,4,0,173,0.0,0.0,0.0,0.0,0.0
2019-03-30,4,0,188,0.0,0.0,0.0,0.0,0.0
2019-03-30,4,0,190,0.0,0.0,0.0,0.0,0.0
2019-03-30,4,0,191,0.0,0.0,0.0,0.0,0.0
2019-03-30,4,0,192,297.36,297.36,0.0,3235.088061,0.0
2019-03-30,4,0,194,176.5,176.5,0.0,1368.998564,0.0
2019-03-30,4,0,196,0.0,0.0,0.0,0.0,0.0
2019-03-30,4,0,198,0.0,0.0,0.0,0.0,0.0
2019-03-30,4,0,199,39.0,39.0,0.0,316.533749,0.0
2019-03-30,4,0,200,0.0,0.0,0.0,0.0,0.0
2019-03-30,4,0,204,857.0,857.0,0.0,5925.6193,0.0
2019-03-30,4,0,205,1058.0,1058.0,0.0,7340.494054,0.0
2019-03-30,4,0,206,400.59,400.59,0.0,2566.100625,0.0
2019-03-30,4,0,210,0.0,0.0,0.0,0.0,0.0
2019-03-30,4,0,214,0.0,0.0,0.0,0.0,0.0
2019-03-30,4,0,217,0.0,0.0,0.0,0.0,0.0
2019-03-30,4,0,218,0.0,0.0,0.0,0.0,0.0
2019-03-30,4,0,219,0.0,0.0,0.0,0.0,0.0
2019-03-30,4,0,221,0.0,0.0,0.0,0.0,0.0
2019-03-30,4,0,225,0.0,0.0,0.0,0.0,0.0
2019-03-30,4,0,233,0.0,0.0,0.0,0.0,0.0
2019-03-30,4,0,236,33.16,33.16,0.0,241.224992,0.0
2019-03-30,4,0,237,17.22,17.22,0.0,123.44591,0.0
2019-03-30,4,0,238,0.0,0.0,0.0,0.0,0.0
2019-03-30,4,0,240,0.0,0.0,0.0,0.0,0.0
2019-03-30,4,0,245,26.34,26.34,0.0,194.678541,0.0
2019-03-30,4,0,247,29.47,29.47,0.0,217.812324,0.0
2019-03-30,4,0,248,1.73,1.73,0.0,12.401941,0.0
2019-03-30,4,0,249,50.66,50.66,0.0,374.427293,0.0
2019-03-30,4,0,251,113.76,113.76,0.0,835.96749,0.0
2019-03-30,4,0,252,80.36,80.36,0.0,591.41362,0.0
2019-03-30,4,0,254,0.0,0.0,0.0,0.0,0.0
2019-03-30,4,0,255,0.0,0.0,0.0,0.0,0.0
2019-03-30,4,0,258,0.0,0.0,0.0,0.0,0.0
2019-03-30,4,0,260,0.0,0.0,0.0,0.0,0.0
2019-03-30,4,0,265,0.0,0.0,0.0,0.0,0.0
2019-03-30,4,0,266,89.08,89.08,0.0,599.623113,0.0
2019-03-30,4,0,267,109.47,109.47,0.0,736.87407,0.0
2019-03-30,4,0,270,130.68,130.68,0.0,-457.552728,0.0
2019-03-30,4,0,272,150.39,150.39,0.0,917.318227,0.0
2019-03-30,4,0,273,0.0,0.0,0.0,-0.0,0.0
2019-03-30,4,0,274,168.47,168.47,0.0,-589.867677,0.0
2019-03-30,4,0,275,234.51,234.51,0.0,-821.094966,0.0
2019-03-30,4,0,276,0.0,0.0,0.0,-0.0,0.0
2019-03-30,4,0,277,0.0,0.0,0.0,0.0,0.0
2019-03-30,4,0,278,0.0,0.0,0.0,0.0,0.0
2019-03-30,4,0,279,264.6,264.6,0.0,1586.423025,0.0
2019-03-30,4,0,281,6.97,6.97,0.0,44.692246,0.0
2019-03-30,4,0,282,0.0,0.0,0.0,0.0,0.0
2019-03-30,5,0,9,0.0,0.0,0.0,0.0,0.0
2019-03-30,5,0,17,0.0,0.0,0.0,0.0,0.0
2019-03-30,5,0,19,298.65,298.65,0.0,4831.922736,0.0
2019-03-30,5,0,20,362.2,362.2,0.0,5860.111887,0.0
2019-03-30,5,0,21,0.0,0.0,0.0,0.0,0.0
2019-03-30,5,0,22,0.0,0.0,0.0,0.0,0.0
2019-03-30,5,0,23,8.02,8.02,0.0,-280.976267,0.0
2019-03-30,5,0,24,14.19,14.19,0.0,-497.138807,0.0
2019-03-30,5,0,29,0.0,0.0,0.0,0.0,0.0
2019-03-30,5,0,30,0.0,0.0,0.0,0.0,0.0
2019-03-30,5,0,31,11.03,11.03,0.0,-390.012163,0.0
2019-03-30,5,0,32,0.0,0.0,0.0,0.0,0.0
2019-03-30,5,0,33,0.0,0.0,0.0,0.0,0.0
2019-03-30,5,0,34,0.0,0.0,0.0,0.0,0.0
2019-03-30,5,0,35,0.0,0.0,0.0,0.0,0.0
2019-03-30,5,0,36,0.0,0.0,0.0,0.0,0.0
2019-03-30,5,0,37,0.0,0.0,0.0,0.0,0.0
2019-03-30,5,0,38,0.0,0.0,0.0,0.0,0.0
2019-03-30,5,0,39,0.0,0.0,0.0,0.0,0.0
2019-03-30,5,0,40,0.0,0.0,0.0,0.0,0.0
2019-03-30,5,0,41,65.16,65.16,0.0,-1180.583379,0.0
2019-03-30,5,0,42,0.0,0.0,0.0,0.0,0.0
2019-03-30,5,0,43,0.0,0.0,0.0,0.0,0.0
2019-03-30,5,0,46,0.0,0.0,0.0,0.0,0.0
2019-03-30,5,0,52,11.7,11.7,0.0,-413.702839,0.0
2019-03-30,5,0,53,18.58,18.58,0.0,-656.974252,0.0
2019-03-30,5,0,55,50.93,50.93,0.0,-1784.304399,0.0
2019-03-30,5,0,56,0.0,0.0,0.0,0.0,0.0
2019-03-30,5,0,57,0.0,0.0,0.0,0.0,0.0
2019-03-30,5,0,58,0.0,0.0,0.0,0.0,0.0
2019-03-30,5,0,59,0.0,0.0,0.0,0.0,0.0
2019-03-30,5,0,63,4.03,4.03,0.0,829.90567,0.0
2019-03-30,5,0,64,4.75,4.75,0.0,978.176658,0.0
2019-03-30,5,0,65,10.22,10.22,0.0,161.641916,0.0
2019-03-30,5,0,67,0.0,0.0,0.0,-0.0,0.0
2019-03-30,5,0,68,1.37,1.37,0.0,-210.7228,0.0
2019-03-30,5,0,69,0.0,0.0,0.0,0.0,0.0
2019-03-30,5,0,74,4.57,4.57,0.0,25.183165,0.0
2019-03-30,5,0,77,17.12,17.12,0.0,-1134.286008,0.0
2019-03-30,5,0,78,12.94,12.94,0.0,-857.340008,0.0
2019-03-30,5,0,79,7.49,7.49,0.0,-496.250129,0.0
2019-03-30,5,0,80,12.11,12.11,0.0,-802.348339,0.0
2019-03-30,5,0,81,15.84,15.84,0.0,-1049.479578,0.0
2019-03-30,5,0,82,11.17,11.17,0.0,-740.068616,0.0
2019-03-30,5,0,83,24.91,24.91,0.0,-1650.412644,0.0
2019-03-30,5,0,84,0.0,0.0,0.0,0.0,0.0
2019-03-30,5,0,86,0.0,0.0,0.0,0.0,0.0
2019-03-30,5,0,87,0.0,0.0,0.0,0.0,0.0
2019-03-30,5,0,88,35.15,35.15,0.0,-2328.864088,0.0
2019-03-30,5,0,89,33.79,33.79,0.0,-2238.757255,0.0
2019-03-30,5,0,90,45.36,45.36,0.0,-3005.327881,0.0
2019-03-30,5,0,91,161.82,161.82,0.0,-10721.387957,0.0
2019-03-30,5,0,92,58.2,58.2,0.0,-3856.042387,0.0
2019-03-30,5,0,95,24.39,24.39,0.0,3763.41365,0.0
2019-03-30,5,0,96,6.84,6.84,0.0,-244.178652,0.0
2019-03-30,5,0,97,42.05,42.05,0.0,-1501.127531,0.0
2019-03-30,5,0,99,0.88,0.88,0.0,4.849275,0.0
2019-03-30,5,0,101,0.0,0.0,0.0,0.0,0.0
2019-03-30,5,0,102,3.25,3.25,0.0,-499.889855,0.0
2019-03-30,5,0,103,2.83,2.83,0.0,-435.288704,0.0
2019-03-30,5,0,104,0.52,0.52,0.0,-79.982377,0.0
2019-03-30,5,0,106,0.0,0.0,0.0,0.0,0.0
2019-03-30,5,0,109,200.0,200.0,0.0,-1389.694892,0.0
2019-03-30,5,0,110,338.6,338.6,0.0,-193277.029807,0.0
2019-03-30,5,0,111,0.0,0.0,0.0,0.0,0.0
2019-03-30,5,0,113,12.42,12.42,0.0,-648.793483,0.0
2019-03-30,5,0,115,12.42,12.42,0.0,-648.793483,0.0
2019-03-30,5,0,116,0.0,0.0,0.0,-0.0,0.0
2019-03-30,5,0,117,0.6,0.6,0.0,-31.34268,0.0
2019-03-30,5,0,119,4.75,4.75,0.0,978.176658,0.0
2019-03-30,5,0,120,2.79,2.79,0.0,574.550079,0.0
2019-03-30,5,0,123,0.0,0.0,0.0,0.0,0.0
2019-03-30,5,0,125,12.84,12.84,0.0,-449.842303,0.0
2019-03-30,5,0,126,0.0,0.0,0.0,0.0,0.0
2019-03-30,5,0,127,0.0,0.0,0.0,0.0,0.0
2019-03-30,5,0,128,18.39,18.39,0.0,-644.283485,0.0
2019-03-30,5,0,131,1.88,1.88,0.0,-237.627129,0.0
2019-03-30,5,0,132,2.76,2.76,0.0,-348.856849,0.0
2019-03-30,5,0,133,17.43,17.43,0.0,282.599805,0.0
2019-03-30,5,0,134,0.0,0.0,0.0,0.0,0.0
2019-03-30,5,0,135,24.83,24.83,0.0,402.579068,0.0
2019-03-30,5,0,136,15.99,15.99,0.0,252.582957,0.0
2019-03-30,5,0,139,84.14,84.14,0.0,-1524.467242,0.0
2019-03-30,5,0,140,250.6,250.6,0.0,-143045.551298,0.0
2019-03-30,5,0,141,230.0,230.0,0.0,-58986.493233,0.0
2019-03-30,5,0,142,0.0,0.0,0.0,-0.0,0.0
2019-03-30,5,0,143,25.28,25.28,0.0,-893.881006,0.0
2019-03-30,5,0,145,14.11,14.11,0.0,-350.119723,0.0
2019-03-30,5,0,146,268.0,268.0,0.0,-152977.684549,0.0
2019-03-30,5,0,152,0.0,0.0,0.0,0.0,0.0
2019-03-30,5,0,153,0.0,0.0,0.0,0.0,0.0
2019-03-30,5,0,154,0.0,0.0,0.0,0.0,0.0
2019-03-30,5,0,157,250.0,250.0,0.0,-64115.753514,0.0
2019-03-30,5,0,158,0.0,0.0,0.0,-0.0,0.0
2019-03-30,5,0,159,0.0,0.0,0.0,0.0,0.0
2019-03-30,5,0,160,0.0,0.0,0.0,0.0,0.0
2019-03-30,5,0,161,0.0,0.0,0.0,-0.0,0.0
2019-03-30,5,0,162,15.25,15.25,0.0,2361.838115,0.0
2019-03-30,5,0,163,107.06,107.06,0.0,-61111.160104,0.0
2019-03-30,5,0,164,0.0,0.0,0.0,0.0,0.0
2019-03-30,5,0,167,0.0,0.0,0.0,0.0,0.0
2019-03-30,5,0,168,0.0,0.0,0.0,0.0,0.0
2019-03-30,5,0,169,0.0,0.0,0.0,0.0,0.0
2019-03-30,5,0,170,0.0,0.0,0.0,0.0,0.0
2019-03-30,5,0,172,0.0,0.0,0.0,0.0,0.0
2019-03-30,5,0,173,0.0,0.0,0.0,0.0,0.0
2019-03-30,5,0,188,0.0,0.0,0.0,0.0,0.0
2019-03-30,5,0,190,0.0,0.0,0.0,0.0,0.0
2019-03-30,5,0,191,0.0,0.0,0.0,0.0,0.0
2019-03-30,5,0,192,332.6,332.6,0.0,68492.959254,0.0
2019-03-30,5,0,194,95.42,95.42,0.0,3554.330862,0.0
2019-03-30,5,0,196,0.0,0.0,0.0,0.0,0.0
2019-03-30,5,0,198,0.0,0.0,0.0,0.0,0.0
2019-03-30,5,0,199,35.15,35.15,0.0,1992.574571,0.0
2019-03-30,5,0,200,0.0,0.0,0.0,0.0,0.0
2019-03-30,5,0,204,857.0,857.0,0.0,-7052.367851,0.0
2019-03-30,5,0,205,1058.0,1058.0,0.0,-7351.485979,0.0
2019-03-30,5,0,206,123.55,123.55,0.0,-4410.566145,0.0
2019-03-30,5,0,210,0.0,0.0,0.0,0.0,0.0
2019-03-30,5,0,214,0.0,0.0,0.0,0.0,0.0
2019-03-30,5,0,217,0.0,0.0,0.0,0.0,0.0
2019-03-30,5,0,218,0.0,0.0,0.0,0.0,0.0
2019-03-30,5,0,219,0.0,0.0,0.0,0.0,0.0
2019-03-30,5,0,221,0.0,0.0,0.0,0.0,0.0
2019-03-30,5,0,225,0.0,0.0,0.0,0.0,0.0
2019-03-30,5,0,233,0.0,0.0,0.0,0.0,0.0
2019-03-30,5,0,236,17.41,17.41,0.0,195.453279,0.0
2019-03-30,5,0,237,10.96,10.96,0.0,60.395513,0.0
2019-03-30,5,0,238,0.0,0.0,0.0,0.0,0.0
2019-03-30,5,0,240,0.0,0.0,0.0,0.0,0.0
2019-03-30,5,0,245,21.84,21.84,0.0,382.505842,0.0
2019-03-30,5,0,247,25.57,25.57,0.0,447.833076,0.0
2019-03-30,5,0,248,1.1,1.1,0.0,6.061593,0.0
2019-03-30,5,0,249,41.99,41.99,0.0,735.413017,0.0
2019-03-30,5,0,251,80.79,80.79,0.0,1229.646397,0.0
2019-03-30,5,0,252,65.93,65.93,0.0,1042.764337,0.0
2019-03-30,5,0,254,0.0,0.0,0.0,0.0,0.0
2019-03-30,5,0,255,0.0,0.0,0.0,0.0,0.0
2019-03-30,5,0,258,0.0,0.0,0.0,0.0,0.0
2019-03-30,5,0,260,0.0,0.0,0.0,0.0,0.0
2019-03-30,5,0,265,0.0,0.0,0.0,0.0,0.0
2019-03-30,5,0,266,54.49,54.49,0.0,-987.261945,0.0
2019-03-30,5,0,267,66.96,66.96,0.0,-1213.196179,0.0
2019-03-30,5,0,270,334.35,334.35,0.0,-190851.07772,0.0
2019-03-30,5,0,272,42.68,42.68,0.0,-2229.509329,0.0
2019-03-30,5,0,273,0.0,0.0,0.0,-0.0,0.0
2019-03-30,5,0,274,431.02,431.02,0.0,-246031.498486,0.0
2019-03-30,5,0,275,599.99,599.99,0.0,-342481.645345,0.0
2019-03-30,5,0,276,0.0,0.0,0.0,-0.0,0.0
2019-03-30,5,0,277,0.0,0.0,0.0,0.0,0.0
2019-03-30,5,0,278,0.0,0.0,0.0,0.0,0.0
2019-03-30,5,0,279,35.07,35.07,0.0,-2029.063633,0.0
2019-03-30,5,0,281,4.95,4.95,0.0,-175.028124,0.0
2019-03-30,5,0,282,0.0,0.0,0.0,0.0,0.0
2019-03-30,6,0,9,0.0,0.0,0.0,0.0,0.0
2019-03-30,6,0,17,0.0,0.0,0.0,0.0,0.0
2019-03-30,6,0,19,319.58,319.58,0.0,2178.612488,0.0
2019-03-30,6,0,20,387.6,387.6,0.0,2642.312411,0.0
2019-03-30,6,0,21,0.0,0.0,0.0,0.0,0.0
2019-03-30,6,0,22,0.0,0.0,0.0,0.0,0.0
2019-03-30,6,0,23,53.44,53.44,0.0,716.849394,0.0
2019-03-30,6,0,24,94.55,94.55,0.0,1268.302961,0.0
2019-03-30,6,0,29,0.0,0.0,0.0,0.0,0.0
2019-03-30,6,0,30,0.0,0.0,0.0,0.0,0.0
2019-03-30,6,0,31,11.49,11.49,0.0,154.608665,0.0
2019-03-30,6,0,32,0.0,0.0,0.0,0.0,0.0
2019-03-30,6,0,33,0.0,0.0,0.0,0.0,0.0
2019-03-30,6,0,34,0.0,0.0,0.0,0.0,0.0
2019-03-30,6,0,35,0.0,0.0,0.0,0.0,0.0
2019-03-30,6,0,36,0.0,0.0,0.0,0.0,0.0
2019-03-30,6,0,37,0.0,0.0,0.0,0.0,0.0
2019-03-30,6,0,38,0.0,0.0,0.0,0.0,0.0
2019-03-30,6,0,39,0.0,0.0,0.0,0.0,0.0
2019-03-30,6,0,40,0.0,0.0,0.0,0.0,0.0
2019-03-30,6,0,41,36.27,36.27,0.0,407.495916,0.0
2019-03-30,6,0,42,0.0,0.0,0.0,0.0,0.0
2019-03-30,6,0,43,0.0,0.0,0.0,0.0,0.0
2019-03-30,6,0,46,0.0,0.0,0.0,0.0,0.0
2019-03-30,6,0,52,12.18,12.18,0.0,163.893258,0.0
2019-03-30,6,0,53,19.33,19.33,0.0,260.103175,0.0
2019-03-30,6,0,55,34.7,34.7,0.0,465.469199,0.0
2019-03-30,6,0,56,0.0,0.0,0.0,0.0,0.0
2019-03-30,6,0,57,0.0,0.0,0.0,0.0,0.0
2019-03-30,6,0,58,0.0,0.0,0.0,0.0,0.0
2019-03-30,6,0,59,0.0,0.0,0.0,0.0,0.0
2019-03-30,6,0,63,170.0,170.0,0.0,16413.983064,0.0
2019-03-30,6,0,64,200.0,200.0,0.0,19310.568311,0.0
2019-03-30,6,0,65,8.23,8.23,0.0,56.489635,0.0
2019-03-30,6,0,67,0.0,0.0,0.0,-0.0,0.0
2019-03-30,6,0,68,10.2,10.2,0.0,-4315.294192,0.0
2019-03-30,6,0,69,0.0,0.0,0.0,0.0,0.0
2019-03-30,6,0,74,3.37,3.37,0.0,27.604937,0.0
2019-03-30,6,0,77,120.48,120.48,0.0,-36758.321293,0.0
2019-03-30,6,0,78,91.08,91.08,0.0,-27788.412212,0.0
2019-03-30,6,0,79,52.71,52.71,0.0,-16081.765566,0.0
2019-03-30,6,0,80,85.24,85.24,0.0,-26006.634354,0.0
2019-03-30,6,0,81,111.44,111.44,0.0,-34000.2268,0.0
2019-03-30,6,0,82,78.61,78.61,0.0,-23983.828327,0.0
2019-03-30,6,0,83,175.29,175.29,0.0,-53480.79465,0.0
2019-03-30,6,0,84,0.0,0.0,0.0,-0.0,0.0
2019-03-30,6,0,86,0.0,0.0,0.0,0.0,0.0
2019-03-30,6,0,87,0.0,0.0,0.0,0.0,0.0
2019-03-30,6,0,88,48.41,48.41,0.0,-14769.840088,0.0
2019-03-30,6,0,89,46.54,46.54,0.0,-14199.305055,0.0
2019-03-30,6,0,90,62.48,62.48,0.0,-19062.582291,0.0
2019-03-30,6,0,91,222.9,222.9,0.0,-68006.555579,0.0
2019-03-30,6,0,92,80.16,80.16,0.0,-24456.731697,0.0
2019-03-30,6,0,95,3.71,3.71,0.0,94.284803,0.0
2019-03-30,6,0,96,2.95,2.95,0.0,39.823979,0.0
2019-03-30,6,0,97,18.17,18.17,0.0,245.288709,0.0
2019-03-30,6,0,99,0.65,0.65,0.0,5.324394,0.0
2019-03-30,6,0,101,0.0,0.0,0.0,0.0,0.0
2019-03-30,6,0,102,24.15,24.15,0.0,-10217.093603,0.0
2019-03-30,6,0,103,21.0,21.0,0.0,-8884.42922,0.0
2019-03-30,6,0,104,3.9,3.9,0.0,-1649.965427,0.0
2019-03-30,6,0,106,0.0,0.0,0.0,0.0,0.0
2019-03-30,6,0,109,174.61,174.61,0.0,1710.524789,0.0
2019-03-30,6,0,110,338.6,338.6,0.0,-338600.0,0.0
2019-03-30,6,0,111,0.0,0.0,0.0,0.0,0.0
2019-03-30,6,0,113,70.55,70.55,0.0,-19422.289298,0.0
2019-03-30,6,0,115,70.55,70.55,0.0,-19422.289298,0.0
2019-03-30,6,0,116,0.0,0.0,0.0,-0.0,0.0
2019-03-30,6,0,117,2.8,2.8,0.0,-770.835011,0.0
2019-03-30,6,0,119,200.0,200.0,0.0,19310.568311,0.0
2019-03-30,6,0,120,117.6,117.6,0.0,11354.614167,0.0
2019-03-30,6,0,123,0.0,0.0,0.0,0.0,0.0
2019-03-30,6,0,125,85.56,85.56,0.0,1147.71022,0.0
2019-03-30,6,0,126,0.0,0.0,0.0,0.0,0.0
2019-03-30,6,0,127,0.0,0.0,0.0,0.0,0.0
2019-03-30,6,0,128,122.55,122.55,0.0,1643.897703,0.0
2019-03-30,6,0,131,30.0,30.0,0.0,-11554.163673,0.0
2019-03-30,6,0,132,44.1,44.1,0.0,-16984.620599,0.0
2019-03-30,6,0,133,13.18,13.18,0.0,89.791469,0.0
2019-03-30,6,0,134,0.0,0.0,0.0,0.0,0.0
2019-03-30,6,0,135,17.67,17.67,0.0,120.38052,0.0
2019-03-30,6,0,136,16.25,16.25,0.0,111.579569,0.0
2019-03-30,6,0,139,46.84,46.84,0.0,526.250584,0.0
2019-03-30,6,0,140,250.6,250.6,0.0,-250600.0,0.0
2019-03-30,6,0,141,230.0,230.0,0.0,-129970.340593,0.0
2019-03-30,6,0,142,0.0,0.0,0.0,-0.0,0.0
2019-03-30,6,0,143,55.32,55.32,0.0,744.382187,0.0
2019-03-30,6,0,145,8.87,8.87,0.0,107.304986,0.0
2019-03-30,6,0,146,268.0,268.0,0.0,-268000.0,0.0
2019-03-30,6,0,152,0.0,0.0,0.0,0.0,0.0
2019-03-30,6,0,153,0.0,0.0,0.0,0.0,0.0
2019-03-30,6,0,154,0.0,0.0,0.0,0.0,0.0
2019-03-30,6,0,157,250.0,250.0,0.0,-141272.10934,0.0
2019-03-30,6,0,158,0.0,0.0,0.0,-0.0,0.0
2019-03-30,6,0,159,0.0,0.0,0.0,0.0,0.0
2019-03-30,6,0,160,0.0,0.0,0.0,0.0,0.0
2019-03-30,6,0,161,0.0,0.0,0.0,-0.0,0.0
2019-03-30,6,0,162,0.95,0.95,0.0,24.885696,0.0
2019-03-30,6,0,163,185.4,185.4,0.0,-185400.0,0.0
2019-03-30,6,0,164,0.0,0.0,0.0,0.0,0.0
2019-03-30,6,0,167,0.0,0.0,0.0,0.0,0.0
2019-03-30,6,0,168,0.0,0.0,0.0,0.0,0.0
2019-03-30,6,0,169,0.0,0.0,0.0,0.0,0.0
2019-03-30,6,0,170,0.0,0.0,0.0,0.0,0.0
2019-03-30,6,0,172,0.0,0.0,0.0,0.0,0.0
2019-03-30,6,0,173,0.0,0.0,0.0,0.0,0.0
2019-03-30,6,0,188,0.0,0.0,0.0,0.0,0.0
2019-03-30,6,0,190,0.0,0.0,0.0,0.0,0.0
2019-03-30,6,0,191,0.0,0.0,0.0,0.0,0.0
2019-03-30,6,0,192,332.6,332.6,0.0,10785.405497,0.0
2019-03-30,6,0,194,22.52,22.52,0.0,-3192.881513,0.0
2019-03-30,6,0,196,0.0,0.0,0.0,0.0,0.0
2019-03-30,6,0,198,0.0,0.0,0.0,0.0,0.0
2019-03-30,6,0,199,22.65,22.65,0.0,-904.260265,0.0
2019-03-30,6,0,200,0.0,0.0,0.0,-0.0,0.0
2019-03-30,6,0,204,728.47,728.47,0.0,7256.453323,0.0
2019-03-30,6,0,205,923.68,923.68,0.0,9048.608542,0.0
2019-03-30,6,0,206,53.38,53.38,0.0,720.611517,0.0
2019-03-30,6,0,210,0.0,0.0,0.0,0.0,0.0
2019-03-30,6,0,214,0.0,0.0,0.0,0.0,0.0
2019-03-30,6,0,217,0.0,0.0,0.0,0.0,0.0
2019-03-30,6,0,218,0.0,0.0,0.0,0.0,0.0
2019-03-30,6,0,219,0.0,0.0,0.0,0.0,0.0
2019-03-30,6,0,221,0.0,0.0,0.0,0.0,0.0
2019-03-30,6,0,225,0.0,0.0,0.0,0.0,0.0
2019-03-30,6,0,233,0.0,0.0,0.0,0.0,0.0
2019-03-30,6,0,236,7.99,7.99,0.0,59.56614,0.0
2019-03-30,6,0,237,8.09,8.09,0.0,66.268231,0.0
2019-03-30,6,0,238,0.0,0.0,0.0,0.0,0.0
2019-03-30,6,0,240,0.0,0.0,0.0,0.0,0.0
2019-03-30,6,0,245,20.1,20.1,0.0,133.567985,0.0
2019-03-30,6,0,247,23.54,23.54,0.0,156.427382,0.0
2019-03-30,6,0,248,0.81,0.81,0.0,6.635014,0.0
2019-03-30,6,0,249,38.66,38.66,0.0,256.902403,0.0
2019-03-30,6,0,251,54.94,54.94,0.0,381.318482,0.0
2019-03-30,6,0,252,53.1,53.1,0.0,364.4714,0.0
2019-03-30,6,0,254,0.0,0.0,0.0,0.0,0.0
2019-03-30,6,0,255,0.0,0.0,0.0,0.0,0.0
2019-03-30,6,0,258,0.0,0.0,0.0,0.0,0.0
2019-03-30,6,0,260,0.0,0.0,0.0,0.0,0.0
2019-03-30,6,0,265,0.0,0.0,0.0,0.0,0.0
2019-03-30,6,0,266,30.33,30.33,0.0,340.759612,0.0
2019-03-30,6,0,267,37.27,37.27,0.0,418.730984,0.0
2019-03-30,6,0,270,579.0,579.0,0.0,-579000.0,0.0
2019-03-30,6,0,272,248.95,248.95,0.0,-68535.491436,0.0
2019-03-30,6,0,273,0.0,0.0,0.0,-0.0,0.0
2019-03-30,6,0,274,746.4,746.4,0.0,-746400.0,0.0
2019-03-30,6,0,275,1039.0,1039.0,0.0,-1039000.0,0.0
2019-03-30,6,0,276,0.0,0.0,0.0,-0.0,0.0
2019-03-30,6,0,277,0.0,0.0,0.0,-0.0,0.0
2019-03-30,6,0,278,0.0,0.0,0.0,-0.0,0.0
2019-03-30,6,0,279,255.18,255.18,0.0,-73299.386269,0.0
2019-03-30,6,0,281,5.17,5.17,0.0,69.567171,0.0
2019-03-30,6,0,282,0.0,0.0,0.0,0.0,0.0
2019-03-30,7,0,9,0.0,0.0,0.0,0.0,0.0
2019-03-30,7,0,17,0.0,0.0,0.0,0.0,0.0
2019-03-30,7,0,19,360.81,360.81,0.0,3144.769714,0.0
2019-03-30,7,0,20,437.59,437.59,0.0,3813.973502,0.0
2019-03-30,7,0,21,0.0,0.0,0.0,0.0,0.0
2019-03-30,7,0,22,0.0,0.0,0.0,0.0,0.0
2019-03-30,7,0,23,108.8,108.8,0.0,881.637387,0.0
2019-03-30,7,0,24,192.5,192.5,0.0,1559.882325,0.0
2019-03-30,7,0,29,0.0,0.0,0.0,0.0,0.0
2019-03-30,7,0,30,0.0,0.0,0.0,0.0,0.0
2019-03-30,7,0,31,42.11,42.11,0.0,341.065741,0.0
2019-03-30,7,0,32,0.0,0.0,0.0,0.0,0.0
2019-03-30,7,0,33,0.0,0.0,0.0,0.0,0.0
2019-03-30,7,0,34,0.0,0.0,0.0,0.0,0.0
2019-03-30,7,0,35,0.0,0.0,0.0,0.0,0.0
2019-03-30,7,0,36,0.0,0.0,0.0,0.0,0.0
2019-03-30,7,0,37,0.0,0.0,0.0,0.0,0.0
2019-03-30,7,0,38,0.0,0.0,0.0,0.0,0.0
2019-03-30,7,0,39,0.0,0.0,0.0,0.0,0.0
2019-03-30,7,0,40,0.0,0.0,0.0,0.0,0.0
2019-03-30,7,0,41,13.42,13.42,0.0,111.461459,0.0
2019-03-30,7,0,42,0.0,0.0,0.0,0.0,0.0
2019-03-30,7,0,43,0.0,0.0,0.0,0.0,0.0
2019-03-30,7,0,46,0.0,0.0,0.0,0.0,0.0
2019-03-30,7,0,52,44.64,44.64,0.0,361.557224,0.0
2019-03-30,7,0,53,70.93,70.93,0.0,574.490454,0.0
2019-03-30,7,0,55,157.24,157.24,0.0,1274.160503,0.0
2019-03-30,7,0,56,0.0,0.0,0.0,0.0,0.0
2019-03-30,7,0,57,0.0,0.0,0.0,0.0,0.0
2019-03-30,7,0,58,0.0,0.0,0.0,0.0,0.0
2019-03-30,7,0,59,0.0,0.0,0.0,0.0,0.0
2019-03-30,7,0,63,0.0,0.0,0.0,0.0,0.0
2019-03-30,7,0,64,0.0,0.0,0.0,0.0,0.0
2019-03-30,7,0,65,6.55,6.55,0.0,57.06045,0.0
2019-03-30,7,0,67,0.0,0.0,0.0,0.0,0.0
2019-03-30,7,0,68,0.0,0.0,0.0,0.0,0.0
2019-03-30,7,0,69,0.0,0.0,0.0,0.0,0.0
2019-03-30,7,0,74,3.23,3.23,0.0,27.74005,0.0
2019-03-30,7,0,77,200.0,200.0,0.0,1545.969962,0.0
2019-03-30,7,0,78,151.2,151.2,0.0,1168.753291,0.0
2019-03-30,7,0,79,87.5,87.5,0.0,676.361858,0.0
2019-03-30,7,0,80,141.5,141.5,0.0,1093.773748,0.0
2019-03-30,7,0,81,185.0,185.0,0.0,1430.022215,0.0
2019-03-30,7,0,82,130.5,130.5,0.0,1008.7454,0.0
2019-03-30,7,0,83,291.0,291.0,0.0,2249.386295,0.0
2019-03-30,7,0,84,0.0,0.0,0.0,0.0,0.0
2019-03-30,7,0,86,0.0,0.0,0.0,0.0,0.0
2019-03-30,7,0,87,0.0,0.0,0.0,0.0,0.0
2019-03-30,7,0,88,170.6,170.6,0.0,1318.712378,0.0
2019-03-30,7,0,89,164.0,164.0,0.0,1267.695369,0.0
2019-03-30,7,0,90,220.2,220.2,0.0,1702.112928,0.0
2019-03-30,7,0,91,785.5,785.5,0.0,6071.797026,0.0
2019-03-30,7,0,92,282.5,282.5,0.0,2183.682571,0.0
2019-03-30,7,0,95,2.55,2.55,0.0,29.746767,0.0
2019-03-30,7,0,96,5.95,5.95,0.0,48.167275,0.0
2019-03-30,7,0,97,36.56,36.56,0.0,295.965643,0.0
2019-03-30,7,0,99,0.62,0.62,0.0,5.324715,0.0
2019-03-30,7,0,101,0.0,0.0,0.0,0.0,0.0
2019-03-30,7,0,102,0.0,0.0,0.0,0.0,0.0
2019-03-30,7,0,103,0.0,0.0,0.0,0.0,0.0
2019-03-30,7,0,104,0.0,0.0,0.0,0.0,0.0
2019-03-30,7,0,106,0.0,0.0,0.0,0.0,0.0
2019-03-30,7,0,109,130.69,130.69,0.0,1102.922477,0.0
2019-03-30,7,0,110,338.6,338.6,0.0,3573.328975,0.0
2019-03-30,7,0,111,0.0,0.0,0.0,0.0,0.0
2019-03-30,7,0,113,75.93,75.93,0.0,571.681564,0.0
2019-03-30,7,0,115,75.93,75.93,0.0,571.681564,0.0
2019-03-30,7,0,116,0.0,0.0,0.0,0.0,0.0
2019-03-30,7,0,117,3.11,3.11,0.0,23.415378,0.0
2019-03-30,7,0,119,0.0,0.0,0.0,0.0,0.0
2019-03-30,7,0,120,0.0,0.0,0.0,0.0,0.0
2019-03-30,7,0,123,0.0,0.0,0.0,0.0,0.0
2019-03-30,7,0,125,174.2,174.2,0.0,1411.592213,0.0
2019-03-30,7,0,126,0.0,0.0,0.0,0.0,0.0
2019-03-30,7,0,127,0.0,0.0,0.0,0.0,0.0
2019-03-30,7,0,128,249.5,249.5,0.0,2021.769559,0.0
2019-03-30,7,0,131,30.0,30.0,0.0,241.015658,0.0
2019-03-30,7,0,132,44.1,44.1,0.0,354.293017,0.0
2019-03-30,7,0,133,13.39,13.39,0.0,116.710853,0.0
2019-03-30,7,0,134,0.0,0.0,0.0,0.0,0.0
2019-03-30,7,0,135,17.94,17.94,0.0,156.36988,0.0
2019-03-30,7,0,136,16.58,16.58,0.0,144.433034,0.0
2019-03-30,7,0,139,17.33,17.33,0.0,143.936444,0.0
2019-03-30,7,0,140,250.6,250.6,0.0,2644.643358,0.0
2019-03-30,7,0,141,230.0,230.0,0.0,2017.375527,0.0
2019-03-30,7,0,142,0.0,0.0,0.0,0.0,0.0
2019-03-30,7,0,143,77.23,77.23,0.0,625.516676,0.0
2019-03-30,7,0,145,6.78,6.78,0.0,55.76915,0.0
2019-03-30,7,0,146,268.0,268.0,0.0,2828.269832,0.0
2019-03-30,7,0,152,0.0,0.0,0.0,0.0,0.0
2019-03-30,7,0,153,0.0,0.0,0.0,0.0,0.0
2019-03-30,7,0,154,0.0,0.0,0.0,0.0,0.0
2019-03-30,7,0,157,250.0,250.0,0.0,2192.799485,0.0
2019-03-30,7,0,158,0.0,0.0,0.0,0.0,0.0
2019-03-30,7,0,159,0.0,0.0,0.0,0.0,0.0
2019-03-30,7,0,160,0.0,0.0,0.0,0.0,0.0
2019-03-30,7,0,161,0.0,0.0,0.0,0.0,0.0
2019-03-30,7,0,162,6.71,6.71,0.0,78.288474,0.0
2019-03-30,7,0,163,0.0,0.0,0.0,0.0,0.0
2019-03-30,7,0,164,0.0,0.0,0.0,0.0,0.0
2019-03-30,7,0,167,0.0,0.0,0.0,0.0,0.0
2019-03-30,7,0,168,0.0,0.0,0.0,0.0,0.0
2019-03-30,7,0,169,0.0,0.0,0.0,0.0,0.0
2019-03-30,7,0,170,0.0,0.0,0.0,0.0,0.0
2019-03-30,7,0,172,0.0,0.0,0.0,0.0,0.0
2019-03-30,7,0,173,0.0,0.0,0.0,0.0,0.0
2019-03-30,7,0,188,0.0,0.0,0.0,0.0,0.0
2019-03-30,7,0,190,0.0,0.0,0.0,0.0,0.0
2019-03-30,7,0,191,0.0,0.0,0.0,0.0,0.0
2019-03-30,7,0,192,332.6,332.6,0.0,3893.792703,0.0
2019-03-30,7,0,194,175.26,175.26,0.0,1210.794133,0.0
2019-03-30,7,0,196,0.0,0.0,0.0,0.0,0.0
2019-03-30,7,0,198,0.0,0.0,0.0,0.0,0.0
2019-03-30,7,0,199,13.8,13.8,0.0,118.876652,0.0
2019-03-30,7,0,200,0.0,0.0,0.0,0.0,0.0
2019-03-30,7,0,204,524.41,524.41,0.0,4417.581611,0.0
2019-03-30,7,0,205,691.37,691.37,0.0,5834.627841,0.0
2019-03-30,7,0,206,107.43,107.43,0.0,869.682414,0.0
2019-03-30,7,0,210,0.0,0.0,0.0,0.0,0.0
2019-03-30,7,0,214,0.0,0.0,0.0,0.0,0.0
2019-03-30,7,0,217,0.0,0.0,0.0,0.0,0.0
2019-03-30,7,0,218,0.0,0.0,0.0,0.0,0.0
2019-03-30,7,0,219,0.0,0.0,0.0,0.0,0.0
2019-03-30,7,0,221,0.0,0.0,0.0,0.0,0.0
2019-03-30,7,0,225,0.0,0.0,0.0,0.0,0.0
2019-03-30,7,0,233,0.0,0.0,0.0,0.0,0.0
2019-03-30,7,0,236,0.0,0.0,0.0,0.0,0.0
2019-03-30,7,0,237,7.75,7.75,0.0,66.558943,0.0
2019-03-30,7,0,238,0.0,0.0,0.0,0.0,0.0
2019-03-30,7,0,240,0.0,0.0,0.0,0.0,0.0
2019-03-30,7,0,245,20.91,20.91,0.0,182.58249,0.0
2019-03-30,7,0,247,23.27,23.27,0.0,203.1896,0.0
2019-03-30,7,0,248,0.78,0.78,0.0,6.698836,0.0
2019-03-30,7,0,249,40.22,40.22,0.0,351.194057,0.0
2019-03-30,7,0,251,35.27,35.27,0.0,307.003861,0.0
2019-03-30,7,0,252,42.23,42.23,0.0,367.88745,0.0
2019-03-30,7,0,254,0.0,0.0,0.0,0.0,0.0
2019-03-30,7,0,255,0.0,0.0,0.0,0.0,0.0
2019-03-30,7,0,258,0.0,0.0,0.0,0.0,0.0
2019-03-30,7,0,260,0.0,0.0,0.0,0.0,0.0
2019-03-30,7,0,265,0.0,0.0,0.0,0.0,0.0
2019-03-30,7,0,266,11.22,11.22,0.0,93.189088,0.0
2019-03-30,7,0,267,13.79,13.79,0.0,114.534539,0.0
2019-03-30,7,0,270,0.0,0.0,0.0,0.0,0.0
2019-03-30,7,0,272,270.16,270.16,0.0,2034.050986,0.0
2019-03-30,7,0,273,0.0,0.0,0.0,0.0,0.0
2019-03-30,7,0,274,0.0,0.0,0.0,0.0,0.0
2019-03-30,7,0,275,0.0,0.0,0.0,0.0,0.0
2019-03-30,7,0,276,0.0,0.0,0.0,0.0,0.0
2019-03-30,7,0,277,0.0,0.0,0.0,0.0,0.0
2019-03-30,7,0,278,0.0,0.0,0.0,0.0,0.0
2019-03-30,7,0,279,264.6,264.6,0.0,2013.489623,0.0
2019-03-30,7,0,281,18.88,18.88,0.0,152.916675,0.0
2019-03-30,7,0,282,0.0,0.0,0.0,0.0,0.0
2019-03-30,8,0,9,0.3,0.3,0.0,2.10035,0.0
2019-03-30,8,0,17,8.0,8.0,0.0,81.898393,0.0
2019-03-30,8,0,19,415.7,415.7,0.0,4255.645243,0.0
2019-03-30,8,0,20,517.36,517.36,0.0,5296.369071,0.0
2019-03-30,8,0,21,6.89,6.89,0.0,48.238046,0.0
2019-03-30,8,0,22,24.48,24.48,0.0,171.388589,0.0
2019-03-30,8,0,23,108.8,108.8,0.0,761.727062,0.0
2019-03-30,8,0,24,192.5,192.5,0.0,1347.724811,0.0
2019-03-30,8,0,29,1.72,1.72,0.0,13.430679,0.0
2019-03-30,8,0,30,44.94,44.94,0.0,313.822658,0.0
2019-03-30,8,0,31,13.69,13.69,0.0,95.599292,0.0
2019-03-30,8,0,32,0.5,0.5,0.0,8.428469,0.0
2019-03-30,8,0,33,0.45,0.45,0.0,4.92185,0.0
2019-03-30,8,0,34,0.72,0.72,0.0,7.87496,0.0
2019-03-30,8,0,35,0.72,0.72,0.0,7.87496,0.0
2019-03-30,8,0,36,1.64,1.64,0.0,14.7915,0.0
2019-03-30,8,0,37,0.79,0.79,0.0,7.096758,0.0
2019-03-30,8,0,38,1.01,1.01,0.0,9.07307,0.0
2019-03-30,8,0,39,0.67,0.67,0.0,6.018769,0.0
2019-03-30,8,0,40,0.67,0.67,0.0,6.018769,0.0
2019-03-30,8,0,41,1.27,1.27,0.0,10.122432,0.0
2019-03-30,8,0,42,7.56,7.56,0.0,76.246624,0.0
2019-03-30,8,0,43,5.1,5.1,0.0,46.10573,0.0
2019-03-30,8,0,46,4.4,4.4,0.0,38.58679,0.0
2019-03-30,8,0,52,14.51,14.51,0.0,101.325473,0.0
2019-03-30,8,0,53,23.06,23.06,0.0,161.031386,0.0
2019-03-30,8,0,55,186.9,186.9,0.0,1308.518271,0.0
2019-03-30,8,0,56,13.25,13.25,0.0,92.526707,0.0
2019-03-30,8,0,57,12.61,12.61,0.0,88.057493,0.0
2019-03-30,8,0,58,24.25,24.25,0.0,169.341332,0.0
2019-03-30,8,0,59,23.84,23.84,0.0,166.478241,0.0
2019-03-30,8,0,63,0.0,0.0,0.0,0.0,0.0
2019-03-30,8,0,64,0.0,0.0,0.0,0.0,0.0
2019-03-30,8,0,65,9.91,9.91,0.0,101.172246,0.0
2019-03-30,8,0,67,30.99,30.99,0.0,126.259112,0.0
2019-03-30,8,0,68,0.0,0.0,0.0,0.0,0.0
2019-03-30,8,0,69,0.45,0.45,0.0,4.92185,0.0
2019-03-30,8,0,74,0.0,0.0,0.0,0.0,0.0
2019-03-30,8,0,77,147.17,147.17,0.0,776.402543,0.0
2019-03-30,8,0,78,111.12,111.12,0.0,586.219002,0.0
2019-03-30,8,0,79,64.1,64.1,0.0,338.162689,0.0
2019-03-30,8,0,80,103.96,103.96,0.0,548.446072,0.0
2019-03-30,8,0,81,136.09,136.09,0.0,717.94946,0.0
2019-03-30,8,0,82,95.84,95.84,0.0,505.608614,0.0
2019-03-30,8,0,83,214.4,214.4,0.0,1131.0777,0.0
2019-03-30,8,0,84,0.0,0.0,0.0,0.0,0.0
2019-03-30,8,0,86,2.28,2.28,0.0,24.937373,0.0
2019-03-30,8,0,87,11.64,11.64,0.0,127.31185,0.0
2019-03-30,8,0,88,123.33,123.33,0.0,650.633455,0.0
2019-03-30,8,0,89,119.02,119.02,0.0,627.895839,0.0
2019-03-30,8,0,90,155.3,155.3,0.0,819.292756,0.0
2019-03-30,8,0,91,486.84,486.84,0.0,2568.348264,0.0
2019-03-30,8,0,92,194.81,194.81,0.0,1027.729696,0.0
2019-03-30,8,0,95,16.75,16.75,0.0,282.204834,0.0
2019-03-30,8,0,96,23.26,23.26,0.0,161.989964,0.0
2019-03-30,8,0,97,143.01,143.01,0.0,995.966673,0.0
2019-03-30,8,0,99,0.0,0.0,0.0,0.0,0.0
2019-03-30,8,0,101,0.91,0.91,0.0,6.354664,0.0
2019-03-30,8,0,102,0.0,0.0,0.0,0.0,0.0
2019-03-30,8,0,103,0.0,0.0,0.0,0.0,0.0
2019-03-30,8,0,104,0.0,0.0,0.0,0.0,0.0
2019-03-30,8,0,106,24.1,24.1,0.0,168.728145,0.0
2019-03-30,8,0,109,33.25,33.25,0.0,283.803838,0.0
2019-03-30,8,0,110,338.6,338.6,0.0,765.287703,0.0
2019-03-30,8,0,111,1.88,1.88,0.0,14.984388,0.0
2019-03-30,8,0,113,141.55,141.55,0.0,709.989289,0.0
2019-03-30,8,0,115,141.55,141.55,0.0,709.989289,0.0
2019-03-30,8,0,116,14.72,14.72,0.0,33.269448,0.0
2019-03-30,8,0,117,7.33,7.33,0.0,36.765959,0.0
2019-03-30,8,0,119,0.0,0.0,0.0,0.0,0.0
2019-03-30,8,0,120,0.0,0.0,0.0,0.0,0.0
2019-03-30,8,0,123,0.4,0.4,0.0,2.800467,0.0
2019-03-30,8,0,125,174.2,174.2,0.0,1219.603439,0.0
2019-03-30,8,0,126,18.07,18.07,0.0,126.511103,0.0
2019-03-30,8,0,127,23.19,23.19,0.0,162.357082,0.0
2019-03-30,8,0,128,249.5,249.5,0.0,1746.791378,0.0
2019-03-30,8,0,131,30.0,30.0,0.0,144.743013,0.0
2019-03-30,8,0,132,44.1,44.1,0.0,212.772228,0.0
2019-03-30,8,0,133,18.32,18.32,0.0,187.595981,0.0
2019-03-30,8,0,134,0.0,0.0,0.0,0.0,0.0
2019-03-30,8,0,135,24.55,24.55,0.0,251.390902,0.0
2019-03-30,8,0,136,21.14,21.14,0.0,215.787795,0.0
2019-03-30,8,0,139,1.64,1.64,0.0,13.071487,0.0
2019-03-30,8,0,140,250.6,250.6,0.0,566.394265,0.0
2019-03-30,8,0,141,230.0,230.0,0.0,937.06343,0.0
2019-03-30,8,0,142,40.87,40.87,0.0,166.512097,0.0
2019-03-30,8,0,143,44.53,44.53,0.0,310.959568,0.0
2019-03-30,8,0,145,5.53,5.53,0.0,41.806316,0.0
2019-03-30,8,0,146,268.0,268.0,0.0,605.720922,0.0
2019-03-30,8,0,152,1.16,1.16,0.0,10.935727,0.0
2019-03-30,8,0,153,1.49,1.49,0.0,13.991946,0.0
2019-03-30,8,0,154,7.74,7.74,0.0,61.691044,0.0
2019-03-30,8,0,157,250.0,250.0,0.0,1018.547206,0.0
2019-03-30,8,0,158,22.75,22.75,0.0,92.687796,0.0
2019-03-30,8,0,159,0.0,0.0,0.0,0.0,0.0
2019-03-30,8,0,160,0.42,0.42,0.0,3.897502,0.0
2019-03-30,8,0,161,6.55,6.55,0.0,30.565983,0.0
2019-03-30,8,0,162,40.01,40.01,0.0,674.664392,0.0
2019-03-30,8,0,163,0.0,0.0,0.0,0.0,0.0
2019-03-30,8,0,164,1.19,1.19,0.0,8.309946,0.0
2019-03-30,8,0,167,0.67,0.67,0.0,11.272065,0.0
2019-03-30,8,0,168,0.33,0.33,0.0,5.551913,0.0
2019-03-30,8,0,169,0.0,0.0,0.0,0.0,0.0
2019-03-30,8,0,170,0.73,0.73,0.0,12.281504,0.0
2019-03-30,8,0,172,0.98,0.98,0.0,15.648575,0.0
2019-03-30,8,0,173,1.5,1.5,0.0,23.951901,0.0
2019-03-30,8,0,188,1.03,1.03,0.0,16.911368,0.0
2019-03-30,8,0,190,1.19,1.19,0.0,21.228655,0.0
2019-03-30,8,0,191,3.08,3.08,0.0,54.944753,0.0
2019-03-30,8,0,192,332.6,332.6,0.0,5933.319757,0.0
2019-03-30,8,0,194,176.5,176.5,0.0,920.346522,0.0
2019-03-30,8,0,196,0.7,0.7,0.0,13.168315,0.0
2019-03-30,8,0,198,1.98,1.98,0.0,18.784669,0.0
2019-03-30,8,0,199,2.63,2.63,0.0,22.697531,0.0
2019-03-30,8,0,200,3.23,3.23,0.0,27.875674,0.0
2019-03-30,8,0,204,121.13,121.13,0.0,1023.614665,0.0
2019-03-30,8,0,205,175.92,175.92,0.0,1501.55703,0.0
2019-03-30,8,0,206,420.23,420.23,0.0,2926.614047,0.0
2019-03-30,8,0,210,0.53,0.53,0.0,4.263515,0.0
2019-03-30,8,0,214,2.66,2.66,0.0,30.197186,0.0
2019-03-30,8,0,217,1.92,1.92,0.0,19.030058,0.0
2019-03-30,8,0,218,2.64,2.64,0.0,26.16633,0.0
2019-03-30,8,0,219,1.8,1.8,0.0,17.840679,0.0
2019-03-30,8,0,221,1.42,1.42,0.0,16.120302,0.0
2019-03-30,8,0,225,1.53,1.53,0.0,11.912211,0.0
2019-03-30,8,0,233,1.29,1.29,0.0,14.109303,0.0
2019-03-30,8,0,236,0.0,0.0,0.0,0.0,0.0
2019-03-30,8,0,237,0.0,0.0,0.0,0.0,0.0
2019-03-30,8,0,238,9.84,9.84,0.0,99.241637,0.0
2019-03-30,8,0,240,1.85,1.85,0.0,16.685533,0.0
2019-03-30,8,0,245,28.34,28.34,0.0,293.063126,0.0
2019-03-30,8,0,247,28.92,28.92,0.0,299.06089,0.0
2019-03-30,8,0,248,0.0,0.0,0.0,0.0,0.0
2019-03-30,8,0,249,54.5,54.5,0.0,563.582935,0.0
2019-03-30,8,0,251,53.47,53.47,0.0,543.405941,0.0
2019-03-30,8,0,252,63.96,63.96,0.0,652.974458,0.0
2019-03-30,8,0,254,2.91,2.91,0.0,26.482222,0.0
2019-03-30,8,0,255,1.34,1.34,0.0,12.194563,0.0
2019-03-30,8,0,258,2.29,2.29,0.0,20.6618,0.0
2019-03-30,8,0,260,1.01,1.01,0.0,9.372564,0.0
2019-03-30,8,0,265,8.01,8.01,0.0,63.843057,0.0
2019-03-30,8,0,266,1.06,1.06,0.0,8.448644,0.0
2019-03-30,8,0,267,1.3,1.3,0.0,10.361545,0.0
2019-03-30,8,0,270,0.0,0.0,0.0,0.0,0.0
2019-03-30,8,0,272,490.05,490.05,0.0,2458.002479,0.0
2019-03-30,8,0,273,3.52,3.52,0.0,7.955737,0.0
2019-03-30,8,0,274,0.0,0.0,0.0,0.0,0.0
2019-03-30,8,0,275,0.0,0.0,0.0,0.0,0.0
2019-03-30,8,0,276,0.66,0.66,0.0,1.759025,0.0
2019-03-30,8,0,277,0.81,0.81,0.0,4.147159,0.0
2019-03-30,8,0,278,1.3,1.3,0.0,6.655934,0.0
2019-03-30,8,0,279,264.6,264.6,0.0,1354.738612,0.0
2019-03-30,8,0,281,6.15,6.15,0.0,42.946358,0.0
2019-03-30,8,0,282,24.65,24.65,0.0,172.134591,0.0
2019-03-30,9,0,9,1.28,1.28,0.0,7.731542,0.0
2019-03-30,9,0,17,21.95,21.95,0.0,180.01739,0.0
2019-03-30,9,0,19,400.83,400.83,0.0,3287.306164,0.0
2019-03-30,9,0,20,497.73,497.73,0.0,4082.007078,0.0
2019-03-30,9,0,21,29.28,29.28,0.0,176.859012,0.0
2019-03-30,9,0,22,104.06,104.06,0.0,628.550165,0.0
2019-03-30,9,0,23,108.8,108.8,0.0,657.18103,0.0
2019-03-30,9,0,24,192.5,192.5,0.0,1162.751362,0.0
2019-03-30,9,0,29,3.99,3.99,0.0,35.827248,0.0
2019-03-30,9,0,30,228.12,228.12,0.0,1374.779558,0.0
2019-03-30,9,0,31,49.31,49.31,0.0,297.169823,0.0
2019-03-30,9,0,32,1.31,1.31,0.0,21.999924,0.0
2019-03-30,9,0,33,1.22,1.22,0.0,10.469571,0.0
2019-03-30,9,0,34,1.95,1.95,0.0,16.73415,0.0
2019-03-30,9,0,35,1.95,1.95,0.0,16.73415,0.0
2019-03-30,9,0,36,4.77,4.77,0.0,36.367942,0.0
2019-03-30,9,0,37,2.28,2.28,0.0,17.370078,0.0
2019-03-30,9,0,38,2.93,2.93,0.0,22.322074,0.0
2019-03-30,9,0,39,1.95,1.95,0.0,14.855988,0.0
2019-03-30,9,0,40,1.95,1.95,0.0,14.855988,0.0
2019-03-30,9,0,41,0.0,0.0,0.0,0.0,0.0
2019-03-30,9,0,42,24.61,24.61,0.0,199.803607,0.0
2019-03-30,9,0,43,14.48,14.48,0.0,111.919936,0.0
2019-03-30,9,0,46,12.81,12.81,0.0,95.732637,0.0
2019-03-30,9,0,52,52.32,52.32,0.0,315.309778,0.0
2019-03-30,9,0,53,83.57,83.57,0.0,503.639872,0.0
2019-03-30,9,0,55,186.9,186.9,0.0,1128.925868,0.0
2019-03-30,9,0,56,67.29,67.29,0.0,405.527426,0.0
2019-03-30,9,0,57,64.0,64.0,0.0,385.700034,0.0
2019-03-30,9,0,58,123.08,123.08,0.0,741.749377,0.0
2019-03-30,9,0,59,121.03,121.03,0.0,729.394923,0.0
2019-03-30,9,0,63,0.0,0.0,0.0,0.0,0.0
2019-03-30,9,0,64,0.0,0.0,0.0,0.0,0.0
2019-03-30,9,0,65,14.34,14.34,0.0,117.38626,0.0
2019-03-30,9,0,67,135.68,135.68,0.0,507.071386,0.0
2019-03-30,9,0,68,0.0,0.0,0.0,0.0,0.0
2019-03-30,9,0,69,1.22,1.22,0.0,10.469571,0.0
2019-03-30,9,0,74,0.0,0.0,0.0,0.0,0.0
2019-03-30,9,0,77,0.0,0.0,0.0,0.0,0.0
2019-03-30,9,0,78,0.0,0.0,0.0,0.0,0.0
2019-03-30,9,0,79,0.0,0.0,0.0,0.0,0.0
2019-03-30,9,0,80,0.0,0.0,0.0,0.0,0.0
2019-03-30,9,0,81,0.0,0.0,0.0,0.0,0.0
2019-03-30,9,0,82,0.0,0.0,0.0,0.0,0.0
2019-03-30,9,0,83,0.0,0.0,0.0,0.0,0.0
2019-03-30,9,0,84,0.0,0.0,0.0,0.0,0.0
2019-03-30,9,0,86,6.17,6.17,0.0,52.948566,0.0
2019-03-30,9,0,87,31.48,31.48,0.0,270.149247,0.0
2019-03-30,9,0,88,155.83,155.83,0.0,735.969833,0.0
2019-03-30,9,0,89,148.85,148.85,0.0,703.003976,0.0
2019-03-30,9,0,90,208.93,208.93,0.0,986.755934,0.0
2019-03-30,9,0,91,785.09,785.09,0.0,3707.903202,0.0
2019-03-30,9,0,92,276.23,276.23,0.0,1304.607244,0.0
2019-03-30,9,0,95,36.0,36.0,0.0,604.209321,0.0
2019-03-30,9,0,96,29.88,29.88,0.0,179.645768,0.0
2019-03-30,9,0,97,183.75,183.75,0.0,1104.749324,0.0
2019-03-30,9,0,99,0.0,0.0,0.0,0.0,0.0
2019-03-30,9,0,101,4.6,4.6,0.0,27.72219,0.0
2019-03-30,9,0,102,0.0,0.0,0.0,0.0,0.0
2019-03-30,9,0,103,0.0,0.0,0.0,0.0,0.0
2019-03-30,9,0,104,0.0,0.0,0.0,0.0,0.0
2019-03-30,9,0,106,102.44,102.44,0.0,618.764933,0.0
2019-03-30,9,0,109,57.4,57.4,0.0,414.73599,0.0
2019-03-30,9,0,110,338.6,338.6,0.0,757.763557,0.0
2019-03-30,9,0,111,6.68,6.68,0.0,45.117079,0.0
2019-03-30,9,0,113,0.0,0.0,0.0,0.0,0.0
2019-03-30,9,0,115,0.0,0.0,0.0,0.0,0.0
2019-03-30,9,0,116,49.73,49.73,0.0,111.292326,0.0
2019-03-30,9,0,117,0.0,0.0,0.0,0.0,0.0
2019-03-30,9,0,119,0.0,0.0,0.0,0.0,0.0
2019-03-30,9,0,120,0.0,0.0,0.0,0.0,0.0
2019-03-30,9,0,123,1.71,1.71,0.0,10.328856,0.0
2019-03-30,9,0,125,174.2,174.2,0.0,1052.214479,0.0
2019-03-30,9,0,126,76.83,76.83,0.0,464.073699,0.0
2019-03-30,9,0,127,98.6,98.6,0.0,595.570308,0.0
2019-03-30,9,0,128,249.5,249.5,0.0,1507.04657,0.0
2019-03-30,9,0,131,0.0,0.0,0.0,0.0,0.0
2019-03-30,9,0,132,0.0,0.0,0.0,0.0,0.0
2019-03-30,9,0,133,25.13,25.13,0.0,206.133621,0.0
2019-03-30,9,0,134,0.0,0.0,0.0,0.0,0.0
2019-03-30,9,0,135,33.68,33.68,0.0,276.266627,0.0
2019-03-30,9,0,136,26.4,26.4,0.0,216.086399,0.0
2019-03-30,9,0,139,0.0,0.0,0.0,0.0,0.0
2019-03-30,9,0,140,250.6,250.6,0.0,560.825598,0.0
2019-03-30,9,0,141,0.0,0.0,0.0,0.0,0.0
2019-03-30,9,0,142,178.92,178.92,0.0,668.670492,0.0
2019-03-30,9,0,143,133.82,133.82,0.0,806.474664,0.0
2019-03-30,9,0,145,30.0,30.0,0.0,194.146202,0.0
2019-03-30,9,0,146,268.0,268.0,0.0,599.765603,0.0
2019-03-30,9,0,152,3.48,3.48,0.0,27.035801,0.0
2019-03-30,9,0,153,4.45,4.45,0.0,34.48495,0.0
2019-03-30,9,0,154,27.56,27.56,0.0,186.14172,0.0
2019-03-30,9,0,157,250.0,250.0,0.0,934.314906,0.0
2019-03-30,9,0,158,121.24,121.24,0.0,453.105357,0.0
2019-03-30,9,0,159,0.0,0.0,0.0,0.0,0.0
2019-03-30,9,0,160,1.15,1.15,0.0,9.280894,0.0
2019-03-30,9,0,161,25.21,25.21,0.0,106.559274,0.0
2019-03-30,9,0,162,48.75,48.75,0.0,818.880134,0.0
2019-03-30,9,0,163,0.0,0.0,0.0,0.0,0.0
2019-03-30,9,0,164,8.33,8.33,0.0,50.20127,0.0
2019-03-30,9,0,167,1.7,1.7,0.0,28.492913,0.0
2019-03-30,9,0,168,0.85,0.85,0.0,14.246457,0.0
2019-03-30,9,0,169,0.0,0.0,0.0,0.0,0.0
2019-03-30,9,0,170,1.86,1.86,0.0,31.174599,0.0
2019-03-30,9,0,172,2.51,2.51,0.0,39.978457,0.0
2019-03-30,9,0,173,3.83,3.83,0.0,61.002984,0.0
2019-03-30,9,0,188,2.7,2.7,0.0,44.159935,0.0
2019-03-30,9,0,190,3.65,3.65,0.0,64.750205,0.0
2019-03-30,9,0,191,9.42,9.42,0.0,167.108749,0.0
2019-03-30,9,0,192,332.6,332.6,0.0,5900.251595,0.0
2019-03-30,9,0,194,130.37,130.37,0.0,615.180443,0.0
2019-03-30,9,0,196,2.24,2.24,0.0,41.718266,0.0
2019-03-30,9,0,198,5.21,5.21,0.0,45.067041,0.0
2019-03-30,9,0,199,5.06,5.06,0.0,43.851219,0.0
2019-03-30,9,0,200,8.51,8.51,0.0,73.749778,0.0
2019-03-30,9,0,204,145.67,145.67,0.0,1044.647312,0.0
2019-03-30,9,0,205,323.27,323.27,0.0,2335.743964,0.0
2019-03-30,9,0,206,539.94,539.94,0.0,3246.249524,0.0
2019-03-30,9,0,210,1.24,1.24,0.0,11.230186,0.0
2019-03-30,9,0,214,6.59,6.59,0.0,58.035202,0.0
2019-03-30,9,0,217,4.59,4.59,0.0,40.940278,0.0
2019-03-30,9,0,218,6.34,6.34,0.0,56.549316,0.0
2019-03-30,9,0,219,4.32,4.32,0.0,38.532026,0.0
2019-03-30,9,0,221,3.51,3.51,0.0,30.911011,0.0
2019-03-30,9,0,225,3.59,3.59,0.0,32.20873,0.0
2019-03-30,9,0,233,3.49,3.49,0.0,29.949837,0.0
2019-03-30,9,0,236,0.0,0.0,0.0,0.0,0.0
2019-03-30,9,0,237,0.0,0.0,0.0,0.0,0.0
2019-03-30,9,0,238,32.04,32.04,0.0,260.126272,0.0
2019-03-30,9,0,240,5.41,5.41,0.0,41.247498,0.0
2019-03-30,9,0,245,40.41,40.41,0.0,333.688393,0.0
2019-03-30,9,0,247,38.99,38.99,0.0,321.962644,0.0
2019-03-30,9,0,248,0.0,0.0,0.0,0.0,0.0
2019-03-30,9,0,249,77.72,77.72,0.0,641.77832,0.0
2019-03-30,9,0,251,77.47,77.47,0.0,632.216025,0.0
2019-03-30,9,0,252,92.51,92.51,0.0,757.28054,0.0
2019-03-30,9,0,254,8.0,8.0,0.0,62.518902,0.0
2019-03-30,9,0,255,3.66,3.66,0.0,28.602398,0.0
2019-03-30,9,0,258,6.66,6.66,0.0,50.890793,0.0
2019-03-30,9,0,260,2.8,2.8,0.0,22.59696,0.0
2019-03-30,9,0,265,28.53,28.53,0.0,192.693152,0.0
2019-03-30,9,0,266,0.0,0.0,0.0,0.0,0.0
2019-03-30,9,0,267,0.0,0.0,0.0,0.0,0.0
2019-03-30,9,0,270,0.0,0.0,0.0,0.0,0.0
2019-03-30,9,0,272,0.0,0.0,0.0,0.0,0.0
2019-03-30,9,0,273,11.89,11.89,0.0,26.609004,0.0
2019-03-30,9,0,274,0.0,0.0,0.0,0.0,0.0
2019-03-30,9,0,275,0.0,0.0,0.0,0.0,0.0
2019-03-30,9,0,276,2.27,2.27,0.0,5.840028,0.0
2019-03-30,9,0,277,2.78,2.78,0.0,12.812073,0.0
2019-03-30,9,0,278,4.45,4.45,0.0,20.508534,0.0
2019-03-30,9,0,279,0.0,0.0,0.0,0.0,0.0
2019-03-30,9,0,281,21.97,21.97,0.0,132.40359,0.0
2019-03-30,9,0,282,125.14,125.14,0.0,754.164097,0.0
2019-03-30,10,0,9,2.33,2.33,0.0,31.2521,0.0
2019-03-30,10,0,17,37.01,37.01,0.0,594.320642,0.0
2019-03-30,10,0,19,349.46,349.46,0.0,5611.761459,0.0
2019-03-30,10,0,20,433.01,433.01,0.0,6953.439105,0.0
2019-03-30,10,0,21,53.32,53.32,0.0,715.176814,0.0
2019-03-30,10,0,22,189.5,189.5,0.0,2541.748055,0.0
2019-03-30,10,0,23,0.0,0.0,0.0,0.0,0.0
2019-03-30,10,0,24,0.0,0.0,0.0,0.0,0.0
2019-03-30,10,0,29,6.34,6.34,0.0,53.688545,0.0
2019-03-30,10,0,30,421.33,421.33,0.0,5646.702105,0.0
2019-03-30,10,0,31,103.87,103.87,0.0,1392.074971,0.0
2019-03-30,10,0,32,2.97,2.97,0.0,35.279307,0.0
2019-03-30,10,0,33,2.03,2.03,0.0,34.173634,0.0
2019-03-30,10,0,34,3.25,3.25,0.0,54.711482,0.0
2019-03-30,10,0,35,3.25,3.25,0.0,54.711482,0.0
2019-03-30,10,0,36,7.9,7.9,0.0,114.63203,0.0
2019-03-30,10,0,37,3.81,3.81,0.0,55.010873,0.0
2019-03-30,10,0,38,4.9,4.9,0.0,70.748892,0.0
2019-03-30,10,0,39,3.27,3.27,0.0,47.214056,0.0
2019-03-30,10,0,40,3.27,3.27,0.0,47.214056,0.0
2019-03-30,10,0,41,0.68,0.68,0.0,9.553884,0.0
2019-03-30,10,0,42,42.59,42.59,0.0,676.763073,0.0
2019-03-30,10,0,43,22.85,22.85,0.0,327.10832,0.0
2019-03-30,10,0,46,18.32,18.32,0.0,261.428065,0.0
2019-03-30,10,0,52,110.17,110.17,0.0,1476.508131,0.0
2019-03-30,10,0,53,175.67,175.67,0.0,2354.344953,0.0
2019-03-30,10,0,55,0.0,0.0,0.0,0.0,0.0
2019-03-30,10,0,56,124.28,124.28,0.0,1665.611605,0.0
2019-03-30,10,0,57,118.22,118.22,0.0,1584.394947,0.0
2019-03-30,10,0,58,227.34,227.34,0.0,3046.830885,0.0
2019-03-30,10,0,59,223.55,223.55,0.0,2996.036968,0.0
2019-03-30,10,0,63,0.0,0.0,0.0,0.0,0.0
2019-03-30,10,0,64,0.0,0.0,0.0,0.0,0.0
2019-03-30,10,0,65,20.08,20.08,0.0,321.824894,0.0
2019-03-30,10,0,67,246.11,246.11,0.0,3005.094159,0.0
2019-03-30,10,0,68,0.0,0.0,0.0,0.0,0.0
2019-03-30,10,0,69,2.03,2.03,0.0,34.173634,0.0
2019-03-30,10,0,74,0.0,0.0,0.0,0.0,0.0
2019-03-30,10,0,77,0.0,0.0,0.0,0.0,0.0
2019-03-30,10,0,78,0.0,0.0,0.0,0.0,0.0
2019-03-30,10,0,79,0.0,0.0,0.0,0.0,0.0
2019-03-30,10,0,80,0.0,0.0,0.0,0.0,0.0
2019-03-30,10,0,81,0.0,0.0,0.0,0.0,0.0
2019-03-30,10,0,82,0.0,0.0,0.0,0.0,0.0
2019-03-30,10,0,83,0.0,0.0,0.0,0.0,0.0
2019-03-30,10,0,84,0.0,0.0,0.0,0.0,0.0
2019-03-30,10,0,86,10.29,10.29,0.0,173.22497,0.0
2019-03-30,10,0,87,52.52,52.52,0.0,884.137556,0.0
2019-03-30,10,0,88,0.0,0.0,0.0,0.0,0.0
2019-03-30,10,0,89,0.0,0.0,0.0,0.0,0.0
2019-03-30,10,0,90,0.0,0.0,0.0,0.0,0.0
2019-03-30,10,0,91,0.0,0.0,0.0,0.0,0.0
2019-03-30,10,0,92,0.0,0.0,0.0,0.0,0.0
2019-03-30,10,0,95,88.65,88.65,0.0,1052.800459,0.0
2019-03-30,10,0,96,0.0,0.0,0.0,0.0,0.0
2019-03-30,10,0,97,0.0,0.0,0.0,0.0,0.0
2019-03-30,10,0,99,0.0,0.0,0.0,0.0,0.0
2019-03-30,10,0,101,8.49,8.49,0.0,113.783735,0.0
2019-03-30,10,0,102,0.0,0.0,0.0,0.0,0.0
2019-03-30,10,0,103,0.0,0.0,0.0,0.0,0.0
2019-03-30,10,0,104,0.0,0.0,0.0,0.0,0.0
2019-03-30,10,0,106,186.54,186.54,0.0,2502.045816,0.0
2019-03-30,10,0,109,171.07,171.07,0.0,2444.966684,0.0
2019-03-30,10,0,110,0.0,0.0,0.0,0.0,0.0
2019-03-30,10,0,111,11.63,11.63,0.0,163.39951,0.0
2019-03-30,10,0,113,0.0,0.0,0.0,0.0,0.0
2019-03-30,10,0,115,0.0,0.0,0.0,0.0,0.0
2019-03-30,10,0,116,75.55,75.55,0.0,908.784839,0.0
2019-03-30,10,0,117,0.0,0.0,0.0,0.0,0.0
2019-03-30,10,0,119,0.0,0.0,0.0,0.0,0.0
2019-03-30,10,0,120,0.0,0.0,0.0,0.0,0.0
2019-03-30,10,0,123,3.11,3.11,0.0,41.714177,0.0
2019-03-30,10,0,125,0.0,0.0,0.0,0.0,0.0
2019-03-30,10,0,126,139.91,139.91,0.0,1876.601427,0.0
2019-03-30,10,0,127,179.55,179.55,0.0,2408.289516,0.0
2019-03-30,10,0,128,0.0,0.0,0.0,0.0,0.0
2019-03-30,10,0,131,0.0,0.0,0.0,0.0,0.0
2019-03-30,10,0,132,0.0,0.0,0.0,0.0,0.0
2019-03-30,10,0,133,34.17,34.17,0.0,548.815427,0.0
2019-03-30,10,0,134,0.0,0.0,0.0,0.0,0.0
2019-03-30,10,0,135,45.78,45.78,0.0,735.287394,0.0
2019-03-30,10,0,136,32.56,32.56,0.0,521.787705,0.0
2019-03-30,10,0,139,0.88,0.88,0.0,12.363849,0.0
2019-03-30,10,0,140,0.0,0.0,0.0,0.0,0.0
2019-03-30,10,0,141,0.0,0.0,0.0,0.0,0.0
2019-03-30,10,0,142,324.56,324.56,0.0,3962.997685,0.0
2019-03-30,10,0,143,238.5,238.5,0.0,3196.398197,0.0
2019-03-30,10,0,145,0.0,0.0,0.0,0.0,0.0
2019-03-30,10,0,146,268.0,268.0,0.0,3223.750324,0.0
2019-03-30,10,0,152,5.9,5.9,0.0,89.34271,0.0
2019-03-30,10,0,153,7.51,7.51,0.0,113.407733,0.0
2019-03-30,10,0,154,47.99,47.99,0.0,674.251287,0.0
2019-03-30,10,0,157,250.0,250.0,0.0,3052.592499,0.0
2019-03-30,10,0,158,183.34,183.34,0.0,2238.649235,0.0
2019-03-30,10,0,159,0.0,0.0,0.0,0.0,0.0
2019-03-30,10,0,160,1.74,1.74,0.0,24.513202,0.0
2019-03-30,10,0,161,46.35,46.35,0.0,568.697016,0.0
2019-03-30,10,0,162,91.77,91.77,0.0,1089.942605,0.0
2019-03-30,10,0,163,0.0,0.0,0.0,0.0,0.0
2019-03-30,10,0,164,15.54,15.54,0.0,208.268461,0.0
2019-03-30,10,0,167,3.19,3.19,0.0,37.880414,0.0
2019-03-30,10,0,168,1.59,1.59,0.0,18.880833,0.0
2019-03-30,10,0,169,0.0,0.0,0.0,0.0,0.0
2019-03-30,10,0,170,3.48,3.48,0.0,41.324088,0.0
2019-03-30,10,0,172,4.17,4.17,0.0,49.099919,0.0
2019-03-30,10,0,173,6.35,6.35,0.0,74.768462,0.0
2019-03-30,10,0,188,6.32,6.32,0.0,74.945243,0.0
2019-03-30,10,0,190,6.35,6.35,0.0,75.777325,0.0
2019-03-30,10,0,191,16.41,16.41,0.0,195.827702,0.0
2019-03-30,10,0,192,332.6,332.6,0.0,3969.061164,0.0
2019-03-30,10,0,194,0.0,0.0,0.0,0.0,0.0
2019-03-30,10,0,196,4.51,4.51,0.0,54.049795,0.0
2019-03-30,10,0,198,7.31,7.31,0.0,96.690418,0.0
2019-03-30,10,0,199,26.43,26.43,0.0,293.000673,0.0
2019-03-30,10,0,200,8.2,8.2,0.0,90.904484,0.0
2019-03-30,10,0,204,257.1,257.1,0.0,3655.081906,0.0
2019-03-30,10,0,205,1010.31,1010.31,0.0,14439.552757,0.0
2019-03-30,10,0,206,0.0,0.0,0.0,0.0,0.0
2019-03-30,10,0,210,2.0,2.0,0.0,17.69635,0.0
2019-03-30,10,0,214,10.84,10.84,0.0,187.479336,0.0
2019-03-30,10,0,217,7.51,7.51,0.0,102.185721,0.0
2019-03-30,10,0,218,10.36,10.36,0.0,140.96459,0.0
2019-03-30,10,0,219,7.06,7.06,0.0,96.062742,0.0
2019-03-30,10,0,221,5.78,5.78,0.0,99.965919,0.0
2019-03-30,10,0,225,5.74,5.74,0.0,48.396993,0.0
2019-03-30,10,0,233,5.82,5.82,0.0,97.975639,0.0
2019-03-30,10,0,236,0.0,0.0,0.0,0.0,0.0
2019-03-30,10,0,237,0.0,0.0,0.0,0.0,0.0
2019-03-30,10,0,238,55.43,55.43,0.0,880.793076,0.0
2019-03-30,10,0,240,8.95,8.95,0.0,129.867933,0.0
2019-03-30,10,0,245,58.14,58.14,0.0,940.314072,0.0
2019-03-30,10,0,247,54.97,54.97,0.0,889.044798,0.0
2019-03-30,10,0,248,0.0,0.0,0.0,0.0,0.0
2019-03-30,10,0,249,111.81,111.81,0.0,1808.333615,0.0
2019-03-30,10,0,251,108.21,108.21,0.0,1728.745535,0.0
2019-03-30,10,0,252,129.51,129.51,0.0,2075.674401,0.0
2019-03-30,10,0,254,13.31,13.31,0.0,189.779251,0.0
2019-03-30,10,0,255,6.1,6.1,0.0,86.976216,0.0
2019-03-30,10,0,258,10.91,10.91,0.0,157.964823,0.0
2019-03-30,10,0,260,4.22,4.22,0.0,59.45156,0.0
2019-03-30,10,0,265,49.68,49.68,0.0,697.995498,0.0
2019-03-30,10,0,266,0.57,0.57,0.0,8.008402,0.0
2019-03-30,10,0,267,0.7,0.7,0.0,9.83488,0.0
2019-03-30,10,0,270,0.0,0.0,0.0,0.0,0.0
2019-03-30,10,0,272,0.0,0.0,0.0,0.0,0.0
2019-03-30,10,0,273,18.07,18.07,0.0,217.362568,0.0
2019-03-30,10,0,274,0.0,0.0,0.0,0.0,0.0
2019-03-30,10,0,275,0.0,0.0,0.0,0.0,0.0
2019-03-30,10,0,276,4.15,4.15,0.0,50.088148,0.0
2019-03-30,10,0,277,5.71,5.71,0.0,70.002501,0.0
2019-03-30,10,0,278,9.14,9.14,0.0,112.05304,0.0
2019-03-30,10,0,279,0.0,0.0,0.0,0.0,0.0
2019-03-30,10,0,281,46.3,46.3,0.0,620.516715,0.0
2019-03-30,10,0,282,231.13,231.13,0.0,3097.624802,0.0
2019-03-30,11,0,9,3.44,3.44,0.0,-1334.965416,0.0
2019-03-30,11,0,17,51.56,51.56,0.0,1279.462224,0.0
2019-03-30,11,0,19,166.6,166.6,0.0,4134.181663,0.0
2019-03-30,11,0,20,202.05,202.05,0.0,5013.87398,0.0
2019-03-30,11,0,21,78.67,78.67,0.0,-30529.57247,0.0
2019-03-30,11,0,22,279.59,279.59,0.0,-108500.866492,0.0
2019-03-30,11,0,23,0.0,0.0,0.0,-0.0,0.0
2019-03-30,11,0,24,0.0,0.0,0.0,-0.0,0.0
2019-03-30,11,0,29,9.14,9.14,0.0,31.875952,0.0
2019-03-30,11,0,30,632.25,632.25,0.0,-632250.0,0.0
2019-03-30,11,0,31,119.91,119.91,0.0,-119910.0,0.0
2019-03-30,11,0,32,4.24,4.24,0.0,99.514522,0.0
2019-03-30,11,0,33,2.85,2.85,0.0,82.305856,0.0
2019-03-30,11,0,34,4.55,4.55,0.0,131.400577,0.0
2019-03-30,11,0,35,4.55,4.55,0.0,131.400577,0.0
2019-03-30,11,0,36,11.36,11.36,0.0,83.526927,0.0
2019-03-30,11,0,37,5.5,5.5,0.0,40.906036,0.0
2019-03-30,11,0,38,7.07,7.07,0.0,52.58285,0.0
2019-03-30,11,0,39,4.71,4.71,0.0,35.030442,0.0
2019-03-30,11,0,40,4.71,4.71,0.0,35.030442,0.0
2019-03-30,11,0,41,7.83,7.83,0.0,-48.105041,0.0
2019-03-30,11,0,42,63.96,63.96,0.0,1530.820752,0.0
2019-03-30,11,0,43,32.86,32.86,0.0,278.303783,0.0
2019-03-30,11,0,46,26.12,26.12,0.0,174.2621,0.0
2019-03-30,11,0,52,127.48,127.48,0.0,-127480.0,0.0
2019-03-30,11,0,53,207.62,207.62,0.0,-207620.0,0.0
2019-03-30,11,0,55,460.54,460.54,0.0,-178722.375815,0.0
2019-03-30,11,0,56,186.49,186.49,0.0,-186490.0,0.0
2019-03-30,11,0,57,177.39,177.39,0.0,-177390.0,0.0
2019-03-30,11,0,58,341.14,341.14,0.0,-341140.0,0.0
2019-03-30,11,0,59,335.45,335.45,0.0,-335450.0,0.0
2019-03-30,11,0,63,0.0,0.0,0.0,0.0,0.0
2019-03-30,11,0,64,0.0,0.0,0.0,0.0,0.0
2019-03-30,11,0,65,25.36,25.36,0.0,625.158562,0.0
2019-03-30,11,0,67,367.73,367.73,0.0,5303.592351,0.0
2019-03-30,11,0,68,0.0,0.0,0.0,0.0,0.0
2019-03-30,11,0,69,2.85,2.85,0.0,82.305856,0.0
2019-03-30,11,0,74,0.0,0.0,0.0,0.0,0.0
2019-03-30,11,0,77,0.0,0.0,0.0,0.0,0.0
2019-03-30,11,0,78,0.0,0.0,0.0,0.0,0.0
2019-03-30,11,0,79,0.0,0.0,0.0,0.0,0.0
2019-03-30,11,0,80,0.0,0.0,0.0,0.0,0.0
2019-03-30,11,0,81,0.0,0.0,0.0,0.0,0.0
2019-03-30,11,0,82,0.0,0.0,0.0,0.0,0.0
2019-03-30,11,0,83,0.0,0.0,0.0,0.0,0.0
2019-03-30,11,0,84,0.0,0.0,0.0,0.0,0.0
2019-03-30,11,0,86,14.42,14.42,0.0,416.438753,0.0
2019-03-30,11,0,87,73.61,73.61,0.0,2125.801429,0.0
2019-03-30,11,0,88,0.0,0.0,0.0,0.0,0.0
2019-03-30,11,0,89,0.0,0.0,0.0,0.0,0.0
2019-03-30,11,0,90,0.0,0.0,0.0,0.0,0.0
2019-03-30,11,0,91,0.0,0.0,0.0,0.0,0.0
2019-03-30,11,0,92,0.0,0.0,0.0,0.0,0.0
2019-03-30,11,0,95,96.29,96.29,0.0,2159.759339,0.0
2019-03-30,11,0,96,0.0,0.0,0.0,0.0,0.0
2019-03-30,11,0,97,0.0,0.0,0.0,0.0,0.0
2019-03-30,11,0,99,0.0,0.0,0.0,0.0,0.0
2019-03-30,11,0,101,12.74,12.74,0.0,-12740.0,0.0
2019-03-30,11,0,102,0.0,0.0,0.0,0.0,0.0
2019-03-30,11,0,103,0.0,0.0,0.0,0.0,0.0
2019-03-30,11,0,104,0.0,0.0,0.0,0.0,0.0
2019-03-30,11,0,106,275.23,275.23,0.0,-106808.875441,0.0
2019-03-30,11,0,109,83.48,83.48,0.0,401.812663,0.0
2019-03-30,11,0,110,0.0,0.0,0.0,0.0,0.0
2019-03-30,11,0,111,16.97,16.97,0.0,-104.258307,0.0
2019-03-30,11,0,113,0.0,0.0,0.0,0.0,0.0
2019-03-30,11,0,115,0.0,0.0,0.0,0.0,0.0
2019-03-30,11,0,116,110.39,110.39,0.0,2626.493711,0.0
2019-03-30,11,0,117,0.0,0.0,0.0,0.0,0.0
2019-03-30,11,0,119,0.0,0.0,0.0,0.0,0.0
2019-03-30,11,0,120,0.0,0.0,0.0,0.0,0.0
2019-03-30,11,0,123,4.59,4.59,0.0,-1781.247459,0.0
2019-03-30,11,0,125,0.0,0.0,0.0,-0.0,0.0
2019-03-30,11,0,126,206.42,206.42,0.0,-80105.686402,0.0
2019-03-30,11,0,127,264.91,264.91,0.0,-102803.979192,0.0
2019-03-30,11,0,128,0.0,0.0,0.0,-0.0,0.0
2019-03-30,11,0,131,0.0,0.0,0.0,0.0,0.0
2019-03-30,11,0,132,0.0,0.0,0.0,0.0,0.0
2019-03-30,11,0,133,28.07,28.07,0.0,696.990299,0.0
2019-03-30,11,0,134,0.0,0.0,0.0,0.0,0.0
2019-03-30,11,0,135,37.62,37.62,0.0,934.12095,0.0
2019-03-30,11,0,136,36.68,36.68,0.0,903.882447,0.0
2019-03-30,11,0,139,10.11,10.11,0.0,-62.112639,0.0
2019-03-30,11,0,140,0.0,0.0,0.0,0.0,0.0
2019-03-30,11,0,141,0.0,0.0,0.0,0.0,0.0
2019-03-30,11,0,142,484.94,484.94,0.0,6994.055624,0.0
2019-03-30,11,0,143,238.5,238.5,0.0,-238500.0,0.0
2019-03-30,11,0,145,0.0,0.0,0.0,0.0,0.0
2019-03-30,11,0,146,268.0,268.0,0.0,6376.486226,0.0
2019-03-30,11,0,152,8.53,8.53,0.0,200.646525,0.0
2019-03-30,11,0,153,10.6,10.6,0.0,249.435538,0.0
2019-03-30,11,0,154,70.01,70.01,0.0,-430.119273,0.0
2019-03-30,11,0,157,250.0,250.0,0.0,3605.629369,0.0
2019-03-30,11,0,158,273.43,273.43,0.0,3943.548953,0.0
2019-03-30,11,0,159,0.0,0.0,0.0,0.0,0.0
2019-03-30,11,0,160,2.54,2.54,0.0,28.895363,0.0
2019-03-30,11,0,161,68.94,68.94,0.0,783.339867,0.0
2019-03-30,11,0,162,162.5,162.5,0.0,3646.744524,0.0
2019-03-30,11,0,163,0.0,0.0,0.0,0.0,0.0
2019-03-30,11,0,164,23.04,23.04,0.0,-23040.0,0.0
2019-03-30,11,0,167,4.57,4.57,0.0,102.301138,0.0
2019-03-30,11,0,168,2.29,2.29,0.0,51.262496,0.0
2019-03-30,11,0,169,0.0,0.0,0.0,0.0,0.0
2019-03-30,11,0,170,5.0,5.0,0.0,111.926847,0.0
2019-03-30,11,0,172,6.07,6.07,0.0,130.428549,0.0
2019-03-30,11,0,173,9.24,9.24,0.0,198.543623,0.0
2019-03-30,11,0,188,9.03,9.03,0.0,207.36574,0.0
2019-03-30,11,0,190,9.06,9.06,0.0,215.401184,0.0
2019-03-30,11,0,191,23.41,23.41,0.0,556.571935,0.0
2019-03-30,11,0,192,332.6,332.6,0.0,7907.553415,0.0
2019-03-30,11,0,194,0.0,0.0,0.0,0.0,0.0
2019-03-30,11,0,196,6.55,6.55,0.0,156.563902,0.0
2019-03-30,11,0,198,10.51,10.51,0.0,154.419339,0.0
2019-03-30,11,0,199,56.82,56.82,0.0,1192.575779,0.0
2019-03-30,11,0,200,11.59,11.59,0.0,243.258593,0.0
2019-03-30,11,0,204,257.1,257.1,0.0,1170.109461,0.0
2019-03-30,11,0,205,545.8,545.8,0.0,2627.088543,0.0
2019-03-30,11,0,206,0.0,0.0,0.0,0.0,0.0
2019-03-30,11,0,210,2.81,2.81,0.0,14.468508,0.0
2019-03-30,11,0,214,15.42,15.42,0.0,479.362022,0.0
2019-03-30,11,0,217,10.51,10.51,0.0,206.511711,0.0
2019-03-30,11,0,218,14.5,14.5,0.0,284.911495,0.0
2019-03-30,11,0,219,9.88,9.88,0.0,194.132798,0.0
2019-03-30,11,0,221,8.22,8.22,0.0,255.535397,0.0
2019-03-30,11,0,225,8.09,8.09,0.0,26.916032,0.0
2019-03-30,11,0,233,8.16,8.16,0.0,235.654662,0.0
2019-03-30,11,0,236,0.0,0.0,0.0,0.0,0.0
2019-03-30,11,0,237,0.0,0.0,0.0,0.0,0.0
2019-03-30,11,0,238,83.24,83.24,0.0,1992.268908,0.0
2019-03-30,11,0,240,12.87,12.87,0.0,94.629538,0.0
2019-03-30,11,0,245,54.25,54.25,0.0,1378.862302,0.0
2019-03-30,11,0,247,50.31,50.31,0.0,1278.720045,0.0
2019-03-30,11,0,248,0.0,0.0,0.0,0.0,0.0
2019-03-30,11,0,249,104.32,104.32,0.0,2651.482311,0.0
2019-03-30,11,0,251,164.89,164.89,0.0,4020.458712,0.0
2019-03-30,11,0,252,163.6,163.6,0.0,4032.96296,0.0
2019-03-30,11,0,254,19.25,19.25,0.0,177.076609,0.0
2019-03-30,11,0,255,8.82,8.82,0.0,81.133283,0.0
2019-03-30,11,0,258,15.69,15.69,0.0,118.193893,0.0
2019-03-30,11,0,260,6.16,6.16,0.0,70.076944,0.0
2019-03-30,11,0,265,72.49,72.49,0.0,-445.355607,0.0
2019-03-30,11,0,266,6.55,6.55,0.0,-40.241126,0.0
2019-03-30,11,0,267,8.04,8.04,0.0,-49.395214,0.0
2019-03-30,11,0,270,0.0,0.0,0.0,0.0,0.0
2019-03-30,11,0,272,0.0,0.0,0.0,0.0,0.0
2019-03-30,11,0,273,26.4,26.4,0.0,628.131479,0.0
2019-03-30,11,0,274,0.0,0.0,0.0,0.0,0.0
2019-03-30,11,0,275,0.0,0.0,0.0,0.0,0.0
2019-03-30,11,0,276,6.15,6.15,0.0,133.459056,0.0
2019-03-30,11,0,277,8.35,8.35,0.0,250.946492,0.0
2019-03-30,11,0,278,13.36,13.36,0.0,401.514388,0.0
2019-03-30,11,0,279,0.0,0.0,0.0,0.0,0.0
2019-03-30,11,0,281,52.29,52.29,0.0,-52290.0,0.0
2019-03-30,11,0,282,346.83,346.83,0.0,-346830.0,0.0
2019-03-30,12,0,9,4.38,4.38,0.0,-1713.977581,0.0
2019-03-30,12,0,17,62.89,62.89,0.0,1635.814319,0.0
2019-03-30,12,0,19,141.12,141.12,0.0,3670.633116,0.0
2019-03-30,12,0,20,171.15,171.15,0.0,4451.735103,0.0
2019-03-30,12,0,21,100.24,100.24,0.0,-39225.824825,0.0
2019-03-30,12,0,22,356.23,356.23,0.0,-139399.596741,0.0
2019-03-30,12,0,23,0.0,0.0,0.0,-0.0,0.0
2019-03-30,12,0,24,0.0,0.0,0.0,-0.0,0.0
2019-03-30,12,0,29,11.01,11.01,0.0,50.819213,0.0
2019-03-30,12,0,30,800.99,800.99,0.0,-800990.0,0.0
2019-03-30,12,0,31,125.0,125.0,0.0,-125000.0,0.0
2019-03-30,12,0,32,5.12,5.12,0.0,99.652224,0.0
2019-03-30,12,0,33,3.6,3.6,0.0,112.424369,0.0
2019-03-30,12,0,34,5.75,5.75,0.0,179.566701,0.0
2019-03-30,12,0,35,5.75,5.75,0.0,179.566701,0.0
2019-03-30,12,0,36,14.53,14.53,0.0,90.335712,0.0
2019-03-30,12,0,37,7.03,7.03,0.0,44.066816,0.0
2019-03-30,12,0,38,9.04,9.04,0.0,56.66629,0.0
2019-03-30,12,0,39,6.03,6.03,0.0,37.798421,0.0
2019-03-30,12,0,40,6.03,6.03,0.0,37.798421,0.0
2019-03-30,12,0,41,34.8,34.8,0.0,-329.205155,0.0
2019-03-30,12,0,42,82.84,82.84,0.0,2061.024769,0.0
2019-03-30,12,0,43,41.8,41.8,0.0,315.144409,0.0
2019-03-30,12,0,46,33.05,33.05,0.0,168.600761,0.0
2019-03-30,12,0,52,132.5,132.5,0.0,-132500.0,0.0
2019-03-30,12,0,53,210.5,210.5,0.0,-210500.0,0.0
2019-03-30,12,0,55,623.0,623.0,0.0,-243791.788366,0.0
2019-03-30,12,0,56,236.26,236.26,0.0,-236260.0,0.0
2019-03-30,12,0,57,224.74,224.74,0.0,-224740.0,0.0
2019-03-30,12,0,58,432.19,432.19,0.0,-432190.0,0.0
2019-03-30,12,0,59,424.98,424.98,0.0,-424980.0,0.0
2019-03-30,12,0,63,0.0,0.0,0.0,0.0,0.0
2019-03-30,12,0,64,0.0,0.0,0.0,0.0,0.0
2019-03-30,12,0,65,31.52,31.52,0.0,813.234905,0.0
2019-03-30,12,0,67,472.61,472.61,0.0,5486.941674,0.0
2019-03-30,12,0,68,0.0,0.0,0.0,0.0,0.0
2019-03-30,12,0,69,3.6,3.6,0.0,112.424369,0.0
2019-03-30,12,0,74,14.33,14.33,0.0,203.887818,0.0
2019-03-30,12,0,77,0.0,0.0,0.0,0.0,0.0
2019-03-30,12,0,78,0.0,0.0,0.0,0.0,0.0
2019-03-30,12,0,79,0.0,0.0,0.0,0.0,0.0
2019-03-30,12,0,80,0.0,0.0,0.0,0.0,0.0
2019-03-30,12,0,81,0.0,0.0,0.0,0.0,0.0
2019-03-30,12,0,82,0.0,0.0,0.0,0.0,0.0
2019-03-30,12,0,83,0.0,0.0,0.0,0.0,0.0
2019-03-30,12,0,84,0.0,0.0,0.0,0.0,0.0
2019-03-30,12,0,86,18.22,18.22,0.0,568.992223,0.0
2019-03-30,12,0,87,93.01,93.01,0.0,2904.60849,0.0
2019-03-30,12,0,88,0.0,0.0,0.0,0.0,0.0
2019-03-30,12,0,89,0.0,0.0,0.0,0.0,0.0
2019-03-30,12,0,90,0.0,0.0,0.0,0.0,0.0
2019-03-30,12,0,91,0.0,0.0,0.0,0.0,0.0
2019-03-30,12,0,92,0.0,0.0,0.0,0.0,0.0
2019-03-30,12,0,95,120.0,120.0,0.0,2333.493576,0.0
2019-03-30,12,0,96,0.0,0.0,0.0,0.0,0.0
2019-03-30,12,0,97,0.0,0.0,0.0,0.0,0.0
2019-03-30,12,0,99,2.77,2.77,0.0,39.411672,0.0
2019-03-30,12,0,101,16.13,16.13,0.0,-16130.0,0.0
2019-03-30,12,0,102,0.0,0.0,0.0,0.0,0.0
2019-03-30,12,0,103,0.0,0.0,0.0,0.0,0.0
2019-03-30,12,0,104,0.0,0.0,0.0,0.0,0.0
2019-03-30,12,0,106,350.68,350.68,0.0,-137227.775833,0.0
2019-03-30,12,0,109,60.0,60.0,0.0,158.446163,0.0
2019-03-30,12,0,110,338.6,338.6,0.0,765.287703,0.0
2019-03-30,12,0,111,22.55,22.55,0.0,-213.321157,0.0
2019-03-30,12,0,113,0.0,0.0,0.0,0.0,0.0
2019-03-30,12,0,115,0.0,0.0,0.0,0.0,0.0
2019-03-30,12,0,116,140.01,140.01,0.0,316.443979,0.0
2019-03-30,12,0,117,0.0,0.0,0.0,0.0,0.0
2019-03-30,12,0,119,0.0,0.0,0.0,0.0,0.0
2019-03-30,12,0,120,0.0,0.0,0.0,0.0,0.0
2019-03-30,12,0,123,5.84,5.84,0.0,-2285.303442,0.0
2019-03-30,12,0,125,0.0,0.0,0.0,-0.0,0.0
2019-03-30,12,0,126,263.01,263.01,0.0,-102920.831875,0.0
2019-03-30,12,0,127,337.53,337.53,0.0,-132081.929899,0.0
2019-03-30,12,0,128,0.0,0.0,0.0,-0.0,0.0
2019-03-30,12,0,131,0.0,0.0,0.0,0.0,0.0
2019-03-30,12,0,132,0.0,0.0,0.0,0.0,0.0
2019-03-30,12,0,133,23.16,23.16,0.0,602.866818,0.0
2019-03-30,12,0,134,0.0,0.0,0.0,0.0,0.0
2019-03-30,12,0,135,31.03,31.03,0.0,807.727002,0.0
2019-03-30,12,0,136,41.38,41.38,0.0,1067.151488,0.0
2019-03-30,12,0,139,44.94,44.94,0.0,-425.128726,0.0
2019-03-30,12,0,140,250.6,250.6,0.0,566.394265,0.0
2019-03-30,12,0,141,0.0,0.0,0.0,0.0,0.0
2019-03-30,12,0,142,623.26,623.26,0.0,7235.968913,0.0
2019-03-30,12,0,143,238.5,238.5,0.0,-238500.0,0.0
2019-03-30,12,0,145,0.0,0.0,0.0,-0.0,0.0
2019-03-30,12,0,146,268.0,268.0,0.0,605.720922,0.0
2019-03-30,12,0,152,10.86,10.86,0.0,255.45384,0.0
2019-03-30,12,0,153,13.58,13.58,0.0,318.860139,0.0
2019-03-30,12,0,154,93.03,93.03,0.0,-880.056195,0.0
2019-03-30,12,0,157,250.0,250.0,0.0,2902.468036,0.0
2019-03-30,12,0,158,354.71,354.71,0.0,4118.137748,0.0
2019-03-30,12,0,159,0.0,0.0,0.0,0.0,0.0
2019-03-30,12,0,160,3.21,3.21,0.0,36.023041,0.0
2019-03-30,12,0,161,87.59,87.59,0.0,1284.334203,0.0
2019-03-30,12,0,162,162.5,162.5,0.0,3166.301461,0.0
2019-03-30,12,0,163,0.0,0.0,0.0,0.0,0.0
2019-03-30,12,0,164,30.12,30.12,0.0,-30120.0,0.0
2019-03-30,12,0,167,5.64,5.64,0.0,109.295255,0.0
2019-03-30,12,0,168,2.82,2.82,0.0,54.647627,0.0
2019-03-30,12,0,169,0.0,0.0,0.0,0.0,0.0
2019-03-30,12,0,170,6.17,6.17,0.0,119.565908,0.0
2019-03-30,12,0,172,7.35,7.35,0.0,120.483856,0.0
2019-03-30,12,0,173,11.2,11.2,0.0,183.594447,0.0
2019-03-30,12,0,188,10.86,10.86,0.0,203.218598,0.0
2019-03-30,12,0,190,11.15,11.15,0.0,247.342425,0.0
2019-03-30,12,0,191,28.82,28.82,0.0,639.319165,0.0
2019-03-30,12,0,192,332.6,332.6,0.0,7378.124712,0.0
2019-03-30,12,0,194,0.0,0.0,0.0,0.0,0.0
2019-03-30,12,0,196,8.4,8.4,0.0,219.09613,0.0
2019-03-30,12,0,198,13.02,13.02,0.0,204.012561,0.0
2019-03-30,12,0,199,113.69,113.69,0.0,2520.995171,0.0
2019-03-30,12,0,200,14.26,14.26,0.0,316.205393,0.0
2019-03-30,12,0,204,257.1,257.1,0.0,572.282411,0.0
2019-03-30,12,0,205,317.4,317.4,0.0,838.180202,0.0
2019-03-30,12,0,206,0.0,0.0,0.0,0.0,0.0
2019-03-30,12,0,210,3.41,3.41,0.0,21.136377,0.0
2019-03-30,12,0,214,19.43,19.43,0.0,662.804349,0.0
2019-03-30,12,0,217,12.95,12.95,0.0,285.382832,0.0
2019-03-30,12,0,218,17.87,17.87,0.0,393.806271,0.0
2019-03-30,12,0,219,12.17,12.17,0.0,268.193751,0.0
2019-03-30,12,0,221,10.36,10.36,0.0,353.404686,0.0
2019-03-30,12,0,225,9.84,9.84,0.0,43.914877,0.0
2019-03-30,12,0,233,10.31,10.31,0.0,321.970901,0.0
2019-03-30,12,0,236,0.0,0.0,0.0,0.0,0.0
2019-03-30,12,0,237,34.39,34.39,0.0,489.302308,0.0
2019-03-30,12,0,238,107.82,107.82,0.0,2682.516786,0.0
2019-03-30,12,0,240,16.47,16.47,0.0,102.397053,0.0
2019-03-30,12,0,245,51.45,51.45,0.0,1378.006133,0.0
2019-03-30,12,0,247,46.97,46.97,0.0,1258.016484,0.0
2019-03-30,12,0,248,3.45,3.45,0.0,49.086739,0.0
2019-03-30,12,0,249,98.94,98.94,0.0,2649.949987,0.0
2019-03-30,12,0,251,237.51,237.51,0.0,6045.962805,0.0
2019-03-30,12,0,252,203.31,203.31,0.0,5245.519941,0.0
2019-03-30,12,0,254,24.83,24.83,0.0,210.148276,0.0
2019-03-30,12,0,255,11.38,11.38,0.0,96.314433,0.0
2019-03-30,12,0,258,19.92,19.92,0.0,128.100035,0.0
2019-03-30,12,0,260,7.8,7.8,0.0,87.532624,0.0
2019-03-30,12,0,265,96.31,96.31,0.0,-911.084727,0.0
2019-03-30,12,0,266,29.1,29.1,0.0,-275.283621,0.0
2019-03-30,12,0,267,35.76,35.76,0.0,-338.286677,0.0
2019-03-30,12,0,270,0.0,0.0,0.0,0.0,0.0
2019-03-30,12,0,272,0.0,0.0,0.0,0.0,0.0
2019-03-30,12,0,273,33.48,33.48,0.0,75.669912,0.0
2019-03-30,12,0,274,0.0,0.0,0.0,0.0,0.0
2019-03-30,12,0,275,0.0,0.0,0.0,0.0,0.0
2019-03-30,12,0,276,7.83,7.83,0.0,34.042864,0.0
2019-03-30,12,0,277,10.56,10.56,0.0,224.501775,0.0
2019-03-30,12,0,278,16.89,16.89,0.0,359.075283,0.0
2019-03-30,12,0,279,0.0,0.0,0.0,0.0,0.0
2019-03-30,12,0,281,56.1,56.1,0.0,-56100.0,0.0
2019-03-30,12,0,282,439.39,439.39,0.0,-439390.0,0.0
2019-03-30,13,0,9,4.92,4.92,0.0,-1911.180922,0.0
2019-03-30,13,0,17,66.67,66.67,0.0,952.878304,0.0
2019-03-30,13,0,19,123.15,123.15,0.0,1760.116441,0.0
2019-03-30,13,0,20,149.36,149.36,0.0,2134.721816,0.0
2019-03-30,13,0,21,112.49,112.49,0.0,-43696.898775,0.0
2019-03-30,13,0,22,399.79,399.79,0.0,-155298.988009,0.0
2019-03-30,13,0,23,90.35,90.35,0.0,-35096.584623,0.0
2019-03-30,13,0,24,157.79,157.79,0.0,-61293.747512,0.0
2019-03-30,13,0,29,9.12,9.12,0.0,47.608299,0.0
2019-03-30,13,0,30,917.69,917.69,0.0,-917690.0,0.0
2019-03-30,13,0,31,125.0,125.0,0.0,-125000.0,0.0
2019-03-30,13,0,32,7.66,7.66,0.0,187.546846,0.0
2019-03-30,13,0,33,3.4,3.4,0.0,64.332539,0.0
2019-03-30,13,0,34,5.44,5.44,0.0,102.932062,0.0
2019-03-30,13,0,35,5.44,5.44,0.0,102.932062,0.0
2019-03-30,13,0,36,12.68,12.68,0.0,91.035044,0.0
2019-03-30,13,0,37,6.3,6.3,0.0,44.875359,0.0
2019-03-30,13,0,38,8.1,8.1,0.0,57.696891,0.0
2019-03-30,13,0,39,5.4,5.4,0.0,38.464594,0.0
2019-03-30,13,0,40,5.4,5.4,0.0,38.464594,0.0
2019-03-30,13,0,41,34.8,34.8,0.0,-246.110277,0.0
2019-03-30,13,0,42,88.86,88.86,0.0,1180.867835,0.0
2019-03-30,13,0,43,35.64,35.64,0.0,277.350105,0.0
2019-03-30,13,0,46,38.53,38.53,0.0,237.696459,0.0
2019-03-30,13,0,52,132.5,132.5,0.0,-132500.0,0.0
2019-03-30,13,0,53,210.5,210.5,0.0,-210500.0,0.0
2019-03-30,13,0,55,623.0,623.0,0.0,-242005.226568,0.0
2019-03-30,13,0,56,270.69,270.69,0.0,-270690.0,0.0
2019-03-30,13,0,57,257.48,257.48,0.0,-257480.0,0.0
2019-03-30,13,0,58,495.16,495.16,0.0,-495160.0,0.0
2019-03-30,13,0,59,486.9,486.9,0.0,-486900.0,0.0
2019-03-30,13,0,63,0.0,0.0,0.0,0.0,0.0
2019-03-30,13,0,64,0.0,0.0,0.0,0.0,0.0
2019-03-30,13,0,65,38.72,38.72,0.0,546.187049,0.0
2019-03-30,13,0,67,497.27,497.27,0.0,14438.754035,0.0
2019-03-30,13,0,68,0.0,0.0,0.0,0.0,0.0
2019-03-30,13,0,69,3.4,3.4,0.0,64.332539,0.0
2019-03-30,13,0,74,45.66,45.66,0.0,392.515238,0.0
2019-03-30,13,0,77,0.0,0.0,0.0,0.0,0.0
2019-03-30,13,0,78,0.0,0.0,0.0,0.0,0.0
2019-03-30,13,0,79,0.0,0.0,0.0,0.0,0.0
2019-03-30,13,0,80,0.0,0.0,0.0,0.0,0.0
2019-03-30,13,0,81,0.0,0.0,0.0,0.0,0.0
2019-03-30,13,0,82,0.0,0.0,0.0,0.0,0.0
2019-03-30,13,0,83,0.0,0.0,0.0,0.0,0.0
2019-03-30,13,0,84,0.0,0.0,0.0,0.0,0.0
2019-03-30,13,0,86,17.21,17.21,0.0,325.636175,0.0
2019-03-30,13,0,87,87.89,87.89,0.0,1662.996132,0.0
2019-03-30,13,0,88,0.0,0.0,0.0,0.0,0.0
2019-03-30,13,0,89,0.0,0.0,0.0,0.0,0.0
2019-03-30,13,0,90,0.0,0.0,0.0,0.0,0.0
2019-03-30,13,0,91,0.0,0.0,0.0,0.0,0.0
2019-03-30,13,0,92,0.0,0.0,0.0,0.0,0.0
2019-03-30,13,0,95,0.0,0.0,0.0,0.0,0.0
2019-03-30,13,0,96,0.0,0.0,0.0,0.0,0.0
2019-03-30,13,0,97,0.0,0.0,0.0,0.0,0.0
2019-03-30,13,0,99,8.81,8.81,0.0,75.734981,0.0
2019-03-30,13,0,101,18.49,18.49,0.0,-18490.0,0.0
2019-03-30,13,0,102,0.0,0.0,0.0,0.0,0.0
2019-03-30,13,0,103,0.0,0.0,0.0,0.0,0.0
2019-03-30,13,0,104,0.0,0.0,0.0,0.0,0.0
2019-03-30,13,0,106,393.56,393.56,0.0,-152878.935743,0.0
2019-03-30,13,0,109,0.0,0.0,0.0,0.0,0.0
2019-03-30,13,0,110,338.6,338.6,0.0,9033.088945,0.0
2019-03-30,13,0,111,23.91,23.91,0.0,-169.094733,0.0
2019-03-30,13,0,113,0.0,0.0,0.0,0.0,0.0
2019-03-30,13,0,115,0.0,0.0,0.0,0.0,0.0
2019-03-30,13,0,116,142.01,142.01,0.0,3788.50845,0.0
2019-03-30,13,0,117,0.0,0.0,0.0,0.0,0.0
2019-03-30,13,0,119,0.0,0.0,0.0,0.0,0.0
2019-03-30,13,0,120,0.0,0.0,0.0,0.0,0.0
2019-03-30,13,0,123,6.56,6.56,0.0,-2548.24123,0.0
2019-03-30,13,0,125,143.27,143.27,0.0,-55653.433082,0.0
2019-03-30,13,0,126,295.17,295.17,0.0,-114659.201807,0.0
2019-03-30,13,0,127,378.8,378.8,0.0,-147145.392976,0.0
2019-03-30,13,0,128,202.25,202.25,0.0,-78564.297068,0.0
2019-03-30,13,0,131,0.0,0.0,0.0,0.0,0.0
2019-03-30,13,0,132,0.0,0.0,0.0,0.0,0.0
2019-03-30,13,0,133,19.2,19.2,0.0,274.752397,0.0
2019-03-30,13,0,134,0.0,0.0,0.0,0.0,0.0
2019-03-30,13,0,135,25.73,25.73,0.0,368.196832,0.0
2019-03-30,13,0,136,45.9,45.9,0.0,646.998967,0.0
2019-03-30,13,0,139,44.94,44.94,0.0,-317.82172,0.0
2019-03-30,13,0,140,250.6,250.6,0.0,6685.446219,0.0
2019-03-30,13,0,141,0.0,0.0,0.0,0.0,0.0
2019-03-30,13,0,142,655.77,655.77,0.0,19040.967148,0.0
2019-03-30,13,0,143,238.5,238.5,0.0,-238500.0,0.0
2019-03-30,13,0,145,0.0,0.0,0.0,-0.0,0.0
2019-03-30,13,0,146,268.0,268.0,0.0,7149.639213,0.0
2019-03-30,13,0,152,10.37,10.37,0.0,95.038631,0.0
2019-03-30,13,0,153,13.06,13.06,0.0,116.709685,0.0
2019-03-30,13,0,154,98.63,98.63,0.0,-697.524615,0.0
2019-03-30,13,0,157,250.0,250.0,0.0,7259.011219,0.0
2019-03-30,13,0,158,383.3,383.3,0.0,11129.516001,0.0
2019-03-30,13,0,159,0.0,0.0,0.0,0.0,0.0
2019-03-30,13,0,160,2.77,2.77,0.0,27.28875,0.0
2019-03-30,13,0,161,90.55,90.55,0.0,2698.946286,0.0
2019-03-30,13,0,162,0.0,0.0,0.0,0.0,0.0
2019-03-30,13,0,163,0.0,0.0,0.0,0.0,0.0
2019-03-30,13,0,164,33.0,33.0,0.0,-33000.0,0.0
2019-03-30,13,0,167,8.84,8.84,0.0,215.871934,0.0
2019-03-30,13,0,168,4.42,4.42,0.0,107.935967,0.0
2019-03-30,13,0,169,0.0,0.0,0.0,0.0,0.0
2019-03-30,13,0,170,9.67,9.67,0.0,236.140452,0.0
2019-03-30,13,0,172,11.15,11.15,0.0,253.922058,0.0
2019-03-30,13,0,173,16.99,16.99,0.0,386.918007,0.0
2019-03-30,13,0,188,15.26,15.26,0.0,368.677442,0.0
2019-03-30,13,0,190,10.15,10.15,0.0,257.180135,0.0
2019-03-30,13,0,191,26.22,26.22,0.0,664.360901,0.0
2019-03-30,13,0,192,332.6,332.6,0.0,8427.40029,0.0
2019-03-30,13,0,194,0.0,0.0,0.0,0.0,0.0
2019-03-30,13,0,196,7.96,7.96,0.0,207.52199,0.0
2019-03-30,13,0,198,9.62,9.62,0.0,119.491091,0.0
2019-03-30,13,0,199,0.0,0.0,0.0,0.0,0.0
2019-03-30,13,0,200,25.37,25.37,0.0,548.209186,0.0
2019-03-30,13,0,204,0.0,0.0,0.0,0.0,0.0
2019-03-30,13,0,205,0.0,0.0,0.0,0.0,0.0
2019-03-30,13,0,206,0.0,0.0,0.0,0.0,0.0
2019-03-30,13,0,210,2.65,2.65,0.0,17.46382,0.0
2019-03-30,13,0,214,15.2,15.2,0.0,329.093417,0.0
2019-03-30,13,0,217,11.46,11.46,0.0,173.204662,0.0
2019-03-30,13,0,218,15.81,15.81,0.0,238.949887,0.0
2019-03-30,13,0,219,10.77,10.77,0.0,162.776109,0.0
2019-03-30,13,0,221,8.11,8.11,0.0,175.588658,0.0
2019-03-30,13,0,225,8.38,8.38,0.0,42.636699,0.0
2019-03-30,13,0,233,9.74,9.74,0.0,184.293803,0.0
2019-03-30,13,0,236,19.26,19.26,0.0,226.936688,0.0
2019-03-30,13,0,237,109.54,109.54,0.0,941.658327,0.0
2019-03-30,13,0,238,115.66,115.66,0.0,1537.015236,0.0
2019-03-30,13,0,240,14.37,14.37,0.0,103.168264,0.0
2019-03-30,13,0,245,49.54,49.54,0.0,742.003614,0.0
2019-03-30,13,0,247,44.94,44.94,0.0,673.105418,0.0
2019-03-30,13,0,248,11.0,11.0,0.0,94.561271,0.0
2019-03-30,13,0,249,95.26,95.26,0.0,1426.79177,0.0
2019-03-30,13,0,251,326.4,326.4,0.0,4504.336299,0.0
2019-03-30,13,0,252,249.75,249.75,0.0,3522.991101,0.0
2019-03-30,13,0,254,20.58,20.58,0.0,170.840992,0.0
2019-03-30,13,0,255,9.43,9.43,0.0,78.281368,0.0
2019-03-30,13,0,258,17.01,17.01,0.0,123.777344,0.0
2019-03-30,13,0,260,6.73,6.73,0.0,66.300826,0.0
2019-03-30,13,0,265,102.11,102.11,0.0,-722.135643,0.0
2019-03-30,13,0,266,29.1,29.1,0.0,-205.799111,0.0
2019-03-30,13,0,267,35.76,35.76,0.0,-252.899526,0.0
2019-03-30,13,0,270,0.0,0.0,0.0,0.0,0.0
2019-03-30,13,0,272,0.0,0.0,0.0,0.0,0.0
2019-03-30,13,0,273,33.96,33.96,0.0,905.97667,0.0
2019-03-30,13,0,274,0.0,0.0,0.0,0.0,0.0
2019-03-30,13,0,275,0.0,0.0,0.0,0.0,0.0
2019-03-30,13,0,276,7.68,7.68,0.0,208.929131,0.0
2019-03-30,13,0,277,11.69,11.69,0.0,347.731245,0.0
2019-03-30,13,0,278,18.7,18.7,0.0,556.251007,0.0
2019-03-30,13,0,279,0.0,0.0,0.0,0.0,0.0
2019-03-30,13,0,281,56.1,56.1,0.0,-56100.0,0.0
2019-03-30,13,0,282,503.41,503.41,0.0,-503410.0,0.0
2019-03-30,14,0,9,5.1,5.1,0.0,-2423.71768,0.0
2019-03-30,14,0,17,67.79,67.79,0.0,2946.353692,0.0
2019-03-30,14,0,19,113.36,113.36,0.0,4926.960533,0.0
2019-03-30,14,0,20,137.48,137.48,0.0,5975.286998,0.0
2019-03-30,14,0,21,116.52,116.52,0.0,-55374.820413,0.0
2019-03-30,14,0,22,414.1,414.1,0.0,-196796.370863,0.0
2019-03-30,14,0,23,42.61,42.61,0.0,-20249.923599,0.0
2019-03-30,14,0,24,73.27,73.27,0.0,-34820.744007,0.0
2019-03-30,14,0,29,9.11,9.11,0.0,55.539727,0.0
2019-03-30,14,0,30,974.72,974.72,0.0,-974720.0,0.0
2019-03-30,14,0,31,125.0,125.0,0.0,-125000.0,0.0
2019-03-30,14,0,32,7.6,7.6,0.0,504.681873,0.0
2019-03-30,14,0,33,3.45,3.45,0.0,280.711741,0.0
2019-03-30,14,0,34,5.52,5.52,0.0,449.138786,0.0
2019-03-30,14,0,35,5.52,5.52,0.0,449.138786,0.0
2019-03-30,14,0,36,13.28,13.28,0.0,-240.505868,0.0
2019-03-30,14,0,37,6.45,6.45,0.0,-124.658972,0.0
2019-03-30,14,0,38,8.29,8.29,0.0,-160.220601,0.0
2019-03-30,14,0,39,5.53,5.53,0.0,-106.878157,0.0
2019-03-30,14,0,40,5.53,5.53,0.0,-106.878157,0.0
2019-03-30,14,0,41,0.0,0.0,0.0,-0.0,0.0
2019-03-30,14,0,42,91.29,91.29,0.0,3217.695287,0.0
2019-03-30,14,0,43,36.82,36.82,0.0,-465.464651,0.0
2019-03-30,14,0,46,39.15,39.15,0.0,-1241.841208,0.0
2019-03-30,14,0,52,132.5,132.5,0.0,-132500.0,0.0
2019-03-30,14,0,53,210.5,210.5,0.0,-210500.0,0.0
2019-03-30,14,0,55,623.0,623.0,0.0,-296073.748001,0.0
2019-03-30,14,0,56,287.51,287.51,0.0,-287510.0,0.0
2019-03-30,14,0,57,273.48,273.48,0.0,-273480.0,0.0
2019-03-30,14,0,58,525.93,525.93,0.0,-525930.0,0.0
2019-03-30,14,0,59,517.16,517.16,0.0,-517160.0,0.0
2019-03-30,14,0,63,0.0,0.0,0.0,0.0,0.0
2019-03-30,14,0,64,0.0,0.0,0.0,0.0,0.0
2019-03-30,14,0,65,28.91,28.91,0.0,1212.39103,0.0
2019-03-30,14,0,67,504.01,504.01,0.0,-258942.977049,0.0
2019-03-30,14,0,68,0.0,0.0,0.0,-0.0,0.0
2019-03-30,14,0,69,3.45,3.45,0.0,280.711741,0.0
2019-03-30,14,0,74,217.6,217.6,0.0,-215.716159,0.0
2019-03-30,14,0,77,0.0,0.0,0.0,-0.0,0.0
2019-03-30,14,0,78,0.0,0.0,0.0,-0.0,0.0
2019-03-30,14,0,79,0.0,0.0,0.0,-0.0,0.0
2019-03-30,14,0,80,0.0,0.0,0.0,-0.0,0.0
2019-03-30,14,0,81,0.0,0.0,0.0,-0.0,0.0
2019-03-30,14,0,82,0.0,0.0,0.0,-0.0,0.0
2019-03-30,14,0,83,0.0,0.0,0.0,-0.0,0.0
2019-03-30,14,0,84,0.0,0.0,0.0,-0.0,0.0
2019-03-30,14,0,86,17.49,17.49,0.0,1423.086478,0.0
2019-03-30,14,0,87,89.28,89.28,0.0,7264.331663,0.0
2019-03-30,14,0,88,0.0,0.0,0.0,-0.0,0.0
2019-03-30,14,0,89,0.0,0.0,0.0,-0.0,0.0
2019-03-30,14,0,90,0.0,0.0,0.0,-0.0,0.0
2019-03-30,14,0,91,0.0,0.0,0.0,-0.0,0.0
2019-03-30,14,0,92,0.0,0.0,0.0,-0.0,0.0
2019-03-30,14,0,95,0.0,0.0,0.0,0.0,0.0
2019-03-30,14,0,96,0.0,0.0,0.0,-0.0,0.0
2019-03-30,14,0,97,0.0,0.0,0.0,-0.0,0.0
2019-03-30,14,0,99,42.0,42.0,0.0,-41.636391,0.0
2019-03-30,14,0,101,19.63,19.63,0.0,-19630.0,0.0
2019-03-30,14,0,102,0.0,0.0,0.0,-0.0,0.0
2019-03-30,14,0,103,0.0,0.0,0.0,-0.0,0.0
2019-03-30,14,0,104,0.0,0.0,0.0,-0.0,0.0
2019-03-30,14,0,106,407.64,407.64,0.0,-193726.328468,0.0
2019-03-30,14,0,109,0.0,0.0,0.0,-0.0,0.0
2019-03-30,14,0,110,338.6,338.6,0.0,-338600.0,0.0
2019-03-30,14,0,111,25.18,25.18,0.0,-2361.373985,0.0
2019-03-30,14,0,113,0.0,0.0,0.0,-0.0,0.0
2019-03-30,14,0,115,0.0,0.0,0.0,-0.0,0.0
2019-03-30,14,0,116,147.2,147.2,0.0,-147200.0,0.0
2019-03-30,14,0,117,0.0,0.0,0.0,-0.0,0.0
2019-03-30,14,0,119,0.0,0.0,0.0,0.0,0.0
2019-03-30,14,0,120,0.0,0.0,0.0,0.0,0.0
2019-03-30,14,0,123,6.79,6.79,0.0,-3226.871186,0.0
2019-03-30,14,0,125,66.79,66.79,0.0,-31741.196836,0.0
2019-03-30,14,0,126,305.73,305.73,0.0,-145294.746351,0.0
2019-03-30,14,0,127,392.35,392.35,0.0,-186459.927814,0.0
2019-03-30,14,0,128,92.7,92.7,0.0,-44054.63313,0.0
2019-03-30,14,0,131,0.0,0.0,0.0,-0.0,0.0
2019-03-30,14,0,132,0.0,0.0,0.0,-0.0,0.0
2019-03-30,14,0,133,17.41,17.41,0.0,759.193477,0.0
2019-03-30,14,0,134,0.0,0.0,0.0,0.0,0.0
2019-03-30,14,0,135,23.33,23.33,0.0,1017.345423,0.0
2019-03-30,14,0,136,35.74,35.74,0.0,1495.824411,0.0
2019-03-30,14,0,139,0.0,0.0,0.0,-0.0,0.0
2019-03-30,14,0,140,250.6,250.6,0.0,-250600.0,0.0
2019-03-30,14,0,141,230.0,230.0,0.0,-118166.077501,0.0
2019-03-30,14,0,142,664.67,664.67,0.0,-341484.551011,0.0
2019-03-30,14,0,143,238.5,238.5,0.0,-238500.0,0.0
2019-03-30,14,0,145,0.0,0.0,0.0,-0.0,0.0
2019-03-30,14,0,146,268.0,268.0,0.0,-268000.0,0.0
2019-03-30,14,0,152,10.75,10.75,0.0,1.431358,0.0
2019-03-30,14,0,153,13.49,13.49,0.0,-24.610005,0.0
2019-03-30,14,0,154,103.86,103.86,0.0,-9739.964339,0.0
2019-03-30,14,0,157,250.0,250.0,0.0,-128441.388588,0.0
2019-03-30,14,0,158,393.63,393.63,0.0,-202233.535159,0.0
2019-03-30,14,0,159,0.0,0.0,0.0,0.0,0.0
2019-03-30,14,0,160,2.89,2.89,0.0,27.750712,0.0
2019-03-30,14,0,161,92.79,92.79,0.0,-32939.121862,0.0
2019-03-30,14,0,162,162.5,162.5,0.0,4293.933354,0.0
2019-03-30,14,0,163,130.61,130.61,0.0,-130610.0,0.0
2019-03-30,14,0,164,33.42,33.42,0.0,-33420.0,0.0
2019-03-30,14,0,167,8.71,8.71,0.0,186.390025,0.0
2019-03-30,14,0,168,4.35,4.35,0.0,93.088015,0.0
2019-03-30,14,0,169,0.0,0.0,0.0,0.0,0.0
2019-03-30,14,0,170,9.53,9.53,0.0,203.937651,0.0
2019-03-30,14,0,172,11.03,11.03,0.0,97.512345,0.0
2019-03-30,14,0,173,16.81,16.81,0.0,148.611288,0.0
2019-03-30,14,0,188,15.28,15.28,0.0,584.159893,0.0
2019-03-30,14,0,190,10.55,10.55,0.0,342.110728,0.0
2019-03-30,14,0,191,27.25,27.25,0.0,883.650931,0.0
2019-03-30,14,0,192,332.6,332.6,0.0,10785.405497,0.0
2019-03-30,14,0,194,0.0,0.0,0.0,-0.0,0.0
2019-03-30,14,0,196,8.18,8.18,0.0,2565.179424,0.0
2019-03-30,14,0,198,10.0,10.0,0.0,414.839021,0.0
2019-03-30,14,0,199,0.0,0.0,0.0,0.0,0.0
2019-03-30,14,0,200,25.7,25.7,0.0,1739.398133,0.0
2019-03-30,14,0,204,0.0,0.0,0.0,-0.0,0.0
2019-03-30,14,0,205,0.0,0.0,0.0,-0.0,0.0
2019-03-30,14,0,206,0.0,0.0,0.0,-0.0,0.0
2019-03-30,14,0,210,2.64,2.64,0.0,43.738877,0.0
2019-03-30,14,0,214,15.39,15.39,0.0,1597.407216,0.0
2019-03-30,14,0,217,11.3,11.3,0.0,745.673321,0.0
2019-03-30,14,0,218,15.59,15.59,0.0,1028.765227,0.0
2019-03-30,14,0,219,10.62,10.62,0.0,700.800944,0.0
2019-03-30,14,0,221,8.21,8.21,0.0,852.158105,0.0
2019-03-30,14,0,225,8.46,8.46,0.0,43.021916,0.0
2019-03-30,14,0,233,9.89,9.89,0.0,804.706991,0.0
2019-03-30,14,0,236,97.45,97.45,0.0,2200.040252,0.0
2019-03-30,14,0,237,522.0,522.0,0.0,-517.480859,0.0
2019-03-30,14,0,238,118.83,118.83,0.0,4188.396658,0.0
2019-03-30,14,0,240,15.05,15.05,0.0,-272.561244,0.0
2019-03-30,14,0,245,45.97,45.97,0.0,2255.991963,0.0
2019-03-30,14,0,247,41.55,41.55,0.0,2039.079096,0.0
2019-03-30,14,0,248,52.4,52.4,0.0,-51.946354,0.0
2019-03-30,14,0,249,88.4,88.4,0.0,4338.257332,0.0
2019-03-30,14,0,251,236.03,236.03,0.0,9306.884257,0.0
2019-03-30,14,0,252,186.52,186.52,0.0,7822.039946,0.0
2019-03-30,14,0,254,20.87,20.87,0.0,-147.338674,0.0
2019-03-30,14,0,255,9.57,9.57,0.0,-67.562583,0.0
2019-03-30,14,0,258,17.9,17.9,0.0,-308.365679,0.0
2019-03-30,14,0,260,7.01,7.01,0.0,67.31228,0.0
2019-03-30,14,0,265,107.53,107.53,0.0,-10084.136004,0.0
2019-03-30,14,0,266,0.0,0.0,0.0,-0.0,0.0
2019-03-30,14,0,267,0.0,0.0,0.0,-0.0,0.0
2019-03-30,14,0,270,454.05,454.05,0.0,-454050.0,0.0
2019-03-30,14,0,272,0.0,0.0,0.0,-0.0,0.0
2019-03-30,14,0,273,35.2,35.2,0.0,-35200.0,0.0
2019-03-30,14,0,274,605.65,605.65,0.0,-605650.0,0.0
2019-03-30,14,0,275,880.86,880.86,0.0,-880860.0,0.0
2019-03-30,14,0,276,7.89,7.89,0.0,-7033.415142,0.0
2019-03-30,14,0,277,12.03,12.03,0.0,-2533.232774,0.0
2019-03-30,14,0,278,19.25,19.25,0.0,-4053.593591,0.0
2019-03-30,14,0,279,0.0,0.0,0.0,-0.0,0.0
2019-03-30,14,0,281,56.1,56.1,0.0,-56100.0,0.0
2019-03-30,14,0,282,534.69,534.69,0.0,-534690.0,0.0
2019-03-30,15,0,9,4.89,4.89,0.0,-1947.143852,0.0
2019-03-30,15,0,17,65.59,65.59,0.0,439.453519,0.0
2019-03-30,15,0,19,115.98,115.98,0.0,777.066917,0.0
2019-03-30,15,0,20,140.66,140.66,0.0,942.423113,0.0
2019-03-30,15,0,21,111.9,111.9,0.0,-44557.340896,0.0
2019-03-30,15,0,22,397.69,397.69,0.0,-158355.754255,0.0
2019-03-30,15,0,23,32.64,32.64,0.0,-12996.886567,0.0
2019-03-30,15,0,24,57.75,57.75,0.0,-22995.410516,0.0
2019-03-30,15,0,29,8.34,8.34,0.0,42.542126,0.0
2019-03-30,15,0,30,945.54,945.54,0.0,-945540.0,0.0
2019-03-30,15,0,31,125.0,125.0,0.0,-125000.0,0.0
2019-03-30,15,0,32,7.16,7.16,0.0,312.679402,0.0
2019-03-30,15,0,33,3.4,3.4,0.0,42.887484,0.0
2019-03-30,15,0,34,5.45,5.45,0.0,68.746115,0.0
2019-03-30,15,0,35,5.45,5.45,0.0,68.746115,0.0
2019-03-30,15,0,36,13.0,13.0,0.0,-28.299547,0.0
2019-03-30,15,0,37,6.34,6.34,0.0,-14.097367,0.0
2019-03-30,15,0,38,8.15,8.15,0.0,-18.122009,0.0
2019-03-30,15,0,39,5.43,5.43,0.0,-12.073928,0.0
2019-03-30,15,0,40,5.43,5.43,0.0,-12.073928,0.0
2019-03-30,15,0,41,0.0,0.0,0.0,-0.0,0.0
2019-03-30,15,0,42,87.52,87.52,0.0,474.189409,0.0
2019-03-30,15,0,43,35.21,35.21,0.0,-35.426831,0.0
2019-03-30,15,0,46,37.8,37.8,0.0,-141.534796,0.0
2019-03-30,15,0,52,132.5,132.5,0.0,-132500.0,0.0
2019-03-30,15,0,53,210.5,210.5,0.0,-210500.0,0.0
2019-03-30,15,0,55,623.0,623.0,0.0,-248071.701327,0.0
2019-03-30,15,0,56,278.9,278.9,0.0,-278900.0,0.0
2019-03-30,15,0,57,265.3,265.3,0.0,-265300.0,0.0
2019-03-30,15,0,58,510.18,510.18,0.0,-510180.0,0.0
2019-03-30,15,0,59,501.68,501.68,0.0,-501680.0,0.0
2019-03-30,15,0,63,0.0,0.0,0.0,0.0,0.0
2019-03-30,15,0,64,0.0,0.0,0.0,0.0,0.0
2019-03-30,15,0,65,23.13,23.13,0.0,149.463109,0.0
2019-03-30,15,0,67,477.7,477.7,0.0,-263407.850517,0.0
2019-03-30,15,0,68,34.0,34.0,0.0,-13767.312806,0.0
2019-03-30,15,0,69,3.4,3.4,0.0,42.887484,0.0
2019-03-30,15,0,74,217.6,217.6,0.0,-117.616241,0.0
2019-03-30,15,0,77,0.0,0.0,0.0,-0.0,0.0
2019-03-30,15,0,78,0.0,0.0,0.0,-0.0,0.0
2019-03-30,15,0,79,0.0,0.0,0.0,-0.0,0.0
2019-03-30,15,0,80,0.0,0.0,0.0,-0.0,0.0
2019-03-30,15,0,81,0.0,0.0,0.0,-0.0,0.0
2019-03-30,15,0,82,0.0,0.0,0.0,-0.0,0.0
2019-03-30,15,0,83,0.0,0.0,0.0,-0.0,0.0
2019-03-30,15,0,84,0.0,0.0,0.0,-0.0,0.0
2019-03-30,15,0,86,17.25,17.25,0.0,217.590914,0.0
2019-03-30,15,0,87,88.05,88.05,0.0,1110.659707,0.0
2019-03-30,15,0,88,0.0,0.0,0.0,-0.0,0.0
2019-03-30,15,0,89,0.0,0.0,0.0,-0.0,0.0
2019-03-30,15,0,90,0.0,0.0,0.0,-0.0,0.0
2019-03-30,15,0,91,0.0,0.0,0.0,-0.0,0.0
2019-03-30,15,0,92,0.0,0.0,0.0,-0.0,0.0
2019-03-30,15,0,95,120.0,120.0,0.0,3049.643213,0.0
2019-03-30,15,0,96,0.0,0.0,0.0,0.0,0.0
2019-03-30,15,0,97,0.0,0.0,0.0,0.0,0.0
2019-03-30,15,0,99,42.0,42.0,0.0,-22.701664,0.0
2019-03-30,15,0,101,19.05,19.05,0.0,-19050.0,0.0
2019-03-30,15,0,102,80.5,80.5,0.0,-32596.137672,0.0
2019-03-30,15,0,103,70.0,70.0,0.0,-28344.467541,0.0
2019-03-30,15,0,104,13.0,13.0,0.0,-5263.972543,0.0
2019-03-30,15,0,106,391.49,391.49,0.0,-155886.982909,0.0
2019-03-30,15,0,109,0.0,0.0,0.0,-0.0,0.0
2019-03-30,15,0,110,338.6,338.6,0.0,-338600.0,0.0
2019-03-30,15,0,111,24.88,24.88,0.0,-496.641426,0.0
2019-03-30,15,0,113,0.0,0.0,0.0,-0.0,0.0
2019-03-30,15,0,115,0.0,0.0,0.0,-0.0,0.0
2019-03-30,15,0,116,141.05,141.05,0.0,-141050.0,0.0
2019-03-30,15,0,117,0.0,0.0,0.0,-0.0,0.0
2019-03-30,15,0,119,0.0,0.0,0.0,0.0,0.0
2019-03-30,15,0,120,0.0,0.0,0.0,0.0,0.0
2019-03-30,15,0,123,6.52,6.52,0.0,-2596.191802,0.0
2019-03-30,15,0,125,52.26,52.26,0.0,-20809.353309,0.0
2019-03-30,15,0,126,293.62,293.62,0.0,-116916.232654,0.0
2019-03-30,15,0,127,376.81,376.81,0.0,-150041.569465,0.0
2019-03-30,15,0,128,74.85,74.85,0.0,-29804.441163,0.0
2019-03-30,15,0,131,73.62,73.62,0.0,-26930.096651,0.0
2019-03-30,15,0,132,108.35,108.35,0.0,-39634.283784,0.0
2019-03-30,15,0,133,19.36,19.36,0.0,130.146514,0.0
2019-03-30,15,0,134,0.0,0.0,0.0,0.0,0.0
2019-03-30,15,0,135,25.94,25.94,0.0,174.380195,0.0
2019-03-30,15,0,136,28.27,28.27,0.0,182.307555,0.0
2019-03-30,15,0,139,0.0,0.0,0.0,-0.0,0.0
2019-03-30,15,0,140,250.6,250.6,0.0,-250600.0,0.0
2019-03-30,15,0,141,230.0,230.0,0.0,-126823.959847,0.0
2019-03-30,15,0,142,629.97,629.97,0.0,-347370.826021,0.0
2019-03-30,15,0,143,238.5,238.5,0.0,-238500.0,0.0
2019-03-30,15,0,145,0.0,0.0,0.0,-0.0,0.0
2019-03-30,15,0,146,268.0,268.0,0.0,-268000.0,0.0
2019-03-30,15,0,152,10.57,10.57,0.0,1.333449,0.0
2019-03-30,15,0,153,13.24,13.24,0.0,-2.211862,0.0
2019-03-30,15,0,154,102.65,102.65,0.0,-2049.045113,0.0
2019-03-30,15,0,157,250.0,250.0,0.0,-137852.130269,0.0
2019-03-30,15,0,158,378.01,378.01,0.0,-208437.935051,0.0
2019-03-30,15,0,159,0.0,0.0,0.0,0.0,0.0
2019-03-30,15,0,160,2.79,2.79,0.0,7.551097,0.0
2019-03-30,15,0,161,88.85,88.85,0.0,-35977.227729,0.0
2019-03-30,15,0,162,162.5,162.5,0.0,4263.050836,0.0
2019-03-30,15,0,163,142.89,142.89,0.0,-142890.0,0.0
2019-03-30,15,0,164,32.68,32.68,0.0,-32680.0,0.0
2019-03-30,15,0,167,8.02,8.02,0.0,180.198947,0.0
2019-03-30,15,0,168,4.01,4.01,0.0,90.099473,0.0
2019-03-30,15,0,169,0.0,0.0,0.0,0.0,0.0
2019-03-30,15,0,170,8.77,8.77,0.0,197.050469,0.0
2019-03-30,15,0,172,10.34,10.34,0.0,145.24708,0.0
2019-03-30,15,0,173,15.75,15.75,0.0,221.241925,0.0
2019-03-30,15,0,188,14.48,14.48,0.0,360.944605,0.0
2019-03-30,15,0,190,10.15,10.15,0.0,329.139705,0.0
2019-03-30,15,0,191,26.22,26.22,0.0,850.250548,0.0
2019-03-30,15,0,192,332.6,332.6,0.0,10785.405497,0.0
2019-03-30,15,0,194,0.0,0.0,0.0,-0.0,0.0
2019-03-30,15,0,196,7.74,7.74,0.0,2095.467979,0.0
2019-03-30,15,0,198,9.71,9.71,0.0,80.780722,0.0
2019-03-30,15,0,199,0.0,0.0,0.0,-0.0,0.0
2019-03-30,15,0,200,24.48,24.48,0.0,-437.404405,0.0
2019-03-30,15,0,204,0.0,0.0,0.0,-0.0,0.0
2019-03-30,15,0,205,0.0,0.0,0.0,-0.0,0.0
2019-03-30,15,0,206,0.0,0.0,0.0,0.0,0.0
2019-03-30,15,0,210,2.52,2.52,0.0,16.670357,0.0
2019-03-30,15,0,214,14.65,14.65,0.0,235.903508,0.0
2019-03-30,15,0,217,10.68,10.68,0.0,128.327266,0.0
2019-03-30,15,0,218,14.73,14.73,0.0,176.990695,0.0
2019-03-30,15,0,219,10.04,10.04,0.0,120.637242,0.0
2019-03-30,15,0,221,7.81,7.81,0.0,125.761529,0.0
2019-03-30,15,0,225,7.82,7.82,0.0,38.746059,0.0
2019-03-30,15,0,233,9.76,9.76,0.0,123.112308,0.0
2019-03-30,15,0,236,179.56,179.56,0.0,626.293708,0.0
2019-03-30,15,0,237,522.0,522.0,0.0,-282.149255,0.0
2019-03-30,15,0,238,113.91,113.91,0.0,617.172253,0.0
2019-03-30,15,0,240,14.73,14.73,0.0,-32.065564,0.0
2019-03-30,15,0,245,52.61,52.61,0.0,398.557683,0.0
2019-03-30,15,0,247,61.86,61.86,0.0,468.632926,0.0
2019-03-30,15,0,248,52.4,52.4,0.0,-28.323029,0.0
2019-03-30,15,0,249,101.18,101.18,0.0,766.509529,0.0
2019-03-30,15,0,251,177.7,177.7,0.0,1078.79777,0.0
2019-03-30,15,0,252,149.2,149.2,0.0,964.111363,0.0
2019-03-30,15,0,254,20.37,20.37,0.0,-1.518057,0.0
2019-03-30,15,0,255,9.34,9.34,0.0,-0.696056,0.0
2019-03-30,15,0,258,17.4,17.4,0.0,-34.587821,0.0
2019-03-30,15,0,260,6.77,6.77,0.0,18.322914,0.0
2019-03-30,15,0,265,106.28,106.28,0.0,-2121.505257,0.0
2019-03-30,15,0,266,0.0,0.0,0.0,-0.0,0.0
2019-03-30,15,0,267,0.0,0.0,0.0,-0.0,0.0
2019-03-30,15,0,270,466.38,466.38,0.0,-466380.0,0.0
2019-03-30,15,0,272,0.0,0.0,0.0,-0.0,0.0
2019-03-30,15,0,273,33.73,33.73,0.0,-33730.0,0.0
2019-03-30,15,0,274,614.3,614.3,0.0,-614300.0,0.0
2019-03-30,15,0,275,881.73,881.73,0.0,-881730.0,0.0
2019-03-30,15,0,276,7.65,7.65,0.0,-6883.768286,0.0
2019-03-30,15,0,277,11.61,11.61,0.0,-3091.017152,0.0
2019-03-30,15,0,278,18.57,18.57,0.0,-4944.030018,0.0
2019-03-30,15,0,279,0.0,0.0,0.0,-0.0,0.0
2019-03-30,15,0,281,56.1,56.1,0.0,-56100.0,0.0
2019-03-30,15,0,282,518.69,518.69,0.0,-518690.0,0.0
2019-03-30,16,0,9,4.35,4.35,0.0,-1671.233447,0.0
2019-03-30,16,0,17,51.89,51.89,0.0,549.061688,0.0
2019-03-30,16,0,19,225.5,225.5,0.0,2386.074595,0.0
2019-03-30,16,0,20,284.61,284.61,0.0,3011.532995,0.0
2019-03-30,16,0,21,99.42,99.42,0.0,-38196.328567,0.0
2019-03-30,16,0,22,353.33,353.33,0.0,-135746.416944,0.0
2019-03-30,16,0,23,32.64,32.64,0.0,-12540.013724,0.0
2019-03-30,16,0,24,57.75,57.75,0.0,-22187.064723,0.0
2019-03-30,16,0,29,6.95,6.95,0.0,34.158932,0.0
2019-03-30,16,0,30,810.89,810.89,0.0,-810890.0,0.0
2019-03-30,16,0,31,125.0,125.0,0.0,-125000.0,0.0
2019-03-30,16,0,32,5.6,5.6,0.0,249.757209,0.0
2019-03-30,16,0,33,1.82,1.82,0.0,23.789557,0.0
2019-03-30,16,0,34,2.92,2.92,0.0,38.167861,0.0
2019-03-30,16,0,35,2.92,2.92,0.0,38.167861,0.0
2019-03-30,16,0,36,13.51,13.51,0.0,95.000363,0.0
2019-03-30,16,0,37,6.11,6.11,0.0,43.137561,0.0
2019-03-30,16,0,38,7.86,7.86,0.0,55.492837,0.0
2019-03-30,16,0,39,5.24,5.24,0.0,36.995224,0.0
2019-03-30,16,0,40,5.24,5.24,0.0,36.995224,0.0
2019-03-30,16,0,41,0.0,0.0,0.0,-0.0,0.0
2019-03-30,16,0,42,65.32,65.32,0.0,655.913002,0.0
2019-03-30,16,0,43,42.02,42.02,0.0,310.612876,0.0
2019-03-30,16,0,46,36.86,36.86,0.0,251.321534,0.0
2019-03-30,16,0,52,132.5,132.5,0.0,-132500.0,0.0
2019-03-30,16,0,53,210.5,210.5,0.0,-210500.0,0.0
2019-03-30,16,0,55,623.0,623.0,0.0,-239351.364888,0.0
2019-03-30,16,0,56,239.18,239.18,0.0,-239180.0,0.0
2019-03-30,16,0,57,227.52,227.52,0.0,-227520.0,0.0
2019-03-30,16,0,58,437.53,437.53,0.0,-437530.0,0.0
2019-03-30,16,0,59,430.24,430.24,0.0,-430240.0,0.0
2019-03-30,16,0,63,0.0,0.0,0.0,0.0,0.0
2019-03-30,16,0,64,0.0,0.0,0.0,0.0,0.0
2019-03-30,16,0,65,20.79,20.79,0.0,217.900013,0.0
2019-03-30,16,0,67,444.86,444.86,0.0,-246819.684975,0.0
2019-03-30,16,0,68,34.0,34.0,0.0,-13921.429106,0.0
2019-03-30,16,0,69,1.82,1.82,0.0,23.789557,0.0
2019-03-30,16,0,74,0.0,0.0,0.0,0.0,0.0
2019-03-30,16,0,77,0.0,0.0,0.0,-0.0,0.0
2019-03-30,16,0,78,0.0,0.0,0.0,-0.0,0.0
2019-03-30,16,0,79,0.0,0.0,0.0,-0.0,0.0
2019-03-30,16,0,80,0.0,0.0,0.0,-0.0,0.0
2019-03-30,16,0,81,0.0,0.0,0.0,-0.0,0.0
2019-03-30,16,0,82,0.0,0.0,0.0,-0.0,0.0
2019-03-30,16,0,83,0.0,0.0,0.0,-0.0,0.0
2019-03-30,16,0,84,0.0,0.0,0.0,0.0,0.0
2019-03-30,16,0,86,9.24,9.24,0.0,120.777751,0.0
2019-03-30,16,0,87,47.16,47.16,0.0,616.437095,0.0
2019-03-30,16,0,88,0.0,0.0,0.0,-0.0,0.0
2019-03-30,16,0,89,0.0,0.0,0.0,-0.0,0.0
2019-03-30,16,0,90,0.0,0.0,0.0,-0.0,0.0
2019-03-30,16,0,91,0.0,0.0,0.0,-0.0,0.0
2019-03-30,16,0,92,0.0,0.0,0.0,-0.0,0.0
2019-03-30,16,0,95,120.0,120.0,0.0,3049.643213,0.0
2019-03-30,16,0,96,0.0,0.0,0.0,0.0,0.0
2019-03-30,16,0,97,0.0,0.0,0.0,0.0,0.0
2019-03-30,16,0,99,0.0,0.0,0.0,0.0,0.0
2019-03-30,16,0,101,16.33,16.33,0.0,-16330.0,0.0
2019-03-30,16,0,102,80.5,80.5,0.0,-32961.030677,0.0
2019-03-30,16,0,103,70.0,70.0,0.0,-28661.765806,0.0
2019-03-30,16,0,104,13.0,13.0,0.0,-5322.899364,0.0
2019-03-30,16,0,106,347.82,347.82,0.0,-133629.521244,0.0
2019-03-30,16,0,109,0.0,0.0,0.0,0.0,0.0
2019-03-30,16,0,110,338.6,338.6,0.0,-338600.0,0.0
2019-03-30,16,0,111,22.12,22.12,0.0,-77.094168,0.0
2019-03-30,16,0,113,0.0,0.0,0.0,-0.0,0.0
2019-03-30,16,0,115,0.0,0.0,0.0,-0.0,0.0
2019-03-30,16,0,116,144.34,144.34,0.0,-144340.0,0.0
2019-03-30,16,0,117,0.0,0.0,0.0,-0.0,0.0
2019-03-30,16,0,119,0.0,0.0,0.0,0.0,0.0
2019-03-30,16,0,120,0.0,0.0,0.0,0.0,0.0
2019-03-30,16,0,123,5.8,5.8,0.0,-2228.311262,0.0
2019-03-30,16,0,125,52.26,52.26,0.0,-20077.852856,0.0
2019-03-30,16,0,126,260.87,260.87,0.0,-100224.061891,0.0
2019-03-30,16,0,127,334.78,334.78,0.0,-128619.66282,0.0
2019-03-30,16,0,128,74.85,74.85,0.0,-28756.74103,0.0
2019-03-30,16,0,131,30.0,30.0,0.0,-11118.884554,0.0
2019-03-30,16,0,132,44.1,44.1,0.0,-16344.760294,0.0
2019-03-30,16,0,133,30.34,30.34,0.0,321.322086,0.0
2019-03-30,16,0,134,0.0,0.0,0.0,0.0,0.0
2019-03-30,16,0,135,38.57,38.57,0.0,408.483614,0.0
2019-03-30,16,0,136,23.73,23.73,0.0,248.583543,0.0
2019-03-30,16,0,139,0.0,0.0,0.0,-0.0,0.0
2019-03-30,16,0,140,250.6,250.6,0.0,-250600.0,0.0
2019-03-30,16,0,141,230.0,230.0,0.0,-127609.871745,0.0
2019-03-30,16,0,142,586.66,586.66,0.0,-325493.945033,0.0
2019-03-30,16,0,143,238.5,238.5,0.0,-238500.0,0.0
2019-03-30,16,0,145,0.0,0.0,0.0,0.0,0.0
2019-03-30,16,0,146,268.0,268.0,0.0,-268000.0,0.0
2019-03-30,16,0,152,9.03,9.03,0.0,71.469726,0.0
2019-03-30,16,0,153,11.39,11.39,0.0,88.817617,0.0
2019-03-30,16,0,154,91.23,91.23,0.0,-317.961163,0.0
2019-03-30,16,0,157,250.0,250.0,0.0,-138706.382331,0.0
2019-03-30,16,0,158,377.49,377.49,0.0,-209441.089065,0.0
2019-03-30,16,0,159,0.0,0.0,0.0,0.0,0.0
2019-03-30,16,0,160,3.29,3.29,0.0,27.388635,0.0
2019-03-30,16,0,161,82.64,82.64,0.0,-33837.261803,0.0
2019-03-30,16,0,162,162.5,162.5,0.0,4259.164207,0.0
2019-03-30,16,0,163,146.36,146.36,0.0,-146360.0,0.0
2019-03-30,16,0,164,28.24,28.24,0.0,-28240.0,0.0
2019-03-30,16,0,167,6.16,6.16,0.0,138.363256,0.0
2019-03-30,16,0,168,3.08,3.08,0.0,69.181628,0.0
2019-03-30,16,0,169,0.0,0.0,0.0,0.0,0.0
2019-03-30,16,0,170,6.73,6.73,0.0,151.16635,0.0
2019-03-30,16,0,172,8.44,8.44,0.0,144.603595,0.0
2019-03-30,16,0,173,12.86,12.86,0.0,220.332018,0.0
2019-03-30,16,0,188,11.34,11.34,0.0,296.010654,0.0
2019-03-30,16,0,190,9.0,9.0,0.0,291.848014,0.0
2019-03-30,16,0,191,23.26,23.26,0.0,754.264979,0.0
2019-03-30,16,0,192,332.6,332.6,0.0,10785.405497,0.0
2019-03-30,16,0,194,0.0,0.0,0.0,-0.0,0.0
2019-03-30,16,0,196,7.1,7.1,0.0,1909.223771,0.0
2019-03-30,16,0,198,12.53,12.53,0.0,117.334783,0.0
2019-03-30,16,0,199,130.0,130.0,0.0,-3482.784645,0.0
2019-03-30,16,0,200,24.16,24.16,0.0,-647.262131,0.0
2019-03-30,16,0,204,0.0,0.0,0.0,0.0,0.0
2019-03-30,16,0,205,0.0,0.0,0.0,0.0,0.0
2019-03-30,16,0,206,0.0,0.0,0.0,0.0,0.0
2019-03-30,16,0,210,2.16,2.16,0.0,12.228684,0.0
2019-03-30,16,0,214,8.55,8.55,0.0,124.266094,0.0
2019-03-30,16,0,217,8.34,8.34,0.0,89.111268,0.0
2019-03-30,16,0,218,11.51,11.51,0.0,122.982097,0.0
2019-03-30,16,0,219,7.84,7.84,0.0,83.768866,0.0
2019-03-30,16,0,221,4.56,4.56,0.0,66.27525,0.0
2019-03-30,16,0,225,6.35,6.35,0.0,30.752193,0.0
2019-03-30,16,0,233,5.23,5.23,0.0,68.362299,0.0
2019-03-30,16,0,236,0.0,0.0,0.0,0.0,0.0
2019-03-30,16,0,237,0.0,0.0,0.0,0.0,0.0
2019-03-30,16,0,238,85.02,85.02,0.0,853.731222,0.0
2019-03-30,16,0,240,15.31,15.31,0.0,107.657703,0.0
2019-03-30,16,0,245,70.93,70.93,0.0,776.680025,0.0
2019-03-30,16,0,247,115.16,115.16,0.0,1260.996359,0.0
2019-03-30,16,0,248,0.0,0.0,0.0,0.0,0.0
2019-03-30,16,0,249,136.39,136.39,0.0,1493.463819,0.0
2019-03-30,16,0,251,149.24,149.24,0.0,1539.617934,0.0
2019-03-30,16,0,252,134.13,134.13,0.0,1405.816678,0.0
2019-03-30,16,0,254,18.36,18.36,0.0,140.015091,0.0
2019-03-30,16,0,255,8.42,8.42,0.0,64.211714,0.0
2019-03-30,16,0,258,19.14,19.14,0.0,135.703088,0.0
2019-03-30,16,0,260,7.99,7.99,0.0,66.515256,0.0
2019-03-30,16,0,265,94.45,94.45,0.0,-329.183732,0.0
2019-03-30,16,0,266,0.0,0.0,0.0,-0.0,0.0
2019-03-30,16,0,267,0.0,0.0,0.0,-0.0,0.0
2019-03-30,16,0,270,395.58,395.58,0.0,-395580.0,0.0
2019-03-30,16,0,272,0.0,0.0,0.0,-0.0,0.0
2019-03-30,16,0,273,34.52,34.52,0.0,-34520.0,0.0
2019-03-30,16,0,274,493.67,493.67,0.0,-493670.0,0.0
2019-03-30,16,0,275,661.83,661.83,0.0,-661830.0,0.0
2019-03-30,16,0,276,7.84,7.84,0.0,-7060.71919,0.0
2019-03-30,16,0,277,10.34,10.34,0.0,-2803.166043,0.0
2019-03-30,16,0,278,16.54,16.54,0.0,-4483.981272,0.0
2019-03-30,16,0,279,0.0,0.0,0.0,-0.0,0.0
2019-03-30,16,0,281,56.1,56.1,0.0,-56100.0,0.0
2019-03-30,16,0,282,444.82,444.82,0.0,-444820.0,0.0
2019-03-30,17,0,9,3.38,3.38,0.0,-1346.976324,0.0
2019-03-30,17,0,17,38.97,38.97,0.0,266.81597,0.0
2019-03-30,17,0,19,135.38,135.38,0.0,926.906494,0.0
2019-03-30,17,0,20,163.03,163.03,0.0,1116.2178,0.0
2019-03-30,17,0,21,77.32,77.32,0.0,-30813.079702,0.0
2019-03-30,17,0,22,274.78,274.78,0.0,-109503.595971,0.0
2019-03-30,17,0,23,47.2,47.2,0.0,-18809.846895,0.0
2019-03-30,17,0,24,83.96,83.96,0.0,-33459.210706,0.0
2019-03-30,17,0,29,5.1,5.1,0.0,24.798101,0.0
2019-03-30,17,0,30,635.23,635.23,0.0,-635230.0,0.0
2019-03-30,17,0,31,125.0,125.0,0.0,-125000.0,0.0
2019-03-30,17,0,32,4.26,4.26,0.0,166.95749,0.0
2019-03-30,17,0,33,1.38,1.38,0.0,17.805079,0.0
2019-03-30,17,0,34,2.21,2.21,0.0,28.513931,0.0
2019-03-30,17,0,35,2.21,2.21,0.0,28.513931,0.0
2019-03-30,17,0,36,10.44,10.44,0.0,-23.72335,0.0
2019-03-30,17,0,37,4.72,4.72,0.0,-10.977034,0.0
2019-03-30,17,0,38,6.07,6.07,0.0,-14.116652,0.0
2019-03-30,17,0,39,4.05,4.05,0.0,-9.418853,0.0
2019-03-30,17,0,40,4.05,4.05,0.0,-9.418853,0.0
2019-03-30,17,0,41,0.0,0.0,0.0,-0.0,0.0
2019-03-30,17,0,42,49.79,49.79,0.0,275.541611,0.0
2019-03-30,17,0,43,32.68,32.68,0.0,-35.701974,0.0
2019-03-30,17,0,46,28.43,28.43,0.0,-110.632763,0.0
2019-03-30,17,0,52,132.5,132.5,0.0,-132500.0,0.0
2019-03-30,17,0,53,210.5,210.5,0.0,-210500.0,0.0
2019-03-30,17,0,55,623.0,623.0,0.0,-248274.038467,0.0
2019-03-30,17,0,56,187.37,187.37,0.0,-187370.0,0.0
2019-03-30,17,0,57,178.23,178.23,0.0,-178230.0,0.0
2019-03-30,17,0,58,342.75,342.75,0.0,-342750.0,0.0
2019-03-30,17,0,59,337.04,337.04,0.0,-337040.0,0.0
2019-03-30,17,0,63,95.49,95.49,0.0,10742.758212,0.0
2019-03-30,17,0,64,112.31,112.31,0.0,12635.031676,0.0
2019-03-30,17,0,65,18.62,18.62,0.0,122.94536,0.0
2019-03-30,17,0,67,341.46,341.46,0.0,-188717.150455,0.0
2019-03-30,17,0,68,19.11,19.11,0.0,-7770.200655,0.0
2019-03-30,17,0,69,1.38,1.38,0.0,17.805079,0.0
2019-03-30,17,0,74,0.0,0.0,0.0,-0.0,0.0
2019-03-30,17,0,77,60.0,60.0,0.0,-17027.154873,0.0
2019-03-30,17,0,78,45.36,45.36,0.0,-12872.529084,0.0
2019-03-30,17,0,79,26.25,26.25,0.0,-7449.380257,0.0
2019-03-30,17,0,80,42.45,42.45,0.0,-12046.712072,0.0
2019-03-30,17,0,81,55.5,55.5,0.0,-15750.118257,0.0
2019-03-30,17,0,82,39.15,39.15,0.0,-11110.218554,0.0
2019-03-30,17,0,83,87.3,87.3,0.0,-24774.51034,0.0
2019-03-30,17,0,84,0.0,0.0,0.0,-0.0,0.0
2019-03-30,17,0,86,7.0,7.0,0.0,90.315619,0.0
2019-03-30,17,0,87,35.75,35.75,0.0,461.254768,0.0
2019-03-30,17,0,88,0.0,0.0,0.0,-0.0,0.0
2019-03-30,17,0,89,0.0,0.0,0.0,-0.0,0.0
2019-03-30,17,0,90,0.0,0.0,0.0,-0.0,0.0
2019-03-30,17,0,91,0.0,0.0,0.0,-0.0,0.0
2019-03-30,17,0,92,0.0,0.0,0.0,-0.0,0.0
2019-03-30,17,0,95,120.0,120.0,0.0,3049.643213,0.0
2019-03-30,17,0,96,29.88,29.88,0.0,774.486116,0.0
2019-03-30,17,0,97,183.75,183.75,0.0,4762.778573,0.0
2019-03-30,17,0,99,0.0,0.0,0.0,-0.0,0.0
2019-03-30,17,0,101,12.8,12.8,0.0,-12800.0,0.0
2019-03-30,17,0,102,45.19,45.19,0.0,-18374.43054,0.0
2019-03-30,17,0,103,39.3,39.3,0.0,-15979.53353,0.0
2019-03-30,17,0,104,7.33,7.33,0.0,-2980.406635,0.0
2019-03-30,17,0,106,270.5,270.5,0.0,-107797.957312,0.0
2019-03-30,17,0,109,0.0,0.0,0.0,-0.0,0.0
2019-03-30,17,0,110,338.6,338.6,0.0,-338600.0,0.0
2019-03-30,17,0,111,17.49,17.49,0.0,-354.724206,0.0
2019-03-30,17,0,113,45.0,45.0,0.0,-11610.139079,0.0
2019-03-30,17,0,115,45.0,45.0,0.0,-11610.139079,0.0
2019-03-30,17,0,116,110.12,110.12,0.0,-110120.0,0.0
2019-03-30,17,0,117,3.0,3.0,0.0,-774.009272,0.0
2019-03-30,17,0,119,112.31,112.31,0.0,12635.031676,0.0
2019-03-30,17,0,120,66.1,66.1,0.0,7436.342212,0.0
2019-03-30,17,0,123,4.51,4.51,0.0,-1797.296811,0.0
2019-03-30,17,0,125,75.89,75.89,0.0,-30243.205103,0.0
2019-03-30,17,0,126,202.88,202.88,0.0,-80850.460552,0.0
2019-03-30,17,0,127,260.36,260.36,0.0,-103757.028339,0.0
2019-03-30,17,0,128,109.23,109.23,0.0,-43529.652041,0.0
2019-03-30,17,0,131,30.0,30.0,0.0,-11027.76702,0.0
2019-03-30,17,0,132,44.1,44.1,0.0,-16210.817519,0.0
2019-03-30,17,0,133,48.32,48.32,0.0,331.942692,0.0
2019-03-30,17,0,134,0.0,0.0,0.0,0.0,0.0
2019-03-30,17,0,135,63.26,63.26,0.0,434.575635,0.0
2019-03-30,17,0,136,22.73,22.73,0.0,149.778872,0.0
2019-03-30,17,0,139,0.0,0.0,0.0,-0.0,0.0
2019-03-30,17,0,140,250.6,250.6,0.0,-250600.0,0.0
2019-03-30,17,0,141,230.0,230.0,0.0,-127115.751785,0.0
2019-03-30,17,0,142,450.3,450.3,0.0,-248870.534908,0.0
2019-03-30,17,0,143,238.5,238.5,0.0,-238500.0,0.0
2019-03-30,17,0,145,0.0,0.0,0.0,-0.0,0.0
2019-03-30,17,0,146,268.0,268.0,0.0,-268000.0,0.0
2019-03-30,17,0,152,6.94,6.94,0.0,0.75905,0.0
2019-03-30,17,0,153,8.77,8.77,0.0,-1.677333,0.0
2019-03-30,17,0,154,72.16,72.16,0.0,-1463.51622,0.0
2019-03-30,17,0,157,250.0,250.0,0.0,-138169.295419,0.0
2019-03-30,17,0,158,304.78,304.78,0.0,-168444.951431,0.0
2019-03-30,17,0,159,0.0,0.0,0.0,0.0,0.0
2019-03-30,17,0,160,2.53,2.53,0.0,6.780127,0.0
2019-03-30,17,0,161,63.22,63.22,0.0,-25705.498976,0.0
2019-03-30,17,0,162,162.5,162.5,0.0,4263.398579,0.0
2019-03-30,17,0,163,185.4,185.4,0.0,-185400.0,0.0
2019-03-30,17,0,164,22.03,22.03,0.0,-22030.0,0.0
2019-03-30,17,0,167,4.73,4.73,0.0,107.057482,0.0
2019-03-30,17,0,168,2.37,2.37,0.0,53.641909,0.0
2019-03-30,17,0,169,0.0,0.0,0.0,0.0,0.0
2019-03-30,17,0,170,5.17,5.17,0.0,117.016317,0.0
2019-03-30,17,0,172,6.51,6.51,0.0,71.271698,0.0
2019-03-30,17,0,173,9.92,9.92,0.0,108.604493,0.0
2019-03-30,17,0,188,8.78,8.78,0.0,188.915503,0.0
2019-03-30,17,0,190,6.89,6.89,0.0,223.425869,0.0
2019-03-30,17,0,191,17.8,17.8,0.0,577.210517,0.0
2019-03-30,17,0,192,332.6,332.6,0.0,10785.405497,0.0
2019-03-30,17,0,194,0.0,0.0,0.0,-0.0,0.0
2019-03-30,17,0,196,5.42,5.42,0.0,1445.790185,0.0
2019-03-30,17,0,198,9.62,9.62,0.0,80.419801,0.0
2019-03-30,17,0,199,130.0,130.0,0.0,-2405.12902,0.0
2019-03-30,17,0,200,18.49,18.49,0.0,-342.083351,0.0
2019-03-30,17,0,204,0.0,0.0,0.0,-0.0,0.0
2019-03-30,17,0,205,0.0,0.0,0.0,-0.0,0.0
2019-03-30,17,0,206,539.94,539.94,0.0,13995.181839,0.0
2019-03-30,17,0,210,1.63,1.63,0.0,10.465989,0.0
2019-03-30,17,0,214,6.53,6.53,0.0,107.580224,0.0
2019-03-30,17,0,217,6.29,6.29,0.0,76.371833,0.0
2019-03-30,17,0,218,8.68,8.68,0.0,105.390701,0.0
2019-03-30,17,0,219,5.91,5.91,0.0,71.757954,0.0
2019-03-30,17,0,221,3.48,3.48,0.0,57.332187,0.0
2019-03-30,17,0,225,4.73,4.73,0.0,22.287125,0.0
2019-03-30,17,0,233,3.96,3.96,0.0,51.092836,0.0
2019-03-30,17,0,236,0.0,0.0,0.0,0.0,0.0
2019-03-30,17,0,237,0.0,0.0,0.0,-0.0,0.0
2019-03-30,17,0,238,64.8,64.8,0.0,358.608082,0.0
2019-03-30,17,0,240,11.84,11.84,0.0,-26.904642,0.0
2019-03-30,17,0,245,54.17,54.17,0.0,419.457743,0.0
2019-03-30,17,0,247,140.04,140.04,0.0,1084.379959,0.0
2019-03-30,17,0,248,0.0,0.0,0.0,-0.0,0.0
2019-03-30,17,0,249,104.17,104.17,0.0,806.62568,0.0
2019-03-30,17,0,251,114.57,114.57,0.0,710.623557,0.0
2019-03-30,17,0,252,120.09,120.09,0.0,792.938145,0.0
2019-03-30,17,0,254,14.11,14.11,0.0,-2.057971,0.0
2019-03-30,17,0,255,6.47,6.47,0.0,-0.943662,0.0
2019-03-30,17,0,258,14.85,14.85,0.0,-30.9146,0.0
2019-03-30,17,0,260,6.14,6.14,0.0,16.454538,0.0
2019-03-30,17,0,265,74.72,74.72,0.0,-1515.436973,0.0
2019-03-30,17,0,266,0.0,0.0,0.0,-0.0,0.0
2019-03-30,17,0,267,0.0,0.0,0.0,-0.0,0.0
2019-03-30,17,0,270,578.99,578.99,0.0,-578990.0,0.0
2019-03-30,17,0,272,150.39,150.39,0.0,-38801.084801,0.0
2019-03-30,17,0,273,26.33,26.33,0.0,-26330.0,0.0
2019-03-30,17,0,274,746.39,746.39,0.0,-746390.0,0.0
2019-03-30,17,0,275,1038.99,1038.99,0.0,-1038990.0,0.0
2019-03-30,17,0,276,5.9,5.9,0.0,-5310.721315,0.0
2019-03-30,17,0,277,7.89,7.89,0.0,-2117.201344,0.0
2019-03-30,17,0,278,12.62,12.62,0.0,-3386.448791,0.0
2019-03-30,17,0,279,264.6,264.6,0.0,-71002.72188,0.0
2019-03-30,17,0,281,56.1,56.1,0.0,-56100.0,0.0
2019-03-30,17,0,282,348.46,348.46,0.0,-348460.0,0.0
2019-03-30,18,0,9,2.14,2.14,0.0,-827.128157,0.0
2019-03-30,18,0,17,24.52,24.52,0.0,288.561825,0.0
2019-03-30,18,0,19,203.58,203.58,0.0,2395.816323,0.0
2019-03-30,18,0,20,247.9,247.9,0.0,2917.392998,0.0
2019-03-30,18,0,21,48.89,48.89,0.0,-18896.399821,0.0
2019-03-30,18,0,22,173.74,173.74,0.0,-67151.984147,0.0
2019-03-30,18,0,23,94.93,94.93,0.0,-36691.250461,0.0
2019-03-30,18,0,24,168.46,168.46,0.0,-65111.219347,0.0
2019-03-30,18,0,29,3.24,3.24,0.0,16.333781,0.0
2019-03-30,18,0,30,415.84,415.84,0.0,-415840.0,0.0
2019-03-30,18,0,31,92.34,92.34,0.0,-92340.0,0.0
2019-03-30,18,0,32,2.73,2.73,0.0,100.773953,0.0
2019-03-30,18,0,33,0.88,0.88,0.0,13.394066,0.0
2019-03-30,18,0,34,1.41,1.41,0.0,21.460947,0.0
2019-03-30,18,0,35,1.41,1.41,0.0,21.460947,0.0
2019-03-30,18,0,36,6.69,6.69,0.0,44.495123,0.0
2019-03-30,18,0,37,2.94,2.94,0.0,19.541733,0.0
2019-03-30,18,0,38,3.78,3.78,0.0,25.125085,0.0
2019-03-30,18,0,39,2.52,2.52,0.0,16.750057,0.0
2019-03-30,18,0,40,2.52,2.52,0.0,16.750057,0.0
2019-03-30,18,0,41,0.0,0.0,0.0,-0.0,0.0
2019-03-30,18,0,42,29.93,29.93,0.0,329.832547,0.0
2019-03-30,18,0,43,20.35,20.35,0.0,145.68944,0.0
2019-03-30,18,0,46,18.33,18.33,0.0,111.301308,0.0
2019-03-30,18,0,52,97.89,97.89,0.0,-97890.0,0.0
2019-03-30,18,0,53,155.55,155.55,0.0,-155550.0,0.0
2019-03-30,18,0,55,460.54,460.54,0.0,-178002.617584,0.0
2019-03-30,18,0,56,122.66,122.66,0.0,-122660.0,0.0
2019-03-30,18,0,57,116.67,116.67,0.0,-116670.0,0.0
2019-03-30,18,0,58,224.37,224.37,0.0,-224370.0,0.0
2019-03-30,18,0,59,220.63,220.63,0.0,-220630.0,0.0
2019-03-30,18,0,63,170.0,170.0,0.0,18626.267323,0.0
2019-03-30,18,0,64,200.0,200.0,0.0,21913.255674,0.0
2019-03-30,18,0,65,20.19,20.19,0.0,234.798031,0.0
2019-03-30,18,0,67,220.32,220.32,0.0,-122582.033209,0.0
2019-03-30,18,0,68,10.2,10.2,0.0,-4197.48603,0.0
2019-03-30,18,0,69,0.88,0.88,0.0,13.394066,0.0
2019-03-30,18,0,74,0.0,0.0,0.0,0.0,0.0
2019-03-30,18,0,77,60.0,60.0,0.0,-17418.071738,0.0
2019-03-30,18,0,78,45.36,45.36,0.0,-13168.062234,0.0
2019-03-30,18,0,79,26.25,26.25,0.0,-7620.406385,0.0
2019-03-30,18,0,80,42.45,42.45,0.0,-12323.285754,0.0
2019-03-30,18,0,81,55.5,55.5,0.0,-16111.716357,0.0
2019-03-30,18,0,82,39.15,39.15,0.0,-11365.291809,0.0
2019-03-30,18,0,83,87.3,87.3,0.0,-25343.294378,0.0
2019-03-30,18,0,84,0.0,0.0,0.0,-0.0,0.0
2019-03-30,18,0,86,4.46,4.46,0.0,67.883563,0.0
2019-03-30,18,0,87,22.77,22.77,0.0,346.571462,0.0
2019-03-30,18,0,88,51.18,51.18,0.0,-14857.615192,0.0
2019-03-30,18,0,89,49.2,49.2,0.0,-14282.818825,0.0
2019-03-30,18,0,90,66.06,66.06,0.0,-19177.296983,0.0
2019-03-30,18,0,91,235.65,235.65,0.0,-68409.47675,0.0
2019-03-30,18,0,92,84.75,84.75,0.0,-24603.02633,0.0
2019-03-30,18,0,95,120.0,120.0,0.0,3049.643213,0.0
2019-03-30,18,0,96,29.88,29.88,0.0,1394.201945,0.0
2019-03-30,18,0,97,183.75,183.75,0.0,8573.78204,0.0
2019-03-30,18,0,99,0.0,0.0,0.0,0.0,0.0
2019-03-30,18,0,101,8.38,8.38,0.0,-8380.0,0.0
2019-03-30,18,0,102,24.15,24.15,0.0,-9938.165453,0.0
2019-03-30,18,0,103,21.0,21.0,0.0,-8641.883003,0.0
2019-03-30,18,0,104,3.9,3.9,0.0,-1604.921129,0.0
2019-03-30,18,0,106,171.03,171.03,0.0,-66104.546153,0.0
2019-03-30,18,0,109,0.0,0.0,0.0,0.0,0.0
2019-03-30,18,0,110,338.6,338.6,0.0,-338600.0,0.0
2019-03-30,18,0,111,11.75,11.75,0.0,-66.592949,0.0
2019-03-30,18,0,113,45.0,45.0,0.0,-11826.654849,0.0
2019-03-30,18,0,115,45.0,45.0,0.0,-11826.654849,0.0
2019-03-30,18,0,116,69.93,69.93,0.0,-69930.0,0.0
2019-03-30,18,0,117,3.0,3.0,0.0,-788.443657,0.0
2019-03-30,18,0,119,200.0,200.0,0.0,21913.255674,0.0
2019-03-30,18,0,120,117.6,117.6,0.0,12884.994336,0.0
2019-03-30,18,0,123,2.85,2.85,0.0,-1101.549182,0.0
2019-03-30,18,0,125,152.35,152.35,0.0,-58884.567657,0.0
2019-03-30,18,0,126,128.27,128.27,0.0,-49577.443344,0.0
2019-03-30,18,0,127,164.62,164.62,0.0,-63627.026766,0.0
2019-03-30,18,0,128,218.77,218.77,0.0,-84556.461217,0.0
2019-03-30,18,0,131,30.0,30.0,0.0,-11184.889464,0.0
2019-03-30,18,0,132,44.1,44.1,0.0,-16441.787511,0.0
2019-03-30,18,0,133,96.81,96.81,0.0,1140.569255,0.0
2019-03-30,18,0,134,0.0,0.0,0.0,0.0,0.0
2019-03-30,18,0,135,129.72,129.72,0.0,1528.299182,0.0
2019-03-30,18,0,136,25.61,25.61,0.0,297.634066,0.0
2019-03-30,18,0,139,0.0,0.0,0.0,-0.0,0.0
2019-03-30,18,0,140,250.6,250.6,0.0,-250600.0,0.0
2019-03-30,18,0,141,230.0,230.0,0.0,-127967.808815,0.0
2019-03-30,18,0,142,290.55,290.55,0.0,-161656.72544,0.0
2019-03-30,18,0,143,176.17,176.17,0.0,-176170.0,0.0
2019-03-30,18,0,145,30.0,30.0,0.0,57.695814,0.0
2019-03-30,18,0,146,268.0,268.0,0.0,-268000.0,0.0
2019-03-30,18,0,152,4.4,4.4,0.0,35.190471,0.0
2019-03-30,18,0,153,5.54,5.54,0.0,43.383948,0.0
2019-03-30,18,0,154,48.46,48.46,0.0,-274.646323,0.0
2019-03-30,18,0,157,237.57,237.57,0.0,-132179.618871,0.0
2019-03-30,18,0,158,200.37,200.37,0.0,-111482.216749,0.0
2019-03-30,18,0,159,0.0,0.0,0.0,0.0,0.0
2019-03-30,18,0,160,1.6,1.6,0.0,13.906691,0.0
2019-03-30,18,0,161,40.56,40.56,0.0,-16691.179742,0.0
2019-03-30,18,0,162,162.5,162.5,0.0,4260.312381,0.0
2019-03-30,18,0,163,185.4,185.4,0.0,-185400.0,0.0
2019-03-30,18,0,164,14.71,14.71,0.0,-14710.0,0.0
2019-03-30,18,0,167,3.07,3.07,0.0,69.813867,0.0
2019-03-30,18,0,168,1.53,1.53,0.0,34.79323,0.0
2019-03-30,18,0,169,0.0,0.0,0.0,0.0,0.0
2019-03-30,18,0,170,3.35,3.35,0.0,76.181255,0.0
2019-03-30,18,0,172,4.17,4.17,0.0,47.830752,0.0
2019-03-30,18,0,173,6.36,6.36,0.0,72.950499,0.0
2019-03-30,18,0,188,5.64,5.64,0.0,113.829636,0.0
2019-03-30,18,0,190,4.3,4.3,0.0,139.438496,0.0
2019-03-30,18,0,191,11.11,11.11,0.0,360.27016,0.0
2019-03-30,18,0,192,332.6,332.6,0.0,10785.405497,0.0
2019-03-30,18,0,194,98.98,98.98,0.0,-12801.963246,0.0
2019-03-30,18,0,196,3.45,3.45,0.0,905.538114,0.0
2019-03-30,18,0,198,6.19,6.19,0.0,65.706647,0.0
2019-03-30,18,0,199,130.0,130.0,0.0,-3643.026413,0.0
2019-03-30,18,0,200,11.65,11.65,0.0,-326.471213,0.0
2019-03-30,18,0,204,0.0,0.0,0.0,0.0,0.0
2019-03-30,18,0,205,0.0,0.0,0.0,0.0,0.0
2019-03-30,18,0,206,539.94,539.94,0.0,25193.621085,0.0
2019-03-30,18,0,210,1.04,1.04,0.0,6.229012,0.0
2019-03-30,18,0,214,4.19,4.19,0.0,72.290121,0.0
2019-03-30,18,0,217,4.0,4.0,0.0,49.628422,0.0
2019-03-30,18,0,218,5.52,5.52,0.0,68.487222,0.0
2019-03-30,18,0,219,3.76,3.76,0.0,46.650717,0.0
2019-03-30,18,0,221,2.24,2.24,0.0,38.646747,0.0
2019-03-30,18,0,225,3.01,3.01,0.0,14.898673,0.0
2019-03-30,18,0,233,2.52,2.52,0.0,38.355735,0.0
2019-03-30,18,0,236,0.0,0.0,0.0,0.0,0.0
2019-03-30,18,0,237,0.0,0.0,0.0,0.0,0.0
2019-03-30,18,0,238,38.96,38.96,0.0,429.344338,0.0
2019-03-30,18,0,240,7.58,7.58,0.0,50.414504,0.0
2019-03-30,18,0,245,69.89,69.89,0.0,858.220407,0.0
2019-03-30,18,0,247,171.72,171.72,0.0,2108.650856,0.0
2019-03-30,18,0,248,0.0,0.0,0.0,0.0,0.0
2019-03-30,18,0,249,134.4,134.4,0.0,1650.376631,0.0
2019-03-30,18,0,251,113.74,113.74,0.0,1296.77241,0.0
2019-03-30,18,0,252,130.24,130.24,0.0,1514.615925,0.0
2019-03-30,18,0,254,9.15,9.15,0.0,69.025255,0.0
2019-03-30,18,0,255,4.19,4.19,0.0,31.608286,0.0
2019-03-30,18,0,258,9.64,9.64,0.0,64.906774,0.0
2019-03-30,18,0,260,3.89,3.89,0.0,33.810643,0.0
2019-03-30,18,0,265,50.17,50.17,0.0,-284.337723,0.0
2019-03-30,18,0,266,0.0,0.0,0.0,-0.0,0.0
2019-03-30,18,0,267,0.0,0.0,0.0,-0.0,0.0
2019-03-30,18,0,270,579.0,579.0,0.0,-579000.0,0.0
2019-03-30,18,0,272,150.39,150.39,0.0,-39524.680505,0.0
2019-03-30,18,0,273,16.72,16.72,0.0,-16720.0,0.0
2019-03-30,18,0,274,746.4,746.4,0.0,-746400.0,0.0
2019-03-30,18,0,275,1039.0,1039.0,0.0,-1039000.0,0.0
2019-03-30,18,0,276,3.75,3.75,0.0,-3378.560306,0.0
2019-03-30,18,0,277,5.05,5.05,0.0,-1382.863675,0.0
2019-03-30,18,0,278,8.08,8.08,0.0,-2212.58188,0.0
2019-03-30,18,0,279,264.6,264.6,0.0,-72456.57989,0.0
2019-03-30,18,0,281,41.41,41.41,0.0,-41410.0,0.0
2019-03-30,18,0,282,228.11,228.11,0.0,-228110.0,0.0
2019-03-30,19,0,9,0.94,0.94,0.0,7.559191,0.0
2019-03-30,19,0,17,5.81,5.81,0.0,41.892912,0.0
2019-03-30,19,0,19,615.51,615.51,0.0,4438.125036,0.0
2019-03-30,19,0,20,748.14,748.14,0.0,5394.451536,0.0
2019-03-30,19,0,21,21.39,21.39,0.0,172.011799,0.0
2019-03-30,19,0,22,76.0,76.0,0.0,611.168619,0.0
2019-03-30,19,0,23,108.8,108.8,0.0,874.936128,0.0
2019-03-30,19,0,24,192.5,192.5,0.0,1548.025778,0.0
2019-03-30,19,0,29,0.46,0.46,0.0,3.179164,0.0
2019-03-30,19,0,30,186.88,186.88,0.0,1503.816526,0.0
2019-03-30,19,0,31,37.5,37.5,0.0,301.761129,0.0
2019-03-30,19,0,32,0.8,0.8,0.0,31.934675,0.0
2019-03-30,19,0,33,0.31,0.31,0.0,2.189895,0.0
2019-03-30,19,0,34,0.49,0.49,0.0,3.461447,0.0
2019-03-30,19,0,35,0.49,0.49,0.0,3.461447,0.0
2019-03-30,19,0,36,2.71,2.71,0.0,20.141807,0.0
2019-03-30,19,0,37,1.24,1.24,0.0,9.218968,0.0
2019-03-30,19,0,38,1.59,1.59,0.0,11.821096,0.0
2019-03-30,19,0,39,1.06,1.06,0.0,7.880731,0.0
2019-03-30,19,0,40,1.06,1.06,0.0,7.880731,0.0
2019-03-30,19,0,41,34.8,34.8,0.0,270.296421,0.0
2019-03-30,19,0,42,8.36,8.36,0.0,60.544776,0.0
2019-03-30,19,0,43,7.9,7.9,0.0,58.396995,0.0
2019-03-30,19,0,46,6.85,6.85,0.0,51.30989,0.0
2019-03-30,19,0,52,39.75,39.75,0.0,319.866796,0.0
2019-03-30,19,0,53,63.15,63.15,0.0,508.165741,0.0
2019-03-30,19,0,55,186.9,186.9,0.0,1502.9923,0.0
2019-03-30,19,0,56,55.12,55.12,0.0,443.548624,0.0
2019-03-30,19,0,57,52.43,52.43,0.0,421.902293,0.0
2019-03-30,19,0,58,100.84,100.84,0.0,811.455792,0.0
2019-03-30,19,0,59,99.16,99.16,0.0,797.936894,0.0
2019-03-30,19,0,63,170.0,170.0,0.0,18849.682439,0.0
2019-03-30,19,0,64,200.0,200.0,0.0,22176.096987,0.0
2019-03-30,19,0,65,25.94,25.94,0.0,187.192775,0.0
2019-03-30,19,0,67,91.86,91.86,0.0,-51298.308866,0.0
2019-03-30,19,0,68,12.55,12.55,0.0,-5198.821493,0.0
2019-03-30,19,0,69,0.31,0.31,0.0,2.189895,0.0
2019-03-30,19,0,74,65.28,65.28,0.0,482.003945,0.0
2019-03-30,19,0,77,60.0,60.0,0.0,-17654.174174,0.0
2019-03-30,19,0,78,45.36,45.36,0.0,-13346.555676,0.0
2019-03-30,19,0,79,26.25,26.25,0.0,-7723.701201,0.0
2019-03-30,19,0,80,42.45,42.45,0.0,-12490.328228,0.0
2019-03-30,19,0,81,55.5,55.5,0.0,-16330.111111,0.0
2019-03-30,19,0,82,39.15,39.15,0.0,-11519.348649,0.0
2019-03-30,19,0,83,87.3,87.3,0.0,-25686.823424,0.0
2019-03-30,19,0,84,0.0,0.0,0.0,0.0,0.0
2019-03-30,19,0,86,1.56,1.56,0.0,11.020118,0.0
2019-03-30,19,0,87,7.94,7.94,0.0,56.089574,0.0
2019-03-30,19,0,88,51.18,51.18,0.0,-15059.010571,0.0
2019-03-30,19,0,89,49.2,49.2,0.0,-14476.422823,0.0
2019-03-30,19,0,90,66.06,66.06,0.0,-19437.245766,0.0
2019-03-30,19,0,91,235.65,235.65,0.0,-69336.76907,0.0
2019-03-30,19,0,92,84.75,84.75,0.0,-24936.521021,0.0
2019-03-30,19,0,95,120.0,120.0,0.0,3049.643213,0.0
2019-03-30,19,0,96,29.88,29.88,0.0,240.60787,0.0
2019-03-30,19,0,97,183.75,183.75,0.0,1479.641772,0.0
2019-03-30,19,0,99,12.6,12.6,0.0,93.03385,0.0
2019-03-30,19,0,101,3.76,3.76,0.0,30.256583,0.0
2019-03-30,19,0,102,35.91,35.91,0.0,-14875.671697,0.0
2019-03-30,19,0,103,30.13,30.13,0.0,-12481.31407,0.0
2019-03-30,19,0,104,4.3,4.3,0.0,-1781.269515,0.0
2019-03-30,19,0,106,74.82,74.82,0.0,601.679422,0.0
2019-03-30,19,0,109,0.0,0.0,0.0,0.0,0.0
2019-03-30,19,0,110,338.6,338.6,0.0,-338600.0,0.0
2019-03-30,19,0,111,5.12,5.12,0.0,39.767749,0.0
2019-03-30,19,0,113,45.0,45.0,0.0,-11914.571948,0.0
2019-03-30,19,0,115,45.0,45.0,0.0,-11914.571948,0.0
2019-03-30,19,0,116,26.66,26.66,0.0,-26660.0,0.0
2019-03-30,19,0,117,3.0,3.0,0.0,-794.304797,0.0
2019-03-30,19,0,119,200.0,200.0,0.0,22176.096987,0.0
2019-03-30,19,0,120,117.6,117.6,0.0,13039.545029,0.0
2019-03-30,19,0,123,1.25,1.25,0.0,10.052115,0.0
2019-03-30,19,0,125,174.2,174.2,0.0,1400.862808,0.0
2019-03-30,19,0,126,56.11,56.11,0.0,451.219358,0.0
2019-03-30,19,0,127,72.01,72.01,0.0,579.082266,0.0
2019-03-30,19,0,128,249.5,249.5,0.0,2006.402242,0.0
2019-03-30,19,0,131,30.0,30.0,0.0,-11272.189368,0.0
2019-03-30,19,0,132,44.1,44.1,0.0,-16570.118371,0.0
2019-03-30,19,0,133,135.62,135.62,0.0,977.810571,0.0
2019-03-30,19,0,134,0.0,0.0,0.0,0.0,0.0
2019-03-30,19,0,135,183.78,183.78,0.0,1325.040752,0.0
2019-03-30,19,0,136,32.9,32.9,0.0,237.429388,0.0
2019-03-30,19,0,139,44.94,44.94,0.0,349.055206,0.0
2019-03-30,19,0,140,250.6,250.6,0.0,-250600.0,0.0
2019-03-30,19,0,141,230.0,230.0,0.0,-128441.226205,0.0
2019-03-30,19,0,142,121.14,121.14,0.0,-67649.435402,0.0
2019-03-30,19,0,143,71.55,71.55,0.0,575.760233,0.0
2019-03-30,19,0,145,30.0,30.0,0.0,236.274171,0.0
2019-03-30,19,0,146,268.0,268.0,0.0,-268000.0,0.0
2019-03-30,19,0,152,1.86,1.86,0.0,13.720812,0.0
2019-03-30,19,0,153,2.33,2.33,0.0,17.205359,0.0
2019-03-30,19,0,154,21.13,21.13,0.0,164.119637,0.0
2019-03-30,19,0,157,162.72,162.72,0.0,-90869.375339,0.0
2019-03-30,19,0,158,98.99,98.99,0.0,-55279.986878,0.0
2019-03-30,19,0,159,0.0,0.0,0.0,0.0,0.0
2019-03-30,19,0,160,0.6,0.6,0.0,4.356502,0.0
2019-03-30,19,0,161,17.19,17.19,0.0,-7120.935574,0.0
2019-03-30,19,0,162,162.5,162.5,0.0,4257.194069,0.0
2019-03-30,19,0,163,185.4,185.4,0.0,-185400.0,0.0
2019-03-30,19,0,164,6.96,6.96,0.0,56.006865,0.0
2019-03-30,19,0,167,0.97,0.97,0.0,21.971201,0.0
2019-03-30,19,0,168,0.49,0.49,0.0,11.098854,0.0
2019-03-30,19,0,169,0.0,0.0,0.0,0.0,0.0
2019-03-30,19,0,170,1.06,1.06,0.0,24.009766,0.0
2019-03-30,19,0,172,1.39,1.39,0.0,21.384648,0.0
2019-03-30,19,0,173,2.12,2.12,0.0,32.615434,0.0
2019-03-30,19,0,188,1.8,1.8,0.0,41.084588,0.0
2019-03-30,19,0,190,1.85,1.85,0.0,59.990981,0.0
2019-03-30,19,0,191,4.78,4.78,0.0,155.003723,0.0
2019-03-30,19,0,192,332.6,332.6,0.0,10785.405497,0.0
2019-03-30,19,0,194,176.5,176.5,0.0,-22935.173281,0.0
2019-03-30,19,0,196,1.37,1.37,0.0,360.463034,0.0
2019-03-30,19,0,198,2.41,2.41,0.0,16.961181,0.0
2019-03-30,19,0,199,130.0,130.0,0.0,-4210.398888,0.0
2019-03-30,19,0,200,4.0,4.0,0.0,-129.550735,0.0
2019-03-30,19,0,204,0.0,0.0,0.0,0.0,0.0
2019-03-30,19,0,205,0.0,0.0,0.0,0.0,0.0
2019-03-30,19,0,206,539.94,539.94,0.0,4347.851855,0.0
2019-03-30,19,0,210,0.23,0.23,0.0,1.58274,0.0
2019-03-30,19,0,214,1.3,1.3,0.0,9.070953,0.0
2019-03-30,19,0,217,0.78,0.78,0.0,5.408701,0.0
2019-03-30,19,0,218,1.08,1.08,0.0,7.48897,0.0
2019-03-30,19,0,219,0.74,0.74,0.0,5.131331,0.0
2019-03-30,19,0,221,0.69,0.69,0.0,4.814583,0.0
2019-03-30,19,0,225,0.51,0.51,0.0,3.526191,0.0
2019-03-30,19,0,233,0.88,0.88,0.0,6.216477,0.0
2019-03-30,19,0,236,0.0,0.0,0.0,0.0,0.0
2019-03-30,19,0,237,156.6,156.6,0.0,1156.277846,0.0
2019-03-30,19,0,238,10.88,10.88,0.0,78.795115,0.0
2019-03-30,19,0,240,3.07,3.07,0.0,22.817471,0.0
2019-03-30,19,0,245,78.0,78.0,0.0,560.727973,0.0
2019-03-30,19,0,247,171.72,171.72,0.0,1234.464198,0.0
2019-03-30,19,0,248,15.72,15.72,0.0,116.070803,0.0
2019-03-30,19,0,249,150.0,150.0,0.0,1078.323024,0.0
2019-03-30,19,0,251,147.44,147.44,0.0,1065.408484,0.0
2019-03-30,19,0,252,167.31,167.31,0.0,1207.371753,0.0
2019-03-30,19,0,254,4.12,4.12,0.0,30.319512,0.0
2019-03-30,19,0,255,1.89,1.89,0.0,13.908708,0.0
2019-03-30,19,0,258,3.81,3.81,0.0,28.292602,0.0
2019-03-30,19,0,260,1.46,1.46,0.0,10.60082,0.0
2019-03-30,19,0,265,21.88,21.88,0.0,169.944991,0.0
2019-03-30,19,0,266,29.1,29.1,0.0,226.023731,0.0
2019-03-30,19,0,267,35.76,35.76,0.0,277.752874,0.0
2019-03-30,19,0,270,579.0,579.0,0.0,-579000.0,0.0
2019-03-30,19,0,272,150.39,150.39,0.0,-39818.499452,0.0
2019-03-30,19,0,273,6.38,6.38,0.0,-6380.0,0.0
2019-03-30,19,0,274,746.4,746.4,0.0,-746400.0,0.0
2019-03-30,19,0,275,1039.0,1039.0,0.0,-1039000.0,0.0
2019-03-30,19,0,276,1.54,1.54,0.0,-1388.169857,0.0
2019-03-30,19,0,277,2.06,2.06,0.0,-569.759848,0.0
2019-03-30,19,0,278,3.3,3.3,0.0,-912.722087,0.0
2019-03-30,19,0,279,264.6,264.6,0.0,-73183.71641,0.0
2019-03-30,19,0,281,16.83,16.83,0.0,135.430395,0.0
2019-03-30,19,0,282,102.52,102.52,0.0,824.974691,0.0
2019-03-30,20,0,9,0.0,0.0,0.0,0.0,0.0
2019-03-30,20,0,17,0.0,0.0,0.0,0.0,0.0
2019-03-30,20,0,19,643.3,643.3,0.0,5463.838304,0.0
2019-03-30,20,0,20,780.2,780.2,0.0,6626.592018,0.0
2019-03-30,20,0,21,0.0,0.0,0.0,0.0,0.0
2019-03-30,20,0,22,0.0,0.0,0.0,0.0,0.0
2019-03-30,20,0,23,108.8,108.8,0.0,642.284581,0.0
2019-03-30,20,0,24,192.5,192.5,0.0,1136.395055,0.0
2019-03-30,20,0,29,0.0,0.0,0.0,0.0,0.0
2019-03-30,20,0,30,9.03,9.03,0.0,53.158941,0.0
2019-03-30,20,0,31,37.5,37.5,0.0,220.759721,0.0
2019-03-30,20,0,32,0.0,0.0,0.0,0.0,0.0
2019-03-30,20,0,33,0.0,0.0,0.0,0.0,0.0
2019-03-30,20,0,34,0.0,0.0,0.0,0.0,0.0
2019-03-30,20,0,35,0.0,0.0,0.0,0.0,0.0
2019-03-30,20,0,36,0.0,0.0,0.0,0.0,0.0
2019-03-30,20,0,37,0.0,0.0,0.0,0.0,0.0
2019-03-30,20,0,38,0.0,0.0,0.0,0.0,0.0
2019-03-30,20,0,39,0.0,0.0,0.0,0.0,0.0
2019-03-30,20,0,40,0.0,0.0,0.0,0.0,0.0
2019-03-30,20,0,41,60.5,60.5,0.0,408.912206,0.0
2019-03-30,20,0,42,0.0,0.0,0.0,0.0,0.0
2019-03-30,20,0,43,0.0,0.0,0.0,0.0,0.0
2019-03-30,20,0,46,0.0,0.0,0.0,0.0,0.0
2019-03-30,20,0,52,39.75,39.75,0.0,234.005304,0.0
2019-03-30,20,0,53,63.15,63.15,0.0,371.75937,0.0
2019-03-30,20,0,55,186.9,186.9,0.0,1103.336289,0.0
2019-03-30,20,0,56,2.66,2.66,0.0,15.659223,0.0
2019-03-30,20,0,57,2.53,2.53,0.0,14.893922,0.0
2019-03-30,20,0,58,4.87,4.87,0.0,28.669329,0.0
2019-03-30,20,0,59,4.79,4.79,0.0,28.198375,0.0
2019-03-30,20,0,63,170.0,170.0,0.0,18222.219182,0.0
2019-03-30,20,0,64,200.0,200.0,0.0,21437.90492,0.0
2019-03-30,20,0,65,35.45,35.45,0.0,300.442133,0.0
2019-03-30,20,0,67,1.45,1.45,0.0,-810.872194,0.0
2019-03-30,20,0,68,10.2,10.2,0.0,-4235.919283,0.0
2019-03-30,20,0,69,0.0,0.0,0.0,0.0,0.0
2019-03-30,20,0,74,65.28,65.28,0.0,519.229986,0.0
2019-03-30,20,0,77,84.7,84.7,0.0,-25015.836695,0.0
2019-03-30,20,0,78,64.3,64.3,0.0,-18990.770951,0.0
2019-03-30,20,0,79,37.43,37.43,0.0,-11054.814256,0.0
2019-03-30,20,0,80,60.23,60.23,0.0,-17788.711265,0.0
2019-03-30,20,0,81,78.45,78.45,0.0,-23169.921945,0.0
2019-03-30,20,0,82,55.6,55.6,0.0,-16421.257618,0.0
2019-03-30,20,0,83,122.29,122.29,0.0,-36117.906369,0.0
2019-03-30,20,0,84,0.0,0.0,0.0,0.0,0.0
2019-03-30,20,0,86,0.0,0.0,0.0,0.0,0.0
2019-03-30,20,0,87,0.0,0.0,0.0,0.0,0.0
2019-03-30,20,0,88,95.98,95.98,0.0,-28347.343637,0.0
2019-03-30,20,0,89,92.28,92.28,0.0,-27254.562105,0.0
2019-03-30,20,0,90,123.8,123.8,0.0,-36563.879373,0.0
2019-03-30,20,0,91,440.78,440.78,0.0,-130182.768579,0.0
2019-03-30,20,0,92,158.74,158.74,0.0,-46883.281193,0.0
2019-03-30,20,0,95,120.0,120.0,0.0,3049.643213,0.0
2019-03-30,20,0,96,31.77,31.77,0.0,186.482278,0.0
2019-03-30,20,0,97,229.39,229.39,0.0,1346.464269,0.0
2019-03-30,20,0,99,12.6,12.6,0.0,100.219023,0.0
2019-03-30,20,0,101,0.18,0.18,0.0,1.059647,0.0
2019-03-30,20,0,102,24.15,24.15,0.0,-10029.161832,0.0
2019-03-30,20,0,103,21.0,21.0,0.0,-8721.010288,0.0
2019-03-30,20,0,104,3.9,3.9,0.0,-1619.616196,0.0
2019-03-30,20,0,106,0.0,0.0,0.0,0.0,0.0
2019-03-30,20,0,109,60.0,60.0,0.0,439.426988,0.0
2019-03-30,20,0,110,338.6,338.6,0.0,-338600.0,0.0
2019-03-30,20,0,111,0.0,0.0,0.0,0.0,0.0
2019-03-30,20,0,113,45.0,45.0,0.0,-11987.555139,0.0
2019-03-30,20,0,115,45.0,45.0,0.0,-11987.555139,0.0
2019-03-30,20,0,116,0.0,0.0,0.0,-0.0,0.0
2019-03-30,20,0,117,3.0,3.0,0.0,-799.170343,0.0
2019-03-30,20,0,119,200.0,200.0,0.0,21437.90492,0.0
2019-03-30,20,0,120,117.6,117.6,0.0,12605.488093,0.0
2019-03-30,20,0,123,0.0,0.0,0.0,0.0,0.0
2019-03-30,20,0,125,174.2,174.2,0.0,1028.363732,0.0
2019-03-30,20,0,126,0.0,0.0,0.0,0.0,0.0
2019-03-30,20,0,127,0.0,0.0,0.0,0.0,0.0
2019-03-30,20,0,128,249.5,249.5,0.0,1472.886058,0.0
2019-03-30,20,0,131,30.0,30.0,0.0,-11305.359971,0.0
2019-03-30,20,0,132,44.1,44.1,0.0,-16618.879158,0.0
2019-03-30,20,0,133,103.8,103.8,0.0,881.799948,0.0
2019-03-30,20,0,134,0.0,0.0,0.0,0.0,0.0
2019-03-30,20,0,135,138.32,138.32,0.0,1175.05365,0.0
2019-03-30,20,0,136,35.87,35.87,0.0,303.965523,0.0
2019-03-30,20,0,139,80.98,80.98,0.0,547.334057,0.0
2019-03-30,20,0,140,250.6,250.6,0.0,-250600.0,0.0
2019-03-30,20,0,141,230.0,230.0,0.0,-128621.106592,0.0
2019-03-30,20,0,142,1.92,1.92,0.0,-1073.706629,0.0
2019-03-30,20,0,143,71.55,71.55,0.0,421.209547,0.0
2019-03-30,20,0,145,30.0,30.0,0.0,192.607954,0.0
2019-03-30,20,0,146,268.0,268.0,0.0,-268000.0,0.0
2019-03-30,20,0,152,0.0,0.0,0.0,0.0,0.0
2019-03-30,20,0,153,0.0,0.0,0.0,0.0,0.0
2019-03-30,20,0,154,0.0,0.0,0.0,0.0,0.0
2019-03-30,20,0,157,108.59,108.59,0.0,-60725.938977,0.0
2019-03-30,20,0,158,10.24,10.24,0.0,-5726.435354,0.0
2019-03-30,20,0,159,0.0,0.0,0.0,0.0,0.0
2019-03-30,20,0,160,0.0,0.0,0.0,0.0,0.0
2019-03-30,20,0,161,0.0,0.0,0.0,-0.0,0.0
2019-03-30,20,0,162,162.5,162.5,0.0,4258.485489,0.0
2019-03-30,20,0,163,185.4,185.4,0.0,-185400.0,0.0
2019-03-30,20,0,164,0.75,0.75,0.0,4.415194,0.0
2019-03-30,20,0,167,0.0,0.0,0.0,0.0,0.0
2019-03-30,20,0,168,0.0,0.0,0.0,0.0,0.0
2019-03-30,20,0,169,0.0,0.0,0.0,0.0,0.0
2019-03-30,20,0,170,0.0,0.0,0.0,0.0,0.0
2019-03-30,20,0,172,0.0,0.0,0.0,0.0,0.0
2019-03-30,20,0,173,0.0,0.0,0.0,0.0,0.0
2019-03-30,20,0,188,0.0,0.0,0.0,0.0,0.0
2019-03-30,20,0,190,0.0,0.0,0.0,0.0,0.0
2019-03-30,20,0,191,0.0,0.0,0.0,0.0,0.0
2019-03-30,20,0,192,332.6,332.6,0.0,10785.405497,0.0
2019-03-30,20,0,194,176.5,176.5,0.0,-23339.251588,0.0
2019-03-30,20,0,196,0.0,0.0,0.0,0.0,0.0
2019-03-30,20,0,198,0.0,0.0,0.0,0.0,0.0
2019-03-30,20,0,199,130.0,130.0,0.0,-3876.078219,0.0
2019-03-30,20,0,200,0.0,0.0,0.0,-0.0,0.0
2019-03-30,20,0,204,465.33,465.33,0.0,3377.837217,0.0
2019-03-30,20,0,205,317.4,317.4,0.0,2324.568766,0.0
2019-03-30,20,0,206,868.95,868.95,0.0,5100.528038,0.0
2019-03-30,20,0,210,0.0,0.0,0.0,0.0,0.0
2019-03-30,20,0,214,0.0,0.0,0.0,0.0,0.0
2019-03-30,20,0,217,0.0,0.0,0.0,0.0,0.0
2019-03-30,20,0,218,0.0,0.0,0.0,0.0,0.0
2019-03-30,20,0,219,0.0,0.0,0.0,0.0,0.0
2019-03-30,20,0,221,0.0,0.0,0.0,0.0,0.0
2019-03-30,20,0,225,0.0,0.0,0.0,0.0,0.0
2019-03-30,20,0,233,0.0,0.0,0.0,0.0,0.0
2019-03-30,20,0,236,159.03,159.03,0.0,1310.879828,0.0
2019-03-30,20,0,237,156.6,156.6,0.0,1245.579287,0.0
2019-03-30,20,0,238,0.0,0.0,0.0,0.0,0.0
2019-03-30,20,0,240,0.0,0.0,0.0,0.0,0.0
2019-03-30,20,0,245,145.89,145.89,0.0,1248.958329,0.0
2019-03-30,20,0,247,171.72,171.72,0.0,1470.087903,0.0
2019-03-30,20,0,248,15.72,15.72,0.0,125.035162,0.0
2019-03-30,20,0,249,280.44,280.44,0.0,2400.835381,0.0
2019-03-30,20,0,251,253.08,253.08,0.0,2137.249298,0.0
2019-03-30,20,0,252,228.66,228.66,0.0,1937.915318,0.0
2019-03-30,20,0,254,0.0,0.0,0.0,0.0,0.0
2019-03-30,20,0,255,0.0,0.0,0.0,0.0,0.0
2019-03-30,20,0,258,0.0,0.0,0.0,0.0,0.0
2019-03-30,20,0,260,0.0,0.0,0.0,0.0,0.0
2019-03-30,20,0,265,0.0,0.0,0.0,0.0,0.0
2019-03-30,20,0,266,49.35,49.35,0.0,333.5507,0.0
2019-03-30,20,0,267,62.41,62.41,0.0,421.821666,0.0
2019-03-30,20,0,270,579.0,579.0,0.0,-579000.0,0.0
2019-03-30,20,0,272,150.39,150.39,0.0,-40062.409276,0.0
2019-03-30,20,0,273,0.0,0.0,0.0,-0.0,0.0
2019-03-30,20,0,274,746.4,746.4,0.0,-746400.0,0.0
2019-03-30,20,0,275,1039.0,1039.0,0.0,-1039000.0,0.0
2019-03-30,20,0,276,0.0,0.0,0.0,-0.0,0.0
2019-03-30,20,0,277,0.0,0.0,0.0,-0.0,0.0
2019-03-30,20,0,278,0.0,0.0,0.0,-0.0,0.0
2019-03-30,20,0,279,651.99,651.99,0.0,-181252.659582,0.0
2019-03-30,20,0,281,16.83,16.83,0.0,99.076963,0.0
2019-03-30,20,0,282,4.95,4.95,0.0,29.140283,0.0
2019-03-30,21,0,9,0.0,0.0,0.0,0.0,0.0
2019-03-30,21,0,17,0.0,0.0,0.0,0.0,0.0
2019-03-30,21,0,19,643.3,643.3,0.0,940.098004,0.0
2019-03-30,21,0,20,780.2,780.2,0.0,1140.159277,0.0
2019-03-30,21,0,21,0.0,0.0,0.0,0.0,0.0
2019-03-30,21,0,22,0.0,0.0,0.0,0.0,0.0
2019-03-30,21,0,23,108.8,108.8,0.0,1232.432611,0.0
2019-03-30,21,0,24,192.5,192.5,0.0,2180.544831,0.0
2019-03-30,21,0,29,0.0,0.0,0.0,0.0,0.0
2019-03-30,21,0,30,0.0,0.0,0.0,0.0,0.0
2019-03-30,21,0,31,37.5,37.5,0.0,425.917401,0.0
2019-03-30,21,0,32,0.0,0.0,0.0,0.0,0.0
2019-03-30,21,0,33,0.0,0.0,0.0,0.0,0.0
2019-03-30,21,0,34,0.0,0.0,0.0,0.0,0.0
2019-03-30,21,0,35,0.0,0.0,0.0,0.0,0.0
2019-03-30,21,0,36,0.0,0.0,0.0,0.0,0.0
2019-03-30,21,0,37,0.0,0.0,0.0,0.0,0.0
2019-03-30,21,0,38,0.0,0.0,0.0,0.0,0.0
2019-03-30,21,0,39,0.0,0.0,0.0,0.0,0.0
2019-03-30,21,0,40,0.0,0.0,0.0,0.0,0.0
2019-03-30,21,0,41,111.37,111.37,0.0,1085.699736,0.0
2019-03-30,21,0,42,0.0,0.0,0.0,0.0,0.0
2019-03-30,21,0,43,0.0,0.0,0.0,0.0,0.0
2019-03-30,21,0,46,0.0,0.0,0.0,0.0,0.0
2019-03-30,21,0,52,39.75,39.75,0.0,451.472445,0.0
2019-03-30,21,0,53,63.15,63.15,0.0,717.244903,0.0
2019-03-30,21,0,55,186.9,186.9,0.0,2117.1108,0.0
2019-03-30,21,0,56,0.0,0.0,0.0,0.0,0.0
2019-03-30,21,0,57,0.0,0.0,0.0,0.0,0.0
2019-03-30,21,0,58,0.0,0.0,0.0,0.0,0.0
2019-03-30,21,0,59,0.0,0.0,0.0,0.0,0.0
2019-03-30,21,0,63,170.0,170.0,0.0,16342.456776,0.0
2019-03-30,21,0,64,200.0,200.0,0.0,19226.419737,0.0
2019-03-30,21,0,65,41.4,41.4,0.0,166.234955,0.0
2019-03-30,21,0,67,0.0,0.0,0.0,-0.0,0.0
2019-03-30,21,0,68,10.2,10.2,0.0,-4312.379038,0.0
2019-03-30,21,0,69,0.0,0.0,0.0,0.0,0.0
2019-03-30,21,0,74,65.28,65.28,0.0,492.068571,0.0
2019-03-30,21,0,77,172.48,172.48,0.0,-52551.221173,0.0
2019-03-30,21,0,78,130.65,130.65,0.0,-39806.45319,0.0
2019-03-30,21,0,79,75.79,75.79,0.0,-23091.703691,0.0
2019-03-30,21,0,80,122.31,122.31,0.0,-37265.421276,0.0
2019-03-30,21,0,81,159.64,159.64,0.0,-48639.128873,0.0
2019-03-30,21,0,82,112.85,112.85,0.0,-34383.147666,0.0
2019-03-30,21,0,83,250.05,250.05,0.0,-76185.255417,0.0
2019-03-30,21,0,84,0.0,0.0,0.0,-0.0,0.0
2019-03-30,21,0,86,0.0,0.0,0.0,0.0,0.0
2019-03-30,21,0,87,0.0,0.0,0.0,0.0,0.0
2019-03-30,21,0,88,170.6,170.6,0.0,-51978.422612,0.0
2019-03-30,21,0,89,164.0,164.0,0.0,-49967.534047,0.0
2019-03-30,21,0,90,220.2,220.2,0.0,-67090.55486,0.0
2019-03-30,21,0,91,785.5,785.5,0.0,-239326.207278,0.0
2019-03-30,21,0,92,282.5,282.5,0.0,-86072.124196,0.0
2019-03-30,21,0,95,120.0,120.0,0.0,2947.960924,0.0
2019-03-30,21,0,96,29.88,29.88,0.0,340.316921,0.0
2019-03-30,21,0,97,183.75,183.75,0.0,2092.812392,0.0
2019-03-30,21,0,99,12.6,12.6,0.0,94.97647,0.0
2019-03-30,21,0,101,0.0,0.0,0.0,0.0,0.0
2019-03-30,21,0,102,24.15,24.15,0.0,-10210.191546,0.0
2019-03-30,21,0,103,21.0,21.0,0.0,-8878.427432,0.0
2019-03-30,21,0,104,3.9,3.9,0.0,-1648.850809,0.0
2019-03-30,21,0,106,0.0,0.0,0.0,0.0,0.0
2019-03-30,21,0,109,83.6,83.6,0.0,728.057519,0.0
2019-03-30,21,0,110,338.6,338.6,0.0,-338600.0,0.0
2019-03-30,21,0,111,0.0,0.0,0.0,0.0,0.0
2019-03-30,21,0,113,84.18,84.18,0.0,-23158.732326,0.0
2019-03-30,21,0,115,84.18,84.18,0.0,-23158.732326,0.0
2019-03-30,21,0,116,0.0,0.0,0.0,-0.0,0.0
2019-03-30,21,0,117,5.66,5.66,0.0,-1557.120753,0.0
2019-03-30,21,0,119,200.0,200.0,0.0,19226.419737,0.0
2019-03-30,21,0,120,117.6,117.6,0.0,11305.134805,0.0
2019-03-30,21,0,123,0.0,0.0,0.0,0.0,0.0
2019-03-30,21,0,125,174.2,174.2,0.0,1973.251479,0.0
2019-03-30,21,0,126,0.0,0.0,0.0,0.0,0.0
2019-03-30,21,0,127,0.0,0.0,0.0,0.0,0.0
2019-03-30,21,0,128,249.5,249.5,0.0,2826.212652,0.0
2019-03-30,21,0,131,30.0,30.0,0.0,-11545.02601,0.0
2019-03-30,21,0,132,44.1,44.1,0.0,-16971.188235,0.0
2019-03-30,21,0,133,91.59,91.59,0.0,631.011799,0.0
2019-03-30,21,0,134,0.0,0.0,0.0,0.0,0.0
2019-03-30,21,0,135,119.08,119.08,0.0,820.404903,0.0
2019-03-30,21,0,136,45.9,45.9,0.0,190.739508,0.0
2019-03-30,21,0,139,146.7,146.7,0.0,1430.117189,0.0
2019-03-30,21,0,140,250.6,250.6,0.0,-250600.0,0.0
2019-03-30,21,0,141,216.29,216.29,0.0,-122176.379376,0.0
2019-03-30,21,0,142,0.0,0.0,0.0,-0.0,0.0
2019-03-30,21,0,143,70.42,70.42,0.0,799.81609,0.0
2019-03-30,21,0,145,30.0,30.0,0.0,311.234938,0.0
2019-03-30,21,0,146,268.0,268.0,0.0,-268000.0,0.0
2019-03-30,21,0,152,0.0,0.0,0.0,0.0,0.0
2019-03-30,21,0,153,0.0,0.0,0.0,0.0,0.0
2019-03-30,21,0,154,0.0,0.0,0.0,0.0,0.0
2019-03-30,21,0,157,68.13,68.13,0.0,-38484.796925,0.0
2019-03-30,21,0,158,0.0,0.0,0.0,-0.0,0.0
2019-03-30,21,0,159,0.0,0.0,0.0,0.0,0.0
2019-03-30,21,0,160,0.0,0.0,0.0,0.0,0.0
2019-03-30,21,0,161,0.0,0.0,0.0,-0.0,0.0
2019-03-30,21,0,162,162.5,162.5,0.0,4121.071844,0.0
2019-03-30,21,0,163,185.4,185.4,0.0,-185400.0,0.0
2019-03-30,21,0,164,0.0,0.0,0.0,0.0,0.0
2019-03-30,21,0,167,0.0,0.0,0.0,0.0,0.0
2019-03-30,21,0,168,0.0,0.0,0.0,0.0,0.0
2019-03-30,21,0,169,0.0,0.0,0.0,0.0,0.0
2019-03-30,21,0,170,0.0,0.0,0.0,0.0,0.0
2019-03-30,21,0,172,0.0,0.0,0.0,0.0,0.0
2019-03-30,21,0,173,0.0,0.0,0.0,0.0,0.0
2019-03-30,21,0,188,0.0,0.0,0.0,0.0,0.0
2019-03-30,21,0,190,0.0,0.0,0.0,0.0,0.0
2019-03-30,21,0,191,0.0,0.0,0.0,0.0,0.0
2019-03-30,21,0,192,325.35,325.35,0.0,10550.305708,0.0
2019-03-30,21,0,194,176.5,176.5,0.0,-25019.544731,0.0
2019-03-30,21,0,196,0.0,0.0,0.0,0.0,0.0
2019-03-30,21,0,198,0.0,0.0,0.0,0.0,0.0
2019-03-30,21,0,199,130.0,130.0,0.0,-5051.558833,0.0
2019-03-30,21,0,200,0.0,0.0,0.0,-0.0,0.0
2019-03-30,21,0,204,841.64,841.64,0.0,7430.569486,0.0
2019-03-30,21,0,205,387.97,387.97,0.0,3378.761672,0.0
2019-03-30,21,0,206,539.94,539.94,0.0,6149.622438,0.0
2019-03-30,21,0,210,0.0,0.0,0.0,0.0,0.0
2019-03-30,21,0,214,0.0,0.0,0.0,0.0,0.0
2019-03-30,21,0,217,0.0,0.0,0.0,0.0,0.0
2019-03-30,21,0,218,0.0,0.0,0.0,0.0,0.0
2019-03-30,21,0,219,0.0,0.0,0.0,0.0,0.0
2019-03-30,21,0,221,0.0,0.0,0.0,0.0,0.0
2019-03-30,21,0,225,0.0,0.0,0.0,0.0,0.0
2019-03-30,21,0,233,0.0,0.0,0.0,0.0,0.0
2019-03-30,21,0,236,159.03,159.03,0.0,1114.162923,0.0
2019-03-30,21,0,237,156.6,156.6,0.0,1180.421848,0.0
2019-03-30,21,0,238,0.0,0.0,0.0,0.0,0.0
2019-03-30,21,0,240,0.0,0.0,0.0,0.0,0.0
2019-03-30,21,0,245,260.0,260.0,0.0,1538.851141,0.0
2019-03-30,21,0,247,171.72,171.72,0.0,1016.351992,0.0
2019-03-30,21,0,248,15.72,15.72,0.0,118.494454,0.0
2019-03-30,21,0,249,500.0,500.0,0.0,2959.329118,0.0
2019-03-30,21,0,251,326.4,326.4,0.0,1592.980994,0.0
2019-03-30,21,0,252,267.06,267.06,0.0,1072.335921,0.0
2019-03-30,21,0,254,0.0,0.0,0.0,0.0,0.0
2019-03-30,21,0,255,0.0,0.0,0.0,0.0,0.0
2019-03-30,21,0,258,0.0,0.0,0.0,0.0,0.0
2019-03-30,21,0,260,0.0,0.0,0.0,0.0,0.0
2019-03-30,21,0,265,0.0,0.0,0.0,0.0,0.0
2019-03-30,21,0,266,91.87,91.87,0.0,895.602359,0.0
2019-03-30,21,0,267,114.69,114.69,0.0,1118.065033,0.0
2019-03-30,21,0,270,579.0,579.0,0.0,-579000.0,0.0
2019-03-30,21,0,272,281.15,281.15,0.0,-77347.084742,0.0
2019-03-30,21,0,273,0.0,0.0,0.0,-0.0,0.0
2019-03-30,21,0,274,746.4,746.4,0.0,-746400.0,0.0
2019-03-30,21,0,275,1039.0,1039.0,0.0,-1039000.0,0.0
2019-03-30,21,0,276,0.0,0.0,0.0,-0.0,0.0
2019-03-30,21,0,277,0.0,0.0,0.0,-0.0,0.0
2019-03-30,21,0,278,0.0,0.0,0.0,-0.0,0.0
2019-03-30,21,0,279,651.69,651.69,0.0,-187012.174586,0.0
2019-03-30,21,0,281,16.83,16.83,0.0,191.151729,0.0
2019-03-30,21,0,282,0.0,0.0,0.0,0.0,0.0
2019-03-30,22,0,9,0.0,0.0,0.0,0.0,0.0
2019-03-30,22,0,17,0.0,0.0,0.0,0.0,0.0
2019-03-30,22,0,19,0.0,0.0,0.0,0.0,0.0
2019-03-30,22,0,20,0.0,0.0,0.0,0.0,0.0
2019-03-30,22,0,21,0.0,0.0,0.0,0.0,0.0
2019-03-30,22,0,22,0.0,0.0,0.0,0.0,0.0
2019-03-30,22,0,23,68.43,68.43,0.0,845.775263,0.0
2019-03-30,22,0,24,121.07,121.07,0.0,1496.390634,0.0
2019-03-30,22,0,29,0.0,0.0,0.0,0.0,0.0
2019-03-30,22,0,30,0.0,0.0,0.0,0.0,0.0
2019-03-30,22,0,31,20.22,20.22,0.0,250.866809,0.0
2019-03-30,22,0,32,0.0,0.0,0.0,0.0,0.0
2019-03-30,22,0,33,0.0,0.0,0.0,0.0,0.0
2019-03-30,22,0,34,0.0,0.0,0.0,0.0,0.0
2019-03-30,22,0,35,0.0,0.0,0.0,0.0,0.0
2019-03-30,22,0,36,0.0,0.0,0.0,0.0,0.0
2019-03-30,22,0,37,0.0,0.0,0.0,0.0,0.0
2019-03-30,22,0,38,0.0,0.0,0.0,0.0,0.0
2019-03-30,22,0,39,0.0,0.0,0.0,0.0,0.0
2019-03-30,22,0,40,0.0,0.0,0.0,0.0,0.0
2019-03-30,22,0,41,116.0,116.0,0.0,1187.240344,0.0
2019-03-30,22,0,42,0.0,0.0,0.0,0.0,0.0
2019-03-30,22,0,43,0.0,0.0,0.0,0.0,0.0
2019-03-30,22,0,46,0.0,0.0,0.0,0.0,0.0
2019-03-30,22,0,52,21.43,21.43,0.0,265.879116,0.0
2019-03-30,22,0,53,34.04,34.04,0.0,422.329683,0.0
2019-03-30,22,0,55,223.65,223.65,0.0,2764.250148,0.0
2019-03-30,22,0,56,0.0,0.0,0.0,0.0,0.0
2019-03-30,22,0,57,0.0,0.0,0.0,0.0,0.0
2019-03-30,22,0,58,0.0,0.0,0.0,0.0,0.0
2019-03-30,22,0,59,0.0,0.0,0.0,0.0,0.0
2019-03-30,22,0,63,170.0,170.0,0.0,16170.113364,0.0
2019-03-30,22,0,64,200.0,200.0,0.0,19023.662781,0.0
2019-03-30,22,0,65,41.4,41.4,0.0,695.957463,0.0
2019-03-30,22,0,67,0.0,0.0,0.0,-0.0,0.0
2019-03-30,22,0,68,10.2,10.2,0.0,-4322.177006,0.0
2019-03-30,22,0,69,0.0,0.0,0.0,0.0,0.0
2019-03-30,22,0,74,65.28,65.28,0.0,849.046226,0.0
2019-03-30,22,0,77,200.0,200.0,0.0,-61190.255275,0.0
2019-03-30,22,0,78,151.2,151.2,0.0,-46259.832988,0.0
2019-03-30,22,0,79,87.5,87.5,0.0,-26770.736683,0.0
2019-03-30,22,0,80,141.5,141.5,0.0,-43292.105607,0.0
2019-03-30,22,0,81,185.0,185.0,0.0,-56600.98613,0.0
2019-03-30,22,0,82,130.5,130.5,0.0,-39926.641567,0.0
2019-03-30,22,0,83,291.0,291.0,0.0,-89031.821426,0.0
2019-03-30,22,0,84,0.0,0.0,0.0,-0.0,0.0
2019-03-30,22,0,86,0.0,0.0,0.0,0.0,0.0
2019-03-30,22,0,87,0.0,0.0,0.0,0.0,0.0
2019-03-30,22,0,88,170.6,170.6,0.0,-52195.28775,0.0
2019-03-30,22,0,89,164.0,164.0,0.0,-50176.009326,0.0
2019-03-30,22,0,90,220.2,220.2,0.0,-67370.471058,0.0
2019-03-30,22,0,91,785.5,785.5,0.0,-240324.727594,0.0
2019-03-30,22,0,92,282.5,282.5,0.0,-86431.235576,0.0
2019-03-30,22,0,95,120.0,120.0,0.0,2876.259766,0.0
2019-03-30,22,0,96,29.88,29.88,0.0,372.189517,0.0
2019-03-30,22,0,97,183.75,183.75,0.0,2288.816056,0.0
2019-03-30,22,0,99,12.6,12.6,0.0,163.878408,0.0
2019-03-30,22,0,101,0.0,0.0,0.0,0.0,0.0
2019-03-30,22,0,102,24.15,24.15,0.0,-10233.389677,0.0
2019-03-30,22,0,103,21.0,21.0,0.0,-8898.599719,0.0
2019-03-30,22,0,104,3.9,3.9,0.0,-1652.597091,0.0
2019-03-30,22,0,106,0.0,0.0,0.0,0.0,0.0
2019-03-30,22,0,109,171.41,171.41,0.0,1344.876964,0.0
2019-03-30,22,0,110,338.6,338.6,0.0,-338600.0,0.0
2019-03-30,22,0,111,0.0,0.0,0.0,0.0,0.0
2019-03-30,22,0,113,149.99,149.99,0.0,-41405.558972,0.0
2019-03-30,22,0,115,149.99,149.99,0.0,-41405.558972,0.0
2019-03-30,22,0,116,0.0,0.0,0.0,-0.0,0.0
2019-03-30,22,0,117,10.0,10.0,0.0,-2760.554635,0.0
2019-03-30,22,0,119,200.0,200.0,0.0,19023.662781,0.0
2019-03-30,22,0,120,117.6,117.6,0.0,11185.913715,0.0
2019-03-30,22,0,123,0.0,0.0,0.0,0.0,0.0
2019-03-30,22,0,125,109.56,109.56,0.0,1354.13032,0.0
2019-03-30,22,0,126,0.0,0.0,0.0,0.0,0.0
2019-03-30,22,0,127,0.0,0.0,0.0,0.0,0.0
2019-03-30,22,0,128,156.92,156.92,0.0,1939.486399,0.0
2019-03-30,22,0,131,30.0,30.0,0.0,-11575.738118,0.0
2019-03-30,22,0,132,44.1,44.1,0.0,-17016.335033,0.0
2019-03-30,22,0,133,0.0,0.0,0.0,0.0,0.0
2019-03-30,22,0,134,0.0,0.0,0.0,0.0,0.0
2019-03-30,22,0,135,0.0,0.0,0.0,0.0,0.0
2019-03-30,22,0,136,45.9,45.9,0.0,771.889155,0.0
2019-03-30,22,0,139,149.8,149.8,0.0,1533.177617,0.0
2019-03-30,22,0,140,250.6,250.6,0.0,-250600.0,0.0
2019-03-30,22,0,141,93.3,93.3,0.0,-52770.210783,0.0
2019-03-30,22,0,142,0.0,0.0,0.0,-0.0,0.0
2019-03-30,22,0,143,39.07,39.07,0.0,484.736213,0.0
2019-03-30,22,0,145,73.71,73.71,0.0,794.993279,0.0
2019-03-30,22,0,146,248.99,248.99,0.0,-248990.0,0.0
2019-03-30,22,0,152,0.0,0.0,0.0,0.0,0.0
2019-03-30,22,0,153,0.0,0.0,0.0,0.0,0.0
2019-03-30,22,0,154,0.0,0.0,0.0,0.0,0.0
2019-03-30,22,0,157,39.19,39.19,0.0,-22165.750917,0.0
2019-03-30,22,0,158,0.0,0.0,0.0,-0.0,0.0
2019-03-30,22,0,159,0.0,0.0,0.0,0.0,0.0
2019-03-30,22,0,160,0.0,0.0,0.0,0.0,0.0
2019-03-30,22,0,161,0.0,0.0,0.0,-0.0,0.0
2019-03-30,22,0,162,96.21,96.21,0.0,2381.447684,0.0
2019-03-30,22,0,163,185.4,185.4,0.0,-185400.0,0.0
2019-03-30,22,0,164,0.0,0.0,0.0,0.0,0.0
2019-03-30,22,0,167,0.0,0.0,0.0,0.0,0.0
2019-03-30,22,0,168,0.0,0.0,0.0,0.0,0.0
2019-03-30,22,0,169,0.0,0.0,0.0,0.0,0.0
2019-03-30,22,0,170,0.0,0.0,0.0,0.0,0.0
2019-03-30,22,0,172,0.0,0.0,0.0,0.0,0.0
2019-03-30,22,0,173,0.0,0.0,0.0,0.0,0.0
2019-03-30,22,0,188,0.0,0.0,0.0,0.0,0.0
2019-03-30,22,0,190,0.0,0.0,0.0,0.0,0.0
2019-03-30,22,0,191,0.0,0.0,0.0,0.0,0.0
2019-03-30,22,0,192,203.31,203.31,0.0,6592.846638,0.0
2019-03-30,22,0,194,176.5,176.5,0.0,-25163.957081,0.0
2019-03-30,22,0,196,0.0,0.0,0.0,0.0,0.0
2019-03-30,22,0,198,0.0,0.0,0.0,0.0,0.0
2019-03-30,22,0,199,130.0,130.0,0.0,-4723.572538,0.0
2019-03-30,22,0,200,0.0,0.0,0.0,-0.0,0.0
2019-03-30,22,0,204,857.0,857.0,0.0,7036.286135,0.0
2019-03-30,22,0,205,852.76,852.76,0.0,6690.725628,0.0
2019-03-30,22,0,206,539.94,539.94,0.0,6725.569204,0.0
2019-03-30,22,0,210,0.0,0.0,0.0,0.0,0.0
2019-03-30,22,0,214,0.0,0.0,0.0,0.0,0.0
2019-03-30,22,0,217,0.0,0.0,0.0,0.0,0.0
2019-03-30,22,0,218,0.0,0.0,0.0,0.0,0.0
2019-03-30,22,0,219,0.0,0.0,0.0,0.0,0.0
2019-03-30,22,0,221,0.0,0.0,0.0,0.0,0.0
2019-03-30,22,0,225,0.0,0.0,0.0,0.0,0.0
2019-03-30,22,0,233,0.0,0.0,0.0,0.0,0.0
2019-03-30,22,0,236,159.03,159.03,0.0,3071.829125,0.0
2019-03-30,22,0,237,156.6,156.6,0.0,2036.774495,0.0
2019-03-30,22,0,238,0.0,0.0,0.0,0.0,0.0
2019-03-30,22,0,240,0.0,0.0,0.0,0.0,0.0
2019-03-30,22,0,245,0.0,0.0,0.0,0.0,0.0
2019-03-30,22,0,247,0.0,0.0,0.0,0.0,0.0
2019-03-30,22,0,248,15.72,15.72,0.0,204.457823,0.0
2019-03-30,22,0,249,0.0,0.0,0.0,0.0,0.0
2019-03-30,22,0,251,678.68,678.68,0.0,11534.644632,0.0
2019-03-30,22,0,252,267.06,267.06,0.0,4489.429956,0.0
2019-03-30,22,0,254,0.0,0.0,0.0,0.0,0.0
2019-03-30,22,0,255,0.0,0.0,0.0,0.0,0.0
2019-03-30,22,0,258,0.0,0.0,0.0,0.0,0.0
2019-03-30,22,0,260,0.0,0.0,0.0,0.0,0.0
2019-03-30,22,0,265,0.0,0.0,0.0,0.0,0.0
2019-03-30,22,0,266,97.0,97.0,0.0,992.778564,0.0
2019-03-30,22,0,267,119.2,119.2,0.0,1219.991802,0.0
2019-03-30,22,0,270,579.0,579.0,0.0,-579000.0,0.0
2019-03-30,22,0,272,501.3,501.3,0.0,-138386.603858,0.0
2019-03-30,22,0,273,0.0,0.0,0.0,-0.0,0.0
2019-03-30,22,0,274,746.4,746.4,0.0,-746400.0,0.0
2019-03-30,22,0,275,1039.0,1039.0,0.0,-1039000.0,0.0
2019-03-30,22,0,276,0.0,0.0,0.0,-0.0,0.0
2019-03-30,22,0,277,0.0,0.0,0.0,-0.0,0.0
2019-03-30,22,0,278,0.0,0.0,0.0,-0.0,0.0
2019-03-30,22,0,279,264.61,264.61,0.0,-76218.575935,0.0
2019-03-30,22,0,281,9.07,9.07,0.0,112.530265,0.0
2019-03-30,22,0,282,0.0,0.0,0.0,0.0,0.0
2019-03-30,23,0,9,0.0,0.0,0.0,0.0,0.0
2019-03-30,23,0,17,0.0,0.0,0.0,0.0,0.0
2019-03-30,23,0,19,0.0,0.0,0.0,0.0,0.0
2019-03-30,23,0,20,0.0,0.0,0.0,0.0,0.0
2019-03-30,23,0,21,0.0,0.0,0.0,0.0,0.0
2019-03-30,23,0,22,0.0,0.0,0.0,0.0,0.0
2019-03-30,23,0,23,48.45,48.45,0.0,590.120156,0.0
2019-03-30,23,0,24,85.72,85.72,0.0,1044.068107,0.0
2019-03-30,23,0,29,0.0,0.0,0.0,0.0,0.0
2019-03-30,23,0,30,0.0,0.0,0.0,0.0,0.0
2019-03-30,23,0,31,15.74,15.74,0.0,192.300599,0.0
2019-03-30,23,0,32,0.0,0.0,0.0,0.0,0.0
2019-03-30,23,0,33,0.0,0.0,0.0,0.0,0.0
2019-03-30,23,0,34,0.0,0.0,0.0,0.0,0.0
2019-03-30,23,0,35,0.0,0.0,0.0,0.0,0.0
2019-03-30,23,0,36,0.0,0.0,0.0,0.0,0.0
2019-03-30,23,0,37,0.0,0.0,0.0,0.0,0.0
2019-03-30,23,0,38,0.0,0.0,0.0,0.0,0.0
2019-03-30,23,0,39,0.0,0.0,0.0,0.0,0.0
2019-03-30,23,0,40,0.0,0.0,0.0,0.0,0.0
2019-03-30,23,0,41,116.0,116.0,0.0,1189.411773,0.0
2019-03-30,23,0,42,0.0,0.0,0.0,0.0,0.0
2019-03-30,23,0,43,0.0,0.0,0.0,0.0,0.0
2019-03-30,23,0,46,0.0,0.0,0.0,0.0,0.0
2019-03-30,23,0,52,16.69,16.69,0.0,203.907051,0.0
2019-03-30,23,0,53,26.51,26.51,0.0,323.881122,0.0
2019-03-30,23,0,55,287.46,287.46,0.0,3501.257793,0.0
2019-03-30,23,0,56,0.0,0.0,0.0,0.0,0.0
2019-03-30,23,0,57,0.0,0.0,0.0,0.0,0.0
2019-03-30,23,0,58,0.0,0.0,0.0,0.0,0.0
2019-03-30,23,0,59,0.0,0.0,0.0,0.0,0.0
2019-03-30,23,0,63,170.0,170.0,0.0,16834.047102,0.0
2019-03-30,23,0,64,200.0,200.0,0.0,19804.761296,0.0
2019-03-30,23,0,65,41.4,41.4,0.0,289.30496,0.0
2019-03-30,23,0,67,0.0,0.0,0.0,-0.0,0.0
2019-03-30,23,0,68,6.49,6.49,0.0,-2733.998905,0.0
2019-03-30,23,0,69,0.0,0.0,0.0,0.0,0.0
2019-03-30,23,0,74,65.28,65.28,0.0,514.398334,0.0
2019-03-30,23,0,77,169.71,169.71,0.0,-51404.409263,0.0
2019-03-30,23,0,78,128.3,128.3,0.0,-38861.503202,0.0
2019-03-30,23,0,79,74.25,74.25,0.0,-22489.996982,0.0
2019-03-30,23,0,80,120.07,120.07,0.0,-36368.67256,0.0
2019-03-30,23,0,81,156.99,156.99,0.0,-47551.577457,0.0
2019-03-30,23,0,82,110.74,110.74,0.0,-33542.656778,0.0
2019-03-30,23,0,83,246.93,246.93,0.0,-74794.006124,0.0
2019-03-30,23,0,84,0.0,0.0,0.0,0.0,0.0
2019-03-30,23,0,86,0.0,0.0,0.0,0.0,0.0
2019-03-30,23,0,87,0.0,0.0,0.0,0.0,0.0
2019-03-30,23,0,88,170.6,170.6,0.0,-51673.986331,0.0
2019-03-30,23,0,89,164.0,164.0,0.0,-49674.875488,0.0
2019-03-30,23,0,90,220.2,220.2,0.0,-66697.60721,0.0
2019-03-30,23,0,91,785.5,785.5,0.0,-237924.479854,0.0
2019-03-30,23,0,92,282.5,282.5,0.0,-85568.001984,0.0
2019-03-30,23,0,95,120.0,120.0,0.0,3049.643213,0.0
2019-03-30,23,0,96,19.12,19.12,0.0,234.3412,0.0
2019-03-30,23,0,97,117.59,117.59,0.0,1441.222892,0.0
2019-03-30,23,0,99,12.6,12.6,0.0,99.286443,0.0
2019-03-30,23,0,101,0.0,0.0,0.0,0.0,0.0
2019-03-30,23,0,102,15.37,15.37,0.0,-6474.81713,0.0
2019-03-30,23,0,103,13.36,13.36,0.0,-5628.077869,0.0
2019-03-30,23,0,104,2.48,2.48,0.0,-1044.733018,0.0
2019-03-30,23,0,106,0.0,0.0,0.0,0.0,0.0
2019-03-30,23,0,109,200.0,200.0,0.0,1785.409978,0.0
2019-03-30,23,0,110,263.75,263.75,0.0,-263750.0,0.0
2019-03-30,23,0,111,0.0,0.0,0.0,0.0,0.0
2019-03-30,23,0,113,150.0,150.0,0.0,-40964.823208,0.0
2019-03-30,23,0,115,150.0,150.0,0.0,-40964.823208,0.0
2019-03-30,23,0,116,0.0,0.0,0.0,-0.0,0.0
2019-03-30,23,0,117,10.0,10.0,0.0,-2730.988214,0.0
2019-03-30,23,0,119,200.0,200.0,0.0,19804.761296,0.0
2019-03-30,23,0,120,117.6,117.6,0.0,11645.199642,0.0
2019-03-30,23,0,123,0.0,0.0,0.0,0.0,0.0
2019-03-30,23,0,125,77.57,77.57,0.0,944.801249,0.0
2019-03-30,23,0,126,0.0,0.0,0.0,0.0,0.0
2019-03-30,23,0,127,0.0,0.0,0.0,0.0,0.0
2019-03-30,23,0,128,111.1,111.1,0.0,1353.196065,0.0
2019-03-30,23,0,131,18.89,18.89,0.0,-7238.938815,0.0
2019-03-30,23,0,132,27.77,27.77,0.0,-10641.891524,0.0
2019-03-30,23,0,133,139.8,139.8,0.0,970.037204,0.0
2019-03-30,23,0,134,0.0,0.0,0.0,0.0,0.0
2019-03-30,23,0,135,187.33,187.33,0.0,1299.835975,0.0
2019-03-30,23,0,136,45.9,45.9,0.0,320.864665,0.0
2019-03-30,23,0,139,149.8,149.8,0.0,1535.981755,0.0
2019-03-30,23,0,140,195.2,195.2,0.0,-195200.0,0.0
2019-03-30,23,0,141,74.21,74.21,0.0,-41834.25173,0.0
2019-03-30,23,0,142,0.0,0.0,0.0,-0.0,0.0
2019-03-30,23,0,143,30.48,30.48,0.0,372.383878,0.0
2019-03-30,23,0,145,30.0,30.0,0.0,329.999179,0.0
2019-03-30,23,0,146,147.73,147.73,0.0,-147730.0,0.0
2019-03-30,23,0,152,0.0,0.0,0.0,0.0,0.0
2019-03-30,23,0,153,0.0,0.0,0.0,0.0,0.0
2019-03-30,23,0,154,0.0,0.0,0.0,0.0,0.0
2019-03-30,23,0,157,26.39,26.39,0.0,-14876.7808,0.0
2019-03-30,23,0,158,0.0,0.0,0.0,-0.0,0.0
2019-03-30,23,0,159,0.0,0.0,0.0,0.0,0.0
2019-03-30,23,0,160,0.0,0.0,0.0,0.0,0.0
2019-03-30,23,0,161,0.0,0.0,0.0,-0.0,0.0
2019-03-30,23,0,162,48.75,48.75,0.0,1280.4406,0.0
2019-03-30,23,0,163,137.7,137.7,0.0,-137700.0,0.0
2019-03-30,23,0,164,0.0,0.0,0.0,0.0,0.0
2019-03-30,23,0,167,0.0,0.0,0.0,0.0,0.0
2019-03-30,23,0,168,0.0,0.0,0.0,0.0,0.0
2019-03-30,23,0,169,0.0,0.0,0.0,0.0,0.0
2019-03-30,23,0,170,0.0,0.0,0.0,0.0,0.0
2019-03-30,23,0,172,0.0,0.0,0.0,0.0,0.0
2019-03-30,23,0,173,0.0,0.0,0.0,0.0,0.0
2019-03-30,23,0,188,0.0,0.0,0.0,0.0,0.0
2019-03-30,23,0,190,0.0,0.0,0.0,0.0,0.0
2019-03-30,23,0,191,0.0,0.0,0.0,0.0,0.0
2019-03-30,23,0,192,140.58,140.58,0.0,4558.66598,0.0
2019-03-30,23,0,194,176.5,176.5,0.0,-24578.230909,0.0
2019-03-30,23,0,196,0.0,0.0,0.0,0.0,0.0
2019-03-30,23,0,198,0.0,0.0,0.0,0.0,0.0
2019-03-30,23,0,199,95.85,95.85,0.0,-3717.51451,0.0
2019-03-30,23,0,200,0.0,0.0,0.0,-0.0,0.0
2019-03-30,23,0,204,857.0,857.0,0.0,7785.108642,0.0
2019-03-30,23,0,205,1058.0,1058.0,0.0,9444.818783,0.0
2019-03-30,23,0,206,345.54,345.54,0.0,4235.055344,0.0
2019-03-30,23,0,210,0.0,0.0,0.0,0.0,0.0
2019-03-30,23,0,214,0.0,0.0,0.0,0.0,0.0
2019-03-30,23,0,217,0.0,0.0,0.0,0.0,0.0
2019-03-30,23,0,218,0.0,0.0,0.0,0.0,0.0
2019-03-30,23,0,219,0.0,0.0,0.0,0.0,0.0
2019-03-30,23,0,221,0.0,0.0,0.0,0.0,0.0
2019-03-30,23,0,225,0.0,0.0,0.0,0.0,0.0
2019-03-30,23,0,233,0.0,0.0,0.0,0.0,0.0
2019-03-30,23,0,236,159.03,159.03,0.0,1211.38363,0.0
2019-03-30,23,0,237,156.6,156.6,0.0,1233.98865,0.0
2019-03-30,23,0,238,0.0,0.0,0.0,0.0,0.0
2019-03-30,23,0,240,0.0,0.0,0.0,0.0,0.0
2019-03-30,23,0,245,0.0,0.0,0.0,0.0,0.0
2019-03-30,23,0,247,171.72,171.72,0.0,1163.804326,0.0
2019-03-30,23,0,248,15.72,15.72,0.0,123.871658,0.0
2019-03-30,23,0,249,0.0,0.0,0.0,0.0,0.0
2019-03-30,23,0,251,326.4,326.4,0.0,2305.038362,0.0
2019-03-30,23,0,252,267.06,267.06,0.0,1866.226632,0.0
2019-03-30,23,0,254,0.0,0.0,0.0,0.0,0.0
2019-03-30,23,0,255,0.0,0.0,0.0,0.0,0.0
2019-03-30,23,0,258,0.0,0.0,0.0,0.0,0.0
2019-03-30,23,0,260,0.0,0.0,0.0,0.0,0.0
2019-03-30,23,0,265,0.0,0.0,0.0,0.0,0.0
2019-03-30,23,0,266,97.0,97.0,0.0,994.594327,0.0
2019-03-30,23,0,267,119.2,119.2,0.0,1222.223132,0.0
2019-03-30,23,0,270,430.03,430.03,0.0,-430030.0,0.0
2019-03-30,23,0,272,501.3,501.3,0.0,-136904.439163,0.0
2019-03-30,23,0,273,0.0,0.0,0.0,-0.0,0.0
2019-03-30,23,0,274,554.37,554.37,0.0,-554370.0,0.0
2019-03-30,23,0,275,771.69,771.69,0.0,-771690.0,0.0
2019-03-30,23,0,276,0.0,0.0,0.0,-0.0,0.0
2019-03-30,23,0,277,0.0,0.0,0.0,-0.0,0.0
2019-03-30,23,0,278,0.0,0.0,0.0,-0.0,0.0
2019-03-30,23,0,279,264.6,264.6,0.0,-75422.860342,0.0
2019-03-30,23,0,281,7.07,7.07,0.0,86.376444,0.0
2019-03-30,23,0,282,0.0,0.0,0.0,0.0,0.0
2019-03-31,0,0,9,0.0,0.0,0.0,0.0,0.0
2019-03-31,0,0,17,0.0,0.0,0.0,0.0,0.0
2019-03-31,0,0,19,0.0,0.0,0.0,0.0,0.0
2019-03-31,0,0,20,0.0,0.0,0.0,0.0,0.0
2019-03-31,0,0,21,0.0,0.0,0.0,0.0,0.0
2019-03-31,0,0,22,0.0,0.0,0.0,0.0,0.0
2019-03-31,0,0,23,33.31,33.31,0.0,343.308035,0.0
2019-03-31,0,0,24,58.93,58.93,0.0,607.359427,0.0
2019-03-31,0,0,29,0.0,0.0,0.0,0.0,0.0
2019-03-31,0,0,30,0.0,0.0,0.0,0.0,0.0
2019-03-31,0,0,31,12.23,12.23,0.0,126.047952,0.0
2019-03-31,0,0,32,0.0,0.0,0.0,0.0,0.0
2019-03-31,0,0,33,0.0,0.0,0.0,0.0,0.0
2019-03-31,0,0,34,0.0,0.0,0.0,0.0,0.0
2019-03-31,0,0,35,0.0,0.0,0.0,0.0,0.0
2019-03-31,0,0,36,0.0,0.0,0.0,0.0,0.0
2019-03-31,0,0,37,0.0,0.0,0.0,0.0,0.0
2019-03-31,0,0,38,0.0,0.0,0.0,0.0,0.0
2019-03-31,0,0,39,0.0,0.0,0.0,0.0,0.0
2019-03-31,0,0,40,0.0,0.0,0.0,0.0,0.0
2019-03-31,0,0,41,116.0,116.0,0.0,1195.548846,0.0
2019-03-31,0,0,42,0.0,0.0,0.0,0.0,0.0
2019-03-31,0,0,43,0.0,0.0,0.0,0.0,0.0
2019-03-31,0,0,46,0.0,0.0,0.0,0.0,0.0
2019-03-31,0,0,52,12.96,12.96,0.0,133.571664,0.0
2019-03-31,0,0,53,20.59,20.59,0.0,212.20992,0.0
2019-03-31,0,0,55,207.2,207.2,0.0,2135.497593,0.0
2019-03-31,0,0,56,0.0,0.0,0.0,0.0,0.0
2019-03-31,0,0,57,0.0,0.0,0.0,0.0,0.0
2019-03-31,0,0,58,0.0,0.0,0.0,0.0,0.0
2019-03-31,0,0,59,0.0,0.0,0.0,0.0,0.0
2019-03-31,0,0,63,170.0,170.0,0.0,1752.097446,0.0
2019-03-31,0,0,64,200.0,200.0,0.0,2061.291113,0.0
2019-03-31,0,0,65,41.4,41.4,0.0,426.68726,0.0
2019-03-31,0,0,67,0.0,0.0,0.0,0.0,0.0
2019-03-31,0,0,68,3.64,3.64,0.0,37.515498,0.0
2019-03-31,0,0,69,0.0,0.0,0.0,0.0,0.0
2019-03-31,0,0,74,65.28,65.28,0.0,672.805419,0.0
2019-03-31,0,0,77,104.19,104.19,0.0,1073.829605,0.0
2019-03-31,0,0,78,78.76,78.76,0.0,811.73644,0.0
2019-03-31,0,0,79,45.58,45.58,0.0,469.768245,0.0
2019-03-31,0,0,80,73.71,73.71,0.0,759.68884,0.0
2019-03-31,0,0,81,96.37,96.37,0.0,993.233123,0.0
2019-03-31,0,0,82,67.98,67.98,0.0,700.632849,0.0
2019-03-31,0,0,83,151.59,151.59,0.0,1562.355599,0.0
2019-03-31,0,0,84,0.0,0.0,0.0,0.0,0.0
2019-03-31,0,0,86,0.0,0.0,0.0,0.0,0.0
2019-03-31,0,0,87,0.0,0.0,0.0,0.0,0.0
2019-03-31,0,0,88,123.02,123.02,0.0,1267.900164,0.0
2019-03-31,0,0,89,118.26,118.26,0.0,1218.841435,0.0
2019-03-31,0,0,90,158.79,158.79,0.0,1636.562079,0.0
2019-03-31,0,0,91,566.44,566.44,0.0,5837.988691,0.0
2019-03-31,0,0,92,203.72,203.72,0.0,2099.631128,0.0
2019-03-31,0,0,95,67.44,67.44,0.0,695.067363,0.0
2019-03-31,0,0,96,10.98,10.98,0.0,113.164882,0.0
2019-03-31,0,0,97,67.52,67.52,0.0,695.89188,0.0
2019-03-31,0,0,99,12.6,12.6,0.0,129.86134,0.0
2019-03-31,0,0,101,0.0,0.0,0.0,0.0,0.0
2019-03-31,0,0,102,8.61,8.61,0.0,88.738582,0.0
2019-03-31,0,0,103,7.49,7.49,0.0,77.195352,0.0
2019-03-31,0,0,104,1.39,1.39,0.0,14.325973,0.0
2019-03-31,0,0,106,0.0,0.0,0.0,0.0,0.0
2019-03-31,0,0,109,200.0,200.0,0.0,2061.291113,0.0
2019-03-31,0,0,110,159.48,159.48,0.0,1643.673534,0.0
2019-03-31,0,0,111,0.0,0.0,0.0,0.0,0.0
2019-03-31,0,0,113,90.79,90.79,0.0,935.723101,0.0
2019-03-31,0,0,115,90.79,90.79,0.0,935.723101,0.0
2019-03-31,0,0,116,0.0,0.0,0.0,0.0,0.0
2019-03-31,0,0,117,6.05,6.05,0.0,62.354056,0.0
2019-03-31,0,0,119,200.0,200.0,0.0,2061.291113,0.0
2019-03-31,0,0,120,117.6,117.6,0.0,1212.039175,0.0
2019-03-31,0,0,123,0.0,0.0,0.0,0.0,0.0
2019-03-31,0,0,125,53.33,53.33,0.0,549.643275,0.0
2019-03-31,0,0,126,0.0,0.0,0.0,0.0,0.0
2019-03-31,0,0,127,0.0,0.0,0.0,0.0,0.0
2019-03-31,0,0,128,76.38,76.38,0.0,787.207076,0.0
2019-03-31,0,0,131,10.86,10.86,0.0,111.928107,0.0
2019-03-31,0,0,132,15.97,15.97,0.0,164.594095,0.0
2019-03-31,0,0,133,139.8,139.8,0.0,1440.842488,0.0
2019-03-31,0,0,134,0.0,0.0,0.0,0.0,0.0
2019-03-31,0,0,135,187.33,187.33,0.0,1930.708321,0.0
2019-03-31,0,0,136,45.9,45.9,0.0,473.066311,0.0
2019-03-31,0,0,139,149.8,149.8,0.0,1543.907044,0.0
2019-03-31,0,0,140,118.03,118.03,0.0,1216.470951,0.0
2019-03-31,0,0,141,58.38,58.38,0.0,601.690876,0.0
2019-03-31,0,0,142,0.0,0.0,0.0,0.0,0.0
2019-03-31,0,0,143,61.02,61.02,0.0,628.899919,0.0
2019-03-31,0,0,145,23.19,23.19,0.0,239.006705,0.0
2019-03-31,0,0,146,78.52,78.52,0.0,809.262891,0.0
2019-03-31,0,0,152,0.0,0.0,0.0,0.0,0.0
2019-03-31,0,0,153,0.0,0.0,0.0,0.0,0.0
2019-03-31,0,0,154,0.0,0.0,0.0,0.0,0.0
2019-03-31,0,0,157,17.28,17.28,0.0,178.095552,0.0
2019-03-31,0,0,158,0.0,0.0,0.0,0.0,0.0
2019-03-31,0,0,159,0.0,0.0,0.0,0.0,0.0
2019-03-31,0,0,160,0.0,0.0,0.0,0.0,0.0
2019-03-31,0,0,161,0.0,0.0,0.0,0.0,0.0
2019-03-31,0,0,162,48.75,48.75,0.0,502.439709,0.0
2019-03-31,0,0,163,82.57,82.57,0.0,851.004036,0.0
2019-03-31,0,0,164,0.0,0.0,0.0,0.0,0.0
2019-03-31,0,0,167,0.0,0.0,0.0,0.0,0.0
2019-03-31,0,0,168,0.0,0.0,0.0,0.0,0.0
2019-03-31,0,0,169,0.0,0.0,0.0,0.0,0.0
2019-03-31,0,0,170,0.0,0.0,0.0,0.0,0.0
2019-03-31,0,0,172,0.0,0.0,0.0,0.0,0.0
2019-03-31,0,0,173,0.0,0.0,0.0,0.0,0.0
2019-03-31,0,0,188,0.0,0.0,0.0,0.0,0.0
2019-03-31,0,0,190,0.0,0.0,0.0,0.0,0.0
2019-03-31,0,0,191,0.0,0.0,0.0,0.0,0.0
2019-03-31,0,0,192,92.52,92.52,0.0,953.553269,0.0
2019-03-31,0,0,194,176.5,176.5,0.0,1819.089408,0.0
2019-03-31,0,0,196,0.0,0.0,0.0,0.0,0.0
2019-03-31,0,0,198,0.0,0.0,0.0,0.0,0.0
2019-03-31,0,0,199,39.0,39.0,0.0,401.951767,0.0
2019-03-31,0,0,200,0.0,0.0,0.0,0.0,0.0
2019-03-31,0,0,204,857.0,857.0,0.0,8832.632421,0.0
2019-03-31,0,0,205,1058.0,1058.0,0.0,10904.229989,0.0
2019-03-31,0,0,206,198.4,198.4,0.0,2044.800784,0.0
2019-03-31,0,0,210,0.0,0.0,0.0,0.0,0.0
2019-03-31,0,0,214,0.0,0.0,0.0,0.0,0.0
2019-03-31,0,0,217,0.0,0.0,0.0,0.0,0.0
2019-03-31,0,0,218,0.0,0.0,0.0,0.0,0.0
2019-03-31,0,0,219,0.0,0.0,0.0,0.0,0.0
2019-03-31,0,0,221,0.0,0.0,0.0,0.0,0.0
2019-03-31,0,0,225,0.0,0.0,0.0,0.0,0.0
2019-03-31,0,0,233,0.0,0.0,0.0,0.0,0.0
2019-03-31,0,0,236,159.03,159.03,0.0,1639.035629,0.0
2019-03-31,0,0,237,156.6,156.6,0.0,1613.990942,0.0
2019-03-31,0,0,238,0.0,0.0,0.0,0.0,0.0
2019-03-31,0,0,240,0.0,0.0,0.0,0.0,0.0
2019-03-31,0,0,245,164.49,164.49,0.0,1695.308876,0.0
2019-03-31,0,0,247,171.72,171.72,0.0,1769.82455,0.0
2019-03-31,0,0,248,15.72,15.72,0.0,162.017482,0.0
2019-03-31,0,0,249,308.16,308.16,0.0,3176.037347,0.0
2019-03-31,0,0,251,326.4,326.4,0.0,3364.027097,0.0
2019-03-31,0,0,252,267.06,267.06,0.0,2752.442024,0.0
2019-03-31,0,0,254,0.0,0.0,0.0,0.0,0.0
2019-03-31,0,0,255,0.0,0.0,0.0,0.0,0.0
2019-03-31,0,0,258,0.0,0.0,0.0,0.0,0.0
2019-03-31,0,0,260,0.0,0.0,0.0,0.0,0.0
2019-03-31,0,0,265,0.0,0.0,0.0,0.0,0.0
2019-03-31,0,0,266,97.0,97.0,0.0,999.72619,0.0
2019-03-31,0,0,267,119.2,119.2,0.0,1228.529504,0.0
2019-03-31,0,0,270,257.88,257.88,0.0,2657.828762,0.0
2019-03-31,0,0,272,303.44,303.44,0.0,3127.390877,0.0
2019-03-31,0,0,273,0.0,0.0,0.0,0.0,0.0
2019-03-31,0,0,274,332.44,332.44,0.0,3426.278089,0.0
2019-03-31,0,0,275,462.76,462.76,0.0,4769.415378,0.0
2019-03-31,0,0,276,0.0,0.0,0.0,0.0,0.0
2019-03-31,0,0,277,0.0,0.0,0.0,0.0,0.0
2019-03-31,0,0,278,0.0,0.0,0.0,0.0,0.0
2019-03-31,0,0,279,149.31,149.31,0.0,1538.856881,0.0
2019-03-31,0,0,281,5.49,5.49,0.0,56.582441,0.0
2019-03-31,0,0,282,0.0,0.0,0.0,0.0,0.0
2019-03-31,1,0,9,0.0,0.0,0.0,0.0,0.0
2019-03-31,1,0,17,0.0,0.0,0.0,0.0,0.0
2019-03-31,1,0,19,0.0,0.0,0.0,0.0,0.0
2019-03-31,1,0,20,0.0,0.0,0.0,0.0,0.0
2019-03-31,1,0,21,0.0,0.0,0.0,0.0,0.0
2019-03-31,1,0,22,0.0,0.0,0.0,0.0,0.0
2019-03-31,1,0,23,22.22,22.22,0.0,174.685987,0.0
2019-03-31,1,0,24,39.32,39.32,0.0,309.120297,0.0
2019-03-31,1,0,29,0.0,0.0,0.0,0.0,0.0
2019-03-31,1,0,30,0.0,0.0,0.0,0.0,0.0
2019-03-31,1,0,31,21.44,21.44,0.0,168.389727,0.0
2019-03-31,1,0,32,0.0,0.0,0.0,0.0,0.0
2019-03-31,1,0,33,0.0,0.0,0.0,0.0,0.0
2019-03-31,1,0,34,0.0,0.0,0.0,0.0,0.0
2019-03-31,1,0,35,0.0,0.0,0.0,0.0,0.0
2019-03-31,1,0,36,0.0,0.0,0.0,0.0,0.0
2019-03-31,1,0,37,0.0,0.0,0.0,0.0,0.0
2019-03-31,1,0,38,0.0,0.0,0.0,0.0,0.0
2019-03-31,1,0,39,0.0,0.0,0.0,0.0,0.0
2019-03-31,1,0,40,0.0,0.0,0.0,0.0,0.0
2019-03-31,1,0,41,116.0,116.0,0.0,958.217006,0.0
2019-03-31,1,0,42,0.0,0.0,0.0,0.0,0.0
2019-03-31,1,0,43,0.0,0.0,0.0,0.0,0.0
2019-03-31,1,0,46,0.0,0.0,0.0,0.0,0.0
2019-03-31,1,0,52,22.83,22.83,0.0,179.306784,0.0
2019-03-31,1,0,53,37.32,37.32,0.0,293.111222,0.0
2019-03-31,1,0,55,123.0,123.0,0.0,966.983636,0.0
2019-03-31,1,0,56,0.0,0.0,0.0,0.0,0.0
2019-03-31,1,0,57,0.0,0.0,0.0,0.0,0.0
2019-03-31,1,0,58,0.0,0.0,0.0,0.0,0.0
2019-03-31,1,0,59,0.0,0.0,0.0,0.0,0.0
2019-03-31,1,0,63,155.33,155.33,0.0,2324.565187,0.0
2019-03-31,1,0,64,182.74,182.74,0.0,2734.764967,0.0
2019-03-31,1,0,65,41.4,41.4,0.0,375.107523,0.0
2019-03-31,1,0,67,0.0,0.0,0.0,0.0,0.0
2019-03-31,1,0,68,1.79,1.79,0.0,14.375749,0.0
2019-03-31,1,0,69,0.0,0.0,0.0,0.0,0.0
2019-03-31,1,0,74,65.28,65.28,0.0,575.612248,0.0
2019-03-31,1,0,77,58.34,58.34,0.0,415.705422,0.0
2019-03-31,1,0,78,44.11,44.11,0.0,314.308642,0.0
2019-03-31,1,0,79,25.52,25.52,0.0,181.844401,0.0
2019-03-31,1,0,80,41.28,41.28,0.0,294.143295,0.0
2019-03-31,1,0,81,53.97,53.97,0.0,384.566706,0.0
2019-03-31,1,0,82,38.07,38.07,0.0,271.270233,0.0
2019-03-31,1,0,83,84.89,84.89,0.0,604.889154,0.0
2019-03-31,1,0,84,0.0,0.0,0.0,0.0,0.0
2019-03-31,1,0,86,0.0,0.0,0.0,0.0,0.0
2019-03-31,1,0,87,0.0,0.0,0.0,0.0,0.0
2019-03-31,1,0,88,69.21,69.21,0.0,493.160306,0.0
2019-03-31,1,0,89,66.53,66.53,0.0,474.063794,0.0
2019-03-31,1,0,90,89.33,89.33,0.0,636.52666,0.0
2019-03-31,1,0,91,318.66,318.66,0.0,2270.632323,0.0
2019-03-31,1,0,92,114.6,114.6,0.0,816.58967,0.0
2019-03-31,1,0,95,88.63,88.63,0.0,1319.086268,0.0
2019-03-31,1,0,96,5.59,5.59,0.0,43.859118,0.0
2019-03-31,1,0,97,34.36,34.36,0.0,269.588422,0.0
2019-03-31,1,0,99,12.6,12.6,0.0,111.101629,0.0
2019-03-31,1,0,101,0.0,0.0,0.0,0.0,0.0
2019-03-31,1,0,102,4.24,4.24,0.0,34.052053,0.0
2019-03-31,1,0,103,3.69,3.69,0.0,29.634923,0.0
2019-03-31,1,0,104,0.69,0.69,0.0,5.54149,0.0
2019-03-31,1,0,106,0.0,0.0,0.0,0.0,0.0
2019-03-31,1,0,109,200.0,200.0,0.0,1704.768383,0.0
2019-03-31,1,0,110,88.04,88.04,0.0,1117.303514,0.0
2019-03-31,1,0,111,0.0,0.0,0.0,0.0,0.0
2019-03-31,1,0,113,25.65,25.65,0.0,172.618889,0.0
2019-03-31,1,0,115,25.65,25.65,0.0,172.618889,0.0
2019-03-31,1,0,116,0.0,0.0,0.0,0.0,0.0
2019-03-31,1,0,117,1.75,1.75,0.0,11.777117,0.0
2019-03-31,1,0,119,182.74,182.74,0.0,2734.764967,0.0
2019-03-31,1,0,120,107.45,107.45,0.0,1608.025039,0.0
2019-03-31,1,0,123,0.0,0.0,0.0,0.0,0.0
2019-03-31,1,0,125,35.58,35.58,0.0,279.717705,0.0
2019-03-31,1,0,126,0.0,0.0,0.0,0.0,0.0
2019-03-31,1,0,127,0.0,0.0,0.0,0.0,0.0
2019-03-31,1,0,128,50.96,50.96,0.0,400.629968,0.0
2019-03-31,1,0,131,5.58,5.58,0.0,43.104387,0.0
2019-03-31,1,0,132,8.2,8.2,0.0,63.343364,0.0
2019-03-31,1,0,133,139.8,139.8,0.0,1267.976567,0.0
2019-03-31,1,0,134,0.0,0.0,0.0,0.0,0.0
2019-03-31,1,0,135,187.32,187.32,0.0,1698.979761,0.0
2019-03-31,1,0,136,45.9,45.9,0.0,415.858515,0.0
2019-03-31,1,0,139,149.8,149.8,0.0,1237.421616,0.0
2019-03-31,1,0,140,65.16,65.16,0.0,826.936585,0.0
2019-03-31,1,0,141,45.43,45.43,0.0,416.96578,0.0
2019-03-31,1,0,142,0.0,0.0,0.0,0.0,0.0
2019-03-31,1,0,143,64.23,64.23,0.0,504.46232,0.0
2019-03-31,1,0,145,17.08,17.08,0.0,138.392989,0.0
2019-03-31,1,0,146,35.55,35.55,0.0,451.160153,0.0
2019-03-31,1,0,152,0.0,0.0,0.0,0.0,0.0
2019-03-31,1,0,153,0.0,0.0,0.0,0.0,0.0
2019-03-31,1,0,154,0.0,0.0,0.0,0.0,0.0
2019-03-31,1,0,157,11.07,11.07,0.0,101.602712,0.0
2019-03-31,1,0,158,0.0,0.0,0.0,0.0,0.0
2019-03-31,1,0,159,0.0,0.0,0.0,0.0,0.0
2019-03-31,1,0,160,0.0,0.0,0.0,0.0,0.0
2019-03-31,1,0,161,0.0,0.0,0.0,0.0,0.0
2019-03-31,1,0,162,48.75,48.75,0.0,725.745007,0.0
2019-03-31,1,0,163,44.76,44.76,0.0,568.042995,0.0
2019-03-31,1,0,164,0.0,0.0,0.0,0.0,0.0
2019-03-31,1,0,167,0.0,0.0,0.0,0.0,0.0
2019-03-31,1,0,168,0.0,0.0,0.0,0.0,0.0
2019-03-31,1,0,169,0.0,0.0,0.0,0.0,0.0
2019-03-31,1,0,170,0.0,0.0,0.0,0.0,0.0
2019-03-31,1,0,172,0.0,0.0,0.0,0.0,0.0
2019-03-31,1,0,173,0.0,0.0,0.0,0.0,0.0
2019-03-31,1,0,188,0.0,0.0,0.0,0.0,0.0
2019-03-31,1,0,190,0.0,0.0,0.0,0.0,0.0
2019-03-31,1,0,191,0.0,0.0,0.0,0.0,0.0
2019-03-31,1,0,192,57.06,57.06,0.0,853.921905,0.0
2019-03-31,1,0,194,176.5,176.5,0.0,971.930631,0.0
2019-03-31,1,0,196,0.0,0.0,0.0,0.0,0.0
2019-03-31,1,0,198,0.0,0.0,0.0,0.0,0.0
2019-03-31,1,0,199,95.96,95.96,0.0,851.053684,0.0
2019-03-31,1,0,200,0.0,0.0,0.0,0.0,0.0
2019-03-31,1,0,204,857.0,857.0,0.0,7279.056037,0.0
2019-03-31,1,0,205,1058.0,1058.0,0.0,9018.224746,0.0
2019-03-31,1,0,206,100.95,100.95,0.0,792.053294,0.0
2019-03-31,1,0,210,0.0,0.0,0.0,0.0,0.0
2019-03-31,1,0,214,0.0,0.0,0.0,0.0,0.0
2019-03-31,1,0,217,0.0,0.0,0.0,0.0,0.0
2019-03-31,1,0,218,0.0,0.0,0.0,0.0,0.0
2019-03-31,1,0,219,0.0,0.0,0.0,0.0,0.0
2019-03-31,1,0,221,0.0,0.0,0.0,0.0,0.0
2019-03-31,1,0,225,0.0,0.0,0.0,0.0,0.0
2019-03-31,1,0,233,0.0,0.0,0.0,0.0,0.0
2019-03-31,1,0,236,159.03,159.03,0.0,1423.69307,0.0
2019-03-31,1,0,237,156.6,156.6,0.0,1380.834528,0.0
2019-03-31,1,0,238,0.0,0.0,0.0,0.0,0.0
2019-03-31,1,0,240,0.0,0.0,0.0,0.0,0.0
2019-03-31,1,0,245,78.0,78.0,0.0,709.846542,0.0
2019-03-31,1,0,247,171.72,171.72,0.0,1562.754463,0.0
2019-03-31,1,0,248,15.72,15.72,0.0,138.612508,0.0
2019-03-31,1,0,249,150.01,150.01,0.0,1365.180509,0.0
2019-03-31,1,0,251,326.4,326.4,0.0,2952.783241,0.0
2019-03-31,1,0,252,267.06,267.06,0.0,2419.715338,0.0
2019-03-31,1,0,254,0.0,0.0,0.0,0.0,0.0
2019-03-31,1,0,255,0.0,0.0,0.0,0.0,0.0
2019-03-31,1,0,258,0.0,0.0,0.0,0.0,0.0
2019-03-31,1,0,260,0.0,0.0,0.0,0.0,0.0
2019-03-31,1,0,265,0.0,0.0,0.0,0.0,0.0
2019-03-31,1,0,266,97.0,97.0,0.0,801.267669,0.0
2019-03-31,1,0,267,119.2,119.2,0.0,984.650578,0.0
2019-03-31,1,0,270,139.79,139.79,0.0,1774.055636,0.0
2019-03-31,1,0,272,85.56,85.56,0.0,575.800082,0.0
2019-03-31,1,0,273,0.0,0.0,0.0,0.0,0.0
2019-03-31,1,0,274,180.21,180.21,0.0,2287.020289,0.0
2019-03-31,1,0,275,250.85,250.85,0.0,3183.502799,0.0
2019-03-31,1,0,276,0.0,0.0,0.0,0.0,0.0
2019-03-31,1,0,277,0.0,0.0,0.0,0.0,0.0
2019-03-31,1,0,278,0.0,0.0,0.0,0.0,0.0
2019-03-31,1,0,279,74.1,74.1,0.0,510.434668,0.0
2019-03-31,1,0,281,8.85,8.85,0.0,69.507886,0.0
2019-03-31,1,0,282,0.0,0.0,0.0,0.0,0.0
2019-03-31,2,0,9,0.0,0.0,0.0,0.0,0.0
2019-03-31,2,0,17,0.0,0.0,0.0,0.0,0.0
2019-03-31,2,0,19,0.0,0.0,0.0,0.0,0.0
2019-03-31,2,0,20,0.0,0.0,0.0,0.0,0.0
2019-03-31,2,0,21,0.0,0.0,0.0,0.0,0.0
2019-03-31,2,0,22,0.0,0.0,0.0,0.0,0.0
2019-03-31,2,0,23,27.34,27.34,0.0,178.093133,0.0
2019-03-31,2,0,24,48.38,48.38,0.0,315.14798,0.0
2019-03-31,2,0,29,0.0,0.0,0.0,0.0,0.0
2019-03-31,2,0,30,0.0,0.0,0.0,0.0,0.0
2019-03-31,2,0,31,9.17,9.17,0.0,59.628518,0.0
2019-03-31,2,0,32,0.0,0.0,0.0,0.0,0.0
2019-03-31,2,0,33,0.0,0.0,0.0,0.0,0.0
2019-03-31,2,0,34,0.0,0.0,0.0,0.0,0.0
2019-03-31,2,0,35,0.0,0.0,0.0,0.0,0.0
2019-03-31,2,0,36,0.0,0.0,0.0,0.0,0.0
2019-03-31,2,0,37,0.0,0.0,0.0,0.0,0.0
2019-03-31,2,0,38,0.0,0.0,0.0,0.0,0.0
2019-03-31,2,0,39,0.0,0.0,0.0,0.0,0.0
2019-03-31,2,0,40,0.0,0.0,0.0,0.0,0.0
2019-03-31,2,0,41,116.0,116.0,0.0,824.800895,0.0
2019-03-31,2,0,42,0.0,0.0,0.0,0.0,0.0
2019-03-31,2,0,43,0.0,0.0,0.0,0.0,0.0
2019-03-31,2,0,46,0.0,0.0,0.0,0.0,0.0
2019-03-31,2,0,52,9.72,9.72,0.0,63.204929,0.0
2019-03-31,2,0,53,15.44,15.44,0.0,100.399599,0.0
2019-03-31,2,0,55,152.0,152.0,0.0,990.130072,0.0
2019-03-31,2,0,56,0.0,0.0,0.0,0.0,0.0
2019-03-31,2,0,57,0.0,0.0,0.0,0.0,0.0
2019-03-31,2,0,58,0.0,0.0,0.0,0.0,0.0
2019-03-31,2,0,59,0.0,0.0,0.0,0.0,0.0
2019-03-31,2,0,63,170.0,170.0,0.0,2913.022104,0.0
2019-03-31,2,0,64,200.0,200.0,0.0,3427.084829,0.0
2019-03-31,2,0,65,41.4,41.4,0.0,343.894333,0.0
2019-03-31,2,0,67,0.0,0.0,0.0,0.0,0.0
2019-03-31,2,0,68,2.21,2.21,0.0,14.956028,0.0
2019-03-31,2,0,69,0.0,0.0,0.0,0.0,0.0
2019-03-31,2,0,74,65.28,65.28,0.0,518.54026,0.0
2019-03-31,2,0,77,80.37,80.37,0.0,435.075827,0.0
2019-03-31,2,0,78,60.76,60.76,0.0,328.918841,0.0
2019-03-31,2,0,79,35.16,35.16,0.0,190.335524,0.0
2019-03-31,2,0,80,56.86,56.86,0.0,307.806539,0.0
2019-03-31,2,0,81,74.34,74.34,0.0,402.43296,0.0
2019-03-31,2,0,82,52.44,52.44,0.0,283.879263,0.0
2019-03-31,2,0,83,116.94,116.94,0.0,633.04426,0.0
2019-03-31,2,0,84,0.0,0.0,0.0,0.0,0.0
2019-03-31,2,0,86,0.0,0.0,0.0,0.0,0.0
2019-03-31,2,0,87,0.0,0.0,0.0,0.0,0.0
2019-03-31,2,0,88,96.77,96.77,0.0,523.855764,0.0
2019-03-31,2,0,89,93.02,93.02,0.0,503.555474,0.0
2019-03-31,2,0,90,124.9,124.9,0.0,676.13501,0.0
2019-03-31,2,0,91,445.55,445.55,0.0,2411.945187,0.0
2019-03-31,2,0,92,160.24,160.24,0.0,867.444948,0.0
2019-03-31,2,0,95,36.0,36.0,0.0,612.447144,0.0
2019-03-31,2,0,96,7.62,7.62,0.0,49.458368,0.0
2019-03-31,2,0,97,46.86,46.86,0.0,304.149489,0.0
2019-03-31,2,0,99,12.6,12.6,0.0,100.085896,0.0
2019-03-31,2,0,101,0.0,0.0,0.0,0.0,0.0
2019-03-31,2,0,102,5.22,5.22,0.0,35.326002,0.0
2019-03-31,2,0,103,4.54,4.54,0.0,30.724148,0.0
2019-03-31,2,0,104,0.84,0.84,0.0,5.684644,0.0
2019-03-31,2,0,106,0.0,0.0,0.0,0.0,0.0
2019-03-31,2,0,109,195.26,195.26,0.0,1465.253278,0.0
2019-03-31,2,0,110,73.32,73.32,0.0,1007.023656,0.0
2019-03-31,2,0,111,0.0,0.0,0.0,0.0,0.0
2019-03-31,2,0,113,38.11,38.11,0.0,183.752563,0.0
2019-03-31,2,0,115,38.11,38.11,0.0,183.752563,0.0
2019-03-31,2,0,116,0.0,0.0,0.0,0.0,0.0
2019-03-31,2,0,117,2.04,2.04,0.0,9.836138,0.0
2019-03-31,2,0,119,200.0,200.0,0.0,3427.084829,0.0
2019-03-31,2,0,120,117.6,117.6,0.0,2015.125879,0.0
2019-03-31,2,0,123,0.0,0.0,0.0,0.0,0.0
2019-03-31,2,0,125,43.78,43.78,0.0,285.183517,0.0
2019-03-31,2,0,126,0.0,0.0,0.0,0.0,0.0
2019-03-31,2,0,127,0.0,0.0,0.0,0.0,0.0
2019-03-31,2,0,128,62.7,62.7,0.0,408.428655,0.0
2019-03-31,2,0,131,7.65,7.65,0.0,48.266819,0.0
2019-03-31,2,0,132,11.25,11.25,0.0,70.980616,0.0
2019-03-31,2,0,133,139.8,139.8,0.0,1163.223788,0.0
2019-03-31,2,0,134,0.0,0.0,0.0,0.0,0.0
2019-03-31,2,0,135,187.33,187.33,0.0,1558.703234,0.0
2019-03-31,2,0,136,45.9,45.9,0.0,381.241908,0.0
2019-03-31,2,0,139,149.8,149.8,0.0,1065.130811,0.0
2019-03-31,2,0,140,54.26,54.26,0.0,745.241456,0.0
2019-03-31,2,0,141,47.96,47.96,0.0,406.821392,0.0
2019-03-31,2,0,142,0.0,0.0,0.0,0.0,0.0
2019-03-31,2,0,143,37.73,37.73,0.0,245.341766,0.0
2019-03-31,2,0,145,20.93,20.93,0.0,143.879608,0.0
2019-03-31,2,0,146,28.25,28.25,0.0,388.003523,0.0
2019-03-31,2,0,152,0.0,0.0,0.0,0.0,0.0
2019-03-31,2,0,153,0.0,0.0,0.0,0.0,0.0
2019-03-31,2,0,154,0.0,0.0,0.0,0.0,0.0
2019-03-31,2,0,157,12.8,12.8,0.0,108.576185,0.0
2019-03-31,2,0,158,0.0,0.0,0.0,0.0,0.0
2019-03-31,2,0,159,0.0,0.0,0.0,0.0,0.0
2019-03-31,2,0,160,0.0,0.0,0.0,0.0,0.0
2019-03-31,2,0,161,0.0,0.0,0.0,0.0,0.0
2019-03-31,2,0,162,48.75,48.75,0.0,829.647772,0.0
2019-03-31,2,0,163,51.67,51.67,0.0,709.668744,0.0
2019-03-31,2,0,164,0.0,0.0,0.0,0.0,0.0
2019-03-31,2,0,167,0.0,0.0,0.0,0.0,0.0
2019-03-31,2,0,168,0.0,0.0,0.0,0.0,0.0
2019-03-31,2,0,169,0.0,0.0,0.0,0.0,0.0
2019-03-31,2,0,170,0.0,0.0,0.0,0.0,0.0
2019-03-31,2,0,172,0.0,0.0,0.0,0.0,0.0
2019-03-31,2,0,173,0.0,0.0,0.0,0.0,0.0
2019-03-31,2,0,188,0.0,0.0,0.0,0.0,0.0
2019-03-31,2,0,190,0.0,0.0,0.0,0.0,0.0
2019-03-31,2,0,191,0.0,0.0,0.0,0.0,0.0
2019-03-31,2,0,192,58.37,58.37,0.0,1000.194707,0.0
2019-03-31,2,0,194,176.5,176.5,0.0,528.24164,0.0
2019-03-31,2,0,196,0.0,0.0,0.0,0.0,0.0
2019-03-31,2,0,198,0.0,0.0,0.0,0.0,0.0
2019-03-31,2,0,199,39.0,39.0,0.0,312.778108,0.0
2019-03-31,2,0,200,0.0,0.0,0.0,0.0,0.0
2019-03-31,2,0,204,857.0,857.0,0.0,6392.335116,0.0
2019-03-31,2,0,205,958.56,958.56,0.0,7193.143412,0.0
2019-03-31,2,0,206,137.68,137.68,0.0,893.625729,0.0
2019-03-31,2,0,210,0.0,0.0,0.0,0.0,0.0
2019-03-31,2,0,214,0.0,0.0,0.0,0.0,0.0
2019-03-31,2,0,217,0.0,0.0,0.0,0.0,0.0
2019-03-31,2,0,218,0.0,0.0,0.0,0.0,0.0
2019-03-31,2,0,219,0.0,0.0,0.0,0.0,0.0
2019-03-31,2,0,221,0.0,0.0,0.0,0.0,0.0
2019-03-31,2,0,225,0.0,0.0,0.0,0.0,0.0
2019-03-31,2,0,233,0.0,0.0,0.0,0.0,0.0
2019-03-31,2,0,236,159.03,159.03,0.0,1295.271787,0.0
2019-03-31,2,0,237,156.6,156.6,0.0,1243.924704,0.0
2019-03-31,2,0,238,0.0,0.0,0.0,0.0,0.0
2019-03-31,2,0,240,0.0,0.0,0.0,0.0,0.0
2019-03-31,2,0,245,78.01,78.01,0.0,652.668869,0.0
2019-03-31,2,0,247,171.72,171.72,0.0,1436.691426,0.0
2019-03-31,2,0,248,15.72,15.72,0.0,124.86907,0.0
2019-03-31,2,0,249,150.01,150.01,0.0,1255.05521,0.0
2019-03-31,2,0,251,326.4,326.4,0.0,2704.425554,0.0
2019-03-31,2,0,252,267.06,267.06,0.0,2218.367644,0.0
2019-03-31,2,0,254,0.0,0.0,0.0,0.0,0.0
2019-03-31,2,0,255,0.0,0.0,0.0,0.0,0.0
2019-03-31,2,0,258,0.0,0.0,0.0,0.0,0.0
2019-03-31,2,0,260,0.0,0.0,0.0,0.0,0.0
2019-03-31,2,0,265,0.0,0.0,0.0,0.0,0.0
2019-03-31,2,0,266,97.0,97.0,0.0,689.704197,0.0
2019-03-31,2,0,267,119.2,119.2,0.0,847.554024,0.0
2019-03-31,2,0,270,161.37,161.37,0.0,2216.35853,0.0
2019-03-31,2,0,272,164.4,164.4,0.0,792.677024,0.0
2019-03-31,2,0,273,0.0,0.0,0.0,0.0,0.0
2019-03-31,2,0,274,208.03,208.03,0.0,2857.216737,0.0
2019-03-31,2,0,275,289.58,289.58,0.0,3977.276464,0.0
2019-03-31,2,0,276,0.0,0.0,0.0,0.0,0.0
2019-03-31,2,0,277,0.0,0.0,0.0,0.0,0.0
2019-03-31,2,0,278,0.0,0.0,0.0,0.0,0.0
2019-03-31,2,0,279,91.55,91.55,0.0,463.141225,0.0
2019-03-31,2,0,281,4.12,4.12,0.0,26.790567,0.0
2019-03-31,2,0,282,0.0,0.0,0.0,0.0,0.0
2019-03-31,3,0,9,0.0,0.0,0.0,0.0,0.0
2019-03-31,3,0,17,0.0,0.0,0.0,0.0,0.0
2019-03-31,3,0,19,0.0,0.0,0.0,0.0,0.0
2019-03-31,3,0,20,0.0,0.0,0.0,0.0,0.0
2019-03-31,3,0,21,0.0,0.0,0.0,0.0,0.0
2019-03-31,3,0,22,0.0,0.0,0.0,0.0,0.0
2019-03-31,3,0,23,33.66,33.66,0.0,161.632015,0.0
2019-03-31,3,0,24,59.56,59.56,0.0,286.001273,0.0
2019-03-31,3,0,29,0.0,0.0,0.0,0.0,0.0
2019-03-31,3,0,30,0.0,0.0,0.0,0.0,0.0
2019-03-31,3,0,31,8.87,8.87,0.0,42.183519,0.0
2019-03-31,3,0,32,0.0,0.0,0.0,-0.0,0.0
2019-03-31,3,0,33,0.0,0.0,0.0,0.0,0.0
2019-03-31,3,0,34,0.0,0.0,0.0,0.0,0.0
2019-03-31,3,0,35,0.0,0.0,0.0,0.0,0.0
2019-03-31,3,0,36,0.0,0.0,0.0,0.0,0.0
2019-03-31,3,0,37,0.0,0.0,0.0,0.0,0.0
2019-03-31,3,0,38,0.0,0.0,0.0,0.0,0.0
2019-03-31,3,0,39,0.0,0.0,0.0,0.0,0.0
2019-03-31,3,0,40,0.0,0.0,0.0,0.0,0.0
2019-03-31,3,0,41,116.0,116.0,0.0,835.861882,0.0
2019-03-31,3,0,42,0.0,0.0,0.0,0.0,0.0
2019-03-31,3,0,43,0.0,0.0,0.0,0.0,0.0
2019-03-31,3,0,46,0.0,0.0,0.0,0.0,0.0
2019-03-31,3,0,52,9.4,9.4,0.0,44.704068,0.0
2019-03-31,3,0,53,14.94,14.94,0.0,71.050933,0.0
2019-03-31,3,0,55,159.59,159.59,0.0,766.335512,0.0
2019-03-31,3,0,56,0.0,0.0,0.0,0.0,0.0
2019-03-31,3,0,57,0.0,0.0,0.0,0.0,0.0
2019-03-31,3,0,58,0.0,0.0,0.0,0.0,0.0
2019-03-31,3,0,59,0.0,0.0,0.0,0.0,0.0
2019-03-31,3,0,63,170.0,170.0,0.0,4982.1114,0.0
2019-03-31,3,0,64,200.0,200.0,0.0,5861.307529,0.0
2019-03-31,3,0,65,41.4,41.4,0.0,497.951305,0.0
2019-03-31,3,0,67,0.0,0.0,0.0,0.0,0.0
2019-03-31,3,0,68,2.79,2.79,0.0,8.87621,0.0
2019-03-31,3,0,69,0.0,0.0,0.0,0.0,0.0
2019-03-31,3,0,74,65.28,65.28,0.0,689.576458,0.0
2019-03-31,3,0,77,110.57,110.57,0.0,40.406942,0.0
2019-03-31,3,0,78,83.59,83.59,0.0,30.547312,0.0
2019-03-31,3,0,79,48.37,48.37,0.0,17.676438,0.0
2019-03-31,3,0,80,78.23,78.23,0.0,28.588542,0.0
2019-03-31,3,0,81,102.27,102.27,0.0,37.373772,0.0
2019-03-31,3,0,82,72.14,72.14,0.0,26.362999,0.0
2019-03-31,3,0,83,160.87,160.87,0.0,58.788684,0.0
2019-03-31,3,0,84,0.0,0.0,0.0,0.0,0.0
2019-03-31,3,0,86,0.0,0.0,0.0,0.0,0.0
2019-03-31,3,0,87,0.0,0.0,0.0,0.0,0.0
2019-03-31,3,0,88,134.79,134.79,0.0,49.257951,0.0
2019-03-31,3,0,89,129.57,129.57,0.0,47.350343,0.0
2019-03-31,3,0,90,173.98,173.98,0.0,63.579631,0.0
2019-03-31,3,0,91,620.61,620.61,0.0,226.797072,0.0
2019-03-31,3,0,92,223.2,223.2,0.0,81.566695,0.0
2019-03-31,3,0,95,36.0,36.0,0.0,6932.756302,0.0
2019-03-31,3,0,96,10.29,10.29,0.0,48.440388,0.0
2019-03-31,3,0,97,63.3,63.3,0.0,297.986058,0.0
2019-03-31,3,0,99,12.6,12.6,0.0,133.098397,0.0
2019-03-31,3,0,101,0.0,0.0,0.0,0.0,0.0
2019-03-31,3,0,102,6.61,6.61,0.0,21.029301,0.0
2019-03-31,3,0,103,5.75,5.75,0.0,18.293265,0.0
2019-03-31,3,0,104,1.07,1.07,0.0,3.404138,0.0
2019-03-31,3,0,106,0.0,0.0,0.0,0.0,0.0
2019-03-31,3,0,109,200.0,200.0,0.0,1758.58654,0.0
2019-03-31,3,0,110,71.89,71.89,0.0,1320.948542,0.0
2019-03-31,3,0,111,0.0,0.0,0.0,0.0,0.0
2019-03-31,3,0,113,44.52,44.52,0.0,-61.165568,0.0
2019-03-31,3,0,115,44.52,44.52,0.0,-61.165568,0.0
2019-03-31,3,0,116,0.0,0.0,0.0,0.0,0.0
2019-03-31,3,0,117,2.29,2.29,0.0,-3.146207,0.0
2019-03-31,3,0,119,200.0,200.0,0.0,5861.307529,0.0
2019-03-31,3,0,120,117.6,117.6,0.0,3446.448827,0.0
2019-03-31,3,0,123,0.0,0.0,0.0,0.0,0.0
2019-03-31,3,0,125,53.9,53.9,0.0,258.822508,0.0
2019-03-31,3,0,126,0.0,0.0,0.0,0.0,0.0
2019-03-31,3,0,127,0.0,0.0,0.0,0.0,0.0
2019-03-31,3,0,128,77.2,77.2,0.0,370.706821,0.0
2019-03-31,3,0,131,10.42,10.42,0.0,22.742627,0.0
2019-03-31,3,0,132,15.32,15.32,0.0,33.437336,0.0
2019-03-31,3,0,133,78.86,78.86,0.0,952.963853,0.0
2019-03-31,3,0,134,0.0,0.0,0.0,0.0,0.0
2019-03-31,3,0,135,105.53,105.53,0.0,1275.250765,0.0
2019-03-31,3,0,136,45.9,45.9,0.0,551.946475,0.0
2019-03-31,3,0,139,149.8,149.8,0.0,1079.414741,0.0
2019-03-31,3,0,140,53.21,53.21,0.0,977.711391,0.0
2019-03-31,3,0,141,52.38,52.38,0.0,362.545831,0.0
2019-03-31,3,0,142,0.0,0.0,0.0,0.0,0.0
2019-03-31,3,0,143,20.98,20.98,0.0,99.775675,0.0
2019-03-31,3,0,145,25.99,25.99,0.0,162.549026,0.0
2019-03-31,3,0,146,30.59,30.59,0.0,562.078396,0.0
2019-03-31,3,0,152,0.0,0.0,0.0,0.0,0.0
2019-03-31,3,0,153,0.0,0.0,0.0,0.0,0.0
2019-03-31,3,0,154,0.0,0.0,0.0,0.0,0.0
2019-03-31,3,0,157,16.85,16.85,0.0,116.626523,0.0
2019-03-31,3,0,158,0.0,0.0,0.0,0.0,0.0
2019-03-31,3,0,159,0.0,0.0,0.0,0.0,0.0
2019-03-31,3,0,160,0.0,0.0,0.0,0.0,0.0
2019-03-31,3,0,161,0.0,0.0,0.0,0.0,0.0
2019-03-31,3,0,162,48.75,48.75,0.0,9395.007701,0.0
2019-03-31,3,0,163,64.63,64.63,0.0,1187.549092,0.0
2019-03-31,3,0,164,0.0,0.0,0.0,0.0,0.0
2019-03-31,3,0,167,0.0,0.0,0.0,0.0,0.0
2019-03-31,3,0,168,0.0,0.0,0.0,0.0,0.0
2019-03-31,3,0,169,0.0,0.0,0.0,0.0,0.0
2019-03-31,3,0,170,0.0,0.0,0.0,0.0,0.0
2019-03-31,3,0,172,0.0,0.0,0.0,0.0,0.0
2019-03-31,3,0,173,0.0,0.0,0.0,0.0,0.0
2019-03-31,3,0,188,0.0,0.0,0.0,0.0,0.0
2019-03-31,3,0,190,0.0,0.0,0.0,0.0,0.0
2019-03-31,3,0,191,0.0,0.0,0.0,0.0,0.0
2019-03-31,3,0,192,70.07,70.07,0.0,2053.509093,0.0
2019-03-31,3,0,194,176.5,176.5,0.0,-1020.278789,0.0
2019-03-31,3,0,196,0.0,0.0,0.0,0.0,0.0
2019-03-31,3,0,198,0.0,0.0,0.0,0.0,0.0
2019-03-31,3,0,199,39.0,39.0,0.0,464.10105,0.0
2019-03-31,3,0,200,0.0,0.0,0.0,0.0,0.0
2019-03-31,3,0,204,857.0,857.0,0.0,7379.584435,0.0
2019-03-31,3,0,205,1058.0,1058.0,0.0,9302.922797,0.0
2019-03-31,3,0,206,185.99,185.99,0.0,875.551767,0.0
2019-03-31,3,0,210,0.0,0.0,0.0,0.0,0.0
2019-03-31,3,0,214,0.0,0.0,0.0,0.0,0.0
2019-03-31,3,0,217,0.0,0.0,0.0,0.0,0.0
2019-03-31,3,0,218,0.0,0.0,0.0,0.0,0.0
2019-03-31,3,0,219,0.0,0.0,0.0,0.0,0.0
2019-03-31,3,0,221,0.0,0.0,0.0,0.0,0.0
2019-03-31,3,0,225,0.0,0.0,0.0,0.0,0.0
2019-03-31,3,0,233,0.0,0.0,0.0,0.0,0.0
2019-03-31,3,0,236,159.03,159.03,0.0,1809.062466,0.0
2019-03-31,3,0,237,156.6,156.6,0.0,1654.222936,0.0
2019-03-31,3,0,238,0.0,0.0,0.0,0.0,0.0
2019-03-31,3,0,240,0.0,0.0,0.0,0.0,0.0
2019-03-31,3,0,245,78.0,78.0,0.0,956.986927,0.0
2019-03-31,3,0,247,171.72,171.72,0.0,2106.843527,0.0
2019-03-31,3,0,248,15.72,15.72,0.0,166.056095,0.0
2019-03-31,3,0,249,150.0,150.0,0.0,1840.359475,0.0
2019-03-31,3,0,251,326.4,326.4,0.0,3898.235617,0.0
2019-03-31,3,0,252,267.06,267.06,0.0,3212.14675,0.0
2019-03-31,3,0,254,0.0,0.0,0.0,0.0,0.0
2019-03-31,3,0,255,0.0,0.0,0.0,0.0,0.0
2019-03-31,3,0,258,0.0,0.0,0.0,0.0,0.0
2019-03-31,3,0,260,0.0,0.0,0.0,0.0,0.0
2019-03-31,3,0,265,0.0,0.0,0.0,0.0,0.0
2019-03-31,3,0,266,97.0,97.0,0.0,698.95347,0.0
2019-03-31,3,0,267,119.2,119.2,0.0,858.920141,0.0
2019-03-31,3,0,270,201.85,201.85,0.0,3708.908932,0.0
2019-03-31,3,0,272,181.86,181.86,0.0,-249.855575,0.0
2019-03-31,3,0,273,0.0,0.0,0.0,0.0,0.0
2019-03-31,3,0,274,260.2,260.2,0.0,4781.065664,0.0
2019-03-31,3,0,275,362.21,362.21,0.0,6655.456549,0.0
2019-03-31,3,0,276,0.0,0.0,0.0,0.0,0.0
2019-03-31,3,0,277,0.0,0.0,0.0,-0.0,0.0
2019-03-31,3,0,278,0.0,0.0,0.0,-0.0,0.0
2019-03-31,3,0,279,115.6,115.6,0.0,-78.210736,0.0
2019-03-31,3,0,281,3.98,3.98,0.0,18.927893,0.0
2019-03-31,3,0,282,0.0,0.0,0.0,0.0,0.0
2019-03-31,4,0,9,0.0,0.0,0.0,-0.0,0.0
2019-03-31,4,0,17,0.0,0.0,0.0,0.0,0.0
2019-03-31,4,0,19,0.0,0.0,0.0,0.0,0.0
2019-03-31,4,0,20,0.0,0.0,0.0,0.0,0.0
2019-03-31,4,0,21,0.0,0.0,0.0,-0.0,0.0
2019-03-31,4,0,22,0.0,0.0,0.0,-0.0,0.0
2019-03-31,4,0,23,37.28,37.28,0.0,-848.827353,0.0
2019-03-31,4,0,24,61.61,61.61,0.0,-1402.796491,0.0
2019-03-31,4,0,29,0.0,0.0,0.0,0.0,0.0
2019-03-31,4,0,30,0.0,0.0,0.0,-0.0,0.0
2019-03-31,4,0,31,8.59,8.59,0.0,-197.299631,0.0
2019-03-31,4,0,32,0.0,0.0,0.0,-0.0,0.0
2019-03-31,4,0,33,0.0,0.0,0.0,0.0,0.0
2019-03-31,4,0,34,0.0,0.0,0.0,0.0,0.0
2019-03-31,4,0,35,0.0,0.0,0.0,0.0,0.0
2019-03-31,4,0,36,0.0,0.0,0.0,0.0,0.0
2019-03-31,4,0,37,0.0,0.0,0.0,0.0,0.0
2019-03-31,4,0,38,0.0,0.0,0.0,0.0,0.0
2019-03-31,4,0,39,0.0,0.0,0.0,0.0,0.0
2019-03-31,4,0,40,0.0,0.0,0.0,0.0,0.0
2019-03-31,4,0,41,116.0,116.0,0.0,-1435.49891,0.0
2019-03-31,4,0,42,0.0,0.0,0.0,0.0,0.0
2019-03-31,4,0,43,0.0,0.0,0.0,0.0,0.0
2019-03-31,4,0,46,0.0,0.0,0.0,-0.0,0.0
2019-03-31,4,0,52,9.11,9.11,0.0,-209.243264,0.0
2019-03-31,4,0,53,14.47,14.47,0.0,-332.354559,0.0
2019-03-31,4,0,55,167.2,167.2,0.0,-3806.972461,0.0
2019-03-31,4,0,56,0.0,0.0,0.0,-0.0,0.0
2019-03-31,4,0,57,0.0,0.0,0.0,-0.0,0.0
2019-03-31,4,0,58,0.0,0.0,0.0,-0.0,0.0
2019-03-31,4,0,59,0.0,0.0,0.0,-0.0,0.0
2019-03-31,4,0,63,170.0,170.0,0.0,10280.097455,0.0
2019-03-31,4,0,64,200.0,200.0,0.0,12094.2323,0.0
2019-03-31,4,0,65,41.4,41.4,0.0,350.89206,0.0
2019-03-31,4,0,67,0.0,0.0,0.0,-0.0,0.0
2019-03-31,4,0,68,3.59,3.59,0.0,-127.461123,0.0
2019-03-31,4,0,69,0.0,0.0,0.0,0.0,0.0
2019-03-31,4,0,74,65.28,65.28,0.0,139.923477,0.0
2019-03-31,4,0,77,149.08,149.08,0.0,-6254.219825,0.0
2019-03-31,4,0,78,112.7,112.7,0.0,-4728.002243,0.0
2019-03-31,4,0,79,65.22,65.22,0.0,-2736.116293,0.0
2019-03-31,4,0,80,105.47,105.47,0.0,-4424.688523,0.0
2019-03-31,4,0,81,137.9,137.9,0.0,-5785.195291,0.0
2019-03-31,4,0,82,97.27,97.27,0.0,-4080.681261,0.0
2019-03-31,4,0,83,216.91,216.91,0.0,-9099.831113,0.0
2019-03-31,4,0,84,0.0,0.0,0.0,0.0,0.0
2019-03-31,4,0,86,0.0,0.0,0.0,0.0,0.0
2019-03-31,4,0,87,0.0,0.0,0.0,0.0,0.0
2019-03-31,4,0,88,170.6,170.6,0.0,-7157.029127,0.0
2019-03-31,4,0,89,164.0,164.0,0.0,-6880.145233,0.0
2019-03-31,4,0,90,220.2,220.2,0.0,-9237.853539,0.0
2019-03-31,4,0,91,785.5,785.5,0.0,-32953.37854,0.0
2019-03-31,4,0,92,282.5,282.5,0.0,-11851.469685,0.0
2019-03-31,4,0,95,84.17,84.17,0.0,80580.317715,0.0
2019-03-31,4,0,96,13.57,13.57,0.0,-314.512917,0.0
2019-03-31,4,0,97,83.42,83.42,0.0,-1933.431652,0.0
2019-03-31,4,0,99,12.6,12.6,0.0,27.007289,0.0
2019-03-31,4,0,101,0.0,0.0,0.0,-0.0,0.0
2019-03-31,4,0,102,8.49,8.49,0.0,-301.433129,0.0
2019-03-31,4,0,103,7.38,7.38,0.0,-262.023144,0.0
2019-03-31,4,0,104,1.37,1.37,0.0,-48.641153,0.0
2019-03-31,4,0,106,0.0,0.0,0.0,-0.0,0.0
2019-03-31,4,0,109,200.0,200.0,0.0,-1102.372986,0.0
2019-03-31,4,0,110,82.82,82.82,0.0,185.345475,0.0
2019-03-31,4,0,111,0.0,0.0,0.0,-0.0,0.0
2019-03-31,4,0,113,34.85,34.85,0.0,-1675.310384,0.0
2019-03-31,4,0,115,34.85,34.85,0.0,-1675.310384,0.0
2019-03-31,4,0,116,0.0,0.0,0.0,0.0,0.0
2019-03-31,4,0,117,2.32,2.32,0.0,-111.527119,0.0
2019-03-31,4,0,119,200.0,200.0,0.0,12094.2323,0.0
2019-03-31,4,0,120,117.6,117.6,0.0,7111.408592,0.0
2019-03-31,4,0,123,0.0,0.0,0.0,-0.0,0.0
2019-03-31,4,0,125,56.53,56.53,0.0,-1287.130103,0.0
2019-03-31,4,0,126,0.0,0.0,0.0,-0.0,0.0
2019-03-31,4,0,127,0.0,0.0,0.0,-0.0,0.0
2019-03-31,4,0,128,76.78,76.78,0.0,-1748.201827,0.0
2019-03-31,4,0,131,13.88,13.88,0.0,-527.242811,0.0
2019-03-31,4,0,132,20.4,20.4,0.0,-774.910183,0.0
2019-03-31,4,0,133,0.0,0.0,0.0,0.0,0.0
2019-03-31,4,0,134,0.0,0.0,0.0,0.0,0.0
2019-03-31,4,0,135,0.0,0.0,0.0,0.0,0.0
2019-03-31,4,0,136,45.9,45.9,0.0,388.470507,0.0
2019-03-31,4,0,139,149.8,149.8,0.0,-1853.773592,0.0
2019-03-31,4,0,140,61.3,61.3,0.0,137.185192,0.0
2019-03-31,4,0,141,59.42,59.42,0.0,-1557.614036,0.0
2019-03-31,4,0,142,0.0,0.0,0.0,-0.0,0.0
2019-03-31,4,0,143,22.22,22.22,0.0,-510.360629,0.0
2019-03-31,4,0,145,30.0,30.0,0.0,-494.666467,0.0
2019-03-31,4,0,146,43.23,43.23,0.0,96.745772,0.0
2019-03-31,4,0,152,0.0,0.0,0.0,0.0,0.0
2019-03-31,4,0,153,0.0,0.0,0.0,0.0,0.0
2019-03-31,4,0,154,0.0,0.0,0.0,-0.0,0.0
2019-03-31,4,0,157,23.53,23.53,0.0,-616.80677,0.0
2019-03-31,4,0,158,0.0,0.0,0.0,-0.0,0.0
2019-03-31,4,0,159,0.0,0.0,0.0,0.0,0.0
2019-03-31,4,0,160,0.0,0.0,0.0,0.0,0.0
2019-03-31,4,0,161,0.0,0.0,0.0,-0.0,0.0
2019-03-31,4,0,162,48.75,48.75,0.0,46707.862457,0.0
2019-03-31,4,0,163,85.34,85.34,0.0,190.985062,0.0
2019-03-31,4,0,164,0.0,0.0,0.0,-0.0,0.0
2019-03-31,4,0,167,0.0,0.0,0.0,0.0,0.0
2019-03-31,4,0,168,0.0,0.0,0.0,0.0,0.0
2019-03-31,4,0,169,0.0,0.0,0.0,0.0,0.0
2019-03-31,4,0,170,0.0,0.0,0.0,0.0,0.0
2019-03-31,4,0,172,0.0,0.0,0.0,0.0,0.0
2019-03-31,4,0,173,0.0,0.0,0.0,0.0,0.0
2019-03-31,4,0,188,0.0,0.0,0.0,0.0,0.0
2019-03-31,4,0,190,0.0,0.0,0.0,0.0,0.0
2019-03-31,4,0,191,0.0,0.0,0.0,0.0,0.0
2019-03-31,4,0,192,93.2,93.2,0.0,5635.912252,0.0
2019-03-31,4,0,194,176.5,176.5,0.0,-10713.146635,0.0
2019-03-31,4,0,196,0.0,0.0,0.0,0.0,0.0
2019-03-31,4,0,198,0.0,0.0,0.0,0.0,0.0
2019-03-31,4,0,199,39.0,39.0,0.0,395.916207,0.0
2019-03-31,4,0,200,0.0,0.0,0.0,0.0,0.0
2019-03-31,4,0,204,857.0,857.0,0.0,-5398.030244,0.0
2019-03-31,4,0,205,1058.0,1058.0,0.0,-5831.553095,0.0
2019-03-31,4,0,206,245.13,245.13,0.0,-5681.396558,0.0
2019-03-31,4,0,210,0.0,0.0,0.0,0.0,0.0
2019-03-31,4,0,214,0.0,0.0,0.0,0.0,0.0
2019-03-31,4,0,217,0.0,0.0,0.0,0.0,0.0
2019-03-31,4,0,218,0.0,0.0,0.0,0.0,0.0
2019-03-31,4,0,219,0.0,0.0,0.0,0.0,0.0
2019-03-31,4,0,221,0.0,0.0,0.0,0.0,0.0
2019-03-31,4,0,225,0.0,0.0,0.0,0.0,0.0
2019-03-31,4,0,233,0.0,0.0,0.0,0.0,0.0
2019-03-31,4,0,236,159.03,159.03,0.0,899.400534,0.0
2019-03-31,4,0,237,156.6,156.6,0.0,335.662018,0.0
2019-03-31,4,0,238,0.0,0.0,0.0,0.0,0.0
2019-03-31,4,0,240,0.0,0.0,0.0,0.0,0.0
2019-03-31,4,0,245,78.0,78.0,0.0,742.468647,0.0
2019-03-31,4,0,247,171.72,171.72,0.0,1634.573284,0.0
2019-03-31,4,0,248,15.72,15.72,0.0,33.694808,0.0
2019-03-31,4,0,249,150.0,150.0,0.0,1427.824322,0.0
2019-03-31,4,0,251,326.4,326.4,0.0,2646.932952,0.0
2019-03-31,4,0,252,267.06,267.06,0.0,2263.508056,0.0
2019-03-31,4,0,254,0.0,0.0,0.0,0.0,0.0
2019-03-31,4,0,255,0.0,0.0,0.0,0.0,0.0
2019-03-31,4,0,258,0.0,0.0,0.0,0.0,0.0
2019-03-31,4,0,260,0.0,0.0,0.0,0.0,0.0
2019-03-31,4,0,265,0.0,0.0,0.0,-0.0,0.0
2019-03-31,4,0,266,97.0,97.0,0.0,-1200.374088,0.0
2019-03-31,4,0,267,119.2,119.2,0.0,-1475.098879,0.0
2019-03-31,4,0,270,266.51,266.51,0.0,596.431086,0.0
2019-03-31,4,0,272,116.47,116.47,0.0,-5598.949797,0.0
2019-03-31,4,0,273,0.0,0.0,0.0,0.0,0.0
2019-03-31,4,0,274,343.57,343.57,0.0,768.886076,0.0
2019-03-31,4,0,275,478.25,478.25,0.0,1070.290671,0.0
2019-03-31,4,0,276,0.0,0.0,0.0,-0.0,0.0
2019-03-31,4,0,277,0.0,0.0,0.0,-0.0,0.0
2019-03-31,4,0,278,0.0,0.0,0.0,-0.0,0.0
2019-03-31,4,0,279,147.83,147.83,0.0,-6743.776309,0.0
2019-03-31,4,0,281,3.86,3.86,0.0,-88.658507,0.0
2019-03-31,4,0,282,0.0,0.0,0.0,-0.0,0.0
2019-03-31,5,0,9,0.0,0.0,0.0,0.0,0.0
2019-03-31,5,0,17,0.0,0.0,0.0,0.0,0.0
2019-03-31,5,0,19,0.0,0.0,0.0,0.0,0.0
2019-03-31,5,0,20,0.0,0.0,0.0,0.0,0.0
2019-03-31,5,0,21,0.0,0.0,0.0,0.0,0.0
2019-03-31,5,0,22,0.0,0.0,0.0,0.0,0.0
2019-03-31,5,0,23,41.2,41.2,0.0,385.701895,0.0
2019-03-31,5,0,24,72.9,72.9,0.0,682.467674,0.0
2019-03-31,5,0,29,0.0,0.0,0.0,0.0,0.0
2019-03-31,5,0,30,0.0,0.0,0.0,0.0,0.0
2019-03-31,5,0,31,7.86,7.86,0.0,73.404533,0.0
2019-03-31,5,0,32,0.0,0.0,0.0,0.0,0.0
2019-03-31,5,0,33,0.0,0.0,0.0,0.0,0.0
2019-03-31,5,0,34,0.0,0.0,0.0,0.0,0.0
2019-03-31,5,0,35,0.0,0.0,0.0,0.0,0.0
2019-03-31,5,0,36,0.0,0.0,0.0,0.0,0.0
2019-03-31,5,0,37,0.0,0.0,0.0,0.0,0.0
2019-03-31,5,0,38,0.0,0.0,0.0,0.0,0.0
2019-03-31,5,0,39,0.0,0.0,0.0,0.0,0.0
2019-03-31,5,0,40,0.0,0.0,0.0,0.0,0.0
2019-03-31,5,0,41,116.0,116.0,0.0,1223.096334,0.0
2019-03-31,5,0,42,0.0,0.0,0.0,0.0,0.0
2019-03-31,5,0,43,0.0,0.0,0.0,0.0,0.0
2019-03-31,5,0,46,0.0,0.0,0.0,0.0,0.0
2019-03-31,5,0,52,8.33,8.33,0.0,77.793862,0.0
2019-03-31,5,0,53,13.24,13.24,0.0,123.648347,0.0
2019-03-31,5,0,55,109.82,109.82,0.0,1028.101508,0.0
2019-03-31,5,0,56,0.0,0.0,0.0,0.0,0.0
2019-03-31,5,0,57,0.0,0.0,0.0,0.0,0.0
2019-03-31,5,0,58,0.0,0.0,0.0,0.0,0.0
2019-03-31,5,0,59,0.0,0.0,0.0,0.0,0.0
2019-03-31,5,0,63,164.41,164.41,0.0,4781.641325,0.0
2019-03-31,5,0,64,193.42,193.42,0.0,5625.357735,0.0
2019-03-31,5,0,65,41.4,41.4,0.0,534.703267,0.0
2019-03-31,5,0,67,0.0,0.0,0.0,0.0,0.0
2019-03-31,5,0,68,3.85,3.85,0.0,27.245644,0.0
2019-03-31,5,0,69,0.0,0.0,0.0,0.0,0.0
2019-03-31,5,0,74,65.28,65.28,0.0,796.108902,0.0
2019-03-31,5,0,77,148.0,148.0,0.0,1062.604426,0.0
2019-03-31,5,0,78,111.89,111.89,0.0,803.343305,0.0
2019-03-31,5,0,79,64.75,64.75,0.0,464.889436,0.0
2019-03-31,5,0,80,104.71,104.71,0.0,751.792631,0.0
2019-03-31,5,0,81,136.9,136.9,0.0,982.909094,0.0
2019-03-31,5,0,82,96.57,96.57,0.0,693.349388,0.0
2019-03-31,5,0,83,215.33,215.33,0.0,1546.017642,0.0
2019-03-31,5,0,84,0.0,0.0,0.0,0.0,0.0
2019-03-31,5,0,86,0.0,0.0,0.0,0.0,0.0
2019-03-31,5,0,87,0.0,0.0,0.0,0.0,0.0
2019-03-31,5,0,88,170.6,170.6,0.0,1224.866993,0.0
2019-03-31,5,0,89,164.0,164.0,0.0,1177.48058,0.0
2019-03-31,5,0,90,220.2,220.2,0.0,1580.983071,0.0
2019-03-31,5,0,91,785.5,785.5,0.0,5639.701192,0.0
2019-03-31,5,0,92,282.5,282.5,0.0,2028.282096,0.0
2019-03-31,5,0,95,36.0,36.0,0.0,999.883741,0.0
2019-03-31,5,0,96,14.59,14.59,0.0,135.909906,0.0
2019-03-31,5,0,97,89.74,89.74,0.0,835.953047,0.0
2019-03-31,5,0,99,12.6,12.6,0.0,153.660726,0.0
2019-03-31,5,0,101,0.0,0.0,0.0,0.0,0.0
2019-03-31,5,0,102,9.12,9.12,0.0,64.540332,0.0
2019-03-31,5,0,103,7.93,7.93,0.0,56.118951,0.0
2019-03-31,5,0,104,1.47,1.47,0.0,10.402882,0.0
2019-03-31,5,0,106,0.0,0.0,0.0,0.0,0.0
2019-03-31,5,0,109,200.0,200.0,0.0,2264.912566,0.0
2019-03-31,5,0,110,66.29,66.29,0.0,483.182002,0.0
2019-03-31,5,0,111,0.0,0.0,0.0,0.0,0.0
2019-03-31,5,0,113,75.72,75.72,0.0,506.429159,0.0
2019-03-31,5,0,115,75.72,75.72,0.0,506.429159,0.0
2019-03-31,5,0,116,0.0,0.0,0.0,0.0,0.0
2019-03-31,5,0,117,3.64,3.64,0.0,24.344983,0.0
2019-03-31,5,0,119,193.42,193.42,0.0,5625.357735,0.0
2019-03-31,5,0,120,113.73,113.73,0.0,3307.682428,0.0
2019-03-31,5,0,123,0.0,0.0,0.0,0.0,0.0
2019-03-31,5,0,125,65.97,65.97,0.0,617.591117,0.0
2019-03-31,5,0,126,0.0,0.0,0.0,0.0,0.0
2019-03-31,5,0,127,0.0,0.0,0.0,0.0,0.0
2019-03-31,5,0,128,94.49,94.49,0.0,884.586701,0.0
2019-03-31,5,0,131,14.46,14.46,0.0,102.128742,0.0
2019-03-31,5,0,132,21.26,21.26,0.0,150.15609,0.0
2019-03-31,5,0,133,0.0,0.0,0.0,0.0,0.0
2019-03-31,5,0,134,0.0,0.0,0.0,0.0,0.0
2019-03-31,5,0,135,0.0,0.0,0.0,0.0,0.0
2019-03-31,5,0,136,45.9,45.9,0.0,592.759264,0.0
2019-03-31,5,0,139,149.8,149.8,0.0,1579.4813,0.0
2019-03-31,5,0,140,49.07,49.07,0.0,357.666931,0.0
2019-03-31,5,0,141,55.9,55.9,0.0,398.511528,0.0
2019-03-31,5,0,142,0.0,0.0,0.0,0.0,0.0
2019-03-31,5,0,143,36.3,36.3,0.0,339.005665,0.0
2019-03-31,5,0,145,30.0,30.0,0.0,302.280291,0.0
2019-03-31,5,0,146,33.67,33.67,0.0,245.41768,0.0
2019-03-31,5,0,152,0.0,0.0,0.0,0.0,0.0
2019-03-31,5,0,153,0.0,0.0,0.0,0.0,0.0
2019-03-31,5,0,154,0.0,0.0,0.0,0.0,0.0
2019-03-31,5,0,157,15.6,15.6,0.0,111.212519,0.0
2019-03-31,5,0,158,0.0,0.0,0.0,0.0,0.0
2019-03-31,5,0,159,0.0,0.0,0.0,0.0,0.0
2019-03-31,5,0,160,0.0,0.0,0.0,0.0,0.0
2019-03-31,5,0,161,0.0,0.0,0.0,0.0,0.0
2019-03-31,5,0,162,48.75,48.75,0.0,1355.023433,0.0
2019-03-31,5,0,163,69.45,69.45,0.0,506.214965,0.0
2019-03-31,5,0,164,0.0,0.0,0.0,0.0,0.0
2019-03-31,5,0,167,0.0,0.0,0.0,0.0,0.0
2019-03-31,5,0,168,0.0,0.0,0.0,0.0,0.0
2019-03-31,5,0,169,0.0,0.0,0.0,0.0,0.0
2019-03-31,5,0,170,0.0,0.0,0.0,0.0,0.0
2019-03-31,5,0,172,0.0,0.0,0.0,0.0,0.0
2019-03-31,5,0,173,0.0,0.0,0.0,0.0,0.0
2019-03-31,5,0,188,0.0,0.0,0.0,0.0,0.0
2019-03-31,5,0,190,0.0,0.0,0.0,0.0,0.0
2019-03-31,5,0,191,0.0,0.0,0.0,0.0,0.0
2019-03-31,5,0,192,78.7,78.7,0.0,2288.882503,0.0
2019-03-31,5,0,194,176.5,176.5,0.0,1092.652825,0.0
2019-03-31,5,0,196,0.0,0.0,0.0,0.0,0.0
2019-03-31,5,0,198,0.0,0.0,0.0,0.0,0.0
2019-03-31,5,0,199,39.0,39.0,0.0,523.829566,0.0
2019-03-31,5,0,200,0.0,0.0,0.0,0.0,0.0
2019-03-31,5,0,204,857.0,857.0,0.0,9628.446739,0.0
2019-03-31,5,0,205,1058.0,1058.0,0.0,11981.387472,0.0
2019-03-31,5,0,206,263.68,263.68,0.0,2456.252501,0.0
2019-03-31,5,0,210,0.0,0.0,0.0,0.0,0.0
2019-03-31,5,0,214,0.0,0.0,0.0,0.0,0.0
2019-03-31,5,0,217,0.0,0.0,0.0,0.0,0.0
2019-03-31,5,0,218,0.0,0.0,0.0,0.0,0.0
2019-03-31,5,0,219,0.0,0.0,0.0,0.0,0.0
2019-03-31,5,0,221,0.0,0.0,0.0,0.0,0.0
2019-03-31,5,0,225,0.0,0.0,0.0,0.0,0.0
2019-03-31,5,0,233,0.0,0.0,0.0,0.0,0.0
2019-03-31,5,0,236,159.03,159.03,0.0,2002.946454,0.0
2019-03-31,5,0,237,156.6,156.6,0.0,1909.783303,0.0
2019-03-31,5,0,238,0.0,0.0,0.0,0.0,0.0
2019-03-31,5,0,240,0.0,0.0,0.0,0.0,0.0
2019-03-31,5,0,245,0.0,0.0,0.0,0.0,0.0
2019-03-31,5,0,247,171.72,171.72,0.0,2238.231308,0.0
2019-03-31,5,0,248,15.72,15.72,0.0,191.710048,0.0
2019-03-31,5,0,249,0.0,0.0,0.0,0.0,0.0
2019-03-31,5,0,251,326.4,326.4,0.0,4202.037006,0.0
2019-03-31,5,0,252,267.06,267.06,0.0,3449.223536,0.0
2019-03-31,5,0,254,0.0,0.0,0.0,0.0,0.0
2019-03-31,5,0,255,0.0,0.0,0.0,0.0,0.0
2019-03-31,5,0,258,0.0,0.0,0.0,0.0,0.0
2019-03-31,5,0,260,0.0,0.0,0.0,0.0,0.0
2019-03-31,5,0,265,0.0,0.0,0.0,0.0,0.0
2019-03-31,5,0,266,97.0,97.0,0.0,1022.761589,0.0
2019-03-31,5,0,267,119.2,119.2,0.0,1256.836922,0.0
2019-03-31,5,0,270,216.88,216.88,0.0,1580.819317,0.0
2019-03-31,5,0,272,260.3,260.3,0.0,1740.933836,0.0
2019-03-31,5,0,273,0.0,0.0,0.0,0.0,0.0
2019-03-31,5,0,274,279.59,279.59,0.0,2037.907013,0.0
2019-03-31,5,0,275,389.19,389.19,0.0,2836.77181,0.0
2019-03-31,5,0,276,0.0,0.0,0.0,0.0,0.0
2019-03-31,5,0,277,0.0,0.0,0.0,0.0,0.0
2019-03-31,5,0,278,0.0,0.0,0.0,0.0,0.0
2019-03-31,5,0,279,136.2,136.2,0.0,937.772895,0.0
2019-03-31,5,0,281,3.53,3.53,0.0,32.966667,0.0
2019-03-31,5,0,282,0.0,0.0,0.0,0.0,0.0
2019-03-31,6,0,9,0.0,0.0,0.0,0.0,0.0
2019-03-31,6,0,17,0.0,0.0,0.0,0.0,0.0
2019-03-31,6,0,19,0.0,0.0,0.0,0.0,0.0
2019-03-31,6,0,20,0.0,0.0,0.0,0.0,0.0
2019-03-31,6,0,21,0.0,0.0,0.0,0.0,0.0
2019-03-31,6,0,22,0.0,0.0,0.0,0.0,0.0
2019-03-31,6,0,23,41.14,41.14,0.0,210.649,0.0
2019-03-31,6,0,24,72.8,72.8,0.0,372.757589,0.0
2019-03-31,6,0,29,0.0,0.0,0.0,0.0,0.0
2019-03-31,6,0,30,0.0,0.0,0.0,0.0,0.0
2019-03-31,6,0,31,7.15,7.15,0.0,36.475152,0.0
2019-03-31,6,0,32,0.0,0.0,0.0,0.0,0.0
2019-03-31,6,0,33,0.0,0.0,0.0,0.0,0.0
2019-03-31,6,0,34,0.0,0.0,0.0,0.0,0.0
2019-03-31,6,0,35,0.0,0.0,0.0,0.0,0.0
2019-03-31,6,0,36,0.0,0.0,0.0,0.0,0.0
2019-03-31,6,0,37,0.0,0.0,0.0,0.0,0.0
2019-03-31,6,0,38,0.0,0.0,0.0,0.0,0.0
2019-03-31,6,0,39,0.0,0.0,0.0,0.0,0.0
2019-03-31,6,0,40,0.0,0.0,0.0,0.0,0.0
2019-03-31,6,0,41,116.0,116.0,0.0,708.00846,0.0
2019-03-31,6,0,42,0.0,0.0,0.0,0.0,0.0
2019-03-31,6,0,43,0.0,0.0,0.0,0.0,0.0
2019-03-31,6,0,46,0.0,0.0,0.0,0.0,0.0
2019-03-31,6,0,52,7.57,7.57,0.0,38.617749,0.0
2019-03-31,6,0,53,12.03,12.03,0.0,61.370081,0.0
2019-03-31,6,0,55,39.16,39.16,0.0,200.510813,0.0
2019-03-31,6,0,56,0.0,0.0,0.0,0.0,0.0
2019-03-31,6,0,57,0.0,0.0,0.0,0.0,0.0
2019-03-31,6,0,58,0.0,0.0,0.0,0.0,0.0
2019-03-31,6,0,59,0.0,0.0,0.0,0.0,0.0
2019-03-31,6,0,63,100.58,100.58,0.0,2276.380956,0.0
2019-03-31,6,0,64,118.33,118.33,0.0,2678.108556,0.0
2019-03-31,6,0,65,41.4,41.4,0.0,334.34224,0.0
2019-03-31,6,0,67,0.0,0.0,0.0,0.0,0.0
2019-03-31,6,0,68,4.16,4.16,0.0,23.038608,0.0
2019-03-31,6,0,69,0.0,0.0,0.0,0.0,0.0
2019-03-31,6,0,74,65.28,65.28,0.0,488.092021,0.0
2019-03-31,6,0,77,147.65,147.65,0.0,488.080341,0.0
2019-03-31,6,0,78,111.62,111.62,0.0,368.977498,0.0
2019-03-31,6,0,79,64.6,64.6,0.0,213.545479,0.0
2019-03-31,6,0,80,104.46,104.46,0.0,345.30899,0.0
2019-03-31,6,0,81,136.57,136.57,0.0,451.453655,0.0
2019-03-31,6,0,82,96.34,96.34,0.0,318.467051,0.0
2019-03-31,6,0,83,214.83,214.83,0.0,710.154417,0.0
2019-03-31,6,0,84,0.0,0.0,0.0,0.0,0.0
2019-03-31,6,0,86,0.0,0.0,0.0,0.0,0.0
2019-03-31,6,0,87,0.0,0.0,0.0,0.0,0.0
2019-03-31,6,0,88,159.9,159.9,0.0,528.574646,0.0
2019-03-31,6,0,89,153.72,153.72,0.0,508.145682,0.0
2019-03-31,6,0,90,206.39,206.39,0.0,682.254667,0.0
2019-03-31,6,0,91,736.25,736.25,0.0,2433.790389,0.0
2019-03-31,6,0,92,264.79,264.79,0.0,875.305069,0.0
2019-03-31,6,0,95,36.0,36.0,0.0,807.470518,0.0
2019-03-31,6,0,96,15.63,15.63,0.0,79.426845,0.0
2019-03-31,6,0,97,96.13,96.13,0.0,488.503047,0.0
2019-03-31,6,0,99,12.6,12.6,0.0,94.208938,0.0
2019-03-31,6,0,101,0.0,0.0,0.0,0.0,0.0
2019-03-31,6,0,102,9.85,9.85,0.0,54.550551,0.0
2019-03-31,6,0,103,8.56,8.56,0.0,47.406367,0.0
2019-03-31,6,0,104,1.59,1.59,0.0,8.805622,0.0
2019-03-31,6,0,106,0.0,0.0,0.0,0.0,0.0
2019-03-31,6,0,109,200.0,200.0,0.0,1350.548481,0.0
2019-03-31,6,0,110,55.14,55.14,0.0,938.782354,0.0
2019-03-31,6,0,111,0.0,0.0,0.0,0.0,0.0
2019-03-31,6,0,113,90.95,90.95,0.0,211.909745,0.0
2019-03-31,6,0,115,90.95,90.95,0.0,211.909745,0.0
2019-03-31,6,0,116,0.0,0.0,0.0,0.0,0.0
2019-03-31,6,0,117,3.61,3.61,0.0,8.411151,0.0
2019-03-31,6,0,119,118.33,118.33,0.0,2678.108556,0.0
2019-03-31,6,0,120,69.58,69.58,0.0,1574.772191,0.0
2019-03-31,6,0,123,0.0,0.0,0.0,0.0,0.0
2019-03-31,6,0,125,65.88,65.88,0.0,337.325137,0.0
2019-03-31,6,0,126,0.0,0.0,0.0,0.0,0.0
2019-03-31,6,0,127,0.0,0.0,0.0,0.0,0.0
2019-03-31,6,0,128,94.35,94.35,0.0,483.099979,0.0
2019-03-31,6,0,131,15.09,15.09,0.0,72.174208,0.0
2019-03-31,6,0,132,22.18,22.18,0.0,106.085086,0.0
2019-03-31,6,0,133,0.0,0.0,0.0,0.0,0.0
2019-03-31,6,0,134,0.0,0.0,0.0,0.0,0.0
2019-03-31,6,0,135,0.0,0.0,0.0,0.0,0.0
2019-03-31,6,0,136,45.9,45.9,0.0,370.630626,0.0
2019-03-31,6,0,139,149.8,149.8,0.0,914.307477,0.0
2019-03-31,6,0,140,40.81,40.81,0.0,694.807905,0.0
2019-03-31,6,0,141,53.31,53.31,0.0,445.986029,0.0
2019-03-31,6,0,142,0.0,0.0,0.0,0.0,0.0
2019-03-31,6,0,143,55.12,55.12,0.0,281.190265,0.0
2019-03-31,6,0,145,30.0,30.0,0.0,171.43096,0.0
2019-03-31,6,0,146,33.63,33.63,0.0,572.565299,0.0
2019-03-31,6,0,152,0.0,0.0,0.0,0.0,0.0
2019-03-31,6,0,153,0.0,0.0,0.0,0.0,0.0
2019-03-31,6,0,154,0.0,0.0,0.0,0.0,0.0
2019-03-31,6,0,157,13.02,13.02,0.0,108.923994,0.0
2019-03-31,6,0,158,0.0,0.0,0.0,0.0,0.0
2019-03-31,6,0,159,0.0,0.0,0.0,0.0,0.0
2019-03-31,6,0,160,0.0,0.0,0.0,0.0,0.0
2019-03-31,6,0,161,0.0,0.0,0.0,0.0,0.0
2019-03-31,6,0,162,38.17,38.17,0.0,856.520343,0.0
2019-03-31,6,0,163,55.92,55.92,0.0,952.062191,0.0
2019-03-31,6,0,164,0.0,0.0,0.0,0.0,0.0
2019-03-31,6,0,167,0.0,0.0,0.0,0.0,0.0
2019-03-31,6,0,168,0.0,0.0,0.0,0.0,0.0
2019-03-31,6,0,169,0.0,0.0,0.0,0.0,0.0
2019-03-31,6,0,170,0.0,0.0,0.0,0.0,0.0
2019-03-31,6,0,172,0.0,0.0,0.0,0.0,0.0
2019-03-31,6,0,173,0.0,0.0,0.0,0.0,0.0
2019-03-31,6,0,188,0.0,0.0,0.0,0.0,0.0
2019-03-31,6,0,190,0.0,0.0,0.0,0.0,0.0
2019-03-31,6,0,191,0.0,0.0,0.0,0.0,0.0
2019-03-31,6,0,192,66.48,66.48,0.0,1504.611314,0.0
2019-03-31,6,0,194,176.5,176.5,0.0,-120.947055,0.0
2019-03-31,6,0,196,0.0,0.0,0.0,0.0,0.0
2019-03-31,6,0,198,0.0,0.0,0.0,0.0,0.0
2019-03-31,6,0,199,39.0,39.0,0.0,296.526323,0.0
2019-03-31,6,0,200,0.0,0.0,0.0,0.0,0.0
2019-03-31,6,0,204,857.0,857.0,0.0,5723.308593,0.0
2019-03-31,6,0,205,1058.0,1058.0,0.0,7144.401466,0.0
2019-03-31,6,0,206,282.47,282.47,0.0,1435.425525,0.0
2019-03-31,6,0,210,0.0,0.0,0.0,0.0,0.0
2019-03-31,6,0,214,0.0,0.0,0.0,0.0,0.0
2019-03-31,6,0,217,0.0,0.0,0.0,0.0,0.0
2019-03-31,6,0,218,0.0,0.0,0.0,0.0,0.0
2019-03-31,6,0,219,0.0,0.0,0.0,0.0,0.0
2019-03-31,6,0,221,0.0,0.0,0.0,0.0,0.0
2019-03-31,6,0,225,0.0,0.0,0.0,0.0,0.0
2019-03-31,6,0,233,0.0,0.0,0.0,0.0,0.0
2019-03-31,6,0,236,159.03,159.03,0.0,1241.885834,0.0
2019-03-31,6,0,237,156.6,156.6,0.0,1170.882513,0.0
2019-03-31,6,0,238,0.0,0.0,0.0,0.0,0.0
2019-03-31,6,0,240,0.0,0.0,0.0,0.0,0.0
2019-03-31,6,0,245,0.0,0.0,0.0,0.0,0.0
2019-03-31,6,0,247,171.72,171.72,0.0,1403.738751,0.0
2019-03-31,6,0,248,15.72,15.72,0.0,117.536865,0.0
2019-03-31,6,0,249,0.0,0.0,0.0,0.0,0.0
2019-03-31,6,0,251,326.4,326.4,0.0,2624.667506,0.0
2019-03-31,6,0,252,267.06,267.06,0.0,2156.749726,0.0
2019-03-31,6,0,254,0.0,0.0,0.0,0.0,0.0
2019-03-31,6,0,255,0.0,0.0,0.0,0.0,0.0
2019-03-31,6,0,258,0.0,0.0,0.0,0.0,0.0
2019-03-31,6,0,260,0.0,0.0,0.0,0.0,0.0
2019-03-31,6,0,265,0.0,0.0,0.0,0.0,0.0
2019-03-31,6,0,266,97.0,97.0,0.0,592.041557,0.0
2019-03-31,6,0,267,119.2,119.2,0.0,727.539728,0.0
2019-03-31,6,0,270,174.63,174.63,0.0,2973.151296,0.0
2019-03-31,6,0,272,320.93,320.93,0.0,747.753651,0.0
2019-03-31,6,0,273,0.0,0.0,0.0,0.0,0.0
2019-03-31,6,0,274,225.12,225.12,0.0,3832.765388,0.0
2019-03-31,6,0,275,313.37,313.37,0.0,5335.259816,0.0
2019-03-31,6,0,276,0.0,0.0,0.0,0.0,0.0
2019-03-31,6,0,277,0.0,0.0,0.0,0.0,0.0
2019-03-31,6,0,278,0.0,0.0,0.0,0.0,0.0
2019-03-31,6,0,279,125.64,125.64,0.0,341.883041,0.0
2019-03-31,6,0,281,3.21,3.21,0.0,16.375558,0.0
2019-03-31,6,0,282,0.0,0.0,0.0,0.0,0.0
2019-03-31,7,0,9,0.0,0.0,0.0,0.0,0.0
2019-03-31,7,0,17,0.0,0.0,0.0,0.0,0.0
2019-03-31,7,0,19,0.0,0.0,0.0,0.0,0.0
2019-03-31,7,0,20,0.0,0.0,0.0,0.0,0.0
2019-03-31,7,0,21,0.0,0.0,0.0,0.0,0.0
2019-03-31,7,0,22,0.0,0.0,0.0,0.0,0.0
2019-03-31,7,0,23,41.2,41.2,0.0,435.576941,0.0
2019-03-31,7,0,24,72.89,72.89,0.0,770.61173,0.0
2019-03-31,7,0,29,0.0,0.0,0.0,0.0,0.0
2019-03-31,7,0,30,0.0,0.0,0.0,0.0,0.0
2019-03-31,7,0,31,15.97,15.97,0.0,168.416921,0.0
2019-03-31,7,0,32,0.0,0.0,0.0,0.0,0.0
2019-03-31,7,0,33,0.0,0.0,0.0,0.0,0.0
2019-03-31,7,0,34,0.0,0.0,0.0,0.0,0.0
2019-03-31,7,0,35,0.0,0.0,0.0,0.0,0.0
2019-03-31,7,0,36,0.0,0.0,0.0,0.0,0.0
2019-03-31,7,0,37,0.0,0.0,0.0,0.0,0.0
2019-03-31,7,0,38,0.0,0.0,0.0,0.0,0.0
2019-03-31,7,0,39,0.0,0.0,0.0,0.0,0.0
2019-03-31,7,0,40,0.0,0.0,0.0,0.0,0.0
2019-03-31,7,0,41,85.72,85.72,0.0,1026.627255,0.0
2019-03-31,7,0,42,0.0,0.0,0.0,0.0,0.0
2019-03-31,7,0,43,0.0,0.0,0.0,0.0,0.0
2019-03-31,7,0,46,0.0,0.0,0.0,0.0,0.0
2019-03-31,7,0,52,16.93,16.93,0.0,178.540919,0.0
2019-03-31,7,0,53,26.9,26.9,0.0,283.682855,0.0
2019-03-31,7,0,55,34.41,34.41,0.0,363.791324,0.0
2019-03-31,7,0,56,0.0,0.0,0.0,0.0,0.0
2019-03-31,7,0,57,0.0,0.0,0.0,0.0,0.0
2019-03-31,7,0,58,0.0,0.0,0.0,0.0,0.0
2019-03-31,7,0,59,0.0,0.0,0.0,0.0,0.0
2019-03-31,7,0,63,56.16,56.16,0.0,1722.712059,0.0
2019-03-31,7,0,64,66.07,66.07,0.0,2026.702026,0.0
2019-03-31,7,0,65,41.4,41.4,0.0,623.538829,0.0
2019-03-31,7,0,67,0.0,0.0,0.0,0.0,0.0
2019-03-31,7,0,68,4.53,4.53,0.0,48.143835,0.0
2019-03-31,7,0,69,0.0,0.0,0.0,0.0,0.0
2019-03-31,7,0,74,46.52,46.52,0.0,652.942685,0.0
2019-03-31,7,0,77,148.52,148.52,0.0,1193.815461,0.0
2019-03-31,7,0,78,112.28,112.28,0.0,902.515486,0.0
2019-03-31,7,0,79,64.98,64.98,0.0,522.314359,0.0
2019-03-31,7,0,80,105.08,105.08,0.0,844.641319,0.0
2019-03-31,7,0,81,137.38,137.38,0.0,1104.271263,0.0
2019-03-31,7,0,82,96.91,96.91,0.0,778.970215,0.0
2019-03-31,7,0,83,216.1,216.1,0.0,1737.028825,0.0
2019-03-31,7,0,84,0.0,0.0,0.0,0.0,0.0
2019-03-31,7,0,86,0.0,0.0,0.0,0.0,0.0
2019-03-31,7,0,87,0.0,0.0,0.0,0.0,0.0
2019-03-31,7,0,88,149.73,149.73,0.0,1203.541536,0.0
2019-03-31,7,0,89,143.94,143.94,0.0,1157.00106,0.0
2019-03-31,7,0,90,193.26,193.26,0.0,1553.439106,0.0
2019-03-31,7,0,91,689.41,689.41,0.0,5541.531895,0.0
2019-03-31,7,0,92,247.94,247.94,0.0,1992.961254,0.0
2019-03-31,7,0,95,32.42,32.42,0.0,986.011941,0.0
2019-03-31,7,0,96,16.69,16.69,0.0,175.548999,0.0
2019-03-31,7,0,97,102.62,102.62,0.0,1079.379169,0.0
2019-03-31,7,0,99,8.98,8.98,0.0,126.040957,0.0
2019-03-31,7,0,101,0.0,0.0,0.0,0.0,0.0
2019-03-31,7,0,102,10.72,10.72,0.0,113.929783,0.0
2019-03-31,7,0,103,9.32,9.32,0.0,99.050893,0.0
2019-03-31,7,0,104,1.73,1.73,0.0,18.386056,0.0
2019-03-31,7,0,106,0.0,0.0,0.0,0.0,0.0
2019-03-31,7,0,109,200.0,200.0,0.0,2567.109743,0.0
2019-03-31,7,0,110,48.59,48.59,0.0,1170.714533,0.0
2019-03-31,7,0,111,0.0,0.0,0.0,0.0,0.0
2019-03-31,7,0,113,46.9,46.9,0.0,319.137736,0.0
2019-03-31,7,0,115,46.9,46.9,0.0,319.137736,0.0
2019-03-31,7,0,116,0.0,0.0,0.0,0.0,0.0
2019-03-31,7,0,117,1.92,1.92,0.0,13.064914,0.0
2019-03-31,7,0,119,66.07,66.07,0.0,2026.702026,0.0
2019-03-31,7,0,120,38.85,38.85,0.0,1191.726558,0.0
2019-03-31,7,0,123,0.0,0.0,0.0,0.0,0.0
2019-03-31,7,0,125,65.96,65.96,0.0,697.345997,0.0
2019-03-31,7,0,126,0.0,0.0,0.0,0.0,0.0
2019-03-31,7,0,127,0.0,0.0,0.0,0.0,0.0
2019-03-31,7,0,128,94.47,94.47,0.0,998.761011,0.0
2019-03-31,7,0,131,15.84,15.84,0.0,154.320965,0.0
2019-03-31,7,0,132,23.29,23.29,0.0,226.90248,0.0
2019-03-31,7,0,133,0.0,0.0,0.0,0.0,0.0
2019-03-31,7,0,134,0.0,0.0,0.0,0.0,0.0
2019-03-31,7,0,135,0.0,0.0,0.0,0.0,0.0
2019-03-31,7,0,136,45.9,45.9,0.0,691.221908,0.0
2019-03-31,7,0,139,110.71,110.71,0.0,1325.920479,0.0
2019-03-31,7,0,140,35.96,35.96,0.0,866.410673,0.0
2019-03-31,7,0,141,51.53,51.53,0.0,718.463391,0.0
2019-03-31,7,0,142,0.0,0.0,0.0,0.0,0.0
2019-03-31,7,0,143,34.6,34.6,0.0,364.885753,0.0
2019-03-31,7,0,145,30.0,30.0,0.0,341.8878,0.0
2019-03-31,7,0,146,42.82,42.82,0.0,1031.693688,0.0
2019-03-31,7,0,152,0.0,0.0,0.0,0.0,0.0
2019-03-31,7,0,153,0.0,0.0,0.0,0.0,0.0
2019-03-31,7,0,154,0.0,0.0,0.0,0.0,0.0
2019-03-31,7,0,157,14.95,14.95,0.0,208.442222,0.0
2019-03-31,7,0,158,0.0,0.0,0.0,0.0,0.0
2019-03-31,7,0,159,0.0,0.0,0.0,0.0,0.0
2019-03-31,7,0,160,0.0,0.0,0.0,0.0,0.0
2019-03-31,7,0,161,0.0,0.0,0.0,0.0,0.0
2019-03-31,7,0,162,27.54,27.54,0.0,837.924667,0.0
2019-03-31,7,0,163,45.08,45.08,0.0,1086.145526,0.0
2019-03-31,7,0,164,0.0,0.0,0.0,0.0,0.0
2019-03-31,7,0,167,0.0,0.0,0.0,0.0,0.0
2019-03-31,7,0,168,0.0,0.0,0.0,0.0,0.0
2019-03-31,7,0,169,0.0,0.0,0.0,0.0,0.0
2019-03-31,7,0,170,0.0,0.0,0.0,0.0,0.0
2019-03-31,7,0,172,0.0,0.0,0.0,0.0,0.0
2019-03-31,7,0,173,0.0,0.0,0.0,0.0,0.0
2019-03-31,7,0,188,0.0,0.0,0.0,0.0,0.0
2019-03-31,7,0,190,0.0,0.0,0.0,0.0,0.0
2019-03-31,7,0,191,0.0,0.0,0.0,0.0,0.0
2019-03-31,7,0,192,55.72,55.72,0.0,1709.215028,0.0
2019-03-31,7,0,194,176.5,176.5,0.0,562.400002,0.0
2019-03-31,7,0,196,0.0,0.0,0.0,0.0,0.0
2019-03-31,7,0,198,0.0,0.0,0.0,0.0,0.0
2019-03-31,7,0,199,39.0,39.0,0.0,491.870482,0.0
2019-03-31,7,0,200,0.0,0.0,0.0,0.0,0.0
2019-03-31,7,0,204,857.0,857.0,0.0,10899.966466,0.0
2019-03-31,7,0,205,1058.0,1058.0,0.0,13580.010538,0.0
2019-03-31,7,0,206,301.53,301.53,0.0,3171.557208,0.0
2019-03-31,7,0,210,0.0,0.0,0.0,0.0,0.0
2019-03-31,7,0,214,0.0,0.0,0.0,0.0,0.0
2019-03-31,7,0,217,0.0,0.0,0.0,0.0,0.0
2019-03-31,7,0,218,0.0,0.0,0.0,0.0,0.0
2019-03-31,7,0,219,0.0,0.0,0.0,0.0,0.0
2019-03-31,7,0,221,0.0,0.0,0.0,0.0,0.0
2019-03-31,7,0,225,0.0,0.0,0.0,0.0,0.0
2019-03-31,7,0,233,0.0,0.0,0.0,0.0,0.0
2019-03-31,7,0,236,159.03,159.03,0.0,2320.567948,0.0
2019-03-31,7,0,237,111.59,111.59,0.0,1566.24837,0.0
2019-03-31,7,0,238,0.0,0.0,0.0,0.0,0.0
2019-03-31,7,0,240,0.0,0.0,0.0,0.0,0.0
2019-03-31,7,0,245,0.0,0.0,0.0,0.0,0.0
2019-03-31,7,0,247,171.72,171.72,0.0,2615.936252,0.0
2019-03-31,7,0,248,11.2,11.2,0.0,157.200302,0.0
2019-03-31,7,0,249,0.0,0.0,0.0,0.0,0.0
2019-03-31,7,0,251,326.4,326.4,0.0,4896.263043,0.0
2019-03-31,7,0,252,267.06,267.06,0.0,4022.277288,0.0
2019-03-31,7,0,254,0.0,0.0,0.0,0.0,0.0
2019-03-31,7,0,255,0.0,0.0,0.0,0.0,0.0
2019-03-31,7,0,258,0.0,0.0,0.0,0.0,0.0
2019-03-31,7,0,260,0.0,0.0,0.0,0.0,0.0
2019-03-31,7,0,265,0.0,0.0,0.0,0.0,0.0
2019-03-31,7,0,266,71.67,71.67,0.0,858.357156,0.0
2019-03-31,7,0,267,88.09,88.09,0.0,1055.011607,0.0
2019-03-31,7,0,270,140.79,140.79,0.0,3392.156803,0.0
2019-03-31,7,0,272,166.88,166.88,0.0,1135.55875,0.0
2019-03-31,7,0,273,0.0,0.0,0.0,0.0,0.0
2019-03-31,7,0,274,181.49,181.49,0.0,4372.771774,0.0
2019-03-31,7,0,275,252.64,252.64,0.0,6087.040945,0.0
2019-03-31,7,0,276,0.0,0.0,0.0,0.0,0.0
2019-03-31,7,0,277,0.0,0.0,0.0,0.0,0.0
2019-03-31,7,0,278,0.0,0.0,0.0,0.0,0.0
2019-03-31,7,0,279,116.85,116.85,0.0,852.905332,0.0
2019-03-31,7,0,281,7.16,7.16,0.0,75.50815,0.0
2019-03-31,7,0,282,0.0,0.0,0.0,0.0,0.0
2019-03-31,8,0,9,0.35,0.35,0.0,3.084115,0.0
2019-03-31,8,0,17,2.11,2.11,0.0,30.805703,0.0
2019-03-31,8,0,19,0.0,0.0,0.0,0.0,0.0
2019-03-31,8,0,20,0.0,0.0,0.0,0.0,0.0
2019-03-31,8,0,21,8.04,8.04,0.0,70.846536,0.0
2019-03-31,8,0,22,28.57,28.57,0.0,251.751933,0.0
2019-03-31,8,0,23,53.2,53.2,0.0,468.785538,0.0
2019-03-31,8,0,24,94.13,94.13,0.0,829.450802,0.0
2019-03-31,8,0,29,1.11,1.11,0.0,17.657471,0.0
2019-03-31,8,0,30,52.24,52.24,0.0,458.437,0.0
2019-03-31,8,0,31,11.49,11.49,0.0,100.831568,0.0
2019-03-31,8,0,32,1.19,1.19,0.0,48.94608,0.0
2019-03-31,8,0,33,0.2,0.2,0.0,3.129369,0.0
2019-03-31,8,0,34,0.32,0.32,0.0,5.006991,0.0
2019-03-31,8,0,35,0.32,0.32,0.0,5.006991,0.0
2019-03-31,8,0,36,1.63,1.63,0.0,21.154262,0.0
2019-03-31,8,0,37,0.77,0.77,0.0,9.976526,0.0
2019-03-31,8,0,38,0.99,0.99,0.0,12.826962,0.0
2019-03-31,8,0,39,0.66,0.66,0.0,8.551308,0.0
2019-03-31,8,0,40,0.66,0.66,0.0,8.551308,0.0
2019-03-31,8,0,41,34.8,34.8,0.0,372.432551,0.0
2019-03-31,8,0,42,2.03,2.03,0.0,29.177005,0.0
2019-03-31,8,0,43,5.17,5.17,0.0,68.398333,0.0
2019-03-31,8,0,46,4.61,4.61,0.0,57.940816,0.0
2019-03-31,8,0,52,12.18,12.18,0.0,106.886728,0.0
2019-03-31,8,0,53,19.34,19.34,0.0,169.719977,0.0
2019-03-31,8,0,55,57.78,57.78,0.0,509.14339,0.0
2019-03-31,8,0,56,15.41,15.41,0.0,135.231895,0.0
2019-03-31,8,0,57,14.66,14.66,0.0,128.6502,0.0
2019-03-31,8,0,58,28.18,28.18,0.0,247.296223,0.0
2019-03-31,8,0,59,27.71,27.71,0.0,243.171694,0.0
2019-03-31,8,0,63,41.47,41.47,0.0,1713.349419,0.0
2019-03-31,8,0,64,48.75,48.75,0.0,2014.125493,0.0
2019-03-31,8,0,65,41.4,41.4,0.0,602.688793,0.0
2019-03-31,8,0,67,35.94,35.94,0.0,530.166109,0.0
2019-03-31,8,0,68,4.85,4.85,0.0,46.010062,0.0
2019-03-31,8,0,69,0.2,0.2,0.0,3.129369,0.0
2019-03-31,8,0,74,49.73,49.73,0.0,664.676713,0.0
2019-03-31,8,0,77,114.87,114.87,0.0,613.018368,0.0
2019-03-31,8,0,78,86.74,86.74,0.0,462.899045,0.0
2019-03-31,8,0,79,50.03,50.03,0.0,266.99146,0.0
2019-03-31,8,0,80,81.15,81.15,0.0,433.067298,0.0
2019-03-31,8,0,81,106.22,106.22,0.0,566.856543,0.0
2019-03-31,8,0,82,74.81,74.81,0.0,399.233082,0.0
2019-03-31,8,0,83,167.35,167.35,0.0,893.084564,0.0
2019-03-31,8,0,84,0.0,0.0,0.0,0.0,0.0
2019-03-31,8,0,86,1.02,1.02,0.0,15.959784,0.0
2019-03-31,8,0,87,5.21,5.21,0.0,81.520072,0.0
2019-03-31,8,0,88,114.29,114.29,0.0,609.923124,0.0
2019-03-31,8,0,89,110.3,110.3,0.0,588.629982,0.0
2019-03-31,8,0,90,143.92,143.92,0.0,768.047389,0.0
2019-03-31,8,0,91,451.16,451.16,0.0,2407.672734,0.0
2019-03-31,8,0,92,180.53,180.53,0.0,963.421311,0.0
2019-03-31,8,0,95,36.0,36.0,0.0,1473.559116,0.0
2019-03-31,8,0,96,21.89,21.89,0.0,191.27039,0.0
2019-03-31,8,0,97,134.61,134.61,0.0,1176.194941,0.0
2019-03-31,8,0,99,9.6,9.6,0.0,128.310807,0.0
2019-03-31,8,0,101,1.05,1.05,0.0,9.214373,0.0
2019-03-31,8,0,102,11.48,11.48,0.0,108.906292,0.0
2019-03-31,8,0,103,9.99,9.99,0.0,94.771242,0.0
2019-03-31,8,0,104,1.85,1.85,0.0,17.55023,0.0
2019-03-31,8,0,106,28.12,28.12,0.0,247.786641,0.0
2019-03-31,8,0,109,200.0,200.0,0.0,2386.815149,0.0
2019-03-31,8,0,110,36.21,36.21,0.0,1117.945671,0.0
2019-03-31,8,0,111,1.86,1.86,0.0,19.905878,0.0
2019-03-31,8,0,113,96.97,96.97,0.0,339.275111,0.0
2019-03-31,8,0,115,96.97,96.97,0.0,339.275111,0.0
2019-03-31,8,0,116,18.28,18.28,0.0,564.375777,0.0
2019-03-31,8,0,117,5.02,5.02,0.0,17.563794,0.0
2019-03-31,8,0,119,48.75,48.75,0.0,2014.125493,0.0
2019-03-31,8,0,120,28.76,28.76,0.0,1188.230752,0.0
2019-03-31,8,0,123,0.47,0.47,0.0,4.141526,0.0
2019-03-31,8,0,125,85.18,85.18,0.0,750.585566,0.0
2019-03-31,8,0,126,21.09,21.09,0.0,185.839981,0.0
2019-03-31,8,0,127,27.07,27.07,0.0,238.534295,0.0
2019-03-31,8,0,128,122.0,122.0,0.0,1075.034504,0.0
2019-03-31,8,0,131,17.46,17.46,0.0,141.086261,0.0
2019-03-31,8,0,132,25.66,25.66,0.0,207.346704,0.0
2019-03-31,8,0,133,41.94,41.94,0.0,612.484674,0.0
2019-03-31,8,0,134,0.0,0.0,0.0,0.0,0.0
2019-03-31,8,0,135,56.2,56.2,0.0,820.735305,0.0
2019-03-31,8,0,136,45.9,45.9,0.0,668.092213,0.0
2019-03-31,8,0,139,44.94,44.94,0.0,480.95169,0.0
2019-03-31,8,0,140,26.8,26.8,0.0,827.421817,0.0
2019-03-31,8,0,141,55.04,55.04,0.0,811.918271,0.0
2019-03-31,8,0,142,47.4,47.4,0.0,699.217406,0.0
2019-03-31,8,0,143,22.7,22.7,0.0,199.205971,0.0
2019-03-31,8,0,145,30.0,30.0,0.0,298.44291,0.0
2019-03-31,8,0,146,29.3,29.3,0.0,904.606688,0.0
2019-03-31,8,0,152,1.04,1.04,0.0,13.943031,0.0
2019-03-31,8,0,153,1.41,1.41,0.0,18.827643,0.0
2019-03-31,8,0,154,7.69,7.69,0.0,82.299032,0.0
2019-03-31,8,0,157,14.68,14.68,0.0,216.550876,0.0
2019-03-31,8,0,158,26.06,26.06,0.0,384.422059,0.0
2019-03-31,8,0,159,0.0,0.0,0.0,0.0,0.0
2019-03-31,8,0,160,0.43,0.43,0.0,6.056459,0.0
2019-03-31,8,0,161,7.8,7.8,0.0,73.995564,0.0
2019-03-31,8,0,162,38.21,38.21,0.0,1564.726563,0.0
2019-03-31,8,0,163,53.45,53.45,0.0,1650.212542,0.0
2019-03-31,8,0,164,0.96,0.96,0.0,8.42457,0.0
2019-03-31,8,0,167,1.4,1.4,0.0,57.319615,0.0
2019-03-31,8,0,168,0.7,0.7,0.0,28.659807,0.0
2019-03-31,8,0,169,0.0,0.0,0.0,0.0,0.0
2019-03-31,8,0,170,1.53,1.53,0.0,62.642151,0.0
2019-03-31,8,0,172,1.75,1.75,0.0,67.310085,0.0
2019-03-31,8,0,173,2.66,2.66,0.0,102.31133,0.0
2019-03-31,8,0,188,2.37,2.37,0.0,94.635632,0.0
2019-03-31,8,0,190,1.7,1.7,0.0,70.236171,0.0
2019-03-31,8,0,191,4.38,4.38,0.0,180.961429,0.0
2019-03-31,8,0,192,51.5,51.5,0.0,2127.742829,0.0
2019-03-31,8,0,194,176.5,176.5,0.0,-376.807443,0.0
2019-03-31,8,0,196,1.06,1.06,0.0,39.620436,0.0
2019-03-31,8,0,198,1.98,1.98,0.0,30.680021,0.0
2019-03-31,8,0,199,39.0,39.0,0.0,515.887146,0.0
2019-03-31,8,0,200,3.79,3.79,0.0,50.133648,0.0
2019-03-31,8,0,204,856.99,856.99,0.0,10102.606815,0.0
2019-03-31,8,0,205,1058.0,1058.0,0.0,12626.252139,0.0
2019-03-31,8,0,206,395.54,395.54,0.0,3456.14848,0.0
2019-03-31,8,0,210,0.5,0.5,0.0,8.070352,0.0
2019-03-31,8,0,214,2.41,2.41,0.0,39.20152,0.0
2019-03-31,8,0,217,1.72,1.72,0.0,27.899972,0.0
2019-03-31,8,0,218,2.37,2.37,0.0,38.443566,0.0
2019-03-31,8,0,219,1.61,1.61,0.0,26.115671,0.0
2019-03-31,8,0,221,1.29,1.29,0.0,20.983386,0.0
2019-03-31,8,0,225,1.02,1.02,0.0,16.202826,0.0
2019-03-31,8,0,233,0.58,0.58,0.0,9.075171,0.0
2019-03-31,8,0,236,159.03,159.03,0.0,2230.213696,0.0
2019-03-31,8,0,237,119.31,119.31,0.0,1594.66275,0.0
2019-03-31,8,0,238,2.64,2.64,0.0,37.944479,0.0
2019-03-31,8,0,240,1.85,1.85,0.0,24.009439,0.0
2019-03-31,8,0,245,0.0,0.0,0.0,0.0,0.0
2019-03-31,8,0,247,171.72,171.72,0.0,2533.709554,0.0
2019-03-31,8,0,248,11.98,11.98,0.0,160.121195,0.0
2019-03-31,8,0,249,0.0,0.0,0.0,0.0,0.0
2019-03-31,8,0,251,326.4,326.4,0.0,4729.040749,0.0
2019-03-31,8,0,252,267.06,267.06,0.0,3887.779448,0.0
2019-03-31,8,0,254,2.85,2.85,0.0,38.316499,0.0
2019-03-31,8,0,255,1.31,1.31,0.0,17.612145,0.0
2019-03-31,8,0,258,2.29,2.29,0.0,29.812912,0.0
2019-03-31,8,0,260,1.04,1.04,0.0,14.648179,0.0
2019-03-31,8,0,265,7.96,7.96,0.0,85.188595,0.0
2019-03-31,8,0,266,29.1,29.1,0.0,311.430667,0.0
2019-03-31,8,0,267,35.76,35.76,0.0,382.706552,0.0
2019-03-31,8,0,270,166.94,166.94,0.0,5154.096945,0.0
2019-03-31,8,0,272,335.7,335.7,0.0,1174.534958,0.0
2019-03-31,8,0,273,4.37,4.37,0.0,134.919154,0.0
2019-03-31,8,0,274,215.2,215.2,0.0,6644.073694,0.0
2019-03-31,8,0,275,299.57,299.57,0.0,9248.90872,0.0
2019-03-31,8,0,276,0.95,0.95,0.0,25.910422,0.0
2019-03-31,8,0,277,1.18,1.18,0.0,4.998,0.0
2019-03-31,8,0,278,1.9,1.9,0.0,8.047626,0.0
2019-03-31,8,0,279,136.24,136.24,0.0,577.057165,0.0
2019-03-31,8,0,281,5.16,5.16,0.0,45.282062,0.0
2019-03-31,8,0,282,28.65,28.65,0.0,251.420752,0.0
2019-03-31,9,0,9,1.4,1.4,0.0,2.770903,0.0
2019-03-31,9,0,17,5.74,5.74,0.0,52.613452,0.0
2019-03-31,9,0,19,0.0,0.0,0.0,0.0,0.0
2019-03-31,9,0,20,0.0,0.0,0.0,0.0,0.0
2019-03-31,9,0,21,32.1,32.1,0.0,63.532841,0.0
2019-03-31,9,0,22,114.08,114.08,0.0,225.788987,0.0
2019-03-31,9,0,23,67.81,67.81,0.0,134.210652,0.0
2019-03-31,9,0,24,119.98,119.98,0.0,237.466363,0.0
2019-03-31,9,0,29,2.57,2.57,0.0,26.354768,0.0
2019-03-31,9,0,30,247.21,247.21,0.0,478.273262,0.0
2019-03-31,9,0,31,24.47,24.47,0.0,47.34172,0.0
2019-03-31,9,0,32,3.02,3.02,0.0,111.860409,0.0
2019-03-31,9,0,33,0.54,0.54,0.0,5.662199,0.0
2019-03-31,9,0,34,0.86,0.86,0.0,9.017576,0.0
2019-03-31,9,0,35,0.86,0.86,0.0,9.017576,0.0
2019-03-31,9,0,36,4.66,4.66,0.0,33.08443,0.0
2019-03-31,9,0,37,2.2,2.2,0.0,15.551485,0.0
2019-03-31,9,0,38,2.83,2.83,0.0,20.004865,0.0
2019-03-31,9,0,39,1.89,1.89,0.0,13.36014,0.0
2019-03-31,9,0,40,1.89,1.89,0.0,13.36014,0.0
2019-03-31,9,0,41,34.8,34.8,0.0,150.041257,0.0
2019-03-31,9,0,42,6.5,6.5,0.0,57.720628,0.0
2019-03-31,9,0,43,14.4,14.4,0.0,106.445155,0.0
2019-03-31,9,0,46,13.14,13.14,0.0,86.561661,0.0
2019-03-31,9,0,52,25.96,25.96,0.0,50.2244,0.0
2019-03-31,9,0,53,41.47,41.47,0.0,80.231351,0.0
2019-03-31,9,0,55,90.36,90.36,0.0,178.841978,0.0
2019-03-31,9,0,56,72.92,72.92,0.0,141.077166,0.0
2019-03-31,9,0,57,69.36,69.36,0.0,134.189691,0.0
2019-03-31,9,0,58,133.38,133.38,0.0,258.048168,0.0
2019-03-31,9,0,59,131.16,131.16,0.0,253.75317,0.0
2019-03-31,9,0,63,28.23,28.23,0.0,1104.433405,0.0
2019-03-31,9,0,64,33.22,33.22,0.0,1299.655604,0.0
2019-03-31,9,0,65,41.4,41.4,0.0,377.277239,0.0
2019-03-31,9,0,67,147.32,147.32,0.0,-113.690459,0.0
2019-03-31,9,0,68,9.77,9.77,0.0,-17.212631,0.0
2019-03-31,9,0,69,0.54,0.54,0.0,5.662199,0.0
2019-03-31,9,0,74,53.23,53.23,0.0,405.300028,0.0
2019-03-31,9,0,77,49.13,49.13,0.0,-112.946503,0.0
2019-03-31,9,0,78,37.14,37.14,0.0,-85.382315,0.0
2019-03-31,9,0,79,21.49,21.49,0.0,-49.404037,0.0
2019-03-31,9,0,80,34.76,34.76,0.0,-79.910858,0.0
2019-03-31,9,0,81,45.45,45.45,0.0,-104.486435,0.0
2019-03-31,9,0,82,32.06,32.06,0.0,-73.703743,0.0
2019-03-31,9,0,83,71.48,71.48,0.0,-164.327622,0.0
2019-03-31,9,0,84,0.0,0.0,0.0,0.0,0.0
2019-03-31,9,0,86,2.73,2.73,0.0,28.625561,0.0
2019-03-31,9,0,87,13.94,13.94,0.0,146.168617,0.0
2019-03-31,9,0,88,152.73,152.73,0.0,-351.115804,0.0
2019-03-31,9,0,89,145.89,145.89,0.0,-335.391113,0.0
2019-03-31,9,0,90,204.77,204.77,0.0,-470.752198,0.0
2019-03-31,9,0,91,769.47,769.47,0.0,-1768.958801,0.0
2019-03-31,9,0,92,270.73,270.73,0.0,-622.389718,0.0
2019-03-31,9,0,95,36.0,36.0,0.0,1329.871568,0.0
2019-03-31,9,0,96,28.01,28.01,0.0,52.886905,0.0
2019-03-31,9,0,97,172.23,172.23,0.0,325.194988,0.0
2019-03-31,9,0,99,10.27,10.27,0.0,78.197094,0.0
2019-03-31,9,0,101,4.98,4.98,0.0,9.634727,0.0
2019-03-31,9,0,102,23.1,23.1,0.0,-40.697213,0.0
2019-03-31,9,0,103,20.09,20.09,0.0,-35.394243,0.0
2019-03-31,9,0,104,3.75,3.75,0.0,-6.60669,0.0
2019-03-31,9,0,106,112.3,112.3,0.0,222.265982,0.0
2019-03-31,9,0,109,186.24,186.24,0.0,1083.970949,0.0
2019-03-31,9,0,110,26.15,26.15,0.0,59.102993,0.0
2019-03-31,9,0,111,6.44,6.44,0.0,27.766256,0.0
2019-03-31,9,0,113,63.84,63.84,0.0,-219.832004,0.0
2019-03-31,9,0,115,63.84,63.84,0.0,-219.832004,0.0
2019-03-31,9,0,116,58.95,58.95,0.0,133.236001,0.0
2019-03-31,9,0,117,4.34,4.34,0.0,-14.94472,0.0
2019-03-31,9,0,119,33.22,33.22,0.0,1299.655604,0.0
2019-03-31,9,0,120,19.53,19.53,0.0,764.066043,0.0
2019-03-31,9,0,123,1.87,1.87,0.0,3.701134,0.0
2019-03-31,9,0,125,108.58,108.58,0.0,214.903298,0.0
2019-03-31,9,0,126,84.22,84.22,0.0,166.689591,0.0
2019-03-31,9,0,127,108.09,108.09,0.0,213.933482,0.0
2019-03-31,9,0,128,155.51,155.51,0.0,307.787915,0.0
2019-03-31,9,0,131,19.24,19.24,0.0,-38.98406,0.0
2019-03-31,9,0,132,28.29,28.29,0.0,-57.321156,0.0
2019-03-31,9,0,133,41.94,41.94,0.0,384.636445,0.0
2019-03-31,9,0,134,0.0,0.0,0.0,0.0,0.0
2019-03-31,9,0,135,56.2,56.2,0.0,515.416505,0.0
2019-03-31,9,0,136,45.9,45.9,0.0,418.151757,0.0
2019-03-31,9,0,139,44.94,44.94,0.0,193.760175,0.0
2019-03-31,9,0,140,19.36,19.36,0.0,43.756556,0.0
2019-03-31,9,0,141,59.55,59.55,0.0,-45.956196,0.0
2019-03-31,9,0,142,194.28,194.28,0.0,-149.930644,0.0
2019-03-31,9,0,143,64.21,64.21,0.0,124.226068,0.0
2019-03-31,9,0,145,30.0,30.0,0.0,101.316006,0.0
2019-03-31,9,0,146,20.04,20.04,0.0,45.29346,0.0
2019-03-31,9,0,152,3.07,3.07,0.0,23.517668,0.0
2019-03-31,9,0,153,4.11,4.11,0.0,31.205238,0.0
2019-03-31,9,0,154,26.55,26.55,0.0,114.471132,0.0
2019-03-31,9,0,157,15.14,15.14,0.0,-11.68391,0.0
2019-03-31,9,0,158,127.57,127.57,0.0,-98.4489,0.0
2019-03-31,9,0,159,0.0,0.0,0.0,0.0,0.0
2019-03-31,9,0,160,1.16,1.16,0.0,9.759274,0.0
2019-03-31,9,0,161,28.41,28.41,0.0,-50.052287,0.0
2019-03-31,9,0,162,48.75,48.75,0.0,1802.663826,0.0
2019-03-31,9,0,163,63.14,63.14,0.0,142.706041,0.0
2019-03-31,9,0,164,6.08,6.08,0.0,11.762879,0.0
2019-03-31,9,0,167,3.48,3.48,0.0,128.397684,0.0
2019-03-31,9,0,168,1.74,1.74,0.0,64.198842,0.0
2019-03-31,9,0,169,0.0,0.0,0.0,0.0,0.0
2019-03-31,9,0,170,3.8,3.8,0.0,140.204368,0.0
2019-03-31,9,0,172,4.36,4.36,0.0,148.932254,0.0
2019-03-31,9,0,173,6.65,6.65,0.0,227.155847,0.0
2019-03-31,9,0,188,6.07,6.07,0.0,216.361451,0.0
2019-03-31,9,0,190,4.98,4.98,0.0,194.830973,0.0
2019-03-31,9,0,191,12.86,12.86,0.0,503.117732,0.0
2019-03-31,9,0,192,47.89,47.89,0.0,1873.585397,0.0
2019-03-31,9,0,194,130.37,130.37,0.0,-684.223652,0.0
2019-03-31,9,0,196,3.22,3.22,0.0,127.128886,0.0
2019-03-31,9,0,198,5.15,5.15,0.0,51.838551,0.0
2019-03-31,9,0,199,39.0,39.0,0.0,347.994698,0.0
2019-03-31,9,0,200,9.81,9.81,0.0,87.534051,0.0
2019-03-31,9,0,204,480.72,480.72,0.0,2710.737911,0.0
2019-03-31,9,0,205,1048.92,1048.92,0.0,6105.019375,0.0
2019-03-31,9,0,206,506.08,506.08,0.0,955.55176,0.0
2019-03-31,9,0,210,1.17,1.17,0.0,12.35759,0.0
2019-03-31,9,0,214,5.92,5.92,0.0,66.695851,0.0
2019-03-31,9,0,217,4.09,4.09,0.0,44.868309,0.0
2019-03-31,9,0,218,5.65,5.65,0.0,61.981894,0.0
2019-03-31,9,0,219,3.85,3.85,0.0,42.23545,0.0
2019-03-31,9,0,221,3.16,3.16,0.0,35.601164,0.0
2019-03-31,9,0,225,2.38,2.38,0.0,24.335737,0.0
2019-03-31,9,0,233,1.54,1.54,0.0,16.147753,0.0
2019-03-31,9,0,236,159.03,159.03,0.0,1342.164587,0.0
2019-03-31,9,0,237,127.7,127.7,0.0,972.324133,0.0
2019-03-31,9,0,238,8.46,8.46,0.0,75.125618,0.0
2019-03-31,9,0,240,5.28,5.28,0.0,37.486221,0.0
2019-03-31,9,0,245,78.0,78.0,0.0,730.195461,0.0
2019-03-31,9,0,247,171.72,171.72,0.0,1607.553392,0.0
2019-03-31,9,0,248,12.82,12.82,0.0,97.61312,0.0
2019-03-31,9,0,249,150.0,150.0,0.0,1404.222041,0.0
2019-03-31,9,0,251,326.4,326.4,0.0,2946.003674,0.0
2019-03-31,9,0,252,267.06,267.06,0.0,2433.711582,0.0
2019-03-31,9,0,254,7.7,7.7,0.0,58.891645,0.0
2019-03-31,9,0,255,3.53,3.53,0.0,26.998378,0.0
2019-03-31,9,0,258,6.53,6.53,0.0,46.669139,0.0
2019-03-31,9,0,260,2.81,2.81,0.0,23.641001,0.0
2019-03-31,9,0,265,27.49,27.49,0.0,118.52397,0.0
2019-03-31,9,0,266,29.1,29.1,0.0,125.465534,0.0
2019-03-31,9,0,267,35.76,35.76,0.0,154.180326,0.0
2019-03-31,9,0,270,197.19,197.19,0.0,445.67951,0.0
2019-03-31,9,0,272,213.03,213.03,0.0,-733.565347,0.0
2019-03-31,9,0,273,14.1,14.1,0.0,31.868153,0.0
2019-03-31,9,0,274,254.2,254.2,0.0,574.530815,0.0
2019-03-31,9,0,275,353.84,353.84,0.0,799.73243,0.0
2019-03-31,9,0,276,3.1,3.1,0.0,4.907915,0.0
2019-03-31,9,0,277,3.86,3.86,0.0,-11.520611,0.0
2019-03-31,9,0,278,6.17,6.17,0.0,-18.41507,0.0
2019-03-31,9,0,279,158.16,158.16,0.0,-472.046595,0.0
2019-03-31,9,0,281,10.9,10.9,0.0,21.088057,0.0
2019-03-31,9,0,282,135.61,135.61,0.0,262.362514,0.0
2019-03-31,10,0,9,2.45,2.45,0.0,-669.02079,0.0
2019-03-31,10,0,17,9.46,9.46,0.0,112.576223,0.0
2019-03-31,10,0,19,349.46,349.46,0.0,4158.656105,0.0
2019-03-31,10,0,20,433.01,433.01,0.0,5152.920734,0.0
2019-03-31,10,0,21,56.04,56.04,0.0,-15302.826564,0.0
2019-03-31,10,0,22,199.17,199.17,0.0,-54387.294196,0.0
2019-03-31,10,0,23,84.46,84.46,0.0,-23063.46773,0.0
2019-03-31,10,0,24,149.44,149.44,0.0,-40807.537504,0.0
2019-03-31,10,0,29,5.37,5.37,0.0,58.695567,0.0
2019-03-31,10,0,30,449.6,449.6,0.0,-318577.542016,0.0
2019-03-31,10,0,31,78.07,78.07,0.0,-55318.836088,0.0
2019-03-31,10,0,32,4.84,4.84,0.0,146.939803,0.0
2019-03-31,10,0,33,1.09,1.09,0.0,15.966491,0.0
2019-03-31,10,0,34,1.74,1.74,0.0,25.487793,0.0
2019-03-31,10,0,35,1.74,1.74,0.0,25.487793,0.0
2019-03-31,10,0,36,7.57,7.57,0.0,60.061028,0.0
2019-03-31,10,0,37,3.56,3.56,0.0,28.286185,0.0
2019-03-31,10,0,38,4.58,4.58,0.0,36.390654,0.0
2019-03-31,10,0,39,3.05,3.05,0.0,24.233951,0.0
2019-03-31,10,0,40,3.05,3.05,0.0,24.233951,0.0
2019-03-31,10,0,41,34.8,34.8,0.0,-66.381774,0.0
2019-03-31,10,0,42,10.72,10.72,0.0,121.185117,0.0
2019-03-31,10,0,43,23.02,23.02,0.0,195.821422,0.0
2019-03-31,10,0,46,21.25,21.25,0.0,156.900609,0.0
2019-03-31,10,0,52,82.8,82.8,0.0,-58670.419215,0.0
2019-03-31,10,0,53,132.03,132.03,0.0,-93553.80977,0.0
2019-03-31,10,0,55,133.92,133.92,0.0,-36569.4956,0.0
2019-03-31,10,0,56,132.61,132.61,0.0,-93964.786136,0.0
2019-03-31,10,0,57,126.15,126.15,0.0,-89387.359709,0.0
2019-03-31,10,0,58,242.59,242.59,0.0,-171894.40818,0.0
2019-03-31,10,0,59,238.54,238.54,0.0,-169024.659414,0.0
2019-03-31,10,0,63,35.49,35.49,0.0,1154.419802,0.0
2019-03-31,10,0,64,41.76,41.76,0.0,1358.370553,0.0
2019-03-31,10,0,65,41.4,41.4,0.0,488.088829,0.0
2019-03-31,10,0,67,257.2,257.2,0.0,4882.809009,0.0
2019-03-31,10,0,68,18.62,18.62,0.0,424.779237,0.0
2019-03-31,10,0,69,1.09,1.09,0.0,15.966491,0.0
2019-03-31,10,0,74,92.47,92.47,0.0,781.704395,0.0
2019-03-31,10,0,77,51.58,51.58,0.0,1368.868017,0.0
2019-03-31,10,0,78,38.99,38.99,0.0,1034.745327,0.0
2019-03-31,10,0,79,22.57,22.57,0.0,598.979278,0.0
2019-03-31,10,0,80,36.49,36.49,0.0,968.398487,0.0
2019-03-31,10,0,81,47.71,47.71,0.0,1266.163108,0.0
2019-03-31,10,0,82,33.65,33.65,0.0,893.028476,0.0
2019-03-31,10,0,83,75.04,75.04,0.0,1991.46677,0.0
2019-03-31,10,0,84,0.0,0.0,0.0,0.0,0.0
2019-03-31,10,0,86,5.51,5.51,0.0,80.711345,0.0
2019-03-31,10,0,87,28.15,28.15,0.0,412.345618,0.0
2019-03-31,10,0,88,103.48,103.48,0.0,2746.22843,0.0
2019-03-31,10,0,89,99.0,99.0,0.0,2627.334891,0.0
2019-03-31,10,0,90,137.47,137.47,0.0,3648.280075,0.0
2019-03-31,10,0,91,509.29,509.29,0.0,13515.912997,0.0
2019-03-31,10,0,92,180.45,180.45,0.0,4788.91496,0.0
2019-03-31,10,0,95,88.65,88.65,0.0,2696.173924,0.0
2019-03-31,10,0,96,29.88,29.88,0.0,1027.483253,0.0
2019-03-31,10,0,97,183.75,183.75,0.0,6318.609363,0.0
2019-03-31,10,0,99,19.01,19.01,0.0,160.702937,0.0
2019-03-31,10,0,101,9.06,9.06,0.0,-6419.734276,0.0
2019-03-31,10,0,102,44.08,44.08,0.0,1005.599826,0.0
2019-03-31,10,0,103,38.33,38.33,0.0,874.424712,0.0
2019-03-31,10,0,104,7.12,7.12,0.0,162.42901,0.0
2019-03-31,10,0,106,196.06,196.06,0.0,-53538.047397,0.0
2019-03-31,10,0,109,171.07,171.07,0.0,1071.138396,0.0
2019-03-31,10,0,110,17.99,17.99,0.0,130.610147,0.0
2019-03-31,10,0,111,11.2,11.2,0.0,-21.364249,0.0
2019-03-31,10,0,113,125.4,125.4,0.0,3204.055005,0.0
2019-03-31,10,0,115,125.4,125.4,0.0,3204.055005,0.0
2019-03-31,10,0,116,101.53,101.53,0.0,737.123303,0.0
2019-03-31,10,0,117,8.36,8.36,0.0,213.603667,0.0
2019-03-31,10,0,119,41.76,41.76,0.0,1358.370553,0.0
2019-03-31,10,0,120,24.55,24.55,0.0,798.563148,0.0
2019-03-31,10,0,123,3.27,3.27,0.0,-892.937953,0.0
2019-03-31,10,0,125,135.24,135.24,0.0,-36929.947618,0.0
2019-03-31,10,0,126,147.05,147.05,0.0,-40154.900896,0.0
2019-03-31,10,0,127,188.71,188.71,0.0,-51530.985026,0.0
2019-03-31,10,0,128,193.69,193.69,0.0,-52890.872183,0.0
2019-03-31,10,0,131,28.3,28.3,0.0,674.546321,0.0
2019-03-31,10,0,132,45.66,45.66,0.0,1088.331627,0.0
2019-03-31,10,0,133,41.94,41.94,0.0,499.533073,0.0
2019-03-31,10,0,134,0.0,0.0,0.0,0.0,0.0
2019-03-31,10,0,135,56.2,56.2,0.0,669.379083,0.0
2019-03-31,10,0,136,45.9,45.9,0.0,540.863145,0.0
2019-03-31,10,0,139,44.94,44.94,0.0,-85.724049,0.0
2019-03-31,10,0,140,13.31,13.31,0.0,96.632632,0.0
2019-03-31,10,0,141,65.15,65.15,0.0,1236.839063,0.0
2019-03-31,10,0,142,339.18,339.18,0.0,6439.156919,0.0
2019-03-31,10,0,143,164.65,164.65,0.0,-116667.687484,0.0
2019-03-31,10,0,145,56.19,56.19,0.0,178.537708,0.0
2019-03-31,10,0,146,13.78,13.78,0.0,100.044904,0.0
2019-03-31,10,0,152,5.22,5.22,0.0,46.438401,0.0
2019-03-31,10,0,153,6.88,6.88,0.0,60.29155,0.0
2019-03-31,10,0,154,46.22,46.22,0.0,-88.165678,0.0
2019-03-31,10,0,157,16.45,16.45,0.0,312.294744,0.0
2019-03-31,10,0,158,224.48,224.48,0.0,4261.636727,0.0
2019-03-31,10,0,159,0.0,0.0,0.0,0.0,0.0
2019-03-31,10,0,160,1.83,1.83,0.0,18.581365,0.0
2019-03-31,10,0,161,49.03,49.03,0.0,1118.524488,0.0
2019-03-31,10,0,162,91.77,91.77,0.0,2793.427388,0.0
2019-03-31,10,0,163,41.38,41.38,0.0,300.425119,0.0
2019-03-31,10,0,164,13.31,13.31,0.0,-9431.199031,0.0
2019-03-31,10,0,167,5.51,5.51,0.0,167.255893,0.0
2019-03-31,10,0,168,2.75,2.75,0.0,83.476172,0.0
2019-03-31,10,0,169,0.0,0.0,0.0,0.0,0.0
2019-03-31,10,0,170,6.02,6.02,0.0,182.736928,0.0
2019-03-31,10,0,172,7.11,7.11,0.0,207.392074,0.0
2019-03-31,10,0,173,10.84,10.84,0.0,316.192698,0.0
2019-03-31,10,0,188,9.8,9.8,0.0,293.118024,0.0
2019-03-31,10,0,190,8.48,8.48,0.0,275.837698,0.0
2019-03-31,10,0,191,21.9,21.9,0.0,712.363867,0.0
2019-03-31,10,0,192,45.49,45.49,0.0,1479.700106,0.0
2019-03-31,10,0,194,52.95,52.95,0.0,1454.994217,0.0
2019-03-31,10,0,196,5.48,5.48,0.0,199.835581,0.0
2019-03-31,10,0,198,7.76,7.76,0.0,97.932193,0.0
2019-03-31,10,0,199,39.0,39.0,0.0,849.349466,0.0
2019-03-31,10,0,200,15.38,15.38,0.0,334.948584,0.0
2019-03-31,10,0,204,257.1,257.1,0.0,1557.769198,0.0
2019-03-31,10,0,205,1010.31,1010.31,0.0,6325.959159,0.0
2019-03-31,10,0,206,539.94,539.94,0.0,18566.911236,0.0
2019-03-31,10,0,210,1.71,1.71,0.0,19.894527,0.0
2019-03-31,10,0,214,9.16,9.16,0.0,148.99831,0.0
2019-03-31,10,0,217,6.5,6.5,0.0,92.766731,0.0
2019-03-31,10,0,218,8.97,8.97,0.0,128.018089,0.0
2019-03-31,10,0,219,6.11,6.11,0.0,87.200727,0.0
2019-03-31,10,0,221,4.89,4.89,0.0,79.541674,0.0
2019-03-31,10,0,225,4.7,4.7,0.0,51.052765,0.0
2019-03-31,10,0,233,3.12,3.12,0.0,45.70225,0.0
2019-03-31,10,0,236,159.03,159.03,0.0,1657.161176,0.0
2019-03-31,10,0,237,216.07,216.07,0.0,1826.569359,0.0
2019-03-31,10,0,238,13.95,13.95,0.0,157.698916,0.0
2019-03-31,10,0,240,8.58,8.58,0.0,68.074455,0.0
2019-03-31,10,0,245,78.0,78.0,0.0,959.95586,0.0
2019-03-31,10,0,247,171.72,171.72,0.0,2113.379748,0.0
2019-03-31,10,0,248,23.58,23.58,0.0,199.335889,0.0
2019-03-31,10,0,249,150.0,150.0,0.0,1846.068962,0.0
2019-03-31,10,0,251,326.4,326.4,0.0,3788.824036,0.0
2019-03-31,10,0,252,267.06,267.06,0.0,3148.526632,0.0
2019-03-31,10,0,254,11.65,11.65,0.0,103.916975,0.0
2019-03-31,10,0,255,5.34,5.34,0.0,47.63233,0.0
2019-03-31,10,0,258,10.62,10.62,0.0,85.241938,0.0
2019-03-31,10,0,260,4.46,4.46,0.0,45.285731,0.0
2019-03-31,10,0,265,47.85,47.85,0.0,-91.274939,0.0
2019-03-31,10,0,266,29.1,29.1,0.0,-55.508897,0.0
2019-03-31,10,0,267,35.76,35.76,0.0,-68.212995,0.0
2019-03-31,10,0,270,129.17,129.17,0.0,937.793924,0.0
2019-03-31,10,0,272,419.08,419.08,0.0,10707.778081,0.0
2019-03-31,10,0,273,24.28,24.28,0.0,176.276507,0.0
2019-03-31,10,0,274,166.51,166.51,0.0,1208.888025,0.0
2019-03-31,10,0,275,231.77,231.77,0.0,1682.68559,0.0
2019-03-31,10,0,276,5.32,5.32,0.0,52.550684,0.0
2019-03-31,10,0,277,6.46,6.46,0.0,167.61637,0.0
2019-03-31,10,0,278,10.34,10.34,0.0,268.289978,0.0
2019-03-31,10,0,279,182.51,182.51,0.0,4735.551641,0.0
2019-03-31,10,0,281,34.8,34.8,0.0,-24658.581989,0.0
2019-03-31,10,0,282,246.63,246.63,0.0,-174757.071147,0.0
2019-03-31,11,0,9,3.59,3.59,0.0,-1425.504896,0.0
2019-03-31,11,0,17,13.28,13.28,0.0,85.183995,0.0
2019-03-31,11,0,19,192.99,192.99,0.0,1237.92615,0.0
2019-03-31,11,0,20,234.06,234.06,0.0,1501.367918,0.0
2019-03-31,11,0,21,82.05,82.05,0.0,-32580.132792,0.0
2019-03-31,11,0,22,291.6,291.6,0.0,-115787.528606,0.0
2019-03-31,11,0,23,42.43,42.43,0.0,-16847.958981,0.0
2019-03-31,11,0,24,75.04,75.04,0.0,-29796.626017,0.0
2019-03-31,11,0,29,7.74,7.74,0.0,37.634765,0.0
2019-03-31,11,0,30,668.93,668.93,0.0,-668930.0,0.0
2019-03-31,11,0,31,75.15,75.15,0.0,-75150.0,0.0
2019-03-31,11,0,32,6.83,6.83,0.0,177.0928,0.0
2019-03-31,11,0,33,1.54,1.54,0.0,18.372431,0.0
2019-03-31,11,0,34,2.46,2.46,0.0,29.348169,0.0
2019-03-31,11,0,35,2.46,2.46,0.0,29.348169,0.0
2019-03-31,11,0,36,10.89,10.89,0.0,-19.844872,0.0
2019-03-31,11,0,37,5.15,5.15,0.0,-9.563414,0.0
2019-03-31,11,0,38,6.62,6.62,0.0,-12.293165,0.0
2019-03-31,11,0,39,4.42,4.42,0.0,-8.207823,0.0
2019-03-31,11,0,40,4.42,4.42,0.0,-8.207823,0.0
2019-03-31,11,0,41,34.8,34.8,0.0,-655.309533,0.0
2019-03-31,11,0,42,16.31,16.31,0.0,85.119422,0.0
2019-03-31,11,0,43,33.02,33.02,0.0,-23.866894,0.0
2019-03-31,11,0,46,29.96,29.96,0.0,-96.970803,0.0
2019-03-31,11,0,52,79.89,79.89,0.0,-79890.0,0.0
2019-03-31,11,0,53,130.12,130.12,0.0,-130120.0,0.0
2019-03-31,11,0,55,274.57,274.57,0.0,-109025.314573,0.0
2019-03-31,11,0,56,197.31,197.31,0.0,-197310.0,0.0
2019-03-31,11,0,57,187.69,187.69,0.0,-187690.0,0.0
2019-03-31,11,0,58,360.93,360.93,0.0,-360930.0,0.0
2019-03-31,11,0,59,354.92,354.92,0.0,-354920.0,0.0
2019-03-31,11,0,63,36.94,36.94,0.0,1197.87396,0.0
2019-03-31,11,0,64,43.46,43.46,0.0,1409.301632,0.0
2019-03-31,11,0,65,41.4,41.4,0.0,256.363655,0.0
2019-03-31,11,0,67,381.34,381.34,0.0,-3443.500801,0.0
2019-03-31,11,0,68,19.98,19.98,0.0,41.360193,0.0
2019-03-31,11,0,69,1.54,1.54,0.0,18.372431,0.0
2019-03-31,11,0,74,83.01,83.01,0.0,-29.921483,0.0
2019-03-31,11,0,77,50.67,50.67,0.0,628.776342,0.0
2019-03-31,11,0,78,38.3,38.3,0.0,475.274006,0.0
2019-03-31,11,0,79,22.17,22.17,0.0,275.112917,0.0
2019-03-31,11,0,80,35.85,35.85,0.0,444.871361,0.0
2019-03-31,11,0,81,46.87,46.87,0.0,581.621218,0.0
2019-03-31,11,0,82,33.06,33.06,0.0,410.249573,0.0
2019-03-31,11,0,83,73.72,73.72,0.0,914.809392,0.0
2019-03-31,11,0,84,0.0,0.0,0.0,0.0,0.0
2019-03-31,11,0,86,7.79,7.79,0.0,92.93587,0.0
2019-03-31,11,0,87,39.79,39.79,0.0,474.700677,0.0
2019-03-31,11,0,88,50.89,50.89,0.0,631.506375,0.0
2019-03-31,11,0,89,48.93,48.93,0.0,607.184259,0.0
2019-03-31,11,0,90,65.69,65.69,0.0,815.163171,0.0
2019-03-31,11,0,91,234.33,234.33,0.0,2907.857907,0.0
2019-03-31,11,0,92,84.28,84.28,0.0,1045.850998,0.0
2019-03-31,11,0,95,96.29,96.29,0.0,2510.91521,0.0
2019-03-31,11,0,96,31.88,31.88,0.0,905.966787,0.0
2019-03-31,11,0,97,234.28,234.28,0.0,6657.776001,0.0
2019-03-31,11,0,99,17.81,17.81,0.0,-6.419728,0.0
2019-03-31,11,0,101,13.47,13.47,0.0,-13470.0,0.0
2019-03-31,11,0,102,47.32,47.32,0.0,97.956174,0.0
2019-03-31,11,0,103,41.14,41.14,0.0,85.163081,0.0
2019-03-31,11,0,104,7.64,7.64,0.0,15.815409,0.0
2019-03-31,11,0,106,287.05,287.05,0.0,-113980.8302,0.0
2019-03-31,11,0,109,83.48,83.48,0.0,-475.194119,0.0
2019-03-31,11,0,110,23.22,23.22,0.0,-998.970383,0.0
2019-03-31,11,0,111,16.33,16.33,0.0,-307.505881,0.0
2019-03-31,11,0,113,70.07,70.07,0.0,775.236922,0.0
2019-03-31,11,0,115,70.07,70.07,0.0,775.236922,0.0
2019-03-31,11,0,116,147.04,147.04,0.0,-6325.951989,0.0
2019-03-31,11,0,117,4.71,4.71,0.0,52.11026,0.0
2019-03-31,11,0,119,43.46,43.46,0.0,1409.301632,0.0
2019-03-31,11,0,120,25.56,25.56,0.0,828.84836,0.0
2019-03-31,11,0,123,4.78,4.78,0.0,-1898.026018,0.0
2019-03-31,11,0,125,67.91,67.91,0.0,-26965.470054,0.0
2019-03-31,11,0,126,215.29,215.29,0.0,-85486.615342,0.0
2019-03-31,11,0,127,276.29,276.29,0.0,-109708.286278,0.0
2019-03-31,11,0,128,97.25,97.25,0.0,-38615.696697,0.0
2019-03-31,11,0,131,21.35,21.35,0.0,107.488061,0.0
2019-03-31,11,0,132,31.39,31.39,0.0,158.035139,0.0
2019-03-31,11,0,133,41.94,41.94,0.0,269.899945,0.0
2019-03-31,11,0,134,0.0,0.0,0.0,0.0,0.0
2019-03-31,11,0,135,56.2,56.2,0.0,361.6685,0.0
2019-03-31,11,0,136,45.9,45.9,0.0,283.669621,0.0
2019-03-31,11,0,139,44.94,44.94,0.0,-846.253173,0.0
2019-03-31,11,0,140,17.18,17.18,0.0,-739.117622,0.0
2019-03-31,11,0,141,62.69,62.69,0.0,-566.090799,0.0
2019-03-31,11,0,142,502.9,502.9,0.0,-4541.187793,0.0
2019-03-31,11,0,143,133.6,133.6,0.0,-133600.0,0.0
2019-03-31,11,0,145,100.0,100.0,0.0,-1295.793788,0.0
2019-03-31,11,0,146,16.61,16.61,0.0,-714.595093,0.0
2019-03-31,11,0,152,7.59,7.59,0.0,2.252808,0.0
2019-03-31,11,0,153,9.77,9.77,0.0,0.236704,0.0
2019-03-31,11,0,154,67.35,67.35,0.0,-1268.249915,0.0
2019-03-31,11,0,157,17.09,17.09,0.0,-154.322727,0.0
2019-03-31,11,0,158,332.49,332.49,0.0,-3002.385224,0.0
2019-03-31,11,0,159,0.0,0.0,0.0,0.0,0.0
2019-03-31,11,0,160,2.67,2.67,0.0,7.259729,0.0
2019-03-31,11,0,161,72.34,72.34,0.0,149.749569,0.0
2019-03-31,11,0,162,162.5,162.5,0.0,4250.174836,0.0
2019-03-31,11,0,163,73.93,73.93,0.0,-3180.615006,0.0
2019-03-31,11,0,164,19.48,19.48,0.0,-19480.0,0.0
2019-03-31,11,0,167,7.82,7.82,0.0,202.551407,0.0
2019-03-31,11,0,168,3.91,3.91,0.0,101.275703,0.0
2019-03-31,11,0,169,0.0,0.0,0.0,0.0,0.0
2019-03-31,11,0,170,8.55,8.55,0.0,221.459658,0.0
2019-03-31,11,0,172,10.23,10.23,0.0,226.001938,0.0
2019-03-31,11,0,173,15.58,15.58,0.0,344.194545,0.0
2019-03-31,11,0,188,13.87,13.87,0.0,340.50568,0.0
2019-03-31,11,0,190,12.01,12.01,0.0,389.454961,0.0
2019-03-31,11,0,191,31.02,31.02,0.0,1005.902822,0.0
2019-03-31,11,0,192,65.49,65.49,0.0,2123.680716,0.0
2019-03-31,11,0,194,52.95,52.95,0.0,956.850244,0.0
2019-03-31,11,0,196,7.91,7.91,0.0,348.457488,0.0
2019-03-31,11,0,198,11.11,11.11,0.0,87.946764,0.0
2019-03-31,11,0,199,56.82,56.82,0.0,1197.474026,0.0
2019-03-31,11,0,200,21.43,21.43,0.0,451.634431,0.0
2019-03-31,11,0,204,257.1,257.1,0.0,-1594.454552,0.0
2019-03-31,11,0,205,545.8,545.8,0.0,-3106.863323,0.0
2019-03-31,11,0,206,895.48,895.48,0.0,25447.777245,0.0
2019-03-31,11,0,210,2.41,2.41,0.0,15.122131,0.0
2019-03-31,11,0,214,13.08,13.08,0.0,198.594691,0.0
2019-03-31,11,0,217,9.12,9.12,0.0,103.473884,0.0
2019-03-31,11,0,218,12.58,12.58,0.0,142.730423,0.0
2019-03-31,11,0,219,8.57,8.57,0.0,97.233683,0.0
2019-03-31,11,0,221,6.97,6.97,0.0,105.82607,0.0
2019-03-31,11,0,225,6.62,6.62,0.0,31.28596,0.0
2019-03-31,11,0,233,4.41,4.41,0.0,52.611962,0.0
2019-03-31,11,0,236,159.03,159.03,0.0,544.214257,0.0
2019-03-31,11,0,237,185.07,185.07,0.0,-66.70966,0.0
2019-03-31,11,0,238,21.23,21.23,0.0,110.796157,0.0
2019-03-31,11,0,240,12.35,12.35,0.0,-22.505433,0.0
2019-03-31,11,0,245,78.0,78.0,0.0,564.031998,0.0
2019-03-31,11,0,247,171.72,171.72,0.0,1241.738138,0.0
2019-03-31,11,0,248,22.03,22.03,0.0,-7.940854,0.0
2019-03-31,11,0,249,150.0,150.0,0.0,1084.67692,0.0
2019-03-31,11,0,251,326.4,326.4,0.0,1902.16444,0.0
2019-03-31,11,0,252,267.06,267.06,0.0,1653.731344,0.0
2019-03-31,11,0,254,16.93,16.93,0.0,2.384905,0.0
2019-03-31,11,0,255,7.76,7.76,0.0,1.09314,0.0
2019-03-31,11,0,258,15.25,15.25,0.0,-25.082039,0.0
2019-03-31,11,0,260,6.48,6.48,0.0,17.619118,0.0
2019-03-31,11,0,265,69.73,69.73,0.0,-1313.067062,0.0
2019-03-31,11,0,266,29.1,29.1,0.0,-547.974351,0.0
2019-03-31,11,0,267,35.76,35.76,0.0,-673.387037,0.0
2019-03-31,11,0,270,250.11,250.11,0.0,-10760.227502,0.0
2019-03-31,11,0,272,234.0,234.0,0.0,2588.917363,0.0
2019-03-31,11,0,273,35.16,35.16,0.0,-1512.652829,0.0
2019-03-31,11,0,274,326.61,326.61,0.0,-14051.408997,0.0
2019-03-31,11,0,275,460.83,460.83,0.0,-19825.819198,0.0
2019-03-31,11,0,276,7.81,7.81,0.0,-276.726177,0.0
2019-03-31,11,0,277,9.38,9.38,0.0,108.837824,0.0
2019-03-31,11,0,278,15.0,15.0,0.0,174.047692,0.0
2019-03-31,11,0,279,190.12,190.12,0.0,2205.996486,0.0
2019-03-31,11,0,281,32.77,32.77,0.0,-32770.0,0.0
2019-03-31,11,0,282,366.95,366.95,0.0,-366950.0,0.0
2019-03-31,12,0,9,4.54,4.54,0.0,-1788.140248,0.0
2019-03-31,12,0,17,16.33,16.33,0.0,107.342736,0.0
2019-03-31,12,0,19,192.99,192.99,0.0,1268.589991,0.0
2019-03-31,12,0,20,234.06,234.06,0.0,1538.557299,0.0
2019-03-31,12,0,21,103.87,103.87,0.0,-40910.600779,0.0
2019-03-31,12,0,22,369.15,369.15,0.0,-145394.707592,0.0
2019-03-31,12,0,23,28.67,28.67,0.0,-11292.066278,0.0
2019-03-31,12,0,24,48.0,48.0,0.0,-18905.447554,0.0
2019-03-31,12,0,29,9.33,9.33,0.0,48.704542,0.0
2019-03-31,12,0,30,841.43,841.43,0.0,-841430.0,0.0
2019-03-31,12,0,31,64.26,64.26,0.0,-64260.0,0.0
2019-03-31,12,0,32,8.18,8.18,0.0,180.734966,0.0
2019-03-31,12,0,33,1.96,1.96,0.0,21.75907,0.0
2019-03-31,12,0,34,3.14,3.14,0.0,34.858918,0.0
2019-03-31,12,0,35,3.14,3.14,0.0,34.858918,0.0
2019-03-31,12,0,36,13.95,13.95,0.0,-0.675675,0.0
2019-03-31,12,0,37,6.61,6.61,0.0,-0.322859,0.0
2019-03-31,12,0,38,8.5,8.5,0.0,-0.415174,0.0
2019-03-31,12,0,39,5.67,5.67,0.0,-0.276945,0.0
2019-03-31,12,0,40,5.67,5.67,0.0,-0.276945,0.0
2019-03-31,12,0,41,23.71,23.71,0.0,-361.19612,0.0
2019-03-31,12,0,42,21.44,21.44,0.0,119.887897,0.0
2019-03-31,12,0,43,41.94,41.94,0.0,37.942358,0.0
2019-03-31,12,0,46,37.53,37.53,0.0,-40.82597,0.0
2019-03-31,12,0,52,68.12,68.12,0.0,-68120.0,0.0
2019-03-31,12,0,53,108.22,108.22,0.0,-108220.0,0.0
2019-03-31,12,0,55,303.94,303.94,0.0,-119710.869364,0.0
2019-03-31,12,0,56,248.19,248.19,0.0,-248190.0,0.0
2019-03-31,12,0,57,236.08,236.08,0.0,-236080.0,0.0
2019-03-31,12,0,58,454.01,454.01,0.0,-454010.0,0.0
2019-03-31,12,0,59,446.44,446.44,0.0,-446440.0,0.0
2019-03-31,12,0,63,38.58,38.58,0.0,1251.055154,0.0
2019-03-31,12,0,64,45.39,45.39,0.0,1471.886818,0.0
2019-03-31,12,0,65,41.4,41.4,0.0,264.587784,0.0
2019-03-31,12,0,67,487.0,487.0,0.0,-22698.141892,0.0
2019-03-31,12,0,68,21.34,21.34,0.0,-594.238422,0.0
2019-03-31,12,0,69,1.96,1.96,0.0,21.75907,0.0
2019-03-31,12,0,74,79.15,79.15,0.0,75.082327,0.0
2019-03-31,12,0,77,49.91,49.91,0.0,-565.168028,0.0
2019-03-31,12,0,78,37.73,37.73,0.0,-427.244834,0.0
2019-03-31,12,0,79,21.84,21.84,0.0,-247.310553,0.0
2019-03-31,12,0,80,35.31,35.31,0.0,-399.841376,0.0
2019-03-31,12,0,81,46.17,46.17,0.0,-522.817228,0.0
2019-03-31,12,0,82,32.57,32.57,0.0,-368.814319,0.0
2019-03-31,12,0,83,72.62,72.62,0.0,-822.330238,0.0
2019-03-31,12,0,84,0.0,0.0,0.0,0.0,0.0
2019-03-31,12,0,86,9.93,9.93,0.0,110.238554,0.0
2019-03-31,12,0,87,50.71,50.71,0.0,562.96043,0.0
2019-03-31,12,0,88,48.86,48.86,0.0,-553.278097,0.0
2019-03-31,12,0,89,46.97,46.97,0.0,-531.876222,0.0
2019-03-31,12,0,90,63.07,63.07,0.0,-714.188489,0.0
2019-03-31,12,0,91,224.97,224.97,0.0,-2547.502528,0.0
2019-03-31,12,0,92,80.91,80.91,0.0,-916.20407,0.0
2019-03-31,12,0,95,120.0,120.0,0.0,2691.568394,0.0
2019-03-31,12,0,96,27.02,27.02,0.0,918.265602,0.0
2019-03-31,12,0,97,166.15,166.15,0.0,5646.551805,0.0
2019-03-31,12,0,99,15.28,15.28,0.0,14.494731,0.0
2019-03-31,12,0,101,16.95,16.95,0.0,-16950.0,0.0
2019-03-31,12,0,102,50.52,50.52,0.0,-1406.791241,0.0
2019-03-31,12,0,103,43.93,43.93,0.0,-1223.284625,0.0
2019-03-31,12,0,104,8.16,8.16,0.0,-227.225189,0.0
2019-03-31,12,0,106,363.4,363.4,0.0,-143129.992521,0.0
2019-03-31,12,0,109,60.0,60.0,0.0,-183.56527,0.0
2019-03-31,12,0,110,29.62,29.62,0.0,-3082.343297,0.0
2019-03-31,12,0,111,21.69,21.69,0.0,-330.423612,0.0
2019-03-31,12,0,113,37.17,37.17,0.0,-389.068931,0.0
2019-03-31,12,0,115,37.17,37.17,0.0,-389.068931,0.0
2019-03-31,12,0,116,185.06,185.06,0.0,-19257.881517,0.0
2019-03-31,12,0,117,2.48,2.48,0.0,-25.958863,0.0
2019-03-31,12,0,119,45.39,45.39,0.0,1471.886818,0.0
2019-03-31,12,0,120,26.69,26.69,0.0,865.491499,0.0
2019-03-31,12,0,123,6.06,6.06,0.0,-2386.812754,0.0
2019-03-31,12,0,125,43.92,43.92,0.0,-17298.484512,0.0
2019-03-31,12,0,126,272.55,272.55,0.0,-107347.494391,0.0
2019-03-31,12,0,127,349.77,349.77,0.0,-137761.633143,0.0
2019-03-31,12,0,128,60.21,60.21,0.0,-23714.520775,0.0
2019-03-31,12,0,131,21.56,21.56,0.0,-492.333519,0.0
2019-03-31,12,0,132,31.7,31.7,0.0,-723.885555,0.0
2019-03-31,12,0,133,41.94,41.94,0.0,276.406601,0.0
2019-03-31,12,0,134,0.0,0.0,0.0,0.0,0.0
2019-03-31,12,0,135,56.2,56.2,0.0,370.387482,0.0
2019-03-31,12,0,136,45.9,45.9,0.0,292.887871,0.0
2019-03-31,12,0,139,30.62,30.62,0.0,-466.462471,0.0
2019-03-31,12,0,140,21.92,21.92,0.0,-2281.058915,0.0
2019-03-31,12,0,141,60.54,60.54,0.0,-2821.654025,0.0
2019-03-31,12,0,142,642.24,642.24,0.0,-29933.582441,0.0
2019-03-31,12,0,143,106.7,106.7,0.0,-106700.0,0.0
2019-03-31,12,0,145,56.25,56.25,0.0,-486.886326,0.0
2019-03-31,12,0,146,20.3,20.3,0.0,-2112.477006,0.0
2019-03-31,12,0,152,9.73,9.73,0.0,15.46548,0.0
2019-03-31,12,0,153,12.59,12.59,0.0,17.225589,0.0
2019-03-31,12,0,154,89.49,89.49,0.0,-1363.283035,0.0
2019-03-31,12,0,157,18.0,18.0,0.0,-838.945696,0.0
2019-03-31,12,0,158,428.98,428.98,0.0,-19993.940265,0.0
2019-03-31,12,0,159,0.0,0.0,0.0,0.0,0.0
2019-03-31,12,0,160,3.37,3.37,0.0,12.613029,0.0
2019-03-31,12,0,161,91.25,91.25,0.0,-2540.967949,0.0
2019-03-31,12,0,162,162.5,162.5,0.0,3663.769004,0.0
2019-03-31,12,0,163,98.24,98.24,0.0,-10223.139956,0.0
2019-03-31,12,0,164,25.18,25.18,0.0,-25180.0,0.0
2019-03-31,12,0,167,9.55,9.55,0.0,211.476657,0.0
2019-03-31,12,0,168,4.78,4.78,0.0,105.849049,0.0
2019-03-31,12,0,169,0.0,0.0,0.0,0.0,0.0
2019-03-31,12,0,170,10.45,10.45,0.0,231.406395,0.0
2019-03-31,12,0,172,12.26,12.26,0.0,218.662346,0.0
2019-03-31,12,0,173,18.69,18.69,0.0,333.344147,0.0
2019-03-31,12,0,188,16.54,16.54,0.0,332.794421,0.0
2019-03-31,12,0,190,14.69,14.69,0.0,476.360814,0.0
2019-03-31,12,0,191,37.96,37.96,0.0,1230.950068,0.0
2019-03-31,12,0,192,91.91,91.91,0.0,2980.416775,0.0
2019-03-31,12,0,194,52.95,52.95,0.0,227.544794,0.0
2019-03-31,12,0,196,10.08,10.08,0.0,525.408028,0.0
2019-03-31,12,0,198,13.73,13.73,0.0,110.647912,0.0
2019-03-31,12,0,199,113.69,113.69,0.0,1327.723381,0.0
2019-03-31,12,0,200,26.02,26.02,0.0,303.873361,0.0
2019-03-31,12,0,204,257.1,257.1,0.0,-883.884422,0.0
2019-03-31,12,0,205,317.4,317.4,0.0,-971.060276,0.0
2019-03-31,12,0,206,488.2,488.2,0.0,16591.312617,0.0
2019-03-31,12,0,210,2.93,2.93,0.0,18.398826,0.0
2019-03-31,12,0,214,16.55,16.55,0.0,227.891178,0.0
2019-03-31,12,0,217,11.26,11.26,0.0,119.393162,0.0
2019-03-31,12,0,218,15.54,15.54,0.0,164.775288,0.0
2019-03-31,12,0,219,10.59,10.59,0.0,112.288951,0.0
2019-03-31,12,0,221,8.82,8.82,0.0,121.450162,0.0
2019-03-31,12,0,225,8.05,8.05,0.0,41.199198,0.0
2019-03-31,12,0,233,5.62,5.62,0.0,62.390803,0.0
2019-03-31,12,0,236,128.62,128.62,0.0,530.732978,0.0
2019-03-31,12,0,237,189.87,189.87,0.0,180.11221,0.0
2019-03-31,12,0,238,27.91,27.91,0.0,156.066754,0.0
2019-03-31,12,0,240,15.81,15.81,0.0,-0.765765,0.0
2019-03-31,12,0,245,78.0,78.0,0.0,565.020325,0.0
2019-03-31,12,0,247,171.72,171.72,0.0,1243.913977,0.0
2019-03-31,12,0,248,19.06,19.06,0.0,18.080469,0.0
2019-03-31,12,0,249,150.0,150.0,0.0,1086.577548,0.0
2019-03-31,12,0,251,326.4,326.4,0.0,1988.312316,0.0
2019-03-31,12,0,252,267.06,267.06,0.0,1706.782937,0.0
2019-03-31,12,0,254,21.98,21.98,0.0,35.538381,0.0
2019-03-31,12,0,255,10.07,10.07,0.0,16.281688,0.0
2019-03-31,12,0,258,19.35,19.35,0.0,2.04144,0.0
2019-03-31,12,0,260,8.18,8.18,0.0,30.615601,0.0
2019-03-31,12,0,265,92.65,92.65,0.0,-1411.422206,0.0
2019-03-31,12,0,266,19.82,19.82,0.0,-301.936191,0.0
2019-03-31,12,0,267,24.36,24.36,0.0,-371.098164,0.0
2019-03-31,12,0,270,306.82,306.82,0.0,-31928.581039,0.0
2019-03-31,12,0,272,124.22,124.22,0.0,-1300.245969,0.0
2019-03-31,12,0,273,44.25,44.25,0.0,-4604.783622,0.0
2019-03-31,12,0,274,395.52,395.52,0.0,-41158.960865,0.0
2019-03-31,12,0,275,550.57,550.57,0.0,-57293.914551,0.0
2019-03-31,12,0,276,9.87,9.87,0.0,-900.484119,0.0
2019-03-31,12,0,277,11.77,11.77,0.0,-127.241375,0.0
2019-03-31,12,0,278,18.83,18.83,0.0,-203.564579,0.0
2019-03-31,12,0,279,198.13,198.13,0.0,-2141.914503,0.0
2019-03-31,12,0,281,28.84,28.84,0.0,-28840.0,0.0
2019-03-31,12,0,282,461.57,461.57,0.0,-461570.0,0.0
2019-03-31,13,0,9,4.76,4.76,0.0,-1861.102998,0.0
2019-03-31,13,0,17,17.79,17.79,0.0,122.472403,0.0
2019-03-31,13,0,19,192.99,192.99,0.0,1328.608711,0.0
2019-03-31,13,0,20,234.06,234.06,0.0,1611.348541,0.0
2019-03-31,13,0,21,108.91,108.91,0.0,-42582.505774,0.0
2019-03-31,13,0,22,387.08,387.08,0.0,-151343.644615,0.0
2019-03-31,13,0,23,49.8,49.8,0.0,-19471.203632,0.0
2019-03-31,13,0,24,86.97,86.97,0.0,-34004.228511,0.0
2019-03-31,13,0,29,9.05,9.05,0.0,47.242884,0.0
2019-03-31,13,0,30,956.97,956.97,0.0,-956970.0,0.0
2019-03-31,13,0,31,52.24,52.24,0.0,-52240.0,0.0
2019-03-31,13,0,32,9.08,9.08,0.0,204.01336,0.0
2019-03-31,13,0,33,2.2,2.2,0.0,23.362531,0.0
2019-03-31,13,0,34,3.53,3.53,0.0,37.486243,0.0
2019-03-31,13,0,35,3.53,3.53,0.0,37.486243,0.0
2019-03-31,13,0,36,15.54,15.54,0.0,23.277382,0.0
2019-03-31,13,0,37,7.42,7.42,0.0,11.241516,0.0
2019-03-31,13,0,38,9.54,9.54,0.0,14.453378,0.0
2019-03-31,13,0,39,6.36,6.36,0.0,9.635585,0.0
2019-03-31,13,0,40,6.36,6.36,0.0,9.635585,0.0
2019-03-31,13,0,41,11.96,11.96,0.0,-143.58755,0.0
2019-03-31,13,0,42,30.17,30.17,0.0,183.27443,0.0
2019-03-31,13,0,43,47.62,47.62,0.0,107.85233,0.0
2019-03-31,13,0,46,41.78,41.78,0.0,32.2313,0.0
2019-03-31,13,0,52,55.38,55.38,0.0,-55380.0,0.0
2019-03-31,13,0,53,87.98,87.98,0.0,-87980.0,0.0
2019-03-31,13,0,55,246.53,246.53,0.0,-96390.277738,0.0
2019-03-31,13,0,56,282.27,282.27,0.0,-282270.0,0.0
2019-03-31,13,0,57,268.5,268.5,0.0,-268500.0,0.0
2019-03-31,13,0,58,516.35,516.35,0.0,-516350.0,0.0
2019-03-31,13,0,59,507.74,507.74,0.0,-507740.0,0.0
2019-03-31,13,0,63,40.41,40.41,0.0,937.380363,0.0
2019-03-31,13,0,64,47.55,47.55,0.0,1103.005104,0.0
2019-03-31,13,0,65,41.4,41.4,0.0,278.785277,0.0
2019-03-31,13,0,67,428.84,428.84,0.0,11327.166762,0.0
2019-03-31,13,0,68,22.77,22.77,0.0,616.746121,0.0
2019-03-31,13,0,69,2.2,2.2,0.0,23.362531,0.0
2019-03-31,13,0,74,48.38,48.38,0.0,106.075748,0.0
2019-03-31,13,0,77,49.03,49.03,0.0,1391.090164,0.0
2019-03-31,13,0,78,37.07,37.07,0.0,1051.75836,0.0
2019-03-31,13,0,79,21.45,21.45,0.0,608.584214,0.0
2019-03-31,13,0,80,34.69,34.69,0.0,984.232465,0.0
2019-03-31,13,0,81,45.35,45.35,0.0,1286.680378,0.0
2019-03-31,13,0,82,31.99,31.99,0.0,907.627459,0.0
2019-03-31,13,0,83,71.34,71.34,0.0,2024.074491,0.0
2019-03-31,13,0,84,0.0,0.0,0.0,0.0,0.0
2019-03-31,13,0,86,11.17,11.17,0.0,118.61794,0.0
2019-03-31,13,0,87,57.02,57.02,0.0,605.51432,0.0
2019-03-31,13,0,88,46.82,46.82,0.0,1328.387548,0.0
2019-03-31,13,0,89,45.01,45.01,0.0,1277.033821,0.0
2019-03-31,13,0,90,60.43,60.43,0.0,1714.533522,0.0
2019-03-31,13,0,91,215.56,215.56,0.0,6115.916698,0.0
2019-03-31,13,0,92,77.52,77.52,0.0,2199.414838,0.0
2019-03-31,13,0,95,120.0,120.0,0.0,2691.568394,0.0
2019-03-31,13,0,96,23.49,23.49,0.0,915.326404,0.0
2019-03-31,13,0,97,144.47,144.47,0.0,5629.510666,0.0
2019-03-31,13,0,99,9.34,9.34,0.0,20.478452,0.0
2019-03-31,13,0,101,19.28,19.28,0.0,-19280.0,0.0
2019-03-31,13,0,102,53.91,53.91,0.0,1460.201291,0.0
2019-03-31,13,0,103,46.88,46.88,0.0,1269.787359,0.0
2019-03-31,13,0,104,8.71,8.71,0.0,235.918257,0.0
2019-03-31,13,0,106,381.04,381.04,0.0,-148982.076945,0.0
2019-03-31,13,0,109,60.0,60.0,0.0,-43.352616,0.0
2019-03-31,13,0,110,37.48,37.48,0.0,912.802421,0.0
2019-03-31,13,0,111,25.0,25.0,0.0,-300.1412,0.0
2019-03-31,13,0,113,36.88,36.88,0.0,963.420696,0.0
2019-03-31,13,0,115,36.88,36.88,0.0,963.420696,0.0
2019-03-31,13,0,116,200.29,200.29,0.0,4877.94015,0.0
2019-03-31,13,0,117,2.46,2.46,0.0,64.262877,0.0
2019-03-31,13,0,119,47.55,47.55,0.0,1103.005104,0.0
2019-03-31,13,0,120,27.96,27.96,0.0,648.580919,0.0
2019-03-31,13,0,123,6.35,6.35,0.0,-2482.773957,0.0
2019-03-31,13,0,125,78.96,78.96,0.0,-30872.414433,0.0
2019-03-31,13,0,126,285.78,285.78,0.0,-111736.557709,0.0
2019-03-31,13,0,127,366.75,366.75,0.0,-143394.858072,0.0
2019-03-31,13,0,128,111.47,111.47,0.0,-43583.435117,0.0
2019-03-31,13,0,131,21.82,21.82,0.0,594.932912,0.0
2019-03-31,13,0,132,32.08,32.08,0.0,874.676802,0.0
2019-03-31,13,0,133,41.94,41.94,0.0,289.323477,0.0
2019-03-31,13,0,134,0.0,0.0,0.0,0.0,0.0
2019-03-31,13,0,135,56.2,56.2,0.0,387.696219,0.0
2019-03-31,13,0,136,45.9,45.9,0.0,308.709055,0.0
2019-03-31,13,0,139,15.44,15.44,0.0,-185.367205,0.0
2019-03-31,13,0,140,27.74,27.74,0.0,675.590692,0.0
2019-03-31,13,0,141,59.07,59.07,0.0,1560.245641,0.0
2019-03-31,13,0,142,565.53,565.53,0.0,14937.62853,0.0
2019-03-31,13,0,143,83.94,83.94,0.0,-83940.0,0.0
2019-03-31,13,0,145,89.87,89.87,0.0,-432.495044,0.0
2019-03-31,13,0,146,24.42,24.42,0.0,594.734128,0.0
2019-03-31,13,0,152,9.91,9.91,0.0,27.804068,0.0
2019-03-31,13,0,153,13.09,13.09,0.0,34.364539,0.0
2019-03-31,13,0,154,103.13,103.13,0.0,-1238.142476,0.0
2019-03-31,13,0,157,18.92,18.92,0.0,499.743483,0.0
2019-03-31,13,0,158,470.72,470.72,0.0,12433.364281,0.0
2019-03-31,13,0,159,0.0,0.0,0.0,0.0,0.0
2019-03-31,13,0,160,3.65,3.65,0.0,16.289557,0.0
2019-03-31,13,0,161,87.46,87.46,0.0,2368.933498,0.0
2019-03-31,13,0,162,161.31,161.31,0.0,3620.271734,0.0
2019-03-31,13,0,163,63.36,63.36,0.0,1543.093953,0.0
2019-03-31,13,0,164,34.42,34.42,0.0,-34420.0,0.0
2019-03-31,13,0,167,10.74,10.74,0.0,240.729717,0.0
2019-03-31,13,0,168,5.37,5.37,0.0,120.364858,0.0
2019-03-31,13,0,169,0.0,0.0,0.0,0.0,0.0
2019-03-31,13,0,170,11.74,11.74,0.0,263.14403,0.0
2019-03-31,13,0,172,13.72,13.72,0.0,288.382329,0.0
2019-03-31,13,0,173,20.9,20.9,0.0,439.299613,0.0
2019-03-31,13,0,188,18.27,18.27,0.0,405.467702,0.0
2019-03-31,13,0,190,16.11,16.11,0.0,373.699521,0.0
2019-03-31,13,0,191,41.63,41.63,0.0,965.680389,0.0
2019-03-31,13,0,192,125.95,125.95,0.0,2921.629713,0.0
2019-03-31,13,0,194,52.95,52.95,0.0,1298.60905,0.0
2019-03-31,13,0,196,11.04,11.04,0.0,263.05926,0.0
2019-03-31,13,0,198,14.55,14.55,0.0,112.445932,0.0
2019-03-31,13,0,199,73.53,73.53,0.0,1400.093714,0.0
2019-03-31,13,0,200,30.23,30.23,0.0,575.613123,0.0
2019-03-31,13,0,204,257.1,257.1,0.0,-254.517098,0.0
2019-03-31,13,0,205,317.4,317.4,0.0,-229.335338,0.0
2019-03-31,13,0,206,424.52,424.52,0.0,16542.118557,0.0
2019-03-31,13,0,210,2.83,2.83,0.0,17.50308,0.0
2019-03-31,13,0,214,16.18,16.18,0.0,207.400379,0.0
2019-03-31,13,0,217,10.86,10.86,0.0,108.166281,0.0
2019-03-31,13,0,218,14.99,14.99,0.0,149.301339,0.0
2019-03-31,13,0,219,10.21,10.21,0.0,101.69224,0.0
2019-03-31,13,0,221,8.63,8.63,0.0,110.622081,0.0
2019-03-31,13,0,225,8.22,8.22,0.0,42.144362,0.0
2019-03-31,13,0,233,6.32,6.32,0.0,67.114179,0.0
2019-03-31,13,0,236,193.1,193.1,0.0,941.183927,0.0
2019-03-31,13,0,237,116.06,116.06,0.0,254.467783,0.0
2019-03-31,13,0,238,39.27,39.27,0.0,238.55442,0.0
2019-03-31,13,0,240,17.61,17.61,0.0,26.378038,0.0
2019-03-31,13,0,245,78.0,78.0,0.0,580.116346,0.0
2019-03-31,13,0,247,171.72,171.72,0.0,1277.148447,0.0
2019-03-31,13,0,248,11.65,11.65,0.0,25.543251,0.0
2019-03-31,13,0,249,150.0,150.0,0.0,1115.608357,0.0
2019-03-31,13,0,251,326.4,326.4,0.0,2117.363004,0.0
2019-03-31,13,0,252,267.06,267.06,0.0,1798.367055,0.0
2019-03-31,13,0,254,25.66,25.66,0.0,72.269321,0.0
2019-03-31,13,0,255,11.76,11.76,0.0,33.121092,0.0
2019-03-31,13,0,258,21.54,21.54,0.0,34.932929,0.0
2019-03-31,13,0,260,8.87,8.87,0.0,39.585854,0.0
2019-03-31,13,0,265,106.78,106.78,0.0,-1281.963092,0.0
2019-03-31,13,0,266,10.0,10.0,0.0,-120.05648,0.0
2019-03-31,13,0,267,12.29,12.29,0.0,-147.549414,0.0
2019-03-31,13,0,270,197.15,197.15,0.0,4801.467375,0.0
2019-03-31,13,0,272,123.26,123.26,0.0,3219.935873,0.0
2019-03-31,13,0,273,47.9,47.9,0.0,1166.575132,0.0
2019-03-31,13,0,274,254.04,254.04,0.0,6186.988445,0.0
2019-03-31,13,0,275,353.46,353.46,0.0,8608.30159,0.0
2019-03-31,13,0,276,10.83,10.83,0.0,268.737181,0.0
2019-03-31,13,0,277,13.22,13.22,0.0,357.268157,0.0
2019-03-31,13,0,278,21.15,21.15,0.0,571.575001,0.0
2019-03-31,13,0,279,295.18,295.18,0.0,7977.187181,0.0
2019-03-31,13,0,281,23.45,23.45,0.0,-23450.0,0.0
2019-03-31,13,0,282,524.96,524.96,0.0,-524960.0,0.0
2019-03-31,14,0,9,4.92,4.92,0.0,-2701.55277,0.0
2019-03-31,14,0,17,18.05,18.05,0.0,-236.320176,0.0
2019-03-31,14,0,19,192.99,192.99,0.0,-2526.727465,0.0
2019-03-31,14,0,20,234.06,234.06,0.0,-3064.437693,0.0
2019-03-31,14,0,21,112.41,112.41,0.0,-61723.891634,0.0
2019-03-31,14,0,22,399.49,399.49,0.0,-219358.397551,0.0
2019-03-31,14,0,23,34.98,34.98,0.0,-19207.381277,0.0
2019-03-31,14,0,24,60.15,60.15,0.0,-33028.129897,0.0
2019-03-31,14,0,29,9.02,9.02,0.0,46.651467,0.0
2019-03-31,14,0,30,1012.19,1012.19,0.0,-1012190.0,0.0
2019-03-31,14,0,31,80.17,80.17,0.0,-80170.0,0.0
2019-03-31,14,0,32,8.99,8.99,0.0,298.528154,0.0
2019-03-31,14,0,33,2.22,2.22,0.0,6.532558,0.0
2019-03-31,14,0,34,3.55,3.55,0.0,10.446207,0.0
2019-03-31,14,0,35,3.55,3.55,0.0,10.446207,0.0
2019-03-31,14,0,36,16.0,16.0,0.0,-361.416668,0.0
2019-03-31,14,0,37,7.45,7.45,0.0,-148.310334,0.0
2019-03-31,14,0,38,9.58,9.58,0.0,-190.713154,0.0
2019-03-31,14,0,39,6.39,6.39,0.0,-127.208461,0.0
2019-03-31,14,0,40,6.39,6.39,0.0,-127.208461,0.0
2019-03-31,14,0,41,12.53,12.53,0.0,-2299.99999,0.0
2019-03-31,14,0,42,31.2,31.2,0.0,-516.933559,0.0
2019-03-31,14,0,43,48.43,48.43,0.0,-588.029876,0.0
2019-03-31,14,0,46,42.11,42.11,0.0,26.702627,0.0
2019-03-31,14,0,52,84.98,84.98,0.0,-84980.0,0.0
2019-03-31,14,0,53,135.0,135.0,0.0,-135000.0,0.0
2019-03-31,14,0,55,397.76,397.76,0.0,-218408.461313,0.0
2019-03-31,14,0,56,298.56,298.56,0.0,-298560.0,0.0
2019-03-31,14,0,57,283.99,283.99,0.0,-283990.0,0.0
2019-03-31,14,0,58,546.14,546.14,0.0,-546140.0,0.0
2019-03-31,14,0,59,537.04,537.04,0.0,-537040.0,0.0
2019-03-31,14,0,63,40.21,40.21,0.0,4449.63761,0.0
2019-03-31,14,0,64,47.31,47.31,0.0,5235.323436,0.0
2019-03-31,14,0,65,41.4,41.4,0.0,-568.761971,0.0
2019-03-31,14,0,67,434.15,434.15,0.0,-237390.045771,0.0
2019-03-31,14,0,68,16.33,16.33,0.0,-6512.368601,0.0
2019-03-31,14,0,69,2.22,2.22,0.0,6.532558,0.0
2019-03-31,14,0,74,40.02,40.02,0.0,-1537.500388,0.0
2019-03-31,14,0,77,60.0,60.0,0.0,-16367.67352,0.0
2019-03-31,14,0,78,45.36,45.36,0.0,-12373.961181,0.0
2019-03-31,14,0,79,26.25,26.25,0.0,-7160.857165,0.0
2019-03-31,14,0,80,42.45,42.45,0.0,-11580.129015,0.0
2019-03-31,14,0,81,55.5,55.5,0.0,-15140.098006,0.0
2019-03-31,14,0,82,39.15,39.15,0.0,-10679.906971,0.0
2019-03-31,14,0,83,87.3,87.3,0.0,-23814.964971,0.0
2019-03-31,14,0,84,0.0,0.0,0.0,-0.0,0.0
2019-03-31,14,0,86,11.25,11.25,0.0,33.104178,0.0
2019-03-31,14,0,87,57.45,57.45,0.0,169.052004,0.0
2019-03-31,14,0,88,51.18,51.18,0.0,-13961.625512,0.0
2019-03-31,14,0,89,49.2,49.2,0.0,-13421.492286,0.0
2019-03-31,14,0,90,66.06,66.06,0.0,-18020.808545,0.0
2019-03-31,14,0,91,235.65,235.65,0.0,-64284.037748,0.0
2019-03-31,14,0,92,84.75,84.75,0.0,-23119.338846,0.0
2019-03-31,14,0,95,120.0,120.0,0.0,3049.643213,0.0
2019-03-31,14,0,96,30.33,30.33,0.0,-7039.772557,0.0
2019-03-31,14,0,97,203.34,203.34,0.0,-47196.417797,0.0
2019-03-31,14,0,99,7.73,7.73,0.0,-296.973463,0.0
2019-03-31,14,0,101,20.39,20.39,0.0,-20390.0,0.0
2019-03-31,14,0,102,38.56,38.56,0.0,-15377.644412,0.0
2019-03-31,14,0,103,33.54,33.54,0.0,-13375.679294,0.0
2019-03-31,14,0,104,6.28,6.28,0.0,-2504.450387,0.0
2019-03-31,14,0,106,393.26,393.26,0.0,-215937.528902,0.0
2019-03-31,14,0,109,60.0,60.0,0.0,-1466.911241,0.0
2019-03-31,14,0,110,34.25,34.25,0.0,-34250.0,0.0
2019-03-31,14,0,111,25.93,25.93,0.0,-4759.696707,0.0
2019-03-31,14,0,113,42.25,42.25,0.0,-10639.713194,0.0
2019-03-31,14,0,115,42.25,42.25,0.0,-10639.713194,0.0
2019-03-31,14,0,116,207.38,207.38,0.0,-207380.0,0.0
2019-03-31,14,0,117,2.82,2.82,0.0,-710.153638,0.0
2019-03-31,14,0,119,47.31,47.31,0.0,5235.323436,0.0
2019-03-31,14,0,120,27.82,27.82,0.0,3078.560515,0.0
2019-03-31,14,0,123,6.55,6.55,0.0,-3596.579399,0.0
2019-03-31,14,0,125,54.83,54.83,0.0,-30106.938691,0.0
2019-03-31,14,0,126,294.95,294.95,0.0,-161955.892157,0.0
2019-03-31,14,0,127,378.51,378.51,0.0,-207838.361553,0.0
2019-03-31,14,0,128,76.1,76.1,0.0,-41786.212555,0.0
2019-03-31,14,0,131,28.35,28.35,0.0,-10185.388542,0.0
2019-03-31,14,0,132,41.68,41.68,0.0,-14974.497159,0.0
2019-03-31,14,0,133,41.94,41.94,0.0,-546.549393,0.0
2019-03-31,14,0,134,0.0,0.0,0.0,-0.0,0.0
2019-03-31,14,0,135,56.2,56.2,0.0,-732.3814,0.0
2019-03-31,14,0,136,45.9,45.9,0.0,-632.210923,0.0
2019-03-31,14,0,139,16.18,16.18,0.0,-2969.992006,0.0
2019-03-31,14,0,140,25.35,25.35,0.0,-25350.0,0.0
2019-03-31,14,0,141,110.11,110.11,0.0,-60207.342946,0.0
2019-03-31,14,0,142,572.54,572.54,0.0,-313060.685951,0.0
2019-03-31,14,0,143,132.2,132.2,0.0,-132200.0,0.0
2019-03-31,14,0,145,55.33,55.33,0.0,-14633.420932,0.0
2019-03-31,14,0,146,29.83,29.83,0.0,-29830.0,0.0
2019-03-31,14,0,152,10.12,10.12,0.0,-277.495165,0.0
2019-03-31,14,0,153,13.3,13.3,0.0,-372.227933,0.0
2019-03-31,14,0,154,106.94,106.94,0.0,-19629.848279,0.0
2019-03-31,14,0,157,22.6,22.6,0.0,-12357.514763,0.0
2019-03-31,14,0,158,482.63,482.63,0.0,-263898.555316,0.0
2019-03-31,14,0,159,0.0,0.0,0.0,-0.0,0.0
2019-03-31,14,0,160,3.75,3.75,0.0,-19.099405,0.0
2019-03-31,14,0,161,89.45,89.45,0.0,-35672.466095,0.0
2019-03-31,14,0,162,151.7,151.7,0.0,3988.033146,0.0
2019-03-31,14,0,163,87.98,87.98,0.0,-87980.0,0.0
2019-03-31,14,0,164,34.61,34.61,0.0,-34610.0,0.0
2019-03-31,14,0,167,10.55,10.55,0.0,240.528152,0.0
2019-03-31,14,0,168,5.27,5.27,0.0,120.150081,0.0
2019-03-31,14,0,169,0.0,0.0,0.0,0.0,0.0
2019-03-31,14,0,170,11.53,11.53,0.0,262.871051,0.0
2019-03-31,14,0,172,13.53,13.53,0.0,49.166274,0.0
2019-03-31,14,0,173,20.62,20.62,0.0,74.930419,0.0
2019-03-31,14,0,188,18.24,18.24,0.0,291.836591,0.0
2019-03-31,14,0,190,16.72,16.72,0.0,542.188755,0.0
2019-03-31,14,0,191,43.19,43.19,0.0,1400.546192,0.0
2019-03-31,14,0,192,120.07,120.07,0.0,3893.576783,0.0
2019-03-31,14,0,194,52.95,52.95,0.0,-6465.402219,0.0
2019-03-31,14,0,196,11.32,11.32,0.0,3021.723501,0.0
2019-03-31,14,0,198,14.91,14.91,0.0,95.482385,0.0
2019-03-31,14,0,199,130.0,130.0,0.0,-106.580627,0.0
2019-03-31,14,0,200,30.49,30.49,0.0,-24.997256,0.0
2019-03-31,14,0,204,257.1,257.1,0.0,4037.205133,0.0
2019-03-31,14,0,205,317.4,317.4,0.0,-7759.960465,0.0
2019-03-31,14,0,206,719.82,719.82,0.0,-167074.48342,0.0
2019-03-31,14,0,210,2.8,2.8,0.0,23.134757,0.0
2019-03-31,14,0,214,16.27,16.27,0.0,198.430342,0.0
2019-03-31,14,0,217,10.67,10.67,0.0,116.225564,0.0
2019-03-31,14,0,218,14.72,14.72,0.0,160.341172,0.0
2019-03-31,14,0,219,10.03,10.03,0.0,109.254209,0.0
2019-03-31,14,0,221,8.68,8.68,0.0,105.862039,0.0
2019-03-31,14,0,225,8.27,8.27,0.0,40.304281,0.0
2019-03-31,14,0,233,6.37,6.37,0.0,18.744321,0.0
2019-03-31,14,0,236,71.88,71.88,0.0,-1504.039987,0.0
2019-03-31,14,0,237,96.01,96.01,0.0,-3688.541035,0.0
2019-03-31,14,0,238,40.62,40.62,0.0,-673.007729,0.0
2019-03-31,14,0,240,18.13,18.13,0.0,-409.530262,0.0
2019-03-31,14,0,245,78.0,78.0,0.0,-836.017326,0.0
2019-03-31,14,0,247,171.72,171.72,0.0,-1840.524298,0.0
2019-03-31,14,0,248,9.64,9.64,0.0,-370.352417,0.0
2019-03-31,14,0,249,150.0,150.0,0.0,-1607.725627,0.0
2019-03-31,14,0,251,326.4,326.4,0.0,-4830.169473,0.0
2019-03-31,14,0,252,267.06,267.06,0.0,-3668.926856,0.0
2019-03-31,14,0,254,25.54,25.54,0.0,-264.928691,0.0
2019-03-31,14,0,255,11.71,11.71,0.0,-121.468871,0.0
2019-03-31,14,0,258,22.28,22.28,0.0,-465.681322,0.0
2019-03-31,14,0,260,9.11,9.11,0.0,-46.398821,0.0
2019-03-31,14,0,265,110.72,110.72,0.0,-20323.703024,0.0
2019-03-31,14,0,266,10.48,10.48,0.0,-1923.703104,0.0
2019-03-31,14,0,267,12.88,12.88,0.0,-2364.2458,0.0
2019-03-31,14,0,270,305.83,305.83,0.0,-305830.0,0.0
2019-03-31,14,0,272,141.21,141.21,0.0,-35560.565683,0.0
2019-03-31,14,0,273,49.59,49.59,0.0,-49590.0,0.0
2019-03-31,14,0,274,407.94,407.94,0.0,-407940.0,0.0
2019-03-31,14,0,275,593.31,593.31,0.0,-593310.0,0.0
2019-03-31,14,0,276,11.1,11.1,0.0,-9976.772948,0.0
2019-03-31,14,0,277,13.55,13.55,0.0,-3526.164614,0.0
2019-03-31,14,0,278,21.67,21.67,0.0,-5639.261048,0.0
2019-03-31,14,0,279,243.18,243.18,0.0,-63283.594902,0.0
2019-03-31,14,0,281,35.98,35.98,0.0,-35980.0,0.0
2019-03-31,14,0,282,555.25,555.25,0.0,-555250.0,0.0
2019-03-31,15,0,9,4.71,4.71,0.0,-1899.750293,0.0
2019-03-31,15,0,17,17.43,17.43,0.0,57.757886,0.0
2019-03-31,15,0,19,192.99,192.99,0.0,639.512019,0.0
2019-03-31,15,0,20,234.06,234.06,0.0,775.605903,0.0
2019-03-31,15,0,21,107.6,107.6,0.0,-43399.815607,0.0
2019-03-31,15,0,22,382.39,382.39,0.0,-154234.716448,0.0
2019-03-31,15,0,23,32.64,32.64,0.0,-13165.148526,0.0
2019-03-31,15,0,24,57.75,57.75,0.0,-23293.116648,0.0
2019-03-31,15,0,29,8.24,8.24,0.0,43.014515,0.0
2019-03-31,15,0,30,978.06,978.06,0.0,-978060.0,0.0
2019-03-31,15,0,31,116.74,116.74,0.0,-116740.0,0.0
2019-03-31,15,0,32,8.45,8.45,0.0,288.478049,0.0
2019-03-31,15,0,33,2.17,2.17,0.0,21.796593,0.0
2019-03-31,15,0,34,3.48,3.48,0.0,34.954905,0.0
2019-03-31,15,0,35,3.48,3.48,0.0,34.954905,0.0
2019-03-31,15,0,36,15.4,15.4,0.0,-103.697162,0.0
2019-03-31,15,0,37,7.2,7.2,0.0,-48.830375,0.0
2019-03-31,15,0,38,9.26,9.26,0.0,-62.801288,0.0
2019-03-31,15,0,39,6.17,6.17,0.0,-41.844919,0.0
2019-03-31,15,0,40,6.17,6.17,0.0,-41.844919,0.0
2019-03-31,15,0,41,22.28,22.28,0.0,-592.565432,0.0
2019-03-31,15,0,42,30.11,30.11,0.0,55.845089,0.0
2019-03-31,15,0,43,45.61,45.61,0.0,-239.768625,0.0
2019-03-31,15,0,46,40.32,40.32,0.0,-348.556875,0.0
2019-03-31,15,0,52,123.75,123.75,0.0,-123750.0,0.0
2019-03-31,15,0,53,196.59,196.59,0.0,-196590.0,0.0
2019-03-31,15,0,55,603.91,603.91,0.0,-243583.481812,0.0
2019-03-31,15,0,56,288.49,288.49,0.0,-288490.0,0.0
2019-03-31,15,0,57,274.42,274.42,0.0,-274420.0,0.0
2019-03-31,15,0,58,527.73,527.73,0.0,-527730.0,0.0
2019-03-31,15,0,59,518.94,518.94,0.0,-518940.0,0.0
2019-03-31,15,0,63,40.18,40.18,0.0,4373.472292,0.0
2019-03-31,15,0,64,47.27,47.27,0.0,5145.197493,0.0
2019-03-31,15,0,65,41.4,41.4,0.0,125.966876,0.0
2019-03-31,15,0,67,411.11,411.11,0.0,-227477.560495,0.0
2019-03-31,15,0,68,34.0,34.0,0.0,-13853.764318,0.0
2019-03-31,15,0,69,2.17,2.17,0.0,21.796593,0.0
2019-03-31,15,0,74,34.3,34.3,0.0,-168.12915,0.0
2019-03-31,15,0,77,60.0,60.0,0.0,-17078.05343,0.0
2019-03-31,15,0,78,45.36,45.36,0.0,-12911.008393,0.0
2019-03-31,15,0,79,26.25,26.25,0.0,-7471.648376,0.0
2019-03-31,15,0,80,42.45,42.45,0.0,-12082.722802,0.0
2019-03-31,15,0,81,55.5,55.5,0.0,-15797.199423,0.0
2019-03-31,15,0,82,39.15,39.15,0.0,-11143.429863,0.0
2019-03-31,15,0,83,87.3,87.3,0.0,-24848.567741,0.0
2019-03-31,15,0,84,0.0,0.0,0.0,-0.0,0.0
2019-03-31,15,0,86,11.01,11.01,0.0,110.590087,0.0
2019-03-31,15,0,87,56.19,56.19,0.0,564.40118,0.0
2019-03-31,15,0,88,51.18,51.18,0.0,-14567.579576,0.0
2019-03-31,15,0,89,49.2,49.2,0.0,-14004.003813,0.0
2019-03-31,15,0,90,66.06,66.06,0.0,-18802.936826,0.0
2019-03-31,15,0,91,235.65,235.65,0.0,-67074.054846,0.0
2019-03-31,15,0,92,84.75,84.75,0.0,-24122.75047,0.0
2019-03-31,15,0,95,114.63,114.63,0.0,2913.17168,0.0
2019-03-31,15,0,96,29.88,29.88,0.0,525.800878,0.0
2019-03-31,15,0,97,183.75,183.75,0.0,3233.464233,0.0
2019-03-31,15,0,99,6.62,6.62,0.0,-32.449416,0.0
2019-03-31,15,0,101,19.7,19.7,0.0,-19700.0,0.0
2019-03-31,15,0,102,80.5,80.5,0.0,-32800.824341,0.0
2019-03-31,15,0,103,70.0,70.0,0.0,-28522.455949,0.0
2019-03-31,15,0,104,13.0,13.0,0.0,-5297.027533,0.0
2019-03-31,15,0,106,376.43,376.43,0.0,-151830.786141,0.0
2019-03-31,15,0,109,60.0,60.0,0.0,-717.152032,0.0
2019-03-31,15,0,110,31.09,31.09,0.0,-31090.0,0.0
2019-03-31,15,0,111,25.24,25.24,0.0,-671.290462,0.0
2019-03-31,15,0,113,45.0,45.0,0.0,-11677.98341,0.0
2019-03-31,15,0,115,45.0,45.0,0.0,-11677.98341,0.0
2019-03-31,15,0,116,198.54,198.54,0.0,-198540.0,0.0
2019-03-31,15,0,117,3.0,3.0,0.0,-778.532227,0.0
2019-03-31,15,0,119,47.27,47.27,0.0,5145.197493,0.0
2019-03-31,15,0,120,27.79,27.79,0.0,3024.858014,0.0
2019-03-31,15,0,123,6.27,6.27,0.0,-2528.96695,0.0
2019-03-31,15,0,125,52.26,52.26,0.0,-21078.758026,0.0
2019-03-31,15,0,126,282.32,282.32,0.0,-113872.081246,0.0
2019-03-31,15,0,127,362.31,362.31,0.0,-146135.568703,0.0
2019-03-31,15,0,128,74.85,74.85,0.0,-30190.299239,0.0
2019-03-31,15,0,131,73.62,73.62,0.0,-27129.596239,0.0
2019-03-31,15,0,132,108.35,108.35,0.0,-39927.896666,0.0
2019-03-31,15,0,133,41.94,41.94,0.0,140.047741,0.0
2019-03-31,15,0,134,0.0,0.0,0.0,0.0,0.0
2019-03-31,15,0,135,56.2,56.2,0.0,187.665309,0.0
2019-03-31,15,0,136,45.9,45.9,0.0,138.975988,0.0
2019-03-31,15,0,139,28.97,28.97,0.0,-770.494639,0.0
2019-03-31,15,0,140,23.01,23.01,0.0,-23010.0,0.0
2019-03-31,15,0,141,184.16,184.16,0.0,-101900.385641,0.0
2019-03-31,15,0,142,542.16,542.16,0.0,-299990.839916,0.0
2019-03-31,15,0,143,196.12,196.12,0.0,-196120.0,0.0
2019-03-31,15,0,145,30.0,30.0,0.0,-652.626637,0.0
2019-03-31,15,0,146,36.4,36.4,0.0,-36400.0,0.0
2019-03-31,15,0,152,9.8,9.8,0.0,-40.999291,0.0
2019-03-31,15,0,153,12.84,12.84,0.0,-58.015272,0.0
2019-03-31,15,0,154,104.11,104.11,0.0,-2768.940176,0.0
2019-03-31,15,0,157,31.56,31.56,0.0,-17462.946193,0.0
2019-03-31,15,0,158,462.86,462.86,0.0,-256112.144318,0.0
2019-03-31,15,0,159,0.0,0.0,0.0,-0.0,0.0
2019-03-31,15,0,160,3.57,3.57,0.0,-2.232838,0.0
2019-03-31,15,0,161,85.51,85.51,0.0,-34842.21726,0.0
2019-03-31,15,0,162,143.47,143.47,0.0,3765.189148,0.0
2019-03-31,15,0,163,106.55,106.55,0.0,-106550.0,0.0
2019-03-31,15,0,164,33.61,33.61,0.0,-33610.0,0.0
2019-03-31,15,0,167,9.69,9.69,0.0,221.068603,0.0
2019-03-31,15,0,168,4.84,4.84,0.0,110.420231,0.0
2019-03-31,15,0,169,0.0,0.0,0.0,0.0,0.0
2019-03-31,15,0,170,10.6,10.6,0.0,241.829432,0.0
2019-03-31,15,0,172,12.64,12.64,0.0,87.572913,0.0
2019-03-31,15,0,173,19.27,19.27,0.0,133.507122,0.0
2019-03-31,15,0,188,17.24,17.24,0.0,302.881502,0.0
2019-03-31,15,0,190,16.07,16.07,0.0,521.110843,0.0
2019-03-31,15,0,191,41.5,41.5,0.0,1345.74362,0.0
2019-03-31,15,0,192,114.12,114.12,0.0,3700.632818,0.0
2019-03-31,15,0,194,52.95,52.95,0.0,-6750.965754,0.0
2019-03-31,15,0,196,10.69,10.69,0.0,2809.613313,0.0
2019-03-31,15,0,198,14.27,14.27,0.0,94.81047,0.0
2019-03-31,15,0,199,130.0,130.0,0.0,-2236.089949,0.0
2019-03-31,15,0,200,28.92,28.92,0.0,-497.44401,0.0
2019-03-31,15,0,204,257.1,257.1,0.0,-3249.892356,0.0
2019-03-31,15,0,205,317.4,317.4,0.0,-3793.734251,0.0
2019-03-31,15,0,206,539.94,539.94,0.0,9501.369675,0.0
2019-03-31,15,0,210,2.65,2.65,0.0,18.169194,0.0
2019-03-31,15,0,214,15.4,15.4,0.0,215.845579,0.0
2019-03-31,15,0,217,10.05,10.05,0.0,110.096054,0.0
2019-03-31,15,0,218,13.87,13.87,0.0,151.943509,0.0
2019-03-31,15,0,219,9.44,9.44,0.0,103.413607,0.0
2019-03-31,15,0,221,8.21,8.21,0.0,115.070922,0.0
2019-03-31,15,0,225,7.62,7.62,0.0,38.574009,0.0
2019-03-31,15,0,233,6.23,6.23,0.0,62.577315,0.0
2019-03-31,15,0,236,59.85,59.85,0.0,-20.702392,0.0
2019-03-31,15,0,237,82.28,82.28,0.0,-403.313891,0.0
2019-03-31,15,0,238,39.19,39.19,0.0,72.685786,0.0
2019-03-31,15,0,240,17.45,17.45,0.0,-117.501006,0.0
2019-03-31,15,0,245,78.0,78.0,0.0,336.20749,0.0
2019-03-31,15,0,247,171.72,171.72,0.0,740.17372,0.0
2019-03-31,15,0,248,8.26,8.26,0.0,-40.488244,0.0
2019-03-31,15,0,249,150.0,150.0,0.0,646.552865,0.0
2019-03-31,15,0,251,326.4,326.4,0.0,847.888079,0.0
2019-03-31,15,0,252,267.06,267.06,0.0,812.577628,0.0
2019-03-31,15,0,254,24.47,24.47,0.0,-100.197973,0.0
2019-03-31,15,0,255,11.21,11.21,0.0,-45.901891,0.0
2019-03-31,15,0,258,21.31,21.31,0.0,-138.410385,0.0
2019-03-31,15,0,260,8.67,8.67,0.0,-5.422608,0.0
2019-03-31,15,0,265,107.79,107.79,0.0,-2866.814538,0.0
2019-03-31,15,0,266,18.53,18.53,0.0,-492.829329,0.0
2019-03-31,15,0,267,22.91,22.91,0.0,-609.321097,0.0
2019-03-31,15,0,270,347.78,347.78,0.0,-347780.0,0.0
2019-03-31,15,0,272,150.39,150.39,0.0,-39027.820556,0.0
2019-03-31,15,0,273,47.48,47.48,0.0,-47480.0,0.0
2019-03-31,15,0,274,458.07,458.07,0.0,-458070.0,0.0
2019-03-31,15,0,275,657.49,657.49,0.0,-657490.0,0.0
2019-03-31,15,0,276,10.74,10.74,0.0,-9668.867215,0.0
2019-03-31,15,0,277,13.02,13.02,0.0,-3509.972633,0.0
2019-03-31,15,0,278,20.83,20.83,0.0,-5615.417047,0.0
2019-03-31,15,0,279,264.6,264.6,0.0,-71331.701904,0.0
2019-03-31,15,0,281,52.39,52.39,0.0,-52390.0,0.0
2019-03-31,15,0,282,536.53,536.53,0.0,-536530.0,0.0
2019-03-31,16,0,9,4.22,4.22,0.0,-1694.652323,0.0
2019-03-31,16,0,17,13.05,13.05,0.0,50.642642,0.0
2019-03-31,16,0,19,332.0,332.0,0.0,1288.379866,0.0
2019-03-31,16,0,20,419.03,419.03,0.0,1626.113901,0.0
2019-03-31,16,0,21,96.57,96.57,0.0,-38780.231003,0.0
2019-03-31,16,0,22,343.21,343.21,0.0,-137825.029331,0.0
2019-03-31,16,0,23,32.64,32.64,0.0,-13107.453039,0.0
2019-03-31,16,0,24,57.75,57.75,0.0,-23191.035937,0.0
2019-03-31,16,0,29,6.95,6.95,0.0,36.280447,0.0
2019-03-31,16,0,30,844.7,844.7,0.0,-844700.0,0.0
2019-03-31,16,0,31,125.0,125.0,0.0,-125000.0,0.0
2019-03-31,16,0,32,7.42,7.42,0.0,155.847873,0.0
2019-03-31,16,0,33,1.88,1.88,0.0,19.167698,0.0
2019-03-31,16,0,34,3.0,3.0,0.0,30.586753,0.0
2019-03-31,16,0,35,3.0,3.0,0.0,30.586753,0.0
2019-03-31,16,0,36,13.98,13.98,0.0,-77.203455,0.0
2019-03-31,16,0,37,6.61,6.61,0.0,-36.766083,0.0
2019-03-31,16,0,38,8.49,8.49,0.0,-47.223002,0.0
2019-03-31,16,0,39,5.66,5.66,0.0,-31.482001,0.0
2019-03-31,16,0,40,5.66,5.66,0.0,-31.482001,0.0
2019-03-31,16,0,41,32.8,32.8,0.0,-803.359672,0.0
2019-03-31,16,0,42,28.72,28.72,0.0,72.139141,0.0
2019-03-31,16,0,43,42.44,42.44,0.0,-176.01805,0.0
2019-03-31,16,0,46,36.85,36.85,0.0,-267.846079,0.0
2019-03-31,16,0,52,132.5,132.5,0.0,-132500.0,0.0
2019-03-31,16,0,53,210.5,210.5,0.0,-210500.0,0.0
2019-03-31,16,0,55,623.0,623.0,0.0,-250182.084652,0.0
2019-03-31,16,0,56,249.16,249.16,0.0,-249160.0,0.0
2019-03-31,16,0,57,237.0,237.0,0.0,-237000.0,0.0
2019-03-31,16,0,58,455.77,455.77,0.0,-455770.0,0.0
2019-03-31,16,0,59,448.18,448.18,0.0,-448180.0,0.0
2019-03-31,16,0,63,40.24,40.24,0.0,1199.487544,0.0
2019-03-31,16,0,64,47.35,47.35,0.0,1411.424831,0.0
2019-03-31,16,0,65,41.4,41.4,0.0,150.132184,0.0
2019-03-31,16,0,67,303.53,303.53,0.0,-8189.243897,0.0
2019-03-31,16,0,68,34.0,34.0,0.0,-409.135814,0.0
2019-03-31,16,0,69,1.88,1.88,0.0,19.167698,0.0
2019-03-31,16,0,74,19.46,19.46,0.0,-74.827807,0.0
2019-03-31,16,0,77,60.0,60.0,0.0,102.56732,0.0
2019-03-31,16,0,78,45.36,45.36,0.0,77.540894,0.0
2019-03-31,16,0,79,26.25,26.25,0.0,44.873203,0.0
2019-03-31,16,0,80,42.45,42.45,0.0,72.566379,0.0
2019-03-31,16,0,81,55.5,55.5,0.0,94.874771,0.0
2019-03-31,16,0,82,39.15,39.15,0.0,66.925176,0.0
2019-03-31,16,0,83,87.3,87.3,0.0,149.235451,0.0
2019-03-31,16,0,84,0.0,0.0,0.0,0.0,0.0
2019-03-31,16,0,86,9.51,9.51,0.0,96.960006,0.0
2019-03-31,16,0,87,48.53,48.53,0.0,494.791703,0.0
2019-03-31,16,0,88,51.18,51.18,0.0,87.489924,0.0
2019-03-31,16,0,89,49.2,49.2,0.0,84.105202,0.0
2019-03-31,16,0,90,66.06,66.06,0.0,112.926619,0.0
2019-03-31,16,0,91,235.65,235.65,0.0,402.833149,0.0
2019-03-31,16,0,92,84.75,84.75,0.0,144.87634,0.0
2019-03-31,16,0,95,105.85,105.85,0.0,2244.237372,0.0
2019-03-31,16,0,96,29.88,29.88,0.0,617.122058,0.0
2019-03-31,16,0,97,183.75,183.75,0.0,3795.052818,0.0
2019-03-31,16,0,99,4.27,4.27,0.0,-16.419051,0.0
2019-03-31,16,0,101,17.02,17.02,0.0,-17020.0,0.0
2019-03-31,16,0,102,80.5,80.5,0.0,-968.689206,0.0
2019-03-31,16,0,103,70.0,70.0,0.0,-842.33844,0.0
2019-03-31,16,0,104,13.0,13.0,0.0,-156.434282,0.0
2019-03-31,16,0,106,337.86,337.86,0.0,-135676.595699,0.0
2019-03-31,16,0,109,60.0,60.0,0.0,-619.223657,0.0
2019-03-31,16,0,110,28.27,28.27,0.0,-2056.678771,0.0
2019-03-31,16,0,111,23.44,23.44,0.0,-574.108253,0.0
2019-03-31,16,0,113,45.0,45.0,0.0,21.872773,0.0
2019-03-31,16,0,115,45.0,45.0,0.0,21.872773,0.0
2019-03-31,16,0,116,148.17,148.17,0.0,-10779.557606,0.0
2019-03-31,16,0,117,3.0,3.0,0.0,1.458185,0.0
2019-03-31,16,0,119,47.35,47.35,0.0,1411.424831,0.0
2019-03-31,16,0,120,27.84,27.84,0.0,829.864146,0.0
2019-03-31,16,0,123,5.63,5.63,0.0,-2260.875019,0.0
2019-03-31,16,0,125,52.26,52.26,0.0,-20986.381611,0.0
2019-03-31,16,0,126,253.39,253.39,0.0,-101755.438892,0.0
2019-03-31,16,0,127,325.19,325.19,0.0,-130588.622966,0.0
2019-03-31,16,0,128,74.85,74.85,0.0,-30057.992032,0.0
2019-03-31,16,0,131,30.0,30.0,0.0,-241.248825,0.0
2019-03-31,16,0,132,44.1,44.1,0.0,-354.635773,0.0
2019-03-31,16,0,133,50.5,50.5,0.0,197.183279,0.0
2019-03-31,16,0,134,0.0,0.0,0.0,0.0,0.0
2019-03-31,16,0,135,64.2,64.2,0.0,250.676565,0.0
2019-03-31,16,0,136,45.9,45.9,0.0,165.810158,0.0
2019-03-31,16,0,139,42.71,42.71,0.0,-1046.08206,0.0
2019-03-31,16,0,140,20.92,20.92,0.0,-1521.956841,0.0
2019-03-31,16,0,141,230.0,230.0,0.0,-6205.403408,0.0
2019-03-31,16,0,142,400.28,400.28,0.0,-10799.560331,0.0
2019-03-31,16,0,143,238.5,238.5,0.0,-238500.0,0.0
2019-03-31,16,0,145,30.0,30.0,0.0,-579.64062,0.0
2019-03-31,16,0,146,44.2,44.2,0.0,-3215.60671,0.0
2019-03-31,16,0,152,10.8,10.8,0.0,-33.936918,0.0
2019-03-31,16,0,153,13.03,13.03,0.0,-45.026767,0.0
2019-03-31,16,0,154,96.67,96.67,0.0,-2367.706691,0.0
2019-03-31,16,0,157,47.23,47.23,0.0,-1274.2661,0.0
2019-03-31,16,0,158,384.3,384.3,0.0,-10368.419694,0.0
2019-03-31,16,0,159,0.0,0.0,0.0,-0.0,0.0
2019-03-31,16,0,160,3.25,3.25,0.0,0.451832,0.0
2019-03-31,16,0,161,50.64,50.64,0.0,-609.371694,0.0
2019-03-31,16,0,162,137.35,137.35,0.0,2926.700596,0.0
2019-03-31,16,0,163,120.71,120.71,0.0,-8781.807374,0.0
2019-03-31,16,0,164,28.46,28.46,0.0,-28460.0,0.0
2019-03-31,16,0,167,8.26,8.26,0.0,173.173292,0.0
2019-03-31,16,0,168,4.13,4.13,0.0,86.586646,0.0
2019-03-31,16,0,169,0.0,0.0,0.0,0.0,0.0
2019-03-31,16,0,170,9.04,9.04,0.0,189.526218,0.0
2019-03-31,16,0,172,10.89,10.89,0.0,171.703559,0.0
2019-03-31,16,0,173,16.59,16.59,0.0,261.575945,0.0
2019-03-31,16,0,188,14.96,14.96,0.0,286.200848,0.0
2019-03-31,16,0,190,13.35,13.35,0.0,397.94132,0.0
2019-03-31,16,0,191,34.49,34.49,0.0,1028.089597,0.0
2019-03-31,16,0,192,108.96,108.96,0.0,3247.91657,0.0
2019-03-31,16,0,194,52.95,52.95,0.0,554.399867,0.0
2019-03-31,16,0,196,8.21,8.21,0.0,373.820497,0.0
2019-03-31,16,0,198,12.47,12.47,0.0,85.254235,0.0
2019-03-31,16,0,199,130.0,130.0,0.0,2741.851901,0.0
2019-03-31,16,0,200,26.91,26.91,0.0,567.563343,0.0
2019-03-31,16,0,204,257.1,257.1,0.0,-2815.18222,0.0
2019-03-31,16,0,205,317.4,317.4,0.0,-3275.693147,0.0
2019-03-31,16,0,206,539.94,539.94,0.0,11151.569081,0.0
2019-03-31,16,0,210,2.36,2.36,0.0,15.96495,0.0
2019-03-31,16,0,214,13.2,13.2,0.0,183.7569,0.0
2019-03-31,16,0,217,8.69,8.69,0.0,94.352448,0.0
2019-03-31,16,0,218,11.99,11.99,0.0,130.182491,0.0
2019-03-31,16,0,219,8.16,8.16,0.0,88.597926,0.0
2019-03-31,16,0,221,7.04,7.04,0.0,98.00368,0.0
2019-03-31,16,0,225,6.37,6.37,0.0,32.302534,0.0
2019-03-31,16,0,233,5.38,5.38,0.0,54.852243,0.0
2019-03-31,16,0,236,38.73,38.73,0.0,17.426823,0.0
2019-03-31,16,0,237,44.51,44.51,0.0,-171.150344,0.0
2019-03-31,16,0,238,37.38,37.38,0.0,93.891403,0.0
2019-03-31,16,0,240,15.84,15.84,0.0,-87.475159,0.0
2019-03-31,16,0,245,78.0,78.0,0.0,375.626787,0.0
2019-03-31,16,0,247,171.72,171.72,0.0,826.956819,0.0
2019-03-31,16,0,248,5.24,5.24,0.0,-20.148906,0.0
2019-03-31,16,0,249,150.0,150.0,0.0,722.359206,0.0
2019-03-31,16,0,251,326.4,326.4,0.0,1047.383039,0.0
2019-03-31,16,0,252,267.06,267.06,0.0,968.461379,0.0
2019-03-31,16,0,254,21.51,21.51,0.0,-66.074985,0.0
2019-03-31,16,0,255,9.86,9.86,0.0,-30.288208,0.0
2019-03-31,16,0,258,19.37,19.37,0.0,-102.667848,0.0
2019-03-31,16,0,260,7.89,7.89,0.0,1.096908,0.0
2019-03-31,16,0,265,100.09,100.09,0.0,-2451.471632,0.0
2019-03-31,16,0,266,27.23,27.23,0.0,-666.935484,0.0
2019-03-31,16,0,267,33.74,33.74,0.0,-826.382784,0.0
2019-03-31,16,0,270,326.26,326.26,0.0,-23735.833601,0.0
2019-03-31,16,0,272,150.39,150.39,0.0,73.098807,0.0
2019-03-31,16,0,273,35.43,35.43,0.0,-2577.577958,0.0
2019-03-31,16,0,274,407.16,407.16,0.0,-29621.412398,0.0
2019-03-31,16,0,275,545.85,545.85,0.0,-39711.287841,0.0
2019-03-31,16,0,276,6.64,6.64,0.0,-415.209326,0.0
2019-03-31,16,0,277,9.2,9.2,0.0,8.984167,0.0
2019-03-31,16,0,278,14.72,14.72,0.0,14.374667,0.0
2019-03-31,16,0,279,604.22,604.22,0.0,590.04494,0.0
2019-03-31,16,0,281,56.1,56.1,0.0,-56100.0,0.0
2019-03-31,16,0,282,463.37,463.37,0.0,-463370.0,0.0
2019-03-31,17,0,9,3.29,3.29,0.0,-1326.730229,0.0
2019-03-31,17,0,17,9.75,9.75,0.0,38.253079,0.0
2019-03-31,17,0,19,284.63,284.63,0.0,1116.715276,0.0
2019-03-31,17,0,20,342.76,342.76,0.0,1344.782096,0.0
2019-03-31,17,0,21,75.12,75.12,0.0,-30293.001463,0.0
2019-03-31,17,0,22,266.97,266.97,0.0,-107658.714065,0.0
2019-03-31,17,0,23,47.2,47.2,0.0,-19033.941281,0.0
2019-03-31,17,0,24,83.96,83.96,0.0,-33857.832839,0.0
2019-03-31,17,0,29,5.08,5.08,0.0,25.189001,0.0
2019-03-31,17,0,30,660.25,660.25,0.0,-660250.0,0.0
2019-03-31,17,0,31,125.0,125.0,0.0,-125000.0,0.0
2019-03-31,17,0,32,5.64,5.64,0.0,199.356443,0.0
2019-03-31,17,0,33,1.4,1.4,0.0,15.08654,0.0
2019-03-31,17,0,34,2.24,2.24,0.0,24.138465,0.0
2019-03-31,17,0,35,2.24,2.24,0.0,24.138465,0.0
2019-03-31,17,0,36,10.78,10.78,0.0,-68.49638,0.0
2019-03-31,17,0,37,5.09,5.09,0.0,-32.635101,0.0
2019-03-31,17,0,38,6.54,6.54,0.0,-41.931937,0.0
2019-03-31,17,0,39,4.36,4.36,0.0,-27.954625,0.0
2019-03-31,17,0,40,4.36,4.36,0.0,-27.954625,0.0
2019-03-31,17,0,41,15.83,15.83,0.0,-416.897402,0.0
2019-03-31,17,0,42,21.76,21.76,0.0,53.05014,0.0
2019-03-31,17,0,43,32.95,32.95,0.0,-161.246357,0.0
2019-03-31,17,0,46,28.36,28.36,0.0,-235.536543,0.0
2019-03-31,17,0,52,132.5,132.5,0.0,-132500.0,0.0
2019-03-31,17,0,53,210.5,210.5,0.0,-210500.0,0.0
2019-03-31,17,0,55,623.0,623.0,0.0,-251231.894455,0.0
2019-03-31,17,0,56,194.75,194.75,0.0,-194750.0,0.0
2019-03-31,17,0,57,185.25,185.25,0.0,-185250.0,0.0
2019-03-31,17,0,58,356.25,356.25,0.0,-356250.0,0.0
2019-03-31,17,0,59,350.32,350.32,0.0,-350320.0,0.0
2019-03-31,17,0,63,79.16,79.16,0.0,8693.630185,0.0
2019-03-31,17,0,64,93.11,93.11,0.0,10225.668349,0.0
2019-03-31,17,0,65,41.4,41.4,0.0,151.004716,0.0
2019-03-31,17,0,67,233.29,233.29,0.0,-128982.824277,0.0
2019-03-31,17,0,68,19.11,19.11,0.0,-7775.499639,0.0
2019-03-31,17,0,69,1.4,1.4,0.0,15.08654,0.0
2019-03-31,17,0,74,24.23,24.23,0.0,-107.330833,0.0
2019-03-31,17,0,77,60.0,60.0,0.0,-17035.06111,0.0
2019-03-31,17,0,78,45.36,45.36,0.0,-12878.5062,0.0
2019-03-31,17,0,79,26.25,26.25,0.0,-7452.839236,0.0
2019-03-31,17,0,80,42.45,42.45,0.0,-12052.305736,0.0
2019-03-31,17,0,81,55.5,55.5,0.0,-15757.431527,0.0
2019-03-31,17,0,82,39.15,39.15,0.0,-11115.377375,0.0
2019-03-31,17,0,83,87.3,87.3,0.0,-24786.013916,0.0
2019-03-31,17,0,84,0.0,0.0,0.0,-0.0,0.0
2019-03-31,17,0,86,7.1,7.1,0.0,76.510312,0.0
2019-03-31,17,0,87,36.25,36.25,0.0,390.633635,0.0
2019-03-31,17,0,88,51.18,51.18,0.0,-14530.907127,0.0
2019-03-31,17,0,89,49.2,49.2,0.0,-13968.750111,0.0
2019-03-31,17,0,90,66.06,66.06,0.0,-18755.602283,0.0
2019-03-31,17,0,91,235.65,235.65,0.0,-66905.202511,0.0
2019-03-31,17,0,92,84.75,84.75,0.0,-24062.023819,0.0
2019-03-31,17,0,95,97.93,97.93,0.0,2488.762999,0.0
2019-03-31,17,0,96,29.88,29.88,0.0,529.820691,0.0
2019-03-31,17,0,97,183.75,183.75,0.0,3258.184468,0.0
2019-03-31,17,0,99,4.93,4.93,0.0,-21.838259,0.0
2019-03-31,17,0,101,13.3,13.3,0.0,-13300.0,0.0
2019-03-31,17,0,102,45.19,45.19,0.0,-18386.961207,0.0
2019-03-31,17,0,103,39.3,39.3,0.0,-15990.430968,0.0
2019-03-31,17,0,104,7.33,7.33,0.0,-2982.43916,0.0
2019-03-31,17,0,106,262.81,262.81,0.0,-105981.146359,0.0
2019-03-31,17,0,109,60.0,60.0,0.0,-697.676622,0.0
2019-03-31,17,0,110,54.62,54.62,0.0,-54620.0,0.0
2019-03-31,17,0,111,18.44,18.44,0.0,-485.634119,0.0
2019-03-31,17,0,113,45.0,45.0,0.0,-11646.59882,0.0
2019-03-31,17,0,115,45.0,45.0,0.0,-11646.59882,0.0
2019-03-31,17,0,116,113.36,113.36,0.0,-113360.0,0.0
2019-03-31,17,0,117,3.0,3.0,0.0,-776.439921,0.0
2019-03-31,17,0,119,93.11,93.11,0.0,10225.668349,0.0
2019-03-31,17,0,120,54.8,54.8,0.0,6018.329132,0.0
2019-03-31,17,0,123,4.38,4.38,0.0,-1766.285229,0.0
2019-03-31,17,0,125,75.89,75.89,0.0,-30603.512793,0.0
2019-03-31,17,0,126,197.11,197.11,0.0,-79486.867923,0.0
2019-03-31,17,0,127,252.96,252.96,0.0,-102009.020901,0.0
2019-03-31,17,0,128,109.23,109.23,0.0,-44048.250131,0.0
2019-03-31,17,0,131,30.0,30.0,0.0,-11036.632569,0.0
2019-03-31,17,0,132,44.1,44.1,0.0,-16223.849876,0.0
2019-03-31,17,0,133,111.85,111.85,0.0,441.739283,0.0
2019-03-31,17,0,134,0.0,0.0,0.0,0.0,0.0
2019-03-31,17,0,135,146.43,146.43,0.0,578.309192,0.0
2019-03-31,17,0,136,45.9,45.9,0.0,166.722964,0.0
2019-03-31,17,0,139,20.45,20.45,0.0,-538.569291,0.0
2019-03-31,17,0,140,40.43,40.43,0.0,-40430.0,0.0
2019-03-31,17,0,141,230.0,230.0,0.0,-127163.828641,0.0
2019-03-31,17,0,142,307.65,307.65,0.0,-170095.442963,0.0
2019-03-31,17,0,143,238.5,238.5,0.0,-238500.0,0.0
2019-03-31,17,0,145,30.0,30.0,0.0,-646.539088,0.0
2019-03-31,17,0,146,69.71,69.71,0.0,-69710.0,0.0
2019-03-31,17,0,152,8.24,8.24,0.0,-30.624352,0.0
2019-03-31,17,0,153,9.97,9.97,0.0,-40.456063,0.0
2019-03-31,17,0,154,76.07,76.07,0.0,-2003.372419,0.0
2019-03-31,17,0,157,65.22,65.22,0.0,-36059.238713,0.0
2019-03-31,17,0,158,310.49,310.49,0.0,-171665.639803,0.0
2019-03-31,17,0,159,0.0,0.0,0.0,-0.0,0.0
2019-03-31,17,0,160,2.49,2.49,0.0,-0.66146,0.0
2019-03-31,17,0,161,38.8,38.8,0.0,-15786.99037,0.0
2019-03-31,17,0,162,130.78,130.78,0.0,3432.156591,0.0
2019-03-31,17,0,163,164.68,164.68,0.0,-164680.0,0.0
2019-03-31,17,0,164,22.14,22.14,0.0,-22140.0,0.0
2019-03-31,17,0,167,6.34,6.34,0.0,144.35496,0.0
2019-03-31,17,0,168,3.17,3.17,0.0,72.17748,0.0
2019-03-31,17,0,169,0.0,0.0,0.0,0.0,0.0
2019-03-31,17,0,170,6.94,6.94,0.0,158.016312,0.0
2019-03-31,17,0,172,8.38,8.38,0.0,64.559329,0.0
2019-03-31,17,0,173,12.77,12.77,0.0,98.379788,0.0
2019-03-31,17,0,188,11.57,11.57,0.0,213.773312,0.0
2019-03-31,17,0,190,10.23,10.23,0.0,331.733909,0.0
2019-03-31,17,0,191,26.43,26.43,0.0,857.060335,0.0
2019-03-31,17,0,192,137.15,137.15,0.0,4447.439459,0.0
2019-03-31,17,0,194,52.95,52.95,0.0,-6709.329107,0.0
2019-03-31,17,0,196,6.28,6.28,0.0,1657.710956,0.0
2019-03-31,17,0,198,9.57,9.57,0.0,66.416026,0.0
2019-03-31,17,0,199,130.0,130.0,0.0,-2197.479434,0.0
2019-03-31,17,0,200,20.57,20.57,0.0,-347.708861,0.0
2019-03-31,17,0,204,257.1,257.1,0.0,-3169.79827,0.0
2019-03-31,17,0,205,317.4,317.4,0.0,-3690.70933,0.0
2019-03-31,17,0,206,539.94,539.94,0.0,9574.008824,0.0
2019-03-31,17,0,210,1.77,1.77,0.0,11.764258,0.0
2019-03-31,17,0,214,9.97,9.97,0.0,147.754032,0.0
2019-03-31,17,0,217,6.49,6.49,0.0,73.443074,0.0
2019-03-31,17,0,218,8.95,8.95,0.0,101.281281,0.0
2019-03-31,17,0,219,6.1,6.1,0.0,69.0297,0.0
2019-03-31,17,0,221,5.32,5.32,0.0,78.84167,0.0
2019-03-31,17,0,225,4.73,4.73,0.0,22.682472,0.0
2019-03-31,17,0,233,4.02,4.02,0.0,43.319923,0.0
2019-03-31,17,0,236,42.43,42.43,0.0,8.30715,0.0
2019-03-31,17,0,237,59.87,59.87,0.0,-265.204168,0.0
2019-03-31,17,0,238,28.33,28.33,0.0,69.067576,0.0
2019-03-31,17,0,240,12.22,12.22,0.0,-77.646175,0.0
2019-03-31,17,0,245,78.0,78.0,0.0,385.171,0.0
2019-03-31,17,0,247,150.53,150.53,0.0,743.330649,0.0
2019-03-31,17,0,248,6.09,6.09,0.0,-26.976672,0.0
2019-03-31,17,0,249,150.0,150.0,0.0,740.713461,0.0
2019-03-31,17,0,251,326.4,326.4,0.0,1042.657419,0.0
2019-03-31,17,0,252,267.06,267.06,0.0,974.089843,0.0
2019-03-31,17,0,254,16.48,16.48,0.0,-61.508855,0.0
2019-03-31,17,0,255,7.56,7.56,0.0,-28.216441,0.0
2019-03-31,17,0,258,15.0,15.0,0.0,-91.77247,0.0
2019-03-31,17,0,260,6.05,6.05,0.0,-1.607162,0.0
2019-03-31,17,0,265,78.76,78.76,0.0,-2074.216007,0.0
2019-03-31,17,0,266,13.24,13.24,0.0,-348.687404,0.0
2019-03-31,17,0,267,16.27,16.27,0.0,-428.485201,0.0
2019-03-31,17,0,270,514.3,514.3,0.0,-514300.0,0.0
2019-03-31,17,0,272,150.39,150.39,0.0,-38922.933255,0.0
2019-03-31,17,0,273,27.11,27.11,0.0,-27110.0,0.0
2019-03-31,17,0,274,663.0,663.0,0.0,-663000.0,0.0
2019-03-31,17,0,275,922.9,922.9,0.0,-922900.0,0.0
2019-03-31,17,0,276,5.01,5.01,0.0,-4509.846333,0.0
2019-03-31,17,0,277,7.03,7.03,0.0,-1890.212744,0.0
2019-03-31,17,0,278,11.25,11.25,0.0,-3024.878146,0.0
2019-03-31,17,0,279,264.6,264.6,0.0,-71145.133988,0.0
2019-03-31,17,0,281,56.1,56.1,0.0,-56100.0,0.0
2019-03-31,17,0,282,362.19,362.19,0.0,-362190.0,0.0
2019-03-31,18,0,9,2.08,2.08,0.0,-35.052441,0.0
2019-03-31,18,0,17,6.11,6.11,0.0,50.056587,0.0
2019-03-31,18,0,19,332.94,332.94,0.0,2727.633415,0.0
2019-03-31,18,0,20,405.43,405.43,0.0,3321.512631,0.0
2019-03-31,18,0,21,47.55,47.55,0.0,-801.319024,0.0
2019-03-31,18,0,22,169.0,169.0,0.0,-2848.010833,0.0
2019-03-31,18,0,23,94.93,94.93,0.0,-1599.773185,0.0
2019-03-31,18,0,24,168.46,168.46,0.0,-2838.91068,0.0
2019-03-31,18,0,29,3.21,3.21,0.0,16.182542,0.0
2019-03-31,18,0,30,431.63,431.63,0.0,-7339.088067,0.0
2019-03-31,18,0,31,92.34,92.34,0.0,-1570.074814,0.0
2019-03-31,18,0,32,3.62,3.62,0.0,137.150507,0.0
2019-03-31,18,0,33,0.88,0.88,0.0,11.44517,0.0
2019-03-31,18,0,34,1.41,1.41,0.0,18.338284,0.0
2019-03-31,18,0,35,1.41,1.41,0.0,18.338284,0.0
2019-03-31,18,0,36,6.89,6.89,0.0,2.806554,0.0
2019-03-31,18,0,37,3.17,3.17,0.0,0.808677,0.0
2019-03-31,18,0,38,4.07,4.07,0.0,1.03827,0.0
2019-03-31,18,0,39,2.71,2.71,0.0,0.69133,0.0
2019-03-31,18,0,40,2.71,2.71,0.0,0.69133,0.0
2019-03-31,18,0,41,19.04,19.04,0.0,-169.245644,0.0
2019-03-31,18,0,42,13.02,13.02,0.0,93.082728,0.0
2019-03-31,18,0,43,20.5,20.5,0.0,24.634793,0.0
2019-03-31,18,0,46,18.27,18.27,0.0,-25.858922,0.0
2019-03-31,18,0,52,97.89,97.89,0.0,-1664.442534,0.0
2019-03-31,18,0,53,155.55,155.55,0.0,-2644.846625,0.0
2019-03-31,18,0,55,460.54,460.54,0.0,-7761.082301,0.0
2019-03-31,18,0,56,127.32,127.32,0.0,-2164.846495,0.0
2019-03-31,18,0,57,121.11,121.11,0.0,-2059.256669,0.0
2019-03-31,18,0,58,232.9,232.9,0.0,-3960.043581,0.0
2019-03-31,18,0,59,229.01,229.01,0.0,-3893.901161,0.0
2019-03-31,18,0,63,151.78,151.78,0.0,16823.639042,0.0
2019-03-31,18,0,64,178.56,178.56,0.0,19791.994909,0.0
2019-03-31,18,0,65,36.79,36.79,0.0,294.274068,0.0
2019-03-31,18,0,67,150.84,150.84,0.0,-83646.904997,0.0
2019-03-31,18,0,68,10.2,10.2,0.0,-4172.573487,0.0
2019-03-31,18,0,69,0.88,0.88,0.0,11.44517,0.0
2019-03-31,18,0,74,24.83,24.83,0.0,63.748604,0.0
2019-03-31,18,0,77,60.0,60.0,0.0,-17219.759396,0.0
2019-03-31,18,0,78,45.36,45.36,0.0,-13018.138103,0.0
2019-03-31,18,0,79,26.25,26.25,0.0,-7533.644736,0.0
2019-03-31,18,0,80,42.45,42.45,0.0,-12182.979772,0.0
2019-03-31,18,0,81,55.5,55.5,0.0,-15928.277441,0.0
2019-03-31,18,0,82,39.15,39.15,0.0,-11235.893006,0.0
2019-03-31,18,0,83,87.3,87.3,0.0,-25054.749921,0.0
2019-03-31,18,0,84,0.0,0.0,0.0,-0.0,0.0
2019-03-31,18,0,86,4.47,4.47,0.0,58.136263,0.0
2019-03-31,18,0,87,22.8,22.8,0.0,296.533958,0.0
2019-03-31,18,0,88,51.18,51.18,0.0,-14688.454765,0.0
2019-03-31,18,0,89,49.2,49.2,0.0,-14120.202704,0.0
2019-03-31,18,0,90,66.06,66.06,0.0,-18958.955095,0.0
2019-03-31,18,0,91,235.65,235.65,0.0,-67630.605026,0.0
2019-03-31,18,0,92,84.75,84.75,0.0,-24322.910146,0.0
2019-03-31,18,0,95,91.0,91.0,0.0,2312.646103,0.0
2019-03-31,18,0,96,29.88,29.88,0.0,-512.772555,0.0
2019-03-31,18,0,97,183.75,183.75,0.0,-3153.345282,0.0
2019-03-31,18,0,99,4.79,4.79,0.0,12.297858,0.0
2019-03-31,18,0,101,8.69,8.69,0.0,-147.757745,0.0
2019-03-31,18,0,102,24.15,24.15,0.0,-9879.181345,0.0
2019-03-31,18,0,103,21.0,21.0,0.0,-8590.592474,0.0
2019-03-31,18,0,104,3.9,3.9,0.0,-1595.395745,0.0
2019-03-31,18,0,106,166.37,166.37,0.0,-2803.689717,0.0
2019-03-31,18,0,109,60.0,60.0,0.0,-231.808429,0.0
2019-03-31,18,0,110,96.51,96.51,0.0,-96510.0,0.0
2019-03-31,18,0,111,12.33,12.33,0.0,-109.600777,0.0
2019-03-31,18,0,113,45.0,45.0,0.0,-11725.947822,0.0
2019-03-31,18,0,115,45.0,45.0,0.0,-11725.947822,0.0
2019-03-31,18,0,116,72.27,72.27,0.0,-72270.0,0.0
2019-03-31,18,0,117,3.0,3.0,0.0,-781.729855,0.0
2019-03-31,18,0,119,178.56,178.56,0.0,19791.994909,0.0
2019-03-31,18,0,120,104.99,104.99,0.0,11637.329444,0.0
2019-03-31,18,0,123,2.77,2.77,0.0,-46.680414,0.0
2019-03-31,18,0,125,152.35,152.35,0.0,-2567.422783,0.0
2019-03-31,18,0,126,124.78,124.78,0.0,-2102.809418,0.0
2019-03-31,18,0,127,160.13,160.13,0.0,-2698.532394,0.0
2019-03-31,18,0,128,218.77,218.77,0.0,-3686.741597,0.0
2019-03-31,18,0,131,30.0,30.0,0.0,-11106.800142,0.0
2019-03-31,18,0,132,44.1,44.1,0.0,-16326.996209,0.0
2019-03-31,18,0,133,139.8,139.8,0.0,1147.873739,0.0
2019-03-31,18,0,134,0.0,0.0,0.0,0.0,0.0
2019-03-31,18,0,135,187.33,187.33,0.0,1538.134389,0.0
2019-03-31,18,0,136,45.9,45.9,0.0,366.654314,0.0
2019-03-31,18,0,139,24.59,24.59,0.0,-218.579327,0.0
2019-03-31,18,0,140,71.43,71.43,0.0,-71430.0,0.0
2019-03-31,18,0,141,230.0,230.0,0.0,-127544.339361,0.0
2019-03-31,18,0,142,198.92,198.92,0.0,-110309.21733,0.0
2019-03-31,18,0,143,176.17,176.17,0.0,-2995.452459,0.0
2019-03-31,18,0,145,30.0,30.0,0.0,-363.724639,0.0
2019-03-31,18,0,146,104.09,104.09,0.0,-104090.0,0.0
2019-03-31,18,0,152,5.19,5.19,0.0,13.897341,0.0
2019-03-31,18,0,153,6.27,6.27,0.0,15.225612,0.0
2019-03-31,18,0,154,50.86,50.86,0.0,-452.092094,0.0
2019-03-31,18,0,157,87.37,87.37,0.0,-48450.212739,0.0
2019-03-31,18,0,158,204.49,204.49,0.0,-113398.008504,0.0
2019-03-31,18,0,159,0.0,0.0,0.0,0.0,0.0
2019-03-31,18,0,160,1.58,1.58,0.0,6.813853,0.0
2019-03-31,18,0,161,24.96,24.96,0.0,-10210.532769,0.0
2019-03-31,18,0,162,126.07,126.07,0.0,3306.264337,0.0
2019-03-31,18,0,163,181.32,181.32,0.0,-181320.0,0.0
2019-03-31,18,0,164,14.76,14.76,0.0,-250.967124,0.0
2019-03-31,18,0,167,4.11,4.11,0.0,93.273438,0.0
2019-03-31,18,0,168,2.06,2.06,0.0,46.75019,0.0
2019-03-31,18,0,169,0.0,0.0,0.0,0.0,0.0
2019-03-31,18,0,170,4.5,4.5,0.0,102.124202,0.0
2019-03-31,18,0,172,5.37,5.37,0.0,60.405595,0.0
2019-03-31,18,0,173,8.18,8.18,0.0,92.014482,0.0
2019-03-31,18,0,188,7.43,7.43,0.0,154.166594,0.0
2019-03-31,18,0,190,6.41,6.41,0.0,207.860641,0.0
2019-03-31,18,0,191,16.55,16.55,0.0,536.67607,0.0
2019-03-31,18,0,192,174.93,174.93,0.0,5672.552567,0.0
2019-03-31,18,0,194,98.98,98.98,0.0,-12634.717472,0.0
2019-03-31,18,0,196,4.01,4.01,0.0,1060.139201,0.0
2019-03-31,18,0,198,6.16,6.16,0.0,55.325361,0.0
2019-03-31,18,0,199,130.0,130.0,0.0,-3585.252372,0.0
2019-03-31,18,0,200,12.96,12.96,0.0,-357.422083,0.0
2019-03-31,18,0,204,257.1,257.1,0.0,-1157.492354,0.0
2019-03-31,18,0,205,317.4,317.4,0.0,-1226.26659,0.0
2019-03-31,18,0,206,539.94,539.94,0.0,-9265.944228,0.0
2019-03-31,18,0,210,1.12,1.12,0.0,6.905667,0.0
2019-03-31,18,0,214,6.35,6.35,0.0,100.678839,0.0
2019-03-31,18,0,217,4.09,4.09,0.0,48.105804,0.0
2019-03-31,18,0,218,5.65,5.65,0.0,66.454228,0.0
2019-03-31,18,0,219,3.85,3.85,0.0,45.28297,0.0
2019-03-31,18,0,221,3.39,3.39,0.0,53.74823,0.0
2019-03-31,18,0,225,2.99,2.99,0.0,14.74876,0.0
2019-03-31,18,0,233,2.53,2.53,0.0,32.904865,0.0
2019-03-31,18,0,236,52.25,52.25,0.0,289.309484,0.0
2019-03-31,18,0,237,59.57,59.57,0.0,152.940167,0.0
2019-03-31,18,0,238,16.94,16.94,0.0,121.107636,0.0
2019-03-31,18,0,240,7.81,7.81,0.0,3.181304,0.0
2019-03-31,18,0,245,78.0,78.0,0.0,694.612279,0.0
2019-03-31,18,0,247,122.52,122.52,0.0,1091.075595,0.0
2019-03-31,18,0,248,5.98,5.98,0.0,15.353067,0.0
2019-03-31,18,0,249,150.0,150.0,0.0,1335.792844,0.0
2019-03-31,18,0,251,273.76,273.76,0.0,2102.624055,0.0
2019-03-31,18,0,252,237.31,237.31,0.0,1898.183722,0.0
2019-03-31,18,0,254,10.68,10.68,0.0,21.171223,0.0
2019-03-31,18,0,255,4.9,4.9,0.0,9.713389,0.0
2019-03-31,18,0,258,9.72,9.72,0.0,5.206352,0.0
2019-03-31,18,0,260,3.84,3.84,0.0,16.560251,0.0
2019-03-31,18,0,265,52.66,52.66,0.0,-468.092207,0.0
2019-03-31,18,0,266,15.92,15.92,0.0,-141.512114,0.0
2019-03-31,18,0,267,19.57,19.57,0.0,-173.956789,0.0
2019-03-31,18,0,270,566.25,566.25,0.0,-566250.0,0.0
2019-03-31,18,0,272,150.39,150.39,0.0,-39188.11762,0.0
2019-03-31,18,0,273,17.28,17.28,0.0,-17280.0,0.0
2019-03-31,18,0,274,729.96,729.96,0.0,-729960.0,0.0
2019-03-31,18,0,275,1016.12,1016.12,0.0,-1016120.0,0.0
2019-03-31,18,0,276,3.2,3.2,0.0,-2881.722624,0.0
2019-03-31,18,0,277,4.51,4.51,0.0,-1222.970254,0.0
2019-03-31,18,0,278,7.22,7.22,0.0,-1957.837081,0.0
2019-03-31,18,0,279,264.6,264.6,0.0,-71751.20381,0.0
2019-03-31,18,0,281,41.41,41.41,0.0,-704.10221,0.0
2019-03-31,18,0,282,236.78,236.78,0.0,-4026.015969,0.0
2019-03-31,19,0,9,0.84,0.84,0.0,5.184654,0.0
2019-03-31,19,0,17,3.73,3.73,0.0,30.713417,0.0
2019-03-31,19,0,19,615.51,615.51,0.0,5068.20779,0.0
2019-03-31,19,0,20,748.14,748.14,0.0,6160.304424,0.0
2019-03-31,19,0,21,19.19,19.19,0.0,118.444659,0.0
2019-03-31,19,0,22,68.19,68.19,0.0,420.88282,0.0
2019-03-31,19,0,23,108.8,108.8,0.0,671.536161,0.0
2019-03-31,19,0,24,192.5,192.5,0.0,1188.149918,0.0
2019-03-31,19,0,29,0.84,0.84,0.0,7.540276,0.0
2019-03-31,19,0,30,157.62,157.62,0.0,970.802317,0.0
2019-03-31,19,0,31,37.5,37.5,0.0,230.967434,0.0
2019-03-31,19,0,32,0.85,0.85,0.0,30.631505,0.0
2019-03-31,19,0,33,0.42,0.42,0.0,3.610781,0.0
2019-03-31,19,0,34,0.68,0.68,0.0,5.846026,0.0
2019-03-31,19,0,35,0.68,0.68,0.0,5.846026,0.0
2019-03-31,19,0,36,2.36,2.36,0.0,18.133431,0.0
2019-03-31,19,0,37,1.07,1.07,0.0,8.21554,0.0
2019-03-31,19,0,38,1.38,1.38,0.0,10.595743,0.0
2019-03-31,19,0,39,0.92,0.92,0.0,7.063828,0.0
2019-03-31,19,0,40,0.92,0.92,0.0,7.063828,0.0
2019-03-31,19,0,41,23.4,23.4,0.0,160.366857,0.0
2019-03-31,19,0,42,7.33,7.33,0.0,59.779727,0.0
2019-03-31,19,0,43,6.93,6.93,0.0,53.941858,0.0
2019-03-31,19,0,46,6.03,6.03,0.0,45.463461,0.0
2019-03-31,19,0,52,39.75,39.75,0.0,244.82548,0.0
2019-03-31,19,0,53,63.15,63.15,0.0,388.949158,0.0
2019-03-31,19,0,55,186.9,186.9,0.0,1153.585557,0.0
2019-03-31,19,0,56,46.49,46.49,0.0,286.338026,0.0
2019-03-31,19,0,57,44.23,44.23,0.0,272.418389,0.0
2019-03-31,19,0,58,85.05,85.05,0.0,523.834139,0.0
2019-03-31,19,0,59,83.63,83.63,0.0,515.088173,0.0
2019-03-31,19,0,63,167.87,167.87,0.0,18736.988898,0.0
2019-03-31,19,0,64,197.49,197.49,0.0,22043.056755,0.0
2019-03-31,19,0,65,27.52,27.52,0.0,226.201897,0.0
2019-03-31,19,0,67,90.29,90.29,0.0,-50373.204395,0.0
2019-03-31,19,0,68,12.55,12.55,0.0,-5189.905791,0.0
2019-03-31,19,0,69,0.42,0.42,0.0,3.610781,0.0
2019-03-31,19,0,74,39.33,39.33,0.0,306.955712,0.0
2019-03-31,19,0,77,60.0,60.0,0.0,-17595.711215,0.0
2019-03-31,19,0,78,45.36,45.36,0.0,-13302.357679,0.0
2019-03-31,19,0,79,26.25,26.25,0.0,-7698.123657,0.0
2019-03-31,19,0,80,42.45,42.45,0.0,-12448.965685,0.0
2019-03-31,19,0,81,55.5,55.5,0.0,-16276.032874,0.0
2019-03-31,19,0,82,39.15,39.15,0.0,-11481.201568,0.0
2019-03-31,19,0,83,87.3,87.3,0.0,-25601.759818,0.0
2019-03-31,19,0,84,0.0,0.0,0.0,0.0,0.0
2019-03-31,19,0,86,2.15,2.15,0.0,18.483758,0.0
2019-03-31,19,0,87,10.99,10.99,0.0,94.482093,0.0
2019-03-31,19,0,88,51.18,51.18,0.0,-15009.141667,0.0
2019-03-31,19,0,89,49.2,49.2,0.0,-14428.483196,0.0
2019-03-31,19,0,90,66.06,66.06,0.0,-19372.878048,0.0
2019-03-31,19,0,91,235.65,235.65,0.0,-69107.155798,0.0
2019-03-31,19,0,92,84.75,84.75,0.0,-24853.942091,0.0
2019-03-31,19,0,95,85.29,85.29,0.0,3339.373259,0.0
2019-03-31,19,0,96,29.88,29.88,0.0,183.626526,0.0
2019-03-31,19,0,97,183.75,183.75,0.0,1129.229389,0.0
2019-03-31,19,0,99,7.59,7.59,0.0,59.237067,0.0
2019-03-31,19,0,101,3.18,3.18,0.0,19.586038,0.0
2019-03-31,19,0,102,35.91,35.91,0.0,-14850.160712,0.0
2019-03-31,19,0,103,30.13,30.13,0.0,-12459.909281,0.0
2019-03-31,19,0,104,4.3,4.3,0.0,-1778.214733,0.0
2019-03-31,19,0,106,67.12,67.12,0.0,414.278558,0.0
2019-03-31,19,0,109,60.0,60.0,0.0,438.179896,0.0
2019-03-31,19,0,110,157.03,157.03,0.0,-157030.0,0.0
2019-03-31,19,0,111,4.7,4.7,0.0,32.210437,0.0
2019-03-31,19,0,113,45.0,45.0,0.0,-11886.616771,0.0
2019-03-31,19,0,115,45.0,45.0,0.0,-11886.616771,0.0
2019-03-31,19,0,116,26.98,26.98,0.0,-26980.0,0.0
2019-03-31,19,0,117,3.0,3.0,0.0,-792.441118,0.0
2019-03-31,19,0,119,197.49,197.49,0.0,22043.056755,0.0
2019-03-31,19,0,120,116.13,116.13,0.0,12961.973674,0.0
2019-03-31,19,0,123,1.12,1.12,0.0,6.912872,0.0
2019-03-31,19,0,125,174.2,174.2,0.0,1075.198523,0.0
2019-03-31,19,0,126,50.34,50.34,0.0,310.708919,0.0
2019-03-31,19,0,127,64.61,64.61,0.0,398.786318,0.0
2019-03-31,19,0,128,249.5,249.5,0.0,1539.965738,0.0
2019-03-31,19,0,131,30.0,30.0,0.0,-11249.475788,0.0
2019-03-31,19,0,132,44.1,44.1,0.0,-16536.729408,0.0
2019-03-31,19,0,133,135.62,135.62,0.0,1116.903505,0.0
2019-03-31,19,0,134,0.0,0.0,0.0,0.0,0.0
2019-03-31,19,0,135,183.78,183.78,0.0,1513.526959,0.0
2019-03-31,19,0,136,43.43,43.43,0.0,356.940026,0.0
2019-03-31,19,0,139,30.21,30.21,0.0,207.037724,0.0
2019-03-31,19,0,140,116.22,116.22,0.0,-116220.0,0.0
2019-03-31,19,0,141,230.0,230.0,0.0,-128318.053061,0.0
2019-03-31,19,0,142,119.07,119.07,0.0,-66429.698165,0.0
2019-03-31,19,0,143,71.55,71.55,0.0,440.685863,0.0
2019-03-31,19,0,145,30.0,30.0,0.0,197.511517,0.0
2019-03-31,19,0,146,148.43,148.43,0.0,-148430.0,0.0
2019-03-31,19,0,152,1.68,1.68,0.0,13.140343,0.0
2019-03-31,19,0,153,2.09,2.09,0.0,16.308362,0.0
2019-03-31,19,0,154,19.4,19.4,0.0,132.953719,0.0
2019-03-31,19,0,157,114.27,114.27,0.0,-63751.756188,0.0
2019-03-31,19,0,158,95.0,95.0,0.0,-53000.93496,0.0
2019-03-31,19,0,159,0.0,0.0,0.0,0.0,0.0
2019-03-31,19,0,160,0.52,0.52,0.0,4.216812,0.0
2019-03-31,19,0,161,15.0,15.0,0.0,-6203.07465,0.0
2019-03-31,19,0,162,122.98,122.98,0.0,4913.316927,0.0
2019-03-31,19,0,163,185.4,185.4,0.0,-185400.0,0.0
2019-03-31,19,0,164,6.21,6.21,0.0,38.248207,0.0
2019-03-31,19,0,167,1.01,1.01,0.0,37.384131,0.0
2019-03-31,19,0,168,0.5,0.5,0.0,18.506996,0.0
2019-03-31,19,0,169,0.0,0.0,0.0,0.0,0.0
2019-03-31,19,0,170,1.1,1.1,0.0,40.71539,0.0
2019-03-31,19,0,172,1.28,1.28,0.0,21.965891,0.0
2019-03-31,19,0,173,1.96,1.96,0.0,33.63527,0.0
2019-03-31,19,0,188,1.78,1.78,0.0,41.033365,0.0
2019-03-31,19,0,190,2.23,2.23,0.0,72.313452,0.0
2019-03-31,19,0,191,5.76,5.76,0.0,186.782729,0.0
2019-03-31,19,0,192,223.34,223.34,0.0,7242.370607,0.0
2019-03-31,19,0,194,176.5,176.5,0.0,-22860.707875,0.0
2019-03-31,19,0,196,1.05,1.05,0.0,276.963227,0.0
2019-03-31,19,0,198,2.05,2.05,0.0,17.758016,0.0
2019-03-31,19,0,199,130.0,130.0,0.0,-3846.13742,0.0
2019-03-31,19,0,200,3.48,3.48,0.0,-102.95814,0.0
2019-03-31,19,0,204,257.1,257.1,0.0,1864.344364,0.0
2019-03-31,19,0,205,317.4,317.4,0.0,2317.971651,0.0
2019-03-31,19,0,206,539.94,539.94,0.0,3318.182946,0.0
2019-03-31,19,0,210,0.32,0.32,0.0,2.896101,0.0
2019-03-31,19,0,214,1.8,1.8,0.0,15.861113,0.0
2019-03-31,19,0,217,1.12,1.12,0.0,9.989785,0.0
2019-03-31,19,0,218,1.54,1.54,0.0,13.735954,0.0
2019-03-31,19,0,219,1.05,1.05,0.0,9.365423,0.0
2019-03-31,19,0,221,0.96,0.96,0.0,8.45926,0.0
2019-03-31,19,0,225,0.82,0.82,0.0,7.354902,0.0
2019-03-31,19,0,233,1.22,1.22,0.0,10.488458,0.0
2019-03-31,19,0,236,69.31,69.31,0.0,556.888846,0.0
2019-03-31,19,0,237,94.36,94.36,0.0,736.443961,0.0
2019-03-31,19,0,238,9.54,9.54,0.0,77.803355,0.0
2019-03-31,19,0,240,2.68,2.68,0.0,20.592202,0.0
2019-03-31,19,0,245,78.0,78.0,0.0,646.456269,0.0
2019-03-31,19,0,247,99.31,99.31,0.0,823.071436,0.0
2019-03-31,19,0,248,9.47,9.47,0.0,73.909753,0.0
2019-03-31,19,0,249,150.0,150.0,0.0,1243.185132,0.0
2019-03-31,19,0,251,217.53,217.53,0.0,1782.778317,0.0
2019-03-31,19,0,252,177.5,177.5,0.0,1458.969359,0.0
2019-03-31,19,0,254,3.41,3.41,0.0,26.821291,0.0
2019-03-31,19,0,255,1.56,1.56,0.0,12.270151,0.0
2019-03-31,19,0,258,3.33,3.33,0.0,25.640448,0.0
2019-03-31,19,0,260,1.26,1.26,0.0,10.21766,0.0
2019-03-31,19,0,265,20.08,20.08,0.0,137.613952,0.0
2019-03-31,19,0,266,19.56,19.56,0.0,134.050244,0.0
2019-03-31,19,0,267,24.04,24.04,0.0,164.752959,0.0
2019-03-31,19,0,270,579.0,579.0,0.0,-579000.0,0.0
2019-03-31,19,0,272,150.39,150.39,0.0,-39725.073249,0.0
2019-03-31,19,0,273,6.45,6.45,0.0,-6450.0,0.0
2019-03-31,19,0,274,746.4,746.4,0.0,-746400.0,0.0
2019-03-31,19,0,275,1039.0,1039.0,0.0,-1039000.0,0.0
2019-03-31,19,0,276,1.22,1.22,0.0,-1099.573098,0.0
2019-03-31,19,0,277,1.58,1.58,0.0,-435.795028,0.0
2019-03-31,19,0,278,2.52,2.52,0.0,-695.065488,0.0
2019-03-31,19,0,279,264.6,264.6,0.0,-72981.876275,0.0
2019-03-31,19,0,281,16.83,16.83,0.0,103.658184,0.0
2019-03-31,19,0,282,86.47,86.47,0.0,532.580106,0.0
2019-03-31,20,0,9,0.0,0.0,0.0,0.0,0.0
2019-03-31,20,0,17,0.0,0.0,0.0,0.0,0.0
2019-03-31,20,0,19,643.3,643.3,0.0,6694.766491,0.0
2019-03-31,20,0,20,780.2,780.2,0.0,8119.472745,0.0
2019-03-31,20,0,21,0.04,0.04,0.0,0.436606,0.0
2019-03-31,20,0,22,0.15,0.15,0.0,1.637271,0.0
2019-03-31,20,0,23,108.8,108.8,0.0,1187.567375,0.0
2019-03-31,20,0,24,192.5,192.5,0.0,2101.164703,0.0
2019-03-31,20,0,29,0.0,0.0,0.0,0.0,0.0
2019-03-31,20,0,30,9.11,9.11,0.0,99.179895,0.0
2019-03-31,20,0,31,37.5,37.5,0.0,408.259721,0.0
2019-03-31,20,0,32,0.0,0.0,0.0,0.0,0.0
2019-03-31,20,0,33,0.0,0.0,0.0,0.0,0.0
2019-03-31,20,0,34,0.0,0.0,0.0,0.0,0.0
2019-03-31,20,0,35,0.0,0.0,0.0,0.0,0.0
2019-03-31,20,0,36,0.0,0.0,0.0,0.0,0.0
2019-03-31,20,0,37,0.0,0.0,0.0,0.0,0.0
2019-03-31,20,0,38,0.0,0.0,0.0,0.0,0.0
2019-03-31,20,0,39,0.0,0.0,0.0,0.0,0.0
2019-03-31,20,0,40,0.0,0.0,0.0,0.0,0.0
2019-03-31,20,0,41,27.02,27.02,0.0,335.736656,0.0
2019-03-31,20,0,42,0.0,0.0,0.0,0.0,0.0
2019-03-31,20,0,43,0.0,0.0,0.0,0.0,0.0
2019-03-31,20,0,46,0.0,0.0,0.0,0.0,0.0
2019-03-31,20,0,52,39.75,39.75,0.0,432.755304,0.0
2019-03-31,20,0,53,63.15,63.15,0.0,687.50937,0.0
2019-03-31,20,0,55,186.9,186.9,0.0,2040.039912,0.0
2019-03-31,20,0,56,2.69,2.69,0.0,29.285831,0.0
2019-03-31,20,0,57,2.55,2.55,0.0,27.761661,0.0
2019-03-31,20,0,58,4.91,4.91,0.0,53.454806,0.0
2019-03-31,20,0,59,4.83,4.83,0.0,52.583852,0.0
2019-03-31,20,0,63,106.06,106.06,0.0,2802.88891,0.0
2019-03-31,20,0,64,124.78,124.78,0.0,3297.609638,0.0
2019-03-31,20,0,65,18.34,18.34,0.0,240.004409,0.0
2019-03-31,20,0,67,2.73,2.73,0.0,-13.103683,0.0
2019-03-31,20,0,68,8.15,8.15,0.0,17.940857,0.0
2019-03-31,20,0,69,0.0,0.0,0.0,0.0,0.0
2019-03-31,20,0,74,23.33,23.33,0.0,342.398614,0.0
2019-03-31,20,0,77,77.23,77.23,0.0,634.184002,0.0
2019-03-31,20,0,78,58.64,58.64,0.0,481.529844,0.0
2019-03-31,20,0,79,34.13,34.13,0.0,280.262851,0.0
2019-03-31,20,0,80,54.92,54.92,0.0,450.982589,0.0
2019-03-31,20,0,81,71.53,71.53,0.0,587.377724,0.0
2019-03-31,20,0,82,50.7,50.7,0.0,416.329521,0.0
2019-03-31,20,0,83,111.51,111.51,0.0,915.678597,0.0
2019-03-31,20,0,84,0.0,0.0,0.0,0.0,0.0
2019-03-31,20,0,86,0.0,0.0,0.0,0.0,0.0
2019-03-31,20,0,87,0.0,0.0,0.0,0.0,0.0
2019-03-31,20,0,88,82.94,82.94,0.0,681.072395,0.0
2019-03-31,20,0,89,79.74,79.74,0.0,654.795187,0.0
2019-03-31,20,0,90,106.98,106.98,0.0,878.479924,0.0
2019-03-31,20,0,91,380.89,380.89,0.0,3127.726847,0.0
2019-03-31,20,0,92,137.17,137.17,0.0,1126.388962,0.0
2019-03-31,20,0,95,60.37,60.37,0.0,1381.880016,0.0
2019-03-31,20,0,96,26.33,26.33,0.0,285.876342,0.0
2019-03-31,20,0,97,190.09,190.09,0.0,2063.890387,0.0
2019-03-31,20,0,99,4.5,4.5,0.0,66.043453,0.0
2019-03-31,20,0,101,0.18,0.18,0.0,1.959647,0.0
2019-03-31,20,0,102,19.29,19.29,0.0,42.463698,0.0
2019-03-31,20,0,103,16.78,16.78,0.0,36.938354,0.0
2019-03-31,20,0,104,3.12,3.12,0.0,6.868156,0.0
2019-03-31,20,0,106,0.15,0.15,0.0,1.637271,0.0
2019-03-31,20,0,109,45.84,45.84,0.0,610.738461,0.0
2019-03-31,20,0,110,103.8,103.8,0.0,-2723.694817,0.0
2019-03-31,20,0,111,0.0,0.0,0.0,0.0,0.0
2019-03-31,20,0,113,35.39,35.39,0.0,319.966356,0.0
2019-03-31,20,0,115,35.39,35.39,0.0,319.966356,0.0
2019-03-31,20,0,116,0.0,0.0,0.0,-0.0,0.0
2019-03-31,20,0,117,2.36,2.36,0.0,21.337118,0.0
2019-03-31,20,0,119,124.78,124.78,0.0,3297.609638,0.0
2019-03-31,20,0,120,73.37,73.37,0.0,1938.977554,0.0
2019-03-31,20,0,123,0.0,0.0,0.0,0.0,0.0
2019-03-31,20,0,125,174.2,174.2,0.0,1901.417617,0.0
2019-03-31,20,0,126,0.11,0.11,0.0,1.200666,0.0
2019-03-31,20,0,127,0.14,0.14,0.0,1.52812,0.0
2019-03-31,20,0,128,249.5,249.5,0.0,2723.327758,0.0
2019-03-31,20,0,131,26.87,26.87,0.0,109.391569,0.0
2019-03-31,20,0,132,39.5,39.5,0.0,160.810085,0.0
2019-03-31,20,0,133,77.6,77.6,0.0,1263.128876,0.0
2019-03-31,20,0,134,0.0,0.0,0.0,0.0,0.0
2019-03-31,20,0,135,103.41,103.41,0.0,1683.249447,0.0
2019-03-31,20,0,136,30.65,30.65,0.0,405.606435,0.0
2019-03-31,20,0,139,36.17,36.17,0.0,449.429862,0.0
2019-03-31,20,0,140,76.82,76.82,0.0,-2015.744083,0.0
2019-03-31,20,0,141,230.0,230.0,0.0,-1103.973329,0.0
2019-03-31,20,0,142,3.6,3.6,0.0,-17.279583,0.0
2019-03-31,20,0,143,71.55,71.55,0.0,778.959547,0.0
2019-03-31,20,0,145,23.5,23.5,0.0,277.111923,0.0
2019-03-31,20,0,146,107.64,107.64,0.0,-2824.455781,0.0
2019-03-31,20,0,152,0.0,0.0,0.0,0.0,0.0
2019-03-31,20,0,153,0.0,0.0,0.0,0.0,0.0
2019-03-31,20,0,154,0.0,0.0,0.0,0.0,0.0
2019-03-31,20,0,157,99.05,99.05,0.0,-475.428514,0.0
2019-03-31,20,0,158,10.84,10.84,0.0,-52.030743,0.0
2019-03-31,20,0,159,0.0,0.0,0.0,0.0,0.0
2019-03-31,20,0,160,0.0,0.0,0.0,0.0,0.0
2019-03-31,20,0,161,0.0,0.0,0.0,0.0,0.0
2019-03-31,20,0,162,82.44,82.44,0.0,1890.318961,0.0
2019-03-31,20,0,163,119.98,119.98,0.0,-3148.255339,0.0
2019-03-31,20,0,164,0.72,0.72,0.0,7.838587,0.0
2019-03-31,20,0,167,0.0,0.0,0.0,0.0,0.0
2019-03-31,20,0,168,0.0,0.0,0.0,0.0,0.0
2019-03-31,20,0,169,0.0,0.0,0.0,0.0,0.0
2019-03-31,20,0,170,0.0,0.0,0.0,0.0,0.0
2019-03-31,20,0,172,0.0,0.0,0.0,0.0,0.0
2019-03-31,20,0,173,0.0,0.0,0.0,0.0,0.0
2019-03-31,20,0,188,0.0,0.0,0.0,0.0,0.0
2019-03-31,20,0,190,0.0,0.0,0.0,0.0,0.0
2019-03-31,20,0,191,0.0,0.0,0.0,0.0,0.0
2019-03-31,20,0,192,121.04,121.04,0.0,3198.771202,0.0
2019-03-31,20,0,194,132.86,132.86,0.0,1996.42317,0.0
2019-03-31,20,0,196,0.0,0.0,0.0,0.0,0.0
2019-03-31,20,0,198,0.0,0.0,0.0,0.0,0.0
2019-03-31,20,0,199,86.55,86.55,0.0,1368.725417,0.0
2019-03-31,20,0,200,0.0,0.0,0.0,0.0,0.0
2019-03-31,20,0,204,336.67,336.67,0.0,4441.856687,0.0
2019-03-31,20,0,205,242.48,242.48,0.0,3230.625262,0.0
2019-03-31,20,0,206,720.1,720.1,0.0,7818.441096,0.0
2019-03-31,20,0,210,0.0,0.0,0.0,0.0,0.0
2019-03-31,20,0,214,0.0,0.0,0.0,0.0,0.0
2019-03-31,20,0,217,0.0,0.0,0.0,0.0,0.0
2019-03-31,20,0,218,0.0,0.0,0.0,0.0,0.0
2019-03-31,20,0,219,0.0,0.0,0.0,0.0,0.0
2019-03-31,20,0,221,0.0,0.0,0.0,0.0,0.0
2019-03-31,20,0,225,0.0,0.0,0.0,0.0,0.0
2019-03-31,20,0,233,0.0,0.0,0.0,0.0,0.0
2019-03-31,20,0,236,38.64,38.64,0.0,591.633067,0.0
2019-03-31,20,0,237,55.97,55.97,0.0,821.433794,0.0
2019-03-31,20,0,238,0.0,0.0,0.0,0.0,0.0
2019-03-31,20,0,240,0.0,0.0,0.0,0.0,0.0
2019-03-31,20,0,245,113.43,113.43,0.0,1759.555464,0.0
2019-03-31,20,0,247,49.43,49.43,0.0,766.77093,0.0
2019-03-31,20,0,248,5.62,5.62,0.0,82.480935,0.0
2019-03-31,20,0,249,218.04,218.04,0.0,3382.292809,0.0
2019-03-31,20,0,251,134.92,134.92,0.0,1874.164064,0.0
2019-03-31,20,0,252,118.28,118.28,0.0,1547.858317,0.0
2019-03-31,20,0,254,0.0,0.0,0.0,0.0,0.0
2019-03-31,20,0,255,0.0,0.0,0.0,0.0,0.0
2019-03-31,20,0,258,0.0,0.0,0.0,0.0,0.0
2019-03-31,20,0,260,0.0,0.0,0.0,0.0,0.0
2019-03-31,20,0,265,0.0,0.0,0.0,0.0,0.0
2019-03-31,20,0,266,22.04,22.04,0.0,273.857732,0.0
2019-03-31,20,0,267,27.87,27.87,0.0,346.29832,0.0
2019-03-31,20,0,270,374.68,374.68,0.0,-9831.541176,0.0
2019-03-31,20,0,272,118.27,118.27,0.0,1069.297004,0.0
2019-03-31,20,0,273,0.0,0.0,0.0,-0.0,0.0
2019-03-31,20,0,274,483.01,483.01,0.0,-12674.102443,0.0
2019-03-31,20,0,275,672.35,672.35,0.0,-17642.3527,0.0
2019-03-31,20,0,276,0.0,0.0,0.0,-0.0,0.0
2019-03-31,20,0,277,0.0,0.0,0.0,0.0,0.0
2019-03-31,20,0,278,0.0,0.0,0.0,0.0,0.0
2019-03-31,20,0,279,516.52,516.52,0.0,4498.156814,0.0
2019-03-31,20,0,281,16.83,16.83,0.0,183.226963,0.0
2019-03-31,20,0,282,5.0,5.0,0.0,54.434629,0.0
2019-03-31,21,0,9,0.0,0.0,0.0,0.0,0.0
2019-03-31,21,0,17,0.0,0.0,0.0,0.0,0.0
2019-03-31,21,0,19,472.93,472.93,0.0,7115.801987,0.0
2019-03-31,21,0,20,573.57,573.57,0.0,8630.052113,0.0
2019-03-31,21,0,21,0.0,0.0,0.0,0.0,0.0
2019-03-31,21,0,22,0.0,0.0,0.0,0.0,0.0
2019-03-31,21,0,23,66.04,66.04,0.0,1282.73665,0.0
2019-03-31,21,0,24,116.84,116.84,0.0,2269.45715,0.0
2019-03-31,21,0,29,0.0,0.0,0.0,0.0,0.0
2019-03-31,21,0,30,0.0,0.0,0.0,0.0,0.0
2019-03-31,21,0,31,37.5,37.5,0.0,727.898381,0.0
2019-03-31,21,0,32,0.0,0.0,0.0,0.0,0.0
2019-03-31,21,0,33,0.0,0.0,0.0,0.0,0.0
2019-03-31,21,0,34,0.0,0.0,0.0,0.0,0.0
2019-03-31,21,0,35,0.0,0.0,0.0,0.0,0.0
2019-03-31,21,0,36,0.0,0.0,0.0,0.0,0.0
2019-03-31,21,0,37,0.0,0.0,0.0,0.0,0.0
2019-03-31,21,0,38,0.0,0.0,0.0,0.0,0.0
2019-03-31,21,0,39,0.0,0.0,0.0,0.0,0.0
2019-03-31,21,0,40,0.0,0.0,0.0,0.0,0.0
2019-03-31,21,0,41,33.12,33.12,0.0,668.612124,0.0
2019-03-31,21,0,42,0.0,0.0,0.0,0.0,0.0
2019-03-31,21,0,43,0.0,0.0,0.0,0.0,0.0
2019-03-31,21,0,46,0.0,0.0,0.0,0.0,0.0
2019-03-31,21,0,52,39.75,39.75,0.0,771.572284,0.0
2019-03-31,21,0,53,63.15,63.15,0.0,1225.780874,0.0
2019-03-31,21,0,55,186.9,186.9,0.0,3630.2768,0.0
2019-03-31,21,0,56,0.0,0.0,0.0,0.0,0.0
2019-03-31,21,0,57,0.0,0.0,0.0,0.0,0.0
2019-03-31,21,0,58,0.0,0.0,0.0,0.0,0.0
2019-03-31,21,0,59,0.0,0.0,0.0,0.0,0.0
2019-03-31,21,0,63,62.15,62.15,0.0,1096.707966,0.0
2019-03-31,21,0,64,73.12,73.12,0.0,1290.286186,0.0
2019-03-31,21,0,65,12.42,12.42,0.0,232.913888,0.0
2019-03-31,21,0,67,0.0,0.0,0.0,0.0,0.0
2019-03-31,21,0,68,3.55,3.55,0.0,64.077674,0.0
2019-03-31,21,0,69,0.0,0.0,0.0,0.0,0.0
2019-03-31,21,0,74,13.72,13.72,0.0,295.739521,0.0
2019-03-31,21,0,77,74.03,74.03,0.0,1346.750349,0.0
2019-03-31,21,0,78,56.07,56.07,0.0,1020.022856,0.0
2019-03-31,21,0,79,32.53,32.53,0.0,591.784261,0.0
2019-03-31,21,0,80,52.49,52.49,0.0,954.895661,0.0
2019-03-31,21,0,81,68.52,68.52,0.0,1246.512683,0.0
2019-03-31,21,0,82,48.43,48.43,0.0,881.036328,0.0
2019-03-31,21,0,83,107.32,107.32,0.0,1952.360495,0.0
2019-03-31,21,0,84,0.0,0.0,0.0,0.0,0.0
2019-03-31,21,0,86,0.0,0.0,0.0,0.0,0.0
2019-03-31,21,0,87,0.0,0.0,0.0,0.0,0.0
2019-03-31,21,0,88,73.78,73.78,0.0,1342.20236,0.0
2019-03-31,21,0,89,70.93,70.93,0.0,1290.355291,0.0
2019-03-31,21,0,90,95.24,95.24,0.0,1732.601691,0.0
2019-03-31,21,0,91,339.73,339.73,0.0,6180.352505,0.0
2019-03-31,21,0,92,122.18,122.18,0.0,2222.69293,0.0
2019-03-31,21,0,95,41.09,41.09,0.0,722.240791,0.0
2019-03-31,21,0,96,11.71,11.71,0.0,227.139203,0.0
2019-03-31,21,0,97,72.03,72.03,0.0,1397.167959,0.0
2019-03-31,21,0,99,2.65,2.65,0.0,57.1217,0.0
2019-03-31,21,0,101,0.0,0.0,0.0,0.0,0.0
2019-03-31,21,0,102,8.4,8.4,0.0,151.620412,0.0
2019-03-31,21,0,103,7.3,7.3,0.0,131.765358,0.0
2019-03-31,21,0,104,1.36,1.36,0.0,24.548067,0.0
2019-03-31,21,0,106,0.0,0.0,0.0,0.0,0.0
2019-03-31,21,0,109,33.8,33.8,0.0,692.249982,0.0
2019-03-31,21,0,110,67.99,67.99,0.0,1207.560923,0.0
2019-03-31,21,0,111,0.0,0.0,0.0,0.0,0.0
2019-03-31,21,0,113,35.09,35.09,0.0,629.340864,0.0
2019-03-31,21,0,115,35.09,35.09,0.0,629.340864,0.0
2019-03-31,21,0,116,0.0,0.0,0.0,0.0,0.0
2019-03-31,21,0,117,2.36,2.36,0.0,42.326715,0.0
2019-03-31,21,0,119,73.12,73.12,0.0,1290.286186,0.0
2019-03-31,21,0,120,42.99,42.99,0.0,758.607811,0.0
2019-03-31,21,0,123,0.0,0.0,0.0,0.0,0.0
2019-03-31,21,0,125,105.73,105.73,0.0,2053.6606,0.0
2019-03-31,21,0,126,0.0,0.0,0.0,0.0,0.0
2019-03-31,21,0,127,0.0,0.0,0.0,0.0,0.0
2019-03-31,21,0,128,151.44,151.44,0.0,2941.514813,0.0
2019-03-31,21,0,131,12.04,12.04,0.0,217.551496,0.0
2019-03-31,21,0,132,17.7,17.7,0.0,319.822382,0.0
2019-03-31,21,0,133,42.34,42.34,0.0,978.905801,0.0
2019-03-31,21,0,134,0.0,0.0,0.0,0.0,0.0
2019-03-31,21,0,135,55.05,55.05,0.0,1272.762502,0.0
2019-03-31,21,0,136,21.22,21.22,0.0,402.259769,0.0
2019-03-31,21,0,139,43.63,43.63,0.0,880.783423,0.0
2019-03-31,21,0,140,50.32,50.32,0.0,893.726514,0.0
2019-03-31,21,0,141,160.01,160.01,0.0,2876.797555,0.0
2019-03-31,21,0,142,0.0,0.0,0.0,0.0,0.0
2019-03-31,21,0,143,71.55,71.55,0.0,1388.830111,0.0
2019-03-31,21,0,145,12.92,12.92,0.0,255.937837,0.0
2019-03-31,21,0,146,77.51,77.51,0.0,1376.644318,0.0
2019-03-31,21,0,152,0.0,0.0,0.0,0.0,0.0
2019-03-31,21,0,153,0.0,0.0,0.0,0.0,0.0
2019-03-31,21,0,154,0.0,0.0,0.0,0.0,0.0
2019-03-31,21,0,157,85.68,85.68,0.0,1540.428814,0.0
2019-03-31,21,0,158,0.0,0.0,0.0,0.0,0.0
2019-03-31,21,0,159,0.0,0.0,0.0,0.0,0.0
2019-03-31,21,0,160,0.0,0.0,0.0,0.0,0.0
2019-03-31,21,0,161,0.0,0.0,0.0,0.0,0.0
2019-03-31,21,0,162,52.54,52.54,0.0,923.559363,0.0
2019-03-31,21,0,163,62.83,62.83,0.0,1115.914882,0.0
2019-03-31,21,0,164,0.0,0.0,0.0,0.0,0.0
2019-03-31,21,0,167,0.0,0.0,0.0,0.0,0.0
2019-03-31,21,0,168,0.0,0.0,0.0,0.0,0.0
2019-03-31,21,0,169,0.0,0.0,0.0,0.0,0.0
2019-03-31,21,0,170,0.0,0.0,0.0,0.0,0.0
2019-03-31,21,0,172,0.0,0.0,0.0,0.0,0.0
2019-03-31,21,0,173,0.0,0.0,0.0,0.0,0.0
2019-03-31,21,0,188,0.0,0.0,0.0,0.0,0.0
2019-03-31,21,0,190,0.0,0.0,0.0,0.0,0.0
2019-03-31,21,0,191,0.0,0.0,0.0,0.0,0.0
2019-03-31,21,0,192,56.79,56.79,0.0,1002.124624,0.0
2019-03-31,21,0,194,70.29,70.29,0.0,1247.531044,0.0
2019-03-31,21,0,196,0.0,0.0,0.0,0.0,0.0
2019-03-31,21,0,198,0.0,0.0,0.0,0.0,0.0
2019-03-31,21,0,199,49.88,49.88,0.0,829.399944,0.0
2019-03-31,21,0,200,0.0,0.0,0.0,0.0,0.0
2019-03-31,21,0,204,342.58,342.58,0.0,6985.304966,0.0
2019-03-31,21,0,205,156.85,156.85,0.0,3212.408569,0.0
2019-03-31,21,0,206,211.64,211.64,0.0,4105.187101,0.0
2019-03-31,21,0,210,0.0,0.0,0.0,0.0,0.0
2019-03-31,21,0,214,0.0,0.0,0.0,0.0,0.0
2019-03-31,21,0,217,0.0,0.0,0.0,0.0,0.0
2019-03-31,21,0,218,0.0,0.0,0.0,0.0,0.0
2019-03-31,21,0,219,0.0,0.0,0.0,0.0,0.0
2019-03-31,21,0,221,0.0,0.0,0.0,0.0,0.0
2019-03-31,21,0,225,0.0,0.0,0.0,0.0,0.0
2019-03-31,21,0,233,0.0,0.0,0.0,0.0,0.0
2019-03-31,21,0,236,18.85,18.85,0.0,416.099332,0.0
2019-03-31,21,0,237,32.92,32.92,0.0,709.602406,0.0
2019-03-31,21,0,238,0.0,0.0,0.0,0.0,0.0
2019-03-31,21,0,240,0.0,0.0,0.0,0.0,0.0
2019-03-31,21,0,245,119.34,119.34,0.0,2624.615772,0.0
2019-03-31,21,0,247,20.48,20.48,0.0,450.411689,0.0
2019-03-31,21,0,248,3.3,3.3,0.0,71.132684,0.0
2019-03-31,21,0,249,229.5,229.5,0.0,5047.338024,0.0
2019-03-31,21,0,251,88.24,88.24,0.0,1755.459831,0.0
2019-03-31,21,0,252,80.1,80.1,0.0,1502.125798,0.0
2019-03-31,21,0,254,0.0,0.0,0.0,0.0,0.0
2019-03-31,21,0,255,0.0,0.0,0.0,0.0,0.0
2019-03-31,21,0,258,0.0,0.0,0.0,0.0,0.0
2019-03-31,21,0,260,0.0,0.0,0.0,0.0,0.0
2019-03-31,21,0,265,0.0,0.0,0.0,0.0,0.0
2019-03-31,21,0,266,27.32,27.32,0.0,551.524252,0.0
2019-03-31,21,0,267,34.11,34.11,0.0,688.597812,0.0
2019-03-31,21,0,270,196.23,196.23,0.0,3485.213707,0.0
2019-03-31,21,0,272,117.21,117.21,0.0,2102.167075,0.0
2019-03-31,21,0,273,0.0,0.0,0.0,0.0,0.0
2019-03-31,21,0,274,252.96,252.96,0.0,4492.787338,0.0
2019-03-31,21,0,275,352.13,352.13,0.0,6254.1319,0.0
2019-03-31,21,0,276,0.0,0.0,0.0,0.0,0.0
2019-03-31,21,0,277,0.0,0.0,0.0,0.0,0.0
2019-03-31,21,0,278,0.0,0.0,0.0,0.0,0.0
2019-03-31,21,0,279,259.27,259.27,0.0,4676.724247,0.0
2019-03-31,21,0,281,16.83,16.83,0.0,326.680793,0.0
2019-03-31,21,0,282,0.0,0.0,0.0,0.0,0.0
2019-03-31,22,0,9,0.0,0.0,0.0,0.0,0.0
2019-03-31,22,0,17,0.0,0.0,0.0,0.0,0.0
2019-03-31,22,0,19,313.64,313.64,0.0,6600.012109,0.0
2019-03-31,22,0,20,380.38,380.38,0.0,8004.440141,0.0
2019-03-31,22,0,21,0.0,0.0,0.0,0.0,0.0
2019-03-31,22,0,22,0.0,0.0,0.0,0.0,0.0
2019-03-31,22,0,23,30.25,30.25,0.0,558.611051,0.0
2019-03-31,22,0,24,53.52,53.52,0.0,988.326064,0.0
2019-03-31,22,0,29,0.0,0.0,0.0,0.0,0.0
2019-03-31,22,0,30,0.0,0.0,0.0,0.0,0.0
2019-03-31,22,0,31,25.76,25.76,0.0,475.424821,0.0
2019-03-31,22,0,32,0.0,0.0,0.0,0.0,0.0
2019-03-31,22,0,33,0.0,0.0,0.0,0.0,0.0
2019-03-31,22,0,34,0.0,0.0,0.0,0.0,0.0
2019-03-31,22,0,35,0.0,0.0,0.0,0.0,0.0
2019-03-31,22,0,36,0.0,0.0,0.0,0.0,0.0
2019-03-31,22,0,37,0.0,0.0,0.0,0.0,0.0
2019-03-31,22,0,38,0.0,0.0,0.0,0.0,0.0
2019-03-31,22,0,39,0.0,0.0,0.0,0.0,0.0
2019-03-31,22,0,40,0.0,0.0,0.0,0.0,0.0
2019-03-31,22,0,41,24.55,24.55,0.0,468.582383,0.0
2019-03-31,22,0,42,0.0,0.0,0.0,0.0,0.0
2019-03-31,22,0,43,0.0,0.0,0.0,0.0,0.0
2019-03-31,22,0,46,0.0,0.0,0.0,0.0,0.0
2019-03-31,22,0,52,27.31,27.31,0.0,504.031517,0.0
2019-03-31,22,0,53,43.38,43.38,0.0,800.618352,0.0
2019-03-31,22,0,55,263.03,263.03,0.0,4857.238504,0.0
2019-03-31,22,0,56,0.0,0.0,0.0,0.0,0.0
2019-03-31,22,0,57,0.0,0.0,0.0,0.0,0.0
2019-03-31,22,0,58,0.0,0.0,0.0,0.0,0.0
2019-03-31,22,0,59,0.0,0.0,0.0,0.0,0.0
2019-03-31,22,0,63,32.38,32.38,0.0,551.282557,0.0
2019-03-31,22,0,64,38.1,38.1,0.0,648.667863,0.0
2019-03-31,22,0,65,9.09,9.09,0.0,191.006716,0.0
2019-03-31,22,0,67,0.0,0.0,0.0,0.0,0.0
2019-03-31,22,0,68,1.13,1.13,0.0,19.608735,0.0
2019-03-31,22,0,69,0.0,0.0,0.0,0.0,0.0
2019-03-31,22,0,74,8.55,8.55,0.0,172.727974,0.0
2019-03-31,22,0,77,31.45,31.45,0.0,549.365768,0.0
2019-03-31,22,0,78,23.78,23.78,0.0,415.386898,0.0
2019-03-31,22,0,79,13.76,13.76,0.0,240.358441,0.0
2019-03-31,22,0,80,22.25,22.25,0.0,388.660996,0.0
2019-03-31,22,0,81,29.09,29.09,0.0,508.1415,0.0
2019-03-31,22,0,82,20.52,20.52,0.0,358.441512,0.0
2019-03-31,22,0,83,45.76,45.76,0.0,799.331559,0.0
2019-03-31,22,0,84,0.0,0.0,0.0,0.0,0.0
2019-03-31,22,0,86,0.0,0.0,0.0,0.0,0.0
2019-03-31,22,0,87,0.0,0.0,0.0,0.0,0.0
2019-03-31,22,0,88,30.07,30.07,0.0,525.260052,0.0
2019-03-31,22,0,89,28.9,28.9,0.0,504.822597,0.0
2019-03-31,22,0,90,38.81,38.81,0.0,677.929585,0.0
2019-03-31,22,0,91,138.43,138.43,0.0,2418.082773,0.0
2019-03-31,22,0,92,49.79,49.79,0.0,869.727236,0.0
2019-03-31,22,0,95,26.66,26.66,0.0,452.403693,0.0
2019-03-31,22,0,96,4.37,4.37,0.0,80.604249,0.0
2019-03-31,22,0,97,26.89,26.89,0.0,495.983584,0.0
2019-03-31,22,0,99,1.65,1.65,0.0,33.333469,0.0
2019-03-31,22,0,101,0.0,0.0,0.0,0.0,0.0
2019-03-31,22,0,102,2.68,2.68,0.0,46.505671,0.0
2019-03-31,22,0,103,2.33,2.33,0.0,40.432169,0.0
2019-03-31,22,0,104,0.43,0.43,0.0,7.461731,0.0
2019-03-31,22,0,106,0.0,0.0,0.0,0.0,0.0
2019-03-31,22,0,109,30.93,30.93,0.0,597.658495,0.0
2019-03-31,22,0,110,45.86,45.86,0.0,785.050137,0.0
2019-03-31,22,0,111,0.0,0.0,0.0,0.0,0.0
2019-03-31,22,0,113,27.94,27.94,0.0,482.233993,0.0
2019-03-31,22,0,115,27.94,27.94,0.0,482.233993,0.0
2019-03-31,22,0,116,0.0,0.0,0.0,0.0,0.0
2019-03-31,22,0,117,1.86,1.86,0.0,32.102907,0.0
2019-03-31,22,0,119,38.1,38.1,0.0,648.667863,0.0
2019-03-31,22,0,120,22.4,22.4,0.0,381.369033,0.0
2019-03-31,22,0,123,0.0,0.0,0.0,0.0,0.0
2019-03-31,22,0,125,48.43,48.43,0.0,894.331676,0.0
2019-03-31,22,0,126,0.0,0.0,0.0,0.0,0.0
2019-03-31,22,0,127,0.0,0.0,0.0,0.0,0.0
2019-03-31,22,0,128,69.37,69.37,0.0,1281.019789,0.0
2019-03-31,22,0,131,4.02,4.02,0.0,69.820471,0.0
2019-03-31,22,0,132,5.92,5.92,0.0,102.820195,0.0
2019-03-31,22,0,133,36.32,36.32,0.0,764.395809,0.0
2019-03-31,22,0,134,0.0,0.0,0.0,0.0,0.0
2019-03-31,22,0,135,48.67,48.67,0.0,1024.31564,0.0
2019-03-31,22,0,136,14.57,14.57,0.0,306.132738,0.0
2019-03-31,22,0,139,31.7,31.7,0.0,605.053423,0.0
2019-03-31,22,0,140,33.94,33.94,0.0,580.998728,0.0
2019-03-31,22,0,141,94.47,94.47,0.0,1633.872602,0.0
2019-03-31,22,0,142,0.0,0.0,0.0,0.0,0.0
2019-03-31,22,0,143,57.61,57.61,0.0,1063.246272,0.0
2019-03-31,22,0,145,14.91,14.91,0.0,279.996052,0.0
2019-03-31,22,0,146,56.23,56.23,0.0,962.568016,0.0
2019-03-31,22,0,152,0.0,0.0,0.0,0.0,0.0
2019-03-31,22,0,153,0.0,0.0,0.0,0.0,0.0
2019-03-31,22,0,154,0.0,0.0,0.0,0.0,0.0
2019-03-31,22,0,157,73.74,73.74,0.0,1275.34419,0.0
2019-03-31,22,0,158,0.0,0.0,0.0,0.0,0.0
2019-03-31,22,0,159,0.0,0.0,0.0,0.0,0.0
2019-03-31,22,0,160,0.0,0.0,0.0,0.0,0.0
2019-03-31,22,0,161,0.0,0.0,0.0,0.0,0.0
2019-03-31,22,0,162,18.89,18.89,0.0,320.569503,0.0
2019-03-31,22,0,163,27.74,27.74,0.0,474.864605,0.0
2019-03-31,22,0,164,0.0,0.0,0.0,0.0,0.0
2019-03-31,22,0,167,0.0,0.0,0.0,0.0,0.0
2019-03-31,22,0,168,0.0,0.0,0.0,0.0,0.0
2019-03-31,22,0,169,0.0,0.0,0.0,0.0,0.0
2019-03-31,22,0,170,0.0,0.0,0.0,0.0,0.0
2019-03-31,22,0,172,0.0,0.0,0.0,0.0,0.0
2019-03-31,22,0,173,0.0,0.0,0.0,0.0,0.0
2019-03-31,22,0,188,0.0,0.0,0.0,0.0,0.0
2019-03-31,22,0,190,0.0,0.0,0.0,0.0,0.0
2019-03-31,22,0,191,0.0,0.0,0.0,0.0,0.0
2019-03-31,22,0,192,20.77,20.77,0.0,353.617625,0.0
2019-03-31,22,0,194,31.26,31.26,0.0,534.804157,0.0
2019-03-31,22,0,196,0.0,0.0,0.0,0.0,0.0
2019-03-31,22,0,198,0.0,0.0,0.0,0.0,0.0
2019-03-31,22,0,199,26.78,26.78,0.0,433.832747,0.0
2019-03-31,22,0,200,0.0,0.0,0.0,0.0,0.0
2019-03-31,22,0,204,172.71,172.71,0.0,3324.542872,0.0
2019-03-31,22,0,205,153.89,153.89,0.0,2973.607042,0.0
2019-03-31,22,0,206,79.01,79.01,0.0,1457.332203,0.0
2019-03-31,22,0,210,0.0,0.0,0.0,0.0,0.0
2019-03-31,22,0,214,0.0,0.0,0.0,0.0,0.0
2019-03-31,22,0,217,0.0,0.0,0.0,0.0,0.0
2019-03-31,22,0,218,0.0,0.0,0.0,0.0,0.0
2019-03-31,22,0,219,0.0,0.0,0.0,0.0,0.0
2019-03-31,22,0,221,0.0,0.0,0.0,0.0,0.0
2019-03-31,22,0,225,0.0,0.0,0.0,0.0,0.0
2019-03-31,22,0,233,0.0,0.0,0.0,0.0,0.0
2019-03-31,22,0,236,7.49,7.49,0.0,154.442421,0.0
2019-03-31,22,0,237,20.52,20.52,0.0,414.547138,0.0
2019-03-31,22,0,238,0.0,0.0,0.0,0.0,0.0
2019-03-31,22,0,240,0.0,0.0,0.0,0.0,0.0
2019-03-31,22,0,245,63.63,63.63,0.0,1346.104311,0.0
2019-03-31,22,0,247,6.49,6.49,0.0,137.297139,0.0
2019-03-31,22,0,248,2.06,2.06,0.0,41.616331,0.0
2019-03-31,22,0,249,122.36,122.36,0.0,2588.548223,0.0
2019-03-31,22,0,251,139.77,139.77,0.0,2929.980963,0.0
2019-03-31,22,0,252,58.61,58.61,0.0,1231.562557,0.0
2019-03-31,22,0,254,0.0,0.0,0.0,0.0,0.0
2019-03-31,22,0,255,0.0,0.0,0.0,0.0,0.0
2019-03-31,22,0,258,0.0,0.0,0.0,0.0,0.0
2019-03-31,22,0,260,0.0,0.0,0.0,0.0,0.0
2019-03-31,22,0,265,0.0,0.0,0.0,0.0,0.0
2019-03-31,22,0,266,20.53,20.53,0.0,391.853211,0.0
2019-03-31,22,0,267,25.22,25.22,0.0,481.370578,0.0
2019-03-31,22,0,270,86.65,86.65,0.0,1483.309951,0.0
2019-03-31,22,0,272,93.37,93.37,0.0,1611.531422,0.0
2019-03-31,22,0,273,0.0,0.0,0.0,0.0,0.0
2019-03-31,22,0,274,111.7,111.7,0.0,1912.126042,0.0
2019-03-31,22,0,275,155.49,155.49,0.0,2661.741077,0.0
2019-03-31,22,0,276,0.0,0.0,0.0,0.0,0.0
2019-03-31,22,0,277,0.0,0.0,0.0,0.0,0.0
2019-03-31,22,0,278,0.0,0.0,0.0,0.0,0.0
2019-03-31,22,0,279,43.28,43.28,0.0,750.610723,0.0
2019-03-31,22,0,281,11.56,11.56,0.0,213.35058,0.0
2019-03-31,22,0,282,0.0,0.0,0.0,0.0,0.0
2019-03-31,23,0,9,0.0,0.0,0.0,0.0,0.0
2019-03-31,23,0,17,0.0,0.0,0.0,0.0,0.0
2019-03-31,23,0,19,337.87,337.87,0.0,6855.39168,0.0
2019-03-31,23,0,20,409.77,409.77,0.0,8314.244677,0.0
2019-03-31,23,0,21,0.0,0.0,0.0,0.0,0.0
2019-03-31,23,0,22,0.0,0.0,0.0,0.0,0.0
2019-03-31,23,0,23,22.38,22.38,0.0,413.314414,0.0
2019-03-31,23,0,24,39.6,39.6,0.0,731.333816,0.0
2019-03-31,23,0,29,0.0,0.0,0.0,0.0,0.0
2019-03-31,23,0,30,0.0,0.0,0.0,0.0,0.0
2019-03-31,23,0,31,20.31,20.31,0.0,374.839989,0.0
2019-03-31,23,0,32,0.0,0.0,0.0,0.0,0.0
2019-03-31,23,0,33,0.0,0.0,0.0,0.0,0.0
2019-03-31,23,0,34,0.0,0.0,0.0,0.0,0.0
2019-03-31,23,0,35,0.0,0.0,0.0,0.0,0.0
2019-03-31,23,0,36,0.0,0.0,0.0,0.0,0.0
2019-03-31,23,0,37,0.0,0.0,0.0,0.0,0.0
2019-03-31,23,0,38,0.0,0.0,0.0,0.0,0.0
2019-03-31,23,0,39,0.0,0.0,0.0,0.0,0.0
2019-03-31,23,0,40,0.0,0.0,0.0,0.0,0.0
2019-03-31,23,0,41,23.3,23.3,0.0,446.872539,0.0
2019-03-31,23,0,42,0.0,0.0,0.0,0.0,0.0
2019-03-31,23,0,43,0.0,0.0,0.0,0.0,0.0
2019-03-31,23,0,46,0.0,0.0,0.0,0.0,0.0
2019-03-31,23,0,52,21.53,21.53,0.0,397.356227,0.0
2019-03-31,23,0,53,34.21,34.21,0.0,631.377451,0.0
2019-03-31,23,0,55,324.26,324.26,0.0,5988.441999,0.0
2019-03-31,23,0,56,0.0,0.0,0.0,0.0,0.0
2019-03-31,23,0,57,0.0,0.0,0.0,0.0,0.0
2019-03-31,23,0,58,0.0,0.0,0.0,0.0,0.0
2019-03-31,23,0,59,0.0,0.0,0.0,0.0,0.0
2019-03-31,23,0,63,29.71,29.71,0.0,499.599678,0.0
2019-03-31,23,0,64,34.96,34.96,0.0,587.883027,0.0
2019-03-31,23,0,65,9.69,9.69,0.0,201.709312,0.0
2019-03-31,23,0,67,0.0,0.0,0.0,0.0,0.0
2019-03-31,23,0,68,0.76,0.76,0.0,13.065386,0.0
2019-03-31,23,0,69,0.0,0.0,0.0,0.0,0.0
2019-03-31,23,0,74,5.92,5.92,0.0,121.102492,0.0
2019-03-31,23,0,77,21.36,21.36,0.0,370.023469,0.0
2019-03-31,23,0,78,16.15,16.15,0.0,279.769617,0.0
2019-03-31,23,0,79,9.35,9.35,0.0,161.971883,0.0
2019-03-31,23,0,80,15.11,15.11,0.0,261.753493,0.0
2019-03-31,23,0,81,19.76,19.76,0.0,342.306355,0.0
2019-03-31,23,0,82,13.94,13.94,0.0,241.485354,0.0
2019-03-31,23,0,83,31.08,31.08,0.0,538.404935,0.0
2019-03-31,23,0,84,0.0,0.0,0.0,0.0,0.0
2019-03-31,23,0,86,0.0,0.0,0.0,0.0,0.0
2019-03-31,23,0,87,0.0,0.0,0.0,0.0,0.0
2019-03-31,23,0,88,22.25,22.25,0.0,385.441113,0.0
2019-03-31,23,0,89,21.39,21.39,0.0,370.543164,0.0
2019-03-31,23,0,90,28.72,28.72,0.0,497.522192,0.0
2019-03-31,23,0,91,102.43,102.43,0.0,1774.414976,0.0
2019-03-31,23,0,92,36.84,36.84,0.0,638.186544,0.0
2019-03-31,23,0,95,25.93,25.93,0.0,434.370237,0.0
2019-03-31,23,0,96,3.65,3.65,0.0,67.318023,0.0
2019-03-31,23,0,97,22.47,22.47,0.0,414.420816,0.0
2019-03-31,23,0,99,1.14,1.14,0.0,23.320412,0.0
2019-03-31,23,0,101,0.0,0.0,0.0,0.0,0.0
2019-03-31,23,0,102,1.79,1.79,0.0,30.772423,0.0
2019-03-31,23,0,103,1.56,1.56,0.0,26.818424,0.0
2019-03-31,23,0,104,0.29,0.29,0.0,4.985476,0.0
2019-03-31,23,0,106,0.0,0.0,0.0,0.0,0.0
2019-03-31,23,0,109,26.73,26.73,0.0,519.899537,0.0
2019-03-31,23,0,110,35.12,35.12,0.0,594.318262,0.0
2019-03-31,23,0,111,0.0,0.0,0.0,0.0,0.0
2019-03-31,23,0,113,21.37,21.37,0.0,365.093774,0.0
2019-03-31,23,0,115,21.37,21.37,0.0,365.093774,0.0
2019-03-31,23,0,116,0.0,0.0,0.0,0.0,0.0
2019-03-31,23,0,117,1.42,1.42,0.0,24.259858,0.0
2019-03-31,23,0,119,34.96,34.96,0.0,587.883027,0.0
2019-03-31,23,0,120,20.56,20.56,0.0,345.734412,0.0
2019-03-31,23,0,123,0.0,0.0,0.0,0.0,0.0
2019-03-31,23,0,125,35.83,35.83,0.0,661.709359,0.0
2019-03-31,23,0,126,0.0,0.0,0.0,0.0,0.0
2019-03-31,23,0,127,0.0,0.0,0.0,0.0,0.0
2019-03-31,23,0,128,51.32,51.32,0.0,947.779077,0.0
2019-03-31,23,0,131,2.67,2.67,0.0,45.947948,0.0
2019-03-31,23,0,132,3.92,3.92,0.0,67.459159,0.0
2019-03-31,23,0,133,44.15,44.15,0.0,949.341447,0.0
2019-03-31,23,0,134,0.0,0.0,0.0,0.0,0.0
2019-03-31,23,0,135,59.16,59.16,0.0,1272.096036,0.0
2019-03-31,23,0,136,15.56,15.56,0.0,324.3501,0.0
2019-03-31,23,0,139,30.09,30.09,0.0,577.098485,0.0
2019-03-31,23,0,140,25.99,25.99,0.0,439.815821,0.0
2019-03-31,23,0,141,61.65,61.65,0.0,1055.76424,0.0
2019-03-31,23,0,142,0.0,0.0,0.0,0.0,0.0
2019-03-31,23,0,143,43.34,43.34,0.0,799.880115,0.0
2019-03-31,23,0,145,3.98,3.98,0.0,74.92924,0.0
2019-03-31,23,0,146,44.5,44.5,0.0,753.051328,0.0
2019-03-31,23,0,152,0.0,0.0,0.0,0.0,0.0
2019-03-31,23,0,153,0.0,0.0,0.0,0.0,0.0
2019-03-31,23,0,154,0.0,0.0,0.0,0.0,0.0
2019-03-31,23,0,157,49.27,49.27,0.0,843.755136,0.0
2019-03-31,23,0,158,0.0,0.0,0.0,0.0,0.0
2019-03-31,23,0,159,0.0,0.0,0.0,0.0,0.0
2019-03-31,23,0,160,0.0,0.0,0.0,0.0,0.0
2019-03-31,23,0,161,0.0,0.0,0.0,0.0,0.0
2019-03-31,23,0,162,9.4,9.4,0.0,157.475704,0.0
2019-03-31,23,0,163,20.87,20.87,0.0,353.172612,0.0
2019-03-31,23,0,164,0.0,0.0,0.0,0.0,0.0
2019-03-31,23,0,167,0.0,0.0,0.0,0.0,0.0
2019-03-31,23,0,168,0.0,0.0,0.0,0.0,0.0
2019-03-31,23,0,169,0.0,0.0,0.0,0.0,0.0
2019-03-31,23,0,170,0.0,0.0,0.0,0.0,0.0
2019-03-31,23,0,172,0.0,0.0,0.0,0.0,0.0
2019-03-31,23,0,173,0.0,0.0,0.0,0.0,0.0
2019-03-31,23,0,188,0.0,0.0,0.0,0.0,0.0
2019-03-31,23,0,190,0.0,0.0,0.0,0.0,0.0
2019-03-31,23,0,191,0.0,0.0,0.0,0.0,0.0
2019-03-31,23,0,192,18.12,18.12,0.0,304.703674,0.0
2019-03-31,23,0,194,29.59,29.59,0.0,500.392551,0.0
2019-03-31,23,0,196,0.0,0.0,0.0,0.0,0.0
2019-03-31,23,0,198,0.0,0.0,0.0,0.0,0.0
2019-03-31,23,0,199,16.61,16.61,0.0,263.591364,0.0
2019-03-31,23,0,200,0.0,0.0,0.0,0.0,0.0
2019-03-31,23,0,204,120.55,120.55,0.0,2334.528602,0.0
2019-03-31,23,0,205,141.39,141.39,0.0,2750.040984,0.0
2019-03-31,23,0,206,66.03,66.03,0.0,1217.810702,0.0
2019-03-31,23,0,210,0.0,0.0,0.0,0.0,0.0
2019-03-31,23,0,214,0.0,0.0,0.0,0.0,0.0
2019-03-31,23,0,217,0.0,0.0,0.0,0.0,0.0
2019-03-31,23,0,218,0.0,0.0,0.0,0.0,0.0
2019-03-31,23,0,219,0.0,0.0,0.0,0.0,0.0
2019-03-31,23,0,221,0.0,0.0,0.0,0.0,0.0
2019-03-31,23,0,225,0.0,0.0,0.0,0.0,0.0
2019-03-31,23,0,233,0.0,0.0,0.0,0.0,0.0
2019-03-31,23,0,236,5.15,5.15,0.0,107.820114,0.0
2019-03-31,23,0,237,14.21,14.21,0.0,290.686894,0.0
2019-03-31,23,0,238,0.0,0.0,0.0,0.0,0.0
2019-03-31,23,0,240,0.0,0.0,0.0,0.0,0.0
2019-03-31,23,0,245,75.18,75.18,0.0,1611.751405,0.0
2019-03-31,23,0,247,9.38,9.38,0.0,201.093751,0.0
2019-03-31,23,0,248,1.43,1.43,0.0,29.252798,0.0
2019-03-31,23,0,249,144.57,144.57,0.0,3099.373512,0.0
2019-03-31,23,0,251,64.33,64.33,0.0,1347.016417,0.0
2019-03-31,23,0,252,62.48,62.48,0.0,1300.598328,0.0
2019-03-31,23,0,254,0.0,0.0,0.0,0.0,0.0
2019-03-31,23,0,255,0.0,0.0,0.0,0.0,0.0
2019-03-31,23,0,258,0.0,0.0,0.0,0.0,0.0
2019-03-31,23,0,260,0.0,0.0,0.0,0.0,0.0
2019-03-31,23,0,265,0.0,0.0,0.0,0.0,0.0
2019-03-31,23,0,266,19.48,19.48,0.0,373.608457,0.0
2019-03-31,23,0,267,23.94,23.94,0.0,459.147149,0.0
2019-03-31,23,0,270,65.19,65.19,0.0,1103.17789,0.0
2019-03-31,23,0,272,71.41,71.41,0.0,1219.997493,0.0
2019-03-31,23,0,273,0.0,0.0,0.0,0.0,0.0
2019-03-31,23,0,274,84.04,84.04,0.0,1422.167048,0.0
2019-03-31,23,0,275,116.98,116.98,0.0,1979.594256,0.0
2019-03-31,23,0,276,0.0,0.0,0.0,0.0,0.0
2019-03-31,23,0,277,0.0,0.0,0.0,0.0,0.0
2019-03-31,23,0,278,0.0,0.0,0.0,0.0,0.0
2019-03-31,23,0,279,32.21,32.21,0.0,553.372352,0.0
2019-03-31,23,0,281,9.12,9.12,0.0,168.318105,0.0
2019-03-31,23,0,282,0.0,0.0,0.0,0.0,0.0
